,,1011003,LOCAL,990,RC,HC RB OB SEMI PRIVATE ROOM DIFFERENTIAL,250,47.5,inpatient,,,,,,,,,,,,,,,,,,,,,,,,,,,,,,,,,,,,,,,,,,,,,,,,,,,,,,,,,,,,,,,,,,,,,,,,,,,,,,,,,,,,,,,,,,,,,,,,,,,,,,,,,,,,,,,,,,,,,,,,,,,,,,,,,,,,,,,,,,,,,,,,,,,,,,,,,,,,,,,,,,,,,,,,,,,,,,,,,,,,,,,,,,,,,,,,,,,,,,,,,,,,,,,,,,,,,,,,,,,,,,,,,,,,,,,,,,,,,,,,,,,,,,,,,,,,,,,,,,,,,,,,,,,,,,,,,,,,,,,,,,,,,,,,,,,,,,,,,,,,,,,,,,,,,,,,,,,,,,,,,,,,,,,,,,,,,,,,,,,,,,,,,,,,,,,,,,,,,,,,,,,,,,,,,,,,,,,,,,,,,,,,,,,,,,,,,,,,,,,,,,,,,,,,,,,,,,,,,,,,,,,,,,,,,,,,,,,,,,,,,,,,,,,,,,,,,,,,,,,,,,,,,,,,,,,,,,,,,,,,,,,,,,,,,,,,,,,,,,,,,,,,,,,,,,,,,,,,,,,,,,,,,,,,,,,,,,,,,,,,,,,,,,,,,,,,,,,,,,,,,,,,,,,,,,,,,,,,,,,,,,,,,,,,,,,,,,,,,,,,,,,,,,,,,,,,,,,,,,,,,,,,,,,,,,,,,,,,,,,,,,,,,,,,,,,,,,,,,,,,,,,,,,,,,,,,,,,,,,,,,,,,,,,,,,,,,,,,,,,,,,,,,,,,,,,,,,,,,,,,,,,,,,,,,,,,,,,,,,,,,,,,,,,,,,,,,,,,,,,,,,,,,,,,,,,,,,,,,,,,,,,,,,,,,,,,,,,,,,,,,,,,,,,,,,,,,,,,,,,,,,,,,,,,,,,,,,,,,,,,,,,,,,,,,,,,,,,,,,,,,,,,,,,,,,,,,,,,,,,,,,,,,,,,,,,,,,,,,,,,,,,,,,,,,,,,,,,,,,,,,,,,,,,,,,,,,,,,,,,,,,,,,,,,,,,,,,,,,,,,,,,,,,,,,,,,,,,,,,,,,,,,,,,,,,,,,,,,,,,,,,,,,,,,,,,,,,,,,,,,,,,,,,,,,,,,,,,,,,,,,,,,,,,,,,,,,,,,,,,,,,,,,,,,,,,,,,,,,,,,,,,,,,,,,,,,,,,,,,,,,,,,,,,,,,,,,,,,,,,,,,,,,,,,,,,,,,,,,,,,,,,,,,,,,,,,,,,,,,,,,,,,,,,,,,,,,,,,,,,,,,,,,,,,,,,,,,,,,,,,,,,,,,,,,,,,,,,,,,,,,,,,,,,,,,,,,,,,,,,,,,,,,,,,,,,,,,,,,,,,,,,,,,,,,,,,,,,,,,,,,,,,,,,,,,,,,,,,,,,,,,,,,,,,,,,,,,,,,,,,,,,,,,,,,,,,,,,,,,,,,,,,,,,,,,,,,,,,,,,,,,,,,,,,,,,,,,,,,,,,,,,,,,,,,,,,,,,,,,,,,,,,,,,,,,,,,,,,,,,,,,,,,,,,,,,,,,,,,,,,,,,,,,,,,,,,,,,,,,,,,,,,,,,,,,,,,,,,,,,,,,,,,,,,,,,,,,,,,,,,,,,,,,,,,,,,,,,,,,,,,,,,,,,,,,,,,,,,,,,,,,,,,,,,,,,,,,,,,,,,,,,,,,,,,,,,,,,,,,,,,,,,,,,,,,,,,,,,,,,,,,,,,,,,,,,,,,,,,,,,,,,,,,,,,,,,,,,,,,,,,,,,,,,,,,,,,,,,,,,,,,,,,,,,,,,,,,,,,,,,,,,,,,,,,,,,,,,,,,,,,,,,,,,,,,,,,,,,,,,,,,,,,,,,,,,,,,,,,,,,,,,,,,,,,,,,,,,,,,,,,,,,,,,,,,,,,,,,,,,,,,,,,,,,,,,,,,,,,,,,,,,,,,,,,,,,,,,,,,,,,,,,,,,,,,,,,,,,,,,,,,,,,,,,,,,,,,,,,,,,,,,,,,,,,,,,,,,,,,,,,,,,,,,,,,,,,,,,,,,,,,,,,,,,,,,,,,,,,,,,,,,,,,,,,,,,,,,,,,,,,,,,,,,,,,,,,,,,,,,,,,,,,,,,,,,,,,,,,,,,,,,,,,,,,,,,,,,,,,,,,,,,,,,,,,,,,,,,,,,,,,,,,,,,,,,,,,,,,,,,,,,,,,,,,,,,,,,,,,,,,,,,,,,,,,,,,,,,,,,,,,,,,,,,,,,,,,,,,,,,,,,,,,,,,,,,,,,,,,,,,,,,,,,,,,,,,,,,,,,,,,,,,,,,,,,,,,,,,,,,,,,,,,,,,,,,,,,,,,,,,,,,,,,,,,,,,,,,,,,,,,,,,,,,,,,,,,,,,,,,,,,,,,,,,,,,,,,,,,,,,,,,,,,,,,,,,,,,,,,,,,,,,,,,,,,,,,,,,,,,,,,,,,,,,,,,,,,,,,,,,,,,,,,,,,,,,,,,,,,,,,,,,,,,,,,,,,,,,,,,,,,,,,,,,,,,,,,,,,,,,,,,,,,,,,,,,,,,,,,,,,,,,,,,,,,,,,,,,,,,,,,,,,,,,,,,,,,,,,,,,,,,,,,,,,,,,,,,,,,,,,,,,,,,,,,,,,,,,,,,,,,,,,,,,,,,,,,,,,,,,,,,,,,,,,,,,,,,,,,,,,,,,,,,,,,,,,,,,,,,,,,,,,,,,,,,,,,,,,,,,,,,,,,,,,,,,,,,,,,,,,,,,,,,,,,,,,,,,,,,,,,,,,,,,,,,,,,,,,,,,,,,,,,,,,,,,,,,,,,,,,,,,,,,,,,,,,,,,,,,,,,,,,,,,,,,,,,,,,,,,,,,,,,,,,,,,,,,,,,,,,,,,,,,,,,,,,,,,,,,,,,,,,,,,,,,,,,,,,,,,,,,,,,,,,,,,,,,,,,,,,,,,,,,,,,,,,,,,,,,,,,,,,,,,,,,,,,,,,,,,,,,,,,,,,,,,,,,,,,,,,,,,,,,,,,,,,,,,,,,,,,,,,,,,,,,,,,,,,,,,,,,,,,,,,,,,,,,,,,,,,,,,,,,,,,,,,,,,,,,,,,,,,,,,,,,,,,,,,,,,,,,,,,,,,,,,,,,,,,,,,,,,,,,,,,,,,,,,,,,,,,,,,,,,,,,,,,,,,,,,,,,,,,,,,,,,,,,,,,,,,,,,,,,,,,,,,,,,,,,,,,,,,,,,,,,,,,,,,,,,,,,,,,,,,,,,,,,,,,,,,,,,,,,,,,,,,,,,,,,,,,,,,,,,,,,,,,,,,,,,,,,,,,,,,,,,,,,,,,,,,,,,,,,,,,,,,,,,,,,,,,,,,,,,,,,,,,,,,,,,,,,,,,,,,,,,,,,,,,,,,,,,,,,,,,,,,,,,,,,,,,,,,,,,,,,,,,,,,,,,,,,,,,,,,,,,,,,,,,,,,,,,,,,,,,,,,,,,,,,,,,,,,,,,,,,,,,,,,,,,,,,,,,,,,,,,,,,,,,,,,,,,,,,,,,,,,,,,,,,,,,,,,,,,,,,,,,,,,,,,,,,,,,,,,,,,,,,,,,,,,,,,,,,,,,,,,,,,,,,,,,,,,,,,,,,,,,,,,,,,,,,,,,,,,,,,,,,,,,,,,,,,,,,,,,,,,,,,,,,,,,,,,,,,,,,,,,,,,,,,,,,,,,,,,,,,,,,,,,,,,,,,,,,,,,,,,,,,,,,,,,,,,,,,,,,,,,,,,,,,,,,,,,,,,,,,,,,,,,,,,,,,,,,,,,,,,,,,,,,,,,,,,,,,,,,,,,,,,,,,,,,,,,,,,,,,,,,,,,,,,,,,,,,,,,,,,,,,,,,,,,,,,,,,,,,,,,,,,,,,,,,,,,,,,,,,,,,,,,,,,,,,,,,,,,,,,,,,,,,,,,,,,,,,,,,,,,,,,,,,,,,,,,,,,,,,,,,,,,,,,,,,,,,,,,,,,,,,,,,,,,
,,2010033,LOCAL,361,RC,HC S/P CATHETER REPOSITIONING,1162.41,220.8579,both,,,,,,,,,,,,,,,,,,,,,,,,,,,,,,,,,,,,,,,,,,,,,,,,,,,,,,,,,,,,,,,,,,,,,,,,,,,,,,,,,,,,,,,,,,,,,,,,,,,,,,,,,,,,,,,,,,,,,,,,,,,,,,,,,,,,,,,,,,,,,,,,,,,,,,,,,,,,,,,,,,,,,,,,,,,,,,,,,,,,,,,,,,,,,,,,,,,,,,,,,,,,,,,,,,,,,,,,,,,,,,,,,,,,,,,,,,,,,,,,,,,,,,,,,,,,,,,,,,,,,,,,,,,,,,,,,,,,,,,,,,,,,,,,,,,,,,,,,,,,,,,,,,,,,,,,,,,,,,,,,,,,,,,,,,,,,,,,,,,,,,,,,,,,,,,,,,,,,,,,,,,,,,,,,,,,,,,,,,,,,,,,,,,,,,,,,,,,,,,,,,,,,,,,,,,,,,,,,,,,,,,,,,,,,,,,,,,,,,,,,,,,,,,,,,,,,,,,,,,,,,,,,,,,,,,,,,,,,,,,,,,,,,,,,,,,,,,,,,,,,,,,,,,,,,,,,,,,,,,,,,,,,,,,,,,,,,,,,,,,,,,,,,,,,,,,,,,,,,,,,,,,,,,,,,,,,,,,,,,,,,,,,,,,,,,,,,,,,,,,,,,,,,,,,,,,,,,,,,,,,,,,,,,,,,,,,,,,,,,,,,,,,,,,,,,,,,,,,,,,,,,,,,,,,,,,,,,,,,,,,,,,,,,,,,,,,,,,,,,,,,,,,,,,,,,,,,,,,,,,,,,,,,,,,,,,,,,,,,,,,,,,,,,,,,,,,,,,,,,,,,,,,,,,,,,,,,,,,,,,,,,,,,,,,,,,,,,,,,,,,,,,,,,,,,,,,,,,,,,,,,,,,,,,,,,,,,,,,,,,,,,,,,,,,,,,,,,,,,,,,,,,,,,,,,,,,,,,,,,,,,,,,,,,,,,,,,,,,,,,,,,,,,,,,,,,,,,,,,,,,,,,,,,,,,,,,,,,,,,,,,,,,,,,,,,,,,,,,,,,,,,,,,,,,,,,,,,,,,,,,,,,,,,,,,,,,,,,,,,,,,,,,,,,,,,,,,,,,,,,,,,,,,,,,,,,,,,,,,,,,,,,,,,,,,,,,,,,,,,,,,,,,,,,,,,,,,,,,,,,,,,,,,,,,,,,,,,,,,,,,,,,,,,,,,,,,,,,,,,,,,,,,,,,,,,,,,,,,,,,,,,,,,,,,,,,,,,,,,,,,,,,,,,,,,,,,,,,,,,,,,,,,,,,,,,,,,,,,,,,,,,,,,,,,,,,,,,,,,,,,,,,,,,,,,,,,,,,,,,,,,,,,,,,,,,,,,,,,,,,,,,,,,,,,,,,,,,,,,,,,,,,,,,,,,,,,,,,,,,,,,,,,,,,,,,,,,,,,,,,,,,,,,,,,,,,,,,,,,,,,,,,,,,,,,,,,,,,,,,,,,,,,,,,,,,,,,,,,,,,,,,,,,,,,,,,,,,,,,,,,,,,,,,,,,,,,,,,,,,,,,,,,,,,,,,,,,,,,,,,,,,,,,,,,,,,,,,,,,,,,,,,,,,,,,,,,,,,,,,,,,,,,,,,,,,,,,,,,,,,,,,,,,,,,,,,,,,,,,,,,,,,,,,,,,,,,,,,,,,,,,,,,,,,,,,,,,,,,,,,,,,,,,,,,,,,,,,,,,,,,,,,,,,,,,,,,,,,,,,,,,,,,,,,,,,,,,,,,,,,,,,,,,,,,,,,,,,,,,,,,,,,,,,,,,,,,,,,,,,,,,,,,,,,,,,,,,,,,,,,,,,,,,,,,,,,,,,,,,,,,,,,,,,,,,,,,,,,,,,,,,,,,,,,,,,,,,,,,,,,,,,,,,,,,,,,,,,,,,,,,,,,,,,,,,,,,,,,,,,,,,,,,,,,,,,,,,,,,,,,,,,,,,,,,,,,,,,,,,,,,,,,,,,,,,,,,,,,,,,,,,,,,,,,,,,,,,,,,,,,,,,,,,,,,,,,,,,,,,,,,,,,,,,,,,,,,,,,,,,,,,,,,,,,,,,,,,,,,,,,,,,,,,,,,,,,,,,,,,,,,,,,,,,,,,,,,,,,,,,,,,,,,,,,,,,,,,,,,,,,,,,,,,,,,,,,,,,,,,,,,,,,,,,,,,,,,,,,,,,,,,,,,,,,,,,,,,,,,,,,,,,,,,,,,,,,,,,,,,,,,,,,,,,,,,,,,,,,,,,,,,,,,,,,,,,,,,,,,,,,,,,,,,,,,,,,,,,,,,,,,,,,,,,,,,,,,,,,,,,,,,,,,,,,,,,,,,,,,,,,,,,,,,,,,,,,,,,,,,,,,,,,,,,,,,,,,,,,,,,,,,,,,,,,,,,,,,,,,,,,,,,,,,,,,,,,,,,,,,,,,,,,,,,,,,,,,,,,,,,,,,,,,,,,,,,,,,,,,,,,,,,,,,,,,,,,,,,,,,,,,,,,,,,,,,,,,,,,,,,,,,,,,,,,,,,,,,,,,,,,,,,,,,,,,,,,,,,,,,,,,,,,,,,,,,,,,,,,,,,,,,,,,,,,,,,,,,,,,,,,,,,,,,,,,,,,,,,,,,,,,,,,,,,,,,,,,,,,,,,,,,,,,,,,,,,,,,,,,,,,,,,,,,,,,,,,,,,,,,,,,,,,,,,,,,,,,,,,,,,,,,,,,,,,,,,,,,,,,,,,,,,,,,,,,,,,,,,,,,,,,,,,,,,,,,,,,,,,,,,,,,,,,,,,,,,,,,,,,,,,,,,,,,,,,,,,,,,,,,,,,,,,,,,,,,,,,,,,,,,,,,,,,,,,,,,,,,,,,,,,,,,,,,,,,,,,,,,,,,,,,,,,,,,,,,,,,,,,,,,,,,,,,,,,,,,,,,,,,,,,,,,,,,,,,,,,,,,,,,,,,,,,,,,,,,,,,,,,,,,,,,,,,,,,,,,,,,,,,,,,,,,,,,,,,,,,,,,,,,,,,,,,,,,,,,,,,,,,,,,,,,,,,,,,,,,,,,,,,,,,,,,,,,,,,,,,,,,,,,,,,,,,,,,,,,,,,,,,,,,,,,,,,,,,,,,,,,,,,,,,,,,,,,,,,,,,,,,,,,,,,,,,,,,,,,,,,,,,,,,,,,,,,,,,,,,,,,,,,,,,,,,,,,,,,,,,,,,,,,,,,,,,,,,,,,,,,,,,,,,,,,,,,,,,,,,,,,,,,,,,,,,,,,,,,,,,,,,,,,,,,,,,,,,,,,,,,,,,,,,,,,,,,,,,,,,,,,,,,,,,,,,,,,,,,,,,,,,,,,,,,,,,,,,,,,,,,,,,,,,,,,,,,,,,,,,,,,,,,,,,,,,,,,,,,,,,,,,,,,,,,,,,,,,,,,,,,,,,,,,,,,,,,,,,,,,,,,,,,,,,,,,,,,,,,,,,,,,,,,,,,,,,,,,,,,,,,,,,,,,,,,,,,,,,,,,,,,,,,,,,,,,,,,,,,,,,,,,,,,,,,,,,,,,,,,,,,,,,,,,,,,,,,,,,,,,,,,,,,,,,,,,,,,,,,,,,,,,,,,,,,,,,,,,,,,,,,,,,,,,,,,,,,,,,,,,,,,,,,,,,,,,,,,,,,,,,,,,,,,,,,,,,,,,,,,,,,,,,,,,,,,,,,,,,,,,,,,,,,,,,,,,,,,,,,,,,,,,,,,,,,,,,,,,,,,,,,,,,,,,,,,,,,,,,,,,,,,,,,,,,,,,,,,,,,,,,,,,,,,,,,,,,,,,,,,,,,,,,,,,,,,,,,,,,,,,,,,,,,,,,,,,,,,,,,,,,,,,,,,,,,,,,,,,,,,,,,,,,,,,,,,,,,,,,,,,,,,,,,,,,,,,,,,,,,,,,,,,,,,,,,,,,,,,,,,,,,,,,,,,,,,,,,,,,,,,,,,,,,,,,,,,,,,,,,,,,,,,,,,,,,,,,,,,,,,,,,,,,,,,,,,,,,,,,,,,,,,,,,,,,,,,
,,2022510,LOCAL,990,RC,HC CHILD LIFE IND. TRMNT 60 MINS,147.53,28.0307,both,,,,,,,,,,,,,,,,,,,,,,,,,,,,,,,,,,,,,,,,,,,,,,,,,,,,,,,,,,,,,,,,,,,,,,,,,,,,,,,,,,,,,,,,,,,,,,,,,,,,,,,,,,,,,,,,,,,,,,,,,,,,,,,,,,,,,,,,,,,,,,,,,,,,,,,,,,,,,,,,,,,,,,,,,,,,,,,,,,,,,,,,,,,,,,,,,,,,,,,,,,,,,,,,,,,,,,,,,,,,,,,,,,,,,,,,,,,,,,,,,,,,,,,,,,,,,,,,,,,,,,,,,,,,,,,,,,,,,,,,,,,,,,,,,,,,,,,,,,,,,,,,,,,,,,,,,,,,,,,,,,,,,,,,,,,,,,,,,,,,,,,,,,,,,,,,,,,,,,,,,,,,,,,,,,,,,,,,,,,,,,,,,,,,,,,,,,,,,,,,,,,,,,,,,,,,,,,,,,,,,,,,,,,,,,,,,,,,,,,,,,,,,,,,,,,,,,,,,,,,,,,,,,,,,,,,,,,,,,,,,,,,,,,,,,,,,,,,,,,,,,,,,,,,,,,,,,,,,,,,,,,,,,,,,,,,,,,,,,,,,,,,,,,,,,,,,,,,,,,,,,,,,,,,,,,,,,,,,,,,,,,,,,,,,,,,,,,,,,,,,,,,,,,,,,,,,,,,,,,,,,,,,,,,,,,,,,,,,,,,,,,,,,,,,,,,,,,,,,,,,,,,,,,,,,,,,,,,,,,,,,,,,,,,,,,,,,,,,,,,,,,,,,,,,,,,,,,,,,,,,,,,,,,,,,,,,,,,,,,,,,,,,,,,,,,,,,,,,,,,,,,,,,,,,,,,,,,,,,,,,,,,,,,,,,,,,,,,,,,,,,,,,,,,,,,,,,,,,,,,,,,,,,,,,,,,,,,,,,,,,,,,,,,,,,,,,,,,,,,,,,,,,,,,,,,,,,,,,,,,,,,,,,,,,,,,,,,,,,,,,,,,,,,,,,,,,,,,,,,,,,,,,,,,,,,,,,,,,,,,,,,,,,,,,,,,,,,,,,,,,,,,,,,,,,,,,,,,,,,,,,,,,,,,,,,,,,,,,,,,,,,,,,,,,,,,,,,,,,,,,,,,,,,,,,,,,,,,,,,,,,,,,,,,,,,,,,,,,,,,,,,,,,,,,,,,,,,,,,,,,,,,,,,,,,,,,,,,,,,,,,,,,,,,,,,,,,,,,,,,,,,,,,,,,,,,,,,,,,,,,,,,,,,,,,,,,,,,,,,,,,,,,,,,,,,,,,,,,,,,,,,,,,,,,,,,,,,,,,,,,,,,,,,,,,,,,,,,,,,,,,,,,,,,,,,,,,,,,,,,,,,,,,,,,,,,,,,,,,,,,,,,,,,,,,,,,,,,,,,,,,,,,,,,,,,,,,,,,,,,,,,,,,,,,,,,,,,,,,,,,,,,,,,,,,,,,,,,,,,,,,,,,,,,,,,,,,,,,,,,,,,,,,,,,,,,,,,,,,,,,,,,,,,,,,,,,,,,,,,,,,,,,,,,,,,,,,,,,,,,,,,,,,,,,,,,,,,,,,,,,,,,,,,,,,,,,,,,,,,,,,,,,,,,,,,,,,,,,,,,,,,,,,,,,,,,,,,,,,,,,,,,,,,,,,,,,,,,,,,,,,,,,,,,,,,,,,,,,,,,,,,,,,,,,,,,,,,,,,,,,,,,,,,,,,,,,,,,,,,,,,,,,,,,,,,,,,,,,,,,,,,,,,,,,,,,,,,,,,,,,,,,,,,,,,,,,,,,,,,,,,,,,,,,,,,,,,,,,,,,,,,,,,,,,,,,,,,,,,,,,,,,,,,,,,,,,,,,,,,,,,,,,,,,,,,,,,,,,,,,,,,,,,,,,,,,,,,,,,,,,,,,,,,,,,,,,,,,,,,,,,,,,,,,,,,,,,,,,,,,,,,,,,,,,,,,,,,,,,,,,,,,,,,,,,,,,,,,,,,,,,,,,,,,,,,,,,,,,,,,,,,,,,,,,,,,,,,,,,,,,,,,,,,,,,,,,,,,,,,,,,,,,,,,,,,,,,,,,,,,,,,,,,,,,,,,,,,,,,,,,,,,,,,,,,,,,,,,,,,,,,,,,,,,,,,,,,,,,,,,,,,,,,,,,,,,,,,,,,,,,,,,,,,,,,,,,,,,,,,,,,,,,,,,,,,,,,,,,,,,,,,,,,,,,,,,,,,,,,,,,,,,,,,,,,,,,,,,,,,,,,,,,,,,,,,,,,,,,,,,,,,,,,,,,,,,,,,,,,,,,,,,,,,,,,,,,,,,,,,,,,,,,,,,,,,,,,,,,,,,,,,,,,,,,,,,,,,,,,,,,,,,,,,,,,,,,,,,,,,,,,,,,,,,,,,,,,,,,,,,,,,,,,,,,,,,,,,,,,,,,,,,,,,,,,,,,,,,,,,,,,,,,,,,,,,,,,,,,,,,,,,,,,,,,,,,,,,,,,,,,,,,,,,,,,,,,,,,,,,,,,,,,,,,,,,,,,,,,,,,,,,,,,,,,,,,,,,,,,,,,,,,,,,,,,,,,,,,,,,,,,,,,,,,,,,,,,,,,,,,,,,,,,,,,,,,,,,,,,,,,,,,,,,,,,,,,,,,,,,,,,,,,,,,,,,,,,,,,,,,,,,,,,,,,,,,,,,,,,,,,,,,,,,,,,,,,,,,,,,,,,,,,,,,,,,,,,,,,,,,,,,,,,,,,,,,,,,,,,,,,,,,,,,,,,,,,,,,,,,,,,,,,,,,,,,,,,,,,,,,,,,,,,,,,,,,,,,,,,,,,,,,,,,,,,,,,,,,,,,,,,,,,,,,,,,,,,,,,,,,,,,,,,,,,,,,,,,,,,,,,,,,,,,,,,,,,,,,,,,,,,,,,,,,,,,,,,,,,,,,,,,,,,,,,,,,,,,,,,,,,,,,,,,,,,,,,,,,,,,,,,,,,,,,,,,,,,,,,,,,,,,,,,,,,,,,,,,,,,,,,,,,,,,,,,,,,,,,,,,,,,,,,,,,,,,,,,,,,,,,,,,,,,,,,,,,,,,,,,,,,,,,,,,,,,,,,,,,,,,,,,,,,,,,,,,,,,,,,,,,,,,,,,,,,,,,,,,,,,,,,,,,,,,,,,,,,,,,,,,,,,,,,,,,,,,,,,,,,,,,,,,,,,,,,,,,,,,,,,,,,,,,,,,,,,,,,,,,,,,,,,,,,,,,,,,,,,,,,,,,,,,,,,,,,,,,,,,,,,,,,,,,,,,,,,,,,,,,,,,,,,,,,,,,,,,,,,,,,,,,,,,,,,,,,,,,,,,,,,,,,,,,,,,,,,,,,,,,,,,,,,,,,,,,,,,,,,,,,,,,,,,,,,,,,,,,,,,,,,,,,,,,,,,,,,,,,,,,,,,,,,,,,,,,,,,,,,,,,,,,,,,,,,,,,,,,,,,,,,,,,,,,,,,,,,,,,,,,,,,,,,,,,,,,,,,,,,,,,,,,,,,,,,,,,,,,,,,,,,,,,,,,,,,,,,,,,,,,,,,,,,,,,,,,,,,,,,,,,,,,,,,,,,,,,,,,,,,,,,,,,,,,,,,,,,,,,,,,,,,,,,,,,,,,,,,,,,,,,,,,,,,,,,,,,,,,,,,,,,,,,,,,,,,,,,,,,,,,,,,,,,,,,,,,,,,,,,,,,,,,,,,,,,,,,,,,,,,,,,,,,,,,,,,,,,,,,,,,,,,,,,,,,,,,,,,,,,,,,,,,,,,,,,,,,,,,,,,,,,,,,,,,,,,,,,,,,,,,,,,,,,,,,,,,,,,,,,,,,,,,,,,,,,,,,,,,,,,,,,,,,,,,,,,,,,,,,,,,,,,,,,,,,,,,,,,,,,,,,,,,,,,,,,,,,,,,,,,,,,,,,,,,,,,,,,,,,,,,,,,,,,,,,,,,,,,,,,,,,,,,,,,,,,,,,,,,,,,,,,,,,,,,,,,,,,,,,,,,,,,,,,,,,,,,,,,,,,,,,,,,,,,,,,,,,,,,,,,,,,,,,,,
,,2022976,LOCAL,370,RC,"HC ANES ANESTHESIA INPT TIME 1-2 HRS, CHG",279.08,53.0252,both,,,,,,,,,,,,,,,,,,,,,,,,,,,,,,,,,,,,,,,,,,,,,,,,,,,,,,,,,,,,,,,,,,,,,,,,,,,,,,,,,,,,,,,,,,,,,,,,,,,,,,,,,,,,,,,,,,,,,,,,,,,,,,,,,,,,,,,,,,,,,,,,,,,,,,,,,,,,,,,,,,,,,,,,,,,,,,,,,,,,,,,,,,,,,,,,,,,,,,,,,,,,,,,,,,,,,,,,,,,,,,,,,,,,,,,,,,,,,,,,,,,,,,,,,,,,,,,,,,,,,,,,,,,,,,,,,,,,,,,,,,,,,,,,,,,,,,,,,,,,,,,,,,,,,,,,,,,,,,,,,,,,,,,,,,,,,,,,,,,,,,,,,,,,,,,,,,,,,,,,,,,,,,,,,,,,,,,,,,,,,,,,,,,,,,,,,,,,,,,,,,,,,,,,,,,,,,,,,,,,,,,,,,,,,,,,,,,,,,,,,,,,,,,,,,,,,,,,,,,,,,,,,,,,,,,,,,,,,,,,,,,,,,,,,,,,,,,,,,,,,,,,,,,,,,,,,,,,,,,,,,,,,,,,,,,,,,,,,,,,,,,,,,,,,,,,,,,,,,,,,,,,,,,,,,,,,,,,,,,,,,,,,,,,,,,,,,,,,,,,,,,,,,,,,,,,,,,,,,,,,,,,,,,,,,,,,,,,,,,,,,,,,,,,,,,,,,,,,,,,,,,,,,,,,,,,,,,,,,,,,,,,,,,,,,,,,,,,,,,,,,,,,,,,,,,,,,,,,,,,,,,,,,,,,,,,,,,,,,,,,,,,,,,,,,,,,,,,,,,,,,,,,,,,,,,,,,,,,,,,,,,,,,,,,,,,,,,,,,,,,,,,,,,,,,,,,,,,,,,,,,,,,,,,,,,,,,,,,,,,,,,,,,,,,,,,,,,,,,,,,,,,,,,,,,,,,,,,,,,,,,,,,,,,,,,,,,,,,,,,,,,,,,,,,,,,,,,,,,,,,,,,,,,,,,,,,,,,,,,,,,,,,,,,,,,,,,,,,,,,,,,,,,,,,,,,,,,,,,,,,,,,,,,,,,,,,,,,,,,,,,,,,,,,,,,,,,,,,,,,,,,,,,,,,,,,,,,,,,,,,,,,,,,,,,,,,,,,,,,,,,,,,,,,,,,,,,,,,,,,,,,,,,,,,,,,,,,,,,,,,,,,,,,,,,,,,,,,,,,,,,,,,,,,,,,,,,,,,,,,,,,,,,,,,,,,,,,,,,,,,,,,,,,,,,,,,,,,,,,,,,,,,,,,,,,,,,,,,,,,,,,,,,,,,,,,,,,,,,,,,,,,,,,,,,,,,,,,,,,,,,,,,,,,,,,,,,,,,,,,,,,,,,,,,,,,,,,,,,,,,,,,,,,,,,,,,,,,,,,,,,,,,,,,,,,,,,,,,,,,,,,,,,,,,,,,,,,,,,,,,,,,,,,,,,,,,,,,,,,,,,,,,,,,,,,,,,,,,,,,,,,,,,,,,,,,,,,,,,,,,,,,,,,,,,,,,,,,,,,,,,,,,,,,,,,,,,,,,,,,,,,,,,,,,,,,,,,,,,,,,,,,,,,,,,,,,,,,,,,,,,,,,,,,,,,,,,,,,,,,,,,,,,,,,,,,,,,,,,,,,,,,,,,,,,,,,,,,,,,,,,,,,,,,,,,,,,,,,,,,,,,,,,,,,,,,,,,,,,,,,,,,,,,,,,,,,,,,,,,,,,,,,,,,,,,,,,,,,,,,,,,,,,,,,,,,,,,,,,,,,,,,,,,,,,,,,,,,,,,,,,,,,,,,,,,,,,,,,,,,,,,,,,,,,,,,,,,,,,,,,,,,,,,,,,,,,,,,,,,,,,,,,,,,,,,,,,,,,,,,,,,,,,,,,,,,,,,,,,,,,,,,,,,,,,,,,,,,,,,,,,,,,,,,,,,,,,,,,,,,,,,,,,,,,,,,,,,,,,,,,,,,,,,,,,,,,,,,,,,,,,,,,,,,,,,,,,,,,,,,,,,,,,,,,,,,,,,,,,,,,,,,,,,,,,,,,,,,,,,,,,,,,,,,,,,,,,,,,,,,,,,,,,,,,,,,,,,,,,,,,,,,,,,,,,,,,,,,,,,,,,,,,,,,,,,,,,,,,,,,,,,,,,,,,,,,,,,,,,,,,,,,,,,,,,,,,,,,,,,,,,,,,,,,,,,,,,,,,,,,,,,,,,,,,,,,,,,,,,,,,,,,,,,,,,,,,,,,,,,,,,,,,,,,,,,,,,,,,,,,,,,,,,,,,,,,,,,,,,,,,,,,,,,,,,,,,,,,,,,,,,,,,,,,,,,,,,,,,,,,,,,,,,,,,,,,,,,,,,,,,,,,,,,,,,,,,,,,,,,,,,,,,,,,,,,,,,,,,,,,,,,,,,,,,,,,,,,,,,,,,,,,,,,,,,,,,,,,,,,,,,,,,,,,,,,,,,,,,,,,,,,,,,,,,,,,,,,,,,,,,,,,,,,,,,,,,,,,,,,,,,,,,,,,,,,,,,,,,,,,,,,,,,,,,,,,,,,,,,,,,,,,,,,,,,,,,,,,,,,,,,,,,,,,,,,,,,,,,,,,,,,,,,,,,,,,,,,,,,,,,,,,,,,,,,,,,,,,,,,,,,,,,,,,,,,,,,,,,,,,,,,,,,,,,,,,,,,,,,,,,,,,,,,,,,,,,,,,,,,,,,,,,,,,,,,,,,,,,,,,,,,,,,,,,,,,,,,,,,,,,,,,,,,,,,,,,,,,,,,,,,,,,,,,,,,,,,,,,,,,,,,,,,,,,,,,,,,,,,,,,,,,,,,,,,,,,,,,,,,,,,,,,,,,,,,,,,,,,,,,,,,,,,,,,,,,,,,,,,,,,,,,,,,,,,,,,,,,,,,,,,,,,,,,,,,,,,,,,,,,,,,,,,,,,,,,,,,,,,,,,,,,,,,,,,,,,,,,,,,,,,,,,,,,,,,,,,,,,,,,,,,,,,,,,,,,,,,,,,,,,,,,,,,,,,,,,,,,,,,,,,,,,,,,,,,,,,,,,,,,,,,,,,,,,,,,,,,,,,,,,,,,,,,,,,,,,,,,,,,,,,,,,,,,,,,,,,,,,,,,,,,,,,,,,,,,,,,,,,,,,,,,,,,,,,,,,,,,,,,,,,,,,,,,,,,,,,,,,,,,,,,,,,,,,,,,,,,,,,,,,,,,,,,,,,,,,,,,,,,,,,,,,,,,,,,,,,,,,,,,,,,,,,,,,,,,,,,,,,,,,,,,,,,,,,,,,,,,,,,,,,,,,,,,,,,,,,,,,,,,,,,,,,,,,,,,,,,,,,,,,,,,,,,,,,,,,,,,,,,,,,,,,,,,,,,,,,,,,,,,,,,,,,,,,,,,,,,,,,,,,,,,,,,,,,,,,,,,,,,,,,,,,,,,,,,,,,,,,,,,,,,,,,,,,,,,,,,,,,,,,,,,,,,,,,,,,,,,,,,,,,,,,,,,,,,,,,,,,,,,,,,,,,,,,,,,,,,,,,,,,,,,,,,,,,,,,,,,,,,,,,,,,,,,,,,,,,,,,,,,,,,,,,,,,,,,,,,,,,,,,,,,,,,,,,,,,,,,,,,,,,,,,,,,,,,,,,,,,,,,,,,,,,,,,,,,,,,,,,,,,,,,,,,,,,,,,,,,,,,,,,,,,,,,,,,,,,,,,,,,,,,,,,,,,,,,,,,,,,,,,,,,,,,,,,,,,,,,,,,,,,,,,,,,,,,,,,,,,,,,,,,,,,,,,,,,,,,,,,,,,,,,,,,,,,,,,,,,,,,,,,,,,,,,,,,,,,,,,,,,,,,,,,,,,,,,,,,,,,,,,,,,,,,,,,,,,,,,,,,,,,,,,,,,,,,,,,,,,,,,,,,,,,,,,,,,,,,,,,,,,,,,,,,,,,,,,,,,,,,,,,,,,,,,,,,,,,,,,,,,,,,,,,,,,,,,,,,,,,,,,,,,,,,,,,,,,,,,,,,,,,,,,,,,,,,,,,,,,,,,,,,
,,2022980,LOCAL,370,RC,"HC ANES ANESTHESIA INPT TIME 3-4 HRS, CHG",839.06,159.4214,both,,,,,,,,,,,,,,,,,,,,,,,,,,,,,,,,,,,,,,,,,,,,,,,,,,,,,,,,,,,,,,,,,,,,,,,,,,,,,,,,,,,,,,,,,,,,,,,,,,,,,,,,,,,,,,,,,,,,,,,,,,,,,,,,,,,,,,,,,,,,,,,,,,,,,,,,,,,,,,,,,,,,,,,,,,,,,,,,,,,,,,,,,,,,,,,,,,,,,,,,,,,,,,,,,,,,,,,,,,,,,,,,,,,,,,,,,,,,,,,,,,,,,,,,,,,,,,,,,,,,,,,,,,,,,,,,,,,,,,,,,,,,,,,,,,,,,,,,,,,,,,,,,,,,,,,,,,,,,,,,,,,,,,,,,,,,,,,,,,,,,,,,,,,,,,,,,,,,,,,,,,,,,,,,,,,,,,,,,,,,,,,,,,,,,,,,,,,,,,,,,,,,,,,,,,,,,,,,,,,,,,,,,,,,,,,,,,,,,,,,,,,,,,,,,,,,,,,,,,,,,,,,,,,,,,,,,,,,,,,,,,,,,,,,,,,,,,,,,,,,,,,,,,,,,,,,,,,,,,,,,,,,,,,,,,,,,,,,,,,,,,,,,,,,,,,,,,,,,,,,,,,,,,,,,,,,,,,,,,,,,,,,,,,,,,,,,,,,,,,,,,,,,,,,,,,,,,,,,,,,,,,,,,,,,,,,,,,,,,,,,,,,,,,,,,,,,,,,,,,,,,,,,,,,,,,,,,,,,,,,,,,,,,,,,,,,,,,,,,,,,,,,,,,,,,,,,,,,,,,,,,,,,,,,,,,,,,,,,,,,,,,,,,,,,,,,,,,,,,,,,,,,,,,,,,,,,,,,,,,,,,,,,,,,,,,,,,,,,,,,,,,,,,,,,,,,,,,,,,,,,,,,,,,,,,,,,,,,,,,,,,,,,,,,,,,,,,,,,,,,,,,,,,,,,,,,,,,,,,,,,,,,,,,,,,,,,,,,,,,,,,,,,,,,,,,,,,,,,,,,,,,,,,,,,,,,,,,,,,,,,,,,,,,,,,,,,,,,,,,,,,,,,,,,,,,,,,,,,,,,,,,,,,,,,,,,,,,,,,,,,,,,,,,,,,,,,,,,,,,,,,,,,,,,,,,,,,,,,,,,,,,,,,,,,,,,,,,,,,,,,,,,,,,,,,,,,,,,,,,,,,,,,,,,,,,,,,,,,,,,,,,,,,,,,,,,,,,,,,,,,,,,,,,,,,,,,,,,,,,,,,,,,,,,,,,,,,,,,,,,,,,,,,,,,,,,,,,,,,,,,,,,,,,,,,,,,,,,,,,,,,,,,,,,,,,,,,,,,,,,,,,,,,,,,,,,,,,,,,,,,,,,,,,,,,,,,,,,,,,,,,,,,,,,,,,,,,,,,,,,,,,,,,,,,,,,,,,,,,,,,,,,,,,,,,,,,,,,,,,,,,,,,,,,,,,,,,,,,,,,,,,,,,,,,,,,,,,,,,,,,,,,,,,,,,,,,,,,,,,,,,,,,,,,,,,,,,,,,,,,,,,,,,,,,,,,,,,,,,,,,,,,,,,,,,,,,,,,,,,,,,,,,,,,,,,,,,,,,,,,,,,,,,,,,,,,,,,,,,,,,,,,,,,,,,,,,,,,,,,,,,,,,,,,,,,,,,,,,,,,,,,,,,,,,,,,,,,,,,,,,,,,,,,,,,,,,,,,,,,,,,,,,,,,,,,,,,,,,,,,,,,,,,,,,,,,,,,,,,,,,,,,,,,,,,,,,,,,,,,,,,,,,,,,,,,,,,,,,,,,,,,,,,,,,,,,,,,,,,,,,,,,,,,,,,,,,,,,,,,,,,,,,,,,,,,,,,,,,,,,,,,,,,,,,,,,,,,,,,,,,,,,,,,,,,,,,,,,,,,,,,,,,,,,,,,,,,,,,,,,,,,,,,,,,,,,,,,,,,,,,,,,,,,,,,,,,,,,,,,,,,,,,,,,,,,,,,,,,,,,,,,,,,,,,,,,,,,,,,,,,,,,,,,,,,,,,,,,,,,,,,,,,,,,,,,,,,,,,,,,,,,,,,,,,,,,,,,,,,,,,,,,,,,,,,,,,,,,,,,,,,,,,,,,,,,,,,,,,,,,,,,,,,,,,,,,,,,,,,,,,,,,,,,,,,,,,,,,,,,,,,,,,,,,,,,,,,,,,,,,,,,,,,,,,,,,,,,,,,,,,,,,,,,,,,,,,,,,,,,,,,,,,,,,,,,,,,,,,,,,,,,,,,,,,,,,,,,,,,,,,,,,,,,,,,,,,,,,,,,,,,,,,,,,,,,,,,,,,,,,,,,,,,,,,,,,,,,,,,,,,,,,,,,,,,,,,,,,,,,,,,,,,,,,,,,,,,,,,,,,,,,,,,,,,,,,,,,,,,,,,,,,,,,,,,,,,,,,,,,,,,,,,,,,,,,,,,,,,,,,,,,,,,,,,,,,,,,,,,,,,,,,,,,,,,,,,,,,,,,,,,,,,,,,,,,,,,,,,,,,,,,,,,,,,,,,,,,,,,,,,,,,,,,,,,,,,,,,,,,,,,,,,,,,,,,,,,,,,,,,,,,,,,,,,,,,,,,,,,,,,,,,,,,,,,,,,,,,,,,,,,,,,,,,,,,,,,,,,,,,,,,,,,,,,,,,,,,,,,,,,,,,,,,,,,,,,,,,,,,,,,,,,,,,,,,,,,,,,,,,,,,,,,,,,,,,,,,,,,,,,,,,,,,,,,,,,,,,,,,,,,,,,,,,,,,,,,,,,,,,,,,,,,,,,,,,,,,,,,,,,,,,,,,,,,,,,,,,,,,,,,,,,,,,,,,,,,,,,,,,,,,,,,,,,,,,,,,,,,,,,,,,,,,,,,,,,,,,,,,,,,,,,,,,,,,,,,,,,,,,,,,,,,,,,,,,,,,,,,,,,,,,,,,,,,,,,,,,,,,,,,,,,,,,,,,,,,,,,,,,,,,,,,,,,,,,,,,,,,,,,,,,,,,,,,,,,,,,,,,,,,,,,,,,,,,,,,,,,,,,,,,,,,,,,,,,,,,,,,,,,,,,,,,,,,,,,,,,,,,,,,,,,,,,,,,,,,,,,,,,,,,,,,,,,,,,,,,,,,,,,,,,,,,,,,,,,,,,,,,,,,,,,,,,,,,,,,,,,,,,,,,,,,,,,,,,,,,,,,,,,,,,,,,,,,,,,,,,,,,,,,,,,,,,,,,,,,,,,,,,,,,,,,,,,,,,,,,,,,,,,,,,,,,,,,,,,,,,,,,,,,,,,,,,,,,,,,,,,,,,,,,,,,,,,,,,,,,,,,,,,,,,,,,,,,,,,,,,,,,,,,,,,,,,,,,,,,,,,,,,,,,,,,,,,,,,,,,,,,,,,,,,,,,,,,,,,,,,,,,,,,,,,,,,,,,,,,,,,,,,,,,,,,,,,,,,,,,,,,,,,,,,,,,,,,,,,,,,,,,,,,,,,,,,,,,,,,,,,,,,,,,,,,,,,,,,,,,,,,,,,,,,,,,,,,,,,,,,,,,,,,,,,,,,,,,,,,,,,,,,,,,,,,,,,,,,,,,,,,,,,,,,,,,,,,,,,,,,,,,,,,,,,,,,,,,,,,,,,,,,,,,,,,,,,,,,,,,,,,,,,,,,,,,,,,,,,,,,,,,,,,,,,,,,,,,,,,,,,,,,,,,,,,,,,,,,,,,,,,,,,,,,,,,,,,,,,,,,,,,,,,,,,,,,,,,,,,,,,,,,,,,,,,,,,,,,,,,,,,,,,,,,,,,,,,,,,,,,,,,,,,,,,,,,,,,,,,,,,,,,,,,,,,,,,,,,,,,,,,,,,,,,,,,,,,,,,,,,,,,,,,,,,,,,,,,,,,,,,,,,,,,,,,,,,,,,,,,,,,,,,,,,,,,,,,,,,,,,,,,,,,,,,,,,,,,,,,,,,,,,,,,,,,,,,,,,,,,,,,,,,,,,,,,,,,,,,,,,,,,,,,,,,,,,,,,,,,,,,,,,,,,,,,,,,,,,,,,,,,,,,,,,,,,,,,,,,,,,,,,,,,,
,,2024288,LOCAL,720,RC,HC L&D OPERATING ROOM FLAT FEE,4850.63,921.6197,both,,,,,,,,,,,,,,,,,,,,,,,,,,,,,,,,,,,,,,,,,,,,,,,,,,,,,,,,,,,,,,,,,,,,,,,,,,,,,,,,,,,,,,,,,,,,,,,,,,,,,,,,,,,,,,,,,,,,,,,,,,,,,,,,,,,,,,,,,,,,,,,,,,,,,,,,,,,,,,,,,,,,,,,,,,,,,,,,,,,,,,,,,,,,,,,,,,,,,,,,,,,,,,,,,,,,,,,,,,,,,,,,,,,,,,,,,,,,,,,,,,,,,,,,,,,,,,,,,,,,,,,,,,,,,,,,,,,,,,,,,,,,,,,,,,,,,,,,,,,,,,,,,,,,,,,,,,,,,,,,,,,,,,,,,,,,,,,,,,,,,,,,,,,,,,,,,,,,,,,,,,,,,,,,,,,,,,,,,,,,,,,,,,,,,,,,,,,,,,,,,,,,,,,,,,,,,,,,,,,,,,,,,,,,,,,,,,,,,,,,,,,,,,,,,,,,,,,,,,,,,,,,,,,,,,,,,,,,,,,,,,,,,,,,,,,,,,,,,,,,,,,,,,,,,,,,,,,,,,,,,,,,,,,,,,,,,,,,,,,,,,,,,,,,,,,,,,,,,,,,,,,,,,,,,,,,,,,,,,,,,,,,,,,,,,,,,,,,,,,,,,,,,,,,,,,,,,,,,,,,,,,,,,,,,,,,,,,,,,,,,,,,,,,,,,,,,,,,,,,,,,,,,,,,,,,,,,,,,,,,,,,,,,,,,,,,,,,,,,,,,,,,,,,,,,,,,,,,,,,,,,,,,,,,,,,,,,,,,,,,,,,,,,,,,,,,,,,,,,,,,,,,,,,,,,,,,,,,,,,,,,,,,,,,,,,,,,,,,,,,,,,,,,,,,,,,,,,,,,,,,,,,,,,,,,,,,,,,,,,,,,,,,,,,,,,,,,,,,,,,,,,,,,,,,,,,,,,,,,,,,,,,,,,,,,,,,,,,,,,,,,,,,,,,,,,,,,,,,,,,,,,,,,,,,,,,,,,,,,,,,,,,,,,,,,,,,,,,,,,,,,,,,,,,,,,,,,,,,,,,,,,,,,,,,,,,,,,,,,,,,,,,,,,,,,,,,,,,,,,,,,,,,,,,,,,,,,,,,,,,,,,,,,,,,,,,,,,,,,,,,,,,,,,,,,,,,,,,,,,,,,,,,,,,,,,,,,,,,,,,,,,,,,,,,,,,,,,,,,,,,,,,,,,,,,,,,,,,,,,,,,,,,,,,,,,,,,,,,,,,,,,,,,,,,,,,,,,,,,,,,,,,,,,,,,,,,,,,,,,,,,,,,,,,,,,,,,,,,,,,,,,,,,,,,,,,,,,,,,,,,,,,,,,,,,,,,,,,,,,,,,,,,,,,,,,,,,,,,,,,,,,,,,,,,,,,,,,,,,,,,,,,,,,,,,,,,,,,,,,,,,,,,,,,,,,,,,,,,,,,,,,,,,,,,,,,,,,,,,,,,,,,,,,,,,,,,,,,,,,,,,,,,,,,,,,,,,,,,,,,,,,,,,,,,,,,,,,,,,,,,,,,,,,,,,,,,,,,,,,,,,,,,,,,,,,,,,,,,,,,,,,,,,,,,,,,,,,,,,,,,,,,,,,,,,,,,,,,,,,,,,,,,,,,,,,,,,,,,,,,,,,,,,,,,,,,,,,,,,,,,,,,,,,,,,,,,,,,,,,,,,,,,,,,,,,,,,,,,,,,,,,,,,,,,,,,,,,,,,,,,,,,,,,,,,,,,,,,,,,,,,,,,,,,,,,,,,,,,,,,,,,,,,,,,,,,,,,,,,,,,,,,,,,,,,,,,,,,,,,,,,,,,,,,,,,,,,,,,,,,,,,,,,,,,,,,,,,,,,,,,,,,,,,,,,,,,,,,,,,,,,,,,,,,,,,,,,,,,,,,,,,,,,,,,,,,,,,,,,,,,,,,,,,,,,,,,,,,,,,,,,,,,,,,,,,,,,,,,,,,,,,,,,,,,,,,,,,,,,,,,,,,,,,,,,,,,,,,,,,,,,,,,,,,,,,,,,,,,,,,,,,,,,,,,,,,,,,,,,,,,,,,,,,,,,,,,,,,,,,,,,,,,,,,,,,,,,,,,,,,,,,,,,,,,,,,,,,,,,,,,,,,,,,,,,,,,,,,,,,,,,,,,,,,,,,,,,,,,,,,,,,,,,,,,,,,,,,,,,,,,,,,,,,,,,,,,,,,,,,,,,,,,,,,,,,,,,,,,,,,,,,,,,,,,,,,,,,,,,,,,,,,,,,,,,,,,,,,,,,,,,,,,,,,,,,,,,,,,,,,,,,,,,,,,,,,,,,,,,,,,,,,,,,,,,,,,,,,,,,,,,,,,,,,,,,,,,,,,,,,,,,,,,,,,,,,,,,,,,,,,,,,,,,,,,,,,,,,,,,,,,,,,,,,,,,,,,,,,,,,,,,,,,,,,,,,,,,,,,,,,,,,,,,,,,,,,,,,,,,,,,,,,,,,,,,,,,,,,,,,,,,,,,,,,,,,,,,,,,,,,,,,,,,,,,,,,,,,,,,,,,,,,,,,,,,,,,,,,,,,,,,,,,,,,,,,,,,,,,,,,,,,,,,,,,,,,,,,,,,,,,,,,,,,,,,,,,,,,,,,,,,,,,,,,,,,,,,,,,,,,,,,,,,,,,,,,,,,,,,,,,,,,,,,,,,,,,,,,,,,,,,,,,,,,,,,,,,,,,,,,,,,,,,,,,,,,,,,,,,,,,,,,,,,,,,,,,,,,,,,,,,,,,,,,,,,,,,,,,,,,,,,,,,,,,,,,,,,,,,,,,,,,,,,,,,,,,,,,,,,,,,,,,,,,,,,,,,,,,,,,,,,,,,,,,,,,,,,,,,,,,,,,,,,,,,,,,,,,,,,,,,,,,,,,,,,,,,,,,,,,,,,,,,,,,,,,,,,,,,,,,,,,,,,,,,,,,,,,,,,,,,,,,,,,,,,,,,,,,,,,,,,,,,,,,,,,,,,,,,,,,,,,,,,,,,,,,,,,,,,,,,,,,,,,,,,,,,,,,,,,,,,,,,,,,,,,,,,,,,,,,,,,,,,,,,,,,,,,,,,,,,,,,,,,,,,,,,,,,,,,,,,,,,,,,,,,,,,,,,,,,,,,,,,,,,,,,,,,,,,,,,,,,,,,,,,,,,,,,,,,,,,,,,,,,,,,,,,,,,,,,,,,,,,,,,,,,,,,,,,,,,,,,,,,,,,,,,,,,,,,,,,,,,,,,,,,,,,,,,,,,,,,,,,,,,,,,,,,,,,,,,,,,,,,,,,,,,,,,,,,,,,,,,,,,,,,,,,,,,,,,,,,,,,,,,,,,,,,,,,,,,,,,,,,,,,,,,,,,,,,,,,,,,,,,,,,,,,,,,,,,,,,,,,,,,,,,,,,,,,,,,,,,,,,,,,,,,,,,,,,,,,,,,,,,,,,,,,,,,,,,,,,,,,,,,,,,,,,,,,,,,,,,,,,,,,,,,,,,,,,,,,,,,,,,,,,,,,,,,,,,,,,,,,,,,,,,,,,,,,,,,,,,,,,,,,,,,,,,,,,,,,,,,,,,,,,,,,,,,,,,,,,,,,,,,,,,,,,,,,,,,,,,,,,,,,,,,,,,,,,,,,,,,,,,,,,,,,,,,,,,,,,,,,,,,,,,,,,,,,,,,,,,,,,,,,,,,,,,,,,,,,,,,,,,,,,,,,,,,,,,,,,,,,,,,,,,,,,,,,,,,,,,,,,,,,,,,,,,,,,,,,,,,,,,,,,,,,,,,,,,,,,,,,,,,,,,,,,,,,,,,,,,,,,,,,,,,,,,,,,,,,,,,,,,,,,,,,,,,,,,,,,,,,,,,,,,,,,,,,,,,,,,,,,,,,,,,,,,,,,,,,,,,,,,,,,,,,,,,,,,,,,,,,,,,,,,,,,,,,,,,,,,,,,,,,,,,,,,,,,,,,,,,,,,,,,,,,,,,,,,,,,,,,,,,,,,,,,,,,,,,,,,,,,,,,,,,,,,,,,,,,,,,,,,,,,,,,,,,,,,,
,,2024481,LOCAL,990,RC,HC YOGA THERAPY,13.68,2.5992,both,,,,,,,,,,,,,,,,,,,,,,,,,,,,,,,,,,,,,,,,,,,,,,,,,,,,,,,,,,,,,,,,,,,,,,,,,,,,,,,,,,,,,,,,,,,,,,,,,,,,,,,,,,,,,,,,,,,,,,,,,,,,,,,,,,,,,,,,,,,,,,,,,,,,,,,,,,,,,,,,,,,,,,,,,,,,,,,,,,,,,,,,,,,,,,,,,,,,,,,,,,,,,,,,,,,,,,,,,,,,,,,,,,,,,,,,,,,,,,,,,,,,,,,,,,,,,,,,,,,,,,,,,,,,,,,,,,,,,,,,,,,,,,,,,,,,,,,,,,,,,,,,,,,,,,,,,,,,,,,,,,,,,,,,,,,,,,,,,,,,,,,,,,,,,,,,,,,,,,,,,,,,,,,,,,,,,,,,,,,,,,,,,,,,,,,,,,,,,,,,,,,,,,,,,,,,,,,,,,,,,,,,,,,,,,,,,,,,,,,,,,,,,,,,,,,,,,,,,,,,,,,,,,,,,,,,,,,,,,,,,,,,,,,,,,,,,,,,,,,,,,,,,,,,,,,,,,,,,,,,,,,,,,,,,,,,,,,,,,,,,,,,,,,,,,,,,,,,,,,,,,,,,,,,,,,,,,,,,,,,,,,,,,,,,,,,,,,,,,,,,,,,,,,,,,,,,,,,,,,,,,,,,,,,,,,,,,,,,,,,,,,,,,,,,,,,,,,,,,,,,,,,,,,,,,,,,,,,,,,,,,,,,,,,,,,,,,,,,,,,,,,,,,,,,,,,,,,,,,,,,,,,,,,,,,,,,,,,,,,,,,,,,,,,,,,,,,,,,,,,,,,,,,,,,,,,,,,,,,,,,,,,,,,,,,,,,,,,,,,,,,,,,,,,,,,,,,,,,,,,,,,,,,,,,,,,,,,,,,,,,,,,,,,,,,,,,,,,,,,,,,,,,,,,,,,,,,,,,,,,,,,,,,,,,,,,,,,,,,,,,,,,,,,,,,,,,,,,,,,,,,,,,,,,,,,,,,,,,,,,,,,,,,,,,,,,,,,,,,,,,,,,,,,,,,,,,,,,,,,,,,,,,,,,,,,,,,,,,,,,,,,,,,,,,,,,,,,,,,,,,,,,,,,,,,,,,,,,,,,,,,,,,,,,,,,,,,,,,,,,,,,,,,,,,,,,,,,,,,,,,,,,,,,,,,,,,,,,,,,,,,,,,,,,,,,,,,,,,,,,,,,,,,,,,,,,,,,,,,,,,,,,,,,,,,,,,,,,,,,,,,,,,,,,,,,,,,,,,,,,,,,,,,,,,,,,,,,,,,,,,,,,,,,,,,,,,,,,,,,,,,,,,,,,,,,,,,,,,,,,,,,,,,,,,,,,,,,,,,,,,,,,,,,,,,,,,,,,,,,,,,,,,,,,,,,,,,,,,,,,,,,,,,,,,,,,,,,,,,,,,,,,,,,,,,,,,,,,,,,,,,,,,,,,,,,,,,,,,,,,,,,,,,,,,,,,,,,,,,,,,,,,,,,,,,,,,,,,,,,,,,,,,,,,,,,,,,,,,,,,,,,,,,,,,,,,,,,,,,,,,,,,,,,,,,,,,,,,,,,,,,,,,,,,,,,,,,,,,,,,,,,,,,,,,,,,,,,,,,,,,,,,,,,,,,,,,,,,,,,,,,,,,,,,,,,,,,,,,,,,,,,,,,,,,,,,,,,,,,,,,,,,,,,,,,,,,,,,,,,,,,,,,,,,,,,,,,,,,,,,,,,,,,,,,,,,,,,,,,,,,,,,,,,,,,,,,,,,,,,,,,,,,,,,,,,,,,,,,,,,,,,,,,,,,,,,,,,,,,,,,,,,,,,,,,,,,,,,,,,,,,,,,,,,,,,,,,,,,,,,,,,,,,,,,,,,,,,,,,,,,,,,,,,,,,,,,,,,,,,,,,,,,,,,,,,,,,,,,,,,,,,,,,,,,,,,,,,,,,,,,,,,,,,,,,,,,,,,,,,,,,,,,,,,,,,,,,,,,,,,,,,,,,,,,,,,,,,,,,,,,,,,,,,,,,,,,,,,,,,,,,,,,,,,,,,,,,,,,,,,,,,,,,,,,,,,,,,,,,,,,,,,,,,,,,,,,,,,,,,,,,,,,,,,,,,,,,,,,,,,,,,,,,,,,,,,,,,,,,,,,,,,,,,,,,,,,,,,,,,,,,,,,,,,,,,,,,,,,,,,,,,,,,,,,,,,,,,,,,,,,,,,,,,,,,,,,,,,,,,,,,,,,,,,,,,,,,,,,,,,,,,,,,,,,,,,,,,,,,,,,,,,,,,,,,,,,,,,,,,,,,,,,,,,,,,,,,,,,,,,,,,,,,,,,,,,,,,,,,,,,,,,,,,,,,,,,,,,,,,,,,,,,,,,,,,,,,,,,,,,,,,,,,,,,,,,,,,,,,,,,,,,,,,,,,,,,,,,,,,,,,,,,,,,,,,,,,,,,,,,,,,,,,,,,,,,,,,,,,,,,,,,,,,,,,,,,,,,,,,,,,,,,,,,,,,,,,,,,,,,,,,,,,,,,,,,,,,,,,,,,,,,,,,,,,,,,,,,,,,,,,,,,,,,,,,,,,,,,,,,,,,,,,,,,,,,,,,,,,,,,,,,,,,,,,,,,,,,,,,,,,,,,,,,,,,,,,,,,,,,,,,,,,,,,,,,,,,,,,,,,,,,,,,,,,,,,,,,,,,,,,,,,,,,,,,,,,,,,,,,,,,,,,,,,,,,,,,,,,,,,,,,,,,,,,,,,,,,,,,,,,,,,,,,,,,,,,,,,,,,,,,,,,,,,,,,,,,,,,,,,,,,,,,,,,,,,,,,,,,,,,,,,,,,,,,,,,,,,,,,,,,,,,,,,,,,,,,,,,,,,,,,,,,,,,,,,,,,,,,,,,,,,,,,,,,,,,,,,,,,,,,,,,,,,,,,,,,,,,,,,,,,,,,,,,,,,,,,,,,,,,,,,,,,,,,,,,,,,,,,,,,,,,,,,,,,,,,,,,,,,,,,,,,,,,,,,,,,,,,,,,,,,,,,,,,,,,,,,,,,,,,,,,,,,,,,,,,,,,,,,,,,,,,,,,,,,,,,,,,,,,,,,,,,,,,,,,,,,,,,,,,,,,,,,,,,,,,,,,,,,,,,,,,,,,,,,,,,,,,,,,,,,,,,,,,,,,,,,,,,,,,,,,,,,,,,,,,,,,,,,,,,,,,,,,,,,,,,,,,,,,,,,,,,,,,,,,,,,,,,,,,,,,,,,,,,,,,,,,,,,,,,,,,,,,,,,,,,,,,,,,,,,,,,,,,,,,,,,,,,,,,,,,,,,,,,,,,,,,,,,,,,,,,,,,,,,,,,,,,,,,,,,,,,,,,,,,,,,,,,,,,,,,,,,,,,,,,,,,,,,,,,,,,,,,,,,,,,,,,,,,,,,,,,,,,,,,,,,,,,,,,,,,,,,,,,,,,,,,,,,,,,,,,,,,,,,,,,,,,,,,,,,,,,,,,,,,,,,,,,,,,,,,,,,,,,,,,,,,,,,,,,,,,,,,,,,,,,,,,,,,,,,,,,,,,,,,,,,,,,,,,,,,,,,,,,,,,,,,,,,,,,,,,,,,,,,,,,,,,,,,,,,,,,,,,,,,,,,,,,,,,,,,,,,,,,,,,,,,,,,,,,,,,,,,,,,,,,,,,,,,,,,,,,,,,,,,,,,,,,,,,,,,,,,,,,,,,,,,,,,,,,,,,,,,,,,,,,,,,,,,,,,,,,,,,,,,,,,,,,,,,,,,,,,,,,,,,,,,,,,,,,,,,,,,,,,,,,,,,,,,,,,,,,,,,,,,,,,,,,,,,,,,,,,,,,,,,,,,,,,,,,,,,,,,,,,,,,,,,,,,,,,,,,,,,,,,,,,,,,,,,,,,,,,,,,,,,,,,,,,,,,,,,,,,,,,,,,,,,,,,,,,,,,,,,,,,,,,,,,,,,,,,,,,,,,,,,,,,,,,,,,,,,,,,,,,,,,,,,,,,,,,,,,,,,,,,,,,,,,,,,,,,,,,,,,,,,,,,,,,,,
,,2025155,LOCAL,990,RC,"HC EXERCISE CONSULT, FOLLOW-UP (SP)",75,14.25,both,,,,,,,,,,,,,,,,,,,,,,,,,,,,,,,,,,,,,,,,,,,,,,,,,,,,,,,,,,,,,,,,,,,,,,,,,,,,,,,,,,,,,,,,,,,,,,,,,,,,,,,,,,,,,,,,,,,,,,,,,,,,,,,,,,,,,,,,,,,,,,,,,,,,,,,,,,,,,,,,,,,,,,,,,,,,,,,,,,,,,,,,,,,,,,,,,,,,,,,,,,,,,,,,,,,,,,,,,,,,,,,,,,,,,,,,,,,,,,,,,,,,,,,,,,,,,,,,,,,,,,,,,,,,,,,,,,,,,,,,,,,,,,,,,,,,,,,,,,,,,,,,,,,,,,,,,,,,,,,,,,,,,,,,,,,,,,,,,,,,,,,,,,,,,,,,,,,,,,,,,,,,,,,,,,,,,,,,,,,,,,,,,,,,,,,,,,,,,,,,,,,,,,,,,,,,,,,,,,,,,,,,,,,,,,,,,,,,,,,,,,,,,,,,,,,,,,,,,,,,,,,,,,,,,,,,,,,,,,,,,,,,,,,,,,,,,,,,,,,,,,,,,,,,,,,,,,,,,,,,,,,,,,,,,,,,,,,,,,,,,,,,,,,,,,,,,,,,,,,,,,,,,,,,,,,,,,,,,,,,,,,,,,,,,,,,,,,,,,,,,,,,,,,,,,,,,,,,,,,,,,,,,,,,,,,,,,,,,,,,,,,,,,,,,,,,,,,,,,,,,,,,,,,,,,,,,,,,,,,,,,,,,,,,,,,,,,,,,,,,,,,,,,,,,,,,,,,,,,,,,,,,,,,,,,,,,,,,,,,,,,,,,,,,,,,,,,,,,,,,,,,,,,,,,,,,,,,,,,,,,,,,,,,,,,,,,,,,,,,,,,,,,,,,,,,,,,,,,,,,,,,,,,,,,,,,,,,,,,,,,,,,,,,,,,,,,,,,,,,,,,,,,,,,,,,,,,,,,,,,,,,,,,,,,,,,,,,,,,,,,,,,,,,,,,,,,,,,,,,,,,,,,,,,,,,,,,,,,,,,,,,,,,,,,,,,,,,,,,,,,,,,,,,,,,,,,,,,,,,,,,,,,,,,,,,,,,,,,,,,,,,,,,,,,,,,,,,,,,,,,,,,,,,,,,,,,,,,,,,,,,,,,,,,,,,,,,,,,,,,,,,,,,,,,,,,,,,,,,,,,,,,,,,,,,,,,,,,,,,,,,,,,,,,,,,,,,,,,,,,,,,,,,,,,,,,,,,,,,,,,,,,,,,,,,,,,,,,,,,,,,,,,,,,,,,,,,,,,,,,,,,,,,,,,,,,,,,,,,,,,,,,,,,,,,,,,,,,,,,,,,,,,,,,,,,,,,,,,,,,,,,,,,,,,,,,,,,,,,,,,,,,,,,,,,,,,,,,,,,,,,,,,,,,,,,,,,,,,,,,,,,,,,,,,,,,,,,,,,,,,,,,,,,,,,,,,,,,,,,,,,,,,,,,,,,,,,,,,,,,,,,,,,,,,,,,,,,,,,,,,,,,,,,,,,,,,,,,,,,,,,,,,,,,,,,,,,,,,,,,,,,,,,,,,,,,,,,,,,,,,,,,,,,,,,,,,,,,,,,,,,,,,,,,,,,,,,,,,,,,,,,,,,,,,,,,,,,,,,,,,,,,,,,,,,,,,,,,,,,,,,,,,,,,,,,,,,,,,,,,,,,,,,,,,,,,,,,,,,,,,,,,,,,,,,,,,,,,,,,,,,,,,,,,,,,,,,,,,,,,,,,,,,,,,,,,,,,,,,,,,,,,,,,,,,,,,,,,,,,,,,,,,,,,,,,,,,,,,,,,,,,,,,,,,,,,,,,,,,,,,,,,,,,,,,,,,,,,,,,,,,,,,,,,,,,,,,,,,,,,,,,,,,,,,,,,,,,,,,,,,,,,,,,,,,,,,,,,,,,,,,,,,,,,,,,,,,,,,,,,,,,,,,,,,,,,,,,,,,,,,,,,,,,,,,,,,,,,,,,,,,,,,,,,,,,,,,,,,,,,,,,,,,,,,,,,,,,,,,,,,,,,,,,,,,,,,,,,,,,,,,,,,,,,,,,,,,,,,,,,,,,,,,,,,,,,,,,,,,,,,,,,,,,,,,,,,,,,,,,,,,,,,,,,,,,,,,,,,,,,,,,,,,,,,,,,,,,,,,,,,,,,,,,,,,,,,,,,,,,,,,,,,,,,,,,,,,,,,,,,,,,,,,,,,,,,,,,,,,,,,,,,,,,,,,,,,,,,,,,,,,,,,,,,,,,,,,,,,,,,,,,,,,,,,,,,,,,,,,,,,,,,,,,,,,,,,,,,,,,,,,,,,,,,,,,,,,,,,,,,,,,,,,,,,,,,,,,,,,,,,,,,,,,,,,,,,,,,,,,,,,,,,,,,,,,,,,,,,,,,,,,,,,,,,,,,,,,,,,,,,,,,,,,,,,,,,,,,,,,,,,,,,,,,,,,,,,,,,,,,,,,,,,,,,,,,,,,,,,,,,,,,,,,,,,,,,,,,,,,,,,,,,,,,,,,,,,,,,,,,,,,,,,,,,,,,,,,,,,,,,,,,,,,,,,,,,,,,,,,,,,,,,,,,,,,,,,,,,,,,,,,,,,,,,,,,,,,,,,,,,,,,,,,,,,,,,,,,,,,,,,,,,,,,,,,,,,,,,,,,,,,,,,,,,,,,,,,,,,,,,,,,,,,,,,,,,,,,,,,,,,,,,,,,,,,,,,,,,,,,,,,,,,,,,,,,,,,,,,,,,,,,,,,,,,,,,,,,,,,,,,,,,,,,,,,,,,,,,,,,,,,,,,,,,,,,,,,,,,,,,,,,,,,,,,,,,,,,,,,,,,,,,,,,,,,,,,,,,,,,,,,,,,,,,,,,,,,,,,,,,,,,,,,,,,,,,,,,,,,,,,,,,,,,,,,,,,,,,,,,,,,,,,,,,,,,,,,,,,,,,,,,,,,,,,,,,,,,,,,,,,,,,,,,,,,,,,,,,,,,,,,,,,,,,,,,,,,,,,,,,,,,,,,,,,,,,,,,,,,,,,,,,,,,,,,,,,,,,,,,,,,,,,,,,,,,,,,,,,,,,,,,,,,,,,,,,,,,,,,,,,,,,,,,,,,,,,,,,,,,,,,,,,,,,,,,,,,,,,,,,,,,,,,,,,,,,,,,,,,,,,,,,,,,,,,,,,,,,,,,,,,,,,,,,,,,,,,,,,,,,,,,,,,,,,,,,,,,,,,,,,,,,,,,,,,,,,,,,,,,,,,,,,,,,,,,,,,,,,,,,,,,,,,,,,,,,,,,,,,,,,,,,,,,,,,,,,,,,,,,,,,,,,,,,,,,,,,,,,,,,,,,,,,,,,,,,,,,,,,,,,,,,,,,,,,,,,,,,,,,,,,,,,,,,,,,,,,,,,,,,,,,,,,,,,,,,,,,,,,,,,,,,,,,,,,,,,,,,,,,,,,,,,,,,,,,,,,,,,,,,,,,,,,,,,,,,,,,,,,,,,,,,,,,,,,,,,,,,,,,,,,,,,,,,,,,,,,,,,,,,,,,,,,,,,,,,,,,,,,,,,,,,,,,,,,,,,,,,,,,,,,,,,,,,,,,,,,,,,,,,,,,,,,,,,,,,,,,,,,,,,,,,,,,,,,,,,,,,,,,,,,,,,,,,,,,,,,,,,,,,,,,,,,,,,,,,,,,,,,,,,,,,,,,,,,,,,,,,,,,,,,,,,,,,,,,,,,,,,,,,,,,,,,,,,,,,,,,,,,,,,,,,,,,,,,,,,,,,,,,,,,,,,,,,,,,,,,,,,,,,,,,,,,,,,,,,,,,,,,,,,,,,,,,,,,,,,,,,,,,,,,,,,,,,,,,,,,,,,,,,,,,,,,,,,,,,,,,,,,,,,,,,,,,,,,,,,,,,,,,,,,,,,,,,,,,,,,,,,,,,,,,,,,,,,,,,,,,,,,,,,,,,,,,,,,,,,,,,,,,,,,,,,,,,,,,,,,,,,,,,,,,,,,,,,,,,,,,,,,,,,,,,,,,,,,,,,,,,,,,,,,,,,,,,,,,,,,,,,,,,,,
,,2025171,LOCAL,990,RC,HC IH MIND EATING TRAIN GRP 4 SESS 1 HR EA,54.73,10.3987,both,,,,,,,,,,,,,,,,,,,,,,,,,,,,,,,,,,,,,,,,,,,,,,,,,,,,,,,,,,,,,,,,,,,,,,,,,,,,,,,,,,,,,,,,,,,,,,,,,,,,,,,,,,,,,,,,,,,,,,,,,,,,,,,,,,,,,,,,,,,,,,,,,,,,,,,,,,,,,,,,,,,,,,,,,,,,,,,,,,,,,,,,,,,,,,,,,,,,,,,,,,,,,,,,,,,,,,,,,,,,,,,,,,,,,,,,,,,,,,,,,,,,,,,,,,,,,,,,,,,,,,,,,,,,,,,,,,,,,,,,,,,,,,,,,,,,,,,,,,,,,,,,,,,,,,,,,,,,,,,,,,,,,,,,,,,,,,,,,,,,,,,,,,,,,,,,,,,,,,,,,,,,,,,,,,,,,,,,,,,,,,,,,,,,,,,,,,,,,,,,,,,,,,,,,,,,,,,,,,,,,,,,,,,,,,,,,,,,,,,,,,,,,,,,,,,,,,,,,,,,,,,,,,,,,,,,,,,,,,,,,,,,,,,,,,,,,,,,,,,,,,,,,,,,,,,,,,,,,,,,,,,,,,,,,,,,,,,,,,,,,,,,,,,,,,,,,,,,,,,,,,,,,,,,,,,,,,,,,,,,,,,,,,,,,,,,,,,,,,,,,,,,,,,,,,,,,,,,,,,,,,,,,,,,,,,,,,,,,,,,,,,,,,,,,,,,,,,,,,,,,,,,,,,,,,,,,,,,,,,,,,,,,,,,,,,,,,,,,,,,,,,,,,,,,,,,,,,,,,,,,,,,,,,,,,,,,,,,,,,,,,,,,,,,,,,,,,,,,,,,,,,,,,,,,,,,,,,,,,,,,,,,,,,,,,,,,,,,,,,,,,,,,,,,,,,,,,,,,,,,,,,,,,,,,,,,,,,,,,,,,,,,,,,,,,,,,,,,,,,,,,,,,,,,,,,,,,,,,,,,,,,,,,,,,,,,,,,,,,,,,,,,,,,,,,,,,,,,,,,,,,,,,,,,,,,,,,,,,,,,,,,,,,,,,,,,,,,,,,,,,,,,,,,,,,,,,,,,,,,,,,,,,,,,,,,,,,,,,,,,,,,,,,,,,,,,,,,,,,,,,,,,,,,,,,,,,,,,,,,,,,,,,,,,,,,,,,,,,,,,,,,,,,,,,,,,,,,,,,,,,,,,,,,,,,,,,,,,,,,,,,,,,,,,,,,,,,,,,,,,,,,,,,,,,,,,,,,,,,,,,,,,,,,,,,,,,,,,,,,,,,,,,,,,,,,,,,,,,,,,,,,,,,,,,,,,,,,,,,,,,,,,,,,,,,,,,,,,,,,,,,,,,,,,,,,,,,,,,,,,,,,,,,,,,,,,,,,,,,,,,,,,,,,,,,,,,,,,,,,,,,,,,,,,,,,,,,,,,,,,,,,,,,,,,,,,,,,,,,,,,,,,,,,,,,,,,,,,,,,,,,,,,,,,,,,,,,,,,,,,,,,,,,,,,,,,,,,,,,,,,,,,,,,,,,,,,,,,,,,,,,,,,,,,,,,,,,,,,,,,,,,,,,,,,,,,,,,,,,,,,,,,,,,,,,,,,,,,,,,,,,,,,,,,,,,,,,,,,,,,,,,,,,,,,,,,,,,,,,,,,,,,,,,,,,,,,,,,,,,,,,,,,,,,,,,,,,,,,,,,,,,,,,,,,,,,,,,,,,,,,,,,,,,,,,,,,,,,,,,,,,,,,,,,,,,,,,,,,,,,,,,,,,,,,,,,,,,,,,,,,,,,,,,,,,,,,,,,,,,,,,,,,,,,,,,,,,,,,,,,,,,,,,,,,,,,,,,,,,,,,,,,,,,,,,,,,,,,,,,,,,,,,,,,,,,,,,,,,,,,,,,,,,,,,,,,,,,,,,,,,,,,,,,,,,,,,,,,,,,,,,,,,,,,,,,,,,,,,,,,,,,,,,,,,,,,,,,,,,,,,,,,,,,,,,,,,,,,,,,,,,,,,,,,,,,,,,,,,,,,,,,,,,,,,,,,,,,,,,,,,,,,,,,,,,,,,,,,,,,,,,,,,,,,,,,,,,,,,,,,,,,,,,,,,,,,,,,,,,,,,,,,,,,,,,,,,,,,,,,,,,,,,,,,,,,,,,,,,,,,,,,,,,,,,,,,,,,,,,,,,,,,,,,,,,,,,,,,,,,,,,,,,,,,,,,,,,,,,,,,,,,,,,,,,,,,,,,,,,,,,,,,,,,,,,,,,,,,,,,,,,,,,,,,,,,,,,,,,,,,,,,,,,,,,,,,,,,,,,,,,,,,,,,,,,,,,,,,,,,,,,,,,,,,,,,,,,,,,,,,,,,,,,,,,,,,,,,,,,,,,,,,,,,,,,,,,,,,,,,,,,,,,,,,,,,,,,,,,,,,,,,,,,,,,,,,,,,,,,,,,,,,,,,,,,,,,,,,,,,,,,,,,,,,,,,,,,,,,,,,,,,,,,,,,,,,,,,,,,,,,,,,,,,,,,,,,,,,,,,,,,,,,,,,,,,,,,,,,,,,,,,,,,,,,,,,,,,,,,,,,,,,,,,,,,,,,,,,,,,,,,,,,,,,,,,,,,,,,,,,,,,,,,,,,,,,,,,,,,,,,,,,,,,,,,,,,,,,,,,,,,,,,,,,,,,,,,,,,,,,,,,,,,,,,,,,,,,,,,,,,,,,,,,,,,,,,,,,,,,,,,,,,,,,,,,,,,,,,,,,,,,,,,,,,,,,,,,,,,,,,,,,,,,,,,,,,,,,,,,,,,,,,,,,,,,,,,,,,,,,,,,,,,,,,,,,,,,,,,,,,,,,,,,,,,,,,,,,,,,,,,,,,,,,,,,,,,,,,,,,,,,,,,,,,,,,,,,,,,,,,,,,,,,,,,,,,,,,,,,,,,,,,,,,,,,,,,,,,,,,,,,,,,,,,,,,,,,,,,,,,,,,,,,,,,,,,,,,,,,,,,,,,,,,,,,,,,,,,,,,,,,,,,,,,,,,,,,,,,,,,,,,,,,,,,,,,,,,,,,,,,,,,,,,,,,,,,,,,,,,,,,,,,,,,,,,,,,,,,,,,,,,,,,,,,,,,,,,,,,,,,,,,,,,,,,,,,,,,,,,,,,,,,,,,,,,,,,,,,,,,,,,,,,,,,,,,,,,,,,,,,,,,,,,,,,,,,,,,,,,,,,,,,,,,,,,,,,,,,,,,,,,,,,,,,,,,,,,,,,,,,,,,,,,,,,,,,,,,,,,,,,,,,,,,,,,,,,,,,,,,,,,,,,,,,,,,,,,,,,,,,,,,,,,,,,,,,,,,,,,,,,,,,,,,,,,,,,,,,,,,,,,,,,,,,,,,,,,,,,,,,,,,,,,,,,,,,,,,,,,,,,,,,,,,,,,,,,,,,,,,,,,,,,,,,,,,,,,,,,,,,,,,,,,,,,,,,,,,,,,,,,,,,,,,,,,,,,,,,,,,,,,,,,,,,,,,,,,,,,,,,,,,,,,,,,,,,,,,,,,,,,,,,,,,,,,,,,,,,,,,,,,,,,,,,,,,,,,,,,,,,,,,,,,,,,,,,,,,,,,,,,,,,,,,,,,,,,,,,,,,,,,,,,,,,,,,,,,,,,,,,,,,,,,,,,,,,,,,,,,,,,,,,,,,,,,,,,,,,,,,,,,,,,,,,,,,,,,,,,,,,,,,,,,,,,,,,,,,,,,,,,,,,,,,,,,,,,,,,,,,,,,,,,,,,,,,,,,,,,,,,,,,,,,,,,,,,,,,,,,,,,,,,,,,,,,,,,,,,,,,,,,,,,,,,,,,,,,,,,,,,,,,,,,,,,,,,,,,,,,,,,,,,,,,,,,,,,,,,,,,,,,,,,,,,,,,,,,,,,,,,,,,,,,,,,,,,,,,,,,,,,,,,,,,,,,,,,,,,,,,,,,,,,,,,,,,,,,,,,,,,,,,,,,,,,,,,,,,,,,,,,,,,,,,,,,,,,,,,,,,,,,,,,,,,,,,,,,,,,,,,,,,,,,,,,,,,,,,,,,,,,,,,,,,,,,,,,,,,,,,,,
,,2025801,LOCAL,990,RC,HC SPORTS SPECIFIC TRAINING 30 MIN,90,17.1,both,,,,,,,,,,,,,,,,,,,,,,,,,,,,,,,,,,,,,,,,,,,,,,,,,,,,,,,,,,,,,,,,,,,,,,,,,,,,,,,,,,,,,,,,,,,,,,,,,,,,,,,,,,,,,,,,,,,,,,,,,,,,,,,,,,,,,,,,,,,,,,,,,,,,,,,,,,,,,,,,,,,,,,,,,,,,,,,,,,,,,,,,,,,,,,,,,,,,,,,,,,,,,,,,,,,,,,,,,,,,,,,,,,,,,,,,,,,,,,,,,,,,,,,,,,,,,,,,,,,,,,,,,,,,,,,,,,,,,,,,,,,,,,,,,,,,,,,,,,,,,,,,,,,,,,,,,,,,,,,,,,,,,,,,,,,,,,,,,,,,,,,,,,,,,,,,,,,,,,,,,,,,,,,,,,,,,,,,,,,,,,,,,,,,,,,,,,,,,,,,,,,,,,,,,,,,,,,,,,,,,,,,,,,,,,,,,,,,,,,,,,,,,,,,,,,,,,,,,,,,,,,,,,,,,,,,,,,,,,,,,,,,,,,,,,,,,,,,,,,,,,,,,,,,,,,,,,,,,,,,,,,,,,,,,,,,,,,,,,,,,,,,,,,,,,,,,,,,,,,,,,,,,,,,,,,,,,,,,,,,,,,,,,,,,,,,,,,,,,,,,,,,,,,,,,,,,,,,,,,,,,,,,,,,,,,,,,,,,,,,,,,,,,,,,,,,,,,,,,,,,,,,,,,,,,,,,,,,,,,,,,,,,,,,,,,,,,,,,,,,,,,,,,,,,,,,,,,,,,,,,,,,,,,,,,,,,,,,,,,,,,,,,,,,,,,,,,,,,,,,,,,,,,,,,,,,,,,,,,,,,,,,,,,,,,,,,,,,,,,,,,,,,,,,,,,,,,,,,,,,,,,,,,,,,,,,,,,,,,,,,,,,,,,,,,,,,,,,,,,,,,,,,,,,,,,,,,,,,,,,,,,,,,,,,,,,,,,,,,,,,,,,,,,,,,,,,,,,,,,,,,,,,,,,,,,,,,,,,,,,,,,,,,,,,,,,,,,,,,,,,,,,,,,,,,,,,,,,,,,,,,,,,,,,,,,,,,,,,,,,,,,,,,,,,,,,,,,,,,,,,,,,,,,,,,,,,,,,,,,,,,,,,,,,,,,,,,,,,,,,,,,,,,,,,,,,,,,,,,,,,,,,,,,,,,,,,,,,,,,,,,,,,,,,,,,,,,,,,,,,,,,,,,,,,,,,,,,,,,,,,,,,,,,,,,,,,,,,,,,,,,,,,,,,,,,,,,,,,,,,,,,,,,,,,,,,,,,,,,,,,,,,,,,,,,,,,,,,,,,,,,,,,,,,,,,,,,,,,,,,,,,,,,,,,,,,,,,,,,,,,,,,,,,,,,,,,,,,,,,,,,,,,,,,,,,,,,,,,,,,,,,,,,,,,,,,,,,,,,,,,,,,,,,,,,,,,,,,,,,,,,,,,,,,,,,,,,,,,,,,,,,,,,,,,,,,,,,,,,,,,,,,,,,,,,,,,,,,,,,,,,,,,,,,,,,,,,,,,,,,,,,,,,,,,,,,,,,,,,,,,,,,,,,,,,,,,,,,,,,,,,,,,,,,,,,,,,,,,,,,,,,,,,,,,,,,,,,,,,,,,,,,,,,,,,,,,,,,,,,,,,,,,,,,,,,,,,,,,,,,,,,,,,,,,,,,,,,,,,,,,,,,,,,,,,,,,,,,,,,,,,,,,,,,,,,,,,,,,,,,,,,,,,,,,,,,,,,,,,,,,,,,,,,,,,,,,,,,,,,,,,,,,,,,,,,,,,,,,,,,,,,,,,,,,,,,,,,,,,,,,,,,,,,,,,,,,,,,,,,,,,,,,,,,,,,,,,,,,,,,,,,,,,,,,,,,,,,,,,,,,,,,,,,,,,,,,,,,,,,,,,,,,,,,,,,,,,,,,,,,,,,,,,,,,,,,,,,,,,,,,,,,,,,,,,,,,,,,,,,,,,,,,,,,,,,,,,,,,,,,,,,,,,,,,,,,,,,,,,,,,,,,,,,,,,,,,,,,,,,,,,,,,,,,,,,,,,,,,,,,,,,,,,,,,,,,,,,,,,,,,,,,,,,,,,,,,,,,,,,,,,,,,,,,,,,,,,,,,,,,,,,,,,,,,,,,,,,,,,,,,,,,,,,,,,,,,,,,,,,,,,,,,,,,,,,,,,,,,,,,,,,,,,,,,,,,,,,,,,,,,,,,,,,,,,,,,,,,,,,,,,,,,,,,,,,,,,,,,,,,,,,,,,,,,,,,,,,,,,,,,,,,,,,,,,,,,,,,,,,,,,,,,,,,,,,,,,,,,,,,,,,,,,,,,,,,,,,,,,,,,,,,,,,,,,,,,,,,,,,,,,,,,,,,,,,,,,,,,,,,,,,,,,,,,,,,,,,,,,,,,,,,,,,,,,,,,,,,,,,,,,,,,,,,,,,,,,,,,,,,,,,,,,,,,,,,,,,,,,,,,,,,,,,,,,,,,,,,,,,,,,,,,,,,,,,,,,,,,,,,,,,,,,,,,,,,,,,,,,,,,,,,,,,,,,,,,,,,,,,,,,,,,,,,,,,,,,,,,,,,,,,,,,,,,,,,,,,,,,,,,,,,,,,,,,,,,,,,,,,,,,,,,,,,,,,,,,,,,,,,,,,,,,,,,,,,,,,,,,,,,,,,,,,,,,,,,,,,,,,,,,,,,,,,,,,,,,,,,,,,,,,,,,,,,,,,,,,,,,,,,,,,,,,,,,,,,,,,,,,,,,,,,,,,,,,,,,,,,,,,,,,,,,,,,,,,,,,,,,,,,,,,,,,,,,,,,,,,,,,,,,,,,,,,,,,,,,,,,,,,,,,,,,,,,,,,,,,,,,,,,,,,,,,,,,,,,,,,,,,,,,,,,,,,,,,,,,,,,,,,,,,,,,,,,,,,,,,,,,,,,,,,,,,,,,,,,,,,,,,,,,,,,,,,,,,,,,,,,,,,,,,,,,,,,,,,,,,,,,,,,,,,,,,,,,,,,,,,,,,,,,,,,,,,,,,,,,,,,,,,,,,,,,,,,,,,,,,,,,,,,,,,,,,,,,,,,,,,,,,,,,,,,,,,,,,,,,,,,,,,,,,,,,,,,,,,,,,,,,,,,,,,,,,,,,,,,,,,,,,,,,,,,,,,,,,,,,,,,,,,,,,,,,,,,,,,,,,,,,,,,,,,,,,,,,,,,,,,,,,,,,,,,,,,,,,,,,,,,,,,,,,,,,,,,,,,,,,,,,,,,,,,,,,,,,,,,,,,,,,,,,,,,,,,,,,,,,,,,,,,,,,,,,,,,,,,,,,,,,,,,,,,,,,,,,,,,,,,,,,,,,,,,,,,,,,,,,,,,,,,,,,,,,,,,,,,,,,,,,,,,,,,,,,,,,,,,,,,,,,,,,,,,,,,,,,,,,,,,,,,,,,,,,,,,,,,,,,,,,,,,,,,,,,,,,,,,,,,,,,,,,,,,,,,,,,,,,,,,,,,,,,,,,,,,,,,,,,,,,,,,,,,,,,,,,,,,,,,,,,,,,,,,,,,,,,,,,,,,,,,,,,,,,,,,,,,,,,,,,,,,,,,,,,,,,,,,,,,,,,,,,,,,,,,,,,,,,,,,,,,,,,,,,,,,,,,,,,,,,,,,,,,,,,,,,,,,,,,,,,,,,,,,,,,,,,,,,,,,,,,,,,,,,,,,,,,,,,,,,,,,,,,,,,,,,,,,,,,,,,,,,,,,,,,,,,,,,,,,,,,,,,,,,,,,,,,,,,,,,,,,,,,,,,,,,,,,,,,,,,,,,,,,,,,,,,,,,,,,,,,,,,,,,,,,,,,,,,,,,,,,,,,,,,,,,,,,,,,,,,,,,,,,,,,,,,,,,,,,,,,,,,,,,,,,,,,,,,,,,,,,,,,,,,,,,,,,,,,,,,,,,,,,,,,,,,,,,,,,,,,,,,,,,,,,,,,,,,,,,,,,,,,,,,,,,,,,,,,,,,,,,,,,,,,,,,,,,,,,,,,,,,,,,,,,,,,,,,,,,,,,,,
,,5010010,LOCAL,343,RC,DIAGNOSTIC RADIOPHARMACEUTICALS,864.05,164.1695,Inpatient,UN,1,,,,,,,,,,,,,,,,,,,,,,,,,,,,,,,,,,,,,,,,,,,,,,,,,,,,,,,,,,,,,,,,,,,,,,,,,,,,,,,,,,,,,,,,,,,,,,,,,,,,,,,,,,,,,,,,,,,,,,,,,,,,,,,,,,,,,,,,,,,,,,,,,,,,,,,,,,,,,,,,,,,,,,,,,,,,,,,,,,,,,,,,,,,,,,,,,,,,,,,,,,,,,,,,,,,,,,,,,,,,,,,,,,,,,,,,,,,,,,,,,,,,,,,,,,,,,,,,,,,,,,,,,,,,,,,,,,,,,,,,,,,,,,,,,,,,,,,,,,,,,,,,,,,,,,,,,,,,,,,,,,,,,,,,,,,,,,,,,,,,,,,,,,,,,,,,,,,,,,,,,,,,,,,,,,,,,,,,,,,,,,,,,,,,,,,,,,,,,,,,,,,,,,,,,,,,,,,,,,,,,,,,,,,,,,,,,,,,,,,,,,,,,,,,,,,,,,,,,,,,,,,,,,,,,,,,,,,,,,,,,,,,,,,,,,,,,,,,,,,,,,,,,,,,,,,,,,,,,,,,,,,,,,,,,,,,,,,,,,,,,,,,,,,,,,,,,,,,,,,,,,,,,,,,,,,,,,,,,,,,,,,,,,,,,,,,,,,,,,,,,,,,,,,,,,,,,,,,,,,,,,,,,,,,,,,,,,,,,,,,,,,,,,,,,,,,,,,,,,,,,,,,,,,,,,,,,,,,,,,,,,,,,,,,,,,,,,,,,,,,,,,,,,,,,,,,,,,,,,,,,,,,,,,,,,,,,,,,,,,,,,,,,,,,,,,,,,,,,,,,,,,,,,,,,,,,,,,,,,,,,,,,,,,,,,,,,,,,,,,,,,,,,,,,,,,,,,,,,,,,,,,,,,,,,,,,,,,,,,,,,,,,,,,,,,,,,,,,,,,,,,,,,,,,,,,,,,,,,,,,,,,,,,,,,,,,,,,,,,,,,,,,,,,,,,,,,,,,,,,,,,,,,,,,,,,,,,,,,,,,,,,,,,,,,,,,,,,,,,,,,,,,,,,,,,,,,,,,,,,,,,,,,,,,,,,,,,,,,,,,,,,,,,,,,,,,,,,,,,,,,,,,,,,,,,,,,,,,,,,,,,,,,,,,,,,,,,,,,,,,,,,,,,,,,,,,,,,,,,,,,,,,,,,,,,,,,,,,,,,,,,,,,,,,,,,,,,,,,,,,,,,,,,,,,,,,,,,,,,,,,,,,,,,,,,,,,,,,,,,,,,,,,,,,,,,,,,,,,,,,,,,,,,,,,,,,,,,,,,,,,,,,,,,,,,,,,,,,,,,,,,,,,,,,,,,,,,,,,,,,,,,,,,,,,,,,,,,,,,,,,,,,,,,,,,,,,,,,,,,,,,,,,,,,,,,,,,,,,,,,,,,,,,,,,,,,,,,,,,,,,,,,,,,,,,,,,,,,,,,,,,,,,,,,,,,,,,,,,,,,,,,,,,,,,,,,,,,,,,,,,,,,,,,,,,,,,,,,,,,,,,,,,,,,,,,,,,,,,,,,,,,,,,,,,,,,,,,,,,,,,,,,,,,,,,,,,,,,,,,,,,,,,,,,,,,,,,,,,,,,,,,,,,,,,,,,,,,,,,,,,,,,,,,,,,,,,,,,,,,,,,,,,,,,,,,,,,,,,,,,,,,,,,,,,,,,,,,,,,,,,,,,,,,,,,,,,,,,,,,,,,,,,,,,,,,,,,,,,,,,,,,,,,,,,,,,,,,,,,,,,,,,,,,,,,,,,,,,,,,,,,,,,,,,,,,,,,,,,,,,,,,,,,,,,,,,,,,,,,,,,,,,,,,,,,,,,,,,,,,,,,,,,,,,,,,,,,,,,,,,,,,,,,,,,,,,,,,,,,,,,,,,,,,,,,,,,,,,,,,,,,,,,,,,,,,,,,,,,,,,,,,,,,,,,,,,,,,,,,,,,,,,,,,,,,,,,,,,,,,,,,,,,,,,,,,,,,,,,,,,,,,,,,,,,,,,,,,,,,,,,,,,,,,,,,,,,,,,,,,,,,,,,,,,,,,,,,,,,,,,,,,,,,,,,,,,,,,,,,,,,,,,,,,,,,,,,,,,,,,,,,,,,,,,,,,,,,,,,,,,,,,,,,,,,,,,,,,,,,,,,,,,,,,,,,,,,,,,,,,,,,,,,,,,,,,,,,,,,,,,,,,,,,,,,,,,,,,,,,,,,,,,,,,,,,,,,,,,,,,,,,,,,,,,,,,,,,,,,,,,,,,,,,,,,,,,,,,,,,,,,,,,,,,,,,,,,,,,,,,,,,,,,,,,,,,,,,,,,,,,,,,,,,,,,,,,,,,,,,,,,,,,,,,,,,,,,,,,,,,,,,,,,,,,,,,,,,,,,,,,,,,,,,,,,,,,,,,,,,,,,,,,,,,,,,,,,,,,,,,,,,,,,,,,,,,,,,,,,,,,,,,,,,,,,,,,,,,,,,,,,,,,,,,,,,,,,,,,,,,,,,,,,,,,,,,,,,,,,,,,,,,,,,,,,,,,,,,,,,,,,,,,,,,,,,,,,,,,,,,,,,,,,,,,,,,,,,,,,,,,,,,,,,,,,,,,,,,,,,,,,,,,,,,,,,,,,,,,,,,,,,,,,,,,,,,,,,,,,,,,,,,,,,,,,,,,,,,,,,,,,,,,,,,,,,,,,,,,,,,,,,,,,,,,,,,,,,,,,,,,,,,,,,,,,,,,,,,,,,,,,,,,,,,,,,,,,,,,,,,,,,,,,,,,,,,,,,,,,,,,,,,,,,,,,,,,,,,,,,,,,,,,,,,,,,,,,,,,,,,,,,,,,,,,,,,,,,,,,,,,,,,,,,,,,,,,,,,,,,,,,,,,,,,,,,,,,,,,,,,,,,,,,,,,,,,,,,,,,,,,,,,,,,,,,,,,,,,,,,,,,,,,,,,,,,,,,,,,,,,,,,,,,,,,,,,,,,,,,,,,,,,,,,,,,,,,,,,,,,,,,,,,,,,,,,,,,,,,,,,,,,,,,,,,,,,,,,,,,,,,,,,,,,,,,,,,,,,,,,,,,,,,,,,,,,,,,,,,,,,,,,,,,,,,,,,,,,,,,,,,,,,,,,,,,,,,,,,,,,,,,,,,,,,,,,,,,,,,,,,,,,,,,,,,,,,,,,,,,,,,,,,,,,,,,,,,,,,,,,,,,,,,,,,,,,,,,,,,,,,,,,,,,,,,,,,,,,,,,,,,,,,,,,,,,,,,,,,,,,,,,,,,,,,,,,,,,,,,,,,,,,,,,,,,,,,,,,,,,,,,,,,,,,,,,,,,,,,,,,,,,,,,,,,,,,,,,,,,,,,,,,,,,,,,,,,,,,,,,,,,,,,,,,,,,,,,,,,,,,,,,,,,,,,,,,,,,,,,,,,,,,,,,,,,,,,,,,,,,,,,,,,,,,,,,,,,,,,,,,,,,,,,,,,,,,,,,,,,,,,,,,,,,,,,,,,,,,,,,,,,,,,,,,,,,,,,,,,,,,,,,,,,,,,,,,,,,,,,,,,,,,,,,,,,,,,,,,,,,,,,,,,,,,,,,,,,,,,,,,,,,,,,,,,,,,,,,,,,,,,,,,,,,,,,,,,,,,,,,,,,,,,,,,,,,,,,,,,,,,,,,,,,,,,,,,,,,,,,,,,,,,,,,,,,,,,,,,,,,,,,,,,,,,,,,,,,,,,,,,,,,,,,,,,,,,,,,,,,,,,,,,,,,,,,,,,,,,,,,,,,,,,,,,,,,,,,,,,,,,,,,,,,,,,,,,,,,,,,,,,,,,,,,,,,,,,,,,,,,,,,,,,,,,,,,,,,,,,,,,,,,,,,,,,,,,,,,,,,,,,,,,,,,,,,,,,,,,,,,,,,,,,,,,,,,,,,,,,,,,,,,,,,,,,,,,,,,,,,,,,,,,,,,,,,,,,,,,,,,,,,,,,,,,,,,,,,,,,,,,,,,,,,,,,,,,,,,,,,,,,,,,,,,,,,,,,,,,,,,,,,,,,,,,,,,,,,,,,,,,,,,
0152U,CPT,2027631,LOCAL,310,RC,HC INFECTIOUS DISEASE DNA UNTARGETED NEXT-GEN SEQUENCING,6378.6,2551.44,both,,,,35.09,,,,,,,Fee Schedule,"100 % 1199 Fee Schedule. ",35.09,,,,,,,Fee Schedule,"100 % 1199 Fee Schedule. ",5336.76,,,,,,,Fee Schedule,"250.999905935472 % Medicare Physician FS TC Rates Only. ",6378.6,100,,,,,0,percent of total billed charges,100 percent of billed charges; No services were performed during the 15 month look back period.,2126.2,,,,,,,Fee Schedule,"100% Medicare Lab FS. ",5336.76,,,,,,,Fee Schedule,"250.999905935472 % Medicare Physician FS TC Rates Only. ",5336.76,,,,,,,Fee Schedule,"250.999905935472 % Medicare Physician FS TC Rates Only. ",5336.76,,,,,,,Fee Schedule,"250.999905935472 % Medicare Physician FS TC Rates Only. ",,,,,,,,Other,"100 Percent of Medicaid APG. ",,,,,,,,Other,"100 Percent of Medicaid APG. ",4975.308,78,,,,,0,percent of total billed charges,78% of Billed Charges. Lesser of 100% of billed charges applies.; No services were performed during the 15 month look back period.,2126.2,,,,,,,Fee Schedule,"100 % 2022 CMS Clinical Lab National Limit Pub 20211215. ",,,,,,,,Other,"100 Percent of Medicaid APG. ",2126.2,,,,,,,Fee Schedule,"100% Medicare Lab FS. ",3827.16,60,,,,,0,percent of total billed charges,60 percent of billed charges; No services were performed during the 15 month look back period.,3827.16,60,,,,,0,percent of total billed charges,60 percent of billed charges; No services were performed during the 15 month look back period.,3827.16,60,,,,,0,percent of total billed charges,60 percent of billed charges; No services were performed during the 15 month look back period.,3827.16,60,,,,,0,percent of total billed charges,60 percent of billed charges; No services were performed during the 15 month look back period.,1913.58,,,,,,,Fee schedule,90 Percent of Medicare Laboratory. Covered services not payable under Medicaid Fee Schedules default to a payment of 50 percent of charges.,2126.2,,,,,,,Fee Schedule,"100% Medicare Lab FS. ",1913.58,,,,,,,Fee schedule,90 Percent of Medicare Laboratory. Covered services not payable under Medicaid Fee Schedules default to a payment of 50 percent of charges.,4975.308,78,,,,,0,percent of total billed charges,78% of Billed Charges. Lesser of 100% of billed charges applies.; No services were performed during the 15 month look back period.,5336.76,,,,,,,Fee Schedule,"250.999905935472 % Medicare Physician FS TC Rates Only. ",2126.2,,,,,,,Fee Schedule,"100% Medicare Lab FS. ",5421.81,,,,,,,Fee Schedule,"255 % Medicare RBRVS. ",2126.2,,,,,,,Fee Schedule,"100% Medicare Lab FS. ",2126.2,,,,,,,Fee Schedule,"100% Medicare Lab FS. ",4975.308,78,,,,,0,percent of total billed charges,78% of Billed Charges. Lesser of 100% of billed charges applies.; No services were performed during the 15 month look back period.,1913.58,,,,,,,Fee Schedule,90 Percent of Medicare RBRVS. Lesser of 100% of billed charges applies.,1913.58,,,,,,,Fee Schedule,90 Percent of Medicare RBRVS. Lesser of 100% of billed charges applies.,,,,,,,,Case rate,"100 Percent of Medicaid APG. ",,,,,,,,Case rate,"100 Percent of Medicaid APG. ",5421.81,,,,,,,Fee Schedule,"255 % Medicare RBRVS. ",5421.81,,,,,,,Fee Schedule,"255 % Medicare RBRVS. ",,,,,,,,Other,"100 Percent of Medicaid APG. Not APG payable, or payable under another fee schedule like ASP/AWP pays at 30% of charges",5421.81,,,,,,,Fee Schedule,"255 % Medicare RBRVS. ",,,,,,,,Other,"100 Percent of Medicaid APG. Not APG payable, or payable under another fee schedule like ASP/AWP pays at 30% of charges",2126.2,,,,,,,Fee Schedule,"100% Medicare Lab FS. ",5421.81,,,,,,,Fee Schedule,"255 % Medicare RBRVS. ",4975.308,78,,,,,0,percent of total billed charges,78% of Billed Charges. Lesser of 100% of billed charges applies.; No services were performed during the 15 month look back period.,,,,,,,,Other,"100 Percent of Medicaid APG. If not priced under APG, then Metroplus FeeSched",,,,,,,,Other,"100 Percent of Medicaid APG. If not priced under APG, then Metroplus FeeSched",4975.308,78,,,,,0,percent of total billed charges,78% of Billed Charges. Lesser of 100% of billed charges applies.; No services were performed during the 15 month look back period.,3827.16,60,,,,,0,percent of total billed charges,60 percent of billed charges; No services were performed during the 15 month look back period.,2126.2,,,,,,,Fee Schedule,"100 % 2022 CMS Clinical Lab National Limit Pub 20211215. ",2126.2,,,,,,,Fee Schedule,"100 % 2022 CMS Clinical Lab National Limit Pub 20211215. ",4975.308,78,,,,,0,percent of total billed charges,78% of Billed Charges. Lesser of 100% of billed charges applies.; No services were performed during the 15 month look back period.,2126.2,,,,,,,Fee Schedule,"100% Medicare Lab FS. ",2126.2,,,,,,,Fee Schedule,"100 % 2022 CMS Clinical Lab National Limit Pub 20211215. ",2126.2,,,,,,,Fee Schedule,"100 % 2022 CMS Clinical Lab National Limit Pub 20211215. ",2126.2,,,,,,,Fee Schedule,"100 % 2022 CMS Clinical Lab National Limit Pub 20211215. ",2126.2,,,,,,,Fee Schedule,"100% Medicare Lab FS. ",2126.2,,,,,,,Fee Schedule,"100 % 2022 CMS Clinical Lab National Limit Pub 20211215. ",2126.2,,,,,,,Fee Schedule,"100 % 2022 CMS Clinical Lab National Limit Pub 20211215. ",2126.2,,,,,,,Fee Schedule,"100% of Medicare Lab FS. ",3189.3,50,,,,,0,percent of total billed charges,50 percent of billed charges; No services were performed during the 15 month look back period.,30.04,,,,,,,Fee Schedule,"238 % BCBS Standard HMO. ",30.04,,,,,,,Fee Schedule,"238 % BCBS Standard HMO. ",30.04,,,,,,,Fee Schedule,"238 % BCBS Standard HMO. ",30.04,,,,,,,Fee Schedule,"238 % BCBS Standard HMO. ",30.04,,,,,,,Fee Schedule,"238 % BCBS Standard HMO. ",30.04,,,,,,,Fee Schedule,"238 % BCBS Standard HMO. ",2126.2,,,,,,,Fee Schedule,"100% Medicare Lab FS. ",2126.2,,,,,,,Fee Schedule,"100% Medicare Lab FS. ",30.04,,,,,,,Fee Schedule,"238 % BCBS Standard HMO. ",4975.308,78,,,,,0,percent of total billed charges,78% of Billed Charges. Lesser of 100% of billed charges applies.; No services were performed during the 15 month look back period.,4975.308,78,,,,,0,percent of total billed charges,78% of Billed Charges. Lesser of 100% of billed charges applies.; No services were performed during the 15 month look back period.,4975.308,78,,,,,0,percent of total billed charges,78% of Billed Charges. Lesser of 100% of billed charges applies.; No services were performed during the 15 month look back period.,4975.308,78,,,,,0,percent of total billed charges,78% of Billed Charges. Lesser of 100% of billed charges applies.; No services were performed during the 15 month look back period.,4975.308,78,,,,,0,percent of total billed charges,78% of Billed Charges. Lesser of 100% of billed charges applies.; No services were performed during the 15 month look back period.,4975.308,78,,,,,0,percent of total billed charges,78% of Billed Charges. Lesser of 100% of billed charges applies.; No services were performed during the 15 month look back period.,4975.308,78,,,,,0,percent of total billed charges,78% of Billed Charges. Lesser of 100% of billed charges applies.; No services were performed during the 15 month look back period.,4975.308,78,,,,,0,percent of total billed charges,78% of Billed Charges. Lesser of 100% of billed charges applies.; No services were performed during the 15 month look back period.,4975.308,78,,,,,0,percent of total billed charges,78% of Billed Charges. Lesser of 100% of billed charges applies.; No services were performed during the 15 month look back period.,4975.308,78,,,,,0,percent of total billed charges,78% of Billed Charges. Lesser of 100% of billed charges applies.; No services were performed during the 15 month look back period.,4975.308,78,,,,,0,percent of total billed charges,78% of Billed Charges. Lesser of 100% of billed charges applies.; No services were performed during the 15 month look back period.,4975.308,78,,,,,0,percent of total billed charges,78% of Billed Charges. Lesser of 100% of billed charges applies.; No services were performed during the 15 month look back period.,4975.308,78,,,,,0,percent of total billed charges,78% of Billed Charges. Lesser of 100% of billed charges applies.; No services were performed during the 15 month look back period.,4975.308,78,,,,,0,percent of total billed charges,78% of Billed Charges. Lesser of 100% of billed charges applies.; No services were performed during the 15 month look back period.,4975.308,78,,,,,0,percent of total billed charges,78% of Billed Charges. Lesser of 100% of billed charges applies.; No services were performed during the 15 month look back period.,4975.308,78,,,,,0,percent of total billed charges,78% of Billed Charges. Lesser of 100% of billed charges applies.; No services were performed during the 15 month look back period.,4975.308,78,,,,,0,percent of total billed charges,78% of Billed Charges. Lesser of 100% of billed charges applies.; No services were performed during the 15 month look back period.,4975.308,78,,,,,0,percent of total billed charges,78% of Billed Charges. Lesser of 100% of billed charges applies.; No services were performed during the 15 month look back period.,4975.308,78,,,,,0,percent of total billed charges,78% of Billed Charges. Lesser of 100% of billed charges applies.; No services were performed during the 15 month look back period.,4975.308,78,,,,,0,percent of total billed charges,78% of Billed Charges. Lesser of 100% of billed charges applies.; No services were performed during the 15 month look back period.,4975.308,78,,,,,0,percent of total billed charges,78% of Billed Charges. Lesser of 100% of billed charges applies.; No services were performed during the 15 month look back period.,4975.308,78,,,,,0,percent of total billed charges,78% of Billed Charges. Lesser of 100% of billed charges applies.; No services were performed during the 15 month look back period.,4975.308,78,,,,,0,percent of total billed charges,78% of Billed Charges. Lesser of 100% of billed charges applies.; No services were performed during the 15 month look back period.,4975.308,78,,,,,0,percent of total billed charges,78% of Billed Charges. Lesser of 100% of billed charges applies.; No services were performed during the 15 month look back period.,4975.308,78,,,,,0,percent of total billed charges,78% of Billed Charges. Lesser of 100% of billed charges applies.; No services were performed during the 15 month look back period.,4975.308,78,,,,,0,percent of total billed charges,78% of Billed Charges. Lesser of 100% of billed charges applies.; No services were performed during the 15 month look back period.,5421.81,,,,,,,Fee Schedule,"255 % Medicare RBRVS. ",5421.81,,,,,,,Fee Schedule,"255 % Medicare RBRVS. ",5421.81,,,,,,,Fee Schedule,"255 % Medicare RBRVS. ",5421.81,,,,,,,Fee Schedule,"255 % Medicare RBRVS. ",4103.57,,,,,,,Fee Schedule,"193 % Medicare RBRVS. ",4103.57,,,,,,,Fee Schedule,"193 % Medicare RBRVS. ",3827.16,60,,,,,0,percent of total billed charges,60 percent of billed charges; No services were performed during the 15 month look back period.,30.04,,,,,,,Fee Schedule,"238 % BCBS Standard HMO. ",2126.2,,,,,,,Fee Schedule,"100 % 2022 CMS Clinical Lab National Limit Pub 20211215. ",30.04,,,,,,,Fee Schedule,"238 % BCBS Standard HMO. ",4975.308,78,,,,,0,percent of total billed charges,78% of Billed Charges. Lesser of 100% of billed charges applies.; No services were performed during the 15 month look back period.,4103.57,,,,,,,Fee Schedule,"193 % Medicare RBRVS. ",30.04,,,,,,,Fee Schedule,"238 % BCBS Standard HMO. ",2126.2,,,,,,,Fee Schedule,"100 % 2022 CMS Clinical Lab National Limit Pub 20211215. ",3827.16,60,,,,,0,percent of total billed charges,60 percent of billed charges; No services were performed during the 15 month look back period.,,,,,,,,,"NA. ",4975.308,78,,,,,0,percent of total billed charges,78% of Billed Charges. Lesser of 100% of billed charges applies.; No services were performed during the 15 month look back period.,,,,,,,,Other,"100 Percent of Medicaid APG. ",5421.81,,,,,,,Fee Schedule,"255 % Medicare RBRVS. ",,,,,,,,Other,"100 Percent of Medicaid APG. Not APG payable, or payable under another fee schedule like ASP/AWP pays at 30% of charges",2126.2,,,,,,,Fee Schedule,"100% Medicare Lab FS. ",2126.2,,,,,,,Fee Schedule,"100% Medicare Lab FS. ",3189.3,50,,,,,0,percent of total billed charges,50 percent of billed charges; No services were performed during the 15 month look back period.,2126.2,,,,,,,Fee Schedule,"100% Medicare Lab FS. ",2126.2,,,,,,,Fee Schedule,"100% Medicare Lab FS. ",,,,,,,,Other,"100 Percent of Medicaid APG. ",2126.2,,,,,,,Fee Schedule,"100% Medicare Lab FS. ",2126.2,,,,,,,Fee Schedule,"100% Medicare Lab FS. ",5336.76,,,,,,,Fee Schedule,"250.999905935472 % Medicare Physician FS TC Rates Only. ",5336.76,,,,,,,Fee Schedule,"250.999905935472 % Medicare Physician FS TC Rates Only. ",2126.2,,,,,,,Fee Schedule,"100% Medicare Lab FS. ",3827.16,60,,,,,0,percent of total billed charges,60 percent of billed charges; No services were performed during the 15 month look back period.,2126.2,,,,,,,Fee Schedule,"100 % 2022 CMS Clinical Lab National Limit Pub 20211215. ",2126.2,,,,,,,Fee Schedule,"100 % 2022 CMS Clinical Lab National Limit Pub 20211215. ",2126.2,,,,,,,Fee Schedule,"100% Medicare Lab FS. ",3827.16,60,,,,,0,percent of total billed charges,60 percent of billed charges; No services were performed during the 15 month look back period.,5336.76,,,,,,,Fee Schedule,"250.999905935472 % Medicare Physician FS TC Rates Only. ",5336.76,,,,,,,Fee Schedule,"250.999905935472 % Medicare Physician FS TC Rates Only. ",5336.76,,,,,,,Fee Schedule,"250.999905935472 % Medicare Physician FS TC Rates Only. ",4975.308,78,,,,,0,percent of total billed charges,78% of Billed Charges. Lesser of 100% of billed charges applies.; No services were performed during the 15 month look back period.,4975.308,78,,,,,0,percent of total billed charges,78% of Billed Charges. Lesser of 100% of billed charges applies.; No services were performed during the 15 month look back period.,4975.308,78,,,,,0,percent of total billed charges,78% of Billed Charges. Lesser of 100% of billed charges applies.; No services were performed during the 15 month look back period.,4975.308,78,,,,,0,percent of total billed charges,78% of Billed Charges. Lesser of 100% of billed charges applies.; No services were performed during the 15 month look back period.,4975.308,78,,,,,0,percent of total billed charges,78% of Billed Charges. Lesser of 100% of billed charges applies.; No services were performed during the 15 month look back period.,4975.308,78,,,,,0,percent of total billed charges,78% of Billed Charges. Lesser of 100% of billed charges applies.; No services were performed during the 15 month look back period.,4975.308,78,,,,,0,percent of total billed charges,78% of Billed Charges. Lesser of 100% of billed charges applies.; No services were performed during the 15 month look back period.,4975.308,78,,,,,0,percent of total billed charges,78% of Billed Charges. Lesser of 100% of billed charges applies.; No services were performed during the 15 month look back period.,4975.308,78,,,,,0,percent of total billed charges,78% of Billed Charges. Lesser of 100% of billed charges applies.; No services were performed during the 15 month look back period.,4975.308,78,,,,,0,percent of total billed charges,78% of Billed Charges. Lesser of 100% of billed charges applies.; No services were performed during the 15 month look back period.,4975.308,78,,,,,0,percent of total billed charges,78% of Billed Charges. Lesser of 100% of billed charges applies.; No services were performed during the 15 month look back period.,4103.57,,,,,,,Fee Schedule,"193 % Medicare RBRVS. ",30.04,,,,,,,Fee Schedule,"238 % BCBS Standard HMO. ",3827.16,60,,,,,0,percent of total billed charges,60 percent of billed charges; No services were performed during the 15 month look back period.,2126.2,,,,,,,Fee Schedule,"100% Medicare Lab FS. ",5336.76,,,,,,,Fee Schedule,"250.999905935472 % Medicare Physician FS TC Rates Only. ",3827.16,60,,,,,0,percent of total billed charges,60 percent of billed charges; No services were performed during the 15 month look back period.,3827.16,60,,,,,0,percent of total billed charges,60 percent of billed charges; No services were performed during the 15 month look back period.,4975.308,78,,,,,0,percent of total billed charges,78% of Billed Charges. Lesser of 100% of billed charges applies.; No services were performed during the 15 month look back period.,,,,,,,,Other,"214 Percent of Medicaid APG. ",3827.16,60,,,,,0,percent of total billed charges,60 percent of billed charges; No services were performed during the 15 month look back period.,,,,,,,,Other,"100 Percent of Medicaid APG. ",2126.2,,,,,,,Fee Schedule,"100% Medicare Lab FS. ",2126.2,,,,,,,Fee Schedule,"100% Medicare Lab FS. ",2126.2,,,,,,,Fee Schedule,"100% Medicare Lab FS. ",2126.2,,,,,,,Fee Schedule,"100% Medicare Lab FS. ",2126.2,,,,,,,Fee Schedule,"100% Medicare Lab FS. ",2126.2,,,,,,,Fee Schedule,"100% Medicare Lab FS. ",3827.16,60,,,,,0,percent of total billed charges,60 percent of billed charges; No services were performed during the 15 month look back period.,3189.3,50,,,,,0,percent of total billed charges,50 percent of billed charges; No services were performed during the 15 month look back period.,3401.92,,,,,,,Fee Schedule,"160 Percent of Medicare Laboratory. ",3401.92,,,,,,,Fee Schedule,"160 Percent of Medicare Laboratory. ",3401.92,,,,,,,Fee Schedule,"160 Percent of Medicare Laboratory. ",3401.92,,,,,,,Fee Schedule,"160 Percent of Medicare Laboratory. ",3401.92,,,,,,,Fee Schedule,"160 Percent of Medicare Laboratory. ",,,,,,,,,"NA. ",3189.3,50,,,,,0,percent of total billed charges,50 percent of billed charges; No services were performed during the 15 month look back period.,2997.94,,,,,,,Fee Schedule,141 Percent of of Medicare Lab FS. Metroplus will reimburse unlisted codes and described codes with no Medicare rate at 50 percent of charges.,2997.94,,,,,,,Fee Schedule,141 Percent of of Medicare Lab FS. Metroplus will reimburse unlisted codes and described codes with no Medicare rate at 50 percent of charges.,2997.94,,,,,,,Fee Schedule,141 Percent of of Medicare Lab FS. Metroplus will reimburse unlisted codes and described codes with no Medicare rate at 50 percent of charges.,2997.94,,,,,,,Fee Schedule,141 Percent of of Medicare Lab FS. Metroplus will reimburse unlisted codes and described codes with no Medicare rate at 50 percent of charges.,2997.94,,,,,,,Fee Schedule,141 Percent of of Medicare Lab FS. Metroplus will reimburse unlisted codes and described codes with no Medicare rate at 50 percent of charges.,2126.2,,,,,,,Fee Schedule,"100% Medicare Lab FS. ",4103.57,,,,,,,Fee Schedule,"193 % Medicare RBRVS. ",4103.57,,,,,,,Fee Schedule,"193 % Medicare RBRVS. ",4103.57,,,,,,,Fee Schedule,"193 % Medicare RBRVS. ",4103.57,,,,,,,Fee Schedule,"193 % Medicare RBRVS. ",5336.76,,,,,,,Fee Schedule,"250.999905935472 % Medicare Physician FS TC Rates Only. ",5336.76,,,,,,,Fee Schedule,"250.999905935472 % Medicare Physician FS TC Rates Only. ",5336.76,,,,,,,Fee Schedule,"250.999905935472 % Medicare Physician FS TC Rates Only. ",5336.76,,,,,,,Fee Schedule,"250.999905935472 % Medicare Physician FS TC Rates Only. ",3189.3,50,,,,,0,percent of total billed charges,50 percent of billed charges; No services were performed during the 15 month look back period.,3189.3,50,,,,,0,percent of total billed charges,50 percent of billed charges; No services were performed during the 15 month look back period.,2126.2,,,,,,,Fee Schedule,"100% Medicare Lab FS. ",2126.2,,,,,,,Fee Schedule,"100% Medicare Lab FS. ",2126.2,,,,,,,Fee Schedule,"100% Medicare Lab FS. ",30.04,,,,,,,Fee Schedule,"238 % BCBS Standard HMO. ",30.04,,,,,,,Fee Schedule,"238 % BCBS Standard HMO. ",30.04,,,,,,,Fee Schedule,"238 % BCBS Standard HMO. ",3189.3,50,,,,,0,percent of total billed charges,50 percent of billed charges; No services were performed during the 15 month look back period.,5336.76,,,,,,,Fee Schedule,"250.999905935472 % Medicare Physician FS TC Rates Only. ",2126.2,,,,,,,Fee Schedule,"100% Medicare Lab FS. ",30.04,,,,,,,Fee Schedule,"238 % BCBS Standard HMO. ",,,,,,,,Other,"100 Percent of Medicaid APG. ",2168.72,,,,,,,Fee Schedule,"102% of Medicare Lab FS. ",2168.72,,,,,,,Fee Schedule,"102% of Medicare Lab FS. ",2168.72,,,,,,,Fee Schedule,"102% of Medicare Lab FS. ",,,,,,,,Case rate,"100 Percent of Medicaid APG. ",,,,,,,,Case Rate,225% of NYS APG. Lesser of 100% of billed charges applies.,,,,,,,,Case Rate,225% of NYS APG. Lesser of 100% of billed charges applies.,,,,,,,,Case Rate,225% of NYS APG. Lesser of 100% of billed charges applies.,,,,,,,,Case Rate,225% of NYS APG. Lesser of 100% of billed charges applies.,,,,,,,,Case Rate,225% of NYS APG. Lesser of 100% of billed charges applies.,2168.72,,,,,,,Fee Schedule,"102% of Medicare Lab FS. ",,,,,,,,Other,"100 Percent of Medicaid APG. ",1913.58,,,,,,,Fee Schedule,90 Percent of Medicare RBRVS. Lesser of 100% of billed charges applies.,,,,,,,,Case Rate,225% of NYS APG. Lesser of 100% of billed charges applies.,,,,,,,,Case Rate,225% of NYS APG. Lesser of 100% of billed charges applies.,1913.58,,,,,,,Fee Schedule,90 Percent of Medicare RBRVS. Lesser of 100% of billed charges applies.,1913.58,,,,,,,Fee Schedule,90 Percent of Medicare RBRVS. Lesser of 100% of billed charges applies.,3401.92,,,,,,,Fee Schedule,"160 Percent of Medicare Laboratory. ",2126.2,,,,,,,Fee Schedule,"100% Medicare Lab FS. ",2126.2,,,,,,,Fee Schedule,"100% Medicare Lab FS. ",5336.76,,,,,,,Fee Schedule,"250.999905935472 % Medicare Physician FS TC Rates Only. ",2126.2,,,,,,,Fee Schedule,"100% Medicare Lab FS. ",,,,,,,,Case Rate,"225 Percent of Medicaid APG. ",,,,,,,,Case Rate,"225 Percent of Medicaid APG. ",,,,,,,,Case rate,"100 Percent of Medicaid APG. ",,,,,,,,Case rate,"100 Percent of Medicaid APG. ",,,,,,,,Case Rate,225 Percent of Medicaid APG. Covered services not payable under Medicaid Fee Schedules default to a payment of 87.5 percent of charges.,1913.58,,,,,,,Fee schedule,90 Percent of Medicare Laboratory. Covered services not payable under Medicaid Fee Schedules default to a payment of 50 percent of charges.,,,,,,,,Other,"100 Percent of Medicaid APG. ",,,,,,,,Other,"100 Percent of Medicaid APG. ",,,,,,,,Other,"100 Percent of Medicaid APG. ",,,,,,,,Other,"100 Percent of Medicaid APG. ",,,,,,,,,,3189.3,50,,,,,0,percent of total billed charges,50 percent of billed charges; No services were performed during the 15 month look back period.,,,,,,,,Other,"120 Percent of Medicaid APG. Not APG payable, or payable under another fee schedule like ASP/AWP pays at 30% of charges",,,,,,,,Other,"120 Percent of Medicaid APG. Not APG payable, or payable under another fee schedule like ASP/AWP pays at 30% of charges",,,,,,,,Other,"100 Percent of Medicaid APG. Not APG payable, or payable under another fee schedule like ASP/AWP pays at 30% of charges",,,,,,,,Other,"100 Percent of Medicaid APG. Not APG payable, or payable under another fee schedule like ASP/AWP pays at 30% of charges",30.04,,,,,,,Fee Schedule,"238 % BCBS Standard HMO. ",30.04,,,,,,,Fee Schedule,"238 % BCBS Standard HMO. ",2126.2,,,,,,,Fee Schedule,"100% Medicare Lab FS. ",30.04,,,,,,,Fee Schedule,"238 % BCBS Standard HMO. ",30.04,,,,,,,Fee Schedule,"238 % BCBS Standard HMO. ",30.04,,,,,,,Fee Schedule,"238 % BCBS Standard HMO. ",30.04,,,,,,,Fee Schedule,"238 % BCBS Standard HMO. ",2126.2,,,,,,,Fee Schedule,"100% Medicare Lab FS. ",30.04,,,,,,,Fee Schedule,"238 % BCBS Standard HMO. ",30.04,,,,,,,Fee Schedule,"238 % BCBS Standard HMO. ",5336.76,,,,,,,Fee Schedule,"250.999905935472 % Medicare Physician FS TC Rates Only. ",,,,,,,,Fee Schedule,100% APG. Lesser of 100% of billed charges applies.,1913.58,,,,,,,Fee schedule,90 Percent of Medicare Laboratory. Covered services not payable under Medicaid Fee Schedules default to a payment of 50 percent of charges.,,,,,,,,Case Rate,225% of NYS APG. Lesser of 100% of billed charges applies.,,,,,,,,Case Rate,225 Percent of Medicaid APG. Covered services not payable under Medicaid Fee Schedules default to a payment of 87.5 percent of charges.,1913.58,,,,,,,Fee schedule,90 Percent of Medicare Laboratory. Covered services not payable under Medicaid Fee Schedules default to a payment of 50 percent of charges.,,,,,,,,Case Rate,225% of NYS APG. Lesser of 100% of billed charges applies.,,,,,,,,Case Rate,225% of NYS APG. Lesser of 100% of billed charges applies.,,,,,,,,Case Rate,225% of NYS APG. Lesser of 100% of billed charges applies.,,,,,,,,Case Rate,225% of NYS APG. Lesser of 100% of billed charges applies.,,,,,,,,Case Rate,225% of NYS APG. Lesser of 100% of billed charges applies.,,,,,,,,Case Rate,225% of NYS APG. Lesser of 100% of billed charges applies.,,,,,,,,,"NA. ",,,,,,,,,"NA. ",,,,,,,,,"NA. ",3827.16,60,,,,,0,percent of total billed charges,60 percent of billed charges; No services were performed during the 15 month look back period.,,,,,,,,,"NA. ",2126.2,,,,,,,Fee Schedule,"100% Medicare Lab FS. ",35.09,,,,,,,Fee Schedule,"100 % 1199 Fee Schedule. ",2126.2,,,,,,,Fee Schedule,"100% Medicare Lab FS. ",2126.2,,,,,,,Fee Schedule,"100% Medicare Lab FS. ",,,,,,,,Other,"120 Percent of Medicaid APG. Not APG payable, or payable under another fee schedule like ASP/AWP pays at 30% of charges",,,,,,,,Other,"120 Percent of Medicaid APG. Not APG payable, or payable under another fee schedule like ASP/AWP pays at 30% of charges",,,,,,,,Other,"100 Percent of Medicaid APG. Not APG payable, or payable under another fee schedule like ASP/AWP pays at 30% of charges",,,,,,,,Other,"100 Percent of Medicaid APG. Not APG payable, or payable under another fee schedule like ASP/AWP pays at 30% of charges",,,,,,,,Other,"100 Percent of Medicaid APG. ",4613.85,,,,,,,Fee Schedule,"217 % Medicare RBRVS. ",5336.76,,,,,,,Fee Schedule,"250.999905935472 % Medicare Physician FS TC Rates Only. ",5421.81,,,,,,,Fee Schedule,"255 % Medicare RBRVS. ",3827.16,60,,,,,0,percent of total billed charges,60 percent of billed charges; No services were performed during the 15 month look back period.,2126.2,,,,,,,Fee Schedule,"100% Medicare Lab FS. ",2126.2,,,,,,,Fee Schedule,"100% Medicare Lab FS. ",2126.2,,,,,,,Fee Schedule,"100% Medicare Lab FS. ",2126.2,,,,,,,Fee Schedule,"100% Medicare Lab FS. ",2126.2,,,,,,,Fee Schedule,"100% Medicare Lab FS. ",2126.2,,,,,,,Fee Schedule,"100% Medicare Lab FS. ",,,,,,,,,"NA. ",,,,,,,,Case Rate,225% of NYS APG. Lesser of 100% of billed charges applies.,1913.58,,,,,,,Fee Schedule,90 Percent of Medicare RBRVS. Lesser of 100% of billed charges applies.,30.04,,,,,,,Fee Schedule,"238 % BCBS Standard HMO. ",4613.85,,,,,,,Fee Schedule,"217 % Medicare RBRVS. ",4613.85,,,,,,,Fee Schedule,"217 % Medicare RBRVS. ",4613.85,,,,,,,Fee Schedule,"217 % Medicare RBRVS. ",4613.85,,,,,,,Fee Schedule,"217 % Medicare RBRVS. ",2126.2,,,,,,,Fee Schedule,"100% Medicare Lab FS. ",,,,,,,,Other,"100 Percent of Medicaid APG. ",30.04,,,,,,,Fee Schedule,"238 % BCBS Standard HMO. ",,,,,,,,Other,"100 Percent of Medicaid APG. ",2126.2,,,,,,,Fee Schedule,"100% Medicare Lab FS. ",,,,,,,,Other,"100 Percent of Medicaid APG. ",2126.2,,,,,,,Fee Schedule,"100% Medicare Lab FS. ",2126.2,,,,,,,Fee Schedule,"100% Medicare Lab FS. ",,,,,,,,Other,"100 Percent of Medicaid APG. ",,,,,,,,Other,"100 Percent of Medicaid APG. ",4613.85,,,,,,,Fee Schedule,"217 % Medicare RBRVS. ",3827.16,60,,,,,0,percent of total billed charges,60 percent of billed charges; No services were performed during the 15 month look back period.,4975.308,78,,,,,0,percent of total billed charges,78% of Billed Charges. Lesser of 100% of billed charges applies.; No services were performed during the 15 month look back period.,2126.2,,,,,,,Fee Schedule,"100 % 2022 CMS Clinical Lab National Limit Pub 20211215. ",2126.2,,,,,,,Fee Schedule,"100 % 2022 CMS Clinical Lab National Limit Pub 20211215. ",5336.76,,,,,,,Fee Schedule,"250.999905935472 % Medicare Physician FS TC Rates Only. ",2083.68,,,,,,,Fee Schedule,"98% Lab FS. ",4103.57,,,,,,,Fee Schedule,"193 % Medicare RBRVS. ",4103.57,,,,,,,Fee Schedule,"193 % Medicare RBRVS. ",24.03,,,,,,,Fee Schedule,"190.4 % BCBS Standard HMO. ",24.03,,,,,,,Fee Schedule,"190.4 % BCBS Standard HMO. ",2126.2,,,,,,,Fee Schedule,"100% Medicare Lab FS. ",2126.2,,,,,,,Fee Schedule,"100% Medicare Lab FS. ",2126.2,,,,,,,Fee Schedule,"100% Medicare Lab FS. ",2126.2,,,,,,,Fee Schedule,"100% Medicare Lab FS. ",2126.2,,,,,,,Fee Schedule,"100 % 2022 CMS Clinical Lab National Limit Pub 20211215. ",30.04,,,,,,,Fee Schedule,"238 % BCBS Standard HMO. ",30.04,,,,,,,Fee Schedule,"238 % BCBS Standard HMO. ",2126.2,,,,,,,Fee Schedule,"100% Medicare Lab FS. ",24.03,,,,,,,Fee Schedule,"190.4 % BCBS Standard HMO. ",5421.81,,,,,,,Fee Schedule,"255 % Medicare RBRVS. ",,,,,,,,Fee Schedule,"120 Percent of Medicaid APG. ",,,,,,,,Other,"100 Percent of Medicaid APG. ",4613.85,,,,,,,Fee Schedule,"217 % Medicare RBRVS. ",27.03,,,,,,,Fee Schedule,"214.2 % BCBS Standard HMO. ",27.03,,,,,,,Fee Schedule,"214.2 % BCBS Standard HMO. ",30.04,,,,,,,Fee Schedule,"238 % BCBS Standard HMO. ",3189.3,50,,,,,0,percent of total billed charges,50 percent of billed charges; No services were performed during the 15 month look back period.,2126.2,,,,,,,Fee Schedule,"100% Medicare Lab FS. ",,,,,,,,Fee Schedule,"Not payable. ",,,,,,,,Fee Schedule,"Not payable. ",,,,,,,,Fee Schedule,"Not payable. ",,,,,,,,Fee Schedule,"Not payable. ",2126.2,,,,,,,Fee Schedule,"100 % 2022 CMS Clinical Lab National Limit Pub 20211215. ",,,,,,,,Fee Schedule,"Not payable. ",,,,,,,,Fee Schedule,"Not payable. ",,,,,,,,Fee Schedule,"Not payable. ",,,,,,,,Fee Schedule,"Not payable. ",,,,,,,,Fee Schedule,"Not payable. ",,,,,,,,Fee Schedule,"Not payable. ",,,,,,,,Fee Schedule,"Not payable. ",2126.2,,,,,,,Fee Schedule,"100% Medicare Lab FS. ",2126.2,,,,,,,Fee Schedule,"100 % 2022 CMS Clinical Lab National Limit Pub 20211215. ",2126.2,,,,,,,Fee Schedule,"100% Medicare Lab FS. ",,,,,,,,Fee Schedule,"Not payable. ",30.04,,,,,,,Fee Schedule,"238 % BCBS Standard HMO. ",2126.2,,,,,,,Fee Schedule,"100% Medicare Lab FS. ",30.04,,,,,,,Fee Schedule,"238 % BCBS Standard HMO. ",30.04,,,,,,,Fee Schedule,"238 % BCBS Standard HMO. ",30.04,,,,,,,Fee Schedule,"238 % BCBS Standard HMO. ",,,,,,,,Fee Schedule,"Not payable. ",2126.2,,,,,,,Fee Schedule,"100% Medicare Lab FS. ",30.04,,,,,,,Fee Schedule,"238 % BCBS Standard HMO. ",,,,,,,,Fee Schedule,"Not payable. ",30.04,,,,,,,Fee Schedule,"238 % BCBS Standard HMO. ",3189.3,,,,,,,Fee Schedule,"150% of Medicare Lab FS. ",2126.2,,,,,,,Fee Schedule,"100% Medicare Lab FS. ",4613.85,,,,,,,Fee Schedule,"217 % Medicare RBRVS. ",4613.85,,,,,,,Fee Schedule,"217 % Medicare RBRVS. ",4613.85,,,,,,,Fee Schedule,"217 % Medicare RBRVS. ",4613.85,,,,,,,Fee Schedule,"217 % Medicare RBRVS. ",4613.85,,,,,,,Fee Schedule,"217 % Medicare RBRVS. ",5421.81,,,,,,,Fee Schedule,"255 % Medicare RBRVS. ",5421.81,,,,,,,Fee Schedule,"255 % Medicare RBRVS. ",4613.85,,,,,,,Fee Schedule,"217 % Medicare RBRVS. ",4613.85,,,,,,,Fee Schedule,"217 % Medicare RBRVS. ",4613.85,,,,,,,Fee Schedule,"217 % Medicare RBRVS. ",4613.85,,,,,,,Fee Schedule,"217 % Medicare RBRVS. ",4613.85,,,,,,,Fee Schedule,"217 % Medicare RBRVS. ",2126.2,,,,,,,Fee Schedule,"100% Medicare Lab FS. ",5421.81,,,,,,,Fee Schedule,"255 % Medicare RBRVS. ",2126.2,,,,,,,Fee Schedule,"100% Medicare Lab FS. ",,,,,,,,Other,"225 Percent of Medicaid APG. ",,,,,,,,Other,"100 Percent of Medicaid APG. If not priced under APG, then Metroplus FeeSched",2126.2,,,,,,,Fee Schedule,"100 % 2022 CMS Clinical Lab National Limit Pub 20211215. ",2126.2,,,,,,,Fee Schedule,"100 % 2022 CMS Clinical Lab National Limit Pub 20211215. ",2126.2,,,,,,,Fee Schedule,"100% Medicare Lab FS. ",4103.57,,,,,,,Fee Schedule,"193 % Medicare RBRVS. ",2126.2,,,,,,,Fee Schedule,"100% Medicare Lab FS. ",2126.2,,,,,,,Fee Schedule,"100% Medicare Lab FS. ",5336.76,,,,,,,Fee Schedule,"250.999905935472 % Medicare Physician FS TC Rates Only. ",2126.2,,,,,,,Fee Schedule,"100% Medicare Lab FS. ",3827.16,60,,,,,0,percent of total billed charges,60 percent of billed charges; No services were performed during the 15 month look back period.,2126.2,,,,,,,Fee Schedule,"100% Medicare Lab FS. ",3827.16,60,,,,,0,percent of total billed charges,60 percent of billed charges; No services were performed during the 15 month look back period.,5336.76,,,,,,,Fee Schedule,"250.999905935472 % Medicare Physician FS TC Rates Only. ",3827.16,60,,,,,0,percent of total billed charges,60 percent of billed charges; No services were performed during the 15 month look back period.,2126.2,,,,,,,Fee Schedule,"100% Medicare Lab FS. ",,,,,,,,Other,"100 Percent of Medicaid APG. ",2126.2,,,,,,,Fee Schedule,"100% Medicare Lab FS. ",3827.16,60,,,,,0,percent of total billed charges,60 percent of billed charges; No services were performed during the 15 month look back period.,2126.2,,,,,,,Fee Schedule,"100 % 2022 CMS Clinical Lab National Limit Pub 20211215. ",,,,,,,,Other,"100 Percent of Medicaid APG. ",30.04,,,,,,,Fee Schedule,"238 % BCBS Standard HMO. ",,,,,,,,Fee Schedule,"120 Percent of Medicaid APG. ",,,,,,,,Fee Schedule,"120 Percent of Medicaid APG. ",30.04,,,,,,,Fee Schedule,"238 % BCBS Standard HMO. ",30.04,,,,,,,Fee Schedule,"238 % BCBS Standard HMO. ",30.04,,,,,,,Fee Schedule,"238 % BCBS Standard HMO. ",2126.2,,,,,,,Fee Schedule,"100 % 2022 CMS Clinical Lab National Limit Pub 20211215. ",30.04,,,,,,,Fee Schedule,"238 % BCBS Standard HMO. ",30.04,,,,,,,Fee Schedule,"238 % BCBS Standard HMO. ",30.04,,,,,,,Fee Schedule,"238 % BCBS Standard HMO. ",4613.85,,,,,,,Fee Schedule,"217 % Medicare RBRVS. ",4613.85,,,,,,,Fee Schedule,"217 % Medicare RBRVS. ",2997.94,,,,,,,Fee Schedule,141 Percent of of Medicare Lab FS. Metroplus will reimburse unlisted codes and described codes with no Medicare rate at 50 percent of charges.,,,,,,,,Other,"100 Percent of Medicaid APG. ",2126.2,,,,,,,Fee Schedule,"100 % 2022 CMS Clinical Lab National Limit Pub 20211215. ",3827.16,60,,,,,0,percent of total billed charges,60 percent of billed charges; No services were performed during the 15 month look back period.,5336.76,,,,,,,Fee Schedule,"250.999905935472 % Medicare Physician FS TC Rates Only. ",2126.2,,,,,,,Fee Schedule,"100 % 2022 CMS Clinical Lab National Limit Pub 20211215. ",5336.76,,,,,,,Fee Schedule,"250.999905935472 % Medicare Physician FS TC Rates Only. ",2126.2,,,,,,,Fee Schedule,"100 % 2022 CMS Clinical Lab National Limit Pub 20211215. ",30.04,,,,,,,Fee Schedule,"238 % BCBS Standard HMO. ",30.04,,,,,,,Fee Schedule,"238 % BCBS Standard HMO. ",30.04,,,,,,,Fee Schedule,"238 % BCBS Standard HMO. ",30.04,,,,,,,Fee Schedule,"238 % BCBS Standard HMO. ",2126.2,,,,,,,Fee Schedule,"100% Medicare Lab FS. ",21.52,6378.6,
0571T,CPT,2027625,LOCAL,480,RC,HC INSJ/RPLCMT ICDS W/SUBSTERNAL ELECTRODE,112979.07,21466.0233,both,,,,56489.535,50,,,,,0,percent of total billed charges,50 percent of billed charges; No services were performed during the 15 month look back period.,56489.535,50,,112979.07,112979.07,112979.07,1 through 10,percent of total billed charges,50 percent of billed charges,15563,,,,,,,Case Rate,". Primary procedure pays at 100%, secondary at 50%, all subsequent at 25%.  Lesser of applies when negotiated rates exceed charges less addons.",112979.07,100,,,,,0,percent of total billed charges,100 percent of billed charges; No services were performed during the 15 month look back period.,37938.47,,,,,,,Case Rate,"100% Medicare OPPS FS. ",15563,,,,,,,Case Rate,". Primary procedure pays at 100%, secondary at 50%, all subsequent at 25%.  Lesser of applies when negotiated rates exceed charges less addons.",15563,,,,,,,Case Rate,". Primary procedure pays at 100%, secondary at 50%, all subsequent at 25%.  Lesser of applies when negotiated rates exceed charges less addons.",15563,,,,,,,Case Rate,". Primary procedure pays at 100%, secondary at 50%, all subsequent at 25%.  Lesser of applies when negotiated rates exceed charges less addons.",16051.48,,,,,,,Case Rate,"100 Percent of Medicaid APG. ",13376.24,,,,,,,Case Rate,"100 Percent of Medicaid APG. ",88123.6746,78,,,,,0,percent of total billed charges,78% of Billed Charges. Lesser of 100% of billed charges applies.; No services were performed during the 15 month look back period.,50347.74,,,,,,,Case Rate,". MPL 100/50/25% all add ons apply, and lesser of 100% of billed charges",13376.24,,,,,,,Case Rate,"100 Percent of Medicaid APG. ",37938.47,,,,,,,Case Rate,"100% Medicare OPPS FS. ",6487,,,,,,,Case Rate,". MPL 100/50/25% maxmium of 3 procedures. All add ons apply, and lesser of 100% of billed charges",6487,,,,,,,Case Rate,". MPL 100/50/25% maxmium of 3 procedures. All add ons apply, and lesser of 100% of billed charges",6487,,,,,,,Case Rate,". MPL 100/50/25% maxmium of 3 procedures. All add ons apply, and lesser of 100% of billed charges",6487,,,,,,,Case Rate,". MPL 100/50/25% maxmium of 3 procedures. All add ons apply, and lesser of 100% of billed charges",1129.7907,1,,,,,0,percent of total billed charges,NA. Covered services not payable under Medicaid Fee Schedules default to a payment of 50 percent of charges.; No services were performed during the 15 month look back period.,37938.47,,,,,,,Case Rate,"100% Medicare OPPS FS. ",1129.7907,1,,,,,0,percent of total billed charges,NA. Covered services not payable under Medicaid Fee Schedules default to a payment of 50 percent of charges.; No services were performed during the 15 month look back period.,88123.6746,78,,,,,0,percent of total billed charges,78% of Billed Charges. Lesser of 100% of billed charges applies.; No services were performed during the 15 month look back period.,15563,,,,,,,Case Rate,". Primary procedure pays at 100%, secondary at 50%, all subsequent at 25%.  Lesser of applies when negotiated rates exceed charges less addons.",37938.47,,,,,,,Case Rate,"100%Medicare OPPS FS. ",8427,,,,,,,Case Rate,". Primary procedure pays at 100%, all subsequent at 50%.",37938.47,,,,,,,Case Rate,"100%Medicare OPPS FS. ",37938.47,,,,,,,Case Rate,"100%Medicare OPPS FS. ",88123.6746,78,,,,,0,percent of total billed charges,78% of Billed Charges. Lesser of 100% of billed charges applies.; No services were performed during the 15 month look back period.,,,,,,,,Fee Schedule,"Not payable. ",,,,,,,,Fee Schedule,"Not payable. ",,,,,,,,Fee schedule,"90 Percent of Medicare RBRVS. ",,,,,,,,Fee schedule,"90 Percent of Medicare RBRVS. ",8427,,,,,,,Case Rate,". Primary procedure pays at 100%, all subsequent at 50%.",8427,,,,,,,Case Rate,". Primary procedure pays at 100%, all subsequent at 50%.",13376.24,,,,,,,Case Rate,"100 Percent of Medicaid APG. Not APG payable, or payable under another fee schedule like ASP/AWP pays at 30% of charges",8427,,,,,,,Case Rate,". Primary procedure pays at 100%, all subsequent at 50%.",13376.24,,,,,,,Case Rate,"100 Percent of Medicaid APG. Not APG payable, or payable under another fee schedule like ASP/AWP pays at 30% of charges",37938.47,,,,,,,Case Rate,"100%Medicare OPPS FS. ",8427,,,,,,,Case Rate,". Primary procedure pays at 100%, all subsequent at 50%.",88123.6746,78,,,,,0,percent of total billed charges,78% of Billed Charges. Lesser of 100% of billed charges applies.; No services were performed during the 15 month look back period.,13376.24,,,,,,,Case Rate,"100 Percent of Medicaid APG. ",13376.24,,,,,,,Case Rate,"100 Percent of Medicaid APG. ",88123.6746,78,,,,,0,percent of total billed charges,78% of Billed Charges. Lesser of 100% of billed charges applies.; No services were performed during the 15 month look back period.,6487,,,,,,,Case Rate,". MPL 100/50/25% maxmium of 3 procedures. All add ons apply, and lesser of 100% of billed charges",42657,,,,,,,Case Rate,". MPL 100/50/25% all add ons apply, and lesser of 100% of billed charges",42657,,,,,,,Case Rate,". MPL 100/50/25% all add ons apply, and lesser of 100% of billed charges",88123.6746,78,,,,,0,percent of total billed charges,78% of Billed Charges. Lesser of 100% of billed charges applies.; No services were performed during the 15 month look back period.,37938.47,,,,,,,Case Rate,"100% Medicare OPPS FS. ",50347.74,,,,,,,Case Rate,". MPL 100/50/25% all add ons apply, and lesser of 100% of billed charges",50347.74,,,,,,,Case Rate,". MPL 100/50/25% all add ons apply, and lesser of 100% of billed charges",50347.74,,,,,,,Case Rate,". MPL 100/50/25% all add ons apply, and lesser of 100% of billed charges",37938.47,,,,,,,Case Rate,"100% Medicare OPPS FS. ",50347.74,,,,,,,Case Rate,". MPL 100/50/25% all add ons apply, and lesser of 100% of billed charges",50347.74,,,,,,,Case Rate,". MPL 100/50/25% all add ons apply, and lesser of 100% of billed charges",37938.47,,,,,,,Case Rate,"100% of Medicare OPPS. ",25798,,,,,,,Case Rate,". MPL 100/75/50% all add ons apply, and lesser of 100% of billed charges",14557,,,,,,,Case Rate,". MPL 100/50/25% all add ons apply, and lesser of 100% of billed charges",14557,,,,,,,Case Rate,". MPL 100/50/25% all add ons apply, and lesser of 100% of billed charges",14557,,,,,,,Case Rate,". MPL 100/50/25% all add ons apply, and lesser of 100% of billed charges",14557,,,,,,,Case Rate,". MPL 100/50/25% all add ons apply, and lesser of 100% of billed charges",14557,,,,,,,Case Rate,". MPL 100/50/25% all add ons apply, and lesser of 100% of billed charges",14557,,,,,,,Case Rate,". MPL 100/50/25% all add ons apply, and lesser of 100% of billed charges",37938.47,,,,,,,Case Rate,"100% Medicare OPPS FS. ",37938.47,,,,,,,Case Rate,"100% Medicare OPPS FS. ",14557,,,,,,,Case Rate,". MPL 100/50/25% all add ons apply, and lesser of 100% of billed charges",88123.6746,78,,,,,0,percent of total billed charges,78% of Billed Charges. Lesser of 100% of billed charges applies.; No services were performed during the 15 month look back period.,88123.6746,78,,,,,0,percent of total billed charges,78% of Billed Charges. Lesser of 100% of billed charges applies.; No services were performed during the 15 month look back period.,88123.6746,78,,,,,0,percent of total billed charges,78% of Billed Charges. Lesser of 100% of billed charges applies.; No services were performed during the 15 month look back period.,88123.6746,78,,,,,0,percent of total billed charges,78% of Billed Charges. Lesser of 100% of billed charges applies.; No services were performed during the 15 month look back period.,88123.6746,78,,,,,0,percent of total billed charges,78% of Billed Charges. Lesser of 100% of billed charges applies.; No services were performed during the 15 month look back period.,88123.6746,78,,,,,0,percent of total billed charges,78% of Billed Charges. Lesser of 100% of billed charges applies.; No services were performed during the 15 month look back period.,88123.6746,78,,,,,0,percent of total billed charges,78% of Billed Charges. Lesser of 100% of billed charges applies.; No services were performed during the 15 month look back period.,88123.6746,78,,,,,0,percent of total billed charges,78% of Billed Charges. Lesser of 100% of billed charges applies.; No services were performed during the 15 month look back period.,88123.6746,78,,,,,0,percent of total billed charges,78% of Billed Charges. Lesser of 100% of billed charges applies.; No services were performed during the 15 month look back period.,88123.6746,78,,,,,0,percent of total billed charges,78% of Billed Charges. Lesser of 100% of billed charges applies.; No services were performed during the 15 month look back period.,88123.6746,78,,,,,0,percent of total billed charges,78% of Billed Charges. Lesser of 100% of billed charges applies.; No services were performed during the 15 month look back period.,88123.6746,78,,,,,0,percent of total billed charges,78% of Billed Charges. Lesser of 100% of billed charges applies.; No services were performed during the 15 month look back period.,88123.6746,78,,,,,0,percent of total billed charges,78% of Billed Charges. Lesser of 100% of billed charges applies.; No services were performed during the 15 month look back period.,88123.6746,78,,,,,0,percent of total billed charges,78% of Billed Charges. Lesser of 100% of billed charges applies.; No services were performed during the 15 month look back period.,88123.6746,78,,,,,0,percent of total billed charges,78% of Billed Charges. Lesser of 100% of billed charges applies.; No services were performed during the 15 month look back period.,88123.6746,78,,,,,0,percent of total billed charges,78% of Billed Charges. Lesser of 100% of billed charges applies.; No services were performed during the 15 month look back period.,88123.6746,78,,,,,0,percent of total billed charges,78% of Billed Charges. Lesser of 100% of billed charges applies.; No services were performed during the 15 month look back period.,88123.6746,78,,,,,0,percent of total billed charges,78% of Billed Charges. Lesser of 100% of billed charges applies.; No services were performed during the 15 month look back period.,88123.6746,78,,,,,0,percent of total billed charges,78% of Billed Charges. Lesser of 100% of billed charges applies.; No services were performed during the 15 month look back period.,88123.6746,78,,,,,0,percent of total billed charges,78% of Billed Charges. Lesser of 100% of billed charges applies.; No services were performed during the 15 month look back period.,88123.6746,78,,,,,0,percent of total billed charges,78% of Billed Charges. Lesser of 100% of billed charges applies.; No services were performed during the 15 month look back period.,88123.6746,78,,,,,0,percent of total billed charges,78% of Billed Charges. Lesser of 100% of billed charges applies.; No services were performed during the 15 month look back period.,88123.6746,78,,,,,0,percent of total billed charges,78% of Billed Charges. Lesser of 100% of billed charges applies.; No services were performed during the 15 month look back period.,88123.6746,78,,,,,0,percent of total billed charges,78% of Billed Charges. Lesser of 100% of billed charges applies.; No services were performed during the 15 month look back period.,88123.6746,78,,,,,0,percent of total billed charges,78% of Billed Charges. Lesser of 100% of billed charges applies.; No services were performed during the 15 month look back period.,88123.6746,78,,,,,0,percent of total billed charges,78% of Billed Charges. Lesser of 100% of billed charges applies.; No services were performed during the 15 month look back period.,8427,,,,,,,Case Rate,". Primary procedure pays at 100%, all subsequent at 50%.",8427,,,,,,,Case Rate,". Primary procedure pays at 100%, all subsequent at 50%.",8427,,,,,,,Case Rate,". Primary procedure pays at 100%, all subsequent at 50%.",8427,,,,,,,Case Rate,". Primary procedure pays at 100%, all subsequent at 50%.",12574,,,,,,,Case Rate,". Primary procedure pays at 100%, all subsequent at 50%.",12574,,,,,,,Case Rate,". Primary procedure pays at 100%, all subsequent at 50%.",6487,,,,,,,Case Rate,". MPL 100/50/25% maxmium of 3 procedures. All add ons apply, and lesser of 100% of billed charges",14557,,,,,,,Case Rate,". MPL 100/50/25% all add ons apply, and lesser of 100% of billed charges",50347.74,,,,,,,Case Rate,". MPL 100/50/25% all add ons apply, and lesser of 100% of billed charges",14557,,,,,,,Case Rate,". MPL 100/50/25% all add ons apply, and lesser of 100% of billed charges",88123.6746,78,,,,,0,percent of total billed charges,78% of Billed Charges. Lesser of 100% of billed charges applies.; No services were performed during the 15 month look back period.,12574,,,,,,,Case Rate,". Primary procedure pays at 100%, all subsequent at 50%.",14557,,,,,,,Case Rate,". MPL 100/50/25% all add ons apply, and lesser of 100% of billed charges",50347.74,,,,,,,Case Rate,". MPL 100/50/25% all add ons apply, and lesser of 100% of billed charges",6487,,,,,,,Case Rate,". MPL 100/50/25% maxmium of 3 procedures. All add ons apply, and lesser of 100% of billed charges",,,,,,,,,"NA. ",88123.6746,78,,,,,0,percent of total billed charges,78% of Billed Charges. Lesser of 100% of billed charges applies.; No services were performed during the 15 month look back period.,13376.24,,,,,,,Case Rate,"100 Percent of Medicaid APG. ",8427,,,,,,,Case Rate,". Primary procedure pays at 100%, all subsequent at 50%.",13376.24,,,,,,,Case Rate,"100 Percent of Medicaid APG. Not APG payable, or payable under another fee schedule like ASP/AWP pays at 30% of charges",37938.47,,,,,,,Case Rate,"100%Medicare OPPS FS. ",37938.47,,,,,,,Case Rate,"100% Medicare OPPS FS. ",25798,,,,,,,Case Rate,". MPL 100/75/50% all add ons apply, and lesser of 100% of billed charges",37938.47,,,,,,,Case Rate,"100% Medicare OPPS FS. ",37938.47,,,,,,,Case Rate,"100% Medicare OPPS FS. ",13376.24,,,,,,,Case Rate,"100 Percent of Medicaid APG. ",37938.47,,,,,,,Case Rate,"100% Medicare OPPS FS. ",37938.47,,,,,,,Case Rate,"100% Medicare OPPS FS. ",15563,,,,,,,Case Rate,". Primary procedure pays at 100%, secondary at 50%, all subsequent at 25%.  Lesser of applies when negotiated rates exceed charges less addons.",15563,,,,,,,Case Rate,". Primary procedure pays at 100%, secondary at 50%, all subsequent at 25%.  Lesser of applies when negotiated rates exceed charges less addons.",37938.47,,,,,,,Case Rate,"100% Medicare OPPS FS. ",6487,,,,,,,Case Rate,". MPL 100/50/25% maxmium of 3 procedures. All add ons apply, and lesser of 100% of billed charges",50347.74,,,,,,,Case Rate,". MPL 100/50/25% all add ons apply, and lesser of 100% of billed charges",50347.74,,,,,,,Case Rate,". MPL 100/50/25% all add ons apply, and lesser of 100% of billed charges",37938.47,,,,,,,Case Rate,"100% Medicare OPPS FS. ",6487,,,,,,,Case Rate,". MPL 100/50/25% maxmium of 3 procedures. All add ons apply, and lesser of 100% of billed charges",15563,,,,,,,Case Rate,". Primary procedure pays at 100%, secondary at 50%, all subsequent at 25%.  Lesser of applies when negotiated rates exceed charges less addons.",15563,,,,,,,Case Rate,". Primary procedure pays at 100%, secondary at 50%, all subsequent at 25%.  Lesser of applies when negotiated rates exceed charges less addons.",15563,,,,,,,Case Rate,". Primary procedure pays at 100%, secondary at 50%, all subsequent at 25%.  Lesser of applies when negotiated rates exceed charges less addons.",88123.6746,78,,,,,0,percent of total billed charges,78% of Billed Charges. Lesser of 100% of billed charges applies.; No services were performed during the 15 month look back period.,88123.6746,78,,,,,0,percent of total billed charges,78% of Billed Charges. Lesser of 100% of billed charges applies.; No services were performed during the 15 month look back period.,88123.6746,78,,,,,0,percent of total billed charges,78% of Billed Charges. Lesser of 100% of billed charges applies.; No services were performed during the 15 month look back period.,88123.6746,78,,,,,0,percent of total billed charges,78% of Billed Charges. Lesser of 100% of billed charges applies.; No services were performed during the 15 month look back period.,88123.6746,78,,,,,0,percent of total billed charges,78% of Billed Charges. Lesser of 100% of billed charges applies.; No services were performed during the 15 month look back period.,88123.6746,78,,,,,0,percent of total billed charges,78% of Billed Charges. Lesser of 100% of billed charges applies.; No services were performed during the 15 month look back period.,88123.6746,78,,,,,0,percent of total billed charges,78% of Billed Charges. Lesser of 100% of billed charges applies.; No services were performed during the 15 month look back period.,88123.6746,78,,,,,0,percent of total billed charges,78% of Billed Charges. Lesser of 100% of billed charges applies.; No services were performed during the 15 month look back period.,88123.6746,78,,,,,0,percent of total billed charges,78% of Billed Charges. Lesser of 100% of billed charges applies.; No services were performed during the 15 month look back period.,88123.6746,78,,,,,0,percent of total billed charges,78% of Billed Charges. Lesser of 100% of billed charges applies.; No services were performed during the 15 month look back period.,88123.6746,78,,,,,0,percent of total billed charges,78% of Billed Charges. Lesser of 100% of billed charges applies.; No services were performed during the 15 month look back period.,12574,,,,,,,Case Rate,". Primary procedure pays at 100%, all subsequent at 50%.",14557,,,,,,,Case Rate,". MPL 100/50/25% all add ons apply, and lesser of 100% of billed charges",6487,,,,,,,Case Rate,". MPL 100/50/25% maxmium of 3 procedures. All add ons apply, and lesser of 100% of billed charges",37938.47,,,,,,,Case Rate,"100% Medicare OPPS FS. ",15563,,,,,,,Case Rate,". Primary procedure pays at 100%, secondary at 50%, all subsequent at 25%.  Lesser of applies when negotiated rates exceed charges less addons.",6487,,,,,,,Case Rate,". MPL 100/50/25% maxmium of 3 procedures. All add ons apply, and lesser of 100% of billed charges",6487,,,,,,,Case Rate,". MPL 100/50/25% maxmium of 3 procedures. All add ons apply, and lesser of 100% of billed charges",88123.6746,78,,,,,0,percent of total billed charges,78% of Billed Charges. Lesser of 100% of billed charges applies.; No services were performed during the 15 month look back period.,28625.14,,,,,,,Case Rate,"214 Percent of Medicaid APG. Drugs not priced under APG, billed with revenue code 636 and not priced by Medicare ASP FeeSched will be reimbursed at 20% of charges.",6487,,,,,,,Case Rate,". MPL 100/50/25% maxmium of 3 procedures. All add ons apply, and lesser of 100% of billed charges",13376.24,,,,,,,Case Rate,"100 Percent of Medicaid APG. ",37938.47,,,,,,,Case Rate,"100% Medicare OPPS FS. ",37938.47,,,,,,,Case Rate,"100% Medicare OPPS FS. ",37938.47,,,,,,,Case Rate,"100% Medicare OPPS FS. ",37938.47,,,,,,,Case Rate,"100% Medicare OPPS FS. ",37938.47,,,,,,,Case Rate,"100% Medicare OPPS FS. ",37938.47,,,,,,,Case Rate,"100% Medicare OPPS FS. ",6487,,,,,,,Case Rate,". MPL 100/50/25% maxmium of 3 procedures. All add ons apply, and lesser of 100% of billed charges",25798,,,,,,,Case Rate,". MPL 100/75/50% all add ons apply, and lesser of 100% of billed charges",1129.7907,1,,,,,0,percent of total billed charges,NA. ; No services were performed during the 15 month look back period.,1129.7907,1,,,,,0,percent of total billed charges,NA. ; No services were performed during the 15 month look back period.,1129.7907,1,,,,,0,percent of total billed charges,NA. ; No services were performed during the 15 month look back period.,1129.7907,1,,,,,0,percent of total billed charges,NA. ; No services were performed during the 15 month look back period.,1129.7907,1,,,,,0,percent of total billed charges,NA. ; No services were performed during the 15 month look back period.,,,,,,,,,"NA. ",25798,,,,,,,Case Rate,". MPL 100/75/50% all add ons apply, and lesser of 100% of billed charges",75118.17,,,,,,,Case Rate,198 Percent of Medicare OPPS. Metroplus will reimburse unlisted codes and described codes with no Medicare rate at 50 percent of charges.,75118.17,,,,,,,Case Rate,198 Percent of Medicare OPPS. Metroplus will reimburse unlisted codes and described codes with no Medicare rate at 50 percent of charges.,75118.17,,,,,,,Case Rate,198 Percent of Medicare OPPS. Metroplus will reimburse unlisted codes and described codes with no Medicare rate at 50 percent of charges.,75118.17,,,,,,,Case Rate,198 Percent of Medicare OPPS. Metroplus will reimburse unlisted codes and described codes with no Medicare rate at 50 percent of charges.,75118.17,,,,,,,Case Rate,198 Percent of Medicare OPPS. Metroplus will reimburse unlisted codes and described codes with no Medicare rate at 50 percent of charges.,37938.47,,,,,,,Case Rate,"100% Medicare OPPS FS. ",12574,,,,,,,Case Rate,". Primary procedure pays at 100%, all subsequent at 50%.",12574,,,,,,,Case Rate,". Primary procedure pays at 100%, all subsequent at 50%.",12574,,,,,,,Case Rate,". Primary procedure pays at 100%, all subsequent at 50%.",12574,,,,,,,Case Rate,". Primary procedure pays at 100%, all subsequent at 50%.",15563,,,,,,,Case Rate,". Primary procedure pays at 100%, secondary at 50%, all subsequent at 25%.  Lesser of applies when negotiated rates exceed charges less addons.",15563,,,,,,,Case Rate,". Primary procedure pays at 100%, secondary at 50%, all subsequent at 25%.  Lesser of applies when negotiated rates exceed charges less addons.",15563,,,,,,,Case Rate,". Primary procedure pays at 100%, secondary at 50%, all subsequent at 25%.  Lesser of applies when negotiated rates exceed charges less addons.",15563,,,,,,,Case Rate,". Primary procedure pays at 100%, secondary at 50%, all subsequent at 25%.  Lesser of applies when negotiated rates exceed charges less addons.",25798,,,,,,,Case Rate,". MPL 100/75/50% all add ons apply, and lesser of 100% of billed charges",25798,,,,,,,Case Rate,". MPL 100/75/50% all add ons apply, and lesser of 100% of billed charges",37938.47,,,,,,,Case Rate,"100% Medicare OPPS FS. ",37938.47,,,,,,,Case Rate,"100% Medicare OPPS FS. ",37938.47,,,,,,,Case Rate,"100% Medicare OPPS FS. ",14557,,,,,,,Case Rate,". MPL 100/50/25% all add ons apply, and lesser of 100% of billed charges",14557,,,,,,,Case Rate,". MPL 100/50/25% all add ons apply, and lesser of 100% of billed charges",14557,,,,,,,Case Rate,". MPL 100/50/25% all add ons apply, and lesser of 100% of billed charges",25798,,,,,,,Case Rate,". MPL 100/75/50% all add ons apply, and lesser of 100% of billed charges",15563,,,,,,,Case Rate,". Primary procedure pays at 100%, secondary at 50%, all subsequent at 25%.  Lesser of applies when negotiated rates exceed charges less addons.",37938.47,,,,,,,Case Rate,"100% Medicare OPPS FS. ",14557,,,,,,,Case Rate,". MPL 100/50/25% all add ons apply, and lesser of 100% of billed charges",13376.24,,,,,,,Case Rate,"100 Percent of Medicaid APG. ",38697.24,,,,,,,Case Rate,"102% of Medicare OPPS. ",38697.24,,,,,,,Case Rate,"102% of Medicare OPPS. ",38697.24,,,,,,,Case Rate,"102% of Medicare OPPS. ",,,,,,,,Fee schedule,"90 Percent of Medicare RBRVS. ",30096.53,,,,,,,Fee Schedule,225% of NYS APG. Lesser of 100% of billed charges applies.,30096.53,,,,,,,Fee Schedule,225% of NYS APG. Lesser of 100% of billed charges applies.,30096.53,,,,,,,Fee Schedule,225% of NYS APG. Lesser of 100% of billed charges applies.,30096.53,,,,,,,Fee Schedule,225% of NYS APG. Lesser of 100% of billed charges applies.,30096.53,,,,,,,Fee Schedule,225% of NYS APG. Lesser of 100% of billed charges applies.,38697.24,,,,,,,Case Rate,"102% of Medicare OPPS. ",13376.24,,,,,,,Case Rate,"100 Percent of Medicaid APG. ",,,,,,,,Fee Schedule,"Not payable. ",30096.53,,,,,,,Fee Schedule,225% of NYS APG. Lesser of 100% of billed charges applies.,30096.53,,,,,,,Fee Schedule,225% of NYS APG. Lesser of 100% of billed charges applies.,,,,,,,,Fee Schedule,"Not payable. ",,,,,,,,Fee Schedule,"Not payable. ",1129.7907,1,,,,,0,percent of total billed charges,NA. ; No services were performed during the 15 month look back period.,37938.47,,,,,,,Case Rate,"100% Medicare OPPS FS. ",37938.47,,,,,,,Case Rate,"100% Medicare OPPS FS. ",15563,,,,,,,Case Rate,". Primary procedure pays at 100%, secondary at 50%, all subsequent at 25%.  Lesser of applies when negotiated rates exceed charges less addons.",37938.47,,,,,,,Case Rate,"100% Medicare OPPS FS. ",30096.53,,,,,,,Fee Schedule,"225 Percent of Medicaid APG. ",30096.53,,,,,,,Fee Schedule,"225 Percent of Medicaid APG. ",,,,,,,,Fee schedule,"90 Percent of Medicare RBRVS. ",,,,,,,,Fee schedule,"90 Percent of Medicare RBRVS. ",30096.53,,,,,,,Case Rate,225 Percent of Medicaid APG. Covered services not payable under Medicaid Fee Schedules default to a payment of 87.5 percent of charges.,1129.7907,1,,,,,0,percent of total billed charges,NA. Covered services not payable under Medicaid Fee Schedules default to a payment of 50 percent of charges.; No services were performed during the 15 month look back period.,30096.53,,,,,,,Case Rate,"100 Percent of Medicaid APG. ",30096.53,,,,,,,Case Rate,"100 Percent of Medicaid APG. ",30096.53,,,,,,,Case Rate,"100 Percent of Medicaid APG. ",30096.53,,,,,,,Case Rate,"100 Percent of Medicaid APG. ",13453,,,,,,,Case Rate,". MPL 100/75/50% all add ons apply, and lesser of 100% of billed charges",25798,,,,,,,Case Rate,". MPL 100/75/50% all add ons apply, and lesser of 100% of billed charges",16051.48,,,,,,,Case Rate,"120 Percent of Medicaid APG. Not APG payable, or payable under another fee schedule like ASP/AWP pays at 30% of charges",16051.48,,,,,,,Case Rate,"120 Percent of Medicaid APG. Not APG payable, or payable under another fee schedule like ASP/AWP pays at 30% of charges",13376.24,,,,,,,Case Rate,"100 Percent of Medicaid APG. Not APG payable, or payable under another fee schedule like ASP/AWP pays at 30% of charges",13376.24,,,,,,,Case Rate,"100 Percent of Medicaid APG. Not APG payable, or payable under another fee schedule like ASP/AWP pays at 30% of charges",14557,,,,,,,Case Rate,". MPL 100/50/25% all add ons apply, and lesser of 100% of billed charges",14557,,,,,,,Case Rate,". MPL 100/50/25% all add ons apply, and lesser of 100% of billed charges",37938.47,,,,,,,Case Rate,"100% Medicare OPPS FS. ",14557,,,,,,,Case Rate,". MPL 100/50/25% all add ons apply, and lesser of 100% of billed charges",14557,,,,,,,Case Rate,". MPL 100/50/25% all add ons apply, and lesser of 100% of billed charges",14557,,,,,,,Case Rate,". MPL 100/50/25% all add ons apply, and lesser of 100% of billed charges",14557,,,,,,,Case Rate,". MPL 100/50/25% all add ons apply, and lesser of 100% of billed charges",37938.47,,,,,,,Case Rate,"100% Medicare OPPS FS. ",14557,,,,,,,Case Rate,". MPL 100/50/25% all add ons apply, and lesser of 100% of billed charges",14557,,,,,,,Case Rate,". MPL 100/50/25% all add ons apply, and lesser of 100% of billed charges",15563,,,,,,,Case Rate,". Primary procedure pays at 100%, secondary at 50%, all subsequent at 25%.  Lesser of applies when negotiated rates exceed charges less addons.",,,,,,,,Fee Schedule,100% of RBRVS. Lesser of 100% of billed charges applies.,1129.7907,1,,,,,0,percent of total billed charges,NA. Covered services not payable under Medicaid Fee Schedules default to a payment of 50 percent of charges.; No services were performed during the 15 month look back period.,30096.53,,,,,,,Fee Schedule,225% of NYS APG. Lesser of 100% of billed charges applies.,30096.53,,,,,,,Case Rate,225 Percent of Medicaid APG. Covered services not payable under Medicaid Fee Schedules default to a payment of 87.5 percent of charges.,1129.7907,1,,,,,0,percent of total billed charges,NA. Covered services not payable under Medicaid Fee Schedules default to a payment of 50 percent of charges.; No services were performed during the 15 month look back period.,30096.53,,,,,,,Fee Schedule,225% of NYS APG. Lesser of 100% of billed charges applies.,30096.53,,,,,,,Fee Schedule,225% of NYS APG. Lesser of 100% of billed charges applies.,30096.53,,,,,,,Fee Schedule,225% of NYS APG. Lesser of 100% of billed charges applies.,30096.53,,,,,,,Fee Schedule,225% of NYS APG. Lesser of 100% of billed charges applies.,30096.53,,,,,,,Fee Schedule,225% of NYS APG. Lesser of 100% of billed charges applies.,30096.53,,,,,,,Fee Schedule,225% of NYS APG. Lesser of 100% of billed charges applies.,,,,,,,,,"NA. ",,,,,,,,,"NA. ",,,,,,,,,"NA. ",6487,,,,,,,Case Rate,". MPL 100/50/25% maxmium of 3 procedures. All add ons apply, and lesser of 100% of billed charges",,,,,,,,,"NA. ",37938.47,,,,,,,Case Rate,"100% Medicare OPPS FS. ",56489.535,50,,,,,0,percent of total billed charges,50 percent of billed charges; No services were performed during the 15 month look back period.,37938.47,,,,,,,Case Rate,"100% Medicare OPPS FS. ",37938.47,,,,,,,Case Rate,"100% Medicare OPPS FS. ",16051.48,,,,,,,Case Rate,"120 Percent of Medicaid APG. Not APG payable, or payable under another fee schedule like ASP/AWP pays at 30% of charges",16051.48,,,,,,,Case Rate,"120 Percent of Medicaid APG. Not APG payable, or payable under another fee schedule like ASP/AWP pays at 30% of charges",13376.24,,,,,,,Case Rate,"100 Percent of Medicaid APG. Not APG payable, or payable under another fee schedule like ASP/AWP pays at 30% of charges",13376.24,,,,,,,Case Rate,"100 Percent of Medicaid APG. Not APG payable, or payable under another fee schedule like ASP/AWP pays at 30% of charges",13376.24,,,,,,,Case Rate,"100 Percent of Medicaid APG. ",7163,,,,,,,Case Rate,". ",15563,,,,,,,Case Rate,". Primary procedure pays at 100%, secondary at 50%, all subsequent at 25%.  Lesser of applies when negotiated rates exceed charges less addons.",8427,,,,,,,Case Rate,". Primary procedure pays at 100%, all subsequent at 50%.",6487,,,,,,,Case Rate,". MPL 100/50/25% maxmium of 3 procedures. All add ons apply, and lesser of 100% of billed charges",37938.47,,,,,,,Case Rate,"100%Medicare OPPS FS. ",37938.47,,,,,,,Case Rate,"100% Medicare OPPS FS. ",37938.47,,,,,,,Case Rate,"100% Medicare OPPS FS. ",37938.47,,,,,,,Case Rate,"100% Medicare OPPS FS. ",37938.47,,,,,,,Case Rate,"100%Medicare OPPS FS. ",37938.47,,,,,,,Case Rate,"100% Medicare OPPS FS. ",,,,,,,,,"NA. ",30096.53,,,,,,,Fee Schedule,225% of NYS APG. Lesser of 100% of billed charges applies.,,,,,,,,Fee Schedule,"Not payable. ",14557,,,,,,,Case Rate,". MPL 100/50/25% all add ons apply, and lesser of 100% of billed charges",7163,,,,,,,Case Rate,". ",7163,,,,,,,Case Rate,". ",7163,,,,,,,Case Rate,". ",7163,,,,,,,Case Rate,". ",37938.47,,,,,,,Case Rate,"100% Medicare OPPS FS. ",13376.24,,,,,,,Case Rate,"100 Percent of Medicaid APG. ",14557,,,,,,,Case Rate,". MPL 100/50/25% all add ons apply, and lesser of 100% of billed charges",13376.24,,,,,,,Case Rate,"100 Percent of Medicaid APG. ",37938.47,,,,,,,Case Rate,"100% Medicare OPPS FS. ",13376.24,,,,,,,Case Rate,"100 Percent of Medicaid APG. ",37938.47,,,,,,,Case Rate,"100% Medicare OPPS FS. ",37938.47,,,,,,,Case Rate,"100% Medicare OPPS FS. ",13376.24,,,,,,,Case Rate,"100 Percent of Medicaid APG. ",13376.24,,,,,,,Case Rate,"100 Percent of Medicaid APG. ",7163,,,,,,,Case Rate,". ",6487,,,,,,,Case Rate,". MPL 100/50/25% maxmium of 3 procedures. All add ons apply, and lesser of 100% of billed charges",88123.6746,78,,,,,0,percent of total billed charges,78% of Billed Charges. Lesser of 100% of billed charges applies.; No services were performed during the 15 month look back period.,50347.74,,,,,,,Case Rate,". MPL 100/50/25% all add ons apply, and lesser of 100% of billed charges",50347.74,,,,,,,Case Rate,". MPL 100/50/25% all add ons apply, and lesser of 100% of billed charges",15563,,,,,,,Case Rate,". Primary procedure pays at 100%, secondary at 50%, all subsequent at 25%.  Lesser of applies when negotiated rates exceed charges less addons.",37179.7,,,,,,,Case Rate,"83% HF Fee schedule. ",12574,,,,,,,Case Rate,". Primary procedure pays at 100%, all subsequent at 50%.",12574,,,,,,,Case Rate,". Primary procedure pays at 100%, all subsequent at 50%.",11646,,,,,,,Case Rate,". MPL 100/50/25% all add ons apply, and lesser of 100% of billed charges",11646,,,,,,,Case Rate,". MPL 100/50/25% all add ons apply, and lesser of 100% of billed charges",37938.47,,,,,,,Case Rate,"100% Medicare OPPS FS. ",37938.47,,,,,,,Case Rate,"100% Medicare OPPS FS. ",37938.47,,,,,,,Case Rate,"100% Medicare OPPS FS. ",37938.47,,,,,,,Case Rate,"100% Medicare OPPS FS. ",50347.74,,,,,,,Case Rate,". MPL 100/50/25% all add ons apply, and lesser of 100% of billed charges",14557,,,,,,,Case Rate,". MPL 100/50/25% all add ons apply, and lesser of 100% of billed charges",14557,,,,,,,Case Rate,". MPL 100/50/25% all add ons apply, and lesser of 100% of billed charges",37938.47,,,,,,,Case Rate,"100% Medicare OPPS FS. ",11646,,,,,,,Case Rate,". MPL 100/50/25% all add ons apply, and lesser of 100% of billed charges",8427,,,,,,,Case Rate,". Primary procedure pays at 100%, all subsequent at 50%.",16051.48,,,,,,,Fee Schedule,"120 Percent of Medicaid APG. ",13376.24,,,,,,,Case Rate,"100 Percent of Medicaid APG. ",7163,,,,,,,Case Rate,". ",13101,,,,,,,Case Rate,". MPL 100/50/25% all add ons apply, and lesser of 100% of billed charges",13101,,,,,,,Case Rate,". MPL 100/50/25% all add ons apply, and lesser of 100% of billed charges",14557,,,,,,,Case Rate,". MPL 100/50/25% all add ons apply, and lesser of 100% of billed charges",14948,,,,,,,Case Rate,". MPL 100/75/50% all add ons apply, and lesser of 100% of billed charges",37938.47,,,,,,,Case Rate,"100%Medicare OPPS FS. ",14045.05,,,,,,,Fee Schedule,105 percent of Medicaid APG. otherwise 105% of Ordered NYS MCD FS or 105% of ASP+6%,14045.05,,,,,,,Fee Schedule,105 percent of Medicaid APG. otherwise 105% of Ordered NYS MCD FS or 105% of ASP+6%,14045.05,,,,,,,Fee Schedule,105 percent of Medicaid APG. otherwise 105% of Ordered NYS MCD FS or 105% of ASP+6%,18057.92,,,,,,,Fee Schedule,135 percent of Medicaid APG. otherwise 135% of Ordered NYS MCD FS or 135% of ASP+6%,50347.74,,,,,,,Case Rate,". MPL 100/50/25% all add ons apply, and lesser of 100% of billed charges",14045.05,,,,,,,Fee Schedule,105 percent of Medicaid APG. otherwise 105% of Ordered NYS MCD FS or 105% of ASP+6%,14045.05,,,,,,,Fee Schedule,105 percent of Medicaid APG. otherwise 105% of Ordered NYS MCD FS or 105% of ASP+6%,14045.05,,,,,,,Fee Schedule,105 percent of Medicaid APG. otherwise 105% of Ordered NYS MCD FS or 105% of ASP+6%,14045.05,,,,,,,Fee Schedule,105 percent of Medicaid APG. otherwise 105% of Ordered NYS MCD FS or 105% of ASP+6%,14045.05,,,,,,,Fee Schedule,105 percent of Medicaid APG. otherwise 105% of Ordered NYS MCD FS or 105% of ASP+6%,18057.92,,,,,,,Fee Schedule,135 percent of Medicaid APG. otherwise 135% of Ordered NYS MCD FS or 135% of ASP+6%,18057.92,,,,,,,Fee Schedule,135 percent of Medicaid APG. otherwise 135% of Ordered NYS MCD FS or 135% of ASP+6%,37938.47,,,,,,,Case Rate,"100% Medicare OPPS FS. ",50347.74,,,,,,,Case Rate,". MPL 100/50/25% all add ons apply, and lesser of 100% of billed charges",37938.47,,,,,,,Case Rate,"100% Medicare OPPS FS. ",14045.05,,,,,,,Fee Schedule,105 percent of Medicaid APG. otherwise 105% of Ordered NYS MCD FS or 105% of ASP+6%,14557,,,,,,,Case Rate,". MPL 100/50/25% all add ons apply, and lesser of 100% of billed charges",37938.47,,,,,,,Case Rate,"100% Medicare OPPS FS. ",14557,,,,,,,Case Rate,". MPL 100/50/25% all add ons apply, and lesser of 100% of billed charges",14557,,,,,,,Case Rate,". MPL 100/50/25% all add ons apply, and lesser of 100% of billed charges",14557,,,,,,,Case Rate,". MPL 100/50/25% all add ons apply, and lesser of 100% of billed charges",14045.05,,,,,,,Fee Schedule,105 percent of Medicaid APG. otherwise 105% of Ordered NYS MCD FS or 105% of ASP+6%,37938.47,,,,,,,Case Rate,"100% Medicare OPPS FS. ",14557,,,,,,,Case Rate,". MPL 100/50/25% all add ons apply, and lesser of 100% of billed charges",18057.92,,,,,,,Fee Schedule,135 percent of Medicaid APG. otherwise 135% of Ordered NYS MCD FS or 135% of ASP+6%,14557,,,,,,,Case Rate,". MPL 100/50/25% all add ons apply, and lesser of 100% of billed charges",225958.14,200,,,,,0,Case Rate,200% of Medicare OPPS. ; No services were performed during the 15 month look back period.,37938.47,,,,,,,Case Rate,"100%Medicare OPPS FS. ",7163,,,,,,,Case Rate,". ",7163,,,,,,,Case Rate,". ",7163,,,,,,,Case Rate,". ",7163,,,,,,,Case Rate,". ",7163,,,,,,,Case Rate,". ",8427,,,,,,,Case Rate,". Primary procedure pays at 100%, all subsequent at 50%.",8427,,,,,,,Case Rate,". Primary procedure pays at 100%, all subsequent at 50%.",7163,,,,,,,Case Rate,". ",7163,,,,,,,Case Rate,". ",7163,,,,,,,Case Rate,". ",7163,,,,,,,Case Rate,". ",7163,,,,,,,Case Rate,". ",37938.47,,,,,,,Case Rate,"100% Medicare OPPS FS. ",8427,,,,,,,Case Rate,". Primary procedure pays at 100%, all subsequent at 50%.",37938.47,,,,,,,Case Rate,"100% Medicare OPPS FS. ",30096.53,,,,,,,Case Rate,"225 Percent of Medicaid APG. If not included in Medicaid APG, then 100 Percent of Manhattan Medicare",13376.24,,,,,,,Case Rate,"100 Percent of Medicaid APG. ",50347.74,,,,,,,Case Rate,". MPL 100/50/25% all add ons apply, and lesser of 100% of billed charges",50347.74,,,,,,,Case Rate,". MPL 100/50/25% all add ons apply, and lesser of 100% of billed charges",37938.47,,,,,,,Case Rate,"100% Medicare OPPS FS. ",12574,,,,,,,Case Rate,". Primary procedure pays at 100%, all subsequent at 50%.",37938.47,,,,,,,Case Rate,"100% Medicare OPPS FS. ",37938.47,,,,,,,Case Rate,"100% Medicare OPPS FS. ",15563,,,,,,,Case Rate,". Primary procedure pays at 100%, secondary at 50%, all subsequent at 25%.  Lesser of applies when negotiated rates exceed charges less addons.",37938.47,,,,,,,Case Rate,"100% Medicare OPPS FS. ",6487,,,,,,,Case Rate,". MPL 100/50/25% maxmium of 3 procedures. All add ons apply, and lesser of 100% of billed charges",37938.47,,,,,,,Case Rate,"100% Medicare OPPS FS. ",6487,,,,,,,Case Rate,". MPL 100/50/25% maxmium of 3 procedures. All add ons apply, and lesser of 100% of billed charges",15563,,,,,,,Case Rate,". Primary procedure pays at 100%, secondary at 50%, all subsequent at 25%.  Lesser of applies when negotiated rates exceed charges less addons.",6487,,,,,,,Case Rate,". MPL 100/50/25% maxmium of 3 procedures. All add ons apply, and lesser of 100% of billed charges",37938.47,,,,,,,Case Rate,"100% Medicare OPPS FS. ",13376.24,,,,,,,Case Rate,"100 Percent of Medicaid APG. ",37938.47,,,,,,,Case Rate,"100% Medicare OPPS FS. ",6487,,,,,,,Case Rate,". MPL 100/50/25% maxmium of 3 procedures. All add ons apply, and lesser of 100% of billed charges",50347.74,,,,,,,Case Rate,". MPL 100/50/25% all add ons apply, and lesser of 100% of billed charges",13376.24,,,,,,,Case Rate,"100 Percent of Medicaid APG. ",14557,,,,,,,Case Rate,". MPL 100/50/25% all add ons apply, and lesser of 100% of billed charges",16051.48,,,,,,,Fee Schedule,"120 Percent of Medicaid APG. ",16051.48,,,,,,,Fee Schedule,"120 Percent of Medicaid APG. ",14557,,,,,,,Case Rate,". MPL 100/50/25% all add ons apply, and lesser of 100% of billed charges",14557,,,,,,,Case Rate,". MPL 100/50/25% all add ons apply, and lesser of 100% of billed charges",14557,,,,,,,Case Rate,". MPL 100/50/25% all add ons apply, and lesser of 100% of billed charges",50347.74,,,,,,,Case Rate,". MPL 100/50/25% all add ons apply, and lesser of 100% of billed charges",14557,,,,,,,Case Rate,". MPL 100/50/25% all add ons apply, and lesser of 100% of billed charges",14557,,,,,,,Case Rate,". MPL 100/50/25% all add ons apply, and lesser of 100% of billed charges",14557,,,,,,,Case Rate,". MPL 100/50/25% all add ons apply, and lesser of 100% of billed charges",7163,,,,,,,Case Rate,". ",7163,,,,,,,Case Rate,". ",75118.17,,,,,,,Case Rate,198 Percent of Medicare OPPS. Metroplus will reimburse unlisted codes and described codes with no Medicare rate at 50 percent of charges.,13376.24,,,,,,,Case Rate,"100 Percent of Medicaid APG. ",50347.74,,,,,,,Case Rate,". MPL 100/50/25% all add ons apply, and lesser of 100% of billed charges",6487,,,,,,,Case Rate,". MPL 100/50/25% maxmium of 3 procedures. All add ons apply, and lesser of 100% of billed charges",15563,,,,,,,Case Rate,". Primary procedure pays at 100%, secondary at 50%, all subsequent at 25%.  Lesser of applies when negotiated rates exceed charges less addons.",50347.74,,,,,,,Case Rate,". MPL 100/50/25% all add ons apply, and lesser of 100% of billed charges",15563,,,,,,,Case Rate,". Primary procedure pays at 100%, secondary at 50%, all subsequent at 25%.  Lesser of applies when negotiated rates exceed charges less addons.",50347.74,,,,,,,Case Rate,". MPL 100/50/25% all add ons apply, and lesser of 100% of billed charges",14557,,,,,,,Case Rate,". MPL 100/50/25% all add ons apply, and lesser of 100% of billed charges",14557,,,,,,,Case Rate,". MPL 100/50/25% all add ons apply, and lesser of 100% of billed charges",14557,,,,,,,Case Rate,". MPL 100/50/25% all add ons apply, and lesser of 100% of billed charges",14557,,,,,,,Case Rate,". MPL 100/50/25% all add ons apply, and lesser of 100% of billed charges",37938.47,,,,,,,Case Rate,"100% Medicare OPPS FS. ",1129.7907,225958.14,
0663T,CPT,2027554,LOCAL,510,RC,HC CC SCALP COOL PLMT MNTR RMVL,450.71,85.6349,both,,,,225.355,50,,,,,0,percent of total billed charges,50 percent of billed charges; No services were performed during the 15 month look back period.,225.355,50,,,,,0,percent of total billed charges,50 percent of billed charges; No services were performed during the 15 month look back period.,270.426,60,,,,,0,percent of total billed charges,60 percent of billed charges; No services were performed during the 15 month look back period.,450.71,100,,,,,0,percent of total billed charges,100 percent of billed charges; No services were performed during the 15 month look back period.,,,,,,,,Other,"Not Payable. ",270.426,60,,,,,0,percent of total billed charges,60 percent of billed charges; No services were performed during the 15 month look back period.,270.426,60,,,,,0,percent of total billed charges,60 percent of billed charges; No services were performed during the 15 month look back period.,270.426,60,,,,,0,percent of total billed charges,60 percent of billed charges; No services were performed during the 15 month look back period.,138.03,,,,,,,Case Rate,"100 Percent of Medicaid APG. ",115.03,,,,,,,Case Rate,"100 Percent of Medicaid APG. ",351.5538,78,,,,,0,percent of total billed charges,78% of Billed Charges. Lesser of 100% of billed charges applies.; No services were performed during the 15 month look back period.,,,,,,,,Fee Schedule,". ",115.03,,,,,,,Case Rate,"100 Percent of Medicaid APG. ",,,,,,,,Other,"Not Payable. ",524,,,,,,,Per Diem,. Paid once per unique code per service date and lesser of 100% of billed charges.,524,,,,,,,Per Diem,. Paid once per unique code per service date and lesser of 100% of billed charges.,524,,,,,,,Per Diem,. Paid once per unique code per service date and lesser of 100% of billed charges.,524,,,,,,,Per Diem,. Paid once per unique code per service date and lesser of 100% of billed charges.,4.5071,1,,,,,0,percent of total billed charges,NA. Covered services not payable under Medicaid Fee Schedules default to a payment of 50 percent of charges.; No services were performed during the 15 month look back period.,,,,,,,,Other,"Not Payable. ",4.5071,1,,,,,0,percent of total billed charges,NA. Covered services not payable under Medicaid Fee Schedules default to a payment of 50 percent of charges.; No services were performed during the 15 month look back period.,351.5538,78,,,,,0,percent of total billed charges,78% of Billed Charges. Lesser of 100% of billed charges applies.; No services were performed during the 15 month look back period.,270.426,60,,,,,0,percent of total billed charges,60 percent of billed charges; No services were performed during the 15 month look back period.,,,,,,,,Other,"Not Payable. ",329.0183,73,,,,,0,percent of total billed charges,73 percent of billed charges; No services were performed during the 15 month look back period.,,,,,,,,Other,"Not Payable. ",,,,,,,,Other,"Not Payable. ",351.5538,78,,,,,0,percent of total billed charges,78% of Billed Charges. Lesser of 100% of billed charges applies.; No services were performed during the 15 month look back period.,38.7,,,,,,,Fee Schedule,90 Percent of Medicare RBRVS. Lesser of 100% of billed charges applies.,38.7,,,,,,,Fee Schedule,90 Percent of Medicare RBRVS. Lesser of 100% of billed charges applies.,115.03,,,,,,,Case rate,"100 Percent of Medicaid APG. ",115.03,,,,,,,Case rate,"100 Percent of Medicaid APG. ",329.0183,73,,,,,0,percent of total billed charges,73 percent of billed charges; No services were performed during the 15 month look back period.,329.0183,73,,,,,0,percent of total billed charges,73 percent of billed charges; No services were performed during the 15 month look back period.,115.03,,,,,,,Case Rate,"100 Percent of Medicaid APG. Not APG payable, or payable under another fee schedule like ASP/AWP pays at 30% of charges",329.0183,73,,,,,0,percent of total billed charges,73 percent of billed charges; No services were performed during the 15 month look back period.,115.03,,,,,,,Case Rate,"100 Percent of Medicaid APG. Not APG payable, or payable under another fee schedule like ASP/AWP pays at 30% of charges",,,,,,,,Other,"Not Payable. ",329.0183,73,,,,,0,percent of total billed charges,73 percent of billed charges; No services were performed during the 15 month look back period.,351.5538,78,,,,,0,percent of total billed charges,78% of Billed Charges. Lesser of 100% of billed charges applies.; No services were performed during the 15 month look back period.,115.03,,,,,,,Case Rate,"100 Percent of Medicaid APG. ",115.03,,,,,,,Case Rate,"100 Percent of Medicaid APG. ",351.5538,78,,,,,0,percent of total billed charges,78% of Billed Charges. Lesser of 100% of billed charges applies.; No services were performed during the 15 month look back period.,524,,,,,,,Per Diem,. Paid once per unique code per service date and lesser of 100% of billed charges.,,,,,,,,Fee Schedule,". ",,,,,,,,Fee Schedule,". ",351.5538,78,,,,,0,percent of total billed charges,78% of Billed Charges. Lesser of 100% of billed charges applies.; No services were performed during the 15 month look back period.,,,,,,,,Other,"Not Payable. ",,,,,,,,Fee Schedule,". ",,,,,,,,Fee Schedule,". ",,,,,,,,Fee Schedule,". ",,,,,,,,Other,"Not Payable. ",,,,,,,,Fee Schedule,". ",,,,,,,,Fee Schedule,". ",,,,,,,,Other,"Not Payable. ",225.355,50,,,,,0,percent of total billed charges,50 percent of billed charges; No services were performed during the 15 month look back period.,292.9615,65,,,,,0,percent of total billed charges,65 percent of billed charges; No services were performed during the 15 month look back period.,292.9615,65,,,,,0,percent of total billed charges,65 percent of billed charges; No services were performed during the 15 month look back period.,292.9615,65,,,,,0,percent of total billed charges,65 percent of billed charges; No services were performed during the 15 month look back period.,292.9615,65,,,,,0,percent of total billed charges,65 percent of billed charges; No services were performed during the 15 month look back period.,292.9615,65,,,,,0,percent of total billed charges,65 percent of billed charges; No services were performed during the 15 month look back period.,292.9615,65,,,,,0,percent of total billed charges,65 percent of billed charges; No services were performed during the 15 month look back period.,,,,,,,,Other,"Not Payable. ",,,,,,,,Other,"Not Payable. ",292.9615,65,,,,,0,percent of total billed charges,65 percent of billed charges; No services were performed during the 15 month look back period.,351.5538,78,,,,,0,percent of total billed charges,78% of Billed Charges. Lesser of 100% of billed charges applies.; No services were performed during the 15 month look back period.,351.5538,78,,,,,0,percent of total billed charges,78% of Billed Charges. Lesser of 100% of billed charges applies.; No services were performed during the 15 month look back period.,351.5538,78,,,,,0,percent of total billed charges,78% of Billed Charges. Lesser of 100% of billed charges applies.; No services were performed during the 15 month look back period.,351.5538,78,,,,,0,percent of total billed charges,78% of Billed Charges. Lesser of 100% of billed charges applies.; No services were performed during the 15 month look back period.,351.5538,78,,,,,0,percent of total billed charges,78% of Billed Charges. Lesser of 100% of billed charges applies.; No services were performed during the 15 month look back period.,351.5538,78,,,,,0,percent of total billed charges,78% of Billed Charges. Lesser of 100% of billed charges applies.; No services were performed during the 15 month look back period.,351.5538,78,,,,,0,percent of total billed charges,78% of Billed Charges. Lesser of 100% of billed charges applies.; No services were performed during the 15 month look back period.,351.5538,78,,,,,0,percent of total billed charges,78% of Billed Charges. Lesser of 100% of billed charges applies.; No services were performed during the 15 month look back period.,351.5538,78,,,,,0,percent of total billed charges,78% of Billed Charges. Lesser of 100% of billed charges applies.; No services were performed during the 15 month look back period.,351.5538,78,,,,,0,percent of total billed charges,78% of Billed Charges. Lesser of 100% of billed charges applies.; No services were performed during the 15 month look back period.,351.5538,78,,,,,0,percent of total billed charges,78% of Billed Charges. Lesser of 100% of billed charges applies.; No services were performed during the 15 month look back period.,351.5538,78,,,,,0,percent of total billed charges,78% of Billed Charges. Lesser of 100% of billed charges applies.; No services were performed during the 15 month look back period.,351.5538,78,,,,,0,percent of total billed charges,78% of Billed Charges. Lesser of 100% of billed charges applies.; No services were performed during the 15 month look back period.,351.5538,78,,,,,0,percent of total billed charges,78% of Billed Charges. Lesser of 100% of billed charges applies.; No services were performed during the 15 month look back period.,351.5538,78,,,,,0,percent of total billed charges,78% of Billed Charges. Lesser of 100% of billed charges applies.; No services were performed during the 15 month look back period.,351.5538,78,,,,,0,percent of total billed charges,78% of Billed Charges. Lesser of 100% of billed charges applies.; No services were performed during the 15 month look back period.,351.5538,78,,,,,0,percent of total billed charges,78% of Billed Charges. Lesser of 100% of billed charges applies.; No services were performed during the 15 month look back period.,351.5538,78,,,,,0,percent of total billed charges,78% of Billed Charges. Lesser of 100% of billed charges applies.; No services were performed during the 15 month look back period.,351.5538,78,,,,,0,percent of total billed charges,78% of Billed Charges. Lesser of 100% of billed charges applies.; No services were performed during the 15 month look back period.,351.5538,78,,,,,0,percent of total billed charges,78% of Billed Charges. Lesser of 100% of billed charges applies.; No services were performed during the 15 month look back period.,351.5538,78,,,,,0,percent of total billed charges,78% of Billed Charges. Lesser of 100% of billed charges applies.; No services were performed during the 15 month look back period.,351.5538,78,,,,,0,percent of total billed charges,78% of Billed Charges. Lesser of 100% of billed charges applies.; No services were performed during the 15 month look back period.,351.5538,78,,,,,0,percent of total billed charges,78% of Billed Charges. Lesser of 100% of billed charges applies.; No services were performed during the 15 month look back period.,351.5538,78,,,,,0,percent of total billed charges,78% of Billed Charges. Lesser of 100% of billed charges applies.; No services were performed during the 15 month look back period.,351.5538,78,,,,,0,percent of total billed charges,78% of Billed Charges. Lesser of 100% of billed charges applies.; No services were performed during the 15 month look back period.,351.5538,78,,,,,0,percent of total billed charges,78% of Billed Charges. Lesser of 100% of billed charges applies.; No services were performed during the 15 month look back period.,329.0183,73,,,,,0,percent of total billed charges,73 percent of billed charges; No services were performed during the 15 month look back period.,329.0183,73,,,,,0,percent of total billed charges,73 percent of billed charges; No services were performed during the 15 month look back period.,329.0183,73,,,,,0,percent of total billed charges,73 percent of billed charges; No services were performed during the 15 month look back period.,329.0183,73,,,,,0,percent of total billed charges,73 percent of billed charges; No services were performed during the 15 month look back period.,360.568,80,,,,,0,percent of total billed charges,80 percent of billed charges; No services were performed during the 15 month look back period.,360.568,80,,,,,0,percent of total billed charges,80 percent of billed charges; No services were performed during the 15 month look back period.,524,,,,,,,Per Diem,. Paid once per unique code per service date and lesser of 100% of billed charges.,292.9615,65,,,,,0,percent of total billed charges,65 percent of billed charges; No services were performed during the 15 month look back period.,,,,,,,,Fee Schedule,". ",292.9615,65,,,,,0,percent of total billed charges,65 percent of billed charges; No services were performed during the 15 month look back period.,351.5538,78,,,,,0,percent of total billed charges,78% of Billed Charges. Lesser of 100% of billed charges applies.; No services were performed during the 15 month look back period.,360.568,80,,,,,0,percent of total billed charges,80 percent of billed charges; No services were performed during the 15 month look back period.,292.9615,65,,,,,0,percent of total billed charges,65 percent of billed charges; No services were performed during the 15 month look back period.,,,,,,,,Fee Schedule,". ",524,,,,,,,Per Diem,. Paid once per unique code per service date and lesser of 100% of billed charges.,,,,,,,,,"NA. ",351.5538,78,,,,,0,percent of total billed charges,78% of Billed Charges. Lesser of 100% of billed charges applies.; No services were performed during the 15 month look back period.,115.03,,,,,,,Case Rate,"100 Percent of Medicaid APG. ",329.0183,73,,,,,0,percent of total billed charges,73 percent of billed charges; No services were performed during the 15 month look back period.,115.03,,,,,,,Case Rate,"100 Percent of Medicaid APG. Not APG payable, or payable under another fee schedule like ASP/AWP pays at 30% of charges",,,,,,,,Other,"Not Payable. ",,,,,,,,Other,"Not Payable. ",225.355,50,,,,,0,percent of total billed charges,50 percent of billed charges; No services were performed during the 15 month look back period.,,,,,,,,Other,"Not Payable. ",,,,,,,,Other,"Not Payable. ",115.03,,,,,,,Case Rate,"100 Percent of Medicaid APG. ",,,,,,,,Other,"Not Payable. ",,,,,,,,Other,"Not Payable. ",270.426,60,,,,,0,percent of total billed charges,60 percent of billed charges; No services were performed during the 15 month look back period.,270.426,60,,,,,0,percent of total billed charges,60 percent of billed charges; No services were performed during the 15 month look back period.,,,,,,,,Other,"Not Payable. ",524,,,,,,,Per Diem,. Paid once per unique code per service date and lesser of 100% of billed charges.,,,,,,,,Fee Schedule,". ",,,,,,,,Fee Schedule,". ",,,,,,,,Other,"Not Payable. ",524,,,,,,,Per Diem,. Paid once per unique code per service date and lesser of 100% of billed charges.,270.426,60,,,,,0,percent of total billed charges,60 percent of billed charges; No services were performed during the 15 month look back period.,270.426,60,,,,,0,percent of total billed charges,60 percent of billed charges; No services were performed during the 15 month look back period.,270.426,60,,,,,0,percent of total billed charges,60 percent of billed charges; No services were performed during the 15 month look back period.,351.5538,78,,,,,0,percent of total billed charges,78% of Billed Charges. Lesser of 100% of billed charges applies.; No services were performed during the 15 month look back period.,351.5538,78,,,,,0,percent of total billed charges,78% of Billed Charges. Lesser of 100% of billed charges applies.; No services were performed during the 15 month look back period.,351.5538,78,,,,,0,percent of total billed charges,78% of Billed Charges. Lesser of 100% of billed charges applies.; No services were performed during the 15 month look back period.,351.5538,78,,,,,0,percent of total billed charges,78% of Billed Charges. Lesser of 100% of billed charges applies.; No services were performed during the 15 month look back period.,351.5538,78,,,,,0,percent of total billed charges,78% of Billed Charges. Lesser of 100% of billed charges applies.; No services were performed during the 15 month look back period.,351.5538,78,,,,,0,percent of total billed charges,78% of Billed Charges. Lesser of 100% of billed charges applies.; No services were performed during the 15 month look back period.,351.5538,78,,,,,0,percent of total billed charges,78% of Billed Charges. Lesser of 100% of billed charges applies.; No services were performed during the 15 month look back period.,351.5538,78,,,,,0,percent of total billed charges,78% of Billed Charges. Lesser of 100% of billed charges applies.; No services were performed during the 15 month look back period.,351.5538,78,,,,,0,percent of total billed charges,78% of Billed Charges. Lesser of 100% of billed charges applies.; No services were performed during the 15 month look back period.,351.5538,78,,,,,0,percent of total billed charges,78% of Billed Charges. Lesser of 100% of billed charges applies.; No services were performed during the 15 month look back period.,351.5538,78,,,,,0,percent of total billed charges,78% of Billed Charges. Lesser of 100% of billed charges applies.; No services were performed during the 15 month look back period.,360.568,80,,,,,0,percent of total billed charges,80 percent of billed charges; No services were performed during the 15 month look back period.,292.9615,65,,,,,0,percent of total billed charges,65 percent of billed charges; No services were performed during the 15 month look back period.,524,,,,,,,Per Diem,. Paid once per unique code per service date and lesser of 100% of billed charges.,,,,,,,,Other,"Not Payable. ",270.426,60,,,,,0,percent of total billed charges,60 percent of billed charges; No services were performed during the 15 month look back period.,524,,,,,,,Per Diem,. Paid once per unique code per service date and lesser of 100% of billed charges.,524,,,,,,,Per Diem,. Paid once per unique code per service date and lesser of 100% of billed charges.,351.5538,78,,,,,0,percent of total billed charges,78% of Billed Charges. Lesser of 100% of billed charges applies.; No services were performed during the 15 month look back period.,246.16,,,,,,,Case Rate,"214 Percent of Medicaid APG. Drugs not priced under APG, billed with revenue code 636 and not priced by Medicare ASP FeeSched will be reimbursed at 20% of charges.",524,,,,,,,Per Diem,. Paid once per unique code per service date and lesser of 100% of billed charges.,115.03,,,,,,,Case Rate,"100 Percent of Medicaid APG. ",,,,,,,,Other,"Not Payable. ",,,,,,,,Other,"Not Payable. ",,,,,,,,Other,"Not Payable. ",,,,,,,,Other,"Not Payable. ",,,,,,,,Other,"Not Payable. ",,,,,,,,Other,"Not Payable. ",524,,,,,,,Per Diem,. Paid once per unique code per service date and lesser of 100% of billed charges.,225.355,50,,,,,0,percent of total billed charges,50 percent of billed charges; No services were performed during the 15 month look back period.,4.5071,1,,,,,0,percent of total billed charges,NA. ; No services were performed during the 15 month look back period.,4.5071,1,,,,,0,percent of total billed charges,NA. ; No services were performed during the 15 month look back period.,4.5071,1,,,,,0,percent of total billed charges,NA. ; No services were performed during the 15 month look back period.,4.5071,1,,,,,0,percent of total billed charges,NA. ; No services were performed during the 15 month look back period.,4.5071,1,,,,,0,percent of total billed charges,NA. ; No services were performed during the 15 month look back period.,,,,,,,,,"NA. ",225.355,50,,,,,0,percent of total billed charges,50 percent of billed charges; No services were performed during the 15 month look back period.,,,,,,,,Fee Schedule,"Not Payable. ",,,,,,,,Fee Schedule,"Not Payable. ",,,,,,,,Fee Schedule,"Not Payable. ",,,,,,,,Fee Schedule,"Not Payable. ",,,,,,,,Fee Schedule,"Not Payable. ",,,,,,,,Other,"Not Payable. ",360.568,80,,,,,0,percent of total billed charges,80 percent of billed charges; No services were performed during the 15 month look back period.,360.568,80,,,,,0,percent of total billed charges,80 percent of billed charges; No services were performed during the 15 month look back period.,360.568,80,,,,,0,percent of total billed charges,80 percent of billed charges; No services were performed during the 15 month look back period.,360.568,80,,,,,0,percent of total billed charges,80 percent of billed charges; No services were performed during the 15 month look back period.,270.426,60,,,,,0,percent of total billed charges,60 percent of billed charges; No services were performed during the 15 month look back period.,270.426,60,,,,,0,percent of total billed charges,60 percent of billed charges; No services were performed during the 15 month look back period.,270.426,60,,,,,0,percent of total billed charges,60 percent of billed charges; No services were performed during the 15 month look back period.,270.426,60,,,,,0,percent of total billed charges,60 percent of billed charges; No services were performed during the 15 month look back period.,225.355,50,,,,,0,percent of total billed charges,50 percent of billed charges; No services were performed during the 15 month look back period.,225.355,50,,,,,0,percent of total billed charges,50 percent of billed charges; No services were performed during the 15 month look back period.,,,,,,,,Other,"Not Payable. ",,,,,,,,Other,"Not Payable. ",,,,,,,,Other,"Not Payable. ",292.9615,65,,,,,0,percent of total billed charges,65 percent of billed charges; No services were performed during the 15 month look back period.,292.9615,65,,,,,0,percent of total billed charges,65 percent of billed charges; No services were performed during the 15 month look back period.,292.9615,65,,,,,0,percent of total billed charges,65 percent of billed charges; No services were performed during the 15 month look back period.,225.355,50,,,,,0,percent of total billed charges,50 percent of billed charges; No services were performed during the 15 month look back period.,270.426,60,,,,,0,percent of total billed charges,60 percent of billed charges; No services were performed during the 15 month look back period.,,,,,,,,Other,"Not Payable. ",292.9615,65,,,,,0,percent of total billed charges,65 percent of billed charges; No services were performed during the 15 month look back period.,115.03,,,,,,,Case Rate,"100 Percent of Medicaid APG. ",,,,,,,,Other,"Not Payable. ",,,,,,,,Other,"Not Payable. ",,,,,,,,Other,"Not Payable. ",115.03,,,,,,,Case rate,"100 Percent of Medicaid APG. ",258.81,,,,,,,Case Rate,225% of NYS APG. Lesser of 100% of billed charges applies.,258.81,,,,,,,Case Rate,225% of NYS APG. Lesser of 100% of billed charges applies.,258.81,,,,,,,Case Rate,225% of NYS APG. Lesser of 100% of billed charges applies.,258.81,,,,,,,Case Rate,225% of NYS APG. Lesser of 100% of billed charges applies.,258.81,,,,,,,Case Rate,225% of NYS APG. Lesser of 100% of billed charges applies.,,,,,,,,Other,"Not Payable. ",115.03,,,,,,,Case Rate,"100 Percent of Medicaid APG. ",38.7,,,,,,,Fee Schedule,90 Percent of Medicare RBRVS. Lesser of 100% of billed charges applies.,258.81,,,,,,,Case Rate,225% of NYS APG. Lesser of 100% of billed charges applies.,258.81,,,,,,,Case Rate,225% of NYS APG. Lesser of 100% of billed charges applies.,38.7,,,,,,,Fee Schedule,90 Percent of Medicare RBRVS. Lesser of 100% of billed charges applies.,38.7,,,,,,,Fee Schedule,90 Percent of Medicare RBRVS. Lesser of 100% of billed charges applies.,4.5071,1,,,,,0,percent of total billed charges,NA. ; No services were performed during the 15 month look back period.,,,,,,,,Other,"Not Payable. ",,,,,,,,Other,"Not Payable. ",270.426,60,,,,,0,percent of total billed charges,60 percent of billed charges; No services were performed during the 15 month look back period.,,,,,,,,Other,"Not Payable. ",258.81,,,,,,,Case Rate,"225 Percent of Medicaid APG. ",258.81,,,,,,,Case Rate,"225 Percent of Medicaid APG. ",115.03,,,,,,,Case rate,"100 Percent of Medicaid APG. ",115.03,,,,,,,Case rate,"100 Percent of Medicaid APG. ",,,,,,,,Case Rate,Not Payable. Covered services not payable under Medicaid Fee Schedules default to a payment of 87.5 percent of charges.,4.5071,1,,,,,0,percent of total billed charges,NA. Covered services not payable under Medicaid Fee Schedules default to a payment of 50 percent of charges.; No services were performed during the 15 month look back period.,258.81,,,,,,,Case Rate,"100 Percent of Medicaid APG. ",258.81,,,,,,,Case Rate,"100 Percent of Medicaid APG. ",258.81,,,,,,,Case Rate,"100 Percent of Medicaid APG. ",258.81,,,,,,,Case Rate,"100 Percent of Medicaid APG. ",,,,,,,,,,225.355,50,,,,,0,percent of total billed charges,50 percent of billed charges; No services were performed during the 15 month look back period.,138.03,,,,,,,Case Rate,"120 Percent of Medicaid APG. Not APG payable, or payable under another fee schedule like ASP/AWP pays at 30% of charges",138.03,,,,,,,Case Rate,"120 Percent of Medicaid APG. Not APG payable, or payable under another fee schedule like ASP/AWP pays at 30% of charges",115.03,,,,,,,Case Rate,"100 Percent of Medicaid APG. Not APG payable, or payable under another fee schedule like ASP/AWP pays at 30% of charges",115.03,,,,,,,Case Rate,"100 Percent of Medicaid APG. Not APG payable, or payable under another fee schedule like ASP/AWP pays at 30% of charges",292.9615,65,,,,,0,percent of total billed charges,65 percent of billed charges; No services were performed during the 15 month look back period.,292.9615,65,,,,,0,percent of total billed charges,65 percent of billed charges; No services were performed during the 15 month look back period.,,,,,,,,Other,"Not Payable. ",292.9615,65,,,,,0,percent of total billed charges,65 percent of billed charges; No services were performed during the 15 month look back period.,292.9615,65,,,,,0,percent of total billed charges,65 percent of billed charges; No services were performed during the 15 month look back period.,292.9615,65,,,,,0,percent of total billed charges,65 percent of billed charges; No services were performed during the 15 month look back period.,292.9615,65,,,,,0,percent of total billed charges,65 percent of billed charges; No services were performed during the 15 month look back period.,,,,,,,,Other,"Not Payable. ",292.9615,65,,,,,0,percent of total billed charges,65 percent of billed charges; No services were performed during the 15 month look back period.,292.9615,65,,,,,0,percent of total billed charges,65 percent of billed charges; No services were performed during the 15 month look back period.,270.426,60,,,,,0,percent of total billed charges,60 percent of billed charges; No services were performed during the 15 month look back period.,115.03,,,,,,,Fee Schedule,100% APG. Lesser of 100% of billed charges applies.,4.5071,1,,,,,0,percent of total billed charges,NA. Covered services not payable under Medicaid Fee Schedules default to a payment of 50 percent of charges.; No services were performed during the 15 month look back period.,258.81,,,,,,,Case Rate,225% of NYS APG. Lesser of 100% of billed charges applies.,,,,,,,,Case Rate,Not Payable. Covered services not payable under Medicaid Fee Schedules default to a payment of 87.5 percent of charges.,4.5071,1,,,,,0,percent of total billed charges,NA. Covered services not payable under Medicaid Fee Schedules default to a payment of 50 percent of charges.; No services were performed during the 15 month look back period.,258.81,,,,,,,Case Rate,225% of NYS APG. Lesser of 100% of billed charges applies.,258.81,,,,,,,Case Rate,225% of NYS APG. Lesser of 100% of billed charges applies.,258.81,,,,,,,Case Rate,225% of NYS APG. Lesser of 100% of billed charges applies.,258.81,,,,,,,Case Rate,225% of NYS APG. Lesser of 100% of billed charges applies.,258.81,,,,,,,Case Rate,225% of NYS APG. Lesser of 100% of billed charges applies.,258.81,,,,,,,Case Rate,225% of NYS APG. Lesser of 100% of billed charges applies.,,,,,,,,,"NA. ",,,,,,,,,"NA. ",,,,,,,,,"NA. ",524,,,,,,,Per Diem,. Paid once per unique code per service date and lesser of 100% of billed charges.,,,,,,,,,"NA. ",,,,,,,,Other,"Not Payable. ",225.355,50,,,,,0,percent of total billed charges,50 percent of billed charges; No services were performed during the 15 month look back period.,,,,,,,,Other,"Not Payable. ",,,,,,,,Other,"Not Payable. ",138.03,,,,,,,Case Rate,"120 Percent of Medicaid APG. Not APG payable, or payable under another fee schedule like ASP/AWP pays at 30% of charges",138.03,,,,,,,Case Rate,"120 Percent of Medicaid APG. Not APG payable, or payable under another fee schedule like ASP/AWP pays at 30% of charges",115.03,,,,,,,Case Rate,"100 Percent of Medicaid APG. Not APG payable, or payable under another fee schedule like ASP/AWP pays at 30% of charges",115.03,,,,,,,Case Rate,"100 Percent of Medicaid APG. Not APG payable, or payable under another fee schedule like ASP/AWP pays at 30% of charges",115.03,,,,,,,Case Rate,"100 Percent of Medicaid APG. ",329.0183,73,,,,,0,percent of total billed charges,73 percent of billed charges; No services were performed during the 15 month look back period.,270.426,60,,,,,0,percent of total billed charges,60 percent of billed charges; No services were performed during the 15 month look back period.,329.0183,73,,,,,0,percent of total billed charges,73 percent of billed charges; No services were performed during the 15 month look back period.,524,,,,,,,Per Diem,. Paid once per unique code per service date and lesser of 100% of billed charges.,,,,,,,,Other,"Not Payable. ",,,,,,,,Other,"Not Payable. ",,,,,,,,Other,"Not Payable. ",,,,,,,,Other,"Not Payable. ",,,,,,,,Other,"Not Payable. ",,,,,,,,Other,"Not Payable. ",,,,,,,,,"NA. ",258.81,,,,,,,Case Rate,225% of NYS APG. Lesser of 100% of billed charges applies.,38.7,,,,,,,Fee Schedule,90 Percent of Medicare RBRVS. Lesser of 100% of billed charges applies.,292.9615,65,,,,,0,percent of total billed charges,65 percent of billed charges; No services were performed during the 15 month look back period.,329.0183,73,,,,,0,percent of total billed charges,73 percent of billed charges; No services were performed during the 15 month look back period.,329.0183,73,,,,,0,percent of total billed charges,73 percent of billed charges; No services were performed during the 15 month look back period.,329.0183,73,,,,,0,percent of total billed charges,73 percent of billed charges; No services were performed during the 15 month look back period.,329.0183,73,,,,,0,percent of total billed charges,73 percent of billed charges; No services were performed during the 15 month look back period.,,,,,,,,Other,"Not Payable. ",115.03,,,,,,,Case Rate,"100 Percent of Medicaid APG. ",292.9615,65,,,,,0,percent of total billed charges,65 percent of billed charges; No services were performed during the 15 month look back period.,115.03,,,,,,,Case Rate,"100 Percent of Medicaid APG. ",,,,,,,,Other,"Not Payable. ",115.03,,,,,,,Case Rate,"100 Percent of Medicaid APG. ",,,,,,,,Other,"Not Payable. ",,,,,,,,Other,"Not Payable. ",115.03,,,,,,,Case Rate,"100 Percent of Medicaid APG. ",115.03,,,,,,,Case Rate,"100 Percent of Medicaid APG. ",329.0183,73,,,,,0,percent of total billed charges,73 percent of billed charges; No services were performed during the 15 month look back period.,524,,,,,,,Per Diem,. Paid once per unique code per service date and lesser of 100% of billed charges.,351.5538,78,,,,,0,percent of total billed charges,78% of Billed Charges. Lesser of 100% of billed charges applies.; No services were performed during the 15 month look back period.,,,,,,,,Fee Schedule,". ",,,,,,,,Fee Schedule,". ",270.426,60,,,,,0,percent of total billed charges,60 percent of billed charges; No services were performed during the 15 month look back period.,,,,,,,,Other,"Not Payable. ",360.568,80,,,,,0,percent of total billed charges,80 percent of billed charges; No services were performed during the 15 month look back period.,360.568,80,,,,,0,percent of total billed charges,80 percent of billed charges; No services were performed during the 15 month look back period.,234.3692,52,,,,,0,percent of total billed charges,52 percent of billed charges; No services were performed during the 15 month look back period.,234.3692,52,,,,,0,percent of total billed charges,52 percent of billed charges; No services were performed during the 15 month look back period.,,,,,,,,Other,"Not Payable. ",,,,,,,,Other,"Not Payable. ",,,,,,,,Other,"Not Payable. ",,,,,,,,Other,"Not Payable. ",,,,,,,,Fee Schedule,". ",292.9615,65,,,,,0,percent of total billed charges,65 percent of billed charges; No services were performed during the 15 month look back period.,292.9615,65,,,,,0,percent of total billed charges,65 percent of billed charges; No services were performed during the 15 month look back period.,,,,,,,,Other,"Not Payable. ",234.3692,52,,,,,0,percent of total billed charges,52 percent of billed charges; No services were performed during the 15 month look back period.,329.0183,73,,,,,0,percent of total billed charges,73 percent of billed charges; No services were performed during the 15 month look back period.,138.03,,,,,,,Fee Schedule,"120 Percent of Medicaid APG. ",115.03,,,,,,,Case Rate,"100 Percent of Medicaid APG. ",329.0183,73,,,,,0,percent of total billed charges,73 percent of billed charges; No services were performed during the 15 month look back period.,265.9189,59,,,,,0,percent of total billed charges,59 percent of billed charges; No services were performed during the 15 month look back period.,265.9189,59,,,,,0,percent of total billed charges,59 percent of billed charges; No services were performed during the 15 month look back period.,292.9615,65,,,,,0,percent of total billed charges,65 percent of billed charges; No services were performed during the 15 month look back period.,225.355,50,,,,,0,percent of total billed charges,50 percent of billed charges; No services were performed during the 15 month look back period.,,,,,,,,Other,"Not Payable. ",120.78,,,,,,,Fee Schedule,105 percent of Medicaid APG. otherwise 105% of Ordered NYS MCD FS or 105% of ASP+6%,120.78,,,,,,,Fee Schedule,105 percent of Medicaid APG. otherwise 105% of Ordered NYS MCD FS or 105% of ASP+6%,120.78,,,,,,,Fee Schedule,105 percent of Medicaid APG. otherwise 105% of Ordered NYS MCD FS or 105% of ASP+6%,155.29,,,,,,,Fee Schedule,135 percent of Medicaid APG. otherwise 135% of Ordered NYS MCD FS or 135% of ASP+6%,,,,,,,,Fee Schedule,". ",120.78,,,,,,,Fee Schedule,105 percent of Medicaid APG. otherwise 105% of Ordered NYS MCD FS or 105% of ASP+6%,120.78,,,,,,,Fee Schedule,105 percent of Medicaid APG. otherwise 105% of Ordered NYS MCD FS or 105% of ASP+6%,120.78,,,,,,,Fee Schedule,105 percent of Medicaid APG. otherwise 105% of Ordered NYS MCD FS or 105% of ASP+6%,120.78,,,,,,,Fee Schedule,105 percent of Medicaid APG. otherwise 105% of Ordered NYS MCD FS or 105% of ASP+6%,120.78,,,,,,,Fee Schedule,105 percent of Medicaid APG. otherwise 105% of Ordered NYS MCD FS or 105% of ASP+6%,155.29,,,,,,,Fee Schedule,135 percent of Medicaid APG. otherwise 135% of Ordered NYS MCD FS or 135% of ASP+6%,155.29,,,,,,,Fee Schedule,135 percent of Medicaid APG. otherwise 135% of Ordered NYS MCD FS or 135% of ASP+6%,,,,,,,,Other,"Not Payable. ",,,,,,,,Fee Schedule,". ",,,,,,,,Other,"Not Payable. ",120.78,,,,,,,Fee Schedule,105 percent of Medicaid APG. otherwise 105% of Ordered NYS MCD FS or 105% of ASP+6%,292.9615,65,,,,,0,percent of total billed charges,65 percent of billed charges; No services were performed during the 15 month look back period.,,,,,,,,Other,"Not Payable. ",292.9615,65,,,,,0,percent of total billed charges,65 percent of billed charges; No services were performed during the 15 month look back period.,292.9615,65,,,,,0,percent of total billed charges,65 percent of billed charges; No services were performed during the 15 month look back period.,292.9615,65,,,,,0,percent of total billed charges,65 percent of billed charges; No services were performed during the 15 month look back period.,120.78,,,,,,,Fee Schedule,105 percent of Medicaid APG. otherwise 105% of Ordered NYS MCD FS or 105% of ASP+6%,,,,,,,,Other,"Not Payable. ",292.9615,65,,,,,0,percent of total billed charges,65 percent of billed charges; No services were performed during the 15 month look back period.,155.29,,,,,,,Fee Schedule,135 percent of Medicaid APG. otherwise 135% of Ordered NYS MCD FS or 135% of ASP+6%,292.9615,65,,,,,0,percent of total billed charges,65 percent of billed charges; No services were performed during the 15 month look back period.,,,,,,,,Other,"Not Payable. ",,,,,,,,Other,"Not Payable. ",329.0183,73,,,,,0,percent of total billed charges,73 percent of billed charges; No services were performed during the 15 month look back period.,329.0183,73,,,,,0,percent of total billed charges,73 percent of billed charges; No services were performed during the 15 month look back period.,329.0183,73,,,,,0,percent of total billed charges,73 percent of billed charges; No services were performed during the 15 month look back period.,329.0183,73,,,,,0,percent of total billed charges,73 percent of billed charges; No services were performed during the 15 month look back period.,329.0183,73,,,,,0,percent of total billed charges,73 percent of billed charges; No services were performed during the 15 month look back period.,329.0183,73,,,,,0,percent of total billed charges,73 percent of billed charges; No services were performed during the 15 month look back period.,329.0183,73,,,,,0,percent of total billed charges,73 percent of billed charges; No services were performed during the 15 month look back period.,329.0183,73,,,,,0,percent of total billed charges,73 percent of billed charges; No services were performed during the 15 month look back period.,329.0183,73,,,,,0,percent of total billed charges,73 percent of billed charges; No services were performed during the 15 month look back period.,329.0183,73,,,,,0,percent of total billed charges,73 percent of billed charges; No services were performed during the 15 month look back period.,329.0183,73,,,,,0,percent of total billed charges,73 percent of billed charges; No services were performed during the 15 month look back period.,329.0183,73,,,,,0,percent of total billed charges,73 percent of billed charges; No services were performed during the 15 month look back period.,,,,,,,,Other,"Not Payable. ",329.0183,73,,,,,0,percent of total billed charges,73 percent of billed charges; No services were performed during the 15 month look back period.,,,,,,,,Other,"Not Payable. ",258.81,,,,,,,Case Rate,"225 Percent of Medicaid APG. If not included in Medicaid APG, then 100 Percent of Manhattan Medicare",115.03,,,,,,,Case Rate,"100 Percent of Medicaid APG. ",,,,,,,,Fee Schedule,". ",,,,,,,,Fee Schedule,". ",,,,,,,,Other,"Not Payable. ",360.568,80,,,,,0,percent of total billed charges,80 percent of billed charges; No services were performed during the 15 month look back period.,,,,,,,,Other,"Not Payable. ",,,,,,,,Other,"Not Payable. ",270.426,60,,,,,0,percent of total billed charges,60 percent of billed charges; No services were performed during the 15 month look back period.,,,,,,,,Other,"Not Payable. ",524,,,,,,,Per Diem,. Paid once per unique code per service date and lesser of 100% of billed charges.,,,,,,,,Other,"Not Payable. ",524,,,,,,,Per Diem,. Paid once per unique code per service date and lesser of 100% of billed charges.,270.426,60,,,,,0,percent of total billed charges,60 percent of billed charges; No services were performed during the 15 month look back period.,524,,,,,,,Per Diem,. Paid once per unique code per service date and lesser of 100% of billed charges.,,,,,,,,Other,"Not Payable. ",115.03,,,,,,,Case Rate,"100 Percent of Medicaid APG. ",,,,,,,,Other,"Not Payable. ",524,,,,,,,Per Diem,. Paid once per unique code per service date and lesser of 100% of billed charges.,,,,,,,,Fee Schedule,". ",115.03,,,,,,,Case Rate,"100 Percent of Medicaid APG. ",292.9615,65,,,,,0,percent of total billed charges,65 percent of billed charges; No services were performed during the 15 month look back period.,138.03,,,,,,,Fee Schedule,"120 Percent of Medicaid APG. ",138.03,,,,,,,Fee Schedule,"120 Percent of Medicaid APG. ",292.9615,65,,,,,0,percent of total billed charges,65 percent of billed charges; No services were performed during the 15 month look back period.,292.9615,65,,,,,0,percent of total billed charges,65 percent of billed charges; No services were performed during the 15 month look back period.,292.9615,65,,,,,0,percent of total billed charges,65 percent of billed charges; No services were performed during the 15 month look back period.,,,,,,,,Fee Schedule,". ",292.9615,65,,,,,0,percent of total billed charges,65 percent of billed charges; No services were performed during the 15 month look back period.,292.9615,65,,,,,0,percent of total billed charges,65 percent of billed charges; No services were performed during the 15 month look back period.,292.9615,65,,,,,0,percent of total billed charges,65 percent of billed charges; No services were performed during the 15 month look back period.,329.0183,73,,,,,0,percent of total billed charges,73 percent of billed charges; No services were performed during the 15 month look back period.,329.0183,73,,,,,0,percent of total billed charges,73 percent of billed charges; No services were performed during the 15 month look back period.,,,,,,,,Fee Schedule,"Not Payable. ",115.03,,,,,,,Case Rate,"100 Percent of Medicaid APG. ",,,,,,,,Fee Schedule,". ",524,,,,,,,Per Diem,. Paid once per unique code per service date and lesser of 100% of billed charges.,270.426,60,,,,,0,percent of total billed charges,60 percent of billed charges; No services were performed during the 15 month look back period.,,,,,,,,Fee Schedule,". ",270.426,60,,,,,0,percent of total billed charges,60 percent of billed charges; No services were performed during the 15 month look back period.,,,,,,,,Fee Schedule,". ",292.9615,65,,,,,0,percent of total billed charges,65 percent of billed charges; No services were performed during the 15 month look back period.,292.9615,65,,,,,0,percent of total billed charges,65 percent of billed charges; No services were performed during the 15 month look back period.,292.9615,65,,,,,0,percent of total billed charges,65 percent of billed charges; No services were performed during the 15 month look back period.,292.9615,65,,,,,0,percent of total billed charges,65 percent of billed charges; No services were performed during the 15 month look back period.,,,,,,,,Other,"Not Payable. ",4.5071,1210,
10036,CPT,,,490,RC,PLMT SFT TISS LOCLZJ DEV EA,,,both,,,,1352,,,,,,,Case Rate,". MPL 1st 100% of Payment Rate 50% of all others, all add ons apply, and lesser of 100% of billed charges.",1352,,,,,,,Case Rate,". MPL 1st 100% of Payment Rate 50% of all others, all add ons apply, and lesser of 100% of billed charges.",6593,,,,,,,Case Rate,". Primary procedure pays at 100%, secondary at 50%, all subsequent at 25%.  Lesser of applies when negotiated rates exceed charges less addons.",,100,,,,,0,percent of total billed charges,100 percent of billed charges. ; No services were performed during the 15 month look back period.,,,,,,,,Other,"Not Payable. ",6593,,,,,,,Case Rate,". Primary procedure pays at 100%, secondary at 50%, all subsequent at 25%.  Lesser of applies when negotiated rates exceed charges less addons.",6593,,,,,,,Case Rate,". Primary procedure pays at 100%, secondary at 50%, all subsequent at 25%.  Lesser of applies when negotiated rates exceed charges less addons.",6593,,,,,,,Case Rate,". Primary procedure pays at 100%, secondary at 50%, all subsequent at 25%.  Lesser of applies when negotiated rates exceed charges less addons.",1062.1,,,,,,,Case Rate,"100 Percent of Medicaid APG. ",885.09,,,,,,,Case Rate,"100 Percent of Medicaid APG. ",,78,,,,,0,percent of total billed charges,78% of Billed Charges. Lesser of 100% of billed charges applies.; No services were performed during the 15 month look back period.,4923.38,,,,,,,Case Rate,". MPL 100/50/25% all add ons apply, and lesser of 100% of billed charges",885.09,,,,,,,Case Rate,"100 Percent of Medicaid APG. ",,,,,,,,Other,"Not Payable. ",6487,,,,,,,Case Rate,". MPL 100/50/25% maxmium of 3 procedures. All add ons apply, and lesser of 100% of billed charges",6487,,,,,,,Case Rate,". MPL 100/50/25% maxmium of 3 procedures. All add ons apply, and lesser of 100% of billed charges",6487,,,,,,,Case Rate,". MPL 100/50/25% maxmium of 3 procedures. All add ons apply, and lesser of 100% of billed charges",6487,,,,,,,Case Rate,". MPL 100/50/25% maxmium of 3 procedures. All add ons apply, and lesser of 100% of billed charges",885.09,,,,,,,Case rate,124 Percent of Medicaid APG. Covered services not payable under Medicaid Fee Schedules default to a payment of 50 percent of charges.,,,,,,,,Other,"Not Payable. ",885.09,,,,,,,Case rate,124 Percent of Medicaid APG. Covered services not payable under Medicaid Fee Schedules default to a payment of 50 percent of charges.,,78,,,,,0,percent of total billed charges,78% of Billed Charges. Lesser of 100% of billed charges applies.; No services were performed during the 15 month look back period.,6593,,,,,,,Case Rate,". Primary procedure pays at 100%, secondary at 50%, all subsequent at 25%.  Lesser of applies when negotiated rates exceed charges less addons.",,,,,,,,Other,"Not Payable. ",8427,,,,,,,Case Rate,". Primary procedure pays at 100%, all subsequent at 50%.",,,,,,,,Other,"Not Payable. ",,,,,,,,Other,"Not Payable. ",,78,,,,,0,percent of total billed charges,78% of Billed Charges. Lesser of 100% of billed charges applies.; No services were performed during the 15 month look back period.,42.75,,,,,,,Fee Schedule,90 Percent of Medicare RBRVS. Lesser of 100% of billed charges applies.,42.75,,,,,,,Fee Schedule,90 Percent of Medicare RBRVS. Lesser of 100% of billed charges applies.,885.09,,,,,,,Case rate,"100 Percent of Medicaid APG. ",885.09,,,,,,,Case rate,"100 Percent of Medicaid APG. ",8427,,,,,,,Case Rate,". Primary procedure pays at 100%, all subsequent at 50%.",8427,,,,,,,Case Rate,". Primary procedure pays at 100%, all subsequent at 50%.",885.09,,,,,,,Case Rate,"100 Percent of Medicaid APG. Not APG payable, or payable under another fee schedule like ASP/AWP pays at 30% of charges",8427,,,,,,,Case Rate,". Primary procedure pays at 100%, all subsequent at 50%.",885.09,,,,,,,Case Rate,"100 Percent of Medicaid APG. Not APG payable, or payable under another fee schedule like ASP/AWP pays at 30% of charges",,,,,,,,Other,"Not Payable. ",8427,,,,,,,Case Rate,". Primary procedure pays at 100%, all subsequent at 50%.",,78,,,,,0,percent of total billed charges,78% of Billed Charges. Lesser of 100% of billed charges applies.; No services were performed during the 15 month look back period.,885.09,,,,,,,Case Rate,"100 Percent of Medicaid APG. ",885.09,,,,,,,Case Rate,"100 Percent of Medicaid APG. ",,78,,,,,0,percent of total billed charges,78% of Billed Charges. Lesser of 100% of billed charges applies.; No services were performed during the 15 month look back period.,6487,,,,,,,Case Rate,". MPL 100/50/25% maxmium of 3 procedures. All add ons apply, and lesser of 100% of billed charges",4500,,,,,,,Case Rate,". MPL 100/50/25% all add ons apply, and lesser of 100% of billed charges",4500,,,,,,,Case Rate,". MPL 100/50/25% all add ons apply, and lesser of 100% of billed charges",,78,,,,,0,percent of total billed charges,78% of Billed Charges. Lesser of 100% of billed charges applies.; No services were performed during the 15 month look back period.,,,,,,,,Other,"Not Payable. ",4923.38,,,,,,,Case Rate,". MPL 100/50/25% all add ons apply, and lesser of 100% of billed charges",4923.38,,,,,,,Case Rate,". MPL 100/50/25% all add ons apply, and lesser of 100% of billed charges",4923.38,,,,,,,Case Rate,". MPL 100/50/25% all add ons apply, and lesser of 100% of billed charges",,,,,,,,Other,"Not Payable. ",4923.38,,,,,,,Case Rate,". MPL 100/50/25% all add ons apply, and lesser of 100% of billed charges",4923.38,,,,,,,Case Rate,". MPL 100/50/25% all add ons apply, and lesser of 100% of billed charges",,,,,,,,Other,"Not Payable. ",25798,,,,,,,Case Rate,". MPL 100/75/50% all add ons apply, and lesser of 100% of billed charges",4100,,,,,,,Case Rate,". MPL 100/50/25% all add ons apply, and lesser of 100% of billed charges",4100,,,,,,,Case Rate,". MPL 100/50/25% all add ons apply, and lesser of 100% of billed charges",4100,,,,,,,Case Rate,". MPL 100/50/25% all add ons apply, and lesser of 100% of billed charges",4100,,,,,,,Case Rate,". MPL 100/50/25% all add ons apply, and lesser of 100% of billed charges",4100,,,,,,,Case Rate,". MPL 100/50/25% all add ons apply, and lesser of 100% of billed charges",4100,,,,,,,Case Rate,". MPL 100/50/25% all add ons apply, and lesser of 100% of billed charges",,,,,,,,Other,"Not Payable. ",,,,,,,,Other,"Not Payable. ",4100,,,,,,,Case Rate,". MPL 100/50/25% all add ons apply, and lesser of 100% of billed charges",,78,,,,,0,percent of total billed charges,78% of Billed Charges. Lesser of 100% of billed charges applies.; No services were performed during the 15 month look back period.,,78,,,,,0,percent of total billed charges,78% of Billed Charges. Lesser of 100% of billed charges applies.; No services were performed during the 15 month look back period.,,78,,,,,0,percent of total billed charges,78% of Billed Charges. Lesser of 100% of billed charges applies.; No services were performed during the 15 month look back period.,,78,,,,,0,percent of total billed charges,78% of Billed Charges. Lesser of 100% of billed charges applies.; No services were performed during the 15 month look back period.,,78,,,,,0,percent of total billed charges,78% of Billed Charges. Lesser of 100% of billed charges applies.; No services were performed during the 15 month look back period.,,78,,,,,0,percent of total billed charges,78% of Billed Charges. Lesser of 100% of billed charges applies.; No services were performed during the 15 month look back period.,,78,,,,,0,percent of total billed charges,78% of Billed Charges. Lesser of 100% of billed charges applies.; No services were performed during the 15 month look back period.,,78,,,,,0,percent of total billed charges,78% of Billed Charges. Lesser of 100% of billed charges applies.; No services were performed during the 15 month look back period.,,78,,,,,0,percent of total billed charges,78% of Billed Charges. Lesser of 100% of billed charges applies.; No services were performed during the 15 month look back period.,,78,,,,,0,percent of total billed charges,78% of Billed Charges. Lesser of 100% of billed charges applies.; No services were performed during the 15 month look back period.,,78,,,,,0,percent of total billed charges,78% of Billed Charges. Lesser of 100% of billed charges applies.; No services were performed during the 15 month look back period.,,78,,,,,0,percent of total billed charges,78% of Billed Charges. Lesser of 100% of billed charges applies.; No services were performed during the 15 month look back period.,,78,,,,,0,percent of total billed charges,78% of Billed Charges. Lesser of 100% of billed charges applies.; No services were performed during the 15 month look back period.,,78,,,,,0,percent of total billed charges,78% of Billed Charges. Lesser of 100% of billed charges applies.; No services were performed during the 15 month look back period.,,78,,,,,0,percent of total billed charges,78% of Billed Charges. Lesser of 100% of billed charges applies.; No services were performed during the 15 month look back period.,,78,,,,,0,percent of total billed charges,78% of Billed Charges. Lesser of 100% of billed charges applies.; No services were performed during the 15 month look back period.,,78,,,,,0,percent of total billed charges,78% of Billed Charges. Lesser of 100% of billed charges applies.; No services were performed during the 15 month look back period.,,78,,,,,0,percent of total billed charges,78% of Billed Charges. Lesser of 100% of billed charges applies.; No services were performed during the 15 month look back period.,,78,,,,,0,percent of total billed charges,78% of Billed Charges. Lesser of 100% of billed charges applies.; No services were performed during the 15 month look back period.,,78,,,,,0,percent of total billed charges,78% of Billed Charges. Lesser of 100% of billed charges applies.; No services were performed during the 15 month look back period.,,78,,,,,0,percent of total billed charges,78% of Billed Charges. Lesser of 100% of billed charges applies.; No services were performed during the 15 month look back period.,,78,,,,,0,percent of total billed charges,78% of Billed Charges. Lesser of 100% of billed charges applies.; No services were performed during the 15 month look back period.,,78,,,,,0,percent of total billed charges,78% of Billed Charges. Lesser of 100% of billed charges applies.; No services were performed during the 15 month look back period.,,78,,,,,0,percent of total billed charges,78% of Billed Charges. Lesser of 100% of billed charges applies.; No services were performed during the 15 month look back period.,,78,,,,,0,percent of total billed charges,78% of Billed Charges. Lesser of 100% of billed charges applies.; No services were performed during the 15 month look back period.,,78,,,,,0,percent of total billed charges,78% of Billed Charges. Lesser of 100% of billed charges applies.; No services were performed during the 15 month look back period.,8427,,,,,,,Case Rate,". Primary procedure pays at 100%, all subsequent at 50%.",8427,,,,,,,Case Rate,". Primary procedure pays at 100%, all subsequent at 50%.",8427,,,,,,,Case Rate,". Primary procedure pays at 100%, all subsequent at 50%.",8427,,,,,,,Case Rate,". Primary procedure pays at 100%, all subsequent at 50%.",12574,,,,,,,Case Rate,". Primary procedure pays at 100%, all subsequent at 50%.",12574,,,,,,,Case Rate,". Primary procedure pays at 100%, all subsequent at 50%.",6487,,,,,,,Case Rate,". MPL 100/50/25% maxmium of 3 procedures. All add ons apply, and lesser of 100% of billed charges",4100,,,,,,,Case Rate,". MPL 100/50/25% all add ons apply, and lesser of 100% of billed charges",4923.38,,,,,,,Case Rate,". MPL 100/50/25% all add ons apply, and lesser of 100% of billed charges",4100,,,,,,,Case Rate,". MPL 100/50/25% all add ons apply, and lesser of 100% of billed charges",,78,,,,,0,percent of total billed charges,78% of Billed Charges. Lesser of 100% of billed charges applies.; No services were performed during the 15 month look back period.,12574,,,,,,,Case Rate,". Primary procedure pays at 100%, all subsequent at 50%.",4100,,,,,,,Case Rate,". MPL 100/50/25% all add ons apply, and lesser of 100% of billed charges",4923.38,,,,,,,Case Rate,". MPL 100/50/25% all add ons apply, and lesser of 100% of billed charges",6487,,,,,,,Case Rate,". MPL 100/50/25% maxmium of 3 procedures. All add ons apply, and lesser of 100% of billed charges",,,,,,,,,"NA. ",,78,,,,,0,percent of total billed charges,78% of Billed Charges. Lesser of 100% of billed charges applies.; No services were performed during the 15 month look back period.,885.09,,,,,,,Case Rate,"100 Percent of Medicaid APG. ",8427,,,,,,,Case Rate,". Primary procedure pays at 100%, all subsequent at 50%.",885.09,,,,,,,Case Rate,"100 Percent of Medicaid APG. Not APG payable, or payable under another fee schedule like ASP/AWP pays at 30% of charges",,,,,,,,Other,"Not Payable. ",,,,,,,,Other,"Not Payable. ",25798,,,,,,,Case Rate,". MPL 100/75/50% all add ons apply, and lesser of 100% of billed charges",,,,,,,,Other,"Not Payable. ",,,,,,,,Other,"Not Payable. ",885.09,,,,,,,Case Rate,"100 Percent of Medicaid APG. ",,,,,,,,Other,"Not Payable. ",,,,,,,,Other,"Not Payable. ",6593,,,,,,,Case Rate,". Primary procedure pays at 100%, secondary at 50%, all subsequent at 25%.  Lesser of applies when negotiated rates exceed charges less addons.",6593,,,,,,,Case Rate,". Primary procedure pays at 100%, secondary at 50%, all subsequent at 25%.  Lesser of applies when negotiated rates exceed charges less addons.",,,,,,,,Other,"Not Payable. ",6487,,,,,,,Case Rate,". MPL 100/50/25% maxmium of 3 procedures. All add ons apply, and lesser of 100% of billed charges",4923.38,,,,,,,Case Rate,". MPL 100/50/25% all add ons apply, and lesser of 100% of billed charges",4923.38,,,,,,,Case Rate,". MPL 100/50/25% all add ons apply, and lesser of 100% of billed charges",,,,,,,,Other,"Not Payable. ",6487,,,,,,,Case Rate,". MPL 100/50/25% maxmium of 3 procedures. All add ons apply, and lesser of 100% of billed charges",6593,,,,,,,Case Rate,". Primary procedure pays at 100%, secondary at 50%, all subsequent at 25%.  Lesser of applies when negotiated rates exceed charges less addons.",6593,,,,,,,Case Rate,". Primary procedure pays at 100%, secondary at 50%, all subsequent at 25%.  Lesser of applies when negotiated rates exceed charges less addons.",6593,,,,,,,Case Rate,". Primary procedure pays at 100%, secondary at 50%, all subsequent at 25%.  Lesser of applies when negotiated rates exceed charges less addons.",,78,,,,,0,percent of total billed charges,78% of Billed Charges. Lesser of 100% of billed charges applies.; No services were performed during the 15 month look back period.,,78,,,,,0,percent of total billed charges,78% of Billed Charges. Lesser of 100% of billed charges applies.; No services were performed during the 15 month look back period.,,78,,,,,0,percent of total billed charges,78% of Billed Charges. Lesser of 100% of billed charges applies.; No services were performed during the 15 month look back period.,,78,,,,,0,percent of total billed charges,78% of Billed Charges. Lesser of 100% of billed charges applies.; No services were performed during the 15 month look back period.,,78,,,,,0,percent of total billed charges,78% of Billed Charges. Lesser of 100% of billed charges applies.; No services were performed during the 15 month look back period.,,78,,,,,0,percent of total billed charges,78% of Billed Charges. Lesser of 100% of billed charges applies.; No services were performed during the 15 month look back period.,,78,,,,,0,percent of total billed charges,78% of Billed Charges. Lesser of 100% of billed charges applies.; No services were performed during the 15 month look back period.,,78,,,,,0,percent of total billed charges,78% of Billed Charges. Lesser of 100% of billed charges applies.; No services were performed during the 15 month look back period.,,78,,,,,0,percent of total billed charges,78% of Billed Charges. Lesser of 100% of billed charges applies.; No services were performed during the 15 month look back period.,,78,,,,,0,percent of total billed charges,78% of Billed Charges. Lesser of 100% of billed charges applies.; No services were performed during the 15 month look back period.,,78,,,,,0,percent of total billed charges,78% of Billed Charges. Lesser of 100% of billed charges applies.; No services were performed during the 15 month look back period.,12574,,,,,,,Case Rate,". Primary procedure pays at 100%, all subsequent at 50%.",4100,,,,,,,Case Rate,". MPL 100/50/25% all add ons apply, and lesser of 100% of billed charges",6487,,,,,,,Case Rate,". MPL 100/50/25% maxmium of 3 procedures. All add ons apply, and lesser of 100% of billed charges",,,,,,,,Other,"Not Payable. ",6593,,,,,,,Case Rate,". Primary procedure pays at 100%, secondary at 50%, all subsequent at 25%.  Lesser of applies when negotiated rates exceed charges less addons.",6487,,,,,,,Case Rate,". MPL 100/50/25% maxmium of 3 procedures. All add ons apply, and lesser of 100% of billed charges",6487,,,,,,,Case Rate,". MPL 100/50/25% maxmium of 3 procedures. All add ons apply, and lesser of 100% of billed charges",,78,,,,,0,percent of total billed charges,78% of Billed Charges. Lesser of 100% of billed charges applies.; No services were performed during the 15 month look back period.,1894.09,,,,,,,Case Rate,"214 Percent of Medicaid APG. Drugs not priced under APG, billed with revenue code 636 and not priced by Medicare ASP FeeSched will be reimbursed at 20% of charges.",6487,,,,,,,Case Rate,". MPL 100/50/25% maxmium of 3 procedures. All add ons apply, and lesser of 100% of billed charges",885.09,,,,,,,Case Rate,"100 Percent of Medicaid APG. ",,,,,,,,Other,"Not Payable. ",,,,,,,,Other,"Not Payable. ",,,,,,,,Other,"Not Payable. ",,,,,,,,Other,"Not Payable. ",,,,,,,,Other,"Not Payable. ",,,,,,,,Other,"Not Payable. ",6487,,,,,,,Case Rate,". MPL 100/50/25% maxmium of 3 procedures. All add ons apply, and lesser of 100% of billed charges",25798,,,,,,,Case Rate,". MPL 100/75/50% all add ons apply, and lesser of 100% of billed charges",1593.16,,,,,,,Fee Schedule,"180 Percent of Medicaid APG. ",1593.16,,,,,,,Fee Schedule,"180 Percent of Medicaid APG. ",1593.16,,,,,,,Fee Schedule,"180 Percent of Medicaid APG. ",1593.16,,,,,,,Fee Schedule,"180 Percent of Medicaid APG. ",1593.16,,,,,,,Fee Schedule,"180 Percent of Medicaid APG. ",,,,,,,,,"NA. ",25798,,,,,,,Case Rate,". MPL 100/75/50% all add ons apply, and lesser of 100% of billed charges",,,,,,,,Fee Schedule,"Not Payable. ",,,,,,,,Fee Schedule,"Not Payable. ",,,,,,,,Fee Schedule,"Not Payable. ",,,,,,,,Fee Schedule,"Not Payable. ",,,,,,,,Fee Schedule,"Not Payable. ",,,,,,,,Other,"Not Payable. ",12574,,,,,,,Case Rate,". Primary procedure pays at 100%, all subsequent at 50%.",12574,,,,,,,Case Rate,". Primary procedure pays at 100%, all subsequent at 50%.",12574,,,,,,,Case Rate,". Primary procedure pays at 100%, all subsequent at 50%.",12574,,,,,,,Case Rate,". Primary procedure pays at 100%, all subsequent at 50%.",6593,,,,,,,Case Rate,". Primary procedure pays at 100%, secondary at 50%, all subsequent at 25%.  Lesser of applies when negotiated rates exceed charges less addons.",6593,,,,,,,Case Rate,". Primary procedure pays at 100%, secondary at 50%, all subsequent at 25%.  Lesser of applies when negotiated rates exceed charges less addons.",6593,,,,,,,Case Rate,". Primary procedure pays at 100%, secondary at 50%, all subsequent at 25%.  Lesser of applies when negotiated rates exceed charges less addons.",6593,,,,,,,Case Rate,". Primary procedure pays at 100%, secondary at 50%, all subsequent at 25%.  Lesser of applies when negotiated rates exceed charges less addons.",25798,,,,,,,Case Rate,". MPL 100/75/50% all add ons apply, and lesser of 100% of billed charges",25798,,,,,,,Case Rate,". MPL 100/75/50% all add ons apply, and lesser of 100% of billed charges",,,,,,,,Other,"Not Payable. ",,,,,,,,Other,"Not Payable. ",,,,,,,,Other,"Not Payable. ",4100,,,,,,,Case Rate,". MPL 100/50/25% all add ons apply, and lesser of 100% of billed charges",4100,,,,,,,Case Rate,". MPL 100/50/25% all add ons apply, and lesser of 100% of billed charges",4100,,,,,,,Case Rate,". MPL 100/50/25% all add ons apply, and lesser of 100% of billed charges",25798,,,,,,,Case Rate,". MPL 100/75/50% all add ons apply, and lesser of 100% of billed charges",6593,,,,,,,Case Rate,". Primary procedure pays at 100%, secondary at 50%, all subsequent at 25%.  Lesser of applies when negotiated rates exceed charges less addons.",,,,,,,,Other,"Not Payable. ",4100,,,,,,,Case Rate,". MPL 100/50/25% all add ons apply, and lesser of 100% of billed charges",885.09,,,,,,,Case Rate,"100 Percent of Medicaid APG. ",,,,,,,,Other,"Not Payable. ",,,,,,,,Other,"Not Payable. ",,,,,,,,Other,"Not Payable. ",885.09,,,,,,,Case rate,"100 Percent of Medicaid APG. ",1991.45,,,,,,,Fee Schedule,225% of NYS APG. Lesser of 100% of billed charges applies.,1991.45,,,,,,,Fee Schedule,225% of NYS APG. Lesser of 100% of billed charges applies.,1991.45,,,,,,,Fee Schedule,225% of NYS APG. Lesser of 100% of billed charges applies.,1991.45,,,,,,,Fee Schedule,225% of NYS APG. Lesser of 100% of billed charges applies.,1991.45,,,,,,,Fee Schedule,225% of NYS APG. Lesser of 100% of billed charges applies.,,,,,,,,Other,"Not Payable. ",885.09,,,,,,,Case Rate,"100 Percent of Medicaid APG. ",42.75,,,,,,,Fee Schedule,90 Percent of Medicare RBRVS. Lesser of 100% of billed charges applies.,1991.45,,,,,,,Fee Schedule,225% of NYS APG. Lesser of 100% of billed charges applies.,1991.45,,,,,,,Fee Schedule,225% of NYS APG. Lesser of 100% of billed charges applies.,42.75,,,,,,,Fee Schedule,90 Percent of Medicare RBRVS. Lesser of 100% of billed charges applies.,42.75,,,,,,,Fee Schedule,90 Percent of Medicare RBRVS. Lesser of 100% of billed charges applies.,1593.16,,,,,,,Fee Schedule,"180 Percent of Medicaid APG. ",,,,,,,,Other,"Not Payable. ",,,,,,,,Other,"Not Payable. ",6593,,,,,,,Case Rate,". Primary procedure pays at 100%, secondary at 50%, all subsequent at 25%.  Lesser of applies when negotiated rates exceed charges less addons.",,,,,,,,Other,"Not Payable. ",1991.45,,,,,,,Case Rate,"225 Percent of Medicaid APG. ",1991.45,,,,,,,Case Rate,"225 Percent of Medicaid APG. ",885.09,,,,,,,Case rate,"100 Percent of Medicaid APG. ",885.09,,,,,,,Case rate,"100 Percent of Medicaid APG. ",1991.45,,,,,,,Case Rate,225 Percent of Medicaid APG. Covered services not payable under Medicaid Fee Schedules default to a payment of 87.5 percent of charges.,885.09,,,,,,,Case rate,124 Percent of Medicaid APG. Covered services not payable under Medicaid Fee Schedules default to a payment of 50 percent of charges.,1991.45,,,,,,,Case Rate,"100 Percent of Medicaid APG. ",1991.45,,,,,,,Case Rate,"100 Percent of Medicaid APG. ",1991.45,,,,,,,Case Rate,"100 Percent of Medicaid APG. ",1991.45,,,,,,,Case Rate,"100 Percent of Medicaid APG. ",13453,,,,,,,Case Rate,". MPL 100/75/50% all add ons apply, and lesser of 100% of billed charges",25798,,,,,,,Case Rate,". MPL 100/75/50% all add ons apply, and lesser of 100% of billed charges",1062.1,,,,,,,Case Rate,"120 Percent of Medicaid APG. Not APG payable, or payable under another fee schedule like ASP/AWP pays at 30% of charges",1062.1,,,,,,,Case Rate,"120 Percent of Medicaid APG. Not APG payable, or payable under another fee schedule like ASP/AWP pays at 30% of charges",885.09,,,,,,,Case Rate,"100 Percent of Medicaid APG. Not APG payable, or payable under another fee schedule like ASP/AWP pays at 30% of charges",885.09,,,,,,,Case Rate,"100 Percent of Medicaid APG. Not APG payable, or payable under another fee schedule like ASP/AWP pays at 30% of charges",4100,,,,,,,Case Rate,". MPL 100/50/25% all add ons apply, and lesser of 100% of billed charges",4100,,,,,,,Case Rate,". MPL 100/50/25% all add ons apply, and lesser of 100% of billed charges",,,,,,,,Other,"Not Payable. ",4100,,,,,,,Case Rate,". MPL 100/50/25% all add ons apply, and lesser of 100% of billed charges",4100,,,,,,,Case Rate,". MPL 100/50/25% all add ons apply, and lesser of 100% of billed charges",4100,,,,,,,Case Rate,". MPL 100/50/25% all add ons apply, and lesser of 100% of billed charges",4100,,,,,,,Case Rate,". MPL 100/50/25% all add ons apply, and lesser of 100% of billed charges",,,,,,,,Other,"Not Payable. ",4100,,,,,,,Case Rate,". MPL 100/50/25% all add ons apply, and lesser of 100% of billed charges",4100,,,,,,,Case Rate,". MPL 100/50/25% all add ons apply, and lesser of 100% of billed charges",6593,,,,,,,Case Rate,". Primary procedure pays at 100%, secondary at 50%, all subsequent at 25%.  Lesser of applies when negotiated rates exceed charges less addons.",885.09,,,,,,,Fee Schedule,100% APG. Lesser of 100% of billed charges applies.,885.09,,,,,,,Case rate,124 Percent of Medicaid APG. Covered services not payable under Medicaid Fee Schedules default to a payment of 50 percent of charges.,1991.45,,,,,,,Fee Schedule,225% of NYS APG. Lesser of 100% of billed charges applies.,1991.45,,,,,,,Case Rate,225 Percent of Medicaid APG. Covered services not payable under Medicaid Fee Schedules default to a payment of 87.5 percent of charges.,885.09,,,,,,,Case rate,124 Percent of Medicaid APG. Covered services not payable under Medicaid Fee Schedules default to a payment of 50 percent of charges.,1991.45,,,,,,,Fee Schedule,225% of NYS APG. Lesser of 100% of billed charges applies.,1991.45,,,,,,,Fee Schedule,225% of NYS APG. Lesser of 100% of billed charges applies.,1991.45,,,,,,,Fee Schedule,225% of NYS APG. Lesser of 100% of billed charges applies.,1991.45,,,,,,,Fee Schedule,225% of NYS APG. Lesser of 100% of billed charges applies.,1991.45,,,,,,,Fee Schedule,225% of NYS APG. Lesser of 100% of billed charges applies.,1991.45,,,,,,,Fee Schedule,225% of NYS APG. Lesser of 100% of billed charges applies.,,,,,,,,,"NA. ",,,,,,,,,"NA. ",,,,,,,,,"NA. ",6487,,,,,,,Case Rate,". MPL 100/50/25% maxmium of 3 procedures. All add ons apply, and lesser of 100% of billed charges",,,,,,,,,"NA. ",,,,,,,,Other,"Not Payable. ",1352,,,,,,,Case Rate,". MPL 1st 100% of Payment Rate 50% of all others, all add ons apply, and lesser of 100% of billed charges.",,,,,,,,Other,"Not Payable. ",,,,,,,,Other,"Not Payable. ",1062.1,,,,,,,Case Rate,"120 Percent of Medicaid APG. Not APG payable, or payable under another fee schedule like ASP/AWP pays at 30% of charges",1062.1,,,,,,,Case Rate,"120 Percent of Medicaid APG. Not APG payable, or payable under another fee schedule like ASP/AWP pays at 30% of charges",885.09,,,,,,,Case Rate,"100 Percent of Medicaid APG. Not APG payable, or payable under another fee schedule like ASP/AWP pays at 30% of charges",885.09,,,,,,,Case Rate,"100 Percent of Medicaid APG. Not APG payable, or payable under another fee schedule like ASP/AWP pays at 30% of charges",885.09,,,,,,,Case Rate,"100 Percent of Medicaid APG. ",7163,,,,,,,Case Rate,". ",6593,,,,,,,Case Rate,". Primary procedure pays at 100%, secondary at 50%, all subsequent at 25%.  Lesser of applies when negotiated rates exceed charges less addons.",8427,,,,,,,Case Rate,". Primary procedure pays at 100%, all subsequent at 50%.",6487,,,,,,,Case Rate,". MPL 100/50/25% maxmium of 3 procedures. All add ons apply, and lesser of 100% of billed charges",,,,,,,,Other,"Not Payable. ",,,,,,,,Other,"Not Payable. ",,,,,,,,Other,"Not Payable. ",,,,,,,,Other,"Not Payable. ",,,,,,,,Other,"Not Payable. ",,,,,,,,Other,"Not Payable. ",,,,,,,,,"NA. ",1991.45,,,,,,,Fee Schedule,225% of NYS APG. Lesser of 100% of billed charges applies.,42.75,,,,,,,Fee Schedule,90 Percent of Medicare RBRVS. Lesser of 100% of billed charges applies.,4100,,,,,,,Case Rate,". MPL 100/50/25% all add ons apply, and lesser of 100% of billed charges",7163,,,,,,,Case Rate,". ",7163,,,,,,,Case Rate,". ",7163,,,,,,,Case Rate,". ",7163,,,,,,,Case Rate,". ",,,,,,,,Other,"Not Payable. ",885.09,,,,,,,Case Rate,"100 Percent of Medicaid APG. ",4100,,,,,,,Case Rate,". MPL 100/50/25% all add ons apply, and lesser of 100% of billed charges",885.09,,,,,,,Case Rate,"100 Percent of Medicaid APG. ",,,,,,,,Other,"Not Payable. ",885.09,,,,,,,Case Rate,"100 Percent of Medicaid APG. ",,,,,,,,Other,"Not Payable. ",,,,,,,,Other,"Not Payable. ",885.09,,,,,,,Case Rate,"100 Percent of Medicaid APG. ",885.09,,,,,,,Case Rate,"100 Percent of Medicaid APG. ",7163,,,,,,,Case Rate,". ",6487,,,,,,,Case Rate,". MPL 100/50/25% maxmium of 3 procedures. All add ons apply, and lesser of 100% of billed charges",,78,,,,,0,percent of total billed charges,78% of Billed Charges. Lesser of 100% of billed charges applies.; No services were performed during the 15 month look back period.,4923.38,,,,,,,Case Rate,". MPL 100/50/25% all add ons apply, and lesser of 100% of billed charges",4923.38,,,,,,,Case Rate,". MPL 100/50/25% all add ons apply, and lesser of 100% of billed charges",6593,,,,,,,Case Rate,". Primary procedure pays at 100%, secondary at 50%, all subsequent at 25%.  Lesser of applies when negotiated rates exceed charges less addons.",45.4,,,,,,,Other,"Not Payable. ",12574,,,,,,,Case Rate,". Primary procedure pays at 100%, all subsequent at 50%.",12574,,,,,,,Case Rate,". Primary procedure pays at 100%, all subsequent at 50%.",3280,,,,,,,Case Rate,". MPL 100/50/25% all add ons apply, and lesser of 100% of billed charges",3280,,,,,,,Case Rate,". MPL 100/50/25% all add ons apply, and lesser of 100% of billed charges",,,,,,,,Other,"Not Payable. ",,,,,,,,Other,"Not Payable. ",,,,,,,,Other,"Not Payable. ",,,,,,,,Other,"Not Payable. ",4923.38,,,,,,,Case Rate,". MPL 100/50/25% all add ons apply, and lesser of 100% of billed charges",4100,,,,,,,Case Rate,". MPL 100/50/25% all add ons apply, and lesser of 100% of billed charges",4100,,,,,,,Case Rate,". MPL 100/50/25% all add ons apply, and lesser of 100% of billed charges",,,,,,,,Other,"Not Payable. ",3280,,,,,,,Case Rate,". MPL 100/50/25% all add ons apply, and lesser of 100% of billed charges",8427,,,,,,,Case Rate,". Primary procedure pays at 100%, all subsequent at 50%.",1062.1,,,,,,,Fee Schedule,"120 Percent of Medicaid APG. ",885.09,,,,,,,Case Rate,"100 Percent of Medicaid APG. ",7163,,,,,,,Case Rate,". ",3690,,,,,,,Case Rate,". MPL 100/50/25% all add ons apply, and lesser of 100% of billed charges",3690,,,,,,,Case Rate,". MPL 100/50/25% all add ons apply, and lesser of 100% of billed charges",4100,,,,,,,Case Rate,". MPL 100/50/25% all add ons apply, and lesser of 100% of billed charges",14948,,,,,,,Case Rate,". MPL 100/75/50% all add ons apply, and lesser of 100% of billed charges",,,,,,,,Other,"Not Payable. ",929.34,,,,,,,Fee Schedule,105 percent of Medicaid APG. otherwise 105% of Ordered NYS MCD FS or 105% of ASP+6%,929.34,,,,,,,Fee Schedule,105 percent of Medicaid APG. otherwise 105% of Ordered NYS MCD FS or 105% of ASP+6%,929.34,,,,,,,Fee Schedule,105 percent of Medicaid APG. otherwise 105% of Ordered NYS MCD FS or 105% of ASP+6%,1194.87,,,,,,,Fee Schedule,135 percent of Medicaid APG. otherwise 135% of Ordered NYS MCD FS or 135% of ASP+6%,4923.38,,,,,,,Case Rate,". MPL 100/50/25% all add ons apply, and lesser of 100% of billed charges",929.34,,,,,,,Fee Schedule,105 percent of Medicaid APG. otherwise 105% of Ordered NYS MCD FS or 105% of ASP+6%,929.34,,,,,,,Fee Schedule,105 percent of Medicaid APG. otherwise 105% of Ordered NYS MCD FS or 105% of ASP+6%,929.34,,,,,,,Fee Schedule,105 percent of Medicaid APG. otherwise 105% of Ordered NYS MCD FS or 105% of ASP+6%,929.34,,,,,,,Fee Schedule,105 percent of Medicaid APG. otherwise 105% of Ordered NYS MCD FS or 105% of ASP+6%,929.34,,,,,,,Fee Schedule,105 percent of Medicaid APG. otherwise 105% of Ordered NYS MCD FS or 105% of ASP+6%,1194.87,,,,,,,Fee Schedule,135 percent of Medicaid APG. otherwise 135% of Ordered NYS MCD FS or 135% of ASP+6%,1194.87,,,,,,,Fee Schedule,135 percent of Medicaid APG. otherwise 135% of Ordered NYS MCD FS or 135% of ASP+6%,,,,,,,,Other,"Not Payable. ",4923.38,,,,,,,Case Rate,". MPL 100/50/25% all add ons apply, and lesser of 100% of billed charges",,,,,,,,Other,"Not Payable. ",929.34,,,,,,,Fee Schedule,105 percent of Medicaid APG. otherwise 105% of Ordered NYS MCD FS or 105% of ASP+6%,4100,,,,,,,Case Rate,". MPL 100/50/25% all add ons apply, and lesser of 100% of billed charges",,,,,,,,Other,"Not Payable. ",4100,,,,,,,Case Rate,". MPL 100/50/25% all add ons apply, and lesser of 100% of billed charges",4100,,,,,,,Case Rate,". MPL 100/50/25% all add ons apply, and lesser of 100% of billed charges",4100,,,,,,,Case Rate,". MPL 100/50/25% all add ons apply, and lesser of 100% of billed charges",929.34,,,,,,,Fee Schedule,105 percent of Medicaid APG. otherwise 105% of Ordered NYS MCD FS or 105% of ASP+6%,,,,,,,,Other,"Not Payable. ",4100,,,,,,,Case Rate,". MPL 100/50/25% all add ons apply, and lesser of 100% of billed charges",1194.87,,,,,,,Fee Schedule,135 percent of Medicaid APG. otherwise 135% of Ordered NYS MCD FS or 135% of ASP+6%,4100,,,,,,,Case Rate,". MPL 100/50/25% all add ons apply, and lesser of 100% of billed charges",,,,,,,,Other,"Not Payable. ",,,,,,,,Other,"Not Payable. ",7163,,,,,,,Case Rate,". ",7163,,,,,,,Case Rate,". ",7163,,,,,,,Case Rate,". ",7163,,,,,,,Case Rate,". ",7163,,,,,,,Case Rate,". ",8427,,,,,,,Case Rate,". Primary procedure pays at 100%, all subsequent at 50%.",8427,,,,,,,Case Rate,". Primary procedure pays at 100%, all subsequent at 50%.",7163,,,,,,,Case Rate,". ",7163,,,,,,,Case Rate,". ",7163,,,,,,,Case Rate,". ",7163,,,,,,,Case Rate,". ",7163,,,,,,,Case Rate,". ",,,,,,,,Other,"Not Payable. ",8427,,,,,,,Case Rate,". Primary procedure pays at 100%, all subsequent at 50%.",,,,,,,,Other,"Not Payable. ",1991.45,,,,,,,Case Rate,"225 Percent of Medicaid APG. If not included in Medicaid APG, then 100 Percent of Manhattan Medicare",885.09,,,,,,,Case Rate,"100 Percent of Medicaid APG. ",4923.38,,,,,,,Case Rate,". MPL 100/50/25% all add ons apply, and lesser of 100% of billed charges",4923.38,,,,,,,Case Rate,". MPL 100/50/25% all add ons apply, and lesser of 100% of billed charges",,,,,,,,Other,"Not Payable. ",12574,,,,,,,Case Rate,". Primary procedure pays at 100%, all subsequent at 50%.",,,,,,,,Other,"Not Payable. ",,,,,,,,Other,"Not Payable. ",6593,,,,,,,Case Rate,". Primary procedure pays at 100%, secondary at 50%, all subsequent at 25%.  Lesser of applies when negotiated rates exceed charges less addons.",,,,,,,,Other,"Not Payable. ",6487,,,,,,,Case Rate,". MPL 100/50/25% maxmium of 3 procedures. All add ons apply, and lesser of 100% of billed charges",,,,,,,,Other,"Not Payable. ",6487,,,,,,,Case Rate,". MPL 100/50/25% maxmium of 3 procedures. All add ons apply, and lesser of 100% of billed charges",6593,,,,,,,Case Rate,". Primary procedure pays at 100%, secondary at 50%, all subsequent at 25%.  Lesser of applies when negotiated rates exceed charges less addons.",6487,,,,,,,Case Rate,". MPL 100/50/25% maxmium of 3 procedures. All add ons apply, and lesser of 100% of billed charges",,,,,,,,Other,"Not Payable. ",885.09,,,,,,,Case Rate,"100 Percent of Medicaid APG. ",,,,,,,,Other,"Not Payable. ",6487,,,,,,,Case Rate,". MPL 100/50/25% maxmium of 3 procedures. All add ons apply, and lesser of 100% of billed charges",4923.38,,,,,,,Case Rate,". MPL 100/50/25% all add ons apply, and lesser of 100% of billed charges",885.09,,,,,,,Case Rate,"100 Percent of Medicaid APG. ",4100,,,,,,,Case Rate,". MPL 100/50/25% all add ons apply, and lesser of 100% of billed charges",1062.1,,,,,,,Fee Schedule,"120 Percent of Medicaid APG. ",1062.1,,,,,,,Fee Schedule,"120 Percent of Medicaid APG. ",4100,,,,,,,Case Rate,". MPL 100/50/25% all add ons apply, and lesser of 100% of billed charges",4100,,,,,,,Case Rate,". MPL 100/50/25% all add ons apply, and lesser of 100% of billed charges",4100,,,,,,,Case Rate,". MPL 100/50/25% all add ons apply, and lesser of 100% of billed charges",4923.38,,,,,,,Case Rate,". MPL 100/50/25% all add ons apply, and lesser of 100% of billed charges",4100,,,,,,,Case Rate,". MPL 100/50/25% all add ons apply, and lesser of 100% of billed charges",4100,,,,,,,Case Rate,". MPL 100/50/25% all add ons apply, and lesser of 100% of billed charges",4100,,,,,,,Case Rate,". MPL 100/50/25% all add ons apply, and lesser of 100% of billed charges",7163,,,,,,,Case Rate,". ",7163,,,,,,,Case Rate,". ",,,,,,,,Fee Schedule,"Not Payable. ",885.09,,,,,,,Case Rate,"100 Percent of Medicaid APG. ",4923.38,,,,,,,Case Rate,". MPL 100/50/25% all add ons apply, and lesser of 100% of billed charges",6487,,,,,,,Case Rate,". MPL 100/50/25% maxmium of 3 procedures. All add ons apply, and lesser of 100% of billed charges",6593,,,,,,,Case Rate,". Primary procedure pays at 100%, secondary at 50%, all subsequent at 25%.  Lesser of applies when negotiated rates exceed charges less addons.",4923.38,,,,,,,Case Rate,". MPL 100/50/25% all add ons apply, and lesser of 100% of billed charges",6593,,,,,,,Case Rate,". Primary procedure pays at 100%, secondary at 50%, all subsequent at 25%.  Lesser of applies when negotiated rates exceed charges less addons.",4923.38,,,,,,,Case Rate,". MPL 100/50/25% all add ons apply, and lesser of 100% of billed charges",4100,,,,,,,Case Rate,". MPL 100/50/25% all add ons apply, and lesser of 100% of billed charges",4100,,,,,,,Case Rate,". MPL 100/50/25% all add ons apply, and lesser of 100% of billed charges",4100,,,,,,,Case Rate,". MPL 100/50/25% all add ons apply, and lesser of 100% of billed charges",4100,,,,,,,Case Rate,". MPL 100/50/25% all add ons apply, and lesser of 100% of billed charges",,,,,,,,Other,"Not Payable. ",42.75,25798,
11426,CPT,2020044,LOCAL,361,RC,HC EXC H-F-NK-SP B9+MARG > 4 CM,10597.5,2013.525,both,,,,5941,,,,,,,Case Rate,". MPL 1st 100% of Payment Rate 50% of all others, all add ons apply, and lesser of 100% of billed charges.",5941,,,,,,,Case Rate,". MPL 1st 100% of Payment Rate 50% of all others, all add ons apply, and lesser of 100% of billed charges.",8442,,,,,,,Case Rate,". Primary procedure pays at 100%, secondary at 50%, all subsequent at 25%.  Lesser of applies when negotiated rates exceed charges less addons.",10597.5,100,,,,,0,percent of total billed charges,100 percent of billed charges. ; No services were performed during the 15 month look back period.,3386.66,,,,,,,Case Rate,"100% Medicare OPPS FS. ",8442,,,,,,,Case Rate,". Primary procedure pays at 100%, secondary at 50%, all subsequent at 25%.  Lesser of applies when negotiated rates exceed charges less addons.",8442,,,,,,,Case Rate,". Primary procedure pays at 100%, secondary at 50%, all subsequent at 25%.  Lesser of applies when negotiated rates exceed charges less addons.",8442,,,,,,,Case Rate,". Primary procedure pays at 100%, secondary at 50%, all subsequent at 25%.  Lesser of applies when negotiated rates exceed charges less addons.",3280.49,,,,,,,Case Rate,"100 Percent of Medicaid APG. ",2733.74,,,,,,,Case Rate,"100 Percent of Medicaid APG. ",8266.05,78,,,,,0,percent of total billed charges,78% of Billed Charges. Lesser of 100% of billed charges applies.; No services were performed during the 15 month look back period.,9024.56,,,,,,,Case Rate,". MPL 100/50/25% all add ons apply, and lesser of 100% of billed charges",2733.74,,,,,,,Case Rate,"100 Percent of Medicaid APG. ",3386.66,,,,,,,Case Rate,"100% Medicare OPPS FS. ",6487,,,,,,,Case Rate,". MPL 100/50/25% maxmium of 3 procedures. All add ons apply, and lesser of 100% of billed charges",6487,,,,,,,Case Rate,". MPL 100/50/25% maxmium of 3 procedures. All add ons apply, and lesser of 100% of billed charges",6487,,,,,,,Case Rate,". MPL 100/50/25% maxmium of 3 procedures. All add ons apply, and lesser of 100% of billed charges",6487,,,,,,,Case Rate,". MPL 100/50/25% maxmium of 3 procedures. All add ons apply, and lesser of 100% of billed charges",2733.74,,,,,,,Case rate,124 Percent of Medicaid APG. Covered services not payable under Medicaid Fee Schedules default to a payment of 50 percent of charges.,3386.66,,,,,,,Case Rate,"100% Medicare OPPS FS. ",2733.74,,,,,,,Case rate,124 Percent of Medicaid APG. Covered services not payable under Medicaid Fee Schedules default to a payment of 50 percent of charges.,8266.05,78,,,,,0,percent of total billed charges,78% of Billed Charges. Lesser of 100% of billed charges applies.; No services were performed during the 15 month look back period.,8442,,,,,,,Case Rate,". Primary procedure pays at 100%, secondary at 50%, all subsequent at 25%.  Lesser of applies when negotiated rates exceed charges less addons.",3386.66,,,,,,,Case Rate,"100%Medicare OPPS FS. ",8427,,,,,,,Case Rate,". Primary procedure pays at 100%, all subsequent at 50%.",3386.66,,,,,,,Case Rate,"100%Medicare OPPS FS. ",3386.66,,,,,,,Case Rate,"100%Medicare OPPS FS. ",8266.05,78,,,,,0,percent of total billed charges,78% of Billed Charges. Lesser of 100% of billed charges applies.; No services were performed during the 15 month look back period.,1228.42,,,,,,,Case Rate,100% of PAS. Lesser of 100% of billed charges applies.,1228.42,,,,,,,Case Rate,100% of PAS. Lesser of 100% of billed charges applies.,2733.74,,,,,,,Case rate,"100 Percent of Medicaid APG. ",2733.74,,,,,,,Case rate,"100 Percent of Medicaid APG. ",8427,,,,,,,Case Rate,". Primary procedure pays at 100%, all subsequent at 50%.",8427,,,,,,,Case Rate,". Primary procedure pays at 100%, all subsequent at 50%.",2733.74,,,,,,,Case Rate,"100 Percent of Medicaid APG. Not APG payable, or payable under another fee schedule like ASP/AWP pays at 30% of charges",8427,,,,,,,Case Rate,". Primary procedure pays at 100%, all subsequent at 50%.",2733.74,,,,,,,Case Rate,"100 Percent of Medicaid APG. Not APG payable, or payable under another fee schedule like ASP/AWP pays at 30% of charges",3386.66,,,,,,,Case Rate,"100%Medicare OPPS FS. ",8427,,,,,,,Case Rate,". Primary procedure pays at 100%, all subsequent at 50%.",8266.05,78,,,,,0,percent of total billed charges,78% of Billed Charges. Lesser of 100% of billed charges applies.; No services were performed during the 15 month look back period.,2733.74,,,,,,,Case Rate,"100 Percent of Medicaid APG. ",2733.74,,,,,,,Case Rate,"100 Percent of Medicaid APG. ",8266.05,78,,,,,0,percent of total billed charges,78% of Billed Charges. Lesser of 100% of billed charges applies.; No services were performed during the 15 month look back period.,6487,,,,,,,Case Rate,". MPL 100/50/25% maxmium of 3 procedures. All add ons apply, and lesser of 100% of billed charges",7929,,,,,,,Case Rate,". MPL 100/50/25% all add ons apply, and lesser of 100% of billed charges",7929,,,,,,,Case Rate,". MPL 100/50/25% all add ons apply, and lesser of 100% of billed charges",8266.05,78,,,,,0,percent of total billed charges,78% of Billed Charges. Lesser of 100% of billed charges applies.; No services were performed during the 15 month look back period.,3386.66,,,,,,,Case Rate,"100% Medicare OPPS FS. ",9024.56,,,,,,,Case Rate,". MPL 100/50/25% all add ons apply, and lesser of 100% of billed charges",9024.56,,,,,,,Case Rate,". MPL 100/50/25% all add ons apply, and lesser of 100% of billed charges",9024.56,,,,,,,Case Rate,". MPL 100/50/25% all add ons apply, and lesser of 100% of billed charges",3386.66,,,,,,,Case Rate,"100% Medicare OPPS FS. ",9024.56,,,,,,,Case Rate,". MPL 100/50/25% all add ons apply, and lesser of 100% of billed charges",9024.56,,,,,,,Case Rate,". MPL 100/50/25% all add ons apply, and lesser of 100% of billed charges",3386.66,,,,,,,Case Rate,"100% of Medicare OPPS. ",25798,,,,,,,Case Rate,". MPL 100/75/50% all add ons apply, and lesser of 100% of billed charges",13586,,,,,,,Case Rate,". MPL 100/50/25% all add ons apply, and lesser of 100% of billed charges",13586,,,,,,,Case Rate,". MPL 100/50/25% all add ons apply, and lesser of 100% of billed charges",13586,,,,,,,Case Rate,". MPL 100/50/25% all add ons apply, and lesser of 100% of billed charges",13586,,,,,,,Case Rate,". MPL 100/50/25% all add ons apply, and lesser of 100% of billed charges",13586,,,,,,,Case Rate,". MPL 100/50/25% all add ons apply, and lesser of 100% of billed charges",13586,,,,,,,Case Rate,". MPL 100/50/25% all add ons apply, and lesser of 100% of billed charges",3386.66,,,,,,,Case Rate,"100% Medicare OPPS FS. ",3386.66,,,,,,,Case Rate,"100% Medicare OPPS FS. ",13586,,,,,,,Case Rate,". MPL 100/50/25% all add ons apply, and lesser of 100% of billed charges",8266.05,78,,,,,0,percent of total billed charges,78% of Billed Charges. Lesser of 100% of billed charges applies.; No services were performed during the 15 month look back period.,8266.05,78,,,,,0,percent of total billed charges,78% of Billed Charges. Lesser of 100% of billed charges applies.; No services were performed during the 15 month look back period.,8266.05,78,,,,,0,percent of total billed charges,78% of Billed Charges. Lesser of 100% of billed charges applies.; No services were performed during the 15 month look back period.,8266.05,78,,,,,0,percent of total billed charges,78% of Billed Charges. Lesser of 100% of billed charges applies.; No services were performed during the 15 month look back period.,8266.05,78,,,,,0,percent of total billed charges,78% of Billed Charges. Lesser of 100% of billed charges applies.; No services were performed during the 15 month look back period.,8266.05,78,,,,,0,percent of total billed charges,78% of Billed Charges. Lesser of 100% of billed charges applies.; No services were performed during the 15 month look back period.,8266.05,78,,,,,0,percent of total billed charges,78% of Billed Charges. Lesser of 100% of billed charges applies.; No services were performed during the 15 month look back period.,8266.05,78,,,,,0,percent of total billed charges,78% of Billed Charges. Lesser of 100% of billed charges applies.; No services were performed during the 15 month look back period.,8266.05,78,,,,,0,percent of total billed charges,78% of Billed Charges. Lesser of 100% of billed charges applies.; No services were performed during the 15 month look back period.,8266.05,78,,,,,0,percent of total billed charges,78% of Billed Charges. Lesser of 100% of billed charges applies.; No services were performed during the 15 month look back period.,8266.05,78,,,,,0,percent of total billed charges,78% of Billed Charges. Lesser of 100% of billed charges applies.; No services were performed during the 15 month look back period.,8266.05,78,,,,,0,percent of total billed charges,78% of Billed Charges. Lesser of 100% of billed charges applies.; No services were performed during the 15 month look back period.,8266.05,78,,,,,0,percent of total billed charges,78% of Billed Charges. Lesser of 100% of billed charges applies.; No services were performed during the 15 month look back period.,8266.05,78,,,,,0,percent of total billed charges,78% of Billed Charges. Lesser of 100% of billed charges applies.; No services were performed during the 15 month look back period.,8266.05,78,,,,,0,percent of total billed charges,78% of Billed Charges. Lesser of 100% of billed charges applies.; No services were performed during the 15 month look back period.,8266.05,78,,,,,0,percent of total billed charges,78% of Billed Charges. Lesser of 100% of billed charges applies.; No services were performed during the 15 month look back period.,8266.05,78,,,,,0,percent of total billed charges,78% of Billed Charges. Lesser of 100% of billed charges applies.; No services were performed during the 15 month look back period.,8266.05,78,,,,,0,percent of total billed charges,78% of Billed Charges. Lesser of 100% of billed charges applies.; No services were performed during the 15 month look back period.,8266.05,78,,,,,0,percent of total billed charges,78% of Billed Charges. Lesser of 100% of billed charges applies.; No services were performed during the 15 month look back period.,8266.05,78,,,,,0,percent of total billed charges,78% of Billed Charges. Lesser of 100% of billed charges applies.; No services were performed during the 15 month look back period.,8266.05,78,,,,,0,percent of total billed charges,78% of Billed Charges. Lesser of 100% of billed charges applies.; No services were performed during the 15 month look back period.,8266.05,78,,,,,0,percent of total billed charges,78% of Billed Charges. Lesser of 100% of billed charges applies.; No services were performed during the 15 month look back period.,8266.05,78,,,,,0,percent of total billed charges,78% of Billed Charges. Lesser of 100% of billed charges applies.; No services were performed during the 15 month look back period.,8266.05,78,,,,,0,percent of total billed charges,78% of Billed Charges. Lesser of 100% of billed charges applies.; No services were performed during the 15 month look back period.,8266.05,78,,,,,0,percent of total billed charges,78% of Billed Charges. Lesser of 100% of billed charges applies.; No services were performed during the 15 month look back period.,8266.05,78,,,,,0,percent of total billed charges,78% of Billed Charges. Lesser of 100% of billed charges applies.; No services were performed during the 15 month look back period.,8427,,,,,,,Case Rate,". Primary procedure pays at 100%, all subsequent at 50%.",8427,,,,,,,Case Rate,". Primary procedure pays at 100%, all subsequent at 50%.",8427,,,,,,,Case Rate,". Primary procedure pays at 100%, all subsequent at 50%.",8427,,,,,,,Case Rate,". Primary procedure pays at 100%, all subsequent at 50%.",12574,,,,,,,Case Rate,". Primary procedure pays at 100%, all subsequent at 50%.",12574,,,,,,,Case Rate,". Primary procedure pays at 100%, all subsequent at 50%.",6487,,,,,,,Case Rate,". MPL 100/50/25% maxmium of 3 procedures. All add ons apply, and lesser of 100% of billed charges",13586,,,,,,,Case Rate,". MPL 100/50/25% all add ons apply, and lesser of 100% of billed charges",9024.56,,,,,,,Case Rate,". MPL 100/50/25% all add ons apply, and lesser of 100% of billed charges",13586,,,,,,,Case Rate,". MPL 100/50/25% all add ons apply, and lesser of 100% of billed charges",8266.05,78,,,,,0,percent of total billed charges,78% of Billed Charges. Lesser of 100% of billed charges applies.; No services were performed during the 15 month look back period.,12574,,,,,,,Case Rate,". Primary procedure pays at 100%, all subsequent at 50%.",13586,,,,,,,Case Rate,". MPL 100/50/25% all add ons apply, and lesser of 100% of billed charges",9024.56,,,,,,,Case Rate,". MPL 100/50/25% all add ons apply, and lesser of 100% of billed charges",6487,,,,,,,Case Rate,". MPL 100/50/25% maxmium of 3 procedures. All add ons apply, and lesser of 100% of billed charges",,,,,,,,,"NA. ",8266.05,78,,,,,0,percent of total billed charges,78% of Billed Charges. Lesser of 100% of billed charges applies.; No services were performed during the 15 month look back period.,2733.74,,,,,,,Case Rate,"100 Percent of Medicaid APG. ",8427,,,,,,,Case Rate,". Primary procedure pays at 100%, all subsequent at 50%.",2733.74,,,,,,,Case Rate,"100 Percent of Medicaid APG. Not APG payable, or payable under another fee schedule like ASP/AWP pays at 30% of charges",3386.66,,,,,,,Case Rate,"100%Medicare OPPS FS. ",3386.66,,,,,,,Case Rate,"100% Medicare OPPS FS. ",25798,,,,,,,Case Rate,". MPL 100/75/50% all add ons apply, and lesser of 100% of billed charges",3386.66,,,,,,,Case Rate,"100% Medicare OPPS FS. ",3386.66,,,,,,,Case Rate,"100% Medicare OPPS FS. ",2733.74,,,,,,,Case Rate,"100 Percent of Medicaid APG. ",3386.66,,,,,,,Case Rate,"100% Medicare OPPS FS. ",3386.66,,,,,,,Case Rate,"100% Medicare OPPS FS. ",8442,,,,,,,Case Rate,". Primary procedure pays at 100%, secondary at 50%, all subsequent at 25%.  Lesser of applies when negotiated rates exceed charges less addons.",8442,,,,,,,Case Rate,". Primary procedure pays at 100%, secondary at 50%, all subsequent at 25%.  Lesser of applies when negotiated rates exceed charges less addons.",3386.66,,,,,,,Case Rate,"100% Medicare OPPS FS. ",6487,,,,,,,Case Rate,". MPL 100/50/25% maxmium of 3 procedures. All add ons apply, and lesser of 100% of billed charges",9024.56,,,,,,,Case Rate,". MPL 100/50/25% all add ons apply, and lesser of 100% of billed charges",9024.56,,,,,,,Case Rate,". MPL 100/50/25% all add ons apply, and lesser of 100% of billed charges",3386.66,,,,,,,Case Rate,"100% Medicare OPPS FS. ",6487,,,,,,,Case Rate,". MPL 100/50/25% maxmium of 3 procedures. All add ons apply, and lesser of 100% of billed charges",8442,,,,,,,Case Rate,". Primary procedure pays at 100%, secondary at 50%, all subsequent at 25%.  Lesser of applies when negotiated rates exceed charges less addons.",8442,,,,,,,Case Rate,". Primary procedure pays at 100%, secondary at 50%, all subsequent at 25%.  Lesser of applies when negotiated rates exceed charges less addons.",8442,,,,,,,Case Rate,". Primary procedure pays at 100%, secondary at 50%, all subsequent at 25%.  Lesser of applies when negotiated rates exceed charges less addons.",8266.05,78,,,,,0,percent of total billed charges,78% of Billed Charges. Lesser of 100% of billed charges applies.; No services were performed during the 15 month look back period.,8266.05,78,,,,,0,percent of total billed charges,78% of Billed Charges. Lesser of 100% of billed charges applies.; No services were performed during the 15 month look back period.,8266.05,78,,,,,0,percent of total billed charges,78% of Billed Charges. Lesser of 100% of billed charges applies.; No services were performed during the 15 month look back period.,8266.05,78,,,,,0,percent of total billed charges,78% of Billed Charges. Lesser of 100% of billed charges applies.; No services were performed during the 15 month look back period.,8266.05,78,,,,,0,percent of total billed charges,78% of Billed Charges. Lesser of 100% of billed charges applies.; No services were performed during the 15 month look back period.,8266.05,78,,,,,0,percent of total billed charges,78% of Billed Charges. Lesser of 100% of billed charges applies.; No services were performed during the 15 month look back period.,8266.05,78,,,,,0,percent of total billed charges,78% of Billed Charges. Lesser of 100% of billed charges applies.; No services were performed during the 15 month look back period.,8266.05,78,,,,,0,percent of total billed charges,78% of Billed Charges. Lesser of 100% of billed charges applies.; No services were performed during the 15 month look back period.,8266.05,78,,,,,0,percent of total billed charges,78% of Billed Charges. Lesser of 100% of billed charges applies.; No services were performed during the 15 month look back period.,8266.05,78,,,,,0,percent of total billed charges,78% of Billed Charges. Lesser of 100% of billed charges applies.; No services were performed during the 15 month look back period.,8266.05,78,,,,,0,percent of total billed charges,78% of Billed Charges. Lesser of 100% of billed charges applies.; No services were performed during the 15 month look back period.,12574,,,,,,,Case Rate,". Primary procedure pays at 100%, all subsequent at 50%.",13586,,,,,,,Case Rate,". MPL 100/50/25% all add ons apply, and lesser of 100% of billed charges",6487,,,,,,,Case Rate,". MPL 100/50/25% maxmium of 3 procedures. All add ons apply, and lesser of 100% of billed charges",3386.66,,,,,,,Case Rate,"100% Medicare OPPS FS. ",8442,,,,,,,Case Rate,". Primary procedure pays at 100%, secondary at 50%, all subsequent at 25%.  Lesser of applies when negotiated rates exceed charges less addons.",6487,,,,,,,Case Rate,". MPL 100/50/25% maxmium of 3 procedures. All add ons apply, and lesser of 100% of billed charges",6487,,,,,,,Case Rate,". MPL 100/50/25% maxmium of 3 procedures. All add ons apply, and lesser of 100% of billed charges",8266.05,78,,,,,0,percent of total billed charges,78% of Billed Charges. Lesser of 100% of billed charges applies.; No services were performed during the 15 month look back period.,5850.21,,,,,,,Case Rate,"214 Percent of Medicaid APG. Drugs not priced under APG, billed with revenue code 636 and not priced by Medicare ASP FeeSched will be reimbursed at 20% of charges.",6487,,,,,,,Case Rate,". MPL 100/50/25% maxmium of 3 procedures. All add ons apply, and lesser of 100% of billed charges",2733.74,,,,,,,Case Rate,"100 Percent of Medicaid APG. ",3386.66,,,,,,,Case Rate,"100% Medicare OPPS FS. ",3386.66,,,,,,,Case Rate,"100% Medicare OPPS FS. ",3386.66,,,,,,,Case Rate,"100% Medicare OPPS FS. ",3386.66,,,,,,,Case Rate,"100% Medicare OPPS FS. ",3386.66,,,,,,,Case Rate,"100% Medicare OPPS FS. ",3386.66,,,,,,,Case Rate,"100% Medicare OPPS FS. ",6487,,,,,,,Case Rate,". MPL 100/50/25% maxmium of 3 procedures. All add ons apply, and lesser of 100% of billed charges",25798,,,,,,,Case Rate,". MPL 100/75/50% all add ons apply, and lesser of 100% of billed charges",4920.73,,,,,,,Fee Schedule,"180 Percent of Medicaid APG. ",4920.73,,,,,,,Fee Schedule,"180 Percent of Medicaid APG. ",4920.73,,,,,,,Fee Schedule,"180 Percent of Medicaid APG. ",4920.73,,,,,,,Fee Schedule,"180 Percent of Medicaid APG. ",4920.73,,,,,,,Fee Schedule,"180 Percent of Medicaid APG. ",,,,,,,,,"NA. ",25798,,,,,,,Case Rate,". MPL 100/75/50% all add ons apply, and lesser of 100% of billed charges",6705.59,,,,,,,Case Rate,198 Percent of Medicare OPPS. Metroplus will reimburse unlisted codes and described codes with no Medicare rate at 50 percent of charges.,6705.59,,,,,,,Case Rate,198 Percent of Medicare OPPS. Metroplus will reimburse unlisted codes and described codes with no Medicare rate at 50 percent of charges.,6705.59,,,,,,,Case Rate,198 Percent of Medicare OPPS. Metroplus will reimburse unlisted codes and described codes with no Medicare rate at 50 percent of charges.,6705.59,,,,,,,Case Rate,198 Percent of Medicare OPPS. Metroplus will reimburse unlisted codes and described codes with no Medicare rate at 50 percent of charges.,6705.59,,,,,,,Case Rate,198 Percent of Medicare OPPS. Metroplus will reimburse unlisted codes and described codes with no Medicare rate at 50 percent of charges.,3386.66,,,,,,,Case Rate,"100% Medicare OPPS FS. ",12574,,,,,,,Case Rate,". Primary procedure pays at 100%, all subsequent at 50%.",12574,,,,,,,Case Rate,". Primary procedure pays at 100%, all subsequent at 50%.",12574,,,,,,,Case Rate,". Primary procedure pays at 100%, all subsequent at 50%.",12574,,,,,,,Case Rate,". Primary procedure pays at 100%, all subsequent at 50%.",8442,,,,,,,Case Rate,". Primary procedure pays at 100%, secondary at 50%, all subsequent at 25%.  Lesser of applies when negotiated rates exceed charges less addons.",8442,,,,,,,Case Rate,". Primary procedure pays at 100%, secondary at 50%, all subsequent at 25%.  Lesser of applies when negotiated rates exceed charges less addons.",8442,,,,,,,Case Rate,". Primary procedure pays at 100%, secondary at 50%, all subsequent at 25%.  Lesser of applies when negotiated rates exceed charges less addons.",8442,,,,,,,Case Rate,". Primary procedure pays at 100%, secondary at 50%, all subsequent at 25%.  Lesser of applies when negotiated rates exceed charges less addons.",25798,,,,,,,Case Rate,". MPL 100/75/50% all add ons apply, and lesser of 100% of billed charges",25798,,,,,,,Case Rate,". MPL 100/75/50% all add ons apply, and lesser of 100% of billed charges",3386.66,,,,,,,Case Rate,"100% Medicare OPPS FS. ",3386.66,,,,,,,Case Rate,"100% Medicare OPPS FS. ",3386.66,,,,,,,Case Rate,"100% Medicare OPPS FS. ",13586,,,,,,,Case Rate,". MPL 100/50/25% all add ons apply, and lesser of 100% of billed charges",13586,,,,,,,Case Rate,". MPL 100/50/25% all add ons apply, and lesser of 100% of billed charges",13586,,,,,,,Case Rate,". MPL 100/50/25% all add ons apply, and lesser of 100% of billed charges",25798,,,,,,,Case Rate,". MPL 100/75/50% all add ons apply, and lesser of 100% of billed charges",8442,,,,,,,Case Rate,". Primary procedure pays at 100%, secondary at 50%, all subsequent at 25%.  Lesser of applies when negotiated rates exceed charges less addons.",3386.66,,,,,,,Case Rate,"100% Medicare OPPS FS. ",13586,,,,,,,Case Rate,". MPL 100/50/25% all add ons apply, and lesser of 100% of billed charges",2733.74,,,,,,,Case Rate,"100 Percent of Medicaid APG. ",3454.4,,,,,,,Case Rate,"102% of Medicare OPPS. ",3454.4,,,,,,,Case Rate,"102% of Medicare OPPS. ",3454.4,,,,,,,Case Rate,"102% of Medicare OPPS. ",2733.74,,,,,,,Case rate,"100 Percent of Medicaid APG. ",6150.92,,,,,,,Case Rate,225% of NYS APG. Lesser of 100% of billed charges applies.,6150.92,,,,,,,Case Rate,225% of NYS APG. Lesser of 100% of billed charges applies.,6150.92,,,,,,,Case Rate,225% of NYS APG. Lesser of 100% of billed charges applies.,6150.92,,,,,,,Case Rate,225% of NYS APG. Lesser of 100% of billed charges applies.,6150.92,,,,,,,Case Rate,225% of NYS APG. Lesser of 100% of billed charges applies.,3454.4,,,,,,,Case Rate,"102% of Medicare OPPS. ",2733.74,,,,,,,Case Rate,"100 Percent of Medicaid APG. ",1228.42,,,,,,,Case Rate,100% of PAS. Lesser of 100% of billed charges applies.,6150.92,,,,,,,Case Rate,225% of NYS APG. Lesser of 100% of billed charges applies.,6150.92,,,,,,,Case Rate,225% of NYS APG. Lesser of 100% of billed charges applies.,1228.42,,,,,,,Case Rate,100% of PAS. Lesser of 100% of billed charges applies.,1228.42,,,,,,,Case Rate,100% of PAS. Lesser of 100% of billed charges applies.,4920.73,,,,,,,Fee Schedule,"180 Percent of Medicaid APG. ",3386.66,,,,,,,Case Rate,"100% Medicare OPPS FS. ",3386.66,,,,,,,Case Rate,"100% Medicare OPPS FS. ",8442,,,,,,,Case Rate,". Primary procedure pays at 100%, secondary at 50%, all subsequent at 25%.  Lesser of applies when negotiated rates exceed charges less addons.",3386.66,,,,,,,Case Rate,"100% Medicare OPPS FS. ",6150.92,,,,,,,Case Rate,"225 Percent of Medicaid APG. ",6150.92,,,,,,,Case Rate,"225 Percent of Medicaid APG. ",2733.74,,,,,,,Case rate,"100 Percent of Medicaid APG. ",2733.74,,,,,,,Case rate,"100 Percent of Medicaid APG. ",6150.92,,,,,,,Case Rate,225 Percent of Medicaid APG. Covered services not payable under Medicaid Fee Schedules default to a payment of 87.5 percent of charges.,2733.74,,,,,,,Case rate,124 Percent of Medicaid APG. Covered services not payable under Medicaid Fee Schedules default to a payment of 50 percent of charges.,6150.92,,,,,,,Case Rate,"100 Percent of Medicaid APG. ",6150.92,,,,,,,Case Rate,"100 Percent of Medicaid APG. ",6150.92,,,,,,,Case Rate,"100 Percent of Medicaid APG. ",6150.92,,,,,,,Case Rate,"100 Percent of Medicaid APG. ",13453,,,,,,,Case Rate,". MPL 100/75/50% all add ons apply, and lesser of 100% of billed charges",25798,,,,,,,Case Rate,". MPL 100/75/50% all add ons apply, and lesser of 100% of billed charges",3280.49,,,,,,,Case Rate,"120 Percent of Medicaid APG. Not APG payable, or payable under another fee schedule like ASP/AWP pays at 30% of charges",3280.49,,,,,,,Case Rate,"120 Percent of Medicaid APG. Not APG payable, or payable under another fee schedule like ASP/AWP pays at 30% of charges",2733.74,,,,,,,Case Rate,"100 Percent of Medicaid APG. Not APG payable, or payable under another fee schedule like ASP/AWP pays at 30% of charges",2733.74,,,,,,,Case Rate,"100 Percent of Medicaid APG. Not APG payable, or payable under another fee schedule like ASP/AWP pays at 30% of charges",13586,,,,,,,Case Rate,". MPL 100/50/25% all add ons apply, and lesser of 100% of billed charges",13586,,,,,,,Case Rate,". MPL 100/50/25% all add ons apply, and lesser of 100% of billed charges",3386.66,,,,,,,Case Rate,"100% Medicare OPPS FS. ",13586,,,,,,,Case Rate,". MPL 100/50/25% all add ons apply, and lesser of 100% of billed charges",13586,,,,,,,Case Rate,". MPL 100/50/25% all add ons apply, and lesser of 100% of billed charges",13586,,,,,,,Case Rate,". MPL 100/50/25% all add ons apply, and lesser of 100% of billed charges",13586,,,,,,,Case Rate,". MPL 100/50/25% all add ons apply, and lesser of 100% of billed charges",3386.66,,,,,,,Case Rate,"100% Medicare OPPS FS. ",13586,,,,,,,Case Rate,". MPL 100/50/25% all add ons apply, and lesser of 100% of billed charges",13586,,,,,,,Case Rate,". MPL 100/50/25% all add ons apply, and lesser of 100% of billed charges",8442,,,,,,,Case Rate,". Primary procedure pays at 100%, secondary at 50%, all subsequent at 25%.  Lesser of applies when negotiated rates exceed charges less addons.",2733.74,,,,,,,Fee Schedule,100% APG. Lesser of 100% of billed charges applies.,2733.74,,,,,,,Case rate,124 Percent of Medicaid APG. Covered services not payable under Medicaid Fee Schedules default to a payment of 50 percent of charges.,6150.92,,,,,,,Case Rate,225% of NYS APG. Lesser of 100% of billed charges applies.,6150.92,,,,,,,Case Rate,225 Percent of Medicaid APG. Covered services not payable under Medicaid Fee Schedules default to a payment of 87.5 percent of charges.,2733.74,,,,,,,Case rate,124 Percent of Medicaid APG. Covered services not payable under Medicaid Fee Schedules default to a payment of 50 percent of charges.,6150.92,,,,,,,Case Rate,225% of NYS APG. Lesser of 100% of billed charges applies.,6150.92,,,,,,,Case Rate,225% of NYS APG. Lesser of 100% of billed charges applies.,6150.92,,,,,,,Case Rate,225% of NYS APG. Lesser of 100% of billed charges applies.,6150.92,,,,,,,Case Rate,225% of NYS APG. Lesser of 100% of billed charges applies.,6150.92,,,,,,,Case Rate,225% of NYS APG. Lesser of 100% of billed charges applies.,6150.92,,,,,,,Case Rate,225% of NYS APG. Lesser of 100% of billed charges applies.,,,,,,,,,"NA. ",,,,,,,,,"NA. ",,,,,,,,,"NA. ",6487,,,,,,,Case Rate,". MPL 100/50/25% maxmium of 3 procedures. All add ons apply, and lesser of 100% of billed charges",,,,,,,,,"NA. ",3386.66,,,,,,,Case Rate,"100% Medicare OPPS FS. ",5941,,,,,,,Case Rate,". MPL 1st 100% of Payment Rate 50% of all others, all add ons apply, and lesser of 100% of billed charges.",3386.66,,,,,,,Case Rate,"100% Medicare OPPS FS. ",3386.66,,,,,,,Case Rate,"100% Medicare OPPS FS. ",3280.49,,,,,,,Case Rate,"120 Percent of Medicaid APG. Not APG payable, or payable under another fee schedule like ASP/AWP pays at 30% of charges",3280.49,,,,,,,Case Rate,"120 Percent of Medicaid APG. Not APG payable, or payable under another fee schedule like ASP/AWP pays at 30% of charges",2733.74,,,,,,,Case Rate,"100 Percent of Medicaid APG. Not APG payable, or payable under another fee schedule like ASP/AWP pays at 30% of charges",2733.74,,,,,,,Case Rate,"100 Percent of Medicaid APG. Not APG payable, or payable under another fee schedule like ASP/AWP pays at 30% of charges",2733.74,,,,,,,Case Rate,"100 Percent of Medicaid APG. ",7163,,,,,,,Case Rate,". ",8442,,,,,,,Case Rate,". Primary procedure pays at 100%, secondary at 50%, all subsequent at 25%.  Lesser of applies when negotiated rates exceed charges less addons.",8427,,,,,,,Case Rate,". Primary procedure pays at 100%, all subsequent at 50%.",6487,,,,,,,Case Rate,". MPL 100/50/25% maxmium of 3 procedures. All add ons apply, and lesser of 100% of billed charges",3386.66,,,,,,,Case Rate,"100%Medicare OPPS FS. ",3386.66,,,,,,,Case Rate,"100% Medicare OPPS FS. ",3386.66,,,,,,,Case Rate,"100% Medicare OPPS FS. ",3386.66,,,,,,,Case Rate,"100% Medicare OPPS FS. ",3386.66,,,,,,,Case Rate,"100%Medicare OPPS FS. ",3386.66,,,,,,,Case Rate,"100% Medicare OPPS FS. ",,,,,,,,,"NA. ",6150.92,,,,,,,Case Rate,225% of NYS APG. Lesser of 100% of billed charges applies.,1228.42,,,,,,,Case Rate,100% of PAS. Lesser of 100% of billed charges applies.,13586,,,,,,,Case Rate,". MPL 100/50/25% all add ons apply, and lesser of 100% of billed charges",7163,,,,,,,Case Rate,". ",7163,,,,,,,Case Rate,". ",7163,,,,,,,Case Rate,". ",7163,,,,,,,Case Rate,". ",3386.66,,,,,,,Case Rate,"100% Medicare OPPS FS. ",2733.74,,,,,,,Case Rate,"100 Percent of Medicaid APG. ",13586,,,,,,,Case Rate,". MPL 100/50/25% all add ons apply, and lesser of 100% of billed charges",2733.74,,,,,,,Case Rate,"100 Percent of Medicaid APG. ",3386.66,,,,,,,Case Rate,"100% Medicare OPPS FS. ",2733.74,,,,,,,Case Rate,"100 Percent of Medicaid APG. ",3386.66,,,,,,,Case Rate,"100% Medicare OPPS FS. ",3386.66,,,,,,,Case Rate,"100% Medicare OPPS FS. ",2733.74,,,,,,,Case Rate,"100 Percent of Medicaid APG. ",2733.74,,,,,,,Case Rate,"100 Percent of Medicaid APG. ",7163,,,,,,,Case Rate,". ",6487,,,,,,,Case Rate,". MPL 100/50/25% maxmium of 3 procedures. All add ons apply, and lesser of 100% of billed charges",8266.05,78,,,,,0,percent of total billed charges,78% of Billed Charges. Lesser of 100% of billed charges applies.; No services were performed during the 15 month look back period.,9024.56,,,,,,,Case Rate,". MPL 100/50/25% all add ons apply, and lesser of 100% of billed charges",9024.56,,,,,,,Case Rate,". MPL 100/50/25% all add ons apply, and lesser of 100% of billed charges",8442,,,,,,,Case Rate,". Primary procedure pays at 100%, secondary at 50%, all subsequent at 25%.  Lesser of applies when negotiated rates exceed charges less addons.",1154.1,,,,,,,Case Rate,"83% HF Fee schedule. ",12574,,,,,,,Case Rate,". Primary procedure pays at 100%, all subsequent at 50%.",12574,,,,,,,Case Rate,". Primary procedure pays at 100%, all subsequent at 50%.",10869,,,,,,,Case Rate,". MPL 100/50/25% all add ons apply, and lesser of 100% of billed charges",10869,,,,,,,Case Rate,". MPL 100/50/25% all add ons apply, and lesser of 100% of billed charges",3386.66,,,,,,,Case Rate,"100% Medicare OPPS FS. ",3386.66,,,,,,,Case Rate,"100% Medicare OPPS FS. ",3386.66,,,,,,,Case Rate,"100% Medicare OPPS FS. ",3386.66,,,,,,,Case Rate,"100% Medicare OPPS FS. ",9024.56,,,,,,,Case Rate,". MPL 100/50/25% all add ons apply, and lesser of 100% of billed charges",13586,,,,,,,Case Rate,". MPL 100/50/25% all add ons apply, and lesser of 100% of billed charges",13586,,,,,,,Case Rate,". MPL 100/50/25% all add ons apply, and lesser of 100% of billed charges",3386.66,,,,,,,Case Rate,"100% Medicare OPPS FS. ",10869,,,,,,,Case Rate,". MPL 100/50/25% all add ons apply, and lesser of 100% of billed charges",8427,,,,,,,Case Rate,". Primary procedure pays at 100%, all subsequent at 50%.",3280.49,,,,,,,Fee Schedule,"120 Percent of Medicaid APG. ",2733.74,,,,,,,Case Rate,"100 Percent of Medicaid APG. ",7163,,,,,,,Case Rate,". ",12227,,,,,,,Case Rate,". MPL 100/50/25% all add ons apply, and lesser of 100% of billed charges",12227,,,,,,,Case Rate,". MPL 100/50/25% all add ons apply, and lesser of 100% of billed charges",13586,,,,,,,Case Rate,". MPL 100/50/25% all add ons apply, and lesser of 100% of billed charges",14948,,,,,,,Case Rate,". MPL 100/75/50% all add ons apply, and lesser of 100% of billed charges",3386.66,,,,,,,Case Rate,"100%Medicare OPPS FS. ",2870.43,,,,,,,Fee Schedule,105 percent of Medicaid APG. otherwise 105% of Ordered NYS MCD FS or 105% of ASP+6%,2870.43,,,,,,,Fee Schedule,105 percent of Medicaid APG. otherwise 105% of Ordered NYS MCD FS or 105% of ASP+6%,2870.43,,,,,,,Fee Schedule,105 percent of Medicaid APG. otherwise 105% of Ordered NYS MCD FS or 105% of ASP+6%,3690.55,,,,,,,Fee Schedule,135 percent of Medicaid APG. otherwise 135% of Ordered NYS MCD FS or 135% of ASP+6%,9024.56,,,,,,,Case Rate,". MPL 100/50/25% all add ons apply, and lesser of 100% of billed charges",2870.43,,,,,,,Fee Schedule,105 percent of Medicaid APG. otherwise 105% of Ordered NYS MCD FS or 105% of ASP+6%,2870.43,,,,,,,Fee Schedule,105 percent of Medicaid APG. otherwise 105% of Ordered NYS MCD FS or 105% of ASP+6%,2870.43,,,,,,,Fee Schedule,105 percent of Medicaid APG. otherwise 105% of Ordered NYS MCD FS or 105% of ASP+6%,2870.43,,,,,,,Fee Schedule,105 percent of Medicaid APG. otherwise 105% of Ordered NYS MCD FS or 105% of ASP+6%,2870.43,,,,,,,Fee Schedule,105 percent of Medicaid APG. otherwise 105% of Ordered NYS MCD FS or 105% of ASP+6%,3690.55,,,,,,,Fee Schedule,135 percent of Medicaid APG. otherwise 135% of Ordered NYS MCD FS or 135% of ASP+6%,3690.55,,,,,,,Fee Schedule,135 percent of Medicaid APG. otherwise 135% of Ordered NYS MCD FS or 135% of ASP+6%,3386.66,,,,,,,Case Rate,"100% Medicare OPPS FS. ",9024.56,,,,,,,Case Rate,". MPL 100/50/25% all add ons apply, and lesser of 100% of billed charges",3386.66,,,,,,,Case Rate,"100% Medicare OPPS FS. ",2870.43,,,,,,,Fee Schedule,105 percent of Medicaid APG. otherwise 105% of Ordered NYS MCD FS or 105% of ASP+6%,13586,,,,,,,Case Rate,". MPL 100/50/25% all add ons apply, and lesser of 100% of billed charges",3386.66,,,,,,,Case Rate,"100% Medicare OPPS FS. ",13586,,,,,,,Case Rate,". MPL 100/50/25% all add ons apply, and lesser of 100% of billed charges",13586,,,,,,,Case Rate,". MPL 100/50/25% all add ons apply, and lesser of 100% of billed charges",13586,,,,,,,Case Rate,". MPL 100/50/25% all add ons apply, and lesser of 100% of billed charges",2870.43,,,,,,,Fee Schedule,105 percent of Medicaid APG. otherwise 105% of Ordered NYS MCD FS or 105% of ASP+6%,3386.66,,,,,,,Case Rate,"100% Medicare OPPS FS. ",13586,,,,,,,Case Rate,". MPL 100/50/25% all add ons apply, and lesser of 100% of billed charges",3690.55,,,,,,,Fee Schedule,135 percent of Medicaid APG. otherwise 135% of Ordered NYS MCD FS or 135% of ASP+6%,13586,,,,,,,Case Rate,". MPL 100/50/25% all add ons apply, and lesser of 100% of billed charges",21195,200,,,,,0,Case Rate,200% of Medicare OPPS. ; No services were performed during the 15 month look back period.,3386.66,,,,,,,Case Rate,"100%Medicare OPPS FS. ",7163,,,,,,,Case Rate,". ",7163,,,,,,,Case Rate,". ",7163,,,,,,,Case Rate,". ",7163,,,,,,,Case Rate,". ",7163,,,,,,,Case Rate,". ",8427,,,,,,,Case Rate,". Primary procedure pays at 100%, all subsequent at 50%.",8427,,,,,,,Case Rate,". Primary procedure pays at 100%, all subsequent at 50%.",7163,,,,,,,Case Rate,". ",7163,,,,,,,Case Rate,". ",7163,,,,,,,Case Rate,". ",7163,,,,,,,Case Rate,". ",7163,,,,,,,Case Rate,". ",3386.66,,,,,,,Case Rate,"100% Medicare OPPS FS. ",8427,,,,,,,Case Rate,". Primary procedure pays at 100%, all subsequent at 50%.",3386.66,,,,,,,Case Rate,"100% Medicare OPPS FS. ",6150.92,,,,,,,Case Rate,"225 Percent of Medicaid APG. If not included in Medicaid APG, then 100 Percent of Manhattan Medicare",2733.74,,,,,,,Case Rate,"100 Percent of Medicaid APG. ",9024.56,,,,,,,Case Rate,". MPL 100/50/25% all add ons apply, and lesser of 100% of billed charges",9024.56,,,,,,,Case Rate,". MPL 100/50/25% all add ons apply, and lesser of 100% of billed charges",3386.66,,,,,,,Case Rate,"100% Medicare OPPS FS. ",12574,,,,,,,Case Rate,". Primary procedure pays at 100%, all subsequent at 50%.",3386.66,,,,,,,Case Rate,"100% Medicare OPPS FS. ",3386.66,,,,,,,Case Rate,"100% Medicare OPPS FS. ",8442,,,,,,,Case Rate,". Primary procedure pays at 100%, secondary at 50%, all subsequent at 25%.  Lesser of applies when negotiated rates exceed charges less addons.",3386.66,,,,,,,Case Rate,"100% Medicare OPPS FS. ",6487,,,,,,,Case Rate,". MPL 100/50/25% maxmium of 3 procedures. All add ons apply, and lesser of 100% of billed charges",3386.66,,,,,,,Case Rate,"100% Medicare OPPS FS. ",6487,,,,,,,Case Rate,". MPL 100/50/25% maxmium of 3 procedures. All add ons apply, and lesser of 100% of billed charges",8442,,,,,,,Case Rate,". Primary procedure pays at 100%, secondary at 50%, all subsequent at 25%.  Lesser of applies when negotiated rates exceed charges less addons.",6487,,,,,,,Case Rate,". MPL 100/50/25% maxmium of 3 procedures. All add ons apply, and lesser of 100% of billed charges",3386.66,,,,,,,Case Rate,"100% Medicare OPPS FS. ",2733.74,,,,,,,Case Rate,"100 Percent of Medicaid APG. ",3386.66,,,,,,,Case Rate,"100% Medicare OPPS FS. ",6487,,,,,,,Case Rate,". MPL 100/50/25% maxmium of 3 procedures. All add ons apply, and lesser of 100% of billed charges",9024.56,,,,,,,Case Rate,". MPL 100/50/25% all add ons apply, and lesser of 100% of billed charges",2733.74,,,,,,,Case Rate,"100 Percent of Medicaid APG. ",13586,,,,,,,Case Rate,". MPL 100/50/25% all add ons apply, and lesser of 100% of billed charges",3280.49,,,,,,,Fee Schedule,"120 Percent of Medicaid APG. ",3280.49,,,,,,,Fee Schedule,"120 Percent of Medicaid APG. ",13586,,,,,,,Case Rate,". MPL 100/50/25% all add ons apply, and lesser of 100% of billed charges",13586,,,,,,,Case Rate,". MPL 100/50/25% all add ons apply, and lesser of 100% of billed charges",13586,,,,,,,Case Rate,". MPL 100/50/25% all add ons apply, and lesser of 100% of billed charges",9024.56,,,,,,,Case Rate,". MPL 100/50/25% all add ons apply, and lesser of 100% of billed charges",13586,,,,,,,Case Rate,". MPL 100/50/25% all add ons apply, and lesser of 100% of billed charges",13586,,,,,,,Case Rate,". MPL 100/50/25% all add ons apply, and lesser of 100% of billed charges",13586,,,,,,,Case Rate,". MPL 100/50/25% all add ons apply, and lesser of 100% of billed charges",7163,,,,,,,Case Rate,". ",7163,,,,,,,Case Rate,". ",6705.59,,,,,,,Case Rate,198 Percent of Medicare OPPS. Metroplus will reimburse unlisted codes and described codes with no Medicare rate at 50 percent of charges.,2733.74,,,,,,,Case Rate,"100 Percent of Medicaid APG. ",9024.56,,,,,,,Case Rate,". MPL 100/50/25% all add ons apply, and lesser of 100% of billed charges",6487,,,,,,,Case Rate,". MPL 100/50/25% maxmium of 3 procedures. All add ons apply, and lesser of 100% of billed charges",8442,,,,,,,Case Rate,". Primary procedure pays at 100%, secondary at 50%, all subsequent at 25%.  Lesser of applies when negotiated rates exceed charges less addons.",9024.56,,,,,,,Case Rate,". MPL 100/50/25% all add ons apply, and lesser of 100% of billed charges",8442,,,,,,,Case Rate,". Primary procedure pays at 100%, secondary at 50%, all subsequent at 25%.  Lesser of applies when negotiated rates exceed charges less addons.",9024.56,,,,,,,Case Rate,". MPL 100/50/25% all add ons apply, and lesser of 100% of billed charges",13586,,,,,,,Case Rate,". MPL 100/50/25% all add ons apply, and lesser of 100% of billed charges",13586,,,,,,,Case Rate,". MPL 100/50/25% all add ons apply, and lesser of 100% of billed charges",13586,,,,,,,Case Rate,". MPL 100/50/25% all add ons apply, and lesser of 100% of billed charges",13586,,,,,,,Case Rate,". MPL 100/50/25% all add ons apply, and lesser of 100% of billed charges",3386.66,,,,,,,Case Rate,"100% Medicare OPPS FS. ",1154.1,25798,
11982,CPT,2025272,LOCAL,361,RC,HC REMOVE DRUG IMPLANT,600.56,114.1064,both,,,,1352,,,,,,,Case Rate,". MPL 1st 100% of Payment Rate 50% of all others, all add ons apply, and lesser of 100% of billed charges.",1352,,,,,,,Case Rate,". MPL 1st 100% of Payment Rate 50% of all others, all add ons apply, and lesser of 100% of billed charges.",6593,,,,,,,Case Rate,". Primary procedure pays at 100%, secondary at 50%, all subsequent at 25%.  Lesser of applies when negotiated rates exceed charges less addons.",600.56,100,,,,,0,percent of total billed charges,100 percent of billed charges. ; No services were performed during the 15 month look back period.,472.18,,,,,,,Case Rate,"100% Medicare OPPS FS. ",6593,,,,,,,Case Rate,". Primary procedure pays at 100%, secondary at 50%, all subsequent at 25%.  Lesser of applies when negotiated rates exceed charges less addons.",6593,,,,,,,Case Rate,". Primary procedure pays at 100%, secondary at 50%, all subsequent at 25%.  Lesser of applies when negotiated rates exceed charges less addons.",6593,,,,,,,Case Rate,". Primary procedure pays at 100%, secondary at 50%, all subsequent at 25%.  Lesser of applies when negotiated rates exceed charges less addons.",626.64,,,,,,,Case Rate,"100 Percent of Medicaid APG. ",522.2,,,,,,,Case Rate,"100 Percent of Medicaid APG. ",468.4368,78,,,,,0,percent of total billed charges,78% of Billed Charges. Lesser of 100% of billed charges applies.; No services were performed during the 15 month look back period.,4923.38,,,,,,,Case Rate,". MPL 100/50/25% all add ons apply, and lesser of 100% of billed charges",522.2,,,,,,,Case Rate,"100 Percent of Medicaid APG. ",472.18,,,,,,,Case Rate,"100% Medicare OPPS FS. ",,,,,,,,Other,". ",,,,,,,,Other,". ",,,,,,,,Other,". ",,,,,,,,Other,". ",522.2,,,,,,,Case rate,124 Percent of Medicaid APG. Covered services not payable under Medicaid Fee Schedules default to a payment of 50 percent of charges.,472.18,,,,,,,Case Rate,"100% Medicare OPPS FS. ",522.2,,,,,,,Case rate,124 Percent of Medicaid APG. Covered services not payable under Medicaid Fee Schedules default to a payment of 50 percent of charges.,468.4368,78,,,,,0,percent of total billed charges,78% of Billed Charges. Lesser of 100% of billed charges applies.; No services were performed during the 15 month look back period.,6593,,,,,,,Case Rate,". Primary procedure pays at 100%, secondary at 50%, all subsequent at 25%.  Lesser of applies when negotiated rates exceed charges less addons.",472.18,,,,,,,Case Rate,"100%Medicare OPPS FS. ",8427,,,,,,,Case Rate,". Primary procedure pays at 100%, all subsequent at 50%.",472.18,,,,,,,Case Rate,"100%Medicare OPPS FS. ",472.18,,,,,,,Case Rate,"100%Medicare OPPS FS. ",468.4368,78,,,,,0,percent of total billed charges,78% of Billed Charges. Lesser of 100% of billed charges applies.; No services were performed during the 15 month look back period.,62.66,,,,,,,Case Rate,100% of PAS. Lesser of 100% of billed charges applies.,62.66,,,,,,,Case Rate,100% of PAS. Lesser of 100% of billed charges applies.,522.2,,,,,,,Case rate,"100 Percent of Medicaid APG. ",522.2,,,,,,,Case rate,"100 Percent of Medicaid APG. ",8427,,,,,,,Case Rate,". Primary procedure pays at 100%, all subsequent at 50%.",8427,,,,,,,Case Rate,". Primary procedure pays at 100%, all subsequent at 50%.",522.2,,,,,,,Case Rate,"100 Percent of Medicaid APG. Not APG payable, or payable under another fee schedule like ASP/AWP pays at 30% of charges",8427,,,,,,,Case Rate,". Primary procedure pays at 100%, all subsequent at 50%.",522.2,,,,,,,Case Rate,"100 Percent of Medicaid APG. Not APG payable, or payable under another fee schedule like ASP/AWP pays at 30% of charges",472.18,,,,,,,Case Rate,"100%Medicare OPPS FS. ",8427,,,,,,,Case Rate,". Primary procedure pays at 100%, all subsequent at 50%.",468.4368,78,,,,,0,percent of total billed charges,78% of Billed Charges. Lesser of 100% of billed charges applies.; No services were performed during the 15 month look back period.,522.2,,,,,,,Case Rate,"100 Percent of Medicaid APG. ",522.2,,,,,,,Case Rate,"100 Percent of Medicaid APG. ",468.4368,78,,,,,0,percent of total billed charges,78% of Billed Charges. Lesser of 100% of billed charges applies.; No services were performed during the 15 month look back period.,,,,,,,,Other,". ",4500,,,,,,,Case Rate,". MPL 100/50/25% all add ons apply, and lesser of 100% of billed charges",4500,,,,,,,Case Rate,". MPL 100/50/25% all add ons apply, and lesser of 100% of billed charges",468.4368,78,,,,,0,percent of total billed charges,78% of Billed Charges. Lesser of 100% of billed charges applies.; No services were performed during the 15 month look back period.,472.18,,,,,,,Case Rate,"100% Medicare OPPS FS. ",4923.38,,,,,,,Case Rate,". MPL 100/50/25% all add ons apply, and lesser of 100% of billed charges",4923.38,,,,,,,Case Rate,". MPL 100/50/25% all add ons apply, and lesser of 100% of billed charges",4923.38,,,,,,,Case Rate,". MPL 100/50/25% all add ons apply, and lesser of 100% of billed charges",472.18,,,,,,,Case Rate,"100% Medicare OPPS FS. ",4923.38,,,,,,,Case Rate,". MPL 100/50/25% all add ons apply, and lesser of 100% of billed charges",4923.38,,,,,,,Case Rate,". MPL 100/50/25% all add ons apply, and lesser of 100% of billed charges",472.18,,,,,,,Case Rate,"100% of Medicare OPPS. ",25798,,,,,,,Case Rate,". MPL 100/75/50% all add ons apply, and lesser of 100% of billed charges",4100,,,,,,,Case Rate,". MPL 100/50/25% all add ons apply, and lesser of 100% of billed charges",4100,,,,,,,Case Rate,". MPL 100/50/25% all add ons apply, and lesser of 100% of billed charges",4100,,,,,,,Case Rate,". MPL 100/50/25% all add ons apply, and lesser of 100% of billed charges",4100,,,,,,,Case Rate,". MPL 100/50/25% all add ons apply, and lesser of 100% of billed charges",4100,,,,,,,Case Rate,". MPL 100/50/25% all add ons apply, and lesser of 100% of billed charges",4100,,,,,,,Case Rate,". MPL 100/50/25% all add ons apply, and lesser of 100% of billed charges",472.18,,,,,,,Case Rate,"100% Medicare OPPS FS. ",472.18,,,,,,,Case Rate,"100% Medicare OPPS FS. ",4100,,,,,,,Case Rate,". MPL 100/50/25% all add ons apply, and lesser of 100% of billed charges",468.4368,78,,,,,0,percent of total billed charges,78% of Billed Charges. Lesser of 100% of billed charges applies.; No services were performed during the 15 month look back period.,468.4368,78,,,,,0,percent of total billed charges,78% of Billed Charges. Lesser of 100% of billed charges applies.; No services were performed during the 15 month look back period.,468.4368,78,,,,,0,percent of total billed charges,78% of Billed Charges. Lesser of 100% of billed charges applies.; No services were performed during the 15 month look back period.,468.4368,78,,,,,0,percent of total billed charges,78% of Billed Charges. Lesser of 100% of billed charges applies.; No services were performed during the 15 month look back period.,468.4368,78,,,,,0,percent of total billed charges,78% of Billed Charges. Lesser of 100% of billed charges applies.; No services were performed during the 15 month look back period.,468.4368,78,,,,,0,percent of total billed charges,78% of Billed Charges. Lesser of 100% of billed charges applies.; No services were performed during the 15 month look back period.,468.4368,78,,,,,0,percent of total billed charges,78% of Billed Charges. Lesser of 100% of billed charges applies.; No services were performed during the 15 month look back period.,468.4368,78,,,,,0,percent of total billed charges,78% of Billed Charges. Lesser of 100% of billed charges applies.; No services were performed during the 15 month look back period.,468.4368,78,,,,,0,percent of total billed charges,78% of Billed Charges. Lesser of 100% of billed charges applies.; No services were performed during the 15 month look back period.,468.4368,78,,,,,0,percent of total billed charges,78% of Billed Charges. Lesser of 100% of billed charges applies.; No services were performed during the 15 month look back period.,468.4368,78,,,,,0,percent of total billed charges,78% of Billed Charges. Lesser of 100% of billed charges applies.; No services were performed during the 15 month look back period.,468.4368,78,,,,,0,percent of total billed charges,78% of Billed Charges. Lesser of 100% of billed charges applies.; No services were performed during the 15 month look back period.,468.4368,78,,,,,0,percent of total billed charges,78% of Billed Charges. Lesser of 100% of billed charges applies.; No services were performed during the 15 month look back period.,468.4368,78,,,,,0,percent of total billed charges,78% of Billed Charges. Lesser of 100% of billed charges applies.; No services were performed during the 15 month look back period.,468.4368,78,,,,,0,percent of total billed charges,78% of Billed Charges. Lesser of 100% of billed charges applies.; No services were performed during the 15 month look back period.,468.4368,78,,,,,0,percent of total billed charges,78% of Billed Charges. Lesser of 100% of billed charges applies.; No services were performed during the 15 month look back period.,468.4368,78,,,,,0,percent of total billed charges,78% of Billed Charges. Lesser of 100% of billed charges applies.; No services were performed during the 15 month look back period.,468.4368,78,,,,,0,percent of total billed charges,78% of Billed Charges. Lesser of 100% of billed charges applies.; No services were performed during the 15 month look back period.,468.4368,78,,,,,0,percent of total billed charges,78% of Billed Charges. Lesser of 100% of billed charges applies.; No services were performed during the 15 month look back period.,468.4368,78,,,,,0,percent of total billed charges,78% of Billed Charges. Lesser of 100% of billed charges applies.; No services were performed during the 15 month look back period.,468.4368,78,,,,,0,percent of total billed charges,78% of Billed Charges. Lesser of 100% of billed charges applies.; No services were performed during the 15 month look back period.,468.4368,78,,,,,0,percent of total billed charges,78% of Billed Charges. Lesser of 100% of billed charges applies.; No services were performed during the 15 month look back period.,468.4368,78,,,,,0,percent of total billed charges,78% of Billed Charges. Lesser of 100% of billed charges applies.; No services were performed during the 15 month look back period.,468.4368,78,,,,,0,percent of total billed charges,78% of Billed Charges. Lesser of 100% of billed charges applies.; No services were performed during the 15 month look back period.,468.4368,78,,,,,0,percent of total billed charges,78% of Billed Charges. Lesser of 100% of billed charges applies.; No services were performed during the 15 month look back period.,468.4368,78,,,,,0,percent of total billed charges,78% of Billed Charges. Lesser of 100% of billed charges applies.; No services were performed during the 15 month look back period.,8427,,,,,,,Case Rate,". Primary procedure pays at 100%, all subsequent at 50%.",8427,,,,,,,Case Rate,". Primary procedure pays at 100%, all subsequent at 50%.",8427,,,,,,,Case Rate,". Primary procedure pays at 100%, all subsequent at 50%.",8427,,,,,,,Case Rate,". Primary procedure pays at 100%, all subsequent at 50%.",12574,,,,,,,Case Rate,". Primary procedure pays at 100%, all subsequent at 50%.",12574,,,,,,,Case Rate,". Primary procedure pays at 100%, all subsequent at 50%.",,,,,,,,Other,". ",4100,,,,,,,Case Rate,". MPL 100/50/25% all add ons apply, and lesser of 100% of billed charges",4923.38,,,,,,,Case Rate,". MPL 100/50/25% all add ons apply, and lesser of 100% of billed charges",4100,,,,,,,Case Rate,". MPL 100/50/25% all add ons apply, and lesser of 100% of billed charges",468.4368,78,,,,,0,percent of total billed charges,78% of Billed Charges. Lesser of 100% of billed charges applies.; No services were performed during the 15 month look back period.,12574,,,,,,,Case Rate,". Primary procedure pays at 100%, all subsequent at 50%.",4100,,,,,,,Case Rate,". MPL 100/50/25% all add ons apply, and lesser of 100% of billed charges",4923.38,,,,,,,Case Rate,". MPL 100/50/25% all add ons apply, and lesser of 100% of billed charges",,,,,,,,Other,". ",,,,,,,,,"NA. ",468.4368,78,,,,,0,percent of total billed charges,78% of Billed Charges. Lesser of 100% of billed charges applies.; No services were performed during the 15 month look back period.,522.2,,,,,,,Case Rate,"100 Percent of Medicaid APG. ",8427,,,,,,,Case Rate,". Primary procedure pays at 100%, all subsequent at 50%.",522.2,,,,,,,Case Rate,"100 Percent of Medicaid APG. Not APG payable, or payable under another fee schedule like ASP/AWP pays at 30% of charges",472.18,,,,,,,Case Rate,"100%Medicare OPPS FS. ",472.18,,,,,,,Case Rate,"100% Medicare OPPS FS. ",25798,,,,,,,Case Rate,". MPL 100/75/50% all add ons apply, and lesser of 100% of billed charges",472.18,,,,,,,Case Rate,"100% Medicare OPPS FS. ",472.18,,,,,,,Case Rate,"100% Medicare OPPS FS. ",522.2,,,,,,,Case Rate,"100 Percent of Medicaid APG. ",472.18,,,,,,,Case Rate,"100% Medicare OPPS FS. ",472.18,,,,,,,Case Rate,"100% Medicare OPPS FS. ",6593,,,,,,,Case Rate,". Primary procedure pays at 100%, secondary at 50%, all subsequent at 25%.  Lesser of applies when negotiated rates exceed charges less addons.",6593,,,,,,,Case Rate,". Primary procedure pays at 100%, secondary at 50%, all subsequent at 25%.  Lesser of applies when negotiated rates exceed charges less addons.",472.18,,,,,,,Case Rate,"100% Medicare OPPS FS. ",,,,,,,,Other,". ",4923.38,,,,,,,Case Rate,". MPL 100/50/25% all add ons apply, and lesser of 100% of billed charges",4923.38,,,,,,,Case Rate,". MPL 100/50/25% all add ons apply, and lesser of 100% of billed charges",472.18,,,,,,,Case Rate,"100% Medicare OPPS FS. ",,,,,,,,Other,". ",6593,,,,,,,Case Rate,". Primary procedure pays at 100%, secondary at 50%, all subsequent at 25%.  Lesser of applies when negotiated rates exceed charges less addons.",6593,,,,,,,Case Rate,". Primary procedure pays at 100%, secondary at 50%, all subsequent at 25%.  Lesser of applies when negotiated rates exceed charges less addons.",6593,,,,,,,Case Rate,". Primary procedure pays at 100%, secondary at 50%, all subsequent at 25%.  Lesser of applies when negotiated rates exceed charges less addons.",468.4368,78,,,,,0,percent of total billed charges,78% of Billed Charges. Lesser of 100% of billed charges applies.; No services were performed during the 15 month look back period.,468.4368,78,,,,,0,percent of total billed charges,78% of Billed Charges. Lesser of 100% of billed charges applies.; No services were performed during the 15 month look back period.,468.4368,78,,,,,0,percent of total billed charges,78% of Billed Charges. Lesser of 100% of billed charges applies.; No services were performed during the 15 month look back period.,468.4368,78,,,,,0,percent of total billed charges,78% of Billed Charges. Lesser of 100% of billed charges applies.; No services were performed during the 15 month look back period.,468.4368,78,,,,,0,percent of total billed charges,78% of Billed Charges. Lesser of 100% of billed charges applies.; No services were performed during the 15 month look back period.,468.4368,78,,,,,0,percent of total billed charges,78% of Billed Charges. Lesser of 100% of billed charges applies.; No services were performed during the 15 month look back period.,468.4368,78,,,,,0,percent of total billed charges,78% of Billed Charges. Lesser of 100% of billed charges applies.; No services were performed during the 15 month look back period.,468.4368,78,,,,,0,percent of total billed charges,78% of Billed Charges. Lesser of 100% of billed charges applies.; No services were performed during the 15 month look back period.,468.4368,78,,,,,0,percent of total billed charges,78% of Billed Charges. Lesser of 100% of billed charges applies.; No services were performed during the 15 month look back period.,468.4368,78,,,,,0,percent of total billed charges,78% of Billed Charges. Lesser of 100% of billed charges applies.; No services were performed during the 15 month look back period.,468.4368,78,,,,,0,percent of total billed charges,78% of Billed Charges. Lesser of 100% of billed charges applies.; No services were performed during the 15 month look back period.,12574,,,,,,,Case Rate,". Primary procedure pays at 100%, all subsequent at 50%.",4100,,,,,,,Case Rate,". MPL 100/50/25% all add ons apply, and lesser of 100% of billed charges",,,,,,,,Other,". ",472.18,,,,,,,Case Rate,"100% Medicare OPPS FS. ",6593,,,,,,,Case Rate,". Primary procedure pays at 100%, secondary at 50%, all subsequent at 25%.  Lesser of applies when negotiated rates exceed charges less addons.",,,,,,,,Other,". ",,,,,,,,Other,". ",468.4368,78,,,,,0,percent of total billed charges,78% of Billed Charges. Lesser of 100% of billed charges applies.; No services were performed during the 15 month look back period.,1117.51,,,,,,,Case Rate,"214 Percent of Medicaid APG. Drugs not priced under APG, billed with revenue code 636 and not priced by Medicare ASP FeeSched will be reimbursed at 20% of charges.",,,,,,,,Other,". ",522.2,,,,,,,Case Rate,"100 Percent of Medicaid APG. ",472.18,,,,,,,Case Rate,"100% Medicare OPPS FS. ",472.18,,,,,,,Case Rate,"100% Medicare OPPS FS. ",472.18,,,,,,,Case Rate,"100% Medicare OPPS FS. ",472.18,,,,,,,Case Rate,"100% Medicare OPPS FS. ",472.18,,,,,,,Case Rate,"100% Medicare OPPS FS. ",472.18,,,,,,,Case Rate,"100% Medicare OPPS FS. ",,,,,,,,Other,". ",25798,,,,,,,Case Rate,". MPL 100/75/50% all add ons apply, and lesser of 100% of billed charges",939.97,,,,,,,Fee Schedule,"180 Percent of Medicaid APG. ",939.97,,,,,,,Fee Schedule,"180 Percent of Medicaid APG. ",939.97,,,,,,,Fee Schedule,"180 Percent of Medicaid APG. ",939.97,,,,,,,Fee Schedule,"180 Percent of Medicaid APG. ",939.97,,,,,,,Fee Schedule,"180 Percent of Medicaid APG. ",,,,,,,,,"NA. ",25798,,,,,,,Case Rate,". MPL 100/75/50% all add ons apply, and lesser of 100% of billed charges",934.92,,,,,,,Case Rate,198 Percent of Medicare OPPS. Metroplus will reimburse unlisted codes and described codes with no Medicare rate at 50 percent of charges.,934.92,,,,,,,Case Rate,198 Percent of Medicare OPPS. Metroplus will reimburse unlisted codes and described codes with no Medicare rate at 50 percent of charges.,934.92,,,,,,,Case Rate,198 Percent of Medicare OPPS. Metroplus will reimburse unlisted codes and described codes with no Medicare rate at 50 percent of charges.,934.92,,,,,,,Case Rate,198 Percent of Medicare OPPS. Metroplus will reimburse unlisted codes and described codes with no Medicare rate at 50 percent of charges.,934.92,,,,,,,Case Rate,198 Percent of Medicare OPPS. Metroplus will reimburse unlisted codes and described codes with no Medicare rate at 50 percent of charges.,472.18,,,,,,,Case Rate,"100% Medicare OPPS FS. ",12574,,,,,,,Case Rate,". Primary procedure pays at 100%, all subsequent at 50%.",12574,,,,,,,Case Rate,". Primary procedure pays at 100%, all subsequent at 50%.",12574,,,,,,,Case Rate,". Primary procedure pays at 100%, all subsequent at 50%.",12574,,,,,,,Case Rate,". Primary procedure pays at 100%, all subsequent at 50%.",6593,,,,,,,Case Rate,". Primary procedure pays at 100%, secondary at 50%, all subsequent at 25%.  Lesser of applies when negotiated rates exceed charges less addons.",6593,,,,,,,Case Rate,". Primary procedure pays at 100%, secondary at 50%, all subsequent at 25%.  Lesser of applies when negotiated rates exceed charges less addons.",6593,,,,,,,Case Rate,". Primary procedure pays at 100%, secondary at 50%, all subsequent at 25%.  Lesser of applies when negotiated rates exceed charges less addons.",6593,,,,,,,Case Rate,". Primary procedure pays at 100%, secondary at 50%, all subsequent at 25%.  Lesser of applies when negotiated rates exceed charges less addons.",25798,,,,,,,Case Rate,". MPL 100/75/50% all add ons apply, and lesser of 100% of billed charges",25798,,,,,,,Case Rate,". MPL 100/75/50% all add ons apply, and lesser of 100% of billed charges",472.18,,,,,,,Case Rate,"100% Medicare OPPS FS. ",472.18,,,,,,,Case Rate,"100% Medicare OPPS FS. ",472.18,,,,,,,Case Rate,"100% Medicare OPPS FS. ",4100,,,,,,,Case Rate,". MPL 100/50/25% all add ons apply, and lesser of 100% of billed charges",4100,,,,,,,Case Rate,". MPL 100/50/25% all add ons apply, and lesser of 100% of billed charges",4100,,,,,,,Case Rate,". MPL 100/50/25% all add ons apply, and lesser of 100% of billed charges",25798,,,,,,,Case Rate,". MPL 100/75/50% all add ons apply, and lesser of 100% of billed charges",6593,,,,,,,Case Rate,". Primary procedure pays at 100%, secondary at 50%, all subsequent at 25%.  Lesser of applies when negotiated rates exceed charges less addons.",472.18,,,,,,,Case Rate,"100% Medicare OPPS FS. ",4100,,,,,,,Case Rate,". MPL 100/50/25% all add ons apply, and lesser of 100% of billed charges",522.2,,,,,,,Case Rate,"100 Percent of Medicaid APG. ",481.63,,,,,,,Case Rate,"102% of Medicare OPPS. ",481.63,,,,,,,Case Rate,"102% of Medicare OPPS. ",481.63,,,,,,,Case Rate,"102% of Medicare OPPS. ",522.2,,,,,,,Case rate,"100 Percent of Medicaid APG. ",1174.96,,,,,,,Case Rate,225% of NYS APG. Lesser of 100% of billed charges applies.,1174.96,,,,,,,Case Rate,225% of NYS APG. Lesser of 100% of billed charges applies.,1174.96,,,,,,,Case Rate,225% of NYS APG. Lesser of 100% of billed charges applies.,1174.96,,,,,,,Case Rate,225% of NYS APG. Lesser of 100% of billed charges applies.,1174.96,,,,,,,Case Rate,225% of NYS APG. Lesser of 100% of billed charges applies.,481.63,,,,,,,Case Rate,"102% of Medicare OPPS. ",522.2,,,,,,,Case Rate,"100 Percent of Medicaid APG. ",62.66,,,,,,,Case Rate,100% of PAS. Lesser of 100% of billed charges applies.,1174.96,,,,,,,Case Rate,225% of NYS APG. Lesser of 100% of billed charges applies.,1174.96,,,,,,,Case Rate,225% of NYS APG. Lesser of 100% of billed charges applies.,62.66,,,,,,,Case Rate,100% of PAS. Lesser of 100% of billed charges applies.,62.66,,,,,,,Case Rate,100% of PAS. Lesser of 100% of billed charges applies.,939.97,,,,,,,Fee Schedule,"180 Percent of Medicaid APG. ",472.18,,,,,,,Case Rate,"100% Medicare OPPS FS. ",472.18,,,,,,,Case Rate,"100% Medicare OPPS FS. ",6593,,,,,,,Case Rate,". Primary procedure pays at 100%, secondary at 50%, all subsequent at 25%.  Lesser of applies when negotiated rates exceed charges less addons.",472.18,,,,,,,Case Rate,"100% Medicare OPPS FS. ",1174.96,,,,,,,Case Rate,"225 Percent of Medicaid APG. ",1174.96,,,,,,,Case Rate,"225 Percent of Medicaid APG. ",522.2,,,,,,,Case rate,"100 Percent of Medicaid APG. ",522.2,,,,,,,Case rate,"100 Percent of Medicaid APG. ",1174.96,,,,,,,Case Rate,225 Percent of Medicaid APG. Covered services not payable under Medicaid Fee Schedules default to a payment of 87.5 percent of charges.,522.2,,,,,,,Case rate,124 Percent of Medicaid APG. Covered services not payable under Medicaid Fee Schedules default to a payment of 50 percent of charges.,1174.96,,,,,,,Case Rate,"100 Percent of Medicaid APG. ",1174.96,,,,,,,Case Rate,"100 Percent of Medicaid APG. ",1174.96,,,,,,,Case Rate,"100 Percent of Medicaid APG. ",1174.96,,,,,,,Case Rate,"100 Percent of Medicaid APG. ",13453,,,,,,,Case Rate,". MPL 100/75/50% all add ons apply, and lesser of 100% of billed charges",25798,,,,,,,Case Rate,". MPL 100/75/50% all add ons apply, and lesser of 100% of billed charges",626.64,,,,,,,Case Rate,"120 Percent of Medicaid APG. Not APG payable, or payable under another fee schedule like ASP/AWP pays at 30% of charges",626.64,,,,,,,Case Rate,"120 Percent of Medicaid APG. Not APG payable, or payable under another fee schedule like ASP/AWP pays at 30% of charges",522.2,,,,,,,Case Rate,"100 Percent of Medicaid APG. Not APG payable, or payable under another fee schedule like ASP/AWP pays at 30% of charges",522.2,,,,,,,Case Rate,"100 Percent of Medicaid APG. Not APG payable, or payable under another fee schedule like ASP/AWP pays at 30% of charges",4100,,,,,,,Case Rate,". MPL 100/50/25% all add ons apply, and lesser of 100% of billed charges",4100,,,,,,,Case Rate,". MPL 100/50/25% all add ons apply, and lesser of 100% of billed charges",472.18,,,,,,,Case Rate,"100% Medicare OPPS FS. ",4100,,,,,,,Case Rate,". MPL 100/50/25% all add ons apply, and lesser of 100% of billed charges",4100,,,,,,,Case Rate,". MPL 100/50/25% all add ons apply, and lesser of 100% of billed charges",4100,,,,,,,Case Rate,". MPL 100/50/25% all add ons apply, and lesser of 100% of billed charges",4100,,,,,,,Case Rate,". MPL 100/50/25% all add ons apply, and lesser of 100% of billed charges",472.18,,,,,,,Case Rate,"100% Medicare OPPS FS. ",4100,,,,,,,Case Rate,". MPL 100/50/25% all add ons apply, and lesser of 100% of billed charges",4100,,,,,,,Case Rate,". MPL 100/50/25% all add ons apply, and lesser of 100% of billed charges",6593,,,,,,,Case Rate,". Primary procedure pays at 100%, secondary at 50%, all subsequent at 25%.  Lesser of applies when negotiated rates exceed charges less addons.",522.2,,,,,,,Fee Schedule,100% APG. Lesser of 100% of billed charges applies.,522.2,,,,,,,Case rate,124 Percent of Medicaid APG. Covered services not payable under Medicaid Fee Schedules default to a payment of 50 percent of charges.,1174.96,,,,,,,Case Rate,225% of NYS APG. Lesser of 100% of billed charges applies.,1174.96,,,,,,,Case Rate,225 Percent of Medicaid APG. Covered services not payable under Medicaid Fee Schedules default to a payment of 87.5 percent of charges.,522.2,,,,,,,Case rate,124 Percent of Medicaid APG. Covered services not payable under Medicaid Fee Schedules default to a payment of 50 percent of charges.,1174.96,,,,,,,Case Rate,225% of NYS APG. Lesser of 100% of billed charges applies.,1174.96,,,,,,,Case Rate,225% of NYS APG. Lesser of 100% of billed charges applies.,1174.96,,,,,,,Case Rate,225% of NYS APG. Lesser of 100% of billed charges applies.,1174.96,,,,,,,Case Rate,225% of NYS APG. Lesser of 100% of billed charges applies.,1174.96,,,,,,,Case Rate,225% of NYS APG. Lesser of 100% of billed charges applies.,1174.96,,,,,,,Case Rate,225% of NYS APG. Lesser of 100% of billed charges applies.,,,,,,,,,"NA. ",,,,,,,,,"NA. ",,,,,,,,,"NA. ",,,,,,,,Other,". ",,,,,,,,,"NA. ",472.18,,,,,,,Case Rate,"100% Medicare OPPS FS. ",1352,,,,,,,Case Rate,". MPL 1st 100% of Payment Rate 50% of all others, all add ons apply, and lesser of 100% of billed charges.",472.18,,,,,,,Case Rate,"100% Medicare OPPS FS. ",472.18,,,,,,,Case Rate,"100% Medicare OPPS FS. ",626.64,,,,,,,Case Rate,"120 Percent of Medicaid APG. Not APG payable, or payable under another fee schedule like ASP/AWP pays at 30% of charges",626.64,,,,,,,Case Rate,"120 Percent of Medicaid APG. Not APG payable, or payable under another fee schedule like ASP/AWP pays at 30% of charges",522.2,,,,,,,Case Rate,"100 Percent of Medicaid APG. Not APG payable, or payable under another fee schedule like ASP/AWP pays at 30% of charges",522.2,,,,,,,Case Rate,"100 Percent of Medicaid APG. Not APG payable, or payable under another fee schedule like ASP/AWP pays at 30% of charges",522.2,,,,,,,Case Rate,"100 Percent of Medicaid APG. ",7163,,,,,,,Case Rate,". ",6593,,,,,,,Case Rate,". Primary procedure pays at 100%, secondary at 50%, all subsequent at 25%.  Lesser of applies when negotiated rates exceed charges less addons.",8427,,,,,,,Case Rate,". Primary procedure pays at 100%, all subsequent at 50%.",,,,,,,,Other,". ",472.18,,,,,,,Case Rate,"100%Medicare OPPS FS. ",472.18,,,,,,,Case Rate,"100% Medicare OPPS FS. ",472.18,,,,,,,Case Rate,"100% Medicare OPPS FS. ",472.18,,,,,,,Case Rate,"100% Medicare OPPS FS. ",472.18,,,,,,,Case Rate,"100%Medicare OPPS FS. ",472.18,,,,,,,Case Rate,"100% Medicare OPPS FS. ",,,,,,,,,"NA. ",1174.96,,,,,,,Case Rate,225% of NYS APG. Lesser of 100% of billed charges applies.,62.66,,,,,,,Case Rate,100% of PAS. Lesser of 100% of billed charges applies.,4100,,,,,,,Case Rate,". MPL 100/50/25% all add ons apply, and lesser of 100% of billed charges",7163,,,,,,,Case Rate,". ",7163,,,,,,,Case Rate,". ",7163,,,,,,,Case Rate,". ",7163,,,,,,,Case Rate,". ",472.18,,,,,,,Case Rate,"100% Medicare OPPS FS. ",522.2,,,,,,,Case Rate,"100 Percent of Medicaid APG. ",4100,,,,,,,Case Rate,". MPL 100/50/25% all add ons apply, and lesser of 100% of billed charges",522.2,,,,,,,Case Rate,"100 Percent of Medicaid APG. ",472.18,,,,,,,Case Rate,"100% Medicare OPPS FS. ",522.2,,,,,,,Case Rate,"100 Percent of Medicaid APG. ",472.18,,,,,,,Case Rate,"100% Medicare OPPS FS. ",472.18,,,,,,,Case Rate,"100% Medicare OPPS FS. ",522.2,,,,,,,Case Rate,"100 Percent of Medicaid APG. ",522.2,,,,,,,Case Rate,"100 Percent of Medicaid APG. ",7163,,,,,,,Case Rate,". ",,,,,,,,Other,". ",468.4368,78,,,,,0,percent of total billed charges,78% of Billed Charges. Lesser of 100% of billed charges applies.; No services were performed during the 15 month look back period.,4923.38,,,,,,,Case Rate,". MPL 100/50/25% all add ons apply, and lesser of 100% of billed charges",4923.38,,,,,,,Case Rate,". MPL 100/50/25% all add ons apply, and lesser of 100% of billed charges",6593,,,,,,,Case Rate,". Primary procedure pays at 100%, secondary at 50%, all subsequent at 25%.  Lesser of applies when negotiated rates exceed charges less addons.",462.74,,,,,,,Case Rate,"83% HF Fee schedule. ",12574,,,,,,,Case Rate,". Primary procedure pays at 100%, all subsequent at 50%.",12574,,,,,,,Case Rate,". Primary procedure pays at 100%, all subsequent at 50%.",3280,,,,,,,Case Rate,". MPL 100/50/25% all add ons apply, and lesser of 100% of billed charges",3280,,,,,,,Case Rate,". MPL 100/50/25% all add ons apply, and lesser of 100% of billed charges",472.18,,,,,,,Case Rate,"100% Medicare OPPS FS. ",472.18,,,,,,,Case Rate,"100% Medicare OPPS FS. ",472.18,,,,,,,Case Rate,"100% Medicare OPPS FS. ",472.18,,,,,,,Case Rate,"100% Medicare OPPS FS. ",4923.38,,,,,,,Case Rate,". MPL 100/50/25% all add ons apply, and lesser of 100% of billed charges",4100,,,,,,,Case Rate,". MPL 100/50/25% all add ons apply, and lesser of 100% of billed charges",4100,,,,,,,Case Rate,". MPL 100/50/25% all add ons apply, and lesser of 100% of billed charges",472.18,,,,,,,Case Rate,"100% Medicare OPPS FS. ",3280,,,,,,,Case Rate,". MPL 100/50/25% all add ons apply, and lesser of 100% of billed charges",8427,,,,,,,Case Rate,". Primary procedure pays at 100%, all subsequent at 50%.",626.64,,,,,,,Fee Schedule,"120 Percent of Medicaid APG. ",522.2,,,,,,,Case Rate,"100 Percent of Medicaid APG. ",7163,,,,,,,Case Rate,". ",3690,,,,,,,Case Rate,". MPL 100/50/25% all add ons apply, and lesser of 100% of billed charges",3690,,,,,,,Case Rate,". MPL 100/50/25% all add ons apply, and lesser of 100% of billed charges",4100,,,,,,,Case Rate,". MPL 100/50/25% all add ons apply, and lesser of 100% of billed charges",14948,,,,,,,Case Rate,". MPL 100/75/50% all add ons apply, and lesser of 100% of billed charges",472.18,,,,,,,Case Rate,"100%Medicare OPPS FS. ",548.31,,,,,,,Fee Schedule,105 percent of Medicaid APG. otherwise 105% of Ordered NYS MCD FS or 105% of ASP+6%,548.31,,,,,,,Fee Schedule,105 percent of Medicaid APG. otherwise 105% of Ordered NYS MCD FS or 105% of ASP+6%,548.31,,,,,,,Fee Schedule,105 percent of Medicaid APG. otherwise 105% of Ordered NYS MCD FS or 105% of ASP+6%,704.97,,,,,,,Fee Schedule,135 percent of Medicaid APG. otherwise 135% of Ordered NYS MCD FS or 135% of ASP+6%,4923.38,,,,,,,Case Rate,". MPL 100/50/25% all add ons apply, and lesser of 100% of billed charges",548.31,,,,,,,Fee Schedule,105 percent of Medicaid APG. otherwise 105% of Ordered NYS MCD FS or 105% of ASP+6%,548.31,,,,,,,Fee Schedule,105 percent of Medicaid APG. otherwise 105% of Ordered NYS MCD FS or 105% of ASP+6%,548.31,,,,,,,Fee Schedule,105 percent of Medicaid APG. otherwise 105% of Ordered NYS MCD FS or 105% of ASP+6%,548.31,,,,,,,Fee Schedule,105 percent of Medicaid APG. otherwise 105% of Ordered NYS MCD FS or 105% of ASP+6%,548.31,,,,,,,Fee Schedule,105 percent of Medicaid APG. otherwise 105% of Ordered NYS MCD FS or 105% of ASP+6%,704.97,,,,,,,Fee Schedule,135 percent of Medicaid APG. otherwise 135% of Ordered NYS MCD FS or 135% of ASP+6%,704.97,,,,,,,Fee Schedule,135 percent of Medicaid APG. otherwise 135% of Ordered NYS MCD FS or 135% of ASP+6%,472.18,,,,,,,Case Rate,"100% Medicare OPPS FS. ",4923.38,,,,,,,Case Rate,". MPL 100/50/25% all add ons apply, and lesser of 100% of billed charges",472.18,,,,,,,Case Rate,"100% Medicare OPPS FS. ",548.31,,,,,,,Fee Schedule,105 percent of Medicaid APG. otherwise 105% of Ordered NYS MCD FS or 105% of ASP+6%,4100,,,,,,,Case Rate,". MPL 100/50/25% all add ons apply, and lesser of 100% of billed charges",472.18,,,,,,,Case Rate,"100% Medicare OPPS FS. ",4100,,,,,,,Case Rate,". MPL 100/50/25% all add ons apply, and lesser of 100% of billed charges",4100,,,,,,,Case Rate,". MPL 100/50/25% all add ons apply, and lesser of 100% of billed charges",4100,,,,,,,Case Rate,". MPL 100/50/25% all add ons apply, and lesser of 100% of billed charges",548.31,,,,,,,Fee Schedule,105 percent of Medicaid APG. otherwise 105% of Ordered NYS MCD FS or 105% of ASP+6%,472.18,,,,,,,Case Rate,"100% Medicare OPPS FS. ",4100,,,,,,,Case Rate,". MPL 100/50/25% all add ons apply, and lesser of 100% of billed charges",704.97,,,,,,,Fee Schedule,135 percent of Medicaid APG. otherwise 135% of Ordered NYS MCD FS or 135% of ASP+6%,4100,,,,,,,Case Rate,". MPL 100/50/25% all add ons apply, and lesser of 100% of billed charges",1201.12,200,,,,,0,Case Rate,200% of Medicare OPPS. ; No services were performed during the 15 month look back period.,472.18,,,,,,,Case Rate,"100%Medicare OPPS FS. ",7163,,,,,,,Case Rate,". ",7163,,,,,,,Case Rate,". ",7163,,,,,,,Case Rate,". ",7163,,,,,,,Case Rate,". ",7163,,,,,,,Case Rate,". ",8427,,,,,,,Case Rate,". Primary procedure pays at 100%, all subsequent at 50%.",8427,,,,,,,Case Rate,". Primary procedure pays at 100%, all subsequent at 50%.",7163,,,,,,,Case Rate,". ",7163,,,,,,,Case Rate,". ",7163,,,,,,,Case Rate,". ",7163,,,,,,,Case Rate,". ",7163,,,,,,,Case Rate,". ",472.18,,,,,,,Case Rate,"100% Medicare OPPS FS. ",8427,,,,,,,Case Rate,". Primary procedure pays at 100%, all subsequent at 50%.",472.18,,,,,,,Case Rate,"100% Medicare OPPS FS. ",1174.96,,,,,,,Case Rate,"225 Percent of Medicaid APG. If not included in Medicaid APG, then 100 Percent of Manhattan Medicare",522.2,,,,,,,Case Rate,"100 Percent of Medicaid APG. ",4923.38,,,,,,,Case Rate,". MPL 100/50/25% all add ons apply, and lesser of 100% of billed charges",4923.38,,,,,,,Case Rate,". MPL 100/50/25% all add ons apply, and lesser of 100% of billed charges",472.18,,,,,,,Case Rate,"100% Medicare OPPS FS. ",12574,,,,,,,Case Rate,". Primary procedure pays at 100%, all subsequent at 50%.",472.18,,,,,,,Case Rate,"100% Medicare OPPS FS. ",472.18,,,,,,,Case Rate,"100% Medicare OPPS FS. ",6593,,,,,,,Case Rate,". Primary procedure pays at 100%, secondary at 50%, all subsequent at 25%.  Lesser of applies when negotiated rates exceed charges less addons.",472.18,,,,,,,Case Rate,"100% Medicare OPPS FS. ",,,,,,,,Other,". ",472.18,,,,,,,Case Rate,"100% Medicare OPPS FS. ",,,,,,,,Other,". ",6593,,,,,,,Case Rate,". Primary procedure pays at 100%, secondary at 50%, all subsequent at 25%.  Lesser of applies when negotiated rates exceed charges less addons.",,,,,,,,Other,". ",472.18,,,,,,,Case Rate,"100% Medicare OPPS FS. ",522.2,,,,,,,Case Rate,"100 Percent of Medicaid APG. ",472.18,,,,,,,Case Rate,"100% Medicare OPPS FS. ",,,,,,,,Other,". ",4923.38,,,,,,,Case Rate,". MPL 100/50/25% all add ons apply, and lesser of 100% of billed charges",522.2,,,,,,,Case Rate,"100 Percent of Medicaid APG. ",4100,,,,,,,Case Rate,". MPL 100/50/25% all add ons apply, and lesser of 100% of billed charges",626.64,,,,,,,Fee Schedule,"120 Percent of Medicaid APG. ",626.64,,,,,,,Fee Schedule,"120 Percent of Medicaid APG. ",4100,,,,,,,Case Rate,". MPL 100/50/25% all add ons apply, and lesser of 100% of billed charges",4100,,,,,,,Case Rate,". MPL 100/50/25% all add ons apply, and lesser of 100% of billed charges",4100,,,,,,,Case Rate,". MPL 100/50/25% all add ons apply, and lesser of 100% of billed charges",4923.38,,,,,,,Case Rate,". MPL 100/50/25% all add ons apply, and lesser of 100% of billed charges",4100,,,,,,,Case Rate,". MPL 100/50/25% all add ons apply, and lesser of 100% of billed charges",4100,,,,,,,Case Rate,". MPL 100/50/25% all add ons apply, and lesser of 100% of billed charges",4100,,,,,,,Case Rate,". MPL 100/50/25% all add ons apply, and lesser of 100% of billed charges",7163,,,,,,,Case Rate,". ",7163,,,,,,,Case Rate,". ",934.92,,,,,,,Case Rate,198 Percent of Medicare OPPS. Metroplus will reimburse unlisted codes and described codes with no Medicare rate at 50 percent of charges.,522.2,,,,,,,Case Rate,"100 Percent of Medicaid APG. ",4923.38,,,,,,,Case Rate,". MPL 100/50/25% all add ons apply, and lesser of 100% of billed charges",,,,,,,,Other,". ",6593,,,,,,,Case Rate,". Primary procedure pays at 100%, secondary at 50%, all subsequent at 25%.  Lesser of applies when negotiated rates exceed charges less addons.",4923.38,,,,,,,Case Rate,". MPL 100/50/25% all add ons apply, and lesser of 100% of billed charges",6593,,,,,,,Case Rate,". Primary procedure pays at 100%, secondary at 50%, all subsequent at 25%.  Lesser of applies when negotiated rates exceed charges less addons.",4923.38,,,,,,,Case Rate,". MPL 100/50/25% all add ons apply, and lesser of 100% of billed charges",4100,,,,,,,Case Rate,". MPL 100/50/25% all add ons apply, and lesser of 100% of billed charges",4100,,,,,,,Case Rate,". MPL 100/50/25% all add ons apply, and lesser of 100% of billed charges",4100,,,,,,,Case Rate,". MPL 100/50/25% all add ons apply, and lesser of 100% of billed charges",4100,,,,,,,Case Rate,". MPL 100/50/25% all add ons apply, and lesser of 100% of billed charges",472.18,,,,,,,Case Rate,"100% Medicare OPPS FS. ",62.66,25798,
12044,CPT,2025053,LOCAL,361,RC,HC INTMD WND REPAIR N-HF/GENIT 7.6-12.5,2696.4,512.316,both,,,,5941,,,,,,,Case Rate,". MPL 1st 100% of Payment Rate 50% of all others, all add ons apply, and lesser of 100% of billed charges.",5941,,,,,,,Case Rate,". MPL 1st 100% of Payment Rate 50% of all others, all add ons apply, and lesser of 100% of billed charges.",8442,,,,,,,Case Rate,". Primary procedure pays at 100%, secondary at 50%, all subsequent at 25%.  Lesser of applies when negotiated rates exceed charges less addons.",2696.4,100,,,,,0,percent of total billed charges,100 percent of billed charges. ; No services were performed during the 15 month look back period.,724.33,,,,,,,Case Rate,"100% Medicare OPPS FS. ",8442,,,,,,,Case Rate,". Primary procedure pays at 100%, secondary at 50%, all subsequent at 25%.  Lesser of applies when negotiated rates exceed charges less addons.",8442,,,,,,,Case Rate,". Primary procedure pays at 100%, secondary at 50%, all subsequent at 25%.  Lesser of applies when negotiated rates exceed charges less addons.",8442,,,,,,,Case Rate,". Primary procedure pays at 100%, secondary at 50%, all subsequent at 25%.  Lesser of applies when negotiated rates exceed charges less addons.",1195.71,,,,,,,Case Rate,"100 Percent of Medicaid APG. ",996.43,,,,,,,Case Rate,"100 Percent of Medicaid APG. ",2103.192,78,,,,,0,percent of total billed charges,78% of Billed Charges. Lesser of 100% of billed charges applies.; No services were performed during the 15 month look back period.,4923.38,,,,,,,Case Rate,". MPL 100/50/25% all add ons apply, and lesser of 100% of billed charges",996.43,,,,,,,Case Rate,"100 Percent of Medicaid APG. ",724.33,,,,,,,Case Rate,"100% Medicare OPPS FS. ",6487,,,,,,,Case Rate,". MPL 100/50/25% maxmium of 3 procedures. All add ons apply, and lesser of 100% of billed charges",6487,,,,,,,Case Rate,". MPL 100/50/25% maxmium of 3 procedures. All add ons apply, and lesser of 100% of billed charges",6487,,,,,,,Case Rate,". MPL 100/50/25% maxmium of 3 procedures. All add ons apply, and lesser of 100% of billed charges",6487,,,,,,,Case Rate,". MPL 100/50/25% maxmium of 3 procedures. All add ons apply, and lesser of 100% of billed charges",996.43,,,,,,,Case rate,124 Percent of Medicaid APG. Covered services not payable under Medicaid Fee Schedules default to a payment of 50 percent of charges.,724.33,,,,,,,Case Rate,"100% Medicare OPPS FS. ",996.43,,,,,,,Case rate,124 Percent of Medicaid APG. Covered services not payable under Medicaid Fee Schedules default to a payment of 50 percent of charges.,2103.192,78,,,,,0,percent of total billed charges,78% of Billed Charges. Lesser of 100% of billed charges applies.; No services were performed during the 15 month look back period.,8442,,,,,,,Case Rate,". Primary procedure pays at 100%, secondary at 50%, all subsequent at 25%.  Lesser of applies when negotiated rates exceed charges less addons.",724.33,,,,,,,Case Rate,"100%Medicare OPPS FS. ",1968.372,73,,,,,0,percent of total billed charges,73 percent of billed charges; No services were performed during the 15 month look back period.,724.33,,,,,,,Case Rate,"100%Medicare OPPS FS. ",724.33,,,,,,,Case Rate,"100%Medicare OPPS FS. ",2103.192,78,,,,,0,percent of total billed charges,78% of Billed Charges. Lesser of 100% of billed charges applies.; No services were performed during the 15 month look back period.,283.29,,,,,,,Case Rate,100% of PAS. Lesser of 100% of billed charges applies.,283.29,,,,,,,Case Rate,100% of PAS. Lesser of 100% of billed charges applies.,996.43,,,,,,,Case rate,"100 Percent of Medicaid APG. ",996.43,,,,,,,Case rate,"100 Percent of Medicaid APG. ",1968.372,73,,,,,0,percent of total billed charges,73 percent of billed charges; No services were performed during the 15 month look back period.,1968.372,73,,,,,0,percent of total billed charges,73 percent of billed charges; No services were performed during the 15 month look back period.,996.43,,,,,,,Case Rate,"100 Percent of Medicaid APG. Not APG payable, or payable under another fee schedule like ASP/AWP pays at 30% of charges",1968.372,73,,,,,0,percent of total billed charges,73 percent of billed charges; No services were performed during the 15 month look back period.,996.43,,,,,,,Case Rate,"100 Percent of Medicaid APG. Not APG payable, or payable under another fee schedule like ASP/AWP pays at 30% of charges",724.33,,,,,,,Case Rate,"100%Medicare OPPS FS. ",1968.372,73,,,,,0,percent of total billed charges,73 percent of billed charges; No services were performed during the 15 month look back period.,2103.192,78,,,,,0,percent of total billed charges,78% of Billed Charges. Lesser of 100% of billed charges applies.; No services were performed during the 15 month look back period.,996.43,,,,,,,Case Rate,"100 Percent of Medicaid APG. ",996.43,,,,,,,Case Rate,"100 Percent of Medicaid APG. ",2103.192,78,,,,,0,percent of total billed charges,78% of Billed Charges. Lesser of 100% of billed charges applies.; No services were performed during the 15 month look back period.,6487,,,,,,,Case Rate,". MPL 100/50/25% maxmium of 3 procedures. All add ons apply, and lesser of 100% of billed charges",4500,,,,,,,Case Rate,". MPL 100/50/25% all add ons apply, and lesser of 100% of billed charges",4500,,,,,,,Case Rate,". MPL 100/50/25% all add ons apply, and lesser of 100% of billed charges",2103.192,78,,,,,0,percent of total billed charges,78% of Billed Charges. Lesser of 100% of billed charges applies.; No services were performed during the 15 month look back period.,724.33,,,,,,,Case Rate,"100% Medicare OPPS FS. ",4923.38,,,,,,,Case Rate,". MPL 100/50/25% all add ons apply, and lesser of 100% of billed charges",4923.38,,,,,,,Case Rate,". MPL 100/50/25% all add ons apply, and lesser of 100% of billed charges",4923.38,,,,,,,Case Rate,". MPL 100/50/25% all add ons apply, and lesser of 100% of billed charges",724.33,,,,,,,Case Rate,"100% Medicare OPPS FS. ",4923.38,,,,,,,Case Rate,". MPL 100/50/25% all add ons apply, and lesser of 100% of billed charges",4923.38,,,,,,,Case Rate,". MPL 100/50/25% all add ons apply, and lesser of 100% of billed charges",724.33,,,,,,,Case Rate,"100% of Medicare OPPS. ",25798,,,,,,,Case Rate,". MPL 100/75/50% all add ons apply, and lesser of 100% of billed charges",4100,,,,,,,Case Rate,". MPL 100/50/25% all add ons apply, and lesser of 100% of billed charges",4100,,,,,,,Case Rate,". MPL 100/50/25% all add ons apply, and lesser of 100% of billed charges",4100,,,,,,,Case Rate,". MPL 100/50/25% all add ons apply, and lesser of 100% of billed charges",4100,,,,,,,Case Rate,". MPL 100/50/25% all add ons apply, and lesser of 100% of billed charges",4100,,,,,,,Case Rate,". MPL 100/50/25% all add ons apply, and lesser of 100% of billed charges",4100,,,,,,,Case Rate,". MPL 100/50/25% all add ons apply, and lesser of 100% of billed charges",724.33,,,,,,,Case Rate,"100% Medicare OPPS FS. ",724.33,,,,,,,Case Rate,"100% Medicare OPPS FS. ",4100,,,,,,,Case Rate,". MPL 100/50/25% all add ons apply, and lesser of 100% of billed charges",2103.192,78,,,,,0,percent of total billed charges,78% of Billed Charges. Lesser of 100% of billed charges applies.; No services were performed during the 15 month look back period.,2103.192,78,,,,,0,percent of total billed charges,78% of Billed Charges. Lesser of 100% of billed charges applies.; No services were performed during the 15 month look back period.,2103.192,78,,,,,0,percent of total billed charges,78% of Billed Charges. Lesser of 100% of billed charges applies.; No services were performed during the 15 month look back period.,2103.192,78,,,,,0,percent of total billed charges,78% of Billed Charges. Lesser of 100% of billed charges applies.; No services were performed during the 15 month look back period.,2103.192,78,,,,,0,percent of total billed charges,78% of Billed Charges. Lesser of 100% of billed charges applies.; No services were performed during the 15 month look back period.,2103.192,78,,,,,0,percent of total billed charges,78% of Billed Charges. Lesser of 100% of billed charges applies.; No services were performed during the 15 month look back period.,2103.192,78,,,,,0,percent of total billed charges,78% of Billed Charges. Lesser of 100% of billed charges applies.; No services were performed during the 15 month look back period.,2103.192,78,,,,,0,percent of total billed charges,78% of Billed Charges. Lesser of 100% of billed charges applies.; No services were performed during the 15 month look back period.,2103.192,78,,,,,0,percent of total billed charges,78% of Billed Charges. Lesser of 100% of billed charges applies.; No services were performed during the 15 month look back period.,2103.192,78,,,,,0,percent of total billed charges,78% of Billed Charges. Lesser of 100% of billed charges applies.; No services were performed during the 15 month look back period.,2103.192,78,,,,,0,percent of total billed charges,78% of Billed Charges. Lesser of 100% of billed charges applies.; No services were performed during the 15 month look back period.,2103.192,78,,,,,0,percent of total billed charges,78% of Billed Charges. Lesser of 100% of billed charges applies.; No services were performed during the 15 month look back period.,2103.192,78,,,,,0,percent of total billed charges,78% of Billed Charges. Lesser of 100% of billed charges applies.; No services were performed during the 15 month look back period.,2103.192,78,,,,,0,percent of total billed charges,78% of Billed Charges. Lesser of 100% of billed charges applies.; No services were performed during the 15 month look back period.,2103.192,78,,,,,0,percent of total billed charges,78% of Billed Charges. Lesser of 100% of billed charges applies.; No services were performed during the 15 month look back period.,2103.192,78,,,,,0,percent of total billed charges,78% of Billed Charges. Lesser of 100% of billed charges applies.; No services were performed during the 15 month look back period.,2103.192,78,,,,,0,percent of total billed charges,78% of Billed Charges. Lesser of 100% of billed charges applies.; No services were performed during the 15 month look back period.,2103.192,78,,,,,0,percent of total billed charges,78% of Billed Charges. Lesser of 100% of billed charges applies.; No services were performed during the 15 month look back period.,2103.192,78,,,,,0,percent of total billed charges,78% of Billed Charges. Lesser of 100% of billed charges applies.; No services were performed during the 15 month look back period.,2103.192,78,,,,,0,percent of total billed charges,78% of Billed Charges. Lesser of 100% of billed charges applies.; No services were performed during the 15 month look back period.,2103.192,78,,,,,0,percent of total billed charges,78% of Billed Charges. Lesser of 100% of billed charges applies.; No services were performed during the 15 month look back period.,2103.192,78,,,,,0,percent of total billed charges,78% of Billed Charges. Lesser of 100% of billed charges applies.; No services were performed during the 15 month look back period.,2103.192,78,,,,,0,percent of total billed charges,78% of Billed Charges. Lesser of 100% of billed charges applies.; No services were performed during the 15 month look back period.,2103.192,78,,,,,0,percent of total billed charges,78% of Billed Charges. Lesser of 100% of billed charges applies.; No services were performed during the 15 month look back period.,2103.192,78,,,,,0,percent of total billed charges,78% of Billed Charges. Lesser of 100% of billed charges applies.; No services were performed during the 15 month look back period.,2103.192,78,,,,,0,percent of total billed charges,78% of Billed Charges. Lesser of 100% of billed charges applies.; No services were performed during the 15 month look back period.,1968.372,73,,,,,0,percent of total billed charges,73 percent of billed charges; No services were performed during the 15 month look back period.,1968.372,73,,,,,0,percent of total billed charges,73 percent of billed charges; No services were performed during the 15 month look back period.,1968.372,73,,,,,0,percent of total billed charges,73 percent of billed charges; No services were performed during the 15 month look back period.,1968.372,73,,,,,0,percent of total billed charges,73 percent of billed charges; No services were performed during the 15 month look back period.,12574,,,,,,,Case Rate,". Primary procedure pays at 100%, all subsequent at 50%.",12574,,,,,,,Case Rate,". Primary procedure pays at 100%, all subsequent at 50%.",6487,,,,,,,Case Rate,". MPL 100/50/25% maxmium of 3 procedures. All add ons apply, and lesser of 100% of billed charges",4100,,,,,,,Case Rate,". MPL 100/50/25% all add ons apply, and lesser of 100% of billed charges",4923.38,,,,,,,Case Rate,". MPL 100/50/25% all add ons apply, and lesser of 100% of billed charges",4100,,,,,,,Case Rate,". MPL 100/50/25% all add ons apply, and lesser of 100% of billed charges",2103.192,78,,,,,0,percent of total billed charges,78% of Billed Charges. Lesser of 100% of billed charges applies.; No services were performed during the 15 month look back period.,12574,,,,,,,Case Rate,". Primary procedure pays at 100%, all subsequent at 50%.",4100,,,,,,,Case Rate,". MPL 100/50/25% all add ons apply, and lesser of 100% of billed charges",4923.38,,,,,,,Case Rate,". MPL 100/50/25% all add ons apply, and lesser of 100% of billed charges",6487,,,,,,,Case Rate,". MPL 100/50/25% maxmium of 3 procedures. All add ons apply, and lesser of 100% of billed charges",,,,,,,,,"NA. ",2103.192,78,,,,,0,percent of total billed charges,78% of Billed Charges. Lesser of 100% of billed charges applies.; No services were performed during the 15 month look back period.,996.43,,,,,,,Case Rate,"100 Percent of Medicaid APG. ",1968.372,73,,,,,0,percent of total billed charges,73 percent of billed charges; No services were performed during the 15 month look back period.,996.43,,,,,,,Case Rate,"100 Percent of Medicaid APG. Not APG payable, or payable under another fee schedule like ASP/AWP pays at 30% of charges",724.33,,,,,,,Case Rate,"100%Medicare OPPS FS. ",724.33,,,,,,,Case Rate,"100% Medicare OPPS FS. ",25798,,,,,,,Case Rate,". MPL 100/75/50% all add ons apply, and lesser of 100% of billed charges",724.33,,,,,,,Case Rate,"100% Medicare OPPS FS. ",724.33,,,,,,,Case Rate,"100% Medicare OPPS FS. ",996.43,,,,,,,Case Rate,"100 Percent of Medicaid APG. ",724.33,,,,,,,Case Rate,"100% Medicare OPPS FS. ",724.33,,,,,,,Case Rate,"100% Medicare OPPS FS. ",8442,,,,,,,Case Rate,". Primary procedure pays at 100%, secondary at 50%, all subsequent at 25%.  Lesser of applies when negotiated rates exceed charges less addons.",8442,,,,,,,Case Rate,". Primary procedure pays at 100%, secondary at 50%, all subsequent at 25%.  Lesser of applies when negotiated rates exceed charges less addons.",724.33,,,,,,,Case Rate,"100% Medicare OPPS FS. ",6487,,,,,,,Case Rate,". MPL 100/50/25% maxmium of 3 procedures. All add ons apply, and lesser of 100% of billed charges",4923.38,,,,,,,Case Rate,". MPL 100/50/25% all add ons apply, and lesser of 100% of billed charges",4923.38,,,,,,,Case Rate,". MPL 100/50/25% all add ons apply, and lesser of 100% of billed charges",724.33,,,,,,,Case Rate,"100% Medicare OPPS FS. ",6487,,,,,,,Case Rate,". MPL 100/50/25% maxmium of 3 procedures. All add ons apply, and lesser of 100% of billed charges",8442,,,,,,,Case Rate,". Primary procedure pays at 100%, secondary at 50%, all subsequent at 25%.  Lesser of applies when negotiated rates exceed charges less addons.",8442,,,,,,,Case Rate,". Primary procedure pays at 100%, secondary at 50%, all subsequent at 25%.  Lesser of applies when negotiated rates exceed charges less addons.",8442,,,,,,,Case Rate,". Primary procedure pays at 100%, secondary at 50%, all subsequent at 25%.  Lesser of applies when negotiated rates exceed charges less addons.",2103.192,78,,,,,0,percent of total billed charges,78% of Billed Charges. Lesser of 100% of billed charges applies.; No services were performed during the 15 month look back period.,2103.192,78,,,,,0,percent of total billed charges,78% of Billed Charges. Lesser of 100% of billed charges applies.; No services were performed during the 15 month look back period.,2103.192,78,,,,,0,percent of total billed charges,78% of Billed Charges. Lesser of 100% of billed charges applies.; No services were performed during the 15 month look back period.,2103.192,78,,,,,0,percent of total billed charges,78% of Billed Charges. Lesser of 100% of billed charges applies.; No services were performed during the 15 month look back period.,2103.192,78,,,,,0,percent of total billed charges,78% of Billed Charges. Lesser of 100% of billed charges applies.; No services were performed during the 15 month look back period.,2103.192,78,,,,,0,percent of total billed charges,78% of Billed Charges. Lesser of 100% of billed charges applies.; No services were performed during the 15 month look back period.,2103.192,78,,,,,0,percent of total billed charges,78% of Billed Charges. Lesser of 100% of billed charges applies.; No services were performed during the 15 month look back period.,2103.192,78,,,,,0,percent of total billed charges,78% of Billed Charges. Lesser of 100% of billed charges applies.; No services were performed during the 15 month look back period.,2103.192,78,,,,,0,percent of total billed charges,78% of Billed Charges. Lesser of 100% of billed charges applies.; No services were performed during the 15 month look back period.,2103.192,78,,,,,0,percent of total billed charges,78% of Billed Charges. Lesser of 100% of billed charges applies.; No services were performed during the 15 month look back period.,2103.192,78,,,,,0,percent of total billed charges,78% of Billed Charges. Lesser of 100% of billed charges applies.; No services were performed during the 15 month look back period.,12574,,,,,,,Case Rate,". Primary procedure pays at 100%, all subsequent at 50%.",4100,,,,,,,Case Rate,". MPL 100/50/25% all add ons apply, and lesser of 100% of billed charges",6487,,,,,,,Case Rate,". MPL 100/50/25% maxmium of 3 procedures. All add ons apply, and lesser of 100% of billed charges",724.33,,,,,,,Case Rate,"100% Medicare OPPS FS. ",8442,,,,,,,Case Rate,". Primary procedure pays at 100%, secondary at 50%, all subsequent at 25%.  Lesser of applies when negotiated rates exceed charges less addons.",6487,,,,,,,Case Rate,". MPL 100/50/25% maxmium of 3 procedures. All add ons apply, and lesser of 100% of billed charges",6487,,,,,,,Case Rate,". MPL 100/50/25% maxmium of 3 procedures. All add ons apply, and lesser of 100% of billed charges",2103.192,78,,,,,0,percent of total billed charges,78% of Billed Charges. Lesser of 100% of billed charges applies.; No services were performed during the 15 month look back period.,2132.35,,,,,,,Case Rate,"214 Percent of Medicaid APG. Drugs not priced under APG, billed with revenue code 636 and not priced by Medicare ASP FeeSched will be reimbursed at 20% of charges.",6487,,,,,,,Case Rate,". MPL 100/50/25% maxmium of 3 procedures. All add ons apply, and lesser of 100% of billed charges",996.43,,,,,,,Case Rate,"100 Percent of Medicaid APG. ",724.33,,,,,,,Case Rate,"100% Medicare OPPS FS. ",724.33,,,,,,,Case Rate,"100% Medicare OPPS FS. ",724.33,,,,,,,Case Rate,"100% Medicare OPPS FS. ",724.33,,,,,,,Case Rate,"100% Medicare OPPS FS. ",724.33,,,,,,,Case Rate,"100% Medicare OPPS FS. ",724.33,,,,,,,Case Rate,"100% Medicare OPPS FS. ",6487,,,,,,,Case Rate,". MPL 100/50/25% maxmium of 3 procedures. All add ons apply, and lesser of 100% of billed charges",25798,,,,,,,Case Rate,". MPL 100/75/50% all add ons apply, and lesser of 100% of billed charges",1793.57,,,,,,,Fee Schedule,"180 Percent of Medicaid APG. ",1793.57,,,,,,,Fee Schedule,"180 Percent of Medicaid APG. ",1793.57,,,,,,,Fee Schedule,"180 Percent of Medicaid APG. ",1793.57,,,,,,,Fee Schedule,"180 Percent of Medicaid APG. ",1793.57,,,,,,,Fee Schedule,"180 Percent of Medicaid APG. ",,,,,,,,,"NA. ",25798,,,,,,,Case Rate,". MPL 100/75/50% all add ons apply, and lesser of 100% of billed charges",1434.18,,,,,,,Case Rate,198 Percent of Medicare OPPS. Metroplus will reimburse unlisted codes and described codes with no Medicare rate at 50 percent of charges.,1434.18,,,,,,,Case Rate,198 Percent of Medicare OPPS. Metroplus will reimburse unlisted codes and described codes with no Medicare rate at 50 percent of charges.,1434.18,,,,,,,Case Rate,198 Percent of Medicare OPPS. Metroplus will reimburse unlisted codes and described codes with no Medicare rate at 50 percent of charges.,1434.18,,,,,,,Case Rate,198 Percent of Medicare OPPS. Metroplus will reimburse unlisted codes and described codes with no Medicare rate at 50 percent of charges.,1434.18,,,,,,,Case Rate,198 Percent of Medicare OPPS. Metroplus will reimburse unlisted codes and described codes with no Medicare rate at 50 percent of charges.,724.33,,,,,,,Case Rate,"100% Medicare OPPS FS. ",12574,,,,,,,Case Rate,". Primary procedure pays at 100%, all subsequent at 50%.",12574,,,,,,,Case Rate,". Primary procedure pays at 100%, all subsequent at 50%.",12574,,,,,,,Case Rate,". Primary procedure pays at 100%, all subsequent at 50%.",12574,,,,,,,Case Rate,". Primary procedure pays at 100%, all subsequent at 50%.",8442,,,,,,,Case Rate,". Primary procedure pays at 100%, secondary at 50%, all subsequent at 25%.  Lesser of applies when negotiated rates exceed charges less addons.",8442,,,,,,,Case Rate,". Primary procedure pays at 100%, secondary at 50%, all subsequent at 25%.  Lesser of applies when negotiated rates exceed charges less addons.",8442,,,,,,,Case Rate,". Primary procedure pays at 100%, secondary at 50%, all subsequent at 25%.  Lesser of applies when negotiated rates exceed charges less addons.",8442,,,,,,,Case Rate,". Primary procedure pays at 100%, secondary at 50%, all subsequent at 25%.  Lesser of applies when negotiated rates exceed charges less addons.",25798,,,,,,,Case Rate,". MPL 100/75/50% all add ons apply, and lesser of 100% of billed charges",25798,,,,,,,Case Rate,". MPL 100/75/50% all add ons apply, and lesser of 100% of billed charges",724.33,,,,,,,Case Rate,"100% Medicare OPPS FS. ",724.33,,,,,,,Case Rate,"100% Medicare OPPS FS. ",724.33,,,,,,,Case Rate,"100% Medicare OPPS FS. ",4100,,,,,,,Case Rate,". MPL 100/50/25% all add ons apply, and lesser of 100% of billed charges",4100,,,,,,,Case Rate,". MPL 100/50/25% all add ons apply, and lesser of 100% of billed charges",4100,,,,,,,Case Rate,". MPL 100/50/25% all add ons apply, and lesser of 100% of billed charges",25798,,,,,,,Case Rate,". MPL 100/75/50% all add ons apply, and lesser of 100% of billed charges",8442,,,,,,,Case Rate,". Primary procedure pays at 100%, secondary at 50%, all subsequent at 25%.  Lesser of applies when negotiated rates exceed charges less addons.",724.33,,,,,,,Case Rate,"100% Medicare OPPS FS. ",4100,,,,,,,Case Rate,". MPL 100/50/25% all add ons apply, and lesser of 100% of billed charges",996.43,,,,,,,Case Rate,"100 Percent of Medicaid APG. ",738.82,,,,,,,Case Rate,"102% of Medicare OPPS. ",738.82,,,,,,,Case Rate,"102% of Medicare OPPS. ",738.82,,,,,,,Case Rate,"102% of Medicare OPPS. ",996.43,,,,,,,Case rate,"100 Percent of Medicaid APG. ",2241.96,,,,,,,Case Rate,225% of NYS APG. Lesser of 100% of billed charges applies.,2241.96,,,,,,,Case Rate,225% of NYS APG. Lesser of 100% of billed charges applies.,2241.96,,,,,,,Case Rate,225% of NYS APG. Lesser of 100% of billed charges applies.,2241.96,,,,,,,Case Rate,225% of NYS APG. Lesser of 100% of billed charges applies.,2241.96,,,,,,,Case Rate,225% of NYS APG. Lesser of 100% of billed charges applies.,738.82,,,,,,,Case Rate,"102% of Medicare OPPS. ",996.43,,,,,,,Case Rate,"100 Percent of Medicaid APG. ",283.29,,,,,,,Case Rate,100% of PAS. Lesser of 100% of billed charges applies.,2241.96,,,,,,,Case Rate,225% of NYS APG. Lesser of 100% of billed charges applies.,2241.96,,,,,,,Case Rate,225% of NYS APG. Lesser of 100% of billed charges applies.,283.29,,,,,,,Case Rate,100% of PAS. Lesser of 100% of billed charges applies.,283.29,,,,,,,Case Rate,100% of PAS. Lesser of 100% of billed charges applies.,1793.57,,,,,,,Fee Schedule,"180 Percent of Medicaid APG. ",724.33,,,,,,,Case Rate,"100% Medicare OPPS FS. ",724.33,,,,,,,Case Rate,"100% Medicare OPPS FS. ",8442,,,,,,,Case Rate,". Primary procedure pays at 100%, secondary at 50%, all subsequent at 25%.  Lesser of applies when negotiated rates exceed charges less addons.",724.33,,,,,,,Case Rate,"100% Medicare OPPS FS. ",2241.96,,,,,,,Case Rate,"225 Percent of Medicaid APG. ",2241.96,,,,,,,Case Rate,"225 Percent of Medicaid APG. ",996.43,,,,,,,Case rate,"100 Percent of Medicaid APG. ",996.43,,,,,,,Case rate,"100 Percent of Medicaid APG. ",2241.96,,,,,,,Case Rate,225 Percent of Medicaid APG. Covered services not payable under Medicaid Fee Schedules default to a payment of 87.5 percent of charges.,996.43,,,,,,,Case rate,124 Percent of Medicaid APG. Covered services not payable under Medicaid Fee Schedules default to a payment of 50 percent of charges.,2241.96,,,,,,,Case Rate,"100 Percent of Medicaid APG. ",2241.96,,,,,,,Case Rate,"100 Percent of Medicaid APG. ",2241.96,,,,,,,Case Rate,"100 Percent of Medicaid APG. ",2241.96,,,,,,,Case Rate,"100 Percent of Medicaid APG. ",13453,,,,,,,Case Rate,". MPL 100/75/50% all add ons apply, and lesser of 100% of billed charges",25798,,,,,,,Case Rate,". MPL 100/75/50% all add ons apply, and lesser of 100% of billed charges",1195.71,,,,,,,Case Rate,"120 Percent of Medicaid APG. Not APG payable, or payable under another fee schedule like ASP/AWP pays at 30% of charges",1195.71,,,,,,,Case Rate,"120 Percent of Medicaid APG. Not APG payable, or payable under another fee schedule like ASP/AWP pays at 30% of charges",996.43,,,,,,,Case Rate,"100 Percent of Medicaid APG. Not APG payable, or payable under another fee schedule like ASP/AWP pays at 30% of charges",996.43,,,,,,,Case Rate,"100 Percent of Medicaid APG. Not APG payable, or payable under another fee schedule like ASP/AWP pays at 30% of charges",4100,,,,,,,Case Rate,". MPL 100/50/25% all add ons apply, and lesser of 100% of billed charges",4100,,,,,,,Case Rate,". MPL 100/50/25% all add ons apply, and lesser of 100% of billed charges",724.33,,,,,,,Case Rate,"100% Medicare OPPS FS. ",4100,,,,,,,Case Rate,". MPL 100/50/25% all add ons apply, and lesser of 100% of billed charges",4100,,,,,,,Case Rate,". MPL 100/50/25% all add ons apply, and lesser of 100% of billed charges",4100,,,,,,,Case Rate,". MPL 100/50/25% all add ons apply, and lesser of 100% of billed charges",4100,,,,,,,Case Rate,". MPL 100/50/25% all add ons apply, and lesser of 100% of billed charges",724.33,,,,,,,Case Rate,"100% Medicare OPPS FS. ",4100,,,,,,,Case Rate,". MPL 100/50/25% all add ons apply, and lesser of 100% of billed charges",4100,,,,,,,Case Rate,". MPL 100/50/25% all add ons apply, and lesser of 100% of billed charges",8442,,,,,,,Case Rate,". Primary procedure pays at 100%, secondary at 50%, all subsequent at 25%.  Lesser of applies when negotiated rates exceed charges less addons.",996.43,,,,,,,Fee Schedule,100% APG. Lesser of 100% of billed charges applies.,996.43,,,,,,,Case rate,124 Percent of Medicaid APG. Covered services not payable under Medicaid Fee Schedules default to a payment of 50 percent of charges.,2241.96,,,,,,,Case Rate,225% of NYS APG. Lesser of 100% of billed charges applies.,2241.96,,,,,,,Case Rate,225 Percent of Medicaid APG. Covered services not payable under Medicaid Fee Schedules default to a payment of 87.5 percent of charges.,996.43,,,,,,,Case rate,124 Percent of Medicaid APG. Covered services not payable under Medicaid Fee Schedules default to a payment of 50 percent of charges.,2241.96,,,,,,,Case Rate,225% of NYS APG. Lesser of 100% of billed charges applies.,2241.96,,,,,,,Case Rate,225% of NYS APG. Lesser of 100% of billed charges applies.,2241.96,,,,,,,Case Rate,225% of NYS APG. Lesser of 100% of billed charges applies.,2241.96,,,,,,,Case Rate,225% of NYS APG. Lesser of 100% of billed charges applies.,2241.96,,,,,,,Case Rate,225% of NYS APG. Lesser of 100% of billed charges applies.,2241.96,,,,,,,Case Rate,225% of NYS APG. Lesser of 100% of billed charges applies.,,,,,,,,,"NA. ",,,,,,,,,"NA. ",,,,,,,,,"NA. ",6487,,,,,,,Case Rate,". MPL 100/50/25% maxmium of 3 procedures. All add ons apply, and lesser of 100% of billed charges",,,,,,,,,"NA. ",724.33,,,,,,,Case Rate,"100% Medicare OPPS FS. ",5941,,,,,,,Case Rate,". MPL 1st 100% of Payment Rate 50% of all others, all add ons apply, and lesser of 100% of billed charges.",724.33,,,,,,,Case Rate,"100% Medicare OPPS FS. ",724.33,,,,,,,Case Rate,"100% Medicare OPPS FS. ",1195.71,,,,,,,Case Rate,"120 Percent of Medicaid APG. Not APG payable, or payable under another fee schedule like ASP/AWP pays at 30% of charges",1195.71,,,,,,,Case Rate,"120 Percent of Medicaid APG. Not APG payable, or payable under another fee schedule like ASP/AWP pays at 30% of charges",996.43,,,,,,,Case Rate,"100 Percent of Medicaid APG. Not APG payable, or payable under another fee schedule like ASP/AWP pays at 30% of charges",996.43,,,,,,,Case Rate,"100 Percent of Medicaid APG. Not APG payable, or payable under another fee schedule like ASP/AWP pays at 30% of charges",996.43,,,,,,,Case Rate,"100 Percent of Medicaid APG. ",1968.372,73,,,,,0,percent of total billed charges,73 percent of billed charges; No services were performed during the 15 month look back period.,8442,,,,,,,Case Rate,". Primary procedure pays at 100%, secondary at 50%, all subsequent at 25%.  Lesser of applies when negotiated rates exceed charges less addons.",1968.372,73,,,,,0,percent of total billed charges,73 percent of billed charges; No services were performed during the 15 month look back period.,6487,,,,,,,Case Rate,". MPL 100/50/25% maxmium of 3 procedures. All add ons apply, and lesser of 100% of billed charges",724.33,,,,,,,Case Rate,"100%Medicare OPPS FS. ",724.33,,,,,,,Case Rate,"100% Medicare OPPS FS. ",724.33,,,,,,,Case Rate,"100% Medicare OPPS FS. ",724.33,,,,,,,Case Rate,"100% Medicare OPPS FS. ",724.33,,,,,,,Case Rate,"100%Medicare OPPS FS. ",724.33,,,,,,,Case Rate,"100% Medicare OPPS FS. ",,,,,,,,,"NA. ",2241.96,,,,,,,Case Rate,225% of NYS APG. Lesser of 100% of billed charges applies.,283.29,,,,,,,Case Rate,100% of PAS. Lesser of 100% of billed charges applies.,4100,,,,,,,Case Rate,". MPL 100/50/25% all add ons apply, and lesser of 100% of billed charges",1968.372,73,,,,,0,percent of total billed charges,73 percent of billed charges; No services were performed during the 15 month look back period.,1968.372,73,,,,,0,percent of total billed charges,73 percent of billed charges; No services were performed during the 15 month look back period.,1968.372,73,,,,,0,percent of total billed charges,73 percent of billed charges; No services were performed during the 15 month look back period.,1968.372,73,,,,,0,percent of total billed charges,73 percent of billed charges; No services were performed during the 15 month look back period.,724.33,,,,,,,Case Rate,"100% Medicare OPPS FS. ",996.43,,,,,,,Case Rate,"100 Percent of Medicaid APG. ",4100,,,,,,,Case Rate,". MPL 100/50/25% all add ons apply, and lesser of 100% of billed charges",996.43,,,,,,,Case Rate,"100 Percent of Medicaid APG. ",724.33,,,,,,,Case Rate,"100% Medicare OPPS FS. ",996.43,,,,,,,Case Rate,"100 Percent of Medicaid APG. ",724.33,,,,,,,Case Rate,"100% Medicare OPPS FS. ",724.33,,,,,,,Case Rate,"100% Medicare OPPS FS. ",996.43,,,,,,,Case Rate,"100 Percent of Medicaid APG. ",996.43,,,,,,,Case Rate,"100 Percent of Medicaid APG. ",1968.372,73,,,,,0,percent of total billed charges,73 percent of billed charges; No services were performed during the 15 month look back period.,6487,,,,,,,Case Rate,". MPL 100/50/25% maxmium of 3 procedures. All add ons apply, and lesser of 100% of billed charges",2103.192,78,,,,,0,percent of total billed charges,78% of Billed Charges. Lesser of 100% of billed charges applies.; No services were performed during the 15 month look back period.,4923.38,,,,,,,Case Rate,". MPL 100/50/25% all add ons apply, and lesser of 100% of billed charges",4923.38,,,,,,,Case Rate,". MPL 100/50/25% all add ons apply, and lesser of 100% of billed charges",8442,,,,,,,Case Rate,". Primary procedure pays at 100%, secondary at 50%, all subsequent at 25%.  Lesser of applies when negotiated rates exceed charges less addons.",724.33,,,,,,,Case Rate,"83% HF Fee schedule. ",12574,,,,,,,Case Rate,". Primary procedure pays at 100%, all subsequent at 50%.",12574,,,,,,,Case Rate,". Primary procedure pays at 100%, all subsequent at 50%.",3280,,,,,,,Case Rate,". MPL 100/50/25% all add ons apply, and lesser of 100% of billed charges",3280,,,,,,,Case Rate,". MPL 100/50/25% all add ons apply, and lesser of 100% of billed charges",724.33,,,,,,,Case Rate,"100% Medicare OPPS FS. ",724.33,,,,,,,Case Rate,"100% Medicare OPPS FS. ",724.33,,,,,,,Case Rate,"100% Medicare OPPS FS. ",724.33,,,,,,,Case Rate,"100% Medicare OPPS FS. ",4923.38,,,,,,,Case Rate,". MPL 100/50/25% all add ons apply, and lesser of 100% of billed charges",4100,,,,,,,Case Rate,". MPL 100/50/25% all add ons apply, and lesser of 100% of billed charges",4100,,,,,,,Case Rate,". MPL 100/50/25% all add ons apply, and lesser of 100% of billed charges",724.33,,,,,,,Case Rate,"100% Medicare OPPS FS. ",3280,,,,,,,Case Rate,". MPL 100/50/25% all add ons apply, and lesser of 100% of billed charges",1968.372,73,,,,,0,percent of total billed charges,73 percent of billed charges; No services were performed during the 15 month look back period.,1195.71,,,,,,,Fee Schedule,"120 Percent of Medicaid APG. ",996.43,,,,,,,Case Rate,"100 Percent of Medicaid APG. ",1968.372,73,,,,,0,percent of total billed charges,73 percent of billed charges; No services were performed during the 15 month look back period.,3690,,,,,,,Case Rate,". MPL 100/50/25% all add ons apply, and lesser of 100% of billed charges",3690,,,,,,,Case Rate,". MPL 100/50/25% all add ons apply, and lesser of 100% of billed charges",4100,,,,,,,Case Rate,". MPL 100/50/25% all add ons apply, and lesser of 100% of billed charges",14948,,,,,,,Case Rate,". MPL 100/75/50% all add ons apply, and lesser of 100% of billed charges",724.33,,,,,,,Case Rate,"100%Medicare OPPS FS. ",1046.25,,,,,,,Fee Schedule,105 percent of Medicaid APG. otherwise 105% of Ordered NYS MCD FS or 105% of ASP+6%,1046.25,,,,,,,Fee Schedule,105 percent of Medicaid APG. otherwise 105% of Ordered NYS MCD FS or 105% of ASP+6%,1046.25,,,,,,,Fee Schedule,105 percent of Medicaid APG. otherwise 105% of Ordered NYS MCD FS or 105% of ASP+6%,1345.18,,,,,,,Fee Schedule,135 percent of Medicaid APG. otherwise 135% of Ordered NYS MCD FS or 135% of ASP+6%,4923.38,,,,,,,Case Rate,". MPL 100/50/25% all add ons apply, and lesser of 100% of billed charges",1046.25,,,,,,,Fee Schedule,105 percent of Medicaid APG. otherwise 105% of Ordered NYS MCD FS or 105% of ASP+6%,1046.25,,,,,,,Fee Schedule,105 percent of Medicaid APG. otherwise 105% of Ordered NYS MCD FS or 105% of ASP+6%,1046.25,,,,,,,Fee Schedule,105 percent of Medicaid APG. otherwise 105% of Ordered NYS MCD FS or 105% of ASP+6%,1046.25,,,,,,,Fee Schedule,105 percent of Medicaid APG. otherwise 105% of Ordered NYS MCD FS or 105% of ASP+6%,1046.25,,,,,,,Fee Schedule,105 percent of Medicaid APG. otherwise 105% of Ordered NYS MCD FS or 105% of ASP+6%,1345.18,,,,,,,Fee Schedule,135 percent of Medicaid APG. otherwise 135% of Ordered NYS MCD FS or 135% of ASP+6%,1345.18,,,,,,,Fee Schedule,135 percent of Medicaid APG. otherwise 135% of Ordered NYS MCD FS or 135% of ASP+6%,724.33,,,,,,,Case Rate,"100% Medicare OPPS FS. ",4923.38,,,,,,,Case Rate,". MPL 100/50/25% all add ons apply, and lesser of 100% of billed charges",724.33,,,,,,,Case Rate,"100% Medicare OPPS FS. ",1046.25,,,,,,,Fee Schedule,105 percent of Medicaid APG. otherwise 105% of Ordered NYS MCD FS or 105% of ASP+6%,4100,,,,,,,Case Rate,". MPL 100/50/25% all add ons apply, and lesser of 100% of billed charges",724.33,,,,,,,Case Rate,"100% Medicare OPPS FS. ",4100,,,,,,,Case Rate,". MPL 100/50/25% all add ons apply, and lesser of 100% of billed charges",4100,,,,,,,Case Rate,". MPL 100/50/25% all add ons apply, and lesser of 100% of billed charges",4100,,,,,,,Case Rate,". MPL 100/50/25% all add ons apply, and lesser of 100% of billed charges",1046.25,,,,,,,Fee Schedule,105 percent of Medicaid APG. otherwise 105% of Ordered NYS MCD FS or 105% of ASP+6%,724.33,,,,,,,Case Rate,"100% Medicare OPPS FS. ",4100,,,,,,,Case Rate,". MPL 100/50/25% all add ons apply, and lesser of 100% of billed charges",1345.18,,,,,,,Fee Schedule,135 percent of Medicaid APG. otherwise 135% of Ordered NYS MCD FS or 135% of ASP+6%,4100,,,,,,,Case Rate,". MPL 100/50/25% all add ons apply, and lesser of 100% of billed charges",5392.8,200,,,,,0,Case Rate,200% of Medicare OPPS. ; No services were performed during the 15 month look back period.,724.33,,,,,,,Case Rate,"100%Medicare OPPS FS. ",1968.372,73,,,,,0,percent of total billed charges,73 percent of billed charges; No services were performed during the 15 month look back period.,1968.372,73,,,,,0,percent of total billed charges,73 percent of billed charges; No services were performed during the 15 month look back period.,1968.372,73,,,,,0,percent of total billed charges,73 percent of billed charges; No services were performed during the 15 month look back period.,1968.372,73,,,,,0,percent of total billed charges,73 percent of billed charges; No services were performed during the 15 month look back period.,1968.372,73,,,,,0,percent of total billed charges,73 percent of billed charges; No services were performed during the 15 month look back period.,1968.372,73,,,,,0,percent of total billed charges,73 percent of billed charges; No services were performed during the 15 month look back period.,1968.372,73,,,,,0,percent of total billed charges,73 percent of billed charges; No services were performed during the 15 month look back period.,1968.372,73,,,,,0,percent of total billed charges,73 percent of billed charges; No services were performed during the 15 month look back period.,1968.372,73,,,,,0,percent of total billed charges,73 percent of billed charges; No services were performed during the 15 month look back period.,1968.372,73,,,,,0,percent of total billed charges,73 percent of billed charges; No services were performed during the 15 month look back period.,1968.372,73,,,,,0,percent of total billed charges,73 percent of billed charges; No services were performed during the 15 month look back period.,1968.372,73,,,,,0,percent of total billed charges,73 percent of billed charges; No services were performed during the 15 month look back period.,724.33,,,,,,,Case Rate,"100% Medicare OPPS FS. ",1968.372,73,,,,,0,percent of total billed charges,73 percent of billed charges; No services were performed during the 15 month look back period.,724.33,,,,,,,Case Rate,"100% Medicare OPPS FS. ",2241.96,,,,,,,Case Rate,"225 Percent of Medicaid APG. If not included in Medicaid APG, then 100 Percent of Manhattan Medicare",996.43,,,,,,,Case Rate,"100 Percent of Medicaid APG. ",4923.38,,,,,,,Case Rate,". MPL 100/50/25% all add ons apply, and lesser of 100% of billed charges",4923.38,,,,,,,Case Rate,". MPL 100/50/25% all add ons apply, and lesser of 100% of billed charges",724.33,,,,,,,Case Rate,"100% Medicare OPPS FS. ",12574,,,,,,,Case Rate,". Primary procedure pays at 100%, all subsequent at 50%.",724.33,,,,,,,Case Rate,"100% Medicare OPPS FS. ",724.33,,,,,,,Case Rate,"100% Medicare OPPS FS. ",8442,,,,,,,Case Rate,". Primary procedure pays at 100%, secondary at 50%, all subsequent at 25%.  Lesser of applies when negotiated rates exceed charges less addons.",724.33,,,,,,,Case Rate,"100% Medicare OPPS FS. ",6487,,,,,,,Case Rate,". MPL 100/50/25% maxmium of 3 procedures. All add ons apply, and lesser of 100% of billed charges",724.33,,,,,,,Case Rate,"100% Medicare OPPS FS. ",6487,,,,,,,Case Rate,". MPL 100/50/25% maxmium of 3 procedures. All add ons apply, and lesser of 100% of billed charges",8442,,,,,,,Case Rate,". Primary procedure pays at 100%, secondary at 50%, all subsequent at 25%.  Lesser of applies when negotiated rates exceed charges less addons.",6487,,,,,,,Case Rate,". MPL 100/50/25% maxmium of 3 procedures. All add ons apply, and lesser of 100% of billed charges",724.33,,,,,,,Case Rate,"100% Medicare OPPS FS. ",996.43,,,,,,,Case Rate,"100 Percent of Medicaid APG. ",724.33,,,,,,,Case Rate,"100% Medicare OPPS FS. ",6487,,,,,,,Case Rate,". MPL 100/50/25% maxmium of 3 procedures. All add ons apply, and lesser of 100% of billed charges",4923.38,,,,,,,Case Rate,". MPL 100/50/25% all add ons apply, and lesser of 100% of billed charges",996.43,,,,,,,Case Rate,"100 Percent of Medicaid APG. ",4100,,,,,,,Case Rate,". MPL 100/50/25% all add ons apply, and lesser of 100% of billed charges",1195.71,,,,,,,Fee Schedule,"120 Percent of Medicaid APG. ",1195.71,,,,,,,Fee Schedule,"120 Percent of Medicaid APG. ",4100,,,,,,,Case Rate,". MPL 100/50/25% all add ons apply, and lesser of 100% of billed charges",4100,,,,,,,Case Rate,". MPL 100/50/25% all add ons apply, and lesser of 100% of billed charges",4100,,,,,,,Case Rate,". MPL 100/50/25% all add ons apply, and lesser of 100% of billed charges",4923.38,,,,,,,Case Rate,". MPL 100/50/25% all add ons apply, and lesser of 100% of billed charges",4100,,,,,,,Case Rate,". MPL 100/50/25% all add ons apply, and lesser of 100% of billed charges",4100,,,,,,,Case Rate,". MPL 100/50/25% all add ons apply, and lesser of 100% of billed charges",4100,,,,,,,Case Rate,". MPL 100/50/25% all add ons apply, and lesser of 100% of billed charges",1968.372,73,,,,,0,percent of total billed charges,73 percent of billed charges; No services were performed during the 15 month look back period.,1968.372,73,,,,,0,percent of total billed charges,73 percent of billed charges; No services were performed during the 15 month look back period.,1434.18,,,,,,,Case Rate,198 Percent of Medicare OPPS. Metroplus will reimburse unlisted codes and described codes with no Medicare rate at 50 percent of charges.,996.43,,,,,,,Case Rate,"100 Percent of Medicaid APG. ",4923.38,,,,,,,Case Rate,". MPL 100/50/25% all add ons apply, and lesser of 100% of billed charges",6487,,,,,,,Case Rate,". MPL 100/50/25% maxmium of 3 procedures. All add ons apply, and lesser of 100% of billed charges",8442,,,,,,,Case Rate,". Primary procedure pays at 100%, secondary at 50%, all subsequent at 25%.  Lesser of applies when negotiated rates exceed charges less addons.",4923.38,,,,,,,Case Rate,". MPL 100/50/25% all add ons apply, and lesser of 100% of billed charges",8442,,,,,,,Case Rate,". Primary procedure pays at 100%, secondary at 50%, all subsequent at 25%.  Lesser of applies when negotiated rates exceed charges less addons.",4923.38,,,,,,,Case Rate,". MPL 100/50/25% all add ons apply, and lesser of 100% of billed charges",4100,,,,,,,Case Rate,". MPL 100/50/25% all add ons apply, and lesser of 100% of billed charges",4100,,,,,,,Case Rate,". MPL 100/50/25% all add ons apply, and lesser of 100% of billed charges",4100,,,,,,,Case Rate,". MPL 100/50/25% all add ons apply, and lesser of 100% of billed charges",4100,,,,,,,Case Rate,". MPL 100/50/25% all add ons apply, and lesser of 100% of billed charges",724.33,,,,,,,Case Rate,"100% Medicare OPPS FS. ",283.29,25798,
14040,CPT,,,490,RC,TIS TRNFR F/C/C/M/N/A/G/H/F,,,both,,,,5941,,,,,,,Case Rate,". MPL 1st 100% of Payment Rate 50% of all others, all add ons apply, and lesser of 100% of billed charges.",5941,,,,,,,Case Rate,". MPL 1st 100% of Payment Rate 50% of all others, all add ons apply, and lesser of 100% of billed charges.",8442,,,,,,,Case Rate,". Primary procedure pays at 100%, secondary at 50%, all subsequent at 25%.  Lesser of applies when negotiated rates exceed charges less addons.",,100,,,,,0,percent of total billed charges,100 percent of billed charges. ; No services were performed during the 15 month look back period.,2164.53,,,,,,,Case Rate,"100% Medicare OPPS FS. ",8442,,,,,,,Case Rate,". Primary procedure pays at 100%, secondary at 50%, all subsequent at 25%.  Lesser of applies when negotiated rates exceed charges less addons.",8442,,,,,,,Case Rate,". Primary procedure pays at 100%, secondary at 50%, all subsequent at 25%.  Lesser of applies when negotiated rates exceed charges less addons.",8442,,,,,,,Case Rate,". Primary procedure pays at 100%, secondary at 50%, all subsequent at 25%.  Lesser of applies when negotiated rates exceed charges less addons.",2335.84,,,,,,,Case Rate,"100 Percent of Medicaid APG. ",1946.53,,,,,,,Case Rate,"100 Percent of Medicaid APG. ",,78,,,,,0,percent of total billed charges,78% of Billed Charges. Lesser of 100% of billed charges applies.; No services were performed during the 15 month look back period.,8165.03,,,,,,,Case Rate,". MPL 100/50/25% all add ons apply, and lesser of 100% of billed charges",1946.53,,,,,,,Case Rate,"100 Percent of Medicaid APG. ",2164.53,,,,,,,Case Rate,"100% Medicare OPPS FS. ",6487,,,,,,,Case Rate,". MPL 100/50/25% maxmium of 3 procedures. All add ons apply, and lesser of 100% of billed charges",6487,,,,,,,Case Rate,". MPL 100/50/25% maxmium of 3 procedures. All add ons apply, and lesser of 100% of billed charges",6487,,,,,,,Case Rate,". MPL 100/50/25% maxmium of 3 procedures. All add ons apply, and lesser of 100% of billed charges",6487,,,,,,,Case Rate,". MPL 100/50/25% maxmium of 3 procedures. All add ons apply, and lesser of 100% of billed charges",1946.53,,,,,,,Case rate,124 Percent of Medicaid APG. Covered services not payable under Medicaid Fee Schedules default to a payment of 50 percent of charges.,2164.53,,,,,,,Case Rate,"100% Medicare OPPS FS. ",1946.53,,,,,,,Case rate,124 Percent of Medicaid APG. Covered services not payable under Medicaid Fee Schedules default to a payment of 50 percent of charges.,,78,,,,,0,percent of total billed charges,78% of Billed Charges. Lesser of 100% of billed charges applies.; No services were performed during the 15 month look back period.,8442,,,,,,,Case Rate,". Primary procedure pays at 100%, secondary at 50%, all subsequent at 25%.  Lesser of applies when negotiated rates exceed charges less addons.",2164.53,,,,,,,Case Rate,"100%Medicare OPPS FS. ",8427,,,,,,,Case Rate,". Primary procedure pays at 100%, all subsequent at 50%.",2164.53,,,,,,,Case Rate,"100%Medicare OPPS FS. ",2164.53,,,,,,,Case Rate,"100%Medicare OPPS FS. ",,78,,,,,0,percent of total billed charges,78% of Billed Charges. Lesser of 100% of billed charges applies.; No services were performed during the 15 month look back period.,908.68,,,,,,,Case Rate,100% of PAS. Lesser of 100% of billed charges applies.,908.68,,,,,,,Case Rate,100% of PAS. Lesser of 100% of billed charges applies.,1946.53,,,,,,,Case rate,"100 Percent of Medicaid APG. ",1946.53,,,,,,,Case rate,"100 Percent of Medicaid APG. ",8427,,,,,,,Case Rate,". Primary procedure pays at 100%, all subsequent at 50%.",8427,,,,,,,Case Rate,". Primary procedure pays at 100%, all subsequent at 50%.",1946.53,,,,,,,Case Rate,"100 Percent of Medicaid APG. Not APG payable, or payable under another fee schedule like ASP/AWP pays at 30% of charges",8427,,,,,,,Case Rate,". Primary procedure pays at 100%, all subsequent at 50%.",1946.53,,,,,,,Case Rate,"100 Percent of Medicaid APG. Not APG payable, or payable under another fee schedule like ASP/AWP pays at 30% of charges",2164.53,,,,,,,Case Rate,"100%Medicare OPPS FS. ",8427,,,,,,,Case Rate,". Primary procedure pays at 100%, all subsequent at 50%.",,78,,,,,0,percent of total billed charges,78% of Billed Charges. Lesser of 100% of billed charges applies.; No services were performed during the 15 month look back period.,1946.53,,,,,,,Case Rate,"100 Percent of Medicaid APG. ",1946.53,,,,,,,Case Rate,"100 Percent of Medicaid APG. ",,78,,,,,0,percent of total billed charges,78% of Billed Charges. Lesser of 100% of billed charges applies.; No services were performed during the 15 month look back period.,6487,,,,,,,Case Rate,". MPL 100/50/25% maxmium of 3 procedures. All add ons apply, and lesser of 100% of billed charges",6377,,,,,,,Case Rate,". MPL 100/50/25% all add ons apply, and lesser of 100% of billed charges",6377,,,,,,,Case Rate,". MPL 100/50/25% all add ons apply, and lesser of 100% of billed charges",,78,,,,,0,percent of total billed charges,78% of Billed Charges. Lesser of 100% of billed charges applies.; No services were performed during the 15 month look back period.,2164.53,,,,,,,Case Rate,"100% Medicare OPPS FS. ",8165.03,,,,,,,Case Rate,". MPL 100/50/25% all add ons apply, and lesser of 100% of billed charges",8165.03,,,,,,,Case Rate,". MPL 100/50/25% all add ons apply, and lesser of 100% of billed charges",8165.03,,,,,,,Case Rate,". MPL 100/50/25% all add ons apply, and lesser of 100% of billed charges",2164.53,,,,,,,Case Rate,"100% Medicare OPPS FS. ",8165.03,,,,,,,Case Rate,". MPL 100/50/25% all add ons apply, and lesser of 100% of billed charges",8165.03,,,,,,,Case Rate,". MPL 100/50/25% all add ons apply, and lesser of 100% of billed charges",2164.53,,,,,,,Case Rate,"100% of Medicare OPPS. ",25798,,,,,,,Case Rate,". MPL 100/75/50% all add ons apply, and lesser of 100% of billed charges",10351,,,,,,,Case Rate,". MPL 100/50/25% all add ons apply, and lesser of 100% of billed charges",10351,,,,,,,Case Rate,". MPL 100/50/25% all add ons apply, and lesser of 100% of billed charges",10351,,,,,,,Case Rate,". MPL 100/50/25% all add ons apply, and lesser of 100% of billed charges",10351,,,,,,,Case Rate,". MPL 100/50/25% all add ons apply, and lesser of 100% of billed charges",10351,,,,,,,Case Rate,". MPL 100/50/25% all add ons apply, and lesser of 100% of billed charges",10351,,,,,,,Case Rate,". MPL 100/50/25% all add ons apply, and lesser of 100% of billed charges",2164.53,,,,,,,Case Rate,"100% Medicare OPPS FS. ",2164.53,,,,,,,Case Rate,"100% Medicare OPPS FS. ",10351,,,,,,,Case Rate,". MPL 100/50/25% all add ons apply, and lesser of 100% of billed charges",,78,,,,,0,percent of total billed charges,78% of Billed Charges. Lesser of 100% of billed charges applies.; No services were performed during the 15 month look back period.,,78,,,,,0,percent of total billed charges,78% of Billed Charges. Lesser of 100% of billed charges applies.; No services were performed during the 15 month look back period.,,78,,,,,0,percent of total billed charges,78% of Billed Charges. Lesser of 100% of billed charges applies.; No services were performed during the 15 month look back period.,,78,,,,,0,percent of total billed charges,78% of Billed Charges. Lesser of 100% of billed charges applies.; No services were performed during the 15 month look back period.,,78,,,,,0,percent of total billed charges,78% of Billed Charges. Lesser of 100% of billed charges applies.; No services were performed during the 15 month look back period.,,78,,,,,0,percent of total billed charges,78% of Billed Charges. Lesser of 100% of billed charges applies.; No services were performed during the 15 month look back period.,,78,,,,,0,percent of total billed charges,78% of Billed Charges. Lesser of 100% of billed charges applies.; No services were performed during the 15 month look back period.,,78,,,,,0,percent of total billed charges,78% of Billed Charges. Lesser of 100% of billed charges applies.; No services were performed during the 15 month look back period.,,78,,,,,0,percent of total billed charges,78% of Billed Charges. Lesser of 100% of billed charges applies.; No services were performed during the 15 month look back period.,,78,,,,,0,percent of total billed charges,78% of Billed Charges. Lesser of 100% of billed charges applies.; No services were performed during the 15 month look back period.,,78,,,,,0,percent of total billed charges,78% of Billed Charges. Lesser of 100% of billed charges applies.; No services were performed during the 15 month look back period.,,78,,,,,0,percent of total billed charges,78% of Billed Charges. Lesser of 100% of billed charges applies.; No services were performed during the 15 month look back period.,,78,,,,,0,percent of total billed charges,78% of Billed Charges. Lesser of 100% of billed charges applies.; No services were performed during the 15 month look back period.,,78,,,,,0,percent of total billed charges,78% of Billed Charges. Lesser of 100% of billed charges applies.; No services were performed during the 15 month look back period.,,78,,,,,0,percent of total billed charges,78% of Billed Charges. Lesser of 100% of billed charges applies.; No services were performed during the 15 month look back period.,,78,,,,,0,percent of total billed charges,78% of Billed Charges. Lesser of 100% of billed charges applies.; No services were performed during the 15 month look back period.,,78,,,,,0,percent of total billed charges,78% of Billed Charges. Lesser of 100% of billed charges applies.; No services were performed during the 15 month look back period.,,78,,,,,0,percent of total billed charges,78% of Billed Charges. Lesser of 100% of billed charges applies.; No services were performed during the 15 month look back period.,,78,,,,,0,percent of total billed charges,78% of Billed Charges. Lesser of 100% of billed charges applies.; No services were performed during the 15 month look back period.,,78,,,,,0,percent of total billed charges,78% of Billed Charges. Lesser of 100% of billed charges applies.; No services were performed during the 15 month look back period.,,78,,,,,0,percent of total billed charges,78% of Billed Charges. Lesser of 100% of billed charges applies.; No services were performed during the 15 month look back period.,,78,,,,,0,percent of total billed charges,78% of Billed Charges. Lesser of 100% of billed charges applies.; No services were performed during the 15 month look back period.,,78,,,,,0,percent of total billed charges,78% of Billed Charges. Lesser of 100% of billed charges applies.; No services were performed during the 15 month look back period.,,78,,,,,0,percent of total billed charges,78% of Billed Charges. Lesser of 100% of billed charges applies.; No services were performed during the 15 month look back period.,,78,,,,,0,percent of total billed charges,78% of Billed Charges. Lesser of 100% of billed charges applies.; No services were performed during the 15 month look back period.,,78,,,,,0,percent of total billed charges,78% of Billed Charges. Lesser of 100% of billed charges applies.; No services were performed during the 15 month look back period.,8427,,,,,,,Case Rate,". Primary procedure pays at 100%, all subsequent at 50%.",8427,,,,,,,Case Rate,". Primary procedure pays at 100%, all subsequent at 50%.",8427,,,,,,,Case Rate,". Primary procedure pays at 100%, all subsequent at 50%.",8427,,,,,,,Case Rate,". Primary procedure pays at 100%, all subsequent at 50%.",12574,,,,,,,Case Rate,". Primary procedure pays at 100%, all subsequent at 50%.",12574,,,,,,,Case Rate,". Primary procedure pays at 100%, all subsequent at 50%.",6487,,,,,,,Case Rate,". MPL 100/50/25% maxmium of 3 procedures. All add ons apply, and lesser of 100% of billed charges",10351,,,,,,,Case Rate,". MPL 100/50/25% all add ons apply, and lesser of 100% of billed charges",8165.03,,,,,,,Case Rate,". MPL 100/50/25% all add ons apply, and lesser of 100% of billed charges",10351,,,,,,,Case Rate,". MPL 100/50/25% all add ons apply, and lesser of 100% of billed charges",,78,,,,,0,percent of total billed charges,78% of Billed Charges. Lesser of 100% of billed charges applies.; No services were performed during the 15 month look back period.,12574,,,,,,,Case Rate,". Primary procedure pays at 100%, all subsequent at 50%.",10351,,,,,,,Case Rate,". MPL 100/50/25% all add ons apply, and lesser of 100% of billed charges",8165.03,,,,,,,Case Rate,". MPL 100/50/25% all add ons apply, and lesser of 100% of billed charges",6487,,,,,,,Case Rate,". MPL 100/50/25% maxmium of 3 procedures. All add ons apply, and lesser of 100% of billed charges",,,,,,,,,"NA. ",,78,,,,,0,percent of total billed charges,78% of Billed Charges. Lesser of 100% of billed charges applies.; No services were performed during the 15 month look back period.,1946.53,,,,,,,Case Rate,"100 Percent of Medicaid APG. ",8427,,,,,,,Case Rate,". Primary procedure pays at 100%, all subsequent at 50%.",1946.53,,,,,,,Case Rate,"100 Percent of Medicaid APG. Not APG payable, or payable under another fee schedule like ASP/AWP pays at 30% of charges",2164.53,,,,,,,Case Rate,"100%Medicare OPPS FS. ",2164.53,,,,,,,Case Rate,"100% Medicare OPPS FS. ",25798,,,,,,,Case Rate,". MPL 100/75/50% all add ons apply, and lesser of 100% of billed charges",2164.53,,,,,,,Case Rate,"100% Medicare OPPS FS. ",2164.53,,,,,,,Case Rate,"100% Medicare OPPS FS. ",1946.53,,,,,,,Case Rate,"100 Percent of Medicaid APG. ",2164.53,,,,,,,Case Rate,"100% Medicare OPPS FS. ",2164.53,,,,,,,Case Rate,"100% Medicare OPPS FS. ",8442,,,,,,,Case Rate,". Primary procedure pays at 100%, secondary at 50%, all subsequent at 25%.  Lesser of applies when negotiated rates exceed charges less addons.",8442,,,,,,,Case Rate,". Primary procedure pays at 100%, secondary at 50%, all subsequent at 25%.  Lesser of applies when negotiated rates exceed charges less addons.",2164.53,,,,,,,Case Rate,"100% Medicare OPPS FS. ",6487,,,,,,,Case Rate,". MPL 100/50/25% maxmium of 3 procedures. All add ons apply, and lesser of 100% of billed charges",8165.03,,,,,,,Case Rate,". MPL 100/50/25% all add ons apply, and lesser of 100% of billed charges",8165.03,,,,,,,Case Rate,". MPL 100/50/25% all add ons apply, and lesser of 100% of billed charges",2164.53,,,,,,,Case Rate,"100% Medicare OPPS FS. ",6487,,,,,,,Case Rate,". MPL 100/50/25% maxmium of 3 procedures. All add ons apply, and lesser of 100% of billed charges",8442,,,,,,,Case Rate,". Primary procedure pays at 100%, secondary at 50%, all subsequent at 25%.  Lesser of applies when negotiated rates exceed charges less addons.",8442,,,,,,,Case Rate,". Primary procedure pays at 100%, secondary at 50%, all subsequent at 25%.  Lesser of applies when negotiated rates exceed charges less addons.",8442,,,,,,,Case Rate,". Primary procedure pays at 100%, secondary at 50%, all subsequent at 25%.  Lesser of applies when negotiated rates exceed charges less addons.",,78,,,,,0,percent of total billed charges,78% of Billed Charges. Lesser of 100% of billed charges applies.; No services were performed during the 15 month look back period.,,78,,,,,0,percent of total billed charges,78% of Billed Charges. Lesser of 100% of billed charges applies.; No services were performed during the 15 month look back period.,,78,,,,,0,percent of total billed charges,78% of Billed Charges. Lesser of 100% of billed charges applies.; No services were performed during the 15 month look back period.,,78,,,,,0,percent of total billed charges,78% of Billed Charges. Lesser of 100% of billed charges applies.; No services were performed during the 15 month look back period.,,78,,,,,0,percent of total billed charges,78% of Billed Charges. Lesser of 100% of billed charges applies.; No services were performed during the 15 month look back period.,,78,,,,,0,percent of total billed charges,78% of Billed Charges. Lesser of 100% of billed charges applies.; No services were performed during the 15 month look back period.,,78,,,,,0,percent of total billed charges,78% of Billed Charges. Lesser of 100% of billed charges applies.; No services were performed during the 15 month look back period.,,78,,,,,0,percent of total billed charges,78% of Billed Charges. Lesser of 100% of billed charges applies.; No services were performed during the 15 month look back period.,,78,,,,,0,percent of total billed charges,78% of Billed Charges. Lesser of 100% of billed charges applies.; No services were performed during the 15 month look back period.,,78,,,,,0,percent of total billed charges,78% of Billed Charges. Lesser of 100% of billed charges applies.; No services were performed during the 15 month look back period.,,78,,,,,0,percent of total billed charges,78% of Billed Charges. Lesser of 100% of billed charges applies.; No services were performed during the 15 month look back period.,12574,,,,,,,Case Rate,". Primary procedure pays at 100%, all subsequent at 50%.",10351,,,,,,,Case Rate,". MPL 100/50/25% all add ons apply, and lesser of 100% of billed charges",6487,,,,,,,Case Rate,". MPL 100/50/25% maxmium of 3 procedures. All add ons apply, and lesser of 100% of billed charges",2164.53,,,,,,,Case Rate,"100% Medicare OPPS FS. ",8442,,,,,,,Case Rate,". Primary procedure pays at 100%, secondary at 50%, all subsequent at 25%.  Lesser of applies when negotiated rates exceed charges less addons.",6487,,,,,,,Case Rate,". MPL 100/50/25% maxmium of 3 procedures. All add ons apply, and lesser of 100% of billed charges",6487,,,,,,,Case Rate,". MPL 100/50/25% maxmium of 3 procedures. All add ons apply, and lesser of 100% of billed charges",,78,,,,,0,percent of total billed charges,78% of Billed Charges. Lesser of 100% of billed charges applies.; No services were performed during the 15 month look back period.,4165.58,,,,,,,Case Rate,"214 Percent of Medicaid APG. Drugs not priced under APG, billed with revenue code 636 and not priced by Medicare ASP FeeSched will be reimbursed at 20% of charges.",6487,,,,,,,Case Rate,". MPL 100/50/25% maxmium of 3 procedures. All add ons apply, and lesser of 100% of billed charges",1946.53,,,,,,,Case Rate,"100 Percent of Medicaid APG. ",2164.53,,,,,,,Case Rate,"100% Medicare OPPS FS. ",2164.53,,,,,,,Case Rate,"100% Medicare OPPS FS. ",2164.53,,,,,,,Case Rate,"100% Medicare OPPS FS. ",2164.53,,,,,,,Case Rate,"100% Medicare OPPS FS. ",2164.53,,,,,,,Case Rate,"100% Medicare OPPS FS. ",2164.53,,,,,,,Case Rate,"100% Medicare OPPS FS. ",6487,,,,,,,Case Rate,". MPL 100/50/25% maxmium of 3 procedures. All add ons apply, and lesser of 100% of billed charges",25798,,,,,,,Case Rate,". MPL 100/75/50% all add ons apply, and lesser of 100% of billed charges",3503.76,,,,,,,Fee Schedule,"180 Percent of Medicaid APG. ",3503.76,,,,,,,Fee Schedule,"180 Percent of Medicaid APG. ",3503.76,,,,,,,Fee Schedule,"180 Percent of Medicaid APG. ",3503.76,,,,,,,Fee Schedule,"180 Percent of Medicaid APG. ",3503.76,,,,,,,Fee Schedule,"180 Percent of Medicaid APG. ",,,,,,,,,"NA. ",25798,,,,,,,Case Rate,". MPL 100/75/50% all add ons apply, and lesser of 100% of billed charges",4285.77,,,,,,,Case Rate,198 Percent of Medicare OPPS. Metroplus will reimburse unlisted codes and described codes with no Medicare rate at 50 percent of charges.,4285.77,,,,,,,Case Rate,198 Percent of Medicare OPPS. Metroplus will reimburse unlisted codes and described codes with no Medicare rate at 50 percent of charges.,4285.77,,,,,,,Case Rate,198 Percent of Medicare OPPS. Metroplus will reimburse unlisted codes and described codes with no Medicare rate at 50 percent of charges.,4285.77,,,,,,,Case Rate,198 Percent of Medicare OPPS. Metroplus will reimburse unlisted codes and described codes with no Medicare rate at 50 percent of charges.,4285.77,,,,,,,Case Rate,198 Percent of Medicare OPPS. Metroplus will reimburse unlisted codes and described codes with no Medicare rate at 50 percent of charges.,2164.53,,,,,,,Case Rate,"100% Medicare OPPS FS. ",12574,,,,,,,Case Rate,". Primary procedure pays at 100%, all subsequent at 50%.",12574,,,,,,,Case Rate,". Primary procedure pays at 100%, all subsequent at 50%.",12574,,,,,,,Case Rate,". Primary procedure pays at 100%, all subsequent at 50%.",12574,,,,,,,Case Rate,". Primary procedure pays at 100%, all subsequent at 50%.",8442,,,,,,,Case Rate,". Primary procedure pays at 100%, secondary at 50%, all subsequent at 25%.  Lesser of applies when negotiated rates exceed charges less addons.",8442,,,,,,,Case Rate,". Primary procedure pays at 100%, secondary at 50%, all subsequent at 25%.  Lesser of applies when negotiated rates exceed charges less addons.",8442,,,,,,,Case Rate,". Primary procedure pays at 100%, secondary at 50%, all subsequent at 25%.  Lesser of applies when negotiated rates exceed charges less addons.",8442,,,,,,,Case Rate,". Primary procedure pays at 100%, secondary at 50%, all subsequent at 25%.  Lesser of applies when negotiated rates exceed charges less addons.",25798,,,,,,,Case Rate,". MPL 100/75/50% all add ons apply, and lesser of 100% of billed charges",25798,,,,,,,Case Rate,". MPL 100/75/50% all add ons apply, and lesser of 100% of billed charges",2164.53,,,,,,,Case Rate,"100% Medicare OPPS FS. ",2164.53,,,,,,,Case Rate,"100% Medicare OPPS FS. ",2164.53,,,,,,,Case Rate,"100% Medicare OPPS FS. ",10351,,,,,,,Case Rate,". MPL 100/50/25% all add ons apply, and lesser of 100% of billed charges",10351,,,,,,,Case Rate,". MPL 100/50/25% all add ons apply, and lesser of 100% of billed charges",10351,,,,,,,Case Rate,". MPL 100/50/25% all add ons apply, and lesser of 100% of billed charges",25798,,,,,,,Case Rate,". MPL 100/75/50% all add ons apply, and lesser of 100% of billed charges",8442,,,,,,,Case Rate,". Primary procedure pays at 100%, secondary at 50%, all subsequent at 25%.  Lesser of applies when negotiated rates exceed charges less addons.",2164.53,,,,,,,Case Rate,"100% Medicare OPPS FS. ",10351,,,,,,,Case Rate,". MPL 100/50/25% all add ons apply, and lesser of 100% of billed charges",1946.53,,,,,,,Case Rate,"100 Percent of Medicaid APG. ",2207.82,,,,,,,Case Rate,"102% of Medicare OPPS. ",2207.82,,,,,,,Case Rate,"102% of Medicare OPPS. ",2207.82,,,,,,,Case Rate,"102% of Medicare OPPS. ",1946.53,,,,,,,Case rate,"100 Percent of Medicaid APG. ",4379.7,,,,,,,Case Rate,225% of NYS APG. Lesser of 100% of billed charges applies.,4379.7,,,,,,,Case Rate,225% of NYS APG. Lesser of 100% of billed charges applies.,4379.7,,,,,,,Case Rate,225% of NYS APG. Lesser of 100% of billed charges applies.,4379.7,,,,,,,Case Rate,225% of NYS APG. Lesser of 100% of billed charges applies.,4379.7,,,,,,,Case Rate,225% of NYS APG. Lesser of 100% of billed charges applies.,2207.82,,,,,,,Case Rate,"102% of Medicare OPPS. ",1946.53,,,,,,,Case Rate,"100 Percent of Medicaid APG. ",908.68,,,,,,,Case Rate,100% of PAS. Lesser of 100% of billed charges applies.,4379.7,,,,,,,Case Rate,225% of NYS APG. Lesser of 100% of billed charges applies.,4379.7,,,,,,,Case Rate,225% of NYS APG. Lesser of 100% of billed charges applies.,908.68,,,,,,,Case Rate,100% of PAS. Lesser of 100% of billed charges applies.,908.68,,,,,,,Case Rate,100% of PAS. Lesser of 100% of billed charges applies.,3503.76,,,,,,,Fee Schedule,"180 Percent of Medicaid APG. ",2164.53,,,,,,,Case Rate,"100% Medicare OPPS FS. ",2164.53,,,,,,,Case Rate,"100% Medicare OPPS FS. ",8442,,,,,,,Case Rate,". Primary procedure pays at 100%, secondary at 50%, all subsequent at 25%.  Lesser of applies when negotiated rates exceed charges less addons.",2164.53,,,,,,,Case Rate,"100% Medicare OPPS FS. ",4379.7,,,,,,,Case Rate,"225 Percent of Medicaid APG. ",4379.7,,,,,,,Case Rate,"225 Percent of Medicaid APG. ",1946.53,,,,,,,Case rate,"100 Percent of Medicaid APG. ",1946.53,,,,,,,Case rate,"100 Percent of Medicaid APG. ",4379.7,,,,,,,Case Rate,225 Percent of Medicaid APG. Covered services not payable under Medicaid Fee Schedules default to a payment of 87.5 percent of charges.,1946.53,,,,,,,Case rate,124 Percent of Medicaid APG. Covered services not payable under Medicaid Fee Schedules default to a payment of 50 percent of charges.,4379.7,,,,,,,Case Rate,"100 Percent of Medicaid APG. ",4379.7,,,,,,,Case Rate,"100 Percent of Medicaid APG. ",4379.7,,,,,,,Case Rate,"100 Percent of Medicaid APG. ",4379.7,,,,,,,Case Rate,"100 Percent of Medicaid APG. ",13453,,,,,,,Case Rate,". MPL 100/75/50% all add ons apply, and lesser of 100% of billed charges",25798,,,,,,,Case Rate,". MPL 100/75/50% all add ons apply, and lesser of 100% of billed charges",2335.84,,,,,,,Case Rate,"120 Percent of Medicaid APG. Not APG payable, or payable under another fee schedule like ASP/AWP pays at 30% of charges",2335.84,,,,,,,Case Rate,"120 Percent of Medicaid APG. Not APG payable, or payable under another fee schedule like ASP/AWP pays at 30% of charges",1946.53,,,,,,,Case Rate,"100 Percent of Medicaid APG. Not APG payable, or payable under another fee schedule like ASP/AWP pays at 30% of charges",1946.53,,,,,,,Case Rate,"100 Percent of Medicaid APG. Not APG payable, or payable under another fee schedule like ASP/AWP pays at 30% of charges",10351,,,,,,,Case Rate,". MPL 100/50/25% all add ons apply, and lesser of 100% of billed charges",10351,,,,,,,Case Rate,". MPL 100/50/25% all add ons apply, and lesser of 100% of billed charges",2164.53,,,,,,,Case Rate,"100% Medicare OPPS FS. ",10351,,,,,,,Case Rate,". MPL 100/50/25% all add ons apply, and lesser of 100% of billed charges",10351,,,,,,,Case Rate,". MPL 100/50/25% all add ons apply, and lesser of 100% of billed charges",10351,,,,,,,Case Rate,". MPL 100/50/25% all add ons apply, and lesser of 100% of billed charges",10351,,,,,,,Case Rate,". MPL 100/50/25% all add ons apply, and lesser of 100% of billed charges",2164.53,,,,,,,Case Rate,"100% Medicare OPPS FS. ",10351,,,,,,,Case Rate,". MPL 100/50/25% all add ons apply, and lesser of 100% of billed charges",10351,,,,,,,Case Rate,". MPL 100/50/25% all add ons apply, and lesser of 100% of billed charges",8442,,,,,,,Case Rate,". Primary procedure pays at 100%, secondary at 50%, all subsequent at 25%.  Lesser of applies when negotiated rates exceed charges less addons.",1946.53,,,,,,,Fee Schedule,100% APG. Lesser of 100% of billed charges applies.,1946.53,,,,,,,Case rate,124 Percent of Medicaid APG. Covered services not payable under Medicaid Fee Schedules default to a payment of 50 percent of charges.,4379.7,,,,,,,Case Rate,225% of NYS APG. Lesser of 100% of billed charges applies.,4379.7,,,,,,,Case Rate,225 Percent of Medicaid APG. Covered services not payable under Medicaid Fee Schedules default to a payment of 87.5 percent of charges.,1946.53,,,,,,,Case rate,124 Percent of Medicaid APG. Covered services not payable under Medicaid Fee Schedules default to a payment of 50 percent of charges.,4379.7,,,,,,,Case Rate,225% of NYS APG. Lesser of 100% of billed charges applies.,4379.7,,,,,,,Case Rate,225% of NYS APG. Lesser of 100% of billed charges applies.,4379.7,,,,,,,Case Rate,225% of NYS APG. Lesser of 100% of billed charges applies.,4379.7,,,,,,,Case Rate,225% of NYS APG. Lesser of 100% of billed charges applies.,4379.7,,,,,,,Case Rate,225% of NYS APG. Lesser of 100% of billed charges applies.,4379.7,,,,,,,Case Rate,225% of NYS APG. Lesser of 100% of billed charges applies.,,,,,,,,,"NA. ",,,,,,,,,"NA. ",,,,,,,,,"NA. ",6487,,,,,,,Case Rate,". MPL 100/50/25% maxmium of 3 procedures. All add ons apply, and lesser of 100% of billed charges",,,,,,,,,"NA. ",2164.53,,,,,,,Case Rate,"100% Medicare OPPS FS. ",5941,,,,,,,Case Rate,". MPL 1st 100% of Payment Rate 50% of all others, all add ons apply, and lesser of 100% of billed charges.",2164.53,,,,,,,Case Rate,"100% Medicare OPPS FS. ",2164.53,,,,,,,Case Rate,"100% Medicare OPPS FS. ",2335.84,,,,,,,Case Rate,"120 Percent of Medicaid APG. Not APG payable, or payable under another fee schedule like ASP/AWP pays at 30% of charges",2335.84,,,,,,,Case Rate,"120 Percent of Medicaid APG. Not APG payable, or payable under another fee schedule like ASP/AWP pays at 30% of charges",1946.53,,,,,,,Case Rate,"100 Percent of Medicaid APG. Not APG payable, or payable under another fee schedule like ASP/AWP pays at 30% of charges",1946.53,,,,,,,Case Rate,"100 Percent of Medicaid APG. Not APG payable, or payable under another fee schedule like ASP/AWP pays at 30% of charges",1946.53,,,,,,,Case Rate,"100 Percent of Medicaid APG. ",7163,,,,,,,Case Rate,". ",8442,,,,,,,Case Rate,". Primary procedure pays at 100%, secondary at 50%, all subsequent at 25%.  Lesser of applies when negotiated rates exceed charges less addons.",8427,,,,,,,Case Rate,". Primary procedure pays at 100%, all subsequent at 50%.",6487,,,,,,,Case Rate,". MPL 100/50/25% maxmium of 3 procedures. All add ons apply, and lesser of 100% of billed charges",2164.53,,,,,,,Case Rate,"100%Medicare OPPS FS. ",2164.53,,,,,,,Case Rate,"100% Medicare OPPS FS. ",2164.53,,,,,,,Case Rate,"100% Medicare OPPS FS. ",2164.53,,,,,,,Case Rate,"100% Medicare OPPS FS. ",2164.53,,,,,,,Case Rate,"100%Medicare OPPS FS. ",2164.53,,,,,,,Case Rate,"100% Medicare OPPS FS. ",,,,,,,,,"NA. ",4379.7,,,,,,,Case Rate,225% of NYS APG. Lesser of 100% of billed charges applies.,908.68,,,,,,,Case Rate,100% of PAS. Lesser of 100% of billed charges applies.,10351,,,,,,,Case Rate,". MPL 100/50/25% all add ons apply, and lesser of 100% of billed charges",7163,,,,,,,Case Rate,". ",7163,,,,,,,Case Rate,". ",7163,,,,,,,Case Rate,". ",7163,,,,,,,Case Rate,". ",2164.53,,,,,,,Case Rate,"100% Medicare OPPS FS. ",1946.53,,,,,,,Case Rate,"100 Percent of Medicaid APG. ",10351,,,,,,,Case Rate,". MPL 100/50/25% all add ons apply, and lesser of 100% of billed charges",1946.53,,,,,,,Case Rate,"100 Percent of Medicaid APG. ",2164.53,,,,,,,Case Rate,"100% Medicare OPPS FS. ",1946.53,,,,,,,Case Rate,"100 Percent of Medicaid APG. ",2164.53,,,,,,,Case Rate,"100% Medicare OPPS FS. ",2164.53,,,,,,,Case Rate,"100% Medicare OPPS FS. ",1946.53,,,,,,,Case Rate,"100 Percent of Medicaid APG. ",1946.53,,,,,,,Case Rate,"100 Percent of Medicaid APG. ",7163,,,,,,,Case Rate,". ",6487,,,,,,,Case Rate,". MPL 100/50/25% maxmium of 3 procedures. All add ons apply, and lesser of 100% of billed charges",,78,,,,,0,percent of total billed charges,78% of Billed Charges. Lesser of 100% of billed charges applies.; No services were performed during the 15 month look back period.,8165.03,,,,,,,Case Rate,". MPL 100/50/25% all add ons apply, and lesser of 100% of billed charges",8165.03,,,,,,,Case Rate,". MPL 100/50/25% all add ons apply, and lesser of 100% of billed charges",8442,,,,,,,Case Rate,". Primary procedure pays at 100%, secondary at 50%, all subsequent at 25%.  Lesser of applies when negotiated rates exceed charges less addons.",2164.53,,,,,,,Case Rate,"83% HF Fee schedule. ",12574,,,,,,,Case Rate,". Primary procedure pays at 100%, all subsequent at 50%.",12574,,,,,,,Case Rate,". Primary procedure pays at 100%, all subsequent at 50%.",8281,,,,,,,Case Rate,". MPL 100/50/25% all add ons apply, and lesser of 100% of billed charges",8281,,,,,,,Case Rate,". MPL 100/50/25% all add ons apply, and lesser of 100% of billed charges",2164.53,,,,,,,Case Rate,"100% Medicare OPPS FS. ",2164.53,,,,,,,Case Rate,"100% Medicare OPPS FS. ",2164.53,,,,,,,Case Rate,"100% Medicare OPPS FS. ",2164.53,,,,,,,Case Rate,"100% Medicare OPPS FS. ",8165.03,,,,,,,Case Rate,". MPL 100/50/25% all add ons apply, and lesser of 100% of billed charges",10351,,,,,,,Case Rate,". MPL 100/50/25% all add ons apply, and lesser of 100% of billed charges",10351,,,,,,,Case Rate,". MPL 100/50/25% all add ons apply, and lesser of 100% of billed charges",2164.53,,,,,,,Case Rate,"100% Medicare OPPS FS. ",8281,,,,,,,Case Rate,". MPL 100/50/25% all add ons apply, and lesser of 100% of billed charges",8427,,,,,,,Case Rate,". Primary procedure pays at 100%, all subsequent at 50%.",2335.84,,,,,,,Fee Schedule,"120 Percent of Medicaid APG. ",1946.53,,,,,,,Case Rate,"100 Percent of Medicaid APG. ",7163,,,,,,,Case Rate,". ",9316,,,,,,,Case Rate,". MPL 100/50/25% all add ons apply, and lesser of 100% of billed charges",9316,,,,,,,Case Rate,". MPL 100/50/25% all add ons apply, and lesser of 100% of billed charges",10351,,,,,,,Case Rate,". MPL 100/50/25% all add ons apply, and lesser of 100% of billed charges",14948,,,,,,,Case Rate,". MPL 100/75/50% all add ons apply, and lesser of 100% of billed charges",2164.53,,,,,,,Case Rate,"100%Medicare OPPS FS. ",2043.86,,,,,,,Fee Schedule,105 percent of Medicaid APG. otherwise 105% of Ordered NYS MCD FS or 105% of ASP+6%,2043.86,,,,,,,Fee Schedule,105 percent of Medicaid APG. otherwise 105% of Ordered NYS MCD FS or 105% of ASP+6%,2043.86,,,,,,,Fee Schedule,105 percent of Medicaid APG. otherwise 105% of Ordered NYS MCD FS or 105% of ASP+6%,2627.82,,,,,,,Fee Schedule,135 percent of Medicaid APG. otherwise 135% of Ordered NYS MCD FS or 135% of ASP+6%,8165.03,,,,,,,Case Rate,". MPL 100/50/25% all add ons apply, and lesser of 100% of billed charges",2043.86,,,,,,,Fee Schedule,105 percent of Medicaid APG. otherwise 105% of Ordered NYS MCD FS or 105% of ASP+6%,2043.86,,,,,,,Fee Schedule,105 percent of Medicaid APG. otherwise 105% of Ordered NYS MCD FS or 105% of ASP+6%,2043.86,,,,,,,Fee Schedule,105 percent of Medicaid APG. otherwise 105% of Ordered NYS MCD FS or 105% of ASP+6%,2043.86,,,,,,,Fee Schedule,105 percent of Medicaid APG. otherwise 105% of Ordered NYS MCD FS or 105% of ASP+6%,2043.86,,,,,,,Fee Schedule,105 percent of Medicaid APG. otherwise 105% of Ordered NYS MCD FS or 105% of ASP+6%,2627.82,,,,,,,Fee Schedule,135 percent of Medicaid APG. otherwise 135% of Ordered NYS MCD FS or 135% of ASP+6%,2627.82,,,,,,,Fee Schedule,135 percent of Medicaid APG. otherwise 135% of Ordered NYS MCD FS or 135% of ASP+6%,2164.53,,,,,,,Case Rate,"100% Medicare OPPS FS. ",8165.03,,,,,,,Case Rate,". MPL 100/50/25% all add ons apply, and lesser of 100% of billed charges",2164.53,,,,,,,Case Rate,"100% Medicare OPPS FS. ",2043.86,,,,,,,Fee Schedule,105 percent of Medicaid APG. otherwise 105% of Ordered NYS MCD FS or 105% of ASP+6%,10351,,,,,,,Case Rate,". MPL 100/50/25% all add ons apply, and lesser of 100% of billed charges",2164.53,,,,,,,Case Rate,"100% Medicare OPPS FS. ",10351,,,,,,,Case Rate,". MPL 100/50/25% all add ons apply, and lesser of 100% of billed charges",10351,,,,,,,Case Rate,". MPL 100/50/25% all add ons apply, and lesser of 100% of billed charges",10351,,,,,,,Case Rate,". MPL 100/50/25% all add ons apply, and lesser of 100% of billed charges",2043.86,,,,,,,Fee Schedule,105 percent of Medicaid APG. otherwise 105% of Ordered NYS MCD FS or 105% of ASP+6%,2164.53,,,,,,,Case Rate,"100% Medicare OPPS FS. ",10351,,,,,,,Case Rate,". MPL 100/50/25% all add ons apply, and lesser of 100% of billed charges",2627.82,,,,,,,Fee Schedule,135 percent of Medicaid APG. otherwise 135% of Ordered NYS MCD FS or 135% of ASP+6%,10351,,,,,,,Case Rate,". MPL 100/50/25% all add ons apply, and lesser of 100% of billed charges",,200,,,,,0,Case Rate,200% of Medicare OPPS. ; No services were performed during the 15 month look back period.,2164.53,,,,,,,Case Rate,"100%Medicare OPPS FS. ",7163,,,,,,,Case Rate,". ",7163,,,,,,,Case Rate,". ",7163,,,,,,,Case Rate,". ",7163,,,,,,,Case Rate,". ",7163,,,,,,,Case Rate,". ",8427,,,,,,,Case Rate,". Primary procedure pays at 100%, all subsequent at 50%.",8427,,,,,,,Case Rate,". Primary procedure pays at 100%, all subsequent at 50%.",7163,,,,,,,Case Rate,". ",7163,,,,,,,Case Rate,". ",7163,,,,,,,Case Rate,". ",7163,,,,,,,Case Rate,". ",7163,,,,,,,Case Rate,". ",2164.53,,,,,,,Case Rate,"100% Medicare OPPS FS. ",8427,,,,,,,Case Rate,". Primary procedure pays at 100%, all subsequent at 50%.",2164.53,,,,,,,Case Rate,"100% Medicare OPPS FS. ",4379.7,,,,,,,Case Rate,"225 Percent of Medicaid APG. If not included in Medicaid APG, then 100 Percent of Manhattan Medicare",1946.53,,,,,,,Case Rate,"100 Percent of Medicaid APG. ",8165.03,,,,,,,Case Rate,". MPL 100/50/25% all add ons apply, and lesser of 100% of billed charges",8165.03,,,,,,,Case Rate,". MPL 100/50/25% all add ons apply, and lesser of 100% of billed charges",2164.53,,,,,,,Case Rate,"100% Medicare OPPS FS. ",12574,,,,,,,Case Rate,". Primary procedure pays at 100%, all subsequent at 50%.",2164.53,,,,,,,Case Rate,"100% Medicare OPPS FS. ",2164.53,,,,,,,Case Rate,"100% Medicare OPPS FS. ",8442,,,,,,,Case Rate,". Primary procedure pays at 100%, secondary at 50%, all subsequent at 25%.  Lesser of applies when negotiated rates exceed charges less addons.",2164.53,,,,,,,Case Rate,"100% Medicare OPPS FS. ",6487,,,,,,,Case Rate,". MPL 100/50/25% maxmium of 3 procedures. All add ons apply, and lesser of 100% of billed charges",2164.53,,,,,,,Case Rate,"100% Medicare OPPS FS. ",6487,,,,,,,Case Rate,". MPL 100/50/25% maxmium of 3 procedures. All add ons apply, and lesser of 100% of billed charges",8442,,,,,,,Case Rate,". Primary procedure pays at 100%, secondary at 50%, all subsequent at 25%.  Lesser of applies when negotiated rates exceed charges less addons.",6487,,,,,,,Case Rate,". MPL 100/50/25% maxmium of 3 procedures. All add ons apply, and lesser of 100% of billed charges",2164.53,,,,,,,Case Rate,"100% Medicare OPPS FS. ",1946.53,,,,,,,Case Rate,"100 Percent of Medicaid APG. ",2164.53,,,,,,,Case Rate,"100% Medicare OPPS FS. ",6487,,,,,,,Case Rate,". MPL 100/50/25% maxmium of 3 procedures. All add ons apply, and lesser of 100% of billed charges",8165.03,,,,,,,Case Rate,". MPL 100/50/25% all add ons apply, and lesser of 100% of billed charges",1946.53,,,,,,,Case Rate,"100 Percent of Medicaid APG. ",10351,,,,,,,Case Rate,". MPL 100/50/25% all add ons apply, and lesser of 100% of billed charges",2335.84,,,,,,,Fee Schedule,"120 Percent of Medicaid APG. ",2335.84,,,,,,,Fee Schedule,"120 Percent of Medicaid APG. ",10351,,,,,,,Case Rate,". MPL 100/50/25% all add ons apply, and lesser of 100% of billed charges",10351,,,,,,,Case Rate,". MPL 100/50/25% all add ons apply, and lesser of 100% of billed charges",10351,,,,,,,Case Rate,". MPL 100/50/25% all add ons apply, and lesser of 100% of billed charges",8165.03,,,,,,,Case Rate,". MPL 100/50/25% all add ons apply, and lesser of 100% of billed charges",10351,,,,,,,Case Rate,". MPL 100/50/25% all add ons apply, and lesser of 100% of billed charges",10351,,,,,,,Case Rate,". MPL 100/50/25% all add ons apply, and lesser of 100% of billed charges",10351,,,,,,,Case Rate,". MPL 100/50/25% all add ons apply, and lesser of 100% of billed charges",7163,,,,,,,Case Rate,". ",7163,,,,,,,Case Rate,". ",4285.77,,,,,,,Case Rate,198 Percent of Medicare OPPS. Metroplus will reimburse unlisted codes and described codes with no Medicare rate at 50 percent of charges.,1946.53,,,,,,,Case Rate,"100 Percent of Medicaid APG. ",8165.03,,,,,,,Case Rate,". MPL 100/50/25% all add ons apply, and lesser of 100% of billed charges",6487,,,,,,,Case Rate,". MPL 100/50/25% maxmium of 3 procedures. All add ons apply, and lesser of 100% of billed charges",8442,,,,,,,Case Rate,". Primary procedure pays at 100%, secondary at 50%, all subsequent at 25%.  Lesser of applies when negotiated rates exceed charges less addons.",8165.03,,,,,,,Case Rate,". MPL 100/50/25% all add ons apply, and lesser of 100% of billed charges",8442,,,,,,,Case Rate,". Primary procedure pays at 100%, secondary at 50%, all subsequent at 25%.  Lesser of applies when negotiated rates exceed charges less addons.",8165.03,,,,,,,Case Rate,". MPL 100/50/25% all add ons apply, and lesser of 100% of billed charges",10351,,,,,,,Case Rate,". MPL 100/50/25% all add ons apply, and lesser of 100% of billed charges",10351,,,,,,,Case Rate,". MPL 100/50/25% all add ons apply, and lesser of 100% of billed charges",10351,,,,,,,Case Rate,". MPL 100/50/25% all add ons apply, and lesser of 100% of billed charges",10351,,,,,,,Case Rate,". MPL 100/50/25% all add ons apply, and lesser of 100% of billed charges",2164.53,,,,,,,Case Rate,"100% Medicare OPPS FS. ",908.68,25798,
15272,CPT,2023088,LOCAL,361,RC,HC SKIN SUB GRAFT T/A/L ADD-ON,442.05,83.9895,both,,,,3681,,,,,,,Case Rate,". MPL 1st 100% of Payment Rate 50% of all others, all add ons apply, and lesser of 100% of billed charges.",3681,,,,,,,Case Rate,". MPL 1st 100% of Payment Rate 50% of all others, all add ons apply, and lesser of 100% of billed charges.",6593,,,,,,,Case Rate,". Primary procedure pays at 100%, secondary at 50%, all subsequent at 25%.  Lesser of applies when negotiated rates exceed charges less addons.",442.05,100,,,,,0,percent of total billed charges,100 percent of billed charges. ; No services were performed during the 15 month look back period.,,,,,,,,Other,"Not Payable. ",6593,,,,,,,Case Rate,". Primary procedure pays at 100%, secondary at 50%, all subsequent at 25%.  Lesser of applies when negotiated rates exceed charges less addons.",6593,,,,,,,Case Rate,". Primary procedure pays at 100%, secondary at 50%, all subsequent at 25%.  Lesser of applies when negotiated rates exceed charges less addons.",6593,,,,,,,Case Rate,". Primary procedure pays at 100%, secondary at 50%, all subsequent at 25%.  Lesser of applies when negotiated rates exceed charges less addons.",2335.84,,,,,,,Case Rate,"100 Percent of Medicaid APG. ",1946.53,,,,,,,Case Rate,"100 Percent of Medicaid APG. ",344.799,78,,,,,0,percent of total billed charges,78% of Billed Charges. Lesser of 100% of billed charges applies.; No services were performed during the 15 month look back period.,4923.38,,,,,,,Case Rate,". MPL 100/50/25% all add ons apply, and lesser of 100% of billed charges",1946.53,,,,,,,Case Rate,"100 Percent of Medicaid APG. ",,,,,,,,Other,"Not Payable. ",6487,,,,,,,Case Rate,". MPL 100/50/25% maxmium of 3 procedures. All add ons apply, and lesser of 100% of billed charges",6487,,,,,,,Case Rate,". MPL 100/50/25% maxmium of 3 procedures. All add ons apply, and lesser of 100% of billed charges",6487,,,,,,,Case Rate,". MPL 100/50/25% maxmium of 3 procedures. All add ons apply, and lesser of 100% of billed charges",6487,,,,,,,Case Rate,". MPL 100/50/25% maxmium of 3 procedures. All add ons apply, and lesser of 100% of billed charges",1946.53,,,,,,,Case rate,124 Percent of Medicaid APG. Covered services not payable under Medicaid Fee Schedules default to a payment of 50 percent of charges.,,,,,,,,Other,"Not Payable. ",1946.53,,,,,,,Case rate,124 Percent of Medicaid APG. Covered services not payable under Medicaid Fee Schedules default to a payment of 50 percent of charges.,344.799,78,,,,,0,percent of total billed charges,78% of Billed Charges. Lesser of 100% of billed charges applies.; No services were performed during the 15 month look back period.,6593,,,,,,,Case Rate,". Primary procedure pays at 100%, secondary at 50%, all subsequent at 25%.  Lesser of applies when negotiated rates exceed charges less addons.",,,,,,,,Other,"Not Payable. ",8427,,,,,,,Case Rate,". Primary procedure pays at 100%, all subsequent at 50%.",,,,,,,,Other,"Not Payable. ",,,,,,,,Other,"Not Payable. ",344.799,78,,,,,0,percent of total billed charges,78% of Billed Charges. Lesser of 100% of billed charges applies.; No services were performed during the 15 month look back period.,55.12,,,,,,,Case Rate,100% of PAS. Lesser of 100% of billed charges applies.,55.12,,,,,,,Case Rate,100% of PAS. Lesser of 100% of billed charges applies.,1946.53,,,,,,,Case rate,"100 Percent of Medicaid APG. ",1946.53,,,,,,,Case rate,"100 Percent of Medicaid APG. ",8427,,,,,,,Case Rate,". Primary procedure pays at 100%, all subsequent at 50%.",8427,,,,,,,Case Rate,". Primary procedure pays at 100%, all subsequent at 50%.",1946.53,,,,,,,Case Rate,"100 Percent of Medicaid APG. Not APG payable, or payable under another fee schedule like ASP/AWP pays at 30% of charges",8427,,,,,,,Case Rate,". Primary procedure pays at 100%, all subsequent at 50%.",1946.53,,,,,,,Case Rate,"100 Percent of Medicaid APG. Not APG payable, or payable under another fee schedule like ASP/AWP pays at 30% of charges",,,,,,,,Other,"Not Payable. ",8427,,,,,,,Case Rate,". Primary procedure pays at 100%, all subsequent at 50%.",344.799,78,,,,,0,percent of total billed charges,78% of Billed Charges. Lesser of 100% of billed charges applies.; No services were performed during the 15 month look back period.,1946.53,,,,,,,Case Rate,"100 Percent of Medicaid APG. ",1946.53,,,,,,,Case Rate,"100 Percent of Medicaid APG. ",344.799,78,,,,,0,percent of total billed charges,78% of Billed Charges. Lesser of 100% of billed charges applies.; No services were performed during the 15 month look back period.,6487,,,,,,,Case Rate,". MPL 100/50/25% maxmium of 3 procedures. All add ons apply, and lesser of 100% of billed charges",4500,,,,,,,Case Rate,". MPL 100/50/25% all add ons apply, and lesser of 100% of billed charges",4500,,,,,,,Case Rate,". MPL 100/50/25% all add ons apply, and lesser of 100% of billed charges",344.799,78,,,,,0,percent of total billed charges,78% of Billed Charges. Lesser of 100% of billed charges applies.; No services were performed during the 15 month look back period.,,,,,,,,Other,"Not Payable. ",4923.38,,,,,,,Case Rate,". MPL 100/50/25% all add ons apply, and lesser of 100% of billed charges",4923.38,,,,,,,Case Rate,". MPL 100/50/25% all add ons apply, and lesser of 100% of billed charges",4923.38,,,,,,,Case Rate,". MPL 100/50/25% all add ons apply, and lesser of 100% of billed charges",,,,,,,,Other,"Not Payable. ",4923.38,,,,,,,Case Rate,". MPL 100/50/25% all add ons apply, and lesser of 100% of billed charges",4923.38,,,,,,,Case Rate,". MPL 100/50/25% all add ons apply, and lesser of 100% of billed charges",,,,,,,,Other,"Not Payable. ",25798,,,,,,,Case Rate,". MPL 100/75/50% all add ons apply, and lesser of 100% of billed charges",4100,,,,,,,Case Rate,". MPL 100/50/25% all add ons apply, and lesser of 100% of billed charges",4100,,,,,,,Case Rate,". MPL 100/50/25% all add ons apply, and lesser of 100% of billed charges",4100,,,,,,,Case Rate,". MPL 100/50/25% all add ons apply, and lesser of 100% of billed charges",4100,,,,,,,Case Rate,". MPL 100/50/25% all add ons apply, and lesser of 100% of billed charges",4100,,,,,,,Case Rate,". MPL 100/50/25% all add ons apply, and lesser of 100% of billed charges",4100,,,,,,,Case Rate,". MPL 100/50/25% all add ons apply, and lesser of 100% of billed charges",,,,,,,,Other,"Not Payable. ",,,,,,,,Other,"Not Payable. ",4100,,,,,,,Case Rate,". MPL 100/50/25% all add ons apply, and lesser of 100% of billed charges",344.799,78,,,,,0,percent of total billed charges,78% of Billed Charges. Lesser of 100% of billed charges applies.; No services were performed during the 15 month look back period.,344.799,78,,,,,0,percent of total billed charges,78% of Billed Charges. Lesser of 100% of billed charges applies.; No services were performed during the 15 month look back period.,344.799,78,,,,,0,percent of total billed charges,78% of Billed Charges. Lesser of 100% of billed charges applies.; No services were performed during the 15 month look back period.,344.799,78,,,,,0,percent of total billed charges,78% of Billed Charges. Lesser of 100% of billed charges applies.; No services were performed during the 15 month look back period.,344.799,78,,,,,0,percent of total billed charges,78% of Billed Charges. Lesser of 100% of billed charges applies.; No services were performed during the 15 month look back period.,344.799,78,,,,,0,percent of total billed charges,78% of Billed Charges. Lesser of 100% of billed charges applies.; No services were performed during the 15 month look back period.,344.799,78,,,,,0,percent of total billed charges,78% of Billed Charges. Lesser of 100% of billed charges applies.; No services were performed during the 15 month look back period.,344.799,78,,,,,0,percent of total billed charges,78% of Billed Charges. Lesser of 100% of billed charges applies.; No services were performed during the 15 month look back period.,344.799,78,,,,,0,percent of total billed charges,78% of Billed Charges. Lesser of 100% of billed charges applies.; No services were performed during the 15 month look back period.,344.799,78,,,,,0,percent of total billed charges,78% of Billed Charges. Lesser of 100% of billed charges applies.; No services were performed during the 15 month look back period.,344.799,78,,,,,0,percent of total billed charges,78% of Billed Charges. Lesser of 100% of billed charges applies.; No services were performed during the 15 month look back period.,344.799,78,,,,,0,percent of total billed charges,78% of Billed Charges. Lesser of 100% of billed charges applies.; No services were performed during the 15 month look back period.,344.799,78,,,,,0,percent of total billed charges,78% of Billed Charges. Lesser of 100% of billed charges applies.; No services were performed during the 15 month look back period.,344.799,78,,,,,0,percent of total billed charges,78% of Billed Charges. Lesser of 100% of billed charges applies.; No services were performed during the 15 month look back period.,344.799,78,,,,,0,percent of total billed charges,78% of Billed Charges. Lesser of 100% of billed charges applies.; No services were performed during the 15 month look back period.,344.799,78,,,,,0,percent of total billed charges,78% of Billed Charges. Lesser of 100% of billed charges applies.; No services were performed during the 15 month look back period.,344.799,78,,,,,0,percent of total billed charges,78% of Billed Charges. Lesser of 100% of billed charges applies.; No services were performed during the 15 month look back period.,344.799,78,,,,,0,percent of total billed charges,78% of Billed Charges. Lesser of 100% of billed charges applies.; No services were performed during the 15 month look back period.,344.799,78,,,,,0,percent of total billed charges,78% of Billed Charges. Lesser of 100% of billed charges applies.; No services were performed during the 15 month look back period.,344.799,78,,,,,0,percent of total billed charges,78% of Billed Charges. Lesser of 100% of billed charges applies.; No services were performed during the 15 month look back period.,344.799,78,,,,,0,percent of total billed charges,78% of Billed Charges. Lesser of 100% of billed charges applies.; No services were performed during the 15 month look back period.,344.799,78,,,,,0,percent of total billed charges,78% of Billed Charges. Lesser of 100% of billed charges applies.; No services were performed during the 15 month look back period.,344.799,78,,,,,0,percent of total billed charges,78% of Billed Charges. Lesser of 100% of billed charges applies.; No services were performed during the 15 month look back period.,344.799,78,,,,,0,percent of total billed charges,78% of Billed Charges. Lesser of 100% of billed charges applies.; No services were performed during the 15 month look back period.,344.799,78,,,,,0,percent of total billed charges,78% of Billed Charges. Lesser of 100% of billed charges applies.; No services were performed during the 15 month look back period.,344.799,78,,,,,0,percent of total billed charges,78% of Billed Charges. Lesser of 100% of billed charges applies.; No services were performed during the 15 month look back period.,8427,,,,,,,Case Rate,". Primary procedure pays at 100%, all subsequent at 50%.",8427,,,,,,,Case Rate,". Primary procedure pays at 100%, all subsequent at 50%.",8427,,,,,,,Case Rate,". Primary procedure pays at 100%, all subsequent at 50%.",8427,,,,,,,Case Rate,". Primary procedure pays at 100%, all subsequent at 50%.",12574,,,,,,,Case Rate,". Primary procedure pays at 100%, all subsequent at 50%.",12574,,,,,,,Case Rate,". Primary procedure pays at 100%, all subsequent at 50%.",6487,,,,,,,Case Rate,". MPL 100/50/25% maxmium of 3 procedures. All add ons apply, and lesser of 100% of billed charges",4100,,,,,,,Case Rate,". MPL 100/50/25% all add ons apply, and lesser of 100% of billed charges",4923.38,,,,,,,Case Rate,". MPL 100/50/25% all add ons apply, and lesser of 100% of billed charges",4100,,,,,,,Case Rate,". MPL 100/50/25% all add ons apply, and lesser of 100% of billed charges",344.799,78,,,,,0,percent of total billed charges,78% of Billed Charges. Lesser of 100% of billed charges applies.; No services were performed during the 15 month look back period.,12574,,,,,,,Case Rate,". Primary procedure pays at 100%, all subsequent at 50%.",4100,,,,,,,Case Rate,". MPL 100/50/25% all add ons apply, and lesser of 100% of billed charges",4923.38,,,,,,,Case Rate,". MPL 100/50/25% all add ons apply, and lesser of 100% of billed charges",6487,,,,,,,Case Rate,". MPL 100/50/25% maxmium of 3 procedures. All add ons apply, and lesser of 100% of billed charges",,,,,,,,,"NA. ",344.799,78,,,,,0,percent of total billed charges,78% of Billed Charges. Lesser of 100% of billed charges applies.; No services were performed during the 15 month look back period.,1946.53,,,,,,,Case Rate,"100 Percent of Medicaid APG. ",8427,,,,,,,Case Rate,". Primary procedure pays at 100%, all subsequent at 50%.",1946.53,,,,,,,Case Rate,"100 Percent of Medicaid APG. Not APG payable, or payable under another fee schedule like ASP/AWP pays at 30% of charges",,,,,,,,Other,"Not Payable. ",,,,,,,,Other,"Not Payable. ",25798,,,,,,,Case Rate,". MPL 100/75/50% all add ons apply, and lesser of 100% of billed charges",,,,,,,,Other,"Not Payable. ",,,,,,,,Other,"Not Payable. ",1946.53,,,,,,,Case Rate,"100 Percent of Medicaid APG. ",,,,,,,,Other,"Not Payable. ",,,,,,,,Other,"Not Payable. ",6593,,,,,,,Case Rate,". Primary procedure pays at 100%, secondary at 50%, all subsequent at 25%.  Lesser of applies when negotiated rates exceed charges less addons.",6593,,,,,,,Case Rate,". Primary procedure pays at 100%, secondary at 50%, all subsequent at 25%.  Lesser of applies when negotiated rates exceed charges less addons.",,,,,,,,Other,"Not Payable. ",6487,,,,,,,Case Rate,". MPL 100/50/25% maxmium of 3 procedures. All add ons apply, and lesser of 100% of billed charges",4923.38,,,,,,,Case Rate,". MPL 100/50/25% all add ons apply, and lesser of 100% of billed charges",4923.38,,,,,,,Case Rate,". MPL 100/50/25% all add ons apply, and lesser of 100% of billed charges",,,,,,,,Other,"Not Payable. ",6487,,,,,,,Case Rate,". MPL 100/50/25% maxmium of 3 procedures. All add ons apply, and lesser of 100% of billed charges",6593,,,,,,,Case Rate,". Primary procedure pays at 100%, secondary at 50%, all subsequent at 25%.  Lesser of applies when negotiated rates exceed charges less addons.",6593,,,,,,,Case Rate,". Primary procedure pays at 100%, secondary at 50%, all subsequent at 25%.  Lesser of applies when negotiated rates exceed charges less addons.",6593,,,,,,,Case Rate,". Primary procedure pays at 100%, secondary at 50%, all subsequent at 25%.  Lesser of applies when negotiated rates exceed charges less addons.",344.799,78,,,,,0,percent of total billed charges,78% of Billed Charges. Lesser of 100% of billed charges applies.; No services were performed during the 15 month look back period.,344.799,78,,,,,0,percent of total billed charges,78% of Billed Charges. Lesser of 100% of billed charges applies.; No services were performed during the 15 month look back period.,344.799,78,,,,,0,percent of total billed charges,78% of Billed Charges. Lesser of 100% of billed charges applies.; No services were performed during the 15 month look back period.,344.799,78,,,,,0,percent of total billed charges,78% of Billed Charges. Lesser of 100% of billed charges applies.; No services were performed during the 15 month look back period.,344.799,78,,,,,0,percent of total billed charges,78% of Billed Charges. Lesser of 100% of billed charges applies.; No services were performed during the 15 month look back period.,344.799,78,,,,,0,percent of total billed charges,78% of Billed Charges. Lesser of 100% of billed charges applies.; No services were performed during the 15 month look back period.,344.799,78,,,,,0,percent of total billed charges,78% of Billed Charges. Lesser of 100% of billed charges applies.; No services were performed during the 15 month look back period.,344.799,78,,,,,0,percent of total billed charges,78% of Billed Charges. Lesser of 100% of billed charges applies.; No services were performed during the 15 month look back period.,344.799,78,,,,,0,percent of total billed charges,78% of Billed Charges. Lesser of 100% of billed charges applies.; No services were performed during the 15 month look back period.,344.799,78,,,,,0,percent of total billed charges,78% of Billed Charges. Lesser of 100% of billed charges applies.; No services were performed during the 15 month look back period.,344.799,78,,,,,0,percent of total billed charges,78% of Billed Charges. Lesser of 100% of billed charges applies.; No services were performed during the 15 month look back period.,12574,,,,,,,Case Rate,". Primary procedure pays at 100%, all subsequent at 50%.",4100,,,,,,,Case Rate,". MPL 100/50/25% all add ons apply, and lesser of 100% of billed charges",6487,,,,,,,Case Rate,". MPL 100/50/25% maxmium of 3 procedures. All add ons apply, and lesser of 100% of billed charges",,,,,,,,Other,"Not Payable. ",6593,,,,,,,Case Rate,". Primary procedure pays at 100%, secondary at 50%, all subsequent at 25%.  Lesser of applies when negotiated rates exceed charges less addons.",6487,,,,,,,Case Rate,". MPL 100/50/25% maxmium of 3 procedures. All add ons apply, and lesser of 100% of billed charges",6487,,,,,,,Case Rate,". MPL 100/50/25% maxmium of 3 procedures. All add ons apply, and lesser of 100% of billed charges",344.799,78,,,,,0,percent of total billed charges,78% of Billed Charges. Lesser of 100% of billed charges applies.; No services were performed during the 15 month look back period.,4165.58,,,,,,,Case Rate,"214 Percent of Medicaid APG. Drugs not priced under APG, billed with revenue code 636 and not priced by Medicare ASP FeeSched will be reimbursed at 20% of charges.",6487,,,,,,,Case Rate,". MPL 100/50/25% maxmium of 3 procedures. All add ons apply, and lesser of 100% of billed charges",1946.53,,,,,,,Case Rate,"100 Percent of Medicaid APG. ",,,,,,,,Other,"Not Payable. ",,,,,,,,Other,"Not Payable. ",,,,,,,,Other,"Not Payable. ",,,,,,,,Other,"Not Payable. ",,,,,,,,Other,"Not Payable. ",,,,,,,,Other,"Not Payable. ",6487,,,,,,,Case Rate,". MPL 100/50/25% maxmium of 3 procedures. All add ons apply, and lesser of 100% of billed charges",25798,,,,,,,Case Rate,". MPL 100/75/50% all add ons apply, and lesser of 100% of billed charges",3503.76,,,,,,,Fee Schedule,"180 Percent of Medicaid APG. ",3503.76,,,,,,,Fee Schedule,"180 Percent of Medicaid APG. ",3503.76,,,,,,,Fee Schedule,"180 Percent of Medicaid APG. ",3503.76,,,,,,,Fee Schedule,"180 Percent of Medicaid APG. ",3503.76,,,,,,,Fee Schedule,"180 Percent of Medicaid APG. ",,,,,,,,,"NA. ",25798,,,,,,,Case Rate,". MPL 100/75/50% all add ons apply, and lesser of 100% of billed charges",,,,,,,,Fee Schedule,"Not Payable. ",,,,,,,,Fee Schedule,"Not Payable. ",,,,,,,,Fee Schedule,"Not Payable. ",,,,,,,,Fee Schedule,"Not Payable. ",,,,,,,,Fee Schedule,"Not Payable. ",,,,,,,,Other,"Not Payable. ",12574,,,,,,,Case Rate,". Primary procedure pays at 100%, all subsequent at 50%.",12574,,,,,,,Case Rate,". Primary procedure pays at 100%, all subsequent at 50%.",12574,,,,,,,Case Rate,". Primary procedure pays at 100%, all subsequent at 50%.",12574,,,,,,,Case Rate,". Primary procedure pays at 100%, all subsequent at 50%.",6593,,,,,,,Case Rate,". Primary procedure pays at 100%, secondary at 50%, all subsequent at 25%.  Lesser of applies when negotiated rates exceed charges less addons.",6593,,,,,,,Case Rate,". Primary procedure pays at 100%, secondary at 50%, all subsequent at 25%.  Lesser of applies when negotiated rates exceed charges less addons.",6593,,,,,,,Case Rate,". Primary procedure pays at 100%, secondary at 50%, all subsequent at 25%.  Lesser of applies when negotiated rates exceed charges less addons.",6593,,,,,,,Case Rate,". Primary procedure pays at 100%, secondary at 50%, all subsequent at 25%.  Lesser of applies when negotiated rates exceed charges less addons.",25798,,,,,,,Case Rate,". MPL 100/75/50% all add ons apply, and lesser of 100% of billed charges",25798,,,,,,,Case Rate,". MPL 100/75/50% all add ons apply, and lesser of 100% of billed charges",,,,,,,,Other,"Not Payable. ",,,,,,,,Other,"Not Payable. ",,,,,,,,Other,"Not Payable. ",4100,,,,,,,Case Rate,". MPL 100/50/25% all add ons apply, and lesser of 100% of billed charges",4100,,,,,,,Case Rate,". MPL 100/50/25% all add ons apply, and lesser of 100% of billed charges",4100,,,,,,,Case Rate,". MPL 100/50/25% all add ons apply, and lesser of 100% of billed charges",25798,,,,,,,Case Rate,". MPL 100/75/50% all add ons apply, and lesser of 100% of billed charges",6593,,,,,,,Case Rate,". Primary procedure pays at 100%, secondary at 50%, all subsequent at 25%.  Lesser of applies when negotiated rates exceed charges less addons.",,,,,,,,Other,"Not Payable. ",4100,,,,,,,Case Rate,". MPL 100/50/25% all add ons apply, and lesser of 100% of billed charges",1946.53,,,,,,,Case Rate,"100 Percent of Medicaid APG. ",,,,,,,,Other,"Not Payable. ",,,,,,,,Other,"Not Payable. ",,,,,,,,Other,"Not Payable. ",1946.53,,,,,,,Case rate,"100 Percent of Medicaid APG. ",4379.7,,,,,,,Case Rate,225% of NYS APG. Lesser of 100% of billed charges applies.,4379.7,,,,,,,Case Rate,225% of NYS APG. Lesser of 100% of billed charges applies.,4379.7,,,,,,,Case Rate,225% of NYS APG. Lesser of 100% of billed charges applies.,4379.7,,,,,,,Case Rate,225% of NYS APG. Lesser of 100% of billed charges applies.,4379.7,,,,,,,Case Rate,225% of NYS APG. Lesser of 100% of billed charges applies.,,,,,,,,Other,"Not Payable. ",1946.53,,,,,,,Case Rate,"100 Percent of Medicaid APG. ",55.12,,,,,,,Case Rate,100% of PAS. Lesser of 100% of billed charges applies.,4379.7,,,,,,,Case Rate,225% of NYS APG. Lesser of 100% of billed charges applies.,4379.7,,,,,,,Case Rate,225% of NYS APG. Lesser of 100% of billed charges applies.,55.12,,,,,,,Case Rate,100% of PAS. Lesser of 100% of billed charges applies.,55.12,,,,,,,Case Rate,100% of PAS. Lesser of 100% of billed charges applies.,3503.76,,,,,,,Fee Schedule,"180 Percent of Medicaid APG. ",,,,,,,,Other,"Not Payable. ",,,,,,,,Other,"Not Payable. ",6593,,,,,,,Case Rate,". Primary procedure pays at 100%, secondary at 50%, all subsequent at 25%.  Lesser of applies when negotiated rates exceed charges less addons.",,,,,,,,Other,"Not Payable. ",4379.7,,,,,,,Case Rate,"225 Percent of Medicaid APG. ",4379.7,,,,,,,Case Rate,"225 Percent of Medicaid APG. ",1946.53,,,,,,,Case rate,"100 Percent of Medicaid APG. ",1946.53,,,,,,,Case rate,"100 Percent of Medicaid APG. ",4379.7,,,,,,,Case Rate,225 Percent of Medicaid APG. Covered services not payable under Medicaid Fee Schedules default to a payment of 87.5 percent of charges.,1946.53,,,,,,,Case rate,124 Percent of Medicaid APG. Covered services not payable under Medicaid Fee Schedules default to a payment of 50 percent of charges.,4379.7,,,,,,,Case Rate,"100 Percent of Medicaid APG. ",4379.7,,,,,,,Case Rate,"100 Percent of Medicaid APG. ",4379.7,,,,,,,Case Rate,"100 Percent of Medicaid APG. ",4379.7,,,,,,,Case Rate,"100 Percent of Medicaid APG. ",13453,,,,,,,Case Rate,". MPL 100/75/50% all add ons apply, and lesser of 100% of billed charges",25798,,,,,,,Case Rate,". MPL 100/75/50% all add ons apply, and lesser of 100% of billed charges",2335.84,,,,,,,Case Rate,"120 Percent of Medicaid APG. Not APG payable, or payable under another fee schedule like ASP/AWP pays at 30% of charges",2335.84,,,,,,,Case Rate,"120 Percent of Medicaid APG. Not APG payable, or payable under another fee schedule like ASP/AWP pays at 30% of charges",1946.53,,,,,,,Case Rate,"100 Percent of Medicaid APG. Not APG payable, or payable under another fee schedule like ASP/AWP pays at 30% of charges",1946.53,,,,,,,Case Rate,"100 Percent of Medicaid APG. Not APG payable, or payable under another fee schedule like ASP/AWP pays at 30% of charges",4100,,,,,,,Case Rate,". MPL 100/50/25% all add ons apply, and lesser of 100% of billed charges",4100,,,,,,,Case Rate,". MPL 100/50/25% all add ons apply, and lesser of 100% of billed charges",,,,,,,,Other,"Not Payable. ",4100,,,,,,,Case Rate,". MPL 100/50/25% all add ons apply, and lesser of 100% of billed charges",4100,,,,,,,Case Rate,". MPL 100/50/25% all add ons apply, and lesser of 100% of billed charges",4100,,,,,,,Case Rate,". MPL 100/50/25% all add ons apply, and lesser of 100% of billed charges",4100,,,,,,,Case Rate,". MPL 100/50/25% all add ons apply, and lesser of 100% of billed charges",,,,,,,,Other,"Not Payable. ",4100,,,,,,,Case Rate,". MPL 100/50/25% all add ons apply, and lesser of 100% of billed charges",4100,,,,,,,Case Rate,". MPL 100/50/25% all add ons apply, and lesser of 100% of billed charges",6593,,,,,,,Case Rate,". Primary procedure pays at 100%, secondary at 50%, all subsequent at 25%.  Lesser of applies when negotiated rates exceed charges less addons.",1946.53,,,,,,,Fee Schedule,100% APG. Lesser of 100% of billed charges applies.,1946.53,,,,,,,Case rate,124 Percent of Medicaid APG. Covered services not payable under Medicaid Fee Schedules default to a payment of 50 percent of charges.,4379.7,,,,,,,Case Rate,225% of NYS APG. Lesser of 100% of billed charges applies.,4379.7,,,,,,,Case Rate,225 Percent of Medicaid APG. Covered services not payable under Medicaid Fee Schedules default to a payment of 87.5 percent of charges.,1946.53,,,,,,,Case rate,124 Percent of Medicaid APG. Covered services not payable under Medicaid Fee Schedules default to a payment of 50 percent of charges.,4379.7,,,,,,,Case Rate,225% of NYS APG. Lesser of 100% of billed charges applies.,4379.7,,,,,,,Case Rate,225% of NYS APG. Lesser of 100% of billed charges applies.,4379.7,,,,,,,Case Rate,225% of NYS APG. Lesser of 100% of billed charges applies.,4379.7,,,,,,,Case Rate,225% of NYS APG. Lesser of 100% of billed charges applies.,4379.7,,,,,,,Case Rate,225% of NYS APG. Lesser of 100% of billed charges applies.,4379.7,,,,,,,Case Rate,225% of NYS APG. Lesser of 100% of billed charges applies.,,,,,,,,,"NA. ",,,,,,,,,"NA. ",,,,,,,,,"NA. ",6487,,,,,,,Case Rate,". MPL 100/50/25% maxmium of 3 procedures. All add ons apply, and lesser of 100% of billed charges",,,,,,,,,"NA. ",,,,,,,,Other,"Not Payable. ",3681,,,,,,,Case Rate,". MPL 1st 100% of Payment Rate 50% of all others, all add ons apply, and lesser of 100% of billed charges.",,,,,,,,Other,"Not Payable. ",,,,,,,,Other,"Not Payable. ",2335.84,,,,,,,Case Rate,"120 Percent of Medicaid APG. Not APG payable, or payable under another fee schedule like ASP/AWP pays at 30% of charges",2335.84,,,,,,,Case Rate,"120 Percent of Medicaid APG. Not APG payable, or payable under another fee schedule like ASP/AWP pays at 30% of charges",1946.53,,,,,,,Case Rate,"100 Percent of Medicaid APG. Not APG payable, or payable under another fee schedule like ASP/AWP pays at 30% of charges",1946.53,,,,,,,Case Rate,"100 Percent of Medicaid APG. Not APG payable, or payable under another fee schedule like ASP/AWP pays at 30% of charges",1946.53,,,,,,,Case Rate,"100 Percent of Medicaid APG. ",7163,,,,,,,Case Rate,". ",6593,,,,,,,Case Rate,". Primary procedure pays at 100%, secondary at 50%, all subsequent at 25%.  Lesser of applies when negotiated rates exceed charges less addons.",8427,,,,,,,Case Rate,". Primary procedure pays at 100%, all subsequent at 50%.",6487,,,,,,,Case Rate,". MPL 100/50/25% maxmium of 3 procedures. All add ons apply, and lesser of 100% of billed charges",,,,,,,,Other,"Not Payable. ",,,,,,,,Other,"Not Payable. ",,,,,,,,Other,"Not Payable. ",,,,,,,,Other,"Not Payable. ",,,,,,,,Other,"Not Payable. ",,,,,,,,Other,"Not Payable. ",,,,,,,,,"NA. ",4379.7,,,,,,,Case Rate,225% of NYS APG. Lesser of 100% of billed charges applies.,55.12,,,,,,,Case Rate,100% of PAS. Lesser of 100% of billed charges applies.,4100,,,,,,,Case Rate,". MPL 100/50/25% all add ons apply, and lesser of 100% of billed charges",7163,,,,,,,Case Rate,". ",7163,,,,,,,Case Rate,". ",7163,,,,,,,Case Rate,". ",7163,,,,,,,Case Rate,". ",,,,,,,,Other,"Not Payable. ",1946.53,,,,,,,Case Rate,"100 Percent of Medicaid APG. ",4100,,,,,,,Case Rate,". MPL 100/50/25% all add ons apply, and lesser of 100% of billed charges",1946.53,,,,,,,Case Rate,"100 Percent of Medicaid APG. ",,,,,,,,Other,"Not Payable. ",1946.53,,,,,,,Case Rate,"100 Percent of Medicaid APG. ",,,,,,,,Other,"Not Payable. ",,,,,,,,Other,"Not Payable. ",1946.53,,,,,,,Case Rate,"100 Percent of Medicaid APG. ",1946.53,,,,,,,Case Rate,"100 Percent of Medicaid APG. ",7163,,,,,,,Case Rate,". ",6487,,,,,,,Case Rate,". MPL 100/50/25% maxmium of 3 procedures. All add ons apply, and lesser of 100% of billed charges",344.799,78,,,,,0,percent of total billed charges,78% of Billed Charges. Lesser of 100% of billed charges applies.; No services were performed during the 15 month look back period.,4923.38,,,,,,,Case Rate,". MPL 100/50/25% all add ons apply, and lesser of 100% of billed charges",4923.38,,,,,,,Case Rate,". MPL 100/50/25% all add ons apply, and lesser of 100% of billed charges",6593,,,,,,,Case Rate,". Primary procedure pays at 100%, secondary at 50%, all subsequent at 25%.  Lesser of applies when negotiated rates exceed charges less addons.",18.05,,,,,,,Other,"Not Payable. ",12574,,,,,,,Case Rate,". Primary procedure pays at 100%, all subsequent at 50%.",12574,,,,,,,Case Rate,". Primary procedure pays at 100%, all subsequent at 50%.",3280,,,,,,,Case Rate,". MPL 100/50/25% all add ons apply, and lesser of 100% of billed charges",3280,,,,,,,Case Rate,". MPL 100/50/25% all add ons apply, and lesser of 100% of billed charges",,,,,,,,Other,"Not Payable. ",,,,,,,,Other,"Not Payable. ",,,,,,,,Other,"Not Payable. ",,,,,,,,Other,"Not Payable. ",4923.38,,,,,,,Case Rate,". MPL 100/50/25% all add ons apply, and lesser of 100% of billed charges",4100,,,,,,,Case Rate,". MPL 100/50/25% all add ons apply, and lesser of 100% of billed charges",4100,,,,,,,Case Rate,". MPL 100/50/25% all add ons apply, and lesser of 100% of billed charges",,,,,,,,Other,"Not Payable. ",3280,,,,,,,Case Rate,". MPL 100/50/25% all add ons apply, and lesser of 100% of billed charges",8427,,,,,,,Case Rate,". Primary procedure pays at 100%, all subsequent at 50%.",2335.84,,,,,,,Fee Schedule,"120 Percent of Medicaid APG. ",1946.53,,,,,,,Case Rate,"100 Percent of Medicaid APG. ",7163,,,,,,,Case Rate,". ",3690,,,,,,,Case Rate,". MPL 100/50/25% all add ons apply, and lesser of 100% of billed charges",3690,,,,,,,Case Rate,". MPL 100/50/25% all add ons apply, and lesser of 100% of billed charges",4100,,,,,,,Case Rate,". MPL 100/50/25% all add ons apply, and lesser of 100% of billed charges",14948,,,,,,,Case Rate,". MPL 100/75/50% all add ons apply, and lesser of 100% of billed charges",,,,,,,,Other,"Not Payable. ",2043.86,,,,,,,Fee Schedule,105 percent of Medicaid APG. otherwise 105% of Ordered NYS MCD FS or 105% of ASP+6%,2043.86,,,,,,,Fee Schedule,105 percent of Medicaid APG. otherwise 105% of Ordered NYS MCD FS or 105% of ASP+6%,2043.86,,,,,,,Fee Schedule,105 percent of Medicaid APG. otherwise 105% of Ordered NYS MCD FS or 105% of ASP+6%,2627.82,,,,,,,Fee Schedule,135 percent of Medicaid APG. otherwise 135% of Ordered NYS MCD FS or 135% of ASP+6%,4923.38,,,,,,,Case Rate,". MPL 100/50/25% all add ons apply, and lesser of 100% of billed charges",2043.86,,,,,,,Fee Schedule,105 percent of Medicaid APG. otherwise 105% of Ordered NYS MCD FS or 105% of ASP+6%,2043.86,,,,,,,Fee Schedule,105 percent of Medicaid APG. otherwise 105% of Ordered NYS MCD FS or 105% of ASP+6%,2043.86,,,,,,,Fee Schedule,105 percent of Medicaid APG. otherwise 105% of Ordered NYS MCD FS or 105% of ASP+6%,2043.86,,,,,,,Fee Schedule,105 percent of Medicaid APG. otherwise 105% of Ordered NYS MCD FS or 105% of ASP+6%,2043.86,,,,,,,Fee Schedule,105 percent of Medicaid APG. otherwise 105% of Ordered NYS MCD FS or 105% of ASP+6%,2627.82,,,,,,,Fee Schedule,135 percent of Medicaid APG. otherwise 135% of Ordered NYS MCD FS or 135% of ASP+6%,2627.82,,,,,,,Fee Schedule,135 percent of Medicaid APG. otherwise 135% of Ordered NYS MCD FS or 135% of ASP+6%,,,,,,,,Other,"Not Payable. ",4923.38,,,,,,,Case Rate,". MPL 100/50/25% all add ons apply, and lesser of 100% of billed charges",,,,,,,,Other,"Not Payable. ",2043.86,,,,,,,Fee Schedule,105 percent of Medicaid APG. otherwise 105% of Ordered NYS MCD FS or 105% of ASP+6%,4100,,,,,,,Case Rate,". MPL 100/50/25% all add ons apply, and lesser of 100% of billed charges",,,,,,,,Other,"Not Payable. ",4100,,,,,,,Case Rate,". MPL 100/50/25% all add ons apply, and lesser of 100% of billed charges",4100,,,,,,,Case Rate,". MPL 100/50/25% all add ons apply, and lesser of 100% of billed charges",4100,,,,,,,Case Rate,". MPL 100/50/25% all add ons apply, and lesser of 100% of billed charges",2043.86,,,,,,,Fee Schedule,105 percent of Medicaid APG. otherwise 105% of Ordered NYS MCD FS or 105% of ASP+6%,,,,,,,,Other,"Not Payable. ",4100,,,,,,,Case Rate,". MPL 100/50/25% all add ons apply, and lesser of 100% of billed charges",2627.82,,,,,,,Fee Schedule,135 percent of Medicaid APG. otherwise 135% of Ordered NYS MCD FS or 135% of ASP+6%,4100,,,,,,,Case Rate,". MPL 100/50/25% all add ons apply, and lesser of 100% of billed charges",,,,,,,,Other,"Not Payable. ",,,,,,,,Other,"Not Payable. ",7163,,,,,,,Case Rate,". ",7163,,,,,,,Case Rate,". ",7163,,,,,,,Case Rate,". ",7163,,,,,,,Case Rate,". ",7163,,,,,,,Case Rate,". ",8427,,,,,,,Case Rate,". Primary procedure pays at 100%, all subsequent at 50%.",8427,,,,,,,Case Rate,". Primary procedure pays at 100%, all subsequent at 50%.",7163,,,,,,,Case Rate,". ",7163,,,,,,,Case Rate,". ",7163,,,,,,,Case Rate,". ",7163,,,,,,,Case Rate,". ",7163,,,,,,,Case Rate,". ",,,,,,,,Other,"Not Payable. ",8427,,,,,,,Case Rate,". Primary procedure pays at 100%, all subsequent at 50%.",,,,,,,,Other,"Not Payable. ",4379.7,,,,,,,Case Rate,"225 Percent of Medicaid APG. If not included in Medicaid APG, then 100 Percent of Manhattan Medicare",1946.53,,,,,,,Case Rate,"100 Percent of Medicaid APG. ",4923.38,,,,,,,Case Rate,". MPL 100/50/25% all add ons apply, and lesser of 100% of billed charges",4923.38,,,,,,,Case Rate,". MPL 100/50/25% all add ons apply, and lesser of 100% of billed charges",,,,,,,,Other,"Not Payable. ",12574,,,,,,,Case Rate,". Primary procedure pays at 100%, all subsequent at 50%.",,,,,,,,Other,"Not Payable. ",,,,,,,,Other,"Not Payable. ",6593,,,,,,,Case Rate,". Primary procedure pays at 100%, secondary at 50%, all subsequent at 25%.  Lesser of applies when negotiated rates exceed charges less addons.",,,,,,,,Other,"Not Payable. ",6487,,,,,,,Case Rate,". MPL 100/50/25% maxmium of 3 procedures. All add ons apply, and lesser of 100% of billed charges",,,,,,,,Other,"Not Payable. ",6487,,,,,,,Case Rate,". MPL 100/50/25% maxmium of 3 procedures. All add ons apply, and lesser of 100% of billed charges",6593,,,,,,,Case Rate,". Primary procedure pays at 100%, secondary at 50%, all subsequent at 25%.  Lesser of applies when negotiated rates exceed charges less addons.",6487,,,,,,,Case Rate,". MPL 100/50/25% maxmium of 3 procedures. All add ons apply, and lesser of 100% of billed charges",,,,,,,,Other,"Not Payable. ",1946.53,,,,,,,Case Rate,"100 Percent of Medicaid APG. ",,,,,,,,Other,"Not Payable. ",6487,,,,,,,Case Rate,". MPL 100/50/25% maxmium of 3 procedures. All add ons apply, and lesser of 100% of billed charges",4923.38,,,,,,,Case Rate,". MPL 100/50/25% all add ons apply, and lesser of 100% of billed charges",1946.53,,,,,,,Case Rate,"100 Percent of Medicaid APG. ",4100,,,,,,,Case Rate,". MPL 100/50/25% all add ons apply, and lesser of 100% of billed charges",2335.84,,,,,,,Fee Schedule,"120 Percent of Medicaid APG. ",2335.84,,,,,,,Fee Schedule,"120 Percent of Medicaid APG. ",4100,,,,,,,Case Rate,". MPL 100/50/25% all add ons apply, and lesser of 100% of billed charges",4100,,,,,,,Case Rate,". MPL 100/50/25% all add ons apply, and lesser of 100% of billed charges",4100,,,,,,,Case Rate,". MPL 100/50/25% all add ons apply, and lesser of 100% of billed charges",4923.38,,,,,,,Case Rate,". MPL 100/50/25% all add ons apply, and lesser of 100% of billed charges",4100,,,,,,,Case Rate,". MPL 100/50/25% all add ons apply, and lesser of 100% of billed charges",4100,,,,,,,Case Rate,". MPL 100/50/25% all add ons apply, and lesser of 100% of billed charges",4100,,,,,,,Case Rate,". MPL 100/50/25% all add ons apply, and lesser of 100% of billed charges",7163,,,,,,,Case Rate,". ",7163,,,,,,,Case Rate,". ",,,,,,,,Fee Schedule,"Not Payable. ",1946.53,,,,,,,Case Rate,"100 Percent of Medicaid APG. ",4923.38,,,,,,,Case Rate,". MPL 100/50/25% all add ons apply, and lesser of 100% of billed charges",6487,,,,,,,Case Rate,". MPL 100/50/25% maxmium of 3 procedures. All add ons apply, and lesser of 100% of billed charges",6593,,,,,,,Case Rate,". Primary procedure pays at 100%, secondary at 50%, all subsequent at 25%.  Lesser of applies when negotiated rates exceed charges less addons.",4923.38,,,,,,,Case Rate,". MPL 100/50/25% all add ons apply, and lesser of 100% of billed charges",6593,,,,,,,Case Rate,". Primary procedure pays at 100%, secondary at 50%, all subsequent at 25%.  Lesser of applies when negotiated rates exceed charges less addons.",4923.38,,,,,,,Case Rate,". MPL 100/50/25% all add ons apply, and lesser of 100% of billed charges",4100,,,,,,,Case Rate,". MPL 100/50/25% all add ons apply, and lesser of 100% of billed charges",4100,,,,,,,Case Rate,". MPL 100/50/25% all add ons apply, and lesser of 100% of billed charges",4100,,,,,,,Case Rate,". MPL 100/50/25% all add ons apply, and lesser of 100% of billed charges",4100,,,,,,,Case Rate,". MPL 100/50/25% all add ons apply, and lesser of 100% of billed charges",,,,,,,,Other,"Not Payable. ",18.05,25798,
15730,CPT,,,490,RC,MDFC FLAP W/PRSRV VASC PEDCL,,,both,,,,3681,,,,,,,Case Rate,". MPL 1st 100% of Payment Rate 50% of all others, all add ons apply, and lesser of 100% of billed charges.",3681,,,,,,,Case Rate,". MPL 1st 100% of Payment Rate 50% of all others, all add ons apply, and lesser of 100% of billed charges.",10024,,,,,,,Case Rate,". Primary procedure pays at 100%, secondary at 50%, all subsequent at 25%.  Lesser of applies when negotiated rates exceed charges less addons.",,100,,,,,0,percent of total billed charges,100 percent of billed charges. ; No services were performed during the 15 month look back period.,4332.03,,,,,,,Case Rate,"100% Medicare OPPS FS. ",10024,,,,,,,Case Rate,". Primary procedure pays at 100%, secondary at 50%, all subsequent at 25%.  Lesser of applies when negotiated rates exceed charges less addons.",10024,,,,,,,Case Rate,". Primary procedure pays at 100%, secondary at 50%, all subsequent at 25%.  Lesser of applies when negotiated rates exceed charges less addons.",10024,,,,,,,Case Rate,". Primary procedure pays at 100%, secondary at 50%, all subsequent at 25%.  Lesser of applies when negotiated rates exceed charges less addons.",2335.84,,,,,,,Case Rate,"100 Percent of Medicaid APG. ",1946.53,,,,,,,Case Rate,"100 Percent of Medicaid APG. ",,78,,,,,0,percent of total billed charges,78% of Billed Charges. Lesser of 100% of billed charges applies.; No services were performed during the 15 month look back period.,10978.39,,,,,,,Case Rate,". MPL 100/50/25% all add ons apply, and lesser of 100% of billed charges",1946.53,,,,,,,Case Rate,"100 Percent of Medicaid APG. ",4332.03,,,,,,,Case Rate,"100% Medicare OPPS FS. ",6487,,,,,,,Case Rate,". MPL 100/50/25% maxmium of 3 procedures. All add ons apply, and lesser of 100% of billed charges",6487,,,,,,,Case Rate,". MPL 100/50/25% maxmium of 3 procedures. All add ons apply, and lesser of 100% of billed charges",6487,,,,,,,Case Rate,". MPL 100/50/25% maxmium of 3 procedures. All add ons apply, and lesser of 100% of billed charges",6487,,,,,,,Case Rate,". MPL 100/50/25% maxmium of 3 procedures. All add ons apply, and lesser of 100% of billed charges",1946.53,,,,,,,Case rate,124 Percent of Medicaid APG. Covered services not payable under Medicaid Fee Schedules default to a payment of 50 percent of charges.,4332.03,,,,,,,Case Rate,"100% Medicare OPPS FS. ",1946.53,,,,,,,Case rate,124 Percent of Medicaid APG. Covered services not payable under Medicaid Fee Schedules default to a payment of 50 percent of charges.,,78,,,,,0,percent of total billed charges,78% of Billed Charges. Lesser of 100% of billed charges applies.; No services were performed during the 15 month look back period.,10024,,,,,,,Case Rate,". Primary procedure pays at 100%, secondary at 50%, all subsequent at 25%.  Lesser of applies when negotiated rates exceed charges less addons.",4332.03,,,,,,,Case Rate,"100%Medicare OPPS FS. ",8427,,,,,,,Case Rate,". Primary procedure pays at 100%, all subsequent at 50%.",4332.03,,,,,,,Case Rate,"100%Medicare OPPS FS. ",4332.03,,,,,,,Case Rate,"100%Medicare OPPS FS. ",,78,,,,,0,percent of total billed charges,78% of Billed Charges. Lesser of 100% of billed charges applies.; No services were performed during the 15 month look back period.,1622.72,,,,,,,Case Rate,100% of PAS. Lesser of 100% of billed charges applies.,1622.72,,,,,,,Case Rate,100% of PAS. Lesser of 100% of billed charges applies.,1946.53,,,,,,,Case rate,"100 Percent of Medicaid APG. ",1946.53,,,,,,,Case rate,"100 Percent of Medicaid APG. ",8427,,,,,,,Case Rate,". Primary procedure pays at 100%, all subsequent at 50%.",8427,,,,,,,Case Rate,". Primary procedure pays at 100%, all subsequent at 50%.",1946.53,,,,,,,Case Rate,"100 Percent of Medicaid APG. Not APG payable, or payable under another fee schedule like ASP/AWP pays at 30% of charges",8427,,,,,,,Case Rate,". Primary procedure pays at 100%, all subsequent at 50%.",1946.53,,,,,,,Case Rate,"100 Percent of Medicaid APG. Not APG payable, or payable under another fee schedule like ASP/AWP pays at 30% of charges",4332.03,,,,,,,Case Rate,"100%Medicare OPPS FS. ",8427,,,,,,,Case Rate,". Primary procedure pays at 100%, all subsequent at 50%.",,78,,,,,0,percent of total billed charges,78% of Billed Charges. Lesser of 100% of billed charges applies.; No services were performed during the 15 month look back period.,1946.53,,,,,,,Case Rate,"100 Percent of Medicaid APG. ",1946.53,,,,,,,Case Rate,"100 Percent of Medicaid APG. ",,78,,,,,0,percent of total billed charges,78% of Billed Charges. Lesser of 100% of billed charges applies.; No services were performed during the 15 month look back period.,6487,,,,,,,Case Rate,". MPL 100/50/25% maxmium of 3 procedures. All add ons apply, and lesser of 100% of billed charges",9645,,,,,,,Case Rate,". MPL 100/50/25% all add ons apply, and lesser of 100% of billed charges",9645,,,,,,,Case Rate,". MPL 100/50/25% all add ons apply, and lesser of 100% of billed charges",,78,,,,,0,percent of total billed charges,78% of Billed Charges. Lesser of 100% of billed charges applies.; No services were performed during the 15 month look back period.,4332.03,,,,,,,Case Rate,"100% Medicare OPPS FS. ",10978.39,,,,,,,Case Rate,". MPL 100/50/25% all add ons apply, and lesser of 100% of billed charges",10978.39,,,,,,,Case Rate,". MPL 100/50/25% all add ons apply, and lesser of 100% of billed charges",10978.39,,,,,,,Case Rate,". MPL 100/50/25% all add ons apply, and lesser of 100% of billed charges",4332.03,,,,,,,Case Rate,"100% Medicare OPPS FS. ",10978.39,,,,,,,Case Rate,". MPL 100/50/25% all add ons apply, and lesser of 100% of billed charges",10978.39,,,,,,,Case Rate,". MPL 100/50/25% all add ons apply, and lesser of 100% of billed charges",4332.03,,,,,,,Case Rate,"100% of Medicare OPPS. ",25798,,,,,,,Case Rate,". MPL 100/75/50% all add ons apply, and lesser of 100% of billed charges",13586,,,,,,,Case Rate,". MPL 100/50/25% all add ons apply, and lesser of 100% of billed charges",13586,,,,,,,Case Rate,". MPL 100/50/25% all add ons apply, and lesser of 100% of billed charges",13586,,,,,,,Case Rate,". MPL 100/50/25% all add ons apply, and lesser of 100% of billed charges",13586,,,,,,,Case Rate,". MPL 100/50/25% all add ons apply, and lesser of 100% of billed charges",13586,,,,,,,Case Rate,". MPL 100/50/25% all add ons apply, and lesser of 100% of billed charges",13586,,,,,,,Case Rate,". MPL 100/50/25% all add ons apply, and lesser of 100% of billed charges",4332.03,,,,,,,Case Rate,"100% Medicare OPPS FS. ",4332.03,,,,,,,Case Rate,"100% Medicare OPPS FS. ",13586,,,,,,,Case Rate,". MPL 100/50/25% all add ons apply, and lesser of 100% of billed charges",,78,,,,,0,percent of total billed charges,78% of Billed Charges. Lesser of 100% of billed charges applies.; No services were performed during the 15 month look back period.,,78,,,,,0,percent of total billed charges,78% of Billed Charges. Lesser of 100% of billed charges applies.; No services were performed during the 15 month look back period.,,78,,,,,0,percent of total billed charges,78% of Billed Charges. Lesser of 100% of billed charges applies.; No services were performed during the 15 month look back period.,,78,,,,,0,percent of total billed charges,78% of Billed Charges. Lesser of 100% of billed charges applies.; No services were performed during the 15 month look back period.,,78,,,,,0,percent of total billed charges,78% of Billed Charges. Lesser of 100% of billed charges applies.; No services were performed during the 15 month look back period.,,78,,,,,0,percent of total billed charges,78% of Billed Charges. Lesser of 100% of billed charges applies.; No services were performed during the 15 month look back period.,,78,,,,,0,percent of total billed charges,78% of Billed Charges. Lesser of 100% of billed charges applies.; No services were performed during the 15 month look back period.,,78,,,,,0,percent of total billed charges,78% of Billed Charges. Lesser of 100% of billed charges applies.; No services were performed during the 15 month look back period.,,78,,,,,0,percent of total billed charges,78% of Billed Charges. Lesser of 100% of billed charges applies.; No services were performed during the 15 month look back period.,,78,,,,,0,percent of total billed charges,78% of Billed Charges. Lesser of 100% of billed charges applies.; No services were performed during the 15 month look back period.,,78,,,,,0,percent of total billed charges,78% of Billed Charges. Lesser of 100% of billed charges applies.; No services were performed during the 15 month look back period.,,78,,,,,0,percent of total billed charges,78% of Billed Charges. Lesser of 100% of billed charges applies.; No services were performed during the 15 month look back period.,,78,,,,,0,percent of total billed charges,78% of Billed Charges. Lesser of 100% of billed charges applies.; No services were performed during the 15 month look back period.,,78,,,,,0,percent of total billed charges,78% of Billed Charges. Lesser of 100% of billed charges applies.; No services were performed during the 15 month look back period.,,78,,,,,0,percent of total billed charges,78% of Billed Charges. Lesser of 100% of billed charges applies.; No services were performed during the 15 month look back period.,,78,,,,,0,percent of total billed charges,78% of Billed Charges. Lesser of 100% of billed charges applies.; No services were performed during the 15 month look back period.,,78,,,,,0,percent of total billed charges,78% of Billed Charges. Lesser of 100% of billed charges applies.; No services were performed during the 15 month look back period.,,78,,,,,0,percent of total billed charges,78% of Billed Charges. Lesser of 100% of billed charges applies.; No services were performed during the 15 month look back period.,,78,,,,,0,percent of total billed charges,78% of Billed Charges. Lesser of 100% of billed charges applies.; No services were performed during the 15 month look back period.,,78,,,,,0,percent of total billed charges,78% of Billed Charges. Lesser of 100% of billed charges applies.; No services were performed during the 15 month look back period.,,78,,,,,0,percent of total billed charges,78% of Billed Charges. Lesser of 100% of billed charges applies.; No services were performed during the 15 month look back period.,,78,,,,,0,percent of total billed charges,78% of Billed Charges. Lesser of 100% of billed charges applies.; No services were performed during the 15 month look back period.,,78,,,,,0,percent of total billed charges,78% of Billed Charges. Lesser of 100% of billed charges applies.; No services were performed during the 15 month look back period.,,78,,,,,0,percent of total billed charges,78% of Billed Charges. Lesser of 100% of billed charges applies.; No services were performed during the 15 month look back period.,,78,,,,,0,percent of total billed charges,78% of Billed Charges. Lesser of 100% of billed charges applies.; No services were performed during the 15 month look back period.,,78,,,,,0,percent of total billed charges,78% of Billed Charges. Lesser of 100% of billed charges applies.; No services were performed during the 15 month look back period.,8427,,,,,,,Case Rate,". Primary procedure pays at 100%, all subsequent at 50%.",8427,,,,,,,Case Rate,". Primary procedure pays at 100%, all subsequent at 50%.",8427,,,,,,,Case Rate,". Primary procedure pays at 100%, all subsequent at 50%.",8427,,,,,,,Case Rate,". Primary procedure pays at 100%, all subsequent at 50%.",12574,,,,,,,Case Rate,". Primary procedure pays at 100%, all subsequent at 50%.",12574,,,,,,,Case Rate,". Primary procedure pays at 100%, all subsequent at 50%.",6487,,,,,,,Case Rate,". MPL 100/50/25% maxmium of 3 procedures. All add ons apply, and lesser of 100% of billed charges",13586,,,,,,,Case Rate,". MPL 100/50/25% all add ons apply, and lesser of 100% of billed charges",10978.39,,,,,,,Case Rate,". MPL 100/50/25% all add ons apply, and lesser of 100% of billed charges",13586,,,,,,,Case Rate,". MPL 100/50/25% all add ons apply, and lesser of 100% of billed charges",,78,,,,,0,percent of total billed charges,78% of Billed Charges. Lesser of 100% of billed charges applies.; No services were performed during the 15 month look back period.,12574,,,,,,,Case Rate,". Primary procedure pays at 100%, all subsequent at 50%.",13586,,,,,,,Case Rate,". MPL 100/50/25% all add ons apply, and lesser of 100% of billed charges",10978.39,,,,,,,Case Rate,". MPL 100/50/25% all add ons apply, and lesser of 100% of billed charges",6487,,,,,,,Case Rate,". MPL 100/50/25% maxmium of 3 procedures. All add ons apply, and lesser of 100% of billed charges",,,,,,,,,"NA. ",,78,,,,,0,percent of total billed charges,78% of Billed Charges. Lesser of 100% of billed charges applies.; No services were performed during the 15 month look back period.,1946.53,,,,,,,Case Rate,"100 Percent of Medicaid APG. ",8427,,,,,,,Case Rate,". Primary procedure pays at 100%, all subsequent at 50%.",1946.53,,,,,,,Case Rate,"100 Percent of Medicaid APG. Not APG payable, or payable under another fee schedule like ASP/AWP pays at 30% of charges",4332.03,,,,,,,Case Rate,"100%Medicare OPPS FS. ",4332.03,,,,,,,Case Rate,"100% Medicare OPPS FS. ",25798,,,,,,,Case Rate,". MPL 100/75/50% all add ons apply, and lesser of 100% of billed charges",4332.03,,,,,,,Case Rate,"100% Medicare OPPS FS. ",4332.03,,,,,,,Case Rate,"100% Medicare OPPS FS. ",1946.53,,,,,,,Case Rate,"100 Percent of Medicaid APG. ",4332.03,,,,,,,Case Rate,"100% Medicare OPPS FS. ",4332.03,,,,,,,Case Rate,"100% Medicare OPPS FS. ",10024,,,,,,,Case Rate,". Primary procedure pays at 100%, secondary at 50%, all subsequent at 25%.  Lesser of applies when negotiated rates exceed charges less addons.",10024,,,,,,,Case Rate,". Primary procedure pays at 100%, secondary at 50%, all subsequent at 25%.  Lesser of applies when negotiated rates exceed charges less addons.",4332.03,,,,,,,Case Rate,"100% Medicare OPPS FS. ",6487,,,,,,,Case Rate,". MPL 100/50/25% maxmium of 3 procedures. All add ons apply, and lesser of 100% of billed charges",10978.39,,,,,,,Case Rate,". MPL 100/50/25% all add ons apply, and lesser of 100% of billed charges",10978.39,,,,,,,Case Rate,". MPL 100/50/25% all add ons apply, and lesser of 100% of billed charges",4332.03,,,,,,,Case Rate,"100% Medicare OPPS FS. ",6487,,,,,,,Case Rate,". MPL 100/50/25% maxmium of 3 procedures. All add ons apply, and lesser of 100% of billed charges",10024,,,,,,,Case Rate,". Primary procedure pays at 100%, secondary at 50%, all subsequent at 25%.  Lesser of applies when negotiated rates exceed charges less addons.",10024,,,,,,,Case Rate,". Primary procedure pays at 100%, secondary at 50%, all subsequent at 25%.  Lesser of applies when negotiated rates exceed charges less addons.",10024,,,,,,,Case Rate,". Primary procedure pays at 100%, secondary at 50%, all subsequent at 25%.  Lesser of applies when negotiated rates exceed charges less addons.",,78,,,,,0,percent of total billed charges,78% of Billed Charges. Lesser of 100% of billed charges applies.; No services were performed during the 15 month look back period.,,78,,,,,0,percent of total billed charges,78% of Billed Charges. Lesser of 100% of billed charges applies.; No services were performed during the 15 month look back period.,,78,,,,,0,percent of total billed charges,78% of Billed Charges. Lesser of 100% of billed charges applies.; No services were performed during the 15 month look back period.,,78,,,,,0,percent of total billed charges,78% of Billed Charges. Lesser of 100% of billed charges applies.; No services were performed during the 15 month look back period.,,78,,,,,0,percent of total billed charges,78% of Billed Charges. Lesser of 100% of billed charges applies.; No services were performed during the 15 month look back period.,,78,,,,,0,percent of total billed charges,78% of Billed Charges. Lesser of 100% of billed charges applies.; No services were performed during the 15 month look back period.,,78,,,,,0,percent of total billed charges,78% of Billed Charges. Lesser of 100% of billed charges applies.; No services were performed during the 15 month look back period.,,78,,,,,0,percent of total billed charges,78% of Billed Charges. Lesser of 100% of billed charges applies.; No services were performed during the 15 month look back period.,,78,,,,,0,percent of total billed charges,78% of Billed Charges. Lesser of 100% of billed charges applies.; No services were performed during the 15 month look back period.,,78,,,,,0,percent of total billed charges,78% of Billed Charges. Lesser of 100% of billed charges applies.; No services were performed during the 15 month look back period.,,78,,,,,0,percent of total billed charges,78% of Billed Charges. Lesser of 100% of billed charges applies.; No services were performed during the 15 month look back period.,12574,,,,,,,Case Rate,". Primary procedure pays at 100%, all subsequent at 50%.",13586,,,,,,,Case Rate,". MPL 100/50/25% all add ons apply, and lesser of 100% of billed charges",6487,,,,,,,Case Rate,". MPL 100/50/25% maxmium of 3 procedures. All add ons apply, and lesser of 100% of billed charges",4332.03,,,,,,,Case Rate,"100% Medicare OPPS FS. ",10024,,,,,,,Case Rate,". Primary procedure pays at 100%, secondary at 50%, all subsequent at 25%.  Lesser of applies when negotiated rates exceed charges less addons.",6487,,,,,,,Case Rate,". MPL 100/50/25% maxmium of 3 procedures. All add ons apply, and lesser of 100% of billed charges",6487,,,,,,,Case Rate,". MPL 100/50/25% maxmium of 3 procedures. All add ons apply, and lesser of 100% of billed charges",,78,,,,,0,percent of total billed charges,78% of Billed Charges. Lesser of 100% of billed charges applies.; No services were performed during the 15 month look back period.,4165.58,,,,,,,Case Rate,"214 Percent of Medicaid APG. Drugs not priced under APG, billed with revenue code 636 and not priced by Medicare ASP FeeSched will be reimbursed at 20% of charges.",6487,,,,,,,Case Rate,". MPL 100/50/25% maxmium of 3 procedures. All add ons apply, and lesser of 100% of billed charges",1946.53,,,,,,,Case Rate,"100 Percent of Medicaid APG. ",4332.03,,,,,,,Case Rate,"100% Medicare OPPS FS. ",4332.03,,,,,,,Case Rate,"100% Medicare OPPS FS. ",4332.03,,,,,,,Case Rate,"100% Medicare OPPS FS. ",4332.03,,,,,,,Case Rate,"100% Medicare OPPS FS. ",4332.03,,,,,,,Case Rate,"100% Medicare OPPS FS. ",4332.03,,,,,,,Case Rate,"100% Medicare OPPS FS. ",6487,,,,,,,Case Rate,". MPL 100/50/25% maxmium of 3 procedures. All add ons apply, and lesser of 100% of billed charges",25798,,,,,,,Case Rate,". MPL 100/75/50% all add ons apply, and lesser of 100% of billed charges",3503.76,,,,,,,Fee Schedule,"180 Percent of Medicaid APG. ",3503.76,,,,,,,Fee Schedule,"180 Percent of Medicaid APG. ",3503.76,,,,,,,Fee Schedule,"180 Percent of Medicaid APG. ",3503.76,,,,,,,Fee Schedule,"180 Percent of Medicaid APG. ",3503.76,,,,,,,Fee Schedule,"180 Percent of Medicaid APG. ",,,,,,,,,"NA. ",25798,,,,,,,Case Rate,". MPL 100/75/50% all add ons apply, and lesser of 100% of billed charges",8577.41,,,,,,,Case Rate,198 Percent of Medicare OPPS. Metroplus will reimburse unlisted codes and described codes with no Medicare rate at 50 percent of charges.,8577.41,,,,,,,Case Rate,198 Percent of Medicare OPPS. Metroplus will reimburse unlisted codes and described codes with no Medicare rate at 50 percent of charges.,8577.41,,,,,,,Case Rate,198 Percent of Medicare OPPS. Metroplus will reimburse unlisted codes and described codes with no Medicare rate at 50 percent of charges.,8577.41,,,,,,,Case Rate,198 Percent of Medicare OPPS. Metroplus will reimburse unlisted codes and described codes with no Medicare rate at 50 percent of charges.,8577.41,,,,,,,Case Rate,198 Percent of Medicare OPPS. Metroplus will reimburse unlisted codes and described codes with no Medicare rate at 50 percent of charges.,4332.03,,,,,,,Case Rate,"100% Medicare OPPS FS. ",12574,,,,,,,Case Rate,". Primary procedure pays at 100%, all subsequent at 50%.",12574,,,,,,,Case Rate,". Primary procedure pays at 100%, all subsequent at 50%.",12574,,,,,,,Case Rate,". Primary procedure pays at 100%, all subsequent at 50%.",12574,,,,,,,Case Rate,". Primary procedure pays at 100%, all subsequent at 50%.",10024,,,,,,,Case Rate,". Primary procedure pays at 100%, secondary at 50%, all subsequent at 25%.  Lesser of applies when negotiated rates exceed charges less addons.",10024,,,,,,,Case Rate,". Primary procedure pays at 100%, secondary at 50%, all subsequent at 25%.  Lesser of applies when negotiated rates exceed charges less addons.",10024,,,,,,,Case Rate,". Primary procedure pays at 100%, secondary at 50%, all subsequent at 25%.  Lesser of applies when negotiated rates exceed charges less addons.",10024,,,,,,,Case Rate,". Primary procedure pays at 100%, secondary at 50%, all subsequent at 25%.  Lesser of applies when negotiated rates exceed charges less addons.",25798,,,,,,,Case Rate,". MPL 100/75/50% all add ons apply, and lesser of 100% of billed charges",25798,,,,,,,Case Rate,". MPL 100/75/50% all add ons apply, and lesser of 100% of billed charges",4332.03,,,,,,,Case Rate,"100% Medicare OPPS FS. ",4332.03,,,,,,,Case Rate,"100% Medicare OPPS FS. ",4332.03,,,,,,,Case Rate,"100% Medicare OPPS FS. ",13586,,,,,,,Case Rate,". MPL 100/50/25% all add ons apply, and lesser of 100% of billed charges",13586,,,,,,,Case Rate,". MPL 100/50/25% all add ons apply, and lesser of 100% of billed charges",13586,,,,,,,Case Rate,". MPL 100/50/25% all add ons apply, and lesser of 100% of billed charges",25798,,,,,,,Case Rate,". MPL 100/75/50% all add ons apply, and lesser of 100% of billed charges",10024,,,,,,,Case Rate,". Primary procedure pays at 100%, secondary at 50%, all subsequent at 25%.  Lesser of applies when negotiated rates exceed charges less addons.",4332.03,,,,,,,Case Rate,"100% Medicare OPPS FS. ",13586,,,,,,,Case Rate,". MPL 100/50/25% all add ons apply, and lesser of 100% of billed charges",1946.53,,,,,,,Case Rate,"100 Percent of Medicaid APG. ",4418.67,,,,,,,Case Rate,"102% of Medicare OPPS. ",4418.67,,,,,,,Case Rate,"102% of Medicare OPPS. ",4418.67,,,,,,,Case Rate,"102% of Medicare OPPS. ",1946.53,,,,,,,Case rate,"100 Percent of Medicaid APG. ",4379.7,,,,,,,Case Rate,225% of NYS APG. Lesser of 100% of billed charges applies.,4379.7,,,,,,,Case Rate,225% of NYS APG. Lesser of 100% of billed charges applies.,4379.7,,,,,,,Case Rate,225% of NYS APG. Lesser of 100% of billed charges applies.,4379.7,,,,,,,Case Rate,225% of NYS APG. Lesser of 100% of billed charges applies.,4379.7,,,,,,,Case Rate,225% of NYS APG. Lesser of 100% of billed charges applies.,4418.67,,,,,,,Case Rate,"102% of Medicare OPPS. ",1946.53,,,,,,,Case Rate,"100 Percent of Medicaid APG. ",1622.72,,,,,,,Case Rate,100% of PAS. Lesser of 100% of billed charges applies.,4379.7,,,,,,,Case Rate,225% of NYS APG. Lesser of 100% of billed charges applies.,4379.7,,,,,,,Case Rate,225% of NYS APG. Lesser of 100% of billed charges applies.,1622.72,,,,,,,Case Rate,100% of PAS. Lesser of 100% of billed charges applies.,1622.72,,,,,,,Case Rate,100% of PAS. Lesser of 100% of billed charges applies.,3503.76,,,,,,,Fee Schedule,"180 Percent of Medicaid APG. ",4332.03,,,,,,,Case Rate,"100% Medicare OPPS FS. ",4332.03,,,,,,,Case Rate,"100% Medicare OPPS FS. ",10024,,,,,,,Case Rate,". Primary procedure pays at 100%, secondary at 50%, all subsequent at 25%.  Lesser of applies when negotiated rates exceed charges less addons.",4332.03,,,,,,,Case Rate,"100% Medicare OPPS FS. ",4379.7,,,,,,,Case Rate,"225 Percent of Medicaid APG. ",4379.7,,,,,,,Case Rate,"225 Percent of Medicaid APG. ",1946.53,,,,,,,Case rate,"100 Percent of Medicaid APG. ",1946.53,,,,,,,Case rate,"100 Percent of Medicaid APG. ",4379.7,,,,,,,Case Rate,225 Percent of Medicaid APG. Covered services not payable under Medicaid Fee Schedules default to a payment of 87.5 percent of charges.,1946.53,,,,,,,Case rate,124 Percent of Medicaid APG. Covered services not payable under Medicaid Fee Schedules default to a payment of 50 percent of charges.,4379.7,,,,,,,Case Rate,"100 Percent of Medicaid APG. ",4379.7,,,,,,,Case Rate,"100 Percent of Medicaid APG. ",4379.7,,,,,,,Case Rate,"100 Percent of Medicaid APG. ",4379.7,,,,,,,Case Rate,"100 Percent of Medicaid APG. ",13453,,,,,,,Case Rate,". MPL 100/75/50% all add ons apply, and lesser of 100% of billed charges",25798,,,,,,,Case Rate,". MPL 100/75/50% all add ons apply, and lesser of 100% of billed charges",2335.84,,,,,,,Case Rate,"120 Percent of Medicaid APG. Not APG payable, or payable under another fee schedule like ASP/AWP pays at 30% of charges",2335.84,,,,,,,Case Rate,"120 Percent of Medicaid APG. Not APG payable, or payable under another fee schedule like ASP/AWP pays at 30% of charges",1946.53,,,,,,,Case Rate,"100 Percent of Medicaid APG. Not APG payable, or payable under another fee schedule like ASP/AWP pays at 30% of charges",1946.53,,,,,,,Case Rate,"100 Percent of Medicaid APG. Not APG payable, or payable under another fee schedule like ASP/AWP pays at 30% of charges",13586,,,,,,,Case Rate,". MPL 100/50/25% all add ons apply, and lesser of 100% of billed charges",13586,,,,,,,Case Rate,". MPL 100/50/25% all add ons apply, and lesser of 100% of billed charges",4332.03,,,,,,,Case Rate,"100% Medicare OPPS FS. ",13586,,,,,,,Case Rate,". MPL 100/50/25% all add ons apply, and lesser of 100% of billed charges",13586,,,,,,,Case Rate,". MPL 100/50/25% all add ons apply, and lesser of 100% of billed charges",13586,,,,,,,Case Rate,". MPL 100/50/25% all add ons apply, and lesser of 100% of billed charges",13586,,,,,,,Case Rate,". MPL 100/50/25% all add ons apply, and lesser of 100% of billed charges",4332.03,,,,,,,Case Rate,"100% Medicare OPPS FS. ",13586,,,,,,,Case Rate,". MPL 100/50/25% all add ons apply, and lesser of 100% of billed charges",13586,,,,,,,Case Rate,". MPL 100/50/25% all add ons apply, and lesser of 100% of billed charges",10024,,,,,,,Case Rate,". Primary procedure pays at 100%, secondary at 50%, all subsequent at 25%.  Lesser of applies when negotiated rates exceed charges less addons.",1946.53,,,,,,,Fee Schedule,100% APG. Lesser of 100% of billed charges applies.,1946.53,,,,,,,Case rate,124 Percent of Medicaid APG. Covered services not payable under Medicaid Fee Schedules default to a payment of 50 percent of charges.,4379.7,,,,,,,Case Rate,225% of NYS APG. Lesser of 100% of billed charges applies.,4379.7,,,,,,,Case Rate,225 Percent of Medicaid APG. Covered services not payable under Medicaid Fee Schedules default to a payment of 87.5 percent of charges.,1946.53,,,,,,,Case rate,124 Percent of Medicaid APG. Covered services not payable under Medicaid Fee Schedules default to a payment of 50 percent of charges.,4379.7,,,,,,,Case Rate,225% of NYS APG. Lesser of 100% of billed charges applies.,4379.7,,,,,,,Case Rate,225% of NYS APG. Lesser of 100% of billed charges applies.,4379.7,,,,,,,Case Rate,225% of NYS APG. Lesser of 100% of billed charges applies.,4379.7,,,,,,,Case Rate,225% of NYS APG. Lesser of 100% of billed charges applies.,4379.7,,,,,,,Case Rate,225% of NYS APG. Lesser of 100% of billed charges applies.,4379.7,,,,,,,Case Rate,225% of NYS APG. Lesser of 100% of billed charges applies.,,,,,,,,,"NA. ",,,,,,,,,"NA. ",,,,,,,,,"NA. ",6487,,,,,,,Case Rate,". MPL 100/50/25% maxmium of 3 procedures. All add ons apply, and lesser of 100% of billed charges",,,,,,,,,"NA. ",4332.03,,,,,,,Case Rate,"100% Medicare OPPS FS. ",3681,,,,,,,Case Rate,". MPL 1st 100% of Payment Rate 50% of all others, all add ons apply, and lesser of 100% of billed charges.",4332.03,,,,,,,Case Rate,"100% Medicare OPPS FS. ",4332.03,,,,,,,Case Rate,"100% Medicare OPPS FS. ",2335.84,,,,,,,Case Rate,"120 Percent of Medicaid APG. Not APG payable, or payable under another fee schedule like ASP/AWP pays at 30% of charges",2335.84,,,,,,,Case Rate,"120 Percent of Medicaid APG. Not APG payable, or payable under another fee schedule like ASP/AWP pays at 30% of charges",1946.53,,,,,,,Case Rate,"100 Percent of Medicaid APG. Not APG payable, or payable under another fee schedule like ASP/AWP pays at 30% of charges",1946.53,,,,,,,Case Rate,"100 Percent of Medicaid APG. Not APG payable, or payable under another fee schedule like ASP/AWP pays at 30% of charges",1946.53,,,,,,,Case Rate,"100 Percent of Medicaid APG. ",7163,,,,,,,Case Rate,". ",10024,,,,,,,Case Rate,". Primary procedure pays at 100%, secondary at 50%, all subsequent at 25%.  Lesser of applies when negotiated rates exceed charges less addons.",8427,,,,,,,Case Rate,". Primary procedure pays at 100%, all subsequent at 50%.",6487,,,,,,,Case Rate,". MPL 100/50/25% maxmium of 3 procedures. All add ons apply, and lesser of 100% of billed charges",4332.03,,,,,,,Case Rate,"100%Medicare OPPS FS. ",4332.03,,,,,,,Case Rate,"100% Medicare OPPS FS. ",4332.03,,,,,,,Case Rate,"100% Medicare OPPS FS. ",4332.03,,,,,,,Case Rate,"100% Medicare OPPS FS. ",4332.03,,,,,,,Case Rate,"100%Medicare OPPS FS. ",4332.03,,,,,,,Case Rate,"100% Medicare OPPS FS. ",,,,,,,,,"NA. ",4379.7,,,,,,,Case Rate,225% of NYS APG. Lesser of 100% of billed charges applies.,1622.72,,,,,,,Case Rate,100% of PAS. Lesser of 100% of billed charges applies.,13586,,,,,,,Case Rate,". MPL 100/50/25% all add ons apply, and lesser of 100% of billed charges",7163,,,,,,,Case Rate,". ",7163,,,,,,,Case Rate,". ",7163,,,,,,,Case Rate,". ",7163,,,,,,,Case Rate,". ",4332.03,,,,,,,Case Rate,"100% Medicare OPPS FS. ",1946.53,,,,,,,Case Rate,"100 Percent of Medicaid APG. ",13586,,,,,,,Case Rate,". MPL 100/50/25% all add ons apply, and lesser of 100% of billed charges",1946.53,,,,,,,Case Rate,"100 Percent of Medicaid APG. ",4332.03,,,,,,,Case Rate,"100% Medicare OPPS FS. ",1946.53,,,,,,,Case Rate,"100 Percent of Medicaid APG. ",4332.03,,,,,,,Case Rate,"100% Medicare OPPS FS. ",4332.03,,,,,,,Case Rate,"100% Medicare OPPS FS. ",1946.53,,,,,,,Case Rate,"100 Percent of Medicaid APG. ",1946.53,,,,,,,Case Rate,"100 Percent of Medicaid APG. ",7163,,,,,,,Case Rate,". ",6487,,,,,,,Case Rate,". MPL 100/50/25% maxmium of 3 procedures. All add ons apply, and lesser of 100% of billed charges",,78,,,,,0,percent of total billed charges,78% of Billed Charges. Lesser of 100% of billed charges applies.; No services were performed during the 15 month look back period.,10978.39,,,,,,,Case Rate,". MPL 100/50/25% all add ons apply, and lesser of 100% of billed charges",10978.39,,,,,,,Case Rate,". MPL 100/50/25% all add ons apply, and lesser of 100% of billed charges",10024,,,,,,,Case Rate,". Primary procedure pays at 100%, secondary at 50%, all subsequent at 25%.  Lesser of applies when negotiated rates exceed charges less addons.",4332.03,,,,,,,Case Rate,"83% HF Fee schedule. ",12574,,,,,,,Case Rate,". Primary procedure pays at 100%, all subsequent at 50%.",12574,,,,,,,Case Rate,". Primary procedure pays at 100%, all subsequent at 50%.",10869,,,,,,,Case Rate,". MPL 100/50/25% all add ons apply, and lesser of 100% of billed charges",10869,,,,,,,Case Rate,". MPL 100/50/25% all add ons apply, and lesser of 100% of billed charges",4332.03,,,,,,,Case Rate,"100% Medicare OPPS FS. ",4332.03,,,,,,,Case Rate,"100% Medicare OPPS FS. ",4332.03,,,,,,,Case Rate,"100% Medicare OPPS FS. ",4332.03,,,,,,,Case Rate,"100% Medicare OPPS FS. ",10978.39,,,,,,,Case Rate,". MPL 100/50/25% all add ons apply, and lesser of 100% of billed charges",13586,,,,,,,Case Rate,". MPL 100/50/25% all add ons apply, and lesser of 100% of billed charges",13586,,,,,,,Case Rate,". MPL 100/50/25% all add ons apply, and lesser of 100% of billed charges",4332.03,,,,,,,Case Rate,"100% Medicare OPPS FS. ",10869,,,,,,,Case Rate,". MPL 100/50/25% all add ons apply, and lesser of 100% of billed charges",8427,,,,,,,Case Rate,". Primary procedure pays at 100%, all subsequent at 50%.",2335.84,,,,,,,Fee Schedule,"120 Percent of Medicaid APG. ",1946.53,,,,,,,Case Rate,"100 Percent of Medicaid APG. ",7163,,,,,,,Case Rate,". ",12227,,,,,,,Case Rate,". MPL 100/50/25% all add ons apply, and lesser of 100% of billed charges",12227,,,,,,,Case Rate,". MPL 100/50/25% all add ons apply, and lesser of 100% of billed charges",13586,,,,,,,Case Rate,". MPL 100/50/25% all add ons apply, and lesser of 100% of billed charges",14948,,,,,,,Case Rate,". MPL 100/75/50% all add ons apply, and lesser of 100% of billed charges",4332.03,,,,,,,Case Rate,"100%Medicare OPPS FS. ",2043.86,,,,,,,Fee Schedule,105 percent of Medicaid APG. otherwise 105% of Ordered NYS MCD FS or 105% of ASP+6%,2043.86,,,,,,,Fee Schedule,105 percent of Medicaid APG. otherwise 105% of Ordered NYS MCD FS or 105% of ASP+6%,2043.86,,,,,,,Fee Schedule,105 percent of Medicaid APG. otherwise 105% of Ordered NYS MCD FS or 105% of ASP+6%,2627.82,,,,,,,Fee Schedule,135 percent of Medicaid APG. otherwise 135% of Ordered NYS MCD FS or 135% of ASP+6%,10978.39,,,,,,,Case Rate,". MPL 100/50/25% all add ons apply, and lesser of 100% of billed charges",2043.86,,,,,,,Fee Schedule,105 percent of Medicaid APG. otherwise 105% of Ordered NYS MCD FS or 105% of ASP+6%,2043.86,,,,,,,Fee Schedule,105 percent of Medicaid APG. otherwise 105% of Ordered NYS MCD FS or 105% of ASP+6%,2043.86,,,,,,,Fee Schedule,105 percent of Medicaid APG. otherwise 105% of Ordered NYS MCD FS or 105% of ASP+6%,2043.86,,,,,,,Fee Schedule,105 percent of Medicaid APG. otherwise 105% of Ordered NYS MCD FS or 105% of ASP+6%,2043.86,,,,,,,Fee Schedule,105 percent of Medicaid APG. otherwise 105% of Ordered NYS MCD FS or 105% of ASP+6%,2627.82,,,,,,,Fee Schedule,135 percent of Medicaid APG. otherwise 135% of Ordered NYS MCD FS or 135% of ASP+6%,2627.82,,,,,,,Fee Schedule,135 percent of Medicaid APG. otherwise 135% of Ordered NYS MCD FS or 135% of ASP+6%,4332.03,,,,,,,Case Rate,"100% Medicare OPPS FS. ",10978.39,,,,,,,Case Rate,". MPL 100/50/25% all add ons apply, and lesser of 100% of billed charges",4332.03,,,,,,,Case Rate,"100% Medicare OPPS FS. ",2043.86,,,,,,,Fee Schedule,105 percent of Medicaid APG. otherwise 105% of Ordered NYS MCD FS or 105% of ASP+6%,13586,,,,,,,Case Rate,". MPL 100/50/25% all add ons apply, and lesser of 100% of billed charges",4332.03,,,,,,,Case Rate,"100% Medicare OPPS FS. ",13586,,,,,,,Case Rate,". MPL 100/50/25% all add ons apply, and lesser of 100% of billed charges",13586,,,,,,,Case Rate,". MPL 100/50/25% all add ons apply, and lesser of 100% of billed charges",13586,,,,,,,Case Rate,". MPL 100/50/25% all add ons apply, and lesser of 100% of billed charges",2043.86,,,,,,,Fee Schedule,105 percent of Medicaid APG. otherwise 105% of Ordered NYS MCD FS or 105% of ASP+6%,4332.03,,,,,,,Case Rate,"100% Medicare OPPS FS. ",13586,,,,,,,Case Rate,". MPL 100/50/25% all add ons apply, and lesser of 100% of billed charges",2627.82,,,,,,,Fee Schedule,135 percent of Medicaid APG. otherwise 135% of Ordered NYS MCD FS or 135% of ASP+6%,13586,,,,,,,Case Rate,". MPL 100/50/25% all add ons apply, and lesser of 100% of billed charges",,200,,,,,0,Case Rate,200% of Medicare OPPS. ; No services were performed during the 15 month look back period.,4332.03,,,,,,,Case Rate,"100%Medicare OPPS FS. ",7163,,,,,,,Case Rate,". ",7163,,,,,,,Case Rate,". ",7163,,,,,,,Case Rate,". ",7163,,,,,,,Case Rate,". ",7163,,,,,,,Case Rate,". ",8427,,,,,,,Case Rate,". Primary procedure pays at 100%, all subsequent at 50%.",8427,,,,,,,Case Rate,". Primary procedure pays at 100%, all subsequent at 50%.",7163,,,,,,,Case Rate,". ",7163,,,,,,,Case Rate,". ",7163,,,,,,,Case Rate,". ",7163,,,,,,,Case Rate,". ",7163,,,,,,,Case Rate,". ",4332.03,,,,,,,Case Rate,"100% Medicare OPPS FS. ",8427,,,,,,,Case Rate,". Primary procedure pays at 100%, all subsequent at 50%.",4332.03,,,,,,,Case Rate,"100% Medicare OPPS FS. ",4379.7,,,,,,,Case Rate,"225 Percent of Medicaid APG. If not included in Medicaid APG, then 100 Percent of Manhattan Medicare",1946.53,,,,,,,Case Rate,"100 Percent of Medicaid APG. ",10978.39,,,,,,,Case Rate,". MPL 100/50/25% all add ons apply, and lesser of 100% of billed charges",10978.39,,,,,,,Case Rate,". MPL 100/50/25% all add ons apply, and lesser of 100% of billed charges",4332.03,,,,,,,Case Rate,"100% Medicare OPPS FS. ",12574,,,,,,,Case Rate,". Primary procedure pays at 100%, all subsequent at 50%.",4332.03,,,,,,,Case Rate,"100% Medicare OPPS FS. ",4332.03,,,,,,,Case Rate,"100% Medicare OPPS FS. ",10024,,,,,,,Case Rate,". Primary procedure pays at 100%, secondary at 50%, all subsequent at 25%.  Lesser of applies when negotiated rates exceed charges less addons.",4332.03,,,,,,,Case Rate,"100% Medicare OPPS FS. ",6487,,,,,,,Case Rate,". MPL 100/50/25% maxmium of 3 procedures. All add ons apply, and lesser of 100% of billed charges",4332.03,,,,,,,Case Rate,"100% Medicare OPPS FS. ",6487,,,,,,,Case Rate,". MPL 100/50/25% maxmium of 3 procedures. All add ons apply, and lesser of 100% of billed charges",10024,,,,,,,Case Rate,". Primary procedure pays at 100%, secondary at 50%, all subsequent at 25%.  Lesser of applies when negotiated rates exceed charges less addons.",6487,,,,,,,Case Rate,". MPL 100/50/25% maxmium of 3 procedures. All add ons apply, and lesser of 100% of billed charges",4332.03,,,,,,,Case Rate,"100% Medicare OPPS FS. ",1946.53,,,,,,,Case Rate,"100 Percent of Medicaid APG. ",4332.03,,,,,,,Case Rate,"100% Medicare OPPS FS. ",6487,,,,,,,Case Rate,". MPL 100/50/25% maxmium of 3 procedures. All add ons apply, and lesser of 100% of billed charges",10978.39,,,,,,,Case Rate,". MPL 100/50/25% all add ons apply, and lesser of 100% of billed charges",1946.53,,,,,,,Case Rate,"100 Percent of Medicaid APG. ",13586,,,,,,,Case Rate,". MPL 100/50/25% all add ons apply, and lesser of 100% of billed charges",2335.84,,,,,,,Fee Schedule,"120 Percent of Medicaid APG. ",2335.84,,,,,,,Fee Schedule,"120 Percent of Medicaid APG. ",13586,,,,,,,Case Rate,". MPL 100/50/25% all add ons apply, and lesser of 100% of billed charges",13586,,,,,,,Case Rate,". MPL 100/50/25% all add ons apply, and lesser of 100% of billed charges",13586,,,,,,,Case Rate,". MPL 100/50/25% all add ons apply, and lesser of 100% of billed charges",10978.39,,,,,,,Case Rate,". MPL 100/50/25% all add ons apply, and lesser of 100% of billed charges",13586,,,,,,,Case Rate,". MPL 100/50/25% all add ons apply, and lesser of 100% of billed charges",13586,,,,,,,Case Rate,". MPL 100/50/25% all add ons apply, and lesser of 100% of billed charges",13586,,,,,,,Case Rate,". MPL 100/50/25% all add ons apply, and lesser of 100% of billed charges",7163,,,,,,,Case Rate,". ",7163,,,,,,,Case Rate,". ",8577.41,,,,,,,Case Rate,198 Percent of Medicare OPPS. Metroplus will reimburse unlisted codes and described codes with no Medicare rate at 50 percent of charges.,1946.53,,,,,,,Case Rate,"100 Percent of Medicaid APG. ",10978.39,,,,,,,Case Rate,". MPL 100/50/25% all add ons apply, and lesser of 100% of billed charges",6487,,,,,,,Case Rate,". MPL 100/50/25% maxmium of 3 procedures. All add ons apply, and lesser of 100% of billed charges",10024,,,,,,,Case Rate,". Primary procedure pays at 100%, secondary at 50%, all subsequent at 25%.  Lesser of applies when negotiated rates exceed charges less addons.",10978.39,,,,,,,Case Rate,". MPL 100/50/25% all add ons apply, and lesser of 100% of billed charges",10024,,,,,,,Case Rate,". Primary procedure pays at 100%, secondary at 50%, all subsequent at 25%.  Lesser of applies when negotiated rates exceed charges less addons.",10978.39,,,,,,,Case Rate,". MPL 100/50/25% all add ons apply, and lesser of 100% of billed charges",13586,,,,,,,Case Rate,". MPL 100/50/25% all add ons apply, and lesser of 100% of billed charges",13586,,,,,,,Case Rate,". MPL 100/50/25% all add ons apply, and lesser of 100% of billed charges",13586,,,,,,,Case Rate,". MPL 100/50/25% all add ons apply, and lesser of 100% of billed charges",13586,,,,,,,Case Rate,". MPL 100/50/25% all add ons apply, and lesser of 100% of billed charges",4332.03,,,,,,,Case Rate,"100% Medicare OPPS FS. ",1622.72,25798,
15834,CPT,,,490,RC,EXC EXCESSIVE SKIN HIP,,,both,,,,7084,,,,,,,Case Rate,". MPL 1st 100% of Payment Rate 50% of all others, all add ons apply, and lesser of 100% of billed charges.",7084,,,,,,,Case Rate,". MPL 1st 100% of Payment Rate 50% of all others, all add ons apply, and lesser of 100% of billed charges.",10024,,,,,,,Case Rate,". Primary procedure pays at 100%, secondary at 50%, all subsequent at 25%.  Lesser of applies when negotiated rates exceed charges less addons.",,100,,,,,0,percent of total billed charges,100 percent of billed charges; No services were performed during the 15 month look back period.,3386.66,,,,,,,Case Rate,"100% Medicare OPPS FS. ",10024,,,,,,,Case Rate,". Primary procedure pays at 100%, secondary at 50%, all subsequent at 25%.  Lesser of applies when negotiated rates exceed charges less addons.",10024,,,,,,,Case Rate,". Primary procedure pays at 100%, secondary at 50%, all subsequent at 25%.  Lesser of applies when negotiated rates exceed charges less addons.",10024,,,,,,,Case Rate,". Primary procedure pays at 100%, secondary at 50%, all subsequent at 25%.  Lesser of applies when negotiated rates exceed charges less addons.",3280.49,,,,,,,Case Rate,"100 Percent of Medicaid APG. ",2733.74,,,,,,,Case Rate,"100 Percent of Medicaid APG. ",,78,,,,,0,percent of total billed charges,78 percent of billed charges; No services were performed during the 15 month look back period.,9024.56,,,,,,,Case Rate,". MPL 100/50/25% all add ons apply, and lesser of 100% of billed charges",2733.74,,,,,,,Case Rate,"100 Percent of Medicaid APG. ",3386.66,,,,,,,Case Rate,"100% Medicare OPPS FS. ",,60,,,,,0,percent of total billed charges,60 percent of billed charges; No services were performed during the 15 month look back period.,,60,,,,,0,percent of total billed charges,60 percent of billed charges; No services were performed during the 15 month look back period.,,60,,,,,0,percent of total billed charges,60 percent of billed charges; No services were performed during the 15 month look back period.,,60,,,,,0,percent of total billed charges,60 percent of billed charges; No services were performed during the 15 month look back period.,2733.74,,,,,,,Case rate,124 Percent of Medicaid APG. Covered services not payable under Medicaid Fee Schedules default to a payment of 50 percent of charges.,3386.66,,,,,,,Case Rate,"100% Medicare OPPS FS. ",2733.74,,,,,,,Case rate,124 Percent of Medicaid APG. Covered services not payable under Medicaid Fee Schedules default to a payment of 50 percent of charges.,,78,,,,,0,percent of total billed charges,78 percent of billed charges; No services were performed during the 15 month look back period.,10024,,,,,,,Case Rate,". Primary procedure pays at 100%, secondary at 50%, all subsequent at 25%.  Lesser of applies when negotiated rates exceed charges less addons.",3386.66,,,,,,,Case Rate,"100%Medicare OPPS FS. ",8427,,,,,,,Case Rate,". Primary procedure pays at 100%, all subsequent at 50%.",3386.66,,,,,,,Case Rate,"100%Medicare OPPS FS. ",3386.66,,,,,,,Case Rate,"100%Medicare OPPS FS. ",,78,,,,,0,percent of total billed charges,78 percent of billed charges; No services were performed during the 15 month look back period.,1228.42,,,,,,,Case Rate,100% of PAS. Lesser of 100% of billed charges applies.,1228.42,,,,,,,Case Rate,100% of PAS. Lesser of 100% of billed charges applies.,2733.74,,,,,,,Case rate,"100 Percent of Medicaid APG. ",2733.74,,,,,,,Case rate,"100 Percent of Medicaid APG. ",8427,,,,,,,Case Rate,". Primary procedure pays at 100%, all subsequent at 50%.",8427,,,,,,,Case Rate,". Primary procedure pays at 100%, all subsequent at 50%.",2733.74,,,,,,,Case Rate,"100 Percent of Medicaid APG. Not APG payable, or payable under another fee schedule like ASP/AWP pays at 30% of charges",8427,,,,,,,Case Rate,". Primary procedure pays at 100%, all subsequent at 50%.",2733.74,,,,,,,Case Rate,"100 Percent of Medicaid APG. Not APG payable, or payable under another fee schedule like ASP/AWP pays at 30% of charges",3386.66,,,,,,,Case Rate,"100%Medicare OPPS FS. ",8427,,,,,,,Case Rate,". Primary procedure pays at 100%, all subsequent at 50%.",,78,,,,,0,percent of total billed charges,78 percent of billed charges; No services were performed during the 15 month look back period.,2733.74,,,,,,,Case Rate,"100 Percent of Medicaid APG. ",2733.74,,,,,,,Case Rate,"100 Percent of Medicaid APG. ",,78,,,,,0,percent of total billed charges,78 percent of billed charges; No services were performed during the 15 month look back period.,,60,,,,,0,percent of total billed charges,60 percent of billed charges; No services were performed during the 15 month look back period.,7929,,,,,,,Case Rate,". MPL 100/50/25% all add ons apply, and lesser of 100% of billed charges",7929,,,,,,,Case Rate,". MPL 100/50/25% all add ons apply, and lesser of 100% of billed charges",,78,,,,,0,percent of total billed charges,78 percent of billed charges; No services were performed during the 15 month look back period.,3386.66,,,,,,,Case Rate,"100% Medicare OPPS FS. ",9024.56,,,,,,,Case Rate,". MPL 100/50/25% all add ons apply, and lesser of 100% of billed charges",9024.56,,,,,,,Case Rate,". MPL 100/50/25% all add ons apply, and lesser of 100% of billed charges",9024.56,,,,,,,Case Rate,". MPL 100/50/25% all add ons apply, and lesser of 100% of billed charges",3386.66,,,,,,,Case Rate,"100% Medicare OPPS FS. ",9024.56,,,,,,,Case Rate,". MPL 100/50/25% all add ons apply, and lesser of 100% of billed charges",9024.56,,,,,,,Case Rate,". MPL 100/50/25% all add ons apply, and lesser of 100% of billed charges",3386.66,,,,,,,Case Rate,"100% of Medicare OPPS. ",25798,,,,,,,Case Rate,". MPL 100/75/50% all add ons apply, and lesser of 100% of billed charges",13586,,,,,,,Case Rate,". MPL 100/50/25% all add ons apply, and lesser of 100% of billed charges",13586,,,,,,,Case Rate,". MPL 100/50/25% all add ons apply, and lesser of 100% of billed charges",13586,,,,,,,Case Rate,". MPL 100/50/25% all add ons apply, and lesser of 100% of billed charges",13586,,,,,,,Case Rate,". MPL 100/50/25% all add ons apply, and lesser of 100% of billed charges",13586,,,,,,,Case Rate,". MPL 100/50/25% all add ons apply, and lesser of 100% of billed charges",13586,,,,,,,Case Rate,". MPL 100/50/25% all add ons apply, and lesser of 100% of billed charges",3386.66,,,,,,,Case Rate,"100% Medicare OPPS FS. ",3386.66,,,,,,,Case Rate,"100% Medicare OPPS FS. ",13586,,,,,,,Case Rate,". MPL 100/50/25% all add ons apply, and lesser of 100% of billed charges",,78,,,,,0,percent of total billed charges,78 percent of billed charges; No services were performed during the 15 month look back period.,,78,,,,,0,percent of total billed charges,78 percent of billed charges; No services were performed during the 15 month look back period.,,78,,,,,0,percent of total billed charges,78 percent of billed charges; No services were performed during the 15 month look back period.,,78,,,,,0,percent of total billed charges,78 percent of billed charges; No services were performed during the 15 month look back period.,,78,,,,,0,percent of total billed charges,78 percent of billed charges; No services were performed during the 15 month look back period.,,78,,,,,0,percent of total billed charges,78 percent of billed charges; No services were performed during the 15 month look back period.,,78,,,,,0,percent of total billed charges,78 percent of billed charges; No services were performed during the 15 month look back period.,,78,,,,,0,percent of total billed charges,78 percent of billed charges; No services were performed during the 15 month look back period.,,78,,,,,0,percent of total billed charges,78 percent of billed charges; No services were performed during the 15 month look back period.,,78,,,,,0,percent of total billed charges,78 percent of billed charges; No services were performed during the 15 month look back period.,,78,,,,,0,percent of total billed charges,78 percent of billed charges; No services were performed during the 15 month look back period.,,78,,,,,0,percent of total billed charges,78 percent of billed charges; No services were performed during the 15 month look back period.,,78,,,,,0,percent of total billed charges,78 percent of billed charges; No services were performed during the 15 month look back period.,,78,,,,,0,percent of total billed charges,78 percent of billed charges; No services were performed during the 15 month look back period.,,78,,,,,0,percent of total billed charges,78 percent of billed charges; No services were performed during the 15 month look back period.,,78,,,,,0,percent of total billed charges,78 percent of billed charges; No services were performed during the 15 month look back period.,,78,,,,,0,percent of total billed charges,78 percent of billed charges; No services were performed during the 15 month look back period.,,78,,,,,0,percent of total billed charges,78 percent of billed charges; No services were performed during the 15 month look back period.,,78,,,,,0,percent of total billed charges,78 percent of billed charges; No services were performed during the 15 month look back period.,,78,,,,,0,percent of total billed charges,78 percent of billed charges; No services were performed during the 15 month look back period.,,78,,,,,0,percent of total billed charges,78 percent of billed charges; No services were performed during the 15 month look back period.,,78,,,,,0,percent of total billed charges,78 percent of billed charges; No services were performed during the 15 month look back period.,,78,,,,,0,percent of total billed charges,78 percent of billed charges; No services were performed during the 15 month look back period.,,78,,,,,0,percent of total billed charges,78 percent of billed charges; No services were performed during the 15 month look back period.,,78,,,,,0,percent of total billed charges,78 percent of billed charges; No services were performed during the 15 month look back period.,,78,,,,,0,percent of total billed charges,78 percent of billed charges; No services were performed during the 15 month look back period.,8427,,,,,,,Case Rate,". Primary procedure pays at 100%, all subsequent at 50%.",8427,,,,,,,Case Rate,". Primary procedure pays at 100%, all subsequent at 50%.",8427,,,,,,,Case Rate,". Primary procedure pays at 100%, all subsequent at 50%.",8427,,,,,,,Case Rate,". Primary procedure pays at 100%, all subsequent at 50%.",12574,,,,,,,Case Rate,". Primary procedure pays at 100%, all subsequent at 50%.",12574,,,,,,,Case Rate,". Primary procedure pays at 100%, all subsequent at 50%.",,60,,,,,0,percent of total billed charges,60 percent of billed charges; No services were performed during the 15 month look back period.,13586,,,,,,,Case Rate,". MPL 100/50/25% all add ons apply, and lesser of 100% of billed charges",9024.56,,,,,,,Case Rate,". MPL 100/50/25% all add ons apply, and lesser of 100% of billed charges",13586,,,,,,,Case Rate,". MPL 100/50/25% all add ons apply, and lesser of 100% of billed charges",,78,,,,,0,percent of total billed charges,78 percent of billed charges; No services were performed during the 15 month look back period.,12574,,,,,,,Case Rate,". Primary procedure pays at 100%, all subsequent at 50%.",13586,,,,,,,Case Rate,". MPL 100/50/25% all add ons apply, and lesser of 100% of billed charges",9024.56,,,,,,,Case Rate,". MPL 100/50/25% all add ons apply, and lesser of 100% of billed charges",,60,,,,,0,percent of total billed charges,60 percent of billed charges; No services were performed during the 15 month look back period.,,,,,,,,,,,78,,,,,0,percent of total billed charges,78 percent of billed charges; No services were performed during the 15 month look back period.,2733.74,,,,,,,Case Rate,"100 Percent of Medicaid APG. ",8427,,,,,,,Case Rate,". Primary procedure pays at 100%, all subsequent at 50%.",2733.74,,,,,,,Case Rate,"100 Percent of Medicaid APG. Not APG payable, or payable under another fee schedule like ASP/AWP pays at 30% of charges",3386.66,,,,,,,Case Rate,"100%Medicare OPPS FS. ",3386.66,,,,,,,Case Rate,"100% Medicare OPPS FS. ",25798,,,,,,,Case Rate,". MPL 100/75/50% all add ons apply, and lesser of 100% of billed charges",3386.66,,,,,,,Case Rate,"100% Medicare OPPS FS. ",3386.66,,,,,,,Case Rate,"100% Medicare OPPS FS. ",2733.74,,,,,,,Case Rate,"100 Percent of Medicaid APG. ",3386.66,,,,,,,Case Rate,"100% Medicare OPPS FS. ",3386.66,,,,,,,Case Rate,"100% Medicare OPPS FS. ",10024,,,,,,,Case Rate,". Primary procedure pays at 100%, secondary at 50%, all subsequent at 25%.  Lesser of applies when negotiated rates exceed charges less addons.",10024,,,,,,,Case Rate,". Primary procedure pays at 100%, secondary at 50%, all subsequent at 25%.  Lesser of applies when negotiated rates exceed charges less addons.",3386.66,,,,,,,Case Rate,"100% Medicare OPPS FS. ",,60,,,,,0,percent of total billed charges,60 percent of billed charges; No services were performed during the 15 month look back period.,9024.56,,,,,,,Case Rate,". MPL 100/50/25% all add ons apply, and lesser of 100% of billed charges",9024.56,,,,,,,Case Rate,". MPL 100/50/25% all add ons apply, and lesser of 100% of billed charges",3386.66,,,,,,,Case Rate,"100% Medicare OPPS FS. ",,60,,,,,0,percent of total billed charges,60 percent of billed charges; No services were performed during the 15 month look back period.,10024,,,,,,,Case Rate,". Primary procedure pays at 100%, secondary at 50%, all subsequent at 25%.  Lesser of applies when negotiated rates exceed charges less addons.",10024,,,,,,,Case Rate,". Primary procedure pays at 100%, secondary at 50%, all subsequent at 25%.  Lesser of applies when negotiated rates exceed charges less addons.",10024,,,,,,,Case Rate,". Primary procedure pays at 100%, secondary at 50%, all subsequent at 25%.  Lesser of applies when negotiated rates exceed charges less addons.",,78,,,,,0,percent of total billed charges,78 percent of billed charges; No services were performed during the 15 month look back period.,,78,,,,,0,percent of total billed charges,78 percent of billed charges; No services were performed during the 15 month look back period.,,78,,,,,0,percent of total billed charges,78 percent of billed charges; No services were performed during the 15 month look back period.,,78,,,,,0,percent of total billed charges,78 percent of billed charges; No services were performed during the 15 month look back period.,,78,,,,,0,percent of total billed charges,78 percent of billed charges; No services were performed during the 15 month look back period.,,78,,,,,0,percent of total billed charges,78 percent of billed charges; No services were performed during the 15 month look back period.,,78,,,,,0,percent of total billed charges,78 percent of billed charges; No services were performed during the 15 month look back period.,,78,,,,,0,percent of total billed charges,78 percent of billed charges; No services were performed during the 15 month look back period.,,78,,,,,0,percent of total billed charges,78 percent of billed charges; No services were performed during the 15 month look back period.,,78,,,,,0,percent of total billed charges,78 percent of billed charges; No services were performed during the 15 month look back period.,,78,,,,,0,percent of total billed charges,78 percent of billed charges; No services were performed during the 15 month look back period.,12574,,,,,,,Case Rate,". Primary procedure pays at 100%, all subsequent at 50%.",13586,,,,,,,Case Rate,". MPL 100/50/25% all add ons apply, and lesser of 100% of billed charges",,60,,,,,0,percent of total billed charges,60 percent of billed charges; No services were performed during the 15 month look back period.,3386.66,,,,,,,Case Rate,"100% Medicare OPPS FS. ",10024,,,,,,,Case Rate,". Primary procedure pays at 100%, secondary at 50%, all subsequent at 25%.  Lesser of applies when negotiated rates exceed charges less addons.",,60,,,,,0,percent of total billed charges,60 percent of billed charges; No services were performed during the 15 month look back period.,,60,,,,,0,percent of total billed charges,60 percent of billed charges; No services were performed during the 15 month look back period.,,78,,,,,0,percent of total billed charges,78 percent of billed charges; No services were performed during the 15 month look back period.,5850.21,,,,,,,Case Rate,"214 Percent of Medicaid APG. Drugs not priced under APG, billed with revenue code 636 and not priced by Medicare ASP FeeSched will be reimbursed at 20% of charges.",,60,,,,,0,percent of total billed charges,60 percent of billed charges; No services were performed during the 15 month look back period.,2733.74,,,,,,,Case Rate,"100 Percent of Medicaid APG. ",3386.66,,,,,,,Case Rate,"100% Medicare OPPS FS. ",3386.66,,,,,,,Case Rate,"100% Medicare OPPS FS. ",3386.66,,,,,,,Case Rate,"100% Medicare OPPS FS. ",3386.66,,,,,,,Case Rate,"100% Medicare OPPS FS. ",3386.66,,,,,,,Case Rate,"100% Medicare OPPS FS. ",3386.66,,,,,,,Case Rate,"100% Medicare OPPS FS. ",,60,,,,,0,percent of total billed charges,60 percent of billed charges; No services were performed during the 15 month look back period.,25798,,,,,,,Case Rate,". MPL 100/75/50% all add ons apply, and lesser of 100% of billed charges",4920.73,,,,,,,Fee Schedule,"180 Percent of Medicaid APG. ",4920.73,,,,,,,Fee Schedule,"180 Percent of Medicaid APG. ",4920.73,,,,,,,Fee Schedule,"180 Percent of Medicaid APG. ",4920.73,,,,,,,Fee Schedule,"180 Percent of Medicaid APG. ",4920.73,,,,,,,Fee Schedule,"180 Percent of Medicaid APG. ",,,,,,,,,,25798,,,,,,,Case Rate,". MPL 100/75/50% all add ons apply, and lesser of 100% of billed charges",6705.59,,,,,,,Case Rate,198 Percent of Medicare OPPS. Metroplus will reimburse unlisted codes and described codes with no Medicare rate at 50 percent of charges.,6705.59,,,,,,,Case Rate,198 Percent of Medicare OPPS. Metroplus will reimburse unlisted codes and described codes with no Medicare rate at 50 percent of charges.,6705.59,,,,,,,Case Rate,198 Percent of Medicare OPPS. Metroplus will reimburse unlisted codes and described codes with no Medicare rate at 50 percent of charges.,6705.59,,,,,,,Case Rate,198 Percent of Medicare OPPS. Metroplus will reimburse unlisted codes and described codes with no Medicare rate at 50 percent of charges.,6705.59,,,,,,,Case Rate,198 Percent of Medicare OPPS. Metroplus will reimburse unlisted codes and described codes with no Medicare rate at 50 percent of charges.,3386.66,,,,,,,Case Rate,"100% Medicare OPPS FS. ",12574,,,,,,,Case Rate,". Primary procedure pays at 100%, all subsequent at 50%.",12574,,,,,,,Case Rate,". Primary procedure pays at 100%, all subsequent at 50%.",12574,,,,,,,Case Rate,". Primary procedure pays at 100%, all subsequent at 50%.",12574,,,,,,,Case Rate,". Primary procedure pays at 100%, all subsequent at 50%.",10024,,,,,,,Case Rate,". Primary procedure pays at 100%, secondary at 50%, all subsequent at 25%.  Lesser of applies when negotiated rates exceed charges less addons.",10024,,,,,,,Case Rate,". Primary procedure pays at 100%, secondary at 50%, all subsequent at 25%.  Lesser of applies when negotiated rates exceed charges less addons.",10024,,,,,,,Case Rate,". Primary procedure pays at 100%, secondary at 50%, all subsequent at 25%.  Lesser of applies when negotiated rates exceed charges less addons.",10024,,,,,,,Case Rate,". Primary procedure pays at 100%, secondary at 50%, all subsequent at 25%.  Lesser of applies when negotiated rates exceed charges less addons.",25798,,,,,,,Case Rate,". MPL 100/75/50% all add ons apply, and lesser of 100% of billed charges",25798,,,,,,,Case Rate,". MPL 100/75/50% all add ons apply, and lesser of 100% of billed charges",3386.66,,,,,,,Case Rate,"100% Medicare OPPS FS. ",3386.66,,,,,,,Case Rate,"100% Medicare OPPS FS. ",3386.66,,,,,,,Case Rate,"100% Medicare OPPS FS. ",13586,,,,,,,Case Rate,". MPL 100/50/25% all add ons apply, and lesser of 100% of billed charges",13586,,,,,,,Case Rate,". MPL 100/50/25% all add ons apply, and lesser of 100% of billed charges",13586,,,,,,,Case Rate,". MPL 100/50/25% all add ons apply, and lesser of 100% of billed charges",25798,,,,,,,Case Rate,". MPL 100/75/50% all add ons apply, and lesser of 100% of billed charges",10024,,,,,,,Case Rate,". Primary procedure pays at 100%, secondary at 50%, all subsequent at 25%.  Lesser of applies when negotiated rates exceed charges less addons.",3386.66,,,,,,,Case Rate,"100% Medicare OPPS FS. ",13586,,,,,,,Case Rate,". MPL 100/50/25% all add ons apply, and lesser of 100% of billed charges",2733.74,,,,,,,Case Rate,"100 Percent of Medicaid APG. ",3454.4,,,,,,,Case Rate,"102% of Medicare OPPS. ",3454.4,,,,,,,Case Rate,"102% of Medicare OPPS. ",3454.4,,,,,,,Case Rate,"102% of Medicare OPPS. ",2733.74,,,,,,,Case rate,"100 Percent of Medicaid APG. ",6150.92,,,,,,,Case Rate,225% of NYS APG. Lesser of 100% of billed charges applies.,6150.92,,,,,,,Case Rate,225% of NYS APG. Lesser of 100% of billed charges applies.,6150.92,,,,,,,Case Rate,225% of NYS APG. Lesser of 100% of billed charges applies.,6150.92,,,,,,,Case Rate,225% of NYS APG. Lesser of 100% of billed charges applies.,6150.92,,,,,,,Case Rate,225% of NYS APG. Lesser of 100% of billed charges applies.,3454.4,,,,,,,Case Rate,"102% of Medicare OPPS. ",2733.74,,,,,,,Case Rate,"100 Percent of Medicaid APG. ",1228.42,,,,,,,Case Rate,100% of PAS. Lesser of 100% of billed charges applies.,6150.92,,,,,,,Case Rate,225% of NYS APG. Lesser of 100% of billed charges applies.,6150.92,,,,,,,Case Rate,225% of NYS APG. Lesser of 100% of billed charges applies.,1228.42,,,,,,,Case Rate,100% of PAS. Lesser of 100% of billed charges applies.,1228.42,,,,,,,Case Rate,100% of PAS. Lesser of 100% of billed charges applies.,4920.73,,,,,,,Fee Schedule,"180 Percent of Medicaid APG. ",3386.66,,,,,,,Case Rate,"100% Medicare OPPS FS. ",3386.66,,,,,,,Case Rate,"100% Medicare OPPS FS. ",10024,,,,,,,Case Rate,". Primary procedure pays at 100%, secondary at 50%, all subsequent at 25%.  Lesser of applies when negotiated rates exceed charges less addons.",3386.66,,,,,,,Case Rate,"100% Medicare OPPS FS. ",6150.92,,,,,,,Case Rate,"225 Percent of Medicaid APG. ",6150.92,,,,,,,Case Rate,"225 Percent of Medicaid APG. ",2733.74,,,,,,,Case rate,"100 Percent of Medicaid APG. ",2733.74,,,,,,,Case rate,"100 Percent of Medicaid APG. ",6150.92,,,,,,,Case Rate,225 Percent of Medicaid APG. Covered services not payable under Medicaid Fee Schedules default to a payment of 87.5 percent of charges.,2733.74,,,,,,,Case rate,124 Percent of Medicaid APG. Covered services not payable under Medicaid Fee Schedules default to a payment of 50 percent of charges.,6150.92,,,,,,,Case Rate,"100 Percent of Medicaid APG. ",6150.92,,,,,,,Case Rate,"100 Percent of Medicaid APG. ",6150.92,,,,,,,Case Rate,"100 Percent of Medicaid APG. ",6150.92,,,,,,,Case Rate,"100 Percent of Medicaid APG. ",13453,,,,,,,Case Rate,". MPL 100/75/50% all add ons apply, and lesser of 100% of billed charges",25798,,,,,,,Case Rate,". MPL 100/75/50% all add ons apply, and lesser of 100% of billed charges",3280.49,,,,,,,Case Rate,"120 Percent of Medicaid APG. Not APG payable, or payable under another fee schedule like ASP/AWP pays at 30% of charges",3280.49,,,,,,,Case Rate,"120 Percent of Medicaid APG. Not APG payable, or payable under another fee schedule like ASP/AWP pays at 30% of charges",2733.74,,,,,,,Case Rate,"100 Percent of Medicaid APG. Not APG payable, or payable under another fee schedule like ASP/AWP pays at 30% of charges",2733.74,,,,,,,Case Rate,"100 Percent of Medicaid APG. Not APG payable, or payable under another fee schedule like ASP/AWP pays at 30% of charges",13586,,,,,,,Case Rate,". MPL 100/50/25% all add ons apply, and lesser of 100% of billed charges",13586,,,,,,,Case Rate,". MPL 100/50/25% all add ons apply, and lesser of 100% of billed charges",3386.66,,,,,,,Case Rate,"100% Medicare OPPS FS. ",13586,,,,,,,Case Rate,". MPL 100/50/25% all add ons apply, and lesser of 100% of billed charges",13586,,,,,,,Case Rate,". MPL 100/50/25% all add ons apply, and lesser of 100% of billed charges",13586,,,,,,,Case Rate,". MPL 100/50/25% all add ons apply, and lesser of 100% of billed charges",13586,,,,,,,Case Rate,". MPL 100/50/25% all add ons apply, and lesser of 100% of billed charges",3386.66,,,,,,,Case Rate,"100% Medicare OPPS FS. ",13586,,,,,,,Case Rate,". MPL 100/50/25% all add ons apply, and lesser of 100% of billed charges",13586,,,,,,,Case Rate,". MPL 100/50/25% all add ons apply, and lesser of 100% of billed charges",10024,,,,,,,Case Rate,". Primary procedure pays at 100%, secondary at 50%, all subsequent at 25%.  Lesser of applies when negotiated rates exceed charges less addons.",2733.74,,,,,,,Fee Schedule,100% APG. Lesser of 100% of billed charges applies.,2733.74,,,,,,,Case rate,124 Percent of Medicaid APG. Covered services not payable under Medicaid Fee Schedules default to a payment of 50 percent of charges.,6150.92,,,,,,,Case Rate,225% of NYS APG. Lesser of 100% of billed charges applies.,6150.92,,,,,,,Case Rate,225 Percent of Medicaid APG. Covered services not payable under Medicaid Fee Schedules default to a payment of 87.5 percent of charges.,2733.74,,,,,,,Case rate,124 Percent of Medicaid APG. Covered services not payable under Medicaid Fee Schedules default to a payment of 50 percent of charges.,6150.92,,,,,,,Case Rate,225% of NYS APG. Lesser of 100% of billed charges applies.,6150.92,,,,,,,Case Rate,225% of NYS APG. Lesser of 100% of billed charges applies.,6150.92,,,,,,,Case Rate,225% of NYS APG. Lesser of 100% of billed charges applies.,6150.92,,,,,,,Case Rate,225% of NYS APG. Lesser of 100% of billed charges applies.,6150.92,,,,,,,Case Rate,225% of NYS APG. Lesser of 100% of billed charges applies.,6150.92,,,,,,,Case Rate,225% of NYS APG. Lesser of 100% of billed charges applies.,,,,,,,,,,,,,,,,,,,,,,,,,,,,,60,,,,,0,percent of total billed charges,60 percent of billed charges; No services were performed during the 15 month look back period.,,,,,,,,,,3386.66,,,,,,,Case Rate,"100% Medicare OPPS FS. ",7084,,,,,,,Case Rate,". MPL 1st 100% of Payment Rate 50% of all others, all add ons apply, and lesser of 100% of billed charges.",3386.66,,,,,,,Case Rate,"100% Medicare OPPS FS. ",3386.66,,,,,,,Case Rate,"100% Medicare OPPS FS. ",3280.49,,,,,,,Case Rate,"120 Percent of Medicaid APG. Not APG payable, or payable under another fee schedule like ASP/AWP pays at 30% of charges",3280.49,,,,,,,Case Rate,"120 Percent of Medicaid APG. Not APG payable, or payable under another fee schedule like ASP/AWP pays at 30% of charges",2733.74,,,,,,,Case Rate,"100 Percent of Medicaid APG. Not APG payable, or payable under another fee schedule like ASP/AWP pays at 30% of charges",2733.74,,,,,,,Case Rate,"100 Percent of Medicaid APG. Not APG payable, or payable under another fee schedule like ASP/AWP pays at 30% of charges",2733.74,,,,,,,Case Rate,"100 Percent of Medicaid APG. ",7163,,,,,,,Case Rate,". ",10024,,,,,,,Case Rate,". Primary procedure pays at 100%, secondary at 50%, all subsequent at 25%.  Lesser of applies when negotiated rates exceed charges less addons.",8427,,,,,,,Case Rate,". Primary procedure pays at 100%, all subsequent at 50%.",,60,,,,,0,percent of total billed charges,60 percent of billed charges; No services were performed during the 15 month look back period.,3386.66,,,,,,,Case Rate,"100%Medicare OPPS FS. ",3386.66,,,,,,,Case Rate,"100% Medicare OPPS FS. ",3386.66,,,,,,,Case Rate,"100% Medicare OPPS FS. ",3386.66,,,,,,,Case Rate,"100% Medicare OPPS FS. ",3386.66,,,,,,,Case Rate,"100%Medicare OPPS FS. ",3386.66,,,,,,,Case Rate,"100% Medicare OPPS FS. ",,,,,,,,,,6150.92,,,,,,,Case Rate,225% of NYS APG. Lesser of 100% of billed charges applies.,1228.42,,,,,,,Case Rate,100% of PAS. Lesser of 100% of billed charges applies.,13586,,,,,,,Case Rate,". MPL 100/50/25% all add ons apply, and lesser of 100% of billed charges",7163,,,,,,,Case Rate,". ",7163,,,,,,,Case Rate,". ",7163,,,,,,,Case Rate,". ",7163,,,,,,,Case Rate,". ",3386.66,,,,,,,Case Rate,"100% Medicare OPPS FS. ",2733.74,,,,,,,Case Rate,"100 Percent of Medicaid APG. ",13586,,,,,,,Case Rate,". MPL 100/50/25% all add ons apply, and lesser of 100% of billed charges",2733.74,,,,,,,Case Rate,"100 Percent of Medicaid APG. ",3386.66,,,,,,,Case Rate,"100% Medicare OPPS FS. ",2733.74,,,,,,,Case Rate,"100 Percent of Medicaid APG. ",3386.66,,,,,,,Case Rate,"100% Medicare OPPS FS. ",3386.66,,,,,,,Case Rate,"100% Medicare OPPS FS. ",2733.74,,,,,,,Case Rate,"100 Percent of Medicaid APG. ",2733.74,,,,,,,Case Rate,"100 Percent of Medicaid APG. ",7163,,,,,,,Case Rate,". ",,60,,,,,0,percent of total billed charges,60 percent of billed charges; No services were performed during the 15 month look back period.,,78,,,,,0,percent of total billed charges,78 percent of billed charges; No services were performed during the 15 month look back period.,9024.56,,,,,,,Case Rate,". MPL 100/50/25% all add ons apply, and lesser of 100% of billed charges",9024.56,,,,,,,Case Rate,". MPL 100/50/25% all add ons apply, and lesser of 100% of billed charges",10024,,,,,,,Case Rate,". Primary procedure pays at 100%, secondary at 50%, all subsequent at 25%.  Lesser of applies when negotiated rates exceed charges less addons.",1154.1,,,,,,,Case Rate,"83% HF Fee schedule. ",12574,,,,,,,Case Rate,". Primary procedure pays at 100%, all subsequent at 50%.",12574,,,,,,,Case Rate,". Primary procedure pays at 100%, all subsequent at 50%.",10869,,,,,,,Case Rate,". MPL 100/50/25% all add ons apply, and lesser of 100% of billed charges",10869,,,,,,,Case Rate,". MPL 100/50/25% all add ons apply, and lesser of 100% of billed charges",3386.66,,,,,,,Case Rate,"100% Medicare OPPS FS. ",3386.66,,,,,,,Case Rate,"100% Medicare OPPS FS. ",3386.66,,,,,,,Case Rate,"100% Medicare OPPS FS. ",3386.66,,,,,,,Case Rate,"100% Medicare OPPS FS. ",9024.56,,,,,,,Case Rate,". MPL 100/50/25% all add ons apply, and lesser of 100% of billed charges",13586,,,,,,,Case Rate,". MPL 100/50/25% all add ons apply, and lesser of 100% of billed charges",13586,,,,,,,Case Rate,". MPL 100/50/25% all add ons apply, and lesser of 100% of billed charges",3386.66,,,,,,,Case Rate,"100% Medicare OPPS FS. ",10869,,,,,,,Case Rate,". MPL 100/50/25% all add ons apply, and lesser of 100% of billed charges",8427,,,,,,,Case Rate,". Primary procedure pays at 100%, all subsequent at 50%.",3280.49,,,,,,,Fee Schedule,"120 Percent of Medicaid APG. ",2733.74,,,,,,,Case Rate,"100 Percent of Medicaid APG. ",7163,,,,,,,Case Rate,". ",12227,,,,,,,Case Rate,". MPL 100/50/25% all add ons apply, and lesser of 100% of billed charges",12227,,,,,,,Case Rate,". MPL 100/50/25% all add ons apply, and lesser of 100% of billed charges",13586,,,,,,,Case Rate,". MPL 100/50/25% all add ons apply, and lesser of 100% of billed charges",14948,,,,,,,Case Rate,". MPL 100/75/50% all add ons apply, and lesser of 100% of billed charges",3386.66,,,,,,,Case Rate,"100%Medicare OPPS FS. ",2870.43,,,,,,,Fee Schedule,105 percent of Medicaid APG. otherwise 105% of Ordered NYS MCD FS or 105% of ASP+6%,2870.43,,,,,,,Fee Schedule,105 percent of Medicaid APG. otherwise 105% of Ordered NYS MCD FS or 105% of ASP+6%,2870.43,,,,,,,Fee Schedule,105 percent of Medicaid APG. otherwise 105% of Ordered NYS MCD FS or 105% of ASP+6%,3690.55,,,,,,,Fee Schedule,135 percent of Medicaid APG. otherwise 135% of Ordered NYS MCD FS or 135% of ASP+6%,9024.56,,,,,,,Case Rate,". MPL 100/50/25% all add ons apply, and lesser of 100% of billed charges",2870.43,,,,,,,Fee Schedule,105 percent of Medicaid APG. otherwise 105% of Ordered NYS MCD FS or 105% of ASP+6%,2870.43,,,,,,,Fee Schedule,105 percent of Medicaid APG. otherwise 105% of Ordered NYS MCD FS or 105% of ASP+6%,2870.43,,,,,,,Fee Schedule,105 percent of Medicaid APG. otherwise 105% of Ordered NYS MCD FS or 105% of ASP+6%,2870.43,,,,,,,Fee Schedule,105 percent of Medicaid APG. otherwise 105% of Ordered NYS MCD FS or 105% of ASP+6%,2870.43,,,,,,,Fee Schedule,105 percent of Medicaid APG. otherwise 105% of Ordered NYS MCD FS or 105% of ASP+6%,3690.55,,,,,,,Fee Schedule,135 percent of Medicaid APG. otherwise 135% of Ordered NYS MCD FS or 135% of ASP+6%,3690.55,,,,,,,Fee Schedule,135 percent of Medicaid APG. otherwise 135% of Ordered NYS MCD FS or 135% of ASP+6%,3386.66,,,,,,,Case Rate,"100% Medicare OPPS FS. ",9024.56,,,,,,,Case Rate,". MPL 100/50/25% all add ons apply, and lesser of 100% of billed charges",3386.66,,,,,,,Case Rate,"100% Medicare OPPS FS. ",2870.43,,,,,,,Fee Schedule,105 percent of Medicaid APG. otherwise 105% of Ordered NYS MCD FS or 105% of ASP+6%,13586,,,,,,,Case Rate,". MPL 100/50/25% all add ons apply, and lesser of 100% of billed charges",3386.66,,,,,,,Case Rate,"100% Medicare OPPS FS. ",13586,,,,,,,Case Rate,". MPL 100/50/25% all add ons apply, and lesser of 100% of billed charges",13586,,,,,,,Case Rate,". MPL 100/50/25% all add ons apply, and lesser of 100% of billed charges",13586,,,,,,,Case Rate,". MPL 100/50/25% all add ons apply, and lesser of 100% of billed charges",2870.43,,,,,,,Fee Schedule,105 percent of Medicaid APG. otherwise 105% of Ordered NYS MCD FS or 105% of ASP+6%,3386.66,,,,,,,Case Rate,"100% Medicare OPPS FS. ",13586,,,,,,,Case Rate,". MPL 100/50/25% all add ons apply, and lesser of 100% of billed charges",3690.55,,,,,,,Fee Schedule,135 percent of Medicaid APG. otherwise 135% of Ordered NYS MCD FS or 135% of ASP+6%,13586,,,,,,,Case Rate,". MPL 100/50/25% all add ons apply, and lesser of 100% of billed charges",,200,,,,,0,Case Rate,200% of Medicare OPPS. ; No services were performed during the 15 month look back period.,3386.66,,,,,,,Case Rate,"100%Medicare OPPS FS. ",7163,,,,,,,Case Rate,". ",7163,,,,,,,Case Rate,". ",7163,,,,,,,Case Rate,". ",7163,,,,,,,Case Rate,". ",7163,,,,,,,Case Rate,". ",8427,,,,,,,Case Rate,". Primary procedure pays at 100%, all subsequent at 50%.",8427,,,,,,,Case Rate,". Primary procedure pays at 100%, all subsequent at 50%.",7163,,,,,,,Case Rate,". ",7163,,,,,,,Case Rate,". ",7163,,,,,,,Case Rate,". ",7163,,,,,,,Case Rate,". ",7163,,,,,,,Case Rate,". ",3386.66,,,,,,,Case Rate,"100% Medicare OPPS FS. ",8427,,,,,,,Case Rate,". Primary procedure pays at 100%, all subsequent at 50%.",3386.66,,,,,,,Case Rate,"100% Medicare OPPS FS. ",6150.92,,,,,,,Case Rate,"225 Percent of Medicaid APG. If not included in Medicaid APG, then 100 Percent of Manhattan Medicare",2733.74,,,,,,,Case Rate,"100 Percent of Medicaid APG. ",9024.56,,,,,,,Case Rate,". MPL 100/50/25% all add ons apply, and lesser of 100% of billed charges",9024.56,,,,,,,Case Rate,". MPL 100/50/25% all add ons apply, and lesser of 100% of billed charges",3386.66,,,,,,,Case Rate,"100% Medicare OPPS FS. ",12574,,,,,,,Case Rate,". Primary procedure pays at 100%, all subsequent at 50%.",3386.66,,,,,,,Case Rate,"100% Medicare OPPS FS. ",3386.66,,,,,,,Case Rate,"100% Medicare OPPS FS. ",10024,,,,,,,Case Rate,". Primary procedure pays at 100%, secondary at 50%, all subsequent at 25%.  Lesser of applies when negotiated rates exceed charges less addons.",3386.66,,,,,,,Case Rate,"100% Medicare OPPS FS. ",,60,,,,,0,percent of total billed charges,60 percent of billed charges; No services were performed during the 15 month look back period.,3386.66,,,,,,,Case Rate,"100% Medicare OPPS FS. ",,60,,,,,0,percent of total billed charges,60 percent of billed charges; No services were performed during the 15 month look back period.,10024,,,,,,,Case Rate,". Primary procedure pays at 100%, secondary at 50%, all subsequent at 25%.  Lesser of applies when negotiated rates exceed charges less addons.",,60,,,,,0,percent of total billed charges,60 percent of billed charges; No services were performed during the 15 month look back period.,3386.66,,,,,,,Case Rate,"100% Medicare OPPS FS. ",2733.74,,,,,,,Case Rate,"100 Percent of Medicaid APG. ",3386.66,,,,,,,Case Rate,"100% Medicare OPPS FS. ",,60,,,,,0,percent of total billed charges,60 percent of billed charges; No services were performed during the 15 month look back period.,9024.56,,,,,,,Case Rate,". MPL 100/50/25% all add ons apply, and lesser of 100% of billed charges",2733.74,,,,,,,Case Rate,"100 Percent of Medicaid APG. ",13586,,,,,,,Case Rate,". MPL 100/50/25% all add ons apply, and lesser of 100% of billed charges",3280.49,,,,,,,Fee Schedule,"120 Percent of Medicaid APG. ",3280.49,,,,,,,Fee Schedule,"120 Percent of Medicaid APG. ",13586,,,,,,,Case Rate,". MPL 100/50/25% all add ons apply, and lesser of 100% of billed charges",13586,,,,,,,Case Rate,". MPL 100/50/25% all add ons apply, and lesser of 100% of billed charges",13586,,,,,,,Case Rate,". MPL 100/50/25% all add ons apply, and lesser of 100% of billed charges",9024.56,,,,,,,Case Rate,". MPL 100/50/25% all add ons apply, and lesser of 100% of billed charges",13586,,,,,,,Case Rate,". MPL 100/50/25% all add ons apply, and lesser of 100% of billed charges",13586,,,,,,,Case Rate,". MPL 100/50/25% all add ons apply, and lesser of 100% of billed charges",13586,,,,,,,Case Rate,". MPL 100/50/25% all add ons apply, and lesser of 100% of billed charges",7163,,,,,,,Case Rate,". ",7163,,,,,,,Case Rate,". ",6705.59,,,,,,,Case Rate,198 Percent of Medicare OPPS. Metroplus will reimburse unlisted codes and described codes with no Medicare rate at 50 percent of charges.,2733.74,,,,,,,Case Rate,"100 Percent of Medicaid APG. ",9024.56,,,,,,,Case Rate,". MPL 100/50/25% all add ons apply, and lesser of 100% of billed charges",,60,,,,,0,percent of total billed charges,60 percent of billed charges; No services were performed during the 15 month look back period.,10024,,,,,,,Case Rate,". Primary procedure pays at 100%, secondary at 50%, all subsequent at 25%.  Lesser of applies when negotiated rates exceed charges less addons.",9024.56,,,,,,,Case Rate,". MPL 100/50/25% all add ons apply, and lesser of 100% of billed charges",10024,,,,,,,Case Rate,". Primary procedure pays at 100%, secondary at 50%, all subsequent at 25%.  Lesser of applies when negotiated rates exceed charges less addons.",9024.56,,,,,,,Case Rate,". MPL 100/50/25% all add ons apply, and lesser of 100% of billed charges",13586,,,,,,,Case Rate,". MPL 100/50/25% all add ons apply, and lesser of 100% of billed charges",13586,,,,,,,Case Rate,". MPL 100/50/25% all add ons apply, and lesser of 100% of billed charges",13586,,,,,,,Case Rate,". MPL 100/50/25% all add ons apply, and lesser of 100% of billed charges",13586,,,,,,,Case Rate,". MPL 100/50/25% all add ons apply, and lesser of 100% of billed charges",3386.66,,,,,,,Case Rate,"100% Medicare OPPS FS. ",1154.1,25798,
20240,CPT,,,490,RC,BONE BIOPSY OPEN SUPERFICIAL,,,both,,,,5941,,,,,,,Case Rate,". MPL 1st 100% of Payment Rate 50% of all others, all add ons apply, and lesser of 100% of billed charges.",5941,,,,,,,Case Rate,". MPL 1st 100% of Payment Rate 50% of all others, all add ons apply, and lesser of 100% of billed charges.",8442,,,,,,,Case Rate,". Primary procedure pays at 100%, secondary at 50%, all subsequent at 25%.  Lesser of applies when negotiated rates exceed charges less addons.",,100,,,,,0,percent of total billed charges,100 percent of billed charges. ; No services were performed during the 15 month look back period.,3386.66,,,,,,,Case Rate,"100% Medicare OPPS FS. ",8442,,,,,,,Case Rate,". Primary procedure pays at 100%, secondary at 50%, all subsequent at 25%.  Lesser of applies when negotiated rates exceed charges less addons.",8442,,,,,,,Case Rate,". Primary procedure pays at 100%, secondary at 50%, all subsequent at 25%.  Lesser of applies when negotiated rates exceed charges less addons.",8442,,,,,,,Case Rate,". Primary procedure pays at 100%, secondary at 50%, all subsequent at 25%.  Lesser of applies when negotiated rates exceed charges less addons.",1765.8,,,,,,,Case Rate,"100 Percent of Medicaid APG. ",1471.5,,,,,,,Case Rate,"100 Percent of Medicaid APG. ",,78,,,,,0,percent of total billed charges,78% of Billed Charges. Lesser of 100% of billed charges applies.; No services were performed during the 15 month look back period.,9024.56,,,,,,,Case Rate,". MPL 100/50/25% all add ons apply, and lesser of 100% of billed charges",1471.5,,,,,,,Case Rate,"100 Percent of Medicaid APG. ",3386.66,,,,,,,Case Rate,"100% Medicare OPPS FS. ",6487,,,,,,,Case Rate,". MPL 100/50/25% maxmium of 3 procedures. All add ons apply, and lesser of 100% of billed charges",6487,,,,,,,Case Rate,". MPL 100/50/25% maxmium of 3 procedures. All add ons apply, and lesser of 100% of billed charges",6487,,,,,,,Case Rate,". MPL 100/50/25% maxmium of 3 procedures. All add ons apply, and lesser of 100% of billed charges",6487,,,,,,,Case Rate,". MPL 100/50/25% maxmium of 3 procedures. All add ons apply, and lesser of 100% of billed charges",1471.5,,,,,,,Case rate,124 Percent of Medicaid APG. Covered services not payable under Medicaid Fee Schedules default to a payment of 50 percent of charges.,3386.66,,,,,,,Case Rate,"100% Medicare OPPS FS. ",1471.5,,,,,,,Case rate,124 Percent of Medicaid APG. Covered services not payable under Medicaid Fee Schedules default to a payment of 50 percent of charges.,,78,,,,,0,percent of total billed charges,78% of Billed Charges. Lesser of 100% of billed charges applies.; No services were performed during the 15 month look back period.,8442,,,,,,,Case Rate,". Primary procedure pays at 100%, secondary at 50%, all subsequent at 25%.  Lesser of applies when negotiated rates exceed charges less addons.",3386.66,,,,,,,Case Rate,"100%Medicare OPPS FS. ",8427,,,,,,,Case Rate,". Primary procedure pays at 100%, all subsequent at 50%.",3386.66,,,,,,,Case Rate,"100%Medicare OPPS FS. ",3386.66,,,,,,,Case Rate,"100%Medicare OPPS FS. ",,78,,,,,0,percent of total billed charges,78% of Billed Charges. Lesser of 100% of billed charges applies.; No services were performed during the 15 month look back period.,1228.42,,,,,,,Case Rate,100% of PAS. Lesser of 100% of billed charges applies.,1228.42,,,,,,,Case Rate,100% of PAS. Lesser of 100% of billed charges applies.,1471.5,,,,,,,Case rate,"100 Percent of Medicaid APG. ",1471.5,,,,,,,Case rate,"100 Percent of Medicaid APG. ",8427,,,,,,,Case Rate,". Primary procedure pays at 100%, all subsequent at 50%.",8427,,,,,,,Case Rate,". Primary procedure pays at 100%, all subsequent at 50%.",1471.5,,,,,,,Case Rate,"100 Percent of Medicaid APG. Not APG payable, or payable under another fee schedule like ASP/AWP pays at 30% of charges",8427,,,,,,,Case Rate,". Primary procedure pays at 100%, all subsequent at 50%.",1471.5,,,,,,,Case Rate,"100 Percent of Medicaid APG. Not APG payable, or payable under another fee schedule like ASP/AWP pays at 30% of charges",3386.66,,,,,,,Case Rate,"100%Medicare OPPS FS. ",8427,,,,,,,Case Rate,". Primary procedure pays at 100%, all subsequent at 50%.",,78,,,,,0,percent of total billed charges,78% of Billed Charges. Lesser of 100% of billed charges applies.; No services were performed during the 15 month look back period.,1471.5,,,,,,,Case Rate,"100 Percent of Medicaid APG. ",1471.5,,,,,,,Case Rate,"100 Percent of Medicaid APG. ",,78,,,,,0,percent of total billed charges,78% of Billed Charges. Lesser of 100% of billed charges applies.; No services were performed during the 15 month look back period.,6487,,,,,,,Case Rate,". MPL 100/50/25% maxmium of 3 procedures. All add ons apply, and lesser of 100% of billed charges",7929,,,,,,,Case Rate,". MPL 100/50/25% all add ons apply, and lesser of 100% of billed charges",7929,,,,,,,Case Rate,". MPL 100/50/25% all add ons apply, and lesser of 100% of billed charges",,78,,,,,0,percent of total billed charges,78% of Billed Charges. Lesser of 100% of billed charges applies.; No services were performed during the 15 month look back period.,3386.66,,,,,,,Case Rate,"100% Medicare OPPS FS. ",9024.56,,,,,,,Case Rate,". MPL 100/50/25% all add ons apply, and lesser of 100% of billed charges",9024.56,,,,,,,Case Rate,". MPL 100/50/25% all add ons apply, and lesser of 100% of billed charges",9024.56,,,,,,,Case Rate,". MPL 100/50/25% all add ons apply, and lesser of 100% of billed charges",3386.66,,,,,,,Case Rate,"100% Medicare OPPS FS. ",9024.56,,,,,,,Case Rate,". MPL 100/50/25% all add ons apply, and lesser of 100% of billed charges",9024.56,,,,,,,Case Rate,". MPL 100/50/25% all add ons apply, and lesser of 100% of billed charges",3386.66,,,,,,,Case Rate,"100% of Medicare OPPS. ",25798,,,,,,,Case Rate,". MPL 100/75/50% all add ons apply, and lesser of 100% of billed charges",13586,,,,,,,Case Rate,". MPL 100/50/25% all add ons apply, and lesser of 100% of billed charges",13586,,,,,,,Case Rate,". MPL 100/50/25% all add ons apply, and lesser of 100% of billed charges",13586,,,,,,,Case Rate,". MPL 100/50/25% all add ons apply, and lesser of 100% of billed charges",13586,,,,,,,Case Rate,". MPL 100/50/25% all add ons apply, and lesser of 100% of billed charges",13586,,,,,,,Case Rate,". MPL 100/50/25% all add ons apply, and lesser of 100% of billed charges",13586,,,,,,,Case Rate,". MPL 100/50/25% all add ons apply, and lesser of 100% of billed charges",3386.66,,,,,,,Case Rate,"100% Medicare OPPS FS. ",3386.66,,,,,,,Case Rate,"100% Medicare OPPS FS. ",13586,,,,,,,Case Rate,". MPL 100/50/25% all add ons apply, and lesser of 100% of billed charges",,78,,,,,0,percent of total billed charges,78% of Billed Charges. Lesser of 100% of billed charges applies.; No services were performed during the 15 month look back period.,,78,,,,,0,percent of total billed charges,78% of Billed Charges. Lesser of 100% of billed charges applies.; No services were performed during the 15 month look back period.,,78,,,,,0,percent of total billed charges,78% of Billed Charges. Lesser of 100% of billed charges applies.; No services were performed during the 15 month look back period.,,78,,,,,0,percent of total billed charges,78% of Billed Charges. Lesser of 100% of billed charges applies.; No services were performed during the 15 month look back period.,,78,,,,,0,percent of total billed charges,78% of Billed Charges. Lesser of 100% of billed charges applies.; No services were performed during the 15 month look back period.,,78,,,,,0,percent of total billed charges,78% of Billed Charges. Lesser of 100% of billed charges applies.; No services were performed during the 15 month look back period.,,78,,,,,0,percent of total billed charges,78% of Billed Charges. Lesser of 100% of billed charges applies.; No services were performed during the 15 month look back period.,,78,,,,,0,percent of total billed charges,78% of Billed Charges. Lesser of 100% of billed charges applies.; No services were performed during the 15 month look back period.,,78,,,,,0,percent of total billed charges,78% of Billed Charges. Lesser of 100% of billed charges applies.; No services were performed during the 15 month look back period.,,78,,,,,0,percent of total billed charges,78% of Billed Charges. Lesser of 100% of billed charges applies.; No services were performed during the 15 month look back period.,,78,,,,,0,percent of total billed charges,78% of Billed Charges. Lesser of 100% of billed charges applies.; No services were performed during the 15 month look back period.,,78,,,,,0,percent of total billed charges,78% of Billed Charges. Lesser of 100% of billed charges applies.; No services were performed during the 15 month look back period.,,78,,,,,0,percent of total billed charges,78% of Billed Charges. Lesser of 100% of billed charges applies.; No services were performed during the 15 month look back period.,,78,,,,,0,percent of total billed charges,78% of Billed Charges. Lesser of 100% of billed charges applies.; No services were performed during the 15 month look back period.,,78,,,,,0,percent of total billed charges,78% of Billed Charges. Lesser of 100% of billed charges applies.; No services were performed during the 15 month look back period.,,78,,,,,0,percent of total billed charges,78% of Billed Charges. Lesser of 100% of billed charges applies.; No services were performed during the 15 month look back period.,,78,,,,,0,percent of total billed charges,78% of Billed Charges. Lesser of 100% of billed charges applies.; No services were performed during the 15 month look back period.,,78,,,,,0,percent of total billed charges,78% of Billed Charges. Lesser of 100% of billed charges applies.; No services were performed during the 15 month look back period.,,78,,,,,0,percent of total billed charges,78% of Billed Charges. Lesser of 100% of billed charges applies.; No services were performed during the 15 month look back period.,,78,,,,,0,percent of total billed charges,78% of Billed Charges. Lesser of 100% of billed charges applies.; No services were performed during the 15 month look back period.,,78,,,,,0,percent of total billed charges,78% of Billed Charges. Lesser of 100% of billed charges applies.; No services were performed during the 15 month look back period.,,78,,,,,0,percent of total billed charges,78% of Billed Charges. Lesser of 100% of billed charges applies.; No services were performed during the 15 month look back period.,,78,,,,,0,percent of total billed charges,78% of Billed Charges. Lesser of 100% of billed charges applies.; No services were performed during the 15 month look back period.,,78,,,,,0,percent of total billed charges,78% of Billed Charges. Lesser of 100% of billed charges applies.; No services were performed during the 15 month look back period.,,78,,,,,0,percent of total billed charges,78% of Billed Charges. Lesser of 100% of billed charges applies.; No services were performed during the 15 month look back period.,,78,,,,,0,percent of total billed charges,78% of Billed Charges. Lesser of 100% of billed charges applies.; No services were performed during the 15 month look back period.,8427,,,,,,,Case Rate,". Primary procedure pays at 100%, all subsequent at 50%.",8427,,,,,,,Case Rate,". Primary procedure pays at 100%, all subsequent at 50%.",8427,,,,,,,Case Rate,". Primary procedure pays at 100%, all subsequent at 50%.",8427,,,,,,,Case Rate,". Primary procedure pays at 100%, all subsequent at 50%.",12574,,,,,,,Case Rate,". Primary procedure pays at 100%, all subsequent at 50%.",12574,,,,,,,Case Rate,". Primary procedure pays at 100%, all subsequent at 50%.",6487,,,,,,,Case Rate,". MPL 100/50/25% maxmium of 3 procedures. All add ons apply, and lesser of 100% of billed charges",13586,,,,,,,Case Rate,". MPL 100/50/25% all add ons apply, and lesser of 100% of billed charges",9024.56,,,,,,,Case Rate,". MPL 100/50/25% all add ons apply, and lesser of 100% of billed charges",13586,,,,,,,Case Rate,". MPL 100/50/25% all add ons apply, and lesser of 100% of billed charges",,78,,,,,0,percent of total billed charges,78% of Billed Charges. Lesser of 100% of billed charges applies.; No services were performed during the 15 month look back period.,12574,,,,,,,Case Rate,". Primary procedure pays at 100%, all subsequent at 50%.",13586,,,,,,,Case Rate,". MPL 100/50/25% all add ons apply, and lesser of 100% of billed charges",9024.56,,,,,,,Case Rate,". MPL 100/50/25% all add ons apply, and lesser of 100% of billed charges",6487,,,,,,,Case Rate,". MPL 100/50/25% maxmium of 3 procedures. All add ons apply, and lesser of 100% of billed charges",,,,,,,,,"NA. ",,78,,,,,0,percent of total billed charges,78% of Billed Charges. Lesser of 100% of billed charges applies.; No services were performed during the 15 month look back period.,1471.5,,,,,,,Case Rate,"100 Percent of Medicaid APG. ",8427,,,,,,,Case Rate,". Primary procedure pays at 100%, all subsequent at 50%.",1471.5,,,,,,,Case Rate,"100 Percent of Medicaid APG. Not APG payable, or payable under another fee schedule like ASP/AWP pays at 30% of charges",3386.66,,,,,,,Case Rate,"100%Medicare OPPS FS. ",3386.66,,,,,,,Case Rate,"100% Medicare OPPS FS. ",25798,,,,,,,Case Rate,". MPL 100/75/50% all add ons apply, and lesser of 100% of billed charges",3386.66,,,,,,,Case Rate,"100% Medicare OPPS FS. ",3386.66,,,,,,,Case Rate,"100% Medicare OPPS FS. ",1471.5,,,,,,,Case Rate,"100 Percent of Medicaid APG. ",3386.66,,,,,,,Case Rate,"100% Medicare OPPS FS. ",3386.66,,,,,,,Case Rate,"100% Medicare OPPS FS. ",8442,,,,,,,Case Rate,". Primary procedure pays at 100%, secondary at 50%, all subsequent at 25%.  Lesser of applies when negotiated rates exceed charges less addons.",8442,,,,,,,Case Rate,". Primary procedure pays at 100%, secondary at 50%, all subsequent at 25%.  Lesser of applies when negotiated rates exceed charges less addons.",3386.66,,,,,,,Case Rate,"100% Medicare OPPS FS. ",6487,,,,,,,Case Rate,". MPL 100/50/25% maxmium of 3 procedures. All add ons apply, and lesser of 100% of billed charges",9024.56,,,,,,,Case Rate,". MPL 100/50/25% all add ons apply, and lesser of 100% of billed charges",9024.56,,,,,,,Case Rate,". MPL 100/50/25% all add ons apply, and lesser of 100% of billed charges",3386.66,,,,,,,Case Rate,"100% Medicare OPPS FS. ",6487,,,,,,,Case Rate,". MPL 100/50/25% maxmium of 3 procedures. All add ons apply, and lesser of 100% of billed charges",8442,,,,,,,Case Rate,". Primary procedure pays at 100%, secondary at 50%, all subsequent at 25%.  Lesser of applies when negotiated rates exceed charges less addons.",8442,,,,,,,Case Rate,". Primary procedure pays at 100%, secondary at 50%, all subsequent at 25%.  Lesser of applies when negotiated rates exceed charges less addons.",8442,,,,,,,Case Rate,". Primary procedure pays at 100%, secondary at 50%, all subsequent at 25%.  Lesser of applies when negotiated rates exceed charges less addons.",,78,,,,,0,percent of total billed charges,78% of Billed Charges. Lesser of 100% of billed charges applies.; No services were performed during the 15 month look back period.,,78,,,,,0,percent of total billed charges,78% of Billed Charges. Lesser of 100% of billed charges applies.; No services were performed during the 15 month look back period.,,78,,,,,0,percent of total billed charges,78% of Billed Charges. Lesser of 100% of billed charges applies.; No services were performed during the 15 month look back period.,,78,,,,,0,percent of total billed charges,78% of Billed Charges. Lesser of 100% of billed charges applies.; No services were performed during the 15 month look back period.,,78,,,,,0,percent of total billed charges,78% of Billed Charges. Lesser of 100% of billed charges applies.; No services were performed during the 15 month look back period.,,78,,,,,0,percent of total billed charges,78% of Billed Charges. Lesser of 100% of billed charges applies.; No services were performed during the 15 month look back period.,,78,,,,,0,percent of total billed charges,78% of Billed Charges. Lesser of 100% of billed charges applies.; No services were performed during the 15 month look back period.,,78,,,,,0,percent of total billed charges,78% of Billed Charges. Lesser of 100% of billed charges applies.; No services were performed during the 15 month look back period.,,78,,,,,0,percent of total billed charges,78% of Billed Charges. Lesser of 100% of billed charges applies.; No services were performed during the 15 month look back period.,,78,,,,,0,percent of total billed charges,78% of Billed Charges. Lesser of 100% of billed charges applies.; No services were performed during the 15 month look back period.,,78,,,,,0,percent of total billed charges,78% of Billed Charges. Lesser of 100% of billed charges applies.; No services were performed during the 15 month look back period.,12574,,,,,,,Case Rate,". Primary procedure pays at 100%, all subsequent at 50%.",13586,,,,,,,Case Rate,". MPL 100/50/25% all add ons apply, and lesser of 100% of billed charges",6487,,,,,,,Case Rate,". MPL 100/50/25% maxmium of 3 procedures. All add ons apply, and lesser of 100% of billed charges",3386.66,,,,,,,Case Rate,"100% Medicare OPPS FS. ",8442,,,,,,,Case Rate,". Primary procedure pays at 100%, secondary at 50%, all subsequent at 25%.  Lesser of applies when negotiated rates exceed charges less addons.",6487,,,,,,,Case Rate,". MPL 100/50/25% maxmium of 3 procedures. All add ons apply, and lesser of 100% of billed charges",6487,,,,,,,Case Rate,". MPL 100/50/25% maxmium of 3 procedures. All add ons apply, and lesser of 100% of billed charges",,78,,,,,0,percent of total billed charges,78% of Billed Charges. Lesser of 100% of billed charges applies.; No services were performed during the 15 month look back period.,3149.02,,,,,,,Case Rate,"214 Percent of Medicaid APG. Drugs not priced under APG, billed with revenue code 636 and not priced by Medicare ASP FeeSched will be reimbursed at 20% of charges.",6487,,,,,,,Case Rate,". MPL 100/50/25% maxmium of 3 procedures. All add ons apply, and lesser of 100% of billed charges",1471.5,,,,,,,Case Rate,"100 Percent of Medicaid APG. ",3386.66,,,,,,,Case Rate,"100% Medicare OPPS FS. ",3386.66,,,,,,,Case Rate,"100% Medicare OPPS FS. ",3386.66,,,,,,,Case Rate,"100% Medicare OPPS FS. ",3386.66,,,,,,,Case Rate,"100% Medicare OPPS FS. ",3386.66,,,,,,,Case Rate,"100% Medicare OPPS FS. ",3386.66,,,,,,,Case Rate,"100% Medicare OPPS FS. ",6487,,,,,,,Case Rate,". MPL 100/50/25% maxmium of 3 procedures. All add ons apply, and lesser of 100% of billed charges",25798,,,,,,,Case Rate,". MPL 100/75/50% all add ons apply, and lesser of 100% of billed charges",2648.71,,,,,,,Fee Schedule,"180 Percent of Medicaid APG. ",2648.71,,,,,,,Fee Schedule,"180 Percent of Medicaid APG. ",2648.71,,,,,,,Fee Schedule,"180 Percent of Medicaid APG. ",2648.71,,,,,,,Fee Schedule,"180 Percent of Medicaid APG. ",2648.71,,,,,,,Fee Schedule,"180 Percent of Medicaid APG. ",,,,,,,,,"NA. ",25798,,,,,,,Case Rate,". MPL 100/75/50% all add ons apply, and lesser of 100% of billed charges",6705.59,,,,,,,Case Rate,198 Percent of Medicare OPPS. Metroplus will reimburse unlisted codes and described codes with no Medicare rate at 50 percent of charges.,6705.59,,,,,,,Case Rate,198 Percent of Medicare OPPS. Metroplus will reimburse unlisted codes and described codes with no Medicare rate at 50 percent of charges.,6705.59,,,,,,,Case Rate,198 Percent of Medicare OPPS. Metroplus will reimburse unlisted codes and described codes with no Medicare rate at 50 percent of charges.,6705.59,,,,,,,Case Rate,198 Percent of Medicare OPPS. Metroplus will reimburse unlisted codes and described codes with no Medicare rate at 50 percent of charges.,6705.59,,,,,,,Case Rate,198 Percent of Medicare OPPS. Metroplus will reimburse unlisted codes and described codes with no Medicare rate at 50 percent of charges.,3386.66,,,,,,,Case Rate,"100% Medicare OPPS FS. ",12574,,,,,,,Case Rate,". Primary procedure pays at 100%, all subsequent at 50%.",12574,,,,,,,Case Rate,". Primary procedure pays at 100%, all subsequent at 50%.",12574,,,,,,,Case Rate,". Primary procedure pays at 100%, all subsequent at 50%.",12574,,,,,,,Case Rate,". Primary procedure pays at 100%, all subsequent at 50%.",8442,,,,,,,Case Rate,". Primary procedure pays at 100%, secondary at 50%, all subsequent at 25%.  Lesser of applies when negotiated rates exceed charges less addons.",8442,,,,,,,Case Rate,". Primary procedure pays at 100%, secondary at 50%, all subsequent at 25%.  Lesser of applies when negotiated rates exceed charges less addons.",8442,,,,,,,Case Rate,". Primary procedure pays at 100%, secondary at 50%, all subsequent at 25%.  Lesser of applies when negotiated rates exceed charges less addons.",8442,,,,,,,Case Rate,". Primary procedure pays at 100%, secondary at 50%, all subsequent at 25%.  Lesser of applies when negotiated rates exceed charges less addons.",25798,,,,,,,Case Rate,". MPL 100/75/50% all add ons apply, and lesser of 100% of billed charges",25798,,,,,,,Case Rate,". MPL 100/75/50% all add ons apply, and lesser of 100% of billed charges",3386.66,,,,,,,Case Rate,"100% Medicare OPPS FS. ",3386.66,,,,,,,Case Rate,"100% Medicare OPPS FS. ",3386.66,,,,,,,Case Rate,"100% Medicare OPPS FS. ",13586,,,,,,,Case Rate,". MPL 100/50/25% all add ons apply, and lesser of 100% of billed charges",13586,,,,,,,Case Rate,". MPL 100/50/25% all add ons apply, and lesser of 100% of billed charges",13586,,,,,,,Case Rate,". MPL 100/50/25% all add ons apply, and lesser of 100% of billed charges",25798,,,,,,,Case Rate,". MPL 100/75/50% all add ons apply, and lesser of 100% of billed charges",8442,,,,,,,Case Rate,". Primary procedure pays at 100%, secondary at 50%, all subsequent at 25%.  Lesser of applies when negotiated rates exceed charges less addons.",3386.66,,,,,,,Case Rate,"100% Medicare OPPS FS. ",13586,,,,,,,Case Rate,". MPL 100/50/25% all add ons apply, and lesser of 100% of billed charges",1471.5,,,,,,,Case Rate,"100 Percent of Medicaid APG. ",3454.4,,,,,,,Case Rate,"102% of Medicare OPPS. ",3454.4,,,,,,,Case Rate,"102% of Medicare OPPS. ",3454.4,,,,,,,Case Rate,"102% of Medicare OPPS. ",1471.5,,,,,,,Case rate,"100 Percent of Medicaid APG. ",3310.88,,,,,,,Case Rate,225% of NYS APG. Lesser of 100% of billed charges applies.,3310.88,,,,,,,Case Rate,225% of NYS APG. Lesser of 100% of billed charges applies.,3310.88,,,,,,,Case Rate,225% of NYS APG. Lesser of 100% of billed charges applies.,3310.88,,,,,,,Case Rate,225% of NYS APG. Lesser of 100% of billed charges applies.,3310.88,,,,,,,Case Rate,225% of NYS APG. Lesser of 100% of billed charges applies.,3454.4,,,,,,,Case Rate,"102% of Medicare OPPS. ",1471.5,,,,,,,Case Rate,"100 Percent of Medicaid APG. ",1228.42,,,,,,,Case Rate,100% of PAS. Lesser of 100% of billed charges applies.,3310.88,,,,,,,Case Rate,225% of NYS APG. Lesser of 100% of billed charges applies.,3310.88,,,,,,,Case Rate,225% of NYS APG. Lesser of 100% of billed charges applies.,1228.42,,,,,,,Case Rate,100% of PAS. Lesser of 100% of billed charges applies.,1228.42,,,,,,,Case Rate,100% of PAS. Lesser of 100% of billed charges applies.,2648.71,,,,,,,Fee Schedule,"180 Percent of Medicaid APG. ",3386.66,,,,,,,Case Rate,"100% Medicare OPPS FS. ",3386.66,,,,,,,Case Rate,"100% Medicare OPPS FS. ",8442,,,,,,,Case Rate,". Primary procedure pays at 100%, secondary at 50%, all subsequent at 25%.  Lesser of applies when negotiated rates exceed charges less addons.",3386.66,,,,,,,Case Rate,"100% Medicare OPPS FS. ",3310.88,,,,,,,Case Rate,"225 Percent of Medicaid APG. ",3310.88,,,,,,,Case Rate,"225 Percent of Medicaid APG. ",1471.5,,,,,,,Case rate,"100 Percent of Medicaid APG. ",1471.5,,,,,,,Case rate,"100 Percent of Medicaid APG. ",3310.88,,,,,,,Case Rate,225 Percent of Medicaid APG. Covered services not payable under Medicaid Fee Schedules default to a payment of 87.5 percent of charges.,1471.5,,,,,,,Case rate,124 Percent of Medicaid APG. Covered services not payable under Medicaid Fee Schedules default to a payment of 50 percent of charges.,3310.88,,,,,,,Case Rate,"100 Percent of Medicaid APG. ",3310.88,,,,,,,Case Rate,"100 Percent of Medicaid APG. ",3310.88,,,,,,,Case Rate,"100 Percent of Medicaid APG. ",3310.88,,,,,,,Case Rate,"100 Percent of Medicaid APG. ",13453,,,,,,,Case Rate,". MPL 100/75/50% all add ons apply, and lesser of 100% of billed charges",25798,,,,,,,Case Rate,". MPL 100/75/50% all add ons apply, and lesser of 100% of billed charges",1765.8,,,,,,,Case Rate,"120 Percent of Medicaid APG. Not APG payable, or payable under another fee schedule like ASP/AWP pays at 30% of charges",1765.8,,,,,,,Case Rate,"120 Percent of Medicaid APG. Not APG payable, or payable under another fee schedule like ASP/AWP pays at 30% of charges",1471.5,,,,,,,Case Rate,"100 Percent of Medicaid APG. Not APG payable, or payable under another fee schedule like ASP/AWP pays at 30% of charges",1471.5,,,,,,,Case Rate,"100 Percent of Medicaid APG. Not APG payable, or payable under another fee schedule like ASP/AWP pays at 30% of charges",13586,,,,,,,Case Rate,". MPL 100/50/25% all add ons apply, and lesser of 100% of billed charges",13586,,,,,,,Case Rate,". MPL 100/50/25% all add ons apply, and lesser of 100% of billed charges",3386.66,,,,,,,Case Rate,"100% Medicare OPPS FS. ",13586,,,,,,,Case Rate,". MPL 100/50/25% all add ons apply, and lesser of 100% of billed charges",13586,,,,,,,Case Rate,". MPL 100/50/25% all add ons apply, and lesser of 100% of billed charges",13586,,,,,,,Case Rate,". MPL 100/50/25% all add ons apply, and lesser of 100% of billed charges",13586,,,,,,,Case Rate,". MPL 100/50/25% all add ons apply, and lesser of 100% of billed charges",3386.66,,,,,,,Case Rate,"100% Medicare OPPS FS. ",13586,,,,,,,Case Rate,". MPL 100/50/25% all add ons apply, and lesser of 100% of billed charges",13586,,,,,,,Case Rate,". MPL 100/50/25% all add ons apply, and lesser of 100% of billed charges",8442,,,,,,,Case Rate,". Primary procedure pays at 100%, secondary at 50%, all subsequent at 25%.  Lesser of applies when negotiated rates exceed charges less addons.",1471.5,,,,,,,Fee Schedule,100% APG. Lesser of 100% of billed charges applies.,1471.5,,,,,,,Case rate,124 Percent of Medicaid APG. Covered services not payable under Medicaid Fee Schedules default to a payment of 50 percent of charges.,3310.88,,,,,,,Case Rate,225% of NYS APG. Lesser of 100% of billed charges applies.,3310.88,,,,,,,Case Rate,225 Percent of Medicaid APG. Covered services not payable under Medicaid Fee Schedules default to a payment of 87.5 percent of charges.,1471.5,,,,,,,Case rate,124 Percent of Medicaid APG. Covered services not payable under Medicaid Fee Schedules default to a payment of 50 percent of charges.,3310.88,,,,,,,Case Rate,225% of NYS APG. Lesser of 100% of billed charges applies.,3310.88,,,,,,,Case Rate,225% of NYS APG. Lesser of 100% of billed charges applies.,3310.88,,,,,,,Case Rate,225% of NYS APG. Lesser of 100% of billed charges applies.,3310.88,,,,,,,Case Rate,225% of NYS APG. Lesser of 100% of billed charges applies.,3310.88,,,,,,,Case Rate,225% of NYS APG. Lesser of 100% of billed charges applies.,3310.88,,,,,,,Case Rate,225% of NYS APG. Lesser of 100% of billed charges applies.,,,,,,,,,"NA. ",,,,,,,,,"NA. ",,,,,,,,,"NA. ",6487,,,,,,,Case Rate,". MPL 100/50/25% maxmium of 3 procedures. All add ons apply, and lesser of 100% of billed charges",,,,,,,,,"NA. ",3386.66,,,,,,,Case Rate,"100% Medicare OPPS FS. ",5941,,,,,,,Case Rate,". MPL 1st 100% of Payment Rate 50% of all others, all add ons apply, and lesser of 100% of billed charges.",3386.66,,,,,,,Case Rate,"100% Medicare OPPS FS. ",3386.66,,,,,,,Case Rate,"100% Medicare OPPS FS. ",1765.8,,,,,,,Case Rate,"120 Percent of Medicaid APG. Not APG payable, or payable under another fee schedule like ASP/AWP pays at 30% of charges",1765.8,,,,,,,Case Rate,"120 Percent of Medicaid APG. Not APG payable, or payable under another fee schedule like ASP/AWP pays at 30% of charges",1471.5,,,,,,,Case Rate,"100 Percent of Medicaid APG. Not APG payable, or payable under another fee schedule like ASP/AWP pays at 30% of charges",1471.5,,,,,,,Case Rate,"100 Percent of Medicaid APG. Not APG payable, or payable under another fee schedule like ASP/AWP pays at 30% of charges",1471.5,,,,,,,Case Rate,"100 Percent of Medicaid APG. ",7163,,,,,,,Case Rate,". ",8442,,,,,,,Case Rate,". Primary procedure pays at 100%, secondary at 50%, all subsequent at 25%.  Lesser of applies when negotiated rates exceed charges less addons.",8427,,,,,,,Case Rate,". Primary procedure pays at 100%, all subsequent at 50%.",6487,,,,,,,Case Rate,". MPL 100/50/25% maxmium of 3 procedures. All add ons apply, and lesser of 100% of billed charges",3386.66,,,,,,,Case Rate,"100%Medicare OPPS FS. ",3386.66,,,,,,,Case Rate,"100% Medicare OPPS FS. ",3386.66,,,,,,,Case Rate,"100% Medicare OPPS FS. ",3386.66,,,,,,,Case Rate,"100% Medicare OPPS FS. ",3386.66,,,,,,,Case Rate,"100%Medicare OPPS FS. ",3386.66,,,,,,,Case Rate,"100% Medicare OPPS FS. ",,,,,,,,,"NA. ",3310.88,,,,,,,Case Rate,225% of NYS APG. Lesser of 100% of billed charges applies.,1228.42,,,,,,,Case Rate,100% of PAS. Lesser of 100% of billed charges applies.,13586,,,,,,,Case Rate,". MPL 100/50/25% all add ons apply, and lesser of 100% of billed charges",7163,,,,,,,Case Rate,". ",7163,,,,,,,Case Rate,". ",7163,,,,,,,Case Rate,". ",7163,,,,,,,Case Rate,". ",3386.66,,,,,,,Case Rate,"100% Medicare OPPS FS. ",1471.5,,,,,,,Case Rate,"100 Percent of Medicaid APG. ",13586,,,,,,,Case Rate,". MPL 100/50/25% all add ons apply, and lesser of 100% of billed charges",1471.5,,,,,,,Case Rate,"100 Percent of Medicaid APG. ",3386.66,,,,,,,Case Rate,"100% Medicare OPPS FS. ",1471.5,,,,,,,Case Rate,"100 Percent of Medicaid APG. ",3386.66,,,,,,,Case Rate,"100% Medicare OPPS FS. ",3386.66,,,,,,,Case Rate,"100% Medicare OPPS FS. ",1471.5,,,,,,,Case Rate,"100 Percent of Medicaid APG. ",1471.5,,,,,,,Case Rate,"100 Percent of Medicaid APG. ",7163,,,,,,,Case Rate,". ",6487,,,,,,,Case Rate,". MPL 100/50/25% maxmium of 3 procedures. All add ons apply, and lesser of 100% of billed charges",,78,,,,,0,percent of total billed charges,78% of Billed Charges. Lesser of 100% of billed charges applies.; No services were performed during the 15 month look back period.,9024.56,,,,,,,Case Rate,". MPL 100/50/25% all add ons apply, and lesser of 100% of billed charges",9024.56,,,,,,,Case Rate,". MPL 100/50/25% all add ons apply, and lesser of 100% of billed charges",8442,,,,,,,Case Rate,". Primary procedure pays at 100%, secondary at 50%, all subsequent at 25%.  Lesser of applies when negotiated rates exceed charges less addons.",1154.1,,,,,,,Case Rate,"83% HF Fee schedule. ",12574,,,,,,,Case Rate,". Primary procedure pays at 100%, all subsequent at 50%.",12574,,,,,,,Case Rate,". Primary procedure pays at 100%, all subsequent at 50%.",10869,,,,,,,Case Rate,". MPL 100/50/25% all add ons apply, and lesser of 100% of billed charges",10869,,,,,,,Case Rate,". MPL 100/50/25% all add ons apply, and lesser of 100% of billed charges",3386.66,,,,,,,Case Rate,"100% Medicare OPPS FS. ",3386.66,,,,,,,Case Rate,"100% Medicare OPPS FS. ",3386.66,,,,,,,Case Rate,"100% Medicare OPPS FS. ",3386.66,,,,,,,Case Rate,"100% Medicare OPPS FS. ",9024.56,,,,,,,Case Rate,". MPL 100/50/25% all add ons apply, and lesser of 100% of billed charges",13586,,,,,,,Case Rate,". MPL 100/50/25% all add ons apply, and lesser of 100% of billed charges",13586,,,,,,,Case Rate,". MPL 100/50/25% all add ons apply, and lesser of 100% of billed charges",3386.66,,,,,,,Case Rate,"100% Medicare OPPS FS. ",10869,,,,,,,Case Rate,". MPL 100/50/25% all add ons apply, and lesser of 100% of billed charges",8427,,,,,,,Case Rate,". Primary procedure pays at 100%, all subsequent at 50%.",1765.8,,,,,,,Fee Schedule,"120 Percent of Medicaid APG. ",1471.5,,,,,,,Case Rate,"100 Percent of Medicaid APG. ",7163,,,,,,,Case Rate,". ",12227,,,,,,,Case Rate,". MPL 100/50/25% all add ons apply, and lesser of 100% of billed charges",12227,,,,,,,Case Rate,". MPL 100/50/25% all add ons apply, and lesser of 100% of billed charges",13586,,,,,,,Case Rate,". MPL 100/50/25% all add ons apply, and lesser of 100% of billed charges",14948,,,,,,,Case Rate,". MPL 100/75/50% all add ons apply, and lesser of 100% of billed charges",3386.66,,,,,,,Case Rate,"100%Medicare OPPS FS. ",1545.08,,,,,,,Fee Schedule,105 percent of Medicaid APG. otherwise 105% of Ordered NYS MCD FS or 105% of ASP+6%,1545.08,,,,,,,Fee Schedule,105 percent of Medicaid APG. otherwise 105% of Ordered NYS MCD FS or 105% of ASP+6%,1545.08,,,,,,,Fee Schedule,105 percent of Medicaid APG. otherwise 105% of Ordered NYS MCD FS or 105% of ASP+6%,1986.53,,,,,,,Fee Schedule,135 percent of Medicaid APG. otherwise 135% of Ordered NYS MCD FS or 135% of ASP+6%,9024.56,,,,,,,Case Rate,". MPL 100/50/25% all add ons apply, and lesser of 100% of billed charges",1545.08,,,,,,,Fee Schedule,105 percent of Medicaid APG. otherwise 105% of Ordered NYS MCD FS or 105% of ASP+6%,1545.08,,,,,,,Fee Schedule,105 percent of Medicaid APG. otherwise 105% of Ordered NYS MCD FS or 105% of ASP+6%,1545.08,,,,,,,Fee Schedule,105 percent of Medicaid APG. otherwise 105% of Ordered NYS MCD FS or 105% of ASP+6%,1545.08,,,,,,,Fee Schedule,105 percent of Medicaid APG. otherwise 105% of Ordered NYS MCD FS or 105% of ASP+6%,1545.08,,,,,,,Fee Schedule,105 percent of Medicaid APG. otherwise 105% of Ordered NYS MCD FS or 105% of ASP+6%,1986.53,,,,,,,Fee Schedule,135 percent of Medicaid APG. otherwise 135% of Ordered NYS MCD FS or 135% of ASP+6%,1986.53,,,,,,,Fee Schedule,135 percent of Medicaid APG. otherwise 135% of Ordered NYS MCD FS or 135% of ASP+6%,3386.66,,,,,,,Case Rate,"100% Medicare OPPS FS. ",9024.56,,,,,,,Case Rate,". MPL 100/50/25% all add ons apply, and lesser of 100% of billed charges",3386.66,,,,,,,Case Rate,"100% Medicare OPPS FS. ",1545.08,,,,,,,Fee Schedule,105 percent of Medicaid APG. otherwise 105% of Ordered NYS MCD FS or 105% of ASP+6%,13586,,,,,,,Case Rate,". MPL 100/50/25% all add ons apply, and lesser of 100% of billed charges",3386.66,,,,,,,Case Rate,"100% Medicare OPPS FS. ",13586,,,,,,,Case Rate,". MPL 100/50/25% all add ons apply, and lesser of 100% of billed charges",13586,,,,,,,Case Rate,". MPL 100/50/25% all add ons apply, and lesser of 100% of billed charges",13586,,,,,,,Case Rate,". MPL 100/50/25% all add ons apply, and lesser of 100% of billed charges",1545.08,,,,,,,Fee Schedule,105 percent of Medicaid APG. otherwise 105% of Ordered NYS MCD FS or 105% of ASP+6%,3386.66,,,,,,,Case Rate,"100% Medicare OPPS FS. ",13586,,,,,,,Case Rate,". MPL 100/50/25% all add ons apply, and lesser of 100% of billed charges",1986.53,,,,,,,Fee Schedule,135 percent of Medicaid APG. otherwise 135% of Ordered NYS MCD FS or 135% of ASP+6%,13586,,,,,,,Case Rate,". MPL 100/50/25% all add ons apply, and lesser of 100% of billed charges",,200,,,,,0,Case Rate,200% of Medicare OPPS. ; No services were performed during the 15 month look back period.,3386.66,,,,,,,Case Rate,"100%Medicare OPPS FS. ",7163,,,,,,,Case Rate,". ",7163,,,,,,,Case Rate,". ",7163,,,,,,,Case Rate,". ",7163,,,,,,,Case Rate,". ",7163,,,,,,,Case Rate,". ",8427,,,,,,,Case Rate,". Primary procedure pays at 100%, all subsequent at 50%.",8427,,,,,,,Case Rate,". Primary procedure pays at 100%, all subsequent at 50%.",7163,,,,,,,Case Rate,". ",7163,,,,,,,Case Rate,". ",7163,,,,,,,Case Rate,". ",7163,,,,,,,Case Rate,". ",7163,,,,,,,Case Rate,". ",3386.66,,,,,,,Case Rate,"100% Medicare OPPS FS. ",8427,,,,,,,Case Rate,". Primary procedure pays at 100%, all subsequent at 50%.",3386.66,,,,,,,Case Rate,"100% Medicare OPPS FS. ",3310.88,,,,,,,Case Rate,"225 Percent of Medicaid APG. If not included in Medicaid APG, then 100 Percent of Manhattan Medicare",1471.5,,,,,,,Case Rate,"100 Percent of Medicaid APG. ",9024.56,,,,,,,Case Rate,". MPL 100/50/25% all add ons apply, and lesser of 100% of billed charges",9024.56,,,,,,,Case Rate,". MPL 100/50/25% all add ons apply, and lesser of 100% of billed charges",3386.66,,,,,,,Case Rate,"100% Medicare OPPS FS. ",12574,,,,,,,Case Rate,". Primary procedure pays at 100%, all subsequent at 50%.",3386.66,,,,,,,Case Rate,"100% Medicare OPPS FS. ",3386.66,,,,,,,Case Rate,"100% Medicare OPPS FS. ",8442,,,,,,,Case Rate,". Primary procedure pays at 100%, secondary at 50%, all subsequent at 25%.  Lesser of applies when negotiated rates exceed charges less addons.",3386.66,,,,,,,Case Rate,"100% Medicare OPPS FS. ",6487,,,,,,,Case Rate,". MPL 100/50/25% maxmium of 3 procedures. All add ons apply, and lesser of 100% of billed charges",3386.66,,,,,,,Case Rate,"100% Medicare OPPS FS. ",6487,,,,,,,Case Rate,". MPL 100/50/25% maxmium of 3 procedures. All add ons apply, and lesser of 100% of billed charges",8442,,,,,,,Case Rate,". Primary procedure pays at 100%, secondary at 50%, all subsequent at 25%.  Lesser of applies when negotiated rates exceed charges less addons.",6487,,,,,,,Case Rate,". MPL 100/50/25% maxmium of 3 procedures. All add ons apply, and lesser of 100% of billed charges",3386.66,,,,,,,Case Rate,"100% Medicare OPPS FS. ",1471.5,,,,,,,Case Rate,"100 Percent of Medicaid APG. ",3386.66,,,,,,,Case Rate,"100% Medicare OPPS FS. ",6487,,,,,,,Case Rate,". MPL 100/50/25% maxmium of 3 procedures. All add ons apply, and lesser of 100% of billed charges",9024.56,,,,,,,Case Rate,". MPL 100/50/25% all add ons apply, and lesser of 100% of billed charges",1471.5,,,,,,,Case Rate,"100 Percent of Medicaid APG. ",13586,,,,,,,Case Rate,". MPL 100/50/25% all add ons apply, and lesser of 100% of billed charges",1765.8,,,,,,,Fee Schedule,"120 Percent of Medicaid APG. ",1765.8,,,,,,,Fee Schedule,"120 Percent of Medicaid APG. ",13586,,,,,,,Case Rate,". MPL 100/50/25% all add ons apply, and lesser of 100% of billed charges",13586,,,,,,,Case Rate,". MPL 100/50/25% all add ons apply, and lesser of 100% of billed charges",13586,,,,,,,Case Rate,". MPL 100/50/25% all add ons apply, and lesser of 100% of billed charges",9024.56,,,,,,,Case Rate,". MPL 100/50/25% all add ons apply, and lesser of 100% of billed charges",13586,,,,,,,Case Rate,". MPL 100/50/25% all add ons apply, and lesser of 100% of billed charges",13586,,,,,,,Case Rate,". MPL 100/50/25% all add ons apply, and lesser of 100% of billed charges",13586,,,,,,,Case Rate,". MPL 100/50/25% all add ons apply, and lesser of 100% of billed charges",7163,,,,,,,Case Rate,". ",7163,,,,,,,Case Rate,". ",6705.59,,,,,,,Case Rate,198 Percent of Medicare OPPS. Metroplus will reimburse unlisted codes and described codes with no Medicare rate at 50 percent of charges.,1471.5,,,,,,,Case Rate,"100 Percent of Medicaid APG. ",9024.56,,,,,,,Case Rate,". MPL 100/50/25% all add ons apply, and lesser of 100% of billed charges",6487,,,,,,,Case Rate,". MPL 100/50/25% maxmium of 3 procedures. All add ons apply, and lesser of 100% of billed charges",8442,,,,,,,Case Rate,". Primary procedure pays at 100%, secondary at 50%, all subsequent at 25%.  Lesser of applies when negotiated rates exceed charges less addons.",9024.56,,,,,,,Case Rate,". MPL 100/50/25% all add ons apply, and lesser of 100% of billed charges",8442,,,,,,,Case Rate,". Primary procedure pays at 100%, secondary at 50%, all subsequent at 25%.  Lesser of applies when negotiated rates exceed charges less addons.",9024.56,,,,,,,Case Rate,". MPL 100/50/25% all add ons apply, and lesser of 100% of billed charges",13586,,,,,,,Case Rate,". MPL 100/50/25% all add ons apply, and lesser of 100% of billed charges",13586,,,,,,,Case Rate,". MPL 100/50/25% all add ons apply, and lesser of 100% of billed charges",13586,,,,,,,Case Rate,". MPL 100/50/25% all add ons apply, and lesser of 100% of billed charges",13586,,,,,,,Case Rate,". MPL 100/50/25% all add ons apply, and lesser of 100% of billed charges",3386.66,,,,,,,Case Rate,"100% Medicare OPPS FS. ",1154.1,25798,
20600,CPT,2020167,LOCAL,361,RC,HC DRAIN/INJ JOINT/BURSA W/O US,5165.11,981.3709,both,,,,1352,,,,,,,Case Rate,". MPL 1st 100% of Payment Rate 50% of all others, all add ons apply, and lesser of 100% of billed charges.",1352,,,,,,,Case Rate,". MPL 1st 100% of Payment Rate 50% of all others, all add ons apply, and lesser of 100% of billed charges.",6593,,,,,,,Case Rate,". Primary procedure pays at 100%, secondary at 50%, all subsequent at 25%.  Lesser of applies when negotiated rates exceed charges less addons.",5165.11,100,,,,,0,percent of total billed charges,100 percent of billed charges. ; No services were performed during the 15 month look back period.,349.3,,,,,,,Case Rate,"100% Medicare OPPS FS. ",6593,,,,,,,Case Rate,". Primary procedure pays at 100%, secondary at 50%, all subsequent at 25%.  Lesser of applies when negotiated rates exceed charges less addons.",6593,,,,,,,Case Rate,". Primary procedure pays at 100%, secondary at 50%, all subsequent at 25%.  Lesser of applies when negotiated rates exceed charges less addons.",6593,,,,,,,Case Rate,". Primary procedure pays at 100%, secondary at 50%, all subsequent at 25%.  Lesser of applies when negotiated rates exceed charges less addons.",583.06,,,,,,,Case Rate,"100 Percent of Medicaid APG. ",485.88,,,,,,,Case Rate,"100 Percent of Medicaid APG. ",4028.7858,78,,,,,0,percent of total billed charges,78% of Billed Charges. Lesser of 100% of billed charges applies.; No services were performed during the 15 month look back period.,4923.38,,,,,,,Case Rate,". MPL 100/50/25% all add ons apply, and lesser of 100% of billed charges",485.88,,,,,,,Case Rate,"100 Percent of Medicaid APG. ",349.3,,,,,,,Case Rate,"100% Medicare OPPS FS. ",6487,,,,,,,Case Rate,". MPL 100/50/25% maxmium of 3 procedures. All add ons apply, and lesser of 100% of billed charges",6487,,,,,,,Case Rate,". MPL 100/50/25% maxmium of 3 procedures. All add ons apply, and lesser of 100% of billed charges",6487,,,,,,,Case Rate,". MPL 100/50/25% maxmium of 3 procedures. All add ons apply, and lesser of 100% of billed charges",6487,,,,,,,Case Rate,". MPL 100/50/25% maxmium of 3 procedures. All add ons apply, and lesser of 100% of billed charges",485.88,,,,,,,Case rate,124 Percent of Medicaid APG. Covered services not payable under Medicaid Fee Schedules default to a payment of 50 percent of charges.,349.3,,,,,,,Case Rate,"100% Medicare OPPS FS. ",485.88,,,,,,,Case rate,124 Percent of Medicaid APG. Covered services not payable under Medicaid Fee Schedules default to a payment of 50 percent of charges.,4028.7858,78,,,,,0,percent of total billed charges,78% of Billed Charges. Lesser of 100% of billed charges applies.; No services were performed during the 15 month look back period.,6593,,,,,,,Case Rate,". Primary procedure pays at 100%, secondary at 50%, all subsequent at 25%.  Lesser of applies when negotiated rates exceed charges less addons.",349.3,,,,,,,Case Rate,"100%Medicare OPPS FS. ",8427,,,,,,,Case Rate,". Primary procedure pays at 100%, all subsequent at 50%.",349.3,,,,,,,Case Rate,"100%Medicare OPPS FS. ",349.3,,,,,,,Case Rate,"100%Medicare OPPS FS. ",4028.7858,78,,,,,0,percent of total billed charges,78% of Billed Charges. Lesser of 100% of billed charges applies.; No services were performed during the 15 month look back period.,26.26,,,,,,,Case Rate,100% of PAS. Lesser of 100% of billed charges applies.,26.26,,,,,,,Case Rate,100% of PAS. Lesser of 100% of billed charges applies.,485.88,,,,,,,Case rate,"100 Percent of Medicaid APG. ",485.88,,,,,,,Case rate,"100 Percent of Medicaid APG. ",8427,,,,,,,Case Rate,". Primary procedure pays at 100%, all subsequent at 50%.",8427,,,,,,,Case Rate,". Primary procedure pays at 100%, all subsequent at 50%.",485.88,,,,,,,Case Rate,"100 Percent of Medicaid APG. Not APG payable, or payable under another fee schedule like ASP/AWP pays at 30% of charges",8427,,,,,,,Case Rate,". Primary procedure pays at 100%, all subsequent at 50%.",485.88,,,,,,,Case Rate,"100 Percent of Medicaid APG. Not APG payable, or payable under another fee schedule like ASP/AWP pays at 30% of charges",349.3,,,,,,,Case Rate,"100%Medicare OPPS FS. ",8427,,,,,,,Case Rate,". Primary procedure pays at 100%, all subsequent at 50%.",4028.7858,78,,,,,0,percent of total billed charges,78% of Billed Charges. Lesser of 100% of billed charges applies.; No services were performed during the 15 month look back period.,485.88,,,,,,,Case Rate,"100 Percent of Medicaid APG. ",485.88,,,,,,,Case Rate,"100 Percent of Medicaid APG. ",4028.7858,78,,,,,0,percent of total billed charges,78% of Billed Charges. Lesser of 100% of billed charges applies.; No services were performed during the 15 month look back period.,6487,,,,,,,Case Rate,". MPL 100/50/25% maxmium of 3 procedures. All add ons apply, and lesser of 100% of billed charges",4500,,,,,,,Case Rate,". MPL 100/50/25% all add ons apply, and lesser of 100% of billed charges",4500,,,,,,,Case Rate,". MPL 100/50/25% all add ons apply, and lesser of 100% of billed charges",4028.7858,78,,,,,0,percent of total billed charges,78% of Billed Charges. Lesser of 100% of billed charges applies.; No services were performed during the 15 month look back period.,349.3,,,,,,,Case Rate,"100% Medicare OPPS FS. ",4923.38,,,,,,,Case Rate,". MPL 100/50/25% all add ons apply, and lesser of 100% of billed charges",4923.38,,,,,,,Case Rate,". MPL 100/50/25% all add ons apply, and lesser of 100% of billed charges",4923.38,,,,,,,Case Rate,". MPL 100/50/25% all add ons apply, and lesser of 100% of billed charges",349.3,,,,,,,Case Rate,"100% Medicare OPPS FS. ",4923.38,,,,,,,Case Rate,". MPL 100/50/25% all add ons apply, and lesser of 100% of billed charges",4923.38,,,,,,,Case Rate,". MPL 100/50/25% all add ons apply, and lesser of 100% of billed charges",349.3,,,,,,,Case Rate,"100% of Medicare OPPS. ",25798,,,,,,,Case Rate,". MPL 100/75/50% all add ons apply, and lesser of 100% of billed charges",4100,,,,,,,Case Rate,". MPL 100/50/25% all add ons apply, and lesser of 100% of billed charges",4100,,,,,,,Case Rate,". MPL 100/50/25% all add ons apply, and lesser of 100% of billed charges",4100,,,,,,,Case Rate,". MPL 100/50/25% all add ons apply, and lesser of 100% of billed charges",4100,,,,,,,Case Rate,". MPL 100/50/25% all add ons apply, and lesser of 100% of billed charges",4100,,,,,,,Case Rate,". MPL 100/50/25% all add ons apply, and lesser of 100% of billed charges",4100,,,,,,,Case Rate,". MPL 100/50/25% all add ons apply, and lesser of 100% of billed charges",349.3,,,,,,,Case Rate,"100% Medicare OPPS FS. ",349.3,,,,,,,Case Rate,"100% Medicare OPPS FS. ",4100,,,,,,,Case Rate,". MPL 100/50/25% all add ons apply, and lesser of 100% of billed charges",4028.7858,78,,,,,0,percent of total billed charges,78% of Billed Charges. Lesser of 100% of billed charges applies.; No services were performed during the 15 month look back period.,4028.7858,78,,,,,0,percent of total billed charges,78% of Billed Charges. Lesser of 100% of billed charges applies.; No services were performed during the 15 month look back period.,4028.7858,78,,,,,0,percent of total billed charges,78% of Billed Charges. Lesser of 100% of billed charges applies.; No services were performed during the 15 month look back period.,4028.7858,78,,,,,0,percent of total billed charges,78% of Billed Charges. Lesser of 100% of billed charges applies.; No services were performed during the 15 month look back period.,4028.7858,78,,,,,0,percent of total billed charges,78% of Billed Charges. Lesser of 100% of billed charges applies.; No services were performed during the 15 month look back period.,4028.7858,78,,,,,0,percent of total billed charges,78% of Billed Charges. Lesser of 100% of billed charges applies.; No services were performed during the 15 month look back period.,4028.7858,78,,,,,0,percent of total billed charges,78% of Billed Charges. Lesser of 100% of billed charges applies.; No services were performed during the 15 month look back period.,4028.7858,78,,,,,0,percent of total billed charges,78% of Billed Charges. Lesser of 100% of billed charges applies.; No services were performed during the 15 month look back period.,4028.7858,78,,,,,0,percent of total billed charges,78% of Billed Charges. Lesser of 100% of billed charges applies.; No services were performed during the 15 month look back period.,4028.7858,78,,,,,0,percent of total billed charges,78% of Billed Charges. Lesser of 100% of billed charges applies.; No services were performed during the 15 month look back period.,4028.7858,78,,,,,0,percent of total billed charges,78% of Billed Charges. Lesser of 100% of billed charges applies.; No services were performed during the 15 month look back period.,4028.7858,78,,,,,0,percent of total billed charges,78% of Billed Charges. Lesser of 100% of billed charges applies.; No services were performed during the 15 month look back period.,4028.7858,78,,,,,0,percent of total billed charges,78% of Billed Charges. Lesser of 100% of billed charges applies.; No services were performed during the 15 month look back period.,4028.7858,78,,,,,0,percent of total billed charges,78% of Billed Charges. Lesser of 100% of billed charges applies.; No services were performed during the 15 month look back period.,4028.7858,78,,,,,0,percent of total billed charges,78% of Billed Charges. Lesser of 100% of billed charges applies.; No services were performed during the 15 month look back period.,4028.7858,78,,,,,0,percent of total billed charges,78% of Billed Charges. Lesser of 100% of billed charges applies.; No services were performed during the 15 month look back period.,4028.7858,78,,,,,0,percent of total billed charges,78% of Billed Charges. Lesser of 100% of billed charges applies.; No services were performed during the 15 month look back period.,4028.7858,78,,,,,0,percent of total billed charges,78% of Billed Charges. Lesser of 100% of billed charges applies.; No services were performed during the 15 month look back period.,4028.7858,78,,,,,0,percent of total billed charges,78% of Billed Charges. Lesser of 100% of billed charges applies.; No services were performed during the 15 month look back period.,4028.7858,78,,,,,0,percent of total billed charges,78% of Billed Charges. Lesser of 100% of billed charges applies.; No services were performed during the 15 month look back period.,4028.7858,78,,,,,0,percent of total billed charges,78% of Billed Charges. Lesser of 100% of billed charges applies.; No services were performed during the 15 month look back period.,4028.7858,78,,,,,0,percent of total billed charges,78% of Billed Charges. Lesser of 100% of billed charges applies.; No services were performed during the 15 month look back period.,4028.7858,78,,,,,0,percent of total billed charges,78% of Billed Charges. Lesser of 100% of billed charges applies.; No services were performed during the 15 month look back period.,4028.7858,78,,,,,0,percent of total billed charges,78% of Billed Charges. Lesser of 100% of billed charges applies.; No services were performed during the 15 month look back period.,4028.7858,78,,,,,0,percent of total billed charges,78% of Billed Charges. Lesser of 100% of billed charges applies.; No services were performed during the 15 month look back period.,4028.7858,78,,,,,0,percent of total billed charges,78% of Billed Charges. Lesser of 100% of billed charges applies.; No services were performed during the 15 month look back period.,8427,,,,,,,Case Rate,". Primary procedure pays at 100%, all subsequent at 50%.",8427,,,,,,,Case Rate,". Primary procedure pays at 100%, all subsequent at 50%.",8427,,,,,,,Case Rate,". Primary procedure pays at 100%, all subsequent at 50%.",8427,,,,,,,Case Rate,". Primary procedure pays at 100%, all subsequent at 50%.",12574,,,,,,,Case Rate,". Primary procedure pays at 100%, all subsequent at 50%.",12574,,,,,,,Case Rate,". Primary procedure pays at 100%, all subsequent at 50%.",6487,,,,,,,Case Rate,". MPL 100/50/25% maxmium of 3 procedures. All add ons apply, and lesser of 100% of billed charges",4100,,,,,,,Case Rate,". MPL 100/50/25% all add ons apply, and lesser of 100% of billed charges",4923.38,,,,,,,Case Rate,". MPL 100/50/25% all add ons apply, and lesser of 100% of billed charges",4100,,,,,,,Case Rate,". MPL 100/50/25% all add ons apply, and lesser of 100% of billed charges",4028.7858,78,,,,,0,percent of total billed charges,78% of Billed Charges. Lesser of 100% of billed charges applies.; No services were performed during the 15 month look back period.,12574,,,,,,,Case Rate,". Primary procedure pays at 100%, all subsequent at 50%.",4100,,,,,,,Case Rate,". MPL 100/50/25% all add ons apply, and lesser of 100% of billed charges",4923.38,,,,,,,Case Rate,". MPL 100/50/25% all add ons apply, and lesser of 100% of billed charges",6487,,,,,,,Case Rate,". MPL 100/50/25% maxmium of 3 procedures. All add ons apply, and lesser of 100% of billed charges",,,,,,,,,"NA. ",4028.7858,78,,,,,0,percent of total billed charges,78% of Billed Charges. Lesser of 100% of billed charges applies.; No services were performed during the 15 month look back period.,485.88,,,,,,,Case Rate,"100 Percent of Medicaid APG. ",8427,,,,,,,Case Rate,". Primary procedure pays at 100%, all subsequent at 50%.",485.88,,,,,,,Case Rate,"100 Percent of Medicaid APG. Not APG payable, or payable under another fee schedule like ASP/AWP pays at 30% of charges",349.3,,,,,,,Case Rate,"100%Medicare OPPS FS. ",349.3,,,,,,,Case Rate,"100% Medicare OPPS FS. ",25798,,,,,,,Case Rate,". MPL 100/75/50% all add ons apply, and lesser of 100% of billed charges",349.3,,,,,,,Case Rate,"100% Medicare OPPS FS. ",349.3,,,,,,,Case Rate,"100% Medicare OPPS FS. ",485.88,,,,,,,Case Rate,"100 Percent of Medicaid APG. ",349.3,,,,,,,Case Rate,"100% Medicare OPPS FS. ",349.3,,,,,,,Case Rate,"100% Medicare OPPS FS. ",6593,,,,,,,Case Rate,". Primary procedure pays at 100%, secondary at 50%, all subsequent at 25%.  Lesser of applies when negotiated rates exceed charges less addons.",6593,,,,,,,Case Rate,". Primary procedure pays at 100%, secondary at 50%, all subsequent at 25%.  Lesser of applies when negotiated rates exceed charges less addons.",349.3,,,,,,,Case Rate,"100% Medicare OPPS FS. ",6487,,,,,,,Case Rate,". MPL 100/50/25% maxmium of 3 procedures. All add ons apply, and lesser of 100% of billed charges",4923.38,,,,,,,Case Rate,". MPL 100/50/25% all add ons apply, and lesser of 100% of billed charges",4923.38,,,,,,,Case Rate,". MPL 100/50/25% all add ons apply, and lesser of 100% of billed charges",349.3,,,,,,,Case Rate,"100% Medicare OPPS FS. ",6487,,,,,,,Case Rate,". MPL 100/50/25% maxmium of 3 procedures. All add ons apply, and lesser of 100% of billed charges",6593,,,,,,,Case Rate,". Primary procedure pays at 100%, secondary at 50%, all subsequent at 25%.  Lesser of applies when negotiated rates exceed charges less addons.",6593,,,,,,,Case Rate,". Primary procedure pays at 100%, secondary at 50%, all subsequent at 25%.  Lesser of applies when negotiated rates exceed charges less addons.",6593,,,,,,,Case Rate,". Primary procedure pays at 100%, secondary at 50%, all subsequent at 25%.  Lesser of applies when negotiated rates exceed charges less addons.",4028.7858,78,,,,,0,percent of total billed charges,78% of Billed Charges. Lesser of 100% of billed charges applies.; No services were performed during the 15 month look back period.,4028.7858,78,,,,,0,percent of total billed charges,78% of Billed Charges. Lesser of 100% of billed charges applies.; No services were performed during the 15 month look back period.,4028.7858,78,,,,,0,percent of total billed charges,78% of Billed Charges. Lesser of 100% of billed charges applies.; No services were performed during the 15 month look back period.,4028.7858,78,,,,,0,percent of total billed charges,78% of Billed Charges. Lesser of 100% of billed charges applies.; No services were performed during the 15 month look back period.,4028.7858,78,,,,,0,percent of total billed charges,78% of Billed Charges. Lesser of 100% of billed charges applies.; No services were performed during the 15 month look back period.,4028.7858,78,,,,,0,percent of total billed charges,78% of Billed Charges. Lesser of 100% of billed charges applies.; No services were performed during the 15 month look back period.,4028.7858,78,,,,,0,percent of total billed charges,78% of Billed Charges. Lesser of 100% of billed charges applies.; No services were performed during the 15 month look back period.,4028.7858,78,,,,,0,percent of total billed charges,78% of Billed Charges. Lesser of 100% of billed charges applies.; No services were performed during the 15 month look back period.,4028.7858,78,,,,,0,percent of total billed charges,78% of Billed Charges. Lesser of 100% of billed charges applies.; No services were performed during the 15 month look back period.,4028.7858,78,,,,,0,percent of total billed charges,78% of Billed Charges. Lesser of 100% of billed charges applies.; No services were performed during the 15 month look back period.,4028.7858,78,,,,,0,percent of total billed charges,78% of Billed Charges. Lesser of 100% of billed charges applies.; No services were performed during the 15 month look back period.,12574,,,,,,,Case Rate,". Primary procedure pays at 100%, all subsequent at 50%.",4100,,,,,,,Case Rate,". MPL 100/50/25% all add ons apply, and lesser of 100% of billed charges",6487,,,,,,,Case Rate,". MPL 100/50/25% maxmium of 3 procedures. All add ons apply, and lesser of 100% of billed charges",349.3,,,,,,,Case Rate,"100% Medicare OPPS FS. ",6593,,,,,,,Case Rate,". Primary procedure pays at 100%, secondary at 50%, all subsequent at 25%.  Lesser of applies when negotiated rates exceed charges less addons.",6487,,,,,,,Case Rate,". MPL 100/50/25% maxmium of 3 procedures. All add ons apply, and lesser of 100% of billed charges",6487,,,,,,,Case Rate,". MPL 100/50/25% maxmium of 3 procedures. All add ons apply, and lesser of 100% of billed charges",4028.7858,78,,,,,0,percent of total billed charges,78% of Billed Charges. Lesser of 100% of billed charges applies.; No services were performed during the 15 month look back period.,1039.79,,,,,,,Case Rate,"214 Percent of Medicaid APG. Drugs not priced under APG, billed with revenue code 636 and not priced by Medicare ASP FeeSched will be reimbursed at 20% of charges.",6487,,,,,,,Case Rate,". MPL 100/50/25% maxmium of 3 procedures. All add ons apply, and lesser of 100% of billed charges",485.88,,,,,,,Case Rate,"100 Percent of Medicaid APG. ",349.3,,,,,,,Case Rate,"100% Medicare OPPS FS. ",349.3,,,,,,,Case Rate,"100% Medicare OPPS FS. ",349.3,,,,,,,Case Rate,"100% Medicare OPPS FS. ",349.3,,,,,,,Case Rate,"100% Medicare OPPS FS. ",349.3,,,,,,,Case Rate,"100% Medicare OPPS FS. ",349.3,,,,,,,Case Rate,"100% Medicare OPPS FS. ",6487,,,,,,,Case Rate,". MPL 100/50/25% maxmium of 3 procedures. All add ons apply, and lesser of 100% of billed charges",25798,,,,,,,Case Rate,". MPL 100/75/50% all add ons apply, and lesser of 100% of billed charges",874.59,,,,,,,Fee Schedule,"180 Percent of Medicaid APG. ",874.59,,,,,,,Fee Schedule,"180 Percent of Medicaid APG. ",874.59,,,,,,,Fee Schedule,"180 Percent of Medicaid APG. ",874.59,,,,,,,Fee Schedule,"180 Percent of Medicaid APG. ",874.59,,,,,,,Fee Schedule,"180 Percent of Medicaid APG. ",,,,,,,,,"NA. ",25798,,,,,,,Case Rate,". MPL 100/75/50% all add ons apply, and lesser of 100% of billed charges",691.61,,,,,,,Case Rate,198 Percent of Medicare OPPS. Metroplus will reimburse unlisted codes and described codes with no Medicare rate at 50 percent of charges.,691.61,,,,,,,Case Rate,198 Percent of Medicare OPPS. Metroplus will reimburse unlisted codes and described codes with no Medicare rate at 50 percent of charges.,691.61,,,,,,,Case Rate,198 Percent of Medicare OPPS. Metroplus will reimburse unlisted codes and described codes with no Medicare rate at 50 percent of charges.,691.61,,,,,,,Case Rate,198 Percent of Medicare OPPS. Metroplus will reimburse unlisted codes and described codes with no Medicare rate at 50 percent of charges.,691.61,,,,,,,Case Rate,198 Percent of Medicare OPPS. Metroplus will reimburse unlisted codes and described codes with no Medicare rate at 50 percent of charges.,349.3,,,,,,,Case Rate,"100% Medicare OPPS FS. ",12574,,,,,,,Case Rate,". Primary procedure pays at 100%, all subsequent at 50%.",12574,,,,,,,Case Rate,". Primary procedure pays at 100%, all subsequent at 50%.",12574,,,,,,,Case Rate,". Primary procedure pays at 100%, all subsequent at 50%.",12574,,,,,,,Case Rate,". Primary procedure pays at 100%, all subsequent at 50%.",6593,,,,,,,Case Rate,". Primary procedure pays at 100%, secondary at 50%, all subsequent at 25%.  Lesser of applies when negotiated rates exceed charges less addons.",6593,,,,,,,Case Rate,". Primary procedure pays at 100%, secondary at 50%, all subsequent at 25%.  Lesser of applies when negotiated rates exceed charges less addons.",6593,,,,,,,Case Rate,". Primary procedure pays at 100%, secondary at 50%, all subsequent at 25%.  Lesser of applies when negotiated rates exceed charges less addons.",6593,,,,,,,Case Rate,". Primary procedure pays at 100%, secondary at 50%, all subsequent at 25%.  Lesser of applies when negotiated rates exceed charges less addons.",25798,,,,,,,Case Rate,". MPL 100/75/50% all add ons apply, and lesser of 100% of billed charges",25798,,,,,,,Case Rate,". MPL 100/75/50% all add ons apply, and lesser of 100% of billed charges",349.3,,,,,,,Case Rate,"100% Medicare OPPS FS. ",349.3,,,,,,,Case Rate,"100% Medicare OPPS FS. ",349.3,,,,,,,Case Rate,"100% Medicare OPPS FS. ",4100,,,,,,,Case Rate,". MPL 100/50/25% all add ons apply, and lesser of 100% of billed charges",4100,,,,,,,Case Rate,". MPL 100/50/25% all add ons apply, and lesser of 100% of billed charges",4100,,,,,,,Case Rate,". MPL 100/50/25% all add ons apply, and lesser of 100% of billed charges",25798,,,,,,,Case Rate,". MPL 100/75/50% all add ons apply, and lesser of 100% of billed charges",6593,,,,,,,Case Rate,". Primary procedure pays at 100%, secondary at 50%, all subsequent at 25%.  Lesser of applies when negotiated rates exceed charges less addons.",349.3,,,,,,,Case Rate,"100% Medicare OPPS FS. ",4100,,,,,,,Case Rate,". MPL 100/50/25% all add ons apply, and lesser of 100% of billed charges",485.88,,,,,,,Case Rate,"100 Percent of Medicaid APG. ",356.28,,,,,,,Case Rate,"102% of Medicare OPPS. ",356.28,,,,,,,Case Rate,"102% of Medicare OPPS. ",356.28,,,,,,,Case Rate,"102% of Medicare OPPS. ",485.88,,,,,,,Case rate,"100 Percent of Medicaid APG. ",1093.24,,,,,,,Case Rate,225% of NYS APG. Lesser of 100% of billed charges applies.,1093.24,,,,,,,Case Rate,225% of NYS APG. Lesser of 100% of billed charges applies.,1093.24,,,,,,,Case Rate,225% of NYS APG. Lesser of 100% of billed charges applies.,1093.24,,,,,,,Case Rate,225% of NYS APG. Lesser of 100% of billed charges applies.,1093.24,,,,,,,Case Rate,225% of NYS APG. Lesser of 100% of billed charges applies.,356.28,,,,,,,Case Rate,"102% of Medicare OPPS. ",485.88,,,,,,,Case Rate,"100 Percent of Medicaid APG. ",26.26,,,,,,,Case Rate,100% of PAS. Lesser of 100% of billed charges applies.,1093.24,,,,,,,Case Rate,225% of NYS APG. Lesser of 100% of billed charges applies.,1093.24,,,,,,,Case Rate,225% of NYS APG. Lesser of 100% of billed charges applies.,26.26,,,,,,,Case Rate,100% of PAS. Lesser of 100% of billed charges applies.,26.26,,,,,,,Case Rate,100% of PAS. Lesser of 100% of billed charges applies.,874.59,,,,,,,Fee Schedule,"180 Percent of Medicaid APG. ",349.3,,,,,,,Case Rate,"100% Medicare OPPS FS. ",349.3,,,,,,,Case Rate,"100% Medicare OPPS FS. ",6593,,,,,,,Case Rate,". Primary procedure pays at 100%, secondary at 50%, all subsequent at 25%.  Lesser of applies when negotiated rates exceed charges less addons.",349.3,,,,,,,Case Rate,"100% Medicare OPPS FS. ",1093.24,,,,,,,Case Rate,"225 Percent of Medicaid APG. ",1093.24,,,,,,,Case Rate,"225 Percent of Medicaid APG. ",485.88,,,,,,,Case rate,"100 Percent of Medicaid APG. ",485.88,,,,,,,Case rate,"100 Percent of Medicaid APG. ",1093.24,,,,,,,Case Rate,225 Percent of Medicaid APG. Covered services not payable under Medicaid Fee Schedules default to a payment of 87.5 percent of charges.,485.88,,,,,,,Case rate,124 Percent of Medicaid APG. Covered services not payable under Medicaid Fee Schedules default to a payment of 50 percent of charges.,1093.24,,,,,,,Case Rate,"100 Percent of Medicaid APG. ",1093.24,,,,,,,Case Rate,"100 Percent of Medicaid APG. ",1093.24,,,,,,,Case Rate,"100 Percent of Medicaid APG. ",1093.24,,,,,,,Case Rate,"100 Percent of Medicaid APG. ",13453,,,,,,,Case Rate,". MPL 100/75/50% all add ons apply, and lesser of 100% of billed charges",25798,,,,,,,Case Rate,". MPL 100/75/50% all add ons apply, and lesser of 100% of billed charges",583.06,,,,,,,Case Rate,"120 Percent of Medicaid APG. Not APG payable, or payable under another fee schedule like ASP/AWP pays at 30% of charges",583.06,,,,,,,Case Rate,"120 Percent of Medicaid APG. Not APG payable, or payable under another fee schedule like ASP/AWP pays at 30% of charges",485.88,,,,,,,Case Rate,"100 Percent of Medicaid APG. Not APG payable, or payable under another fee schedule like ASP/AWP pays at 30% of charges",485.88,,,,,,,Case Rate,"100 Percent of Medicaid APG. Not APG payable, or payable under another fee schedule like ASP/AWP pays at 30% of charges",4100,,,,,,,Case Rate,". MPL 100/50/25% all add ons apply, and lesser of 100% of billed charges",4100,,,,,,,Case Rate,". MPL 100/50/25% all add ons apply, and lesser of 100% of billed charges",349.3,,,,,,,Case Rate,"100% Medicare OPPS FS. ",4100,,,,,,,Case Rate,". MPL 100/50/25% all add ons apply, and lesser of 100% of billed charges",4100,,,,,,,Case Rate,". MPL 100/50/25% all add ons apply, and lesser of 100% of billed charges",4100,,,,,,,Case Rate,". MPL 100/50/25% all add ons apply, and lesser of 100% of billed charges",4100,,,,,,,Case Rate,". MPL 100/50/25% all add ons apply, and lesser of 100% of billed charges",349.3,,,,,,,Case Rate,"100% Medicare OPPS FS. ",4100,,,,,,,Case Rate,". MPL 100/50/25% all add ons apply, and lesser of 100% of billed charges",4100,,,,,,,Case Rate,". MPL 100/50/25% all add ons apply, and lesser of 100% of billed charges",6593,,,,,,,Case Rate,". Primary procedure pays at 100%, secondary at 50%, all subsequent at 25%.  Lesser of applies when negotiated rates exceed charges less addons.",485.88,,,,,,,Fee Schedule,100% APG. Lesser of 100% of billed charges applies.,485.88,,,,,,,Case rate,124 Percent of Medicaid APG. Covered services not payable under Medicaid Fee Schedules default to a payment of 50 percent of charges.,1093.24,,,,,,,Case Rate,225% of NYS APG. Lesser of 100% of billed charges applies.,1093.24,,,,,,,Case Rate,225 Percent of Medicaid APG. Covered services not payable under Medicaid Fee Schedules default to a payment of 87.5 percent of charges.,485.88,,,,,,,Case rate,124 Percent of Medicaid APG. Covered services not payable under Medicaid Fee Schedules default to a payment of 50 percent of charges.,1093.24,,,,,,,Case Rate,225% of NYS APG. Lesser of 100% of billed charges applies.,1093.24,,,,,,,Case Rate,225% of NYS APG. Lesser of 100% of billed charges applies.,1093.24,,,,,,,Case Rate,225% of NYS APG. Lesser of 100% of billed charges applies.,1093.24,,,,,,,Case Rate,225% of NYS APG. Lesser of 100% of billed charges applies.,1093.24,,,,,,,Case Rate,225% of NYS APG. Lesser of 100% of billed charges applies.,1093.24,,,,,,,Case Rate,225% of NYS APG. Lesser of 100% of billed charges applies.,,,,,,,,,"NA. ",,,,,,,,,"NA. ",,,,,,,,,"NA. ",6487,,,,,,,Case Rate,". MPL 100/50/25% maxmium of 3 procedures. All add ons apply, and lesser of 100% of billed charges",,,,,,,,,"NA. ",349.3,,,,,,,Case Rate,"100% Medicare OPPS FS. ",1352,,,,,,,Case Rate,". MPL 1st 100% of Payment Rate 50% of all others, all add ons apply, and lesser of 100% of billed charges.",349.3,,,,,,,Case Rate,"100% Medicare OPPS FS. ",349.3,,,,,,,Case Rate,"100% Medicare OPPS FS. ",583.06,,,,,,,Case Rate,"120 Percent of Medicaid APG. Not APG payable, or payable under another fee schedule like ASP/AWP pays at 30% of charges",583.06,,,,,,,Case Rate,"120 Percent of Medicaid APG. Not APG payable, or payable under another fee schedule like ASP/AWP pays at 30% of charges",485.88,,,,,,,Case Rate,"100 Percent of Medicaid APG. Not APG payable, or payable under another fee schedule like ASP/AWP pays at 30% of charges",485.88,,,,,,,Case Rate,"100 Percent of Medicaid APG. Not APG payable, or payable under another fee schedule like ASP/AWP pays at 30% of charges",485.88,,,,,,,Case Rate,"100 Percent of Medicaid APG. ",7163,,,,,,,Case Rate,". ",6593,,,,,,,Case Rate,". Primary procedure pays at 100%, secondary at 50%, all subsequent at 25%.  Lesser of applies when negotiated rates exceed charges less addons.",8427,,,,,,,Case Rate,". Primary procedure pays at 100%, all subsequent at 50%.",6487,,,,,,,Case Rate,". MPL 100/50/25% maxmium of 3 procedures. All add ons apply, and lesser of 100% of billed charges",349.3,,,,,,,Case Rate,"100%Medicare OPPS FS. ",349.3,,,,,,,Case Rate,"100% Medicare OPPS FS. ",349.3,,,,,,,Case Rate,"100% Medicare OPPS FS. ",349.3,,,,,,,Case Rate,"100% Medicare OPPS FS. ",349.3,,,,,,,Case Rate,"100%Medicare OPPS FS. ",349.3,,,,,,,Case Rate,"100% Medicare OPPS FS. ",,,,,,,,,"NA. ",1093.24,,,,,,,Case Rate,225% of NYS APG. Lesser of 100% of billed charges applies.,26.26,,,,,,,Case Rate,100% of PAS. Lesser of 100% of billed charges applies.,4100,,,,,,,Case Rate,". MPL 100/50/25% all add ons apply, and lesser of 100% of billed charges",7163,,,,,,,Case Rate,". ",7163,,,,,,,Case Rate,". ",7163,,,,,,,Case Rate,". ",7163,,,,,,,Case Rate,". ",349.3,,,,,,,Case Rate,"100% Medicare OPPS FS. ",485.88,,,,,,,Case Rate,"100 Percent of Medicaid APG. ",4100,,,,,,,Case Rate,". MPL 100/50/25% all add ons apply, and lesser of 100% of billed charges",485.88,,,,,,,Case Rate,"100 Percent of Medicaid APG. ",349.3,,,,,,,Case Rate,"100% Medicare OPPS FS. ",485.88,,,,,,,Case Rate,"100 Percent of Medicaid APG. ",349.3,,,,,,,Case Rate,"100% Medicare OPPS FS. ",349.3,,,,,,,Case Rate,"100% Medicare OPPS FS. ",485.88,,,,,,,Case Rate,"100 Percent of Medicaid APG. ",485.88,,,,,,,Case Rate,"100 Percent of Medicaid APG. ",7163,,,,,,,Case Rate,". ",6487,,,,,,,Case Rate,". MPL 100/50/25% maxmium of 3 procedures. All add ons apply, and lesser of 100% of billed charges",4028.7858,78,,,,,0,percent of total billed charges,78% of Billed Charges. Lesser of 100% of billed charges applies.; No services were performed during the 15 month look back period.,4923.38,,,,,,,Case Rate,". MPL 100/50/25% all add ons apply, and lesser of 100% of billed charges",4923.38,,,,,,,Case Rate,". MPL 100/50/25% all add ons apply, and lesser of 100% of billed charges",6593,,,,,,,Case Rate,". Primary procedure pays at 100%, secondary at 50%, all subsequent at 25%.  Lesser of applies when negotiated rates exceed charges less addons.",349.3,,,,,,,Case Rate,"83% HF Fee schedule. ",12574,,,,,,,Case Rate,". Primary procedure pays at 100%, all subsequent at 50%.",12574,,,,,,,Case Rate,". Primary procedure pays at 100%, all subsequent at 50%.",3280,,,,,,,Case Rate,". MPL 100/50/25% all add ons apply, and lesser of 100% of billed charges",3280,,,,,,,Case Rate,". MPL 100/50/25% all add ons apply, and lesser of 100% of billed charges",349.3,,,,,,,Case Rate,"100% Medicare OPPS FS. ",349.3,,,,,,,Case Rate,"100% Medicare OPPS FS. ",349.3,,,,,,,Case Rate,"100% Medicare OPPS FS. ",349.3,,,,,,,Case Rate,"100% Medicare OPPS FS. ",4923.38,,,,,,,Case Rate,". MPL 100/50/25% all add ons apply, and lesser of 100% of billed charges",4100,,,,,,,Case Rate,". MPL 100/50/25% all add ons apply, and lesser of 100% of billed charges",4100,,,,,,,Case Rate,". MPL 100/50/25% all add ons apply, and lesser of 100% of billed charges",349.3,,,,,,,Case Rate,"100% Medicare OPPS FS. ",3280,,,,,,,Case Rate,". MPL 100/50/25% all add ons apply, and lesser of 100% of billed charges",8427,,,,,,,Case Rate,". Primary procedure pays at 100%, all subsequent at 50%.",583.06,,,,,,,Fee Schedule,"120 Percent of Medicaid APG. ",485.88,,,,,,,Case Rate,"100 Percent of Medicaid APG. ",7163,,,,,,,Case Rate,". ",3690,,,,,,,Case Rate,". MPL 100/50/25% all add ons apply, and lesser of 100% of billed charges",3690,,,,,,,Case Rate,". MPL 100/50/25% all add ons apply, and lesser of 100% of billed charges",4100,,,,,,,Case Rate,". MPL 100/50/25% all add ons apply, and lesser of 100% of billed charges",14948,,,,,,,Case Rate,". MPL 100/75/50% all add ons apply, and lesser of 100% of billed charges",349.3,,,,,,,Case Rate,"100%Medicare OPPS FS. ",510.18,,,,,,,Fee Schedule,105 percent of Medicaid APG. otherwise 105% of Ordered NYS MCD FS or 105% of ASP+6%,510.18,,,,,,,Fee Schedule,105 percent of Medicaid APG. otherwise 105% of Ordered NYS MCD FS or 105% of ASP+6%,510.18,,,,,,,Fee Schedule,105 percent of Medicaid APG. otherwise 105% of Ordered NYS MCD FS or 105% of ASP+6%,655.94,,,,,,,Fee Schedule,135 percent of Medicaid APG. otherwise 135% of Ordered NYS MCD FS or 135% of ASP+6%,4923.38,,,,,,,Case Rate,". MPL 100/50/25% all add ons apply, and lesser of 100% of billed charges",510.18,,,,,,,Fee Schedule,105 percent of Medicaid APG. otherwise 105% of Ordered NYS MCD FS or 105% of ASP+6%,510.18,,,,,,,Fee Schedule,105 percent of Medicaid APG. otherwise 105% of Ordered NYS MCD FS or 105% of ASP+6%,510.18,,,,,,,Fee Schedule,105 percent of Medicaid APG. otherwise 105% of Ordered NYS MCD FS or 105% of ASP+6%,510.18,,,,,,,Fee Schedule,105 percent of Medicaid APG. otherwise 105% of Ordered NYS MCD FS or 105% of ASP+6%,510.18,,,,,,,Fee Schedule,105 percent of Medicaid APG. otherwise 105% of Ordered NYS MCD FS or 105% of ASP+6%,655.94,,,,,,,Fee Schedule,135 percent of Medicaid APG. otherwise 135% of Ordered NYS MCD FS or 135% of ASP+6%,655.94,,,,,,,Fee Schedule,135 percent of Medicaid APG. otherwise 135% of Ordered NYS MCD FS or 135% of ASP+6%,349.3,,,,,,,Case Rate,"100% Medicare OPPS FS. ",4923.38,,,,,,,Case Rate,". MPL 100/50/25% all add ons apply, and lesser of 100% of billed charges",349.3,,,,,,,Case Rate,"100% Medicare OPPS FS. ",510.18,,,,,,,Fee Schedule,105 percent of Medicaid APG. otherwise 105% of Ordered NYS MCD FS or 105% of ASP+6%,4100,,,,,,,Case Rate,". MPL 100/50/25% all add ons apply, and lesser of 100% of billed charges",349.3,,,,,,,Case Rate,"100% Medicare OPPS FS. ",4100,,,,,,,Case Rate,". MPL 100/50/25% all add ons apply, and lesser of 100% of billed charges",4100,,,,,,,Case Rate,". MPL 100/50/25% all add ons apply, and lesser of 100% of billed charges",4100,,,,,,,Case Rate,". MPL 100/50/25% all add ons apply, and lesser of 100% of billed charges",510.18,,,,,,,Fee Schedule,105 percent of Medicaid APG. otherwise 105% of Ordered NYS MCD FS or 105% of ASP+6%,349.3,,,,,,,Case Rate,"100% Medicare OPPS FS. ",4100,,,,,,,Case Rate,". MPL 100/50/25% all add ons apply, and lesser of 100% of billed charges",655.94,,,,,,,Fee Schedule,135 percent of Medicaid APG. otherwise 135% of Ordered NYS MCD FS or 135% of ASP+6%,4100,,,,,,,Case Rate,". MPL 100/50/25% all add ons apply, and lesser of 100% of billed charges",10330.22,200,,,,,0,Case Rate,200% of Medicare OPPS. ; No services were performed during the 15 month look back period.,349.3,,,,,,,Case Rate,"100%Medicare OPPS FS. ",7163,,,,,,,Case Rate,". ",7163,,,,,,,Case Rate,". ",7163,,,,,,,Case Rate,". ",7163,,,,,,,Case Rate,". ",7163,,,,,,,Case Rate,". ",8427,,,,,,,Case Rate,". Primary procedure pays at 100%, all subsequent at 50%.",8427,,,,,,,Case Rate,". Primary procedure pays at 100%, all subsequent at 50%.",7163,,,,,,,Case Rate,". ",7163,,,,,,,Case Rate,". ",7163,,,,,,,Case Rate,". ",7163,,,,,,,Case Rate,". ",7163,,,,,,,Case Rate,". ",349.3,,,,,,,Case Rate,"100% Medicare OPPS FS. ",8427,,,,,,,Case Rate,". Primary procedure pays at 100%, all subsequent at 50%.",349.3,,,,,,,Case Rate,"100% Medicare OPPS FS. ",1093.24,,,,,,,Case Rate,"225 Percent of Medicaid APG. If not included in Medicaid APG, then 100 Percent of Manhattan Medicare",485.88,,,,,,,Case Rate,"100 Percent of Medicaid APG. ",4923.38,,,,,,,Case Rate,". MPL 100/50/25% all add ons apply, and lesser of 100% of billed charges",4923.38,,,,,,,Case Rate,". MPL 100/50/25% all add ons apply, and lesser of 100% of billed charges",349.3,,,,,,,Case Rate,"100% Medicare OPPS FS. ",12574,,,,,,,Case Rate,". Primary procedure pays at 100%, all subsequent at 50%.",349.3,,,,,,,Case Rate,"100% Medicare OPPS FS. ",349.3,,,,,,,Case Rate,"100% Medicare OPPS FS. ",6593,,,,,,,Case Rate,". Primary procedure pays at 100%, secondary at 50%, all subsequent at 25%.  Lesser of applies when negotiated rates exceed charges less addons.",349.3,,,,,,,Case Rate,"100% Medicare OPPS FS. ",6487,,,,,,,Case Rate,". MPL 100/50/25% maxmium of 3 procedures. All add ons apply, and lesser of 100% of billed charges",349.3,,,,,,,Case Rate,"100% Medicare OPPS FS. ",6487,,,,,,,Case Rate,". MPL 100/50/25% maxmium of 3 procedures. All add ons apply, and lesser of 100% of billed charges",6593,,,,,,,Case Rate,". Primary procedure pays at 100%, secondary at 50%, all subsequent at 25%.  Lesser of applies when negotiated rates exceed charges less addons.",6487,,,,,,,Case Rate,". MPL 100/50/25% maxmium of 3 procedures. All add ons apply, and lesser of 100% of billed charges",349.3,,,,,,,Case Rate,"100% Medicare OPPS FS. ",485.88,,,,,,,Case Rate,"100 Percent of Medicaid APG. ",349.3,,,,,,,Case Rate,"100% Medicare OPPS FS. ",6487,,,,,,,Case Rate,". MPL 100/50/25% maxmium of 3 procedures. All add ons apply, and lesser of 100% of billed charges",4923.38,,,,,,,Case Rate,". MPL 100/50/25% all add ons apply, and lesser of 100% of billed charges",485.88,,,,,,,Case Rate,"100 Percent of Medicaid APG. ",4100,,,,,,,Case Rate,". MPL 100/50/25% all add ons apply, and lesser of 100% of billed charges",583.06,,,,,,,Fee Schedule,"120 Percent of Medicaid APG. ",583.06,,,,,,,Fee Schedule,"120 Percent of Medicaid APG. ",4100,,,,,,,Case Rate,". MPL 100/50/25% all add ons apply, and lesser of 100% of billed charges",4100,,,,,,,Case Rate,". MPL 100/50/25% all add ons apply, and lesser of 100% of billed charges",4100,,,,,,,Case Rate,". MPL 100/50/25% all add ons apply, and lesser of 100% of billed charges",4923.38,,,,,,,Case Rate,". MPL 100/50/25% all add ons apply, and lesser of 100% of billed charges",4100,,,,,,,Case Rate,". MPL 100/50/25% all add ons apply, and lesser of 100% of billed charges",4100,,,,,,,Case Rate,". MPL 100/50/25% all add ons apply, and lesser of 100% of billed charges",4100,,,,,,,Case Rate,". MPL 100/50/25% all add ons apply, and lesser of 100% of billed charges",7163,,,,,,,Case Rate,". ",7163,,,,,,,Case Rate,". ",691.61,,,,,,,Case Rate,198 Percent of Medicare OPPS. Metroplus will reimburse unlisted codes and described codes with no Medicare rate at 50 percent of charges.,485.88,,,,,,,Case Rate,"100 Percent of Medicaid APG. ",4923.38,,,,,,,Case Rate,". MPL 100/50/25% all add ons apply, and lesser of 100% of billed charges",6487,,,,,,,Case Rate,". MPL 100/50/25% maxmium of 3 procedures. All add ons apply, and lesser of 100% of billed charges",6593,,,,,,,Case Rate,". Primary procedure pays at 100%, secondary at 50%, all subsequent at 25%.  Lesser of applies when negotiated rates exceed charges less addons.",4923.38,,,,,,,Case Rate,". MPL 100/50/25% all add ons apply, and lesser of 100% of billed charges",6593,,,,,,,Case Rate,". Primary procedure pays at 100%, secondary at 50%, all subsequent at 25%.  Lesser of applies when negotiated rates exceed charges less addons.",4923.38,,,,,,,Case Rate,". MPL 100/50/25% all add ons apply, and lesser of 100% of billed charges",4100,,,,,,,Case Rate,". MPL 100/50/25% all add ons apply, and lesser of 100% of billed charges",4100,,,,,,,Case Rate,". MPL 100/50/25% all add ons apply, and lesser of 100% of billed charges",4100,,,,,,,Case Rate,". MPL 100/50/25% all add ons apply, and lesser of 100% of billed charges",4100,,,,,,,Case Rate,". MPL 100/50/25% all add ons apply, and lesser of 100% of billed charges",349.3,,,,,,,Case Rate,"100% Medicare OPPS FS. ",26.26,25798,
20680,CPT,,,490,RC,REMOVAL OF IMPLANT DEEP,,,both,,,,7084,,,,,,,Case Rate,". MPL 1st 100% of Payment Rate 50% of all others, all add ons apply, and lesser of 100% of billed charges.",7084,,,,,,,Case Rate,". MPL 1st 100% of Payment Rate 50% of all others, all add ons apply, and lesser of 100% of billed charges.",10024,,,,,,,Case Rate,". Primary procedure pays at 100%, secondary at 50%, all subsequent at 25%.  Lesser of applies when negotiated rates exceed charges less addons.",,100,,,,,0,percent of total billed charges,100 percent of billed charges. ; No services were performed during the 15 month look back period.,3386.66,,,,,,,Case Rate,"100% Medicare OPPS FS. ",10024,,,,,,,Case Rate,". Primary procedure pays at 100%, secondary at 50%, all subsequent at 25%.  Lesser of applies when negotiated rates exceed charges less addons.",10024,,,,,,,Case Rate,". Primary procedure pays at 100%, secondary at 50%, all subsequent at 25%.  Lesser of applies when negotiated rates exceed charges less addons.",10024,,,,,,,Case Rate,". Primary procedure pays at 100%, secondary at 50%, all subsequent at 25%.  Lesser of applies when negotiated rates exceed charges less addons.",2735.11,,,,,,,Case Rate,"100 Percent of Medicaid APG. ",2279.26,,,,,,,Case Rate,"100 Percent of Medicaid APG. ",,78,,,,,0,percent of total billed charges,78% of Billed Charges. Lesser of 100% of billed charges applies.; No services were performed during the 15 month look back period.,9060.9,,,,,,,Case Rate,". MPL 100/50/25% all add ons apply, and lesser of 100% of billed charges",2279.26,,,,,,,Case Rate,"100 Percent of Medicaid APG. ",3386.66,,,,,,,Case Rate,"100% Medicare OPPS FS. ",6487,,,,,,,Case Rate,". MPL 100/50/25% maxmium of 3 procedures. All add ons apply, and lesser of 100% of billed charges",6487,,,,,,,Case Rate,". MPL 100/50/25% maxmium of 3 procedures. All add ons apply, and lesser of 100% of billed charges",6487,,,,,,,Case Rate,". MPL 100/50/25% maxmium of 3 procedures. All add ons apply, and lesser of 100% of billed charges",6487,,,,,,,Case Rate,". MPL 100/50/25% maxmium of 3 procedures. All add ons apply, and lesser of 100% of billed charges",2279.26,,,,,,,Case rate,124 Percent of Medicaid APG. Covered services not payable under Medicaid Fee Schedules default to a payment of 50 percent of charges.,3386.66,,,,,,,Case Rate,"100% Medicare OPPS FS. ",2279.26,,,,,,,Case rate,124 Percent of Medicaid APG. Covered services not payable under Medicaid Fee Schedules default to a payment of 50 percent of charges.,,78,,,,,0,percent of total billed charges,78% of Billed Charges. Lesser of 100% of billed charges applies.; No services were performed during the 15 month look back period.,10024,,,,,,,Case Rate,". Primary procedure pays at 100%, secondary at 50%, all subsequent at 25%.  Lesser of applies when negotiated rates exceed charges less addons.",3386.66,,,,,,,Case Rate,"100%Medicare OPPS FS. ",8427,,,,,,,Case Rate,". Primary procedure pays at 100%, all subsequent at 50%.",3386.66,,,,,,,Case Rate,"100%Medicare OPPS FS. ",3386.66,,,,,,,Case Rate,"100%Medicare OPPS FS. ",,78,,,,,0,percent of total billed charges,78% of Billed Charges. Lesser of 100% of billed charges applies.; No services were performed during the 15 month look back period.,1228.42,,,,,,,Case Rate,100% of PAS. Lesser of 100% of billed charges applies.,1228.42,,,,,,,Case Rate,100% of PAS. Lesser of 100% of billed charges applies.,2279.26,,,,,,,Case rate,"100 Percent of Medicaid APG. ",2279.26,,,,,,,Case rate,"100 Percent of Medicaid APG. ",8427,,,,,,,Case Rate,". Primary procedure pays at 100%, all subsequent at 50%.",8427,,,,,,,Case Rate,". Primary procedure pays at 100%, all subsequent at 50%.",2279.26,,,,,,,Case Rate,"100 Percent of Medicaid APG. Not APG payable, or payable under another fee schedule like ASP/AWP pays at 30% of charges",8427,,,,,,,Case Rate,". Primary procedure pays at 100%, all subsequent at 50%.",2279.26,,,,,,,Case Rate,"100 Percent of Medicaid APG. Not APG payable, or payable under another fee schedule like ASP/AWP pays at 30% of charges",3386.66,,,,,,,Case Rate,"100%Medicare OPPS FS. ",8427,,,,,,,Case Rate,". Primary procedure pays at 100%, all subsequent at 50%.",,78,,,,,0,percent of total billed charges,78% of Billed Charges. Lesser of 100% of billed charges applies.; No services were performed during the 15 month look back period.,2279.26,,,,,,,Case Rate,"100 Percent of Medicaid APG. ",2279.26,,,,,,,Case Rate,"100 Percent of Medicaid APG. ",,78,,,,,0,percent of total billed charges,78% of Billed Charges. Lesser of 100% of billed charges applies.; No services were performed during the 15 month look back period.,6487,,,,,,,Case Rate,". MPL 100/50/25% maxmium of 3 procedures. All add ons apply, and lesser of 100% of billed charges",7643,,,,,,,Case Rate,". MPL 100/50/25% all add ons apply, and lesser of 100% of billed charges",7643,,,,,,,Case Rate,". MPL 100/50/25% all add ons apply, and lesser of 100% of billed charges",,78,,,,,0,percent of total billed charges,78% of Billed Charges. Lesser of 100% of billed charges applies.; No services were performed during the 15 month look back period.,3386.66,,,,,,,Case Rate,"100% Medicare OPPS FS. ",9060.9,,,,,,,Case Rate,". MPL 100/50/25% all add ons apply, and lesser of 100% of billed charges",9060.9,,,,,,,Case Rate,". MPL 100/50/25% all add ons apply, and lesser of 100% of billed charges",9060.9,,,,,,,Case Rate,". MPL 100/50/25% all add ons apply, and lesser of 100% of billed charges",3386.66,,,,,,,Case Rate,"100% Medicare OPPS FS. ",9060.9,,,,,,,Case Rate,". MPL 100/50/25% all add ons apply, and lesser of 100% of billed charges",9060.9,,,,,,,Case Rate,". MPL 100/50/25% all add ons apply, and lesser of 100% of billed charges",3386.66,,,,,,,Case Rate,"100% of Medicare OPPS. ",25798,,,,,,,Case Rate,". MPL 100/75/50% all add ons apply, and lesser of 100% of billed charges",13586,,,,,,,Case Rate,". MPL 100/50/25% all add ons apply, and lesser of 100% of billed charges",13586,,,,,,,Case Rate,". MPL 100/50/25% all add ons apply, and lesser of 100% of billed charges",13586,,,,,,,Case Rate,". MPL 100/50/25% all add ons apply, and lesser of 100% of billed charges",13586,,,,,,,Case Rate,". MPL 100/50/25% all add ons apply, and lesser of 100% of billed charges",13586,,,,,,,Case Rate,". MPL 100/50/25% all add ons apply, and lesser of 100% of billed charges",13586,,,,,,,Case Rate,". MPL 100/50/25% all add ons apply, and lesser of 100% of billed charges",3386.66,,,,,,,Case Rate,"100% Medicare OPPS FS. ",3386.66,,,,,,,Case Rate,"100% Medicare OPPS FS. ",13586,,,,,,,Case Rate,". MPL 100/50/25% all add ons apply, and lesser of 100% of billed charges",,78,,,,,0,percent of total billed charges,78% of Billed Charges. Lesser of 100% of billed charges applies.; No services were performed during the 15 month look back period.,,78,,,,,0,percent of total billed charges,78% of Billed Charges. Lesser of 100% of billed charges applies.; No services were performed during the 15 month look back period.,,78,,,,,0,percent of total billed charges,78% of Billed Charges. Lesser of 100% of billed charges applies.; No services were performed during the 15 month look back period.,,78,,,,,0,percent of total billed charges,78% of Billed Charges. Lesser of 100% of billed charges applies.; No services were performed during the 15 month look back period.,,78,,,,,0,percent of total billed charges,78% of Billed Charges. Lesser of 100% of billed charges applies.; No services were performed during the 15 month look back period.,,78,,,,,0,percent of total billed charges,78% of Billed Charges. Lesser of 100% of billed charges applies.; No services were performed during the 15 month look back period.,,78,,,,,0,percent of total billed charges,78% of Billed Charges. Lesser of 100% of billed charges applies.; No services were performed during the 15 month look back period.,,78,,,,,0,percent of total billed charges,78% of Billed Charges. Lesser of 100% of billed charges applies.; No services were performed during the 15 month look back period.,,78,,,,,0,percent of total billed charges,78% of Billed Charges. Lesser of 100% of billed charges applies.; No services were performed during the 15 month look back period.,,78,,,,,0,percent of total billed charges,78% of Billed Charges. Lesser of 100% of billed charges applies.; No services were performed during the 15 month look back period.,,78,,,,,0,percent of total billed charges,78% of Billed Charges. Lesser of 100% of billed charges applies.; No services were performed during the 15 month look back period.,,78,,,,,0,percent of total billed charges,78% of Billed Charges. Lesser of 100% of billed charges applies.; No services were performed during the 15 month look back period.,,78,,,,,0,percent of total billed charges,78% of Billed Charges. Lesser of 100% of billed charges applies.; No services were performed during the 15 month look back period.,,78,,,,,0,percent of total billed charges,78% of Billed Charges. Lesser of 100% of billed charges applies.; No services were performed during the 15 month look back period.,,78,,,,,0,percent of total billed charges,78% of Billed Charges. Lesser of 100% of billed charges applies.; No services were performed during the 15 month look back period.,,78,,,,,0,percent of total billed charges,78% of Billed Charges. Lesser of 100% of billed charges applies.; No services were performed during the 15 month look back period.,,78,,,,,0,percent of total billed charges,78% of Billed Charges. Lesser of 100% of billed charges applies.; No services were performed during the 15 month look back period.,,78,,,,,0,percent of total billed charges,78% of Billed Charges. Lesser of 100% of billed charges applies.; No services were performed during the 15 month look back period.,,78,,,,,0,percent of total billed charges,78% of Billed Charges. Lesser of 100% of billed charges applies.; No services were performed during the 15 month look back period.,,78,,,,,0,percent of total billed charges,78% of Billed Charges. Lesser of 100% of billed charges applies.; No services were performed during the 15 month look back period.,,78,,,,,0,percent of total billed charges,78% of Billed Charges. Lesser of 100% of billed charges applies.; No services were performed during the 15 month look back period.,,78,,,,,0,percent of total billed charges,78% of Billed Charges. Lesser of 100% of billed charges applies.; No services were performed during the 15 month look back period.,,78,,,,,0,percent of total billed charges,78% of Billed Charges. Lesser of 100% of billed charges applies.; No services were performed during the 15 month look back period.,,78,,,,,0,percent of total billed charges,78% of Billed Charges. Lesser of 100% of billed charges applies.; No services were performed during the 15 month look back period.,,78,,,,,0,percent of total billed charges,78% of Billed Charges. Lesser of 100% of billed charges applies.; No services were performed during the 15 month look back period.,,78,,,,,0,percent of total billed charges,78% of Billed Charges. Lesser of 100% of billed charges applies.; No services were performed during the 15 month look back period.,8427,,,,,,,Case Rate,". Primary procedure pays at 100%, all subsequent at 50%.",8427,,,,,,,Case Rate,". Primary procedure pays at 100%, all subsequent at 50%.",8427,,,,,,,Case Rate,". Primary procedure pays at 100%, all subsequent at 50%.",8427,,,,,,,Case Rate,". Primary procedure pays at 100%, all subsequent at 50%.",12574,,,,,,,Case Rate,". Primary procedure pays at 100%, all subsequent at 50%.",12574,,,,,,,Case Rate,". Primary procedure pays at 100%, all subsequent at 50%.",6487,,,,,,,Case Rate,". MPL 100/50/25% maxmium of 3 procedures. All add ons apply, and lesser of 100% of billed charges",13586,,,,,,,Case Rate,". MPL 100/50/25% all add ons apply, and lesser of 100% of billed charges",9060.9,,,,,,,Case Rate,". MPL 100/50/25% all add ons apply, and lesser of 100% of billed charges",13586,,,,,,,Case Rate,". MPL 100/50/25% all add ons apply, and lesser of 100% of billed charges",,78,,,,,0,percent of total billed charges,78% of Billed Charges. Lesser of 100% of billed charges applies.; No services were performed during the 15 month look back period.,12574,,,,,,,Case Rate,". Primary procedure pays at 100%, all subsequent at 50%.",13586,,,,,,,Case Rate,". MPL 100/50/25% all add ons apply, and lesser of 100% of billed charges",9060.9,,,,,,,Case Rate,". MPL 100/50/25% all add ons apply, and lesser of 100% of billed charges",6487,,,,,,,Case Rate,". MPL 100/50/25% maxmium of 3 procedures. All add ons apply, and lesser of 100% of billed charges",,,,,,,,,"NA. ",,78,,,,,0,percent of total billed charges,78% of Billed Charges. Lesser of 100% of billed charges applies.; No services were performed during the 15 month look back period.,2279.26,,,,,,,Case Rate,"100 Percent of Medicaid APG. ",8427,,,,,,,Case Rate,". Primary procedure pays at 100%, all subsequent at 50%.",2279.26,,,,,,,Case Rate,"100 Percent of Medicaid APG. Not APG payable, or payable under another fee schedule like ASP/AWP pays at 30% of charges",3386.66,,,,,,,Case Rate,"100%Medicare OPPS FS. ",3386.66,,,,,,,Case Rate,"100% Medicare OPPS FS. ",25798,,,,,,,Case Rate,". MPL 100/75/50% all add ons apply, and lesser of 100% of billed charges",3386.66,,,,,,,Case Rate,"100% Medicare OPPS FS. ",3386.66,,,,,,,Case Rate,"100% Medicare OPPS FS. ",2279.26,,,,,,,Case Rate,"100 Percent of Medicaid APG. ",3386.66,,,,,,,Case Rate,"100% Medicare OPPS FS. ",3386.66,,,,,,,Case Rate,"100% Medicare OPPS FS. ",10024,,,,,,,Case Rate,". Primary procedure pays at 100%, secondary at 50%, all subsequent at 25%.  Lesser of applies when negotiated rates exceed charges less addons.",10024,,,,,,,Case Rate,". Primary procedure pays at 100%, secondary at 50%, all subsequent at 25%.  Lesser of applies when negotiated rates exceed charges less addons.",3386.66,,,,,,,Case Rate,"100% Medicare OPPS FS. ",6487,,,,,,,Case Rate,". MPL 100/50/25% maxmium of 3 procedures. All add ons apply, and lesser of 100% of billed charges",9060.9,,,,,,,Case Rate,". MPL 100/50/25% all add ons apply, and lesser of 100% of billed charges",9060.9,,,,,,,Case Rate,". MPL 100/50/25% all add ons apply, and lesser of 100% of billed charges",3386.66,,,,,,,Case Rate,"100% Medicare OPPS FS. ",6487,,,,,,,Case Rate,". MPL 100/50/25% maxmium of 3 procedures. All add ons apply, and lesser of 100% of billed charges",10024,,,,,,,Case Rate,". Primary procedure pays at 100%, secondary at 50%, all subsequent at 25%.  Lesser of applies when negotiated rates exceed charges less addons.",10024,,,,,,,Case Rate,". Primary procedure pays at 100%, secondary at 50%, all subsequent at 25%.  Lesser of applies when negotiated rates exceed charges less addons.",10024,,,,,,,Case Rate,". Primary procedure pays at 100%, secondary at 50%, all subsequent at 25%.  Lesser of applies when negotiated rates exceed charges less addons.",,78,,,,,0,percent of total billed charges,78% of Billed Charges. Lesser of 100% of billed charges applies.; No services were performed during the 15 month look back period.,,78,,,,,0,percent of total billed charges,78% of Billed Charges. Lesser of 100% of billed charges applies.; No services were performed during the 15 month look back period.,,78,,,,,0,percent of total billed charges,78% of Billed Charges. Lesser of 100% of billed charges applies.; No services were performed during the 15 month look back period.,,78,,,,,0,percent of total billed charges,78% of Billed Charges. Lesser of 100% of billed charges applies.; No services were performed during the 15 month look back period.,,78,,,,,0,percent of total billed charges,78% of Billed Charges. Lesser of 100% of billed charges applies.; No services were performed during the 15 month look back period.,,78,,,,,0,percent of total billed charges,78% of Billed Charges. Lesser of 100% of billed charges applies.; No services were performed during the 15 month look back period.,,78,,,,,0,percent of total billed charges,78% of Billed Charges. Lesser of 100% of billed charges applies.; No services were performed during the 15 month look back period.,,78,,,,,0,percent of total billed charges,78% of Billed Charges. Lesser of 100% of billed charges applies.; No services were performed during the 15 month look back period.,,78,,,,,0,percent of total billed charges,78% of Billed Charges. Lesser of 100% of billed charges applies.; No services were performed during the 15 month look back period.,,78,,,,,0,percent of total billed charges,78% of Billed Charges. Lesser of 100% of billed charges applies.; No services were performed during the 15 month look back period.,,78,,,,,0,percent of total billed charges,78% of Billed Charges. Lesser of 100% of billed charges applies.; No services were performed during the 15 month look back period.,12574,,,,,,,Case Rate,". Primary procedure pays at 100%, all subsequent at 50%.",13586,,,,,,,Case Rate,". MPL 100/50/25% all add ons apply, and lesser of 100% of billed charges",6487,,,,,,,Case Rate,". MPL 100/50/25% maxmium of 3 procedures. All add ons apply, and lesser of 100% of billed charges",3386.66,,,,,,,Case Rate,"100% Medicare OPPS FS. ",10024,,,,,,,Case Rate,". Primary procedure pays at 100%, secondary at 50%, all subsequent at 25%.  Lesser of applies when negotiated rates exceed charges less addons.",6487,,,,,,,Case Rate,". MPL 100/50/25% maxmium of 3 procedures. All add ons apply, and lesser of 100% of billed charges",6487,,,,,,,Case Rate,". MPL 100/50/25% maxmium of 3 procedures. All add ons apply, and lesser of 100% of billed charges",,78,,,,,0,percent of total billed charges,78% of Billed Charges. Lesser of 100% of billed charges applies.; No services were performed during the 15 month look back period.,4877.62,,,,,,,Case Rate,"214 Percent of Medicaid APG. Drugs not priced under APG, billed with revenue code 636 and not priced by Medicare ASP FeeSched will be reimbursed at 20% of charges.",6487,,,,,,,Case Rate,". MPL 100/50/25% maxmium of 3 procedures. All add ons apply, and lesser of 100% of billed charges",2279.26,,,,,,,Case Rate,"100 Percent of Medicaid APG. ",3386.66,,,,,,,Case Rate,"100% Medicare OPPS FS. ",3386.66,,,,,,,Case Rate,"100% Medicare OPPS FS. ",3386.66,,,,,,,Case Rate,"100% Medicare OPPS FS. ",3386.66,,,,,,,Case Rate,"100% Medicare OPPS FS. ",3386.66,,,,,,,Case Rate,"100% Medicare OPPS FS. ",3386.66,,,,,,,Case Rate,"100% Medicare OPPS FS. ",6487,,,,,,,Case Rate,". MPL 100/50/25% maxmium of 3 procedures. All add ons apply, and lesser of 100% of billed charges",25798,,,,,,,Case Rate,". MPL 100/75/50% all add ons apply, and lesser of 100% of billed charges",4102.67,,,,,,,Fee Schedule,"180 Percent of Medicaid APG. ",4102.67,,,,,,,Fee Schedule,"180 Percent of Medicaid APG. ",4102.67,,,,,,,Fee Schedule,"180 Percent of Medicaid APG. ",4102.67,,,,,,,Fee Schedule,"180 Percent of Medicaid APG. ",4102.67,,,,,,,Fee Schedule,"180 Percent of Medicaid APG. ",,,,,,,,,"NA. ",25798,,,,,,,Case Rate,". MPL 100/75/50% all add ons apply, and lesser of 100% of billed charges",6705.59,,,,,,,Case Rate,198 Percent of Medicare OPPS. Metroplus will reimburse unlisted codes and described codes with no Medicare rate at 50 percent of charges.,6705.59,,,,,,,Case Rate,198 Percent of Medicare OPPS. Metroplus will reimburse unlisted codes and described codes with no Medicare rate at 50 percent of charges.,6705.59,,,,,,,Case Rate,198 Percent of Medicare OPPS. Metroplus will reimburse unlisted codes and described codes with no Medicare rate at 50 percent of charges.,6705.59,,,,,,,Case Rate,198 Percent of Medicare OPPS. Metroplus will reimburse unlisted codes and described codes with no Medicare rate at 50 percent of charges.,6705.59,,,,,,,Case Rate,198 Percent of Medicare OPPS. Metroplus will reimburse unlisted codes and described codes with no Medicare rate at 50 percent of charges.,3386.66,,,,,,,Case Rate,"100% Medicare OPPS FS. ",12574,,,,,,,Case Rate,". Primary procedure pays at 100%, all subsequent at 50%.",12574,,,,,,,Case Rate,". Primary procedure pays at 100%, all subsequent at 50%.",12574,,,,,,,Case Rate,". Primary procedure pays at 100%, all subsequent at 50%.",12574,,,,,,,Case Rate,". Primary procedure pays at 100%, all subsequent at 50%.",10024,,,,,,,Case Rate,". Primary procedure pays at 100%, secondary at 50%, all subsequent at 25%.  Lesser of applies when negotiated rates exceed charges less addons.",10024,,,,,,,Case Rate,". Primary procedure pays at 100%, secondary at 50%, all subsequent at 25%.  Lesser of applies when negotiated rates exceed charges less addons.",10024,,,,,,,Case Rate,". Primary procedure pays at 100%, secondary at 50%, all subsequent at 25%.  Lesser of applies when negotiated rates exceed charges less addons.",10024,,,,,,,Case Rate,". Primary procedure pays at 100%, secondary at 50%, all subsequent at 25%.  Lesser of applies when negotiated rates exceed charges less addons.",25798,,,,,,,Case Rate,". MPL 100/75/50% all add ons apply, and lesser of 100% of billed charges",25798,,,,,,,Case Rate,". MPL 100/75/50% all add ons apply, and lesser of 100% of billed charges",3386.66,,,,,,,Case Rate,"100% Medicare OPPS FS. ",3386.66,,,,,,,Case Rate,"100% Medicare OPPS FS. ",3386.66,,,,,,,Case Rate,"100% Medicare OPPS FS. ",13586,,,,,,,Case Rate,". MPL 100/50/25% all add ons apply, and lesser of 100% of billed charges",13586,,,,,,,Case Rate,". MPL 100/50/25% all add ons apply, and lesser of 100% of billed charges",13586,,,,,,,Case Rate,". MPL 100/50/25% all add ons apply, and lesser of 100% of billed charges",25798,,,,,,,Case Rate,". MPL 100/75/50% all add ons apply, and lesser of 100% of billed charges",10024,,,,,,,Case Rate,". Primary procedure pays at 100%, secondary at 50%, all subsequent at 25%.  Lesser of applies when negotiated rates exceed charges less addons.",3386.66,,,,,,,Case Rate,"100% Medicare OPPS FS. ",13586,,,,,,,Case Rate,". MPL 100/50/25% all add ons apply, and lesser of 100% of billed charges",2279.26,,,,,,,Case Rate,"100 Percent of Medicaid APG. ",3454.4,,,,,,,Case Rate,"102% of Medicare OPPS. ",3454.4,,,,,,,Case Rate,"102% of Medicare OPPS. ",3454.4,,,,,,,Case Rate,"102% of Medicare OPPS. ",2279.26,,,,,,,Case rate,"100 Percent of Medicaid APG. ",5128.34,,,,,,,Case Rate,225% of NYS APG. Lesser of 100% of billed charges applies.,5128.34,,,,,,,Case Rate,225% of NYS APG. Lesser of 100% of billed charges applies.,5128.34,,,,,,,Case Rate,225% of NYS APG. Lesser of 100% of billed charges applies.,5128.34,,,,,,,Case Rate,225% of NYS APG. Lesser of 100% of billed charges applies.,5128.34,,,,,,,Case Rate,225% of NYS APG. Lesser of 100% of billed charges applies.,3454.4,,,,,,,Case Rate,"102% of Medicare OPPS. ",2279.26,,,,,,,Case Rate,"100 Percent of Medicaid APG. ",1228.42,,,,,,,Case Rate,100% of PAS. Lesser of 100% of billed charges applies.,5128.34,,,,,,,Case Rate,225% of NYS APG. Lesser of 100% of billed charges applies.,5128.34,,,,,,,Case Rate,225% of NYS APG. Lesser of 100% of billed charges applies.,1228.42,,,,,,,Case Rate,100% of PAS. Lesser of 100% of billed charges applies.,1228.42,,,,,,,Case Rate,100% of PAS. Lesser of 100% of billed charges applies.,4102.67,,,,,,,Fee Schedule,"180 Percent of Medicaid APG. ",3386.66,,,,,,,Case Rate,"100% Medicare OPPS FS. ",3386.66,,,,,,,Case Rate,"100% Medicare OPPS FS. ",10024,,,,,,,Case Rate,". Primary procedure pays at 100%, secondary at 50%, all subsequent at 25%.  Lesser of applies when negotiated rates exceed charges less addons.",3386.66,,,,,,,Case Rate,"100% Medicare OPPS FS. ",5128.34,,,,,,,Case Rate,"225 Percent of Medicaid APG. ",5128.34,,,,,,,Case Rate,"225 Percent of Medicaid APG. ",2279.26,,,,,,,Case rate,"100 Percent of Medicaid APG. ",2279.26,,,,,,,Case rate,"100 Percent of Medicaid APG. ",5128.34,,,,,,,Case Rate,225 Percent of Medicaid APG. Covered services not payable under Medicaid Fee Schedules default to a payment of 87.5 percent of charges.,2279.26,,,,,,,Case rate,124 Percent of Medicaid APG. Covered services not payable under Medicaid Fee Schedules default to a payment of 50 percent of charges.,5128.34,,,,,,,Case Rate,"100 Percent of Medicaid APG. ",5128.34,,,,,,,Case Rate,"100 Percent of Medicaid APG. ",5128.34,,,,,,,Case Rate,"100 Percent of Medicaid APG. ",5128.34,,,,,,,Case Rate,"100 Percent of Medicaid APG. ",13453,,,,,,,Case Rate,". MPL 100/75/50% all add ons apply, and lesser of 100% of billed charges",25798,,,,,,,Case Rate,". MPL 100/75/50% all add ons apply, and lesser of 100% of billed charges",2735.11,,,,,,,Case Rate,"120 Percent of Medicaid APG. Not APG payable, or payable under another fee schedule like ASP/AWP pays at 30% of charges",2735.11,,,,,,,Case Rate,"120 Percent of Medicaid APG. Not APG payable, or payable under another fee schedule like ASP/AWP pays at 30% of charges",2279.26,,,,,,,Case Rate,"100 Percent of Medicaid APG. Not APG payable, or payable under another fee schedule like ASP/AWP pays at 30% of charges",2279.26,,,,,,,Case Rate,"100 Percent of Medicaid APG. Not APG payable, or payable under another fee schedule like ASP/AWP pays at 30% of charges",13586,,,,,,,Case Rate,". MPL 100/50/25% all add ons apply, and lesser of 100% of billed charges",13586,,,,,,,Case Rate,". MPL 100/50/25% all add ons apply, and lesser of 100% of billed charges",3386.66,,,,,,,Case Rate,"100% Medicare OPPS FS. ",13586,,,,,,,Case Rate,". MPL 100/50/25% all add ons apply, and lesser of 100% of billed charges",13586,,,,,,,Case Rate,". MPL 100/50/25% all add ons apply, and lesser of 100% of billed charges",13586,,,,,,,Case Rate,". MPL 100/50/25% all add ons apply, and lesser of 100% of billed charges",13586,,,,,,,Case Rate,". MPL 100/50/25% all add ons apply, and lesser of 100% of billed charges",3386.66,,,,,,,Case Rate,"100% Medicare OPPS FS. ",13586,,,,,,,Case Rate,". MPL 100/50/25% all add ons apply, and lesser of 100% of billed charges",13586,,,,,,,Case Rate,". MPL 100/50/25% all add ons apply, and lesser of 100% of billed charges",10024,,,,,,,Case Rate,". Primary procedure pays at 100%, secondary at 50%, all subsequent at 25%.  Lesser of applies when negotiated rates exceed charges less addons.",2279.26,,,,,,,Fee Schedule,100% APG. Lesser of 100% of billed charges applies.,2279.26,,,,,,,Case rate,124 Percent of Medicaid APG. Covered services not payable under Medicaid Fee Schedules default to a payment of 50 percent of charges.,5128.34,,,,,,,Case Rate,225% of NYS APG. Lesser of 100% of billed charges applies.,5128.34,,,,,,,Case Rate,225 Percent of Medicaid APG. Covered services not payable under Medicaid Fee Schedules default to a payment of 87.5 percent of charges.,2279.26,,,,,,,Case rate,124 Percent of Medicaid APG. Covered services not payable under Medicaid Fee Schedules default to a payment of 50 percent of charges.,5128.34,,,,,,,Case Rate,225% of NYS APG. Lesser of 100% of billed charges applies.,5128.34,,,,,,,Case Rate,225% of NYS APG. Lesser of 100% of billed charges applies.,5128.34,,,,,,,Case Rate,225% of NYS APG. Lesser of 100% of billed charges applies.,5128.34,,,,,,,Case Rate,225% of NYS APG. Lesser of 100% of billed charges applies.,5128.34,,,,,,,Case Rate,225% of NYS APG. Lesser of 100% of billed charges applies.,5128.34,,,,,,,Case Rate,225% of NYS APG. Lesser of 100% of billed charges applies.,,,,,,,,,"NA. ",,,,,,,,,"NA. ",,,,,,,,,"NA. ",6487,,,,,,,Case Rate,". MPL 100/50/25% maxmium of 3 procedures. All add ons apply, and lesser of 100% of billed charges",,,,,,,,,"NA. ",3386.66,,,,,,,Case Rate,"100% Medicare OPPS FS. ",7084,,,,,,,Case Rate,". MPL 1st 100% of Payment Rate 50% of all others, all add ons apply, and lesser of 100% of billed charges.",3386.66,,,,,,,Case Rate,"100% Medicare OPPS FS. ",3386.66,,,,,,,Case Rate,"100% Medicare OPPS FS. ",2735.11,,,,,,,Case Rate,"120 Percent of Medicaid APG. Not APG payable, or payable under another fee schedule like ASP/AWP pays at 30% of charges",2735.11,,,,,,,Case Rate,"120 Percent of Medicaid APG. Not APG payable, or payable under another fee schedule like ASP/AWP pays at 30% of charges",2279.26,,,,,,,Case Rate,"100 Percent of Medicaid APG. Not APG payable, or payable under another fee schedule like ASP/AWP pays at 30% of charges",2279.26,,,,,,,Case Rate,"100 Percent of Medicaid APG. Not APG payable, or payable under another fee schedule like ASP/AWP pays at 30% of charges",2279.26,,,,,,,Case Rate,"100 Percent of Medicaid APG. ",7163,,,,,,,Case Rate,". ",10024,,,,,,,Case Rate,". Primary procedure pays at 100%, secondary at 50%, all subsequent at 25%.  Lesser of applies when negotiated rates exceed charges less addons.",8427,,,,,,,Case Rate,". Primary procedure pays at 100%, all subsequent at 50%.",6487,,,,,,,Case Rate,". MPL 100/50/25% maxmium of 3 procedures. All add ons apply, and lesser of 100% of billed charges",3386.66,,,,,,,Case Rate,"100%Medicare OPPS FS. ",3386.66,,,,,,,Case Rate,"100% Medicare OPPS FS. ",3386.66,,,,,,,Case Rate,"100% Medicare OPPS FS. ",3386.66,,,,,,,Case Rate,"100% Medicare OPPS FS. ",3386.66,,,,,,,Case Rate,"100%Medicare OPPS FS. ",3386.66,,,,,,,Case Rate,"100% Medicare OPPS FS. ",,,,,,,,,"NA. ",5128.34,,,,,,,Case Rate,225% of NYS APG. Lesser of 100% of billed charges applies.,1228.42,,,,,,,Case Rate,100% of PAS. Lesser of 100% of billed charges applies.,13586,,,,,,,Case Rate,". MPL 100/50/25% all add ons apply, and lesser of 100% of billed charges",7163,,,,,,,Case Rate,". ",7163,,,,,,,Case Rate,". ",7163,,,,,,,Case Rate,". ",7163,,,,,,,Case Rate,". ",3386.66,,,,,,,Case Rate,"100% Medicare OPPS FS. ",2279.26,,,,,,,Case Rate,"100 Percent of Medicaid APG. ",13586,,,,,,,Case Rate,". MPL 100/50/25% all add ons apply, and lesser of 100% of billed charges",2279.26,,,,,,,Case Rate,"100 Percent of Medicaid APG. ",3386.66,,,,,,,Case Rate,"100% Medicare OPPS FS. ",2279.26,,,,,,,Case Rate,"100 Percent of Medicaid APG. ",3386.66,,,,,,,Case Rate,"100% Medicare OPPS FS. ",3386.66,,,,,,,Case Rate,"100% Medicare OPPS FS. ",2279.26,,,,,,,Case Rate,"100 Percent of Medicaid APG. ",2279.26,,,,,,,Case Rate,"100 Percent of Medicaid APG. ",7163,,,,,,,Case Rate,". ",6487,,,,,,,Case Rate,". MPL 100/50/25% maxmium of 3 procedures. All add ons apply, and lesser of 100% of billed charges",,78,,,,,0,percent of total billed charges,78% of Billed Charges. Lesser of 100% of billed charges applies.; No services were performed during the 15 month look back period.,9060.9,,,,,,,Case Rate,". MPL 100/50/25% all add ons apply, and lesser of 100% of billed charges",9060.9,,,,,,,Case Rate,". MPL 100/50/25% all add ons apply, and lesser of 100% of billed charges",10024,,,,,,,Case Rate,". Primary procedure pays at 100%, secondary at 50%, all subsequent at 25%.  Lesser of applies when negotiated rates exceed charges less addons.",3318.93,,,,,,,Case Rate,"83% HF Fee schedule. ",12574,,,,,,,Case Rate,". Primary procedure pays at 100%, all subsequent at 50%.",12574,,,,,,,Case Rate,". Primary procedure pays at 100%, all subsequent at 50%.",10869,,,,,,,Case Rate,". MPL 100/50/25% all add ons apply, and lesser of 100% of billed charges",10869,,,,,,,Case Rate,". MPL 100/50/25% all add ons apply, and lesser of 100% of billed charges",3386.66,,,,,,,Case Rate,"100% Medicare OPPS FS. ",3386.66,,,,,,,Case Rate,"100% Medicare OPPS FS. ",3386.66,,,,,,,Case Rate,"100% Medicare OPPS FS. ",3386.66,,,,,,,Case Rate,"100% Medicare OPPS FS. ",9060.9,,,,,,,Case Rate,". MPL 100/50/25% all add ons apply, and lesser of 100% of billed charges",13586,,,,,,,Case Rate,". MPL 100/50/25% all add ons apply, and lesser of 100% of billed charges",13586,,,,,,,Case Rate,". MPL 100/50/25% all add ons apply, and lesser of 100% of billed charges",3386.66,,,,,,,Case Rate,"100% Medicare OPPS FS. ",10869,,,,,,,Case Rate,". MPL 100/50/25% all add ons apply, and lesser of 100% of billed charges",8427,,,,,,,Case Rate,". Primary procedure pays at 100%, all subsequent at 50%.",2735.11,,,,,,,Fee Schedule,"120 Percent of Medicaid APG. ",2279.26,,,,,,,Case Rate,"100 Percent of Medicaid APG. ",7163,,,,,,,Case Rate,". ",12227,,,,,,,Case Rate,". MPL 100/50/25% all add ons apply, and lesser of 100% of billed charges",12227,,,,,,,Case Rate,". MPL 100/50/25% all add ons apply, and lesser of 100% of billed charges",13586,,,,,,,Case Rate,". MPL 100/50/25% all add ons apply, and lesser of 100% of billed charges",14948,,,,,,,Case Rate,". MPL 100/75/50% all add ons apply, and lesser of 100% of billed charges",3386.66,,,,,,,Case Rate,"100%Medicare OPPS FS. ",2393.22,,,,,,,Fee Schedule,105 percent of Medicaid APG. otherwise 105% of Ordered NYS MCD FS or 105% of ASP+6%,2393.22,,,,,,,Fee Schedule,105 percent of Medicaid APG. otherwise 105% of Ordered NYS MCD FS or 105% of ASP+6%,2393.22,,,,,,,Fee Schedule,105 percent of Medicaid APG. otherwise 105% of Ordered NYS MCD FS or 105% of ASP+6%,3077,,,,,,,Fee Schedule,135 percent of Medicaid APG. otherwise 135% of Ordered NYS MCD FS or 135% of ASP+6%,9060.9,,,,,,,Case Rate,". MPL 100/50/25% all add ons apply, and lesser of 100% of billed charges",2393.22,,,,,,,Fee Schedule,105 percent of Medicaid APG. otherwise 105% of Ordered NYS MCD FS or 105% of ASP+6%,2393.22,,,,,,,Fee Schedule,105 percent of Medicaid APG. otherwise 105% of Ordered NYS MCD FS or 105% of ASP+6%,2393.22,,,,,,,Fee Schedule,105 percent of Medicaid APG. otherwise 105% of Ordered NYS MCD FS or 105% of ASP+6%,2393.22,,,,,,,Fee Schedule,105 percent of Medicaid APG. otherwise 105% of Ordered NYS MCD FS or 105% of ASP+6%,2393.22,,,,,,,Fee Schedule,105 percent of Medicaid APG. otherwise 105% of Ordered NYS MCD FS or 105% of ASP+6%,3077,,,,,,,Fee Schedule,135 percent of Medicaid APG. otherwise 135% of Ordered NYS MCD FS or 135% of ASP+6%,3077,,,,,,,Fee Schedule,135 percent of Medicaid APG. otherwise 135% of Ordered NYS MCD FS or 135% of ASP+6%,3386.66,,,,,,,Case Rate,"100% Medicare OPPS FS. ",9060.9,,,,,,,Case Rate,". MPL 100/50/25% all add ons apply, and lesser of 100% of billed charges",3386.66,,,,,,,Case Rate,"100% Medicare OPPS FS. ",2393.22,,,,,,,Fee Schedule,105 percent of Medicaid APG. otherwise 105% of Ordered NYS MCD FS or 105% of ASP+6%,13586,,,,,,,Case Rate,". MPL 100/50/25% all add ons apply, and lesser of 100% of billed charges",3386.66,,,,,,,Case Rate,"100% Medicare OPPS FS. ",13586,,,,,,,Case Rate,". MPL 100/50/25% all add ons apply, and lesser of 100% of billed charges",13586,,,,,,,Case Rate,". MPL 100/50/25% all add ons apply, and lesser of 100% of billed charges",13586,,,,,,,Case Rate,". MPL 100/50/25% all add ons apply, and lesser of 100% of billed charges",2393.22,,,,,,,Fee Schedule,105 percent of Medicaid APG. otherwise 105% of Ordered NYS MCD FS or 105% of ASP+6%,3386.66,,,,,,,Case Rate,"100% Medicare OPPS FS. ",13586,,,,,,,Case Rate,". MPL 100/50/25% all add ons apply, and lesser of 100% of billed charges",3077,,,,,,,Fee Schedule,135 percent of Medicaid APG. otherwise 135% of Ordered NYS MCD FS or 135% of ASP+6%,13586,,,,,,,Case Rate,". MPL 100/50/25% all add ons apply, and lesser of 100% of billed charges",,200,,,,,0,Case Rate,200% of Medicare OPPS. ; No services were performed during the 15 month look back period.,3386.66,,,,,,,Case Rate,"100%Medicare OPPS FS. ",7163,,,,,,,Case Rate,". ",7163,,,,,,,Case Rate,". ",7163,,,,,,,Case Rate,". ",7163,,,,,,,Case Rate,". ",7163,,,,,,,Case Rate,". ",8427,,,,,,,Case Rate,". Primary procedure pays at 100%, all subsequent at 50%.",8427,,,,,,,Case Rate,". Primary procedure pays at 100%, all subsequent at 50%.",7163,,,,,,,Case Rate,". ",7163,,,,,,,Case Rate,". ",7163,,,,,,,Case Rate,". ",7163,,,,,,,Case Rate,". ",7163,,,,,,,Case Rate,". ",3386.66,,,,,,,Case Rate,"100% Medicare OPPS FS. ",8427,,,,,,,Case Rate,". Primary procedure pays at 100%, all subsequent at 50%.",3386.66,,,,,,,Case Rate,"100% Medicare OPPS FS. ",5128.34,,,,,,,Case Rate,"225 Percent of Medicaid APG. If not included in Medicaid APG, then 100 Percent of Manhattan Medicare",2279.26,,,,,,,Case Rate,"100 Percent of Medicaid APG. ",9060.9,,,,,,,Case Rate,". MPL 100/50/25% all add ons apply, and lesser of 100% of billed charges",9060.9,,,,,,,Case Rate,". MPL 100/50/25% all add ons apply, and lesser of 100% of billed charges",3386.66,,,,,,,Case Rate,"100% Medicare OPPS FS. ",12574,,,,,,,Case Rate,". Primary procedure pays at 100%, all subsequent at 50%.",3386.66,,,,,,,Case Rate,"100% Medicare OPPS FS. ",3386.66,,,,,,,Case Rate,"100% Medicare OPPS FS. ",10024,,,,,,,Case Rate,". Primary procedure pays at 100%, secondary at 50%, all subsequent at 25%.  Lesser of applies when negotiated rates exceed charges less addons.",3386.66,,,,,,,Case Rate,"100% Medicare OPPS FS. ",6487,,,,,,,Case Rate,". MPL 100/50/25% maxmium of 3 procedures. All add ons apply, and lesser of 100% of billed charges",3386.66,,,,,,,Case Rate,"100% Medicare OPPS FS. ",6487,,,,,,,Case Rate,". MPL 100/50/25% maxmium of 3 procedures. All add ons apply, and lesser of 100% of billed charges",10024,,,,,,,Case Rate,". Primary procedure pays at 100%, secondary at 50%, all subsequent at 25%.  Lesser of applies when negotiated rates exceed charges less addons.",6487,,,,,,,Case Rate,". MPL 100/50/25% maxmium of 3 procedures. All add ons apply, and lesser of 100% of billed charges",3386.66,,,,,,,Case Rate,"100% Medicare OPPS FS. ",2279.26,,,,,,,Case Rate,"100 Percent of Medicaid APG. ",3386.66,,,,,,,Case Rate,"100% Medicare OPPS FS. ",6487,,,,,,,Case Rate,". MPL 100/50/25% maxmium of 3 procedures. All add ons apply, and lesser of 100% of billed charges",9060.9,,,,,,,Case Rate,". MPL 100/50/25% all add ons apply, and lesser of 100% of billed charges",2279.26,,,,,,,Case Rate,"100 Percent of Medicaid APG. ",13586,,,,,,,Case Rate,". MPL 100/50/25% all add ons apply, and lesser of 100% of billed charges",2735.11,,,,,,,Fee Schedule,"120 Percent of Medicaid APG. ",2735.11,,,,,,,Fee Schedule,"120 Percent of Medicaid APG. ",13586,,,,,,,Case Rate,". MPL 100/50/25% all add ons apply, and lesser of 100% of billed charges",13586,,,,,,,Case Rate,". MPL 100/50/25% all add ons apply, and lesser of 100% of billed charges",13586,,,,,,,Case Rate,". MPL 100/50/25% all add ons apply, and lesser of 100% of billed charges",9060.9,,,,,,,Case Rate,". MPL 100/50/25% all add ons apply, and lesser of 100% of billed charges",13586,,,,,,,Case Rate,". MPL 100/50/25% all add ons apply, and lesser of 100% of billed charges",13586,,,,,,,Case Rate,". MPL 100/50/25% all add ons apply, and lesser of 100% of billed charges",13586,,,,,,,Case Rate,". MPL 100/50/25% all add ons apply, and lesser of 100% of billed charges",7163,,,,,,,Case Rate,". ",7163,,,,,,,Case Rate,". ",6705.59,,,,,,,Case Rate,198 Percent of Medicare OPPS. Metroplus will reimburse unlisted codes and described codes with no Medicare rate at 50 percent of charges.,2279.26,,,,,,,Case Rate,"100 Percent of Medicaid APG. ",9060.9,,,,,,,Case Rate,". MPL 100/50/25% all add ons apply, and lesser of 100% of billed charges",6487,,,,,,,Case Rate,". MPL 100/50/25% maxmium of 3 procedures. All add ons apply, and lesser of 100% of billed charges",10024,,,,,,,Case Rate,". Primary procedure pays at 100%, secondary at 50%, all subsequent at 25%.  Lesser of applies when negotiated rates exceed charges less addons.",9060.9,,,,,,,Case Rate,". MPL 100/50/25% all add ons apply, and lesser of 100% of billed charges",10024,,,,,,,Case Rate,". Primary procedure pays at 100%, secondary at 50%, all subsequent at 25%.  Lesser of applies when negotiated rates exceed charges less addons.",9060.9,,,,,,,Case Rate,". MPL 100/50/25% all add ons apply, and lesser of 100% of billed charges",13586,,,,,,,Case Rate,". MPL 100/50/25% all add ons apply, and lesser of 100% of billed charges",13586,,,,,,,Case Rate,". MPL 100/50/25% all add ons apply, and lesser of 100% of billed charges",13586,,,,,,,Case Rate,". MPL 100/50/25% all add ons apply, and lesser of 100% of billed charges",13586,,,,,,,Case Rate,". MPL 100/50/25% all add ons apply, and lesser of 100% of billed charges",3386.66,,,,,,,Case Rate,"100% Medicare OPPS FS. ",1228.42,25798,
20703,CPT,,,490,RC,RMVL IMED RX DELIVERY DEVICE,,,both,,,,1352,,,,,,,Case Rate,". MPL 1st 100% of Payment Rate 50% of all others, all add ons apply, and lesser of 100% of billed charges.",1352,,,,,,,Case Rate,". MPL 1st 100% of Payment Rate 50% of all others, all add ons apply, and lesser of 100% of billed charges.",6593,,,,,,,Case Rate,". Primary procedure pays at 100%, secondary at 50%, all subsequent at 25%.  Lesser of applies when negotiated rates exceed charges less addons.",,100,,,,,0,percent of total billed charges,100 percent of billed charges. ; No services were performed during the 15 month look back period.,,,,,,,,Other,"Not Payable. ",6593,,,,,,,Case Rate,". Primary procedure pays at 100%, secondary at 50%, all subsequent at 25%.  Lesser of applies when negotiated rates exceed charges less addons.",6593,,,,,,,Case Rate,". Primary procedure pays at 100%, secondary at 50%, all subsequent at 25%.  Lesser of applies when negotiated rates exceed charges less addons.",6593,,,,,,,Case Rate,". Primary procedure pays at 100%, secondary at 50%, all subsequent at 25%.  Lesser of applies when negotiated rates exceed charges less addons.",626.65,,,,,,,Case Rate,"100 Percent of Medicaid APG. ",522.21,,,,,,,Case Rate,"100 Percent of Medicaid APG. ",,78,,,,,0,percent of total billed charges,78% of Billed Charges. Lesser of 100% of billed charges applies.; No services were performed during the 15 month look back period.,4923.38,,,,,,,Case Rate,". MPL 100/50/25% all add ons apply, and lesser of 100% of billed charges",522.21,,,,,,,Case Rate,"100 Percent of Medicaid APG. ",,,,,,,,Other,"Not Payable. ",,60,,,,,0,percent of total billed charges,60 percent of billed charges; No services were performed during the 15 month look back period.,,60,,,,,0,percent of total billed charges,60 percent of billed charges; No services were performed during the 15 month look back period.,,60,,,,,0,percent of total billed charges,60 percent of billed charges; No services were performed during the 15 month look back period.,,60,,,,,0,percent of total billed charges,60 percent of billed charges; No services were performed during the 15 month look back period.,522.21,,,,,,,Case rate,124 Percent of Medicaid APG. Covered services not payable under Medicaid Fee Schedules default to a payment of 50 percent of charges.,,,,,,,,Other,"Not Payable. ",522.21,,,,,,,Case rate,124 Percent of Medicaid APG. Covered services not payable under Medicaid Fee Schedules default to a payment of 50 percent of charges.,,78,,,,,0,percent of total billed charges,78% of Billed Charges. Lesser of 100% of billed charges applies.; No services were performed during the 15 month look back period.,6593,,,,,,,Case Rate,". Primary procedure pays at 100%, secondary at 50%, all subsequent at 25%.  Lesser of applies when negotiated rates exceed charges less addons.",,,,,,,,Other,"Not Payable. ",8427,,,,,,,Case Rate,". Primary procedure pays at 100%, all subsequent at 50%.",,,,,,,,Other,"Not Payable. ",,,,,,,,Other,"Not Payable. ",,78,,,,,0,percent of total billed charges,78% of Billed Charges. Lesser of 100% of billed charges applies.; No services were performed during the 15 month look back period.,110.48,,,,,,,Fee Schedule,90 Percent of Medicare RBRVS. Lesser of 100% of billed charges applies.,110.48,,,,,,,Fee Schedule,90 Percent of Medicare RBRVS. Lesser of 100% of billed charges applies.,522.21,,,,,,,Case rate,"100 Percent of Medicaid APG. ",522.21,,,,,,,Case rate,"100 Percent of Medicaid APG. ",8427,,,,,,,Case Rate,". Primary procedure pays at 100%, all subsequent at 50%.",8427,,,,,,,Case Rate,". Primary procedure pays at 100%, all subsequent at 50%.",522.21,,,,,,,Case Rate,"100 Percent of Medicaid APG. Not APG payable, or payable under another fee schedule like ASP/AWP pays at 30% of charges",8427,,,,,,,Case Rate,". Primary procedure pays at 100%, all subsequent at 50%.",522.21,,,,,,,Case Rate,"100 Percent of Medicaid APG. Not APG payable, or payable under another fee schedule like ASP/AWP pays at 30% of charges",,,,,,,,Other,"Not Payable. ",8427,,,,,,,Case Rate,". Primary procedure pays at 100%, all subsequent at 50%.",,78,,,,,0,percent of total billed charges,78% of Billed Charges. Lesser of 100% of billed charges applies.; No services were performed during the 15 month look back period.,522.21,,,,,,,Case Rate,"100 Percent of Medicaid APG. ",522.21,,,,,,,Case Rate,"100 Percent of Medicaid APG. ",,78,,,,,0,percent of total billed charges,78% of Billed Charges. Lesser of 100% of billed charges applies.; No services were performed during the 15 month look back period.,,60,,,,,0,percent of total billed charges,60 percent of billed charges; No services were performed during the 15 month look back period.,4500,,,,,,,Case Rate,". MPL 100/50/25% all add ons apply, and lesser of 100% of billed charges",4500,,,,,,,Case Rate,". MPL 100/50/25% all add ons apply, and lesser of 100% of billed charges",,78,,,,,0,percent of total billed charges,78% of Billed Charges. Lesser of 100% of billed charges applies.; No services were performed during the 15 month look back period.,,,,,,,,Other,"Not Payable. ",4923.38,,,,,,,Case Rate,". MPL 100/50/25% all add ons apply, and lesser of 100% of billed charges",4923.38,,,,,,,Case Rate,". MPL 100/50/25% all add ons apply, and lesser of 100% of billed charges",4923.38,,,,,,,Case Rate,". MPL 100/50/25% all add ons apply, and lesser of 100% of billed charges",,,,,,,,Other,"Not Payable. ",4923.38,,,,,,,Case Rate,". MPL 100/50/25% all add ons apply, and lesser of 100% of billed charges",4923.38,,,,,,,Case Rate,". MPL 100/50/25% all add ons apply, and lesser of 100% of billed charges",,,,,,,,Other,"Not Payable. ",25798,,,,,,,Case Rate,". MPL 100/75/50% all add ons apply, and lesser of 100% of billed charges",4100,,,,,,,Case Rate,". MPL 100/50/25% all add ons apply, and lesser of 100% of billed charges",4100,,,,,,,Case Rate,". MPL 100/50/25% all add ons apply, and lesser of 100% of billed charges",4100,,,,,,,Case Rate,". MPL 100/50/25% all add ons apply, and lesser of 100% of billed charges",4100,,,,,,,Case Rate,". MPL 100/50/25% all add ons apply, and lesser of 100% of billed charges",4100,,,,,,,Case Rate,". MPL 100/50/25% all add ons apply, and lesser of 100% of billed charges",4100,,,,,,,Case Rate,". MPL 100/50/25% all add ons apply, and lesser of 100% of billed charges",,,,,,,,Other,"Not Payable. ",,,,,,,,Other,"Not Payable. ",4100,,,,,,,Case Rate,". MPL 100/50/25% all add ons apply, and lesser of 100% of billed charges",,78,,,,,0,percent of total billed charges,78% of Billed Charges. Lesser of 100% of billed charges applies.; No services were performed during the 15 month look back period.,,78,,,,,0,percent of total billed charges,78% of Billed Charges. Lesser of 100% of billed charges applies.; No services were performed during the 15 month look back period.,,78,,,,,0,percent of total billed charges,78% of Billed Charges. Lesser of 100% of billed charges applies.; No services were performed during the 15 month look back period.,,78,,,,,0,percent of total billed charges,78% of Billed Charges. Lesser of 100% of billed charges applies.; No services were performed during the 15 month look back period.,,78,,,,,0,percent of total billed charges,78% of Billed Charges. Lesser of 100% of billed charges applies.; No services were performed during the 15 month look back period.,,78,,,,,0,percent of total billed charges,78% of Billed Charges. Lesser of 100% of billed charges applies.; No services were performed during the 15 month look back period.,,78,,,,,0,percent of total billed charges,78% of Billed Charges. Lesser of 100% of billed charges applies.; No services were performed during the 15 month look back period.,,78,,,,,0,percent of total billed charges,78% of Billed Charges. Lesser of 100% of billed charges applies.; No services were performed during the 15 month look back period.,,78,,,,,0,percent of total billed charges,78% of Billed Charges. Lesser of 100% of billed charges applies.; No services were performed during the 15 month look back period.,,78,,,,,0,percent of total billed charges,78% of Billed Charges. Lesser of 100% of billed charges applies.; No services were performed during the 15 month look back period.,,78,,,,,0,percent of total billed charges,78% of Billed Charges. Lesser of 100% of billed charges applies.; No services were performed during the 15 month look back period.,,78,,,,,0,percent of total billed charges,78% of Billed Charges. Lesser of 100% of billed charges applies.; No services were performed during the 15 month look back period.,,78,,,,,0,percent of total billed charges,78% of Billed Charges. Lesser of 100% of billed charges applies.; No services were performed during the 15 month look back period.,,78,,,,,0,percent of total billed charges,78% of Billed Charges. Lesser of 100% of billed charges applies.; No services were performed during the 15 month look back period.,,78,,,,,0,percent of total billed charges,78% of Billed Charges. Lesser of 100% of billed charges applies.; No services were performed during the 15 month look back period.,,78,,,,,0,percent of total billed charges,78% of Billed Charges. Lesser of 100% of billed charges applies.; No services were performed during the 15 month look back period.,,78,,,,,0,percent of total billed charges,78% of Billed Charges. Lesser of 100% of billed charges applies.; No services were performed during the 15 month look back period.,,78,,,,,0,percent of total billed charges,78% of Billed Charges. Lesser of 100% of billed charges applies.; No services were performed during the 15 month look back period.,,78,,,,,0,percent of total billed charges,78% of Billed Charges. Lesser of 100% of billed charges applies.; No services were performed during the 15 month look back period.,,78,,,,,0,percent of total billed charges,78% of Billed Charges. Lesser of 100% of billed charges applies.; No services were performed during the 15 month look back period.,,78,,,,,0,percent of total billed charges,78% of Billed Charges. Lesser of 100% of billed charges applies.; No services were performed during the 15 month look back period.,,78,,,,,0,percent of total billed charges,78% of Billed Charges. Lesser of 100% of billed charges applies.; No services were performed during the 15 month look back period.,,78,,,,,0,percent of total billed charges,78% of Billed Charges. Lesser of 100% of billed charges applies.; No services were performed during the 15 month look back period.,,78,,,,,0,percent of total billed charges,78% of Billed Charges. Lesser of 100% of billed charges applies.; No services were performed during the 15 month look back period.,,78,,,,,0,percent of total billed charges,78% of Billed Charges. Lesser of 100% of billed charges applies.; No services were performed during the 15 month look back period.,,78,,,,,0,percent of total billed charges,78% of Billed Charges. Lesser of 100% of billed charges applies.; No services were performed during the 15 month look back period.,8427,,,,,,,Case Rate,". Primary procedure pays at 100%, all subsequent at 50%.",8427,,,,,,,Case Rate,". Primary procedure pays at 100%, all subsequent at 50%.",8427,,,,,,,Case Rate,". Primary procedure pays at 100%, all subsequent at 50%.",8427,,,,,,,Case Rate,". Primary procedure pays at 100%, all subsequent at 50%.",12574,,,,,,,Case Rate,". Primary procedure pays at 100%, all subsequent at 50%.",12574,,,,,,,Case Rate,". Primary procedure pays at 100%, all subsequent at 50%.",,60,,,,,0,percent of total billed charges,60 percent of billed charges; No services were performed during the 15 month look back period.,4100,,,,,,,Case Rate,". MPL 100/50/25% all add ons apply, and lesser of 100% of billed charges",4923.38,,,,,,,Case Rate,". MPL 100/50/25% all add ons apply, and lesser of 100% of billed charges",4100,,,,,,,Case Rate,". MPL 100/50/25% all add ons apply, and lesser of 100% of billed charges",,78,,,,,0,percent of total billed charges,78% of Billed Charges. Lesser of 100% of billed charges applies.; No services were performed during the 15 month look back period.,12574,,,,,,,Case Rate,". Primary procedure pays at 100%, all subsequent at 50%.",4100,,,,,,,Case Rate,". MPL 100/50/25% all add ons apply, and lesser of 100% of billed charges",4923.38,,,,,,,Case Rate,". MPL 100/50/25% all add ons apply, and lesser of 100% of billed charges",,60,,,,,0,percent of total billed charges,60 percent of billed charges; No services were performed during the 15 month look back period.,,,,,,,,,"NA. ",,78,,,,,0,percent of total billed charges,78% of Billed Charges. Lesser of 100% of billed charges applies.; No services were performed during the 15 month look back period.,522.21,,,,,,,Case Rate,"100 Percent of Medicaid APG. ",8427,,,,,,,Case Rate,". Primary procedure pays at 100%, all subsequent at 50%.",522.21,,,,,,,Case Rate,"100 Percent of Medicaid APG. Not APG payable, or payable under another fee schedule like ASP/AWP pays at 30% of charges",,,,,,,,Other,"Not Payable. ",,,,,,,,Other,"Not Payable. ",25798,,,,,,,Case Rate,". MPL 100/75/50% all add ons apply, and lesser of 100% of billed charges",,,,,,,,Other,"Not Payable. ",,,,,,,,Other,"Not Payable. ",522.21,,,,,,,Case Rate,"100 Percent of Medicaid APG. ",,,,,,,,Other,"Not Payable. ",,,,,,,,Other,"Not Payable. ",6593,,,,,,,Case Rate,". Primary procedure pays at 100%, secondary at 50%, all subsequent at 25%.  Lesser of applies when negotiated rates exceed charges less addons.",6593,,,,,,,Case Rate,". Primary procedure pays at 100%, secondary at 50%, all subsequent at 25%.  Lesser of applies when negotiated rates exceed charges less addons.",,,,,,,,Other,"Not Payable. ",,60,,,,,0,percent of total billed charges,60 percent of billed charges; No services were performed during the 15 month look back period.,4923.38,,,,,,,Case Rate,". MPL 100/50/25% all add ons apply, and lesser of 100% of billed charges",4923.38,,,,,,,Case Rate,". MPL 100/50/25% all add ons apply, and lesser of 100% of billed charges",,,,,,,,Other,"Not Payable. ",,60,,,,,0,percent of total billed charges,60 percent of billed charges; No services were performed during the 15 month look back period.,6593,,,,,,,Case Rate,". Primary procedure pays at 100%, secondary at 50%, all subsequent at 25%.  Lesser of applies when negotiated rates exceed charges less addons.",6593,,,,,,,Case Rate,". Primary procedure pays at 100%, secondary at 50%, all subsequent at 25%.  Lesser of applies when negotiated rates exceed charges less addons.",6593,,,,,,,Case Rate,". Primary procedure pays at 100%, secondary at 50%, all subsequent at 25%.  Lesser of applies when negotiated rates exceed charges less addons.",,78,,,,,0,percent of total billed charges,78% of Billed Charges. Lesser of 100% of billed charges applies.; No services were performed during the 15 month look back period.,,78,,,,,0,percent of total billed charges,78% of Billed Charges. Lesser of 100% of billed charges applies.; No services were performed during the 15 month look back period.,,78,,,,,0,percent of total billed charges,78% of Billed Charges. Lesser of 100% of billed charges applies.; No services were performed during the 15 month look back period.,,78,,,,,0,percent of total billed charges,78% of Billed Charges. Lesser of 100% of billed charges applies.; No services were performed during the 15 month look back period.,,78,,,,,0,percent of total billed charges,78% of Billed Charges. Lesser of 100% of billed charges applies.; No services were performed during the 15 month look back period.,,78,,,,,0,percent of total billed charges,78% of Billed Charges. Lesser of 100% of billed charges applies.; No services were performed during the 15 month look back period.,,78,,,,,0,percent of total billed charges,78% of Billed Charges. Lesser of 100% of billed charges applies.; No services were performed during the 15 month look back period.,,78,,,,,0,percent of total billed charges,78% of Billed Charges. Lesser of 100% of billed charges applies.; No services were performed during the 15 month look back period.,,78,,,,,0,percent of total billed charges,78% of Billed Charges. Lesser of 100% of billed charges applies.; No services were performed during the 15 month look back period.,,78,,,,,0,percent of total billed charges,78% of Billed Charges. Lesser of 100% of billed charges applies.; No services were performed during the 15 month look back period.,,78,,,,,0,percent of total billed charges,78% of Billed Charges. Lesser of 100% of billed charges applies.; No services were performed during the 15 month look back period.,12574,,,,,,,Case Rate,". Primary procedure pays at 100%, all subsequent at 50%.",4100,,,,,,,Case Rate,". MPL 100/50/25% all add ons apply, and lesser of 100% of billed charges",,60,,,,,0,percent of total billed charges,60 percent of billed charges; No services were performed during the 15 month look back period.,,,,,,,,Other,"Not Payable. ",6593,,,,,,,Case Rate,". Primary procedure pays at 100%, secondary at 50%, all subsequent at 25%.  Lesser of applies when negotiated rates exceed charges less addons.",,60,,,,,0,percent of total billed charges,60 percent of billed charges; No services were performed during the 15 month look back period.,,60,,,,,0,percent of total billed charges,60 percent of billed charges; No services were performed during the 15 month look back period.,,78,,,,,0,percent of total billed charges,78% of Billed Charges. Lesser of 100% of billed charges applies.; No services were performed during the 15 month look back period.,1117.52,,,,,,,Case Rate,"214 Percent of Medicaid APG. Drugs not priced under APG, billed with revenue code 636 and not priced by Medicare ASP FeeSched will be reimbursed at 20% of charges.",,60,,,,,0,percent of total billed charges,60 percent of billed charges; No services were performed during the 15 month look back period.,522.21,,,,,,,Case Rate,"100 Percent of Medicaid APG. ",,,,,,,,Other,"Not Payable. ",,,,,,,,Other,"Not Payable. ",,,,,,,,Other,"Not Payable. ",,,,,,,,Other,"Not Payable. ",,,,,,,,Other,"Not Payable. ",,,,,,,,Other,"Not Payable. ",,60,,,,,0,percent of total billed charges,60 percent of billed charges; No services were performed during the 15 month look back period.,25798,,,,,,,Case Rate,". MPL 100/75/50% all add ons apply, and lesser of 100% of billed charges",939.97,,,,,,,Fee Schedule,"180 Percent of Medicaid APG. ",939.97,,,,,,,Fee Schedule,"180 Percent of Medicaid APG. ",939.97,,,,,,,Fee Schedule,"180 Percent of Medicaid APG. ",939.97,,,,,,,Fee Schedule,"180 Percent of Medicaid APG. ",939.97,,,,,,,Fee Schedule,"180 Percent of Medicaid APG. ",,,,,,,,,"NA. ",25798,,,,,,,Case Rate,". MPL 100/75/50% all add ons apply, and lesser of 100% of billed charges",,,,,,,,Fee Schedule,"Not Payable. ",,,,,,,,Fee Schedule,"Not Payable. ",,,,,,,,Fee Schedule,"Not Payable. ",,,,,,,,Fee Schedule,"Not Payable. ",,,,,,,,Fee Schedule,"Not Payable. ",,,,,,,,Other,"Not Payable. ",12574,,,,,,,Case Rate,". Primary procedure pays at 100%, all subsequent at 50%.",12574,,,,,,,Case Rate,". Primary procedure pays at 100%, all subsequent at 50%.",12574,,,,,,,Case Rate,". Primary procedure pays at 100%, all subsequent at 50%.",12574,,,,,,,Case Rate,". Primary procedure pays at 100%, all subsequent at 50%.",6593,,,,,,,Case Rate,". Primary procedure pays at 100%, secondary at 50%, all subsequent at 25%.  Lesser of applies when negotiated rates exceed charges less addons.",6593,,,,,,,Case Rate,". Primary procedure pays at 100%, secondary at 50%, all subsequent at 25%.  Lesser of applies when negotiated rates exceed charges less addons.",6593,,,,,,,Case Rate,". Primary procedure pays at 100%, secondary at 50%, all subsequent at 25%.  Lesser of applies when negotiated rates exceed charges less addons.",6593,,,,,,,Case Rate,". Primary procedure pays at 100%, secondary at 50%, all subsequent at 25%.  Lesser of applies when negotiated rates exceed charges less addons.",25798,,,,,,,Case Rate,". MPL 100/75/50% all add ons apply, and lesser of 100% of billed charges",25798,,,,,,,Case Rate,". MPL 100/75/50% all add ons apply, and lesser of 100% of billed charges",,,,,,,,Other,"Not Payable. ",,,,,,,,Other,"Not Payable. ",,,,,,,,Other,"Not Payable. ",4100,,,,,,,Case Rate,". MPL 100/50/25% all add ons apply, and lesser of 100% of billed charges",4100,,,,,,,Case Rate,". MPL 100/50/25% all add ons apply, and lesser of 100% of billed charges",4100,,,,,,,Case Rate,". MPL 100/50/25% all add ons apply, and lesser of 100% of billed charges",25798,,,,,,,Case Rate,". MPL 100/75/50% all add ons apply, and lesser of 100% of billed charges",6593,,,,,,,Case Rate,". Primary procedure pays at 100%, secondary at 50%, all subsequent at 25%.  Lesser of applies when negotiated rates exceed charges less addons.",,,,,,,,Other,"Not Payable. ",4100,,,,,,,Case Rate,". MPL 100/50/25% all add ons apply, and lesser of 100% of billed charges",522.21,,,,,,,Case Rate,"100 Percent of Medicaid APG. ",,,,,,,,Other,"Not Payable. ",,,,,,,,Other,"Not Payable. ",,,,,,,,Other,"Not Payable. ",522.21,,,,,,,Case rate,"100 Percent of Medicaid APG. ",1174.96,,,,,,,Fee Schedule,225% of NYS APG. Lesser of 100% of billed charges applies.,1174.96,,,,,,,Fee Schedule,225% of NYS APG. Lesser of 100% of billed charges applies.,1174.96,,,,,,,Fee Schedule,225% of NYS APG. Lesser of 100% of billed charges applies.,1174.96,,,,,,,Fee Schedule,225% of NYS APG. Lesser of 100% of billed charges applies.,1174.96,,,,,,,Fee Schedule,225% of NYS APG. Lesser of 100% of billed charges applies.,,,,,,,,Other,"Not Payable. ",522.21,,,,,,,Case Rate,"100 Percent of Medicaid APG. ",110.48,,,,,,,Fee Schedule,90 Percent of Medicare RBRVS. Lesser of 100% of billed charges applies.,1174.96,,,,,,,Fee Schedule,225% of NYS APG. Lesser of 100% of billed charges applies.,1174.96,,,,,,,Fee Schedule,225% of NYS APG. Lesser of 100% of billed charges applies.,110.48,,,,,,,Fee Schedule,90 Percent of Medicare RBRVS. Lesser of 100% of billed charges applies.,110.48,,,,,,,Fee Schedule,90 Percent of Medicare RBRVS. Lesser of 100% of billed charges applies.,939.97,,,,,,,Fee Schedule,"180 Percent of Medicaid APG. ",,,,,,,,Other,"Not Payable. ",,,,,,,,Other,"Not Payable. ",6593,,,,,,,Case Rate,". Primary procedure pays at 100%, secondary at 50%, all subsequent at 25%.  Lesser of applies when negotiated rates exceed charges less addons.",,,,,,,,Other,"Not Payable. ",1174.96,,,,,,,Case Rate,"225 Percent of Medicaid APG. ",1174.96,,,,,,,Case Rate,"225 Percent of Medicaid APG. ",522.21,,,,,,,Case rate,"100 Percent of Medicaid APG. ",522.21,,,,,,,Case rate,"100 Percent of Medicaid APG. ",1174.96,,,,,,,Case Rate,225 Percent of Medicaid APG. Covered services not payable under Medicaid Fee Schedules default to a payment of 87.5 percent of charges.,522.21,,,,,,,Case rate,124 Percent of Medicaid APG. Covered services not payable under Medicaid Fee Schedules default to a payment of 50 percent of charges.,1174.96,,,,,,,Case Rate,"100 Percent of Medicaid APG. ",1174.96,,,,,,,Case Rate,"100 Percent of Medicaid APG. ",1174.96,,,,,,,Case Rate,"100 Percent of Medicaid APG. ",1174.96,,,,,,,Case Rate,"100 Percent of Medicaid APG. ",13453,,,,,,,Case Rate,". MPL 100/75/50% all add ons apply, and lesser of 100% of billed charges",25798,,,,,,,Case Rate,". MPL 100/75/50% all add ons apply, and lesser of 100% of billed charges",626.65,,,,,,,Case Rate,"120 Percent of Medicaid APG. Not APG payable, or payable under another fee schedule like ASP/AWP pays at 30% of charges",626.65,,,,,,,Case Rate,"120 Percent of Medicaid APG. Not APG payable, or payable under another fee schedule like ASP/AWP pays at 30% of charges",522.21,,,,,,,Case Rate,"100 Percent of Medicaid APG. Not APG payable, or payable under another fee schedule like ASP/AWP pays at 30% of charges",522.21,,,,,,,Case Rate,"100 Percent of Medicaid APG. Not APG payable, or payable under another fee schedule like ASP/AWP pays at 30% of charges",4100,,,,,,,Case Rate,". MPL 100/50/25% all add ons apply, and lesser of 100% of billed charges",4100,,,,,,,Case Rate,". MPL 100/50/25% all add ons apply, and lesser of 100% of billed charges",,,,,,,,Other,"Not Payable. ",4100,,,,,,,Case Rate,". MPL 100/50/25% all add ons apply, and lesser of 100% of billed charges",4100,,,,,,,Case Rate,". MPL 100/50/25% all add ons apply, and lesser of 100% of billed charges",4100,,,,,,,Case Rate,". MPL 100/50/25% all add ons apply, and lesser of 100% of billed charges",4100,,,,,,,Case Rate,". MPL 100/50/25% all add ons apply, and lesser of 100% of billed charges",,,,,,,,Other,"Not Payable. ",4100,,,,,,,Case Rate,". MPL 100/50/25% all add ons apply, and lesser of 100% of billed charges",4100,,,,,,,Case Rate,". MPL 100/50/25% all add ons apply, and lesser of 100% of billed charges",6593,,,,,,,Case Rate,". Primary procedure pays at 100%, secondary at 50%, all subsequent at 25%.  Lesser of applies when negotiated rates exceed charges less addons.",522.21,,,,,,,Fee Schedule,100% APG. Lesser of 100% of billed charges applies.,522.21,,,,,,,Case rate,124 Percent of Medicaid APG. Covered services not payable under Medicaid Fee Schedules default to a payment of 50 percent of charges.,1174.96,,,,,,,Fee Schedule,225% of NYS APG. Lesser of 100% of billed charges applies.,1174.96,,,,,,,Case Rate,225 Percent of Medicaid APG. Covered services not payable under Medicaid Fee Schedules default to a payment of 87.5 percent of charges.,522.21,,,,,,,Case rate,124 Percent of Medicaid APG. Covered services not payable under Medicaid Fee Schedules default to a payment of 50 percent of charges.,1174.96,,,,,,,Fee Schedule,225% of NYS APG. Lesser of 100% of billed charges applies.,1174.96,,,,,,,Fee Schedule,225% of NYS APG. Lesser of 100% of billed charges applies.,1174.96,,,,,,,Fee Schedule,225% of NYS APG. Lesser of 100% of billed charges applies.,1174.96,,,,,,,Fee Schedule,225% of NYS APG. Lesser of 100% of billed charges applies.,1174.96,,,,,,,Fee Schedule,225% of NYS APG. Lesser of 100% of billed charges applies.,1174.96,,,,,,,Fee Schedule,225% of NYS APG. Lesser of 100% of billed charges applies.,,,,,,,,,"NA. ",,,,,,,,,"NA. ",,,,,,,,,"NA. ",,60,,,,,0,percent of total billed charges,60 percent of billed charges; No services were performed during the 15 month look back period.,,,,,,,,,"NA. ",,,,,,,,Other,"Not Payable. ",1352,,,,,,,Case Rate,". MPL 1st 100% of Payment Rate 50% of all others, all add ons apply, and lesser of 100% of billed charges.",,,,,,,,Other,"Not Payable. ",,,,,,,,Other,"Not Payable. ",626.65,,,,,,,Case Rate,"120 Percent of Medicaid APG. Not APG payable, or payable under another fee schedule like ASP/AWP pays at 30% of charges",626.65,,,,,,,Case Rate,"120 Percent of Medicaid APG. Not APG payable, or payable under another fee schedule like ASP/AWP pays at 30% of charges",522.21,,,,,,,Case Rate,"100 Percent of Medicaid APG. Not APG payable, or payable under another fee schedule like ASP/AWP pays at 30% of charges",522.21,,,,,,,Case Rate,"100 Percent of Medicaid APG. Not APG payable, or payable under another fee schedule like ASP/AWP pays at 30% of charges",522.21,,,,,,,Case Rate,"100 Percent of Medicaid APG. ",7163,,,,,,,Case Rate,". ",6593,,,,,,,Case Rate,". Primary procedure pays at 100%, secondary at 50%, all subsequent at 25%.  Lesser of applies when negotiated rates exceed charges less addons.",8427,,,,,,,Case Rate,". Primary procedure pays at 100%, all subsequent at 50%.",,60,,,,,0,percent of total billed charges,60 percent of billed charges; No services were performed during the 15 month look back period.,,,,,,,,Other,"Not Payable. ",,,,,,,,Other,"Not Payable. ",,,,,,,,Other,"Not Payable. ",,,,,,,,Other,"Not Payable. ",,,,,,,,Other,"Not Payable. ",,,,,,,,Other,"Not Payable. ",,,,,,,,,"NA. ",1174.96,,,,,,,Fee Schedule,225% of NYS APG. Lesser of 100% of billed charges applies.,110.48,,,,,,,Fee Schedule,90 Percent of Medicare RBRVS. Lesser of 100% of billed charges applies.,4100,,,,,,,Case Rate,". MPL 100/50/25% all add ons apply, and lesser of 100% of billed charges",7163,,,,,,,Case Rate,". ",7163,,,,,,,Case Rate,". ",7163,,,,,,,Case Rate,". ",7163,,,,,,,Case Rate,". ",,,,,,,,Other,"Not Payable. ",522.21,,,,,,,Case Rate,"100 Percent of Medicaid APG. ",4100,,,,,,,Case Rate,". MPL 100/50/25% all add ons apply, and lesser of 100% of billed charges",522.21,,,,,,,Case Rate,"100 Percent of Medicaid APG. ",,,,,,,,Other,"Not Payable. ",522.21,,,,,,,Case Rate,"100 Percent of Medicaid APG. ",,,,,,,,Other,"Not Payable. ",,,,,,,,Other,"Not Payable. ",522.21,,,,,,,Case Rate,"100 Percent of Medicaid APG. ",522.21,,,,,,,Case Rate,"100 Percent of Medicaid APG. ",7163,,,,,,,Case Rate,". ",,60,,,,,0,percent of total billed charges,60 percent of billed charges; No services were performed during the 15 month look back period.,,78,,,,,0,percent of total billed charges,78% of Billed Charges. Lesser of 100% of billed charges applies.; No services were performed during the 15 month look back period.,4923.38,,,,,,,Case Rate,". MPL 100/50/25% all add ons apply, and lesser of 100% of billed charges",4923.38,,,,,,,Case Rate,". MPL 100/50/25% all add ons apply, and lesser of 100% of billed charges",6593,,,,,,,Case Rate,". Primary procedure pays at 100%, secondary at 50%, all subsequent at 25%.  Lesser of applies when negotiated rates exceed charges less addons.",116.2,,,,,,,Other,"Not Payable. ",12574,,,,,,,Case Rate,". Primary procedure pays at 100%, all subsequent at 50%.",12574,,,,,,,Case Rate,". Primary procedure pays at 100%, all subsequent at 50%.",3280,,,,,,,Case Rate,". MPL 100/50/25% all add ons apply, and lesser of 100% of billed charges",3280,,,,,,,Case Rate,". MPL 100/50/25% all add ons apply, and lesser of 100% of billed charges",,,,,,,,Other,"Not Payable. ",,,,,,,,Other,"Not Payable. ",,,,,,,,Other,"Not Payable. ",,,,,,,,Other,"Not Payable. ",4923.38,,,,,,,Case Rate,". MPL 100/50/25% all add ons apply, and lesser of 100% of billed charges",4100,,,,,,,Case Rate,". MPL 100/50/25% all add ons apply, and lesser of 100% of billed charges",4100,,,,,,,Case Rate,". MPL 100/50/25% all add ons apply, and lesser of 100% of billed charges",,,,,,,,Other,"Not Payable. ",3280,,,,,,,Case Rate,". MPL 100/50/25% all add ons apply, and lesser of 100% of billed charges",8427,,,,,,,Case Rate,". Primary procedure pays at 100%, all subsequent at 50%.",626.65,,,,,,,Fee Schedule,"120 Percent of Medicaid APG. ",522.21,,,,,,,Case Rate,"100 Percent of Medicaid APG. ",7163,,,,,,,Case Rate,". ",3690,,,,,,,Case Rate,". MPL 100/50/25% all add ons apply, and lesser of 100% of billed charges",3690,,,,,,,Case Rate,". MPL 100/50/25% all add ons apply, and lesser of 100% of billed charges",4100,,,,,,,Case Rate,". MPL 100/50/25% all add ons apply, and lesser of 100% of billed charges",14948,,,,,,,Case Rate,". MPL 100/75/50% all add ons apply, and lesser of 100% of billed charges",,,,,,,,Other,"Not Payable. ",548.32,,,,,,,Fee Schedule,105 percent of Medicaid APG. otherwise 105% of Ordered NYS MCD FS or 105% of ASP+6%,548.32,,,,,,,Fee Schedule,105 percent of Medicaid APG. otherwise 105% of Ordered NYS MCD FS or 105% of ASP+6%,548.32,,,,,,,Fee Schedule,105 percent of Medicaid APG. otherwise 105% of Ordered NYS MCD FS or 105% of ASP+6%,704.98,,,,,,,Fee Schedule,135 percent of Medicaid APG. otherwise 135% of Ordered NYS MCD FS or 135% of ASP+6%,4923.38,,,,,,,Case Rate,". MPL 100/50/25% all add ons apply, and lesser of 100% of billed charges",548.32,,,,,,,Fee Schedule,105 percent of Medicaid APG. otherwise 105% of Ordered NYS MCD FS or 105% of ASP+6%,548.32,,,,,,,Fee Schedule,105 percent of Medicaid APG. otherwise 105% of Ordered NYS MCD FS or 105% of ASP+6%,548.32,,,,,,,Fee Schedule,105 percent of Medicaid APG. otherwise 105% of Ordered NYS MCD FS or 105% of ASP+6%,548.32,,,,,,,Fee Schedule,105 percent of Medicaid APG. otherwise 105% of Ordered NYS MCD FS or 105% of ASP+6%,548.32,,,,,,,Fee Schedule,105 percent of Medicaid APG. otherwise 105% of Ordered NYS MCD FS or 105% of ASP+6%,704.98,,,,,,,Fee Schedule,135 percent of Medicaid APG. otherwise 135% of Ordered NYS MCD FS or 135% of ASP+6%,704.98,,,,,,,Fee Schedule,135 percent of Medicaid APG. otherwise 135% of Ordered NYS MCD FS or 135% of ASP+6%,,,,,,,,Other,"Not Payable. ",4923.38,,,,,,,Case Rate,". MPL 100/50/25% all add ons apply, and lesser of 100% of billed charges",,,,,,,,Other,"Not Payable. ",548.32,,,,,,,Fee Schedule,105 percent of Medicaid APG. otherwise 105% of Ordered NYS MCD FS or 105% of ASP+6%,4100,,,,,,,Case Rate,". MPL 100/50/25% all add ons apply, and lesser of 100% of billed charges",,,,,,,,Other,"Not Payable. ",4100,,,,,,,Case Rate,". MPL 100/50/25% all add ons apply, and lesser of 100% of billed charges",4100,,,,,,,Case Rate,". MPL 100/50/25% all add ons apply, and lesser of 100% of billed charges",4100,,,,,,,Case Rate,". MPL 100/50/25% all add ons apply, and lesser of 100% of billed charges",548.32,,,,,,,Fee Schedule,105 percent of Medicaid APG. otherwise 105% of Ordered NYS MCD FS or 105% of ASP+6%,,,,,,,,Other,"Not Payable. ",4100,,,,,,,Case Rate,". MPL 100/50/25% all add ons apply, and lesser of 100% of billed charges",704.98,,,,,,,Fee Schedule,135 percent of Medicaid APG. otherwise 135% of Ordered NYS MCD FS or 135% of ASP+6%,4100,,,,,,,Case Rate,". MPL 100/50/25% all add ons apply, and lesser of 100% of billed charges",,,,,,,,Other,"Not Payable. ",,,,,,,,Other,"Not Payable. ",7163,,,,,,,Case Rate,". ",7163,,,,,,,Case Rate,". ",7163,,,,,,,Case Rate,". ",7163,,,,,,,Case Rate,". ",7163,,,,,,,Case Rate,". ",8427,,,,,,,Case Rate,". Primary procedure pays at 100%, all subsequent at 50%.",8427,,,,,,,Case Rate,". Primary procedure pays at 100%, all subsequent at 50%.",7163,,,,,,,Case Rate,". ",7163,,,,,,,Case Rate,". ",7163,,,,,,,Case Rate,". ",7163,,,,,,,Case Rate,". ",7163,,,,,,,Case Rate,". ",,,,,,,,Other,"Not Payable. ",8427,,,,,,,Case Rate,". Primary procedure pays at 100%, all subsequent at 50%.",,,,,,,,Other,"Not Payable. ",1174.96,,,,,,,Case Rate,"225 Percent of Medicaid APG. If not included in Medicaid APG, then 100 Percent of Manhattan Medicare",522.21,,,,,,,Case Rate,"100 Percent of Medicaid APG. ",4923.38,,,,,,,Case Rate,". MPL 100/50/25% all add ons apply, and lesser of 100% of billed charges",4923.38,,,,,,,Case Rate,". MPL 100/50/25% all add ons apply, and lesser of 100% of billed charges",,,,,,,,Other,"Not Payable. ",12574,,,,,,,Case Rate,". Primary procedure pays at 100%, all subsequent at 50%.",,,,,,,,Other,"Not Payable. ",,,,,,,,Other,"Not Payable. ",6593,,,,,,,Case Rate,". Primary procedure pays at 100%, secondary at 50%, all subsequent at 25%.  Lesser of applies when negotiated rates exceed charges less addons.",,,,,,,,Other,"Not Payable. ",,60,,,,,0,percent of total billed charges,60 percent of billed charges; No services were performed during the 15 month look back period.,,,,,,,,Other,"Not Payable. ",,60,,,,,0,percent of total billed charges,60 percent of billed charges; No services were performed during the 15 month look back period.,6593,,,,,,,Case Rate,". Primary procedure pays at 100%, secondary at 50%, all subsequent at 25%.  Lesser of applies when negotiated rates exceed charges less addons.",,60,,,,,0,percent of total billed charges,60 percent of billed charges; No services were performed during the 15 month look back period.,,,,,,,,Other,"Not Payable. ",522.21,,,,,,,Case Rate,"100 Percent of Medicaid APG. ",,,,,,,,Other,"Not Payable. ",,60,,,,,0,percent of total billed charges,60 percent of billed charges; No services were performed during the 15 month look back period.,4923.38,,,,,,,Case Rate,". MPL 100/50/25% all add ons apply, and lesser of 100% of billed charges",522.21,,,,,,,Case Rate,"100 Percent of Medicaid APG. ",4100,,,,,,,Case Rate,". MPL 100/50/25% all add ons apply, and lesser of 100% of billed charges",626.65,,,,,,,Fee Schedule,"120 Percent of Medicaid APG. ",626.65,,,,,,,Fee Schedule,"120 Percent of Medicaid APG. ",4100,,,,,,,Case Rate,". MPL 100/50/25% all add ons apply, and lesser of 100% of billed charges",4100,,,,,,,Case Rate,". MPL 100/50/25% all add ons apply, and lesser of 100% of billed charges",4100,,,,,,,Case Rate,". MPL 100/50/25% all add ons apply, and lesser of 100% of billed charges",4923.38,,,,,,,Case Rate,". MPL 100/50/25% all add ons apply, and lesser of 100% of billed charges",4100,,,,,,,Case Rate,". MPL 100/50/25% all add ons apply, and lesser of 100% of billed charges",4100,,,,,,,Case Rate,". MPL 100/50/25% all add ons apply, and lesser of 100% of billed charges",4100,,,,,,,Case Rate,". MPL 100/50/25% all add ons apply, and lesser of 100% of billed charges",7163,,,,,,,Case Rate,". ",7163,,,,,,,Case Rate,". ",,,,,,,,Fee Schedule,"Not Payable. ",522.21,,,,,,,Case Rate,"100 Percent of Medicaid APG. ",4923.38,,,,,,,Case Rate,". MPL 100/50/25% all add ons apply, and lesser of 100% of billed charges",,60,,,,,0,percent of total billed charges,60 percent of billed charges; No services were performed during the 15 month look back period.,6593,,,,,,,Case Rate,". Primary procedure pays at 100%, secondary at 50%, all subsequent at 25%.  Lesser of applies when negotiated rates exceed charges less addons.",4923.38,,,,,,,Case Rate,". MPL 100/50/25% all add ons apply, and lesser of 100% of billed charges",6593,,,,,,,Case Rate,". Primary procedure pays at 100%, secondary at 50%, all subsequent at 25%.  Lesser of applies when negotiated rates exceed charges less addons.",4923.38,,,,,,,Case Rate,". MPL 100/50/25% all add ons apply, and lesser of 100% of billed charges",4100,,,,,,,Case Rate,". MPL 100/50/25% all add ons apply, and lesser of 100% of billed charges",4100,,,,,,,Case Rate,". MPL 100/50/25% all add ons apply, and lesser of 100% of billed charges",4100,,,,,,,Case Rate,". MPL 100/50/25% all add ons apply, and lesser of 100% of billed charges",4100,,,,,,,Case Rate,". MPL 100/50/25% all add ons apply, and lesser of 100% of billed charges",,,,,,,,Other,"Not Payable. ",110.48,25798,
20931,CPT,,,490,RC,SP BONE ALGRFT STRUCT ADD-ON,,,both,,,,1352,,,,,,,Case Rate,". MPL 1st 100% of Payment Rate 50% of all others, all add ons apply, and lesser of 100% of billed charges.",1352,,,,,,,Case Rate,". MPL 1st 100% of Payment Rate 50% of all others, all add ons apply, and lesser of 100% of billed charges.",6593,,,,,,,Case Rate,". Primary procedure pays at 100%, secondary at 50%, all subsequent at 25%.  Lesser of applies when negotiated rates exceed charges less addons.",,100,,,,,0,percent of total billed charges,100 percent of billed charges. ; No services were performed during the 15 month look back period.,,,,,,,,Other,"Not Payable. ",6593,,,,,,,Case Rate,". Primary procedure pays at 100%, secondary at 50%, all subsequent at 25%.  Lesser of applies when negotiated rates exceed charges less addons.",6593,,,,,,,Case Rate,". Primary procedure pays at 100%, secondary at 50%, all subsequent at 25%.  Lesser of applies when negotiated rates exceed charges less addons.",6593,,,,,,,Case Rate,". Primary procedure pays at 100%, secondary at 50%, all subsequent at 25%.  Lesser of applies when negotiated rates exceed charges less addons.",6070.24,,,,,,,Case Rate,"100 Percent of Medicaid APG. ",5058.54,,,,,,,Case Rate,"100 Percent of Medicaid APG. ",,78,,,,,0,percent of total billed charges,78% of Billed Charges. Lesser of 100% of billed charges applies.; No services were performed during the 15 month look back period.,4923.38,,,,,,,Case Rate,". MPL 100/50/25% all add ons apply, and lesser of 100% of billed charges",5058.54,,,,,,,Case Rate,"100 Percent of Medicaid APG. ",,,,,,,,Other,"Not Payable. ",,,,,,,,Fee Schedule,Additional unrelated diagnostic services performed on the same day will be paid separately at the contracted reimbursement.. Lesser of 100% of billed charges applies.,,,,,,,,Fee Schedule,Additional unrelated diagnostic services performed on the same day will be paid separately at the contracted reimbursement.. Lesser of 100% of billed charges applies.,,,,,,,,Fee Schedule,Additional unrelated diagnostic services performed on the same day will be paid separately at the contracted reimbursement.. Lesser of 100% of billed charges applies.,,,,,,,,Fee Schedule,Additional unrelated diagnostic services performed on the same day will be paid separately at the contracted reimbursement.. Lesser of 100% of billed charges applies.,5058.54,,,,,,,Case rate,124 Percent of Medicaid APG. Covered services not payable under Medicaid Fee Schedules default to a payment of 50 percent of charges.,,,,,,,,Other,"Not Payable. ",5058.54,,,,,,,Case rate,124 Percent of Medicaid APG. Covered services not payable under Medicaid Fee Schedules default to a payment of 50 percent of charges.,,78,,,,,0,percent of total billed charges,78% of Billed Charges. Lesser of 100% of billed charges applies.; No services were performed during the 15 month look back period.,6593,,,,,,,Case Rate,". Primary procedure pays at 100%, secondary at 50%, all subsequent at 25%.  Lesser of applies when negotiated rates exceed charges less addons.",,,,,,,,Other,"Not Payable. ",26771,,,,,,,Case Rate,". Primary procedure pays at 100%, all subsequent at 50%.",,,,,,,,Other,"Not Payable. ",,,,,,,,Other,"Not Payable. ",,78,,,,,0,percent of total billed charges,78% of Billed Charges. Lesser of 100% of billed charges applies.; No services were performed during the 15 month look back period.,121.64,,,,,,,Fee Schedule,90 Percent of Medicare RBRVS. Lesser of 100% of billed charges applies.,121.64,,,,,,,Fee Schedule,90 Percent of Medicare RBRVS. Lesser of 100% of billed charges applies.,5058.54,,,,,,,Case rate,"100 Percent of Medicaid APG. ",5058.54,,,,,,,Case rate,"100 Percent of Medicaid APG. ",26771,,,,,,,Case Rate,". Primary procedure pays at 100%, all subsequent at 50%.",26771,,,,,,,Case Rate,". Primary procedure pays at 100%, all subsequent at 50%.",5058.54,,,,,,,Case Rate,"100 Percent of Medicaid APG. Not APG payable, or payable under another fee schedule like ASP/AWP pays at 30% of charges",26771,,,,,,,Case Rate,". Primary procedure pays at 100%, all subsequent at 50%.",5058.54,,,,,,,Case Rate,"100 Percent of Medicaid APG. Not APG payable, or payable under another fee schedule like ASP/AWP pays at 30% of charges",,,,,,,,Other,"Not Payable. ",26771,,,,,,,Case Rate,". Primary procedure pays at 100%, all subsequent at 50%.",,78,,,,,0,percent of total billed charges,78% of Billed Charges. Lesser of 100% of billed charges applies.; No services were performed during the 15 month look back period.,5058.54,,,,,,,Case Rate,"100 Percent of Medicaid APG. ",5058.54,,,,,,,Case Rate,"100 Percent of Medicaid APG. ",,78,,,,,0,percent of total billed charges,78% of Billed Charges. Lesser of 100% of billed charges applies.; No services were performed during the 15 month look back period.,,,,,,,,Fee Schedule,Additional unrelated diagnostic services performed on the same day will be paid separately at the contracted reimbursement.. Lesser of 100% of billed charges applies.,4500,,,,,,,Case Rate,". MPL 100/50/25% all add ons apply, and lesser of 100% of billed charges",4500,,,,,,,Case Rate,". MPL 100/50/25% all add ons apply, and lesser of 100% of billed charges",,78,,,,,0,percent of total billed charges,78% of Billed Charges. Lesser of 100% of billed charges applies.; No services were performed during the 15 month look back period.,,,,,,,,Other,"Not Payable. ",4923.38,,,,,,,Case Rate,". MPL 100/50/25% all add ons apply, and lesser of 100% of billed charges",4923.38,,,,,,,Case Rate,". MPL 100/50/25% all add ons apply, and lesser of 100% of billed charges",4923.38,,,,,,,Case Rate,". MPL 100/50/25% all add ons apply, and lesser of 100% of billed charges",,,,,,,,Other,"Not Payable. ",4923.38,,,,,,,Case Rate,". MPL 100/50/25% all add ons apply, and lesser of 100% of billed charges",4923.38,,,,,,,Case Rate,". MPL 100/50/25% all add ons apply, and lesser of 100% of billed charges",,,,,,,,Other,"Not Payable. ",25798,,,,,,,Case Rate,". MPL 100/75/50% all add ons apply, and lesser of 100% of billed charges",10351,,,,,,,Case Rate,". MPL 100/50/25% all add ons apply, and lesser of 100% of billed charges",10351,,,,,,,Case Rate,". MPL 100/50/25% all add ons apply, and lesser of 100% of billed charges",10351,,,,,,,Case Rate,". MPL 100/50/25% all add ons apply, and lesser of 100% of billed charges",10351,,,,,,,Case Rate,". MPL 100/50/25% all add ons apply, and lesser of 100% of billed charges",10351,,,,,,,Case Rate,". MPL 100/50/25% all add ons apply, and lesser of 100% of billed charges",10351,,,,,,,Case Rate,". MPL 100/50/25% all add ons apply, and lesser of 100% of billed charges",,,,,,,,Other,"Not Payable. ",,,,,,,,Other,"Not Payable. ",10351,,,,,,,Case Rate,". MPL 100/50/25% all add ons apply, and lesser of 100% of billed charges",,78,,,,,0,percent of total billed charges,78% of Billed Charges. Lesser of 100% of billed charges applies.; No services were performed during the 15 month look back period.,,78,,,,,0,percent of total billed charges,78% of Billed Charges. Lesser of 100% of billed charges applies.; No services were performed during the 15 month look back period.,,78,,,,,0,percent of total billed charges,78% of Billed Charges. Lesser of 100% of billed charges applies.; No services were performed during the 15 month look back period.,,78,,,,,0,percent of total billed charges,78% of Billed Charges. Lesser of 100% of billed charges applies.; No services were performed during the 15 month look back period.,,78,,,,,0,percent of total billed charges,78% of Billed Charges. Lesser of 100% of billed charges applies.; No services were performed during the 15 month look back period.,,78,,,,,0,percent of total billed charges,78% of Billed Charges. Lesser of 100% of billed charges applies.; No services were performed during the 15 month look back period.,,78,,,,,0,percent of total billed charges,78% of Billed Charges. Lesser of 100% of billed charges applies.; No services were performed during the 15 month look back period.,,78,,,,,0,percent of total billed charges,78% of Billed Charges. Lesser of 100% of billed charges applies.; No services were performed during the 15 month look back period.,,78,,,,,0,percent of total billed charges,78% of Billed Charges. Lesser of 100% of billed charges applies.; No services were performed during the 15 month look back period.,,78,,,,,0,percent of total billed charges,78% of Billed Charges. Lesser of 100% of billed charges applies.; No services were performed during the 15 month look back period.,,78,,,,,0,percent of total billed charges,78% of Billed Charges. Lesser of 100% of billed charges applies.; No services were performed during the 15 month look back period.,,78,,,,,0,percent of total billed charges,78% of Billed Charges. Lesser of 100% of billed charges applies.; No services were performed during the 15 month look back period.,,78,,,,,0,percent of total billed charges,78% of Billed Charges. Lesser of 100% of billed charges applies.; No services were performed during the 15 month look back period.,,78,,,,,0,percent of total billed charges,78% of Billed Charges. Lesser of 100% of billed charges applies.; No services were performed during the 15 month look back period.,,78,,,,,0,percent of total billed charges,78% of Billed Charges. Lesser of 100% of billed charges applies.; No services were performed during the 15 month look back period.,,78,,,,,0,percent of total billed charges,78% of Billed Charges. Lesser of 100% of billed charges applies.; No services were performed during the 15 month look back period.,,78,,,,,0,percent of total billed charges,78% of Billed Charges. Lesser of 100% of billed charges applies.; No services were performed during the 15 month look back period.,,78,,,,,0,percent of total billed charges,78% of Billed Charges. Lesser of 100% of billed charges applies.; No services were performed during the 15 month look back period.,,78,,,,,0,percent of total billed charges,78% of Billed Charges. Lesser of 100% of billed charges applies.; No services were performed during the 15 month look back period.,,78,,,,,0,percent of total billed charges,78% of Billed Charges. Lesser of 100% of billed charges applies.; No services were performed during the 15 month look back period.,,78,,,,,0,percent of total billed charges,78% of Billed Charges. Lesser of 100% of billed charges applies.; No services were performed during the 15 month look back period.,,78,,,,,0,percent of total billed charges,78% of Billed Charges. Lesser of 100% of billed charges applies.; No services were performed during the 15 month look back period.,,78,,,,,0,percent of total billed charges,78% of Billed Charges. Lesser of 100% of billed charges applies.; No services were performed during the 15 month look back period.,,78,,,,,0,percent of total billed charges,78% of Billed Charges. Lesser of 100% of billed charges applies.; No services were performed during the 15 month look back period.,,78,,,,,0,percent of total billed charges,78% of Billed Charges. Lesser of 100% of billed charges applies.; No services were performed during the 15 month look back period.,,78,,,,,0,percent of total billed charges,78% of Billed Charges. Lesser of 100% of billed charges applies.; No services were performed during the 15 month look back period.,26771,,,,,,,Case Rate,". Primary procedure pays at 100%, all subsequent at 50%.",26771,,,,,,,Case Rate,". Primary procedure pays at 100%, all subsequent at 50%.",26771,,,,,,,Case Rate,". Primary procedure pays at 100%, all subsequent at 50%.",26771,,,,,,,Case Rate,". Primary procedure pays at 100%, all subsequent at 50%.",42813,,,,,,,Case Rate,". Primary procedure pays at 100%, all subsequent at 50%.",42813,,,,,,,Case Rate,". Primary procedure pays at 100%, all subsequent at 50%.",,,,,,,,Fee Schedule,Additional unrelated diagnostic services performed on the same day will be paid separately at the contracted reimbursement.. Lesser of 100% of billed charges applies.,10351,,,,,,,Case Rate,". MPL 100/50/25% all add ons apply, and lesser of 100% of billed charges",4923.38,,,,,,,Case Rate,". MPL 100/50/25% all add ons apply, and lesser of 100% of billed charges",10351,,,,,,,Case Rate,". MPL 100/50/25% all add ons apply, and lesser of 100% of billed charges",,78,,,,,0,percent of total billed charges,78% of Billed Charges. Lesser of 100% of billed charges applies.; No services were performed during the 15 month look back period.,42813,,,,,,,Case Rate,". Primary procedure pays at 100%, all subsequent at 50%.",10351,,,,,,,Case Rate,". MPL 100/50/25% all add ons apply, and lesser of 100% of billed charges",4923.38,,,,,,,Case Rate,". MPL 100/50/25% all add ons apply, and lesser of 100% of billed charges",,,,,,,,Fee Schedule,Additional unrelated diagnostic services performed on the same day will be paid separately at the contracted reimbursement.. Lesser of 100% of billed charges applies.,,,,,,,,,"NA. ",,78,,,,,0,percent of total billed charges,78% of Billed Charges. Lesser of 100% of billed charges applies.; No services were performed during the 15 month look back period.,5058.54,,,,,,,Case Rate,"100 Percent of Medicaid APG. ",26771,,,,,,,Case Rate,". Primary procedure pays at 100%, all subsequent at 50%.",5058.54,,,,,,,Case Rate,"100 Percent of Medicaid APG. Not APG payable, or payable under another fee schedule like ASP/AWP pays at 30% of charges",,,,,,,,Other,"Not Payable. ",,,,,,,,Other,"Not Payable. ",25798,,,,,,,Case Rate,". MPL 100/75/50% all add ons apply, and lesser of 100% of billed charges",,,,,,,,Other,"Not Payable. ",,,,,,,,Other,"Not Payable. ",5058.54,,,,,,,Case Rate,"100 Percent of Medicaid APG. ",,,,,,,,Other,"Not Payable. ",,,,,,,,Other,"Not Payable. ",6593,,,,,,,Case Rate,". Primary procedure pays at 100%, secondary at 50%, all subsequent at 25%.  Lesser of applies when negotiated rates exceed charges less addons.",6593,,,,,,,Case Rate,". Primary procedure pays at 100%, secondary at 50%, all subsequent at 25%.  Lesser of applies when negotiated rates exceed charges less addons.",,,,,,,,Other,"Not Payable. ",,,,,,,,Fee Schedule,Additional unrelated diagnostic services performed on the same day will be paid separately at the contracted reimbursement.. Lesser of 100% of billed charges applies.,4923.38,,,,,,,Case Rate,". MPL 100/50/25% all add ons apply, and lesser of 100% of billed charges",4923.38,,,,,,,Case Rate,". MPL 100/50/25% all add ons apply, and lesser of 100% of billed charges",,,,,,,,Other,"Not Payable. ",,,,,,,,Fee Schedule,Additional unrelated diagnostic services performed on the same day will be paid separately at the contracted reimbursement.. Lesser of 100% of billed charges applies.,6593,,,,,,,Case Rate,". Primary procedure pays at 100%, secondary at 50%, all subsequent at 25%.  Lesser of applies when negotiated rates exceed charges less addons.",6593,,,,,,,Case Rate,". Primary procedure pays at 100%, secondary at 50%, all subsequent at 25%.  Lesser of applies when negotiated rates exceed charges less addons.",6593,,,,,,,Case Rate,". Primary procedure pays at 100%, secondary at 50%, all subsequent at 25%.  Lesser of applies when negotiated rates exceed charges less addons.",,78,,,,,0,percent of total billed charges,78% of Billed Charges. Lesser of 100% of billed charges applies.; No services were performed during the 15 month look back period.,,78,,,,,0,percent of total billed charges,78% of Billed Charges. Lesser of 100% of billed charges applies.; No services were performed during the 15 month look back period.,,78,,,,,0,percent of total billed charges,78% of Billed Charges. Lesser of 100% of billed charges applies.; No services were performed during the 15 month look back period.,,78,,,,,0,percent of total billed charges,78% of Billed Charges. Lesser of 100% of billed charges applies.; No services were performed during the 15 month look back period.,,78,,,,,0,percent of total billed charges,78% of Billed Charges. Lesser of 100% of billed charges applies.; No services were performed during the 15 month look back period.,,78,,,,,0,percent of total billed charges,78% of Billed Charges. Lesser of 100% of billed charges applies.; No services were performed during the 15 month look back period.,,78,,,,,0,percent of total billed charges,78% of Billed Charges. Lesser of 100% of billed charges applies.; No services were performed during the 15 month look back period.,,78,,,,,0,percent of total billed charges,78% of Billed Charges. Lesser of 100% of billed charges applies.; No services were performed during the 15 month look back period.,,78,,,,,0,percent of total billed charges,78% of Billed Charges. Lesser of 100% of billed charges applies.; No services were performed during the 15 month look back period.,,78,,,,,0,percent of total billed charges,78% of Billed Charges. Lesser of 100% of billed charges applies.; No services were performed during the 15 month look back period.,,78,,,,,0,percent of total billed charges,78% of Billed Charges. Lesser of 100% of billed charges applies.; No services were performed during the 15 month look back period.,42813,,,,,,,Case Rate,". Primary procedure pays at 100%, all subsequent at 50%.",10351,,,,,,,Case Rate,". MPL 100/50/25% all add ons apply, and lesser of 100% of billed charges",,,,,,,,Fee Schedule,Additional unrelated diagnostic services performed on the same day will be paid separately at the contracted reimbursement.. Lesser of 100% of billed charges applies.,,,,,,,,Other,"Not Payable. ",6593,,,,,,,Case Rate,". Primary procedure pays at 100%, secondary at 50%, all subsequent at 25%.  Lesser of applies when negotiated rates exceed charges less addons.",,,,,,,,Fee Schedule,Additional unrelated diagnostic services performed on the same day will be paid separately at the contracted reimbursement.. Lesser of 100% of billed charges applies.,,,,,,,,Fee Schedule,Additional unrelated diagnostic services performed on the same day will be paid separately at the contracted reimbursement.. Lesser of 100% of billed charges applies.,,78,,,,,0,percent of total billed charges,78% of Billed Charges. Lesser of 100% of billed charges applies.; No services were performed during the 15 month look back period.,10825.27,,,,,,,Case Rate,"214 Percent of Medicaid APG. Drugs not priced under APG, billed with revenue code 636 and not priced by Medicare ASP FeeSched will be reimbursed at 20% of charges.",,,,,,,,Fee Schedule,Additional unrelated diagnostic services performed on the same day will be paid separately at the contracted reimbursement.. Lesser of 100% of billed charges applies.,5058.54,,,,,,,Case Rate,"100 Percent of Medicaid APG. ",,,,,,,,Other,"Not Payable. ",,,,,,,,Other,"Not Payable. ",,,,,,,,Other,"Not Payable. ",,,,,,,,Other,"Not Payable. ",,,,,,,,Other,"Not Payable. ",,,,,,,,Other,"Not Payable. ",,,,,,,,Fee Schedule,Additional unrelated diagnostic services performed on the same day will be paid separately at the contracted reimbursement.. Lesser of 100% of billed charges applies.,25798,,,,,,,Case Rate,". MPL 100/75/50% all add ons apply, and lesser of 100% of billed charges",9105.37,,,,,,,Fee Schedule,"180 Percent of Medicaid APG. ",9105.37,,,,,,,Fee Schedule,"180 Percent of Medicaid APG. ",9105.37,,,,,,,Fee Schedule,"180 Percent of Medicaid APG. ",9105.37,,,,,,,Fee Schedule,"180 Percent of Medicaid APG. ",9105.37,,,,,,,Fee Schedule,"180 Percent of Medicaid APG. ",,,,,,,,,"NA. ",25798,,,,,,,Case Rate,". MPL 100/75/50% all add ons apply, and lesser of 100% of billed charges",,,,,,,,Fee Schedule,"Not Payable. ",,,,,,,,Fee Schedule,"Not Payable. ",,,,,,,,Fee Schedule,"Not Payable. ",,,,,,,,Fee Schedule,"Not Payable. ",,,,,,,,Fee Schedule,"Not Payable. ",,,,,,,,Other,"Not Payable. ",42813,,,,,,,Case Rate,". Primary procedure pays at 100%, all subsequent at 50%.",42813,,,,,,,Case Rate,". Primary procedure pays at 100%, all subsequent at 50%.",42813,,,,,,,Case Rate,". Primary procedure pays at 100%, all subsequent at 50%.",42813,,,,,,,Case Rate,". Primary procedure pays at 100%, all subsequent at 50%.",6593,,,,,,,Case Rate,". Primary procedure pays at 100%, secondary at 50%, all subsequent at 25%.  Lesser of applies when negotiated rates exceed charges less addons.",6593,,,,,,,Case Rate,". Primary procedure pays at 100%, secondary at 50%, all subsequent at 25%.  Lesser of applies when negotiated rates exceed charges less addons.",6593,,,,,,,Case Rate,". Primary procedure pays at 100%, secondary at 50%, all subsequent at 25%.  Lesser of applies when negotiated rates exceed charges less addons.",6593,,,,,,,Case Rate,". Primary procedure pays at 100%, secondary at 50%, all subsequent at 25%.  Lesser of applies when negotiated rates exceed charges less addons.",25798,,,,,,,Case Rate,". MPL 100/75/50% all add ons apply, and lesser of 100% of billed charges",25798,,,,,,,Case Rate,". MPL 100/75/50% all add ons apply, and lesser of 100% of billed charges",,,,,,,,Other,"Not Payable. ",,,,,,,,Other,"Not Payable. ",,,,,,,,Other,"Not Payable. ",10351,,,,,,,Case Rate,". MPL 100/50/25% all add ons apply, and lesser of 100% of billed charges",10351,,,,,,,Case Rate,". MPL 100/50/25% all add ons apply, and lesser of 100% of billed charges",10351,,,,,,,Case Rate,". MPL 100/50/25% all add ons apply, and lesser of 100% of billed charges",25798,,,,,,,Case Rate,". MPL 100/75/50% all add ons apply, and lesser of 100% of billed charges",6593,,,,,,,Case Rate,". Primary procedure pays at 100%, secondary at 50%, all subsequent at 25%.  Lesser of applies when negotiated rates exceed charges less addons.",,,,,,,,Other,"Not Payable. ",10351,,,,,,,Case Rate,". MPL 100/50/25% all add ons apply, and lesser of 100% of billed charges",5058.54,,,,,,,Case Rate,"100 Percent of Medicaid APG. ",,,,,,,,Other,"Not Payable. ",,,,,,,,Other,"Not Payable. ",,,,,,,,Other,"Not Payable. ",5058.54,,,,,,,Case rate,"100 Percent of Medicaid APG. ",11381.71,,,,,,,Fee Schedule,225% of NYS APG. Lesser of 100% of billed charges applies.,11381.71,,,,,,,Fee Schedule,225% of NYS APG. Lesser of 100% of billed charges applies.,11381.71,,,,,,,Fee Schedule,225% of NYS APG. Lesser of 100% of billed charges applies.,11381.71,,,,,,,Fee Schedule,225% of NYS APG. Lesser of 100% of billed charges applies.,11381.71,,,,,,,Fee Schedule,225% of NYS APG. Lesser of 100% of billed charges applies.,,,,,,,,Other,"Not Payable. ",5058.54,,,,,,,Case Rate,"100 Percent of Medicaid APG. ",121.64,,,,,,,Fee Schedule,90 Percent of Medicare RBRVS. Lesser of 100% of billed charges applies.,11381.71,,,,,,,Fee Schedule,225% of NYS APG. Lesser of 100% of billed charges applies.,11381.71,,,,,,,Fee Schedule,225% of NYS APG. Lesser of 100% of billed charges applies.,121.64,,,,,,,Fee Schedule,90 Percent of Medicare RBRVS. Lesser of 100% of billed charges applies.,121.64,,,,,,,Fee Schedule,90 Percent of Medicare RBRVS. Lesser of 100% of billed charges applies.,9105.37,,,,,,,Fee Schedule,"180 Percent of Medicaid APG. ",,,,,,,,Other,"Not Payable. ",,,,,,,,Other,"Not Payable. ",6593,,,,,,,Case Rate,". Primary procedure pays at 100%, secondary at 50%, all subsequent at 25%.  Lesser of applies when negotiated rates exceed charges less addons.",,,,,,,,Other,"Not Payable. ",11381.71,,,,,,,Case Rate,"225 Percent of Medicaid APG. ",11381.71,,,,,,,Case Rate,"225 Percent of Medicaid APG. ",5058.54,,,,,,,Case rate,"100 Percent of Medicaid APG. ",5058.54,,,,,,,Case rate,"100 Percent of Medicaid APG. ",11381.71,,,,,,,Case Rate,225 Percent of Medicaid APG. Covered services not payable under Medicaid Fee Schedules default to a payment of 87.5 percent of charges.,5058.54,,,,,,,Case rate,124 Percent of Medicaid APG. Covered services not payable under Medicaid Fee Schedules default to a payment of 50 percent of charges.,11381.71,,,,,,,Case Rate,"100 Percent of Medicaid APG. ",11381.71,,,,,,,Case Rate,"100 Percent of Medicaid APG. ",11381.71,,,,,,,Case Rate,"100 Percent of Medicaid APG. ",11381.71,,,,,,,Case Rate,"100 Percent of Medicaid APG. ",13453,,,,,,,Case Rate,". MPL 100/75/50% all add ons apply, and lesser of 100% of billed charges",25798,,,,,,,Case Rate,". MPL 100/75/50% all add ons apply, and lesser of 100% of billed charges",6070.24,,,,,,,Case Rate,"120 Percent of Medicaid APG. Not APG payable, or payable under another fee schedule like ASP/AWP pays at 30% of charges",6070.24,,,,,,,Case Rate,"120 Percent of Medicaid APG. Not APG payable, or payable under another fee schedule like ASP/AWP pays at 30% of charges",5058.54,,,,,,,Case Rate,"100 Percent of Medicaid APG. Not APG payable, or payable under another fee schedule like ASP/AWP pays at 30% of charges",5058.54,,,,,,,Case Rate,"100 Percent of Medicaid APG. Not APG payable, or payable under another fee schedule like ASP/AWP pays at 30% of charges",10351,,,,,,,Case Rate,". MPL 100/50/25% all add ons apply, and lesser of 100% of billed charges",10351,,,,,,,Case Rate,". MPL 100/50/25% all add ons apply, and lesser of 100% of billed charges",,,,,,,,Other,"Not Payable. ",10351,,,,,,,Case Rate,". MPL 100/50/25% all add ons apply, and lesser of 100% of billed charges",10351,,,,,,,Case Rate,". MPL 100/50/25% all add ons apply, and lesser of 100% of billed charges",10351,,,,,,,Case Rate,". MPL 100/50/25% all add ons apply, and lesser of 100% of billed charges",10351,,,,,,,Case Rate,". MPL 100/50/25% all add ons apply, and lesser of 100% of billed charges",,,,,,,,Other,"Not Payable. ",10351,,,,,,,Case Rate,". MPL 100/50/25% all add ons apply, and lesser of 100% of billed charges",10351,,,,,,,Case Rate,". MPL 100/50/25% all add ons apply, and lesser of 100% of billed charges",6593,,,,,,,Case Rate,". Primary procedure pays at 100%, secondary at 50%, all subsequent at 25%.  Lesser of applies when negotiated rates exceed charges less addons.",5058.54,,,,,,,Fee Schedule,100% APG. Lesser of 100% of billed charges applies.,5058.54,,,,,,,Case rate,124 Percent of Medicaid APG. Covered services not payable under Medicaid Fee Schedules default to a payment of 50 percent of charges.,11381.71,,,,,,,Fee Schedule,225% of NYS APG. Lesser of 100% of billed charges applies.,11381.71,,,,,,,Case Rate,225 Percent of Medicaid APG. Covered services not payable under Medicaid Fee Schedules default to a payment of 87.5 percent of charges.,5058.54,,,,,,,Case rate,124 Percent of Medicaid APG. Covered services not payable under Medicaid Fee Schedules default to a payment of 50 percent of charges.,11381.71,,,,,,,Fee Schedule,225% of NYS APG. Lesser of 100% of billed charges applies.,11381.71,,,,,,,Fee Schedule,225% of NYS APG. Lesser of 100% of billed charges applies.,11381.71,,,,,,,Fee Schedule,225% of NYS APG. Lesser of 100% of billed charges applies.,11381.71,,,,,,,Fee Schedule,225% of NYS APG. Lesser of 100% of billed charges applies.,11381.71,,,,,,,Fee Schedule,225% of NYS APG. Lesser of 100% of billed charges applies.,11381.71,,,,,,,Fee Schedule,225% of NYS APG. Lesser of 100% of billed charges applies.,,,,,,,,,"NA. ",,,,,,,,,"NA. ",,,,,,,,,"NA. ",,,,,,,,Fee Schedule,Additional unrelated diagnostic services performed on the same day will be paid separately at the contracted reimbursement.. Lesser of 100% of billed charges applies.,,,,,,,,,"NA. ",,,,,,,,Other,"Not Payable. ",1352,,,,,,,Case Rate,". MPL 1st 100% of Payment Rate 50% of all others, all add ons apply, and lesser of 100% of billed charges.",,,,,,,,Other,"Not Payable. ",,,,,,,,Other,"Not Payable. ",6070.24,,,,,,,Case Rate,"120 Percent of Medicaid APG. Not APG payable, or payable under another fee schedule like ASP/AWP pays at 30% of charges",6070.24,,,,,,,Case Rate,"120 Percent of Medicaid APG. Not APG payable, or payable under another fee schedule like ASP/AWP pays at 30% of charges",5058.54,,,,,,,Case Rate,"100 Percent of Medicaid APG. Not APG payable, or payable under another fee schedule like ASP/AWP pays at 30% of charges",5058.54,,,,,,,Case Rate,"100 Percent of Medicaid APG. Not APG payable, or payable under another fee schedule like ASP/AWP pays at 30% of charges",5058.54,,,,,,,Case Rate,"100 Percent of Medicaid APG. ",22755,,,,,,,Case Rate,". ",6593,,,,,,,Case Rate,". Primary procedure pays at 100%, secondary at 50%, all subsequent at 25%.  Lesser of applies when negotiated rates exceed charges less addons.",26771,,,,,,,Case Rate,". Primary procedure pays at 100%, all subsequent at 50%.",,,,,,,,Fee Schedule,Additional unrelated diagnostic services performed on the same day will be paid separately at the contracted reimbursement.. Lesser of 100% of billed charges applies.,,,,,,,,Other,"Not Payable. ",,,,,,,,Other,"Not Payable. ",,,,,,,,Other,"Not Payable. ",,,,,,,,Other,"Not Payable. ",,,,,,,,Other,"Not Payable. ",,,,,,,,Other,"Not Payable. ",,,,,,,,,"NA. ",11381.71,,,,,,,Fee Schedule,225% of NYS APG. Lesser of 100% of billed charges applies.,121.64,,,,,,,Fee Schedule,90 Percent of Medicare RBRVS. Lesser of 100% of billed charges applies.,10351,,,,,,,Case Rate,". MPL 100/50/25% all add ons apply, and lesser of 100% of billed charges",22755,,,,,,,Case Rate,". ",22755,,,,,,,Case Rate,". ",22755,,,,,,,Case Rate,". ",22755,,,,,,,Case Rate,". ",,,,,,,,Other,"Not Payable. ",5058.54,,,,,,,Case Rate,"100 Percent of Medicaid APG. ",10351,,,,,,,Case Rate,". MPL 100/50/25% all add ons apply, and lesser of 100% of billed charges",5058.54,,,,,,,Case Rate,"100 Percent of Medicaid APG. ",,,,,,,,Other,"Not Payable. ",5058.54,,,,,,,Case Rate,"100 Percent of Medicaid APG. ",,,,,,,,Other,"Not Payable. ",,,,,,,,Other,"Not Payable. ",5058.54,,,,,,,Case Rate,"100 Percent of Medicaid APG. ",5058.54,,,,,,,Case Rate,"100 Percent of Medicaid APG. ",22755,,,,,,,Case Rate,". ",,,,,,,,Fee Schedule,Additional unrelated diagnostic services performed on the same day will be paid separately at the contracted reimbursement.. Lesser of 100% of billed charges applies.,,78,,,,,0,percent of total billed charges,78% of Billed Charges. Lesser of 100% of billed charges applies.; No services were performed during the 15 month look back period.,4923.38,,,,,,,Case Rate,". MPL 100/50/25% all add ons apply, and lesser of 100% of billed charges",4923.38,,,,,,,Case Rate,". MPL 100/50/25% all add ons apply, and lesser of 100% of billed charges",6593,,,,,,,Case Rate,". Primary procedure pays at 100%, secondary at 50%, all subsequent at 25%.  Lesser of applies when negotiated rates exceed charges less addons.",126.61,,,,,,,Other,"Not Payable. ",42813,,,,,,,Case Rate,". Primary procedure pays at 100%, all subsequent at 50%.",42813,,,,,,,Case Rate,". Primary procedure pays at 100%, all subsequent at 50%.",8281,,,,,,,Case Rate,". MPL 100/50/25% all add ons apply, and lesser of 100% of billed charges",8281,,,,,,,Case Rate,". MPL 100/50/25% all add ons apply, and lesser of 100% of billed charges",,,,,,,,Other,"Not Payable. ",,,,,,,,Other,"Not Payable. ",,,,,,,,Other,"Not Payable. ",,,,,,,,Other,"Not Payable. ",4923.38,,,,,,,Case Rate,". MPL 100/50/25% all add ons apply, and lesser of 100% of billed charges",10351,,,,,,,Case Rate,". MPL 100/50/25% all add ons apply, and lesser of 100% of billed charges",10351,,,,,,,Case Rate,". MPL 100/50/25% all add ons apply, and lesser of 100% of billed charges",,,,,,,,Other,"Not Payable. ",8281,,,,,,,Case Rate,". MPL 100/50/25% all add ons apply, and lesser of 100% of billed charges",26771,,,,,,,Case Rate,". Primary procedure pays at 100%, all subsequent at 50%.",6070.24,,,,,,,Fee Schedule,"120 Percent of Medicaid APG. ",5058.54,,,,,,,Case Rate,"100 Percent of Medicaid APG. ",22755,,,,,,,Case Rate,". ",9316,,,,,,,Case Rate,". MPL 100/50/25% all add ons apply, and lesser of 100% of billed charges",9316,,,,,,,Case Rate,". MPL 100/50/25% all add ons apply, and lesser of 100% of billed charges",10351,,,,,,,Case Rate,". MPL 100/50/25% all add ons apply, and lesser of 100% of billed charges",14948,,,,,,,Case Rate,". MPL 100/75/50% all add ons apply, and lesser of 100% of billed charges",,,,,,,,Other,"Not Payable. ",5311.46,,,,,,,Fee Schedule,105 percent of Medicaid APG. otherwise 105% of Ordered NYS MCD FS or 105% of ASP+6%,5311.46,,,,,,,Fee Schedule,105 percent of Medicaid APG. otherwise 105% of Ordered NYS MCD FS or 105% of ASP+6%,5311.46,,,,,,,Fee Schedule,105 percent of Medicaid APG. otherwise 105% of Ordered NYS MCD FS or 105% of ASP+6%,6829.03,,,,,,,Fee Schedule,135 percent of Medicaid APG. otherwise 135% of Ordered NYS MCD FS or 135% of ASP+6%,4923.38,,,,,,,Case Rate,". MPL 100/50/25% all add ons apply, and lesser of 100% of billed charges",5311.46,,,,,,,Fee Schedule,105 percent of Medicaid APG. otherwise 105% of Ordered NYS MCD FS or 105% of ASP+6%,5311.46,,,,,,,Fee Schedule,105 percent of Medicaid APG. otherwise 105% of Ordered NYS MCD FS or 105% of ASP+6%,5311.46,,,,,,,Fee Schedule,105 percent of Medicaid APG. otherwise 105% of Ordered NYS MCD FS or 105% of ASP+6%,5311.46,,,,,,,Fee Schedule,105 percent of Medicaid APG. otherwise 105% of Ordered NYS MCD FS or 105% of ASP+6%,5311.46,,,,,,,Fee Schedule,105 percent of Medicaid APG. otherwise 105% of Ordered NYS MCD FS or 105% of ASP+6%,6829.03,,,,,,,Fee Schedule,135 percent of Medicaid APG. otherwise 135% of Ordered NYS MCD FS or 135% of ASP+6%,6829.03,,,,,,,Fee Schedule,135 percent of Medicaid APG. otherwise 135% of Ordered NYS MCD FS or 135% of ASP+6%,,,,,,,,Other,"Not Payable. ",4923.38,,,,,,,Case Rate,". MPL 100/50/25% all add ons apply, and lesser of 100% of billed charges",,,,,,,,Other,"Not Payable. ",5311.46,,,,,,,Fee Schedule,105 percent of Medicaid APG. otherwise 105% of Ordered NYS MCD FS or 105% of ASP+6%,10351,,,,,,,Case Rate,". MPL 100/50/25% all add ons apply, and lesser of 100% of billed charges",,,,,,,,Other,"Not Payable. ",10351,,,,,,,Case Rate,". MPL 100/50/25% all add ons apply, and lesser of 100% of billed charges",10351,,,,,,,Case Rate,". MPL 100/50/25% all add ons apply, and lesser of 100% of billed charges",10351,,,,,,,Case Rate,". MPL 100/50/25% all add ons apply, and lesser of 100% of billed charges",5311.46,,,,,,,Fee Schedule,105 percent of Medicaid APG. otherwise 105% of Ordered NYS MCD FS or 105% of ASP+6%,,,,,,,,Other,"Not Payable. ",10351,,,,,,,Case Rate,". MPL 100/50/25% all add ons apply, and lesser of 100% of billed charges",6829.03,,,,,,,Fee Schedule,135 percent of Medicaid APG. otherwise 135% of Ordered NYS MCD FS or 135% of ASP+6%,10351,,,,,,,Case Rate,". MPL 100/50/25% all add ons apply, and lesser of 100% of billed charges",,,,,,,,Other,"Not Payable. ",,,,,,,,Other,"Not Payable. ",22755,,,,,,,Case Rate,". ",22755,,,,,,,Case Rate,". ",22755,,,,,,,Case Rate,". ",22755,,,,,,,Case Rate,". ",22755,,,,,,,Case Rate,". ",26771,,,,,,,Case Rate,". Primary procedure pays at 100%, all subsequent at 50%.",26771,,,,,,,Case Rate,". Primary procedure pays at 100%, all subsequent at 50%.",22755,,,,,,,Case Rate,". ",22755,,,,,,,Case Rate,". ",22755,,,,,,,Case Rate,". ",22755,,,,,,,Case Rate,". ",22755,,,,,,,Case Rate,". ",,,,,,,,Other,"Not Payable. ",26771,,,,,,,Case Rate,". Primary procedure pays at 100%, all subsequent at 50%.",,,,,,,,Other,"Not Payable. ",11381.71,,,,,,,Case Rate,"225 Percent of Medicaid APG. If not included in Medicaid APG, then 100 Percent of Manhattan Medicare",5058.54,,,,,,,Case Rate,"100 Percent of Medicaid APG. ",4923.38,,,,,,,Case Rate,". MPL 100/50/25% all add ons apply, and lesser of 100% of billed charges",4923.38,,,,,,,Case Rate,". MPL 100/50/25% all add ons apply, and lesser of 100% of billed charges",,,,,,,,Other,"Not Payable. ",42813,,,,,,,Case Rate,". Primary procedure pays at 100%, all subsequent at 50%.",,,,,,,,Other,"Not Payable. ",,,,,,,,Other,"Not Payable. ",6593,,,,,,,Case Rate,". Primary procedure pays at 100%, secondary at 50%, all subsequent at 25%.  Lesser of applies when negotiated rates exceed charges less addons.",,,,,,,,Other,"Not Payable. ",,,,,,,,Fee Schedule,Additional unrelated diagnostic services performed on the same day will be paid separately at the contracted reimbursement.. Lesser of 100% of billed charges applies.,,,,,,,,Other,"Not Payable. ",,,,,,,,Fee Schedule,Additional unrelated diagnostic services performed on the same day will be paid separately at the contracted reimbursement.. Lesser of 100% of billed charges applies.,6593,,,,,,,Case Rate,". Primary procedure pays at 100%, secondary at 50%, all subsequent at 25%.  Lesser of applies when negotiated rates exceed charges less addons.",,,,,,,,Fee Schedule,Additional unrelated diagnostic services performed on the same day will be paid separately at the contracted reimbursement.. Lesser of 100% of billed charges applies.,,,,,,,,Other,"Not Payable. ",5058.54,,,,,,,Case Rate,"100 Percent of Medicaid APG. ",,,,,,,,Other,"Not Payable. ",,,,,,,,Fee Schedule,Additional unrelated diagnostic services performed on the same day will be paid separately at the contracted reimbursement.. Lesser of 100% of billed charges applies.,4923.38,,,,,,,Case Rate,". MPL 100/50/25% all add ons apply, and lesser of 100% of billed charges",5058.54,,,,,,,Case Rate,"100 Percent of Medicaid APG. ",10351,,,,,,,Case Rate,". MPL 100/50/25% all add ons apply, and lesser of 100% of billed charges",6070.24,,,,,,,Fee Schedule,"120 Percent of Medicaid APG. ",6070.24,,,,,,,Fee Schedule,"120 Percent of Medicaid APG. ",10351,,,,,,,Case Rate,". MPL 100/50/25% all add ons apply, and lesser of 100% of billed charges",10351,,,,,,,Case Rate,". MPL 100/50/25% all add ons apply, and lesser of 100% of billed charges",10351,,,,,,,Case Rate,". MPL 100/50/25% all add ons apply, and lesser of 100% of billed charges",4923.38,,,,,,,Case Rate,". MPL 100/50/25% all add ons apply, and lesser of 100% of billed charges",10351,,,,,,,Case Rate,". MPL 100/50/25% all add ons apply, and lesser of 100% of billed charges",10351,,,,,,,Case Rate,". MPL 100/50/25% all add ons apply, and lesser of 100% of billed charges",10351,,,,,,,Case Rate,". MPL 100/50/25% all add ons apply, and lesser of 100% of billed charges",22755,,,,,,,Case Rate,". ",22755,,,,,,,Case Rate,". ",,,,,,,,Fee Schedule,"Not Payable. ",5058.54,,,,,,,Case Rate,"100 Percent of Medicaid APG. ",4923.38,,,,,,,Case Rate,". MPL 100/50/25% all add ons apply, and lesser of 100% of billed charges",,,,,,,,Fee Schedule,Additional unrelated diagnostic services performed on the same day will be paid separately at the contracted reimbursement.. Lesser of 100% of billed charges applies.,6593,,,,,,,Case Rate,". Primary procedure pays at 100%, secondary at 50%, all subsequent at 25%.  Lesser of applies when negotiated rates exceed charges less addons.",4923.38,,,,,,,Case Rate,". MPL 100/50/25% all add ons apply, and lesser of 100% of billed charges",6593,,,,,,,Case Rate,". Primary procedure pays at 100%, secondary at 50%, all subsequent at 25%.  Lesser of applies when negotiated rates exceed charges less addons.",4923.38,,,,,,,Case Rate,". MPL 100/50/25% all add ons apply, and lesser of 100% of billed charges",10351,,,,,,,Case Rate,". MPL 100/50/25% all add ons apply, and lesser of 100% of billed charges",10351,,,,,,,Case Rate,". MPL 100/50/25% all add ons apply, and lesser of 100% of billed charges",10351,,,,,,,Case Rate,". MPL 100/50/25% all add ons apply, and lesser of 100% of billed charges",10351,,,,,,,Case Rate,". MPL 100/50/25% all add ons apply, and lesser of 100% of billed charges",,,,,,,,Other,"Not Payable. ",121.64,43411,
21029,CPT,,,490,RC,CONTOUR OF FACE BONE LESION,,,both,,,,5941,,,,,,,Case Rate,". MPL 1st 100% of Payment Rate 50% of all others, all add ons apply, and lesser of 100% of billed charges.",5941,,,,,,,Case Rate,". MPL 1st 100% of Payment Rate 50% of all others, all add ons apply, and lesser of 100% of billed charges.",8442,,,,,,,Case Rate,". Primary procedure pays at 100%, secondary at 50%, all subsequent at 25%.  Lesser of applies when negotiated rates exceed charges less addons.",,100,,,,,0,percent of total billed charges,100 percent of billed charges. ; No services were performed during the 15 month look back period.,3837.52,,,,,,,Case Rate,"100% Medicare OPPS FS. ",8442,,,,,,,Case Rate,". Primary procedure pays at 100%, secondary at 50%, all subsequent at 25%.  Lesser of applies when negotiated rates exceed charges less addons.",8442,,,,,,,Case Rate,". Primary procedure pays at 100%, secondary at 50%, all subsequent at 25%.  Lesser of applies when negotiated rates exceed charges less addons.",8442,,,,,,,Case Rate,". Primary procedure pays at 100%, secondary at 50%, all subsequent at 25%.  Lesser of applies when negotiated rates exceed charges less addons.",3993.83,,,,,,,Case Rate,"100 Percent of Medicaid APG. ",3328.19,,,,,,,Case Rate,"100 Percent of Medicaid APG. ",,78,,,,,0,percent of total billed charges,78% of Billed Charges. Lesser of 100% of billed charges applies.; No services were performed during the 15 month look back period.,9024.56,,,,,,,Case Rate,". MPL 100/50/25% all add ons apply, and lesser of 100% of billed charges",3328.19,,,,,,,Case Rate,"100 Percent of Medicaid APG. ",3837.52,,,,,,,Case Rate,"100% Medicare OPPS FS. ",6487,,,,,,,Case Rate,". MPL 100/50/25% maxmium of 3 procedures. All add ons apply, and lesser of 100% of billed charges",6487,,,,,,,Case Rate,". MPL 100/50/25% maxmium of 3 procedures. All add ons apply, and lesser of 100% of billed charges",6487,,,,,,,Case Rate,". MPL 100/50/25% maxmium of 3 procedures. All add ons apply, and lesser of 100% of billed charges",6487,,,,,,,Case Rate,". MPL 100/50/25% maxmium of 3 procedures. All add ons apply, and lesser of 100% of billed charges",3328.19,,,,,,,Case rate,124 Percent of Medicaid APG. Covered services not payable under Medicaid Fee Schedules default to a payment of 50 percent of charges.,3837.52,,,,,,,Case Rate,"100% Medicare OPPS FS. ",3328.19,,,,,,,Case rate,124 Percent of Medicaid APG. Covered services not payable under Medicaid Fee Schedules default to a payment of 50 percent of charges.,,78,,,,,0,percent of total billed charges,78% of Billed Charges. Lesser of 100% of billed charges applies.; No services were performed during the 15 month look back period.,8442,,,,,,,Case Rate,". Primary procedure pays at 100%, secondary at 50%, all subsequent at 25%.  Lesser of applies when negotiated rates exceed charges less addons.",3837.52,,,,,,,Case Rate,"100%Medicare OPPS FS. ",8427,,,,,,,Case Rate,". Primary procedure pays at 100%, all subsequent at 50%.",3837.52,,,,,,,Case Rate,"100%Medicare OPPS FS. ",3837.52,,,,,,,Case Rate,"100%Medicare OPPS FS. ",,78,,,,,0,percent of total billed charges,78% of Billed Charges. Lesser of 100% of billed charges applies.; No services were performed during the 15 month look back period.,1103.36,,,,,,,Case Rate,100% of PAS. Lesser of 100% of billed charges applies.,1103.36,,,,,,,Case Rate,100% of PAS. Lesser of 100% of billed charges applies.,3328.19,,,,,,,Case rate,"100 Percent of Medicaid APG. ",3328.19,,,,,,,Case rate,"100 Percent of Medicaid APG. ",8427,,,,,,,Case Rate,". Primary procedure pays at 100%, all subsequent at 50%.",8427,,,,,,,Case Rate,". Primary procedure pays at 100%, all subsequent at 50%.",3328.19,,,,,,,Case Rate,"100 Percent of Medicaid APG. Not APG payable, or payable under another fee schedule like ASP/AWP pays at 30% of charges",8427,,,,,,,Case Rate,". Primary procedure pays at 100%, all subsequent at 50%.",3328.19,,,,,,,Case Rate,"100 Percent of Medicaid APG. Not APG payable, or payable under another fee schedule like ASP/AWP pays at 30% of charges",3837.52,,,,,,,Case Rate,"100%Medicare OPPS FS. ",8427,,,,,,,Case Rate,". Primary procedure pays at 100%, all subsequent at 50%.",,78,,,,,0,percent of total billed charges,78% of Billed Charges. Lesser of 100% of billed charges applies.; No services were performed during the 15 month look back period.,3328.19,,,,,,,Case Rate,"100 Percent of Medicaid APG. ",3328.19,,,,,,,Case Rate,"100 Percent of Medicaid APG. ",,78,,,,,0,percent of total billed charges,78% of Billed Charges. Lesser of 100% of billed charges applies.; No services were performed during the 15 month look back period.,6487,,,,,,,Case Rate,". MPL 100/50/25% maxmium of 3 procedures. All add ons apply, and lesser of 100% of billed charges",7929,,,,,,,Case Rate,". MPL 100/50/25% all add ons apply, and lesser of 100% of billed charges",7929,,,,,,,Case Rate,". MPL 100/50/25% all add ons apply, and lesser of 100% of billed charges",,78,,,,,0,percent of total billed charges,78% of Billed Charges. Lesser of 100% of billed charges applies.; No services were performed during the 15 month look back period.,3837.52,,,,,,,Case Rate,"100% Medicare OPPS FS. ",9024.56,,,,,,,Case Rate,". MPL 100/50/25% all add ons apply, and lesser of 100% of billed charges",9024.56,,,,,,,Case Rate,". MPL 100/50/25% all add ons apply, and lesser of 100% of billed charges",9024.56,,,,,,,Case Rate,". MPL 100/50/25% all add ons apply, and lesser of 100% of billed charges",3837.52,,,,,,,Case Rate,"100% Medicare OPPS FS. ",9024.56,,,,,,,Case Rate,". MPL 100/50/25% all add ons apply, and lesser of 100% of billed charges",9024.56,,,,,,,Case Rate,". MPL 100/50/25% all add ons apply, and lesser of 100% of billed charges",3837.52,,,,,,,Case Rate,"100% of Medicare OPPS. ",25798,,,,,,,Case Rate,". MPL 100/75/50% all add ons apply, and lesser of 100% of billed charges",10351,,,,,,,Case Rate,". MPL 100/50/25% all add ons apply, and lesser of 100% of billed charges",10351,,,,,,,Case Rate,". MPL 100/50/25% all add ons apply, and lesser of 100% of billed charges",10351,,,,,,,Case Rate,". MPL 100/50/25% all add ons apply, and lesser of 100% of billed charges",10351,,,,,,,Case Rate,". MPL 100/50/25% all add ons apply, and lesser of 100% of billed charges",10351,,,,,,,Case Rate,". MPL 100/50/25% all add ons apply, and lesser of 100% of billed charges",10351,,,,,,,Case Rate,". MPL 100/50/25% all add ons apply, and lesser of 100% of billed charges",3837.52,,,,,,,Case Rate,"100% Medicare OPPS FS. ",3837.52,,,,,,,Case Rate,"100% Medicare OPPS FS. ",10351,,,,,,,Case Rate,". MPL 100/50/25% all add ons apply, and lesser of 100% of billed charges",,78,,,,,0,percent of total billed charges,78% of Billed Charges. Lesser of 100% of billed charges applies.; No services were performed during the 15 month look back period.,,78,,,,,0,percent of total billed charges,78% of Billed Charges. Lesser of 100% of billed charges applies.; No services were performed during the 15 month look back period.,,78,,,,,0,percent of total billed charges,78% of Billed Charges. Lesser of 100% of billed charges applies.; No services were performed during the 15 month look back period.,,78,,,,,0,percent of total billed charges,78% of Billed Charges. Lesser of 100% of billed charges applies.; No services were performed during the 15 month look back period.,,78,,,,,0,percent of total billed charges,78% of Billed Charges. Lesser of 100% of billed charges applies.; No services were performed during the 15 month look back period.,,78,,,,,0,percent of total billed charges,78% of Billed Charges. Lesser of 100% of billed charges applies.; No services were performed during the 15 month look back period.,,78,,,,,0,percent of total billed charges,78% of Billed Charges. Lesser of 100% of billed charges applies.; No services were performed during the 15 month look back period.,,78,,,,,0,percent of total billed charges,78% of Billed Charges. Lesser of 100% of billed charges applies.; No services were performed during the 15 month look back period.,,78,,,,,0,percent of total billed charges,78% of Billed Charges. Lesser of 100% of billed charges applies.; No services were performed during the 15 month look back period.,,78,,,,,0,percent of total billed charges,78% of Billed Charges. Lesser of 100% of billed charges applies.; No services were performed during the 15 month look back period.,,78,,,,,0,percent of total billed charges,78% of Billed Charges. Lesser of 100% of billed charges applies.; No services were performed during the 15 month look back period.,,78,,,,,0,percent of total billed charges,78% of Billed Charges. Lesser of 100% of billed charges applies.; No services were performed during the 15 month look back period.,,78,,,,,0,percent of total billed charges,78% of Billed Charges. Lesser of 100% of billed charges applies.; No services were performed during the 15 month look back period.,,78,,,,,0,percent of total billed charges,78% of Billed Charges. Lesser of 100% of billed charges applies.; No services were performed during the 15 month look back period.,,78,,,,,0,percent of total billed charges,78% of Billed Charges. Lesser of 100% of billed charges applies.; No services were performed during the 15 month look back period.,,78,,,,,0,percent of total billed charges,78% of Billed Charges. Lesser of 100% of billed charges applies.; No services were performed during the 15 month look back period.,,78,,,,,0,percent of total billed charges,78% of Billed Charges. Lesser of 100% of billed charges applies.; No services were performed during the 15 month look back period.,,78,,,,,0,percent of total billed charges,78% of Billed Charges. Lesser of 100% of billed charges applies.; No services were performed during the 15 month look back period.,,78,,,,,0,percent of total billed charges,78% of Billed Charges. Lesser of 100% of billed charges applies.; No services were performed during the 15 month look back period.,,78,,,,,0,percent of total billed charges,78% of Billed Charges. Lesser of 100% of billed charges applies.; No services were performed during the 15 month look back period.,,78,,,,,0,percent of total billed charges,78% of Billed Charges. Lesser of 100% of billed charges applies.; No services were performed during the 15 month look back period.,,78,,,,,0,percent of total billed charges,78% of Billed Charges. Lesser of 100% of billed charges applies.; No services were performed during the 15 month look back period.,,78,,,,,0,percent of total billed charges,78% of Billed Charges. Lesser of 100% of billed charges applies.; No services were performed during the 15 month look back period.,,78,,,,,0,percent of total billed charges,78% of Billed Charges. Lesser of 100% of billed charges applies.; No services were performed during the 15 month look back period.,,78,,,,,0,percent of total billed charges,78% of Billed Charges. Lesser of 100% of billed charges applies.; No services were performed during the 15 month look back period.,,78,,,,,0,percent of total billed charges,78% of Billed Charges. Lesser of 100% of billed charges applies.; No services were performed during the 15 month look back period.,8427,,,,,,,Case Rate,". Primary procedure pays at 100%, all subsequent at 50%.",8427,,,,,,,Case Rate,". Primary procedure pays at 100%, all subsequent at 50%.",8427,,,,,,,Case Rate,". Primary procedure pays at 100%, all subsequent at 50%.",8427,,,,,,,Case Rate,". Primary procedure pays at 100%, all subsequent at 50%.",12574,,,,,,,Case Rate,". Primary procedure pays at 100%, all subsequent at 50%.",12574,,,,,,,Case Rate,". Primary procedure pays at 100%, all subsequent at 50%.",6487,,,,,,,Case Rate,". MPL 100/50/25% maxmium of 3 procedures. All add ons apply, and lesser of 100% of billed charges",10351,,,,,,,Case Rate,". MPL 100/50/25% all add ons apply, and lesser of 100% of billed charges",9024.56,,,,,,,Case Rate,". MPL 100/50/25% all add ons apply, and lesser of 100% of billed charges",10351,,,,,,,Case Rate,". MPL 100/50/25% all add ons apply, and lesser of 100% of billed charges",,78,,,,,0,percent of total billed charges,78% of Billed Charges. Lesser of 100% of billed charges applies.; No services were performed during the 15 month look back period.,12574,,,,,,,Case Rate,". Primary procedure pays at 100%, all subsequent at 50%.",10351,,,,,,,Case Rate,". MPL 100/50/25% all add ons apply, and lesser of 100% of billed charges",9024.56,,,,,,,Case Rate,". MPL 100/50/25% all add ons apply, and lesser of 100% of billed charges",6487,,,,,,,Case Rate,". MPL 100/50/25% maxmium of 3 procedures. All add ons apply, and lesser of 100% of billed charges",,,,,,,,,"NA. ",,78,,,,,0,percent of total billed charges,78% of Billed Charges. Lesser of 100% of billed charges applies.; No services were performed during the 15 month look back period.,3328.19,,,,,,,Case Rate,"100 Percent of Medicaid APG. ",8427,,,,,,,Case Rate,". Primary procedure pays at 100%, all subsequent at 50%.",3328.19,,,,,,,Case Rate,"100 Percent of Medicaid APG. Not APG payable, or payable under another fee schedule like ASP/AWP pays at 30% of charges",3837.52,,,,,,,Case Rate,"100%Medicare OPPS FS. ",3837.52,,,,,,,Case Rate,"100% Medicare OPPS FS. ",25798,,,,,,,Case Rate,". MPL 100/75/50% all add ons apply, and lesser of 100% of billed charges",3837.52,,,,,,,Case Rate,"100% Medicare OPPS FS. ",3837.52,,,,,,,Case Rate,"100% Medicare OPPS FS. ",3328.19,,,,,,,Case Rate,"100 Percent of Medicaid APG. ",3837.52,,,,,,,Case Rate,"100% Medicare OPPS FS. ",3837.52,,,,,,,Case Rate,"100% Medicare OPPS FS. ",8442,,,,,,,Case Rate,". Primary procedure pays at 100%, secondary at 50%, all subsequent at 25%.  Lesser of applies when negotiated rates exceed charges less addons.",8442,,,,,,,Case Rate,". Primary procedure pays at 100%, secondary at 50%, all subsequent at 25%.  Lesser of applies when negotiated rates exceed charges less addons.",3837.52,,,,,,,Case Rate,"100% Medicare OPPS FS. ",6487,,,,,,,Case Rate,". MPL 100/50/25% maxmium of 3 procedures. All add ons apply, and lesser of 100% of billed charges",9024.56,,,,,,,Case Rate,". MPL 100/50/25% all add ons apply, and lesser of 100% of billed charges",9024.56,,,,,,,Case Rate,". MPL 100/50/25% all add ons apply, and lesser of 100% of billed charges",3837.52,,,,,,,Case Rate,"100% Medicare OPPS FS. ",6487,,,,,,,Case Rate,". MPL 100/50/25% maxmium of 3 procedures. All add ons apply, and lesser of 100% of billed charges",8442,,,,,,,Case Rate,". Primary procedure pays at 100%, secondary at 50%, all subsequent at 25%.  Lesser of applies when negotiated rates exceed charges less addons.",8442,,,,,,,Case Rate,". Primary procedure pays at 100%, secondary at 50%, all subsequent at 25%.  Lesser of applies when negotiated rates exceed charges less addons.",8442,,,,,,,Case Rate,". Primary procedure pays at 100%, secondary at 50%, all subsequent at 25%.  Lesser of applies when negotiated rates exceed charges less addons.",,78,,,,,0,percent of total billed charges,78% of Billed Charges. Lesser of 100% of billed charges applies.; No services were performed during the 15 month look back period.,,78,,,,,0,percent of total billed charges,78% of Billed Charges. Lesser of 100% of billed charges applies.; No services were performed during the 15 month look back period.,,78,,,,,0,percent of total billed charges,78% of Billed Charges. Lesser of 100% of billed charges applies.; No services were performed during the 15 month look back period.,,78,,,,,0,percent of total billed charges,78% of Billed Charges. Lesser of 100% of billed charges applies.; No services were performed during the 15 month look back period.,,78,,,,,0,percent of total billed charges,78% of Billed Charges. Lesser of 100% of billed charges applies.; No services were performed during the 15 month look back period.,,78,,,,,0,percent of total billed charges,78% of Billed Charges. Lesser of 100% of billed charges applies.; No services were performed during the 15 month look back period.,,78,,,,,0,percent of total billed charges,78% of Billed Charges. Lesser of 100% of billed charges applies.; No services were performed during the 15 month look back period.,,78,,,,,0,percent of total billed charges,78% of Billed Charges. Lesser of 100% of billed charges applies.; No services were performed during the 15 month look back period.,,78,,,,,0,percent of total billed charges,78% of Billed Charges. Lesser of 100% of billed charges applies.; No services were performed during the 15 month look back period.,,78,,,,,0,percent of total billed charges,78% of Billed Charges. Lesser of 100% of billed charges applies.; No services were performed during the 15 month look back period.,,78,,,,,0,percent of total billed charges,78% of Billed Charges. Lesser of 100% of billed charges applies.; No services were performed during the 15 month look back period.,12574,,,,,,,Case Rate,". Primary procedure pays at 100%, all subsequent at 50%.",10351,,,,,,,Case Rate,". MPL 100/50/25% all add ons apply, and lesser of 100% of billed charges",6487,,,,,,,Case Rate,". MPL 100/50/25% maxmium of 3 procedures. All add ons apply, and lesser of 100% of billed charges",3837.52,,,,,,,Case Rate,"100% Medicare OPPS FS. ",8442,,,,,,,Case Rate,". Primary procedure pays at 100%, secondary at 50%, all subsequent at 25%.  Lesser of applies when negotiated rates exceed charges less addons.",6487,,,,,,,Case Rate,". MPL 100/50/25% maxmium of 3 procedures. All add ons apply, and lesser of 100% of billed charges",6487,,,,,,,Case Rate,". MPL 100/50/25% maxmium of 3 procedures. All add ons apply, and lesser of 100% of billed charges",,78,,,,,0,percent of total billed charges,78% of Billed Charges. Lesser of 100% of billed charges applies.; No services were performed during the 15 month look back period.,7122.32,,,,,,,Case Rate,"214 Percent of Medicaid APG. Drugs not priced under APG, billed with revenue code 636 and not priced by Medicare ASP FeeSched will be reimbursed at 20% of charges.",6487,,,,,,,Case Rate,". MPL 100/50/25% maxmium of 3 procedures. All add ons apply, and lesser of 100% of billed charges",3328.19,,,,,,,Case Rate,"100 Percent of Medicaid APG. ",3837.52,,,,,,,Case Rate,"100% Medicare OPPS FS. ",3837.52,,,,,,,Case Rate,"100% Medicare OPPS FS. ",3837.52,,,,,,,Case Rate,"100% Medicare OPPS FS. ",3837.52,,,,,,,Case Rate,"100% Medicare OPPS FS. ",3837.52,,,,,,,Case Rate,"100% Medicare OPPS FS. ",3837.52,,,,,,,Case Rate,"100% Medicare OPPS FS. ",6487,,,,,,,Case Rate,". MPL 100/50/25% maxmium of 3 procedures. All add ons apply, and lesser of 100% of billed charges",25798,,,,,,,Case Rate,". MPL 100/75/50% all add ons apply, and lesser of 100% of billed charges",5990.74,,,,,,,Fee Schedule,"180 Percent of Medicaid APG. ",5990.74,,,,,,,Fee Schedule,"180 Percent of Medicaid APG. ",5990.74,,,,,,,Fee Schedule,"180 Percent of Medicaid APG. ",5990.74,,,,,,,Fee Schedule,"180 Percent of Medicaid APG. ",5990.74,,,,,,,Fee Schedule,"180 Percent of Medicaid APG. ",,,,,,,,,"NA. ",25798,,,,,,,Case Rate,". MPL 100/75/50% all add ons apply, and lesser of 100% of billed charges",7598.3,,,,,,,Case Rate,198 Percent of Medicare OPPS. Metroplus will reimburse unlisted codes and described codes with no Medicare rate at 50 percent of charges.,7598.3,,,,,,,Case Rate,198 Percent of Medicare OPPS. Metroplus will reimburse unlisted codes and described codes with no Medicare rate at 50 percent of charges.,7598.3,,,,,,,Case Rate,198 Percent of Medicare OPPS. Metroplus will reimburse unlisted codes and described codes with no Medicare rate at 50 percent of charges.,7598.3,,,,,,,Case Rate,198 Percent of Medicare OPPS. Metroplus will reimburse unlisted codes and described codes with no Medicare rate at 50 percent of charges.,7598.3,,,,,,,Case Rate,198 Percent of Medicare OPPS. Metroplus will reimburse unlisted codes and described codes with no Medicare rate at 50 percent of charges.,3837.52,,,,,,,Case Rate,"100% Medicare OPPS FS. ",12574,,,,,,,Case Rate,". Primary procedure pays at 100%, all subsequent at 50%.",12574,,,,,,,Case Rate,". Primary procedure pays at 100%, all subsequent at 50%.",12574,,,,,,,Case Rate,". Primary procedure pays at 100%, all subsequent at 50%.",12574,,,,,,,Case Rate,". Primary procedure pays at 100%, all subsequent at 50%.",8442,,,,,,,Case Rate,". Primary procedure pays at 100%, secondary at 50%, all subsequent at 25%.  Lesser of applies when negotiated rates exceed charges less addons.",8442,,,,,,,Case Rate,". Primary procedure pays at 100%, secondary at 50%, all subsequent at 25%.  Lesser of applies when negotiated rates exceed charges less addons.",8442,,,,,,,Case Rate,". Primary procedure pays at 100%, secondary at 50%, all subsequent at 25%.  Lesser of applies when negotiated rates exceed charges less addons.",8442,,,,,,,Case Rate,". Primary procedure pays at 100%, secondary at 50%, all subsequent at 25%.  Lesser of applies when negotiated rates exceed charges less addons.",25798,,,,,,,Case Rate,". MPL 100/75/50% all add ons apply, and lesser of 100% of billed charges",25798,,,,,,,Case Rate,". MPL 100/75/50% all add ons apply, and lesser of 100% of billed charges",3837.52,,,,,,,Case Rate,"100% Medicare OPPS FS. ",3837.52,,,,,,,Case Rate,"100% Medicare OPPS FS. ",3837.52,,,,,,,Case Rate,"100% Medicare OPPS FS. ",10351,,,,,,,Case Rate,". MPL 100/50/25% all add ons apply, and lesser of 100% of billed charges",10351,,,,,,,Case Rate,". MPL 100/50/25% all add ons apply, and lesser of 100% of billed charges",10351,,,,,,,Case Rate,". MPL 100/50/25% all add ons apply, and lesser of 100% of billed charges",25798,,,,,,,Case Rate,". MPL 100/75/50% all add ons apply, and lesser of 100% of billed charges",8442,,,,,,,Case Rate,". Primary procedure pays at 100%, secondary at 50%, all subsequent at 25%.  Lesser of applies when negotiated rates exceed charges less addons.",3837.52,,,,,,,Case Rate,"100% Medicare OPPS FS. ",10351,,,,,,,Case Rate,". MPL 100/50/25% all add ons apply, and lesser of 100% of billed charges",3328.19,,,,,,,Case Rate,"100 Percent of Medicaid APG. ",3914.28,,,,,,,Case Rate,"102% of Medicare OPPS. ",3914.28,,,,,,,Case Rate,"102% of Medicare OPPS. ",3914.28,,,,,,,Case Rate,"102% of Medicare OPPS. ",3328.19,,,,,,,Case rate,"100 Percent of Medicaid APG. ",7488.43,,,,,,,Case Rate,225% of NYS APG. Lesser of 100% of billed charges applies.,7488.43,,,,,,,Case Rate,225% of NYS APG. Lesser of 100% of billed charges applies.,7488.43,,,,,,,Case Rate,225% of NYS APG. Lesser of 100% of billed charges applies.,7488.43,,,,,,,Case Rate,225% of NYS APG. Lesser of 100% of billed charges applies.,7488.43,,,,,,,Case Rate,225% of NYS APG. Lesser of 100% of billed charges applies.,3914.28,,,,,,,Case Rate,"102% of Medicare OPPS. ",3328.19,,,,,,,Case Rate,"100 Percent of Medicaid APG. ",1103.36,,,,,,,Case Rate,100% of PAS. Lesser of 100% of billed charges applies.,7488.43,,,,,,,Case Rate,225% of NYS APG. Lesser of 100% of billed charges applies.,7488.43,,,,,,,Case Rate,225% of NYS APG. Lesser of 100% of billed charges applies.,1103.36,,,,,,,Case Rate,100% of PAS. Lesser of 100% of billed charges applies.,1103.36,,,,,,,Case Rate,100% of PAS. Lesser of 100% of billed charges applies.,5990.74,,,,,,,Fee Schedule,"180 Percent of Medicaid APG. ",3837.52,,,,,,,Case Rate,"100% Medicare OPPS FS. ",3837.52,,,,,,,Case Rate,"100% Medicare OPPS FS. ",8442,,,,,,,Case Rate,". Primary procedure pays at 100%, secondary at 50%, all subsequent at 25%.  Lesser of applies when negotiated rates exceed charges less addons.",3837.52,,,,,,,Case Rate,"100% Medicare OPPS FS. ",7488.43,,,,,,,Case Rate,"225 Percent of Medicaid APG. ",7488.43,,,,,,,Case Rate,"225 Percent of Medicaid APG. ",3328.19,,,,,,,Case rate,"100 Percent of Medicaid APG. ",3328.19,,,,,,,Case rate,"100 Percent of Medicaid APG. ",7488.43,,,,,,,Case Rate,225 Percent of Medicaid APG. Covered services not payable under Medicaid Fee Schedules default to a payment of 87.5 percent of charges.,3328.19,,,,,,,Case rate,124 Percent of Medicaid APG. Covered services not payable under Medicaid Fee Schedules default to a payment of 50 percent of charges.,7488.43,,,,,,,Case Rate,"100 Percent of Medicaid APG. ",7488.43,,,,,,,Case Rate,"100 Percent of Medicaid APG. ",7488.43,,,,,,,Case Rate,"100 Percent of Medicaid APG. ",7488.43,,,,,,,Case Rate,"100 Percent of Medicaid APG. ",13453,,,,,,,Case Rate,". MPL 100/75/50% all add ons apply, and lesser of 100% of billed charges",25798,,,,,,,Case Rate,". MPL 100/75/50% all add ons apply, and lesser of 100% of billed charges",3993.83,,,,,,,Case Rate,"120 Percent of Medicaid APG. Not APG payable, or payable under another fee schedule like ASP/AWP pays at 30% of charges",3993.83,,,,,,,Case Rate,"120 Percent of Medicaid APG. Not APG payable, or payable under another fee schedule like ASP/AWP pays at 30% of charges",3328.19,,,,,,,Case Rate,"100 Percent of Medicaid APG. Not APG payable, or payable under another fee schedule like ASP/AWP pays at 30% of charges",3328.19,,,,,,,Case Rate,"100 Percent of Medicaid APG. Not APG payable, or payable under another fee schedule like ASP/AWP pays at 30% of charges",10351,,,,,,,Case Rate,". MPL 100/50/25% all add ons apply, and lesser of 100% of billed charges",10351,,,,,,,Case Rate,". MPL 100/50/25% all add ons apply, and lesser of 100% of billed charges",3837.52,,,,,,,Case Rate,"100% Medicare OPPS FS. ",10351,,,,,,,Case Rate,". MPL 100/50/25% all add ons apply, and lesser of 100% of billed charges",10351,,,,,,,Case Rate,". MPL 100/50/25% all add ons apply, and lesser of 100% of billed charges",10351,,,,,,,Case Rate,". MPL 100/50/25% all add ons apply, and lesser of 100% of billed charges",10351,,,,,,,Case Rate,". MPL 100/50/25% all add ons apply, and lesser of 100% of billed charges",3837.52,,,,,,,Case Rate,"100% Medicare OPPS FS. ",10351,,,,,,,Case Rate,". MPL 100/50/25% all add ons apply, and lesser of 100% of billed charges",10351,,,,,,,Case Rate,". MPL 100/50/25% all add ons apply, and lesser of 100% of billed charges",8442,,,,,,,Case Rate,". Primary procedure pays at 100%, secondary at 50%, all subsequent at 25%.  Lesser of applies when negotiated rates exceed charges less addons.",3328.19,,,,,,,Fee Schedule,100% APG. Lesser of 100% of billed charges applies.,3328.19,,,,,,,Case rate,124 Percent of Medicaid APG. Covered services not payable under Medicaid Fee Schedules default to a payment of 50 percent of charges.,7488.43,,,,,,,Case Rate,225% of NYS APG. Lesser of 100% of billed charges applies.,7488.43,,,,,,,Case Rate,225 Percent of Medicaid APG. Covered services not payable under Medicaid Fee Schedules default to a payment of 87.5 percent of charges.,3328.19,,,,,,,Case rate,124 Percent of Medicaid APG. Covered services not payable under Medicaid Fee Schedules default to a payment of 50 percent of charges.,7488.43,,,,,,,Case Rate,225% of NYS APG. Lesser of 100% of billed charges applies.,7488.43,,,,,,,Case Rate,225% of NYS APG. Lesser of 100% of billed charges applies.,7488.43,,,,,,,Case Rate,225% of NYS APG. Lesser of 100% of billed charges applies.,7488.43,,,,,,,Case Rate,225% of NYS APG. Lesser of 100% of billed charges applies.,7488.43,,,,,,,Case Rate,225% of NYS APG. Lesser of 100% of billed charges applies.,7488.43,,,,,,,Case Rate,225% of NYS APG. Lesser of 100% of billed charges applies.,,,,,,,,,"NA. ",,,,,,,,,"NA. ",,,,,,,,,"NA. ",6487,,,,,,,Case Rate,". MPL 100/50/25% maxmium of 3 procedures. All add ons apply, and lesser of 100% of billed charges",,,,,,,,,"NA. ",3837.52,,,,,,,Case Rate,"100% Medicare OPPS FS. ",5941,,,,,,,Case Rate,". MPL 1st 100% of Payment Rate 50% of all others, all add ons apply, and lesser of 100% of billed charges.",3837.52,,,,,,,Case Rate,"100% Medicare OPPS FS. ",3837.52,,,,,,,Case Rate,"100% Medicare OPPS FS. ",3993.83,,,,,,,Case Rate,"120 Percent of Medicaid APG. Not APG payable, or payable under another fee schedule like ASP/AWP pays at 30% of charges",3993.83,,,,,,,Case Rate,"120 Percent of Medicaid APG. Not APG payable, or payable under another fee schedule like ASP/AWP pays at 30% of charges",3328.19,,,,,,,Case Rate,"100 Percent of Medicaid APG. Not APG payable, or payable under another fee schedule like ASP/AWP pays at 30% of charges",3328.19,,,,,,,Case Rate,"100 Percent of Medicaid APG. Not APG payable, or payable under another fee schedule like ASP/AWP pays at 30% of charges",3328.19,,,,,,,Case Rate,"100 Percent of Medicaid APG. ",7163,,,,,,,Case Rate,". ",8442,,,,,,,Case Rate,". Primary procedure pays at 100%, secondary at 50%, all subsequent at 25%.  Lesser of applies when negotiated rates exceed charges less addons.",8427,,,,,,,Case Rate,". Primary procedure pays at 100%, all subsequent at 50%.",6487,,,,,,,Case Rate,". MPL 100/50/25% maxmium of 3 procedures. All add ons apply, and lesser of 100% of billed charges",3837.52,,,,,,,Case Rate,"100%Medicare OPPS FS. ",3837.52,,,,,,,Case Rate,"100% Medicare OPPS FS. ",3837.52,,,,,,,Case Rate,"100% Medicare OPPS FS. ",3837.52,,,,,,,Case Rate,"100% Medicare OPPS FS. ",3837.52,,,,,,,Case Rate,"100%Medicare OPPS FS. ",3837.52,,,,,,,Case Rate,"100% Medicare OPPS FS. ",,,,,,,,,"NA. ",7488.43,,,,,,,Case Rate,225% of NYS APG. Lesser of 100% of billed charges applies.,1103.36,,,,,,,Case Rate,100% of PAS. Lesser of 100% of billed charges applies.,10351,,,,,,,Case Rate,". MPL 100/50/25% all add ons apply, and lesser of 100% of billed charges",7163,,,,,,,Case Rate,". ",7163,,,,,,,Case Rate,". ",7163,,,,,,,Case Rate,". ",7163,,,,,,,Case Rate,". ",3837.52,,,,,,,Case Rate,"100% Medicare OPPS FS. ",3328.19,,,,,,,Case Rate,"100 Percent of Medicaid APG. ",10351,,,,,,,Case Rate,". MPL 100/50/25% all add ons apply, and lesser of 100% of billed charges",3328.19,,,,,,,Case Rate,"100 Percent of Medicaid APG. ",3837.52,,,,,,,Case Rate,"100% Medicare OPPS FS. ",3328.19,,,,,,,Case Rate,"100 Percent of Medicaid APG. ",3837.52,,,,,,,Case Rate,"100% Medicare OPPS FS. ",3837.52,,,,,,,Case Rate,"100% Medicare OPPS FS. ",3328.19,,,,,,,Case Rate,"100 Percent of Medicaid APG. ",3328.19,,,,,,,Case Rate,"100 Percent of Medicaid APG. ",7163,,,,,,,Case Rate,". ",6487,,,,,,,Case Rate,". MPL 100/50/25% maxmium of 3 procedures. All add ons apply, and lesser of 100% of billed charges",,78,,,,,0,percent of total billed charges,78% of Billed Charges. Lesser of 100% of billed charges applies.; No services were performed during the 15 month look back period.,9024.56,,,,,,,Case Rate,". MPL 100/50/25% all add ons apply, and lesser of 100% of billed charges",9024.56,,,,,,,Case Rate,". MPL 100/50/25% all add ons apply, and lesser of 100% of billed charges",8442,,,,,,,Case Rate,". Primary procedure pays at 100%, secondary at 50%, all subsequent at 25%.  Lesser of applies when negotiated rates exceed charges less addons.",1338.99,,,,,,,Case Rate,"83% HF Fee schedule. ",12574,,,,,,,Case Rate,". Primary procedure pays at 100%, all subsequent at 50%.",12574,,,,,,,Case Rate,". Primary procedure pays at 100%, all subsequent at 50%.",8281,,,,,,,Case Rate,". MPL 100/50/25% all add ons apply, and lesser of 100% of billed charges",8281,,,,,,,Case Rate,". MPL 100/50/25% all add ons apply, and lesser of 100% of billed charges",3837.52,,,,,,,Case Rate,"100% Medicare OPPS FS. ",3837.52,,,,,,,Case Rate,"100% Medicare OPPS FS. ",3837.52,,,,,,,Case Rate,"100% Medicare OPPS FS. ",3837.52,,,,,,,Case Rate,"100% Medicare OPPS FS. ",9024.56,,,,,,,Case Rate,". MPL 100/50/25% all add ons apply, and lesser of 100% of billed charges",10351,,,,,,,Case Rate,". MPL 100/50/25% all add ons apply, and lesser of 100% of billed charges",10351,,,,,,,Case Rate,". MPL 100/50/25% all add ons apply, and lesser of 100% of billed charges",3837.52,,,,,,,Case Rate,"100% Medicare OPPS FS. ",8281,,,,,,,Case Rate,". MPL 100/50/25% all add ons apply, and lesser of 100% of billed charges",8427,,,,,,,Case Rate,". Primary procedure pays at 100%, all subsequent at 50%.",3993.83,,,,,,,Fee Schedule,"120 Percent of Medicaid APG. ",3328.19,,,,,,,Case Rate,"100 Percent of Medicaid APG. ",7163,,,,,,,Case Rate,". ",9316,,,,,,,Case Rate,". MPL 100/50/25% all add ons apply, and lesser of 100% of billed charges",9316,,,,,,,Case Rate,". MPL 100/50/25% all add ons apply, and lesser of 100% of billed charges",10351,,,,,,,Case Rate,". MPL 100/50/25% all add ons apply, and lesser of 100% of billed charges",14948,,,,,,,Case Rate,". MPL 100/75/50% all add ons apply, and lesser of 100% of billed charges",3837.52,,,,,,,Case Rate,"100%Medicare OPPS FS. ",3494.6,,,,,,,Fee Schedule,105 percent of Medicaid APG. otherwise 105% of Ordered NYS MCD FS or 105% of ASP+6%,3494.6,,,,,,,Fee Schedule,105 percent of Medicaid APG. otherwise 105% of Ordered NYS MCD FS or 105% of ASP+6%,3494.6,,,,,,,Fee Schedule,105 percent of Medicaid APG. otherwise 105% of Ordered NYS MCD FS or 105% of ASP+6%,4493.06,,,,,,,Fee Schedule,135 percent of Medicaid APG. otherwise 135% of Ordered NYS MCD FS or 135% of ASP+6%,9024.56,,,,,,,Case Rate,". MPL 100/50/25% all add ons apply, and lesser of 100% of billed charges",3494.6,,,,,,,Fee Schedule,105 percent of Medicaid APG. otherwise 105% of Ordered NYS MCD FS or 105% of ASP+6%,3494.6,,,,,,,Fee Schedule,105 percent of Medicaid APG. otherwise 105% of Ordered NYS MCD FS or 105% of ASP+6%,3494.6,,,,,,,Fee Schedule,105 percent of Medicaid APG. otherwise 105% of Ordered NYS MCD FS or 105% of ASP+6%,3494.6,,,,,,,Fee Schedule,105 percent of Medicaid APG. otherwise 105% of Ordered NYS MCD FS or 105% of ASP+6%,3494.6,,,,,,,Fee Schedule,105 percent of Medicaid APG. otherwise 105% of Ordered NYS MCD FS or 105% of ASP+6%,4493.06,,,,,,,Fee Schedule,135 percent of Medicaid APG. otherwise 135% of Ordered NYS MCD FS or 135% of ASP+6%,4493.06,,,,,,,Fee Schedule,135 percent of Medicaid APG. otherwise 135% of Ordered NYS MCD FS or 135% of ASP+6%,3837.52,,,,,,,Case Rate,"100% Medicare OPPS FS. ",9024.56,,,,,,,Case Rate,". MPL 100/50/25% all add ons apply, and lesser of 100% of billed charges",3837.52,,,,,,,Case Rate,"100% Medicare OPPS FS. ",3494.6,,,,,,,Fee Schedule,105 percent of Medicaid APG. otherwise 105% of Ordered NYS MCD FS or 105% of ASP+6%,10351,,,,,,,Case Rate,". MPL 100/50/25% all add ons apply, and lesser of 100% of billed charges",3837.52,,,,,,,Case Rate,"100% Medicare OPPS FS. ",10351,,,,,,,Case Rate,". MPL 100/50/25% all add ons apply, and lesser of 100% of billed charges",10351,,,,,,,Case Rate,". MPL 100/50/25% all add ons apply, and lesser of 100% of billed charges",10351,,,,,,,Case Rate,". MPL 100/50/25% all add ons apply, and lesser of 100% of billed charges",3494.6,,,,,,,Fee Schedule,105 percent of Medicaid APG. otherwise 105% of Ordered NYS MCD FS or 105% of ASP+6%,3837.52,,,,,,,Case Rate,"100% Medicare OPPS FS. ",10351,,,,,,,Case Rate,". MPL 100/50/25% all add ons apply, and lesser of 100% of billed charges",4493.06,,,,,,,Fee Schedule,135 percent of Medicaid APG. otherwise 135% of Ordered NYS MCD FS or 135% of ASP+6%,10351,,,,,,,Case Rate,". MPL 100/50/25% all add ons apply, and lesser of 100% of billed charges",,200,,,,,0,Case Rate,200% of Medicare OPPS. ; No services were performed during the 15 month look back period.,3837.52,,,,,,,Case Rate,"100%Medicare OPPS FS. ",7163,,,,,,,Case Rate,". ",7163,,,,,,,Case Rate,". ",7163,,,,,,,Case Rate,". ",7163,,,,,,,Case Rate,". ",7163,,,,,,,Case Rate,". ",8427,,,,,,,Case Rate,". Primary procedure pays at 100%, all subsequent at 50%.",8427,,,,,,,Case Rate,". Primary procedure pays at 100%, all subsequent at 50%.",7163,,,,,,,Case Rate,". ",7163,,,,,,,Case Rate,". ",7163,,,,,,,Case Rate,". ",7163,,,,,,,Case Rate,". ",7163,,,,,,,Case Rate,". ",3837.52,,,,,,,Case Rate,"100% Medicare OPPS FS. ",8427,,,,,,,Case Rate,". Primary procedure pays at 100%, all subsequent at 50%.",3837.52,,,,,,,Case Rate,"100% Medicare OPPS FS. ",7488.43,,,,,,,Case Rate,"225 Percent of Medicaid APG. If not included in Medicaid APG, then 100 Percent of Manhattan Medicare",3328.19,,,,,,,Case Rate,"100 Percent of Medicaid APG. ",9024.56,,,,,,,Case Rate,". MPL 100/50/25% all add ons apply, and lesser of 100% of billed charges",9024.56,,,,,,,Case Rate,". MPL 100/50/25% all add ons apply, and lesser of 100% of billed charges",3837.52,,,,,,,Case Rate,"100% Medicare OPPS FS. ",12574,,,,,,,Case Rate,". Primary procedure pays at 100%, all subsequent at 50%.",3837.52,,,,,,,Case Rate,"100% Medicare OPPS FS. ",3837.52,,,,,,,Case Rate,"100% Medicare OPPS FS. ",8442,,,,,,,Case Rate,". Primary procedure pays at 100%, secondary at 50%, all subsequent at 25%.  Lesser of applies when negotiated rates exceed charges less addons.",3837.52,,,,,,,Case Rate,"100% Medicare OPPS FS. ",6487,,,,,,,Case Rate,". MPL 100/50/25% maxmium of 3 procedures. All add ons apply, and lesser of 100% of billed charges",3837.52,,,,,,,Case Rate,"100% Medicare OPPS FS. ",6487,,,,,,,Case Rate,". MPL 100/50/25% maxmium of 3 procedures. All add ons apply, and lesser of 100% of billed charges",8442,,,,,,,Case Rate,". Primary procedure pays at 100%, secondary at 50%, all subsequent at 25%.  Lesser of applies when negotiated rates exceed charges less addons.",6487,,,,,,,Case Rate,". MPL 100/50/25% maxmium of 3 procedures. All add ons apply, and lesser of 100% of billed charges",3837.52,,,,,,,Case Rate,"100% Medicare OPPS FS. ",3328.19,,,,,,,Case Rate,"100 Percent of Medicaid APG. ",3837.52,,,,,,,Case Rate,"100% Medicare OPPS FS. ",6487,,,,,,,Case Rate,". MPL 100/50/25% maxmium of 3 procedures. All add ons apply, and lesser of 100% of billed charges",9024.56,,,,,,,Case Rate,". MPL 100/50/25% all add ons apply, and lesser of 100% of billed charges",3328.19,,,,,,,Case Rate,"100 Percent of Medicaid APG. ",10351,,,,,,,Case Rate,". MPL 100/50/25% all add ons apply, and lesser of 100% of billed charges",3993.83,,,,,,,Fee Schedule,"120 Percent of Medicaid APG. ",3993.83,,,,,,,Fee Schedule,"120 Percent of Medicaid APG. ",10351,,,,,,,Case Rate,". MPL 100/50/25% all add ons apply, and lesser of 100% of billed charges",10351,,,,,,,Case Rate,". MPL 100/50/25% all add ons apply, and lesser of 100% of billed charges",10351,,,,,,,Case Rate,". MPL 100/50/25% all add ons apply, and lesser of 100% of billed charges",9024.56,,,,,,,Case Rate,". MPL 100/50/25% all add ons apply, and lesser of 100% of billed charges",10351,,,,,,,Case Rate,". MPL 100/50/25% all add ons apply, and lesser of 100% of billed charges",10351,,,,,,,Case Rate,". MPL 100/50/25% all add ons apply, and lesser of 100% of billed charges",10351,,,,,,,Case Rate,". MPL 100/50/25% all add ons apply, and lesser of 100% of billed charges",7163,,,,,,,Case Rate,". ",7163,,,,,,,Case Rate,". ",7598.3,,,,,,,Case Rate,198 Percent of Medicare OPPS. Metroplus will reimburse unlisted codes and described codes with no Medicare rate at 50 percent of charges.,3328.19,,,,,,,Case Rate,"100 Percent of Medicaid APG. ",9024.56,,,,,,,Case Rate,". MPL 100/50/25% all add ons apply, and lesser of 100% of billed charges",6487,,,,,,,Case Rate,". MPL 100/50/25% maxmium of 3 procedures. All add ons apply, and lesser of 100% of billed charges",8442,,,,,,,Case Rate,". Primary procedure pays at 100%, secondary at 50%, all subsequent at 25%.  Lesser of applies when negotiated rates exceed charges less addons.",9024.56,,,,,,,Case Rate,". MPL 100/50/25% all add ons apply, and lesser of 100% of billed charges",8442,,,,,,,Case Rate,". Primary procedure pays at 100%, secondary at 50%, all subsequent at 25%.  Lesser of applies when negotiated rates exceed charges less addons.",9024.56,,,,,,,Case Rate,". MPL 100/50/25% all add ons apply, and lesser of 100% of billed charges",10351,,,,,,,Case Rate,". MPL 100/50/25% all add ons apply, and lesser of 100% of billed charges",10351,,,,,,,Case Rate,". MPL 100/50/25% all add ons apply, and lesser of 100% of billed charges",10351,,,,,,,Case Rate,". MPL 100/50/25% all add ons apply, and lesser of 100% of billed charges",10351,,,,,,,Case Rate,". MPL 100/50/25% all add ons apply, and lesser of 100% of billed charges",3837.52,,,,,,,Case Rate,"100% Medicare OPPS FS. ",1103.36,25798,
21048,CPT,,,490,RC,REMOVE MAXILLA CYST COMPLEX,,,both,,,,13188,,,,,,,Case Rate,". MPL 1st 100% of Payment Rate 50% of all others, all add ons apply, and lesser of 100% of billed charges.",13188,,,,,,,Case Rate,". MPL 1st 100% of Payment Rate 50% of all others, all add ons apply, and lesser of 100% of billed charges.",8442,,,,,,,Case Rate,". Primary procedure pays at 100%, secondary at 50%, all subsequent at 25%.  Lesser of applies when negotiated rates exceed charges less addons.",,100,,,,,0,percent of total billed charges,100 percent of billed charges. ; No services were performed during the 15 month look back period.,7000,,,,,,,Case Rate,"100% Medicare OPPS FS. ",8442,,,,,,,Case Rate,". Primary procedure pays at 100%, secondary at 50%, all subsequent at 25%.  Lesser of applies when negotiated rates exceed charges less addons.",8442,,,,,,,Case Rate,". Primary procedure pays at 100%, secondary at 50%, all subsequent at 25%.  Lesser of applies when negotiated rates exceed charges less addons.",8442,,,,,,,Case Rate,". Primary procedure pays at 100%, secondary at 50%, all subsequent at 25%.  Lesser of applies when negotiated rates exceed charges less addons.",4990.18,,,,,,,Case Rate,"100 Percent of Medicaid APG. ",4158.49,,,,,,,Case Rate,"100 Percent of Medicaid APG. ",,78,,,,,0,percent of total billed charges,78% of Billed Charges. Lesser of 100% of billed charges applies.; No services were performed during the 15 month look back period.,16383.1,,,,,,,Case Rate,". MPL 100/50/25% all add ons apply, and lesser of 100% of billed charges",4158.49,,,,,,,Case Rate,"100 Percent of Medicaid APG. ",7000,,,,,,,Case Rate,"100% Medicare OPPS FS. ",6487,,,,,,,Case Rate,". MPL 100/50/25% maxmium of 3 procedures. All add ons apply, and lesser of 100% of billed charges",6487,,,,,,,Case Rate,". MPL 100/50/25% maxmium of 3 procedures. All add ons apply, and lesser of 100% of billed charges",6487,,,,,,,Case Rate,". MPL 100/50/25% maxmium of 3 procedures. All add ons apply, and lesser of 100% of billed charges",6487,,,,,,,Case Rate,". MPL 100/50/25% maxmium of 3 procedures. All add ons apply, and lesser of 100% of billed charges",4158.49,,,,,,,Case rate,124 Percent of Medicaid APG. Covered services not payable under Medicaid Fee Schedules default to a payment of 50 percent of charges.,7000,,,,,,,Case Rate,"100% Medicare OPPS FS. ",4158.49,,,,,,,Case rate,124 Percent of Medicaid APG. Covered services not payable under Medicaid Fee Schedules default to a payment of 50 percent of charges.,,78,,,,,0,percent of total billed charges,78% of Billed Charges. Lesser of 100% of billed charges applies.; No services were performed during the 15 month look back period.,8442,,,,,,,Case Rate,". Primary procedure pays at 100%, secondary at 50%, all subsequent at 25%.  Lesser of applies when negotiated rates exceed charges less addons.",7000,,,,,,,Case Rate,"100%Medicare OPPS FS. ",8427,,,,,,,Case Rate,". Primary procedure pays at 100%, all subsequent at 50%.",7000,,,,,,,Case Rate,"100%Medicare OPPS FS. ",7000,,,,,,,Case Rate,"100%Medicare OPPS FS. ",,78,,,,,0,percent of total billed charges,78% of Billed Charges. Lesser of 100% of billed charges applies.; No services were performed during the 15 month look back period.,2478.14,,,,,,,Case Rate,100% of PAS. Lesser of 100% of billed charges applies.,2478.14,,,,,,,Case Rate,100% of PAS. Lesser of 100% of billed charges applies.,4158.49,,,,,,,Case rate,"100 Percent of Medicaid APG. ",4158.49,,,,,,,Case rate,"100 Percent of Medicaid APG. ",8427,,,,,,,Case Rate,". Primary procedure pays at 100%, all subsequent at 50%.",8427,,,,,,,Case Rate,". Primary procedure pays at 100%, all subsequent at 50%.",4158.49,,,,,,,Case Rate,"100 Percent of Medicaid APG. Not APG payable, or payable under another fee schedule like ASP/AWP pays at 30% of charges",8427,,,,,,,Case Rate,". Primary procedure pays at 100%, all subsequent at 50%.",4158.49,,,,,,,Case Rate,"100 Percent of Medicaid APG. Not APG payable, or payable under another fee schedule like ASP/AWP pays at 30% of charges",7000,,,,,,,Case Rate,"100%Medicare OPPS FS. ",8427,,,,,,,Case Rate,". Primary procedure pays at 100%, all subsequent at 50%.",,78,,,,,0,percent of total billed charges,78% of Billed Charges. Lesser of 100% of billed charges applies.; No services were performed during the 15 month look back period.,4158.49,,,,,,,Case Rate,"100 Percent of Medicaid APG. ",4158.49,,,,,,,Case Rate,"100 Percent of Medicaid APG. ",,78,,,,,0,percent of total billed charges,78% of Billed Charges. Lesser of 100% of billed charges applies.; No services were performed during the 15 month look back period.,6487,,,,,,,Case Rate,". MPL 100/50/25% maxmium of 3 procedures. All add ons apply, and lesser of 100% of billed charges",14572,,,,,,,Case Rate,". MPL 100/50/25% all add ons apply, and lesser of 100% of billed charges",14572,,,,,,,Case Rate,". MPL 100/50/25% all add ons apply, and lesser of 100% of billed charges",,78,,,,,0,percent of total billed charges,78% of Billed Charges. Lesser of 100% of billed charges applies.; No services were performed during the 15 month look back period.,7000,,,,,,,Case Rate,"100% Medicare OPPS FS. ",16383.1,,,,,,,Case Rate,". MPL 100/50/25% all add ons apply, and lesser of 100% of billed charges",16383.1,,,,,,,Case Rate,". MPL 100/50/25% all add ons apply, and lesser of 100% of billed charges",16383.1,,,,,,,Case Rate,". MPL 100/50/25% all add ons apply, and lesser of 100% of billed charges",7000,,,,,,,Case Rate,"100% Medicare OPPS FS. ",16383.1,,,,,,,Case Rate,". MPL 100/50/25% all add ons apply, and lesser of 100% of billed charges",16383.1,,,,,,,Case Rate,". MPL 100/50/25% all add ons apply, and lesser of 100% of billed charges",7000,,,,,,,Case Rate,"100% of Medicare OPPS. ",25798,,,,,,,Case Rate,". MPL 100/75/50% all add ons apply, and lesser of 100% of billed charges",14557,,,,,,,Case Rate,". MPL 100/50/25% all add ons apply, and lesser of 100% of billed charges",14557,,,,,,,Case Rate,". MPL 100/50/25% all add ons apply, and lesser of 100% of billed charges",14557,,,,,,,Case Rate,". MPL 100/50/25% all add ons apply, and lesser of 100% of billed charges",14557,,,,,,,Case Rate,". MPL 100/50/25% all add ons apply, and lesser of 100% of billed charges",14557,,,,,,,Case Rate,". MPL 100/50/25% all add ons apply, and lesser of 100% of billed charges",14557,,,,,,,Case Rate,". MPL 100/50/25% all add ons apply, and lesser of 100% of billed charges",7000,,,,,,,Case Rate,"100% Medicare OPPS FS. ",7000,,,,,,,Case Rate,"100% Medicare OPPS FS. ",14557,,,,,,,Case Rate,". MPL 100/50/25% all add ons apply, and lesser of 100% of billed charges",,78,,,,,0,percent of total billed charges,78% of Billed Charges. Lesser of 100% of billed charges applies.; No services were performed during the 15 month look back period.,,78,,,,,0,percent of total billed charges,78% of Billed Charges. Lesser of 100% of billed charges applies.; No services were performed during the 15 month look back period.,,78,,,,,0,percent of total billed charges,78% of Billed Charges. Lesser of 100% of billed charges applies.; No services were performed during the 15 month look back period.,,78,,,,,0,percent of total billed charges,78% of Billed Charges. Lesser of 100% of billed charges applies.; No services were performed during the 15 month look back period.,,78,,,,,0,percent of total billed charges,78% of Billed Charges. Lesser of 100% of billed charges applies.; No services were performed during the 15 month look back period.,,78,,,,,0,percent of total billed charges,78% of Billed Charges. Lesser of 100% of billed charges applies.; No services were performed during the 15 month look back period.,,78,,,,,0,percent of total billed charges,78% of Billed Charges. Lesser of 100% of billed charges applies.; No services were performed during the 15 month look back period.,,78,,,,,0,percent of total billed charges,78% of Billed Charges. Lesser of 100% of billed charges applies.; No services were performed during the 15 month look back period.,,78,,,,,0,percent of total billed charges,78% of Billed Charges. Lesser of 100% of billed charges applies.; No services were performed during the 15 month look back period.,,78,,,,,0,percent of total billed charges,78% of Billed Charges. Lesser of 100% of billed charges applies.; No services were performed during the 15 month look back period.,,78,,,,,0,percent of total billed charges,78% of Billed Charges. Lesser of 100% of billed charges applies.; No services were performed during the 15 month look back period.,,78,,,,,0,percent of total billed charges,78% of Billed Charges. Lesser of 100% of billed charges applies.; No services were performed during the 15 month look back period.,,78,,,,,0,percent of total billed charges,78% of Billed Charges. Lesser of 100% of billed charges applies.; No services were performed during the 15 month look back period.,,78,,,,,0,percent of total billed charges,78% of Billed Charges. Lesser of 100% of billed charges applies.; No services were performed during the 15 month look back period.,,78,,,,,0,percent of total billed charges,78% of Billed Charges. Lesser of 100% of billed charges applies.; No services were performed during the 15 month look back period.,,78,,,,,0,percent of total billed charges,78% of Billed Charges. Lesser of 100% of billed charges applies.; No services were performed during the 15 month look back period.,,78,,,,,0,percent of total billed charges,78% of Billed Charges. Lesser of 100% of billed charges applies.; No services were performed during the 15 month look back period.,,78,,,,,0,percent of total billed charges,78% of Billed Charges. Lesser of 100% of billed charges applies.; No services were performed during the 15 month look back period.,,78,,,,,0,percent of total billed charges,78% of Billed Charges. Lesser of 100% of billed charges applies.; No services were performed during the 15 month look back period.,,78,,,,,0,percent of total billed charges,78% of Billed Charges. Lesser of 100% of billed charges applies.; No services were performed during the 15 month look back period.,,78,,,,,0,percent of total billed charges,78% of Billed Charges. Lesser of 100% of billed charges applies.; No services were performed during the 15 month look back period.,,78,,,,,0,percent of total billed charges,78% of Billed Charges. Lesser of 100% of billed charges applies.; No services were performed during the 15 month look back period.,,78,,,,,0,percent of total billed charges,78% of Billed Charges. Lesser of 100% of billed charges applies.; No services were performed during the 15 month look back period.,,78,,,,,0,percent of total billed charges,78% of Billed Charges. Lesser of 100% of billed charges applies.; No services were performed during the 15 month look back period.,,78,,,,,0,percent of total billed charges,78% of Billed Charges. Lesser of 100% of billed charges applies.; No services were performed during the 15 month look back period.,,78,,,,,0,percent of total billed charges,78% of Billed Charges. Lesser of 100% of billed charges applies.; No services were performed during the 15 month look back period.,8427,,,,,,,Case Rate,". Primary procedure pays at 100%, all subsequent at 50%.",8427,,,,,,,Case Rate,". Primary procedure pays at 100%, all subsequent at 50%.",8427,,,,,,,Case Rate,". Primary procedure pays at 100%, all subsequent at 50%.",8427,,,,,,,Case Rate,". Primary procedure pays at 100%, all subsequent at 50%.",12574,,,,,,,Case Rate,". Primary procedure pays at 100%, all subsequent at 50%.",12574,,,,,,,Case Rate,". Primary procedure pays at 100%, all subsequent at 50%.",6487,,,,,,,Case Rate,". MPL 100/50/25% maxmium of 3 procedures. All add ons apply, and lesser of 100% of billed charges",14557,,,,,,,Case Rate,". MPL 100/50/25% all add ons apply, and lesser of 100% of billed charges",16383.1,,,,,,,Case Rate,". MPL 100/50/25% all add ons apply, and lesser of 100% of billed charges",14557,,,,,,,Case Rate,". MPL 100/50/25% all add ons apply, and lesser of 100% of billed charges",,78,,,,,0,percent of total billed charges,78% of Billed Charges. Lesser of 100% of billed charges applies.; No services were performed during the 15 month look back period.,12574,,,,,,,Case Rate,". Primary procedure pays at 100%, all subsequent at 50%.",14557,,,,,,,Case Rate,". MPL 100/50/25% all add ons apply, and lesser of 100% of billed charges",16383.1,,,,,,,Case Rate,". MPL 100/50/25% all add ons apply, and lesser of 100% of billed charges",6487,,,,,,,Case Rate,". MPL 100/50/25% maxmium of 3 procedures. All add ons apply, and lesser of 100% of billed charges",,,,,,,,,"NA. ",,78,,,,,0,percent of total billed charges,78% of Billed Charges. Lesser of 100% of billed charges applies.; No services were performed during the 15 month look back period.,4158.49,,,,,,,Case Rate,"100 Percent of Medicaid APG. ",8427,,,,,,,Case Rate,". Primary procedure pays at 100%, all subsequent at 50%.",4158.49,,,,,,,Case Rate,"100 Percent of Medicaid APG. Not APG payable, or payable under another fee schedule like ASP/AWP pays at 30% of charges",7000,,,,,,,Case Rate,"100%Medicare OPPS FS. ",7000,,,,,,,Case Rate,"100% Medicare OPPS FS. ",25798,,,,,,,Case Rate,". MPL 100/75/50% all add ons apply, and lesser of 100% of billed charges",7000,,,,,,,Case Rate,"100% Medicare OPPS FS. ",7000,,,,,,,Case Rate,"100% Medicare OPPS FS. ",4158.49,,,,,,,Case Rate,"100 Percent of Medicaid APG. ",7000,,,,,,,Case Rate,"100% Medicare OPPS FS. ",7000,,,,,,,Case Rate,"100% Medicare OPPS FS. ",8442,,,,,,,Case Rate,". Primary procedure pays at 100%, secondary at 50%, all subsequent at 25%.  Lesser of applies when negotiated rates exceed charges less addons.",8442,,,,,,,Case Rate,". Primary procedure pays at 100%, secondary at 50%, all subsequent at 25%.  Lesser of applies when negotiated rates exceed charges less addons.",7000,,,,,,,Case Rate,"100% Medicare OPPS FS. ",6487,,,,,,,Case Rate,". MPL 100/50/25% maxmium of 3 procedures. All add ons apply, and lesser of 100% of billed charges",16383.1,,,,,,,Case Rate,". MPL 100/50/25% all add ons apply, and lesser of 100% of billed charges",16383.1,,,,,,,Case Rate,". MPL 100/50/25% all add ons apply, and lesser of 100% of billed charges",7000,,,,,,,Case Rate,"100% Medicare OPPS FS. ",6487,,,,,,,Case Rate,". MPL 100/50/25% maxmium of 3 procedures. All add ons apply, and lesser of 100% of billed charges",8442,,,,,,,Case Rate,". Primary procedure pays at 100%, secondary at 50%, all subsequent at 25%.  Lesser of applies when negotiated rates exceed charges less addons.",8442,,,,,,,Case Rate,". Primary procedure pays at 100%, secondary at 50%, all subsequent at 25%.  Lesser of applies when negotiated rates exceed charges less addons.",8442,,,,,,,Case Rate,". Primary procedure pays at 100%, secondary at 50%, all subsequent at 25%.  Lesser of applies when negotiated rates exceed charges less addons.",,78,,,,,0,percent of total billed charges,78% of Billed Charges. Lesser of 100% of billed charges applies.; No services were performed during the 15 month look back period.,,78,,,,,0,percent of total billed charges,78% of Billed Charges. Lesser of 100% of billed charges applies.; No services were performed during the 15 month look back period.,,78,,,,,0,percent of total billed charges,78% of Billed Charges. Lesser of 100% of billed charges applies.; No services were performed during the 15 month look back period.,,78,,,,,0,percent of total billed charges,78% of Billed Charges. Lesser of 100% of billed charges applies.; No services were performed during the 15 month look back period.,,78,,,,,0,percent of total billed charges,78% of Billed Charges. Lesser of 100% of billed charges applies.; No services were performed during the 15 month look back period.,,78,,,,,0,percent of total billed charges,78% of Billed Charges. Lesser of 100% of billed charges applies.; No services were performed during the 15 month look back period.,,78,,,,,0,percent of total billed charges,78% of Billed Charges. Lesser of 100% of billed charges applies.; No services were performed during the 15 month look back period.,,78,,,,,0,percent of total billed charges,78% of Billed Charges. Lesser of 100% of billed charges applies.; No services were performed during the 15 month look back period.,,78,,,,,0,percent of total billed charges,78% of Billed Charges. Lesser of 100% of billed charges applies.; No services were performed during the 15 month look back period.,,78,,,,,0,percent of total billed charges,78% of Billed Charges. Lesser of 100% of billed charges applies.; No services were performed during the 15 month look back period.,,78,,,,,0,percent of total billed charges,78% of Billed Charges. Lesser of 100% of billed charges applies.; No services were performed during the 15 month look back period.,12574,,,,,,,Case Rate,". Primary procedure pays at 100%, all subsequent at 50%.",14557,,,,,,,Case Rate,". MPL 100/50/25% all add ons apply, and lesser of 100% of billed charges",6487,,,,,,,Case Rate,". MPL 100/50/25% maxmium of 3 procedures. All add ons apply, and lesser of 100% of billed charges",7000,,,,,,,Case Rate,"100% Medicare OPPS FS. ",8442,,,,,,,Case Rate,". Primary procedure pays at 100%, secondary at 50%, all subsequent at 25%.  Lesser of applies when negotiated rates exceed charges less addons.",6487,,,,,,,Case Rate,". MPL 100/50/25% maxmium of 3 procedures. All add ons apply, and lesser of 100% of billed charges",6487,,,,,,,Case Rate,". MPL 100/50/25% maxmium of 3 procedures. All add ons apply, and lesser of 100% of billed charges",,78,,,,,0,percent of total billed charges,78% of Billed Charges. Lesser of 100% of billed charges applies.; No services were performed during the 15 month look back period.,8899.16,,,,,,,Case Rate,"214 Percent of Medicaid APG. Drugs not priced under APG, billed with revenue code 636 and not priced by Medicare ASP FeeSched will be reimbursed at 20% of charges.",6487,,,,,,,Case Rate,". MPL 100/50/25% maxmium of 3 procedures. All add ons apply, and lesser of 100% of billed charges",4158.49,,,,,,,Case Rate,"100 Percent of Medicaid APG. ",7000,,,,,,,Case Rate,"100% Medicare OPPS FS. ",7000,,,,,,,Case Rate,"100% Medicare OPPS FS. ",7000,,,,,,,Case Rate,"100% Medicare OPPS FS. ",7000,,,,,,,Case Rate,"100% Medicare OPPS FS. ",7000,,,,,,,Case Rate,"100% Medicare OPPS FS. ",7000,,,,,,,Case Rate,"100% Medicare OPPS FS. ",6487,,,,,,,Case Rate,". MPL 100/50/25% maxmium of 3 procedures. All add ons apply, and lesser of 100% of billed charges",25798,,,,,,,Case Rate,". MPL 100/75/50% all add ons apply, and lesser of 100% of billed charges",7485.28,,,,,,,Fee Schedule,"180 Percent of Medicaid APG. ",7485.28,,,,,,,Fee Schedule,"180 Percent of Medicaid APG. ",7485.28,,,,,,,Fee Schedule,"180 Percent of Medicaid APG. ",7485.28,,,,,,,Fee Schedule,"180 Percent of Medicaid APG. ",7485.28,,,,,,,Fee Schedule,"180 Percent of Medicaid APG. ",,,,,,,,,"NA. ",25798,,,,,,,Case Rate,". MPL 100/75/50% all add ons apply, and lesser of 100% of billed charges",13860,,,,,,,Case Rate,198 Percent of Medicare OPPS. Metroplus will reimburse unlisted codes and described codes with no Medicare rate at 50 percent of charges.,13860,,,,,,,Case Rate,198 Percent of Medicare OPPS. Metroplus will reimburse unlisted codes and described codes with no Medicare rate at 50 percent of charges.,13860,,,,,,,Case Rate,198 Percent of Medicare OPPS. Metroplus will reimburse unlisted codes and described codes with no Medicare rate at 50 percent of charges.,13860,,,,,,,Case Rate,198 Percent of Medicare OPPS. Metroplus will reimburse unlisted codes and described codes with no Medicare rate at 50 percent of charges.,13860,,,,,,,Case Rate,198 Percent of Medicare OPPS. Metroplus will reimburse unlisted codes and described codes with no Medicare rate at 50 percent of charges.,7000,,,,,,,Case Rate,"100% Medicare OPPS FS. ",12574,,,,,,,Case Rate,". Primary procedure pays at 100%, all subsequent at 50%.",12574,,,,,,,Case Rate,". Primary procedure pays at 100%, all subsequent at 50%.",12574,,,,,,,Case Rate,". Primary procedure pays at 100%, all subsequent at 50%.",12574,,,,,,,Case Rate,". Primary procedure pays at 100%, all subsequent at 50%.",8442,,,,,,,Case Rate,". Primary procedure pays at 100%, secondary at 50%, all subsequent at 25%.  Lesser of applies when negotiated rates exceed charges less addons.",8442,,,,,,,Case Rate,". Primary procedure pays at 100%, secondary at 50%, all subsequent at 25%.  Lesser of applies when negotiated rates exceed charges less addons.",8442,,,,,,,Case Rate,". Primary procedure pays at 100%, secondary at 50%, all subsequent at 25%.  Lesser of applies when negotiated rates exceed charges less addons.",8442,,,,,,,Case Rate,". Primary procedure pays at 100%, secondary at 50%, all subsequent at 25%.  Lesser of applies when negotiated rates exceed charges less addons.",25798,,,,,,,Case Rate,". MPL 100/75/50% all add ons apply, and lesser of 100% of billed charges",25798,,,,,,,Case Rate,". MPL 100/75/50% all add ons apply, and lesser of 100% of billed charges",7000,,,,,,,Case Rate,"100% Medicare OPPS FS. ",7000,,,,,,,Case Rate,"100% Medicare OPPS FS. ",7000,,,,,,,Case Rate,"100% Medicare OPPS FS. ",14557,,,,,,,Case Rate,". MPL 100/50/25% all add ons apply, and lesser of 100% of billed charges",14557,,,,,,,Case Rate,". MPL 100/50/25% all add ons apply, and lesser of 100% of billed charges",14557,,,,,,,Case Rate,". MPL 100/50/25% all add ons apply, and lesser of 100% of billed charges",25798,,,,,,,Case Rate,". MPL 100/75/50% all add ons apply, and lesser of 100% of billed charges",8442,,,,,,,Case Rate,". Primary procedure pays at 100%, secondary at 50%, all subsequent at 25%.  Lesser of applies when negotiated rates exceed charges less addons.",7000,,,,,,,Case Rate,"100% Medicare OPPS FS. ",14557,,,,,,,Case Rate,". MPL 100/50/25% all add ons apply, and lesser of 100% of billed charges",4158.49,,,,,,,Case Rate,"100 Percent of Medicaid APG. ",7140,,,,,,,Case Rate,"102% of Medicare OPPS. ",7140,,,,,,,Case Rate,"102% of Medicare OPPS. ",7140,,,,,,,Case Rate,"102% of Medicare OPPS. ",4158.49,,,,,,,Case rate,"100 Percent of Medicaid APG. ",9356.6,,,,,,,Case Rate,225% of NYS APG. Lesser of 100% of billed charges applies.,9356.6,,,,,,,Case Rate,225% of NYS APG. Lesser of 100% of billed charges applies.,9356.6,,,,,,,Case Rate,225% of NYS APG. Lesser of 100% of billed charges applies.,9356.6,,,,,,,Case Rate,225% of NYS APG. Lesser of 100% of billed charges applies.,9356.6,,,,,,,Case Rate,225% of NYS APG. Lesser of 100% of billed charges applies.,7140,,,,,,,Case Rate,"102% of Medicare OPPS. ",4158.49,,,,,,,Case Rate,"100 Percent of Medicaid APG. ",2478.14,,,,,,,Case Rate,100% of PAS. Lesser of 100% of billed charges applies.,9356.6,,,,,,,Case Rate,225% of NYS APG. Lesser of 100% of billed charges applies.,9356.6,,,,,,,Case Rate,225% of NYS APG. Lesser of 100% of billed charges applies.,2478.14,,,,,,,Case Rate,100% of PAS. Lesser of 100% of billed charges applies.,2478.14,,,,,,,Case Rate,100% of PAS. Lesser of 100% of billed charges applies.,7485.28,,,,,,,Fee Schedule,"180 Percent of Medicaid APG. ",7000,,,,,,,Case Rate,"100% Medicare OPPS FS. ",7000,,,,,,,Case Rate,"100% Medicare OPPS FS. ",8442,,,,,,,Case Rate,". Primary procedure pays at 100%, secondary at 50%, all subsequent at 25%.  Lesser of applies when negotiated rates exceed charges less addons.",7000,,,,,,,Case Rate,"100% Medicare OPPS FS. ",9356.6,,,,,,,Case Rate,"225 Percent of Medicaid APG. ",9356.6,,,,,,,Case Rate,"225 Percent of Medicaid APG. ",4158.49,,,,,,,Case rate,"100 Percent of Medicaid APG. ",4158.49,,,,,,,Case rate,"100 Percent of Medicaid APG. ",9356.6,,,,,,,Case Rate,225 Percent of Medicaid APG. Covered services not payable under Medicaid Fee Schedules default to a payment of 87.5 percent of charges.,4158.49,,,,,,,Case rate,124 Percent of Medicaid APG. Covered services not payable under Medicaid Fee Schedules default to a payment of 50 percent of charges.,9356.6,,,,,,,Case Rate,"100 Percent of Medicaid APG. ",9356.6,,,,,,,Case Rate,"100 Percent of Medicaid APG. ",9356.6,,,,,,,Case Rate,"100 Percent of Medicaid APG. ",9356.6,,,,,,,Case Rate,"100 Percent of Medicaid APG. ",13453,,,,,,,Case Rate,". MPL 100/75/50% all add ons apply, and lesser of 100% of billed charges",25798,,,,,,,Case Rate,". MPL 100/75/50% all add ons apply, and lesser of 100% of billed charges",4990.18,,,,,,,Case Rate,"120 Percent of Medicaid APG. Not APG payable, or payable under another fee schedule like ASP/AWP pays at 30% of charges",4990.18,,,,,,,Case Rate,"120 Percent of Medicaid APG. Not APG payable, or payable under another fee schedule like ASP/AWP pays at 30% of charges",4158.49,,,,,,,Case Rate,"100 Percent of Medicaid APG. Not APG payable, or payable under another fee schedule like ASP/AWP pays at 30% of charges",4158.49,,,,,,,Case Rate,"100 Percent of Medicaid APG. Not APG payable, or payable under another fee schedule like ASP/AWP pays at 30% of charges",14557,,,,,,,Case Rate,". MPL 100/50/25% all add ons apply, and lesser of 100% of billed charges",14557,,,,,,,Case Rate,". MPL 100/50/25% all add ons apply, and lesser of 100% of billed charges",7000,,,,,,,Case Rate,"100% Medicare OPPS FS. ",14557,,,,,,,Case Rate,". MPL 100/50/25% all add ons apply, and lesser of 100% of billed charges",14557,,,,,,,Case Rate,". MPL 100/50/25% all add ons apply, and lesser of 100% of billed charges",14557,,,,,,,Case Rate,". MPL 100/50/25% all add ons apply, and lesser of 100% of billed charges",14557,,,,,,,Case Rate,". MPL 100/50/25% all add ons apply, and lesser of 100% of billed charges",7000,,,,,,,Case Rate,"100% Medicare OPPS FS. ",14557,,,,,,,Case Rate,". MPL 100/50/25% all add ons apply, and lesser of 100% of billed charges",14557,,,,,,,Case Rate,". MPL 100/50/25% all add ons apply, and lesser of 100% of billed charges",8442,,,,,,,Case Rate,". Primary procedure pays at 100%, secondary at 50%, all subsequent at 25%.  Lesser of applies when negotiated rates exceed charges less addons.",4158.49,,,,,,,Fee Schedule,100% APG. Lesser of 100% of billed charges applies.,4158.49,,,,,,,Case rate,124 Percent of Medicaid APG. Covered services not payable under Medicaid Fee Schedules default to a payment of 50 percent of charges.,9356.6,,,,,,,Case Rate,225% of NYS APG. Lesser of 100% of billed charges applies.,9356.6,,,,,,,Case Rate,225 Percent of Medicaid APG. Covered services not payable under Medicaid Fee Schedules default to a payment of 87.5 percent of charges.,4158.49,,,,,,,Case rate,124 Percent of Medicaid APG. Covered services not payable under Medicaid Fee Schedules default to a payment of 50 percent of charges.,9356.6,,,,,,,Case Rate,225% of NYS APG. Lesser of 100% of billed charges applies.,9356.6,,,,,,,Case Rate,225% of NYS APG. Lesser of 100% of billed charges applies.,9356.6,,,,,,,Case Rate,225% of NYS APG. Lesser of 100% of billed charges applies.,9356.6,,,,,,,Case Rate,225% of NYS APG. Lesser of 100% of billed charges applies.,9356.6,,,,,,,Case Rate,225% of NYS APG. Lesser of 100% of billed charges applies.,9356.6,,,,,,,Case Rate,225% of NYS APG. Lesser of 100% of billed charges applies.,,,,,,,,,"NA. ",,,,,,,,,"NA. ",,,,,,,,,"NA. ",6487,,,,,,,Case Rate,". MPL 100/50/25% maxmium of 3 procedures. All add ons apply, and lesser of 100% of billed charges",,,,,,,,,"NA. ",7000,,,,,,,Case Rate,"100% Medicare OPPS FS. ",13188,,,,,,,Case Rate,". MPL 1st 100% of Payment Rate 50% of all others, all add ons apply, and lesser of 100% of billed charges.",7000,,,,,,,Case Rate,"100% Medicare OPPS FS. ",7000,,,,,,,Case Rate,"100% Medicare OPPS FS. ",4990.18,,,,,,,Case Rate,"120 Percent of Medicaid APG. Not APG payable, or payable under another fee schedule like ASP/AWP pays at 30% of charges",4990.18,,,,,,,Case Rate,"120 Percent of Medicaid APG. Not APG payable, or payable under another fee schedule like ASP/AWP pays at 30% of charges",4158.49,,,,,,,Case Rate,"100 Percent of Medicaid APG. Not APG payable, or payable under another fee schedule like ASP/AWP pays at 30% of charges",4158.49,,,,,,,Case Rate,"100 Percent of Medicaid APG. Not APG payable, or payable under another fee schedule like ASP/AWP pays at 30% of charges",4158.49,,,,,,,Case Rate,"100 Percent of Medicaid APG. ",7163,,,,,,,Case Rate,". ",8442,,,,,,,Case Rate,". Primary procedure pays at 100%, secondary at 50%, all subsequent at 25%.  Lesser of applies when negotiated rates exceed charges less addons.",8427,,,,,,,Case Rate,". Primary procedure pays at 100%, all subsequent at 50%.",6487,,,,,,,Case Rate,". MPL 100/50/25% maxmium of 3 procedures. All add ons apply, and lesser of 100% of billed charges",7000,,,,,,,Case Rate,"100%Medicare OPPS FS. ",7000,,,,,,,Case Rate,"100% Medicare OPPS FS. ",7000,,,,,,,Case Rate,"100% Medicare OPPS FS. ",7000,,,,,,,Case Rate,"100% Medicare OPPS FS. ",7000,,,,,,,Case Rate,"100%Medicare OPPS FS. ",7000,,,,,,,Case Rate,"100% Medicare OPPS FS. ",,,,,,,,,"NA. ",9356.6,,,,,,,Case Rate,225% of NYS APG. Lesser of 100% of billed charges applies.,2478.14,,,,,,,Case Rate,100% of PAS. Lesser of 100% of billed charges applies.,14557,,,,,,,Case Rate,". MPL 100/50/25% all add ons apply, and lesser of 100% of billed charges",7163,,,,,,,Case Rate,". ",7163,,,,,,,Case Rate,". ",7163,,,,,,,Case Rate,". ",7163,,,,,,,Case Rate,". ",7000,,,,,,,Case Rate,"100% Medicare OPPS FS. ",4158.49,,,,,,,Case Rate,"100 Percent of Medicaid APG. ",14557,,,,,,,Case Rate,". MPL 100/50/25% all add ons apply, and lesser of 100% of billed charges",4158.49,,,,,,,Case Rate,"100 Percent of Medicaid APG. ",7000,,,,,,,Case Rate,"100% Medicare OPPS FS. ",4158.49,,,,,,,Case Rate,"100 Percent of Medicaid APG. ",7000,,,,,,,Case Rate,"100% Medicare OPPS FS. ",7000,,,,,,,Case Rate,"100% Medicare OPPS FS. ",4158.49,,,,,,,Case Rate,"100 Percent of Medicaid APG. ",4158.49,,,,,,,Case Rate,"100 Percent of Medicaid APG. ",7163,,,,,,,Case Rate,". ",6487,,,,,,,Case Rate,". MPL 100/50/25% maxmium of 3 procedures. All add ons apply, and lesser of 100% of billed charges",,78,,,,,0,percent of total billed charges,78% of Billed Charges. Lesser of 100% of billed charges applies.; No services were performed during the 15 month look back period.,16383.1,,,,,,,Case Rate,". MPL 100/50/25% all add ons apply, and lesser of 100% of billed charges",16383.1,,,,,,,Case Rate,". MPL 100/50/25% all add ons apply, and lesser of 100% of billed charges",8442,,,,,,,Case Rate,". Primary procedure pays at 100%, secondary at 50%, all subsequent at 25%.  Lesser of applies when negotiated rates exceed charges less addons.",2801.32,,,,,,,Case Rate,"83% HF Fee schedule. ",12574,,,,,,,Case Rate,". Primary procedure pays at 100%, all subsequent at 50%.",12574,,,,,,,Case Rate,". Primary procedure pays at 100%, all subsequent at 50%.",11646,,,,,,,Case Rate,". MPL 100/50/25% all add ons apply, and lesser of 100% of billed charges",11646,,,,,,,Case Rate,". MPL 100/50/25% all add ons apply, and lesser of 100% of billed charges",7000,,,,,,,Case Rate,"100% Medicare OPPS FS. ",7000,,,,,,,Case Rate,"100% Medicare OPPS FS. ",7000,,,,,,,Case Rate,"100% Medicare OPPS FS. ",7000,,,,,,,Case Rate,"100% Medicare OPPS FS. ",16383.1,,,,,,,Case Rate,". MPL 100/50/25% all add ons apply, and lesser of 100% of billed charges",14557,,,,,,,Case Rate,". MPL 100/50/25% all add ons apply, and lesser of 100% of billed charges",14557,,,,,,,Case Rate,". MPL 100/50/25% all add ons apply, and lesser of 100% of billed charges",7000,,,,,,,Case Rate,"100% Medicare OPPS FS. ",11646,,,,,,,Case Rate,". MPL 100/50/25% all add ons apply, and lesser of 100% of billed charges",8427,,,,,,,Case Rate,". Primary procedure pays at 100%, all subsequent at 50%.",4990.18,,,,,,,Fee Schedule,"120 Percent of Medicaid APG. ",4158.49,,,,,,,Case Rate,"100 Percent of Medicaid APG. ",7163,,,,,,,Case Rate,". ",13101,,,,,,,Case Rate,". MPL 100/50/25% all add ons apply, and lesser of 100% of billed charges",13101,,,,,,,Case Rate,". MPL 100/50/25% all add ons apply, and lesser of 100% of billed charges",14557,,,,,,,Case Rate,". MPL 100/50/25% all add ons apply, and lesser of 100% of billed charges",14948,,,,,,,Case Rate,". MPL 100/75/50% all add ons apply, and lesser of 100% of billed charges",7000,,,,,,,Case Rate,"100%Medicare OPPS FS. ",4366.41,,,,,,,Fee Schedule,105 percent of Medicaid APG. otherwise 105% of Ordered NYS MCD FS or 105% of ASP+6%,4366.41,,,,,,,Fee Schedule,105 percent of Medicaid APG. otherwise 105% of Ordered NYS MCD FS or 105% of ASP+6%,4366.41,,,,,,,Fee Schedule,105 percent of Medicaid APG. otherwise 105% of Ordered NYS MCD FS or 105% of ASP+6%,5613.96,,,,,,,Fee Schedule,135 percent of Medicaid APG. otherwise 135% of Ordered NYS MCD FS or 135% of ASP+6%,16383.1,,,,,,,Case Rate,". MPL 100/50/25% all add ons apply, and lesser of 100% of billed charges",4366.41,,,,,,,Fee Schedule,105 percent of Medicaid APG. otherwise 105% of Ordered NYS MCD FS or 105% of ASP+6%,4366.41,,,,,,,Fee Schedule,105 percent of Medicaid APG. otherwise 105% of Ordered NYS MCD FS or 105% of ASP+6%,4366.41,,,,,,,Fee Schedule,105 percent of Medicaid APG. otherwise 105% of Ordered NYS MCD FS or 105% of ASP+6%,4366.41,,,,,,,Fee Schedule,105 percent of Medicaid APG. otherwise 105% of Ordered NYS MCD FS or 105% of ASP+6%,4366.41,,,,,,,Fee Schedule,105 percent of Medicaid APG. otherwise 105% of Ordered NYS MCD FS or 105% of ASP+6%,5613.96,,,,,,,Fee Schedule,135 percent of Medicaid APG. otherwise 135% of Ordered NYS MCD FS or 135% of ASP+6%,5613.96,,,,,,,Fee Schedule,135 percent of Medicaid APG. otherwise 135% of Ordered NYS MCD FS or 135% of ASP+6%,7000,,,,,,,Case Rate,"100% Medicare OPPS FS. ",16383.1,,,,,,,Case Rate,". MPL 100/50/25% all add ons apply, and lesser of 100% of billed charges",7000,,,,,,,Case Rate,"100% Medicare OPPS FS. ",4366.41,,,,,,,Fee Schedule,105 percent of Medicaid APG. otherwise 105% of Ordered NYS MCD FS or 105% of ASP+6%,14557,,,,,,,Case Rate,". MPL 100/50/25% all add ons apply, and lesser of 100% of billed charges",7000,,,,,,,Case Rate,"100% Medicare OPPS FS. ",14557,,,,,,,Case Rate,". MPL 100/50/25% all add ons apply, and lesser of 100% of billed charges",14557,,,,,,,Case Rate,". MPL 100/50/25% all add ons apply, and lesser of 100% of billed charges",14557,,,,,,,Case Rate,". MPL 100/50/25% all add ons apply, and lesser of 100% of billed charges",4366.41,,,,,,,Fee Schedule,105 percent of Medicaid APG. otherwise 105% of Ordered NYS MCD FS or 105% of ASP+6%,7000,,,,,,,Case Rate,"100% Medicare OPPS FS. ",14557,,,,,,,Case Rate,". MPL 100/50/25% all add ons apply, and lesser of 100% of billed charges",5613.96,,,,,,,Fee Schedule,135 percent of Medicaid APG. otherwise 135% of Ordered NYS MCD FS or 135% of ASP+6%,14557,,,,,,,Case Rate,". MPL 100/50/25% all add ons apply, and lesser of 100% of billed charges",,200,,,,,0,Case Rate,200% of Medicare OPPS. ; No services were performed during the 15 month look back period.,7000,,,,,,,Case Rate,"100%Medicare OPPS FS. ",7163,,,,,,,Case Rate,". ",7163,,,,,,,Case Rate,". ",7163,,,,,,,Case Rate,". ",7163,,,,,,,Case Rate,". ",7163,,,,,,,Case Rate,". ",8427,,,,,,,Case Rate,". Primary procedure pays at 100%, all subsequent at 50%.",8427,,,,,,,Case Rate,". Primary procedure pays at 100%, all subsequent at 50%.",7163,,,,,,,Case Rate,". ",7163,,,,,,,Case Rate,". ",7163,,,,,,,Case Rate,". ",7163,,,,,,,Case Rate,". ",7163,,,,,,,Case Rate,". ",7000,,,,,,,Case Rate,"100% Medicare OPPS FS. ",8427,,,,,,,Case Rate,". Primary procedure pays at 100%, all subsequent at 50%.",7000,,,,,,,Case Rate,"100% Medicare OPPS FS. ",9356.6,,,,,,,Case Rate,"225 Percent of Medicaid APG. If not included in Medicaid APG, then 100 Percent of Manhattan Medicare",4158.49,,,,,,,Case Rate,"100 Percent of Medicaid APG. ",16383.1,,,,,,,Case Rate,". MPL 100/50/25% all add ons apply, and lesser of 100% of billed charges",16383.1,,,,,,,Case Rate,". MPL 100/50/25% all add ons apply, and lesser of 100% of billed charges",7000,,,,,,,Case Rate,"100% Medicare OPPS FS. ",12574,,,,,,,Case Rate,". Primary procedure pays at 100%, all subsequent at 50%.",7000,,,,,,,Case Rate,"100% Medicare OPPS FS. ",7000,,,,,,,Case Rate,"100% Medicare OPPS FS. ",8442,,,,,,,Case Rate,". Primary procedure pays at 100%, secondary at 50%, all subsequent at 25%.  Lesser of applies when negotiated rates exceed charges less addons.",7000,,,,,,,Case Rate,"100% Medicare OPPS FS. ",6487,,,,,,,Case Rate,". MPL 100/50/25% maxmium of 3 procedures. All add ons apply, and lesser of 100% of billed charges",7000,,,,,,,Case Rate,"100% Medicare OPPS FS. ",6487,,,,,,,Case Rate,". MPL 100/50/25% maxmium of 3 procedures. All add ons apply, and lesser of 100% of billed charges",8442,,,,,,,Case Rate,". Primary procedure pays at 100%, secondary at 50%, all subsequent at 25%.  Lesser of applies when negotiated rates exceed charges less addons.",6487,,,,,,,Case Rate,". MPL 100/50/25% maxmium of 3 procedures. All add ons apply, and lesser of 100% of billed charges",7000,,,,,,,Case Rate,"100% Medicare OPPS FS. ",4158.49,,,,,,,Case Rate,"100 Percent of Medicaid APG. ",7000,,,,,,,Case Rate,"100% Medicare OPPS FS. ",6487,,,,,,,Case Rate,". MPL 100/50/25% maxmium of 3 procedures. All add ons apply, and lesser of 100% of billed charges",16383.1,,,,,,,Case Rate,". MPL 100/50/25% all add ons apply, and lesser of 100% of billed charges",4158.49,,,,,,,Case Rate,"100 Percent of Medicaid APG. ",14557,,,,,,,Case Rate,". MPL 100/50/25% all add ons apply, and lesser of 100% of billed charges",4990.18,,,,,,,Fee Schedule,"120 Percent of Medicaid APG. ",4990.18,,,,,,,Fee Schedule,"120 Percent of Medicaid APG. ",14557,,,,,,,Case Rate,". MPL 100/50/25% all add ons apply, and lesser of 100% of billed charges",14557,,,,,,,Case Rate,". MPL 100/50/25% all add ons apply, and lesser of 100% of billed charges",14557,,,,,,,Case Rate,". MPL 100/50/25% all add ons apply, and lesser of 100% of billed charges",16383.1,,,,,,,Case Rate,". MPL 100/50/25% all add ons apply, and lesser of 100% of billed charges",14557,,,,,,,Case Rate,". MPL 100/50/25% all add ons apply, and lesser of 100% of billed charges",14557,,,,,,,Case Rate,". MPL 100/50/25% all add ons apply, and lesser of 100% of billed charges",14557,,,,,,,Case Rate,". MPL 100/50/25% all add ons apply, and lesser of 100% of billed charges",7163,,,,,,,Case Rate,". ",7163,,,,,,,Case Rate,". ",13860,,,,,,,Case Rate,198 Percent of Medicare OPPS. Metroplus will reimburse unlisted codes and described codes with no Medicare rate at 50 percent of charges.,4158.49,,,,,,,Case Rate,"100 Percent of Medicaid APG. ",16383.1,,,,,,,Case Rate,". MPL 100/50/25% all add ons apply, and lesser of 100% of billed charges",6487,,,,,,,Case Rate,". MPL 100/50/25% maxmium of 3 procedures. All add ons apply, and lesser of 100% of billed charges",8442,,,,,,,Case Rate,". Primary procedure pays at 100%, secondary at 50%, all subsequent at 25%.  Lesser of applies when negotiated rates exceed charges less addons.",16383.1,,,,,,,Case Rate,". MPL 100/50/25% all add ons apply, and lesser of 100% of billed charges",8442,,,,,,,Case Rate,". Primary procedure pays at 100%, secondary at 50%, all subsequent at 25%.  Lesser of applies when negotiated rates exceed charges less addons.",16383.1,,,,,,,Case Rate,". MPL 100/50/25% all add ons apply, and lesser of 100% of billed charges",14557,,,,,,,Case Rate,". MPL 100/50/25% all add ons apply, and lesser of 100% of billed charges",14557,,,,,,,Case Rate,". MPL 100/50/25% all add ons apply, and lesser of 100% of billed charges",14557,,,,,,,Case Rate,". MPL 100/50/25% all add ons apply, and lesser of 100% of billed charges",14557,,,,,,,Case Rate,". MPL 100/50/25% all add ons apply, and lesser of 100% of billed charges",7000,,,,,,,Case Rate,"100% Medicare OPPS FS. ",2478.14,25798,
21270,CPT,,,490,RC,AUGMENTATION CHEEK BONE,,,both,,,,9740,,,,,,,Case Rate,". MPL 1st 100% of Payment Rate 50% of all others, all add ons apply, and lesser of 100% of billed charges.",9740,,,,,,,Case Rate,". MPL 1st 100% of Payment Rate 50% of all others, all add ons apply, and lesser of 100% of billed charges.",12266,,,,,,,Case Rate,". Primary procedure pays at 100%, secondary at 50%, all subsequent at 25%.  Lesser of applies when negotiated rates exceed charges less addons.",,100,,,,,0,percent of total billed charges,100 percent of billed charges. ; No services were performed during the 15 month look back period.,7000,,,,,,,Case Rate,"100% Medicare OPPS FS. ",12266,,,,,,,Case Rate,". Primary procedure pays at 100%, secondary at 50%, all subsequent at 25%.  Lesser of applies when negotiated rates exceed charges less addons.",12266,,,,,,,Case Rate,". Primary procedure pays at 100%, secondary at 50%, all subsequent at 25%.  Lesser of applies when negotiated rates exceed charges less addons.",12266,,,,,,,Case Rate,". Primary procedure pays at 100%, secondary at 50%, all subsequent at 25%.  Lesser of applies when negotiated rates exceed charges less addons.",4990.18,,,,,,,Case Rate,"100 Percent of Medicaid APG. ",4158.49,,,,,,,Case Rate,"100 Percent of Medicaid APG. ",,78,,,,,0,percent of total billed charges,78% of Billed Charges. Lesser of 100% of billed charges applies.; No services were performed during the 15 month look back period.,16383.1,,,,,,,Case Rate,". MPL 100/50/25% all add ons apply, and lesser of 100% of billed charges",4158.49,,,,,,,Case Rate,"100 Percent of Medicaid APG. ",7000,,,,,,,Case Rate,"100% Medicare OPPS FS. ",6487,,,,,,,Case Rate,". MPL 100/50/25% maxmium of 3 procedures. All add ons apply, and lesser of 100% of billed charges",6487,,,,,,,Case Rate,". MPL 100/50/25% maxmium of 3 procedures. All add ons apply, and lesser of 100% of billed charges",6487,,,,,,,Case Rate,". MPL 100/50/25% maxmium of 3 procedures. All add ons apply, and lesser of 100% of billed charges",6487,,,,,,,Case Rate,". MPL 100/50/25% maxmium of 3 procedures. All add ons apply, and lesser of 100% of billed charges",4158.49,,,,,,,Case rate,124 Percent of Medicaid APG. Covered services not payable under Medicaid Fee Schedules default to a payment of 50 percent of charges.,7000,,,,,,,Case Rate,"100% Medicare OPPS FS. ",4158.49,,,,,,,Case rate,124 Percent of Medicaid APG. Covered services not payable under Medicaid Fee Schedules default to a payment of 50 percent of charges.,,78,,,,,0,percent of total billed charges,78% of Billed Charges. Lesser of 100% of billed charges applies.; No services were performed during the 15 month look back period.,12266,,,,,,,Case Rate,". Primary procedure pays at 100%, secondary at 50%, all subsequent at 25%.  Lesser of applies when negotiated rates exceed charges less addons.",7000,,,,,,,Case Rate,"100%Medicare OPPS FS. ",8427,,,,,,,Case Rate,". Primary procedure pays at 100%, all subsequent at 50%.",7000,,,,,,,Case Rate,"100%Medicare OPPS FS. ",7000,,,,,,,Case Rate,"100%Medicare OPPS FS. ",,78,,,,,0,percent of total billed charges,78% of Billed Charges. Lesser of 100% of billed charges applies.; No services were performed during the 15 month look back period.,2478.14,,,,,,,Case Rate,100% of PAS. Lesser of 100% of billed charges applies.,2478.14,,,,,,,Case Rate,100% of PAS. Lesser of 100% of billed charges applies.,4158.49,,,,,,,Case rate,"100 Percent of Medicaid APG. ",4158.49,,,,,,,Case rate,"100 Percent of Medicaid APG. ",8427,,,,,,,Case Rate,". Primary procedure pays at 100%, all subsequent at 50%.",8427,,,,,,,Case Rate,". Primary procedure pays at 100%, all subsequent at 50%.",4158.49,,,,,,,Case Rate,"100 Percent of Medicaid APG. Not APG payable, or payable under another fee schedule like ASP/AWP pays at 30% of charges",8427,,,,,,,Case Rate,". Primary procedure pays at 100%, all subsequent at 50%.",4158.49,,,,,,,Case Rate,"100 Percent of Medicaid APG. Not APG payable, or payable under another fee schedule like ASP/AWP pays at 30% of charges",7000,,,,,,,Case Rate,"100%Medicare OPPS FS. ",8427,,,,,,,Case Rate,". Primary procedure pays at 100%, all subsequent at 50%.",,78,,,,,0,percent of total billed charges,78% of Billed Charges. Lesser of 100% of billed charges applies.; No services were performed during the 15 month look back period.,4158.49,,,,,,,Case Rate,"100 Percent of Medicaid APG. ",4158.49,,,,,,,Case Rate,"100 Percent of Medicaid APG. ",,78,,,,,0,percent of total billed charges,78% of Billed Charges. Lesser of 100% of billed charges applies.; No services were performed during the 15 month look back period.,6487,,,,,,,Case Rate,". MPL 100/50/25% maxmium of 3 procedures. All add ons apply, and lesser of 100% of billed charges",14572,,,,,,,Case Rate,". MPL 100/50/25% all add ons apply, and lesser of 100% of billed charges",14572,,,,,,,Case Rate,". MPL 100/50/25% all add ons apply, and lesser of 100% of billed charges",,78,,,,,0,percent of total billed charges,78% of Billed Charges. Lesser of 100% of billed charges applies.; No services were performed during the 15 month look back period.,7000,,,,,,,Case Rate,"100% Medicare OPPS FS. ",16383.1,,,,,,,Case Rate,". MPL 100/50/25% all add ons apply, and lesser of 100% of billed charges",16383.1,,,,,,,Case Rate,". MPL 100/50/25% all add ons apply, and lesser of 100% of billed charges",16383.1,,,,,,,Case Rate,". MPL 100/50/25% all add ons apply, and lesser of 100% of billed charges",7000,,,,,,,Case Rate,"100% Medicare OPPS FS. ",16383.1,,,,,,,Case Rate,". MPL 100/50/25% all add ons apply, and lesser of 100% of billed charges",16383.1,,,,,,,Case Rate,". MPL 100/50/25% all add ons apply, and lesser of 100% of billed charges",7000,,,,,,,Case Rate,"100% of Medicare OPPS. ",25798,,,,,,,Case Rate,". MPL 100/75/50% all add ons apply, and lesser of 100% of billed charges",14557,,,,,,,Case Rate,". MPL 100/50/25% all add ons apply, and lesser of 100% of billed charges",14557,,,,,,,Case Rate,". MPL 100/50/25% all add ons apply, and lesser of 100% of billed charges",14557,,,,,,,Case Rate,". MPL 100/50/25% all add ons apply, and lesser of 100% of billed charges",14557,,,,,,,Case Rate,". MPL 100/50/25% all add ons apply, and lesser of 100% of billed charges",14557,,,,,,,Case Rate,". MPL 100/50/25% all add ons apply, and lesser of 100% of billed charges",14557,,,,,,,Case Rate,". MPL 100/50/25% all add ons apply, and lesser of 100% of billed charges",7000,,,,,,,Case Rate,"100% Medicare OPPS FS. ",7000,,,,,,,Case Rate,"100% Medicare OPPS FS. ",14557,,,,,,,Case Rate,". MPL 100/50/25% all add ons apply, and lesser of 100% of billed charges",,78,,,,,0,percent of total billed charges,78% of Billed Charges. Lesser of 100% of billed charges applies.; No services were performed during the 15 month look back period.,,78,,,,,0,percent of total billed charges,78% of Billed Charges. Lesser of 100% of billed charges applies.; No services were performed during the 15 month look back period.,,78,,,,,0,percent of total billed charges,78% of Billed Charges. Lesser of 100% of billed charges applies.; No services were performed during the 15 month look back period.,,78,,,,,0,percent of total billed charges,78% of Billed Charges. Lesser of 100% of billed charges applies.; No services were performed during the 15 month look back period.,,78,,,,,0,percent of total billed charges,78% of Billed Charges. Lesser of 100% of billed charges applies.; No services were performed during the 15 month look back period.,,78,,,,,0,percent of total billed charges,78% of Billed Charges. Lesser of 100% of billed charges applies.; No services were performed during the 15 month look back period.,,78,,,,,0,percent of total billed charges,78% of Billed Charges. Lesser of 100% of billed charges applies.; No services were performed during the 15 month look back period.,,78,,,,,0,percent of total billed charges,78% of Billed Charges. Lesser of 100% of billed charges applies.; No services were performed during the 15 month look back period.,,78,,,,,0,percent of total billed charges,78% of Billed Charges. Lesser of 100% of billed charges applies.; No services were performed during the 15 month look back period.,,78,,,,,0,percent of total billed charges,78% of Billed Charges. Lesser of 100% of billed charges applies.; No services were performed during the 15 month look back period.,,78,,,,,0,percent of total billed charges,78% of Billed Charges. Lesser of 100% of billed charges applies.; No services were performed during the 15 month look back period.,,78,,,,,0,percent of total billed charges,78% of Billed Charges. Lesser of 100% of billed charges applies.; No services were performed during the 15 month look back period.,,78,,,,,0,percent of total billed charges,78% of Billed Charges. Lesser of 100% of billed charges applies.; No services were performed during the 15 month look back period.,,78,,,,,0,percent of total billed charges,78% of Billed Charges. Lesser of 100% of billed charges applies.; No services were performed during the 15 month look back period.,,78,,,,,0,percent of total billed charges,78% of Billed Charges. Lesser of 100% of billed charges applies.; No services were performed during the 15 month look back period.,,78,,,,,0,percent of total billed charges,78% of Billed Charges. Lesser of 100% of billed charges applies.; No services were performed during the 15 month look back period.,,78,,,,,0,percent of total billed charges,78% of Billed Charges. Lesser of 100% of billed charges applies.; No services were performed during the 15 month look back period.,,78,,,,,0,percent of total billed charges,78% of Billed Charges. Lesser of 100% of billed charges applies.; No services were performed during the 15 month look back period.,,78,,,,,0,percent of total billed charges,78% of Billed Charges. Lesser of 100% of billed charges applies.; No services were performed during the 15 month look back period.,,78,,,,,0,percent of total billed charges,78% of Billed Charges. Lesser of 100% of billed charges applies.; No services were performed during the 15 month look back period.,,78,,,,,0,percent of total billed charges,78% of Billed Charges. Lesser of 100% of billed charges applies.; No services were performed during the 15 month look back period.,,78,,,,,0,percent of total billed charges,78% of Billed Charges. Lesser of 100% of billed charges applies.; No services were performed during the 15 month look back period.,,78,,,,,0,percent of total billed charges,78% of Billed Charges. Lesser of 100% of billed charges applies.; No services were performed during the 15 month look back period.,,78,,,,,0,percent of total billed charges,78% of Billed Charges. Lesser of 100% of billed charges applies.; No services were performed during the 15 month look back period.,,78,,,,,0,percent of total billed charges,78% of Billed Charges. Lesser of 100% of billed charges applies.; No services were performed during the 15 month look back period.,,78,,,,,0,percent of total billed charges,78% of Billed Charges. Lesser of 100% of billed charges applies.; No services were performed during the 15 month look back period.,8427,,,,,,,Case Rate,". Primary procedure pays at 100%, all subsequent at 50%.",8427,,,,,,,Case Rate,". Primary procedure pays at 100%, all subsequent at 50%.",8427,,,,,,,Case Rate,". Primary procedure pays at 100%, all subsequent at 50%.",8427,,,,,,,Case Rate,". Primary procedure pays at 100%, all subsequent at 50%.",12574,,,,,,,Case Rate,". Primary procedure pays at 100%, all subsequent at 50%.",12574,,,,,,,Case Rate,". Primary procedure pays at 100%, all subsequent at 50%.",6487,,,,,,,Case Rate,". MPL 100/50/25% maxmium of 3 procedures. All add ons apply, and lesser of 100% of billed charges",14557,,,,,,,Case Rate,". MPL 100/50/25% all add ons apply, and lesser of 100% of billed charges",16383.1,,,,,,,Case Rate,". MPL 100/50/25% all add ons apply, and lesser of 100% of billed charges",14557,,,,,,,Case Rate,". MPL 100/50/25% all add ons apply, and lesser of 100% of billed charges",,78,,,,,0,percent of total billed charges,78% of Billed Charges. Lesser of 100% of billed charges applies.; No services were performed during the 15 month look back period.,12574,,,,,,,Case Rate,". Primary procedure pays at 100%, all subsequent at 50%.",14557,,,,,,,Case Rate,". MPL 100/50/25% all add ons apply, and lesser of 100% of billed charges",16383.1,,,,,,,Case Rate,". MPL 100/50/25% all add ons apply, and lesser of 100% of billed charges",6487,,,,,,,Case Rate,". MPL 100/50/25% maxmium of 3 procedures. All add ons apply, and lesser of 100% of billed charges",,,,,,,,,"NA. ",,78,,,,,0,percent of total billed charges,78% of Billed Charges. Lesser of 100% of billed charges applies.; No services were performed during the 15 month look back period.,4158.49,,,,,,,Case Rate,"100 Percent of Medicaid APG. ",8427,,,,,,,Case Rate,". Primary procedure pays at 100%, all subsequent at 50%.",4158.49,,,,,,,Case Rate,"100 Percent of Medicaid APG. Not APG payable, or payable under another fee schedule like ASP/AWP pays at 30% of charges",7000,,,,,,,Case Rate,"100%Medicare OPPS FS. ",7000,,,,,,,Case Rate,"100% Medicare OPPS FS. ",25798,,,,,,,Case Rate,". MPL 100/75/50% all add ons apply, and lesser of 100% of billed charges",7000,,,,,,,Case Rate,"100% Medicare OPPS FS. ",7000,,,,,,,Case Rate,"100% Medicare OPPS FS. ",4158.49,,,,,,,Case Rate,"100 Percent of Medicaid APG. ",7000,,,,,,,Case Rate,"100% Medicare OPPS FS. ",7000,,,,,,,Case Rate,"100% Medicare OPPS FS. ",12266,,,,,,,Case Rate,". Primary procedure pays at 100%, secondary at 50%, all subsequent at 25%.  Lesser of applies when negotiated rates exceed charges less addons.",12266,,,,,,,Case Rate,". Primary procedure pays at 100%, secondary at 50%, all subsequent at 25%.  Lesser of applies when negotiated rates exceed charges less addons.",7000,,,,,,,Case Rate,"100% Medicare OPPS FS. ",6487,,,,,,,Case Rate,". MPL 100/50/25% maxmium of 3 procedures. All add ons apply, and lesser of 100% of billed charges",16383.1,,,,,,,Case Rate,". MPL 100/50/25% all add ons apply, and lesser of 100% of billed charges",16383.1,,,,,,,Case Rate,". MPL 100/50/25% all add ons apply, and lesser of 100% of billed charges",7000,,,,,,,Case Rate,"100% Medicare OPPS FS. ",6487,,,,,,,Case Rate,". MPL 100/50/25% maxmium of 3 procedures. All add ons apply, and lesser of 100% of billed charges",12266,,,,,,,Case Rate,". Primary procedure pays at 100%, secondary at 50%, all subsequent at 25%.  Lesser of applies when negotiated rates exceed charges less addons.",12266,,,,,,,Case Rate,". Primary procedure pays at 100%, secondary at 50%, all subsequent at 25%.  Lesser of applies when negotiated rates exceed charges less addons.",12266,,,,,,,Case Rate,". Primary procedure pays at 100%, secondary at 50%, all subsequent at 25%.  Lesser of applies when negotiated rates exceed charges less addons.",,78,,,,,0,percent of total billed charges,78% of Billed Charges. Lesser of 100% of billed charges applies.; No services were performed during the 15 month look back period.,,78,,,,,0,percent of total billed charges,78% of Billed Charges. Lesser of 100% of billed charges applies.; No services were performed during the 15 month look back period.,,78,,,,,0,percent of total billed charges,78% of Billed Charges. Lesser of 100% of billed charges applies.; No services were performed during the 15 month look back period.,,78,,,,,0,percent of total billed charges,78% of Billed Charges. Lesser of 100% of billed charges applies.; No services were performed during the 15 month look back period.,,78,,,,,0,percent of total billed charges,78% of Billed Charges. Lesser of 100% of billed charges applies.; No services were performed during the 15 month look back period.,,78,,,,,0,percent of total billed charges,78% of Billed Charges. Lesser of 100% of billed charges applies.; No services were performed during the 15 month look back period.,,78,,,,,0,percent of total billed charges,78% of Billed Charges. Lesser of 100% of billed charges applies.; No services were performed during the 15 month look back period.,,78,,,,,0,percent of total billed charges,78% of Billed Charges. Lesser of 100% of billed charges applies.; No services were performed during the 15 month look back period.,,78,,,,,0,percent of total billed charges,78% of Billed Charges. Lesser of 100% of billed charges applies.; No services were performed during the 15 month look back period.,,78,,,,,0,percent of total billed charges,78% of Billed Charges. Lesser of 100% of billed charges applies.; No services were performed during the 15 month look back period.,,78,,,,,0,percent of total billed charges,78% of Billed Charges. Lesser of 100% of billed charges applies.; No services were performed during the 15 month look back period.,12574,,,,,,,Case Rate,". Primary procedure pays at 100%, all subsequent at 50%.",14557,,,,,,,Case Rate,". MPL 100/50/25% all add ons apply, and lesser of 100% of billed charges",6487,,,,,,,Case Rate,". MPL 100/50/25% maxmium of 3 procedures. All add ons apply, and lesser of 100% of billed charges",7000,,,,,,,Case Rate,"100% Medicare OPPS FS. ",12266,,,,,,,Case Rate,". Primary procedure pays at 100%, secondary at 50%, all subsequent at 25%.  Lesser of applies when negotiated rates exceed charges less addons.",6487,,,,,,,Case Rate,". MPL 100/50/25% maxmium of 3 procedures. All add ons apply, and lesser of 100% of billed charges",6487,,,,,,,Case Rate,". MPL 100/50/25% maxmium of 3 procedures. All add ons apply, and lesser of 100% of billed charges",,78,,,,,0,percent of total billed charges,78% of Billed Charges. Lesser of 100% of billed charges applies.; No services were performed during the 15 month look back period.,8899.16,,,,,,,Case Rate,"214 Percent of Medicaid APG. Drugs not priced under APG, billed with revenue code 636 and not priced by Medicare ASP FeeSched will be reimbursed at 20% of charges.",6487,,,,,,,Case Rate,". MPL 100/50/25% maxmium of 3 procedures. All add ons apply, and lesser of 100% of billed charges",4158.49,,,,,,,Case Rate,"100 Percent of Medicaid APG. ",7000,,,,,,,Case Rate,"100% Medicare OPPS FS. ",7000,,,,,,,Case Rate,"100% Medicare OPPS FS. ",7000,,,,,,,Case Rate,"100% Medicare OPPS FS. ",7000,,,,,,,Case Rate,"100% Medicare OPPS FS. ",7000,,,,,,,Case Rate,"100% Medicare OPPS FS. ",7000,,,,,,,Case Rate,"100% Medicare OPPS FS. ",6487,,,,,,,Case Rate,". MPL 100/50/25% maxmium of 3 procedures. All add ons apply, and lesser of 100% of billed charges",25798,,,,,,,Case Rate,". MPL 100/75/50% all add ons apply, and lesser of 100% of billed charges",7485.28,,,,,,,Fee Schedule,"180 Percent of Medicaid APG. ",7485.28,,,,,,,Fee Schedule,"180 Percent of Medicaid APG. ",7485.28,,,,,,,Fee Schedule,"180 Percent of Medicaid APG. ",7485.28,,,,,,,Fee Schedule,"180 Percent of Medicaid APG. ",7485.28,,,,,,,Fee Schedule,"180 Percent of Medicaid APG. ",,,,,,,,,"NA. ",25798,,,,,,,Case Rate,". MPL 100/75/50% all add ons apply, and lesser of 100% of billed charges",13860,,,,,,,Case Rate,198 Percent of Medicare OPPS. Metroplus will reimburse unlisted codes and described codes with no Medicare rate at 50 percent of charges.,13860,,,,,,,Case Rate,198 Percent of Medicare OPPS. Metroplus will reimburse unlisted codes and described codes with no Medicare rate at 50 percent of charges.,13860,,,,,,,Case Rate,198 Percent of Medicare OPPS. Metroplus will reimburse unlisted codes and described codes with no Medicare rate at 50 percent of charges.,13860,,,,,,,Case Rate,198 Percent of Medicare OPPS. Metroplus will reimburse unlisted codes and described codes with no Medicare rate at 50 percent of charges.,13860,,,,,,,Case Rate,198 Percent of Medicare OPPS. Metroplus will reimburse unlisted codes and described codes with no Medicare rate at 50 percent of charges.,7000,,,,,,,Case Rate,"100% Medicare OPPS FS. ",12574,,,,,,,Case Rate,". Primary procedure pays at 100%, all subsequent at 50%.",12574,,,,,,,Case Rate,". Primary procedure pays at 100%, all subsequent at 50%.",12574,,,,,,,Case Rate,". Primary procedure pays at 100%, all subsequent at 50%.",12574,,,,,,,Case Rate,". Primary procedure pays at 100%, all subsequent at 50%.",12266,,,,,,,Case Rate,". Primary procedure pays at 100%, secondary at 50%, all subsequent at 25%.  Lesser of applies when negotiated rates exceed charges less addons.",12266,,,,,,,Case Rate,". Primary procedure pays at 100%, secondary at 50%, all subsequent at 25%.  Lesser of applies when negotiated rates exceed charges less addons.",12266,,,,,,,Case Rate,". Primary procedure pays at 100%, secondary at 50%, all subsequent at 25%.  Lesser of applies when negotiated rates exceed charges less addons.",12266,,,,,,,Case Rate,". Primary procedure pays at 100%, secondary at 50%, all subsequent at 25%.  Lesser of applies when negotiated rates exceed charges less addons.",25798,,,,,,,Case Rate,". MPL 100/75/50% all add ons apply, and lesser of 100% of billed charges",25798,,,,,,,Case Rate,". MPL 100/75/50% all add ons apply, and lesser of 100% of billed charges",7000,,,,,,,Case Rate,"100% Medicare OPPS FS. ",7000,,,,,,,Case Rate,"100% Medicare OPPS FS. ",7000,,,,,,,Case Rate,"100% Medicare OPPS FS. ",14557,,,,,,,Case Rate,". MPL 100/50/25% all add ons apply, and lesser of 100% of billed charges",14557,,,,,,,Case Rate,". MPL 100/50/25% all add ons apply, and lesser of 100% of billed charges",14557,,,,,,,Case Rate,". MPL 100/50/25% all add ons apply, and lesser of 100% of billed charges",25798,,,,,,,Case Rate,". MPL 100/75/50% all add ons apply, and lesser of 100% of billed charges",12266,,,,,,,Case Rate,". Primary procedure pays at 100%, secondary at 50%, all subsequent at 25%.  Lesser of applies when negotiated rates exceed charges less addons.",7000,,,,,,,Case Rate,"100% Medicare OPPS FS. ",14557,,,,,,,Case Rate,". MPL 100/50/25% all add ons apply, and lesser of 100% of billed charges",4158.49,,,,,,,Case Rate,"100 Percent of Medicaid APG. ",7140,,,,,,,Case Rate,"102% of Medicare OPPS. ",7140,,,,,,,Case Rate,"102% of Medicare OPPS. ",7140,,,,,,,Case Rate,"102% of Medicare OPPS. ",4158.49,,,,,,,Case rate,"100 Percent of Medicaid APG. ",9356.6,,,,,,,Case Rate,225% of NYS APG. Lesser of 100% of billed charges applies.,9356.6,,,,,,,Case Rate,225% of NYS APG. Lesser of 100% of billed charges applies.,9356.6,,,,,,,Case Rate,225% of NYS APG. Lesser of 100% of billed charges applies.,9356.6,,,,,,,Case Rate,225% of NYS APG. Lesser of 100% of billed charges applies.,9356.6,,,,,,,Case Rate,225% of NYS APG. Lesser of 100% of billed charges applies.,7140,,,,,,,Case Rate,"102% of Medicare OPPS. ",4158.49,,,,,,,Case Rate,"100 Percent of Medicaid APG. ",2478.14,,,,,,,Case Rate,100% of PAS. Lesser of 100% of billed charges applies.,9356.6,,,,,,,Case Rate,225% of NYS APG. Lesser of 100% of billed charges applies.,9356.6,,,,,,,Case Rate,225% of NYS APG. Lesser of 100% of billed charges applies.,2478.14,,,,,,,Case Rate,100% of PAS. Lesser of 100% of billed charges applies.,2478.14,,,,,,,Case Rate,100% of PAS. Lesser of 100% of billed charges applies.,7485.28,,,,,,,Fee Schedule,"180 Percent of Medicaid APG. ",7000,,,,,,,Case Rate,"100% Medicare OPPS FS. ",7000,,,,,,,Case Rate,"100% Medicare OPPS FS. ",12266,,,,,,,Case Rate,". Primary procedure pays at 100%, secondary at 50%, all subsequent at 25%.  Lesser of applies when negotiated rates exceed charges less addons.",7000,,,,,,,Case Rate,"100% Medicare OPPS FS. ",9356.6,,,,,,,Case Rate,"225 Percent of Medicaid APG. ",9356.6,,,,,,,Case Rate,"225 Percent of Medicaid APG. ",4158.49,,,,,,,Case rate,"100 Percent of Medicaid APG. ",4158.49,,,,,,,Case rate,"100 Percent of Medicaid APG. ",9356.6,,,,,,,Case Rate,225 Percent of Medicaid APG. Covered services not payable under Medicaid Fee Schedules default to a payment of 87.5 percent of charges.,4158.49,,,,,,,Case rate,124 Percent of Medicaid APG. Covered services not payable under Medicaid Fee Schedules default to a payment of 50 percent of charges.,9356.6,,,,,,,Case Rate,"100 Percent of Medicaid APG. ",9356.6,,,,,,,Case Rate,"100 Percent of Medicaid APG. ",9356.6,,,,,,,Case Rate,"100 Percent of Medicaid APG. ",9356.6,,,,,,,Case Rate,"100 Percent of Medicaid APG. ",13453,,,,,,,Case Rate,". MPL 100/75/50% all add ons apply, and lesser of 100% of billed charges",25798,,,,,,,Case Rate,". MPL 100/75/50% all add ons apply, and lesser of 100% of billed charges",4990.18,,,,,,,Case Rate,"120 Percent of Medicaid APG. Not APG payable, or payable under another fee schedule like ASP/AWP pays at 30% of charges",4990.18,,,,,,,Case Rate,"120 Percent of Medicaid APG. Not APG payable, or payable under another fee schedule like ASP/AWP pays at 30% of charges",4158.49,,,,,,,Case Rate,"100 Percent of Medicaid APG. Not APG payable, or payable under another fee schedule like ASP/AWP pays at 30% of charges",4158.49,,,,,,,Case Rate,"100 Percent of Medicaid APG. Not APG payable, or payable under another fee schedule like ASP/AWP pays at 30% of charges",14557,,,,,,,Case Rate,". MPL 100/50/25% all add ons apply, and lesser of 100% of billed charges",14557,,,,,,,Case Rate,". MPL 100/50/25% all add ons apply, and lesser of 100% of billed charges",7000,,,,,,,Case Rate,"100% Medicare OPPS FS. ",14557,,,,,,,Case Rate,". MPL 100/50/25% all add ons apply, and lesser of 100% of billed charges",14557,,,,,,,Case Rate,". MPL 100/50/25% all add ons apply, and lesser of 100% of billed charges",14557,,,,,,,Case Rate,". MPL 100/50/25% all add ons apply, and lesser of 100% of billed charges",14557,,,,,,,Case Rate,". MPL 100/50/25% all add ons apply, and lesser of 100% of billed charges",7000,,,,,,,Case Rate,"100% Medicare OPPS FS. ",14557,,,,,,,Case Rate,". MPL 100/50/25% all add ons apply, and lesser of 100% of billed charges",14557,,,,,,,Case Rate,". MPL 100/50/25% all add ons apply, and lesser of 100% of billed charges",12266,,,,,,,Case Rate,". Primary procedure pays at 100%, secondary at 50%, all subsequent at 25%.  Lesser of applies when negotiated rates exceed charges less addons.",4158.49,,,,,,,Fee Schedule,100% APG. Lesser of 100% of billed charges applies.,4158.49,,,,,,,Case rate,124 Percent of Medicaid APG. Covered services not payable under Medicaid Fee Schedules default to a payment of 50 percent of charges.,9356.6,,,,,,,Case Rate,225% of NYS APG. Lesser of 100% of billed charges applies.,9356.6,,,,,,,Case Rate,225 Percent of Medicaid APG. Covered services not payable under Medicaid Fee Schedules default to a payment of 87.5 percent of charges.,4158.49,,,,,,,Case rate,124 Percent of Medicaid APG. Covered services not payable under Medicaid Fee Schedules default to a payment of 50 percent of charges.,9356.6,,,,,,,Case Rate,225% of NYS APG. Lesser of 100% of billed charges applies.,9356.6,,,,,,,Case Rate,225% of NYS APG. Lesser of 100% of billed charges applies.,9356.6,,,,,,,Case Rate,225% of NYS APG. Lesser of 100% of billed charges applies.,9356.6,,,,,,,Case Rate,225% of NYS APG. Lesser of 100% of billed charges applies.,9356.6,,,,,,,Case Rate,225% of NYS APG. Lesser of 100% of billed charges applies.,9356.6,,,,,,,Case Rate,225% of NYS APG. Lesser of 100% of billed charges applies.,,,,,,,,,"NA. ",,,,,,,,,"NA. ",,,,,,,,,"NA. ",6487,,,,,,,Case Rate,". MPL 100/50/25% maxmium of 3 procedures. All add ons apply, and lesser of 100% of billed charges",,,,,,,,,"NA. ",7000,,,,,,,Case Rate,"100% Medicare OPPS FS. ",9740,,,,,,,Case Rate,". MPL 1st 100% of Payment Rate 50% of all others, all add ons apply, and lesser of 100% of billed charges.",7000,,,,,,,Case Rate,"100% Medicare OPPS FS. ",7000,,,,,,,Case Rate,"100% Medicare OPPS FS. ",4990.18,,,,,,,Case Rate,"120 Percent of Medicaid APG. Not APG payable, or payable under another fee schedule like ASP/AWP pays at 30% of charges",4990.18,,,,,,,Case Rate,"120 Percent of Medicaid APG. Not APG payable, or payable under another fee schedule like ASP/AWP pays at 30% of charges",4158.49,,,,,,,Case Rate,"100 Percent of Medicaid APG. Not APG payable, or payable under another fee schedule like ASP/AWP pays at 30% of charges",4158.49,,,,,,,Case Rate,"100 Percent of Medicaid APG. Not APG payable, or payable under another fee schedule like ASP/AWP pays at 30% of charges",4158.49,,,,,,,Case Rate,"100 Percent of Medicaid APG. ",7163,,,,,,,Case Rate,". ",12266,,,,,,,Case Rate,". Primary procedure pays at 100%, secondary at 50%, all subsequent at 25%.  Lesser of applies when negotiated rates exceed charges less addons.",8427,,,,,,,Case Rate,". Primary procedure pays at 100%, all subsequent at 50%.",6487,,,,,,,Case Rate,". MPL 100/50/25% maxmium of 3 procedures. All add ons apply, and lesser of 100% of billed charges",7000,,,,,,,Case Rate,"100%Medicare OPPS FS. ",7000,,,,,,,Case Rate,"100% Medicare OPPS FS. ",7000,,,,,,,Case Rate,"100% Medicare OPPS FS. ",7000,,,,,,,Case Rate,"100% Medicare OPPS FS. ",7000,,,,,,,Case Rate,"100%Medicare OPPS FS. ",7000,,,,,,,Case Rate,"100% Medicare OPPS FS. ",,,,,,,,,"NA. ",9356.6,,,,,,,Case Rate,225% of NYS APG. Lesser of 100% of billed charges applies.,2478.14,,,,,,,Case Rate,100% of PAS. Lesser of 100% of billed charges applies.,14557,,,,,,,Case Rate,". MPL 100/50/25% all add ons apply, and lesser of 100% of billed charges",7163,,,,,,,Case Rate,". ",7163,,,,,,,Case Rate,". ",7163,,,,,,,Case Rate,". ",7163,,,,,,,Case Rate,". ",7000,,,,,,,Case Rate,"100% Medicare OPPS FS. ",4158.49,,,,,,,Case Rate,"100 Percent of Medicaid APG. ",14557,,,,,,,Case Rate,". MPL 100/50/25% all add ons apply, and lesser of 100% of billed charges",4158.49,,,,,,,Case Rate,"100 Percent of Medicaid APG. ",7000,,,,,,,Case Rate,"100% Medicare OPPS FS. ",4158.49,,,,,,,Case Rate,"100 Percent of Medicaid APG. ",7000,,,,,,,Case Rate,"100% Medicare OPPS FS. ",7000,,,,,,,Case Rate,"100% Medicare OPPS FS. ",4158.49,,,,,,,Case Rate,"100 Percent of Medicaid APG. ",4158.49,,,,,,,Case Rate,"100 Percent of Medicaid APG. ",7163,,,,,,,Case Rate,". ",6487,,,,,,,Case Rate,". MPL 100/50/25% maxmium of 3 procedures. All add ons apply, and lesser of 100% of billed charges",,78,,,,,0,percent of total billed charges,78% of Billed Charges. Lesser of 100% of billed charges applies.; No services were performed during the 15 month look back period.,16383.1,,,,,,,Case Rate,". MPL 100/50/25% all add ons apply, and lesser of 100% of billed charges",16383.1,,,,,,,Case Rate,". MPL 100/50/25% all add ons apply, and lesser of 100% of billed charges",12266,,,,,,,Case Rate,". Primary procedure pays at 100%, secondary at 50%, all subsequent at 25%.  Lesser of applies when negotiated rates exceed charges less addons.",3818.85,,,,,,,Case Rate,"83% HF Fee schedule. ",12574,,,,,,,Case Rate,". Primary procedure pays at 100%, all subsequent at 50%.",12574,,,,,,,Case Rate,". Primary procedure pays at 100%, all subsequent at 50%.",11646,,,,,,,Case Rate,". MPL 100/50/25% all add ons apply, and lesser of 100% of billed charges",11646,,,,,,,Case Rate,". MPL 100/50/25% all add ons apply, and lesser of 100% of billed charges",7000,,,,,,,Case Rate,"100% Medicare OPPS FS. ",7000,,,,,,,Case Rate,"100% Medicare OPPS FS. ",7000,,,,,,,Case Rate,"100% Medicare OPPS FS. ",7000,,,,,,,Case Rate,"100% Medicare OPPS FS. ",16383.1,,,,,,,Case Rate,". MPL 100/50/25% all add ons apply, and lesser of 100% of billed charges",14557,,,,,,,Case Rate,". MPL 100/50/25% all add ons apply, and lesser of 100% of billed charges",14557,,,,,,,Case Rate,". MPL 100/50/25% all add ons apply, and lesser of 100% of billed charges",7000,,,,,,,Case Rate,"100% Medicare OPPS FS. ",11646,,,,,,,Case Rate,". MPL 100/50/25% all add ons apply, and lesser of 100% of billed charges",8427,,,,,,,Case Rate,". Primary procedure pays at 100%, all subsequent at 50%.",4990.18,,,,,,,Fee Schedule,"120 Percent of Medicaid APG. ",4158.49,,,,,,,Case Rate,"100 Percent of Medicaid APG. ",7163,,,,,,,Case Rate,". ",13101,,,,,,,Case Rate,". MPL 100/50/25% all add ons apply, and lesser of 100% of billed charges",13101,,,,,,,Case Rate,". MPL 100/50/25% all add ons apply, and lesser of 100% of billed charges",14557,,,,,,,Case Rate,". MPL 100/50/25% all add ons apply, and lesser of 100% of billed charges",14948,,,,,,,Case Rate,". MPL 100/75/50% all add ons apply, and lesser of 100% of billed charges",7000,,,,,,,Case Rate,"100%Medicare OPPS FS. ",4366.41,,,,,,,Fee Schedule,105 percent of Medicaid APG. otherwise 105% of Ordered NYS MCD FS or 105% of ASP+6%,4366.41,,,,,,,Fee Schedule,105 percent of Medicaid APG. otherwise 105% of Ordered NYS MCD FS or 105% of ASP+6%,4366.41,,,,,,,Fee Schedule,105 percent of Medicaid APG. otherwise 105% of Ordered NYS MCD FS or 105% of ASP+6%,5613.96,,,,,,,Fee Schedule,135 percent of Medicaid APG. otherwise 135% of Ordered NYS MCD FS or 135% of ASP+6%,16383.1,,,,,,,Case Rate,". MPL 100/50/25% all add ons apply, and lesser of 100% of billed charges",4366.41,,,,,,,Fee Schedule,105 percent of Medicaid APG. otherwise 105% of Ordered NYS MCD FS or 105% of ASP+6%,4366.41,,,,,,,Fee Schedule,105 percent of Medicaid APG. otherwise 105% of Ordered NYS MCD FS or 105% of ASP+6%,4366.41,,,,,,,Fee Schedule,105 percent of Medicaid APG. otherwise 105% of Ordered NYS MCD FS or 105% of ASP+6%,4366.41,,,,,,,Fee Schedule,105 percent of Medicaid APG. otherwise 105% of Ordered NYS MCD FS or 105% of ASP+6%,4366.41,,,,,,,Fee Schedule,105 percent of Medicaid APG. otherwise 105% of Ordered NYS MCD FS or 105% of ASP+6%,5613.96,,,,,,,Fee Schedule,135 percent of Medicaid APG. otherwise 135% of Ordered NYS MCD FS or 135% of ASP+6%,5613.96,,,,,,,Fee Schedule,135 percent of Medicaid APG. otherwise 135% of Ordered NYS MCD FS or 135% of ASP+6%,7000,,,,,,,Case Rate,"100% Medicare OPPS FS. ",16383.1,,,,,,,Case Rate,". MPL 100/50/25% all add ons apply, and lesser of 100% of billed charges",7000,,,,,,,Case Rate,"100% Medicare OPPS FS. ",4366.41,,,,,,,Fee Schedule,105 percent of Medicaid APG. otherwise 105% of Ordered NYS MCD FS or 105% of ASP+6%,14557,,,,,,,Case Rate,". MPL 100/50/25% all add ons apply, and lesser of 100% of billed charges",7000,,,,,,,Case Rate,"100% Medicare OPPS FS. ",14557,,,,,,,Case Rate,". MPL 100/50/25% all add ons apply, and lesser of 100% of billed charges",14557,,,,,,,Case Rate,". MPL 100/50/25% all add ons apply, and lesser of 100% of billed charges",14557,,,,,,,Case Rate,". MPL 100/50/25% all add ons apply, and lesser of 100% of billed charges",4366.41,,,,,,,Fee Schedule,105 percent of Medicaid APG. otherwise 105% of Ordered NYS MCD FS or 105% of ASP+6%,7000,,,,,,,Case Rate,"100% Medicare OPPS FS. ",14557,,,,,,,Case Rate,". MPL 100/50/25% all add ons apply, and lesser of 100% of billed charges",5613.96,,,,,,,Fee Schedule,135 percent of Medicaid APG. otherwise 135% of Ordered NYS MCD FS or 135% of ASP+6%,14557,,,,,,,Case Rate,". MPL 100/50/25% all add ons apply, and lesser of 100% of billed charges",,200,,,,,0,Case Rate,200% of Medicare OPPS. ; No services were performed during the 15 month look back period.,7000,,,,,,,Case Rate,"100%Medicare OPPS FS. ",7163,,,,,,,Case Rate,". ",7163,,,,,,,Case Rate,". ",7163,,,,,,,Case Rate,". ",7163,,,,,,,Case Rate,". ",7163,,,,,,,Case Rate,". ",8427,,,,,,,Case Rate,". Primary procedure pays at 100%, all subsequent at 50%.",8427,,,,,,,Case Rate,". Primary procedure pays at 100%, all subsequent at 50%.",7163,,,,,,,Case Rate,". ",7163,,,,,,,Case Rate,". ",7163,,,,,,,Case Rate,". ",7163,,,,,,,Case Rate,". ",7163,,,,,,,Case Rate,". ",7000,,,,,,,Case Rate,"100% Medicare OPPS FS. ",8427,,,,,,,Case Rate,". Primary procedure pays at 100%, all subsequent at 50%.",7000,,,,,,,Case Rate,"100% Medicare OPPS FS. ",9356.6,,,,,,,Case Rate,"225 Percent of Medicaid APG. If not included in Medicaid APG, then 100 Percent of Manhattan Medicare",4158.49,,,,,,,Case Rate,"100 Percent of Medicaid APG. ",16383.1,,,,,,,Case Rate,". MPL 100/50/25% all add ons apply, and lesser of 100% of billed charges",16383.1,,,,,,,Case Rate,". MPL 100/50/25% all add ons apply, and lesser of 100% of billed charges",7000,,,,,,,Case Rate,"100% Medicare OPPS FS. ",12574,,,,,,,Case Rate,". Primary procedure pays at 100%, all subsequent at 50%.",7000,,,,,,,Case Rate,"100% Medicare OPPS FS. ",7000,,,,,,,Case Rate,"100% Medicare OPPS FS. ",12266,,,,,,,Case Rate,". Primary procedure pays at 100%, secondary at 50%, all subsequent at 25%.  Lesser of applies when negotiated rates exceed charges less addons.",7000,,,,,,,Case Rate,"100% Medicare OPPS FS. ",6487,,,,,,,Case Rate,". MPL 100/50/25% maxmium of 3 procedures. All add ons apply, and lesser of 100% of billed charges",7000,,,,,,,Case Rate,"100% Medicare OPPS FS. ",6487,,,,,,,Case Rate,". MPL 100/50/25% maxmium of 3 procedures. All add ons apply, and lesser of 100% of billed charges",12266,,,,,,,Case Rate,". Primary procedure pays at 100%, secondary at 50%, all subsequent at 25%.  Lesser of applies when negotiated rates exceed charges less addons.",6487,,,,,,,Case Rate,". MPL 100/50/25% maxmium of 3 procedures. All add ons apply, and lesser of 100% of billed charges",7000,,,,,,,Case Rate,"100% Medicare OPPS FS. ",4158.49,,,,,,,Case Rate,"100 Percent of Medicaid APG. ",7000,,,,,,,Case Rate,"100% Medicare OPPS FS. ",6487,,,,,,,Case Rate,". MPL 100/50/25% maxmium of 3 procedures. All add ons apply, and lesser of 100% of billed charges",16383.1,,,,,,,Case Rate,". MPL 100/50/25% all add ons apply, and lesser of 100% of billed charges",4158.49,,,,,,,Case Rate,"100 Percent of Medicaid APG. ",14557,,,,,,,Case Rate,". MPL 100/50/25% all add ons apply, and lesser of 100% of billed charges",4990.18,,,,,,,Fee Schedule,"120 Percent of Medicaid APG. ",4990.18,,,,,,,Fee Schedule,"120 Percent of Medicaid APG. ",14557,,,,,,,Case Rate,". MPL 100/50/25% all add ons apply, and lesser of 100% of billed charges",14557,,,,,,,Case Rate,". MPL 100/50/25% all add ons apply, and lesser of 100% of billed charges",14557,,,,,,,Case Rate,". MPL 100/50/25% all add ons apply, and lesser of 100% of billed charges",16383.1,,,,,,,Case Rate,". MPL 100/50/25% all add ons apply, and lesser of 100% of billed charges",14557,,,,,,,Case Rate,". MPL 100/50/25% all add ons apply, and lesser of 100% of billed charges",14557,,,,,,,Case Rate,". MPL 100/50/25% all add ons apply, and lesser of 100% of billed charges",14557,,,,,,,Case Rate,". MPL 100/50/25% all add ons apply, and lesser of 100% of billed charges",7163,,,,,,,Case Rate,". ",7163,,,,,,,Case Rate,". ",13860,,,,,,,Case Rate,198 Percent of Medicare OPPS. Metroplus will reimburse unlisted codes and described codes with no Medicare rate at 50 percent of charges.,4158.49,,,,,,,Case Rate,"100 Percent of Medicaid APG. ",16383.1,,,,,,,Case Rate,". MPL 100/50/25% all add ons apply, and lesser of 100% of billed charges",6487,,,,,,,Case Rate,". MPL 100/50/25% maxmium of 3 procedures. All add ons apply, and lesser of 100% of billed charges",12266,,,,,,,Case Rate,". Primary procedure pays at 100%, secondary at 50%, all subsequent at 25%.  Lesser of applies when negotiated rates exceed charges less addons.",16383.1,,,,,,,Case Rate,". MPL 100/50/25% all add ons apply, and lesser of 100% of billed charges",12266,,,,,,,Case Rate,". Primary procedure pays at 100%, secondary at 50%, all subsequent at 25%.  Lesser of applies when negotiated rates exceed charges less addons.",16383.1,,,,,,,Case Rate,". MPL 100/50/25% all add ons apply, and lesser of 100% of billed charges",14557,,,,,,,Case Rate,". MPL 100/50/25% all add ons apply, and lesser of 100% of billed charges",14557,,,,,,,Case Rate,". MPL 100/50/25% all add ons apply, and lesser of 100% of billed charges",14557,,,,,,,Case Rate,". MPL 100/50/25% all add ons apply, and lesser of 100% of billed charges",14557,,,,,,,Case Rate,". MPL 100/50/25% all add ons apply, and lesser of 100% of billed charges",7000,,,,,,,Case Rate,"100% Medicare OPPS FS. ",2478.14,25798,
21343,CPT,,,490,RC,OPEN TX DPRSD FRONT SINUS FX,,,both,,,,1008,,,,,,,Fee Schedule,"100 % 1199 Fee Schedule. ",1008,,,,,,,Fee Schedule,"100 % 1199 Fee Schedule. ",12266,,,,,,,Case Rate,". Primary procedure pays at 100%, secondary at 50%, all subsequent at 25%.  Lesser of applies when negotiated rates exceed charges less addons.",,100,,,,,0,percent of total billed charges,100 percent of billed charges. ; No services were performed during the 15 month look back period.,,,,,,,,Other,"Not Payable. ",12266,,,,,,,Case Rate,". Primary procedure pays at 100%, secondary at 50%, all subsequent at 25%.  Lesser of applies when negotiated rates exceed charges less addons.",12266,,,,,,,Case Rate,". Primary procedure pays at 100%, secondary at 50%, all subsequent at 25%.  Lesser of applies when negotiated rates exceed charges less addons.",12266,,,,,,,Case Rate,". Primary procedure pays at 100%, secondary at 50%, all subsequent at 25%.  Lesser of applies when negotiated rates exceed charges less addons.",3993.83,,,,,,,Case Rate,"100 Percent of Medicaid APG. ",3328.19,,,,,,,Case Rate,"100 Percent of Medicaid APG. ",,78,,,,,0,percent of total billed charges,78% of Billed Charges. Lesser of 100% of billed charges applies.; No services were performed during the 15 month look back period.,16383.1,,,,,,,Case Rate,". MPL 100/50/25% all add ons apply, and lesser of 100% of billed charges",3328.19,,,,,,,Case Rate,"100 Percent of Medicaid APG. ",,,,,,,,Other,"Not Payable. ",,60,,,,,0,percent of total billed charges,60 percent of billed charges; No services were performed during the 15 month look back period.,,60,,,,,0,percent of total billed charges,60 percent of billed charges; No services were performed during the 15 month look back period.,,60,,,,,0,percent of total billed charges,60 percent of billed charges; No services were performed during the 15 month look back period.,,60,,,,,0,percent of total billed charges,60 percent of billed charges; No services were performed during the 15 month look back period.,3328.19,,,,,,,Case rate,124 Percent of Medicaid APG. Covered services not payable under Medicaid Fee Schedules default to a payment of 50 percent of charges.,,,,,,,,Other,"Not Payable. ",3328.19,,,,,,,Case rate,124 Percent of Medicaid APG. Covered services not payable under Medicaid Fee Schedules default to a payment of 50 percent of charges.,,78,,,,,0,percent of total billed charges,78% of Billed Charges. Lesser of 100% of billed charges applies.; No services were performed during the 15 month look back period.,12266,,,,,,,Case Rate,". Primary procedure pays at 100%, secondary at 50%, all subsequent at 25%.  Lesser of applies when negotiated rates exceed charges less addons.",,,,,,,,Other,"Not Payable. ",8427,,,,,,,Case Rate,". Primary procedure pays at 100%, all subsequent at 50%.",,,,,,,,Other,"Not Payable. ",,,,,,,,Other,"Not Payable. ",,78,,,,,0,percent of total billed charges,78% of Billed Charges. Lesser of 100% of billed charges applies.; No services were performed during the 15 month look back period.,1132.76,,,,,,,Fee Schedule,90 Percent of Medicare RBRVS. Lesser of 100% of billed charges applies.,1132.76,,,,,,,Fee Schedule,90 Percent of Medicare RBRVS. Lesser of 100% of billed charges applies.,3328.19,,,,,,,Case rate,"100 Percent of Medicaid APG. ",3328.19,,,,,,,Case rate,"100 Percent of Medicaid APG. ",8427,,,,,,,Case Rate,". Primary procedure pays at 100%, all subsequent at 50%.",8427,,,,,,,Case Rate,". Primary procedure pays at 100%, all subsequent at 50%.",3328.19,,,,,,,Case Rate,"100 Percent of Medicaid APG. Not APG payable, or payable under another fee schedule like ASP/AWP pays at 30% of charges",8427,,,,,,,Case Rate,". Primary procedure pays at 100%, all subsequent at 50%.",3328.19,,,,,,,Case Rate,"100 Percent of Medicaid APG. Not APG payable, or payable under another fee schedule like ASP/AWP pays at 30% of charges",,,,,,,,Other,"Not Payable. ",8427,,,,,,,Case Rate,". Primary procedure pays at 100%, all subsequent at 50%.",,78,,,,,0,percent of total billed charges,78% of Billed Charges. Lesser of 100% of billed charges applies.; No services were performed during the 15 month look back period.,3328.19,,,,,,,Case Rate,"100 Percent of Medicaid APG. ",3328.19,,,,,,,Case Rate,"100 Percent of Medicaid APG. ",,78,,,,,0,percent of total billed charges,78% of Billed Charges. Lesser of 100% of billed charges applies.; No services were performed during the 15 month look back period.,,60,,,,,0,percent of total billed charges,60 percent of billed charges; No services were performed during the 15 month look back period.,14572,,,,,,,Case Rate,". MPL 100/50/25% all add ons apply, and lesser of 100% of billed charges",14572,,,,,,,Case Rate,". MPL 100/50/25% all add ons apply, and lesser of 100% of billed charges",,78,,,,,0,percent of total billed charges,78% of Billed Charges. Lesser of 100% of billed charges applies.; No services were performed during the 15 month look back period.,,,,,,,,Other,"Not Payable. ",16383.1,,,,,,,Case Rate,". MPL 100/50/25% all add ons apply, and lesser of 100% of billed charges",16383.1,,,,,,,Case Rate,". MPL 100/50/25% all add ons apply, and lesser of 100% of billed charges",16383.1,,,,,,,Case Rate,". MPL 100/50/25% all add ons apply, and lesser of 100% of billed charges",,,,,,,,Other,"Not Payable. ",16383.1,,,,,,,Case Rate,". MPL 100/50/25% all add ons apply, and lesser of 100% of billed charges",16383.1,,,,,,,Case Rate,". MPL 100/50/25% all add ons apply, and lesser of 100% of billed charges",,,,,,,,Other,"Not Payable. ",25798,,,,,,,Case Rate,". MPL 100/75/50% all add ons apply, and lesser of 100% of billed charges",14557,,,,,,,Case Rate,". MPL 100/50/25% all add ons apply, and lesser of 100% of billed charges",14557,,,,,,,Case Rate,". MPL 100/50/25% all add ons apply, and lesser of 100% of billed charges",14557,,,,,,,Case Rate,". MPL 100/50/25% all add ons apply, and lesser of 100% of billed charges",14557,,,,,,,Case Rate,". MPL 100/50/25% all add ons apply, and lesser of 100% of billed charges",14557,,,,,,,Case Rate,". MPL 100/50/25% all add ons apply, and lesser of 100% of billed charges",14557,,,,,,,Case Rate,". MPL 100/50/25% all add ons apply, and lesser of 100% of billed charges",,,,,,,,Other,"Not Payable. ",,,,,,,,Other,"Not Payable. ",14557,,,,,,,Case Rate,". MPL 100/50/25% all add ons apply, and lesser of 100% of billed charges",,78,,,,,0,percent of total billed charges,78% of Billed Charges. Lesser of 100% of billed charges applies.; No services were performed during the 15 month look back period.,,78,,,,,0,percent of total billed charges,78% of Billed Charges. Lesser of 100% of billed charges applies.; No services were performed during the 15 month look back period.,,78,,,,,0,percent of total billed charges,78% of Billed Charges. Lesser of 100% of billed charges applies.; No services were performed during the 15 month look back period.,,78,,,,,0,percent of total billed charges,78% of Billed Charges. Lesser of 100% of billed charges applies.; No services were performed during the 15 month look back period.,,78,,,,,0,percent of total billed charges,78% of Billed Charges. Lesser of 100% of billed charges applies.; No services were performed during the 15 month look back period.,,78,,,,,0,percent of total billed charges,78% of Billed Charges. Lesser of 100% of billed charges applies.; No services were performed during the 15 month look back period.,,78,,,,,0,percent of total billed charges,78% of Billed Charges. Lesser of 100% of billed charges applies.; No services were performed during the 15 month look back period.,,78,,,,,0,percent of total billed charges,78% of Billed Charges. Lesser of 100% of billed charges applies.; No services were performed during the 15 month look back period.,,78,,,,,0,percent of total billed charges,78% of Billed Charges. Lesser of 100% of billed charges applies.; No services were performed during the 15 month look back period.,,78,,,,,0,percent of total billed charges,78% of Billed Charges. Lesser of 100% of billed charges applies.; No services were performed during the 15 month look back period.,,78,,,,,0,percent of total billed charges,78% of Billed Charges. Lesser of 100% of billed charges applies.; No services were performed during the 15 month look back period.,,78,,,,,0,percent of total billed charges,78% of Billed Charges. Lesser of 100% of billed charges applies.; No services were performed during the 15 month look back period.,,78,,,,,0,percent of total billed charges,78% of Billed Charges. Lesser of 100% of billed charges applies.; No services were performed during the 15 month look back period.,,78,,,,,0,percent of total billed charges,78% of Billed Charges. Lesser of 100% of billed charges applies.; No services were performed during the 15 month look back period.,,78,,,,,0,percent of total billed charges,78% of Billed Charges. Lesser of 100% of billed charges applies.; No services were performed during the 15 month look back period.,,78,,,,,0,percent of total billed charges,78% of Billed Charges. Lesser of 100% of billed charges applies.; No services were performed during the 15 month look back period.,,78,,,,,0,percent of total billed charges,78% of Billed Charges. Lesser of 100% of billed charges applies.; No services were performed during the 15 month look back period.,,78,,,,,0,percent of total billed charges,78% of Billed Charges. Lesser of 100% of billed charges applies.; No services were performed during the 15 month look back period.,,78,,,,,0,percent of total billed charges,78% of Billed Charges. Lesser of 100% of billed charges applies.; No services were performed during the 15 month look back period.,,78,,,,,0,percent of total billed charges,78% of Billed Charges. Lesser of 100% of billed charges applies.; No services were performed during the 15 month look back period.,,78,,,,,0,percent of total billed charges,78% of Billed Charges. Lesser of 100% of billed charges applies.; No services were performed during the 15 month look back period.,,78,,,,,0,percent of total billed charges,78% of Billed Charges. Lesser of 100% of billed charges applies.; No services were performed during the 15 month look back period.,,78,,,,,0,percent of total billed charges,78% of Billed Charges. Lesser of 100% of billed charges applies.; No services were performed during the 15 month look back period.,,78,,,,,0,percent of total billed charges,78% of Billed Charges. Lesser of 100% of billed charges applies.; No services were performed during the 15 month look back period.,,78,,,,,0,percent of total billed charges,78% of Billed Charges. Lesser of 100% of billed charges applies.; No services were performed during the 15 month look back period.,,78,,,,,0,percent of total billed charges,78% of Billed Charges. Lesser of 100% of billed charges applies.; No services were performed during the 15 month look back period.,8427,,,,,,,Case Rate,". Primary procedure pays at 100%, all subsequent at 50%.",8427,,,,,,,Case Rate,". Primary procedure pays at 100%, all subsequent at 50%.",8427,,,,,,,Case Rate,". Primary procedure pays at 100%, all subsequent at 50%.",8427,,,,,,,Case Rate,". Primary procedure pays at 100%, all subsequent at 50%.",12574,,,,,,,Case Rate,". Primary procedure pays at 100%, all subsequent at 50%.",12574,,,,,,,Case Rate,". Primary procedure pays at 100%, all subsequent at 50%.",,60,,,,,0,percent of total billed charges,60 percent of billed charges; No services were performed during the 15 month look back period.,14557,,,,,,,Case Rate,". MPL 100/50/25% all add ons apply, and lesser of 100% of billed charges",16383.1,,,,,,,Case Rate,". MPL 100/50/25% all add ons apply, and lesser of 100% of billed charges",14557,,,,,,,Case Rate,". MPL 100/50/25% all add ons apply, and lesser of 100% of billed charges",,78,,,,,0,percent of total billed charges,78% of Billed Charges. Lesser of 100% of billed charges applies.; No services were performed during the 15 month look back period.,12574,,,,,,,Case Rate,". Primary procedure pays at 100%, all subsequent at 50%.",14557,,,,,,,Case Rate,". MPL 100/50/25% all add ons apply, and lesser of 100% of billed charges",16383.1,,,,,,,Case Rate,". MPL 100/50/25% all add ons apply, and lesser of 100% of billed charges",,60,,,,,0,percent of total billed charges,60 percent of billed charges; No services were performed during the 15 month look back period.,,,,,,,,,"NA. ",,78,,,,,0,percent of total billed charges,78% of Billed Charges. Lesser of 100% of billed charges applies.; No services were performed during the 15 month look back period.,3328.19,,,,,,,Case Rate,"100 Percent of Medicaid APG. ",8427,,,,,,,Case Rate,". Primary procedure pays at 100%, all subsequent at 50%.",3328.19,,,,,,,Case Rate,"100 Percent of Medicaid APG. Not APG payable, or payable under another fee schedule like ASP/AWP pays at 30% of charges",,,,,,,,Other,"Not Payable. ",,,,,,,,Other,"Not Payable. ",25798,,,,,,,Case Rate,". MPL 100/75/50% all add ons apply, and lesser of 100% of billed charges",,,,,,,,Other,"Not Payable. ",,,,,,,,Other,"Not Payable. ",3328.19,,,,,,,Case Rate,"100 Percent of Medicaid APG. ",,,,,,,,Other,"Not Payable. ",,,,,,,,Other,"Not Payable. ",12266,,,,,,,Case Rate,". Primary procedure pays at 100%, secondary at 50%, all subsequent at 25%.  Lesser of applies when negotiated rates exceed charges less addons.",12266,,,,,,,Case Rate,". Primary procedure pays at 100%, secondary at 50%, all subsequent at 25%.  Lesser of applies when negotiated rates exceed charges less addons.",,,,,,,,Other,"Not Payable. ",,60,,,,,0,percent of total billed charges,60 percent of billed charges; No services were performed during the 15 month look back period.,16383.1,,,,,,,Case Rate,". MPL 100/50/25% all add ons apply, and lesser of 100% of billed charges",16383.1,,,,,,,Case Rate,". MPL 100/50/25% all add ons apply, and lesser of 100% of billed charges",,,,,,,,Other,"Not Payable. ",,60,,,,,0,percent of total billed charges,60 percent of billed charges; No services were performed during the 15 month look back period.,12266,,,,,,,Case Rate,". Primary procedure pays at 100%, secondary at 50%, all subsequent at 25%.  Lesser of applies when negotiated rates exceed charges less addons.",12266,,,,,,,Case Rate,". Primary procedure pays at 100%, secondary at 50%, all subsequent at 25%.  Lesser of applies when negotiated rates exceed charges less addons.",12266,,,,,,,Case Rate,". Primary procedure pays at 100%, secondary at 50%, all subsequent at 25%.  Lesser of applies when negotiated rates exceed charges less addons.",,78,,,,,0,percent of total billed charges,78% of Billed Charges. Lesser of 100% of billed charges applies.; No services were performed during the 15 month look back period.,,78,,,,,0,percent of total billed charges,78% of Billed Charges. Lesser of 100% of billed charges applies.; No services were performed during the 15 month look back period.,,78,,,,,0,percent of total billed charges,78% of Billed Charges. Lesser of 100% of billed charges applies.; No services were performed during the 15 month look back period.,,78,,,,,0,percent of total billed charges,78% of Billed Charges. Lesser of 100% of billed charges applies.; No services were performed during the 15 month look back period.,,78,,,,,0,percent of total billed charges,78% of Billed Charges. Lesser of 100% of billed charges applies.; No services were performed during the 15 month look back period.,,78,,,,,0,percent of total billed charges,78% of Billed Charges. Lesser of 100% of billed charges applies.; No services were performed during the 15 month look back period.,,78,,,,,0,percent of total billed charges,78% of Billed Charges. Lesser of 100% of billed charges applies.; No services were performed during the 15 month look back period.,,78,,,,,0,percent of total billed charges,78% of Billed Charges. Lesser of 100% of billed charges applies.; No services were performed during the 15 month look back period.,,78,,,,,0,percent of total billed charges,78% of Billed Charges. Lesser of 100% of billed charges applies.; No services were performed during the 15 month look back period.,,78,,,,,0,percent of total billed charges,78% of Billed Charges. Lesser of 100% of billed charges applies.; No services were performed during the 15 month look back period.,,78,,,,,0,percent of total billed charges,78% of Billed Charges. Lesser of 100% of billed charges applies.; No services were performed during the 15 month look back period.,12574,,,,,,,Case Rate,". Primary procedure pays at 100%, all subsequent at 50%.",14557,,,,,,,Case Rate,". MPL 100/50/25% all add ons apply, and lesser of 100% of billed charges",,60,,,,,0,percent of total billed charges,60 percent of billed charges; No services were performed during the 15 month look back period.,,,,,,,,Other,"Not Payable. ",12266,,,,,,,Case Rate,". Primary procedure pays at 100%, secondary at 50%, all subsequent at 25%.  Lesser of applies when negotiated rates exceed charges less addons.",,60,,,,,0,percent of total billed charges,60 percent of billed charges; No services were performed during the 15 month look back period.,,60,,,,,0,percent of total billed charges,60 percent of billed charges; No services were performed during the 15 month look back period.,,78,,,,,0,percent of total billed charges,78% of Billed Charges. Lesser of 100% of billed charges applies.; No services were performed during the 15 month look back period.,7122.32,,,,,,,Case Rate,"214 Percent of Medicaid APG. Drugs not priced under APG, billed with revenue code 636 and not priced by Medicare ASP FeeSched will be reimbursed at 20% of charges.",,60,,,,,0,percent of total billed charges,60 percent of billed charges; No services were performed during the 15 month look back period.,3328.19,,,,,,,Case Rate,"100 Percent of Medicaid APG. ",,,,,,,,Other,"Not Payable. ",,,,,,,,Other,"Not Payable. ",,,,,,,,Other,"Not Payable. ",,,,,,,,Other,"Not Payable. ",,,,,,,,Other,"Not Payable. ",,,,,,,,Other,"Not Payable. ",,60,,,,,0,percent of total billed charges,60 percent of billed charges; No services were performed during the 15 month look back period.,25798,,,,,,,Case Rate,". MPL 100/75/50% all add ons apply, and lesser of 100% of billed charges",5990.74,,,,,,,Fee Schedule,"180 Percent of Medicaid APG. ",5990.74,,,,,,,Fee Schedule,"180 Percent of Medicaid APG. ",5990.74,,,,,,,Fee Schedule,"180 Percent of Medicaid APG. ",5990.74,,,,,,,Fee Schedule,"180 Percent of Medicaid APG. ",5990.74,,,,,,,Fee Schedule,"180 Percent of Medicaid APG. ",,,,,,,,,"NA. ",25798,,,,,,,Case Rate,". MPL 100/75/50% all add ons apply, and lesser of 100% of billed charges",,,,,,,,Fee Schedule,"Not Payable. ",,,,,,,,Fee Schedule,"Not Payable. ",,,,,,,,Fee Schedule,"Not Payable. ",,,,,,,,Fee Schedule,"Not Payable. ",,,,,,,,Fee Schedule,"Not Payable. ",,,,,,,,Other,"Not Payable. ",12574,,,,,,,Case Rate,". Primary procedure pays at 100%, all subsequent at 50%.",12574,,,,,,,Case Rate,". Primary procedure pays at 100%, all subsequent at 50%.",12574,,,,,,,Case Rate,". Primary procedure pays at 100%, all subsequent at 50%.",12574,,,,,,,Case Rate,". Primary procedure pays at 100%, all subsequent at 50%.",12266,,,,,,,Case Rate,". Primary procedure pays at 100%, secondary at 50%, all subsequent at 25%.  Lesser of applies when negotiated rates exceed charges less addons.",12266,,,,,,,Case Rate,". Primary procedure pays at 100%, secondary at 50%, all subsequent at 25%.  Lesser of applies when negotiated rates exceed charges less addons.",12266,,,,,,,Case Rate,". Primary procedure pays at 100%, secondary at 50%, all subsequent at 25%.  Lesser of applies when negotiated rates exceed charges less addons.",12266,,,,,,,Case Rate,". Primary procedure pays at 100%, secondary at 50%, all subsequent at 25%.  Lesser of applies when negotiated rates exceed charges less addons.",25798,,,,,,,Case Rate,". MPL 100/75/50% all add ons apply, and lesser of 100% of billed charges",25798,,,,,,,Case Rate,". MPL 100/75/50% all add ons apply, and lesser of 100% of billed charges",,,,,,,,Other,"Not Payable. ",,,,,,,,Other,"Not Payable. ",,,,,,,,Other,"Not Payable. ",14557,,,,,,,Case Rate,". MPL 100/50/25% all add ons apply, and lesser of 100% of billed charges",14557,,,,,,,Case Rate,". MPL 100/50/25% all add ons apply, and lesser of 100% of billed charges",14557,,,,,,,Case Rate,". MPL 100/50/25% all add ons apply, and lesser of 100% of billed charges",25798,,,,,,,Case Rate,". MPL 100/75/50% all add ons apply, and lesser of 100% of billed charges",12266,,,,,,,Case Rate,". Primary procedure pays at 100%, secondary at 50%, all subsequent at 25%.  Lesser of applies when negotiated rates exceed charges less addons.",,,,,,,,Other,"Not Payable. ",14557,,,,,,,Case Rate,". MPL 100/50/25% all add ons apply, and lesser of 100% of billed charges",3328.19,,,,,,,Case Rate,"100 Percent of Medicaid APG. ",,,,,,,,Other,"Not Payable. ",,,,,,,,Other,"Not Payable. ",,,,,,,,Other,"Not Payable. ",3328.19,,,,,,,Case rate,"100 Percent of Medicaid APG. ",7488.43,,,,,,,Fee Schedule,225% of NYS APG. Lesser of 100% of billed charges applies.,7488.43,,,,,,,Fee Schedule,225% of NYS APG. Lesser of 100% of billed charges applies.,7488.43,,,,,,,Fee Schedule,225% of NYS APG. Lesser of 100% of billed charges applies.,7488.43,,,,,,,Fee Schedule,225% of NYS APG. Lesser of 100% of billed charges applies.,7488.43,,,,,,,Fee Schedule,225% of NYS APG. Lesser of 100% of billed charges applies.,,,,,,,,Other,"Not Payable. ",3328.19,,,,,,,Case Rate,"100 Percent of Medicaid APG. ",1132.76,,,,,,,Fee Schedule,90 Percent of Medicare RBRVS. Lesser of 100% of billed charges applies.,7488.43,,,,,,,Fee Schedule,225% of NYS APG. Lesser of 100% of billed charges applies.,7488.43,,,,,,,Fee Schedule,225% of NYS APG. Lesser of 100% of billed charges applies.,1132.76,,,,,,,Fee Schedule,90 Percent of Medicare RBRVS. Lesser of 100% of billed charges applies.,1132.76,,,,,,,Fee Schedule,90 Percent of Medicare RBRVS. Lesser of 100% of billed charges applies.,5990.74,,,,,,,Fee Schedule,"180 Percent of Medicaid APG. ",,,,,,,,Other,"Not Payable. ",,,,,,,,Other,"Not Payable. ",12266,,,,,,,Case Rate,". Primary procedure pays at 100%, secondary at 50%, all subsequent at 25%.  Lesser of applies when negotiated rates exceed charges less addons.",,,,,,,,Other,"Not Payable. ",7488.43,,,,,,,Case Rate,"225 Percent of Medicaid APG. ",7488.43,,,,,,,Case Rate,"225 Percent of Medicaid APG. ",3328.19,,,,,,,Case rate,"100 Percent of Medicaid APG. ",3328.19,,,,,,,Case rate,"100 Percent of Medicaid APG. ",7488.43,,,,,,,Case Rate,225 Percent of Medicaid APG. Covered services not payable under Medicaid Fee Schedules default to a payment of 87.5 percent of charges.,3328.19,,,,,,,Case rate,124 Percent of Medicaid APG. Covered services not payable under Medicaid Fee Schedules default to a payment of 50 percent of charges.,7488.43,,,,,,,Case Rate,"100 Percent of Medicaid APG. ",7488.43,,,,,,,Case Rate,"100 Percent of Medicaid APG. ",7488.43,,,,,,,Case Rate,"100 Percent of Medicaid APG. ",7488.43,,,,,,,Case Rate,"100 Percent of Medicaid APG. ",13453,,,,,,,Case Rate,". MPL 100/75/50% all add ons apply, and lesser of 100% of billed charges",25798,,,,,,,Case Rate,". MPL 100/75/50% all add ons apply, and lesser of 100% of billed charges",3993.83,,,,,,,Case Rate,"120 Percent of Medicaid APG. Not APG payable, or payable under another fee schedule like ASP/AWP pays at 30% of charges",3993.83,,,,,,,Case Rate,"120 Percent of Medicaid APG. Not APG payable, or payable under another fee schedule like ASP/AWP pays at 30% of charges",3328.19,,,,,,,Case Rate,"100 Percent of Medicaid APG. Not APG payable, or payable under another fee schedule like ASP/AWP pays at 30% of charges",3328.19,,,,,,,Case Rate,"100 Percent of Medicaid APG. Not APG payable, or payable under another fee schedule like ASP/AWP pays at 30% of charges",14557,,,,,,,Case Rate,". MPL 100/50/25% all add ons apply, and lesser of 100% of billed charges",14557,,,,,,,Case Rate,". MPL 100/50/25% all add ons apply, and lesser of 100% of billed charges",,,,,,,,Other,"Not Payable. ",14557,,,,,,,Case Rate,". MPL 100/50/25% all add ons apply, and lesser of 100% of billed charges",14557,,,,,,,Case Rate,". MPL 100/50/25% all add ons apply, and lesser of 100% of billed charges",14557,,,,,,,Case Rate,". MPL 100/50/25% all add ons apply, and lesser of 100% of billed charges",14557,,,,,,,Case Rate,". MPL 100/50/25% all add ons apply, and lesser of 100% of billed charges",,,,,,,,Other,"Not Payable. ",14557,,,,,,,Case Rate,". MPL 100/50/25% all add ons apply, and lesser of 100% of billed charges",14557,,,,,,,Case Rate,". MPL 100/50/25% all add ons apply, and lesser of 100% of billed charges",12266,,,,,,,Case Rate,". Primary procedure pays at 100%, secondary at 50%, all subsequent at 25%.  Lesser of applies when negotiated rates exceed charges less addons.",3328.19,,,,,,,Fee Schedule,100% APG. Lesser of 100% of billed charges applies.,3328.19,,,,,,,Case rate,124 Percent of Medicaid APG. Covered services not payable under Medicaid Fee Schedules default to a payment of 50 percent of charges.,7488.43,,,,,,,Fee Schedule,225% of NYS APG. Lesser of 100% of billed charges applies.,7488.43,,,,,,,Case Rate,225 Percent of Medicaid APG. Covered services not payable under Medicaid Fee Schedules default to a payment of 87.5 percent of charges.,3328.19,,,,,,,Case rate,124 Percent of Medicaid APG. Covered services not payable under Medicaid Fee Schedules default to a payment of 50 percent of charges.,7488.43,,,,,,,Fee Schedule,225% of NYS APG. Lesser of 100% of billed charges applies.,7488.43,,,,,,,Fee Schedule,225% of NYS APG. Lesser of 100% of billed charges applies.,7488.43,,,,,,,Fee Schedule,225% of NYS APG. Lesser of 100% of billed charges applies.,7488.43,,,,,,,Fee Schedule,225% of NYS APG. Lesser of 100% of billed charges applies.,7488.43,,,,,,,Fee Schedule,225% of NYS APG. Lesser of 100% of billed charges applies.,7488.43,,,,,,,Fee Schedule,225% of NYS APG. Lesser of 100% of billed charges applies.,,,,,,,,,"NA. ",,,,,,,,,"NA. ",,,,,,,,,"NA. ",,60,,,,,0,percent of total billed charges,60 percent of billed charges; No services were performed during the 15 month look back period.,,,,,,,,,"NA. ",,,,,,,,Other,"Not Payable. ",1008,,,,,,,Fee Schedule,"100 % 1199 Fee Schedule. ",,,,,,,,Other,"Not Payable. ",,,,,,,,Other,"Not Payable. ",3993.83,,,,,,,Case Rate,"120 Percent of Medicaid APG. Not APG payable, or payable under another fee schedule like ASP/AWP pays at 30% of charges",3993.83,,,,,,,Case Rate,"120 Percent of Medicaid APG. Not APG payable, or payable under another fee schedule like ASP/AWP pays at 30% of charges",3328.19,,,,,,,Case Rate,"100 Percent of Medicaid APG. Not APG payable, or payable under another fee schedule like ASP/AWP pays at 30% of charges",3328.19,,,,,,,Case Rate,"100 Percent of Medicaid APG. Not APG payable, or payable under another fee schedule like ASP/AWP pays at 30% of charges",3328.19,,,,,,,Case Rate,"100 Percent of Medicaid APG. ",7163,,,,,,,Case Rate,". ",12266,,,,,,,Case Rate,". Primary procedure pays at 100%, secondary at 50%, all subsequent at 25%.  Lesser of applies when negotiated rates exceed charges less addons.",8427,,,,,,,Case Rate,". Primary procedure pays at 100%, all subsequent at 50%.",,60,,,,,0,percent of total billed charges,60 percent of billed charges; No services were performed during the 15 month look back period.,,,,,,,,Other,"Not Payable. ",,,,,,,,Other,"Not Payable. ",,,,,,,,Other,"Not Payable. ",,,,,,,,Other,"Not Payable. ",,,,,,,,Other,"Not Payable. ",,,,,,,,Other,"Not Payable. ",,,,,,,,,"NA. ",7488.43,,,,,,,Fee Schedule,225% of NYS APG. Lesser of 100% of billed charges applies.,1132.76,,,,,,,Fee Schedule,90 Percent of Medicare RBRVS. Lesser of 100% of billed charges applies.,14557,,,,,,,Case Rate,". MPL 100/50/25% all add ons apply, and lesser of 100% of billed charges",7163,,,,,,,Case Rate,". ",7163,,,,,,,Case Rate,". ",7163,,,,,,,Case Rate,". ",7163,,,,,,,Case Rate,". ",,,,,,,,Other,"Not Payable. ",3328.19,,,,,,,Case Rate,"100 Percent of Medicaid APG. ",14557,,,,,,,Case Rate,". MPL 100/50/25% all add ons apply, and lesser of 100% of billed charges",3328.19,,,,,,,Case Rate,"100 Percent of Medicaid APG. ",,,,,,,,Other,"Not Payable. ",3328.19,,,,,,,Case Rate,"100 Percent of Medicaid APG. ",,,,,,,,Other,"Not Payable. ",,,,,,,,Other,"Not Payable. ",3328.19,,,,,,,Case Rate,"100 Percent of Medicaid APG. ",3328.19,,,,,,,Case Rate,"100 Percent of Medicaid APG. ",7163,,,,,,,Case Rate,". ",,60,,,,,0,percent of total billed charges,60 percent of billed charges; No services were performed during the 15 month look back period.,,78,,,,,0,percent of total billed charges,78% of Billed Charges. Lesser of 100% of billed charges applies.; No services were performed during the 15 month look back period.,16383.1,,,,,,,Case Rate,". MPL 100/50/25% all add ons apply, and lesser of 100% of billed charges",16383.1,,,,,,,Case Rate,". MPL 100/50/25% all add ons apply, and lesser of 100% of billed charges",12266,,,,,,,Case Rate,". Primary procedure pays at 100%, secondary at 50%, all subsequent at 25%.  Lesser of applies when negotiated rates exceed charges less addons.",,,,,,,,Other,"Not Payable. ",12574,,,,,,,Case Rate,". Primary procedure pays at 100%, all subsequent at 50%.",12574,,,,,,,Case Rate,". Primary procedure pays at 100%, all subsequent at 50%.",11646,,,,,,,Case Rate,". MPL 100/50/25% all add ons apply, and lesser of 100% of billed charges",11646,,,,,,,Case Rate,". MPL 100/50/25% all add ons apply, and lesser of 100% of billed charges",,,,,,,,Other,"Not Payable. ",,,,,,,,Other,"Not Payable. ",,,,,,,,Other,"Not Payable. ",,,,,,,,Other,"Not Payable. ",16383.1,,,,,,,Case Rate,". MPL 100/50/25% all add ons apply, and lesser of 100% of billed charges",14557,,,,,,,Case Rate,". MPL 100/50/25% all add ons apply, and lesser of 100% of billed charges",14557,,,,,,,Case Rate,". MPL 100/50/25% all add ons apply, and lesser of 100% of billed charges",,,,,,,,Other,"Not Payable. ",11646,,,,,,,Case Rate,". MPL 100/50/25% all add ons apply, and lesser of 100% of billed charges",8427,,,,,,,Case Rate,". Primary procedure pays at 100%, all subsequent at 50%.",3993.83,,,,,,,Fee Schedule,"120 Percent of Medicaid APG. ",3328.19,,,,,,,Case Rate,"100 Percent of Medicaid APG. ",7163,,,,,,,Case Rate,". ",13101,,,,,,,Case Rate,". MPL 100/50/25% all add ons apply, and lesser of 100% of billed charges",13101,,,,,,,Case Rate,". MPL 100/50/25% all add ons apply, and lesser of 100% of billed charges",14557,,,,,,,Case Rate,". MPL 100/50/25% all add ons apply, and lesser of 100% of billed charges",14948,,,,,,,Case Rate,". MPL 100/75/50% all add ons apply, and lesser of 100% of billed charges",,,,,,,,Other,"Not Payable. ",3494.6,,,,,,,Fee Schedule,105 percent of Medicaid APG. otherwise 105% of Ordered NYS MCD FS or 105% of ASP+6%,3494.6,,,,,,,Fee Schedule,105 percent of Medicaid APG. otherwise 105% of Ordered NYS MCD FS or 105% of ASP+6%,3494.6,,,,,,,Fee Schedule,105 percent of Medicaid APG. otherwise 105% of Ordered NYS MCD FS or 105% of ASP+6%,4493.06,,,,,,,Fee Schedule,135 percent of Medicaid APG. otherwise 135% of Ordered NYS MCD FS or 135% of ASP+6%,16383.1,,,,,,,Case Rate,". MPL 100/50/25% all add ons apply, and lesser of 100% of billed charges",3494.6,,,,,,,Fee Schedule,105 percent of Medicaid APG. otherwise 105% of Ordered NYS MCD FS or 105% of ASP+6%,3494.6,,,,,,,Fee Schedule,105 percent of Medicaid APG. otherwise 105% of Ordered NYS MCD FS or 105% of ASP+6%,3494.6,,,,,,,Fee Schedule,105 percent of Medicaid APG. otherwise 105% of Ordered NYS MCD FS or 105% of ASP+6%,3494.6,,,,,,,Fee Schedule,105 percent of Medicaid APG. otherwise 105% of Ordered NYS MCD FS or 105% of ASP+6%,3494.6,,,,,,,Fee Schedule,105 percent of Medicaid APG. otherwise 105% of Ordered NYS MCD FS or 105% of ASP+6%,4493.06,,,,,,,Fee Schedule,135 percent of Medicaid APG. otherwise 135% of Ordered NYS MCD FS or 135% of ASP+6%,4493.06,,,,,,,Fee Schedule,135 percent of Medicaid APG. otherwise 135% of Ordered NYS MCD FS or 135% of ASP+6%,,,,,,,,Other,"Not Payable. ",16383.1,,,,,,,Case Rate,". MPL 100/50/25% all add ons apply, and lesser of 100% of billed charges",,,,,,,,Other,"Not Payable. ",3494.6,,,,,,,Fee Schedule,105 percent of Medicaid APG. otherwise 105% of Ordered NYS MCD FS or 105% of ASP+6%,14557,,,,,,,Case Rate,". MPL 100/50/25% all add ons apply, and lesser of 100% of billed charges",,,,,,,,Other,"Not Payable. ",14557,,,,,,,Case Rate,". MPL 100/50/25% all add ons apply, and lesser of 100% of billed charges",14557,,,,,,,Case Rate,". MPL 100/50/25% all add ons apply, and lesser of 100% of billed charges",14557,,,,,,,Case Rate,". MPL 100/50/25% all add ons apply, and lesser of 100% of billed charges",3494.6,,,,,,,Fee Schedule,105 percent of Medicaid APG. otherwise 105% of Ordered NYS MCD FS or 105% of ASP+6%,,,,,,,,Other,"Not Payable. ",14557,,,,,,,Case Rate,". MPL 100/50/25% all add ons apply, and lesser of 100% of billed charges",4493.06,,,,,,,Fee Schedule,135 percent of Medicaid APG. otherwise 135% of Ordered NYS MCD FS or 135% of ASP+6%,14557,,,,,,,Case Rate,". MPL 100/50/25% all add ons apply, and lesser of 100% of billed charges",,,,,,,,Other,"Not Payable. ",,,,,,,,Other,"Not Payable. ",7163,,,,,,,Case Rate,". ",7163,,,,,,,Case Rate,". ",7163,,,,,,,Case Rate,". ",7163,,,,,,,Case Rate,". ",7163,,,,,,,Case Rate,". ",8427,,,,,,,Case Rate,". Primary procedure pays at 100%, all subsequent at 50%.",8427,,,,,,,Case Rate,". Primary procedure pays at 100%, all subsequent at 50%.",7163,,,,,,,Case Rate,". ",7163,,,,,,,Case Rate,". ",7163,,,,,,,Case Rate,". ",7163,,,,,,,Case Rate,". ",7163,,,,,,,Case Rate,". ",,,,,,,,Other,"Not Payable. ",8427,,,,,,,Case Rate,". Primary procedure pays at 100%, all subsequent at 50%.",,,,,,,,Other,"Not Payable. ",7488.43,,,,,,,Case Rate,"225 Percent of Medicaid APG. If not included in Medicaid APG, then 100 Percent of Manhattan Medicare",3328.19,,,,,,,Case Rate,"100 Percent of Medicaid APG. ",16383.1,,,,,,,Case Rate,". MPL 100/50/25% all add ons apply, and lesser of 100% of billed charges",16383.1,,,,,,,Case Rate,". MPL 100/50/25% all add ons apply, and lesser of 100% of billed charges",,,,,,,,Other,"Not Payable. ",12574,,,,,,,Case Rate,". Primary procedure pays at 100%, all subsequent at 50%.",,,,,,,,Other,"Not Payable. ",,,,,,,,Other,"Not Payable. ",12266,,,,,,,Case Rate,". Primary procedure pays at 100%, secondary at 50%, all subsequent at 25%.  Lesser of applies when negotiated rates exceed charges less addons.",,,,,,,,Other,"Not Payable. ",,60,,,,,0,percent of total billed charges,60 percent of billed charges; No services were performed during the 15 month look back period.,,,,,,,,Other,"Not Payable. ",,60,,,,,0,percent of total billed charges,60 percent of billed charges; No services were performed during the 15 month look back period.,12266,,,,,,,Case Rate,". Primary procedure pays at 100%, secondary at 50%, all subsequent at 25%.  Lesser of applies when negotiated rates exceed charges less addons.",,60,,,,,0,percent of total billed charges,60 percent of billed charges; No services were performed during the 15 month look back period.,,,,,,,,Other,"Not Payable. ",3328.19,,,,,,,Case Rate,"100 Percent of Medicaid APG. ",,,,,,,,Other,"Not Payable. ",,60,,,,,0,percent of total billed charges,60 percent of billed charges; No services were performed during the 15 month look back period.,16383.1,,,,,,,Case Rate,". MPL 100/50/25% all add ons apply, and lesser of 100% of billed charges",3328.19,,,,,,,Case Rate,"100 Percent of Medicaid APG. ",14557,,,,,,,Case Rate,". MPL 100/50/25% all add ons apply, and lesser of 100% of billed charges",3993.83,,,,,,,Fee Schedule,"120 Percent of Medicaid APG. ",3993.83,,,,,,,Fee Schedule,"120 Percent of Medicaid APG. ",14557,,,,,,,Case Rate,". MPL 100/50/25% all add ons apply, and lesser of 100% of billed charges",14557,,,,,,,Case Rate,". MPL 100/50/25% all add ons apply, and lesser of 100% of billed charges",14557,,,,,,,Case Rate,". MPL 100/50/25% all add ons apply, and lesser of 100% of billed charges",16383.1,,,,,,,Case Rate,". MPL 100/50/25% all add ons apply, and lesser of 100% of billed charges",14557,,,,,,,Case Rate,". MPL 100/50/25% all add ons apply, and lesser of 100% of billed charges",14557,,,,,,,Case Rate,". MPL 100/50/25% all add ons apply, and lesser of 100% of billed charges",14557,,,,,,,Case Rate,". MPL 100/50/25% all add ons apply, and lesser of 100% of billed charges",7163,,,,,,,Case Rate,". ",7163,,,,,,,Case Rate,". ",,,,,,,,Fee Schedule,"Not Payable. ",3328.19,,,,,,,Case Rate,"100 Percent of Medicaid APG. ",16383.1,,,,,,,Case Rate,". MPL 100/50/25% all add ons apply, and lesser of 100% of billed charges",,60,,,,,0,percent of total billed charges,60 percent of billed charges; No services were performed during the 15 month look back period.,12266,,,,,,,Case Rate,". Primary procedure pays at 100%, secondary at 50%, all subsequent at 25%.  Lesser of applies when negotiated rates exceed charges less addons.",16383.1,,,,,,,Case Rate,". MPL 100/50/25% all add ons apply, and lesser of 100% of billed charges",12266,,,,,,,Case Rate,". Primary procedure pays at 100%, secondary at 50%, all subsequent at 25%.  Lesser of applies when negotiated rates exceed charges less addons.",16383.1,,,,,,,Case Rate,". MPL 100/50/25% all add ons apply, and lesser of 100% of billed charges",14557,,,,,,,Case Rate,". MPL 100/50/25% all add ons apply, and lesser of 100% of billed charges",14557,,,,,,,Case Rate,". MPL 100/50/25% all add ons apply, and lesser of 100% of billed charges",14557,,,,,,,Case Rate,". MPL 100/50/25% all add ons apply, and lesser of 100% of billed charges",14557,,,,,,,Case Rate,". MPL 100/50/25% all add ons apply, and lesser of 100% of billed charges",,,,,,,,Other,"Not Payable. ",1008,25798,
21554,CPT,,,490,RC,EXC NECK TUM DEEP 5 CM/>,,,both,,,,5941,,,,,,,Case Rate,". MPL 1st 100% of Payment Rate 50% of all others, all add ons apply, and lesser of 100% of billed charges.",5941,,,,,,,Case Rate,". MPL 1st 100% of Payment Rate 50% of all others, all add ons apply, and lesser of 100% of billed charges.",10024,,,,,,,Case Rate,". Primary procedure pays at 100%, secondary at 50%, all subsequent at 25%.  Lesser of applies when negotiated rates exceed charges less addons.",,100,,,,,0,percent of total billed charges,100 percent of billed charges. ; No services were performed during the 15 month look back period.,3386.66,,,,,,,Case Rate,"100% Medicare OPPS FS. ",10024,,,,,,,Case Rate,". Primary procedure pays at 100%, secondary at 50%, all subsequent at 25%.  Lesser of applies when negotiated rates exceed charges less addons.",10024,,,,,,,Case Rate,". Primary procedure pays at 100%, secondary at 50%, all subsequent at 25%.  Lesser of applies when negotiated rates exceed charges less addons.",10024,,,,,,,Case Rate,". Primary procedure pays at 100%, secondary at 50%, all subsequent at 25%.  Lesser of applies when negotiated rates exceed charges less addons.",2860.42,,,,,,,Case Rate,"100 Percent of Medicaid APG. ",2383.68,,,,,,,Case Rate,"100 Percent of Medicaid APG. ",,78,,,,,0,percent of total billed charges,78% of Billed Charges. Lesser of 100% of billed charges applies.; No services were performed during the 15 month look back period.,9024.56,,,,,,,Case Rate,". MPL 100/50/25% all add ons apply, and lesser of 100% of billed charges",2383.68,,,,,,,Case Rate,"100 Percent of Medicaid APG. ",3386.66,,,,,,,Case Rate,"100% Medicare OPPS FS. ",6487,,,,,,,Case Rate,". MPL 100/50/25% maxmium of 3 procedures. All add ons apply, and lesser of 100% of billed charges",6487,,,,,,,Case Rate,". MPL 100/50/25% maxmium of 3 procedures. All add ons apply, and lesser of 100% of billed charges",6487,,,,,,,Case Rate,". MPL 100/50/25% maxmium of 3 procedures. All add ons apply, and lesser of 100% of billed charges",6487,,,,,,,Case Rate,". MPL 100/50/25% maxmium of 3 procedures. All add ons apply, and lesser of 100% of billed charges",2383.68,,,,,,,Case rate,124 Percent of Medicaid APG. Covered services not payable under Medicaid Fee Schedules default to a payment of 50 percent of charges.,3386.66,,,,,,,Case Rate,"100% Medicare OPPS FS. ",2383.68,,,,,,,Case rate,124 Percent of Medicaid APG. Covered services not payable under Medicaid Fee Schedules default to a payment of 50 percent of charges.,,78,,,,,0,percent of total billed charges,78% of Billed Charges. Lesser of 100% of billed charges applies.; No services were performed during the 15 month look back period.,10024,,,,,,,Case Rate,". Primary procedure pays at 100%, secondary at 50%, all subsequent at 25%.  Lesser of applies when negotiated rates exceed charges less addons.",3386.66,,,,,,,Case Rate,"100%Medicare OPPS FS. ",8427,,,,,,,Case Rate,". Primary procedure pays at 100%, all subsequent at 50%.",3386.66,,,,,,,Case Rate,"100%Medicare OPPS FS. ",3386.66,,,,,,,Case Rate,"100%Medicare OPPS FS. ",,78,,,,,0,percent of total billed charges,78% of Billed Charges. Lesser of 100% of billed charges applies.; No services were performed during the 15 month look back period.,1228.42,,,,,,,Case Rate,100% of PAS. Lesser of 100% of billed charges applies.,1228.42,,,,,,,Case Rate,100% of PAS. Lesser of 100% of billed charges applies.,2383.68,,,,,,,Case rate,"100 Percent of Medicaid APG. ",2383.68,,,,,,,Case rate,"100 Percent of Medicaid APG. ",8427,,,,,,,Case Rate,". Primary procedure pays at 100%, all subsequent at 50%.",8427,,,,,,,Case Rate,". Primary procedure pays at 100%, all subsequent at 50%.",2383.68,,,,,,,Case Rate,"100 Percent of Medicaid APG. Not APG payable, or payable under another fee schedule like ASP/AWP pays at 30% of charges",8427,,,,,,,Case Rate,". Primary procedure pays at 100%, all subsequent at 50%.",2383.68,,,,,,,Case Rate,"100 Percent of Medicaid APG. Not APG payable, or payable under another fee schedule like ASP/AWP pays at 30% of charges",3386.66,,,,,,,Case Rate,"100%Medicare OPPS FS. ",8427,,,,,,,Case Rate,". Primary procedure pays at 100%, all subsequent at 50%.",,78,,,,,0,percent of total billed charges,78% of Billed Charges. Lesser of 100% of billed charges applies.; No services were performed during the 15 month look back period.,2383.68,,,,,,,Case Rate,"100 Percent of Medicaid APG. ",2383.68,,,,,,,Case Rate,"100 Percent of Medicaid APG. ",,78,,,,,0,percent of total billed charges,78% of Billed Charges. Lesser of 100% of billed charges applies.; No services were performed during the 15 month look back period.,6487,,,,,,,Case Rate,". MPL 100/50/25% maxmium of 3 procedures. All add ons apply, and lesser of 100% of billed charges",7929,,,,,,,Case Rate,". MPL 100/50/25% all add ons apply, and lesser of 100% of billed charges",7929,,,,,,,Case Rate,". MPL 100/50/25% all add ons apply, and lesser of 100% of billed charges",,78,,,,,0,percent of total billed charges,78% of Billed Charges. Lesser of 100% of billed charges applies.; No services were performed during the 15 month look back period.,3386.66,,,,,,,Case Rate,"100% Medicare OPPS FS. ",9024.56,,,,,,,Case Rate,". MPL 100/50/25% all add ons apply, and lesser of 100% of billed charges",9024.56,,,,,,,Case Rate,". MPL 100/50/25% all add ons apply, and lesser of 100% of billed charges",9024.56,,,,,,,Case Rate,". MPL 100/50/25% all add ons apply, and lesser of 100% of billed charges",3386.66,,,,,,,Case Rate,"100% Medicare OPPS FS. ",9024.56,,,,,,,Case Rate,". MPL 100/50/25% all add ons apply, and lesser of 100% of billed charges",9024.56,,,,,,,Case Rate,". MPL 100/50/25% all add ons apply, and lesser of 100% of billed charges",3386.66,,,,,,,Case Rate,"100% of Medicare OPPS. ",25798,,,,,,,Case Rate,". MPL 100/75/50% all add ons apply, and lesser of 100% of billed charges",13586,,,,,,,Case Rate,". MPL 100/50/25% all add ons apply, and lesser of 100% of billed charges",13586,,,,,,,Case Rate,". MPL 100/50/25% all add ons apply, and lesser of 100% of billed charges",13586,,,,,,,Case Rate,". MPL 100/50/25% all add ons apply, and lesser of 100% of billed charges",13586,,,,,,,Case Rate,". MPL 100/50/25% all add ons apply, and lesser of 100% of billed charges",13586,,,,,,,Case Rate,". MPL 100/50/25% all add ons apply, and lesser of 100% of billed charges",13586,,,,,,,Case Rate,". MPL 100/50/25% all add ons apply, and lesser of 100% of billed charges",3386.66,,,,,,,Case Rate,"100% Medicare OPPS FS. ",3386.66,,,,,,,Case Rate,"100% Medicare OPPS FS. ",13586,,,,,,,Case Rate,". MPL 100/50/25% all add ons apply, and lesser of 100% of billed charges",,78,,,,,0,percent of total billed charges,78% of Billed Charges. Lesser of 100% of billed charges applies.; No services were performed during the 15 month look back period.,,78,,,,,0,percent of total billed charges,78% of Billed Charges. Lesser of 100% of billed charges applies.; No services were performed during the 15 month look back period.,,78,,,,,0,percent of total billed charges,78% of Billed Charges. Lesser of 100% of billed charges applies.; No services were performed during the 15 month look back period.,,78,,,,,0,percent of total billed charges,78% of Billed Charges. Lesser of 100% of billed charges applies.; No services were performed during the 15 month look back period.,,78,,,,,0,percent of total billed charges,78% of Billed Charges. Lesser of 100% of billed charges applies.; No services were performed during the 15 month look back period.,,78,,,,,0,percent of total billed charges,78% of Billed Charges. Lesser of 100% of billed charges applies.; No services were performed during the 15 month look back period.,,78,,,,,0,percent of total billed charges,78% of Billed Charges. Lesser of 100% of billed charges applies.; No services were performed during the 15 month look back period.,,78,,,,,0,percent of total billed charges,78% of Billed Charges. Lesser of 100% of billed charges applies.; No services were performed during the 15 month look back period.,,78,,,,,0,percent of total billed charges,78% of Billed Charges. Lesser of 100% of billed charges applies.; No services were performed during the 15 month look back period.,,78,,,,,0,percent of total billed charges,78% of Billed Charges. Lesser of 100% of billed charges applies.; No services were performed during the 15 month look back period.,,78,,,,,0,percent of total billed charges,78% of Billed Charges. Lesser of 100% of billed charges applies.; No services were performed during the 15 month look back period.,,78,,,,,0,percent of total billed charges,78% of Billed Charges. Lesser of 100% of billed charges applies.; No services were performed during the 15 month look back period.,,78,,,,,0,percent of total billed charges,78% of Billed Charges. Lesser of 100% of billed charges applies.; No services were performed during the 15 month look back period.,,78,,,,,0,percent of total billed charges,78% of Billed Charges. Lesser of 100% of billed charges applies.; No services were performed during the 15 month look back period.,,78,,,,,0,percent of total billed charges,78% of Billed Charges. Lesser of 100% of billed charges applies.; No services were performed during the 15 month look back period.,,78,,,,,0,percent of total billed charges,78% of Billed Charges. Lesser of 100% of billed charges applies.; No services were performed during the 15 month look back period.,,78,,,,,0,percent of total billed charges,78% of Billed Charges. Lesser of 100% of billed charges applies.; No services were performed during the 15 month look back period.,,78,,,,,0,percent of total billed charges,78% of Billed Charges. Lesser of 100% of billed charges applies.; No services were performed during the 15 month look back period.,,78,,,,,0,percent of total billed charges,78% of Billed Charges. Lesser of 100% of billed charges applies.; No services were performed during the 15 month look back period.,,78,,,,,0,percent of total billed charges,78% of Billed Charges. Lesser of 100% of billed charges applies.; No services were performed during the 15 month look back period.,,78,,,,,0,percent of total billed charges,78% of Billed Charges. Lesser of 100% of billed charges applies.; No services were performed during the 15 month look back period.,,78,,,,,0,percent of total billed charges,78% of Billed Charges. Lesser of 100% of billed charges applies.; No services were performed during the 15 month look back period.,,78,,,,,0,percent of total billed charges,78% of Billed Charges. Lesser of 100% of billed charges applies.; No services were performed during the 15 month look back period.,,78,,,,,0,percent of total billed charges,78% of Billed Charges. Lesser of 100% of billed charges applies.; No services were performed during the 15 month look back period.,,78,,,,,0,percent of total billed charges,78% of Billed Charges. Lesser of 100% of billed charges applies.; No services were performed during the 15 month look back period.,,78,,,,,0,percent of total billed charges,78% of Billed Charges. Lesser of 100% of billed charges applies.; No services were performed during the 15 month look back period.,8427,,,,,,,Case Rate,". Primary procedure pays at 100%, all subsequent at 50%.",8427,,,,,,,Case Rate,". Primary procedure pays at 100%, all subsequent at 50%.",8427,,,,,,,Case Rate,". Primary procedure pays at 100%, all subsequent at 50%.",8427,,,,,,,Case Rate,". Primary procedure pays at 100%, all subsequent at 50%.",12574,,,,,,,Case Rate,". Primary procedure pays at 100%, all subsequent at 50%.",12574,,,,,,,Case Rate,". Primary procedure pays at 100%, all subsequent at 50%.",6487,,,,,,,Case Rate,". MPL 100/50/25% maxmium of 3 procedures. All add ons apply, and lesser of 100% of billed charges",13586,,,,,,,Case Rate,". MPL 100/50/25% all add ons apply, and lesser of 100% of billed charges",9024.56,,,,,,,Case Rate,". MPL 100/50/25% all add ons apply, and lesser of 100% of billed charges",13586,,,,,,,Case Rate,". MPL 100/50/25% all add ons apply, and lesser of 100% of billed charges",,78,,,,,0,percent of total billed charges,78% of Billed Charges. Lesser of 100% of billed charges applies.; No services were performed during the 15 month look back period.,12574,,,,,,,Case Rate,". Primary procedure pays at 100%, all subsequent at 50%.",13586,,,,,,,Case Rate,". MPL 100/50/25% all add ons apply, and lesser of 100% of billed charges",9024.56,,,,,,,Case Rate,". MPL 100/50/25% all add ons apply, and lesser of 100% of billed charges",6487,,,,,,,Case Rate,". MPL 100/50/25% maxmium of 3 procedures. All add ons apply, and lesser of 100% of billed charges",,,,,,,,,"NA. ",,78,,,,,0,percent of total billed charges,78% of Billed Charges. Lesser of 100% of billed charges applies.; No services were performed during the 15 month look back period.,2383.68,,,,,,,Case Rate,"100 Percent of Medicaid APG. ",8427,,,,,,,Case Rate,". Primary procedure pays at 100%, all subsequent at 50%.",2383.68,,,,,,,Case Rate,"100 Percent of Medicaid APG. Not APG payable, or payable under another fee schedule like ASP/AWP pays at 30% of charges",3386.66,,,,,,,Case Rate,"100%Medicare OPPS FS. ",3386.66,,,,,,,Case Rate,"100% Medicare OPPS FS. ",25798,,,,,,,Case Rate,". MPL 100/75/50% all add ons apply, and lesser of 100% of billed charges",3386.66,,,,,,,Case Rate,"100% Medicare OPPS FS. ",3386.66,,,,,,,Case Rate,"100% Medicare OPPS FS. ",2383.68,,,,,,,Case Rate,"100 Percent of Medicaid APG. ",3386.66,,,,,,,Case Rate,"100% Medicare OPPS FS. ",3386.66,,,,,,,Case Rate,"100% Medicare OPPS FS. ",10024,,,,,,,Case Rate,". Primary procedure pays at 100%, secondary at 50%, all subsequent at 25%.  Lesser of applies when negotiated rates exceed charges less addons.",10024,,,,,,,Case Rate,". Primary procedure pays at 100%, secondary at 50%, all subsequent at 25%.  Lesser of applies when negotiated rates exceed charges less addons.",3386.66,,,,,,,Case Rate,"100% Medicare OPPS FS. ",6487,,,,,,,Case Rate,". MPL 100/50/25% maxmium of 3 procedures. All add ons apply, and lesser of 100% of billed charges",9024.56,,,,,,,Case Rate,". MPL 100/50/25% all add ons apply, and lesser of 100% of billed charges",9024.56,,,,,,,Case Rate,". MPL 100/50/25% all add ons apply, and lesser of 100% of billed charges",3386.66,,,,,,,Case Rate,"100% Medicare OPPS FS. ",6487,,,,,,,Case Rate,". MPL 100/50/25% maxmium of 3 procedures. All add ons apply, and lesser of 100% of billed charges",10024,,,,,,,Case Rate,". Primary procedure pays at 100%, secondary at 50%, all subsequent at 25%.  Lesser of applies when negotiated rates exceed charges less addons.",10024,,,,,,,Case Rate,". Primary procedure pays at 100%, secondary at 50%, all subsequent at 25%.  Lesser of applies when negotiated rates exceed charges less addons.",10024,,,,,,,Case Rate,". Primary procedure pays at 100%, secondary at 50%, all subsequent at 25%.  Lesser of applies when negotiated rates exceed charges less addons.",,78,,,,,0,percent of total billed charges,78% of Billed Charges. Lesser of 100% of billed charges applies.; No services were performed during the 15 month look back period.,,78,,,,,0,percent of total billed charges,78% of Billed Charges. Lesser of 100% of billed charges applies.; No services were performed during the 15 month look back period.,,78,,,,,0,percent of total billed charges,78% of Billed Charges. Lesser of 100% of billed charges applies.; No services were performed during the 15 month look back period.,,78,,,,,0,percent of total billed charges,78% of Billed Charges. Lesser of 100% of billed charges applies.; No services were performed during the 15 month look back period.,,78,,,,,0,percent of total billed charges,78% of Billed Charges. Lesser of 100% of billed charges applies.; No services were performed during the 15 month look back period.,,78,,,,,0,percent of total billed charges,78% of Billed Charges. Lesser of 100% of billed charges applies.; No services were performed during the 15 month look back period.,,78,,,,,0,percent of total billed charges,78% of Billed Charges. Lesser of 100% of billed charges applies.; No services were performed during the 15 month look back period.,,78,,,,,0,percent of total billed charges,78% of Billed Charges. Lesser of 100% of billed charges applies.; No services were performed during the 15 month look back period.,,78,,,,,0,percent of total billed charges,78% of Billed Charges. Lesser of 100% of billed charges applies.; No services were performed during the 15 month look back period.,,78,,,,,0,percent of total billed charges,78% of Billed Charges. Lesser of 100% of billed charges applies.; No services were performed during the 15 month look back period.,,78,,,,,0,percent of total billed charges,78% of Billed Charges. Lesser of 100% of billed charges applies.; No services were performed during the 15 month look back period.,12574,,,,,,,Case Rate,". Primary procedure pays at 100%, all subsequent at 50%.",13586,,,,,,,Case Rate,". MPL 100/50/25% all add ons apply, and lesser of 100% of billed charges",6487,,,,,,,Case Rate,". MPL 100/50/25% maxmium of 3 procedures. All add ons apply, and lesser of 100% of billed charges",3386.66,,,,,,,Case Rate,"100% Medicare OPPS FS. ",10024,,,,,,,Case Rate,". Primary procedure pays at 100%, secondary at 50%, all subsequent at 25%.  Lesser of applies when negotiated rates exceed charges less addons.",6487,,,,,,,Case Rate,". MPL 100/50/25% maxmium of 3 procedures. All add ons apply, and lesser of 100% of billed charges",6487,,,,,,,Case Rate,". MPL 100/50/25% maxmium of 3 procedures. All add ons apply, and lesser of 100% of billed charges",,78,,,,,0,percent of total billed charges,78% of Billed Charges. Lesser of 100% of billed charges applies.; No services were performed during the 15 month look back period.,5101.08,,,,,,,Case Rate,"214 Percent of Medicaid APG. Drugs not priced under APG, billed with revenue code 636 and not priced by Medicare ASP FeeSched will be reimbursed at 20% of charges.",6487,,,,,,,Case Rate,". MPL 100/50/25% maxmium of 3 procedures. All add ons apply, and lesser of 100% of billed charges",2383.68,,,,,,,Case Rate,"100 Percent of Medicaid APG. ",3386.66,,,,,,,Case Rate,"100% Medicare OPPS FS. ",3386.66,,,,,,,Case Rate,"100% Medicare OPPS FS. ",3386.66,,,,,,,Case Rate,"100% Medicare OPPS FS. ",3386.66,,,,,,,Case Rate,"100% Medicare OPPS FS. ",3386.66,,,,,,,Case Rate,"100% Medicare OPPS FS. ",3386.66,,,,,,,Case Rate,"100% Medicare OPPS FS. ",6487,,,,,,,Case Rate,". MPL 100/50/25% maxmium of 3 procedures. All add ons apply, and lesser of 100% of billed charges",25798,,,,,,,Case Rate,". MPL 100/75/50% all add ons apply, and lesser of 100% of billed charges",4290.63,,,,,,,Fee Schedule,"180 Percent of Medicaid APG. ",4290.63,,,,,,,Fee Schedule,"180 Percent of Medicaid APG. ",4290.63,,,,,,,Fee Schedule,"180 Percent of Medicaid APG. ",4290.63,,,,,,,Fee Schedule,"180 Percent of Medicaid APG. ",4290.63,,,,,,,Fee Schedule,"180 Percent of Medicaid APG. ",,,,,,,,,"NA. ",25798,,,,,,,Case Rate,". MPL 100/75/50% all add ons apply, and lesser of 100% of billed charges",6705.59,,,,,,,Case Rate,198 Percent of Medicare OPPS. Metroplus will reimburse unlisted codes and described codes with no Medicare rate at 50 percent of charges.,6705.59,,,,,,,Case Rate,198 Percent of Medicare OPPS. Metroplus will reimburse unlisted codes and described codes with no Medicare rate at 50 percent of charges.,6705.59,,,,,,,Case Rate,198 Percent of Medicare OPPS. Metroplus will reimburse unlisted codes and described codes with no Medicare rate at 50 percent of charges.,6705.59,,,,,,,Case Rate,198 Percent of Medicare OPPS. Metroplus will reimburse unlisted codes and described codes with no Medicare rate at 50 percent of charges.,6705.59,,,,,,,Case Rate,198 Percent of Medicare OPPS. Metroplus will reimburse unlisted codes and described codes with no Medicare rate at 50 percent of charges.,3386.66,,,,,,,Case Rate,"100% Medicare OPPS FS. ",12574,,,,,,,Case Rate,". Primary procedure pays at 100%, all subsequent at 50%.",12574,,,,,,,Case Rate,". Primary procedure pays at 100%, all subsequent at 50%.",12574,,,,,,,Case Rate,". Primary procedure pays at 100%, all subsequent at 50%.",12574,,,,,,,Case Rate,". Primary procedure pays at 100%, all subsequent at 50%.",10024,,,,,,,Case Rate,". Primary procedure pays at 100%, secondary at 50%, all subsequent at 25%.  Lesser of applies when negotiated rates exceed charges less addons.",10024,,,,,,,Case Rate,". Primary procedure pays at 100%, secondary at 50%, all subsequent at 25%.  Lesser of applies when negotiated rates exceed charges less addons.",10024,,,,,,,Case Rate,". Primary procedure pays at 100%, secondary at 50%, all subsequent at 25%.  Lesser of applies when negotiated rates exceed charges less addons.",10024,,,,,,,Case Rate,". Primary procedure pays at 100%, secondary at 50%, all subsequent at 25%.  Lesser of applies when negotiated rates exceed charges less addons.",25798,,,,,,,Case Rate,". MPL 100/75/50% all add ons apply, and lesser of 100% of billed charges",25798,,,,,,,Case Rate,". MPL 100/75/50% all add ons apply, and lesser of 100% of billed charges",3386.66,,,,,,,Case Rate,"100% Medicare OPPS FS. ",3386.66,,,,,,,Case Rate,"100% Medicare OPPS FS. ",3386.66,,,,,,,Case Rate,"100% Medicare OPPS FS. ",13586,,,,,,,Case Rate,". MPL 100/50/25% all add ons apply, and lesser of 100% of billed charges",13586,,,,,,,Case Rate,". MPL 100/50/25% all add ons apply, and lesser of 100% of billed charges",13586,,,,,,,Case Rate,". MPL 100/50/25% all add ons apply, and lesser of 100% of billed charges",25798,,,,,,,Case Rate,". MPL 100/75/50% all add ons apply, and lesser of 100% of billed charges",10024,,,,,,,Case Rate,". Primary procedure pays at 100%, secondary at 50%, all subsequent at 25%.  Lesser of applies when negotiated rates exceed charges less addons.",3386.66,,,,,,,Case Rate,"100% Medicare OPPS FS. ",13586,,,,,,,Case Rate,". MPL 100/50/25% all add ons apply, and lesser of 100% of billed charges",2383.68,,,,,,,Case Rate,"100 Percent of Medicaid APG. ",3454.4,,,,,,,Case Rate,"102% of Medicare OPPS. ",3454.4,,,,,,,Case Rate,"102% of Medicare OPPS. ",3454.4,,,,,,,Case Rate,"102% of Medicare OPPS. ",2383.68,,,,,,,Case rate,"100 Percent of Medicaid APG. ",5363.28,,,,,,,Case Rate,225% of NYS APG. Lesser of 100% of billed charges applies.,5363.28,,,,,,,Case Rate,225% of NYS APG. Lesser of 100% of billed charges applies.,5363.28,,,,,,,Case Rate,225% of NYS APG. Lesser of 100% of billed charges applies.,5363.28,,,,,,,Case Rate,225% of NYS APG. Lesser of 100% of billed charges applies.,5363.28,,,,,,,Case Rate,225% of NYS APG. Lesser of 100% of billed charges applies.,3454.4,,,,,,,Case Rate,"102% of Medicare OPPS. ",2383.68,,,,,,,Case Rate,"100 Percent of Medicaid APG. ",1228.42,,,,,,,Case Rate,100% of PAS. Lesser of 100% of billed charges applies.,5363.28,,,,,,,Case Rate,225% of NYS APG. Lesser of 100% of billed charges applies.,5363.28,,,,,,,Case Rate,225% of NYS APG. Lesser of 100% of billed charges applies.,1228.42,,,,,,,Case Rate,100% of PAS. Lesser of 100% of billed charges applies.,1228.42,,,,,,,Case Rate,100% of PAS. Lesser of 100% of billed charges applies.,4290.63,,,,,,,Fee Schedule,"180 Percent of Medicaid APG. ",3386.66,,,,,,,Case Rate,"100% Medicare OPPS FS. ",3386.66,,,,,,,Case Rate,"100% Medicare OPPS FS. ",10024,,,,,,,Case Rate,". Primary procedure pays at 100%, secondary at 50%, all subsequent at 25%.  Lesser of applies when negotiated rates exceed charges less addons.",3386.66,,,,,,,Case Rate,"100% Medicare OPPS FS. ",5363.28,,,,,,,Case Rate,"225 Percent of Medicaid APG. ",5363.28,,,,,,,Case Rate,"225 Percent of Medicaid APG. ",2383.68,,,,,,,Case rate,"100 Percent of Medicaid APG. ",2383.68,,,,,,,Case rate,"100 Percent of Medicaid APG. ",5363.28,,,,,,,Case Rate,225 Percent of Medicaid APG. Covered services not payable under Medicaid Fee Schedules default to a payment of 87.5 percent of charges.,2383.68,,,,,,,Case rate,124 Percent of Medicaid APG. Covered services not payable under Medicaid Fee Schedules default to a payment of 50 percent of charges.,5363.28,,,,,,,Case Rate,"100 Percent of Medicaid APG. ",5363.28,,,,,,,Case Rate,"100 Percent of Medicaid APG. ",5363.28,,,,,,,Case Rate,"100 Percent of Medicaid APG. ",5363.28,,,,,,,Case Rate,"100 Percent of Medicaid APG. ",13453,,,,,,,Case Rate,". MPL 100/75/50% all add ons apply, and lesser of 100% of billed charges",25798,,,,,,,Case Rate,". MPL 100/75/50% all add ons apply, and lesser of 100% of billed charges",2860.42,,,,,,,Case Rate,"120 Percent of Medicaid APG. Not APG payable, or payable under another fee schedule like ASP/AWP pays at 30% of charges",2860.42,,,,,,,Case Rate,"120 Percent of Medicaid APG. Not APG payable, or payable under another fee schedule like ASP/AWP pays at 30% of charges",2383.68,,,,,,,Case Rate,"100 Percent of Medicaid APG. Not APG payable, or payable under another fee schedule like ASP/AWP pays at 30% of charges",2383.68,,,,,,,Case Rate,"100 Percent of Medicaid APG. Not APG payable, or payable under another fee schedule like ASP/AWP pays at 30% of charges",13586,,,,,,,Case Rate,". MPL 100/50/25% all add ons apply, and lesser of 100% of billed charges",13586,,,,,,,Case Rate,". MPL 100/50/25% all add ons apply, and lesser of 100% of billed charges",3386.66,,,,,,,Case Rate,"100% Medicare OPPS FS. ",13586,,,,,,,Case Rate,". MPL 100/50/25% all add ons apply, and lesser of 100% of billed charges",13586,,,,,,,Case Rate,". MPL 100/50/25% all add ons apply, and lesser of 100% of billed charges",13586,,,,,,,Case Rate,". MPL 100/50/25% all add ons apply, and lesser of 100% of billed charges",13586,,,,,,,Case Rate,". MPL 100/50/25% all add ons apply, and lesser of 100% of billed charges",3386.66,,,,,,,Case Rate,"100% Medicare OPPS FS. ",13586,,,,,,,Case Rate,". MPL 100/50/25% all add ons apply, and lesser of 100% of billed charges",13586,,,,,,,Case Rate,". MPL 100/50/25% all add ons apply, and lesser of 100% of billed charges",10024,,,,,,,Case Rate,". Primary procedure pays at 100%, secondary at 50%, all subsequent at 25%.  Lesser of applies when negotiated rates exceed charges less addons.",2383.68,,,,,,,Fee Schedule,100% APG. Lesser of 100% of billed charges applies.,2383.68,,,,,,,Case rate,124 Percent of Medicaid APG. Covered services not payable under Medicaid Fee Schedules default to a payment of 50 percent of charges.,5363.28,,,,,,,Case Rate,225% of NYS APG. Lesser of 100% of billed charges applies.,5363.28,,,,,,,Case Rate,225 Percent of Medicaid APG. Covered services not payable under Medicaid Fee Schedules default to a payment of 87.5 percent of charges.,2383.68,,,,,,,Case rate,124 Percent of Medicaid APG. Covered services not payable under Medicaid Fee Schedules default to a payment of 50 percent of charges.,5363.28,,,,,,,Case Rate,225% of NYS APG. Lesser of 100% of billed charges applies.,5363.28,,,,,,,Case Rate,225% of NYS APG. Lesser of 100% of billed charges applies.,5363.28,,,,,,,Case Rate,225% of NYS APG. Lesser of 100% of billed charges applies.,5363.28,,,,,,,Case Rate,225% of NYS APG. Lesser of 100% of billed charges applies.,5363.28,,,,,,,Case Rate,225% of NYS APG. Lesser of 100% of billed charges applies.,5363.28,,,,,,,Case Rate,225% of NYS APG. Lesser of 100% of billed charges applies.,,,,,,,,,"NA. ",,,,,,,,,"NA. ",,,,,,,,,"NA. ",6487,,,,,,,Case Rate,". MPL 100/50/25% maxmium of 3 procedures. All add ons apply, and lesser of 100% of billed charges",,,,,,,,,"NA. ",3386.66,,,,,,,Case Rate,"100% Medicare OPPS FS. ",5941,,,,,,,Case Rate,". MPL 1st 100% of Payment Rate 50% of all others, all add ons apply, and lesser of 100% of billed charges.",3386.66,,,,,,,Case Rate,"100% Medicare OPPS FS. ",3386.66,,,,,,,Case Rate,"100% Medicare OPPS FS. ",2860.42,,,,,,,Case Rate,"120 Percent of Medicaid APG. Not APG payable, or payable under another fee schedule like ASP/AWP pays at 30% of charges",2860.42,,,,,,,Case Rate,"120 Percent of Medicaid APG. Not APG payable, or payable under another fee schedule like ASP/AWP pays at 30% of charges",2383.68,,,,,,,Case Rate,"100 Percent of Medicaid APG. Not APG payable, or payable under another fee schedule like ASP/AWP pays at 30% of charges",2383.68,,,,,,,Case Rate,"100 Percent of Medicaid APG. Not APG payable, or payable under another fee schedule like ASP/AWP pays at 30% of charges",2383.68,,,,,,,Case Rate,"100 Percent of Medicaid APG. ",7163,,,,,,,Case Rate,". ",10024,,,,,,,Case Rate,". Primary procedure pays at 100%, secondary at 50%, all subsequent at 25%.  Lesser of applies when negotiated rates exceed charges less addons.",8427,,,,,,,Case Rate,". Primary procedure pays at 100%, all subsequent at 50%.",6487,,,,,,,Case Rate,". MPL 100/50/25% maxmium of 3 procedures. All add ons apply, and lesser of 100% of billed charges",3386.66,,,,,,,Case Rate,"100%Medicare OPPS FS. ",3386.66,,,,,,,Case Rate,"100% Medicare OPPS FS. ",3386.66,,,,,,,Case Rate,"100% Medicare OPPS FS. ",3386.66,,,,,,,Case Rate,"100% Medicare OPPS FS. ",3386.66,,,,,,,Case Rate,"100%Medicare OPPS FS. ",3386.66,,,,,,,Case Rate,"100% Medicare OPPS FS. ",,,,,,,,,"NA. ",5363.28,,,,,,,Case Rate,225% of NYS APG. Lesser of 100% of billed charges applies.,1228.42,,,,,,,Case Rate,100% of PAS. Lesser of 100% of billed charges applies.,13586,,,,,,,Case Rate,". MPL 100/50/25% all add ons apply, and lesser of 100% of billed charges",7163,,,,,,,Case Rate,". ",7163,,,,,,,Case Rate,". ",7163,,,,,,,Case Rate,". ",7163,,,,,,,Case Rate,". ",3386.66,,,,,,,Case Rate,"100% Medicare OPPS FS. ",2383.68,,,,,,,Case Rate,"100 Percent of Medicaid APG. ",13586,,,,,,,Case Rate,". MPL 100/50/25% all add ons apply, and lesser of 100% of billed charges",2383.68,,,,,,,Case Rate,"100 Percent of Medicaid APG. ",3386.66,,,,,,,Case Rate,"100% Medicare OPPS FS. ",2383.68,,,,,,,Case Rate,"100 Percent of Medicaid APG. ",3386.66,,,,,,,Case Rate,"100% Medicare OPPS FS. ",3386.66,,,,,,,Case Rate,"100% Medicare OPPS FS. ",2383.68,,,,,,,Case Rate,"100 Percent of Medicaid APG. ",2383.68,,,,,,,Case Rate,"100 Percent of Medicaid APG. ",7163,,,,,,,Case Rate,". ",6487,,,,,,,Case Rate,". MPL 100/50/25% maxmium of 3 procedures. All add ons apply, and lesser of 100% of billed charges",,78,,,,,0,percent of total billed charges,78% of Billed Charges. Lesser of 100% of billed charges applies.; No services were performed during the 15 month look back period.,9024.56,,,,,,,Case Rate,". MPL 100/50/25% all add ons apply, and lesser of 100% of billed charges",9024.56,,,,,,,Case Rate,". MPL 100/50/25% all add ons apply, and lesser of 100% of billed charges",10024,,,,,,,Case Rate,". Primary procedure pays at 100%, secondary at 50%, all subsequent at 25%.  Lesser of applies when negotiated rates exceed charges less addons.",1154.1,,,,,,,Case Rate,"83% HF Fee schedule. ",12574,,,,,,,Case Rate,". Primary procedure pays at 100%, all subsequent at 50%.",12574,,,,,,,Case Rate,". Primary procedure pays at 100%, all subsequent at 50%.",10869,,,,,,,Case Rate,". MPL 100/50/25% all add ons apply, and lesser of 100% of billed charges",10869,,,,,,,Case Rate,". MPL 100/50/25% all add ons apply, and lesser of 100% of billed charges",3386.66,,,,,,,Case Rate,"100% Medicare OPPS FS. ",3386.66,,,,,,,Case Rate,"100% Medicare OPPS FS. ",3386.66,,,,,,,Case Rate,"100% Medicare OPPS FS. ",3386.66,,,,,,,Case Rate,"100% Medicare OPPS FS. ",9024.56,,,,,,,Case Rate,". MPL 100/50/25% all add ons apply, and lesser of 100% of billed charges",13586,,,,,,,Case Rate,". MPL 100/50/25% all add ons apply, and lesser of 100% of billed charges",13586,,,,,,,Case Rate,". MPL 100/50/25% all add ons apply, and lesser of 100% of billed charges",3386.66,,,,,,,Case Rate,"100% Medicare OPPS FS. ",10869,,,,,,,Case Rate,". MPL 100/50/25% all add ons apply, and lesser of 100% of billed charges",8427,,,,,,,Case Rate,". Primary procedure pays at 100%, all subsequent at 50%.",2860.42,,,,,,,Fee Schedule,"120 Percent of Medicaid APG. ",2383.68,,,,,,,Case Rate,"100 Percent of Medicaid APG. ",7163,,,,,,,Case Rate,". ",12227,,,,,,,Case Rate,". MPL 100/50/25% all add ons apply, and lesser of 100% of billed charges",12227,,,,,,,Case Rate,". MPL 100/50/25% all add ons apply, and lesser of 100% of billed charges",13586,,,,,,,Case Rate,". MPL 100/50/25% all add ons apply, and lesser of 100% of billed charges",14948,,,,,,,Case Rate,". MPL 100/75/50% all add ons apply, and lesser of 100% of billed charges",3386.66,,,,,,,Case Rate,"100%Medicare OPPS FS. ",2502.87,,,,,,,Fee Schedule,105 percent of Medicaid APG. otherwise 105% of Ordered NYS MCD FS or 105% of ASP+6%,2502.87,,,,,,,Fee Schedule,105 percent of Medicaid APG. otherwise 105% of Ordered NYS MCD FS or 105% of ASP+6%,2502.87,,,,,,,Fee Schedule,105 percent of Medicaid APG. otherwise 105% of Ordered NYS MCD FS or 105% of ASP+6%,3217.97,,,,,,,Fee Schedule,135 percent of Medicaid APG. otherwise 135% of Ordered NYS MCD FS or 135% of ASP+6%,9024.56,,,,,,,Case Rate,". MPL 100/50/25% all add ons apply, and lesser of 100% of billed charges",2502.87,,,,,,,Fee Schedule,105 percent of Medicaid APG. otherwise 105% of Ordered NYS MCD FS or 105% of ASP+6%,2502.87,,,,,,,Fee Schedule,105 percent of Medicaid APG. otherwise 105% of Ordered NYS MCD FS or 105% of ASP+6%,2502.87,,,,,,,Fee Schedule,105 percent of Medicaid APG. otherwise 105% of Ordered NYS MCD FS or 105% of ASP+6%,2502.87,,,,,,,Fee Schedule,105 percent of Medicaid APG. otherwise 105% of Ordered NYS MCD FS or 105% of ASP+6%,2502.87,,,,,,,Fee Schedule,105 percent of Medicaid APG. otherwise 105% of Ordered NYS MCD FS or 105% of ASP+6%,3217.97,,,,,,,Fee Schedule,135 percent of Medicaid APG. otherwise 135% of Ordered NYS MCD FS or 135% of ASP+6%,3217.97,,,,,,,Fee Schedule,135 percent of Medicaid APG. otherwise 135% of Ordered NYS MCD FS or 135% of ASP+6%,3386.66,,,,,,,Case Rate,"100% Medicare OPPS FS. ",9024.56,,,,,,,Case Rate,". MPL 100/50/25% all add ons apply, and lesser of 100% of billed charges",3386.66,,,,,,,Case Rate,"100% Medicare OPPS FS. ",2502.87,,,,,,,Fee Schedule,105 percent of Medicaid APG. otherwise 105% of Ordered NYS MCD FS or 105% of ASP+6%,13586,,,,,,,Case Rate,". MPL 100/50/25% all add ons apply, and lesser of 100% of billed charges",3386.66,,,,,,,Case Rate,"100% Medicare OPPS FS. ",13586,,,,,,,Case Rate,". MPL 100/50/25% all add ons apply, and lesser of 100% of billed charges",13586,,,,,,,Case Rate,". MPL 100/50/25% all add ons apply, and lesser of 100% of billed charges",13586,,,,,,,Case Rate,". MPL 100/50/25% all add ons apply, and lesser of 100% of billed charges",2502.87,,,,,,,Fee Schedule,105 percent of Medicaid APG. otherwise 105% of Ordered NYS MCD FS or 105% of ASP+6%,3386.66,,,,,,,Case Rate,"100% Medicare OPPS FS. ",13586,,,,,,,Case Rate,". MPL 100/50/25% all add ons apply, and lesser of 100% of billed charges",3217.97,,,,,,,Fee Schedule,135 percent of Medicaid APG. otherwise 135% of Ordered NYS MCD FS or 135% of ASP+6%,13586,,,,,,,Case Rate,". MPL 100/50/25% all add ons apply, and lesser of 100% of billed charges",,200,,,,,0,Case Rate,200% of Medicare OPPS. ; No services were performed during the 15 month look back period.,3386.66,,,,,,,Case Rate,"100%Medicare OPPS FS. ",7163,,,,,,,Case Rate,". ",7163,,,,,,,Case Rate,". ",7163,,,,,,,Case Rate,". ",7163,,,,,,,Case Rate,". ",7163,,,,,,,Case Rate,". ",8427,,,,,,,Case Rate,". Primary procedure pays at 100%, all subsequent at 50%.",8427,,,,,,,Case Rate,". Primary procedure pays at 100%, all subsequent at 50%.",7163,,,,,,,Case Rate,". ",7163,,,,,,,Case Rate,". ",7163,,,,,,,Case Rate,". ",7163,,,,,,,Case Rate,". ",7163,,,,,,,Case Rate,". ",3386.66,,,,,,,Case Rate,"100% Medicare OPPS FS. ",8427,,,,,,,Case Rate,". Primary procedure pays at 100%, all subsequent at 50%.",3386.66,,,,,,,Case Rate,"100% Medicare OPPS FS. ",5363.28,,,,,,,Case Rate,"225 Percent of Medicaid APG. If not included in Medicaid APG, then 100 Percent of Manhattan Medicare",2383.68,,,,,,,Case Rate,"100 Percent of Medicaid APG. ",9024.56,,,,,,,Case Rate,". MPL 100/50/25% all add ons apply, and lesser of 100% of billed charges",9024.56,,,,,,,Case Rate,". MPL 100/50/25% all add ons apply, and lesser of 100% of billed charges",3386.66,,,,,,,Case Rate,"100% Medicare OPPS FS. ",12574,,,,,,,Case Rate,". Primary procedure pays at 100%, all subsequent at 50%.",3386.66,,,,,,,Case Rate,"100% Medicare OPPS FS. ",3386.66,,,,,,,Case Rate,"100% Medicare OPPS FS. ",10024,,,,,,,Case Rate,". Primary procedure pays at 100%, secondary at 50%, all subsequent at 25%.  Lesser of applies when negotiated rates exceed charges less addons.",3386.66,,,,,,,Case Rate,"100% Medicare OPPS FS. ",6487,,,,,,,Case Rate,". MPL 100/50/25% maxmium of 3 procedures. All add ons apply, and lesser of 100% of billed charges",3386.66,,,,,,,Case Rate,"100% Medicare OPPS FS. ",6487,,,,,,,Case Rate,". MPL 100/50/25% maxmium of 3 procedures. All add ons apply, and lesser of 100% of billed charges",10024,,,,,,,Case Rate,". Primary procedure pays at 100%, secondary at 50%, all subsequent at 25%.  Lesser of applies when negotiated rates exceed charges less addons.",6487,,,,,,,Case Rate,". MPL 100/50/25% maxmium of 3 procedures. All add ons apply, and lesser of 100% of billed charges",3386.66,,,,,,,Case Rate,"100% Medicare OPPS FS. ",2383.68,,,,,,,Case Rate,"100 Percent of Medicaid APG. ",3386.66,,,,,,,Case Rate,"100% Medicare OPPS FS. ",6487,,,,,,,Case Rate,". MPL 100/50/25% maxmium of 3 procedures. All add ons apply, and lesser of 100% of billed charges",9024.56,,,,,,,Case Rate,". MPL 100/50/25% all add ons apply, and lesser of 100% of billed charges",2383.68,,,,,,,Case Rate,"100 Percent of Medicaid APG. ",13586,,,,,,,Case Rate,". MPL 100/50/25% all add ons apply, and lesser of 100% of billed charges",2860.42,,,,,,,Fee Schedule,"120 Percent of Medicaid APG. ",2860.42,,,,,,,Fee Schedule,"120 Percent of Medicaid APG. ",13586,,,,,,,Case Rate,". MPL 100/50/25% all add ons apply, and lesser of 100% of billed charges",13586,,,,,,,Case Rate,". MPL 100/50/25% all add ons apply, and lesser of 100% of billed charges",13586,,,,,,,Case Rate,". MPL 100/50/25% all add ons apply, and lesser of 100% of billed charges",9024.56,,,,,,,Case Rate,". MPL 100/50/25% all add ons apply, and lesser of 100% of billed charges",13586,,,,,,,Case Rate,". MPL 100/50/25% all add ons apply, and lesser of 100% of billed charges",13586,,,,,,,Case Rate,". MPL 100/50/25% all add ons apply, and lesser of 100% of billed charges",13586,,,,,,,Case Rate,". MPL 100/50/25% all add ons apply, and lesser of 100% of billed charges",7163,,,,,,,Case Rate,". ",7163,,,,,,,Case Rate,". ",6705.59,,,,,,,Case Rate,198 Percent of Medicare OPPS. Metroplus will reimburse unlisted codes and described codes with no Medicare rate at 50 percent of charges.,2383.68,,,,,,,Case Rate,"100 Percent of Medicaid APG. ",9024.56,,,,,,,Case Rate,". MPL 100/50/25% all add ons apply, and lesser of 100% of billed charges",6487,,,,,,,Case Rate,". MPL 100/50/25% maxmium of 3 procedures. All add ons apply, and lesser of 100% of billed charges",10024,,,,,,,Case Rate,". Primary procedure pays at 100%, secondary at 50%, all subsequent at 25%.  Lesser of applies when negotiated rates exceed charges less addons.",9024.56,,,,,,,Case Rate,". MPL 100/50/25% all add ons apply, and lesser of 100% of billed charges",10024,,,,,,,Case Rate,". Primary procedure pays at 100%, secondary at 50%, all subsequent at 25%.  Lesser of applies when negotiated rates exceed charges less addons.",9024.56,,,,,,,Case Rate,". MPL 100/50/25% all add ons apply, and lesser of 100% of billed charges",13586,,,,,,,Case Rate,". MPL 100/50/25% all add ons apply, and lesser of 100% of billed charges",13586,,,,,,,Case Rate,". MPL 100/50/25% all add ons apply, and lesser of 100% of billed charges",13586,,,,,,,Case Rate,". MPL 100/50/25% all add ons apply, and lesser of 100% of billed charges",13586,,,,,,,Case Rate,". MPL 100/50/25% all add ons apply, and lesser of 100% of billed charges",3386.66,,,,,,,Case Rate,"100% Medicare OPPS FS. ",1154.1,25798,
22100,CPT,,,490,RC,REMOVE PART OF NECK VERTEBRA,,,both,,,,15878,,,,,,,Case Rate,". MPL 1st 100% of Payment Rate 50% of all others, all add ons apply, and lesser of 100% of billed charges.",15878,,,,,,,Case Rate,". MPL 1st 100% of Payment Rate 50% of all others, all add ons apply, and lesser of 100% of billed charges.",41064,,,,,,,Case Rate,". Primary procedure pays at 100%, secondary at 50%, all subsequent at 25%.  Lesser of applies when negotiated rates exceed charges less addons.",,100,,,,,0,percent of total billed charges,100 percent of billed charges; No services were performed during the 15 month look back period.,8453.18,,,,,,,Case Rate,"100% Medicare OPPS FS. ",41064,,,,,,,Case Rate,". Primary procedure pays at 100%, secondary at 50%, all subsequent at 25%.  Lesser of applies when negotiated rates exceed charges less addons.",41064,,,,,,,Case Rate,". Primary procedure pays at 100%, secondary at 50%, all subsequent at 25%.  Lesser of applies when negotiated rates exceed charges less addons.",41064,,,,,,,Case Rate,". Primary procedure pays at 100%, secondary at 50%, all subsequent at 25%.  Lesser of applies when negotiated rates exceed charges less addons.",5029.45,,,,,,,Case Rate,"100 Percent of Medicaid APG. ",4191.21,,,,,,,Case Rate,"100 Percent of Medicaid APG. ",,78,,,,,0,percent of total billed charges,78% of Billed Charges. Lesser of 100% of billed charges applies.; No services were performed during the 15 month look back period.,38617.88,,,,,,,Case Rate,". MPL 100/50/25% all add ons apply, and lesser of 100% of billed charges",4191.21,,,,,,,Case Rate,"100 Percent of Medicaid APG. ",8453.18,,,,,,,Case Rate,"100% Medicare OPPS FS. ",28208,,,,,,,Case Rate,". MPL 100/50/25% maxmium of 3 procedures. All add ons apply, and lesser of 100% of billed charges",28208,,,,,,,Case Rate,". MPL 100/50/25% maxmium of 3 procedures. All add ons apply, and lesser of 100% of billed charges",28208,,,,,,,Case Rate,". MPL 100/50/25% maxmium of 3 procedures. All add ons apply, and lesser of 100% of billed charges",28208,,,,,,,Case Rate,". MPL 100/50/25% maxmium of 3 procedures. All add ons apply, and lesser of 100% of billed charges",4191.21,,,,,,,Case rate,124 Percent of Medicaid APG. Covered services not payable under Medicaid Fee Schedules default to a payment of 50 percent of charges.,8453.18,,,,,,,Case Rate,"100% Medicare OPPS FS. ",4191.21,,,,,,,Case rate,124 Percent of Medicaid APG. Covered services not payable under Medicaid Fee Schedules default to a payment of 50 percent of charges.,,78,,,,,0,percent of total billed charges,78% of Billed Charges. Lesser of 100% of billed charges applies.; No services were performed during the 15 month look back period.,41064,,,,,,,Case Rate,". Primary procedure pays at 100%, secondary at 50%, all subsequent at 25%.  Lesser of applies when negotiated rates exceed charges less addons.",8453.18,,,,,,,Case Rate,"100%Medicare OPPS FS. ",26771,,,,,,,Case Rate,". Primary procedure pays at 100%, all subsequent at 50%.",8453.18,,,,,,,Case Rate,"100%Medicare OPPS FS. ",8453.18,,,,,,,Case Rate,"100%Medicare OPPS FS. ",,78,,,,,0,percent of total billed charges,78% of Billed Charges. Lesser of 100% of billed charges applies.; No services were performed during the 15 month look back period.,1070.41,,,,,,,Fee Schedule,90 Percent of Medicare RBRVS. Lesser of 100% of billed charges applies.,1070.41,,,,,,,Fee Schedule,90 Percent of Medicare RBRVS. Lesser of 100% of billed charges applies.,4191.21,,,,,,,Case rate,"100 Percent of Medicaid APG. ",4191.21,,,,,,,Case rate,"100 Percent of Medicaid APG. ",26771,,,,,,,Case Rate,". Primary procedure pays at 100%, all subsequent at 50%.",26771,,,,,,,Case Rate,". Primary procedure pays at 100%, all subsequent at 50%.",4191.21,,,,,,,Case Rate,"100 Percent of Medicaid APG. Not APG payable, or payable under another fee schedule like ASP/AWP pays at 30% of charges",26771,,,,,,,Case Rate,". Primary procedure pays at 100%, all subsequent at 50%.",4191.21,,,,,,,Case Rate,"100 Percent of Medicaid APG. Not APG payable, or payable under another fee schedule like ASP/AWP pays at 30% of charges",8453.18,,,,,,,Case Rate,"100%Medicare OPPS FS. ",26771,,,,,,,Case Rate,". Primary procedure pays at 100%, all subsequent at 50%.",,78,,,,,0,percent of total billed charges,78% of Billed Charges. Lesser of 100% of billed charges applies.; No services were performed during the 15 month look back period.,4191.21,,,,,,,Case Rate,"100 Percent of Medicaid APG. ",4191.21,,,,,,,Case Rate,"100 Percent of Medicaid APG. ",,78,,,,,0,percent of total billed charges,78% of Billed Charges. Lesser of 100% of billed charges applies.; No services were performed during the 15 month look back period.,28208,,,,,,,Case Rate,". MPL 100/50/25% maxmium of 3 procedures. All add ons apply, and lesser of 100% of billed charges",32403,,,,,,,Case Rate,". MPL 100/50/25% all add ons apply, and lesser of 100% of billed charges",32403,,,,,,,Case Rate,". MPL 100/50/25% all add ons apply, and lesser of 100% of billed charges",,78,,,,,0,percent of total billed charges,78% of Billed Charges. Lesser of 100% of billed charges applies.; No services were performed during the 15 month look back period.,8453.18,,,,,,,Case Rate,"100% Medicare OPPS FS. ",38617.88,,,,,,,Case Rate,". MPL 100/50/25% all add ons apply, and lesser of 100% of billed charges",38617.88,,,,,,,Case Rate,". MPL 100/50/25% all add ons apply, and lesser of 100% of billed charges",38617.88,,,,,,,Case Rate,". MPL 100/50/25% all add ons apply, and lesser of 100% of billed charges",8453.18,,,,,,,Case Rate,"100% Medicare OPPS FS. ",38617.88,,,,,,,Case Rate,". MPL 100/50/25% all add ons apply, and lesser of 100% of billed charges",38617.88,,,,,,,Case Rate,". MPL 100/50/25% all add ons apply, and lesser of 100% of billed charges",8453.18,,,,,,,Case Rate,"100% of Medicare OPPS. ",43390,,,,,,,Case Rate,". MPL 100/75/50% all add ons apply, and lesser of 100% of billed charges",24258,,,,,,,Case Rate,". MPL 100/50/25% all add ons apply, and lesser of 100% of billed charges",24258,,,,,,,Case Rate,". MPL 100/50/25% all add ons apply, and lesser of 100% of billed charges",24258,,,,,,,Case Rate,". MPL 100/50/25% all add ons apply, and lesser of 100% of billed charges",24258,,,,,,,Case Rate,". MPL 100/50/25% all add ons apply, and lesser of 100% of billed charges",24258,,,,,,,Case Rate,". MPL 100/50/25% all add ons apply, and lesser of 100% of billed charges",24258,,,,,,,Case Rate,". MPL 100/50/25% all add ons apply, and lesser of 100% of billed charges",8453.18,,,,,,,Case Rate,"100% Medicare OPPS FS. ",8453.18,,,,,,,Case Rate,"100% Medicare OPPS FS. ",24258,,,,,,,Case Rate,". MPL 100/50/25% all add ons apply, and lesser of 100% of billed charges",,78,,,,,0,percent of total billed charges,78% of Billed Charges. Lesser of 100% of billed charges applies.; No services were performed during the 15 month look back period.,,78,,,,,0,percent of total billed charges,78% of Billed Charges. Lesser of 100% of billed charges applies.; No services were performed during the 15 month look back period.,,78,,,,,0,percent of total billed charges,78% of Billed Charges. Lesser of 100% of billed charges applies.; No services were performed during the 15 month look back period.,,78,,,,,0,percent of total billed charges,78% of Billed Charges. Lesser of 100% of billed charges applies.; No services were performed during the 15 month look back period.,,78,,,,,0,percent of total billed charges,78% of Billed Charges. Lesser of 100% of billed charges applies.; No services were performed during the 15 month look back period.,,78,,,,,0,percent of total billed charges,78% of Billed Charges. Lesser of 100% of billed charges applies.; No services were performed during the 15 month look back period.,,78,,,,,0,percent of total billed charges,78% of Billed Charges. Lesser of 100% of billed charges applies.; No services were performed during the 15 month look back period.,,78,,,,,0,percent of total billed charges,78% of Billed Charges. Lesser of 100% of billed charges applies.; No services were performed during the 15 month look back period.,,78,,,,,0,percent of total billed charges,78% of Billed Charges. Lesser of 100% of billed charges applies.; No services were performed during the 15 month look back period.,,78,,,,,0,percent of total billed charges,78% of Billed Charges. Lesser of 100% of billed charges applies.; No services were performed during the 15 month look back period.,,78,,,,,0,percent of total billed charges,78% of Billed Charges. Lesser of 100% of billed charges applies.; No services were performed during the 15 month look back period.,,78,,,,,0,percent of total billed charges,78% of Billed Charges. Lesser of 100% of billed charges applies.; No services were performed during the 15 month look back period.,,78,,,,,0,percent of total billed charges,78% of Billed Charges. Lesser of 100% of billed charges applies.; No services were performed during the 15 month look back period.,,78,,,,,0,percent of total billed charges,78% of Billed Charges. Lesser of 100% of billed charges applies.; No services were performed during the 15 month look back period.,,78,,,,,0,percent of total billed charges,78% of Billed Charges. Lesser of 100% of billed charges applies.; No services were performed during the 15 month look back period.,,78,,,,,0,percent of total billed charges,78% of Billed Charges. Lesser of 100% of billed charges applies.; No services were performed during the 15 month look back period.,,78,,,,,0,percent of total billed charges,78% of Billed Charges. Lesser of 100% of billed charges applies.; No services were performed during the 15 month look back period.,,78,,,,,0,percent of total billed charges,78% of Billed Charges. Lesser of 100% of billed charges applies.; No services were performed during the 15 month look back period.,,78,,,,,0,percent of total billed charges,78% of Billed Charges. Lesser of 100% of billed charges applies.; No services were performed during the 15 month look back period.,,78,,,,,0,percent of total billed charges,78% of Billed Charges. Lesser of 100% of billed charges applies.; No services were performed during the 15 month look back period.,,78,,,,,0,percent of total billed charges,78% of Billed Charges. Lesser of 100% of billed charges applies.; No services were performed during the 15 month look back period.,,78,,,,,0,percent of total billed charges,78% of Billed Charges. Lesser of 100% of billed charges applies.; No services were performed during the 15 month look back period.,,78,,,,,0,percent of total billed charges,78% of Billed Charges. Lesser of 100% of billed charges applies.; No services were performed during the 15 month look back period.,,78,,,,,0,percent of total billed charges,78% of Billed Charges. Lesser of 100% of billed charges applies.; No services were performed during the 15 month look back period.,,78,,,,,0,percent of total billed charges,78% of Billed Charges. Lesser of 100% of billed charges applies.; No services were performed during the 15 month look back period.,,78,,,,,0,percent of total billed charges,78% of Billed Charges. Lesser of 100% of billed charges applies.; No services were performed during the 15 month look back period.,26771,,,,,,,Case Rate,". Primary procedure pays at 100%, all subsequent at 50%.",26771,,,,,,,Case Rate,". Primary procedure pays at 100%, all subsequent at 50%.",26771,,,,,,,Case Rate,". Primary procedure pays at 100%, all subsequent at 50%.",26771,,,,,,,Case Rate,". Primary procedure pays at 100%, all subsequent at 50%.",42813,,,,,,,Case Rate,". Primary procedure pays at 100%, all subsequent at 50%.",42813,,,,,,,Case Rate,". Primary procedure pays at 100%, all subsequent at 50%.",28208,,,,,,,Case Rate,". MPL 100/50/25% maxmium of 3 procedures. All add ons apply, and lesser of 100% of billed charges",24258,,,,,,,Case Rate,". MPL 100/50/25% all add ons apply, and lesser of 100% of billed charges",38617.88,,,,,,,Case Rate,". MPL 100/50/25% all add ons apply, and lesser of 100% of billed charges",24258,,,,,,,Case Rate,". MPL 100/50/25% all add ons apply, and lesser of 100% of billed charges",,78,,,,,0,percent of total billed charges,78% of Billed Charges. Lesser of 100% of billed charges applies.; No services were performed during the 15 month look back period.,42813,,,,,,,Case Rate,". Primary procedure pays at 100%, all subsequent at 50%.",24258,,,,,,,Case Rate,". MPL 100/50/25% all add ons apply, and lesser of 100% of billed charges",38617.88,,,,,,,Case Rate,". MPL 100/50/25% all add ons apply, and lesser of 100% of billed charges",28208,,,,,,,Case Rate,". MPL 100/50/25% maxmium of 3 procedures. All add ons apply, and lesser of 100% of billed charges",,,,,,,,,"NA. ",,78,,,,,0,percent of total billed charges,78% of Billed Charges. Lesser of 100% of billed charges applies.; No services were performed during the 15 month look back period.,4191.21,,,,,,,Case Rate,"100 Percent of Medicaid APG. ",26771,,,,,,,Case Rate,". Primary procedure pays at 100%, all subsequent at 50%.",4191.21,,,,,,,Case Rate,"100 Percent of Medicaid APG. Not APG payable, or payable under another fee schedule like ASP/AWP pays at 30% of charges",8453.18,,,,,,,Case Rate,"100%Medicare OPPS FS. ",8453.18,,,,,,,Case Rate,"100% Medicare OPPS FS. ",43390,,,,,,,Case Rate,". MPL 100/75/50% all add ons apply, and lesser of 100% of billed charges",8453.18,,,,,,,Case Rate,"100% Medicare OPPS FS. ",8453.18,,,,,,,Case Rate,"100% Medicare OPPS FS. ",4191.21,,,,,,,Case Rate,"100 Percent of Medicaid APG. ",8453.18,,,,,,,Case Rate,"100% Medicare OPPS FS. ",8453.18,,,,,,,Case Rate,"100% Medicare OPPS FS. ",41064,,,,,,,Case Rate,". Primary procedure pays at 100%, secondary at 50%, all subsequent at 25%.  Lesser of applies when negotiated rates exceed charges less addons.",41064,,,,,,,Case Rate,". Primary procedure pays at 100%, secondary at 50%, all subsequent at 25%.  Lesser of applies when negotiated rates exceed charges less addons.",8453.18,,,,,,,Case Rate,"100% Medicare OPPS FS. ",28208,,,,,,,Case Rate,". MPL 100/50/25% maxmium of 3 procedures. All add ons apply, and lesser of 100% of billed charges",38617.88,,,,,,,Case Rate,". MPL 100/50/25% all add ons apply, and lesser of 100% of billed charges",38617.88,,,,,,,Case Rate,". MPL 100/50/25% all add ons apply, and lesser of 100% of billed charges",8453.18,,,,,,,Case Rate,"100% Medicare OPPS FS. ",28208,,,,,,,Case Rate,". MPL 100/50/25% maxmium of 3 procedures. All add ons apply, and lesser of 100% of billed charges",41064,,,,,,,Case Rate,". Primary procedure pays at 100%, secondary at 50%, all subsequent at 25%.  Lesser of applies when negotiated rates exceed charges less addons.",41064,,,,,,,Case Rate,". Primary procedure pays at 100%, secondary at 50%, all subsequent at 25%.  Lesser of applies when negotiated rates exceed charges less addons.",41064,,,,,,,Case Rate,". Primary procedure pays at 100%, secondary at 50%, all subsequent at 25%.  Lesser of applies when negotiated rates exceed charges less addons.",,78,,,,,0,percent of total billed charges,78% of Billed Charges. Lesser of 100% of billed charges applies.; No services were performed during the 15 month look back period.,,78,,,,,0,percent of total billed charges,78% of Billed Charges. Lesser of 100% of billed charges applies.; No services were performed during the 15 month look back period.,,78,,,,,0,percent of total billed charges,78% of Billed Charges. Lesser of 100% of billed charges applies.; No services were performed during the 15 month look back period.,,78,,,,,0,percent of total billed charges,78% of Billed Charges. Lesser of 100% of billed charges applies.; No services were performed during the 15 month look back period.,,78,,,,,0,percent of total billed charges,78% of Billed Charges. Lesser of 100% of billed charges applies.; No services were performed during the 15 month look back period.,,78,,,,,0,percent of total billed charges,78% of Billed Charges. Lesser of 100% of billed charges applies.; No services were performed during the 15 month look back period.,,78,,,,,0,percent of total billed charges,78% of Billed Charges. Lesser of 100% of billed charges applies.; No services were performed during the 15 month look back period.,,78,,,,,0,percent of total billed charges,78% of Billed Charges. Lesser of 100% of billed charges applies.; No services were performed during the 15 month look back period.,,78,,,,,0,percent of total billed charges,78% of Billed Charges. Lesser of 100% of billed charges applies.; No services were performed during the 15 month look back period.,,78,,,,,0,percent of total billed charges,78% of Billed Charges. Lesser of 100% of billed charges applies.; No services were performed during the 15 month look back period.,,78,,,,,0,percent of total billed charges,78% of Billed Charges. Lesser of 100% of billed charges applies.; No services were performed during the 15 month look back period.,42813,,,,,,,Case Rate,". Primary procedure pays at 100%, all subsequent at 50%.",24258,,,,,,,Case Rate,". MPL 100/50/25% all add ons apply, and lesser of 100% of billed charges",28208,,,,,,,Case Rate,". MPL 100/50/25% maxmium of 3 procedures. All add ons apply, and lesser of 100% of billed charges",8453.18,,,,,,,Case Rate,"100% Medicare OPPS FS. ",41064,,,,,,,Case Rate,". Primary procedure pays at 100%, secondary at 50%, all subsequent at 25%.  Lesser of applies when negotiated rates exceed charges less addons.",28208,,,,,,,Case Rate,". MPL 100/50/25% maxmium of 3 procedures. All add ons apply, and lesser of 100% of billed charges",28208,,,,,,,Case Rate,". MPL 100/50/25% maxmium of 3 procedures. All add ons apply, and lesser of 100% of billed charges",,78,,,,,0,percent of total billed charges,78% of Billed Charges. Lesser of 100% of billed charges applies.; No services were performed during the 15 month look back period.,8969.19,,,,,,,Case Rate,"214 Percent of Medicaid APG. Drugs not priced under APG, billed with revenue code 636 and not priced by Medicare ASP FeeSched will be reimbursed at 20% of charges.",28208,,,,,,,Case Rate,". MPL 100/50/25% maxmium of 3 procedures. All add ons apply, and lesser of 100% of billed charges",4191.21,,,,,,,Case Rate,"100 Percent of Medicaid APG. ",8453.18,,,,,,,Case Rate,"100% Medicare OPPS FS. ",8453.18,,,,,,,Case Rate,"100% Medicare OPPS FS. ",8453.18,,,,,,,Case Rate,"100% Medicare OPPS FS. ",8453.18,,,,,,,Case Rate,"100% Medicare OPPS FS. ",8453.18,,,,,,,Case Rate,"100% Medicare OPPS FS. ",8453.18,,,,,,,Case Rate,"100% Medicare OPPS FS. ",28208,,,,,,,Case Rate,". MPL 100/50/25% maxmium of 3 procedures. All add ons apply, and lesser of 100% of billed charges",43390,,,,,,,Case Rate,". MPL 100/75/50% all add ons apply, and lesser of 100% of billed charges",7544.18,,,,,,,Fee Schedule,"180 Percent of Medicaid APG. ",7544.18,,,,,,,Fee Schedule,"180 Percent of Medicaid APG. ",7544.18,,,,,,,Fee Schedule,"180 Percent of Medicaid APG. ",7544.18,,,,,,,Fee Schedule,"180 Percent of Medicaid APG. ",7544.18,,,,,,,Fee Schedule,"180 Percent of Medicaid APG. ",,,,,,,,,"NA. ",43390,,,,,,,Case Rate,". MPL 100/75/50% all add ons apply, and lesser of 100% of billed charges",16737.29,,,,,,,Case Rate,198 Percent of Medicare OPPS. Metroplus will reimburse unlisted codes and described codes with no Medicare rate at 50 percent of charges.,16737.29,,,,,,,Case Rate,198 Percent of Medicare OPPS. Metroplus will reimburse unlisted codes and described codes with no Medicare rate at 50 percent of charges.,16737.29,,,,,,,Case Rate,198 Percent of Medicare OPPS. Metroplus will reimburse unlisted codes and described codes with no Medicare rate at 50 percent of charges.,16737.29,,,,,,,Case Rate,198 Percent of Medicare OPPS. Metroplus will reimburse unlisted codes and described codes with no Medicare rate at 50 percent of charges.,16737.29,,,,,,,Case Rate,198 Percent of Medicare OPPS. Metroplus will reimburse unlisted codes and described codes with no Medicare rate at 50 percent of charges.,8453.18,,,,,,,Case Rate,"100% Medicare OPPS FS. ",42813,,,,,,,Case Rate,". Primary procedure pays at 100%, all subsequent at 50%.",42813,,,,,,,Case Rate,". Primary procedure pays at 100%, all subsequent at 50%.",42813,,,,,,,Case Rate,". Primary procedure pays at 100%, all subsequent at 50%.",42813,,,,,,,Case Rate,". Primary procedure pays at 100%, all subsequent at 50%.",41064,,,,,,,Case Rate,". Primary procedure pays at 100%, secondary at 50%, all subsequent at 25%.  Lesser of applies when negotiated rates exceed charges less addons.",41064,,,,,,,Case Rate,". Primary procedure pays at 100%, secondary at 50%, all subsequent at 25%.  Lesser of applies when negotiated rates exceed charges less addons.",41064,,,,,,,Case Rate,". Primary procedure pays at 100%, secondary at 50%, all subsequent at 25%.  Lesser of applies when negotiated rates exceed charges less addons.",41064,,,,,,,Case Rate,". Primary procedure pays at 100%, secondary at 50%, all subsequent at 25%.  Lesser of applies when negotiated rates exceed charges less addons.",43390,,,,,,,Case Rate,". MPL 100/75/50% all add ons apply, and lesser of 100% of billed charges",43390,,,,,,,Case Rate,". MPL 100/75/50% all add ons apply, and lesser of 100% of billed charges",8453.18,,,,,,,Case Rate,"100% Medicare OPPS FS. ",8453.18,,,,,,,Case Rate,"100% Medicare OPPS FS. ",8453.18,,,,,,,Case Rate,"100% Medicare OPPS FS. ",24258,,,,,,,Case Rate,". MPL 100/50/25% all add ons apply, and lesser of 100% of billed charges",24258,,,,,,,Case Rate,". MPL 100/50/25% all add ons apply, and lesser of 100% of billed charges",24258,,,,,,,Case Rate,". MPL 100/50/25% all add ons apply, and lesser of 100% of billed charges",43390,,,,,,,Case Rate,". MPL 100/75/50% all add ons apply, and lesser of 100% of billed charges",41064,,,,,,,Case Rate,". Primary procedure pays at 100%, secondary at 50%, all subsequent at 25%.  Lesser of applies when negotiated rates exceed charges less addons.",8453.18,,,,,,,Case Rate,"100% Medicare OPPS FS. ",24258,,,,,,,Case Rate,". MPL 100/50/25% all add ons apply, and lesser of 100% of billed charges",4191.21,,,,,,,Case Rate,"100 Percent of Medicaid APG. ",8622.24,,,,,,,Case Rate,"102% of Medicare OPPS. ",8622.24,,,,,,,Case Rate,"102% of Medicare OPPS. ",8622.24,,,,,,,Case Rate,"102% of Medicare OPPS. ",4191.21,,,,,,,Case rate,"100 Percent of Medicaid APG. ",9430.22,,,,,,,Fee Schedule,225% of NYS APG. Lesser of 100% of billed charges applies.,9430.22,,,,,,,Fee Schedule,225% of NYS APG. Lesser of 100% of billed charges applies.,9430.22,,,,,,,Fee Schedule,225% of NYS APG. Lesser of 100% of billed charges applies.,9430.22,,,,,,,Fee Schedule,225% of NYS APG. Lesser of 100% of billed charges applies.,9430.22,,,,,,,Fee Schedule,225% of NYS APG. Lesser of 100% of billed charges applies.,8622.24,,,,,,,Case Rate,"102% of Medicare OPPS. ",4191.21,,,,,,,Case Rate,"100 Percent of Medicaid APG. ",1070.41,,,,,,,Fee Schedule,90 Percent of Medicare RBRVS. Lesser of 100% of billed charges applies.,9430.22,,,,,,,Fee Schedule,225% of NYS APG. Lesser of 100% of billed charges applies.,9430.22,,,,,,,Fee Schedule,225% of NYS APG. Lesser of 100% of billed charges applies.,1070.41,,,,,,,Fee Schedule,90 Percent of Medicare RBRVS. Lesser of 100% of billed charges applies.,1070.41,,,,,,,Fee Schedule,90 Percent of Medicare RBRVS. Lesser of 100% of billed charges applies.,7544.18,,,,,,,Fee Schedule,"180 Percent of Medicaid APG. ",8453.18,,,,,,,Case Rate,"100% Medicare OPPS FS. ",8453.18,,,,,,,Case Rate,"100% Medicare OPPS FS. ",41064,,,,,,,Case Rate,". Primary procedure pays at 100%, secondary at 50%, all subsequent at 25%.  Lesser of applies when negotiated rates exceed charges less addons.",8453.18,,,,,,,Case Rate,"100% Medicare OPPS FS. ",9430.22,,,,,,,Case Rate,"225 Percent of Medicaid APG. ",9430.22,,,,,,,Case Rate,"225 Percent of Medicaid APG. ",4191.21,,,,,,,Case rate,"100 Percent of Medicaid APG. ",4191.21,,,,,,,Case rate,"100 Percent of Medicaid APG. ",9430.22,,,,,,,Case Rate,225 Percent of Medicaid APG. Covered services not payable under Medicaid Fee Schedules default to a payment of 87.5 percent of charges.,4191.21,,,,,,,Case rate,124 Percent of Medicaid APG. Covered services not payable under Medicaid Fee Schedules default to a payment of 50 percent of charges.,9430.22,,,,,,,Case Rate,"100 Percent of Medicaid APG. ",9430.22,,,,,,,Case Rate,"100 Percent of Medicaid APG. ",9430.22,,,,,,,Case Rate,"100 Percent of Medicaid APG. ",9430.22,,,,,,,Case Rate,"100 Percent of Medicaid APG. ",13453,,,,,,,Case Rate,". MPL 100/75/50% all add ons apply, and lesser of 100% of billed charges",43390,,,,,,,Case Rate,". MPL 100/75/50% all add ons apply, and lesser of 100% of billed charges",5029.45,,,,,,,Case Rate,"120 Percent of Medicaid APG. Not APG payable, or payable under another fee schedule like ASP/AWP pays at 30% of charges",5029.45,,,,,,,Case Rate,"120 Percent of Medicaid APG. Not APG payable, or payable under another fee schedule like ASP/AWP pays at 30% of charges",4191.21,,,,,,,Case Rate,"100 Percent of Medicaid APG. Not APG payable, or payable under another fee schedule like ASP/AWP pays at 30% of charges",4191.21,,,,,,,Case Rate,"100 Percent of Medicaid APG. Not APG payable, or payable under another fee schedule like ASP/AWP pays at 30% of charges",24258,,,,,,,Case Rate,". MPL 100/50/25% all add ons apply, and lesser of 100% of billed charges",24258,,,,,,,Case Rate,". MPL 100/50/25% all add ons apply, and lesser of 100% of billed charges",8453.18,,,,,,,Case Rate,"100% Medicare OPPS FS. ",24258,,,,,,,Case Rate,". MPL 100/50/25% all add ons apply, and lesser of 100% of billed charges",24258,,,,,,,Case Rate,". MPL 100/50/25% all add ons apply, and lesser of 100% of billed charges",24258,,,,,,,Case Rate,". MPL 100/50/25% all add ons apply, and lesser of 100% of billed charges",24258,,,,,,,Case Rate,". MPL 100/50/25% all add ons apply, and lesser of 100% of billed charges",8453.18,,,,,,,Case Rate,"100% Medicare OPPS FS. ",24258,,,,,,,Case Rate,". MPL 100/50/25% all add ons apply, and lesser of 100% of billed charges",24258,,,,,,,Case Rate,". MPL 100/50/25% all add ons apply, and lesser of 100% of billed charges",41064,,,,,,,Case Rate,". Primary procedure pays at 100%, secondary at 50%, all subsequent at 25%.  Lesser of applies when negotiated rates exceed charges less addons.",4191.21,,,,,,,Fee Schedule,100% APG. Lesser of 100% of billed charges applies.,4191.21,,,,,,,Case rate,124 Percent of Medicaid APG. Covered services not payable under Medicaid Fee Schedules default to a payment of 50 percent of charges.,9430.22,,,,,,,Fee Schedule,225% of NYS APG. Lesser of 100% of billed charges applies.,9430.22,,,,,,,Case Rate,225 Percent of Medicaid APG. Covered services not payable under Medicaid Fee Schedules default to a payment of 87.5 percent of charges.,4191.21,,,,,,,Case rate,124 Percent of Medicaid APG. Covered services not payable under Medicaid Fee Schedules default to a payment of 50 percent of charges.,9430.22,,,,,,,Fee Schedule,225% of NYS APG. Lesser of 100% of billed charges applies.,9430.22,,,,,,,Fee Schedule,225% of NYS APG. Lesser of 100% of billed charges applies.,9430.22,,,,,,,Fee Schedule,225% of NYS APG. Lesser of 100% of billed charges applies.,9430.22,,,,,,,Fee Schedule,225% of NYS APG. Lesser of 100% of billed charges applies.,9430.22,,,,,,,Fee Schedule,225% of NYS APG. Lesser of 100% of billed charges applies.,9430.22,,,,,,,Fee Schedule,225% of NYS APG. Lesser of 100% of billed charges applies.,,,,,,,,,"NA. ",,,,,,,,,"NA. ",,,,,,,,,"NA. ",28208,,,,,,,Case Rate,". MPL 100/50/25% maxmium of 3 procedures. All add ons apply, and lesser of 100% of billed charges",,,,,,,,,"NA. ",8453.18,,,,,,,Case Rate,"100% Medicare OPPS FS. ",15878,,,,,,,Case Rate,". MPL 1st 100% of Payment Rate 50% of all others, all add ons apply, and lesser of 100% of billed charges.",8453.18,,,,,,,Case Rate,"100% Medicare OPPS FS. ",8453.18,,,,,,,Case Rate,"100% Medicare OPPS FS. ",5029.45,,,,,,,Case Rate,"120 Percent of Medicaid APG. Not APG payable, or payable under another fee schedule like ASP/AWP pays at 30% of charges",5029.45,,,,,,,Case Rate,"120 Percent of Medicaid APG. Not APG payable, or payable under another fee schedule like ASP/AWP pays at 30% of charges",4191.21,,,,,,,Case Rate,"100 Percent of Medicaid APG. Not APG payable, or payable under another fee schedule like ASP/AWP pays at 30% of charges",4191.21,,,,,,,Case Rate,"100 Percent of Medicaid APG. Not APG payable, or payable under another fee schedule like ASP/AWP pays at 30% of charges",4191.21,,,,,,,Case Rate,"100 Percent of Medicaid APG. ",22755,,,,,,,Case Rate,". ",41064,,,,,,,Case Rate,". Primary procedure pays at 100%, secondary at 50%, all subsequent at 25%.  Lesser of applies when negotiated rates exceed charges less addons.",26771,,,,,,,Case Rate,". Primary procedure pays at 100%, all subsequent at 50%.",28208,,,,,,,Case Rate,". MPL 100/50/25% maxmium of 3 procedures. All add ons apply, and lesser of 100% of billed charges",8453.18,,,,,,,Case Rate,"100%Medicare OPPS FS. ",8453.18,,,,,,,Case Rate,"100% Medicare OPPS FS. ",8453.18,,,,,,,Case Rate,"100% Medicare OPPS FS. ",8453.18,,,,,,,Case Rate,"100% Medicare OPPS FS. ",8453.18,,,,,,,Case Rate,"100%Medicare OPPS FS. ",8453.18,,,,,,,Case Rate,"100% Medicare OPPS FS. ",,,,,,,,,"NA. ",9430.22,,,,,,,Fee Schedule,225% of NYS APG. Lesser of 100% of billed charges applies.,1070.41,,,,,,,Fee Schedule,90 Percent of Medicare RBRVS. Lesser of 100% of billed charges applies.,24258,,,,,,,Case Rate,". MPL 100/50/25% all add ons apply, and lesser of 100% of billed charges",22755,,,,,,,Case Rate,". ",22755,,,,,,,Case Rate,". ",22755,,,,,,,Case Rate,". ",22755,,,,,,,Case Rate,". ",8453.18,,,,,,,Case Rate,"100% Medicare OPPS FS. ",4191.21,,,,,,,Case Rate,"100 Percent of Medicaid APG. ",24258,,,,,,,Case Rate,". MPL 100/50/25% all add ons apply, and lesser of 100% of billed charges",4191.21,,,,,,,Case Rate,"100 Percent of Medicaid APG. ",8453.18,,,,,,,Case Rate,"100% Medicare OPPS FS. ",4191.21,,,,,,,Case Rate,"100 Percent of Medicaid APG. ",8453.18,,,,,,,Case Rate,"100% Medicare OPPS FS. ",8453.18,,,,,,,Case Rate,"100% Medicare OPPS FS. ",4191.21,,,,,,,Case Rate,"100 Percent of Medicaid APG. ",4191.21,,,,,,,Case Rate,"100 Percent of Medicaid APG. ",22755,,,,,,,Case Rate,". ",28208,,,,,,,Case Rate,". MPL 100/50/25% maxmium of 3 procedures. All add ons apply, and lesser of 100% of billed charges",,78,,,,,0,percent of total billed charges,78% of Billed Charges. Lesser of 100% of billed charges applies.; No services were performed during the 15 month look back period.,38617.88,,,,,,,Case Rate,". MPL 100/50/25% all add ons apply, and lesser of 100% of billed charges",38617.88,,,,,,,Case Rate,". MPL 100/50/25% all add ons apply, and lesser of 100% of billed charges",41064,,,,,,,Case Rate,". Primary procedure pays at 100%, secondary at 50%, all subsequent at 25%.  Lesser of applies when negotiated rates exceed charges less addons.",8284.11,,,,,,,Case Rate,"83% HF Fee schedule. ",42813,,,,,,,Case Rate,". Primary procedure pays at 100%, all subsequent at 50%.",42813,,,,,,,Case Rate,". Primary procedure pays at 100%, all subsequent at 50%.",19406,,,,,,,Case Rate,". MPL 100/50/25% all add ons apply, and lesser of 100% of billed charges",19406,,,,,,,Case Rate,". MPL 100/50/25% all add ons apply, and lesser of 100% of billed charges",8453.18,,,,,,,Case Rate,"100% Medicare OPPS FS. ",8453.18,,,,,,,Case Rate,"100% Medicare OPPS FS. ",8453.18,,,,,,,Case Rate,"100% Medicare OPPS FS. ",8453.18,,,,,,,Case Rate,"100% Medicare OPPS FS. ",38617.88,,,,,,,Case Rate,". MPL 100/50/25% all add ons apply, and lesser of 100% of billed charges",24258,,,,,,,Case Rate,". MPL 100/50/25% all add ons apply, and lesser of 100% of billed charges",24258,,,,,,,Case Rate,". MPL 100/50/25% all add ons apply, and lesser of 100% of billed charges",8453.18,,,,,,,Case Rate,"100% Medicare OPPS FS. ",19406,,,,,,,Case Rate,". MPL 100/50/25% all add ons apply, and lesser of 100% of billed charges",26771,,,,,,,Case Rate,". Primary procedure pays at 100%, all subsequent at 50%.",5029.45,,,,,,,Fee Schedule,"120 Percent of Medicaid APG. ",4191.21,,,,,,,Case Rate,"100 Percent of Medicaid APG. ",22755,,,,,,,Case Rate,". ",21832,,,,,,,Case Rate,". MPL 100/50/25% all add ons apply, and lesser of 100% of billed charges",21832,,,,,,,Case Rate,". MPL 100/50/25% all add ons apply, and lesser of 100% of billed charges",24258,,,,,,,Case Rate,". MPL 100/50/25% all add ons apply, and lesser of 100% of billed charges",29896,,,,,,,Case Rate,". MPL 100/75/50% all add ons apply, and lesser of 100% of billed charges",8453.18,,,,,,,Case Rate,"100%Medicare OPPS FS. ",4400.77,,,,,,,Fee Schedule,105 percent of Medicaid APG. otherwise 105% of Ordered NYS MCD FS or 105% of ASP+6%,4400.77,,,,,,,Fee Schedule,105 percent of Medicaid APG. otherwise 105% of Ordered NYS MCD FS or 105% of ASP+6%,4400.77,,,,,,,Fee Schedule,105 percent of Medicaid APG. otherwise 105% of Ordered NYS MCD FS or 105% of ASP+6%,5658.13,,,,,,,Fee Schedule,135 percent of Medicaid APG. otherwise 135% of Ordered NYS MCD FS or 135% of ASP+6%,38617.88,,,,,,,Case Rate,". MPL 100/50/25% all add ons apply, and lesser of 100% of billed charges",4400.77,,,,,,,Fee Schedule,105 percent of Medicaid APG. otherwise 105% of Ordered NYS MCD FS or 105% of ASP+6%,4400.77,,,,,,,Fee Schedule,105 percent of Medicaid APG. otherwise 105% of Ordered NYS MCD FS or 105% of ASP+6%,4400.77,,,,,,,Fee Schedule,105 percent of Medicaid APG. otherwise 105% of Ordered NYS MCD FS or 105% of ASP+6%,4400.77,,,,,,,Fee Schedule,105 percent of Medicaid APG. otherwise 105% of Ordered NYS MCD FS or 105% of ASP+6%,4400.77,,,,,,,Fee Schedule,105 percent of Medicaid APG. otherwise 105% of Ordered NYS MCD FS or 105% of ASP+6%,5658.13,,,,,,,Fee Schedule,135 percent of Medicaid APG. otherwise 135% of Ordered NYS MCD FS or 135% of ASP+6%,5658.13,,,,,,,Fee Schedule,135 percent of Medicaid APG. otherwise 135% of Ordered NYS MCD FS or 135% of ASP+6%,8453.18,,,,,,,Case Rate,"100% Medicare OPPS FS. ",38617.88,,,,,,,Case Rate,". MPL 100/50/25% all add ons apply, and lesser of 100% of billed charges",8453.18,,,,,,,Case Rate,"100% Medicare OPPS FS. ",4400.77,,,,,,,Fee Schedule,105 percent of Medicaid APG. otherwise 105% of Ordered NYS MCD FS or 105% of ASP+6%,24258,,,,,,,Case Rate,". MPL 100/50/25% all add ons apply, and lesser of 100% of billed charges",8453.18,,,,,,,Case Rate,"100% Medicare OPPS FS. ",24258,,,,,,,Case Rate,". MPL 100/50/25% all add ons apply, and lesser of 100% of billed charges",24258,,,,,,,Case Rate,". MPL 100/50/25% all add ons apply, and lesser of 100% of billed charges",24258,,,,,,,Case Rate,". MPL 100/50/25% all add ons apply, and lesser of 100% of billed charges",4400.77,,,,,,,Fee Schedule,105 percent of Medicaid APG. otherwise 105% of Ordered NYS MCD FS or 105% of ASP+6%,8453.18,,,,,,,Case Rate,"100% Medicare OPPS FS. ",24258,,,,,,,Case Rate,". MPL 100/50/25% all add ons apply, and lesser of 100% of billed charges",5658.13,,,,,,,Fee Schedule,135 percent of Medicaid APG. otherwise 135% of Ordered NYS MCD FS or 135% of ASP+6%,24258,,,,,,,Case Rate,". MPL 100/50/25% all add ons apply, and lesser of 100% of billed charges",,200,,,,,0,Case Rate,200% of Medicare OPPS. ; No services were performed during the 15 month look back period.,8453.18,,,,,,,Case Rate,"100%Medicare OPPS FS. ",22755,,,,,,,Case Rate,". ",22755,,,,,,,Case Rate,". ",22755,,,,,,,Case Rate,". ",22755,,,,,,,Case Rate,". ",22755,,,,,,,Case Rate,". ",26771,,,,,,,Case Rate,". Primary procedure pays at 100%, all subsequent at 50%.",26771,,,,,,,Case Rate,". Primary procedure pays at 100%, all subsequent at 50%.",22755,,,,,,,Case Rate,". ",22755,,,,,,,Case Rate,". ",22755,,,,,,,Case Rate,". ",22755,,,,,,,Case Rate,". ",22755,,,,,,,Case Rate,". ",8453.18,,,,,,,Case Rate,"100% Medicare OPPS FS. ",26771,,,,,,,Case Rate,". Primary procedure pays at 100%, all subsequent at 50%.",8453.18,,,,,,,Case Rate,"100% Medicare OPPS FS. ",9430.22,,,,,,,Case Rate,"225 Percent of Medicaid APG. If not included in Medicaid APG, then 100 Percent of Manhattan Medicare",4191.21,,,,,,,Case Rate,"100 Percent of Medicaid APG. ",38617.88,,,,,,,Case Rate,". MPL 100/50/25% all add ons apply, and lesser of 100% of billed charges",38617.88,,,,,,,Case Rate,". MPL 100/50/25% all add ons apply, and lesser of 100% of billed charges",8453.18,,,,,,,Case Rate,"100% Medicare OPPS FS. ",42813,,,,,,,Case Rate,". Primary procedure pays at 100%, all subsequent at 50%.",8453.18,,,,,,,Case Rate,"100% Medicare OPPS FS. ",8453.18,,,,,,,Case Rate,"100% Medicare OPPS FS. ",41064,,,,,,,Case Rate,". Primary procedure pays at 100%, secondary at 50%, all subsequent at 25%.  Lesser of applies when negotiated rates exceed charges less addons.",8453.18,,,,,,,Case Rate,"100% Medicare OPPS FS. ",28208,,,,,,,Case Rate,". MPL 100/50/25% maxmium of 3 procedures. All add ons apply, and lesser of 100% of billed charges",8453.18,,,,,,,Case Rate,"100% Medicare OPPS FS. ",28208,,,,,,,Case Rate,". MPL 100/50/25% maxmium of 3 procedures. All add ons apply, and lesser of 100% of billed charges",41064,,,,,,,Case Rate,". Primary procedure pays at 100%, secondary at 50%, all subsequent at 25%.  Lesser of applies when negotiated rates exceed charges less addons.",28208,,,,,,,Case Rate,". MPL 100/50/25% maxmium of 3 procedures. All add ons apply, and lesser of 100% of billed charges",8453.18,,,,,,,Case Rate,"100% Medicare OPPS FS. ",4191.21,,,,,,,Case Rate,"100 Percent of Medicaid APG. ",8453.18,,,,,,,Case Rate,"100% Medicare OPPS FS. ",28208,,,,,,,Case Rate,". MPL 100/50/25% maxmium of 3 procedures. All add ons apply, and lesser of 100% of billed charges",38617.88,,,,,,,Case Rate,". MPL 100/50/25% all add ons apply, and lesser of 100% of billed charges",4191.21,,,,,,,Case Rate,"100 Percent of Medicaid APG. ",24258,,,,,,,Case Rate,". MPL 100/50/25% all add ons apply, and lesser of 100% of billed charges",5029.45,,,,,,,Fee Schedule,"120 Percent of Medicaid APG. ",5029.45,,,,,,,Fee Schedule,"120 Percent of Medicaid APG. ",24258,,,,,,,Case Rate,". MPL 100/50/25% all add ons apply, and lesser of 100% of billed charges",24258,,,,,,,Case Rate,". MPL 100/50/25% all add ons apply, and lesser of 100% of billed charges",24258,,,,,,,Case Rate,". MPL 100/50/25% all add ons apply, and lesser of 100% of billed charges",38617.88,,,,,,,Case Rate,". MPL 100/50/25% all add ons apply, and lesser of 100% of billed charges",24258,,,,,,,Case Rate,". MPL 100/50/25% all add ons apply, and lesser of 100% of billed charges",24258,,,,,,,Case Rate,". MPL 100/50/25% all add ons apply, and lesser of 100% of billed charges",24258,,,,,,,Case Rate,". MPL 100/50/25% all add ons apply, and lesser of 100% of billed charges",22755,,,,,,,Case Rate,". ",22755,,,,,,,Case Rate,". ",16737.29,,,,,,,Case Rate,198 Percent of Medicare OPPS. Metroplus will reimburse unlisted codes and described codes with no Medicare rate at 50 percent of charges.,4191.21,,,,,,,Case Rate,"100 Percent of Medicaid APG. ",38617.88,,,,,,,Case Rate,". MPL 100/50/25% all add ons apply, and lesser of 100% of billed charges",28208,,,,,,,Case Rate,". MPL 100/50/25% maxmium of 3 procedures. All add ons apply, and lesser of 100% of billed charges",41064,,,,,,,Case Rate,". Primary procedure pays at 100%, secondary at 50%, all subsequent at 25%.  Lesser of applies when negotiated rates exceed charges less addons.",38617.88,,,,,,,Case Rate,". MPL 100/50/25% all add ons apply, and lesser of 100% of billed charges",41064,,,,,,,Case Rate,". Primary procedure pays at 100%, secondary at 50%, all subsequent at 25%.  Lesser of applies when negotiated rates exceed charges less addons.",38617.88,,,,,,,Case Rate,". MPL 100/50/25% all add ons apply, and lesser of 100% of billed charges",24258,,,,,,,Case Rate,". MPL 100/50/25% all add ons apply, and lesser of 100% of billed charges",24258,,,,,,,Case Rate,". MPL 100/50/25% all add ons apply, and lesser of 100% of billed charges",24258,,,,,,,Case Rate,". MPL 100/50/25% all add ons apply, and lesser of 100% of billed charges",24258,,,,,,,Case Rate,". MPL 100/50/25% all add ons apply, and lesser of 100% of billed charges",8453.18,,,,,,,Case Rate,"100% Medicare OPPS FS. ",1070.41,43411,
22867,CPT,,,490,RC,INSJ STABLJ DEV W/DCMPRN,,,both,,,,103505,,,,,,,Case Rate,". MPL 1st 100% of Payment Rate 50% of all others, all add ons apply, and lesser of 100% of billed charges.",103505,,,,,,,Case Rate,". MPL 1st 100% of Payment Rate 50% of all others, all add ons apply, and lesser of 100% of billed charges.",12266,,,,,,,Case Rate,". Primary procedure pays at 100%, secondary at 50%, all subsequent at 25%.  Lesser of applies when negotiated rates exceed charges less addons.",,100,,,,,0,percent of total billed charges,100 percent of billed charges; No services were performed during the 15 month look back period.,21760.95,,,,,,,Case Rate,"100% Medicare OPPS FS. ",12266,,,,,,,Case Rate,". Primary procedure pays at 100%, secondary at 50%, all subsequent at 25%.  Lesser of applies when negotiated rates exceed charges less addons.",12266,,,,,,,Case Rate,". Primary procedure pays at 100%, secondary at 50%, all subsequent at 25%.  Lesser of applies when negotiated rates exceed charges less addons.",12266,,,,,,,Case Rate,". Primary procedure pays at 100%, secondary at 50%, all subsequent at 25%.  Lesser of applies when negotiated rates exceed charges less addons.",,,,,,,,Other,"100 Percent of Medicaid APG. ",,,,,,,,Other,"100 Percent of Medicaid APG. ",,78,,,,,0,percent of total billed charges,78% of Billed Charges. Lesser of 100% of billed charges applies.; No services were performed during the 15 month look back period.,38617.88,,,,,,,Case Rate,". MPL 100/50/25% all add ons apply, and lesser of 100% of billed charges",,,,,,,,Other,"100 Percent of Medicaid APG. ",21760.95,,,,,,,Case Rate,"100% Medicare OPPS FS. ",6487,,,,,,,Case Rate,". MPL 100/50/25% maxmium of 3 procedures. All add ons apply, and lesser of 100% of billed charges",6487,,,,,,,Case Rate,". MPL 100/50/25% maxmium of 3 procedures. All add ons apply, and lesser of 100% of billed charges",6487,,,,,,,Case Rate,". MPL 100/50/25% maxmium of 3 procedures. All add ons apply, and lesser of 100% of billed charges",6487,,,,,,,Case Rate,". MPL 100/50/25% maxmium of 3 procedures. All add ons apply, and lesser of 100% of billed charges",,,,,,,,Case rate,124 Percent of Medicaid APG. Covered services not payable under Medicaid Fee Schedules default to a payment of 50 percent of charges.,21760.95,,,,,,,Case Rate,"100% Medicare OPPS FS. ",,,,,,,,Case rate,124 Percent of Medicaid APG. Covered services not payable under Medicaid Fee Schedules default to a payment of 50 percent of charges.,,78,,,,,0,percent of total billed charges,78% of Billed Charges. Lesser of 100% of billed charges applies.; No services were performed during the 15 month look back period.,12266,,,,,,,Case Rate,". Primary procedure pays at 100%, secondary at 50%, all subsequent at 25%.  Lesser of applies when negotiated rates exceed charges less addons.",21760.95,,,,,,,Case Rate,"100%Medicare OPPS FS. ",26771,,,,,,,Case Rate,". Primary procedure pays at 100%, all subsequent at 50%.",21760.95,,,,,,,Case Rate,"100%Medicare OPPS FS. ",21760.95,,,,,,,Case Rate,"100%Medicare OPPS FS. ",,78,,,,,0,percent of total billed charges,78% of Billed Charges. Lesser of 100% of billed charges applies.; No services were performed during the 15 month look back period.,8396.63,,,,,,,Case Rate,100% of PAS. Lesser of 100% of billed charges applies.,8396.63,,,,,,,Case Rate,100% of PAS. Lesser of 100% of billed charges applies.,,,,,,,,Case rate,"100 Percent of Medicaid APG. ",,,,,,,,Case rate,"100 Percent of Medicaid APG. ",26771,,,,,,,Case Rate,". Primary procedure pays at 100%, all subsequent at 50%.",26771,,,,,,,Case Rate,". Primary procedure pays at 100%, all subsequent at 50%.",,,,,,,,Other,"100 Percent of Medicaid APG. Not APG payable, or payable under another fee schedule like ASP/AWP pays at 30% of charges",26771,,,,,,,Case Rate,". Primary procedure pays at 100%, all subsequent at 50%.",,,,,,,,Other,"100 Percent of Medicaid APG. Not APG payable, or payable under another fee schedule like ASP/AWP pays at 30% of charges",21760.95,,,,,,,Case Rate,"100%Medicare OPPS FS. ",26771,,,,,,,Case Rate,". Primary procedure pays at 100%, all subsequent at 50%.",,78,,,,,0,percent of total billed charges,78% of Billed Charges. Lesser of 100% of billed charges applies.; No services were performed during the 15 month look back period.,,,,,,,,Other,"100 Percent of Medicaid APG. If not priced under APG, then Metroplus FeeSched",,,,,,,,Other,"100 Percent of Medicaid APG. If not priced under APG, then Metroplus FeeSched",,78,,,,,0,percent of total billed charges,78% of Billed Charges. Lesser of 100% of billed charges applies.; No services were performed during the 15 month look back period.,6487,,,,,,,Case Rate,". MPL 100/50/25% maxmium of 3 procedures. All add ons apply, and lesser of 100% of billed charges",32403,,,,,,,Case Rate,". MPL 100/50/25% all add ons apply, and lesser of 100% of billed charges",32403,,,,,,,Case Rate,". MPL 100/50/25% all add ons apply, and lesser of 100% of billed charges",,78,,,,,0,percent of total billed charges,78% of Billed Charges. Lesser of 100% of billed charges applies.; No services were performed during the 15 month look back period.,21760.95,,,,,,,Case Rate,"100% Medicare OPPS FS. ",38617.88,,,,,,,Case Rate,". MPL 100/50/25% all add ons apply, and lesser of 100% of billed charges",38617.88,,,,,,,Case Rate,". MPL 100/50/25% all add ons apply, and lesser of 100% of billed charges",38617.88,,,,,,,Case Rate,". MPL 100/50/25% all add ons apply, and lesser of 100% of billed charges",21760.95,,,,,,,Case Rate,"100% Medicare OPPS FS. ",38617.88,,,,,,,Case Rate,". MPL 100/50/25% all add ons apply, and lesser of 100% of billed charges",38617.88,,,,,,,Case Rate,". MPL 100/50/25% all add ons apply, and lesser of 100% of billed charges",21760.95,,,,,,,Case Rate,"100% of Medicare OPPS. ",43390,,,,,,,Case Rate,". MPL 100/75/50% all add ons apply, and lesser of 100% of billed charges",29589,,,,,,,Case Rate,". MPL 100/50/25% all add ons apply, and lesser of 100% of billed charges",29589,,,,,,,Case Rate,". MPL 100/50/25% all add ons apply, and lesser of 100% of billed charges",29589,,,,,,,Case Rate,". MPL 100/50/25% all add ons apply, and lesser of 100% of billed charges",29589,,,,,,,Case Rate,". MPL 100/50/25% all add ons apply, and lesser of 100% of billed charges",29589,,,,,,,Case Rate,". MPL 100/50/25% all add ons apply, and lesser of 100% of billed charges",29589,,,,,,,Case Rate,". MPL 100/50/25% all add ons apply, and lesser of 100% of billed charges",21760.95,,,,,,,Case Rate,"100% Medicare OPPS FS. ",21760.95,,,,,,,Case Rate,"100% Medicare OPPS FS. ",29589,,,,,,,Case Rate,". MPL 100/50/25% all add ons apply, and lesser of 100% of billed charges",,78,,,,,0,percent of total billed charges,78% of Billed Charges. Lesser of 100% of billed charges applies.; No services were performed during the 15 month look back period.,,78,,,,,0,percent of total billed charges,78% of Billed Charges. Lesser of 100% of billed charges applies.; No services were performed during the 15 month look back period.,,78,,,,,0,percent of total billed charges,78% of Billed Charges. Lesser of 100% of billed charges applies.; No services were performed during the 15 month look back period.,,78,,,,,0,percent of total billed charges,78% of Billed Charges. Lesser of 100% of billed charges applies.; No services were performed during the 15 month look back period.,,78,,,,,0,percent of total billed charges,78% of Billed Charges. Lesser of 100% of billed charges applies.; No services were performed during the 15 month look back period.,,78,,,,,0,percent of total billed charges,78% of Billed Charges. Lesser of 100% of billed charges applies.; No services were performed during the 15 month look back period.,,78,,,,,0,percent of total billed charges,78% of Billed Charges. Lesser of 100% of billed charges applies.; No services were performed during the 15 month look back period.,,78,,,,,0,percent of total billed charges,78% of Billed Charges. Lesser of 100% of billed charges applies.; No services were performed during the 15 month look back period.,,78,,,,,0,percent of total billed charges,78% of Billed Charges. Lesser of 100% of billed charges applies.; No services were performed during the 15 month look back period.,,78,,,,,0,percent of total billed charges,78% of Billed Charges. Lesser of 100% of billed charges applies.; No services were performed during the 15 month look back period.,,78,,,,,0,percent of total billed charges,78% of Billed Charges. Lesser of 100% of billed charges applies.; No services were performed during the 15 month look back period.,,78,,,,,0,percent of total billed charges,78% of Billed Charges. Lesser of 100% of billed charges applies.; No services were performed during the 15 month look back period.,,78,,,,,0,percent of total billed charges,78% of Billed Charges. Lesser of 100% of billed charges applies.; No services were performed during the 15 month look back period.,,78,,,,,0,percent of total billed charges,78% of Billed Charges. Lesser of 100% of billed charges applies.; No services were performed during the 15 month look back period.,,78,,,,,0,percent of total billed charges,78% of Billed Charges. Lesser of 100% of billed charges applies.; No services were performed during the 15 month look back period.,,78,,,,,0,percent of total billed charges,78% of Billed Charges. Lesser of 100% of billed charges applies.; No services were performed during the 15 month look back period.,,78,,,,,0,percent of total billed charges,78% of Billed Charges. Lesser of 100% of billed charges applies.; No services were performed during the 15 month look back period.,,78,,,,,0,percent of total billed charges,78% of Billed Charges. Lesser of 100% of billed charges applies.; No services were performed during the 15 month look back period.,,78,,,,,0,percent of total billed charges,78% of Billed Charges. Lesser of 100% of billed charges applies.; No services were performed during the 15 month look back period.,,78,,,,,0,percent of total billed charges,78% of Billed Charges. Lesser of 100% of billed charges applies.; No services were performed during the 15 month look back period.,,78,,,,,0,percent of total billed charges,78% of Billed Charges. Lesser of 100% of billed charges applies.; No services were performed during the 15 month look back period.,,78,,,,,0,percent of total billed charges,78% of Billed Charges. Lesser of 100% of billed charges applies.; No services were performed during the 15 month look back period.,,78,,,,,0,percent of total billed charges,78% of Billed Charges. Lesser of 100% of billed charges applies.; No services were performed during the 15 month look back period.,,78,,,,,0,percent of total billed charges,78% of Billed Charges. Lesser of 100% of billed charges applies.; No services were performed during the 15 month look back period.,,78,,,,,0,percent of total billed charges,78% of Billed Charges. Lesser of 100% of billed charges applies.; No services were performed during the 15 month look back period.,,78,,,,,0,percent of total billed charges,78% of Billed Charges. Lesser of 100% of billed charges applies.; No services were performed during the 15 month look back period.,26771,,,,,,,Case Rate,". Primary procedure pays at 100%, all subsequent at 50%.",26771,,,,,,,Case Rate,". Primary procedure pays at 100%, all subsequent at 50%.",26771,,,,,,,Case Rate,". Primary procedure pays at 100%, all subsequent at 50%.",26771,,,,,,,Case Rate,". Primary procedure pays at 100%, all subsequent at 50%.",42813,,,,,,,Case Rate,". Primary procedure pays at 100%, all subsequent at 50%.",42813,,,,,,,Case Rate,". Primary procedure pays at 100%, all subsequent at 50%.",6487,,,,,,,Case Rate,". MPL 100/50/25% maxmium of 3 procedures. All add ons apply, and lesser of 100% of billed charges",29589,,,,,,,Case Rate,". MPL 100/50/25% all add ons apply, and lesser of 100% of billed charges",38617.88,,,,,,,Case Rate,". MPL 100/50/25% all add ons apply, and lesser of 100% of billed charges",29589,,,,,,,Case Rate,". MPL 100/50/25% all add ons apply, and lesser of 100% of billed charges",,78,,,,,0,percent of total billed charges,78% of Billed Charges. Lesser of 100% of billed charges applies.; No services were performed during the 15 month look back period.,42813,,,,,,,Case Rate,". Primary procedure pays at 100%, all subsequent at 50%.",29589,,,,,,,Case Rate,". MPL 100/50/25% all add ons apply, and lesser of 100% of billed charges",38617.88,,,,,,,Case Rate,". MPL 100/50/25% all add ons apply, and lesser of 100% of billed charges",6487,,,,,,,Case Rate,". MPL 100/50/25% maxmium of 3 procedures. All add ons apply, and lesser of 100% of billed charges",,,,,,,,,"NA. ",,78,,,,,0,percent of total billed charges,78% of Billed Charges. Lesser of 100% of billed charges applies.; No services were performed during the 15 month look back period.,,,,,,,,Other,"100 Percent of Medicaid APG. ",26771,,,,,,,Case Rate,". Primary procedure pays at 100%, all subsequent at 50%.",,,,,,,,Other,"100 Percent of Medicaid APG. Not APG payable, or payable under another fee schedule like ASP/AWP pays at 30% of charges",21760.95,,,,,,,Case Rate,"100%Medicare OPPS FS. ",21760.95,,,,,,,Case Rate,"100% Medicare OPPS FS. ",43390,,,,,,,Case Rate,". MPL 100/75/50% all add ons apply, and lesser of 100% of billed charges",21760.95,,,,,,,Case Rate,"100% Medicare OPPS FS. ",21760.95,,,,,,,Case Rate,"100% Medicare OPPS FS. ",,,,,,,,Other,"100 Percent of Medicaid APG. ",21760.95,,,,,,,Case Rate,"100% Medicare OPPS FS. ",21760.95,,,,,,,Case Rate,"100% Medicare OPPS FS. ",12266,,,,,,,Case Rate,". Primary procedure pays at 100%, secondary at 50%, all subsequent at 25%.  Lesser of applies when negotiated rates exceed charges less addons.",12266,,,,,,,Case Rate,". Primary procedure pays at 100%, secondary at 50%, all subsequent at 25%.  Lesser of applies when negotiated rates exceed charges less addons.",21760.95,,,,,,,Case Rate,"100% Medicare OPPS FS. ",6487,,,,,,,Case Rate,". MPL 100/50/25% maxmium of 3 procedures. All add ons apply, and lesser of 100% of billed charges",38617.88,,,,,,,Case Rate,". MPL 100/50/25% all add ons apply, and lesser of 100% of billed charges",38617.88,,,,,,,Case Rate,". MPL 100/50/25% all add ons apply, and lesser of 100% of billed charges",21760.95,,,,,,,Case Rate,"100% Medicare OPPS FS. ",6487,,,,,,,Case Rate,". MPL 100/50/25% maxmium of 3 procedures. All add ons apply, and lesser of 100% of billed charges",12266,,,,,,,Case Rate,". Primary procedure pays at 100%, secondary at 50%, all subsequent at 25%.  Lesser of applies when negotiated rates exceed charges less addons.",12266,,,,,,,Case Rate,". Primary procedure pays at 100%, secondary at 50%, all subsequent at 25%.  Lesser of applies when negotiated rates exceed charges less addons.",12266,,,,,,,Case Rate,". Primary procedure pays at 100%, secondary at 50%, all subsequent at 25%.  Lesser of applies when negotiated rates exceed charges less addons.",,78,,,,,0,percent of total billed charges,78% of Billed Charges. Lesser of 100% of billed charges applies.; No services were performed during the 15 month look back period.,,78,,,,,0,percent of total billed charges,78% of Billed Charges. Lesser of 100% of billed charges applies.; No services were performed during the 15 month look back period.,,78,,,,,0,percent of total billed charges,78% of Billed Charges. Lesser of 100% of billed charges applies.; No services were performed during the 15 month look back period.,,78,,,,,0,percent of total billed charges,78% of Billed Charges. Lesser of 100% of billed charges applies.; No services were performed during the 15 month look back period.,,78,,,,,0,percent of total billed charges,78% of Billed Charges. Lesser of 100% of billed charges applies.; No services were performed during the 15 month look back period.,,78,,,,,0,percent of total billed charges,78% of Billed Charges. Lesser of 100% of billed charges applies.; No services were performed during the 15 month look back period.,,78,,,,,0,percent of total billed charges,78% of Billed Charges. Lesser of 100% of billed charges applies.; No services were performed during the 15 month look back period.,,78,,,,,0,percent of total billed charges,78% of Billed Charges. Lesser of 100% of billed charges applies.; No services were performed during the 15 month look back period.,,78,,,,,0,percent of total billed charges,78% of Billed Charges. Lesser of 100% of billed charges applies.; No services were performed during the 15 month look back period.,,78,,,,,0,percent of total billed charges,78% of Billed Charges. Lesser of 100% of billed charges applies.; No services were performed during the 15 month look back period.,,78,,,,,0,percent of total billed charges,78% of Billed Charges. Lesser of 100% of billed charges applies.; No services were performed during the 15 month look back period.,42813,,,,,,,Case Rate,". Primary procedure pays at 100%, all subsequent at 50%.",29589,,,,,,,Case Rate,". MPL 100/50/25% all add ons apply, and lesser of 100% of billed charges",6487,,,,,,,Case Rate,". MPL 100/50/25% maxmium of 3 procedures. All add ons apply, and lesser of 100% of billed charges",21760.95,,,,,,,Case Rate,"100% Medicare OPPS FS. ",12266,,,,,,,Case Rate,". Primary procedure pays at 100%, secondary at 50%, all subsequent at 25%.  Lesser of applies when negotiated rates exceed charges less addons.",6487,,,,,,,Case Rate,". MPL 100/50/25% maxmium of 3 procedures. All add ons apply, and lesser of 100% of billed charges",6487,,,,,,,Case Rate,". MPL 100/50/25% maxmium of 3 procedures. All add ons apply, and lesser of 100% of billed charges",,78,,,,,0,percent of total billed charges,78% of Billed Charges. Lesser of 100% of billed charges applies.; No services were performed during the 15 month look back period.,,,,,,,,Other,"214 Percent of Medicaid APG. ",6487,,,,,,,Case Rate,". MPL 100/50/25% maxmium of 3 procedures. All add ons apply, and lesser of 100% of billed charges",,,,,,,,Other,"100 Percent of Medicaid APG. ",21760.95,,,,,,,Case Rate,"100% Medicare OPPS FS. ",21760.95,,,,,,,Case Rate,"100% Medicare OPPS FS. ",21760.95,,,,,,,Case Rate,"100% Medicare OPPS FS. ",21760.95,,,,,,,Case Rate,"100% Medicare OPPS FS. ",21760.95,,,,,,,Case Rate,"100% Medicare OPPS FS. ",21760.95,,,,,,,Case Rate,"100% Medicare OPPS FS. ",6487,,,,,,,Case Rate,". MPL 100/50/25% maxmium of 3 procedures. All add ons apply, and lesser of 100% of billed charges",43390,,,,,,,Case Rate,". MPL 100/75/50% all add ons apply, and lesser of 100% of billed charges",,,,,,,,Fee Schedule,"180 Percent of Medicaid APG. ",,,,,,,,Fee Schedule,"180 Percent of Medicaid APG. ",,,,,,,,Fee Schedule,"180 Percent of Medicaid APG. ",,,,,,,,Fee Schedule,"180 Percent of Medicaid APG. ",,,,,,,,Fee Schedule,"180 Percent of Medicaid APG. ",,,,,,,,,"NA. ",43390,,,,,,,Case Rate,". MPL 100/75/50% all add ons apply, and lesser of 100% of billed charges",43086.67,,,,,,,Case Rate,198 Percent of Medicare OPPS. Metroplus will reimburse unlisted codes and described codes with no Medicare rate at 50 percent of charges.,43086.67,,,,,,,Case Rate,198 Percent of Medicare OPPS. Metroplus will reimburse unlisted codes and described codes with no Medicare rate at 50 percent of charges.,43086.67,,,,,,,Case Rate,198 Percent of Medicare OPPS. Metroplus will reimburse unlisted codes and described codes with no Medicare rate at 50 percent of charges.,43086.67,,,,,,,Case Rate,198 Percent of Medicare OPPS. Metroplus will reimburse unlisted codes and described codes with no Medicare rate at 50 percent of charges.,43086.67,,,,,,,Case Rate,198 Percent of Medicare OPPS. Metroplus will reimburse unlisted codes and described codes with no Medicare rate at 50 percent of charges.,21760.95,,,,,,,Case Rate,"100% Medicare OPPS FS. ",42813,,,,,,,Case Rate,". Primary procedure pays at 100%, all subsequent at 50%.",42813,,,,,,,Case Rate,". Primary procedure pays at 100%, all subsequent at 50%.",42813,,,,,,,Case Rate,". Primary procedure pays at 100%, all subsequent at 50%.",42813,,,,,,,Case Rate,". Primary procedure pays at 100%, all subsequent at 50%.",12266,,,,,,,Case Rate,". Primary procedure pays at 100%, secondary at 50%, all subsequent at 25%.  Lesser of applies when negotiated rates exceed charges less addons.",12266,,,,,,,Case Rate,". Primary procedure pays at 100%, secondary at 50%, all subsequent at 25%.  Lesser of applies when negotiated rates exceed charges less addons.",12266,,,,,,,Case Rate,". Primary procedure pays at 100%, secondary at 50%, all subsequent at 25%.  Lesser of applies when negotiated rates exceed charges less addons.",12266,,,,,,,Case Rate,". Primary procedure pays at 100%, secondary at 50%, all subsequent at 25%.  Lesser of applies when negotiated rates exceed charges less addons.",43390,,,,,,,Case Rate,". MPL 100/75/50% all add ons apply, and lesser of 100% of billed charges",43390,,,,,,,Case Rate,". MPL 100/75/50% all add ons apply, and lesser of 100% of billed charges",21760.95,,,,,,,Case Rate,"100% Medicare OPPS FS. ",21760.95,,,,,,,Case Rate,"100% Medicare OPPS FS. ",21760.95,,,,,,,Case Rate,"100% Medicare OPPS FS. ",29589,,,,,,,Case Rate,". MPL 100/50/25% all add ons apply, and lesser of 100% of billed charges",29589,,,,,,,Case Rate,". MPL 100/50/25% all add ons apply, and lesser of 100% of billed charges",29589,,,,,,,Case Rate,". MPL 100/50/25% all add ons apply, and lesser of 100% of billed charges",43390,,,,,,,Case Rate,". MPL 100/75/50% all add ons apply, and lesser of 100% of billed charges",12266,,,,,,,Case Rate,". Primary procedure pays at 100%, secondary at 50%, all subsequent at 25%.  Lesser of applies when negotiated rates exceed charges less addons.",21760.95,,,,,,,Case Rate,"100% Medicare OPPS FS. ",29589,,,,,,,Case Rate,". MPL 100/50/25% all add ons apply, and lesser of 100% of billed charges",,,,,,,,Other,"100 Percent of Medicaid APG. ",22196.17,,,,,,,Case Rate,"102% of Medicare OPPS. ",22196.17,,,,,,,Case Rate,"102% of Medicare OPPS. ",22196.17,,,,,,,Case Rate,"102% of Medicare OPPS. ",,,,,,,,Case rate,"100 Percent of Medicaid APG. ",,,,,,,,Case Rate,225% of NYS APG. Lesser of 100% of billed charges applies.,,,,,,,,Case Rate,225% of NYS APG. Lesser of 100% of billed charges applies.,,,,,,,,Case Rate,225% of NYS APG. Lesser of 100% of billed charges applies.,,,,,,,,Case Rate,225% of NYS APG. Lesser of 100% of billed charges applies.,,,,,,,,Case Rate,225% of NYS APG. Lesser of 100% of billed charges applies.,22196.17,,,,,,,Case Rate,"102% of Medicare OPPS. ",,,,,,,,Other,"100 Percent of Medicaid APG. ",8396.63,,,,,,,Case Rate,100% of PAS. Lesser of 100% of billed charges applies.,,,,,,,,Case Rate,225% of NYS APG. Lesser of 100% of billed charges applies.,,,,,,,,Case Rate,225% of NYS APG. Lesser of 100% of billed charges applies.,8396.63,,,,,,,Case Rate,100% of PAS. Lesser of 100% of billed charges applies.,8396.63,,,,,,,Case Rate,100% of PAS. Lesser of 100% of billed charges applies.,,,,,,,,Fee Schedule,"180 Percent of Medicaid APG. ",21760.95,,,,,,,Case Rate,"100% Medicare OPPS FS. ",21760.95,,,,,,,Case Rate,"100% Medicare OPPS FS. ",12266,,,,,,,Case Rate,". Primary procedure pays at 100%, secondary at 50%, all subsequent at 25%.  Lesser of applies when negotiated rates exceed charges less addons.",21760.95,,,,,,,Case Rate,"100% Medicare OPPS FS. ",,,,,,,,Case Rate,"225 Percent of Medicaid APG. ",,,,,,,,Case Rate,"225 Percent of Medicaid APG. ",,,,,,,,Case rate,"100 Percent of Medicaid APG. ",,,,,,,,Case rate,"100 Percent of Medicaid APG. ",,,,,,,,Case Rate,Not Payable. Covered services not payable under Medicaid Fee Schedules default to a payment of 87.5 percent of charges.,,,,,,,,Case rate,124 Percent of Medicaid APG. Covered services not payable under Medicaid Fee Schedules default to a payment of 50 percent of charges.,,,,,,,,Other,"100 Percent of Medicaid APG. ",,,,,,,,Other,"100 Percent of Medicaid APG. ",,,,,,,,Other,"100 Percent of Medicaid APG. ",,,,,,,,Other,"100 Percent of Medicaid APG. ",13453,,,,,,,Case Rate,". MPL 100/75/50% all add ons apply, and lesser of 100% of billed charges",43390,,,,,,,Case Rate,". MPL 100/75/50% all add ons apply, and lesser of 100% of billed charges",,,,,,,,Other,"120 Percent of Medicaid APG. Not APG payable, or payable under another fee schedule like ASP/AWP pays at 30% of charges",,,,,,,,Other,"120 Percent of Medicaid APG. Not APG payable, or payable under another fee schedule like ASP/AWP pays at 30% of charges",,,,,,,,Other,"100 Percent of Medicaid APG. Not APG payable, or payable under another fee schedule like ASP/AWP pays at 30% of charges",,,,,,,,Other,"100 Percent of Medicaid APG. Not APG payable, or payable under another fee schedule like ASP/AWP pays at 30% of charges",29589,,,,,,,Case Rate,". MPL 100/50/25% all add ons apply, and lesser of 100% of billed charges",29589,,,,,,,Case Rate,". MPL 100/50/25% all add ons apply, and lesser of 100% of billed charges",21760.95,,,,,,,Case Rate,"100% Medicare OPPS FS. ",29589,,,,,,,Case Rate,". MPL 100/50/25% all add ons apply, and lesser of 100% of billed charges",29589,,,,,,,Case Rate,". MPL 100/50/25% all add ons apply, and lesser of 100% of billed charges",29589,,,,,,,Case Rate,". MPL 100/50/25% all add ons apply, and lesser of 100% of billed charges",29589,,,,,,,Case Rate,". MPL 100/50/25% all add ons apply, and lesser of 100% of billed charges",21760.95,,,,,,,Case Rate,"100% Medicare OPPS FS. ",29589,,,,,,,Case Rate,". MPL 100/50/25% all add ons apply, and lesser of 100% of billed charges",29589,,,,,,,Case Rate,". MPL 100/50/25% all add ons apply, and lesser of 100% of billed charges",12266,,,,,,,Case Rate,". Primary procedure pays at 100%, secondary at 50%, all subsequent at 25%.  Lesser of applies when negotiated rates exceed charges less addons.",,,,,,,,Fee Schedule,100% APG. Lesser of 100% of billed charges applies.,,,,,,,,Case rate,124 Percent of Medicaid APG. Covered services not payable under Medicaid Fee Schedules default to a payment of 50 percent of charges.,,,,,,,,Case Rate,225% of NYS APG. Lesser of 100% of billed charges applies.,,,,,,,,Case Rate,Not Payable. Covered services not payable under Medicaid Fee Schedules default to a payment of 87.5 percent of charges.,,,,,,,,Case rate,124 Percent of Medicaid APG. Covered services not payable under Medicaid Fee Schedules default to a payment of 50 percent of charges.,,,,,,,,Case Rate,225% of NYS APG. Lesser of 100% of billed charges applies.,,,,,,,,Case Rate,225% of NYS APG. Lesser of 100% of billed charges applies.,,,,,,,,Case Rate,225% of NYS APG. Lesser of 100% of billed charges applies.,,,,,,,,Case Rate,225% of NYS APG. Lesser of 100% of billed charges applies.,,,,,,,,Case Rate,225% of NYS APG. Lesser of 100% of billed charges applies.,,,,,,,,Case Rate,225% of NYS APG. Lesser of 100% of billed charges applies.,,,,,,,,,"NA. ",,,,,,,,,"NA. ",,,,,,,,,"NA. ",6487,,,,,,,Case Rate,". MPL 100/50/25% maxmium of 3 procedures. All add ons apply, and lesser of 100% of billed charges",,,,,,,,,"NA. ",21760.95,,,,,,,Case Rate,"100% Medicare OPPS FS. ",103505,,,,,,,Case Rate,". MPL 1st 100% of Payment Rate 50% of all others, all add ons apply, and lesser of 100% of billed charges.",21760.95,,,,,,,Case Rate,"100% Medicare OPPS FS. ",21760.95,,,,,,,Case Rate,"100% Medicare OPPS FS. ",,,,,,,,Other,"120 Percent of Medicaid APG. Not APG payable, or payable under another fee schedule like ASP/AWP pays at 30% of charges",,,,,,,,Other,"120 Percent of Medicaid APG. Not APG payable, or payable under another fee schedule like ASP/AWP pays at 30% of charges",,,,,,,,Other,"100 Percent of Medicaid APG. Not APG payable, or payable under another fee schedule like ASP/AWP pays at 30% of charges",,,,,,,,Other,"100 Percent of Medicaid APG. Not APG payable, or payable under another fee schedule like ASP/AWP pays at 30% of charges",,,,,,,,Other,"100 Percent of Medicaid APG. ",22755,,,,,,,Case Rate,". ",12266,,,,,,,Case Rate,". Primary procedure pays at 100%, secondary at 50%, all subsequent at 25%.  Lesser of applies when negotiated rates exceed charges less addons.",26771,,,,,,,Case Rate,". Primary procedure pays at 100%, all subsequent at 50%.",6487,,,,,,,Case Rate,". MPL 100/50/25% maxmium of 3 procedures. All add ons apply, and lesser of 100% of billed charges",21760.95,,,,,,,Case Rate,"100%Medicare OPPS FS. ",21760.95,,,,,,,Case Rate,"100% Medicare OPPS FS. ",21760.95,,,,,,,Case Rate,"100% Medicare OPPS FS. ",21760.95,,,,,,,Case Rate,"100% Medicare OPPS FS. ",21760.95,,,,,,,Case Rate,"100%Medicare OPPS FS. ",21760.95,,,,,,,Case Rate,"100% Medicare OPPS FS. ",,,,,,,,,"NA. ",,,,,,,,Case Rate,225% of NYS APG. Lesser of 100% of billed charges applies.,8396.63,,,,,,,Case Rate,100% of PAS. Lesser of 100% of billed charges applies.,29589,,,,,,,Case Rate,". MPL 100/50/25% all add ons apply, and lesser of 100% of billed charges",22755,,,,,,,Case Rate,". ",22755,,,,,,,Case Rate,". ",22755,,,,,,,Case Rate,". ",22755,,,,,,,Case Rate,". ",21760.95,,,,,,,Case Rate,"100% Medicare OPPS FS. ",,,,,,,,Other,"100 Percent of Medicaid APG. ",29589,,,,,,,Case Rate,". MPL 100/50/25% all add ons apply, and lesser of 100% of billed charges",,,,,,,,Other,"100 Percent of Medicaid APG. ",21760.95,,,,,,,Case Rate,"100% Medicare OPPS FS. ",,,,,,,,Other,"100 Percent of Medicaid APG. ",21760.95,,,,,,,Case Rate,"100% Medicare OPPS FS. ",21760.95,,,,,,,Case Rate,"100% Medicare OPPS FS. ",,,,,,,,Other,"100 Percent of Medicaid APG. ",,,,,,,,Other,"100 Percent of Medicaid APG. ",22755,,,,,,,Case Rate,". ",6487,,,,,,,Case Rate,". MPL 100/50/25% maxmium of 3 procedures. All add ons apply, and lesser of 100% of billed charges",,78,,,,,0,percent of total billed charges,78% of Billed Charges. Lesser of 100% of billed charges applies.; No services were performed during the 15 month look back period.,38617.88,,,,,,,Case Rate,". MPL 100/50/25% all add ons apply, and lesser of 100% of billed charges",38617.88,,,,,,,Case Rate,". MPL 100/50/25% all add ons apply, and lesser of 100% of billed charges",12266,,,,,,,Case Rate,". Primary procedure pays at 100%, secondary at 50%, all subsequent at 25%.  Lesser of applies when negotiated rates exceed charges less addons.",13530.62,,,,,,,Case Rate,"83% HF Fee schedule. ",42813,,,,,,,Case Rate,". Primary procedure pays at 100%, all subsequent at 50%.",42813,,,,,,,Case Rate,". Primary procedure pays at 100%, all subsequent at 50%.",23671,,,,,,,Case Rate,". MPL 100/50/25% all add ons apply, and lesser of 100% of billed charges",23671,,,,,,,Case Rate,". MPL 100/50/25% all add ons apply, and lesser of 100% of billed charges",21760.95,,,,,,,Case Rate,"100% Medicare OPPS FS. ",21760.95,,,,,,,Case Rate,"100% Medicare OPPS FS. ",21760.95,,,,,,,Case Rate,"100% Medicare OPPS FS. ",21760.95,,,,,,,Case Rate,"100% Medicare OPPS FS. ",38617.88,,,,,,,Case Rate,". MPL 100/50/25% all add ons apply, and lesser of 100% of billed charges",29589,,,,,,,Case Rate,". MPL 100/50/25% all add ons apply, and lesser of 100% of billed charges",29589,,,,,,,Case Rate,". MPL 100/50/25% all add ons apply, and lesser of 100% of billed charges",21760.95,,,,,,,Case Rate,"100% Medicare OPPS FS. ",23671,,,,,,,Case Rate,". MPL 100/50/25% all add ons apply, and lesser of 100% of billed charges",26771,,,,,,,Case Rate,". Primary procedure pays at 100%, all subsequent at 50%.",,,,,,,,Fee Schedule,"120 Percent of Medicaid APG. ",,,,,,,,Other,"100 Percent of Medicaid APG. ",22755,,,,,,,Case Rate,". ",26630,,,,,,,Case Rate,". MPL 100/50/25% all add ons apply, and lesser of 100% of billed charges",26630,,,,,,,Case Rate,". MPL 100/50/25% all add ons apply, and lesser of 100% of billed charges",29589,,,,,,,Case Rate,". MPL 100/50/25% all add ons apply, and lesser of 100% of billed charges",29896,,,,,,,Case Rate,". MPL 100/75/50% all add ons apply, and lesser of 100% of billed charges",21760.95,,,,,,,Case Rate,"100%Medicare OPPS FS. ",,,,,,,,Fee Schedule,"Not payable. ",,,,,,,,Fee Schedule,"Not payable. ",,,,,,,,Fee Schedule,"Not payable. ",,,,,,,,Fee Schedule,"Not payable. ",38617.88,,,,,,,Case Rate,". MPL 100/50/25% all add ons apply, and lesser of 100% of billed charges",,,,,,,,Fee Schedule,"Not payable. ",,,,,,,,Fee Schedule,"Not payable. ",,,,,,,,Fee Schedule,"Not payable. ",,,,,,,,Fee Schedule,"Not payable. ",,,,,,,,Fee Schedule,"Not payable. ",,,,,,,,Fee Schedule,"Not payable. ",,,,,,,,Fee Schedule,"Not payable. ",21760.95,,,,,,,Case Rate,"100% Medicare OPPS FS. ",38617.88,,,,,,,Case Rate,". MPL 100/50/25% all add ons apply, and lesser of 100% of billed charges",21760.95,,,,,,,Case Rate,"100% Medicare OPPS FS. ",,,,,,,,Fee Schedule,"Not payable. ",29589,,,,,,,Case Rate,". MPL 100/50/25% all add ons apply, and lesser of 100% of billed charges",21760.95,,,,,,,Case Rate,"100% Medicare OPPS FS. ",29589,,,,,,,Case Rate,". MPL 100/50/25% all add ons apply, and lesser of 100% of billed charges",29589,,,,,,,Case Rate,". MPL 100/50/25% all add ons apply, and lesser of 100% of billed charges",29589,,,,,,,Case Rate,". MPL 100/50/25% all add ons apply, and lesser of 100% of billed charges",,,,,,,,Fee Schedule,"Not payable. ",21760.95,,,,,,,Case Rate,"100% Medicare OPPS FS. ",29589,,,,,,,Case Rate,". MPL 100/50/25% all add ons apply, and lesser of 100% of billed charges",,,,,,,,Fee Schedule,"Not payable. ",29589,,,,,,,Case Rate,". MPL 100/50/25% all add ons apply, and lesser of 100% of billed charges",,200,,,,,0,Case Rate,200% of Medicare OPPS. ; No services were performed during the 15 month look back period.,21760.95,,,,,,,Case Rate,"100%Medicare OPPS FS. ",22755,,,,,,,Case Rate,". ",22755,,,,,,,Case Rate,". ",22755,,,,,,,Case Rate,". ",22755,,,,,,,Case Rate,". ",22755,,,,,,,Case Rate,". ",26771,,,,,,,Case Rate,". Primary procedure pays at 100%, all subsequent at 50%.",26771,,,,,,,Case Rate,". Primary procedure pays at 100%, all subsequent at 50%.",22755,,,,,,,Case Rate,". ",22755,,,,,,,Case Rate,". ",22755,,,,,,,Case Rate,". ",22755,,,,,,,Case Rate,". ",22755,,,,,,,Case Rate,". ",21760.95,,,,,,,Case Rate,"100% Medicare OPPS FS. ",26771,,,,,,,Case Rate,". Primary procedure pays at 100%, all subsequent at 50%.",21760.95,,,,,,,Case Rate,"100% Medicare OPPS FS. ",,,,,,,,Other,"225 Percent of Medicaid APG. ",,,,,,,,Other,"100 Percent of Medicaid APG. If not priced under APG, then Metroplus FeeSched",38617.88,,,,,,,Case Rate,". MPL 100/50/25% all add ons apply, and lesser of 100% of billed charges",38617.88,,,,,,,Case Rate,". MPL 100/50/25% all add ons apply, and lesser of 100% of billed charges",21760.95,,,,,,,Case Rate,"100% Medicare OPPS FS. ",42813,,,,,,,Case Rate,". Primary procedure pays at 100%, all subsequent at 50%.",21760.95,,,,,,,Case Rate,"100% Medicare OPPS FS. ",21760.95,,,,,,,Case Rate,"100% Medicare OPPS FS. ",12266,,,,,,,Case Rate,". Primary procedure pays at 100%, secondary at 50%, all subsequent at 25%.  Lesser of applies when negotiated rates exceed charges less addons.",21760.95,,,,,,,Case Rate,"100% Medicare OPPS FS. ",6487,,,,,,,Case Rate,". MPL 100/50/25% maxmium of 3 procedures. All add ons apply, and lesser of 100% of billed charges",21760.95,,,,,,,Case Rate,"100% Medicare OPPS FS. ",6487,,,,,,,Case Rate,". MPL 100/50/25% maxmium of 3 procedures. All add ons apply, and lesser of 100% of billed charges",12266,,,,,,,Case Rate,". Primary procedure pays at 100%, secondary at 50%, all subsequent at 25%.  Lesser of applies when negotiated rates exceed charges less addons.",6487,,,,,,,Case Rate,". MPL 100/50/25% maxmium of 3 procedures. All add ons apply, and lesser of 100% of billed charges",21760.95,,,,,,,Case Rate,"100% Medicare OPPS FS. ",,,,,,,,Other,"100 Percent of Medicaid APG. ",21760.95,,,,,,,Case Rate,"100% Medicare OPPS FS. ",6487,,,,,,,Case Rate,". MPL 100/50/25% maxmium of 3 procedures. All add ons apply, and lesser of 100% of billed charges",38617.88,,,,,,,Case Rate,". MPL 100/50/25% all add ons apply, and lesser of 100% of billed charges",,,,,,,,Other,"100 Percent of Medicaid APG. ",29589,,,,,,,Case Rate,". MPL 100/50/25% all add ons apply, and lesser of 100% of billed charges",,,,,,,,Fee Schedule,"120 Percent of Medicaid APG. ",,,,,,,,Fee Schedule,"120 Percent of Medicaid APG. ",29589,,,,,,,Case Rate,". MPL 100/50/25% all add ons apply, and lesser of 100% of billed charges",29589,,,,,,,Case Rate,". MPL 100/50/25% all add ons apply, and lesser of 100% of billed charges",29589,,,,,,,Case Rate,". MPL 100/50/25% all add ons apply, and lesser of 100% of billed charges",38617.88,,,,,,,Case Rate,". MPL 100/50/25% all add ons apply, and lesser of 100% of billed charges",29589,,,,,,,Case Rate,". MPL 100/50/25% all add ons apply, and lesser of 100% of billed charges",29589,,,,,,,Case Rate,". MPL 100/50/25% all add ons apply, and lesser of 100% of billed charges",29589,,,,,,,Case Rate,". MPL 100/50/25% all add ons apply, and lesser of 100% of billed charges",22755,,,,,,,Case Rate,". ",22755,,,,,,,Case Rate,". ",43086.67,,,,,,,Case Rate,198 Percent of Medicare OPPS. Metroplus will reimburse unlisted codes and described codes with no Medicare rate at 50 percent of charges.,,,,,,,,Other,"100 Percent of Medicaid APG. ",38617.88,,,,,,,Case Rate,". MPL 100/50/25% all add ons apply, and lesser of 100% of billed charges",6487,,,,,,,Case Rate,". MPL 100/50/25% maxmium of 3 procedures. All add ons apply, and lesser of 100% of billed charges",12266,,,,,,,Case Rate,". Primary procedure pays at 100%, secondary at 50%, all subsequent at 25%.  Lesser of applies when negotiated rates exceed charges less addons.",38617.88,,,,,,,Case Rate,". MPL 100/50/25% all add ons apply, and lesser of 100% of billed charges",12266,,,,,,,Case Rate,". Primary procedure pays at 100%, secondary at 50%, all subsequent at 25%.  Lesser of applies when negotiated rates exceed charges less addons.",38617.88,,,,,,,Case Rate,". MPL 100/50/25% all add ons apply, and lesser of 100% of billed charges",29589,,,,,,,Case Rate,". MPL 100/50/25% all add ons apply, and lesser of 100% of billed charges",29589,,,,,,,Case Rate,". MPL 100/50/25% all add ons apply, and lesser of 100% of billed charges",29589,,,,,,,Case Rate,". MPL 100/50/25% all add ons apply, and lesser of 100% of billed charges",29589,,,,,,,Case Rate,". MPL 100/50/25% all add ons apply, and lesser of 100% of billed charges",21760.95,,,,,,,Case Rate,"100% Medicare OPPS FS. ",3131,103505,
23485,CPT,,,490,RC,REVISION OF COLLAR BONE,,,both,,,,15878,,,,,,,Case Rate,". MPL 1st 100% of Payment Rate 50% of all others, all add ons apply, and lesser of 100% of billed charges.",15878,,,,,,,Case Rate,". MPL 1st 100% of Payment Rate 50% of all others, all add ons apply, and lesser of 100% of billed charges.",21331,,,,,,,Case Rate,". Primary procedure pays at 100%, secondary at 50%, all subsequent at 25%.  Lesser of applies when negotiated rates exceed charges less addons.",,100,,,,,0,percent of total billed charges,100 percent of billed charges. ; No services were performed during the 15 month look back period.,15225.31,,,,,,,Case Rate,"100% Medicare OPPS FS. ",21331,,,,,,,Case Rate,". Primary procedure pays at 100%, secondary at 50%, all subsequent at 25%.  Lesser of applies when negotiated rates exceed charges less addons.",21331,,,,,,,Case Rate,". Primary procedure pays at 100%, secondary at 50%, all subsequent at 25%.  Lesser of applies when negotiated rates exceed charges less addons.",21331,,,,,,,Case Rate,". Primary procedure pays at 100%, secondary at 50%, all subsequent at 25%.  Lesser of applies when negotiated rates exceed charges less addons.",3591.75,,,,,,,Case Rate,"100 Percent of Medicaid APG. ",2993.13,,,,,,,Case Rate,"100 Percent of Medicaid APG. ",,78,,,,,0,percent of total billed charges,78% of Billed Charges. Lesser of 100% of billed charges applies.; No services were performed during the 15 month look back period.,34807.47,,,,,,,Case Rate,". MPL 100/50/25% all add ons apply, and lesser of 100% of billed charges",2993.13,,,,,,,Case Rate,"100 Percent of Medicaid APG. ",15225.31,,,,,,,Case Rate,"100% Medicare OPPS FS. ",6487,,,,,,,Case Rate,". MPL 100/50/25% maxmium of 3 procedures. All add ons apply, and lesser of 100% of billed charges",6487,,,,,,,Case Rate,". MPL 100/50/25% maxmium of 3 procedures. All add ons apply, and lesser of 100% of billed charges",6487,,,,,,,Case Rate,". MPL 100/50/25% maxmium of 3 procedures. All add ons apply, and lesser of 100% of billed charges",6487,,,,,,,Case Rate,". MPL 100/50/25% maxmium of 3 procedures. All add ons apply, and lesser of 100% of billed charges",2993.13,,,,,,,Case rate,124 Percent of Medicaid APG. Covered services not payable under Medicaid Fee Schedules default to a payment of 50 percent of charges.,15225.31,,,,,,,Case Rate,"100% Medicare OPPS FS. ",2993.13,,,,,,,Case rate,124 Percent of Medicaid APG. Covered services not payable under Medicaid Fee Schedules default to a payment of 50 percent of charges.,,78,,,,,0,percent of total billed charges,78% of Billed Charges. Lesser of 100% of billed charges applies.; No services were performed during the 15 month look back period.,21331,,,,,,,Case Rate,". Primary procedure pays at 100%, secondary at 50%, all subsequent at 25%.  Lesser of applies when negotiated rates exceed charges less addons.",15225.31,,,,,,,Case Rate,"100%Medicare OPPS FS. ",26771,,,,,,,Case Rate,". Primary procedure pays at 100%, all subsequent at 50%.",15225.31,,,,,,,Case Rate,"100%Medicare OPPS FS. ",15225.31,,,,,,,Case Rate,"100%Medicare OPPS FS. ",,78,,,,,0,percent of total billed charges,78% of Billed Charges. Lesser of 100% of billed charges applies.; No services were performed during the 15 month look back period.,5938.33,,,,,,,Case Rate,100% of PAS. Lesser of 100% of billed charges applies.,5938.33,,,,,,,Case Rate,100% of PAS. Lesser of 100% of billed charges applies.,2993.13,,,,,,,Case rate,"100 Percent of Medicaid APG. ",2993.13,,,,,,,Case rate,"100 Percent of Medicaid APG. ",26771,,,,,,,Case Rate,". Primary procedure pays at 100%, all subsequent at 50%.",26771,,,,,,,Case Rate,". Primary procedure pays at 100%, all subsequent at 50%.",2993.13,,,,,,,Case Rate,"100 Percent of Medicaid APG. Not APG payable, or payable under another fee schedule like ASP/AWP pays at 30% of charges",26771,,,,,,,Case Rate,". Primary procedure pays at 100%, all subsequent at 50%.",2993.13,,,,,,,Case Rate,"100 Percent of Medicaid APG. Not APG payable, or payable under another fee schedule like ASP/AWP pays at 30% of charges",15225.31,,,,,,,Case Rate,"100%Medicare OPPS FS. ",26771,,,,,,,Case Rate,". Primary procedure pays at 100%, all subsequent at 50%.",,78,,,,,0,percent of total billed charges,78% of Billed Charges. Lesser of 100% of billed charges applies.; No services were performed during the 15 month look back period.,2993.13,,,,,,,Case Rate,"100 Percent of Medicaid APG. ",2993.13,,,,,,,Case Rate,"100 Percent of Medicaid APG. ",,78,,,,,0,percent of total billed charges,78% of Billed Charges. Lesser of 100% of billed charges applies.; No services were performed during the 15 month look back period.,6487,,,,,,,Case Rate,". MPL 100/50/25% maxmium of 3 procedures. All add ons apply, and lesser of 100% of billed charges",30000,,,,,,,Case Rate,". MPL 100/50/25% all add ons apply, and lesser of 100% of billed charges",30000,,,,,,,Case Rate,". MPL 100/50/25% all add ons apply, and lesser of 100% of billed charges",,78,,,,,0,percent of total billed charges,78% of Billed Charges. Lesser of 100% of billed charges applies.; No services were performed during the 15 month look back period.,15225.31,,,,,,,Case Rate,"100% Medicare OPPS FS. ",34807.47,,,,,,,Case Rate,". MPL 100/50/25% all add ons apply, and lesser of 100% of billed charges",34807.47,,,,,,,Case Rate,". MPL 100/50/25% all add ons apply, and lesser of 100% of billed charges",34807.47,,,,,,,Case Rate,". MPL 100/50/25% all add ons apply, and lesser of 100% of billed charges",15225.31,,,,,,,Case Rate,"100% Medicare OPPS FS. ",34807.47,,,,,,,Case Rate,". MPL 100/50/25% all add ons apply, and lesser of 100% of billed charges",34807.47,,,,,,,Case Rate,". MPL 100/50/25% all add ons apply, and lesser of 100% of billed charges",15225.31,,,,,,,Case Rate,"100% of Medicare OPPS. ",27121,,,,,,,Case Rate,". MPL 100/75/50% all add ons apply, and lesser of 100% of billed charges",26526,,,,,,,Case Rate,". MPL 100/50/25% all add ons apply, and lesser of 100% of billed charges",26526,,,,,,,Case Rate,". MPL 100/50/25% all add ons apply, and lesser of 100% of billed charges",26526,,,,,,,Case Rate,". MPL 100/50/25% all add ons apply, and lesser of 100% of billed charges",26526,,,,,,,Case Rate,". MPL 100/50/25% all add ons apply, and lesser of 100% of billed charges",26526,,,,,,,Case Rate,". MPL 100/50/25% all add ons apply, and lesser of 100% of billed charges",26526,,,,,,,Case Rate,". MPL 100/50/25% all add ons apply, and lesser of 100% of billed charges",15225.31,,,,,,,Case Rate,"100% Medicare OPPS FS. ",15225.31,,,,,,,Case Rate,"100% Medicare OPPS FS. ",26526,,,,,,,Case Rate,". MPL 100/50/25% all add ons apply, and lesser of 100% of billed charges",,78,,,,,0,percent of total billed charges,78% of Billed Charges. Lesser of 100% of billed charges applies.; No services were performed during the 15 month look back period.,,78,,,,,0,percent of total billed charges,78% of Billed Charges. Lesser of 100% of billed charges applies.; No services were performed during the 15 month look back period.,,78,,,,,0,percent of total billed charges,78% of Billed Charges. Lesser of 100% of billed charges applies.; No services were performed during the 15 month look back period.,,78,,,,,0,percent of total billed charges,78% of Billed Charges. Lesser of 100% of billed charges applies.; No services were performed during the 15 month look back period.,,78,,,,,0,percent of total billed charges,78% of Billed Charges. Lesser of 100% of billed charges applies.; No services were performed during the 15 month look back period.,,78,,,,,0,percent of total billed charges,78% of Billed Charges. Lesser of 100% of billed charges applies.; No services were performed during the 15 month look back period.,,78,,,,,0,percent of total billed charges,78% of Billed Charges. Lesser of 100% of billed charges applies.; No services were performed during the 15 month look back period.,,78,,,,,0,percent of total billed charges,78% of Billed Charges. Lesser of 100% of billed charges applies.; No services were performed during the 15 month look back period.,,78,,,,,0,percent of total billed charges,78% of Billed Charges. Lesser of 100% of billed charges applies.; No services were performed during the 15 month look back period.,,78,,,,,0,percent of total billed charges,78% of Billed Charges. Lesser of 100% of billed charges applies.; No services were performed during the 15 month look back period.,,78,,,,,0,percent of total billed charges,78% of Billed Charges. Lesser of 100% of billed charges applies.; No services were performed during the 15 month look back period.,,78,,,,,0,percent of total billed charges,78% of Billed Charges. Lesser of 100% of billed charges applies.; No services were performed during the 15 month look back period.,,78,,,,,0,percent of total billed charges,78% of Billed Charges. Lesser of 100% of billed charges applies.; No services were performed during the 15 month look back period.,,78,,,,,0,percent of total billed charges,78% of Billed Charges. Lesser of 100% of billed charges applies.; No services were performed during the 15 month look back period.,,78,,,,,0,percent of total billed charges,78% of Billed Charges. Lesser of 100% of billed charges applies.; No services were performed during the 15 month look back period.,,78,,,,,0,percent of total billed charges,78% of Billed Charges. Lesser of 100% of billed charges applies.; No services were performed during the 15 month look back period.,,78,,,,,0,percent of total billed charges,78% of Billed Charges. Lesser of 100% of billed charges applies.; No services were performed during the 15 month look back period.,,78,,,,,0,percent of total billed charges,78% of Billed Charges. Lesser of 100% of billed charges applies.; No services were performed during the 15 month look back period.,,78,,,,,0,percent of total billed charges,78% of Billed Charges. Lesser of 100% of billed charges applies.; No services were performed during the 15 month look back period.,,78,,,,,0,percent of total billed charges,78% of Billed Charges. Lesser of 100% of billed charges applies.; No services were performed during the 15 month look back period.,,78,,,,,0,percent of total billed charges,78% of Billed Charges. Lesser of 100% of billed charges applies.; No services were performed during the 15 month look back period.,,78,,,,,0,percent of total billed charges,78% of Billed Charges. Lesser of 100% of billed charges applies.; No services were performed during the 15 month look back period.,,78,,,,,0,percent of total billed charges,78% of Billed Charges. Lesser of 100% of billed charges applies.; No services were performed during the 15 month look back period.,,78,,,,,0,percent of total billed charges,78% of Billed Charges. Lesser of 100% of billed charges applies.; No services were performed during the 15 month look back period.,,78,,,,,0,percent of total billed charges,78% of Billed Charges. Lesser of 100% of billed charges applies.; No services were performed during the 15 month look back period.,,78,,,,,0,percent of total billed charges,78% of Billed Charges. Lesser of 100% of billed charges applies.; No services were performed during the 15 month look back period.,26771,,,,,,,Case Rate,". Primary procedure pays at 100%, all subsequent at 50%.",26771,,,,,,,Case Rate,". Primary procedure pays at 100%, all subsequent at 50%.",26771,,,,,,,Case Rate,". Primary procedure pays at 100%, all subsequent at 50%.",26771,,,,,,,Case Rate,". Primary procedure pays at 100%, all subsequent at 50%.",42813,,,,,,,Case Rate,". Primary procedure pays at 100%, all subsequent at 50%.",42813,,,,,,,Case Rate,". Primary procedure pays at 100%, all subsequent at 50%.",6487,,,,,,,Case Rate,". MPL 100/50/25% maxmium of 3 procedures. All add ons apply, and lesser of 100% of billed charges",26526,,,,,,,Case Rate,". MPL 100/50/25% all add ons apply, and lesser of 100% of billed charges",34807.47,,,,,,,Case Rate,". MPL 100/50/25% all add ons apply, and lesser of 100% of billed charges",26526,,,,,,,Case Rate,". MPL 100/50/25% all add ons apply, and lesser of 100% of billed charges",,78,,,,,0,percent of total billed charges,78% of Billed Charges. Lesser of 100% of billed charges applies.; No services were performed during the 15 month look back period.,42813,,,,,,,Case Rate,". Primary procedure pays at 100%, all subsequent at 50%.",26526,,,,,,,Case Rate,". MPL 100/50/25% all add ons apply, and lesser of 100% of billed charges",34807.47,,,,,,,Case Rate,". MPL 100/50/25% all add ons apply, and lesser of 100% of billed charges",6487,,,,,,,Case Rate,". MPL 100/50/25% maxmium of 3 procedures. All add ons apply, and lesser of 100% of billed charges",,,,,,,,,"NA. ",,78,,,,,0,percent of total billed charges,78% of Billed Charges. Lesser of 100% of billed charges applies.; No services were performed during the 15 month look back period.,2993.13,,,,,,,Case Rate,"100 Percent of Medicaid APG. ",26771,,,,,,,Case Rate,". Primary procedure pays at 100%, all subsequent at 50%.",2993.13,,,,,,,Case Rate,"100 Percent of Medicaid APG. Not APG payable, or payable under another fee schedule like ASP/AWP pays at 30% of charges",15225.31,,,,,,,Case Rate,"100%Medicare OPPS FS. ",15225.31,,,,,,,Case Rate,"100% Medicare OPPS FS. ",27121,,,,,,,Case Rate,". MPL 100/75/50% all add ons apply, and lesser of 100% of billed charges",15225.31,,,,,,,Case Rate,"100% Medicare OPPS FS. ",15225.31,,,,,,,Case Rate,"100% Medicare OPPS FS. ",2993.13,,,,,,,Case Rate,"100 Percent of Medicaid APG. ",15225.31,,,,,,,Case Rate,"100% Medicare OPPS FS. ",15225.31,,,,,,,Case Rate,"100% Medicare OPPS FS. ",21331,,,,,,,Case Rate,". Primary procedure pays at 100%, secondary at 50%, all subsequent at 25%.  Lesser of applies when negotiated rates exceed charges less addons.",21331,,,,,,,Case Rate,". Primary procedure pays at 100%, secondary at 50%, all subsequent at 25%.  Lesser of applies when negotiated rates exceed charges less addons.",15225.31,,,,,,,Case Rate,"100% Medicare OPPS FS. ",6487,,,,,,,Case Rate,". MPL 100/50/25% maxmium of 3 procedures. All add ons apply, and lesser of 100% of billed charges",34807.47,,,,,,,Case Rate,". MPL 100/50/25% all add ons apply, and lesser of 100% of billed charges",34807.47,,,,,,,Case Rate,". MPL 100/50/25% all add ons apply, and lesser of 100% of billed charges",15225.31,,,,,,,Case Rate,"100% Medicare OPPS FS. ",6487,,,,,,,Case Rate,". MPL 100/50/25% maxmium of 3 procedures. All add ons apply, and lesser of 100% of billed charges",21331,,,,,,,Case Rate,". Primary procedure pays at 100%, secondary at 50%, all subsequent at 25%.  Lesser of applies when negotiated rates exceed charges less addons.",21331,,,,,,,Case Rate,". Primary procedure pays at 100%, secondary at 50%, all subsequent at 25%.  Lesser of applies when negotiated rates exceed charges less addons.",21331,,,,,,,Case Rate,". Primary procedure pays at 100%, secondary at 50%, all subsequent at 25%.  Lesser of applies when negotiated rates exceed charges less addons.",,78,,,,,0,percent of total billed charges,78% of Billed Charges. Lesser of 100% of billed charges applies.; No services were performed during the 15 month look back period.,,78,,,,,0,percent of total billed charges,78% of Billed Charges. Lesser of 100% of billed charges applies.; No services were performed during the 15 month look back period.,,78,,,,,0,percent of total billed charges,78% of Billed Charges. Lesser of 100% of billed charges applies.; No services were performed during the 15 month look back period.,,78,,,,,0,percent of total billed charges,78% of Billed Charges. Lesser of 100% of billed charges applies.; No services were performed during the 15 month look back period.,,78,,,,,0,percent of total billed charges,78% of Billed Charges. Lesser of 100% of billed charges applies.; No services were performed during the 15 month look back period.,,78,,,,,0,percent of total billed charges,78% of Billed Charges. Lesser of 100% of billed charges applies.; No services were performed during the 15 month look back period.,,78,,,,,0,percent of total billed charges,78% of Billed Charges. Lesser of 100% of billed charges applies.; No services were performed during the 15 month look back period.,,78,,,,,0,percent of total billed charges,78% of Billed Charges. Lesser of 100% of billed charges applies.; No services were performed during the 15 month look back period.,,78,,,,,0,percent of total billed charges,78% of Billed Charges. Lesser of 100% of billed charges applies.; No services were performed during the 15 month look back period.,,78,,,,,0,percent of total billed charges,78% of Billed Charges. Lesser of 100% of billed charges applies.; No services were performed during the 15 month look back period.,,78,,,,,0,percent of total billed charges,78% of Billed Charges. Lesser of 100% of billed charges applies.; No services were performed during the 15 month look back period.,42813,,,,,,,Case Rate,". Primary procedure pays at 100%, all subsequent at 50%.",26526,,,,,,,Case Rate,". MPL 100/50/25% all add ons apply, and lesser of 100% of billed charges",6487,,,,,,,Case Rate,". MPL 100/50/25% maxmium of 3 procedures. All add ons apply, and lesser of 100% of billed charges",15225.31,,,,,,,Case Rate,"100% Medicare OPPS FS. ",21331,,,,,,,Case Rate,". Primary procedure pays at 100%, secondary at 50%, all subsequent at 25%.  Lesser of applies when negotiated rates exceed charges less addons.",6487,,,,,,,Case Rate,". MPL 100/50/25% maxmium of 3 procedures. All add ons apply, and lesser of 100% of billed charges",6487,,,,,,,Case Rate,". MPL 100/50/25% maxmium of 3 procedures. All add ons apply, and lesser of 100% of billed charges",,78,,,,,0,percent of total billed charges,78% of Billed Charges. Lesser of 100% of billed charges applies.; No services were performed during the 15 month look back period.,6405.29,,,,,,,Case Rate,"214 Percent of Medicaid APG. Drugs not priced under APG, billed with revenue code 636 and not priced by Medicare ASP FeeSched will be reimbursed at 20% of charges.",6487,,,,,,,Case Rate,". MPL 100/50/25% maxmium of 3 procedures. All add ons apply, and lesser of 100% of billed charges",2993.13,,,,,,,Case Rate,"100 Percent of Medicaid APG. ",15225.31,,,,,,,Case Rate,"100% Medicare OPPS FS. ",15225.31,,,,,,,Case Rate,"100% Medicare OPPS FS. ",15225.31,,,,,,,Case Rate,"100% Medicare OPPS FS. ",15225.31,,,,,,,Case Rate,"100% Medicare OPPS FS. ",15225.31,,,,,,,Case Rate,"100% Medicare OPPS FS. ",15225.31,,,,,,,Case Rate,"100% Medicare OPPS FS. ",6487,,,,,,,Case Rate,". MPL 100/50/25% maxmium of 3 procedures. All add ons apply, and lesser of 100% of billed charges",27121,,,,,,,Case Rate,". MPL 100/75/50% all add ons apply, and lesser of 100% of billed charges",5387.63,,,,,,,Fee Schedule,"180 Percent of Medicaid APG. ",5387.63,,,,,,,Fee Schedule,"180 Percent of Medicaid APG. ",5387.63,,,,,,,Fee Schedule,"180 Percent of Medicaid APG. ",5387.63,,,,,,,Fee Schedule,"180 Percent of Medicaid APG. ",5387.63,,,,,,,Fee Schedule,"180 Percent of Medicaid APG. ",,,,,,,,,"NA. ",27121,,,,,,,Case Rate,". MPL 100/75/50% all add ons apply, and lesser of 100% of billed charges",30146.11,,,,,,,Case Rate,198 Percent of Medicare OPPS. Metroplus will reimburse unlisted codes and described codes with no Medicare rate at 50 percent of charges.,30146.11,,,,,,,Case Rate,198 Percent of Medicare OPPS. Metroplus will reimburse unlisted codes and described codes with no Medicare rate at 50 percent of charges.,30146.11,,,,,,,Case Rate,198 Percent of Medicare OPPS. Metroplus will reimburse unlisted codes and described codes with no Medicare rate at 50 percent of charges.,30146.11,,,,,,,Case Rate,198 Percent of Medicare OPPS. Metroplus will reimburse unlisted codes and described codes with no Medicare rate at 50 percent of charges.,30146.11,,,,,,,Case Rate,198 Percent of Medicare OPPS. Metroplus will reimburse unlisted codes and described codes with no Medicare rate at 50 percent of charges.,15225.31,,,,,,,Case Rate,"100% Medicare OPPS FS. ",42813,,,,,,,Case Rate,". Primary procedure pays at 100%, all subsequent at 50%.",42813,,,,,,,Case Rate,". Primary procedure pays at 100%, all subsequent at 50%.",42813,,,,,,,Case Rate,". Primary procedure pays at 100%, all subsequent at 50%.",42813,,,,,,,Case Rate,". Primary procedure pays at 100%, all subsequent at 50%.",21331,,,,,,,Case Rate,". Primary procedure pays at 100%, secondary at 50%, all subsequent at 25%.  Lesser of applies when negotiated rates exceed charges less addons.",21331,,,,,,,Case Rate,". Primary procedure pays at 100%, secondary at 50%, all subsequent at 25%.  Lesser of applies when negotiated rates exceed charges less addons.",21331,,,,,,,Case Rate,". Primary procedure pays at 100%, secondary at 50%, all subsequent at 25%.  Lesser of applies when negotiated rates exceed charges less addons.",21331,,,,,,,Case Rate,". Primary procedure pays at 100%, secondary at 50%, all subsequent at 25%.  Lesser of applies when negotiated rates exceed charges less addons.",27121,,,,,,,Case Rate,". MPL 100/75/50% all add ons apply, and lesser of 100% of billed charges",27121,,,,,,,Case Rate,". MPL 100/75/50% all add ons apply, and lesser of 100% of billed charges",15225.31,,,,,,,Case Rate,"100% Medicare OPPS FS. ",15225.31,,,,,,,Case Rate,"100% Medicare OPPS FS. ",15225.31,,,,,,,Case Rate,"100% Medicare OPPS FS. ",26526,,,,,,,Case Rate,". MPL 100/50/25% all add ons apply, and lesser of 100% of billed charges",26526,,,,,,,Case Rate,". MPL 100/50/25% all add ons apply, and lesser of 100% of billed charges",26526,,,,,,,Case Rate,". MPL 100/50/25% all add ons apply, and lesser of 100% of billed charges",27121,,,,,,,Case Rate,". MPL 100/75/50% all add ons apply, and lesser of 100% of billed charges",21331,,,,,,,Case Rate,". Primary procedure pays at 100%, secondary at 50%, all subsequent at 25%.  Lesser of applies when negotiated rates exceed charges less addons.",15225.31,,,,,,,Case Rate,"100% Medicare OPPS FS. ",26526,,,,,,,Case Rate,". MPL 100/50/25% all add ons apply, and lesser of 100% of billed charges",2993.13,,,,,,,Case Rate,"100 Percent of Medicaid APG. ",15529.81,,,,,,,Case Rate,"102% of Medicare OPPS. ",15529.81,,,,,,,Case Rate,"102% of Medicare OPPS. ",15529.81,,,,,,,Case Rate,"102% of Medicare OPPS. ",2993.13,,,,,,,Case rate,"100 Percent of Medicaid APG. ",6734.53,,,,,,,Case Rate,225% of NYS APG. Lesser of 100% of billed charges applies.,6734.53,,,,,,,Case Rate,225% of NYS APG. Lesser of 100% of billed charges applies.,6734.53,,,,,,,Case Rate,225% of NYS APG. Lesser of 100% of billed charges applies.,6734.53,,,,,,,Case Rate,225% of NYS APG. Lesser of 100% of billed charges applies.,6734.53,,,,,,,Case Rate,225% of NYS APG. Lesser of 100% of billed charges applies.,15529.81,,,,,,,Case Rate,"102% of Medicare OPPS. ",2993.13,,,,,,,Case Rate,"100 Percent of Medicaid APG. ",5938.33,,,,,,,Case Rate,100% of PAS. Lesser of 100% of billed charges applies.,6734.53,,,,,,,Case Rate,225% of NYS APG. Lesser of 100% of billed charges applies.,6734.53,,,,,,,Case Rate,225% of NYS APG. Lesser of 100% of billed charges applies.,5938.33,,,,,,,Case Rate,100% of PAS. Lesser of 100% of billed charges applies.,5938.33,,,,,,,Case Rate,100% of PAS. Lesser of 100% of billed charges applies.,5387.63,,,,,,,Fee Schedule,"180 Percent of Medicaid APG. ",15225.31,,,,,,,Case Rate,"100% Medicare OPPS FS. ",15225.31,,,,,,,Case Rate,"100% Medicare OPPS FS. ",21331,,,,,,,Case Rate,". Primary procedure pays at 100%, secondary at 50%, all subsequent at 25%.  Lesser of applies when negotiated rates exceed charges less addons.",15225.31,,,,,,,Case Rate,"100% Medicare OPPS FS. ",6734.53,,,,,,,Case Rate,"225 Percent of Medicaid APG. ",6734.53,,,,,,,Case Rate,"225 Percent of Medicaid APG. ",2993.13,,,,,,,Case rate,"100 Percent of Medicaid APG. ",2993.13,,,,,,,Case rate,"100 Percent of Medicaid APG. ",6734.53,,,,,,,Case Rate,225 Percent of Medicaid APG. Covered services not payable under Medicaid Fee Schedules default to a payment of 87.5 percent of charges.,2993.13,,,,,,,Case rate,124 Percent of Medicaid APG. Covered services not payable under Medicaid Fee Schedules default to a payment of 50 percent of charges.,6734.53,,,,,,,Case Rate,"100 Percent of Medicaid APG. ",6734.53,,,,,,,Case Rate,"100 Percent of Medicaid APG. ",6734.53,,,,,,,Case Rate,"100 Percent of Medicaid APG. ",6734.53,,,,,,,Case Rate,"100 Percent of Medicaid APG. ",13453,,,,,,,Case Rate,". MPL 100/75/50% all add ons apply, and lesser of 100% of billed charges",27121,,,,,,,Case Rate,". MPL 100/75/50% all add ons apply, and lesser of 100% of billed charges",3591.75,,,,,,,Case Rate,"120 Percent of Medicaid APG. Not APG payable, or payable under another fee schedule like ASP/AWP pays at 30% of charges",3591.75,,,,,,,Case Rate,"120 Percent of Medicaid APG. Not APG payable, or payable under another fee schedule like ASP/AWP pays at 30% of charges",2993.13,,,,,,,Case Rate,"100 Percent of Medicaid APG. Not APG payable, or payable under another fee schedule like ASP/AWP pays at 30% of charges",2993.13,,,,,,,Case Rate,"100 Percent of Medicaid APG. Not APG payable, or payable under another fee schedule like ASP/AWP pays at 30% of charges",26526,,,,,,,Case Rate,". MPL 100/50/25% all add ons apply, and lesser of 100% of billed charges",26526,,,,,,,Case Rate,". MPL 100/50/25% all add ons apply, and lesser of 100% of billed charges",15225.31,,,,,,,Case Rate,"100% Medicare OPPS FS. ",26526,,,,,,,Case Rate,". MPL 100/50/25% all add ons apply, and lesser of 100% of billed charges",26526,,,,,,,Case Rate,". MPL 100/50/25% all add ons apply, and lesser of 100% of billed charges",26526,,,,,,,Case Rate,". MPL 100/50/25% all add ons apply, and lesser of 100% of billed charges",26526,,,,,,,Case Rate,". MPL 100/50/25% all add ons apply, and lesser of 100% of billed charges",15225.31,,,,,,,Case Rate,"100% Medicare OPPS FS. ",26526,,,,,,,Case Rate,". MPL 100/50/25% all add ons apply, and lesser of 100% of billed charges",26526,,,,,,,Case Rate,". MPL 100/50/25% all add ons apply, and lesser of 100% of billed charges",21331,,,,,,,Case Rate,". Primary procedure pays at 100%, secondary at 50%, all subsequent at 25%.  Lesser of applies when negotiated rates exceed charges less addons.",2993.13,,,,,,,Fee Schedule,100% APG. Lesser of 100% of billed charges applies.,2993.13,,,,,,,Case rate,124 Percent of Medicaid APG. Covered services not payable under Medicaid Fee Schedules default to a payment of 50 percent of charges.,6734.53,,,,,,,Case Rate,225% of NYS APG. Lesser of 100% of billed charges applies.,6734.53,,,,,,,Case Rate,225 Percent of Medicaid APG. Covered services not payable under Medicaid Fee Schedules default to a payment of 87.5 percent of charges.,2993.13,,,,,,,Case rate,124 Percent of Medicaid APG. Covered services not payable under Medicaid Fee Schedules default to a payment of 50 percent of charges.,6734.53,,,,,,,Case Rate,225% of NYS APG. Lesser of 100% of billed charges applies.,6734.53,,,,,,,Case Rate,225% of NYS APG. Lesser of 100% of billed charges applies.,6734.53,,,,,,,Case Rate,225% of NYS APG. Lesser of 100% of billed charges applies.,6734.53,,,,,,,Case Rate,225% of NYS APG. Lesser of 100% of billed charges applies.,6734.53,,,,,,,Case Rate,225% of NYS APG. Lesser of 100% of billed charges applies.,6734.53,,,,,,,Case Rate,225% of NYS APG. Lesser of 100% of billed charges applies.,,,,,,,,,"NA. ",,,,,,,,,"NA. ",,,,,,,,,"NA. ",6487,,,,,,,Case Rate,". MPL 100/50/25% maxmium of 3 procedures. All add ons apply, and lesser of 100% of billed charges",,,,,,,,,"NA. ",15225.31,,,,,,,Case Rate,"100% Medicare OPPS FS. ",15878,,,,,,,Case Rate,". MPL 1st 100% of Payment Rate 50% of all others, all add ons apply, and lesser of 100% of billed charges.",15225.31,,,,,,,Case Rate,"100% Medicare OPPS FS. ",15225.31,,,,,,,Case Rate,"100% Medicare OPPS FS. ",3591.75,,,,,,,Case Rate,"120 Percent of Medicaid APG. Not APG payable, or payable under another fee schedule like ASP/AWP pays at 30% of charges",3591.75,,,,,,,Case Rate,"120 Percent of Medicaid APG. Not APG payable, or payable under another fee schedule like ASP/AWP pays at 30% of charges",2993.13,,,,,,,Case Rate,"100 Percent of Medicaid APG. Not APG payable, or payable under another fee schedule like ASP/AWP pays at 30% of charges",2993.13,,,,,,,Case Rate,"100 Percent of Medicaid APG. Not APG payable, or payable under another fee schedule like ASP/AWP pays at 30% of charges",2993.13,,,,,,,Case Rate,"100 Percent of Medicaid APG. ",22755,,,,,,,Case Rate,". ",21331,,,,,,,Case Rate,". Primary procedure pays at 100%, secondary at 50%, all subsequent at 25%.  Lesser of applies when negotiated rates exceed charges less addons.",26771,,,,,,,Case Rate,". Primary procedure pays at 100%, all subsequent at 50%.",6487,,,,,,,Case Rate,". MPL 100/50/25% maxmium of 3 procedures. All add ons apply, and lesser of 100% of billed charges",15225.31,,,,,,,Case Rate,"100%Medicare OPPS FS. ",15225.31,,,,,,,Case Rate,"100% Medicare OPPS FS. ",15225.31,,,,,,,Case Rate,"100% Medicare OPPS FS. ",15225.31,,,,,,,Case Rate,"100% Medicare OPPS FS. ",15225.31,,,,,,,Case Rate,"100%Medicare OPPS FS. ",15225.31,,,,,,,Case Rate,"100% Medicare OPPS FS. ",,,,,,,,,"NA. ",6734.53,,,,,,,Case Rate,225% of NYS APG. Lesser of 100% of billed charges applies.,5938.33,,,,,,,Case Rate,100% of PAS. Lesser of 100% of billed charges applies.,26526,,,,,,,Case Rate,". MPL 100/50/25% all add ons apply, and lesser of 100% of billed charges",22755,,,,,,,Case Rate,". ",22755,,,,,,,Case Rate,". ",22755,,,,,,,Case Rate,". ",22755,,,,,,,Case Rate,". ",15225.31,,,,,,,Case Rate,"100% Medicare OPPS FS. ",2993.13,,,,,,,Case Rate,"100 Percent of Medicaid APG. ",26526,,,,,,,Case Rate,". MPL 100/50/25% all add ons apply, and lesser of 100% of billed charges",2993.13,,,,,,,Case Rate,"100 Percent of Medicaid APG. ",15225.31,,,,,,,Case Rate,"100% Medicare OPPS FS. ",2993.13,,,,,,,Case Rate,"100 Percent of Medicaid APG. ",15225.31,,,,,,,Case Rate,"100% Medicare OPPS FS. ",15225.31,,,,,,,Case Rate,"100% Medicare OPPS FS. ",2993.13,,,,,,,Case Rate,"100 Percent of Medicaid APG. ",2993.13,,,,,,,Case Rate,"100 Percent of Medicaid APG. ",22755,,,,,,,Case Rate,". ",6487,,,,,,,Case Rate,". MPL 100/50/25% maxmium of 3 procedures. All add ons apply, and lesser of 100% of billed charges",,78,,,,,0,percent of total billed charges,78% of Billed Charges. Lesser of 100% of billed charges applies.; No services were performed during the 15 month look back period.,34807.47,,,,,,,Case Rate,". MPL 100/50/25% all add ons apply, and lesser of 100% of billed charges",34807.47,,,,,,,Case Rate,". MPL 100/50/25% all add ons apply, and lesser of 100% of billed charges",21331,,,,,,,Case Rate,". Primary procedure pays at 100%, secondary at 50%, all subsequent at 25%.  Lesser of applies when negotiated rates exceed charges less addons.",8343.97,,,,,,,Case Rate,"83% HF Fee schedule. ",42813,,,,,,,Case Rate,". Primary procedure pays at 100%, all subsequent at 50%.",42813,,,,,,,Case Rate,". Primary procedure pays at 100%, all subsequent at 50%.",21221,,,,,,,Case Rate,". MPL 100/50/25% all add ons apply, and lesser of 100% of billed charges",21221,,,,,,,Case Rate,". MPL 100/50/25% all add ons apply, and lesser of 100% of billed charges",15225.31,,,,,,,Case Rate,"100% Medicare OPPS FS. ",15225.31,,,,,,,Case Rate,"100% Medicare OPPS FS. ",15225.31,,,,,,,Case Rate,"100% Medicare OPPS FS. ",15225.31,,,,,,,Case Rate,"100% Medicare OPPS FS. ",34807.47,,,,,,,Case Rate,". MPL 100/50/25% all add ons apply, and lesser of 100% of billed charges",26526,,,,,,,Case Rate,". MPL 100/50/25% all add ons apply, and lesser of 100% of billed charges",26526,,,,,,,Case Rate,". MPL 100/50/25% all add ons apply, and lesser of 100% of billed charges",15225.31,,,,,,,Case Rate,"100% Medicare OPPS FS. ",21221,,,,,,,Case Rate,". MPL 100/50/25% all add ons apply, and lesser of 100% of billed charges",26771,,,,,,,Case Rate,". Primary procedure pays at 100%, all subsequent at 50%.",3591.75,,,,,,,Fee Schedule,"120 Percent of Medicaid APG. ",2993.13,,,,,,,Case Rate,"100 Percent of Medicaid APG. ",22755,,,,,,,Case Rate,". ",23873,,,,,,,Case Rate,". MPL 100/50/25% all add ons apply, and lesser of 100% of billed charges",23873,,,,,,,Case Rate,". MPL 100/50/25% all add ons apply, and lesser of 100% of billed charges",26526,,,,,,,Case Rate,". MPL 100/50/25% all add ons apply, and lesser of 100% of billed charges",18686,,,,,,,Case Rate,". MPL 100/75/50% all add ons apply, and lesser of 100% of billed charges",15225.31,,,,,,,Case Rate,"100%Medicare OPPS FS. ",3142.78,,,,,,,Fee Schedule,105 percent of Medicaid APG. otherwise 105% of Ordered NYS MCD FS or 105% of ASP+6%,3142.78,,,,,,,Fee Schedule,105 percent of Medicaid APG. otherwise 105% of Ordered NYS MCD FS or 105% of ASP+6%,3142.78,,,,,,,Fee Schedule,105 percent of Medicaid APG. otherwise 105% of Ordered NYS MCD FS or 105% of ASP+6%,4040.72,,,,,,,Fee Schedule,135 percent of Medicaid APG. otherwise 135% of Ordered NYS MCD FS or 135% of ASP+6%,34807.47,,,,,,,Case Rate,". MPL 100/50/25% all add ons apply, and lesser of 100% of billed charges",3142.78,,,,,,,Fee Schedule,105 percent of Medicaid APG. otherwise 105% of Ordered NYS MCD FS or 105% of ASP+6%,3142.78,,,,,,,Fee Schedule,105 percent of Medicaid APG. otherwise 105% of Ordered NYS MCD FS or 105% of ASP+6%,3142.78,,,,,,,Fee Schedule,105 percent of Medicaid APG. otherwise 105% of Ordered NYS MCD FS or 105% of ASP+6%,3142.78,,,,,,,Fee Schedule,105 percent of Medicaid APG. otherwise 105% of Ordered NYS MCD FS or 105% of ASP+6%,3142.78,,,,,,,Fee Schedule,105 percent of Medicaid APG. otherwise 105% of Ordered NYS MCD FS or 105% of ASP+6%,4040.72,,,,,,,Fee Schedule,135 percent of Medicaid APG. otherwise 135% of Ordered NYS MCD FS or 135% of ASP+6%,4040.72,,,,,,,Fee Schedule,135 percent of Medicaid APG. otherwise 135% of Ordered NYS MCD FS or 135% of ASP+6%,15225.31,,,,,,,Case Rate,"100% Medicare OPPS FS. ",34807.47,,,,,,,Case Rate,". MPL 100/50/25% all add ons apply, and lesser of 100% of billed charges",15225.31,,,,,,,Case Rate,"100% Medicare OPPS FS. ",3142.78,,,,,,,Fee Schedule,105 percent of Medicaid APG. otherwise 105% of Ordered NYS MCD FS or 105% of ASP+6%,26526,,,,,,,Case Rate,". MPL 100/50/25% all add ons apply, and lesser of 100% of billed charges",15225.31,,,,,,,Case Rate,"100% Medicare OPPS FS. ",26526,,,,,,,Case Rate,". MPL 100/50/25% all add ons apply, and lesser of 100% of billed charges",26526,,,,,,,Case Rate,". MPL 100/50/25% all add ons apply, and lesser of 100% of billed charges",26526,,,,,,,Case Rate,". MPL 100/50/25% all add ons apply, and lesser of 100% of billed charges",3142.78,,,,,,,Fee Schedule,105 percent of Medicaid APG. otherwise 105% of Ordered NYS MCD FS or 105% of ASP+6%,15225.31,,,,,,,Case Rate,"100% Medicare OPPS FS. ",26526,,,,,,,Case Rate,". MPL 100/50/25% all add ons apply, and lesser of 100% of billed charges",4040.72,,,,,,,Fee Schedule,135 percent of Medicaid APG. otherwise 135% of Ordered NYS MCD FS or 135% of ASP+6%,26526,,,,,,,Case Rate,". MPL 100/50/25% all add ons apply, and lesser of 100% of billed charges",,200,,,,,0,Case Rate,200% of Medicare OPPS. ; No services were performed during the 15 month look back period.,15225.31,,,,,,,Case Rate,"100%Medicare OPPS FS. ",22755,,,,,,,Case Rate,". ",22755,,,,,,,Case Rate,". ",22755,,,,,,,Case Rate,". ",22755,,,,,,,Case Rate,". ",22755,,,,,,,Case Rate,". ",26771,,,,,,,Case Rate,". Primary procedure pays at 100%, all subsequent at 50%.",26771,,,,,,,Case Rate,". Primary procedure pays at 100%, all subsequent at 50%.",22755,,,,,,,Case Rate,". ",22755,,,,,,,Case Rate,". ",22755,,,,,,,Case Rate,". ",22755,,,,,,,Case Rate,". ",22755,,,,,,,Case Rate,". ",15225.31,,,,,,,Case Rate,"100% Medicare OPPS FS. ",26771,,,,,,,Case Rate,". Primary procedure pays at 100%, all subsequent at 50%.",15225.31,,,,,,,Case Rate,"100% Medicare OPPS FS. ",6734.53,,,,,,,Case Rate,"225 Percent of Medicaid APG. If not included in Medicaid APG, then 100 Percent of Manhattan Medicare",2993.13,,,,,,,Case Rate,"100 Percent of Medicaid APG. ",34807.47,,,,,,,Case Rate,". MPL 100/50/25% all add ons apply, and lesser of 100% of billed charges",34807.47,,,,,,,Case Rate,". MPL 100/50/25% all add ons apply, and lesser of 100% of billed charges",15225.31,,,,,,,Case Rate,"100% Medicare OPPS FS. ",42813,,,,,,,Case Rate,". Primary procedure pays at 100%, all subsequent at 50%.",15225.31,,,,,,,Case Rate,"100% Medicare OPPS FS. ",15225.31,,,,,,,Case Rate,"100% Medicare OPPS FS. ",21331,,,,,,,Case Rate,". Primary procedure pays at 100%, secondary at 50%, all subsequent at 25%.  Lesser of applies when negotiated rates exceed charges less addons.",15225.31,,,,,,,Case Rate,"100% Medicare OPPS FS. ",6487,,,,,,,Case Rate,". MPL 100/50/25% maxmium of 3 procedures. All add ons apply, and lesser of 100% of billed charges",15225.31,,,,,,,Case Rate,"100% Medicare OPPS FS. ",6487,,,,,,,Case Rate,". MPL 100/50/25% maxmium of 3 procedures. All add ons apply, and lesser of 100% of billed charges",21331,,,,,,,Case Rate,". Primary procedure pays at 100%, secondary at 50%, all subsequent at 25%.  Lesser of applies when negotiated rates exceed charges less addons.",6487,,,,,,,Case Rate,". MPL 100/50/25% maxmium of 3 procedures. All add ons apply, and lesser of 100% of billed charges",15225.31,,,,,,,Case Rate,"100% Medicare OPPS FS. ",2993.13,,,,,,,Case Rate,"100 Percent of Medicaid APG. ",15225.31,,,,,,,Case Rate,"100% Medicare OPPS FS. ",6487,,,,,,,Case Rate,". MPL 100/50/25% maxmium of 3 procedures. All add ons apply, and lesser of 100% of billed charges",34807.47,,,,,,,Case Rate,". MPL 100/50/25% all add ons apply, and lesser of 100% of billed charges",2993.13,,,,,,,Case Rate,"100 Percent of Medicaid APG. ",26526,,,,,,,Case Rate,". MPL 100/50/25% all add ons apply, and lesser of 100% of billed charges",3591.75,,,,,,,Fee Schedule,"120 Percent of Medicaid APG. ",3591.75,,,,,,,Fee Schedule,"120 Percent of Medicaid APG. ",26526,,,,,,,Case Rate,". MPL 100/50/25% all add ons apply, and lesser of 100% of billed charges",26526,,,,,,,Case Rate,". MPL 100/50/25% all add ons apply, and lesser of 100% of billed charges",26526,,,,,,,Case Rate,". MPL 100/50/25% all add ons apply, and lesser of 100% of billed charges",34807.47,,,,,,,Case Rate,". MPL 100/50/25% all add ons apply, and lesser of 100% of billed charges",26526,,,,,,,Case Rate,". MPL 100/50/25% all add ons apply, and lesser of 100% of billed charges",26526,,,,,,,Case Rate,". MPL 100/50/25% all add ons apply, and lesser of 100% of billed charges",26526,,,,,,,Case Rate,". MPL 100/50/25% all add ons apply, and lesser of 100% of billed charges",22755,,,,,,,Case Rate,". ",22755,,,,,,,Case Rate,". ",30146.11,,,,,,,Case Rate,198 Percent of Medicare OPPS. Metroplus will reimburse unlisted codes and described codes with no Medicare rate at 50 percent of charges.,2993.13,,,,,,,Case Rate,"100 Percent of Medicaid APG. ",34807.47,,,,,,,Case Rate,". MPL 100/50/25% all add ons apply, and lesser of 100% of billed charges",6487,,,,,,,Case Rate,". MPL 100/50/25% maxmium of 3 procedures. All add ons apply, and lesser of 100% of billed charges",21331,,,,,,,Case Rate,". Primary procedure pays at 100%, secondary at 50%, all subsequent at 25%.  Lesser of applies when negotiated rates exceed charges less addons.",34807.47,,,,,,,Case Rate,". MPL 100/50/25% all add ons apply, and lesser of 100% of billed charges",21331,,,,,,,Case Rate,". Primary procedure pays at 100%, secondary at 50%, all subsequent at 25%.  Lesser of applies when negotiated rates exceed charges less addons.",34807.47,,,,,,,Case Rate,". MPL 100/50/25% all add ons apply, and lesser of 100% of billed charges",26526,,,,,,,Case Rate,". MPL 100/50/25% all add ons apply, and lesser of 100% of billed charges",26526,,,,,,,Case Rate,". MPL 100/50/25% all add ons apply, and lesser of 100% of billed charges",26526,,,,,,,Case Rate,". MPL 100/50/25% all add ons apply, and lesser of 100% of billed charges",26526,,,,,,,Case Rate,". MPL 100/50/25% all add ons apply, and lesser of 100% of billed charges",15225.31,,,,,,,Case Rate,"100% Medicare OPPS FS. ",2993.13,43411,
23550,CPT,,,490,RC,OPTX ACROMCLV DISLC AQT/CHRN,,,both,,,,7084,,,,,,,Case Rate,". MPL 1st 100% of Payment Rate 50% of all others, all add ons apply, and lesser of 100% of billed charges.",7084,,,,,,,Case Rate,". MPL 1st 100% of Payment Rate 50% of all others, all add ons apply, and lesser of 100% of billed charges.",21331,,,,,,,Case Rate,". Primary procedure pays at 100%, secondary at 50%, all subsequent at 25%.  Lesser of applies when negotiated rates exceed charges less addons.",,100,,,,,0,percent of total billed charges,100 percent of billed charges. ; No services were performed during the 15 month look back period.,8453.18,,,,,,,Case Rate,"100% Medicare OPPS FS. ",21331,,,,,,,Case Rate,". Primary procedure pays at 100%, secondary at 50%, all subsequent at 25%.  Lesser of applies when negotiated rates exceed charges less addons.",21331,,,,,,,Case Rate,". Primary procedure pays at 100%, secondary at 50%, all subsequent at 25%.  Lesser of applies when negotiated rates exceed charges less addons.",21331,,,,,,,Case Rate,". Primary procedure pays at 100%, secondary at 50%, all subsequent at 25%.  Lesser of applies when negotiated rates exceed charges less addons.",4631.67,,,,,,,Case Rate,"100 Percent of Medicaid APG. ",3859.73,,,,,,,Case Rate,"100 Percent of Medicaid APG. ",,78,,,,,0,percent of total billed charges,78% of Billed Charges. Lesser of 100% of billed charges applies.; No services were performed during the 15 month look back period.,18160.12,,,,,,,Case Rate,". MPL 100/50/25% all add ons apply, and lesser of 100% of billed charges",3859.73,,,,,,,Case Rate,"100 Percent of Medicaid APG. ",8453.18,,,,,,,Case Rate,"100% Medicare OPPS FS. ",6487,,,,,,,Case Rate,". MPL 100/50/25% maxmium of 3 procedures. All add ons apply, and lesser of 100% of billed charges",6487,,,,,,,Case Rate,". MPL 100/50/25% maxmium of 3 procedures. All add ons apply, and lesser of 100% of billed charges",6487,,,,,,,Case Rate,". MPL 100/50/25% maxmium of 3 procedures. All add ons apply, and lesser of 100% of billed charges",6487,,,,,,,Case Rate,". MPL 100/50/25% maxmium of 3 procedures. All add ons apply, and lesser of 100% of billed charges",3859.73,,,,,,,Case rate,124 Percent of Medicaid APG. Covered services not payable under Medicaid Fee Schedules default to a payment of 50 percent of charges.,8453.18,,,,,,,Case Rate,"100% Medicare OPPS FS. ",3859.73,,,,,,,Case rate,124 Percent of Medicaid APG. Covered services not payable under Medicaid Fee Schedules default to a payment of 50 percent of charges.,,78,,,,,0,percent of total billed charges,78% of Billed Charges. Lesser of 100% of billed charges applies.; No services were performed during the 15 month look back period.,21331,,,,,,,Case Rate,". Primary procedure pays at 100%, secondary at 50%, all subsequent at 25%.  Lesser of applies when negotiated rates exceed charges less addons.",8453.18,,,,,,,Case Rate,"100%Medicare OPPS FS. ",26771,,,,,,,Case Rate,". Primary procedure pays at 100%, all subsequent at 50%.",8453.18,,,,,,,Case Rate,"100%Medicare OPPS FS. ",8453.18,,,,,,,Case Rate,"100%Medicare OPPS FS. ",,78,,,,,0,percent of total billed charges,78% of Billed Charges. Lesser of 100% of billed charges applies.; No services were performed during the 15 month look back period.,3125.23,,,,,,,Case Rate,100% of PAS. Lesser of 100% of billed charges applies.,3125.23,,,,,,,Case Rate,100% of PAS. Lesser of 100% of billed charges applies.,3859.73,,,,,,,Case rate,"100 Percent of Medicaid APG. ",3859.73,,,,,,,Case rate,"100 Percent of Medicaid APG. ",26771,,,,,,,Case Rate,". Primary procedure pays at 100%, all subsequent at 50%.",26771,,,,,,,Case Rate,". Primary procedure pays at 100%, all subsequent at 50%.",3859.73,,,,,,,Case Rate,"100 Percent of Medicaid APG. Not APG payable, or payable under another fee schedule like ASP/AWP pays at 30% of charges",26771,,,,,,,Case Rate,". Primary procedure pays at 100%, all subsequent at 50%.",3859.73,,,,,,,Case Rate,"100 Percent of Medicaid APG. Not APG payable, or payable under another fee schedule like ASP/AWP pays at 30% of charges",8453.18,,,,,,,Case Rate,"100%Medicare OPPS FS. ",26771,,,,,,,Case Rate,". Primary procedure pays at 100%, all subsequent at 50%.",,78,,,,,0,percent of total billed charges,78% of Billed Charges. Lesser of 100% of billed charges applies.; No services were performed during the 15 month look back period.,3859.73,,,,,,,Case Rate,"100 Percent of Medicaid APG. ",3859.73,,,,,,,Case Rate,"100 Percent of Medicaid APG. ",,78,,,,,0,percent of total billed charges,78% of Billed Charges. Lesser of 100% of billed charges applies.; No services were performed during the 15 month look back period.,6487,,,,,,,Case Rate,". MPL 100/50/25% maxmium of 3 procedures. All add ons apply, and lesser of 100% of billed charges",16031,,,,,,,Case Rate,". MPL 100/50/25% all add ons apply, and lesser of 100% of billed charges",16031,,,,,,,Case Rate,". MPL 100/50/25% all add ons apply, and lesser of 100% of billed charges",,78,,,,,0,percent of total billed charges,78% of Billed Charges. Lesser of 100% of billed charges applies.; No services were performed during the 15 month look back period.,8453.18,,,,,,,Case Rate,"100% Medicare OPPS FS. ",18160.12,,,,,,,Case Rate,". MPL 100/50/25% all add ons apply, and lesser of 100% of billed charges",18160.12,,,,,,,Case Rate,". MPL 100/50/25% all add ons apply, and lesser of 100% of billed charges",18160.12,,,,,,,Case Rate,". MPL 100/50/25% all add ons apply, and lesser of 100% of billed charges",8453.18,,,,,,,Case Rate,"100% Medicare OPPS FS. ",18160.12,,,,,,,Case Rate,". MPL 100/50/25% all add ons apply, and lesser of 100% of billed charges",18160.12,,,,,,,Case Rate,". MPL 100/50/25% all add ons apply, and lesser of 100% of billed charges",8453.18,,,,,,,Case Rate,"100% of Medicare OPPS. ",25798,,,,,,,Case Rate,". MPL 100/75/50% all add ons apply, and lesser of 100% of billed charges",24258,,,,,,,Case Rate,". MPL 100/50/25% all add ons apply, and lesser of 100% of billed charges",24258,,,,,,,Case Rate,". MPL 100/50/25% all add ons apply, and lesser of 100% of billed charges",24258,,,,,,,Case Rate,". MPL 100/50/25% all add ons apply, and lesser of 100% of billed charges",24258,,,,,,,Case Rate,". MPL 100/50/25% all add ons apply, and lesser of 100% of billed charges",24258,,,,,,,Case Rate,". MPL 100/50/25% all add ons apply, and lesser of 100% of billed charges",24258,,,,,,,Case Rate,". MPL 100/50/25% all add ons apply, and lesser of 100% of billed charges",8453.18,,,,,,,Case Rate,"100% Medicare OPPS FS. ",8453.18,,,,,,,Case Rate,"100% Medicare OPPS FS. ",24258,,,,,,,Case Rate,". MPL 100/50/25% all add ons apply, and lesser of 100% of billed charges",,78,,,,,0,percent of total billed charges,78% of Billed Charges. Lesser of 100% of billed charges applies.; No services were performed during the 15 month look back period.,,78,,,,,0,percent of total billed charges,78% of Billed Charges. Lesser of 100% of billed charges applies.; No services were performed during the 15 month look back period.,,78,,,,,0,percent of total billed charges,78% of Billed Charges. Lesser of 100% of billed charges applies.; No services were performed during the 15 month look back period.,,78,,,,,0,percent of total billed charges,78% of Billed Charges. Lesser of 100% of billed charges applies.; No services were performed during the 15 month look back period.,,78,,,,,0,percent of total billed charges,78% of Billed Charges. Lesser of 100% of billed charges applies.; No services were performed during the 15 month look back period.,,78,,,,,0,percent of total billed charges,78% of Billed Charges. Lesser of 100% of billed charges applies.; No services were performed during the 15 month look back period.,,78,,,,,0,percent of total billed charges,78% of Billed Charges. Lesser of 100% of billed charges applies.; No services were performed during the 15 month look back period.,,78,,,,,0,percent of total billed charges,78% of Billed Charges. Lesser of 100% of billed charges applies.; No services were performed during the 15 month look back period.,,78,,,,,0,percent of total billed charges,78% of Billed Charges. Lesser of 100% of billed charges applies.; No services were performed during the 15 month look back period.,,78,,,,,0,percent of total billed charges,78% of Billed Charges. Lesser of 100% of billed charges applies.; No services were performed during the 15 month look back period.,,78,,,,,0,percent of total billed charges,78% of Billed Charges. Lesser of 100% of billed charges applies.; No services were performed during the 15 month look back period.,,78,,,,,0,percent of total billed charges,78% of Billed Charges. Lesser of 100% of billed charges applies.; No services were performed during the 15 month look back period.,,78,,,,,0,percent of total billed charges,78% of Billed Charges. Lesser of 100% of billed charges applies.; No services were performed during the 15 month look back period.,,78,,,,,0,percent of total billed charges,78% of Billed Charges. Lesser of 100% of billed charges applies.; No services were performed during the 15 month look back period.,,78,,,,,0,percent of total billed charges,78% of Billed Charges. Lesser of 100% of billed charges applies.; No services were performed during the 15 month look back period.,,78,,,,,0,percent of total billed charges,78% of Billed Charges. Lesser of 100% of billed charges applies.; No services were performed during the 15 month look back period.,,78,,,,,0,percent of total billed charges,78% of Billed Charges. Lesser of 100% of billed charges applies.; No services were performed during the 15 month look back period.,,78,,,,,0,percent of total billed charges,78% of Billed Charges. Lesser of 100% of billed charges applies.; No services were performed during the 15 month look back period.,,78,,,,,0,percent of total billed charges,78% of Billed Charges. Lesser of 100% of billed charges applies.; No services were performed during the 15 month look back period.,,78,,,,,0,percent of total billed charges,78% of Billed Charges. Lesser of 100% of billed charges applies.; No services were performed during the 15 month look back period.,,78,,,,,0,percent of total billed charges,78% of Billed Charges. Lesser of 100% of billed charges applies.; No services were performed during the 15 month look back period.,,78,,,,,0,percent of total billed charges,78% of Billed Charges. Lesser of 100% of billed charges applies.; No services were performed during the 15 month look back period.,,78,,,,,0,percent of total billed charges,78% of Billed Charges. Lesser of 100% of billed charges applies.; No services were performed during the 15 month look back period.,,78,,,,,0,percent of total billed charges,78% of Billed Charges. Lesser of 100% of billed charges applies.; No services were performed during the 15 month look back period.,,78,,,,,0,percent of total billed charges,78% of Billed Charges. Lesser of 100% of billed charges applies.; No services were performed during the 15 month look back period.,,78,,,,,0,percent of total billed charges,78% of Billed Charges. Lesser of 100% of billed charges applies.; No services were performed during the 15 month look back period.,26771,,,,,,,Case Rate,". Primary procedure pays at 100%, all subsequent at 50%.",26771,,,,,,,Case Rate,". Primary procedure pays at 100%, all subsequent at 50%.",26771,,,,,,,Case Rate,". Primary procedure pays at 100%, all subsequent at 50%.",26771,,,,,,,Case Rate,". Primary procedure pays at 100%, all subsequent at 50%.",42813,,,,,,,Case Rate,". Primary procedure pays at 100%, all subsequent at 50%.",42813,,,,,,,Case Rate,". Primary procedure pays at 100%, all subsequent at 50%.",6487,,,,,,,Case Rate,". MPL 100/50/25% maxmium of 3 procedures. All add ons apply, and lesser of 100% of billed charges",24258,,,,,,,Case Rate,". MPL 100/50/25% all add ons apply, and lesser of 100% of billed charges",18160.12,,,,,,,Case Rate,". MPL 100/50/25% all add ons apply, and lesser of 100% of billed charges",24258,,,,,,,Case Rate,". MPL 100/50/25% all add ons apply, and lesser of 100% of billed charges",,78,,,,,0,percent of total billed charges,78% of Billed Charges. Lesser of 100% of billed charges applies.; No services were performed during the 15 month look back period.,42813,,,,,,,Case Rate,". Primary procedure pays at 100%, all subsequent at 50%.",24258,,,,,,,Case Rate,". MPL 100/50/25% all add ons apply, and lesser of 100% of billed charges",18160.12,,,,,,,Case Rate,". MPL 100/50/25% all add ons apply, and lesser of 100% of billed charges",6487,,,,,,,Case Rate,". MPL 100/50/25% maxmium of 3 procedures. All add ons apply, and lesser of 100% of billed charges",,,,,,,,,"NA. ",,78,,,,,0,percent of total billed charges,78% of Billed Charges. Lesser of 100% of billed charges applies.; No services were performed during the 15 month look back period.,3859.73,,,,,,,Case Rate,"100 Percent of Medicaid APG. ",26771,,,,,,,Case Rate,". Primary procedure pays at 100%, all subsequent at 50%.",3859.73,,,,,,,Case Rate,"100 Percent of Medicaid APG. Not APG payable, or payable under another fee schedule like ASP/AWP pays at 30% of charges",8453.18,,,,,,,Case Rate,"100%Medicare OPPS FS. ",8453.18,,,,,,,Case Rate,"100% Medicare OPPS FS. ",25798,,,,,,,Case Rate,". MPL 100/75/50% all add ons apply, and lesser of 100% of billed charges",8453.18,,,,,,,Case Rate,"100% Medicare OPPS FS. ",8453.18,,,,,,,Case Rate,"100% Medicare OPPS FS. ",3859.73,,,,,,,Case Rate,"100 Percent of Medicaid APG. ",8453.18,,,,,,,Case Rate,"100% Medicare OPPS FS. ",8453.18,,,,,,,Case Rate,"100% Medicare OPPS FS. ",21331,,,,,,,Case Rate,". Primary procedure pays at 100%, secondary at 50%, all subsequent at 25%.  Lesser of applies when negotiated rates exceed charges less addons.",21331,,,,,,,Case Rate,". Primary procedure pays at 100%, secondary at 50%, all subsequent at 25%.  Lesser of applies when negotiated rates exceed charges less addons.",8453.18,,,,,,,Case Rate,"100% Medicare OPPS FS. ",6487,,,,,,,Case Rate,". MPL 100/50/25% maxmium of 3 procedures. All add ons apply, and lesser of 100% of billed charges",18160.12,,,,,,,Case Rate,". MPL 100/50/25% all add ons apply, and lesser of 100% of billed charges",18160.12,,,,,,,Case Rate,". MPL 100/50/25% all add ons apply, and lesser of 100% of billed charges",8453.18,,,,,,,Case Rate,"100% Medicare OPPS FS. ",6487,,,,,,,Case Rate,". MPL 100/50/25% maxmium of 3 procedures. All add ons apply, and lesser of 100% of billed charges",21331,,,,,,,Case Rate,". Primary procedure pays at 100%, secondary at 50%, all subsequent at 25%.  Lesser of applies when negotiated rates exceed charges less addons.",21331,,,,,,,Case Rate,". Primary procedure pays at 100%, secondary at 50%, all subsequent at 25%.  Lesser of applies when negotiated rates exceed charges less addons.",21331,,,,,,,Case Rate,". Primary procedure pays at 100%, secondary at 50%, all subsequent at 25%.  Lesser of applies when negotiated rates exceed charges less addons.",,78,,,,,0,percent of total billed charges,78% of Billed Charges. Lesser of 100% of billed charges applies.; No services were performed during the 15 month look back period.,,78,,,,,0,percent of total billed charges,78% of Billed Charges. Lesser of 100% of billed charges applies.; No services were performed during the 15 month look back period.,,78,,,,,0,percent of total billed charges,78% of Billed Charges. Lesser of 100% of billed charges applies.; No services were performed during the 15 month look back period.,,78,,,,,0,percent of total billed charges,78% of Billed Charges. Lesser of 100% of billed charges applies.; No services were performed during the 15 month look back period.,,78,,,,,0,percent of total billed charges,78% of Billed Charges. Lesser of 100% of billed charges applies.; No services were performed during the 15 month look back period.,,78,,,,,0,percent of total billed charges,78% of Billed Charges. Lesser of 100% of billed charges applies.; No services were performed during the 15 month look back period.,,78,,,,,0,percent of total billed charges,78% of Billed Charges. Lesser of 100% of billed charges applies.; No services were performed during the 15 month look back period.,,78,,,,,0,percent of total billed charges,78% of Billed Charges. Lesser of 100% of billed charges applies.; No services were performed during the 15 month look back period.,,78,,,,,0,percent of total billed charges,78% of Billed Charges. Lesser of 100% of billed charges applies.; No services were performed during the 15 month look back period.,,78,,,,,0,percent of total billed charges,78% of Billed Charges. Lesser of 100% of billed charges applies.; No services were performed during the 15 month look back period.,,78,,,,,0,percent of total billed charges,78% of Billed Charges. Lesser of 100% of billed charges applies.; No services were performed during the 15 month look back period.,42813,,,,,,,Case Rate,". Primary procedure pays at 100%, all subsequent at 50%.",24258,,,,,,,Case Rate,". MPL 100/50/25% all add ons apply, and lesser of 100% of billed charges",6487,,,,,,,Case Rate,". MPL 100/50/25% maxmium of 3 procedures. All add ons apply, and lesser of 100% of billed charges",8453.18,,,,,,,Case Rate,"100% Medicare OPPS FS. ",21331,,,,,,,Case Rate,". Primary procedure pays at 100%, secondary at 50%, all subsequent at 25%.  Lesser of applies when negotiated rates exceed charges less addons.",6487,,,,,,,Case Rate,". MPL 100/50/25% maxmium of 3 procedures. All add ons apply, and lesser of 100% of billed charges",6487,,,,,,,Case Rate,". MPL 100/50/25% maxmium of 3 procedures. All add ons apply, and lesser of 100% of billed charges",,78,,,,,0,percent of total billed charges,78% of Billed Charges. Lesser of 100% of billed charges applies.; No services were performed during the 15 month look back period.,8259.81,,,,,,,Case Rate,"214 Percent of Medicaid APG. Drugs not priced under APG, billed with revenue code 636 and not priced by Medicare ASP FeeSched will be reimbursed at 20% of charges.",6487,,,,,,,Case Rate,". MPL 100/50/25% maxmium of 3 procedures. All add ons apply, and lesser of 100% of billed charges",3859.73,,,,,,,Case Rate,"100 Percent of Medicaid APG. ",8453.18,,,,,,,Case Rate,"100% Medicare OPPS FS. ",8453.18,,,,,,,Case Rate,"100% Medicare OPPS FS. ",8453.18,,,,,,,Case Rate,"100% Medicare OPPS FS. ",8453.18,,,,,,,Case Rate,"100% Medicare OPPS FS. ",8453.18,,,,,,,Case Rate,"100% Medicare OPPS FS. ",8453.18,,,,,,,Case Rate,"100% Medicare OPPS FS. ",6487,,,,,,,Case Rate,". MPL 100/50/25% maxmium of 3 procedures. All add ons apply, and lesser of 100% of billed charges",25798,,,,,,,Case Rate,". MPL 100/75/50% all add ons apply, and lesser of 100% of billed charges",6947.51,,,,,,,Fee Schedule,"180 Percent of Medicaid APG. ",6947.51,,,,,,,Fee Schedule,"180 Percent of Medicaid APG. ",6947.51,,,,,,,Fee Schedule,"180 Percent of Medicaid APG. ",6947.51,,,,,,,Fee Schedule,"180 Percent of Medicaid APG. ",6947.51,,,,,,,Fee Schedule,"180 Percent of Medicaid APG. ",,,,,,,,,"NA. ",25798,,,,,,,Case Rate,". MPL 100/75/50% all add ons apply, and lesser of 100% of billed charges",16737.29,,,,,,,Case Rate,198 Percent of Medicare OPPS. Metroplus will reimburse unlisted codes and described codes with no Medicare rate at 50 percent of charges.,16737.29,,,,,,,Case Rate,198 Percent of Medicare OPPS. Metroplus will reimburse unlisted codes and described codes with no Medicare rate at 50 percent of charges.,16737.29,,,,,,,Case Rate,198 Percent of Medicare OPPS. Metroplus will reimburse unlisted codes and described codes with no Medicare rate at 50 percent of charges.,16737.29,,,,,,,Case Rate,198 Percent of Medicare OPPS. Metroplus will reimburse unlisted codes and described codes with no Medicare rate at 50 percent of charges.,16737.29,,,,,,,Case Rate,198 Percent of Medicare OPPS. Metroplus will reimburse unlisted codes and described codes with no Medicare rate at 50 percent of charges.,8453.18,,,,,,,Case Rate,"100% Medicare OPPS FS. ",42813,,,,,,,Case Rate,". Primary procedure pays at 100%, all subsequent at 50%.",42813,,,,,,,Case Rate,". Primary procedure pays at 100%, all subsequent at 50%.",42813,,,,,,,Case Rate,". Primary procedure pays at 100%, all subsequent at 50%.",42813,,,,,,,Case Rate,". Primary procedure pays at 100%, all subsequent at 50%.",21331,,,,,,,Case Rate,". Primary procedure pays at 100%, secondary at 50%, all subsequent at 25%.  Lesser of applies when negotiated rates exceed charges less addons.",21331,,,,,,,Case Rate,". Primary procedure pays at 100%, secondary at 50%, all subsequent at 25%.  Lesser of applies when negotiated rates exceed charges less addons.",21331,,,,,,,Case Rate,". Primary procedure pays at 100%, secondary at 50%, all subsequent at 25%.  Lesser of applies when negotiated rates exceed charges less addons.",21331,,,,,,,Case Rate,". Primary procedure pays at 100%, secondary at 50%, all subsequent at 25%.  Lesser of applies when negotiated rates exceed charges less addons.",25798,,,,,,,Case Rate,". MPL 100/75/50% all add ons apply, and lesser of 100% of billed charges",25798,,,,,,,Case Rate,". MPL 100/75/50% all add ons apply, and lesser of 100% of billed charges",8453.18,,,,,,,Case Rate,"100% Medicare OPPS FS. ",8453.18,,,,,,,Case Rate,"100% Medicare OPPS FS. ",8453.18,,,,,,,Case Rate,"100% Medicare OPPS FS. ",24258,,,,,,,Case Rate,". MPL 100/50/25% all add ons apply, and lesser of 100% of billed charges",24258,,,,,,,Case Rate,". MPL 100/50/25% all add ons apply, and lesser of 100% of billed charges",24258,,,,,,,Case Rate,". MPL 100/50/25% all add ons apply, and lesser of 100% of billed charges",25798,,,,,,,Case Rate,". MPL 100/75/50% all add ons apply, and lesser of 100% of billed charges",21331,,,,,,,Case Rate,". Primary procedure pays at 100%, secondary at 50%, all subsequent at 25%.  Lesser of applies when negotiated rates exceed charges less addons.",8453.18,,,,,,,Case Rate,"100% Medicare OPPS FS. ",24258,,,,,,,Case Rate,". MPL 100/50/25% all add ons apply, and lesser of 100% of billed charges",3859.73,,,,,,,Case Rate,"100 Percent of Medicaid APG. ",8622.24,,,,,,,Case Rate,"102% of Medicare OPPS. ",8622.24,,,,,,,Case Rate,"102% of Medicare OPPS. ",8622.24,,,,,,,Case Rate,"102% of Medicare OPPS. ",3859.73,,,,,,,Case rate,"100 Percent of Medicaid APG. ",8684.38,,,,,,,Case Rate,225% of NYS APG. Lesser of 100% of billed charges applies.,8684.38,,,,,,,Case Rate,225% of NYS APG. Lesser of 100% of billed charges applies.,8684.38,,,,,,,Case Rate,225% of NYS APG. Lesser of 100% of billed charges applies.,8684.38,,,,,,,Case Rate,225% of NYS APG. Lesser of 100% of billed charges applies.,8684.38,,,,,,,Case Rate,225% of NYS APG. Lesser of 100% of billed charges applies.,8622.24,,,,,,,Case Rate,"102% of Medicare OPPS. ",3859.73,,,,,,,Case Rate,"100 Percent of Medicaid APG. ",3125.23,,,,,,,Case Rate,100% of PAS. Lesser of 100% of billed charges applies.,8684.38,,,,,,,Case Rate,225% of NYS APG. Lesser of 100% of billed charges applies.,8684.38,,,,,,,Case Rate,225% of NYS APG. Lesser of 100% of billed charges applies.,3125.23,,,,,,,Case Rate,100% of PAS. Lesser of 100% of billed charges applies.,3125.23,,,,,,,Case Rate,100% of PAS. Lesser of 100% of billed charges applies.,6947.51,,,,,,,Fee Schedule,"180 Percent of Medicaid APG. ",8453.18,,,,,,,Case Rate,"100% Medicare OPPS FS. ",8453.18,,,,,,,Case Rate,"100% Medicare OPPS FS. ",21331,,,,,,,Case Rate,". Primary procedure pays at 100%, secondary at 50%, all subsequent at 25%.  Lesser of applies when negotiated rates exceed charges less addons.",8453.18,,,,,,,Case Rate,"100% Medicare OPPS FS. ",8684.38,,,,,,,Case Rate,"225 Percent of Medicaid APG. ",8684.38,,,,,,,Case Rate,"225 Percent of Medicaid APG. ",3859.73,,,,,,,Case rate,"100 Percent of Medicaid APG. ",3859.73,,,,,,,Case rate,"100 Percent of Medicaid APG. ",8684.38,,,,,,,Case Rate,225 Percent of Medicaid APG. Covered services not payable under Medicaid Fee Schedules default to a payment of 87.5 percent of charges.,3859.73,,,,,,,Case rate,124 Percent of Medicaid APG. Covered services not payable under Medicaid Fee Schedules default to a payment of 50 percent of charges.,8684.38,,,,,,,Case Rate,"100 Percent of Medicaid APG. ",8684.38,,,,,,,Case Rate,"100 Percent of Medicaid APG. ",8684.38,,,,,,,Case Rate,"100 Percent of Medicaid APG. ",8684.38,,,,,,,Case Rate,"100 Percent of Medicaid APG. ",13453,,,,,,,Case Rate,". MPL 100/75/50% all add ons apply, and lesser of 100% of billed charges",25798,,,,,,,Case Rate,". MPL 100/75/50% all add ons apply, and lesser of 100% of billed charges",4631.67,,,,,,,Case Rate,"120 Percent of Medicaid APG. Not APG payable, or payable under another fee schedule like ASP/AWP pays at 30% of charges",4631.67,,,,,,,Case Rate,"120 Percent of Medicaid APG. Not APG payable, or payable under another fee schedule like ASP/AWP pays at 30% of charges",3859.73,,,,,,,Case Rate,"100 Percent of Medicaid APG. Not APG payable, or payable under another fee schedule like ASP/AWP pays at 30% of charges",3859.73,,,,,,,Case Rate,"100 Percent of Medicaid APG. Not APG payable, or payable under another fee schedule like ASP/AWP pays at 30% of charges",24258,,,,,,,Case Rate,". MPL 100/50/25% all add ons apply, and lesser of 100% of billed charges",24258,,,,,,,Case Rate,". MPL 100/50/25% all add ons apply, and lesser of 100% of billed charges",8453.18,,,,,,,Case Rate,"100% Medicare OPPS FS. ",24258,,,,,,,Case Rate,". MPL 100/50/25% all add ons apply, and lesser of 100% of billed charges",24258,,,,,,,Case Rate,". MPL 100/50/25% all add ons apply, and lesser of 100% of billed charges",24258,,,,,,,Case Rate,". MPL 100/50/25% all add ons apply, and lesser of 100% of billed charges",24258,,,,,,,Case Rate,". MPL 100/50/25% all add ons apply, and lesser of 100% of billed charges",8453.18,,,,,,,Case Rate,"100% Medicare OPPS FS. ",24258,,,,,,,Case Rate,". MPL 100/50/25% all add ons apply, and lesser of 100% of billed charges",24258,,,,,,,Case Rate,". MPL 100/50/25% all add ons apply, and lesser of 100% of billed charges",21331,,,,,,,Case Rate,". Primary procedure pays at 100%, secondary at 50%, all subsequent at 25%.  Lesser of applies when negotiated rates exceed charges less addons.",3859.73,,,,,,,Fee Schedule,100% APG. Lesser of 100% of billed charges applies.,3859.73,,,,,,,Case rate,124 Percent of Medicaid APG. Covered services not payable under Medicaid Fee Schedules default to a payment of 50 percent of charges.,8684.38,,,,,,,Case Rate,225% of NYS APG. Lesser of 100% of billed charges applies.,8684.38,,,,,,,Case Rate,225 Percent of Medicaid APG. Covered services not payable under Medicaid Fee Schedules default to a payment of 87.5 percent of charges.,3859.73,,,,,,,Case rate,124 Percent of Medicaid APG. Covered services not payable under Medicaid Fee Schedules default to a payment of 50 percent of charges.,8684.38,,,,,,,Case Rate,225% of NYS APG. Lesser of 100% of billed charges applies.,8684.38,,,,,,,Case Rate,225% of NYS APG. Lesser of 100% of billed charges applies.,8684.38,,,,,,,Case Rate,225% of NYS APG. Lesser of 100% of billed charges applies.,8684.38,,,,,,,Case Rate,225% of NYS APG. Lesser of 100% of billed charges applies.,8684.38,,,,,,,Case Rate,225% of NYS APG. Lesser of 100% of billed charges applies.,8684.38,,,,,,,Case Rate,225% of NYS APG. Lesser of 100% of billed charges applies.,,,,,,,,,"NA. ",,,,,,,,,"NA. ",,,,,,,,,"NA. ",6487,,,,,,,Case Rate,". MPL 100/50/25% maxmium of 3 procedures. All add ons apply, and lesser of 100% of billed charges",,,,,,,,,"NA. ",8453.18,,,,,,,Case Rate,"100% Medicare OPPS FS. ",7084,,,,,,,Case Rate,". MPL 1st 100% of Payment Rate 50% of all others, all add ons apply, and lesser of 100% of billed charges.",8453.18,,,,,,,Case Rate,"100% Medicare OPPS FS. ",8453.18,,,,,,,Case Rate,"100% Medicare OPPS FS. ",4631.67,,,,,,,Case Rate,"120 Percent of Medicaid APG. Not APG payable, or payable under another fee schedule like ASP/AWP pays at 30% of charges",4631.67,,,,,,,Case Rate,"120 Percent of Medicaid APG. Not APG payable, or payable under another fee schedule like ASP/AWP pays at 30% of charges",3859.73,,,,,,,Case Rate,"100 Percent of Medicaid APG. Not APG payable, or payable under another fee schedule like ASP/AWP pays at 30% of charges",3859.73,,,,,,,Case Rate,"100 Percent of Medicaid APG. Not APG payable, or payable under another fee schedule like ASP/AWP pays at 30% of charges",3859.73,,,,,,,Case Rate,"100 Percent of Medicaid APG. ",22755,,,,,,,Case Rate,". ",21331,,,,,,,Case Rate,". Primary procedure pays at 100%, secondary at 50%, all subsequent at 25%.  Lesser of applies when negotiated rates exceed charges less addons.",26771,,,,,,,Case Rate,". Primary procedure pays at 100%, all subsequent at 50%.",6487,,,,,,,Case Rate,". MPL 100/50/25% maxmium of 3 procedures. All add ons apply, and lesser of 100% of billed charges",8453.18,,,,,,,Case Rate,"100%Medicare OPPS FS. ",8453.18,,,,,,,Case Rate,"100% Medicare OPPS FS. ",8453.18,,,,,,,Case Rate,"100% Medicare OPPS FS. ",8453.18,,,,,,,Case Rate,"100% Medicare OPPS FS. ",8453.18,,,,,,,Case Rate,"100%Medicare OPPS FS. ",8453.18,,,,,,,Case Rate,"100% Medicare OPPS FS. ",,,,,,,,,"NA. ",8684.38,,,,,,,Case Rate,225% of NYS APG. Lesser of 100% of billed charges applies.,3125.23,,,,,,,Case Rate,100% of PAS. Lesser of 100% of billed charges applies.,24258,,,,,,,Case Rate,". MPL 100/50/25% all add ons apply, and lesser of 100% of billed charges",22755,,,,,,,Case Rate,". ",22755,,,,,,,Case Rate,". ",22755,,,,,,,Case Rate,". ",22755,,,,,,,Case Rate,". ",8453.18,,,,,,,Case Rate,"100% Medicare OPPS FS. ",3859.73,,,,,,,Case Rate,"100 Percent of Medicaid APG. ",24258,,,,,,,Case Rate,". MPL 100/50/25% all add ons apply, and lesser of 100% of billed charges",3859.73,,,,,,,Case Rate,"100 Percent of Medicaid APG. ",8453.18,,,,,,,Case Rate,"100% Medicare OPPS FS. ",3859.73,,,,,,,Case Rate,"100 Percent of Medicaid APG. ",8453.18,,,,,,,Case Rate,"100% Medicare OPPS FS. ",8453.18,,,,,,,Case Rate,"100% Medicare OPPS FS. ",3859.73,,,,,,,Case Rate,"100 Percent of Medicaid APG. ",3859.73,,,,,,,Case Rate,"100 Percent of Medicaid APG. ",22755,,,,,,,Case Rate,". ",6487,,,,,,,Case Rate,". MPL 100/50/25% maxmium of 3 procedures. All add ons apply, and lesser of 100% of billed charges",,78,,,,,0,percent of total billed charges,78% of Billed Charges. Lesser of 100% of billed charges applies.; No services were performed during the 15 month look back period.,18160.12,,,,,,,Case Rate,". MPL 100/50/25% all add ons apply, and lesser of 100% of billed charges",18160.12,,,,,,,Case Rate,". MPL 100/50/25% all add ons apply, and lesser of 100% of billed charges",21331,,,,,,,Case Rate,". Primary procedure pays at 100%, secondary at 50%, all subsequent at 25%.  Lesser of applies when negotiated rates exceed charges less addons.",4385.74,,,,,,,Case Rate,"83% HF Fee schedule. ",42813,,,,,,,Case Rate,". Primary procedure pays at 100%, all subsequent at 50%.",42813,,,,,,,Case Rate,". Primary procedure pays at 100%, all subsequent at 50%.",19406,,,,,,,Case Rate,". MPL 100/50/25% all add ons apply, and lesser of 100% of billed charges",19406,,,,,,,Case Rate,". MPL 100/50/25% all add ons apply, and lesser of 100% of billed charges",8453.18,,,,,,,Case Rate,"100% Medicare OPPS FS. ",8453.18,,,,,,,Case Rate,"100% Medicare OPPS FS. ",8453.18,,,,,,,Case Rate,"100% Medicare OPPS FS. ",8453.18,,,,,,,Case Rate,"100% Medicare OPPS FS. ",18160.12,,,,,,,Case Rate,". MPL 100/50/25% all add ons apply, and lesser of 100% of billed charges",24258,,,,,,,Case Rate,". MPL 100/50/25% all add ons apply, and lesser of 100% of billed charges",24258,,,,,,,Case Rate,". MPL 100/50/25% all add ons apply, and lesser of 100% of billed charges",8453.18,,,,,,,Case Rate,"100% Medicare OPPS FS. ",19406,,,,,,,Case Rate,". MPL 100/50/25% all add ons apply, and lesser of 100% of billed charges",26771,,,,,,,Case Rate,". Primary procedure pays at 100%, all subsequent at 50%.",4631.67,,,,,,,Fee Schedule,"120 Percent of Medicaid APG. ",3859.73,,,,,,,Case Rate,"100 Percent of Medicaid APG. ",22755,,,,,,,Case Rate,". ",21832,,,,,,,Case Rate,". MPL 100/50/25% all add ons apply, and lesser of 100% of billed charges",21832,,,,,,,Case Rate,". MPL 100/50/25% all add ons apply, and lesser of 100% of billed charges",24258,,,,,,,Case Rate,". MPL 100/50/25% all add ons apply, and lesser of 100% of billed charges",14948,,,,,,,Case Rate,". MPL 100/75/50% all add ons apply, and lesser of 100% of billed charges",8453.18,,,,,,,Case Rate,"100%Medicare OPPS FS. ",4052.71,,,,,,,Fee Schedule,105 percent of Medicaid APG. otherwise 105% of Ordered NYS MCD FS or 105% of ASP+6%,4052.71,,,,,,,Fee Schedule,105 percent of Medicaid APG. otherwise 105% of Ordered NYS MCD FS or 105% of ASP+6%,4052.71,,,,,,,Fee Schedule,105 percent of Medicaid APG. otherwise 105% of Ordered NYS MCD FS or 105% of ASP+6%,5210.63,,,,,,,Fee Schedule,135 percent of Medicaid APG. otherwise 135% of Ordered NYS MCD FS or 135% of ASP+6%,18160.12,,,,,,,Case Rate,". MPL 100/50/25% all add ons apply, and lesser of 100% of billed charges",4052.71,,,,,,,Fee Schedule,105 percent of Medicaid APG. otherwise 105% of Ordered NYS MCD FS or 105% of ASP+6%,4052.71,,,,,,,Fee Schedule,105 percent of Medicaid APG. otherwise 105% of Ordered NYS MCD FS or 105% of ASP+6%,4052.71,,,,,,,Fee Schedule,105 percent of Medicaid APG. otherwise 105% of Ordered NYS MCD FS or 105% of ASP+6%,4052.71,,,,,,,Fee Schedule,105 percent of Medicaid APG. otherwise 105% of Ordered NYS MCD FS or 105% of ASP+6%,4052.71,,,,,,,Fee Schedule,105 percent of Medicaid APG. otherwise 105% of Ordered NYS MCD FS or 105% of ASP+6%,5210.63,,,,,,,Fee Schedule,135 percent of Medicaid APG. otherwise 135% of Ordered NYS MCD FS or 135% of ASP+6%,5210.63,,,,,,,Fee Schedule,135 percent of Medicaid APG. otherwise 135% of Ordered NYS MCD FS or 135% of ASP+6%,8453.18,,,,,,,Case Rate,"100% Medicare OPPS FS. ",18160.12,,,,,,,Case Rate,". MPL 100/50/25% all add ons apply, and lesser of 100% of billed charges",8453.18,,,,,,,Case Rate,"100% Medicare OPPS FS. ",4052.71,,,,,,,Fee Schedule,105 percent of Medicaid APG. otherwise 105% of Ordered NYS MCD FS or 105% of ASP+6%,24258,,,,,,,Case Rate,". MPL 100/50/25% all add ons apply, and lesser of 100% of billed charges",8453.18,,,,,,,Case Rate,"100% Medicare OPPS FS. ",24258,,,,,,,Case Rate,". MPL 100/50/25% all add ons apply, and lesser of 100% of billed charges",24258,,,,,,,Case Rate,". MPL 100/50/25% all add ons apply, and lesser of 100% of billed charges",24258,,,,,,,Case Rate,". MPL 100/50/25% all add ons apply, and lesser of 100% of billed charges",4052.71,,,,,,,Fee Schedule,105 percent of Medicaid APG. otherwise 105% of Ordered NYS MCD FS or 105% of ASP+6%,8453.18,,,,,,,Case Rate,"100% Medicare OPPS FS. ",24258,,,,,,,Case Rate,". MPL 100/50/25% all add ons apply, and lesser of 100% of billed charges",5210.63,,,,,,,Fee Schedule,135 percent of Medicaid APG. otherwise 135% of Ordered NYS MCD FS or 135% of ASP+6%,24258,,,,,,,Case Rate,". MPL 100/50/25% all add ons apply, and lesser of 100% of billed charges",,200,,,,,0,Case Rate,200% of Medicare OPPS. ; No services were performed during the 15 month look back period.,8453.18,,,,,,,Case Rate,"100%Medicare OPPS FS. ",22755,,,,,,,Case Rate,". ",22755,,,,,,,Case Rate,". ",22755,,,,,,,Case Rate,". ",22755,,,,,,,Case Rate,". ",22755,,,,,,,Case Rate,". ",26771,,,,,,,Case Rate,". Primary procedure pays at 100%, all subsequent at 50%.",26771,,,,,,,Case Rate,". Primary procedure pays at 100%, all subsequent at 50%.",22755,,,,,,,Case Rate,". ",22755,,,,,,,Case Rate,". ",22755,,,,,,,Case Rate,". ",22755,,,,,,,Case Rate,". ",22755,,,,,,,Case Rate,". ",8453.18,,,,,,,Case Rate,"100% Medicare OPPS FS. ",26771,,,,,,,Case Rate,". Primary procedure pays at 100%, all subsequent at 50%.",8453.18,,,,,,,Case Rate,"100% Medicare OPPS FS. ",8684.38,,,,,,,Case Rate,"225 Percent of Medicaid APG. If not included in Medicaid APG, then 100 Percent of Manhattan Medicare",3859.73,,,,,,,Case Rate,"100 Percent of Medicaid APG. ",18160.12,,,,,,,Case Rate,". MPL 100/50/25% all add ons apply, and lesser of 100% of billed charges",18160.12,,,,,,,Case Rate,". MPL 100/50/25% all add ons apply, and lesser of 100% of billed charges",8453.18,,,,,,,Case Rate,"100% Medicare OPPS FS. ",42813,,,,,,,Case Rate,". Primary procedure pays at 100%, all subsequent at 50%.",8453.18,,,,,,,Case Rate,"100% Medicare OPPS FS. ",8453.18,,,,,,,Case Rate,"100% Medicare OPPS FS. ",21331,,,,,,,Case Rate,". Primary procedure pays at 100%, secondary at 50%, all subsequent at 25%.  Lesser of applies when negotiated rates exceed charges less addons.",8453.18,,,,,,,Case Rate,"100% Medicare OPPS FS. ",6487,,,,,,,Case Rate,". MPL 100/50/25% maxmium of 3 procedures. All add ons apply, and lesser of 100% of billed charges",8453.18,,,,,,,Case Rate,"100% Medicare OPPS FS. ",6487,,,,,,,Case Rate,". MPL 100/50/25% maxmium of 3 procedures. All add ons apply, and lesser of 100% of billed charges",21331,,,,,,,Case Rate,". Primary procedure pays at 100%, secondary at 50%, all subsequent at 25%.  Lesser of applies when negotiated rates exceed charges less addons.",6487,,,,,,,Case Rate,". MPL 100/50/25% maxmium of 3 procedures. All add ons apply, and lesser of 100% of billed charges",8453.18,,,,,,,Case Rate,"100% Medicare OPPS FS. ",3859.73,,,,,,,Case Rate,"100 Percent of Medicaid APG. ",8453.18,,,,,,,Case Rate,"100% Medicare OPPS FS. ",6487,,,,,,,Case Rate,". MPL 100/50/25% maxmium of 3 procedures. All add ons apply, and lesser of 100% of billed charges",18160.12,,,,,,,Case Rate,". MPL 100/50/25% all add ons apply, and lesser of 100% of billed charges",3859.73,,,,,,,Case Rate,"100 Percent of Medicaid APG. ",24258,,,,,,,Case Rate,". MPL 100/50/25% all add ons apply, and lesser of 100% of billed charges",4631.67,,,,,,,Fee Schedule,"120 Percent of Medicaid APG. ",4631.67,,,,,,,Fee Schedule,"120 Percent of Medicaid APG. ",24258,,,,,,,Case Rate,". MPL 100/50/25% all add ons apply, and lesser of 100% of billed charges",24258,,,,,,,Case Rate,". MPL 100/50/25% all add ons apply, and lesser of 100% of billed charges",24258,,,,,,,Case Rate,". MPL 100/50/25% all add ons apply, and lesser of 100% of billed charges",18160.12,,,,,,,Case Rate,". MPL 100/50/25% all add ons apply, and lesser of 100% of billed charges",24258,,,,,,,Case Rate,". MPL 100/50/25% all add ons apply, and lesser of 100% of billed charges",24258,,,,,,,Case Rate,". MPL 100/50/25% all add ons apply, and lesser of 100% of billed charges",24258,,,,,,,Case Rate,". MPL 100/50/25% all add ons apply, and lesser of 100% of billed charges",22755,,,,,,,Case Rate,". ",22755,,,,,,,Case Rate,". ",16737.29,,,,,,,Case Rate,198 Percent of Medicare OPPS. Metroplus will reimburse unlisted codes and described codes with no Medicare rate at 50 percent of charges.,3859.73,,,,,,,Case Rate,"100 Percent of Medicaid APG. ",18160.12,,,,,,,Case Rate,". MPL 100/50/25% all add ons apply, and lesser of 100% of billed charges",6487,,,,,,,Case Rate,". MPL 100/50/25% maxmium of 3 procedures. All add ons apply, and lesser of 100% of billed charges",21331,,,,,,,Case Rate,". Primary procedure pays at 100%, secondary at 50%, all subsequent at 25%.  Lesser of applies when negotiated rates exceed charges less addons.",18160.12,,,,,,,Case Rate,". MPL 100/50/25% all add ons apply, and lesser of 100% of billed charges",21331,,,,,,,Case Rate,". Primary procedure pays at 100%, secondary at 50%, all subsequent at 25%.  Lesser of applies when negotiated rates exceed charges less addons.",18160.12,,,,,,,Case Rate,". MPL 100/50/25% all add ons apply, and lesser of 100% of billed charges",24258,,,,,,,Case Rate,". MPL 100/50/25% all add ons apply, and lesser of 100% of billed charges",24258,,,,,,,Case Rate,". MPL 100/50/25% all add ons apply, and lesser of 100% of billed charges",24258,,,,,,,Case Rate,". MPL 100/50/25% all add ons apply, and lesser of 100% of billed charges",24258,,,,,,,Case Rate,". MPL 100/50/25% all add ons apply, and lesser of 100% of billed charges",8453.18,,,,,,,Case Rate,"100% Medicare OPPS FS. ",3125.23,43411,
23930,CPT,,,490,RC,I&D UPR A/E DP ABSC/HMTMA,,,both,,,,3681,,,,,,,Case Rate,". MPL 1st 100% of Payment Rate 50% of all others, all add ons apply, and lesser of 100% of billed charges.",3681,,,,,,,Case Rate,". MPL 1st 100% of Payment Rate 50% of all others, all add ons apply, and lesser of 100% of billed charges.",6593,,,,,,,Case Rate,". Primary procedure pays at 100%, secondary at 50%, all subsequent at 25%.  Lesser of applies when negotiated rates exceed charges less addons.",,100,,,,,0,percent of total billed charges,100 percent of billed charges. ; No services were performed during the 15 month look back period.,3386.66,,,,,,,Case Rate,"100% Medicare OPPS FS. ",6593,,,,,,,Case Rate,". Primary procedure pays at 100%, secondary at 50%, all subsequent at 25%.  Lesser of applies when negotiated rates exceed charges less addons.",6593,,,,,,,Case Rate,". Primary procedure pays at 100%, secondary at 50%, all subsequent at 25%.  Lesser of applies when negotiated rates exceed charges less addons.",6593,,,,,,,Case Rate,". Primary procedure pays at 100%, secondary at 50%, all subsequent at 25%.  Lesser of applies when negotiated rates exceed charges less addons.",1765.8,,,,,,,Case Rate,"100 Percent of Medicaid APG. ",1471.5,,,,,,,Case Rate,"100 Percent of Medicaid APG. ",,78,,,,,0,percent of total billed charges,78% of Billed Charges. Lesser of 100% of billed charges applies.; No services were performed during the 15 month look back period.,9024.56,,,,,,,Case Rate,". MPL 100/50/25% all add ons apply, and lesser of 100% of billed charges",1471.5,,,,,,,Case Rate,"100 Percent of Medicaid APG. ",3386.66,,,,,,,Case Rate,"100% Medicare OPPS FS. ",6487,,,,,,,Case Rate,". MPL 100/50/25% maxmium of 3 procedures. All add ons apply, and lesser of 100% of billed charges",6487,,,,,,,Case Rate,". MPL 100/50/25% maxmium of 3 procedures. All add ons apply, and lesser of 100% of billed charges",6487,,,,,,,Case Rate,". MPL 100/50/25% maxmium of 3 procedures. All add ons apply, and lesser of 100% of billed charges",6487,,,,,,,Case Rate,". MPL 100/50/25% maxmium of 3 procedures. All add ons apply, and lesser of 100% of billed charges",1471.5,,,,,,,Case rate,124 Percent of Medicaid APG. Covered services not payable under Medicaid Fee Schedules default to a payment of 50 percent of charges.,3386.66,,,,,,,Case Rate,"100% Medicare OPPS FS. ",1471.5,,,,,,,Case rate,124 Percent of Medicaid APG. Covered services not payable under Medicaid Fee Schedules default to a payment of 50 percent of charges.,,78,,,,,0,percent of total billed charges,78% of Billed Charges. Lesser of 100% of billed charges applies.; No services were performed during the 15 month look back period.,6593,,,,,,,Case Rate,". Primary procedure pays at 100%, secondary at 50%, all subsequent at 25%.  Lesser of applies when negotiated rates exceed charges less addons.",3386.66,,,,,,,Case Rate,"100%Medicare OPPS FS. ",8427,,,,,,,Case Rate,". Primary procedure pays at 100%, all subsequent at 50%.",3386.66,,,,,,,Case Rate,"100%Medicare OPPS FS. ",3386.66,,,,,,,Case Rate,"100%Medicare OPPS FS. ",,78,,,,,0,percent of total billed charges,78% of Billed Charges. Lesser of 100% of billed charges applies.; No services were performed during the 15 month look back period.,623.12,,,,,,,Case Rate,100% of PAS. Lesser of 100% of billed charges applies.,623.12,,,,,,,Case Rate,100% of PAS. Lesser of 100% of billed charges applies.,1471.5,,,,,,,Case rate,"100 Percent of Medicaid APG. ",1471.5,,,,,,,Case rate,"100 Percent of Medicaid APG. ",8427,,,,,,,Case Rate,". Primary procedure pays at 100%, all subsequent at 50%.",8427,,,,,,,Case Rate,". Primary procedure pays at 100%, all subsequent at 50%.",1471.5,,,,,,,Case Rate,"100 Percent of Medicaid APG. Not APG payable, or payable under another fee schedule like ASP/AWP pays at 30% of charges",8427,,,,,,,Case Rate,". Primary procedure pays at 100%, all subsequent at 50%.",1471.5,,,,,,,Case Rate,"100 Percent of Medicaid APG. Not APG payable, or payable under another fee schedule like ASP/AWP pays at 30% of charges",3386.66,,,,,,,Case Rate,"100%Medicare OPPS FS. ",8427,,,,,,,Case Rate,". Primary procedure pays at 100%, all subsequent at 50%.",,78,,,,,0,percent of total billed charges,78% of Billed Charges. Lesser of 100% of billed charges applies.; No services were performed during the 15 month look back period.,1471.5,,,,,,,Case Rate,"100 Percent of Medicaid APG. ",1471.5,,,,,,,Case Rate,"100 Percent of Medicaid APG. ",,78,,,,,0,percent of total billed charges,78% of Billed Charges. Lesser of 100% of billed charges applies.; No services were performed during the 15 month look back period.,6487,,,,,,,Case Rate,". MPL 100/50/25% maxmium of 3 procedures. All add ons apply, and lesser of 100% of billed charges",7929,,,,,,,Case Rate,". MPL 100/50/25% all add ons apply, and lesser of 100% of billed charges",7929,,,,,,,Case Rate,". MPL 100/50/25% all add ons apply, and lesser of 100% of billed charges",,78,,,,,0,percent of total billed charges,78% of Billed Charges. Lesser of 100% of billed charges applies.; No services were performed during the 15 month look back period.,3386.66,,,,,,,Case Rate,"100% Medicare OPPS FS. ",9024.56,,,,,,,Case Rate,". MPL 100/50/25% all add ons apply, and lesser of 100% of billed charges",9024.56,,,,,,,Case Rate,". MPL 100/50/25% all add ons apply, and lesser of 100% of billed charges",9024.56,,,,,,,Case Rate,". MPL 100/50/25% all add ons apply, and lesser of 100% of billed charges",3386.66,,,,,,,Case Rate,"100% Medicare OPPS FS. ",9024.56,,,,,,,Case Rate,". MPL 100/50/25% all add ons apply, and lesser of 100% of billed charges",9024.56,,,,,,,Case Rate,". MPL 100/50/25% all add ons apply, and lesser of 100% of billed charges",3386.66,,,,,,,Case Rate,"100% of Medicare OPPS. ",25798,,,,,,,Case Rate,". MPL 100/75/50% all add ons apply, and lesser of 100% of billed charges",10351,,,,,,,Case Rate,". MPL 100/50/25% all add ons apply, and lesser of 100% of billed charges",10351,,,,,,,Case Rate,". MPL 100/50/25% all add ons apply, and lesser of 100% of billed charges",10351,,,,,,,Case Rate,". MPL 100/50/25% all add ons apply, and lesser of 100% of billed charges",10351,,,,,,,Case Rate,". MPL 100/50/25% all add ons apply, and lesser of 100% of billed charges",10351,,,,,,,Case Rate,". MPL 100/50/25% all add ons apply, and lesser of 100% of billed charges",10351,,,,,,,Case Rate,". MPL 100/50/25% all add ons apply, and lesser of 100% of billed charges",3386.66,,,,,,,Case Rate,"100% Medicare OPPS FS. ",3386.66,,,,,,,Case Rate,"100% Medicare OPPS FS. ",10351,,,,,,,Case Rate,". MPL 100/50/25% all add ons apply, and lesser of 100% of billed charges",,78,,,,,0,percent of total billed charges,78% of Billed Charges. Lesser of 100% of billed charges applies.; No services were performed during the 15 month look back period.,,78,,,,,0,percent of total billed charges,78% of Billed Charges. Lesser of 100% of billed charges applies.; No services were performed during the 15 month look back period.,,78,,,,,0,percent of total billed charges,78% of Billed Charges. Lesser of 100% of billed charges applies.; No services were performed during the 15 month look back period.,,78,,,,,0,percent of total billed charges,78% of Billed Charges. Lesser of 100% of billed charges applies.; No services were performed during the 15 month look back period.,,78,,,,,0,percent of total billed charges,78% of Billed Charges. Lesser of 100% of billed charges applies.; No services were performed during the 15 month look back period.,,78,,,,,0,percent of total billed charges,78% of Billed Charges. Lesser of 100% of billed charges applies.; No services were performed during the 15 month look back period.,,78,,,,,0,percent of total billed charges,78% of Billed Charges. Lesser of 100% of billed charges applies.; No services were performed during the 15 month look back period.,,78,,,,,0,percent of total billed charges,78% of Billed Charges. Lesser of 100% of billed charges applies.; No services were performed during the 15 month look back period.,,78,,,,,0,percent of total billed charges,78% of Billed Charges. Lesser of 100% of billed charges applies.; No services were performed during the 15 month look back period.,,78,,,,,0,percent of total billed charges,78% of Billed Charges. Lesser of 100% of billed charges applies.; No services were performed during the 15 month look back period.,,78,,,,,0,percent of total billed charges,78% of Billed Charges. Lesser of 100% of billed charges applies.; No services were performed during the 15 month look back period.,,78,,,,,0,percent of total billed charges,78% of Billed Charges. Lesser of 100% of billed charges applies.; No services were performed during the 15 month look back period.,,78,,,,,0,percent of total billed charges,78% of Billed Charges. Lesser of 100% of billed charges applies.; No services were performed during the 15 month look back period.,,78,,,,,0,percent of total billed charges,78% of Billed Charges. Lesser of 100% of billed charges applies.; No services were performed during the 15 month look back period.,,78,,,,,0,percent of total billed charges,78% of Billed Charges. Lesser of 100% of billed charges applies.; No services were performed during the 15 month look back period.,,78,,,,,0,percent of total billed charges,78% of Billed Charges. Lesser of 100% of billed charges applies.; No services were performed during the 15 month look back period.,,78,,,,,0,percent of total billed charges,78% of Billed Charges. Lesser of 100% of billed charges applies.; No services were performed during the 15 month look back period.,,78,,,,,0,percent of total billed charges,78% of Billed Charges. Lesser of 100% of billed charges applies.; No services were performed during the 15 month look back period.,,78,,,,,0,percent of total billed charges,78% of Billed Charges. Lesser of 100% of billed charges applies.; No services were performed during the 15 month look back period.,,78,,,,,0,percent of total billed charges,78% of Billed Charges. Lesser of 100% of billed charges applies.; No services were performed during the 15 month look back period.,,78,,,,,0,percent of total billed charges,78% of Billed Charges. Lesser of 100% of billed charges applies.; No services were performed during the 15 month look back period.,,78,,,,,0,percent of total billed charges,78% of Billed Charges. Lesser of 100% of billed charges applies.; No services were performed during the 15 month look back period.,,78,,,,,0,percent of total billed charges,78% of Billed Charges. Lesser of 100% of billed charges applies.; No services were performed during the 15 month look back period.,,78,,,,,0,percent of total billed charges,78% of Billed Charges. Lesser of 100% of billed charges applies.; No services were performed during the 15 month look back period.,,78,,,,,0,percent of total billed charges,78% of Billed Charges. Lesser of 100% of billed charges applies.; No services were performed during the 15 month look back period.,,78,,,,,0,percent of total billed charges,78% of Billed Charges. Lesser of 100% of billed charges applies.; No services were performed during the 15 month look back period.,8427,,,,,,,Case Rate,". Primary procedure pays at 100%, all subsequent at 50%.",8427,,,,,,,Case Rate,". Primary procedure pays at 100%, all subsequent at 50%.",8427,,,,,,,Case Rate,". Primary procedure pays at 100%, all subsequent at 50%.",8427,,,,,,,Case Rate,". Primary procedure pays at 100%, all subsequent at 50%.",12574,,,,,,,Case Rate,". Primary procedure pays at 100%, all subsequent at 50%.",12574,,,,,,,Case Rate,". Primary procedure pays at 100%, all subsequent at 50%.",6487,,,,,,,Case Rate,". MPL 100/50/25% maxmium of 3 procedures. All add ons apply, and lesser of 100% of billed charges",10351,,,,,,,Case Rate,". MPL 100/50/25% all add ons apply, and lesser of 100% of billed charges",9024.56,,,,,,,Case Rate,". MPL 100/50/25% all add ons apply, and lesser of 100% of billed charges",10351,,,,,,,Case Rate,". MPL 100/50/25% all add ons apply, and lesser of 100% of billed charges",,78,,,,,0,percent of total billed charges,78% of Billed Charges. Lesser of 100% of billed charges applies.; No services were performed during the 15 month look back period.,12574,,,,,,,Case Rate,". Primary procedure pays at 100%, all subsequent at 50%.",10351,,,,,,,Case Rate,". MPL 100/50/25% all add ons apply, and lesser of 100% of billed charges",9024.56,,,,,,,Case Rate,". MPL 100/50/25% all add ons apply, and lesser of 100% of billed charges",6487,,,,,,,Case Rate,". MPL 100/50/25% maxmium of 3 procedures. All add ons apply, and lesser of 100% of billed charges",,,,,,,,,"NA. ",,78,,,,,0,percent of total billed charges,78% of Billed Charges. Lesser of 100% of billed charges applies.; No services were performed during the 15 month look back period.,1471.5,,,,,,,Case Rate,"100 Percent of Medicaid APG. ",8427,,,,,,,Case Rate,". Primary procedure pays at 100%, all subsequent at 50%.",1471.5,,,,,,,Case Rate,"100 Percent of Medicaid APG. Not APG payable, or payable under another fee schedule like ASP/AWP pays at 30% of charges",3386.66,,,,,,,Case Rate,"100%Medicare OPPS FS. ",3386.66,,,,,,,Case Rate,"100% Medicare OPPS FS. ",25798,,,,,,,Case Rate,". MPL 100/75/50% all add ons apply, and lesser of 100% of billed charges",3386.66,,,,,,,Case Rate,"100% Medicare OPPS FS. ",3386.66,,,,,,,Case Rate,"100% Medicare OPPS FS. ",1471.5,,,,,,,Case Rate,"100 Percent of Medicaid APG. ",3386.66,,,,,,,Case Rate,"100% Medicare OPPS FS. ",3386.66,,,,,,,Case Rate,"100% Medicare OPPS FS. ",6593,,,,,,,Case Rate,". Primary procedure pays at 100%, secondary at 50%, all subsequent at 25%.  Lesser of applies when negotiated rates exceed charges less addons.",6593,,,,,,,Case Rate,". Primary procedure pays at 100%, secondary at 50%, all subsequent at 25%.  Lesser of applies when negotiated rates exceed charges less addons.",3386.66,,,,,,,Case Rate,"100% Medicare OPPS FS. ",6487,,,,,,,Case Rate,". MPL 100/50/25% maxmium of 3 procedures. All add ons apply, and lesser of 100% of billed charges",9024.56,,,,,,,Case Rate,". MPL 100/50/25% all add ons apply, and lesser of 100% of billed charges",9024.56,,,,,,,Case Rate,". MPL 100/50/25% all add ons apply, and lesser of 100% of billed charges",3386.66,,,,,,,Case Rate,"100% Medicare OPPS FS. ",6487,,,,,,,Case Rate,". MPL 100/50/25% maxmium of 3 procedures. All add ons apply, and lesser of 100% of billed charges",6593,,,,,,,Case Rate,". Primary procedure pays at 100%, secondary at 50%, all subsequent at 25%.  Lesser of applies when negotiated rates exceed charges less addons.",6593,,,,,,,Case Rate,". Primary procedure pays at 100%, secondary at 50%, all subsequent at 25%.  Lesser of applies when negotiated rates exceed charges less addons.",6593,,,,,,,Case Rate,". Primary procedure pays at 100%, secondary at 50%, all subsequent at 25%.  Lesser of applies when negotiated rates exceed charges less addons.",,78,,,,,0,percent of total billed charges,78% of Billed Charges. Lesser of 100% of billed charges applies.; No services were performed during the 15 month look back period.,,78,,,,,0,percent of total billed charges,78% of Billed Charges. Lesser of 100% of billed charges applies.; No services were performed during the 15 month look back period.,,78,,,,,0,percent of total billed charges,78% of Billed Charges. Lesser of 100% of billed charges applies.; No services were performed during the 15 month look back period.,,78,,,,,0,percent of total billed charges,78% of Billed Charges. Lesser of 100% of billed charges applies.; No services were performed during the 15 month look back period.,,78,,,,,0,percent of total billed charges,78% of Billed Charges. Lesser of 100% of billed charges applies.; No services were performed during the 15 month look back period.,,78,,,,,0,percent of total billed charges,78% of Billed Charges. Lesser of 100% of billed charges applies.; No services were performed during the 15 month look back period.,,78,,,,,0,percent of total billed charges,78% of Billed Charges. Lesser of 100% of billed charges applies.; No services were performed during the 15 month look back period.,,78,,,,,0,percent of total billed charges,78% of Billed Charges. Lesser of 100% of billed charges applies.; No services were performed during the 15 month look back period.,,78,,,,,0,percent of total billed charges,78% of Billed Charges. Lesser of 100% of billed charges applies.; No services were performed during the 15 month look back period.,,78,,,,,0,percent of total billed charges,78% of Billed Charges. Lesser of 100% of billed charges applies.; No services were performed during the 15 month look back period.,,78,,,,,0,percent of total billed charges,78% of Billed Charges. Lesser of 100% of billed charges applies.; No services were performed during the 15 month look back period.,12574,,,,,,,Case Rate,". Primary procedure pays at 100%, all subsequent at 50%.",10351,,,,,,,Case Rate,". MPL 100/50/25% all add ons apply, and lesser of 100% of billed charges",6487,,,,,,,Case Rate,". MPL 100/50/25% maxmium of 3 procedures. All add ons apply, and lesser of 100% of billed charges",3386.66,,,,,,,Case Rate,"100% Medicare OPPS FS. ",6593,,,,,,,Case Rate,". Primary procedure pays at 100%, secondary at 50%, all subsequent at 25%.  Lesser of applies when negotiated rates exceed charges less addons.",6487,,,,,,,Case Rate,". MPL 100/50/25% maxmium of 3 procedures. All add ons apply, and lesser of 100% of billed charges",6487,,,,,,,Case Rate,". MPL 100/50/25% maxmium of 3 procedures. All add ons apply, and lesser of 100% of billed charges",,78,,,,,0,percent of total billed charges,78% of Billed Charges. Lesser of 100% of billed charges applies.; No services were performed during the 15 month look back period.,3149.02,,,,,,,Case Rate,"214 Percent of Medicaid APG. Drugs not priced under APG, billed with revenue code 636 and not priced by Medicare ASP FeeSched will be reimbursed at 20% of charges.",6487,,,,,,,Case Rate,". MPL 100/50/25% maxmium of 3 procedures. All add ons apply, and lesser of 100% of billed charges",1471.5,,,,,,,Case Rate,"100 Percent of Medicaid APG. ",3386.66,,,,,,,Case Rate,"100% Medicare OPPS FS. ",3386.66,,,,,,,Case Rate,"100% Medicare OPPS FS. ",3386.66,,,,,,,Case Rate,"100% Medicare OPPS FS. ",3386.66,,,,,,,Case Rate,"100% Medicare OPPS FS. ",3386.66,,,,,,,Case Rate,"100% Medicare OPPS FS. ",3386.66,,,,,,,Case Rate,"100% Medicare OPPS FS. ",6487,,,,,,,Case Rate,". MPL 100/50/25% maxmium of 3 procedures. All add ons apply, and lesser of 100% of billed charges",25798,,,,,,,Case Rate,". MPL 100/75/50% all add ons apply, and lesser of 100% of billed charges",2648.71,,,,,,,Fee Schedule,"180 Percent of Medicaid APG. ",2648.71,,,,,,,Fee Schedule,"180 Percent of Medicaid APG. ",2648.71,,,,,,,Fee Schedule,"180 Percent of Medicaid APG. ",2648.71,,,,,,,Fee Schedule,"180 Percent of Medicaid APG. ",2648.71,,,,,,,Fee Schedule,"180 Percent of Medicaid APG. ",,,,,,,,,"NA. ",25798,,,,,,,Case Rate,". MPL 100/75/50% all add ons apply, and lesser of 100% of billed charges",6705.59,,,,,,,Case Rate,198 Percent of Medicare OPPS. Metroplus will reimburse unlisted codes and described codes with no Medicare rate at 50 percent of charges.,6705.59,,,,,,,Case Rate,198 Percent of Medicare OPPS. Metroplus will reimburse unlisted codes and described codes with no Medicare rate at 50 percent of charges.,6705.59,,,,,,,Case Rate,198 Percent of Medicare OPPS. Metroplus will reimburse unlisted codes and described codes with no Medicare rate at 50 percent of charges.,6705.59,,,,,,,Case Rate,198 Percent of Medicare OPPS. Metroplus will reimburse unlisted codes and described codes with no Medicare rate at 50 percent of charges.,6705.59,,,,,,,Case Rate,198 Percent of Medicare OPPS. Metroplus will reimburse unlisted codes and described codes with no Medicare rate at 50 percent of charges.,3386.66,,,,,,,Case Rate,"100% Medicare OPPS FS. ",12574,,,,,,,Case Rate,". Primary procedure pays at 100%, all subsequent at 50%.",12574,,,,,,,Case Rate,". Primary procedure pays at 100%, all subsequent at 50%.",12574,,,,,,,Case Rate,". Primary procedure pays at 100%, all subsequent at 50%.",12574,,,,,,,Case Rate,". Primary procedure pays at 100%, all subsequent at 50%.",6593,,,,,,,Case Rate,". Primary procedure pays at 100%, secondary at 50%, all subsequent at 25%.  Lesser of applies when negotiated rates exceed charges less addons.",6593,,,,,,,Case Rate,". Primary procedure pays at 100%, secondary at 50%, all subsequent at 25%.  Lesser of applies when negotiated rates exceed charges less addons.",6593,,,,,,,Case Rate,". Primary procedure pays at 100%, secondary at 50%, all subsequent at 25%.  Lesser of applies when negotiated rates exceed charges less addons.",6593,,,,,,,Case Rate,". Primary procedure pays at 100%, secondary at 50%, all subsequent at 25%.  Lesser of applies when negotiated rates exceed charges less addons.",25798,,,,,,,Case Rate,". MPL 100/75/50% all add ons apply, and lesser of 100% of billed charges",25798,,,,,,,Case Rate,". MPL 100/75/50% all add ons apply, and lesser of 100% of billed charges",3386.66,,,,,,,Case Rate,"100% Medicare OPPS FS. ",3386.66,,,,,,,Case Rate,"100% Medicare OPPS FS. ",3386.66,,,,,,,Case Rate,"100% Medicare OPPS FS. ",10351,,,,,,,Case Rate,". MPL 100/50/25% all add ons apply, and lesser of 100% of billed charges",10351,,,,,,,Case Rate,". MPL 100/50/25% all add ons apply, and lesser of 100% of billed charges",10351,,,,,,,Case Rate,". MPL 100/50/25% all add ons apply, and lesser of 100% of billed charges",25798,,,,,,,Case Rate,". MPL 100/75/50% all add ons apply, and lesser of 100% of billed charges",6593,,,,,,,Case Rate,". Primary procedure pays at 100%, secondary at 50%, all subsequent at 25%.  Lesser of applies when negotiated rates exceed charges less addons.",3386.66,,,,,,,Case Rate,"100% Medicare OPPS FS. ",10351,,,,,,,Case Rate,". MPL 100/50/25% all add ons apply, and lesser of 100% of billed charges",1471.5,,,,,,,Case Rate,"100 Percent of Medicaid APG. ",3454.4,,,,,,,Case Rate,"102% of Medicare OPPS. ",3454.4,,,,,,,Case Rate,"102% of Medicare OPPS. ",3454.4,,,,,,,Case Rate,"102% of Medicare OPPS. ",1471.5,,,,,,,Case rate,"100 Percent of Medicaid APG. ",3310.88,,,,,,,Case Rate,225% of NYS APG. Lesser of 100% of billed charges applies.,3310.88,,,,,,,Case Rate,225% of NYS APG. Lesser of 100% of billed charges applies.,3310.88,,,,,,,Case Rate,225% of NYS APG. Lesser of 100% of billed charges applies.,3310.88,,,,,,,Case Rate,225% of NYS APG. Lesser of 100% of billed charges applies.,3310.88,,,,,,,Case Rate,225% of NYS APG. Lesser of 100% of billed charges applies.,3454.4,,,,,,,Case Rate,"102% of Medicare OPPS. ",1471.5,,,,,,,Case Rate,"100 Percent of Medicaid APG. ",623.12,,,,,,,Case Rate,100% of PAS. Lesser of 100% of billed charges applies.,3310.88,,,,,,,Case Rate,225% of NYS APG. Lesser of 100% of billed charges applies.,3310.88,,,,,,,Case Rate,225% of NYS APG. Lesser of 100% of billed charges applies.,623.12,,,,,,,Case Rate,100% of PAS. Lesser of 100% of billed charges applies.,623.12,,,,,,,Case Rate,100% of PAS. Lesser of 100% of billed charges applies.,2648.71,,,,,,,Fee Schedule,"180 Percent of Medicaid APG. ",3386.66,,,,,,,Case Rate,"100% Medicare OPPS FS. ",3386.66,,,,,,,Case Rate,"100% Medicare OPPS FS. ",6593,,,,,,,Case Rate,". Primary procedure pays at 100%, secondary at 50%, all subsequent at 25%.  Lesser of applies when negotiated rates exceed charges less addons.",3386.66,,,,,,,Case Rate,"100% Medicare OPPS FS. ",3310.88,,,,,,,Case Rate,"225 Percent of Medicaid APG. ",3310.88,,,,,,,Case Rate,"225 Percent of Medicaid APG. ",1471.5,,,,,,,Case rate,"100 Percent of Medicaid APG. ",1471.5,,,,,,,Case rate,"100 Percent of Medicaid APG. ",3310.88,,,,,,,Case Rate,225 Percent of Medicaid APG. Covered services not payable under Medicaid Fee Schedules default to a payment of 87.5 percent of charges.,1471.5,,,,,,,Case rate,124 Percent of Medicaid APG. Covered services not payable under Medicaid Fee Schedules default to a payment of 50 percent of charges.,3310.88,,,,,,,Case Rate,"100 Percent of Medicaid APG. ",3310.88,,,,,,,Case Rate,"100 Percent of Medicaid APG. ",3310.88,,,,,,,Case Rate,"100 Percent of Medicaid APG. ",3310.88,,,,,,,Case Rate,"100 Percent of Medicaid APG. ",13453,,,,,,,Case Rate,". MPL 100/75/50% all add ons apply, and lesser of 100% of billed charges",25798,,,,,,,Case Rate,". MPL 100/75/50% all add ons apply, and lesser of 100% of billed charges",1765.8,,,,,,,Case Rate,"120 Percent of Medicaid APG. Not APG payable, or payable under another fee schedule like ASP/AWP pays at 30% of charges",1765.8,,,,,,,Case Rate,"120 Percent of Medicaid APG. Not APG payable, or payable under another fee schedule like ASP/AWP pays at 30% of charges",1471.5,,,,,,,Case Rate,"100 Percent of Medicaid APG. Not APG payable, or payable under another fee schedule like ASP/AWP pays at 30% of charges",1471.5,,,,,,,Case Rate,"100 Percent of Medicaid APG. Not APG payable, or payable under another fee schedule like ASP/AWP pays at 30% of charges",10351,,,,,,,Case Rate,". MPL 100/50/25% all add ons apply, and lesser of 100% of billed charges",10351,,,,,,,Case Rate,". MPL 100/50/25% all add ons apply, and lesser of 100% of billed charges",3386.66,,,,,,,Case Rate,"100% Medicare OPPS FS. ",10351,,,,,,,Case Rate,". MPL 100/50/25% all add ons apply, and lesser of 100% of billed charges",10351,,,,,,,Case Rate,". MPL 100/50/25% all add ons apply, and lesser of 100% of billed charges",10351,,,,,,,Case Rate,". MPL 100/50/25% all add ons apply, and lesser of 100% of billed charges",10351,,,,,,,Case Rate,". MPL 100/50/25% all add ons apply, and lesser of 100% of billed charges",3386.66,,,,,,,Case Rate,"100% Medicare OPPS FS. ",10351,,,,,,,Case Rate,". MPL 100/50/25% all add ons apply, and lesser of 100% of billed charges",10351,,,,,,,Case Rate,". MPL 100/50/25% all add ons apply, and lesser of 100% of billed charges",6593,,,,,,,Case Rate,". Primary procedure pays at 100%, secondary at 50%, all subsequent at 25%.  Lesser of applies when negotiated rates exceed charges less addons.",1471.5,,,,,,,Fee Schedule,100% APG. Lesser of 100% of billed charges applies.,1471.5,,,,,,,Case rate,124 Percent of Medicaid APG. Covered services not payable under Medicaid Fee Schedules default to a payment of 50 percent of charges.,3310.88,,,,,,,Case Rate,225% of NYS APG. Lesser of 100% of billed charges applies.,3310.88,,,,,,,Case Rate,225 Percent of Medicaid APG. Covered services not payable under Medicaid Fee Schedules default to a payment of 87.5 percent of charges.,1471.5,,,,,,,Case rate,124 Percent of Medicaid APG. Covered services not payable under Medicaid Fee Schedules default to a payment of 50 percent of charges.,3310.88,,,,,,,Case Rate,225% of NYS APG. Lesser of 100% of billed charges applies.,3310.88,,,,,,,Case Rate,225% of NYS APG. Lesser of 100% of billed charges applies.,3310.88,,,,,,,Case Rate,225% of NYS APG. Lesser of 100% of billed charges applies.,3310.88,,,,,,,Case Rate,225% of NYS APG. Lesser of 100% of billed charges applies.,3310.88,,,,,,,Case Rate,225% of NYS APG. Lesser of 100% of billed charges applies.,3310.88,,,,,,,Case Rate,225% of NYS APG. Lesser of 100% of billed charges applies.,,,,,,,,,"NA. ",,,,,,,,,"NA. ",,,,,,,,,"NA. ",6487,,,,,,,Case Rate,". MPL 100/50/25% maxmium of 3 procedures. All add ons apply, and lesser of 100% of billed charges",,,,,,,,,"NA. ",3386.66,,,,,,,Case Rate,"100% Medicare OPPS FS. ",3681,,,,,,,Case Rate,". MPL 1st 100% of Payment Rate 50% of all others, all add ons apply, and lesser of 100% of billed charges.",3386.66,,,,,,,Case Rate,"100% Medicare OPPS FS. ",3386.66,,,,,,,Case Rate,"100% Medicare OPPS FS. ",1765.8,,,,,,,Case Rate,"120 Percent of Medicaid APG. Not APG payable, or payable under another fee schedule like ASP/AWP pays at 30% of charges",1765.8,,,,,,,Case Rate,"120 Percent of Medicaid APG. Not APG payable, or payable under another fee schedule like ASP/AWP pays at 30% of charges",1471.5,,,,,,,Case Rate,"100 Percent of Medicaid APG. Not APG payable, or payable under another fee schedule like ASP/AWP pays at 30% of charges",1471.5,,,,,,,Case Rate,"100 Percent of Medicaid APG. Not APG payable, or payable under another fee schedule like ASP/AWP pays at 30% of charges",1471.5,,,,,,,Case Rate,"100 Percent of Medicaid APG. ",7163,,,,,,,Case Rate,". ",6593,,,,,,,Case Rate,". Primary procedure pays at 100%, secondary at 50%, all subsequent at 25%.  Lesser of applies when negotiated rates exceed charges less addons.",8427,,,,,,,Case Rate,". Primary procedure pays at 100%, all subsequent at 50%.",6487,,,,,,,Case Rate,". MPL 100/50/25% maxmium of 3 procedures. All add ons apply, and lesser of 100% of billed charges",3386.66,,,,,,,Case Rate,"100%Medicare OPPS FS. ",3386.66,,,,,,,Case Rate,"100% Medicare OPPS FS. ",3386.66,,,,,,,Case Rate,"100% Medicare OPPS FS. ",3386.66,,,,,,,Case Rate,"100% Medicare OPPS FS. ",3386.66,,,,,,,Case Rate,"100%Medicare OPPS FS. ",3386.66,,,,,,,Case Rate,"100% Medicare OPPS FS. ",,,,,,,,,"NA. ",3310.88,,,,,,,Case Rate,225% of NYS APG. Lesser of 100% of billed charges applies.,623.12,,,,,,,Case Rate,100% of PAS. Lesser of 100% of billed charges applies.,10351,,,,,,,Case Rate,". MPL 100/50/25% all add ons apply, and lesser of 100% of billed charges",7163,,,,,,,Case Rate,". ",7163,,,,,,,Case Rate,". ",7163,,,,,,,Case Rate,". ",7163,,,,,,,Case Rate,". ",3386.66,,,,,,,Case Rate,"100% Medicare OPPS FS. ",1471.5,,,,,,,Case Rate,"100 Percent of Medicaid APG. ",10351,,,,,,,Case Rate,". MPL 100/50/25% all add ons apply, and lesser of 100% of billed charges",1471.5,,,,,,,Case Rate,"100 Percent of Medicaid APG. ",3386.66,,,,,,,Case Rate,"100% Medicare OPPS FS. ",1471.5,,,,,,,Case Rate,"100 Percent of Medicaid APG. ",3386.66,,,,,,,Case Rate,"100% Medicare OPPS FS. ",3386.66,,,,,,,Case Rate,"100% Medicare OPPS FS. ",1471.5,,,,,,,Case Rate,"100 Percent of Medicaid APG. ",1471.5,,,,,,,Case Rate,"100 Percent of Medicaid APG. ",7163,,,,,,,Case Rate,". ",6487,,,,,,,Case Rate,". MPL 100/50/25% maxmium of 3 procedures. All add ons apply, and lesser of 100% of billed charges",,78,,,,,0,percent of total billed charges,78% of Billed Charges. Lesser of 100% of billed charges applies.; No services were performed during the 15 month look back period.,9024.56,,,,,,,Case Rate,". MPL 100/50/25% all add ons apply, and lesser of 100% of billed charges",9024.56,,,,,,,Case Rate,". MPL 100/50/25% all add ons apply, and lesser of 100% of billed charges",6593,,,,,,,Case Rate,". Primary procedure pays at 100%, secondary at 50%, all subsequent at 25%.  Lesser of applies when negotiated rates exceed charges less addons.",1154.1,,,,,,,Case Rate,"83% HF Fee schedule. ",12574,,,,,,,Case Rate,". Primary procedure pays at 100%, all subsequent at 50%.",12574,,,,,,,Case Rate,". Primary procedure pays at 100%, all subsequent at 50%.",8281,,,,,,,Case Rate,". MPL 100/50/25% all add ons apply, and lesser of 100% of billed charges",8281,,,,,,,Case Rate,". MPL 100/50/25% all add ons apply, and lesser of 100% of billed charges",3386.66,,,,,,,Case Rate,"100% Medicare OPPS FS. ",3386.66,,,,,,,Case Rate,"100% Medicare OPPS FS. ",3386.66,,,,,,,Case Rate,"100% Medicare OPPS FS. ",3386.66,,,,,,,Case Rate,"100% Medicare OPPS FS. ",9024.56,,,,,,,Case Rate,". MPL 100/50/25% all add ons apply, and lesser of 100% of billed charges",10351,,,,,,,Case Rate,". MPL 100/50/25% all add ons apply, and lesser of 100% of billed charges",10351,,,,,,,Case Rate,". MPL 100/50/25% all add ons apply, and lesser of 100% of billed charges",3386.66,,,,,,,Case Rate,"100% Medicare OPPS FS. ",8281,,,,,,,Case Rate,". MPL 100/50/25% all add ons apply, and lesser of 100% of billed charges",8427,,,,,,,Case Rate,". Primary procedure pays at 100%, all subsequent at 50%.",1765.8,,,,,,,Fee Schedule,"120 Percent of Medicaid APG. ",1471.5,,,,,,,Case Rate,"100 Percent of Medicaid APG. ",7163,,,,,,,Case Rate,". ",9316,,,,,,,Case Rate,". MPL 100/50/25% all add ons apply, and lesser of 100% of billed charges",9316,,,,,,,Case Rate,". MPL 100/50/25% all add ons apply, and lesser of 100% of billed charges",10351,,,,,,,Case Rate,". MPL 100/50/25% all add ons apply, and lesser of 100% of billed charges",14948,,,,,,,Case Rate,". MPL 100/75/50% all add ons apply, and lesser of 100% of billed charges",3386.66,,,,,,,Case Rate,"100%Medicare OPPS FS. ",1545.08,,,,,,,Fee Schedule,105 percent of Medicaid APG. otherwise 105% of Ordered NYS MCD FS or 105% of ASP+6%,1545.08,,,,,,,Fee Schedule,105 percent of Medicaid APG. otherwise 105% of Ordered NYS MCD FS or 105% of ASP+6%,1545.08,,,,,,,Fee Schedule,105 percent of Medicaid APG. otherwise 105% of Ordered NYS MCD FS or 105% of ASP+6%,1986.53,,,,,,,Fee Schedule,135 percent of Medicaid APG. otherwise 135% of Ordered NYS MCD FS or 135% of ASP+6%,9024.56,,,,,,,Case Rate,". MPL 100/50/25% all add ons apply, and lesser of 100% of billed charges",1545.08,,,,,,,Fee Schedule,105 percent of Medicaid APG. otherwise 105% of Ordered NYS MCD FS or 105% of ASP+6%,1545.08,,,,,,,Fee Schedule,105 percent of Medicaid APG. otherwise 105% of Ordered NYS MCD FS or 105% of ASP+6%,1545.08,,,,,,,Fee Schedule,105 percent of Medicaid APG. otherwise 105% of Ordered NYS MCD FS or 105% of ASP+6%,1545.08,,,,,,,Fee Schedule,105 percent of Medicaid APG. otherwise 105% of Ordered NYS MCD FS or 105% of ASP+6%,1545.08,,,,,,,Fee Schedule,105 percent of Medicaid APG. otherwise 105% of Ordered NYS MCD FS or 105% of ASP+6%,1986.53,,,,,,,Fee Schedule,135 percent of Medicaid APG. otherwise 135% of Ordered NYS MCD FS or 135% of ASP+6%,1986.53,,,,,,,Fee Schedule,135 percent of Medicaid APG. otherwise 135% of Ordered NYS MCD FS or 135% of ASP+6%,3386.66,,,,,,,Case Rate,"100% Medicare OPPS FS. ",9024.56,,,,,,,Case Rate,". MPL 100/50/25% all add ons apply, and lesser of 100% of billed charges",3386.66,,,,,,,Case Rate,"100% Medicare OPPS FS. ",1545.08,,,,,,,Fee Schedule,105 percent of Medicaid APG. otherwise 105% of Ordered NYS MCD FS or 105% of ASP+6%,10351,,,,,,,Case Rate,". MPL 100/50/25% all add ons apply, and lesser of 100% of billed charges",3386.66,,,,,,,Case Rate,"100% Medicare OPPS FS. ",10351,,,,,,,Case Rate,". MPL 100/50/25% all add ons apply, and lesser of 100% of billed charges",10351,,,,,,,Case Rate,". MPL 100/50/25% all add ons apply, and lesser of 100% of billed charges",10351,,,,,,,Case Rate,". MPL 100/50/25% all add ons apply, and lesser of 100% of billed charges",1545.08,,,,,,,Fee Schedule,105 percent of Medicaid APG. otherwise 105% of Ordered NYS MCD FS or 105% of ASP+6%,3386.66,,,,,,,Case Rate,"100% Medicare OPPS FS. ",10351,,,,,,,Case Rate,". MPL 100/50/25% all add ons apply, and lesser of 100% of billed charges",1986.53,,,,,,,Fee Schedule,135 percent of Medicaid APG. otherwise 135% of Ordered NYS MCD FS or 135% of ASP+6%,10351,,,,,,,Case Rate,". MPL 100/50/25% all add ons apply, and lesser of 100% of billed charges",,200,,,,,0,Case Rate,200% of Medicare OPPS. ; No services were performed during the 15 month look back period.,3386.66,,,,,,,Case Rate,"100%Medicare OPPS FS. ",7163,,,,,,,Case Rate,". ",7163,,,,,,,Case Rate,". ",7163,,,,,,,Case Rate,". ",7163,,,,,,,Case Rate,". ",7163,,,,,,,Case Rate,". ",8427,,,,,,,Case Rate,". Primary procedure pays at 100%, all subsequent at 50%.",8427,,,,,,,Case Rate,". Primary procedure pays at 100%, all subsequent at 50%.",7163,,,,,,,Case Rate,". ",7163,,,,,,,Case Rate,". ",7163,,,,,,,Case Rate,". ",7163,,,,,,,Case Rate,". ",7163,,,,,,,Case Rate,". ",3386.66,,,,,,,Case Rate,"100% Medicare OPPS FS. ",8427,,,,,,,Case Rate,". Primary procedure pays at 100%, all subsequent at 50%.",3386.66,,,,,,,Case Rate,"100% Medicare OPPS FS. ",3310.88,,,,,,,Case Rate,"225 Percent of Medicaid APG. If not included in Medicaid APG, then 100 Percent of Manhattan Medicare",1471.5,,,,,,,Case Rate,"100 Percent of Medicaid APG. ",9024.56,,,,,,,Case Rate,". MPL 100/50/25% all add ons apply, and lesser of 100% of billed charges",9024.56,,,,,,,Case Rate,". MPL 100/50/25% all add ons apply, and lesser of 100% of billed charges",3386.66,,,,,,,Case Rate,"100% Medicare OPPS FS. ",12574,,,,,,,Case Rate,". Primary procedure pays at 100%, all subsequent at 50%.",3386.66,,,,,,,Case Rate,"100% Medicare OPPS FS. ",3386.66,,,,,,,Case Rate,"100% Medicare OPPS FS. ",6593,,,,,,,Case Rate,". Primary procedure pays at 100%, secondary at 50%, all subsequent at 25%.  Lesser of applies when negotiated rates exceed charges less addons.",3386.66,,,,,,,Case Rate,"100% Medicare OPPS FS. ",6487,,,,,,,Case Rate,". MPL 100/50/25% maxmium of 3 procedures. All add ons apply, and lesser of 100% of billed charges",3386.66,,,,,,,Case Rate,"100% Medicare OPPS FS. ",6487,,,,,,,Case Rate,". MPL 100/50/25% maxmium of 3 procedures. All add ons apply, and lesser of 100% of billed charges",6593,,,,,,,Case Rate,". Primary procedure pays at 100%, secondary at 50%, all subsequent at 25%.  Lesser of applies when negotiated rates exceed charges less addons.",6487,,,,,,,Case Rate,". MPL 100/50/25% maxmium of 3 procedures. All add ons apply, and lesser of 100% of billed charges",3386.66,,,,,,,Case Rate,"100% Medicare OPPS FS. ",1471.5,,,,,,,Case Rate,"100 Percent of Medicaid APG. ",3386.66,,,,,,,Case Rate,"100% Medicare OPPS FS. ",6487,,,,,,,Case Rate,". MPL 100/50/25% maxmium of 3 procedures. All add ons apply, and lesser of 100% of billed charges",9024.56,,,,,,,Case Rate,". MPL 100/50/25% all add ons apply, and lesser of 100% of billed charges",1471.5,,,,,,,Case Rate,"100 Percent of Medicaid APG. ",10351,,,,,,,Case Rate,". MPL 100/50/25% all add ons apply, and lesser of 100% of billed charges",1765.8,,,,,,,Fee Schedule,"120 Percent of Medicaid APG. ",1765.8,,,,,,,Fee Schedule,"120 Percent of Medicaid APG. ",10351,,,,,,,Case Rate,". MPL 100/50/25% all add ons apply, and lesser of 100% of billed charges",10351,,,,,,,Case Rate,". MPL 100/50/25% all add ons apply, and lesser of 100% of billed charges",10351,,,,,,,Case Rate,". MPL 100/50/25% all add ons apply, and lesser of 100% of billed charges",9024.56,,,,,,,Case Rate,". MPL 100/50/25% all add ons apply, and lesser of 100% of billed charges",10351,,,,,,,Case Rate,". MPL 100/50/25% all add ons apply, and lesser of 100% of billed charges",10351,,,,,,,Case Rate,". MPL 100/50/25% all add ons apply, and lesser of 100% of billed charges",10351,,,,,,,Case Rate,". MPL 100/50/25% all add ons apply, and lesser of 100% of billed charges",7163,,,,,,,Case Rate,". ",7163,,,,,,,Case Rate,". ",6705.59,,,,,,,Case Rate,198 Percent of Medicare OPPS. Metroplus will reimburse unlisted codes and described codes with no Medicare rate at 50 percent of charges.,1471.5,,,,,,,Case Rate,"100 Percent of Medicaid APG. ",9024.56,,,,,,,Case Rate,". MPL 100/50/25% all add ons apply, and lesser of 100% of billed charges",6487,,,,,,,Case Rate,". MPL 100/50/25% maxmium of 3 procedures. All add ons apply, and lesser of 100% of billed charges",6593,,,,,,,Case Rate,". Primary procedure pays at 100%, secondary at 50%, all subsequent at 25%.  Lesser of applies when negotiated rates exceed charges less addons.",9024.56,,,,,,,Case Rate,". MPL 100/50/25% all add ons apply, and lesser of 100% of billed charges",6593,,,,,,,Case Rate,". Primary procedure pays at 100%, secondary at 50%, all subsequent at 25%.  Lesser of applies when negotiated rates exceed charges less addons.",9024.56,,,,,,,Case Rate,". MPL 100/50/25% all add ons apply, and lesser of 100% of billed charges",10351,,,,,,,Case Rate,". MPL 100/50/25% all add ons apply, and lesser of 100% of billed charges",10351,,,,,,,Case Rate,". MPL 100/50/25% all add ons apply, and lesser of 100% of billed charges",10351,,,,,,,Case Rate,". MPL 100/50/25% all add ons apply, and lesser of 100% of billed charges",10351,,,,,,,Case Rate,". MPL 100/50/25% all add ons apply, and lesser of 100% of billed charges",3386.66,,,,,,,Case Rate,"100% Medicare OPPS FS. ",623.12,25798,
24500,CPT,2023162,LOCAL,361,RC,HC CL TX HUMERUS FX WO MANIP,2845.11,540.5709,both,,,,3681,,,,,,,Case Rate,". MPL 1st 100% of Payment Rate 50% of all others, all add ons apply, and lesser of 100% of billed charges.",3681,,,,,,,Case Rate,". MPL 1st 100% of Payment Rate 50% of all others, all add ons apply, and lesser of 100% of billed charges.",6593,,,,,,,Case Rate,". Primary procedure pays at 100%, secondary at 50%, all subsequent at 25%.  Lesser of applies when negotiated rates exceed charges less addons.",2845.11,100,,,,,0,percent of total billed charges,100 percent of billed charges. ; No services were performed during the 15 month look back period.,283.85,,,,,,,Case Rate,"100% Medicare OPPS FS. ",6593,,,,,,,Case Rate,". Primary procedure pays at 100%, secondary at 50%, all subsequent at 25%.  Lesser of applies when negotiated rates exceed charges less addons.",6593,,,,,,,Case Rate,". Primary procedure pays at 100%, secondary at 50%, all subsequent at 25%.  Lesser of applies when negotiated rates exceed charges less addons.",6593,,,,,,,Case Rate,". Primary procedure pays at 100%, secondary at 50%, all subsequent at 25%.  Lesser of applies when negotiated rates exceed charges less addons.",900.71,,,,,,,Case Rate,"100 Percent of Medicaid APG. ",750.59,,,,,,,Case Rate,"100 Percent of Medicaid APG. ",2219.1858,78,,,,,0,percent of total billed charges,78% of Billed Charges. Lesser of 100% of billed charges applies.; No services were performed during the 15 month look back period.,34807.47,,,,,,,Case Rate,". MPL 100/50/25% all add ons apply, and lesser of 100% of billed charges",750.59,,,,,,,Case Rate,"100 Percent of Medicaid APG. ",283.85,,,,,,,Case Rate,"100% Medicare OPPS FS. ",6487,,,,,,,Case Rate,". MPL 100/50/25% maxmium of 3 procedures. All add ons apply, and lesser of 100% of billed charges",6487,,,,,,,Case Rate,". MPL 100/50/25% maxmium of 3 procedures. All add ons apply, and lesser of 100% of billed charges",6487,,,,,,,Case Rate,". MPL 100/50/25% maxmium of 3 procedures. All add ons apply, and lesser of 100% of billed charges",6487,,,,,,,Case Rate,". MPL 100/50/25% maxmium of 3 procedures. All add ons apply, and lesser of 100% of billed charges",750.59,,,,,,,Case rate,124 Percent of Medicaid APG. Covered services not payable under Medicaid Fee Schedules default to a payment of 50 percent of charges.,283.85,,,,,,,Case Rate,"100% Medicare OPPS FS. ",750.59,,,,,,,Case rate,124 Percent of Medicaid APG. Covered services not payable under Medicaid Fee Schedules default to a payment of 50 percent of charges.,2219.1858,78,,,,,0,percent of total billed charges,78% of Billed Charges. Lesser of 100% of billed charges applies.; No services were performed during the 15 month look back period.,6593,,,,,,,Case Rate,". Primary procedure pays at 100%, secondary at 50%, all subsequent at 25%.  Lesser of applies when negotiated rates exceed charges less addons.",283.85,,,,,,,Case Rate,"100%Medicare OPPS FS. ",2076.9303,73,,,,,0,percent of total billed charges,73 percent of billed charges; No services were performed during the 15 month look back period.,283.85,,,,,,,Case Rate,"100%Medicare OPPS FS. ",283.85,,,,,,,Case Rate,"100%Medicare OPPS FS. ",2219.1858,78,,,,,0,percent of total billed charges,78% of Billed Charges. Lesser of 100% of billed charges applies.; No services were performed during the 15 month look back period.,132.04,,,,,,,Case Rate,100% of PAS. Lesser of 100% of billed charges applies.,132.04,,,,,,,Case Rate,100% of PAS. Lesser of 100% of billed charges applies.,750.59,,,,,,,Case rate,"100 Percent of Medicaid APG. ",750.59,,,,,,,Case rate,"100 Percent of Medicaid APG. ",2076.9303,73,,,,,0,percent of total billed charges,73 percent of billed charges; No services were performed during the 15 month look back period.,2076.9303,73,,,,,0,percent of total billed charges,73 percent of billed charges; No services were performed during the 15 month look back period.,750.59,,,,,,,Case Rate,"100 Percent of Medicaid APG. Not APG payable, or payable under another fee schedule like ASP/AWP pays at 30% of charges",2076.9303,73,,,,,0,percent of total billed charges,73 percent of billed charges; No services were performed during the 15 month look back period.,750.59,,,,,,,Case Rate,"100 Percent of Medicaid APG. Not APG payable, or payable under another fee schedule like ASP/AWP pays at 30% of charges",283.85,,,,,,,Case Rate,"100%Medicare OPPS FS. ",2076.9303,73,,,,,0,percent of total billed charges,73 percent of billed charges; No services were performed during the 15 month look back period.,2219.1858,78,,,,,0,percent of total billed charges,78% of Billed Charges. Lesser of 100% of billed charges applies.; No services were performed during the 15 month look back period.,750.59,,,,,,,Case Rate,"100 Percent of Medicaid APG. ",750.59,,,,,,,Case Rate,"100 Percent of Medicaid APG. ",2219.1858,78,,,,,0,percent of total billed charges,78% of Billed Charges. Lesser of 100% of billed charges applies.; No services were performed during the 15 month look back period.,6487,,,,,,,Case Rate,". MPL 100/50/25% maxmium of 3 procedures. All add ons apply, and lesser of 100% of billed charges",30000,,,,,,,Case Rate,". MPL 100/50/25% all add ons apply, and lesser of 100% of billed charges",30000,,,,,,,Case Rate,". MPL 100/50/25% all add ons apply, and lesser of 100% of billed charges",2219.1858,78,,,,,0,percent of total billed charges,78% of Billed Charges. Lesser of 100% of billed charges applies.; No services were performed during the 15 month look back period.,283.85,,,,,,,Case Rate,"100% Medicare OPPS FS. ",34807.47,,,,,,,Case Rate,". MPL 100/50/25% all add ons apply, and lesser of 100% of billed charges",34807.47,,,,,,,Case Rate,". MPL 100/50/25% all add ons apply, and lesser of 100% of billed charges",34807.47,,,,,,,Case Rate,". MPL 100/50/25% all add ons apply, and lesser of 100% of billed charges",283.85,,,,,,,Case Rate,"100% Medicare OPPS FS. ",34807.47,,,,,,,Case Rate,". MPL 100/50/25% all add ons apply, and lesser of 100% of billed charges",34807.47,,,,,,,Case Rate,". MPL 100/50/25% all add ons apply, and lesser of 100% of billed charges",283.85,,,,,,,Case Rate,"100% of Medicare OPPS. ",27121,,,,,,,Case Rate,". MPL 100/75/50% all add ons apply, and lesser of 100% of billed charges",4100,,,,,,,Case Rate,". MPL 100/50/25% all add ons apply, and lesser of 100% of billed charges",4100,,,,,,,Case Rate,". MPL 100/50/25% all add ons apply, and lesser of 100% of billed charges",4100,,,,,,,Case Rate,". MPL 100/50/25% all add ons apply, and lesser of 100% of billed charges",4100,,,,,,,Case Rate,". MPL 100/50/25% all add ons apply, and lesser of 100% of billed charges",4100,,,,,,,Case Rate,". MPL 100/50/25% all add ons apply, and lesser of 100% of billed charges",4100,,,,,,,Case Rate,". MPL 100/50/25% all add ons apply, and lesser of 100% of billed charges",283.85,,,,,,,Case Rate,"100% Medicare OPPS FS. ",283.85,,,,,,,Case Rate,"100% Medicare OPPS FS. ",4100,,,,,,,Case Rate,". MPL 100/50/25% all add ons apply, and lesser of 100% of billed charges",2219.1858,78,,,,,0,percent of total billed charges,78% of Billed Charges. Lesser of 100% of billed charges applies.; No services were performed during the 15 month look back period.,2219.1858,78,,,,,0,percent of total billed charges,78% of Billed Charges. Lesser of 100% of billed charges applies.; No services were performed during the 15 month look back period.,2219.1858,78,,,,,0,percent of total billed charges,78% of Billed Charges. Lesser of 100% of billed charges applies.; No services were performed during the 15 month look back period.,2219.1858,78,,,,,0,percent of total billed charges,78% of Billed Charges. Lesser of 100% of billed charges applies.; No services were performed during the 15 month look back period.,2219.1858,78,,,,,0,percent of total billed charges,78% of Billed Charges. Lesser of 100% of billed charges applies.; No services were performed during the 15 month look back period.,2219.1858,78,,,,,0,percent of total billed charges,78% of Billed Charges. Lesser of 100% of billed charges applies.; No services were performed during the 15 month look back period.,2219.1858,78,,,,,0,percent of total billed charges,78% of Billed Charges. Lesser of 100% of billed charges applies.; No services were performed during the 15 month look back period.,2219.1858,78,,,,,0,percent of total billed charges,78% of Billed Charges. Lesser of 100% of billed charges applies.; No services were performed during the 15 month look back period.,2219.1858,78,,,,,0,percent of total billed charges,78% of Billed Charges. Lesser of 100% of billed charges applies.; No services were performed during the 15 month look back period.,2219.1858,78,,,,,0,percent of total billed charges,78% of Billed Charges. Lesser of 100% of billed charges applies.; No services were performed during the 15 month look back period.,2219.1858,78,,,,,0,percent of total billed charges,78% of Billed Charges. Lesser of 100% of billed charges applies.; No services were performed during the 15 month look back period.,2219.1858,78,,,,,0,percent of total billed charges,78% of Billed Charges. Lesser of 100% of billed charges applies.; No services were performed during the 15 month look back period.,2219.1858,78,,,,,0,percent of total billed charges,78% of Billed Charges. Lesser of 100% of billed charges applies.; No services were performed during the 15 month look back period.,2219.1858,78,,,,,0,percent of total billed charges,78% of Billed Charges. Lesser of 100% of billed charges applies.; No services were performed during the 15 month look back period.,2219.1858,78,,,,,0,percent of total billed charges,78% of Billed Charges. Lesser of 100% of billed charges applies.; No services were performed during the 15 month look back period.,2219.1858,78,,,,,0,percent of total billed charges,78% of Billed Charges. Lesser of 100% of billed charges applies.; No services were performed during the 15 month look back period.,2219.1858,78,,,,,0,percent of total billed charges,78% of Billed Charges. Lesser of 100% of billed charges applies.; No services were performed during the 15 month look back period.,2219.1858,78,,,,,0,percent of total billed charges,78% of Billed Charges. Lesser of 100% of billed charges applies.; No services were performed during the 15 month look back period.,2219.1858,78,,,,,0,percent of total billed charges,78% of Billed Charges. Lesser of 100% of billed charges applies.; No services were performed during the 15 month look back period.,2219.1858,78,,,,,0,percent of total billed charges,78% of Billed Charges. Lesser of 100% of billed charges applies.; No services were performed during the 15 month look back period.,2219.1858,78,,,,,0,percent of total billed charges,78% of Billed Charges. Lesser of 100% of billed charges applies.; No services were performed during the 15 month look back period.,2219.1858,78,,,,,0,percent of total billed charges,78% of Billed Charges. Lesser of 100% of billed charges applies.; No services were performed during the 15 month look back period.,2219.1858,78,,,,,0,percent of total billed charges,78% of Billed Charges. Lesser of 100% of billed charges applies.; No services were performed during the 15 month look back period.,2219.1858,78,,,,,0,percent of total billed charges,78% of Billed Charges. Lesser of 100% of billed charges applies.; No services were performed during the 15 month look back period.,2219.1858,78,,,,,0,percent of total billed charges,78% of Billed Charges. Lesser of 100% of billed charges applies.; No services were performed during the 15 month look back period.,2219.1858,78,,,,,0,percent of total billed charges,78% of Billed Charges. Lesser of 100% of billed charges applies.; No services were performed during the 15 month look back period.,2076.9303,73,,,,,0,percent of total billed charges,73 percent of billed charges; No services were performed during the 15 month look back period.,2076.9303,73,,,,,0,percent of total billed charges,73 percent of billed charges; No services were performed during the 15 month look back period.,2076.9303,73,,,,,0,percent of total billed charges,73 percent of billed charges; No services were performed during the 15 month look back period.,2076.9303,73,,,,,0,percent of total billed charges,73 percent of billed charges; No services were performed during the 15 month look back period.,12574,,,,,,,Case Rate,". Primary procedure pays at 100%, all subsequent at 50%.",12574,,,,,,,Case Rate,". Primary procedure pays at 100%, all subsequent at 50%.",6487,,,,,,,Case Rate,". MPL 100/50/25% maxmium of 3 procedures. All add ons apply, and lesser of 100% of billed charges",4100,,,,,,,Case Rate,". MPL 100/50/25% all add ons apply, and lesser of 100% of billed charges",34807.47,,,,,,,Case Rate,". MPL 100/50/25% all add ons apply, and lesser of 100% of billed charges",4100,,,,,,,Case Rate,". MPL 100/50/25% all add ons apply, and lesser of 100% of billed charges",2219.1858,78,,,,,0,percent of total billed charges,78% of Billed Charges. Lesser of 100% of billed charges applies.; No services were performed during the 15 month look back period.,12574,,,,,,,Case Rate,". Primary procedure pays at 100%, all subsequent at 50%.",4100,,,,,,,Case Rate,". MPL 100/50/25% all add ons apply, and lesser of 100% of billed charges",34807.47,,,,,,,Case Rate,". MPL 100/50/25% all add ons apply, and lesser of 100% of billed charges",6487,,,,,,,Case Rate,". MPL 100/50/25% maxmium of 3 procedures. All add ons apply, and lesser of 100% of billed charges",,,,,,,,,"NA. ",2219.1858,78,,,,,0,percent of total billed charges,78% of Billed Charges. Lesser of 100% of billed charges applies.; No services were performed during the 15 month look back period.,750.59,,,,,,,Case Rate,"100 Percent of Medicaid APG. ",2076.9303,73,,,,,0,percent of total billed charges,73 percent of billed charges; No services were performed during the 15 month look back period.,750.59,,,,,,,Case Rate,"100 Percent of Medicaid APG. Not APG payable, or payable under another fee schedule like ASP/AWP pays at 30% of charges",283.85,,,,,,,Case Rate,"100%Medicare OPPS FS. ",283.85,,,,,,,Case Rate,"100% Medicare OPPS FS. ",27121,,,,,,,Case Rate,". MPL 100/75/50% all add ons apply, and lesser of 100% of billed charges",283.85,,,,,,,Case Rate,"100% Medicare OPPS FS. ",283.85,,,,,,,Case Rate,"100% Medicare OPPS FS. ",750.59,,,,,,,Case Rate,"100 Percent of Medicaid APG. ",283.85,,,,,,,Case Rate,"100% Medicare OPPS FS. ",283.85,,,,,,,Case Rate,"100% Medicare OPPS FS. ",6593,,,,,,,Case Rate,". Primary procedure pays at 100%, secondary at 50%, all subsequent at 25%.  Lesser of applies when negotiated rates exceed charges less addons.",6593,,,,,,,Case Rate,". Primary procedure pays at 100%, secondary at 50%, all subsequent at 25%.  Lesser of applies when negotiated rates exceed charges less addons.",283.85,,,,,,,Case Rate,"100% Medicare OPPS FS. ",6487,,,,,,,Case Rate,". MPL 100/50/25% maxmium of 3 procedures. All add ons apply, and lesser of 100% of billed charges",34807.47,,,,,,,Case Rate,". MPL 100/50/25% all add ons apply, and lesser of 100% of billed charges",34807.47,,,,,,,Case Rate,". MPL 100/50/25% all add ons apply, and lesser of 100% of billed charges",283.85,,,,,,,Case Rate,"100% Medicare OPPS FS. ",6487,,,,,,,Case Rate,". MPL 100/50/25% maxmium of 3 procedures. All add ons apply, and lesser of 100% of billed charges",6593,,,,,,,Case Rate,". Primary procedure pays at 100%, secondary at 50%, all subsequent at 25%.  Lesser of applies when negotiated rates exceed charges less addons.",6593,,,,,,,Case Rate,". Primary procedure pays at 100%, secondary at 50%, all subsequent at 25%.  Lesser of applies when negotiated rates exceed charges less addons.",6593,,,,,,,Case Rate,". Primary procedure pays at 100%, secondary at 50%, all subsequent at 25%.  Lesser of applies when negotiated rates exceed charges less addons.",2219.1858,78,,,,,0,percent of total billed charges,78% of Billed Charges. Lesser of 100% of billed charges applies.; No services were performed during the 15 month look back period.,2219.1858,78,,,,,0,percent of total billed charges,78% of Billed Charges. Lesser of 100% of billed charges applies.; No services were performed during the 15 month look back period.,2219.1858,78,,,,,0,percent of total billed charges,78% of Billed Charges. Lesser of 100% of billed charges applies.; No services were performed during the 15 month look back period.,2219.1858,78,,,,,0,percent of total billed charges,78% of Billed Charges. Lesser of 100% of billed charges applies.; No services were performed during the 15 month look back period.,2219.1858,78,,,,,0,percent of total billed charges,78% of Billed Charges. Lesser of 100% of billed charges applies.; No services were performed during the 15 month look back period.,2219.1858,78,,,,,0,percent of total billed charges,78% of Billed Charges. Lesser of 100% of billed charges applies.; No services were performed during the 15 month look back period.,2219.1858,78,,,,,0,percent of total billed charges,78% of Billed Charges. Lesser of 100% of billed charges applies.; No services were performed during the 15 month look back period.,2219.1858,78,,,,,0,percent of total billed charges,78% of Billed Charges. Lesser of 100% of billed charges applies.; No services were performed during the 15 month look back period.,2219.1858,78,,,,,0,percent of total billed charges,78% of Billed Charges. Lesser of 100% of billed charges applies.; No services were performed during the 15 month look back period.,2219.1858,78,,,,,0,percent of total billed charges,78% of Billed Charges. Lesser of 100% of billed charges applies.; No services were performed during the 15 month look back period.,2219.1858,78,,,,,0,percent of total billed charges,78% of Billed Charges. Lesser of 100% of billed charges applies.; No services were performed during the 15 month look back period.,12574,,,,,,,Case Rate,". Primary procedure pays at 100%, all subsequent at 50%.",4100,,,,,,,Case Rate,". MPL 100/50/25% all add ons apply, and lesser of 100% of billed charges",6487,,,,,,,Case Rate,". MPL 100/50/25% maxmium of 3 procedures. All add ons apply, and lesser of 100% of billed charges",283.85,,,,,,,Case Rate,"100% Medicare OPPS FS. ",6593,,,,,,,Case Rate,". Primary procedure pays at 100%, secondary at 50%, all subsequent at 25%.  Lesser of applies when negotiated rates exceed charges less addons.",6487,,,,,,,Case Rate,". MPL 100/50/25% maxmium of 3 procedures. All add ons apply, and lesser of 100% of billed charges",6487,,,,,,,Case Rate,". MPL 100/50/25% maxmium of 3 procedures. All add ons apply, and lesser of 100% of billed charges",2219.1858,78,,,,,0,percent of total billed charges,78% of Billed Charges. Lesser of 100% of billed charges applies.; No services were performed during the 15 month look back period.,1606.27,,,,,,,Case Rate,"214 Percent of Medicaid APG. Drugs not priced under APG, billed with revenue code 636 and not priced by Medicare ASP FeeSched will be reimbursed at 20% of charges.",6487,,,,,,,Case Rate,". MPL 100/50/25% maxmium of 3 procedures. All add ons apply, and lesser of 100% of billed charges",750.59,,,,,,,Case Rate,"100 Percent of Medicaid APG. ",283.85,,,,,,,Case Rate,"100% Medicare OPPS FS. ",283.85,,,,,,,Case Rate,"100% Medicare OPPS FS. ",283.85,,,,,,,Case Rate,"100% Medicare OPPS FS. ",283.85,,,,,,,Case Rate,"100% Medicare OPPS FS. ",283.85,,,,,,,Case Rate,"100% Medicare OPPS FS. ",283.85,,,,,,,Case Rate,"100% Medicare OPPS FS. ",6487,,,,,,,Case Rate,". MPL 100/50/25% maxmium of 3 procedures. All add ons apply, and lesser of 100% of billed charges",27121,,,,,,,Case Rate,". MPL 100/75/50% all add ons apply, and lesser of 100% of billed charges",1351.07,,,,,,,Fee Schedule,"180 Percent of Medicaid APG. ",1351.07,,,,,,,Fee Schedule,"180 Percent of Medicaid APG. ",1351.07,,,,,,,Fee Schedule,"180 Percent of Medicaid APG. ",1351.07,,,,,,,Fee Schedule,"180 Percent of Medicaid APG. ",1351.07,,,,,,,Fee Schedule,"180 Percent of Medicaid APG. ",,,,,,,,,"NA. ",27121,,,,,,,Case Rate,". MPL 100/75/50% all add ons apply, and lesser of 100% of billed charges",562.02,,,,,,,Case Rate,198 Percent of Medicare OPPS. Metroplus will reimburse unlisted codes and described codes with no Medicare rate at 50 percent of charges.,562.02,,,,,,,Case Rate,198 Percent of Medicare OPPS. Metroplus will reimburse unlisted codes and described codes with no Medicare rate at 50 percent of charges.,562.02,,,,,,,Case Rate,198 Percent of Medicare OPPS. Metroplus will reimburse unlisted codes and described codes with no Medicare rate at 50 percent of charges.,562.02,,,,,,,Case Rate,198 Percent of Medicare OPPS. Metroplus will reimburse unlisted codes and described codes with no Medicare rate at 50 percent of charges.,562.02,,,,,,,Case Rate,198 Percent of Medicare OPPS. Metroplus will reimburse unlisted codes and described codes with no Medicare rate at 50 percent of charges.,283.85,,,,,,,Case Rate,"100% Medicare OPPS FS. ",12574,,,,,,,Case Rate,". Primary procedure pays at 100%, all subsequent at 50%.",12574,,,,,,,Case Rate,". Primary procedure pays at 100%, all subsequent at 50%.",12574,,,,,,,Case Rate,". Primary procedure pays at 100%, all subsequent at 50%.",12574,,,,,,,Case Rate,". Primary procedure pays at 100%, all subsequent at 50%.",6593,,,,,,,Case Rate,". Primary procedure pays at 100%, secondary at 50%, all subsequent at 25%.  Lesser of applies when negotiated rates exceed charges less addons.",6593,,,,,,,Case Rate,". Primary procedure pays at 100%, secondary at 50%, all subsequent at 25%.  Lesser of applies when negotiated rates exceed charges less addons.",6593,,,,,,,Case Rate,". Primary procedure pays at 100%, secondary at 50%, all subsequent at 25%.  Lesser of applies when negotiated rates exceed charges less addons.",6593,,,,,,,Case Rate,". Primary procedure pays at 100%, secondary at 50%, all subsequent at 25%.  Lesser of applies when negotiated rates exceed charges less addons.",27121,,,,,,,Case Rate,". MPL 100/75/50% all add ons apply, and lesser of 100% of billed charges",27121,,,,,,,Case Rate,". MPL 100/75/50% all add ons apply, and lesser of 100% of billed charges",283.85,,,,,,,Case Rate,"100% Medicare OPPS FS. ",283.85,,,,,,,Case Rate,"100% Medicare OPPS FS. ",283.85,,,,,,,Case Rate,"100% Medicare OPPS FS. ",4100,,,,,,,Case Rate,". MPL 100/50/25% all add ons apply, and lesser of 100% of billed charges",4100,,,,,,,Case Rate,". MPL 100/50/25% all add ons apply, and lesser of 100% of billed charges",4100,,,,,,,Case Rate,". MPL 100/50/25% all add ons apply, and lesser of 100% of billed charges",27121,,,,,,,Case Rate,". MPL 100/75/50% all add ons apply, and lesser of 100% of billed charges",6593,,,,,,,Case Rate,". Primary procedure pays at 100%, secondary at 50%, all subsequent at 25%.  Lesser of applies when negotiated rates exceed charges less addons.",283.85,,,,,,,Case Rate,"100% Medicare OPPS FS. ",4100,,,,,,,Case Rate,". MPL 100/50/25% all add ons apply, and lesser of 100% of billed charges",750.59,,,,,,,Case Rate,"100 Percent of Medicaid APG. ",289.53,,,,,,,Case Rate,"102% of Medicare OPPS. ",289.53,,,,,,,Case Rate,"102% of Medicare OPPS. ",289.53,,,,,,,Case Rate,"102% of Medicare OPPS. ",750.59,,,,,,,Case rate,"100 Percent of Medicaid APG. ",1688.83,,,,,,,Case Rate,225% of NYS APG. Lesser of 100% of billed charges applies.,1688.83,,,,,,,Case Rate,225% of NYS APG. Lesser of 100% of billed charges applies.,1688.83,,,,,,,Case Rate,225% of NYS APG. Lesser of 100% of billed charges applies.,1688.83,,,,,,,Case Rate,225% of NYS APG. Lesser of 100% of billed charges applies.,1688.83,,,,,,,Case Rate,225% of NYS APG. Lesser of 100% of billed charges applies.,289.53,,,,,,,Case Rate,"102% of Medicare OPPS. ",750.59,,,,,,,Case Rate,"100 Percent of Medicaid APG. ",132.04,,,,,,,Case Rate,100% of PAS. Lesser of 100% of billed charges applies.,1688.83,,,,,,,Case Rate,225% of NYS APG. Lesser of 100% of billed charges applies.,1688.83,,,,,,,Case Rate,225% of NYS APG. Lesser of 100% of billed charges applies.,132.04,,,,,,,Case Rate,100% of PAS. Lesser of 100% of billed charges applies.,132.04,,,,,,,Case Rate,100% of PAS. Lesser of 100% of billed charges applies.,1351.07,,,,,,,Fee Schedule,"180 Percent of Medicaid APG. ",283.85,,,,,,,Case Rate,"100% Medicare OPPS FS. ",283.85,,,,,,,Case Rate,"100% Medicare OPPS FS. ",6593,,,,,,,Case Rate,". Primary procedure pays at 100%, secondary at 50%, all subsequent at 25%.  Lesser of applies when negotiated rates exceed charges less addons.",283.85,,,,,,,Case Rate,"100% Medicare OPPS FS. ",1688.83,,,,,,,Case Rate,"225 Percent of Medicaid APG. ",1688.83,,,,,,,Case Rate,"225 Percent of Medicaid APG. ",750.59,,,,,,,Case rate,"100 Percent of Medicaid APG. ",750.59,,,,,,,Case rate,"100 Percent of Medicaid APG. ",1688.83,,,,,,,Case Rate,225 Percent of Medicaid APG. Covered services not payable under Medicaid Fee Schedules default to a payment of 87.5 percent of charges.,750.59,,,,,,,Case rate,124 Percent of Medicaid APG. Covered services not payable under Medicaid Fee Schedules default to a payment of 50 percent of charges.,1688.83,,,,,,,Case Rate,"100 Percent of Medicaid APG. ",1688.83,,,,,,,Case Rate,"100 Percent of Medicaid APG. ",1688.83,,,,,,,Case Rate,"100 Percent of Medicaid APG. ",1688.83,,,,,,,Case Rate,"100 Percent of Medicaid APG. ",16818,,,,,,,Case Rate,". MPL 100/75/50% all add ons apply, and lesser of 100% of billed charges",27121,,,,,,,Case Rate,". MPL 100/75/50% all add ons apply, and lesser of 100% of billed charges",900.71,,,,,,,Case Rate,"120 Percent of Medicaid APG. Not APG payable, or payable under another fee schedule like ASP/AWP pays at 30% of charges",900.71,,,,,,,Case Rate,"120 Percent of Medicaid APG. Not APG payable, or payable under another fee schedule like ASP/AWP pays at 30% of charges",750.59,,,,,,,Case Rate,"100 Percent of Medicaid APG. Not APG payable, or payable under another fee schedule like ASP/AWP pays at 30% of charges",750.59,,,,,,,Case Rate,"100 Percent of Medicaid APG. Not APG payable, or payable under another fee schedule like ASP/AWP pays at 30% of charges",4100,,,,,,,Case Rate,". MPL 100/50/25% all add ons apply, and lesser of 100% of billed charges",4100,,,,,,,Case Rate,". MPL 100/50/25% all add ons apply, and lesser of 100% of billed charges",283.85,,,,,,,Case Rate,"100% Medicare OPPS FS. ",4100,,,,,,,Case Rate,". MPL 100/50/25% all add ons apply, and lesser of 100% of billed charges",4100,,,,,,,Case Rate,". MPL 100/50/25% all add ons apply, and lesser of 100% of billed charges",4100,,,,,,,Case Rate,". MPL 100/50/25% all add ons apply, and lesser of 100% of billed charges",4100,,,,,,,Case Rate,". MPL 100/50/25% all add ons apply, and lesser of 100% of billed charges",283.85,,,,,,,Case Rate,"100% Medicare OPPS FS. ",4100,,,,,,,Case Rate,". MPL 100/50/25% all add ons apply, and lesser of 100% of billed charges",4100,,,,,,,Case Rate,". MPL 100/50/25% all add ons apply, and lesser of 100% of billed charges",6593,,,,,,,Case Rate,". Primary procedure pays at 100%, secondary at 50%, all subsequent at 25%.  Lesser of applies when negotiated rates exceed charges less addons.",750.59,,,,,,,Fee Schedule,100% APG. Lesser of 100% of billed charges applies.,750.59,,,,,,,Case rate,124 Percent of Medicaid APG. Covered services not payable under Medicaid Fee Schedules default to a payment of 50 percent of charges.,1688.83,,,,,,,Case Rate,225% of NYS APG. Lesser of 100% of billed charges applies.,1688.83,,,,,,,Case Rate,225 Percent of Medicaid APG. Covered services not payable under Medicaid Fee Schedules default to a payment of 87.5 percent of charges.,750.59,,,,,,,Case rate,124 Percent of Medicaid APG. Covered services not payable under Medicaid Fee Schedules default to a payment of 50 percent of charges.,1688.83,,,,,,,Case Rate,225% of NYS APG. Lesser of 100% of billed charges applies.,1688.83,,,,,,,Case Rate,225% of NYS APG. Lesser of 100% of billed charges applies.,1688.83,,,,,,,Case Rate,225% of NYS APG. Lesser of 100% of billed charges applies.,1688.83,,,,,,,Case Rate,225% of NYS APG. Lesser of 100% of billed charges applies.,1688.83,,,,,,,Case Rate,225% of NYS APG. Lesser of 100% of billed charges applies.,1688.83,,,,,,,Case Rate,225% of NYS APG. Lesser of 100% of billed charges applies.,,,,,,,,,"NA. ",,,,,,,,,"NA. ",,,,,,,,,"NA. ",6487,,,,,,,Case Rate,". MPL 100/50/25% maxmium of 3 procedures. All add ons apply, and lesser of 100% of billed charges",,,,,,,,,"NA. ",283.85,,,,,,,Case Rate,"100% Medicare OPPS FS. ",3681,,,,,,,Case Rate,". MPL 1st 100% of Payment Rate 50% of all others, all add ons apply, and lesser of 100% of billed charges.",283.85,,,,,,,Case Rate,"100% Medicare OPPS FS. ",283.85,,,,,,,Case Rate,"100% Medicare OPPS FS. ",900.71,,,,,,,Case Rate,"120 Percent of Medicaid APG. Not APG payable, or payable under another fee schedule like ASP/AWP pays at 30% of charges",900.71,,,,,,,Case Rate,"120 Percent of Medicaid APG. Not APG payable, or payable under another fee schedule like ASP/AWP pays at 30% of charges",750.59,,,,,,,Case Rate,"100 Percent of Medicaid APG. Not APG payable, or payable under another fee schedule like ASP/AWP pays at 30% of charges",750.59,,,,,,,Case Rate,"100 Percent of Medicaid APG. Not APG payable, or payable under another fee schedule like ASP/AWP pays at 30% of charges",750.59,,,,,,,Case Rate,"100 Percent of Medicaid APG. ",2076.9303,73,,,,,0,percent of total billed charges,73 percent of billed charges; No services were performed during the 15 month look back period.,6593,,,,,,,Case Rate,". Primary procedure pays at 100%, secondary at 50%, all subsequent at 25%.  Lesser of applies when negotiated rates exceed charges less addons.",2076.9303,73,,,,,0,percent of total billed charges,73 percent of billed charges; No services were performed during the 15 month look back period.,6487,,,,,,,Case Rate,". MPL 100/50/25% maxmium of 3 procedures. All add ons apply, and lesser of 100% of billed charges",283.85,,,,,,,Case Rate,"100%Medicare OPPS FS. ",283.85,,,,,,,Case Rate,"100% Medicare OPPS FS. ",283.85,,,,,,,Case Rate,"100% Medicare OPPS FS. ",283.85,,,,,,,Case Rate,"100% Medicare OPPS FS. ",283.85,,,,,,,Case Rate,"100%Medicare OPPS FS. ",283.85,,,,,,,Case Rate,"100% Medicare OPPS FS. ",,,,,,,,,"NA. ",1688.83,,,,,,,Case Rate,225% of NYS APG. Lesser of 100% of billed charges applies.,132.04,,,,,,,Case Rate,100% of PAS. Lesser of 100% of billed charges applies.,4100,,,,,,,Case Rate,". MPL 100/50/25% all add ons apply, and lesser of 100% of billed charges",2076.9303,73,,,,,0,percent of total billed charges,73 percent of billed charges; No services were performed during the 15 month look back period.,2076.9303,73,,,,,0,percent of total billed charges,73 percent of billed charges; No services were performed during the 15 month look back period.,2076.9303,73,,,,,0,percent of total billed charges,73 percent of billed charges; No services were performed during the 15 month look back period.,2076.9303,73,,,,,0,percent of total billed charges,73 percent of billed charges; No services were performed during the 15 month look back period.,283.85,,,,,,,Case Rate,"100% Medicare OPPS FS. ",750.59,,,,,,,Case Rate,"100 Percent of Medicaid APG. ",4100,,,,,,,Case Rate,". MPL 100/50/25% all add ons apply, and lesser of 100% of billed charges",750.59,,,,,,,Case Rate,"100 Percent of Medicaid APG. ",283.85,,,,,,,Case Rate,"100% Medicare OPPS FS. ",750.59,,,,,,,Case Rate,"100 Percent of Medicaid APG. ",283.85,,,,,,,Case Rate,"100% Medicare OPPS FS. ",283.85,,,,,,,Case Rate,"100% Medicare OPPS FS. ",750.59,,,,,,,Case Rate,"100 Percent of Medicaid APG. ",750.59,,,,,,,Case Rate,"100 Percent of Medicaid APG. ",2076.9303,73,,,,,0,percent of total billed charges,73 percent of billed charges; No services were performed during the 15 month look back period.,6487,,,,,,,Case Rate,". MPL 100/50/25% maxmium of 3 procedures. All add ons apply, and lesser of 100% of billed charges",2219.1858,78,,,,,0,percent of total billed charges,78% of Billed Charges. Lesser of 100% of billed charges applies.; No services were performed during the 15 month look back period.,34807.47,,,,,,,Case Rate,". MPL 100/50/25% all add ons apply, and lesser of 100% of billed charges",34807.47,,,,,,,Case Rate,". MPL 100/50/25% all add ons apply, and lesser of 100% of billed charges",6593,,,,,,,Case Rate,". Primary procedure pays at 100%, secondary at 50%, all subsequent at 25%.  Lesser of applies when negotiated rates exceed charges less addons.",283.85,,,,,,,Case Rate,"83% HF Fee schedule. ",12574,,,,,,,Case Rate,". Primary procedure pays at 100%, all subsequent at 50%.",12574,,,,,,,Case Rate,". Primary procedure pays at 100%, all subsequent at 50%.",3280,,,,,,,Case Rate,". MPL 100/50/25% all add ons apply, and lesser of 100% of billed charges",3280,,,,,,,Case Rate,". MPL 100/50/25% all add ons apply, and lesser of 100% of billed charges",283.85,,,,,,,Case Rate,"100% Medicare OPPS FS. ",283.85,,,,,,,Case Rate,"100% Medicare OPPS FS. ",283.85,,,,,,,Case Rate,"100% Medicare OPPS FS. ",283.85,,,,,,,Case Rate,"100% Medicare OPPS FS. ",34807.47,,,,,,,Case Rate,". MPL 100/50/25% all add ons apply, and lesser of 100% of billed charges",4100,,,,,,,Case Rate,". MPL 100/50/25% all add ons apply, and lesser of 100% of billed charges",4100,,,,,,,Case Rate,". MPL 100/50/25% all add ons apply, and lesser of 100% of billed charges",283.85,,,,,,,Case Rate,"100% Medicare OPPS FS. ",3280,,,,,,,Case Rate,". MPL 100/50/25% all add ons apply, and lesser of 100% of billed charges",2076.9303,73,,,,,0,percent of total billed charges,73 percent of billed charges; No services were performed during the 15 month look back period.,900.71,,,,,,,Fee Schedule,"120 Percent of Medicaid APG. ",750.59,,,,,,,Case Rate,"100 Percent of Medicaid APG. ",2076.9303,73,,,,,0,percent of total billed charges,73 percent of billed charges; No services were performed during the 15 month look back period.,3690,,,,,,,Case Rate,". MPL 100/50/25% all add ons apply, and lesser of 100% of billed charges",3690,,,,,,,Case Rate,". MPL 100/50/25% all add ons apply, and lesser of 100% of billed charges",4100,,,,,,,Case Rate,". MPL 100/50/25% all add ons apply, and lesser of 100% of billed charges",18686,,,,,,,Case Rate,". MPL 100/75/50% all add ons apply, and lesser of 100% of billed charges",283.85,,,,,,,Case Rate,"100%Medicare OPPS FS. ",788.12,,,,,,,Fee Schedule,105 percent of Medicaid APG. otherwise 105% of Ordered NYS MCD FS or 105% of ASP+6%,788.12,,,,,,,Fee Schedule,105 percent of Medicaid APG. otherwise 105% of Ordered NYS MCD FS or 105% of ASP+6%,788.12,,,,,,,Fee Schedule,105 percent of Medicaid APG. otherwise 105% of Ordered NYS MCD FS or 105% of ASP+6%,1013.3,,,,,,,Fee Schedule,135 percent of Medicaid APG. otherwise 135% of Ordered NYS MCD FS or 135% of ASP+6%,34807.47,,,,,,,Case Rate,". MPL 100/50/25% all add ons apply, and lesser of 100% of billed charges",788.12,,,,,,,Fee Schedule,105 percent of Medicaid APG. otherwise 105% of Ordered NYS MCD FS or 105% of ASP+6%,788.12,,,,,,,Fee Schedule,105 percent of Medicaid APG. otherwise 105% of Ordered NYS MCD FS or 105% of ASP+6%,788.12,,,,,,,Fee Schedule,105 percent of Medicaid APG. otherwise 105% of Ordered NYS MCD FS or 105% of ASP+6%,788.12,,,,,,,Fee Schedule,105 percent of Medicaid APG. otherwise 105% of Ordered NYS MCD FS or 105% of ASP+6%,788.12,,,,,,,Fee Schedule,105 percent of Medicaid APG. otherwise 105% of Ordered NYS MCD FS or 105% of ASP+6%,1013.3,,,,,,,Fee Schedule,135 percent of Medicaid APG. otherwise 135% of Ordered NYS MCD FS or 135% of ASP+6%,1013.3,,,,,,,Fee Schedule,135 percent of Medicaid APG. otherwise 135% of Ordered NYS MCD FS or 135% of ASP+6%,283.85,,,,,,,Case Rate,"100% Medicare OPPS FS. ",34807.47,,,,,,,Case Rate,". MPL 100/50/25% all add ons apply, and lesser of 100% of billed charges",283.85,,,,,,,Case Rate,"100% Medicare OPPS FS. ",788.12,,,,,,,Fee Schedule,105 percent of Medicaid APG. otherwise 105% of Ordered NYS MCD FS or 105% of ASP+6%,4100,,,,,,,Case Rate,". MPL 100/50/25% all add ons apply, and lesser of 100% of billed charges",283.85,,,,,,,Case Rate,"100% Medicare OPPS FS. ",4100,,,,,,,Case Rate,". MPL 100/50/25% all add ons apply, and lesser of 100% of billed charges",4100,,,,,,,Case Rate,". MPL 100/50/25% all add ons apply, and lesser of 100% of billed charges",4100,,,,,,,Case Rate,". MPL 100/50/25% all add ons apply, and lesser of 100% of billed charges",788.12,,,,,,,Fee Schedule,105 percent of Medicaid APG. otherwise 105% of Ordered NYS MCD FS or 105% of ASP+6%,283.85,,,,,,,Case Rate,"100% Medicare OPPS FS. ",4100,,,,,,,Case Rate,". MPL 100/50/25% all add ons apply, and lesser of 100% of billed charges",1013.3,,,,,,,Fee Schedule,135 percent of Medicaid APG. otherwise 135% of Ordered NYS MCD FS or 135% of ASP+6%,4100,,,,,,,Case Rate,". MPL 100/50/25% all add ons apply, and lesser of 100% of billed charges",5690.22,200,,,,,0,Case Rate,200% of Medicare OPPS. ; No services were performed during the 15 month look back period.,283.85,,,,,,,Case Rate,"100%Medicare OPPS FS. ",2076.9303,73,,,,,0,percent of total billed charges,73 percent of billed charges; No services were performed during the 15 month look back period.,2076.9303,73,,,,,0,percent of total billed charges,73 percent of billed charges; No services were performed during the 15 month look back period.,2076.9303,73,,,,,0,percent of total billed charges,73 percent of billed charges; No services were performed during the 15 month look back period.,2076.9303,73,,,,,0,percent of total billed charges,73 percent of billed charges; No services were performed during the 15 month look back period.,2076.9303,73,,,,,0,percent of total billed charges,73 percent of billed charges; No services were performed during the 15 month look back period.,2076.9303,73,,,,,0,percent of total billed charges,73 percent of billed charges; No services were performed during the 15 month look back period.,2076.9303,73,,,,,0,percent of total billed charges,73 percent of billed charges; No services were performed during the 15 month look back period.,2076.9303,73,,,,,0,percent of total billed charges,73 percent of billed charges; No services were performed during the 15 month look back period.,2076.9303,73,,,,,0,percent of total billed charges,73 percent of billed charges; No services were performed during the 15 month look back period.,2076.9303,73,,,,,0,percent of total billed charges,73 percent of billed charges; No services were performed during the 15 month look back period.,2076.9303,73,,,,,0,percent of total billed charges,73 percent of billed charges; No services were performed during the 15 month look back period.,2076.9303,73,,,,,0,percent of total billed charges,73 percent of billed charges; No services were performed during the 15 month look back period.,283.85,,,,,,,Case Rate,"100% Medicare OPPS FS. ",2076.9303,73,,,,,0,percent of total billed charges,73 percent of billed charges; No services were performed during the 15 month look back period.,283.85,,,,,,,Case Rate,"100% Medicare OPPS FS. ",1688.83,,,,,,,Case Rate,"225 Percent of Medicaid APG. If not included in Medicaid APG, then 100 Percent of Manhattan Medicare",750.59,,,,,,,Case Rate,"100 Percent of Medicaid APG. ",34807.47,,,,,,,Case Rate,". MPL 100/50/25% all add ons apply, and lesser of 100% of billed charges",34807.47,,,,,,,Case Rate,". MPL 100/50/25% all add ons apply, and lesser of 100% of billed charges",283.85,,,,,,,Case Rate,"100% Medicare OPPS FS. ",12574,,,,,,,Case Rate,". Primary procedure pays at 100%, all subsequent at 50%.",283.85,,,,,,,Case Rate,"100% Medicare OPPS FS. ",283.85,,,,,,,Case Rate,"100% Medicare OPPS FS. ",6593,,,,,,,Case Rate,". Primary procedure pays at 100%, secondary at 50%, all subsequent at 25%.  Lesser of applies when negotiated rates exceed charges less addons.",283.85,,,,,,,Case Rate,"100% Medicare OPPS FS. ",6487,,,,,,,Case Rate,". MPL 100/50/25% maxmium of 3 procedures. All add ons apply, and lesser of 100% of billed charges",283.85,,,,,,,Case Rate,"100% Medicare OPPS FS. ",6487,,,,,,,Case Rate,". MPL 100/50/25% maxmium of 3 procedures. All add ons apply, and lesser of 100% of billed charges",6593,,,,,,,Case Rate,". Primary procedure pays at 100%, secondary at 50%, all subsequent at 25%.  Lesser of applies when negotiated rates exceed charges less addons.",6487,,,,,,,Case Rate,". MPL 100/50/25% maxmium of 3 procedures. All add ons apply, and lesser of 100% of billed charges",283.85,,,,,,,Case Rate,"100% Medicare OPPS FS. ",750.59,,,,,,,Case Rate,"100 Percent of Medicaid APG. ",283.85,,,,,,,Case Rate,"100% Medicare OPPS FS. ",6487,,,,,,,Case Rate,". MPL 100/50/25% maxmium of 3 procedures. All add ons apply, and lesser of 100% of billed charges",34807.47,,,,,,,Case Rate,". MPL 100/50/25% all add ons apply, and lesser of 100% of billed charges",750.59,,,,,,,Case Rate,"100 Percent of Medicaid APG. ",4100,,,,,,,Case Rate,". MPL 100/50/25% all add ons apply, and lesser of 100% of billed charges",900.71,,,,,,,Fee Schedule,"120 Percent of Medicaid APG. ",900.71,,,,,,,Fee Schedule,"120 Percent of Medicaid APG. ",4100,,,,,,,Case Rate,". MPL 100/50/25% all add ons apply, and lesser of 100% of billed charges",4100,,,,,,,Case Rate,". MPL 100/50/25% all add ons apply, and lesser of 100% of billed charges",4100,,,,,,,Case Rate,". MPL 100/50/25% all add ons apply, and lesser of 100% of billed charges",34807.47,,,,,,,Case Rate,". MPL 100/50/25% all add ons apply, and lesser of 100% of billed charges",4100,,,,,,,Case Rate,". MPL 100/50/25% all add ons apply, and lesser of 100% of billed charges",4100,,,,,,,Case Rate,". MPL 100/50/25% all add ons apply, and lesser of 100% of billed charges",4100,,,,,,,Case Rate,". MPL 100/50/25% all add ons apply, and lesser of 100% of billed charges",2076.9303,73,,,,,0,percent of total billed charges,73 percent of billed charges; No services were performed during the 15 month look back period.,2076.9303,73,,,,,0,percent of total billed charges,73 percent of billed charges; No services were performed during the 15 month look back period.,562.02,,,,,,,Case Rate,198 Percent of Medicare OPPS. Metroplus will reimburse unlisted codes and described codes with no Medicare rate at 50 percent of charges.,750.59,,,,,,,Case Rate,"100 Percent of Medicaid APG. ",34807.47,,,,,,,Case Rate,". MPL 100/50/25% all add ons apply, and lesser of 100% of billed charges",6487,,,,,,,Case Rate,". MPL 100/50/25% maxmium of 3 procedures. All add ons apply, and lesser of 100% of billed charges",6593,,,,,,,Case Rate,". Primary procedure pays at 100%, secondary at 50%, all subsequent at 25%.  Lesser of applies when negotiated rates exceed charges less addons.",34807.47,,,,,,,Case Rate,". MPL 100/50/25% all add ons apply, and lesser of 100% of billed charges",6593,,,,,,,Case Rate,". Primary procedure pays at 100%, secondary at 50%, all subsequent at 25%.  Lesser of applies when negotiated rates exceed charges less addons.",34807.47,,,,,,,Case Rate,". MPL 100/50/25% all add ons apply, and lesser of 100% of billed charges",4100,,,,,,,Case Rate,". MPL 100/50/25% all add ons apply, and lesser of 100% of billed charges",4100,,,,,,,Case Rate,". MPL 100/50/25% all add ons apply, and lesser of 100% of billed charges",4100,,,,,,,Case Rate,". MPL 100/50/25% all add ons apply, and lesser of 100% of billed charges",4100,,,,,,,Case Rate,". MPL 100/50/25% all add ons apply, and lesser of 100% of billed charges",283.85,,,,,,,Case Rate,"100% Medicare OPPS FS. ",132.04,34807.47,
24650,CPT,2023167,LOCAL,361,RC,HC CL TX RADIAL HD/NECK FX; WO MANIP,10458.7,1987.153,both,,,,1352,,,,,,,Case Rate,". MPL 1st 100% of Payment Rate 50% of all others, all add ons apply, and lesser of 100% of billed charges.",1352,,,,,,,Case Rate,". MPL 1st 100% of Payment Rate 50% of all others, all add ons apply, and lesser of 100% of billed charges.",6593,,,,,,,Case Rate,". Primary procedure pays at 100%, secondary at 50%, all subsequent at 25%.  Lesser of applies when negotiated rates exceed charges less addons.",10458.7,100,,,,,0,percent of total billed charges,100 percent of billed charges. ; No services were performed during the 15 month look back period.,283.85,,,,,,,Case Rate,"100% Medicare OPPS FS. ",6593,,,,,,,Case Rate,". Primary procedure pays at 100%, secondary at 50%, all subsequent at 25%.  Lesser of applies when negotiated rates exceed charges less addons.",6593,,,,,,,Case Rate,". Primary procedure pays at 100%, secondary at 50%, all subsequent at 25%.  Lesser of applies when negotiated rates exceed charges less addons.",6593,,,,,,,Case Rate,". Primary procedure pays at 100%, secondary at 50%, all subsequent at 25%.  Lesser of applies when negotiated rates exceed charges less addons.",900.71,,,,,,,Case Rate,"100 Percent of Medicaid APG. ",750.59,,,,,,,Case Rate,"100 Percent of Medicaid APG. ",8157.786,78,,,,,0,percent of total billed charges,78% of Billed Charges. Lesser of 100% of billed charges applies.; No services were performed during the 15 month look back period.,4923.38,,,,,,,Case Rate,". MPL 100/50/25% all add ons apply, and lesser of 100% of billed charges",750.59,,,,,,,Case Rate,"100 Percent of Medicaid APG. ",283.85,,,,,,,Case Rate,"100% Medicare OPPS FS. ",,,,,,,,Other,". ",,,,,,,,Other,". ",,,,,,,,Other,". ",,,,,,,,Other,". ",750.59,,,,,,,Case rate,124 Percent of Medicaid APG. Covered services not payable under Medicaid Fee Schedules default to a payment of 50 percent of charges.,283.85,,,,,,,Case Rate,"100% Medicare OPPS FS. ",750.59,,,,,,,Case rate,124 Percent of Medicaid APG. Covered services not payable under Medicaid Fee Schedules default to a payment of 50 percent of charges.,8157.786,78,,,,,0,percent of total billed charges,78% of Billed Charges. Lesser of 100% of billed charges applies.; No services were performed during the 15 month look back period.,6593,,,,,,,Case Rate,". Primary procedure pays at 100%, secondary at 50%, all subsequent at 25%.  Lesser of applies when negotiated rates exceed charges less addons.",283.85,,,,,,,Case Rate,"100%Medicare OPPS FS. ",8427,,,,,,,Case Rate,". Primary procedure pays at 100%, all subsequent at 50%.",283.85,,,,,,,Case Rate,"100%Medicare OPPS FS. ",283.85,,,,,,,Case Rate,"100%Medicare OPPS FS. ",8157.786,78,,,,,0,percent of total billed charges,78% of Billed Charges. Lesser of 100% of billed charges applies.; No services were performed during the 15 month look back period.,132.04,,,,,,,Case Rate,100% of PAS. Lesser of 100% of billed charges applies.,132.04,,,,,,,Case Rate,100% of PAS. Lesser of 100% of billed charges applies.,750.59,,,,,,,Case rate,"100 Percent of Medicaid APG. ",750.59,,,,,,,Case rate,"100 Percent of Medicaid APG. ",8427,,,,,,,Case Rate,". Primary procedure pays at 100%, all subsequent at 50%.",8427,,,,,,,Case Rate,". Primary procedure pays at 100%, all subsequent at 50%.",750.59,,,,,,,Case Rate,"100 Percent of Medicaid APG. Not APG payable, or payable under another fee schedule like ASP/AWP pays at 30% of charges",8427,,,,,,,Case Rate,". Primary procedure pays at 100%, all subsequent at 50%.",750.59,,,,,,,Case Rate,"100 Percent of Medicaid APG. Not APG payable, or payable under another fee schedule like ASP/AWP pays at 30% of charges",283.85,,,,,,,Case Rate,"100%Medicare OPPS FS. ",8427,,,,,,,Case Rate,". Primary procedure pays at 100%, all subsequent at 50%.",8157.786,78,,,,,0,percent of total billed charges,78% of Billed Charges. Lesser of 100% of billed charges applies.; No services were performed during the 15 month look back period.,750.59,,,,,,,Case Rate,"100 Percent of Medicaid APG. ",750.59,,,,,,,Case Rate,"100 Percent of Medicaid APG. ",8157.786,78,,,,,0,percent of total billed charges,78% of Billed Charges. Lesser of 100% of billed charges applies.; No services were performed during the 15 month look back period.,,,,,,,,Other,". ",4500,,,,,,,Case Rate,". MPL 100/50/25% all add ons apply, and lesser of 100% of billed charges",4500,,,,,,,Case Rate,". MPL 100/50/25% all add ons apply, and lesser of 100% of billed charges",8157.786,78,,,,,0,percent of total billed charges,78% of Billed Charges. Lesser of 100% of billed charges applies.; No services were performed during the 15 month look back period.,283.85,,,,,,,Case Rate,"100% Medicare OPPS FS. ",4923.38,,,,,,,Case Rate,". MPL 100/50/25% all add ons apply, and lesser of 100% of billed charges",4923.38,,,,,,,Case Rate,". MPL 100/50/25% all add ons apply, and lesser of 100% of billed charges",4923.38,,,,,,,Case Rate,". MPL 100/50/25% all add ons apply, and lesser of 100% of billed charges",283.85,,,,,,,Case Rate,"100% Medicare OPPS FS. ",4923.38,,,,,,,Case Rate,". MPL 100/50/25% all add ons apply, and lesser of 100% of billed charges",4923.38,,,,,,,Case Rate,". MPL 100/50/25% all add ons apply, and lesser of 100% of billed charges",283.85,,,,,,,Case Rate,"100% of Medicare OPPS. ",27121,,,,,,,Case Rate,". MPL 100/75/50% all add ons apply, and lesser of 100% of billed charges",4100,,,,,,,Case Rate,". MPL 100/50/25% all add ons apply, and lesser of 100% of billed charges",4100,,,,,,,Case Rate,". MPL 100/50/25% all add ons apply, and lesser of 100% of billed charges",4100,,,,,,,Case Rate,". MPL 100/50/25% all add ons apply, and lesser of 100% of billed charges",4100,,,,,,,Case Rate,". MPL 100/50/25% all add ons apply, and lesser of 100% of billed charges",4100,,,,,,,Case Rate,". MPL 100/50/25% all add ons apply, and lesser of 100% of billed charges",4100,,,,,,,Case Rate,". MPL 100/50/25% all add ons apply, and lesser of 100% of billed charges",283.85,,,,,,,Case Rate,"100% Medicare OPPS FS. ",283.85,,,,,,,Case Rate,"100% Medicare OPPS FS. ",4100,,,,,,,Case Rate,". MPL 100/50/25% all add ons apply, and lesser of 100% of billed charges",8157.786,78,,,,,0,percent of total billed charges,78% of Billed Charges. Lesser of 100% of billed charges applies.; No services were performed during the 15 month look back period.,8157.786,78,,,,,0,percent of total billed charges,78% of Billed Charges. Lesser of 100% of billed charges applies.; No services were performed during the 15 month look back period.,8157.786,78,,,,,0,percent of total billed charges,78% of Billed Charges. Lesser of 100% of billed charges applies.; No services were performed during the 15 month look back period.,8157.786,78,,,,,0,percent of total billed charges,78% of Billed Charges. Lesser of 100% of billed charges applies.; No services were performed during the 15 month look back period.,8157.786,78,,,,,0,percent of total billed charges,78% of Billed Charges. Lesser of 100% of billed charges applies.; No services were performed during the 15 month look back period.,8157.786,78,,,,,0,percent of total billed charges,78% of Billed Charges. Lesser of 100% of billed charges applies.; No services were performed during the 15 month look back period.,8157.786,78,,,,,0,percent of total billed charges,78% of Billed Charges. Lesser of 100% of billed charges applies.; No services were performed during the 15 month look back period.,8157.786,78,,,,,0,percent of total billed charges,78% of Billed Charges. Lesser of 100% of billed charges applies.; No services were performed during the 15 month look back period.,8157.786,78,,,,,0,percent of total billed charges,78% of Billed Charges. Lesser of 100% of billed charges applies.; No services were performed during the 15 month look back period.,8157.786,78,,,,,0,percent of total billed charges,78% of Billed Charges. Lesser of 100% of billed charges applies.; No services were performed during the 15 month look back period.,8157.786,78,,,,,0,percent of total billed charges,78% of Billed Charges. Lesser of 100% of billed charges applies.; No services were performed during the 15 month look back period.,8157.786,78,,,,,0,percent of total billed charges,78% of Billed Charges. Lesser of 100% of billed charges applies.; No services were performed during the 15 month look back period.,8157.786,78,,,,,0,percent of total billed charges,78% of Billed Charges. Lesser of 100% of billed charges applies.; No services were performed during the 15 month look back period.,8157.786,78,,,,,0,percent of total billed charges,78% of Billed Charges. Lesser of 100% of billed charges applies.; No services were performed during the 15 month look back period.,8157.786,78,,,,,0,percent of total billed charges,78% of Billed Charges. Lesser of 100% of billed charges applies.; No services were performed during the 15 month look back period.,8157.786,78,,,,,0,percent of total billed charges,78% of Billed Charges. Lesser of 100% of billed charges applies.; No services were performed during the 15 month look back period.,8157.786,78,,,,,0,percent of total billed charges,78% of Billed Charges. Lesser of 100% of billed charges applies.; No services were performed during the 15 month look back period.,8157.786,78,,,,,0,percent of total billed charges,78% of Billed Charges. Lesser of 100% of billed charges applies.; No services were performed during the 15 month look back period.,8157.786,78,,,,,0,percent of total billed charges,78% of Billed Charges. Lesser of 100% of billed charges applies.; No services were performed during the 15 month look back period.,8157.786,78,,,,,0,percent of total billed charges,78% of Billed Charges. Lesser of 100% of billed charges applies.; No services were performed during the 15 month look back period.,8157.786,78,,,,,0,percent of total billed charges,78% of Billed Charges. Lesser of 100% of billed charges applies.; No services were performed during the 15 month look back period.,8157.786,78,,,,,0,percent of total billed charges,78% of Billed Charges. Lesser of 100% of billed charges applies.; No services were performed during the 15 month look back period.,8157.786,78,,,,,0,percent of total billed charges,78% of Billed Charges. Lesser of 100% of billed charges applies.; No services were performed during the 15 month look back period.,8157.786,78,,,,,0,percent of total billed charges,78% of Billed Charges. Lesser of 100% of billed charges applies.; No services were performed during the 15 month look back period.,8157.786,78,,,,,0,percent of total billed charges,78% of Billed Charges. Lesser of 100% of billed charges applies.; No services were performed during the 15 month look back period.,8157.786,78,,,,,0,percent of total billed charges,78% of Billed Charges. Lesser of 100% of billed charges applies.; No services were performed during the 15 month look back period.,8427,,,,,,,Case Rate,". Primary procedure pays at 100%, all subsequent at 50%.",8427,,,,,,,Case Rate,". Primary procedure pays at 100%, all subsequent at 50%.",8427,,,,,,,Case Rate,". Primary procedure pays at 100%, all subsequent at 50%.",8427,,,,,,,Case Rate,". Primary procedure pays at 100%, all subsequent at 50%.",12574,,,,,,,Case Rate,". Primary procedure pays at 100%, all subsequent at 50%.",12574,,,,,,,Case Rate,". Primary procedure pays at 100%, all subsequent at 50%.",,,,,,,,Other,". ",4100,,,,,,,Case Rate,". MPL 100/50/25% all add ons apply, and lesser of 100% of billed charges",4923.38,,,,,,,Case Rate,". MPL 100/50/25% all add ons apply, and lesser of 100% of billed charges",4100,,,,,,,Case Rate,". MPL 100/50/25% all add ons apply, and lesser of 100% of billed charges",8157.786,78,,,,,0,percent of total billed charges,78% of Billed Charges. Lesser of 100% of billed charges applies.; No services were performed during the 15 month look back period.,12574,,,,,,,Case Rate,". Primary procedure pays at 100%, all subsequent at 50%.",4100,,,,,,,Case Rate,". MPL 100/50/25% all add ons apply, and lesser of 100% of billed charges",4923.38,,,,,,,Case Rate,". MPL 100/50/25% all add ons apply, and lesser of 100% of billed charges",,,,,,,,Other,". ",,,,,,,,,"NA. ",8157.786,78,,,,,0,percent of total billed charges,78% of Billed Charges. Lesser of 100% of billed charges applies.; No services were performed during the 15 month look back period.,750.59,,,,,,,Case Rate,"100 Percent of Medicaid APG. ",8427,,,,,,,Case Rate,". Primary procedure pays at 100%, all subsequent at 50%.",750.59,,,,,,,Case Rate,"100 Percent of Medicaid APG. Not APG payable, or payable under another fee schedule like ASP/AWP pays at 30% of charges",283.85,,,,,,,Case Rate,"100%Medicare OPPS FS. ",283.85,,,,,,,Case Rate,"100% Medicare OPPS FS. ",27121,,,,,,,Case Rate,". MPL 100/75/50% all add ons apply, and lesser of 100% of billed charges",283.85,,,,,,,Case Rate,"100% Medicare OPPS FS. ",283.85,,,,,,,Case Rate,"100% Medicare OPPS FS. ",750.59,,,,,,,Case Rate,"100 Percent of Medicaid APG. ",283.85,,,,,,,Case Rate,"100% Medicare OPPS FS. ",283.85,,,,,,,Case Rate,"100% Medicare OPPS FS. ",6593,,,,,,,Case Rate,". Primary procedure pays at 100%, secondary at 50%, all subsequent at 25%.  Lesser of applies when negotiated rates exceed charges less addons.",6593,,,,,,,Case Rate,". Primary procedure pays at 100%, secondary at 50%, all subsequent at 25%.  Lesser of applies when negotiated rates exceed charges less addons.",283.85,,,,,,,Case Rate,"100% Medicare OPPS FS. ",,,,,,,,Other,". ",4923.38,,,,,,,Case Rate,". MPL 100/50/25% all add ons apply, and lesser of 100% of billed charges",4923.38,,,,,,,Case Rate,". MPL 100/50/25% all add ons apply, and lesser of 100% of billed charges",283.85,,,,,,,Case Rate,"100% Medicare OPPS FS. ",,,,,,,,Other,". ",6593,,,,,,,Case Rate,". Primary procedure pays at 100%, secondary at 50%, all subsequent at 25%.  Lesser of applies when negotiated rates exceed charges less addons.",6593,,,,,,,Case Rate,". Primary procedure pays at 100%, secondary at 50%, all subsequent at 25%.  Lesser of applies when negotiated rates exceed charges less addons.",6593,,,,,,,Case Rate,". Primary procedure pays at 100%, secondary at 50%, all subsequent at 25%.  Lesser of applies when negotiated rates exceed charges less addons.",8157.786,78,,,,,0,percent of total billed charges,78% of Billed Charges. Lesser of 100% of billed charges applies.; No services were performed during the 15 month look back period.,8157.786,78,,,,,0,percent of total billed charges,78% of Billed Charges. Lesser of 100% of billed charges applies.; No services were performed during the 15 month look back period.,8157.786,78,,,,,0,percent of total billed charges,78% of Billed Charges. Lesser of 100% of billed charges applies.; No services were performed during the 15 month look back period.,8157.786,78,,,,,0,percent of total billed charges,78% of Billed Charges. Lesser of 100% of billed charges applies.; No services were performed during the 15 month look back period.,8157.786,78,,,,,0,percent of total billed charges,78% of Billed Charges. Lesser of 100% of billed charges applies.; No services were performed during the 15 month look back period.,8157.786,78,,,,,0,percent of total billed charges,78% of Billed Charges. Lesser of 100% of billed charges applies.; No services were performed during the 15 month look back period.,8157.786,78,,,,,0,percent of total billed charges,78% of Billed Charges. Lesser of 100% of billed charges applies.; No services were performed during the 15 month look back period.,8157.786,78,,,,,0,percent of total billed charges,78% of Billed Charges. Lesser of 100% of billed charges applies.; No services were performed during the 15 month look back period.,8157.786,78,,,,,0,percent of total billed charges,78% of Billed Charges. Lesser of 100% of billed charges applies.; No services were performed during the 15 month look back period.,8157.786,78,,,,,0,percent of total billed charges,78% of Billed Charges. Lesser of 100% of billed charges applies.; No services were performed during the 15 month look back period.,8157.786,78,,,,,0,percent of total billed charges,78% of Billed Charges. Lesser of 100% of billed charges applies.; No services were performed during the 15 month look back period.,12574,,,,,,,Case Rate,". Primary procedure pays at 100%, all subsequent at 50%.",4100,,,,,,,Case Rate,". MPL 100/50/25% all add ons apply, and lesser of 100% of billed charges",,,,,,,,Other,". ",283.85,,,,,,,Case Rate,"100% Medicare OPPS FS. ",6593,,,,,,,Case Rate,". Primary procedure pays at 100%, secondary at 50%, all subsequent at 25%.  Lesser of applies when negotiated rates exceed charges less addons.",,,,,,,,Other,". ",,,,,,,,Other,". ",8157.786,78,,,,,0,percent of total billed charges,78% of Billed Charges. Lesser of 100% of billed charges applies.; No services were performed during the 15 month look back period.,1606.27,,,,,,,Case Rate,"214 Percent of Medicaid APG. Drugs not priced under APG, billed with revenue code 636 and not priced by Medicare ASP FeeSched will be reimbursed at 20% of charges.",,,,,,,,Other,". ",750.59,,,,,,,Case Rate,"100 Percent of Medicaid APG. ",283.85,,,,,,,Case Rate,"100% Medicare OPPS FS. ",283.85,,,,,,,Case Rate,"100% Medicare OPPS FS. ",283.85,,,,,,,Case Rate,"100% Medicare OPPS FS. ",283.85,,,,,,,Case Rate,"100% Medicare OPPS FS. ",283.85,,,,,,,Case Rate,"100% Medicare OPPS FS. ",283.85,,,,,,,Case Rate,"100% Medicare OPPS FS. ",,,,,,,,Other,". ",27121,,,,,,,Case Rate,". MPL 100/75/50% all add ons apply, and lesser of 100% of billed charges",1351.07,,,,,,,Fee Schedule,"180 Percent of Medicaid APG. ",1351.07,,,,,,,Fee Schedule,"180 Percent of Medicaid APG. ",1351.07,,,,,,,Fee Schedule,"180 Percent of Medicaid APG. ",1351.07,,,,,,,Fee Schedule,"180 Percent of Medicaid APG. ",1351.07,,,,,,,Fee Schedule,"180 Percent of Medicaid APG. ",,,,,,,,,"NA. ",27121,,,,,,,Case Rate,". MPL 100/75/50% all add ons apply, and lesser of 100% of billed charges",562.02,,,,,,,Case Rate,198 Percent of Medicare OPPS. Metroplus will reimburse unlisted codes and described codes with no Medicare rate at 50 percent of charges.,562.02,,,,,,,Case Rate,198 Percent of Medicare OPPS. Metroplus will reimburse unlisted codes and described codes with no Medicare rate at 50 percent of charges.,562.02,,,,,,,Case Rate,198 Percent of Medicare OPPS. Metroplus will reimburse unlisted codes and described codes with no Medicare rate at 50 percent of charges.,562.02,,,,,,,Case Rate,198 Percent of Medicare OPPS. Metroplus will reimburse unlisted codes and described codes with no Medicare rate at 50 percent of charges.,562.02,,,,,,,Case Rate,198 Percent of Medicare OPPS. Metroplus will reimburse unlisted codes and described codes with no Medicare rate at 50 percent of charges.,283.85,,,,,,,Case Rate,"100% Medicare OPPS FS. ",12574,,,,,,,Case Rate,". Primary procedure pays at 100%, all subsequent at 50%.",12574,,,,,,,Case Rate,". Primary procedure pays at 100%, all subsequent at 50%.",12574,,,,,,,Case Rate,". Primary procedure pays at 100%, all subsequent at 50%.",12574,,,,,,,Case Rate,". Primary procedure pays at 100%, all subsequent at 50%.",6593,,,,,,,Case Rate,". Primary procedure pays at 100%, secondary at 50%, all subsequent at 25%.  Lesser of applies when negotiated rates exceed charges less addons.",6593,,,,,,,Case Rate,". Primary procedure pays at 100%, secondary at 50%, all subsequent at 25%.  Lesser of applies when negotiated rates exceed charges less addons.",6593,,,,,,,Case Rate,". Primary procedure pays at 100%, secondary at 50%, all subsequent at 25%.  Lesser of applies when negotiated rates exceed charges less addons.",6593,,,,,,,Case Rate,". Primary procedure pays at 100%, secondary at 50%, all subsequent at 25%.  Lesser of applies when negotiated rates exceed charges less addons.",27121,,,,,,,Case Rate,". MPL 100/75/50% all add ons apply, and lesser of 100% of billed charges",27121,,,,,,,Case Rate,". MPL 100/75/50% all add ons apply, and lesser of 100% of billed charges",283.85,,,,,,,Case Rate,"100% Medicare OPPS FS. ",283.85,,,,,,,Case Rate,"100% Medicare OPPS FS. ",283.85,,,,,,,Case Rate,"100% Medicare OPPS FS. ",4100,,,,,,,Case Rate,". MPL 100/50/25% all add ons apply, and lesser of 100% of billed charges",4100,,,,,,,Case Rate,". MPL 100/50/25% all add ons apply, and lesser of 100% of billed charges",4100,,,,,,,Case Rate,". MPL 100/50/25% all add ons apply, and lesser of 100% of billed charges",27121,,,,,,,Case Rate,". MPL 100/75/50% all add ons apply, and lesser of 100% of billed charges",6593,,,,,,,Case Rate,". Primary procedure pays at 100%, secondary at 50%, all subsequent at 25%.  Lesser of applies when negotiated rates exceed charges less addons.",283.85,,,,,,,Case Rate,"100% Medicare OPPS FS. ",4100,,,,,,,Case Rate,". MPL 100/50/25% all add ons apply, and lesser of 100% of billed charges",750.59,,,,,,,Case Rate,"100 Percent of Medicaid APG. ",289.53,,,,,,,Case Rate,"102% of Medicare OPPS. ",289.53,,,,,,,Case Rate,"102% of Medicare OPPS. ",289.53,,,,,,,Case Rate,"102% of Medicare OPPS. ",750.59,,,,,,,Case rate,"100 Percent of Medicaid APG. ",1688.83,,,,,,,Case Rate,225% of NYS APG. Lesser of 100% of billed charges applies.,1688.83,,,,,,,Case Rate,225% of NYS APG. Lesser of 100% of billed charges applies.,1688.83,,,,,,,Case Rate,225% of NYS APG. Lesser of 100% of billed charges applies.,1688.83,,,,,,,Case Rate,225% of NYS APG. Lesser of 100% of billed charges applies.,1688.83,,,,,,,Case Rate,225% of NYS APG. Lesser of 100% of billed charges applies.,289.53,,,,,,,Case Rate,"102% of Medicare OPPS. ",750.59,,,,,,,Case Rate,"100 Percent of Medicaid APG. ",132.04,,,,,,,Case Rate,100% of PAS. Lesser of 100% of billed charges applies.,1688.83,,,,,,,Case Rate,225% of NYS APG. Lesser of 100% of billed charges applies.,1688.83,,,,,,,Case Rate,225% of NYS APG. Lesser of 100% of billed charges applies.,132.04,,,,,,,Case Rate,100% of PAS. Lesser of 100% of billed charges applies.,132.04,,,,,,,Case Rate,100% of PAS. Lesser of 100% of billed charges applies.,1351.07,,,,,,,Fee Schedule,"180 Percent of Medicaid APG. ",283.85,,,,,,,Case Rate,"100% Medicare OPPS FS. ",283.85,,,,,,,Case Rate,"100% Medicare OPPS FS. ",6593,,,,,,,Case Rate,". Primary procedure pays at 100%, secondary at 50%, all subsequent at 25%.  Lesser of applies when negotiated rates exceed charges less addons.",283.85,,,,,,,Case Rate,"100% Medicare OPPS FS. ",1688.83,,,,,,,Case Rate,"225 Percent of Medicaid APG. ",1688.83,,,,,,,Case Rate,"225 Percent of Medicaid APG. ",750.59,,,,,,,Case rate,"100 Percent of Medicaid APG. ",750.59,,,,,,,Case rate,"100 Percent of Medicaid APG. ",1688.83,,,,,,,Case Rate,225 Percent of Medicaid APG. Covered services not payable under Medicaid Fee Schedules default to a payment of 87.5 percent of charges.,750.59,,,,,,,Case rate,124 Percent of Medicaid APG. Covered services not payable under Medicaid Fee Schedules default to a payment of 50 percent of charges.,1688.83,,,,,,,Case Rate,"100 Percent of Medicaid APG. ",1688.83,,,,,,,Case Rate,"100 Percent of Medicaid APG. ",1688.83,,,,,,,Case Rate,"100 Percent of Medicaid APG. ",1688.83,,,,,,,Case Rate,"100 Percent of Medicaid APG. ",13453,,,,,,,Case Rate,". MPL 100/75/50% all add ons apply, and lesser of 100% of billed charges",27121,,,,,,,Case Rate,". MPL 100/75/50% all add ons apply, and lesser of 100% of billed charges",900.71,,,,,,,Case Rate,"120 Percent of Medicaid APG. Not APG payable, or payable under another fee schedule like ASP/AWP pays at 30% of charges",900.71,,,,,,,Case Rate,"120 Percent of Medicaid APG. Not APG payable, or payable under another fee schedule like ASP/AWP pays at 30% of charges",750.59,,,,,,,Case Rate,"100 Percent of Medicaid APG. Not APG payable, or payable under another fee schedule like ASP/AWP pays at 30% of charges",750.59,,,,,,,Case Rate,"100 Percent of Medicaid APG. Not APG payable, or payable under another fee schedule like ASP/AWP pays at 30% of charges",4100,,,,,,,Case Rate,". MPL 100/50/25% all add ons apply, and lesser of 100% of billed charges",4100,,,,,,,Case Rate,". MPL 100/50/25% all add ons apply, and lesser of 100% of billed charges",283.85,,,,,,,Case Rate,"100% Medicare OPPS FS. ",4100,,,,,,,Case Rate,". MPL 100/50/25% all add ons apply, and lesser of 100% of billed charges",4100,,,,,,,Case Rate,". MPL 100/50/25% all add ons apply, and lesser of 100% of billed charges",4100,,,,,,,Case Rate,". MPL 100/50/25% all add ons apply, and lesser of 100% of billed charges",4100,,,,,,,Case Rate,". MPL 100/50/25% all add ons apply, and lesser of 100% of billed charges",283.85,,,,,,,Case Rate,"100% Medicare OPPS FS. ",4100,,,,,,,Case Rate,". MPL 100/50/25% all add ons apply, and lesser of 100% of billed charges",4100,,,,,,,Case Rate,". MPL 100/50/25% all add ons apply, and lesser of 100% of billed charges",6593,,,,,,,Case Rate,". Primary procedure pays at 100%, secondary at 50%, all subsequent at 25%.  Lesser of applies when negotiated rates exceed charges less addons.",750.59,,,,,,,Fee Schedule,100% APG. Lesser of 100% of billed charges applies.,750.59,,,,,,,Case rate,124 Percent of Medicaid APG. Covered services not payable under Medicaid Fee Schedules default to a payment of 50 percent of charges.,1688.83,,,,,,,Case Rate,225% of NYS APG. Lesser of 100% of billed charges applies.,1688.83,,,,,,,Case Rate,225 Percent of Medicaid APG. Covered services not payable under Medicaid Fee Schedules default to a payment of 87.5 percent of charges.,750.59,,,,,,,Case rate,124 Percent of Medicaid APG. Covered services not payable under Medicaid Fee Schedules default to a payment of 50 percent of charges.,1688.83,,,,,,,Case Rate,225% of NYS APG. Lesser of 100% of billed charges applies.,1688.83,,,,,,,Case Rate,225% of NYS APG. Lesser of 100% of billed charges applies.,1688.83,,,,,,,Case Rate,225% of NYS APG. Lesser of 100% of billed charges applies.,1688.83,,,,,,,Case Rate,225% of NYS APG. Lesser of 100% of billed charges applies.,1688.83,,,,,,,Case Rate,225% of NYS APG. Lesser of 100% of billed charges applies.,1688.83,,,,,,,Case Rate,225% of NYS APG. Lesser of 100% of billed charges applies.,,,,,,,,,"NA. ",,,,,,,,,"NA. ",,,,,,,,,"NA. ",,,,,,,,Other,". ",,,,,,,,,"NA. ",283.85,,,,,,,Case Rate,"100% Medicare OPPS FS. ",1352,,,,,,,Case Rate,". MPL 1st 100% of Payment Rate 50% of all others, all add ons apply, and lesser of 100% of billed charges.",283.85,,,,,,,Case Rate,"100% Medicare OPPS FS. ",283.85,,,,,,,Case Rate,"100% Medicare OPPS FS. ",900.71,,,,,,,Case Rate,"120 Percent of Medicaid APG. Not APG payable, or payable under another fee schedule like ASP/AWP pays at 30% of charges",900.71,,,,,,,Case Rate,"120 Percent of Medicaid APG. Not APG payable, or payable under another fee schedule like ASP/AWP pays at 30% of charges",750.59,,,,,,,Case Rate,"100 Percent of Medicaid APG. Not APG payable, or payable under another fee schedule like ASP/AWP pays at 30% of charges",750.59,,,,,,,Case Rate,"100 Percent of Medicaid APG. Not APG payable, or payable under another fee schedule like ASP/AWP pays at 30% of charges",750.59,,,,,,,Case Rate,"100 Percent of Medicaid APG. ",7163,,,,,,,Case Rate,". ",6593,,,,,,,Case Rate,". Primary procedure pays at 100%, secondary at 50%, all subsequent at 25%.  Lesser of applies when negotiated rates exceed charges less addons.",8427,,,,,,,Case Rate,". Primary procedure pays at 100%, all subsequent at 50%.",,,,,,,,Other,". ",283.85,,,,,,,Case Rate,"100%Medicare OPPS FS. ",283.85,,,,,,,Case Rate,"100% Medicare OPPS FS. ",283.85,,,,,,,Case Rate,"100% Medicare OPPS FS. ",283.85,,,,,,,Case Rate,"100% Medicare OPPS FS. ",283.85,,,,,,,Case Rate,"100%Medicare OPPS FS. ",283.85,,,,,,,Case Rate,"100% Medicare OPPS FS. ",,,,,,,,,"NA. ",1688.83,,,,,,,Case Rate,225% of NYS APG. Lesser of 100% of billed charges applies.,132.04,,,,,,,Case Rate,100% of PAS. Lesser of 100% of billed charges applies.,4100,,,,,,,Case Rate,". MPL 100/50/25% all add ons apply, and lesser of 100% of billed charges",7163,,,,,,,Case Rate,". ",7163,,,,,,,Case Rate,". ",7163,,,,,,,Case Rate,". ",7163,,,,,,,Case Rate,". ",283.85,,,,,,,Case Rate,"100% Medicare OPPS FS. ",750.59,,,,,,,Case Rate,"100 Percent of Medicaid APG. ",4100,,,,,,,Case Rate,". MPL 100/50/25% all add ons apply, and lesser of 100% of billed charges",750.59,,,,,,,Case Rate,"100 Percent of Medicaid APG. ",283.85,,,,,,,Case Rate,"100% Medicare OPPS FS. ",750.59,,,,,,,Case Rate,"100 Percent of Medicaid APG. ",283.85,,,,,,,Case Rate,"100% Medicare OPPS FS. ",283.85,,,,,,,Case Rate,"100% Medicare OPPS FS. ",750.59,,,,,,,Case Rate,"100 Percent of Medicaid APG. ",750.59,,,,,,,Case Rate,"100 Percent of Medicaid APG. ",7163,,,,,,,Case Rate,". ",,,,,,,,Other,". ",8157.786,78,,,,,0,percent of total billed charges,78% of Billed Charges. Lesser of 100% of billed charges applies.; No services were performed during the 15 month look back period.,4923.38,,,,,,,Case Rate,". MPL 100/50/25% all add ons apply, and lesser of 100% of billed charges",4923.38,,,,,,,Case Rate,". MPL 100/50/25% all add ons apply, and lesser of 100% of billed charges",6593,,,,,,,Case Rate,". Primary procedure pays at 100%, secondary at 50%, all subsequent at 25%.  Lesser of applies when negotiated rates exceed charges less addons.",283.85,,,,,,,Case Rate,"83% HF Fee schedule. ",12574,,,,,,,Case Rate,". Primary procedure pays at 100%, all subsequent at 50%.",12574,,,,,,,Case Rate,". Primary procedure pays at 100%, all subsequent at 50%.",3280,,,,,,,Case Rate,". MPL 100/50/25% all add ons apply, and lesser of 100% of billed charges",3280,,,,,,,Case Rate,". MPL 100/50/25% all add ons apply, and lesser of 100% of billed charges",283.85,,,,,,,Case Rate,"100% Medicare OPPS FS. ",283.85,,,,,,,Case Rate,"100% Medicare OPPS FS. ",283.85,,,,,,,Case Rate,"100% Medicare OPPS FS. ",283.85,,,,,,,Case Rate,"100% Medicare OPPS FS. ",4923.38,,,,,,,Case Rate,". MPL 100/50/25% all add ons apply, and lesser of 100% of billed charges",4100,,,,,,,Case Rate,". MPL 100/50/25% all add ons apply, and lesser of 100% of billed charges",4100,,,,,,,Case Rate,". MPL 100/50/25% all add ons apply, and lesser of 100% of billed charges",283.85,,,,,,,Case Rate,"100% Medicare OPPS FS. ",3280,,,,,,,Case Rate,". MPL 100/50/25% all add ons apply, and lesser of 100% of billed charges",8427,,,,,,,Case Rate,". Primary procedure pays at 100%, all subsequent at 50%.",900.71,,,,,,,Fee Schedule,"120 Percent of Medicaid APG. ",750.59,,,,,,,Case Rate,"100 Percent of Medicaid APG. ",7163,,,,,,,Case Rate,". ",3690,,,,,,,Case Rate,". MPL 100/50/25% all add ons apply, and lesser of 100% of billed charges",3690,,,,,,,Case Rate,". MPL 100/50/25% all add ons apply, and lesser of 100% of billed charges",4100,,,,,,,Case Rate,". MPL 100/50/25% all add ons apply, and lesser of 100% of billed charges",18686,,,,,,,Case Rate,". MPL 100/75/50% all add ons apply, and lesser of 100% of billed charges",283.85,,,,,,,Case Rate,"100%Medicare OPPS FS. ",788.12,,,,,,,Fee Schedule,105 percent of Medicaid APG. otherwise 105% of Ordered NYS MCD FS or 105% of ASP+6%,788.12,,,,,,,Fee Schedule,105 percent of Medicaid APG. otherwise 105% of Ordered NYS MCD FS or 105% of ASP+6%,788.12,,,,,,,Fee Schedule,105 percent of Medicaid APG. otherwise 105% of Ordered NYS MCD FS or 105% of ASP+6%,1013.3,,,,,,,Fee Schedule,135 percent of Medicaid APG. otherwise 135% of Ordered NYS MCD FS or 135% of ASP+6%,4923.38,,,,,,,Case Rate,". MPL 100/50/25% all add ons apply, and lesser of 100% of billed charges",788.12,,,,,,,Fee Schedule,105 percent of Medicaid APG. otherwise 105% of Ordered NYS MCD FS or 105% of ASP+6%,788.12,,,,,,,Fee Schedule,105 percent of Medicaid APG. otherwise 105% of Ordered NYS MCD FS or 105% of ASP+6%,788.12,,,,,,,Fee Schedule,105 percent of Medicaid APG. otherwise 105% of Ordered NYS MCD FS or 105% of ASP+6%,788.12,,,,,,,Fee Schedule,105 percent of Medicaid APG. otherwise 105% of Ordered NYS MCD FS or 105% of ASP+6%,788.12,,,,,,,Fee Schedule,105 percent of Medicaid APG. otherwise 105% of Ordered NYS MCD FS or 105% of ASP+6%,1013.3,,,,,,,Fee Schedule,135 percent of Medicaid APG. otherwise 135% of Ordered NYS MCD FS or 135% of ASP+6%,1013.3,,,,,,,Fee Schedule,135 percent of Medicaid APG. otherwise 135% of Ordered NYS MCD FS or 135% of ASP+6%,283.85,,,,,,,Case Rate,"100% Medicare OPPS FS. ",4923.38,,,,,,,Case Rate,". MPL 100/50/25% all add ons apply, and lesser of 100% of billed charges",283.85,,,,,,,Case Rate,"100% Medicare OPPS FS. ",788.12,,,,,,,Fee Schedule,105 percent of Medicaid APG. otherwise 105% of Ordered NYS MCD FS or 105% of ASP+6%,4100,,,,,,,Case Rate,". MPL 100/50/25% all add ons apply, and lesser of 100% of billed charges",283.85,,,,,,,Case Rate,"100% Medicare OPPS FS. ",4100,,,,,,,Case Rate,". MPL 100/50/25% all add ons apply, and lesser of 100% of billed charges",4100,,,,,,,Case Rate,". MPL 100/50/25% all add ons apply, and lesser of 100% of billed charges",4100,,,,,,,Case Rate,". MPL 100/50/25% all add ons apply, and lesser of 100% of billed charges",788.12,,,,,,,Fee Schedule,105 percent of Medicaid APG. otherwise 105% of Ordered NYS MCD FS or 105% of ASP+6%,283.85,,,,,,,Case Rate,"100% Medicare OPPS FS. ",4100,,,,,,,Case Rate,". MPL 100/50/25% all add ons apply, and lesser of 100% of billed charges",1013.3,,,,,,,Fee Schedule,135 percent of Medicaid APG. otherwise 135% of Ordered NYS MCD FS or 135% of ASP+6%,4100,,,,,,,Case Rate,". MPL 100/50/25% all add ons apply, and lesser of 100% of billed charges",20917.4,200,,,,,0,Case Rate,200% of Medicare OPPS. ; No services were performed during the 15 month look back period.,283.85,,,,,,,Case Rate,"100%Medicare OPPS FS. ",7163,,,,,,,Case Rate,". ",7163,,,,,,,Case Rate,". ",7163,,,,,,,Case Rate,". ",7163,,,,,,,Case Rate,". ",7163,,,,,,,Case Rate,". ",8427,,,,,,,Case Rate,". Primary procedure pays at 100%, all subsequent at 50%.",8427,,,,,,,Case Rate,". Primary procedure pays at 100%, all subsequent at 50%.",7163,,,,,,,Case Rate,". ",7163,,,,,,,Case Rate,". ",7163,,,,,,,Case Rate,". ",7163,,,,,,,Case Rate,". ",7163,,,,,,,Case Rate,". ",283.85,,,,,,,Case Rate,"100% Medicare OPPS FS. ",8427,,,,,,,Case Rate,". Primary procedure pays at 100%, all subsequent at 50%.",283.85,,,,,,,Case Rate,"100% Medicare OPPS FS. ",1688.83,,,,,,,Case Rate,"225 Percent of Medicaid APG. If not included in Medicaid APG, then 100 Percent of Manhattan Medicare",750.59,,,,,,,Case Rate,"100 Percent of Medicaid APG. ",4923.38,,,,,,,Case Rate,". MPL 100/50/25% all add ons apply, and lesser of 100% of billed charges",4923.38,,,,,,,Case Rate,". MPL 100/50/25% all add ons apply, and lesser of 100% of billed charges",283.85,,,,,,,Case Rate,"100% Medicare OPPS FS. ",12574,,,,,,,Case Rate,". Primary procedure pays at 100%, all subsequent at 50%.",283.85,,,,,,,Case Rate,"100% Medicare OPPS FS. ",283.85,,,,,,,Case Rate,"100% Medicare OPPS FS. ",6593,,,,,,,Case Rate,". Primary procedure pays at 100%, secondary at 50%, all subsequent at 25%.  Lesser of applies when negotiated rates exceed charges less addons.",283.85,,,,,,,Case Rate,"100% Medicare OPPS FS. ",,,,,,,,Other,". ",283.85,,,,,,,Case Rate,"100% Medicare OPPS FS. ",,,,,,,,Other,". ",6593,,,,,,,Case Rate,". Primary procedure pays at 100%, secondary at 50%, all subsequent at 25%.  Lesser of applies when negotiated rates exceed charges less addons.",,,,,,,,Other,". ",283.85,,,,,,,Case Rate,"100% Medicare OPPS FS. ",750.59,,,,,,,Case Rate,"100 Percent of Medicaid APG. ",283.85,,,,,,,Case Rate,"100% Medicare OPPS FS. ",,,,,,,,Other,". ",4923.38,,,,,,,Case Rate,". MPL 100/50/25% all add ons apply, and lesser of 100% of billed charges",750.59,,,,,,,Case Rate,"100 Percent of Medicaid APG. ",4100,,,,,,,Case Rate,". MPL 100/50/25% all add ons apply, and lesser of 100% of billed charges",900.71,,,,,,,Fee Schedule,"120 Percent of Medicaid APG. ",900.71,,,,,,,Fee Schedule,"120 Percent of Medicaid APG. ",4100,,,,,,,Case Rate,". MPL 100/50/25% all add ons apply, and lesser of 100% of billed charges",4100,,,,,,,Case Rate,". MPL 100/50/25% all add ons apply, and lesser of 100% of billed charges",4100,,,,,,,Case Rate,". MPL 100/50/25% all add ons apply, and lesser of 100% of billed charges",4923.38,,,,,,,Case Rate,". MPL 100/50/25% all add ons apply, and lesser of 100% of billed charges",4100,,,,,,,Case Rate,". MPL 100/50/25% all add ons apply, and lesser of 100% of billed charges",4100,,,,,,,Case Rate,". MPL 100/50/25% all add ons apply, and lesser of 100% of billed charges",4100,,,,,,,Case Rate,". MPL 100/50/25% all add ons apply, and lesser of 100% of billed charges",7163,,,,,,,Case Rate,". ",7163,,,,,,,Case Rate,". ",562.02,,,,,,,Case Rate,198 Percent of Medicare OPPS. Metroplus will reimburse unlisted codes and described codes with no Medicare rate at 50 percent of charges.,750.59,,,,,,,Case Rate,"100 Percent of Medicaid APG. ",4923.38,,,,,,,Case Rate,". MPL 100/50/25% all add ons apply, and lesser of 100% of billed charges",,,,,,,,Other,". ",6593,,,,,,,Case Rate,". Primary procedure pays at 100%, secondary at 50%, all subsequent at 25%.  Lesser of applies when negotiated rates exceed charges less addons.",4923.38,,,,,,,Case Rate,". MPL 100/50/25% all add ons apply, and lesser of 100% of billed charges",6593,,,,,,,Case Rate,". Primary procedure pays at 100%, secondary at 50%, all subsequent at 25%.  Lesser of applies when negotiated rates exceed charges less addons.",4923.38,,,,,,,Case Rate,". MPL 100/50/25% all add ons apply, and lesser of 100% of billed charges",4100,,,,,,,Case Rate,". MPL 100/50/25% all add ons apply, and lesser of 100% of billed charges",4100,,,,,,,Case Rate,". MPL 100/50/25% all add ons apply, and lesser of 100% of billed charges",4100,,,,,,,Case Rate,". MPL 100/50/25% all add ons apply, and lesser of 100% of billed charges",4100,,,,,,,Case Rate,". MPL 100/50/25% all add ons apply, and lesser of 100% of billed charges",283.85,,,,,,,Case Rate,"100% Medicare OPPS FS. ",132.04,27121,
25301,CPT,,,490,RC,FUSION OF TENDONS AT WRIST,,,both,,,,7084,,,,,,,Case Rate,". MPL 1st 100% of Payment Rate 50% of all others, all add ons apply, and lesser of 100% of billed charges.",7084,,,,,,,Case Rate,". MPL 1st 100% of Payment Rate 50% of all others, all add ons apply, and lesser of 100% of billed charges.",10024,,,,,,,Case Rate,". Primary procedure pays at 100%, secondary at 50%, all subsequent at 25%.  Lesser of applies when negotiated rates exceed charges less addons.",,100,,,,,0,percent of total billed charges,100 percent of billed charges. ; No services were performed during the 15 month look back period.,3839.35,,,,,,,Case Rate,"100% Medicare OPPS FS. ",10024,,,,,,,Case Rate,". Primary procedure pays at 100%, secondary at 50%, all subsequent at 25%.  Lesser of applies when negotiated rates exceed charges less addons.",10024,,,,,,,Case Rate,". Primary procedure pays at 100%, secondary at 50%, all subsequent at 25%.  Lesser of applies when negotiated rates exceed charges less addons.",10024,,,,,,,Case Rate,". Primary procedure pays at 100%, secondary at 50%, all subsequent at 25%.  Lesser of applies when negotiated rates exceed charges less addons.",3149.88,,,,,,,Case Rate,"100 Percent of Medicaid APG. ",2624.9,,,,,,,Case Rate,"100 Percent of Medicaid APG. ",,78,,,,,0,percent of total billed charges,78% of Billed Charges. Lesser of 100% of billed charges applies.; No services were performed during the 15 month look back period.,10978.39,,,,,,,Case Rate,". MPL 100/50/25% all add ons apply, and lesser of 100% of billed charges",2624.9,,,,,,,Case Rate,"100 Percent of Medicaid APG. ",3839.35,,,,,,,Case Rate,"100% Medicare OPPS FS. ",6487,,,,,,,Case Rate,". MPL 100/50/25% maxmium of 3 procedures. All add ons apply, and lesser of 100% of billed charges",6487,,,,,,,Case Rate,". MPL 100/50/25% maxmium of 3 procedures. All add ons apply, and lesser of 100% of billed charges",6487,,,,,,,Case Rate,". MPL 100/50/25% maxmium of 3 procedures. All add ons apply, and lesser of 100% of billed charges",6487,,,,,,,Case Rate,". MPL 100/50/25% maxmium of 3 procedures. All add ons apply, and lesser of 100% of billed charges",2624.9,,,,,,,Case rate,124 Percent of Medicaid APG. Covered services not payable under Medicaid Fee Schedules default to a payment of 50 percent of charges.,3839.35,,,,,,,Case Rate,"100% Medicare OPPS FS. ",2624.9,,,,,,,Case rate,124 Percent of Medicaid APG. Covered services not payable under Medicaid Fee Schedules default to a payment of 50 percent of charges.,,78,,,,,0,percent of total billed charges,78% of Billed Charges. Lesser of 100% of billed charges applies.; No services were performed during the 15 month look back period.,10024,,,,,,,Case Rate,". Primary procedure pays at 100%, secondary at 50%, all subsequent at 25%.  Lesser of applies when negotiated rates exceed charges less addons.",3839.35,,,,,,,Case Rate,"100%Medicare OPPS FS. ",8427,,,,,,,Case Rate,". Primary procedure pays at 100%, all subsequent at 50%.",3839.35,,,,,,,Case Rate,"100%Medicare OPPS FS. ",3839.35,,,,,,,Case Rate,"100%Medicare OPPS FS. ",,78,,,,,0,percent of total billed charges,78% of Billed Charges. Lesser of 100% of billed charges applies.; No services were performed during the 15 month look back period.,1431.23,,,,,,,Case Rate,100% of PAS. Lesser of 100% of billed charges applies.,1431.23,,,,,,,Case Rate,100% of PAS. Lesser of 100% of billed charges applies.,2624.9,,,,,,,Case rate,"100 Percent of Medicaid APG. ",2624.9,,,,,,,Case rate,"100 Percent of Medicaid APG. ",8427,,,,,,,Case Rate,". Primary procedure pays at 100%, all subsequent at 50%.",8427,,,,,,,Case Rate,". Primary procedure pays at 100%, all subsequent at 50%.",2624.9,,,,,,,Case Rate,"100 Percent of Medicaid APG. Not APG payable, or payable under another fee schedule like ASP/AWP pays at 30% of charges",8427,,,,,,,Case Rate,". Primary procedure pays at 100%, all subsequent at 50%.",2624.9,,,,,,,Case Rate,"100 Percent of Medicaid APG. Not APG payable, or payable under another fee schedule like ASP/AWP pays at 30% of charges",3839.35,,,,,,,Case Rate,"100%Medicare OPPS FS. ",8427,,,,,,,Case Rate,". Primary procedure pays at 100%, all subsequent at 50%.",,78,,,,,0,percent of total billed charges,78% of Billed Charges. Lesser of 100% of billed charges applies.; No services were performed during the 15 month look back period.,2624.9,,,,,,,Case Rate,"100 Percent of Medicaid APG. ",2624.9,,,,,,,Case Rate,"100 Percent of Medicaid APG. ",,78,,,,,0,percent of total billed charges,78% of Billed Charges. Lesser of 100% of billed charges applies.; No services were performed during the 15 month look back period.,6487,,,,,,,Case Rate,". MPL 100/50/25% maxmium of 3 procedures. All add ons apply, and lesser of 100% of billed charges",9645,,,,,,,Case Rate,". MPL 100/50/25% all add ons apply, and lesser of 100% of billed charges",9645,,,,,,,Case Rate,". MPL 100/50/25% all add ons apply, and lesser of 100% of billed charges",,78,,,,,0,percent of total billed charges,78% of Billed Charges. Lesser of 100% of billed charges applies.; No services were performed during the 15 month look back period.,3839.35,,,,,,,Case Rate,"100% Medicare OPPS FS. ",10978.39,,,,,,,Case Rate,". MPL 100/50/25% all add ons apply, and lesser of 100% of billed charges",10978.39,,,,,,,Case Rate,". MPL 100/50/25% all add ons apply, and lesser of 100% of billed charges",10978.39,,,,,,,Case Rate,". MPL 100/50/25% all add ons apply, and lesser of 100% of billed charges",3839.35,,,,,,,Case Rate,"100% Medicare OPPS FS. ",10978.39,,,,,,,Case Rate,". MPL 100/50/25% all add ons apply, and lesser of 100% of billed charges",10978.39,,,,,,,Case Rate,". MPL 100/50/25% all add ons apply, and lesser of 100% of billed charges",3839.35,,,,,,,Case Rate,"100% of Medicare OPPS. ",25798,,,,,,,Case Rate,". MPL 100/75/50% all add ons apply, and lesser of 100% of billed charges",13586,,,,,,,Case Rate,". MPL 100/50/25% all add ons apply, and lesser of 100% of billed charges",13586,,,,,,,Case Rate,". MPL 100/50/25% all add ons apply, and lesser of 100% of billed charges",13586,,,,,,,Case Rate,". MPL 100/50/25% all add ons apply, and lesser of 100% of billed charges",13586,,,,,,,Case Rate,". MPL 100/50/25% all add ons apply, and lesser of 100% of billed charges",13586,,,,,,,Case Rate,". MPL 100/50/25% all add ons apply, and lesser of 100% of billed charges",13586,,,,,,,Case Rate,". MPL 100/50/25% all add ons apply, and lesser of 100% of billed charges",3839.35,,,,,,,Case Rate,"100% Medicare OPPS FS. ",3839.35,,,,,,,Case Rate,"100% Medicare OPPS FS. ",13586,,,,,,,Case Rate,". MPL 100/50/25% all add ons apply, and lesser of 100% of billed charges",,78,,,,,0,percent of total billed charges,78% of Billed Charges. Lesser of 100% of billed charges applies.; No services were performed during the 15 month look back period.,,78,,,,,0,percent of total billed charges,78% of Billed Charges. Lesser of 100% of billed charges applies.; No services were performed during the 15 month look back period.,,78,,,,,0,percent of total billed charges,78% of Billed Charges. Lesser of 100% of billed charges applies.; No services were performed during the 15 month look back period.,,78,,,,,0,percent of total billed charges,78% of Billed Charges. Lesser of 100% of billed charges applies.; No services were performed during the 15 month look back period.,,78,,,,,0,percent of total billed charges,78% of Billed Charges. Lesser of 100% of billed charges applies.; No services were performed during the 15 month look back period.,,78,,,,,0,percent of total billed charges,78% of Billed Charges. Lesser of 100% of billed charges applies.; No services were performed during the 15 month look back period.,,78,,,,,0,percent of total billed charges,78% of Billed Charges. Lesser of 100% of billed charges applies.; No services were performed during the 15 month look back period.,,78,,,,,0,percent of total billed charges,78% of Billed Charges. Lesser of 100% of billed charges applies.; No services were performed during the 15 month look back period.,,78,,,,,0,percent of total billed charges,78% of Billed Charges. Lesser of 100% of billed charges applies.; No services were performed during the 15 month look back period.,,78,,,,,0,percent of total billed charges,78% of Billed Charges. Lesser of 100% of billed charges applies.; No services were performed during the 15 month look back period.,,78,,,,,0,percent of total billed charges,78% of Billed Charges. Lesser of 100% of billed charges applies.; No services were performed during the 15 month look back period.,,78,,,,,0,percent of total billed charges,78% of Billed Charges. Lesser of 100% of billed charges applies.; No services were performed during the 15 month look back period.,,78,,,,,0,percent of total billed charges,78% of Billed Charges. Lesser of 100% of billed charges applies.; No services were performed during the 15 month look back period.,,78,,,,,0,percent of total billed charges,78% of Billed Charges. Lesser of 100% of billed charges applies.; No services were performed during the 15 month look back period.,,78,,,,,0,percent of total billed charges,78% of Billed Charges. Lesser of 100% of billed charges applies.; No services were performed during the 15 month look back period.,,78,,,,,0,percent of total billed charges,78% of Billed Charges. Lesser of 100% of billed charges applies.; No services were performed during the 15 month look back period.,,78,,,,,0,percent of total billed charges,78% of Billed Charges. Lesser of 100% of billed charges applies.; No services were performed during the 15 month look back period.,,78,,,,,0,percent of total billed charges,78% of Billed Charges. Lesser of 100% of billed charges applies.; No services were performed during the 15 month look back period.,,78,,,,,0,percent of total billed charges,78% of Billed Charges. Lesser of 100% of billed charges applies.; No services were performed during the 15 month look back period.,,78,,,,,0,percent of total billed charges,78% of Billed Charges. Lesser of 100% of billed charges applies.; No services were performed during the 15 month look back period.,,78,,,,,0,percent of total billed charges,78% of Billed Charges. Lesser of 100% of billed charges applies.; No services were performed during the 15 month look back period.,,78,,,,,0,percent of total billed charges,78% of Billed Charges. Lesser of 100% of billed charges applies.; No services were performed during the 15 month look back period.,,78,,,,,0,percent of total billed charges,78% of Billed Charges. Lesser of 100% of billed charges applies.; No services were performed during the 15 month look back period.,,78,,,,,0,percent of total billed charges,78% of Billed Charges. Lesser of 100% of billed charges applies.; No services were performed during the 15 month look back period.,,78,,,,,0,percent of total billed charges,78% of Billed Charges. Lesser of 100% of billed charges applies.; No services were performed during the 15 month look back period.,,78,,,,,0,percent of total billed charges,78% of Billed Charges. Lesser of 100% of billed charges applies.; No services were performed during the 15 month look back period.,8427,,,,,,,Case Rate,". Primary procedure pays at 100%, all subsequent at 50%.",8427,,,,,,,Case Rate,". Primary procedure pays at 100%, all subsequent at 50%.",8427,,,,,,,Case Rate,". Primary procedure pays at 100%, all subsequent at 50%.",8427,,,,,,,Case Rate,". Primary procedure pays at 100%, all subsequent at 50%.",12574,,,,,,,Case Rate,". Primary procedure pays at 100%, all subsequent at 50%.",12574,,,,,,,Case Rate,". Primary procedure pays at 100%, all subsequent at 50%.",6487,,,,,,,Case Rate,". MPL 100/50/25% maxmium of 3 procedures. All add ons apply, and lesser of 100% of billed charges",13586,,,,,,,Case Rate,". MPL 100/50/25% all add ons apply, and lesser of 100% of billed charges",10978.39,,,,,,,Case Rate,". MPL 100/50/25% all add ons apply, and lesser of 100% of billed charges",13586,,,,,,,Case Rate,". MPL 100/50/25% all add ons apply, and lesser of 100% of billed charges",,78,,,,,0,percent of total billed charges,78% of Billed Charges. Lesser of 100% of billed charges applies.; No services were performed during the 15 month look back period.,12574,,,,,,,Case Rate,". Primary procedure pays at 100%, all subsequent at 50%.",13586,,,,,,,Case Rate,". MPL 100/50/25% all add ons apply, and lesser of 100% of billed charges",10978.39,,,,,,,Case Rate,". MPL 100/50/25% all add ons apply, and lesser of 100% of billed charges",6487,,,,,,,Case Rate,". MPL 100/50/25% maxmium of 3 procedures. All add ons apply, and lesser of 100% of billed charges",,,,,,,,,"NA. ",,78,,,,,0,percent of total billed charges,78% of Billed Charges. Lesser of 100% of billed charges applies.; No services were performed during the 15 month look back period.,2624.9,,,,,,,Case Rate,"100 Percent of Medicaid APG. ",8427,,,,,,,Case Rate,". Primary procedure pays at 100%, all subsequent at 50%.",2624.9,,,,,,,Case Rate,"100 Percent of Medicaid APG. Not APG payable, or payable under another fee schedule like ASP/AWP pays at 30% of charges",3839.35,,,,,,,Case Rate,"100%Medicare OPPS FS. ",3839.35,,,,,,,Case Rate,"100% Medicare OPPS FS. ",25798,,,,,,,Case Rate,". MPL 100/75/50% all add ons apply, and lesser of 100% of billed charges",3839.35,,,,,,,Case Rate,"100% Medicare OPPS FS. ",3839.35,,,,,,,Case Rate,"100% Medicare OPPS FS. ",2624.9,,,,,,,Case Rate,"100 Percent of Medicaid APG. ",3839.35,,,,,,,Case Rate,"100% Medicare OPPS FS. ",3839.35,,,,,,,Case Rate,"100% Medicare OPPS FS. ",10024,,,,,,,Case Rate,". Primary procedure pays at 100%, secondary at 50%, all subsequent at 25%.  Lesser of applies when negotiated rates exceed charges less addons.",10024,,,,,,,Case Rate,". Primary procedure pays at 100%, secondary at 50%, all subsequent at 25%.  Lesser of applies when negotiated rates exceed charges less addons.",3839.35,,,,,,,Case Rate,"100% Medicare OPPS FS. ",6487,,,,,,,Case Rate,". MPL 100/50/25% maxmium of 3 procedures. All add ons apply, and lesser of 100% of billed charges",10978.39,,,,,,,Case Rate,". MPL 100/50/25% all add ons apply, and lesser of 100% of billed charges",10978.39,,,,,,,Case Rate,". MPL 100/50/25% all add ons apply, and lesser of 100% of billed charges",3839.35,,,,,,,Case Rate,"100% Medicare OPPS FS. ",6487,,,,,,,Case Rate,". MPL 100/50/25% maxmium of 3 procedures. All add ons apply, and lesser of 100% of billed charges",10024,,,,,,,Case Rate,". Primary procedure pays at 100%, secondary at 50%, all subsequent at 25%.  Lesser of applies when negotiated rates exceed charges less addons.",10024,,,,,,,Case Rate,". Primary procedure pays at 100%, secondary at 50%, all subsequent at 25%.  Lesser of applies when negotiated rates exceed charges less addons.",10024,,,,,,,Case Rate,". Primary procedure pays at 100%, secondary at 50%, all subsequent at 25%.  Lesser of applies when negotiated rates exceed charges less addons.",,78,,,,,0,percent of total billed charges,78% of Billed Charges. Lesser of 100% of billed charges applies.; No services were performed during the 15 month look back period.,,78,,,,,0,percent of total billed charges,78% of Billed Charges. Lesser of 100% of billed charges applies.; No services were performed during the 15 month look back period.,,78,,,,,0,percent of total billed charges,78% of Billed Charges. Lesser of 100% of billed charges applies.; No services were performed during the 15 month look back period.,,78,,,,,0,percent of total billed charges,78% of Billed Charges. Lesser of 100% of billed charges applies.; No services were performed during the 15 month look back period.,,78,,,,,0,percent of total billed charges,78% of Billed Charges. Lesser of 100% of billed charges applies.; No services were performed during the 15 month look back period.,,78,,,,,0,percent of total billed charges,78% of Billed Charges. Lesser of 100% of billed charges applies.; No services were performed during the 15 month look back period.,,78,,,,,0,percent of total billed charges,78% of Billed Charges. Lesser of 100% of billed charges applies.; No services were performed during the 15 month look back period.,,78,,,,,0,percent of total billed charges,78% of Billed Charges. Lesser of 100% of billed charges applies.; No services were performed during the 15 month look back period.,,78,,,,,0,percent of total billed charges,78% of Billed Charges. Lesser of 100% of billed charges applies.; No services were performed during the 15 month look back period.,,78,,,,,0,percent of total billed charges,78% of Billed Charges. Lesser of 100% of billed charges applies.; No services were performed during the 15 month look back period.,,78,,,,,0,percent of total billed charges,78% of Billed Charges. Lesser of 100% of billed charges applies.; No services were performed during the 15 month look back period.,12574,,,,,,,Case Rate,". Primary procedure pays at 100%, all subsequent at 50%.",13586,,,,,,,Case Rate,". MPL 100/50/25% all add ons apply, and lesser of 100% of billed charges",6487,,,,,,,Case Rate,". MPL 100/50/25% maxmium of 3 procedures. All add ons apply, and lesser of 100% of billed charges",3839.35,,,,,,,Case Rate,"100% Medicare OPPS FS. ",10024,,,,,,,Case Rate,". Primary procedure pays at 100%, secondary at 50%, all subsequent at 25%.  Lesser of applies when negotiated rates exceed charges less addons.",6487,,,,,,,Case Rate,". MPL 100/50/25% maxmium of 3 procedures. All add ons apply, and lesser of 100% of billed charges",6487,,,,,,,Case Rate,". MPL 100/50/25% maxmium of 3 procedures. All add ons apply, and lesser of 100% of billed charges",,78,,,,,0,percent of total billed charges,78% of Billed Charges. Lesser of 100% of billed charges applies.; No services were performed during the 15 month look back period.,5617.28,,,,,,,Case Rate,"214 Percent of Medicaid APG. Drugs not priced under APG, billed with revenue code 636 and not priced by Medicare ASP FeeSched will be reimbursed at 20% of charges.",6487,,,,,,,Case Rate,". MPL 100/50/25% maxmium of 3 procedures. All add ons apply, and lesser of 100% of billed charges",2624.9,,,,,,,Case Rate,"100 Percent of Medicaid APG. ",3839.35,,,,,,,Case Rate,"100% Medicare OPPS FS. ",3839.35,,,,,,,Case Rate,"100% Medicare OPPS FS. ",3839.35,,,,,,,Case Rate,"100% Medicare OPPS FS. ",3839.35,,,,,,,Case Rate,"100% Medicare OPPS FS. ",3839.35,,,,,,,Case Rate,"100% Medicare OPPS FS. ",3839.35,,,,,,,Case Rate,"100% Medicare OPPS FS. ",6487,,,,,,,Case Rate,". MPL 100/50/25% maxmium of 3 procedures. All add ons apply, and lesser of 100% of billed charges",25798,,,,,,,Case Rate,". MPL 100/75/50% all add ons apply, and lesser of 100% of billed charges",4724.82,,,,,,,Fee Schedule,"180 Percent of Medicaid APG. ",4724.82,,,,,,,Fee Schedule,"180 Percent of Medicaid APG. ",4724.82,,,,,,,Fee Schedule,"180 Percent of Medicaid APG. ",4724.82,,,,,,,Fee Schedule,"180 Percent of Medicaid APG. ",4724.82,,,,,,,Fee Schedule,"180 Percent of Medicaid APG. ",,,,,,,,,"NA. ",25798,,,,,,,Case Rate,". MPL 100/75/50% all add ons apply, and lesser of 100% of billed charges",7601.91,,,,,,,Case Rate,198 Percent of Medicare OPPS. Metroplus will reimburse unlisted codes and described codes with no Medicare rate at 50 percent of charges.,7601.91,,,,,,,Case Rate,198 Percent of Medicare OPPS. Metroplus will reimburse unlisted codes and described codes with no Medicare rate at 50 percent of charges.,7601.91,,,,,,,Case Rate,198 Percent of Medicare OPPS. Metroplus will reimburse unlisted codes and described codes with no Medicare rate at 50 percent of charges.,7601.91,,,,,,,Case Rate,198 Percent of Medicare OPPS. Metroplus will reimburse unlisted codes and described codes with no Medicare rate at 50 percent of charges.,7601.91,,,,,,,Case Rate,198 Percent of Medicare OPPS. Metroplus will reimburse unlisted codes and described codes with no Medicare rate at 50 percent of charges.,3839.35,,,,,,,Case Rate,"100% Medicare OPPS FS. ",12574,,,,,,,Case Rate,". Primary procedure pays at 100%, all subsequent at 50%.",12574,,,,,,,Case Rate,". Primary procedure pays at 100%, all subsequent at 50%.",12574,,,,,,,Case Rate,". Primary procedure pays at 100%, all subsequent at 50%.",12574,,,,,,,Case Rate,". Primary procedure pays at 100%, all subsequent at 50%.",10024,,,,,,,Case Rate,". Primary procedure pays at 100%, secondary at 50%, all subsequent at 25%.  Lesser of applies when negotiated rates exceed charges less addons.",10024,,,,,,,Case Rate,". Primary procedure pays at 100%, secondary at 50%, all subsequent at 25%.  Lesser of applies when negotiated rates exceed charges less addons.",10024,,,,,,,Case Rate,". Primary procedure pays at 100%, secondary at 50%, all subsequent at 25%.  Lesser of applies when negotiated rates exceed charges less addons.",10024,,,,,,,Case Rate,". Primary procedure pays at 100%, secondary at 50%, all subsequent at 25%.  Lesser of applies when negotiated rates exceed charges less addons.",25798,,,,,,,Case Rate,". MPL 100/75/50% all add ons apply, and lesser of 100% of billed charges",25798,,,,,,,Case Rate,". MPL 100/75/50% all add ons apply, and lesser of 100% of billed charges",3839.35,,,,,,,Case Rate,"100% Medicare OPPS FS. ",3839.35,,,,,,,Case Rate,"100% Medicare OPPS FS. ",3839.35,,,,,,,Case Rate,"100% Medicare OPPS FS. ",13586,,,,,,,Case Rate,". MPL 100/50/25% all add ons apply, and lesser of 100% of billed charges",13586,,,,,,,Case Rate,". MPL 100/50/25% all add ons apply, and lesser of 100% of billed charges",13586,,,,,,,Case Rate,". MPL 100/50/25% all add ons apply, and lesser of 100% of billed charges",25798,,,,,,,Case Rate,". MPL 100/75/50% all add ons apply, and lesser of 100% of billed charges",10024,,,,,,,Case Rate,". Primary procedure pays at 100%, secondary at 50%, all subsequent at 25%.  Lesser of applies when negotiated rates exceed charges less addons.",3839.35,,,,,,,Case Rate,"100% Medicare OPPS FS. ",13586,,,,,,,Case Rate,". MPL 100/50/25% all add ons apply, and lesser of 100% of billed charges",2624.9,,,,,,,Case Rate,"100 Percent of Medicaid APG. ",3916.13,,,,,,,Case Rate,"102% of Medicare OPPS. ",3916.13,,,,,,,Case Rate,"102% of Medicare OPPS. ",3916.13,,,,,,,Case Rate,"102% of Medicare OPPS. ",2624.9,,,,,,,Case rate,"100 Percent of Medicaid APG. ",5906.02,,,,,,,Case Rate,225% of NYS APG. Lesser of 100% of billed charges applies.,5906.02,,,,,,,Case Rate,225% of NYS APG. Lesser of 100% of billed charges applies.,5906.02,,,,,,,Case Rate,225% of NYS APG. Lesser of 100% of billed charges applies.,5906.02,,,,,,,Case Rate,225% of NYS APG. Lesser of 100% of billed charges applies.,5906.02,,,,,,,Case Rate,225% of NYS APG. Lesser of 100% of billed charges applies.,3916.13,,,,,,,Case Rate,"102% of Medicare OPPS. ",2624.9,,,,,,,Case Rate,"100 Percent of Medicaid APG. ",1431.23,,,,,,,Case Rate,100% of PAS. Lesser of 100% of billed charges applies.,5906.02,,,,,,,Case Rate,225% of NYS APG. Lesser of 100% of billed charges applies.,5906.02,,,,,,,Case Rate,225% of NYS APG. Lesser of 100% of billed charges applies.,1431.23,,,,,,,Case Rate,100% of PAS. Lesser of 100% of billed charges applies.,1431.23,,,,,,,Case Rate,100% of PAS. Lesser of 100% of billed charges applies.,4724.82,,,,,,,Fee Schedule,"180 Percent of Medicaid APG. ",3839.35,,,,,,,Case Rate,"100% Medicare OPPS FS. ",3839.35,,,,,,,Case Rate,"100% Medicare OPPS FS. ",10024,,,,,,,Case Rate,". Primary procedure pays at 100%, secondary at 50%, all subsequent at 25%.  Lesser of applies when negotiated rates exceed charges less addons.",3839.35,,,,,,,Case Rate,"100% Medicare OPPS FS. ",5906.02,,,,,,,Case Rate,"225 Percent of Medicaid APG. ",5906.02,,,,,,,Case Rate,"225 Percent of Medicaid APG. ",2624.9,,,,,,,Case rate,"100 Percent of Medicaid APG. ",2624.9,,,,,,,Case rate,"100 Percent of Medicaid APG. ",5906.02,,,,,,,Case Rate,225 Percent of Medicaid APG. Covered services not payable under Medicaid Fee Schedules default to a payment of 87.5 percent of charges.,2624.9,,,,,,,Case rate,124 Percent of Medicaid APG. Covered services not payable under Medicaid Fee Schedules default to a payment of 50 percent of charges.,5906.02,,,,,,,Case Rate,"100 Percent of Medicaid APG. ",5906.02,,,,,,,Case Rate,"100 Percent of Medicaid APG. ",5906.02,,,,,,,Case Rate,"100 Percent of Medicaid APG. ",5906.02,,,,,,,Case Rate,"100 Percent of Medicaid APG. ",13453,,,,,,,Case Rate,". MPL 100/75/50% all add ons apply, and lesser of 100% of billed charges",25798,,,,,,,Case Rate,". MPL 100/75/50% all add ons apply, and lesser of 100% of billed charges",3149.88,,,,,,,Case Rate,"120 Percent of Medicaid APG. Not APG payable, or payable under another fee schedule like ASP/AWP pays at 30% of charges",3149.88,,,,,,,Case Rate,"120 Percent of Medicaid APG. Not APG payable, or payable under another fee schedule like ASP/AWP pays at 30% of charges",2624.9,,,,,,,Case Rate,"100 Percent of Medicaid APG. Not APG payable, or payable under another fee schedule like ASP/AWP pays at 30% of charges",2624.9,,,,,,,Case Rate,"100 Percent of Medicaid APG. Not APG payable, or payable under another fee schedule like ASP/AWP pays at 30% of charges",13586,,,,,,,Case Rate,". MPL 100/50/25% all add ons apply, and lesser of 100% of billed charges",13586,,,,,,,Case Rate,". MPL 100/50/25% all add ons apply, and lesser of 100% of billed charges",3839.35,,,,,,,Case Rate,"100% Medicare OPPS FS. ",13586,,,,,,,Case Rate,". MPL 100/50/25% all add ons apply, and lesser of 100% of billed charges",13586,,,,,,,Case Rate,". MPL 100/50/25% all add ons apply, and lesser of 100% of billed charges",13586,,,,,,,Case Rate,". MPL 100/50/25% all add ons apply, and lesser of 100% of billed charges",13586,,,,,,,Case Rate,". MPL 100/50/25% all add ons apply, and lesser of 100% of billed charges",3839.35,,,,,,,Case Rate,"100% Medicare OPPS FS. ",13586,,,,,,,Case Rate,". MPL 100/50/25% all add ons apply, and lesser of 100% of billed charges",13586,,,,,,,Case Rate,". MPL 100/50/25% all add ons apply, and lesser of 100% of billed charges",10024,,,,,,,Case Rate,". Primary procedure pays at 100%, secondary at 50%, all subsequent at 25%.  Lesser of applies when negotiated rates exceed charges less addons.",2624.9,,,,,,,Fee Schedule,100% APG. Lesser of 100% of billed charges applies.,2624.9,,,,,,,Case rate,124 Percent of Medicaid APG. Covered services not payable under Medicaid Fee Schedules default to a payment of 50 percent of charges.,5906.02,,,,,,,Case Rate,225% of NYS APG. Lesser of 100% of billed charges applies.,5906.02,,,,,,,Case Rate,225 Percent of Medicaid APG. Covered services not payable under Medicaid Fee Schedules default to a payment of 87.5 percent of charges.,2624.9,,,,,,,Case rate,124 Percent of Medicaid APG. Covered services not payable under Medicaid Fee Schedules default to a payment of 50 percent of charges.,5906.02,,,,,,,Case Rate,225% of NYS APG. Lesser of 100% of billed charges applies.,5906.02,,,,,,,Case Rate,225% of NYS APG. Lesser of 100% of billed charges applies.,5906.02,,,,,,,Case Rate,225% of NYS APG. Lesser of 100% of billed charges applies.,5906.02,,,,,,,Case Rate,225% of NYS APG. Lesser of 100% of billed charges applies.,5906.02,,,,,,,Case Rate,225% of NYS APG. Lesser of 100% of billed charges applies.,5906.02,,,,,,,Case Rate,225% of NYS APG. Lesser of 100% of billed charges applies.,,,,,,,,,"NA. ",,,,,,,,,"NA. ",,,,,,,,,"NA. ",6487,,,,,,,Case Rate,". MPL 100/50/25% maxmium of 3 procedures. All add ons apply, and lesser of 100% of billed charges",,,,,,,,,"NA. ",3839.35,,,,,,,Case Rate,"100% Medicare OPPS FS. ",7084,,,,,,,Case Rate,". MPL 1st 100% of Payment Rate 50% of all others, all add ons apply, and lesser of 100% of billed charges.",3839.35,,,,,,,Case Rate,"100% Medicare OPPS FS. ",3839.35,,,,,,,Case Rate,"100% Medicare OPPS FS. ",3149.88,,,,,,,Case Rate,"120 Percent of Medicaid APG. Not APG payable, or payable under another fee schedule like ASP/AWP pays at 30% of charges",3149.88,,,,,,,Case Rate,"120 Percent of Medicaid APG. Not APG payable, or payable under another fee schedule like ASP/AWP pays at 30% of charges",2624.9,,,,,,,Case Rate,"100 Percent of Medicaid APG. Not APG payable, or payable under another fee schedule like ASP/AWP pays at 30% of charges",2624.9,,,,,,,Case Rate,"100 Percent of Medicaid APG. Not APG payable, or payable under another fee schedule like ASP/AWP pays at 30% of charges",2624.9,,,,,,,Case Rate,"100 Percent of Medicaid APG. ",7163,,,,,,,Case Rate,". ",10024,,,,,,,Case Rate,". Primary procedure pays at 100%, secondary at 50%, all subsequent at 25%.  Lesser of applies when negotiated rates exceed charges less addons.",8427,,,,,,,Case Rate,". Primary procedure pays at 100%, all subsequent at 50%.",6487,,,,,,,Case Rate,". MPL 100/50/25% maxmium of 3 procedures. All add ons apply, and lesser of 100% of billed charges",3839.35,,,,,,,Case Rate,"100%Medicare OPPS FS. ",3839.35,,,,,,,Case Rate,"100% Medicare OPPS FS. ",3839.35,,,,,,,Case Rate,"100% Medicare OPPS FS. ",3839.35,,,,,,,Case Rate,"100% Medicare OPPS FS. ",3839.35,,,,,,,Case Rate,"100%Medicare OPPS FS. ",3839.35,,,,,,,Case Rate,"100% Medicare OPPS FS. ",,,,,,,,,"NA. ",5906.02,,,,,,,Case Rate,225% of NYS APG. Lesser of 100% of billed charges applies.,1431.23,,,,,,,Case Rate,100% of PAS. Lesser of 100% of billed charges applies.,13586,,,,,,,Case Rate,". MPL 100/50/25% all add ons apply, and lesser of 100% of billed charges",7163,,,,,,,Case Rate,". ",7163,,,,,,,Case Rate,". ",7163,,,,,,,Case Rate,". ",7163,,,,,,,Case Rate,". ",3839.35,,,,,,,Case Rate,"100% Medicare OPPS FS. ",2624.9,,,,,,,Case Rate,"100 Percent of Medicaid APG. ",13586,,,,,,,Case Rate,". MPL 100/50/25% all add ons apply, and lesser of 100% of billed charges",2624.9,,,,,,,Case Rate,"100 Percent of Medicaid APG. ",3839.35,,,,,,,Case Rate,"100% Medicare OPPS FS. ",2624.9,,,,,,,Case Rate,"100 Percent of Medicaid APG. ",3839.35,,,,,,,Case Rate,"100% Medicare OPPS FS. ",3839.35,,,,,,,Case Rate,"100% Medicare OPPS FS. ",2624.9,,,,,,,Case Rate,"100 Percent of Medicaid APG. ",2624.9,,,,,,,Case Rate,"100 Percent of Medicaid APG. ",7163,,,,,,,Case Rate,". ",6487,,,,,,,Case Rate,". MPL 100/50/25% maxmium of 3 procedures. All add ons apply, and lesser of 100% of billed charges",,78,,,,,0,percent of total billed charges,78% of Billed Charges. Lesser of 100% of billed charges applies.; No services were performed during the 15 month look back period.,10978.39,,,,,,,Case Rate,". MPL 100/50/25% all add ons apply, and lesser of 100% of billed charges",10978.39,,,,,,,Case Rate,". MPL 100/50/25% all add ons apply, and lesser of 100% of billed charges",10024,,,,,,,Case Rate,". Primary procedure pays at 100%, secondary at 50%, all subsequent at 25%.  Lesser of applies when negotiated rates exceed charges less addons.",1516.35,,,,,,,Case Rate,"83% HF Fee schedule. ",12574,,,,,,,Case Rate,". Primary procedure pays at 100%, all subsequent at 50%.",12574,,,,,,,Case Rate,". Primary procedure pays at 100%, all subsequent at 50%.",10869,,,,,,,Case Rate,". MPL 100/50/25% all add ons apply, and lesser of 100% of billed charges",10869,,,,,,,Case Rate,". MPL 100/50/25% all add ons apply, and lesser of 100% of billed charges",3839.35,,,,,,,Case Rate,"100% Medicare OPPS FS. ",3839.35,,,,,,,Case Rate,"100% Medicare OPPS FS. ",3839.35,,,,,,,Case Rate,"100% Medicare OPPS FS. ",3839.35,,,,,,,Case Rate,"100% Medicare OPPS FS. ",10978.39,,,,,,,Case Rate,". MPL 100/50/25% all add ons apply, and lesser of 100% of billed charges",13586,,,,,,,Case Rate,". MPL 100/50/25% all add ons apply, and lesser of 100% of billed charges",13586,,,,,,,Case Rate,". MPL 100/50/25% all add ons apply, and lesser of 100% of billed charges",3839.35,,,,,,,Case Rate,"100% Medicare OPPS FS. ",10869,,,,,,,Case Rate,". MPL 100/50/25% all add ons apply, and lesser of 100% of billed charges",8427,,,,,,,Case Rate,". Primary procedure pays at 100%, all subsequent at 50%.",3149.88,,,,,,,Fee Schedule,"120 Percent of Medicaid APG. ",2624.9,,,,,,,Case Rate,"100 Percent of Medicaid APG. ",7163,,,,,,,Case Rate,". ",12227,,,,,,,Case Rate,". MPL 100/50/25% all add ons apply, and lesser of 100% of billed charges",12227,,,,,,,Case Rate,". MPL 100/50/25% all add ons apply, and lesser of 100% of billed charges",13586,,,,,,,Case Rate,". MPL 100/50/25% all add ons apply, and lesser of 100% of billed charges",14948,,,,,,,Case Rate,". MPL 100/75/50% all add ons apply, and lesser of 100% of billed charges",3839.35,,,,,,,Case Rate,"100%Medicare OPPS FS. ",2756.14,,,,,,,Fee Schedule,105 percent of Medicaid APG. otherwise 105% of Ordered NYS MCD FS or 105% of ASP+6%,2756.14,,,,,,,Fee Schedule,105 percent of Medicaid APG. otherwise 105% of Ordered NYS MCD FS or 105% of ASP+6%,2756.14,,,,,,,Fee Schedule,105 percent of Medicaid APG. otherwise 105% of Ordered NYS MCD FS or 105% of ASP+6%,3543.61,,,,,,,Fee Schedule,135 percent of Medicaid APG. otherwise 135% of Ordered NYS MCD FS or 135% of ASP+6%,10978.39,,,,,,,Case Rate,". MPL 100/50/25% all add ons apply, and lesser of 100% of billed charges",2756.14,,,,,,,Fee Schedule,105 percent of Medicaid APG. otherwise 105% of Ordered NYS MCD FS or 105% of ASP+6%,2756.14,,,,,,,Fee Schedule,105 percent of Medicaid APG. otherwise 105% of Ordered NYS MCD FS or 105% of ASP+6%,2756.14,,,,,,,Fee Schedule,105 percent of Medicaid APG. otherwise 105% of Ordered NYS MCD FS or 105% of ASP+6%,2756.14,,,,,,,Fee Schedule,105 percent of Medicaid APG. otherwise 105% of Ordered NYS MCD FS or 105% of ASP+6%,2756.14,,,,,,,Fee Schedule,105 percent of Medicaid APG. otherwise 105% of Ordered NYS MCD FS or 105% of ASP+6%,3543.61,,,,,,,Fee Schedule,135 percent of Medicaid APG. otherwise 135% of Ordered NYS MCD FS or 135% of ASP+6%,3543.61,,,,,,,Fee Schedule,135 percent of Medicaid APG. otherwise 135% of Ordered NYS MCD FS or 135% of ASP+6%,3839.35,,,,,,,Case Rate,"100% Medicare OPPS FS. ",10978.39,,,,,,,Case Rate,". MPL 100/50/25% all add ons apply, and lesser of 100% of billed charges",3839.35,,,,,,,Case Rate,"100% Medicare OPPS FS. ",2756.14,,,,,,,Fee Schedule,105 percent of Medicaid APG. otherwise 105% of Ordered NYS MCD FS or 105% of ASP+6%,13586,,,,,,,Case Rate,". MPL 100/50/25% all add ons apply, and lesser of 100% of billed charges",3839.35,,,,,,,Case Rate,"100% Medicare OPPS FS. ",13586,,,,,,,Case Rate,". MPL 100/50/25% all add ons apply, and lesser of 100% of billed charges",13586,,,,,,,Case Rate,". MPL 100/50/25% all add ons apply, and lesser of 100% of billed charges",13586,,,,,,,Case Rate,". MPL 100/50/25% all add ons apply, and lesser of 100% of billed charges",2756.14,,,,,,,Fee Schedule,105 percent of Medicaid APG. otherwise 105% of Ordered NYS MCD FS or 105% of ASP+6%,3839.35,,,,,,,Case Rate,"100% Medicare OPPS FS. ",13586,,,,,,,Case Rate,". MPL 100/50/25% all add ons apply, and lesser of 100% of billed charges",3543.61,,,,,,,Fee Schedule,135 percent of Medicaid APG. otherwise 135% of Ordered NYS MCD FS or 135% of ASP+6%,13586,,,,,,,Case Rate,". MPL 100/50/25% all add ons apply, and lesser of 100% of billed charges",,200,,,,,0,Case Rate,200% of Medicare OPPS. ; No services were performed during the 15 month look back period.,3839.35,,,,,,,Case Rate,"100%Medicare OPPS FS. ",7163,,,,,,,Case Rate,". ",7163,,,,,,,Case Rate,". ",7163,,,,,,,Case Rate,". ",7163,,,,,,,Case Rate,". ",7163,,,,,,,Case Rate,". ",8427,,,,,,,Case Rate,". Primary procedure pays at 100%, all subsequent at 50%.",8427,,,,,,,Case Rate,". Primary procedure pays at 100%, all subsequent at 50%.",7163,,,,,,,Case Rate,". ",7163,,,,,,,Case Rate,". ",7163,,,,,,,Case Rate,". ",7163,,,,,,,Case Rate,". ",7163,,,,,,,Case Rate,". ",3839.35,,,,,,,Case Rate,"100% Medicare OPPS FS. ",8427,,,,,,,Case Rate,". Primary procedure pays at 100%, all subsequent at 50%.",3839.35,,,,,,,Case Rate,"100% Medicare OPPS FS. ",5906.02,,,,,,,Case Rate,"225 Percent of Medicaid APG. If not included in Medicaid APG, then 100 Percent of Manhattan Medicare",2624.9,,,,,,,Case Rate,"100 Percent of Medicaid APG. ",10978.39,,,,,,,Case Rate,". MPL 100/50/25% all add ons apply, and lesser of 100% of billed charges",10978.39,,,,,,,Case Rate,". MPL 100/50/25% all add ons apply, and lesser of 100% of billed charges",3839.35,,,,,,,Case Rate,"100% Medicare OPPS FS. ",12574,,,,,,,Case Rate,". Primary procedure pays at 100%, all subsequent at 50%.",3839.35,,,,,,,Case Rate,"100% Medicare OPPS FS. ",3839.35,,,,,,,Case Rate,"100% Medicare OPPS FS. ",10024,,,,,,,Case Rate,". Primary procedure pays at 100%, secondary at 50%, all subsequent at 25%.  Lesser of applies when negotiated rates exceed charges less addons.",3839.35,,,,,,,Case Rate,"100% Medicare OPPS FS. ",6487,,,,,,,Case Rate,". MPL 100/50/25% maxmium of 3 procedures. All add ons apply, and lesser of 100% of billed charges",3839.35,,,,,,,Case Rate,"100% Medicare OPPS FS. ",6487,,,,,,,Case Rate,". MPL 100/50/25% maxmium of 3 procedures. All add ons apply, and lesser of 100% of billed charges",10024,,,,,,,Case Rate,". Primary procedure pays at 100%, secondary at 50%, all subsequent at 25%.  Lesser of applies when negotiated rates exceed charges less addons.",6487,,,,,,,Case Rate,". MPL 100/50/25% maxmium of 3 procedures. All add ons apply, and lesser of 100% of billed charges",3839.35,,,,,,,Case Rate,"100% Medicare OPPS FS. ",2624.9,,,,,,,Case Rate,"100 Percent of Medicaid APG. ",3839.35,,,,,,,Case Rate,"100% Medicare OPPS FS. ",6487,,,,,,,Case Rate,". MPL 100/50/25% maxmium of 3 procedures. All add ons apply, and lesser of 100% of billed charges",10978.39,,,,,,,Case Rate,". MPL 100/50/25% all add ons apply, and lesser of 100% of billed charges",2624.9,,,,,,,Case Rate,"100 Percent of Medicaid APG. ",13586,,,,,,,Case Rate,". MPL 100/50/25% all add ons apply, and lesser of 100% of billed charges",3149.88,,,,,,,Fee Schedule,"120 Percent of Medicaid APG. ",3149.88,,,,,,,Fee Schedule,"120 Percent of Medicaid APG. ",13586,,,,,,,Case Rate,". MPL 100/50/25% all add ons apply, and lesser of 100% of billed charges",13586,,,,,,,Case Rate,". MPL 100/50/25% all add ons apply, and lesser of 100% of billed charges",13586,,,,,,,Case Rate,". MPL 100/50/25% all add ons apply, and lesser of 100% of billed charges",10978.39,,,,,,,Case Rate,". MPL 100/50/25% all add ons apply, and lesser of 100% of billed charges",13586,,,,,,,Case Rate,". MPL 100/50/25% all add ons apply, and lesser of 100% of billed charges",13586,,,,,,,Case Rate,". MPL 100/50/25% all add ons apply, and lesser of 100% of billed charges",13586,,,,,,,Case Rate,". MPL 100/50/25% all add ons apply, and lesser of 100% of billed charges",7163,,,,,,,Case Rate,". ",7163,,,,,,,Case Rate,". ",7601.91,,,,,,,Case Rate,198 Percent of Medicare OPPS. Metroplus will reimburse unlisted codes and described codes with no Medicare rate at 50 percent of charges.,2624.9,,,,,,,Case Rate,"100 Percent of Medicaid APG. ",10978.39,,,,,,,Case Rate,". MPL 100/50/25% all add ons apply, and lesser of 100% of billed charges",6487,,,,,,,Case Rate,". MPL 100/50/25% maxmium of 3 procedures. All add ons apply, and lesser of 100% of billed charges",10024,,,,,,,Case Rate,". Primary procedure pays at 100%, secondary at 50%, all subsequent at 25%.  Lesser of applies when negotiated rates exceed charges less addons.",10978.39,,,,,,,Case Rate,". MPL 100/50/25% all add ons apply, and lesser of 100% of billed charges",10024,,,,,,,Case Rate,". Primary procedure pays at 100%, secondary at 50%, all subsequent at 25%.  Lesser of applies when negotiated rates exceed charges less addons.",10978.39,,,,,,,Case Rate,". MPL 100/50/25% all add ons apply, and lesser of 100% of billed charges",13586,,,,,,,Case Rate,". MPL 100/50/25% all add ons apply, and lesser of 100% of billed charges",13586,,,,,,,Case Rate,". MPL 100/50/25% all add ons apply, and lesser of 100% of billed charges",13586,,,,,,,Case Rate,". MPL 100/50/25% all add ons apply, and lesser of 100% of billed charges",13586,,,,,,,Case Rate,". MPL 100/50/25% all add ons apply, and lesser of 100% of billed charges",3839.35,,,,,,,Case Rate,"100% Medicare OPPS FS. ",1431.23,25798,
25622,CPT,2023174,LOCAL,361,RC,HC CL TX CARPAL SCAPHOID FX; WO MANIP,2431.79,462.0401,both,,,,1352,,,,,,,Case Rate,". MPL 1st 100% of Payment Rate 50% of all others, all add ons apply, and lesser of 100% of billed charges.",1352,,,,,,,Case Rate,". MPL 1st 100% of Payment Rate 50% of all others, all add ons apply, and lesser of 100% of billed charges.",14113,,,,,,,Case Rate,". Primary procedure pays at 100%, secondary at 50%, all subsequent at 25%.  Lesser of applies when negotiated rates exceed charges less addons.",2431.79,100,,,,,0,percent of total billed charges,100 percent of billed charges. ; No services were performed during the 15 month look back period.,283.85,,,,,,,Case Rate,"100% Medicare OPPS FS. ",14113,,,,,,,Case Rate,". Primary procedure pays at 100%, secondary at 50%, all subsequent at 25%.  Lesser of applies when negotiated rates exceed charges less addons.",14113,,,,,,,Case Rate,". Primary procedure pays at 100%, secondary at 50%, all subsequent at 25%.  Lesser of applies when negotiated rates exceed charges less addons.",14113,,,,,,,Case Rate,". Primary procedure pays at 100%, secondary at 50%, all subsequent at 25%.  Lesser of applies when negotiated rates exceed charges less addons.",900.71,,,,,,,Case Rate,"100 Percent of Medicaid APG. ",750.59,,,,,,,Case Rate,"100 Percent of Medicaid APG. ",1896.7962,78,,,,,0,percent of total billed charges,78% of Billed Charges. Lesser of 100% of billed charges applies.; No services were performed during the 15 month look back period.,4923.38,,,,,,,Case Rate,". MPL 100/50/25% all add ons apply, and lesser of 100% of billed charges",750.59,,,,,,,Case Rate,"100 Percent of Medicaid APG. ",283.85,,,,,,,Case Rate,"100% Medicare OPPS FS. ",,,,,,,,Other,". ",,,,,,,,Other,". ",,,,,,,,Other,". ",,,,,,,,Other,". ",750.59,,,,,,,Case rate,124 Percent of Medicaid APG. Covered services not payable under Medicaid Fee Schedules default to a payment of 50 percent of charges.,283.85,,,,,,,Case Rate,"100% Medicare OPPS FS. ",750.59,,,,,,,Case rate,124 Percent of Medicaid APG. Covered services not payable under Medicaid Fee Schedules default to a payment of 50 percent of charges.,1896.7962,78,,,,,0,percent of total billed charges,78% of Billed Charges. Lesser of 100% of billed charges applies.; No services were performed during the 15 month look back period.,14113,,,,,,,Case Rate,". Primary procedure pays at 100%, secondary at 50%, all subsequent at 25%.  Lesser of applies when negotiated rates exceed charges less addons.",283.85,,,,,,,Case Rate,"100%Medicare OPPS FS. ",1775.2067,73,,,,,0,percent of total billed charges,73 percent of billed charges; No services were performed during the 15 month look back period.,283.85,,,,,,,Case Rate,"100%Medicare OPPS FS. ",283.85,,,,,,,Case Rate,"100%Medicare OPPS FS. ",1896.7962,78,,,,,0,percent of total billed charges,78% of Billed Charges. Lesser of 100% of billed charges applies.; No services were performed during the 15 month look back period.,132.04,,,,,,,Case Rate,100% of PAS. Lesser of 100% of billed charges applies.,132.04,,,,,,,Case Rate,100% of PAS. Lesser of 100% of billed charges applies.,750.59,,,,,,,Case rate,"100 Percent of Medicaid APG. ",750.59,,,,,,,Case rate,"100 Percent of Medicaid APG. ",1775.2067,73,,,,,0,percent of total billed charges,73 percent of billed charges; No services were performed during the 15 month look back period.,1775.2067,73,,,,,0,percent of total billed charges,73 percent of billed charges; No services were performed during the 15 month look back period.,750.59,,,,,,,Case Rate,"100 Percent of Medicaid APG. Not APG payable, or payable under another fee schedule like ASP/AWP pays at 30% of charges",1775.2067,73,,,,,0,percent of total billed charges,73 percent of billed charges; No services were performed during the 15 month look back period.,750.59,,,,,,,Case Rate,"100 Percent of Medicaid APG. Not APG payable, or payable under another fee schedule like ASP/AWP pays at 30% of charges",283.85,,,,,,,Case Rate,"100%Medicare OPPS FS. ",1775.2067,73,,,,,0,percent of total billed charges,73 percent of billed charges; No services were performed during the 15 month look back period.,1896.7962,78,,,,,0,percent of total billed charges,78% of Billed Charges. Lesser of 100% of billed charges applies.; No services were performed during the 15 month look back period.,750.59,,,,,,,Case Rate,"100 Percent of Medicaid APG. ",750.59,,,,,,,Case Rate,"100 Percent of Medicaid APG. ",1896.7962,78,,,,,0,percent of total billed charges,78% of Billed Charges. Lesser of 100% of billed charges applies.; No services were performed during the 15 month look back period.,,,,,,,,Other,". ",4500,,,,,,,Case Rate,". MPL 100/50/25% all add ons apply, and lesser of 100% of billed charges",4500,,,,,,,Case Rate,". MPL 100/50/25% all add ons apply, and lesser of 100% of billed charges",1896.7962,78,,,,,0,percent of total billed charges,78% of Billed Charges. Lesser of 100% of billed charges applies.; No services were performed during the 15 month look back period.,283.85,,,,,,,Case Rate,"100% Medicare OPPS FS. ",4923.38,,,,,,,Case Rate,". MPL 100/50/25% all add ons apply, and lesser of 100% of billed charges",4923.38,,,,,,,Case Rate,". MPL 100/50/25% all add ons apply, and lesser of 100% of billed charges",4923.38,,,,,,,Case Rate,". MPL 100/50/25% all add ons apply, and lesser of 100% of billed charges",283.85,,,,,,,Case Rate,"100% Medicare OPPS FS. ",4923.38,,,,,,,Case Rate,". MPL 100/50/25% all add ons apply, and lesser of 100% of billed charges",4923.38,,,,,,,Case Rate,". MPL 100/50/25% all add ons apply, and lesser of 100% of billed charges",283.85,,,,,,,Case Rate,"100% of Medicare OPPS. ",25798,,,,,,,Case Rate,". MPL 100/75/50% all add ons apply, and lesser of 100% of billed charges",4100,,,,,,,Case Rate,". MPL 100/50/25% all add ons apply, and lesser of 100% of billed charges",4100,,,,,,,Case Rate,". MPL 100/50/25% all add ons apply, and lesser of 100% of billed charges",4100,,,,,,,Case Rate,". MPL 100/50/25% all add ons apply, and lesser of 100% of billed charges",4100,,,,,,,Case Rate,". MPL 100/50/25% all add ons apply, and lesser of 100% of billed charges",4100,,,,,,,Case Rate,". MPL 100/50/25% all add ons apply, and lesser of 100% of billed charges",4100,,,,,,,Case Rate,". MPL 100/50/25% all add ons apply, and lesser of 100% of billed charges",283.85,,,,,,,Case Rate,"100% Medicare OPPS FS. ",283.85,,,,,,,Case Rate,"100% Medicare OPPS FS. ",4100,,,,,,,Case Rate,". MPL 100/50/25% all add ons apply, and lesser of 100% of billed charges",1896.7962,78,,,,,0,percent of total billed charges,78% of Billed Charges. Lesser of 100% of billed charges applies.; No services were performed during the 15 month look back period.,1896.7962,78,,,,,0,percent of total billed charges,78% of Billed Charges. Lesser of 100% of billed charges applies.; No services were performed during the 15 month look back period.,1896.7962,78,,,,,0,percent of total billed charges,78% of Billed Charges. Lesser of 100% of billed charges applies.; No services were performed during the 15 month look back period.,1896.7962,78,,,,,0,percent of total billed charges,78% of Billed Charges. Lesser of 100% of billed charges applies.; No services were performed during the 15 month look back period.,1896.7962,78,,,,,0,percent of total billed charges,78% of Billed Charges. Lesser of 100% of billed charges applies.; No services were performed during the 15 month look back period.,1896.7962,78,,,,,0,percent of total billed charges,78% of Billed Charges. Lesser of 100% of billed charges applies.; No services were performed during the 15 month look back period.,1896.7962,78,,,,,0,percent of total billed charges,78% of Billed Charges. Lesser of 100% of billed charges applies.; No services were performed during the 15 month look back period.,1896.7962,78,,,,,0,percent of total billed charges,78% of Billed Charges. Lesser of 100% of billed charges applies.; No services were performed during the 15 month look back period.,1896.7962,78,,,,,0,percent of total billed charges,78% of Billed Charges. Lesser of 100% of billed charges applies.; No services were performed during the 15 month look back period.,1896.7962,78,,,,,0,percent of total billed charges,78% of Billed Charges. Lesser of 100% of billed charges applies.; No services were performed during the 15 month look back period.,1896.7962,78,,,,,0,percent of total billed charges,78% of Billed Charges. Lesser of 100% of billed charges applies.; No services were performed during the 15 month look back period.,1896.7962,78,,,,,0,percent of total billed charges,78% of Billed Charges. Lesser of 100% of billed charges applies.; No services were performed during the 15 month look back period.,1896.7962,78,,,,,0,percent of total billed charges,78% of Billed Charges. Lesser of 100% of billed charges applies.; No services were performed during the 15 month look back period.,1896.7962,78,,,,,0,percent of total billed charges,78% of Billed Charges. Lesser of 100% of billed charges applies.; No services were performed during the 15 month look back period.,1896.7962,78,,,,,0,percent of total billed charges,78% of Billed Charges. Lesser of 100% of billed charges applies.; No services were performed during the 15 month look back period.,1896.7962,78,,,,,0,percent of total billed charges,78% of Billed Charges. Lesser of 100% of billed charges applies.; No services were performed during the 15 month look back period.,1896.7962,78,,,,,0,percent of total billed charges,78% of Billed Charges. Lesser of 100% of billed charges applies.; No services were performed during the 15 month look back period.,1896.7962,78,,,,,0,percent of total billed charges,78% of Billed Charges. Lesser of 100% of billed charges applies.; No services were performed during the 15 month look back period.,1896.7962,78,,,,,0,percent of total billed charges,78% of Billed Charges. Lesser of 100% of billed charges applies.; No services were performed during the 15 month look back period.,1896.7962,78,,,,,0,percent of total billed charges,78% of Billed Charges. Lesser of 100% of billed charges applies.; No services were performed during the 15 month look back period.,1896.7962,78,,,,,0,percent of total billed charges,78% of Billed Charges. Lesser of 100% of billed charges applies.; No services were performed during the 15 month look back period.,1896.7962,78,,,,,0,percent of total billed charges,78% of Billed Charges. Lesser of 100% of billed charges applies.; No services were performed during the 15 month look back period.,1896.7962,78,,,,,0,percent of total billed charges,78% of Billed Charges. Lesser of 100% of billed charges applies.; No services were performed during the 15 month look back period.,1896.7962,78,,,,,0,percent of total billed charges,78% of Billed Charges. Lesser of 100% of billed charges applies.; No services were performed during the 15 month look back period.,1896.7962,78,,,,,0,percent of total billed charges,78% of Billed Charges. Lesser of 100% of billed charges applies.; No services were performed during the 15 month look back period.,1896.7962,78,,,,,0,percent of total billed charges,78% of Billed Charges. Lesser of 100% of billed charges applies.; No services were performed during the 15 month look back period.,1775.2067,73,,,,,0,percent of total billed charges,73 percent of billed charges; No services were performed during the 15 month look back period.,1775.2067,73,,,,,0,percent of total billed charges,73 percent of billed charges; No services were performed during the 15 month look back period.,1775.2067,73,,,,,0,percent of total billed charges,73 percent of billed charges; No services were performed during the 15 month look back period.,1775.2067,73,,,,,0,percent of total billed charges,73 percent of billed charges; No services were performed during the 15 month look back period.,12574,,,,,,,Case Rate,". Primary procedure pays at 100%, all subsequent at 50%.",12574,,,,,,,Case Rate,". Primary procedure pays at 100%, all subsequent at 50%.",,,,,,,,Other,". ",4100,,,,,,,Case Rate,". MPL 100/50/25% all add ons apply, and lesser of 100% of billed charges",4923.38,,,,,,,Case Rate,". MPL 100/50/25% all add ons apply, and lesser of 100% of billed charges",4100,,,,,,,Case Rate,". MPL 100/50/25% all add ons apply, and lesser of 100% of billed charges",1896.7962,78,,,,,0,percent of total billed charges,78% of Billed Charges. Lesser of 100% of billed charges applies.; No services were performed during the 15 month look back period.,12574,,,,,,,Case Rate,". Primary procedure pays at 100%, all subsequent at 50%.",4100,,,,,,,Case Rate,". MPL 100/50/25% all add ons apply, and lesser of 100% of billed charges",4923.38,,,,,,,Case Rate,". MPL 100/50/25% all add ons apply, and lesser of 100% of billed charges",,,,,,,,Other,". ",,,,,,,,,"NA. ",1896.7962,78,,,,,0,percent of total billed charges,78% of Billed Charges. Lesser of 100% of billed charges applies.; No services were performed during the 15 month look back period.,750.59,,,,,,,Case Rate,"100 Percent of Medicaid APG. ",1775.2067,73,,,,,0,percent of total billed charges,73 percent of billed charges; No services were performed during the 15 month look back period.,750.59,,,,,,,Case Rate,"100 Percent of Medicaid APG. Not APG payable, or payable under another fee schedule like ASP/AWP pays at 30% of charges",283.85,,,,,,,Case Rate,"100%Medicare OPPS FS. ",283.85,,,,,,,Case Rate,"100% Medicare OPPS FS. ",25798,,,,,,,Case Rate,". MPL 100/75/50% all add ons apply, and lesser of 100% of billed charges",283.85,,,,,,,Case Rate,"100% Medicare OPPS FS. ",283.85,,,,,,,Case Rate,"100% Medicare OPPS FS. ",750.59,,,,,,,Case Rate,"100 Percent of Medicaid APG. ",283.85,,,,,,,Case Rate,"100% Medicare OPPS FS. ",283.85,,,,,,,Case Rate,"100% Medicare OPPS FS. ",14113,,,,,,,Case Rate,". Primary procedure pays at 100%, secondary at 50%, all subsequent at 25%.  Lesser of applies when negotiated rates exceed charges less addons.",14113,,,,,,,Case Rate,". Primary procedure pays at 100%, secondary at 50%, all subsequent at 25%.  Lesser of applies when negotiated rates exceed charges less addons.",283.85,,,,,,,Case Rate,"100% Medicare OPPS FS. ",,,,,,,,Other,". ",4923.38,,,,,,,Case Rate,". MPL 100/50/25% all add ons apply, and lesser of 100% of billed charges",4923.38,,,,,,,Case Rate,". MPL 100/50/25% all add ons apply, and lesser of 100% of billed charges",283.85,,,,,,,Case Rate,"100% Medicare OPPS FS. ",,,,,,,,Other,". ",14113,,,,,,,Case Rate,". Primary procedure pays at 100%, secondary at 50%, all subsequent at 25%.  Lesser of applies when negotiated rates exceed charges less addons.",14113,,,,,,,Case Rate,". Primary procedure pays at 100%, secondary at 50%, all subsequent at 25%.  Lesser of applies when negotiated rates exceed charges less addons.",14113,,,,,,,Case Rate,". Primary procedure pays at 100%, secondary at 50%, all subsequent at 25%.  Lesser of applies when negotiated rates exceed charges less addons.",1896.7962,78,,,,,0,percent of total billed charges,78% of Billed Charges. Lesser of 100% of billed charges applies.; No services were performed during the 15 month look back period.,1896.7962,78,,,,,0,percent of total billed charges,78% of Billed Charges. Lesser of 100% of billed charges applies.; No services were performed during the 15 month look back period.,1896.7962,78,,,,,0,percent of total billed charges,78% of Billed Charges. Lesser of 100% of billed charges applies.; No services were performed during the 15 month look back period.,1896.7962,78,,,,,0,percent of total billed charges,78% of Billed Charges. Lesser of 100% of billed charges applies.; No services were performed during the 15 month look back period.,1896.7962,78,,,,,0,percent of total billed charges,78% of Billed Charges. Lesser of 100% of billed charges applies.; No services were performed during the 15 month look back period.,1896.7962,78,,,,,0,percent of total billed charges,78% of Billed Charges. Lesser of 100% of billed charges applies.; No services were performed during the 15 month look back period.,1896.7962,78,,,,,0,percent of total billed charges,78% of Billed Charges. Lesser of 100% of billed charges applies.; No services were performed during the 15 month look back period.,1896.7962,78,,,,,0,percent of total billed charges,78% of Billed Charges. Lesser of 100% of billed charges applies.; No services were performed during the 15 month look back period.,1896.7962,78,,,,,0,percent of total billed charges,78% of Billed Charges. Lesser of 100% of billed charges applies.; No services were performed during the 15 month look back period.,1896.7962,78,,,,,0,percent of total billed charges,78% of Billed Charges. Lesser of 100% of billed charges applies.; No services were performed during the 15 month look back period.,1896.7962,78,,,,,0,percent of total billed charges,78% of Billed Charges. Lesser of 100% of billed charges applies.; No services were performed during the 15 month look back period.,12574,,,,,,,Case Rate,". Primary procedure pays at 100%, all subsequent at 50%.",4100,,,,,,,Case Rate,". MPL 100/50/25% all add ons apply, and lesser of 100% of billed charges",,,,,,,,Other,". ",283.85,,,,,,,Case Rate,"100% Medicare OPPS FS. ",14113,,,,,,,Case Rate,". Primary procedure pays at 100%, secondary at 50%, all subsequent at 25%.  Lesser of applies when negotiated rates exceed charges less addons.",,,,,,,,Other,". ",,,,,,,,Other,". ",1896.7962,78,,,,,0,percent of total billed charges,78% of Billed Charges. Lesser of 100% of billed charges applies.; No services were performed during the 15 month look back period.,1606.27,,,,,,,Case Rate,"214 Percent of Medicaid APG. Drugs not priced under APG, billed with revenue code 636 and not priced by Medicare ASP FeeSched will be reimbursed at 20% of charges.",,,,,,,,Other,". ",750.59,,,,,,,Case Rate,"100 Percent of Medicaid APG. ",283.85,,,,,,,Case Rate,"100% Medicare OPPS FS. ",283.85,,,,,,,Case Rate,"100% Medicare OPPS FS. ",283.85,,,,,,,Case Rate,"100% Medicare OPPS FS. ",283.85,,,,,,,Case Rate,"100% Medicare OPPS FS. ",283.85,,,,,,,Case Rate,"100% Medicare OPPS FS. ",283.85,,,,,,,Case Rate,"100% Medicare OPPS FS. ",,,,,,,,Other,". ",25798,,,,,,,Case Rate,". MPL 100/75/50% all add ons apply, and lesser of 100% of billed charges",1351.07,,,,,,,Fee Schedule,"180 Percent of Medicaid APG. ",1351.07,,,,,,,Fee Schedule,"180 Percent of Medicaid APG. ",1351.07,,,,,,,Fee Schedule,"180 Percent of Medicaid APG. ",1351.07,,,,,,,Fee Schedule,"180 Percent of Medicaid APG. ",1351.07,,,,,,,Fee Schedule,"180 Percent of Medicaid APG. ",,,,,,,,,"NA. ",25798,,,,,,,Case Rate,". MPL 100/75/50% all add ons apply, and lesser of 100% of billed charges",562.02,,,,,,,Case Rate,198 Percent of Medicare OPPS. Metroplus will reimburse unlisted codes and described codes with no Medicare rate at 50 percent of charges.,562.02,,,,,,,Case Rate,198 Percent of Medicare OPPS. Metroplus will reimburse unlisted codes and described codes with no Medicare rate at 50 percent of charges.,562.02,,,,,,,Case Rate,198 Percent of Medicare OPPS. Metroplus will reimburse unlisted codes and described codes with no Medicare rate at 50 percent of charges.,562.02,,,,,,,Case Rate,198 Percent of Medicare OPPS. Metroplus will reimburse unlisted codes and described codes with no Medicare rate at 50 percent of charges.,562.02,,,,,,,Case Rate,198 Percent of Medicare OPPS. Metroplus will reimburse unlisted codes and described codes with no Medicare rate at 50 percent of charges.,283.85,,,,,,,Case Rate,"100% Medicare OPPS FS. ",12574,,,,,,,Case Rate,". Primary procedure pays at 100%, all subsequent at 50%.",12574,,,,,,,Case Rate,". Primary procedure pays at 100%, all subsequent at 50%.",12574,,,,,,,Case Rate,". Primary procedure pays at 100%, all subsequent at 50%.",12574,,,,,,,Case Rate,". Primary procedure pays at 100%, all subsequent at 50%.",14113,,,,,,,Case Rate,". Primary procedure pays at 100%, secondary at 50%, all subsequent at 25%.  Lesser of applies when negotiated rates exceed charges less addons.",14113,,,,,,,Case Rate,". Primary procedure pays at 100%, secondary at 50%, all subsequent at 25%.  Lesser of applies when negotiated rates exceed charges less addons.",14113,,,,,,,Case Rate,". Primary procedure pays at 100%, secondary at 50%, all subsequent at 25%.  Lesser of applies when negotiated rates exceed charges less addons.",14113,,,,,,,Case Rate,". Primary procedure pays at 100%, secondary at 50%, all subsequent at 25%.  Lesser of applies when negotiated rates exceed charges less addons.",25798,,,,,,,Case Rate,". MPL 100/75/50% all add ons apply, and lesser of 100% of billed charges",25798,,,,,,,Case Rate,". MPL 100/75/50% all add ons apply, and lesser of 100% of billed charges",283.85,,,,,,,Case Rate,"100% Medicare OPPS FS. ",283.85,,,,,,,Case Rate,"100% Medicare OPPS FS. ",283.85,,,,,,,Case Rate,"100% Medicare OPPS FS. ",4100,,,,,,,Case Rate,". MPL 100/50/25% all add ons apply, and lesser of 100% of billed charges",4100,,,,,,,Case Rate,". MPL 100/50/25% all add ons apply, and lesser of 100% of billed charges",4100,,,,,,,Case Rate,". MPL 100/50/25% all add ons apply, and lesser of 100% of billed charges",25798,,,,,,,Case Rate,". MPL 100/75/50% all add ons apply, and lesser of 100% of billed charges",14113,,,,,,,Case Rate,". Primary procedure pays at 100%, secondary at 50%, all subsequent at 25%.  Lesser of applies when negotiated rates exceed charges less addons.",283.85,,,,,,,Case Rate,"100% Medicare OPPS FS. ",4100,,,,,,,Case Rate,". MPL 100/50/25% all add ons apply, and lesser of 100% of billed charges",750.59,,,,,,,Case Rate,"100 Percent of Medicaid APG. ",289.53,,,,,,,Case Rate,"102% of Medicare OPPS. ",289.53,,,,,,,Case Rate,"102% of Medicare OPPS. ",289.53,,,,,,,Case Rate,"102% of Medicare OPPS. ",750.59,,,,,,,Case rate,"100 Percent of Medicaid APG. ",1688.83,,,,,,,Case Rate,225% of NYS APG. Lesser of 100% of billed charges applies.,1688.83,,,,,,,Case Rate,225% of NYS APG. Lesser of 100% of billed charges applies.,1688.83,,,,,,,Case Rate,225% of NYS APG. Lesser of 100% of billed charges applies.,1688.83,,,,,,,Case Rate,225% of NYS APG. Lesser of 100% of billed charges applies.,1688.83,,,,,,,Case Rate,225% of NYS APG. Lesser of 100% of billed charges applies.,289.53,,,,,,,Case Rate,"102% of Medicare OPPS. ",750.59,,,,,,,Case Rate,"100 Percent of Medicaid APG. ",132.04,,,,,,,Case Rate,100% of PAS. Lesser of 100% of billed charges applies.,1688.83,,,,,,,Case Rate,225% of NYS APG. Lesser of 100% of billed charges applies.,1688.83,,,,,,,Case Rate,225% of NYS APG. Lesser of 100% of billed charges applies.,132.04,,,,,,,Case Rate,100% of PAS. Lesser of 100% of billed charges applies.,132.04,,,,,,,Case Rate,100% of PAS. Lesser of 100% of billed charges applies.,1351.07,,,,,,,Fee Schedule,"180 Percent of Medicaid APG. ",283.85,,,,,,,Case Rate,"100% Medicare OPPS FS. ",283.85,,,,,,,Case Rate,"100% Medicare OPPS FS. ",14113,,,,,,,Case Rate,". Primary procedure pays at 100%, secondary at 50%, all subsequent at 25%.  Lesser of applies when negotiated rates exceed charges less addons.",283.85,,,,,,,Case Rate,"100% Medicare OPPS FS. ",1688.83,,,,,,,Case Rate,"225 Percent of Medicaid APG. ",1688.83,,,,,,,Case Rate,"225 Percent of Medicaid APG. ",750.59,,,,,,,Case rate,"100 Percent of Medicaid APG. ",750.59,,,,,,,Case rate,"100 Percent of Medicaid APG. ",1688.83,,,,,,,Case Rate,225 Percent of Medicaid APG. Covered services not payable under Medicaid Fee Schedules default to a payment of 87.5 percent of charges.,750.59,,,,,,,Case rate,124 Percent of Medicaid APG. Covered services not payable under Medicaid Fee Schedules default to a payment of 50 percent of charges.,1688.83,,,,,,,Case Rate,"100 Percent of Medicaid APG. ",1688.83,,,,,,,Case Rate,"100 Percent of Medicaid APG. ",1688.83,,,,,,,Case Rate,"100 Percent of Medicaid APG. ",1688.83,,,,,,,Case Rate,"100 Percent of Medicaid APG. ",13453,,,,,,,Case Rate,". MPL 100/75/50% all add ons apply, and lesser of 100% of billed charges",25798,,,,,,,Case Rate,". MPL 100/75/50% all add ons apply, and lesser of 100% of billed charges",900.71,,,,,,,Case Rate,"120 Percent of Medicaid APG. Not APG payable, or payable under another fee schedule like ASP/AWP pays at 30% of charges",900.71,,,,,,,Case Rate,"120 Percent of Medicaid APG. Not APG payable, or payable under another fee schedule like ASP/AWP pays at 30% of charges",750.59,,,,,,,Case Rate,"100 Percent of Medicaid APG. Not APG payable, or payable under another fee schedule like ASP/AWP pays at 30% of charges",750.59,,,,,,,Case Rate,"100 Percent of Medicaid APG. Not APG payable, or payable under another fee schedule like ASP/AWP pays at 30% of charges",4100,,,,,,,Case Rate,". MPL 100/50/25% all add ons apply, and lesser of 100% of billed charges",4100,,,,,,,Case Rate,". MPL 100/50/25% all add ons apply, and lesser of 100% of billed charges",283.85,,,,,,,Case Rate,"100% Medicare OPPS FS. ",4100,,,,,,,Case Rate,". MPL 100/50/25% all add ons apply, and lesser of 100% of billed charges",4100,,,,,,,Case Rate,". MPL 100/50/25% all add ons apply, and lesser of 100% of billed charges",4100,,,,,,,Case Rate,". MPL 100/50/25% all add ons apply, and lesser of 100% of billed charges",4100,,,,,,,Case Rate,". MPL 100/50/25% all add ons apply, and lesser of 100% of billed charges",283.85,,,,,,,Case Rate,"100% Medicare OPPS FS. ",4100,,,,,,,Case Rate,". MPL 100/50/25% all add ons apply, and lesser of 100% of billed charges",4100,,,,,,,Case Rate,". MPL 100/50/25% all add ons apply, and lesser of 100% of billed charges",14113,,,,,,,Case Rate,". Primary procedure pays at 100%, secondary at 50%, all subsequent at 25%.  Lesser of applies when negotiated rates exceed charges less addons.",750.59,,,,,,,Fee Schedule,100% APG. Lesser of 100% of billed charges applies.,750.59,,,,,,,Case rate,124 Percent of Medicaid APG. Covered services not payable under Medicaid Fee Schedules default to a payment of 50 percent of charges.,1688.83,,,,,,,Case Rate,225% of NYS APG. Lesser of 100% of billed charges applies.,1688.83,,,,,,,Case Rate,225 Percent of Medicaid APG. Covered services not payable under Medicaid Fee Schedules default to a payment of 87.5 percent of charges.,750.59,,,,,,,Case rate,124 Percent of Medicaid APG. Covered services not payable under Medicaid Fee Schedules default to a payment of 50 percent of charges.,1688.83,,,,,,,Case Rate,225% of NYS APG. Lesser of 100% of billed charges applies.,1688.83,,,,,,,Case Rate,225% of NYS APG. Lesser of 100% of billed charges applies.,1688.83,,,,,,,Case Rate,225% of NYS APG. Lesser of 100% of billed charges applies.,1688.83,,,,,,,Case Rate,225% of NYS APG. Lesser of 100% of billed charges applies.,1688.83,,,,,,,Case Rate,225% of NYS APG. Lesser of 100% of billed charges applies.,1688.83,,,,,,,Case Rate,225% of NYS APG. Lesser of 100% of billed charges applies.,,,,,,,,,"NA. ",,,,,,,,,"NA. ",,,,,,,,,"NA. ",,,,,,,,Other,". ",,,,,,,,,"NA. ",283.85,,,,,,,Case Rate,"100% Medicare OPPS FS. ",1352,,,,,,,Case Rate,". MPL 1st 100% of Payment Rate 50% of all others, all add ons apply, and lesser of 100% of billed charges.",283.85,,,,,,,Case Rate,"100% Medicare OPPS FS. ",283.85,,,,,,,Case Rate,"100% Medicare OPPS FS. ",900.71,,,,,,,Case Rate,"120 Percent of Medicaid APG. Not APG payable, or payable under another fee schedule like ASP/AWP pays at 30% of charges",900.71,,,,,,,Case Rate,"120 Percent of Medicaid APG. Not APG payable, or payable under another fee schedule like ASP/AWP pays at 30% of charges",750.59,,,,,,,Case Rate,"100 Percent of Medicaid APG. Not APG payable, or payable under another fee schedule like ASP/AWP pays at 30% of charges",750.59,,,,,,,Case Rate,"100 Percent of Medicaid APG. Not APG payable, or payable under another fee schedule like ASP/AWP pays at 30% of charges",750.59,,,,,,,Case Rate,"100 Percent of Medicaid APG. ",1775.2067,73,,,,,0,percent of total billed charges,73 percent of billed charges; No services were performed during the 15 month look back period.,14113,,,,,,,Case Rate,". Primary procedure pays at 100%, secondary at 50%, all subsequent at 25%.  Lesser of applies when negotiated rates exceed charges less addons.",1775.2067,73,,,,,0,percent of total billed charges,73 percent of billed charges; No services were performed during the 15 month look back period.,,,,,,,,Other,". ",283.85,,,,,,,Case Rate,"100%Medicare OPPS FS. ",283.85,,,,,,,Case Rate,"100% Medicare OPPS FS. ",283.85,,,,,,,Case Rate,"100% Medicare OPPS FS. ",283.85,,,,,,,Case Rate,"100% Medicare OPPS FS. ",283.85,,,,,,,Case Rate,"100%Medicare OPPS FS. ",283.85,,,,,,,Case Rate,"100% Medicare OPPS FS. ",,,,,,,,,"NA. ",1688.83,,,,,,,Case Rate,225% of NYS APG. Lesser of 100% of billed charges applies.,132.04,,,,,,,Case Rate,100% of PAS. Lesser of 100% of billed charges applies.,4100,,,,,,,Case Rate,". MPL 100/50/25% all add ons apply, and lesser of 100% of billed charges",1775.2067,73,,,,,0,percent of total billed charges,73 percent of billed charges; No services were performed during the 15 month look back period.,1775.2067,73,,,,,0,percent of total billed charges,73 percent of billed charges; No services were performed during the 15 month look back period.,1775.2067,73,,,,,0,percent of total billed charges,73 percent of billed charges; No services were performed during the 15 month look back period.,1775.2067,73,,,,,0,percent of total billed charges,73 percent of billed charges; No services were performed during the 15 month look back period.,283.85,,,,,,,Case Rate,"100% Medicare OPPS FS. ",750.59,,,,,,,Case Rate,"100 Percent of Medicaid APG. ",4100,,,,,,,Case Rate,". MPL 100/50/25% all add ons apply, and lesser of 100% of billed charges",750.59,,,,,,,Case Rate,"100 Percent of Medicaid APG. ",283.85,,,,,,,Case Rate,"100% Medicare OPPS FS. ",750.59,,,,,,,Case Rate,"100 Percent of Medicaid APG. ",283.85,,,,,,,Case Rate,"100% Medicare OPPS FS. ",283.85,,,,,,,Case Rate,"100% Medicare OPPS FS. ",750.59,,,,,,,Case Rate,"100 Percent of Medicaid APG. ",750.59,,,,,,,Case Rate,"100 Percent of Medicaid APG. ",1775.2067,73,,,,,0,percent of total billed charges,73 percent of billed charges; No services were performed during the 15 month look back period.,,,,,,,,Other,". ",1896.7962,78,,,,,0,percent of total billed charges,78% of Billed Charges. Lesser of 100% of billed charges applies.; No services were performed during the 15 month look back period.,4923.38,,,,,,,Case Rate,". MPL 100/50/25% all add ons apply, and lesser of 100% of billed charges",4923.38,,,,,,,Case Rate,". MPL 100/50/25% all add ons apply, and lesser of 100% of billed charges",14113,,,,,,,Case Rate,". Primary procedure pays at 100%, secondary at 50%, all subsequent at 25%.  Lesser of applies when negotiated rates exceed charges less addons.",283.85,,,,,,,Case Rate,"83% HF Fee schedule. ",12574,,,,,,,Case Rate,". Primary procedure pays at 100%, all subsequent at 50%.",12574,,,,,,,Case Rate,". Primary procedure pays at 100%, all subsequent at 50%.",3280,,,,,,,Case Rate,". MPL 100/50/25% all add ons apply, and lesser of 100% of billed charges",3280,,,,,,,Case Rate,". MPL 100/50/25% all add ons apply, and lesser of 100% of billed charges",283.85,,,,,,,Case Rate,"100% Medicare OPPS FS. ",283.85,,,,,,,Case Rate,"100% Medicare OPPS FS. ",283.85,,,,,,,Case Rate,"100% Medicare OPPS FS. ",283.85,,,,,,,Case Rate,"100% Medicare OPPS FS. ",4923.38,,,,,,,Case Rate,". MPL 100/50/25% all add ons apply, and lesser of 100% of billed charges",4100,,,,,,,Case Rate,". MPL 100/50/25% all add ons apply, and lesser of 100% of billed charges",4100,,,,,,,Case Rate,". MPL 100/50/25% all add ons apply, and lesser of 100% of billed charges",283.85,,,,,,,Case Rate,"100% Medicare OPPS FS. ",3280,,,,,,,Case Rate,". MPL 100/50/25% all add ons apply, and lesser of 100% of billed charges",1775.2067,73,,,,,0,percent of total billed charges,73 percent of billed charges; No services were performed during the 15 month look back period.,900.71,,,,,,,Fee Schedule,"120 Percent of Medicaid APG. ",750.59,,,,,,,Case Rate,"100 Percent of Medicaid APG. ",1775.2067,73,,,,,0,percent of total billed charges,73 percent of billed charges; No services were performed during the 15 month look back period.,3690,,,,,,,Case Rate,". MPL 100/50/25% all add ons apply, and lesser of 100% of billed charges",3690,,,,,,,Case Rate,". MPL 100/50/25% all add ons apply, and lesser of 100% of billed charges",4100,,,,,,,Case Rate,". MPL 100/50/25% all add ons apply, and lesser of 100% of billed charges",14948,,,,,,,Case Rate,". MPL 100/75/50% all add ons apply, and lesser of 100% of billed charges",283.85,,,,,,,Case Rate,"100%Medicare OPPS FS. ",788.12,,,,,,,Fee Schedule,105 percent of Medicaid APG. otherwise 105% of Ordered NYS MCD FS or 105% of ASP+6%,788.12,,,,,,,Fee Schedule,105 percent of Medicaid APG. otherwise 105% of Ordered NYS MCD FS or 105% of ASP+6%,788.12,,,,,,,Fee Schedule,105 percent of Medicaid APG. otherwise 105% of Ordered NYS MCD FS or 105% of ASP+6%,1013.3,,,,,,,Fee Schedule,135 percent of Medicaid APG. otherwise 135% of Ordered NYS MCD FS or 135% of ASP+6%,4923.38,,,,,,,Case Rate,". MPL 100/50/25% all add ons apply, and lesser of 100% of billed charges",788.12,,,,,,,Fee Schedule,105 percent of Medicaid APG. otherwise 105% of Ordered NYS MCD FS or 105% of ASP+6%,788.12,,,,,,,Fee Schedule,105 percent of Medicaid APG. otherwise 105% of Ordered NYS MCD FS or 105% of ASP+6%,788.12,,,,,,,Fee Schedule,105 percent of Medicaid APG. otherwise 105% of Ordered NYS MCD FS or 105% of ASP+6%,788.12,,,,,,,Fee Schedule,105 percent of Medicaid APG. otherwise 105% of Ordered NYS MCD FS or 105% of ASP+6%,788.12,,,,,,,Fee Schedule,105 percent of Medicaid APG. otherwise 105% of Ordered NYS MCD FS or 105% of ASP+6%,1013.3,,,,,,,Fee Schedule,135 percent of Medicaid APG. otherwise 135% of Ordered NYS MCD FS or 135% of ASP+6%,1013.3,,,,,,,Fee Schedule,135 percent of Medicaid APG. otherwise 135% of Ordered NYS MCD FS or 135% of ASP+6%,283.85,,,,,,,Case Rate,"100% Medicare OPPS FS. ",4923.38,,,,,,,Case Rate,". MPL 100/50/25% all add ons apply, and lesser of 100% of billed charges",283.85,,,,,,,Case Rate,"100% Medicare OPPS FS. ",788.12,,,,,,,Fee Schedule,105 percent of Medicaid APG. otherwise 105% of Ordered NYS MCD FS or 105% of ASP+6%,4100,,,,,,,Case Rate,". MPL 100/50/25% all add ons apply, and lesser of 100% of billed charges",283.85,,,,,,,Case Rate,"100% Medicare OPPS FS. ",4100,,,,,,,Case Rate,". MPL 100/50/25% all add ons apply, and lesser of 100% of billed charges",4100,,,,,,,Case Rate,". MPL 100/50/25% all add ons apply, and lesser of 100% of billed charges",4100,,,,,,,Case Rate,". MPL 100/50/25% all add ons apply, and lesser of 100% of billed charges",788.12,,,,,,,Fee Schedule,105 percent of Medicaid APG. otherwise 105% of Ordered NYS MCD FS or 105% of ASP+6%,283.85,,,,,,,Case Rate,"100% Medicare OPPS FS. ",4100,,,,,,,Case Rate,". MPL 100/50/25% all add ons apply, and lesser of 100% of billed charges",1013.3,,,,,,,Fee Schedule,135 percent of Medicaid APG. otherwise 135% of Ordered NYS MCD FS or 135% of ASP+6%,4100,,,,,,,Case Rate,". MPL 100/50/25% all add ons apply, and lesser of 100% of billed charges",4863.58,200,,,,,0,Case Rate,200% of Medicare OPPS. ; No services were performed during the 15 month look back period.,283.85,,,,,,,Case Rate,"100%Medicare OPPS FS. ",1775.2067,73,,,,,0,percent of total billed charges,73 percent of billed charges; No services were performed during the 15 month look back period.,1775.2067,73,,,,,0,percent of total billed charges,73 percent of billed charges; No services were performed during the 15 month look back period.,1775.2067,73,,,,,0,percent of total billed charges,73 percent of billed charges; No services were performed during the 15 month look back period.,1775.2067,73,,,,,0,percent of total billed charges,73 percent of billed charges; No services were performed during the 15 month look back period.,1775.2067,73,,,,,0,percent of total billed charges,73 percent of billed charges; No services were performed during the 15 month look back period.,1775.2067,73,,,,,0,percent of total billed charges,73 percent of billed charges; No services were performed during the 15 month look back period.,1775.2067,73,,,,,0,percent of total billed charges,73 percent of billed charges; No services were performed during the 15 month look back period.,1775.2067,73,,,,,0,percent of total billed charges,73 percent of billed charges; No services were performed during the 15 month look back period.,1775.2067,73,,,,,0,percent of total billed charges,73 percent of billed charges; No services were performed during the 15 month look back period.,1775.2067,73,,,,,0,percent of total billed charges,73 percent of billed charges; No services were performed during the 15 month look back period.,1775.2067,73,,,,,0,percent of total billed charges,73 percent of billed charges; No services were performed during the 15 month look back period.,1775.2067,73,,,,,0,percent of total billed charges,73 percent of billed charges; No services were performed during the 15 month look back period.,283.85,,,,,,,Case Rate,"100% Medicare OPPS FS. ",1775.2067,73,,,,,0,percent of total billed charges,73 percent of billed charges; No services were performed during the 15 month look back period.,283.85,,,,,,,Case Rate,"100% Medicare OPPS FS. ",1688.83,,,,,,,Case Rate,"225 Percent of Medicaid APG. If not included in Medicaid APG, then 100 Percent of Manhattan Medicare",750.59,,,,,,,Case Rate,"100 Percent of Medicaid APG. ",4923.38,,,,,,,Case Rate,". MPL 100/50/25% all add ons apply, and lesser of 100% of billed charges",4923.38,,,,,,,Case Rate,". MPL 100/50/25% all add ons apply, and lesser of 100% of billed charges",283.85,,,,,,,Case Rate,"100% Medicare OPPS FS. ",12574,,,,,,,Case Rate,". Primary procedure pays at 100%, all subsequent at 50%.",283.85,,,,,,,Case Rate,"100% Medicare OPPS FS. ",283.85,,,,,,,Case Rate,"100% Medicare OPPS FS. ",14113,,,,,,,Case Rate,". Primary procedure pays at 100%, secondary at 50%, all subsequent at 25%.  Lesser of applies when negotiated rates exceed charges less addons.",283.85,,,,,,,Case Rate,"100% Medicare OPPS FS. ",,,,,,,,Other,". ",283.85,,,,,,,Case Rate,"100% Medicare OPPS FS. ",,,,,,,,Other,". ",14113,,,,,,,Case Rate,". Primary procedure pays at 100%, secondary at 50%, all subsequent at 25%.  Lesser of applies when negotiated rates exceed charges less addons.",,,,,,,,Other,". ",283.85,,,,,,,Case Rate,"100% Medicare OPPS FS. ",750.59,,,,,,,Case Rate,"100 Percent of Medicaid APG. ",283.85,,,,,,,Case Rate,"100% Medicare OPPS FS. ",,,,,,,,Other,". ",4923.38,,,,,,,Case Rate,". MPL 100/50/25% all add ons apply, and lesser of 100% of billed charges",750.59,,,,,,,Case Rate,"100 Percent of Medicaid APG. ",4100,,,,,,,Case Rate,". MPL 100/50/25% all add ons apply, and lesser of 100% of billed charges",900.71,,,,,,,Fee Schedule,"120 Percent of Medicaid APG. ",900.71,,,,,,,Fee Schedule,"120 Percent of Medicaid APG. ",4100,,,,,,,Case Rate,". MPL 100/50/25% all add ons apply, and lesser of 100% of billed charges",4100,,,,,,,Case Rate,". MPL 100/50/25% all add ons apply, and lesser of 100% of billed charges",4100,,,,,,,Case Rate,". MPL 100/50/25% all add ons apply, and lesser of 100% of billed charges",4923.38,,,,,,,Case Rate,". MPL 100/50/25% all add ons apply, and lesser of 100% of billed charges",4100,,,,,,,Case Rate,". MPL 100/50/25% all add ons apply, and lesser of 100% of billed charges",4100,,,,,,,Case Rate,". MPL 100/50/25% all add ons apply, and lesser of 100% of billed charges",4100,,,,,,,Case Rate,". MPL 100/50/25% all add ons apply, and lesser of 100% of billed charges",1775.2067,73,,,,,0,percent of total billed charges,73 percent of billed charges; No services were performed during the 15 month look back period.,1775.2067,73,,,,,0,percent of total billed charges,73 percent of billed charges; No services were performed during the 15 month look back period.,562.02,,,,,,,Case Rate,198 Percent of Medicare OPPS. Metroplus will reimburse unlisted codes and described codes with no Medicare rate at 50 percent of charges.,750.59,,,,,,,Case Rate,"100 Percent of Medicaid APG. ",4923.38,,,,,,,Case Rate,". MPL 100/50/25% all add ons apply, and lesser of 100% of billed charges",,,,,,,,Other,". ",14113,,,,,,,Case Rate,". Primary procedure pays at 100%, secondary at 50%, all subsequent at 25%.  Lesser of applies when negotiated rates exceed charges less addons.",4923.38,,,,,,,Case Rate,". MPL 100/50/25% all add ons apply, and lesser of 100% of billed charges",14113,,,,,,,Case Rate,". Primary procedure pays at 100%, secondary at 50%, all subsequent at 25%.  Lesser of applies when negotiated rates exceed charges less addons.",4923.38,,,,,,,Case Rate,". MPL 100/50/25% all add ons apply, and lesser of 100% of billed charges",4100,,,,,,,Case Rate,". MPL 100/50/25% all add ons apply, and lesser of 100% of billed charges",4100,,,,,,,Case Rate,". MPL 100/50/25% all add ons apply, and lesser of 100% of billed charges",4100,,,,,,,Case Rate,". MPL 100/50/25% all add ons apply, and lesser of 100% of billed charges",4100,,,,,,,Case Rate,". MPL 100/50/25% all add ons apply, and lesser of 100% of billed charges",283.85,,,,,,,Case Rate,"100% Medicare OPPS FS. ",132.04,25798,
26040,CPT,,,490,RC,RELEASE PALM CONTRACTURE,,,both,,,,8539,,,,,,,Case Rate,". MPL 1st 100% of Payment Rate 50% of all others, all add ons apply, and lesser of 100% of billed charges.",8539,,,,,,,Case Rate,". MPL 1st 100% of Payment Rate 50% of all others, all add ons apply, and lesser of 100% of billed charges.",11080,,,,,,,Case Rate,". Primary procedure pays at 100%, secondary at 50%, all subsequent at 25%.  Lesser of applies when negotiated rates exceed charges less addons.",,100,,,,,0,percent of total billed charges,100 percent of billed charges. ; No services were performed during the 15 month look back period.,1893.77,,,,,,,Case Rate,"100% Medicare OPPS FS. ",11080,,,,,,,Case Rate,". Primary procedure pays at 100%, secondary at 50%, all subsequent at 25%.  Lesser of applies when negotiated rates exceed charges less addons.",11080,,,,,,,Case Rate,". Primary procedure pays at 100%, secondary at 50%, all subsequent at 25%.  Lesser of applies when negotiated rates exceed charges less addons.",11080,,,,,,,Case Rate,". Primary procedure pays at 100%, secondary at 50%, all subsequent at 25%.  Lesser of applies when negotiated rates exceed charges less addons.",2056.66,,,,,,,Case Rate,"100 Percent of Medicaid APG. ",1713.88,,,,,,,Case Rate,"100 Percent of Medicaid APG. ",,78,,,,,0,percent of total billed charges,78% of Billed Charges. Lesser of 100% of billed charges applies.; No services were performed during the 15 month look back period.,8165.03,,,,,,,Case Rate,". MPL 100/50/25% all add ons apply, and lesser of 100% of billed charges",1713.88,,,,,,,Case Rate,"100 Percent of Medicaid APG. ",1893.77,,,,,,,Case Rate,"100% Medicare OPPS FS. ",,60,,,,,0,percent of total billed charges,60 percent of billed charges; No services were performed during the 15 month look back period.,,60,,,,,0,percent of total billed charges,60 percent of billed charges; No services were performed during the 15 month look back period.,,60,,,,,0,percent of total billed charges,60 percent of billed charges; No services were performed during the 15 month look back period.,,60,,,,,0,percent of total billed charges,60 percent of billed charges; No services were performed during the 15 month look back period.,1713.88,,,,,,,Case rate,124 Percent of Medicaid APG. Covered services not payable under Medicaid Fee Schedules default to a payment of 50 percent of charges.,1893.77,,,,,,,Case Rate,"100% Medicare OPPS FS. ",1713.88,,,,,,,Case rate,124 Percent of Medicaid APG. Covered services not payable under Medicaid Fee Schedules default to a payment of 50 percent of charges.,,78,,,,,0,percent of total billed charges,78% of Billed Charges. Lesser of 100% of billed charges applies.; No services were performed during the 15 month look back period.,11080,,,,,,,Case Rate,". Primary procedure pays at 100%, secondary at 50%, all subsequent at 25%.  Lesser of applies when negotiated rates exceed charges less addons.",1893.77,,,,,,,Case Rate,"100%Medicare OPPS FS. ",8427,,,,,,,Case Rate,". Primary procedure pays at 100%, all subsequent at 50%.",1893.77,,,,,,,Case Rate,"100%Medicare OPPS FS. ",1893.77,,,,,,,Case Rate,"100%Medicare OPPS FS. ",,78,,,,,0,percent of total billed charges,78% of Billed Charges. Lesser of 100% of billed charges applies.; No services were performed during the 15 month look back period.,802.93,,,,,,,Case Rate,100% of PAS. Lesser of 100% of billed charges applies.,802.93,,,,,,,Case Rate,100% of PAS. Lesser of 100% of billed charges applies.,1713.88,,,,,,,Case rate,"100 Percent of Medicaid APG. ",1713.88,,,,,,,Case rate,"100 Percent of Medicaid APG. ",8427,,,,,,,Case Rate,". Primary procedure pays at 100%, all subsequent at 50%.",8427,,,,,,,Case Rate,". Primary procedure pays at 100%, all subsequent at 50%.",1713.88,,,,,,,Case Rate,"100 Percent of Medicaid APG. Not APG payable, or payable under another fee schedule like ASP/AWP pays at 30% of charges",8427,,,,,,,Case Rate,". Primary procedure pays at 100%, all subsequent at 50%.",1713.88,,,,,,,Case Rate,"100 Percent of Medicaid APG. Not APG payable, or payable under another fee schedule like ASP/AWP pays at 30% of charges",1893.77,,,,,,,Case Rate,"100%Medicare OPPS FS. ",8427,,,,,,,Case Rate,". Primary procedure pays at 100%, all subsequent at 50%.",,78,,,,,0,percent of total billed charges,78% of Billed Charges. Lesser of 100% of billed charges applies.; No services were performed during the 15 month look back period.,1713.88,,,,,,,Case Rate,"100 Percent of Medicaid APG. ",1713.88,,,,,,,Case Rate,"100 Percent of Medicaid APG. ",,78,,,,,0,percent of total billed charges,78% of Billed Charges. Lesser of 100% of billed charges applies.; No services were performed during the 15 month look back period.,,60,,,,,0,percent of total billed charges,60 percent of billed charges; No services were performed during the 15 month look back period.,6377,,,,,,,Case Rate,". MPL 100/50/25% all add ons apply, and lesser of 100% of billed charges",6377,,,,,,,Case Rate,". MPL 100/50/25% all add ons apply, and lesser of 100% of billed charges",,78,,,,,0,percent of total billed charges,78% of Billed Charges. Lesser of 100% of billed charges applies.; No services were performed during the 15 month look back period.,1893.77,,,,,,,Case Rate,"100% Medicare OPPS FS. ",8165.03,,,,,,,Case Rate,". MPL 100/50/25% all add ons apply, and lesser of 100% of billed charges",8165.03,,,,,,,Case Rate,". MPL 100/50/25% all add ons apply, and lesser of 100% of billed charges",8165.03,,,,,,,Case Rate,". MPL 100/50/25% all add ons apply, and lesser of 100% of billed charges",1893.77,,,,,,,Case Rate,"100% Medicare OPPS FS. ",8165.03,,,,,,,Case Rate,". MPL 100/50/25% all add ons apply, and lesser of 100% of billed charges",8165.03,,,,,,,Case Rate,". MPL 100/50/25% all add ons apply, and lesser of 100% of billed charges",1893.77,,,,,,,Case Rate,"100% of Medicare OPPS. ",25798,,,,,,,Case Rate,". MPL 100/75/50% all add ons apply, and lesser of 100% of billed charges",10351,,,,,,,Case Rate,". MPL 100/50/25% all add ons apply, and lesser of 100% of billed charges",10351,,,,,,,Case Rate,". MPL 100/50/25% all add ons apply, and lesser of 100% of billed charges",10351,,,,,,,Case Rate,". MPL 100/50/25% all add ons apply, and lesser of 100% of billed charges",10351,,,,,,,Case Rate,". MPL 100/50/25% all add ons apply, and lesser of 100% of billed charges",10351,,,,,,,Case Rate,". MPL 100/50/25% all add ons apply, and lesser of 100% of billed charges",10351,,,,,,,Case Rate,". MPL 100/50/25% all add ons apply, and lesser of 100% of billed charges",1893.77,,,,,,,Case Rate,"100% Medicare OPPS FS. ",1893.77,,,,,,,Case Rate,"100% Medicare OPPS FS. ",10351,,,,,,,Case Rate,". MPL 100/50/25% all add ons apply, and lesser of 100% of billed charges",,78,,,,,0,percent of total billed charges,78% of Billed Charges. Lesser of 100% of billed charges applies.; No services were performed during the 15 month look back period.,,78,,,,,0,percent of total billed charges,78% of Billed Charges. Lesser of 100% of billed charges applies.; No services were performed during the 15 month look back period.,,78,,,,,0,percent of total billed charges,78% of Billed Charges. Lesser of 100% of billed charges applies.; No services were performed during the 15 month look back period.,,78,,,,,0,percent of total billed charges,78% of Billed Charges. Lesser of 100% of billed charges applies.; No services were performed during the 15 month look back period.,,78,,,,,0,percent of total billed charges,78% of Billed Charges. Lesser of 100% of billed charges applies.; No services were performed during the 15 month look back period.,,78,,,,,0,percent of total billed charges,78% of Billed Charges. Lesser of 100% of billed charges applies.; No services were performed during the 15 month look back period.,,78,,,,,0,percent of total billed charges,78% of Billed Charges. Lesser of 100% of billed charges applies.; No services were performed during the 15 month look back period.,,78,,,,,0,percent of total billed charges,78% of Billed Charges. Lesser of 100% of billed charges applies.; No services were performed during the 15 month look back period.,,78,,,,,0,percent of total billed charges,78% of Billed Charges. Lesser of 100% of billed charges applies.; No services were performed during the 15 month look back period.,,78,,,,,0,percent of total billed charges,78% of Billed Charges. Lesser of 100% of billed charges applies.; No services were performed during the 15 month look back period.,,78,,,,,0,percent of total billed charges,78% of Billed Charges. Lesser of 100% of billed charges applies.; No services were performed during the 15 month look back period.,,78,,,,,0,percent of total billed charges,78% of Billed Charges. Lesser of 100% of billed charges applies.; No services were performed during the 15 month look back period.,,78,,,,,0,percent of total billed charges,78% of Billed Charges. Lesser of 100% of billed charges applies.; No services were performed during the 15 month look back period.,,78,,,,,0,percent of total billed charges,78% of Billed Charges. Lesser of 100% of billed charges applies.; No services were performed during the 15 month look back period.,,78,,,,,0,percent of total billed charges,78% of Billed Charges. Lesser of 100% of billed charges applies.; No services were performed during the 15 month look back period.,,78,,,,,0,percent of total billed charges,78% of Billed Charges. Lesser of 100% of billed charges applies.; No services were performed during the 15 month look back period.,,78,,,,,0,percent of total billed charges,78% of Billed Charges. Lesser of 100% of billed charges applies.; No services were performed during the 15 month look back period.,,78,,,,,0,percent of total billed charges,78% of Billed Charges. Lesser of 100% of billed charges applies.; No services were performed during the 15 month look back period.,,78,,,,,0,percent of total billed charges,78% of Billed Charges. Lesser of 100% of billed charges applies.; No services were performed during the 15 month look back period.,,78,,,,,0,percent of total billed charges,78% of Billed Charges. Lesser of 100% of billed charges applies.; No services were performed during the 15 month look back period.,,78,,,,,0,percent of total billed charges,78% of Billed Charges. Lesser of 100% of billed charges applies.; No services were performed during the 15 month look back period.,,78,,,,,0,percent of total billed charges,78% of Billed Charges. Lesser of 100% of billed charges applies.; No services were performed during the 15 month look back period.,,78,,,,,0,percent of total billed charges,78% of Billed Charges. Lesser of 100% of billed charges applies.; No services were performed during the 15 month look back period.,,78,,,,,0,percent of total billed charges,78% of Billed Charges. Lesser of 100% of billed charges applies.; No services were performed during the 15 month look back period.,,78,,,,,0,percent of total billed charges,78% of Billed Charges. Lesser of 100% of billed charges applies.; No services were performed during the 15 month look back period.,,78,,,,,0,percent of total billed charges,78% of Billed Charges. Lesser of 100% of billed charges applies.; No services were performed during the 15 month look back period.,8427,,,,,,,Case Rate,". Primary procedure pays at 100%, all subsequent at 50%.",8427,,,,,,,Case Rate,". Primary procedure pays at 100%, all subsequent at 50%.",8427,,,,,,,Case Rate,". Primary procedure pays at 100%, all subsequent at 50%.",8427,,,,,,,Case Rate,". Primary procedure pays at 100%, all subsequent at 50%.",12574,,,,,,,Case Rate,". Primary procedure pays at 100%, all subsequent at 50%.",12574,,,,,,,Case Rate,". Primary procedure pays at 100%, all subsequent at 50%.",,60,,,,,0,percent of total billed charges,60 percent of billed charges; No services were performed during the 15 month look back period.,10351,,,,,,,Case Rate,". MPL 100/50/25% all add ons apply, and lesser of 100% of billed charges",8165.03,,,,,,,Case Rate,". MPL 100/50/25% all add ons apply, and lesser of 100% of billed charges",10351,,,,,,,Case Rate,". MPL 100/50/25% all add ons apply, and lesser of 100% of billed charges",,78,,,,,0,percent of total billed charges,78% of Billed Charges. Lesser of 100% of billed charges applies.; No services were performed during the 15 month look back period.,12574,,,,,,,Case Rate,". Primary procedure pays at 100%, all subsequent at 50%.",10351,,,,,,,Case Rate,". MPL 100/50/25% all add ons apply, and lesser of 100% of billed charges",8165.03,,,,,,,Case Rate,". MPL 100/50/25% all add ons apply, and lesser of 100% of billed charges",,60,,,,,0,percent of total billed charges,60 percent of billed charges; No services were performed during the 15 month look back period.,,,,,,,,,"NA. ",,78,,,,,0,percent of total billed charges,78% of Billed Charges. Lesser of 100% of billed charges applies.; No services were performed during the 15 month look back period.,1713.88,,,,,,,Case Rate,"100 Percent of Medicaid APG. ",8427,,,,,,,Case Rate,". Primary procedure pays at 100%, all subsequent at 50%.",1713.88,,,,,,,Case Rate,"100 Percent of Medicaid APG. Not APG payable, or payable under another fee schedule like ASP/AWP pays at 30% of charges",1893.77,,,,,,,Case Rate,"100%Medicare OPPS FS. ",1893.77,,,,,,,Case Rate,"100% Medicare OPPS FS. ",25798,,,,,,,Case Rate,". MPL 100/75/50% all add ons apply, and lesser of 100% of billed charges",1893.77,,,,,,,Case Rate,"100% Medicare OPPS FS. ",1893.77,,,,,,,Case Rate,"100% Medicare OPPS FS. ",1713.88,,,,,,,Case Rate,"100 Percent of Medicaid APG. ",1893.77,,,,,,,Case Rate,"100% Medicare OPPS FS. ",1893.77,,,,,,,Case Rate,"100% Medicare OPPS FS. ",11080,,,,,,,Case Rate,". Primary procedure pays at 100%, secondary at 50%, all subsequent at 25%.  Lesser of applies when negotiated rates exceed charges less addons.",11080,,,,,,,Case Rate,". Primary procedure pays at 100%, secondary at 50%, all subsequent at 25%.  Lesser of applies when negotiated rates exceed charges less addons.",1893.77,,,,,,,Case Rate,"100% Medicare OPPS FS. ",,60,,,,,0,percent of total billed charges,60 percent of billed charges; No services were performed during the 15 month look back period.,8165.03,,,,,,,Case Rate,". MPL 100/50/25% all add ons apply, and lesser of 100% of billed charges",8165.03,,,,,,,Case Rate,". MPL 100/50/25% all add ons apply, and lesser of 100% of billed charges",1893.77,,,,,,,Case Rate,"100% Medicare OPPS FS. ",,60,,,,,0,percent of total billed charges,60 percent of billed charges; No services were performed during the 15 month look back period.,11080,,,,,,,Case Rate,". Primary procedure pays at 100%, secondary at 50%, all subsequent at 25%.  Lesser of applies when negotiated rates exceed charges less addons.",11080,,,,,,,Case Rate,". Primary procedure pays at 100%, secondary at 50%, all subsequent at 25%.  Lesser of applies when negotiated rates exceed charges less addons.",11080,,,,,,,Case Rate,". Primary procedure pays at 100%, secondary at 50%, all subsequent at 25%.  Lesser of applies when negotiated rates exceed charges less addons.",,78,,,,,0,percent of total billed charges,78% of Billed Charges. Lesser of 100% of billed charges applies.; No services were performed during the 15 month look back period.,,78,,,,,0,percent of total billed charges,78% of Billed Charges. Lesser of 100% of billed charges applies.; No services were performed during the 15 month look back period.,,78,,,,,0,percent of total billed charges,78% of Billed Charges. Lesser of 100% of billed charges applies.; No services were performed during the 15 month look back period.,,78,,,,,0,percent of total billed charges,78% of Billed Charges. Lesser of 100% of billed charges applies.; No services were performed during the 15 month look back period.,,78,,,,,0,percent of total billed charges,78% of Billed Charges. Lesser of 100% of billed charges applies.; No services were performed during the 15 month look back period.,,78,,,,,0,percent of total billed charges,78% of Billed Charges. Lesser of 100% of billed charges applies.; No services were performed during the 15 month look back period.,,78,,,,,0,percent of total billed charges,78% of Billed Charges. Lesser of 100% of billed charges applies.; No services were performed during the 15 month look back period.,,78,,,,,0,percent of total billed charges,78% of Billed Charges. Lesser of 100% of billed charges applies.; No services were performed during the 15 month look back period.,,78,,,,,0,percent of total billed charges,78% of Billed Charges. Lesser of 100% of billed charges applies.; No services were performed during the 15 month look back period.,,78,,,,,0,percent of total billed charges,78% of Billed Charges. Lesser of 100% of billed charges applies.; No services were performed during the 15 month look back period.,,78,,,,,0,percent of total billed charges,78% of Billed Charges. Lesser of 100% of billed charges applies.; No services were performed during the 15 month look back period.,12574,,,,,,,Case Rate,". Primary procedure pays at 100%, all subsequent at 50%.",10351,,,,,,,Case Rate,". MPL 100/50/25% all add ons apply, and lesser of 100% of billed charges",,60,,,,,0,percent of total billed charges,60 percent of billed charges; No services were performed during the 15 month look back period.,1893.77,,,,,,,Case Rate,"100% Medicare OPPS FS. ",11080,,,,,,,Case Rate,". Primary procedure pays at 100%, secondary at 50%, all subsequent at 25%.  Lesser of applies when negotiated rates exceed charges less addons.",,60,,,,,0,percent of total billed charges,60 percent of billed charges; No services were performed during the 15 month look back period.,,60,,,,,0,percent of total billed charges,60 percent of billed charges; No services were performed during the 15 month look back period.,,78,,,,,0,percent of total billed charges,78% of Billed Charges. Lesser of 100% of billed charges applies.; No services were performed during the 15 month look back period.,3667.7,,,,,,,Case Rate,"214 Percent of Medicaid APG. Drugs not priced under APG, billed with revenue code 636 and not priced by Medicare ASP FeeSched will be reimbursed at 20% of charges.",,60,,,,,0,percent of total billed charges,60 percent of billed charges; No services were performed during the 15 month look back period.,1713.88,,,,,,,Case Rate,"100 Percent of Medicaid APG. ",1893.77,,,,,,,Case Rate,"100% Medicare OPPS FS. ",1893.77,,,,,,,Case Rate,"100% Medicare OPPS FS. ",1893.77,,,,,,,Case Rate,"100% Medicare OPPS FS. ",1893.77,,,,,,,Case Rate,"100% Medicare OPPS FS. ",1893.77,,,,,,,Case Rate,"100% Medicare OPPS FS. ",1893.77,,,,,,,Case Rate,"100% Medicare OPPS FS. ",,60,,,,,0,percent of total billed charges,60 percent of billed charges; No services were performed during the 15 month look back period.,25798,,,,,,,Case Rate,". MPL 100/75/50% all add ons apply, and lesser of 100% of billed charges",3084.98,,,,,,,Fee Schedule,"180 Percent of Medicaid APG. ",3084.98,,,,,,,Fee Schedule,"180 Percent of Medicaid APG. ",3084.98,,,,,,,Fee Schedule,"180 Percent of Medicaid APG. ",3084.98,,,,,,,Fee Schedule,"180 Percent of Medicaid APG. ",3084.98,,,,,,,Fee Schedule,"180 Percent of Medicaid APG. ",,,,,,,,,"NA. ",25798,,,,,,,Case Rate,". MPL 100/75/50% all add ons apply, and lesser of 100% of billed charges",3749.66,,,,,,,Case Rate,198 Percent of Medicare OPPS. Metroplus will reimburse unlisted codes and described codes with no Medicare rate at 50 percent of charges.,3749.66,,,,,,,Case Rate,198 Percent of Medicare OPPS. Metroplus will reimburse unlisted codes and described codes with no Medicare rate at 50 percent of charges.,3749.66,,,,,,,Case Rate,198 Percent of Medicare OPPS. Metroplus will reimburse unlisted codes and described codes with no Medicare rate at 50 percent of charges.,3749.66,,,,,,,Case Rate,198 Percent of Medicare OPPS. Metroplus will reimburse unlisted codes and described codes with no Medicare rate at 50 percent of charges.,3749.66,,,,,,,Case Rate,198 Percent of Medicare OPPS. Metroplus will reimburse unlisted codes and described codes with no Medicare rate at 50 percent of charges.,1893.77,,,,,,,Case Rate,"100% Medicare OPPS FS. ",12574,,,,,,,Case Rate,". Primary procedure pays at 100%, all subsequent at 50%.",12574,,,,,,,Case Rate,". Primary procedure pays at 100%, all subsequent at 50%.",12574,,,,,,,Case Rate,". Primary procedure pays at 100%, all subsequent at 50%.",12574,,,,,,,Case Rate,". Primary procedure pays at 100%, all subsequent at 50%.",11080,,,,,,,Case Rate,". Primary procedure pays at 100%, secondary at 50%, all subsequent at 25%.  Lesser of applies when negotiated rates exceed charges less addons.",11080,,,,,,,Case Rate,". Primary procedure pays at 100%, secondary at 50%, all subsequent at 25%.  Lesser of applies when negotiated rates exceed charges less addons.",11080,,,,,,,Case Rate,". Primary procedure pays at 100%, secondary at 50%, all subsequent at 25%.  Lesser of applies when negotiated rates exceed charges less addons.",11080,,,,,,,Case Rate,". Primary procedure pays at 100%, secondary at 50%, all subsequent at 25%.  Lesser of applies when negotiated rates exceed charges less addons.",25798,,,,,,,Case Rate,". MPL 100/75/50% all add ons apply, and lesser of 100% of billed charges",25798,,,,,,,Case Rate,". MPL 100/75/50% all add ons apply, and lesser of 100% of billed charges",1893.77,,,,,,,Case Rate,"100% Medicare OPPS FS. ",1893.77,,,,,,,Case Rate,"100% Medicare OPPS FS. ",1893.77,,,,,,,Case Rate,"100% Medicare OPPS FS. ",10351,,,,,,,Case Rate,". MPL 100/50/25% all add ons apply, and lesser of 100% of billed charges",10351,,,,,,,Case Rate,". MPL 100/50/25% all add ons apply, and lesser of 100% of billed charges",10351,,,,,,,Case Rate,". MPL 100/50/25% all add ons apply, and lesser of 100% of billed charges",25798,,,,,,,Case Rate,". MPL 100/75/50% all add ons apply, and lesser of 100% of billed charges",11080,,,,,,,Case Rate,". Primary procedure pays at 100%, secondary at 50%, all subsequent at 25%.  Lesser of applies when negotiated rates exceed charges less addons.",1893.77,,,,,,,Case Rate,"100% Medicare OPPS FS. ",10351,,,,,,,Case Rate,". MPL 100/50/25% all add ons apply, and lesser of 100% of billed charges",1713.88,,,,,,,Case Rate,"100 Percent of Medicaid APG. ",1931.64,,,,,,,Case Rate,"102% of Medicare OPPS. ",1931.64,,,,,,,Case Rate,"102% of Medicare OPPS. ",1931.64,,,,,,,Case Rate,"102% of Medicare OPPS. ",1713.88,,,,,,,Case rate,"100 Percent of Medicaid APG. ",3856.23,,,,,,,Case Rate,225% of NYS APG. Lesser of 100% of billed charges applies.,3856.23,,,,,,,Case Rate,225% of NYS APG. Lesser of 100% of billed charges applies.,3856.23,,,,,,,Case Rate,225% of NYS APG. Lesser of 100% of billed charges applies.,3856.23,,,,,,,Case Rate,225% of NYS APG. Lesser of 100% of billed charges applies.,3856.23,,,,,,,Case Rate,225% of NYS APG. Lesser of 100% of billed charges applies.,1931.64,,,,,,,Case Rate,"102% of Medicare OPPS. ",1713.88,,,,,,,Case Rate,"100 Percent of Medicaid APG. ",802.93,,,,,,,Case Rate,100% of PAS. Lesser of 100% of billed charges applies.,3856.23,,,,,,,Case Rate,225% of NYS APG. Lesser of 100% of billed charges applies.,3856.23,,,,,,,Case Rate,225% of NYS APG. Lesser of 100% of billed charges applies.,802.93,,,,,,,Case Rate,100% of PAS. Lesser of 100% of billed charges applies.,802.93,,,,,,,Case Rate,100% of PAS. Lesser of 100% of billed charges applies.,3084.98,,,,,,,Fee Schedule,"180 Percent of Medicaid APG. ",1893.77,,,,,,,Case Rate,"100% Medicare OPPS FS. ",1893.77,,,,,,,Case Rate,"100% Medicare OPPS FS. ",11080,,,,,,,Case Rate,". Primary procedure pays at 100%, secondary at 50%, all subsequent at 25%.  Lesser of applies when negotiated rates exceed charges less addons.",1893.77,,,,,,,Case Rate,"100% Medicare OPPS FS. ",3856.23,,,,,,,Case Rate,"225 Percent of Medicaid APG. ",3856.23,,,,,,,Case Rate,"225 Percent of Medicaid APG. ",1713.88,,,,,,,Case rate,"100 Percent of Medicaid APG. ",1713.88,,,,,,,Case rate,"100 Percent of Medicaid APG. ",3856.23,,,,,,,Case Rate,225 Percent of Medicaid APG. Covered services not payable under Medicaid Fee Schedules default to a payment of 87.5 percent of charges.,1713.88,,,,,,,Case rate,124 Percent of Medicaid APG. Covered services not payable under Medicaid Fee Schedules default to a payment of 50 percent of charges.,3856.23,,,,,,,Case Rate,"100 Percent of Medicaid APG. ",3856.23,,,,,,,Case Rate,"100 Percent of Medicaid APG. ",3856.23,,,,,,,Case Rate,"100 Percent of Medicaid APG. ",3856.23,,,,,,,Case Rate,"100 Percent of Medicaid APG. ",13453,,,,,,,Case Rate,". MPL 100/75/50% all add ons apply, and lesser of 100% of billed charges",25798,,,,,,,Case Rate,". MPL 100/75/50% all add ons apply, and lesser of 100% of billed charges",2056.66,,,,,,,Case Rate,"120 Percent of Medicaid APG. Not APG payable, or payable under another fee schedule like ASP/AWP pays at 30% of charges",2056.66,,,,,,,Case Rate,"120 Percent of Medicaid APG. Not APG payable, or payable under another fee schedule like ASP/AWP pays at 30% of charges",1713.88,,,,,,,Case Rate,"100 Percent of Medicaid APG. Not APG payable, or payable under another fee schedule like ASP/AWP pays at 30% of charges",1713.88,,,,,,,Case Rate,"100 Percent of Medicaid APG. Not APG payable, or payable under another fee schedule like ASP/AWP pays at 30% of charges",10351,,,,,,,Case Rate,". MPL 100/50/25% all add ons apply, and lesser of 100% of billed charges",10351,,,,,,,Case Rate,". MPL 100/50/25% all add ons apply, and lesser of 100% of billed charges",1893.77,,,,,,,Case Rate,"100% Medicare OPPS FS. ",10351,,,,,,,Case Rate,". MPL 100/50/25% all add ons apply, and lesser of 100% of billed charges",10351,,,,,,,Case Rate,". MPL 100/50/25% all add ons apply, and lesser of 100% of billed charges",10351,,,,,,,Case Rate,". MPL 100/50/25% all add ons apply, and lesser of 100% of billed charges",10351,,,,,,,Case Rate,". MPL 100/50/25% all add ons apply, and lesser of 100% of billed charges",1893.77,,,,,,,Case Rate,"100% Medicare OPPS FS. ",10351,,,,,,,Case Rate,". MPL 100/50/25% all add ons apply, and lesser of 100% of billed charges",10351,,,,,,,Case Rate,". MPL 100/50/25% all add ons apply, and lesser of 100% of billed charges",11080,,,,,,,Case Rate,". Primary procedure pays at 100%, secondary at 50%, all subsequent at 25%.  Lesser of applies when negotiated rates exceed charges less addons.",1713.88,,,,,,,Fee Schedule,100% APG. Lesser of 100% of billed charges applies.,1713.88,,,,,,,Case rate,124 Percent of Medicaid APG. Covered services not payable under Medicaid Fee Schedules default to a payment of 50 percent of charges.,3856.23,,,,,,,Case Rate,225% of NYS APG. Lesser of 100% of billed charges applies.,3856.23,,,,,,,Case Rate,225 Percent of Medicaid APG. Covered services not payable under Medicaid Fee Schedules default to a payment of 87.5 percent of charges.,1713.88,,,,,,,Case rate,124 Percent of Medicaid APG. Covered services not payable under Medicaid Fee Schedules default to a payment of 50 percent of charges.,3856.23,,,,,,,Case Rate,225% of NYS APG. Lesser of 100% of billed charges applies.,3856.23,,,,,,,Case Rate,225% of NYS APG. Lesser of 100% of billed charges applies.,3856.23,,,,,,,Case Rate,225% of NYS APG. Lesser of 100% of billed charges applies.,3856.23,,,,,,,Case Rate,225% of NYS APG. Lesser of 100% of billed charges applies.,3856.23,,,,,,,Case Rate,225% of NYS APG. Lesser of 100% of billed charges applies.,3856.23,,,,,,,Case Rate,225% of NYS APG. Lesser of 100% of billed charges applies.,,,,,,,,,"NA. ",,,,,,,,,"NA. ",,,,,,,,,"NA. ",,60,,,,,0,percent of total billed charges,60 percent of billed charges; No services were performed during the 15 month look back period.,,,,,,,,,"NA. ",1893.77,,,,,,,Case Rate,"100% Medicare OPPS FS. ",8539,,,,,,,Case Rate,". MPL 1st 100% of Payment Rate 50% of all others, all add ons apply, and lesser of 100% of billed charges.",1893.77,,,,,,,Case Rate,"100% Medicare OPPS FS. ",1893.77,,,,,,,Case Rate,"100% Medicare OPPS FS. ",2056.66,,,,,,,Case Rate,"120 Percent of Medicaid APG. Not APG payable, or payable under another fee schedule like ASP/AWP pays at 30% of charges",2056.66,,,,,,,Case Rate,"120 Percent of Medicaid APG. Not APG payable, or payable under another fee schedule like ASP/AWP pays at 30% of charges",1713.88,,,,,,,Case Rate,"100 Percent of Medicaid APG. Not APG payable, or payable under another fee schedule like ASP/AWP pays at 30% of charges",1713.88,,,,,,,Case Rate,"100 Percent of Medicaid APG. Not APG payable, or payable under another fee schedule like ASP/AWP pays at 30% of charges",1713.88,,,,,,,Case Rate,"100 Percent of Medicaid APG. ",7163,,,,,,,Case Rate,". ",11080,,,,,,,Case Rate,". Primary procedure pays at 100%, secondary at 50%, all subsequent at 25%.  Lesser of applies when negotiated rates exceed charges less addons.",8427,,,,,,,Case Rate,". Primary procedure pays at 100%, all subsequent at 50%.",,60,,,,,0,percent of total billed charges,60 percent of billed charges; No services were performed during the 15 month look back period.,1893.77,,,,,,,Case Rate,"100%Medicare OPPS FS. ",1893.77,,,,,,,Case Rate,"100% Medicare OPPS FS. ",1893.77,,,,,,,Case Rate,"100% Medicare OPPS FS. ",1893.77,,,,,,,Case Rate,"100% Medicare OPPS FS. ",1893.77,,,,,,,Case Rate,"100%Medicare OPPS FS. ",1893.77,,,,,,,Case Rate,"100% Medicare OPPS FS. ",,,,,,,,,"NA. ",3856.23,,,,,,,Case Rate,225% of NYS APG. Lesser of 100% of billed charges applies.,802.93,,,,,,,Case Rate,100% of PAS. Lesser of 100% of billed charges applies.,10351,,,,,,,Case Rate,". MPL 100/50/25% all add ons apply, and lesser of 100% of billed charges",7163,,,,,,,Case Rate,". ",7163,,,,,,,Case Rate,". ",7163,,,,,,,Case Rate,". ",7163,,,,,,,Case Rate,". ",1893.77,,,,,,,Case Rate,"100% Medicare OPPS FS. ",1713.88,,,,,,,Case Rate,"100 Percent of Medicaid APG. ",10351,,,,,,,Case Rate,". MPL 100/50/25% all add ons apply, and lesser of 100% of billed charges",1713.88,,,,,,,Case Rate,"100 Percent of Medicaid APG. ",1893.77,,,,,,,Case Rate,"100% Medicare OPPS FS. ",1713.88,,,,,,,Case Rate,"100 Percent of Medicaid APG. ",1893.77,,,,,,,Case Rate,"100% Medicare OPPS FS. ",1893.77,,,,,,,Case Rate,"100% Medicare OPPS FS. ",1713.88,,,,,,,Case Rate,"100 Percent of Medicaid APG. ",1713.88,,,,,,,Case Rate,"100 Percent of Medicaid APG. ",7163,,,,,,,Case Rate,". ",,60,,,,,0,percent of total billed charges,60 percent of billed charges; No services were performed during the 15 month look back period.,,78,,,,,0,percent of total billed charges,78% of Billed Charges. Lesser of 100% of billed charges applies.; No services were performed during the 15 month look back period.,8165.03,,,,,,,Case Rate,". MPL 100/50/25% all add ons apply, and lesser of 100% of billed charges",8165.03,,,,,,,Case Rate,". MPL 100/50/25% all add ons apply, and lesser of 100% of billed charges",11080,,,,,,,Case Rate,". Primary procedure pays at 100%, secondary at 50%, all subsequent at 25%.  Lesser of applies when negotiated rates exceed charges less addons.",804.95,,,,,,,Case Rate,"83% HF Fee schedule. ",12574,,,,,,,Case Rate,". Primary procedure pays at 100%, all subsequent at 50%.",12574,,,,,,,Case Rate,". Primary procedure pays at 100%, all subsequent at 50%.",8281,,,,,,,Case Rate,". MPL 100/50/25% all add ons apply, and lesser of 100% of billed charges",8281,,,,,,,Case Rate,". MPL 100/50/25% all add ons apply, and lesser of 100% of billed charges",1893.77,,,,,,,Case Rate,"100% Medicare OPPS FS. ",1893.77,,,,,,,Case Rate,"100% Medicare OPPS FS. ",1893.77,,,,,,,Case Rate,"100% Medicare OPPS FS. ",1893.77,,,,,,,Case Rate,"100% Medicare OPPS FS. ",8165.03,,,,,,,Case Rate,". MPL 100/50/25% all add ons apply, and lesser of 100% of billed charges",10351,,,,,,,Case Rate,". MPL 100/50/25% all add ons apply, and lesser of 100% of billed charges",10351,,,,,,,Case Rate,". MPL 100/50/25% all add ons apply, and lesser of 100% of billed charges",1893.77,,,,,,,Case Rate,"100% Medicare OPPS FS. ",8281,,,,,,,Case Rate,". MPL 100/50/25% all add ons apply, and lesser of 100% of billed charges",8427,,,,,,,Case Rate,". Primary procedure pays at 100%, all subsequent at 50%.",2056.66,,,,,,,Fee Schedule,"120 Percent of Medicaid APG. ",1713.88,,,,,,,Case Rate,"100 Percent of Medicaid APG. ",7163,,,,,,,Case Rate,". ",9316,,,,,,,Case Rate,". MPL 100/50/25% all add ons apply, and lesser of 100% of billed charges",9316,,,,,,,Case Rate,". MPL 100/50/25% all add ons apply, and lesser of 100% of billed charges",10351,,,,,,,Case Rate,". MPL 100/50/25% all add ons apply, and lesser of 100% of billed charges",14948,,,,,,,Case Rate,". MPL 100/75/50% all add ons apply, and lesser of 100% of billed charges",1893.77,,,,,,,Case Rate,"100%Medicare OPPS FS. ",1799.57,,,,,,,Fee Schedule,105 percent of Medicaid APG. otherwise 105% of Ordered NYS MCD FS or 105% of ASP+6%,1799.57,,,,,,,Fee Schedule,105 percent of Medicaid APG. otherwise 105% of Ordered NYS MCD FS or 105% of ASP+6%,1799.57,,,,,,,Fee Schedule,105 percent of Medicaid APG. otherwise 105% of Ordered NYS MCD FS or 105% of ASP+6%,2313.74,,,,,,,Fee Schedule,135 percent of Medicaid APG. otherwise 135% of Ordered NYS MCD FS or 135% of ASP+6%,8165.03,,,,,,,Case Rate,". MPL 100/50/25% all add ons apply, and lesser of 100% of billed charges",1799.57,,,,,,,Fee Schedule,105 percent of Medicaid APG. otherwise 105% of Ordered NYS MCD FS or 105% of ASP+6%,1799.57,,,,,,,Fee Schedule,105 percent of Medicaid APG. otherwise 105% of Ordered NYS MCD FS or 105% of ASP+6%,1799.57,,,,,,,Fee Schedule,105 percent of Medicaid APG. otherwise 105% of Ordered NYS MCD FS or 105% of ASP+6%,1799.57,,,,,,,Fee Schedule,105 percent of Medicaid APG. otherwise 105% of Ordered NYS MCD FS or 105% of ASP+6%,1799.57,,,,,,,Fee Schedule,105 percent of Medicaid APG. otherwise 105% of Ordered NYS MCD FS or 105% of ASP+6%,2313.74,,,,,,,Fee Schedule,135 percent of Medicaid APG. otherwise 135% of Ordered NYS MCD FS or 135% of ASP+6%,2313.74,,,,,,,Fee Schedule,135 percent of Medicaid APG. otherwise 135% of Ordered NYS MCD FS or 135% of ASP+6%,1893.77,,,,,,,Case Rate,"100% Medicare OPPS FS. ",8165.03,,,,,,,Case Rate,". MPL 100/50/25% all add ons apply, and lesser of 100% of billed charges",1893.77,,,,,,,Case Rate,"100% Medicare OPPS FS. ",1799.57,,,,,,,Fee Schedule,105 percent of Medicaid APG. otherwise 105% of Ordered NYS MCD FS or 105% of ASP+6%,10351,,,,,,,Case Rate,". MPL 100/50/25% all add ons apply, and lesser of 100% of billed charges",1893.77,,,,,,,Case Rate,"100% Medicare OPPS FS. ",10351,,,,,,,Case Rate,". MPL 100/50/25% all add ons apply, and lesser of 100% of billed charges",10351,,,,,,,Case Rate,". MPL 100/50/25% all add ons apply, and lesser of 100% of billed charges",10351,,,,,,,Case Rate,". MPL 100/50/25% all add ons apply, and lesser of 100% of billed charges",1799.57,,,,,,,Fee Schedule,105 percent of Medicaid APG. otherwise 105% of Ordered NYS MCD FS or 105% of ASP+6%,1893.77,,,,,,,Case Rate,"100% Medicare OPPS FS. ",10351,,,,,,,Case Rate,". MPL 100/50/25% all add ons apply, and lesser of 100% of billed charges",2313.74,,,,,,,Fee Schedule,135 percent of Medicaid APG. otherwise 135% of Ordered NYS MCD FS or 135% of ASP+6%,10351,,,,,,,Case Rate,". MPL 100/50/25% all add ons apply, and lesser of 100% of billed charges",,200,,,,,0,Case Rate,200% of Medicare OPPS. ; No services were performed during the 15 month look back period.,1893.77,,,,,,,Case Rate,"100%Medicare OPPS FS. ",7163,,,,,,,Case Rate,". ",7163,,,,,,,Case Rate,". ",7163,,,,,,,Case Rate,". ",7163,,,,,,,Case Rate,". ",7163,,,,,,,Case Rate,". ",8427,,,,,,,Case Rate,". Primary procedure pays at 100%, all subsequent at 50%.",8427,,,,,,,Case Rate,". Primary procedure pays at 100%, all subsequent at 50%.",7163,,,,,,,Case Rate,". ",7163,,,,,,,Case Rate,". ",7163,,,,,,,Case Rate,". ",7163,,,,,,,Case Rate,". ",7163,,,,,,,Case Rate,". ",1893.77,,,,,,,Case Rate,"100% Medicare OPPS FS. ",8427,,,,,,,Case Rate,". Primary procedure pays at 100%, all subsequent at 50%.",1893.77,,,,,,,Case Rate,"100% Medicare OPPS FS. ",3856.23,,,,,,,Case Rate,"225 Percent of Medicaid APG. If not included in Medicaid APG, then 100 Percent of Manhattan Medicare",1713.88,,,,,,,Case Rate,"100 Percent of Medicaid APG. ",8165.03,,,,,,,Case Rate,". MPL 100/50/25% all add ons apply, and lesser of 100% of billed charges",8165.03,,,,,,,Case Rate,". MPL 100/50/25% all add ons apply, and lesser of 100% of billed charges",1893.77,,,,,,,Case Rate,"100% Medicare OPPS FS. ",12574,,,,,,,Case Rate,". Primary procedure pays at 100%, all subsequent at 50%.",1893.77,,,,,,,Case Rate,"100% Medicare OPPS FS. ",1893.77,,,,,,,Case Rate,"100% Medicare OPPS FS. ",11080,,,,,,,Case Rate,". Primary procedure pays at 100%, secondary at 50%, all subsequent at 25%.  Lesser of applies when negotiated rates exceed charges less addons.",1893.77,,,,,,,Case Rate,"100% Medicare OPPS FS. ",,60,,,,,0,percent of total billed charges,60 percent of billed charges; No services were performed during the 15 month look back period.,1893.77,,,,,,,Case Rate,"100% Medicare OPPS FS. ",,60,,,,,0,percent of total billed charges,60 percent of billed charges; No services were performed during the 15 month look back period.,11080,,,,,,,Case Rate,". Primary procedure pays at 100%, secondary at 50%, all subsequent at 25%.  Lesser of applies when negotiated rates exceed charges less addons.",,60,,,,,0,percent of total billed charges,60 percent of billed charges; No services were performed during the 15 month look back period.,1893.77,,,,,,,Case Rate,"100% Medicare OPPS FS. ",1713.88,,,,,,,Case Rate,"100 Percent of Medicaid APG. ",1893.77,,,,,,,Case Rate,"100% Medicare OPPS FS. ",,60,,,,,0,percent of total billed charges,60 percent of billed charges; No services were performed during the 15 month look back period.,8165.03,,,,,,,Case Rate,". MPL 100/50/25% all add ons apply, and lesser of 100% of billed charges",1713.88,,,,,,,Case Rate,"100 Percent of Medicaid APG. ",10351,,,,,,,Case Rate,". MPL 100/50/25% all add ons apply, and lesser of 100% of billed charges",2056.66,,,,,,,Fee Schedule,"120 Percent of Medicaid APG. ",2056.66,,,,,,,Fee Schedule,"120 Percent of Medicaid APG. ",10351,,,,,,,Case Rate,". MPL 100/50/25% all add ons apply, and lesser of 100% of billed charges",10351,,,,,,,Case Rate,". MPL 100/50/25% all add ons apply, and lesser of 100% of billed charges",10351,,,,,,,Case Rate,". MPL 100/50/25% all add ons apply, and lesser of 100% of billed charges",8165.03,,,,,,,Case Rate,". MPL 100/50/25% all add ons apply, and lesser of 100% of billed charges",10351,,,,,,,Case Rate,". MPL 100/50/25% all add ons apply, and lesser of 100% of billed charges",10351,,,,,,,Case Rate,". MPL 100/50/25% all add ons apply, and lesser of 100% of billed charges",10351,,,,,,,Case Rate,". MPL 100/50/25% all add ons apply, and lesser of 100% of billed charges",7163,,,,,,,Case Rate,". ",7163,,,,,,,Case Rate,". ",3749.66,,,,,,,Case Rate,198 Percent of Medicare OPPS. Metroplus will reimburse unlisted codes and described codes with no Medicare rate at 50 percent of charges.,1713.88,,,,,,,Case Rate,"100 Percent of Medicaid APG. ",8165.03,,,,,,,Case Rate,". MPL 100/50/25% all add ons apply, and lesser of 100% of billed charges",,60,,,,,0,percent of total billed charges,60 percent of billed charges; No services were performed during the 15 month look back period.,11080,,,,,,,Case Rate,". Primary procedure pays at 100%, secondary at 50%, all subsequent at 25%.  Lesser of applies when negotiated rates exceed charges less addons.",8165.03,,,,,,,Case Rate,". MPL 100/50/25% all add ons apply, and lesser of 100% of billed charges",11080,,,,,,,Case Rate,". Primary procedure pays at 100%, secondary at 50%, all subsequent at 25%.  Lesser of applies when negotiated rates exceed charges less addons.",8165.03,,,,,,,Case Rate,". MPL 100/50/25% all add ons apply, and lesser of 100% of billed charges",10351,,,,,,,Case Rate,". MPL 100/50/25% all add ons apply, and lesser of 100% of billed charges",10351,,,,,,,Case Rate,". MPL 100/50/25% all add ons apply, and lesser of 100% of billed charges",10351,,,,,,,Case Rate,". MPL 100/50/25% all add ons apply, and lesser of 100% of billed charges",10351,,,,,,,Case Rate,". MPL 100/50/25% all add ons apply, and lesser of 100% of billed charges",1893.77,,,,,,,Case Rate,"100% Medicare OPPS FS. ",802.93,25798,
26110,CPT,,,490,RC,BIOPSY FINGER JOINT LINING,,,both,,,,3681,,,,,,,Case Rate,". MPL 1st 100% of Payment Rate 50% of all others, all add ons apply, and lesser of 100% of billed charges.",3681,,,,,,,Case Rate,". MPL 1st 100% of Payment Rate 50% of all others, all add ons apply, and lesser of 100% of billed charges.",6593,,,,,,,Case Rate,". Primary procedure pays at 100%, secondary at 50%, all subsequent at 25%.  Lesser of applies when negotiated rates exceed charges less addons.",,100,,,,,0,percent of total billed charges,100 percent of billed charges. ; No services were performed during the 15 month look back period.,1893.77,,,,,,,Case Rate,"100% Medicare OPPS FS. ",6593,,,,,,,Case Rate,". Primary procedure pays at 100%, secondary at 50%, all subsequent at 25%.  Lesser of applies when negotiated rates exceed charges less addons.",6593,,,,,,,Case Rate,". Primary procedure pays at 100%, secondary at 50%, all subsequent at 25%.  Lesser of applies when negotiated rates exceed charges less addons.",6593,,,,,,,Case Rate,". Primary procedure pays at 100%, secondary at 50%, all subsequent at 25%.  Lesser of applies when negotiated rates exceed charges less addons.",2056.66,,,,,,,Case Rate,"100 Percent of Medicaid APG. ",1713.88,,,,,,,Case Rate,"100 Percent of Medicaid APG. ",,78,,,,,0,percent of total billed charges,78% of Billed Charges. Lesser of 100% of billed charges applies.; No services were performed during the 15 month look back period.,8165.03,,,,,,,Case Rate,". MPL 100/50/25% all add ons apply, and lesser of 100% of billed charges",1713.88,,,,,,,Case Rate,"100 Percent of Medicaid APG. ",1893.77,,,,,,,Case Rate,"100% Medicare OPPS FS. ",6487,,,,,,,Case Rate,". MPL 100/50/25% maxmium of 3 procedures. All add ons apply, and lesser of 100% of billed charges",6487,,,,,,,Case Rate,". MPL 100/50/25% maxmium of 3 procedures. All add ons apply, and lesser of 100% of billed charges",6487,,,,,,,Case Rate,". MPL 100/50/25% maxmium of 3 procedures. All add ons apply, and lesser of 100% of billed charges",6487,,,,,,,Case Rate,". MPL 100/50/25% maxmium of 3 procedures. All add ons apply, and lesser of 100% of billed charges",1713.88,,,,,,,Case rate,124 Percent of Medicaid APG. Covered services not payable under Medicaid Fee Schedules default to a payment of 50 percent of charges.,1893.77,,,,,,,Case Rate,"100% Medicare OPPS FS. ",1713.88,,,,,,,Case rate,124 Percent of Medicaid APG. Covered services not payable under Medicaid Fee Schedules default to a payment of 50 percent of charges.,,78,,,,,0,percent of total billed charges,78% of Billed Charges. Lesser of 100% of billed charges applies.; No services were performed during the 15 month look back period.,6593,,,,,,,Case Rate,". Primary procedure pays at 100%, secondary at 50%, all subsequent at 25%.  Lesser of applies when negotiated rates exceed charges less addons.",1893.77,,,,,,,Case Rate,"100%Medicare OPPS FS. ",8427,,,,,,,Case Rate,". Primary procedure pays at 100%, all subsequent at 50%.",1893.77,,,,,,,Case Rate,"100%Medicare OPPS FS. ",1893.77,,,,,,,Case Rate,"100%Medicare OPPS FS. ",,78,,,,,0,percent of total billed charges,78% of Billed Charges. Lesser of 100% of billed charges applies.; No services were performed during the 15 month look back period.,802.93,,,,,,,Case Rate,100% of PAS. Lesser of 100% of billed charges applies.,802.93,,,,,,,Case Rate,100% of PAS. Lesser of 100% of billed charges applies.,1713.88,,,,,,,Case rate,"100 Percent of Medicaid APG. ",1713.88,,,,,,,Case rate,"100 Percent of Medicaid APG. ",8427,,,,,,,Case Rate,". Primary procedure pays at 100%, all subsequent at 50%.",8427,,,,,,,Case Rate,". Primary procedure pays at 100%, all subsequent at 50%.",1713.88,,,,,,,Case Rate,"100 Percent of Medicaid APG. Not APG payable, or payable under another fee schedule like ASP/AWP pays at 30% of charges",8427,,,,,,,Case Rate,". Primary procedure pays at 100%, all subsequent at 50%.",1713.88,,,,,,,Case Rate,"100 Percent of Medicaid APG. Not APG payable, or payable under another fee schedule like ASP/AWP pays at 30% of charges",1893.77,,,,,,,Case Rate,"100%Medicare OPPS FS. ",8427,,,,,,,Case Rate,". Primary procedure pays at 100%, all subsequent at 50%.",,78,,,,,0,percent of total billed charges,78% of Billed Charges. Lesser of 100% of billed charges applies.; No services were performed during the 15 month look back period.,1713.88,,,,,,,Case Rate,"100 Percent of Medicaid APG. ",1713.88,,,,,,,Case Rate,"100 Percent of Medicaid APG. ",,78,,,,,0,percent of total billed charges,78% of Billed Charges. Lesser of 100% of billed charges applies.; No services were performed during the 15 month look back period.,6487,,,,,,,Case Rate,". MPL 100/50/25% maxmium of 3 procedures. All add ons apply, and lesser of 100% of billed charges",6377,,,,,,,Case Rate,". MPL 100/50/25% all add ons apply, and lesser of 100% of billed charges",6377,,,,,,,Case Rate,". MPL 100/50/25% all add ons apply, and lesser of 100% of billed charges",,78,,,,,0,percent of total billed charges,78% of Billed Charges. Lesser of 100% of billed charges applies.; No services were performed during the 15 month look back period.,1893.77,,,,,,,Case Rate,"100% Medicare OPPS FS. ",8165.03,,,,,,,Case Rate,". MPL 100/50/25% all add ons apply, and lesser of 100% of billed charges",8165.03,,,,,,,Case Rate,". MPL 100/50/25% all add ons apply, and lesser of 100% of billed charges",8165.03,,,,,,,Case Rate,". MPL 100/50/25% all add ons apply, and lesser of 100% of billed charges",1893.77,,,,,,,Case Rate,"100% Medicare OPPS FS. ",8165.03,,,,,,,Case Rate,". MPL 100/50/25% all add ons apply, and lesser of 100% of billed charges",8165.03,,,,,,,Case Rate,". MPL 100/50/25% all add ons apply, and lesser of 100% of billed charges",1893.77,,,,,,,Case Rate,"100% of Medicare OPPS. ",25798,,,,,,,Case Rate,". MPL 100/75/50% all add ons apply, and lesser of 100% of billed charges",10351,,,,,,,Case Rate,". MPL 100/50/25% all add ons apply, and lesser of 100% of billed charges",10351,,,,,,,Case Rate,". MPL 100/50/25% all add ons apply, and lesser of 100% of billed charges",10351,,,,,,,Case Rate,". MPL 100/50/25% all add ons apply, and lesser of 100% of billed charges",10351,,,,,,,Case Rate,". MPL 100/50/25% all add ons apply, and lesser of 100% of billed charges",10351,,,,,,,Case Rate,". MPL 100/50/25% all add ons apply, and lesser of 100% of billed charges",10351,,,,,,,Case Rate,". MPL 100/50/25% all add ons apply, and lesser of 100% of billed charges",1893.77,,,,,,,Case Rate,"100% Medicare OPPS FS. ",1893.77,,,,,,,Case Rate,"100% Medicare OPPS FS. ",10351,,,,,,,Case Rate,". MPL 100/50/25% all add ons apply, and lesser of 100% of billed charges",,78,,,,,0,percent of total billed charges,78% of Billed Charges. Lesser of 100% of billed charges applies.; No services were performed during the 15 month look back period.,,78,,,,,0,percent of total billed charges,78% of Billed Charges. Lesser of 100% of billed charges applies.; No services were performed during the 15 month look back period.,,78,,,,,0,percent of total billed charges,78% of Billed Charges. Lesser of 100% of billed charges applies.; No services were performed during the 15 month look back period.,,78,,,,,0,percent of total billed charges,78% of Billed Charges. Lesser of 100% of billed charges applies.; No services were performed during the 15 month look back period.,,78,,,,,0,percent of total billed charges,78% of Billed Charges. Lesser of 100% of billed charges applies.; No services were performed during the 15 month look back period.,,78,,,,,0,percent of total billed charges,78% of Billed Charges. Lesser of 100% of billed charges applies.; No services were performed during the 15 month look back period.,,78,,,,,0,percent of total billed charges,78% of Billed Charges. Lesser of 100% of billed charges applies.; No services were performed during the 15 month look back period.,,78,,,,,0,percent of total billed charges,78% of Billed Charges. Lesser of 100% of billed charges applies.; No services were performed during the 15 month look back period.,,78,,,,,0,percent of total billed charges,78% of Billed Charges. Lesser of 100% of billed charges applies.; No services were performed during the 15 month look back period.,,78,,,,,0,percent of total billed charges,78% of Billed Charges. Lesser of 100% of billed charges applies.; No services were performed during the 15 month look back period.,,78,,,,,0,percent of total billed charges,78% of Billed Charges. Lesser of 100% of billed charges applies.; No services were performed during the 15 month look back period.,,78,,,,,0,percent of total billed charges,78% of Billed Charges. Lesser of 100% of billed charges applies.; No services were performed during the 15 month look back period.,,78,,,,,0,percent of total billed charges,78% of Billed Charges. Lesser of 100% of billed charges applies.; No services were performed during the 15 month look back period.,,78,,,,,0,percent of total billed charges,78% of Billed Charges. Lesser of 100% of billed charges applies.; No services were performed during the 15 month look back period.,,78,,,,,0,percent of total billed charges,78% of Billed Charges. Lesser of 100% of billed charges applies.; No services were performed during the 15 month look back period.,,78,,,,,0,percent of total billed charges,78% of Billed Charges. Lesser of 100% of billed charges applies.; No services were performed during the 15 month look back period.,,78,,,,,0,percent of total billed charges,78% of Billed Charges. Lesser of 100% of billed charges applies.; No services were performed during the 15 month look back period.,,78,,,,,0,percent of total billed charges,78% of Billed Charges. Lesser of 100% of billed charges applies.; No services were performed during the 15 month look back period.,,78,,,,,0,percent of total billed charges,78% of Billed Charges. Lesser of 100% of billed charges applies.; No services were performed during the 15 month look back period.,,78,,,,,0,percent of total billed charges,78% of Billed Charges. Lesser of 100% of billed charges applies.; No services were performed during the 15 month look back period.,,78,,,,,0,percent of total billed charges,78% of Billed Charges. Lesser of 100% of billed charges applies.; No services were performed during the 15 month look back period.,,78,,,,,0,percent of total billed charges,78% of Billed Charges. Lesser of 100% of billed charges applies.; No services were performed during the 15 month look back period.,,78,,,,,0,percent of total billed charges,78% of Billed Charges. Lesser of 100% of billed charges applies.; No services were performed during the 15 month look back period.,,78,,,,,0,percent of total billed charges,78% of Billed Charges. Lesser of 100% of billed charges applies.; No services were performed during the 15 month look back period.,,78,,,,,0,percent of total billed charges,78% of Billed Charges. Lesser of 100% of billed charges applies.; No services were performed during the 15 month look back period.,,78,,,,,0,percent of total billed charges,78% of Billed Charges. Lesser of 100% of billed charges applies.; No services were performed during the 15 month look back period.,8427,,,,,,,Case Rate,". Primary procedure pays at 100%, all subsequent at 50%.",8427,,,,,,,Case Rate,". Primary procedure pays at 100%, all subsequent at 50%.",8427,,,,,,,Case Rate,". Primary procedure pays at 100%, all subsequent at 50%.",8427,,,,,,,Case Rate,". Primary procedure pays at 100%, all subsequent at 50%.",12574,,,,,,,Case Rate,". Primary procedure pays at 100%, all subsequent at 50%.",12574,,,,,,,Case Rate,". Primary procedure pays at 100%, all subsequent at 50%.",6487,,,,,,,Case Rate,". MPL 100/50/25% maxmium of 3 procedures. All add ons apply, and lesser of 100% of billed charges",10351,,,,,,,Case Rate,". MPL 100/50/25% all add ons apply, and lesser of 100% of billed charges",8165.03,,,,,,,Case Rate,". MPL 100/50/25% all add ons apply, and lesser of 100% of billed charges",10351,,,,,,,Case Rate,". MPL 100/50/25% all add ons apply, and lesser of 100% of billed charges",,78,,,,,0,percent of total billed charges,78% of Billed Charges. Lesser of 100% of billed charges applies.; No services were performed during the 15 month look back period.,12574,,,,,,,Case Rate,". Primary procedure pays at 100%, all subsequent at 50%.",10351,,,,,,,Case Rate,". MPL 100/50/25% all add ons apply, and lesser of 100% of billed charges",8165.03,,,,,,,Case Rate,". MPL 100/50/25% all add ons apply, and lesser of 100% of billed charges",6487,,,,,,,Case Rate,". MPL 100/50/25% maxmium of 3 procedures. All add ons apply, and lesser of 100% of billed charges",,,,,,,,,"NA. ",,78,,,,,0,percent of total billed charges,78% of Billed Charges. Lesser of 100% of billed charges applies.; No services were performed during the 15 month look back period.,1713.88,,,,,,,Case Rate,"100 Percent of Medicaid APG. ",8427,,,,,,,Case Rate,". Primary procedure pays at 100%, all subsequent at 50%.",1713.88,,,,,,,Case Rate,"100 Percent of Medicaid APG. Not APG payable, or payable under another fee schedule like ASP/AWP pays at 30% of charges",1893.77,,,,,,,Case Rate,"100%Medicare OPPS FS. ",1893.77,,,,,,,Case Rate,"100% Medicare OPPS FS. ",25798,,,,,,,Case Rate,". MPL 100/75/50% all add ons apply, and lesser of 100% of billed charges",1893.77,,,,,,,Case Rate,"100% Medicare OPPS FS. ",1893.77,,,,,,,Case Rate,"100% Medicare OPPS FS. ",1713.88,,,,,,,Case Rate,"100 Percent of Medicaid APG. ",1893.77,,,,,,,Case Rate,"100% Medicare OPPS FS. ",1893.77,,,,,,,Case Rate,"100% Medicare OPPS FS. ",6593,,,,,,,Case Rate,". Primary procedure pays at 100%, secondary at 50%, all subsequent at 25%.  Lesser of applies when negotiated rates exceed charges less addons.",6593,,,,,,,Case Rate,". Primary procedure pays at 100%, secondary at 50%, all subsequent at 25%.  Lesser of applies when negotiated rates exceed charges less addons.",1893.77,,,,,,,Case Rate,"100% Medicare OPPS FS. ",6487,,,,,,,Case Rate,". MPL 100/50/25% maxmium of 3 procedures. All add ons apply, and lesser of 100% of billed charges",8165.03,,,,,,,Case Rate,". MPL 100/50/25% all add ons apply, and lesser of 100% of billed charges",8165.03,,,,,,,Case Rate,". MPL 100/50/25% all add ons apply, and lesser of 100% of billed charges",1893.77,,,,,,,Case Rate,"100% Medicare OPPS FS. ",6487,,,,,,,Case Rate,". MPL 100/50/25% maxmium of 3 procedures. All add ons apply, and lesser of 100% of billed charges",6593,,,,,,,Case Rate,". Primary procedure pays at 100%, secondary at 50%, all subsequent at 25%.  Lesser of applies when negotiated rates exceed charges less addons.",6593,,,,,,,Case Rate,". Primary procedure pays at 100%, secondary at 50%, all subsequent at 25%.  Lesser of applies when negotiated rates exceed charges less addons.",6593,,,,,,,Case Rate,". Primary procedure pays at 100%, secondary at 50%, all subsequent at 25%.  Lesser of applies when negotiated rates exceed charges less addons.",,78,,,,,0,percent of total billed charges,78% of Billed Charges. Lesser of 100% of billed charges applies.; No services were performed during the 15 month look back period.,,78,,,,,0,percent of total billed charges,78% of Billed Charges. Lesser of 100% of billed charges applies.; No services were performed during the 15 month look back period.,,78,,,,,0,percent of total billed charges,78% of Billed Charges. Lesser of 100% of billed charges applies.; No services were performed during the 15 month look back period.,,78,,,,,0,percent of total billed charges,78% of Billed Charges. Lesser of 100% of billed charges applies.; No services were performed during the 15 month look back period.,,78,,,,,0,percent of total billed charges,78% of Billed Charges. Lesser of 100% of billed charges applies.; No services were performed during the 15 month look back period.,,78,,,,,0,percent of total billed charges,78% of Billed Charges. Lesser of 100% of billed charges applies.; No services were performed during the 15 month look back period.,,78,,,,,0,percent of total billed charges,78% of Billed Charges. Lesser of 100% of billed charges applies.; No services were performed during the 15 month look back period.,,78,,,,,0,percent of total billed charges,78% of Billed Charges. Lesser of 100% of billed charges applies.; No services were performed during the 15 month look back period.,,78,,,,,0,percent of total billed charges,78% of Billed Charges. Lesser of 100% of billed charges applies.; No services were performed during the 15 month look back period.,,78,,,,,0,percent of total billed charges,78% of Billed Charges. Lesser of 100% of billed charges applies.; No services were performed during the 15 month look back period.,,78,,,,,0,percent of total billed charges,78% of Billed Charges. Lesser of 100% of billed charges applies.; No services were performed during the 15 month look back period.,12574,,,,,,,Case Rate,". Primary procedure pays at 100%, all subsequent at 50%.",10351,,,,,,,Case Rate,". MPL 100/50/25% all add ons apply, and lesser of 100% of billed charges",6487,,,,,,,Case Rate,". MPL 100/50/25% maxmium of 3 procedures. All add ons apply, and lesser of 100% of billed charges",1893.77,,,,,,,Case Rate,"100% Medicare OPPS FS. ",6593,,,,,,,Case Rate,". Primary procedure pays at 100%, secondary at 50%, all subsequent at 25%.  Lesser of applies when negotiated rates exceed charges less addons.",6487,,,,,,,Case Rate,". MPL 100/50/25% maxmium of 3 procedures. All add ons apply, and lesser of 100% of billed charges",6487,,,,,,,Case Rate,". MPL 100/50/25% maxmium of 3 procedures. All add ons apply, and lesser of 100% of billed charges",,78,,,,,0,percent of total billed charges,78% of Billed Charges. Lesser of 100% of billed charges applies.; No services were performed during the 15 month look back period.,3667.7,,,,,,,Case Rate,"214 Percent of Medicaid APG. Drugs not priced under APG, billed with revenue code 636 and not priced by Medicare ASP FeeSched will be reimbursed at 20% of charges.",6487,,,,,,,Case Rate,". MPL 100/50/25% maxmium of 3 procedures. All add ons apply, and lesser of 100% of billed charges",1713.88,,,,,,,Case Rate,"100 Percent of Medicaid APG. ",1893.77,,,,,,,Case Rate,"100% Medicare OPPS FS. ",1893.77,,,,,,,Case Rate,"100% Medicare OPPS FS. ",1893.77,,,,,,,Case Rate,"100% Medicare OPPS FS. ",1893.77,,,,,,,Case Rate,"100% Medicare OPPS FS. ",1893.77,,,,,,,Case Rate,"100% Medicare OPPS FS. ",1893.77,,,,,,,Case Rate,"100% Medicare OPPS FS. ",6487,,,,,,,Case Rate,". MPL 100/50/25% maxmium of 3 procedures. All add ons apply, and lesser of 100% of billed charges",25798,,,,,,,Case Rate,". MPL 100/75/50% all add ons apply, and lesser of 100% of billed charges",3084.98,,,,,,,Fee Schedule,"180 Percent of Medicaid APG. ",3084.98,,,,,,,Fee Schedule,"180 Percent of Medicaid APG. ",3084.98,,,,,,,Fee Schedule,"180 Percent of Medicaid APG. ",3084.98,,,,,,,Fee Schedule,"180 Percent of Medicaid APG. ",3084.98,,,,,,,Fee Schedule,"180 Percent of Medicaid APG. ",,,,,,,,,"NA. ",25798,,,,,,,Case Rate,". MPL 100/75/50% all add ons apply, and lesser of 100% of billed charges",3749.66,,,,,,,Case Rate,198 Percent of Medicare OPPS. Metroplus will reimburse unlisted codes and described codes with no Medicare rate at 50 percent of charges.,3749.66,,,,,,,Case Rate,198 Percent of Medicare OPPS. Metroplus will reimburse unlisted codes and described codes with no Medicare rate at 50 percent of charges.,3749.66,,,,,,,Case Rate,198 Percent of Medicare OPPS. Metroplus will reimburse unlisted codes and described codes with no Medicare rate at 50 percent of charges.,3749.66,,,,,,,Case Rate,198 Percent of Medicare OPPS. Metroplus will reimburse unlisted codes and described codes with no Medicare rate at 50 percent of charges.,3749.66,,,,,,,Case Rate,198 Percent of Medicare OPPS. Metroplus will reimburse unlisted codes and described codes with no Medicare rate at 50 percent of charges.,1893.77,,,,,,,Case Rate,"100% Medicare OPPS FS. ",12574,,,,,,,Case Rate,". Primary procedure pays at 100%, all subsequent at 50%.",12574,,,,,,,Case Rate,". Primary procedure pays at 100%, all subsequent at 50%.",12574,,,,,,,Case Rate,". Primary procedure pays at 100%, all subsequent at 50%.",12574,,,,,,,Case Rate,". Primary procedure pays at 100%, all subsequent at 50%.",6593,,,,,,,Case Rate,". Primary procedure pays at 100%, secondary at 50%, all subsequent at 25%.  Lesser of applies when negotiated rates exceed charges less addons.",6593,,,,,,,Case Rate,". Primary procedure pays at 100%, secondary at 50%, all subsequent at 25%.  Lesser of applies when negotiated rates exceed charges less addons.",6593,,,,,,,Case Rate,". Primary procedure pays at 100%, secondary at 50%, all subsequent at 25%.  Lesser of applies when negotiated rates exceed charges less addons.",6593,,,,,,,Case Rate,". Primary procedure pays at 100%, secondary at 50%, all subsequent at 25%.  Lesser of applies when negotiated rates exceed charges less addons.",25798,,,,,,,Case Rate,". MPL 100/75/50% all add ons apply, and lesser of 100% of billed charges",25798,,,,,,,Case Rate,". MPL 100/75/50% all add ons apply, and lesser of 100% of billed charges",1893.77,,,,,,,Case Rate,"100% Medicare OPPS FS. ",1893.77,,,,,,,Case Rate,"100% Medicare OPPS FS. ",1893.77,,,,,,,Case Rate,"100% Medicare OPPS FS. ",10351,,,,,,,Case Rate,". MPL 100/50/25% all add ons apply, and lesser of 100% of billed charges",10351,,,,,,,Case Rate,". MPL 100/50/25% all add ons apply, and lesser of 100% of billed charges",10351,,,,,,,Case Rate,". MPL 100/50/25% all add ons apply, and lesser of 100% of billed charges",25798,,,,,,,Case Rate,". MPL 100/75/50% all add ons apply, and lesser of 100% of billed charges",6593,,,,,,,Case Rate,". Primary procedure pays at 100%, secondary at 50%, all subsequent at 25%.  Lesser of applies when negotiated rates exceed charges less addons.",1893.77,,,,,,,Case Rate,"100% Medicare OPPS FS. ",10351,,,,,,,Case Rate,". MPL 100/50/25% all add ons apply, and lesser of 100% of billed charges",1713.88,,,,,,,Case Rate,"100 Percent of Medicaid APG. ",1931.64,,,,,,,Case Rate,"102% of Medicare OPPS. ",1931.64,,,,,,,Case Rate,"102% of Medicare OPPS. ",1931.64,,,,,,,Case Rate,"102% of Medicare OPPS. ",1713.88,,,,,,,Case rate,"100 Percent of Medicaid APG. ",3856.23,,,,,,,Case Rate,225% of NYS APG. Lesser of 100% of billed charges applies.,3856.23,,,,,,,Case Rate,225% of NYS APG. Lesser of 100% of billed charges applies.,3856.23,,,,,,,Case Rate,225% of NYS APG. Lesser of 100% of billed charges applies.,3856.23,,,,,,,Case Rate,225% of NYS APG. Lesser of 100% of billed charges applies.,3856.23,,,,,,,Case Rate,225% of NYS APG. Lesser of 100% of billed charges applies.,1931.64,,,,,,,Case Rate,"102% of Medicare OPPS. ",1713.88,,,,,,,Case Rate,"100 Percent of Medicaid APG. ",802.93,,,,,,,Case Rate,100% of PAS. Lesser of 100% of billed charges applies.,3856.23,,,,,,,Case Rate,225% of NYS APG. Lesser of 100% of billed charges applies.,3856.23,,,,,,,Case Rate,225% of NYS APG. Lesser of 100% of billed charges applies.,802.93,,,,,,,Case Rate,100% of PAS. Lesser of 100% of billed charges applies.,802.93,,,,,,,Case Rate,100% of PAS. Lesser of 100% of billed charges applies.,3084.98,,,,,,,Fee Schedule,"180 Percent of Medicaid APG. ",1893.77,,,,,,,Case Rate,"100% Medicare OPPS FS. ",1893.77,,,,,,,Case Rate,"100% Medicare OPPS FS. ",6593,,,,,,,Case Rate,". Primary procedure pays at 100%, secondary at 50%, all subsequent at 25%.  Lesser of applies when negotiated rates exceed charges less addons.",1893.77,,,,,,,Case Rate,"100% Medicare OPPS FS. ",3856.23,,,,,,,Case Rate,"225 Percent of Medicaid APG. ",3856.23,,,,,,,Case Rate,"225 Percent of Medicaid APG. ",1713.88,,,,,,,Case rate,"100 Percent of Medicaid APG. ",1713.88,,,,,,,Case rate,"100 Percent of Medicaid APG. ",3856.23,,,,,,,Case Rate,225 Percent of Medicaid APG. Covered services not payable under Medicaid Fee Schedules default to a payment of 87.5 percent of charges.,1713.88,,,,,,,Case rate,124 Percent of Medicaid APG. Covered services not payable under Medicaid Fee Schedules default to a payment of 50 percent of charges.,3856.23,,,,,,,Case Rate,"100 Percent of Medicaid APG. ",3856.23,,,,,,,Case Rate,"100 Percent of Medicaid APG. ",3856.23,,,,,,,Case Rate,"100 Percent of Medicaid APG. ",3856.23,,,,,,,Case Rate,"100 Percent of Medicaid APG. ",13453,,,,,,,Case Rate,". MPL 100/75/50% all add ons apply, and lesser of 100% of billed charges",25798,,,,,,,Case Rate,". MPL 100/75/50% all add ons apply, and lesser of 100% of billed charges",2056.66,,,,,,,Case Rate,"120 Percent of Medicaid APG. Not APG payable, or payable under another fee schedule like ASP/AWP pays at 30% of charges",2056.66,,,,,,,Case Rate,"120 Percent of Medicaid APG. Not APG payable, or payable under another fee schedule like ASP/AWP pays at 30% of charges",1713.88,,,,,,,Case Rate,"100 Percent of Medicaid APG. Not APG payable, or payable under another fee schedule like ASP/AWP pays at 30% of charges",1713.88,,,,,,,Case Rate,"100 Percent of Medicaid APG. Not APG payable, or payable under another fee schedule like ASP/AWP pays at 30% of charges",10351,,,,,,,Case Rate,". MPL 100/50/25% all add ons apply, and lesser of 100% of billed charges",10351,,,,,,,Case Rate,". MPL 100/50/25% all add ons apply, and lesser of 100% of billed charges",1893.77,,,,,,,Case Rate,"100% Medicare OPPS FS. ",10351,,,,,,,Case Rate,". MPL 100/50/25% all add ons apply, and lesser of 100% of billed charges",10351,,,,,,,Case Rate,". MPL 100/50/25% all add ons apply, and lesser of 100% of billed charges",10351,,,,,,,Case Rate,". MPL 100/50/25% all add ons apply, and lesser of 100% of billed charges",10351,,,,,,,Case Rate,". MPL 100/50/25% all add ons apply, and lesser of 100% of billed charges",1893.77,,,,,,,Case Rate,"100% Medicare OPPS FS. ",10351,,,,,,,Case Rate,". MPL 100/50/25% all add ons apply, and lesser of 100% of billed charges",10351,,,,,,,Case Rate,". MPL 100/50/25% all add ons apply, and lesser of 100% of billed charges",6593,,,,,,,Case Rate,". Primary procedure pays at 100%, secondary at 50%, all subsequent at 25%.  Lesser of applies when negotiated rates exceed charges less addons.",1713.88,,,,,,,Fee Schedule,100% APG. Lesser of 100% of billed charges applies.,1713.88,,,,,,,Case rate,124 Percent of Medicaid APG. Covered services not payable under Medicaid Fee Schedules default to a payment of 50 percent of charges.,3856.23,,,,,,,Case Rate,225% of NYS APG. Lesser of 100% of billed charges applies.,3856.23,,,,,,,Case Rate,225 Percent of Medicaid APG. Covered services not payable under Medicaid Fee Schedules default to a payment of 87.5 percent of charges.,1713.88,,,,,,,Case rate,124 Percent of Medicaid APG. Covered services not payable under Medicaid Fee Schedules default to a payment of 50 percent of charges.,3856.23,,,,,,,Case Rate,225% of NYS APG. Lesser of 100% of billed charges applies.,3856.23,,,,,,,Case Rate,225% of NYS APG. Lesser of 100% of billed charges applies.,3856.23,,,,,,,Case Rate,225% of NYS APG. Lesser of 100% of billed charges applies.,3856.23,,,,,,,Case Rate,225% of NYS APG. Lesser of 100% of billed charges applies.,3856.23,,,,,,,Case Rate,225% of NYS APG. Lesser of 100% of billed charges applies.,3856.23,,,,,,,Case Rate,225% of NYS APG. Lesser of 100% of billed charges applies.,,,,,,,,,"NA. ",,,,,,,,,"NA. ",,,,,,,,,"NA. ",6487,,,,,,,Case Rate,". MPL 100/50/25% maxmium of 3 procedures. All add ons apply, and lesser of 100% of billed charges",,,,,,,,,"NA. ",1893.77,,,,,,,Case Rate,"100% Medicare OPPS FS. ",3681,,,,,,,Case Rate,". MPL 1st 100% of Payment Rate 50% of all others, all add ons apply, and lesser of 100% of billed charges.",1893.77,,,,,,,Case Rate,"100% Medicare OPPS FS. ",1893.77,,,,,,,Case Rate,"100% Medicare OPPS FS. ",2056.66,,,,,,,Case Rate,"120 Percent of Medicaid APG. Not APG payable, or payable under another fee schedule like ASP/AWP pays at 30% of charges",2056.66,,,,,,,Case Rate,"120 Percent of Medicaid APG. Not APG payable, or payable under another fee schedule like ASP/AWP pays at 30% of charges",1713.88,,,,,,,Case Rate,"100 Percent of Medicaid APG. Not APG payable, or payable under another fee schedule like ASP/AWP pays at 30% of charges",1713.88,,,,,,,Case Rate,"100 Percent of Medicaid APG. Not APG payable, or payable under another fee schedule like ASP/AWP pays at 30% of charges",1713.88,,,,,,,Case Rate,"100 Percent of Medicaid APG. ",7163,,,,,,,Case Rate,". ",6593,,,,,,,Case Rate,". Primary procedure pays at 100%, secondary at 50%, all subsequent at 25%.  Lesser of applies when negotiated rates exceed charges less addons.",8427,,,,,,,Case Rate,". Primary procedure pays at 100%, all subsequent at 50%.",6487,,,,,,,Case Rate,". MPL 100/50/25% maxmium of 3 procedures. All add ons apply, and lesser of 100% of billed charges",1893.77,,,,,,,Case Rate,"100%Medicare OPPS FS. ",1893.77,,,,,,,Case Rate,"100% Medicare OPPS FS. ",1893.77,,,,,,,Case Rate,"100% Medicare OPPS FS. ",1893.77,,,,,,,Case Rate,"100% Medicare OPPS FS. ",1893.77,,,,,,,Case Rate,"100%Medicare OPPS FS. ",1893.77,,,,,,,Case Rate,"100% Medicare OPPS FS. ",,,,,,,,,"NA. ",3856.23,,,,,,,Case Rate,225% of NYS APG. Lesser of 100% of billed charges applies.,802.93,,,,,,,Case Rate,100% of PAS. Lesser of 100% of billed charges applies.,10351,,,,,,,Case Rate,". MPL 100/50/25% all add ons apply, and lesser of 100% of billed charges",7163,,,,,,,Case Rate,". ",7163,,,,,,,Case Rate,". ",7163,,,,,,,Case Rate,". ",7163,,,,,,,Case Rate,". ",1893.77,,,,,,,Case Rate,"100% Medicare OPPS FS. ",1713.88,,,,,,,Case Rate,"100 Percent of Medicaid APG. ",10351,,,,,,,Case Rate,". MPL 100/50/25% all add ons apply, and lesser of 100% of billed charges",1713.88,,,,,,,Case Rate,"100 Percent of Medicaid APG. ",1893.77,,,,,,,Case Rate,"100% Medicare OPPS FS. ",1713.88,,,,,,,Case Rate,"100 Percent of Medicaid APG. ",1893.77,,,,,,,Case Rate,"100% Medicare OPPS FS. ",1893.77,,,,,,,Case Rate,"100% Medicare OPPS FS. ",1713.88,,,,,,,Case Rate,"100 Percent of Medicaid APG. ",1713.88,,,,,,,Case Rate,"100 Percent of Medicaid APG. ",7163,,,,,,,Case Rate,". ",6487,,,,,,,Case Rate,". MPL 100/50/25% maxmium of 3 procedures. All add ons apply, and lesser of 100% of billed charges",,78,,,,,0,percent of total billed charges,78% of Billed Charges. Lesser of 100% of billed charges applies.; No services were performed during the 15 month look back period.,8165.03,,,,,,,Case Rate,". MPL 100/50/25% all add ons apply, and lesser of 100% of billed charges",8165.03,,,,,,,Case Rate,". MPL 100/50/25% all add ons apply, and lesser of 100% of billed charges",6593,,,,,,,Case Rate,". Primary procedure pays at 100%, secondary at 50%, all subsequent at 25%.  Lesser of applies when negotiated rates exceed charges less addons.",804.95,,,,,,,Case Rate,"83% HF Fee schedule. ",12574,,,,,,,Case Rate,". Primary procedure pays at 100%, all subsequent at 50%.",12574,,,,,,,Case Rate,". Primary procedure pays at 100%, all subsequent at 50%.",8281,,,,,,,Case Rate,". MPL 100/50/25% all add ons apply, and lesser of 100% of billed charges",8281,,,,,,,Case Rate,". MPL 100/50/25% all add ons apply, and lesser of 100% of billed charges",1893.77,,,,,,,Case Rate,"100% Medicare OPPS FS. ",1893.77,,,,,,,Case Rate,"100% Medicare OPPS FS. ",1893.77,,,,,,,Case Rate,"100% Medicare OPPS FS. ",1893.77,,,,,,,Case Rate,"100% Medicare OPPS FS. ",8165.03,,,,,,,Case Rate,". MPL 100/50/25% all add ons apply, and lesser of 100% of billed charges",10351,,,,,,,Case Rate,". MPL 100/50/25% all add ons apply, and lesser of 100% of billed charges",10351,,,,,,,Case Rate,". MPL 100/50/25% all add ons apply, and lesser of 100% of billed charges",1893.77,,,,,,,Case Rate,"100% Medicare OPPS FS. ",8281,,,,,,,Case Rate,". MPL 100/50/25% all add ons apply, and lesser of 100% of billed charges",8427,,,,,,,Case Rate,". Primary procedure pays at 100%, all subsequent at 50%.",2056.66,,,,,,,Fee Schedule,"120 Percent of Medicaid APG. ",1713.88,,,,,,,Case Rate,"100 Percent of Medicaid APG. ",7163,,,,,,,Case Rate,". ",9316,,,,,,,Case Rate,". MPL 100/50/25% all add ons apply, and lesser of 100% of billed charges",9316,,,,,,,Case Rate,". MPL 100/50/25% all add ons apply, and lesser of 100% of billed charges",10351,,,,,,,Case Rate,". MPL 100/50/25% all add ons apply, and lesser of 100% of billed charges",14948,,,,,,,Case Rate,". MPL 100/75/50% all add ons apply, and lesser of 100% of billed charges",1893.77,,,,,,,Case Rate,"100%Medicare OPPS FS. ",1799.57,,,,,,,Fee Schedule,105 percent of Medicaid APG. otherwise 105% of Ordered NYS MCD FS or 105% of ASP+6%,1799.57,,,,,,,Fee Schedule,105 percent of Medicaid APG. otherwise 105% of Ordered NYS MCD FS or 105% of ASP+6%,1799.57,,,,,,,Fee Schedule,105 percent of Medicaid APG. otherwise 105% of Ordered NYS MCD FS or 105% of ASP+6%,2313.74,,,,,,,Fee Schedule,135 percent of Medicaid APG. otherwise 135% of Ordered NYS MCD FS or 135% of ASP+6%,8165.03,,,,,,,Case Rate,". MPL 100/50/25% all add ons apply, and lesser of 100% of billed charges",1799.57,,,,,,,Fee Schedule,105 percent of Medicaid APG. otherwise 105% of Ordered NYS MCD FS or 105% of ASP+6%,1799.57,,,,,,,Fee Schedule,105 percent of Medicaid APG. otherwise 105% of Ordered NYS MCD FS or 105% of ASP+6%,1799.57,,,,,,,Fee Schedule,105 percent of Medicaid APG. otherwise 105% of Ordered NYS MCD FS or 105% of ASP+6%,1799.57,,,,,,,Fee Schedule,105 percent of Medicaid APG. otherwise 105% of Ordered NYS MCD FS or 105% of ASP+6%,1799.57,,,,,,,Fee Schedule,105 percent of Medicaid APG. otherwise 105% of Ordered NYS MCD FS or 105% of ASP+6%,2313.74,,,,,,,Fee Schedule,135 percent of Medicaid APG. otherwise 135% of Ordered NYS MCD FS or 135% of ASP+6%,2313.74,,,,,,,Fee Schedule,135 percent of Medicaid APG. otherwise 135% of Ordered NYS MCD FS or 135% of ASP+6%,1893.77,,,,,,,Case Rate,"100% Medicare OPPS FS. ",8165.03,,,,,,,Case Rate,". MPL 100/50/25% all add ons apply, and lesser of 100% of billed charges",1893.77,,,,,,,Case Rate,"100% Medicare OPPS FS. ",1799.57,,,,,,,Fee Schedule,105 percent of Medicaid APG. otherwise 105% of Ordered NYS MCD FS or 105% of ASP+6%,10351,,,,,,,Case Rate,". MPL 100/50/25% all add ons apply, and lesser of 100% of billed charges",1893.77,,,,,,,Case Rate,"100% Medicare OPPS FS. ",10351,,,,,,,Case Rate,". MPL 100/50/25% all add ons apply, and lesser of 100% of billed charges",10351,,,,,,,Case Rate,". MPL 100/50/25% all add ons apply, and lesser of 100% of billed charges",10351,,,,,,,Case Rate,". MPL 100/50/25% all add ons apply, and lesser of 100% of billed charges",1799.57,,,,,,,Fee Schedule,105 percent of Medicaid APG. otherwise 105% of Ordered NYS MCD FS or 105% of ASP+6%,1893.77,,,,,,,Case Rate,"100% Medicare OPPS FS. ",10351,,,,,,,Case Rate,". MPL 100/50/25% all add ons apply, and lesser of 100% of billed charges",2313.74,,,,,,,Fee Schedule,135 percent of Medicaid APG. otherwise 135% of Ordered NYS MCD FS or 135% of ASP+6%,10351,,,,,,,Case Rate,". MPL 100/50/25% all add ons apply, and lesser of 100% of billed charges",,200,,,,,0,Case Rate,200% of Medicare OPPS. ; No services were performed during the 15 month look back period.,1893.77,,,,,,,Case Rate,"100%Medicare OPPS FS. ",7163,,,,,,,Case Rate,". ",7163,,,,,,,Case Rate,". ",7163,,,,,,,Case Rate,". ",7163,,,,,,,Case Rate,". ",7163,,,,,,,Case Rate,". ",8427,,,,,,,Case Rate,". Primary procedure pays at 100%, all subsequent at 50%.",8427,,,,,,,Case Rate,". Primary procedure pays at 100%, all subsequent at 50%.",7163,,,,,,,Case Rate,". ",7163,,,,,,,Case Rate,". ",7163,,,,,,,Case Rate,". ",7163,,,,,,,Case Rate,". ",7163,,,,,,,Case Rate,". ",1893.77,,,,,,,Case Rate,"100% Medicare OPPS FS. ",8427,,,,,,,Case Rate,". Primary procedure pays at 100%, all subsequent at 50%.",1893.77,,,,,,,Case Rate,"100% Medicare OPPS FS. ",3856.23,,,,,,,Case Rate,"225 Percent of Medicaid APG. If not included in Medicaid APG, then 100 Percent of Manhattan Medicare",1713.88,,,,,,,Case Rate,"100 Percent of Medicaid APG. ",8165.03,,,,,,,Case Rate,". MPL 100/50/25% all add ons apply, and lesser of 100% of billed charges",8165.03,,,,,,,Case Rate,". MPL 100/50/25% all add ons apply, and lesser of 100% of billed charges",1893.77,,,,,,,Case Rate,"100% Medicare OPPS FS. ",12574,,,,,,,Case Rate,". Primary procedure pays at 100%, all subsequent at 50%.",1893.77,,,,,,,Case Rate,"100% Medicare OPPS FS. ",1893.77,,,,,,,Case Rate,"100% Medicare OPPS FS. ",6593,,,,,,,Case Rate,". Primary procedure pays at 100%, secondary at 50%, all subsequent at 25%.  Lesser of applies when negotiated rates exceed charges less addons.",1893.77,,,,,,,Case Rate,"100% Medicare OPPS FS. ",6487,,,,,,,Case Rate,". MPL 100/50/25% maxmium of 3 procedures. All add ons apply, and lesser of 100% of billed charges",1893.77,,,,,,,Case Rate,"100% Medicare OPPS FS. ",6487,,,,,,,Case Rate,". MPL 100/50/25% maxmium of 3 procedures. All add ons apply, and lesser of 100% of billed charges",6593,,,,,,,Case Rate,". Primary procedure pays at 100%, secondary at 50%, all subsequent at 25%.  Lesser of applies when negotiated rates exceed charges less addons.",6487,,,,,,,Case Rate,". MPL 100/50/25% maxmium of 3 procedures. All add ons apply, and lesser of 100% of billed charges",1893.77,,,,,,,Case Rate,"100% Medicare OPPS FS. ",1713.88,,,,,,,Case Rate,"100 Percent of Medicaid APG. ",1893.77,,,,,,,Case Rate,"100% Medicare OPPS FS. ",6487,,,,,,,Case Rate,". MPL 100/50/25% maxmium of 3 procedures. All add ons apply, and lesser of 100% of billed charges",8165.03,,,,,,,Case Rate,". MPL 100/50/25% all add ons apply, and lesser of 100% of billed charges",1713.88,,,,,,,Case Rate,"100 Percent of Medicaid APG. ",10351,,,,,,,Case Rate,". MPL 100/50/25% all add ons apply, and lesser of 100% of billed charges",2056.66,,,,,,,Fee Schedule,"120 Percent of Medicaid APG. ",2056.66,,,,,,,Fee Schedule,"120 Percent of Medicaid APG. ",10351,,,,,,,Case Rate,". MPL 100/50/25% all add ons apply, and lesser of 100% of billed charges",10351,,,,,,,Case Rate,". MPL 100/50/25% all add ons apply, and lesser of 100% of billed charges",10351,,,,,,,Case Rate,". MPL 100/50/25% all add ons apply, and lesser of 100% of billed charges",8165.03,,,,,,,Case Rate,". MPL 100/50/25% all add ons apply, and lesser of 100% of billed charges",10351,,,,,,,Case Rate,". MPL 100/50/25% all add ons apply, and lesser of 100% of billed charges",10351,,,,,,,Case Rate,". MPL 100/50/25% all add ons apply, and lesser of 100% of billed charges",10351,,,,,,,Case Rate,". MPL 100/50/25% all add ons apply, and lesser of 100% of billed charges",7163,,,,,,,Case Rate,". ",7163,,,,,,,Case Rate,". ",3749.66,,,,,,,Case Rate,198 Percent of Medicare OPPS. Metroplus will reimburse unlisted codes and described codes with no Medicare rate at 50 percent of charges.,1713.88,,,,,,,Case Rate,"100 Percent of Medicaid APG. ",8165.03,,,,,,,Case Rate,". MPL 100/50/25% all add ons apply, and lesser of 100% of billed charges",6487,,,,,,,Case Rate,". MPL 100/50/25% maxmium of 3 procedures. All add ons apply, and lesser of 100% of billed charges",6593,,,,,,,Case Rate,". Primary procedure pays at 100%, secondary at 50%, all subsequent at 25%.  Lesser of applies when negotiated rates exceed charges less addons.",8165.03,,,,,,,Case Rate,". MPL 100/50/25% all add ons apply, and lesser of 100% of billed charges",6593,,,,,,,Case Rate,". Primary procedure pays at 100%, secondary at 50%, all subsequent at 25%.  Lesser of applies when negotiated rates exceed charges less addons.",8165.03,,,,,,,Case Rate,". MPL 100/50/25% all add ons apply, and lesser of 100% of billed charges",10351,,,,,,,Case Rate,". MPL 100/50/25% all add ons apply, and lesser of 100% of billed charges",10351,,,,,,,Case Rate,". MPL 100/50/25% all add ons apply, and lesser of 100% of billed charges",10351,,,,,,,Case Rate,". MPL 100/50/25% all add ons apply, and lesser of 100% of billed charges",10351,,,,,,,Case Rate,". MPL 100/50/25% all add ons apply, and lesser of 100% of billed charges",1893.77,,,,,,,Case Rate,"100% Medicare OPPS FS. ",802.93,25798,
26540,CPT,2026123,LOCAL,361,RC,HC REP MCP/IP JNT COLLAT LIGAMENT,9770.32,1856.3608,both,,,,8539,,,,,,,Case Rate,". MPL 1st 100% of Payment Rate 50% of all others, all add ons apply, and lesser of 100% of billed charges.",8539,,,,,,,Case Rate,". MPL 1st 100% of Payment Rate 50% of all others, all add ons apply, and lesser of 100% of billed charges.",11080,,,,,,,Case Rate,". Primary procedure pays at 100%, secondary at 50%, all subsequent at 25%.  Lesser of applies when negotiated rates exceed charges less addons.",9770.32,100,,,,,0,percent of total billed charges,100 percent of billed charges. ; No services were performed during the 15 month look back period.,3839.35,,,,,,,Case Rate,"100% Medicare OPPS FS. ",11080,,,,,,,Case Rate,". Primary procedure pays at 100%, secondary at 50%, all subsequent at 25%.  Lesser of applies when negotiated rates exceed charges less addons.",11080,,,,,,,Case Rate,". Primary procedure pays at 100%, secondary at 50%, all subsequent at 25%.  Lesser of applies when negotiated rates exceed charges less addons.",11080,,,,,,,Case Rate,". Primary procedure pays at 100%, secondary at 50%, all subsequent at 25%.  Lesser of applies when negotiated rates exceed charges less addons.",2056.66,,,,,,,Case Rate,"100 Percent of Medicaid APG. ",1713.88,,,,,,,Case Rate,"100 Percent of Medicaid APG. ",7620.8496,78,,,,,0,percent of total billed charges,78% of Billed Charges. Lesser of 100% of billed charges applies.; No services were performed during the 15 month look back period.,8165.03,,,,,,,Case Rate,". MPL 100/50/25% all add ons apply, and lesser of 100% of billed charges",1713.88,,,,,,,Case Rate,"100 Percent of Medicaid APG. ",3839.35,,,,,,,Case Rate,"100% Medicare OPPS FS. ",6487,,,,,,,Case Rate,". MPL 100/50/25% maxmium of 3 procedures. All add ons apply, and lesser of 100% of billed charges",6487,,,,,,,Case Rate,". MPL 100/50/25% maxmium of 3 procedures. All add ons apply, and lesser of 100% of billed charges",6487,,,,,,,Case Rate,". MPL 100/50/25% maxmium of 3 procedures. All add ons apply, and lesser of 100% of billed charges",6487,,,,,,,Case Rate,". MPL 100/50/25% maxmium of 3 procedures. All add ons apply, and lesser of 100% of billed charges",1713.88,,,,,,,Case rate,124 Percent of Medicaid APG. Covered services not payable under Medicaid Fee Schedules default to a payment of 50 percent of charges.,3839.35,,,,,,,Case Rate,"100% Medicare OPPS FS. ",1713.88,,,,,,,Case rate,124 Percent of Medicaid APG. Covered services not payable under Medicaid Fee Schedules default to a payment of 50 percent of charges.,7620.8496,78,,,,,0,percent of total billed charges,78% of Billed Charges. Lesser of 100% of billed charges applies.; No services were performed during the 15 month look back period.,11080,,,,,,,Case Rate,". Primary procedure pays at 100%, secondary at 50%, all subsequent at 25%.  Lesser of applies when negotiated rates exceed charges less addons.",3839.35,,,,,,,Case Rate,"100%Medicare OPPS FS. ",8427,,,,,,,Case Rate,". Primary procedure pays at 100%, all subsequent at 50%.",3839.35,,,,,,,Case Rate,"100%Medicare OPPS FS. ",3839.35,,,,,,,Case Rate,"100%Medicare OPPS FS. ",7620.8496,78,,,,,0,percent of total billed charges,78% of Billed Charges. Lesser of 100% of billed charges applies.; No services were performed during the 15 month look back period.,1431.23,,,,,,,Case Rate,100% of PAS. Lesser of 100% of billed charges applies.,1431.23,,,,,,,Case Rate,100% of PAS. Lesser of 100% of billed charges applies.,1713.88,,,,,,,Case rate,"100 Percent of Medicaid APG. ",1713.88,,,,,,,Case rate,"100 Percent of Medicaid APG. ",8427,,,,,,,Case Rate,". Primary procedure pays at 100%, all subsequent at 50%.",8427,,,,,,,Case Rate,". Primary procedure pays at 100%, all subsequent at 50%.",1713.88,,,,,,,Case Rate,"100 Percent of Medicaid APG. Not APG payable, or payable under another fee schedule like ASP/AWP pays at 30% of charges",8427,,,,,,,Case Rate,". Primary procedure pays at 100%, all subsequent at 50%.",1713.88,,,,,,,Case Rate,"100 Percent of Medicaid APG. Not APG payable, or payable under another fee schedule like ASP/AWP pays at 30% of charges",3839.35,,,,,,,Case Rate,"100%Medicare OPPS FS. ",8427,,,,,,,Case Rate,". Primary procedure pays at 100%, all subsequent at 50%.",7620.8496,78,,,,,0,percent of total billed charges,78% of Billed Charges. Lesser of 100% of billed charges applies.; No services were performed during the 15 month look back period.,1713.88,,,,,,,Case Rate,"100 Percent of Medicaid APG. ",1713.88,,,,,,,Case Rate,"100 Percent of Medicaid APG. ",7620.8496,78,,,,,0,percent of total billed charges,78% of Billed Charges. Lesser of 100% of billed charges applies.; No services were performed during the 15 month look back period.,6487,,,,,,,Case Rate,". MPL 100/50/25% maxmium of 3 procedures. All add ons apply, and lesser of 100% of billed charges",6377,,,,,,,Case Rate,". MPL 100/50/25% all add ons apply, and lesser of 100% of billed charges",6377,,,,,,,Case Rate,". MPL 100/50/25% all add ons apply, and lesser of 100% of billed charges",7620.8496,78,,,,,0,percent of total billed charges,78% of Billed Charges. Lesser of 100% of billed charges applies.; No services were performed during the 15 month look back period.,3839.35,,,,,,,Case Rate,"100% Medicare OPPS FS. ",8165.03,,,,,,,Case Rate,". MPL 100/50/25% all add ons apply, and lesser of 100% of billed charges",8165.03,,,,,,,Case Rate,". MPL 100/50/25% all add ons apply, and lesser of 100% of billed charges",8165.03,,,,,,,Case Rate,". MPL 100/50/25% all add ons apply, and lesser of 100% of billed charges",3839.35,,,,,,,Case Rate,"100% Medicare OPPS FS. ",8165.03,,,,,,,Case Rate,". MPL 100/50/25% all add ons apply, and lesser of 100% of billed charges",8165.03,,,,,,,Case Rate,". MPL 100/50/25% all add ons apply, and lesser of 100% of billed charges",3839.35,,,,,,,Case Rate,"100% of Medicare OPPS. ",25798,,,,,,,Case Rate,". MPL 100/75/50% all add ons apply, and lesser of 100% of billed charges",13586,,,,,,,Case Rate,". MPL 100/50/25% all add ons apply, and lesser of 100% of billed charges",13586,,,,,,,Case Rate,". MPL 100/50/25% all add ons apply, and lesser of 100% of billed charges",13586,,,,,,,Case Rate,". MPL 100/50/25% all add ons apply, and lesser of 100% of billed charges",13586,,,,,,,Case Rate,". MPL 100/50/25% all add ons apply, and lesser of 100% of billed charges",13586,,,,,,,Case Rate,". MPL 100/50/25% all add ons apply, and lesser of 100% of billed charges",13586,,,,,,,Case Rate,". MPL 100/50/25% all add ons apply, and lesser of 100% of billed charges",3839.35,,,,,,,Case Rate,"100% Medicare OPPS FS. ",3839.35,,,,,,,Case Rate,"100% Medicare OPPS FS. ",13586,,,,,,,Case Rate,". MPL 100/50/25% all add ons apply, and lesser of 100% of billed charges",7620.8496,78,,,,,0,percent of total billed charges,78% of Billed Charges. Lesser of 100% of billed charges applies.; No services were performed during the 15 month look back period.,7620.8496,78,,,,,0,percent of total billed charges,78% of Billed Charges. Lesser of 100% of billed charges applies.; No services were performed during the 15 month look back period.,7620.8496,78,,,,,0,percent of total billed charges,78% of Billed Charges. Lesser of 100% of billed charges applies.; No services were performed during the 15 month look back period.,7620.8496,78,,,,,0,percent of total billed charges,78% of Billed Charges. Lesser of 100% of billed charges applies.; No services were performed during the 15 month look back period.,7620.8496,78,,,,,0,percent of total billed charges,78% of Billed Charges. Lesser of 100% of billed charges applies.; No services were performed during the 15 month look back period.,7620.8496,78,,,,,0,percent of total billed charges,78% of Billed Charges. Lesser of 100% of billed charges applies.; No services were performed during the 15 month look back period.,7620.8496,78,,,,,0,percent of total billed charges,78% of Billed Charges. Lesser of 100% of billed charges applies.; No services were performed during the 15 month look back period.,7620.8496,78,,,,,0,percent of total billed charges,78% of Billed Charges. Lesser of 100% of billed charges applies.; No services were performed during the 15 month look back period.,7620.8496,78,,,,,0,percent of total billed charges,78% of Billed Charges. Lesser of 100% of billed charges applies.; No services were performed during the 15 month look back period.,7620.8496,78,,,,,0,percent of total billed charges,78% of Billed Charges. Lesser of 100% of billed charges applies.; No services were performed during the 15 month look back period.,7620.8496,78,,,,,0,percent of total billed charges,78% of Billed Charges. Lesser of 100% of billed charges applies.; No services were performed during the 15 month look back period.,7620.8496,78,,,,,0,percent of total billed charges,78% of Billed Charges. Lesser of 100% of billed charges applies.; No services were performed during the 15 month look back period.,7620.8496,78,,,,,0,percent of total billed charges,78% of Billed Charges. Lesser of 100% of billed charges applies.; No services were performed during the 15 month look back period.,7620.8496,78,,,,,0,percent of total billed charges,78% of Billed Charges. Lesser of 100% of billed charges applies.; No services were performed during the 15 month look back period.,7620.8496,78,,,,,0,percent of total billed charges,78% of Billed Charges. Lesser of 100% of billed charges applies.; No services were performed during the 15 month look back period.,7620.8496,78,,,,,0,percent of total billed charges,78% of Billed Charges. Lesser of 100% of billed charges applies.; No services were performed during the 15 month look back period.,7620.8496,78,,,,,0,percent of total billed charges,78% of Billed Charges. Lesser of 100% of billed charges applies.; No services were performed during the 15 month look back period.,7620.8496,78,,,,,0,percent of total billed charges,78% of Billed Charges. Lesser of 100% of billed charges applies.; No services were performed during the 15 month look back period.,7620.8496,78,,,,,0,percent of total billed charges,78% of Billed Charges. Lesser of 100% of billed charges applies.; No services were performed during the 15 month look back period.,7620.8496,78,,,,,0,percent of total billed charges,78% of Billed Charges. Lesser of 100% of billed charges applies.; No services were performed during the 15 month look back period.,7620.8496,78,,,,,0,percent of total billed charges,78% of Billed Charges. Lesser of 100% of billed charges applies.; No services were performed during the 15 month look back period.,7620.8496,78,,,,,0,percent of total billed charges,78% of Billed Charges. Lesser of 100% of billed charges applies.; No services were performed during the 15 month look back period.,7620.8496,78,,,,,0,percent of total billed charges,78% of Billed Charges. Lesser of 100% of billed charges applies.; No services were performed during the 15 month look back period.,7620.8496,78,,,,,0,percent of total billed charges,78% of Billed Charges. Lesser of 100% of billed charges applies.; No services were performed during the 15 month look back period.,7620.8496,78,,,,,0,percent of total billed charges,78% of Billed Charges. Lesser of 100% of billed charges applies.; No services were performed during the 15 month look back period.,7620.8496,78,,,,,0,percent of total billed charges,78% of Billed Charges. Lesser of 100% of billed charges applies.; No services were performed during the 15 month look back period.,8427,,,,,,,Case Rate,". Primary procedure pays at 100%, all subsequent at 50%.",8427,,,,,,,Case Rate,". Primary procedure pays at 100%, all subsequent at 50%.",8427,,,,,,,Case Rate,". Primary procedure pays at 100%, all subsequent at 50%.",8427,,,,,,,Case Rate,". Primary procedure pays at 100%, all subsequent at 50%.",12574,,,,,,,Case Rate,". Primary procedure pays at 100%, all subsequent at 50%.",12574,,,,,,,Case Rate,". Primary procedure pays at 100%, all subsequent at 50%.",6487,,,,,,,Case Rate,". MPL 100/50/25% maxmium of 3 procedures. All add ons apply, and lesser of 100% of billed charges",13586,,,,,,,Case Rate,". MPL 100/50/25% all add ons apply, and lesser of 100% of billed charges",8165.03,,,,,,,Case Rate,". MPL 100/50/25% all add ons apply, and lesser of 100% of billed charges",13586,,,,,,,Case Rate,". MPL 100/50/25% all add ons apply, and lesser of 100% of billed charges",7620.8496,78,,,,,0,percent of total billed charges,78% of Billed Charges. Lesser of 100% of billed charges applies.; No services were performed during the 15 month look back period.,12574,,,,,,,Case Rate,". Primary procedure pays at 100%, all subsequent at 50%.",13586,,,,,,,Case Rate,". MPL 100/50/25% all add ons apply, and lesser of 100% of billed charges",8165.03,,,,,,,Case Rate,". MPL 100/50/25% all add ons apply, and lesser of 100% of billed charges",6487,,,,,,,Case Rate,". MPL 100/50/25% maxmium of 3 procedures. All add ons apply, and lesser of 100% of billed charges",,,,,,,,,"NA. ",7620.8496,78,,,,,0,percent of total billed charges,78% of Billed Charges. Lesser of 100% of billed charges applies.; No services were performed during the 15 month look back period.,1713.88,,,,,,,Case Rate,"100 Percent of Medicaid APG. ",8427,,,,,,,Case Rate,". Primary procedure pays at 100%, all subsequent at 50%.",1713.88,,,,,,,Case Rate,"100 Percent of Medicaid APG. Not APG payable, or payable under another fee schedule like ASP/AWP pays at 30% of charges",3839.35,,,,,,,Case Rate,"100%Medicare OPPS FS. ",3839.35,,,,,,,Case Rate,"100% Medicare OPPS FS. ",25798,,,,,,,Case Rate,". MPL 100/75/50% all add ons apply, and lesser of 100% of billed charges",3839.35,,,,,,,Case Rate,"100% Medicare OPPS FS. ",3839.35,,,,,,,Case Rate,"100% Medicare OPPS FS. ",1713.88,,,,,,,Case Rate,"100 Percent of Medicaid APG. ",3839.35,,,,,,,Case Rate,"100% Medicare OPPS FS. ",3839.35,,,,,,,Case Rate,"100% Medicare OPPS FS. ",11080,,,,,,,Case Rate,". Primary procedure pays at 100%, secondary at 50%, all subsequent at 25%.  Lesser of applies when negotiated rates exceed charges less addons.",11080,,,,,,,Case Rate,". Primary procedure pays at 100%, secondary at 50%, all subsequent at 25%.  Lesser of applies when negotiated rates exceed charges less addons.",3839.35,,,,,,,Case Rate,"100% Medicare OPPS FS. ",6487,,,,,,,Case Rate,". MPL 100/50/25% maxmium of 3 procedures. All add ons apply, and lesser of 100% of billed charges",8165.03,,,,,,,Case Rate,". MPL 100/50/25% all add ons apply, and lesser of 100% of billed charges",8165.03,,,,,,,Case Rate,". MPL 100/50/25% all add ons apply, and lesser of 100% of billed charges",3839.35,,,,,,,Case Rate,"100% Medicare OPPS FS. ",6487,,,,,,,Case Rate,". MPL 100/50/25% maxmium of 3 procedures. All add ons apply, and lesser of 100% of billed charges",11080,,,,,,,Case Rate,". Primary procedure pays at 100%, secondary at 50%, all subsequent at 25%.  Lesser of applies when negotiated rates exceed charges less addons.",11080,,,,,,,Case Rate,". Primary procedure pays at 100%, secondary at 50%, all subsequent at 25%.  Lesser of applies when negotiated rates exceed charges less addons.",11080,,,,,,,Case Rate,". Primary procedure pays at 100%, secondary at 50%, all subsequent at 25%.  Lesser of applies when negotiated rates exceed charges less addons.",7620.8496,78,,,,,0,percent of total billed charges,78% of Billed Charges. Lesser of 100% of billed charges applies.; No services were performed during the 15 month look back period.,7620.8496,78,,,,,0,percent of total billed charges,78% of Billed Charges. Lesser of 100% of billed charges applies.; No services were performed during the 15 month look back period.,7620.8496,78,,,,,0,percent of total billed charges,78% of Billed Charges. Lesser of 100% of billed charges applies.; No services were performed during the 15 month look back period.,7620.8496,78,,,,,0,percent of total billed charges,78% of Billed Charges. Lesser of 100% of billed charges applies.; No services were performed during the 15 month look back period.,7620.8496,78,,,,,0,percent of total billed charges,78% of Billed Charges. Lesser of 100% of billed charges applies.; No services were performed during the 15 month look back period.,7620.8496,78,,,,,0,percent of total billed charges,78% of Billed Charges. Lesser of 100% of billed charges applies.; No services were performed during the 15 month look back period.,7620.8496,78,,,,,0,percent of total billed charges,78% of Billed Charges. Lesser of 100% of billed charges applies.; No services were performed during the 15 month look back period.,7620.8496,78,,,,,0,percent of total billed charges,78% of Billed Charges. Lesser of 100% of billed charges applies.; No services were performed during the 15 month look back period.,7620.8496,78,,,,,0,percent of total billed charges,78% of Billed Charges. Lesser of 100% of billed charges applies.; No services were performed during the 15 month look back period.,7620.8496,78,,,,,0,percent of total billed charges,78% of Billed Charges. Lesser of 100% of billed charges applies.; No services were performed during the 15 month look back period.,7620.8496,78,,,,,0,percent of total billed charges,78% of Billed Charges. Lesser of 100% of billed charges applies.; No services were performed during the 15 month look back period.,12574,,,,,,,Case Rate,". Primary procedure pays at 100%, all subsequent at 50%.",13586,,,,,,,Case Rate,". MPL 100/50/25% all add ons apply, and lesser of 100% of billed charges",6487,,,,,,,Case Rate,". MPL 100/50/25% maxmium of 3 procedures. All add ons apply, and lesser of 100% of billed charges",3839.35,,,,,,,Case Rate,"100% Medicare OPPS FS. ",11080,,,,,,,Case Rate,". Primary procedure pays at 100%, secondary at 50%, all subsequent at 25%.  Lesser of applies when negotiated rates exceed charges less addons.",6487,,,,,,,Case Rate,". MPL 100/50/25% maxmium of 3 procedures. All add ons apply, and lesser of 100% of billed charges",6487,,,,,,,Case Rate,". MPL 100/50/25% maxmium of 3 procedures. All add ons apply, and lesser of 100% of billed charges",7620.8496,78,,,,,0,percent of total billed charges,78% of Billed Charges. Lesser of 100% of billed charges applies.; No services were performed during the 15 month look back period.,3667.7,,,,,,,Case Rate,"214 Percent of Medicaid APG. Drugs not priced under APG, billed with revenue code 636 and not priced by Medicare ASP FeeSched will be reimbursed at 20% of charges.",6487,,,,,,,Case Rate,". MPL 100/50/25% maxmium of 3 procedures. All add ons apply, and lesser of 100% of billed charges",1713.88,,,,,,,Case Rate,"100 Percent of Medicaid APG. ",3839.35,,,,,,,Case Rate,"100% Medicare OPPS FS. ",3839.35,,,,,,,Case Rate,"100% Medicare OPPS FS. ",3839.35,,,,,,,Case Rate,"100% Medicare OPPS FS. ",3839.35,,,,,,,Case Rate,"100% Medicare OPPS FS. ",3839.35,,,,,,,Case Rate,"100% Medicare OPPS FS. ",3839.35,,,,,,,Case Rate,"100% Medicare OPPS FS. ",6487,,,,,,,Case Rate,". MPL 100/50/25% maxmium of 3 procedures. All add ons apply, and lesser of 100% of billed charges",25798,,,,,,,Case Rate,". MPL 100/75/50% all add ons apply, and lesser of 100% of billed charges",3084.98,,,,,,,Fee Schedule,"180 Percent of Medicaid APG. ",3084.98,,,,,,,Fee Schedule,"180 Percent of Medicaid APG. ",3084.98,,,,,,,Fee Schedule,"180 Percent of Medicaid APG. ",3084.98,,,,,,,Fee Schedule,"180 Percent of Medicaid APG. ",3084.98,,,,,,,Fee Schedule,"180 Percent of Medicaid APG. ",,,,,,,,,"NA. ",25798,,,,,,,Case Rate,". MPL 100/75/50% all add ons apply, and lesser of 100% of billed charges",7601.91,,,,,,,Case Rate,198 Percent of Medicare OPPS. Metroplus will reimburse unlisted codes and described codes with no Medicare rate at 50 percent of charges.,7601.91,,,,,,,Case Rate,198 Percent of Medicare OPPS. Metroplus will reimburse unlisted codes and described codes with no Medicare rate at 50 percent of charges.,7601.91,,,,,,,Case Rate,198 Percent of Medicare OPPS. Metroplus will reimburse unlisted codes and described codes with no Medicare rate at 50 percent of charges.,7601.91,,,,,,,Case Rate,198 Percent of Medicare OPPS. Metroplus will reimburse unlisted codes and described codes with no Medicare rate at 50 percent of charges.,7601.91,,,,,,,Case Rate,198 Percent of Medicare OPPS. Metroplus will reimburse unlisted codes and described codes with no Medicare rate at 50 percent of charges.,3839.35,,,,,,,Case Rate,"100% Medicare OPPS FS. ",12574,,,,,,,Case Rate,". Primary procedure pays at 100%, all subsequent at 50%.",12574,,,,,,,Case Rate,". Primary procedure pays at 100%, all subsequent at 50%.",12574,,,,,,,Case Rate,". Primary procedure pays at 100%, all subsequent at 50%.",12574,,,,,,,Case Rate,". Primary procedure pays at 100%, all subsequent at 50%.",11080,,,,,,,Case Rate,". Primary procedure pays at 100%, secondary at 50%, all subsequent at 25%.  Lesser of applies when negotiated rates exceed charges less addons.",11080,,,,,,,Case Rate,". Primary procedure pays at 100%, secondary at 50%, all subsequent at 25%.  Lesser of applies when negotiated rates exceed charges less addons.",11080,,,,,,,Case Rate,". Primary procedure pays at 100%, secondary at 50%, all subsequent at 25%.  Lesser of applies when negotiated rates exceed charges less addons.",11080,,,,,,,Case Rate,". Primary procedure pays at 100%, secondary at 50%, all subsequent at 25%.  Lesser of applies when negotiated rates exceed charges less addons.",25798,,,,,,,Case Rate,". MPL 100/75/50% all add ons apply, and lesser of 100% of billed charges",25798,,,,,,,Case Rate,". MPL 100/75/50% all add ons apply, and lesser of 100% of billed charges",3839.35,,,,,,,Case Rate,"100% Medicare OPPS FS. ",3839.35,,,,,,,Case Rate,"100% Medicare OPPS FS. ",3839.35,,,,,,,Case Rate,"100% Medicare OPPS FS. ",13586,,,,,,,Case Rate,". MPL 100/50/25% all add ons apply, and lesser of 100% of billed charges",13586,,,,,,,Case Rate,". MPL 100/50/25% all add ons apply, and lesser of 100% of billed charges",13586,,,,,,,Case Rate,". MPL 100/50/25% all add ons apply, and lesser of 100% of billed charges",25798,,,,,,,Case Rate,". MPL 100/75/50% all add ons apply, and lesser of 100% of billed charges",11080,,,,,,,Case Rate,". Primary procedure pays at 100%, secondary at 50%, all subsequent at 25%.  Lesser of applies when negotiated rates exceed charges less addons.",3839.35,,,,,,,Case Rate,"100% Medicare OPPS FS. ",13586,,,,,,,Case Rate,". MPL 100/50/25% all add ons apply, and lesser of 100% of billed charges",1713.88,,,,,,,Case Rate,"100 Percent of Medicaid APG. ",3916.13,,,,,,,Case Rate,"102% of Medicare OPPS. ",3916.13,,,,,,,Case Rate,"102% of Medicare OPPS. ",3916.13,,,,,,,Case Rate,"102% of Medicare OPPS. ",1713.88,,,,,,,Case rate,"100 Percent of Medicaid APG. ",3856.23,,,,,,,Case Rate,225% of NYS APG. Lesser of 100% of billed charges applies.,3856.23,,,,,,,Case Rate,225% of NYS APG. Lesser of 100% of billed charges applies.,3856.23,,,,,,,Case Rate,225% of NYS APG. Lesser of 100% of billed charges applies.,3856.23,,,,,,,Case Rate,225% of NYS APG. Lesser of 100% of billed charges applies.,3856.23,,,,,,,Case Rate,225% of NYS APG. Lesser of 100% of billed charges applies.,3916.13,,,,,,,Case Rate,"102% of Medicare OPPS. ",1713.88,,,,,,,Case Rate,"100 Percent of Medicaid APG. ",1431.23,,,,,,,Case Rate,100% of PAS. Lesser of 100% of billed charges applies.,3856.23,,,,,,,Case Rate,225% of NYS APG. Lesser of 100% of billed charges applies.,3856.23,,,,,,,Case Rate,225% of NYS APG. Lesser of 100% of billed charges applies.,1431.23,,,,,,,Case Rate,100% of PAS. Lesser of 100% of billed charges applies.,1431.23,,,,,,,Case Rate,100% of PAS. Lesser of 100% of billed charges applies.,3084.98,,,,,,,Fee Schedule,"180 Percent of Medicaid APG. ",3839.35,,,,,,,Case Rate,"100% Medicare OPPS FS. ",3839.35,,,,,,,Case Rate,"100% Medicare OPPS FS. ",11080,,,,,,,Case Rate,". Primary procedure pays at 100%, secondary at 50%, all subsequent at 25%.  Lesser of applies when negotiated rates exceed charges less addons.",3839.35,,,,,,,Case Rate,"100% Medicare OPPS FS. ",3856.23,,,,,,,Case Rate,"225 Percent of Medicaid APG. ",3856.23,,,,,,,Case Rate,"225 Percent of Medicaid APG. ",1713.88,,,,,,,Case rate,"100 Percent of Medicaid APG. ",1713.88,,,,,,,Case rate,"100 Percent of Medicaid APG. ",3856.23,,,,,,,Case Rate,225 Percent of Medicaid APG. Covered services not payable under Medicaid Fee Schedules default to a payment of 87.5 percent of charges.,1713.88,,,,,,,Case rate,124 Percent of Medicaid APG. Covered services not payable under Medicaid Fee Schedules default to a payment of 50 percent of charges.,3856.23,,,,,,,Case Rate,"100 Percent of Medicaid APG. ",3856.23,,,,,,,Case Rate,"100 Percent of Medicaid APG. ",3856.23,,,,,,,Case Rate,"100 Percent of Medicaid APG. ",3856.23,,,,,,,Case Rate,"100 Percent of Medicaid APG. ",13453,,,,,,,Case Rate,". MPL 100/75/50% all add ons apply, and lesser of 100% of billed charges",25798,,,,,,,Case Rate,". MPL 100/75/50% all add ons apply, and lesser of 100% of billed charges",2056.66,,,,,,,Case Rate,"120 Percent of Medicaid APG. Not APG payable, or payable under another fee schedule like ASP/AWP pays at 30% of charges",2056.66,,,,,,,Case Rate,"120 Percent of Medicaid APG. Not APG payable, or payable under another fee schedule like ASP/AWP pays at 30% of charges",1713.88,,,,,,,Case Rate,"100 Percent of Medicaid APG. Not APG payable, or payable under another fee schedule like ASP/AWP pays at 30% of charges",1713.88,,,,,,,Case Rate,"100 Percent of Medicaid APG. Not APG payable, or payable under another fee schedule like ASP/AWP pays at 30% of charges",13586,,,,,,,Case Rate,". MPL 100/50/25% all add ons apply, and lesser of 100% of billed charges",13586,,,,,,,Case Rate,". MPL 100/50/25% all add ons apply, and lesser of 100% of billed charges",3839.35,,,,,,,Case Rate,"100% Medicare OPPS FS. ",13586,,,,,,,Case Rate,". MPL 100/50/25% all add ons apply, and lesser of 100% of billed charges",13586,,,,,,,Case Rate,". MPL 100/50/25% all add ons apply, and lesser of 100% of billed charges",13586,,,,,,,Case Rate,". MPL 100/50/25% all add ons apply, and lesser of 100% of billed charges",13586,,,,,,,Case Rate,". MPL 100/50/25% all add ons apply, and lesser of 100% of billed charges",3839.35,,,,,,,Case Rate,"100% Medicare OPPS FS. ",13586,,,,,,,Case Rate,". MPL 100/50/25% all add ons apply, and lesser of 100% of billed charges",13586,,,,,,,Case Rate,". MPL 100/50/25% all add ons apply, and lesser of 100% of billed charges",11080,,,,,,,Case Rate,". Primary procedure pays at 100%, secondary at 50%, all subsequent at 25%.  Lesser of applies when negotiated rates exceed charges less addons.",1713.88,,,,,,,Fee Schedule,100% APG. Lesser of 100% of billed charges applies.,1713.88,,,,,,,Case rate,124 Percent of Medicaid APG. Covered services not payable under Medicaid Fee Schedules default to a payment of 50 percent of charges.,3856.23,,,,,,,Case Rate,225% of NYS APG. Lesser of 100% of billed charges applies.,3856.23,,,,,,,Case Rate,225 Percent of Medicaid APG. Covered services not payable under Medicaid Fee Schedules default to a payment of 87.5 percent of charges.,1713.88,,,,,,,Case rate,124 Percent of Medicaid APG. Covered services not payable under Medicaid Fee Schedules default to a payment of 50 percent of charges.,3856.23,,,,,,,Case Rate,225% of NYS APG. Lesser of 100% of billed charges applies.,3856.23,,,,,,,Case Rate,225% of NYS APG. Lesser of 100% of billed charges applies.,3856.23,,,,,,,Case Rate,225% of NYS APG. Lesser of 100% of billed charges applies.,3856.23,,,,,,,Case Rate,225% of NYS APG. Lesser of 100% of billed charges applies.,3856.23,,,,,,,Case Rate,225% of NYS APG. Lesser of 100% of billed charges applies.,3856.23,,,,,,,Case Rate,225% of NYS APG. Lesser of 100% of billed charges applies.,,,,,,,,,"NA. ",,,,,,,,,"NA. ",,,,,,,,,"NA. ",6487,,,,,,,Case Rate,". MPL 100/50/25% maxmium of 3 procedures. All add ons apply, and lesser of 100% of billed charges",,,,,,,,,"NA. ",3839.35,,,,,,,Case Rate,"100% Medicare OPPS FS. ",8539,,,,,,,Case Rate,". MPL 1st 100% of Payment Rate 50% of all others, all add ons apply, and lesser of 100% of billed charges.",3839.35,,,,,,,Case Rate,"100% Medicare OPPS FS. ",3839.35,,,,,,,Case Rate,"100% Medicare OPPS FS. ",2056.66,,,,,,,Case Rate,"120 Percent of Medicaid APG. Not APG payable, or payable under another fee schedule like ASP/AWP pays at 30% of charges",2056.66,,,,,,,Case Rate,"120 Percent of Medicaid APG. Not APG payable, or payable under another fee schedule like ASP/AWP pays at 30% of charges",1713.88,,,,,,,Case Rate,"100 Percent of Medicaid APG. Not APG payable, or payable under another fee schedule like ASP/AWP pays at 30% of charges",1713.88,,,,,,,Case Rate,"100 Percent of Medicaid APG. Not APG payable, or payable under another fee schedule like ASP/AWP pays at 30% of charges",1713.88,,,,,,,Case Rate,"100 Percent of Medicaid APG. ",7163,,,,,,,Case Rate,". ",11080,,,,,,,Case Rate,". Primary procedure pays at 100%, secondary at 50%, all subsequent at 25%.  Lesser of applies when negotiated rates exceed charges less addons.",8427,,,,,,,Case Rate,". Primary procedure pays at 100%, all subsequent at 50%.",6487,,,,,,,Case Rate,". MPL 100/50/25% maxmium of 3 procedures. All add ons apply, and lesser of 100% of billed charges",3839.35,,,,,,,Case Rate,"100%Medicare OPPS FS. ",3839.35,,,,,,,Case Rate,"100% Medicare OPPS FS. ",3839.35,,,,,,,Case Rate,"100% Medicare OPPS FS. ",3839.35,,,,,,,Case Rate,"100% Medicare OPPS FS. ",3839.35,,,,,,,Case Rate,"100%Medicare OPPS FS. ",3839.35,,,,,,,Case Rate,"100% Medicare OPPS FS. ",,,,,,,,,"NA. ",3856.23,,,,,,,Case Rate,225% of NYS APG. Lesser of 100% of billed charges applies.,1431.23,,,,,,,Case Rate,100% of PAS. Lesser of 100% of billed charges applies.,13586,,,,,,,Case Rate,". MPL 100/50/25% all add ons apply, and lesser of 100% of billed charges",7163,,,,,,,Case Rate,". ",7163,,,,,,,Case Rate,". ",7163,,,,,,,Case Rate,". ",7163,,,,,,,Case Rate,". ",3839.35,,,,,,,Case Rate,"100% Medicare OPPS FS. ",1713.88,,,,,,,Case Rate,"100 Percent of Medicaid APG. ",13586,,,,,,,Case Rate,". MPL 100/50/25% all add ons apply, and lesser of 100% of billed charges",1713.88,,,,,,,Case Rate,"100 Percent of Medicaid APG. ",3839.35,,,,,,,Case Rate,"100% Medicare OPPS FS. ",1713.88,,,,,,,Case Rate,"100 Percent of Medicaid APG. ",3839.35,,,,,,,Case Rate,"100% Medicare OPPS FS. ",3839.35,,,,,,,Case Rate,"100% Medicare OPPS FS. ",1713.88,,,,,,,Case Rate,"100 Percent of Medicaid APG. ",1713.88,,,,,,,Case Rate,"100 Percent of Medicaid APG. ",7163,,,,,,,Case Rate,". ",6487,,,,,,,Case Rate,". MPL 100/50/25% maxmium of 3 procedures. All add ons apply, and lesser of 100% of billed charges",7620.8496,78,,,,,0,percent of total billed charges,78% of Billed Charges. Lesser of 100% of billed charges applies.; No services were performed during the 15 month look back period.,8165.03,,,,,,,Case Rate,". MPL 100/50/25% all add ons apply, and lesser of 100% of billed charges",8165.03,,,,,,,Case Rate,". MPL 100/50/25% all add ons apply, and lesser of 100% of billed charges",11080,,,,,,,Case Rate,". Primary procedure pays at 100%, secondary at 50%, all subsequent at 25%.  Lesser of applies when negotiated rates exceed charges less addons.",1516.35,,,,,,,Case Rate,"83% HF Fee schedule. ",12574,,,,,,,Case Rate,". Primary procedure pays at 100%, all subsequent at 50%.",12574,,,,,,,Case Rate,". Primary procedure pays at 100%, all subsequent at 50%.",10869,,,,,,,Case Rate,". MPL 100/50/25% all add ons apply, and lesser of 100% of billed charges",10869,,,,,,,Case Rate,". MPL 100/50/25% all add ons apply, and lesser of 100% of billed charges",3839.35,,,,,,,Case Rate,"100% Medicare OPPS FS. ",3839.35,,,,,,,Case Rate,"100% Medicare OPPS FS. ",3839.35,,,,,,,Case Rate,"100% Medicare OPPS FS. ",3839.35,,,,,,,Case Rate,"100% Medicare OPPS FS. ",8165.03,,,,,,,Case Rate,". MPL 100/50/25% all add ons apply, and lesser of 100% of billed charges",13586,,,,,,,Case Rate,". MPL 100/50/25% all add ons apply, and lesser of 100% of billed charges",13586,,,,,,,Case Rate,". MPL 100/50/25% all add ons apply, and lesser of 100% of billed charges",3839.35,,,,,,,Case Rate,"100% Medicare OPPS FS. ",10869,,,,,,,Case Rate,". MPL 100/50/25% all add ons apply, and lesser of 100% of billed charges",8427,,,,,,,Case Rate,". Primary procedure pays at 100%, all subsequent at 50%.",2056.66,,,,,,,Fee Schedule,"120 Percent of Medicaid APG. ",1713.88,,,,,,,Case Rate,"100 Percent of Medicaid APG. ",7163,,,,,,,Case Rate,". ",12227,,,,,,,Case Rate,". MPL 100/50/25% all add ons apply, and lesser of 100% of billed charges",12227,,,,,,,Case Rate,". MPL 100/50/25% all add ons apply, and lesser of 100% of billed charges",13586,,,,,,,Case Rate,". MPL 100/50/25% all add ons apply, and lesser of 100% of billed charges",14948,,,,,,,Case Rate,". MPL 100/75/50% all add ons apply, and lesser of 100% of billed charges",3839.35,,,,,,,Case Rate,"100%Medicare OPPS FS. ",1799.57,,,,,,,Fee Schedule,105 percent of Medicaid APG. otherwise 105% of Ordered NYS MCD FS or 105% of ASP+6%,1799.57,,,,,,,Fee Schedule,105 percent of Medicaid APG. otherwise 105% of Ordered NYS MCD FS or 105% of ASP+6%,1799.57,,,,,,,Fee Schedule,105 percent of Medicaid APG. otherwise 105% of Ordered NYS MCD FS or 105% of ASP+6%,2313.74,,,,,,,Fee Schedule,135 percent of Medicaid APG. otherwise 135% of Ordered NYS MCD FS or 135% of ASP+6%,8165.03,,,,,,,Case Rate,". MPL 100/50/25% all add ons apply, and lesser of 100% of billed charges",1799.57,,,,,,,Fee Schedule,105 percent of Medicaid APG. otherwise 105% of Ordered NYS MCD FS or 105% of ASP+6%,1799.57,,,,,,,Fee Schedule,105 percent of Medicaid APG. otherwise 105% of Ordered NYS MCD FS or 105% of ASP+6%,1799.57,,,,,,,Fee Schedule,105 percent of Medicaid APG. otherwise 105% of Ordered NYS MCD FS or 105% of ASP+6%,1799.57,,,,,,,Fee Schedule,105 percent of Medicaid APG. otherwise 105% of Ordered NYS MCD FS or 105% of ASP+6%,1799.57,,,,,,,Fee Schedule,105 percent of Medicaid APG. otherwise 105% of Ordered NYS MCD FS or 105% of ASP+6%,2313.74,,,,,,,Fee Schedule,135 percent of Medicaid APG. otherwise 135% of Ordered NYS MCD FS or 135% of ASP+6%,2313.74,,,,,,,Fee Schedule,135 percent of Medicaid APG. otherwise 135% of Ordered NYS MCD FS or 135% of ASP+6%,3839.35,,,,,,,Case Rate,"100% Medicare OPPS FS. ",8165.03,,,,,,,Case Rate,". MPL 100/50/25% all add ons apply, and lesser of 100% of billed charges",3839.35,,,,,,,Case Rate,"100% Medicare OPPS FS. ",1799.57,,,,,,,Fee Schedule,105 percent of Medicaid APG. otherwise 105% of Ordered NYS MCD FS or 105% of ASP+6%,13586,,,,,,,Case Rate,". MPL 100/50/25% all add ons apply, and lesser of 100% of billed charges",3839.35,,,,,,,Case Rate,"100% Medicare OPPS FS. ",13586,,,,,,,Case Rate,". MPL 100/50/25% all add ons apply, and lesser of 100% of billed charges",13586,,,,,,,Case Rate,". MPL 100/50/25% all add ons apply, and lesser of 100% of billed charges",13586,,,,,,,Case Rate,". MPL 100/50/25% all add ons apply, and lesser of 100% of billed charges",1799.57,,,,,,,Fee Schedule,105 percent of Medicaid APG. otherwise 105% of Ordered NYS MCD FS or 105% of ASP+6%,3839.35,,,,,,,Case Rate,"100% Medicare OPPS FS. ",13586,,,,,,,Case Rate,". MPL 100/50/25% all add ons apply, and lesser of 100% of billed charges",2313.74,,,,,,,Fee Schedule,135 percent of Medicaid APG. otherwise 135% of Ordered NYS MCD FS or 135% of ASP+6%,13586,,,,,,,Case Rate,". MPL 100/50/25% all add ons apply, and lesser of 100% of billed charges",19540.64,200,,,,,0,Case Rate,200% of Medicare OPPS. ; No services were performed during the 15 month look back period.,3839.35,,,,,,,Case Rate,"100%Medicare OPPS FS. ",7163,,,,,,,Case Rate,". ",7163,,,,,,,Case Rate,". ",7163,,,,,,,Case Rate,". ",7163,,,,,,,Case Rate,". ",7163,,,,,,,Case Rate,". ",8427,,,,,,,Case Rate,". Primary procedure pays at 100%, all subsequent at 50%.",8427,,,,,,,Case Rate,". Primary procedure pays at 100%, all subsequent at 50%.",7163,,,,,,,Case Rate,". ",7163,,,,,,,Case Rate,". ",7163,,,,,,,Case Rate,". ",7163,,,,,,,Case Rate,". ",7163,,,,,,,Case Rate,". ",3839.35,,,,,,,Case Rate,"100% Medicare OPPS FS. ",8427,,,,,,,Case Rate,". Primary procedure pays at 100%, all subsequent at 50%.",3839.35,,,,,,,Case Rate,"100% Medicare OPPS FS. ",3856.23,,,,,,,Case Rate,"225 Percent of Medicaid APG. If not included in Medicaid APG, then 100 Percent of Manhattan Medicare",1713.88,,,,,,,Case Rate,"100 Percent of Medicaid APG. ",8165.03,,,,,,,Case Rate,". MPL 100/50/25% all add ons apply, and lesser of 100% of billed charges",8165.03,,,,,,,Case Rate,". MPL 100/50/25% all add ons apply, and lesser of 100% of billed charges",3839.35,,,,,,,Case Rate,"100% Medicare OPPS FS. ",12574,,,,,,,Case Rate,". Primary procedure pays at 100%, all subsequent at 50%.",3839.35,,,,,,,Case Rate,"100% Medicare OPPS FS. ",3839.35,,,,,,,Case Rate,"100% Medicare OPPS FS. ",11080,,,,,,,Case Rate,". Primary procedure pays at 100%, secondary at 50%, all subsequent at 25%.  Lesser of applies when negotiated rates exceed charges less addons.",3839.35,,,,,,,Case Rate,"100% Medicare OPPS FS. ",6487,,,,,,,Case Rate,". MPL 100/50/25% maxmium of 3 procedures. All add ons apply, and lesser of 100% of billed charges",3839.35,,,,,,,Case Rate,"100% Medicare OPPS FS. ",6487,,,,,,,Case Rate,". MPL 100/50/25% maxmium of 3 procedures. All add ons apply, and lesser of 100% of billed charges",11080,,,,,,,Case Rate,". Primary procedure pays at 100%, secondary at 50%, all subsequent at 25%.  Lesser of applies when negotiated rates exceed charges less addons.",6487,,,,,,,Case Rate,". MPL 100/50/25% maxmium of 3 procedures. All add ons apply, and lesser of 100% of billed charges",3839.35,,,,,,,Case Rate,"100% Medicare OPPS FS. ",1713.88,,,,,,,Case Rate,"100 Percent of Medicaid APG. ",3839.35,,,,,,,Case Rate,"100% Medicare OPPS FS. ",6487,,,,,,,Case Rate,". MPL 100/50/25% maxmium of 3 procedures. All add ons apply, and lesser of 100% of billed charges",8165.03,,,,,,,Case Rate,". MPL 100/50/25% all add ons apply, and lesser of 100% of billed charges",1713.88,,,,,,,Case Rate,"100 Percent of Medicaid APG. ",13586,,,,,,,Case Rate,". MPL 100/50/25% all add ons apply, and lesser of 100% of billed charges",2056.66,,,,,,,Fee Schedule,"120 Percent of Medicaid APG. ",2056.66,,,,,,,Fee Schedule,"120 Percent of Medicaid APG. ",13586,,,,,,,Case Rate,". MPL 100/50/25% all add ons apply, and lesser of 100% of billed charges",13586,,,,,,,Case Rate,". MPL 100/50/25% all add ons apply, and lesser of 100% of billed charges",13586,,,,,,,Case Rate,". MPL 100/50/25% all add ons apply, and lesser of 100% of billed charges",8165.03,,,,,,,Case Rate,". MPL 100/50/25% all add ons apply, and lesser of 100% of billed charges",13586,,,,,,,Case Rate,". MPL 100/50/25% all add ons apply, and lesser of 100% of billed charges",13586,,,,,,,Case Rate,". MPL 100/50/25% all add ons apply, and lesser of 100% of billed charges",13586,,,,,,,Case Rate,". MPL 100/50/25% all add ons apply, and lesser of 100% of billed charges",7163,,,,,,,Case Rate,". ",7163,,,,,,,Case Rate,". ",7601.91,,,,,,,Case Rate,198 Percent of Medicare OPPS. Metroplus will reimburse unlisted codes and described codes with no Medicare rate at 50 percent of charges.,1713.88,,,,,,,Case Rate,"100 Percent of Medicaid APG. ",8165.03,,,,,,,Case Rate,". MPL 100/50/25% all add ons apply, and lesser of 100% of billed charges",6487,,,,,,,Case Rate,". MPL 100/50/25% maxmium of 3 procedures. All add ons apply, and lesser of 100% of billed charges",11080,,,,,,,Case Rate,". Primary procedure pays at 100%, secondary at 50%, all subsequent at 25%.  Lesser of applies when negotiated rates exceed charges less addons.",8165.03,,,,,,,Case Rate,". MPL 100/50/25% all add ons apply, and lesser of 100% of billed charges",11080,,,,,,,Case Rate,". Primary procedure pays at 100%, secondary at 50%, all subsequent at 25%.  Lesser of applies when negotiated rates exceed charges less addons.",8165.03,,,,,,,Case Rate,". MPL 100/50/25% all add ons apply, and lesser of 100% of billed charges",13586,,,,,,,Case Rate,". MPL 100/50/25% all add ons apply, and lesser of 100% of billed charges",13586,,,,,,,Case Rate,". MPL 100/50/25% all add ons apply, and lesser of 100% of billed charges",13586,,,,,,,Case Rate,". MPL 100/50/25% all add ons apply, and lesser of 100% of billed charges",13586,,,,,,,Case Rate,". MPL 100/50/25% all add ons apply, and lesser of 100% of billed charges",3839.35,,,,,,,Case Rate,"100% Medicare OPPS FS. ",1431.23,25798,
26605,CPT,,,490,RC,TREAT METACARPAL FRACTURE,,,both,,,,5941,,,,,,,Case Rate,". MPL 1st 100% of Payment Rate 50% of all others, all add ons apply, and lesser of 100% of billed charges.",5941,,,,,,,Case Rate,". MPL 1st 100% of Payment Rate 50% of all others, all add ons apply, and lesser of 100% of billed charges.",8442,,,,,,,Case Rate,". Primary procedure pays at 100%, secondary at 50%, all subsequent at 25%.  Lesser of applies when negotiated rates exceed charges less addons.",,100,,,,,0,percent of total billed charges,100 percent of billed charges. ; No services were performed during the 15 month look back period.,283.85,,,,,,,Case Rate,"100% Medicare OPPS FS. ",8442,,,,,,,Case Rate,". Primary procedure pays at 100%, secondary at 50%, all subsequent at 25%.  Lesser of applies when negotiated rates exceed charges less addons.",8442,,,,,,,Case Rate,". Primary procedure pays at 100%, secondary at 50%, all subsequent at 25%.  Lesser of applies when negotiated rates exceed charges less addons.",8442,,,,,,,Case Rate,". Primary procedure pays at 100%, secondary at 50%, all subsequent at 25%.  Lesser of applies when negotiated rates exceed charges less addons.",900.71,,,,,,,Case Rate,"100 Percent of Medicaid APG. ",750.59,,,,,,,Case Rate,"100 Percent of Medicaid APG. ",,78,,,,,0,percent of total billed charges,78% of Billed Charges. Lesser of 100% of billed charges applies.; No services were performed during the 15 month look back period.,4923.38,,,,,,,Case Rate,". MPL 100/50/25% all add ons apply, and lesser of 100% of billed charges",750.59,,,,,,,Case Rate,"100 Percent of Medicaid APG. ",283.85,,,,,,,Case Rate,"100% Medicare OPPS FS. ",6487,,,,,,,Case Rate,". MPL 100/50/25% maxmium of 3 procedures. All add ons apply, and lesser of 100% of billed charges",6487,,,,,,,Case Rate,". MPL 100/50/25% maxmium of 3 procedures. All add ons apply, and lesser of 100% of billed charges",6487,,,,,,,Case Rate,". MPL 100/50/25% maxmium of 3 procedures. All add ons apply, and lesser of 100% of billed charges",6487,,,,,,,Case Rate,". MPL 100/50/25% maxmium of 3 procedures. All add ons apply, and lesser of 100% of billed charges",750.59,,,,,,,Case rate,124 Percent of Medicaid APG. Covered services not payable under Medicaid Fee Schedules default to a payment of 50 percent of charges.,283.85,,,,,,,Case Rate,"100% Medicare OPPS FS. ",750.59,,,,,,,Case rate,124 Percent of Medicaid APG. Covered services not payable under Medicaid Fee Schedules default to a payment of 50 percent of charges.,,78,,,,,0,percent of total billed charges,78% of Billed Charges. Lesser of 100% of billed charges applies.; No services were performed during the 15 month look back period.,8442,,,,,,,Case Rate,". Primary procedure pays at 100%, secondary at 50%, all subsequent at 25%.  Lesser of applies when negotiated rates exceed charges less addons.",283.85,,,,,,,Case Rate,"100%Medicare OPPS FS. ",8427,,,,,,,Case Rate,". Primary procedure pays at 100%, all subsequent at 50%.",283.85,,,,,,,Case Rate,"100%Medicare OPPS FS. ",283.85,,,,,,,Case Rate,"100%Medicare OPPS FS. ",,78,,,,,0,percent of total billed charges,78% of Billed Charges. Lesser of 100% of billed charges applies.; No services were performed during the 15 month look back period.,132.04,,,,,,,Case Rate,100% of PAS. Lesser of 100% of billed charges applies.,132.04,,,,,,,Case Rate,100% of PAS. Lesser of 100% of billed charges applies.,750.59,,,,,,,Case rate,"100 Percent of Medicaid APG. ",750.59,,,,,,,Case rate,"100 Percent of Medicaid APG. ",8427,,,,,,,Case Rate,". Primary procedure pays at 100%, all subsequent at 50%.",8427,,,,,,,Case Rate,". Primary procedure pays at 100%, all subsequent at 50%.",750.59,,,,,,,Case Rate,"100 Percent of Medicaid APG. Not APG payable, or payable under another fee schedule like ASP/AWP pays at 30% of charges",8427,,,,,,,Case Rate,". Primary procedure pays at 100%, all subsequent at 50%.",750.59,,,,,,,Case Rate,"100 Percent of Medicaid APG. Not APG payable, or payable under another fee schedule like ASP/AWP pays at 30% of charges",283.85,,,,,,,Case Rate,"100%Medicare OPPS FS. ",8427,,,,,,,Case Rate,". Primary procedure pays at 100%, all subsequent at 50%.",,78,,,,,0,percent of total billed charges,78% of Billed Charges. Lesser of 100% of billed charges applies.; No services were performed during the 15 month look back period.,750.59,,,,,,,Case Rate,"100 Percent of Medicaid APG. ",750.59,,,,,,,Case Rate,"100 Percent of Medicaid APG. ",,78,,,,,0,percent of total billed charges,78% of Billed Charges. Lesser of 100% of billed charges applies.; No services were performed during the 15 month look back period.,6487,,,,,,,Case Rate,". MPL 100/50/25% maxmium of 3 procedures. All add ons apply, and lesser of 100% of billed charges",4500,,,,,,,Case Rate,". MPL 100/50/25% all add ons apply, and lesser of 100% of billed charges",4500,,,,,,,Case Rate,". MPL 100/50/25% all add ons apply, and lesser of 100% of billed charges",,78,,,,,0,percent of total billed charges,78% of Billed Charges. Lesser of 100% of billed charges applies.; No services were performed during the 15 month look back period.,283.85,,,,,,,Case Rate,"100% Medicare OPPS FS. ",4923.38,,,,,,,Case Rate,". MPL 100/50/25% all add ons apply, and lesser of 100% of billed charges",4923.38,,,,,,,Case Rate,". MPL 100/50/25% all add ons apply, and lesser of 100% of billed charges",4923.38,,,,,,,Case Rate,". MPL 100/50/25% all add ons apply, and lesser of 100% of billed charges",283.85,,,,,,,Case Rate,"100% Medicare OPPS FS. ",4923.38,,,,,,,Case Rate,". MPL 100/50/25% all add ons apply, and lesser of 100% of billed charges",4923.38,,,,,,,Case Rate,". MPL 100/50/25% all add ons apply, and lesser of 100% of billed charges",283.85,,,,,,,Case Rate,"100% of Medicare OPPS. ",25798,,,,,,,Case Rate,". MPL 100/75/50% all add ons apply, and lesser of 100% of billed charges",4100,,,,,,,Case Rate,". MPL 100/50/25% all add ons apply, and lesser of 100% of billed charges",4100,,,,,,,Case Rate,". MPL 100/50/25% all add ons apply, and lesser of 100% of billed charges",4100,,,,,,,Case Rate,". MPL 100/50/25% all add ons apply, and lesser of 100% of billed charges",4100,,,,,,,Case Rate,". MPL 100/50/25% all add ons apply, and lesser of 100% of billed charges",4100,,,,,,,Case Rate,". MPL 100/50/25% all add ons apply, and lesser of 100% of billed charges",4100,,,,,,,Case Rate,". MPL 100/50/25% all add ons apply, and lesser of 100% of billed charges",283.85,,,,,,,Case Rate,"100% Medicare OPPS FS. ",283.85,,,,,,,Case Rate,"100% Medicare OPPS FS. ",4100,,,,,,,Case Rate,". MPL 100/50/25% all add ons apply, and lesser of 100% of billed charges",,78,,,,,0,percent of total billed charges,78% of Billed Charges. Lesser of 100% of billed charges applies.; No services were performed during the 15 month look back period.,,78,,,,,0,percent of total billed charges,78% of Billed Charges. Lesser of 100% of billed charges applies.; No services were performed during the 15 month look back period.,,78,,,,,0,percent of total billed charges,78% of Billed Charges. Lesser of 100% of billed charges applies.; No services were performed during the 15 month look back period.,,78,,,,,0,percent of total billed charges,78% of Billed Charges. Lesser of 100% of billed charges applies.; No services were performed during the 15 month look back period.,,78,,,,,0,percent of total billed charges,78% of Billed Charges. Lesser of 100% of billed charges applies.; No services were performed during the 15 month look back period.,,78,,,,,0,percent of total billed charges,78% of Billed Charges. Lesser of 100% of billed charges applies.; No services were performed during the 15 month look back period.,,78,,,,,0,percent of total billed charges,78% of Billed Charges. Lesser of 100% of billed charges applies.; No services were performed during the 15 month look back period.,,78,,,,,0,percent of total billed charges,78% of Billed Charges. Lesser of 100% of billed charges applies.; No services were performed during the 15 month look back period.,,78,,,,,0,percent of total billed charges,78% of Billed Charges. Lesser of 100% of billed charges applies.; No services were performed during the 15 month look back period.,,78,,,,,0,percent of total billed charges,78% of Billed Charges. Lesser of 100% of billed charges applies.; No services were performed during the 15 month look back period.,,78,,,,,0,percent of total billed charges,78% of Billed Charges. Lesser of 100% of billed charges applies.; No services were performed during the 15 month look back period.,,78,,,,,0,percent of total billed charges,78% of Billed Charges. Lesser of 100% of billed charges applies.; No services were performed during the 15 month look back period.,,78,,,,,0,percent of total billed charges,78% of Billed Charges. Lesser of 100% of billed charges applies.; No services were performed during the 15 month look back period.,,78,,,,,0,percent of total billed charges,78% of Billed Charges. Lesser of 100% of billed charges applies.; No services were performed during the 15 month look back period.,,78,,,,,0,percent of total billed charges,78% of Billed Charges. Lesser of 100% of billed charges applies.; No services were performed during the 15 month look back period.,,78,,,,,0,percent of total billed charges,78% of Billed Charges. Lesser of 100% of billed charges applies.; No services were performed during the 15 month look back period.,,78,,,,,0,percent of total billed charges,78% of Billed Charges. Lesser of 100% of billed charges applies.; No services were performed during the 15 month look back period.,,78,,,,,0,percent of total billed charges,78% of Billed Charges. Lesser of 100% of billed charges applies.; No services were performed during the 15 month look back period.,,78,,,,,0,percent of total billed charges,78% of Billed Charges. Lesser of 100% of billed charges applies.; No services were performed during the 15 month look back period.,,78,,,,,0,percent of total billed charges,78% of Billed Charges. Lesser of 100% of billed charges applies.; No services were performed during the 15 month look back period.,,78,,,,,0,percent of total billed charges,78% of Billed Charges. Lesser of 100% of billed charges applies.; No services were performed during the 15 month look back period.,,78,,,,,0,percent of total billed charges,78% of Billed Charges. Lesser of 100% of billed charges applies.; No services were performed during the 15 month look back period.,,78,,,,,0,percent of total billed charges,78% of Billed Charges. Lesser of 100% of billed charges applies.; No services were performed during the 15 month look back period.,,78,,,,,0,percent of total billed charges,78% of Billed Charges. Lesser of 100% of billed charges applies.; No services were performed during the 15 month look back period.,,78,,,,,0,percent of total billed charges,78% of Billed Charges. Lesser of 100% of billed charges applies.; No services were performed during the 15 month look back period.,,78,,,,,0,percent of total billed charges,78% of Billed Charges. Lesser of 100% of billed charges applies.; No services were performed during the 15 month look back period.,8427,,,,,,,Case Rate,". Primary procedure pays at 100%, all subsequent at 50%.",8427,,,,,,,Case Rate,". Primary procedure pays at 100%, all subsequent at 50%.",8427,,,,,,,Case Rate,". Primary procedure pays at 100%, all subsequent at 50%.",8427,,,,,,,Case Rate,". Primary procedure pays at 100%, all subsequent at 50%.",12574,,,,,,,Case Rate,". Primary procedure pays at 100%, all subsequent at 50%.",12574,,,,,,,Case Rate,". Primary procedure pays at 100%, all subsequent at 50%.",6487,,,,,,,Case Rate,". MPL 100/50/25% maxmium of 3 procedures. All add ons apply, and lesser of 100% of billed charges",4100,,,,,,,Case Rate,". MPL 100/50/25% all add ons apply, and lesser of 100% of billed charges",4923.38,,,,,,,Case Rate,". MPL 100/50/25% all add ons apply, and lesser of 100% of billed charges",4100,,,,,,,Case Rate,". MPL 100/50/25% all add ons apply, and lesser of 100% of billed charges",,78,,,,,0,percent of total billed charges,78% of Billed Charges. Lesser of 100% of billed charges applies.; No services were performed during the 15 month look back period.,12574,,,,,,,Case Rate,". Primary procedure pays at 100%, all subsequent at 50%.",4100,,,,,,,Case Rate,". MPL 100/50/25% all add ons apply, and lesser of 100% of billed charges",4923.38,,,,,,,Case Rate,". MPL 100/50/25% all add ons apply, and lesser of 100% of billed charges",6487,,,,,,,Case Rate,". MPL 100/50/25% maxmium of 3 procedures. All add ons apply, and lesser of 100% of billed charges",,,,,,,,,"NA. ",,78,,,,,0,percent of total billed charges,78% of Billed Charges. Lesser of 100% of billed charges applies.; No services were performed during the 15 month look back period.,750.59,,,,,,,Case Rate,"100 Percent of Medicaid APG. ",8427,,,,,,,Case Rate,". Primary procedure pays at 100%, all subsequent at 50%.",750.59,,,,,,,Case Rate,"100 Percent of Medicaid APG. Not APG payable, or payable under another fee schedule like ASP/AWP pays at 30% of charges",283.85,,,,,,,Case Rate,"100%Medicare OPPS FS. ",283.85,,,,,,,Case Rate,"100% Medicare OPPS FS. ",25798,,,,,,,Case Rate,". MPL 100/75/50% all add ons apply, and lesser of 100% of billed charges",283.85,,,,,,,Case Rate,"100% Medicare OPPS FS. ",283.85,,,,,,,Case Rate,"100% Medicare OPPS FS. ",750.59,,,,,,,Case Rate,"100 Percent of Medicaid APG. ",283.85,,,,,,,Case Rate,"100% Medicare OPPS FS. ",283.85,,,,,,,Case Rate,"100% Medicare OPPS FS. ",8442,,,,,,,Case Rate,". Primary procedure pays at 100%, secondary at 50%, all subsequent at 25%.  Lesser of applies when negotiated rates exceed charges less addons.",8442,,,,,,,Case Rate,". Primary procedure pays at 100%, secondary at 50%, all subsequent at 25%.  Lesser of applies when negotiated rates exceed charges less addons.",283.85,,,,,,,Case Rate,"100% Medicare OPPS FS. ",6487,,,,,,,Case Rate,". MPL 100/50/25% maxmium of 3 procedures. All add ons apply, and lesser of 100% of billed charges",4923.38,,,,,,,Case Rate,". MPL 100/50/25% all add ons apply, and lesser of 100% of billed charges",4923.38,,,,,,,Case Rate,". MPL 100/50/25% all add ons apply, and lesser of 100% of billed charges",283.85,,,,,,,Case Rate,"100% Medicare OPPS FS. ",6487,,,,,,,Case Rate,". MPL 100/50/25% maxmium of 3 procedures. All add ons apply, and lesser of 100% of billed charges",8442,,,,,,,Case Rate,". Primary procedure pays at 100%, secondary at 50%, all subsequent at 25%.  Lesser of applies when negotiated rates exceed charges less addons.",8442,,,,,,,Case Rate,". Primary procedure pays at 100%, secondary at 50%, all subsequent at 25%.  Lesser of applies when negotiated rates exceed charges less addons.",8442,,,,,,,Case Rate,". Primary procedure pays at 100%, secondary at 50%, all subsequent at 25%.  Lesser of applies when negotiated rates exceed charges less addons.",,78,,,,,0,percent of total billed charges,78% of Billed Charges. Lesser of 100% of billed charges applies.; No services were performed during the 15 month look back period.,,78,,,,,0,percent of total billed charges,78% of Billed Charges. Lesser of 100% of billed charges applies.; No services were performed during the 15 month look back period.,,78,,,,,0,percent of total billed charges,78% of Billed Charges. Lesser of 100% of billed charges applies.; No services were performed during the 15 month look back period.,,78,,,,,0,percent of total billed charges,78% of Billed Charges. Lesser of 100% of billed charges applies.; No services were performed during the 15 month look back period.,,78,,,,,0,percent of total billed charges,78% of Billed Charges. Lesser of 100% of billed charges applies.; No services were performed during the 15 month look back period.,,78,,,,,0,percent of total billed charges,78% of Billed Charges. Lesser of 100% of billed charges applies.; No services were performed during the 15 month look back period.,,78,,,,,0,percent of total billed charges,78% of Billed Charges. Lesser of 100% of billed charges applies.; No services were performed during the 15 month look back period.,,78,,,,,0,percent of total billed charges,78% of Billed Charges. Lesser of 100% of billed charges applies.; No services were performed during the 15 month look back period.,,78,,,,,0,percent of total billed charges,78% of Billed Charges. Lesser of 100% of billed charges applies.; No services were performed during the 15 month look back period.,,78,,,,,0,percent of total billed charges,78% of Billed Charges. Lesser of 100% of billed charges applies.; No services were performed during the 15 month look back period.,,78,,,,,0,percent of total billed charges,78% of Billed Charges. Lesser of 100% of billed charges applies.; No services were performed during the 15 month look back period.,12574,,,,,,,Case Rate,". Primary procedure pays at 100%, all subsequent at 50%.",4100,,,,,,,Case Rate,". MPL 100/50/25% all add ons apply, and lesser of 100% of billed charges",6487,,,,,,,Case Rate,". MPL 100/50/25% maxmium of 3 procedures. All add ons apply, and lesser of 100% of billed charges",283.85,,,,,,,Case Rate,"100% Medicare OPPS FS. ",8442,,,,,,,Case Rate,". Primary procedure pays at 100%, secondary at 50%, all subsequent at 25%.  Lesser of applies when negotiated rates exceed charges less addons.",6487,,,,,,,Case Rate,". MPL 100/50/25% maxmium of 3 procedures. All add ons apply, and lesser of 100% of billed charges",6487,,,,,,,Case Rate,". MPL 100/50/25% maxmium of 3 procedures. All add ons apply, and lesser of 100% of billed charges",,78,,,,,0,percent of total billed charges,78% of Billed Charges. Lesser of 100% of billed charges applies.; No services were performed during the 15 month look back period.,1606.27,,,,,,,Case Rate,"214 Percent of Medicaid APG. Drugs not priced under APG, billed with revenue code 636 and not priced by Medicare ASP FeeSched will be reimbursed at 20% of charges.",6487,,,,,,,Case Rate,". MPL 100/50/25% maxmium of 3 procedures. All add ons apply, and lesser of 100% of billed charges",750.59,,,,,,,Case Rate,"100 Percent of Medicaid APG. ",283.85,,,,,,,Case Rate,"100% Medicare OPPS FS. ",283.85,,,,,,,Case Rate,"100% Medicare OPPS FS. ",283.85,,,,,,,Case Rate,"100% Medicare OPPS FS. ",283.85,,,,,,,Case Rate,"100% Medicare OPPS FS. ",283.85,,,,,,,Case Rate,"100% Medicare OPPS FS. ",283.85,,,,,,,Case Rate,"100% Medicare OPPS FS. ",6487,,,,,,,Case Rate,". MPL 100/50/25% maxmium of 3 procedures. All add ons apply, and lesser of 100% of billed charges",25798,,,,,,,Case Rate,". MPL 100/75/50% all add ons apply, and lesser of 100% of billed charges",1351.07,,,,,,,Fee Schedule,"180 Percent of Medicaid APG. ",1351.07,,,,,,,Fee Schedule,"180 Percent of Medicaid APG. ",1351.07,,,,,,,Fee Schedule,"180 Percent of Medicaid APG. ",1351.07,,,,,,,Fee Schedule,"180 Percent of Medicaid APG. ",1351.07,,,,,,,Fee Schedule,"180 Percent of Medicaid APG. ",,,,,,,,,"NA. ",25798,,,,,,,Case Rate,". MPL 100/75/50% all add ons apply, and lesser of 100% of billed charges",562.02,,,,,,,Case Rate,198 Percent of Medicare OPPS. Metroplus will reimburse unlisted codes and described codes with no Medicare rate at 50 percent of charges.,562.02,,,,,,,Case Rate,198 Percent of Medicare OPPS. Metroplus will reimburse unlisted codes and described codes with no Medicare rate at 50 percent of charges.,562.02,,,,,,,Case Rate,198 Percent of Medicare OPPS. Metroplus will reimburse unlisted codes and described codes with no Medicare rate at 50 percent of charges.,562.02,,,,,,,Case Rate,198 Percent of Medicare OPPS. Metroplus will reimburse unlisted codes and described codes with no Medicare rate at 50 percent of charges.,562.02,,,,,,,Case Rate,198 Percent of Medicare OPPS. Metroplus will reimburse unlisted codes and described codes with no Medicare rate at 50 percent of charges.,283.85,,,,,,,Case Rate,"100% Medicare OPPS FS. ",12574,,,,,,,Case Rate,". Primary procedure pays at 100%, all subsequent at 50%.",12574,,,,,,,Case Rate,". Primary procedure pays at 100%, all subsequent at 50%.",12574,,,,,,,Case Rate,". Primary procedure pays at 100%, all subsequent at 50%.",12574,,,,,,,Case Rate,". Primary procedure pays at 100%, all subsequent at 50%.",8442,,,,,,,Case Rate,". Primary procedure pays at 100%, secondary at 50%, all subsequent at 25%.  Lesser of applies when negotiated rates exceed charges less addons.",8442,,,,,,,Case Rate,". Primary procedure pays at 100%, secondary at 50%, all subsequent at 25%.  Lesser of applies when negotiated rates exceed charges less addons.",8442,,,,,,,Case Rate,". Primary procedure pays at 100%, secondary at 50%, all subsequent at 25%.  Lesser of applies when negotiated rates exceed charges less addons.",8442,,,,,,,Case Rate,". Primary procedure pays at 100%, secondary at 50%, all subsequent at 25%.  Lesser of applies when negotiated rates exceed charges less addons.",25798,,,,,,,Case Rate,". MPL 100/75/50% all add ons apply, and lesser of 100% of billed charges",25798,,,,,,,Case Rate,". MPL 100/75/50% all add ons apply, and lesser of 100% of billed charges",283.85,,,,,,,Case Rate,"100% Medicare OPPS FS. ",283.85,,,,,,,Case Rate,"100% Medicare OPPS FS. ",283.85,,,,,,,Case Rate,"100% Medicare OPPS FS. ",4100,,,,,,,Case Rate,". MPL 100/50/25% all add ons apply, and lesser of 100% of billed charges",4100,,,,,,,Case Rate,". MPL 100/50/25% all add ons apply, and lesser of 100% of billed charges",4100,,,,,,,Case Rate,". MPL 100/50/25% all add ons apply, and lesser of 100% of billed charges",25798,,,,,,,Case Rate,". MPL 100/75/50% all add ons apply, and lesser of 100% of billed charges",8442,,,,,,,Case Rate,". Primary procedure pays at 100%, secondary at 50%, all subsequent at 25%.  Lesser of applies when negotiated rates exceed charges less addons.",283.85,,,,,,,Case Rate,"100% Medicare OPPS FS. ",4100,,,,,,,Case Rate,". MPL 100/50/25% all add ons apply, and lesser of 100% of billed charges",750.59,,,,,,,Case Rate,"100 Percent of Medicaid APG. ",289.53,,,,,,,Case Rate,"102% of Medicare OPPS. ",289.53,,,,,,,Case Rate,"102% of Medicare OPPS. ",289.53,,,,,,,Case Rate,"102% of Medicare OPPS. ",750.59,,,,,,,Case rate,"100 Percent of Medicaid APG. ",1688.83,,,,,,,Case Rate,225% of NYS APG. Lesser of 100% of billed charges applies.,1688.83,,,,,,,Case Rate,225% of NYS APG. Lesser of 100% of billed charges applies.,1688.83,,,,,,,Case Rate,225% of NYS APG. Lesser of 100% of billed charges applies.,1688.83,,,,,,,Case Rate,225% of NYS APG. Lesser of 100% of billed charges applies.,1688.83,,,,,,,Case Rate,225% of NYS APG. Lesser of 100% of billed charges applies.,289.53,,,,,,,Case Rate,"102% of Medicare OPPS. ",750.59,,,,,,,Case Rate,"100 Percent of Medicaid APG. ",132.04,,,,,,,Case Rate,100% of PAS. Lesser of 100% of billed charges applies.,1688.83,,,,,,,Case Rate,225% of NYS APG. Lesser of 100% of billed charges applies.,1688.83,,,,,,,Case Rate,225% of NYS APG. Lesser of 100% of billed charges applies.,132.04,,,,,,,Case Rate,100% of PAS. Lesser of 100% of billed charges applies.,132.04,,,,,,,Case Rate,100% of PAS. Lesser of 100% of billed charges applies.,1351.07,,,,,,,Fee Schedule,"180 Percent of Medicaid APG. ",283.85,,,,,,,Case Rate,"100% Medicare OPPS FS. ",283.85,,,,,,,Case Rate,"100% Medicare OPPS FS. ",8442,,,,,,,Case Rate,". Primary procedure pays at 100%, secondary at 50%, all subsequent at 25%.  Lesser of applies when negotiated rates exceed charges less addons.",283.85,,,,,,,Case Rate,"100% Medicare OPPS FS. ",1688.83,,,,,,,Case Rate,"225 Percent of Medicaid APG. ",1688.83,,,,,,,Case Rate,"225 Percent of Medicaid APG. ",750.59,,,,,,,Case rate,"100 Percent of Medicaid APG. ",750.59,,,,,,,Case rate,"100 Percent of Medicaid APG. ",1688.83,,,,,,,Case Rate,225 Percent of Medicaid APG. Covered services not payable under Medicaid Fee Schedules default to a payment of 87.5 percent of charges.,750.59,,,,,,,Case rate,124 Percent of Medicaid APG. Covered services not payable under Medicaid Fee Schedules default to a payment of 50 percent of charges.,1688.83,,,,,,,Case Rate,"100 Percent of Medicaid APG. ",1688.83,,,,,,,Case Rate,"100 Percent of Medicaid APG. ",1688.83,,,,,,,Case Rate,"100 Percent of Medicaid APG. ",1688.83,,,,,,,Case Rate,"100 Percent of Medicaid APG. ",13453,,,,,,,Case Rate,". MPL 100/75/50% all add ons apply, and lesser of 100% of billed charges",25798,,,,,,,Case Rate,". MPL 100/75/50% all add ons apply, and lesser of 100% of billed charges",900.71,,,,,,,Case Rate,"120 Percent of Medicaid APG. Not APG payable, or payable under another fee schedule like ASP/AWP pays at 30% of charges",900.71,,,,,,,Case Rate,"120 Percent of Medicaid APG. Not APG payable, or payable under another fee schedule like ASP/AWP pays at 30% of charges",750.59,,,,,,,Case Rate,"100 Percent of Medicaid APG. Not APG payable, or payable under another fee schedule like ASP/AWP pays at 30% of charges",750.59,,,,,,,Case Rate,"100 Percent of Medicaid APG. Not APG payable, or payable under another fee schedule like ASP/AWP pays at 30% of charges",4100,,,,,,,Case Rate,". MPL 100/50/25% all add ons apply, and lesser of 100% of billed charges",4100,,,,,,,Case Rate,". MPL 100/50/25% all add ons apply, and lesser of 100% of billed charges",283.85,,,,,,,Case Rate,"100% Medicare OPPS FS. ",4100,,,,,,,Case Rate,". MPL 100/50/25% all add ons apply, and lesser of 100% of billed charges",4100,,,,,,,Case Rate,". MPL 100/50/25% all add ons apply, and lesser of 100% of billed charges",4100,,,,,,,Case Rate,". MPL 100/50/25% all add ons apply, and lesser of 100% of billed charges",4100,,,,,,,Case Rate,". MPL 100/50/25% all add ons apply, and lesser of 100% of billed charges",283.85,,,,,,,Case Rate,"100% Medicare OPPS FS. ",4100,,,,,,,Case Rate,". MPL 100/50/25% all add ons apply, and lesser of 100% of billed charges",4100,,,,,,,Case Rate,". MPL 100/50/25% all add ons apply, and lesser of 100% of billed charges",8442,,,,,,,Case Rate,". Primary procedure pays at 100%, secondary at 50%, all subsequent at 25%.  Lesser of applies when negotiated rates exceed charges less addons.",750.59,,,,,,,Fee Schedule,100% APG. Lesser of 100% of billed charges applies.,750.59,,,,,,,Case rate,124 Percent of Medicaid APG. Covered services not payable under Medicaid Fee Schedules default to a payment of 50 percent of charges.,1688.83,,,,,,,Case Rate,225% of NYS APG. Lesser of 100% of billed charges applies.,1688.83,,,,,,,Case Rate,225 Percent of Medicaid APG. Covered services not payable under Medicaid Fee Schedules default to a payment of 87.5 percent of charges.,750.59,,,,,,,Case rate,124 Percent of Medicaid APG. Covered services not payable under Medicaid Fee Schedules default to a payment of 50 percent of charges.,1688.83,,,,,,,Case Rate,225% of NYS APG. Lesser of 100% of billed charges applies.,1688.83,,,,,,,Case Rate,225% of NYS APG. Lesser of 100% of billed charges applies.,1688.83,,,,,,,Case Rate,225% of NYS APG. Lesser of 100% of billed charges applies.,1688.83,,,,,,,Case Rate,225% of NYS APG. Lesser of 100% of billed charges applies.,1688.83,,,,,,,Case Rate,225% of NYS APG. Lesser of 100% of billed charges applies.,1688.83,,,,,,,Case Rate,225% of NYS APG. Lesser of 100% of billed charges applies.,,,,,,,,,"NA. ",,,,,,,,,"NA. ",,,,,,,,,"NA. ",6487,,,,,,,Case Rate,". MPL 100/50/25% maxmium of 3 procedures. All add ons apply, and lesser of 100% of billed charges",,,,,,,,,"NA. ",283.85,,,,,,,Case Rate,"100% Medicare OPPS FS. ",5941,,,,,,,Case Rate,". MPL 1st 100% of Payment Rate 50% of all others, all add ons apply, and lesser of 100% of billed charges.",283.85,,,,,,,Case Rate,"100% Medicare OPPS FS. ",283.85,,,,,,,Case Rate,"100% Medicare OPPS FS. ",900.71,,,,,,,Case Rate,"120 Percent of Medicaid APG. Not APG payable, or payable under another fee schedule like ASP/AWP pays at 30% of charges",900.71,,,,,,,Case Rate,"120 Percent of Medicaid APG. Not APG payable, or payable under another fee schedule like ASP/AWP pays at 30% of charges",750.59,,,,,,,Case Rate,"100 Percent of Medicaid APG. Not APG payable, or payable under another fee schedule like ASP/AWP pays at 30% of charges",750.59,,,,,,,Case Rate,"100 Percent of Medicaid APG. Not APG payable, or payable under another fee schedule like ASP/AWP pays at 30% of charges",750.59,,,,,,,Case Rate,"100 Percent of Medicaid APG. ",7163,,,,,,,Case Rate,". ",8442,,,,,,,Case Rate,". Primary procedure pays at 100%, secondary at 50%, all subsequent at 25%.  Lesser of applies when negotiated rates exceed charges less addons.",8427,,,,,,,Case Rate,". Primary procedure pays at 100%, all subsequent at 50%.",6487,,,,,,,Case Rate,". MPL 100/50/25% maxmium of 3 procedures. All add ons apply, and lesser of 100% of billed charges",283.85,,,,,,,Case Rate,"100%Medicare OPPS FS. ",283.85,,,,,,,Case Rate,"100% Medicare OPPS FS. ",283.85,,,,,,,Case Rate,"100% Medicare OPPS FS. ",283.85,,,,,,,Case Rate,"100% Medicare OPPS FS. ",283.85,,,,,,,Case Rate,"100%Medicare OPPS FS. ",283.85,,,,,,,Case Rate,"100% Medicare OPPS FS. ",,,,,,,,,"NA. ",1688.83,,,,,,,Case Rate,225% of NYS APG. Lesser of 100% of billed charges applies.,132.04,,,,,,,Case Rate,100% of PAS. Lesser of 100% of billed charges applies.,4100,,,,,,,Case Rate,". MPL 100/50/25% all add ons apply, and lesser of 100% of billed charges",7163,,,,,,,Case Rate,". ",7163,,,,,,,Case Rate,". ",7163,,,,,,,Case Rate,". ",7163,,,,,,,Case Rate,". ",283.85,,,,,,,Case Rate,"100% Medicare OPPS FS. ",750.59,,,,,,,Case Rate,"100 Percent of Medicaid APG. ",4100,,,,,,,Case Rate,". MPL 100/50/25% all add ons apply, and lesser of 100% of billed charges",750.59,,,,,,,Case Rate,"100 Percent of Medicaid APG. ",283.85,,,,,,,Case Rate,"100% Medicare OPPS FS. ",750.59,,,,,,,Case Rate,"100 Percent of Medicaid APG. ",283.85,,,,,,,Case Rate,"100% Medicare OPPS FS. ",283.85,,,,,,,Case Rate,"100% Medicare OPPS FS. ",750.59,,,,,,,Case Rate,"100 Percent of Medicaid APG. ",750.59,,,,,,,Case Rate,"100 Percent of Medicaid APG. ",7163,,,,,,,Case Rate,". ",6487,,,,,,,Case Rate,". MPL 100/50/25% maxmium of 3 procedures. All add ons apply, and lesser of 100% of billed charges",,78,,,,,0,percent of total billed charges,78% of Billed Charges. Lesser of 100% of billed charges applies.; No services were performed during the 15 month look back period.,4923.38,,,,,,,Case Rate,". MPL 100/50/25% all add ons apply, and lesser of 100% of billed charges",4923.38,,,,,,,Case Rate,". MPL 100/50/25% all add ons apply, and lesser of 100% of billed charges",8442,,,,,,,Case Rate,". Primary procedure pays at 100%, secondary at 50%, all subsequent at 25%.  Lesser of applies when negotiated rates exceed charges less addons.",283.85,,,,,,,Case Rate,"83% HF Fee schedule. ",12574,,,,,,,Case Rate,". Primary procedure pays at 100%, all subsequent at 50%.",12574,,,,,,,Case Rate,". Primary procedure pays at 100%, all subsequent at 50%.",3280,,,,,,,Case Rate,". MPL 100/50/25% all add ons apply, and lesser of 100% of billed charges",3280,,,,,,,Case Rate,". MPL 100/50/25% all add ons apply, and lesser of 100% of billed charges",283.85,,,,,,,Case Rate,"100% Medicare OPPS FS. ",283.85,,,,,,,Case Rate,"100% Medicare OPPS FS. ",283.85,,,,,,,Case Rate,"100% Medicare OPPS FS. ",283.85,,,,,,,Case Rate,"100% Medicare OPPS FS. ",4923.38,,,,,,,Case Rate,". MPL 100/50/25% all add ons apply, and lesser of 100% of billed charges",4100,,,,,,,Case Rate,". MPL 100/50/25% all add ons apply, and lesser of 100% of billed charges",4100,,,,,,,Case Rate,". MPL 100/50/25% all add ons apply, and lesser of 100% of billed charges",283.85,,,,,,,Case Rate,"100% Medicare OPPS FS. ",3280,,,,,,,Case Rate,". MPL 100/50/25% all add ons apply, and lesser of 100% of billed charges",8427,,,,,,,Case Rate,". Primary procedure pays at 100%, all subsequent at 50%.",900.71,,,,,,,Fee Schedule,"120 Percent of Medicaid APG. ",750.59,,,,,,,Case Rate,"100 Percent of Medicaid APG. ",7163,,,,,,,Case Rate,". ",3690,,,,,,,Case Rate,". MPL 100/50/25% all add ons apply, and lesser of 100% of billed charges",3690,,,,,,,Case Rate,". MPL 100/50/25% all add ons apply, and lesser of 100% of billed charges",4100,,,,,,,Case Rate,". MPL 100/50/25% all add ons apply, and lesser of 100% of billed charges",14948,,,,,,,Case Rate,". MPL 100/75/50% all add ons apply, and lesser of 100% of billed charges",283.85,,,,,,,Case Rate,"100%Medicare OPPS FS. ",788.12,,,,,,,Fee Schedule,105 percent of Medicaid APG. otherwise 105% of Ordered NYS MCD FS or 105% of ASP+6%,788.12,,,,,,,Fee Schedule,105 percent of Medicaid APG. otherwise 105% of Ordered NYS MCD FS or 105% of ASP+6%,788.12,,,,,,,Fee Schedule,105 percent of Medicaid APG. otherwise 105% of Ordered NYS MCD FS or 105% of ASP+6%,1013.3,,,,,,,Fee Schedule,135 percent of Medicaid APG. otherwise 135% of Ordered NYS MCD FS or 135% of ASP+6%,4923.38,,,,,,,Case Rate,". MPL 100/50/25% all add ons apply, and lesser of 100% of billed charges",788.12,,,,,,,Fee Schedule,105 percent of Medicaid APG. otherwise 105% of Ordered NYS MCD FS or 105% of ASP+6%,788.12,,,,,,,Fee Schedule,105 percent of Medicaid APG. otherwise 105% of Ordered NYS MCD FS or 105% of ASP+6%,788.12,,,,,,,Fee Schedule,105 percent of Medicaid APG. otherwise 105% of Ordered NYS MCD FS or 105% of ASP+6%,788.12,,,,,,,Fee Schedule,105 percent of Medicaid APG. otherwise 105% of Ordered NYS MCD FS or 105% of ASP+6%,788.12,,,,,,,Fee Schedule,105 percent of Medicaid APG. otherwise 105% of Ordered NYS MCD FS or 105% of ASP+6%,1013.3,,,,,,,Fee Schedule,135 percent of Medicaid APG. otherwise 135% of Ordered NYS MCD FS or 135% of ASP+6%,1013.3,,,,,,,Fee Schedule,135 percent of Medicaid APG. otherwise 135% of Ordered NYS MCD FS or 135% of ASP+6%,283.85,,,,,,,Case Rate,"100% Medicare OPPS FS. ",4923.38,,,,,,,Case Rate,". MPL 100/50/25% all add ons apply, and lesser of 100% of billed charges",283.85,,,,,,,Case Rate,"100% Medicare OPPS FS. ",788.12,,,,,,,Fee Schedule,105 percent of Medicaid APG. otherwise 105% of Ordered NYS MCD FS or 105% of ASP+6%,4100,,,,,,,Case Rate,". MPL 100/50/25% all add ons apply, and lesser of 100% of billed charges",283.85,,,,,,,Case Rate,"100% Medicare OPPS FS. ",4100,,,,,,,Case Rate,". MPL 100/50/25% all add ons apply, and lesser of 100% of billed charges",4100,,,,,,,Case Rate,". MPL 100/50/25% all add ons apply, and lesser of 100% of billed charges",4100,,,,,,,Case Rate,". MPL 100/50/25% all add ons apply, and lesser of 100% of billed charges",788.12,,,,,,,Fee Schedule,105 percent of Medicaid APG. otherwise 105% of Ordered NYS MCD FS or 105% of ASP+6%,283.85,,,,,,,Case Rate,"100% Medicare OPPS FS. ",4100,,,,,,,Case Rate,". MPL 100/50/25% all add ons apply, and lesser of 100% of billed charges",1013.3,,,,,,,Fee Schedule,135 percent of Medicaid APG. otherwise 135% of Ordered NYS MCD FS or 135% of ASP+6%,4100,,,,,,,Case Rate,". MPL 100/50/25% all add ons apply, and lesser of 100% of billed charges",,200,,,,,0,Case Rate,200% of Medicare OPPS. ; No services were performed during the 15 month look back period.,283.85,,,,,,,Case Rate,"100%Medicare OPPS FS. ",7163,,,,,,,Case Rate,". ",7163,,,,,,,Case Rate,". ",7163,,,,,,,Case Rate,". ",7163,,,,,,,Case Rate,". ",7163,,,,,,,Case Rate,". ",8427,,,,,,,Case Rate,". Primary procedure pays at 100%, all subsequent at 50%.",8427,,,,,,,Case Rate,". Primary procedure pays at 100%, all subsequent at 50%.",7163,,,,,,,Case Rate,". ",7163,,,,,,,Case Rate,". ",7163,,,,,,,Case Rate,". ",7163,,,,,,,Case Rate,". ",7163,,,,,,,Case Rate,". ",283.85,,,,,,,Case Rate,"100% Medicare OPPS FS. ",8427,,,,,,,Case Rate,". Primary procedure pays at 100%, all subsequent at 50%.",283.85,,,,,,,Case Rate,"100% Medicare OPPS FS. ",1688.83,,,,,,,Case Rate,"225 Percent of Medicaid APG. If not included in Medicaid APG, then 100 Percent of Manhattan Medicare",750.59,,,,,,,Case Rate,"100 Percent of Medicaid APG. ",4923.38,,,,,,,Case Rate,". MPL 100/50/25% all add ons apply, and lesser of 100% of billed charges",4923.38,,,,,,,Case Rate,". MPL 100/50/25% all add ons apply, and lesser of 100% of billed charges",283.85,,,,,,,Case Rate,"100% Medicare OPPS FS. ",12574,,,,,,,Case Rate,". Primary procedure pays at 100%, all subsequent at 50%.",283.85,,,,,,,Case Rate,"100% Medicare OPPS FS. ",283.85,,,,,,,Case Rate,"100% Medicare OPPS FS. ",8442,,,,,,,Case Rate,". Primary procedure pays at 100%, secondary at 50%, all subsequent at 25%.  Lesser of applies when negotiated rates exceed charges less addons.",283.85,,,,,,,Case Rate,"100% Medicare OPPS FS. ",6487,,,,,,,Case Rate,". MPL 100/50/25% maxmium of 3 procedures. All add ons apply, and lesser of 100% of billed charges",283.85,,,,,,,Case Rate,"100% Medicare OPPS FS. ",6487,,,,,,,Case Rate,". MPL 100/50/25% maxmium of 3 procedures. All add ons apply, and lesser of 100% of billed charges",8442,,,,,,,Case Rate,". Primary procedure pays at 100%, secondary at 50%, all subsequent at 25%.  Lesser of applies when negotiated rates exceed charges less addons.",6487,,,,,,,Case Rate,". MPL 100/50/25% maxmium of 3 procedures. All add ons apply, and lesser of 100% of billed charges",283.85,,,,,,,Case Rate,"100% Medicare OPPS FS. ",750.59,,,,,,,Case Rate,"100 Percent of Medicaid APG. ",283.85,,,,,,,Case Rate,"100% Medicare OPPS FS. ",6487,,,,,,,Case Rate,". MPL 100/50/25% maxmium of 3 procedures. All add ons apply, and lesser of 100% of billed charges",4923.38,,,,,,,Case Rate,". MPL 100/50/25% all add ons apply, and lesser of 100% of billed charges",750.59,,,,,,,Case Rate,"100 Percent of Medicaid APG. ",4100,,,,,,,Case Rate,". MPL 100/50/25% all add ons apply, and lesser of 100% of billed charges",900.71,,,,,,,Fee Schedule,"120 Percent of Medicaid APG. ",900.71,,,,,,,Fee Schedule,"120 Percent of Medicaid APG. ",4100,,,,,,,Case Rate,". MPL 100/50/25% all add ons apply, and lesser of 100% of billed charges",4100,,,,,,,Case Rate,". MPL 100/50/25% all add ons apply, and lesser of 100% of billed charges",4100,,,,,,,Case Rate,". MPL 100/50/25% all add ons apply, and lesser of 100% of billed charges",4923.38,,,,,,,Case Rate,". MPL 100/50/25% all add ons apply, and lesser of 100% of billed charges",4100,,,,,,,Case Rate,". MPL 100/50/25% all add ons apply, and lesser of 100% of billed charges",4100,,,,,,,Case Rate,". MPL 100/50/25% all add ons apply, and lesser of 100% of billed charges",4100,,,,,,,Case Rate,". MPL 100/50/25% all add ons apply, and lesser of 100% of billed charges",7163,,,,,,,Case Rate,". ",7163,,,,,,,Case Rate,". ",562.02,,,,,,,Case Rate,198 Percent of Medicare OPPS. Metroplus will reimburse unlisted codes and described codes with no Medicare rate at 50 percent of charges.,750.59,,,,,,,Case Rate,"100 Percent of Medicaid APG. ",4923.38,,,,,,,Case Rate,". MPL 100/50/25% all add ons apply, and lesser of 100% of billed charges",6487,,,,,,,Case Rate,". MPL 100/50/25% maxmium of 3 procedures. All add ons apply, and lesser of 100% of billed charges",8442,,,,,,,Case Rate,". Primary procedure pays at 100%, secondary at 50%, all subsequent at 25%.  Lesser of applies when negotiated rates exceed charges less addons.",4923.38,,,,,,,Case Rate,". MPL 100/50/25% all add ons apply, and lesser of 100% of billed charges",8442,,,,,,,Case Rate,". Primary procedure pays at 100%, secondary at 50%, all subsequent at 25%.  Lesser of applies when negotiated rates exceed charges less addons.",4923.38,,,,,,,Case Rate,". MPL 100/50/25% all add ons apply, and lesser of 100% of billed charges",4100,,,,,,,Case Rate,". MPL 100/50/25% all add ons apply, and lesser of 100% of billed charges",4100,,,,,,,Case Rate,". MPL 100/50/25% all add ons apply, and lesser of 100% of billed charges",4100,,,,,,,Case Rate,". MPL 100/50/25% all add ons apply, and lesser of 100% of billed charges",4100,,,,,,,Case Rate,". MPL 100/50/25% all add ons apply, and lesser of 100% of billed charges",283.85,,,,,,,Case Rate,"100% Medicare OPPS FS. ",132.04,25798,
26746,CPT,2027380,LOCAL,361,RC,HC TREAT FINGER FRACTURE MCP/IP JOINT EACH,10460.97,1987.5843,both,,,,9740,,,,,,,Case Rate,". MPL 1st 100% of Payment Rate 50% of all others, all add ons apply, and lesser of 100% of billed charges.",9740,,,,,,,Case Rate,". MPL 1st 100% of Payment Rate 50% of all others, all add ons apply, and lesser of 100% of billed charges.",12266,,,,,,,Case Rate,". Primary procedure pays at 100%, secondary at 50%, all subsequent at 25%.  Lesser of applies when negotiated rates exceed charges less addons.",10460.97,100,,,,,0,percent of total billed charges,100 percent of billed charges. ; No services were performed during the 15 month look back period.,3839.35,,,,,,,Case Rate,"100% Medicare OPPS FS. ",12266,,,,,,,Case Rate,". Primary procedure pays at 100%, secondary at 50%, all subsequent at 25%.  Lesser of applies when negotiated rates exceed charges less addons.",12266,,,,,,,Case Rate,". Primary procedure pays at 100%, secondary at 50%, all subsequent at 25%.  Lesser of applies when negotiated rates exceed charges less addons.",12266,,,,,,,Case Rate,". Primary procedure pays at 100%, secondary at 50%, all subsequent at 25%.  Lesser of applies when negotiated rates exceed charges less addons.",4631.67,,,,,,,Case Rate,"100 Percent of Medicaid APG. ",3859.73,,,,,,,Case Rate,"100 Percent of Medicaid APG. ",8159.5566,78,,,,,0,percent of total billed charges,78% of Billed Charges. Lesser of 100% of billed charges applies.; No services were performed during the 15 month look back period.,9024.56,,,,,,,Case Rate,". MPL 100/50/25% all add ons apply, and lesser of 100% of billed charges",3859.73,,,,,,,Case Rate,"100 Percent of Medicaid APG. ",3839.35,,,,,,,Case Rate,"100% Medicare OPPS FS. ",6487,,,,,,,Case Rate,". MPL 100/50/25% maxmium of 3 procedures. All add ons apply, and lesser of 100% of billed charges",6487,,,,,,,Case Rate,". MPL 100/50/25% maxmium of 3 procedures. All add ons apply, and lesser of 100% of billed charges",6487,,,,,,,Case Rate,". MPL 100/50/25% maxmium of 3 procedures. All add ons apply, and lesser of 100% of billed charges",6487,,,,,,,Case Rate,". MPL 100/50/25% maxmium of 3 procedures. All add ons apply, and lesser of 100% of billed charges",3859.73,,,,,,,Case rate,124 Percent of Medicaid APG. Covered services not payable under Medicaid Fee Schedules default to a payment of 50 percent of charges.,3839.35,,,,,,,Case Rate,"100% Medicare OPPS FS. ",3859.73,,,,,,,Case rate,124 Percent of Medicaid APG. Covered services not payable under Medicaid Fee Schedules default to a payment of 50 percent of charges.,8159.5566,78,,,,,0,percent of total billed charges,78% of Billed Charges. Lesser of 100% of billed charges applies.; No services were performed during the 15 month look back period.,12266,,,,,,,Case Rate,". Primary procedure pays at 100%, secondary at 50%, all subsequent at 25%.  Lesser of applies when negotiated rates exceed charges less addons.",3839.35,,,,,,,Case Rate,"100%Medicare OPPS FS. ",8427,,,,,,,Case Rate,". Primary procedure pays at 100%, all subsequent at 50%.",3839.35,,,,,,,Case Rate,"100%Medicare OPPS FS. ",3839.35,,,,,,,Case Rate,"100%Medicare OPPS FS. ",8159.5566,78,,,,,0,percent of total billed charges,78% of Billed Charges. Lesser of 100% of billed charges applies.; No services were performed during the 15 month look back period.,1431.23,,,,,,,Case Rate,100% of PAS. Lesser of 100% of billed charges applies.,1431.23,,,,,,,Case Rate,100% of PAS. Lesser of 100% of billed charges applies.,3859.73,,,,,,,Case rate,"100 Percent of Medicaid APG. ",3859.73,,,,,,,Case rate,"100 Percent of Medicaid APG. ",8427,,,,,,,Case Rate,". Primary procedure pays at 100%, all subsequent at 50%.",8427,,,,,,,Case Rate,". Primary procedure pays at 100%, all subsequent at 50%.",3859.73,,,,,,,Case Rate,"100 Percent of Medicaid APG. Not APG payable, or payable under another fee schedule like ASP/AWP pays at 30% of charges",8427,,,,,,,Case Rate,". Primary procedure pays at 100%, all subsequent at 50%.",3859.73,,,,,,,Case Rate,"100 Percent of Medicaid APG. Not APG payable, or payable under another fee schedule like ASP/AWP pays at 30% of charges",3839.35,,,,,,,Case Rate,"100%Medicare OPPS FS. ",8427,,,,,,,Case Rate,". Primary procedure pays at 100%, all subsequent at 50%.",8159.5566,78,,,,,0,percent of total billed charges,78% of Billed Charges. Lesser of 100% of billed charges applies.; No services were performed during the 15 month look back period.,3859.73,,,,,,,Case Rate,"100 Percent of Medicaid APG. ",3859.73,,,,,,,Case Rate,"100 Percent of Medicaid APG. ",8159.5566,78,,,,,0,percent of total billed charges,78% of Billed Charges. Lesser of 100% of billed charges applies.; No services were performed during the 15 month look back period.,6487,,,,,,,Case Rate,". MPL 100/50/25% maxmium of 3 procedures. All add ons apply, and lesser of 100% of billed charges",7929,,,,,,,Case Rate,". MPL 100/50/25% all add ons apply, and lesser of 100% of billed charges",7929,,,,,,,Case Rate,". MPL 100/50/25% all add ons apply, and lesser of 100% of billed charges",8159.5566,78,,,,,0,percent of total billed charges,78% of Billed Charges. Lesser of 100% of billed charges applies.; No services were performed during the 15 month look back period.,3839.35,,,,,,,Case Rate,"100% Medicare OPPS FS. ",9024.56,,,,,,,Case Rate,". MPL 100/50/25% all add ons apply, and lesser of 100% of billed charges",9024.56,,,,,,,Case Rate,". MPL 100/50/25% all add ons apply, and lesser of 100% of billed charges",9024.56,,,,,,,Case Rate,". MPL 100/50/25% all add ons apply, and lesser of 100% of billed charges",3839.35,,,,,,,Case Rate,"100% Medicare OPPS FS. ",9024.56,,,,,,,Case Rate,". MPL 100/50/25% all add ons apply, and lesser of 100% of billed charges",9024.56,,,,,,,Case Rate,". MPL 100/50/25% all add ons apply, and lesser of 100% of billed charges",3839.35,,,,,,,Case Rate,"100% of Medicare OPPS. ",25798,,,,,,,Case Rate,". MPL 100/75/50% all add ons apply, and lesser of 100% of billed charges",13586,,,,,,,Case Rate,". MPL 100/50/25% all add ons apply, and lesser of 100% of billed charges",13586,,,,,,,Case Rate,". MPL 100/50/25% all add ons apply, and lesser of 100% of billed charges",13586,,,,,,,Case Rate,". MPL 100/50/25% all add ons apply, and lesser of 100% of billed charges",13586,,,,,,,Case Rate,". MPL 100/50/25% all add ons apply, and lesser of 100% of billed charges",13586,,,,,,,Case Rate,". MPL 100/50/25% all add ons apply, and lesser of 100% of billed charges",13586,,,,,,,Case Rate,". MPL 100/50/25% all add ons apply, and lesser of 100% of billed charges",3839.35,,,,,,,Case Rate,"100% Medicare OPPS FS. ",3839.35,,,,,,,Case Rate,"100% Medicare OPPS FS. ",13586,,,,,,,Case Rate,". MPL 100/50/25% all add ons apply, and lesser of 100% of billed charges",8159.5566,78,,,,,0,percent of total billed charges,78% of Billed Charges. Lesser of 100% of billed charges applies.; No services were performed during the 15 month look back period.,8159.5566,78,,,,,0,percent of total billed charges,78% of Billed Charges. Lesser of 100% of billed charges applies.; No services were performed during the 15 month look back period.,8159.5566,78,,,,,0,percent of total billed charges,78% of Billed Charges. Lesser of 100% of billed charges applies.; No services were performed during the 15 month look back period.,8159.5566,78,,,,,0,percent of total billed charges,78% of Billed Charges. Lesser of 100% of billed charges applies.; No services were performed during the 15 month look back period.,8159.5566,78,,,,,0,percent of total billed charges,78% of Billed Charges. Lesser of 100% of billed charges applies.; No services were performed during the 15 month look back period.,8159.5566,78,,,,,0,percent of total billed charges,78% of Billed Charges. Lesser of 100% of billed charges applies.; No services were performed during the 15 month look back period.,8159.5566,78,,,,,0,percent of total billed charges,78% of Billed Charges. Lesser of 100% of billed charges applies.; No services were performed during the 15 month look back period.,8159.5566,78,,,,,0,percent of total billed charges,78% of Billed Charges. Lesser of 100% of billed charges applies.; No services were performed during the 15 month look back period.,8159.5566,78,,,,,0,percent of total billed charges,78% of Billed Charges. Lesser of 100% of billed charges applies.; No services were performed during the 15 month look back period.,8159.5566,78,,,,,0,percent of total billed charges,78% of Billed Charges. Lesser of 100% of billed charges applies.; No services were performed during the 15 month look back period.,8159.5566,78,,,,,0,percent of total billed charges,78% of Billed Charges. Lesser of 100% of billed charges applies.; No services were performed during the 15 month look back period.,8159.5566,78,,,,,0,percent of total billed charges,78% of Billed Charges. Lesser of 100% of billed charges applies.; No services were performed during the 15 month look back period.,8159.5566,78,,,,,0,percent of total billed charges,78% of Billed Charges. Lesser of 100% of billed charges applies.; No services were performed during the 15 month look back period.,8159.5566,78,,,,,0,percent of total billed charges,78% of Billed Charges. Lesser of 100% of billed charges applies.; No services were performed during the 15 month look back period.,8159.5566,78,,,,,0,percent of total billed charges,78% of Billed Charges. Lesser of 100% of billed charges applies.; No services were performed during the 15 month look back period.,8159.5566,78,,,,,0,percent of total billed charges,78% of Billed Charges. Lesser of 100% of billed charges applies.; No services were performed during the 15 month look back period.,8159.5566,78,,,,,0,percent of total billed charges,78% of Billed Charges. Lesser of 100% of billed charges applies.; No services were performed during the 15 month look back period.,8159.5566,78,,,,,0,percent of total billed charges,78% of Billed Charges. Lesser of 100% of billed charges applies.; No services were performed during the 15 month look back period.,8159.5566,78,,,,,0,percent of total billed charges,78% of Billed Charges. Lesser of 100% of billed charges applies.; No services were performed during the 15 month look back period.,8159.5566,78,,,,,0,percent of total billed charges,78% of Billed Charges. Lesser of 100% of billed charges applies.; No services were performed during the 15 month look back period.,8159.5566,78,,,,,0,percent of total billed charges,78% of Billed Charges. Lesser of 100% of billed charges applies.; No services were performed during the 15 month look back period.,8159.5566,78,,,,,0,percent of total billed charges,78% of Billed Charges. Lesser of 100% of billed charges applies.; No services were performed during the 15 month look back period.,8159.5566,78,,,,,0,percent of total billed charges,78% of Billed Charges. Lesser of 100% of billed charges applies.; No services were performed during the 15 month look back period.,8159.5566,78,,,,,0,percent of total billed charges,78% of Billed Charges. Lesser of 100% of billed charges applies.; No services were performed during the 15 month look back period.,8159.5566,78,,,,,0,percent of total billed charges,78% of Billed Charges. Lesser of 100% of billed charges applies.; No services were performed during the 15 month look back period.,8159.5566,78,,,,,0,percent of total billed charges,78% of Billed Charges. Lesser of 100% of billed charges applies.; No services were performed during the 15 month look back period.,8427,,,,,,,Case Rate,". Primary procedure pays at 100%, all subsequent at 50%.",8427,,,,,,,Case Rate,". Primary procedure pays at 100%, all subsequent at 50%.",8427,,,,,,,Case Rate,". Primary procedure pays at 100%, all subsequent at 50%.",8427,,,,,,,Case Rate,". Primary procedure pays at 100%, all subsequent at 50%.",12574,,,,,,,Case Rate,". Primary procedure pays at 100%, all subsequent at 50%.",12574,,,,,,,Case Rate,". Primary procedure pays at 100%, all subsequent at 50%.",6487,,,,,,,Case Rate,". MPL 100/50/25% maxmium of 3 procedures. All add ons apply, and lesser of 100% of billed charges",13586,,,,,,,Case Rate,". MPL 100/50/25% all add ons apply, and lesser of 100% of billed charges",9024.56,,,,,,,Case Rate,". MPL 100/50/25% all add ons apply, and lesser of 100% of billed charges",13586,,,,,,,Case Rate,". MPL 100/50/25% all add ons apply, and lesser of 100% of billed charges",8159.5566,78,,,,,0,percent of total billed charges,78% of Billed Charges. Lesser of 100% of billed charges applies.; No services were performed during the 15 month look back period.,12574,,,,,,,Case Rate,". Primary procedure pays at 100%, all subsequent at 50%.",13586,,,,,,,Case Rate,". MPL 100/50/25% all add ons apply, and lesser of 100% of billed charges",9024.56,,,,,,,Case Rate,". MPL 100/50/25% all add ons apply, and lesser of 100% of billed charges",6487,,,,,,,Case Rate,". MPL 100/50/25% maxmium of 3 procedures. All add ons apply, and lesser of 100% of billed charges",,,,,,,,,"NA. ",8159.5566,78,,,,,0,percent of total billed charges,78% of Billed Charges. Lesser of 100% of billed charges applies.; No services were performed during the 15 month look back period.,3859.73,,,,,,,Case Rate,"100 Percent of Medicaid APG. ",8427,,,,,,,Case Rate,". Primary procedure pays at 100%, all subsequent at 50%.",3859.73,,,,,,,Case Rate,"100 Percent of Medicaid APG. Not APG payable, or payable under another fee schedule like ASP/AWP pays at 30% of charges",3839.35,,,,,,,Case Rate,"100%Medicare OPPS FS. ",3839.35,,,,,,,Case Rate,"100% Medicare OPPS FS. ",25798,,,,,,,Case Rate,". MPL 100/75/50% all add ons apply, and lesser of 100% of billed charges",3839.35,,,,,,,Case Rate,"100% Medicare OPPS FS. ",3839.35,,,,,,,Case Rate,"100% Medicare OPPS FS. ",3859.73,,,,,,,Case Rate,"100 Percent of Medicaid APG. ",3839.35,,,,,,,Case Rate,"100% Medicare OPPS FS. ",3839.35,,,,,,,Case Rate,"100% Medicare OPPS FS. ",12266,,,,,,,Case Rate,". Primary procedure pays at 100%, secondary at 50%, all subsequent at 25%.  Lesser of applies when negotiated rates exceed charges less addons.",12266,,,,,,,Case Rate,". Primary procedure pays at 100%, secondary at 50%, all subsequent at 25%.  Lesser of applies when negotiated rates exceed charges less addons.",3839.35,,,,,,,Case Rate,"100% Medicare OPPS FS. ",6487,,,,,,,Case Rate,". MPL 100/50/25% maxmium of 3 procedures. All add ons apply, and lesser of 100% of billed charges",9024.56,,,,,,,Case Rate,". MPL 100/50/25% all add ons apply, and lesser of 100% of billed charges",9024.56,,,,,,,Case Rate,". MPL 100/50/25% all add ons apply, and lesser of 100% of billed charges",3839.35,,,,,,,Case Rate,"100% Medicare OPPS FS. ",6487,,,,,,,Case Rate,". MPL 100/50/25% maxmium of 3 procedures. All add ons apply, and lesser of 100% of billed charges",12266,,,,,,,Case Rate,". Primary procedure pays at 100%, secondary at 50%, all subsequent at 25%.  Lesser of applies when negotiated rates exceed charges less addons.",12266,,,,,,,Case Rate,". Primary procedure pays at 100%, secondary at 50%, all subsequent at 25%.  Lesser of applies when negotiated rates exceed charges less addons.",12266,,,,,,,Case Rate,". Primary procedure pays at 100%, secondary at 50%, all subsequent at 25%.  Lesser of applies when negotiated rates exceed charges less addons.",8159.5566,78,,,,,0,percent of total billed charges,78% of Billed Charges. Lesser of 100% of billed charges applies.; No services were performed during the 15 month look back period.,8159.5566,78,,,,,0,percent of total billed charges,78% of Billed Charges. Lesser of 100% of billed charges applies.; No services were performed during the 15 month look back period.,8159.5566,78,,,,,0,percent of total billed charges,78% of Billed Charges. Lesser of 100% of billed charges applies.; No services were performed during the 15 month look back period.,8159.5566,78,,,,,0,percent of total billed charges,78% of Billed Charges. Lesser of 100% of billed charges applies.; No services were performed during the 15 month look back period.,8159.5566,78,,,,,0,percent of total billed charges,78% of Billed Charges. Lesser of 100% of billed charges applies.; No services were performed during the 15 month look back period.,8159.5566,78,,,,,0,percent of total billed charges,78% of Billed Charges. Lesser of 100% of billed charges applies.; No services were performed during the 15 month look back period.,8159.5566,78,,,,,0,percent of total billed charges,78% of Billed Charges. Lesser of 100% of billed charges applies.; No services were performed during the 15 month look back period.,8159.5566,78,,,,,0,percent of total billed charges,78% of Billed Charges. Lesser of 100% of billed charges applies.; No services were performed during the 15 month look back period.,8159.5566,78,,,,,0,percent of total billed charges,78% of Billed Charges. Lesser of 100% of billed charges applies.; No services were performed during the 15 month look back period.,8159.5566,78,,,,,0,percent of total billed charges,78% of Billed Charges. Lesser of 100% of billed charges applies.; No services were performed during the 15 month look back period.,8159.5566,78,,,,,0,percent of total billed charges,78% of Billed Charges. Lesser of 100% of billed charges applies.; No services were performed during the 15 month look back period.,12574,,,,,,,Case Rate,". Primary procedure pays at 100%, all subsequent at 50%.",13586,,,,,,,Case Rate,". MPL 100/50/25% all add ons apply, and lesser of 100% of billed charges",6487,,,,,,,Case Rate,". MPL 100/50/25% maxmium of 3 procedures. All add ons apply, and lesser of 100% of billed charges",3839.35,,,,,,,Case Rate,"100% Medicare OPPS FS. ",12266,,,,,,,Case Rate,". Primary procedure pays at 100%, secondary at 50%, all subsequent at 25%.  Lesser of applies when negotiated rates exceed charges less addons.",6487,,,,,,,Case Rate,". MPL 100/50/25% maxmium of 3 procedures. All add ons apply, and lesser of 100% of billed charges",6487,,,,,,,Case Rate,". MPL 100/50/25% maxmium of 3 procedures. All add ons apply, and lesser of 100% of billed charges",8159.5566,78,,,,,0,percent of total billed charges,78% of Billed Charges. Lesser of 100% of billed charges applies.; No services were performed during the 15 month look back period.,8259.81,,,,,,,Case Rate,"214 Percent of Medicaid APG. Drugs not priced under APG, billed with revenue code 636 and not priced by Medicare ASP FeeSched will be reimbursed at 20% of charges.",6487,,,,,,,Case Rate,". MPL 100/50/25% maxmium of 3 procedures. All add ons apply, and lesser of 100% of billed charges",3859.73,,,,,,,Case Rate,"100 Percent of Medicaid APG. ",3839.35,,,,,,,Case Rate,"100% Medicare OPPS FS. ",3839.35,,,,,,,Case Rate,"100% Medicare OPPS FS. ",3839.35,,,,,,,Case Rate,"100% Medicare OPPS FS. ",3839.35,,,,,,,Case Rate,"100% Medicare OPPS FS. ",3839.35,,,,,,,Case Rate,"100% Medicare OPPS FS. ",3839.35,,,,,,,Case Rate,"100% Medicare OPPS FS. ",6487,,,,,,,Case Rate,". MPL 100/50/25% maxmium of 3 procedures. All add ons apply, and lesser of 100% of billed charges",25798,,,,,,,Case Rate,". MPL 100/75/50% all add ons apply, and lesser of 100% of billed charges",6947.51,,,,,,,Fee Schedule,"180 Percent of Medicaid APG. ",6947.51,,,,,,,Fee Schedule,"180 Percent of Medicaid APG. ",6947.51,,,,,,,Fee Schedule,"180 Percent of Medicaid APG. ",6947.51,,,,,,,Fee Schedule,"180 Percent of Medicaid APG. ",6947.51,,,,,,,Fee Schedule,"180 Percent of Medicaid APG. ",,,,,,,,,"NA. ",25798,,,,,,,Case Rate,". MPL 100/75/50% all add ons apply, and lesser of 100% of billed charges",7601.91,,,,,,,Case Rate,198 Percent of Medicare OPPS. Metroplus will reimburse unlisted codes and described codes with no Medicare rate at 50 percent of charges.,7601.91,,,,,,,Case Rate,198 Percent of Medicare OPPS. Metroplus will reimburse unlisted codes and described codes with no Medicare rate at 50 percent of charges.,7601.91,,,,,,,Case Rate,198 Percent of Medicare OPPS. Metroplus will reimburse unlisted codes and described codes with no Medicare rate at 50 percent of charges.,7601.91,,,,,,,Case Rate,198 Percent of Medicare OPPS. Metroplus will reimburse unlisted codes and described codes with no Medicare rate at 50 percent of charges.,7601.91,,,,,,,Case Rate,198 Percent of Medicare OPPS. Metroplus will reimburse unlisted codes and described codes with no Medicare rate at 50 percent of charges.,3839.35,,,,,,,Case Rate,"100% Medicare OPPS FS. ",12574,,,,,,,Case Rate,". Primary procedure pays at 100%, all subsequent at 50%.",12574,,,,,,,Case Rate,". Primary procedure pays at 100%, all subsequent at 50%.",12574,,,,,,,Case Rate,". Primary procedure pays at 100%, all subsequent at 50%.",12574,,,,,,,Case Rate,". Primary procedure pays at 100%, all subsequent at 50%.",12266,,,,,,,Case Rate,". Primary procedure pays at 100%, secondary at 50%, all subsequent at 25%.  Lesser of applies when negotiated rates exceed charges less addons.",12266,,,,,,,Case Rate,". Primary procedure pays at 100%, secondary at 50%, all subsequent at 25%.  Lesser of applies when negotiated rates exceed charges less addons.",12266,,,,,,,Case Rate,". Primary procedure pays at 100%, secondary at 50%, all subsequent at 25%.  Lesser of applies when negotiated rates exceed charges less addons.",12266,,,,,,,Case Rate,". Primary procedure pays at 100%, secondary at 50%, all subsequent at 25%.  Lesser of applies when negotiated rates exceed charges less addons.",25798,,,,,,,Case Rate,". MPL 100/75/50% all add ons apply, and lesser of 100% of billed charges",25798,,,,,,,Case Rate,". MPL 100/75/50% all add ons apply, and lesser of 100% of billed charges",3839.35,,,,,,,Case Rate,"100% Medicare OPPS FS. ",3839.35,,,,,,,Case Rate,"100% Medicare OPPS FS. ",3839.35,,,,,,,Case Rate,"100% Medicare OPPS FS. ",13586,,,,,,,Case Rate,". MPL 100/50/25% all add ons apply, and lesser of 100% of billed charges",13586,,,,,,,Case Rate,". MPL 100/50/25% all add ons apply, and lesser of 100% of billed charges",13586,,,,,,,Case Rate,". MPL 100/50/25% all add ons apply, and lesser of 100% of billed charges",25798,,,,,,,Case Rate,". MPL 100/75/50% all add ons apply, and lesser of 100% of billed charges",12266,,,,,,,Case Rate,". Primary procedure pays at 100%, secondary at 50%, all subsequent at 25%.  Lesser of applies when negotiated rates exceed charges less addons.",3839.35,,,,,,,Case Rate,"100% Medicare OPPS FS. ",13586,,,,,,,Case Rate,". MPL 100/50/25% all add ons apply, and lesser of 100% of billed charges",3859.73,,,,,,,Case Rate,"100 Percent of Medicaid APG. ",3916.13,,,,,,,Case Rate,"102% of Medicare OPPS. ",3916.13,,,,,,,Case Rate,"102% of Medicare OPPS. ",3916.13,,,,,,,Case Rate,"102% of Medicare OPPS. ",3859.73,,,,,,,Case rate,"100 Percent of Medicaid APG. ",8684.38,,,,,,,Case Rate,225% of NYS APG. Lesser of 100% of billed charges applies.,8684.38,,,,,,,Case Rate,225% of NYS APG. Lesser of 100% of billed charges applies.,8684.38,,,,,,,Case Rate,225% of NYS APG. Lesser of 100% of billed charges applies.,8684.38,,,,,,,Case Rate,225% of NYS APG. Lesser of 100% of billed charges applies.,8684.38,,,,,,,Case Rate,225% of NYS APG. Lesser of 100% of billed charges applies.,3916.13,,,,,,,Case Rate,"102% of Medicare OPPS. ",3859.73,,,,,,,Case Rate,"100 Percent of Medicaid APG. ",1431.23,,,,,,,Case Rate,100% of PAS. Lesser of 100% of billed charges applies.,8684.38,,,,,,,Case Rate,225% of NYS APG. Lesser of 100% of billed charges applies.,8684.38,,,,,,,Case Rate,225% of NYS APG. Lesser of 100% of billed charges applies.,1431.23,,,,,,,Case Rate,100% of PAS. Lesser of 100% of billed charges applies.,1431.23,,,,,,,Case Rate,100% of PAS. Lesser of 100% of billed charges applies.,6947.51,,,,,,,Fee Schedule,"180 Percent of Medicaid APG. ",3839.35,,,,,,,Case Rate,"100% Medicare OPPS FS. ",3839.35,,,,,,,Case Rate,"100% Medicare OPPS FS. ",12266,,,,,,,Case Rate,". Primary procedure pays at 100%, secondary at 50%, all subsequent at 25%.  Lesser of applies when negotiated rates exceed charges less addons.",3839.35,,,,,,,Case Rate,"100% Medicare OPPS FS. ",8684.38,,,,,,,Case Rate,"225 Percent of Medicaid APG. ",8684.38,,,,,,,Case Rate,"225 Percent of Medicaid APG. ",3859.73,,,,,,,Case rate,"100 Percent of Medicaid APG. ",3859.73,,,,,,,Case rate,"100 Percent of Medicaid APG. ",8684.38,,,,,,,Case Rate,225 Percent of Medicaid APG. Covered services not payable under Medicaid Fee Schedules default to a payment of 87.5 percent of charges.,3859.73,,,,,,,Case rate,124 Percent of Medicaid APG. Covered services not payable under Medicaid Fee Schedules default to a payment of 50 percent of charges.,8684.38,,,,,,,Case Rate,"100 Percent of Medicaid APG. ",8684.38,,,,,,,Case Rate,"100 Percent of Medicaid APG. ",8684.38,,,,,,,Case Rate,"100 Percent of Medicaid APG. ",8684.38,,,,,,,Case Rate,"100 Percent of Medicaid APG. ",13453,,,,,,,Case Rate,". MPL 100/75/50% all add ons apply, and lesser of 100% of billed charges",25798,,,,,,,Case Rate,". MPL 100/75/50% all add ons apply, and lesser of 100% of billed charges",4631.67,,,,,,,Case Rate,"120 Percent of Medicaid APG. Not APG payable, or payable under another fee schedule like ASP/AWP pays at 30% of charges",4631.67,,,,,,,Case Rate,"120 Percent of Medicaid APG. Not APG payable, or payable under another fee schedule like ASP/AWP pays at 30% of charges",3859.73,,,,,,,Case Rate,"100 Percent of Medicaid APG. Not APG payable, or payable under another fee schedule like ASP/AWP pays at 30% of charges",3859.73,,,,,,,Case Rate,"100 Percent of Medicaid APG. Not APG payable, or payable under another fee schedule like ASP/AWP pays at 30% of charges",13586,,,,,,,Case Rate,". MPL 100/50/25% all add ons apply, and lesser of 100% of billed charges",13586,,,,,,,Case Rate,". MPL 100/50/25% all add ons apply, and lesser of 100% of billed charges",3839.35,,,,,,,Case Rate,"100% Medicare OPPS FS. ",13586,,,,,,,Case Rate,". MPL 100/50/25% all add ons apply, and lesser of 100% of billed charges",13586,,,,,,,Case Rate,". MPL 100/50/25% all add ons apply, and lesser of 100% of billed charges",13586,,,,,,,Case Rate,". MPL 100/50/25% all add ons apply, and lesser of 100% of billed charges",13586,,,,,,,Case Rate,". MPL 100/50/25% all add ons apply, and lesser of 100% of billed charges",3839.35,,,,,,,Case Rate,"100% Medicare OPPS FS. ",13586,,,,,,,Case Rate,". MPL 100/50/25% all add ons apply, and lesser of 100% of billed charges",13586,,,,,,,Case Rate,". MPL 100/50/25% all add ons apply, and lesser of 100% of billed charges",12266,,,,,,,Case Rate,". Primary procedure pays at 100%, secondary at 50%, all subsequent at 25%.  Lesser of applies when negotiated rates exceed charges less addons.",3859.73,,,,,,,Fee Schedule,100% APG. Lesser of 100% of billed charges applies.,3859.73,,,,,,,Case rate,124 Percent of Medicaid APG. Covered services not payable under Medicaid Fee Schedules default to a payment of 50 percent of charges.,8684.38,,,,,,,Case Rate,225% of NYS APG. Lesser of 100% of billed charges applies.,8684.38,,,,,,,Case Rate,225 Percent of Medicaid APG. Covered services not payable under Medicaid Fee Schedules default to a payment of 87.5 percent of charges.,3859.73,,,,,,,Case rate,124 Percent of Medicaid APG. Covered services not payable under Medicaid Fee Schedules default to a payment of 50 percent of charges.,8684.38,,,,,,,Case Rate,225% of NYS APG. Lesser of 100% of billed charges applies.,8684.38,,,,,,,Case Rate,225% of NYS APG. Lesser of 100% of billed charges applies.,8684.38,,,,,,,Case Rate,225% of NYS APG. Lesser of 100% of billed charges applies.,8684.38,,,,,,,Case Rate,225% of NYS APG. Lesser of 100% of billed charges applies.,8684.38,,,,,,,Case Rate,225% of NYS APG. Lesser of 100% of billed charges applies.,8684.38,,,,,,,Case Rate,225% of NYS APG. Lesser of 100% of billed charges applies.,,,,,,,,,"NA. ",,,,,,,,,"NA. ",,,,,,,,,"NA. ",6487,,,,,,,Case Rate,". MPL 100/50/25% maxmium of 3 procedures. All add ons apply, and lesser of 100% of billed charges",,,,,,,,,"NA. ",3839.35,,,,,,,Case Rate,"100% Medicare OPPS FS. ",9740,,,,,,,Case Rate,". MPL 1st 100% of Payment Rate 50% of all others, all add ons apply, and lesser of 100% of billed charges.",3839.35,,,,,,,Case Rate,"100% Medicare OPPS FS. ",3839.35,,,,,,,Case Rate,"100% Medicare OPPS FS. ",4631.67,,,,,,,Case Rate,"120 Percent of Medicaid APG. Not APG payable, or payable under another fee schedule like ASP/AWP pays at 30% of charges",4631.67,,,,,,,Case Rate,"120 Percent of Medicaid APG. Not APG payable, or payable under another fee schedule like ASP/AWP pays at 30% of charges",3859.73,,,,,,,Case Rate,"100 Percent of Medicaid APG. Not APG payable, or payable under another fee schedule like ASP/AWP pays at 30% of charges",3859.73,,,,,,,Case Rate,"100 Percent of Medicaid APG. Not APG payable, or payable under another fee schedule like ASP/AWP pays at 30% of charges",3859.73,,,,,,,Case Rate,"100 Percent of Medicaid APG. ",7163,,,,,,,Case Rate,". ",12266,,,,,,,Case Rate,". Primary procedure pays at 100%, secondary at 50%, all subsequent at 25%.  Lesser of applies when negotiated rates exceed charges less addons.",8427,,,,,,,Case Rate,". Primary procedure pays at 100%, all subsequent at 50%.",6487,,,,,,,Case Rate,". MPL 100/50/25% maxmium of 3 procedures. All add ons apply, and lesser of 100% of billed charges",3839.35,,,,,,,Case Rate,"100%Medicare OPPS FS. ",3839.35,,,,,,,Case Rate,"100% Medicare OPPS FS. ",3839.35,,,,,,,Case Rate,"100% Medicare OPPS FS. ",3839.35,,,,,,,Case Rate,"100% Medicare OPPS FS. ",3839.35,,,,,,,Case Rate,"100%Medicare OPPS FS. ",3839.35,,,,,,,Case Rate,"100% Medicare OPPS FS. ",,,,,,,,,"NA. ",8684.38,,,,,,,Case Rate,225% of NYS APG. Lesser of 100% of billed charges applies.,1431.23,,,,,,,Case Rate,100% of PAS. Lesser of 100% of billed charges applies.,13586,,,,,,,Case Rate,". MPL 100/50/25% all add ons apply, and lesser of 100% of billed charges",7163,,,,,,,Case Rate,". ",7163,,,,,,,Case Rate,". ",7163,,,,,,,Case Rate,". ",7163,,,,,,,Case Rate,". ",3839.35,,,,,,,Case Rate,"100% Medicare OPPS FS. ",3859.73,,,,,,,Case Rate,"100 Percent of Medicaid APG. ",13586,,,,,,,Case Rate,". MPL 100/50/25% all add ons apply, and lesser of 100% of billed charges",3859.73,,,,,,,Case Rate,"100 Percent of Medicaid APG. ",3839.35,,,,,,,Case Rate,"100% Medicare OPPS FS. ",3859.73,,,,,,,Case Rate,"100 Percent of Medicaid APG. ",3839.35,,,,,,,Case Rate,"100% Medicare OPPS FS. ",3839.35,,,,,,,Case Rate,"100% Medicare OPPS FS. ",3859.73,,,,,,,Case Rate,"100 Percent of Medicaid APG. ",3859.73,,,,,,,Case Rate,"100 Percent of Medicaid APG. ",7163,,,,,,,Case Rate,". ",6487,,,,,,,Case Rate,". MPL 100/50/25% maxmium of 3 procedures. All add ons apply, and lesser of 100% of billed charges",8159.5566,78,,,,,0,percent of total billed charges,78% of Billed Charges. Lesser of 100% of billed charges applies.; No services were performed during the 15 month look back period.,9024.56,,,,,,,Case Rate,". MPL 100/50/25% all add ons apply, and lesser of 100% of billed charges",9024.56,,,,,,,Case Rate,". MPL 100/50/25% all add ons apply, and lesser of 100% of billed charges",12266,,,,,,,Case Rate,". Primary procedure pays at 100%, secondary at 50%, all subsequent at 25%.  Lesser of applies when negotiated rates exceed charges less addons.",1516.35,,,,,,,Case Rate,"83% HF Fee schedule. ",12574,,,,,,,Case Rate,". Primary procedure pays at 100%, all subsequent at 50%.",12574,,,,,,,Case Rate,". Primary procedure pays at 100%, all subsequent at 50%.",10869,,,,,,,Case Rate,". MPL 100/50/25% all add ons apply, and lesser of 100% of billed charges",10869,,,,,,,Case Rate,". MPL 100/50/25% all add ons apply, and lesser of 100% of billed charges",3839.35,,,,,,,Case Rate,"100% Medicare OPPS FS. ",3839.35,,,,,,,Case Rate,"100% Medicare OPPS FS. ",3839.35,,,,,,,Case Rate,"100% Medicare OPPS FS. ",3839.35,,,,,,,Case Rate,"100% Medicare OPPS FS. ",9024.56,,,,,,,Case Rate,". MPL 100/50/25% all add ons apply, and lesser of 100% of billed charges",13586,,,,,,,Case Rate,". MPL 100/50/25% all add ons apply, and lesser of 100% of billed charges",13586,,,,,,,Case Rate,". MPL 100/50/25% all add ons apply, and lesser of 100% of billed charges",3839.35,,,,,,,Case Rate,"100% Medicare OPPS FS. ",10869,,,,,,,Case Rate,". MPL 100/50/25% all add ons apply, and lesser of 100% of billed charges",8427,,,,,,,Case Rate,". Primary procedure pays at 100%, all subsequent at 50%.",4631.67,,,,,,,Fee Schedule,"120 Percent of Medicaid APG. ",3859.73,,,,,,,Case Rate,"100 Percent of Medicaid APG. ",7163,,,,,,,Case Rate,". ",12227,,,,,,,Case Rate,". MPL 100/50/25% all add ons apply, and lesser of 100% of billed charges",12227,,,,,,,Case Rate,". MPL 100/50/25% all add ons apply, and lesser of 100% of billed charges",13586,,,,,,,Case Rate,". MPL 100/50/25% all add ons apply, and lesser of 100% of billed charges",14948,,,,,,,Case Rate,". MPL 100/75/50% all add ons apply, and lesser of 100% of billed charges",3839.35,,,,,,,Case Rate,"100%Medicare OPPS FS. ",4052.71,,,,,,,Fee Schedule,105 percent of Medicaid APG. otherwise 105% of Ordered NYS MCD FS or 105% of ASP+6%,4052.71,,,,,,,Fee Schedule,105 percent of Medicaid APG. otherwise 105% of Ordered NYS MCD FS or 105% of ASP+6%,4052.71,,,,,,,Fee Schedule,105 percent of Medicaid APG. otherwise 105% of Ordered NYS MCD FS or 105% of ASP+6%,5210.63,,,,,,,Fee Schedule,135 percent of Medicaid APG. otherwise 135% of Ordered NYS MCD FS or 135% of ASP+6%,9024.56,,,,,,,Case Rate,". MPL 100/50/25% all add ons apply, and lesser of 100% of billed charges",4052.71,,,,,,,Fee Schedule,105 percent of Medicaid APG. otherwise 105% of Ordered NYS MCD FS or 105% of ASP+6%,4052.71,,,,,,,Fee Schedule,105 percent of Medicaid APG. otherwise 105% of Ordered NYS MCD FS or 105% of ASP+6%,4052.71,,,,,,,Fee Schedule,105 percent of Medicaid APG. otherwise 105% of Ordered NYS MCD FS or 105% of ASP+6%,4052.71,,,,,,,Fee Schedule,105 percent of Medicaid APG. otherwise 105% of Ordered NYS MCD FS or 105% of ASP+6%,4052.71,,,,,,,Fee Schedule,105 percent of Medicaid APG. otherwise 105% of Ordered NYS MCD FS or 105% of ASP+6%,5210.63,,,,,,,Fee Schedule,135 percent of Medicaid APG. otherwise 135% of Ordered NYS MCD FS or 135% of ASP+6%,5210.63,,,,,,,Fee Schedule,135 percent of Medicaid APG. otherwise 135% of Ordered NYS MCD FS or 135% of ASP+6%,3839.35,,,,,,,Case Rate,"100% Medicare OPPS FS. ",9024.56,,,,,,,Case Rate,". MPL 100/50/25% all add ons apply, and lesser of 100% of billed charges",3839.35,,,,,,,Case Rate,"100% Medicare OPPS FS. ",4052.71,,,,,,,Fee Schedule,105 percent of Medicaid APG. otherwise 105% of Ordered NYS MCD FS or 105% of ASP+6%,13586,,,,,,,Case Rate,". MPL 100/50/25% all add ons apply, and lesser of 100% of billed charges",3839.35,,,,,,,Case Rate,"100% Medicare OPPS FS. ",13586,,,,,,,Case Rate,". MPL 100/50/25% all add ons apply, and lesser of 100% of billed charges",13586,,,,,,,Case Rate,". MPL 100/50/25% all add ons apply, and lesser of 100% of billed charges",13586,,,,,,,Case Rate,". MPL 100/50/25% all add ons apply, and lesser of 100% of billed charges",4052.71,,,,,,,Fee Schedule,105 percent of Medicaid APG. otherwise 105% of Ordered NYS MCD FS or 105% of ASP+6%,3839.35,,,,,,,Case Rate,"100% Medicare OPPS FS. ",13586,,,,,,,Case Rate,". MPL 100/50/25% all add ons apply, and lesser of 100% of billed charges",5210.63,,,,,,,Fee Schedule,135 percent of Medicaid APG. otherwise 135% of Ordered NYS MCD FS or 135% of ASP+6%,13586,,,,,,,Case Rate,". MPL 100/50/25% all add ons apply, and lesser of 100% of billed charges",20921.94,200,,,,,0,Case Rate,200% of Medicare OPPS. ; No services were performed during the 15 month look back period.,3839.35,,,,,,,Case Rate,"100%Medicare OPPS FS. ",7163,,,,,,,Case Rate,". ",7163,,,,,,,Case Rate,". ",7163,,,,,,,Case Rate,". ",7163,,,,,,,Case Rate,". ",7163,,,,,,,Case Rate,". ",8427,,,,,,,Case Rate,". Primary procedure pays at 100%, all subsequent at 50%.",8427,,,,,,,Case Rate,". Primary procedure pays at 100%, all subsequent at 50%.",7163,,,,,,,Case Rate,". ",7163,,,,,,,Case Rate,". ",7163,,,,,,,Case Rate,". ",7163,,,,,,,Case Rate,". ",7163,,,,,,,Case Rate,". ",3839.35,,,,,,,Case Rate,"100% Medicare OPPS FS. ",8427,,,,,,,Case Rate,". Primary procedure pays at 100%, all subsequent at 50%.",3839.35,,,,,,,Case Rate,"100% Medicare OPPS FS. ",8684.38,,,,,,,Case Rate,"225 Percent of Medicaid APG. If not included in Medicaid APG, then 100 Percent of Manhattan Medicare",3859.73,,,,,,,Case Rate,"100 Percent of Medicaid APG. ",9024.56,,,,,,,Case Rate,". MPL 100/50/25% all add ons apply, and lesser of 100% of billed charges",9024.56,,,,,,,Case Rate,". MPL 100/50/25% all add ons apply, and lesser of 100% of billed charges",3839.35,,,,,,,Case Rate,"100% Medicare OPPS FS. ",12574,,,,,,,Case Rate,". Primary procedure pays at 100%, all subsequent at 50%.",3839.35,,,,,,,Case Rate,"100% Medicare OPPS FS. ",3839.35,,,,,,,Case Rate,"100% Medicare OPPS FS. ",12266,,,,,,,Case Rate,". Primary procedure pays at 100%, secondary at 50%, all subsequent at 25%.  Lesser of applies when negotiated rates exceed charges less addons.",3839.35,,,,,,,Case Rate,"100% Medicare OPPS FS. ",6487,,,,,,,Case Rate,". MPL 100/50/25% maxmium of 3 procedures. All add ons apply, and lesser of 100% of billed charges",3839.35,,,,,,,Case Rate,"100% Medicare OPPS FS. ",6487,,,,,,,Case Rate,". MPL 100/50/25% maxmium of 3 procedures. All add ons apply, and lesser of 100% of billed charges",12266,,,,,,,Case Rate,". Primary procedure pays at 100%, secondary at 50%, all subsequent at 25%.  Lesser of applies when negotiated rates exceed charges less addons.",6487,,,,,,,Case Rate,". MPL 100/50/25% maxmium of 3 procedures. All add ons apply, and lesser of 100% of billed charges",3839.35,,,,,,,Case Rate,"100% Medicare OPPS FS. ",3859.73,,,,,,,Case Rate,"100 Percent of Medicaid APG. ",3839.35,,,,,,,Case Rate,"100% Medicare OPPS FS. ",6487,,,,,,,Case Rate,". MPL 100/50/25% maxmium of 3 procedures. All add ons apply, and lesser of 100% of billed charges",9024.56,,,,,,,Case Rate,". MPL 100/50/25% all add ons apply, and lesser of 100% of billed charges",3859.73,,,,,,,Case Rate,"100 Percent of Medicaid APG. ",13586,,,,,,,Case Rate,". MPL 100/50/25% all add ons apply, and lesser of 100% of billed charges",4631.67,,,,,,,Fee Schedule,"120 Percent of Medicaid APG. ",4631.67,,,,,,,Fee Schedule,"120 Percent of Medicaid APG. ",13586,,,,,,,Case Rate,". MPL 100/50/25% all add ons apply, and lesser of 100% of billed charges",13586,,,,,,,Case Rate,". MPL 100/50/25% all add ons apply, and lesser of 100% of billed charges",13586,,,,,,,Case Rate,". MPL 100/50/25% all add ons apply, and lesser of 100% of billed charges",9024.56,,,,,,,Case Rate,". MPL 100/50/25% all add ons apply, and lesser of 100% of billed charges",13586,,,,,,,Case Rate,". MPL 100/50/25% all add ons apply, and lesser of 100% of billed charges",13586,,,,,,,Case Rate,". MPL 100/50/25% all add ons apply, and lesser of 100% of billed charges",13586,,,,,,,Case Rate,". MPL 100/50/25% all add ons apply, and lesser of 100% of billed charges",7163,,,,,,,Case Rate,". ",7163,,,,,,,Case Rate,". ",7601.91,,,,,,,Case Rate,198 Percent of Medicare OPPS. Metroplus will reimburse unlisted codes and described codes with no Medicare rate at 50 percent of charges.,3859.73,,,,,,,Case Rate,"100 Percent of Medicaid APG. ",9024.56,,,,,,,Case Rate,". MPL 100/50/25% all add ons apply, and lesser of 100% of billed charges",6487,,,,,,,Case Rate,". MPL 100/50/25% maxmium of 3 procedures. All add ons apply, and lesser of 100% of billed charges",12266,,,,,,,Case Rate,". Primary procedure pays at 100%, secondary at 50%, all subsequent at 25%.  Lesser of applies when negotiated rates exceed charges less addons.",9024.56,,,,,,,Case Rate,". MPL 100/50/25% all add ons apply, and lesser of 100% of billed charges",12266,,,,,,,Case Rate,". Primary procedure pays at 100%, secondary at 50%, all subsequent at 25%.  Lesser of applies when negotiated rates exceed charges less addons.",9024.56,,,,,,,Case Rate,". MPL 100/50/25% all add ons apply, and lesser of 100% of billed charges",13586,,,,,,,Case Rate,". MPL 100/50/25% all add ons apply, and lesser of 100% of billed charges",13586,,,,,,,Case Rate,". MPL 100/50/25% all add ons apply, and lesser of 100% of billed charges",13586,,,,,,,Case Rate,". MPL 100/50/25% all add ons apply, and lesser of 100% of billed charges",13586,,,,,,,Case Rate,". MPL 100/50/25% all add ons apply, and lesser of 100% of billed charges",3839.35,,,,,,,Case Rate,"100% Medicare OPPS FS. ",1431.23,25798,
26755,CPT,2023179,LOCAL,361,RC,HC CL TX D PHAL FX FGRR/THMB; W MANIP,2705.65,514.0735,both,,,,1352,,,,,,,Case Rate,". MPL 1st 100% of Payment Rate 50% of all others, all add ons apply, and lesser of 100% of billed charges.",1352,,,,,,,Case Rate,". MPL 1st 100% of Payment Rate 50% of all others, all add ons apply, and lesser of 100% of billed charges.",14113,,,,,,,Case Rate,". Primary procedure pays at 100%, secondary at 50%, all subsequent at 25%.  Lesser of applies when negotiated rates exceed charges less addons.",2705.65,100,,,,,0,percent of total billed charges,100 percent of billed charges. ; No services were performed during the 15 month look back period.,283.85,,,,,,,Case Rate,"100% Medicare OPPS FS. ",14113,,,,,,,Case Rate,". Primary procedure pays at 100%, secondary at 50%, all subsequent at 25%.  Lesser of applies when negotiated rates exceed charges less addons.",14113,,,,,,,Case Rate,". Primary procedure pays at 100%, secondary at 50%, all subsequent at 25%.  Lesser of applies when negotiated rates exceed charges less addons.",14113,,,,,,,Case Rate,". Primary procedure pays at 100%, secondary at 50%, all subsequent at 25%.  Lesser of applies when negotiated rates exceed charges less addons.",900.71,,,,,,,Case Rate,"100 Percent of Medicaid APG. ",750.59,,,,,,,Case Rate,"100 Percent of Medicaid APG. ",2110.407,78,,,,,0,percent of total billed charges,78% of Billed Charges. Lesser of 100% of billed charges applies.; No services were performed during the 15 month look back period.,4923.38,,,,,,,Case Rate,". MPL 100/50/25% all add ons apply, and lesser of 100% of billed charges",750.59,,,,,,,Case Rate,"100 Percent of Medicaid APG. ",283.85,,,,,,,Case Rate,"100% Medicare OPPS FS. ",,,,,,,,Other,". ",,,,,,,,Other,". ",,,,,,,,Other,". ",,,,,,,,Other,". ",750.59,,,,,,,Case rate,124 Percent of Medicaid APG. Covered services not payable under Medicaid Fee Schedules default to a payment of 50 percent of charges.,283.85,,,,,,,Case Rate,"100% Medicare OPPS FS. ",750.59,,,,,,,Case rate,124 Percent of Medicaid APG. Covered services not payable under Medicaid Fee Schedules default to a payment of 50 percent of charges.,2110.407,78,,,,,0,percent of total billed charges,78% of Billed Charges. Lesser of 100% of billed charges applies.; No services were performed during the 15 month look back period.,14113,,,,,,,Case Rate,". Primary procedure pays at 100%, secondary at 50%, all subsequent at 25%.  Lesser of applies when negotiated rates exceed charges less addons.",283.85,,,,,,,Case Rate,"100%Medicare OPPS FS. ",1975.1245,73,,,,,0,percent of total billed charges,73 percent of billed charges; No services were performed during the 15 month look back period.,283.85,,,,,,,Case Rate,"100%Medicare OPPS FS. ",283.85,,,,,,,Case Rate,"100%Medicare OPPS FS. ",2110.407,78,,,,,0,percent of total billed charges,78% of Billed Charges. Lesser of 100% of billed charges applies.; No services were performed during the 15 month look back period.,132.04,,,,,,,Case Rate,100% of PAS. Lesser of 100% of billed charges applies.,132.04,,,,,,,Case Rate,100% of PAS. Lesser of 100% of billed charges applies.,750.59,,,,,,,Case rate,"100 Percent of Medicaid APG. ",750.59,,,,,,,Case rate,"100 Percent of Medicaid APG. ",1975.1245,73,,,,,0,percent of total billed charges,73 percent of billed charges; No services were performed during the 15 month look back period.,1975.1245,73,,,,,0,percent of total billed charges,73 percent of billed charges; No services were performed during the 15 month look back period.,750.59,,,,,,,Case Rate,"100 Percent of Medicaid APG. Not APG payable, or payable under another fee schedule like ASP/AWP pays at 30% of charges",1975.1245,73,,,,,0,percent of total billed charges,73 percent of billed charges; No services were performed during the 15 month look back period.,750.59,,,,,,,Case Rate,"100 Percent of Medicaid APG. Not APG payable, or payable under another fee schedule like ASP/AWP pays at 30% of charges",283.85,,,,,,,Case Rate,"100%Medicare OPPS FS. ",1975.1245,73,,,,,0,percent of total billed charges,73 percent of billed charges; No services were performed during the 15 month look back period.,2110.407,78,,,,,0,percent of total billed charges,78% of Billed Charges. Lesser of 100% of billed charges applies.; No services were performed during the 15 month look back period.,750.59,,,,,,,Case Rate,"100 Percent of Medicaid APG. ",750.59,,,,,,,Case Rate,"100 Percent of Medicaid APG. ",2110.407,78,,,,,0,percent of total billed charges,78% of Billed Charges. Lesser of 100% of billed charges applies.; No services were performed during the 15 month look back period.,,,,,,,,Other,". ",4500,,,,,,,Case Rate,". MPL 100/50/25% all add ons apply, and lesser of 100% of billed charges",4500,,,,,,,Case Rate,". MPL 100/50/25% all add ons apply, and lesser of 100% of billed charges",2110.407,78,,,,,0,percent of total billed charges,78% of Billed Charges. Lesser of 100% of billed charges applies.; No services were performed during the 15 month look back period.,283.85,,,,,,,Case Rate,"100% Medicare OPPS FS. ",4923.38,,,,,,,Case Rate,". MPL 100/50/25% all add ons apply, and lesser of 100% of billed charges",4923.38,,,,,,,Case Rate,". MPL 100/50/25% all add ons apply, and lesser of 100% of billed charges",4923.38,,,,,,,Case Rate,". MPL 100/50/25% all add ons apply, and lesser of 100% of billed charges",283.85,,,,,,,Case Rate,"100% Medicare OPPS FS. ",4923.38,,,,,,,Case Rate,". MPL 100/50/25% all add ons apply, and lesser of 100% of billed charges",4923.38,,,,,,,Case Rate,". MPL 100/50/25% all add ons apply, and lesser of 100% of billed charges",283.85,,,,,,,Case Rate,"100% of Medicare OPPS. ",25798,,,,,,,Case Rate,". MPL 100/75/50% all add ons apply, and lesser of 100% of billed charges",4100,,,,,,,Case Rate,". MPL 100/50/25% all add ons apply, and lesser of 100% of billed charges",4100,,,,,,,Case Rate,". MPL 100/50/25% all add ons apply, and lesser of 100% of billed charges",4100,,,,,,,Case Rate,". MPL 100/50/25% all add ons apply, and lesser of 100% of billed charges",4100,,,,,,,Case Rate,". MPL 100/50/25% all add ons apply, and lesser of 100% of billed charges",4100,,,,,,,Case Rate,". MPL 100/50/25% all add ons apply, and lesser of 100% of billed charges",4100,,,,,,,Case Rate,". MPL 100/50/25% all add ons apply, and lesser of 100% of billed charges",283.85,,,,,,,Case Rate,"100% Medicare OPPS FS. ",283.85,,,,,,,Case Rate,"100% Medicare OPPS FS. ",4100,,,,,,,Case Rate,". MPL 100/50/25% all add ons apply, and lesser of 100% of billed charges",2110.407,78,,,,,0,percent of total billed charges,78% of Billed Charges. Lesser of 100% of billed charges applies.; No services were performed during the 15 month look back period.,2110.407,78,,,,,0,percent of total billed charges,78% of Billed Charges. Lesser of 100% of billed charges applies.; No services were performed during the 15 month look back period.,2110.407,78,,,,,0,percent of total billed charges,78% of Billed Charges. Lesser of 100% of billed charges applies.; No services were performed during the 15 month look back period.,2110.407,78,,,,,0,percent of total billed charges,78% of Billed Charges. Lesser of 100% of billed charges applies.; No services were performed during the 15 month look back period.,2110.407,78,,,,,0,percent of total billed charges,78% of Billed Charges. Lesser of 100% of billed charges applies.; No services were performed during the 15 month look back period.,2110.407,78,,,,,0,percent of total billed charges,78% of Billed Charges. Lesser of 100% of billed charges applies.; No services were performed during the 15 month look back period.,2110.407,78,,,,,0,percent of total billed charges,78% of Billed Charges. Lesser of 100% of billed charges applies.; No services were performed during the 15 month look back period.,2110.407,78,,,,,0,percent of total billed charges,78% of Billed Charges. Lesser of 100% of billed charges applies.; No services were performed during the 15 month look back period.,2110.407,78,,,,,0,percent of total billed charges,78% of Billed Charges. Lesser of 100% of billed charges applies.; No services were performed during the 15 month look back period.,2110.407,78,,,,,0,percent of total billed charges,78% of Billed Charges. Lesser of 100% of billed charges applies.; No services were performed during the 15 month look back period.,2110.407,78,,,,,0,percent of total billed charges,78% of Billed Charges. Lesser of 100% of billed charges applies.; No services were performed during the 15 month look back period.,2110.407,78,,,,,0,percent of total billed charges,78% of Billed Charges. Lesser of 100% of billed charges applies.; No services were performed during the 15 month look back period.,2110.407,78,,,,,0,percent of total billed charges,78% of Billed Charges. Lesser of 100% of billed charges applies.; No services were performed during the 15 month look back period.,2110.407,78,,,,,0,percent of total billed charges,78% of Billed Charges. Lesser of 100% of billed charges applies.; No services were performed during the 15 month look back period.,2110.407,78,,,,,0,percent of total billed charges,78% of Billed Charges. Lesser of 100% of billed charges applies.; No services were performed during the 15 month look back period.,2110.407,78,,,,,0,percent of total billed charges,78% of Billed Charges. Lesser of 100% of billed charges applies.; No services were performed during the 15 month look back period.,2110.407,78,,,,,0,percent of total billed charges,78% of Billed Charges. Lesser of 100% of billed charges applies.; No services were performed during the 15 month look back period.,2110.407,78,,,,,0,percent of total billed charges,78% of Billed Charges. Lesser of 100% of billed charges applies.; No services were performed during the 15 month look back period.,2110.407,78,,,,,0,percent of total billed charges,78% of Billed Charges. Lesser of 100% of billed charges applies.; No services were performed during the 15 month look back period.,2110.407,78,,,,,0,percent of total billed charges,78% of Billed Charges. Lesser of 100% of billed charges applies.; No services were performed during the 15 month look back period.,2110.407,78,,,,,0,percent of total billed charges,78% of Billed Charges. Lesser of 100% of billed charges applies.; No services were performed during the 15 month look back period.,2110.407,78,,,,,0,percent of total billed charges,78% of Billed Charges. Lesser of 100% of billed charges applies.; No services were performed during the 15 month look back period.,2110.407,78,,,,,0,percent of total billed charges,78% of Billed Charges. Lesser of 100% of billed charges applies.; No services were performed during the 15 month look back period.,2110.407,78,,,,,0,percent of total billed charges,78% of Billed Charges. Lesser of 100% of billed charges applies.; No services were performed during the 15 month look back period.,2110.407,78,,,,,0,percent of total billed charges,78% of Billed Charges. Lesser of 100% of billed charges applies.; No services were performed during the 15 month look back period.,2110.407,78,,,,,0,percent of total billed charges,78% of Billed Charges. Lesser of 100% of billed charges applies.; No services were performed during the 15 month look back period.,1975.1245,73,,,,,0,percent of total billed charges,73 percent of billed charges; No services were performed during the 15 month look back period.,1975.1245,73,,,,,0,percent of total billed charges,73 percent of billed charges; No services were performed during the 15 month look back period.,1975.1245,73,,,,,0,percent of total billed charges,73 percent of billed charges; No services were performed during the 15 month look back period.,1975.1245,73,,,,,0,percent of total billed charges,73 percent of billed charges; No services were performed during the 15 month look back period.,12574,,,,,,,Case Rate,". Primary procedure pays at 100%, all subsequent at 50%.",12574,,,,,,,Case Rate,". Primary procedure pays at 100%, all subsequent at 50%.",,,,,,,,Other,". ",4100,,,,,,,Case Rate,". MPL 100/50/25% all add ons apply, and lesser of 100% of billed charges",4923.38,,,,,,,Case Rate,". MPL 100/50/25% all add ons apply, and lesser of 100% of billed charges",4100,,,,,,,Case Rate,". MPL 100/50/25% all add ons apply, and lesser of 100% of billed charges",2110.407,78,,,,,0,percent of total billed charges,78% of Billed Charges. Lesser of 100% of billed charges applies.; No services were performed during the 15 month look back period.,12574,,,,,,,Case Rate,". Primary procedure pays at 100%, all subsequent at 50%.",4100,,,,,,,Case Rate,". MPL 100/50/25% all add ons apply, and lesser of 100% of billed charges",4923.38,,,,,,,Case Rate,". MPL 100/50/25% all add ons apply, and lesser of 100% of billed charges",,,,,,,,Other,". ",,,,,,,,,"NA. ",2110.407,78,,,,,0,percent of total billed charges,78% of Billed Charges. Lesser of 100% of billed charges applies.; No services were performed during the 15 month look back period.,750.59,,,,,,,Case Rate,"100 Percent of Medicaid APG. ",1975.1245,73,,,,,0,percent of total billed charges,73 percent of billed charges; No services were performed during the 15 month look back period.,750.59,,,,,,,Case Rate,"100 Percent of Medicaid APG. Not APG payable, or payable under another fee schedule like ASP/AWP pays at 30% of charges",283.85,,,,,,,Case Rate,"100%Medicare OPPS FS. ",283.85,,,,,,,Case Rate,"100% Medicare OPPS FS. ",25798,,,,,,,Case Rate,". MPL 100/75/50% all add ons apply, and lesser of 100% of billed charges",283.85,,,,,,,Case Rate,"100% Medicare OPPS FS. ",283.85,,,,,,,Case Rate,"100% Medicare OPPS FS. ",750.59,,,,,,,Case Rate,"100 Percent of Medicaid APG. ",283.85,,,,,,,Case Rate,"100% Medicare OPPS FS. ",283.85,,,,,,,Case Rate,"100% Medicare OPPS FS. ",14113,,,,,,,Case Rate,". Primary procedure pays at 100%, secondary at 50%, all subsequent at 25%.  Lesser of applies when negotiated rates exceed charges less addons.",14113,,,,,,,Case Rate,". Primary procedure pays at 100%, secondary at 50%, all subsequent at 25%.  Lesser of applies when negotiated rates exceed charges less addons.",283.85,,,,,,,Case Rate,"100% Medicare OPPS FS. ",,,,,,,,Other,". ",4923.38,,,,,,,Case Rate,". MPL 100/50/25% all add ons apply, and lesser of 100% of billed charges",4923.38,,,,,,,Case Rate,". MPL 100/50/25% all add ons apply, and lesser of 100% of billed charges",283.85,,,,,,,Case Rate,"100% Medicare OPPS FS. ",,,,,,,,Other,". ",14113,,,,,,,Case Rate,". Primary procedure pays at 100%, secondary at 50%, all subsequent at 25%.  Lesser of applies when negotiated rates exceed charges less addons.",14113,,,,,,,Case Rate,". Primary procedure pays at 100%, secondary at 50%, all subsequent at 25%.  Lesser of applies when negotiated rates exceed charges less addons.",14113,,,,,,,Case Rate,". Primary procedure pays at 100%, secondary at 50%, all subsequent at 25%.  Lesser of applies when negotiated rates exceed charges less addons.",2110.407,78,,,,,0,percent of total billed charges,78% of Billed Charges. Lesser of 100% of billed charges applies.; No services were performed during the 15 month look back period.,2110.407,78,,,,,0,percent of total billed charges,78% of Billed Charges. Lesser of 100% of billed charges applies.; No services were performed during the 15 month look back period.,2110.407,78,,,,,0,percent of total billed charges,78% of Billed Charges. Lesser of 100% of billed charges applies.; No services were performed during the 15 month look back period.,2110.407,78,,,,,0,percent of total billed charges,78% of Billed Charges. Lesser of 100% of billed charges applies.; No services were performed during the 15 month look back period.,2110.407,78,,,,,0,percent of total billed charges,78% of Billed Charges. Lesser of 100% of billed charges applies.; No services were performed during the 15 month look back period.,2110.407,78,,,,,0,percent of total billed charges,78% of Billed Charges. Lesser of 100% of billed charges applies.; No services were performed during the 15 month look back period.,2110.407,78,,,,,0,percent of total billed charges,78% of Billed Charges. Lesser of 100% of billed charges applies.; No services were performed during the 15 month look back period.,2110.407,78,,,,,0,percent of total billed charges,78% of Billed Charges. Lesser of 100% of billed charges applies.; No services were performed during the 15 month look back period.,2110.407,78,,,,,0,percent of total billed charges,78% of Billed Charges. Lesser of 100% of billed charges applies.; No services were performed during the 15 month look back period.,2110.407,78,,,,,0,percent of total billed charges,78% of Billed Charges. Lesser of 100% of billed charges applies.; No services were performed during the 15 month look back period.,2110.407,78,,,,,0,percent of total billed charges,78% of Billed Charges. Lesser of 100% of billed charges applies.; No services were performed during the 15 month look back period.,12574,,,,,,,Case Rate,". Primary procedure pays at 100%, all subsequent at 50%.",4100,,,,,,,Case Rate,". MPL 100/50/25% all add ons apply, and lesser of 100% of billed charges",,,,,,,,Other,". ",283.85,,,,,,,Case Rate,"100% Medicare OPPS FS. ",14113,,,,,,,Case Rate,". Primary procedure pays at 100%, secondary at 50%, all subsequent at 25%.  Lesser of applies when negotiated rates exceed charges less addons.",,,,,,,,Other,". ",,,,,,,,Other,". ",2110.407,78,,,,,0,percent of total billed charges,78% of Billed Charges. Lesser of 100% of billed charges applies.; No services were performed during the 15 month look back period.,1606.27,,,,,,,Case Rate,"214 Percent of Medicaid APG. Drugs not priced under APG, billed with revenue code 636 and not priced by Medicare ASP FeeSched will be reimbursed at 20% of charges.",,,,,,,,Other,". ",750.59,,,,,,,Case Rate,"100 Percent of Medicaid APG. ",283.85,,,,,,,Case Rate,"100% Medicare OPPS FS. ",283.85,,,,,,,Case Rate,"100% Medicare OPPS FS. ",283.85,,,,,,,Case Rate,"100% Medicare OPPS FS. ",283.85,,,,,,,Case Rate,"100% Medicare OPPS FS. ",283.85,,,,,,,Case Rate,"100% Medicare OPPS FS. ",283.85,,,,,,,Case Rate,"100% Medicare OPPS FS. ",,,,,,,,Other,". ",25798,,,,,,,Case Rate,". MPL 100/75/50% all add ons apply, and lesser of 100% of billed charges",1351.07,,,,,,,Fee Schedule,"180 Percent of Medicaid APG. ",1351.07,,,,,,,Fee Schedule,"180 Percent of Medicaid APG. ",1351.07,,,,,,,Fee Schedule,"180 Percent of Medicaid APG. ",1351.07,,,,,,,Fee Schedule,"180 Percent of Medicaid APG. ",1351.07,,,,,,,Fee Schedule,"180 Percent of Medicaid APG. ",,,,,,,,,"NA. ",25798,,,,,,,Case Rate,". MPL 100/75/50% all add ons apply, and lesser of 100% of billed charges",562.02,,,,,,,Case Rate,198 Percent of Medicare OPPS. Metroplus will reimburse unlisted codes and described codes with no Medicare rate at 50 percent of charges.,562.02,,,,,,,Case Rate,198 Percent of Medicare OPPS. Metroplus will reimburse unlisted codes and described codes with no Medicare rate at 50 percent of charges.,562.02,,,,,,,Case Rate,198 Percent of Medicare OPPS. Metroplus will reimburse unlisted codes and described codes with no Medicare rate at 50 percent of charges.,562.02,,,,,,,Case Rate,198 Percent of Medicare OPPS. Metroplus will reimburse unlisted codes and described codes with no Medicare rate at 50 percent of charges.,562.02,,,,,,,Case Rate,198 Percent of Medicare OPPS. Metroplus will reimburse unlisted codes and described codes with no Medicare rate at 50 percent of charges.,283.85,,,,,,,Case Rate,"100% Medicare OPPS FS. ",12574,,,,,,,Case Rate,". Primary procedure pays at 100%, all subsequent at 50%.",12574,,,,,,,Case Rate,". Primary procedure pays at 100%, all subsequent at 50%.",12574,,,,,,,Case Rate,". Primary procedure pays at 100%, all subsequent at 50%.",12574,,,,,,,Case Rate,". Primary procedure pays at 100%, all subsequent at 50%.",14113,,,,,,,Case Rate,". Primary procedure pays at 100%, secondary at 50%, all subsequent at 25%.  Lesser of applies when negotiated rates exceed charges less addons.",14113,,,,,,,Case Rate,". Primary procedure pays at 100%, secondary at 50%, all subsequent at 25%.  Lesser of applies when negotiated rates exceed charges less addons.",14113,,,,,,,Case Rate,". Primary procedure pays at 100%, secondary at 50%, all subsequent at 25%.  Lesser of applies when negotiated rates exceed charges less addons.",14113,,,,,,,Case Rate,". Primary procedure pays at 100%, secondary at 50%, all subsequent at 25%.  Lesser of applies when negotiated rates exceed charges less addons.",25798,,,,,,,Case Rate,". MPL 100/75/50% all add ons apply, and lesser of 100% of billed charges",25798,,,,,,,Case Rate,". MPL 100/75/50% all add ons apply, and lesser of 100% of billed charges",283.85,,,,,,,Case Rate,"100% Medicare OPPS FS. ",283.85,,,,,,,Case Rate,"100% Medicare OPPS FS. ",283.85,,,,,,,Case Rate,"100% Medicare OPPS FS. ",4100,,,,,,,Case Rate,". MPL 100/50/25% all add ons apply, and lesser of 100% of billed charges",4100,,,,,,,Case Rate,". MPL 100/50/25% all add ons apply, and lesser of 100% of billed charges",4100,,,,,,,Case Rate,". MPL 100/50/25% all add ons apply, and lesser of 100% of billed charges",25798,,,,,,,Case Rate,". MPL 100/75/50% all add ons apply, and lesser of 100% of billed charges",14113,,,,,,,Case Rate,". Primary procedure pays at 100%, secondary at 50%, all subsequent at 25%.  Lesser of applies when negotiated rates exceed charges less addons.",283.85,,,,,,,Case Rate,"100% Medicare OPPS FS. ",4100,,,,,,,Case Rate,". MPL 100/50/25% all add ons apply, and lesser of 100% of billed charges",750.59,,,,,,,Case Rate,"100 Percent of Medicaid APG. ",289.53,,,,,,,Case Rate,"102% of Medicare OPPS. ",289.53,,,,,,,Case Rate,"102% of Medicare OPPS. ",289.53,,,,,,,Case Rate,"102% of Medicare OPPS. ",750.59,,,,,,,Case rate,"100 Percent of Medicaid APG. ",1688.83,,,,,,,Case Rate,225% of NYS APG. Lesser of 100% of billed charges applies.,1688.83,,,,,,,Case Rate,225% of NYS APG. Lesser of 100% of billed charges applies.,1688.83,,,,,,,Case Rate,225% of NYS APG. Lesser of 100% of billed charges applies.,1688.83,,,,,,,Case Rate,225% of NYS APG. Lesser of 100% of billed charges applies.,1688.83,,,,,,,Case Rate,225% of NYS APG. Lesser of 100% of billed charges applies.,289.53,,,,,,,Case Rate,"102% of Medicare OPPS. ",750.59,,,,,,,Case Rate,"100 Percent of Medicaid APG. ",132.04,,,,,,,Case Rate,100% of PAS. Lesser of 100% of billed charges applies.,1688.83,,,,,,,Case Rate,225% of NYS APG. Lesser of 100% of billed charges applies.,1688.83,,,,,,,Case Rate,225% of NYS APG. Lesser of 100% of billed charges applies.,132.04,,,,,,,Case Rate,100% of PAS. Lesser of 100% of billed charges applies.,132.04,,,,,,,Case Rate,100% of PAS. Lesser of 100% of billed charges applies.,1351.07,,,,,,,Fee Schedule,"180 Percent of Medicaid APG. ",283.85,,,,,,,Case Rate,"100% Medicare OPPS FS. ",283.85,,,,,,,Case Rate,"100% Medicare OPPS FS. ",14113,,,,,,,Case Rate,". Primary procedure pays at 100%, secondary at 50%, all subsequent at 25%.  Lesser of applies when negotiated rates exceed charges less addons.",283.85,,,,,,,Case Rate,"100% Medicare OPPS FS. ",1688.83,,,,,,,Case Rate,"225 Percent of Medicaid APG. ",1688.83,,,,,,,Case Rate,"225 Percent of Medicaid APG. ",750.59,,,,,,,Case rate,"100 Percent of Medicaid APG. ",750.59,,,,,,,Case rate,"100 Percent of Medicaid APG. ",1688.83,,,,,,,Case Rate,225 Percent of Medicaid APG. Covered services not payable under Medicaid Fee Schedules default to a payment of 87.5 percent of charges.,750.59,,,,,,,Case rate,124 Percent of Medicaid APG. Covered services not payable under Medicaid Fee Schedules default to a payment of 50 percent of charges.,1688.83,,,,,,,Case Rate,"100 Percent of Medicaid APG. ",1688.83,,,,,,,Case Rate,"100 Percent of Medicaid APG. ",1688.83,,,,,,,Case Rate,"100 Percent of Medicaid APG. ",1688.83,,,,,,,Case Rate,"100 Percent of Medicaid APG. ",13453,,,,,,,Case Rate,". MPL 100/75/50% all add ons apply, and lesser of 100% of billed charges",25798,,,,,,,Case Rate,". MPL 100/75/50% all add ons apply, and lesser of 100% of billed charges",900.71,,,,,,,Case Rate,"120 Percent of Medicaid APG. Not APG payable, or payable under another fee schedule like ASP/AWP pays at 30% of charges",900.71,,,,,,,Case Rate,"120 Percent of Medicaid APG. Not APG payable, or payable under another fee schedule like ASP/AWP pays at 30% of charges",750.59,,,,,,,Case Rate,"100 Percent of Medicaid APG. Not APG payable, or payable under another fee schedule like ASP/AWP pays at 30% of charges",750.59,,,,,,,Case Rate,"100 Percent of Medicaid APG. Not APG payable, or payable under another fee schedule like ASP/AWP pays at 30% of charges",4100,,,,,,,Case Rate,". MPL 100/50/25% all add ons apply, and lesser of 100% of billed charges",4100,,,,,,,Case Rate,". MPL 100/50/25% all add ons apply, and lesser of 100% of billed charges",283.85,,,,,,,Case Rate,"100% Medicare OPPS FS. ",4100,,,,,,,Case Rate,". MPL 100/50/25% all add ons apply, and lesser of 100% of billed charges",4100,,,,,,,Case Rate,". MPL 100/50/25% all add ons apply, and lesser of 100% of billed charges",4100,,,,,,,Case Rate,". MPL 100/50/25% all add ons apply, and lesser of 100% of billed charges",4100,,,,,,,Case Rate,". MPL 100/50/25% all add ons apply, and lesser of 100% of billed charges",283.85,,,,,,,Case Rate,"100% Medicare OPPS FS. ",4100,,,,,,,Case Rate,". MPL 100/50/25% all add ons apply, and lesser of 100% of billed charges",4100,,,,,,,Case Rate,". MPL 100/50/25% all add ons apply, and lesser of 100% of billed charges",14113,,,,,,,Case Rate,". Primary procedure pays at 100%, secondary at 50%, all subsequent at 25%.  Lesser of applies when negotiated rates exceed charges less addons.",750.59,,,,,,,Fee Schedule,100% APG. Lesser of 100% of billed charges applies.,750.59,,,,,,,Case rate,124 Percent of Medicaid APG. Covered services not payable under Medicaid Fee Schedules default to a payment of 50 percent of charges.,1688.83,,,,,,,Case Rate,225% of NYS APG. Lesser of 100% of billed charges applies.,1688.83,,,,,,,Case Rate,225 Percent of Medicaid APG. Covered services not payable under Medicaid Fee Schedules default to a payment of 87.5 percent of charges.,750.59,,,,,,,Case rate,124 Percent of Medicaid APG. Covered services not payable under Medicaid Fee Schedules default to a payment of 50 percent of charges.,1688.83,,,,,,,Case Rate,225% of NYS APG. Lesser of 100% of billed charges applies.,1688.83,,,,,,,Case Rate,225% of NYS APG. Lesser of 100% of billed charges applies.,1688.83,,,,,,,Case Rate,225% of NYS APG. Lesser of 100% of billed charges applies.,1688.83,,,,,,,Case Rate,225% of NYS APG. Lesser of 100% of billed charges applies.,1688.83,,,,,,,Case Rate,225% of NYS APG. Lesser of 100% of billed charges applies.,1688.83,,,,,,,Case Rate,225% of NYS APG. Lesser of 100% of billed charges applies.,,,,,,,,,"NA. ",,,,,,,,,"NA. ",,,,,,,,,"NA. ",,,,,,,,Other,". ",,,,,,,,,"NA. ",283.85,,,,,,,Case Rate,"100% Medicare OPPS FS. ",1352,,,,,,,Case Rate,". MPL 1st 100% of Payment Rate 50% of all others, all add ons apply, and lesser of 100% of billed charges.",283.85,,,,,,,Case Rate,"100% Medicare OPPS FS. ",283.85,,,,,,,Case Rate,"100% Medicare OPPS FS. ",900.71,,,,,,,Case Rate,"120 Percent of Medicaid APG. Not APG payable, or payable under another fee schedule like ASP/AWP pays at 30% of charges",900.71,,,,,,,Case Rate,"120 Percent of Medicaid APG. Not APG payable, or payable under another fee schedule like ASP/AWP pays at 30% of charges",750.59,,,,,,,Case Rate,"100 Percent of Medicaid APG. Not APG payable, or payable under another fee schedule like ASP/AWP pays at 30% of charges",750.59,,,,,,,Case Rate,"100 Percent of Medicaid APG. Not APG payable, or payable under another fee schedule like ASP/AWP pays at 30% of charges",750.59,,,,,,,Case Rate,"100 Percent of Medicaid APG. ",1975.1245,73,,,,,0,percent of total billed charges,73 percent of billed charges; No services were performed during the 15 month look back period.,14113,,,,,,,Case Rate,". Primary procedure pays at 100%, secondary at 50%, all subsequent at 25%.  Lesser of applies when negotiated rates exceed charges less addons.",1975.1245,73,,,,,0,percent of total billed charges,73 percent of billed charges; No services were performed during the 15 month look back period.,,,,,,,,Other,". ",283.85,,,,,,,Case Rate,"100%Medicare OPPS FS. ",283.85,,,,,,,Case Rate,"100% Medicare OPPS FS. ",283.85,,,,,,,Case Rate,"100% Medicare OPPS FS. ",283.85,,,,,,,Case Rate,"100% Medicare OPPS FS. ",283.85,,,,,,,Case Rate,"100%Medicare OPPS FS. ",283.85,,,,,,,Case Rate,"100% Medicare OPPS FS. ",,,,,,,,,"NA. ",1688.83,,,,,,,Case Rate,225% of NYS APG. Lesser of 100% of billed charges applies.,132.04,,,,,,,Case Rate,100% of PAS. Lesser of 100% of billed charges applies.,4100,,,,,,,Case Rate,". MPL 100/50/25% all add ons apply, and lesser of 100% of billed charges",1975.1245,73,,,,,0,percent of total billed charges,73 percent of billed charges; No services were performed during the 15 month look back period.,1975.1245,73,,,,,0,percent of total billed charges,73 percent of billed charges; No services were performed during the 15 month look back period.,1975.1245,73,,,,,0,percent of total billed charges,73 percent of billed charges; No services were performed during the 15 month look back period.,1975.1245,73,,,,,0,percent of total billed charges,73 percent of billed charges; No services were performed during the 15 month look back period.,283.85,,,,,,,Case Rate,"100% Medicare OPPS FS. ",750.59,,,,,,,Case Rate,"100 Percent of Medicaid APG. ",4100,,,,,,,Case Rate,". MPL 100/50/25% all add ons apply, and lesser of 100% of billed charges",750.59,,,,,,,Case Rate,"100 Percent of Medicaid APG. ",283.85,,,,,,,Case Rate,"100% Medicare OPPS FS. ",750.59,,,,,,,Case Rate,"100 Percent of Medicaid APG. ",283.85,,,,,,,Case Rate,"100% Medicare OPPS FS. ",283.85,,,,,,,Case Rate,"100% Medicare OPPS FS. ",750.59,,,,,,,Case Rate,"100 Percent of Medicaid APG. ",750.59,,,,,,,Case Rate,"100 Percent of Medicaid APG. ",1975.1245,73,,,,,0,percent of total billed charges,73 percent of billed charges; No services were performed during the 15 month look back period.,,,,,,,,Other,". ",2110.407,78,,,,,0,percent of total billed charges,78% of Billed Charges. Lesser of 100% of billed charges applies.; No services were performed during the 15 month look back period.,4923.38,,,,,,,Case Rate,". MPL 100/50/25% all add ons apply, and lesser of 100% of billed charges",4923.38,,,,,,,Case Rate,". MPL 100/50/25% all add ons apply, and lesser of 100% of billed charges",14113,,,,,,,Case Rate,". Primary procedure pays at 100%, secondary at 50%, all subsequent at 25%.  Lesser of applies when negotiated rates exceed charges less addons.",283.85,,,,,,,Case Rate,"83% HF Fee schedule. ",12574,,,,,,,Case Rate,". Primary procedure pays at 100%, all subsequent at 50%.",12574,,,,,,,Case Rate,". Primary procedure pays at 100%, all subsequent at 50%.",3280,,,,,,,Case Rate,". MPL 100/50/25% all add ons apply, and lesser of 100% of billed charges",3280,,,,,,,Case Rate,". MPL 100/50/25% all add ons apply, and lesser of 100% of billed charges",283.85,,,,,,,Case Rate,"100% Medicare OPPS FS. ",283.85,,,,,,,Case Rate,"100% Medicare OPPS FS. ",283.85,,,,,,,Case Rate,"100% Medicare OPPS FS. ",283.85,,,,,,,Case Rate,"100% Medicare OPPS FS. ",4923.38,,,,,,,Case Rate,". MPL 100/50/25% all add ons apply, and lesser of 100% of billed charges",4100,,,,,,,Case Rate,". MPL 100/50/25% all add ons apply, and lesser of 100% of billed charges",4100,,,,,,,Case Rate,". MPL 100/50/25% all add ons apply, and lesser of 100% of billed charges",283.85,,,,,,,Case Rate,"100% Medicare OPPS FS. ",3280,,,,,,,Case Rate,". MPL 100/50/25% all add ons apply, and lesser of 100% of billed charges",1975.1245,73,,,,,0,percent of total billed charges,73 percent of billed charges; No services were performed during the 15 month look back period.,900.71,,,,,,,Fee Schedule,"120 Percent of Medicaid APG. ",750.59,,,,,,,Case Rate,"100 Percent of Medicaid APG. ",1975.1245,73,,,,,0,percent of total billed charges,73 percent of billed charges; No services were performed during the 15 month look back period.,3690,,,,,,,Case Rate,". MPL 100/50/25% all add ons apply, and lesser of 100% of billed charges",3690,,,,,,,Case Rate,". MPL 100/50/25% all add ons apply, and lesser of 100% of billed charges",4100,,,,,,,Case Rate,". MPL 100/50/25% all add ons apply, and lesser of 100% of billed charges",14948,,,,,,,Case Rate,". MPL 100/75/50% all add ons apply, and lesser of 100% of billed charges",283.85,,,,,,,Case Rate,"100%Medicare OPPS FS. ",788.12,,,,,,,Fee Schedule,105 percent of Medicaid APG. otherwise 105% of Ordered NYS MCD FS or 105% of ASP+6%,788.12,,,,,,,Fee Schedule,105 percent of Medicaid APG. otherwise 105% of Ordered NYS MCD FS or 105% of ASP+6%,788.12,,,,,,,Fee Schedule,105 percent of Medicaid APG. otherwise 105% of Ordered NYS MCD FS or 105% of ASP+6%,1013.3,,,,,,,Fee Schedule,135 percent of Medicaid APG. otherwise 135% of Ordered NYS MCD FS or 135% of ASP+6%,4923.38,,,,,,,Case Rate,". MPL 100/50/25% all add ons apply, and lesser of 100% of billed charges",788.12,,,,,,,Fee Schedule,105 percent of Medicaid APG. otherwise 105% of Ordered NYS MCD FS or 105% of ASP+6%,788.12,,,,,,,Fee Schedule,105 percent of Medicaid APG. otherwise 105% of Ordered NYS MCD FS or 105% of ASP+6%,788.12,,,,,,,Fee Schedule,105 percent of Medicaid APG. otherwise 105% of Ordered NYS MCD FS or 105% of ASP+6%,788.12,,,,,,,Fee Schedule,105 percent of Medicaid APG. otherwise 105% of Ordered NYS MCD FS or 105% of ASP+6%,788.12,,,,,,,Fee Schedule,105 percent of Medicaid APG. otherwise 105% of Ordered NYS MCD FS or 105% of ASP+6%,1013.3,,,,,,,Fee Schedule,135 percent of Medicaid APG. otherwise 135% of Ordered NYS MCD FS or 135% of ASP+6%,1013.3,,,,,,,Fee Schedule,135 percent of Medicaid APG. otherwise 135% of Ordered NYS MCD FS or 135% of ASP+6%,283.85,,,,,,,Case Rate,"100% Medicare OPPS FS. ",4923.38,,,,,,,Case Rate,". MPL 100/50/25% all add ons apply, and lesser of 100% of billed charges",283.85,,,,,,,Case Rate,"100% Medicare OPPS FS. ",788.12,,,,,,,Fee Schedule,105 percent of Medicaid APG. otherwise 105% of Ordered NYS MCD FS or 105% of ASP+6%,4100,,,,,,,Case Rate,". MPL 100/50/25% all add ons apply, and lesser of 100% of billed charges",283.85,,,,,,,Case Rate,"100% Medicare OPPS FS. ",4100,,,,,,,Case Rate,". MPL 100/50/25% all add ons apply, and lesser of 100% of billed charges",4100,,,,,,,Case Rate,". MPL 100/50/25% all add ons apply, and lesser of 100% of billed charges",4100,,,,,,,Case Rate,". MPL 100/50/25% all add ons apply, and lesser of 100% of billed charges",788.12,,,,,,,Fee Schedule,105 percent of Medicaid APG. otherwise 105% of Ordered NYS MCD FS or 105% of ASP+6%,283.85,,,,,,,Case Rate,"100% Medicare OPPS FS. ",4100,,,,,,,Case Rate,". MPL 100/50/25% all add ons apply, and lesser of 100% of billed charges",1013.3,,,,,,,Fee Schedule,135 percent of Medicaid APG. otherwise 135% of Ordered NYS MCD FS or 135% of ASP+6%,4100,,,,,,,Case Rate,". MPL 100/50/25% all add ons apply, and lesser of 100% of billed charges",5411.3,200,,,,,0,Case Rate,200% of Medicare OPPS. ; No services were performed during the 15 month look back period.,283.85,,,,,,,Case Rate,"100%Medicare OPPS FS. ",1975.1245,73,,,,,0,percent of total billed charges,73 percent of billed charges; No services were performed during the 15 month look back period.,1975.1245,73,,,,,0,percent of total billed charges,73 percent of billed charges; No services were performed during the 15 month look back period.,1975.1245,73,,,,,0,percent of total billed charges,73 percent of billed charges; No services were performed during the 15 month look back period.,1975.1245,73,,,,,0,percent of total billed charges,73 percent of billed charges; No services were performed during the 15 month look back period.,1975.1245,73,,,,,0,percent of total billed charges,73 percent of billed charges; No services were performed during the 15 month look back period.,1975.1245,73,,,,,0,percent of total billed charges,73 percent of billed charges; No services were performed during the 15 month look back period.,1975.1245,73,,,,,0,percent of total billed charges,73 percent of billed charges; No services were performed during the 15 month look back period.,1975.1245,73,,,,,0,percent of total billed charges,73 percent of billed charges; No services were performed during the 15 month look back period.,1975.1245,73,,,,,0,percent of total billed charges,73 percent of billed charges; No services were performed during the 15 month look back period.,1975.1245,73,,,,,0,percent of total billed charges,73 percent of billed charges; No services were performed during the 15 month look back period.,1975.1245,73,,,,,0,percent of total billed charges,73 percent of billed charges; No services were performed during the 15 month look back period.,1975.1245,73,,,,,0,percent of total billed charges,73 percent of billed charges; No services were performed during the 15 month look back period.,283.85,,,,,,,Case Rate,"100% Medicare OPPS FS. ",1975.1245,73,,,,,0,percent of total billed charges,73 percent of billed charges; No services were performed during the 15 month look back period.,283.85,,,,,,,Case Rate,"100% Medicare OPPS FS. ",1688.83,,,,,,,Case Rate,"225 Percent of Medicaid APG. If not included in Medicaid APG, then 100 Percent of Manhattan Medicare",750.59,,,,,,,Case Rate,"100 Percent of Medicaid APG. ",4923.38,,,,,,,Case Rate,". MPL 100/50/25% all add ons apply, and lesser of 100% of billed charges",4923.38,,,,,,,Case Rate,". MPL 100/50/25% all add ons apply, and lesser of 100% of billed charges",283.85,,,,,,,Case Rate,"100% Medicare OPPS FS. ",12574,,,,,,,Case Rate,". Primary procedure pays at 100%, all subsequent at 50%.",283.85,,,,,,,Case Rate,"100% Medicare OPPS FS. ",283.85,,,,,,,Case Rate,"100% Medicare OPPS FS. ",14113,,,,,,,Case Rate,". Primary procedure pays at 100%, secondary at 50%, all subsequent at 25%.  Lesser of applies when negotiated rates exceed charges less addons.",283.85,,,,,,,Case Rate,"100% Medicare OPPS FS. ",,,,,,,,Other,". ",283.85,,,,,,,Case Rate,"100% Medicare OPPS FS. ",,,,,,,,Other,". ",14113,,,,,,,Case Rate,". Primary procedure pays at 100%, secondary at 50%, all subsequent at 25%.  Lesser of applies when negotiated rates exceed charges less addons.",,,,,,,,Other,". ",283.85,,,,,,,Case Rate,"100% Medicare OPPS FS. ",750.59,,,,,,,Case Rate,"100 Percent of Medicaid APG. ",283.85,,,,,,,Case Rate,"100% Medicare OPPS FS. ",,,,,,,,Other,". ",4923.38,,,,,,,Case Rate,". MPL 100/50/25% all add ons apply, and lesser of 100% of billed charges",750.59,,,,,,,Case Rate,"100 Percent of Medicaid APG. ",4100,,,,,,,Case Rate,". MPL 100/50/25% all add ons apply, and lesser of 100% of billed charges",900.71,,,,,,,Fee Schedule,"120 Percent of Medicaid APG. ",900.71,,,,,,,Fee Schedule,"120 Percent of Medicaid APG. ",4100,,,,,,,Case Rate,". MPL 100/50/25% all add ons apply, and lesser of 100% of billed charges",4100,,,,,,,Case Rate,". MPL 100/50/25% all add ons apply, and lesser of 100% of billed charges",4100,,,,,,,Case Rate,". MPL 100/50/25% all add ons apply, and lesser of 100% of billed charges",4923.38,,,,,,,Case Rate,". MPL 100/50/25% all add ons apply, and lesser of 100% of billed charges",4100,,,,,,,Case Rate,". MPL 100/50/25% all add ons apply, and lesser of 100% of billed charges",4100,,,,,,,Case Rate,". MPL 100/50/25% all add ons apply, and lesser of 100% of billed charges",4100,,,,,,,Case Rate,". MPL 100/50/25% all add ons apply, and lesser of 100% of billed charges",1975.1245,73,,,,,0,percent of total billed charges,73 percent of billed charges; No services were performed during the 15 month look back period.,1975.1245,73,,,,,0,percent of total billed charges,73 percent of billed charges; No services were performed during the 15 month look back period.,562.02,,,,,,,Case Rate,198 Percent of Medicare OPPS. Metroplus will reimburse unlisted codes and described codes with no Medicare rate at 50 percent of charges.,750.59,,,,,,,Case Rate,"100 Percent of Medicaid APG. ",4923.38,,,,,,,Case Rate,". MPL 100/50/25% all add ons apply, and lesser of 100% of billed charges",,,,,,,,Other,". ",14113,,,,,,,Case Rate,". Primary procedure pays at 100%, secondary at 50%, all subsequent at 25%.  Lesser of applies when negotiated rates exceed charges less addons.",4923.38,,,,,,,Case Rate,". MPL 100/50/25% all add ons apply, and lesser of 100% of billed charges",14113,,,,,,,Case Rate,". Primary procedure pays at 100%, secondary at 50%, all subsequent at 25%.  Lesser of applies when negotiated rates exceed charges less addons.",4923.38,,,,,,,Case Rate,". MPL 100/50/25% all add ons apply, and lesser of 100% of billed charges",4100,,,,,,,Case Rate,". MPL 100/50/25% all add ons apply, and lesser of 100% of billed charges",4100,,,,,,,Case Rate,". MPL 100/50/25% all add ons apply, and lesser of 100% of billed charges",4100,,,,,,,Case Rate,". MPL 100/50/25% all add ons apply, and lesser of 100% of billed charges",4100,,,,,,,Case Rate,". MPL 100/50/25% all add ons apply, and lesser of 100% of billed charges",283.85,,,,,,,Case Rate,"100% Medicare OPPS FS. ",132.04,25798,
26775,CPT,2024905,LOCAL,361,RC,HC  TREAT FINGER DISLOCATION,3023.88,574.5372,both,,,,5941,,,,,,,Case Rate,". MPL 1st 100% of Payment Rate 50% of all others, all add ons apply, and lesser of 100% of billed charges.",5941,,,,,,,Case Rate,". MPL 1st 100% of Payment Rate 50% of all others, all add ons apply, and lesser of 100% of billed charges.",14113,,,,,,,Case Rate,". Primary procedure pays at 100%, secondary at 50%, all subsequent at 25%.  Lesser of applies when negotiated rates exceed charges less addons.",3023.88,100,,,,,0,percent of total billed charges,100 percent of billed charges. ; No services were performed during the 15 month look back period.,314.26,,,,,,,Case Rate,"100% Medicare OPPS FS. ",14113,,,,,,,Case Rate,". Primary procedure pays at 100%, secondary at 50%, all subsequent at 25%.  Lesser of applies when negotiated rates exceed charges less addons.",14113,,,,,,,Case Rate,". Primary procedure pays at 100%, secondary at 50%, all subsequent at 25%.  Lesser of applies when negotiated rates exceed charges less addons.",14113,,,,,,,Case Rate,". Primary procedure pays at 100%, secondary at 50%, all subsequent at 25%.  Lesser of applies when negotiated rates exceed charges less addons.",1542.85,,,,,,,Case Rate,"100 Percent of Medicaid APG. ",1285.71,,,,,,,Case Rate,"100 Percent of Medicaid APG. ",2358.6264,78,,,,,0,percent of total billed charges,78% of Billed Charges. Lesser of 100% of billed charges applies.; No services were performed during the 15 month look back period.,4923.38,,,,,,,Case Rate,". MPL 100/50/25% all add ons apply, and lesser of 100% of billed charges",1285.71,,,,,,,Case Rate,"100 Percent of Medicaid APG. ",314.26,,,,,,,Case Rate,"100% Medicare OPPS FS. ",6487,,,,,,,Case Rate,". MPL 100/50/25% maxmium of 3 procedures. All add ons apply, and lesser of 100% of billed charges",6487,,,,,,,Case Rate,". MPL 100/50/25% maxmium of 3 procedures. All add ons apply, and lesser of 100% of billed charges",6487,,,,,,,Case Rate,". MPL 100/50/25% maxmium of 3 procedures. All add ons apply, and lesser of 100% of billed charges",6487,,,,,,,Case Rate,". MPL 100/50/25% maxmium of 3 procedures. All add ons apply, and lesser of 100% of billed charges",1285.71,,,,,,,Case rate,124 Percent of Medicaid APG. Covered services not payable under Medicaid Fee Schedules default to a payment of 50 percent of charges.,314.26,,,,,,,Case Rate,"100% Medicare OPPS FS. ",1285.71,,,,,,,Case rate,124 Percent of Medicaid APG. Covered services not payable under Medicaid Fee Schedules default to a payment of 50 percent of charges.,2358.6264,78,,,,,0,percent of total billed charges,78% of Billed Charges. Lesser of 100% of billed charges applies.; No services were performed during the 15 month look back period.,14113,,,,,,,Case Rate,". Primary procedure pays at 100%, secondary at 50%, all subsequent at 25%.  Lesser of applies when negotiated rates exceed charges less addons.",314.26,,,,,,,Case Rate,"100%Medicare OPPS FS. ",8427,,,,,,,Case Rate,". Primary procedure pays at 100%, all subsequent at 50%.",314.26,,,,,,,Case Rate,"100%Medicare OPPS FS. ",314.26,,,,,,,Case Rate,"100%Medicare OPPS FS. ",2358.6264,78,,,,,0,percent of total billed charges,78% of Billed Charges. Lesser of 100% of billed charges applies.; No services were performed during the 15 month look back period.,138.2,,,,,,,Case Rate,100% of PAS. Lesser of 100% of billed charges applies.,138.2,,,,,,,Case Rate,100% of PAS. Lesser of 100% of billed charges applies.,1285.71,,,,,,,Case rate,"100 Percent of Medicaid APG. ",1285.71,,,,,,,Case rate,"100 Percent of Medicaid APG. ",8427,,,,,,,Case Rate,". Primary procedure pays at 100%, all subsequent at 50%.",8427,,,,,,,Case Rate,". Primary procedure pays at 100%, all subsequent at 50%.",1285.71,,,,,,,Case Rate,"100 Percent of Medicaid APG. Not APG payable, or payable under another fee schedule like ASP/AWP pays at 30% of charges",8427,,,,,,,Case Rate,". Primary procedure pays at 100%, all subsequent at 50%.",1285.71,,,,,,,Case Rate,"100 Percent of Medicaid APG. Not APG payable, or payable under another fee schedule like ASP/AWP pays at 30% of charges",314.26,,,,,,,Case Rate,"100%Medicare OPPS FS. ",8427,,,,,,,Case Rate,". Primary procedure pays at 100%, all subsequent at 50%.",2358.6264,78,,,,,0,percent of total billed charges,78% of Billed Charges. Lesser of 100% of billed charges applies.; No services were performed during the 15 month look back period.,1285.71,,,,,,,Case Rate,"100 Percent of Medicaid APG. ",1285.71,,,,,,,Case Rate,"100 Percent of Medicaid APG. ",2358.6264,78,,,,,0,percent of total billed charges,78% of Billed Charges. Lesser of 100% of billed charges applies.; No services were performed during the 15 month look back period.,6487,,,,,,,Case Rate,". MPL 100/50/25% maxmium of 3 procedures. All add ons apply, and lesser of 100% of billed charges",4500,,,,,,,Case Rate,". MPL 100/50/25% all add ons apply, and lesser of 100% of billed charges",4500,,,,,,,Case Rate,". MPL 100/50/25% all add ons apply, and lesser of 100% of billed charges",2358.6264,78,,,,,0,percent of total billed charges,78% of Billed Charges. Lesser of 100% of billed charges applies.; No services were performed during the 15 month look back period.,314.26,,,,,,,Case Rate,"100% Medicare OPPS FS. ",4923.38,,,,,,,Case Rate,". MPL 100/50/25% all add ons apply, and lesser of 100% of billed charges",4923.38,,,,,,,Case Rate,". MPL 100/50/25% all add ons apply, and lesser of 100% of billed charges",4923.38,,,,,,,Case Rate,". MPL 100/50/25% all add ons apply, and lesser of 100% of billed charges",314.26,,,,,,,Case Rate,"100% Medicare OPPS FS. ",4923.38,,,,,,,Case Rate,". MPL 100/50/25% all add ons apply, and lesser of 100% of billed charges",4923.38,,,,,,,Case Rate,". MPL 100/50/25% all add ons apply, and lesser of 100% of billed charges",314.26,,,,,,,Case Rate,"100% of Medicare OPPS. ",25798,,,,,,,Case Rate,". MPL 100/75/50% all add ons apply, and lesser of 100% of billed charges",4100,,,,,,,Case Rate,". MPL 100/50/25% all add ons apply, and lesser of 100% of billed charges",4100,,,,,,,Case Rate,". MPL 100/50/25% all add ons apply, and lesser of 100% of billed charges",4100,,,,,,,Case Rate,". MPL 100/50/25% all add ons apply, and lesser of 100% of billed charges",4100,,,,,,,Case Rate,". MPL 100/50/25% all add ons apply, and lesser of 100% of billed charges",4100,,,,,,,Case Rate,". MPL 100/50/25% all add ons apply, and lesser of 100% of billed charges",4100,,,,,,,Case Rate,". MPL 100/50/25% all add ons apply, and lesser of 100% of billed charges",314.26,,,,,,,Case Rate,"100% Medicare OPPS FS. ",314.26,,,,,,,Case Rate,"100% Medicare OPPS FS. ",4100,,,,,,,Case Rate,". MPL 100/50/25% all add ons apply, and lesser of 100% of billed charges",2358.6264,78,,,,,0,percent of total billed charges,78% of Billed Charges. Lesser of 100% of billed charges applies.; No services were performed during the 15 month look back period.,2358.6264,78,,,,,0,percent of total billed charges,78% of Billed Charges. Lesser of 100% of billed charges applies.; No services were performed during the 15 month look back period.,2358.6264,78,,,,,0,percent of total billed charges,78% of Billed Charges. Lesser of 100% of billed charges applies.; No services were performed during the 15 month look back period.,2358.6264,78,,,,,0,percent of total billed charges,78% of Billed Charges. Lesser of 100% of billed charges applies.; No services were performed during the 15 month look back period.,2358.6264,78,,,,,0,percent of total billed charges,78% of Billed Charges. Lesser of 100% of billed charges applies.; No services were performed during the 15 month look back period.,2358.6264,78,,,,,0,percent of total billed charges,78% of Billed Charges. Lesser of 100% of billed charges applies.; No services were performed during the 15 month look back period.,2358.6264,78,,,,,0,percent of total billed charges,78% of Billed Charges. Lesser of 100% of billed charges applies.; No services were performed during the 15 month look back period.,2358.6264,78,,,,,0,percent of total billed charges,78% of Billed Charges. Lesser of 100% of billed charges applies.; No services were performed during the 15 month look back period.,2358.6264,78,,,,,0,percent of total billed charges,78% of Billed Charges. Lesser of 100% of billed charges applies.; No services were performed during the 15 month look back period.,2358.6264,78,,,,,0,percent of total billed charges,78% of Billed Charges. Lesser of 100% of billed charges applies.; No services were performed during the 15 month look back period.,2358.6264,78,,,,,0,percent of total billed charges,78% of Billed Charges. Lesser of 100% of billed charges applies.; No services were performed during the 15 month look back period.,2358.6264,78,,,,,0,percent of total billed charges,78% of Billed Charges. Lesser of 100% of billed charges applies.; No services were performed during the 15 month look back period.,2358.6264,78,,,,,0,percent of total billed charges,78% of Billed Charges. Lesser of 100% of billed charges applies.; No services were performed during the 15 month look back period.,2358.6264,78,,,,,0,percent of total billed charges,78% of Billed Charges. Lesser of 100% of billed charges applies.; No services were performed during the 15 month look back period.,2358.6264,78,,,,,0,percent of total billed charges,78% of Billed Charges. Lesser of 100% of billed charges applies.; No services were performed during the 15 month look back period.,2358.6264,78,,,,,0,percent of total billed charges,78% of Billed Charges. Lesser of 100% of billed charges applies.; No services were performed during the 15 month look back period.,2358.6264,78,,,,,0,percent of total billed charges,78% of Billed Charges. Lesser of 100% of billed charges applies.; No services were performed during the 15 month look back period.,2358.6264,78,,,,,0,percent of total billed charges,78% of Billed Charges. Lesser of 100% of billed charges applies.; No services were performed during the 15 month look back period.,2358.6264,78,,,,,0,percent of total billed charges,78% of Billed Charges. Lesser of 100% of billed charges applies.; No services were performed during the 15 month look back period.,2358.6264,78,,,,,0,percent of total billed charges,78% of Billed Charges. Lesser of 100% of billed charges applies.; No services were performed during the 15 month look back period.,2358.6264,78,,,,,0,percent of total billed charges,78% of Billed Charges. Lesser of 100% of billed charges applies.; No services were performed during the 15 month look back period.,2358.6264,78,,,,,0,percent of total billed charges,78% of Billed Charges. Lesser of 100% of billed charges applies.; No services were performed during the 15 month look back period.,2358.6264,78,,,,,0,percent of total billed charges,78% of Billed Charges. Lesser of 100% of billed charges applies.; No services were performed during the 15 month look back period.,2358.6264,78,,,,,0,percent of total billed charges,78% of Billed Charges. Lesser of 100% of billed charges applies.; No services were performed during the 15 month look back period.,2358.6264,78,,,,,0,percent of total billed charges,78% of Billed Charges. Lesser of 100% of billed charges applies.; No services were performed during the 15 month look back period.,2358.6264,78,,,,,0,percent of total billed charges,78% of Billed Charges. Lesser of 100% of billed charges applies.; No services were performed during the 15 month look back period.,8427,,,,,,,Case Rate,". Primary procedure pays at 100%, all subsequent at 50%.",8427,,,,,,,Case Rate,". Primary procedure pays at 100%, all subsequent at 50%.",8427,,,,,,,Case Rate,". Primary procedure pays at 100%, all subsequent at 50%.",8427,,,,,,,Case Rate,". Primary procedure pays at 100%, all subsequent at 50%.",12574,,,,,,,Case Rate,". Primary procedure pays at 100%, all subsequent at 50%.",12574,,,,,,,Case Rate,". Primary procedure pays at 100%, all subsequent at 50%.",6487,,,,,,,Case Rate,". MPL 100/50/25% maxmium of 3 procedures. All add ons apply, and lesser of 100% of billed charges",4100,,,,,,,Case Rate,". MPL 100/50/25% all add ons apply, and lesser of 100% of billed charges",4923.38,,,,,,,Case Rate,". MPL 100/50/25% all add ons apply, and lesser of 100% of billed charges",4100,,,,,,,Case Rate,". MPL 100/50/25% all add ons apply, and lesser of 100% of billed charges",2358.6264,78,,,,,0,percent of total billed charges,78% of Billed Charges. Lesser of 100% of billed charges applies.; No services were performed during the 15 month look back period.,12574,,,,,,,Case Rate,". Primary procedure pays at 100%, all subsequent at 50%.",4100,,,,,,,Case Rate,". MPL 100/50/25% all add ons apply, and lesser of 100% of billed charges",4923.38,,,,,,,Case Rate,". MPL 100/50/25% all add ons apply, and lesser of 100% of billed charges",6487,,,,,,,Case Rate,". MPL 100/50/25% maxmium of 3 procedures. All add ons apply, and lesser of 100% of billed charges",,,,,,,,,"NA. ",2358.6264,78,,,,,0,percent of total billed charges,78% of Billed Charges. Lesser of 100% of billed charges applies.; No services were performed during the 15 month look back period.,1285.71,,,,,,,Case Rate,"100 Percent of Medicaid APG. ",8427,,,,,,,Case Rate,". Primary procedure pays at 100%, all subsequent at 50%.",1285.71,,,,,,,Case Rate,"100 Percent of Medicaid APG. Not APG payable, or payable under another fee schedule like ASP/AWP pays at 30% of charges",314.26,,,,,,,Case Rate,"100%Medicare OPPS FS. ",314.26,,,,,,,Case Rate,"100% Medicare OPPS FS. ",25798,,,,,,,Case Rate,". MPL 100/75/50% all add ons apply, and lesser of 100% of billed charges",314.26,,,,,,,Case Rate,"100% Medicare OPPS FS. ",314.26,,,,,,,Case Rate,"100% Medicare OPPS FS. ",1285.71,,,,,,,Case Rate,"100 Percent of Medicaid APG. ",314.26,,,,,,,Case Rate,"100% Medicare OPPS FS. ",314.26,,,,,,,Case Rate,"100% Medicare OPPS FS. ",14113,,,,,,,Case Rate,". Primary procedure pays at 100%, secondary at 50%, all subsequent at 25%.  Lesser of applies when negotiated rates exceed charges less addons.",14113,,,,,,,Case Rate,". Primary procedure pays at 100%, secondary at 50%, all subsequent at 25%.  Lesser of applies when negotiated rates exceed charges less addons.",314.26,,,,,,,Case Rate,"100% Medicare OPPS FS. ",6487,,,,,,,Case Rate,". MPL 100/50/25% maxmium of 3 procedures. All add ons apply, and lesser of 100% of billed charges",4923.38,,,,,,,Case Rate,". MPL 100/50/25% all add ons apply, and lesser of 100% of billed charges",4923.38,,,,,,,Case Rate,". MPL 100/50/25% all add ons apply, and lesser of 100% of billed charges",314.26,,,,,,,Case Rate,"100% Medicare OPPS FS. ",6487,,,,,,,Case Rate,". MPL 100/50/25% maxmium of 3 procedures. All add ons apply, and lesser of 100% of billed charges",14113,,,,,,,Case Rate,". Primary procedure pays at 100%, secondary at 50%, all subsequent at 25%.  Lesser of applies when negotiated rates exceed charges less addons.",14113,,,,,,,Case Rate,". Primary procedure pays at 100%, secondary at 50%, all subsequent at 25%.  Lesser of applies when negotiated rates exceed charges less addons.",14113,,,,,,,Case Rate,". Primary procedure pays at 100%, secondary at 50%, all subsequent at 25%.  Lesser of applies when negotiated rates exceed charges less addons.",2358.6264,78,,,,,0,percent of total billed charges,78% of Billed Charges. Lesser of 100% of billed charges applies.; No services were performed during the 15 month look back period.,2358.6264,78,,,,,0,percent of total billed charges,78% of Billed Charges. Lesser of 100% of billed charges applies.; No services were performed during the 15 month look back period.,2358.6264,78,,,,,0,percent of total billed charges,78% of Billed Charges. Lesser of 100% of billed charges applies.; No services were performed during the 15 month look back period.,2358.6264,78,,,,,0,percent of total billed charges,78% of Billed Charges. Lesser of 100% of billed charges applies.; No services were performed during the 15 month look back period.,2358.6264,78,,,,,0,percent of total billed charges,78% of Billed Charges. Lesser of 100% of billed charges applies.; No services were performed during the 15 month look back period.,2358.6264,78,,,,,0,percent of total billed charges,78% of Billed Charges. Lesser of 100% of billed charges applies.; No services were performed during the 15 month look back period.,2358.6264,78,,,,,0,percent of total billed charges,78% of Billed Charges. Lesser of 100% of billed charges applies.; No services were performed during the 15 month look back period.,2358.6264,78,,,,,0,percent of total billed charges,78% of Billed Charges. Lesser of 100% of billed charges applies.; No services were performed during the 15 month look back period.,2358.6264,78,,,,,0,percent of total billed charges,78% of Billed Charges. Lesser of 100% of billed charges applies.; No services were performed during the 15 month look back period.,2358.6264,78,,,,,0,percent of total billed charges,78% of Billed Charges. Lesser of 100% of billed charges applies.; No services were performed during the 15 month look back period.,2358.6264,78,,,,,0,percent of total billed charges,78% of Billed Charges. Lesser of 100% of billed charges applies.; No services were performed during the 15 month look back period.,12574,,,,,,,Case Rate,". Primary procedure pays at 100%, all subsequent at 50%.",4100,,,,,,,Case Rate,". MPL 100/50/25% all add ons apply, and lesser of 100% of billed charges",6487,,,,,,,Case Rate,". MPL 100/50/25% maxmium of 3 procedures. All add ons apply, and lesser of 100% of billed charges",314.26,,,,,,,Case Rate,"100% Medicare OPPS FS. ",14113,,,,,,,Case Rate,". Primary procedure pays at 100%, secondary at 50%, all subsequent at 25%.  Lesser of applies when negotiated rates exceed charges less addons.",6487,,,,,,,Case Rate,". MPL 100/50/25% maxmium of 3 procedures. All add ons apply, and lesser of 100% of billed charges",6487,,,,,,,Case Rate,". MPL 100/50/25% maxmium of 3 procedures. All add ons apply, and lesser of 100% of billed charges",2358.6264,78,,,,,0,percent of total billed charges,78% of Billed Charges. Lesser of 100% of billed charges applies.; No services were performed during the 15 month look back period.,2751.42,,,,,,,Case Rate,"214 Percent of Medicaid APG. Drugs not priced under APG, billed with revenue code 636 and not priced by Medicare ASP FeeSched will be reimbursed at 20% of charges.",6487,,,,,,,Case Rate,". MPL 100/50/25% maxmium of 3 procedures. All add ons apply, and lesser of 100% of billed charges",1285.71,,,,,,,Case Rate,"100 Percent of Medicaid APG. ",314.26,,,,,,,Case Rate,"100% Medicare OPPS FS. ",314.26,,,,,,,Case Rate,"100% Medicare OPPS FS. ",314.26,,,,,,,Case Rate,"100% Medicare OPPS FS. ",314.26,,,,,,,Case Rate,"100% Medicare OPPS FS. ",314.26,,,,,,,Case Rate,"100% Medicare OPPS FS. ",314.26,,,,,,,Case Rate,"100% Medicare OPPS FS. ",6487,,,,,,,Case Rate,". MPL 100/50/25% maxmium of 3 procedures. All add ons apply, and lesser of 100% of billed charges",25798,,,,,,,Case Rate,". MPL 100/75/50% all add ons apply, and lesser of 100% of billed charges",2314.28,,,,,,,Fee Schedule,"180 Percent of Medicaid APG. ",2314.28,,,,,,,Fee Schedule,"180 Percent of Medicaid APG. ",2314.28,,,,,,,Fee Schedule,"180 Percent of Medicaid APG. ",2314.28,,,,,,,Fee Schedule,"180 Percent of Medicaid APG. ",2314.28,,,,,,,Fee Schedule,"180 Percent of Medicaid APG. ",,,,,,,,,"NA. ",25798,,,,,,,Case Rate,". MPL 100/75/50% all add ons apply, and lesser of 100% of billed charges",622.24,,,,,,,Case Rate,198 Percent of Medicare OPPS. Metroplus will reimburse unlisted codes and described codes with no Medicare rate at 50 percent of charges.,622.24,,,,,,,Case Rate,198 Percent of Medicare OPPS. Metroplus will reimburse unlisted codes and described codes with no Medicare rate at 50 percent of charges.,622.24,,,,,,,Case Rate,198 Percent of Medicare OPPS. Metroplus will reimburse unlisted codes and described codes with no Medicare rate at 50 percent of charges.,622.24,,,,,,,Case Rate,198 Percent of Medicare OPPS. Metroplus will reimburse unlisted codes and described codes with no Medicare rate at 50 percent of charges.,622.24,,,,,,,Case Rate,198 Percent of Medicare OPPS. Metroplus will reimburse unlisted codes and described codes with no Medicare rate at 50 percent of charges.,314.26,,,,,,,Case Rate,"100% Medicare OPPS FS. ",12574,,,,,,,Case Rate,". Primary procedure pays at 100%, all subsequent at 50%.",12574,,,,,,,Case Rate,". Primary procedure pays at 100%, all subsequent at 50%.",12574,,,,,,,Case Rate,". Primary procedure pays at 100%, all subsequent at 50%.",12574,,,,,,,Case Rate,". Primary procedure pays at 100%, all subsequent at 50%.",14113,,,,,,,Case Rate,". Primary procedure pays at 100%, secondary at 50%, all subsequent at 25%.  Lesser of applies when negotiated rates exceed charges less addons.",14113,,,,,,,Case Rate,". Primary procedure pays at 100%, secondary at 50%, all subsequent at 25%.  Lesser of applies when negotiated rates exceed charges less addons.",14113,,,,,,,Case Rate,". Primary procedure pays at 100%, secondary at 50%, all subsequent at 25%.  Lesser of applies when negotiated rates exceed charges less addons.",14113,,,,,,,Case Rate,". Primary procedure pays at 100%, secondary at 50%, all subsequent at 25%.  Lesser of applies when negotiated rates exceed charges less addons.",25798,,,,,,,Case Rate,". MPL 100/75/50% all add ons apply, and lesser of 100% of billed charges",25798,,,,,,,Case Rate,". MPL 100/75/50% all add ons apply, and lesser of 100% of billed charges",314.26,,,,,,,Case Rate,"100% Medicare OPPS FS. ",314.26,,,,,,,Case Rate,"100% Medicare OPPS FS. ",314.26,,,,,,,Case Rate,"100% Medicare OPPS FS. ",4100,,,,,,,Case Rate,". MPL 100/50/25% all add ons apply, and lesser of 100% of billed charges",4100,,,,,,,Case Rate,". MPL 100/50/25% all add ons apply, and lesser of 100% of billed charges",4100,,,,,,,Case Rate,". MPL 100/50/25% all add ons apply, and lesser of 100% of billed charges",25798,,,,,,,Case Rate,". MPL 100/75/50% all add ons apply, and lesser of 100% of billed charges",14113,,,,,,,Case Rate,". Primary procedure pays at 100%, secondary at 50%, all subsequent at 25%.  Lesser of applies when negotiated rates exceed charges less addons.",314.26,,,,,,,Case Rate,"100% Medicare OPPS FS. ",4100,,,,,,,Case Rate,". MPL 100/50/25% all add ons apply, and lesser of 100% of billed charges",1285.71,,,,,,,Case Rate,"100 Percent of Medicaid APG. ",320.55,,,,,,,Case Rate,"102% of Medicare OPPS. ",320.55,,,,,,,Case Rate,"102% of Medicare OPPS. ",320.55,,,,,,,Case Rate,"102% of Medicare OPPS. ",1285.71,,,,,,,Case rate,"100 Percent of Medicaid APG. ",2892.85,,,,,,,Case Rate,225% of NYS APG. Lesser of 100% of billed charges applies.,2892.85,,,,,,,Case Rate,225% of NYS APG. Lesser of 100% of billed charges applies.,2892.85,,,,,,,Case Rate,225% of NYS APG. Lesser of 100% of billed charges applies.,2892.85,,,,,,,Case Rate,225% of NYS APG. Lesser of 100% of billed charges applies.,2892.85,,,,,,,Case Rate,225% of NYS APG. Lesser of 100% of billed charges applies.,320.55,,,,,,,Case Rate,"102% of Medicare OPPS. ",1285.71,,,,,,,Case Rate,"100 Percent of Medicaid APG. ",138.2,,,,,,,Case Rate,100% of PAS. Lesser of 100% of billed charges applies.,2892.85,,,,,,,Case Rate,225% of NYS APG. Lesser of 100% of billed charges applies.,2892.85,,,,,,,Case Rate,225% of NYS APG. Lesser of 100% of billed charges applies.,138.2,,,,,,,Case Rate,100% of PAS. Lesser of 100% of billed charges applies.,138.2,,,,,,,Case Rate,100% of PAS. Lesser of 100% of billed charges applies.,2314.28,,,,,,,Fee Schedule,"180 Percent of Medicaid APG. ",314.26,,,,,,,Case Rate,"100% Medicare OPPS FS. ",314.26,,,,,,,Case Rate,"100% Medicare OPPS FS. ",14113,,,,,,,Case Rate,". Primary procedure pays at 100%, secondary at 50%, all subsequent at 25%.  Lesser of applies when negotiated rates exceed charges less addons.",314.26,,,,,,,Case Rate,"100% Medicare OPPS FS. ",2892.85,,,,,,,Case Rate,"225 Percent of Medicaid APG. ",2892.85,,,,,,,Case Rate,"225 Percent of Medicaid APG. ",1285.71,,,,,,,Case rate,"100 Percent of Medicaid APG. ",1285.71,,,,,,,Case rate,"100 Percent of Medicaid APG. ",2892.85,,,,,,,Case Rate,225 Percent of Medicaid APG. Covered services not payable under Medicaid Fee Schedules default to a payment of 87.5 percent of charges.,1285.71,,,,,,,Case rate,124 Percent of Medicaid APG. Covered services not payable under Medicaid Fee Schedules default to a payment of 50 percent of charges.,2892.85,,,,,,,Case Rate,"100 Percent of Medicaid APG. ",2892.85,,,,,,,Case Rate,"100 Percent of Medicaid APG. ",2892.85,,,,,,,Case Rate,"100 Percent of Medicaid APG. ",2892.85,,,,,,,Case Rate,"100 Percent of Medicaid APG. ",13453,,,,,,,Case Rate,". MPL 100/75/50% all add ons apply, and lesser of 100% of billed charges",25798,,,,,,,Case Rate,". MPL 100/75/50% all add ons apply, and lesser of 100% of billed charges",1542.85,,,,,,,Case Rate,"120 Percent of Medicaid APG. Not APG payable, or payable under another fee schedule like ASP/AWP pays at 30% of charges",1542.85,,,,,,,Case Rate,"120 Percent of Medicaid APG. Not APG payable, or payable under another fee schedule like ASP/AWP pays at 30% of charges",1285.71,,,,,,,Case Rate,"100 Percent of Medicaid APG. Not APG payable, or payable under another fee schedule like ASP/AWP pays at 30% of charges",1285.71,,,,,,,Case Rate,"100 Percent of Medicaid APG. Not APG payable, or payable under another fee schedule like ASP/AWP pays at 30% of charges",4100,,,,,,,Case Rate,". MPL 100/50/25% all add ons apply, and lesser of 100% of billed charges",4100,,,,,,,Case Rate,". MPL 100/50/25% all add ons apply, and lesser of 100% of billed charges",314.26,,,,,,,Case Rate,"100% Medicare OPPS FS. ",4100,,,,,,,Case Rate,". MPL 100/50/25% all add ons apply, and lesser of 100% of billed charges",4100,,,,,,,Case Rate,". MPL 100/50/25% all add ons apply, and lesser of 100% of billed charges",4100,,,,,,,Case Rate,". MPL 100/50/25% all add ons apply, and lesser of 100% of billed charges",4100,,,,,,,Case Rate,". MPL 100/50/25% all add ons apply, and lesser of 100% of billed charges",314.26,,,,,,,Case Rate,"100% Medicare OPPS FS. ",4100,,,,,,,Case Rate,". MPL 100/50/25% all add ons apply, and lesser of 100% of billed charges",4100,,,,,,,Case Rate,". MPL 100/50/25% all add ons apply, and lesser of 100% of billed charges",14113,,,,,,,Case Rate,". Primary procedure pays at 100%, secondary at 50%, all subsequent at 25%.  Lesser of applies when negotiated rates exceed charges less addons.",1285.71,,,,,,,Fee Schedule,100% APG. Lesser of 100% of billed charges applies.,1285.71,,,,,,,Case rate,124 Percent of Medicaid APG. Covered services not payable under Medicaid Fee Schedules default to a payment of 50 percent of charges.,2892.85,,,,,,,Case Rate,225% of NYS APG. Lesser of 100% of billed charges applies.,2892.85,,,,,,,Case Rate,225 Percent of Medicaid APG. Covered services not payable under Medicaid Fee Schedules default to a payment of 87.5 percent of charges.,1285.71,,,,,,,Case rate,124 Percent of Medicaid APG. Covered services not payable under Medicaid Fee Schedules default to a payment of 50 percent of charges.,2892.85,,,,,,,Case Rate,225% of NYS APG. Lesser of 100% of billed charges applies.,2892.85,,,,,,,Case Rate,225% of NYS APG. Lesser of 100% of billed charges applies.,2892.85,,,,,,,Case Rate,225% of NYS APG. Lesser of 100% of billed charges applies.,2892.85,,,,,,,Case Rate,225% of NYS APG. Lesser of 100% of billed charges applies.,2892.85,,,,,,,Case Rate,225% of NYS APG. Lesser of 100% of billed charges applies.,2892.85,,,,,,,Case Rate,225% of NYS APG. Lesser of 100% of billed charges applies.,,,,,,,,,"NA. ",,,,,,,,,"NA. ",,,,,,,,,"NA. ",6487,,,,,,,Case Rate,". MPL 100/50/25% maxmium of 3 procedures. All add ons apply, and lesser of 100% of billed charges",,,,,,,,,"NA. ",314.26,,,,,,,Case Rate,"100% Medicare OPPS FS. ",5941,,,,,,,Case Rate,". MPL 1st 100% of Payment Rate 50% of all others, all add ons apply, and lesser of 100% of billed charges.",314.26,,,,,,,Case Rate,"100% Medicare OPPS FS. ",314.26,,,,,,,Case Rate,"100% Medicare OPPS FS. ",1542.85,,,,,,,Case Rate,"120 Percent of Medicaid APG. Not APG payable, or payable under another fee schedule like ASP/AWP pays at 30% of charges",1542.85,,,,,,,Case Rate,"120 Percent of Medicaid APG. Not APG payable, or payable under another fee schedule like ASP/AWP pays at 30% of charges",1285.71,,,,,,,Case Rate,"100 Percent of Medicaid APG. Not APG payable, or payable under another fee schedule like ASP/AWP pays at 30% of charges",1285.71,,,,,,,Case Rate,"100 Percent of Medicaid APG. Not APG payable, or payable under another fee schedule like ASP/AWP pays at 30% of charges",1285.71,,,,,,,Case Rate,"100 Percent of Medicaid APG. ",7163,,,,,,,Case Rate,". ",14113,,,,,,,Case Rate,". Primary procedure pays at 100%, secondary at 50%, all subsequent at 25%.  Lesser of applies when negotiated rates exceed charges less addons.",8427,,,,,,,Case Rate,". Primary procedure pays at 100%, all subsequent at 50%.",6487,,,,,,,Case Rate,". MPL 100/50/25% maxmium of 3 procedures. All add ons apply, and lesser of 100% of billed charges",314.26,,,,,,,Case Rate,"100%Medicare OPPS FS. ",314.26,,,,,,,Case Rate,"100% Medicare OPPS FS. ",314.26,,,,,,,Case Rate,"100% Medicare OPPS FS. ",314.26,,,,,,,Case Rate,"100% Medicare OPPS FS. ",314.26,,,,,,,Case Rate,"100%Medicare OPPS FS. ",314.26,,,,,,,Case Rate,"100% Medicare OPPS FS. ",,,,,,,,,"NA. ",2892.85,,,,,,,Case Rate,225% of NYS APG. Lesser of 100% of billed charges applies.,138.2,,,,,,,Case Rate,100% of PAS. Lesser of 100% of billed charges applies.,4100,,,,,,,Case Rate,". MPL 100/50/25% all add ons apply, and lesser of 100% of billed charges",7163,,,,,,,Case Rate,". ",7163,,,,,,,Case Rate,". ",7163,,,,,,,Case Rate,". ",7163,,,,,,,Case Rate,". ",314.26,,,,,,,Case Rate,"100% Medicare OPPS FS. ",1285.71,,,,,,,Case Rate,"100 Percent of Medicaid APG. ",4100,,,,,,,Case Rate,". MPL 100/50/25% all add ons apply, and lesser of 100% of billed charges",1285.71,,,,,,,Case Rate,"100 Percent of Medicaid APG. ",314.26,,,,,,,Case Rate,"100% Medicare OPPS FS. ",1285.71,,,,,,,Case Rate,"100 Percent of Medicaid APG. ",314.26,,,,,,,Case Rate,"100% Medicare OPPS FS. ",314.26,,,,,,,Case Rate,"100% Medicare OPPS FS. ",1285.71,,,,,,,Case Rate,"100 Percent of Medicaid APG. ",1285.71,,,,,,,Case Rate,"100 Percent of Medicaid APG. ",7163,,,,,,,Case Rate,". ",6487,,,,,,,Case Rate,". MPL 100/50/25% maxmium of 3 procedures. All add ons apply, and lesser of 100% of billed charges",2358.6264,78,,,,,0,percent of total billed charges,78% of Billed Charges. Lesser of 100% of billed charges applies.; No services were performed during the 15 month look back period.,4923.38,,,,,,,Case Rate,". MPL 100/50/25% all add ons apply, and lesser of 100% of billed charges",4923.38,,,,,,,Case Rate,". MPL 100/50/25% all add ons apply, and lesser of 100% of billed charges",14113,,,,,,,Case Rate,". Primary procedure pays at 100%, secondary at 50%, all subsequent at 25%.  Lesser of applies when negotiated rates exceed charges less addons.",314.26,,,,,,,Case Rate,"83% HF Fee schedule. ",12574,,,,,,,Case Rate,". Primary procedure pays at 100%, all subsequent at 50%.",12574,,,,,,,Case Rate,". Primary procedure pays at 100%, all subsequent at 50%.",3280,,,,,,,Case Rate,". MPL 100/50/25% all add ons apply, and lesser of 100% of billed charges",3280,,,,,,,Case Rate,". MPL 100/50/25% all add ons apply, and lesser of 100% of billed charges",314.26,,,,,,,Case Rate,"100% Medicare OPPS FS. ",314.26,,,,,,,Case Rate,"100% Medicare OPPS FS. ",314.26,,,,,,,Case Rate,"100% Medicare OPPS FS. ",314.26,,,,,,,Case Rate,"100% Medicare OPPS FS. ",4923.38,,,,,,,Case Rate,". MPL 100/50/25% all add ons apply, and lesser of 100% of billed charges",4100,,,,,,,Case Rate,". MPL 100/50/25% all add ons apply, and lesser of 100% of billed charges",4100,,,,,,,Case Rate,". MPL 100/50/25% all add ons apply, and lesser of 100% of billed charges",314.26,,,,,,,Case Rate,"100% Medicare OPPS FS. ",3280,,,,,,,Case Rate,". MPL 100/50/25% all add ons apply, and lesser of 100% of billed charges",8427,,,,,,,Case Rate,". Primary procedure pays at 100%, all subsequent at 50%.",1542.85,,,,,,,Fee Schedule,"120 Percent of Medicaid APG. ",1285.71,,,,,,,Case Rate,"100 Percent of Medicaid APG. ",7163,,,,,,,Case Rate,". ",3690,,,,,,,Case Rate,". MPL 100/50/25% all add ons apply, and lesser of 100% of billed charges",3690,,,,,,,Case Rate,". MPL 100/50/25% all add ons apply, and lesser of 100% of billed charges",4100,,,,,,,Case Rate,". MPL 100/50/25% all add ons apply, and lesser of 100% of billed charges",14948,,,,,,,Case Rate,". MPL 100/75/50% all add ons apply, and lesser of 100% of billed charges",314.26,,,,,,,Case Rate,"100%Medicare OPPS FS. ",1350,,,,,,,Fee Schedule,105 percent of Medicaid APG. otherwise 105% of Ordered NYS MCD FS or 105% of ASP+6%,1350,,,,,,,Fee Schedule,105 percent of Medicaid APG. otherwise 105% of Ordered NYS MCD FS or 105% of ASP+6%,1350,,,,,,,Fee Schedule,105 percent of Medicaid APG. otherwise 105% of Ordered NYS MCD FS or 105% of ASP+6%,1735.71,,,,,,,Fee Schedule,135 percent of Medicaid APG. otherwise 135% of Ordered NYS MCD FS or 135% of ASP+6%,4923.38,,,,,,,Case Rate,". MPL 100/50/25% all add ons apply, and lesser of 100% of billed charges",1350,,,,,,,Fee Schedule,105 percent of Medicaid APG. otherwise 105% of Ordered NYS MCD FS or 105% of ASP+6%,1350,,,,,,,Fee Schedule,105 percent of Medicaid APG. otherwise 105% of Ordered NYS MCD FS or 105% of ASP+6%,1350,,,,,,,Fee Schedule,105 percent of Medicaid APG. otherwise 105% of Ordered NYS MCD FS or 105% of ASP+6%,1350,,,,,,,Fee Schedule,105 percent of Medicaid APG. otherwise 105% of Ordered NYS MCD FS or 105% of ASP+6%,1350,,,,,,,Fee Schedule,105 percent of Medicaid APG. otherwise 105% of Ordered NYS MCD FS or 105% of ASP+6%,1735.71,,,,,,,Fee Schedule,135 percent of Medicaid APG. otherwise 135% of Ordered NYS MCD FS or 135% of ASP+6%,1735.71,,,,,,,Fee Schedule,135 percent of Medicaid APG. otherwise 135% of Ordered NYS MCD FS or 135% of ASP+6%,314.26,,,,,,,Case Rate,"100% Medicare OPPS FS. ",4923.38,,,,,,,Case Rate,". MPL 100/50/25% all add ons apply, and lesser of 100% of billed charges",314.26,,,,,,,Case Rate,"100% Medicare OPPS FS. ",1350,,,,,,,Fee Schedule,105 percent of Medicaid APG. otherwise 105% of Ordered NYS MCD FS or 105% of ASP+6%,4100,,,,,,,Case Rate,". MPL 100/50/25% all add ons apply, and lesser of 100% of billed charges",314.26,,,,,,,Case Rate,"100% Medicare OPPS FS. ",4100,,,,,,,Case Rate,". MPL 100/50/25% all add ons apply, and lesser of 100% of billed charges",4100,,,,,,,Case Rate,". MPL 100/50/25% all add ons apply, and lesser of 100% of billed charges",4100,,,,,,,Case Rate,". MPL 100/50/25% all add ons apply, and lesser of 100% of billed charges",1350,,,,,,,Fee Schedule,105 percent of Medicaid APG. otherwise 105% of Ordered NYS MCD FS or 105% of ASP+6%,314.26,,,,,,,Case Rate,"100% Medicare OPPS FS. ",4100,,,,,,,Case Rate,". MPL 100/50/25% all add ons apply, and lesser of 100% of billed charges",1735.71,,,,,,,Fee Schedule,135 percent of Medicaid APG. otherwise 135% of Ordered NYS MCD FS or 135% of ASP+6%,4100,,,,,,,Case Rate,". MPL 100/50/25% all add ons apply, and lesser of 100% of billed charges",6047.76,200,,,,,0,Case Rate,200% of Medicare OPPS. ; No services were performed during the 15 month look back period.,314.26,,,,,,,Case Rate,"100%Medicare OPPS FS. ",7163,,,,,,,Case Rate,". ",7163,,,,,,,Case Rate,". ",7163,,,,,,,Case Rate,". ",7163,,,,,,,Case Rate,". ",7163,,,,,,,Case Rate,". ",8427,,,,,,,Case Rate,". Primary procedure pays at 100%, all subsequent at 50%.",8427,,,,,,,Case Rate,". Primary procedure pays at 100%, all subsequent at 50%.",7163,,,,,,,Case Rate,". ",7163,,,,,,,Case Rate,". ",7163,,,,,,,Case Rate,". ",7163,,,,,,,Case Rate,". ",7163,,,,,,,Case Rate,". ",314.26,,,,,,,Case Rate,"100% Medicare OPPS FS. ",8427,,,,,,,Case Rate,". Primary procedure pays at 100%, all subsequent at 50%.",314.26,,,,,,,Case Rate,"100% Medicare OPPS FS. ",2892.85,,,,,,,Case Rate,"225 Percent of Medicaid APG. If not included in Medicaid APG, then 100 Percent of Manhattan Medicare",1285.71,,,,,,,Case Rate,"100 Percent of Medicaid APG. ",4923.38,,,,,,,Case Rate,". MPL 100/50/25% all add ons apply, and lesser of 100% of billed charges",4923.38,,,,,,,Case Rate,". MPL 100/50/25% all add ons apply, and lesser of 100% of billed charges",314.26,,,,,,,Case Rate,"100% Medicare OPPS FS. ",12574,,,,,,,Case Rate,". Primary procedure pays at 100%, all subsequent at 50%.",314.26,,,,,,,Case Rate,"100% Medicare OPPS FS. ",314.26,,,,,,,Case Rate,"100% Medicare OPPS FS. ",14113,,,,,,,Case Rate,". Primary procedure pays at 100%, secondary at 50%, all subsequent at 25%.  Lesser of applies when negotiated rates exceed charges less addons.",314.26,,,,,,,Case Rate,"100% Medicare OPPS FS. ",6487,,,,,,,Case Rate,". MPL 100/50/25% maxmium of 3 procedures. All add ons apply, and lesser of 100% of billed charges",314.26,,,,,,,Case Rate,"100% Medicare OPPS FS. ",6487,,,,,,,Case Rate,". MPL 100/50/25% maxmium of 3 procedures. All add ons apply, and lesser of 100% of billed charges",14113,,,,,,,Case Rate,". Primary procedure pays at 100%, secondary at 50%, all subsequent at 25%.  Lesser of applies when negotiated rates exceed charges less addons.",6487,,,,,,,Case Rate,". MPL 100/50/25% maxmium of 3 procedures. All add ons apply, and lesser of 100% of billed charges",314.26,,,,,,,Case Rate,"100% Medicare OPPS FS. ",1285.71,,,,,,,Case Rate,"100 Percent of Medicaid APG. ",314.26,,,,,,,Case Rate,"100% Medicare OPPS FS. ",6487,,,,,,,Case Rate,". MPL 100/50/25% maxmium of 3 procedures. All add ons apply, and lesser of 100% of billed charges",4923.38,,,,,,,Case Rate,". MPL 100/50/25% all add ons apply, and lesser of 100% of billed charges",1285.71,,,,,,,Case Rate,"100 Percent of Medicaid APG. ",4100,,,,,,,Case Rate,". MPL 100/50/25% all add ons apply, and lesser of 100% of billed charges",1542.85,,,,,,,Fee Schedule,"120 Percent of Medicaid APG. ",1542.85,,,,,,,Fee Schedule,"120 Percent of Medicaid APG. ",4100,,,,,,,Case Rate,". MPL 100/50/25% all add ons apply, and lesser of 100% of billed charges",4100,,,,,,,Case Rate,". MPL 100/50/25% all add ons apply, and lesser of 100% of billed charges",4100,,,,,,,Case Rate,". MPL 100/50/25% all add ons apply, and lesser of 100% of billed charges",4923.38,,,,,,,Case Rate,". MPL 100/50/25% all add ons apply, and lesser of 100% of billed charges",4100,,,,,,,Case Rate,". MPL 100/50/25% all add ons apply, and lesser of 100% of billed charges",4100,,,,,,,Case Rate,". MPL 100/50/25% all add ons apply, and lesser of 100% of billed charges",4100,,,,,,,Case Rate,". MPL 100/50/25% all add ons apply, and lesser of 100% of billed charges",7163,,,,,,,Case Rate,". ",7163,,,,,,,Case Rate,". ",622.24,,,,,,,Case Rate,198 Percent of Medicare OPPS. Metroplus will reimburse unlisted codes and described codes with no Medicare rate at 50 percent of charges.,1285.71,,,,,,,Case Rate,"100 Percent of Medicaid APG. ",4923.38,,,,,,,Case Rate,". MPL 100/50/25% all add ons apply, and lesser of 100% of billed charges",6487,,,,,,,Case Rate,". MPL 100/50/25% maxmium of 3 procedures. All add ons apply, and lesser of 100% of billed charges",14113,,,,,,,Case Rate,". Primary procedure pays at 100%, secondary at 50%, all subsequent at 25%.  Lesser of applies when negotiated rates exceed charges less addons.",4923.38,,,,,,,Case Rate,". MPL 100/50/25% all add ons apply, and lesser of 100% of billed charges",14113,,,,,,,Case Rate,". Primary procedure pays at 100%, secondary at 50%, all subsequent at 25%.  Lesser of applies when negotiated rates exceed charges less addons.",4923.38,,,,,,,Case Rate,". MPL 100/50/25% all add ons apply, and lesser of 100% of billed charges",4100,,,,,,,Case Rate,". MPL 100/50/25% all add ons apply, and lesser of 100% of billed charges",4100,,,,,,,Case Rate,". MPL 100/50/25% all add ons apply, and lesser of 100% of billed charges",4100,,,,,,,Case Rate,". MPL 100/50/25% all add ons apply, and lesser of 100% of billed charges",4100,,,,,,,Case Rate,". MPL 100/50/25% all add ons apply, and lesser of 100% of billed charges",314.26,,,,,,,Case Rate,"100% Medicare OPPS FS. ",138.2,25798,
27299,CPT,,,490,RC,UNLISTED PX PELVIS/HIP JOINT,,,both,,,,1352,,,,,,,Case Rate,". MPL 1st 100% of Payment Rate 50% of all others, all add ons apply, and lesser of 100% of billed charges.",1352,,,,,,,Case Rate,". MPL 1st 100% of Payment Rate 50% of all others, all add ons apply, and lesser of 100% of billed charges.",6593,,,,,,,Case Rate,". Primary procedure pays at 100%, secondary at 50%, all subsequent at 25%.  Lesser of applies when negotiated rates exceed charges less addons.",,100,,,,,0,percent of total billed charges,100 percent of billed charges. ; No services were performed during the 15 month look back period.,283.85,,,,,,,Case Rate,"100% Medicare OPPS FS. ",6593,,,,,,,Case Rate,". Primary procedure pays at 100%, secondary at 50%, all subsequent at 25%.  Lesser of applies when negotiated rates exceed charges less addons.",6593,,,,,,,Case Rate,". Primary procedure pays at 100%, secondary at 50%, all subsequent at 25%.  Lesser of applies when negotiated rates exceed charges less addons.",6593,,,,,,,Case Rate,". Primary procedure pays at 100%, secondary at 50%, all subsequent at 25%.  Lesser of applies when negotiated rates exceed charges less addons.",900.71,,,,,,,Case Rate,"100 Percent of Medicaid APG. ",750.59,,,,,,,Case Rate,"100 Percent of Medicaid APG. ",,78,,,,,0,percent of total billed charges,78% of Billed Charges. Lesser of 100% of billed charges applies.; No services were performed during the 15 month look back period.,4923.38,,,,,,,Case Rate,". MPL 100/50/25% all add ons apply, and lesser of 100% of billed charges",750.59,,,,,,,Case Rate,"100 Percent of Medicaid APG. ",283.85,,,,,,,Case Rate,"100% Medicare OPPS FS. ",6487,,,,,,,Case Rate,". MPL 100/50/25% maxmium of 3 procedures. All add ons apply, and lesser of 100% of billed charges",6487,,,,,,,Case Rate,". MPL 100/50/25% maxmium of 3 procedures. All add ons apply, and lesser of 100% of billed charges",6487,,,,,,,Case Rate,". MPL 100/50/25% maxmium of 3 procedures. All add ons apply, and lesser of 100% of billed charges",6487,,,,,,,Case Rate,". MPL 100/50/25% maxmium of 3 procedures. All add ons apply, and lesser of 100% of billed charges",750.59,,,,,,,Case rate,124 Percent of Medicaid APG. Covered services not payable under Medicaid Fee Schedules default to a payment of 50 percent of charges.,283.85,,,,,,,Case Rate,"100% Medicare OPPS FS. ",750.59,,,,,,,Case rate,124 Percent of Medicaid APG. Covered services not payable under Medicaid Fee Schedules default to a payment of 50 percent of charges.,,78,,,,,0,percent of total billed charges,78% of Billed Charges. Lesser of 100% of billed charges applies.; No services were performed during the 15 month look back period.,6593,,,,,,,Case Rate,". Primary procedure pays at 100%, secondary at 50%, all subsequent at 25%.  Lesser of applies when negotiated rates exceed charges less addons.",283.85,,,,,,,Case Rate,"100%Medicare OPPS FS. ",8427,,,,,,,Case Rate,". Primary procedure pays at 100%, all subsequent at 50%.",283.85,,,,,,,Case Rate,"100%Medicare OPPS FS. ",283.85,,,,,,,Case Rate,"100%Medicare OPPS FS. ",,78,,,,,0,percent of total billed charges,78% of Billed Charges. Lesser of 100% of billed charges applies.; No services were performed during the 15 month look back period.,,,,,,,,Fee Schedule,"Not payable. ",,,,,,,,Fee Schedule,"Not payable. ",750.59,,,,,,,Case rate,"100 Percent of Medicaid APG. ",750.59,,,,,,,Case rate,"100 Percent of Medicaid APG. ",8427,,,,,,,Case Rate,". Primary procedure pays at 100%, all subsequent at 50%.",8427,,,,,,,Case Rate,". Primary procedure pays at 100%, all subsequent at 50%.",750.59,,,,,,,Case Rate,"100 Percent of Medicaid APG. Not APG payable, or payable under another fee schedule like ASP/AWP pays at 30% of charges",8427,,,,,,,Case Rate,". Primary procedure pays at 100%, all subsequent at 50%.",750.59,,,,,,,Case Rate,"100 Percent of Medicaid APG. Not APG payable, or payable under another fee schedule like ASP/AWP pays at 30% of charges",283.85,,,,,,,Case Rate,"100%Medicare OPPS FS. ",8427,,,,,,,Case Rate,". Primary procedure pays at 100%, all subsequent at 50%.",,78,,,,,0,percent of total billed charges,78% of Billed Charges. Lesser of 100% of billed charges applies.; No services were performed during the 15 month look back period.,750.59,,,,,,,Case Rate,"100 Percent of Medicaid APG. ",750.59,,,,,,,Case Rate,"100 Percent of Medicaid APG. ",,78,,,,,0,percent of total billed charges,78% of Billed Charges. Lesser of 100% of billed charges applies.; No services were performed during the 15 month look back period.,6487,,,,,,,Case Rate,". MPL 100/50/25% maxmium of 3 procedures. All add ons apply, and lesser of 100% of billed charges",4500,,,,,,,Case Rate,". MPL 100/50/25% all add ons apply, and lesser of 100% of billed charges",4500,,,,,,,Case Rate,". MPL 100/50/25% all add ons apply, and lesser of 100% of billed charges",,78,,,,,0,percent of total billed charges,78% of Billed Charges. Lesser of 100% of billed charges applies.; No services were performed during the 15 month look back period.,283.85,,,,,,,Case Rate,"100% Medicare OPPS FS. ",4923.38,,,,,,,Case Rate,". MPL 100/50/25% all add ons apply, and lesser of 100% of billed charges",4923.38,,,,,,,Case Rate,". MPL 100/50/25% all add ons apply, and lesser of 100% of billed charges",4923.38,,,,,,,Case Rate,". MPL 100/50/25% all add ons apply, and lesser of 100% of billed charges",283.85,,,,,,,Case Rate,"100% Medicare OPPS FS. ",4923.38,,,,,,,Case Rate,". MPL 100/50/25% all add ons apply, and lesser of 100% of billed charges",4923.38,,,,,,,Case Rate,". MPL 100/50/25% all add ons apply, and lesser of 100% of billed charges",283.85,,,,,,,Case Rate,"100% of Medicare OPPS. ",25798,,,,,,,Case Rate,". MPL 100/75/50% all add ons apply, and lesser of 100% of billed charges",,65,,,,,0,percent of total billed charges,65% of Billed Charges. Lesser of 100% of billed charges applies.; No services were performed during the 15 month look back period.,,65,,,,,0,percent of total billed charges,65% of Billed Charges. Lesser of 100% of billed charges applies.; No services were performed during the 15 month look back period.,,65,,,,,0,percent of total billed charges,65% of Billed Charges. Lesser of 100% of billed charges applies.; No services were performed during the 15 month look back period.,,65,,,,,0,percent of total billed charges,65% of Billed Charges. Lesser of 100% of billed charges applies.; No services were performed during the 15 month look back period.,,65,,,,,0,percent of total billed charges,65% of Billed Charges. Lesser of 100% of billed charges applies.; No services were performed during the 15 month look back period.,,65,,,,,0,percent of total billed charges,65% of Billed Charges. Lesser of 100% of billed charges applies.; No services were performed during the 15 month look back period.,283.85,,,,,,,Case Rate,"100% Medicare OPPS FS. ",283.85,,,,,,,Case Rate,"100% Medicare OPPS FS. ",,65,,,,,0,percent of total billed charges,65% of Billed Charges. Lesser of 100% of billed charges applies.; No services were performed during the 15 month look back period.,,78,,,,,0,percent of total billed charges,78% of Billed Charges. Lesser of 100% of billed charges applies.; No services were performed during the 15 month look back period.,,78,,,,,0,percent of total billed charges,78% of Billed Charges. Lesser of 100% of billed charges applies.; No services were performed during the 15 month look back period.,,78,,,,,0,percent of total billed charges,78% of Billed Charges. Lesser of 100% of billed charges applies.; No services were performed during the 15 month look back period.,,78,,,,,0,percent of total billed charges,78% of Billed Charges. Lesser of 100% of billed charges applies.; No services were performed during the 15 month look back period.,,78,,,,,0,percent of total billed charges,78% of Billed Charges. Lesser of 100% of billed charges applies.; No services were performed during the 15 month look back period.,,78,,,,,0,percent of total billed charges,78% of Billed Charges. Lesser of 100% of billed charges applies.; No services were performed during the 15 month look back period.,,78,,,,,0,percent of total billed charges,78% of Billed Charges. Lesser of 100% of billed charges applies.; No services were performed during the 15 month look back period.,,78,,,,,0,percent of total billed charges,78% of Billed Charges. Lesser of 100% of billed charges applies.; No services were performed during the 15 month look back period.,,78,,,,,0,percent of total billed charges,78% of Billed Charges. Lesser of 100% of billed charges applies.; No services were performed during the 15 month look back period.,,78,,,,,0,percent of total billed charges,78% of Billed Charges. Lesser of 100% of billed charges applies.; No services were performed during the 15 month look back period.,,78,,,,,0,percent of total billed charges,78% of Billed Charges. Lesser of 100% of billed charges applies.; No services were performed during the 15 month look back period.,,78,,,,,0,percent of total billed charges,78% of Billed Charges. Lesser of 100% of billed charges applies.; No services were performed during the 15 month look back period.,,78,,,,,0,percent of total billed charges,78% of Billed Charges. Lesser of 100% of billed charges applies.; No services were performed during the 15 month look back period.,,78,,,,,0,percent of total billed charges,78% of Billed Charges. Lesser of 100% of billed charges applies.; No services were performed during the 15 month look back period.,,78,,,,,0,percent of total billed charges,78% of Billed Charges. Lesser of 100% of billed charges applies.; No services were performed during the 15 month look back period.,,78,,,,,0,percent of total billed charges,78% of Billed Charges. Lesser of 100% of billed charges applies.; No services were performed during the 15 month look back period.,,78,,,,,0,percent of total billed charges,78% of Billed Charges. Lesser of 100% of billed charges applies.; No services were performed during the 15 month look back period.,,78,,,,,0,percent of total billed charges,78% of Billed Charges. Lesser of 100% of billed charges applies.; No services were performed during the 15 month look back period.,,78,,,,,0,percent of total billed charges,78% of Billed Charges. Lesser of 100% of billed charges applies.; No services were performed during the 15 month look back period.,,78,,,,,0,percent of total billed charges,78% of Billed Charges. Lesser of 100% of billed charges applies.; No services were performed during the 15 month look back period.,,78,,,,,0,percent of total billed charges,78% of Billed Charges. Lesser of 100% of billed charges applies.; No services were performed during the 15 month look back period.,,78,,,,,0,percent of total billed charges,78% of Billed Charges. Lesser of 100% of billed charges applies.; No services were performed during the 15 month look back period.,,78,,,,,0,percent of total billed charges,78% of Billed Charges. Lesser of 100% of billed charges applies.; No services were performed during the 15 month look back period.,,78,,,,,0,percent of total billed charges,78% of Billed Charges. Lesser of 100% of billed charges applies.; No services were performed during the 15 month look back period.,,78,,,,,0,percent of total billed charges,78% of Billed Charges. Lesser of 100% of billed charges applies.; No services were performed during the 15 month look back period.,,78,,,,,0,percent of total billed charges,78% of Billed Charges. Lesser of 100% of billed charges applies.; No services were performed during the 15 month look back period.,8427,,,,,,,Case Rate,". Primary procedure pays at 100%, all subsequent at 50%.",8427,,,,,,,Case Rate,". Primary procedure pays at 100%, all subsequent at 50%.",8427,,,,,,,Case Rate,". Primary procedure pays at 100%, all subsequent at 50%.",8427,,,,,,,Case Rate,". Primary procedure pays at 100%, all subsequent at 50%.",12574,,,,,,,Case Rate,". Primary procedure pays at 100%, all subsequent at 50%.",12574,,,,,,,Case Rate,". Primary procedure pays at 100%, all subsequent at 50%.",6487,,,,,,,Case Rate,". MPL 100/50/25% maxmium of 3 procedures. All add ons apply, and lesser of 100% of billed charges",,65,,,,,0,percent of total billed charges,65% of Billed Charges. Lesser of 100% of billed charges applies.; No services were performed during the 15 month look back period.,4923.38,,,,,,,Case Rate,". MPL 100/50/25% all add ons apply, and lesser of 100% of billed charges",,65,,,,,0,percent of total billed charges,65% of Billed Charges. Lesser of 100% of billed charges applies.; No services were performed during the 15 month look back period.,,78,,,,,0,percent of total billed charges,78% of Billed Charges. Lesser of 100% of billed charges applies.; No services were performed during the 15 month look back period.,12574,,,,,,,Case Rate,". Primary procedure pays at 100%, all subsequent at 50%.",,65,,,,,0,percent of total billed charges,65% of Billed Charges. Lesser of 100% of billed charges applies.; No services were performed during the 15 month look back period.,4923.38,,,,,,,Case Rate,". MPL 100/50/25% all add ons apply, and lesser of 100% of billed charges",6487,,,,,,,Case Rate,". MPL 100/50/25% maxmium of 3 procedures. All add ons apply, and lesser of 100% of billed charges",,,,,,,,,"NA. ",,78,,,,,0,percent of total billed charges,78% of Billed Charges. Lesser of 100% of billed charges applies.; No services were performed during the 15 month look back period.,750.59,,,,,,,Case Rate,"100 Percent of Medicaid APG. ",8427,,,,,,,Case Rate,". Primary procedure pays at 100%, all subsequent at 50%.",750.59,,,,,,,Case Rate,"100 Percent of Medicaid APG. Not APG payable, or payable under another fee schedule like ASP/AWP pays at 30% of charges",283.85,,,,,,,Case Rate,"100%Medicare OPPS FS. ",283.85,,,,,,,Case Rate,"100% Medicare OPPS FS. ",25798,,,,,,,Case Rate,". MPL 100/75/50% all add ons apply, and lesser of 100% of billed charges",283.85,,,,,,,Case Rate,"100% Medicare OPPS FS. ",283.85,,,,,,,Case Rate,"100% Medicare OPPS FS. ",750.59,,,,,,,Case Rate,"100 Percent of Medicaid APG. ",283.85,,,,,,,Case Rate,"100% Medicare OPPS FS. ",283.85,,,,,,,Case Rate,"100% Medicare OPPS FS. ",6593,,,,,,,Case Rate,". Primary procedure pays at 100%, secondary at 50%, all subsequent at 25%.  Lesser of applies when negotiated rates exceed charges less addons.",6593,,,,,,,Case Rate,". Primary procedure pays at 100%, secondary at 50%, all subsequent at 25%.  Lesser of applies when negotiated rates exceed charges less addons.",283.85,,,,,,,Case Rate,"100% Medicare OPPS FS. ",6487,,,,,,,Case Rate,". MPL 100/50/25% maxmium of 3 procedures. All add ons apply, and lesser of 100% of billed charges",4923.38,,,,,,,Case Rate,". MPL 100/50/25% all add ons apply, and lesser of 100% of billed charges",4923.38,,,,,,,Case Rate,". MPL 100/50/25% all add ons apply, and lesser of 100% of billed charges",283.85,,,,,,,Case Rate,"100% Medicare OPPS FS. ",6487,,,,,,,Case Rate,". MPL 100/50/25% maxmium of 3 procedures. All add ons apply, and lesser of 100% of billed charges",6593,,,,,,,Case Rate,". Primary procedure pays at 100%, secondary at 50%, all subsequent at 25%.  Lesser of applies when negotiated rates exceed charges less addons.",6593,,,,,,,Case Rate,". Primary procedure pays at 100%, secondary at 50%, all subsequent at 25%.  Lesser of applies when negotiated rates exceed charges less addons.",6593,,,,,,,Case Rate,". Primary procedure pays at 100%, secondary at 50%, all subsequent at 25%.  Lesser of applies when negotiated rates exceed charges less addons.",,78,,,,,0,percent of total billed charges,78% of Billed Charges. Lesser of 100% of billed charges applies.; No services were performed during the 15 month look back period.,,78,,,,,0,percent of total billed charges,78% of Billed Charges. Lesser of 100% of billed charges applies.; No services were performed during the 15 month look back period.,,78,,,,,0,percent of total billed charges,78% of Billed Charges. Lesser of 100% of billed charges applies.; No services were performed during the 15 month look back period.,,78,,,,,0,percent of total billed charges,78% of Billed Charges. Lesser of 100% of billed charges applies.; No services were performed during the 15 month look back period.,,78,,,,,0,percent of total billed charges,78% of Billed Charges. Lesser of 100% of billed charges applies.; No services were performed during the 15 month look back period.,,78,,,,,0,percent of total billed charges,78% of Billed Charges. Lesser of 100% of billed charges applies.; No services were performed during the 15 month look back period.,,78,,,,,0,percent of total billed charges,78% of Billed Charges. Lesser of 100% of billed charges applies.; No services were performed during the 15 month look back period.,,78,,,,,0,percent of total billed charges,78% of Billed Charges. Lesser of 100% of billed charges applies.; No services were performed during the 15 month look back period.,,78,,,,,0,percent of total billed charges,78% of Billed Charges. Lesser of 100% of billed charges applies.; No services were performed during the 15 month look back period.,,78,,,,,0,percent of total billed charges,78% of Billed Charges. Lesser of 100% of billed charges applies.; No services were performed during the 15 month look back period.,,78,,,,,0,percent of total billed charges,78% of Billed Charges. Lesser of 100% of billed charges applies.; No services were performed during the 15 month look back period.,12574,,,,,,,Case Rate,". Primary procedure pays at 100%, all subsequent at 50%.",,65,,,,,0,percent of total billed charges,65% of Billed Charges. Lesser of 100% of billed charges applies.; No services were performed during the 15 month look back period.,6487,,,,,,,Case Rate,". MPL 100/50/25% maxmium of 3 procedures. All add ons apply, and lesser of 100% of billed charges",283.85,,,,,,,Case Rate,"100% Medicare OPPS FS. ",6593,,,,,,,Case Rate,". Primary procedure pays at 100%, secondary at 50%, all subsequent at 25%.  Lesser of applies when negotiated rates exceed charges less addons.",6487,,,,,,,Case Rate,". MPL 100/50/25% maxmium of 3 procedures. All add ons apply, and lesser of 100% of billed charges",6487,,,,,,,Case Rate,". MPL 100/50/25% maxmium of 3 procedures. All add ons apply, and lesser of 100% of billed charges",,78,,,,,0,percent of total billed charges,78% of Billed Charges. Lesser of 100% of billed charges applies.; No services were performed during the 15 month look back period.,1606.27,,,,,,,Case Rate,"214 Percent of Medicaid APG. Drugs not priced under APG, billed with revenue code 636 and not priced by Medicare ASP FeeSched will be reimbursed at 20% of charges.",6487,,,,,,,Case Rate,". MPL 100/50/25% maxmium of 3 procedures. All add ons apply, and lesser of 100% of billed charges",750.59,,,,,,,Case Rate,"100 Percent of Medicaid APG. ",283.85,,,,,,,Case Rate,"100% Medicare OPPS FS. ",283.85,,,,,,,Case Rate,"100% Medicare OPPS FS. ",283.85,,,,,,,Case Rate,"100% Medicare OPPS FS. ",283.85,,,,,,,Case Rate,"100% Medicare OPPS FS. ",283.85,,,,,,,Case Rate,"100% Medicare OPPS FS. ",283.85,,,,,,,Case Rate,"100% Medicare OPPS FS. ",6487,,,,,,,Case Rate,". MPL 100/50/25% maxmium of 3 procedures. All add ons apply, and lesser of 100% of billed charges",25798,,,,,,,Case Rate,". MPL 100/75/50% all add ons apply, and lesser of 100% of billed charges",1351.07,,,,,,,Fee Schedule,"180 Percent of Medicaid APG. ",1351.07,,,,,,,Fee Schedule,"180 Percent of Medicaid APG. ",1351.07,,,,,,,Fee Schedule,"180 Percent of Medicaid APG. ",1351.07,,,,,,,Fee Schedule,"180 Percent of Medicaid APG. ",1351.07,,,,,,,Fee Schedule,"180 Percent of Medicaid APG. ",,,,,,,,,"NA. ",25798,,,,,,,Case Rate,". MPL 100/75/50% all add ons apply, and lesser of 100% of billed charges",562.02,,,,,,,Case Rate,198 Percent of Medicare OPPS. Metroplus will reimburse unlisted codes and described codes with no Medicare rate at 50 percent of charges.,562.02,,,,,,,Case Rate,198 Percent of Medicare OPPS. Metroplus will reimburse unlisted codes and described codes with no Medicare rate at 50 percent of charges.,562.02,,,,,,,Case Rate,198 Percent of Medicare OPPS. Metroplus will reimburse unlisted codes and described codes with no Medicare rate at 50 percent of charges.,562.02,,,,,,,Case Rate,198 Percent of Medicare OPPS. Metroplus will reimburse unlisted codes and described codes with no Medicare rate at 50 percent of charges.,562.02,,,,,,,Case Rate,198 Percent of Medicare OPPS. Metroplus will reimburse unlisted codes and described codes with no Medicare rate at 50 percent of charges.,283.85,,,,,,,Case Rate,"100% Medicare OPPS FS. ",12574,,,,,,,Case Rate,". Primary procedure pays at 100%, all subsequent at 50%.",12574,,,,,,,Case Rate,". Primary procedure pays at 100%, all subsequent at 50%.",12574,,,,,,,Case Rate,". Primary procedure pays at 100%, all subsequent at 50%.",12574,,,,,,,Case Rate,". Primary procedure pays at 100%, all subsequent at 50%.",6593,,,,,,,Case Rate,". Primary procedure pays at 100%, secondary at 50%, all subsequent at 25%.  Lesser of applies when negotiated rates exceed charges less addons.",6593,,,,,,,Case Rate,". Primary procedure pays at 100%, secondary at 50%, all subsequent at 25%.  Lesser of applies when negotiated rates exceed charges less addons.",6593,,,,,,,Case Rate,". Primary procedure pays at 100%, secondary at 50%, all subsequent at 25%.  Lesser of applies when negotiated rates exceed charges less addons.",6593,,,,,,,Case Rate,". Primary procedure pays at 100%, secondary at 50%, all subsequent at 25%.  Lesser of applies when negotiated rates exceed charges less addons.",25798,,,,,,,Case Rate,". MPL 100/75/50% all add ons apply, and lesser of 100% of billed charges",25798,,,,,,,Case Rate,". MPL 100/75/50% all add ons apply, and lesser of 100% of billed charges",283.85,,,,,,,Case Rate,"100% Medicare OPPS FS. ",283.85,,,,,,,Case Rate,"100% Medicare OPPS FS. ",283.85,,,,,,,Case Rate,"100% Medicare OPPS FS. ",,65,,,,,0,percent of total billed charges,65% of Billed Charges. Lesser of 100% of billed charges applies.; No services were performed during the 15 month look back period.,,65,,,,,0,percent of total billed charges,65% of Billed Charges. Lesser of 100% of billed charges applies.; No services were performed during the 15 month look back period.,,65,,,,,0,percent of total billed charges,65% of Billed Charges. Lesser of 100% of billed charges applies.; No services were performed during the 15 month look back period.,25798,,,,,,,Case Rate,". MPL 100/75/50% all add ons apply, and lesser of 100% of billed charges",6593,,,,,,,Case Rate,". Primary procedure pays at 100%, secondary at 50%, all subsequent at 25%.  Lesser of applies when negotiated rates exceed charges less addons.",283.85,,,,,,,Case Rate,"100% Medicare OPPS FS. ",,65,,,,,0,percent of total billed charges,65% of Billed Charges. Lesser of 100% of billed charges applies.; No services were performed during the 15 month look back period.,750.59,,,,,,,Case Rate,"100 Percent of Medicaid APG. ",289.53,,,,,,,Case Rate,"102% of Medicare OPPS. ",289.53,,,,,,,Case Rate,"102% of Medicare OPPS. ",289.53,,,,,,,Case Rate,"102% of Medicare OPPS. ",750.59,,,,,,,Case rate,"100 Percent of Medicaid APG. ",1688.83,,,,,,,Fee Schedule,225% of NYS APG. Lesser of 100% of billed charges applies.,1688.83,,,,,,,Fee Schedule,225% of NYS APG. Lesser of 100% of billed charges applies.,1688.83,,,,,,,Fee Schedule,225% of NYS APG. Lesser of 100% of billed charges applies.,1688.83,,,,,,,Fee Schedule,225% of NYS APG. Lesser of 100% of billed charges applies.,1688.83,,,,,,,Fee Schedule,225% of NYS APG. Lesser of 100% of billed charges applies.,289.53,,,,,,,Case Rate,"102% of Medicare OPPS. ",750.59,,,,,,,Case Rate,"100 Percent of Medicaid APG. ",,,,,,,,Fee Schedule,"Not payable. ",1688.83,,,,,,,Fee Schedule,225% of NYS APG. Lesser of 100% of billed charges applies.,1688.83,,,,,,,Fee Schedule,225% of NYS APG. Lesser of 100% of billed charges applies.,,,,,,,,Fee Schedule,"Not payable. ",,,,,,,,Fee Schedule,"Not payable. ",1351.07,,,,,,,Fee Schedule,"180 Percent of Medicaid APG. ",283.85,,,,,,,Case Rate,"100% Medicare OPPS FS. ",283.85,,,,,,,Case Rate,"100% Medicare OPPS FS. ",6593,,,,,,,Case Rate,". Primary procedure pays at 100%, secondary at 50%, all subsequent at 25%.  Lesser of applies when negotiated rates exceed charges less addons.",283.85,,,,,,,Case Rate,"100% Medicare OPPS FS. ",1688.83,,,,,,,Case Rate,"225 Percent of Medicaid APG. ",1688.83,,,,,,,Case Rate,"225 Percent of Medicaid APG. ",750.59,,,,,,,Case rate,"100 Percent of Medicaid APG. ",750.59,,,,,,,Case rate,"100 Percent of Medicaid APG. ",1688.83,,,,,,,Case Rate,225 Percent of Medicaid APG. Covered services not payable under Medicaid Fee Schedules default to a payment of 87.5 percent of charges.,750.59,,,,,,,Case rate,124 Percent of Medicaid APG. Covered services not payable under Medicaid Fee Schedules default to a payment of 50 percent of charges.,1688.83,,,,,,,Case Rate,"100 Percent of Medicaid APG. ",1688.83,,,,,,,Case Rate,"100 Percent of Medicaid APG. ",1688.83,,,,,,,Case Rate,"100 Percent of Medicaid APG. ",1688.83,,,,,,,Case Rate,"100 Percent of Medicaid APG. ",13453,,,,,,,Case Rate,". MPL 100/75/50% all add ons apply, and lesser of 100% of billed charges",25798,,,,,,,Case Rate,". MPL 100/75/50% all add ons apply, and lesser of 100% of billed charges",900.71,,,,,,,Case Rate,"120 Percent of Medicaid APG. Not APG payable, or payable under another fee schedule like ASP/AWP pays at 30% of charges",900.71,,,,,,,Case Rate,"120 Percent of Medicaid APG. Not APG payable, or payable under another fee schedule like ASP/AWP pays at 30% of charges",750.59,,,,,,,Case Rate,"100 Percent of Medicaid APG. Not APG payable, or payable under another fee schedule like ASP/AWP pays at 30% of charges",750.59,,,,,,,Case Rate,"100 Percent of Medicaid APG. Not APG payable, or payable under another fee schedule like ASP/AWP pays at 30% of charges",,65,,,,,0,percent of total billed charges,65% of Billed Charges. Lesser of 100% of billed charges applies.; No services were performed during the 15 month look back period.,,65,,,,,0,percent of total billed charges,65% of Billed Charges. Lesser of 100% of billed charges applies.; No services were performed during the 15 month look back period.,283.85,,,,,,,Case Rate,"100% Medicare OPPS FS. ",,65,,,,,0,percent of total billed charges,65% of Billed Charges. Lesser of 100% of billed charges applies.; No services were performed during the 15 month look back period.,,65,,16610.86,16610.86,16610.86,1 through 10,percent of total billed charges,65% of Billed Charges. Lesser of 100% of billed charges applies.,,65,,,,,0,percent of total billed charges,65% of Billed Charges. Lesser of 100% of billed charges applies.; No services were performed during the 15 month look back period.,,65,,,,,0,percent of total billed charges,65% of Billed Charges. Lesser of 100% of billed charges applies.; No services were performed during the 15 month look back period.,283.85,,,,,,,Case Rate,"100% Medicare OPPS FS. ",,65,,,,,0,percent of total billed charges,65% of Billed Charges. Lesser of 100% of billed charges applies.; No services were performed during the 15 month look back period.,,65,,,,,0,percent of total billed charges,65% of Billed Charges. Lesser of 100% of billed charges applies.; No services were performed during the 15 month look back period.,6593,,,,,,,Case Rate,". Primary procedure pays at 100%, secondary at 50%, all subsequent at 25%.  Lesser of applies when negotiated rates exceed charges less addons.",750.59,,,,,,,Fee Schedule,100% APG. Lesser of 100% of billed charges applies.,750.59,,,,,,,Case rate,124 Percent of Medicaid APG. Covered services not payable under Medicaid Fee Schedules default to a payment of 50 percent of charges.,1688.83,,,,,,,Fee Schedule,225% of NYS APG. Lesser of 100% of billed charges applies.,1688.83,,,,,,,Case Rate,225 Percent of Medicaid APG. Covered services not payable under Medicaid Fee Schedules default to a payment of 87.5 percent of charges.,750.59,,,,,,,Case rate,124 Percent of Medicaid APG. Covered services not payable under Medicaid Fee Schedules default to a payment of 50 percent of charges.,1688.83,,,,,,,Fee Schedule,225% of NYS APG. Lesser of 100% of billed charges applies.,1688.83,,,,,,,Fee Schedule,225% of NYS APG. Lesser of 100% of billed charges applies.,1688.83,,,,,,,Fee Schedule,225% of NYS APG. Lesser of 100% of billed charges applies.,1688.83,,,,,,,Fee Schedule,225% of NYS APG. Lesser of 100% of billed charges applies.,1688.83,,,,,,,Fee Schedule,225% of NYS APG. Lesser of 100% of billed charges applies.,1688.83,,,,,,,Fee Schedule,225% of NYS APG. Lesser of 100% of billed charges applies.,,,,,,,,,"NA. ",,,,,,,,,"NA. ",,,,,,,,,"NA. ",6487,,,,,,,Case Rate,". MPL 100/50/25% maxmium of 3 procedures. All add ons apply, and lesser of 100% of billed charges",,,,,,,,,"NA. ",283.85,,,,,,,Case Rate,"100% Medicare OPPS FS. ",1352,,,,,,,Case Rate,". MPL 1st 100% of Payment Rate 50% of all others, all add ons apply, and lesser of 100% of billed charges.",283.85,,,,,,,Case Rate,"100% Medicare OPPS FS. ",283.85,,,,,,,Case Rate,"100% Medicare OPPS FS. ",900.71,,,,,,,Case Rate,"120 Percent of Medicaid APG. Not APG payable, or payable under another fee schedule like ASP/AWP pays at 30% of charges",900.71,,,,,,,Case Rate,"120 Percent of Medicaid APG. Not APG payable, or payable under another fee schedule like ASP/AWP pays at 30% of charges",750.59,,,,,,,Case Rate,"100 Percent of Medicaid APG. Not APG payable, or payable under another fee schedule like ASP/AWP pays at 30% of charges",750.59,,,,,,,Case Rate,"100 Percent of Medicaid APG. Not APG payable, or payable under another fee schedule like ASP/AWP pays at 30% of charges",750.59,,,,,,,Case Rate,"100 Percent of Medicaid APG. ",7163,,,,,,,Case Rate,". ",6593,,,,,,,Case Rate,". Primary procedure pays at 100%, secondary at 50%, all subsequent at 25%.  Lesser of applies when negotiated rates exceed charges less addons.",8427,,,,,,,Case Rate,". Primary procedure pays at 100%, all subsequent at 50%.",6487,,,,,,,Case Rate,". MPL 100/50/25% maxmium of 3 procedures. All add ons apply, and lesser of 100% of billed charges",283.85,,,,,,,Case Rate,"100%Medicare OPPS FS. ",283.85,,,,,,,Case Rate,"100% Medicare OPPS FS. ",283.85,,,,,,,Case Rate,"100% Medicare OPPS FS. ",283.85,,,,,,,Case Rate,"100% Medicare OPPS FS. ",283.85,,,,,,,Case Rate,"100%Medicare OPPS FS. ",283.85,,,,,,,Case Rate,"100% Medicare OPPS FS. ",,,,,,,,,"NA. ",1688.83,,,,,,,Fee Schedule,225% of NYS APG. Lesser of 100% of billed charges applies.,,,,,,,,Fee Schedule,"Not payable. ",,65,,,,,0,percent of total billed charges,65% of Billed Charges. Lesser of 100% of billed charges applies.; No services were performed during the 15 month look back period.,7163,,,,,,,Case Rate,". ",7163,,,,,,,Case Rate,". ",7163,,,,,,,Case Rate,". ",7163,,,,,,,Case Rate,". ",283.85,,,,,,,Case Rate,"100% Medicare OPPS FS. ",750.59,,,,,,,Case Rate,"100 Percent of Medicaid APG. ",,65,,,,,0,percent of total billed charges,65% of Billed Charges. Lesser of 100% of billed charges applies.; No services were performed during the 15 month look back period.,750.59,,,,,,,Case Rate,"100 Percent of Medicaid APG. ",283.85,,,,,,,Case Rate,"100% Medicare OPPS FS. ",750.59,,,,,,,Case Rate,"100 Percent of Medicaid APG. ",283.85,,,,,,,Case Rate,"100% Medicare OPPS FS. ",283.85,,,,,,,Case Rate,"100% Medicare OPPS FS. ",750.59,,,,,,,Case Rate,"100 Percent of Medicaid APG. ",750.59,,,,,,,Case Rate,"100 Percent of Medicaid APG. ",7163,,,,,,,Case Rate,". ",6487,,,,,,,Case Rate,". MPL 100/50/25% maxmium of 3 procedures. All add ons apply, and lesser of 100% of billed charges",,78,,,,,0,percent of total billed charges,78% of Billed Charges. Lesser of 100% of billed charges applies.; No services were performed during the 15 month look back period.,4923.38,,,,,,,Case Rate,". MPL 100/50/25% all add ons apply, and lesser of 100% of billed charges",4923.38,,,,,,,Case Rate,". MPL 100/50/25% all add ons apply, and lesser of 100% of billed charges",6593,,,,,,,Case Rate,". Primary procedure pays at 100%, secondary at 50%, all subsequent at 25%.  Lesser of applies when negotiated rates exceed charges less addons.",283.85,,,,,,,Case Rate,"98% of RBRVS. ",12574,,,,,,,Case Rate,". Primary procedure pays at 100%, all subsequent at 50%.",12574,,,,,,,Case Rate,". Primary procedure pays at 100%, all subsequent at 50%.",,52,,,,,0,percent of total billed charges,52% of Billed Charges. Lesser of 100% of billed charges applies.; No services were performed during the 15 month look back period.,,52,,,,,0,percent of total billed charges,52% of Billed Charges. Lesser of 100% of billed charges applies.; No services were performed during the 15 month look back period.,283.85,,,,,,,Case Rate,"100% Medicare OPPS FS. ",283.85,,,,,,,Case Rate,"100% Medicare OPPS FS. ",283.85,,,,,,,Case Rate,"100% Medicare OPPS FS. ",283.85,,,,,,,Case Rate,"100% Medicare OPPS FS. ",4923.38,,,,,,,Case Rate,". MPL 100/50/25% all add ons apply, and lesser of 100% of billed charges",,65,,,,,0,percent of total billed charges,65% of Billed Charges. Lesser of 100% of billed charges applies.; No services were performed during the 15 month look back period.,,65,,,,,0,percent of total billed charges,65% of Billed Charges. Lesser of 100% of billed charges applies.; No services were performed during the 15 month look back period.,283.85,,,,,,,Case Rate,"100% Medicare OPPS FS. ",,52,,,,,0,percent of total billed charges,52% of Billed Charges. Lesser of 100% of billed charges applies.; No services were performed during the 15 month look back period.,8427,,,,,,,Case Rate,". Primary procedure pays at 100%, all subsequent at 50%.",900.71,,,,,,,Fee Schedule,"120 Percent of Medicaid APG. ",750.59,,,,,,,Case Rate,"100 Percent of Medicaid APG. ",7163,,,,,,,Case Rate,". ",,59,,,,,0,percent of total billed charges,59% of Billed Charges. Lesser of 100% of billed charges applies.; No services were performed during the 15 month look back period.,,59,,,,,0,percent of total billed charges,59% of Billed Charges. Lesser of 100% of billed charges applies.; No services were performed during the 15 month look back period.,,65,,,,,0,percent of total billed charges,65% of Billed Charges. Lesser of 100% of billed charges applies.; No services were performed during the 15 month look back period.,14948,,,,,,,Case Rate,". MPL 100/75/50% all add ons apply, and lesser of 100% of billed charges",283.85,,,,,,,Case Rate,"100%Medicare OPPS FS. ",788.12,,,,,,,Fee Schedule,105 percent of Medicaid APG. otherwise 105% of Ordered NYS MCD FS or 105% of ASP+6%,788.12,,,,,,,Fee Schedule,105 percent of Medicaid APG. otherwise 105% of Ordered NYS MCD FS or 105% of ASP+6%,788.12,,,,,,,Fee Schedule,105 percent of Medicaid APG. otherwise 105% of Ordered NYS MCD FS or 105% of ASP+6%,1013.3,,,,,,,Fee Schedule,135 percent of Medicaid APG. otherwise 135% of Ordered NYS MCD FS or 135% of ASP+6%,4923.38,,,,,,,Case Rate,". MPL 100/50/25% all add ons apply, and lesser of 100% of billed charges",788.12,,,,,,,Fee Schedule,105 percent of Medicaid APG. otherwise 105% of Ordered NYS MCD FS or 105% of ASP+6%,788.12,,,,,,,Fee Schedule,105 percent of Medicaid APG. otherwise 105% of Ordered NYS MCD FS or 105% of ASP+6%,788.12,,,,,,,Fee Schedule,105 percent of Medicaid APG. otherwise 105% of Ordered NYS MCD FS or 105% of ASP+6%,788.12,,,,,,,Fee Schedule,105 percent of Medicaid APG. otherwise 105% of Ordered NYS MCD FS or 105% of ASP+6%,788.12,,,,,,,Fee Schedule,105 percent of Medicaid APG. otherwise 105% of Ordered NYS MCD FS or 105% of ASP+6%,1013.3,,,,,,,Fee Schedule,135 percent of Medicaid APG. otherwise 135% of Ordered NYS MCD FS or 135% of ASP+6%,1013.3,,,,,,,Fee Schedule,135 percent of Medicaid APG. otherwise 135% of Ordered NYS MCD FS or 135% of ASP+6%,283.85,,,,,,,Case Rate,"100% Medicare OPPS FS. ",4923.38,,,,,,,Case Rate,". MPL 100/50/25% all add ons apply, and lesser of 100% of billed charges",283.85,,,,,,,Case Rate,"100% Medicare OPPS FS. ",788.12,,,,,,,Fee Schedule,105 percent of Medicaid APG. otherwise 105% of Ordered NYS MCD FS or 105% of ASP+6%,,65,,,,,0,percent of total billed charges,65% of Billed Charges. Lesser of 100% of billed charges applies.; No services were performed during the 15 month look back period.,283.85,,,,,,,Case Rate,"100% Medicare OPPS FS. ",,65,,,,,0,percent of total billed charges,65% of Billed Charges. Lesser of 100% of billed charges applies.; No services were performed during the 15 month look back period.,,65,,,,,0,percent of total billed charges,65% of Billed Charges. Lesser of 100% of billed charges applies.; No services were performed during the 15 month look back period.,,65,,,,,0,percent of total billed charges,65% of Billed Charges. Lesser of 100% of billed charges applies.; No services were performed during the 15 month look back period.,788.12,,,,,,,Fee Schedule,105 percent of Medicaid APG. otherwise 105% of Ordered NYS MCD FS or 105% of ASP+6%,283.85,,,,,,,Case Rate,"100% Medicare OPPS FS. ",,65,,,,,0,percent of total billed charges,65% of Billed Charges. Lesser of 100% of billed charges applies.; No services were performed during the 15 month look back period.,1013.3,,,,,,,Fee Schedule,135 percent of Medicaid APG. otherwise 135% of Ordered NYS MCD FS or 135% of ASP+6%,,65,,,,,0,percent of total billed charges,65% of Billed Charges. Lesser of 100% of billed charges applies.; No services were performed during the 15 month look back period.,567.7,,,,,,,Case Rate,"150% of Medicare OPPS. ",283.85,,,,,,,Case Rate,"100%Medicare OPPS FS. ",7163,,,,,,,Case Rate,". ",7163,,,,,,,Case Rate,". ",7163,,,,,,,Case Rate,". ",7163,,,,,,,Case Rate,". ",7163,,,,,,,Case Rate,". ",8427,,,,,,,Case Rate,". Primary procedure pays at 100%, all subsequent at 50%.",8427,,,,,,,Case Rate,". Primary procedure pays at 100%, all subsequent at 50%.",7163,,,,,,,Case Rate,". ",7163,,,,,,,Case Rate,". ",7163,,,,,,,Case Rate,". ",7163,,,,,,,Case Rate,". ",7163,,,,,,,Case Rate,". ",283.85,,,,,,,Case Rate,"100% Medicare OPPS FS. ",8427,,,,,,,Case Rate,". Primary procedure pays at 100%, all subsequent at 50%.",283.85,,,,,,,Case Rate,"100% Medicare OPPS FS. ",1688.83,,,,,,,Case Rate,"225 Percent of Medicaid APG. If not included in Medicaid APG, then 100 Percent of Manhattan Medicare",750.59,,,,,,,Case Rate,"100 Percent of Medicaid APG. ",4923.38,,,,,,,Case Rate,". MPL 100/50/25% all add ons apply, and lesser of 100% of billed charges",4923.38,,,,,,,Case Rate,". MPL 100/50/25% all add ons apply, and lesser of 100% of billed charges",283.85,,,,,,,Case Rate,"100% Medicare OPPS FS. ",12574,,,,,,,Case Rate,". Primary procedure pays at 100%, all subsequent at 50%.",283.85,,,,,,,Case Rate,"100% Medicare OPPS FS. ",283.85,,,,,,,Case Rate,"100% Medicare OPPS FS. ",6593,,,,,,,Case Rate,". Primary procedure pays at 100%, secondary at 50%, all subsequent at 25%.  Lesser of applies when negotiated rates exceed charges less addons.",283.85,,,,,,,Case Rate,"100% Medicare OPPS FS. ",6487,,,,,,,Case Rate,". MPL 100/50/25% maxmium of 3 procedures. All add ons apply, and lesser of 100% of billed charges",283.85,,,,,,,Case Rate,"100% Medicare OPPS FS. ",6487,,,,,,,Case Rate,". MPL 100/50/25% maxmium of 3 procedures. All add ons apply, and lesser of 100% of billed charges",6593,,,,,,,Case Rate,". Primary procedure pays at 100%, secondary at 50%, all subsequent at 25%.  Lesser of applies when negotiated rates exceed charges less addons.",6487,,,,,,,Case Rate,". MPL 100/50/25% maxmium of 3 procedures. All add ons apply, and lesser of 100% of billed charges",283.85,,,,,,,Case Rate,"100% Medicare OPPS FS. ",750.59,,,,,,,Case Rate,"100 Percent of Medicaid APG. ",283.85,,,,,,,Case Rate,"100% Medicare OPPS FS. ",6487,,,,,,,Case Rate,". MPL 100/50/25% maxmium of 3 procedures. All add ons apply, and lesser of 100% of billed charges",4923.38,,,,,,,Case Rate,". MPL 100/50/25% all add ons apply, and lesser of 100% of billed charges",750.59,,,,,,,Case Rate,"100 Percent of Medicaid APG. ",,65,,,,,0,percent of total billed charges,65% of Billed Charges. Lesser of 100% of billed charges applies.; No services were performed during the 15 month look back period.,900.71,,,,,,,Fee Schedule,"120 Percent of Medicaid APG. ",900.71,,,,,,,Fee Schedule,"120 Percent of Medicaid APG. ",,65,,,,,0,percent of total billed charges,65% of Billed Charges. Lesser of 100% of billed charges applies.; No services were performed during the 15 month look back period.,,65,,,,,0,percent of total billed charges,65% of Billed Charges. Lesser of 100% of billed charges applies.; No services were performed during the 15 month look back period.,,65,,,,,0,percent of total billed charges,65% of Billed Charges. Lesser of 100% of billed charges applies.; No services were performed during the 15 month look back period.,4923.38,,,,,,,Case Rate,". MPL 100/50/25% all add ons apply, and lesser of 100% of billed charges",,65,,,,,0,percent of total billed charges,65% of Billed Charges. Lesser of 100% of billed charges applies.; No services were performed during the 15 month look back period.,,65,,,,,0,percent of total billed charges,65% of Billed Charges. Lesser of 100% of billed charges applies.; No services were performed during the 15 month look back period.,,65,,,,,0,percent of total billed charges,65% of Billed Charges. Lesser of 100% of billed charges applies.; No services were performed during the 15 month look back period.,7163,,,,,,,Case Rate,". ",7163,,,,,,,Case Rate,". ",562.02,,,,,,,Case Rate,198 Percent of Medicare OPPS. Metroplus will reimburse unlisted codes and described codes with no Medicare rate at 50 percent of charges.,750.59,,,,,,,Case Rate,"100 Percent of Medicaid APG. ",4923.38,,,,,,,Case Rate,". MPL 100/50/25% all add ons apply, and lesser of 100% of billed charges",6487,,,,,,,Case Rate,". MPL 100/50/25% maxmium of 3 procedures. All add ons apply, and lesser of 100% of billed charges",6593,,,,,,,Case Rate,". Primary procedure pays at 100%, secondary at 50%, all subsequent at 25%.  Lesser of applies when negotiated rates exceed charges less addons.",4923.38,,,,,,,Case Rate,". MPL 100/50/25% all add ons apply, and lesser of 100% of billed charges",6593,,,,,,,Case Rate,". Primary procedure pays at 100%, secondary at 50%, all subsequent at 25%.  Lesser of applies when negotiated rates exceed charges less addons.",4923.38,,,,,,,Case Rate,". MPL 100/50/25% all add ons apply, and lesser of 100% of billed charges",,65,,,,,0,percent of total billed charges,65% of Billed Charges. Lesser of 100% of billed charges applies.; No services were performed during the 15 month look back period.,,65,,,,,0,percent of total billed charges,65% of Billed Charges. Lesser of 100% of billed charges applies.; No services were performed during the 15 month look back period.,,65,,,,,0,percent of total billed charges,65% of Billed Charges. Lesser of 100% of billed charges applies.; No services were performed during the 15 month look back period.,,65,,,,,0,percent of total billed charges,65% of Billed Charges. Lesser of 100% of billed charges applies.; No services were performed during the 15 month look back period.,283.85,,,,,,,Case Rate,"100% Medicare OPPS FS. ",283.85,25798,
27337,CPT,,,490,RC,EXC THIGH/KNEE LES SC 3 CM/>,,,both,,,,5941,,,,,,,Case Rate,". MPL 1st 100% of Payment Rate 50% of all others, all add ons apply, and lesser of 100% of billed charges.",5941,,,,,,,Case Rate,". MPL 1st 100% of Payment Rate 50% of all others, all add ons apply, and lesser of 100% of billed charges.",10024,,,,,,,Case Rate,". Primary procedure pays at 100%, secondary at 50%, all subsequent at 25%.  Lesser of applies when negotiated rates exceed charges less addons.",,100,,,,,0,percent of total billed charges,100 percent of billed charges. ; No services were performed during the 15 month look back period.,3386.66,,,,,,,Case Rate,"100% Medicare OPPS FS. ",10024,,,,,,,Case Rate,". Primary procedure pays at 100%, secondary at 50%, all subsequent at 25%.  Lesser of applies when negotiated rates exceed charges less addons.",10024,,,,,,,Case Rate,". Primary procedure pays at 100%, secondary at 50%, all subsequent at 25%.  Lesser of applies when negotiated rates exceed charges less addons.",10024,,,,,,,Case Rate,". Primary procedure pays at 100%, secondary at 50%, all subsequent at 25%.  Lesser of applies when negotiated rates exceed charges less addons.",1765.8,,,,,,,Case Rate,"100 Percent of Medicaid APG. ",1471.5,,,,,,,Case Rate,"100 Percent of Medicaid APG. ",,78,,,,,0,percent of total billed charges,78% of Billed Charges. Lesser of 100% of billed charges applies.; No services were performed during the 15 month look back period.,9024.56,,,,,,,Case Rate,". MPL 100/50/25% all add ons apply, and lesser of 100% of billed charges",1471.5,,,,,,,Case Rate,"100 Percent of Medicaid APG. ",3386.66,,,,,,,Case Rate,"100% Medicare OPPS FS. ",6487,,,,,,,Case Rate,". MPL 100/50/25% maxmium of 3 procedures. All add ons apply, and lesser of 100% of billed charges",6487,,,,,,,Case Rate,". MPL 100/50/25% maxmium of 3 procedures. All add ons apply, and lesser of 100% of billed charges",6487,,,,,,,Case Rate,". MPL 100/50/25% maxmium of 3 procedures. All add ons apply, and lesser of 100% of billed charges",6487,,,,,,,Case Rate,". MPL 100/50/25% maxmium of 3 procedures. All add ons apply, and lesser of 100% of billed charges",1471.5,,,,,,,Case rate,124 Percent of Medicaid APG. Covered services not payable under Medicaid Fee Schedules default to a payment of 50 percent of charges.,3386.66,,,,,,,Case Rate,"100% Medicare OPPS FS. ",1471.5,,,,,,,Case rate,124 Percent of Medicaid APG. Covered services not payable under Medicaid Fee Schedules default to a payment of 50 percent of charges.,,78,,,,,0,percent of total billed charges,78% of Billed Charges. Lesser of 100% of billed charges applies.; No services were performed during the 15 month look back period.,10024,,,,,,,Case Rate,". Primary procedure pays at 100%, secondary at 50%, all subsequent at 25%.  Lesser of applies when negotiated rates exceed charges less addons.",3386.66,,,,,,,Case Rate,"100%Medicare OPPS FS. ",8427,,,,,,,Case Rate,". Primary procedure pays at 100%, all subsequent at 50%.",3386.66,,,,,,,Case Rate,"100%Medicare OPPS FS. ",3386.66,,,,,,,Case Rate,"100%Medicare OPPS FS. ",,78,,,,,0,percent of total billed charges,78% of Billed Charges. Lesser of 100% of billed charges applies.; No services were performed during the 15 month look back period.,1228.42,,,,,,,Case Rate,100% of PAS. Lesser of 100% of billed charges applies.,1228.42,,,,,,,Case Rate,100% of PAS. Lesser of 100% of billed charges applies.,1471.5,,,,,,,Case rate,"100 Percent of Medicaid APG. ",1471.5,,,,,,,Case rate,"100 Percent of Medicaid APG. ",8427,,,,,,,Case Rate,". Primary procedure pays at 100%, all subsequent at 50%.",8427,,,,,,,Case Rate,". Primary procedure pays at 100%, all subsequent at 50%.",1471.5,,,,,,,Case Rate,"100 Percent of Medicaid APG. Not APG payable, or payable under another fee schedule like ASP/AWP pays at 30% of charges",8427,,,,,,,Case Rate,". Primary procedure pays at 100%, all subsequent at 50%.",1471.5,,,,,,,Case Rate,"100 Percent of Medicaid APG. Not APG payable, or payable under another fee schedule like ASP/AWP pays at 30% of charges",3386.66,,,,,,,Case Rate,"100%Medicare OPPS FS. ",8427,,,,,,,Case Rate,". Primary procedure pays at 100%, all subsequent at 50%.",,78,,,,,0,percent of total billed charges,78% of Billed Charges. Lesser of 100% of billed charges applies.; No services were performed during the 15 month look back period.,1471.5,,,,,,,Case Rate,"100 Percent of Medicaid APG. ",1471.5,,,,,,,Case Rate,"100 Percent of Medicaid APG. ",,78,,,,,0,percent of total billed charges,78% of Billed Charges. Lesser of 100% of billed charges applies.; No services were performed during the 15 month look back period.,6487,,,,,,,Case Rate,". MPL 100/50/25% maxmium of 3 procedures. All add ons apply, and lesser of 100% of billed charges",7929,,,,,,,Case Rate,". MPL 100/50/25% all add ons apply, and lesser of 100% of billed charges",7929,,,,,,,Case Rate,". MPL 100/50/25% all add ons apply, and lesser of 100% of billed charges",,78,,,,,0,percent of total billed charges,78% of Billed Charges. Lesser of 100% of billed charges applies.; No services were performed during the 15 month look back period.,3386.66,,,,,,,Case Rate,"100% Medicare OPPS FS. ",9024.56,,,,,,,Case Rate,". MPL 100/50/25% all add ons apply, and lesser of 100% of billed charges",9024.56,,,,,,,Case Rate,". MPL 100/50/25% all add ons apply, and lesser of 100% of billed charges",9024.56,,,,,,,Case Rate,". MPL 100/50/25% all add ons apply, and lesser of 100% of billed charges",3386.66,,,,,,,Case Rate,"100% Medicare OPPS FS. ",9024.56,,,,,,,Case Rate,". MPL 100/50/25% all add ons apply, and lesser of 100% of billed charges",9024.56,,,,,,,Case Rate,". MPL 100/50/25% all add ons apply, and lesser of 100% of billed charges",3386.66,,,,,,,Case Rate,"100% of Medicare OPPS. ",25798,,,,,,,Case Rate,". MPL 100/75/50% all add ons apply, and lesser of 100% of billed charges",13586,,,,,,,Case Rate,". MPL 100/50/25% all add ons apply, and lesser of 100% of billed charges",13586,,,,,,,Case Rate,". MPL 100/50/25% all add ons apply, and lesser of 100% of billed charges",13586,,,,,,,Case Rate,". MPL 100/50/25% all add ons apply, and lesser of 100% of billed charges",13586,,,,,,,Case Rate,". MPL 100/50/25% all add ons apply, and lesser of 100% of billed charges",13586,,,,,,,Case Rate,". MPL 100/50/25% all add ons apply, and lesser of 100% of billed charges",13586,,,,,,,Case Rate,". MPL 100/50/25% all add ons apply, and lesser of 100% of billed charges",3386.66,,,,,,,Case Rate,"100% Medicare OPPS FS. ",3386.66,,,,,,,Case Rate,"100% Medicare OPPS FS. ",13586,,,,,,,Case Rate,". MPL 100/50/25% all add ons apply, and lesser of 100% of billed charges",,78,,,,,0,percent of total billed charges,78% of Billed Charges. Lesser of 100% of billed charges applies.; No services were performed during the 15 month look back period.,,78,,,,,0,percent of total billed charges,78% of Billed Charges. Lesser of 100% of billed charges applies.; No services were performed during the 15 month look back period.,,78,,,,,0,percent of total billed charges,78% of Billed Charges. Lesser of 100% of billed charges applies.; No services were performed during the 15 month look back period.,,78,,,,,0,percent of total billed charges,78% of Billed Charges. Lesser of 100% of billed charges applies.; No services were performed during the 15 month look back period.,,78,,,,,0,percent of total billed charges,78% of Billed Charges. Lesser of 100% of billed charges applies.; No services were performed during the 15 month look back period.,,78,,,,,0,percent of total billed charges,78% of Billed Charges. Lesser of 100% of billed charges applies.; No services were performed during the 15 month look back period.,,78,,,,,0,percent of total billed charges,78% of Billed Charges. Lesser of 100% of billed charges applies.; No services were performed during the 15 month look back period.,,78,,,,,0,percent of total billed charges,78% of Billed Charges. Lesser of 100% of billed charges applies.; No services were performed during the 15 month look back period.,,78,,,,,0,percent of total billed charges,78% of Billed Charges. Lesser of 100% of billed charges applies.; No services were performed during the 15 month look back period.,,78,,,,,0,percent of total billed charges,78% of Billed Charges. Lesser of 100% of billed charges applies.; No services were performed during the 15 month look back period.,,78,,,,,0,percent of total billed charges,78% of Billed Charges. Lesser of 100% of billed charges applies.; No services were performed during the 15 month look back period.,,78,,,,,0,percent of total billed charges,78% of Billed Charges. Lesser of 100% of billed charges applies.; No services were performed during the 15 month look back period.,,78,,,,,0,percent of total billed charges,78% of Billed Charges. Lesser of 100% of billed charges applies.; No services were performed during the 15 month look back period.,,78,,,,,0,percent of total billed charges,78% of Billed Charges. Lesser of 100% of billed charges applies.; No services were performed during the 15 month look back period.,,78,,,,,0,percent of total billed charges,78% of Billed Charges. Lesser of 100% of billed charges applies.; No services were performed during the 15 month look back period.,,78,,,,,0,percent of total billed charges,78% of Billed Charges. Lesser of 100% of billed charges applies.; No services were performed during the 15 month look back period.,,78,,,,,0,percent of total billed charges,78% of Billed Charges. Lesser of 100% of billed charges applies.; No services were performed during the 15 month look back period.,,78,,,,,0,percent of total billed charges,78% of Billed Charges. Lesser of 100% of billed charges applies.; No services were performed during the 15 month look back period.,,78,,,,,0,percent of total billed charges,78% of Billed Charges. Lesser of 100% of billed charges applies.; No services were performed during the 15 month look back period.,,78,,,,,0,percent of total billed charges,78% of Billed Charges. Lesser of 100% of billed charges applies.; No services were performed during the 15 month look back period.,,78,,,,,0,percent of total billed charges,78% of Billed Charges. Lesser of 100% of billed charges applies.; No services were performed during the 15 month look back period.,,78,,,,,0,percent of total billed charges,78% of Billed Charges. Lesser of 100% of billed charges applies.; No services were performed during the 15 month look back period.,,78,,,,,0,percent of total billed charges,78% of Billed Charges. Lesser of 100% of billed charges applies.; No services were performed during the 15 month look back period.,,78,,,,,0,percent of total billed charges,78% of Billed Charges. Lesser of 100% of billed charges applies.; No services were performed during the 15 month look back period.,,78,,,,,0,percent of total billed charges,78% of Billed Charges. Lesser of 100% of billed charges applies.; No services were performed during the 15 month look back period.,,78,,,,,0,percent of total billed charges,78% of Billed Charges. Lesser of 100% of billed charges applies.; No services were performed during the 15 month look back period.,8427,,,,,,,Case Rate,". Primary procedure pays at 100%, all subsequent at 50%.",8427,,,,,,,Case Rate,". Primary procedure pays at 100%, all subsequent at 50%.",8427,,,,,,,Case Rate,". Primary procedure pays at 100%, all subsequent at 50%.",8427,,,,,,,Case Rate,". Primary procedure pays at 100%, all subsequent at 50%.",12574,,,,,,,Case Rate,". Primary procedure pays at 100%, all subsequent at 50%.",12574,,,,,,,Case Rate,". Primary procedure pays at 100%, all subsequent at 50%.",6487,,,,,,,Case Rate,". MPL 100/50/25% maxmium of 3 procedures. All add ons apply, and lesser of 100% of billed charges",13586,,,,,,,Case Rate,". MPL 100/50/25% all add ons apply, and lesser of 100% of billed charges",9024.56,,,,,,,Case Rate,". MPL 100/50/25% all add ons apply, and lesser of 100% of billed charges",13586,,,,,,,Case Rate,". MPL 100/50/25% all add ons apply, and lesser of 100% of billed charges",,78,,,,,0,percent of total billed charges,78% of Billed Charges. Lesser of 100% of billed charges applies.; No services were performed during the 15 month look back period.,12574,,,,,,,Case Rate,". Primary procedure pays at 100%, all subsequent at 50%.",13586,,,,,,,Case Rate,". MPL 100/50/25% all add ons apply, and lesser of 100% of billed charges",9024.56,,,,,,,Case Rate,". MPL 100/50/25% all add ons apply, and lesser of 100% of billed charges",6487,,,,,,,Case Rate,". MPL 100/50/25% maxmium of 3 procedures. All add ons apply, and lesser of 100% of billed charges",,,,,,,,,"NA. ",,78,,,,,0,percent of total billed charges,78% of Billed Charges. Lesser of 100% of billed charges applies.; No services were performed during the 15 month look back period.,1471.5,,,,,,,Case Rate,"100 Percent of Medicaid APG. ",8427,,,,,,,Case Rate,". Primary procedure pays at 100%, all subsequent at 50%.",1471.5,,,,,,,Case Rate,"100 Percent of Medicaid APG. Not APG payable, or payable under another fee schedule like ASP/AWP pays at 30% of charges",3386.66,,,,,,,Case Rate,"100%Medicare OPPS FS. ",3386.66,,,,,,,Case Rate,"100% Medicare OPPS FS. ",25798,,,,,,,Case Rate,". MPL 100/75/50% all add ons apply, and lesser of 100% of billed charges",3386.66,,,,,,,Case Rate,"100% Medicare OPPS FS. ",3386.66,,,,,,,Case Rate,"100% Medicare OPPS FS. ",1471.5,,,,,,,Case Rate,"100 Percent of Medicaid APG. ",3386.66,,,,,,,Case Rate,"100% Medicare OPPS FS. ",3386.66,,,,,,,Case Rate,"100% Medicare OPPS FS. ",10024,,,,,,,Case Rate,". Primary procedure pays at 100%, secondary at 50%, all subsequent at 25%.  Lesser of applies when negotiated rates exceed charges less addons.",10024,,,,,,,Case Rate,". Primary procedure pays at 100%, secondary at 50%, all subsequent at 25%.  Lesser of applies when negotiated rates exceed charges less addons.",3386.66,,,,,,,Case Rate,"100% Medicare OPPS FS. ",6487,,,,,,,Case Rate,". MPL 100/50/25% maxmium of 3 procedures. All add ons apply, and lesser of 100% of billed charges",9024.56,,,,,,,Case Rate,". MPL 100/50/25% all add ons apply, and lesser of 100% of billed charges",9024.56,,,,,,,Case Rate,". MPL 100/50/25% all add ons apply, and lesser of 100% of billed charges",3386.66,,,,,,,Case Rate,"100% Medicare OPPS FS. ",6487,,,,,,,Case Rate,". MPL 100/50/25% maxmium of 3 procedures. All add ons apply, and lesser of 100% of billed charges",10024,,,,,,,Case Rate,". Primary procedure pays at 100%, secondary at 50%, all subsequent at 25%.  Lesser of applies when negotiated rates exceed charges less addons.",10024,,,,,,,Case Rate,". Primary procedure pays at 100%, secondary at 50%, all subsequent at 25%.  Lesser of applies when negotiated rates exceed charges less addons.",10024,,,,,,,Case Rate,". Primary procedure pays at 100%, secondary at 50%, all subsequent at 25%.  Lesser of applies when negotiated rates exceed charges less addons.",,78,,,,,0,percent of total billed charges,78% of Billed Charges. Lesser of 100% of billed charges applies.; No services were performed during the 15 month look back period.,,78,,,,,0,percent of total billed charges,78% of Billed Charges. Lesser of 100% of billed charges applies.; No services were performed during the 15 month look back period.,,78,,,,,0,percent of total billed charges,78% of Billed Charges. Lesser of 100% of billed charges applies.; No services were performed during the 15 month look back period.,,78,,,,,0,percent of total billed charges,78% of Billed Charges. Lesser of 100% of billed charges applies.; No services were performed during the 15 month look back period.,,78,,,,,0,percent of total billed charges,78% of Billed Charges. Lesser of 100% of billed charges applies.; No services were performed during the 15 month look back period.,,78,,,,,0,percent of total billed charges,78% of Billed Charges. Lesser of 100% of billed charges applies.; No services were performed during the 15 month look back period.,,78,,,,,0,percent of total billed charges,78% of Billed Charges. Lesser of 100% of billed charges applies.; No services were performed during the 15 month look back period.,,78,,,,,0,percent of total billed charges,78% of Billed Charges. Lesser of 100% of billed charges applies.; No services were performed during the 15 month look back period.,,78,,,,,0,percent of total billed charges,78% of Billed Charges. Lesser of 100% of billed charges applies.; No services were performed during the 15 month look back period.,,78,,,,,0,percent of total billed charges,78% of Billed Charges. Lesser of 100% of billed charges applies.; No services were performed during the 15 month look back period.,,78,,,,,0,percent of total billed charges,78% of Billed Charges. Lesser of 100% of billed charges applies.; No services were performed during the 15 month look back period.,12574,,,,,,,Case Rate,". Primary procedure pays at 100%, all subsequent at 50%.",13586,,,,,,,Case Rate,". MPL 100/50/25% all add ons apply, and lesser of 100% of billed charges",6487,,,,,,,Case Rate,". MPL 100/50/25% maxmium of 3 procedures. All add ons apply, and lesser of 100% of billed charges",3386.66,,,,,,,Case Rate,"100% Medicare OPPS FS. ",10024,,,,,,,Case Rate,". Primary procedure pays at 100%, secondary at 50%, all subsequent at 25%.  Lesser of applies when negotiated rates exceed charges less addons.",6487,,,,,,,Case Rate,". MPL 100/50/25% maxmium of 3 procedures. All add ons apply, and lesser of 100% of billed charges",6487,,,,,,,Case Rate,". MPL 100/50/25% maxmium of 3 procedures. All add ons apply, and lesser of 100% of billed charges",,78,,,,,0,percent of total billed charges,78% of Billed Charges. Lesser of 100% of billed charges applies.; No services were performed during the 15 month look back period.,3149.02,,,,,,,Case Rate,"214 Percent of Medicaid APG. Drugs not priced under APG, billed with revenue code 636 and not priced by Medicare ASP FeeSched will be reimbursed at 20% of charges.",6487,,,,,,,Case Rate,". MPL 100/50/25% maxmium of 3 procedures. All add ons apply, and lesser of 100% of billed charges",1471.5,,,,,,,Case Rate,"100 Percent of Medicaid APG. ",3386.66,,,,,,,Case Rate,"100% Medicare OPPS FS. ",3386.66,,,,,,,Case Rate,"100% Medicare OPPS FS. ",3386.66,,,,,,,Case Rate,"100% Medicare OPPS FS. ",3386.66,,,,,,,Case Rate,"100% Medicare OPPS FS. ",3386.66,,,,,,,Case Rate,"100% Medicare OPPS FS. ",3386.66,,,,,,,Case Rate,"100% Medicare OPPS FS. ",6487,,,,,,,Case Rate,". MPL 100/50/25% maxmium of 3 procedures. All add ons apply, and lesser of 100% of billed charges",25798,,,,,,,Case Rate,". MPL 100/75/50% all add ons apply, and lesser of 100% of billed charges",2648.71,,,,,,,Fee Schedule,"180 Percent of Medicaid APG. ",2648.71,,,,,,,Fee Schedule,"180 Percent of Medicaid APG. ",2648.71,,,,,,,Fee Schedule,"180 Percent of Medicaid APG. ",2648.71,,,,,,,Fee Schedule,"180 Percent of Medicaid APG. ",2648.71,,,,,,,Fee Schedule,"180 Percent of Medicaid APG. ",,,,,,,,,"NA. ",25798,,,,,,,Case Rate,". MPL 100/75/50% all add ons apply, and lesser of 100% of billed charges",6705.59,,,,,,,Case Rate,198 Percent of Medicare OPPS. Metroplus will reimburse unlisted codes and described codes with no Medicare rate at 50 percent of charges.,6705.59,,,,,,,Case Rate,198 Percent of Medicare OPPS. Metroplus will reimburse unlisted codes and described codes with no Medicare rate at 50 percent of charges.,6705.59,,,,,,,Case Rate,198 Percent of Medicare OPPS. Metroplus will reimburse unlisted codes and described codes with no Medicare rate at 50 percent of charges.,6705.59,,,,,,,Case Rate,198 Percent of Medicare OPPS. Metroplus will reimburse unlisted codes and described codes with no Medicare rate at 50 percent of charges.,6705.59,,,,,,,Case Rate,198 Percent of Medicare OPPS. Metroplus will reimburse unlisted codes and described codes with no Medicare rate at 50 percent of charges.,3386.66,,,,,,,Case Rate,"100% Medicare OPPS FS. ",12574,,,,,,,Case Rate,". Primary procedure pays at 100%, all subsequent at 50%.",12574,,,,,,,Case Rate,". Primary procedure pays at 100%, all subsequent at 50%.",12574,,,,,,,Case Rate,". Primary procedure pays at 100%, all subsequent at 50%.",12574,,,,,,,Case Rate,". Primary procedure pays at 100%, all subsequent at 50%.",10024,,,,,,,Case Rate,". Primary procedure pays at 100%, secondary at 50%, all subsequent at 25%.  Lesser of applies when negotiated rates exceed charges less addons.",10024,,,,,,,Case Rate,". Primary procedure pays at 100%, secondary at 50%, all subsequent at 25%.  Lesser of applies when negotiated rates exceed charges less addons.",10024,,,,,,,Case Rate,". Primary procedure pays at 100%, secondary at 50%, all subsequent at 25%.  Lesser of applies when negotiated rates exceed charges less addons.",10024,,,,,,,Case Rate,". Primary procedure pays at 100%, secondary at 50%, all subsequent at 25%.  Lesser of applies when negotiated rates exceed charges less addons.",25798,,,,,,,Case Rate,". MPL 100/75/50% all add ons apply, and lesser of 100% of billed charges",25798,,,,,,,Case Rate,". MPL 100/75/50% all add ons apply, and lesser of 100% of billed charges",3386.66,,,,,,,Case Rate,"100% Medicare OPPS FS. ",3386.66,,,,,,,Case Rate,"100% Medicare OPPS FS. ",3386.66,,,,,,,Case Rate,"100% Medicare OPPS FS. ",13586,,,,,,,Case Rate,". MPL 100/50/25% all add ons apply, and lesser of 100% of billed charges",13586,,,,,,,Case Rate,". MPL 100/50/25% all add ons apply, and lesser of 100% of billed charges",13586,,,,,,,Case Rate,". MPL 100/50/25% all add ons apply, and lesser of 100% of billed charges",25798,,,,,,,Case Rate,". MPL 100/75/50% all add ons apply, and lesser of 100% of billed charges",10024,,,,,,,Case Rate,". Primary procedure pays at 100%, secondary at 50%, all subsequent at 25%.  Lesser of applies when negotiated rates exceed charges less addons.",3386.66,,,,,,,Case Rate,"100% Medicare OPPS FS. ",13586,,,,,,,Case Rate,". MPL 100/50/25% all add ons apply, and lesser of 100% of billed charges",1471.5,,,,,,,Case Rate,"100 Percent of Medicaid APG. ",3454.4,,,,,,,Case Rate,"102% of Medicare OPPS. ",3454.4,,,,,,,Case Rate,"102% of Medicare OPPS. ",3454.4,,,,,,,Case Rate,"102% of Medicare OPPS. ",1471.5,,,,,,,Case rate,"100 Percent of Medicaid APG. ",3310.88,,,,,,,Case Rate,225% of NYS APG. Lesser of 100% of billed charges applies.,3310.88,,,,,,,Case Rate,225% of NYS APG. Lesser of 100% of billed charges applies.,3310.88,,,,,,,Case Rate,225% of NYS APG. Lesser of 100% of billed charges applies.,3310.88,,,,,,,Case Rate,225% of NYS APG. Lesser of 100% of billed charges applies.,3310.88,,,,,,,Case Rate,225% of NYS APG. Lesser of 100% of billed charges applies.,3454.4,,,,,,,Case Rate,"102% of Medicare OPPS. ",1471.5,,,,,,,Case Rate,"100 Percent of Medicaid APG. ",1228.42,,,,,,,Case Rate,100% of PAS. Lesser of 100% of billed charges applies.,3310.88,,,,,,,Case Rate,225% of NYS APG. Lesser of 100% of billed charges applies.,3310.88,,,,,,,Case Rate,225% of NYS APG. Lesser of 100% of billed charges applies.,1228.42,,,,,,,Case Rate,100% of PAS. Lesser of 100% of billed charges applies.,1228.42,,,,,,,Case Rate,100% of PAS. Lesser of 100% of billed charges applies.,2648.71,,,,,,,Fee Schedule,"180 Percent of Medicaid APG. ",3386.66,,,,,,,Case Rate,"100% Medicare OPPS FS. ",3386.66,,,,,,,Case Rate,"100% Medicare OPPS FS. ",10024,,,,,,,Case Rate,". Primary procedure pays at 100%, secondary at 50%, all subsequent at 25%.  Lesser of applies when negotiated rates exceed charges less addons.",3386.66,,,,,,,Case Rate,"100% Medicare OPPS FS. ",3310.88,,,,,,,Case Rate,"225 Percent of Medicaid APG. ",3310.88,,,,,,,Case Rate,"225 Percent of Medicaid APG. ",1471.5,,,,,,,Case rate,"100 Percent of Medicaid APG. ",1471.5,,,,,,,Case rate,"100 Percent of Medicaid APG. ",3310.88,,,,,,,Case Rate,225 Percent of Medicaid APG. Covered services not payable under Medicaid Fee Schedules default to a payment of 87.5 percent of charges.,1471.5,,,,,,,Case rate,124 Percent of Medicaid APG. Covered services not payable under Medicaid Fee Schedules default to a payment of 50 percent of charges.,3310.88,,,,,,,Case Rate,"100 Percent of Medicaid APG. ",3310.88,,,,,,,Case Rate,"100 Percent of Medicaid APG. ",3310.88,,,,,,,Case Rate,"100 Percent of Medicaid APG. ",3310.88,,,,,,,Case Rate,"100 Percent of Medicaid APG. ",13453,,,,,,,Case Rate,". MPL 100/75/50% all add ons apply, and lesser of 100% of billed charges",25798,,,,,,,Case Rate,". MPL 100/75/50% all add ons apply, and lesser of 100% of billed charges",1765.8,,,,,,,Case Rate,"120 Percent of Medicaid APG. Not APG payable, or payable under another fee schedule like ASP/AWP pays at 30% of charges",1765.8,,,,,,,Case Rate,"120 Percent of Medicaid APG. Not APG payable, or payable under another fee schedule like ASP/AWP pays at 30% of charges",1471.5,,,,,,,Case Rate,"100 Percent of Medicaid APG. Not APG payable, or payable under another fee schedule like ASP/AWP pays at 30% of charges",1471.5,,,,,,,Case Rate,"100 Percent of Medicaid APG. Not APG payable, or payable under another fee schedule like ASP/AWP pays at 30% of charges",13586,,,,,,,Case Rate,". MPL 100/50/25% all add ons apply, and lesser of 100% of billed charges",13586,,,,,,,Case Rate,". MPL 100/50/25% all add ons apply, and lesser of 100% of billed charges",3386.66,,,,,,,Case Rate,"100% Medicare OPPS FS. ",13586,,,,,,,Case Rate,". MPL 100/50/25% all add ons apply, and lesser of 100% of billed charges",13586,,,,,,,Case Rate,". MPL 100/50/25% all add ons apply, and lesser of 100% of billed charges",13586,,,,,,,Case Rate,". MPL 100/50/25% all add ons apply, and lesser of 100% of billed charges",13586,,,,,,,Case Rate,". MPL 100/50/25% all add ons apply, and lesser of 100% of billed charges",3386.66,,,,,,,Case Rate,"100% Medicare OPPS FS. ",13586,,,,,,,Case Rate,". MPL 100/50/25% all add ons apply, and lesser of 100% of billed charges",13586,,,,,,,Case Rate,". MPL 100/50/25% all add ons apply, and lesser of 100% of billed charges",10024,,,,,,,Case Rate,". Primary procedure pays at 100%, secondary at 50%, all subsequent at 25%.  Lesser of applies when negotiated rates exceed charges less addons.",1471.5,,,,,,,Fee Schedule,100% APG. Lesser of 100% of billed charges applies.,1471.5,,,,,,,Case rate,124 Percent of Medicaid APG. Covered services not payable under Medicaid Fee Schedules default to a payment of 50 percent of charges.,3310.88,,,,,,,Case Rate,225% of NYS APG. Lesser of 100% of billed charges applies.,3310.88,,,,,,,Case Rate,225 Percent of Medicaid APG. Covered services not payable under Medicaid Fee Schedules default to a payment of 87.5 percent of charges.,1471.5,,,,,,,Case rate,124 Percent of Medicaid APG. Covered services not payable under Medicaid Fee Schedules default to a payment of 50 percent of charges.,3310.88,,,,,,,Case Rate,225% of NYS APG. Lesser of 100% of billed charges applies.,3310.88,,,,,,,Case Rate,225% of NYS APG. Lesser of 100% of billed charges applies.,3310.88,,,,,,,Case Rate,225% of NYS APG. Lesser of 100% of billed charges applies.,3310.88,,,,,,,Case Rate,225% of NYS APG. Lesser of 100% of billed charges applies.,3310.88,,,,,,,Case Rate,225% of NYS APG. Lesser of 100% of billed charges applies.,3310.88,,,,,,,Case Rate,225% of NYS APG. Lesser of 100% of billed charges applies.,,,,,,,,,"NA. ",,,,,,,,,"NA. ",,,,,,,,,"NA. ",6487,,,,,,,Case Rate,". MPL 100/50/25% maxmium of 3 procedures. All add ons apply, and lesser of 100% of billed charges",,,,,,,,,"NA. ",3386.66,,,,,,,Case Rate,"100% Medicare OPPS FS. ",5941,,,,,,,Case Rate,". MPL 1st 100% of Payment Rate 50% of all others, all add ons apply, and lesser of 100% of billed charges.",3386.66,,,,,,,Case Rate,"100% Medicare OPPS FS. ",3386.66,,,,,,,Case Rate,"100% Medicare OPPS FS. ",1765.8,,,,,,,Case Rate,"120 Percent of Medicaid APG. Not APG payable, or payable under another fee schedule like ASP/AWP pays at 30% of charges",1765.8,,,,,,,Case Rate,"120 Percent of Medicaid APG. Not APG payable, or payable under another fee schedule like ASP/AWP pays at 30% of charges",1471.5,,,,,,,Case Rate,"100 Percent of Medicaid APG. Not APG payable, or payable under another fee schedule like ASP/AWP pays at 30% of charges",1471.5,,,,,,,Case Rate,"100 Percent of Medicaid APG. Not APG payable, or payable under another fee schedule like ASP/AWP pays at 30% of charges",1471.5,,,,,,,Case Rate,"100 Percent of Medicaid APG. ",7163,,,,,,,Case Rate,". ",10024,,,,,,,Case Rate,". Primary procedure pays at 100%, secondary at 50%, all subsequent at 25%.  Lesser of applies when negotiated rates exceed charges less addons.",8427,,,,,,,Case Rate,". Primary procedure pays at 100%, all subsequent at 50%.",6487,,,,,,,Case Rate,". MPL 100/50/25% maxmium of 3 procedures. All add ons apply, and lesser of 100% of billed charges",3386.66,,,,,,,Case Rate,"100%Medicare OPPS FS. ",3386.66,,,,,,,Case Rate,"100% Medicare OPPS FS. ",3386.66,,,,,,,Case Rate,"100% Medicare OPPS FS. ",3386.66,,,,,,,Case Rate,"100% Medicare OPPS FS. ",3386.66,,,,,,,Case Rate,"100%Medicare OPPS FS. ",3386.66,,,,,,,Case Rate,"100% Medicare OPPS FS. ",,,,,,,,,"NA. ",3310.88,,,,,,,Case Rate,225% of NYS APG. Lesser of 100% of billed charges applies.,1228.42,,,,,,,Case Rate,100% of PAS. Lesser of 100% of billed charges applies.,13586,,,,,,,Case Rate,". MPL 100/50/25% all add ons apply, and lesser of 100% of billed charges",7163,,,,,,,Case Rate,". ",7163,,,,,,,Case Rate,". ",7163,,,,,,,Case Rate,". ",7163,,,,,,,Case Rate,". ",3386.66,,,,,,,Case Rate,"100% Medicare OPPS FS. ",1471.5,,,,,,,Case Rate,"100 Percent of Medicaid APG. ",13586,,,,,,,Case Rate,". MPL 100/50/25% all add ons apply, and lesser of 100% of billed charges",1471.5,,,,,,,Case Rate,"100 Percent of Medicaid APG. ",3386.66,,,,,,,Case Rate,"100% Medicare OPPS FS. ",1471.5,,,,,,,Case Rate,"100 Percent of Medicaid APG. ",3386.66,,,,,,,Case Rate,"100% Medicare OPPS FS. ",3386.66,,,,,,,Case Rate,"100% Medicare OPPS FS. ",1471.5,,,,,,,Case Rate,"100 Percent of Medicaid APG. ",1471.5,,,,,,,Case Rate,"100 Percent of Medicaid APG. ",7163,,,,,,,Case Rate,". ",6487,,,,,,,Case Rate,". MPL 100/50/25% maxmium of 3 procedures. All add ons apply, and lesser of 100% of billed charges",,78,,,,,0,percent of total billed charges,78% of Billed Charges. Lesser of 100% of billed charges applies.; No services were performed during the 15 month look back period.,9024.56,,,,,,,Case Rate,". MPL 100/50/25% all add ons apply, and lesser of 100% of billed charges",9024.56,,,,,,,Case Rate,". MPL 100/50/25% all add ons apply, and lesser of 100% of billed charges",10024,,,,,,,Case Rate,". Primary procedure pays at 100%, secondary at 50%, all subsequent at 25%.  Lesser of applies when negotiated rates exceed charges less addons.",1154.1,,,,,,,Case Rate,"83% HF Fee schedule. ",12574,,,,,,,Case Rate,". Primary procedure pays at 100%, all subsequent at 50%.",12574,,,,,,,Case Rate,". Primary procedure pays at 100%, all subsequent at 50%.",10869,,,,,,,Case Rate,". MPL 100/50/25% all add ons apply, and lesser of 100% of billed charges",10869,,,,,,,Case Rate,". MPL 100/50/25% all add ons apply, and lesser of 100% of billed charges",3386.66,,,,,,,Case Rate,"100% Medicare OPPS FS. ",3386.66,,,,,,,Case Rate,"100% Medicare OPPS FS. ",3386.66,,,,,,,Case Rate,"100% Medicare OPPS FS. ",3386.66,,,,,,,Case Rate,"100% Medicare OPPS FS. ",9024.56,,,,,,,Case Rate,". MPL 100/50/25% all add ons apply, and lesser of 100% of billed charges",13586,,,,,,,Case Rate,". MPL 100/50/25% all add ons apply, and lesser of 100% of billed charges",13586,,,,,,,Case Rate,". MPL 100/50/25% all add ons apply, and lesser of 100% of billed charges",3386.66,,,,,,,Case Rate,"100% Medicare OPPS FS. ",10869,,,,,,,Case Rate,". MPL 100/50/25% all add ons apply, and lesser of 100% of billed charges",8427,,,,,,,Case Rate,". Primary procedure pays at 100%, all subsequent at 50%.",1765.8,,,,,,,Fee Schedule,"120 Percent of Medicaid APG. ",1471.5,,,,,,,Case Rate,"100 Percent of Medicaid APG. ",7163,,,,,,,Case Rate,". ",12227,,,,,,,Case Rate,". MPL 100/50/25% all add ons apply, and lesser of 100% of billed charges",12227,,,,,,,Case Rate,". MPL 100/50/25% all add ons apply, and lesser of 100% of billed charges",13586,,,,,,,Case Rate,". MPL 100/50/25% all add ons apply, and lesser of 100% of billed charges",14948,,,,,,,Case Rate,". MPL 100/75/50% all add ons apply, and lesser of 100% of billed charges",3386.66,,,,,,,Case Rate,"100%Medicare OPPS FS. ",1545.08,,,,,,,Fee Schedule,105 percent of Medicaid APG. otherwise 105% of Ordered NYS MCD FS or 105% of ASP+6%,1545.08,,,,,,,Fee Schedule,105 percent of Medicaid APG. otherwise 105% of Ordered NYS MCD FS or 105% of ASP+6%,1545.08,,,,,,,Fee Schedule,105 percent of Medicaid APG. otherwise 105% of Ordered NYS MCD FS or 105% of ASP+6%,1986.53,,,,,,,Fee Schedule,135 percent of Medicaid APG. otherwise 135% of Ordered NYS MCD FS or 135% of ASP+6%,9024.56,,,,,,,Case Rate,". MPL 100/50/25% all add ons apply, and lesser of 100% of billed charges",1545.08,,,,,,,Fee Schedule,105 percent of Medicaid APG. otherwise 105% of Ordered NYS MCD FS or 105% of ASP+6%,1545.08,,,,,,,Fee Schedule,105 percent of Medicaid APG. otherwise 105% of Ordered NYS MCD FS or 105% of ASP+6%,1545.08,,,,,,,Fee Schedule,105 percent of Medicaid APG. otherwise 105% of Ordered NYS MCD FS or 105% of ASP+6%,1545.08,,,,,,,Fee Schedule,105 percent of Medicaid APG. otherwise 105% of Ordered NYS MCD FS or 105% of ASP+6%,1545.08,,,,,,,Fee Schedule,105 percent of Medicaid APG. otherwise 105% of Ordered NYS MCD FS or 105% of ASP+6%,1986.53,,,,,,,Fee Schedule,135 percent of Medicaid APG. otherwise 135% of Ordered NYS MCD FS or 135% of ASP+6%,1986.53,,,,,,,Fee Schedule,135 percent of Medicaid APG. otherwise 135% of Ordered NYS MCD FS or 135% of ASP+6%,3386.66,,,,,,,Case Rate,"100% Medicare OPPS FS. ",9024.56,,,,,,,Case Rate,". MPL 100/50/25% all add ons apply, and lesser of 100% of billed charges",3386.66,,,,,,,Case Rate,"100% Medicare OPPS FS. ",1545.08,,,,,,,Fee Schedule,105 percent of Medicaid APG. otherwise 105% of Ordered NYS MCD FS or 105% of ASP+6%,13586,,,,,,,Case Rate,". MPL 100/50/25% all add ons apply, and lesser of 100% of billed charges",3386.66,,,,,,,Case Rate,"100% Medicare OPPS FS. ",13586,,,,,,,Case Rate,". MPL 100/50/25% all add ons apply, and lesser of 100% of billed charges",13586,,,,,,,Case Rate,". MPL 100/50/25% all add ons apply, and lesser of 100% of billed charges",13586,,,,,,,Case Rate,". MPL 100/50/25% all add ons apply, and lesser of 100% of billed charges",1545.08,,,,,,,Fee Schedule,105 percent of Medicaid APG. otherwise 105% of Ordered NYS MCD FS or 105% of ASP+6%,3386.66,,,,,,,Case Rate,"100% Medicare OPPS FS. ",13586,,,,,,,Case Rate,". MPL 100/50/25% all add ons apply, and lesser of 100% of billed charges",1986.53,,,,,,,Fee Schedule,135 percent of Medicaid APG. otherwise 135% of Ordered NYS MCD FS or 135% of ASP+6%,13586,,,,,,,Case Rate,". MPL 100/50/25% all add ons apply, and lesser of 100% of billed charges",,200,,,,,0,Case Rate,200% of Medicare OPPS. ; No services were performed during the 15 month look back period.,3386.66,,,,,,,Case Rate,"100%Medicare OPPS FS. ",7163,,,,,,,Case Rate,". ",7163,,,,,,,Case Rate,". ",7163,,,,,,,Case Rate,". ",7163,,,,,,,Case Rate,". ",7163,,,,,,,Case Rate,". ",8427,,,,,,,Case Rate,". Primary procedure pays at 100%, all subsequent at 50%.",8427,,,,,,,Case Rate,". Primary procedure pays at 100%, all subsequent at 50%.",7163,,,,,,,Case Rate,". ",7163,,,,,,,Case Rate,". ",7163,,,,,,,Case Rate,". ",7163,,,,,,,Case Rate,". ",7163,,,,,,,Case Rate,". ",3386.66,,,,,,,Case Rate,"100% Medicare OPPS FS. ",8427,,,,,,,Case Rate,". Primary procedure pays at 100%, all subsequent at 50%.",3386.66,,,,,,,Case Rate,"100% Medicare OPPS FS. ",3310.88,,,,,,,Case Rate,"225 Percent of Medicaid APG. If not included in Medicaid APG, then 100 Percent of Manhattan Medicare",1471.5,,,,,,,Case Rate,"100 Percent of Medicaid APG. ",9024.56,,,,,,,Case Rate,". MPL 100/50/25% all add ons apply, and lesser of 100% of billed charges",9024.56,,,,,,,Case Rate,". MPL 100/50/25% all add ons apply, and lesser of 100% of billed charges",3386.66,,,,,,,Case Rate,"100% Medicare OPPS FS. ",12574,,,,,,,Case Rate,". Primary procedure pays at 100%, all subsequent at 50%.",3386.66,,,,,,,Case Rate,"100% Medicare OPPS FS. ",3386.66,,,,,,,Case Rate,"100% Medicare OPPS FS. ",10024,,,,,,,Case Rate,". Primary procedure pays at 100%, secondary at 50%, all subsequent at 25%.  Lesser of applies when negotiated rates exceed charges less addons.",3386.66,,,,,,,Case Rate,"100% Medicare OPPS FS. ",6487,,,,,,,Case Rate,". MPL 100/50/25% maxmium of 3 procedures. All add ons apply, and lesser of 100% of billed charges",3386.66,,,,,,,Case Rate,"100% Medicare OPPS FS. ",6487,,,,,,,Case Rate,". MPL 100/50/25% maxmium of 3 procedures. All add ons apply, and lesser of 100% of billed charges",10024,,,,,,,Case Rate,". Primary procedure pays at 100%, secondary at 50%, all subsequent at 25%.  Lesser of applies when negotiated rates exceed charges less addons.",6487,,,,,,,Case Rate,". MPL 100/50/25% maxmium of 3 procedures. All add ons apply, and lesser of 100% of billed charges",3386.66,,,,,,,Case Rate,"100% Medicare OPPS FS. ",1471.5,,,,,,,Case Rate,"100 Percent of Medicaid APG. ",3386.66,,,,,,,Case Rate,"100% Medicare OPPS FS. ",6487,,,,,,,Case Rate,". MPL 100/50/25% maxmium of 3 procedures. All add ons apply, and lesser of 100% of billed charges",9024.56,,,,,,,Case Rate,". MPL 100/50/25% all add ons apply, and lesser of 100% of billed charges",1471.5,,,,,,,Case Rate,"100 Percent of Medicaid APG. ",13586,,,,,,,Case Rate,". MPL 100/50/25% all add ons apply, and lesser of 100% of billed charges",1765.8,,,,,,,Fee Schedule,"120 Percent of Medicaid APG. ",1765.8,,,,,,,Fee Schedule,"120 Percent of Medicaid APG. ",13586,,,,,,,Case Rate,". MPL 100/50/25% all add ons apply, and lesser of 100% of billed charges",13586,,,,,,,Case Rate,". MPL 100/50/25% all add ons apply, and lesser of 100% of billed charges",13586,,,,,,,Case Rate,". MPL 100/50/25% all add ons apply, and lesser of 100% of billed charges",9024.56,,,,,,,Case Rate,". MPL 100/50/25% all add ons apply, and lesser of 100% of billed charges",13586,,,,,,,Case Rate,". MPL 100/50/25% all add ons apply, and lesser of 100% of billed charges",13586,,,,,,,Case Rate,". MPL 100/50/25% all add ons apply, and lesser of 100% of billed charges",13586,,,,,,,Case Rate,". MPL 100/50/25% all add ons apply, and lesser of 100% of billed charges",7163,,,,,,,Case Rate,". ",7163,,,,,,,Case Rate,". ",6705.59,,,,,,,Case Rate,198 Percent of Medicare OPPS. Metroplus will reimburse unlisted codes and described codes with no Medicare rate at 50 percent of charges.,1471.5,,,,,,,Case Rate,"100 Percent of Medicaid APG. ",9024.56,,,,,,,Case Rate,". MPL 100/50/25% all add ons apply, and lesser of 100% of billed charges",6487,,,,,,,Case Rate,". MPL 100/50/25% maxmium of 3 procedures. All add ons apply, and lesser of 100% of billed charges",10024,,,,,,,Case Rate,". Primary procedure pays at 100%, secondary at 50%, all subsequent at 25%.  Lesser of applies when negotiated rates exceed charges less addons.",9024.56,,,,,,,Case Rate,". MPL 100/50/25% all add ons apply, and lesser of 100% of billed charges",10024,,,,,,,Case Rate,". Primary procedure pays at 100%, secondary at 50%, all subsequent at 25%.  Lesser of applies when negotiated rates exceed charges less addons.",9024.56,,,,,,,Case Rate,". MPL 100/50/25% all add ons apply, and lesser of 100% of billed charges",13586,,,,,,,Case Rate,". MPL 100/50/25% all add ons apply, and lesser of 100% of billed charges",13586,,,,,,,Case Rate,". MPL 100/50/25% all add ons apply, and lesser of 100% of billed charges",13586,,,,,,,Case Rate,". MPL 100/50/25% all add ons apply, and lesser of 100% of billed charges",13586,,,,,,,Case Rate,". MPL 100/50/25% all add ons apply, and lesser of 100% of billed charges",3386.66,,,,,,,Case Rate,"100% Medicare OPPS FS. ",1154.1,25798,
27502,CPT,,,490,RC,TREATMENT OF THIGH FRACTURE,,,both,,,,5941,,,,,,,Case Rate,". MPL 1st 100% of Payment Rate 50% of all others, all add ons apply, and lesser of 100% of billed charges.",5941,,,,,,,Case Rate,". MPL 1st 100% of Payment Rate 50% of all others, all add ons apply, and lesser of 100% of billed charges.",8442,,,,,,,Case Rate,". Primary procedure pays at 100%, secondary at 50%, all subsequent at 25%.  Lesser of applies when negotiated rates exceed charges less addons.",,100,,,,,0,percent of total billed charges,100 percent of billed charges. ; No services were performed during the 15 month look back period.,1893.77,,,,,,,Case Rate,"100% Medicare OPPS FS. ",8442,,,,,,,Case Rate,". Primary procedure pays at 100%, secondary at 50%, all subsequent at 25%.  Lesser of applies when negotiated rates exceed charges less addons.",8442,,,,,,,Case Rate,". Primary procedure pays at 100%, secondary at 50%, all subsequent at 25%.  Lesser of applies when negotiated rates exceed charges less addons.",8442,,,,,,,Case Rate,". Primary procedure pays at 100%, secondary at 50%, all subsequent at 25%.  Lesser of applies when negotiated rates exceed charges less addons.",900.71,,,,,,,Case Rate,"100 Percent of Medicaid APG. ",750.59,,,,,,,Case Rate,"100 Percent of Medicaid APG. ",,78,,,,,0,percent of total billed charges,78% of Billed Charges. Lesser of 100% of billed charges applies.; No services were performed during the 15 month look back period.,8165.03,,,,,,,Case Rate,". MPL 100/50/25% all add ons apply, and lesser of 100% of billed charges",750.59,,,,,,,Case Rate,"100 Percent of Medicaid APG. ",1893.77,,,,,,,Case Rate,"100% Medicare OPPS FS. ",6487,,,,,,,Case Rate,". MPL 100/50/25% maxmium of 3 procedures. All add ons apply, and lesser of 100% of billed charges",6487,,,,,,,Case Rate,". MPL 100/50/25% maxmium of 3 procedures. All add ons apply, and lesser of 100% of billed charges",6487,,,,,,,Case Rate,". MPL 100/50/25% maxmium of 3 procedures. All add ons apply, and lesser of 100% of billed charges",6487,,,,,,,Case Rate,". MPL 100/50/25% maxmium of 3 procedures. All add ons apply, and lesser of 100% of billed charges",750.59,,,,,,,Case rate,124 Percent of Medicaid APG. Covered services not payable under Medicaid Fee Schedules default to a payment of 50 percent of charges.,1893.77,,,,,,,Case Rate,"100% Medicare OPPS FS. ",750.59,,,,,,,Case rate,124 Percent of Medicaid APG. Covered services not payable under Medicaid Fee Schedules default to a payment of 50 percent of charges.,,78,,,,,0,percent of total billed charges,78% of Billed Charges. Lesser of 100% of billed charges applies.; No services were performed during the 15 month look back period.,8442,,,,,,,Case Rate,". Primary procedure pays at 100%, secondary at 50%, all subsequent at 25%.  Lesser of applies when negotiated rates exceed charges less addons.",1893.77,,,,,,,Case Rate,"100%Medicare OPPS FS. ",8427,,,,,,,Case Rate,". Primary procedure pays at 100%, all subsequent at 50%.",1893.77,,,,,,,Case Rate,"100%Medicare OPPS FS. ",1893.77,,,,,,,Case Rate,"100%Medicare OPPS FS. ",,78,,,,,0,percent of total billed charges,78% of Billed Charges. Lesser of 100% of billed charges applies.; No services were performed during the 15 month look back period.,802.93,,,,,,,Case Rate,100% of PAS. Lesser of 100% of billed charges applies.,802.93,,,,,,,Case Rate,100% of PAS. Lesser of 100% of billed charges applies.,750.59,,,,,,,Case rate,"100 Percent of Medicaid APG. ",750.59,,,,,,,Case rate,"100 Percent of Medicaid APG. ",8427,,,,,,,Case Rate,". Primary procedure pays at 100%, all subsequent at 50%.",8427,,,,,,,Case Rate,". Primary procedure pays at 100%, all subsequent at 50%.",750.59,,,,,,,Case Rate,"100 Percent of Medicaid APG. Not APG payable, or payable under another fee schedule like ASP/AWP pays at 30% of charges",8427,,,,,,,Case Rate,". Primary procedure pays at 100%, all subsequent at 50%.",750.59,,,,,,,Case Rate,"100 Percent of Medicaid APG. Not APG payable, or payable under another fee schedule like ASP/AWP pays at 30% of charges",1893.77,,,,,,,Case Rate,"100%Medicare OPPS FS. ",8427,,,,,,,Case Rate,". Primary procedure pays at 100%, all subsequent at 50%.",,78,,,,,0,percent of total billed charges,78% of Billed Charges. Lesser of 100% of billed charges applies.; No services were performed during the 15 month look back period.,750.59,,,,,,,Case Rate,"100 Percent of Medicaid APG. ",750.59,,,,,,,Case Rate,"100 Percent of Medicaid APG. ",,78,,,,,0,percent of total billed charges,78% of Billed Charges. Lesser of 100% of billed charges applies.; No services were performed during the 15 month look back period.,6487,,,,,,,Case Rate,". MPL 100/50/25% maxmium of 3 procedures. All add ons apply, and lesser of 100% of billed charges",6377,,,,,,,Case Rate,". MPL 100/50/25% all add ons apply, and lesser of 100% of billed charges",6377,,,,,,,Case Rate,". MPL 100/50/25% all add ons apply, and lesser of 100% of billed charges",,78,,,,,0,percent of total billed charges,78% of Billed Charges. Lesser of 100% of billed charges applies.; No services were performed during the 15 month look back period.,1893.77,,,,,,,Case Rate,"100% Medicare OPPS FS. ",8165.03,,,,,,,Case Rate,". MPL 100/50/25% all add ons apply, and lesser of 100% of billed charges",8165.03,,,,,,,Case Rate,". MPL 100/50/25% all add ons apply, and lesser of 100% of billed charges",8165.03,,,,,,,Case Rate,". MPL 100/50/25% all add ons apply, and lesser of 100% of billed charges",1893.77,,,,,,,Case Rate,"100% Medicare OPPS FS. ",8165.03,,,,,,,Case Rate,". MPL 100/50/25% all add ons apply, and lesser of 100% of billed charges",8165.03,,,,,,,Case Rate,". MPL 100/50/25% all add ons apply, and lesser of 100% of billed charges",1893.77,,,,,,,Case Rate,"100% of Medicare OPPS. ",25798,,,,,,,Case Rate,". MPL 100/75/50% all add ons apply, and lesser of 100% of billed charges",10351,,,,,,,Case Rate,". MPL 100/50/25% all add ons apply, and lesser of 100% of billed charges",10351,,,,,,,Case Rate,". MPL 100/50/25% all add ons apply, and lesser of 100% of billed charges",10351,,,,,,,Case Rate,". MPL 100/50/25% all add ons apply, and lesser of 100% of billed charges",10351,,,,,,,Case Rate,". MPL 100/50/25% all add ons apply, and lesser of 100% of billed charges",10351,,,,,,,Case Rate,". MPL 100/50/25% all add ons apply, and lesser of 100% of billed charges",10351,,,,,,,Case Rate,". MPL 100/50/25% all add ons apply, and lesser of 100% of billed charges",1893.77,,,,,,,Case Rate,"100% Medicare OPPS FS. ",1893.77,,,,,,,Case Rate,"100% Medicare OPPS FS. ",10351,,,,,,,Case Rate,". MPL 100/50/25% all add ons apply, and lesser of 100% of billed charges",,78,,,,,0,percent of total billed charges,78% of Billed Charges. Lesser of 100% of billed charges applies.; No services were performed during the 15 month look back period.,,78,,,,,0,percent of total billed charges,78% of Billed Charges. Lesser of 100% of billed charges applies.; No services were performed during the 15 month look back period.,,78,,,,,0,percent of total billed charges,78% of Billed Charges. Lesser of 100% of billed charges applies.; No services were performed during the 15 month look back period.,,78,,,,,0,percent of total billed charges,78% of Billed Charges. Lesser of 100% of billed charges applies.; No services were performed during the 15 month look back period.,,78,,,,,0,percent of total billed charges,78% of Billed Charges. Lesser of 100% of billed charges applies.; No services were performed during the 15 month look back period.,,78,,,,,0,percent of total billed charges,78% of Billed Charges. Lesser of 100% of billed charges applies.; No services were performed during the 15 month look back period.,,78,,,,,0,percent of total billed charges,78% of Billed Charges. Lesser of 100% of billed charges applies.; No services were performed during the 15 month look back period.,,78,,,,,0,percent of total billed charges,78% of Billed Charges. Lesser of 100% of billed charges applies.; No services were performed during the 15 month look back period.,,78,,,,,0,percent of total billed charges,78% of Billed Charges. Lesser of 100% of billed charges applies.; No services were performed during the 15 month look back period.,,78,,,,,0,percent of total billed charges,78% of Billed Charges. Lesser of 100% of billed charges applies.; No services were performed during the 15 month look back period.,,78,,,,,0,percent of total billed charges,78% of Billed Charges. Lesser of 100% of billed charges applies.; No services were performed during the 15 month look back period.,,78,,,,,0,percent of total billed charges,78% of Billed Charges. Lesser of 100% of billed charges applies.; No services were performed during the 15 month look back period.,,78,,,,,0,percent of total billed charges,78% of Billed Charges. Lesser of 100% of billed charges applies.; No services were performed during the 15 month look back period.,,78,,,,,0,percent of total billed charges,78% of Billed Charges. Lesser of 100% of billed charges applies.; No services were performed during the 15 month look back period.,,78,,,,,0,percent of total billed charges,78% of Billed Charges. Lesser of 100% of billed charges applies.; No services were performed during the 15 month look back period.,,78,,,,,0,percent of total billed charges,78% of Billed Charges. Lesser of 100% of billed charges applies.; No services were performed during the 15 month look back period.,,78,,,,,0,percent of total billed charges,78% of Billed Charges. Lesser of 100% of billed charges applies.; No services were performed during the 15 month look back period.,,78,,,,,0,percent of total billed charges,78% of Billed Charges. Lesser of 100% of billed charges applies.; No services were performed during the 15 month look back period.,,78,,,,,0,percent of total billed charges,78% of Billed Charges. Lesser of 100% of billed charges applies.; No services were performed during the 15 month look back period.,,78,,,,,0,percent of total billed charges,78% of Billed Charges. Lesser of 100% of billed charges applies.; No services were performed during the 15 month look back period.,,78,,,,,0,percent of total billed charges,78% of Billed Charges. Lesser of 100% of billed charges applies.; No services were performed during the 15 month look back period.,,78,,,,,0,percent of total billed charges,78% of Billed Charges. Lesser of 100% of billed charges applies.; No services were performed during the 15 month look back period.,,78,,,,,0,percent of total billed charges,78% of Billed Charges. Lesser of 100% of billed charges applies.; No services were performed during the 15 month look back period.,,78,,,,,0,percent of total billed charges,78% of Billed Charges. Lesser of 100% of billed charges applies.; No services were performed during the 15 month look back period.,,78,,,,,0,percent of total billed charges,78% of Billed Charges. Lesser of 100% of billed charges applies.; No services were performed during the 15 month look back period.,,78,,,,,0,percent of total billed charges,78% of Billed Charges. Lesser of 100% of billed charges applies.; No services were performed during the 15 month look back period.,8427,,,,,,,Case Rate,". Primary procedure pays at 100%, all subsequent at 50%.",8427,,,,,,,Case Rate,". Primary procedure pays at 100%, all subsequent at 50%.",8427,,,,,,,Case Rate,". Primary procedure pays at 100%, all subsequent at 50%.",8427,,,,,,,Case Rate,". Primary procedure pays at 100%, all subsequent at 50%.",12574,,,,,,,Case Rate,". Primary procedure pays at 100%, all subsequent at 50%.",12574,,,,,,,Case Rate,". Primary procedure pays at 100%, all subsequent at 50%.",6487,,,,,,,Case Rate,". MPL 100/50/25% maxmium of 3 procedures. All add ons apply, and lesser of 100% of billed charges",10351,,,,,,,Case Rate,". MPL 100/50/25% all add ons apply, and lesser of 100% of billed charges",8165.03,,,,,,,Case Rate,". MPL 100/50/25% all add ons apply, and lesser of 100% of billed charges",10351,,,,,,,Case Rate,". MPL 100/50/25% all add ons apply, and lesser of 100% of billed charges",,78,,,,,0,percent of total billed charges,78% of Billed Charges. Lesser of 100% of billed charges applies.; No services were performed during the 15 month look back period.,12574,,,,,,,Case Rate,". Primary procedure pays at 100%, all subsequent at 50%.",10351,,,,,,,Case Rate,". MPL 100/50/25% all add ons apply, and lesser of 100% of billed charges",8165.03,,,,,,,Case Rate,". MPL 100/50/25% all add ons apply, and lesser of 100% of billed charges",6487,,,,,,,Case Rate,". MPL 100/50/25% maxmium of 3 procedures. All add ons apply, and lesser of 100% of billed charges",,,,,,,,,"NA. ",,78,,,,,0,percent of total billed charges,78% of Billed Charges. Lesser of 100% of billed charges applies.; No services were performed during the 15 month look back period.,750.59,,,,,,,Case Rate,"100 Percent of Medicaid APG. ",8427,,,,,,,Case Rate,". Primary procedure pays at 100%, all subsequent at 50%.",750.59,,,,,,,Case Rate,"100 Percent of Medicaid APG. Not APG payable, or payable under another fee schedule like ASP/AWP pays at 30% of charges",1893.77,,,,,,,Case Rate,"100%Medicare OPPS FS. ",1893.77,,,,,,,Case Rate,"100% Medicare OPPS FS. ",25798,,,,,,,Case Rate,". MPL 100/75/50% all add ons apply, and lesser of 100% of billed charges",1893.77,,,,,,,Case Rate,"100% Medicare OPPS FS. ",1893.77,,,,,,,Case Rate,"100% Medicare OPPS FS. ",750.59,,,,,,,Case Rate,"100 Percent of Medicaid APG. ",1893.77,,,,,,,Case Rate,"100% Medicare OPPS FS. ",1893.77,,,,,,,Case Rate,"100% Medicare OPPS FS. ",8442,,,,,,,Case Rate,". Primary procedure pays at 100%, secondary at 50%, all subsequent at 25%.  Lesser of applies when negotiated rates exceed charges less addons.",8442,,,,,,,Case Rate,". Primary procedure pays at 100%, secondary at 50%, all subsequent at 25%.  Lesser of applies when negotiated rates exceed charges less addons.",1893.77,,,,,,,Case Rate,"100% Medicare OPPS FS. ",6487,,,,,,,Case Rate,". MPL 100/50/25% maxmium of 3 procedures. All add ons apply, and lesser of 100% of billed charges",8165.03,,,,,,,Case Rate,". MPL 100/50/25% all add ons apply, and lesser of 100% of billed charges",8165.03,,,,,,,Case Rate,". MPL 100/50/25% all add ons apply, and lesser of 100% of billed charges",1893.77,,,,,,,Case Rate,"100% Medicare OPPS FS. ",6487,,,,,,,Case Rate,". MPL 100/50/25% maxmium of 3 procedures. All add ons apply, and lesser of 100% of billed charges",8442,,,,,,,Case Rate,". Primary procedure pays at 100%, secondary at 50%, all subsequent at 25%.  Lesser of applies when negotiated rates exceed charges less addons.",8442,,,,,,,Case Rate,". Primary procedure pays at 100%, secondary at 50%, all subsequent at 25%.  Lesser of applies when negotiated rates exceed charges less addons.",8442,,,,,,,Case Rate,". Primary procedure pays at 100%, secondary at 50%, all subsequent at 25%.  Lesser of applies when negotiated rates exceed charges less addons.",,78,,,,,0,percent of total billed charges,78% of Billed Charges. Lesser of 100% of billed charges applies.; No services were performed during the 15 month look back period.,,78,,,,,0,percent of total billed charges,78% of Billed Charges. Lesser of 100% of billed charges applies.; No services were performed during the 15 month look back period.,,78,,,,,0,percent of total billed charges,78% of Billed Charges. Lesser of 100% of billed charges applies.; No services were performed during the 15 month look back period.,,78,,,,,0,percent of total billed charges,78% of Billed Charges. Lesser of 100% of billed charges applies.; No services were performed during the 15 month look back period.,,78,,,,,0,percent of total billed charges,78% of Billed Charges. Lesser of 100% of billed charges applies.; No services were performed during the 15 month look back period.,,78,,,,,0,percent of total billed charges,78% of Billed Charges. Lesser of 100% of billed charges applies.; No services were performed during the 15 month look back period.,,78,,,,,0,percent of total billed charges,78% of Billed Charges. Lesser of 100% of billed charges applies.; No services were performed during the 15 month look back period.,,78,,,,,0,percent of total billed charges,78% of Billed Charges. Lesser of 100% of billed charges applies.; No services were performed during the 15 month look back period.,,78,,,,,0,percent of total billed charges,78% of Billed Charges. Lesser of 100% of billed charges applies.; No services were performed during the 15 month look back period.,,78,,,,,0,percent of total billed charges,78% of Billed Charges. Lesser of 100% of billed charges applies.; No services were performed during the 15 month look back period.,,78,,,,,0,percent of total billed charges,78% of Billed Charges. Lesser of 100% of billed charges applies.; No services were performed during the 15 month look back period.,12574,,,,,,,Case Rate,". Primary procedure pays at 100%, all subsequent at 50%.",10351,,,,,,,Case Rate,". MPL 100/50/25% all add ons apply, and lesser of 100% of billed charges",6487,,,,,,,Case Rate,". MPL 100/50/25% maxmium of 3 procedures. All add ons apply, and lesser of 100% of billed charges",1893.77,,,,,,,Case Rate,"100% Medicare OPPS FS. ",8442,,,,,,,Case Rate,". Primary procedure pays at 100%, secondary at 50%, all subsequent at 25%.  Lesser of applies when negotiated rates exceed charges less addons.",6487,,,,,,,Case Rate,". MPL 100/50/25% maxmium of 3 procedures. All add ons apply, and lesser of 100% of billed charges",6487,,,,,,,Case Rate,". MPL 100/50/25% maxmium of 3 procedures. All add ons apply, and lesser of 100% of billed charges",,78,,,,,0,percent of total billed charges,78% of Billed Charges. Lesser of 100% of billed charges applies.; No services were performed during the 15 month look back period.,1606.27,,,,,,,Case Rate,"214 Percent of Medicaid APG. Drugs not priced under APG, billed with revenue code 636 and not priced by Medicare ASP FeeSched will be reimbursed at 20% of charges.",6487,,,,,,,Case Rate,". MPL 100/50/25% maxmium of 3 procedures. All add ons apply, and lesser of 100% of billed charges",750.59,,,,,,,Case Rate,"100 Percent of Medicaid APG. ",1893.77,,,,,,,Case Rate,"100% Medicare OPPS FS. ",1893.77,,,,,,,Case Rate,"100% Medicare OPPS FS. ",1893.77,,,,,,,Case Rate,"100% Medicare OPPS FS. ",1893.77,,,,,,,Case Rate,"100% Medicare OPPS FS. ",1893.77,,,,,,,Case Rate,"100% Medicare OPPS FS. ",1893.77,,,,,,,Case Rate,"100% Medicare OPPS FS. ",6487,,,,,,,Case Rate,". MPL 100/50/25% maxmium of 3 procedures. All add ons apply, and lesser of 100% of billed charges",25798,,,,,,,Case Rate,". MPL 100/75/50% all add ons apply, and lesser of 100% of billed charges",1351.07,,,,,,,Fee Schedule,"180 Percent of Medicaid APG. ",1351.07,,,,,,,Fee Schedule,"180 Percent of Medicaid APG. ",1351.07,,,,,,,Fee Schedule,"180 Percent of Medicaid APG. ",1351.07,,,,,,,Fee Schedule,"180 Percent of Medicaid APG. ",1351.07,,,,,,,Fee Schedule,"180 Percent of Medicaid APG. ",,,,,,,,,"NA. ",25798,,,,,,,Case Rate,". MPL 100/75/50% all add ons apply, and lesser of 100% of billed charges",3749.66,,,,,,,Case Rate,198 Percent of Medicare OPPS. Metroplus will reimburse unlisted codes and described codes with no Medicare rate at 50 percent of charges.,3749.66,,,,,,,Case Rate,198 Percent of Medicare OPPS. Metroplus will reimburse unlisted codes and described codes with no Medicare rate at 50 percent of charges.,3749.66,,,,,,,Case Rate,198 Percent of Medicare OPPS. Metroplus will reimburse unlisted codes and described codes with no Medicare rate at 50 percent of charges.,3749.66,,,,,,,Case Rate,198 Percent of Medicare OPPS. Metroplus will reimburse unlisted codes and described codes with no Medicare rate at 50 percent of charges.,3749.66,,,,,,,Case Rate,198 Percent of Medicare OPPS. Metroplus will reimburse unlisted codes and described codes with no Medicare rate at 50 percent of charges.,1893.77,,,,,,,Case Rate,"100% Medicare OPPS FS. ",12574,,,,,,,Case Rate,". Primary procedure pays at 100%, all subsequent at 50%.",12574,,,,,,,Case Rate,". Primary procedure pays at 100%, all subsequent at 50%.",12574,,,,,,,Case Rate,". Primary procedure pays at 100%, all subsequent at 50%.",12574,,,,,,,Case Rate,". Primary procedure pays at 100%, all subsequent at 50%.",8442,,,,,,,Case Rate,". Primary procedure pays at 100%, secondary at 50%, all subsequent at 25%.  Lesser of applies when negotiated rates exceed charges less addons.",8442,,,,,,,Case Rate,". Primary procedure pays at 100%, secondary at 50%, all subsequent at 25%.  Lesser of applies when negotiated rates exceed charges less addons.",8442,,,,,,,Case Rate,". Primary procedure pays at 100%, secondary at 50%, all subsequent at 25%.  Lesser of applies when negotiated rates exceed charges less addons.",8442,,,,,,,Case Rate,". Primary procedure pays at 100%, secondary at 50%, all subsequent at 25%.  Lesser of applies when negotiated rates exceed charges less addons.",25798,,,,,,,Case Rate,". MPL 100/75/50% all add ons apply, and lesser of 100% of billed charges",25798,,,,,,,Case Rate,". MPL 100/75/50% all add ons apply, and lesser of 100% of billed charges",1893.77,,,,,,,Case Rate,"100% Medicare OPPS FS. ",1893.77,,,,,,,Case Rate,"100% Medicare OPPS FS. ",1893.77,,,,,,,Case Rate,"100% Medicare OPPS FS. ",10351,,,,,,,Case Rate,". MPL 100/50/25% all add ons apply, and lesser of 100% of billed charges",10351,,,,,,,Case Rate,". MPL 100/50/25% all add ons apply, and lesser of 100% of billed charges",10351,,,,,,,Case Rate,". MPL 100/50/25% all add ons apply, and lesser of 100% of billed charges",25798,,,,,,,Case Rate,". MPL 100/75/50% all add ons apply, and lesser of 100% of billed charges",8442,,,,,,,Case Rate,". Primary procedure pays at 100%, secondary at 50%, all subsequent at 25%.  Lesser of applies when negotiated rates exceed charges less addons.",1893.77,,,,,,,Case Rate,"100% Medicare OPPS FS. ",10351,,,,,,,Case Rate,". MPL 100/50/25% all add ons apply, and lesser of 100% of billed charges",750.59,,,,,,,Case Rate,"100 Percent of Medicaid APG. ",1931.64,,,,,,,Case Rate,"102% of Medicare OPPS. ",1931.64,,,,,,,Case Rate,"102% of Medicare OPPS. ",1931.64,,,,,,,Case Rate,"102% of Medicare OPPS. ",750.59,,,,,,,Case rate,"100 Percent of Medicaid APG. ",1688.83,,,,,,,Case Rate,225% of NYS APG. Lesser of 100% of billed charges applies.,1688.83,,,,,,,Case Rate,225% of NYS APG. Lesser of 100% of billed charges applies.,1688.83,,,,,,,Case Rate,225% of NYS APG. Lesser of 100% of billed charges applies.,1688.83,,,,,,,Case Rate,225% of NYS APG. Lesser of 100% of billed charges applies.,1688.83,,,,,,,Case Rate,225% of NYS APG. Lesser of 100% of billed charges applies.,1931.64,,,,,,,Case Rate,"102% of Medicare OPPS. ",750.59,,,,,,,Case Rate,"100 Percent of Medicaid APG. ",802.93,,,,,,,Case Rate,100% of PAS. Lesser of 100% of billed charges applies.,1688.83,,,,,,,Case Rate,225% of NYS APG. Lesser of 100% of billed charges applies.,1688.83,,,,,,,Case Rate,225% of NYS APG. Lesser of 100% of billed charges applies.,802.93,,,,,,,Case Rate,100% of PAS. Lesser of 100% of billed charges applies.,802.93,,,,,,,Case Rate,100% of PAS. Lesser of 100% of billed charges applies.,1351.07,,,,,,,Fee Schedule,"180 Percent of Medicaid APG. ",1893.77,,,,,,,Case Rate,"100% Medicare OPPS FS. ",1893.77,,,,,,,Case Rate,"100% Medicare OPPS FS. ",8442,,,,,,,Case Rate,". Primary procedure pays at 100%, secondary at 50%, all subsequent at 25%.  Lesser of applies when negotiated rates exceed charges less addons.",1893.77,,,,,,,Case Rate,"100% Medicare OPPS FS. ",1688.83,,,,,,,Case Rate,"225 Percent of Medicaid APG. ",1688.83,,,,,,,Case Rate,"225 Percent of Medicaid APG. ",750.59,,,,,,,Case rate,"100 Percent of Medicaid APG. ",750.59,,,,,,,Case rate,"100 Percent of Medicaid APG. ",1688.83,,,,,,,Case Rate,225 Percent of Medicaid APG. Covered services not payable under Medicaid Fee Schedules default to a payment of 87.5 percent of charges.,750.59,,,,,,,Case rate,124 Percent of Medicaid APG. Covered services not payable under Medicaid Fee Schedules default to a payment of 50 percent of charges.,1688.83,,,,,,,Case Rate,"100 Percent of Medicaid APG. ",1688.83,,,,,,,Case Rate,"100 Percent of Medicaid APG. ",1688.83,,,,,,,Case Rate,"100 Percent of Medicaid APG. ",1688.83,,,,,,,Case Rate,"100 Percent of Medicaid APG. ",13453,,,,,,,Case Rate,". MPL 100/75/50% all add ons apply, and lesser of 100% of billed charges",25798,,,,,,,Case Rate,". MPL 100/75/50% all add ons apply, and lesser of 100% of billed charges",900.71,,,,,,,Case Rate,"120 Percent of Medicaid APG. Not APG payable, or payable under another fee schedule like ASP/AWP pays at 30% of charges",900.71,,,,,,,Case Rate,"120 Percent of Medicaid APG. Not APG payable, or payable under another fee schedule like ASP/AWP pays at 30% of charges",750.59,,,,,,,Case Rate,"100 Percent of Medicaid APG. Not APG payable, or payable under another fee schedule like ASP/AWP pays at 30% of charges",750.59,,,,,,,Case Rate,"100 Percent of Medicaid APG. Not APG payable, or payable under another fee schedule like ASP/AWP pays at 30% of charges",10351,,,,,,,Case Rate,". MPL 100/50/25% all add ons apply, and lesser of 100% of billed charges",10351,,,,,,,Case Rate,". MPL 100/50/25% all add ons apply, and lesser of 100% of billed charges",1893.77,,,,,,,Case Rate,"100% Medicare OPPS FS. ",10351,,,,,,,Case Rate,". MPL 100/50/25% all add ons apply, and lesser of 100% of billed charges",10351,,,,,,,Case Rate,". MPL 100/50/25% all add ons apply, and lesser of 100% of billed charges",10351,,,,,,,Case Rate,". MPL 100/50/25% all add ons apply, and lesser of 100% of billed charges",10351,,,,,,,Case Rate,". MPL 100/50/25% all add ons apply, and lesser of 100% of billed charges",1893.77,,,,,,,Case Rate,"100% Medicare OPPS FS. ",10351,,,,,,,Case Rate,". MPL 100/50/25% all add ons apply, and lesser of 100% of billed charges",10351,,,,,,,Case Rate,". MPL 100/50/25% all add ons apply, and lesser of 100% of billed charges",8442,,,,,,,Case Rate,". Primary procedure pays at 100%, secondary at 50%, all subsequent at 25%.  Lesser of applies when negotiated rates exceed charges less addons.",750.59,,,,,,,Fee Schedule,100% APG. Lesser of 100% of billed charges applies.,750.59,,,,,,,Case rate,124 Percent of Medicaid APG. Covered services not payable under Medicaid Fee Schedules default to a payment of 50 percent of charges.,1688.83,,,,,,,Case Rate,225% of NYS APG. Lesser of 100% of billed charges applies.,1688.83,,,,,,,Case Rate,225 Percent of Medicaid APG. Covered services not payable under Medicaid Fee Schedules default to a payment of 87.5 percent of charges.,750.59,,,,,,,Case rate,124 Percent of Medicaid APG. Covered services not payable under Medicaid Fee Schedules default to a payment of 50 percent of charges.,1688.83,,,,,,,Case Rate,225% of NYS APG. Lesser of 100% of billed charges applies.,1688.83,,,,,,,Case Rate,225% of NYS APG. Lesser of 100% of billed charges applies.,1688.83,,,,,,,Case Rate,225% of NYS APG. Lesser of 100% of billed charges applies.,1688.83,,,,,,,Case Rate,225% of NYS APG. Lesser of 100% of billed charges applies.,1688.83,,,,,,,Case Rate,225% of NYS APG. Lesser of 100% of billed charges applies.,1688.83,,,,,,,Case Rate,225% of NYS APG. Lesser of 100% of billed charges applies.,,,,,,,,,"NA. ",,,,,,,,,"NA. ",,,,,,,,,"NA. ",6487,,,,,,,Case Rate,". MPL 100/50/25% maxmium of 3 procedures. All add ons apply, and lesser of 100% of billed charges",,,,,,,,,"NA. ",1893.77,,,,,,,Case Rate,"100% Medicare OPPS FS. ",5941,,,,,,,Case Rate,". MPL 1st 100% of Payment Rate 50% of all others, all add ons apply, and lesser of 100% of billed charges.",1893.77,,,,,,,Case Rate,"100% Medicare OPPS FS. ",1893.77,,,,,,,Case Rate,"100% Medicare OPPS FS. ",900.71,,,,,,,Case Rate,"120 Percent of Medicaid APG. Not APG payable, or payable under another fee schedule like ASP/AWP pays at 30% of charges",900.71,,,,,,,Case Rate,"120 Percent of Medicaid APG. Not APG payable, or payable under another fee schedule like ASP/AWP pays at 30% of charges",750.59,,,,,,,Case Rate,"100 Percent of Medicaid APG. Not APG payable, or payable under another fee schedule like ASP/AWP pays at 30% of charges",750.59,,,,,,,Case Rate,"100 Percent of Medicaid APG. Not APG payable, or payable under another fee schedule like ASP/AWP pays at 30% of charges",750.59,,,,,,,Case Rate,"100 Percent of Medicaid APG. ",7163,,,,,,,Case Rate,". ",8442,,,,,,,Case Rate,". Primary procedure pays at 100%, secondary at 50%, all subsequent at 25%.  Lesser of applies when negotiated rates exceed charges less addons.",8427,,,,,,,Case Rate,". Primary procedure pays at 100%, all subsequent at 50%.",6487,,,,,,,Case Rate,". MPL 100/50/25% maxmium of 3 procedures. All add ons apply, and lesser of 100% of billed charges",1893.77,,,,,,,Case Rate,"100%Medicare OPPS FS. ",1893.77,,,,,,,Case Rate,"100% Medicare OPPS FS. ",1893.77,,,,,,,Case Rate,"100% Medicare OPPS FS. ",1893.77,,,,,,,Case Rate,"100% Medicare OPPS FS. ",1893.77,,,,,,,Case Rate,"100%Medicare OPPS FS. ",1893.77,,,,,,,Case Rate,"100% Medicare OPPS FS. ",,,,,,,,,"NA. ",1688.83,,,,,,,Case Rate,225% of NYS APG. Lesser of 100% of billed charges applies.,802.93,,,,,,,Case Rate,100% of PAS. Lesser of 100% of billed charges applies.,10351,,,,,,,Case Rate,". MPL 100/50/25% all add ons apply, and lesser of 100% of billed charges",7163,,,,,,,Case Rate,". ",7163,,,,,,,Case Rate,". ",7163,,,,,,,Case Rate,". ",7163,,,,,,,Case Rate,". ",1893.77,,,,,,,Case Rate,"100% Medicare OPPS FS. ",750.59,,,,,,,Case Rate,"100 Percent of Medicaid APG. ",10351,,,,,,,Case Rate,". MPL 100/50/25% all add ons apply, and lesser of 100% of billed charges",750.59,,,,,,,Case Rate,"100 Percent of Medicaid APG. ",1893.77,,,,,,,Case Rate,"100% Medicare OPPS FS. ",750.59,,,,,,,Case Rate,"100 Percent of Medicaid APG. ",1893.77,,,,,,,Case Rate,"100% Medicare OPPS FS. ",1893.77,,,,,,,Case Rate,"100% Medicare OPPS FS. ",750.59,,,,,,,Case Rate,"100 Percent of Medicaid APG. ",750.59,,,,,,,Case Rate,"100 Percent of Medicaid APG. ",7163,,,,,,,Case Rate,". ",6487,,,,,,,Case Rate,". MPL 100/50/25% maxmium of 3 procedures. All add ons apply, and lesser of 100% of billed charges",,78,,,,,0,percent of total billed charges,78% of Billed Charges. Lesser of 100% of billed charges applies.; No services were performed during the 15 month look back period.,8165.03,,,,,,,Case Rate,". MPL 100/50/25% all add ons apply, and lesser of 100% of billed charges",8165.03,,,,,,,Case Rate,". MPL 100/50/25% all add ons apply, and lesser of 100% of billed charges",8442,,,,,,,Case Rate,". Primary procedure pays at 100%, secondary at 50%, all subsequent at 25%.  Lesser of applies when negotiated rates exceed charges less addons.",804.95,,,,,,,Case Rate,"83% HF Fee schedule. ",12574,,,,,,,Case Rate,". Primary procedure pays at 100%, all subsequent at 50%.",12574,,,,,,,Case Rate,". Primary procedure pays at 100%, all subsequent at 50%.",8281,,,,,,,Case Rate,". MPL 100/50/25% all add ons apply, and lesser of 100% of billed charges",8281,,,,,,,Case Rate,". MPL 100/50/25% all add ons apply, and lesser of 100% of billed charges",1893.77,,,,,,,Case Rate,"100% Medicare OPPS FS. ",1893.77,,,,,,,Case Rate,"100% Medicare OPPS FS. ",1893.77,,,,,,,Case Rate,"100% Medicare OPPS FS. ",1893.77,,,,,,,Case Rate,"100% Medicare OPPS FS. ",8165.03,,,,,,,Case Rate,". MPL 100/50/25% all add ons apply, and lesser of 100% of billed charges",10351,,,,,,,Case Rate,". MPL 100/50/25% all add ons apply, and lesser of 100% of billed charges",10351,,,,,,,Case Rate,". MPL 100/50/25% all add ons apply, and lesser of 100% of billed charges",1893.77,,,,,,,Case Rate,"100% Medicare OPPS FS. ",8281,,,,,,,Case Rate,". MPL 100/50/25% all add ons apply, and lesser of 100% of billed charges",8427,,,,,,,Case Rate,". Primary procedure pays at 100%, all subsequent at 50%.",900.71,,,,,,,Fee Schedule,"120 Percent of Medicaid APG. ",750.59,,,,,,,Case Rate,"100 Percent of Medicaid APG. ",7163,,,,,,,Case Rate,". ",9316,,,,,,,Case Rate,". MPL 100/50/25% all add ons apply, and lesser of 100% of billed charges",9316,,,,,,,Case Rate,". MPL 100/50/25% all add ons apply, and lesser of 100% of billed charges",10351,,,,,,,Case Rate,". MPL 100/50/25% all add ons apply, and lesser of 100% of billed charges",14948,,,,,,,Case Rate,". MPL 100/75/50% all add ons apply, and lesser of 100% of billed charges",1893.77,,,,,,,Case Rate,"100%Medicare OPPS FS. ",788.12,,,,,,,Fee Schedule,105 percent of Medicaid APG. otherwise 105% of Ordered NYS MCD FS or 105% of ASP+6%,788.12,,,,,,,Fee Schedule,105 percent of Medicaid APG. otherwise 105% of Ordered NYS MCD FS or 105% of ASP+6%,788.12,,,,,,,Fee Schedule,105 percent of Medicaid APG. otherwise 105% of Ordered NYS MCD FS or 105% of ASP+6%,1013.3,,,,,,,Fee Schedule,135 percent of Medicaid APG. otherwise 135% of Ordered NYS MCD FS or 135% of ASP+6%,8165.03,,,,,,,Case Rate,". MPL 100/50/25% all add ons apply, and lesser of 100% of billed charges",788.12,,,,,,,Fee Schedule,105 percent of Medicaid APG. otherwise 105% of Ordered NYS MCD FS or 105% of ASP+6%,788.12,,,,,,,Fee Schedule,105 percent of Medicaid APG. otherwise 105% of Ordered NYS MCD FS or 105% of ASP+6%,788.12,,,,,,,Fee Schedule,105 percent of Medicaid APG. otherwise 105% of Ordered NYS MCD FS or 105% of ASP+6%,788.12,,,,,,,Fee Schedule,105 percent of Medicaid APG. otherwise 105% of Ordered NYS MCD FS or 105% of ASP+6%,788.12,,,,,,,Fee Schedule,105 percent of Medicaid APG. otherwise 105% of Ordered NYS MCD FS or 105% of ASP+6%,1013.3,,,,,,,Fee Schedule,135 percent of Medicaid APG. otherwise 135% of Ordered NYS MCD FS or 135% of ASP+6%,1013.3,,,,,,,Fee Schedule,135 percent of Medicaid APG. otherwise 135% of Ordered NYS MCD FS or 135% of ASP+6%,1893.77,,,,,,,Case Rate,"100% Medicare OPPS FS. ",8165.03,,,,,,,Case Rate,". MPL 100/50/25% all add ons apply, and lesser of 100% of billed charges",1893.77,,,,,,,Case Rate,"100% Medicare OPPS FS. ",788.12,,,,,,,Fee Schedule,105 percent of Medicaid APG. otherwise 105% of Ordered NYS MCD FS or 105% of ASP+6%,10351,,,,,,,Case Rate,". MPL 100/50/25% all add ons apply, and lesser of 100% of billed charges",1893.77,,,,,,,Case Rate,"100% Medicare OPPS FS. ",10351,,,,,,,Case Rate,". MPL 100/50/25% all add ons apply, and lesser of 100% of billed charges",10351,,,,,,,Case Rate,". MPL 100/50/25% all add ons apply, and lesser of 100% of billed charges",10351,,,,,,,Case Rate,". MPL 100/50/25% all add ons apply, and lesser of 100% of billed charges",788.12,,,,,,,Fee Schedule,105 percent of Medicaid APG. otherwise 105% of Ordered NYS MCD FS or 105% of ASP+6%,1893.77,,,,,,,Case Rate,"100% Medicare OPPS FS. ",10351,,,,,,,Case Rate,". MPL 100/50/25% all add ons apply, and lesser of 100% of billed charges",1013.3,,,,,,,Fee Schedule,135 percent of Medicaid APG. otherwise 135% of Ordered NYS MCD FS or 135% of ASP+6%,10351,,,,,,,Case Rate,". MPL 100/50/25% all add ons apply, and lesser of 100% of billed charges",,200,,,,,0,Case Rate,200% of Medicare OPPS. ; No services were performed during the 15 month look back period.,1893.77,,,,,,,Case Rate,"100%Medicare OPPS FS. ",7163,,,,,,,Case Rate,". ",7163,,,,,,,Case Rate,". ",7163,,,,,,,Case Rate,". ",7163,,,,,,,Case Rate,". ",7163,,,,,,,Case Rate,". ",8427,,,,,,,Case Rate,". Primary procedure pays at 100%, all subsequent at 50%.",8427,,,,,,,Case Rate,". Primary procedure pays at 100%, all subsequent at 50%.",7163,,,,,,,Case Rate,". ",7163,,,,,,,Case Rate,". ",7163,,,,,,,Case Rate,". ",7163,,,,,,,Case Rate,". ",7163,,,,,,,Case Rate,". ",1893.77,,,,,,,Case Rate,"100% Medicare OPPS FS. ",8427,,,,,,,Case Rate,". Primary procedure pays at 100%, all subsequent at 50%.",1893.77,,,,,,,Case Rate,"100% Medicare OPPS FS. ",1688.83,,,,,,,Case Rate,"225 Percent of Medicaid APG. If not included in Medicaid APG, then 100 Percent of Manhattan Medicare",750.59,,,,,,,Case Rate,"100 Percent of Medicaid APG. ",8165.03,,,,,,,Case Rate,". MPL 100/50/25% all add ons apply, and lesser of 100% of billed charges",8165.03,,,,,,,Case Rate,". MPL 100/50/25% all add ons apply, and lesser of 100% of billed charges",1893.77,,,,,,,Case Rate,"100% Medicare OPPS FS. ",12574,,,,,,,Case Rate,". Primary procedure pays at 100%, all subsequent at 50%.",1893.77,,,,,,,Case Rate,"100% Medicare OPPS FS. ",1893.77,,,,,,,Case Rate,"100% Medicare OPPS FS. ",8442,,,,,,,Case Rate,". Primary procedure pays at 100%, secondary at 50%, all subsequent at 25%.  Lesser of applies when negotiated rates exceed charges less addons.",1893.77,,,,,,,Case Rate,"100% Medicare OPPS FS. ",6487,,,,,,,Case Rate,". MPL 100/50/25% maxmium of 3 procedures. All add ons apply, and lesser of 100% of billed charges",1893.77,,,,,,,Case Rate,"100% Medicare OPPS FS. ",6487,,,,,,,Case Rate,". MPL 100/50/25% maxmium of 3 procedures. All add ons apply, and lesser of 100% of billed charges",8442,,,,,,,Case Rate,". Primary procedure pays at 100%, secondary at 50%, all subsequent at 25%.  Lesser of applies when negotiated rates exceed charges less addons.",6487,,,,,,,Case Rate,". MPL 100/50/25% maxmium of 3 procedures. All add ons apply, and lesser of 100% of billed charges",1893.77,,,,,,,Case Rate,"100% Medicare OPPS FS. ",750.59,,,,,,,Case Rate,"100 Percent of Medicaid APG. ",1893.77,,,,,,,Case Rate,"100% Medicare OPPS FS. ",6487,,,,,,,Case Rate,". MPL 100/50/25% maxmium of 3 procedures. All add ons apply, and lesser of 100% of billed charges",8165.03,,,,,,,Case Rate,". MPL 100/50/25% all add ons apply, and lesser of 100% of billed charges",750.59,,,,,,,Case Rate,"100 Percent of Medicaid APG. ",10351,,,,,,,Case Rate,". MPL 100/50/25% all add ons apply, and lesser of 100% of billed charges",900.71,,,,,,,Fee Schedule,"120 Percent of Medicaid APG. ",900.71,,,,,,,Fee Schedule,"120 Percent of Medicaid APG. ",10351,,,,,,,Case Rate,". MPL 100/50/25% all add ons apply, and lesser of 100% of billed charges",10351,,,,,,,Case Rate,". MPL 100/50/25% all add ons apply, and lesser of 100% of billed charges",10351,,,,,,,Case Rate,". MPL 100/50/25% all add ons apply, and lesser of 100% of billed charges",8165.03,,,,,,,Case Rate,". MPL 100/50/25% all add ons apply, and lesser of 100% of billed charges",10351,,,,,,,Case Rate,". MPL 100/50/25% all add ons apply, and lesser of 100% of billed charges",10351,,,,,,,Case Rate,". MPL 100/50/25% all add ons apply, and lesser of 100% of billed charges",10351,,,,,,,Case Rate,". MPL 100/50/25% all add ons apply, and lesser of 100% of billed charges",7163,,,,,,,Case Rate,". ",7163,,,,,,,Case Rate,". ",3749.66,,,,,,,Case Rate,198 Percent of Medicare OPPS. Metroplus will reimburse unlisted codes and described codes with no Medicare rate at 50 percent of charges.,750.59,,,,,,,Case Rate,"100 Percent of Medicaid APG. ",8165.03,,,,,,,Case Rate,". MPL 100/50/25% all add ons apply, and lesser of 100% of billed charges",6487,,,,,,,Case Rate,". MPL 100/50/25% maxmium of 3 procedures. All add ons apply, and lesser of 100% of billed charges",8442,,,,,,,Case Rate,". Primary procedure pays at 100%, secondary at 50%, all subsequent at 25%.  Lesser of applies when negotiated rates exceed charges less addons.",8165.03,,,,,,,Case Rate,". MPL 100/50/25% all add ons apply, and lesser of 100% of billed charges",8442,,,,,,,Case Rate,". Primary procedure pays at 100%, secondary at 50%, all subsequent at 25%.  Lesser of applies when negotiated rates exceed charges less addons.",8165.03,,,,,,,Case Rate,". MPL 100/50/25% all add ons apply, and lesser of 100% of billed charges",10351,,,,,,,Case Rate,". MPL 100/50/25% all add ons apply, and lesser of 100% of billed charges",10351,,,,,,,Case Rate,". MPL 100/50/25% all add ons apply, and lesser of 100% of billed charges",10351,,,,,,,Case Rate,". MPL 100/50/25% all add ons apply, and lesser of 100% of billed charges",10351,,,,,,,Case Rate,". MPL 100/50/25% all add ons apply, and lesser of 100% of billed charges",1893.77,,,,,,,Case Rate,"100% Medicare OPPS FS. ",750.59,25798,
27506,CPT,,,490,RC,TREATMENT OF THIGH FRACTURE,,,both,,,,1476,,,,,,,Fee Schedule,"100 % 1199 Fee Schedule. ",1476,,,,,,,Fee Schedule,"100 % 1199 Fee Schedule. ",12266,,,,,,,Case Rate,". Primary procedure pays at 100%, secondary at 50%, all subsequent at 25%.  Lesser of applies when negotiated rates exceed charges less addons.",,100,,,,,0,percent of total billed charges,100 percent of billed charges; No services were performed during the 15 month look back period.,,,,,,,,Other,"Not Payable. ",12266,,,,,,,Case Rate,". Primary procedure pays at 100%, secondary at 50%, all subsequent at 25%.  Lesser of applies when negotiated rates exceed charges less addons.",12266,,,,,,,Case Rate,". Primary procedure pays at 100%, secondary at 50%, all subsequent at 25%.  Lesser of applies when negotiated rates exceed charges less addons.",12266,,,,,,,Case Rate,". Primary procedure pays at 100%, secondary at 50%, all subsequent at 25%.  Lesser of applies when negotiated rates exceed charges less addons.",3460.61,,,,,,,Case Rate,"100 Percent of Medicaid APG. ",2883.85,,,,,,,Case Rate,"100 Percent of Medicaid APG. ",,78,,,,,0,percent of total billed charges,78% of Billed Charges. Lesser of 100% of billed charges applies.; No services were performed during the 15 month look back period.,16383.1,,,,,,,Case Rate,". MPL 100/50/25% all add ons apply, and lesser of 100% of billed charges",2883.85,,,,,,,Case Rate,"100 Percent of Medicaid APG. ",,,,,,,,Other,"Not Payable. ",6487,,,,,,,Case Rate,". MPL 100/50/25% maxmium of 3 procedures. All add ons apply, and lesser of 100% of billed charges",6487,,,,,,,Case Rate,". MPL 100/50/25% maxmium of 3 procedures. All add ons apply, and lesser of 100% of billed charges",6487,,,,,,,Case Rate,". MPL 100/50/25% maxmium of 3 procedures. All add ons apply, and lesser of 100% of billed charges",6487,,,,,,,Case Rate,". MPL 100/50/25% maxmium of 3 procedures. All add ons apply, and lesser of 100% of billed charges",2883.85,,,,,,,Case rate,124 Percent of Medicaid APG. Covered services not payable under Medicaid Fee Schedules default to a payment of 50 percent of charges.,,,,,,,,Other,"Not Payable. ",2883.85,,,,,,,Case rate,124 Percent of Medicaid APG. Covered services not payable under Medicaid Fee Schedules default to a payment of 50 percent of charges.,,78,,,,,0,percent of total billed charges,78% of Billed Charges. Lesser of 100% of billed charges applies.; No services were performed during the 15 month look back period.,12266,,,,,,,Case Rate,". Primary procedure pays at 100%, secondary at 50%, all subsequent at 25%.  Lesser of applies when negotiated rates exceed charges less addons.",,,,,,,,Other,"Not Payable. ",8427,,,,,,,Case Rate,". Primary procedure pays at 100%, all subsequent at 50%.",,,,,,,,Other,"Not Payable. ",,,,,,,,Other,"Not Payable. ",,78,,,,,0,percent of total billed charges,78% of Billed Charges. Lesser of 100% of billed charges applies.; No services were performed during the 15 month look back period.,1425.58,,,,,,,Fee Schedule,90 Percent of Medicare RBRVS. Lesser of 100% of billed charges applies.,1425.58,,,,,,,Fee Schedule,90 Percent of Medicare RBRVS. Lesser of 100% of billed charges applies.,2883.85,,,,,,,Case rate,"100 Percent of Medicaid APG. ",2883.85,,,,,,,Case rate,"100 Percent of Medicaid APG. ",8427,,,,,,,Case Rate,". Primary procedure pays at 100%, all subsequent at 50%.",8427,,,,,,,Case Rate,". Primary procedure pays at 100%, all subsequent at 50%.",2883.85,,,,,,,Case Rate,"100 Percent of Medicaid APG. Not APG payable, or payable under another fee schedule like ASP/AWP pays at 30% of charges",8427,,,,,,,Case Rate,". Primary procedure pays at 100%, all subsequent at 50%.",2883.85,,,,,,,Case Rate,"100 Percent of Medicaid APG. Not APG payable, or payable under another fee schedule like ASP/AWP pays at 30% of charges",,,,,,,,Other,"Not Payable. ",8427,,,,,,,Case Rate,". Primary procedure pays at 100%, all subsequent at 50%.",,78,,,,,0,percent of total billed charges,78% of Billed Charges. Lesser of 100% of billed charges applies.; No services were performed during the 15 month look back period.,2883.85,,,,,,,Case Rate,"100 Percent of Medicaid APG. ",2883.85,,,,,,,Case Rate,"100 Percent of Medicaid APG. ",,78,,,,,0,percent of total billed charges,78% of Billed Charges. Lesser of 100% of billed charges applies.; No services were performed during the 15 month look back period.,6487,,,,,,,Case Rate,". MPL 100/50/25% maxmium of 3 procedures. All add ons apply, and lesser of 100% of billed charges",14572,,,,,,,Case Rate,". MPL 100/50/25% all add ons apply, and lesser of 100% of billed charges",14572,,,,,,,Case Rate,". MPL 100/50/25% all add ons apply, and lesser of 100% of billed charges",,78,,,,,0,percent of total billed charges,78% of Billed Charges. Lesser of 100% of billed charges applies.; No services were performed during the 15 month look back period.,,,,,,,,Other,"Not Payable. ",16383.1,,,,,,,Case Rate,". MPL 100/50/25% all add ons apply, and lesser of 100% of billed charges",16383.1,,,,,,,Case Rate,". MPL 100/50/25% all add ons apply, and lesser of 100% of billed charges",16383.1,,,,,,,Case Rate,". MPL 100/50/25% all add ons apply, and lesser of 100% of billed charges",,,,,,,,Other,"Not Payable. ",16383.1,,,,,,,Case Rate,". MPL 100/50/25% all add ons apply, and lesser of 100% of billed charges",16383.1,,,,,,,Case Rate,". MPL 100/50/25% all add ons apply, and lesser of 100% of billed charges",,,,,,,,Other,"Not Payable. ",25798,,,,,,,Case Rate,". MPL 100/75/50% all add ons apply, and lesser of 100% of billed charges",13586,,,,,,,Case Rate,". MPL 100/50/25% all add ons apply, and lesser of 100% of billed charges",13586,,,,,,,Case Rate,". MPL 100/50/25% all add ons apply, and lesser of 100% of billed charges",13586,,,,,,,Case Rate,". MPL 100/50/25% all add ons apply, and lesser of 100% of billed charges",13586,,,,,,,Case Rate,". MPL 100/50/25% all add ons apply, and lesser of 100% of billed charges",13586,,,,,,,Case Rate,". MPL 100/50/25% all add ons apply, and lesser of 100% of billed charges",13586,,,,,,,Case Rate,". MPL 100/50/25% all add ons apply, and lesser of 100% of billed charges",,,,,,,,Other,"Not Payable. ",,,,,,,,Other,"Not Payable. ",13586,,,,,,,Case Rate,". MPL 100/50/25% all add ons apply, and lesser of 100% of billed charges",,78,,,,,0,percent of total billed charges,78% of Billed Charges. Lesser of 100% of billed charges applies.; No services were performed during the 15 month look back period.,,78,,,,,0,percent of total billed charges,78% of Billed Charges. Lesser of 100% of billed charges applies.; No services were performed during the 15 month look back period.,,78,,,,,0,percent of total billed charges,78% of Billed Charges. Lesser of 100% of billed charges applies.; No services were performed during the 15 month look back period.,,78,,,,,0,percent of total billed charges,78% of Billed Charges. Lesser of 100% of billed charges applies.; No services were performed during the 15 month look back period.,,78,,,,,0,percent of total billed charges,78% of Billed Charges. Lesser of 100% of billed charges applies.; No services were performed during the 15 month look back period.,,78,,,,,0,percent of total billed charges,78% of Billed Charges. Lesser of 100% of billed charges applies.; No services were performed during the 15 month look back period.,,78,,,,,0,percent of total billed charges,78% of Billed Charges. Lesser of 100% of billed charges applies.; No services were performed during the 15 month look back period.,,78,,,,,0,percent of total billed charges,78% of Billed Charges. Lesser of 100% of billed charges applies.; No services were performed during the 15 month look back period.,,78,,,,,0,percent of total billed charges,78% of Billed Charges. Lesser of 100% of billed charges applies.; No services were performed during the 15 month look back period.,,78,,,,,0,percent of total billed charges,78% of Billed Charges. Lesser of 100% of billed charges applies.; No services were performed during the 15 month look back period.,,78,,,,,0,percent of total billed charges,78% of Billed Charges. Lesser of 100% of billed charges applies.; No services were performed during the 15 month look back period.,,78,,,,,0,percent of total billed charges,78% of Billed Charges. Lesser of 100% of billed charges applies.; No services were performed during the 15 month look back period.,,78,,,,,0,percent of total billed charges,78% of Billed Charges. Lesser of 100% of billed charges applies.; No services were performed during the 15 month look back period.,,78,,,,,0,percent of total billed charges,78% of Billed Charges. Lesser of 100% of billed charges applies.; No services were performed during the 15 month look back period.,,78,,,,,0,percent of total billed charges,78% of Billed Charges. Lesser of 100% of billed charges applies.; No services were performed during the 15 month look back period.,,78,,,,,0,percent of total billed charges,78% of Billed Charges. Lesser of 100% of billed charges applies.; No services were performed during the 15 month look back period.,,78,,,,,0,percent of total billed charges,78% of Billed Charges. Lesser of 100% of billed charges applies.; No services were performed during the 15 month look back period.,,78,,,,,0,percent of total billed charges,78% of Billed Charges. Lesser of 100% of billed charges applies.; No services were performed during the 15 month look back period.,,78,,,,,0,percent of total billed charges,78% of Billed Charges. Lesser of 100% of billed charges applies.; No services were performed during the 15 month look back period.,,78,,,,,0,percent of total billed charges,78% of Billed Charges. Lesser of 100% of billed charges applies.; No services were performed during the 15 month look back period.,,78,,,,,0,percent of total billed charges,78% of Billed Charges. Lesser of 100% of billed charges applies.; No services were performed during the 15 month look back period.,,78,,,,,0,percent of total billed charges,78% of Billed Charges. Lesser of 100% of billed charges applies.; No services were performed during the 15 month look back period.,,78,,,,,0,percent of total billed charges,78% of Billed Charges. Lesser of 100% of billed charges applies.; No services were performed during the 15 month look back period.,,78,,,,,0,percent of total billed charges,78% of Billed Charges. Lesser of 100% of billed charges applies.; No services were performed during the 15 month look back period.,,78,,,,,0,percent of total billed charges,78% of Billed Charges. Lesser of 100% of billed charges applies.; No services were performed during the 15 month look back period.,,78,,,,,0,percent of total billed charges,78% of Billed Charges. Lesser of 100% of billed charges applies.; No services were performed during the 15 month look back period.,8427,,,,,,,Case Rate,". Primary procedure pays at 100%, all subsequent at 50%.",8427,,,,,,,Case Rate,". Primary procedure pays at 100%, all subsequent at 50%.",8427,,,,,,,Case Rate,". Primary procedure pays at 100%, all subsequent at 50%.",8427,,,,,,,Case Rate,". Primary procedure pays at 100%, all subsequent at 50%.",12574,,,,,,,Case Rate,". Primary procedure pays at 100%, all subsequent at 50%.",12574,,,,,,,Case Rate,". Primary procedure pays at 100%, all subsequent at 50%.",6487,,,,,,,Case Rate,". MPL 100/50/25% maxmium of 3 procedures. All add ons apply, and lesser of 100% of billed charges",13586,,,,,,,Case Rate,". MPL 100/50/25% all add ons apply, and lesser of 100% of billed charges",16383.1,,,,,,,Case Rate,". MPL 100/50/25% all add ons apply, and lesser of 100% of billed charges",13586,,,,,,,Case Rate,". MPL 100/50/25% all add ons apply, and lesser of 100% of billed charges",,78,,,,,0,percent of total billed charges,78% of Billed Charges. Lesser of 100% of billed charges applies.; No services were performed during the 15 month look back period.,12574,,,,,,,Case Rate,". Primary procedure pays at 100%, all subsequent at 50%.",13586,,,,,,,Case Rate,". MPL 100/50/25% all add ons apply, and lesser of 100% of billed charges",16383.1,,,,,,,Case Rate,". MPL 100/50/25% all add ons apply, and lesser of 100% of billed charges",6487,,,,,,,Case Rate,". MPL 100/50/25% maxmium of 3 procedures. All add ons apply, and lesser of 100% of billed charges",,,,,,,,,"NA. ",,78,,,,,0,percent of total billed charges,78% of Billed Charges. Lesser of 100% of billed charges applies.; No services were performed during the 15 month look back period.,2883.85,,,,,,,Case Rate,"100 Percent of Medicaid APG. ",8427,,,,,,,Case Rate,". Primary procedure pays at 100%, all subsequent at 50%.",2883.85,,,,,,,Case Rate,"100 Percent of Medicaid APG. Not APG payable, or payable under another fee schedule like ASP/AWP pays at 30% of charges",,,,,,,,Other,"Not Payable. ",,,,,,,,Other,"Not Payable. ",25798,,,,,,,Case Rate,". MPL 100/75/50% all add ons apply, and lesser of 100% of billed charges",,,,,,,,Other,"Not Payable. ",,,,,,,,Other,"Not Payable. ",2883.85,,,,,,,Case Rate,"100 Percent of Medicaid APG. ",,,,,,,,Other,"Not Payable. ",,,,,,,,Other,"Not Payable. ",12266,,,,,,,Case Rate,". Primary procedure pays at 100%, secondary at 50%, all subsequent at 25%.  Lesser of applies when negotiated rates exceed charges less addons.",12266,,,,,,,Case Rate,". Primary procedure pays at 100%, secondary at 50%, all subsequent at 25%.  Lesser of applies when negotiated rates exceed charges less addons.",,,,,,,,Other,"Not Payable. ",6487,,,,,,,Case Rate,". MPL 100/50/25% maxmium of 3 procedures. All add ons apply, and lesser of 100% of billed charges",16383.1,,,,,,,Case Rate,". MPL 100/50/25% all add ons apply, and lesser of 100% of billed charges",16383.1,,,,,,,Case Rate,". MPL 100/50/25% all add ons apply, and lesser of 100% of billed charges",,,,,,,,Other,"Not Payable. ",6487,,,,,,,Case Rate,". MPL 100/50/25% maxmium of 3 procedures. All add ons apply, and lesser of 100% of billed charges",12266,,,,,,,Case Rate,". Primary procedure pays at 100%, secondary at 50%, all subsequent at 25%.  Lesser of applies when negotiated rates exceed charges less addons.",12266,,,,,,,Case Rate,". Primary procedure pays at 100%, secondary at 50%, all subsequent at 25%.  Lesser of applies when negotiated rates exceed charges less addons.",12266,,,,,,,Case Rate,". Primary procedure pays at 100%, secondary at 50%, all subsequent at 25%.  Lesser of applies when negotiated rates exceed charges less addons.",,78,,,,,0,percent of total billed charges,78% of Billed Charges. Lesser of 100% of billed charges applies.; No services were performed during the 15 month look back period.,,78,,,,,0,percent of total billed charges,78% of Billed Charges. Lesser of 100% of billed charges applies.; No services were performed during the 15 month look back period.,,78,,,,,0,percent of total billed charges,78% of Billed Charges. Lesser of 100% of billed charges applies.; No services were performed during the 15 month look back period.,,78,,,,,0,percent of total billed charges,78% of Billed Charges. Lesser of 100% of billed charges applies.; No services were performed during the 15 month look back period.,,78,,,,,0,percent of total billed charges,78% of Billed Charges. Lesser of 100% of billed charges applies.; No services were performed during the 15 month look back period.,,78,,,,,0,percent of total billed charges,78% of Billed Charges. Lesser of 100% of billed charges applies.; No services were performed during the 15 month look back period.,,78,,,,,0,percent of total billed charges,78% of Billed Charges. Lesser of 100% of billed charges applies.; No services were performed during the 15 month look back period.,,78,,,,,0,percent of total billed charges,78% of Billed Charges. Lesser of 100% of billed charges applies.; No services were performed during the 15 month look back period.,,78,,,,,0,percent of total billed charges,78% of Billed Charges. Lesser of 100% of billed charges applies.; No services were performed during the 15 month look back period.,,78,,,,,0,percent of total billed charges,78% of Billed Charges. Lesser of 100% of billed charges applies.; No services were performed during the 15 month look back period.,,78,,,,,0,percent of total billed charges,78% of Billed Charges. Lesser of 100% of billed charges applies.; No services were performed during the 15 month look back period.,12574,,,,,,,Case Rate,". Primary procedure pays at 100%, all subsequent at 50%.",13586,,,,,,,Case Rate,". MPL 100/50/25% all add ons apply, and lesser of 100% of billed charges",6487,,,,,,,Case Rate,". MPL 100/50/25% maxmium of 3 procedures. All add ons apply, and lesser of 100% of billed charges",,,,,,,,Other,"Not Payable. ",12266,,,,,,,Case Rate,". Primary procedure pays at 100%, secondary at 50%, all subsequent at 25%.  Lesser of applies when negotiated rates exceed charges less addons.",6487,,,,,,,Case Rate,". MPL 100/50/25% maxmium of 3 procedures. All add ons apply, and lesser of 100% of billed charges",6487,,,,,,,Case Rate,". MPL 100/50/25% maxmium of 3 procedures. All add ons apply, and lesser of 100% of billed charges",,78,,,,,0,percent of total billed charges,78% of Billed Charges. Lesser of 100% of billed charges applies.; No services were performed during the 15 month look back period.,6171.43,,,,,,,Case Rate,"214 Percent of Medicaid APG. Drugs not priced under APG, billed with revenue code 636 and not priced by Medicare ASP FeeSched will be reimbursed at 20% of charges.",6487,,,,,,,Case Rate,". MPL 100/50/25% maxmium of 3 procedures. All add ons apply, and lesser of 100% of billed charges",2883.85,,,,,,,Case Rate,"100 Percent of Medicaid APG. ",,,,,,,,Other,"Not Payable. ",,,,,,,,Other,"Not Payable. ",,,,,,,,Other,"Not Payable. ",,,,,,,,Other,"Not Payable. ",,,,,,,,Other,"Not Payable. ",,,,,,,,Other,"Not Payable. ",6487,,,,,,,Case Rate,". MPL 100/50/25% maxmium of 3 procedures. All add ons apply, and lesser of 100% of billed charges",25798,,,,,,,Case Rate,". MPL 100/75/50% all add ons apply, and lesser of 100% of billed charges",5190.92,,,,,,,Fee Schedule,"180 Percent of Medicaid APG. ",5190.92,,,,,,,Fee Schedule,"180 Percent of Medicaid APG. ",5190.92,,,,,,,Fee Schedule,"180 Percent of Medicaid APG. ",5190.92,,,,,,,Fee Schedule,"180 Percent of Medicaid APG. ",5190.92,,,,,,,Fee Schedule,"180 Percent of Medicaid APG. ",,,,,,,,,"NA. ",25798,,,,,,,Case Rate,". MPL 100/75/50% all add ons apply, and lesser of 100% of billed charges",,,,,,,,Fee Schedule,"Not Payable. ",,,,,,,,Fee Schedule,"Not Payable. ",,,,,,,,Fee Schedule,"Not Payable. ",,,,,,,,Fee Schedule,"Not Payable. ",,,,,,,,Fee Schedule,"Not Payable. ",,,,,,,,Other,"Not Payable. ",12574,,,,,,,Case Rate,". Primary procedure pays at 100%, all subsequent at 50%.",12574,,,,,,,Case Rate,". Primary procedure pays at 100%, all subsequent at 50%.",12574,,,,,,,Case Rate,". Primary procedure pays at 100%, all subsequent at 50%.",12574,,,,,,,Case Rate,". Primary procedure pays at 100%, all subsequent at 50%.",12266,,,,,,,Case Rate,". Primary procedure pays at 100%, secondary at 50%, all subsequent at 25%.  Lesser of applies when negotiated rates exceed charges less addons.",12266,,,,,,,Case Rate,". Primary procedure pays at 100%, secondary at 50%, all subsequent at 25%.  Lesser of applies when negotiated rates exceed charges less addons.",12266,,,,,,,Case Rate,". Primary procedure pays at 100%, secondary at 50%, all subsequent at 25%.  Lesser of applies when negotiated rates exceed charges less addons.",12266,,,,,,,Case Rate,". Primary procedure pays at 100%, secondary at 50%, all subsequent at 25%.  Lesser of applies when negotiated rates exceed charges less addons.",25798,,,,,,,Case Rate,". MPL 100/75/50% all add ons apply, and lesser of 100% of billed charges",25798,,,,,,,Case Rate,". MPL 100/75/50% all add ons apply, and lesser of 100% of billed charges",,,,,,,,Other,"Not Payable. ",,,,,,,,Other,"Not Payable. ",,,,,,,,Other,"Not Payable. ",13586,,,,,,,Case Rate,". MPL 100/50/25% all add ons apply, and lesser of 100% of billed charges",13586,,,,,,,Case Rate,". MPL 100/50/25% all add ons apply, and lesser of 100% of billed charges",13586,,,,,,,Case Rate,". MPL 100/50/25% all add ons apply, and lesser of 100% of billed charges",25798,,,,,,,Case Rate,". MPL 100/75/50% all add ons apply, and lesser of 100% of billed charges",12266,,,,,,,Case Rate,". Primary procedure pays at 100%, secondary at 50%, all subsequent at 25%.  Lesser of applies when negotiated rates exceed charges less addons.",,,,,,,,Other,"Not Payable. ",13586,,,,,,,Case Rate,". MPL 100/50/25% all add ons apply, and lesser of 100% of billed charges",2883.85,,,,,,,Case Rate,"100 Percent of Medicaid APG. ",,,,,,,,Other,"Not Payable. ",,,,,,,,Other,"Not Payable. ",,,,,,,,Other,"Not Payable. ",2883.85,,,,,,,Case rate,"100 Percent of Medicaid APG. ",6488.65,,,,,,,Fee Schedule,225% of NYS APG. Lesser of 100% of billed charges applies.,6488.65,,,,,,,Fee Schedule,225% of NYS APG. Lesser of 100% of billed charges applies.,6488.65,,,,,,,Fee Schedule,225% of NYS APG. Lesser of 100% of billed charges applies.,6488.65,,,,,,,Fee Schedule,225% of NYS APG. Lesser of 100% of billed charges applies.,6488.65,,,,,,,Fee Schedule,225% of NYS APG. Lesser of 100% of billed charges applies.,,,,,,,,Other,"Not Payable. ",2883.85,,,,,,,Case Rate,"100 Percent of Medicaid APG. ",1425.58,,,,,,,Fee Schedule,90 Percent of Medicare RBRVS. Lesser of 100% of billed charges applies.,6488.65,,,,,,,Fee Schedule,225% of NYS APG. Lesser of 100% of billed charges applies.,6488.65,,,,,,,Fee Schedule,225% of NYS APG. Lesser of 100% of billed charges applies.,1425.58,,,,,,,Fee Schedule,90 Percent of Medicare RBRVS. Lesser of 100% of billed charges applies.,1425.58,,,,,,,Fee Schedule,90 Percent of Medicare RBRVS. Lesser of 100% of billed charges applies.,5190.92,,,,,,,Fee Schedule,"180 Percent of Medicaid APG. ",,,,,,,,Other,"Not Payable. ",,,,,,,,Other,"Not Payable. ",12266,,,,,,,Case Rate,". Primary procedure pays at 100%, secondary at 50%, all subsequent at 25%.  Lesser of applies when negotiated rates exceed charges less addons.",,,,,,,,Other,"Not Payable. ",6488.65,,,,,,,Case Rate,"225 Percent of Medicaid APG. ",6488.65,,,,,,,Case Rate,"225 Percent of Medicaid APG. ",2883.85,,,,,,,Case rate,"100 Percent of Medicaid APG. ",2883.85,,,,,,,Case rate,"100 Percent of Medicaid APG. ",6488.65,,,,,,,Case Rate,225 Percent of Medicaid APG. Covered services not payable under Medicaid Fee Schedules default to a payment of 87.5 percent of charges.,2883.85,,,,,,,Case rate,124 Percent of Medicaid APG. Covered services not payable under Medicaid Fee Schedules default to a payment of 50 percent of charges.,6488.65,,,,,,,Case Rate,"100 Percent of Medicaid APG. ",6488.65,,,,,,,Case Rate,"100 Percent of Medicaid APG. ",6488.65,,,,,,,Case Rate,"100 Percent of Medicaid APG. ",6488.65,,,,,,,Case Rate,"100 Percent of Medicaid APG. ",13453,,,,,,,Case Rate,". MPL 100/75/50% all add ons apply, and lesser of 100% of billed charges",25798,,,,,,,Case Rate,". MPL 100/75/50% all add ons apply, and lesser of 100% of billed charges",3460.61,,,,,,,Case Rate,"120 Percent of Medicaid APG. Not APG payable, or payable under another fee schedule like ASP/AWP pays at 30% of charges",3460.61,,,,,,,Case Rate,"120 Percent of Medicaid APG. Not APG payable, or payable under another fee schedule like ASP/AWP pays at 30% of charges",2883.85,,,,,,,Case Rate,"100 Percent of Medicaid APG. Not APG payable, or payable under another fee schedule like ASP/AWP pays at 30% of charges",2883.85,,,,,,,Case Rate,"100 Percent of Medicaid APG. Not APG payable, or payable under another fee schedule like ASP/AWP pays at 30% of charges",13586,,,,,,,Case Rate,". MPL 100/50/25% all add ons apply, and lesser of 100% of billed charges",13586,,,,,,,Case Rate,". MPL 100/50/25% all add ons apply, and lesser of 100% of billed charges",,,,,,,,Other,"Not Payable. ",13586,,,,,,,Case Rate,". MPL 100/50/25% all add ons apply, and lesser of 100% of billed charges",13586,,,,,,,Case Rate,". MPL 100/50/25% all add ons apply, and lesser of 100% of billed charges",13586,,,,,,,Case Rate,". MPL 100/50/25% all add ons apply, and lesser of 100% of billed charges",13586,,,,,,,Case Rate,". MPL 100/50/25% all add ons apply, and lesser of 100% of billed charges",,,,,,,,Other,"Not Payable. ",13586,,,,,,,Case Rate,". MPL 100/50/25% all add ons apply, and lesser of 100% of billed charges",13586,,,,,,,Case Rate,". MPL 100/50/25% all add ons apply, and lesser of 100% of billed charges",12266,,,,,,,Case Rate,". Primary procedure pays at 100%, secondary at 50%, all subsequent at 25%.  Lesser of applies when negotiated rates exceed charges less addons.",2883.85,,,,,,,Fee Schedule,100% APG. Lesser of 100% of billed charges applies.,2883.85,,,,,,,Case rate,124 Percent of Medicaid APG. Covered services not payable under Medicaid Fee Schedules default to a payment of 50 percent of charges.,6488.65,,,,,,,Fee Schedule,225% of NYS APG. Lesser of 100% of billed charges applies.,6488.65,,,,,,,Case Rate,225 Percent of Medicaid APG. Covered services not payable under Medicaid Fee Schedules default to a payment of 87.5 percent of charges.,2883.85,,,,,,,Case rate,124 Percent of Medicaid APG. Covered services not payable under Medicaid Fee Schedules default to a payment of 50 percent of charges.,6488.65,,,,,,,Fee Schedule,225% of NYS APG. Lesser of 100% of billed charges applies.,6488.65,,,,,,,Fee Schedule,225% of NYS APG. Lesser of 100% of billed charges applies.,6488.65,,,,,,,Fee Schedule,225% of NYS APG. Lesser of 100% of billed charges applies.,6488.65,,,,,,,Fee Schedule,225% of NYS APG. Lesser of 100% of billed charges applies.,6488.65,,,,,,,Fee Schedule,225% of NYS APG. Lesser of 100% of billed charges applies.,6488.65,,,,,,,Fee Schedule,225% of NYS APG. Lesser of 100% of billed charges applies.,,,,,,,,,"NA. ",,,,,,,,,"NA. ",,,,,,,,,"NA. ",6487,,,,,,,Case Rate,". MPL 100/50/25% maxmium of 3 procedures. All add ons apply, and lesser of 100% of billed charges",,,,,,,,,"NA. ",,,,,,,,Other,"Not Payable. ",1476,,,,,,,Fee Schedule,"100 % 1199 Fee Schedule. ",,,,,,,,Other,"Not Payable. ",,,,,,,,Other,"Not Payable. ",3460.61,,,,,,,Case Rate,"120 Percent of Medicaid APG. Not APG payable, or payable under another fee schedule like ASP/AWP pays at 30% of charges",3460.61,,,,,,,Case Rate,"120 Percent of Medicaid APG. Not APG payable, or payable under another fee schedule like ASP/AWP pays at 30% of charges",2883.85,,,,,,,Case Rate,"100 Percent of Medicaid APG. Not APG payable, or payable under another fee schedule like ASP/AWP pays at 30% of charges",2883.85,,,,,,,Case Rate,"100 Percent of Medicaid APG. Not APG payable, or payable under another fee schedule like ASP/AWP pays at 30% of charges",2883.85,,,,,,,Case Rate,"100 Percent of Medicaid APG. ",7163,,,,,,,Case Rate,". ",12266,,,,,,,Case Rate,". Primary procedure pays at 100%, secondary at 50%, all subsequent at 25%.  Lesser of applies when negotiated rates exceed charges less addons.",8427,,,,,,,Case Rate,". Primary procedure pays at 100%, all subsequent at 50%.",6487,,,,,,,Case Rate,". MPL 100/50/25% maxmium of 3 procedures. All add ons apply, and lesser of 100% of billed charges",,,,,,,,Other,"Not Payable. ",,,,,,,,Other,"Not Payable. ",,,,,,,,Other,"Not Payable. ",,,,,,,,Other,"Not Payable. ",,,,,,,,Other,"Not Payable. ",,,,,,,,Other,"Not Payable. ",,,,,,,,,"NA. ",6488.65,,,,,,,Fee Schedule,225% of NYS APG. Lesser of 100% of billed charges applies.,1425.58,,,,,,,Fee Schedule,90 Percent of Medicare RBRVS. Lesser of 100% of billed charges applies.,13586,,,,,,,Case Rate,". MPL 100/50/25% all add ons apply, and lesser of 100% of billed charges",7163,,,,,,,Case Rate,". ",7163,,,,,,,Case Rate,". ",7163,,,,,,,Case Rate,". ",7163,,,,,,,Case Rate,". ",,,,,,,,Other,"Not Payable. ",2883.85,,,,,,,Case Rate,"100 Percent of Medicaid APG. ",13586,,,,,,,Case Rate,". MPL 100/50/25% all add ons apply, and lesser of 100% of billed charges",2883.85,,,,,,,Case Rate,"100 Percent of Medicaid APG. ",,,,,,,,Other,"Not Payable. ",2883.85,,,,,,,Case Rate,"100 Percent of Medicaid APG. ",,,,,,,,Other,"Not Payable. ",,,,,,,,Other,"Not Payable. ",2883.85,,,,,,,Case Rate,"100 Percent of Medicaid APG. ",2883.85,,,,,,,Case Rate,"100 Percent of Medicaid APG. ",7163,,,,,,,Case Rate,". ",6487,,,,,,,Case Rate,". MPL 100/50/25% maxmium of 3 procedures. All add ons apply, and lesser of 100% of billed charges",,78,,,,,0,percent of total billed charges,78% of Billed Charges. Lesser of 100% of billed charges applies.; No services were performed during the 15 month look back period.,16383.1,,,,,,,Case Rate,". MPL 100/50/25% all add ons apply, and lesser of 100% of billed charges",16383.1,,,,,,,Case Rate,". MPL 100/50/25% all add ons apply, and lesser of 100% of billed charges",12266,,,,,,,Case Rate,". Primary procedure pays at 100%, secondary at 50%, all subsequent at 25%.  Lesser of applies when negotiated rates exceed charges less addons.",,,,,,,,Other,"Not Payable. ",12574,,,,,,,Case Rate,". Primary procedure pays at 100%, all subsequent at 50%.",12574,,,,,,,Case Rate,". Primary procedure pays at 100%, all subsequent at 50%.",10869,,,,,,,Case Rate,". MPL 100/50/25% all add ons apply, and lesser of 100% of billed charges",10869,,,,,,,Case Rate,". MPL 100/50/25% all add ons apply, and lesser of 100% of billed charges",,,,,,,,Other,"Not Payable. ",,,,,,,,Other,"Not Payable. ",,,,,,,,Other,"Not Payable. ",,,,,,,,Other,"Not Payable. ",16383.1,,,,,,,Case Rate,". MPL 100/50/25% all add ons apply, and lesser of 100% of billed charges",13586,,,,,,,Case Rate,". MPL 100/50/25% all add ons apply, and lesser of 100% of billed charges",13586,,,,,,,Case Rate,". MPL 100/50/25% all add ons apply, and lesser of 100% of billed charges",,,,,,,,Other,"Not Payable. ",10869,,,,,,,Case Rate,". MPL 100/50/25% all add ons apply, and lesser of 100% of billed charges",8427,,,,,,,Case Rate,". Primary procedure pays at 100%, all subsequent at 50%.",3460.61,,,,,,,Fee Schedule,"120 Percent of Medicaid APG. ",2883.85,,,,,,,Case Rate,"100 Percent of Medicaid APG. ",7163,,,,,,,Case Rate,". ",12227,,,,,,,Case Rate,". MPL 100/50/25% all add ons apply, and lesser of 100% of billed charges",12227,,,,,,,Case Rate,". MPL 100/50/25% all add ons apply, and lesser of 100% of billed charges",13586,,,,,,,Case Rate,". MPL 100/50/25% all add ons apply, and lesser of 100% of billed charges",14948,,,,,,,Case Rate,". MPL 100/75/50% all add ons apply, and lesser of 100% of billed charges",,,,,,,,Other,"Not Payable. ",3028.04,,,,,,,Fee Schedule,105 percent of Medicaid APG. otherwise 105% of Ordered NYS MCD FS or 105% of ASP+6%,3028.04,,,,,,,Fee Schedule,105 percent of Medicaid APG. otherwise 105% of Ordered NYS MCD FS or 105% of ASP+6%,3028.04,,,,,,,Fee Schedule,105 percent of Medicaid APG. otherwise 105% of Ordered NYS MCD FS or 105% of ASP+6%,3893.19,,,,,,,Fee Schedule,135 percent of Medicaid APG. otherwise 135% of Ordered NYS MCD FS or 135% of ASP+6%,16383.1,,,,,,,Case Rate,". MPL 100/50/25% all add ons apply, and lesser of 100% of billed charges",3028.04,,,,,,,Fee Schedule,105 percent of Medicaid APG. otherwise 105% of Ordered NYS MCD FS or 105% of ASP+6%,3028.04,,,,,,,Fee Schedule,105 percent of Medicaid APG. otherwise 105% of Ordered NYS MCD FS or 105% of ASP+6%,3028.04,,,,,,,Fee Schedule,105 percent of Medicaid APG. otherwise 105% of Ordered NYS MCD FS or 105% of ASP+6%,3028.04,,,,,,,Fee Schedule,105 percent of Medicaid APG. otherwise 105% of Ordered NYS MCD FS or 105% of ASP+6%,3028.04,,,,,,,Fee Schedule,105 percent of Medicaid APG. otherwise 105% of Ordered NYS MCD FS or 105% of ASP+6%,3893.19,,,,,,,Fee Schedule,135 percent of Medicaid APG. otherwise 135% of Ordered NYS MCD FS or 135% of ASP+6%,3893.19,,,,,,,Fee Schedule,135 percent of Medicaid APG. otherwise 135% of Ordered NYS MCD FS or 135% of ASP+6%,,,,,,,,Other,"Not Payable. ",16383.1,,,,,,,Case Rate,". MPL 100/50/25% all add ons apply, and lesser of 100% of billed charges",,,,,,,,Other,"Not Payable. ",3028.04,,,,,,,Fee Schedule,105 percent of Medicaid APG. otherwise 105% of Ordered NYS MCD FS or 105% of ASP+6%,13586,,,,,,,Case Rate,". MPL 100/50/25% all add ons apply, and lesser of 100% of billed charges",,,,,,,,Other,"Not Payable. ",13586,,,,,,,Case Rate,". MPL 100/50/25% all add ons apply, and lesser of 100% of billed charges",13586,,,,,,,Case Rate,". MPL 100/50/25% all add ons apply, and lesser of 100% of billed charges",13586,,,,,,,Case Rate,". MPL 100/50/25% all add ons apply, and lesser of 100% of billed charges",3028.04,,,,,,,Fee Schedule,105 percent of Medicaid APG. otherwise 105% of Ordered NYS MCD FS or 105% of ASP+6%,,,,,,,,Other,"Not Payable. ",13586,,,,,,,Case Rate,". MPL 100/50/25% all add ons apply, and lesser of 100% of billed charges",3893.19,,,,,,,Fee Schedule,135 percent of Medicaid APG. otherwise 135% of Ordered NYS MCD FS or 135% of ASP+6%,13586,,,,,,,Case Rate,". MPL 100/50/25% all add ons apply, and lesser of 100% of billed charges",,,,,,,,Other,"Not Payable. ",,,,,,,,Other,"Not Payable. ",7163,,,,,,,Case Rate,". ",7163,,,,,,,Case Rate,". ",7163,,,,,,,Case Rate,". ",7163,,,,,,,Case Rate,". ",7163,,,,,,,Case Rate,". ",8427,,,,,,,Case Rate,". Primary procedure pays at 100%, all subsequent at 50%.",8427,,,,,,,Case Rate,". Primary procedure pays at 100%, all subsequent at 50%.",7163,,,,,,,Case Rate,". ",7163,,,,,,,Case Rate,". ",7163,,,,,,,Case Rate,". ",7163,,,,,,,Case Rate,". ",7163,,,,,,,Case Rate,". ",,,,,,,,Other,"Not Payable. ",8427,,,,,,,Case Rate,". Primary procedure pays at 100%, all subsequent at 50%.",,,,,,,,Other,"Not Payable. ",6488.65,,,,,,,Case Rate,"225 Percent of Medicaid APG. If not included in Medicaid APG, then 100 Percent of Manhattan Medicare",2883.85,,,,,,,Case Rate,"100 Percent of Medicaid APG. ",16383.1,,,,,,,Case Rate,". MPL 100/50/25% all add ons apply, and lesser of 100% of billed charges",16383.1,,,,,,,Case Rate,". MPL 100/50/25% all add ons apply, and lesser of 100% of billed charges",,,,,,,,Other,"Not Payable. ",12574,,,,,,,Case Rate,". Primary procedure pays at 100%, all subsequent at 50%.",,,,,,,,Other,"Not Payable. ",,,,,,,,Other,"Not Payable. ",12266,,,,,,,Case Rate,". Primary procedure pays at 100%, secondary at 50%, all subsequent at 25%.  Lesser of applies when negotiated rates exceed charges less addons.",,,,,,,,Other,"Not Payable. ",6487,,,,,,,Case Rate,". MPL 100/50/25% maxmium of 3 procedures. All add ons apply, and lesser of 100% of billed charges",,,,,,,,Other,"Not Payable. ",6487,,,,,,,Case Rate,". MPL 100/50/25% maxmium of 3 procedures. All add ons apply, and lesser of 100% of billed charges",12266,,,,,,,Case Rate,". Primary procedure pays at 100%, secondary at 50%, all subsequent at 25%.  Lesser of applies when negotiated rates exceed charges less addons.",6487,,,,,,,Case Rate,". MPL 100/50/25% maxmium of 3 procedures. All add ons apply, and lesser of 100% of billed charges",,,,,,,,Other,"Not Payable. ",2883.85,,,,,,,Case Rate,"100 Percent of Medicaid APG. ",,,,,,,,Other,"Not Payable. ",6487,,,,,,,Case Rate,". MPL 100/50/25% maxmium of 3 procedures. All add ons apply, and lesser of 100% of billed charges",16383.1,,,,,,,Case Rate,". MPL 100/50/25% all add ons apply, and lesser of 100% of billed charges",2883.85,,,,,,,Case Rate,"100 Percent of Medicaid APG. ",13586,,,,,,,Case Rate,". MPL 100/50/25% all add ons apply, and lesser of 100% of billed charges",3460.61,,,,,,,Fee Schedule,"120 Percent of Medicaid APG. ",3460.61,,,,,,,Fee Schedule,"120 Percent of Medicaid APG. ",13586,,,,,,,Case Rate,". MPL 100/50/25% all add ons apply, and lesser of 100% of billed charges",13586,,,,,,,Case Rate,". MPL 100/50/25% all add ons apply, and lesser of 100% of billed charges",13586,,,,,,,Case Rate,". MPL 100/50/25% all add ons apply, and lesser of 100% of billed charges",16383.1,,,,,,,Case Rate,". MPL 100/50/25% all add ons apply, and lesser of 100% of billed charges",13586,,,,,,,Case Rate,". MPL 100/50/25% all add ons apply, and lesser of 100% of billed charges",13586,,,,,,,Case Rate,". MPL 100/50/25% all add ons apply, and lesser of 100% of billed charges",13586,,,,,,,Case Rate,". MPL 100/50/25% all add ons apply, and lesser of 100% of billed charges",7163,,,,,,,Case Rate,". ",7163,,,,,,,Case Rate,". ",,,,,,,,Fee Schedule,"Not Payable. ",2883.85,,,,,,,Case Rate,"100 Percent of Medicaid APG. ",16383.1,,,,,,,Case Rate,". MPL 100/50/25% all add ons apply, and lesser of 100% of billed charges",6487,,,,,,,Case Rate,". MPL 100/50/25% maxmium of 3 procedures. All add ons apply, and lesser of 100% of billed charges",12266,,,,,,,Case Rate,". Primary procedure pays at 100%, secondary at 50%, all subsequent at 25%.  Lesser of applies when negotiated rates exceed charges less addons.",16383.1,,,,,,,Case Rate,". MPL 100/50/25% all add ons apply, and lesser of 100% of billed charges",12266,,,,,,,Case Rate,". Primary procedure pays at 100%, secondary at 50%, all subsequent at 25%.  Lesser of applies when negotiated rates exceed charges less addons.",16383.1,,,,,,,Case Rate,". MPL 100/50/25% all add ons apply, and lesser of 100% of billed charges",13586,,,,,,,Case Rate,". MPL 100/50/25% all add ons apply, and lesser of 100% of billed charges",13586,,,,,,,Case Rate,". MPL 100/50/25% all add ons apply, and lesser of 100% of billed charges",13586,,,,,,,Case Rate,". MPL 100/50/25% all add ons apply, and lesser of 100% of billed charges",13586,,,,,,,Case Rate,". MPL 100/50/25% all add ons apply, and lesser of 100% of billed charges",,,,,,,,Other,"Not Payable. ",1425.58,25798,
27552,CPT,2026994,LOCAL,361,RC,HC CL TX KNEE DISL; W ANESTHESIA,4888.93,928.8967,both,,,,3681,,,,,,,Case Rate,". MPL 1st 100% of Payment Rate 50% of all others, all add ons apply, and lesser of 100% of billed charges.",3681,,,,,,,Case Rate,". MPL 1st 100% of Payment Rate 50% of all others, all add ons apply, and lesser of 100% of billed charges.",6593,,,,,,,Case Rate,". Primary procedure pays at 100%, secondary at 50%, all subsequent at 25%.  Lesser of applies when negotiated rates exceed charges less addons.",4888.93,100,,,,,0,percent of total billed charges,100 percent of billed charges. ; No services were performed during the 15 month look back period.,1893.77,,,,,,,Case Rate,"100% Medicare OPPS FS. ",6593,,,,,,,Case Rate,". Primary procedure pays at 100%, secondary at 50%, all subsequent at 25%.  Lesser of applies when negotiated rates exceed charges less addons.",6593,,,,,,,Case Rate,". Primary procedure pays at 100%, secondary at 50%, all subsequent at 25%.  Lesser of applies when negotiated rates exceed charges less addons.",6593,,,,,,,Case Rate,". Primary procedure pays at 100%, secondary at 50%, all subsequent at 25%.  Lesser of applies when negotiated rates exceed charges less addons.",1542.85,,,,,,,Case Rate,"100 Percent of Medicaid APG. ",1285.71,,,,,,,Case Rate,"100 Percent of Medicaid APG. ",3813.3654,78,,,,,0,percent of total billed charges,78% of Billed Charges. Lesser of 100% of billed charges applies.; No services were performed during the 15 month look back period.,8165.03,,,,,,,Case Rate,". MPL 100/50/25% all add ons apply, and lesser of 100% of billed charges",1285.71,,,,,,,Case Rate,"100 Percent of Medicaid APG. ",1893.77,,,,,,,Case Rate,"100% Medicare OPPS FS. ",6487,,,,,,,Case Rate,". MPL 100/50/25% maxmium of 3 procedures. All add ons apply, and lesser of 100% of billed charges",6487,,,,,,,Case Rate,". MPL 100/50/25% maxmium of 3 procedures. All add ons apply, and lesser of 100% of billed charges",6487,,,,,,,Case Rate,". MPL 100/50/25% maxmium of 3 procedures. All add ons apply, and lesser of 100% of billed charges",6487,,,,,,,Case Rate,". MPL 100/50/25% maxmium of 3 procedures. All add ons apply, and lesser of 100% of billed charges",1285.71,,,,,,,Case rate,124 Percent of Medicaid APG. Covered services not payable under Medicaid Fee Schedules default to a payment of 50 percent of charges.,1893.77,,,,,,,Case Rate,"100% Medicare OPPS FS. ",1285.71,,,,,,,Case rate,124 Percent of Medicaid APG. Covered services not payable under Medicaid Fee Schedules default to a payment of 50 percent of charges.,3813.3654,78,,,,,0,percent of total billed charges,78% of Billed Charges. Lesser of 100% of billed charges applies.; No services were performed during the 15 month look back period.,6593,,,,,,,Case Rate,". Primary procedure pays at 100%, secondary at 50%, all subsequent at 25%.  Lesser of applies when negotiated rates exceed charges less addons.",1893.77,,,,,,,Case Rate,"100%Medicare OPPS FS. ",3568.9189,73,,,,,0,percent of total billed charges,73 percent of billed charges; No services were performed during the 15 month look back period.,1893.77,,,,,,,Case Rate,"100%Medicare OPPS FS. ",1893.77,,,,,,,Case Rate,"100%Medicare OPPS FS. ",3813.3654,78,,,,,0,percent of total billed charges,78% of Billed Charges. Lesser of 100% of billed charges applies.; No services were performed during the 15 month look back period.,802.93,,,,,,,Case Rate,100% of PAS. Lesser of 100% of billed charges applies.,802.93,,,,,,,Case Rate,100% of PAS. Lesser of 100% of billed charges applies.,1285.71,,,,,,,Case rate,"100 Percent of Medicaid APG. ",1285.71,,,,,,,Case rate,"100 Percent of Medicaid APG. ",3568.9189,73,,,,,0,percent of total billed charges,73 percent of billed charges; No services were performed during the 15 month look back period.,3568.9189,73,,,,,0,percent of total billed charges,73 percent of billed charges; No services were performed during the 15 month look back period.,1285.71,,,,,,,Case Rate,"100 Percent of Medicaid APG. Not APG payable, or payable under another fee schedule like ASP/AWP pays at 30% of charges",3568.9189,73,,,,,0,percent of total billed charges,73 percent of billed charges; No services were performed during the 15 month look back period.,1285.71,,,,,,,Case Rate,"100 Percent of Medicaid APG. Not APG payable, or payable under another fee schedule like ASP/AWP pays at 30% of charges",1893.77,,,,,,,Case Rate,"100%Medicare OPPS FS. ",3568.9189,73,,,,,0,percent of total billed charges,73 percent of billed charges; No services were performed during the 15 month look back period.,3813.3654,78,,,,,0,percent of total billed charges,78% of Billed Charges. Lesser of 100% of billed charges applies.; No services were performed during the 15 month look back period.,1285.71,,,,,,,Case Rate,"100 Percent of Medicaid APG. ",1285.71,,,,,,,Case Rate,"100 Percent of Medicaid APG. ",3813.3654,78,,,,,0,percent of total billed charges,78% of Billed Charges. Lesser of 100% of billed charges applies.; No services were performed during the 15 month look back period.,6487,,,,,,,Case Rate,". MPL 100/50/25% maxmium of 3 procedures. All add ons apply, and lesser of 100% of billed charges",6377,,,,,,,Case Rate,". MPL 100/50/25% all add ons apply, and lesser of 100% of billed charges",6377,,,,,,,Case Rate,". MPL 100/50/25% all add ons apply, and lesser of 100% of billed charges",3813.3654,78,,,,,0,percent of total billed charges,78% of Billed Charges. Lesser of 100% of billed charges applies.; No services were performed during the 15 month look back period.,1893.77,,,,,,,Case Rate,"100% Medicare OPPS FS. ",8165.03,,,,,,,Case Rate,". MPL 100/50/25% all add ons apply, and lesser of 100% of billed charges",8165.03,,,,,,,Case Rate,". MPL 100/50/25% all add ons apply, and lesser of 100% of billed charges",8165.03,,,,,,,Case Rate,". MPL 100/50/25% all add ons apply, and lesser of 100% of billed charges",1893.77,,,,,,,Case Rate,"100% Medicare OPPS FS. ",8165.03,,,,,,,Case Rate,". MPL 100/50/25% all add ons apply, and lesser of 100% of billed charges",8165.03,,,,,,,Case Rate,". MPL 100/50/25% all add ons apply, and lesser of 100% of billed charges",1893.77,,,,,,,Case Rate,"100% of Medicare OPPS. ",25798,,,,,,,Case Rate,". MPL 100/75/50% all add ons apply, and lesser of 100% of billed charges",10351,,,,,,,Case Rate,". MPL 100/50/25% all add ons apply, and lesser of 100% of billed charges",10351,,,,,,,Case Rate,". MPL 100/50/25% all add ons apply, and lesser of 100% of billed charges",10351,,,,,,,Case Rate,". MPL 100/50/25% all add ons apply, and lesser of 100% of billed charges",10351,,,,,,,Case Rate,". MPL 100/50/25% all add ons apply, and lesser of 100% of billed charges",10351,,,,,,,Case Rate,". MPL 100/50/25% all add ons apply, and lesser of 100% of billed charges",10351,,,,,,,Case Rate,". MPL 100/50/25% all add ons apply, and lesser of 100% of billed charges",1893.77,,,,,,,Case Rate,"100% Medicare OPPS FS. ",1893.77,,,,,,,Case Rate,"100% Medicare OPPS FS. ",10351,,,,,,,Case Rate,". MPL 100/50/25% all add ons apply, and lesser of 100% of billed charges",3813.3654,78,,,,,0,percent of total billed charges,78% of Billed Charges. Lesser of 100% of billed charges applies.; No services were performed during the 15 month look back period.,3813.3654,78,,,,,0,percent of total billed charges,78% of Billed Charges. Lesser of 100% of billed charges applies.; No services were performed during the 15 month look back period.,3813.3654,78,,,,,0,percent of total billed charges,78% of Billed Charges. Lesser of 100% of billed charges applies.; No services were performed during the 15 month look back period.,3813.3654,78,,,,,0,percent of total billed charges,78% of Billed Charges. Lesser of 100% of billed charges applies.; No services were performed during the 15 month look back period.,3813.3654,78,,,,,0,percent of total billed charges,78% of Billed Charges. Lesser of 100% of billed charges applies.; No services were performed during the 15 month look back period.,3813.3654,78,,,,,0,percent of total billed charges,78% of Billed Charges. Lesser of 100% of billed charges applies.; No services were performed during the 15 month look back period.,3813.3654,78,,,,,0,percent of total billed charges,78% of Billed Charges. Lesser of 100% of billed charges applies.; No services were performed during the 15 month look back period.,3813.3654,78,,,,,0,percent of total billed charges,78% of Billed Charges. Lesser of 100% of billed charges applies.; No services were performed during the 15 month look back period.,3813.3654,78,,,,,0,percent of total billed charges,78% of Billed Charges. Lesser of 100% of billed charges applies.; No services were performed during the 15 month look back period.,3813.3654,78,,,,,0,percent of total billed charges,78% of Billed Charges. Lesser of 100% of billed charges applies.; No services were performed during the 15 month look back period.,3813.3654,78,,,,,0,percent of total billed charges,78% of Billed Charges. Lesser of 100% of billed charges applies.; No services were performed during the 15 month look back period.,3813.3654,78,,,,,0,percent of total billed charges,78% of Billed Charges. Lesser of 100% of billed charges applies.; No services were performed during the 15 month look back period.,3813.3654,78,,,,,0,percent of total billed charges,78% of Billed Charges. Lesser of 100% of billed charges applies.; No services were performed during the 15 month look back period.,3813.3654,78,,,,,0,percent of total billed charges,78% of Billed Charges. Lesser of 100% of billed charges applies.; No services were performed during the 15 month look back period.,3813.3654,78,,,,,0,percent of total billed charges,78% of Billed Charges. Lesser of 100% of billed charges applies.; No services were performed during the 15 month look back period.,3813.3654,78,,,,,0,percent of total billed charges,78% of Billed Charges. Lesser of 100% of billed charges applies.; No services were performed during the 15 month look back period.,3813.3654,78,,,,,0,percent of total billed charges,78% of Billed Charges. Lesser of 100% of billed charges applies.; No services were performed during the 15 month look back period.,3813.3654,78,,,,,0,percent of total billed charges,78% of Billed Charges. Lesser of 100% of billed charges applies.; No services were performed during the 15 month look back period.,3813.3654,78,,,,,0,percent of total billed charges,78% of Billed Charges. Lesser of 100% of billed charges applies.; No services were performed during the 15 month look back period.,3813.3654,78,,,,,0,percent of total billed charges,78% of Billed Charges. Lesser of 100% of billed charges applies.; No services were performed during the 15 month look back period.,3813.3654,78,,,,,0,percent of total billed charges,78% of Billed Charges. Lesser of 100% of billed charges applies.; No services were performed during the 15 month look back period.,3813.3654,78,,,,,0,percent of total billed charges,78% of Billed Charges. Lesser of 100% of billed charges applies.; No services were performed during the 15 month look back period.,3813.3654,78,,,,,0,percent of total billed charges,78% of Billed Charges. Lesser of 100% of billed charges applies.; No services were performed during the 15 month look back period.,3813.3654,78,,,,,0,percent of total billed charges,78% of Billed Charges. Lesser of 100% of billed charges applies.; No services were performed during the 15 month look back period.,3813.3654,78,,,,,0,percent of total billed charges,78% of Billed Charges. Lesser of 100% of billed charges applies.; No services were performed during the 15 month look back period.,3813.3654,78,,,,,0,percent of total billed charges,78% of Billed Charges. Lesser of 100% of billed charges applies.; No services were performed during the 15 month look back period.,3568.9189,73,,,,,0,percent of total billed charges,73 percent of billed charges; No services were performed during the 15 month look back period.,3568.9189,73,,,,,0,percent of total billed charges,73 percent of billed charges; No services were performed during the 15 month look back period.,3568.9189,73,,,,,0,percent of total billed charges,73 percent of billed charges; No services were performed during the 15 month look back period.,3568.9189,73,,,,,0,percent of total billed charges,73 percent of billed charges; No services were performed during the 15 month look back period.,12574,,,,,,,Case Rate,". Primary procedure pays at 100%, all subsequent at 50%.",12574,,,,,,,Case Rate,". Primary procedure pays at 100%, all subsequent at 50%.",6487,,,,,,,Case Rate,". MPL 100/50/25% maxmium of 3 procedures. All add ons apply, and lesser of 100% of billed charges",10351,,,,,,,Case Rate,". MPL 100/50/25% all add ons apply, and lesser of 100% of billed charges",8165.03,,,,,,,Case Rate,". MPL 100/50/25% all add ons apply, and lesser of 100% of billed charges",10351,,,,,,,Case Rate,". MPL 100/50/25% all add ons apply, and lesser of 100% of billed charges",3813.3654,78,,,,,0,percent of total billed charges,78% of Billed Charges. Lesser of 100% of billed charges applies.; No services were performed during the 15 month look back period.,12574,,,,,,,Case Rate,". Primary procedure pays at 100%, all subsequent at 50%.",10351,,,,,,,Case Rate,". MPL 100/50/25% all add ons apply, and lesser of 100% of billed charges",8165.03,,,,,,,Case Rate,". MPL 100/50/25% all add ons apply, and lesser of 100% of billed charges",6487,,,,,,,Case Rate,". MPL 100/50/25% maxmium of 3 procedures. All add ons apply, and lesser of 100% of billed charges",,,,,,,,,"NA. ",3813.3654,78,,,,,0,percent of total billed charges,78% of Billed Charges. Lesser of 100% of billed charges applies.; No services were performed during the 15 month look back period.,1285.71,,,,,,,Case Rate,"100 Percent of Medicaid APG. ",3568.9189,73,,,,,0,percent of total billed charges,73 percent of billed charges; No services were performed during the 15 month look back period.,1285.71,,,,,,,Case Rate,"100 Percent of Medicaid APG. Not APG payable, or payable under another fee schedule like ASP/AWP pays at 30% of charges",1893.77,,,,,,,Case Rate,"100%Medicare OPPS FS. ",1893.77,,,,,,,Case Rate,"100% Medicare OPPS FS. ",25798,,,,,,,Case Rate,". MPL 100/75/50% all add ons apply, and lesser of 100% of billed charges",1893.77,,,,,,,Case Rate,"100% Medicare OPPS FS. ",1893.77,,,,,,,Case Rate,"100% Medicare OPPS FS. ",1285.71,,,,,,,Case Rate,"100 Percent of Medicaid APG. ",1893.77,,,,,,,Case Rate,"100% Medicare OPPS FS. ",1893.77,,,,,,,Case Rate,"100% Medicare OPPS FS. ",6593,,,,,,,Case Rate,". Primary procedure pays at 100%, secondary at 50%, all subsequent at 25%.  Lesser of applies when negotiated rates exceed charges less addons.",6593,,,,,,,Case Rate,". Primary procedure pays at 100%, secondary at 50%, all subsequent at 25%.  Lesser of applies when negotiated rates exceed charges less addons.",1893.77,,,,,,,Case Rate,"100% Medicare OPPS FS. ",6487,,,,,,,Case Rate,". MPL 100/50/25% maxmium of 3 procedures. All add ons apply, and lesser of 100% of billed charges",8165.03,,,,,,,Case Rate,". MPL 100/50/25% all add ons apply, and lesser of 100% of billed charges",8165.03,,,,,,,Case Rate,". MPL 100/50/25% all add ons apply, and lesser of 100% of billed charges",1893.77,,,,,,,Case Rate,"100% Medicare OPPS FS. ",6487,,,,,,,Case Rate,". MPL 100/50/25% maxmium of 3 procedures. All add ons apply, and lesser of 100% of billed charges",6593,,,,,,,Case Rate,". Primary procedure pays at 100%, secondary at 50%, all subsequent at 25%.  Lesser of applies when negotiated rates exceed charges less addons.",6593,,,,,,,Case Rate,". Primary procedure pays at 100%, secondary at 50%, all subsequent at 25%.  Lesser of applies when negotiated rates exceed charges less addons.",6593,,,,,,,Case Rate,". Primary procedure pays at 100%, secondary at 50%, all subsequent at 25%.  Lesser of applies when negotiated rates exceed charges less addons.",3813.3654,78,,,,,0,percent of total billed charges,78% of Billed Charges. Lesser of 100% of billed charges applies.; No services were performed during the 15 month look back period.,3813.3654,78,,,,,0,percent of total billed charges,78% of Billed Charges. Lesser of 100% of billed charges applies.; No services were performed during the 15 month look back period.,3813.3654,78,,,,,0,percent of total billed charges,78% of Billed Charges. Lesser of 100% of billed charges applies.; No services were performed during the 15 month look back period.,3813.3654,78,,,,,0,percent of total billed charges,78% of Billed Charges. Lesser of 100% of billed charges applies.; No services were performed during the 15 month look back period.,3813.3654,78,,,,,0,percent of total billed charges,78% of Billed Charges. Lesser of 100% of billed charges applies.; No services were performed during the 15 month look back period.,3813.3654,78,,,,,0,percent of total billed charges,78% of Billed Charges. Lesser of 100% of billed charges applies.; No services were performed during the 15 month look back period.,3813.3654,78,,,,,0,percent of total billed charges,78% of Billed Charges. Lesser of 100% of billed charges applies.; No services were performed during the 15 month look back period.,3813.3654,78,,,,,0,percent of total billed charges,78% of Billed Charges. Lesser of 100% of billed charges applies.; No services were performed during the 15 month look back period.,3813.3654,78,,,,,0,percent of total billed charges,78% of Billed Charges. Lesser of 100% of billed charges applies.; No services were performed during the 15 month look back period.,3813.3654,78,,,,,0,percent of total billed charges,78% of Billed Charges. Lesser of 100% of billed charges applies.; No services were performed during the 15 month look back period.,3813.3654,78,,,,,0,percent of total billed charges,78% of Billed Charges. Lesser of 100% of billed charges applies.; No services were performed during the 15 month look back period.,12574,,,,,,,Case Rate,". Primary procedure pays at 100%, all subsequent at 50%.",10351,,,,,,,Case Rate,". MPL 100/50/25% all add ons apply, and lesser of 100% of billed charges",6487,,,,,,,Case Rate,". MPL 100/50/25% maxmium of 3 procedures. All add ons apply, and lesser of 100% of billed charges",1893.77,,,,,,,Case Rate,"100% Medicare OPPS FS. ",6593,,,,,,,Case Rate,". Primary procedure pays at 100%, secondary at 50%, all subsequent at 25%.  Lesser of applies when negotiated rates exceed charges less addons.",6487,,,,,,,Case Rate,". MPL 100/50/25% maxmium of 3 procedures. All add ons apply, and lesser of 100% of billed charges",6487,,,,,,,Case Rate,". MPL 100/50/25% maxmium of 3 procedures. All add ons apply, and lesser of 100% of billed charges",3813.3654,78,,,,,0,percent of total billed charges,78% of Billed Charges. Lesser of 100% of billed charges applies.; No services were performed during the 15 month look back period.,2751.42,,,,,,,Case Rate,"214 Percent of Medicaid APG. Drugs not priced under APG, billed with revenue code 636 and not priced by Medicare ASP FeeSched will be reimbursed at 20% of charges.",6487,,,,,,,Case Rate,". MPL 100/50/25% maxmium of 3 procedures. All add ons apply, and lesser of 100% of billed charges",1285.71,,,,,,,Case Rate,"100 Percent of Medicaid APG. ",1893.77,,,,,,,Case Rate,"100% Medicare OPPS FS. ",1893.77,,,,,,,Case Rate,"100% Medicare OPPS FS. ",1893.77,,,,,,,Case Rate,"100% Medicare OPPS FS. ",1893.77,,,,,,,Case Rate,"100% Medicare OPPS FS. ",1893.77,,,,,,,Case Rate,"100% Medicare OPPS FS. ",1893.77,,,,,,,Case Rate,"100% Medicare OPPS FS. ",6487,,,,,,,Case Rate,". MPL 100/50/25% maxmium of 3 procedures. All add ons apply, and lesser of 100% of billed charges",25798,,,,,,,Case Rate,". MPL 100/75/50% all add ons apply, and lesser of 100% of billed charges",2314.28,,,,,,,Fee Schedule,"180 Percent of Medicaid APG. ",2314.28,,,,,,,Fee Schedule,"180 Percent of Medicaid APG. ",2314.28,,,,,,,Fee Schedule,"180 Percent of Medicaid APG. ",2314.28,,,,,,,Fee Schedule,"180 Percent of Medicaid APG. ",2314.28,,,,,,,Fee Schedule,"180 Percent of Medicaid APG. ",,,,,,,,,"NA. ",25798,,,,,,,Case Rate,". MPL 100/75/50% all add ons apply, and lesser of 100% of billed charges",3749.66,,,,,,,Case Rate,198 Percent of Medicare OPPS. Metroplus will reimburse unlisted codes and described codes with no Medicare rate at 50 percent of charges.,3749.66,,,,,,,Case Rate,198 Percent of Medicare OPPS. Metroplus will reimburse unlisted codes and described codes with no Medicare rate at 50 percent of charges.,3749.66,,,,,,,Case Rate,198 Percent of Medicare OPPS. Metroplus will reimburse unlisted codes and described codes with no Medicare rate at 50 percent of charges.,3749.66,,,,,,,Case Rate,198 Percent of Medicare OPPS. Metroplus will reimburse unlisted codes and described codes with no Medicare rate at 50 percent of charges.,3749.66,,,,,,,Case Rate,198 Percent of Medicare OPPS. Metroplus will reimburse unlisted codes and described codes with no Medicare rate at 50 percent of charges.,1893.77,,,,,,,Case Rate,"100% Medicare OPPS FS. ",12574,,,,,,,Case Rate,". Primary procedure pays at 100%, all subsequent at 50%.",12574,,,,,,,Case Rate,". Primary procedure pays at 100%, all subsequent at 50%.",12574,,,,,,,Case Rate,". Primary procedure pays at 100%, all subsequent at 50%.",12574,,,,,,,Case Rate,". Primary procedure pays at 100%, all subsequent at 50%.",6593,,,,,,,Case Rate,". Primary procedure pays at 100%, secondary at 50%, all subsequent at 25%.  Lesser of applies when negotiated rates exceed charges less addons.",6593,,,,,,,Case Rate,". Primary procedure pays at 100%, secondary at 50%, all subsequent at 25%.  Lesser of applies when negotiated rates exceed charges less addons.",6593,,,,,,,Case Rate,". Primary procedure pays at 100%, secondary at 50%, all subsequent at 25%.  Lesser of applies when negotiated rates exceed charges less addons.",6593,,,,,,,Case Rate,". Primary procedure pays at 100%, secondary at 50%, all subsequent at 25%.  Lesser of applies when negotiated rates exceed charges less addons.",25798,,,,,,,Case Rate,". MPL 100/75/50% all add ons apply, and lesser of 100% of billed charges",25798,,,,,,,Case Rate,". MPL 100/75/50% all add ons apply, and lesser of 100% of billed charges",1893.77,,,,,,,Case Rate,"100% Medicare OPPS FS. ",1893.77,,,,,,,Case Rate,"100% Medicare OPPS FS. ",1893.77,,,,,,,Case Rate,"100% Medicare OPPS FS. ",10351,,,,,,,Case Rate,". MPL 100/50/25% all add ons apply, and lesser of 100% of billed charges",10351,,,,,,,Case Rate,". MPL 100/50/25% all add ons apply, and lesser of 100% of billed charges",10351,,,,,,,Case Rate,". MPL 100/50/25% all add ons apply, and lesser of 100% of billed charges",25798,,,,,,,Case Rate,". MPL 100/75/50% all add ons apply, and lesser of 100% of billed charges",6593,,,,,,,Case Rate,". Primary procedure pays at 100%, secondary at 50%, all subsequent at 25%.  Lesser of applies when negotiated rates exceed charges less addons.",1893.77,,,,,,,Case Rate,"100% Medicare OPPS FS. ",10351,,,,,,,Case Rate,". MPL 100/50/25% all add ons apply, and lesser of 100% of billed charges",1285.71,,,,,,,Case Rate,"100 Percent of Medicaid APG. ",1931.64,,,,,,,Case Rate,"102% of Medicare OPPS. ",1931.64,,,,,,,Case Rate,"102% of Medicare OPPS. ",1931.64,,,,,,,Case Rate,"102% of Medicare OPPS. ",1285.71,,,,,,,Case rate,"100 Percent of Medicaid APG. ",2892.85,,,,,,,Case Rate,225% of NYS APG. Lesser of 100% of billed charges applies.,2892.85,,,,,,,Case Rate,225% of NYS APG. Lesser of 100% of billed charges applies.,2892.85,,,,,,,Case Rate,225% of NYS APG. Lesser of 100% of billed charges applies.,2892.85,,,,,,,Case Rate,225% of NYS APG. Lesser of 100% of billed charges applies.,2892.85,,,,,,,Case Rate,225% of NYS APG. Lesser of 100% of billed charges applies.,1931.64,,,,,,,Case Rate,"102% of Medicare OPPS. ",1285.71,,,,,,,Case Rate,"100 Percent of Medicaid APG. ",802.93,,,,,,,Case Rate,100% of PAS. Lesser of 100% of billed charges applies.,2892.85,,,,,,,Case Rate,225% of NYS APG. Lesser of 100% of billed charges applies.,2892.85,,,,,,,Case Rate,225% of NYS APG. Lesser of 100% of billed charges applies.,802.93,,,,,,,Case Rate,100% of PAS. Lesser of 100% of billed charges applies.,802.93,,,,,,,Case Rate,100% of PAS. Lesser of 100% of billed charges applies.,2314.28,,,,,,,Fee Schedule,"180 Percent of Medicaid APG. ",1893.77,,,,,,,Case Rate,"100% Medicare OPPS FS. ",1893.77,,,,,,,Case Rate,"100% Medicare OPPS FS. ",6593,,,,,,,Case Rate,". Primary procedure pays at 100%, secondary at 50%, all subsequent at 25%.  Lesser of applies when negotiated rates exceed charges less addons.",1893.77,,,,,,,Case Rate,"100% Medicare OPPS FS. ",2892.85,,,,,,,Case Rate,"225 Percent of Medicaid APG. ",2892.85,,,,,,,Case Rate,"225 Percent of Medicaid APG. ",1285.71,,,,,,,Case rate,"100 Percent of Medicaid APG. ",1285.71,,,,,,,Case rate,"100 Percent of Medicaid APG. ",2892.85,,,,,,,Case Rate,225 Percent of Medicaid APG. Covered services not payable under Medicaid Fee Schedules default to a payment of 87.5 percent of charges.,1285.71,,,,,,,Case rate,124 Percent of Medicaid APG. Covered services not payable under Medicaid Fee Schedules default to a payment of 50 percent of charges.,2892.85,,,,,,,Case Rate,"100 Percent of Medicaid APG. ",2892.85,,,,,,,Case Rate,"100 Percent of Medicaid APG. ",2892.85,,,,,,,Case Rate,"100 Percent of Medicaid APG. ",2892.85,,,,,,,Case Rate,"100 Percent of Medicaid APG. ",13453,,,,,,,Case Rate,". MPL 100/75/50% all add ons apply, and lesser of 100% of billed charges",25798,,,,,,,Case Rate,". MPL 100/75/50% all add ons apply, and lesser of 100% of billed charges",1542.85,,,,,,,Case Rate,"120 Percent of Medicaid APG. Not APG payable, or payable under another fee schedule like ASP/AWP pays at 30% of charges",1542.85,,,,,,,Case Rate,"120 Percent of Medicaid APG. Not APG payable, or payable under another fee schedule like ASP/AWP pays at 30% of charges",1285.71,,,,,,,Case Rate,"100 Percent of Medicaid APG. Not APG payable, or payable under another fee schedule like ASP/AWP pays at 30% of charges",1285.71,,,,,,,Case Rate,"100 Percent of Medicaid APG. Not APG payable, or payable under another fee schedule like ASP/AWP pays at 30% of charges",10351,,,,,,,Case Rate,". MPL 100/50/25% all add ons apply, and lesser of 100% of billed charges",10351,,,,,,,Case Rate,". MPL 100/50/25% all add ons apply, and lesser of 100% of billed charges",1893.77,,,,,,,Case Rate,"100% Medicare OPPS FS. ",10351,,,,,,,Case Rate,". MPL 100/50/25% all add ons apply, and lesser of 100% of billed charges",10351,,,,,,,Case Rate,". MPL 100/50/25% all add ons apply, and lesser of 100% of billed charges",10351,,,,,,,Case Rate,". MPL 100/50/25% all add ons apply, and lesser of 100% of billed charges",10351,,,,,,,Case Rate,". MPL 100/50/25% all add ons apply, and lesser of 100% of billed charges",1893.77,,,,,,,Case Rate,"100% Medicare OPPS FS. ",10351,,,,,,,Case Rate,". MPL 100/50/25% all add ons apply, and lesser of 100% of billed charges",10351,,,,,,,Case Rate,". MPL 100/50/25% all add ons apply, and lesser of 100% of billed charges",6593,,,,,,,Case Rate,". Primary procedure pays at 100%, secondary at 50%, all subsequent at 25%.  Lesser of applies when negotiated rates exceed charges less addons.",1285.71,,,,,,,Fee Schedule,100% APG. Lesser of 100% of billed charges applies.,1285.71,,,,,,,Case rate,124 Percent of Medicaid APG. Covered services not payable under Medicaid Fee Schedules default to a payment of 50 percent of charges.,2892.85,,,,,,,Case Rate,225% of NYS APG. Lesser of 100% of billed charges applies.,2892.85,,,,,,,Case Rate,225 Percent of Medicaid APG. Covered services not payable under Medicaid Fee Schedules default to a payment of 87.5 percent of charges.,1285.71,,,,,,,Case rate,124 Percent of Medicaid APG. Covered services not payable under Medicaid Fee Schedules default to a payment of 50 percent of charges.,2892.85,,,,,,,Case Rate,225% of NYS APG. Lesser of 100% of billed charges applies.,2892.85,,,,,,,Case Rate,225% of NYS APG. Lesser of 100% of billed charges applies.,2892.85,,,,,,,Case Rate,225% of NYS APG. Lesser of 100% of billed charges applies.,2892.85,,,,,,,Case Rate,225% of NYS APG. Lesser of 100% of billed charges applies.,2892.85,,,,,,,Case Rate,225% of NYS APG. Lesser of 100% of billed charges applies.,2892.85,,,,,,,Case Rate,225% of NYS APG. Lesser of 100% of billed charges applies.,,,,,,,,,"NA. ",,,,,,,,,"NA. ",,,,,,,,,"NA. ",6487,,,,,,,Case Rate,". MPL 100/50/25% maxmium of 3 procedures. All add ons apply, and lesser of 100% of billed charges",,,,,,,,,"NA. ",1893.77,,,,,,,Case Rate,"100% Medicare OPPS FS. ",3681,,,,,,,Case Rate,". MPL 1st 100% of Payment Rate 50% of all others, all add ons apply, and lesser of 100% of billed charges.",1893.77,,,,,,,Case Rate,"100% Medicare OPPS FS. ",1893.77,,,,,,,Case Rate,"100% Medicare OPPS FS. ",1542.85,,,,,,,Case Rate,"120 Percent of Medicaid APG. Not APG payable, or payable under another fee schedule like ASP/AWP pays at 30% of charges",1542.85,,,,,,,Case Rate,"120 Percent of Medicaid APG. Not APG payable, or payable under another fee schedule like ASP/AWP pays at 30% of charges",1285.71,,,,,,,Case Rate,"100 Percent of Medicaid APG. Not APG payable, or payable under another fee schedule like ASP/AWP pays at 30% of charges",1285.71,,,,,,,Case Rate,"100 Percent of Medicaid APG. Not APG payable, or payable under another fee schedule like ASP/AWP pays at 30% of charges",1285.71,,,,,,,Case Rate,"100 Percent of Medicaid APG. ",3568.9189,73,,,,,0,percent of total billed charges,73 percent of billed charges; No services were performed during the 15 month look back period.,6593,,,,,,,Case Rate,". Primary procedure pays at 100%, secondary at 50%, all subsequent at 25%.  Lesser of applies when negotiated rates exceed charges less addons.",3568.9189,73,,,,,0,percent of total billed charges,73 percent of billed charges; No services were performed during the 15 month look back period.,6487,,,,,,,Case Rate,". MPL 100/50/25% maxmium of 3 procedures. All add ons apply, and lesser of 100% of billed charges",1893.77,,,,,,,Case Rate,"100%Medicare OPPS FS. ",1893.77,,,,,,,Case Rate,"100% Medicare OPPS FS. ",1893.77,,,,,,,Case Rate,"100% Medicare OPPS FS. ",1893.77,,,,,,,Case Rate,"100% Medicare OPPS FS. ",1893.77,,,,,,,Case Rate,"100%Medicare OPPS FS. ",1893.77,,,,,,,Case Rate,"100% Medicare OPPS FS. ",,,,,,,,,"NA. ",2892.85,,,,,,,Case Rate,225% of NYS APG. Lesser of 100% of billed charges applies.,802.93,,,,,,,Case Rate,100% of PAS. Lesser of 100% of billed charges applies.,10351,,,,,,,Case Rate,". MPL 100/50/25% all add ons apply, and lesser of 100% of billed charges",3568.9189,73,,,,,0,percent of total billed charges,73 percent of billed charges; No services were performed during the 15 month look back period.,3568.9189,73,,,,,0,percent of total billed charges,73 percent of billed charges; No services were performed during the 15 month look back period.,3568.9189,73,,,,,0,percent of total billed charges,73 percent of billed charges; No services were performed during the 15 month look back period.,3568.9189,73,,,,,0,percent of total billed charges,73 percent of billed charges; No services were performed during the 15 month look back period.,1893.77,,,,,,,Case Rate,"100% Medicare OPPS FS. ",1285.71,,,,,,,Case Rate,"100 Percent of Medicaid APG. ",10351,,,,,,,Case Rate,". MPL 100/50/25% all add ons apply, and lesser of 100% of billed charges",1285.71,,,,,,,Case Rate,"100 Percent of Medicaid APG. ",1893.77,,,,,,,Case Rate,"100% Medicare OPPS FS. ",1285.71,,,,,,,Case Rate,"100 Percent of Medicaid APG. ",1893.77,,,,,,,Case Rate,"100% Medicare OPPS FS. ",1893.77,,,,,,,Case Rate,"100% Medicare OPPS FS. ",1285.71,,,,,,,Case Rate,"100 Percent of Medicaid APG. ",1285.71,,,,,,,Case Rate,"100 Percent of Medicaid APG. ",3568.9189,73,,,,,0,percent of total billed charges,73 percent of billed charges; No services were performed during the 15 month look back period.,6487,,,,,,,Case Rate,". MPL 100/50/25% maxmium of 3 procedures. All add ons apply, and lesser of 100% of billed charges",3813.3654,78,,,,,0,percent of total billed charges,78% of Billed Charges. Lesser of 100% of billed charges applies.; No services were performed during the 15 month look back period.,8165.03,,,,,,,Case Rate,". MPL 100/50/25% all add ons apply, and lesser of 100% of billed charges",8165.03,,,,,,,Case Rate,". MPL 100/50/25% all add ons apply, and lesser of 100% of billed charges",6593,,,,,,,Case Rate,". Primary procedure pays at 100%, secondary at 50%, all subsequent at 25%.  Lesser of applies when negotiated rates exceed charges less addons.",804.95,,,,,,,Case Rate,"83% HF Fee schedule. ",12574,,,,,,,Case Rate,". Primary procedure pays at 100%, all subsequent at 50%.",12574,,,,,,,Case Rate,". Primary procedure pays at 100%, all subsequent at 50%.",8281,,,,,,,Case Rate,". MPL 100/50/25% all add ons apply, and lesser of 100% of billed charges",8281,,,,,,,Case Rate,". MPL 100/50/25% all add ons apply, and lesser of 100% of billed charges",1893.77,,,,,,,Case Rate,"100% Medicare OPPS FS. ",1893.77,,,,,,,Case Rate,"100% Medicare OPPS FS. ",1893.77,,,,,,,Case Rate,"100% Medicare OPPS FS. ",1893.77,,,,,,,Case Rate,"100% Medicare OPPS FS. ",8165.03,,,,,,,Case Rate,". MPL 100/50/25% all add ons apply, and lesser of 100% of billed charges",10351,,,,,,,Case Rate,". MPL 100/50/25% all add ons apply, and lesser of 100% of billed charges",10351,,,,,,,Case Rate,". MPL 100/50/25% all add ons apply, and lesser of 100% of billed charges",1893.77,,,,,,,Case Rate,"100% Medicare OPPS FS. ",8281,,,,,,,Case Rate,". MPL 100/50/25% all add ons apply, and lesser of 100% of billed charges",3568.9189,73,,,,,0,percent of total billed charges,73 percent of billed charges; No services were performed during the 15 month look back period.,1542.85,,,,,,,Fee Schedule,"120 Percent of Medicaid APG. ",1285.71,,,,,,,Case Rate,"100 Percent of Medicaid APG. ",3568.9189,73,,,,,0,percent of total billed charges,73 percent of billed charges; No services were performed during the 15 month look back period.,9316,,,,,,,Case Rate,". MPL 100/50/25% all add ons apply, and lesser of 100% of billed charges",9316,,,,,,,Case Rate,". MPL 100/50/25% all add ons apply, and lesser of 100% of billed charges",10351,,,,,,,Case Rate,". MPL 100/50/25% all add ons apply, and lesser of 100% of billed charges",14948,,,,,,,Case Rate,". MPL 100/75/50% all add ons apply, and lesser of 100% of billed charges",1893.77,,,,,,,Case Rate,"100%Medicare OPPS FS. ",1350,,,,,,,Fee Schedule,105 percent of Medicaid APG. otherwise 105% of Ordered NYS MCD FS or 105% of ASP+6%,1350,,,,,,,Fee Schedule,105 percent of Medicaid APG. otherwise 105% of Ordered NYS MCD FS or 105% of ASP+6%,1350,,,,,,,Fee Schedule,105 percent of Medicaid APG. otherwise 105% of Ordered NYS MCD FS or 105% of ASP+6%,1735.71,,,,,,,Fee Schedule,135 percent of Medicaid APG. otherwise 135% of Ordered NYS MCD FS or 135% of ASP+6%,8165.03,,,,,,,Case Rate,". MPL 100/50/25% all add ons apply, and lesser of 100% of billed charges",1350,,,,,,,Fee Schedule,105 percent of Medicaid APG. otherwise 105% of Ordered NYS MCD FS or 105% of ASP+6%,1350,,,,,,,Fee Schedule,105 percent of Medicaid APG. otherwise 105% of Ordered NYS MCD FS or 105% of ASP+6%,1350,,,,,,,Fee Schedule,105 percent of Medicaid APG. otherwise 105% of Ordered NYS MCD FS or 105% of ASP+6%,1350,,,,,,,Fee Schedule,105 percent of Medicaid APG. otherwise 105% of Ordered NYS MCD FS or 105% of ASP+6%,1350,,,,,,,Fee Schedule,105 percent of Medicaid APG. otherwise 105% of Ordered NYS MCD FS or 105% of ASP+6%,1735.71,,,,,,,Fee Schedule,135 percent of Medicaid APG. otherwise 135% of Ordered NYS MCD FS or 135% of ASP+6%,1735.71,,,,,,,Fee Schedule,135 percent of Medicaid APG. otherwise 135% of Ordered NYS MCD FS or 135% of ASP+6%,1893.77,,,,,,,Case Rate,"100% Medicare OPPS FS. ",8165.03,,,,,,,Case Rate,". MPL 100/50/25% all add ons apply, and lesser of 100% of billed charges",1893.77,,,,,,,Case Rate,"100% Medicare OPPS FS. ",1350,,,,,,,Fee Schedule,105 percent of Medicaid APG. otherwise 105% of Ordered NYS MCD FS or 105% of ASP+6%,10351,,,,,,,Case Rate,". MPL 100/50/25% all add ons apply, and lesser of 100% of billed charges",1893.77,,,,,,,Case Rate,"100% Medicare OPPS FS. ",10351,,,,,,,Case Rate,". MPL 100/50/25% all add ons apply, and lesser of 100% of billed charges",10351,,,,,,,Case Rate,". MPL 100/50/25% all add ons apply, and lesser of 100% of billed charges",10351,,,,,,,Case Rate,". MPL 100/50/25% all add ons apply, and lesser of 100% of billed charges",1350,,,,,,,Fee Schedule,105 percent of Medicaid APG. otherwise 105% of Ordered NYS MCD FS or 105% of ASP+6%,1893.77,,,,,,,Case Rate,"100% Medicare OPPS FS. ",10351,,,,,,,Case Rate,". MPL 100/50/25% all add ons apply, and lesser of 100% of billed charges",1735.71,,,,,,,Fee Schedule,135 percent of Medicaid APG. otherwise 135% of Ordered NYS MCD FS or 135% of ASP+6%,10351,,,,,,,Case Rate,". MPL 100/50/25% all add ons apply, and lesser of 100% of billed charges",9777.86,200,,,,,0,Case Rate,200% of Medicare OPPS. ; No services were performed during the 15 month look back period.,1893.77,,,,,,,Case Rate,"100%Medicare OPPS FS. ",3568.9189,73,,,,,0,percent of total billed charges,73 percent of billed charges; No services were performed during the 15 month look back period.,3568.9189,73,,,,,0,percent of total billed charges,73 percent of billed charges; No services were performed during the 15 month look back period.,3568.9189,73,,,,,0,percent of total billed charges,73 percent of billed charges; No services were performed during the 15 month look back period.,3568.9189,73,,,,,0,percent of total billed charges,73 percent of billed charges; No services were performed during the 15 month look back period.,3568.9189,73,,,,,0,percent of total billed charges,73 percent of billed charges; No services were performed during the 15 month look back period.,3568.9189,73,,,,,0,percent of total billed charges,73 percent of billed charges; No services were performed during the 15 month look back period.,3568.9189,73,,,,,0,percent of total billed charges,73 percent of billed charges; No services were performed during the 15 month look back period.,3568.9189,73,,,,,0,percent of total billed charges,73 percent of billed charges; No services were performed during the 15 month look back period.,3568.9189,73,,,,,0,percent of total billed charges,73 percent of billed charges; No services were performed during the 15 month look back period.,3568.9189,73,,,,,0,percent of total billed charges,73 percent of billed charges; No services were performed during the 15 month look back period.,3568.9189,73,,,,,0,percent of total billed charges,73 percent of billed charges; No services were performed during the 15 month look back period.,3568.9189,73,,,,,0,percent of total billed charges,73 percent of billed charges; No services were performed during the 15 month look back period.,1893.77,,,,,,,Case Rate,"100% Medicare OPPS FS. ",3568.9189,73,,,,,0,percent of total billed charges,73 percent of billed charges; No services were performed during the 15 month look back period.,1893.77,,,,,,,Case Rate,"100% Medicare OPPS FS. ",2892.85,,,,,,,Case Rate,"225 Percent of Medicaid APG. If not included in Medicaid APG, then 100 Percent of Manhattan Medicare",1285.71,,,,,,,Case Rate,"100 Percent of Medicaid APG. ",8165.03,,,,,,,Case Rate,". MPL 100/50/25% all add ons apply, and lesser of 100% of billed charges",8165.03,,,,,,,Case Rate,". MPL 100/50/25% all add ons apply, and lesser of 100% of billed charges",1893.77,,,,,,,Case Rate,"100% Medicare OPPS FS. ",12574,,,,,,,Case Rate,". Primary procedure pays at 100%, all subsequent at 50%.",1893.77,,,,,,,Case Rate,"100% Medicare OPPS FS. ",1893.77,,,,,,,Case Rate,"100% Medicare OPPS FS. ",6593,,,,,,,Case Rate,". Primary procedure pays at 100%, secondary at 50%, all subsequent at 25%.  Lesser of applies when negotiated rates exceed charges less addons.",1893.77,,,,,,,Case Rate,"100% Medicare OPPS FS. ",6487,,,,,,,Case Rate,". MPL 100/50/25% maxmium of 3 procedures. All add ons apply, and lesser of 100% of billed charges",1893.77,,,,,,,Case Rate,"100% Medicare OPPS FS. ",6487,,,,,,,Case Rate,". MPL 100/50/25% maxmium of 3 procedures. All add ons apply, and lesser of 100% of billed charges",6593,,,,,,,Case Rate,". Primary procedure pays at 100%, secondary at 50%, all subsequent at 25%.  Lesser of applies when negotiated rates exceed charges less addons.",6487,,,,,,,Case Rate,". MPL 100/50/25% maxmium of 3 procedures. All add ons apply, and lesser of 100% of billed charges",1893.77,,,,,,,Case Rate,"100% Medicare OPPS FS. ",1285.71,,,,,,,Case Rate,"100 Percent of Medicaid APG. ",1893.77,,,,,,,Case Rate,"100% Medicare OPPS FS. ",6487,,,,,,,Case Rate,". MPL 100/50/25% maxmium of 3 procedures. All add ons apply, and lesser of 100% of billed charges",8165.03,,,,,,,Case Rate,". MPL 100/50/25% all add ons apply, and lesser of 100% of billed charges",1285.71,,,,,,,Case Rate,"100 Percent of Medicaid APG. ",10351,,,,,,,Case Rate,". MPL 100/50/25% all add ons apply, and lesser of 100% of billed charges",1542.85,,,,,,,Fee Schedule,"120 Percent of Medicaid APG. ",1542.85,,,,,,,Fee Schedule,"120 Percent of Medicaid APG. ",10351,,,,,,,Case Rate,". MPL 100/50/25% all add ons apply, and lesser of 100% of billed charges",10351,,,,,,,Case Rate,". MPL 100/50/25% all add ons apply, and lesser of 100% of billed charges",10351,,,,,,,Case Rate,". MPL 100/50/25% all add ons apply, and lesser of 100% of billed charges",8165.03,,,,,,,Case Rate,". MPL 100/50/25% all add ons apply, and lesser of 100% of billed charges",10351,,,,,,,Case Rate,". MPL 100/50/25% all add ons apply, and lesser of 100% of billed charges",10351,,,,,,,Case Rate,". MPL 100/50/25% all add ons apply, and lesser of 100% of billed charges",10351,,,,,,,Case Rate,". MPL 100/50/25% all add ons apply, and lesser of 100% of billed charges",3568.9189,73,,,,,0,percent of total billed charges,73 percent of billed charges; No services were performed during the 15 month look back period.,3568.9189,73,,,,,0,percent of total billed charges,73 percent of billed charges; No services were performed during the 15 month look back period.,3749.66,,,,,,,Case Rate,198 Percent of Medicare OPPS. Metroplus will reimburse unlisted codes and described codes with no Medicare rate at 50 percent of charges.,1285.71,,,,,,,Case Rate,"100 Percent of Medicaid APG. ",8165.03,,,,,,,Case Rate,". MPL 100/50/25% all add ons apply, and lesser of 100% of billed charges",6487,,,,,,,Case Rate,". MPL 100/50/25% maxmium of 3 procedures. All add ons apply, and lesser of 100% of billed charges",6593,,,,,,,Case Rate,". Primary procedure pays at 100%, secondary at 50%, all subsequent at 25%.  Lesser of applies when negotiated rates exceed charges less addons.",8165.03,,,,,,,Case Rate,". MPL 100/50/25% all add ons apply, and lesser of 100% of billed charges",6593,,,,,,,Case Rate,". Primary procedure pays at 100%, secondary at 50%, all subsequent at 25%.  Lesser of applies when negotiated rates exceed charges less addons.",8165.03,,,,,,,Case Rate,". MPL 100/50/25% all add ons apply, and lesser of 100% of billed charges",10351,,,,,,,Case Rate,". MPL 100/50/25% all add ons apply, and lesser of 100% of billed charges",10351,,,,,,,Case Rate,". MPL 100/50/25% all add ons apply, and lesser of 100% of billed charges",10351,,,,,,,Case Rate,". MPL 100/50/25% all add ons apply, and lesser of 100% of billed charges",10351,,,,,,,Case Rate,". MPL 100/50/25% all add ons apply, and lesser of 100% of billed charges",1893.77,,,,,,,Case Rate,"100% Medicare OPPS FS. ",802.93,25798,
27562,CPT,2025383,LOCAL,361,RC,HC CL TX PATELLAR DISLOCATION; W ANESTH,4888.93,928.8967,both,,,,3681,,,,,,,Case Rate,". MPL 1st 100% of Payment Rate 50% of all others, all add ons apply, and lesser of 100% of billed charges.",3681,,,,,,,Case Rate,". MPL 1st 100% of Payment Rate 50% of all others, all add ons apply, and lesser of 100% of billed charges.",6593,,,,,,,Case Rate,". Primary procedure pays at 100%, secondary at 50%, all subsequent at 25%.  Lesser of applies when negotiated rates exceed charges less addons.",4888.93,100,,,,,0,percent of total billed charges,100 percent of billed charges. ; No services were performed during the 15 month look back period.,283.85,,,,,,,Case Rate,"100% Medicare OPPS FS. ",6593,,,,,,,Case Rate,". Primary procedure pays at 100%, secondary at 50%, all subsequent at 25%.  Lesser of applies when negotiated rates exceed charges less addons.",6593,,,,,,,Case Rate,". Primary procedure pays at 100%, secondary at 50%, all subsequent at 25%.  Lesser of applies when negotiated rates exceed charges less addons.",6593,,,,,,,Case Rate,". Primary procedure pays at 100%, secondary at 50%, all subsequent at 25%.  Lesser of applies when negotiated rates exceed charges less addons.",1542.85,,,,,,,Case Rate,"100 Percent of Medicaid APG. ",1285.71,,,,,,,Case Rate,"100 Percent of Medicaid APG. ",3813.3654,78,,,,,0,percent of total billed charges,78% of Billed Charges. Lesser of 100% of billed charges applies.; No services were performed during the 15 month look back period.,4923.38,,,,,,,Case Rate,". MPL 100/50/25% all add ons apply, and lesser of 100% of billed charges",1285.71,,,,,,,Case Rate,"100 Percent of Medicaid APG. ",283.85,,,,,,,Case Rate,"100% Medicare OPPS FS. ",6487,,,,,,,Case Rate,". MPL 100/50/25% maxmium of 3 procedures. All add ons apply, and lesser of 100% of billed charges",6487,,,,,,,Case Rate,". MPL 100/50/25% maxmium of 3 procedures. All add ons apply, and lesser of 100% of billed charges",6487,,,,,,,Case Rate,". MPL 100/50/25% maxmium of 3 procedures. All add ons apply, and lesser of 100% of billed charges",6487,,,,,,,Case Rate,". MPL 100/50/25% maxmium of 3 procedures. All add ons apply, and lesser of 100% of billed charges",1285.71,,,,,,,Case rate,124 Percent of Medicaid APG. Covered services not payable under Medicaid Fee Schedules default to a payment of 50 percent of charges.,283.85,,,,,,,Case Rate,"100% Medicare OPPS FS. ",1285.71,,,,,,,Case rate,124 Percent of Medicaid APG. Covered services not payable under Medicaid Fee Schedules default to a payment of 50 percent of charges.,3813.3654,78,,,,,0,percent of total billed charges,78% of Billed Charges. Lesser of 100% of billed charges applies.; No services were performed during the 15 month look back period.,6593,,,,,,,Case Rate,". Primary procedure pays at 100%, secondary at 50%, all subsequent at 25%.  Lesser of applies when negotiated rates exceed charges less addons.",283.85,,,,,,,Case Rate,"100%Medicare OPPS FS. ",3568.9189,73,,,,,0,percent of total billed charges,73 percent of billed charges; No services were performed during the 15 month look back period.,283.85,,,,,,,Case Rate,"100%Medicare OPPS FS. ",283.85,,,,,,,Case Rate,"100%Medicare OPPS FS. ",3813.3654,78,,,,,0,percent of total billed charges,78% of Billed Charges. Lesser of 100% of billed charges applies.; No services were performed during the 15 month look back period.,132.04,,,,,,,Case Rate,100% of PAS. Lesser of 100% of billed charges applies.,132.04,,,,,,,Case Rate,100% of PAS. Lesser of 100% of billed charges applies.,1285.71,,,,,,,Case rate,"100 Percent of Medicaid APG. ",1285.71,,,,,,,Case rate,"100 Percent of Medicaid APG. ",3568.9189,73,,,,,0,percent of total billed charges,73 percent of billed charges; No services were performed during the 15 month look back period.,3568.9189,73,,,,,0,percent of total billed charges,73 percent of billed charges; No services were performed during the 15 month look back period.,1285.71,,,,,,,Case Rate,"100 Percent of Medicaid APG. Not APG payable, or payable under another fee schedule like ASP/AWP pays at 30% of charges",3568.9189,73,,,,,0,percent of total billed charges,73 percent of billed charges; No services were performed during the 15 month look back period.,1285.71,,,,,,,Case Rate,"100 Percent of Medicaid APG. Not APG payable, or payable under another fee schedule like ASP/AWP pays at 30% of charges",283.85,,,,,,,Case Rate,"100%Medicare OPPS FS. ",3568.9189,73,,,,,0,percent of total billed charges,73 percent of billed charges; No services were performed during the 15 month look back period.,3813.3654,78,,,,,0,percent of total billed charges,78% of Billed Charges. Lesser of 100% of billed charges applies.; No services were performed during the 15 month look back period.,1285.71,,,,,,,Case Rate,"100 Percent of Medicaid APG. ",1285.71,,,,,,,Case Rate,"100 Percent of Medicaid APG. ",3813.3654,78,,,,,0,percent of total billed charges,78% of Billed Charges. Lesser of 100% of billed charges applies.; No services were performed during the 15 month look back period.,6487,,,,,,,Case Rate,". MPL 100/50/25% maxmium of 3 procedures. All add ons apply, and lesser of 100% of billed charges",4500,,,,,,,Case Rate,". MPL 100/50/25% all add ons apply, and lesser of 100% of billed charges",4500,,,,,,,Case Rate,". MPL 100/50/25% all add ons apply, and lesser of 100% of billed charges",3813.3654,78,,,,,0,percent of total billed charges,78% of Billed Charges. Lesser of 100% of billed charges applies.; No services were performed during the 15 month look back period.,283.85,,,,,,,Case Rate,"100% Medicare OPPS FS. ",4923.38,,,,,,,Case Rate,". MPL 100/50/25% all add ons apply, and lesser of 100% of billed charges",4923.38,,,,,,,Case Rate,". MPL 100/50/25% all add ons apply, and lesser of 100% of billed charges",4923.38,,,,,,,Case Rate,". MPL 100/50/25% all add ons apply, and lesser of 100% of billed charges",283.85,,,,,,,Case Rate,"100% Medicare OPPS FS. ",4923.38,,,,,,,Case Rate,". MPL 100/50/25% all add ons apply, and lesser of 100% of billed charges",4923.38,,,,,,,Case Rate,". MPL 100/50/25% all add ons apply, and lesser of 100% of billed charges",283.85,,,,,,,Case Rate,"100% of Medicare OPPS. ",25798,,,,,,,Case Rate,". MPL 100/75/50% all add ons apply, and lesser of 100% of billed charges",4100,,,,,,,Case Rate,". MPL 100/50/25% all add ons apply, and lesser of 100% of billed charges",4100,,,,,,,Case Rate,". MPL 100/50/25% all add ons apply, and lesser of 100% of billed charges",4100,,,,,,,Case Rate,". MPL 100/50/25% all add ons apply, and lesser of 100% of billed charges",4100,,,,,,,Case Rate,". MPL 100/50/25% all add ons apply, and lesser of 100% of billed charges",4100,,,,,,,Case Rate,". MPL 100/50/25% all add ons apply, and lesser of 100% of billed charges",4100,,,,,,,Case Rate,". MPL 100/50/25% all add ons apply, and lesser of 100% of billed charges",283.85,,,,,,,Case Rate,"100% Medicare OPPS FS. ",283.85,,,,,,,Case Rate,"100% Medicare OPPS FS. ",4100,,,,,,,Case Rate,". MPL 100/50/25% all add ons apply, and lesser of 100% of billed charges",3813.3654,78,,,,,0,percent of total billed charges,78% of Billed Charges. Lesser of 100% of billed charges applies.; No services were performed during the 15 month look back period.,3813.3654,78,,,,,0,percent of total billed charges,78% of Billed Charges. Lesser of 100% of billed charges applies.; No services were performed during the 15 month look back period.,3813.3654,78,,,,,0,percent of total billed charges,78% of Billed Charges. Lesser of 100% of billed charges applies.; No services were performed during the 15 month look back period.,3813.3654,78,,,,,0,percent of total billed charges,78% of Billed Charges. Lesser of 100% of billed charges applies.; No services were performed during the 15 month look back period.,3813.3654,78,,,,,0,percent of total billed charges,78% of Billed Charges. Lesser of 100% of billed charges applies.; No services were performed during the 15 month look back period.,3813.3654,78,,,,,0,percent of total billed charges,78% of Billed Charges. Lesser of 100% of billed charges applies.; No services were performed during the 15 month look back period.,3813.3654,78,,,,,0,percent of total billed charges,78% of Billed Charges. Lesser of 100% of billed charges applies.; No services were performed during the 15 month look back period.,3813.3654,78,,,,,0,percent of total billed charges,78% of Billed Charges. Lesser of 100% of billed charges applies.; No services were performed during the 15 month look back period.,3813.3654,78,,,,,0,percent of total billed charges,78% of Billed Charges. Lesser of 100% of billed charges applies.; No services were performed during the 15 month look back period.,3813.3654,78,,,,,0,percent of total billed charges,78% of Billed Charges. Lesser of 100% of billed charges applies.; No services were performed during the 15 month look back period.,3813.3654,78,,,,,0,percent of total billed charges,78% of Billed Charges. Lesser of 100% of billed charges applies.; No services were performed during the 15 month look back period.,3813.3654,78,,,,,0,percent of total billed charges,78% of Billed Charges. Lesser of 100% of billed charges applies.; No services were performed during the 15 month look back period.,3813.3654,78,,,,,0,percent of total billed charges,78% of Billed Charges. Lesser of 100% of billed charges applies.; No services were performed during the 15 month look back period.,3813.3654,78,,,,,0,percent of total billed charges,78% of Billed Charges. Lesser of 100% of billed charges applies.; No services were performed during the 15 month look back period.,3813.3654,78,,,,,0,percent of total billed charges,78% of Billed Charges. Lesser of 100% of billed charges applies.; No services were performed during the 15 month look back period.,3813.3654,78,,,,,0,percent of total billed charges,78% of Billed Charges. Lesser of 100% of billed charges applies.; No services were performed during the 15 month look back period.,3813.3654,78,,,,,0,percent of total billed charges,78% of Billed Charges. Lesser of 100% of billed charges applies.; No services were performed during the 15 month look back period.,3813.3654,78,,,,,0,percent of total billed charges,78% of Billed Charges. Lesser of 100% of billed charges applies.; No services were performed during the 15 month look back period.,3813.3654,78,,,,,0,percent of total billed charges,78% of Billed Charges. Lesser of 100% of billed charges applies.; No services were performed during the 15 month look back period.,3813.3654,78,,,,,0,percent of total billed charges,78% of Billed Charges. Lesser of 100% of billed charges applies.; No services were performed during the 15 month look back period.,3813.3654,78,,,,,0,percent of total billed charges,78% of Billed Charges. Lesser of 100% of billed charges applies.; No services were performed during the 15 month look back period.,3813.3654,78,,,,,0,percent of total billed charges,78% of Billed Charges. Lesser of 100% of billed charges applies.; No services were performed during the 15 month look back period.,3813.3654,78,,,,,0,percent of total billed charges,78% of Billed Charges. Lesser of 100% of billed charges applies.; No services were performed during the 15 month look back period.,3813.3654,78,,,,,0,percent of total billed charges,78% of Billed Charges. Lesser of 100% of billed charges applies.; No services were performed during the 15 month look back period.,3813.3654,78,,,,,0,percent of total billed charges,78% of Billed Charges. Lesser of 100% of billed charges applies.; No services were performed during the 15 month look back period.,3813.3654,78,,,,,0,percent of total billed charges,78% of Billed Charges. Lesser of 100% of billed charges applies.; No services were performed during the 15 month look back period.,3568.9189,73,,,,,0,percent of total billed charges,73 percent of billed charges; No services were performed during the 15 month look back period.,3568.9189,73,,,,,0,percent of total billed charges,73 percent of billed charges; No services were performed during the 15 month look back period.,3568.9189,73,,,,,0,percent of total billed charges,73 percent of billed charges; No services were performed during the 15 month look back period.,3568.9189,73,,,,,0,percent of total billed charges,73 percent of billed charges; No services were performed during the 15 month look back period.,12574,,,,,,,Case Rate,". Primary procedure pays at 100%, all subsequent at 50%.",12574,,,,,,,Case Rate,". Primary procedure pays at 100%, all subsequent at 50%.",6487,,,,,,,Case Rate,". MPL 100/50/25% maxmium of 3 procedures. All add ons apply, and lesser of 100% of billed charges",4100,,,,,,,Case Rate,". MPL 100/50/25% all add ons apply, and lesser of 100% of billed charges",4923.38,,,,,,,Case Rate,". MPL 100/50/25% all add ons apply, and lesser of 100% of billed charges",4100,,,,,,,Case Rate,". MPL 100/50/25% all add ons apply, and lesser of 100% of billed charges",3813.3654,78,,,,,0,percent of total billed charges,78% of Billed Charges. Lesser of 100% of billed charges applies.; No services were performed during the 15 month look back period.,12574,,,,,,,Case Rate,". Primary procedure pays at 100%, all subsequent at 50%.",4100,,,,,,,Case Rate,". MPL 100/50/25% all add ons apply, and lesser of 100% of billed charges",4923.38,,,,,,,Case Rate,". MPL 100/50/25% all add ons apply, and lesser of 100% of billed charges",6487,,,,,,,Case Rate,". MPL 100/50/25% maxmium of 3 procedures. All add ons apply, and lesser of 100% of billed charges",,,,,,,,,"NA. ",3813.3654,78,,,,,0,percent of total billed charges,78% of Billed Charges. Lesser of 100% of billed charges applies.; No services were performed during the 15 month look back period.,1285.71,,,,,,,Case Rate,"100 Percent of Medicaid APG. ",3568.9189,73,,,,,0,percent of total billed charges,73 percent of billed charges; No services were performed during the 15 month look back period.,1285.71,,,,,,,Case Rate,"100 Percent of Medicaid APG. Not APG payable, or payable under another fee schedule like ASP/AWP pays at 30% of charges",283.85,,,,,,,Case Rate,"100%Medicare OPPS FS. ",283.85,,,,,,,Case Rate,"100% Medicare OPPS FS. ",25798,,,,,,,Case Rate,". MPL 100/75/50% all add ons apply, and lesser of 100% of billed charges",283.85,,,,,,,Case Rate,"100% Medicare OPPS FS. ",283.85,,,,,,,Case Rate,"100% Medicare OPPS FS. ",1285.71,,,,,,,Case Rate,"100 Percent of Medicaid APG. ",283.85,,,,,,,Case Rate,"100% Medicare OPPS FS. ",283.85,,,,,,,Case Rate,"100% Medicare OPPS FS. ",6593,,,,,,,Case Rate,". Primary procedure pays at 100%, secondary at 50%, all subsequent at 25%.  Lesser of applies when negotiated rates exceed charges less addons.",6593,,,,,,,Case Rate,". Primary procedure pays at 100%, secondary at 50%, all subsequent at 25%.  Lesser of applies when negotiated rates exceed charges less addons.",283.85,,,,,,,Case Rate,"100% Medicare OPPS FS. ",6487,,,,,,,Case Rate,". MPL 100/50/25% maxmium of 3 procedures. All add ons apply, and lesser of 100% of billed charges",4923.38,,,,,,,Case Rate,". MPL 100/50/25% all add ons apply, and lesser of 100% of billed charges",4923.38,,,,,,,Case Rate,". MPL 100/50/25% all add ons apply, and lesser of 100% of billed charges",283.85,,,,,,,Case Rate,"100% Medicare OPPS FS. ",6487,,,,,,,Case Rate,". MPL 100/50/25% maxmium of 3 procedures. All add ons apply, and lesser of 100% of billed charges",6593,,,,,,,Case Rate,". Primary procedure pays at 100%, secondary at 50%, all subsequent at 25%.  Lesser of applies when negotiated rates exceed charges less addons.",6593,,,,,,,Case Rate,". Primary procedure pays at 100%, secondary at 50%, all subsequent at 25%.  Lesser of applies when negotiated rates exceed charges less addons.",6593,,,,,,,Case Rate,". Primary procedure pays at 100%, secondary at 50%, all subsequent at 25%.  Lesser of applies when negotiated rates exceed charges less addons.",3813.3654,78,,,,,0,percent of total billed charges,78% of Billed Charges. Lesser of 100% of billed charges applies.; No services were performed during the 15 month look back period.,3813.3654,78,,,,,0,percent of total billed charges,78% of Billed Charges. Lesser of 100% of billed charges applies.; No services were performed during the 15 month look back period.,3813.3654,78,,,,,0,percent of total billed charges,78% of Billed Charges. Lesser of 100% of billed charges applies.; No services were performed during the 15 month look back period.,3813.3654,78,,,,,0,percent of total billed charges,78% of Billed Charges. Lesser of 100% of billed charges applies.; No services were performed during the 15 month look back period.,3813.3654,78,,,,,0,percent of total billed charges,78% of Billed Charges. Lesser of 100% of billed charges applies.; No services were performed during the 15 month look back period.,3813.3654,78,,,,,0,percent of total billed charges,78% of Billed Charges. Lesser of 100% of billed charges applies.; No services were performed during the 15 month look back period.,3813.3654,78,,,,,0,percent of total billed charges,78% of Billed Charges. Lesser of 100% of billed charges applies.; No services were performed during the 15 month look back period.,3813.3654,78,,,,,0,percent of total billed charges,78% of Billed Charges. Lesser of 100% of billed charges applies.; No services were performed during the 15 month look back period.,3813.3654,78,,,,,0,percent of total billed charges,78% of Billed Charges. Lesser of 100% of billed charges applies.; No services were performed during the 15 month look back period.,3813.3654,78,,,,,0,percent of total billed charges,78% of Billed Charges. Lesser of 100% of billed charges applies.; No services were performed during the 15 month look back period.,3813.3654,78,,,,,0,percent of total billed charges,78% of Billed Charges. Lesser of 100% of billed charges applies.; No services were performed during the 15 month look back period.,12574,,,,,,,Case Rate,". Primary procedure pays at 100%, all subsequent at 50%.",4100,,,,,,,Case Rate,". MPL 100/50/25% all add ons apply, and lesser of 100% of billed charges",6487,,,,,,,Case Rate,". MPL 100/50/25% maxmium of 3 procedures. All add ons apply, and lesser of 100% of billed charges",283.85,,,,,,,Case Rate,"100% Medicare OPPS FS. ",6593,,,,,,,Case Rate,". Primary procedure pays at 100%, secondary at 50%, all subsequent at 25%.  Lesser of applies when negotiated rates exceed charges less addons.",6487,,,,,,,Case Rate,". MPL 100/50/25% maxmium of 3 procedures. All add ons apply, and lesser of 100% of billed charges",6487,,,,,,,Case Rate,". MPL 100/50/25% maxmium of 3 procedures. All add ons apply, and lesser of 100% of billed charges",3813.3654,78,,,,,0,percent of total billed charges,78% of Billed Charges. Lesser of 100% of billed charges applies.; No services were performed during the 15 month look back period.,2751.42,,,,,,,Case Rate,"214 Percent of Medicaid APG. Drugs not priced under APG, billed with revenue code 636 and not priced by Medicare ASP FeeSched will be reimbursed at 20% of charges.",6487,,,,,,,Case Rate,". MPL 100/50/25% maxmium of 3 procedures. All add ons apply, and lesser of 100% of billed charges",1285.71,,,,,,,Case Rate,"100 Percent of Medicaid APG. ",283.85,,,,,,,Case Rate,"100% Medicare OPPS FS. ",283.85,,,,,,,Case Rate,"100% Medicare OPPS FS. ",283.85,,,,,,,Case Rate,"100% Medicare OPPS FS. ",283.85,,,,,,,Case Rate,"100% Medicare OPPS FS. ",283.85,,,,,,,Case Rate,"100% Medicare OPPS FS. ",283.85,,,,,,,Case Rate,"100% Medicare OPPS FS. ",6487,,,,,,,Case Rate,". MPL 100/50/25% maxmium of 3 procedures. All add ons apply, and lesser of 100% of billed charges",25798,,,,,,,Case Rate,". MPL 100/75/50% all add ons apply, and lesser of 100% of billed charges",2314.28,,,,,,,Fee Schedule,"180 Percent of Medicaid APG. ",2314.28,,,,,,,Fee Schedule,"180 Percent of Medicaid APG. ",2314.28,,,,,,,Fee Schedule,"180 Percent of Medicaid APG. ",2314.28,,,,,,,Fee Schedule,"180 Percent of Medicaid APG. ",2314.28,,,,,,,Fee Schedule,"180 Percent of Medicaid APG. ",,,,,,,,,"NA. ",25798,,,,,,,Case Rate,". MPL 100/75/50% all add ons apply, and lesser of 100% of billed charges",562.02,,,,,,,Case Rate,198 Percent of Medicare OPPS. Metroplus will reimburse unlisted codes and described codes with no Medicare rate at 50 percent of charges.,562.02,,,,,,,Case Rate,198 Percent of Medicare OPPS. Metroplus will reimburse unlisted codes and described codes with no Medicare rate at 50 percent of charges.,562.02,,,,,,,Case Rate,198 Percent of Medicare OPPS. Metroplus will reimburse unlisted codes and described codes with no Medicare rate at 50 percent of charges.,562.02,,,,,,,Case Rate,198 Percent of Medicare OPPS. Metroplus will reimburse unlisted codes and described codes with no Medicare rate at 50 percent of charges.,562.02,,,,,,,Case Rate,198 Percent of Medicare OPPS. Metroplus will reimburse unlisted codes and described codes with no Medicare rate at 50 percent of charges.,283.85,,,,,,,Case Rate,"100% Medicare OPPS FS. ",12574,,,,,,,Case Rate,". Primary procedure pays at 100%, all subsequent at 50%.",12574,,,,,,,Case Rate,". Primary procedure pays at 100%, all subsequent at 50%.",12574,,,,,,,Case Rate,". Primary procedure pays at 100%, all subsequent at 50%.",12574,,,,,,,Case Rate,". Primary procedure pays at 100%, all subsequent at 50%.",6593,,,,,,,Case Rate,". Primary procedure pays at 100%, secondary at 50%, all subsequent at 25%.  Lesser of applies when negotiated rates exceed charges less addons.",6593,,,,,,,Case Rate,". Primary procedure pays at 100%, secondary at 50%, all subsequent at 25%.  Lesser of applies when negotiated rates exceed charges less addons.",6593,,,,,,,Case Rate,". Primary procedure pays at 100%, secondary at 50%, all subsequent at 25%.  Lesser of applies when negotiated rates exceed charges less addons.",6593,,,,,,,Case Rate,". Primary procedure pays at 100%, secondary at 50%, all subsequent at 25%.  Lesser of applies when negotiated rates exceed charges less addons.",25798,,,,,,,Case Rate,". MPL 100/75/50% all add ons apply, and lesser of 100% of billed charges",25798,,,,,,,Case Rate,". MPL 100/75/50% all add ons apply, and lesser of 100% of billed charges",283.85,,,,,,,Case Rate,"100% Medicare OPPS FS. ",283.85,,,,,,,Case Rate,"100% Medicare OPPS FS. ",283.85,,,,,,,Case Rate,"100% Medicare OPPS FS. ",4100,,,,,,,Case Rate,". MPL 100/50/25% all add ons apply, and lesser of 100% of billed charges",4100,,,,,,,Case Rate,". MPL 100/50/25% all add ons apply, and lesser of 100% of billed charges",4100,,,,,,,Case Rate,". MPL 100/50/25% all add ons apply, and lesser of 100% of billed charges",25798,,,,,,,Case Rate,". MPL 100/75/50% all add ons apply, and lesser of 100% of billed charges",6593,,,,,,,Case Rate,". Primary procedure pays at 100%, secondary at 50%, all subsequent at 25%.  Lesser of applies when negotiated rates exceed charges less addons.",283.85,,,,,,,Case Rate,"100% Medicare OPPS FS. ",4100,,,,,,,Case Rate,". MPL 100/50/25% all add ons apply, and lesser of 100% of billed charges",1285.71,,,,,,,Case Rate,"100 Percent of Medicaid APG. ",289.53,,,,,,,Case Rate,"102% of Medicare OPPS. ",289.53,,,,,,,Case Rate,"102% of Medicare OPPS. ",289.53,,,,,,,Case Rate,"102% of Medicare OPPS. ",1285.71,,,,,,,Case rate,"100 Percent of Medicaid APG. ",2892.85,,,,,,,Case Rate,225% of NYS APG. Lesser of 100% of billed charges applies.,2892.85,,,,,,,Case Rate,225% of NYS APG. Lesser of 100% of billed charges applies.,2892.85,,,,,,,Case Rate,225% of NYS APG. Lesser of 100% of billed charges applies.,2892.85,,,,,,,Case Rate,225% of NYS APG. Lesser of 100% of billed charges applies.,2892.85,,,,,,,Case Rate,225% of NYS APG. Lesser of 100% of billed charges applies.,289.53,,,,,,,Case Rate,"102% of Medicare OPPS. ",1285.71,,,,,,,Case Rate,"100 Percent of Medicaid APG. ",132.04,,,,,,,Case Rate,100% of PAS. Lesser of 100% of billed charges applies.,2892.85,,,,,,,Case Rate,225% of NYS APG. Lesser of 100% of billed charges applies.,2892.85,,,,,,,Case Rate,225% of NYS APG. Lesser of 100% of billed charges applies.,132.04,,,,,,,Case Rate,100% of PAS. Lesser of 100% of billed charges applies.,132.04,,,,,,,Case Rate,100% of PAS. Lesser of 100% of billed charges applies.,2314.28,,,,,,,Fee Schedule,"180 Percent of Medicaid APG. ",283.85,,,,,,,Case Rate,"100% Medicare OPPS FS. ",283.85,,,,,,,Case Rate,"100% Medicare OPPS FS. ",6593,,,,,,,Case Rate,". Primary procedure pays at 100%, secondary at 50%, all subsequent at 25%.  Lesser of applies when negotiated rates exceed charges less addons.",283.85,,,,,,,Case Rate,"100% Medicare OPPS FS. ",2892.85,,,,,,,Case Rate,"225 Percent of Medicaid APG. ",2892.85,,,,,,,Case Rate,"225 Percent of Medicaid APG. ",1285.71,,,,,,,Case rate,"100 Percent of Medicaid APG. ",1285.71,,,,,,,Case rate,"100 Percent of Medicaid APG. ",2892.85,,,,,,,Case Rate,225 Percent of Medicaid APG. Covered services not payable under Medicaid Fee Schedules default to a payment of 87.5 percent of charges.,1285.71,,,,,,,Case rate,124 Percent of Medicaid APG. Covered services not payable under Medicaid Fee Schedules default to a payment of 50 percent of charges.,2892.85,,,,,,,Case Rate,"100 Percent of Medicaid APG. ",2892.85,,,,,,,Case Rate,"100 Percent of Medicaid APG. ",2892.85,,,,,,,Case Rate,"100 Percent of Medicaid APG. ",2892.85,,,,,,,Case Rate,"100 Percent of Medicaid APG. ",13453,,,,,,,Case Rate,". MPL 100/75/50% all add ons apply, and lesser of 100% of billed charges",25798,,,,,,,Case Rate,". MPL 100/75/50% all add ons apply, and lesser of 100% of billed charges",1542.85,,,,,,,Case Rate,"120 Percent of Medicaid APG. Not APG payable, or payable under another fee schedule like ASP/AWP pays at 30% of charges",1542.85,,,,,,,Case Rate,"120 Percent of Medicaid APG. Not APG payable, or payable under another fee schedule like ASP/AWP pays at 30% of charges",1285.71,,,,,,,Case Rate,"100 Percent of Medicaid APG. Not APG payable, or payable under another fee schedule like ASP/AWP pays at 30% of charges",1285.71,,,,,,,Case Rate,"100 Percent of Medicaid APG. Not APG payable, or payable under another fee schedule like ASP/AWP pays at 30% of charges",4100,,,,,,,Case Rate,". MPL 100/50/25% all add ons apply, and lesser of 100% of billed charges",4100,,,,,,,Case Rate,". MPL 100/50/25% all add ons apply, and lesser of 100% of billed charges",283.85,,,,,,,Case Rate,"100% Medicare OPPS FS. ",4100,,,,,,,Case Rate,". MPL 100/50/25% all add ons apply, and lesser of 100% of billed charges",4100,,,,,,,Case Rate,". MPL 100/50/25% all add ons apply, and lesser of 100% of billed charges",4100,,,,,,,Case Rate,". MPL 100/50/25% all add ons apply, and lesser of 100% of billed charges",4100,,,,,,,Case Rate,". MPL 100/50/25% all add ons apply, and lesser of 100% of billed charges",283.85,,,,,,,Case Rate,"100% Medicare OPPS FS. ",4100,,,,,,,Case Rate,". MPL 100/50/25% all add ons apply, and lesser of 100% of billed charges",4100,,,,,,,Case Rate,". MPL 100/50/25% all add ons apply, and lesser of 100% of billed charges",6593,,,,,,,Case Rate,". Primary procedure pays at 100%, secondary at 50%, all subsequent at 25%.  Lesser of applies when negotiated rates exceed charges less addons.",1285.71,,,,,,,Fee Schedule,100% APG. Lesser of 100% of billed charges applies.,1285.71,,,,,,,Case rate,124 Percent of Medicaid APG. Covered services not payable under Medicaid Fee Schedules default to a payment of 50 percent of charges.,2892.85,,,,,,,Case Rate,225% of NYS APG. Lesser of 100% of billed charges applies.,2892.85,,,,,,,Case Rate,225 Percent of Medicaid APG. Covered services not payable under Medicaid Fee Schedules default to a payment of 87.5 percent of charges.,1285.71,,,,,,,Case rate,124 Percent of Medicaid APG. Covered services not payable under Medicaid Fee Schedules default to a payment of 50 percent of charges.,2892.85,,,,,,,Case Rate,225% of NYS APG. Lesser of 100% of billed charges applies.,2892.85,,,,,,,Case Rate,225% of NYS APG. Lesser of 100% of billed charges applies.,2892.85,,,,,,,Case Rate,225% of NYS APG. Lesser of 100% of billed charges applies.,2892.85,,,,,,,Case Rate,225% of NYS APG. Lesser of 100% of billed charges applies.,2892.85,,,,,,,Case Rate,225% of NYS APG. Lesser of 100% of billed charges applies.,2892.85,,,,,,,Case Rate,225% of NYS APG. Lesser of 100% of billed charges applies.,,,,,,,,,"NA. ",,,,,,,,,"NA. ",,,,,,,,,"NA. ",6487,,,,,,,Case Rate,". MPL 100/50/25% maxmium of 3 procedures. All add ons apply, and lesser of 100% of billed charges",,,,,,,,,"NA. ",283.85,,,,,,,Case Rate,"100% Medicare OPPS FS. ",3681,,,,,,,Case Rate,". MPL 1st 100% of Payment Rate 50% of all others, all add ons apply, and lesser of 100% of billed charges.",283.85,,,,,,,Case Rate,"100% Medicare OPPS FS. ",283.85,,,,,,,Case Rate,"100% Medicare OPPS FS. ",1542.85,,,,,,,Case Rate,"120 Percent of Medicaid APG. Not APG payable, or payable under another fee schedule like ASP/AWP pays at 30% of charges",1542.85,,,,,,,Case Rate,"120 Percent of Medicaid APG. Not APG payable, or payable under another fee schedule like ASP/AWP pays at 30% of charges",1285.71,,,,,,,Case Rate,"100 Percent of Medicaid APG. Not APG payable, or payable under another fee schedule like ASP/AWP pays at 30% of charges",1285.71,,,,,,,Case Rate,"100 Percent of Medicaid APG. Not APG payable, or payable under another fee schedule like ASP/AWP pays at 30% of charges",1285.71,,,,,,,Case Rate,"100 Percent of Medicaid APG. ",3568.9189,73,,,,,0,percent of total billed charges,73 percent of billed charges; No services were performed during the 15 month look back period.,6593,,,,,,,Case Rate,". Primary procedure pays at 100%, secondary at 50%, all subsequent at 25%.  Lesser of applies when negotiated rates exceed charges less addons.",3568.9189,73,,,,,0,percent of total billed charges,73 percent of billed charges; No services were performed during the 15 month look back period.,6487,,,,,,,Case Rate,". MPL 100/50/25% maxmium of 3 procedures. All add ons apply, and lesser of 100% of billed charges",283.85,,,,,,,Case Rate,"100%Medicare OPPS FS. ",283.85,,,,,,,Case Rate,"100% Medicare OPPS FS. ",283.85,,,,,,,Case Rate,"100% Medicare OPPS FS. ",283.85,,,,,,,Case Rate,"100% Medicare OPPS FS. ",283.85,,,,,,,Case Rate,"100%Medicare OPPS FS. ",283.85,,,,,,,Case Rate,"100% Medicare OPPS FS. ",,,,,,,,,"NA. ",2892.85,,,,,,,Case Rate,225% of NYS APG. Lesser of 100% of billed charges applies.,132.04,,,,,,,Case Rate,100% of PAS. Lesser of 100% of billed charges applies.,4100,,,,,,,Case Rate,". MPL 100/50/25% all add ons apply, and lesser of 100% of billed charges",3568.9189,73,,,,,0,percent of total billed charges,73 percent of billed charges; No services were performed during the 15 month look back period.,3568.9189,73,,,,,0,percent of total billed charges,73 percent of billed charges; No services were performed during the 15 month look back period.,3568.9189,73,,,,,0,percent of total billed charges,73 percent of billed charges; No services were performed during the 15 month look back period.,3568.9189,73,,,,,0,percent of total billed charges,73 percent of billed charges; No services were performed during the 15 month look back period.,283.85,,,,,,,Case Rate,"100% Medicare OPPS FS. ",1285.71,,,,,,,Case Rate,"100 Percent of Medicaid APG. ",4100,,,,,,,Case Rate,". MPL 100/50/25% all add ons apply, and lesser of 100% of billed charges",1285.71,,,,,,,Case Rate,"100 Percent of Medicaid APG. ",283.85,,,,,,,Case Rate,"100% Medicare OPPS FS. ",1285.71,,,,,,,Case Rate,"100 Percent of Medicaid APG. ",283.85,,,,,,,Case Rate,"100% Medicare OPPS FS. ",283.85,,,,,,,Case Rate,"100% Medicare OPPS FS. ",1285.71,,,,,,,Case Rate,"100 Percent of Medicaid APG. ",1285.71,,,,,,,Case Rate,"100 Percent of Medicaid APG. ",3568.9189,73,,,,,0,percent of total billed charges,73 percent of billed charges; No services were performed during the 15 month look back period.,6487,,,,,,,Case Rate,". MPL 100/50/25% maxmium of 3 procedures. All add ons apply, and lesser of 100% of billed charges",3813.3654,78,,,,,0,percent of total billed charges,78% of Billed Charges. Lesser of 100% of billed charges applies.; No services were performed during the 15 month look back period.,4923.38,,,,,,,Case Rate,". MPL 100/50/25% all add ons apply, and lesser of 100% of billed charges",4923.38,,,,,,,Case Rate,". MPL 100/50/25% all add ons apply, and lesser of 100% of billed charges",6593,,,,,,,Case Rate,". Primary procedure pays at 100%, secondary at 50%, all subsequent at 25%.  Lesser of applies when negotiated rates exceed charges less addons.",283.85,,,,,,,Case Rate,"83% HF Fee schedule. ",12574,,,,,,,Case Rate,". Primary procedure pays at 100%, all subsequent at 50%.",12574,,,,,,,Case Rate,". Primary procedure pays at 100%, all subsequent at 50%.",3280,,,,,,,Case Rate,". MPL 100/50/25% all add ons apply, and lesser of 100% of billed charges",3280,,,,,,,Case Rate,". MPL 100/50/25% all add ons apply, and lesser of 100% of billed charges",283.85,,,,,,,Case Rate,"100% Medicare OPPS FS. ",283.85,,,,,,,Case Rate,"100% Medicare OPPS FS. ",283.85,,,,,,,Case Rate,"100% Medicare OPPS FS. ",283.85,,,,,,,Case Rate,"100% Medicare OPPS FS. ",4923.38,,,,,,,Case Rate,". MPL 100/50/25% all add ons apply, and lesser of 100% of billed charges",4100,,,,,,,Case Rate,". MPL 100/50/25% all add ons apply, and lesser of 100% of billed charges",4100,,,,,,,Case Rate,". MPL 100/50/25% all add ons apply, and lesser of 100% of billed charges",283.85,,,,,,,Case Rate,"100% Medicare OPPS FS. ",3280,,,,,,,Case Rate,". MPL 100/50/25% all add ons apply, and lesser of 100% of billed charges",3568.9189,73,,,,,0,percent of total billed charges,73 percent of billed charges; No services were performed during the 15 month look back period.,1542.85,,,,,,,Fee Schedule,"120 Percent of Medicaid APG. ",1285.71,,,,,,,Case Rate,"100 Percent of Medicaid APG. ",3568.9189,73,,,,,0,percent of total billed charges,73 percent of billed charges; No services were performed during the 15 month look back period.,3690,,,,,,,Case Rate,". MPL 100/50/25% all add ons apply, and lesser of 100% of billed charges",3690,,,,,,,Case Rate,". MPL 100/50/25% all add ons apply, and lesser of 100% of billed charges",4100,,,,,,,Case Rate,". MPL 100/50/25% all add ons apply, and lesser of 100% of billed charges",14948,,,,,,,Case Rate,". MPL 100/75/50% all add ons apply, and lesser of 100% of billed charges",283.85,,,,,,,Case Rate,"100%Medicare OPPS FS. ",1350,,,,,,,Fee Schedule,105 percent of Medicaid APG. otherwise 105% of Ordered NYS MCD FS or 105% of ASP+6%,1350,,,,,,,Fee Schedule,105 percent of Medicaid APG. otherwise 105% of Ordered NYS MCD FS or 105% of ASP+6%,1350,,,,,,,Fee Schedule,105 percent of Medicaid APG. otherwise 105% of Ordered NYS MCD FS or 105% of ASP+6%,1735.71,,,,,,,Fee Schedule,135 percent of Medicaid APG. otherwise 135% of Ordered NYS MCD FS or 135% of ASP+6%,4923.38,,,,,,,Case Rate,". MPL 100/50/25% all add ons apply, and lesser of 100% of billed charges",1350,,,,,,,Fee Schedule,105 percent of Medicaid APG. otherwise 105% of Ordered NYS MCD FS or 105% of ASP+6%,1350,,,,,,,Fee Schedule,105 percent of Medicaid APG. otherwise 105% of Ordered NYS MCD FS or 105% of ASP+6%,1350,,,,,,,Fee Schedule,105 percent of Medicaid APG. otherwise 105% of Ordered NYS MCD FS or 105% of ASP+6%,1350,,,,,,,Fee Schedule,105 percent of Medicaid APG. otherwise 105% of Ordered NYS MCD FS or 105% of ASP+6%,1350,,,,,,,Fee Schedule,105 percent of Medicaid APG. otherwise 105% of Ordered NYS MCD FS or 105% of ASP+6%,1735.71,,,,,,,Fee Schedule,135 percent of Medicaid APG. otherwise 135% of Ordered NYS MCD FS or 135% of ASP+6%,1735.71,,,,,,,Fee Schedule,135 percent of Medicaid APG. otherwise 135% of Ordered NYS MCD FS or 135% of ASP+6%,283.85,,,,,,,Case Rate,"100% Medicare OPPS FS. ",4923.38,,,,,,,Case Rate,". MPL 100/50/25% all add ons apply, and lesser of 100% of billed charges",283.85,,,,,,,Case Rate,"100% Medicare OPPS FS. ",1350,,,,,,,Fee Schedule,105 percent of Medicaid APG. otherwise 105% of Ordered NYS MCD FS or 105% of ASP+6%,4100,,,,,,,Case Rate,". MPL 100/50/25% all add ons apply, and lesser of 100% of billed charges",283.85,,,,,,,Case Rate,"100% Medicare OPPS FS. ",4100,,,,,,,Case Rate,". MPL 100/50/25% all add ons apply, and lesser of 100% of billed charges",4100,,,,,,,Case Rate,". MPL 100/50/25% all add ons apply, and lesser of 100% of billed charges",4100,,,,,,,Case Rate,". MPL 100/50/25% all add ons apply, and lesser of 100% of billed charges",1350,,,,,,,Fee Schedule,105 percent of Medicaid APG. otherwise 105% of Ordered NYS MCD FS or 105% of ASP+6%,283.85,,,,,,,Case Rate,"100% Medicare OPPS FS. ",4100,,,,,,,Case Rate,". MPL 100/50/25% all add ons apply, and lesser of 100% of billed charges",1735.71,,,,,,,Fee Schedule,135 percent of Medicaid APG. otherwise 135% of Ordered NYS MCD FS or 135% of ASP+6%,4100,,,,,,,Case Rate,". MPL 100/50/25% all add ons apply, and lesser of 100% of billed charges",9777.86,200,,,,,0,Case Rate,200% of Medicare OPPS. ; No services were performed during the 15 month look back period.,283.85,,,,,,,Case Rate,"100%Medicare OPPS FS. ",3568.9189,73,,,,,0,percent of total billed charges,73 percent of billed charges; No services were performed during the 15 month look back period.,3568.9189,73,,,,,0,percent of total billed charges,73 percent of billed charges; No services were performed during the 15 month look back period.,3568.9189,73,,,,,0,percent of total billed charges,73 percent of billed charges; No services were performed during the 15 month look back period.,3568.9189,73,,,,,0,percent of total billed charges,73 percent of billed charges; No services were performed during the 15 month look back period.,3568.9189,73,,,,,0,percent of total billed charges,73 percent of billed charges; No services were performed during the 15 month look back period.,3568.9189,73,,,,,0,percent of total billed charges,73 percent of billed charges; No services were performed during the 15 month look back period.,3568.9189,73,,,,,0,percent of total billed charges,73 percent of billed charges; No services were performed during the 15 month look back period.,3568.9189,73,,,,,0,percent of total billed charges,73 percent of billed charges; No services were performed during the 15 month look back period.,3568.9189,73,,,,,0,percent of total billed charges,73 percent of billed charges; No services were performed during the 15 month look back period.,3568.9189,73,,,,,0,percent of total billed charges,73 percent of billed charges; No services were performed during the 15 month look back period.,3568.9189,73,,,,,0,percent of total billed charges,73 percent of billed charges; No services were performed during the 15 month look back period.,3568.9189,73,,,,,0,percent of total billed charges,73 percent of billed charges; No services were performed during the 15 month look back period.,283.85,,,,,,,Case Rate,"100% Medicare OPPS FS. ",3568.9189,73,,,,,0,percent of total billed charges,73 percent of billed charges; No services were performed during the 15 month look back period.,283.85,,,,,,,Case Rate,"100% Medicare OPPS FS. ",2892.85,,,,,,,Case Rate,"225 Percent of Medicaid APG. If not included in Medicaid APG, then 100 Percent of Manhattan Medicare",1285.71,,,,,,,Case Rate,"100 Percent of Medicaid APG. ",4923.38,,,,,,,Case Rate,". MPL 100/50/25% all add ons apply, and lesser of 100% of billed charges",4923.38,,,,,,,Case Rate,". MPL 100/50/25% all add ons apply, and lesser of 100% of billed charges",283.85,,,,,,,Case Rate,"100% Medicare OPPS FS. ",12574,,,,,,,Case Rate,". Primary procedure pays at 100%, all subsequent at 50%.",283.85,,,,,,,Case Rate,"100% Medicare OPPS FS. ",283.85,,,,,,,Case Rate,"100% Medicare OPPS FS. ",6593,,,,,,,Case Rate,". Primary procedure pays at 100%, secondary at 50%, all subsequent at 25%.  Lesser of applies when negotiated rates exceed charges less addons.",283.85,,,,,,,Case Rate,"100% Medicare OPPS FS. ",6487,,,,,,,Case Rate,". MPL 100/50/25% maxmium of 3 procedures. All add ons apply, and lesser of 100% of billed charges",283.85,,,,,,,Case Rate,"100% Medicare OPPS FS. ",6487,,,,,,,Case Rate,". MPL 100/50/25% maxmium of 3 procedures. All add ons apply, and lesser of 100% of billed charges",6593,,,,,,,Case Rate,". Primary procedure pays at 100%, secondary at 50%, all subsequent at 25%.  Lesser of applies when negotiated rates exceed charges less addons.",6487,,,,,,,Case Rate,". MPL 100/50/25% maxmium of 3 procedures. All add ons apply, and lesser of 100% of billed charges",283.85,,,,,,,Case Rate,"100% Medicare OPPS FS. ",1285.71,,,,,,,Case Rate,"100 Percent of Medicaid APG. ",283.85,,,,,,,Case Rate,"100% Medicare OPPS FS. ",6487,,,,,,,Case Rate,". MPL 100/50/25% maxmium of 3 procedures. All add ons apply, and lesser of 100% of billed charges",4923.38,,,,,,,Case Rate,". MPL 100/50/25% all add ons apply, and lesser of 100% of billed charges",1285.71,,,,,,,Case Rate,"100 Percent of Medicaid APG. ",4100,,,,,,,Case Rate,". MPL 100/50/25% all add ons apply, and lesser of 100% of billed charges",1542.85,,,,,,,Fee Schedule,"120 Percent of Medicaid APG. ",1542.85,,,,,,,Fee Schedule,"120 Percent of Medicaid APG. ",4100,,,,,,,Case Rate,". MPL 100/50/25% all add ons apply, and lesser of 100% of billed charges",4100,,,,,,,Case Rate,". MPL 100/50/25% all add ons apply, and lesser of 100% of billed charges",4100,,,,,,,Case Rate,". MPL 100/50/25% all add ons apply, and lesser of 100% of billed charges",4923.38,,,,,,,Case Rate,". MPL 100/50/25% all add ons apply, and lesser of 100% of billed charges",4100,,,,,,,Case Rate,". MPL 100/50/25% all add ons apply, and lesser of 100% of billed charges",4100,,,,,,,Case Rate,". MPL 100/50/25% all add ons apply, and lesser of 100% of billed charges",4100,,,,,,,Case Rate,". MPL 100/50/25% all add ons apply, and lesser of 100% of billed charges",3568.9189,73,,,,,0,percent of total billed charges,73 percent of billed charges; No services were performed during the 15 month look back period.,3568.9189,73,,,,,0,percent of total billed charges,73 percent of billed charges; No services were performed during the 15 month look back period.,562.02,,,,,,,Case Rate,198 Percent of Medicare OPPS. Metroplus will reimburse unlisted codes and described codes with no Medicare rate at 50 percent of charges.,1285.71,,,,,,,Case Rate,"100 Percent of Medicaid APG. ",4923.38,,,,,,,Case Rate,". MPL 100/50/25% all add ons apply, and lesser of 100% of billed charges",6487,,,,,,,Case Rate,". MPL 100/50/25% maxmium of 3 procedures. All add ons apply, and lesser of 100% of billed charges",6593,,,,,,,Case Rate,". Primary procedure pays at 100%, secondary at 50%, all subsequent at 25%.  Lesser of applies when negotiated rates exceed charges less addons.",4923.38,,,,,,,Case Rate,". MPL 100/50/25% all add ons apply, and lesser of 100% of billed charges",6593,,,,,,,Case Rate,". Primary procedure pays at 100%, secondary at 50%, all subsequent at 25%.  Lesser of applies when negotiated rates exceed charges less addons.",4923.38,,,,,,,Case Rate,". MPL 100/50/25% all add ons apply, and lesser of 100% of billed charges",4100,,,,,,,Case Rate,". MPL 100/50/25% all add ons apply, and lesser of 100% of billed charges",4100,,,,,,,Case Rate,". MPL 100/50/25% all add ons apply, and lesser of 100% of billed charges",4100,,,,,,,Case Rate,". MPL 100/50/25% all add ons apply, and lesser of 100% of billed charges",4100,,,,,,,Case Rate,". MPL 100/50/25% all add ons apply, and lesser of 100% of billed charges",283.85,,,,,,,Case Rate,"100% Medicare OPPS FS. ",132.04,25798,
27618,CPT,,,490,RC,EXC LEG/ANKLE TUM < 3 CM,,,both,,,,5941,,,,,,,Case Rate,". MPL 1st 100% of Payment Rate 50% of all others, all add ons apply, and lesser of 100% of billed charges.",5941,,,,,,,Case Rate,". MPL 1st 100% of Payment Rate 50% of all others, all add ons apply, and lesser of 100% of billed charges.",8442,,,,,,,Case Rate,". Primary procedure pays at 100%, secondary at 50%, all subsequent at 25%.  Lesser of applies when negotiated rates exceed charges less addons.",,100,,,,,0,percent of total billed charges,100 percent of billed charges. ; No services were performed during the 15 month look back period.,1917.23,,,,,,,Case Rate,"100% Medicare OPPS FS. ",8442,,,,,,,Case Rate,". Primary procedure pays at 100%, secondary at 50%, all subsequent at 25%.  Lesser of applies when negotiated rates exceed charges less addons.",8442,,,,,,,Case Rate,". Primary procedure pays at 100%, secondary at 50%, all subsequent at 25%.  Lesser of applies when negotiated rates exceed charges less addons.",8442,,,,,,,Case Rate,". Primary procedure pays at 100%, secondary at 50%, all subsequent at 25%.  Lesser of applies when negotiated rates exceed charges less addons.",1765.8,,,,,,,Case Rate,"100 Percent of Medicaid APG. ",1471.5,,,,,,,Case Rate,"100 Percent of Medicaid APG. ",,78,,,,,0,percent of total billed charges,78% of Billed Charges. Lesser of 100% of billed charges applies.; No services were performed during the 15 month look back period.,8165.03,,,,,,,Case Rate,". MPL 100/50/25% all add ons apply, and lesser of 100% of billed charges",1471.5,,,,,,,Case Rate,"100 Percent of Medicaid APG. ",1917.23,,,,,,,Case Rate,"100% Medicare OPPS FS. ",6487,,,,,,,Case Rate,". MPL 100/50/25% maxmium of 3 procedures. All add ons apply, and lesser of 100% of billed charges",6487,,,,,,,Case Rate,". MPL 100/50/25% maxmium of 3 procedures. All add ons apply, and lesser of 100% of billed charges",6487,,,,,,,Case Rate,". MPL 100/50/25% maxmium of 3 procedures. All add ons apply, and lesser of 100% of billed charges",6487,,,,,,,Case Rate,". MPL 100/50/25% maxmium of 3 procedures. All add ons apply, and lesser of 100% of billed charges",1471.5,,,,,,,Case rate,124 Percent of Medicaid APG. Covered services not payable under Medicaid Fee Schedules default to a payment of 50 percent of charges.,1917.23,,,,,,,Case Rate,"100% Medicare OPPS FS. ",1471.5,,,,,,,Case rate,124 Percent of Medicaid APG. Covered services not payable under Medicaid Fee Schedules default to a payment of 50 percent of charges.,,78,,,,,0,percent of total billed charges,78% of Billed Charges. Lesser of 100% of billed charges applies.; No services were performed during the 15 month look back period.,8442,,,,,,,Case Rate,". Primary procedure pays at 100%, secondary at 50%, all subsequent at 25%.  Lesser of applies when negotiated rates exceed charges less addons.",1917.23,,,,,,,Case Rate,"100%Medicare OPPS FS. ",8427,,,,,,,Case Rate,". Primary procedure pays at 100%, all subsequent at 50%.",1917.23,,,,,,,Case Rate,"100%Medicare OPPS FS. ",1917.23,,,,,,,Case Rate,"100%Medicare OPPS FS. ",,78,,,,,0,percent of total billed charges,78% of Billed Charges. Lesser of 100% of billed charges applies.; No services were performed during the 15 month look back period.,623.12,,,,,,,Case Rate,100% of PAS. Lesser of 100% of billed charges applies.,623.12,,,,,,,Case Rate,100% of PAS. Lesser of 100% of billed charges applies.,1471.5,,,,,,,Case rate,"100 Percent of Medicaid APG. ",1471.5,,,,,,,Case rate,"100 Percent of Medicaid APG. ",8427,,,,,,,Case Rate,". Primary procedure pays at 100%, all subsequent at 50%.",8427,,,,,,,Case Rate,". Primary procedure pays at 100%, all subsequent at 50%.",1471.5,,,,,,,Case Rate,"100 Percent of Medicaid APG. Not APG payable, or payable under another fee schedule like ASP/AWP pays at 30% of charges",8427,,,,,,,Case Rate,". Primary procedure pays at 100%, all subsequent at 50%.",1471.5,,,,,,,Case Rate,"100 Percent of Medicaid APG. Not APG payable, or payable under another fee schedule like ASP/AWP pays at 30% of charges",1917.23,,,,,,,Case Rate,"100%Medicare OPPS FS. ",8427,,,,,,,Case Rate,". Primary procedure pays at 100%, all subsequent at 50%.",,78,,,,,0,percent of total billed charges,78% of Billed Charges. Lesser of 100% of billed charges applies.; No services were performed during the 15 month look back period.,1471.5,,,,,,,Case Rate,"100 Percent of Medicaid APG. ",1471.5,,,,,,,Case Rate,"100 Percent of Medicaid APG. ",,78,,,,,0,percent of total billed charges,78% of Billed Charges. Lesser of 100% of billed charges applies.; No services were performed during the 15 month look back period.,6487,,,,,,,Case Rate,". MPL 100/50/25% maxmium of 3 procedures. All add ons apply, and lesser of 100% of billed charges",6377,,,,,,,Case Rate,". MPL 100/50/25% all add ons apply, and lesser of 100% of billed charges",6377,,,,,,,Case Rate,". MPL 100/50/25% all add ons apply, and lesser of 100% of billed charges",,78,,,,,0,percent of total billed charges,78% of Billed Charges. Lesser of 100% of billed charges applies.; No services were performed during the 15 month look back period.,1917.23,,,,,,,Case Rate,"100% Medicare OPPS FS. ",8165.03,,,,,,,Case Rate,". MPL 100/50/25% all add ons apply, and lesser of 100% of billed charges",8165.03,,,,,,,Case Rate,". MPL 100/50/25% all add ons apply, and lesser of 100% of billed charges",8165.03,,,,,,,Case Rate,". MPL 100/50/25% all add ons apply, and lesser of 100% of billed charges",1917.23,,,,,,,Case Rate,"100% Medicare OPPS FS. ",8165.03,,,,,,,Case Rate,". MPL 100/50/25% all add ons apply, and lesser of 100% of billed charges",8165.03,,,,,,,Case Rate,". MPL 100/50/25% all add ons apply, and lesser of 100% of billed charges",1917.23,,,,,,,Case Rate,"100% of Medicare OPPS. ",25798,,,,,,,Case Rate,". MPL 100/75/50% all add ons apply, and lesser of 100% of billed charges",10351,,,,,,,Case Rate,". MPL 100/50/25% all add ons apply, and lesser of 100% of billed charges",10351,,,,,,,Case Rate,". MPL 100/50/25% all add ons apply, and lesser of 100% of billed charges",10351,,,,,,,Case Rate,". MPL 100/50/25% all add ons apply, and lesser of 100% of billed charges",10351,,,,,,,Case Rate,". MPL 100/50/25% all add ons apply, and lesser of 100% of billed charges",10351,,,,,,,Case Rate,". MPL 100/50/25% all add ons apply, and lesser of 100% of billed charges",10351,,,,,,,Case Rate,". MPL 100/50/25% all add ons apply, and lesser of 100% of billed charges",1917.23,,,,,,,Case Rate,"100% Medicare OPPS FS. ",1917.23,,,,,,,Case Rate,"100% Medicare OPPS FS. ",10351,,,,,,,Case Rate,". MPL 100/50/25% all add ons apply, and lesser of 100% of billed charges",,78,,,,,0,percent of total billed charges,78% of Billed Charges. Lesser of 100% of billed charges applies.; No services were performed during the 15 month look back period.,,78,,,,,0,percent of total billed charges,78% of Billed Charges. Lesser of 100% of billed charges applies.; No services were performed during the 15 month look back period.,,78,,,,,0,percent of total billed charges,78% of Billed Charges. Lesser of 100% of billed charges applies.; No services were performed during the 15 month look back period.,,78,,,,,0,percent of total billed charges,78% of Billed Charges. Lesser of 100% of billed charges applies.; No services were performed during the 15 month look back period.,,78,,,,,0,percent of total billed charges,78% of Billed Charges. Lesser of 100% of billed charges applies.; No services were performed during the 15 month look back period.,,78,,,,,0,percent of total billed charges,78% of Billed Charges. Lesser of 100% of billed charges applies.; No services were performed during the 15 month look back period.,,78,,,,,0,percent of total billed charges,78% of Billed Charges. Lesser of 100% of billed charges applies.; No services were performed during the 15 month look back period.,,78,,,,,0,percent of total billed charges,78% of Billed Charges. Lesser of 100% of billed charges applies.; No services were performed during the 15 month look back period.,,78,,,,,0,percent of total billed charges,78% of Billed Charges. Lesser of 100% of billed charges applies.; No services were performed during the 15 month look back period.,,78,,,,,0,percent of total billed charges,78% of Billed Charges. Lesser of 100% of billed charges applies.; No services were performed during the 15 month look back period.,,78,,,,,0,percent of total billed charges,78% of Billed Charges. Lesser of 100% of billed charges applies.; No services were performed during the 15 month look back period.,,78,,,,,0,percent of total billed charges,78% of Billed Charges. Lesser of 100% of billed charges applies.; No services were performed during the 15 month look back period.,,78,,,,,0,percent of total billed charges,78% of Billed Charges. Lesser of 100% of billed charges applies.; No services were performed during the 15 month look back period.,,78,,,,,0,percent of total billed charges,78% of Billed Charges. Lesser of 100% of billed charges applies.; No services were performed during the 15 month look back period.,,78,,,,,0,percent of total billed charges,78% of Billed Charges. Lesser of 100% of billed charges applies.; No services were performed during the 15 month look back period.,,78,,,,,0,percent of total billed charges,78% of Billed Charges. Lesser of 100% of billed charges applies.; No services were performed during the 15 month look back period.,,78,,,,,0,percent of total billed charges,78% of Billed Charges. Lesser of 100% of billed charges applies.; No services were performed during the 15 month look back period.,,78,,,,,0,percent of total billed charges,78% of Billed Charges. Lesser of 100% of billed charges applies.; No services were performed during the 15 month look back period.,,78,,,,,0,percent of total billed charges,78% of Billed Charges. Lesser of 100% of billed charges applies.; No services were performed during the 15 month look back period.,,78,,,,,0,percent of total billed charges,78% of Billed Charges. Lesser of 100% of billed charges applies.; No services were performed during the 15 month look back period.,,78,,,,,0,percent of total billed charges,78% of Billed Charges. Lesser of 100% of billed charges applies.; No services were performed during the 15 month look back period.,,78,,,,,0,percent of total billed charges,78% of Billed Charges. Lesser of 100% of billed charges applies.; No services were performed during the 15 month look back period.,,78,,,,,0,percent of total billed charges,78% of Billed Charges. Lesser of 100% of billed charges applies.; No services were performed during the 15 month look back period.,,78,,,,,0,percent of total billed charges,78% of Billed Charges. Lesser of 100% of billed charges applies.; No services were performed during the 15 month look back period.,,78,,,,,0,percent of total billed charges,78% of Billed Charges. Lesser of 100% of billed charges applies.; No services were performed during the 15 month look back period.,,78,,,,,0,percent of total billed charges,78% of Billed Charges. Lesser of 100% of billed charges applies.; No services were performed during the 15 month look back period.,8427,,,,,,,Case Rate,". Primary procedure pays at 100%, all subsequent at 50%.",8427,,,,,,,Case Rate,". Primary procedure pays at 100%, all subsequent at 50%.",8427,,,,,,,Case Rate,". Primary procedure pays at 100%, all subsequent at 50%.",8427,,,,,,,Case Rate,". Primary procedure pays at 100%, all subsequent at 50%.",12574,,,,,,,Case Rate,". Primary procedure pays at 100%, all subsequent at 50%.",12574,,,,,,,Case Rate,". Primary procedure pays at 100%, all subsequent at 50%.",6487,,,,,,,Case Rate,". MPL 100/50/25% maxmium of 3 procedures. All add ons apply, and lesser of 100% of billed charges",10351,,,,,,,Case Rate,". MPL 100/50/25% all add ons apply, and lesser of 100% of billed charges",8165.03,,,,,,,Case Rate,". MPL 100/50/25% all add ons apply, and lesser of 100% of billed charges",10351,,,,,,,Case Rate,". MPL 100/50/25% all add ons apply, and lesser of 100% of billed charges",,78,,,,,0,percent of total billed charges,78% of Billed Charges. Lesser of 100% of billed charges applies.; No services were performed during the 15 month look back period.,12574,,,,,,,Case Rate,". Primary procedure pays at 100%, all subsequent at 50%.",10351,,,,,,,Case Rate,". MPL 100/50/25% all add ons apply, and lesser of 100% of billed charges",8165.03,,,,,,,Case Rate,". MPL 100/50/25% all add ons apply, and lesser of 100% of billed charges",6487,,,,,,,Case Rate,". MPL 100/50/25% maxmium of 3 procedures. All add ons apply, and lesser of 100% of billed charges",,,,,,,,,"NA. ",,78,,,,,0,percent of total billed charges,78% of Billed Charges. Lesser of 100% of billed charges applies.; No services were performed during the 15 month look back period.,1471.5,,,,,,,Case Rate,"100 Percent of Medicaid APG. ",8427,,,,,,,Case Rate,". Primary procedure pays at 100%, all subsequent at 50%.",1471.5,,,,,,,Case Rate,"100 Percent of Medicaid APG. Not APG payable, or payable under another fee schedule like ASP/AWP pays at 30% of charges",1917.23,,,,,,,Case Rate,"100%Medicare OPPS FS. ",1917.23,,,,,,,Case Rate,"100% Medicare OPPS FS. ",25798,,,,,,,Case Rate,". MPL 100/75/50% all add ons apply, and lesser of 100% of billed charges",1917.23,,,,,,,Case Rate,"100% Medicare OPPS FS. ",1917.23,,,,,,,Case Rate,"100% Medicare OPPS FS. ",1471.5,,,,,,,Case Rate,"100 Percent of Medicaid APG. ",1917.23,,,,,,,Case Rate,"100% Medicare OPPS FS. ",1917.23,,,,,,,Case Rate,"100% Medicare OPPS FS. ",8442,,,,,,,Case Rate,". Primary procedure pays at 100%, secondary at 50%, all subsequent at 25%.  Lesser of applies when negotiated rates exceed charges less addons.",8442,,,,,,,Case Rate,". Primary procedure pays at 100%, secondary at 50%, all subsequent at 25%.  Lesser of applies when negotiated rates exceed charges less addons.",1917.23,,,,,,,Case Rate,"100% Medicare OPPS FS. ",6487,,,,,,,Case Rate,". MPL 100/50/25% maxmium of 3 procedures. All add ons apply, and lesser of 100% of billed charges",8165.03,,,,,,,Case Rate,". MPL 100/50/25% all add ons apply, and lesser of 100% of billed charges",8165.03,,,,,,,Case Rate,". MPL 100/50/25% all add ons apply, and lesser of 100% of billed charges",1917.23,,,,,,,Case Rate,"100% Medicare OPPS FS. ",6487,,,,,,,Case Rate,". MPL 100/50/25% maxmium of 3 procedures. All add ons apply, and lesser of 100% of billed charges",8442,,,,,,,Case Rate,". Primary procedure pays at 100%, secondary at 50%, all subsequent at 25%.  Lesser of applies when negotiated rates exceed charges less addons.",8442,,,,,,,Case Rate,". Primary procedure pays at 100%, secondary at 50%, all subsequent at 25%.  Lesser of applies when negotiated rates exceed charges less addons.",8442,,,,,,,Case Rate,". Primary procedure pays at 100%, secondary at 50%, all subsequent at 25%.  Lesser of applies when negotiated rates exceed charges less addons.",,78,,,,,0,percent of total billed charges,78% of Billed Charges. Lesser of 100% of billed charges applies.; No services were performed during the 15 month look back period.,,78,,,,,0,percent of total billed charges,78% of Billed Charges. Lesser of 100% of billed charges applies.; No services were performed during the 15 month look back period.,,78,,,,,0,percent of total billed charges,78% of Billed Charges. Lesser of 100% of billed charges applies.; No services were performed during the 15 month look back period.,,78,,,,,0,percent of total billed charges,78% of Billed Charges. Lesser of 100% of billed charges applies.; No services were performed during the 15 month look back period.,,78,,,,,0,percent of total billed charges,78% of Billed Charges. Lesser of 100% of billed charges applies.; No services were performed during the 15 month look back period.,,78,,,,,0,percent of total billed charges,78% of Billed Charges. Lesser of 100% of billed charges applies.; No services were performed during the 15 month look back period.,,78,,,,,0,percent of total billed charges,78% of Billed Charges. Lesser of 100% of billed charges applies.; No services were performed during the 15 month look back period.,,78,,,,,0,percent of total billed charges,78% of Billed Charges. Lesser of 100% of billed charges applies.; No services were performed during the 15 month look back period.,,78,,,,,0,percent of total billed charges,78% of Billed Charges. Lesser of 100% of billed charges applies.; No services were performed during the 15 month look back period.,,78,,,,,0,percent of total billed charges,78% of Billed Charges. Lesser of 100% of billed charges applies.; No services were performed during the 15 month look back period.,,78,,,,,0,percent of total billed charges,78% of Billed Charges. Lesser of 100% of billed charges applies.; No services were performed during the 15 month look back period.,12574,,,,,,,Case Rate,". Primary procedure pays at 100%, all subsequent at 50%.",10351,,,,,,,Case Rate,". MPL 100/50/25% all add ons apply, and lesser of 100% of billed charges",6487,,,,,,,Case Rate,". MPL 100/50/25% maxmium of 3 procedures. All add ons apply, and lesser of 100% of billed charges",1917.23,,,,,,,Case Rate,"100% Medicare OPPS FS. ",8442,,,,,,,Case Rate,". Primary procedure pays at 100%, secondary at 50%, all subsequent at 25%.  Lesser of applies when negotiated rates exceed charges less addons.",6487,,,,,,,Case Rate,". MPL 100/50/25% maxmium of 3 procedures. All add ons apply, and lesser of 100% of billed charges",6487,,,,,,,Case Rate,". MPL 100/50/25% maxmium of 3 procedures. All add ons apply, and lesser of 100% of billed charges",,78,,,,,0,percent of total billed charges,78% of Billed Charges. Lesser of 100% of billed charges applies.; No services were performed during the 15 month look back period.,3149.02,,,,,,,Case Rate,"214 Percent of Medicaid APG. Drugs not priced under APG, billed with revenue code 636 and not priced by Medicare ASP FeeSched will be reimbursed at 20% of charges.",6487,,,,,,,Case Rate,". MPL 100/50/25% maxmium of 3 procedures. All add ons apply, and lesser of 100% of billed charges",1471.5,,,,,,,Case Rate,"100 Percent of Medicaid APG. ",1917.23,,,,,,,Case Rate,"100% Medicare OPPS FS. ",1917.23,,,,,,,Case Rate,"100% Medicare OPPS FS. ",1917.23,,,,,,,Case Rate,"100% Medicare OPPS FS. ",1917.23,,,,,,,Case Rate,"100% Medicare OPPS FS. ",1917.23,,,,,,,Case Rate,"100% Medicare OPPS FS. ",1917.23,,,,,,,Case Rate,"100% Medicare OPPS FS. ",6487,,,,,,,Case Rate,". MPL 100/50/25% maxmium of 3 procedures. All add ons apply, and lesser of 100% of billed charges",25798,,,,,,,Case Rate,". MPL 100/75/50% all add ons apply, and lesser of 100% of billed charges",2648.71,,,,,,,Fee Schedule,"180 Percent of Medicaid APG. ",2648.71,,,,,,,Fee Schedule,"180 Percent of Medicaid APG. ",2648.71,,,,,,,Fee Schedule,"180 Percent of Medicaid APG. ",2648.71,,,,,,,Fee Schedule,"180 Percent of Medicaid APG. ",2648.71,,,,,,,Fee Schedule,"180 Percent of Medicaid APG. ",,,,,,,,,"NA. ",25798,,,,,,,Case Rate,". MPL 100/75/50% all add ons apply, and lesser of 100% of billed charges",3796.12,,,,,,,Case Rate,198 Percent of Medicare OPPS. Metroplus will reimburse unlisted codes and described codes with no Medicare rate at 50 percent of charges.,3796.12,,,,,,,Case Rate,198 Percent of Medicare OPPS. Metroplus will reimburse unlisted codes and described codes with no Medicare rate at 50 percent of charges.,3796.12,,,,,,,Case Rate,198 Percent of Medicare OPPS. Metroplus will reimburse unlisted codes and described codes with no Medicare rate at 50 percent of charges.,3796.12,,,,,,,Case Rate,198 Percent of Medicare OPPS. Metroplus will reimburse unlisted codes and described codes with no Medicare rate at 50 percent of charges.,3796.12,,,,,,,Case Rate,198 Percent of Medicare OPPS. Metroplus will reimburse unlisted codes and described codes with no Medicare rate at 50 percent of charges.,1917.23,,,,,,,Case Rate,"100% Medicare OPPS FS. ",12574,,,,,,,Case Rate,". Primary procedure pays at 100%, all subsequent at 50%.",12574,,,,,,,Case Rate,". Primary procedure pays at 100%, all subsequent at 50%.",12574,,,,,,,Case Rate,". Primary procedure pays at 100%, all subsequent at 50%.",12574,,,,,,,Case Rate,". Primary procedure pays at 100%, all subsequent at 50%.",8442,,,,,,,Case Rate,". Primary procedure pays at 100%, secondary at 50%, all subsequent at 25%.  Lesser of applies when negotiated rates exceed charges less addons.",8442,,,,,,,Case Rate,". Primary procedure pays at 100%, secondary at 50%, all subsequent at 25%.  Lesser of applies when negotiated rates exceed charges less addons.",8442,,,,,,,Case Rate,". Primary procedure pays at 100%, secondary at 50%, all subsequent at 25%.  Lesser of applies when negotiated rates exceed charges less addons.",8442,,,,,,,Case Rate,". Primary procedure pays at 100%, secondary at 50%, all subsequent at 25%.  Lesser of applies when negotiated rates exceed charges less addons.",25798,,,,,,,Case Rate,". MPL 100/75/50% all add ons apply, and lesser of 100% of billed charges",25798,,,,,,,Case Rate,". MPL 100/75/50% all add ons apply, and lesser of 100% of billed charges",1917.23,,,,,,,Case Rate,"100% Medicare OPPS FS. ",1917.23,,,,,,,Case Rate,"100% Medicare OPPS FS. ",1917.23,,,,,,,Case Rate,"100% Medicare OPPS FS. ",10351,,,,,,,Case Rate,". MPL 100/50/25% all add ons apply, and lesser of 100% of billed charges",10351,,,,,,,Case Rate,". MPL 100/50/25% all add ons apply, and lesser of 100% of billed charges",10351,,,,,,,Case Rate,". MPL 100/50/25% all add ons apply, and lesser of 100% of billed charges",25798,,,,,,,Case Rate,". MPL 100/75/50% all add ons apply, and lesser of 100% of billed charges",8442,,,,,,,Case Rate,". Primary procedure pays at 100%, secondary at 50%, all subsequent at 25%.  Lesser of applies when negotiated rates exceed charges less addons.",1917.23,,,,,,,Case Rate,"100% Medicare OPPS FS. ",10351,,,,,,,Case Rate,". MPL 100/50/25% all add ons apply, and lesser of 100% of billed charges",1471.5,,,,,,,Case Rate,"100 Percent of Medicaid APG. ",1955.57,,,,,,,Case Rate,"102% of Medicare OPPS. ",1955.57,,,,,,,Case Rate,"102% of Medicare OPPS. ",1955.57,,,,,,,Case Rate,"102% of Medicare OPPS. ",1471.5,,,,,,,Case rate,"100 Percent of Medicaid APG. ",3310.88,,,,,,,Case Rate,225% of NYS APG. Lesser of 100% of billed charges applies.,3310.88,,,,,,,Case Rate,225% of NYS APG. Lesser of 100% of billed charges applies.,3310.88,,,,,,,Case Rate,225% of NYS APG. Lesser of 100% of billed charges applies.,3310.88,,,,,,,Case Rate,225% of NYS APG. Lesser of 100% of billed charges applies.,3310.88,,,,,,,Case Rate,225% of NYS APG. Lesser of 100% of billed charges applies.,1955.57,,,,,,,Case Rate,"102% of Medicare OPPS. ",1471.5,,,,,,,Case Rate,"100 Percent of Medicaid APG. ",623.12,,,,,,,Case Rate,100% of PAS. Lesser of 100% of billed charges applies.,3310.88,,,,,,,Case Rate,225% of NYS APG. Lesser of 100% of billed charges applies.,3310.88,,,,,,,Case Rate,225% of NYS APG. Lesser of 100% of billed charges applies.,623.12,,,,,,,Case Rate,100% of PAS. Lesser of 100% of billed charges applies.,623.12,,,,,,,Case Rate,100% of PAS. Lesser of 100% of billed charges applies.,2648.71,,,,,,,Fee Schedule,"180 Percent of Medicaid APG. ",1917.23,,,,,,,Case Rate,"100% Medicare OPPS FS. ",1917.23,,,,,,,Case Rate,"100% Medicare OPPS FS. ",8442,,,,,,,Case Rate,". Primary procedure pays at 100%, secondary at 50%, all subsequent at 25%.  Lesser of applies when negotiated rates exceed charges less addons.",1917.23,,,,,,,Case Rate,"100% Medicare OPPS FS. ",3310.88,,,,,,,Case Rate,"225 Percent of Medicaid APG. ",3310.88,,,,,,,Case Rate,"225 Percent of Medicaid APG. ",1471.5,,,,,,,Case rate,"100 Percent of Medicaid APG. ",1471.5,,,,,,,Case rate,"100 Percent of Medicaid APG. ",3310.88,,,,,,,Case Rate,225 Percent of Medicaid APG. Covered services not payable under Medicaid Fee Schedules default to a payment of 87.5 percent of charges.,1471.5,,,,,,,Case rate,124 Percent of Medicaid APG. Covered services not payable under Medicaid Fee Schedules default to a payment of 50 percent of charges.,3310.88,,,,,,,Case Rate,"100 Percent of Medicaid APG. ",3310.88,,,,,,,Case Rate,"100 Percent of Medicaid APG. ",3310.88,,,,,,,Case Rate,"100 Percent of Medicaid APG. ",3310.88,,,,,,,Case Rate,"100 Percent of Medicaid APG. ",13453,,,,,,,Case Rate,". MPL 100/75/50% all add ons apply, and lesser of 100% of billed charges",25798,,,,,,,Case Rate,". MPL 100/75/50% all add ons apply, and lesser of 100% of billed charges",1765.8,,,,,,,Case Rate,"120 Percent of Medicaid APG. Not APG payable, or payable under another fee schedule like ASP/AWP pays at 30% of charges",1765.8,,,,,,,Case Rate,"120 Percent of Medicaid APG. Not APG payable, or payable under another fee schedule like ASP/AWP pays at 30% of charges",1471.5,,,,,,,Case Rate,"100 Percent of Medicaid APG. Not APG payable, or payable under another fee schedule like ASP/AWP pays at 30% of charges",1471.5,,,,,,,Case Rate,"100 Percent of Medicaid APG. Not APG payable, or payable under another fee schedule like ASP/AWP pays at 30% of charges",10351,,,,,,,Case Rate,". MPL 100/50/25% all add ons apply, and lesser of 100% of billed charges",10351,,,,,,,Case Rate,". MPL 100/50/25% all add ons apply, and lesser of 100% of billed charges",1917.23,,,,,,,Case Rate,"100% Medicare OPPS FS. ",10351,,,,,,,Case Rate,". MPL 100/50/25% all add ons apply, and lesser of 100% of billed charges",10351,,,,,,,Case Rate,". MPL 100/50/25% all add ons apply, and lesser of 100% of billed charges",10351,,,,,,,Case Rate,". MPL 100/50/25% all add ons apply, and lesser of 100% of billed charges",10351,,,,,,,Case Rate,". MPL 100/50/25% all add ons apply, and lesser of 100% of billed charges",1917.23,,,,,,,Case Rate,"100% Medicare OPPS FS. ",10351,,,,,,,Case Rate,". MPL 100/50/25% all add ons apply, and lesser of 100% of billed charges",10351,,,,,,,Case Rate,". MPL 100/50/25% all add ons apply, and lesser of 100% of billed charges",8442,,,,,,,Case Rate,". Primary procedure pays at 100%, secondary at 50%, all subsequent at 25%.  Lesser of applies when negotiated rates exceed charges less addons.",1471.5,,,,,,,Fee Schedule,100% APG. Lesser of 100% of billed charges applies.,1471.5,,,,,,,Case rate,124 Percent of Medicaid APG. Covered services not payable under Medicaid Fee Schedules default to a payment of 50 percent of charges.,3310.88,,,,,,,Case Rate,225% of NYS APG. Lesser of 100% of billed charges applies.,3310.88,,,,,,,Case Rate,225 Percent of Medicaid APG. Covered services not payable under Medicaid Fee Schedules default to a payment of 87.5 percent of charges.,1471.5,,,,,,,Case rate,124 Percent of Medicaid APG. Covered services not payable under Medicaid Fee Schedules default to a payment of 50 percent of charges.,3310.88,,,,,,,Case Rate,225% of NYS APG. Lesser of 100% of billed charges applies.,3310.88,,,,,,,Case Rate,225% of NYS APG. Lesser of 100% of billed charges applies.,3310.88,,,,,,,Case Rate,225% of NYS APG. Lesser of 100% of billed charges applies.,3310.88,,,,,,,Case Rate,225% of NYS APG. Lesser of 100% of billed charges applies.,3310.88,,,,,,,Case Rate,225% of NYS APG. Lesser of 100% of billed charges applies.,3310.88,,,,,,,Case Rate,225% of NYS APG. Lesser of 100% of billed charges applies.,,,,,,,,,"NA. ",,,,,,,,,"NA. ",,,,,,,,,"NA. ",6487,,,,,,,Case Rate,". MPL 100/50/25% maxmium of 3 procedures. All add ons apply, and lesser of 100% of billed charges",,,,,,,,,"NA. ",1917.23,,,,,,,Case Rate,"100% Medicare OPPS FS. ",5941,,,,,,,Case Rate,". MPL 1st 100% of Payment Rate 50% of all others, all add ons apply, and lesser of 100% of billed charges.",1917.23,,,,,,,Case Rate,"100% Medicare OPPS FS. ",1917.23,,,,,,,Case Rate,"100% Medicare OPPS FS. ",1765.8,,,,,,,Case Rate,"120 Percent of Medicaid APG. Not APG payable, or payable under another fee schedule like ASP/AWP pays at 30% of charges",1765.8,,,,,,,Case Rate,"120 Percent of Medicaid APG. Not APG payable, or payable under another fee schedule like ASP/AWP pays at 30% of charges",1471.5,,,,,,,Case Rate,"100 Percent of Medicaid APG. Not APG payable, or payable under another fee schedule like ASP/AWP pays at 30% of charges",1471.5,,,,,,,Case Rate,"100 Percent of Medicaid APG. Not APG payable, or payable under another fee schedule like ASP/AWP pays at 30% of charges",1471.5,,,,,,,Case Rate,"100 Percent of Medicaid APG. ",7163,,,,,,,Case Rate,". ",8442,,,,,,,Case Rate,". Primary procedure pays at 100%, secondary at 50%, all subsequent at 25%.  Lesser of applies when negotiated rates exceed charges less addons.",8427,,,,,,,Case Rate,". Primary procedure pays at 100%, all subsequent at 50%.",6487,,,,,,,Case Rate,". MPL 100/50/25% maxmium of 3 procedures. All add ons apply, and lesser of 100% of billed charges",1917.23,,,,,,,Case Rate,"100%Medicare OPPS FS. ",1917.23,,,,,,,Case Rate,"100% Medicare OPPS FS. ",1917.23,,,,,,,Case Rate,"100% Medicare OPPS FS. ",1917.23,,,,,,,Case Rate,"100% Medicare OPPS FS. ",1917.23,,,,,,,Case Rate,"100%Medicare OPPS FS. ",1917.23,,,,,,,Case Rate,"100% Medicare OPPS FS. ",,,,,,,,,"NA. ",3310.88,,,,,,,Case Rate,225% of NYS APG. Lesser of 100% of billed charges applies.,623.12,,,,,,,Case Rate,100% of PAS. Lesser of 100% of billed charges applies.,10351,,,,,,,Case Rate,". MPL 100/50/25% all add ons apply, and lesser of 100% of billed charges",7163,,,,,,,Case Rate,". ",7163,,,,,,,Case Rate,". ",7163,,,,,,,Case Rate,". ",7163,,,,,,,Case Rate,". ",1917.23,,,,,,,Case Rate,"100% Medicare OPPS FS. ",1471.5,,,,,,,Case Rate,"100 Percent of Medicaid APG. ",10351,,,,,,,Case Rate,". MPL 100/50/25% all add ons apply, and lesser of 100% of billed charges",1471.5,,,,,,,Case Rate,"100 Percent of Medicaid APG. ",1917.23,,,,,,,Case Rate,"100% Medicare OPPS FS. ",1471.5,,,,,,,Case Rate,"100 Percent of Medicaid APG. ",1917.23,,,,,,,Case Rate,"100% Medicare OPPS FS. ",1917.23,,,,,,,Case Rate,"100% Medicare OPPS FS. ",1471.5,,,,,,,Case Rate,"100 Percent of Medicaid APG. ",1471.5,,,,,,,Case Rate,"100 Percent of Medicaid APG. ",7163,,,,,,,Case Rate,". ",6487,,,,,,,Case Rate,". MPL 100/50/25% maxmium of 3 procedures. All add ons apply, and lesser of 100% of billed charges",,78,,,,,0,percent of total billed charges,78% of Billed Charges. Lesser of 100% of billed charges applies.; No services were performed during the 15 month look back period.,8165.03,,,,,,,Case Rate,". MPL 100/50/25% all add ons apply, and lesser of 100% of billed charges",8165.03,,,,,,,Case Rate,". MPL 100/50/25% all add ons apply, and lesser of 100% of billed charges",8442,,,,,,,Case Rate,". Primary procedure pays at 100%, secondary at 50%, all subsequent at 25%.  Lesser of applies when negotiated rates exceed charges less addons.",680.11,,,,,,,Case Rate,"83% HF Fee schedule. ",12574,,,,,,,Case Rate,". Primary procedure pays at 100%, all subsequent at 50%.",12574,,,,,,,Case Rate,". Primary procedure pays at 100%, all subsequent at 50%.",8281,,,,,,,Case Rate,". MPL 100/50/25% all add ons apply, and lesser of 100% of billed charges",8281,,,,,,,Case Rate,". MPL 100/50/25% all add ons apply, and lesser of 100% of billed charges",1917.23,,,,,,,Case Rate,"100% Medicare OPPS FS. ",1917.23,,,,,,,Case Rate,"100% Medicare OPPS FS. ",1917.23,,,,,,,Case Rate,"100% Medicare OPPS FS. ",1917.23,,,,,,,Case Rate,"100% Medicare OPPS FS. ",8165.03,,,,,,,Case Rate,". MPL 100/50/25% all add ons apply, and lesser of 100% of billed charges",10351,,,,,,,Case Rate,". MPL 100/50/25% all add ons apply, and lesser of 100% of billed charges",10351,,,,,,,Case Rate,". MPL 100/50/25% all add ons apply, and lesser of 100% of billed charges",1917.23,,,,,,,Case Rate,"100% Medicare OPPS FS. ",8281,,,,,,,Case Rate,". MPL 100/50/25% all add ons apply, and lesser of 100% of billed charges",8427,,,,,,,Case Rate,". Primary procedure pays at 100%, all subsequent at 50%.",1765.8,,,,,,,Fee Schedule,"120 Percent of Medicaid APG. ",1471.5,,,,,,,Case Rate,"100 Percent of Medicaid APG. ",7163,,,,,,,Case Rate,". ",9316,,,,,,,Case Rate,". MPL 100/50/25% all add ons apply, and lesser of 100% of billed charges",9316,,,,,,,Case Rate,". MPL 100/50/25% all add ons apply, and lesser of 100% of billed charges",10351,,,,,,,Case Rate,". MPL 100/50/25% all add ons apply, and lesser of 100% of billed charges",14948,,,,,,,Case Rate,". MPL 100/75/50% all add ons apply, and lesser of 100% of billed charges",1917.23,,,,,,,Case Rate,"100%Medicare OPPS FS. ",1545.08,,,,,,,Fee Schedule,105 percent of Medicaid APG. otherwise 105% of Ordered NYS MCD FS or 105% of ASP+6%,1545.08,,,,,,,Fee Schedule,105 percent of Medicaid APG. otherwise 105% of Ordered NYS MCD FS or 105% of ASP+6%,1545.08,,,,,,,Fee Schedule,105 percent of Medicaid APG. otherwise 105% of Ordered NYS MCD FS or 105% of ASP+6%,1986.53,,,,,,,Fee Schedule,135 percent of Medicaid APG. otherwise 135% of Ordered NYS MCD FS or 135% of ASP+6%,8165.03,,,,,,,Case Rate,". MPL 100/50/25% all add ons apply, and lesser of 100% of billed charges",1545.08,,,,,,,Fee Schedule,105 percent of Medicaid APG. otherwise 105% of Ordered NYS MCD FS or 105% of ASP+6%,1545.08,,,,,,,Fee Schedule,105 percent of Medicaid APG. otherwise 105% of Ordered NYS MCD FS or 105% of ASP+6%,1545.08,,,,,,,Fee Schedule,105 percent of Medicaid APG. otherwise 105% of Ordered NYS MCD FS or 105% of ASP+6%,1545.08,,,,,,,Fee Schedule,105 percent of Medicaid APG. otherwise 105% of Ordered NYS MCD FS or 105% of ASP+6%,1545.08,,,,,,,Fee Schedule,105 percent of Medicaid APG. otherwise 105% of Ordered NYS MCD FS or 105% of ASP+6%,1986.53,,,,,,,Fee Schedule,135 percent of Medicaid APG. otherwise 135% of Ordered NYS MCD FS or 135% of ASP+6%,1986.53,,,,,,,Fee Schedule,135 percent of Medicaid APG. otherwise 135% of Ordered NYS MCD FS or 135% of ASP+6%,1917.23,,,,,,,Case Rate,"100% Medicare OPPS FS. ",8165.03,,,,,,,Case Rate,". MPL 100/50/25% all add ons apply, and lesser of 100% of billed charges",1917.23,,,,,,,Case Rate,"100% Medicare OPPS FS. ",1545.08,,,,,,,Fee Schedule,105 percent of Medicaid APG. otherwise 105% of Ordered NYS MCD FS or 105% of ASP+6%,10351,,,,,,,Case Rate,". MPL 100/50/25% all add ons apply, and lesser of 100% of billed charges",1917.23,,,,,,,Case Rate,"100% Medicare OPPS FS. ",10351,,,,,,,Case Rate,". MPL 100/50/25% all add ons apply, and lesser of 100% of billed charges",10351,,,,,,,Case Rate,". MPL 100/50/25% all add ons apply, and lesser of 100% of billed charges",10351,,,,,,,Case Rate,". MPL 100/50/25% all add ons apply, and lesser of 100% of billed charges",1545.08,,,,,,,Fee Schedule,105 percent of Medicaid APG. otherwise 105% of Ordered NYS MCD FS or 105% of ASP+6%,1917.23,,,,,,,Case Rate,"100% Medicare OPPS FS. ",10351,,,,,,,Case Rate,". MPL 100/50/25% all add ons apply, and lesser of 100% of billed charges",1986.53,,,,,,,Fee Schedule,135 percent of Medicaid APG. otherwise 135% of Ordered NYS MCD FS or 135% of ASP+6%,10351,,,,,,,Case Rate,". MPL 100/50/25% all add ons apply, and lesser of 100% of billed charges",,200,,,,,0,Case Rate,200% of Medicare OPPS. ; No services were performed during the 15 month look back period.,1917.23,,,,,,,Case Rate,"100%Medicare OPPS FS. ",7163,,,,,,,Case Rate,". ",7163,,,,,,,Case Rate,". ",7163,,,,,,,Case Rate,". ",7163,,,,,,,Case Rate,". ",7163,,,,,,,Case Rate,". ",8427,,,,,,,Case Rate,". Primary procedure pays at 100%, all subsequent at 50%.",8427,,,,,,,Case Rate,". Primary procedure pays at 100%, all subsequent at 50%.",7163,,,,,,,Case Rate,". ",7163,,,,,,,Case Rate,". ",7163,,,,,,,Case Rate,". ",7163,,,,,,,Case Rate,". ",7163,,,,,,,Case Rate,". ",1917.23,,,,,,,Case Rate,"100% Medicare OPPS FS. ",8427,,,,,,,Case Rate,". Primary procedure pays at 100%, all subsequent at 50%.",1917.23,,,,,,,Case Rate,"100% Medicare OPPS FS. ",3310.88,,,,,,,Case Rate,"225 Percent of Medicaid APG. If not included in Medicaid APG, then 100 Percent of Manhattan Medicare",1471.5,,,,,,,Case Rate,"100 Percent of Medicaid APG. ",8165.03,,,,,,,Case Rate,". MPL 100/50/25% all add ons apply, and lesser of 100% of billed charges",8165.03,,,,,,,Case Rate,". MPL 100/50/25% all add ons apply, and lesser of 100% of billed charges",1917.23,,,,,,,Case Rate,"100% Medicare OPPS FS. ",12574,,,,,,,Case Rate,". Primary procedure pays at 100%, all subsequent at 50%.",1917.23,,,,,,,Case Rate,"100% Medicare OPPS FS. ",1917.23,,,,,,,Case Rate,"100% Medicare OPPS FS. ",8442,,,,,,,Case Rate,". Primary procedure pays at 100%, secondary at 50%, all subsequent at 25%.  Lesser of applies when negotiated rates exceed charges less addons.",1917.23,,,,,,,Case Rate,"100% Medicare OPPS FS. ",6487,,,,,,,Case Rate,". MPL 100/50/25% maxmium of 3 procedures. All add ons apply, and lesser of 100% of billed charges",1917.23,,,,,,,Case Rate,"100% Medicare OPPS FS. ",6487,,,,,,,Case Rate,". MPL 100/50/25% maxmium of 3 procedures. All add ons apply, and lesser of 100% of billed charges",8442,,,,,,,Case Rate,". Primary procedure pays at 100%, secondary at 50%, all subsequent at 25%.  Lesser of applies when negotiated rates exceed charges less addons.",6487,,,,,,,Case Rate,". MPL 100/50/25% maxmium of 3 procedures. All add ons apply, and lesser of 100% of billed charges",1917.23,,,,,,,Case Rate,"100% Medicare OPPS FS. ",1471.5,,,,,,,Case Rate,"100 Percent of Medicaid APG. ",1917.23,,,,,,,Case Rate,"100% Medicare OPPS FS. ",6487,,,,,,,Case Rate,". MPL 100/50/25% maxmium of 3 procedures. All add ons apply, and lesser of 100% of billed charges",8165.03,,,,,,,Case Rate,". MPL 100/50/25% all add ons apply, and lesser of 100% of billed charges",1471.5,,,,,,,Case Rate,"100 Percent of Medicaid APG. ",10351,,,,,,,Case Rate,". MPL 100/50/25% all add ons apply, and lesser of 100% of billed charges",1765.8,,,,,,,Fee Schedule,"120 Percent of Medicaid APG. ",1765.8,,,,,,,Fee Schedule,"120 Percent of Medicaid APG. ",10351,,,,,,,Case Rate,". MPL 100/50/25% all add ons apply, and lesser of 100% of billed charges",10351,,,,,,,Case Rate,". MPL 100/50/25% all add ons apply, and lesser of 100% of billed charges",10351,,,,,,,Case Rate,". MPL 100/50/25% all add ons apply, and lesser of 100% of billed charges",8165.03,,,,,,,Case Rate,". MPL 100/50/25% all add ons apply, and lesser of 100% of billed charges",10351,,,,,,,Case Rate,". MPL 100/50/25% all add ons apply, and lesser of 100% of billed charges",10351,,,,,,,Case Rate,". MPL 100/50/25% all add ons apply, and lesser of 100% of billed charges",10351,,,,,,,Case Rate,". MPL 100/50/25% all add ons apply, and lesser of 100% of billed charges",7163,,,,,,,Case Rate,". ",7163,,,,,,,Case Rate,". ",3796.12,,,,,,,Case Rate,198 Percent of Medicare OPPS. Metroplus will reimburse unlisted codes and described codes with no Medicare rate at 50 percent of charges.,1471.5,,,,,,,Case Rate,"100 Percent of Medicaid APG. ",8165.03,,,,,,,Case Rate,". MPL 100/50/25% all add ons apply, and lesser of 100% of billed charges",6487,,,,,,,Case Rate,". MPL 100/50/25% maxmium of 3 procedures. All add ons apply, and lesser of 100% of billed charges",8442,,,,,,,Case Rate,". Primary procedure pays at 100%, secondary at 50%, all subsequent at 25%.  Lesser of applies when negotiated rates exceed charges less addons.",8165.03,,,,,,,Case Rate,". MPL 100/50/25% all add ons apply, and lesser of 100% of billed charges",8442,,,,,,,Case Rate,". Primary procedure pays at 100%, secondary at 50%, all subsequent at 25%.  Lesser of applies when negotiated rates exceed charges less addons.",8165.03,,,,,,,Case Rate,". MPL 100/50/25% all add ons apply, and lesser of 100% of billed charges",10351,,,,,,,Case Rate,". MPL 100/50/25% all add ons apply, and lesser of 100% of billed charges",10351,,,,,,,Case Rate,". MPL 100/50/25% all add ons apply, and lesser of 100% of billed charges",10351,,,,,,,Case Rate,". MPL 100/50/25% all add ons apply, and lesser of 100% of billed charges",10351,,,,,,,Case Rate,". MPL 100/50/25% all add ons apply, and lesser of 100% of billed charges",1917.23,,,,,,,Case Rate,"100% Medicare OPPS FS. ",623.12,25798,
27620,CPT,,,490,RC,EXPLORE/TREAT ANKLE JOINT,,,both,,,,8539,,,,,,,Case Rate,". MPL 1st 100% of Payment Rate 50% of all others, all add ons apply, and lesser of 100% of billed charges.",8539,,,,,,,Case Rate,". MPL 1st 100% of Payment Rate 50% of all others, all add ons apply, and lesser of 100% of billed charges.",11080,,,,,,,Case Rate,". Primary procedure pays at 100%, secondary at 50%, all subsequent at 25%.  Lesser of applies when negotiated rates exceed charges less addons.",,100,,,,,0,percent of total billed charges,100 percent of billed charges. ; No services were performed during the 15 month look back period.,3839.35,,,,,,,Case Rate,"100% Medicare OPPS FS. ",11080,,,,,,,Case Rate,". Primary procedure pays at 100%, secondary at 50%, all subsequent at 25%.  Lesser of applies when negotiated rates exceed charges less addons.",11080,,,,,,,Case Rate,". Primary procedure pays at 100%, secondary at 50%, all subsequent at 25%.  Lesser of applies when negotiated rates exceed charges less addons.",11080,,,,,,,Case Rate,". Primary procedure pays at 100%, secondary at 50%, all subsequent at 25%.  Lesser of applies when negotiated rates exceed charges less addons.",2798.63,,,,,,,Case Rate,"100 Percent of Medicaid APG. ",2332.19,,,,,,,Case Rate,"100 Percent of Medicaid APG. ",,78,,,,,0,percent of total billed charges,78% of Billed Charges. Lesser of 100% of billed charges applies.; No services were performed during the 15 month look back period.,10978.39,,,,,,,Case Rate,". MPL 100/50/25% all add ons apply, and lesser of 100% of billed charges",2332.19,,,,,,,Case Rate,"100 Percent of Medicaid APG. ",3839.35,,,,,,,Case Rate,"100% Medicare OPPS FS. ",6487,,,,,,,Case Rate,". MPL 100/50/25% maxmium of 3 procedures. All add ons apply, and lesser of 100% of billed charges",6487,,,,,,,Case Rate,". MPL 100/50/25% maxmium of 3 procedures. All add ons apply, and lesser of 100% of billed charges",6487,,,,,,,Case Rate,". MPL 100/50/25% maxmium of 3 procedures. All add ons apply, and lesser of 100% of billed charges",6487,,,,,,,Case Rate,". MPL 100/50/25% maxmium of 3 procedures. All add ons apply, and lesser of 100% of billed charges",2332.19,,,,,,,Case rate,124 Percent of Medicaid APG. Covered services not payable under Medicaid Fee Schedules default to a payment of 50 percent of charges.,3839.35,,,,,,,Case Rate,"100% Medicare OPPS FS. ",2332.19,,,,,,,Case rate,124 Percent of Medicaid APG. Covered services not payable under Medicaid Fee Schedules default to a payment of 50 percent of charges.,,78,,,,,0,percent of total billed charges,78% of Billed Charges. Lesser of 100% of billed charges applies.; No services were performed during the 15 month look back period.,11080,,,,,,,Case Rate,". Primary procedure pays at 100%, secondary at 50%, all subsequent at 25%.  Lesser of applies when negotiated rates exceed charges less addons.",3839.35,,,,,,,Case Rate,"100%Medicare OPPS FS. ",8427,,,,,,,Case Rate,". Primary procedure pays at 100%, all subsequent at 50%.",3839.35,,,,,,,Case Rate,"100%Medicare OPPS FS. ",3839.35,,,,,,,Case Rate,"100%Medicare OPPS FS. ",,78,,,,,0,percent of total billed charges,78% of Billed Charges. Lesser of 100% of billed charges applies.; No services were performed during the 15 month look back period.,1431.23,,,,,,,Case Rate,100% of PAS. Lesser of 100% of billed charges applies.,1431.23,,,,,,,Case Rate,100% of PAS. Lesser of 100% of billed charges applies.,2332.19,,,,,,,Case rate,"100 Percent of Medicaid APG. ",2332.19,,,,,,,Case rate,"100 Percent of Medicaid APG. ",8427,,,,,,,Case Rate,". Primary procedure pays at 100%, all subsequent at 50%.",8427,,,,,,,Case Rate,". Primary procedure pays at 100%, all subsequent at 50%.",2332.19,,,,,,,Case Rate,"100 Percent of Medicaid APG. Not APG payable, or payable under another fee schedule like ASP/AWP pays at 30% of charges",8427,,,,,,,Case Rate,". Primary procedure pays at 100%, all subsequent at 50%.",2332.19,,,,,,,Case Rate,"100 Percent of Medicaid APG. Not APG payable, or payable under another fee schedule like ASP/AWP pays at 30% of charges",3839.35,,,,,,,Case Rate,"100%Medicare OPPS FS. ",8427,,,,,,,Case Rate,". Primary procedure pays at 100%, all subsequent at 50%.",,78,,,,,0,percent of total billed charges,78% of Billed Charges. Lesser of 100% of billed charges applies.; No services were performed during the 15 month look back period.,2332.19,,,,,,,Case Rate,"100 Percent of Medicaid APG. ",2332.19,,,,,,,Case Rate,"100 Percent of Medicaid APG. ",,78,,,,,0,percent of total billed charges,78% of Billed Charges. Lesser of 100% of billed charges applies.; No services were performed during the 15 month look back period.,6487,,,,,,,Case Rate,". MPL 100/50/25% maxmium of 3 procedures. All add ons apply, and lesser of 100% of billed charges",9645,,,,,,,Case Rate,". MPL 100/50/25% all add ons apply, and lesser of 100% of billed charges",9645,,,,,,,Case Rate,". MPL 100/50/25% all add ons apply, and lesser of 100% of billed charges",,78,,,,,0,percent of total billed charges,78% of Billed Charges. Lesser of 100% of billed charges applies.; No services were performed during the 15 month look back period.,3839.35,,,,,,,Case Rate,"100% Medicare OPPS FS. ",10978.39,,,,,,,Case Rate,". MPL 100/50/25% all add ons apply, and lesser of 100% of billed charges",10978.39,,,,,,,Case Rate,". MPL 100/50/25% all add ons apply, and lesser of 100% of billed charges",10978.39,,,,,,,Case Rate,". MPL 100/50/25% all add ons apply, and lesser of 100% of billed charges",3839.35,,,,,,,Case Rate,"100% Medicare OPPS FS. ",10978.39,,,,,,,Case Rate,". MPL 100/50/25% all add ons apply, and lesser of 100% of billed charges",10978.39,,,,,,,Case Rate,". MPL 100/50/25% all add ons apply, and lesser of 100% of billed charges",3839.35,,,,,,,Case Rate,"100% of Medicare OPPS. ",25798,,,,,,,Case Rate,". MPL 100/75/50% all add ons apply, and lesser of 100% of billed charges",13586,,,,,,,Case Rate,". MPL 100/50/25% all add ons apply, and lesser of 100% of billed charges",13586,,,,,,,Case Rate,". MPL 100/50/25% all add ons apply, and lesser of 100% of billed charges",13586,,,,,,,Case Rate,". MPL 100/50/25% all add ons apply, and lesser of 100% of billed charges",13586,,,,,,,Case Rate,". MPL 100/50/25% all add ons apply, and lesser of 100% of billed charges",13586,,,,,,,Case Rate,". MPL 100/50/25% all add ons apply, and lesser of 100% of billed charges",13586,,,,,,,Case Rate,". MPL 100/50/25% all add ons apply, and lesser of 100% of billed charges",3839.35,,,,,,,Case Rate,"100% Medicare OPPS FS. ",3839.35,,,,,,,Case Rate,"100% Medicare OPPS FS. ",13586,,,,,,,Case Rate,". MPL 100/50/25% all add ons apply, and lesser of 100% of billed charges",,78,,,,,0,percent of total billed charges,78% of Billed Charges. Lesser of 100% of billed charges applies.; No services were performed during the 15 month look back period.,,78,,,,,0,percent of total billed charges,78% of Billed Charges. Lesser of 100% of billed charges applies.; No services were performed during the 15 month look back period.,,78,,,,,0,percent of total billed charges,78% of Billed Charges. Lesser of 100% of billed charges applies.; No services were performed during the 15 month look back period.,,78,,,,,0,percent of total billed charges,78% of Billed Charges. Lesser of 100% of billed charges applies.; No services were performed during the 15 month look back period.,,78,,,,,0,percent of total billed charges,78% of Billed Charges. Lesser of 100% of billed charges applies.; No services were performed during the 15 month look back period.,,78,,,,,0,percent of total billed charges,78% of Billed Charges. Lesser of 100% of billed charges applies.; No services were performed during the 15 month look back period.,,78,,,,,0,percent of total billed charges,78% of Billed Charges. Lesser of 100% of billed charges applies.; No services were performed during the 15 month look back period.,,78,,,,,0,percent of total billed charges,78% of Billed Charges. Lesser of 100% of billed charges applies.; No services were performed during the 15 month look back period.,,78,,,,,0,percent of total billed charges,78% of Billed Charges. Lesser of 100% of billed charges applies.; No services were performed during the 15 month look back period.,,78,,,,,0,percent of total billed charges,78% of Billed Charges. Lesser of 100% of billed charges applies.; No services were performed during the 15 month look back period.,,78,,,,,0,percent of total billed charges,78% of Billed Charges. Lesser of 100% of billed charges applies.; No services were performed during the 15 month look back period.,,78,,,,,0,percent of total billed charges,78% of Billed Charges. Lesser of 100% of billed charges applies.; No services were performed during the 15 month look back period.,,78,,,,,0,percent of total billed charges,78% of Billed Charges. Lesser of 100% of billed charges applies.; No services were performed during the 15 month look back period.,,78,,,,,0,percent of total billed charges,78% of Billed Charges. Lesser of 100% of billed charges applies.; No services were performed during the 15 month look back period.,,78,,,,,0,percent of total billed charges,78% of Billed Charges. Lesser of 100% of billed charges applies.; No services were performed during the 15 month look back period.,,78,,,,,0,percent of total billed charges,78% of Billed Charges. Lesser of 100% of billed charges applies.; No services were performed during the 15 month look back period.,,78,,,,,0,percent of total billed charges,78% of Billed Charges. Lesser of 100% of billed charges applies.; No services were performed during the 15 month look back period.,,78,,,,,0,percent of total billed charges,78% of Billed Charges. Lesser of 100% of billed charges applies.; No services were performed during the 15 month look back period.,,78,,,,,0,percent of total billed charges,78% of Billed Charges. Lesser of 100% of billed charges applies.; No services were performed during the 15 month look back period.,,78,,,,,0,percent of total billed charges,78% of Billed Charges. Lesser of 100% of billed charges applies.; No services were performed during the 15 month look back period.,,78,,,,,0,percent of total billed charges,78% of Billed Charges. Lesser of 100% of billed charges applies.; No services were performed during the 15 month look back period.,,78,,,,,0,percent of total billed charges,78% of Billed Charges. Lesser of 100% of billed charges applies.; No services were performed during the 15 month look back period.,,78,,,,,0,percent of total billed charges,78% of Billed Charges. Lesser of 100% of billed charges applies.; No services were performed during the 15 month look back period.,,78,,,,,0,percent of total billed charges,78% of Billed Charges. Lesser of 100% of billed charges applies.; No services were performed during the 15 month look back period.,,78,,,,,0,percent of total billed charges,78% of Billed Charges. Lesser of 100% of billed charges applies.; No services were performed during the 15 month look back period.,,78,,,,,0,percent of total billed charges,78% of Billed Charges. Lesser of 100% of billed charges applies.; No services were performed during the 15 month look back period.,8427,,,,,,,Case Rate,". Primary procedure pays at 100%, all subsequent at 50%.",8427,,,,,,,Case Rate,". Primary procedure pays at 100%, all subsequent at 50%.",8427,,,,,,,Case Rate,". Primary procedure pays at 100%, all subsequent at 50%.",8427,,,,,,,Case Rate,". Primary procedure pays at 100%, all subsequent at 50%.",12574,,,,,,,Case Rate,". Primary procedure pays at 100%, all subsequent at 50%.",12574,,,,,,,Case Rate,". Primary procedure pays at 100%, all subsequent at 50%.",6487,,,,,,,Case Rate,". MPL 100/50/25% maxmium of 3 procedures. All add ons apply, and lesser of 100% of billed charges",13586,,,,,,,Case Rate,". MPL 100/50/25% all add ons apply, and lesser of 100% of billed charges",10978.39,,,,,,,Case Rate,". MPL 100/50/25% all add ons apply, and lesser of 100% of billed charges",13586,,,,,,,Case Rate,". MPL 100/50/25% all add ons apply, and lesser of 100% of billed charges",,78,,,,,0,percent of total billed charges,78% of Billed Charges. Lesser of 100% of billed charges applies.; No services were performed during the 15 month look back period.,12574,,,,,,,Case Rate,". Primary procedure pays at 100%, all subsequent at 50%.",13586,,,,,,,Case Rate,". MPL 100/50/25% all add ons apply, and lesser of 100% of billed charges",10978.39,,,,,,,Case Rate,". MPL 100/50/25% all add ons apply, and lesser of 100% of billed charges",6487,,,,,,,Case Rate,". MPL 100/50/25% maxmium of 3 procedures. All add ons apply, and lesser of 100% of billed charges",,,,,,,,,"NA. ",,78,,,,,0,percent of total billed charges,78% of Billed Charges. Lesser of 100% of billed charges applies.; No services were performed during the 15 month look back period.,2332.19,,,,,,,Case Rate,"100 Percent of Medicaid APG. ",8427,,,,,,,Case Rate,". Primary procedure pays at 100%, all subsequent at 50%.",2332.19,,,,,,,Case Rate,"100 Percent of Medicaid APG. Not APG payable, or payable under another fee schedule like ASP/AWP pays at 30% of charges",3839.35,,,,,,,Case Rate,"100%Medicare OPPS FS. ",3839.35,,,,,,,Case Rate,"100% Medicare OPPS FS. ",25798,,,,,,,Case Rate,". MPL 100/75/50% all add ons apply, and lesser of 100% of billed charges",3839.35,,,,,,,Case Rate,"100% Medicare OPPS FS. ",3839.35,,,,,,,Case Rate,"100% Medicare OPPS FS. ",2332.19,,,,,,,Case Rate,"100 Percent of Medicaid APG. ",3839.35,,,,,,,Case Rate,"100% Medicare OPPS FS. ",3839.35,,,,,,,Case Rate,"100% Medicare OPPS FS. ",11080,,,,,,,Case Rate,". Primary procedure pays at 100%, secondary at 50%, all subsequent at 25%.  Lesser of applies when negotiated rates exceed charges less addons.",11080,,,,,,,Case Rate,". Primary procedure pays at 100%, secondary at 50%, all subsequent at 25%.  Lesser of applies when negotiated rates exceed charges less addons.",3839.35,,,,,,,Case Rate,"100% Medicare OPPS FS. ",6487,,,,,,,Case Rate,". MPL 100/50/25% maxmium of 3 procedures. All add ons apply, and lesser of 100% of billed charges",10978.39,,,,,,,Case Rate,". MPL 100/50/25% all add ons apply, and lesser of 100% of billed charges",10978.39,,,,,,,Case Rate,". MPL 100/50/25% all add ons apply, and lesser of 100% of billed charges",3839.35,,,,,,,Case Rate,"100% Medicare OPPS FS. ",6487,,,,,,,Case Rate,". MPL 100/50/25% maxmium of 3 procedures. All add ons apply, and lesser of 100% of billed charges",11080,,,,,,,Case Rate,". Primary procedure pays at 100%, secondary at 50%, all subsequent at 25%.  Lesser of applies when negotiated rates exceed charges less addons.",11080,,,,,,,Case Rate,". Primary procedure pays at 100%, secondary at 50%, all subsequent at 25%.  Lesser of applies when negotiated rates exceed charges less addons.",11080,,,,,,,Case Rate,". Primary procedure pays at 100%, secondary at 50%, all subsequent at 25%.  Lesser of applies when negotiated rates exceed charges less addons.",,78,,,,,0,percent of total billed charges,78% of Billed Charges. Lesser of 100% of billed charges applies.; No services were performed during the 15 month look back period.,,78,,,,,0,percent of total billed charges,78% of Billed Charges. Lesser of 100% of billed charges applies.; No services were performed during the 15 month look back period.,,78,,,,,0,percent of total billed charges,78% of Billed Charges. Lesser of 100% of billed charges applies.; No services were performed during the 15 month look back period.,,78,,,,,0,percent of total billed charges,78% of Billed Charges. Lesser of 100% of billed charges applies.; No services were performed during the 15 month look back period.,,78,,,,,0,percent of total billed charges,78% of Billed Charges. Lesser of 100% of billed charges applies.; No services were performed during the 15 month look back period.,,78,,,,,0,percent of total billed charges,78% of Billed Charges. Lesser of 100% of billed charges applies.; No services were performed during the 15 month look back period.,,78,,,,,0,percent of total billed charges,78% of Billed Charges. Lesser of 100% of billed charges applies.; No services were performed during the 15 month look back period.,,78,,,,,0,percent of total billed charges,78% of Billed Charges. Lesser of 100% of billed charges applies.; No services were performed during the 15 month look back period.,,78,,,,,0,percent of total billed charges,78% of Billed Charges. Lesser of 100% of billed charges applies.; No services were performed during the 15 month look back period.,,78,,,,,0,percent of total billed charges,78% of Billed Charges. Lesser of 100% of billed charges applies.; No services were performed during the 15 month look back period.,,78,,,,,0,percent of total billed charges,78% of Billed Charges. Lesser of 100% of billed charges applies.; No services were performed during the 15 month look back period.,12574,,,,,,,Case Rate,". Primary procedure pays at 100%, all subsequent at 50%.",13586,,,,,,,Case Rate,". MPL 100/50/25% all add ons apply, and lesser of 100% of billed charges",6487,,,,,,,Case Rate,". MPL 100/50/25% maxmium of 3 procedures. All add ons apply, and lesser of 100% of billed charges",3839.35,,,,,,,Case Rate,"100% Medicare OPPS FS. ",11080,,,,,,,Case Rate,". Primary procedure pays at 100%, secondary at 50%, all subsequent at 25%.  Lesser of applies when negotiated rates exceed charges less addons.",6487,,,,,,,Case Rate,". MPL 100/50/25% maxmium of 3 procedures. All add ons apply, and lesser of 100% of billed charges",6487,,,,,,,Case Rate,". MPL 100/50/25% maxmium of 3 procedures. All add ons apply, and lesser of 100% of billed charges",,78,,,,,0,percent of total billed charges,78% of Billed Charges. Lesser of 100% of billed charges applies.; No services were performed during the 15 month look back period.,4990.88,,,,,,,Case Rate,"214 Percent of Medicaid APG. Drugs not priced under APG, billed with revenue code 636 and not priced by Medicare ASP FeeSched will be reimbursed at 20% of charges.",6487,,,,,,,Case Rate,". MPL 100/50/25% maxmium of 3 procedures. All add ons apply, and lesser of 100% of billed charges",2332.19,,,,,,,Case Rate,"100 Percent of Medicaid APG. ",3839.35,,,,,,,Case Rate,"100% Medicare OPPS FS. ",3839.35,,,,,,,Case Rate,"100% Medicare OPPS FS. ",3839.35,,,,,,,Case Rate,"100% Medicare OPPS FS. ",3839.35,,,,,,,Case Rate,"100% Medicare OPPS FS. ",3839.35,,,,,,,Case Rate,"100% Medicare OPPS FS. ",3839.35,,,,,,,Case Rate,"100% Medicare OPPS FS. ",6487,,,,,,,Case Rate,". MPL 100/50/25% maxmium of 3 procedures. All add ons apply, and lesser of 100% of billed charges",25798,,,,,,,Case Rate,". MPL 100/75/50% all add ons apply, and lesser of 100% of billed charges",4197.94,,,,,,,Fee Schedule,"180 Percent of Medicaid APG. ",4197.94,,,,,,,Fee Schedule,"180 Percent of Medicaid APG. ",4197.94,,,,,,,Fee Schedule,"180 Percent of Medicaid APG. ",4197.94,,,,,,,Fee Schedule,"180 Percent of Medicaid APG. ",4197.94,,,,,,,Fee Schedule,"180 Percent of Medicaid APG. ",,,,,,,,,"NA. ",25798,,,,,,,Case Rate,". MPL 100/75/50% all add ons apply, and lesser of 100% of billed charges",7601.91,,,,,,,Case Rate,198 Percent of Medicare OPPS. Metroplus will reimburse unlisted codes and described codes with no Medicare rate at 50 percent of charges.,7601.91,,,,,,,Case Rate,198 Percent of Medicare OPPS. Metroplus will reimburse unlisted codes and described codes with no Medicare rate at 50 percent of charges.,7601.91,,,,,,,Case Rate,198 Percent of Medicare OPPS. Metroplus will reimburse unlisted codes and described codes with no Medicare rate at 50 percent of charges.,7601.91,,,,,,,Case Rate,198 Percent of Medicare OPPS. Metroplus will reimburse unlisted codes and described codes with no Medicare rate at 50 percent of charges.,7601.91,,,,,,,Case Rate,198 Percent of Medicare OPPS. Metroplus will reimburse unlisted codes and described codes with no Medicare rate at 50 percent of charges.,3839.35,,,,,,,Case Rate,"100% Medicare OPPS FS. ",12574,,,,,,,Case Rate,". Primary procedure pays at 100%, all subsequent at 50%.",12574,,,,,,,Case Rate,". Primary procedure pays at 100%, all subsequent at 50%.",12574,,,,,,,Case Rate,". Primary procedure pays at 100%, all subsequent at 50%.",12574,,,,,,,Case Rate,". Primary procedure pays at 100%, all subsequent at 50%.",11080,,,,,,,Case Rate,". Primary procedure pays at 100%, secondary at 50%, all subsequent at 25%.  Lesser of applies when negotiated rates exceed charges less addons.",11080,,,,,,,Case Rate,". Primary procedure pays at 100%, secondary at 50%, all subsequent at 25%.  Lesser of applies when negotiated rates exceed charges less addons.",11080,,,,,,,Case Rate,". Primary procedure pays at 100%, secondary at 50%, all subsequent at 25%.  Lesser of applies when negotiated rates exceed charges less addons.",11080,,,,,,,Case Rate,". Primary procedure pays at 100%, secondary at 50%, all subsequent at 25%.  Lesser of applies when negotiated rates exceed charges less addons.",25798,,,,,,,Case Rate,". MPL 100/75/50% all add ons apply, and lesser of 100% of billed charges",25798,,,,,,,Case Rate,". MPL 100/75/50% all add ons apply, and lesser of 100% of billed charges",3839.35,,,,,,,Case Rate,"100% Medicare OPPS FS. ",3839.35,,,,,,,Case Rate,"100% Medicare OPPS FS. ",3839.35,,,,,,,Case Rate,"100% Medicare OPPS FS. ",13586,,,,,,,Case Rate,". MPL 100/50/25% all add ons apply, and lesser of 100% of billed charges",13586,,,,,,,Case Rate,". MPL 100/50/25% all add ons apply, and lesser of 100% of billed charges",13586,,,,,,,Case Rate,". MPL 100/50/25% all add ons apply, and lesser of 100% of billed charges",25798,,,,,,,Case Rate,". MPL 100/75/50% all add ons apply, and lesser of 100% of billed charges",11080,,,,,,,Case Rate,". Primary procedure pays at 100%, secondary at 50%, all subsequent at 25%.  Lesser of applies when negotiated rates exceed charges less addons.",3839.35,,,,,,,Case Rate,"100% Medicare OPPS FS. ",13586,,,,,,,Case Rate,". MPL 100/50/25% all add ons apply, and lesser of 100% of billed charges",2332.19,,,,,,,Case Rate,"100 Percent of Medicaid APG. ",3916.13,,,,,,,Case Rate,"102% of Medicare OPPS. ",3916.13,,,,,,,Case Rate,"102% of Medicare OPPS. ",3916.13,,,,,,,Case Rate,"102% of Medicare OPPS. ",2332.19,,,,,,,Case rate,"100 Percent of Medicaid APG. ",5247.42,,,,,,,Case Rate,225% of NYS APG. Lesser of 100% of billed charges applies.,5247.42,,,,,,,Case Rate,225% of NYS APG. Lesser of 100% of billed charges applies.,5247.42,,,,,,,Case Rate,225% of NYS APG. Lesser of 100% of billed charges applies.,5247.42,,,,,,,Case Rate,225% of NYS APG. Lesser of 100% of billed charges applies.,5247.42,,,,,,,Case Rate,225% of NYS APG. Lesser of 100% of billed charges applies.,3916.13,,,,,,,Case Rate,"102% of Medicare OPPS. ",2332.19,,,,,,,Case Rate,"100 Percent of Medicaid APG. ",1431.23,,,,,,,Case Rate,100% of PAS. Lesser of 100% of billed charges applies.,5247.42,,,,,,,Case Rate,225% of NYS APG. Lesser of 100% of billed charges applies.,5247.42,,,,,,,Case Rate,225% of NYS APG. Lesser of 100% of billed charges applies.,1431.23,,,,,,,Case Rate,100% of PAS. Lesser of 100% of billed charges applies.,1431.23,,,,,,,Case Rate,100% of PAS. Lesser of 100% of billed charges applies.,4197.94,,,,,,,Fee Schedule,"180 Percent of Medicaid APG. ",3839.35,,,,,,,Case Rate,"100% Medicare OPPS FS. ",3839.35,,,,,,,Case Rate,"100% Medicare OPPS FS. ",11080,,,,,,,Case Rate,". Primary procedure pays at 100%, secondary at 50%, all subsequent at 25%.  Lesser of applies when negotiated rates exceed charges less addons.",3839.35,,,,,,,Case Rate,"100% Medicare OPPS FS. ",5247.42,,,,,,,Case Rate,"225 Percent of Medicaid APG. ",5247.42,,,,,,,Case Rate,"225 Percent of Medicaid APG. ",2332.19,,,,,,,Case rate,"100 Percent of Medicaid APG. ",2332.19,,,,,,,Case rate,"100 Percent of Medicaid APG. ",5247.42,,,,,,,Case Rate,225 Percent of Medicaid APG. Covered services not payable under Medicaid Fee Schedules default to a payment of 87.5 percent of charges.,2332.19,,,,,,,Case rate,124 Percent of Medicaid APG. Covered services not payable under Medicaid Fee Schedules default to a payment of 50 percent of charges.,5247.42,,,,,,,Case Rate,"100 Percent of Medicaid APG. ",5247.42,,,,,,,Case Rate,"100 Percent of Medicaid APG. ",5247.42,,,,,,,Case Rate,"100 Percent of Medicaid APG. ",5247.42,,,,,,,Case Rate,"100 Percent of Medicaid APG. ",13453,,,,,,,Case Rate,". MPL 100/75/50% all add ons apply, and lesser of 100% of billed charges",25798,,,,,,,Case Rate,". MPL 100/75/50% all add ons apply, and lesser of 100% of billed charges",2798.63,,,,,,,Case Rate,"120 Percent of Medicaid APG. Not APG payable, or payable under another fee schedule like ASP/AWP pays at 30% of charges",2798.63,,,,,,,Case Rate,"120 Percent of Medicaid APG. Not APG payable, or payable under another fee schedule like ASP/AWP pays at 30% of charges",2332.19,,,,,,,Case Rate,"100 Percent of Medicaid APG. Not APG payable, or payable under another fee schedule like ASP/AWP pays at 30% of charges",2332.19,,,,,,,Case Rate,"100 Percent of Medicaid APG. Not APG payable, or payable under another fee schedule like ASP/AWP pays at 30% of charges",13586,,,,,,,Case Rate,". MPL 100/50/25% all add ons apply, and lesser of 100% of billed charges",13586,,,,,,,Case Rate,". MPL 100/50/25% all add ons apply, and lesser of 100% of billed charges",3839.35,,,,,,,Case Rate,"100% Medicare OPPS FS. ",13586,,,,,,,Case Rate,". MPL 100/50/25% all add ons apply, and lesser of 100% of billed charges",13586,,,,,,,Case Rate,". MPL 100/50/25% all add ons apply, and lesser of 100% of billed charges",13586,,,,,,,Case Rate,". MPL 100/50/25% all add ons apply, and lesser of 100% of billed charges",13586,,,,,,,Case Rate,". MPL 100/50/25% all add ons apply, and lesser of 100% of billed charges",3839.35,,,,,,,Case Rate,"100% Medicare OPPS FS. ",13586,,,,,,,Case Rate,". MPL 100/50/25% all add ons apply, and lesser of 100% of billed charges",13586,,,,,,,Case Rate,". MPL 100/50/25% all add ons apply, and lesser of 100% of billed charges",11080,,,,,,,Case Rate,". Primary procedure pays at 100%, secondary at 50%, all subsequent at 25%.  Lesser of applies when negotiated rates exceed charges less addons.",2332.19,,,,,,,Fee Schedule,100% APG. Lesser of 100% of billed charges applies.,2332.19,,,,,,,Case rate,124 Percent of Medicaid APG. Covered services not payable under Medicaid Fee Schedules default to a payment of 50 percent of charges.,5247.42,,,,,,,Case Rate,225% of NYS APG. Lesser of 100% of billed charges applies.,5247.42,,,,,,,Case Rate,225 Percent of Medicaid APG. Covered services not payable under Medicaid Fee Schedules default to a payment of 87.5 percent of charges.,2332.19,,,,,,,Case rate,124 Percent of Medicaid APG. Covered services not payable under Medicaid Fee Schedules default to a payment of 50 percent of charges.,5247.42,,,,,,,Case Rate,225% of NYS APG. Lesser of 100% of billed charges applies.,5247.42,,,,,,,Case Rate,225% of NYS APG. Lesser of 100% of billed charges applies.,5247.42,,,,,,,Case Rate,225% of NYS APG. Lesser of 100% of billed charges applies.,5247.42,,,,,,,Case Rate,225% of NYS APG. Lesser of 100% of billed charges applies.,5247.42,,,,,,,Case Rate,225% of NYS APG. Lesser of 100% of billed charges applies.,5247.42,,,,,,,Case Rate,225% of NYS APG. Lesser of 100% of billed charges applies.,,,,,,,,,"NA. ",,,,,,,,,"NA. ",,,,,,,,,"NA. ",6487,,,,,,,Case Rate,". MPL 100/50/25% maxmium of 3 procedures. All add ons apply, and lesser of 100% of billed charges",,,,,,,,,"NA. ",3839.35,,,,,,,Case Rate,"100% Medicare OPPS FS. ",8539,,,,,,,Case Rate,". MPL 1st 100% of Payment Rate 50% of all others, all add ons apply, and lesser of 100% of billed charges.",3839.35,,,,,,,Case Rate,"100% Medicare OPPS FS. ",3839.35,,,,,,,Case Rate,"100% Medicare OPPS FS. ",2798.63,,,,,,,Case Rate,"120 Percent of Medicaid APG. Not APG payable, or payable under another fee schedule like ASP/AWP pays at 30% of charges",2798.63,,,,,,,Case Rate,"120 Percent of Medicaid APG. Not APG payable, or payable under another fee schedule like ASP/AWP pays at 30% of charges",2332.19,,,,,,,Case Rate,"100 Percent of Medicaid APG. Not APG payable, or payable under another fee schedule like ASP/AWP pays at 30% of charges",2332.19,,,,,,,Case Rate,"100 Percent of Medicaid APG. Not APG payable, or payable under another fee schedule like ASP/AWP pays at 30% of charges",2332.19,,,,,,,Case Rate,"100 Percent of Medicaid APG. ",7163,,,,,,,Case Rate,". ",11080,,,,,,,Case Rate,". Primary procedure pays at 100%, secondary at 50%, all subsequent at 25%.  Lesser of applies when negotiated rates exceed charges less addons.",8427,,,,,,,Case Rate,". Primary procedure pays at 100%, all subsequent at 50%.",6487,,,,,,,Case Rate,". MPL 100/50/25% maxmium of 3 procedures. All add ons apply, and lesser of 100% of billed charges",3839.35,,,,,,,Case Rate,"100%Medicare OPPS FS. ",3839.35,,,,,,,Case Rate,"100% Medicare OPPS FS. ",3839.35,,,,,,,Case Rate,"100% Medicare OPPS FS. ",3839.35,,,,,,,Case Rate,"100% Medicare OPPS FS. ",3839.35,,,,,,,Case Rate,"100%Medicare OPPS FS. ",3839.35,,,,,,,Case Rate,"100% Medicare OPPS FS. ",,,,,,,,,"NA. ",5247.42,,,,,,,Case Rate,225% of NYS APG. Lesser of 100% of billed charges applies.,1431.23,,,,,,,Case Rate,100% of PAS. Lesser of 100% of billed charges applies.,13586,,,,,,,Case Rate,". MPL 100/50/25% all add ons apply, and lesser of 100% of billed charges",7163,,,,,,,Case Rate,". ",7163,,,,,,,Case Rate,". ",7163,,,,,,,Case Rate,". ",7163,,,,,,,Case Rate,". ",3839.35,,,,,,,Case Rate,"100% Medicare OPPS FS. ",2332.19,,,,,,,Case Rate,"100 Percent of Medicaid APG. ",13586,,,,,,,Case Rate,". MPL 100/50/25% all add ons apply, and lesser of 100% of billed charges",2332.19,,,,,,,Case Rate,"100 Percent of Medicaid APG. ",3839.35,,,,,,,Case Rate,"100% Medicare OPPS FS. ",2332.19,,,,,,,Case Rate,"100 Percent of Medicaid APG. ",3839.35,,,,,,,Case Rate,"100% Medicare OPPS FS. ",3839.35,,,,,,,Case Rate,"100% Medicare OPPS FS. ",2332.19,,,,,,,Case Rate,"100 Percent of Medicaid APG. ",2332.19,,,,,,,Case Rate,"100 Percent of Medicaid APG. ",7163,,,,,,,Case Rate,". ",6487,,,,,,,Case Rate,". MPL 100/50/25% maxmium of 3 procedures. All add ons apply, and lesser of 100% of billed charges",,78,,,,,0,percent of total billed charges,78% of Billed Charges. Lesser of 100% of billed charges applies.; No services were performed during the 15 month look back period.,10978.39,,,,,,,Case Rate,". MPL 100/50/25% all add ons apply, and lesser of 100% of billed charges",10978.39,,,,,,,Case Rate,". MPL 100/50/25% all add ons apply, and lesser of 100% of billed charges",11080,,,,,,,Case Rate,". Primary procedure pays at 100%, secondary at 50%, all subsequent at 25%.  Lesser of applies when negotiated rates exceed charges less addons.",1516.35,,,,,,,Case Rate,"83% HF Fee schedule. ",12574,,,,,,,Case Rate,". Primary procedure pays at 100%, all subsequent at 50%.",12574,,,,,,,Case Rate,". Primary procedure pays at 100%, all subsequent at 50%.",10869,,,,,,,Case Rate,". MPL 100/50/25% all add ons apply, and lesser of 100% of billed charges",10869,,,,,,,Case Rate,". MPL 100/50/25% all add ons apply, and lesser of 100% of billed charges",3839.35,,,,,,,Case Rate,"100% Medicare OPPS FS. ",3839.35,,,,,,,Case Rate,"100% Medicare OPPS FS. ",3839.35,,,,,,,Case Rate,"100% Medicare OPPS FS. ",3839.35,,,,,,,Case Rate,"100% Medicare OPPS FS. ",10978.39,,,,,,,Case Rate,". MPL 100/50/25% all add ons apply, and lesser of 100% of billed charges",13586,,,,,,,Case Rate,". MPL 100/50/25% all add ons apply, and lesser of 100% of billed charges",13586,,,,,,,Case Rate,". MPL 100/50/25% all add ons apply, and lesser of 100% of billed charges",3839.35,,,,,,,Case Rate,"100% Medicare OPPS FS. ",10869,,,,,,,Case Rate,". MPL 100/50/25% all add ons apply, and lesser of 100% of billed charges",8427,,,,,,,Case Rate,". Primary procedure pays at 100%, all subsequent at 50%.",2798.63,,,,,,,Fee Schedule,"120 Percent of Medicaid APG. ",2332.19,,,,,,,Case Rate,"100 Percent of Medicaid APG. ",7163,,,,,,,Case Rate,". ",12227,,,,,,,Case Rate,". MPL 100/50/25% all add ons apply, and lesser of 100% of billed charges",12227,,,,,,,Case Rate,". MPL 100/50/25% all add ons apply, and lesser of 100% of billed charges",13586,,,,,,,Case Rate,". MPL 100/50/25% all add ons apply, and lesser of 100% of billed charges",14948,,,,,,,Case Rate,". MPL 100/75/50% all add ons apply, and lesser of 100% of billed charges",3839.35,,,,,,,Case Rate,"100%Medicare OPPS FS. ",2448.8,,,,,,,Fee Schedule,105 percent of Medicaid APG. otherwise 105% of Ordered NYS MCD FS or 105% of ASP+6%,2448.8,,,,,,,Fee Schedule,105 percent of Medicaid APG. otherwise 105% of Ordered NYS MCD FS or 105% of ASP+6%,2448.8,,,,,,,Fee Schedule,105 percent of Medicaid APG. otherwise 105% of Ordered NYS MCD FS or 105% of ASP+6%,3148.45,,,,,,,Fee Schedule,135 percent of Medicaid APG. otherwise 135% of Ordered NYS MCD FS or 135% of ASP+6%,10978.39,,,,,,,Case Rate,". MPL 100/50/25% all add ons apply, and lesser of 100% of billed charges",2448.8,,,,,,,Fee Schedule,105 percent of Medicaid APG. otherwise 105% of Ordered NYS MCD FS or 105% of ASP+6%,2448.8,,,,,,,Fee Schedule,105 percent of Medicaid APG. otherwise 105% of Ordered NYS MCD FS or 105% of ASP+6%,2448.8,,,,,,,Fee Schedule,105 percent of Medicaid APG. otherwise 105% of Ordered NYS MCD FS or 105% of ASP+6%,2448.8,,,,,,,Fee Schedule,105 percent of Medicaid APG. otherwise 105% of Ordered NYS MCD FS or 105% of ASP+6%,2448.8,,,,,,,Fee Schedule,105 percent of Medicaid APG. otherwise 105% of Ordered NYS MCD FS or 105% of ASP+6%,3148.45,,,,,,,Fee Schedule,135 percent of Medicaid APG. otherwise 135% of Ordered NYS MCD FS or 135% of ASP+6%,3148.45,,,,,,,Fee Schedule,135 percent of Medicaid APG. otherwise 135% of Ordered NYS MCD FS or 135% of ASP+6%,3839.35,,,,,,,Case Rate,"100% Medicare OPPS FS. ",10978.39,,,,,,,Case Rate,". MPL 100/50/25% all add ons apply, and lesser of 100% of billed charges",3839.35,,,,,,,Case Rate,"100% Medicare OPPS FS. ",2448.8,,,,,,,Fee Schedule,105 percent of Medicaid APG. otherwise 105% of Ordered NYS MCD FS or 105% of ASP+6%,13586,,,,,,,Case Rate,". MPL 100/50/25% all add ons apply, and lesser of 100% of billed charges",3839.35,,,,,,,Case Rate,"100% Medicare OPPS FS. ",13586,,,,,,,Case Rate,". MPL 100/50/25% all add ons apply, and lesser of 100% of billed charges",13586,,,,,,,Case Rate,". MPL 100/50/25% all add ons apply, and lesser of 100% of billed charges",13586,,,,,,,Case Rate,". MPL 100/50/25% all add ons apply, and lesser of 100% of billed charges",2448.8,,,,,,,Fee Schedule,105 percent of Medicaid APG. otherwise 105% of Ordered NYS MCD FS or 105% of ASP+6%,3839.35,,,,,,,Case Rate,"100% Medicare OPPS FS. ",13586,,,,,,,Case Rate,". MPL 100/50/25% all add ons apply, and lesser of 100% of billed charges",3148.45,,,,,,,Fee Schedule,135 percent of Medicaid APG. otherwise 135% of Ordered NYS MCD FS or 135% of ASP+6%,13586,,,,,,,Case Rate,". MPL 100/50/25% all add ons apply, and lesser of 100% of billed charges",,200,,,,,0,Case Rate,200% of Medicare OPPS. ; No services were performed during the 15 month look back period.,3839.35,,,,,,,Case Rate,"100%Medicare OPPS FS. ",7163,,,,,,,Case Rate,". ",7163,,,,,,,Case Rate,". ",7163,,,,,,,Case Rate,". ",7163,,,,,,,Case Rate,". ",7163,,,,,,,Case Rate,". ",8427,,,,,,,Case Rate,". Primary procedure pays at 100%, all subsequent at 50%.",8427,,,,,,,Case Rate,". Primary procedure pays at 100%, all subsequent at 50%.",7163,,,,,,,Case Rate,". ",7163,,,,,,,Case Rate,". ",7163,,,,,,,Case Rate,". ",7163,,,,,,,Case Rate,". ",7163,,,,,,,Case Rate,". ",3839.35,,,,,,,Case Rate,"100% Medicare OPPS FS. ",8427,,,,,,,Case Rate,". Primary procedure pays at 100%, all subsequent at 50%.",3839.35,,,,,,,Case Rate,"100% Medicare OPPS FS. ",5247.42,,,,,,,Case Rate,"225 Percent of Medicaid APG. If not included in Medicaid APG, then 100 Percent of Manhattan Medicare",2332.19,,,,,,,Case Rate,"100 Percent of Medicaid APG. ",10978.39,,,,,,,Case Rate,". MPL 100/50/25% all add ons apply, and lesser of 100% of billed charges",10978.39,,,,,,,Case Rate,". MPL 100/50/25% all add ons apply, and lesser of 100% of billed charges",3839.35,,,,,,,Case Rate,"100% Medicare OPPS FS. ",12574,,,,,,,Case Rate,". Primary procedure pays at 100%, all subsequent at 50%.",3839.35,,,,,,,Case Rate,"100% Medicare OPPS FS. ",3839.35,,,,,,,Case Rate,"100% Medicare OPPS FS. ",11080,,,,,,,Case Rate,". Primary procedure pays at 100%, secondary at 50%, all subsequent at 25%.  Lesser of applies when negotiated rates exceed charges less addons.",3839.35,,,,,,,Case Rate,"100% Medicare OPPS FS. ",6487,,,,,,,Case Rate,". MPL 100/50/25% maxmium of 3 procedures. All add ons apply, and lesser of 100% of billed charges",3839.35,,,,,,,Case Rate,"100% Medicare OPPS FS. ",6487,,,,,,,Case Rate,". MPL 100/50/25% maxmium of 3 procedures. All add ons apply, and lesser of 100% of billed charges",11080,,,,,,,Case Rate,". Primary procedure pays at 100%, secondary at 50%, all subsequent at 25%.  Lesser of applies when negotiated rates exceed charges less addons.",6487,,,,,,,Case Rate,". MPL 100/50/25% maxmium of 3 procedures. All add ons apply, and lesser of 100% of billed charges",3839.35,,,,,,,Case Rate,"100% Medicare OPPS FS. ",2332.19,,,,,,,Case Rate,"100 Percent of Medicaid APG. ",3839.35,,,,,,,Case Rate,"100% Medicare OPPS FS. ",6487,,,,,,,Case Rate,". MPL 100/50/25% maxmium of 3 procedures. All add ons apply, and lesser of 100% of billed charges",10978.39,,,,,,,Case Rate,". MPL 100/50/25% all add ons apply, and lesser of 100% of billed charges",2332.19,,,,,,,Case Rate,"100 Percent of Medicaid APG. ",13586,,,,,,,Case Rate,". MPL 100/50/25% all add ons apply, and lesser of 100% of billed charges",2798.63,,,,,,,Fee Schedule,"120 Percent of Medicaid APG. ",2798.63,,,,,,,Fee Schedule,"120 Percent of Medicaid APG. ",13586,,,,,,,Case Rate,". MPL 100/50/25% all add ons apply, and lesser of 100% of billed charges",13586,,,,,,,Case Rate,". MPL 100/50/25% all add ons apply, and lesser of 100% of billed charges",13586,,,,,,,Case Rate,". MPL 100/50/25% all add ons apply, and lesser of 100% of billed charges",10978.39,,,,,,,Case Rate,". MPL 100/50/25% all add ons apply, and lesser of 100% of billed charges",13586,,,,,,,Case Rate,". MPL 100/50/25% all add ons apply, and lesser of 100% of billed charges",13586,,,,,,,Case Rate,". MPL 100/50/25% all add ons apply, and lesser of 100% of billed charges",13586,,,,,,,Case Rate,". MPL 100/50/25% all add ons apply, and lesser of 100% of billed charges",7163,,,,,,,Case Rate,". ",7163,,,,,,,Case Rate,". ",7601.91,,,,,,,Case Rate,198 Percent of Medicare OPPS. Metroplus will reimburse unlisted codes and described codes with no Medicare rate at 50 percent of charges.,2332.19,,,,,,,Case Rate,"100 Percent of Medicaid APG. ",10978.39,,,,,,,Case Rate,". MPL 100/50/25% all add ons apply, and lesser of 100% of billed charges",6487,,,,,,,Case Rate,". MPL 100/50/25% maxmium of 3 procedures. All add ons apply, and lesser of 100% of billed charges",11080,,,,,,,Case Rate,". Primary procedure pays at 100%, secondary at 50%, all subsequent at 25%.  Lesser of applies when negotiated rates exceed charges less addons.",10978.39,,,,,,,Case Rate,". MPL 100/50/25% all add ons apply, and lesser of 100% of billed charges",11080,,,,,,,Case Rate,". Primary procedure pays at 100%, secondary at 50%, all subsequent at 25%.  Lesser of applies when negotiated rates exceed charges less addons.",10978.39,,,,,,,Case Rate,". MPL 100/50/25% all add ons apply, and lesser of 100% of billed charges",13586,,,,,,,Case Rate,". MPL 100/50/25% all add ons apply, and lesser of 100% of billed charges",13586,,,,,,,Case Rate,". MPL 100/50/25% all add ons apply, and lesser of 100% of billed charges",13586,,,,,,,Case Rate,". MPL 100/50/25% all add ons apply, and lesser of 100% of billed charges",13586,,,,,,,Case Rate,". MPL 100/50/25% all add ons apply, and lesser of 100% of billed charges",3839.35,,,,,,,Case Rate,"100% Medicare OPPS FS. ",1431.23,25798,
27724,CPT,,,490,RC,REPAIR/GRAFT OF TIBIA,,,both,,,,1633,,,,,,,Fee Schedule,"100 % 1199 Fee Schedule. ",1633,,,,,,,Fee Schedule,"100 % 1199 Fee Schedule. ",12266,,,,,,,Case Rate,". Primary procedure pays at 100%, secondary at 50%, all subsequent at 25%.  Lesser of applies when negotiated rates exceed charges less addons.",,100,,,,,0,percent of total billed charges,100 percent of billed charges. ; No services were performed during the 15 month look back period.,,,,,,,,Other,"Not Payable. ",12266,,,,,,,Case Rate,". Primary procedure pays at 100%, secondary at 50%, all subsequent at 25%.  Lesser of applies when negotiated rates exceed charges less addons.",12266,,,,,,,Case Rate,". Primary procedure pays at 100%, secondary at 50%, all subsequent at 25%.  Lesser of applies when negotiated rates exceed charges less addons.",12266,,,,,,,Case Rate,". Primary procedure pays at 100%, secondary at 50%, all subsequent at 25%.  Lesser of applies when negotiated rates exceed charges less addons.",4631.67,,,,,,,Case Rate,"100 Percent of Medicaid APG. ",3859.73,,,,,,,Case Rate,"100 Percent of Medicaid APG. ",,78,,,,,0,percent of total billed charges,78% of Billed Charges. Lesser of 100% of billed charges applies.; No services were performed during the 15 month look back period.,18160.12,,,,,,,Case Rate,". MPL 100/50/25% all add ons apply, and lesser of 100% of billed charges",3859.73,,,,,,,Case Rate,"100 Percent of Medicaid APG. ",,,,,,,,Other,"Not Payable. ",6487,,,,,,,Case Rate,". MPL 100/50/25% maxmium of 3 procedures. All add ons apply, and lesser of 100% of billed charges",6487,,,,,,,Case Rate,". MPL 100/50/25% maxmium of 3 procedures. All add ons apply, and lesser of 100% of billed charges",6487,,,,,,,Case Rate,". MPL 100/50/25% maxmium of 3 procedures. All add ons apply, and lesser of 100% of billed charges",6487,,,,,,,Case Rate,". MPL 100/50/25% maxmium of 3 procedures. All add ons apply, and lesser of 100% of billed charges",3859.73,,,,,,,Case rate,124 Percent of Medicaid APG. Covered services not payable under Medicaid Fee Schedules default to a payment of 50 percent of charges.,,,,,,,,Other,"Not Payable. ",3859.73,,,,,,,Case rate,124 Percent of Medicaid APG. Covered services not payable under Medicaid Fee Schedules default to a payment of 50 percent of charges.,,78,,,,,0,percent of total billed charges,78% of Billed Charges. Lesser of 100% of billed charges applies.; No services were performed during the 15 month look back period.,12266,,,,,,,Case Rate,". Primary procedure pays at 100%, secondary at 50%, all subsequent at 25%.  Lesser of applies when negotiated rates exceed charges less addons.",,,,,,,,Other,"Not Payable. ",8427,,,,,,,Case Rate,". Primary procedure pays at 100%, all subsequent at 50%.",,,,,,,,Other,"Not Payable. ",,,,,,,,Other,"Not Payable. ",,78,,,,,0,percent of total billed charges,78% of Billed Charges. Lesser of 100% of billed charges applies.; No services were performed during the 15 month look back period.,1332.13,,,,,,,Fee Schedule,90 Percent of Medicare RBRVS. Lesser of 100% of billed charges applies.,1332.13,,,,,,,Fee Schedule,90 Percent of Medicare RBRVS. Lesser of 100% of billed charges applies.,3859.73,,,,,,,Case rate,"100 Percent of Medicaid APG. ",3859.73,,,,,,,Case rate,"100 Percent of Medicaid APG. ",8427,,,,,,,Case Rate,". Primary procedure pays at 100%, all subsequent at 50%.",8427,,,,,,,Case Rate,". Primary procedure pays at 100%, all subsequent at 50%.",3859.73,,,,,,,Case Rate,"100 Percent of Medicaid APG. Not APG payable, or payable under another fee schedule like ASP/AWP pays at 30% of charges",8427,,,,,,,Case Rate,". Primary procedure pays at 100%, all subsequent at 50%.",3859.73,,,,,,,Case Rate,"100 Percent of Medicaid APG. Not APG payable, or payable under another fee schedule like ASP/AWP pays at 30% of charges",,,,,,,,Other,"Not Payable. ",8427,,,,,,,Case Rate,". Primary procedure pays at 100%, all subsequent at 50%.",,78,,,,,0,percent of total billed charges,78% of Billed Charges. Lesser of 100% of billed charges applies.; No services were performed during the 15 month look back period.,3859.73,,,,,,,Case Rate,"100 Percent of Medicaid APG. ",3859.73,,,,,,,Case Rate,"100 Percent of Medicaid APG. ",,78,,,,,0,percent of total billed charges,78% of Billed Charges. Lesser of 100% of billed charges applies.; No services were performed during the 15 month look back period.,6487,,,,,,,Case Rate,". MPL 100/50/25% maxmium of 3 procedures. All add ons apply, and lesser of 100% of billed charges",16031,,,,,,,Case Rate,". MPL 100/50/25% all add ons apply, and lesser of 100% of billed charges",16031,,,,,,,Case Rate,". MPL 100/50/25% all add ons apply, and lesser of 100% of billed charges",,78,,,,,0,percent of total billed charges,78% of Billed Charges. Lesser of 100% of billed charges applies.; No services were performed during the 15 month look back period.,,,,,,,,Other,"Not Payable. ",18160.12,,,,,,,Case Rate,". MPL 100/50/25% all add ons apply, and lesser of 100% of billed charges",18160.12,,,,,,,Case Rate,". MPL 100/50/25% all add ons apply, and lesser of 100% of billed charges",18160.12,,,,,,,Case Rate,". MPL 100/50/25% all add ons apply, and lesser of 100% of billed charges",,,,,,,,Other,"Not Payable. ",18160.12,,,,,,,Case Rate,". MPL 100/50/25% all add ons apply, and lesser of 100% of billed charges",18160.12,,,,,,,Case Rate,". MPL 100/50/25% all add ons apply, and lesser of 100% of billed charges",,,,,,,,Other,"Not Payable. ",25798,,,,,,,Case Rate,". MPL 100/75/50% all add ons apply, and lesser of 100% of billed charges",13586,,,,,,,Case Rate,". MPL 100/50/25% all add ons apply, and lesser of 100% of billed charges",13586,,,,,,,Case Rate,". MPL 100/50/25% all add ons apply, and lesser of 100% of billed charges",13586,,,,,,,Case Rate,". MPL 100/50/25% all add ons apply, and lesser of 100% of billed charges",13586,,,,,,,Case Rate,". MPL 100/50/25% all add ons apply, and lesser of 100% of billed charges",13586,,,,,,,Case Rate,". MPL 100/50/25% all add ons apply, and lesser of 100% of billed charges",13586,,,,,,,Case Rate,". MPL 100/50/25% all add ons apply, and lesser of 100% of billed charges",,,,,,,,Other,"Not Payable. ",,,,,,,,Other,"Not Payable. ",13586,,,,,,,Case Rate,". MPL 100/50/25% all add ons apply, and lesser of 100% of billed charges",,78,,,,,0,percent of total billed charges,78% of Billed Charges. Lesser of 100% of billed charges applies.; No services were performed during the 15 month look back period.,,78,,,,,0,percent of total billed charges,78% of Billed Charges. Lesser of 100% of billed charges applies.; No services were performed during the 15 month look back period.,,78,,,,,0,percent of total billed charges,78% of Billed Charges. Lesser of 100% of billed charges applies.; No services were performed during the 15 month look back period.,,78,,,,,0,percent of total billed charges,78% of Billed Charges. Lesser of 100% of billed charges applies.; No services were performed during the 15 month look back period.,,78,,,,,0,percent of total billed charges,78% of Billed Charges. Lesser of 100% of billed charges applies.; No services were performed during the 15 month look back period.,,78,,,,,0,percent of total billed charges,78% of Billed Charges. Lesser of 100% of billed charges applies.; No services were performed during the 15 month look back period.,,78,,,,,0,percent of total billed charges,78% of Billed Charges. Lesser of 100% of billed charges applies.; No services were performed during the 15 month look back period.,,78,,,,,0,percent of total billed charges,78% of Billed Charges. Lesser of 100% of billed charges applies.; No services were performed during the 15 month look back period.,,78,,,,,0,percent of total billed charges,78% of Billed Charges. Lesser of 100% of billed charges applies.; No services were performed during the 15 month look back period.,,78,,,,,0,percent of total billed charges,78% of Billed Charges. Lesser of 100% of billed charges applies.; No services were performed during the 15 month look back period.,,78,,,,,0,percent of total billed charges,78% of Billed Charges. Lesser of 100% of billed charges applies.; No services were performed during the 15 month look back period.,,78,,,,,0,percent of total billed charges,78% of Billed Charges. Lesser of 100% of billed charges applies.; No services were performed during the 15 month look back period.,,78,,,,,0,percent of total billed charges,78% of Billed Charges. Lesser of 100% of billed charges applies.; No services were performed during the 15 month look back period.,,78,,,,,0,percent of total billed charges,78% of Billed Charges. Lesser of 100% of billed charges applies.; No services were performed during the 15 month look back period.,,78,,,,,0,percent of total billed charges,78% of Billed Charges. Lesser of 100% of billed charges applies.; No services were performed during the 15 month look back period.,,78,,,,,0,percent of total billed charges,78% of Billed Charges. Lesser of 100% of billed charges applies.; No services were performed during the 15 month look back period.,,78,,,,,0,percent of total billed charges,78% of Billed Charges. Lesser of 100% of billed charges applies.; No services were performed during the 15 month look back period.,,78,,,,,0,percent of total billed charges,78% of Billed Charges. Lesser of 100% of billed charges applies.; No services were performed during the 15 month look back period.,,78,,,,,0,percent of total billed charges,78% of Billed Charges. Lesser of 100% of billed charges applies.; No services were performed during the 15 month look back period.,,78,,,,,0,percent of total billed charges,78% of Billed Charges. Lesser of 100% of billed charges applies.; No services were performed during the 15 month look back period.,,78,,,,,0,percent of total billed charges,78% of Billed Charges. Lesser of 100% of billed charges applies.; No services were performed during the 15 month look back period.,,78,,,,,0,percent of total billed charges,78% of Billed Charges. Lesser of 100% of billed charges applies.; No services were performed during the 15 month look back period.,,78,,,,,0,percent of total billed charges,78% of Billed Charges. Lesser of 100% of billed charges applies.; No services were performed during the 15 month look back period.,,78,,,,,0,percent of total billed charges,78% of Billed Charges. Lesser of 100% of billed charges applies.; No services were performed during the 15 month look back period.,,78,,,,,0,percent of total billed charges,78% of Billed Charges. Lesser of 100% of billed charges applies.; No services were performed during the 15 month look back period.,,78,,,,,0,percent of total billed charges,78% of Billed Charges. Lesser of 100% of billed charges applies.; No services were performed during the 15 month look back period.,8427,,,,,,,Case Rate,". Primary procedure pays at 100%, all subsequent at 50%.",8427,,,,,,,Case Rate,". Primary procedure pays at 100%, all subsequent at 50%.",8427,,,,,,,Case Rate,". Primary procedure pays at 100%, all subsequent at 50%.",8427,,,,,,,Case Rate,". Primary procedure pays at 100%, all subsequent at 50%.",12574,,,,,,,Case Rate,". Primary procedure pays at 100%, all subsequent at 50%.",12574,,,,,,,Case Rate,". Primary procedure pays at 100%, all subsequent at 50%.",6487,,,,,,,Case Rate,". MPL 100/50/25% maxmium of 3 procedures. All add ons apply, and lesser of 100% of billed charges",13586,,,,,,,Case Rate,". MPL 100/50/25% all add ons apply, and lesser of 100% of billed charges",18160.12,,,,,,,Case Rate,". MPL 100/50/25% all add ons apply, and lesser of 100% of billed charges",13586,,,,,,,Case Rate,". MPL 100/50/25% all add ons apply, and lesser of 100% of billed charges",,78,,,,,0,percent of total billed charges,78% of Billed Charges. Lesser of 100% of billed charges applies.; No services were performed during the 15 month look back period.,12574,,,,,,,Case Rate,". Primary procedure pays at 100%, all subsequent at 50%.",13586,,,,,,,Case Rate,". MPL 100/50/25% all add ons apply, and lesser of 100% of billed charges",18160.12,,,,,,,Case Rate,". MPL 100/50/25% all add ons apply, and lesser of 100% of billed charges",6487,,,,,,,Case Rate,". MPL 100/50/25% maxmium of 3 procedures. All add ons apply, and lesser of 100% of billed charges",,,,,,,,,"NA. ",,78,,,,,0,percent of total billed charges,78% of Billed Charges. Lesser of 100% of billed charges applies.; No services were performed during the 15 month look back period.,3859.73,,,,,,,Case Rate,"100 Percent of Medicaid APG. ",8427,,,,,,,Case Rate,". Primary procedure pays at 100%, all subsequent at 50%.",3859.73,,,,,,,Case Rate,"100 Percent of Medicaid APG. Not APG payable, or payable under another fee schedule like ASP/AWP pays at 30% of charges",,,,,,,,Other,"Not Payable. ",,,,,,,,Other,"Not Payable. ",25798,,,,,,,Case Rate,". MPL 100/75/50% all add ons apply, and lesser of 100% of billed charges",,,,,,,,Other,"Not Payable. ",,,,,,,,Other,"Not Payable. ",3859.73,,,,,,,Case Rate,"100 Percent of Medicaid APG. ",,,,,,,,Other,"Not Payable. ",,,,,,,,Other,"Not Payable. ",12266,,,,,,,Case Rate,". Primary procedure pays at 100%, secondary at 50%, all subsequent at 25%.  Lesser of applies when negotiated rates exceed charges less addons.",12266,,,,,,,Case Rate,". Primary procedure pays at 100%, secondary at 50%, all subsequent at 25%.  Lesser of applies when negotiated rates exceed charges less addons.",,,,,,,,Other,"Not Payable. ",6487,,,,,,,Case Rate,". MPL 100/50/25% maxmium of 3 procedures. All add ons apply, and lesser of 100% of billed charges",18160.12,,,,,,,Case Rate,". MPL 100/50/25% all add ons apply, and lesser of 100% of billed charges",18160.12,,,,,,,Case Rate,". MPL 100/50/25% all add ons apply, and lesser of 100% of billed charges",,,,,,,,Other,"Not Payable. ",6487,,,,,,,Case Rate,". MPL 100/50/25% maxmium of 3 procedures. All add ons apply, and lesser of 100% of billed charges",12266,,,,,,,Case Rate,". Primary procedure pays at 100%, secondary at 50%, all subsequent at 25%.  Lesser of applies when negotiated rates exceed charges less addons.",12266,,,,,,,Case Rate,". Primary procedure pays at 100%, secondary at 50%, all subsequent at 25%.  Lesser of applies when negotiated rates exceed charges less addons.",12266,,,,,,,Case Rate,". Primary procedure pays at 100%, secondary at 50%, all subsequent at 25%.  Lesser of applies when negotiated rates exceed charges less addons.",,78,,,,,0,percent of total billed charges,78% of Billed Charges. Lesser of 100% of billed charges applies.; No services were performed during the 15 month look back period.,,78,,,,,0,percent of total billed charges,78% of Billed Charges. Lesser of 100% of billed charges applies.; No services were performed during the 15 month look back period.,,78,,,,,0,percent of total billed charges,78% of Billed Charges. Lesser of 100% of billed charges applies.; No services were performed during the 15 month look back period.,,78,,,,,0,percent of total billed charges,78% of Billed Charges. Lesser of 100% of billed charges applies.; No services were performed during the 15 month look back period.,,78,,,,,0,percent of total billed charges,78% of Billed Charges. Lesser of 100% of billed charges applies.; No services were performed during the 15 month look back period.,,78,,,,,0,percent of total billed charges,78% of Billed Charges. Lesser of 100% of billed charges applies.; No services were performed during the 15 month look back period.,,78,,,,,0,percent of total billed charges,78% of Billed Charges. Lesser of 100% of billed charges applies.; No services were performed during the 15 month look back period.,,78,,,,,0,percent of total billed charges,78% of Billed Charges. Lesser of 100% of billed charges applies.; No services were performed during the 15 month look back period.,,78,,,,,0,percent of total billed charges,78% of Billed Charges. Lesser of 100% of billed charges applies.; No services were performed during the 15 month look back period.,,78,,,,,0,percent of total billed charges,78% of Billed Charges. Lesser of 100% of billed charges applies.; No services were performed during the 15 month look back period.,,78,,,,,0,percent of total billed charges,78% of Billed Charges. Lesser of 100% of billed charges applies.; No services were performed during the 15 month look back period.,12574,,,,,,,Case Rate,". Primary procedure pays at 100%, all subsequent at 50%.",13586,,,,,,,Case Rate,". MPL 100/50/25% all add ons apply, and lesser of 100% of billed charges",6487,,,,,,,Case Rate,". MPL 100/50/25% maxmium of 3 procedures. All add ons apply, and lesser of 100% of billed charges",,,,,,,,Other,"Not Payable. ",12266,,,,,,,Case Rate,". Primary procedure pays at 100%, secondary at 50%, all subsequent at 25%.  Lesser of applies when negotiated rates exceed charges less addons.",6487,,,,,,,Case Rate,". MPL 100/50/25% maxmium of 3 procedures. All add ons apply, and lesser of 100% of billed charges",6487,,,,,,,Case Rate,". MPL 100/50/25% maxmium of 3 procedures. All add ons apply, and lesser of 100% of billed charges",,78,,,,,0,percent of total billed charges,78% of Billed Charges. Lesser of 100% of billed charges applies.; No services were performed during the 15 month look back period.,8259.81,,,,,,,Case Rate,"214 Percent of Medicaid APG. Drugs not priced under APG, billed with revenue code 636 and not priced by Medicare ASP FeeSched will be reimbursed at 20% of charges.",6487,,,,,,,Case Rate,". MPL 100/50/25% maxmium of 3 procedures. All add ons apply, and lesser of 100% of billed charges",3859.73,,,,,,,Case Rate,"100 Percent of Medicaid APG. ",,,,,,,,Other,"Not Payable. ",,,,,,,,Other,"Not Payable. ",,,,,,,,Other,"Not Payable. ",,,,,,,,Other,"Not Payable. ",,,,,,,,Other,"Not Payable. ",,,,,,,,Other,"Not Payable. ",6487,,,,,,,Case Rate,". MPL 100/50/25% maxmium of 3 procedures. All add ons apply, and lesser of 100% of billed charges",25798,,,,,,,Case Rate,". MPL 100/75/50% all add ons apply, and lesser of 100% of billed charges",6947.51,,,,,,,Fee Schedule,"180 Percent of Medicaid APG. ",6947.51,,,,,,,Fee Schedule,"180 Percent of Medicaid APG. ",6947.51,,,,,,,Fee Schedule,"180 Percent of Medicaid APG. ",6947.51,,,,,,,Fee Schedule,"180 Percent of Medicaid APG. ",6947.51,,,,,,,Fee Schedule,"180 Percent of Medicaid APG. ",,,,,,,,,"NA. ",25798,,,,,,,Case Rate,". MPL 100/75/50% all add ons apply, and lesser of 100% of billed charges",,,,,,,,Fee Schedule,"Not Payable. ",,,,,,,,Fee Schedule,"Not Payable. ",,,,,,,,Fee Schedule,"Not Payable. ",,,,,,,,Fee Schedule,"Not Payable. ",,,,,,,,Fee Schedule,"Not Payable. ",,,,,,,,Other,"Not Payable. ",12574,,,,,,,Case Rate,". Primary procedure pays at 100%, all subsequent at 50%.",12574,,,,,,,Case Rate,". Primary procedure pays at 100%, all subsequent at 50%.",12574,,,,,,,Case Rate,". Primary procedure pays at 100%, all subsequent at 50%.",12574,,,,,,,Case Rate,". Primary procedure pays at 100%, all subsequent at 50%.",12266,,,,,,,Case Rate,". Primary procedure pays at 100%, secondary at 50%, all subsequent at 25%.  Lesser of applies when negotiated rates exceed charges less addons.",12266,,,,,,,Case Rate,". Primary procedure pays at 100%, secondary at 50%, all subsequent at 25%.  Lesser of applies when negotiated rates exceed charges less addons.",12266,,,,,,,Case Rate,". Primary procedure pays at 100%, secondary at 50%, all subsequent at 25%.  Lesser of applies when negotiated rates exceed charges less addons.",12266,,,,,,,Case Rate,". Primary procedure pays at 100%, secondary at 50%, all subsequent at 25%.  Lesser of applies when negotiated rates exceed charges less addons.",25798,,,,,,,Case Rate,". MPL 100/75/50% all add ons apply, and lesser of 100% of billed charges",25798,,,,,,,Case Rate,". MPL 100/75/50% all add ons apply, and lesser of 100% of billed charges",,,,,,,,Other,"Not Payable. ",,,,,,,,Other,"Not Payable. ",,,,,,,,Other,"Not Payable. ",13586,,,,,,,Case Rate,". MPL 100/50/25% all add ons apply, and lesser of 100% of billed charges",13586,,,,,,,Case Rate,". MPL 100/50/25% all add ons apply, and lesser of 100% of billed charges",13586,,,,,,,Case Rate,". MPL 100/50/25% all add ons apply, and lesser of 100% of billed charges",25798,,,,,,,Case Rate,". MPL 100/75/50% all add ons apply, and lesser of 100% of billed charges",12266,,,,,,,Case Rate,". Primary procedure pays at 100%, secondary at 50%, all subsequent at 25%.  Lesser of applies when negotiated rates exceed charges less addons.",,,,,,,,Other,"Not Payable. ",13586,,,,,,,Case Rate,". MPL 100/50/25% all add ons apply, and lesser of 100% of billed charges",3859.73,,,,,,,Case Rate,"100 Percent of Medicaid APG. ",,,,,,,,Other,"Not Payable. ",,,,,,,,Other,"Not Payable. ",,,,,,,,Other,"Not Payable. ",3859.73,,,,,,,Case rate,"100 Percent of Medicaid APG. ",8684.38,,,,,,,Fee Schedule,225% of NYS APG. Lesser of 100% of billed charges applies.,8684.38,,,,,,,Fee Schedule,225% of NYS APG. Lesser of 100% of billed charges applies.,8684.38,,,,,,,Fee Schedule,225% of NYS APG. Lesser of 100% of billed charges applies.,8684.38,,,,,,,Fee Schedule,225% of NYS APG. Lesser of 100% of billed charges applies.,8684.38,,,,,,,Fee Schedule,225% of NYS APG. Lesser of 100% of billed charges applies.,,,,,,,,Other,"Not Payable. ",3859.73,,,,,,,Case Rate,"100 Percent of Medicaid APG. ",1332.13,,,,,,,Fee Schedule,90 Percent of Medicare RBRVS. Lesser of 100% of billed charges applies.,8684.38,,,,,,,Fee Schedule,225% of NYS APG. Lesser of 100% of billed charges applies.,8684.38,,,,,,,Fee Schedule,225% of NYS APG. Lesser of 100% of billed charges applies.,1332.13,,,,,,,Fee Schedule,90 Percent of Medicare RBRVS. Lesser of 100% of billed charges applies.,1332.13,,,,,,,Fee Schedule,90 Percent of Medicare RBRVS. Lesser of 100% of billed charges applies.,6947.51,,,,,,,Fee Schedule,"180 Percent of Medicaid APG. ",,,,,,,,Other,"Not Payable. ",,,,,,,,Other,"Not Payable. ",12266,,,,,,,Case Rate,". Primary procedure pays at 100%, secondary at 50%, all subsequent at 25%.  Lesser of applies when negotiated rates exceed charges less addons.",,,,,,,,Other,"Not Payable. ",8684.38,,,,,,,Case Rate,"225 Percent of Medicaid APG. ",8684.38,,,,,,,Case Rate,"225 Percent of Medicaid APG. ",3859.73,,,,,,,Case rate,"100 Percent of Medicaid APG. ",3859.73,,,,,,,Case rate,"100 Percent of Medicaid APG. ",8684.38,,,,,,,Case Rate,225 Percent of Medicaid APG. Covered services not payable under Medicaid Fee Schedules default to a payment of 87.5 percent of charges.,3859.73,,,,,,,Case rate,124 Percent of Medicaid APG. Covered services not payable under Medicaid Fee Schedules default to a payment of 50 percent of charges.,8684.38,,,,,,,Case Rate,"100 Percent of Medicaid APG. ",8684.38,,,,,,,Case Rate,"100 Percent of Medicaid APG. ",8684.38,,,,,,,Case Rate,"100 Percent of Medicaid APG. ",8684.38,,,,,,,Case Rate,"100 Percent of Medicaid APG. ",13453,,,,,,,Case Rate,". MPL 100/75/50% all add ons apply, and lesser of 100% of billed charges",25798,,,,,,,Case Rate,". MPL 100/75/50% all add ons apply, and lesser of 100% of billed charges",4631.67,,,,,,,Case Rate,"120 Percent of Medicaid APG. Not APG payable, or payable under another fee schedule like ASP/AWP pays at 30% of charges",4631.67,,,,,,,Case Rate,"120 Percent of Medicaid APG. Not APG payable, or payable under another fee schedule like ASP/AWP pays at 30% of charges",3859.73,,,,,,,Case Rate,"100 Percent of Medicaid APG. Not APG payable, or payable under another fee schedule like ASP/AWP pays at 30% of charges",3859.73,,,,,,,Case Rate,"100 Percent of Medicaid APG. Not APG payable, or payable under another fee schedule like ASP/AWP pays at 30% of charges",13586,,,,,,,Case Rate,". MPL 100/50/25% all add ons apply, and lesser of 100% of billed charges",13586,,,,,,,Case Rate,". MPL 100/50/25% all add ons apply, and lesser of 100% of billed charges",,,,,,,,Other,"Not Payable. ",13586,,,,,,,Case Rate,". MPL 100/50/25% all add ons apply, and lesser of 100% of billed charges",13586,,,,,,,Case Rate,". MPL 100/50/25% all add ons apply, and lesser of 100% of billed charges",13586,,,,,,,Case Rate,". MPL 100/50/25% all add ons apply, and lesser of 100% of billed charges",13586,,,,,,,Case Rate,". MPL 100/50/25% all add ons apply, and lesser of 100% of billed charges",,,,,,,,Other,"Not Payable. ",13586,,,,,,,Case Rate,". MPL 100/50/25% all add ons apply, and lesser of 100% of billed charges",13586,,,,,,,Case Rate,". MPL 100/50/25% all add ons apply, and lesser of 100% of billed charges",12266,,,,,,,Case Rate,". Primary procedure pays at 100%, secondary at 50%, all subsequent at 25%.  Lesser of applies when negotiated rates exceed charges less addons.",3859.73,,,,,,,Fee Schedule,100% APG. Lesser of 100% of billed charges applies.,3859.73,,,,,,,Case rate,124 Percent of Medicaid APG. Covered services not payable under Medicaid Fee Schedules default to a payment of 50 percent of charges.,8684.38,,,,,,,Fee Schedule,225% of NYS APG. Lesser of 100% of billed charges applies.,8684.38,,,,,,,Case Rate,225 Percent of Medicaid APG. Covered services not payable under Medicaid Fee Schedules default to a payment of 87.5 percent of charges.,3859.73,,,,,,,Case rate,124 Percent of Medicaid APG. Covered services not payable under Medicaid Fee Schedules default to a payment of 50 percent of charges.,8684.38,,,,,,,Fee Schedule,225% of NYS APG. Lesser of 100% of billed charges applies.,8684.38,,,,,,,Fee Schedule,225% of NYS APG. Lesser of 100% of billed charges applies.,8684.38,,,,,,,Fee Schedule,225% of NYS APG. Lesser of 100% of billed charges applies.,8684.38,,,,,,,Fee Schedule,225% of NYS APG. Lesser of 100% of billed charges applies.,8684.38,,,,,,,Fee Schedule,225% of NYS APG. Lesser of 100% of billed charges applies.,8684.38,,,,,,,Fee Schedule,225% of NYS APG. Lesser of 100% of billed charges applies.,,,,,,,,,"NA. ",,,,,,,,,"NA. ",,,,,,,,,"NA. ",6487,,,,,,,Case Rate,". MPL 100/50/25% maxmium of 3 procedures. All add ons apply, and lesser of 100% of billed charges",,,,,,,,,"NA. ",,,,,,,,Other,"Not Payable. ",1633,,,,,,,Fee Schedule,"100 % 1199 Fee Schedule. ",,,,,,,,Other,"Not Payable. ",,,,,,,,Other,"Not Payable. ",4631.67,,,,,,,Case Rate,"120 Percent of Medicaid APG. Not APG payable, or payable under another fee schedule like ASP/AWP pays at 30% of charges",4631.67,,,,,,,Case Rate,"120 Percent of Medicaid APG. Not APG payable, or payable under another fee schedule like ASP/AWP pays at 30% of charges",3859.73,,,,,,,Case Rate,"100 Percent of Medicaid APG. Not APG payable, or payable under another fee schedule like ASP/AWP pays at 30% of charges",3859.73,,,,,,,Case Rate,"100 Percent of Medicaid APG. Not APG payable, or payable under another fee schedule like ASP/AWP pays at 30% of charges",3859.73,,,,,,,Case Rate,"100 Percent of Medicaid APG. ",7163,,,,,,,Case Rate,". ",12266,,,,,,,Case Rate,". Primary procedure pays at 100%, secondary at 50%, all subsequent at 25%.  Lesser of applies when negotiated rates exceed charges less addons.",8427,,,,,,,Case Rate,". Primary procedure pays at 100%, all subsequent at 50%.",6487,,,,,,,Case Rate,". MPL 100/50/25% maxmium of 3 procedures. All add ons apply, and lesser of 100% of billed charges",,,,,,,,Other,"Not Payable. ",,,,,,,,Other,"Not Payable. ",,,,,,,,Other,"Not Payable. ",,,,,,,,Other,"Not Payable. ",,,,,,,,Other,"Not Payable. ",,,,,,,,Other,"Not Payable. ",,,,,,,,,"NA. ",8684.38,,,,,,,Fee Schedule,225% of NYS APG. Lesser of 100% of billed charges applies.,1332.13,,,,,,,Fee Schedule,90 Percent of Medicare RBRVS. Lesser of 100% of billed charges applies.,13586,,,,,,,Case Rate,". MPL 100/50/25% all add ons apply, and lesser of 100% of billed charges",7163,,,,,,,Case Rate,". ",7163,,,,,,,Case Rate,". ",7163,,,,,,,Case Rate,". ",7163,,,,,,,Case Rate,". ",,,,,,,,Other,"Not Payable. ",3859.73,,,,,,,Case Rate,"100 Percent of Medicaid APG. ",13586,,,,,,,Case Rate,". MPL 100/50/25% all add ons apply, and lesser of 100% of billed charges",3859.73,,,,,,,Case Rate,"100 Percent of Medicaid APG. ",,,,,,,,Other,"Not Payable. ",3859.73,,,,,,,Case Rate,"100 Percent of Medicaid APG. ",,,,,,,,Other,"Not Payable. ",,,,,,,,Other,"Not Payable. ",3859.73,,,,,,,Case Rate,"100 Percent of Medicaid APG. ",3859.73,,,,,,,Case Rate,"100 Percent of Medicaid APG. ",7163,,,,,,,Case Rate,". ",6487,,,,,,,Case Rate,". MPL 100/50/25% maxmium of 3 procedures. All add ons apply, and lesser of 100% of billed charges",,78,,,,,0,percent of total billed charges,78% of Billed Charges. Lesser of 100% of billed charges applies.; No services were performed during the 15 month look back period.,18160.12,,,,,,,Case Rate,". MPL 100/50/25% all add ons apply, and lesser of 100% of billed charges",18160.12,,,,,,,Case Rate,". MPL 100/50/25% all add ons apply, and lesser of 100% of billed charges",12266,,,,,,,Case Rate,". Primary procedure pays at 100%, secondary at 50%, all subsequent at 25%.  Lesser of applies when negotiated rates exceed charges less addons.",,,,,,,,Other,"Not Payable. ",12574,,,,,,,Case Rate,". Primary procedure pays at 100%, all subsequent at 50%.",12574,,,,,,,Case Rate,". Primary procedure pays at 100%, all subsequent at 50%.",10869,,,,,,,Case Rate,". MPL 100/50/25% all add ons apply, and lesser of 100% of billed charges",10869,,,,,,,Case Rate,". MPL 100/50/25% all add ons apply, and lesser of 100% of billed charges",,,,,,,,Other,"Not Payable. ",,,,,,,,Other,"Not Payable. ",,,,,,,,Other,"Not Payable. ",,,,,,,,Other,"Not Payable. ",18160.12,,,,,,,Case Rate,". MPL 100/50/25% all add ons apply, and lesser of 100% of billed charges",13586,,,,,,,Case Rate,". MPL 100/50/25% all add ons apply, and lesser of 100% of billed charges",13586,,,,,,,Case Rate,". MPL 100/50/25% all add ons apply, and lesser of 100% of billed charges",,,,,,,,Other,"Not Payable. ",10869,,,,,,,Case Rate,". MPL 100/50/25% all add ons apply, and lesser of 100% of billed charges",8427,,,,,,,Case Rate,". Primary procedure pays at 100%, all subsequent at 50%.",4631.67,,,,,,,Fee Schedule,"120 Percent of Medicaid APG. ",3859.73,,,,,,,Case Rate,"100 Percent of Medicaid APG. ",7163,,,,,,,Case Rate,". ",12227,,,,,,,Case Rate,". MPL 100/50/25% all add ons apply, and lesser of 100% of billed charges",12227,,,,,,,Case Rate,". MPL 100/50/25% all add ons apply, and lesser of 100% of billed charges",13586,,,,,,,Case Rate,". MPL 100/50/25% all add ons apply, and lesser of 100% of billed charges",14948,,,,,,,Case Rate,". MPL 100/75/50% all add ons apply, and lesser of 100% of billed charges",,,,,,,,Other,"Not Payable. ",4052.71,,,,,,,Fee Schedule,105 percent of Medicaid APG. otherwise 105% of Ordered NYS MCD FS or 105% of ASP+6%,4052.71,,,,,,,Fee Schedule,105 percent of Medicaid APG. otherwise 105% of Ordered NYS MCD FS or 105% of ASP+6%,4052.71,,,,,,,Fee Schedule,105 percent of Medicaid APG. otherwise 105% of Ordered NYS MCD FS or 105% of ASP+6%,5210.63,,,,,,,Fee Schedule,135 percent of Medicaid APG. otherwise 135% of Ordered NYS MCD FS or 135% of ASP+6%,18160.12,,,,,,,Case Rate,". MPL 100/50/25% all add ons apply, and lesser of 100% of billed charges",4052.71,,,,,,,Fee Schedule,105 percent of Medicaid APG. otherwise 105% of Ordered NYS MCD FS or 105% of ASP+6%,4052.71,,,,,,,Fee Schedule,105 percent of Medicaid APG. otherwise 105% of Ordered NYS MCD FS or 105% of ASP+6%,4052.71,,,,,,,Fee Schedule,105 percent of Medicaid APG. otherwise 105% of Ordered NYS MCD FS or 105% of ASP+6%,4052.71,,,,,,,Fee Schedule,105 percent of Medicaid APG. otherwise 105% of Ordered NYS MCD FS or 105% of ASP+6%,4052.71,,,,,,,Fee Schedule,105 percent of Medicaid APG. otherwise 105% of Ordered NYS MCD FS or 105% of ASP+6%,5210.63,,,,,,,Fee Schedule,135 percent of Medicaid APG. otherwise 135% of Ordered NYS MCD FS or 135% of ASP+6%,5210.63,,,,,,,Fee Schedule,135 percent of Medicaid APG. otherwise 135% of Ordered NYS MCD FS or 135% of ASP+6%,,,,,,,,Other,"Not Payable. ",18160.12,,,,,,,Case Rate,". MPL 100/50/25% all add ons apply, and lesser of 100% of billed charges",,,,,,,,Other,"Not Payable. ",4052.71,,,,,,,Fee Schedule,105 percent of Medicaid APG. otherwise 105% of Ordered NYS MCD FS or 105% of ASP+6%,13586,,,,,,,Case Rate,". MPL 100/50/25% all add ons apply, and lesser of 100% of billed charges",,,,,,,,Other,"Not Payable. ",13586,,,,,,,Case Rate,". MPL 100/50/25% all add ons apply, and lesser of 100% of billed charges",13586,,,,,,,Case Rate,". MPL 100/50/25% all add ons apply, and lesser of 100% of billed charges",13586,,,,,,,Case Rate,". MPL 100/50/25% all add ons apply, and lesser of 100% of billed charges",4052.71,,,,,,,Fee Schedule,105 percent of Medicaid APG. otherwise 105% of Ordered NYS MCD FS or 105% of ASP+6%,,,,,,,,Other,"Not Payable. ",13586,,,,,,,Case Rate,". MPL 100/50/25% all add ons apply, and lesser of 100% of billed charges",5210.63,,,,,,,Fee Schedule,135 percent of Medicaid APG. otherwise 135% of Ordered NYS MCD FS or 135% of ASP+6%,13586,,,,,,,Case Rate,". MPL 100/50/25% all add ons apply, and lesser of 100% of billed charges",,,,,,,,Other,"Not Payable. ",,,,,,,,Other,"Not Payable. ",7163,,,,,,,Case Rate,". ",7163,,,,,,,Case Rate,". ",7163,,,,,,,Case Rate,". ",7163,,,,,,,Case Rate,". ",7163,,,,,,,Case Rate,". ",8427,,,,,,,Case Rate,". Primary procedure pays at 100%, all subsequent at 50%.",8427,,,,,,,Case Rate,". Primary procedure pays at 100%, all subsequent at 50%.",7163,,,,,,,Case Rate,". ",7163,,,,,,,Case Rate,". ",7163,,,,,,,Case Rate,". ",7163,,,,,,,Case Rate,". ",7163,,,,,,,Case Rate,". ",,,,,,,,Other,"Not Payable. ",8427,,,,,,,Case Rate,". Primary procedure pays at 100%, all subsequent at 50%.",,,,,,,,Other,"Not Payable. ",8684.38,,,,,,,Case Rate,"225 Percent of Medicaid APG. If not included in Medicaid APG, then 100 Percent of Manhattan Medicare",3859.73,,,,,,,Case Rate,"100 Percent of Medicaid APG. ",18160.12,,,,,,,Case Rate,". MPL 100/50/25% all add ons apply, and lesser of 100% of billed charges",18160.12,,,,,,,Case Rate,". MPL 100/50/25% all add ons apply, and lesser of 100% of billed charges",,,,,,,,Other,"Not Payable. ",12574,,,,,,,Case Rate,". Primary procedure pays at 100%, all subsequent at 50%.",,,,,,,,Other,"Not Payable. ",,,,,,,,Other,"Not Payable. ",12266,,,,,,,Case Rate,". Primary procedure pays at 100%, secondary at 50%, all subsequent at 25%.  Lesser of applies when negotiated rates exceed charges less addons.",,,,,,,,Other,"Not Payable. ",6487,,,,,,,Case Rate,". MPL 100/50/25% maxmium of 3 procedures. All add ons apply, and lesser of 100% of billed charges",,,,,,,,Other,"Not Payable. ",6487,,,,,,,Case Rate,". MPL 100/50/25% maxmium of 3 procedures. All add ons apply, and lesser of 100% of billed charges",12266,,,,,,,Case Rate,". Primary procedure pays at 100%, secondary at 50%, all subsequent at 25%.  Lesser of applies when negotiated rates exceed charges less addons.",6487,,,,,,,Case Rate,". MPL 100/50/25% maxmium of 3 procedures. All add ons apply, and lesser of 100% of billed charges",,,,,,,,Other,"Not Payable. ",3859.73,,,,,,,Case Rate,"100 Percent of Medicaid APG. ",,,,,,,,Other,"Not Payable. ",6487,,,,,,,Case Rate,". MPL 100/50/25% maxmium of 3 procedures. All add ons apply, and lesser of 100% of billed charges",18160.12,,,,,,,Case Rate,". MPL 100/50/25% all add ons apply, and lesser of 100% of billed charges",3859.73,,,,,,,Case Rate,"100 Percent of Medicaid APG. ",13586,,,,,,,Case Rate,". MPL 100/50/25% all add ons apply, and lesser of 100% of billed charges",4631.67,,,,,,,Fee Schedule,"120 Percent of Medicaid APG. ",4631.67,,,,,,,Fee Schedule,"120 Percent of Medicaid APG. ",13586,,,,,,,Case Rate,". MPL 100/50/25% all add ons apply, and lesser of 100% of billed charges",13586,,,,,,,Case Rate,". MPL 100/50/25% all add ons apply, and lesser of 100% of billed charges",13586,,,,,,,Case Rate,". MPL 100/50/25% all add ons apply, and lesser of 100% of billed charges",18160.12,,,,,,,Case Rate,". MPL 100/50/25% all add ons apply, and lesser of 100% of billed charges",13586,,,,,,,Case Rate,". MPL 100/50/25% all add ons apply, and lesser of 100% of billed charges",13586,,,,,,,Case Rate,". MPL 100/50/25% all add ons apply, and lesser of 100% of billed charges",13586,,,,,,,Case Rate,". MPL 100/50/25% all add ons apply, and lesser of 100% of billed charges",7163,,,,,,,Case Rate,". ",7163,,,,,,,Case Rate,". ",,,,,,,,Fee Schedule,"Not Payable. ",3859.73,,,,,,,Case Rate,"100 Percent of Medicaid APG. ",18160.12,,,,,,,Case Rate,". MPL 100/50/25% all add ons apply, and lesser of 100% of billed charges",6487,,,,,,,Case Rate,". MPL 100/50/25% maxmium of 3 procedures. All add ons apply, and lesser of 100% of billed charges",12266,,,,,,,Case Rate,". Primary procedure pays at 100%, secondary at 50%, all subsequent at 25%.  Lesser of applies when negotiated rates exceed charges less addons.",18160.12,,,,,,,Case Rate,". MPL 100/50/25% all add ons apply, and lesser of 100% of billed charges",12266,,,,,,,Case Rate,". Primary procedure pays at 100%, secondary at 50%, all subsequent at 25%.  Lesser of applies when negotiated rates exceed charges less addons.",18160.12,,,,,,,Case Rate,". MPL 100/50/25% all add ons apply, and lesser of 100% of billed charges",13586,,,,,,,Case Rate,". MPL 100/50/25% all add ons apply, and lesser of 100% of billed charges",13586,,,,,,,Case Rate,". MPL 100/50/25% all add ons apply, and lesser of 100% of billed charges",13586,,,,,,,Case Rate,". MPL 100/50/25% all add ons apply, and lesser of 100% of billed charges",13586,,,,,,,Case Rate,". MPL 100/50/25% all add ons apply, and lesser of 100% of billed charges",,,,,,,,Other,"Not Payable. ",1332.13,25798,
27780,CPT,,,490,RC,TREATMENT OF FIBULA FRACTURE,,,both,,,,3681,,,,,,,Case Rate,". MPL 1st 100% of Payment Rate 50% of all others, all add ons apply, and lesser of 100% of billed charges.",3681,,,,,,,Case Rate,". MPL 1st 100% of Payment Rate 50% of all others, all add ons apply, and lesser of 100% of billed charges.",6593,,,,,,,Case Rate,". Primary procedure pays at 100%, secondary at 50%, all subsequent at 25%.  Lesser of applies when negotiated rates exceed charges less addons.",,100,,,,,0,percent of total billed charges,100 percent of billed charges. ; No services were performed during the 15 month look back period.,283.85,,,,,,,Case Rate,"100% Medicare OPPS FS. ",6593,,,,,,,Case Rate,". Primary procedure pays at 100%, secondary at 50%, all subsequent at 25%.  Lesser of applies when negotiated rates exceed charges less addons.",6593,,,,,,,Case Rate,". Primary procedure pays at 100%, secondary at 50%, all subsequent at 25%.  Lesser of applies when negotiated rates exceed charges less addons.",6593,,,,,,,Case Rate,". Primary procedure pays at 100%, secondary at 50%, all subsequent at 25%.  Lesser of applies when negotiated rates exceed charges less addons.",900.71,,,,,,,Case Rate,"100 Percent of Medicaid APG. ",750.59,,,,,,,Case Rate,"100 Percent of Medicaid APG. ",,78,,,,,0,percent of total billed charges,78% of Billed Charges. Lesser of 100% of billed charges applies.; No services were performed during the 15 month look back period.,4923.38,,,,,,,Case Rate,". MPL 100/50/25% all add ons apply, and lesser of 100% of billed charges",750.59,,,,,,,Case Rate,"100 Percent of Medicaid APG. ",283.85,,,,,,,Case Rate,"100% Medicare OPPS FS. ",6487,,,,,,,Case Rate,". MPL 100/50/25% maxmium of 3 procedures. All add ons apply, and lesser of 100% of billed charges",6487,,,,,,,Case Rate,". MPL 100/50/25% maxmium of 3 procedures. All add ons apply, and lesser of 100% of billed charges",6487,,,,,,,Case Rate,". MPL 100/50/25% maxmium of 3 procedures. All add ons apply, and lesser of 100% of billed charges",6487,,,,,,,Case Rate,". MPL 100/50/25% maxmium of 3 procedures. All add ons apply, and lesser of 100% of billed charges",750.59,,,,,,,Case rate,124 Percent of Medicaid APG. Covered services not payable under Medicaid Fee Schedules default to a payment of 50 percent of charges.,283.85,,,,,,,Case Rate,"100% Medicare OPPS FS. ",750.59,,,,,,,Case rate,124 Percent of Medicaid APG. Covered services not payable under Medicaid Fee Schedules default to a payment of 50 percent of charges.,,78,,,,,0,percent of total billed charges,78% of Billed Charges. Lesser of 100% of billed charges applies.; No services were performed during the 15 month look back period.,6593,,,,,,,Case Rate,". Primary procedure pays at 100%, secondary at 50%, all subsequent at 25%.  Lesser of applies when negotiated rates exceed charges less addons.",283.85,,,,,,,Case Rate,"100%Medicare OPPS FS. ",8427,,,,,,,Case Rate,". Primary procedure pays at 100%, all subsequent at 50%.",283.85,,,,,,,Case Rate,"100%Medicare OPPS FS. ",283.85,,,,,,,Case Rate,"100%Medicare OPPS FS. ",,78,,,,,0,percent of total billed charges,78% of Billed Charges. Lesser of 100% of billed charges applies.; No services were performed during the 15 month look back period.,132.04,,,,,,,Case Rate,100% of PAS. Lesser of 100% of billed charges applies.,132.04,,,,,,,Case Rate,100% of PAS. Lesser of 100% of billed charges applies.,750.59,,,,,,,Case rate,"100 Percent of Medicaid APG. ",750.59,,,,,,,Case rate,"100 Percent of Medicaid APG. ",8427,,,,,,,Case Rate,". Primary procedure pays at 100%, all subsequent at 50%.",8427,,,,,,,Case Rate,". Primary procedure pays at 100%, all subsequent at 50%.",750.59,,,,,,,Case Rate,"100 Percent of Medicaid APG. Not APG payable, or payable under another fee schedule like ASP/AWP pays at 30% of charges",8427,,,,,,,Case Rate,". Primary procedure pays at 100%, all subsequent at 50%.",750.59,,,,,,,Case Rate,"100 Percent of Medicaid APG. Not APG payable, or payable under another fee schedule like ASP/AWP pays at 30% of charges",283.85,,,,,,,Case Rate,"100%Medicare OPPS FS. ",8427,,,,,,,Case Rate,". Primary procedure pays at 100%, all subsequent at 50%.",,78,,,,,0,percent of total billed charges,78% of Billed Charges. Lesser of 100% of billed charges applies.; No services were performed during the 15 month look back period.,750.59,,,,,,,Case Rate,"100 Percent of Medicaid APG. ",750.59,,,,,,,Case Rate,"100 Percent of Medicaid APG. ",,78,,,,,0,percent of total billed charges,78% of Billed Charges. Lesser of 100% of billed charges applies.; No services were performed during the 15 month look back period.,6487,,,,,,,Case Rate,". MPL 100/50/25% maxmium of 3 procedures. All add ons apply, and lesser of 100% of billed charges",4500,,,,,,,Case Rate,". MPL 100/50/25% all add ons apply, and lesser of 100% of billed charges",4500,,,,,,,Case Rate,". MPL 100/50/25% all add ons apply, and lesser of 100% of billed charges",,78,,,,,0,percent of total billed charges,78% of Billed Charges. Lesser of 100% of billed charges applies.; No services were performed during the 15 month look back period.,283.85,,,,,,,Case Rate,"100% Medicare OPPS FS. ",4923.38,,,,,,,Case Rate,". MPL 100/50/25% all add ons apply, and lesser of 100% of billed charges",4923.38,,,,,,,Case Rate,". MPL 100/50/25% all add ons apply, and lesser of 100% of billed charges",4923.38,,,,,,,Case Rate,". MPL 100/50/25% all add ons apply, and lesser of 100% of billed charges",283.85,,,,,,,Case Rate,"100% Medicare OPPS FS. ",4923.38,,,,,,,Case Rate,". MPL 100/50/25% all add ons apply, and lesser of 100% of billed charges",4923.38,,,,,,,Case Rate,". MPL 100/50/25% all add ons apply, and lesser of 100% of billed charges",283.85,,,,,,,Case Rate,"100% of Medicare OPPS. ",25798,,,,,,,Case Rate,". MPL 100/75/50% all add ons apply, and lesser of 100% of billed charges",4100,,,,,,,Case Rate,". MPL 100/50/25% all add ons apply, and lesser of 100% of billed charges",4100,,,,,,,Case Rate,". MPL 100/50/25% all add ons apply, and lesser of 100% of billed charges",4100,,,,,,,Case Rate,". MPL 100/50/25% all add ons apply, and lesser of 100% of billed charges",4100,,,,,,,Case Rate,". MPL 100/50/25% all add ons apply, and lesser of 100% of billed charges",4100,,,,,,,Case Rate,". MPL 100/50/25% all add ons apply, and lesser of 100% of billed charges",4100,,,,,,,Case Rate,". MPL 100/50/25% all add ons apply, and lesser of 100% of billed charges",283.85,,,,,,,Case Rate,"100% Medicare OPPS FS. ",283.85,,,,,,,Case Rate,"100% Medicare OPPS FS. ",4100,,,,,,,Case Rate,". MPL 100/50/25% all add ons apply, and lesser of 100% of billed charges",,78,,,,,0,percent of total billed charges,78% of Billed Charges. Lesser of 100% of billed charges applies.; No services were performed during the 15 month look back period.,,78,,,,,0,percent of total billed charges,78% of Billed Charges. Lesser of 100% of billed charges applies.; No services were performed during the 15 month look back period.,,78,,,,,0,percent of total billed charges,78% of Billed Charges. Lesser of 100% of billed charges applies.; No services were performed during the 15 month look back period.,,78,,,,,0,percent of total billed charges,78% of Billed Charges. Lesser of 100% of billed charges applies.; No services were performed during the 15 month look back period.,,78,,,,,0,percent of total billed charges,78% of Billed Charges. Lesser of 100% of billed charges applies.; No services were performed during the 15 month look back period.,,78,,,,,0,percent of total billed charges,78% of Billed Charges. Lesser of 100% of billed charges applies.; No services were performed during the 15 month look back period.,,78,,,,,0,percent of total billed charges,78% of Billed Charges. Lesser of 100% of billed charges applies.; No services were performed during the 15 month look back period.,,78,,,,,0,percent of total billed charges,78% of Billed Charges. Lesser of 100% of billed charges applies.; No services were performed during the 15 month look back period.,,78,,,,,0,percent of total billed charges,78% of Billed Charges. Lesser of 100% of billed charges applies.; No services were performed during the 15 month look back period.,,78,,,,,0,percent of total billed charges,78% of Billed Charges. Lesser of 100% of billed charges applies.; No services were performed during the 15 month look back period.,,78,,,,,0,percent of total billed charges,78% of Billed Charges. Lesser of 100% of billed charges applies.; No services were performed during the 15 month look back period.,,78,,,,,0,percent of total billed charges,78% of Billed Charges. Lesser of 100% of billed charges applies.; No services were performed during the 15 month look back period.,,78,,,,,0,percent of total billed charges,78% of Billed Charges. Lesser of 100% of billed charges applies.; No services were performed during the 15 month look back period.,,78,,,,,0,percent of total billed charges,78% of Billed Charges. Lesser of 100% of billed charges applies.; No services were performed during the 15 month look back period.,,78,,,,,0,percent of total billed charges,78% of Billed Charges. Lesser of 100% of billed charges applies.; No services were performed during the 15 month look back period.,,78,,,,,0,percent of total billed charges,78% of Billed Charges. Lesser of 100% of billed charges applies.; No services were performed during the 15 month look back period.,,78,,,,,0,percent of total billed charges,78% of Billed Charges. Lesser of 100% of billed charges applies.; No services were performed during the 15 month look back period.,,78,,,,,0,percent of total billed charges,78% of Billed Charges. Lesser of 100% of billed charges applies.; No services were performed during the 15 month look back period.,,78,,,,,0,percent of total billed charges,78% of Billed Charges. Lesser of 100% of billed charges applies.; No services were performed during the 15 month look back period.,,78,,,,,0,percent of total billed charges,78% of Billed Charges. Lesser of 100% of billed charges applies.; No services were performed during the 15 month look back period.,,78,,,,,0,percent of total billed charges,78% of Billed Charges. Lesser of 100% of billed charges applies.; No services were performed during the 15 month look back period.,,78,,,,,0,percent of total billed charges,78% of Billed Charges. Lesser of 100% of billed charges applies.; No services were performed during the 15 month look back period.,,78,,,,,0,percent of total billed charges,78% of Billed Charges. Lesser of 100% of billed charges applies.; No services were performed during the 15 month look back period.,,78,,,,,0,percent of total billed charges,78% of Billed Charges. Lesser of 100% of billed charges applies.; No services were performed during the 15 month look back period.,,78,,,,,0,percent of total billed charges,78% of Billed Charges. Lesser of 100% of billed charges applies.; No services were performed during the 15 month look back period.,,78,,,,,0,percent of total billed charges,78% of Billed Charges. Lesser of 100% of billed charges applies.; No services were performed during the 15 month look back period.,8427,,,,,,,Case Rate,". Primary procedure pays at 100%, all subsequent at 50%.",8427,,,,,,,Case Rate,". Primary procedure pays at 100%, all subsequent at 50%.",8427,,,,,,,Case Rate,". Primary procedure pays at 100%, all subsequent at 50%.",8427,,,,,,,Case Rate,". Primary procedure pays at 100%, all subsequent at 50%.",12574,,,,,,,Case Rate,". Primary procedure pays at 100%, all subsequent at 50%.",12574,,,,,,,Case Rate,". Primary procedure pays at 100%, all subsequent at 50%.",6487,,,,,,,Case Rate,". MPL 100/50/25% maxmium of 3 procedures. All add ons apply, and lesser of 100% of billed charges",4100,,,,,,,Case Rate,". MPL 100/50/25% all add ons apply, and lesser of 100% of billed charges",4923.38,,,,,,,Case Rate,". MPL 100/50/25% all add ons apply, and lesser of 100% of billed charges",4100,,,,,,,Case Rate,". MPL 100/50/25% all add ons apply, and lesser of 100% of billed charges",,78,,,,,0,percent of total billed charges,78% of Billed Charges. Lesser of 100% of billed charges applies.; No services were performed during the 15 month look back period.,12574,,,,,,,Case Rate,". Primary procedure pays at 100%, all subsequent at 50%.",4100,,,,,,,Case Rate,". MPL 100/50/25% all add ons apply, and lesser of 100% of billed charges",4923.38,,,,,,,Case Rate,". MPL 100/50/25% all add ons apply, and lesser of 100% of billed charges",6487,,,,,,,Case Rate,". MPL 100/50/25% maxmium of 3 procedures. All add ons apply, and lesser of 100% of billed charges",,,,,,,,,"NA. ",,78,,,,,0,percent of total billed charges,78% of Billed Charges. Lesser of 100% of billed charges applies.; No services were performed during the 15 month look back period.,750.59,,,,,,,Case Rate,"100 Percent of Medicaid APG. ",8427,,,,,,,Case Rate,". Primary procedure pays at 100%, all subsequent at 50%.",750.59,,,,,,,Case Rate,"100 Percent of Medicaid APG. Not APG payable, or payable under another fee schedule like ASP/AWP pays at 30% of charges",283.85,,,,,,,Case Rate,"100%Medicare OPPS FS. ",283.85,,,,,,,Case Rate,"100% Medicare OPPS FS. ",25798,,,,,,,Case Rate,". MPL 100/75/50% all add ons apply, and lesser of 100% of billed charges",283.85,,,,,,,Case Rate,"100% Medicare OPPS FS. ",283.85,,,,,,,Case Rate,"100% Medicare OPPS FS. ",750.59,,,,,,,Case Rate,"100 Percent of Medicaid APG. ",283.85,,,,,,,Case Rate,"100% Medicare OPPS FS. ",283.85,,,,,,,Case Rate,"100% Medicare OPPS FS. ",6593,,,,,,,Case Rate,". Primary procedure pays at 100%, secondary at 50%, all subsequent at 25%.  Lesser of applies when negotiated rates exceed charges less addons.",6593,,,,,,,Case Rate,". Primary procedure pays at 100%, secondary at 50%, all subsequent at 25%.  Lesser of applies when negotiated rates exceed charges less addons.",283.85,,,,,,,Case Rate,"100% Medicare OPPS FS. ",6487,,,,,,,Case Rate,". MPL 100/50/25% maxmium of 3 procedures. All add ons apply, and lesser of 100% of billed charges",4923.38,,,,,,,Case Rate,". MPL 100/50/25% all add ons apply, and lesser of 100% of billed charges",4923.38,,,,,,,Case Rate,". MPL 100/50/25% all add ons apply, and lesser of 100% of billed charges",283.85,,,,,,,Case Rate,"100% Medicare OPPS FS. ",6487,,,,,,,Case Rate,". MPL 100/50/25% maxmium of 3 procedures. All add ons apply, and lesser of 100% of billed charges",6593,,,,,,,Case Rate,". Primary procedure pays at 100%, secondary at 50%, all subsequent at 25%.  Lesser of applies when negotiated rates exceed charges less addons.",6593,,,,,,,Case Rate,". Primary procedure pays at 100%, secondary at 50%, all subsequent at 25%.  Lesser of applies when negotiated rates exceed charges less addons.",6593,,,,,,,Case Rate,". Primary procedure pays at 100%, secondary at 50%, all subsequent at 25%.  Lesser of applies when negotiated rates exceed charges less addons.",,78,,,,,0,percent of total billed charges,78% of Billed Charges. Lesser of 100% of billed charges applies.; No services were performed during the 15 month look back period.,,78,,,,,0,percent of total billed charges,78% of Billed Charges. Lesser of 100% of billed charges applies.; No services were performed during the 15 month look back period.,,78,,,,,0,percent of total billed charges,78% of Billed Charges. Lesser of 100% of billed charges applies.; No services were performed during the 15 month look back period.,,78,,,,,0,percent of total billed charges,78% of Billed Charges. Lesser of 100% of billed charges applies.; No services were performed during the 15 month look back period.,,78,,,,,0,percent of total billed charges,78% of Billed Charges. Lesser of 100% of billed charges applies.; No services were performed during the 15 month look back period.,,78,,,,,0,percent of total billed charges,78% of Billed Charges. Lesser of 100% of billed charges applies.; No services were performed during the 15 month look back period.,,78,,,,,0,percent of total billed charges,78% of Billed Charges. Lesser of 100% of billed charges applies.; No services were performed during the 15 month look back period.,,78,,,,,0,percent of total billed charges,78% of Billed Charges. Lesser of 100% of billed charges applies.; No services were performed during the 15 month look back period.,,78,,,,,0,percent of total billed charges,78% of Billed Charges. Lesser of 100% of billed charges applies.; No services were performed during the 15 month look back period.,,78,,,,,0,percent of total billed charges,78% of Billed Charges. Lesser of 100% of billed charges applies.; No services were performed during the 15 month look back period.,,78,,,,,0,percent of total billed charges,78% of Billed Charges. Lesser of 100% of billed charges applies.; No services were performed during the 15 month look back period.,12574,,,,,,,Case Rate,". Primary procedure pays at 100%, all subsequent at 50%.",4100,,,,,,,Case Rate,". MPL 100/50/25% all add ons apply, and lesser of 100% of billed charges",6487,,,,,,,Case Rate,". MPL 100/50/25% maxmium of 3 procedures. All add ons apply, and lesser of 100% of billed charges",283.85,,,,,,,Case Rate,"100% Medicare OPPS FS. ",6593,,,,,,,Case Rate,". Primary procedure pays at 100%, secondary at 50%, all subsequent at 25%.  Lesser of applies when negotiated rates exceed charges less addons.",6487,,,,,,,Case Rate,". MPL 100/50/25% maxmium of 3 procedures. All add ons apply, and lesser of 100% of billed charges",6487,,,,,,,Case Rate,". MPL 100/50/25% maxmium of 3 procedures. All add ons apply, and lesser of 100% of billed charges",,78,,,,,0,percent of total billed charges,78% of Billed Charges. Lesser of 100% of billed charges applies.; No services were performed during the 15 month look back period.,1606.27,,,,,,,Case Rate,"214 Percent of Medicaid APG. Drugs not priced under APG, billed with revenue code 636 and not priced by Medicare ASP FeeSched will be reimbursed at 20% of charges.",6487,,,,,,,Case Rate,". MPL 100/50/25% maxmium of 3 procedures. All add ons apply, and lesser of 100% of billed charges",750.59,,,,,,,Case Rate,"100 Percent of Medicaid APG. ",283.85,,,,,,,Case Rate,"100% Medicare OPPS FS. ",283.85,,,,,,,Case Rate,"100% Medicare OPPS FS. ",283.85,,,,,,,Case Rate,"100% Medicare OPPS FS. ",283.85,,,,,,,Case Rate,"100% Medicare OPPS FS. ",283.85,,,,,,,Case Rate,"100% Medicare OPPS FS. ",283.85,,,,,,,Case Rate,"100% Medicare OPPS FS. ",6487,,,,,,,Case Rate,". MPL 100/50/25% maxmium of 3 procedures. All add ons apply, and lesser of 100% of billed charges",25798,,,,,,,Case Rate,". MPL 100/75/50% all add ons apply, and lesser of 100% of billed charges",1351.07,,,,,,,Fee Schedule,"180 Percent of Medicaid APG. ",1351.07,,,,,,,Fee Schedule,"180 Percent of Medicaid APG. ",1351.07,,,,,,,Fee Schedule,"180 Percent of Medicaid APG. ",1351.07,,,,,,,Fee Schedule,"180 Percent of Medicaid APG. ",1351.07,,,,,,,Fee Schedule,"180 Percent of Medicaid APG. ",,,,,,,,,"NA. ",25798,,,,,,,Case Rate,". MPL 100/75/50% all add ons apply, and lesser of 100% of billed charges",562.02,,,,,,,Case Rate,198 Percent of Medicare OPPS. Metroplus will reimburse unlisted codes and described codes with no Medicare rate at 50 percent of charges.,562.02,,,,,,,Case Rate,198 Percent of Medicare OPPS. Metroplus will reimburse unlisted codes and described codes with no Medicare rate at 50 percent of charges.,562.02,,,,,,,Case Rate,198 Percent of Medicare OPPS. Metroplus will reimburse unlisted codes and described codes with no Medicare rate at 50 percent of charges.,562.02,,,,,,,Case Rate,198 Percent of Medicare OPPS. Metroplus will reimburse unlisted codes and described codes with no Medicare rate at 50 percent of charges.,562.02,,,,,,,Case Rate,198 Percent of Medicare OPPS. Metroplus will reimburse unlisted codes and described codes with no Medicare rate at 50 percent of charges.,283.85,,,,,,,Case Rate,"100% Medicare OPPS FS. ",12574,,,,,,,Case Rate,". Primary procedure pays at 100%, all subsequent at 50%.",12574,,,,,,,Case Rate,". Primary procedure pays at 100%, all subsequent at 50%.",12574,,,,,,,Case Rate,". Primary procedure pays at 100%, all subsequent at 50%.",12574,,,,,,,Case Rate,". Primary procedure pays at 100%, all subsequent at 50%.",6593,,,,,,,Case Rate,". Primary procedure pays at 100%, secondary at 50%, all subsequent at 25%.  Lesser of applies when negotiated rates exceed charges less addons.",6593,,,,,,,Case Rate,". Primary procedure pays at 100%, secondary at 50%, all subsequent at 25%.  Lesser of applies when negotiated rates exceed charges less addons.",6593,,,,,,,Case Rate,". Primary procedure pays at 100%, secondary at 50%, all subsequent at 25%.  Lesser of applies when negotiated rates exceed charges less addons.",6593,,,,,,,Case Rate,". Primary procedure pays at 100%, secondary at 50%, all subsequent at 25%.  Lesser of applies when negotiated rates exceed charges less addons.",25798,,,,,,,Case Rate,". MPL 100/75/50% all add ons apply, and lesser of 100% of billed charges",25798,,,,,,,Case Rate,". MPL 100/75/50% all add ons apply, and lesser of 100% of billed charges",283.85,,,,,,,Case Rate,"100% Medicare OPPS FS. ",283.85,,,,,,,Case Rate,"100% Medicare OPPS FS. ",283.85,,,,,,,Case Rate,"100% Medicare OPPS FS. ",4100,,,,,,,Case Rate,". MPL 100/50/25% all add ons apply, and lesser of 100% of billed charges",4100,,,,,,,Case Rate,". MPL 100/50/25% all add ons apply, and lesser of 100% of billed charges",4100,,,,,,,Case Rate,". MPL 100/50/25% all add ons apply, and lesser of 100% of billed charges",25798,,,,,,,Case Rate,". MPL 100/75/50% all add ons apply, and lesser of 100% of billed charges",6593,,,,,,,Case Rate,". Primary procedure pays at 100%, secondary at 50%, all subsequent at 25%.  Lesser of applies when negotiated rates exceed charges less addons.",283.85,,,,,,,Case Rate,"100% Medicare OPPS FS. ",4100,,,,,,,Case Rate,". MPL 100/50/25% all add ons apply, and lesser of 100% of billed charges",750.59,,,,,,,Case Rate,"100 Percent of Medicaid APG. ",289.53,,,,,,,Case Rate,"102% of Medicare OPPS. ",289.53,,,,,,,Case Rate,"102% of Medicare OPPS. ",289.53,,,,,,,Case Rate,"102% of Medicare OPPS. ",750.59,,,,,,,Case rate,"100 Percent of Medicaid APG. ",1688.83,,,,,,,Case Rate,225% of NYS APG. Lesser of 100% of billed charges applies.,1688.83,,,,,,,Case Rate,225% of NYS APG. Lesser of 100% of billed charges applies.,1688.83,,,,,,,Case Rate,225% of NYS APG. Lesser of 100% of billed charges applies.,1688.83,,,,,,,Case Rate,225% of NYS APG. Lesser of 100% of billed charges applies.,1688.83,,,,,,,Case Rate,225% of NYS APG. Lesser of 100% of billed charges applies.,289.53,,,,,,,Case Rate,"102% of Medicare OPPS. ",750.59,,,,,,,Case Rate,"100 Percent of Medicaid APG. ",132.04,,,,,,,Case Rate,100% of PAS. Lesser of 100% of billed charges applies.,1688.83,,,,,,,Case Rate,225% of NYS APG. Lesser of 100% of billed charges applies.,1688.83,,,,,,,Case Rate,225% of NYS APG. Lesser of 100% of billed charges applies.,132.04,,,,,,,Case Rate,100% of PAS. Lesser of 100% of billed charges applies.,132.04,,,,,,,Case Rate,100% of PAS. Lesser of 100% of billed charges applies.,1351.07,,,,,,,Fee Schedule,"180 Percent of Medicaid APG. ",283.85,,,,,,,Case Rate,"100% Medicare OPPS FS. ",283.85,,,,,,,Case Rate,"100% Medicare OPPS FS. ",6593,,,,,,,Case Rate,". Primary procedure pays at 100%, secondary at 50%, all subsequent at 25%.  Lesser of applies when negotiated rates exceed charges less addons.",283.85,,,,,,,Case Rate,"100% Medicare OPPS FS. ",1688.83,,,,,,,Case Rate,"225 Percent of Medicaid APG. ",1688.83,,,,,,,Case Rate,"225 Percent of Medicaid APG. ",750.59,,,,,,,Case rate,"100 Percent of Medicaid APG. ",750.59,,,,,,,Case rate,"100 Percent of Medicaid APG. ",1688.83,,,,,,,Case Rate,225 Percent of Medicaid APG. Covered services not payable under Medicaid Fee Schedules default to a payment of 87.5 percent of charges.,750.59,,,,,,,Case rate,124 Percent of Medicaid APG. Covered services not payable under Medicaid Fee Schedules default to a payment of 50 percent of charges.,1688.83,,,,,,,Case Rate,"100 Percent of Medicaid APG. ",1688.83,,,,,,,Case Rate,"100 Percent of Medicaid APG. ",1688.83,,,,,,,Case Rate,"100 Percent of Medicaid APG. ",1688.83,,,,,,,Case Rate,"100 Percent of Medicaid APG. ",13453,,,,,,,Case Rate,". MPL 100/75/50% all add ons apply, and lesser of 100% of billed charges",25798,,,,,,,Case Rate,". MPL 100/75/50% all add ons apply, and lesser of 100% of billed charges",900.71,,,,,,,Case Rate,"120 Percent of Medicaid APG. Not APG payable, or payable under another fee schedule like ASP/AWP pays at 30% of charges",900.71,,,,,,,Case Rate,"120 Percent of Medicaid APG. Not APG payable, or payable under another fee schedule like ASP/AWP pays at 30% of charges",750.59,,,,,,,Case Rate,"100 Percent of Medicaid APG. Not APG payable, or payable under another fee schedule like ASP/AWP pays at 30% of charges",750.59,,,,,,,Case Rate,"100 Percent of Medicaid APG. Not APG payable, or payable under another fee schedule like ASP/AWP pays at 30% of charges",4100,,,,,,,Case Rate,". MPL 100/50/25% all add ons apply, and lesser of 100% of billed charges",4100,,,,,,,Case Rate,". MPL 100/50/25% all add ons apply, and lesser of 100% of billed charges",283.85,,,,,,,Case Rate,"100% Medicare OPPS FS. ",4100,,,,,,,Case Rate,". MPL 100/50/25% all add ons apply, and lesser of 100% of billed charges",4100,,,,,,,Case Rate,". MPL 100/50/25% all add ons apply, and lesser of 100% of billed charges",4100,,,,,,,Case Rate,". MPL 100/50/25% all add ons apply, and lesser of 100% of billed charges",4100,,,,,,,Case Rate,". MPL 100/50/25% all add ons apply, and lesser of 100% of billed charges",283.85,,,,,,,Case Rate,"100% Medicare OPPS FS. ",4100,,,,,,,Case Rate,". MPL 100/50/25% all add ons apply, and lesser of 100% of billed charges",4100,,,,,,,Case Rate,". MPL 100/50/25% all add ons apply, and lesser of 100% of billed charges",6593,,,,,,,Case Rate,". Primary procedure pays at 100%, secondary at 50%, all subsequent at 25%.  Lesser of applies when negotiated rates exceed charges less addons.",750.59,,,,,,,Fee Schedule,100% APG. Lesser of 100% of billed charges applies.,750.59,,,,,,,Case rate,124 Percent of Medicaid APG. Covered services not payable under Medicaid Fee Schedules default to a payment of 50 percent of charges.,1688.83,,,,,,,Case Rate,225% of NYS APG. Lesser of 100% of billed charges applies.,1688.83,,,,,,,Case Rate,225 Percent of Medicaid APG. Covered services not payable under Medicaid Fee Schedules default to a payment of 87.5 percent of charges.,750.59,,,,,,,Case rate,124 Percent of Medicaid APG. Covered services not payable under Medicaid Fee Schedules default to a payment of 50 percent of charges.,1688.83,,,,,,,Case Rate,225% of NYS APG. Lesser of 100% of billed charges applies.,1688.83,,,,,,,Case Rate,225% of NYS APG. Lesser of 100% of billed charges applies.,1688.83,,,,,,,Case Rate,225% of NYS APG. Lesser of 100% of billed charges applies.,1688.83,,,,,,,Case Rate,225% of NYS APG. Lesser of 100% of billed charges applies.,1688.83,,,,,,,Case Rate,225% of NYS APG. Lesser of 100% of billed charges applies.,1688.83,,,,,,,Case Rate,225% of NYS APG. Lesser of 100% of billed charges applies.,,,,,,,,,"NA. ",,,,,,,,,"NA. ",,,,,,,,,"NA. ",6487,,,,,,,Case Rate,". MPL 100/50/25% maxmium of 3 procedures. All add ons apply, and lesser of 100% of billed charges",,,,,,,,,"NA. ",283.85,,,,,,,Case Rate,"100% Medicare OPPS FS. ",3681,,,,,,,Case Rate,". MPL 1st 100% of Payment Rate 50% of all others, all add ons apply, and lesser of 100% of billed charges.",283.85,,,,,,,Case Rate,"100% Medicare OPPS FS. ",283.85,,,,,,,Case Rate,"100% Medicare OPPS FS. ",900.71,,,,,,,Case Rate,"120 Percent of Medicaid APG. Not APG payable, or payable under another fee schedule like ASP/AWP pays at 30% of charges",900.71,,,,,,,Case Rate,"120 Percent of Medicaid APG. Not APG payable, or payable under another fee schedule like ASP/AWP pays at 30% of charges",750.59,,,,,,,Case Rate,"100 Percent of Medicaid APG. Not APG payable, or payable under another fee schedule like ASP/AWP pays at 30% of charges",750.59,,,,,,,Case Rate,"100 Percent of Medicaid APG. Not APG payable, or payable under another fee schedule like ASP/AWP pays at 30% of charges",750.59,,,,,,,Case Rate,"100 Percent of Medicaid APG. ",7163,,,,,,,Case Rate,". ",6593,,,,,,,Case Rate,". Primary procedure pays at 100%, secondary at 50%, all subsequent at 25%.  Lesser of applies when negotiated rates exceed charges less addons.",8427,,,,,,,Case Rate,". Primary procedure pays at 100%, all subsequent at 50%.",6487,,,,,,,Case Rate,". MPL 100/50/25% maxmium of 3 procedures. All add ons apply, and lesser of 100% of billed charges",283.85,,,,,,,Case Rate,"100%Medicare OPPS FS. ",283.85,,,,,,,Case Rate,"100% Medicare OPPS FS. ",283.85,,,,,,,Case Rate,"100% Medicare OPPS FS. ",283.85,,,,,,,Case Rate,"100% Medicare OPPS FS. ",283.85,,,,,,,Case Rate,"100%Medicare OPPS FS. ",283.85,,,,,,,Case Rate,"100% Medicare OPPS FS. ",,,,,,,,,"NA. ",1688.83,,,,,,,Case Rate,225% of NYS APG. Lesser of 100% of billed charges applies.,132.04,,,,,,,Case Rate,100% of PAS. Lesser of 100% of billed charges applies.,4100,,,,,,,Case Rate,". MPL 100/50/25% all add ons apply, and lesser of 100% of billed charges",7163,,,,,,,Case Rate,". ",7163,,,,,,,Case Rate,". ",7163,,,,,,,Case Rate,". ",7163,,,,,,,Case Rate,". ",283.85,,,,,,,Case Rate,"100% Medicare OPPS FS. ",750.59,,,,,,,Case Rate,"100 Percent of Medicaid APG. ",4100,,,,,,,Case Rate,". MPL 100/50/25% all add ons apply, and lesser of 100% of billed charges",750.59,,,,,,,Case Rate,"100 Percent of Medicaid APG. ",283.85,,,,,,,Case Rate,"100% Medicare OPPS FS. ",750.59,,,,,,,Case Rate,"100 Percent of Medicaid APG. ",283.85,,,,,,,Case Rate,"100% Medicare OPPS FS. ",283.85,,,,,,,Case Rate,"100% Medicare OPPS FS. ",750.59,,,,,,,Case Rate,"100 Percent of Medicaid APG. ",750.59,,,,,,,Case Rate,"100 Percent of Medicaid APG. ",7163,,,,,,,Case Rate,". ",6487,,,,,,,Case Rate,". MPL 100/50/25% maxmium of 3 procedures. All add ons apply, and lesser of 100% of billed charges",,78,,,,,0,percent of total billed charges,78% of Billed Charges. Lesser of 100% of billed charges applies.; No services were performed during the 15 month look back period.,4923.38,,,,,,,Case Rate,". MPL 100/50/25% all add ons apply, and lesser of 100% of billed charges",4923.38,,,,,,,Case Rate,". MPL 100/50/25% all add ons apply, and lesser of 100% of billed charges",6593,,,,,,,Case Rate,". Primary procedure pays at 100%, secondary at 50%, all subsequent at 25%.  Lesser of applies when negotiated rates exceed charges less addons.",283.85,,,,,,,Case Rate,"83% HF Fee schedule. ",12574,,,,,,,Case Rate,". Primary procedure pays at 100%, all subsequent at 50%.",12574,,,,,,,Case Rate,". Primary procedure pays at 100%, all subsequent at 50%.",3280,,,,,,,Case Rate,". MPL 100/50/25% all add ons apply, and lesser of 100% of billed charges",3280,,,,,,,Case Rate,". MPL 100/50/25% all add ons apply, and lesser of 100% of billed charges",283.85,,,,,,,Case Rate,"100% Medicare OPPS FS. ",283.85,,,,,,,Case Rate,"100% Medicare OPPS FS. ",283.85,,,,,,,Case Rate,"100% Medicare OPPS FS. ",283.85,,,,,,,Case Rate,"100% Medicare OPPS FS. ",4923.38,,,,,,,Case Rate,". MPL 100/50/25% all add ons apply, and lesser of 100% of billed charges",4100,,,,,,,Case Rate,". MPL 100/50/25% all add ons apply, and lesser of 100% of billed charges",4100,,,,,,,Case Rate,". MPL 100/50/25% all add ons apply, and lesser of 100% of billed charges",283.85,,,,,,,Case Rate,"100% Medicare OPPS FS. ",3280,,,,,,,Case Rate,". MPL 100/50/25% all add ons apply, and lesser of 100% of billed charges",8427,,,,,,,Case Rate,". Primary procedure pays at 100%, all subsequent at 50%.",900.71,,,,,,,Fee Schedule,"120 Percent of Medicaid APG. ",750.59,,,,,,,Case Rate,"100 Percent of Medicaid APG. ",7163,,,,,,,Case Rate,". ",3690,,,,,,,Case Rate,". MPL 100/50/25% all add ons apply, and lesser of 100% of billed charges",3690,,,,,,,Case Rate,". MPL 100/50/25% all add ons apply, and lesser of 100% of billed charges",4100,,,,,,,Case Rate,". MPL 100/50/25% all add ons apply, and lesser of 100% of billed charges",14948,,,,,,,Case Rate,". MPL 100/75/50% all add ons apply, and lesser of 100% of billed charges",283.85,,,,,,,Case Rate,"100%Medicare OPPS FS. ",788.12,,,,,,,Fee Schedule,105 percent of Medicaid APG. otherwise 105% of Ordered NYS MCD FS or 105% of ASP+6%,788.12,,,,,,,Fee Schedule,105 percent of Medicaid APG. otherwise 105% of Ordered NYS MCD FS or 105% of ASP+6%,788.12,,,,,,,Fee Schedule,105 percent of Medicaid APG. otherwise 105% of Ordered NYS MCD FS or 105% of ASP+6%,1013.3,,,,,,,Fee Schedule,135 percent of Medicaid APG. otherwise 135% of Ordered NYS MCD FS or 135% of ASP+6%,4923.38,,,,,,,Case Rate,". MPL 100/50/25% all add ons apply, and lesser of 100% of billed charges",788.12,,,,,,,Fee Schedule,105 percent of Medicaid APG. otherwise 105% of Ordered NYS MCD FS or 105% of ASP+6%,788.12,,,,,,,Fee Schedule,105 percent of Medicaid APG. otherwise 105% of Ordered NYS MCD FS or 105% of ASP+6%,788.12,,,,,,,Fee Schedule,105 percent of Medicaid APG. otherwise 105% of Ordered NYS MCD FS or 105% of ASP+6%,788.12,,,,,,,Fee Schedule,105 percent of Medicaid APG. otherwise 105% of Ordered NYS MCD FS or 105% of ASP+6%,788.12,,,,,,,Fee Schedule,105 percent of Medicaid APG. otherwise 105% of Ordered NYS MCD FS or 105% of ASP+6%,1013.3,,,,,,,Fee Schedule,135 percent of Medicaid APG. otherwise 135% of Ordered NYS MCD FS or 135% of ASP+6%,1013.3,,,,,,,Fee Schedule,135 percent of Medicaid APG. otherwise 135% of Ordered NYS MCD FS or 135% of ASP+6%,283.85,,,,,,,Case Rate,"100% Medicare OPPS FS. ",4923.38,,,,,,,Case Rate,". MPL 100/50/25% all add ons apply, and lesser of 100% of billed charges",283.85,,,,,,,Case Rate,"100% Medicare OPPS FS. ",788.12,,,,,,,Fee Schedule,105 percent of Medicaid APG. otherwise 105% of Ordered NYS MCD FS or 105% of ASP+6%,4100,,,,,,,Case Rate,". MPL 100/50/25% all add ons apply, and lesser of 100% of billed charges",283.85,,,,,,,Case Rate,"100% Medicare OPPS FS. ",4100,,,,,,,Case Rate,". MPL 100/50/25% all add ons apply, and lesser of 100% of billed charges",4100,,,,,,,Case Rate,". MPL 100/50/25% all add ons apply, and lesser of 100% of billed charges",4100,,,,,,,Case Rate,". MPL 100/50/25% all add ons apply, and lesser of 100% of billed charges",788.12,,,,,,,Fee Schedule,105 percent of Medicaid APG. otherwise 105% of Ordered NYS MCD FS or 105% of ASP+6%,283.85,,,,,,,Case Rate,"100% Medicare OPPS FS. ",4100,,,,,,,Case Rate,". MPL 100/50/25% all add ons apply, and lesser of 100% of billed charges",1013.3,,,,,,,Fee Schedule,135 percent of Medicaid APG. otherwise 135% of Ordered NYS MCD FS or 135% of ASP+6%,4100,,,,,,,Case Rate,". MPL 100/50/25% all add ons apply, and lesser of 100% of billed charges",,200,,,,,0,Case Rate,200% of Medicare OPPS. ; No services were performed during the 15 month look back period.,283.85,,,,,,,Case Rate,"100%Medicare OPPS FS. ",7163,,,,,,,Case Rate,". ",7163,,,,,,,Case Rate,". ",7163,,,,,,,Case Rate,". ",7163,,,,,,,Case Rate,". ",7163,,,,,,,Case Rate,". ",8427,,,,,,,Case Rate,". Primary procedure pays at 100%, all subsequent at 50%.",8427,,,,,,,Case Rate,". Primary procedure pays at 100%, all subsequent at 50%.",7163,,,,,,,Case Rate,". ",7163,,,,,,,Case Rate,". ",7163,,,,,,,Case Rate,". ",7163,,,,,,,Case Rate,". ",7163,,,,,,,Case Rate,". ",283.85,,,,,,,Case Rate,"100% Medicare OPPS FS. ",8427,,,,,,,Case Rate,". Primary procedure pays at 100%, all subsequent at 50%.",283.85,,,,,,,Case Rate,"100% Medicare OPPS FS. ",1688.83,,,,,,,Case Rate,"225 Percent of Medicaid APG. If not included in Medicaid APG, then 100 Percent of Manhattan Medicare",750.59,,,,,,,Case Rate,"100 Percent of Medicaid APG. ",4923.38,,,,,,,Case Rate,". MPL 100/50/25% all add ons apply, and lesser of 100% of billed charges",4923.38,,,,,,,Case Rate,". MPL 100/50/25% all add ons apply, and lesser of 100% of billed charges",283.85,,,,,,,Case Rate,"100% Medicare OPPS FS. ",12574,,,,,,,Case Rate,". Primary procedure pays at 100%, all subsequent at 50%.",283.85,,,,,,,Case Rate,"100% Medicare OPPS FS. ",283.85,,,,,,,Case Rate,"100% Medicare OPPS FS. ",6593,,,,,,,Case Rate,". Primary procedure pays at 100%, secondary at 50%, all subsequent at 25%.  Lesser of applies when negotiated rates exceed charges less addons.",283.85,,,,,,,Case Rate,"100% Medicare OPPS FS. ",6487,,,,,,,Case Rate,". MPL 100/50/25% maxmium of 3 procedures. All add ons apply, and lesser of 100% of billed charges",283.85,,,,,,,Case Rate,"100% Medicare OPPS FS. ",6487,,,,,,,Case Rate,". MPL 100/50/25% maxmium of 3 procedures. All add ons apply, and lesser of 100% of billed charges",6593,,,,,,,Case Rate,". Primary procedure pays at 100%, secondary at 50%, all subsequent at 25%.  Lesser of applies when negotiated rates exceed charges less addons.",6487,,,,,,,Case Rate,". MPL 100/50/25% maxmium of 3 procedures. All add ons apply, and lesser of 100% of billed charges",283.85,,,,,,,Case Rate,"100% Medicare OPPS FS. ",750.59,,,,,,,Case Rate,"100 Percent of Medicaid APG. ",283.85,,,,,,,Case Rate,"100% Medicare OPPS FS. ",6487,,,,,,,Case Rate,". MPL 100/50/25% maxmium of 3 procedures. All add ons apply, and lesser of 100% of billed charges",4923.38,,,,,,,Case Rate,". MPL 100/50/25% all add ons apply, and lesser of 100% of billed charges",750.59,,,,,,,Case Rate,"100 Percent of Medicaid APG. ",4100,,,,,,,Case Rate,". MPL 100/50/25% all add ons apply, and lesser of 100% of billed charges",900.71,,,,,,,Fee Schedule,"120 Percent of Medicaid APG. ",900.71,,,,,,,Fee Schedule,"120 Percent of Medicaid APG. ",4100,,,,,,,Case Rate,". MPL 100/50/25% all add ons apply, and lesser of 100% of billed charges",4100,,,,,,,Case Rate,". MPL 100/50/25% all add ons apply, and lesser of 100% of billed charges",4100,,,,,,,Case Rate,". MPL 100/50/25% all add ons apply, and lesser of 100% of billed charges",4923.38,,,,,,,Case Rate,". MPL 100/50/25% all add ons apply, and lesser of 100% of billed charges",4100,,,,,,,Case Rate,". MPL 100/50/25% all add ons apply, and lesser of 100% of billed charges",4100,,,,,,,Case Rate,". MPL 100/50/25% all add ons apply, and lesser of 100% of billed charges",4100,,,,,,,Case Rate,". MPL 100/50/25% all add ons apply, and lesser of 100% of billed charges",7163,,,,,,,Case Rate,". ",7163,,,,,,,Case Rate,". ",562.02,,,,,,,Case Rate,198 Percent of Medicare OPPS. Metroplus will reimburse unlisted codes and described codes with no Medicare rate at 50 percent of charges.,750.59,,,,,,,Case Rate,"100 Percent of Medicaid APG. ",4923.38,,,,,,,Case Rate,". MPL 100/50/25% all add ons apply, and lesser of 100% of billed charges",6487,,,,,,,Case Rate,". MPL 100/50/25% maxmium of 3 procedures. All add ons apply, and lesser of 100% of billed charges",6593,,,,,,,Case Rate,". Primary procedure pays at 100%, secondary at 50%, all subsequent at 25%.  Lesser of applies when negotiated rates exceed charges less addons.",4923.38,,,,,,,Case Rate,". MPL 100/50/25% all add ons apply, and lesser of 100% of billed charges",6593,,,,,,,Case Rate,". Primary procedure pays at 100%, secondary at 50%, all subsequent at 25%.  Lesser of applies when negotiated rates exceed charges less addons.",4923.38,,,,,,,Case Rate,". MPL 100/50/25% all add ons apply, and lesser of 100% of billed charges",4100,,,,,,,Case Rate,". MPL 100/50/25% all add ons apply, and lesser of 100% of billed charges",4100,,,,,,,Case Rate,". MPL 100/50/25% all add ons apply, and lesser of 100% of billed charges",4100,,,,,,,Case Rate,". MPL 100/50/25% all add ons apply, and lesser of 100% of billed charges",4100,,,,,,,Case Rate,". MPL 100/50/25% all add ons apply, and lesser of 100% of billed charges",283.85,,,,,,,Case Rate,"100% Medicare OPPS FS. ",132.04,25798,
28002,CPT,2022892,LOCAL,361,RC,HC DEEP DISSECT FOOT INF,5046.3,958.797,both,,,,7084,,,,,,,Case Rate,". MPL 1st 100% of Payment Rate 50% of all others, all add ons apply, and lesser of 100% of billed charges.",7084,,,,,,,Case Rate,". MPL 1st 100% of Payment Rate 50% of all others, all add ons apply, and lesser of 100% of billed charges.",10024,,,,,,,Case Rate,". Primary procedure pays at 100%, secondary at 50%, all subsequent at 25%.  Lesser of applies when negotiated rates exceed charges less addons.",5046.3,100,,,,,0,percent of total billed charges,100 percent of billed charges. ; No services were performed during the 15 month look back period.,1893.77,,,,,,,Case Rate,"100% Medicare OPPS FS. ",10024,,,,,,,Case Rate,". Primary procedure pays at 100%, secondary at 50%, all subsequent at 25%.  Lesser of applies when negotiated rates exceed charges less addons.",10024,,,,,,,Case Rate,". Primary procedure pays at 100%, secondary at 50%, all subsequent at 25%.  Lesser of applies when negotiated rates exceed charges less addons.",10024,,,,,,,Case Rate,". Primary procedure pays at 100%, secondary at 50%, all subsequent at 25%.  Lesser of applies when negotiated rates exceed charges less addons.",2609.26,,,,,,,Case Rate,"100 Percent of Medicaid APG. ",2174.39,,,,,,,Case Rate,"100 Percent of Medicaid APG. ",3936.114,78,,,,,0,percent of total billed charges,78% of Billed Charges. Lesser of 100% of billed charges applies.; No services were performed during the 15 month look back period.,9024.56,,,,,,,Case Rate,". MPL 100/50/25% all add ons apply, and lesser of 100% of billed charges",2174.39,,,,,,,Case Rate,"100 Percent of Medicaid APG. ",1893.77,,,,,,,Case Rate,"100% Medicare OPPS FS. ",6487,,,,,,,Case Rate,". MPL 100/50/25% maxmium of 3 procedures. All add ons apply, and lesser of 100% of billed charges",6487,,,,,,,Case Rate,". MPL 100/50/25% maxmium of 3 procedures. All add ons apply, and lesser of 100% of billed charges",6487,,,,,,,Case Rate,". MPL 100/50/25% maxmium of 3 procedures. All add ons apply, and lesser of 100% of billed charges",6487,,,,,,,Case Rate,". MPL 100/50/25% maxmium of 3 procedures. All add ons apply, and lesser of 100% of billed charges",2174.39,,,,,,,Case rate,124 Percent of Medicaid APG. Covered services not payable under Medicaid Fee Schedules default to a payment of 50 percent of charges.,1893.77,,,,,,,Case Rate,"100% Medicare OPPS FS. ",2174.39,,,,,,,Case rate,124 Percent of Medicaid APG. Covered services not payable under Medicaid Fee Schedules default to a payment of 50 percent of charges.,3936.114,78,,,,,0,percent of total billed charges,78% of Billed Charges. Lesser of 100% of billed charges applies.; No services were performed during the 15 month look back period.,10024,,,,,,,Case Rate,". Primary procedure pays at 100%, secondary at 50%, all subsequent at 25%.  Lesser of applies when negotiated rates exceed charges less addons.",1893.77,,,,,,,Case Rate,"100%Medicare OPPS FS. ",8427,,,,,,,Case Rate,". Primary procedure pays at 100%, all subsequent at 50%.",1893.77,,,,,,,Case Rate,"100%Medicare OPPS FS. ",1893.77,,,,,,,Case Rate,"100%Medicare OPPS FS. ",3936.114,78,,,,,0,percent of total billed charges,78% of Billed Charges. Lesser of 100% of billed charges applies.; No services were performed during the 15 month look back period.,802.93,,,,,,,Case Rate,100% of PAS. Lesser of 100% of billed charges applies.,802.93,,,,,,,Case Rate,100% of PAS. Lesser of 100% of billed charges applies.,2174.39,,,,,,,Case rate,"100 Percent of Medicaid APG. ",2174.39,,,,,,,Case rate,"100 Percent of Medicaid APG. ",8427,,,,,,,Case Rate,". Primary procedure pays at 100%, all subsequent at 50%.",8427,,,,,,,Case Rate,". Primary procedure pays at 100%, all subsequent at 50%.",2174.39,,,,,,,Case Rate,"100 Percent of Medicaid APG. Not APG payable, or payable under another fee schedule like ASP/AWP pays at 30% of charges",8427,,,,,,,Case Rate,". Primary procedure pays at 100%, all subsequent at 50%.",2174.39,,,,,,,Case Rate,"100 Percent of Medicaid APG. Not APG payable, or payable under another fee schedule like ASP/AWP pays at 30% of charges",1893.77,,,,,,,Case Rate,"100%Medicare OPPS FS. ",8427,,,,,,,Case Rate,". Primary procedure pays at 100%, all subsequent at 50%.",3936.114,78,,,,,0,percent of total billed charges,78% of Billed Charges. Lesser of 100% of billed charges applies.; No services were performed during the 15 month look back period.,2174.39,,,,,,,Case Rate,"100 Percent of Medicaid APG. ",2174.39,,,,,,,Case Rate,"100 Percent of Medicaid APG. ",3936.114,78,,,,,0,percent of total billed charges,78% of Billed Charges. Lesser of 100% of billed charges applies.; No services were performed during the 15 month look back period.,6487,,,,,,,Case Rate,". MPL 100/50/25% maxmium of 3 procedures. All add ons apply, and lesser of 100% of billed charges",7929,,,,,,,Case Rate,". MPL 100/50/25% all add ons apply, and lesser of 100% of billed charges",7929,,,,,,,Case Rate,". MPL 100/50/25% all add ons apply, and lesser of 100% of billed charges",3936.114,78,,,,,0,percent of total billed charges,78% of Billed Charges. Lesser of 100% of billed charges applies.; No services were performed during the 15 month look back period.,1893.77,,,,,,,Case Rate,"100% Medicare OPPS FS. ",9024.56,,,,,,,Case Rate,". MPL 100/50/25% all add ons apply, and lesser of 100% of billed charges",9024.56,,,,,,,Case Rate,". MPL 100/50/25% all add ons apply, and lesser of 100% of billed charges",9024.56,,,,,,,Case Rate,". MPL 100/50/25% all add ons apply, and lesser of 100% of billed charges",1893.77,,,,,,,Case Rate,"100% Medicare OPPS FS. ",9024.56,,,,,,,Case Rate,". MPL 100/50/25% all add ons apply, and lesser of 100% of billed charges",9024.56,,,,,,,Case Rate,". MPL 100/50/25% all add ons apply, and lesser of 100% of billed charges",1893.77,,,,,,,Case Rate,"100% of Medicare OPPS. ",25798,,,,,,,Case Rate,". MPL 100/75/50% all add ons apply, and lesser of 100% of billed charges",10351,,,,,,,Case Rate,". MPL 100/50/25% all add ons apply, and lesser of 100% of billed charges",10351,,,,,,,Case Rate,". MPL 100/50/25% all add ons apply, and lesser of 100% of billed charges",10351,,,,,,,Case Rate,". MPL 100/50/25% all add ons apply, and lesser of 100% of billed charges",10351,,,,,,,Case Rate,". MPL 100/50/25% all add ons apply, and lesser of 100% of billed charges",10351,,,,,,,Case Rate,". MPL 100/50/25% all add ons apply, and lesser of 100% of billed charges",10351,,,,,,,Case Rate,". MPL 100/50/25% all add ons apply, and lesser of 100% of billed charges",1893.77,,,,,,,Case Rate,"100% Medicare OPPS FS. ",1893.77,,,,,,,Case Rate,"100% Medicare OPPS FS. ",10351,,,,,,,Case Rate,". MPL 100/50/25% all add ons apply, and lesser of 100% of billed charges",3936.114,78,,,,,0,percent of total billed charges,78% of Billed Charges. Lesser of 100% of billed charges applies.; No services were performed during the 15 month look back period.,3936.114,78,,,,,0,percent of total billed charges,78% of Billed Charges. Lesser of 100% of billed charges applies.; No services were performed during the 15 month look back period.,3936.114,78,,,,,0,percent of total billed charges,78% of Billed Charges. Lesser of 100% of billed charges applies.; No services were performed during the 15 month look back period.,3936.114,78,,,,,0,percent of total billed charges,78% of Billed Charges. Lesser of 100% of billed charges applies.; No services were performed during the 15 month look back period.,3936.114,78,,,,,0,percent of total billed charges,78% of Billed Charges. Lesser of 100% of billed charges applies.; No services were performed during the 15 month look back period.,3936.114,78,,,,,0,percent of total billed charges,78% of Billed Charges. Lesser of 100% of billed charges applies.; No services were performed during the 15 month look back period.,3936.114,78,,,,,0,percent of total billed charges,78% of Billed Charges. Lesser of 100% of billed charges applies.; No services were performed during the 15 month look back period.,3936.114,78,,,,,0,percent of total billed charges,78% of Billed Charges. Lesser of 100% of billed charges applies.; No services were performed during the 15 month look back period.,3936.114,78,,,,,0,percent of total billed charges,78% of Billed Charges. Lesser of 100% of billed charges applies.; No services were performed during the 15 month look back period.,3936.114,78,,,,,0,percent of total billed charges,78% of Billed Charges. Lesser of 100% of billed charges applies.; No services were performed during the 15 month look back period.,3936.114,78,,,,,0,percent of total billed charges,78% of Billed Charges. Lesser of 100% of billed charges applies.; No services were performed during the 15 month look back period.,3936.114,78,,,,,0,percent of total billed charges,78% of Billed Charges. Lesser of 100% of billed charges applies.; No services were performed during the 15 month look back period.,3936.114,78,,,,,0,percent of total billed charges,78% of Billed Charges. Lesser of 100% of billed charges applies.; No services were performed during the 15 month look back period.,3936.114,78,,,,,0,percent of total billed charges,78% of Billed Charges. Lesser of 100% of billed charges applies.; No services were performed during the 15 month look back period.,3936.114,78,,,,,0,percent of total billed charges,78% of Billed Charges. Lesser of 100% of billed charges applies.; No services were performed during the 15 month look back period.,3936.114,78,,,,,0,percent of total billed charges,78% of Billed Charges. Lesser of 100% of billed charges applies.; No services were performed during the 15 month look back period.,3936.114,78,,,,,0,percent of total billed charges,78% of Billed Charges. Lesser of 100% of billed charges applies.; No services were performed during the 15 month look back period.,3936.114,78,,,,,0,percent of total billed charges,78% of Billed Charges. Lesser of 100% of billed charges applies.; No services were performed during the 15 month look back period.,3936.114,78,,,,,0,percent of total billed charges,78% of Billed Charges. Lesser of 100% of billed charges applies.; No services were performed during the 15 month look back period.,3936.114,78,,,,,0,percent of total billed charges,78% of Billed Charges. Lesser of 100% of billed charges applies.; No services were performed during the 15 month look back period.,3936.114,78,,,,,0,percent of total billed charges,78% of Billed Charges. Lesser of 100% of billed charges applies.; No services were performed during the 15 month look back period.,3936.114,78,,,,,0,percent of total billed charges,78% of Billed Charges. Lesser of 100% of billed charges applies.; No services were performed during the 15 month look back period.,3936.114,78,,,,,0,percent of total billed charges,78% of Billed Charges. Lesser of 100% of billed charges applies.; No services were performed during the 15 month look back period.,3936.114,78,,,,,0,percent of total billed charges,78% of Billed Charges. Lesser of 100% of billed charges applies.; No services were performed during the 15 month look back period.,3936.114,78,,,,,0,percent of total billed charges,78% of Billed Charges. Lesser of 100% of billed charges applies.; No services were performed during the 15 month look back period.,3936.114,78,,,,,0,percent of total billed charges,78% of Billed Charges. Lesser of 100% of billed charges applies.; No services were performed during the 15 month look back period.,8427,,,,,,,Case Rate,". Primary procedure pays at 100%, all subsequent at 50%.",8427,,,,,,,Case Rate,". Primary procedure pays at 100%, all subsequent at 50%.",8427,,,,,,,Case Rate,". Primary procedure pays at 100%, all subsequent at 50%.",8427,,,,,,,Case Rate,". Primary procedure pays at 100%, all subsequent at 50%.",12574,,,,,,,Case Rate,". Primary procedure pays at 100%, all subsequent at 50%.",12574,,,,,,,Case Rate,". Primary procedure pays at 100%, all subsequent at 50%.",6487,,,,,,,Case Rate,". MPL 100/50/25% maxmium of 3 procedures. All add ons apply, and lesser of 100% of billed charges",10351,,,,,,,Case Rate,". MPL 100/50/25% all add ons apply, and lesser of 100% of billed charges",9024.56,,,,,,,Case Rate,". MPL 100/50/25% all add ons apply, and lesser of 100% of billed charges",10351,,,,,,,Case Rate,". MPL 100/50/25% all add ons apply, and lesser of 100% of billed charges",3936.114,78,,,,,0,percent of total billed charges,78% of Billed Charges. Lesser of 100% of billed charges applies.; No services were performed during the 15 month look back period.,12574,,,,,,,Case Rate,". Primary procedure pays at 100%, all subsequent at 50%.",10351,,,,,,,Case Rate,". MPL 100/50/25% all add ons apply, and lesser of 100% of billed charges",9024.56,,,,,,,Case Rate,". MPL 100/50/25% all add ons apply, and lesser of 100% of billed charges",6487,,,,,,,Case Rate,". MPL 100/50/25% maxmium of 3 procedures. All add ons apply, and lesser of 100% of billed charges",,,,,,,,,"NA. ",3936.114,78,,,,,0,percent of total billed charges,78% of Billed Charges. Lesser of 100% of billed charges applies.; No services were performed during the 15 month look back period.,2174.39,,,,,,,Case Rate,"100 Percent of Medicaid APG. ",8427,,,,,,,Case Rate,". Primary procedure pays at 100%, all subsequent at 50%.",2174.39,,,,,,,Case Rate,"100 Percent of Medicaid APG. Not APG payable, or payable under another fee schedule like ASP/AWP pays at 30% of charges",1893.77,,,,,,,Case Rate,"100%Medicare OPPS FS. ",1893.77,,,,,,,Case Rate,"100% Medicare OPPS FS. ",25798,,,,,,,Case Rate,". MPL 100/75/50% all add ons apply, and lesser of 100% of billed charges",1893.77,,,,,,,Case Rate,"100% Medicare OPPS FS. ",1893.77,,,,,,,Case Rate,"100% Medicare OPPS FS. ",2174.39,,,,,,,Case Rate,"100 Percent of Medicaid APG. ",1893.77,,,,,,,Case Rate,"100% Medicare OPPS FS. ",1893.77,,,,,,,Case Rate,"100% Medicare OPPS FS. ",10024,,,,,,,Case Rate,". Primary procedure pays at 100%, secondary at 50%, all subsequent at 25%.  Lesser of applies when negotiated rates exceed charges less addons.",10024,,,,,,,Case Rate,". Primary procedure pays at 100%, secondary at 50%, all subsequent at 25%.  Lesser of applies when negotiated rates exceed charges less addons.",1893.77,,,,,,,Case Rate,"100% Medicare OPPS FS. ",6487,,,,,,,Case Rate,". MPL 100/50/25% maxmium of 3 procedures. All add ons apply, and lesser of 100% of billed charges",9024.56,,,,,,,Case Rate,". MPL 100/50/25% all add ons apply, and lesser of 100% of billed charges",9024.56,,,,,,,Case Rate,". MPL 100/50/25% all add ons apply, and lesser of 100% of billed charges",1893.77,,,,,,,Case Rate,"100% Medicare OPPS FS. ",6487,,,,,,,Case Rate,". MPL 100/50/25% maxmium of 3 procedures. All add ons apply, and lesser of 100% of billed charges",10024,,,,,,,Case Rate,". Primary procedure pays at 100%, secondary at 50%, all subsequent at 25%.  Lesser of applies when negotiated rates exceed charges less addons.",10024,,,,,,,Case Rate,". Primary procedure pays at 100%, secondary at 50%, all subsequent at 25%.  Lesser of applies when negotiated rates exceed charges less addons.",10024,,,,,,,Case Rate,". Primary procedure pays at 100%, secondary at 50%, all subsequent at 25%.  Lesser of applies when negotiated rates exceed charges less addons.",3936.114,78,,,,,0,percent of total billed charges,78% of Billed Charges. Lesser of 100% of billed charges applies.; No services were performed during the 15 month look back period.,3936.114,78,,,,,0,percent of total billed charges,78% of Billed Charges. Lesser of 100% of billed charges applies.; No services were performed during the 15 month look back period.,3936.114,78,,,,,0,percent of total billed charges,78% of Billed Charges. Lesser of 100% of billed charges applies.; No services were performed during the 15 month look back period.,3936.114,78,,,,,0,percent of total billed charges,78% of Billed Charges. Lesser of 100% of billed charges applies.; No services were performed during the 15 month look back period.,3936.114,78,,,,,0,percent of total billed charges,78% of Billed Charges. Lesser of 100% of billed charges applies.; No services were performed during the 15 month look back period.,3936.114,78,,,,,0,percent of total billed charges,78% of Billed Charges. Lesser of 100% of billed charges applies.; No services were performed during the 15 month look back period.,3936.114,78,,,,,0,percent of total billed charges,78% of Billed Charges. Lesser of 100% of billed charges applies.; No services were performed during the 15 month look back period.,3936.114,78,,,,,0,percent of total billed charges,78% of Billed Charges. Lesser of 100% of billed charges applies.; No services were performed during the 15 month look back period.,3936.114,78,,,,,0,percent of total billed charges,78% of Billed Charges. Lesser of 100% of billed charges applies.; No services were performed during the 15 month look back period.,3936.114,78,,,,,0,percent of total billed charges,78% of Billed Charges. Lesser of 100% of billed charges applies.; No services were performed during the 15 month look back period.,3936.114,78,,,,,0,percent of total billed charges,78% of Billed Charges. Lesser of 100% of billed charges applies.; No services were performed during the 15 month look back period.,12574,,,,,,,Case Rate,". Primary procedure pays at 100%, all subsequent at 50%.",10351,,,,,,,Case Rate,". MPL 100/50/25% all add ons apply, and lesser of 100% of billed charges",6487,,,,,,,Case Rate,". MPL 100/50/25% maxmium of 3 procedures. All add ons apply, and lesser of 100% of billed charges",1893.77,,,,,,,Case Rate,"100% Medicare OPPS FS. ",10024,,,,,,,Case Rate,". Primary procedure pays at 100%, secondary at 50%, all subsequent at 25%.  Lesser of applies when negotiated rates exceed charges less addons.",6487,,,,,,,Case Rate,". MPL 100/50/25% maxmium of 3 procedures. All add ons apply, and lesser of 100% of billed charges",6487,,,,,,,Case Rate,". MPL 100/50/25% maxmium of 3 procedures. All add ons apply, and lesser of 100% of billed charges",3936.114,78,,,,,0,percent of total billed charges,78% of Billed Charges. Lesser of 100% of billed charges applies.; No services were performed during the 15 month look back period.,4653.19,,,,,,,Case Rate,"214 Percent of Medicaid APG. Drugs not priced under APG, billed with revenue code 636 and not priced by Medicare ASP FeeSched will be reimbursed at 20% of charges.",6487,,,,,,,Case Rate,". MPL 100/50/25% maxmium of 3 procedures. All add ons apply, and lesser of 100% of billed charges",2174.39,,,,,,,Case Rate,"100 Percent of Medicaid APG. ",1893.77,,,,,,,Case Rate,"100% Medicare OPPS FS. ",1893.77,,,,,,,Case Rate,"100% Medicare OPPS FS. ",1893.77,,,,,,,Case Rate,"100% Medicare OPPS FS. ",1893.77,,,,,,,Case Rate,"100% Medicare OPPS FS. ",1893.77,,,,,,,Case Rate,"100% Medicare OPPS FS. ",1893.77,,,,,,,Case Rate,"100% Medicare OPPS FS. ",6487,,,,,,,Case Rate,". MPL 100/50/25% maxmium of 3 procedures. All add ons apply, and lesser of 100% of billed charges",25798,,,,,,,Case Rate,". MPL 100/75/50% all add ons apply, and lesser of 100% of billed charges",3913.9,,,,,,,Fee Schedule,"180 Percent of Medicaid APG. ",3913.9,,,,,,,Fee Schedule,"180 Percent of Medicaid APG. ",3913.9,,,,,,,Fee Schedule,"180 Percent of Medicaid APG. ",3913.9,,,,,,,Fee Schedule,"180 Percent of Medicaid APG. ",3913.9,,,,,,,Fee Schedule,"180 Percent of Medicaid APG. ",,,,,,,,,"NA. ",25798,,,,,,,Case Rate,". MPL 100/75/50% all add ons apply, and lesser of 100% of billed charges",3749.66,,,,,,,Case Rate,198 Percent of Medicare OPPS. Metroplus will reimburse unlisted codes and described codes with no Medicare rate at 50 percent of charges.,3749.66,,,,,,,Case Rate,198 Percent of Medicare OPPS. Metroplus will reimburse unlisted codes and described codes with no Medicare rate at 50 percent of charges.,3749.66,,,,,,,Case Rate,198 Percent of Medicare OPPS. Metroplus will reimburse unlisted codes and described codes with no Medicare rate at 50 percent of charges.,3749.66,,,,,,,Case Rate,198 Percent of Medicare OPPS. Metroplus will reimburse unlisted codes and described codes with no Medicare rate at 50 percent of charges.,3749.66,,,,,,,Case Rate,198 Percent of Medicare OPPS. Metroplus will reimburse unlisted codes and described codes with no Medicare rate at 50 percent of charges.,1893.77,,,,,,,Case Rate,"100% Medicare OPPS FS. ",12574,,,,,,,Case Rate,". Primary procedure pays at 100%, all subsequent at 50%.",12574,,,,,,,Case Rate,". Primary procedure pays at 100%, all subsequent at 50%.",12574,,,,,,,Case Rate,". Primary procedure pays at 100%, all subsequent at 50%.",12574,,,,,,,Case Rate,". Primary procedure pays at 100%, all subsequent at 50%.",10024,,,,,,,Case Rate,". Primary procedure pays at 100%, secondary at 50%, all subsequent at 25%.  Lesser of applies when negotiated rates exceed charges less addons.",10024,,,,,,,Case Rate,". Primary procedure pays at 100%, secondary at 50%, all subsequent at 25%.  Lesser of applies when negotiated rates exceed charges less addons.",10024,,,,,,,Case Rate,". Primary procedure pays at 100%, secondary at 50%, all subsequent at 25%.  Lesser of applies when negotiated rates exceed charges less addons.",10024,,,,,,,Case Rate,". Primary procedure pays at 100%, secondary at 50%, all subsequent at 25%.  Lesser of applies when negotiated rates exceed charges less addons.",25798,,,,,,,Case Rate,". MPL 100/75/50% all add ons apply, and lesser of 100% of billed charges",25798,,,,,,,Case Rate,". MPL 100/75/50% all add ons apply, and lesser of 100% of billed charges",1893.77,,,,,,,Case Rate,"100% Medicare OPPS FS. ",1893.77,,,,,,,Case Rate,"100% Medicare OPPS FS. ",1893.77,,,,,,,Case Rate,"100% Medicare OPPS FS. ",10351,,,,,,,Case Rate,". MPL 100/50/25% all add ons apply, and lesser of 100% of billed charges",10351,,,,,,,Case Rate,". MPL 100/50/25% all add ons apply, and lesser of 100% of billed charges",10351,,,,,,,Case Rate,". MPL 100/50/25% all add ons apply, and lesser of 100% of billed charges",25798,,,,,,,Case Rate,". MPL 100/75/50% all add ons apply, and lesser of 100% of billed charges",10024,,,,,,,Case Rate,". Primary procedure pays at 100%, secondary at 50%, all subsequent at 25%.  Lesser of applies when negotiated rates exceed charges less addons.",1893.77,,,,,,,Case Rate,"100% Medicare OPPS FS. ",10351,,,,,,,Case Rate,". MPL 100/50/25% all add ons apply, and lesser of 100% of billed charges",2174.39,,,,,,,Case Rate,"100 Percent of Medicaid APG. ",1931.64,,,,,,,Case Rate,"102% of Medicare OPPS. ",1931.64,,,,,,,Case Rate,"102% of Medicare OPPS. ",1931.64,,,,,,,Case Rate,"102% of Medicare OPPS. ",2174.39,,,,,,,Case rate,"100 Percent of Medicaid APG. ",4892.37,,,,,,,Case Rate,225% of NYS APG. Lesser of 100% of billed charges applies.,4892.37,,,,,,,Case Rate,225% of NYS APG. Lesser of 100% of billed charges applies.,4892.37,,,,,,,Case Rate,225% of NYS APG. Lesser of 100% of billed charges applies.,4892.37,,,,,,,Case Rate,225% of NYS APG. Lesser of 100% of billed charges applies.,4892.37,,,,,,,Case Rate,225% of NYS APG. Lesser of 100% of billed charges applies.,1931.64,,,,,,,Case Rate,"102% of Medicare OPPS. ",2174.39,,,,,,,Case Rate,"100 Percent of Medicaid APG. ",802.93,,,,,,,Case Rate,100% of PAS. Lesser of 100% of billed charges applies.,4892.37,,,,,,,Case Rate,225% of NYS APG. Lesser of 100% of billed charges applies.,4892.37,,,,,,,Case Rate,225% of NYS APG. Lesser of 100% of billed charges applies.,802.93,,,,,,,Case Rate,100% of PAS. Lesser of 100% of billed charges applies.,802.93,,,,,,,Case Rate,100% of PAS. Lesser of 100% of billed charges applies.,3913.9,,,,,,,Fee Schedule,"180 Percent of Medicaid APG. ",1893.77,,,,,,,Case Rate,"100% Medicare OPPS FS. ",1893.77,,,,,,,Case Rate,"100% Medicare OPPS FS. ",10024,,,,,,,Case Rate,". Primary procedure pays at 100%, secondary at 50%, all subsequent at 25%.  Lesser of applies when negotiated rates exceed charges less addons.",1893.77,,,,,,,Case Rate,"100% Medicare OPPS FS. ",4892.37,,,,,,,Case Rate,"225 Percent of Medicaid APG. ",4892.37,,,,,,,Case Rate,"225 Percent of Medicaid APG. ",2174.39,,,,,,,Case rate,"100 Percent of Medicaid APG. ",2174.39,,,,,,,Case rate,"100 Percent of Medicaid APG. ",4892.37,,,,,,,Case Rate,225 Percent of Medicaid APG. Covered services not payable under Medicaid Fee Schedules default to a payment of 87.5 percent of charges.,2174.39,,,,,,,Case rate,124 Percent of Medicaid APG. Covered services not payable under Medicaid Fee Schedules default to a payment of 50 percent of charges.,4892.37,,,,,,,Case Rate,"100 Percent of Medicaid APG. ",4892.37,,,,,,,Case Rate,"100 Percent of Medicaid APG. ",4892.37,,,,,,,Case Rate,"100 Percent of Medicaid APG. ",4892.37,,,,,,,Case Rate,"100 Percent of Medicaid APG. ",13453,,,,,,,Case Rate,". MPL 100/75/50% all add ons apply, and lesser of 100% of billed charges",25798,,,,,,,Case Rate,". MPL 100/75/50% all add ons apply, and lesser of 100% of billed charges",2609.26,,,,,,,Case Rate,"120 Percent of Medicaid APG. Not APG payable, or payable under another fee schedule like ASP/AWP pays at 30% of charges",2609.26,,,,,,,Case Rate,"120 Percent of Medicaid APG. Not APG payable, or payable under another fee schedule like ASP/AWP pays at 30% of charges",2174.39,,,,,,,Case Rate,"100 Percent of Medicaid APG. Not APG payable, or payable under another fee schedule like ASP/AWP pays at 30% of charges",2174.39,,,,,,,Case Rate,"100 Percent of Medicaid APG. Not APG payable, or payable under another fee schedule like ASP/AWP pays at 30% of charges",10351,,,,,,,Case Rate,". MPL 100/50/25% all add ons apply, and lesser of 100% of billed charges",10351,,,,,,,Case Rate,". MPL 100/50/25% all add ons apply, and lesser of 100% of billed charges",1893.77,,,,,,,Case Rate,"100% Medicare OPPS FS. ",10351,,,,,,,Case Rate,". MPL 100/50/25% all add ons apply, and lesser of 100% of billed charges",10351,,,,,,,Case Rate,". MPL 100/50/25% all add ons apply, and lesser of 100% of billed charges",10351,,,,,,,Case Rate,". MPL 100/50/25% all add ons apply, and lesser of 100% of billed charges",10351,,,,,,,Case Rate,". MPL 100/50/25% all add ons apply, and lesser of 100% of billed charges",1893.77,,,,,,,Case Rate,"100% Medicare OPPS FS. ",10351,,,,,,,Case Rate,". MPL 100/50/25% all add ons apply, and lesser of 100% of billed charges",10351,,,,,,,Case Rate,". MPL 100/50/25% all add ons apply, and lesser of 100% of billed charges",10024,,,,,,,Case Rate,". Primary procedure pays at 100%, secondary at 50%, all subsequent at 25%.  Lesser of applies when negotiated rates exceed charges less addons.",2174.39,,,,,,,Fee Schedule,100% APG. Lesser of 100% of billed charges applies.,2174.39,,,,,,,Case rate,124 Percent of Medicaid APG. Covered services not payable under Medicaid Fee Schedules default to a payment of 50 percent of charges.,4892.37,,,,,,,Case Rate,225% of NYS APG. Lesser of 100% of billed charges applies.,4892.37,,,,,,,Case Rate,225 Percent of Medicaid APG. Covered services not payable under Medicaid Fee Schedules default to a payment of 87.5 percent of charges.,2174.39,,,,,,,Case rate,124 Percent of Medicaid APG. Covered services not payable under Medicaid Fee Schedules default to a payment of 50 percent of charges.,4892.37,,,,,,,Case Rate,225% of NYS APG. Lesser of 100% of billed charges applies.,4892.37,,,,,,,Case Rate,225% of NYS APG. Lesser of 100% of billed charges applies.,4892.37,,,,,,,Case Rate,225% of NYS APG. Lesser of 100% of billed charges applies.,4892.37,,,,,,,Case Rate,225% of NYS APG. Lesser of 100% of billed charges applies.,4892.37,,,,,,,Case Rate,225% of NYS APG. Lesser of 100% of billed charges applies.,4892.37,,,,,,,Case Rate,225% of NYS APG. Lesser of 100% of billed charges applies.,,,,,,,,,"NA. ",,,,,,,,,"NA. ",,,,,,,,,"NA. ",6487,,,,,,,Case Rate,". MPL 100/50/25% maxmium of 3 procedures. All add ons apply, and lesser of 100% of billed charges",,,,,,,,,"NA. ",1893.77,,,,,,,Case Rate,"100% Medicare OPPS FS. ",7084,,,,,,,Case Rate,". MPL 1st 100% of Payment Rate 50% of all others, all add ons apply, and lesser of 100% of billed charges.",1893.77,,,,,,,Case Rate,"100% Medicare OPPS FS. ",1893.77,,,,,,,Case Rate,"100% Medicare OPPS FS. ",2609.26,,,,,,,Case Rate,"120 Percent of Medicaid APG. Not APG payable, or payable under another fee schedule like ASP/AWP pays at 30% of charges",2609.26,,,,,,,Case Rate,"120 Percent of Medicaid APG. Not APG payable, or payable under another fee schedule like ASP/AWP pays at 30% of charges",2174.39,,,,,,,Case Rate,"100 Percent of Medicaid APG. Not APG payable, or payable under another fee schedule like ASP/AWP pays at 30% of charges",2174.39,,,,,,,Case Rate,"100 Percent of Medicaid APG. Not APG payable, or payable under another fee schedule like ASP/AWP pays at 30% of charges",2174.39,,,,,,,Case Rate,"100 Percent of Medicaid APG. ",7163,,,,,,,Case Rate,". ",10024,,,,,,,Case Rate,". Primary procedure pays at 100%, secondary at 50%, all subsequent at 25%.  Lesser of applies when negotiated rates exceed charges less addons.",8427,,,,,,,Case Rate,". Primary procedure pays at 100%, all subsequent at 50%.",6487,,,,,,,Case Rate,". MPL 100/50/25% maxmium of 3 procedures. All add ons apply, and lesser of 100% of billed charges",1893.77,,,,,,,Case Rate,"100%Medicare OPPS FS. ",1893.77,,,,,,,Case Rate,"100% Medicare OPPS FS. ",1893.77,,,,,,,Case Rate,"100% Medicare OPPS FS. ",1893.77,,,,,,,Case Rate,"100% Medicare OPPS FS. ",1893.77,,,,,,,Case Rate,"100%Medicare OPPS FS. ",1893.77,,,,,,,Case Rate,"100% Medicare OPPS FS. ",,,,,,,,,"NA. ",4892.37,,,,,,,Case Rate,225% of NYS APG. Lesser of 100% of billed charges applies.,802.93,,,,,,,Case Rate,100% of PAS. Lesser of 100% of billed charges applies.,10351,,,,,,,Case Rate,". MPL 100/50/25% all add ons apply, and lesser of 100% of billed charges",7163,,,,,,,Case Rate,". ",7163,,,,,,,Case Rate,". ",7163,,,,,,,Case Rate,". ",7163,,,,,,,Case Rate,". ",1893.77,,,,,,,Case Rate,"100% Medicare OPPS FS. ",2174.39,,,,,,,Case Rate,"100 Percent of Medicaid APG. ",10351,,,,,,,Case Rate,". MPL 100/50/25% all add ons apply, and lesser of 100% of billed charges",2174.39,,,,,,,Case Rate,"100 Percent of Medicaid APG. ",1893.77,,,,,,,Case Rate,"100% Medicare OPPS FS. ",2174.39,,,,,,,Case Rate,"100 Percent of Medicaid APG. ",1893.77,,,,,,,Case Rate,"100% Medicare OPPS FS. ",1893.77,,,,,,,Case Rate,"100% Medicare OPPS FS. ",2174.39,,,,,,,Case Rate,"100 Percent of Medicaid APG. ",2174.39,,,,,,,Case Rate,"100 Percent of Medicaid APG. ",7163,,,,,,,Case Rate,". ",6487,,,,,,,Case Rate,". MPL 100/50/25% maxmium of 3 procedures. All add ons apply, and lesser of 100% of billed charges",3936.114,78,,,,,0,percent of total billed charges,78% of Billed Charges. Lesser of 100% of billed charges applies.; No services were performed during the 15 month look back period.,9024.56,,,,,,,Case Rate,". MPL 100/50/25% all add ons apply, and lesser of 100% of billed charges",9024.56,,,,,,,Case Rate,". MPL 100/50/25% all add ons apply, and lesser of 100% of billed charges",10024,,,,,,,Case Rate,". Primary procedure pays at 100%, secondary at 50%, all subsequent at 25%.  Lesser of applies when negotiated rates exceed charges less addons.",804.95,,,,,,,Case Rate,"83% HF Fee schedule. ",12574,,,,,,,Case Rate,". Primary procedure pays at 100%, all subsequent at 50%.",12574,,,,,,,Case Rate,". Primary procedure pays at 100%, all subsequent at 50%.",8281,,,,,,,Case Rate,". MPL 100/50/25% all add ons apply, and lesser of 100% of billed charges",8281,,,,,,,Case Rate,". MPL 100/50/25% all add ons apply, and lesser of 100% of billed charges",1893.77,,,,,,,Case Rate,"100% Medicare OPPS FS. ",1893.77,,,,,,,Case Rate,"100% Medicare OPPS FS. ",1893.77,,,,,,,Case Rate,"100% Medicare OPPS FS. ",1893.77,,,,,,,Case Rate,"100% Medicare OPPS FS. ",9024.56,,,,,,,Case Rate,". MPL 100/50/25% all add ons apply, and lesser of 100% of billed charges",10351,,,,,,,Case Rate,". MPL 100/50/25% all add ons apply, and lesser of 100% of billed charges",10351,,,,,,,Case Rate,". MPL 100/50/25% all add ons apply, and lesser of 100% of billed charges",1893.77,,,,,,,Case Rate,"100% Medicare OPPS FS. ",8281,,,,,,,Case Rate,". MPL 100/50/25% all add ons apply, and lesser of 100% of billed charges",8427,,,,,,,Case Rate,". Primary procedure pays at 100%, all subsequent at 50%.",2609.26,,,,,,,Fee Schedule,"120 Percent of Medicaid APG. ",2174.39,,,,,,,Case Rate,"100 Percent of Medicaid APG. ",7163,,,,,,,Case Rate,". ",9316,,,,,,,Case Rate,". MPL 100/50/25% all add ons apply, and lesser of 100% of billed charges",9316,,,,,,,Case Rate,". MPL 100/50/25% all add ons apply, and lesser of 100% of billed charges",10351,,,,,,,Case Rate,". MPL 100/50/25% all add ons apply, and lesser of 100% of billed charges",14948,,,,,,,Case Rate,". MPL 100/75/50% all add ons apply, and lesser of 100% of billed charges",1893.77,,,,,,,Case Rate,"100%Medicare OPPS FS. ",2283.11,,,,,,,Fee Schedule,105 percent of Medicaid APG. otherwise 105% of Ordered NYS MCD FS or 105% of ASP+6%,2283.11,,,,,,,Fee Schedule,105 percent of Medicaid APG. otherwise 105% of Ordered NYS MCD FS or 105% of ASP+6%,2283.11,,,,,,,Fee Schedule,105 percent of Medicaid APG. otherwise 105% of Ordered NYS MCD FS or 105% of ASP+6%,2935.42,,,,,,,Fee Schedule,135 percent of Medicaid APG. otherwise 135% of Ordered NYS MCD FS or 135% of ASP+6%,9024.56,,,,,,,Case Rate,". MPL 100/50/25% all add ons apply, and lesser of 100% of billed charges",2283.11,,,,,,,Fee Schedule,105 percent of Medicaid APG. otherwise 105% of Ordered NYS MCD FS or 105% of ASP+6%,2283.11,,,,,,,Fee Schedule,105 percent of Medicaid APG. otherwise 105% of Ordered NYS MCD FS or 105% of ASP+6%,2283.11,,,,,,,Fee Schedule,105 percent of Medicaid APG. otherwise 105% of Ordered NYS MCD FS or 105% of ASP+6%,2283.11,,,,,,,Fee Schedule,105 percent of Medicaid APG. otherwise 105% of Ordered NYS MCD FS or 105% of ASP+6%,2283.11,,,,,,,Fee Schedule,105 percent of Medicaid APG. otherwise 105% of Ordered NYS MCD FS or 105% of ASP+6%,2935.42,,,,,,,Fee Schedule,135 percent of Medicaid APG. otherwise 135% of Ordered NYS MCD FS or 135% of ASP+6%,2935.42,,,,,,,Fee Schedule,135 percent of Medicaid APG. otherwise 135% of Ordered NYS MCD FS or 135% of ASP+6%,1893.77,,,,,,,Case Rate,"100% Medicare OPPS FS. ",9024.56,,,,,,,Case Rate,". MPL 100/50/25% all add ons apply, and lesser of 100% of billed charges",1893.77,,,,,,,Case Rate,"100% Medicare OPPS FS. ",2283.11,,,,,,,Fee Schedule,105 percent of Medicaid APG. otherwise 105% of Ordered NYS MCD FS or 105% of ASP+6%,10351,,,,,,,Case Rate,". MPL 100/50/25% all add ons apply, and lesser of 100% of billed charges",1893.77,,,,,,,Case Rate,"100% Medicare OPPS FS. ",10351,,,,,,,Case Rate,". MPL 100/50/25% all add ons apply, and lesser of 100% of billed charges",10351,,,,,,,Case Rate,". MPL 100/50/25% all add ons apply, and lesser of 100% of billed charges",10351,,,,,,,Case Rate,". MPL 100/50/25% all add ons apply, and lesser of 100% of billed charges",2283.11,,,,,,,Fee Schedule,105 percent of Medicaid APG. otherwise 105% of Ordered NYS MCD FS or 105% of ASP+6%,1893.77,,,,,,,Case Rate,"100% Medicare OPPS FS. ",10351,,,,,,,Case Rate,". MPL 100/50/25% all add ons apply, and lesser of 100% of billed charges",2935.42,,,,,,,Fee Schedule,135 percent of Medicaid APG. otherwise 135% of Ordered NYS MCD FS or 135% of ASP+6%,10351,,,,,,,Case Rate,". MPL 100/50/25% all add ons apply, and lesser of 100% of billed charges",10092.6,200,,,,,0,Case Rate,200% of Medicare OPPS. ; No services were performed during the 15 month look back period.,1893.77,,,,,,,Case Rate,"100%Medicare OPPS FS. ",7163,,,,,,,Case Rate,". ",7163,,,,,,,Case Rate,". ",7163,,,,,,,Case Rate,". ",7163,,,,,,,Case Rate,". ",7163,,,,,,,Case Rate,". ",8427,,,,,,,Case Rate,". Primary procedure pays at 100%, all subsequent at 50%.",8427,,,,,,,Case Rate,". Primary procedure pays at 100%, all subsequent at 50%.",7163,,,,,,,Case Rate,". ",7163,,,,,,,Case Rate,". ",7163,,,,,,,Case Rate,". ",7163,,,,,,,Case Rate,". ",7163,,,,,,,Case Rate,". ",1893.77,,,,,,,Case Rate,"100% Medicare OPPS FS. ",8427,,,,,,,Case Rate,". Primary procedure pays at 100%, all subsequent at 50%.",1893.77,,,,,,,Case Rate,"100% Medicare OPPS FS. ",4892.37,,,,,,,Case Rate,"225 Percent of Medicaid APG. If not included in Medicaid APG, then 100 Percent of Manhattan Medicare",2174.39,,,,,,,Case Rate,"100 Percent of Medicaid APG. ",9024.56,,,,,,,Case Rate,". MPL 100/50/25% all add ons apply, and lesser of 100% of billed charges",9024.56,,,,,,,Case Rate,". MPL 100/50/25% all add ons apply, and lesser of 100% of billed charges",1893.77,,,,,,,Case Rate,"100% Medicare OPPS FS. ",12574,,,,,,,Case Rate,". Primary procedure pays at 100%, all subsequent at 50%.",1893.77,,,,,,,Case Rate,"100% Medicare OPPS FS. ",1893.77,,,,,,,Case Rate,"100% Medicare OPPS FS. ",10024,,,,,,,Case Rate,". Primary procedure pays at 100%, secondary at 50%, all subsequent at 25%.  Lesser of applies when negotiated rates exceed charges less addons.",1893.77,,,,,,,Case Rate,"100% Medicare OPPS FS. ",6487,,,,,,,Case Rate,". MPL 100/50/25% maxmium of 3 procedures. All add ons apply, and lesser of 100% of billed charges",1893.77,,,,,,,Case Rate,"100% Medicare OPPS FS. ",6487,,,,,,,Case Rate,". MPL 100/50/25% maxmium of 3 procedures. All add ons apply, and lesser of 100% of billed charges",10024,,,,,,,Case Rate,". Primary procedure pays at 100%, secondary at 50%, all subsequent at 25%.  Lesser of applies when negotiated rates exceed charges less addons.",6487,,,,,,,Case Rate,". MPL 100/50/25% maxmium of 3 procedures. All add ons apply, and lesser of 100% of billed charges",1893.77,,,,,,,Case Rate,"100% Medicare OPPS FS. ",2174.39,,,,,,,Case Rate,"100 Percent of Medicaid APG. ",1893.77,,,,,,,Case Rate,"100% Medicare OPPS FS. ",6487,,,,,,,Case Rate,". MPL 100/50/25% maxmium of 3 procedures. All add ons apply, and lesser of 100% of billed charges",9024.56,,,,,,,Case Rate,". MPL 100/50/25% all add ons apply, and lesser of 100% of billed charges",2174.39,,,,,,,Case Rate,"100 Percent of Medicaid APG. ",10351,,,,,,,Case Rate,". MPL 100/50/25% all add ons apply, and lesser of 100% of billed charges",2609.26,,,,,,,Fee Schedule,"120 Percent of Medicaid APG. ",2609.26,,,,,,,Fee Schedule,"120 Percent of Medicaid APG. ",10351,,,,,,,Case Rate,". MPL 100/50/25% all add ons apply, and lesser of 100% of billed charges",10351,,,,,,,Case Rate,". MPL 100/50/25% all add ons apply, and lesser of 100% of billed charges",10351,,,,,,,Case Rate,". MPL 100/50/25% all add ons apply, and lesser of 100% of billed charges",9024.56,,,,,,,Case Rate,". MPL 100/50/25% all add ons apply, and lesser of 100% of billed charges",10351,,,,,,,Case Rate,". MPL 100/50/25% all add ons apply, and lesser of 100% of billed charges",10351,,,,,,,Case Rate,". MPL 100/50/25% all add ons apply, and lesser of 100% of billed charges",10351,,,,,,,Case Rate,". MPL 100/50/25% all add ons apply, and lesser of 100% of billed charges",7163,,,,,,,Case Rate,". ",7163,,,,,,,Case Rate,". ",3749.66,,,,,,,Case Rate,198 Percent of Medicare OPPS. Metroplus will reimburse unlisted codes and described codes with no Medicare rate at 50 percent of charges.,2174.39,,,,,,,Case Rate,"100 Percent of Medicaid APG. ",9024.56,,,,,,,Case Rate,". MPL 100/50/25% all add ons apply, and lesser of 100% of billed charges",6487,,,,,,,Case Rate,". MPL 100/50/25% maxmium of 3 procedures. All add ons apply, and lesser of 100% of billed charges",10024,,,,,,,Case Rate,". Primary procedure pays at 100%, secondary at 50%, all subsequent at 25%.  Lesser of applies when negotiated rates exceed charges less addons.",9024.56,,,,,,,Case Rate,". MPL 100/50/25% all add ons apply, and lesser of 100% of billed charges",10024,,,,,,,Case Rate,". Primary procedure pays at 100%, secondary at 50%, all subsequent at 25%.  Lesser of applies when negotiated rates exceed charges less addons.",9024.56,,,,,,,Case Rate,". MPL 100/50/25% all add ons apply, and lesser of 100% of billed charges",10351,,,,,,,Case Rate,". MPL 100/50/25% all add ons apply, and lesser of 100% of billed charges",10351,,,,,,,Case Rate,". MPL 100/50/25% all add ons apply, and lesser of 100% of billed charges",10351,,,,,,,Case Rate,". MPL 100/50/25% all add ons apply, and lesser of 100% of billed charges",10351,,,,,,,Case Rate,". MPL 100/50/25% all add ons apply, and lesser of 100% of billed charges",1893.77,,,,,,,Case Rate,"100% Medicare OPPS FS. ",802.93,25798,
28039,CPT,,,490,RC,EXC FOOT/TOE TUM SC 1.5 CM/>,,,both,,,,5941,,,,,,,Case Rate,". MPL 1st 100% of Payment Rate 50% of all others, all add ons apply, and lesser of 100% of billed charges.",5941,,,,,,,Case Rate,". MPL 1st 100% of Payment Rate 50% of all others, all add ons apply, and lesser of 100% of billed charges.",6593,,,,,,,Case Rate,". Primary procedure pays at 100%, secondary at 50%, all subsequent at 25%.  Lesser of applies when negotiated rates exceed charges less addons.",,100,,,,,0,percent of total billed charges,100 percent of billed charges. ; No services were performed during the 15 month look back period.,3386.66,,,,,,,Case Rate,"100% Medicare OPPS FS. ",6593,,,,,,,Case Rate,". Primary procedure pays at 100%, secondary at 50%, all subsequent at 25%.  Lesser of applies when negotiated rates exceed charges less addons.",6593,,,,,,,Case Rate,". Primary procedure pays at 100%, secondary at 50%, all subsequent at 25%.  Lesser of applies when negotiated rates exceed charges less addons.",6593,,,,,,,Case Rate,". Primary procedure pays at 100%, secondary at 50%, all subsequent at 25%.  Lesser of applies when negotiated rates exceed charges less addons.",2609.26,,,,,,,Case Rate,"100 Percent of Medicaid APG. ",2174.39,,,,,,,Case Rate,"100 Percent of Medicaid APG. ",,78,,,,,0,percent of total billed charges,78% of Billed Charges. Lesser of 100% of billed charges applies.; No services were performed during the 15 month look back period.,9024.56,,,,,,,Case Rate,". MPL 100/50/25% all add ons apply, and lesser of 100% of billed charges",2174.39,,,,,,,Case Rate,"100 Percent of Medicaid APG. ",3386.66,,,,,,,Case Rate,"100% Medicare OPPS FS. ",6487,,,,,,,Case Rate,". MPL 100/50/25% maxmium of 3 procedures. All add ons apply, and lesser of 100% of billed charges",6487,,,,,,,Case Rate,". MPL 100/50/25% maxmium of 3 procedures. All add ons apply, and lesser of 100% of billed charges",6487,,,,,,,Case Rate,". MPL 100/50/25% maxmium of 3 procedures. All add ons apply, and lesser of 100% of billed charges",6487,,,,,,,Case Rate,". MPL 100/50/25% maxmium of 3 procedures. All add ons apply, and lesser of 100% of billed charges",2174.39,,,,,,,Case rate,124 Percent of Medicaid APG. Covered services not payable under Medicaid Fee Schedules default to a payment of 50 percent of charges.,3386.66,,,,,,,Case Rate,"100% Medicare OPPS FS. ",2174.39,,,,,,,Case rate,124 Percent of Medicaid APG. Covered services not payable under Medicaid Fee Schedules default to a payment of 50 percent of charges.,,78,,,,,0,percent of total billed charges,78% of Billed Charges. Lesser of 100% of billed charges applies.; No services were performed during the 15 month look back period.,6593,,,,,,,Case Rate,". Primary procedure pays at 100%, secondary at 50%, all subsequent at 25%.  Lesser of applies when negotiated rates exceed charges less addons.",3386.66,,,,,,,Case Rate,"100%Medicare OPPS FS. ",8427,,,,,,,Case Rate,". Primary procedure pays at 100%, all subsequent at 50%.",3386.66,,,,,,,Case Rate,"100%Medicare OPPS FS. ",3386.66,,,,,,,Case Rate,"100%Medicare OPPS FS. ",,78,,,,,0,percent of total billed charges,78% of Billed Charges. Lesser of 100% of billed charges applies.; No services were performed during the 15 month look back period.,1228.42,,,,,,,Case Rate,100% of PAS. Lesser of 100% of billed charges applies.,1228.42,,,,,,,Case Rate,100% of PAS. Lesser of 100% of billed charges applies.,2174.39,,,,,,,Case rate,"100 Percent of Medicaid APG. ",2174.39,,,,,,,Case rate,"100 Percent of Medicaid APG. ",8427,,,,,,,Case Rate,". Primary procedure pays at 100%, all subsequent at 50%.",8427,,,,,,,Case Rate,". Primary procedure pays at 100%, all subsequent at 50%.",2174.39,,,,,,,Case Rate,"100 Percent of Medicaid APG. Not APG payable, or payable under another fee schedule like ASP/AWP pays at 30% of charges",8427,,,,,,,Case Rate,". Primary procedure pays at 100%, all subsequent at 50%.",2174.39,,,,,,,Case Rate,"100 Percent of Medicaid APG. Not APG payable, or payable under another fee schedule like ASP/AWP pays at 30% of charges",3386.66,,,,,,,Case Rate,"100%Medicare OPPS FS. ",8427,,,,,,,Case Rate,". Primary procedure pays at 100%, all subsequent at 50%.",,78,,,,,0,percent of total billed charges,78% of Billed Charges. Lesser of 100% of billed charges applies.; No services were performed during the 15 month look back period.,2174.39,,,,,,,Case Rate,"100 Percent of Medicaid APG. ",2174.39,,,,,,,Case Rate,"100 Percent of Medicaid APG. ",,78,,,,,0,percent of total billed charges,78% of Billed Charges. Lesser of 100% of billed charges applies.; No services were performed during the 15 month look back period.,6487,,,,,,,Case Rate,". MPL 100/50/25% maxmium of 3 procedures. All add ons apply, and lesser of 100% of billed charges",7929,,,,,,,Case Rate,". MPL 100/50/25% all add ons apply, and lesser of 100% of billed charges",7929,,,,,,,Case Rate,". MPL 100/50/25% all add ons apply, and lesser of 100% of billed charges",,78,,,,,0,percent of total billed charges,78% of Billed Charges. Lesser of 100% of billed charges applies.; No services were performed during the 15 month look back period.,3386.66,,,,,,,Case Rate,"100% Medicare OPPS FS. ",9024.56,,,,,,,Case Rate,". MPL 100/50/25% all add ons apply, and lesser of 100% of billed charges",9024.56,,,,,,,Case Rate,". MPL 100/50/25% all add ons apply, and lesser of 100% of billed charges",9024.56,,,,,,,Case Rate,". MPL 100/50/25% all add ons apply, and lesser of 100% of billed charges",3386.66,,,,,,,Case Rate,"100% Medicare OPPS FS. ",9024.56,,,,,,,Case Rate,". MPL 100/50/25% all add ons apply, and lesser of 100% of billed charges",9024.56,,,,,,,Case Rate,". MPL 100/50/25% all add ons apply, and lesser of 100% of billed charges",3386.66,,,,,,,Case Rate,"100% of Medicare OPPS. ",25798,,,,,,,Case Rate,". MPL 100/75/50% all add ons apply, and lesser of 100% of billed charges",13586,,,,,,,Case Rate,". MPL 100/50/25% all add ons apply, and lesser of 100% of billed charges",13586,,,,,,,Case Rate,". MPL 100/50/25% all add ons apply, and lesser of 100% of billed charges",13586,,,,,,,Case Rate,". MPL 100/50/25% all add ons apply, and lesser of 100% of billed charges",13586,,,,,,,Case Rate,". MPL 100/50/25% all add ons apply, and lesser of 100% of billed charges",13586,,,,,,,Case Rate,". MPL 100/50/25% all add ons apply, and lesser of 100% of billed charges",13586,,,,,,,Case Rate,". MPL 100/50/25% all add ons apply, and lesser of 100% of billed charges",3386.66,,,,,,,Case Rate,"100% Medicare OPPS FS. ",3386.66,,,,,,,Case Rate,"100% Medicare OPPS FS. ",13586,,,,,,,Case Rate,". MPL 100/50/25% all add ons apply, and lesser of 100% of billed charges",,78,,,,,0,percent of total billed charges,78% of Billed Charges. Lesser of 100% of billed charges applies.; No services were performed during the 15 month look back period.,,78,,,,,0,percent of total billed charges,78% of Billed Charges. Lesser of 100% of billed charges applies.; No services were performed during the 15 month look back period.,,78,,,,,0,percent of total billed charges,78% of Billed Charges. Lesser of 100% of billed charges applies.; No services were performed during the 15 month look back period.,,78,,,,,0,percent of total billed charges,78% of Billed Charges. Lesser of 100% of billed charges applies.; No services were performed during the 15 month look back period.,,78,,,,,0,percent of total billed charges,78% of Billed Charges. Lesser of 100% of billed charges applies.; No services were performed during the 15 month look back period.,,78,,,,,0,percent of total billed charges,78% of Billed Charges. Lesser of 100% of billed charges applies.; No services were performed during the 15 month look back period.,,78,,,,,0,percent of total billed charges,78% of Billed Charges. Lesser of 100% of billed charges applies.; No services were performed during the 15 month look back period.,,78,,,,,0,percent of total billed charges,78% of Billed Charges. Lesser of 100% of billed charges applies.; No services were performed during the 15 month look back period.,,78,,,,,0,percent of total billed charges,78% of Billed Charges. Lesser of 100% of billed charges applies.; No services were performed during the 15 month look back period.,,78,,,,,0,percent of total billed charges,78% of Billed Charges. Lesser of 100% of billed charges applies.; No services were performed during the 15 month look back period.,,78,,,,,0,percent of total billed charges,78% of Billed Charges. Lesser of 100% of billed charges applies.; No services were performed during the 15 month look back period.,,78,,,,,0,percent of total billed charges,78% of Billed Charges. Lesser of 100% of billed charges applies.; No services were performed during the 15 month look back period.,,78,,,,,0,percent of total billed charges,78% of Billed Charges. Lesser of 100% of billed charges applies.; No services were performed during the 15 month look back period.,,78,,,,,0,percent of total billed charges,78% of Billed Charges. Lesser of 100% of billed charges applies.; No services were performed during the 15 month look back period.,,78,,,,,0,percent of total billed charges,78% of Billed Charges. Lesser of 100% of billed charges applies.; No services were performed during the 15 month look back period.,,78,,,,,0,percent of total billed charges,78% of Billed Charges. Lesser of 100% of billed charges applies.; No services were performed during the 15 month look back period.,,78,,,,,0,percent of total billed charges,78% of Billed Charges. Lesser of 100% of billed charges applies.; No services were performed during the 15 month look back period.,,78,,,,,0,percent of total billed charges,78% of Billed Charges. Lesser of 100% of billed charges applies.; No services were performed during the 15 month look back period.,,78,,,,,0,percent of total billed charges,78% of Billed Charges. Lesser of 100% of billed charges applies.; No services were performed during the 15 month look back period.,,78,,,,,0,percent of total billed charges,78% of Billed Charges. Lesser of 100% of billed charges applies.; No services were performed during the 15 month look back period.,,78,,,,,0,percent of total billed charges,78% of Billed Charges. Lesser of 100% of billed charges applies.; No services were performed during the 15 month look back period.,,78,,,,,0,percent of total billed charges,78% of Billed Charges. Lesser of 100% of billed charges applies.; No services were performed during the 15 month look back period.,,78,,,,,0,percent of total billed charges,78% of Billed Charges. Lesser of 100% of billed charges applies.; No services were performed during the 15 month look back period.,,78,,,,,0,percent of total billed charges,78% of Billed Charges. Lesser of 100% of billed charges applies.; No services were performed during the 15 month look back period.,,78,,,,,0,percent of total billed charges,78% of Billed Charges. Lesser of 100% of billed charges applies.; No services were performed during the 15 month look back period.,,78,,,,,0,percent of total billed charges,78% of Billed Charges. Lesser of 100% of billed charges applies.; No services were performed during the 15 month look back period.,8427,,,,,,,Case Rate,". Primary procedure pays at 100%, all subsequent at 50%.",8427,,,,,,,Case Rate,". Primary procedure pays at 100%, all subsequent at 50%.",8427,,,,,,,Case Rate,". Primary procedure pays at 100%, all subsequent at 50%.",8427,,,,,,,Case Rate,". Primary procedure pays at 100%, all subsequent at 50%.",12574,,,,,,,Case Rate,". Primary procedure pays at 100%, all subsequent at 50%.",12574,,,,,,,Case Rate,". Primary procedure pays at 100%, all subsequent at 50%.",6487,,,,,,,Case Rate,". MPL 100/50/25% maxmium of 3 procedures. All add ons apply, and lesser of 100% of billed charges",13586,,,,,,,Case Rate,". MPL 100/50/25% all add ons apply, and lesser of 100% of billed charges",9024.56,,,,,,,Case Rate,". MPL 100/50/25% all add ons apply, and lesser of 100% of billed charges",13586,,,,,,,Case Rate,". MPL 100/50/25% all add ons apply, and lesser of 100% of billed charges",,78,,,,,0,percent of total billed charges,78% of Billed Charges. Lesser of 100% of billed charges applies.; No services were performed during the 15 month look back period.,12574,,,,,,,Case Rate,". Primary procedure pays at 100%, all subsequent at 50%.",13586,,,,,,,Case Rate,". MPL 100/50/25% all add ons apply, and lesser of 100% of billed charges",9024.56,,,,,,,Case Rate,". MPL 100/50/25% all add ons apply, and lesser of 100% of billed charges",6487,,,,,,,Case Rate,". MPL 100/50/25% maxmium of 3 procedures. All add ons apply, and lesser of 100% of billed charges",,,,,,,,,"NA. ",,78,,,,,0,percent of total billed charges,78% of Billed Charges. Lesser of 100% of billed charges applies.; No services were performed during the 15 month look back period.,2174.39,,,,,,,Case Rate,"100 Percent of Medicaid APG. ",8427,,,,,,,Case Rate,". Primary procedure pays at 100%, all subsequent at 50%.",2174.39,,,,,,,Case Rate,"100 Percent of Medicaid APG. Not APG payable, or payable under another fee schedule like ASP/AWP pays at 30% of charges",3386.66,,,,,,,Case Rate,"100%Medicare OPPS FS. ",3386.66,,,,,,,Case Rate,"100% Medicare OPPS FS. ",25798,,,,,,,Case Rate,". MPL 100/75/50% all add ons apply, and lesser of 100% of billed charges",3386.66,,,,,,,Case Rate,"100% Medicare OPPS FS. ",3386.66,,,,,,,Case Rate,"100% Medicare OPPS FS. ",2174.39,,,,,,,Case Rate,"100 Percent of Medicaid APG. ",3386.66,,,,,,,Case Rate,"100% Medicare OPPS FS. ",3386.66,,,,,,,Case Rate,"100% Medicare OPPS FS. ",6593,,,,,,,Case Rate,". Primary procedure pays at 100%, secondary at 50%, all subsequent at 25%.  Lesser of applies when negotiated rates exceed charges less addons.",6593,,,,,,,Case Rate,". Primary procedure pays at 100%, secondary at 50%, all subsequent at 25%.  Lesser of applies when negotiated rates exceed charges less addons.",3386.66,,,,,,,Case Rate,"100% Medicare OPPS FS. ",6487,,,,,,,Case Rate,". MPL 100/50/25% maxmium of 3 procedures. All add ons apply, and lesser of 100% of billed charges",9024.56,,,,,,,Case Rate,". MPL 100/50/25% all add ons apply, and lesser of 100% of billed charges",9024.56,,,,,,,Case Rate,". MPL 100/50/25% all add ons apply, and lesser of 100% of billed charges",3386.66,,,,,,,Case Rate,"100% Medicare OPPS FS. ",6487,,,,,,,Case Rate,". MPL 100/50/25% maxmium of 3 procedures. All add ons apply, and lesser of 100% of billed charges",6593,,,,,,,Case Rate,". Primary procedure pays at 100%, secondary at 50%, all subsequent at 25%.  Lesser of applies when negotiated rates exceed charges less addons.",6593,,,,,,,Case Rate,". Primary procedure pays at 100%, secondary at 50%, all subsequent at 25%.  Lesser of applies when negotiated rates exceed charges less addons.",6593,,,,,,,Case Rate,". Primary procedure pays at 100%, secondary at 50%, all subsequent at 25%.  Lesser of applies when negotiated rates exceed charges less addons.",,78,,,,,0,percent of total billed charges,78% of Billed Charges. Lesser of 100% of billed charges applies.; No services were performed during the 15 month look back period.,,78,,,,,0,percent of total billed charges,78% of Billed Charges. Lesser of 100% of billed charges applies.; No services were performed during the 15 month look back period.,,78,,,,,0,percent of total billed charges,78% of Billed Charges. Lesser of 100% of billed charges applies.; No services were performed during the 15 month look back period.,,78,,,,,0,percent of total billed charges,78% of Billed Charges. Lesser of 100% of billed charges applies.; No services were performed during the 15 month look back period.,,78,,,,,0,percent of total billed charges,78% of Billed Charges. Lesser of 100% of billed charges applies.; No services were performed during the 15 month look back period.,,78,,,,,0,percent of total billed charges,78% of Billed Charges. Lesser of 100% of billed charges applies.; No services were performed during the 15 month look back period.,,78,,,,,0,percent of total billed charges,78% of Billed Charges. Lesser of 100% of billed charges applies.; No services were performed during the 15 month look back period.,,78,,,,,0,percent of total billed charges,78% of Billed Charges. Lesser of 100% of billed charges applies.; No services were performed during the 15 month look back period.,,78,,,,,0,percent of total billed charges,78% of Billed Charges. Lesser of 100% of billed charges applies.; No services were performed during the 15 month look back period.,,78,,,,,0,percent of total billed charges,78% of Billed Charges. Lesser of 100% of billed charges applies.; No services were performed during the 15 month look back period.,,78,,,,,0,percent of total billed charges,78% of Billed Charges. Lesser of 100% of billed charges applies.; No services were performed during the 15 month look back period.,12574,,,,,,,Case Rate,". Primary procedure pays at 100%, all subsequent at 50%.",13586,,,,,,,Case Rate,". MPL 100/50/25% all add ons apply, and lesser of 100% of billed charges",6487,,,,,,,Case Rate,". MPL 100/50/25% maxmium of 3 procedures. All add ons apply, and lesser of 100% of billed charges",3386.66,,,,,,,Case Rate,"100% Medicare OPPS FS. ",6593,,,,,,,Case Rate,". Primary procedure pays at 100%, secondary at 50%, all subsequent at 25%.  Lesser of applies when negotiated rates exceed charges less addons.",6487,,,,,,,Case Rate,". MPL 100/50/25% maxmium of 3 procedures. All add ons apply, and lesser of 100% of billed charges",6487,,,,,,,Case Rate,". MPL 100/50/25% maxmium of 3 procedures. All add ons apply, and lesser of 100% of billed charges",,78,,,,,0,percent of total billed charges,78% of Billed Charges. Lesser of 100% of billed charges applies.; No services were performed during the 15 month look back period.,4653.19,,,,,,,Case Rate,"214 Percent of Medicaid APG. Drugs not priced under APG, billed with revenue code 636 and not priced by Medicare ASP FeeSched will be reimbursed at 20% of charges.",6487,,,,,,,Case Rate,". MPL 100/50/25% maxmium of 3 procedures. All add ons apply, and lesser of 100% of billed charges",2174.39,,,,,,,Case Rate,"100 Percent of Medicaid APG. ",3386.66,,,,,,,Case Rate,"100% Medicare OPPS FS. ",3386.66,,,,,,,Case Rate,"100% Medicare OPPS FS. ",3386.66,,,,,,,Case Rate,"100% Medicare OPPS FS. ",3386.66,,,,,,,Case Rate,"100% Medicare OPPS FS. ",3386.66,,,,,,,Case Rate,"100% Medicare OPPS FS. ",3386.66,,,,,,,Case Rate,"100% Medicare OPPS FS. ",6487,,,,,,,Case Rate,". MPL 100/50/25% maxmium of 3 procedures. All add ons apply, and lesser of 100% of billed charges",25798,,,,,,,Case Rate,". MPL 100/75/50% all add ons apply, and lesser of 100% of billed charges",3913.9,,,,,,,Fee Schedule,"180 Percent of Medicaid APG. ",3913.9,,,,,,,Fee Schedule,"180 Percent of Medicaid APG. ",3913.9,,,,,,,Fee Schedule,"180 Percent of Medicaid APG. ",3913.9,,,,,,,Fee Schedule,"180 Percent of Medicaid APG. ",3913.9,,,,,,,Fee Schedule,"180 Percent of Medicaid APG. ",,,,,,,,,"NA. ",25798,,,,,,,Case Rate,". MPL 100/75/50% all add ons apply, and lesser of 100% of billed charges",6705.59,,,,,,,Case Rate,198 Percent of Medicare OPPS. Metroplus will reimburse unlisted codes and described codes with no Medicare rate at 50 percent of charges.,6705.59,,,,,,,Case Rate,198 Percent of Medicare OPPS. Metroplus will reimburse unlisted codes and described codes with no Medicare rate at 50 percent of charges.,6705.59,,,,,,,Case Rate,198 Percent of Medicare OPPS. Metroplus will reimburse unlisted codes and described codes with no Medicare rate at 50 percent of charges.,6705.59,,,,,,,Case Rate,198 Percent of Medicare OPPS. Metroplus will reimburse unlisted codes and described codes with no Medicare rate at 50 percent of charges.,6705.59,,,,,,,Case Rate,198 Percent of Medicare OPPS. Metroplus will reimburse unlisted codes and described codes with no Medicare rate at 50 percent of charges.,3386.66,,,,,,,Case Rate,"100% Medicare OPPS FS. ",12574,,,,,,,Case Rate,". Primary procedure pays at 100%, all subsequent at 50%.",12574,,,,,,,Case Rate,". Primary procedure pays at 100%, all subsequent at 50%.",12574,,,,,,,Case Rate,". Primary procedure pays at 100%, all subsequent at 50%.",12574,,,,,,,Case Rate,". Primary procedure pays at 100%, all subsequent at 50%.",6593,,,,,,,Case Rate,". Primary procedure pays at 100%, secondary at 50%, all subsequent at 25%.  Lesser of applies when negotiated rates exceed charges less addons.",6593,,,,,,,Case Rate,". Primary procedure pays at 100%, secondary at 50%, all subsequent at 25%.  Lesser of applies when negotiated rates exceed charges less addons.",6593,,,,,,,Case Rate,". Primary procedure pays at 100%, secondary at 50%, all subsequent at 25%.  Lesser of applies when negotiated rates exceed charges less addons.",6593,,,,,,,Case Rate,". Primary procedure pays at 100%, secondary at 50%, all subsequent at 25%.  Lesser of applies when negotiated rates exceed charges less addons.",25798,,,,,,,Case Rate,". MPL 100/75/50% all add ons apply, and lesser of 100% of billed charges",25798,,,,,,,Case Rate,". MPL 100/75/50% all add ons apply, and lesser of 100% of billed charges",3386.66,,,,,,,Case Rate,"100% Medicare OPPS FS. ",3386.66,,,,,,,Case Rate,"100% Medicare OPPS FS. ",3386.66,,,,,,,Case Rate,"100% Medicare OPPS FS. ",13586,,,,,,,Case Rate,". MPL 100/50/25% all add ons apply, and lesser of 100% of billed charges",13586,,,,,,,Case Rate,". MPL 100/50/25% all add ons apply, and lesser of 100% of billed charges",13586,,,,,,,Case Rate,". MPL 100/50/25% all add ons apply, and lesser of 100% of billed charges",25798,,,,,,,Case Rate,". MPL 100/75/50% all add ons apply, and lesser of 100% of billed charges",6593,,,,,,,Case Rate,". Primary procedure pays at 100%, secondary at 50%, all subsequent at 25%.  Lesser of applies when negotiated rates exceed charges less addons.",3386.66,,,,,,,Case Rate,"100% Medicare OPPS FS. ",13586,,,,,,,Case Rate,". MPL 100/50/25% all add ons apply, and lesser of 100% of billed charges",2174.39,,,,,,,Case Rate,"100 Percent of Medicaid APG. ",3454.4,,,,,,,Case Rate,"102% of Medicare OPPS. ",3454.4,,,,,,,Case Rate,"102% of Medicare OPPS. ",3454.4,,,,,,,Case Rate,"102% of Medicare OPPS. ",2174.39,,,,,,,Case rate,"100 Percent of Medicaid APG. ",4892.37,,,,,,,Case Rate,225% of NYS APG. Lesser of 100% of billed charges applies.,4892.37,,,,,,,Case Rate,225% of NYS APG. Lesser of 100% of billed charges applies.,4892.37,,,,,,,Case Rate,225% of NYS APG. Lesser of 100% of billed charges applies.,4892.37,,,,,,,Case Rate,225% of NYS APG. Lesser of 100% of billed charges applies.,4892.37,,,,,,,Case Rate,225% of NYS APG. Lesser of 100% of billed charges applies.,3454.4,,,,,,,Case Rate,"102% of Medicare OPPS. ",2174.39,,,,,,,Case Rate,"100 Percent of Medicaid APG. ",1228.42,,,,,,,Case Rate,100% of PAS. Lesser of 100% of billed charges applies.,4892.37,,,,,,,Case Rate,225% of NYS APG. Lesser of 100% of billed charges applies.,4892.37,,,,,,,Case Rate,225% of NYS APG. Lesser of 100% of billed charges applies.,1228.42,,,,,,,Case Rate,100% of PAS. Lesser of 100% of billed charges applies.,1228.42,,,,,,,Case Rate,100% of PAS. Lesser of 100% of billed charges applies.,3913.9,,,,,,,Fee Schedule,"180 Percent of Medicaid APG. ",3386.66,,,,,,,Case Rate,"100% Medicare OPPS FS. ",3386.66,,,,,,,Case Rate,"100% Medicare OPPS FS. ",6593,,,,,,,Case Rate,". Primary procedure pays at 100%, secondary at 50%, all subsequent at 25%.  Lesser of applies when negotiated rates exceed charges less addons.",3386.66,,,,,,,Case Rate,"100% Medicare OPPS FS. ",4892.37,,,,,,,Case Rate,"225 Percent of Medicaid APG. ",4892.37,,,,,,,Case Rate,"225 Percent of Medicaid APG. ",2174.39,,,,,,,Case rate,"100 Percent of Medicaid APG. ",2174.39,,,,,,,Case rate,"100 Percent of Medicaid APG. ",4892.37,,,,,,,Case Rate,225 Percent of Medicaid APG. Covered services not payable under Medicaid Fee Schedules default to a payment of 87.5 percent of charges.,2174.39,,,,,,,Case rate,124 Percent of Medicaid APG. Covered services not payable under Medicaid Fee Schedules default to a payment of 50 percent of charges.,4892.37,,,,,,,Case Rate,"100 Percent of Medicaid APG. ",4892.37,,,,,,,Case Rate,"100 Percent of Medicaid APG. ",4892.37,,,,,,,Case Rate,"100 Percent of Medicaid APG. ",4892.37,,,,,,,Case Rate,"100 Percent of Medicaid APG. ",13453,,,,,,,Case Rate,". MPL 100/75/50% all add ons apply, and lesser of 100% of billed charges",25798,,,,,,,Case Rate,". MPL 100/75/50% all add ons apply, and lesser of 100% of billed charges",2609.26,,,,,,,Case Rate,"120 Percent of Medicaid APG. Not APG payable, or payable under another fee schedule like ASP/AWP pays at 30% of charges",2609.26,,,,,,,Case Rate,"120 Percent of Medicaid APG. Not APG payable, or payable under another fee schedule like ASP/AWP pays at 30% of charges",2174.39,,,,,,,Case Rate,"100 Percent of Medicaid APG. Not APG payable, or payable under another fee schedule like ASP/AWP pays at 30% of charges",2174.39,,,,,,,Case Rate,"100 Percent of Medicaid APG. Not APG payable, or payable under another fee schedule like ASP/AWP pays at 30% of charges",13586,,,,,,,Case Rate,". MPL 100/50/25% all add ons apply, and lesser of 100% of billed charges",13586,,,,,,,Case Rate,". MPL 100/50/25% all add ons apply, and lesser of 100% of billed charges",3386.66,,,,,,,Case Rate,"100% Medicare OPPS FS. ",13586,,,,,,,Case Rate,". MPL 100/50/25% all add ons apply, and lesser of 100% of billed charges",13586,,,,,,,Case Rate,". MPL 100/50/25% all add ons apply, and lesser of 100% of billed charges",13586,,,,,,,Case Rate,". MPL 100/50/25% all add ons apply, and lesser of 100% of billed charges",13586,,,,,,,Case Rate,". MPL 100/50/25% all add ons apply, and lesser of 100% of billed charges",3386.66,,,,,,,Case Rate,"100% Medicare OPPS FS. ",13586,,,,,,,Case Rate,". MPL 100/50/25% all add ons apply, and lesser of 100% of billed charges",13586,,,,,,,Case Rate,". MPL 100/50/25% all add ons apply, and lesser of 100% of billed charges",6593,,,,,,,Case Rate,". Primary procedure pays at 100%, secondary at 50%, all subsequent at 25%.  Lesser of applies when negotiated rates exceed charges less addons.",2174.39,,,,,,,Fee Schedule,100% APG. Lesser of 100% of billed charges applies.,2174.39,,,,,,,Case rate,124 Percent of Medicaid APG. Covered services not payable under Medicaid Fee Schedules default to a payment of 50 percent of charges.,4892.37,,,,,,,Case Rate,225% of NYS APG. Lesser of 100% of billed charges applies.,4892.37,,,,,,,Case Rate,225 Percent of Medicaid APG. Covered services not payable under Medicaid Fee Schedules default to a payment of 87.5 percent of charges.,2174.39,,,,,,,Case rate,124 Percent of Medicaid APG. Covered services not payable under Medicaid Fee Schedules default to a payment of 50 percent of charges.,4892.37,,,,,,,Case Rate,225% of NYS APG. Lesser of 100% of billed charges applies.,4892.37,,,,,,,Case Rate,225% of NYS APG. Lesser of 100% of billed charges applies.,4892.37,,,,,,,Case Rate,225% of NYS APG. Lesser of 100% of billed charges applies.,4892.37,,,,,,,Case Rate,225% of NYS APG. Lesser of 100% of billed charges applies.,4892.37,,,,,,,Case Rate,225% of NYS APG. Lesser of 100% of billed charges applies.,4892.37,,,,,,,Case Rate,225% of NYS APG. Lesser of 100% of billed charges applies.,,,,,,,,,"NA. ",,,,,,,,,"NA. ",,,,,,,,,"NA. ",6487,,,,,,,Case Rate,". MPL 100/50/25% maxmium of 3 procedures. All add ons apply, and lesser of 100% of billed charges",,,,,,,,,"NA. ",3386.66,,,,,,,Case Rate,"100% Medicare OPPS FS. ",5941,,,,,,,Case Rate,". MPL 1st 100% of Payment Rate 50% of all others, all add ons apply, and lesser of 100% of billed charges.",3386.66,,,,,,,Case Rate,"100% Medicare OPPS FS. ",3386.66,,,,,,,Case Rate,"100% Medicare OPPS FS. ",2609.26,,,,,,,Case Rate,"120 Percent of Medicaid APG. Not APG payable, or payable under another fee schedule like ASP/AWP pays at 30% of charges",2609.26,,,,,,,Case Rate,"120 Percent of Medicaid APG. Not APG payable, or payable under another fee schedule like ASP/AWP pays at 30% of charges",2174.39,,,,,,,Case Rate,"100 Percent of Medicaid APG. Not APG payable, or payable under another fee schedule like ASP/AWP pays at 30% of charges",2174.39,,,,,,,Case Rate,"100 Percent of Medicaid APG. Not APG payable, or payable under another fee schedule like ASP/AWP pays at 30% of charges",2174.39,,,,,,,Case Rate,"100 Percent of Medicaid APG. ",7163,,,,,,,Case Rate,". ",6593,,,,,,,Case Rate,". Primary procedure pays at 100%, secondary at 50%, all subsequent at 25%.  Lesser of applies when negotiated rates exceed charges less addons.",8427,,,,,,,Case Rate,". Primary procedure pays at 100%, all subsequent at 50%.",6487,,,,,,,Case Rate,". MPL 100/50/25% maxmium of 3 procedures. All add ons apply, and lesser of 100% of billed charges",3386.66,,,,,,,Case Rate,"100%Medicare OPPS FS. ",3386.66,,,,,,,Case Rate,"100% Medicare OPPS FS. ",3386.66,,,,,,,Case Rate,"100% Medicare OPPS FS. ",3386.66,,,,,,,Case Rate,"100% Medicare OPPS FS. ",3386.66,,,,,,,Case Rate,"100%Medicare OPPS FS. ",3386.66,,,,,,,Case Rate,"100% Medicare OPPS FS. ",,,,,,,,,"NA. ",4892.37,,,,,,,Case Rate,225% of NYS APG. Lesser of 100% of billed charges applies.,1228.42,,,,,,,Case Rate,100% of PAS. Lesser of 100% of billed charges applies.,13586,,,,,,,Case Rate,". MPL 100/50/25% all add ons apply, and lesser of 100% of billed charges",7163,,,,,,,Case Rate,". ",7163,,,,,,,Case Rate,". ",7163,,,,,,,Case Rate,". ",7163,,,,,,,Case Rate,". ",3386.66,,,,,,,Case Rate,"100% Medicare OPPS FS. ",2174.39,,,,,,,Case Rate,"100 Percent of Medicaid APG. ",13586,,,,,,,Case Rate,". MPL 100/50/25% all add ons apply, and lesser of 100% of billed charges",2174.39,,,,,,,Case Rate,"100 Percent of Medicaid APG. ",3386.66,,,,,,,Case Rate,"100% Medicare OPPS FS. ",2174.39,,,,,,,Case Rate,"100 Percent of Medicaid APG. ",3386.66,,,,,,,Case Rate,"100% Medicare OPPS FS. ",3386.66,,,,,,,Case Rate,"100% Medicare OPPS FS. ",2174.39,,,,,,,Case Rate,"100 Percent of Medicaid APG. ",2174.39,,,,,,,Case Rate,"100 Percent of Medicaid APG. ",7163,,,,,,,Case Rate,". ",6487,,,,,,,Case Rate,". MPL 100/50/25% maxmium of 3 procedures. All add ons apply, and lesser of 100% of billed charges",,78,,,,,0,percent of total billed charges,78% of Billed Charges. Lesser of 100% of billed charges applies.; No services were performed during the 15 month look back period.,9024.56,,,,,,,Case Rate,". MPL 100/50/25% all add ons apply, and lesser of 100% of billed charges",9024.56,,,,,,,Case Rate,". MPL 100/50/25% all add ons apply, and lesser of 100% of billed charges",6593,,,,,,,Case Rate,". Primary procedure pays at 100%, secondary at 50%, all subsequent at 25%.  Lesser of applies when negotiated rates exceed charges less addons.",1154.1,,,,,,,Case Rate,"83% HF Fee schedule. ",12574,,,,,,,Case Rate,". Primary procedure pays at 100%, all subsequent at 50%.",12574,,,,,,,Case Rate,". Primary procedure pays at 100%, all subsequent at 50%.",10869,,,,,,,Case Rate,". MPL 100/50/25% all add ons apply, and lesser of 100% of billed charges",10869,,,,,,,Case Rate,". MPL 100/50/25% all add ons apply, and lesser of 100% of billed charges",3386.66,,,,,,,Case Rate,"100% Medicare OPPS FS. ",3386.66,,,,,,,Case Rate,"100% Medicare OPPS FS. ",3386.66,,,,,,,Case Rate,"100% Medicare OPPS FS. ",3386.66,,,,,,,Case Rate,"100% Medicare OPPS FS. ",9024.56,,,,,,,Case Rate,". MPL 100/50/25% all add ons apply, and lesser of 100% of billed charges",13586,,,,,,,Case Rate,". MPL 100/50/25% all add ons apply, and lesser of 100% of billed charges",13586,,,,,,,Case Rate,". MPL 100/50/25% all add ons apply, and lesser of 100% of billed charges",3386.66,,,,,,,Case Rate,"100% Medicare OPPS FS. ",10869,,,,,,,Case Rate,". MPL 100/50/25% all add ons apply, and lesser of 100% of billed charges",8427,,,,,,,Case Rate,". Primary procedure pays at 100%, all subsequent at 50%.",2609.26,,,,,,,Fee Schedule,"120 Percent of Medicaid APG. ",2174.39,,,,,,,Case Rate,"100 Percent of Medicaid APG. ",7163,,,,,,,Case Rate,". ",12227,,,,,,,Case Rate,". MPL 100/50/25% all add ons apply, and lesser of 100% of billed charges",12227,,,,,,,Case Rate,". MPL 100/50/25% all add ons apply, and lesser of 100% of billed charges",13586,,,,,,,Case Rate,". MPL 100/50/25% all add ons apply, and lesser of 100% of billed charges",14948,,,,,,,Case Rate,". MPL 100/75/50% all add ons apply, and lesser of 100% of billed charges",3386.66,,,,,,,Case Rate,"100%Medicare OPPS FS. ",2283.11,,,,,,,Fee Schedule,105 percent of Medicaid APG. otherwise 105% of Ordered NYS MCD FS or 105% of ASP+6%,2283.11,,,,,,,Fee Schedule,105 percent of Medicaid APG. otherwise 105% of Ordered NYS MCD FS or 105% of ASP+6%,2283.11,,,,,,,Fee Schedule,105 percent of Medicaid APG. otherwise 105% of Ordered NYS MCD FS or 105% of ASP+6%,2935.42,,,,,,,Fee Schedule,135 percent of Medicaid APG. otherwise 135% of Ordered NYS MCD FS or 135% of ASP+6%,9024.56,,,,,,,Case Rate,". MPL 100/50/25% all add ons apply, and lesser of 100% of billed charges",2283.11,,,,,,,Fee Schedule,105 percent of Medicaid APG. otherwise 105% of Ordered NYS MCD FS or 105% of ASP+6%,2283.11,,,,,,,Fee Schedule,105 percent of Medicaid APG. otherwise 105% of Ordered NYS MCD FS or 105% of ASP+6%,2283.11,,,,,,,Fee Schedule,105 percent of Medicaid APG. otherwise 105% of Ordered NYS MCD FS or 105% of ASP+6%,2283.11,,,,,,,Fee Schedule,105 percent of Medicaid APG. otherwise 105% of Ordered NYS MCD FS or 105% of ASP+6%,2283.11,,,,,,,Fee Schedule,105 percent of Medicaid APG. otherwise 105% of Ordered NYS MCD FS or 105% of ASP+6%,2935.42,,,,,,,Fee Schedule,135 percent of Medicaid APG. otherwise 135% of Ordered NYS MCD FS or 135% of ASP+6%,2935.42,,,,,,,Fee Schedule,135 percent of Medicaid APG. otherwise 135% of Ordered NYS MCD FS or 135% of ASP+6%,3386.66,,,,,,,Case Rate,"100% Medicare OPPS FS. ",9024.56,,,,,,,Case Rate,". MPL 100/50/25% all add ons apply, and lesser of 100% of billed charges",3386.66,,,,,,,Case Rate,"100% Medicare OPPS FS. ",2283.11,,,,,,,Fee Schedule,105 percent of Medicaid APG. otherwise 105% of Ordered NYS MCD FS or 105% of ASP+6%,13586,,,,,,,Case Rate,". MPL 100/50/25% all add ons apply, and lesser of 100% of billed charges",3386.66,,,,,,,Case Rate,"100% Medicare OPPS FS. ",13586,,,,,,,Case Rate,". MPL 100/50/25% all add ons apply, and lesser of 100% of billed charges",13586,,,,,,,Case Rate,". MPL 100/50/25% all add ons apply, and lesser of 100% of billed charges",13586,,,,,,,Case Rate,". MPL 100/50/25% all add ons apply, and lesser of 100% of billed charges",2283.11,,,,,,,Fee Schedule,105 percent of Medicaid APG. otherwise 105% of Ordered NYS MCD FS or 105% of ASP+6%,3386.66,,,,,,,Case Rate,"100% Medicare OPPS FS. ",13586,,,,,,,Case Rate,". MPL 100/50/25% all add ons apply, and lesser of 100% of billed charges",2935.42,,,,,,,Fee Schedule,135 percent of Medicaid APG. otherwise 135% of Ordered NYS MCD FS or 135% of ASP+6%,13586,,,,,,,Case Rate,". MPL 100/50/25% all add ons apply, and lesser of 100% of billed charges",,200,,,,,0,Case Rate,200% of Medicare OPPS. ; No services were performed during the 15 month look back period.,3386.66,,,,,,,Case Rate,"100%Medicare OPPS FS. ",7163,,,,,,,Case Rate,". ",7163,,,,,,,Case Rate,". ",7163,,,,,,,Case Rate,". ",7163,,,,,,,Case Rate,". ",7163,,,,,,,Case Rate,". ",8427,,,,,,,Case Rate,". Primary procedure pays at 100%, all subsequent at 50%.",8427,,,,,,,Case Rate,". Primary procedure pays at 100%, all subsequent at 50%.",7163,,,,,,,Case Rate,". ",7163,,,,,,,Case Rate,". ",7163,,,,,,,Case Rate,". ",7163,,,,,,,Case Rate,". ",7163,,,,,,,Case Rate,". ",3386.66,,,,,,,Case Rate,"100% Medicare OPPS FS. ",8427,,,,,,,Case Rate,". Primary procedure pays at 100%, all subsequent at 50%.",3386.66,,,,,,,Case Rate,"100% Medicare OPPS FS. ",4892.37,,,,,,,Case Rate,"225 Percent of Medicaid APG. If not included in Medicaid APG, then 100 Percent of Manhattan Medicare",2174.39,,,,,,,Case Rate,"100 Percent of Medicaid APG. ",9024.56,,,,,,,Case Rate,". MPL 100/50/25% all add ons apply, and lesser of 100% of billed charges",9024.56,,,,,,,Case Rate,". MPL 100/50/25% all add ons apply, and lesser of 100% of billed charges",3386.66,,,,,,,Case Rate,"100% Medicare OPPS FS. ",12574,,,,,,,Case Rate,". Primary procedure pays at 100%, all subsequent at 50%.",3386.66,,,,,,,Case Rate,"100% Medicare OPPS FS. ",3386.66,,,,,,,Case Rate,"100% Medicare OPPS FS. ",6593,,,,,,,Case Rate,". Primary procedure pays at 100%, secondary at 50%, all subsequent at 25%.  Lesser of applies when negotiated rates exceed charges less addons.",3386.66,,,,,,,Case Rate,"100% Medicare OPPS FS. ",6487,,,,,,,Case Rate,". MPL 100/50/25% maxmium of 3 procedures. All add ons apply, and lesser of 100% of billed charges",3386.66,,,,,,,Case Rate,"100% Medicare OPPS FS. ",6487,,,,,,,Case Rate,". MPL 100/50/25% maxmium of 3 procedures. All add ons apply, and lesser of 100% of billed charges",6593,,,,,,,Case Rate,". Primary procedure pays at 100%, secondary at 50%, all subsequent at 25%.  Lesser of applies when negotiated rates exceed charges less addons.",6487,,,,,,,Case Rate,". MPL 100/50/25% maxmium of 3 procedures. All add ons apply, and lesser of 100% of billed charges",3386.66,,,,,,,Case Rate,"100% Medicare OPPS FS. ",2174.39,,,,,,,Case Rate,"100 Percent of Medicaid APG. ",3386.66,,,,,,,Case Rate,"100% Medicare OPPS FS. ",6487,,,,,,,Case Rate,". MPL 100/50/25% maxmium of 3 procedures. All add ons apply, and lesser of 100% of billed charges",9024.56,,,,,,,Case Rate,". MPL 100/50/25% all add ons apply, and lesser of 100% of billed charges",2174.39,,,,,,,Case Rate,"100 Percent of Medicaid APG. ",13586,,,,,,,Case Rate,". MPL 100/50/25% all add ons apply, and lesser of 100% of billed charges",2609.26,,,,,,,Fee Schedule,"120 Percent of Medicaid APG. ",2609.26,,,,,,,Fee Schedule,"120 Percent of Medicaid APG. ",13586,,,,,,,Case Rate,". MPL 100/50/25% all add ons apply, and lesser of 100% of billed charges",13586,,,,,,,Case Rate,". MPL 100/50/25% all add ons apply, and lesser of 100% of billed charges",13586,,,,,,,Case Rate,". MPL 100/50/25% all add ons apply, and lesser of 100% of billed charges",9024.56,,,,,,,Case Rate,". MPL 100/50/25% all add ons apply, and lesser of 100% of billed charges",13586,,,,,,,Case Rate,". MPL 100/50/25% all add ons apply, and lesser of 100% of billed charges",13586,,,,,,,Case Rate,". MPL 100/50/25% all add ons apply, and lesser of 100% of billed charges",13586,,,,,,,Case Rate,". MPL 100/50/25% all add ons apply, and lesser of 100% of billed charges",7163,,,,,,,Case Rate,". ",7163,,,,,,,Case Rate,". ",6705.59,,,,,,,Case Rate,198 Percent of Medicare OPPS. Metroplus will reimburse unlisted codes and described codes with no Medicare rate at 50 percent of charges.,2174.39,,,,,,,Case Rate,"100 Percent of Medicaid APG. ",9024.56,,,,,,,Case Rate,". MPL 100/50/25% all add ons apply, and lesser of 100% of billed charges",6487,,,,,,,Case Rate,". MPL 100/50/25% maxmium of 3 procedures. All add ons apply, and lesser of 100% of billed charges",6593,,,,,,,Case Rate,". Primary procedure pays at 100%, secondary at 50%, all subsequent at 25%.  Lesser of applies when negotiated rates exceed charges less addons.",9024.56,,,,,,,Case Rate,". MPL 100/50/25% all add ons apply, and lesser of 100% of billed charges",6593,,,,,,,Case Rate,". Primary procedure pays at 100%, secondary at 50%, all subsequent at 25%.  Lesser of applies when negotiated rates exceed charges less addons.",9024.56,,,,,,,Case Rate,". MPL 100/50/25% all add ons apply, and lesser of 100% of billed charges",13586,,,,,,,Case Rate,". MPL 100/50/25% all add ons apply, and lesser of 100% of billed charges",13586,,,,,,,Case Rate,". MPL 100/50/25% all add ons apply, and lesser of 100% of billed charges",13586,,,,,,,Case Rate,". MPL 100/50/25% all add ons apply, and lesser of 100% of billed charges",13586,,,,,,,Case Rate,". MPL 100/50/25% all add ons apply, and lesser of 100% of billed charges",3386.66,,,,,,,Case Rate,"100% Medicare OPPS FS. ",1154.1,25798,
28306,CPT,,,490,RC,INCISION OF METATARSAL,,,both,,,,8539,,,,,,,Case Rate,". MPL 1st 100% of Payment Rate 50% of all others, all add ons apply, and lesser of 100% of billed charges.",8539,,,,,,,Case Rate,". MPL 1st 100% of Payment Rate 50% of all others, all add ons apply, and lesser of 100% of billed charges.",11080,,,,,,,Case Rate,". Primary procedure pays at 100%, secondary at 50%, all subsequent at 25%.  Lesser of applies when negotiated rates exceed charges less addons.",,100,,,,,0,percent of total billed charges,100 percent of billed charges. ; No services were performed during the 15 month look back period.,8453.18,,,,,,,Case Rate,"100% Medicare OPPS FS. ",11080,,,,,,,Case Rate,". Primary procedure pays at 100%, secondary at 50%, all subsequent at 25%.  Lesser of applies when negotiated rates exceed charges less addons.",11080,,,,,,,Case Rate,". Primary procedure pays at 100%, secondary at 50%, all subsequent at 25%.  Lesser of applies when negotiated rates exceed charges less addons.",11080,,,,,,,Case Rate,". Primary procedure pays at 100%, secondary at 50%, all subsequent at 25%.  Lesser of applies when negotiated rates exceed charges less addons.",2609.26,,,,,,,Case Rate,"100 Percent of Medicaid APG. ",2174.39,,,,,,,Case Rate,"100 Percent of Medicaid APG. ",,78,,,,,0,percent of total billed charges,78% of Billed Charges. Lesser of 100% of billed charges applies.; No services were performed during the 15 month look back period.,9024.56,,,,,,,Case Rate,". MPL 100/50/25% all add ons apply, and lesser of 100% of billed charges",2174.39,,,,,,,Case Rate,"100 Percent of Medicaid APG. ",8453.18,,,,,,,Case Rate,"100% Medicare OPPS FS. ",6487,,,,,,,Case Rate,". MPL 100/50/25% maxmium of 3 procedures. All add ons apply, and lesser of 100% of billed charges",6487,,,,,,,Case Rate,". MPL 100/50/25% maxmium of 3 procedures. All add ons apply, and lesser of 100% of billed charges",6487,,,,,,,Case Rate,". MPL 100/50/25% maxmium of 3 procedures. All add ons apply, and lesser of 100% of billed charges",6487,,,,,,,Case Rate,". MPL 100/50/25% maxmium of 3 procedures. All add ons apply, and lesser of 100% of billed charges",2174.39,,,,,,,Case rate,124 Percent of Medicaid APG. Covered services not payable under Medicaid Fee Schedules default to a payment of 50 percent of charges.,8453.18,,,,,,,Case Rate,"100% Medicare OPPS FS. ",2174.39,,,,,,,Case rate,124 Percent of Medicaid APG. Covered services not payable under Medicaid Fee Schedules default to a payment of 50 percent of charges.,,78,,,,,0,percent of total billed charges,78% of Billed Charges. Lesser of 100% of billed charges applies.; No services were performed during the 15 month look back period.,11080,,,,,,,Case Rate,". Primary procedure pays at 100%, secondary at 50%, all subsequent at 25%.  Lesser of applies when negotiated rates exceed charges less addons.",8453.18,,,,,,,Case Rate,"100%Medicare OPPS FS. ",8427,,,,,,,Case Rate,". Primary procedure pays at 100%, all subsequent at 50%.",8453.18,,,,,,,Case Rate,"100%Medicare OPPS FS. ",8453.18,,,,,,,Case Rate,"100%Medicare OPPS FS. ",,78,,,,,0,percent of total billed charges,78% of Billed Charges. Lesser of 100% of billed charges applies.; No services were performed during the 15 month look back period.,3125.23,,,,,,,Case Rate,100% of PAS. Lesser of 100% of billed charges applies.,3125.23,,,,,,,Case Rate,100% of PAS. Lesser of 100% of billed charges applies.,2174.39,,,,,,,Case rate,"100 Percent of Medicaid APG. ",2174.39,,,,,,,Case rate,"100 Percent of Medicaid APG. ",8427,,,,,,,Case Rate,". Primary procedure pays at 100%, all subsequent at 50%.",8427,,,,,,,Case Rate,". Primary procedure pays at 100%, all subsequent at 50%.",2174.39,,,,,,,Case Rate,"100 Percent of Medicaid APG. Not APG payable, or payable under another fee schedule like ASP/AWP pays at 30% of charges",8427,,,,,,,Case Rate,". Primary procedure pays at 100%, all subsequent at 50%.",2174.39,,,,,,,Case Rate,"100 Percent of Medicaid APG. Not APG payable, or payable under another fee schedule like ASP/AWP pays at 30% of charges",8453.18,,,,,,,Case Rate,"100%Medicare OPPS FS. ",8427,,,,,,,Case Rate,". Primary procedure pays at 100%, all subsequent at 50%.",,78,,,,,0,percent of total billed charges,78% of Billed Charges. Lesser of 100% of billed charges applies.; No services were performed during the 15 month look back period.,2174.39,,,,,,,Case Rate,"100 Percent of Medicaid APG. ",2174.39,,,,,,,Case Rate,"100 Percent of Medicaid APG. ",,78,,,,,0,percent of total billed charges,78% of Billed Charges. Lesser of 100% of billed charges applies.; No services were performed during the 15 month look back period.,6487,,,,,,,Case Rate,". MPL 100/50/25% maxmium of 3 procedures. All add ons apply, and lesser of 100% of billed charges",7929,,,,,,,Case Rate,". MPL 100/50/25% all add ons apply, and lesser of 100% of billed charges",7929,,,,,,,Case Rate,". MPL 100/50/25% all add ons apply, and lesser of 100% of billed charges",,78,,,,,0,percent of total billed charges,78% of Billed Charges. Lesser of 100% of billed charges applies.; No services were performed during the 15 month look back period.,8453.18,,,,,,,Case Rate,"100% Medicare OPPS FS. ",9024.56,,,,,,,Case Rate,". MPL 100/50/25% all add ons apply, and lesser of 100% of billed charges",9024.56,,,,,,,Case Rate,". MPL 100/50/25% all add ons apply, and lesser of 100% of billed charges",9024.56,,,,,,,Case Rate,". MPL 100/50/25% all add ons apply, and lesser of 100% of billed charges",8453.18,,,,,,,Case Rate,"100% Medicare OPPS FS. ",9024.56,,,,,,,Case Rate,". MPL 100/50/25% all add ons apply, and lesser of 100% of billed charges",9024.56,,,,,,,Case Rate,". MPL 100/50/25% all add ons apply, and lesser of 100% of billed charges",8453.18,,,,,,,Case Rate,"100% of Medicare OPPS. ",25798,,,,,,,Case Rate,". MPL 100/75/50% all add ons apply, and lesser of 100% of billed charges",24258,,,,,,,Case Rate,". MPL 100/50/25% all add ons apply, and lesser of 100% of billed charges",24258,,,,,,,Case Rate,". MPL 100/50/25% all add ons apply, and lesser of 100% of billed charges",24258,,,,,,,Case Rate,". MPL 100/50/25% all add ons apply, and lesser of 100% of billed charges",24258,,,,,,,Case Rate,". MPL 100/50/25% all add ons apply, and lesser of 100% of billed charges",24258,,,,,,,Case Rate,". MPL 100/50/25% all add ons apply, and lesser of 100% of billed charges",24258,,,,,,,Case Rate,". MPL 100/50/25% all add ons apply, and lesser of 100% of billed charges",8453.18,,,,,,,Case Rate,"100% Medicare OPPS FS. ",8453.18,,,,,,,Case Rate,"100% Medicare OPPS FS. ",24258,,,,,,,Case Rate,". MPL 100/50/25% all add ons apply, and lesser of 100% of billed charges",,78,,,,,0,percent of total billed charges,78% of Billed Charges. Lesser of 100% of billed charges applies.; No services were performed during the 15 month look back period.,,78,,,,,0,percent of total billed charges,78% of Billed Charges. Lesser of 100% of billed charges applies.; No services were performed during the 15 month look back period.,,78,,,,,0,percent of total billed charges,78% of Billed Charges. Lesser of 100% of billed charges applies.; No services were performed during the 15 month look back period.,,78,,,,,0,percent of total billed charges,78% of Billed Charges. Lesser of 100% of billed charges applies.; No services were performed during the 15 month look back period.,,78,,,,,0,percent of total billed charges,78% of Billed Charges. Lesser of 100% of billed charges applies.; No services were performed during the 15 month look back period.,,78,,,,,0,percent of total billed charges,78% of Billed Charges. Lesser of 100% of billed charges applies.; No services were performed during the 15 month look back period.,,78,,,,,0,percent of total billed charges,78% of Billed Charges. Lesser of 100% of billed charges applies.; No services were performed during the 15 month look back period.,,78,,,,,0,percent of total billed charges,78% of Billed Charges. Lesser of 100% of billed charges applies.; No services were performed during the 15 month look back period.,,78,,,,,0,percent of total billed charges,78% of Billed Charges. Lesser of 100% of billed charges applies.; No services were performed during the 15 month look back period.,,78,,,,,0,percent of total billed charges,78% of Billed Charges. Lesser of 100% of billed charges applies.; No services were performed during the 15 month look back period.,,78,,,,,0,percent of total billed charges,78% of Billed Charges. Lesser of 100% of billed charges applies.; No services were performed during the 15 month look back period.,,78,,,,,0,percent of total billed charges,78% of Billed Charges. Lesser of 100% of billed charges applies.; No services were performed during the 15 month look back period.,,78,,,,,0,percent of total billed charges,78% of Billed Charges. Lesser of 100% of billed charges applies.; No services were performed during the 15 month look back period.,,78,,,,,0,percent of total billed charges,78% of Billed Charges. Lesser of 100% of billed charges applies.; No services were performed during the 15 month look back period.,,78,,,,,0,percent of total billed charges,78% of Billed Charges. Lesser of 100% of billed charges applies.; No services were performed during the 15 month look back period.,,78,,,,,0,percent of total billed charges,78% of Billed Charges. Lesser of 100% of billed charges applies.; No services were performed during the 15 month look back period.,,78,,,,,0,percent of total billed charges,78% of Billed Charges. Lesser of 100% of billed charges applies.; No services were performed during the 15 month look back period.,,78,,,,,0,percent of total billed charges,78% of Billed Charges. Lesser of 100% of billed charges applies.; No services were performed during the 15 month look back period.,,78,,,,,0,percent of total billed charges,78% of Billed Charges. Lesser of 100% of billed charges applies.; No services were performed during the 15 month look back period.,,78,,,,,0,percent of total billed charges,78% of Billed Charges. Lesser of 100% of billed charges applies.; No services were performed during the 15 month look back period.,,78,,,,,0,percent of total billed charges,78% of Billed Charges. Lesser of 100% of billed charges applies.; No services were performed during the 15 month look back period.,,78,,,,,0,percent of total billed charges,78% of Billed Charges. Lesser of 100% of billed charges applies.; No services were performed during the 15 month look back period.,,78,,,,,0,percent of total billed charges,78% of Billed Charges. Lesser of 100% of billed charges applies.; No services were performed during the 15 month look back period.,,78,,,,,0,percent of total billed charges,78% of Billed Charges. Lesser of 100% of billed charges applies.; No services were performed during the 15 month look back period.,,78,,,,,0,percent of total billed charges,78% of Billed Charges. Lesser of 100% of billed charges applies.; No services were performed during the 15 month look back period.,,78,,,,,0,percent of total billed charges,78% of Billed Charges. Lesser of 100% of billed charges applies.; No services were performed during the 15 month look back period.,8427,,,,,,,Case Rate,". Primary procedure pays at 100%, all subsequent at 50%.",8427,,,,,,,Case Rate,". Primary procedure pays at 100%, all subsequent at 50%.",8427,,,,,,,Case Rate,". Primary procedure pays at 100%, all subsequent at 50%.",8427,,,,,,,Case Rate,". Primary procedure pays at 100%, all subsequent at 50%.",12574,,,,,,,Case Rate,". Primary procedure pays at 100%, all subsequent at 50%.",12574,,,,,,,Case Rate,". Primary procedure pays at 100%, all subsequent at 50%.",6487,,,,,,,Case Rate,". MPL 100/50/25% maxmium of 3 procedures. All add ons apply, and lesser of 100% of billed charges",24258,,,,,,,Case Rate,". MPL 100/50/25% all add ons apply, and lesser of 100% of billed charges",9024.56,,,,,,,Case Rate,". MPL 100/50/25% all add ons apply, and lesser of 100% of billed charges",24258,,,,,,,Case Rate,". MPL 100/50/25% all add ons apply, and lesser of 100% of billed charges",,78,,,,,0,percent of total billed charges,78% of Billed Charges. Lesser of 100% of billed charges applies.; No services were performed during the 15 month look back period.,12574,,,,,,,Case Rate,". Primary procedure pays at 100%, all subsequent at 50%.",24258,,,,,,,Case Rate,". MPL 100/50/25% all add ons apply, and lesser of 100% of billed charges",9024.56,,,,,,,Case Rate,". MPL 100/50/25% all add ons apply, and lesser of 100% of billed charges",6487,,,,,,,Case Rate,". MPL 100/50/25% maxmium of 3 procedures. All add ons apply, and lesser of 100% of billed charges",,,,,,,,,"NA. ",,78,,,,,0,percent of total billed charges,78% of Billed Charges. Lesser of 100% of billed charges applies.; No services were performed during the 15 month look back period.,2174.39,,,,,,,Case Rate,"100 Percent of Medicaid APG. ",8427,,,,,,,Case Rate,". Primary procedure pays at 100%, all subsequent at 50%.",2174.39,,,,,,,Case Rate,"100 Percent of Medicaid APG. Not APG payable, or payable under another fee schedule like ASP/AWP pays at 30% of charges",8453.18,,,,,,,Case Rate,"100%Medicare OPPS FS. ",8453.18,,,,,,,Case Rate,"100% Medicare OPPS FS. ",25798,,,,,,,Case Rate,". MPL 100/75/50% all add ons apply, and lesser of 100% of billed charges",8453.18,,,,,,,Case Rate,"100% Medicare OPPS FS. ",8453.18,,,,,,,Case Rate,"100% Medicare OPPS FS. ",2174.39,,,,,,,Case Rate,"100 Percent of Medicaid APG. ",8453.18,,,,,,,Case Rate,"100% Medicare OPPS FS. ",8453.18,,,,,,,Case Rate,"100% Medicare OPPS FS. ",11080,,,,,,,Case Rate,". Primary procedure pays at 100%, secondary at 50%, all subsequent at 25%.  Lesser of applies when negotiated rates exceed charges less addons.",11080,,,,,,,Case Rate,". Primary procedure pays at 100%, secondary at 50%, all subsequent at 25%.  Lesser of applies when negotiated rates exceed charges less addons.",8453.18,,,,,,,Case Rate,"100% Medicare OPPS FS. ",6487,,,,,,,Case Rate,". MPL 100/50/25% maxmium of 3 procedures. All add ons apply, and lesser of 100% of billed charges",9024.56,,,,,,,Case Rate,". MPL 100/50/25% all add ons apply, and lesser of 100% of billed charges",9024.56,,,,,,,Case Rate,". MPL 100/50/25% all add ons apply, and lesser of 100% of billed charges",8453.18,,,,,,,Case Rate,"100% Medicare OPPS FS. ",6487,,,,,,,Case Rate,". MPL 100/50/25% maxmium of 3 procedures. All add ons apply, and lesser of 100% of billed charges",11080,,,,,,,Case Rate,". Primary procedure pays at 100%, secondary at 50%, all subsequent at 25%.  Lesser of applies when negotiated rates exceed charges less addons.",11080,,,,,,,Case Rate,". Primary procedure pays at 100%, secondary at 50%, all subsequent at 25%.  Lesser of applies when negotiated rates exceed charges less addons.",11080,,,,,,,Case Rate,". Primary procedure pays at 100%, secondary at 50%, all subsequent at 25%.  Lesser of applies when negotiated rates exceed charges less addons.",,78,,,,,0,percent of total billed charges,78% of Billed Charges. Lesser of 100% of billed charges applies.; No services were performed during the 15 month look back period.,,78,,,,,0,percent of total billed charges,78% of Billed Charges. Lesser of 100% of billed charges applies.; No services were performed during the 15 month look back period.,,78,,,,,0,percent of total billed charges,78% of Billed Charges. Lesser of 100% of billed charges applies.; No services were performed during the 15 month look back period.,,78,,,,,0,percent of total billed charges,78% of Billed Charges. Lesser of 100% of billed charges applies.; No services were performed during the 15 month look back period.,,78,,,,,0,percent of total billed charges,78% of Billed Charges. Lesser of 100% of billed charges applies.; No services were performed during the 15 month look back period.,,78,,,,,0,percent of total billed charges,78% of Billed Charges. Lesser of 100% of billed charges applies.; No services were performed during the 15 month look back period.,,78,,,,,0,percent of total billed charges,78% of Billed Charges. Lesser of 100% of billed charges applies.; No services were performed during the 15 month look back period.,,78,,,,,0,percent of total billed charges,78% of Billed Charges. Lesser of 100% of billed charges applies.; No services were performed during the 15 month look back period.,,78,,,,,0,percent of total billed charges,78% of Billed Charges. Lesser of 100% of billed charges applies.; No services were performed during the 15 month look back period.,,78,,,,,0,percent of total billed charges,78% of Billed Charges. Lesser of 100% of billed charges applies.; No services were performed during the 15 month look back period.,,78,,,,,0,percent of total billed charges,78% of Billed Charges. Lesser of 100% of billed charges applies.; No services were performed during the 15 month look back period.,12574,,,,,,,Case Rate,". Primary procedure pays at 100%, all subsequent at 50%.",24258,,,,,,,Case Rate,". MPL 100/50/25% all add ons apply, and lesser of 100% of billed charges",6487,,,,,,,Case Rate,". MPL 100/50/25% maxmium of 3 procedures. All add ons apply, and lesser of 100% of billed charges",8453.18,,,,,,,Case Rate,"100% Medicare OPPS FS. ",11080,,,,,,,Case Rate,". Primary procedure pays at 100%, secondary at 50%, all subsequent at 25%.  Lesser of applies when negotiated rates exceed charges less addons.",6487,,,,,,,Case Rate,". MPL 100/50/25% maxmium of 3 procedures. All add ons apply, and lesser of 100% of billed charges",6487,,,,,,,Case Rate,". MPL 100/50/25% maxmium of 3 procedures. All add ons apply, and lesser of 100% of billed charges",,78,,,,,0,percent of total billed charges,78% of Billed Charges. Lesser of 100% of billed charges applies.; No services were performed during the 15 month look back period.,4653.19,,,,,,,Case Rate,"214 Percent of Medicaid APG. Drugs not priced under APG, billed with revenue code 636 and not priced by Medicare ASP FeeSched will be reimbursed at 20% of charges.",6487,,,,,,,Case Rate,". MPL 100/50/25% maxmium of 3 procedures. All add ons apply, and lesser of 100% of billed charges",2174.39,,,,,,,Case Rate,"100 Percent of Medicaid APG. ",8453.18,,,,,,,Case Rate,"100% Medicare OPPS FS. ",8453.18,,,,,,,Case Rate,"100% Medicare OPPS FS. ",8453.18,,,,,,,Case Rate,"100% Medicare OPPS FS. ",8453.18,,,,,,,Case Rate,"100% Medicare OPPS FS. ",8453.18,,,,,,,Case Rate,"100% Medicare OPPS FS. ",8453.18,,,,,,,Case Rate,"100% Medicare OPPS FS. ",6487,,,,,,,Case Rate,". MPL 100/50/25% maxmium of 3 procedures. All add ons apply, and lesser of 100% of billed charges",25798,,,,,,,Case Rate,". MPL 100/75/50% all add ons apply, and lesser of 100% of billed charges",3913.9,,,,,,,Fee Schedule,"180 Percent of Medicaid APG. ",3913.9,,,,,,,Fee Schedule,"180 Percent of Medicaid APG. ",3913.9,,,,,,,Fee Schedule,"180 Percent of Medicaid APG. ",3913.9,,,,,,,Fee Schedule,"180 Percent of Medicaid APG. ",3913.9,,,,,,,Fee Schedule,"180 Percent of Medicaid APG. ",,,,,,,,,"NA. ",25798,,,,,,,Case Rate,". MPL 100/75/50% all add ons apply, and lesser of 100% of billed charges",16737.29,,,,,,,Case Rate,198 Percent of Medicare OPPS. Metroplus will reimburse unlisted codes and described codes with no Medicare rate at 50 percent of charges.,16737.29,,,,,,,Case Rate,198 Percent of Medicare OPPS. Metroplus will reimburse unlisted codes and described codes with no Medicare rate at 50 percent of charges.,16737.29,,,,,,,Case Rate,198 Percent of Medicare OPPS. Metroplus will reimburse unlisted codes and described codes with no Medicare rate at 50 percent of charges.,16737.29,,,,,,,Case Rate,198 Percent of Medicare OPPS. Metroplus will reimburse unlisted codes and described codes with no Medicare rate at 50 percent of charges.,16737.29,,,,,,,Case Rate,198 Percent of Medicare OPPS. Metroplus will reimburse unlisted codes and described codes with no Medicare rate at 50 percent of charges.,8453.18,,,,,,,Case Rate,"100% Medicare OPPS FS. ",12574,,,,,,,Case Rate,". Primary procedure pays at 100%, all subsequent at 50%.",12574,,,,,,,Case Rate,". Primary procedure pays at 100%, all subsequent at 50%.",12574,,,,,,,Case Rate,". Primary procedure pays at 100%, all subsequent at 50%.",12574,,,,,,,Case Rate,". Primary procedure pays at 100%, all subsequent at 50%.",11080,,,,,,,Case Rate,". Primary procedure pays at 100%, secondary at 50%, all subsequent at 25%.  Lesser of applies when negotiated rates exceed charges less addons.",11080,,,,,,,Case Rate,". Primary procedure pays at 100%, secondary at 50%, all subsequent at 25%.  Lesser of applies when negotiated rates exceed charges less addons.",11080,,,,,,,Case Rate,". Primary procedure pays at 100%, secondary at 50%, all subsequent at 25%.  Lesser of applies when negotiated rates exceed charges less addons.",11080,,,,,,,Case Rate,". Primary procedure pays at 100%, secondary at 50%, all subsequent at 25%.  Lesser of applies when negotiated rates exceed charges less addons.",25798,,,,,,,Case Rate,". MPL 100/75/50% all add ons apply, and lesser of 100% of billed charges",25798,,,,,,,Case Rate,". MPL 100/75/50% all add ons apply, and lesser of 100% of billed charges",8453.18,,,,,,,Case Rate,"100% Medicare OPPS FS. ",8453.18,,,,,,,Case Rate,"100% Medicare OPPS FS. ",8453.18,,,,,,,Case Rate,"100% Medicare OPPS FS. ",24258,,,,,,,Case Rate,". MPL 100/50/25% all add ons apply, and lesser of 100% of billed charges",24258,,,,,,,Case Rate,". MPL 100/50/25% all add ons apply, and lesser of 100% of billed charges",24258,,,,,,,Case Rate,". MPL 100/50/25% all add ons apply, and lesser of 100% of billed charges",25798,,,,,,,Case Rate,". MPL 100/75/50% all add ons apply, and lesser of 100% of billed charges",11080,,,,,,,Case Rate,". Primary procedure pays at 100%, secondary at 50%, all subsequent at 25%.  Lesser of applies when negotiated rates exceed charges less addons.",8453.18,,,,,,,Case Rate,"100% Medicare OPPS FS. ",24258,,,,,,,Case Rate,". MPL 100/50/25% all add ons apply, and lesser of 100% of billed charges",2174.39,,,,,,,Case Rate,"100 Percent of Medicaid APG. ",8622.24,,,,,,,Case Rate,"102% of Medicare OPPS. ",8622.24,,,,,,,Case Rate,"102% of Medicare OPPS. ",8622.24,,,,,,,Case Rate,"102% of Medicare OPPS. ",2174.39,,,,,,,Case rate,"100 Percent of Medicaid APG. ",4892.37,,,,,,,Case Rate,225% of NYS APG. Lesser of 100% of billed charges applies.,4892.37,,,,,,,Case Rate,225% of NYS APG. Lesser of 100% of billed charges applies.,4892.37,,,,,,,Case Rate,225% of NYS APG. Lesser of 100% of billed charges applies.,4892.37,,,,,,,Case Rate,225% of NYS APG. Lesser of 100% of billed charges applies.,4892.37,,,,,,,Case Rate,225% of NYS APG. Lesser of 100% of billed charges applies.,8622.24,,,,,,,Case Rate,"102% of Medicare OPPS. ",2174.39,,,,,,,Case Rate,"100 Percent of Medicaid APG. ",3125.23,,,,,,,Case Rate,100% of PAS. Lesser of 100% of billed charges applies.,4892.37,,,,,,,Case Rate,225% of NYS APG. Lesser of 100% of billed charges applies.,4892.37,,,,,,,Case Rate,225% of NYS APG. Lesser of 100% of billed charges applies.,3125.23,,,,,,,Case Rate,100% of PAS. Lesser of 100% of billed charges applies.,3125.23,,,,,,,Case Rate,100% of PAS. Lesser of 100% of billed charges applies.,3913.9,,,,,,,Fee Schedule,"180 Percent of Medicaid APG. ",8453.18,,,,,,,Case Rate,"100% Medicare OPPS FS. ",8453.18,,,,,,,Case Rate,"100% Medicare OPPS FS. ",11080,,,,,,,Case Rate,". Primary procedure pays at 100%, secondary at 50%, all subsequent at 25%.  Lesser of applies when negotiated rates exceed charges less addons.",8453.18,,,,,,,Case Rate,"100% Medicare OPPS FS. ",4892.37,,,,,,,Case Rate,"225 Percent of Medicaid APG. ",4892.37,,,,,,,Case Rate,"225 Percent of Medicaid APG. ",2174.39,,,,,,,Case rate,"100 Percent of Medicaid APG. ",2174.39,,,,,,,Case rate,"100 Percent of Medicaid APG. ",4892.37,,,,,,,Case Rate,225 Percent of Medicaid APG. Covered services not payable under Medicaid Fee Schedules default to a payment of 87.5 percent of charges.,2174.39,,,,,,,Case rate,124 Percent of Medicaid APG. Covered services not payable under Medicaid Fee Schedules default to a payment of 50 percent of charges.,4892.37,,,,,,,Case Rate,"100 Percent of Medicaid APG. ",4892.37,,,,,,,Case Rate,"100 Percent of Medicaid APG. ",4892.37,,,,,,,Case Rate,"100 Percent of Medicaid APG. ",4892.37,,,,,,,Case Rate,"100 Percent of Medicaid APG. ",13453,,,,,,,Case Rate,". MPL 100/75/50% all add ons apply, and lesser of 100% of billed charges",25798,,,,,,,Case Rate,". MPL 100/75/50% all add ons apply, and lesser of 100% of billed charges",2609.26,,,,,,,Case Rate,"120 Percent of Medicaid APG. Not APG payable, or payable under another fee schedule like ASP/AWP pays at 30% of charges",2609.26,,,,,,,Case Rate,"120 Percent of Medicaid APG. Not APG payable, or payable under another fee schedule like ASP/AWP pays at 30% of charges",2174.39,,,,,,,Case Rate,"100 Percent of Medicaid APG. Not APG payable, or payable under another fee schedule like ASP/AWP pays at 30% of charges",2174.39,,,,,,,Case Rate,"100 Percent of Medicaid APG. Not APG payable, or payable under another fee schedule like ASP/AWP pays at 30% of charges",24258,,,,,,,Case Rate,". MPL 100/50/25% all add ons apply, and lesser of 100% of billed charges",24258,,,,,,,Case Rate,". MPL 100/50/25% all add ons apply, and lesser of 100% of billed charges",8453.18,,,,,,,Case Rate,"100% Medicare OPPS FS. ",24258,,,,,,,Case Rate,". MPL 100/50/25% all add ons apply, and lesser of 100% of billed charges",24258,,,,,,,Case Rate,". MPL 100/50/25% all add ons apply, and lesser of 100% of billed charges",24258,,,,,,,Case Rate,". MPL 100/50/25% all add ons apply, and lesser of 100% of billed charges",24258,,,,,,,Case Rate,". MPL 100/50/25% all add ons apply, and lesser of 100% of billed charges",8453.18,,,,,,,Case Rate,"100% Medicare OPPS FS. ",24258,,,,,,,Case Rate,". MPL 100/50/25% all add ons apply, and lesser of 100% of billed charges",24258,,,,,,,Case Rate,". MPL 100/50/25% all add ons apply, and lesser of 100% of billed charges",11080,,,,,,,Case Rate,". Primary procedure pays at 100%, secondary at 50%, all subsequent at 25%.  Lesser of applies when negotiated rates exceed charges less addons.",2174.39,,,,,,,Fee Schedule,100% APG. Lesser of 100% of billed charges applies.,2174.39,,,,,,,Case rate,124 Percent of Medicaid APG. Covered services not payable under Medicaid Fee Schedules default to a payment of 50 percent of charges.,4892.37,,,,,,,Case Rate,225% of NYS APG. Lesser of 100% of billed charges applies.,4892.37,,,,,,,Case Rate,225 Percent of Medicaid APG. Covered services not payable under Medicaid Fee Schedules default to a payment of 87.5 percent of charges.,2174.39,,,,,,,Case rate,124 Percent of Medicaid APG. Covered services not payable under Medicaid Fee Schedules default to a payment of 50 percent of charges.,4892.37,,,,,,,Case Rate,225% of NYS APG. Lesser of 100% of billed charges applies.,4892.37,,,,,,,Case Rate,225% of NYS APG. Lesser of 100% of billed charges applies.,4892.37,,,,,,,Case Rate,225% of NYS APG. Lesser of 100% of billed charges applies.,4892.37,,,,,,,Case Rate,225% of NYS APG. Lesser of 100% of billed charges applies.,4892.37,,,,,,,Case Rate,225% of NYS APG. Lesser of 100% of billed charges applies.,4892.37,,,,,,,Case Rate,225% of NYS APG. Lesser of 100% of billed charges applies.,,,,,,,,,"NA. ",,,,,,,,,"NA. ",,,,,,,,,"NA. ",6487,,,,,,,Case Rate,". MPL 100/50/25% maxmium of 3 procedures. All add ons apply, and lesser of 100% of billed charges",,,,,,,,,"NA. ",8453.18,,,,,,,Case Rate,"100% Medicare OPPS FS. ",8539,,,,,,,Case Rate,". MPL 1st 100% of Payment Rate 50% of all others, all add ons apply, and lesser of 100% of billed charges.",8453.18,,,,,,,Case Rate,"100% Medicare OPPS FS. ",8453.18,,,,,,,Case Rate,"100% Medicare OPPS FS. ",2609.26,,,,,,,Case Rate,"120 Percent of Medicaid APG. Not APG payable, or payable under another fee schedule like ASP/AWP pays at 30% of charges",2609.26,,,,,,,Case Rate,"120 Percent of Medicaid APG. Not APG payable, or payable under another fee schedule like ASP/AWP pays at 30% of charges",2174.39,,,,,,,Case Rate,"100 Percent of Medicaid APG. Not APG payable, or payable under another fee schedule like ASP/AWP pays at 30% of charges",2174.39,,,,,,,Case Rate,"100 Percent of Medicaid APG. Not APG payable, or payable under another fee schedule like ASP/AWP pays at 30% of charges",2174.39,,,,,,,Case Rate,"100 Percent of Medicaid APG. ",7163,,,,,,,Case Rate,". ",11080,,,,,,,Case Rate,". Primary procedure pays at 100%, secondary at 50%, all subsequent at 25%.  Lesser of applies when negotiated rates exceed charges less addons.",8427,,,,,,,Case Rate,". Primary procedure pays at 100%, all subsequent at 50%.",6487,,,,,,,Case Rate,". MPL 100/50/25% maxmium of 3 procedures. All add ons apply, and lesser of 100% of billed charges",8453.18,,,,,,,Case Rate,"100%Medicare OPPS FS. ",8453.18,,,,,,,Case Rate,"100% Medicare OPPS FS. ",8453.18,,,,,,,Case Rate,"100% Medicare OPPS FS. ",8453.18,,,,,,,Case Rate,"100% Medicare OPPS FS. ",8453.18,,,,,,,Case Rate,"100%Medicare OPPS FS. ",8453.18,,,,,,,Case Rate,"100% Medicare OPPS FS. ",,,,,,,,,"NA. ",4892.37,,,,,,,Case Rate,225% of NYS APG. Lesser of 100% of billed charges applies.,3125.23,,,,,,,Case Rate,100% of PAS. Lesser of 100% of billed charges applies.,24258,,,,,,,Case Rate,". MPL 100/50/25% all add ons apply, and lesser of 100% of billed charges",7163,,,,,,,Case Rate,". ",7163,,,,,,,Case Rate,". ",7163,,,,,,,Case Rate,". ",7163,,,,,,,Case Rate,". ",8453.18,,,,,,,Case Rate,"100% Medicare OPPS FS. ",2174.39,,,,,,,Case Rate,"100 Percent of Medicaid APG. ",24258,,,,,,,Case Rate,". MPL 100/50/25% all add ons apply, and lesser of 100% of billed charges",2174.39,,,,,,,Case Rate,"100 Percent of Medicaid APG. ",8453.18,,,,,,,Case Rate,"100% Medicare OPPS FS. ",2174.39,,,,,,,Case Rate,"100 Percent of Medicaid APG. ",8453.18,,,,,,,Case Rate,"100% Medicare OPPS FS. ",8453.18,,,,,,,Case Rate,"100% Medicare OPPS FS. ",2174.39,,,,,,,Case Rate,"100 Percent of Medicaid APG. ",2174.39,,,,,,,Case Rate,"100 Percent of Medicaid APG. ",7163,,,,,,,Case Rate,". ",6487,,,,,,,Case Rate,". MPL 100/50/25% maxmium of 3 procedures. All add ons apply, and lesser of 100% of billed charges",,78,,,,,0,percent of total billed charges,78% of Billed Charges. Lesser of 100% of billed charges applies.; No services were performed during the 15 month look back period.,9024.56,,,,,,,Case Rate,". MPL 100/50/25% all add ons apply, and lesser of 100% of billed charges",9024.56,,,,,,,Case Rate,". MPL 100/50/25% all add ons apply, and lesser of 100% of billed charges",11080,,,,,,,Case Rate,". Primary procedure pays at 100%, secondary at 50%, all subsequent at 25%.  Lesser of applies when negotiated rates exceed charges less addons.",3371.2,,,,,,,Case Rate,"83% HF Fee schedule. ",12574,,,,,,,Case Rate,". Primary procedure pays at 100%, all subsequent at 50%.",12574,,,,,,,Case Rate,". Primary procedure pays at 100%, all subsequent at 50%.",19406,,,,,,,Case Rate,". MPL 100/50/25% all add ons apply, and lesser of 100% of billed charges",19406,,,,,,,Case Rate,". MPL 100/50/25% all add ons apply, and lesser of 100% of billed charges",8453.18,,,,,,,Case Rate,"100% Medicare OPPS FS. ",8453.18,,,,,,,Case Rate,"100% Medicare OPPS FS. ",8453.18,,,,,,,Case Rate,"100% Medicare OPPS FS. ",8453.18,,,,,,,Case Rate,"100% Medicare OPPS FS. ",9024.56,,,,,,,Case Rate,". MPL 100/50/25% all add ons apply, and lesser of 100% of billed charges",24258,,,,,,,Case Rate,". MPL 100/50/25% all add ons apply, and lesser of 100% of billed charges",24258,,,,,,,Case Rate,". MPL 100/50/25% all add ons apply, and lesser of 100% of billed charges",8453.18,,,,,,,Case Rate,"100% Medicare OPPS FS. ",19406,,,,,,,Case Rate,". MPL 100/50/25% all add ons apply, and lesser of 100% of billed charges",8427,,,,,,,Case Rate,". Primary procedure pays at 100%, all subsequent at 50%.",2609.26,,,,,,,Fee Schedule,"120 Percent of Medicaid APG. ",2174.39,,,,,,,Case Rate,"100 Percent of Medicaid APG. ",7163,,,,,,,Case Rate,". ",21832,,,,,,,Case Rate,". MPL 100/50/25% all add ons apply, and lesser of 100% of billed charges",21832,,,,,,,Case Rate,". MPL 100/50/25% all add ons apply, and lesser of 100% of billed charges",24258,,,,,,,Case Rate,". MPL 100/50/25% all add ons apply, and lesser of 100% of billed charges",14948,,,,,,,Case Rate,". MPL 100/75/50% all add ons apply, and lesser of 100% of billed charges",8453.18,,,,,,,Case Rate,"100%Medicare OPPS FS. ",2283.11,,,,,,,Fee Schedule,105 percent of Medicaid APG. otherwise 105% of Ordered NYS MCD FS or 105% of ASP+6%,2283.11,,,,,,,Fee Schedule,105 percent of Medicaid APG. otherwise 105% of Ordered NYS MCD FS or 105% of ASP+6%,2283.11,,,,,,,Fee Schedule,105 percent of Medicaid APG. otherwise 105% of Ordered NYS MCD FS or 105% of ASP+6%,2935.42,,,,,,,Fee Schedule,135 percent of Medicaid APG. otherwise 135% of Ordered NYS MCD FS or 135% of ASP+6%,9024.56,,,,,,,Case Rate,". MPL 100/50/25% all add ons apply, and lesser of 100% of billed charges",2283.11,,,,,,,Fee Schedule,105 percent of Medicaid APG. otherwise 105% of Ordered NYS MCD FS or 105% of ASP+6%,2283.11,,,,,,,Fee Schedule,105 percent of Medicaid APG. otherwise 105% of Ordered NYS MCD FS or 105% of ASP+6%,2283.11,,,,,,,Fee Schedule,105 percent of Medicaid APG. otherwise 105% of Ordered NYS MCD FS or 105% of ASP+6%,2283.11,,,,,,,Fee Schedule,105 percent of Medicaid APG. otherwise 105% of Ordered NYS MCD FS or 105% of ASP+6%,2283.11,,,,,,,Fee Schedule,105 percent of Medicaid APG. otherwise 105% of Ordered NYS MCD FS or 105% of ASP+6%,2935.42,,,,,,,Fee Schedule,135 percent of Medicaid APG. otherwise 135% of Ordered NYS MCD FS or 135% of ASP+6%,2935.42,,,,,,,Fee Schedule,135 percent of Medicaid APG. otherwise 135% of Ordered NYS MCD FS or 135% of ASP+6%,8453.18,,,,,,,Case Rate,"100% Medicare OPPS FS. ",9024.56,,,,,,,Case Rate,". MPL 100/50/25% all add ons apply, and lesser of 100% of billed charges",8453.18,,,,,,,Case Rate,"100% Medicare OPPS FS. ",2283.11,,,,,,,Fee Schedule,105 percent of Medicaid APG. otherwise 105% of Ordered NYS MCD FS or 105% of ASP+6%,24258,,,,,,,Case Rate,". MPL 100/50/25% all add ons apply, and lesser of 100% of billed charges",8453.18,,,,,,,Case Rate,"100% Medicare OPPS FS. ",24258,,,,,,,Case Rate,". MPL 100/50/25% all add ons apply, and lesser of 100% of billed charges",24258,,,,,,,Case Rate,". MPL 100/50/25% all add ons apply, and lesser of 100% of billed charges",24258,,,,,,,Case Rate,". MPL 100/50/25% all add ons apply, and lesser of 100% of billed charges",2283.11,,,,,,,Fee Schedule,105 percent of Medicaid APG. otherwise 105% of Ordered NYS MCD FS or 105% of ASP+6%,8453.18,,,,,,,Case Rate,"100% Medicare OPPS FS. ",24258,,,,,,,Case Rate,". MPL 100/50/25% all add ons apply, and lesser of 100% of billed charges",2935.42,,,,,,,Fee Schedule,135 percent of Medicaid APG. otherwise 135% of Ordered NYS MCD FS or 135% of ASP+6%,24258,,,,,,,Case Rate,". MPL 100/50/25% all add ons apply, and lesser of 100% of billed charges",,200,,,,,0,Case Rate,200% of Medicare OPPS. ; No services were performed during the 15 month look back period.,8453.18,,,,,,,Case Rate,"100%Medicare OPPS FS. ",7163,,,,,,,Case Rate,". ",7163,,,,,,,Case Rate,". ",7163,,,,,,,Case Rate,". ",7163,,,,,,,Case Rate,". ",7163,,,,,,,Case Rate,". ",8427,,,,,,,Case Rate,". Primary procedure pays at 100%, all subsequent at 50%.",8427,,,,,,,Case Rate,". Primary procedure pays at 100%, all subsequent at 50%.",7163,,,,,,,Case Rate,". ",7163,,,,,,,Case Rate,". ",7163,,,,,,,Case Rate,". ",7163,,,,,,,Case Rate,". ",7163,,,,,,,Case Rate,". ",8453.18,,,,,,,Case Rate,"100% Medicare OPPS FS. ",8427,,,,,,,Case Rate,". Primary procedure pays at 100%, all subsequent at 50%.",8453.18,,,,,,,Case Rate,"100% Medicare OPPS FS. ",4892.37,,,,,,,Case Rate,"225 Percent of Medicaid APG. If not included in Medicaid APG, then 100 Percent of Manhattan Medicare",2174.39,,,,,,,Case Rate,"100 Percent of Medicaid APG. ",9024.56,,,,,,,Case Rate,". MPL 100/50/25% all add ons apply, and lesser of 100% of billed charges",9024.56,,,,,,,Case Rate,". MPL 100/50/25% all add ons apply, and lesser of 100% of billed charges",8453.18,,,,,,,Case Rate,"100% Medicare OPPS FS. ",12574,,,,,,,Case Rate,". Primary procedure pays at 100%, all subsequent at 50%.",8453.18,,,,,,,Case Rate,"100% Medicare OPPS FS. ",8453.18,,,,,,,Case Rate,"100% Medicare OPPS FS. ",11080,,,,,,,Case Rate,". Primary procedure pays at 100%, secondary at 50%, all subsequent at 25%.  Lesser of applies when negotiated rates exceed charges less addons.",8453.18,,,,,,,Case Rate,"100% Medicare OPPS FS. ",6487,,,,,,,Case Rate,". MPL 100/50/25% maxmium of 3 procedures. All add ons apply, and lesser of 100% of billed charges",8453.18,,,,,,,Case Rate,"100% Medicare OPPS FS. ",6487,,,,,,,Case Rate,". MPL 100/50/25% maxmium of 3 procedures. All add ons apply, and lesser of 100% of billed charges",11080,,,,,,,Case Rate,". Primary procedure pays at 100%, secondary at 50%, all subsequent at 25%.  Lesser of applies when negotiated rates exceed charges less addons.",6487,,,,,,,Case Rate,". MPL 100/50/25% maxmium of 3 procedures. All add ons apply, and lesser of 100% of billed charges",8453.18,,,,,,,Case Rate,"100% Medicare OPPS FS. ",2174.39,,,,,,,Case Rate,"100 Percent of Medicaid APG. ",8453.18,,,,,,,Case Rate,"100% Medicare OPPS FS. ",6487,,,,,,,Case Rate,". MPL 100/50/25% maxmium of 3 procedures. All add ons apply, and lesser of 100% of billed charges",9024.56,,,,,,,Case Rate,". MPL 100/50/25% all add ons apply, and lesser of 100% of billed charges",2174.39,,,,,,,Case Rate,"100 Percent of Medicaid APG. ",24258,,,,,,,Case Rate,". MPL 100/50/25% all add ons apply, and lesser of 100% of billed charges",2609.26,,,,,,,Fee Schedule,"120 Percent of Medicaid APG. ",2609.26,,,,,,,Fee Schedule,"120 Percent of Medicaid APG. ",24258,,,,,,,Case Rate,". MPL 100/50/25% all add ons apply, and lesser of 100% of billed charges",24258,,,,,,,Case Rate,". MPL 100/50/25% all add ons apply, and lesser of 100% of billed charges",24258,,,,,,,Case Rate,". MPL 100/50/25% all add ons apply, and lesser of 100% of billed charges",9024.56,,,,,,,Case Rate,". MPL 100/50/25% all add ons apply, and lesser of 100% of billed charges",24258,,,,,,,Case Rate,". MPL 100/50/25% all add ons apply, and lesser of 100% of billed charges",24258,,,,,,,Case Rate,". MPL 100/50/25% all add ons apply, and lesser of 100% of billed charges",24258,,,,,,,Case Rate,". MPL 100/50/25% all add ons apply, and lesser of 100% of billed charges",7163,,,,,,,Case Rate,". ",7163,,,,,,,Case Rate,". ",16737.29,,,,,,,Case Rate,198 Percent of Medicare OPPS. Metroplus will reimburse unlisted codes and described codes with no Medicare rate at 50 percent of charges.,2174.39,,,,,,,Case Rate,"100 Percent of Medicaid APG. ",9024.56,,,,,,,Case Rate,". MPL 100/50/25% all add ons apply, and lesser of 100% of billed charges",6487,,,,,,,Case Rate,". MPL 100/50/25% maxmium of 3 procedures. All add ons apply, and lesser of 100% of billed charges",11080,,,,,,,Case Rate,". Primary procedure pays at 100%, secondary at 50%, all subsequent at 25%.  Lesser of applies when negotiated rates exceed charges less addons.",9024.56,,,,,,,Case Rate,". MPL 100/50/25% all add ons apply, and lesser of 100% of billed charges",11080,,,,,,,Case Rate,". Primary procedure pays at 100%, secondary at 50%, all subsequent at 25%.  Lesser of applies when negotiated rates exceed charges less addons.",9024.56,,,,,,,Case Rate,". MPL 100/50/25% all add ons apply, and lesser of 100% of billed charges",24258,,,,,,,Case Rate,". MPL 100/50/25% all add ons apply, and lesser of 100% of billed charges",24258,,,,,,,Case Rate,". MPL 100/50/25% all add ons apply, and lesser of 100% of billed charges",24258,,,,,,,Case Rate,". MPL 100/50/25% all add ons apply, and lesser of 100% of billed charges",24258,,,,,,,Case Rate,". MPL 100/50/25% all add ons apply, and lesser of 100% of billed charges",8453.18,,,,,,,Case Rate,"100% Medicare OPPS FS. ",2174.39,25798,
28505,CPT,2027381,LOCAL,361,RC,HC TREAT BIG TOE FRACTURE,10460.97,1987.5843,both,,,,7084,,,,,,,Case Rate,". MPL 1st 100% of Payment Rate 50% of all others, all add ons apply, and lesser of 100% of billed charges.",7084,,,,,,,Case Rate,". MPL 1st 100% of Payment Rate 50% of all others, all add ons apply, and lesser of 100% of billed charges.",10024,,,,,,,Case Rate,". Primary procedure pays at 100%, secondary at 50%, all subsequent at 25%.  Lesser of applies when negotiated rates exceed charges less addons.",10460.97,100,,,,,0,percent of total billed charges,100 percent of billed charges. ; No services were performed during the 15 month look back period.,3839.35,,,,,,,Case Rate,"100% Medicare OPPS FS. ",10024,,,,,,,Case Rate,". Primary procedure pays at 100%, secondary at 50%, all subsequent at 25%.  Lesser of applies when negotiated rates exceed charges less addons.",10024,,,,,,,Case Rate,". Primary procedure pays at 100%, secondary at 50%, all subsequent at 25%.  Lesser of applies when negotiated rates exceed charges less addons.",10024,,,,,,,Case Rate,". Primary procedure pays at 100%, secondary at 50%, all subsequent at 25%.  Lesser of applies when negotiated rates exceed charges less addons.",4631.67,,,,,,,Case Rate,"100 Percent of Medicaid APG. ",3859.73,,,,,,,Case Rate,"100 Percent of Medicaid APG. ",8159.5566,78,,,,,0,percent of total billed charges,78% of Billed Charges. Lesser of 100% of billed charges applies.; No services were performed during the 15 month look back period.,9024.56,,,,,,,Case Rate,". MPL 100/50/25% all add ons apply, and lesser of 100% of billed charges",3859.73,,,,,,,Case Rate,"100 Percent of Medicaid APG. ",3839.35,,,,,,,Case Rate,"100% Medicare OPPS FS. ",6487,,,,,,,Case Rate,". MPL 100/50/25% maxmium of 3 procedures. All add ons apply, and lesser of 100% of billed charges",6487,,,,,,,Case Rate,". MPL 100/50/25% maxmium of 3 procedures. All add ons apply, and lesser of 100% of billed charges",6487,,,,,,,Case Rate,". MPL 100/50/25% maxmium of 3 procedures. All add ons apply, and lesser of 100% of billed charges",6487,,,,,,,Case Rate,". MPL 100/50/25% maxmium of 3 procedures. All add ons apply, and lesser of 100% of billed charges",3859.73,,,,,,,Case rate,124 Percent of Medicaid APG. Covered services not payable under Medicaid Fee Schedules default to a payment of 50 percent of charges.,3839.35,,,,,,,Case Rate,"100% Medicare OPPS FS. ",3859.73,,,,,,,Case rate,124 Percent of Medicaid APG. Covered services not payable under Medicaid Fee Schedules default to a payment of 50 percent of charges.,8159.5566,78,,,,,0,percent of total billed charges,78% of Billed Charges. Lesser of 100% of billed charges applies.; No services were performed during the 15 month look back period.,10024,,,,,,,Case Rate,". Primary procedure pays at 100%, secondary at 50%, all subsequent at 25%.  Lesser of applies when negotiated rates exceed charges less addons.",3839.35,,,,,,,Case Rate,"100%Medicare OPPS FS. ",8427,,,,,,,Case Rate,". Primary procedure pays at 100%, all subsequent at 50%.",3839.35,,,,,,,Case Rate,"100%Medicare OPPS FS. ",3839.35,,,,,,,Case Rate,"100%Medicare OPPS FS. ",8159.5566,78,,,,,0,percent of total billed charges,78% of Billed Charges. Lesser of 100% of billed charges applies.; No services were performed during the 15 month look back period.,1431.23,,,,,,,Case Rate,100% of PAS. Lesser of 100% of billed charges applies.,1431.23,,,,,,,Case Rate,100% of PAS. Lesser of 100% of billed charges applies.,3859.73,,,,,,,Case rate,"100 Percent of Medicaid APG. ",3859.73,,,,,,,Case rate,"100 Percent of Medicaid APG. ",8427,,,,,,,Case Rate,". Primary procedure pays at 100%, all subsequent at 50%.",8427,,,,,,,Case Rate,". Primary procedure pays at 100%, all subsequent at 50%.",3859.73,,,,,,,Case Rate,"100 Percent of Medicaid APG. Not APG payable, or payable under another fee schedule like ASP/AWP pays at 30% of charges",8427,,,,,,,Case Rate,". Primary procedure pays at 100%, all subsequent at 50%.",3859.73,,,,,,,Case Rate,"100 Percent of Medicaid APG. Not APG payable, or payable under another fee schedule like ASP/AWP pays at 30% of charges",3839.35,,,,,,,Case Rate,"100%Medicare OPPS FS. ",8427,,,,,,,Case Rate,". Primary procedure pays at 100%, all subsequent at 50%.",8159.5566,78,,,,,0,percent of total billed charges,78% of Billed Charges. Lesser of 100% of billed charges applies.; No services were performed during the 15 month look back period.,3859.73,,,,,,,Case Rate,"100 Percent of Medicaid APG. ",3859.73,,,,,,,Case Rate,"100 Percent of Medicaid APG. ",8159.5566,78,,,,,0,percent of total billed charges,78% of Billed Charges. Lesser of 100% of billed charges applies.; No services were performed during the 15 month look back period.,6487,,,,,,,Case Rate,". MPL 100/50/25% maxmium of 3 procedures. All add ons apply, and lesser of 100% of billed charges",7929,,,,,,,Case Rate,". MPL 100/50/25% all add ons apply, and lesser of 100% of billed charges",7929,,,,,,,Case Rate,". MPL 100/50/25% all add ons apply, and lesser of 100% of billed charges",8159.5566,78,,,,,0,percent of total billed charges,78% of Billed Charges. Lesser of 100% of billed charges applies.; No services were performed during the 15 month look back period.,3839.35,,,,,,,Case Rate,"100% Medicare OPPS FS. ",9024.56,,,,,,,Case Rate,". MPL 100/50/25% all add ons apply, and lesser of 100% of billed charges",9024.56,,,,,,,Case Rate,". MPL 100/50/25% all add ons apply, and lesser of 100% of billed charges",9024.56,,,,,,,Case Rate,". MPL 100/50/25% all add ons apply, and lesser of 100% of billed charges",3839.35,,,,,,,Case Rate,"100% Medicare OPPS FS. ",9024.56,,,,,,,Case Rate,". MPL 100/50/25% all add ons apply, and lesser of 100% of billed charges",9024.56,,,,,,,Case Rate,". MPL 100/50/25% all add ons apply, and lesser of 100% of billed charges",3839.35,,,,,,,Case Rate,"100% of Medicare OPPS. ",25798,,,,,,,Case Rate,". MPL 100/75/50% all add ons apply, and lesser of 100% of billed charges",13586,,,,,,,Case Rate,". MPL 100/50/25% all add ons apply, and lesser of 100% of billed charges",13586,,,,,,,Case Rate,". MPL 100/50/25% all add ons apply, and lesser of 100% of billed charges",13586,,,,,,,Case Rate,". MPL 100/50/25% all add ons apply, and lesser of 100% of billed charges",13586,,,,,,,Case Rate,". MPL 100/50/25% all add ons apply, and lesser of 100% of billed charges",13586,,,,,,,Case Rate,". MPL 100/50/25% all add ons apply, and lesser of 100% of billed charges",13586,,,,,,,Case Rate,". MPL 100/50/25% all add ons apply, and lesser of 100% of billed charges",3839.35,,,,,,,Case Rate,"100% Medicare OPPS FS. ",3839.35,,,,,,,Case Rate,"100% Medicare OPPS FS. ",13586,,,,,,,Case Rate,". MPL 100/50/25% all add ons apply, and lesser of 100% of billed charges",8159.5566,78,,,,,0,percent of total billed charges,78% of Billed Charges. Lesser of 100% of billed charges applies.; No services were performed during the 15 month look back period.,8159.5566,78,,,,,0,percent of total billed charges,78% of Billed Charges. Lesser of 100% of billed charges applies.; No services were performed during the 15 month look back period.,8159.5566,78,,,,,0,percent of total billed charges,78% of Billed Charges. Lesser of 100% of billed charges applies.; No services were performed during the 15 month look back period.,8159.5566,78,,,,,0,percent of total billed charges,78% of Billed Charges. Lesser of 100% of billed charges applies.; No services were performed during the 15 month look back period.,8159.5566,78,,,,,0,percent of total billed charges,78% of Billed Charges. Lesser of 100% of billed charges applies.; No services were performed during the 15 month look back period.,8159.5566,78,,,,,0,percent of total billed charges,78% of Billed Charges. Lesser of 100% of billed charges applies.; No services were performed during the 15 month look back period.,8159.5566,78,,,,,0,percent of total billed charges,78% of Billed Charges. Lesser of 100% of billed charges applies.; No services were performed during the 15 month look back period.,8159.5566,78,,,,,0,percent of total billed charges,78% of Billed Charges. Lesser of 100% of billed charges applies.; No services were performed during the 15 month look back period.,8159.5566,78,,,,,0,percent of total billed charges,78% of Billed Charges. Lesser of 100% of billed charges applies.; No services were performed during the 15 month look back period.,8159.5566,78,,,,,0,percent of total billed charges,78% of Billed Charges. Lesser of 100% of billed charges applies.; No services were performed during the 15 month look back period.,8159.5566,78,,,,,0,percent of total billed charges,78% of Billed Charges. Lesser of 100% of billed charges applies.; No services were performed during the 15 month look back period.,8159.5566,78,,,,,0,percent of total billed charges,78% of Billed Charges. Lesser of 100% of billed charges applies.; No services were performed during the 15 month look back period.,8159.5566,78,,,,,0,percent of total billed charges,78% of Billed Charges. Lesser of 100% of billed charges applies.; No services were performed during the 15 month look back period.,8159.5566,78,,,,,0,percent of total billed charges,78% of Billed Charges. Lesser of 100% of billed charges applies.; No services were performed during the 15 month look back period.,8159.5566,78,,,,,0,percent of total billed charges,78% of Billed Charges. Lesser of 100% of billed charges applies.; No services were performed during the 15 month look back period.,8159.5566,78,,,,,0,percent of total billed charges,78% of Billed Charges. Lesser of 100% of billed charges applies.; No services were performed during the 15 month look back period.,8159.5566,78,,,,,0,percent of total billed charges,78% of Billed Charges. Lesser of 100% of billed charges applies.; No services were performed during the 15 month look back period.,8159.5566,78,,,,,0,percent of total billed charges,78% of Billed Charges. Lesser of 100% of billed charges applies.; No services were performed during the 15 month look back period.,8159.5566,78,,,,,0,percent of total billed charges,78% of Billed Charges. Lesser of 100% of billed charges applies.; No services were performed during the 15 month look back period.,8159.5566,78,,,,,0,percent of total billed charges,78% of Billed Charges. Lesser of 100% of billed charges applies.; No services were performed during the 15 month look back period.,8159.5566,78,,,,,0,percent of total billed charges,78% of Billed Charges. Lesser of 100% of billed charges applies.; No services were performed during the 15 month look back period.,8159.5566,78,,,,,0,percent of total billed charges,78% of Billed Charges. Lesser of 100% of billed charges applies.; No services were performed during the 15 month look back period.,8159.5566,78,,,,,0,percent of total billed charges,78% of Billed Charges. Lesser of 100% of billed charges applies.; No services were performed during the 15 month look back period.,8159.5566,78,,,,,0,percent of total billed charges,78% of Billed Charges. Lesser of 100% of billed charges applies.; No services were performed during the 15 month look back period.,8159.5566,78,,,,,0,percent of total billed charges,78% of Billed Charges. Lesser of 100% of billed charges applies.; No services were performed during the 15 month look back period.,8159.5566,78,,,,,0,percent of total billed charges,78% of Billed Charges. Lesser of 100% of billed charges applies.; No services were performed during the 15 month look back period.,8427,,,,,,,Case Rate,". Primary procedure pays at 100%, all subsequent at 50%.",8427,,,,,,,Case Rate,". Primary procedure pays at 100%, all subsequent at 50%.",8427,,,,,,,Case Rate,". Primary procedure pays at 100%, all subsequent at 50%.",8427,,,,,,,Case Rate,". Primary procedure pays at 100%, all subsequent at 50%.",12574,,,,,,,Case Rate,". Primary procedure pays at 100%, all subsequent at 50%.",12574,,,,,,,Case Rate,". Primary procedure pays at 100%, all subsequent at 50%.",6487,,,,,,,Case Rate,". MPL 100/50/25% maxmium of 3 procedures. All add ons apply, and lesser of 100% of billed charges",13586,,,,,,,Case Rate,". MPL 100/50/25% all add ons apply, and lesser of 100% of billed charges",9024.56,,,,,,,Case Rate,". MPL 100/50/25% all add ons apply, and lesser of 100% of billed charges",13586,,,,,,,Case Rate,". MPL 100/50/25% all add ons apply, and lesser of 100% of billed charges",8159.5566,78,,,,,0,percent of total billed charges,78% of Billed Charges. Lesser of 100% of billed charges applies.; No services were performed during the 15 month look back period.,12574,,,,,,,Case Rate,". Primary procedure pays at 100%, all subsequent at 50%.",13586,,,,,,,Case Rate,". MPL 100/50/25% all add ons apply, and lesser of 100% of billed charges",9024.56,,,,,,,Case Rate,". MPL 100/50/25% all add ons apply, and lesser of 100% of billed charges",6487,,,,,,,Case Rate,". MPL 100/50/25% maxmium of 3 procedures. All add ons apply, and lesser of 100% of billed charges",,,,,,,,,"NA. ",8159.5566,78,,,,,0,percent of total billed charges,78% of Billed Charges. Lesser of 100% of billed charges applies.; No services were performed during the 15 month look back period.,3859.73,,,,,,,Case Rate,"100 Percent of Medicaid APG. ",8427,,,,,,,Case Rate,". Primary procedure pays at 100%, all subsequent at 50%.",3859.73,,,,,,,Case Rate,"100 Percent of Medicaid APG. Not APG payable, or payable under another fee schedule like ASP/AWP pays at 30% of charges",3839.35,,,,,,,Case Rate,"100%Medicare OPPS FS. ",3839.35,,,,,,,Case Rate,"100% Medicare OPPS FS. ",25798,,,,,,,Case Rate,". MPL 100/75/50% all add ons apply, and lesser of 100% of billed charges",3839.35,,,,,,,Case Rate,"100% Medicare OPPS FS. ",3839.35,,,,,,,Case Rate,"100% Medicare OPPS FS. ",3859.73,,,,,,,Case Rate,"100 Percent of Medicaid APG. ",3839.35,,,,,,,Case Rate,"100% Medicare OPPS FS. ",3839.35,,,,,,,Case Rate,"100% Medicare OPPS FS. ",10024,,,,,,,Case Rate,". Primary procedure pays at 100%, secondary at 50%, all subsequent at 25%.  Lesser of applies when negotiated rates exceed charges less addons.",10024,,,,,,,Case Rate,". Primary procedure pays at 100%, secondary at 50%, all subsequent at 25%.  Lesser of applies when negotiated rates exceed charges less addons.",3839.35,,,,,,,Case Rate,"100% Medicare OPPS FS. ",6487,,,,,,,Case Rate,". MPL 100/50/25% maxmium of 3 procedures. All add ons apply, and lesser of 100% of billed charges",9024.56,,,,,,,Case Rate,". MPL 100/50/25% all add ons apply, and lesser of 100% of billed charges",9024.56,,,,,,,Case Rate,". MPL 100/50/25% all add ons apply, and lesser of 100% of billed charges",3839.35,,,,,,,Case Rate,"100% Medicare OPPS FS. ",6487,,,,,,,Case Rate,". MPL 100/50/25% maxmium of 3 procedures. All add ons apply, and lesser of 100% of billed charges",10024,,,,,,,Case Rate,". Primary procedure pays at 100%, secondary at 50%, all subsequent at 25%.  Lesser of applies when negotiated rates exceed charges less addons.",10024,,,,,,,Case Rate,". Primary procedure pays at 100%, secondary at 50%, all subsequent at 25%.  Lesser of applies when negotiated rates exceed charges less addons.",10024,,,,,,,Case Rate,". Primary procedure pays at 100%, secondary at 50%, all subsequent at 25%.  Lesser of applies when negotiated rates exceed charges less addons.",8159.5566,78,,,,,0,percent of total billed charges,78% of Billed Charges. Lesser of 100% of billed charges applies.; No services were performed during the 15 month look back period.,8159.5566,78,,,,,0,percent of total billed charges,78% of Billed Charges. Lesser of 100% of billed charges applies.; No services were performed during the 15 month look back period.,8159.5566,78,,,,,0,percent of total billed charges,78% of Billed Charges. Lesser of 100% of billed charges applies.; No services were performed during the 15 month look back period.,8159.5566,78,,,,,0,percent of total billed charges,78% of Billed Charges. Lesser of 100% of billed charges applies.; No services were performed during the 15 month look back period.,8159.5566,78,,,,,0,percent of total billed charges,78% of Billed Charges. Lesser of 100% of billed charges applies.; No services were performed during the 15 month look back period.,8159.5566,78,,,,,0,percent of total billed charges,78% of Billed Charges. Lesser of 100% of billed charges applies.; No services were performed during the 15 month look back period.,8159.5566,78,,,,,0,percent of total billed charges,78% of Billed Charges. Lesser of 100% of billed charges applies.; No services were performed during the 15 month look back period.,8159.5566,78,,,,,0,percent of total billed charges,78% of Billed Charges. Lesser of 100% of billed charges applies.; No services were performed during the 15 month look back period.,8159.5566,78,,,,,0,percent of total billed charges,78% of Billed Charges. Lesser of 100% of billed charges applies.; No services were performed during the 15 month look back period.,8159.5566,78,,,,,0,percent of total billed charges,78% of Billed Charges. Lesser of 100% of billed charges applies.; No services were performed during the 15 month look back period.,8159.5566,78,,,,,0,percent of total billed charges,78% of Billed Charges. Lesser of 100% of billed charges applies.; No services were performed during the 15 month look back period.,12574,,,,,,,Case Rate,". Primary procedure pays at 100%, all subsequent at 50%.",13586,,,,,,,Case Rate,". MPL 100/50/25% all add ons apply, and lesser of 100% of billed charges",6487,,,,,,,Case Rate,". MPL 100/50/25% maxmium of 3 procedures. All add ons apply, and lesser of 100% of billed charges",3839.35,,,,,,,Case Rate,"100% Medicare OPPS FS. ",10024,,,,,,,Case Rate,". Primary procedure pays at 100%, secondary at 50%, all subsequent at 25%.  Lesser of applies when negotiated rates exceed charges less addons.",6487,,,,,,,Case Rate,". MPL 100/50/25% maxmium of 3 procedures. All add ons apply, and lesser of 100% of billed charges",6487,,,,,,,Case Rate,". MPL 100/50/25% maxmium of 3 procedures. All add ons apply, and lesser of 100% of billed charges",8159.5566,78,,,,,0,percent of total billed charges,78% of Billed Charges. Lesser of 100% of billed charges applies.; No services were performed during the 15 month look back period.,8259.81,,,,,,,Case Rate,"214 Percent of Medicaid APG. Drugs not priced under APG, billed with revenue code 636 and not priced by Medicare ASP FeeSched will be reimbursed at 20% of charges.",6487,,,,,,,Case Rate,". MPL 100/50/25% maxmium of 3 procedures. All add ons apply, and lesser of 100% of billed charges",3859.73,,,,,,,Case Rate,"100 Percent of Medicaid APG. ",3839.35,,,,,,,Case Rate,"100% Medicare OPPS FS. ",3839.35,,,,,,,Case Rate,"100% Medicare OPPS FS. ",3839.35,,,,,,,Case Rate,"100% Medicare OPPS FS. ",3839.35,,,,,,,Case Rate,"100% Medicare OPPS FS. ",3839.35,,,,,,,Case Rate,"100% Medicare OPPS FS. ",3839.35,,,,,,,Case Rate,"100% Medicare OPPS FS. ",6487,,,,,,,Case Rate,". MPL 100/50/25% maxmium of 3 procedures. All add ons apply, and lesser of 100% of billed charges",25798,,,,,,,Case Rate,". MPL 100/75/50% all add ons apply, and lesser of 100% of billed charges",6947.51,,,,,,,Fee Schedule,"180 Percent of Medicaid APG. ",6947.51,,,,,,,Fee Schedule,"180 Percent of Medicaid APG. ",6947.51,,,,,,,Fee Schedule,"180 Percent of Medicaid APG. ",6947.51,,,,,,,Fee Schedule,"180 Percent of Medicaid APG. ",6947.51,,,,,,,Fee Schedule,"180 Percent of Medicaid APG. ",,,,,,,,,"NA. ",25798,,,,,,,Case Rate,". MPL 100/75/50% all add ons apply, and lesser of 100% of billed charges",7601.91,,,,,,,Case Rate,198 Percent of Medicare OPPS. Metroplus will reimburse unlisted codes and described codes with no Medicare rate at 50 percent of charges.,7601.91,,,,,,,Case Rate,198 Percent of Medicare OPPS. Metroplus will reimburse unlisted codes and described codes with no Medicare rate at 50 percent of charges.,7601.91,,,,,,,Case Rate,198 Percent of Medicare OPPS. Metroplus will reimburse unlisted codes and described codes with no Medicare rate at 50 percent of charges.,7601.91,,,,,,,Case Rate,198 Percent of Medicare OPPS. Metroplus will reimburse unlisted codes and described codes with no Medicare rate at 50 percent of charges.,7601.91,,,,,,,Case Rate,198 Percent of Medicare OPPS. Metroplus will reimburse unlisted codes and described codes with no Medicare rate at 50 percent of charges.,3839.35,,,,,,,Case Rate,"100% Medicare OPPS FS. ",12574,,,,,,,Case Rate,". Primary procedure pays at 100%, all subsequent at 50%.",12574,,,,,,,Case Rate,". Primary procedure pays at 100%, all subsequent at 50%.",12574,,,,,,,Case Rate,". Primary procedure pays at 100%, all subsequent at 50%.",12574,,,,,,,Case Rate,". Primary procedure pays at 100%, all subsequent at 50%.",10024,,,,,,,Case Rate,". Primary procedure pays at 100%, secondary at 50%, all subsequent at 25%.  Lesser of applies when negotiated rates exceed charges less addons.",10024,,,,,,,Case Rate,". Primary procedure pays at 100%, secondary at 50%, all subsequent at 25%.  Lesser of applies when negotiated rates exceed charges less addons.",10024,,,,,,,Case Rate,". Primary procedure pays at 100%, secondary at 50%, all subsequent at 25%.  Lesser of applies when negotiated rates exceed charges less addons.",10024,,,,,,,Case Rate,". Primary procedure pays at 100%, secondary at 50%, all subsequent at 25%.  Lesser of applies when negotiated rates exceed charges less addons.",25798,,,,,,,Case Rate,". MPL 100/75/50% all add ons apply, and lesser of 100% of billed charges",25798,,,,,,,Case Rate,". MPL 100/75/50% all add ons apply, and lesser of 100% of billed charges",3839.35,,,,,,,Case Rate,"100% Medicare OPPS FS. ",3839.35,,,,,,,Case Rate,"100% Medicare OPPS FS. ",3839.35,,,,,,,Case Rate,"100% Medicare OPPS FS. ",13586,,,,,,,Case Rate,". MPL 100/50/25% all add ons apply, and lesser of 100% of billed charges",13586,,,,,,,Case Rate,". MPL 100/50/25% all add ons apply, and lesser of 100% of billed charges",13586,,,,,,,Case Rate,". MPL 100/50/25% all add ons apply, and lesser of 100% of billed charges",25798,,,,,,,Case Rate,". MPL 100/75/50% all add ons apply, and lesser of 100% of billed charges",10024,,,,,,,Case Rate,". Primary procedure pays at 100%, secondary at 50%, all subsequent at 25%.  Lesser of applies when negotiated rates exceed charges less addons.",3839.35,,,,,,,Case Rate,"100% Medicare OPPS FS. ",13586,,,,,,,Case Rate,". MPL 100/50/25% all add ons apply, and lesser of 100% of billed charges",3859.73,,,,,,,Case Rate,"100 Percent of Medicaid APG. ",3916.13,,,,,,,Case Rate,"102% of Medicare OPPS. ",3916.13,,,,,,,Case Rate,"102% of Medicare OPPS. ",3916.13,,,,,,,Case Rate,"102% of Medicare OPPS. ",3859.73,,,,,,,Case rate,"100 Percent of Medicaid APG. ",8684.38,,,,,,,Case Rate,225% of NYS APG. Lesser of 100% of billed charges applies.,8684.38,,,,,,,Case Rate,225% of NYS APG. Lesser of 100% of billed charges applies.,8684.38,,,,,,,Case Rate,225% of NYS APG. Lesser of 100% of billed charges applies.,8684.38,,,,,,,Case Rate,225% of NYS APG. Lesser of 100% of billed charges applies.,8684.38,,,,,,,Case Rate,225% of NYS APG. Lesser of 100% of billed charges applies.,3916.13,,,,,,,Case Rate,"102% of Medicare OPPS. ",3859.73,,,,,,,Case Rate,"100 Percent of Medicaid APG. ",1431.23,,,,,,,Case Rate,100% of PAS. Lesser of 100% of billed charges applies.,8684.38,,,,,,,Case Rate,225% of NYS APG. Lesser of 100% of billed charges applies.,8684.38,,,,,,,Case Rate,225% of NYS APG. Lesser of 100% of billed charges applies.,1431.23,,,,,,,Case Rate,100% of PAS. Lesser of 100% of billed charges applies.,1431.23,,,,,,,Case Rate,100% of PAS. Lesser of 100% of billed charges applies.,6947.51,,,,,,,Fee Schedule,"180 Percent of Medicaid APG. ",3839.35,,,,,,,Case Rate,"100% Medicare OPPS FS. ",3839.35,,,,,,,Case Rate,"100% Medicare OPPS FS. ",10024,,,,,,,Case Rate,". Primary procedure pays at 100%, secondary at 50%, all subsequent at 25%.  Lesser of applies when negotiated rates exceed charges less addons.",3839.35,,,,,,,Case Rate,"100% Medicare OPPS FS. ",8684.38,,,,,,,Case Rate,"225 Percent of Medicaid APG. ",8684.38,,,,,,,Case Rate,"225 Percent of Medicaid APG. ",3859.73,,,,,,,Case rate,"100 Percent of Medicaid APG. ",3859.73,,,,,,,Case rate,"100 Percent of Medicaid APG. ",8684.38,,,,,,,Case Rate,225 Percent of Medicaid APG. Covered services not payable under Medicaid Fee Schedules default to a payment of 87.5 percent of charges.,3859.73,,,,,,,Case rate,124 Percent of Medicaid APG. Covered services not payable under Medicaid Fee Schedules default to a payment of 50 percent of charges.,8684.38,,,,,,,Case Rate,"100 Percent of Medicaid APG. ",8684.38,,,,,,,Case Rate,"100 Percent of Medicaid APG. ",8684.38,,,,,,,Case Rate,"100 Percent of Medicaid APG. ",8684.38,,,,,,,Case Rate,"100 Percent of Medicaid APG. ",13453,,,,,,,Case Rate,". MPL 100/75/50% all add ons apply, and lesser of 100% of billed charges",25798,,,,,,,Case Rate,". MPL 100/75/50% all add ons apply, and lesser of 100% of billed charges",4631.67,,,,,,,Case Rate,"120 Percent of Medicaid APG. Not APG payable, or payable under another fee schedule like ASP/AWP pays at 30% of charges",4631.67,,,,,,,Case Rate,"120 Percent of Medicaid APG. Not APG payable, or payable under another fee schedule like ASP/AWP pays at 30% of charges",3859.73,,,,,,,Case Rate,"100 Percent of Medicaid APG. Not APG payable, or payable under another fee schedule like ASP/AWP pays at 30% of charges",3859.73,,,,,,,Case Rate,"100 Percent of Medicaid APG. Not APG payable, or payable under another fee schedule like ASP/AWP pays at 30% of charges",13586,,,,,,,Case Rate,". MPL 100/50/25% all add ons apply, and lesser of 100% of billed charges",13586,,,,,,,Case Rate,". MPL 100/50/25% all add ons apply, and lesser of 100% of billed charges",3839.35,,,,,,,Case Rate,"100% Medicare OPPS FS. ",13586,,,,,,,Case Rate,". MPL 100/50/25% all add ons apply, and lesser of 100% of billed charges",13586,,,,,,,Case Rate,". MPL 100/50/25% all add ons apply, and lesser of 100% of billed charges",13586,,,,,,,Case Rate,". MPL 100/50/25% all add ons apply, and lesser of 100% of billed charges",13586,,,,,,,Case Rate,". MPL 100/50/25% all add ons apply, and lesser of 100% of billed charges",3839.35,,,,,,,Case Rate,"100% Medicare OPPS FS. ",13586,,,,,,,Case Rate,". MPL 100/50/25% all add ons apply, and lesser of 100% of billed charges",13586,,,,,,,Case Rate,". MPL 100/50/25% all add ons apply, and lesser of 100% of billed charges",10024,,,,,,,Case Rate,". Primary procedure pays at 100%, secondary at 50%, all subsequent at 25%.  Lesser of applies when negotiated rates exceed charges less addons.",3859.73,,,,,,,Fee Schedule,100% APG. Lesser of 100% of billed charges applies.,3859.73,,,,,,,Case rate,124 Percent of Medicaid APG. Covered services not payable under Medicaid Fee Schedules default to a payment of 50 percent of charges.,8684.38,,,,,,,Case Rate,225% of NYS APG. Lesser of 100% of billed charges applies.,8684.38,,,,,,,Case Rate,225 Percent of Medicaid APG. Covered services not payable under Medicaid Fee Schedules default to a payment of 87.5 percent of charges.,3859.73,,,,,,,Case rate,124 Percent of Medicaid APG. Covered services not payable under Medicaid Fee Schedules default to a payment of 50 percent of charges.,8684.38,,,,,,,Case Rate,225% of NYS APG. Lesser of 100% of billed charges applies.,8684.38,,,,,,,Case Rate,225% of NYS APG. Lesser of 100% of billed charges applies.,8684.38,,,,,,,Case Rate,225% of NYS APG. Lesser of 100% of billed charges applies.,8684.38,,,,,,,Case Rate,225% of NYS APG. Lesser of 100% of billed charges applies.,8684.38,,,,,,,Case Rate,225% of NYS APG. Lesser of 100% of billed charges applies.,8684.38,,,,,,,Case Rate,225% of NYS APG. Lesser of 100% of billed charges applies.,,,,,,,,,"NA. ",,,,,,,,,"NA. ",,,,,,,,,"NA. ",6487,,,,,,,Case Rate,". MPL 100/50/25% maxmium of 3 procedures. All add ons apply, and lesser of 100% of billed charges",,,,,,,,,"NA. ",3839.35,,,,,,,Case Rate,"100% Medicare OPPS FS. ",7084,,,,,,,Case Rate,". MPL 1st 100% of Payment Rate 50% of all others, all add ons apply, and lesser of 100% of billed charges.",3839.35,,,,,,,Case Rate,"100% Medicare OPPS FS. ",3839.35,,,,,,,Case Rate,"100% Medicare OPPS FS. ",4631.67,,,,,,,Case Rate,"120 Percent of Medicaid APG. Not APG payable, or payable under another fee schedule like ASP/AWP pays at 30% of charges",4631.67,,,,,,,Case Rate,"120 Percent of Medicaid APG. Not APG payable, or payable under another fee schedule like ASP/AWP pays at 30% of charges",3859.73,,,,,,,Case Rate,"100 Percent of Medicaid APG. Not APG payable, or payable under another fee schedule like ASP/AWP pays at 30% of charges",3859.73,,,,,,,Case Rate,"100 Percent of Medicaid APG. Not APG payable, or payable under another fee schedule like ASP/AWP pays at 30% of charges",3859.73,,,,,,,Case Rate,"100 Percent of Medicaid APG. ",7163,,,,,,,Case Rate,". ",10024,,,,,,,Case Rate,". Primary procedure pays at 100%, secondary at 50%, all subsequent at 25%.  Lesser of applies when negotiated rates exceed charges less addons.",8427,,,,,,,Case Rate,". Primary procedure pays at 100%, all subsequent at 50%.",6487,,,,,,,Case Rate,". MPL 100/50/25% maxmium of 3 procedures. All add ons apply, and lesser of 100% of billed charges",3839.35,,,,,,,Case Rate,"100%Medicare OPPS FS. ",3839.35,,,,,,,Case Rate,"100% Medicare OPPS FS. ",3839.35,,,,,,,Case Rate,"100% Medicare OPPS FS. ",3839.35,,,,,,,Case Rate,"100% Medicare OPPS FS. ",3839.35,,,,,,,Case Rate,"100%Medicare OPPS FS. ",3839.35,,,,,,,Case Rate,"100% Medicare OPPS FS. ",,,,,,,,,"NA. ",8684.38,,,,,,,Case Rate,225% of NYS APG. Lesser of 100% of billed charges applies.,1431.23,,,,,,,Case Rate,100% of PAS. Lesser of 100% of billed charges applies.,13586,,,,,,,Case Rate,". MPL 100/50/25% all add ons apply, and lesser of 100% of billed charges",7163,,,,,,,Case Rate,". ",7163,,,,,,,Case Rate,". ",7163,,,,,,,Case Rate,". ",7163,,,,,,,Case Rate,". ",3839.35,,,,,,,Case Rate,"100% Medicare OPPS FS. ",3859.73,,,,,,,Case Rate,"100 Percent of Medicaid APG. ",13586,,,,,,,Case Rate,". MPL 100/50/25% all add ons apply, and lesser of 100% of billed charges",3859.73,,,,,,,Case Rate,"100 Percent of Medicaid APG. ",3839.35,,,,,,,Case Rate,"100% Medicare OPPS FS. ",3859.73,,,,,,,Case Rate,"100 Percent of Medicaid APG. ",3839.35,,,,,,,Case Rate,"100% Medicare OPPS FS. ",3839.35,,,,,,,Case Rate,"100% Medicare OPPS FS. ",3859.73,,,,,,,Case Rate,"100 Percent of Medicaid APG. ",3859.73,,,,,,,Case Rate,"100 Percent of Medicaid APG. ",7163,,,,,,,Case Rate,". ",6487,,,,,,,Case Rate,". MPL 100/50/25% maxmium of 3 procedures. All add ons apply, and lesser of 100% of billed charges",8159.5566,78,,,,,0,percent of total billed charges,78% of Billed Charges. Lesser of 100% of billed charges applies.; No services were performed during the 15 month look back period.,9024.56,,,,,,,Case Rate,". MPL 100/50/25% all add ons apply, and lesser of 100% of billed charges",9024.56,,,,,,,Case Rate,". MPL 100/50/25% all add ons apply, and lesser of 100% of billed charges",10024,,,,,,,Case Rate,". Primary procedure pays at 100%, secondary at 50%, all subsequent at 25%.  Lesser of applies when negotiated rates exceed charges less addons.",1516.35,,,,,,,Case Rate,"83% HF Fee schedule. ",12574,,,,,,,Case Rate,". Primary procedure pays at 100%, all subsequent at 50%.",12574,,,,,,,Case Rate,". Primary procedure pays at 100%, all subsequent at 50%.",10869,,,,,,,Case Rate,". MPL 100/50/25% all add ons apply, and lesser of 100% of billed charges",10869,,,,,,,Case Rate,". MPL 100/50/25% all add ons apply, and lesser of 100% of billed charges",3839.35,,,,,,,Case Rate,"100% Medicare OPPS FS. ",3839.35,,,,,,,Case Rate,"100% Medicare OPPS FS. ",3839.35,,,,,,,Case Rate,"100% Medicare OPPS FS. ",3839.35,,,,,,,Case Rate,"100% Medicare OPPS FS. ",9024.56,,,,,,,Case Rate,". MPL 100/50/25% all add ons apply, and lesser of 100% of billed charges",13586,,,,,,,Case Rate,". MPL 100/50/25% all add ons apply, and lesser of 100% of billed charges",13586,,,,,,,Case Rate,". MPL 100/50/25% all add ons apply, and lesser of 100% of billed charges",3839.35,,,,,,,Case Rate,"100% Medicare OPPS FS. ",10869,,,,,,,Case Rate,". MPL 100/50/25% all add ons apply, and lesser of 100% of billed charges",8427,,,,,,,Case Rate,". Primary procedure pays at 100%, all subsequent at 50%.",4631.67,,,,,,,Fee Schedule,"120 Percent of Medicaid APG. ",3859.73,,,,,,,Case Rate,"100 Percent of Medicaid APG. ",7163,,,,,,,Case Rate,". ",12227,,,,,,,Case Rate,". MPL 100/50/25% all add ons apply, and lesser of 100% of billed charges",12227,,,,,,,Case Rate,". MPL 100/50/25% all add ons apply, and lesser of 100% of billed charges",13586,,,,,,,Case Rate,". MPL 100/50/25% all add ons apply, and lesser of 100% of billed charges",14948,,,,,,,Case Rate,". MPL 100/75/50% all add ons apply, and lesser of 100% of billed charges",3839.35,,,,,,,Case Rate,"100%Medicare OPPS FS. ",4052.71,,,,,,,Fee Schedule,105 percent of Medicaid APG. otherwise 105% of Ordered NYS MCD FS or 105% of ASP+6%,4052.71,,,,,,,Fee Schedule,105 percent of Medicaid APG. otherwise 105% of Ordered NYS MCD FS or 105% of ASP+6%,4052.71,,,,,,,Fee Schedule,105 percent of Medicaid APG. otherwise 105% of Ordered NYS MCD FS or 105% of ASP+6%,5210.63,,,,,,,Fee Schedule,135 percent of Medicaid APG. otherwise 135% of Ordered NYS MCD FS or 135% of ASP+6%,9024.56,,,,,,,Case Rate,". MPL 100/50/25% all add ons apply, and lesser of 100% of billed charges",4052.71,,,,,,,Fee Schedule,105 percent of Medicaid APG. otherwise 105% of Ordered NYS MCD FS or 105% of ASP+6%,4052.71,,,,,,,Fee Schedule,105 percent of Medicaid APG. otherwise 105% of Ordered NYS MCD FS or 105% of ASP+6%,4052.71,,,,,,,Fee Schedule,105 percent of Medicaid APG. otherwise 105% of Ordered NYS MCD FS or 105% of ASP+6%,4052.71,,,,,,,Fee Schedule,105 percent of Medicaid APG. otherwise 105% of Ordered NYS MCD FS or 105% of ASP+6%,4052.71,,,,,,,Fee Schedule,105 percent of Medicaid APG. otherwise 105% of Ordered NYS MCD FS or 105% of ASP+6%,5210.63,,,,,,,Fee Schedule,135 percent of Medicaid APG. otherwise 135% of Ordered NYS MCD FS or 135% of ASP+6%,5210.63,,,,,,,Fee Schedule,135 percent of Medicaid APG. otherwise 135% of Ordered NYS MCD FS or 135% of ASP+6%,3839.35,,,,,,,Case Rate,"100% Medicare OPPS FS. ",9024.56,,,,,,,Case Rate,". MPL 100/50/25% all add ons apply, and lesser of 100% of billed charges",3839.35,,,,,,,Case Rate,"100% Medicare OPPS FS. ",4052.71,,,,,,,Fee Schedule,105 percent of Medicaid APG. otherwise 105% of Ordered NYS MCD FS or 105% of ASP+6%,13586,,,,,,,Case Rate,". MPL 100/50/25% all add ons apply, and lesser of 100% of billed charges",3839.35,,,,,,,Case Rate,"100% Medicare OPPS FS. ",13586,,,,,,,Case Rate,". MPL 100/50/25% all add ons apply, and lesser of 100% of billed charges",13586,,,,,,,Case Rate,". MPL 100/50/25% all add ons apply, and lesser of 100% of billed charges",13586,,,,,,,Case Rate,". MPL 100/50/25% all add ons apply, and lesser of 100% of billed charges",4052.71,,,,,,,Fee Schedule,105 percent of Medicaid APG. otherwise 105% of Ordered NYS MCD FS or 105% of ASP+6%,3839.35,,,,,,,Case Rate,"100% Medicare OPPS FS. ",13586,,,,,,,Case Rate,". MPL 100/50/25% all add ons apply, and lesser of 100% of billed charges",5210.63,,,,,,,Fee Schedule,135 percent of Medicaid APG. otherwise 135% of Ordered NYS MCD FS or 135% of ASP+6%,13586,,,,,,,Case Rate,". MPL 100/50/25% all add ons apply, and lesser of 100% of billed charges",20921.94,200,,,,,0,Case Rate,200% of Medicare OPPS. ; No services were performed during the 15 month look back period.,3839.35,,,,,,,Case Rate,"100%Medicare OPPS FS. ",7163,,,,,,,Case Rate,". ",7163,,,,,,,Case Rate,". ",7163,,,,,,,Case Rate,". ",7163,,,,,,,Case Rate,". ",7163,,,,,,,Case Rate,". ",8427,,,,,,,Case Rate,". Primary procedure pays at 100%, all subsequent at 50%.",8427,,,,,,,Case Rate,". Primary procedure pays at 100%, all subsequent at 50%.",7163,,,,,,,Case Rate,". ",7163,,,,,,,Case Rate,". ",7163,,,,,,,Case Rate,". ",7163,,,,,,,Case Rate,". ",7163,,,,,,,Case Rate,". ",3839.35,,,,,,,Case Rate,"100% Medicare OPPS FS. ",8427,,,,,,,Case Rate,". Primary procedure pays at 100%, all subsequent at 50%.",3839.35,,,,,,,Case Rate,"100% Medicare OPPS FS. ",8684.38,,,,,,,Case Rate,"225 Percent of Medicaid APG. If not included in Medicaid APG, then 100 Percent of Manhattan Medicare",3859.73,,,,,,,Case Rate,"100 Percent of Medicaid APG. ",9024.56,,,,,,,Case Rate,". MPL 100/50/25% all add ons apply, and lesser of 100% of billed charges",9024.56,,,,,,,Case Rate,". MPL 100/50/25% all add ons apply, and lesser of 100% of billed charges",3839.35,,,,,,,Case Rate,"100% Medicare OPPS FS. ",12574,,,,,,,Case Rate,". Primary procedure pays at 100%, all subsequent at 50%.",3839.35,,,,,,,Case Rate,"100% Medicare OPPS FS. ",3839.35,,,,,,,Case Rate,"100% Medicare OPPS FS. ",10024,,,,,,,Case Rate,". Primary procedure pays at 100%, secondary at 50%, all subsequent at 25%.  Lesser of applies when negotiated rates exceed charges less addons.",3839.35,,,,,,,Case Rate,"100% Medicare OPPS FS. ",6487,,,,,,,Case Rate,". MPL 100/50/25% maxmium of 3 procedures. All add ons apply, and lesser of 100% of billed charges",3839.35,,,,,,,Case Rate,"100% Medicare OPPS FS. ",6487,,,,,,,Case Rate,". MPL 100/50/25% maxmium of 3 procedures. All add ons apply, and lesser of 100% of billed charges",10024,,,,,,,Case Rate,". Primary procedure pays at 100%, secondary at 50%, all subsequent at 25%.  Lesser of applies when negotiated rates exceed charges less addons.",6487,,,,,,,Case Rate,". MPL 100/50/25% maxmium of 3 procedures. All add ons apply, and lesser of 100% of billed charges",3839.35,,,,,,,Case Rate,"100% Medicare OPPS FS. ",3859.73,,,,,,,Case Rate,"100 Percent of Medicaid APG. ",3839.35,,,,,,,Case Rate,"100% Medicare OPPS FS. ",6487,,,,,,,Case Rate,". MPL 100/50/25% maxmium of 3 procedures. All add ons apply, and lesser of 100% of billed charges",9024.56,,,,,,,Case Rate,". MPL 100/50/25% all add ons apply, and lesser of 100% of billed charges",3859.73,,,,,,,Case Rate,"100 Percent of Medicaid APG. ",13586,,,,,,,Case Rate,". MPL 100/50/25% all add ons apply, and lesser of 100% of billed charges",4631.67,,,,,,,Fee Schedule,"120 Percent of Medicaid APG. ",4631.67,,,,,,,Fee Schedule,"120 Percent of Medicaid APG. ",13586,,,,,,,Case Rate,". MPL 100/50/25% all add ons apply, and lesser of 100% of billed charges",13586,,,,,,,Case Rate,". MPL 100/50/25% all add ons apply, and lesser of 100% of billed charges",13586,,,,,,,Case Rate,". MPL 100/50/25% all add ons apply, and lesser of 100% of billed charges",9024.56,,,,,,,Case Rate,". MPL 100/50/25% all add ons apply, and lesser of 100% of billed charges",13586,,,,,,,Case Rate,". MPL 100/50/25% all add ons apply, and lesser of 100% of billed charges",13586,,,,,,,Case Rate,". MPL 100/50/25% all add ons apply, and lesser of 100% of billed charges",13586,,,,,,,Case Rate,". MPL 100/50/25% all add ons apply, and lesser of 100% of billed charges",7163,,,,,,,Case Rate,". ",7163,,,,,,,Case Rate,". ",7601.91,,,,,,,Case Rate,198 Percent of Medicare OPPS. Metroplus will reimburse unlisted codes and described codes with no Medicare rate at 50 percent of charges.,3859.73,,,,,,,Case Rate,"100 Percent of Medicaid APG. ",9024.56,,,,,,,Case Rate,". MPL 100/50/25% all add ons apply, and lesser of 100% of billed charges",6487,,,,,,,Case Rate,". MPL 100/50/25% maxmium of 3 procedures. All add ons apply, and lesser of 100% of billed charges",10024,,,,,,,Case Rate,". Primary procedure pays at 100%, secondary at 50%, all subsequent at 25%.  Lesser of applies when negotiated rates exceed charges less addons.",9024.56,,,,,,,Case Rate,". MPL 100/50/25% all add ons apply, and lesser of 100% of billed charges",10024,,,,,,,Case Rate,". Primary procedure pays at 100%, secondary at 50%, all subsequent at 25%.  Lesser of applies when negotiated rates exceed charges less addons.",9024.56,,,,,,,Case Rate,". MPL 100/50/25% all add ons apply, and lesser of 100% of billed charges",13586,,,,,,,Case Rate,". MPL 100/50/25% all add ons apply, and lesser of 100% of billed charges",13586,,,,,,,Case Rate,". MPL 100/50/25% all add ons apply, and lesser of 100% of billed charges",13586,,,,,,,Case Rate,". MPL 100/50/25% all add ons apply, and lesser of 100% of billed charges",13586,,,,,,,Case Rate,". MPL 100/50/25% all add ons apply, and lesser of 100% of billed charges",3839.35,,,,,,,Case Rate,"100% Medicare OPPS FS. ",1431.23,25798,
28825,CPT,,,490,RC,PARTIAL AMPUTATION OF TOE,,,both,,,,5941,,,,,,,Case Rate,". MPL 1st 100% of Payment Rate 50% of all others, all add ons apply, and lesser of 100% of billed charges.",5941,,,,,,,Case Rate,". MPL 1st 100% of Payment Rate 50% of all others, all add ons apply, and lesser of 100% of billed charges.",8442,,,,,,,Case Rate,". Primary procedure pays at 100%, secondary at 50%, all subsequent at 25%.  Lesser of applies when negotiated rates exceed charges less addons.",,100,,,,,0,percent of total billed charges,100 percent of billed charges. ; No services were performed during the 15 month look back period.,3839.35,,,,,,,Case Rate,"100% Medicare OPPS FS. ",8442,,,,,,,Case Rate,". Primary procedure pays at 100%, secondary at 50%, all subsequent at 25%.  Lesser of applies when negotiated rates exceed charges less addons.",8442,,,,,,,Case Rate,". Primary procedure pays at 100%, secondary at 50%, all subsequent at 25%.  Lesser of applies when negotiated rates exceed charges less addons.",8442,,,,,,,Case Rate,". Primary procedure pays at 100%, secondary at 50%, all subsequent at 25%.  Lesser of applies when negotiated rates exceed charges less addons.",2609.26,,,,,,,Case Rate,"100 Percent of Medicaid APG. ",2174.39,,,,,,,Case Rate,"100 Percent of Medicaid APG. ",,78,,,,,0,percent of total billed charges,78% of Billed Charges. Lesser of 100% of billed charges applies.; No services were performed during the 15 month look back period.,9024.56,,,,,,,Case Rate,". MPL 100/50/25% all add ons apply, and lesser of 100% of billed charges",2174.39,,,,,,,Case Rate,"100 Percent of Medicaid APG. ",3839.35,,,,,,,Case Rate,"100% Medicare OPPS FS. ",6487,,,,,,,Case Rate,". MPL 100/50/25% maxmium of 3 procedures. All add ons apply, and lesser of 100% of billed charges",6487,,,,,,,Case Rate,". MPL 100/50/25% maxmium of 3 procedures. All add ons apply, and lesser of 100% of billed charges",6487,,,,,,,Case Rate,". MPL 100/50/25% maxmium of 3 procedures. All add ons apply, and lesser of 100% of billed charges",6487,,,,,,,Case Rate,". MPL 100/50/25% maxmium of 3 procedures. All add ons apply, and lesser of 100% of billed charges",2174.39,,,,,,,Case rate,124 Percent of Medicaid APG. Covered services not payable under Medicaid Fee Schedules default to a payment of 50 percent of charges.,3839.35,,,,,,,Case Rate,"100% Medicare OPPS FS. ",2174.39,,,,,,,Case rate,124 Percent of Medicaid APG. Covered services not payable under Medicaid Fee Schedules default to a payment of 50 percent of charges.,,78,,,,,0,percent of total billed charges,78% of Billed Charges. Lesser of 100% of billed charges applies.; No services were performed during the 15 month look back period.,8442,,,,,,,Case Rate,". Primary procedure pays at 100%, secondary at 50%, all subsequent at 25%.  Lesser of applies when negotiated rates exceed charges less addons.",3839.35,,,,,,,Case Rate,"100%Medicare OPPS FS. ",8427,,,,,,,Case Rate,". Primary procedure pays at 100%, all subsequent at 50%.",3839.35,,,,,,,Case Rate,"100%Medicare OPPS FS. ",3839.35,,,,,,,Case Rate,"100%Medicare OPPS FS. ",,78,,,,,0,percent of total billed charges,78% of Billed Charges. Lesser of 100% of billed charges applies.; No services were performed during the 15 month look back period.,1431.23,,,,,,,Case Rate,100% of PAS. Lesser of 100% of billed charges applies.,1431.23,,,,,,,Case Rate,100% of PAS. Lesser of 100% of billed charges applies.,2174.39,,,,,,,Case rate,"100 Percent of Medicaid APG. ",2174.39,,,,,,,Case rate,"100 Percent of Medicaid APG. ",8427,,,,,,,Case Rate,". Primary procedure pays at 100%, all subsequent at 50%.",8427,,,,,,,Case Rate,". Primary procedure pays at 100%, all subsequent at 50%.",2174.39,,,,,,,Case Rate,"100 Percent of Medicaid APG. Not APG payable, or payable under another fee schedule like ASP/AWP pays at 30% of charges",8427,,,,,,,Case Rate,". Primary procedure pays at 100%, all subsequent at 50%.",2174.39,,,,,,,Case Rate,"100 Percent of Medicaid APG. Not APG payable, or payable under another fee schedule like ASP/AWP pays at 30% of charges",3839.35,,,,,,,Case Rate,"100%Medicare OPPS FS. ",8427,,,,,,,Case Rate,". Primary procedure pays at 100%, all subsequent at 50%.",,78,,,,,0,percent of total billed charges,78% of Billed Charges. Lesser of 100% of billed charges applies.; No services were performed during the 15 month look back period.,2174.39,,,,,,,Case Rate,"100 Percent of Medicaid APG. ",2174.39,,,,,,,Case Rate,"100 Percent of Medicaid APG. ",,78,,,,,0,percent of total billed charges,78% of Billed Charges. Lesser of 100% of billed charges applies.; No services were performed during the 15 month look back period.,6487,,,,,,,Case Rate,". MPL 100/50/25% maxmium of 3 procedures. All add ons apply, and lesser of 100% of billed charges",7929,,,,,,,Case Rate,". MPL 100/50/25% all add ons apply, and lesser of 100% of billed charges",7929,,,,,,,Case Rate,". MPL 100/50/25% all add ons apply, and lesser of 100% of billed charges",,78,,,,,0,percent of total billed charges,78% of Billed Charges. Lesser of 100% of billed charges applies.; No services were performed during the 15 month look back period.,3839.35,,,,,,,Case Rate,"100% Medicare OPPS FS. ",9024.56,,,,,,,Case Rate,". MPL 100/50/25% all add ons apply, and lesser of 100% of billed charges",9024.56,,,,,,,Case Rate,". MPL 100/50/25% all add ons apply, and lesser of 100% of billed charges",9024.56,,,,,,,Case Rate,". MPL 100/50/25% all add ons apply, and lesser of 100% of billed charges",3839.35,,,,,,,Case Rate,"100% Medicare OPPS FS. ",9024.56,,,,,,,Case Rate,". MPL 100/50/25% all add ons apply, and lesser of 100% of billed charges",9024.56,,,,,,,Case Rate,". MPL 100/50/25% all add ons apply, and lesser of 100% of billed charges",3839.35,,,,,,,Case Rate,"100% of Medicare OPPS. ",25798,,,,,,,Case Rate,". MPL 100/75/50% all add ons apply, and lesser of 100% of billed charges",13586,,,,,,,Case Rate,". MPL 100/50/25% all add ons apply, and lesser of 100% of billed charges",13586,,,,,,,Case Rate,". MPL 100/50/25% all add ons apply, and lesser of 100% of billed charges",13586,,,,,,,Case Rate,". MPL 100/50/25% all add ons apply, and lesser of 100% of billed charges",13586,,,,,,,Case Rate,". MPL 100/50/25% all add ons apply, and lesser of 100% of billed charges",13586,,,,,,,Case Rate,". MPL 100/50/25% all add ons apply, and lesser of 100% of billed charges",13586,,,,,,,Case Rate,". MPL 100/50/25% all add ons apply, and lesser of 100% of billed charges",3839.35,,,,,,,Case Rate,"100% Medicare OPPS FS. ",3839.35,,,,,,,Case Rate,"100% Medicare OPPS FS. ",13586,,,,,,,Case Rate,". MPL 100/50/25% all add ons apply, and lesser of 100% of billed charges",,78,,,,,0,percent of total billed charges,78% of Billed Charges. Lesser of 100% of billed charges applies.; No services were performed during the 15 month look back period.,,78,,,,,0,percent of total billed charges,78% of Billed Charges. Lesser of 100% of billed charges applies.; No services were performed during the 15 month look back period.,,78,,,,,0,percent of total billed charges,78% of Billed Charges. Lesser of 100% of billed charges applies.; No services were performed during the 15 month look back period.,,78,,,,,0,percent of total billed charges,78% of Billed Charges. Lesser of 100% of billed charges applies.; No services were performed during the 15 month look back period.,,78,,,,,0,percent of total billed charges,78% of Billed Charges. Lesser of 100% of billed charges applies.; No services were performed during the 15 month look back period.,,78,,,,,0,percent of total billed charges,78% of Billed Charges. Lesser of 100% of billed charges applies.; No services were performed during the 15 month look back period.,,78,,,,,0,percent of total billed charges,78% of Billed Charges. Lesser of 100% of billed charges applies.; No services were performed during the 15 month look back period.,,78,,,,,0,percent of total billed charges,78% of Billed Charges. Lesser of 100% of billed charges applies.; No services were performed during the 15 month look back period.,,78,,,,,0,percent of total billed charges,78% of Billed Charges. Lesser of 100% of billed charges applies.; No services were performed during the 15 month look back period.,,78,,,,,0,percent of total billed charges,78% of Billed Charges. Lesser of 100% of billed charges applies.; No services were performed during the 15 month look back period.,,78,,,,,0,percent of total billed charges,78% of Billed Charges. Lesser of 100% of billed charges applies.; No services were performed during the 15 month look back period.,,78,,,,,0,percent of total billed charges,78% of Billed Charges. Lesser of 100% of billed charges applies.; No services were performed during the 15 month look back period.,,78,,,,,0,percent of total billed charges,78% of Billed Charges. Lesser of 100% of billed charges applies.; No services were performed during the 15 month look back period.,,78,,,,,0,percent of total billed charges,78% of Billed Charges. Lesser of 100% of billed charges applies.; No services were performed during the 15 month look back period.,,78,,,,,0,percent of total billed charges,78% of Billed Charges. Lesser of 100% of billed charges applies.; No services were performed during the 15 month look back period.,,78,,,,,0,percent of total billed charges,78% of Billed Charges. Lesser of 100% of billed charges applies.; No services were performed during the 15 month look back period.,,78,,,,,0,percent of total billed charges,78% of Billed Charges. Lesser of 100% of billed charges applies.; No services were performed during the 15 month look back period.,,78,,,,,0,percent of total billed charges,78% of Billed Charges. Lesser of 100% of billed charges applies.; No services were performed during the 15 month look back period.,,78,,,,,0,percent of total billed charges,78% of Billed Charges. Lesser of 100% of billed charges applies.; No services were performed during the 15 month look back period.,,78,,,,,0,percent of total billed charges,78% of Billed Charges. Lesser of 100% of billed charges applies.; No services were performed during the 15 month look back period.,,78,,,,,0,percent of total billed charges,78% of Billed Charges. Lesser of 100% of billed charges applies.; No services were performed during the 15 month look back period.,,78,,,,,0,percent of total billed charges,78% of Billed Charges. Lesser of 100% of billed charges applies.; No services were performed during the 15 month look back period.,,78,,,,,0,percent of total billed charges,78% of Billed Charges. Lesser of 100% of billed charges applies.; No services were performed during the 15 month look back period.,,78,,,,,0,percent of total billed charges,78% of Billed Charges. Lesser of 100% of billed charges applies.; No services were performed during the 15 month look back period.,,78,,,,,0,percent of total billed charges,78% of Billed Charges. Lesser of 100% of billed charges applies.; No services were performed during the 15 month look back period.,,78,,,,,0,percent of total billed charges,78% of Billed Charges. Lesser of 100% of billed charges applies.; No services were performed during the 15 month look back period.,8427,,,,,,,Case Rate,". Primary procedure pays at 100%, all subsequent at 50%.",8427,,,,,,,Case Rate,". Primary procedure pays at 100%, all subsequent at 50%.",8427,,,,,,,Case Rate,". Primary procedure pays at 100%, all subsequent at 50%.",8427,,,,,,,Case Rate,". Primary procedure pays at 100%, all subsequent at 50%.",12574,,,,,,,Case Rate,". Primary procedure pays at 100%, all subsequent at 50%.",12574,,,,,,,Case Rate,". Primary procedure pays at 100%, all subsequent at 50%.",6487,,,,,,,Case Rate,". MPL 100/50/25% maxmium of 3 procedures. All add ons apply, and lesser of 100% of billed charges",13586,,,,,,,Case Rate,". MPL 100/50/25% all add ons apply, and lesser of 100% of billed charges",9024.56,,,,,,,Case Rate,". MPL 100/50/25% all add ons apply, and lesser of 100% of billed charges",13586,,,,,,,Case Rate,". MPL 100/50/25% all add ons apply, and lesser of 100% of billed charges",,78,,,,,0,percent of total billed charges,78% of Billed Charges. Lesser of 100% of billed charges applies.; No services were performed during the 15 month look back period.,12574,,,,,,,Case Rate,". Primary procedure pays at 100%, all subsequent at 50%.",13586,,,,,,,Case Rate,". MPL 100/50/25% all add ons apply, and lesser of 100% of billed charges",9024.56,,,,,,,Case Rate,". MPL 100/50/25% all add ons apply, and lesser of 100% of billed charges",6487,,,,,,,Case Rate,". MPL 100/50/25% maxmium of 3 procedures. All add ons apply, and lesser of 100% of billed charges",,,,,,,,,"NA. ",,78,,,,,0,percent of total billed charges,78% of Billed Charges. Lesser of 100% of billed charges applies.; No services were performed during the 15 month look back period.,2174.39,,,,,,,Case Rate,"100 Percent of Medicaid APG. ",8427,,,,,,,Case Rate,". Primary procedure pays at 100%, all subsequent at 50%.",2174.39,,,,,,,Case Rate,"100 Percent of Medicaid APG. Not APG payable, or payable under another fee schedule like ASP/AWP pays at 30% of charges",3839.35,,,,,,,Case Rate,"100%Medicare OPPS FS. ",3839.35,,,,,,,Case Rate,"100% Medicare OPPS FS. ",25798,,,,,,,Case Rate,". MPL 100/75/50% all add ons apply, and lesser of 100% of billed charges",3839.35,,,,,,,Case Rate,"100% Medicare OPPS FS. ",3839.35,,,,,,,Case Rate,"100% Medicare OPPS FS. ",2174.39,,,,,,,Case Rate,"100 Percent of Medicaid APG. ",3839.35,,,,,,,Case Rate,"100% Medicare OPPS FS. ",3839.35,,,,,,,Case Rate,"100% Medicare OPPS FS. ",8442,,,,,,,Case Rate,". Primary procedure pays at 100%, secondary at 50%, all subsequent at 25%.  Lesser of applies when negotiated rates exceed charges less addons.",8442,,,,,,,Case Rate,". Primary procedure pays at 100%, secondary at 50%, all subsequent at 25%.  Lesser of applies when negotiated rates exceed charges less addons.",3839.35,,,,,,,Case Rate,"100% Medicare OPPS FS. ",6487,,,,,,,Case Rate,". MPL 100/50/25% maxmium of 3 procedures. All add ons apply, and lesser of 100% of billed charges",9024.56,,,,,,,Case Rate,". MPL 100/50/25% all add ons apply, and lesser of 100% of billed charges",9024.56,,,,,,,Case Rate,". MPL 100/50/25% all add ons apply, and lesser of 100% of billed charges",3839.35,,,,,,,Case Rate,"100% Medicare OPPS FS. ",6487,,,,,,,Case Rate,". MPL 100/50/25% maxmium of 3 procedures. All add ons apply, and lesser of 100% of billed charges",8442,,,,,,,Case Rate,". Primary procedure pays at 100%, secondary at 50%, all subsequent at 25%.  Lesser of applies when negotiated rates exceed charges less addons.",8442,,,,,,,Case Rate,". Primary procedure pays at 100%, secondary at 50%, all subsequent at 25%.  Lesser of applies when negotiated rates exceed charges less addons.",8442,,,,,,,Case Rate,". Primary procedure pays at 100%, secondary at 50%, all subsequent at 25%.  Lesser of applies when negotiated rates exceed charges less addons.",,78,,,,,0,percent of total billed charges,78% of Billed Charges. Lesser of 100% of billed charges applies.; No services were performed during the 15 month look back period.,,78,,,,,0,percent of total billed charges,78% of Billed Charges. Lesser of 100% of billed charges applies.; No services were performed during the 15 month look back period.,,78,,,,,0,percent of total billed charges,78% of Billed Charges. Lesser of 100% of billed charges applies.; No services were performed during the 15 month look back period.,,78,,,,,0,percent of total billed charges,78% of Billed Charges. Lesser of 100% of billed charges applies.; No services were performed during the 15 month look back period.,,78,,,,,0,percent of total billed charges,78% of Billed Charges. Lesser of 100% of billed charges applies.; No services were performed during the 15 month look back period.,,78,,,,,0,percent of total billed charges,78% of Billed Charges. Lesser of 100% of billed charges applies.; No services were performed during the 15 month look back period.,,78,,,,,0,percent of total billed charges,78% of Billed Charges. Lesser of 100% of billed charges applies.; No services were performed during the 15 month look back period.,,78,,,,,0,percent of total billed charges,78% of Billed Charges. Lesser of 100% of billed charges applies.; No services were performed during the 15 month look back period.,,78,,,,,0,percent of total billed charges,78% of Billed Charges. Lesser of 100% of billed charges applies.; No services were performed during the 15 month look back period.,,78,,,,,0,percent of total billed charges,78% of Billed Charges. Lesser of 100% of billed charges applies.; No services were performed during the 15 month look back period.,,78,,,,,0,percent of total billed charges,78% of Billed Charges. Lesser of 100% of billed charges applies.; No services were performed during the 15 month look back period.,12574,,,,,,,Case Rate,". Primary procedure pays at 100%, all subsequent at 50%.",13586,,,,,,,Case Rate,". MPL 100/50/25% all add ons apply, and lesser of 100% of billed charges",6487,,,,,,,Case Rate,". MPL 100/50/25% maxmium of 3 procedures. All add ons apply, and lesser of 100% of billed charges",3839.35,,,,,,,Case Rate,"100% Medicare OPPS FS. ",8442,,,,,,,Case Rate,". Primary procedure pays at 100%, secondary at 50%, all subsequent at 25%.  Lesser of applies when negotiated rates exceed charges less addons.",6487,,,,,,,Case Rate,". MPL 100/50/25% maxmium of 3 procedures. All add ons apply, and lesser of 100% of billed charges",6487,,,,,,,Case Rate,". MPL 100/50/25% maxmium of 3 procedures. All add ons apply, and lesser of 100% of billed charges",,78,,,,,0,percent of total billed charges,78% of Billed Charges. Lesser of 100% of billed charges applies.; No services were performed during the 15 month look back period.,4653.19,,,,,,,Case Rate,"214 Percent of Medicaid APG. Drugs not priced under APG, billed with revenue code 636 and not priced by Medicare ASP FeeSched will be reimbursed at 20% of charges.",6487,,,,,,,Case Rate,". MPL 100/50/25% maxmium of 3 procedures. All add ons apply, and lesser of 100% of billed charges",2174.39,,,,,,,Case Rate,"100 Percent of Medicaid APG. ",3839.35,,,,,,,Case Rate,"100% Medicare OPPS FS. ",3839.35,,,,,,,Case Rate,"100% Medicare OPPS FS. ",3839.35,,,,,,,Case Rate,"100% Medicare OPPS FS. ",3839.35,,,,,,,Case Rate,"100% Medicare OPPS FS. ",3839.35,,,,,,,Case Rate,"100% Medicare OPPS FS. ",3839.35,,,,,,,Case Rate,"100% Medicare OPPS FS. ",6487,,,,,,,Case Rate,". MPL 100/50/25% maxmium of 3 procedures. All add ons apply, and lesser of 100% of billed charges",25798,,,,,,,Case Rate,". MPL 100/75/50% all add ons apply, and lesser of 100% of billed charges",3913.9,,,,,,,Fee Schedule,"180 Percent of Medicaid APG. ",3913.9,,,,,,,Fee Schedule,"180 Percent of Medicaid APG. ",3913.9,,,,,,,Fee Schedule,"180 Percent of Medicaid APG. ",3913.9,,,,,,,Fee Schedule,"180 Percent of Medicaid APG. ",3913.9,,,,,,,Fee Schedule,"180 Percent of Medicaid APG. ",,,,,,,,,"NA. ",25798,,,,,,,Case Rate,". MPL 100/75/50% all add ons apply, and lesser of 100% of billed charges",7601.91,,,,,,,Case Rate,198 Percent of Medicare OPPS. Metroplus will reimburse unlisted codes and described codes with no Medicare rate at 50 percent of charges.,7601.91,,,,,,,Case Rate,198 Percent of Medicare OPPS. Metroplus will reimburse unlisted codes and described codes with no Medicare rate at 50 percent of charges.,7601.91,,,,,,,Case Rate,198 Percent of Medicare OPPS. Metroplus will reimburse unlisted codes and described codes with no Medicare rate at 50 percent of charges.,7601.91,,,,,,,Case Rate,198 Percent of Medicare OPPS. Metroplus will reimburse unlisted codes and described codes with no Medicare rate at 50 percent of charges.,7601.91,,,,,,,Case Rate,198 Percent of Medicare OPPS. Metroplus will reimburse unlisted codes and described codes with no Medicare rate at 50 percent of charges.,3839.35,,,,,,,Case Rate,"100% Medicare OPPS FS. ",12574,,,,,,,Case Rate,". Primary procedure pays at 100%, all subsequent at 50%.",12574,,,,,,,Case Rate,". Primary procedure pays at 100%, all subsequent at 50%.",12574,,,,,,,Case Rate,". Primary procedure pays at 100%, all subsequent at 50%.",12574,,,,,,,Case Rate,". Primary procedure pays at 100%, all subsequent at 50%.",8442,,,,,,,Case Rate,". Primary procedure pays at 100%, secondary at 50%, all subsequent at 25%.  Lesser of applies when negotiated rates exceed charges less addons.",8442,,,,,,,Case Rate,". Primary procedure pays at 100%, secondary at 50%, all subsequent at 25%.  Lesser of applies when negotiated rates exceed charges less addons.",8442,,,,,,,Case Rate,". Primary procedure pays at 100%, secondary at 50%, all subsequent at 25%.  Lesser of applies when negotiated rates exceed charges less addons.",8442,,,,,,,Case Rate,". Primary procedure pays at 100%, secondary at 50%, all subsequent at 25%.  Lesser of applies when negotiated rates exceed charges less addons.",25798,,,,,,,Case Rate,". MPL 100/75/50% all add ons apply, and lesser of 100% of billed charges",25798,,,,,,,Case Rate,". MPL 100/75/50% all add ons apply, and lesser of 100% of billed charges",3839.35,,,,,,,Case Rate,"100% Medicare OPPS FS. ",3839.35,,,,,,,Case Rate,"100% Medicare OPPS FS. ",3839.35,,,,,,,Case Rate,"100% Medicare OPPS FS. ",13586,,,,,,,Case Rate,". MPL 100/50/25% all add ons apply, and lesser of 100% of billed charges",13586,,,,,,,Case Rate,". MPL 100/50/25% all add ons apply, and lesser of 100% of billed charges",13586,,,,,,,Case Rate,". MPL 100/50/25% all add ons apply, and lesser of 100% of billed charges",25798,,,,,,,Case Rate,". MPL 100/75/50% all add ons apply, and lesser of 100% of billed charges",8442,,,,,,,Case Rate,". Primary procedure pays at 100%, secondary at 50%, all subsequent at 25%.  Lesser of applies when negotiated rates exceed charges less addons.",3839.35,,,,,,,Case Rate,"100% Medicare OPPS FS. ",13586,,,,,,,Case Rate,". MPL 100/50/25% all add ons apply, and lesser of 100% of billed charges",2174.39,,,,,,,Case Rate,"100 Percent of Medicaid APG. ",3916.13,,,,,,,Case Rate,"102% of Medicare OPPS. ",3916.13,,,,,,,Case Rate,"102% of Medicare OPPS. ",3916.13,,,,,,,Case Rate,"102% of Medicare OPPS. ",2174.39,,,,,,,Case rate,"100 Percent of Medicaid APG. ",4892.37,,,,,,,Case Rate,225% of NYS APG. Lesser of 100% of billed charges applies.,4892.37,,,,,,,Case Rate,225% of NYS APG. Lesser of 100% of billed charges applies.,4892.37,,,,,,,Case Rate,225% of NYS APG. Lesser of 100% of billed charges applies.,4892.37,,,,,,,Case Rate,225% of NYS APG. Lesser of 100% of billed charges applies.,4892.37,,,,,,,Case Rate,225% of NYS APG. Lesser of 100% of billed charges applies.,3916.13,,,,,,,Case Rate,"102% of Medicare OPPS. ",2174.39,,,,,,,Case Rate,"100 Percent of Medicaid APG. ",1431.23,,,,,,,Case Rate,100% of PAS. Lesser of 100% of billed charges applies.,4892.37,,,,,,,Case Rate,225% of NYS APG. Lesser of 100% of billed charges applies.,4892.37,,,,,,,Case Rate,225% of NYS APG. Lesser of 100% of billed charges applies.,1431.23,,,,,,,Case Rate,100% of PAS. Lesser of 100% of billed charges applies.,1431.23,,,,,,,Case Rate,100% of PAS. Lesser of 100% of billed charges applies.,3913.9,,,,,,,Fee Schedule,"180 Percent of Medicaid APG. ",3839.35,,,,,,,Case Rate,"100% Medicare OPPS FS. ",3839.35,,,,,,,Case Rate,"100% Medicare OPPS FS. ",8442,,,,,,,Case Rate,". Primary procedure pays at 100%, secondary at 50%, all subsequent at 25%.  Lesser of applies when negotiated rates exceed charges less addons.",3839.35,,,,,,,Case Rate,"100% Medicare OPPS FS. ",4892.37,,,,,,,Case Rate,"225 Percent of Medicaid APG. ",4892.37,,,,,,,Case Rate,"225 Percent of Medicaid APG. ",2174.39,,,,,,,Case rate,"100 Percent of Medicaid APG. ",2174.39,,,,,,,Case rate,"100 Percent of Medicaid APG. ",4892.37,,,,,,,Case Rate,225 Percent of Medicaid APG. Covered services not payable under Medicaid Fee Schedules default to a payment of 87.5 percent of charges.,2174.39,,,,,,,Case rate,124 Percent of Medicaid APG. Covered services not payable under Medicaid Fee Schedules default to a payment of 50 percent of charges.,4892.37,,,,,,,Case Rate,"100 Percent of Medicaid APG. ",4892.37,,,,,,,Case Rate,"100 Percent of Medicaid APG. ",4892.37,,,,,,,Case Rate,"100 Percent of Medicaid APG. ",4892.37,,,,,,,Case Rate,"100 Percent of Medicaid APG. ",13453,,,,,,,Case Rate,". MPL 100/75/50% all add ons apply, and lesser of 100% of billed charges",25798,,,,,,,Case Rate,". MPL 100/75/50% all add ons apply, and lesser of 100% of billed charges",2609.26,,,,,,,Case Rate,"120 Percent of Medicaid APG. Not APG payable, or payable under another fee schedule like ASP/AWP pays at 30% of charges",2609.26,,,,,,,Case Rate,"120 Percent of Medicaid APG. Not APG payable, or payable under another fee schedule like ASP/AWP pays at 30% of charges",2174.39,,,,,,,Case Rate,"100 Percent of Medicaid APG. Not APG payable, or payable under another fee schedule like ASP/AWP pays at 30% of charges",2174.39,,,,,,,Case Rate,"100 Percent of Medicaid APG. Not APG payable, or payable under another fee schedule like ASP/AWP pays at 30% of charges",13586,,,,,,,Case Rate,". MPL 100/50/25% all add ons apply, and lesser of 100% of billed charges",13586,,,,,,,Case Rate,". MPL 100/50/25% all add ons apply, and lesser of 100% of billed charges",3839.35,,,,,,,Case Rate,"100% Medicare OPPS FS. ",13586,,,,,,,Case Rate,". MPL 100/50/25% all add ons apply, and lesser of 100% of billed charges",13586,,,,,,,Case Rate,". MPL 100/50/25% all add ons apply, and lesser of 100% of billed charges",13586,,,,,,,Case Rate,". MPL 100/50/25% all add ons apply, and lesser of 100% of billed charges",13586,,,,,,,Case Rate,". MPL 100/50/25% all add ons apply, and lesser of 100% of billed charges",3839.35,,,,,,,Case Rate,"100% Medicare OPPS FS. ",13586,,,,,,,Case Rate,". MPL 100/50/25% all add ons apply, and lesser of 100% of billed charges",13586,,,,,,,Case Rate,". MPL 100/50/25% all add ons apply, and lesser of 100% of billed charges",8442,,,,,,,Case Rate,". Primary procedure pays at 100%, secondary at 50%, all subsequent at 25%.  Lesser of applies when negotiated rates exceed charges less addons.",2174.39,,,,,,,Fee Schedule,100% APG. Lesser of 100% of billed charges applies.,2174.39,,,,,,,Case rate,124 Percent of Medicaid APG. Covered services not payable under Medicaid Fee Schedules default to a payment of 50 percent of charges.,4892.37,,,,,,,Case Rate,225% of NYS APG. Lesser of 100% of billed charges applies.,4892.37,,,,,,,Case Rate,225 Percent of Medicaid APG. Covered services not payable under Medicaid Fee Schedules default to a payment of 87.5 percent of charges.,2174.39,,,,,,,Case rate,124 Percent of Medicaid APG. Covered services not payable under Medicaid Fee Schedules default to a payment of 50 percent of charges.,4892.37,,,,,,,Case Rate,225% of NYS APG. Lesser of 100% of billed charges applies.,4892.37,,,,,,,Case Rate,225% of NYS APG. Lesser of 100% of billed charges applies.,4892.37,,,,,,,Case Rate,225% of NYS APG. Lesser of 100% of billed charges applies.,4892.37,,,,,,,Case Rate,225% of NYS APG. Lesser of 100% of billed charges applies.,4892.37,,,,,,,Case Rate,225% of NYS APG. Lesser of 100% of billed charges applies.,4892.37,,,,,,,Case Rate,225% of NYS APG. Lesser of 100% of billed charges applies.,,,,,,,,,"NA. ",,,,,,,,,"NA. ",,,,,,,,,"NA. ",6487,,,,,,,Case Rate,". MPL 100/50/25% maxmium of 3 procedures. All add ons apply, and lesser of 100% of billed charges",,,,,,,,,"NA. ",3839.35,,,,,,,Case Rate,"100% Medicare OPPS FS. ",5941,,,,,,,Case Rate,". MPL 1st 100% of Payment Rate 50% of all others, all add ons apply, and lesser of 100% of billed charges.",3839.35,,,,,,,Case Rate,"100% Medicare OPPS FS. ",3839.35,,,,,,,Case Rate,"100% Medicare OPPS FS. ",2609.26,,,,,,,Case Rate,"120 Percent of Medicaid APG. Not APG payable, or payable under another fee schedule like ASP/AWP pays at 30% of charges",2609.26,,,,,,,Case Rate,"120 Percent of Medicaid APG. Not APG payable, or payable under another fee schedule like ASP/AWP pays at 30% of charges",2174.39,,,,,,,Case Rate,"100 Percent of Medicaid APG. Not APG payable, or payable under another fee schedule like ASP/AWP pays at 30% of charges",2174.39,,,,,,,Case Rate,"100 Percent of Medicaid APG. Not APG payable, or payable under another fee schedule like ASP/AWP pays at 30% of charges",2174.39,,,,,,,Case Rate,"100 Percent of Medicaid APG. ",7163,,,,,,,Case Rate,". ",8442,,,,,,,Case Rate,". Primary procedure pays at 100%, secondary at 50%, all subsequent at 25%.  Lesser of applies when negotiated rates exceed charges less addons.",8427,,,,,,,Case Rate,". Primary procedure pays at 100%, all subsequent at 50%.",6487,,,,,,,Case Rate,". MPL 100/50/25% maxmium of 3 procedures. All add ons apply, and lesser of 100% of billed charges",3839.35,,,,,,,Case Rate,"100%Medicare OPPS FS. ",3839.35,,,,,,,Case Rate,"100% Medicare OPPS FS. ",3839.35,,,,,,,Case Rate,"100% Medicare OPPS FS. ",3839.35,,,,,,,Case Rate,"100% Medicare OPPS FS. ",3839.35,,,,,,,Case Rate,"100%Medicare OPPS FS. ",3839.35,,,,,,,Case Rate,"100% Medicare OPPS FS. ",,,,,,,,,"NA. ",4892.37,,,,,,,Case Rate,225% of NYS APG. Lesser of 100% of billed charges applies.,1431.23,,,,,,,Case Rate,100% of PAS. Lesser of 100% of billed charges applies.,13586,,,,,,,Case Rate,". MPL 100/50/25% all add ons apply, and lesser of 100% of billed charges",7163,,,,,,,Case Rate,". ",7163,,,,,,,Case Rate,". ",7163,,,,,,,Case Rate,". ",7163,,,,,,,Case Rate,". ",3839.35,,,,,,,Case Rate,"100% Medicare OPPS FS. ",2174.39,,,,,,,Case Rate,"100 Percent of Medicaid APG. ",13586,,,,,,,Case Rate,". MPL 100/50/25% all add ons apply, and lesser of 100% of billed charges",2174.39,,,,,,,Case Rate,"100 Percent of Medicaid APG. ",3839.35,,,,,,,Case Rate,"100% Medicare OPPS FS. ",2174.39,,,,,,,Case Rate,"100 Percent of Medicaid APG. ",3839.35,,,,,,,Case Rate,"100% Medicare OPPS FS. ",3839.35,,,,,,,Case Rate,"100% Medicare OPPS FS. ",2174.39,,,,,,,Case Rate,"100 Percent of Medicaid APG. ",2174.39,,,,,,,Case Rate,"100 Percent of Medicaid APG. ",7163,,,,,,,Case Rate,". ",6487,,,,,,,Case Rate,". MPL 100/50/25% maxmium of 3 procedures. All add ons apply, and lesser of 100% of billed charges",,78,,,,,0,percent of total billed charges,78% of Billed Charges. Lesser of 100% of billed charges applies.; No services were performed during the 15 month look back period.,9024.56,,,,,,,Case Rate,". MPL 100/50/25% all add ons apply, and lesser of 100% of billed charges",9024.56,,,,,,,Case Rate,". MPL 100/50/25% all add ons apply, and lesser of 100% of billed charges",8442,,,,,,,Case Rate,". Primary procedure pays at 100%, secondary at 50%, all subsequent at 25%.  Lesser of applies when negotiated rates exceed charges less addons.",1516.35,,,,,,,Case Rate,"83% HF Fee schedule. ",12574,,,,,,,Case Rate,". Primary procedure pays at 100%, all subsequent at 50%.",12574,,,,,,,Case Rate,". Primary procedure pays at 100%, all subsequent at 50%.",10869,,,,,,,Case Rate,". MPL 100/50/25% all add ons apply, and lesser of 100% of billed charges",10869,,,,,,,Case Rate,". MPL 100/50/25% all add ons apply, and lesser of 100% of billed charges",3839.35,,,,,,,Case Rate,"100% Medicare OPPS FS. ",3839.35,,,,,,,Case Rate,"100% Medicare OPPS FS. ",3839.35,,,,,,,Case Rate,"100% Medicare OPPS FS. ",3839.35,,,,,,,Case Rate,"100% Medicare OPPS FS. ",9024.56,,,,,,,Case Rate,". MPL 100/50/25% all add ons apply, and lesser of 100% of billed charges",13586,,,,,,,Case Rate,". MPL 100/50/25% all add ons apply, and lesser of 100% of billed charges",13586,,,,,,,Case Rate,". MPL 100/50/25% all add ons apply, and lesser of 100% of billed charges",3839.35,,,,,,,Case Rate,"100% Medicare OPPS FS. ",10869,,,,,,,Case Rate,". MPL 100/50/25% all add ons apply, and lesser of 100% of billed charges",8427,,,,,,,Case Rate,". Primary procedure pays at 100%, all subsequent at 50%.",2609.26,,,,,,,Fee Schedule,"120 Percent of Medicaid APG. ",2174.39,,,,,,,Case Rate,"100 Percent of Medicaid APG. ",7163,,,,,,,Case Rate,". ",12227,,,,,,,Case Rate,". MPL 100/50/25% all add ons apply, and lesser of 100% of billed charges",12227,,,,,,,Case Rate,". MPL 100/50/25% all add ons apply, and lesser of 100% of billed charges",13586,,,,,,,Case Rate,". MPL 100/50/25% all add ons apply, and lesser of 100% of billed charges",14948,,,,,,,Case Rate,". MPL 100/75/50% all add ons apply, and lesser of 100% of billed charges",3839.35,,,,,,,Case Rate,"100%Medicare OPPS FS. ",2283.11,,,,,,,Fee Schedule,105 percent of Medicaid APG. otherwise 105% of Ordered NYS MCD FS or 105% of ASP+6%,2283.11,,,,,,,Fee Schedule,105 percent of Medicaid APG. otherwise 105% of Ordered NYS MCD FS or 105% of ASP+6%,2283.11,,,,,,,Fee Schedule,105 percent of Medicaid APG. otherwise 105% of Ordered NYS MCD FS or 105% of ASP+6%,2935.42,,,,,,,Fee Schedule,135 percent of Medicaid APG. otherwise 135% of Ordered NYS MCD FS or 135% of ASP+6%,9024.56,,,,,,,Case Rate,". MPL 100/50/25% all add ons apply, and lesser of 100% of billed charges",2283.11,,,,,,,Fee Schedule,105 percent of Medicaid APG. otherwise 105% of Ordered NYS MCD FS or 105% of ASP+6%,2283.11,,,,,,,Fee Schedule,105 percent of Medicaid APG. otherwise 105% of Ordered NYS MCD FS or 105% of ASP+6%,2283.11,,,,,,,Fee Schedule,105 percent of Medicaid APG. otherwise 105% of Ordered NYS MCD FS or 105% of ASP+6%,2283.11,,,,,,,Fee Schedule,105 percent of Medicaid APG. otherwise 105% of Ordered NYS MCD FS or 105% of ASP+6%,2283.11,,,,,,,Fee Schedule,105 percent of Medicaid APG. otherwise 105% of Ordered NYS MCD FS or 105% of ASP+6%,2935.42,,,,,,,Fee Schedule,135 percent of Medicaid APG. otherwise 135% of Ordered NYS MCD FS or 135% of ASP+6%,2935.42,,,,,,,Fee Schedule,135 percent of Medicaid APG. otherwise 135% of Ordered NYS MCD FS or 135% of ASP+6%,3839.35,,,,,,,Case Rate,"100% Medicare OPPS FS. ",9024.56,,,,,,,Case Rate,". MPL 100/50/25% all add ons apply, and lesser of 100% of billed charges",3839.35,,,,,,,Case Rate,"100% Medicare OPPS FS. ",2283.11,,,,,,,Fee Schedule,105 percent of Medicaid APG. otherwise 105% of Ordered NYS MCD FS or 105% of ASP+6%,13586,,,,,,,Case Rate,". MPL 100/50/25% all add ons apply, and lesser of 100% of billed charges",3839.35,,,,,,,Case Rate,"100% Medicare OPPS FS. ",13586,,,,,,,Case Rate,". MPL 100/50/25% all add ons apply, and lesser of 100% of billed charges",13586,,,,,,,Case Rate,". MPL 100/50/25% all add ons apply, and lesser of 100% of billed charges",13586,,,,,,,Case Rate,". MPL 100/50/25% all add ons apply, and lesser of 100% of billed charges",2283.11,,,,,,,Fee Schedule,105 percent of Medicaid APG. otherwise 105% of Ordered NYS MCD FS or 105% of ASP+6%,3839.35,,,,,,,Case Rate,"100% Medicare OPPS FS. ",13586,,,,,,,Case Rate,". MPL 100/50/25% all add ons apply, and lesser of 100% of billed charges",2935.42,,,,,,,Fee Schedule,135 percent of Medicaid APG. otherwise 135% of Ordered NYS MCD FS or 135% of ASP+6%,13586,,,,,,,Case Rate,". MPL 100/50/25% all add ons apply, and lesser of 100% of billed charges",,200,,,,,0,Case Rate,200% of Medicare OPPS. ; No services were performed during the 15 month look back period.,3839.35,,,,,,,Case Rate,"100%Medicare OPPS FS. ",7163,,,,,,,Case Rate,". ",7163,,,,,,,Case Rate,". ",7163,,,,,,,Case Rate,". ",7163,,,,,,,Case Rate,". ",7163,,,,,,,Case Rate,". ",8427,,,,,,,Case Rate,". Primary procedure pays at 100%, all subsequent at 50%.",8427,,,,,,,Case Rate,". Primary procedure pays at 100%, all subsequent at 50%.",7163,,,,,,,Case Rate,". ",7163,,,,,,,Case Rate,". ",7163,,,,,,,Case Rate,". ",7163,,,,,,,Case Rate,". ",7163,,,,,,,Case Rate,". ",3839.35,,,,,,,Case Rate,"100% Medicare OPPS FS. ",8427,,,,,,,Case Rate,". Primary procedure pays at 100%, all subsequent at 50%.",3839.35,,,,,,,Case Rate,"100% Medicare OPPS FS. ",4892.37,,,,,,,Case Rate,"225 Percent of Medicaid APG. If not included in Medicaid APG, then 100 Percent of Manhattan Medicare",2174.39,,,,,,,Case Rate,"100 Percent of Medicaid APG. ",9024.56,,,,,,,Case Rate,". MPL 100/50/25% all add ons apply, and lesser of 100% of billed charges",9024.56,,,,,,,Case Rate,". MPL 100/50/25% all add ons apply, and lesser of 100% of billed charges",3839.35,,,,,,,Case Rate,"100% Medicare OPPS FS. ",12574,,,,,,,Case Rate,". Primary procedure pays at 100%, all subsequent at 50%.",3839.35,,,,,,,Case Rate,"100% Medicare OPPS FS. ",3839.35,,,,,,,Case Rate,"100% Medicare OPPS FS. ",8442,,,,,,,Case Rate,". Primary procedure pays at 100%, secondary at 50%, all subsequent at 25%.  Lesser of applies when negotiated rates exceed charges less addons.",3839.35,,,,,,,Case Rate,"100% Medicare OPPS FS. ",6487,,,,,,,Case Rate,". MPL 100/50/25% maxmium of 3 procedures. All add ons apply, and lesser of 100% of billed charges",3839.35,,,,,,,Case Rate,"100% Medicare OPPS FS. ",6487,,,,,,,Case Rate,". MPL 100/50/25% maxmium of 3 procedures. All add ons apply, and lesser of 100% of billed charges",8442,,,,,,,Case Rate,". Primary procedure pays at 100%, secondary at 50%, all subsequent at 25%.  Lesser of applies when negotiated rates exceed charges less addons.",6487,,,,,,,Case Rate,". MPL 100/50/25% maxmium of 3 procedures. All add ons apply, and lesser of 100% of billed charges",3839.35,,,,,,,Case Rate,"100% Medicare OPPS FS. ",2174.39,,,,,,,Case Rate,"100 Percent of Medicaid APG. ",3839.35,,,,,,,Case Rate,"100% Medicare OPPS FS. ",6487,,,,,,,Case Rate,". MPL 100/50/25% maxmium of 3 procedures. All add ons apply, and lesser of 100% of billed charges",9024.56,,,,,,,Case Rate,". MPL 100/50/25% all add ons apply, and lesser of 100% of billed charges",2174.39,,,,,,,Case Rate,"100 Percent of Medicaid APG. ",13586,,,,,,,Case Rate,". MPL 100/50/25% all add ons apply, and lesser of 100% of billed charges",2609.26,,,,,,,Fee Schedule,"120 Percent of Medicaid APG. ",2609.26,,,,,,,Fee Schedule,"120 Percent of Medicaid APG. ",13586,,,,,,,Case Rate,". MPL 100/50/25% all add ons apply, and lesser of 100% of billed charges",13586,,,,,,,Case Rate,". MPL 100/50/25% all add ons apply, and lesser of 100% of billed charges",13586,,,,,,,Case Rate,". MPL 100/50/25% all add ons apply, and lesser of 100% of billed charges",9024.56,,,,,,,Case Rate,". MPL 100/50/25% all add ons apply, and lesser of 100% of billed charges",13586,,,,,,,Case Rate,". MPL 100/50/25% all add ons apply, and lesser of 100% of billed charges",13586,,,,,,,Case Rate,". MPL 100/50/25% all add ons apply, and lesser of 100% of billed charges",13586,,,,,,,Case Rate,". MPL 100/50/25% all add ons apply, and lesser of 100% of billed charges",7163,,,,,,,Case Rate,". ",7163,,,,,,,Case Rate,". ",7601.91,,,,,,,Case Rate,198 Percent of Medicare OPPS. Metroplus will reimburse unlisted codes and described codes with no Medicare rate at 50 percent of charges.,2174.39,,,,,,,Case Rate,"100 Percent of Medicaid APG. ",9024.56,,,,,,,Case Rate,". MPL 100/50/25% all add ons apply, and lesser of 100% of billed charges",6487,,,,,,,Case Rate,". MPL 100/50/25% maxmium of 3 procedures. All add ons apply, and lesser of 100% of billed charges",8442,,,,,,,Case Rate,". Primary procedure pays at 100%, secondary at 50%, all subsequent at 25%.  Lesser of applies when negotiated rates exceed charges less addons.",9024.56,,,,,,,Case Rate,". MPL 100/50/25% all add ons apply, and lesser of 100% of billed charges",8442,,,,,,,Case Rate,". Primary procedure pays at 100%, secondary at 50%, all subsequent at 25%.  Lesser of applies when negotiated rates exceed charges less addons.",9024.56,,,,,,,Case Rate,". MPL 100/50/25% all add ons apply, and lesser of 100% of billed charges",13586,,,,,,,Case Rate,". MPL 100/50/25% all add ons apply, and lesser of 100% of billed charges",13586,,,,,,,Case Rate,". MPL 100/50/25% all add ons apply, and lesser of 100% of billed charges",13586,,,,,,,Case Rate,". MPL 100/50/25% all add ons apply, and lesser of 100% of billed charges",13586,,,,,,,Case Rate,". MPL 100/50/25% all add ons apply, and lesser of 100% of billed charges",3839.35,,,,,,,Case Rate,"100% Medicare OPPS FS. ",1431.23,25798,
29345,CPT,,,490,RC,APPLICATION OF LONG LEG CAST,,,both,,,,1352,,,,,,,Case Rate,". MPL 1st 100% of Payment Rate 50% of all others, all add ons apply, and lesser of 100% of billed charges.",1352,,,,,,,Case Rate,". MPL 1st 100% of Payment Rate 50% of all others, all add ons apply, and lesser of 100% of billed charges.",6593,,,,,,,Case Rate,". Primary procedure pays at 100%, secondary at 50%, all subsequent at 25%.  Lesser of applies when negotiated rates exceed charges less addons.",,100,,,,,0,percent of total billed charges,100 percent of billed charges. ; No services were performed during the 15 month look back period.,314.26,,,,,,,Case Rate,"100% Medicare OPPS FS. ",6593,,,,,,,Case Rate,". Primary procedure pays at 100%, secondary at 50%, all subsequent at 25%.  Lesser of applies when negotiated rates exceed charges less addons.",6593,,,,,,,Case Rate,". Primary procedure pays at 100%, secondary at 50%, all subsequent at 25%.  Lesser of applies when negotiated rates exceed charges less addons.",6593,,,,,,,Case Rate,". Primary procedure pays at 100%, secondary at 50%, all subsequent at 25%.  Lesser of applies when negotiated rates exceed charges less addons.",578.05,,,,,,,Case Rate,"100 Percent of Medicaid APG. ",481.71,,,,,,,Case Rate,"100 Percent of Medicaid APG. ",,78,,,,,0,percent of total billed charges,78% of Billed Charges. Lesser of 100% of billed charges applies.; No services were performed during the 15 month look back period.,4923.38,,,,,,,Case Rate,". MPL 100/50/25% all add ons apply, and lesser of 100% of billed charges",481.71,,,,,,,Case Rate,"100 Percent of Medicaid APG. ",314.26,,,,,,,Case Rate,"100% Medicare OPPS FS. ",,,,,,,,Other,". ",,,,,,,,Other,". ",,,,,,,,Other,". ",,,,,,,,Other,". ",481.71,,,,,,,Case rate,124 Percent of Medicaid APG. Covered services not payable under Medicaid Fee Schedules default to a payment of 50 percent of charges.,314.26,,,,,,,Case Rate,"100% Medicare OPPS FS. ",481.71,,,,,,,Case rate,124 Percent of Medicaid APG. Covered services not payable under Medicaid Fee Schedules default to a payment of 50 percent of charges.,,78,,,,,0,percent of total billed charges,78% of Billed Charges. Lesser of 100% of billed charges applies.; No services were performed during the 15 month look back period.,6593,,,,,,,Case Rate,". Primary procedure pays at 100%, secondary at 50%, all subsequent at 25%.  Lesser of applies when negotiated rates exceed charges less addons.",314.26,,,,,,,Case Rate,"100%Medicare OPPS FS. ",8427,,,,,,,Case Rate,". Primary procedure pays at 100%, all subsequent at 50%.",314.26,,,,,,,Case Rate,"100%Medicare OPPS FS. ",314.26,,,,,,,Case Rate,"100%Medicare OPPS FS. ",,78,,,,,0,percent of total billed charges,78% of Billed Charges. Lesser of 100% of billed charges applies.; No services were performed during the 15 month look back period.,90.28,,,,,,,Case Rate,100% of PAS. Lesser of 100% of billed charges applies.,90.28,,,,,,,Case Rate,100% of PAS. Lesser of 100% of billed charges applies.,481.71,,,,,,,Case rate,"100 Percent of Medicaid APG. ",481.71,,,,,,,Case rate,"100 Percent of Medicaid APG. ",8427,,,,,,,Case Rate,". Primary procedure pays at 100%, all subsequent at 50%.",8427,,,,,,,Case Rate,". Primary procedure pays at 100%, all subsequent at 50%.",481.71,,,,,,,Case Rate,"100 Percent of Medicaid APG. Not APG payable, or payable under another fee schedule like ASP/AWP pays at 30% of charges",8427,,,,,,,Case Rate,". Primary procedure pays at 100%, all subsequent at 50%.",481.71,,,,,,,Case Rate,"100 Percent of Medicaid APG. Not APG payable, or payable under another fee schedule like ASP/AWP pays at 30% of charges",314.26,,,,,,,Case Rate,"100%Medicare OPPS FS. ",8427,,,,,,,Case Rate,". Primary procedure pays at 100%, all subsequent at 50%.",,78,,,,,0,percent of total billed charges,78% of Billed Charges. Lesser of 100% of billed charges applies.; No services were performed during the 15 month look back period.,481.71,,,,,,,Case Rate,"100 Percent of Medicaid APG. ",481.71,,,,,,,Case Rate,"100 Percent of Medicaid APG. ",,78,,,,,0,percent of total billed charges,78% of Billed Charges. Lesser of 100% of billed charges applies.; No services were performed during the 15 month look back period.,,,,,,,,Other,". ",4500,,,,,,,Case Rate,". MPL 100/50/25% all add ons apply, and lesser of 100% of billed charges",4500,,,,,,,Case Rate,". MPL 100/50/25% all add ons apply, and lesser of 100% of billed charges",,78,,,,,0,percent of total billed charges,78% of Billed Charges. Lesser of 100% of billed charges applies.; No services were performed during the 15 month look back period.,314.26,,,,,,,Case Rate,"100% Medicare OPPS FS. ",4923.38,,,,,,,Case Rate,". MPL 100/50/25% all add ons apply, and lesser of 100% of billed charges",4923.38,,,,,,,Case Rate,". MPL 100/50/25% all add ons apply, and lesser of 100% of billed charges",4923.38,,,,,,,Case Rate,". MPL 100/50/25% all add ons apply, and lesser of 100% of billed charges",314.26,,,,,,,Case Rate,"100% Medicare OPPS FS. ",4923.38,,,,,,,Case Rate,". MPL 100/50/25% all add ons apply, and lesser of 100% of billed charges",4923.38,,,,,,,Case Rate,". MPL 100/50/25% all add ons apply, and lesser of 100% of billed charges",314.26,,,,,,,Case Rate,"100% of Medicare OPPS. ",596,,,,,,,Per Diem,. Paid once per unique code per service date and lesser of 100% of billed charges.,4100,,,,,,,Case Rate,". MPL 100/50/25% all add ons apply, and lesser of 100% of billed charges",4100,,,,,,,Case Rate,". MPL 100/50/25% all add ons apply, and lesser of 100% of billed charges",4100,,,,,,,Case Rate,". MPL 100/50/25% all add ons apply, and lesser of 100% of billed charges",4100,,,,,,,Case Rate,". MPL 100/50/25% all add ons apply, and lesser of 100% of billed charges",4100,,,,,,,Case Rate,". MPL 100/50/25% all add ons apply, and lesser of 100% of billed charges",4100,,,,,,,Case Rate,". MPL 100/50/25% all add ons apply, and lesser of 100% of billed charges",314.26,,,,,,,Case Rate,"100% Medicare OPPS FS. ",314.26,,,,,,,Case Rate,"100% Medicare OPPS FS. ",4100,,,,,,,Case Rate,". MPL 100/50/25% all add ons apply, and lesser of 100% of billed charges",,78,,,,,0,percent of total billed charges,78% of Billed Charges. Lesser of 100% of billed charges applies.; No services were performed during the 15 month look back period.,,78,,,,,0,percent of total billed charges,78% of Billed Charges. Lesser of 100% of billed charges applies.; No services were performed during the 15 month look back period.,,78,,,,,0,percent of total billed charges,78% of Billed Charges. Lesser of 100% of billed charges applies.; No services were performed during the 15 month look back period.,,78,,,,,0,percent of total billed charges,78% of Billed Charges. Lesser of 100% of billed charges applies.; No services were performed during the 15 month look back period.,,78,,,,,0,percent of total billed charges,78% of Billed Charges. Lesser of 100% of billed charges applies.; No services were performed during the 15 month look back period.,,78,,,,,0,percent of total billed charges,78% of Billed Charges. Lesser of 100% of billed charges applies.; No services were performed during the 15 month look back period.,,78,,,,,0,percent of total billed charges,78% of Billed Charges. Lesser of 100% of billed charges applies.; No services were performed during the 15 month look back period.,,78,,,,,0,percent of total billed charges,78% of Billed Charges. Lesser of 100% of billed charges applies.; No services were performed during the 15 month look back period.,,78,,,,,0,percent of total billed charges,78% of Billed Charges. Lesser of 100% of billed charges applies.; No services were performed during the 15 month look back period.,,78,,,,,0,percent of total billed charges,78% of Billed Charges. Lesser of 100% of billed charges applies.; No services were performed during the 15 month look back period.,,78,,,,,0,percent of total billed charges,78% of Billed Charges. Lesser of 100% of billed charges applies.; No services were performed during the 15 month look back period.,,78,,,,,0,percent of total billed charges,78% of Billed Charges. Lesser of 100% of billed charges applies.; No services were performed during the 15 month look back period.,,78,,,,,0,percent of total billed charges,78% of Billed Charges. Lesser of 100% of billed charges applies.; No services were performed during the 15 month look back period.,,78,,,,,0,percent of total billed charges,78% of Billed Charges. Lesser of 100% of billed charges applies.; No services were performed during the 15 month look back period.,,78,,,,,0,percent of total billed charges,78% of Billed Charges. Lesser of 100% of billed charges applies.; No services were performed during the 15 month look back period.,,78,,,,,0,percent of total billed charges,78% of Billed Charges. Lesser of 100% of billed charges applies.; No services were performed during the 15 month look back period.,,78,,,,,0,percent of total billed charges,78% of Billed Charges. Lesser of 100% of billed charges applies.; No services were performed during the 15 month look back period.,,78,,,,,0,percent of total billed charges,78% of Billed Charges. Lesser of 100% of billed charges applies.; No services were performed during the 15 month look back period.,,78,,,,,0,percent of total billed charges,78% of Billed Charges. Lesser of 100% of billed charges applies.; No services were performed during the 15 month look back period.,,78,,,,,0,percent of total billed charges,78% of Billed Charges. Lesser of 100% of billed charges applies.; No services were performed during the 15 month look back period.,,78,,,,,0,percent of total billed charges,78% of Billed Charges. Lesser of 100% of billed charges applies.; No services were performed during the 15 month look back period.,,78,,,,,0,percent of total billed charges,78% of Billed Charges. Lesser of 100% of billed charges applies.; No services were performed during the 15 month look back period.,,78,,,,,0,percent of total billed charges,78% of Billed Charges. Lesser of 100% of billed charges applies.; No services were performed during the 15 month look back period.,,78,,,,,0,percent of total billed charges,78% of Billed Charges. Lesser of 100% of billed charges applies.; No services were performed during the 15 month look back period.,,78,,,,,0,percent of total billed charges,78% of Billed Charges. Lesser of 100% of billed charges applies.; No services were performed during the 15 month look back period.,,78,,,,,0,percent of total billed charges,78% of Billed Charges. Lesser of 100% of billed charges applies.; No services were performed during the 15 month look back period.,8427,,,,,,,Case Rate,". Primary procedure pays at 100%, all subsequent at 50%.",8427,,,,,,,Case Rate,". Primary procedure pays at 100%, all subsequent at 50%.",8427,,,,,,,Case Rate,". Primary procedure pays at 100%, all subsequent at 50%.",8427,,,,,,,Case Rate,". Primary procedure pays at 100%, all subsequent at 50%.",12574,,,,,,,Case Rate,". Primary procedure pays at 100%, all subsequent at 50%.",12574,,,,,,,Case Rate,". Primary procedure pays at 100%, all subsequent at 50%.",,,,,,,,Other,". ",4100,,,,,,,Case Rate,". MPL 100/50/25% all add ons apply, and lesser of 100% of billed charges",4923.38,,,,,,,Case Rate,". MPL 100/50/25% all add ons apply, and lesser of 100% of billed charges",4100,,,,,,,Case Rate,". MPL 100/50/25% all add ons apply, and lesser of 100% of billed charges",,78,,,,,0,percent of total billed charges,78% of Billed Charges. Lesser of 100% of billed charges applies.; No services were performed during the 15 month look back period.,12574,,,,,,,Case Rate,". Primary procedure pays at 100%, all subsequent at 50%.",4100,,,,,,,Case Rate,". MPL 100/50/25% all add ons apply, and lesser of 100% of billed charges",4923.38,,,,,,,Case Rate,". MPL 100/50/25% all add ons apply, and lesser of 100% of billed charges",,,,,,,,Other,". ",,,,,,,,,"NA. ",,78,,,,,0,percent of total billed charges,78% of Billed Charges. Lesser of 100% of billed charges applies.; No services were performed during the 15 month look back period.,481.71,,,,,,,Case Rate,"100 Percent of Medicaid APG. ",8427,,,,,,,Case Rate,". Primary procedure pays at 100%, all subsequent at 50%.",481.71,,,,,,,Case Rate,"100 Percent of Medicaid APG. Not APG payable, or payable under another fee schedule like ASP/AWP pays at 30% of charges",314.26,,,,,,,Case Rate,"100%Medicare OPPS FS. ",314.26,,,,,,,Case Rate,"100% Medicare OPPS FS. ",596,,,,,,,Per Diem,. Paid once per unique code per service date and lesser of 100% of billed charges.,314.26,,,,,,,Case Rate,"100% Medicare OPPS FS. ",314.26,,,,,,,Case Rate,"100% Medicare OPPS FS. ",481.71,,,,,,,Case Rate,"100 Percent of Medicaid APG. ",314.26,,,,,,,Case Rate,"100% Medicare OPPS FS. ",314.26,,,,,,,Case Rate,"100% Medicare OPPS FS. ",6593,,,,,,,Case Rate,". Primary procedure pays at 100%, secondary at 50%, all subsequent at 25%.  Lesser of applies when negotiated rates exceed charges less addons.",6593,,,,,,,Case Rate,". Primary procedure pays at 100%, secondary at 50%, all subsequent at 25%.  Lesser of applies when negotiated rates exceed charges less addons.",314.26,,,,,,,Case Rate,"100% Medicare OPPS FS. ",,,,,,,,Other,". ",4923.38,,,,,,,Case Rate,". MPL 100/50/25% all add ons apply, and lesser of 100% of billed charges",4923.38,,,,,,,Case Rate,". MPL 100/50/25% all add ons apply, and lesser of 100% of billed charges",314.26,,,,,,,Case Rate,"100% Medicare OPPS FS. ",,,,,,,,Other,". ",6593,,,,,,,Case Rate,". Primary procedure pays at 100%, secondary at 50%, all subsequent at 25%.  Lesser of applies when negotiated rates exceed charges less addons.",6593,,,,,,,Case Rate,". Primary procedure pays at 100%, secondary at 50%, all subsequent at 25%.  Lesser of applies when negotiated rates exceed charges less addons.",6593,,,,,,,Case Rate,". Primary procedure pays at 100%, secondary at 50%, all subsequent at 25%.  Lesser of applies when negotiated rates exceed charges less addons.",,78,,,,,0,percent of total billed charges,78% of Billed Charges. Lesser of 100% of billed charges applies.; No services were performed during the 15 month look back period.,,78,,,,,0,percent of total billed charges,78% of Billed Charges. Lesser of 100% of billed charges applies.; No services were performed during the 15 month look back period.,,78,,,,,0,percent of total billed charges,78% of Billed Charges. Lesser of 100% of billed charges applies.; No services were performed during the 15 month look back period.,,78,,,,,0,percent of total billed charges,78% of Billed Charges. Lesser of 100% of billed charges applies.; No services were performed during the 15 month look back period.,,78,,,,,0,percent of total billed charges,78% of Billed Charges. Lesser of 100% of billed charges applies.; No services were performed during the 15 month look back period.,,78,,,,,0,percent of total billed charges,78% of Billed Charges. Lesser of 100% of billed charges applies.; No services were performed during the 15 month look back period.,,78,,,,,0,percent of total billed charges,78% of Billed Charges. Lesser of 100% of billed charges applies.; No services were performed during the 15 month look back period.,,78,,,,,0,percent of total billed charges,78% of Billed Charges. Lesser of 100% of billed charges applies.; No services were performed during the 15 month look back period.,,78,,,,,0,percent of total billed charges,78% of Billed Charges. Lesser of 100% of billed charges applies.; No services were performed during the 15 month look back period.,,78,,,,,0,percent of total billed charges,78% of Billed Charges. Lesser of 100% of billed charges applies.; No services were performed during the 15 month look back period.,,78,,,,,0,percent of total billed charges,78% of Billed Charges. Lesser of 100% of billed charges applies.; No services were performed during the 15 month look back period.,12574,,,,,,,Case Rate,". Primary procedure pays at 100%, all subsequent at 50%.",4100,,,,,,,Case Rate,". MPL 100/50/25% all add ons apply, and lesser of 100% of billed charges",,,,,,,,Other,". ",314.26,,,,,,,Case Rate,"100% Medicare OPPS FS. ",6593,,,,,,,Case Rate,". Primary procedure pays at 100%, secondary at 50%, all subsequent at 25%.  Lesser of applies when negotiated rates exceed charges less addons.",,,,,,,,Other,". ",,,,,,,,Other,". ",,78,,,,,0,percent of total billed charges,78% of Billed Charges. Lesser of 100% of billed charges applies.; No services were performed during the 15 month look back period.,1030.85,,,,,,,Case Rate,"214 Percent of Medicaid APG. Drugs not priced under APG, billed with revenue code 636 and not priced by Medicare ASP FeeSched will be reimbursed at 20% of charges.",,,,,,,,Other,". ",481.71,,,,,,,Case Rate,"100 Percent of Medicaid APG. ",314.26,,,,,,,Case Rate,"100% Medicare OPPS FS. ",314.26,,,,,,,Case Rate,"100% Medicare OPPS FS. ",314.26,,,,,,,Case Rate,"100% Medicare OPPS FS. ",314.26,,,,,,,Case Rate,"100% Medicare OPPS FS. ",314.26,,,,,,,Case Rate,"100% Medicare OPPS FS. ",314.26,,,,,,,Case Rate,"100% Medicare OPPS FS. ",,,,,,,,Other,". ",596,,,,,,,Per Diem,. Paid once per unique code per service date and lesser of 100% of billed charges.,867.07,,,,,,,Fee Schedule,"180 Percent of Medicaid APG. ",867.07,,,,,,,Fee Schedule,"180 Percent of Medicaid APG. ",867.07,,,,,,,Fee Schedule,"180 Percent of Medicaid APG. ",867.07,,,,,,,Fee Schedule,"180 Percent of Medicaid APG. ",867.07,,,,,,,Fee Schedule,"180 Percent of Medicaid APG. ",,,,,,,,,"NA. ",596,,,,,,,Per Diem,. Paid once per unique code per service date and lesser of 100% of billed charges.,622.24,,,,,,,Case Rate,198 Percent of Medicare OPPS. Metroplus will reimburse unlisted codes and described codes with no Medicare rate at 50 percent of charges.,622.24,,,,,,,Case Rate,198 Percent of Medicare OPPS. Metroplus will reimburse unlisted codes and described codes with no Medicare rate at 50 percent of charges.,622.24,,,,,,,Case Rate,198 Percent of Medicare OPPS. Metroplus will reimburse unlisted codes and described codes with no Medicare rate at 50 percent of charges.,622.24,,,,,,,Case Rate,198 Percent of Medicare OPPS. Metroplus will reimburse unlisted codes and described codes with no Medicare rate at 50 percent of charges.,622.24,,,,,,,Case Rate,198 Percent of Medicare OPPS. Metroplus will reimburse unlisted codes and described codes with no Medicare rate at 50 percent of charges.,314.26,,,,,,,Case Rate,"100% Medicare OPPS FS. ",12574,,,,,,,Case Rate,". Primary procedure pays at 100%, all subsequent at 50%.",12574,,,,,,,Case Rate,". Primary procedure pays at 100%, all subsequent at 50%.",12574,,,,,,,Case Rate,". Primary procedure pays at 100%, all subsequent at 50%.",12574,,,,,,,Case Rate,". Primary procedure pays at 100%, all subsequent at 50%.",6593,,,,,,,Case Rate,". Primary procedure pays at 100%, secondary at 50%, all subsequent at 25%.  Lesser of applies when negotiated rates exceed charges less addons.",6593,,,,,,,Case Rate,". Primary procedure pays at 100%, secondary at 50%, all subsequent at 25%.  Lesser of applies when negotiated rates exceed charges less addons.",6593,,,,,,,Case Rate,". Primary procedure pays at 100%, secondary at 50%, all subsequent at 25%.  Lesser of applies when negotiated rates exceed charges less addons.",6593,,,,,,,Case Rate,". Primary procedure pays at 100%, secondary at 50%, all subsequent at 25%.  Lesser of applies when negotiated rates exceed charges less addons.",596,,,,,,,Per Diem,. Paid once per unique code per service date and lesser of 100% of billed charges.,596,,,,,,,Per Diem,. Paid once per unique code per service date and lesser of 100% of billed charges.,314.26,,,,,,,Case Rate,"100% Medicare OPPS FS. ",314.26,,,,,,,Case Rate,"100% Medicare OPPS FS. ",314.26,,,,,,,Case Rate,"100% Medicare OPPS FS. ",4100,,,,,,,Case Rate,". MPL 100/50/25% all add ons apply, and lesser of 100% of billed charges",4100,,,,,,,Case Rate,". MPL 100/50/25% all add ons apply, and lesser of 100% of billed charges",4100,,,,,,,Case Rate,". MPL 100/50/25% all add ons apply, and lesser of 100% of billed charges",596,,,,,,,Per Diem,. Paid once per unique code per service date and lesser of 100% of billed charges.,6593,,,,,,,Case Rate,". Primary procedure pays at 100%, secondary at 50%, all subsequent at 25%.  Lesser of applies when negotiated rates exceed charges less addons.",314.26,,,,,,,Case Rate,"100% Medicare OPPS FS. ",4100,,,,,,,Case Rate,". MPL 100/50/25% all add ons apply, and lesser of 100% of billed charges",481.71,,,,,,,Case Rate,"100 Percent of Medicaid APG. ",320.55,,,,,,,Case Rate,"102% of Medicare OPPS. ",320.55,,,,,,,Case Rate,"102% of Medicare OPPS. ",320.55,,,,,,,Case Rate,"102% of Medicare OPPS. ",481.71,,,,,,,Case rate,"100 Percent of Medicaid APG. ",1083.84,,,,,,,Case Rate,225% of NYS APG. Lesser of 100% of billed charges applies.,1083.84,,,,,,,Case Rate,225% of NYS APG. Lesser of 100% of billed charges applies.,1083.84,,,,,,,Case Rate,225% of NYS APG. Lesser of 100% of billed charges applies.,1083.84,,,,,,,Case Rate,225% of NYS APG. Lesser of 100% of billed charges applies.,1083.84,,,,,,,Case Rate,225% of NYS APG. Lesser of 100% of billed charges applies.,320.55,,,,,,,Case Rate,"102% of Medicare OPPS. ",481.71,,,,,,,Case Rate,"100 Percent of Medicaid APG. ",90.28,,,,,,,Case Rate,100% of PAS. Lesser of 100% of billed charges applies.,1083.84,,,,,,,Case Rate,225% of NYS APG. Lesser of 100% of billed charges applies.,1083.84,,,,,,,Case Rate,225% of NYS APG. Lesser of 100% of billed charges applies.,90.28,,,,,,,Case Rate,100% of PAS. Lesser of 100% of billed charges applies.,90.28,,,,,,,Case Rate,100% of PAS. Lesser of 100% of billed charges applies.,867.07,,,,,,,Fee Schedule,"180 Percent of Medicaid APG. ",314.26,,,,,,,Case Rate,"100% Medicare OPPS FS. ",314.26,,,,,,,Case Rate,"100% Medicare OPPS FS. ",6593,,,,,,,Case Rate,". Primary procedure pays at 100%, secondary at 50%, all subsequent at 25%.  Lesser of applies when negotiated rates exceed charges less addons.",314.26,,,,,,,Case Rate,"100% Medicare OPPS FS. ",1083.84,,,,,,,Case Rate,"225 Percent of Medicaid APG. ",1083.84,,,,,,,Case Rate,"225 Percent of Medicaid APG. ",481.71,,,,,,,Case rate,"100 Percent of Medicaid APG. ",481.71,,,,,,,Case rate,"100 Percent of Medicaid APG. ",1083.84,,,,,,,Case Rate,225 Percent of Medicaid APG. Covered services not payable under Medicaid Fee Schedules default to a payment of 87.5 percent of charges.,481.71,,,,,,,Case rate,124 Percent of Medicaid APG. Covered services not payable under Medicaid Fee Schedules default to a payment of 50 percent of charges.,1083.84,,,,,,,Case Rate,"100 Percent of Medicaid APG. ",1083.84,,,,,,,Case Rate,"100 Percent of Medicaid APG. ",1083.84,,,,,,,Case Rate,"100 Percent of Medicaid APG. ",1083.84,,,,,,,Case Rate,"100 Percent of Medicaid APG. ",13453,,,,,,,Case Rate,". MPL 100/75/50% all add ons apply, and lesser of 100% of billed charges",596,,,,,,,Per Diem,. Paid once per unique code per service date and lesser of 100% of billed charges.,578.05,,,,,,,Case Rate,"120 Percent of Medicaid APG. Not APG payable, or payable under another fee schedule like ASP/AWP pays at 30% of charges",578.05,,,,,,,Case Rate,"120 Percent of Medicaid APG. Not APG payable, or payable under another fee schedule like ASP/AWP pays at 30% of charges",481.71,,,,,,,Case Rate,"100 Percent of Medicaid APG. Not APG payable, or payable under another fee schedule like ASP/AWP pays at 30% of charges",481.71,,,,,,,Case Rate,"100 Percent of Medicaid APG. Not APG payable, or payable under another fee schedule like ASP/AWP pays at 30% of charges",4100,,,,,,,Case Rate,". MPL 100/50/25% all add ons apply, and lesser of 100% of billed charges",4100,,,,,,,Case Rate,". MPL 100/50/25% all add ons apply, and lesser of 100% of billed charges",314.26,,,,,,,Case Rate,"100% Medicare OPPS FS. ",4100,,,,,,,Case Rate,". MPL 100/50/25% all add ons apply, and lesser of 100% of billed charges",4100,,,,,,,Case Rate,". MPL 100/50/25% all add ons apply, and lesser of 100% of billed charges",4100,,,,,,,Case Rate,". MPL 100/50/25% all add ons apply, and lesser of 100% of billed charges",4100,,,,,,,Case Rate,". MPL 100/50/25% all add ons apply, and lesser of 100% of billed charges",314.26,,,,,,,Case Rate,"100% Medicare OPPS FS. ",4100,,,,,,,Case Rate,". MPL 100/50/25% all add ons apply, and lesser of 100% of billed charges",4100,,,,,,,Case Rate,". MPL 100/50/25% all add ons apply, and lesser of 100% of billed charges",6593,,,,,,,Case Rate,". Primary procedure pays at 100%, secondary at 50%, all subsequent at 25%.  Lesser of applies when negotiated rates exceed charges less addons.",481.71,,,,,,,Fee Schedule,100% APG. Lesser of 100% of billed charges applies.,481.71,,,,,,,Case rate,124 Percent of Medicaid APG. Covered services not payable under Medicaid Fee Schedules default to a payment of 50 percent of charges.,1083.84,,,,,,,Case Rate,225% of NYS APG. Lesser of 100% of billed charges applies.,1083.84,,,,,,,Case Rate,225 Percent of Medicaid APG. Covered services not payable under Medicaid Fee Schedules default to a payment of 87.5 percent of charges.,481.71,,,,,,,Case rate,124 Percent of Medicaid APG. Covered services not payable under Medicaid Fee Schedules default to a payment of 50 percent of charges.,1083.84,,,,,,,Case Rate,225% of NYS APG. Lesser of 100% of billed charges applies.,1083.84,,,,,,,Case Rate,225% of NYS APG. Lesser of 100% of billed charges applies.,1083.84,,,,,,,Case Rate,225% of NYS APG. Lesser of 100% of billed charges applies.,1083.84,,,,,,,Case Rate,225% of NYS APG. Lesser of 100% of billed charges applies.,1083.84,,,,,,,Case Rate,225% of NYS APG. Lesser of 100% of billed charges applies.,1083.84,,,,,,,Case Rate,225% of NYS APG. Lesser of 100% of billed charges applies.,,,,,,,,,"NA. ",,,,,,,,,"NA. ",,,,,,,,,"NA. ",,,,,,,,Other,". ",,,,,,,,,"NA. ",314.26,,,,,,,Case Rate,"100% Medicare OPPS FS. ",1352,,,,,,,Case Rate,". MPL 1st 100% of Payment Rate 50% of all others, all add ons apply, and lesser of 100% of billed charges.",314.26,,,,,,,Case Rate,"100% Medicare OPPS FS. ",314.26,,,,,,,Case Rate,"100% Medicare OPPS FS. ",578.05,,,,,,,Case Rate,"120 Percent of Medicaid APG. Not APG payable, or payable under another fee schedule like ASP/AWP pays at 30% of charges",578.05,,,,,,,Case Rate,"120 Percent of Medicaid APG. Not APG payable, or payable under another fee schedule like ASP/AWP pays at 30% of charges",481.71,,,,,,,Case Rate,"100 Percent of Medicaid APG. Not APG payable, or payable under another fee schedule like ASP/AWP pays at 30% of charges",481.71,,,,,,,Case Rate,"100 Percent of Medicaid APG. Not APG payable, or payable under another fee schedule like ASP/AWP pays at 30% of charges",481.71,,,,,,,Case Rate,"100 Percent of Medicaid APG. ",7163,,,,,,,Case Rate,". ",6593,,,,,,,Case Rate,". Primary procedure pays at 100%, secondary at 50%, all subsequent at 25%.  Lesser of applies when negotiated rates exceed charges less addons.",8427,,,,,,,Case Rate,". Primary procedure pays at 100%, all subsequent at 50%.",,,,,,,,Other,". ",314.26,,,,,,,Case Rate,"100%Medicare OPPS FS. ",314.26,,,,,,,Case Rate,"100% Medicare OPPS FS. ",314.26,,,,,,,Case Rate,"100% Medicare OPPS FS. ",314.26,,,,,,,Case Rate,"100% Medicare OPPS FS. ",314.26,,,,,,,Case Rate,"100%Medicare OPPS FS. ",314.26,,,,,,,Case Rate,"100% Medicare OPPS FS. ",,,,,,,,,"NA. ",1083.84,,,,,,,Case Rate,225% of NYS APG. Lesser of 100% of billed charges applies.,90.28,,,,,,,Case Rate,100% of PAS. Lesser of 100% of billed charges applies.,4100,,,,,,,Case Rate,". MPL 100/50/25% all add ons apply, and lesser of 100% of billed charges",7163,,,,,,,Case Rate,". ",7163,,,,,,,Case Rate,". ",7163,,,,,,,Case Rate,". ",7163,,,,,,,Case Rate,". ",314.26,,,,,,,Case Rate,"100% Medicare OPPS FS. ",481.71,,,,,,,Case Rate,"100 Percent of Medicaid APG. ",4100,,,,,,,Case Rate,". MPL 100/50/25% all add ons apply, and lesser of 100% of billed charges",481.71,,,,,,,Case Rate,"100 Percent of Medicaid APG. ",314.26,,,,,,,Case Rate,"100% Medicare OPPS FS. ",481.71,,,,,,,Case Rate,"100 Percent of Medicaid APG. ",314.26,,,,,,,Case Rate,"100% Medicare OPPS FS. ",314.26,,,,,,,Case Rate,"100% Medicare OPPS FS. ",481.71,,,,,,,Case Rate,"100 Percent of Medicaid APG. ",481.71,,,,,,,Case Rate,"100 Percent of Medicaid APG. ",7163,,,,,,,Case Rate,". ",,,,,,,,Other,". ",,78,,,,,0,percent of total billed charges,78% of Billed Charges. Lesser of 100% of billed charges applies.; No services were performed during the 15 month look back period.,4923.38,,,,,,,Case Rate,". MPL 100/50/25% all add ons apply, and lesser of 100% of billed charges",4923.38,,,,,,,Case Rate,". MPL 100/50/25% all add ons apply, and lesser of 100% of billed charges",6593,,,,,,,Case Rate,". Primary procedure pays at 100%, secondary at 50%, all subsequent at 25%.  Lesser of applies when negotiated rates exceed charges less addons.",314.26,,,,,,,Case Rate,"83% HF Fee schedule. ",12574,,,,,,,Case Rate,". Primary procedure pays at 100%, all subsequent at 50%.",12574,,,,,,,Case Rate,". Primary procedure pays at 100%, all subsequent at 50%.",3280,,,,,,,Case Rate,". MPL 100/50/25% all add ons apply, and lesser of 100% of billed charges",3280,,,,,,,Case Rate,". MPL 100/50/25% all add ons apply, and lesser of 100% of billed charges",314.26,,,,,,,Case Rate,"100% Medicare OPPS FS. ",314.26,,,,,,,Case Rate,"100% Medicare OPPS FS. ",314.26,,,,,,,Case Rate,"100% Medicare OPPS FS. ",314.26,,,,,,,Case Rate,"100% Medicare OPPS FS. ",4923.38,,,,,,,Case Rate,". MPL 100/50/25% all add ons apply, and lesser of 100% of billed charges",4100,,,,,,,Case Rate,". MPL 100/50/25% all add ons apply, and lesser of 100% of billed charges",4100,,,,,,,Case Rate,". MPL 100/50/25% all add ons apply, and lesser of 100% of billed charges",314.26,,,,,,,Case Rate,"100% Medicare OPPS FS. ",3280,,,,,,,Case Rate,". MPL 100/50/25% all add ons apply, and lesser of 100% of billed charges",8427,,,,,,,Case Rate,". Primary procedure pays at 100%, all subsequent at 50%.",578.05,,,,,,,Fee Schedule,"120 Percent of Medicaid APG. ",481.71,,,,,,,Case Rate,"100 Percent of Medicaid APG. ",7163,,,,,,,Case Rate,". ",3690,,,,,,,Case Rate,". MPL 100/50/25% all add ons apply, and lesser of 100% of billed charges",3690,,,,,,,Case Rate,". MPL 100/50/25% all add ons apply, and lesser of 100% of billed charges",4100,,,,,,,Case Rate,". MPL 100/50/25% all add ons apply, and lesser of 100% of billed charges",411,,,,,,,Per Diem,. Paid once per unique code per service date and lesser of 100% of billed charges.,314.26,,,,,,,Case Rate,"100%Medicare OPPS FS. ",505.79,,,,,,,Fee Schedule,105 percent of Medicaid APG. otherwise 105% of Ordered NYS MCD FS or 105% of ASP+6%,505.79,,,,,,,Fee Schedule,105 percent of Medicaid APG. otherwise 105% of Ordered NYS MCD FS or 105% of ASP+6%,505.79,,,,,,,Fee Schedule,105 percent of Medicaid APG. otherwise 105% of Ordered NYS MCD FS or 105% of ASP+6%,650.3,,,,,,,Fee Schedule,135 percent of Medicaid APG. otherwise 135% of Ordered NYS MCD FS or 135% of ASP+6%,4923.38,,,,,,,Case Rate,". MPL 100/50/25% all add ons apply, and lesser of 100% of billed charges",505.79,,,,,,,Fee Schedule,105 percent of Medicaid APG. otherwise 105% of Ordered NYS MCD FS or 105% of ASP+6%,505.79,,,,,,,Fee Schedule,105 percent of Medicaid APG. otherwise 105% of Ordered NYS MCD FS or 105% of ASP+6%,505.79,,,,,,,Fee Schedule,105 percent of Medicaid APG. otherwise 105% of Ordered NYS MCD FS or 105% of ASP+6%,505.79,,,,,,,Fee Schedule,105 percent of Medicaid APG. otherwise 105% of Ordered NYS MCD FS or 105% of ASP+6%,505.79,,,,,,,Fee Schedule,105 percent of Medicaid APG. otherwise 105% of Ordered NYS MCD FS or 105% of ASP+6%,650.3,,,,,,,Fee Schedule,135 percent of Medicaid APG. otherwise 135% of Ordered NYS MCD FS or 135% of ASP+6%,650.3,,,,,,,Fee Schedule,135 percent of Medicaid APG. otherwise 135% of Ordered NYS MCD FS or 135% of ASP+6%,314.26,,,,,,,Case Rate,"100% Medicare OPPS FS. ",4923.38,,,,,,,Case Rate,". MPL 100/50/25% all add ons apply, and lesser of 100% of billed charges",314.26,,,,,,,Case Rate,"100% Medicare OPPS FS. ",505.79,,,,,,,Fee Schedule,105 percent of Medicaid APG. otherwise 105% of Ordered NYS MCD FS or 105% of ASP+6%,4100,,,,,,,Case Rate,". MPL 100/50/25% all add ons apply, and lesser of 100% of billed charges",314.26,,,,,,,Case Rate,"100% Medicare OPPS FS. ",4100,,,,,,,Case Rate,". MPL 100/50/25% all add ons apply, and lesser of 100% of billed charges",4100,,,,,,,Case Rate,". MPL 100/50/25% all add ons apply, and lesser of 100% of billed charges",4100,,,,,,,Case Rate,". MPL 100/50/25% all add ons apply, and lesser of 100% of billed charges",505.79,,,,,,,Fee Schedule,105 percent of Medicaid APG. otherwise 105% of Ordered NYS MCD FS or 105% of ASP+6%,314.26,,,,,,,Case Rate,"100% Medicare OPPS FS. ",4100,,,,,,,Case Rate,". MPL 100/50/25% all add ons apply, and lesser of 100% of billed charges",650.3,,,,,,,Fee Schedule,135 percent of Medicaid APG. otherwise 135% of Ordered NYS MCD FS or 135% of ASP+6%,4100,,,,,,,Case Rate,". MPL 100/50/25% all add ons apply, and lesser of 100% of billed charges",,200,,,,,0,Case Rate,200% of Medicare OPPS. ; No services were performed during the 15 month look back period.,314.26,,,,,,,Case Rate,"100%Medicare OPPS FS. ",7163,,,,,,,Case Rate,". ",7163,,,,,,,Case Rate,". ",7163,,,,,,,Case Rate,". ",7163,,,,,,,Case Rate,". ",7163,,,,,,,Case Rate,". ",8427,,,,,,,Case Rate,". Primary procedure pays at 100%, all subsequent at 50%.",8427,,,,,,,Case Rate,". Primary procedure pays at 100%, all subsequent at 50%.",7163,,,,,,,Case Rate,". ",7163,,,,,,,Case Rate,". ",7163,,,,,,,Case Rate,". ",7163,,,,,,,Case Rate,". ",7163,,,,,,,Case Rate,". ",314.26,,,,,,,Case Rate,"100% Medicare OPPS FS. ",8427,,,,,,,Case Rate,". Primary procedure pays at 100%, all subsequent at 50%.",314.26,,,,,,,Case Rate,"100% Medicare OPPS FS. ",1083.84,,,,,,,Case Rate,"225 Percent of Medicaid APG. If not included in Medicaid APG, then 100 Percent of Manhattan Medicare",481.71,,,,,,,Case Rate,"100 Percent of Medicaid APG. ",4923.38,,,,,,,Case Rate,". MPL 100/50/25% all add ons apply, and lesser of 100% of billed charges",4923.38,,,,,,,Case Rate,". MPL 100/50/25% all add ons apply, and lesser of 100% of billed charges",314.26,,,,,,,Case Rate,"100% Medicare OPPS FS. ",12574,,,,,,,Case Rate,". Primary procedure pays at 100%, all subsequent at 50%.",314.26,,,,,,,Case Rate,"100% Medicare OPPS FS. ",314.26,,,,,,,Case Rate,"100% Medicare OPPS FS. ",6593,,,,,,,Case Rate,". Primary procedure pays at 100%, secondary at 50%, all subsequent at 25%.  Lesser of applies when negotiated rates exceed charges less addons.",314.26,,,,,,,Case Rate,"100% Medicare OPPS FS. ",,,,,,,,Other,". ",314.26,,,,,,,Case Rate,"100% Medicare OPPS FS. ",,,,,,,,Other,". ",6593,,,,,,,Case Rate,". Primary procedure pays at 100%, secondary at 50%, all subsequent at 25%.  Lesser of applies when negotiated rates exceed charges less addons.",,,,,,,,Other,". ",314.26,,,,,,,Case Rate,"100% Medicare OPPS FS. ",481.71,,,,,,,Case Rate,"100 Percent of Medicaid APG. ",314.26,,,,,,,Case Rate,"100% Medicare OPPS FS. ",,,,,,,,Other,". ",4923.38,,,,,,,Case Rate,". MPL 100/50/25% all add ons apply, and lesser of 100% of billed charges",481.71,,,,,,,Case Rate,"100 Percent of Medicaid APG. ",4100,,,,,,,Case Rate,". MPL 100/50/25% all add ons apply, and lesser of 100% of billed charges",578.05,,,,,,,Fee Schedule,"120 Percent of Medicaid APG. ",578.05,,,,,,,Fee Schedule,"120 Percent of Medicaid APG. ",4100,,,,,,,Case Rate,". MPL 100/50/25% all add ons apply, and lesser of 100% of billed charges",4100,,,,,,,Case Rate,". MPL 100/50/25% all add ons apply, and lesser of 100% of billed charges",4100,,,,,,,Case Rate,". MPL 100/50/25% all add ons apply, and lesser of 100% of billed charges",4923.38,,,,,,,Case Rate,". MPL 100/50/25% all add ons apply, and lesser of 100% of billed charges",4100,,,,,,,Case Rate,". MPL 100/50/25% all add ons apply, and lesser of 100% of billed charges",4100,,,,,,,Case Rate,". MPL 100/50/25% all add ons apply, and lesser of 100% of billed charges",4100,,,,,,,Case Rate,". MPL 100/50/25% all add ons apply, and lesser of 100% of billed charges",7163,,,,,,,Case Rate,". ",7163,,,,,,,Case Rate,". ",622.24,,,,,,,Case Rate,198 Percent of Medicare OPPS. Metroplus will reimburse unlisted codes and described codes with no Medicare rate at 50 percent of charges.,481.71,,,,,,,Case Rate,"100 Percent of Medicaid APG. ",4923.38,,,,,,,Case Rate,". MPL 100/50/25% all add ons apply, and lesser of 100% of billed charges",,,,,,,,Other,". ",6593,,,,,,,Case Rate,". Primary procedure pays at 100%, secondary at 50%, all subsequent at 25%.  Lesser of applies when negotiated rates exceed charges less addons.",4923.38,,,,,,,Case Rate,". MPL 100/50/25% all add ons apply, and lesser of 100% of billed charges",6593,,,,,,,Case Rate,". Primary procedure pays at 100%, secondary at 50%, all subsequent at 25%.  Lesser of applies when negotiated rates exceed charges less addons.",4923.38,,,,,,,Case Rate,". MPL 100/50/25% all add ons apply, and lesser of 100% of billed charges",4100,,,,,,,Case Rate,". MPL 100/50/25% all add ons apply, and lesser of 100% of billed charges",4100,,,,,,,Case Rate,". MPL 100/50/25% all add ons apply, and lesser of 100% of billed charges",4100,,,,,,,Case Rate,". MPL 100/50/25% all add ons apply, and lesser of 100% of billed charges",4100,,,,,,,Case Rate,". MPL 100/50/25% all add ons apply, and lesser of 100% of billed charges",314.26,,,,,,,Case Rate,"100% Medicare OPPS FS. ",90.28,13453,
29355,CPT,2023463,LOCAL,361,RC,HC APPLY WLKR LG LEG CAST,914.14,173.6866,both,,,,1352,,,,,,,Case Rate,". MPL 1st 100% of Payment Rate 50% of all others, all add ons apply, and lesser of 100% of billed charges.",1352,,,,,,,Case Rate,". MPL 1st 100% of Payment Rate 50% of all others, all add ons apply, and lesser of 100% of billed charges.",548.484,60,,,,,0,percent of total billed charges,60 percent of billed charges; No services were performed during the 15 month look back period.,914.14,100,,,,,0,percent of total billed charges,100 percent of billed charges. ; No services were performed during the 15 month look back period.,314.26,,,,,,,Case Rate,"100% Medicare OPPS FS. ",548.484,60,,,,,0,percent of total billed charges,60 percent of billed charges; No services were performed during the 15 month look back period.,548.484,60,,,,,0,percent of total billed charges,60 percent of billed charges; No services were performed during the 15 month look back period.,548.484,60,,,,,0,percent of total billed charges,60 percent of billed charges; No services were performed during the 15 month look back period.,578.05,,,,,,,Case Rate,"100 Percent of Medicaid APG. ",481.71,,,,,,,Case Rate,"100 Percent of Medicaid APG. ",713.0292,78,,,,,0,percent of total billed charges,78% of Billed Charges. Lesser of 100% of billed charges applies.; No services were performed during the 15 month look back period.,4923.38,,,,,,,Case Rate,". MPL 100/50/25% all add ons apply, and lesser of 100% of billed charges",481.71,,,,,,,Case Rate,"100 Percent of Medicaid APG. ",314.26,,,,,,,Case Rate,"100% Medicare OPPS FS. ",,,,,,,,Other,". ",,,,,,,,Other,". ",,,,,,,,Other,". ",,,,,,,,Other,". ",481.71,,,,,,,Case rate,124 Percent of Medicaid APG. Covered services not payable under Medicaid Fee Schedules default to a payment of 50 percent of charges.,314.26,,,,,,,Case Rate,"100% Medicare OPPS FS. ",481.71,,,,,,,Case rate,124 Percent of Medicaid APG. Covered services not payable under Medicaid Fee Schedules default to a payment of 50 percent of charges.,713.0292,78,,,,,0,percent of total billed charges,78% of Billed Charges. Lesser of 100% of billed charges applies.; No services were performed during the 15 month look back period.,548.484,60,,,,,0,percent of total billed charges,60 percent of billed charges; No services were performed during the 15 month look back period.,314.26,,,,,,,Case Rate,"100%Medicare OPPS FS. ",307.3,,,,,,,Fee Schedule,"255 % Medicare RBRVS. ",314.26,,,,,,,Case Rate,"100%Medicare OPPS FS. ",314.26,,,,,,,Case Rate,"100%Medicare OPPS FS. ",713.0292,78,,,,,0,percent of total billed charges,78% of Billed Charges. Lesser of 100% of billed charges applies.; No services were performed during the 15 month look back period.,91.51,,,,,,,Case Rate,100% of PAS. Lesser of 100% of billed charges applies.,91.51,,,,,,,Case Rate,100% of PAS. Lesser of 100% of billed charges applies.,481.71,,,,,,,Case rate,"100 Percent of Medicaid APG. ",481.71,,,,,,,Case rate,"100 Percent of Medicaid APG. ",307.3,,,,,,,Fee Schedule,"255 % Medicare RBRVS. ",307.3,,,,,,,Fee Schedule,"255 % Medicare RBRVS. ",481.71,,,,,,,Case Rate,"100 Percent of Medicaid APG. Not APG payable, or payable under another fee schedule like ASP/AWP pays at 30% of charges",307.3,,,,,,,Fee Schedule,"255 % Medicare RBRVS. ",481.71,,,,,,,Case Rate,"100 Percent of Medicaid APG. Not APG payable, or payable under another fee schedule like ASP/AWP pays at 30% of charges",314.26,,,,,,,Case Rate,"100%Medicare OPPS FS. ",307.3,,,,,,,Fee Schedule,"255 % Medicare RBRVS. ",713.0292,78,,,,,0,percent of total billed charges,78% of Billed Charges. Lesser of 100% of billed charges applies.; No services were performed during the 15 month look back period.,481.71,,,,,,,Case Rate,"100 Percent of Medicaid APG. ",481.71,,,,,,,Case Rate,"100 Percent of Medicaid APG. ",713.0292,78,,,,,0,percent of total billed charges,78% of Billed Charges. Lesser of 100% of billed charges applies.; No services were performed during the 15 month look back period.,,,,,,,,Other,". ",4500,,,,,,,Case Rate,". MPL 100/50/25% all add ons apply, and lesser of 100% of billed charges",4500,,,,,,,Case Rate,". MPL 100/50/25% all add ons apply, and lesser of 100% of billed charges",713.0292,78,,,,,0,percent of total billed charges,78% of Billed Charges. Lesser of 100% of billed charges applies.; No services were performed during the 15 month look back period.,314.26,,,,,,,Case Rate,"100% Medicare OPPS FS. ",4923.38,,,,,,,Case Rate,". MPL 100/50/25% all add ons apply, and lesser of 100% of billed charges",4923.38,,,,,,,Case Rate,". MPL 100/50/25% all add ons apply, and lesser of 100% of billed charges",4923.38,,,,,,,Case Rate,". MPL 100/50/25% all add ons apply, and lesser of 100% of billed charges",314.26,,,,,,,Case Rate,"100% Medicare OPPS FS. ",4923.38,,,,,,,Case Rate,". MPL 100/50/25% all add ons apply, and lesser of 100% of billed charges",4923.38,,,,,,,Case Rate,". MPL 100/50/25% all add ons apply, and lesser of 100% of billed charges",314.26,,,,,,,Case Rate,"100% of Medicare OPPS. ",596,,,,,,,Per Diem,. Paid once per unique code per service date and lesser of 100% of billed charges.,4100,,,,,,,Case Rate,". MPL 100/50/25% all add ons apply, and lesser of 100% of billed charges",4100,,,,,,,Case Rate,". MPL 100/50/25% all add ons apply, and lesser of 100% of billed charges",4100,,,,,,,Case Rate,". MPL 100/50/25% all add ons apply, and lesser of 100% of billed charges",4100,,,,,,,Case Rate,". MPL 100/50/25% all add ons apply, and lesser of 100% of billed charges",4100,,,,,,,Case Rate,". MPL 100/50/25% all add ons apply, and lesser of 100% of billed charges",4100,,,,,,,Case Rate,". MPL 100/50/25% all add ons apply, and lesser of 100% of billed charges",314.26,,,,,,,Case Rate,"100% Medicare OPPS FS. ",314.26,,,,,,,Case Rate,"100% Medicare OPPS FS. ",4100,,,,,,,Case Rate,". MPL 100/50/25% all add ons apply, and lesser of 100% of billed charges",713.0292,78,,,,,0,percent of total billed charges,78% of Billed Charges. Lesser of 100% of billed charges applies.; No services were performed during the 15 month look back period.,713.0292,78,,,,,0,percent of total billed charges,78% of Billed Charges. Lesser of 100% of billed charges applies.; No services were performed during the 15 month look back period.,713.0292,78,,,,,0,percent of total billed charges,78% of Billed Charges. Lesser of 100% of billed charges applies.; No services were performed during the 15 month look back period.,713.0292,78,,,,,0,percent of total billed charges,78% of Billed Charges. Lesser of 100% of billed charges applies.; No services were performed during the 15 month look back period.,713.0292,78,,,,,0,percent of total billed charges,78% of Billed Charges. Lesser of 100% of billed charges applies.; No services were performed during the 15 month look back period.,713.0292,78,,,,,0,percent of total billed charges,78% of Billed Charges. Lesser of 100% of billed charges applies.; No services were performed during the 15 month look back period.,713.0292,78,,,,,0,percent of total billed charges,78% of Billed Charges. Lesser of 100% of billed charges applies.; No services were performed during the 15 month look back period.,713.0292,78,,,,,0,percent of total billed charges,78% of Billed Charges. Lesser of 100% of billed charges applies.; No services were performed during the 15 month look back period.,713.0292,78,,,,,0,percent of total billed charges,78% of Billed Charges. Lesser of 100% of billed charges applies.; No services were performed during the 15 month look back period.,713.0292,78,,,,,0,percent of total billed charges,78% of Billed Charges. Lesser of 100% of billed charges applies.; No services were performed during the 15 month look back period.,713.0292,78,,,,,0,percent of total billed charges,78% of Billed Charges. Lesser of 100% of billed charges applies.; No services were performed during the 15 month look back period.,713.0292,78,,,,,0,percent of total billed charges,78% of Billed Charges. Lesser of 100% of billed charges applies.; No services were performed during the 15 month look back period.,713.0292,78,,,,,0,percent of total billed charges,78% of Billed Charges. Lesser of 100% of billed charges applies.; No services were performed during the 15 month look back period.,713.0292,78,,,,,0,percent of total billed charges,78% of Billed Charges. Lesser of 100% of billed charges applies.; No services were performed during the 15 month look back period.,713.0292,78,,,,,0,percent of total billed charges,78% of Billed Charges. Lesser of 100% of billed charges applies.; No services were performed during the 15 month look back period.,713.0292,78,,,,,0,percent of total billed charges,78% of Billed Charges. Lesser of 100% of billed charges applies.; No services were performed during the 15 month look back period.,713.0292,78,,,,,0,percent of total billed charges,78% of Billed Charges. Lesser of 100% of billed charges applies.; No services were performed during the 15 month look back period.,713.0292,78,,,,,0,percent of total billed charges,78% of Billed Charges. Lesser of 100% of billed charges applies.; No services were performed during the 15 month look back period.,713.0292,78,,,,,0,percent of total billed charges,78% of Billed Charges. Lesser of 100% of billed charges applies.; No services were performed during the 15 month look back period.,713.0292,78,,,,,0,percent of total billed charges,78% of Billed Charges. Lesser of 100% of billed charges applies.; No services were performed during the 15 month look back period.,713.0292,78,,,,,0,percent of total billed charges,78% of Billed Charges. Lesser of 100% of billed charges applies.; No services were performed during the 15 month look back period.,713.0292,78,,,,,0,percent of total billed charges,78% of Billed Charges. Lesser of 100% of billed charges applies.; No services were performed during the 15 month look back period.,713.0292,78,,,,,0,percent of total billed charges,78% of Billed Charges. Lesser of 100% of billed charges applies.; No services were performed during the 15 month look back period.,713.0292,78,,,,,0,percent of total billed charges,78% of Billed Charges. Lesser of 100% of billed charges applies.; No services were performed during the 15 month look back period.,713.0292,78,,,,,0,percent of total billed charges,78% of Billed Charges. Lesser of 100% of billed charges applies.; No services were performed during the 15 month look back period.,713.0292,78,,,,,0,percent of total billed charges,78% of Billed Charges. Lesser of 100% of billed charges applies.; No services were performed during the 15 month look back period.,307.3,,,,,,,Fee Schedule,"255 % Medicare RBRVS. ",307.3,,,,,,,Fee Schedule,"255 % Medicare RBRVS. ",307.3,,,,,,,Fee Schedule,"255 % Medicare RBRVS. ",307.3,,,,,,,Fee Schedule,"255 % Medicare RBRVS. ",615.81,,,,,,,Fee Schedule,"511 % Medicare RBRVS. ",615.81,,,,,,,Fee Schedule,"511 % Medicare RBRVS. ",,,,,,,,Other,". ",4100,,,,,,,Case Rate,". MPL 100/50/25% all add ons apply, and lesser of 100% of billed charges",4923.38,,,,,,,Case Rate,". MPL 100/50/25% all add ons apply, and lesser of 100% of billed charges",4100,,,,,,,Case Rate,". MPL 100/50/25% all add ons apply, and lesser of 100% of billed charges",713.0292,78,,,,,0,percent of total billed charges,78% of Billed Charges. Lesser of 100% of billed charges applies.; No services were performed during the 15 month look back period.,615.81,,,,,,,Fee Schedule,"511 % Medicare RBRVS. ",4100,,,,,,,Case Rate,". MPL 100/50/25% all add ons apply, and lesser of 100% of billed charges",4923.38,,,,,,,Case Rate,". MPL 100/50/25% all add ons apply, and lesser of 100% of billed charges",,,,,,,,Other,". ",,,,,,,,,"NA. ",713.0292,78,,,,,0,percent of total billed charges,78% of Billed Charges. Lesser of 100% of billed charges applies.; No services were performed during the 15 month look back period.,481.71,,,,,,,Case Rate,"100 Percent of Medicaid APG. ",307.3,,,,,,,Fee Schedule,"255 % Medicare RBRVS. ",481.71,,,,,,,Case Rate,"100 Percent of Medicaid APG. Not APG payable, or payable under another fee schedule like ASP/AWP pays at 30% of charges",314.26,,,,,,,Case Rate,"100%Medicare OPPS FS. ",314.26,,,,,,,Case Rate,"100% Medicare OPPS FS. ",596,,,,,,,Per Diem,. Paid once per unique code per service date and lesser of 100% of billed charges.,314.26,,,,,,,Case Rate,"100% Medicare OPPS FS. ",314.26,,,,,,,Case Rate,"100% Medicare OPPS FS. ",481.71,,,,,,,Case Rate,"100 Percent of Medicaid APG. ",314.26,,,,,,,Case Rate,"100% Medicare OPPS FS. ",314.26,,,,,,,Case Rate,"100% Medicare OPPS FS. ",548.484,60,,,,,0,percent of total billed charges,60 percent of billed charges; No services were performed during the 15 month look back period.,548.484,60,,,,,0,percent of total billed charges,60 percent of billed charges; No services were performed during the 15 month look back period.,314.26,,,,,,,Case Rate,"100% Medicare OPPS FS. ",,,,,,,,Other,". ",4923.38,,,,,,,Case Rate,". MPL 100/50/25% all add ons apply, and lesser of 100% of billed charges",4923.38,,,,,,,Case Rate,". MPL 100/50/25% all add ons apply, and lesser of 100% of billed charges",314.26,,,,,,,Case Rate,"100% Medicare OPPS FS. ",,,,,,,,Other,". ",548.484,60,,,,,0,percent of total billed charges,60 percent of billed charges; No services were performed during the 15 month look back period.,548.484,60,,,,,0,percent of total billed charges,60 percent of billed charges; No services were performed during the 15 month look back period.,548.484,60,,,,,0,percent of total billed charges,60 percent of billed charges; No services were performed during the 15 month look back period.,713.0292,78,,,,,0,percent of total billed charges,78% of Billed Charges. Lesser of 100% of billed charges applies.; No services were performed during the 15 month look back period.,713.0292,78,,,,,0,percent of total billed charges,78% of Billed Charges. Lesser of 100% of billed charges applies.; No services were performed during the 15 month look back period.,713.0292,78,,,,,0,percent of total billed charges,78% of Billed Charges. Lesser of 100% of billed charges applies.; No services were performed during the 15 month look back period.,713.0292,78,,,,,0,percent of total billed charges,78% of Billed Charges. Lesser of 100% of billed charges applies.; No services were performed during the 15 month look back period.,713.0292,78,,,,,0,percent of total billed charges,78% of Billed Charges. Lesser of 100% of billed charges applies.; No services were performed during the 15 month look back period.,713.0292,78,,,,,0,percent of total billed charges,78% of Billed Charges. Lesser of 100% of billed charges applies.; No services were performed during the 15 month look back period.,713.0292,78,,,,,0,percent of total billed charges,78% of Billed Charges. Lesser of 100% of billed charges applies.; No services were performed during the 15 month look back period.,713.0292,78,,,,,0,percent of total billed charges,78% of Billed Charges. Lesser of 100% of billed charges applies.; No services were performed during the 15 month look back period.,713.0292,78,,,,,0,percent of total billed charges,78% of Billed Charges. Lesser of 100% of billed charges applies.; No services were performed during the 15 month look back period.,713.0292,78,,,,,0,percent of total billed charges,78% of Billed Charges. Lesser of 100% of billed charges applies.; No services were performed during the 15 month look back period.,713.0292,78,,,,,0,percent of total billed charges,78% of Billed Charges. Lesser of 100% of billed charges applies.; No services were performed during the 15 month look back period.,615.81,,,,,,,Fee Schedule,"511 % Medicare RBRVS. ",4100,,,,,,,Case Rate,". MPL 100/50/25% all add ons apply, and lesser of 100% of billed charges",,,,,,,,Other,". ",314.26,,,,,,,Case Rate,"100% Medicare OPPS FS. ",548.484,60,,,,,0,percent of total billed charges,60 percent of billed charges; No services were performed during the 15 month look back period.,,,,,,,,Other,". ",,,,,,,,Other,". ",713.0292,78,,,,,0,percent of total billed charges,78% of Billed Charges. Lesser of 100% of billed charges applies.; No services were performed during the 15 month look back period.,1030.85,,,,,,,Case Rate,"214 Percent of Medicaid APG. Drugs not priced under APG, billed with revenue code 636 and not priced by Medicare ASP FeeSched will be reimbursed at 20% of charges.",,,,,,,,Other,". ",481.71,,,,,,,Case Rate,"100 Percent of Medicaid APG. ",314.26,,,,,,,Case Rate,"100% Medicare OPPS FS. ",314.26,,,,,,,Case Rate,"100% Medicare OPPS FS. ",314.26,,,,,,,Case Rate,"100% Medicare OPPS FS. ",314.26,,,,,,,Case Rate,"100% Medicare OPPS FS. ",314.26,,,,,,,Case Rate,"100% Medicare OPPS FS. ",314.26,,,,,,,Case Rate,"100% Medicare OPPS FS. ",,,,,,,,Other,". ",596,,,,,,,Per Diem,. Paid once per unique code per service date and lesser of 100% of billed charges.,867.07,,,,,,,Fee Schedule,"180 Percent of Medicaid APG. ",867.07,,,,,,,Fee Schedule,"180 Percent of Medicaid APG. ",867.07,,,,,,,Fee Schedule,"180 Percent of Medicaid APG. ",867.07,,,,,,,Fee Schedule,"180 Percent of Medicaid APG. ",867.07,,,,,,,Fee Schedule,"180 Percent of Medicaid APG. ",,,,,,,,,"NA. ",596,,,,,,,Per Diem,. Paid once per unique code per service date and lesser of 100% of billed charges.,622.24,,,,,,,Case Rate,198 Percent of Medicare OPPS. Metroplus will reimburse unlisted codes and described codes with no Medicare rate at 50 percent of charges.,622.24,,,,,,,Case Rate,198 Percent of Medicare OPPS. Metroplus will reimburse unlisted codes and described codes with no Medicare rate at 50 percent of charges.,622.24,,,,,,,Case Rate,198 Percent of Medicare OPPS. Metroplus will reimburse unlisted codes and described codes with no Medicare rate at 50 percent of charges.,622.24,,,,,,,Case Rate,198 Percent of Medicare OPPS. Metroplus will reimburse unlisted codes and described codes with no Medicare rate at 50 percent of charges.,622.24,,,,,,,Case Rate,198 Percent of Medicare OPPS. Metroplus will reimburse unlisted codes and described codes with no Medicare rate at 50 percent of charges.,314.26,,,,,,,Case Rate,"100% Medicare OPPS FS. ",615.81,,,,,,,Fee Schedule,"511 % Medicare RBRVS. ",615.81,,,,,,,Fee Schedule,"511 % Medicare RBRVS. ",615.81,,,,,,,Fee Schedule,"511 % Medicare RBRVS. ",615.81,,,,,,,Fee Schedule,"511 % Medicare RBRVS. ",548.484,60,,,,,0,percent of total billed charges,60 percent of billed charges; No services were performed during the 15 month look back period.,548.484,60,,,,,0,percent of total billed charges,60 percent of billed charges; No services were performed during the 15 month look back period.,548.484,60,,,,,0,percent of total billed charges,60 percent of billed charges; No services were performed during the 15 month look back period.,548.484,60,,,,,0,percent of total billed charges,60 percent of billed charges; No services were performed during the 15 month look back period.,596,,,,,,,Per Diem,. Paid once per unique code per service date and lesser of 100% of billed charges.,596,,,,,,,Per Diem,. Paid once per unique code per service date and lesser of 100% of billed charges.,314.26,,,,,,,Case Rate,"100% Medicare OPPS FS. ",314.26,,,,,,,Case Rate,"100% Medicare OPPS FS. ",314.26,,,,,,,Case Rate,"100% Medicare OPPS FS. ",4100,,,,,,,Case Rate,". MPL 100/50/25% all add ons apply, and lesser of 100% of billed charges",4100,,,,,,,Case Rate,". MPL 100/50/25% all add ons apply, and lesser of 100% of billed charges",4100,,,,,,,Case Rate,". MPL 100/50/25% all add ons apply, and lesser of 100% of billed charges",596,,,,,,,Per Diem,. Paid once per unique code per service date and lesser of 100% of billed charges.,548.484,60,,,,,0,percent of total billed charges,60 percent of billed charges; No services were performed during the 15 month look back period.,314.26,,,,,,,Case Rate,"100% Medicare OPPS FS. ",4100,,,,,,,Case Rate,". MPL 100/50/25% all add ons apply, and lesser of 100% of billed charges",481.71,,,,,,,Case Rate,"100 Percent of Medicaid APG. ",320.55,,,,,,,Case Rate,"102% of Medicare OPPS. ",320.55,,,,,,,Case Rate,"102% of Medicare OPPS. ",320.55,,,,,,,Case Rate,"102% of Medicare OPPS. ",481.71,,,,,,,Case rate,"100 Percent of Medicaid APG. ",1083.84,,,,,,,Case Rate,225% of NYS APG. Lesser of 100% of billed charges applies.,1083.84,,,,,,,Case Rate,225% of NYS APG. Lesser of 100% of billed charges applies.,1083.84,,,,,,,Case Rate,225% of NYS APG. Lesser of 100% of billed charges applies.,1083.84,,,,,,,Case Rate,225% of NYS APG. Lesser of 100% of billed charges applies.,1083.84,,,,,,,Case Rate,225% of NYS APG. Lesser of 100% of billed charges applies.,320.55,,,,,,,Case Rate,"102% of Medicare OPPS. ",481.71,,,,,,,Case Rate,"100 Percent of Medicaid APG. ",91.51,,,,,,,Case Rate,100% of PAS. Lesser of 100% of billed charges applies.,1083.84,,,,,,,Case Rate,225% of NYS APG. Lesser of 100% of billed charges applies.,1083.84,,,,,,,Case Rate,225% of NYS APG. Lesser of 100% of billed charges applies.,91.51,,,,,,,Case Rate,100% of PAS. Lesser of 100% of billed charges applies.,91.51,,,,,,,Case Rate,100% of PAS. Lesser of 100% of billed charges applies.,867.07,,,,,,,Fee Schedule,"180 Percent of Medicaid APG. ",314.26,,,,,,,Case Rate,"100% Medicare OPPS FS. ",314.26,,,,,,,Case Rate,"100% Medicare OPPS FS. ",548.484,60,,,,,0,percent of total billed charges,60 percent of billed charges; No services were performed during the 15 month look back period.,314.26,,,,,,,Case Rate,"100% Medicare OPPS FS. ",1083.84,,,,,,,Case Rate,"225 Percent of Medicaid APG. ",1083.84,,,,,,,Case Rate,"225 Percent of Medicaid APG. ",481.71,,,,,,,Case rate,"100 Percent of Medicaid APG. ",481.71,,,,,,,Case rate,"100 Percent of Medicaid APG. ",1083.84,,,,,,,Case Rate,225 Percent of Medicaid APG. Covered services not payable under Medicaid Fee Schedules default to a payment of 87.5 percent of charges.,481.71,,,,,,,Case rate,124 Percent of Medicaid APG. Covered services not payable under Medicaid Fee Schedules default to a payment of 50 percent of charges.,1083.84,,,,,,,Case Rate,"100 Percent of Medicaid APG. ",1083.84,,,,,,,Case Rate,"100 Percent of Medicaid APG. ",1083.84,,,,,,,Case Rate,"100 Percent of Medicaid APG. ",1083.84,,,,,,,Case Rate,"100 Percent of Medicaid APG. ",370,,,,,,,Per Diem,. Paid once per unique code per service date and lesser of 100% of billed charges.,596,,,,,,,Per Diem,. Paid once per unique code per service date and lesser of 100% of billed charges.,578.05,,,,,,,Case Rate,"120 Percent of Medicaid APG. Not APG payable, or payable under another fee schedule like ASP/AWP pays at 30% of charges",578.05,,,,,,,Case Rate,"120 Percent of Medicaid APG. Not APG payable, or payable under another fee schedule like ASP/AWP pays at 30% of charges",481.71,,,,,,,Case Rate,"100 Percent of Medicaid APG. Not APG payable, or payable under another fee schedule like ASP/AWP pays at 30% of charges",481.71,,,,,,,Case Rate,"100 Percent of Medicaid APG. Not APG payable, or payable under another fee schedule like ASP/AWP pays at 30% of charges",4100,,,,,,,Case Rate,". MPL 100/50/25% all add ons apply, and lesser of 100% of billed charges",4100,,,,,,,Case Rate,". MPL 100/50/25% all add ons apply, and lesser of 100% of billed charges",314.26,,,,,,,Case Rate,"100% Medicare OPPS FS. ",4100,,,,,,,Case Rate,". MPL 100/50/25% all add ons apply, and lesser of 100% of billed charges",4100,,,,,,,Case Rate,". MPL 100/50/25% all add ons apply, and lesser of 100% of billed charges",4100,,,,,,,Case Rate,". MPL 100/50/25% all add ons apply, and lesser of 100% of billed charges",4100,,,,,,,Case Rate,". MPL 100/50/25% all add ons apply, and lesser of 100% of billed charges",314.26,,,,,,,Case Rate,"100% Medicare OPPS FS. ",4100,,,,,,,Case Rate,". MPL 100/50/25% all add ons apply, and lesser of 100% of billed charges",4100,,,,,,,Case Rate,". MPL 100/50/25% all add ons apply, and lesser of 100% of billed charges",548.484,60,,,,,0,percent of total billed charges,60 percent of billed charges; No services were performed during the 15 month look back period.,481.71,,,,,,,Fee Schedule,100% APG. Lesser of 100% of billed charges applies.,481.71,,,,,,,Case rate,124 Percent of Medicaid APG. Covered services not payable under Medicaid Fee Schedules default to a payment of 50 percent of charges.,1083.84,,,,,,,Case Rate,225% of NYS APG. Lesser of 100% of billed charges applies.,1083.84,,,,,,,Case Rate,225 Percent of Medicaid APG. Covered services not payable under Medicaid Fee Schedules default to a payment of 87.5 percent of charges.,481.71,,,,,,,Case rate,124 Percent of Medicaid APG. Covered services not payable under Medicaid Fee Schedules default to a payment of 50 percent of charges.,1083.84,,,,,,,Case Rate,225% of NYS APG. Lesser of 100% of billed charges applies.,1083.84,,,,,,,Case Rate,225% of NYS APG. Lesser of 100% of billed charges applies.,1083.84,,,,,,,Case Rate,225% of NYS APG. Lesser of 100% of billed charges applies.,1083.84,,,,,,,Case Rate,225% of NYS APG. Lesser of 100% of billed charges applies.,1083.84,,,,,,,Case Rate,225% of NYS APG. Lesser of 100% of billed charges applies.,1083.84,,,,,,,Case Rate,225% of NYS APG. Lesser of 100% of billed charges applies.,,,,,,,,,"NA. ",,,,,,,,,"NA. ",,,,,,,,,"NA. ",,,,,,,,Other,". ",,,,,,,,,"NA. ",314.26,,,,,,,Case Rate,"100% Medicare OPPS FS. ",1352,,,,,,,Case Rate,". MPL 1st 100% of Payment Rate 50% of all others, all add ons apply, and lesser of 100% of billed charges.",314.26,,,,,,,Case Rate,"100% Medicare OPPS FS. ",314.26,,,,,,,Case Rate,"100% Medicare OPPS FS. ",578.05,,,,,,,Case Rate,"120 Percent of Medicaid APG. Not APG payable, or payable under another fee schedule like ASP/AWP pays at 30% of charges",578.05,,,,,,,Case Rate,"120 Percent of Medicaid APG. Not APG payable, or payable under another fee schedule like ASP/AWP pays at 30% of charges",481.71,,,,,,,Case Rate,"100 Percent of Medicaid APG. Not APG payable, or payable under another fee schedule like ASP/AWP pays at 30% of charges",481.71,,,,,,,Case Rate,"100 Percent of Medicaid APG. Not APG payable, or payable under another fee schedule like ASP/AWP pays at 30% of charges",481.71,,,,,,,Case Rate,"100 Percent of Medicaid APG. ",261.51,,,,,,,Fee Schedule,"217 % Medicare RBRVS. ",548.484,60,,,,,0,percent of total billed charges,60 percent of billed charges; No services were performed during the 15 month look back period.,307.3,,,,,,,Fee Schedule,"255 % Medicare RBRVS. ",,,,,,,,Other,". ",314.26,,,,,,,Case Rate,"100%Medicare OPPS FS. ",314.26,,,,,,,Case Rate,"100% Medicare OPPS FS. ",314.26,,,,,,,Case Rate,"100% Medicare OPPS FS. ",314.26,,,,,,,Case Rate,"100% Medicare OPPS FS. ",314.26,,,,,,,Case Rate,"100%Medicare OPPS FS. ",314.26,,,,,,,Case Rate,"100% Medicare OPPS FS. ",,,,,,,,,"NA. ",1083.84,,,,,,,Case Rate,225% of NYS APG. Lesser of 100% of billed charges applies.,91.51,,,,,,,Case Rate,100% of PAS. Lesser of 100% of billed charges applies.,4100,,,,,,,Case Rate,". MPL 100/50/25% all add ons apply, and lesser of 100% of billed charges",261.51,,,,,,,Fee Schedule,"217 % Medicare RBRVS. ",261.51,,,,,,,Fee Schedule,"217 % Medicare RBRVS. ",261.51,,,,,,,Fee Schedule,"217 % Medicare RBRVS. ",261.51,,,,,,,Fee Schedule,"217 % Medicare RBRVS. ",314.26,,,,,,,Case Rate,"100% Medicare OPPS FS. ",481.71,,,,,,,Case Rate,"100 Percent of Medicaid APG. ",4100,,,,,,,Case Rate,". MPL 100/50/25% all add ons apply, and lesser of 100% of billed charges",481.71,,,,,,,Case Rate,"100 Percent of Medicaid APG. ",314.26,,,,,,,Case Rate,"100% Medicare OPPS FS. ",481.71,,,,,,,Case Rate,"100 Percent of Medicaid APG. ",314.26,,,,,,,Case Rate,"100% Medicare OPPS FS. ",314.26,,,,,,,Case Rate,"100% Medicare OPPS FS. ",481.71,,,,,,,Case Rate,"100 Percent of Medicaid APG. ",481.71,,,,,,,Case Rate,"100 Percent of Medicaid APG. ",261.51,,,,,,,Fee Schedule,"217 % Medicare RBRVS. ",,,,,,,,Other,". ",713.0292,78,,,,,0,percent of total billed charges,78% of Billed Charges. Lesser of 100% of billed charges applies.; No services were performed during the 15 month look back period.,4923.38,,,,,,,Case Rate,". MPL 100/50/25% all add ons apply, and lesser of 100% of billed charges",4923.38,,,,,,,Case Rate,". MPL 100/50/25% all add ons apply, and lesser of 100% of billed charges",548.484,60,,,,,0,percent of total billed charges,60 percent of billed charges; No services were performed during the 15 month look back period.,314.26,,,,,,,Case Rate,"83% HF Fee schedule. ",615.81,,,,,,,Fee Schedule,"511 % Medicare RBRVS. ",615.81,,,,,,,Fee Schedule,"511 % Medicare RBRVS. ",3280,,,,,,,Case Rate,". MPL 100/50/25% all add ons apply, and lesser of 100% of billed charges",3280,,,,,,,Case Rate,". MPL 100/50/25% all add ons apply, and lesser of 100% of billed charges",314.26,,,,,,,Case Rate,"100% Medicare OPPS FS. ",314.26,,,,,,,Case Rate,"100% Medicare OPPS FS. ",314.26,,,,,,,Case Rate,"100% Medicare OPPS FS. ",314.26,,,,,,,Case Rate,"100% Medicare OPPS FS. ",4923.38,,,,,,,Case Rate,". MPL 100/50/25% all add ons apply, and lesser of 100% of billed charges",4100,,,,,,,Case Rate,". MPL 100/50/25% all add ons apply, and lesser of 100% of billed charges",4100,,,,,,,Case Rate,". MPL 100/50/25% all add ons apply, and lesser of 100% of billed charges",314.26,,,,,,,Case Rate,"100% Medicare OPPS FS. ",3280,,,,,,,Case Rate,". MPL 100/50/25% all add ons apply, and lesser of 100% of billed charges",307.3,,,,,,,Fee Schedule,"255 % Medicare RBRVS. ",578.05,,,,,,,Fee Schedule,"120 Percent of Medicaid APG. ",481.71,,,,,,,Case Rate,"100 Percent of Medicaid APG. ",261.51,,,,,,,Fee Schedule,"217 % Medicare RBRVS. ",3690,,,,,,,Case Rate,". MPL 100/50/25% all add ons apply, and lesser of 100% of billed charges",3690,,,,,,,Case Rate,". MPL 100/50/25% all add ons apply, and lesser of 100% of billed charges",4100,,,,,,,Case Rate,". MPL 100/50/25% all add ons apply, and lesser of 100% of billed charges",411,,,,,,,Per Diem,. Paid once per unique code per service date and lesser of 100% of billed charges.,314.26,,,,,,,Case Rate,"100%Medicare OPPS FS. ",505.79,,,,,,,Fee Schedule,105 percent of Medicaid APG. otherwise 105% of Ordered NYS MCD FS or 105% of ASP+6%,505.79,,,,,,,Fee Schedule,105 percent of Medicaid APG. otherwise 105% of Ordered NYS MCD FS or 105% of ASP+6%,505.79,,,,,,,Fee Schedule,105 percent of Medicaid APG. otherwise 105% of Ordered NYS MCD FS or 105% of ASP+6%,650.3,,,,,,,Fee Schedule,135 percent of Medicaid APG. otherwise 135% of Ordered NYS MCD FS or 135% of ASP+6%,4923.38,,,,,,,Case Rate,". MPL 100/50/25% all add ons apply, and lesser of 100% of billed charges",505.79,,,,,,,Fee Schedule,105 percent of Medicaid APG. otherwise 105% of Ordered NYS MCD FS or 105% of ASP+6%,505.79,,,,,,,Fee Schedule,105 percent of Medicaid APG. otherwise 105% of Ordered NYS MCD FS or 105% of ASP+6%,505.79,,,,,,,Fee Schedule,105 percent of Medicaid APG. otherwise 105% of Ordered NYS MCD FS or 105% of ASP+6%,505.79,,,,,,,Fee Schedule,105 percent of Medicaid APG. otherwise 105% of Ordered NYS MCD FS or 105% of ASP+6%,505.79,,,,,,,Fee Schedule,105 percent of Medicaid APG. otherwise 105% of Ordered NYS MCD FS or 105% of ASP+6%,650.3,,,,,,,Fee Schedule,135 percent of Medicaid APG. otherwise 135% of Ordered NYS MCD FS or 135% of ASP+6%,650.3,,,,,,,Fee Schedule,135 percent of Medicaid APG. otherwise 135% of Ordered NYS MCD FS or 135% of ASP+6%,314.26,,,,,,,Case Rate,"100% Medicare OPPS FS. ",4923.38,,,,,,,Case Rate,". MPL 100/50/25% all add ons apply, and lesser of 100% of billed charges",314.26,,,,,,,Case Rate,"100% Medicare OPPS FS. ",505.79,,,,,,,Fee Schedule,105 percent of Medicaid APG. otherwise 105% of Ordered NYS MCD FS or 105% of ASP+6%,4100,,,,,,,Case Rate,". MPL 100/50/25% all add ons apply, and lesser of 100% of billed charges",314.26,,,,,,,Case Rate,"100% Medicare OPPS FS. ",4100,,,,,,,Case Rate,". MPL 100/50/25% all add ons apply, and lesser of 100% of billed charges",4100,,,,,,,Case Rate,". MPL 100/50/25% all add ons apply, and lesser of 100% of billed charges",4100,,,,,,,Case Rate,". MPL 100/50/25% all add ons apply, and lesser of 100% of billed charges",505.79,,,,,,,Fee Schedule,105 percent of Medicaid APG. otherwise 105% of Ordered NYS MCD FS or 105% of ASP+6%,314.26,,,,,,,Case Rate,"100% Medicare OPPS FS. ",4100,,,,,,,Case Rate,". MPL 100/50/25% all add ons apply, and lesser of 100% of billed charges",650.3,,,,,,,Fee Schedule,135 percent of Medicaid APG. otherwise 135% of Ordered NYS MCD FS or 135% of ASP+6%,4100,,,,,,,Case Rate,". MPL 100/50/25% all add ons apply, and lesser of 100% of billed charges",1828.28,200,,,,,0,Case Rate,200% of Medicare OPPS. ; No services were performed during the 15 month look back period.,314.26,,,,,,,Case Rate,"100%Medicare OPPS FS. ",261.51,,,,,,,Fee Schedule,"217 % Medicare RBRVS. ",261.51,,,,,,,Fee Schedule,"217 % Medicare RBRVS. ",261.51,,,,,,,Fee Schedule,"217 % Medicare RBRVS. ",261.51,,,,,,,Fee Schedule,"217 % Medicare RBRVS. ",261.51,,,,,,,Fee Schedule,"217 % Medicare RBRVS. ",307.3,,,,,,,Fee Schedule,"255 % Medicare RBRVS. ",307.3,,,,,,,Fee Schedule,"255 % Medicare RBRVS. ",261.51,,,,,,,Fee Schedule,"217 % Medicare RBRVS. ",261.51,,,,,,,Fee Schedule,"217 % Medicare RBRVS. ",261.51,,,,,,,Fee Schedule,"217 % Medicare RBRVS. ",261.51,,,,,,,Fee Schedule,"217 % Medicare RBRVS. ",261.51,,,,,,,Fee Schedule,"217 % Medicare RBRVS. ",314.26,,,,,,,Case Rate,"100% Medicare OPPS FS. ",307.3,,,,,,,Fee Schedule,"255 % Medicare RBRVS. ",314.26,,,,,,,Case Rate,"100% Medicare OPPS FS. ",1083.84,,,,,,,Case Rate,"225 Percent of Medicaid APG. If not included in Medicaid APG, then 100 Percent of Manhattan Medicare",481.71,,,,,,,Case Rate,"100 Percent of Medicaid APG. ",4923.38,,,,,,,Case Rate,". MPL 100/50/25% all add ons apply, and lesser of 100% of billed charges",4923.38,,,,,,,Case Rate,". MPL 100/50/25% all add ons apply, and lesser of 100% of billed charges",314.26,,,,,,,Case Rate,"100% Medicare OPPS FS. ",615.81,,,,,,,Fee Schedule,"511 % Medicare RBRVS. ",314.26,,,,,,,Case Rate,"100% Medicare OPPS FS. ",314.26,,,,,,,Case Rate,"100% Medicare OPPS FS. ",548.484,60,,,,,0,percent of total billed charges,60 percent of billed charges; No services were performed during the 15 month look back period.,314.26,,,,,,,Case Rate,"100% Medicare OPPS FS. ",,,,,,,,Other,". ",314.26,,,,,,,Case Rate,"100% Medicare OPPS FS. ",,,,,,,,Other,". ",548.484,60,,,,,0,percent of total billed charges,60 percent of billed charges; No services were performed during the 15 month look back period.,,,,,,,,Other,". ",314.26,,,,,,,Case Rate,"100% Medicare OPPS FS. ",481.71,,,,,,,Case Rate,"100 Percent of Medicaid APG. ",314.26,,,,,,,Case Rate,"100% Medicare OPPS FS. ",,,,,,,,Other,". ",4923.38,,,,,,,Case Rate,". MPL 100/50/25% all add ons apply, and lesser of 100% of billed charges",481.71,,,,,,,Case Rate,"100 Percent of Medicaid APG. ",4100,,,,,,,Case Rate,". MPL 100/50/25% all add ons apply, and lesser of 100% of billed charges",578.05,,,,,,,Fee Schedule,"120 Percent of Medicaid APG. ",578.05,,,,,,,Fee Schedule,"120 Percent of Medicaid APG. ",4100,,,,,,,Case Rate,". MPL 100/50/25% all add ons apply, and lesser of 100% of billed charges",4100,,,,,,,Case Rate,". MPL 100/50/25% all add ons apply, and lesser of 100% of billed charges",4100,,,,,,,Case Rate,". MPL 100/50/25% all add ons apply, and lesser of 100% of billed charges",4923.38,,,,,,,Case Rate,". MPL 100/50/25% all add ons apply, and lesser of 100% of billed charges",4100,,,,,,,Case Rate,". MPL 100/50/25% all add ons apply, and lesser of 100% of billed charges",4100,,,,,,,Case Rate,". MPL 100/50/25% all add ons apply, and lesser of 100% of billed charges",4100,,,,,,,Case Rate,". MPL 100/50/25% all add ons apply, and lesser of 100% of billed charges",261.51,,,,,,,Fee Schedule,"217 % Medicare RBRVS. ",261.51,,,,,,,Fee Schedule,"217 % Medicare RBRVS. ",622.24,,,,,,,Case Rate,198 Percent of Medicare OPPS. Metroplus will reimburse unlisted codes and described codes with no Medicare rate at 50 percent of charges.,481.71,,,,,,,Case Rate,"100 Percent of Medicaid APG. ",4923.38,,,,,,,Case Rate,". MPL 100/50/25% all add ons apply, and lesser of 100% of billed charges",,,,,,,,Other,". ",548.484,60,,,,,0,percent of total billed charges,60 percent of billed charges; No services were performed during the 15 month look back period.,4923.38,,,,,,,Case Rate,". MPL 100/50/25% all add ons apply, and lesser of 100% of billed charges",548.484,60,,,,,0,percent of total billed charges,60 percent of billed charges; No services were performed during the 15 month look back period.,4923.38,,,,,,,Case Rate,". MPL 100/50/25% all add ons apply, and lesser of 100% of billed charges",4100,,,,,,,Case Rate,". MPL 100/50/25% all add ons apply, and lesser of 100% of billed charges",4100,,,,,,,Case Rate,". MPL 100/50/25% all add ons apply, and lesser of 100% of billed charges",4100,,,,,,,Case Rate,". MPL 100/50/25% all add ons apply, and lesser of 100% of billed charges",4100,,,,,,,Case Rate,". MPL 100/50/25% all add ons apply, and lesser of 100% of billed charges",314.26,,,,,,,Case Rate,"100% Medicare OPPS FS. ",91.51,4923.38,
29821,CPT,,,490,RC,SHO ARTHRS SRG COMPL SYNVCT,,,both,,,,7084,,,,,,,Case Rate,". MPL 1st 100% of Payment Rate 50% of all others, all add ons apply, and lesser of 100% of billed charges.",7084,,,,,,,Case Rate,". MPL 1st 100% of Payment Rate 50% of all others, all add ons apply, and lesser of 100% of billed charges.",10024,,,,,,,Case Rate,". Primary procedure pays at 100%, secondary at 50%, all subsequent at 25%.  Lesser of applies when negotiated rates exceed charges less addons.",,100,,,,,0,percent of total billed charges,100 percent of billed charges. ; No services were performed during the 15 month look back period.,3839.35,,,,,,,Case Rate,"100% Medicare OPPS FS. ",10024,,,,,,,Case Rate,". Primary procedure pays at 100%, secondary at 50%, all subsequent at 25%.  Lesser of applies when negotiated rates exceed charges less addons.",10024,,,,,,,Case Rate,". Primary procedure pays at 100%, secondary at 50%, all subsequent at 25%.  Lesser of applies when negotiated rates exceed charges less addons.",10024,,,,,,,Case Rate,". Primary procedure pays at 100%, secondary at 50%, all subsequent at 25%.  Lesser of applies when negotiated rates exceed charges less addons.",5390.6,,,,,,,Case Rate,"100 Percent of Medicaid APG. ",4492.16,,,,,,,Case Rate,"100 Percent of Medicaid APG. ",,78,,,,,0,percent of total billed charges,78% of Billed Charges. Lesser of 100% of billed charges applies.; No services were performed during the 15 month look back period.,21221.02,,,,,,,Case Rate,". MPL 100/50/25% all add ons apply, and lesser of 100% of billed charges",4492.16,,,,,,,Case Rate,"100 Percent of Medicaid APG. ",3839.35,,,,,,,Case Rate,"100% Medicare OPPS FS. ",6487,,,,,,,Case Rate,". MPL 100/50/25% maxmium of 3 procedures. All add ons apply, and lesser of 100% of billed charges",6487,,,,,,,Case Rate,". MPL 100/50/25% maxmium of 3 procedures. All add ons apply, and lesser of 100% of billed charges",6487,,,,,,,Case Rate,". MPL 100/50/25% maxmium of 3 procedures. All add ons apply, and lesser of 100% of billed charges",6487,,,,,,,Case Rate,". MPL 100/50/25% maxmium of 3 procedures. All add ons apply, and lesser of 100% of billed charges",4492.16,,,,,,,Case rate,124 Percent of Medicaid APG. Covered services not payable under Medicaid Fee Schedules default to a payment of 50 percent of charges.,3839.35,,,,,,,Case Rate,"100% Medicare OPPS FS. ",4492.16,,,,,,,Case rate,124 Percent of Medicaid APG. Covered services not payable under Medicaid Fee Schedules default to a payment of 50 percent of charges.,,78,,,,,0,percent of total billed charges,78% of Billed Charges. Lesser of 100% of billed charges applies.; No services were performed during the 15 month look back period.,10024,,,,,,,Case Rate,". Primary procedure pays at 100%, secondary at 50%, all subsequent at 25%.  Lesser of applies when negotiated rates exceed charges less addons.",3839.35,,,,,,,Case Rate,"100%Medicare OPPS FS. ",8427,,,,,,,Case Rate,". Primary procedure pays at 100%, all subsequent at 50%.",3839.35,,,,,,,Case Rate,"100%Medicare OPPS FS. ",3839.35,,,,,,,Case Rate,"100%Medicare OPPS FS. ",,78,,,,,0,percent of total billed charges,78% of Billed Charges. Lesser of 100% of billed charges applies.; No services were performed during the 15 month look back period.,1431.23,,,,,,,Case Rate,100% of PAS. Lesser of 100% of billed charges applies.,1431.23,,,,,,,Case Rate,100% of PAS. Lesser of 100% of billed charges applies.,4492.16,,,,,,,Case rate,"100 Percent of Medicaid APG. ",4492.16,,,,,,,Case rate,"100 Percent of Medicaid APG. ",8427,,,,,,,Case Rate,". Primary procedure pays at 100%, all subsequent at 50%.",8427,,,,,,,Case Rate,". Primary procedure pays at 100%, all subsequent at 50%.",4492.16,,,,,,,Case Rate,"100 Percent of Medicaid APG. Not APG payable, or payable under another fee schedule like ASP/AWP pays at 30% of charges",8427,,,,,,,Case Rate,". Primary procedure pays at 100%, all subsequent at 50%.",4492.16,,,,,,,Case Rate,"100 Percent of Medicaid APG. Not APG payable, or payable under another fee schedule like ASP/AWP pays at 30% of charges",3839.35,,,,,,,Case Rate,"100%Medicare OPPS FS. ",8427,,,,,,,Case Rate,". Primary procedure pays at 100%, all subsequent at 50%.",,78,,,,,0,percent of total billed charges,78% of Billed Charges. Lesser of 100% of billed charges applies.; No services were performed during the 15 month look back period.,4492.16,,,,,,,Case Rate,"100 Percent of Medicaid APG. ",4492.16,,,,,,,Case Rate,"100 Percent of Medicaid APG. ",,78,,,,,0,percent of total billed charges,78% of Billed Charges. Lesser of 100% of billed charges applies.; No services were performed during the 15 month look back period.,6487,,,,,,,Case Rate,". MPL 100/50/25% maxmium of 3 procedures. All add ons apply, and lesser of 100% of billed charges",16147,,,,,,,Case Rate,". MPL 100/50/25% all add ons apply, and lesser of 100% of billed charges",16147,,,,,,,Case Rate,". MPL 100/50/25% all add ons apply, and lesser of 100% of billed charges",,78,,,,,0,percent of total billed charges,78% of Billed Charges. Lesser of 100% of billed charges applies.; No services were performed during the 15 month look back period.,3839.35,,,,,,,Case Rate,"100% Medicare OPPS FS. ",21221.02,,,,,,,Case Rate,". MPL 100/50/25% all add ons apply, and lesser of 100% of billed charges",21221.02,,,,,,,Case Rate,". MPL 100/50/25% all add ons apply, and lesser of 100% of billed charges",21221.02,,,,,,,Case Rate,". MPL 100/50/25% all add ons apply, and lesser of 100% of billed charges",3839.35,,,,,,,Case Rate,"100% Medicare OPPS FS. ",21221.02,,,,,,,Case Rate,". MPL 100/50/25% all add ons apply, and lesser of 100% of billed charges",21221.02,,,,,,,Case Rate,". MPL 100/50/25% all add ons apply, and lesser of 100% of billed charges",3839.35,,,,,,,Case Rate,"100% of Medicare OPPS. ",25798,,,,,,,Case Rate,". MPL 100/75/50% all add ons apply, and lesser of 100% of billed charges",13586,,,,,,,Case Rate,". MPL 100/50/25% all add ons apply, and lesser of 100% of billed charges",13586,,,,,,,Case Rate,". MPL 100/50/25% all add ons apply, and lesser of 100% of billed charges",13586,,,,,,,Case Rate,". MPL 100/50/25% all add ons apply, and lesser of 100% of billed charges",13586,,,,,,,Case Rate,". MPL 100/50/25% all add ons apply, and lesser of 100% of billed charges",13586,,,,,,,Case Rate,". MPL 100/50/25% all add ons apply, and lesser of 100% of billed charges",13586,,,,,,,Case Rate,". MPL 100/50/25% all add ons apply, and lesser of 100% of billed charges",3839.35,,,,,,,Case Rate,"100% Medicare OPPS FS. ",3839.35,,,,,,,Case Rate,"100% Medicare OPPS FS. ",13586,,,,,,,Case Rate,". MPL 100/50/25% all add ons apply, and lesser of 100% of billed charges",,78,,,,,0,percent of total billed charges,78% of Billed Charges. Lesser of 100% of billed charges applies.; No services were performed during the 15 month look back period.,,78,,,,,0,percent of total billed charges,78% of Billed Charges. Lesser of 100% of billed charges applies.; No services were performed during the 15 month look back period.,,78,,,,,0,percent of total billed charges,78% of Billed Charges. Lesser of 100% of billed charges applies.; No services were performed during the 15 month look back period.,,78,,,,,0,percent of total billed charges,78% of Billed Charges. Lesser of 100% of billed charges applies.; No services were performed during the 15 month look back period.,,78,,,,,0,percent of total billed charges,78% of Billed Charges. Lesser of 100% of billed charges applies.; No services were performed during the 15 month look back period.,,78,,,,,0,percent of total billed charges,78% of Billed Charges. Lesser of 100% of billed charges applies.; No services were performed during the 15 month look back period.,,78,,,,,0,percent of total billed charges,78% of Billed Charges. Lesser of 100% of billed charges applies.; No services were performed during the 15 month look back period.,,78,,,,,0,percent of total billed charges,78% of Billed Charges. Lesser of 100% of billed charges applies.; No services were performed during the 15 month look back period.,,78,,,,,0,percent of total billed charges,78% of Billed Charges. Lesser of 100% of billed charges applies.; No services were performed during the 15 month look back period.,,78,,,,,0,percent of total billed charges,78% of Billed Charges. Lesser of 100% of billed charges applies.; No services were performed during the 15 month look back period.,,78,,,,,0,percent of total billed charges,78% of Billed Charges. Lesser of 100% of billed charges applies.; No services were performed during the 15 month look back period.,,78,,,,,0,percent of total billed charges,78% of Billed Charges. Lesser of 100% of billed charges applies.; No services were performed during the 15 month look back period.,,78,,,,,0,percent of total billed charges,78% of Billed Charges. Lesser of 100% of billed charges applies.; No services were performed during the 15 month look back period.,,78,,,,,0,percent of total billed charges,78% of Billed Charges. Lesser of 100% of billed charges applies.; No services were performed during the 15 month look back period.,,78,,,,,0,percent of total billed charges,78% of Billed Charges. Lesser of 100% of billed charges applies.; No services were performed during the 15 month look back period.,,78,,,,,0,percent of total billed charges,78% of Billed Charges. Lesser of 100% of billed charges applies.; No services were performed during the 15 month look back period.,,78,,,,,0,percent of total billed charges,78% of Billed Charges. Lesser of 100% of billed charges applies.; No services were performed during the 15 month look back period.,,78,,,,,0,percent of total billed charges,78% of Billed Charges. Lesser of 100% of billed charges applies.; No services were performed during the 15 month look back period.,,78,,,,,0,percent of total billed charges,78% of Billed Charges. Lesser of 100% of billed charges applies.; No services were performed during the 15 month look back period.,,78,,,,,0,percent of total billed charges,78% of Billed Charges. Lesser of 100% of billed charges applies.; No services were performed during the 15 month look back period.,,78,,,,,0,percent of total billed charges,78% of Billed Charges. Lesser of 100% of billed charges applies.; No services were performed during the 15 month look back period.,,78,,,,,0,percent of total billed charges,78% of Billed Charges. Lesser of 100% of billed charges applies.; No services were performed during the 15 month look back period.,,78,,,,,0,percent of total billed charges,78% of Billed Charges. Lesser of 100% of billed charges applies.; No services were performed during the 15 month look back period.,,78,,,,,0,percent of total billed charges,78% of Billed Charges. Lesser of 100% of billed charges applies.; No services were performed during the 15 month look back period.,,78,,,,,0,percent of total billed charges,78% of Billed Charges. Lesser of 100% of billed charges applies.; No services were performed during the 15 month look back period.,,78,,,,,0,percent of total billed charges,78% of Billed Charges. Lesser of 100% of billed charges applies.; No services were performed during the 15 month look back period.,8427,,,,,,,Case Rate,". Primary procedure pays at 100%, all subsequent at 50%.",8427,,,,,,,Case Rate,". Primary procedure pays at 100%, all subsequent at 50%.",8427,,,,,,,Case Rate,". Primary procedure pays at 100%, all subsequent at 50%.",8427,,,,,,,Case Rate,". Primary procedure pays at 100%, all subsequent at 50%.",12574,,,,,,,Case Rate,". Primary procedure pays at 100%, all subsequent at 50%.",12574,,,,,,,Case Rate,". Primary procedure pays at 100%, all subsequent at 50%.",6487,,,,,,,Case Rate,". MPL 100/50/25% maxmium of 3 procedures. All add ons apply, and lesser of 100% of billed charges",13586,,,,,,,Case Rate,". MPL 100/50/25% all add ons apply, and lesser of 100% of billed charges",21221.02,,,,,,,Case Rate,". MPL 100/50/25% all add ons apply, and lesser of 100% of billed charges",13586,,,,,,,Case Rate,". MPL 100/50/25% all add ons apply, and lesser of 100% of billed charges",,78,,,,,0,percent of total billed charges,78% of Billed Charges. Lesser of 100% of billed charges applies.; No services were performed during the 15 month look back period.,12574,,,,,,,Case Rate,". Primary procedure pays at 100%, all subsequent at 50%.",13586,,,,,,,Case Rate,". MPL 100/50/25% all add ons apply, and lesser of 100% of billed charges",21221.02,,,,,,,Case Rate,". MPL 100/50/25% all add ons apply, and lesser of 100% of billed charges",6487,,,,,,,Case Rate,". MPL 100/50/25% maxmium of 3 procedures. All add ons apply, and lesser of 100% of billed charges",,,,,,,,,"NA. ",,78,,,,,0,percent of total billed charges,78% of Billed Charges. Lesser of 100% of billed charges applies.; No services were performed during the 15 month look back period.,4492.16,,,,,,,Case Rate,"100 Percent of Medicaid APG. ",8427,,,,,,,Case Rate,". Primary procedure pays at 100%, all subsequent at 50%.",4492.16,,,,,,,Case Rate,"100 Percent of Medicaid APG. Not APG payable, or payable under another fee schedule like ASP/AWP pays at 30% of charges",3839.35,,,,,,,Case Rate,"100%Medicare OPPS FS. ",3839.35,,,,,,,Case Rate,"100% Medicare OPPS FS. ",25798,,,,,,,Case Rate,". MPL 100/75/50% all add ons apply, and lesser of 100% of billed charges",3839.35,,,,,,,Case Rate,"100% Medicare OPPS FS. ",3839.35,,,,,,,Case Rate,"100% Medicare OPPS FS. ",4492.16,,,,,,,Case Rate,"100 Percent of Medicaid APG. ",3839.35,,,,,,,Case Rate,"100% Medicare OPPS FS. ",3839.35,,,,,,,Case Rate,"100% Medicare OPPS FS. ",10024,,,,,,,Case Rate,". Primary procedure pays at 100%, secondary at 50%, all subsequent at 25%.  Lesser of applies when negotiated rates exceed charges less addons.",10024,,,,,,,Case Rate,". Primary procedure pays at 100%, secondary at 50%, all subsequent at 25%.  Lesser of applies when negotiated rates exceed charges less addons.",3839.35,,,,,,,Case Rate,"100% Medicare OPPS FS. ",6487,,,,,,,Case Rate,". MPL 100/50/25% maxmium of 3 procedures. All add ons apply, and lesser of 100% of billed charges",21221.02,,,,,,,Case Rate,". MPL 100/50/25% all add ons apply, and lesser of 100% of billed charges",21221.02,,,,,,,Case Rate,". MPL 100/50/25% all add ons apply, and lesser of 100% of billed charges",3839.35,,,,,,,Case Rate,"100% Medicare OPPS FS. ",6487,,,,,,,Case Rate,". MPL 100/50/25% maxmium of 3 procedures. All add ons apply, and lesser of 100% of billed charges",10024,,,,,,,Case Rate,". Primary procedure pays at 100%, secondary at 50%, all subsequent at 25%.  Lesser of applies when negotiated rates exceed charges less addons.",10024,,,,,,,Case Rate,". Primary procedure pays at 100%, secondary at 50%, all subsequent at 25%.  Lesser of applies when negotiated rates exceed charges less addons.",10024,,,,,,,Case Rate,". Primary procedure pays at 100%, secondary at 50%, all subsequent at 25%.  Lesser of applies when negotiated rates exceed charges less addons.",,78,,,,,0,percent of total billed charges,78% of Billed Charges. Lesser of 100% of billed charges applies.; No services were performed during the 15 month look back period.,,78,,,,,0,percent of total billed charges,78% of Billed Charges. Lesser of 100% of billed charges applies.; No services were performed during the 15 month look back period.,,78,,,,,0,percent of total billed charges,78% of Billed Charges. Lesser of 100% of billed charges applies.; No services were performed during the 15 month look back period.,,78,,,,,0,percent of total billed charges,78% of Billed Charges. Lesser of 100% of billed charges applies.; No services were performed during the 15 month look back period.,,78,,,,,0,percent of total billed charges,78% of Billed Charges. Lesser of 100% of billed charges applies.; No services were performed during the 15 month look back period.,,78,,,,,0,percent of total billed charges,78% of Billed Charges. Lesser of 100% of billed charges applies.; No services were performed during the 15 month look back period.,,78,,,,,0,percent of total billed charges,78% of Billed Charges. Lesser of 100% of billed charges applies.; No services were performed during the 15 month look back period.,,78,,,,,0,percent of total billed charges,78% of Billed Charges. Lesser of 100% of billed charges applies.; No services were performed during the 15 month look back period.,,78,,,,,0,percent of total billed charges,78% of Billed Charges. Lesser of 100% of billed charges applies.; No services were performed during the 15 month look back period.,,78,,,,,0,percent of total billed charges,78% of Billed Charges. Lesser of 100% of billed charges applies.; No services were performed during the 15 month look back period.,,78,,,,,0,percent of total billed charges,78% of Billed Charges. Lesser of 100% of billed charges applies.; No services were performed during the 15 month look back period.,12574,,,,,,,Case Rate,". Primary procedure pays at 100%, all subsequent at 50%.",13586,,,,,,,Case Rate,". MPL 100/50/25% all add ons apply, and lesser of 100% of billed charges",6487,,,,,,,Case Rate,". MPL 100/50/25% maxmium of 3 procedures. All add ons apply, and lesser of 100% of billed charges",3839.35,,,,,,,Case Rate,"100% Medicare OPPS FS. ",10024,,,,,,,Case Rate,". Primary procedure pays at 100%, secondary at 50%, all subsequent at 25%.  Lesser of applies when negotiated rates exceed charges less addons.",6487,,,,,,,Case Rate,". MPL 100/50/25% maxmium of 3 procedures. All add ons apply, and lesser of 100% of billed charges",6487,,,,,,,Case Rate,". MPL 100/50/25% maxmium of 3 procedures. All add ons apply, and lesser of 100% of billed charges",,78,,,,,0,percent of total billed charges,78% of Billed Charges. Lesser of 100% of billed charges applies.; No services were performed during the 15 month look back period.,9613.23,,,,,,,Case Rate,"214 Percent of Medicaid APG. Drugs not priced under APG, billed with revenue code 636 and not priced by Medicare ASP FeeSched will be reimbursed at 20% of charges.",6487,,,,,,,Case Rate,". MPL 100/50/25% maxmium of 3 procedures. All add ons apply, and lesser of 100% of billed charges",4492.16,,,,,,,Case Rate,"100 Percent of Medicaid APG. ",3839.35,,,,,,,Case Rate,"100% Medicare OPPS FS. ",3839.35,,,,,,,Case Rate,"100% Medicare OPPS FS. ",3839.35,,,,,,,Case Rate,"100% Medicare OPPS FS. ",3839.35,,,,,,,Case Rate,"100% Medicare OPPS FS. ",3839.35,,,,,,,Case Rate,"100% Medicare OPPS FS. ",3839.35,,,,,,,Case Rate,"100% Medicare OPPS FS. ",6487,,,,,,,Case Rate,". MPL 100/50/25% maxmium of 3 procedures. All add ons apply, and lesser of 100% of billed charges",25798,,,,,,,Case Rate,". MPL 100/75/50% all add ons apply, and lesser of 100% of billed charges",8085.89,,,,,,,Fee Schedule,"180 Percent of Medicaid APG. ",8085.89,,,,,,,Fee Schedule,"180 Percent of Medicaid APG. ",8085.89,,,,,,,Fee Schedule,"180 Percent of Medicaid APG. ",8085.89,,,,,,,Fee Schedule,"180 Percent of Medicaid APG. ",8085.89,,,,,,,Fee Schedule,"180 Percent of Medicaid APG. ",,,,,,,,,"NA. ",25798,,,,,,,Case Rate,". MPL 100/75/50% all add ons apply, and lesser of 100% of billed charges",7601.91,,,,,,,Case Rate,198 Percent of Medicare OPPS. Metroplus will reimburse unlisted codes and described codes with no Medicare rate at 50 percent of charges.,7601.91,,,,,,,Case Rate,198 Percent of Medicare OPPS. Metroplus will reimburse unlisted codes and described codes with no Medicare rate at 50 percent of charges.,7601.91,,,,,,,Case Rate,198 Percent of Medicare OPPS. Metroplus will reimburse unlisted codes and described codes with no Medicare rate at 50 percent of charges.,7601.91,,,,,,,Case Rate,198 Percent of Medicare OPPS. Metroplus will reimburse unlisted codes and described codes with no Medicare rate at 50 percent of charges.,7601.91,,,,,,,Case Rate,198 Percent of Medicare OPPS. Metroplus will reimburse unlisted codes and described codes with no Medicare rate at 50 percent of charges.,3839.35,,,,,,,Case Rate,"100% Medicare OPPS FS. ",12574,,,,,,,Case Rate,". Primary procedure pays at 100%, all subsequent at 50%.",12574,,,,,,,Case Rate,". Primary procedure pays at 100%, all subsequent at 50%.",12574,,,,,,,Case Rate,". Primary procedure pays at 100%, all subsequent at 50%.",12574,,,,,,,Case Rate,". Primary procedure pays at 100%, all subsequent at 50%.",10024,,,,,,,Case Rate,". Primary procedure pays at 100%, secondary at 50%, all subsequent at 25%.  Lesser of applies when negotiated rates exceed charges less addons.",10024,,,,,,,Case Rate,". Primary procedure pays at 100%, secondary at 50%, all subsequent at 25%.  Lesser of applies when negotiated rates exceed charges less addons.",10024,,,,,,,Case Rate,". Primary procedure pays at 100%, secondary at 50%, all subsequent at 25%.  Lesser of applies when negotiated rates exceed charges less addons.",10024,,,,,,,Case Rate,". Primary procedure pays at 100%, secondary at 50%, all subsequent at 25%.  Lesser of applies when negotiated rates exceed charges less addons.",25798,,,,,,,Case Rate,". MPL 100/75/50% all add ons apply, and lesser of 100% of billed charges",25798,,,,,,,Case Rate,". MPL 100/75/50% all add ons apply, and lesser of 100% of billed charges",3839.35,,,,,,,Case Rate,"100% Medicare OPPS FS. ",3839.35,,,,,,,Case Rate,"100% Medicare OPPS FS. ",3839.35,,,,,,,Case Rate,"100% Medicare OPPS FS. ",13586,,,,,,,Case Rate,". MPL 100/50/25% all add ons apply, and lesser of 100% of billed charges",13586,,,,,,,Case Rate,". MPL 100/50/25% all add ons apply, and lesser of 100% of billed charges",13586,,,,,,,Case Rate,". MPL 100/50/25% all add ons apply, and lesser of 100% of billed charges",25798,,,,,,,Case Rate,". MPL 100/75/50% all add ons apply, and lesser of 100% of billed charges",10024,,,,,,,Case Rate,". Primary procedure pays at 100%, secondary at 50%, all subsequent at 25%.  Lesser of applies when negotiated rates exceed charges less addons.",3839.35,,,,,,,Case Rate,"100% Medicare OPPS FS. ",13586,,,,,,,Case Rate,". MPL 100/50/25% all add ons apply, and lesser of 100% of billed charges",4492.16,,,,,,,Case Rate,"100 Percent of Medicaid APG. ",3916.13,,,,,,,Case Rate,"102% of Medicare OPPS. ",3916.13,,,,,,,Case Rate,"102% of Medicare OPPS. ",3916.13,,,,,,,Case Rate,"102% of Medicare OPPS. ",4492.16,,,,,,,Case rate,"100 Percent of Medicaid APG. ",10107.37,,,,,,,Case Rate,225% of NYS APG. Lesser of 100% of billed charges applies.,10107.37,,,,,,,Case Rate,225% of NYS APG. Lesser of 100% of billed charges applies.,10107.37,,,,,,,Case Rate,225% of NYS APG. Lesser of 100% of billed charges applies.,10107.37,,,,,,,Case Rate,225% of NYS APG. Lesser of 100% of billed charges applies.,10107.37,,,,,,,Case Rate,225% of NYS APG. Lesser of 100% of billed charges applies.,3916.13,,,,,,,Case Rate,"102% of Medicare OPPS. ",4492.16,,,,,,,Case Rate,"100 Percent of Medicaid APG. ",1431.23,,,,,,,Case Rate,100% of PAS. Lesser of 100% of billed charges applies.,10107.37,,,,,,,Case Rate,225% of NYS APG. Lesser of 100% of billed charges applies.,10107.37,,,,,,,Case Rate,225% of NYS APG. Lesser of 100% of billed charges applies.,1431.23,,,,,,,Case Rate,100% of PAS. Lesser of 100% of billed charges applies.,1431.23,,,,,,,Case Rate,100% of PAS. Lesser of 100% of billed charges applies.,8085.89,,,,,,,Fee Schedule,"180 Percent of Medicaid APG. ",3839.35,,,,,,,Case Rate,"100% Medicare OPPS FS. ",3839.35,,,,,,,Case Rate,"100% Medicare OPPS FS. ",10024,,,,,,,Case Rate,". Primary procedure pays at 100%, secondary at 50%, all subsequent at 25%.  Lesser of applies when negotiated rates exceed charges less addons.",3839.35,,,,,,,Case Rate,"100% Medicare OPPS FS. ",10107.37,,,,,,,Case Rate,"225 Percent of Medicaid APG. ",10107.37,,,,,,,Case Rate,"225 Percent of Medicaid APG. ",4492.16,,,,,,,Case rate,"100 Percent of Medicaid APG. ",4492.16,,,,,,,Case rate,"100 Percent of Medicaid APG. ",10107.37,,,,,,,Case Rate,225 Percent of Medicaid APG. Covered services not payable under Medicaid Fee Schedules default to a payment of 87.5 percent of charges.,4492.16,,,,,,,Case rate,124 Percent of Medicaid APG. Covered services not payable under Medicaid Fee Schedules default to a payment of 50 percent of charges.,10107.37,,,,,,,Case Rate,"100 Percent of Medicaid APG. ",10107.37,,,,,,,Case Rate,"100 Percent of Medicaid APG. ",10107.37,,,,,,,Case Rate,"100 Percent of Medicaid APG. ",10107.37,,,,,,,Case Rate,"100 Percent of Medicaid APG. ",13453,,,,,,,Case Rate,". MPL 100/75/50% all add ons apply, and lesser of 100% of billed charges",25798,,,,,,,Case Rate,". MPL 100/75/50% all add ons apply, and lesser of 100% of billed charges",5390.6,,,,,,,Case Rate,"120 Percent of Medicaid APG. Not APG payable, or payable under another fee schedule like ASP/AWP pays at 30% of charges",5390.6,,,,,,,Case Rate,"120 Percent of Medicaid APG. Not APG payable, or payable under another fee schedule like ASP/AWP pays at 30% of charges",4492.16,,,,,,,Case Rate,"100 Percent of Medicaid APG. Not APG payable, or payable under another fee schedule like ASP/AWP pays at 30% of charges",4492.16,,,,,,,Case Rate,"100 Percent of Medicaid APG. Not APG payable, or payable under another fee schedule like ASP/AWP pays at 30% of charges",13586,,,,,,,Case Rate,". MPL 100/50/25% all add ons apply, and lesser of 100% of billed charges",13586,,,,,,,Case Rate,". MPL 100/50/25% all add ons apply, and lesser of 100% of billed charges",3839.35,,,,,,,Case Rate,"100% Medicare OPPS FS. ",13586,,,,,,,Case Rate,". MPL 100/50/25% all add ons apply, and lesser of 100% of billed charges",13586,,,,,,,Case Rate,". MPL 100/50/25% all add ons apply, and lesser of 100% of billed charges",13586,,,,,,,Case Rate,". MPL 100/50/25% all add ons apply, and lesser of 100% of billed charges",13586,,,,,,,Case Rate,". MPL 100/50/25% all add ons apply, and lesser of 100% of billed charges",3839.35,,,,,,,Case Rate,"100% Medicare OPPS FS. ",13586,,,,,,,Case Rate,". MPL 100/50/25% all add ons apply, and lesser of 100% of billed charges",13586,,,,,,,Case Rate,". MPL 100/50/25% all add ons apply, and lesser of 100% of billed charges",10024,,,,,,,Case Rate,". Primary procedure pays at 100%, secondary at 50%, all subsequent at 25%.  Lesser of applies when negotiated rates exceed charges less addons.",4492.16,,,,,,,Fee Schedule,100% APG. Lesser of 100% of billed charges applies.,4492.16,,,,,,,Case rate,124 Percent of Medicaid APG. Covered services not payable under Medicaid Fee Schedules default to a payment of 50 percent of charges.,10107.37,,,,,,,Case Rate,225% of NYS APG. Lesser of 100% of billed charges applies.,10107.37,,,,,,,Case Rate,225 Percent of Medicaid APG. Covered services not payable under Medicaid Fee Schedules default to a payment of 87.5 percent of charges.,4492.16,,,,,,,Case rate,124 Percent of Medicaid APG. Covered services not payable under Medicaid Fee Schedules default to a payment of 50 percent of charges.,10107.37,,,,,,,Case Rate,225% of NYS APG. Lesser of 100% of billed charges applies.,10107.37,,,,,,,Case Rate,225% of NYS APG. Lesser of 100% of billed charges applies.,10107.37,,,,,,,Case Rate,225% of NYS APG. Lesser of 100% of billed charges applies.,10107.37,,,,,,,Case Rate,225% of NYS APG. Lesser of 100% of billed charges applies.,10107.37,,,,,,,Case Rate,225% of NYS APG. Lesser of 100% of billed charges applies.,10107.37,,,,,,,Case Rate,225% of NYS APG. Lesser of 100% of billed charges applies.,,,,,,,,,"NA. ",,,,,,,,,"NA. ",,,,,,,,,"NA. ",6487,,,,,,,Case Rate,". MPL 100/50/25% maxmium of 3 procedures. All add ons apply, and lesser of 100% of billed charges",,,,,,,,,"NA. ",3839.35,,,,,,,Case Rate,"100% Medicare OPPS FS. ",7084,,,,,,,Case Rate,". MPL 1st 100% of Payment Rate 50% of all others, all add ons apply, and lesser of 100% of billed charges.",3839.35,,,,,,,Case Rate,"100% Medicare OPPS FS. ",3839.35,,,,,,,Case Rate,"100% Medicare OPPS FS. ",5390.6,,,,,,,Case Rate,"120 Percent of Medicaid APG. Not APG payable, or payable under another fee schedule like ASP/AWP pays at 30% of charges",5390.6,,,,,,,Case Rate,"120 Percent of Medicaid APG. Not APG payable, or payable under another fee schedule like ASP/AWP pays at 30% of charges",4492.16,,,,,,,Case Rate,"100 Percent of Medicaid APG. Not APG payable, or payable under another fee schedule like ASP/AWP pays at 30% of charges",4492.16,,,,,,,Case Rate,"100 Percent of Medicaid APG. Not APG payable, or payable under another fee schedule like ASP/AWP pays at 30% of charges",4492.16,,,,,,,Case Rate,"100 Percent of Medicaid APG. ",7163,,,,,,,Case Rate,". ",10024,,,,,,,Case Rate,". Primary procedure pays at 100%, secondary at 50%, all subsequent at 25%.  Lesser of applies when negotiated rates exceed charges less addons.",8427,,,,,,,Case Rate,". Primary procedure pays at 100%, all subsequent at 50%.",6487,,,,,,,Case Rate,". MPL 100/50/25% maxmium of 3 procedures. All add ons apply, and lesser of 100% of billed charges",3839.35,,,,,,,Case Rate,"100%Medicare OPPS FS. ",3839.35,,,,,,,Case Rate,"100% Medicare OPPS FS. ",3839.35,,,,,,,Case Rate,"100% Medicare OPPS FS. ",3839.35,,,,,,,Case Rate,"100% Medicare OPPS FS. ",3839.35,,,,,,,Case Rate,"100%Medicare OPPS FS. ",3839.35,,,,,,,Case Rate,"100% Medicare OPPS FS. ",,,,,,,,,"NA. ",10107.37,,,,,,,Case Rate,225% of NYS APG. Lesser of 100% of billed charges applies.,1431.23,,,,,,,Case Rate,100% of PAS. Lesser of 100% of billed charges applies.,13586,,,,,,,Case Rate,". MPL 100/50/25% all add ons apply, and lesser of 100% of billed charges",7163,,,,,,,Case Rate,". ",7163,,,,,,,Case Rate,". ",7163,,,,,,,Case Rate,". ",7163,,,,,,,Case Rate,". ",3839.35,,,,,,,Case Rate,"100% Medicare OPPS FS. ",4492.16,,,,,,,Case Rate,"100 Percent of Medicaid APG. ",13586,,,,,,,Case Rate,". MPL 100/50/25% all add ons apply, and lesser of 100% of billed charges",4492.16,,,,,,,Case Rate,"100 Percent of Medicaid APG. ",3839.35,,,,,,,Case Rate,"100% Medicare OPPS FS. ",4492.16,,,,,,,Case Rate,"100 Percent of Medicaid APG. ",3839.35,,,,,,,Case Rate,"100% Medicare OPPS FS. ",3839.35,,,,,,,Case Rate,"100% Medicare OPPS FS. ",4492.16,,,,,,,Case Rate,"100 Percent of Medicaid APG. ",4492.16,,,,,,,Case Rate,"100 Percent of Medicaid APG. ",7163,,,,,,,Case Rate,". ",6487,,,,,,,Case Rate,". MPL 100/50/25% maxmium of 3 procedures. All add ons apply, and lesser of 100% of billed charges",,78,,,,,0,percent of total billed charges,78% of Billed Charges. Lesser of 100% of billed charges applies.; No services were performed during the 15 month look back period.,21221.02,,,,,,,Case Rate,". MPL 100/50/25% all add ons apply, and lesser of 100% of billed charges",21221.02,,,,,,,Case Rate,". MPL 100/50/25% all add ons apply, and lesser of 100% of billed charges",10024,,,,,,,Case Rate,". Primary procedure pays at 100%, secondary at 50%, all subsequent at 25%.  Lesser of applies when negotiated rates exceed charges less addons.",1516.35,,,,,,,Case Rate,"83% HF Fee schedule. ",12574,,,,,,,Case Rate,". Primary procedure pays at 100%, all subsequent at 50%.",12574,,,,,,,Case Rate,". Primary procedure pays at 100%, all subsequent at 50%.",10869,,,,,,,Case Rate,". MPL 100/50/25% all add ons apply, and lesser of 100% of billed charges",10869,,,,,,,Case Rate,". MPL 100/50/25% all add ons apply, and lesser of 100% of billed charges",3839.35,,,,,,,Case Rate,"100% Medicare OPPS FS. ",3839.35,,,,,,,Case Rate,"100% Medicare OPPS FS. ",3839.35,,,,,,,Case Rate,"100% Medicare OPPS FS. ",3839.35,,,,,,,Case Rate,"100% Medicare OPPS FS. ",21221.02,,,,,,,Case Rate,". MPL 100/50/25% all add ons apply, and lesser of 100% of billed charges",13586,,,,,,,Case Rate,". MPL 100/50/25% all add ons apply, and lesser of 100% of billed charges",13586,,,,,,,Case Rate,". MPL 100/50/25% all add ons apply, and lesser of 100% of billed charges",3839.35,,,,,,,Case Rate,"100% Medicare OPPS FS. ",10869,,,,,,,Case Rate,". MPL 100/50/25% all add ons apply, and lesser of 100% of billed charges",8427,,,,,,,Case Rate,". Primary procedure pays at 100%, all subsequent at 50%.",5390.6,,,,,,,Fee Schedule,"120 Percent of Medicaid APG. ",4492.16,,,,,,,Case Rate,"100 Percent of Medicaid APG. ",7163,,,,,,,Case Rate,". ",12227,,,,,,,Case Rate,". MPL 100/50/25% all add ons apply, and lesser of 100% of billed charges",12227,,,,,,,Case Rate,". MPL 100/50/25% all add ons apply, and lesser of 100% of billed charges",13586,,,,,,,Case Rate,". MPL 100/50/25% all add ons apply, and lesser of 100% of billed charges",14948,,,,,,,Case Rate,". MPL 100/75/50% all add ons apply, and lesser of 100% of billed charges",3839.35,,,,,,,Case Rate,"100%Medicare OPPS FS. ",4716.77,,,,,,,Fee Schedule,105 percent of Medicaid APG. otherwise 105% of Ordered NYS MCD FS or 105% of ASP+6%,4716.77,,,,,,,Fee Schedule,105 percent of Medicaid APG. otherwise 105% of Ordered NYS MCD FS or 105% of ASP+6%,4716.77,,,,,,,Fee Schedule,105 percent of Medicaid APG. otherwise 105% of Ordered NYS MCD FS or 105% of ASP+6%,6064.42,,,,,,,Fee Schedule,135 percent of Medicaid APG. otherwise 135% of Ordered NYS MCD FS or 135% of ASP+6%,21221.02,,,,,,,Case Rate,". MPL 100/50/25% all add ons apply, and lesser of 100% of billed charges",4716.77,,,,,,,Fee Schedule,105 percent of Medicaid APG. otherwise 105% of Ordered NYS MCD FS or 105% of ASP+6%,4716.77,,,,,,,Fee Schedule,105 percent of Medicaid APG. otherwise 105% of Ordered NYS MCD FS or 105% of ASP+6%,4716.77,,,,,,,Fee Schedule,105 percent of Medicaid APG. otherwise 105% of Ordered NYS MCD FS or 105% of ASP+6%,4716.77,,,,,,,Fee Schedule,105 percent of Medicaid APG. otherwise 105% of Ordered NYS MCD FS or 105% of ASP+6%,4716.77,,,,,,,Fee Schedule,105 percent of Medicaid APG. otherwise 105% of Ordered NYS MCD FS or 105% of ASP+6%,6064.42,,,,,,,Fee Schedule,135 percent of Medicaid APG. otherwise 135% of Ordered NYS MCD FS or 135% of ASP+6%,6064.42,,,,,,,Fee Schedule,135 percent of Medicaid APG. otherwise 135% of Ordered NYS MCD FS or 135% of ASP+6%,3839.35,,,,,,,Case Rate,"100% Medicare OPPS FS. ",21221.02,,,,,,,Case Rate,". MPL 100/50/25% all add ons apply, and lesser of 100% of billed charges",3839.35,,,,,,,Case Rate,"100% Medicare OPPS FS. ",4716.77,,,,,,,Fee Schedule,105 percent of Medicaid APG. otherwise 105% of Ordered NYS MCD FS or 105% of ASP+6%,13586,,,,,,,Case Rate,". MPL 100/50/25% all add ons apply, and lesser of 100% of billed charges",3839.35,,,,,,,Case Rate,"100% Medicare OPPS FS. ",13586,,,,,,,Case Rate,". MPL 100/50/25% all add ons apply, and lesser of 100% of billed charges",13586,,,,,,,Case Rate,". MPL 100/50/25% all add ons apply, and lesser of 100% of billed charges",13586,,,,,,,Case Rate,". MPL 100/50/25% all add ons apply, and lesser of 100% of billed charges",4716.77,,,,,,,Fee Schedule,105 percent of Medicaid APG. otherwise 105% of Ordered NYS MCD FS or 105% of ASP+6%,3839.35,,,,,,,Case Rate,"100% Medicare OPPS FS. ",13586,,,,,,,Case Rate,". MPL 100/50/25% all add ons apply, and lesser of 100% of billed charges",6064.42,,,,,,,Fee Schedule,135 percent of Medicaid APG. otherwise 135% of Ordered NYS MCD FS or 135% of ASP+6%,13586,,,,,,,Case Rate,". MPL 100/50/25% all add ons apply, and lesser of 100% of billed charges",,200,,,,,0,Case Rate,200% of Medicare OPPS. ; No services were performed during the 15 month look back period.,3839.35,,,,,,,Case Rate,"100%Medicare OPPS FS. ",7163,,,,,,,Case Rate,". ",7163,,,,,,,Case Rate,". ",7163,,,,,,,Case Rate,". ",7163,,,,,,,Case Rate,". ",7163,,,,,,,Case Rate,". ",8427,,,,,,,Case Rate,". Primary procedure pays at 100%, all subsequent at 50%.",8427,,,,,,,Case Rate,". Primary procedure pays at 100%, all subsequent at 50%.",7163,,,,,,,Case Rate,". ",7163,,,,,,,Case Rate,". ",7163,,,,,,,Case Rate,". ",7163,,,,,,,Case Rate,". ",7163,,,,,,,Case Rate,". ",3839.35,,,,,,,Case Rate,"100% Medicare OPPS FS. ",8427,,,,,,,Case Rate,". Primary procedure pays at 100%, all subsequent at 50%.",3839.35,,,,,,,Case Rate,"100% Medicare OPPS FS. ",10107.37,,,,,,,Case Rate,"225 Percent of Medicaid APG. If not included in Medicaid APG, then 100 Percent of Manhattan Medicare",4492.16,,,,,,,Case Rate,"100 Percent of Medicaid APG. ",21221.02,,,,,,,Case Rate,". MPL 100/50/25% all add ons apply, and lesser of 100% of billed charges",21221.02,,,,,,,Case Rate,". MPL 100/50/25% all add ons apply, and lesser of 100% of billed charges",3839.35,,,,,,,Case Rate,"100% Medicare OPPS FS. ",12574,,,,,,,Case Rate,". Primary procedure pays at 100%, all subsequent at 50%.",3839.35,,,,,,,Case Rate,"100% Medicare OPPS FS. ",3839.35,,,,,,,Case Rate,"100% Medicare OPPS FS. ",10024,,,,,,,Case Rate,". Primary procedure pays at 100%, secondary at 50%, all subsequent at 25%.  Lesser of applies when negotiated rates exceed charges less addons.",3839.35,,,,,,,Case Rate,"100% Medicare OPPS FS. ",6487,,,,,,,Case Rate,". MPL 100/50/25% maxmium of 3 procedures. All add ons apply, and lesser of 100% of billed charges",3839.35,,,,,,,Case Rate,"100% Medicare OPPS FS. ",6487,,,,,,,Case Rate,". MPL 100/50/25% maxmium of 3 procedures. All add ons apply, and lesser of 100% of billed charges",10024,,,,,,,Case Rate,". Primary procedure pays at 100%, secondary at 50%, all subsequent at 25%.  Lesser of applies when negotiated rates exceed charges less addons.",6487,,,,,,,Case Rate,". MPL 100/50/25% maxmium of 3 procedures. All add ons apply, and lesser of 100% of billed charges",3839.35,,,,,,,Case Rate,"100% Medicare OPPS FS. ",4492.16,,,,,,,Case Rate,"100 Percent of Medicaid APG. ",3839.35,,,,,,,Case Rate,"100% Medicare OPPS FS. ",6487,,,,,,,Case Rate,". MPL 100/50/25% maxmium of 3 procedures. All add ons apply, and lesser of 100% of billed charges",21221.02,,,,,,,Case Rate,". MPL 100/50/25% all add ons apply, and lesser of 100% of billed charges",4492.16,,,,,,,Case Rate,"100 Percent of Medicaid APG. ",13586,,,,,,,Case Rate,". MPL 100/50/25% all add ons apply, and lesser of 100% of billed charges",5390.6,,,,,,,Fee Schedule,"120 Percent of Medicaid APG. ",5390.6,,,,,,,Fee Schedule,"120 Percent of Medicaid APG. ",13586,,,,,,,Case Rate,". MPL 100/50/25% all add ons apply, and lesser of 100% of billed charges",13586,,,,,,,Case Rate,". MPL 100/50/25% all add ons apply, and lesser of 100% of billed charges",13586,,,,,,,Case Rate,". MPL 100/50/25% all add ons apply, and lesser of 100% of billed charges",21221.02,,,,,,,Case Rate,". MPL 100/50/25% all add ons apply, and lesser of 100% of billed charges",13586,,,,,,,Case Rate,". MPL 100/50/25% all add ons apply, and lesser of 100% of billed charges",13586,,,,,,,Case Rate,". MPL 100/50/25% all add ons apply, and lesser of 100% of billed charges",13586,,,,,,,Case Rate,". MPL 100/50/25% all add ons apply, and lesser of 100% of billed charges",7163,,,,,,,Case Rate,". ",7163,,,,,,,Case Rate,". ",7601.91,,,,,,,Case Rate,198 Percent of Medicare OPPS. Metroplus will reimburse unlisted codes and described codes with no Medicare rate at 50 percent of charges.,4492.16,,,,,,,Case Rate,"100 Percent of Medicaid APG. ",21221.02,,,,,,,Case Rate,". MPL 100/50/25% all add ons apply, and lesser of 100% of billed charges",6487,,,,,,,Case Rate,". MPL 100/50/25% maxmium of 3 procedures. All add ons apply, and lesser of 100% of billed charges",10024,,,,,,,Case Rate,". Primary procedure pays at 100%, secondary at 50%, all subsequent at 25%.  Lesser of applies when negotiated rates exceed charges less addons.",21221.02,,,,,,,Case Rate,". MPL 100/50/25% all add ons apply, and lesser of 100% of billed charges",10024,,,,,,,Case Rate,". Primary procedure pays at 100%, secondary at 50%, all subsequent at 25%.  Lesser of applies when negotiated rates exceed charges less addons.",21221.02,,,,,,,Case Rate,". MPL 100/50/25% all add ons apply, and lesser of 100% of billed charges",13586,,,,,,,Case Rate,". MPL 100/50/25% all add ons apply, and lesser of 100% of billed charges",13586,,,,,,,Case Rate,". MPL 100/50/25% all add ons apply, and lesser of 100% of billed charges",13586,,,,,,,Case Rate,". MPL 100/50/25% all add ons apply, and lesser of 100% of billed charges",13586,,,,,,,Case Rate,". MPL 100/50/25% all add ons apply, and lesser of 100% of billed charges",3839.35,,,,,,,Case Rate,"100% Medicare OPPS FS. ",1431.23,25798,
29825,CPT,,,490,RC,SHO ARTHRS SRG LSS&RESCJ ADS,,,both,,,,7084,,,,,,,Case Rate,". MPL 1st 100% of Payment Rate 50% of all others, all add ons apply, and lesser of 100% of billed charges.",7084,,,,,,,Case Rate,". MPL 1st 100% of Payment Rate 50% of all others, all add ons apply, and lesser of 100% of billed charges.",10024,,,,,,,Case Rate,". Primary procedure pays at 100%, secondary at 50%, all subsequent at 25%.  Lesser of applies when negotiated rates exceed charges less addons.",,100,,,,,0,percent of total billed charges,100 percent of billed charges. ; No services were performed during the 15 month look back period.,3839.35,,,,,,,Case Rate,"100% Medicare OPPS FS. ",10024,,,,,,,Case Rate,". Primary procedure pays at 100%, secondary at 50%, all subsequent at 25%.  Lesser of applies when negotiated rates exceed charges less addons.",10024,,,,,,,Case Rate,". Primary procedure pays at 100%, secondary at 50%, all subsequent at 25%.  Lesser of applies when negotiated rates exceed charges less addons.",10024,,,,,,,Case Rate,". Primary procedure pays at 100%, secondary at 50%, all subsequent at 25%.  Lesser of applies when negotiated rates exceed charges less addons.",2902.35,,,,,,,Case Rate,"100 Percent of Medicaid APG. ",2418.62,,,,,,,Case Rate,"100 Percent of Medicaid APG. ",,78,,,,,0,percent of total billed charges,78% of Billed Charges. Lesser of 100% of billed charges applies.; No services were performed during the 15 month look back period.,21221.02,,,,,,,Case Rate,". MPL 100/50/25% all add ons apply, and lesser of 100% of billed charges",2418.62,,,,,,,Case Rate,"100 Percent of Medicaid APG. ",3839.35,,,,,,,Case Rate,"100% Medicare OPPS FS. ",6487,,,,,,,Case Rate,". MPL 100/50/25% maxmium of 3 procedures. All add ons apply, and lesser of 100% of billed charges",6487,,,,,,,Case Rate,". MPL 100/50/25% maxmium of 3 procedures. All add ons apply, and lesser of 100% of billed charges",6487,,,,,,,Case Rate,". MPL 100/50/25% maxmium of 3 procedures. All add ons apply, and lesser of 100% of billed charges",6487,,,,,,,Case Rate,". MPL 100/50/25% maxmium of 3 procedures. All add ons apply, and lesser of 100% of billed charges",2418.62,,,,,,,Case rate,124 Percent of Medicaid APG. Covered services not payable under Medicaid Fee Schedules default to a payment of 50 percent of charges.,3839.35,,,,,,,Case Rate,"100% Medicare OPPS FS. ",2418.62,,,,,,,Case rate,124 Percent of Medicaid APG. Covered services not payable under Medicaid Fee Schedules default to a payment of 50 percent of charges.,,78,,,,,0,percent of total billed charges,78% of Billed Charges. Lesser of 100% of billed charges applies.; No services were performed during the 15 month look back period.,10024,,,,,,,Case Rate,". Primary procedure pays at 100%, secondary at 50%, all subsequent at 25%.  Lesser of applies when negotiated rates exceed charges less addons.",3839.35,,,,,,,Case Rate,"100%Medicare OPPS FS. ",8427,,,,,,,Case Rate,". Primary procedure pays at 100%, all subsequent at 50%.",3839.35,,,,,,,Case Rate,"100%Medicare OPPS FS. ",3839.35,,,,,,,Case Rate,"100%Medicare OPPS FS. ",,78,,,,,0,percent of total billed charges,78% of Billed Charges. Lesser of 100% of billed charges applies.; No services were performed during the 15 month look back period.,1431.23,,,,,,,Case Rate,100% of PAS. Lesser of 100% of billed charges applies.,1431.23,,,,,,,Case Rate,100% of PAS. Lesser of 100% of billed charges applies.,2418.62,,,,,,,Case rate,"100 Percent of Medicaid APG. ",2418.62,,,,,,,Case rate,"100 Percent of Medicaid APG. ",8427,,,,,,,Case Rate,". Primary procedure pays at 100%, all subsequent at 50%.",8427,,,,,,,Case Rate,". Primary procedure pays at 100%, all subsequent at 50%.",2418.62,,,,,,,Case Rate,"100 Percent of Medicaid APG. Not APG payable, or payable under another fee schedule like ASP/AWP pays at 30% of charges",8427,,,,,,,Case Rate,". Primary procedure pays at 100%, all subsequent at 50%.",2418.62,,,,,,,Case Rate,"100 Percent of Medicaid APG. Not APG payable, or payable under another fee schedule like ASP/AWP pays at 30% of charges",3839.35,,,,,,,Case Rate,"100%Medicare OPPS FS. ",8427,,,,,,,Case Rate,". Primary procedure pays at 100%, all subsequent at 50%.",,78,,,,,0,percent of total billed charges,78% of Billed Charges. Lesser of 100% of billed charges applies.; No services were performed during the 15 month look back period.,2418.62,,,,,,,Case Rate,"100 Percent of Medicaid APG. ",2418.62,,,,,,,Case Rate,"100 Percent of Medicaid APG. ",,78,,,,,0,percent of total billed charges,78% of Billed Charges. Lesser of 100% of billed charges applies.; No services were performed during the 15 month look back period.,6487,,,,,,,Case Rate,". MPL 100/50/25% maxmium of 3 procedures. All add ons apply, and lesser of 100% of billed charges",16147,,,,,,,Case Rate,". MPL 100/50/25% all add ons apply, and lesser of 100% of billed charges",16147,,,,,,,Case Rate,". MPL 100/50/25% all add ons apply, and lesser of 100% of billed charges",,78,,,,,0,percent of total billed charges,78% of Billed Charges. Lesser of 100% of billed charges applies.; No services were performed during the 15 month look back period.,3839.35,,,,,,,Case Rate,"100% Medicare OPPS FS. ",21221.02,,,,,,,Case Rate,". MPL 100/50/25% all add ons apply, and lesser of 100% of billed charges",21221.02,,,,,,,Case Rate,". MPL 100/50/25% all add ons apply, and lesser of 100% of billed charges",21221.02,,,,,,,Case Rate,". MPL 100/50/25% all add ons apply, and lesser of 100% of billed charges",3839.35,,,,,,,Case Rate,"100% Medicare OPPS FS. ",21221.02,,,,,,,Case Rate,". MPL 100/50/25% all add ons apply, and lesser of 100% of billed charges",21221.02,,,,,,,Case Rate,". MPL 100/50/25% all add ons apply, and lesser of 100% of billed charges",3839.35,,,,,,,Case Rate,"100% of Medicare OPPS. ",25798,,,,,,,Case Rate,". MPL 100/75/50% all add ons apply, and lesser of 100% of billed charges",13586,,,,,,,Case Rate,". MPL 100/50/25% all add ons apply, and lesser of 100% of billed charges",13586,,,,,,,Case Rate,". MPL 100/50/25% all add ons apply, and lesser of 100% of billed charges",13586,,,,,,,Case Rate,". MPL 100/50/25% all add ons apply, and lesser of 100% of billed charges",13586,,,,,,,Case Rate,". MPL 100/50/25% all add ons apply, and lesser of 100% of billed charges",13586,,,,,,,Case Rate,". MPL 100/50/25% all add ons apply, and lesser of 100% of billed charges",13586,,,,,,,Case Rate,". MPL 100/50/25% all add ons apply, and lesser of 100% of billed charges",3839.35,,,,,,,Case Rate,"100% Medicare OPPS FS. ",3839.35,,,,,,,Case Rate,"100% Medicare OPPS FS. ",13586,,,,,,,Case Rate,". MPL 100/50/25% all add ons apply, and lesser of 100% of billed charges",,78,,,,,0,percent of total billed charges,78% of Billed Charges. Lesser of 100% of billed charges applies.; No services were performed during the 15 month look back period.,,78,,,,,0,percent of total billed charges,78% of Billed Charges. Lesser of 100% of billed charges applies.; No services were performed during the 15 month look back period.,,78,,,,,0,percent of total billed charges,78% of Billed Charges. Lesser of 100% of billed charges applies.; No services were performed during the 15 month look back period.,,78,,,,,0,percent of total billed charges,78% of Billed Charges. Lesser of 100% of billed charges applies.; No services were performed during the 15 month look back period.,,78,,,,,0,percent of total billed charges,78% of Billed Charges. Lesser of 100% of billed charges applies.; No services were performed during the 15 month look back period.,,78,,,,,0,percent of total billed charges,78% of Billed Charges. Lesser of 100% of billed charges applies.; No services were performed during the 15 month look back period.,,78,,,,,0,percent of total billed charges,78% of Billed Charges. Lesser of 100% of billed charges applies.; No services were performed during the 15 month look back period.,,78,,,,,0,percent of total billed charges,78% of Billed Charges. Lesser of 100% of billed charges applies.; No services were performed during the 15 month look back period.,,78,,,,,0,percent of total billed charges,78% of Billed Charges. Lesser of 100% of billed charges applies.; No services were performed during the 15 month look back period.,,78,,,,,0,percent of total billed charges,78% of Billed Charges. Lesser of 100% of billed charges applies.; No services were performed during the 15 month look back period.,,78,,,,,0,percent of total billed charges,78% of Billed Charges. Lesser of 100% of billed charges applies.; No services were performed during the 15 month look back period.,,78,,,,,0,percent of total billed charges,78% of Billed Charges. Lesser of 100% of billed charges applies.; No services were performed during the 15 month look back period.,,78,,,,,0,percent of total billed charges,78% of Billed Charges. Lesser of 100% of billed charges applies.; No services were performed during the 15 month look back period.,,78,,,,,0,percent of total billed charges,78% of Billed Charges. Lesser of 100% of billed charges applies.; No services were performed during the 15 month look back period.,,78,,,,,0,percent of total billed charges,78% of Billed Charges. Lesser of 100% of billed charges applies.; No services were performed during the 15 month look back period.,,78,,,,,0,percent of total billed charges,78% of Billed Charges. Lesser of 100% of billed charges applies.; No services were performed during the 15 month look back period.,,78,,,,,0,percent of total billed charges,78% of Billed Charges. Lesser of 100% of billed charges applies.; No services were performed during the 15 month look back period.,,78,,,,,0,percent of total billed charges,78% of Billed Charges. Lesser of 100% of billed charges applies.; No services were performed during the 15 month look back period.,,78,,,,,0,percent of total billed charges,78% of Billed Charges. Lesser of 100% of billed charges applies.; No services were performed during the 15 month look back period.,,78,,,,,0,percent of total billed charges,78% of Billed Charges. Lesser of 100% of billed charges applies.; No services were performed during the 15 month look back period.,,78,,,,,0,percent of total billed charges,78% of Billed Charges. Lesser of 100% of billed charges applies.; No services were performed during the 15 month look back period.,,78,,,,,0,percent of total billed charges,78% of Billed Charges. Lesser of 100% of billed charges applies.; No services were performed during the 15 month look back period.,,78,,,,,0,percent of total billed charges,78% of Billed Charges. Lesser of 100% of billed charges applies.; No services were performed during the 15 month look back period.,,78,,,,,0,percent of total billed charges,78% of Billed Charges. Lesser of 100% of billed charges applies.; No services were performed during the 15 month look back period.,,78,,,,,0,percent of total billed charges,78% of Billed Charges. Lesser of 100% of billed charges applies.; No services were performed during the 15 month look back period.,,78,,,,,0,percent of total billed charges,78% of Billed Charges. Lesser of 100% of billed charges applies.; No services were performed during the 15 month look back period.,8427,,,,,,,Case Rate,". Primary procedure pays at 100%, all subsequent at 50%.",8427,,,,,,,Case Rate,". Primary procedure pays at 100%, all subsequent at 50%.",8427,,,,,,,Case Rate,". Primary procedure pays at 100%, all subsequent at 50%.",8427,,,,,,,Case Rate,". Primary procedure pays at 100%, all subsequent at 50%.",12574,,,,,,,Case Rate,". Primary procedure pays at 100%, all subsequent at 50%.",12574,,,,,,,Case Rate,". Primary procedure pays at 100%, all subsequent at 50%.",6487,,,,,,,Case Rate,". MPL 100/50/25% maxmium of 3 procedures. All add ons apply, and lesser of 100% of billed charges",13586,,,,,,,Case Rate,". MPL 100/50/25% all add ons apply, and lesser of 100% of billed charges",21221.02,,,,,,,Case Rate,". MPL 100/50/25% all add ons apply, and lesser of 100% of billed charges",13586,,,,,,,Case Rate,". MPL 100/50/25% all add ons apply, and lesser of 100% of billed charges",,78,,,,,0,percent of total billed charges,78% of Billed Charges. Lesser of 100% of billed charges applies.; No services were performed during the 15 month look back period.,12574,,,,,,,Case Rate,". Primary procedure pays at 100%, all subsequent at 50%.",13586,,,,,,,Case Rate,". MPL 100/50/25% all add ons apply, and lesser of 100% of billed charges",21221.02,,,,,,,Case Rate,". MPL 100/50/25% all add ons apply, and lesser of 100% of billed charges",6487,,,,,,,Case Rate,". MPL 100/50/25% maxmium of 3 procedures. All add ons apply, and lesser of 100% of billed charges",,,,,,,,,"NA. ",,78,,,,,0,percent of total billed charges,78% of Billed Charges. Lesser of 100% of billed charges applies.; No services were performed during the 15 month look back period.,2418.62,,,,,,,Case Rate,"100 Percent of Medicaid APG. ",8427,,,,,,,Case Rate,". Primary procedure pays at 100%, all subsequent at 50%.",2418.62,,,,,,,Case Rate,"100 Percent of Medicaid APG. Not APG payable, or payable under another fee schedule like ASP/AWP pays at 30% of charges",3839.35,,,,,,,Case Rate,"100%Medicare OPPS FS. ",3839.35,,,,,,,Case Rate,"100% Medicare OPPS FS. ",25798,,,,,,,Case Rate,". MPL 100/75/50% all add ons apply, and lesser of 100% of billed charges",3839.35,,,,,,,Case Rate,"100% Medicare OPPS FS. ",3839.35,,,,,,,Case Rate,"100% Medicare OPPS FS. ",2418.62,,,,,,,Case Rate,"100 Percent of Medicaid APG. ",3839.35,,,,,,,Case Rate,"100% Medicare OPPS FS. ",3839.35,,,,,,,Case Rate,"100% Medicare OPPS FS. ",10024,,,,,,,Case Rate,". Primary procedure pays at 100%, secondary at 50%, all subsequent at 25%.  Lesser of applies when negotiated rates exceed charges less addons.",10024,,,,,,,Case Rate,". Primary procedure pays at 100%, secondary at 50%, all subsequent at 25%.  Lesser of applies when negotiated rates exceed charges less addons.",3839.35,,,,,,,Case Rate,"100% Medicare OPPS FS. ",6487,,,,,,,Case Rate,". MPL 100/50/25% maxmium of 3 procedures. All add ons apply, and lesser of 100% of billed charges",21221.02,,,,,,,Case Rate,". MPL 100/50/25% all add ons apply, and lesser of 100% of billed charges",21221.02,,,,,,,Case Rate,". MPL 100/50/25% all add ons apply, and lesser of 100% of billed charges",3839.35,,,,,,,Case Rate,"100% Medicare OPPS FS. ",6487,,,,,,,Case Rate,". MPL 100/50/25% maxmium of 3 procedures. All add ons apply, and lesser of 100% of billed charges",10024,,,,,,,Case Rate,". Primary procedure pays at 100%, secondary at 50%, all subsequent at 25%.  Lesser of applies when negotiated rates exceed charges less addons.",10024,,,,,,,Case Rate,". Primary procedure pays at 100%, secondary at 50%, all subsequent at 25%.  Lesser of applies when negotiated rates exceed charges less addons.",10024,,,,,,,Case Rate,". Primary procedure pays at 100%, secondary at 50%, all subsequent at 25%.  Lesser of applies when negotiated rates exceed charges less addons.",,78,,,,,0,percent of total billed charges,78% of Billed Charges. Lesser of 100% of billed charges applies.; No services were performed during the 15 month look back period.,,78,,,,,0,percent of total billed charges,78% of Billed Charges. Lesser of 100% of billed charges applies.; No services were performed during the 15 month look back period.,,78,,,,,0,percent of total billed charges,78% of Billed Charges. Lesser of 100% of billed charges applies.; No services were performed during the 15 month look back period.,,78,,,,,0,percent of total billed charges,78% of Billed Charges. Lesser of 100% of billed charges applies.; No services were performed during the 15 month look back period.,,78,,,,,0,percent of total billed charges,78% of Billed Charges. Lesser of 100% of billed charges applies.; No services were performed during the 15 month look back period.,,78,,,,,0,percent of total billed charges,78% of Billed Charges. Lesser of 100% of billed charges applies.; No services were performed during the 15 month look back period.,,78,,,,,0,percent of total billed charges,78% of Billed Charges. Lesser of 100% of billed charges applies.; No services were performed during the 15 month look back period.,,78,,,,,0,percent of total billed charges,78% of Billed Charges. Lesser of 100% of billed charges applies.; No services were performed during the 15 month look back period.,,78,,,,,0,percent of total billed charges,78% of Billed Charges. Lesser of 100% of billed charges applies.; No services were performed during the 15 month look back period.,,78,,,,,0,percent of total billed charges,78% of Billed Charges. Lesser of 100% of billed charges applies.; No services were performed during the 15 month look back period.,,78,,,,,0,percent of total billed charges,78% of Billed Charges. Lesser of 100% of billed charges applies.; No services were performed during the 15 month look back period.,12574,,,,,,,Case Rate,". Primary procedure pays at 100%, all subsequent at 50%.",13586,,,,,,,Case Rate,". MPL 100/50/25% all add ons apply, and lesser of 100% of billed charges",6487,,,,,,,Case Rate,". MPL 100/50/25% maxmium of 3 procedures. All add ons apply, and lesser of 100% of billed charges",3839.35,,,,,,,Case Rate,"100% Medicare OPPS FS. ",10024,,,,,,,Case Rate,". Primary procedure pays at 100%, secondary at 50%, all subsequent at 25%.  Lesser of applies when negotiated rates exceed charges less addons.",6487,,,,,,,Case Rate,". MPL 100/50/25% maxmium of 3 procedures. All add ons apply, and lesser of 100% of billed charges",6487,,,,,,,Case Rate,". MPL 100/50/25% maxmium of 3 procedures. All add ons apply, and lesser of 100% of billed charges",,78,,,,,0,percent of total billed charges,78% of Billed Charges. Lesser of 100% of billed charges applies.; No services were performed during the 15 month look back period.,5175.85,,,,,,,Case Rate,"214 Percent of Medicaid APG. Drugs not priced under APG, billed with revenue code 636 and not priced by Medicare ASP FeeSched will be reimbursed at 20% of charges.",6487,,,,,,,Case Rate,". MPL 100/50/25% maxmium of 3 procedures. All add ons apply, and lesser of 100% of billed charges",2418.62,,,,,,,Case Rate,"100 Percent of Medicaid APG. ",3839.35,,,,,,,Case Rate,"100% Medicare OPPS FS. ",3839.35,,,,,,,Case Rate,"100% Medicare OPPS FS. ",3839.35,,,,,,,Case Rate,"100% Medicare OPPS FS. ",3839.35,,,,,,,Case Rate,"100% Medicare OPPS FS. ",3839.35,,,,,,,Case Rate,"100% Medicare OPPS FS. ",3839.35,,,,,,,Case Rate,"100% Medicare OPPS FS. ",6487,,,,,,,Case Rate,". MPL 100/50/25% maxmium of 3 procedures. All add ons apply, and lesser of 100% of billed charges",25798,,,,,,,Case Rate,". MPL 100/75/50% all add ons apply, and lesser of 100% of billed charges",4353.52,,,,,,,Fee Schedule,"180 Percent of Medicaid APG. ",4353.52,,,,,,,Fee Schedule,"180 Percent of Medicaid APG. ",4353.52,,,,,,,Fee Schedule,"180 Percent of Medicaid APG. ",4353.52,,,,,,,Fee Schedule,"180 Percent of Medicaid APG. ",4353.52,,,,,,,Fee Schedule,"180 Percent of Medicaid APG. ",,,,,,,,,"NA. ",25798,,,,,,,Case Rate,". MPL 100/75/50% all add ons apply, and lesser of 100% of billed charges",7601.91,,,,,,,Case Rate,198 Percent of Medicare OPPS. Metroplus will reimburse unlisted codes and described codes with no Medicare rate at 50 percent of charges.,7601.91,,,,,,,Case Rate,198 Percent of Medicare OPPS. Metroplus will reimburse unlisted codes and described codes with no Medicare rate at 50 percent of charges.,7601.91,,,,,,,Case Rate,198 Percent of Medicare OPPS. Metroplus will reimburse unlisted codes and described codes with no Medicare rate at 50 percent of charges.,7601.91,,,,,,,Case Rate,198 Percent of Medicare OPPS. Metroplus will reimburse unlisted codes and described codes with no Medicare rate at 50 percent of charges.,7601.91,,,,,,,Case Rate,198 Percent of Medicare OPPS. Metroplus will reimburse unlisted codes and described codes with no Medicare rate at 50 percent of charges.,3839.35,,,,,,,Case Rate,"100% Medicare OPPS FS. ",12574,,,,,,,Case Rate,". Primary procedure pays at 100%, all subsequent at 50%.",12574,,,,,,,Case Rate,". Primary procedure pays at 100%, all subsequent at 50%.",12574,,,,,,,Case Rate,". Primary procedure pays at 100%, all subsequent at 50%.",12574,,,,,,,Case Rate,". Primary procedure pays at 100%, all subsequent at 50%.",10024,,,,,,,Case Rate,". Primary procedure pays at 100%, secondary at 50%, all subsequent at 25%.  Lesser of applies when negotiated rates exceed charges less addons.",10024,,,,,,,Case Rate,". Primary procedure pays at 100%, secondary at 50%, all subsequent at 25%.  Lesser of applies when negotiated rates exceed charges less addons.",10024,,,,,,,Case Rate,". Primary procedure pays at 100%, secondary at 50%, all subsequent at 25%.  Lesser of applies when negotiated rates exceed charges less addons.",10024,,,,,,,Case Rate,". Primary procedure pays at 100%, secondary at 50%, all subsequent at 25%.  Lesser of applies when negotiated rates exceed charges less addons.",25798,,,,,,,Case Rate,". MPL 100/75/50% all add ons apply, and lesser of 100% of billed charges",25798,,,,,,,Case Rate,". MPL 100/75/50% all add ons apply, and lesser of 100% of billed charges",3839.35,,,,,,,Case Rate,"100% Medicare OPPS FS. ",3839.35,,,,,,,Case Rate,"100% Medicare OPPS FS. ",3839.35,,,,,,,Case Rate,"100% Medicare OPPS FS. ",13586,,,,,,,Case Rate,". MPL 100/50/25% all add ons apply, and lesser of 100% of billed charges",13586,,,,,,,Case Rate,". MPL 100/50/25% all add ons apply, and lesser of 100% of billed charges",13586,,,,,,,Case Rate,". MPL 100/50/25% all add ons apply, and lesser of 100% of billed charges",25798,,,,,,,Case Rate,". MPL 100/75/50% all add ons apply, and lesser of 100% of billed charges",10024,,,,,,,Case Rate,". Primary procedure pays at 100%, secondary at 50%, all subsequent at 25%.  Lesser of applies when negotiated rates exceed charges less addons.",3839.35,,,,,,,Case Rate,"100% Medicare OPPS FS. ",13586,,,,,,,Case Rate,". MPL 100/50/25% all add ons apply, and lesser of 100% of billed charges",2418.62,,,,,,,Case Rate,"100 Percent of Medicaid APG. ",3916.13,,,,,,,Case Rate,"102% of Medicare OPPS. ",3916.13,,,,,,,Case Rate,"102% of Medicare OPPS. ",3916.13,,,,,,,Case Rate,"102% of Medicare OPPS. ",2418.62,,,,,,,Case rate,"100 Percent of Medicaid APG. ",5441.9,,,,,,,Case Rate,225% of NYS APG. Lesser of 100% of billed charges applies.,5441.9,,,,,,,Case Rate,225% of NYS APG. Lesser of 100% of billed charges applies.,5441.9,,,,,,,Case Rate,225% of NYS APG. Lesser of 100% of billed charges applies.,5441.9,,,,,,,Case Rate,225% of NYS APG. Lesser of 100% of billed charges applies.,5441.9,,,,,,,Case Rate,225% of NYS APG. Lesser of 100% of billed charges applies.,3916.13,,,,,,,Case Rate,"102% of Medicare OPPS. ",2418.62,,,,,,,Case Rate,"100 Percent of Medicaid APG. ",1431.23,,,,,,,Case Rate,100% of PAS. Lesser of 100% of billed charges applies.,5441.9,,,,,,,Case Rate,225% of NYS APG. Lesser of 100% of billed charges applies.,5441.9,,,,,,,Case Rate,225% of NYS APG. Lesser of 100% of billed charges applies.,1431.23,,,,,,,Case Rate,100% of PAS. Lesser of 100% of billed charges applies.,1431.23,,,,,,,Case Rate,100% of PAS. Lesser of 100% of billed charges applies.,4353.52,,,,,,,Fee Schedule,"180 Percent of Medicaid APG. ",3839.35,,,,,,,Case Rate,"100% Medicare OPPS FS. ",3839.35,,,,,,,Case Rate,"100% Medicare OPPS FS. ",10024,,,,,,,Case Rate,". Primary procedure pays at 100%, secondary at 50%, all subsequent at 25%.  Lesser of applies when negotiated rates exceed charges less addons.",3839.35,,,,,,,Case Rate,"100% Medicare OPPS FS. ",5441.9,,,,,,,Case Rate,"225 Percent of Medicaid APG. ",5441.9,,,,,,,Case Rate,"225 Percent of Medicaid APG. ",2418.62,,,,,,,Case rate,"100 Percent of Medicaid APG. ",2418.62,,,,,,,Case rate,"100 Percent of Medicaid APG. ",5441.9,,,,,,,Case Rate,225 Percent of Medicaid APG. Covered services not payable under Medicaid Fee Schedules default to a payment of 87.5 percent of charges.,2418.62,,,,,,,Case rate,124 Percent of Medicaid APG. Covered services not payable under Medicaid Fee Schedules default to a payment of 50 percent of charges.,5441.9,,,,,,,Case Rate,"100 Percent of Medicaid APG. ",5441.9,,,,,,,Case Rate,"100 Percent of Medicaid APG. ",5441.9,,,,,,,Case Rate,"100 Percent of Medicaid APG. ",5441.9,,,,,,,Case Rate,"100 Percent of Medicaid APG. ",13453,,,,,,,Case Rate,". MPL 100/75/50% all add ons apply, and lesser of 100% of billed charges",25798,,,,,,,Case Rate,". MPL 100/75/50% all add ons apply, and lesser of 100% of billed charges",2902.35,,,,,,,Case Rate,"120 Percent of Medicaid APG. Not APG payable, or payable under another fee schedule like ASP/AWP pays at 30% of charges",2902.35,,,,,,,Case Rate,"120 Percent of Medicaid APG. Not APG payable, or payable under another fee schedule like ASP/AWP pays at 30% of charges",2418.62,,,,,,,Case Rate,"100 Percent of Medicaid APG. Not APG payable, or payable under another fee schedule like ASP/AWP pays at 30% of charges",2418.62,,,,,,,Case Rate,"100 Percent of Medicaid APG. Not APG payable, or payable under another fee schedule like ASP/AWP pays at 30% of charges",13586,,,,,,,Case Rate,". MPL 100/50/25% all add ons apply, and lesser of 100% of billed charges",13586,,,,,,,Case Rate,". MPL 100/50/25% all add ons apply, and lesser of 100% of billed charges",3839.35,,,,,,,Case Rate,"100% Medicare OPPS FS. ",13586,,,,,,,Case Rate,". MPL 100/50/25% all add ons apply, and lesser of 100% of billed charges",13586,,,,,,,Case Rate,". MPL 100/50/25% all add ons apply, and lesser of 100% of billed charges",13586,,,,,,,Case Rate,". MPL 100/50/25% all add ons apply, and lesser of 100% of billed charges",13586,,,,,,,Case Rate,". MPL 100/50/25% all add ons apply, and lesser of 100% of billed charges",3839.35,,,,,,,Case Rate,"100% Medicare OPPS FS. ",13586,,,,,,,Case Rate,". MPL 100/50/25% all add ons apply, and lesser of 100% of billed charges",13586,,,,,,,Case Rate,". MPL 100/50/25% all add ons apply, and lesser of 100% of billed charges",10024,,,,,,,Case Rate,". Primary procedure pays at 100%, secondary at 50%, all subsequent at 25%.  Lesser of applies when negotiated rates exceed charges less addons.",2418.62,,,,,,,Fee Schedule,100% APG. Lesser of 100% of billed charges applies.,2418.62,,,,,,,Case rate,124 Percent of Medicaid APG. Covered services not payable under Medicaid Fee Schedules default to a payment of 50 percent of charges.,5441.9,,,,,,,Case Rate,225% of NYS APG. Lesser of 100% of billed charges applies.,5441.9,,,,,,,Case Rate,225 Percent of Medicaid APG. Covered services not payable under Medicaid Fee Schedules default to a payment of 87.5 percent of charges.,2418.62,,,,,,,Case rate,124 Percent of Medicaid APG. Covered services not payable under Medicaid Fee Schedules default to a payment of 50 percent of charges.,5441.9,,,,,,,Case Rate,225% of NYS APG. Lesser of 100% of billed charges applies.,5441.9,,,,,,,Case Rate,225% of NYS APG. Lesser of 100% of billed charges applies.,5441.9,,,,,,,Case Rate,225% of NYS APG. Lesser of 100% of billed charges applies.,5441.9,,,,,,,Case Rate,225% of NYS APG. Lesser of 100% of billed charges applies.,5441.9,,,,,,,Case Rate,225% of NYS APG. Lesser of 100% of billed charges applies.,5441.9,,,,,,,Case Rate,225% of NYS APG. Lesser of 100% of billed charges applies.,,,,,,,,,"NA. ",,,,,,,,,"NA. ",,,,,,,,,"NA. ",6487,,,,,,,Case Rate,". MPL 100/50/25% maxmium of 3 procedures. All add ons apply, and lesser of 100% of billed charges",,,,,,,,,"NA. ",3839.35,,,,,,,Case Rate,"100% Medicare OPPS FS. ",7084,,,,,,,Case Rate,". MPL 1st 100% of Payment Rate 50% of all others, all add ons apply, and lesser of 100% of billed charges.",3839.35,,,,,,,Case Rate,"100% Medicare OPPS FS. ",3839.35,,,,,,,Case Rate,"100% Medicare OPPS FS. ",2902.35,,,,,,,Case Rate,"120 Percent of Medicaid APG. Not APG payable, or payable under another fee schedule like ASP/AWP pays at 30% of charges",2902.35,,,,,,,Case Rate,"120 Percent of Medicaid APG. Not APG payable, or payable under another fee schedule like ASP/AWP pays at 30% of charges",2418.62,,,,,,,Case Rate,"100 Percent of Medicaid APG. Not APG payable, or payable under another fee schedule like ASP/AWP pays at 30% of charges",2418.62,,,,,,,Case Rate,"100 Percent of Medicaid APG. Not APG payable, or payable under another fee schedule like ASP/AWP pays at 30% of charges",2418.62,,,,,,,Case Rate,"100 Percent of Medicaid APG. ",7163,,,,,,,Case Rate,". ",10024,,,,,,,Case Rate,". Primary procedure pays at 100%, secondary at 50%, all subsequent at 25%.  Lesser of applies when negotiated rates exceed charges less addons.",8427,,,,,,,Case Rate,". Primary procedure pays at 100%, all subsequent at 50%.",6487,,,,,,,Case Rate,". MPL 100/50/25% maxmium of 3 procedures. All add ons apply, and lesser of 100% of billed charges",3839.35,,,,,,,Case Rate,"100%Medicare OPPS FS. ",3839.35,,,,,,,Case Rate,"100% Medicare OPPS FS. ",3839.35,,,,,,,Case Rate,"100% Medicare OPPS FS. ",3839.35,,,,,,,Case Rate,"100% Medicare OPPS FS. ",3839.35,,,,,,,Case Rate,"100%Medicare OPPS FS. ",3839.35,,,,,,,Case Rate,"100% Medicare OPPS FS. ",,,,,,,,,"NA. ",5441.9,,,,,,,Case Rate,225% of NYS APG. Lesser of 100% of billed charges applies.,1431.23,,,,,,,Case Rate,100% of PAS. Lesser of 100% of billed charges applies.,13586,,,,,,,Case Rate,". MPL 100/50/25% all add ons apply, and lesser of 100% of billed charges",7163,,,,,,,Case Rate,". ",7163,,,,,,,Case Rate,". ",7163,,,,,,,Case Rate,". ",7163,,,,,,,Case Rate,". ",3839.35,,,,,,,Case Rate,"100% Medicare OPPS FS. ",2418.62,,,,,,,Case Rate,"100 Percent of Medicaid APG. ",13586,,,,,,,Case Rate,". MPL 100/50/25% all add ons apply, and lesser of 100% of billed charges",2418.62,,,,,,,Case Rate,"100 Percent of Medicaid APG. ",3839.35,,,,,,,Case Rate,"100% Medicare OPPS FS. ",2418.62,,,,,,,Case Rate,"100 Percent of Medicaid APG. ",3839.35,,,,,,,Case Rate,"100% Medicare OPPS FS. ",3839.35,,,,,,,Case Rate,"100% Medicare OPPS FS. ",2418.62,,,,,,,Case Rate,"100 Percent of Medicaid APG. ",2418.62,,,,,,,Case Rate,"100 Percent of Medicaid APG. ",7163,,,,,,,Case Rate,". ",6487,,,,,,,Case Rate,". MPL 100/50/25% maxmium of 3 procedures. All add ons apply, and lesser of 100% of billed charges",,78,,,,,0,percent of total billed charges,78% of Billed Charges. Lesser of 100% of billed charges applies.; No services were performed during the 15 month look back period.,21221.02,,,,,,,Case Rate,". MPL 100/50/25% all add ons apply, and lesser of 100% of billed charges",21221.02,,,,,,,Case Rate,". MPL 100/50/25% all add ons apply, and lesser of 100% of billed charges",10024,,,,,,,Case Rate,". Primary procedure pays at 100%, secondary at 50%, all subsequent at 25%.  Lesser of applies when negotiated rates exceed charges less addons.",1516.35,,,,,,,Case Rate,"83% HF Fee schedule. ",12574,,,,,,,Case Rate,". Primary procedure pays at 100%, all subsequent at 50%.",12574,,,,,,,Case Rate,". Primary procedure pays at 100%, all subsequent at 50%.",10869,,,,,,,Case Rate,". MPL 100/50/25% all add ons apply, and lesser of 100% of billed charges",10869,,,,,,,Case Rate,". MPL 100/50/25% all add ons apply, and lesser of 100% of billed charges",3839.35,,,,,,,Case Rate,"100% Medicare OPPS FS. ",3839.35,,,,,,,Case Rate,"100% Medicare OPPS FS. ",3839.35,,,,,,,Case Rate,"100% Medicare OPPS FS. ",3839.35,,,,,,,Case Rate,"100% Medicare OPPS FS. ",21221.02,,,,,,,Case Rate,". MPL 100/50/25% all add ons apply, and lesser of 100% of billed charges",13586,,,,,,,Case Rate,". MPL 100/50/25% all add ons apply, and lesser of 100% of billed charges",13586,,,,,,,Case Rate,". MPL 100/50/25% all add ons apply, and lesser of 100% of billed charges",3839.35,,,,,,,Case Rate,"100% Medicare OPPS FS. ",10869,,,,,,,Case Rate,". MPL 100/50/25% all add ons apply, and lesser of 100% of billed charges",8427,,,,,,,Case Rate,". Primary procedure pays at 100%, all subsequent at 50%.",2902.35,,,,,,,Fee Schedule,"120 Percent of Medicaid APG. ",2418.62,,,,,,,Case Rate,"100 Percent of Medicaid APG. ",7163,,,,,,,Case Rate,". ",12227,,,,,,,Case Rate,". MPL 100/50/25% all add ons apply, and lesser of 100% of billed charges",12227,,,,,,,Case Rate,". MPL 100/50/25% all add ons apply, and lesser of 100% of billed charges",13586,,,,,,,Case Rate,". MPL 100/50/25% all add ons apply, and lesser of 100% of billed charges",14948,,,,,,,Case Rate,". MPL 100/75/50% all add ons apply, and lesser of 100% of billed charges",3839.35,,,,,,,Case Rate,"100%Medicare OPPS FS. ",2539.55,,,,,,,Fee Schedule,105 percent of Medicaid APG. otherwise 105% of Ordered NYS MCD FS or 105% of ASP+6%,2539.55,,,,,,,Fee Schedule,105 percent of Medicaid APG. otherwise 105% of Ordered NYS MCD FS or 105% of ASP+6%,2539.55,,,,,,,Fee Schedule,105 percent of Medicaid APG. otherwise 105% of Ordered NYS MCD FS or 105% of ASP+6%,3265.14,,,,,,,Fee Schedule,135 percent of Medicaid APG. otherwise 135% of Ordered NYS MCD FS or 135% of ASP+6%,21221.02,,,,,,,Case Rate,". MPL 100/50/25% all add ons apply, and lesser of 100% of billed charges",2539.55,,,,,,,Fee Schedule,105 percent of Medicaid APG. otherwise 105% of Ordered NYS MCD FS or 105% of ASP+6%,2539.55,,,,,,,Fee Schedule,105 percent of Medicaid APG. otherwise 105% of Ordered NYS MCD FS or 105% of ASP+6%,2539.55,,,,,,,Fee Schedule,105 percent of Medicaid APG. otherwise 105% of Ordered NYS MCD FS or 105% of ASP+6%,2539.55,,,,,,,Fee Schedule,105 percent of Medicaid APG. otherwise 105% of Ordered NYS MCD FS or 105% of ASP+6%,2539.55,,,,,,,Fee Schedule,105 percent of Medicaid APG. otherwise 105% of Ordered NYS MCD FS or 105% of ASP+6%,3265.14,,,,,,,Fee Schedule,135 percent of Medicaid APG. otherwise 135% of Ordered NYS MCD FS or 135% of ASP+6%,3265.14,,,,,,,Fee Schedule,135 percent of Medicaid APG. otherwise 135% of Ordered NYS MCD FS or 135% of ASP+6%,3839.35,,,,,,,Case Rate,"100% Medicare OPPS FS. ",21221.02,,,,,,,Case Rate,". MPL 100/50/25% all add ons apply, and lesser of 100% of billed charges",3839.35,,,,,,,Case Rate,"100% Medicare OPPS FS. ",2539.55,,,,,,,Fee Schedule,105 percent of Medicaid APG. otherwise 105% of Ordered NYS MCD FS or 105% of ASP+6%,13586,,,,,,,Case Rate,". MPL 100/50/25% all add ons apply, and lesser of 100% of billed charges",3839.35,,,,,,,Case Rate,"100% Medicare OPPS FS. ",13586,,,,,,,Case Rate,". MPL 100/50/25% all add ons apply, and lesser of 100% of billed charges",13586,,,,,,,Case Rate,". MPL 100/50/25% all add ons apply, and lesser of 100% of billed charges",13586,,,,,,,Case Rate,". MPL 100/50/25% all add ons apply, and lesser of 100% of billed charges",2539.55,,,,,,,Fee Schedule,105 percent of Medicaid APG. otherwise 105% of Ordered NYS MCD FS or 105% of ASP+6%,3839.35,,,,,,,Case Rate,"100% Medicare OPPS FS. ",13586,,,,,,,Case Rate,". MPL 100/50/25% all add ons apply, and lesser of 100% of billed charges",3265.14,,,,,,,Fee Schedule,135 percent of Medicaid APG. otherwise 135% of Ordered NYS MCD FS or 135% of ASP+6%,13586,,,,,,,Case Rate,". MPL 100/50/25% all add ons apply, and lesser of 100% of billed charges",,200,,,,,0,Case Rate,200% of Medicare OPPS. ; No services were performed during the 15 month look back period.,3839.35,,,,,,,Case Rate,"100%Medicare OPPS FS. ",7163,,,,,,,Case Rate,". ",7163,,,,,,,Case Rate,". ",7163,,,,,,,Case Rate,". ",7163,,,,,,,Case Rate,". ",7163,,,,,,,Case Rate,". ",8427,,,,,,,Case Rate,". Primary procedure pays at 100%, all subsequent at 50%.",8427,,,,,,,Case Rate,". Primary procedure pays at 100%, all subsequent at 50%.",7163,,,,,,,Case Rate,". ",7163,,,,,,,Case Rate,". ",7163,,,,,,,Case Rate,". ",7163,,,,,,,Case Rate,". ",7163,,,,,,,Case Rate,". ",3839.35,,,,,,,Case Rate,"100% Medicare OPPS FS. ",8427,,,,,,,Case Rate,". Primary procedure pays at 100%, all subsequent at 50%.",3839.35,,,,,,,Case Rate,"100% Medicare OPPS FS. ",5441.9,,,,,,,Case Rate,"225 Percent of Medicaid APG. If not included in Medicaid APG, then 100 Percent of Manhattan Medicare",2418.62,,,,,,,Case Rate,"100 Percent of Medicaid APG. ",21221.02,,,,,,,Case Rate,". MPL 100/50/25% all add ons apply, and lesser of 100% of billed charges",21221.02,,,,,,,Case Rate,". MPL 100/50/25% all add ons apply, and lesser of 100% of billed charges",3839.35,,,,,,,Case Rate,"100% Medicare OPPS FS. ",12574,,,,,,,Case Rate,". Primary procedure pays at 100%, all subsequent at 50%.",3839.35,,,,,,,Case Rate,"100% Medicare OPPS FS. ",3839.35,,,,,,,Case Rate,"100% Medicare OPPS FS. ",10024,,,,,,,Case Rate,". Primary procedure pays at 100%, secondary at 50%, all subsequent at 25%.  Lesser of applies when negotiated rates exceed charges less addons.",3839.35,,,,,,,Case Rate,"100% Medicare OPPS FS. ",6487,,,,,,,Case Rate,". MPL 100/50/25% maxmium of 3 procedures. All add ons apply, and lesser of 100% of billed charges",3839.35,,,,,,,Case Rate,"100% Medicare OPPS FS. ",6487,,,,,,,Case Rate,". MPL 100/50/25% maxmium of 3 procedures. All add ons apply, and lesser of 100% of billed charges",10024,,,,,,,Case Rate,". Primary procedure pays at 100%, secondary at 50%, all subsequent at 25%.  Lesser of applies when negotiated rates exceed charges less addons.",6487,,,,,,,Case Rate,". MPL 100/50/25% maxmium of 3 procedures. All add ons apply, and lesser of 100% of billed charges",3839.35,,,,,,,Case Rate,"100% Medicare OPPS FS. ",2418.62,,,,,,,Case Rate,"100 Percent of Medicaid APG. ",3839.35,,,,,,,Case Rate,"100% Medicare OPPS FS. ",6487,,,,,,,Case Rate,". MPL 100/50/25% maxmium of 3 procedures. All add ons apply, and lesser of 100% of billed charges",21221.02,,,,,,,Case Rate,". MPL 100/50/25% all add ons apply, and lesser of 100% of billed charges",2418.62,,,,,,,Case Rate,"100 Percent of Medicaid APG. ",13586,,,,,,,Case Rate,". MPL 100/50/25% all add ons apply, and lesser of 100% of billed charges",2902.35,,,,,,,Fee Schedule,"120 Percent of Medicaid APG. ",2902.35,,,,,,,Fee Schedule,"120 Percent of Medicaid APG. ",13586,,,,,,,Case Rate,". MPL 100/50/25% all add ons apply, and lesser of 100% of billed charges",13586,,,,,,,Case Rate,". MPL 100/50/25% all add ons apply, and lesser of 100% of billed charges",13586,,,,,,,Case Rate,". MPL 100/50/25% all add ons apply, and lesser of 100% of billed charges",21221.02,,,,,,,Case Rate,". MPL 100/50/25% all add ons apply, and lesser of 100% of billed charges",13586,,,,,,,Case Rate,". MPL 100/50/25% all add ons apply, and lesser of 100% of billed charges",13586,,,,,,,Case Rate,". MPL 100/50/25% all add ons apply, and lesser of 100% of billed charges",13586,,,,,,,Case Rate,". MPL 100/50/25% all add ons apply, and lesser of 100% of billed charges",7163,,,,,,,Case Rate,". ",7163,,,,,,,Case Rate,". ",7601.91,,,,,,,Case Rate,198 Percent of Medicare OPPS. Metroplus will reimburse unlisted codes and described codes with no Medicare rate at 50 percent of charges.,2418.62,,,,,,,Case Rate,"100 Percent of Medicaid APG. ",21221.02,,,,,,,Case Rate,". MPL 100/50/25% all add ons apply, and lesser of 100% of billed charges",6487,,,,,,,Case Rate,". MPL 100/50/25% maxmium of 3 procedures. All add ons apply, and lesser of 100% of billed charges",10024,,,,,,,Case Rate,". Primary procedure pays at 100%, secondary at 50%, all subsequent at 25%.  Lesser of applies when negotiated rates exceed charges less addons.",21221.02,,,,,,,Case Rate,". MPL 100/50/25% all add ons apply, and lesser of 100% of billed charges",10024,,,,,,,Case Rate,". Primary procedure pays at 100%, secondary at 50%, all subsequent at 25%.  Lesser of applies when negotiated rates exceed charges less addons.",21221.02,,,,,,,Case Rate,". MPL 100/50/25% all add ons apply, and lesser of 100% of billed charges",13586,,,,,,,Case Rate,". MPL 100/50/25% all add ons apply, and lesser of 100% of billed charges",13586,,,,,,,Case Rate,". MPL 100/50/25% all add ons apply, and lesser of 100% of billed charges",13586,,,,,,,Case Rate,". MPL 100/50/25% all add ons apply, and lesser of 100% of billed charges",13586,,,,,,,Case Rate,". MPL 100/50/25% all add ons apply, and lesser of 100% of billed charges",3839.35,,,,,,,Case Rate,"100% Medicare OPPS FS. ",1431.23,25798,
30630,CPT,,,490,RC,REPAIR NASAL SEPTUM DEFECT,,,both,,,,15878,,,,,,,Case Rate,". MPL 1st 100% of Payment Rate 50% of all others, all add ons apply, and lesser of 100% of billed charges.",15878,,,,,,,Case Rate,". MPL 1st 100% of Payment Rate 50% of all others, all add ons apply, and lesser of 100% of billed charges.",15563,,,,,,,Case Rate,". Primary procedure pays at 100%, secondary at 50%, all subsequent at 25%.  Lesser of applies when negotiated rates exceed charges less addons.",,100,,,,,0,percent of total billed charges,100 percent of billed charges. ; No services were performed during the 15 month look back period.,3837.52,,,,,,,Case Rate,"100% Medicare OPPS FS. ",15563,,,,,,,Case Rate,". Primary procedure pays at 100%, secondary at 50%, all subsequent at 25%.  Lesser of applies when negotiated rates exceed charges less addons.",15563,,,,,,,Case Rate,". Primary procedure pays at 100%, secondary at 50%, all subsequent at 25%.  Lesser of applies when negotiated rates exceed charges less addons.",15563,,,,,,,Case Rate,". Primary procedure pays at 100%, secondary at 50%, all subsequent at 25%.  Lesser of applies when negotiated rates exceed charges less addons.",3737.56,,,,,,,Case Rate,"100 Percent of Medicaid APG. ",3114.63,,,,,,,Case Rate,"100 Percent of Medicaid APG. ",,78,,,,,0,percent of total billed charges,78% of Billed Charges. Lesser of 100% of billed charges applies.; No services were performed during the 15 month look back period.,5815.32,,,,,,,Case Rate,". MPL 100/50/25% all add ons apply, and lesser of 100% of billed charges",3114.63,,,,,,,Case Rate,"100 Percent of Medicaid APG. ",3837.52,,,,,,,Case Rate,"100% Medicare OPPS FS. ",6487,,,,,,,Case Rate,". MPL 100/50/25% maxmium of 3 procedures. All add ons apply, and lesser of 100% of billed charges",6487,,,,,,,Case Rate,". MPL 100/50/25% maxmium of 3 procedures. All add ons apply, and lesser of 100% of billed charges",6487,,,,,,,Case Rate,". MPL 100/50/25% maxmium of 3 procedures. All add ons apply, and lesser of 100% of billed charges",6487,,,,,,,Case Rate,". MPL 100/50/25% maxmium of 3 procedures. All add ons apply, and lesser of 100% of billed charges",3114.63,,,,,,,Case rate,124 Percent of Medicaid APG. Covered services not payable under Medicaid Fee Schedules default to a payment of 50 percent of charges.,3837.52,,,,,,,Case Rate,"100% Medicare OPPS FS. ",3114.63,,,,,,,Case rate,124 Percent of Medicaid APG. Covered services not payable under Medicaid Fee Schedules default to a payment of 50 percent of charges.,,78,,,,,0,percent of total billed charges,78% of Billed Charges. Lesser of 100% of billed charges applies.; No services were performed during the 15 month look back period.,15563,,,,,,,Case Rate,". Primary procedure pays at 100%, secondary at 50%, all subsequent at 25%.  Lesser of applies when negotiated rates exceed charges less addons.",3837.52,,,,,,,Case Rate,"100%Medicare OPPS FS. ",8427,,,,,,,Case Rate,". Primary procedure pays at 100%, all subsequent at 50%.",3837.52,,,,,,,Case Rate,"100%Medicare OPPS FS. ",3837.52,,,,,,,Case Rate,"100%Medicare OPPS FS. ",,78,,,,,0,percent of total billed charges,78% of Billed Charges. Lesser of 100% of billed charges applies.; No services were performed during the 15 month look back period.,1103.36,,,,,,,Case Rate,100% of PAS. Lesser of 100% of billed charges applies.,1103.36,,,,,,,Case Rate,100% of PAS. Lesser of 100% of billed charges applies.,3114.63,,,,,,,Case rate,"100 Percent of Medicaid APG. ",3114.63,,,,,,,Case rate,"100 Percent of Medicaid APG. ",8427,,,,,,,Case Rate,". Primary procedure pays at 100%, all subsequent at 50%.",8427,,,,,,,Case Rate,". Primary procedure pays at 100%, all subsequent at 50%.",3114.63,,,,,,,Case Rate,"100 Percent of Medicaid APG. Not APG payable, or payable under another fee schedule like ASP/AWP pays at 30% of charges",8427,,,,,,,Case Rate,". Primary procedure pays at 100%, all subsequent at 50%.",3114.63,,,,,,,Case Rate,"100 Percent of Medicaid APG. Not APG payable, or payable under another fee schedule like ASP/AWP pays at 30% of charges",3837.52,,,,,,,Case Rate,"100%Medicare OPPS FS. ",8427,,,,,,,Case Rate,". Primary procedure pays at 100%, all subsequent at 50%.",,78,,,,,0,percent of total billed charges,78% of Billed Charges. Lesser of 100% of billed charges applies.; No services were performed during the 15 month look back period.,3114.63,,,,,,,Case Rate,"100 Percent of Medicaid APG. ",3114.63,,,,,,,Case Rate,"100 Percent of Medicaid APG. ",,78,,,,,0,percent of total billed charges,78% of Billed Charges. Lesser of 100% of billed charges applies.; No services were performed during the 15 month look back period.,6487,,,,,,,Case Rate,". MPL 100/50/25% maxmium of 3 procedures. All add ons apply, and lesser of 100% of billed charges",5142,,,,,,,Case Rate,". MPL 100/50/25% all add ons apply, and lesser of 100% of billed charges",5142,,,,,,,Case Rate,". MPL 100/50/25% all add ons apply, and lesser of 100% of billed charges",,78,,,,,0,percent of total billed charges,78% of Billed Charges. Lesser of 100% of billed charges applies.; No services were performed during the 15 month look back period.,3837.52,,,,,,,Case Rate,"100% Medicare OPPS FS. ",5815.32,,,,,,,Case Rate,". MPL 100/50/25% all add ons apply, and lesser of 100% of billed charges",5815.32,,,,,,,Case Rate,". MPL 100/50/25% all add ons apply, and lesser of 100% of billed charges",5815.32,,,,,,,Case Rate,". MPL 100/50/25% all add ons apply, and lesser of 100% of billed charges",3837.52,,,,,,,Case Rate,"100% Medicare OPPS FS. ",5815.32,,,,,,,Case Rate,". MPL 100/50/25% all add ons apply, and lesser of 100% of billed charges",5815.32,,,,,,,Case Rate,". MPL 100/50/25% all add ons apply, and lesser of 100% of billed charges",3837.52,,,,,,,Case Rate,"100% of Medicare OPPS. ",25798,,,,,,,Case Rate,". MPL 100/75/50% all add ons apply, and lesser of 100% of billed charges",10351,,,,,,,Case Rate,". MPL 100/50/25% all add ons apply, and lesser of 100% of billed charges",10351,,,,,,,Case Rate,". MPL 100/50/25% all add ons apply, and lesser of 100% of billed charges",10351,,,,,,,Case Rate,". MPL 100/50/25% all add ons apply, and lesser of 100% of billed charges",10351,,,,,,,Case Rate,". MPL 100/50/25% all add ons apply, and lesser of 100% of billed charges",10351,,,,,,,Case Rate,". MPL 100/50/25% all add ons apply, and lesser of 100% of billed charges",10351,,,,,,,Case Rate,". MPL 100/50/25% all add ons apply, and lesser of 100% of billed charges",3837.52,,,,,,,Case Rate,"100% Medicare OPPS FS. ",3837.52,,,,,,,Case Rate,"100% Medicare OPPS FS. ",10351,,,,,,,Case Rate,". MPL 100/50/25% all add ons apply, and lesser of 100% of billed charges",,78,,,,,0,percent of total billed charges,78% of Billed Charges. Lesser of 100% of billed charges applies.; No services were performed during the 15 month look back period.,,78,,,,,0,percent of total billed charges,78% of Billed Charges. Lesser of 100% of billed charges applies.; No services were performed during the 15 month look back period.,,78,,,,,0,percent of total billed charges,78% of Billed Charges. Lesser of 100% of billed charges applies.; No services were performed during the 15 month look back period.,,78,,,,,0,percent of total billed charges,78% of Billed Charges. Lesser of 100% of billed charges applies.; No services were performed during the 15 month look back period.,,78,,,,,0,percent of total billed charges,78% of Billed Charges. Lesser of 100% of billed charges applies.; No services were performed during the 15 month look back period.,,78,,,,,0,percent of total billed charges,78% of Billed Charges. Lesser of 100% of billed charges applies.; No services were performed during the 15 month look back period.,,78,,,,,0,percent of total billed charges,78% of Billed Charges. Lesser of 100% of billed charges applies.; No services were performed during the 15 month look back period.,,78,,,,,0,percent of total billed charges,78% of Billed Charges. Lesser of 100% of billed charges applies.; No services were performed during the 15 month look back period.,,78,,,,,0,percent of total billed charges,78% of Billed Charges. Lesser of 100% of billed charges applies.; No services were performed during the 15 month look back period.,,78,,,,,0,percent of total billed charges,78% of Billed Charges. Lesser of 100% of billed charges applies.; No services were performed during the 15 month look back period.,,78,,,,,0,percent of total billed charges,78% of Billed Charges. Lesser of 100% of billed charges applies.; No services were performed during the 15 month look back period.,,78,,,,,0,percent of total billed charges,78% of Billed Charges. Lesser of 100% of billed charges applies.; No services were performed during the 15 month look back period.,,78,,,,,0,percent of total billed charges,78% of Billed Charges. Lesser of 100% of billed charges applies.; No services were performed during the 15 month look back period.,,78,,,,,0,percent of total billed charges,78% of Billed Charges. Lesser of 100% of billed charges applies.; No services were performed during the 15 month look back period.,,78,,,,,0,percent of total billed charges,78% of Billed Charges. Lesser of 100% of billed charges applies.; No services were performed during the 15 month look back period.,,78,,,,,0,percent of total billed charges,78% of Billed Charges. Lesser of 100% of billed charges applies.; No services were performed during the 15 month look back period.,,78,,,,,0,percent of total billed charges,78% of Billed Charges. Lesser of 100% of billed charges applies.; No services were performed during the 15 month look back period.,,78,,,,,0,percent of total billed charges,78% of Billed Charges. Lesser of 100% of billed charges applies.; No services were performed during the 15 month look back period.,,78,,,,,0,percent of total billed charges,78% of Billed Charges. Lesser of 100% of billed charges applies.; No services were performed during the 15 month look back period.,,78,,,,,0,percent of total billed charges,78% of Billed Charges. Lesser of 100% of billed charges applies.; No services were performed during the 15 month look back period.,,78,,,,,0,percent of total billed charges,78% of Billed Charges. Lesser of 100% of billed charges applies.; No services were performed during the 15 month look back period.,,78,,,,,0,percent of total billed charges,78% of Billed Charges. Lesser of 100% of billed charges applies.; No services were performed during the 15 month look back period.,,78,,,,,0,percent of total billed charges,78% of Billed Charges. Lesser of 100% of billed charges applies.; No services were performed during the 15 month look back period.,,78,,,,,0,percent of total billed charges,78% of Billed Charges. Lesser of 100% of billed charges applies.; No services were performed during the 15 month look back period.,,78,,,,,0,percent of total billed charges,78% of Billed Charges. Lesser of 100% of billed charges applies.; No services were performed during the 15 month look back period.,,78,,,,,0,percent of total billed charges,78% of Billed Charges. Lesser of 100% of billed charges applies.; No services were performed during the 15 month look back period.,8427,,,,,,,Case Rate,". Primary procedure pays at 100%, all subsequent at 50%.",8427,,,,,,,Case Rate,". Primary procedure pays at 100%, all subsequent at 50%.",8427,,,,,,,Case Rate,". Primary procedure pays at 100%, all subsequent at 50%.",8427,,,,,,,Case Rate,". Primary procedure pays at 100%, all subsequent at 50%.",12574,,,,,,,Case Rate,". Primary procedure pays at 100%, all subsequent at 50%.",12574,,,,,,,Case Rate,". Primary procedure pays at 100%, all subsequent at 50%.",6487,,,,,,,Case Rate,". MPL 100/50/25% maxmium of 3 procedures. All add ons apply, and lesser of 100% of billed charges",10351,,,,,,,Case Rate,". MPL 100/50/25% all add ons apply, and lesser of 100% of billed charges",5815.32,,,,,,,Case Rate,". MPL 100/50/25% all add ons apply, and lesser of 100% of billed charges",10351,,,,,,,Case Rate,". MPL 100/50/25% all add ons apply, and lesser of 100% of billed charges",,78,,,,,0,percent of total billed charges,78% of Billed Charges. Lesser of 100% of billed charges applies.; No services were performed during the 15 month look back period.,12574,,,,,,,Case Rate,". Primary procedure pays at 100%, all subsequent at 50%.",10351,,,,,,,Case Rate,". MPL 100/50/25% all add ons apply, and lesser of 100% of billed charges",5815.32,,,,,,,Case Rate,". MPL 100/50/25% all add ons apply, and lesser of 100% of billed charges",6487,,,,,,,Case Rate,". MPL 100/50/25% maxmium of 3 procedures. All add ons apply, and lesser of 100% of billed charges",,,,,,,,,"NA. ",,78,,,,,0,percent of total billed charges,78% of Billed Charges. Lesser of 100% of billed charges applies.; No services were performed during the 15 month look back period.,3114.63,,,,,,,Case Rate,"100 Percent of Medicaid APG. ",8427,,,,,,,Case Rate,". Primary procedure pays at 100%, all subsequent at 50%.",3114.63,,,,,,,Case Rate,"100 Percent of Medicaid APG. Not APG payable, or payable under another fee schedule like ASP/AWP pays at 30% of charges",3837.52,,,,,,,Case Rate,"100%Medicare OPPS FS. ",3837.52,,,,,,,Case Rate,"100% Medicare OPPS FS. ",25798,,,,,,,Case Rate,". MPL 100/75/50% all add ons apply, and lesser of 100% of billed charges",3837.52,,,,,,,Case Rate,"100% Medicare OPPS FS. ",3837.52,,,,,,,Case Rate,"100% Medicare OPPS FS. ",3114.63,,,,,,,Case Rate,"100 Percent of Medicaid APG. ",3837.52,,,,,,,Case Rate,"100% Medicare OPPS FS. ",3837.52,,,,,,,Case Rate,"100% Medicare OPPS FS. ",15563,,,,,,,Case Rate,". Primary procedure pays at 100%, secondary at 50%, all subsequent at 25%.  Lesser of applies when negotiated rates exceed charges less addons.",15563,,,,,,,Case Rate,". Primary procedure pays at 100%, secondary at 50%, all subsequent at 25%.  Lesser of applies when negotiated rates exceed charges less addons.",3837.52,,,,,,,Case Rate,"100% Medicare OPPS FS. ",6487,,,,,,,Case Rate,". MPL 100/50/25% maxmium of 3 procedures. All add ons apply, and lesser of 100% of billed charges",5815.32,,,,,,,Case Rate,". MPL 100/50/25% all add ons apply, and lesser of 100% of billed charges",5815.32,,,,,,,Case Rate,". MPL 100/50/25% all add ons apply, and lesser of 100% of billed charges",3837.52,,,,,,,Case Rate,"100% Medicare OPPS FS. ",6487,,,,,,,Case Rate,". MPL 100/50/25% maxmium of 3 procedures. All add ons apply, and lesser of 100% of billed charges",15563,,,,,,,Case Rate,". Primary procedure pays at 100%, secondary at 50%, all subsequent at 25%.  Lesser of applies when negotiated rates exceed charges less addons.",15563,,,,,,,Case Rate,". Primary procedure pays at 100%, secondary at 50%, all subsequent at 25%.  Lesser of applies when negotiated rates exceed charges less addons.",15563,,,,,,,Case Rate,". Primary procedure pays at 100%, secondary at 50%, all subsequent at 25%.  Lesser of applies when negotiated rates exceed charges less addons.",,78,,,,,0,percent of total billed charges,78% of Billed Charges. Lesser of 100% of billed charges applies.; No services were performed during the 15 month look back period.,,78,,,,,0,percent of total billed charges,78% of Billed Charges. Lesser of 100% of billed charges applies.; No services were performed during the 15 month look back period.,,78,,,,,0,percent of total billed charges,78% of Billed Charges. Lesser of 100% of billed charges applies.; No services were performed during the 15 month look back period.,,78,,,,,0,percent of total billed charges,78% of Billed Charges. Lesser of 100% of billed charges applies.; No services were performed during the 15 month look back period.,,78,,,,,0,percent of total billed charges,78% of Billed Charges. Lesser of 100% of billed charges applies.; No services were performed during the 15 month look back period.,,78,,,,,0,percent of total billed charges,78% of Billed Charges. Lesser of 100% of billed charges applies.; No services were performed during the 15 month look back period.,,78,,,,,0,percent of total billed charges,78% of Billed Charges. Lesser of 100% of billed charges applies.; No services were performed during the 15 month look back period.,,78,,,,,0,percent of total billed charges,78% of Billed Charges. Lesser of 100% of billed charges applies.; No services were performed during the 15 month look back period.,,78,,,,,0,percent of total billed charges,78% of Billed Charges. Lesser of 100% of billed charges applies.; No services were performed during the 15 month look back period.,,78,,,,,0,percent of total billed charges,78% of Billed Charges. Lesser of 100% of billed charges applies.; No services were performed during the 15 month look back period.,,78,,,,,0,percent of total billed charges,78% of Billed Charges. Lesser of 100% of billed charges applies.; No services were performed during the 15 month look back period.,12574,,,,,,,Case Rate,". Primary procedure pays at 100%, all subsequent at 50%.",10351,,,,,,,Case Rate,". MPL 100/50/25% all add ons apply, and lesser of 100% of billed charges",6487,,,,,,,Case Rate,". MPL 100/50/25% maxmium of 3 procedures. All add ons apply, and lesser of 100% of billed charges",3837.52,,,,,,,Case Rate,"100% Medicare OPPS FS. ",15563,,,,,,,Case Rate,". Primary procedure pays at 100%, secondary at 50%, all subsequent at 25%.  Lesser of applies when negotiated rates exceed charges less addons.",6487,,,,,,,Case Rate,". MPL 100/50/25% maxmium of 3 procedures. All add ons apply, and lesser of 100% of billed charges",6487,,,,,,,Case Rate,". MPL 100/50/25% maxmium of 3 procedures. All add ons apply, and lesser of 100% of billed charges",,78,,,,,0,percent of total billed charges,78% of Billed Charges. Lesser of 100% of billed charges applies.; No services were performed during the 15 month look back period.,6665.31,,,,,,,Case Rate,"214 Percent of Medicaid APG. Drugs not priced under APG, billed with revenue code 636 and not priced by Medicare ASP FeeSched will be reimbursed at 20% of charges.",6487,,,,,,,Case Rate,". MPL 100/50/25% maxmium of 3 procedures. All add ons apply, and lesser of 100% of billed charges",3114.63,,,,,,,Case Rate,"100 Percent of Medicaid APG. ",3837.52,,,,,,,Case Rate,"100% Medicare OPPS FS. ",3837.52,,,,,,,Case Rate,"100% Medicare OPPS FS. ",3837.52,,,,,,,Case Rate,"100% Medicare OPPS FS. ",3837.52,,,,,,,Case Rate,"100% Medicare OPPS FS. ",3837.52,,,,,,,Case Rate,"100% Medicare OPPS FS. ",3837.52,,,,,,,Case Rate,"100% Medicare OPPS FS. ",6487,,,,,,,Case Rate,". MPL 100/50/25% maxmium of 3 procedures. All add ons apply, and lesser of 100% of billed charges",25798,,,,,,,Case Rate,". MPL 100/75/50% all add ons apply, and lesser of 100% of billed charges",5606.33,,,,,,,Fee Schedule,"180 Percent of Medicaid APG. ",5606.33,,,,,,,Fee Schedule,"180 Percent of Medicaid APG. ",5606.33,,,,,,,Fee Schedule,"180 Percent of Medicaid APG. ",5606.33,,,,,,,Fee Schedule,"180 Percent of Medicaid APG. ",5606.33,,,,,,,Fee Schedule,"180 Percent of Medicaid APG. ",,,,,,,,,"NA. ",25798,,,,,,,Case Rate,". MPL 100/75/50% all add ons apply, and lesser of 100% of billed charges",7598.3,,,,,,,Case Rate,198 Percent of Medicare OPPS. Metroplus will reimburse unlisted codes and described codes with no Medicare rate at 50 percent of charges.,7598.3,,,,,,,Case Rate,198 Percent of Medicare OPPS. Metroplus will reimburse unlisted codes and described codes with no Medicare rate at 50 percent of charges.,7598.3,,,,,,,Case Rate,198 Percent of Medicare OPPS. Metroplus will reimburse unlisted codes and described codes with no Medicare rate at 50 percent of charges.,7598.3,,,,,,,Case Rate,198 Percent of Medicare OPPS. Metroplus will reimburse unlisted codes and described codes with no Medicare rate at 50 percent of charges.,7598.3,,,,,,,Case Rate,198 Percent of Medicare OPPS. Metroplus will reimburse unlisted codes and described codes with no Medicare rate at 50 percent of charges.,3837.52,,,,,,,Case Rate,"100% Medicare OPPS FS. ",12574,,,,,,,Case Rate,". Primary procedure pays at 100%, all subsequent at 50%.",12574,,,,,,,Case Rate,". Primary procedure pays at 100%, all subsequent at 50%.",12574,,,,,,,Case Rate,". Primary procedure pays at 100%, all subsequent at 50%.",12574,,,,,,,Case Rate,". Primary procedure pays at 100%, all subsequent at 50%.",15563,,,,,,,Case Rate,". Primary procedure pays at 100%, secondary at 50%, all subsequent at 25%.  Lesser of applies when negotiated rates exceed charges less addons.",15563,,,,,,,Case Rate,". Primary procedure pays at 100%, secondary at 50%, all subsequent at 25%.  Lesser of applies when negotiated rates exceed charges less addons.",15563,,,,,,,Case Rate,". Primary procedure pays at 100%, secondary at 50%, all subsequent at 25%.  Lesser of applies when negotiated rates exceed charges less addons.",15563,,,,,,,Case Rate,". Primary procedure pays at 100%, secondary at 50%, all subsequent at 25%.  Lesser of applies when negotiated rates exceed charges less addons.",25798,,,,,,,Case Rate,". MPL 100/75/50% all add ons apply, and lesser of 100% of billed charges",25798,,,,,,,Case Rate,". MPL 100/75/50% all add ons apply, and lesser of 100% of billed charges",3837.52,,,,,,,Case Rate,"100% Medicare OPPS FS. ",3837.52,,,,,,,Case Rate,"100% Medicare OPPS FS. ",3837.52,,,,,,,Case Rate,"100% Medicare OPPS FS. ",10351,,,,,,,Case Rate,". MPL 100/50/25% all add ons apply, and lesser of 100% of billed charges",10351,,,,,,,Case Rate,". MPL 100/50/25% all add ons apply, and lesser of 100% of billed charges",10351,,,,,,,Case Rate,". MPL 100/50/25% all add ons apply, and lesser of 100% of billed charges",25798,,,,,,,Case Rate,". MPL 100/75/50% all add ons apply, and lesser of 100% of billed charges",15563,,,,,,,Case Rate,". Primary procedure pays at 100%, secondary at 50%, all subsequent at 25%.  Lesser of applies when negotiated rates exceed charges less addons.",3837.52,,,,,,,Case Rate,"100% Medicare OPPS FS. ",10351,,,,,,,Case Rate,". MPL 100/50/25% all add ons apply, and lesser of 100% of billed charges",3114.63,,,,,,,Case Rate,"100 Percent of Medicaid APG. ",3914.28,,,,,,,Case Rate,"102% of Medicare OPPS. ",3914.28,,,,,,,Case Rate,"102% of Medicare OPPS. ",3914.28,,,,,,,Case Rate,"102% of Medicare OPPS. ",3114.63,,,,,,,Case rate,"100 Percent of Medicaid APG. ",7007.92,,,,,,,Case Rate,225% of NYS APG. Lesser of 100% of billed charges applies.,7007.92,,,,,,,Case Rate,225% of NYS APG. Lesser of 100% of billed charges applies.,7007.92,,,,,,,Case Rate,225% of NYS APG. Lesser of 100% of billed charges applies.,7007.92,,,,,,,Case Rate,225% of NYS APG. Lesser of 100% of billed charges applies.,7007.92,,,,,,,Case Rate,225% of NYS APG. Lesser of 100% of billed charges applies.,3914.28,,,,,,,Case Rate,"102% of Medicare OPPS. ",3114.63,,,,,,,Case Rate,"100 Percent of Medicaid APG. ",1103.36,,,,,,,Case Rate,100% of PAS. Lesser of 100% of billed charges applies.,7007.92,,,,,,,Case Rate,225% of NYS APG. Lesser of 100% of billed charges applies.,7007.92,,,,,,,Case Rate,225% of NYS APG. Lesser of 100% of billed charges applies.,1103.36,,,,,,,Case Rate,100% of PAS. Lesser of 100% of billed charges applies.,1103.36,,,,,,,Case Rate,100% of PAS. Lesser of 100% of billed charges applies.,5606.33,,,,,,,Fee Schedule,"180 Percent of Medicaid APG. ",3837.52,,,,,,,Case Rate,"100% Medicare OPPS FS. ",3837.52,,,,,,,Case Rate,"100% Medicare OPPS FS. ",15563,,,,,,,Case Rate,". Primary procedure pays at 100%, secondary at 50%, all subsequent at 25%.  Lesser of applies when negotiated rates exceed charges less addons.",3837.52,,,,,,,Case Rate,"100% Medicare OPPS FS. ",7007.92,,,,,,,Case Rate,"225 Percent of Medicaid APG. ",7007.92,,,,,,,Case Rate,"225 Percent of Medicaid APG. ",3114.63,,,,,,,Case rate,"100 Percent of Medicaid APG. ",3114.63,,,,,,,Case rate,"100 Percent of Medicaid APG. ",7007.92,,,,,,,Case Rate,225 Percent of Medicaid APG. Covered services not payable under Medicaid Fee Schedules default to a payment of 87.5 percent of charges.,3114.63,,,,,,,Case rate,124 Percent of Medicaid APG. Covered services not payable under Medicaid Fee Schedules default to a payment of 50 percent of charges.,7007.92,,,,,,,Case Rate,"100 Percent of Medicaid APG. ",7007.92,,,,,,,Case Rate,"100 Percent of Medicaid APG. ",7007.92,,,,,,,Case Rate,"100 Percent of Medicaid APG. ",7007.92,,,,,,,Case Rate,"100 Percent of Medicaid APG. ",13453,,,,,,,Case Rate,". MPL 100/75/50% all add ons apply, and lesser of 100% of billed charges",25798,,,,,,,Case Rate,". MPL 100/75/50% all add ons apply, and lesser of 100% of billed charges",3737.56,,,,,,,Case Rate,"120 Percent of Medicaid APG. Not APG payable, or payable under another fee schedule like ASP/AWP pays at 30% of charges",3737.56,,,,,,,Case Rate,"120 Percent of Medicaid APG. Not APG payable, or payable under another fee schedule like ASP/AWP pays at 30% of charges",3114.63,,,,,,,Case Rate,"100 Percent of Medicaid APG. Not APG payable, or payable under another fee schedule like ASP/AWP pays at 30% of charges",3114.63,,,,,,,Case Rate,"100 Percent of Medicaid APG. Not APG payable, or payable under another fee schedule like ASP/AWP pays at 30% of charges",10351,,,,,,,Case Rate,". MPL 100/50/25% all add ons apply, and lesser of 100% of billed charges",10351,,,,,,,Case Rate,". MPL 100/50/25% all add ons apply, and lesser of 100% of billed charges",3837.52,,,,,,,Case Rate,"100% Medicare OPPS FS. ",10351,,,,,,,Case Rate,". MPL 100/50/25% all add ons apply, and lesser of 100% of billed charges",10351,,,,,,,Case Rate,". MPL 100/50/25% all add ons apply, and lesser of 100% of billed charges",10351,,,,,,,Case Rate,". MPL 100/50/25% all add ons apply, and lesser of 100% of billed charges",10351,,,,,,,Case Rate,". MPL 100/50/25% all add ons apply, and lesser of 100% of billed charges",3837.52,,,,,,,Case Rate,"100% Medicare OPPS FS. ",10351,,,,,,,Case Rate,". MPL 100/50/25% all add ons apply, and lesser of 100% of billed charges",10351,,,,,,,Case Rate,". MPL 100/50/25% all add ons apply, and lesser of 100% of billed charges",15563,,,,,,,Case Rate,". Primary procedure pays at 100%, secondary at 50%, all subsequent at 25%.  Lesser of applies when negotiated rates exceed charges less addons.",3114.63,,,,,,,Fee Schedule,100% APG. Lesser of 100% of billed charges applies.,3114.63,,,,,,,Case rate,124 Percent of Medicaid APG. Covered services not payable under Medicaid Fee Schedules default to a payment of 50 percent of charges.,7007.92,,,,,,,Case Rate,225% of NYS APG. Lesser of 100% of billed charges applies.,7007.92,,,,,,,Case Rate,225 Percent of Medicaid APG. Covered services not payable under Medicaid Fee Schedules default to a payment of 87.5 percent of charges.,3114.63,,,,,,,Case rate,124 Percent of Medicaid APG. Covered services not payable under Medicaid Fee Schedules default to a payment of 50 percent of charges.,7007.92,,,,,,,Case Rate,225% of NYS APG. Lesser of 100% of billed charges applies.,7007.92,,,,,,,Case Rate,225% of NYS APG. Lesser of 100% of billed charges applies.,7007.92,,,,,,,Case Rate,225% of NYS APG. Lesser of 100% of billed charges applies.,7007.92,,,,,,,Case Rate,225% of NYS APG. Lesser of 100% of billed charges applies.,7007.92,,,,,,,Case Rate,225% of NYS APG. Lesser of 100% of billed charges applies.,7007.92,,,,,,,Case Rate,225% of NYS APG. Lesser of 100% of billed charges applies.,,,,,,,,,"NA. ",,,,,,,,,"NA. ",,,,,,,,,"NA. ",6487,,,,,,,Case Rate,". MPL 100/50/25% maxmium of 3 procedures. All add ons apply, and lesser of 100% of billed charges",,,,,,,,,"NA. ",3837.52,,,,,,,Case Rate,"100% Medicare OPPS FS. ",15878,,,,,,,Case Rate,". MPL 1st 100% of Payment Rate 50% of all others, all add ons apply, and lesser of 100% of billed charges.",3837.52,,,,,,,Case Rate,"100% Medicare OPPS FS. ",3837.52,,,,,,,Case Rate,"100% Medicare OPPS FS. ",3737.56,,,,,,,Case Rate,"120 Percent of Medicaid APG. Not APG payable, or payable under another fee schedule like ASP/AWP pays at 30% of charges",3737.56,,,,,,,Case Rate,"120 Percent of Medicaid APG. Not APG payable, or payable under another fee schedule like ASP/AWP pays at 30% of charges",3114.63,,,,,,,Case Rate,"100 Percent of Medicaid APG. Not APG payable, or payable under another fee schedule like ASP/AWP pays at 30% of charges",3114.63,,,,,,,Case Rate,"100 Percent of Medicaid APG. Not APG payable, or payable under another fee schedule like ASP/AWP pays at 30% of charges",3114.63,,,,,,,Case Rate,"100 Percent of Medicaid APG. ",7163,,,,,,,Case Rate,". ",15563,,,,,,,Case Rate,". Primary procedure pays at 100%, secondary at 50%, all subsequent at 25%.  Lesser of applies when negotiated rates exceed charges less addons.",8427,,,,,,,Case Rate,". Primary procedure pays at 100%, all subsequent at 50%.",6487,,,,,,,Case Rate,". MPL 100/50/25% maxmium of 3 procedures. All add ons apply, and lesser of 100% of billed charges",3837.52,,,,,,,Case Rate,"100%Medicare OPPS FS. ",3837.52,,,,,,,Case Rate,"100% Medicare OPPS FS. ",3837.52,,,,,,,Case Rate,"100% Medicare OPPS FS. ",3837.52,,,,,,,Case Rate,"100% Medicare OPPS FS. ",3837.52,,,,,,,Case Rate,"100%Medicare OPPS FS. ",3837.52,,,,,,,Case Rate,"100% Medicare OPPS FS. ",,,,,,,,,"NA. ",7007.92,,,,,,,Case Rate,225% of NYS APG. Lesser of 100% of billed charges applies.,1103.36,,,,,,,Case Rate,100% of PAS. Lesser of 100% of billed charges applies.,10351,,,,,,,Case Rate,". MPL 100/50/25% all add ons apply, and lesser of 100% of billed charges",7163,,,,,,,Case Rate,". ",7163,,,,,,,Case Rate,". ",7163,,,,,,,Case Rate,". ",7163,,,,,,,Case Rate,". ",3837.52,,,,,,,Case Rate,"100% Medicare OPPS FS. ",3114.63,,,,,,,Case Rate,"100 Percent of Medicaid APG. ",10351,,,,,,,Case Rate,". MPL 100/50/25% all add ons apply, and lesser of 100% of billed charges",3114.63,,,,,,,Case Rate,"100 Percent of Medicaid APG. ",3837.52,,,,,,,Case Rate,"100% Medicare OPPS FS. ",3114.63,,,,,,,Case Rate,"100 Percent of Medicaid APG. ",3837.52,,,,,,,Case Rate,"100% Medicare OPPS FS. ",3837.52,,,,,,,Case Rate,"100% Medicare OPPS FS. ",3114.63,,,,,,,Case Rate,"100 Percent of Medicaid APG. ",3114.63,,,,,,,Case Rate,"100 Percent of Medicaid APG. ",7163,,,,,,,Case Rate,". ",6487,,,,,,,Case Rate,". MPL 100/50/25% maxmium of 3 procedures. All add ons apply, and lesser of 100% of billed charges",,78,,,,,0,percent of total billed charges,78% of Billed Charges. Lesser of 100% of billed charges applies.; No services were performed during the 15 month look back period.,5815.32,,,,,,,Case Rate,". MPL 100/50/25% all add ons apply, and lesser of 100% of billed charges",5815.32,,,,,,,Case Rate,". MPL 100/50/25% all add ons apply, and lesser of 100% of billed charges",15563,,,,,,,Case Rate,". Primary procedure pays at 100%, secondary at 50%, all subsequent at 25%.  Lesser of applies when negotiated rates exceed charges less addons.",1338.99,,,,,,,Case Rate,"83% HF Fee schedule. ",12574,,,,,,,Case Rate,". Primary procedure pays at 100%, all subsequent at 50%.",12574,,,,,,,Case Rate,". Primary procedure pays at 100%, all subsequent at 50%.",8281,,,,,,,Case Rate,". MPL 100/50/25% all add ons apply, and lesser of 100% of billed charges",8281,,,,,,,Case Rate,". MPL 100/50/25% all add ons apply, and lesser of 100% of billed charges",3837.52,,,,,,,Case Rate,"100% Medicare OPPS FS. ",3837.52,,,,,,,Case Rate,"100% Medicare OPPS FS. ",3837.52,,,,,,,Case Rate,"100% Medicare OPPS FS. ",3837.52,,,,,,,Case Rate,"100% Medicare OPPS FS. ",5815.32,,,,,,,Case Rate,". MPL 100/50/25% all add ons apply, and lesser of 100% of billed charges",10351,,,,,,,Case Rate,". MPL 100/50/25% all add ons apply, and lesser of 100% of billed charges",10351,,,,,,,Case Rate,". MPL 100/50/25% all add ons apply, and lesser of 100% of billed charges",3837.52,,,,,,,Case Rate,"100% Medicare OPPS FS. ",8281,,,,,,,Case Rate,". MPL 100/50/25% all add ons apply, and lesser of 100% of billed charges",8427,,,,,,,Case Rate,". Primary procedure pays at 100%, all subsequent at 50%.",3737.56,,,,,,,Fee Schedule,"120 Percent of Medicaid APG. ",3114.63,,,,,,,Case Rate,"100 Percent of Medicaid APG. ",7163,,,,,,,Case Rate,". ",9316,,,,,,,Case Rate,". MPL 100/50/25% all add ons apply, and lesser of 100% of billed charges",9316,,,,,,,Case Rate,". MPL 100/50/25% all add ons apply, and lesser of 100% of billed charges",10351,,,,,,,Case Rate,". MPL 100/50/25% all add ons apply, and lesser of 100% of billed charges",14948,,,,,,,Case Rate,". MPL 100/75/50% all add ons apply, and lesser of 100% of billed charges",3837.52,,,,,,,Case Rate,"100%Medicare OPPS FS. ",3270.36,,,,,,,Fee Schedule,105 percent of Medicaid APG. otherwise 105% of Ordered NYS MCD FS or 105% of ASP+6%,3270.36,,,,,,,Fee Schedule,105 percent of Medicaid APG. otherwise 105% of Ordered NYS MCD FS or 105% of ASP+6%,3270.36,,,,,,,Fee Schedule,105 percent of Medicaid APG. otherwise 105% of Ordered NYS MCD FS or 105% of ASP+6%,4204.75,,,,,,,Fee Schedule,135 percent of Medicaid APG. otherwise 135% of Ordered NYS MCD FS or 135% of ASP+6%,5815.32,,,,,,,Case Rate,". MPL 100/50/25% all add ons apply, and lesser of 100% of billed charges",3270.36,,,,,,,Fee Schedule,105 percent of Medicaid APG. otherwise 105% of Ordered NYS MCD FS or 105% of ASP+6%,3270.36,,,,,,,Fee Schedule,105 percent of Medicaid APG. otherwise 105% of Ordered NYS MCD FS or 105% of ASP+6%,3270.36,,,,,,,Fee Schedule,105 percent of Medicaid APG. otherwise 105% of Ordered NYS MCD FS or 105% of ASP+6%,3270.36,,,,,,,Fee Schedule,105 percent of Medicaid APG. otherwise 105% of Ordered NYS MCD FS or 105% of ASP+6%,3270.36,,,,,,,Fee Schedule,105 percent of Medicaid APG. otherwise 105% of Ordered NYS MCD FS or 105% of ASP+6%,4204.75,,,,,,,Fee Schedule,135 percent of Medicaid APG. otherwise 135% of Ordered NYS MCD FS or 135% of ASP+6%,4204.75,,,,,,,Fee Schedule,135 percent of Medicaid APG. otherwise 135% of Ordered NYS MCD FS or 135% of ASP+6%,3837.52,,,,,,,Case Rate,"100% Medicare OPPS FS. ",5815.32,,,,,,,Case Rate,". MPL 100/50/25% all add ons apply, and lesser of 100% of billed charges",3837.52,,,,,,,Case Rate,"100% Medicare OPPS FS. ",3270.36,,,,,,,Fee Schedule,105 percent of Medicaid APG. otherwise 105% of Ordered NYS MCD FS or 105% of ASP+6%,10351,,,,,,,Case Rate,". MPL 100/50/25% all add ons apply, and lesser of 100% of billed charges",3837.52,,,,,,,Case Rate,"100% Medicare OPPS FS. ",10351,,,,,,,Case Rate,". MPL 100/50/25% all add ons apply, and lesser of 100% of billed charges",10351,,,,,,,Case Rate,". MPL 100/50/25% all add ons apply, and lesser of 100% of billed charges",10351,,,,,,,Case Rate,". MPL 100/50/25% all add ons apply, and lesser of 100% of billed charges",3270.36,,,,,,,Fee Schedule,105 percent of Medicaid APG. otherwise 105% of Ordered NYS MCD FS or 105% of ASP+6%,3837.52,,,,,,,Case Rate,"100% Medicare OPPS FS. ",10351,,,,,,,Case Rate,". MPL 100/50/25% all add ons apply, and lesser of 100% of billed charges",4204.75,,,,,,,Fee Schedule,135 percent of Medicaid APG. otherwise 135% of Ordered NYS MCD FS or 135% of ASP+6%,10351,,,,,,,Case Rate,". MPL 100/50/25% all add ons apply, and lesser of 100% of billed charges",,200,,,,,0,Case Rate,200% of Medicare OPPS. ; No services were performed during the 15 month look back period.,3837.52,,,,,,,Case Rate,"100%Medicare OPPS FS. ",7163,,,,,,,Case Rate,". ",7163,,,,,,,Case Rate,". ",7163,,,,,,,Case Rate,". ",7163,,,,,,,Case Rate,". ",7163,,,,,,,Case Rate,". ",8427,,,,,,,Case Rate,". Primary procedure pays at 100%, all subsequent at 50%.",8427,,,,,,,Case Rate,". Primary procedure pays at 100%, all subsequent at 50%.",7163,,,,,,,Case Rate,". ",7163,,,,,,,Case Rate,". ",7163,,,,,,,Case Rate,". ",7163,,,,,,,Case Rate,". ",7163,,,,,,,Case Rate,". ",3837.52,,,,,,,Case Rate,"100% Medicare OPPS FS. ",8427,,,,,,,Case Rate,". Primary procedure pays at 100%, all subsequent at 50%.",3837.52,,,,,,,Case Rate,"100% Medicare OPPS FS. ",7007.92,,,,,,,Case Rate,"225 Percent of Medicaid APG. If not included in Medicaid APG, then 100 Percent of Manhattan Medicare",3114.63,,,,,,,Case Rate,"100 Percent of Medicaid APG. ",5815.32,,,,,,,Case Rate,". MPL 100/50/25% all add ons apply, and lesser of 100% of billed charges",5815.32,,,,,,,Case Rate,". MPL 100/50/25% all add ons apply, and lesser of 100% of billed charges",3837.52,,,,,,,Case Rate,"100% Medicare OPPS FS. ",12574,,,,,,,Case Rate,". Primary procedure pays at 100%, all subsequent at 50%.",3837.52,,,,,,,Case Rate,"100% Medicare OPPS FS. ",3837.52,,,,,,,Case Rate,"100% Medicare OPPS FS. ",15563,,,,,,,Case Rate,". Primary procedure pays at 100%, secondary at 50%, all subsequent at 25%.  Lesser of applies when negotiated rates exceed charges less addons.",3837.52,,,,,,,Case Rate,"100% Medicare OPPS FS. ",6487,,,,,,,Case Rate,". MPL 100/50/25% maxmium of 3 procedures. All add ons apply, and lesser of 100% of billed charges",3837.52,,,,,,,Case Rate,"100% Medicare OPPS FS. ",6487,,,,,,,Case Rate,". MPL 100/50/25% maxmium of 3 procedures. All add ons apply, and lesser of 100% of billed charges",15563,,,,,,,Case Rate,". Primary procedure pays at 100%, secondary at 50%, all subsequent at 25%.  Lesser of applies when negotiated rates exceed charges less addons.",6487,,,,,,,Case Rate,". MPL 100/50/25% maxmium of 3 procedures. All add ons apply, and lesser of 100% of billed charges",3837.52,,,,,,,Case Rate,"100% Medicare OPPS FS. ",3114.63,,,,,,,Case Rate,"100 Percent of Medicaid APG. ",3837.52,,,,,,,Case Rate,"100% Medicare OPPS FS. ",6487,,,,,,,Case Rate,". MPL 100/50/25% maxmium of 3 procedures. All add ons apply, and lesser of 100% of billed charges",5815.32,,,,,,,Case Rate,". MPL 100/50/25% all add ons apply, and lesser of 100% of billed charges",3114.63,,,,,,,Case Rate,"100 Percent of Medicaid APG. ",10351,,,,,,,Case Rate,". MPL 100/50/25% all add ons apply, and lesser of 100% of billed charges",3737.56,,,,,,,Fee Schedule,"120 Percent of Medicaid APG. ",3737.56,,,,,,,Fee Schedule,"120 Percent of Medicaid APG. ",10351,,,,,,,Case Rate,". MPL 100/50/25% all add ons apply, and lesser of 100% of billed charges",10351,,,,,,,Case Rate,". MPL 100/50/25% all add ons apply, and lesser of 100% of billed charges",10351,,,,,,,Case Rate,". MPL 100/50/25% all add ons apply, and lesser of 100% of billed charges",5815.32,,,,,,,Case Rate,". MPL 100/50/25% all add ons apply, and lesser of 100% of billed charges",10351,,,,,,,Case Rate,". MPL 100/50/25% all add ons apply, and lesser of 100% of billed charges",10351,,,,,,,Case Rate,". MPL 100/50/25% all add ons apply, and lesser of 100% of billed charges",10351,,,,,,,Case Rate,". MPL 100/50/25% all add ons apply, and lesser of 100% of billed charges",7163,,,,,,,Case Rate,". ",7163,,,,,,,Case Rate,". ",7598.3,,,,,,,Case Rate,198 Percent of Medicare OPPS. Metroplus will reimburse unlisted codes and described codes with no Medicare rate at 50 percent of charges.,3114.63,,,,,,,Case Rate,"100 Percent of Medicaid APG. ",5815.32,,,,,,,Case Rate,". MPL 100/50/25% all add ons apply, and lesser of 100% of billed charges",6487,,,,,,,Case Rate,". MPL 100/50/25% maxmium of 3 procedures. All add ons apply, and lesser of 100% of billed charges",15563,,,,,,,Case Rate,". Primary procedure pays at 100%, secondary at 50%, all subsequent at 25%.  Lesser of applies when negotiated rates exceed charges less addons.",5815.32,,,,,,,Case Rate,". MPL 100/50/25% all add ons apply, and lesser of 100% of billed charges",15563,,,,,,,Case Rate,". Primary procedure pays at 100%, secondary at 50%, all subsequent at 25%.  Lesser of applies when negotiated rates exceed charges less addons.",5815.32,,,,,,,Case Rate,". MPL 100/50/25% all add ons apply, and lesser of 100% of billed charges",10351,,,,,,,Case Rate,". MPL 100/50/25% all add ons apply, and lesser of 100% of billed charges",10351,,,,,,,Case Rate,". MPL 100/50/25% all add ons apply, and lesser of 100% of billed charges",10351,,,,,,,Case Rate,". MPL 100/50/25% all add ons apply, and lesser of 100% of billed charges",10351,,,,,,,Case Rate,". MPL 100/50/25% all add ons apply, and lesser of 100% of billed charges",3837.52,,,,,,,Case Rate,"100% Medicare OPPS FS. ",1103.36,25798,
31276,CPT,,,490,RC,NSL/SINS NDSC FRNT TISS RMVL,,,both,,,,7084,,,,,,,Case Rate,". MPL 1st 100% of Payment Rate 50% of all others, all add ons apply, and lesser of 100% of billed charges.",7084,,,,,,,Case Rate,". MPL 1st 100% of Payment Rate 50% of all others, all add ons apply, and lesser of 100% of billed charges.",10024,,,,,,,Case Rate,". Primary procedure pays at 100%, secondary at 50%, all subsequent at 25%.  Lesser of applies when negotiated rates exceed charges less addons.",,100,,,,,0,percent of total billed charges,100 percent of billed charges. ; No services were performed during the 15 month look back period.,8191.36,,,,,,,Case Rate,"100% Medicare OPPS FS. ",10024,,,,,,,Case Rate,". Primary procedure pays at 100%, secondary at 50%, all subsequent at 25%.  Lesser of applies when negotiated rates exceed charges less addons.",10024,,,,,,,Case Rate,". Primary procedure pays at 100%, secondary at 50%, all subsequent at 25%.  Lesser of applies when negotiated rates exceed charges less addons.",10024,,,,,,,Case Rate,". Primary procedure pays at 100%, secondary at 50%, all subsequent at 25%.  Lesser of applies when negotiated rates exceed charges less addons.",717.12,,,,,,,Case Rate,"100 Percent of Medicaid APG. ",597.6,,,,,,,Case Rate,"100 Percent of Medicaid APG. ",,78,,,,,0,percent of total billed charges,78% of Billed Charges. Lesser of 100% of billed charges applies.; No services were performed during the 15 month look back period.,10978.39,,,,,,,Case Rate,". MPL 100/50/25% all add ons apply, and lesser of 100% of billed charges",597.6,,,,,,,Case Rate,"100 Percent of Medicaid APG. ",8191.36,,,,,,,Case Rate,"100% Medicare OPPS FS. ",6487,,,,,,,Case Rate,". MPL 100/50/25% maxmium of 3 procedures. All add ons apply, and lesser of 100% of billed charges",6487,,,,,,,Case Rate,". MPL 100/50/25% maxmium of 3 procedures. All add ons apply, and lesser of 100% of billed charges",6487,,,,,,,Case Rate,". MPL 100/50/25% maxmium of 3 procedures. All add ons apply, and lesser of 100% of billed charges",6487,,,,,,,Case Rate,". MPL 100/50/25% maxmium of 3 procedures. All add ons apply, and lesser of 100% of billed charges",597.6,,,,,,,Case rate,124 Percent of Medicaid APG. Covered services not payable under Medicaid Fee Schedules default to a payment of 50 percent of charges.,8191.36,,,,,,,Case Rate,"100% Medicare OPPS FS. ",597.6,,,,,,,Case rate,124 Percent of Medicaid APG. Covered services not payable under Medicaid Fee Schedules default to a payment of 50 percent of charges.,,78,,,,,0,percent of total billed charges,78% of Billed Charges. Lesser of 100% of billed charges applies.; No services were performed during the 15 month look back period.,10024,,,,,,,Case Rate,". Primary procedure pays at 100%, secondary at 50%, all subsequent at 25%.  Lesser of applies when negotiated rates exceed charges less addons.",8191.36,,,,,,,Case Rate,"100%Medicare OPPS FS. ",8427,,,,,,,Case Rate,". Primary procedure pays at 100%, all subsequent at 50%.",8191.36,,,,,,,Case Rate,"100%Medicare OPPS FS. ",8191.36,,,,,,,Case Rate,"100%Medicare OPPS FS. ",,78,,,,,0,percent of total billed charges,78% of Billed Charges. Lesser of 100% of billed charges applies.; No services were performed during the 15 month look back period.,2040.15,,,,,,,Case Rate,100% of PAS. Lesser of 100% of billed charges applies.,2040.15,,,,,,,Case Rate,100% of PAS. Lesser of 100% of billed charges applies.,597.6,,,,,,,Case rate,"100 Percent of Medicaid APG. ",597.6,,,,,,,Case rate,"100 Percent of Medicaid APG. ",8427,,,,,,,Case Rate,". Primary procedure pays at 100%, all subsequent at 50%.",8427,,,,,,,Case Rate,". Primary procedure pays at 100%, all subsequent at 50%.",597.6,,,,,,,Case Rate,"100 Percent of Medicaid APG. Not APG payable, or payable under another fee schedule like ASP/AWP pays at 30% of charges",8427,,,,,,,Case Rate,". Primary procedure pays at 100%, all subsequent at 50%.",597.6,,,,,,,Case Rate,"100 Percent of Medicaid APG. Not APG payable, or payable under another fee schedule like ASP/AWP pays at 30% of charges",8191.36,,,,,,,Case Rate,"100%Medicare OPPS FS. ",8427,,,,,,,Case Rate,". Primary procedure pays at 100%, all subsequent at 50%.",,78,,,,,0,percent of total billed charges,78% of Billed Charges. Lesser of 100% of billed charges applies.; No services were performed during the 15 month look back period.,597.6,,,,,,,Case Rate,"100 Percent of Medicaid APG. ",597.6,,,,,,,Case Rate,"100 Percent of Medicaid APG. ",,78,,,,,0,percent of total billed charges,78% of Billed Charges. Lesser of 100% of billed charges applies.; No services were performed during the 15 month look back period.,6487,,,,,,,Case Rate,". MPL 100/50/25% maxmium of 3 procedures. All add ons apply, and lesser of 100% of billed charges",9645,,,,,,,Case Rate,". MPL 100/50/25% all add ons apply, and lesser of 100% of billed charges",9645,,,,,,,Case Rate,". MPL 100/50/25% all add ons apply, and lesser of 100% of billed charges",,78,,,,,0,percent of total billed charges,78% of Billed Charges. Lesser of 100% of billed charges applies.; No services were performed during the 15 month look back period.,8191.36,,,,,,,Case Rate,"100% Medicare OPPS FS. ",10978.39,,,,,,,Case Rate,". MPL 100/50/25% all add ons apply, and lesser of 100% of billed charges",10978.39,,,,,,,Case Rate,". MPL 100/50/25% all add ons apply, and lesser of 100% of billed charges",10978.39,,,,,,,Case Rate,". MPL 100/50/25% all add ons apply, and lesser of 100% of billed charges",8191.36,,,,,,,Case Rate,"100% Medicare OPPS FS. ",10978.39,,,,,,,Case Rate,". MPL 100/50/25% all add ons apply, and lesser of 100% of billed charges",10978.39,,,,,,,Case Rate,". MPL 100/50/25% all add ons apply, and lesser of 100% of billed charges",8191.36,,,,,,,Case Rate,"100% of Medicare OPPS. ",9761,,,,,,,Case Rate,". MPL 100/75/50% all add ons apply, and lesser of 100% of billed charges",20217,,,,,,,Case Rate,". MPL 100/50/25% all add ons apply, and lesser of 100% of billed charges",20217,,,,,,,Case Rate,". MPL 100/50/25% all add ons apply, and lesser of 100% of billed charges",20217,,,,,,,Case Rate,". MPL 100/50/25% all add ons apply, and lesser of 100% of billed charges",20217,,,,,,,Case Rate,". MPL 100/50/25% all add ons apply, and lesser of 100% of billed charges",20217,,,,,,,Case Rate,". MPL 100/50/25% all add ons apply, and lesser of 100% of billed charges",20217,,,,,,,Case Rate,". MPL 100/50/25% all add ons apply, and lesser of 100% of billed charges",8191.36,,,,,,,Case Rate,"100% Medicare OPPS FS. ",8191.36,,,,,,,Case Rate,"100% Medicare OPPS FS. ",20217,,,,,,,Case Rate,". MPL 100/50/25% all add ons apply, and lesser of 100% of billed charges",,78,,,,,0,percent of total billed charges,78% of Billed Charges. Lesser of 100% of billed charges applies.; No services were performed during the 15 month look back period.,,78,,,,,0,percent of total billed charges,78% of Billed Charges. Lesser of 100% of billed charges applies.; No services were performed during the 15 month look back period.,,78,,,,,0,percent of total billed charges,78% of Billed Charges. Lesser of 100% of billed charges applies.; No services were performed during the 15 month look back period.,,78,,,,,0,percent of total billed charges,78% of Billed Charges. Lesser of 100% of billed charges applies.; No services were performed during the 15 month look back period.,,78,,,,,0,percent of total billed charges,78% of Billed Charges. Lesser of 100% of billed charges applies.; No services were performed during the 15 month look back period.,,78,,,,,0,percent of total billed charges,78% of Billed Charges. Lesser of 100% of billed charges applies.; No services were performed during the 15 month look back period.,,78,,,,,0,percent of total billed charges,78% of Billed Charges. Lesser of 100% of billed charges applies.; No services were performed during the 15 month look back period.,,78,,,,,0,percent of total billed charges,78% of Billed Charges. Lesser of 100% of billed charges applies.; No services were performed during the 15 month look back period.,,78,,,,,0,percent of total billed charges,78% of Billed Charges. Lesser of 100% of billed charges applies.; No services were performed during the 15 month look back period.,,78,,,,,0,percent of total billed charges,78% of Billed Charges. Lesser of 100% of billed charges applies.; No services were performed during the 15 month look back period.,,78,,,,,0,percent of total billed charges,78% of Billed Charges. Lesser of 100% of billed charges applies.; No services were performed during the 15 month look back period.,,78,,,,,0,percent of total billed charges,78% of Billed Charges. Lesser of 100% of billed charges applies.; No services were performed during the 15 month look back period.,,78,,,,,0,percent of total billed charges,78% of Billed Charges. Lesser of 100% of billed charges applies.; No services were performed during the 15 month look back period.,,78,,,,,0,percent of total billed charges,78% of Billed Charges. Lesser of 100% of billed charges applies.; No services were performed during the 15 month look back period.,,78,,,,,0,percent of total billed charges,78% of Billed Charges. Lesser of 100% of billed charges applies.; No services were performed during the 15 month look back period.,,78,,,,,0,percent of total billed charges,78% of Billed Charges. Lesser of 100% of billed charges applies.; No services were performed during the 15 month look back period.,,78,,,,,0,percent of total billed charges,78% of Billed Charges. Lesser of 100% of billed charges applies.; No services were performed during the 15 month look back period.,,78,,,,,0,percent of total billed charges,78% of Billed Charges. Lesser of 100% of billed charges applies.; No services were performed during the 15 month look back period.,,78,,,,,0,percent of total billed charges,78% of Billed Charges. Lesser of 100% of billed charges applies.; No services were performed during the 15 month look back period.,,78,,,,,0,percent of total billed charges,78% of Billed Charges. Lesser of 100% of billed charges applies.; No services were performed during the 15 month look back period.,,78,,,,,0,percent of total billed charges,78% of Billed Charges. Lesser of 100% of billed charges applies.; No services were performed during the 15 month look back period.,,78,,,,,0,percent of total billed charges,78% of Billed Charges. Lesser of 100% of billed charges applies.; No services were performed during the 15 month look back period.,,78,,,,,0,percent of total billed charges,78% of Billed Charges. Lesser of 100% of billed charges applies.; No services were performed during the 15 month look back period.,,78,,,,,0,percent of total billed charges,78% of Billed Charges. Lesser of 100% of billed charges applies.; No services were performed during the 15 month look back period.,,78,,,,,0,percent of total billed charges,78% of Billed Charges. Lesser of 100% of billed charges applies.; No services were performed during the 15 month look back period.,,78,,,,,0,percent of total billed charges,78% of Billed Charges. Lesser of 100% of billed charges applies.; No services were performed during the 15 month look back period.,8427,,,,,,,Case Rate,". Primary procedure pays at 100%, all subsequent at 50%.",8427,,,,,,,Case Rate,". Primary procedure pays at 100%, all subsequent at 50%.",8427,,,,,,,Case Rate,". Primary procedure pays at 100%, all subsequent at 50%.",8427,,,,,,,Case Rate,". Primary procedure pays at 100%, all subsequent at 50%.",12574,,,,,,,Case Rate,". Primary procedure pays at 100%, all subsequent at 50%.",12574,,,,,,,Case Rate,". Primary procedure pays at 100%, all subsequent at 50%.",6487,,,,,,,Case Rate,". MPL 100/50/25% maxmium of 3 procedures. All add ons apply, and lesser of 100% of billed charges",20217,,,,,,,Case Rate,". MPL 100/50/25% all add ons apply, and lesser of 100% of billed charges",10978.39,,,,,,,Case Rate,". MPL 100/50/25% all add ons apply, and lesser of 100% of billed charges",20217,,,,,,,Case Rate,". MPL 100/50/25% all add ons apply, and lesser of 100% of billed charges",,78,,,,,0,percent of total billed charges,78% of Billed Charges. Lesser of 100% of billed charges applies.; No services were performed during the 15 month look back period.,12574,,,,,,,Case Rate,". Primary procedure pays at 100%, all subsequent at 50%.",20217,,,,,,,Case Rate,". MPL 100/50/25% all add ons apply, and lesser of 100% of billed charges",10978.39,,,,,,,Case Rate,". MPL 100/50/25% all add ons apply, and lesser of 100% of billed charges",6487,,,,,,,Case Rate,". MPL 100/50/25% maxmium of 3 procedures. All add ons apply, and lesser of 100% of billed charges",,,,,,,,,"NA. ",,78,,,,,0,percent of total billed charges,78% of Billed Charges. Lesser of 100% of billed charges applies.; No services were performed during the 15 month look back period.,597.6,,,,,,,Case Rate,"100 Percent of Medicaid APG. ",8427,,,,,,,Case Rate,". Primary procedure pays at 100%, all subsequent at 50%.",597.6,,,,,,,Case Rate,"100 Percent of Medicaid APG. Not APG payable, or payable under another fee schedule like ASP/AWP pays at 30% of charges",8191.36,,,,,,,Case Rate,"100%Medicare OPPS FS. ",8191.36,,,,,,,Case Rate,"100% Medicare OPPS FS. ",9761,,,,,,,Case Rate,". MPL 100/75/50% all add ons apply, and lesser of 100% of billed charges",8191.36,,,,,,,Case Rate,"100% Medicare OPPS FS. ",8191.36,,,,,,,Case Rate,"100% Medicare OPPS FS. ",597.6,,,,,,,Case Rate,"100 Percent of Medicaid APG. ",8191.36,,,,,,,Case Rate,"100% Medicare OPPS FS. ",8191.36,,,,,,,Case Rate,"100% Medicare OPPS FS. ",10024,,,,,,,Case Rate,". Primary procedure pays at 100%, secondary at 50%, all subsequent at 25%.  Lesser of applies when negotiated rates exceed charges less addons.",10024,,,,,,,Case Rate,". Primary procedure pays at 100%, secondary at 50%, all subsequent at 25%.  Lesser of applies when negotiated rates exceed charges less addons.",8191.36,,,,,,,Case Rate,"100% Medicare OPPS FS. ",6487,,,,,,,Case Rate,". MPL 100/50/25% maxmium of 3 procedures. All add ons apply, and lesser of 100% of billed charges",10978.39,,,,,,,Case Rate,". MPL 100/50/25% all add ons apply, and lesser of 100% of billed charges",10978.39,,,,,,,Case Rate,". MPL 100/50/25% all add ons apply, and lesser of 100% of billed charges",8191.36,,,,,,,Case Rate,"100% Medicare OPPS FS. ",6487,,,,,,,Case Rate,". MPL 100/50/25% maxmium of 3 procedures. All add ons apply, and lesser of 100% of billed charges",10024,,,,,,,Case Rate,". Primary procedure pays at 100%, secondary at 50%, all subsequent at 25%.  Lesser of applies when negotiated rates exceed charges less addons.",10024,,,,,,,Case Rate,". Primary procedure pays at 100%, secondary at 50%, all subsequent at 25%.  Lesser of applies when negotiated rates exceed charges less addons.",10024,,,,,,,Case Rate,". Primary procedure pays at 100%, secondary at 50%, all subsequent at 25%.  Lesser of applies when negotiated rates exceed charges less addons.",,78,,,,,0,percent of total billed charges,78% of Billed Charges. Lesser of 100% of billed charges applies.; No services were performed during the 15 month look back period.,,78,,,,,0,percent of total billed charges,78% of Billed Charges. Lesser of 100% of billed charges applies.; No services were performed during the 15 month look back period.,,78,,,,,0,percent of total billed charges,78% of Billed Charges. Lesser of 100% of billed charges applies.; No services were performed during the 15 month look back period.,,78,,,,,0,percent of total billed charges,78% of Billed Charges. Lesser of 100% of billed charges applies.; No services were performed during the 15 month look back period.,,78,,,,,0,percent of total billed charges,78% of Billed Charges. Lesser of 100% of billed charges applies.; No services were performed during the 15 month look back period.,,78,,,,,0,percent of total billed charges,78% of Billed Charges. Lesser of 100% of billed charges applies.; No services were performed during the 15 month look back period.,,78,,,,,0,percent of total billed charges,78% of Billed Charges. Lesser of 100% of billed charges applies.; No services were performed during the 15 month look back period.,,78,,,,,0,percent of total billed charges,78% of Billed Charges. Lesser of 100% of billed charges applies.; No services were performed during the 15 month look back period.,,78,,,,,0,percent of total billed charges,78% of Billed Charges. Lesser of 100% of billed charges applies.; No services were performed during the 15 month look back period.,,78,,,,,0,percent of total billed charges,78% of Billed Charges. Lesser of 100% of billed charges applies.; No services were performed during the 15 month look back period.,,78,,,,,0,percent of total billed charges,78% of Billed Charges. Lesser of 100% of billed charges applies.; No services were performed during the 15 month look back period.,12574,,,,,,,Case Rate,". Primary procedure pays at 100%, all subsequent at 50%.",20217,,,,,,,Case Rate,". MPL 100/50/25% all add ons apply, and lesser of 100% of billed charges",6487,,,,,,,Case Rate,". MPL 100/50/25% maxmium of 3 procedures. All add ons apply, and lesser of 100% of billed charges",8191.36,,,,,,,Case Rate,"100% Medicare OPPS FS. ",10024,,,,,,,Case Rate,". Primary procedure pays at 100%, secondary at 50%, all subsequent at 25%.  Lesser of applies when negotiated rates exceed charges less addons.",6487,,,,,,,Case Rate,". MPL 100/50/25% maxmium of 3 procedures. All add ons apply, and lesser of 100% of billed charges",6487,,,,,,,Case Rate,". MPL 100/50/25% maxmium of 3 procedures. All add ons apply, and lesser of 100% of billed charges",,78,,,,,0,percent of total billed charges,78% of Billed Charges. Lesser of 100% of billed charges applies.; No services were performed during the 15 month look back period.,1278.86,,,,,,,Case Rate,"214 Percent of Medicaid APG. Drugs not priced under APG, billed with revenue code 636 and not priced by Medicare ASP FeeSched will be reimbursed at 20% of charges.",6487,,,,,,,Case Rate,". MPL 100/50/25% maxmium of 3 procedures. All add ons apply, and lesser of 100% of billed charges",597.6,,,,,,,Case Rate,"100 Percent of Medicaid APG. ",8191.36,,,,,,,Case Rate,"100% Medicare OPPS FS. ",8191.36,,,,,,,Case Rate,"100% Medicare OPPS FS. ",8191.36,,,,,,,Case Rate,"100% Medicare OPPS FS. ",8191.36,,,,,,,Case Rate,"100% Medicare OPPS FS. ",8191.36,,,,,,,Case Rate,"100% Medicare OPPS FS. ",8191.36,,,,,,,Case Rate,"100% Medicare OPPS FS. ",6487,,,,,,,Case Rate,". MPL 100/50/25% maxmium of 3 procedures. All add ons apply, and lesser of 100% of billed charges",9761,,,,,,,Case Rate,". MPL 100/75/50% all add ons apply, and lesser of 100% of billed charges",1075.67,,,,,,,Fee Schedule,"180 Percent of Medicaid APG. ",1075.67,,,,,,,Fee Schedule,"180 Percent of Medicaid APG. ",1075.67,,,,,,,Fee Schedule,"180 Percent of Medicaid APG. ",1075.67,,,,,,,Fee Schedule,"180 Percent of Medicaid APG. ",1075.67,,,,,,,Fee Schedule,"180 Percent of Medicaid APG. ",,,,,,,,,"NA. ",9761,,,,,,,Case Rate,". MPL 100/75/50% all add ons apply, and lesser of 100% of billed charges",16218.89,,,,,,,Case Rate,198 Percent of Medicare OPPS. Metroplus will reimburse unlisted codes and described codes with no Medicare rate at 50 percent of charges.,16218.89,,,,,,,Case Rate,198 Percent of Medicare OPPS. Metroplus will reimburse unlisted codes and described codes with no Medicare rate at 50 percent of charges.,16218.89,,,,,,,Case Rate,198 Percent of Medicare OPPS. Metroplus will reimburse unlisted codes and described codes with no Medicare rate at 50 percent of charges.,16218.89,,,,,,,Case Rate,198 Percent of Medicare OPPS. Metroplus will reimburse unlisted codes and described codes with no Medicare rate at 50 percent of charges.,16218.89,,,,,,,Case Rate,198 Percent of Medicare OPPS. Metroplus will reimburse unlisted codes and described codes with no Medicare rate at 50 percent of charges.,8191.36,,,,,,,Case Rate,"100% Medicare OPPS FS. ",12574,,,,,,,Case Rate,". Primary procedure pays at 100%, all subsequent at 50%.",12574,,,,,,,Case Rate,". Primary procedure pays at 100%, all subsequent at 50%.",12574,,,,,,,Case Rate,". Primary procedure pays at 100%, all subsequent at 50%.",12574,,,,,,,Case Rate,". Primary procedure pays at 100%, all subsequent at 50%.",10024,,,,,,,Case Rate,". Primary procedure pays at 100%, secondary at 50%, all subsequent at 25%.  Lesser of applies when negotiated rates exceed charges less addons.",10024,,,,,,,Case Rate,". Primary procedure pays at 100%, secondary at 50%, all subsequent at 25%.  Lesser of applies when negotiated rates exceed charges less addons.",10024,,,,,,,Case Rate,". Primary procedure pays at 100%, secondary at 50%, all subsequent at 25%.  Lesser of applies when negotiated rates exceed charges less addons.",10024,,,,,,,Case Rate,". Primary procedure pays at 100%, secondary at 50%, all subsequent at 25%.  Lesser of applies when negotiated rates exceed charges less addons.",9761,,,,,,,Case Rate,". MPL 100/75/50% all add ons apply, and lesser of 100% of billed charges",9761,,,,,,,Case Rate,". MPL 100/75/50% all add ons apply, and lesser of 100% of billed charges",8191.36,,,,,,,Case Rate,"100% Medicare OPPS FS. ",8191.36,,,,,,,Case Rate,"100% Medicare OPPS FS. ",8191.36,,,,,,,Case Rate,"100% Medicare OPPS FS. ",20217,,,,,,,Case Rate,". MPL 100/50/25% all add ons apply, and lesser of 100% of billed charges",20217,,,,,,,Case Rate,". MPL 100/50/25% all add ons apply, and lesser of 100% of billed charges",20217,,,,,,,Case Rate,". MPL 100/50/25% all add ons apply, and lesser of 100% of billed charges",9761,,,,,,,Case Rate,". MPL 100/75/50% all add ons apply, and lesser of 100% of billed charges",10024,,,,,,,Case Rate,". Primary procedure pays at 100%, secondary at 50%, all subsequent at 25%.  Lesser of applies when negotiated rates exceed charges less addons.",8191.36,,,,,,,Case Rate,"100% Medicare OPPS FS. ",20217,,,,,,,Case Rate,". MPL 100/50/25% all add ons apply, and lesser of 100% of billed charges",597.6,,,,,,,Case Rate,"100 Percent of Medicaid APG. ",8355.19,,,,,,,Case Rate,"102% of Medicare OPPS. ",8355.19,,,,,,,Case Rate,"102% of Medicare OPPS. ",8355.19,,,,,,,Case Rate,"102% of Medicare OPPS. ",597.6,,,,,,,Case rate,"100 Percent of Medicaid APG. ",1344.59,,,,,,,Case Rate,225% of NYS APG. Lesser of 100% of billed charges applies.,1344.59,,,,,,,Case Rate,225% of NYS APG. Lesser of 100% of billed charges applies.,1344.59,,,,,,,Case Rate,225% of NYS APG. Lesser of 100% of billed charges applies.,1344.59,,,,,,,Case Rate,225% of NYS APG. Lesser of 100% of billed charges applies.,1344.59,,,,,,,Case Rate,225% of NYS APG. Lesser of 100% of billed charges applies.,8355.19,,,,,,,Case Rate,"102% of Medicare OPPS. ",597.6,,,,,,,Case Rate,"100 Percent of Medicaid APG. ",2040.15,,,,,,,Case Rate,100% of PAS. Lesser of 100% of billed charges applies.,1344.59,,,,,,,Case Rate,225% of NYS APG. Lesser of 100% of billed charges applies.,1344.59,,,,,,,Case Rate,225% of NYS APG. Lesser of 100% of billed charges applies.,2040.15,,,,,,,Case Rate,100% of PAS. Lesser of 100% of billed charges applies.,2040.15,,,,,,,Case Rate,100% of PAS. Lesser of 100% of billed charges applies.,1075.67,,,,,,,Fee Schedule,"180 Percent of Medicaid APG. ",8191.36,,,,,,,Case Rate,"100% Medicare OPPS FS. ",8191.36,,,,,,,Case Rate,"100% Medicare OPPS FS. ",10024,,,,,,,Case Rate,". Primary procedure pays at 100%, secondary at 50%, all subsequent at 25%.  Lesser of applies when negotiated rates exceed charges less addons.",8191.36,,,,,,,Case Rate,"100% Medicare OPPS FS. ",1344.59,,,,,,,Case Rate,"225 Percent of Medicaid APG. ",1344.59,,,,,,,Case Rate,"225 Percent of Medicaid APG. ",597.6,,,,,,,Case rate,"100 Percent of Medicaid APG. ",597.6,,,,,,,Case rate,"100 Percent of Medicaid APG. ",1344.59,,,,,,,Case Rate,225 Percent of Medicaid APG. Covered services not payable under Medicaid Fee Schedules default to a payment of 87.5 percent of charges.,597.6,,,,,,,Case rate,124 Percent of Medicaid APG. Covered services not payable under Medicaid Fee Schedules default to a payment of 50 percent of charges.,1344.59,,,,,,,Case Rate,"100 Percent of Medicaid APG. ",1344.59,,,,,,,Case Rate,"100 Percent of Medicaid APG. ",1344.59,,,,,,,Case Rate,"100 Percent of Medicaid APG. ",1344.59,,,,,,,Case Rate,"100 Percent of Medicaid APG. ",13453,,,,,,,Case Rate,". MPL 100/75/50% all add ons apply, and lesser of 100% of billed charges",9761,,,,,,,Case Rate,". MPL 100/75/50% all add ons apply, and lesser of 100% of billed charges",717.12,,,,,,,Case Rate,"120 Percent of Medicaid APG. Not APG payable, or payable under another fee schedule like ASP/AWP pays at 30% of charges",717.12,,,,,,,Case Rate,"120 Percent of Medicaid APG. Not APG payable, or payable under another fee schedule like ASP/AWP pays at 30% of charges",597.6,,,,,,,Case Rate,"100 Percent of Medicaid APG. Not APG payable, or payable under another fee schedule like ASP/AWP pays at 30% of charges",597.6,,,,,,,Case Rate,"100 Percent of Medicaid APG. Not APG payable, or payable under another fee schedule like ASP/AWP pays at 30% of charges",20217,,,,,,,Case Rate,". MPL 100/50/25% all add ons apply, and lesser of 100% of billed charges",20217,,,,,,,Case Rate,". MPL 100/50/25% all add ons apply, and lesser of 100% of billed charges",8191.36,,,,,,,Case Rate,"100% Medicare OPPS FS. ",20217,,,,,,,Case Rate,". MPL 100/50/25% all add ons apply, and lesser of 100% of billed charges",20217,,,,,,,Case Rate,". MPL 100/50/25% all add ons apply, and lesser of 100% of billed charges",20217,,,,,,,Case Rate,". MPL 100/50/25% all add ons apply, and lesser of 100% of billed charges",20217,,,,,,,Case Rate,". MPL 100/50/25% all add ons apply, and lesser of 100% of billed charges",8191.36,,,,,,,Case Rate,"100% Medicare OPPS FS. ",20217,,,,,,,Case Rate,". MPL 100/50/25% all add ons apply, and lesser of 100% of billed charges",20217,,,,,,,Case Rate,". MPL 100/50/25% all add ons apply, and lesser of 100% of billed charges",10024,,,,,,,Case Rate,". Primary procedure pays at 100%, secondary at 50%, all subsequent at 25%.  Lesser of applies when negotiated rates exceed charges less addons.",597.6,,,,,,,Fee Schedule,100% APG. Lesser of 100% of billed charges applies.,597.6,,,,,,,Case rate,124 Percent of Medicaid APG. Covered services not payable under Medicaid Fee Schedules default to a payment of 50 percent of charges.,1344.59,,,,,,,Case Rate,225% of NYS APG. Lesser of 100% of billed charges applies.,1344.59,,,,,,,Case Rate,225 Percent of Medicaid APG. Covered services not payable under Medicaid Fee Schedules default to a payment of 87.5 percent of charges.,597.6,,,,,,,Case rate,124 Percent of Medicaid APG. Covered services not payable under Medicaid Fee Schedules default to a payment of 50 percent of charges.,1344.59,,,,,,,Case Rate,225% of NYS APG. Lesser of 100% of billed charges applies.,1344.59,,,,,,,Case Rate,225% of NYS APG. Lesser of 100% of billed charges applies.,1344.59,,,,,,,Case Rate,225% of NYS APG. Lesser of 100% of billed charges applies.,1344.59,,,,,,,Case Rate,225% of NYS APG. Lesser of 100% of billed charges applies.,1344.59,,,,,,,Case Rate,225% of NYS APG. Lesser of 100% of billed charges applies.,1344.59,,,,,,,Case Rate,225% of NYS APG. Lesser of 100% of billed charges applies.,,,,,,,,,"NA. ",,,,,,,,,"NA. ",,,,,,,,,"NA. ",6487,,,,,,,Case Rate,". MPL 100/50/25% maxmium of 3 procedures. All add ons apply, and lesser of 100% of billed charges",,,,,,,,,"NA. ",8191.36,,,,,,,Case Rate,"100% Medicare OPPS FS. ",7084,,,,,,,Case Rate,". MPL 1st 100% of Payment Rate 50% of all others, all add ons apply, and lesser of 100% of billed charges.",8191.36,,,,,,,Case Rate,"100% Medicare OPPS FS. ",8191.36,,,,,,,Case Rate,"100% Medicare OPPS FS. ",717.12,,,,,,,Case Rate,"120 Percent of Medicaid APG. Not APG payable, or payable under another fee schedule like ASP/AWP pays at 30% of charges",717.12,,,,,,,Case Rate,"120 Percent of Medicaid APG. Not APG payable, or payable under another fee schedule like ASP/AWP pays at 30% of charges",597.6,,,,,,,Case Rate,"100 Percent of Medicaid APG. Not APG payable, or payable under another fee schedule like ASP/AWP pays at 30% of charges",597.6,,,,,,,Case Rate,"100 Percent of Medicaid APG. Not APG payable, or payable under another fee schedule like ASP/AWP pays at 30% of charges",597.6,,,,,,,Case Rate,"100 Percent of Medicaid APG. ",7163,,,,,,,Case Rate,". ",10024,,,,,,,Case Rate,". Primary procedure pays at 100%, secondary at 50%, all subsequent at 25%.  Lesser of applies when negotiated rates exceed charges less addons.",8427,,,,,,,Case Rate,". Primary procedure pays at 100%, all subsequent at 50%.",6487,,,,,,,Case Rate,". MPL 100/50/25% maxmium of 3 procedures. All add ons apply, and lesser of 100% of billed charges",8191.36,,,,,,,Case Rate,"100%Medicare OPPS FS. ",8191.36,,,,,,,Case Rate,"100% Medicare OPPS FS. ",8191.36,,,,,,,Case Rate,"100% Medicare OPPS FS. ",8191.36,,,,,,,Case Rate,"100% Medicare OPPS FS. ",8191.36,,,,,,,Case Rate,"100%Medicare OPPS FS. ",8191.36,,,,,,,Case Rate,"100% Medicare OPPS FS. ",,,,,,,,,"NA. ",1344.59,,,,,,,Case Rate,225% of NYS APG. Lesser of 100% of billed charges applies.,2040.15,,,,,,,Case Rate,100% of PAS. Lesser of 100% of billed charges applies.,20217,,,,,,,Case Rate,". MPL 100/50/25% all add ons apply, and lesser of 100% of billed charges",7163,,,,,,,Case Rate,". ",7163,,,,,,,Case Rate,". ",7163,,,,,,,Case Rate,". ",7163,,,,,,,Case Rate,". ",8191.36,,,,,,,Case Rate,"100% Medicare OPPS FS. ",597.6,,,,,,,Case Rate,"100 Percent of Medicaid APG. ",20217,,,,,,,Case Rate,". MPL 100/50/25% all add ons apply, and lesser of 100% of billed charges",597.6,,,,,,,Case Rate,"100 Percent of Medicaid APG. ",8191.36,,,,,,,Case Rate,"100% Medicare OPPS FS. ",597.6,,,,,,,Case Rate,"100 Percent of Medicaid APG. ",8191.36,,,,,,,Case Rate,"100% Medicare OPPS FS. ",8191.36,,,,,,,Case Rate,"100% Medicare OPPS FS. ",597.6,,,,,,,Case Rate,"100 Percent of Medicaid APG. ",597.6,,,,,,,Case Rate,"100 Percent of Medicaid APG. ",7163,,,,,,,Case Rate,". ",6487,,,,,,,Case Rate,". MPL 100/50/25% maxmium of 3 procedures. All add ons apply, and lesser of 100% of billed charges",,78,,,,,0,percent of total billed charges,78% of Billed Charges. Lesser of 100% of billed charges applies.; No services were performed during the 15 month look back period.,10978.39,,,,,,,Case Rate,". MPL 100/50/25% all add ons apply, and lesser of 100% of billed charges",10978.39,,,,,,,Case Rate,". MPL 100/50/25% all add ons apply, and lesser of 100% of billed charges",10024,,,,,,,Case Rate,". Primary procedure pays at 100%, secondary at 50%, all subsequent at 25%.  Lesser of applies when negotiated rates exceed charges less addons.",2329.35,,,,,,,Case Rate,"83% HF Fee schedule. ",12574,,,,,,,Case Rate,". Primary procedure pays at 100%, all subsequent at 50%.",12574,,,,,,,Case Rate,". Primary procedure pays at 100%, all subsequent at 50%.",16174,,,,,,,Case Rate,". MPL 100/50/25% all add ons apply, and lesser of 100% of billed charges",16174,,,,,,,Case Rate,". MPL 100/50/25% all add ons apply, and lesser of 100% of billed charges",8191.36,,,,,,,Case Rate,"100% Medicare OPPS FS. ",8191.36,,,,,,,Case Rate,"100% Medicare OPPS FS. ",8191.36,,,,,,,Case Rate,"100% Medicare OPPS FS. ",8191.36,,,,,,,Case Rate,"100% Medicare OPPS FS. ",10978.39,,,,,,,Case Rate,". MPL 100/50/25% all add ons apply, and lesser of 100% of billed charges",20217,,,,,,,Case Rate,". MPL 100/50/25% all add ons apply, and lesser of 100% of billed charges",20217,,,,,,,Case Rate,". MPL 100/50/25% all add ons apply, and lesser of 100% of billed charges",8191.36,,,,,,,Case Rate,"100% Medicare OPPS FS. ",16174,,,,,,,Case Rate,". MPL 100/50/25% all add ons apply, and lesser of 100% of billed charges",8427,,,,,,,Case Rate,". Primary procedure pays at 100%, all subsequent at 50%.",717.12,,,,,,,Fee Schedule,"120 Percent of Medicaid APG. ",597.6,,,,,,,Case Rate,"100 Percent of Medicaid APG. ",7163,,,,,,,Case Rate,". ",18195,,,,,,,Case Rate,". MPL 100/50/25% all add ons apply, and lesser of 100% of billed charges",18195,,,,,,,Case Rate,". MPL 100/50/25% all add ons apply, and lesser of 100% of billed charges",20217,,,,,,,Case Rate,". MPL 100/50/25% all add ons apply, and lesser of 100% of billed charges",6726,,,,,,,Case Rate,". MPL 100/75/50% all add ons apply, and lesser of 100% of billed charges",8191.36,,,,,,,Case Rate,"100%Medicare OPPS FS. ",627.48,,,,,,,Fee Schedule,105 percent of Medicaid APG. otherwise 105% of Ordered NYS MCD FS or 105% of ASP+6%,627.48,,,,,,,Fee Schedule,105 percent of Medicaid APG. otherwise 105% of Ordered NYS MCD FS or 105% of ASP+6%,627.48,,,,,,,Fee Schedule,105 percent of Medicaid APG. otherwise 105% of Ordered NYS MCD FS or 105% of ASP+6%,806.75,,,,,,,Fee Schedule,135 percent of Medicaid APG. otherwise 135% of Ordered NYS MCD FS or 135% of ASP+6%,10978.39,,,,,,,Case Rate,". MPL 100/50/25% all add ons apply, and lesser of 100% of billed charges",627.48,,,,,,,Fee Schedule,105 percent of Medicaid APG. otherwise 105% of Ordered NYS MCD FS or 105% of ASP+6%,627.48,,,,,,,Fee Schedule,105 percent of Medicaid APG. otherwise 105% of Ordered NYS MCD FS or 105% of ASP+6%,627.48,,,,,,,Fee Schedule,105 percent of Medicaid APG. otherwise 105% of Ordered NYS MCD FS or 105% of ASP+6%,627.48,,,,,,,Fee Schedule,105 percent of Medicaid APG. otherwise 105% of Ordered NYS MCD FS or 105% of ASP+6%,627.48,,,,,,,Fee Schedule,105 percent of Medicaid APG. otherwise 105% of Ordered NYS MCD FS or 105% of ASP+6%,806.75,,,,,,,Fee Schedule,135 percent of Medicaid APG. otherwise 135% of Ordered NYS MCD FS or 135% of ASP+6%,806.75,,,,,,,Fee Schedule,135 percent of Medicaid APG. otherwise 135% of Ordered NYS MCD FS or 135% of ASP+6%,8191.36,,,,,,,Case Rate,"100% Medicare OPPS FS. ",10978.39,,,,,,,Case Rate,". MPL 100/50/25% all add ons apply, and lesser of 100% of billed charges",8191.36,,,,,,,Case Rate,"100% Medicare OPPS FS. ",627.48,,,,,,,Fee Schedule,105 percent of Medicaid APG. otherwise 105% of Ordered NYS MCD FS or 105% of ASP+6%,20217,,,,,,,Case Rate,". MPL 100/50/25% all add ons apply, and lesser of 100% of billed charges",8191.36,,,,,,,Case Rate,"100% Medicare OPPS FS. ",20217,,,,,,,Case Rate,". MPL 100/50/25% all add ons apply, and lesser of 100% of billed charges",20217,,,,,,,Case Rate,". MPL 100/50/25% all add ons apply, and lesser of 100% of billed charges",20217,,,,,,,Case Rate,". MPL 100/50/25% all add ons apply, and lesser of 100% of billed charges",627.48,,,,,,,Fee Schedule,105 percent of Medicaid APG. otherwise 105% of Ordered NYS MCD FS or 105% of ASP+6%,8191.36,,,,,,,Case Rate,"100% Medicare OPPS FS. ",20217,,,,,,,Case Rate,". MPL 100/50/25% all add ons apply, and lesser of 100% of billed charges",806.75,,,,,,,Fee Schedule,135 percent of Medicaid APG. otherwise 135% of Ordered NYS MCD FS or 135% of ASP+6%,20217,,,,,,,Case Rate,". MPL 100/50/25% all add ons apply, and lesser of 100% of billed charges",,200,,,,,0,Case Rate,200% of Medicare OPPS. ; No services were performed during the 15 month look back period.,8191.36,,,,,,,Case Rate,"100%Medicare OPPS FS. ",7163,,,,,,,Case Rate,". ",7163,,,,,,,Case Rate,". ",7163,,,,,,,Case Rate,". ",7163,,,,,,,Case Rate,". ",7163,,,,,,,Case Rate,". ",8427,,,,,,,Case Rate,". Primary procedure pays at 100%, all subsequent at 50%.",8427,,,,,,,Case Rate,". Primary procedure pays at 100%, all subsequent at 50%.",7163,,,,,,,Case Rate,". ",7163,,,,,,,Case Rate,". ",7163,,,,,,,Case Rate,". ",7163,,,,,,,Case Rate,". ",7163,,,,,,,Case Rate,". ",8191.36,,,,,,,Case Rate,"100% Medicare OPPS FS. ",8427,,,,,,,Case Rate,". Primary procedure pays at 100%, all subsequent at 50%.",8191.36,,,,,,,Case Rate,"100% Medicare OPPS FS. ",1344.59,,,,,,,Case Rate,"225 Percent of Medicaid APG. If not included in Medicaid APG, then 100 Percent of Manhattan Medicare",597.6,,,,,,,Case Rate,"100 Percent of Medicaid APG. ",10978.39,,,,,,,Case Rate,". MPL 100/50/25% all add ons apply, and lesser of 100% of billed charges",10978.39,,,,,,,Case Rate,". MPL 100/50/25% all add ons apply, and lesser of 100% of billed charges",8191.36,,,,,,,Case Rate,"100% Medicare OPPS FS. ",12574,,,,,,,Case Rate,". Primary procedure pays at 100%, all subsequent at 50%.",8191.36,,,,,,,Case Rate,"100% Medicare OPPS FS. ",8191.36,,,,,,,Case Rate,"100% Medicare OPPS FS. ",10024,,,,,,,Case Rate,". Primary procedure pays at 100%, secondary at 50%, all subsequent at 25%.  Lesser of applies when negotiated rates exceed charges less addons.",8191.36,,,,,,,Case Rate,"100% Medicare OPPS FS. ",6487,,,,,,,Case Rate,". MPL 100/50/25% maxmium of 3 procedures. All add ons apply, and lesser of 100% of billed charges",8191.36,,,,,,,Case Rate,"100% Medicare OPPS FS. ",6487,,,,,,,Case Rate,". MPL 100/50/25% maxmium of 3 procedures. All add ons apply, and lesser of 100% of billed charges",10024,,,,,,,Case Rate,". Primary procedure pays at 100%, secondary at 50%, all subsequent at 25%.  Lesser of applies when negotiated rates exceed charges less addons.",6487,,,,,,,Case Rate,". MPL 100/50/25% maxmium of 3 procedures. All add ons apply, and lesser of 100% of billed charges",8191.36,,,,,,,Case Rate,"100% Medicare OPPS FS. ",597.6,,,,,,,Case Rate,"100 Percent of Medicaid APG. ",8191.36,,,,,,,Case Rate,"100% Medicare OPPS FS. ",6487,,,,,,,Case Rate,". MPL 100/50/25% maxmium of 3 procedures. All add ons apply, and lesser of 100% of billed charges",10978.39,,,,,,,Case Rate,". MPL 100/50/25% all add ons apply, and lesser of 100% of billed charges",597.6,,,,,,,Case Rate,"100 Percent of Medicaid APG. ",20217,,,,,,,Case Rate,". MPL 100/50/25% all add ons apply, and lesser of 100% of billed charges",717.12,,,,,,,Fee Schedule,"120 Percent of Medicaid APG. ",717.12,,,,,,,Fee Schedule,"120 Percent of Medicaid APG. ",20217,,,,,,,Case Rate,". MPL 100/50/25% all add ons apply, and lesser of 100% of billed charges",20217,,,,,,,Case Rate,". MPL 100/50/25% all add ons apply, and lesser of 100% of billed charges",20217,,,,,,,Case Rate,". MPL 100/50/25% all add ons apply, and lesser of 100% of billed charges",10978.39,,,,,,,Case Rate,". MPL 100/50/25% all add ons apply, and lesser of 100% of billed charges",20217,,,,,,,Case Rate,". MPL 100/50/25% all add ons apply, and lesser of 100% of billed charges",20217,,,,,,,Case Rate,". MPL 100/50/25% all add ons apply, and lesser of 100% of billed charges",20217,,,,,,,Case Rate,". MPL 100/50/25% all add ons apply, and lesser of 100% of billed charges",7163,,,,,,,Case Rate,". ",7163,,,,,,,Case Rate,". ",16218.89,,,,,,,Case Rate,198 Percent of Medicare OPPS. Metroplus will reimburse unlisted codes and described codes with no Medicare rate at 50 percent of charges.,597.6,,,,,,,Case Rate,"100 Percent of Medicaid APG. ",10978.39,,,,,,,Case Rate,". MPL 100/50/25% all add ons apply, and lesser of 100% of billed charges",6487,,,,,,,Case Rate,". MPL 100/50/25% maxmium of 3 procedures. All add ons apply, and lesser of 100% of billed charges",10024,,,,,,,Case Rate,". Primary procedure pays at 100%, secondary at 50%, all subsequent at 25%.  Lesser of applies when negotiated rates exceed charges less addons.",10978.39,,,,,,,Case Rate,". MPL 100/50/25% all add ons apply, and lesser of 100% of billed charges",10024,,,,,,,Case Rate,". Primary procedure pays at 100%, secondary at 50%, all subsequent at 25%.  Lesser of applies when negotiated rates exceed charges less addons.",10978.39,,,,,,,Case Rate,". MPL 100/50/25% all add ons apply, and lesser of 100% of billed charges",20217,,,,,,,Case Rate,". MPL 100/50/25% all add ons apply, and lesser of 100% of billed charges",20217,,,,,,,Case Rate,". MPL 100/50/25% all add ons apply, and lesser of 100% of billed charges",20217,,,,,,,Case Rate,". MPL 100/50/25% all add ons apply, and lesser of 100% of billed charges",20217,,,,,,,Case Rate,". MPL 100/50/25% all add ons apply, and lesser of 100% of billed charges",8191.36,,,,,,,Case Rate,"100% Medicare OPPS FS. ",597.6,20217,
31531,CPT,2026194,LOCAL,361,RC,HC LARYNGOSCOPY W/FB & OP SCOPE,9664.48,1836.2512,both,,,,7084,,,,,,,Case Rate,". MPL 1st 100% of Payment Rate 50% of all others, all add ons apply, and lesser of 100% of billed charges.",7084,,,,,,,Case Rate,". MPL 1st 100% of Payment Rate 50% of all others, all add ons apply, and lesser of 100% of billed charges.",10024,,,,,,,Case Rate,". Primary procedure pays at 100%, secondary at 50%, all subsequent at 25%.  Lesser of applies when negotiated rates exceed charges less addons.",9664.48,100,,,,,0,percent of total billed charges,100 percent of billed charges. ; No services were performed during the 15 month look back period.,4362.77,,,,,,,Case Rate,"100% Medicare OPPS FS. ",10024,,,,,,,Case Rate,". Primary procedure pays at 100%, secondary at 50%, all subsequent at 25%.  Lesser of applies when negotiated rates exceed charges less addons.",10024,,,,,,,Case Rate,". Primary procedure pays at 100%, secondary at 50%, all subsequent at 25%.  Lesser of applies when negotiated rates exceed charges less addons.",10024,,,,,,,Case Rate,". Primary procedure pays at 100%, secondary at 50%, all subsequent at 25%.  Lesser of applies when negotiated rates exceed charges less addons.",2693.01,,,,,,,Case Rate,"100 Percent of Medicaid APG. ",2244.18,,,,,,,Case Rate,"100 Percent of Medicaid APG. ",7538.2944,78,,,,,0,percent of total billed charges,78% of Billed Charges. Lesser of 100% of billed charges applies.; No services were performed during the 15 month look back period.,8165.03,,,,,,,Case Rate,". MPL 100/50/25% all add ons apply, and lesser of 100% of billed charges",2244.18,,,,,,,Case Rate,"100 Percent of Medicaid APG. ",4362.77,,,,,,,Case Rate,"100% Medicare OPPS FS. ",6487,,,,,,,Case Rate,". MPL 100/50/25% maxmium of 3 procedures. All add ons apply, and lesser of 100% of billed charges",6487,,,,,,,Case Rate,". MPL 100/50/25% maxmium of 3 procedures. All add ons apply, and lesser of 100% of billed charges",6487,,,,,,,Case Rate,". MPL 100/50/25% maxmium of 3 procedures. All add ons apply, and lesser of 100% of billed charges",6487,,,,,,,Case Rate,". MPL 100/50/25% maxmium of 3 procedures. All add ons apply, and lesser of 100% of billed charges",2244.18,,,,,,,Case rate,124 Percent of Medicaid APG. Covered services not payable under Medicaid Fee Schedules default to a payment of 50 percent of charges.,4362.77,,,,,,,Case Rate,"100% Medicare OPPS FS. ",2244.18,,,,,,,Case rate,124 Percent of Medicaid APG. Covered services not payable under Medicaid Fee Schedules default to a payment of 50 percent of charges.,7538.2944,78,,,,,0,percent of total billed charges,78% of Billed Charges. Lesser of 100% of billed charges applies.; No services were performed during the 15 month look back period.,10024,,,,,,,Case Rate,". Primary procedure pays at 100%, secondary at 50%, all subsequent at 25%.  Lesser of applies when negotiated rates exceed charges less addons.",4362.77,,,,,,,Case Rate,"100%Medicare OPPS FS. ",8427,,,,,,,Case Rate,". Primary procedure pays at 100%, all subsequent at 50%.",4362.77,,,,,,,Case Rate,"100%Medicare OPPS FS. ",4362.77,,,,,,,Case Rate,"100%Medicare OPPS FS. ",7538.2944,78,,,,,0,percent of total billed charges,78% of Billed Charges. Lesser of 100% of billed charges applies.; No services were performed during the 15 month look back period.,1344.48,,,,,,,Case Rate,100% of PAS. Lesser of 100% of billed charges applies.,1344.48,,,,,,,Case Rate,100% of PAS. Lesser of 100% of billed charges applies.,2244.18,,,,,,,Case rate,"100 Percent of Medicaid APG. ",2244.18,,,,,,,Case rate,"100 Percent of Medicaid APG. ",8427,,,,,,,Case Rate,". Primary procedure pays at 100%, all subsequent at 50%.",8427,,,,,,,Case Rate,". Primary procedure pays at 100%, all subsequent at 50%.",2244.18,,,,,,,Case Rate,"100 Percent of Medicaid APG. Not APG payable, or payable under another fee schedule like ASP/AWP pays at 30% of charges",8427,,,,,,,Case Rate,". Primary procedure pays at 100%, all subsequent at 50%.",2244.18,,,,,,,Case Rate,"100 Percent of Medicaid APG. Not APG payable, or payable under another fee schedule like ASP/AWP pays at 30% of charges",4362.77,,,,,,,Case Rate,"100%Medicare OPPS FS. ",8427,,,,,,,Case Rate,". Primary procedure pays at 100%, all subsequent at 50%.",7538.2944,78,,,,,0,percent of total billed charges,78% of Billed Charges. Lesser of 100% of billed charges applies.; No services were performed during the 15 month look back period.,2244.18,,,,,,,Case Rate,"100 Percent of Medicaid APG. ",2244.18,,,,,,,Case Rate,"100 Percent of Medicaid APG. ",7538.2944,78,,,,,0,percent of total billed charges,78% of Billed Charges. Lesser of 100% of billed charges applies.; No services were performed during the 15 month look back period.,6487,,,,,,,Case Rate,". MPL 100/50/25% maxmium of 3 procedures. All add ons apply, and lesser of 100% of billed charges",6377,,,,,,,Case Rate,". MPL 100/50/25% all add ons apply, and lesser of 100% of billed charges",6377,,,,,,,Case Rate,". MPL 100/50/25% all add ons apply, and lesser of 100% of billed charges",7538.2944,78,,,,,0,percent of total billed charges,78% of Billed Charges. Lesser of 100% of billed charges applies.; No services were performed during the 15 month look back period.,4362.77,,,,,,,Case Rate,"100% Medicare OPPS FS. ",8165.03,,,,,,,Case Rate,". MPL 100/50/25% all add ons apply, and lesser of 100% of billed charges",8165.03,,,,,,,Case Rate,". MPL 100/50/25% all add ons apply, and lesser of 100% of billed charges",8165.03,,,,,,,Case Rate,". MPL 100/50/25% all add ons apply, and lesser of 100% of billed charges",4362.77,,,,,,,Case Rate,"100% Medicare OPPS FS. ",8165.03,,,,,,,Case Rate,". MPL 100/50/25% all add ons apply, and lesser of 100% of billed charges",8165.03,,,,,,,Case Rate,". MPL 100/50/25% all add ons apply, and lesser of 100% of billed charges",4362.77,,,,,,,Case Rate,"100% of Medicare OPPS. ",9761,,,,,,,Case Rate,". MPL 100/75/50% all add ons apply, and lesser of 100% of billed charges",13586,,,,,,,Case Rate,". MPL 100/50/25% all add ons apply, and lesser of 100% of billed charges",13586,,,,,,,Case Rate,". MPL 100/50/25% all add ons apply, and lesser of 100% of billed charges",13586,,,,,,,Case Rate,". MPL 100/50/25% all add ons apply, and lesser of 100% of billed charges",13586,,,,,,,Case Rate,". MPL 100/50/25% all add ons apply, and lesser of 100% of billed charges",13586,,,,,,,Case Rate,". MPL 100/50/25% all add ons apply, and lesser of 100% of billed charges",13586,,,,,,,Case Rate,". MPL 100/50/25% all add ons apply, and lesser of 100% of billed charges",4362.77,,,,,,,Case Rate,"100% Medicare OPPS FS. ",4362.77,,,,,,,Case Rate,"100% Medicare OPPS FS. ",13586,,,,,,,Case Rate,". MPL 100/50/25% all add ons apply, and lesser of 100% of billed charges",7538.2944,78,,,,,0,percent of total billed charges,78% of Billed Charges. Lesser of 100% of billed charges applies.; No services were performed during the 15 month look back period.,7538.2944,78,,,,,0,percent of total billed charges,78% of Billed Charges. Lesser of 100% of billed charges applies.; No services were performed during the 15 month look back period.,7538.2944,78,,,,,0,percent of total billed charges,78% of Billed Charges. Lesser of 100% of billed charges applies.; No services were performed during the 15 month look back period.,7538.2944,78,,,,,0,percent of total billed charges,78% of Billed Charges. Lesser of 100% of billed charges applies.; No services were performed during the 15 month look back period.,7538.2944,78,,,,,0,percent of total billed charges,78% of Billed Charges. Lesser of 100% of billed charges applies.; No services were performed during the 15 month look back period.,7538.2944,78,,,,,0,percent of total billed charges,78% of Billed Charges. Lesser of 100% of billed charges applies.; No services were performed during the 15 month look back period.,7538.2944,78,,,,,0,percent of total billed charges,78% of Billed Charges. Lesser of 100% of billed charges applies.; No services were performed during the 15 month look back period.,7538.2944,78,,,,,0,percent of total billed charges,78% of Billed Charges. Lesser of 100% of billed charges applies.; No services were performed during the 15 month look back period.,7538.2944,78,,,,,0,percent of total billed charges,78% of Billed Charges. Lesser of 100% of billed charges applies.; No services were performed during the 15 month look back period.,7538.2944,78,,,,,0,percent of total billed charges,78% of Billed Charges. Lesser of 100% of billed charges applies.; No services were performed during the 15 month look back period.,7538.2944,78,,,,,0,percent of total billed charges,78% of Billed Charges. Lesser of 100% of billed charges applies.; No services were performed during the 15 month look back period.,7538.2944,78,,,,,0,percent of total billed charges,78% of Billed Charges. Lesser of 100% of billed charges applies.; No services were performed during the 15 month look back period.,7538.2944,78,,,,,0,percent of total billed charges,78% of Billed Charges. Lesser of 100% of billed charges applies.; No services were performed during the 15 month look back period.,7538.2944,78,,,,,0,percent of total billed charges,78% of Billed Charges. Lesser of 100% of billed charges applies.; No services were performed during the 15 month look back period.,7538.2944,78,,,,,0,percent of total billed charges,78% of Billed Charges. Lesser of 100% of billed charges applies.; No services were performed during the 15 month look back period.,7538.2944,78,,,,,0,percent of total billed charges,78% of Billed Charges. Lesser of 100% of billed charges applies.; No services were performed during the 15 month look back period.,7538.2944,78,,,,,0,percent of total billed charges,78% of Billed Charges. Lesser of 100% of billed charges applies.; No services were performed during the 15 month look back period.,7538.2944,78,,,,,0,percent of total billed charges,78% of Billed Charges. Lesser of 100% of billed charges applies.; No services were performed during the 15 month look back period.,7538.2944,78,,,,,0,percent of total billed charges,78% of Billed Charges. Lesser of 100% of billed charges applies.; No services were performed during the 15 month look back period.,7538.2944,78,,,,,0,percent of total billed charges,78% of Billed Charges. Lesser of 100% of billed charges applies.; No services were performed during the 15 month look back period.,7538.2944,78,,,,,0,percent of total billed charges,78% of Billed Charges. Lesser of 100% of billed charges applies.; No services were performed during the 15 month look back period.,7538.2944,78,,,,,0,percent of total billed charges,78% of Billed Charges. Lesser of 100% of billed charges applies.; No services were performed during the 15 month look back period.,7538.2944,78,,,,,0,percent of total billed charges,78% of Billed Charges. Lesser of 100% of billed charges applies.; No services were performed during the 15 month look back period.,7538.2944,78,,,,,0,percent of total billed charges,78% of Billed Charges. Lesser of 100% of billed charges applies.; No services were performed during the 15 month look back period.,7538.2944,78,,,,,0,percent of total billed charges,78% of Billed Charges. Lesser of 100% of billed charges applies.; No services were performed during the 15 month look back period.,7538.2944,78,,,,,0,percent of total billed charges,78% of Billed Charges. Lesser of 100% of billed charges applies.; No services were performed during the 15 month look back period.,8427,,,,,,,Case Rate,". Primary procedure pays at 100%, all subsequent at 50%.",8427,,,,,,,Case Rate,". Primary procedure pays at 100%, all subsequent at 50%.",8427,,,,,,,Case Rate,". Primary procedure pays at 100%, all subsequent at 50%.",8427,,,,,,,Case Rate,". Primary procedure pays at 100%, all subsequent at 50%.",12574,,,,,,,Case Rate,". Primary procedure pays at 100%, all subsequent at 50%.",12574,,,,,,,Case Rate,". Primary procedure pays at 100%, all subsequent at 50%.",6487,,,,,,,Case Rate,". MPL 100/50/25% maxmium of 3 procedures. All add ons apply, and lesser of 100% of billed charges",13586,,,,,,,Case Rate,". MPL 100/50/25% all add ons apply, and lesser of 100% of billed charges",8165.03,,,,,,,Case Rate,". MPL 100/50/25% all add ons apply, and lesser of 100% of billed charges",13586,,,,,,,Case Rate,". MPL 100/50/25% all add ons apply, and lesser of 100% of billed charges",7538.2944,78,,,,,0,percent of total billed charges,78% of Billed Charges. Lesser of 100% of billed charges applies.; No services were performed during the 15 month look back period.,12574,,,,,,,Case Rate,". Primary procedure pays at 100%, all subsequent at 50%.",13586,,,,,,,Case Rate,". MPL 100/50/25% all add ons apply, and lesser of 100% of billed charges",8165.03,,,,,,,Case Rate,". MPL 100/50/25% all add ons apply, and lesser of 100% of billed charges",6487,,,,,,,Case Rate,". MPL 100/50/25% maxmium of 3 procedures. All add ons apply, and lesser of 100% of billed charges",,,,,,,,,"NA. ",7538.2944,78,,,,,0,percent of total billed charges,78% of Billed Charges. Lesser of 100% of billed charges applies.; No services were performed during the 15 month look back period.,2244.18,,,,,,,Case Rate,"100 Percent of Medicaid APG. ",8427,,,,,,,Case Rate,". Primary procedure pays at 100%, all subsequent at 50%.",2244.18,,,,,,,Case Rate,"100 Percent of Medicaid APG. Not APG payable, or payable under another fee schedule like ASP/AWP pays at 30% of charges",4362.77,,,,,,,Case Rate,"100%Medicare OPPS FS. ",4362.77,,,,,,,Case Rate,"100% Medicare OPPS FS. ",9761,,,,,,,Case Rate,". MPL 100/75/50% all add ons apply, and lesser of 100% of billed charges",4362.77,,,,,,,Case Rate,"100% Medicare OPPS FS. ",4362.77,,,,,,,Case Rate,"100% Medicare OPPS FS. ",2244.18,,,,,,,Case Rate,"100 Percent of Medicaid APG. ",4362.77,,,,,,,Case Rate,"100% Medicare OPPS FS. ",4362.77,,,,,,,Case Rate,"100% Medicare OPPS FS. ",10024,,,,,,,Case Rate,". Primary procedure pays at 100%, secondary at 50%, all subsequent at 25%.  Lesser of applies when negotiated rates exceed charges less addons.",10024,,,,,,,Case Rate,". Primary procedure pays at 100%, secondary at 50%, all subsequent at 25%.  Lesser of applies when negotiated rates exceed charges less addons.",4362.77,,,,,,,Case Rate,"100% Medicare OPPS FS. ",6487,,,,,,,Case Rate,". MPL 100/50/25% maxmium of 3 procedures. All add ons apply, and lesser of 100% of billed charges",8165.03,,,,,,,Case Rate,". MPL 100/50/25% all add ons apply, and lesser of 100% of billed charges",8165.03,,,,,,,Case Rate,". MPL 100/50/25% all add ons apply, and lesser of 100% of billed charges",4362.77,,,,,,,Case Rate,"100% Medicare OPPS FS. ",6487,,,,,,,Case Rate,". MPL 100/50/25% maxmium of 3 procedures. All add ons apply, and lesser of 100% of billed charges",10024,,,,,,,Case Rate,". Primary procedure pays at 100%, secondary at 50%, all subsequent at 25%.  Lesser of applies when negotiated rates exceed charges less addons.",10024,,,,,,,Case Rate,". Primary procedure pays at 100%, secondary at 50%, all subsequent at 25%.  Lesser of applies when negotiated rates exceed charges less addons.",10024,,,,,,,Case Rate,". Primary procedure pays at 100%, secondary at 50%, all subsequent at 25%.  Lesser of applies when negotiated rates exceed charges less addons.",7538.2944,78,,,,,0,percent of total billed charges,78% of Billed Charges. Lesser of 100% of billed charges applies.; No services were performed during the 15 month look back period.,7538.2944,78,,,,,0,percent of total billed charges,78% of Billed Charges. Lesser of 100% of billed charges applies.; No services were performed during the 15 month look back period.,7538.2944,78,,,,,0,percent of total billed charges,78% of Billed Charges. Lesser of 100% of billed charges applies.; No services were performed during the 15 month look back period.,7538.2944,78,,,,,0,percent of total billed charges,78% of Billed Charges. Lesser of 100% of billed charges applies.; No services were performed during the 15 month look back period.,7538.2944,78,,,,,0,percent of total billed charges,78% of Billed Charges. Lesser of 100% of billed charges applies.; No services were performed during the 15 month look back period.,7538.2944,78,,,,,0,percent of total billed charges,78% of Billed Charges. Lesser of 100% of billed charges applies.; No services were performed during the 15 month look back period.,7538.2944,78,,,,,0,percent of total billed charges,78% of Billed Charges. Lesser of 100% of billed charges applies.; No services were performed during the 15 month look back period.,7538.2944,78,,,,,0,percent of total billed charges,78% of Billed Charges. Lesser of 100% of billed charges applies.; No services were performed during the 15 month look back period.,7538.2944,78,,,,,0,percent of total billed charges,78% of Billed Charges. Lesser of 100% of billed charges applies.; No services were performed during the 15 month look back period.,7538.2944,78,,,,,0,percent of total billed charges,78% of Billed Charges. Lesser of 100% of billed charges applies.; No services were performed during the 15 month look back period.,7538.2944,78,,,,,0,percent of total billed charges,78% of Billed Charges. Lesser of 100% of billed charges applies.; No services were performed during the 15 month look back period.,12574,,,,,,,Case Rate,". Primary procedure pays at 100%, all subsequent at 50%.",13586,,,,,,,Case Rate,". MPL 100/50/25% all add ons apply, and lesser of 100% of billed charges",6487,,,,,,,Case Rate,". MPL 100/50/25% maxmium of 3 procedures. All add ons apply, and lesser of 100% of billed charges",4362.77,,,,,,,Case Rate,"100% Medicare OPPS FS. ",10024,,,,,,,Case Rate,". Primary procedure pays at 100%, secondary at 50%, all subsequent at 25%.  Lesser of applies when negotiated rates exceed charges less addons.",6487,,,,,,,Case Rate,". MPL 100/50/25% maxmium of 3 procedures. All add ons apply, and lesser of 100% of billed charges",6487,,,,,,,Case Rate,". MPL 100/50/25% maxmium of 3 procedures. All add ons apply, and lesser of 100% of billed charges",7538.2944,78,,,,,0,percent of total billed charges,78% of Billed Charges. Lesser of 100% of billed charges applies.; No services were performed during the 15 month look back period.,4802.54,,,,,,,Case Rate,"214 Percent of Medicaid APG. Drugs not priced under APG, billed with revenue code 636 and not priced by Medicare ASP FeeSched will be reimbursed at 20% of charges.",6487,,,,,,,Case Rate,". MPL 100/50/25% maxmium of 3 procedures. All add ons apply, and lesser of 100% of billed charges",2244.18,,,,,,,Case Rate,"100 Percent of Medicaid APG. ",4362.77,,,,,,,Case Rate,"100% Medicare OPPS FS. ",4362.77,,,,,,,Case Rate,"100% Medicare OPPS FS. ",4362.77,,,,,,,Case Rate,"100% Medicare OPPS FS. ",4362.77,,,,,,,Case Rate,"100% Medicare OPPS FS. ",4362.77,,,,,,,Case Rate,"100% Medicare OPPS FS. ",4362.77,,,,,,,Case Rate,"100% Medicare OPPS FS. ",6487,,,,,,,Case Rate,". MPL 100/50/25% maxmium of 3 procedures. All add ons apply, and lesser of 100% of billed charges",9761,,,,,,,Case Rate,". MPL 100/75/50% all add ons apply, and lesser of 100% of billed charges",4039.52,,,,,,,Fee Schedule,"180 Percent of Medicaid APG. ",4039.52,,,,,,,Fee Schedule,"180 Percent of Medicaid APG. ",4039.52,,,,,,,Fee Schedule,"180 Percent of Medicaid APG. ",4039.52,,,,,,,Fee Schedule,"180 Percent of Medicaid APG. ",4039.52,,,,,,,Fee Schedule,"180 Percent of Medicaid APG. ",,,,,,,,,"NA. ",9761,,,,,,,Case Rate,". MPL 100/75/50% all add ons apply, and lesser of 100% of billed charges",8638.28,,,,,,,Case Rate,198 Percent of Medicare OPPS. Metroplus will reimburse unlisted codes and described codes with no Medicare rate at 50 percent of charges.,8638.28,,,,,,,Case Rate,198 Percent of Medicare OPPS. Metroplus will reimburse unlisted codes and described codes with no Medicare rate at 50 percent of charges.,8638.28,,,,,,,Case Rate,198 Percent of Medicare OPPS. Metroplus will reimburse unlisted codes and described codes with no Medicare rate at 50 percent of charges.,8638.28,,,,,,,Case Rate,198 Percent of Medicare OPPS. Metroplus will reimburse unlisted codes and described codes with no Medicare rate at 50 percent of charges.,8638.28,,,,,,,Case Rate,198 Percent of Medicare OPPS. Metroplus will reimburse unlisted codes and described codes with no Medicare rate at 50 percent of charges.,4362.77,,,,,,,Case Rate,"100% Medicare OPPS FS. ",12574,,,,,,,Case Rate,". Primary procedure pays at 100%, all subsequent at 50%.",12574,,,,,,,Case Rate,". Primary procedure pays at 100%, all subsequent at 50%.",12574,,,,,,,Case Rate,". Primary procedure pays at 100%, all subsequent at 50%.",12574,,,,,,,Case Rate,". Primary procedure pays at 100%, all subsequent at 50%.",10024,,,,,,,Case Rate,". Primary procedure pays at 100%, secondary at 50%, all subsequent at 25%.  Lesser of applies when negotiated rates exceed charges less addons.",10024,,,,,,,Case Rate,". Primary procedure pays at 100%, secondary at 50%, all subsequent at 25%.  Lesser of applies when negotiated rates exceed charges less addons.",10024,,,,,,,Case Rate,". Primary procedure pays at 100%, secondary at 50%, all subsequent at 25%.  Lesser of applies when negotiated rates exceed charges less addons.",10024,,,,,,,Case Rate,". Primary procedure pays at 100%, secondary at 50%, all subsequent at 25%.  Lesser of applies when negotiated rates exceed charges less addons.",9761,,,,,,,Case Rate,". MPL 100/75/50% all add ons apply, and lesser of 100% of billed charges",9761,,,,,,,Case Rate,". MPL 100/75/50% all add ons apply, and lesser of 100% of billed charges",4362.77,,,,,,,Case Rate,"100% Medicare OPPS FS. ",4362.77,,,,,,,Case Rate,"100% Medicare OPPS FS. ",4362.77,,,,,,,Case Rate,"100% Medicare OPPS FS. ",13586,,,,,,,Case Rate,". MPL 100/50/25% all add ons apply, and lesser of 100% of billed charges",13586,,,,,,,Case Rate,". MPL 100/50/25% all add ons apply, and lesser of 100% of billed charges",13586,,,,,,,Case Rate,". MPL 100/50/25% all add ons apply, and lesser of 100% of billed charges",9761,,,,,,,Case Rate,". MPL 100/75/50% all add ons apply, and lesser of 100% of billed charges",10024,,,,,,,Case Rate,". Primary procedure pays at 100%, secondary at 50%, all subsequent at 25%.  Lesser of applies when negotiated rates exceed charges less addons.",4362.77,,,,,,,Case Rate,"100% Medicare OPPS FS. ",13586,,,,,,,Case Rate,". MPL 100/50/25% all add ons apply, and lesser of 100% of billed charges",2244.18,,,,,,,Case Rate,"100 Percent of Medicaid APG. ",4450.02,,,,,,,Case Rate,"102% of Medicare OPPS. ",4450.02,,,,,,,Case Rate,"102% of Medicare OPPS. ",4450.02,,,,,,,Case Rate,"102% of Medicare OPPS. ",2244.18,,,,,,,Case rate,"100 Percent of Medicaid APG. ",5049.4,,,,,,,Case Rate,225% of NYS APG. Lesser of 100% of billed charges applies.,5049.4,,,,,,,Case Rate,225% of NYS APG. Lesser of 100% of billed charges applies.,5049.4,,,,,,,Case Rate,225% of NYS APG. Lesser of 100% of billed charges applies.,5049.4,,,,,,,Case Rate,225% of NYS APG. Lesser of 100% of billed charges applies.,5049.4,,,,,,,Case Rate,225% of NYS APG. Lesser of 100% of billed charges applies.,4450.02,,,,,,,Case Rate,"102% of Medicare OPPS. ",2244.18,,,,,,,Case Rate,"100 Percent of Medicaid APG. ",1344.48,,,,,,,Case Rate,100% of PAS. Lesser of 100% of billed charges applies.,5049.4,,,,,,,Case Rate,225% of NYS APG. Lesser of 100% of billed charges applies.,5049.4,,,,,,,Case Rate,225% of NYS APG. Lesser of 100% of billed charges applies.,1344.48,,,,,,,Case Rate,100% of PAS. Lesser of 100% of billed charges applies.,1344.48,,,,,,,Case Rate,100% of PAS. Lesser of 100% of billed charges applies.,4039.52,,,,,,,Fee Schedule,"180 Percent of Medicaid APG. ",4362.77,,,,,,,Case Rate,"100% Medicare OPPS FS. ",4362.77,,,,,,,Case Rate,"100% Medicare OPPS FS. ",10024,,,,,,,Case Rate,". Primary procedure pays at 100%, secondary at 50%, all subsequent at 25%.  Lesser of applies when negotiated rates exceed charges less addons.",4362.77,,,,,,,Case Rate,"100% Medicare OPPS FS. ",5049.4,,,,,,,Case Rate,"225 Percent of Medicaid APG. ",5049.4,,,,,,,Case Rate,"225 Percent of Medicaid APG. ",2244.18,,,,,,,Case rate,"100 Percent of Medicaid APG. ",2244.18,,,,,,,Case rate,"100 Percent of Medicaid APG. ",5049.4,,,,,,,Case Rate,225 Percent of Medicaid APG. Covered services not payable under Medicaid Fee Schedules default to a payment of 87.5 percent of charges.,2244.18,,,,,,,Case rate,124 Percent of Medicaid APG. Covered services not payable under Medicaid Fee Schedules default to a payment of 50 percent of charges.,5049.4,,,,,,,Case Rate,"100 Percent of Medicaid APG. ",5049.4,,,,,,,Case Rate,"100 Percent of Medicaid APG. ",5049.4,,,,,,,Case Rate,"100 Percent of Medicaid APG. ",5049.4,,,,,,,Case Rate,"100 Percent of Medicaid APG. ",13453,,,,,,,Case Rate,". MPL 100/75/50% all add ons apply, and lesser of 100% of billed charges",9761,,,,,,,Case Rate,". MPL 100/75/50% all add ons apply, and lesser of 100% of billed charges",2693.01,,,,,,,Case Rate,"120 Percent of Medicaid APG. Not APG payable, or payable under another fee schedule like ASP/AWP pays at 30% of charges",2693.01,,,,,,,Case Rate,"120 Percent of Medicaid APG. Not APG payable, or payable under another fee schedule like ASP/AWP pays at 30% of charges",2244.18,,,,,,,Case Rate,"100 Percent of Medicaid APG. Not APG payable, or payable under another fee schedule like ASP/AWP pays at 30% of charges",2244.18,,,,,,,Case Rate,"100 Percent of Medicaid APG. Not APG payable, or payable under another fee schedule like ASP/AWP pays at 30% of charges",13586,,,,,,,Case Rate,". MPL 100/50/25% all add ons apply, and lesser of 100% of billed charges",13586,,,,,,,Case Rate,". MPL 100/50/25% all add ons apply, and lesser of 100% of billed charges",4362.77,,,,,,,Case Rate,"100% Medicare OPPS FS. ",13586,,,,,,,Case Rate,". MPL 100/50/25% all add ons apply, and lesser of 100% of billed charges",13586,,,,,,,Case Rate,". MPL 100/50/25% all add ons apply, and lesser of 100% of billed charges",13586,,,,,,,Case Rate,". MPL 100/50/25% all add ons apply, and lesser of 100% of billed charges",13586,,,,,,,Case Rate,". MPL 100/50/25% all add ons apply, and lesser of 100% of billed charges",4362.77,,,,,,,Case Rate,"100% Medicare OPPS FS. ",13586,,,,,,,Case Rate,". MPL 100/50/25% all add ons apply, and lesser of 100% of billed charges",13586,,,,,,,Case Rate,". MPL 100/50/25% all add ons apply, and lesser of 100% of billed charges",10024,,,,,,,Case Rate,". Primary procedure pays at 100%, secondary at 50%, all subsequent at 25%.  Lesser of applies when negotiated rates exceed charges less addons.",2244.18,,,,,,,Fee Schedule,100% APG. Lesser of 100% of billed charges applies.,2244.18,,,,,,,Case rate,124 Percent of Medicaid APG. Covered services not payable under Medicaid Fee Schedules default to a payment of 50 percent of charges.,5049.4,,,,,,,Case Rate,225% of NYS APG. Lesser of 100% of billed charges applies.,5049.4,,,,,,,Case Rate,225 Percent of Medicaid APG. Covered services not payable under Medicaid Fee Schedules default to a payment of 87.5 percent of charges.,2244.18,,,,,,,Case rate,124 Percent of Medicaid APG. Covered services not payable under Medicaid Fee Schedules default to a payment of 50 percent of charges.,5049.4,,,,,,,Case Rate,225% of NYS APG. Lesser of 100% of billed charges applies.,5049.4,,,,,,,Case Rate,225% of NYS APG. Lesser of 100% of billed charges applies.,5049.4,,,,,,,Case Rate,225% of NYS APG. Lesser of 100% of billed charges applies.,5049.4,,,,,,,Case Rate,225% of NYS APG. Lesser of 100% of billed charges applies.,5049.4,,,,,,,Case Rate,225% of NYS APG. Lesser of 100% of billed charges applies.,5049.4,,,,,,,Case Rate,225% of NYS APG. Lesser of 100% of billed charges applies.,,,,,,,,,"NA. ",,,,,,,,,"NA. ",,,,,,,,,"NA. ",6487,,,,,,,Case Rate,". MPL 100/50/25% maxmium of 3 procedures. All add ons apply, and lesser of 100% of billed charges",,,,,,,,,"NA. ",4362.77,,,,,,,Case Rate,"100% Medicare OPPS FS. ",7084,,,,,,,Case Rate,". MPL 1st 100% of Payment Rate 50% of all others, all add ons apply, and lesser of 100% of billed charges.",4362.77,,,,,,,Case Rate,"100% Medicare OPPS FS. ",4362.77,,,,,,,Case Rate,"100% Medicare OPPS FS. ",2693.01,,,,,,,Case Rate,"120 Percent of Medicaid APG. Not APG payable, or payable under another fee schedule like ASP/AWP pays at 30% of charges",2693.01,,,,,,,Case Rate,"120 Percent of Medicaid APG. Not APG payable, or payable under another fee schedule like ASP/AWP pays at 30% of charges",2244.18,,,,,,,Case Rate,"100 Percent of Medicaid APG. Not APG payable, or payable under another fee schedule like ASP/AWP pays at 30% of charges",2244.18,,,,,,,Case Rate,"100 Percent of Medicaid APG. Not APG payable, or payable under another fee schedule like ASP/AWP pays at 30% of charges",2244.18,,,,,,,Case Rate,"100 Percent of Medicaid APG. ",7163,,,,,,,Case Rate,". ",10024,,,,,,,Case Rate,". Primary procedure pays at 100%, secondary at 50%, all subsequent at 25%.  Lesser of applies when negotiated rates exceed charges less addons.",8427,,,,,,,Case Rate,". Primary procedure pays at 100%, all subsequent at 50%.",6487,,,,,,,Case Rate,". MPL 100/50/25% maxmium of 3 procedures. All add ons apply, and lesser of 100% of billed charges",4362.77,,,,,,,Case Rate,"100%Medicare OPPS FS. ",4362.77,,,,,,,Case Rate,"100% Medicare OPPS FS. ",4362.77,,,,,,,Case Rate,"100% Medicare OPPS FS. ",4362.77,,,,,,,Case Rate,"100% Medicare OPPS FS. ",4362.77,,,,,,,Case Rate,"100%Medicare OPPS FS. ",4362.77,,,,,,,Case Rate,"100% Medicare OPPS FS. ",,,,,,,,,"NA. ",5049.4,,,,,,,Case Rate,225% of NYS APG. Lesser of 100% of billed charges applies.,1344.48,,,,,,,Case Rate,100% of PAS. Lesser of 100% of billed charges applies.,13586,,,,,,,Case Rate,". MPL 100/50/25% all add ons apply, and lesser of 100% of billed charges",7163,,,,,,,Case Rate,". ",7163,,,,,,,Case Rate,". ",7163,,,,,,,Case Rate,". ",7163,,,,,,,Case Rate,". ",4362.77,,,,,,,Case Rate,"100% Medicare OPPS FS. ",2244.18,,,,,,,Case Rate,"100 Percent of Medicaid APG. ",13586,,,,,,,Case Rate,". MPL 100/50/25% all add ons apply, and lesser of 100% of billed charges",2244.18,,,,,,,Case Rate,"100 Percent of Medicaid APG. ",4362.77,,,,,,,Case Rate,"100% Medicare OPPS FS. ",2244.18,,,,,,,Case Rate,"100 Percent of Medicaid APG. ",4362.77,,,,,,,Case Rate,"100% Medicare OPPS FS. ",4362.77,,,,,,,Case Rate,"100% Medicare OPPS FS. ",2244.18,,,,,,,Case Rate,"100 Percent of Medicaid APG. ",2244.18,,,,,,,Case Rate,"100 Percent of Medicaid APG. ",7163,,,,,,,Case Rate,". ",6487,,,,,,,Case Rate,". MPL 100/50/25% maxmium of 3 procedures. All add ons apply, and lesser of 100% of billed charges",7538.2944,78,,,,,0,percent of total billed charges,78% of Billed Charges. Lesser of 100% of billed charges applies.; No services were performed during the 15 month look back period.,8165.03,,,,,,,Case Rate,". MPL 100/50/25% all add ons apply, and lesser of 100% of billed charges",8165.03,,,,,,,Case Rate,". MPL 100/50/25% all add ons apply, and lesser of 100% of billed charges",10024,,,,,,,Case Rate,". Primary procedure pays at 100%, secondary at 50%, all subsequent at 25%.  Lesser of applies when negotiated rates exceed charges less addons.",1546.27,,,,,,,Case Rate,"83% HF Fee schedule. ",12574,,,,,,,Case Rate,". Primary procedure pays at 100%, all subsequent at 50%.",12574,,,,,,,Case Rate,". Primary procedure pays at 100%, all subsequent at 50%.",10869,,,,,,,Case Rate,". MPL 100/50/25% all add ons apply, and lesser of 100% of billed charges",10869,,,,,,,Case Rate,". MPL 100/50/25% all add ons apply, and lesser of 100% of billed charges",4362.77,,,,,,,Case Rate,"100% Medicare OPPS FS. ",4362.77,,,,,,,Case Rate,"100% Medicare OPPS FS. ",4362.77,,,,,,,Case Rate,"100% Medicare OPPS FS. ",4362.77,,,,,,,Case Rate,"100% Medicare OPPS FS. ",8165.03,,,,,,,Case Rate,". MPL 100/50/25% all add ons apply, and lesser of 100% of billed charges",13586,,,,,,,Case Rate,". MPL 100/50/25% all add ons apply, and lesser of 100% of billed charges",13586,,,,,,,Case Rate,". MPL 100/50/25% all add ons apply, and lesser of 100% of billed charges",4362.77,,,,,,,Case Rate,"100% Medicare OPPS FS. ",10869,,,,,,,Case Rate,". MPL 100/50/25% all add ons apply, and lesser of 100% of billed charges",8427,,,,,,,Case Rate,". Primary procedure pays at 100%, all subsequent at 50%.",2693.01,,,,,,,Fee Schedule,"120 Percent of Medicaid APG. ",2244.18,,,,,,,Case Rate,"100 Percent of Medicaid APG. ",7163,,,,,,,Case Rate,". ",12227,,,,,,,Case Rate,". MPL 100/50/25% all add ons apply, and lesser of 100% of billed charges",12227,,,,,,,Case Rate,". MPL 100/50/25% all add ons apply, and lesser of 100% of billed charges",13586,,,,,,,Case Rate,". MPL 100/50/25% all add ons apply, and lesser of 100% of billed charges",6726,,,,,,,Case Rate,". MPL 100/75/50% all add ons apply, and lesser of 100% of billed charges",4362.77,,,,,,,Case Rate,"100%Medicare OPPS FS. ",2356.39,,,,,,,Fee Schedule,105 percent of Medicaid APG. otherwise 105% of Ordered NYS MCD FS or 105% of ASP+6%,2356.39,,,,,,,Fee Schedule,105 percent of Medicaid APG. otherwise 105% of Ordered NYS MCD FS or 105% of ASP+6%,2356.39,,,,,,,Fee Schedule,105 percent of Medicaid APG. otherwise 105% of Ordered NYS MCD FS or 105% of ASP+6%,3029.64,,,,,,,Fee Schedule,135 percent of Medicaid APG. otherwise 135% of Ordered NYS MCD FS or 135% of ASP+6%,8165.03,,,,,,,Case Rate,". MPL 100/50/25% all add ons apply, and lesser of 100% of billed charges",2356.39,,,,,,,Fee Schedule,105 percent of Medicaid APG. otherwise 105% of Ordered NYS MCD FS or 105% of ASP+6%,2356.39,,,,,,,Fee Schedule,105 percent of Medicaid APG. otherwise 105% of Ordered NYS MCD FS or 105% of ASP+6%,2356.39,,,,,,,Fee Schedule,105 percent of Medicaid APG. otherwise 105% of Ordered NYS MCD FS or 105% of ASP+6%,2356.39,,,,,,,Fee Schedule,105 percent of Medicaid APG. otherwise 105% of Ordered NYS MCD FS or 105% of ASP+6%,2356.39,,,,,,,Fee Schedule,105 percent of Medicaid APG. otherwise 105% of Ordered NYS MCD FS or 105% of ASP+6%,3029.64,,,,,,,Fee Schedule,135 percent of Medicaid APG. otherwise 135% of Ordered NYS MCD FS or 135% of ASP+6%,3029.64,,,,,,,Fee Schedule,135 percent of Medicaid APG. otherwise 135% of Ordered NYS MCD FS or 135% of ASP+6%,4362.77,,,,,,,Case Rate,"100% Medicare OPPS FS. ",8165.03,,,,,,,Case Rate,". MPL 100/50/25% all add ons apply, and lesser of 100% of billed charges",4362.77,,,,,,,Case Rate,"100% Medicare OPPS FS. ",2356.39,,,,,,,Fee Schedule,105 percent of Medicaid APG. otherwise 105% of Ordered NYS MCD FS or 105% of ASP+6%,13586,,,,,,,Case Rate,". MPL 100/50/25% all add ons apply, and lesser of 100% of billed charges",4362.77,,,,,,,Case Rate,"100% Medicare OPPS FS. ",13586,,,,,,,Case Rate,". MPL 100/50/25% all add ons apply, and lesser of 100% of billed charges",13586,,,,,,,Case Rate,". MPL 100/50/25% all add ons apply, and lesser of 100% of billed charges",13586,,,,,,,Case Rate,". MPL 100/50/25% all add ons apply, and lesser of 100% of billed charges",2356.39,,,,,,,Fee Schedule,105 percent of Medicaid APG. otherwise 105% of Ordered NYS MCD FS or 105% of ASP+6%,4362.77,,,,,,,Case Rate,"100% Medicare OPPS FS. ",13586,,,,,,,Case Rate,". MPL 100/50/25% all add ons apply, and lesser of 100% of billed charges",3029.64,,,,,,,Fee Schedule,135 percent of Medicaid APG. otherwise 135% of Ordered NYS MCD FS or 135% of ASP+6%,13586,,,,,,,Case Rate,". MPL 100/50/25% all add ons apply, and lesser of 100% of billed charges",19328.96,200,,,,,0,Case Rate,200% of Medicare OPPS. ; No services were performed during the 15 month look back period.,4362.77,,,,,,,Case Rate,"100%Medicare OPPS FS. ",7163,,,,,,,Case Rate,". ",7163,,,,,,,Case Rate,". ",7163,,,,,,,Case Rate,". ",7163,,,,,,,Case Rate,". ",7163,,,,,,,Case Rate,". ",8427,,,,,,,Case Rate,". Primary procedure pays at 100%, all subsequent at 50%.",8427,,,,,,,Case Rate,". Primary procedure pays at 100%, all subsequent at 50%.",7163,,,,,,,Case Rate,". ",7163,,,,,,,Case Rate,". ",7163,,,,,,,Case Rate,". ",7163,,,,,,,Case Rate,". ",7163,,,,,,,Case Rate,". ",4362.77,,,,,,,Case Rate,"100% Medicare OPPS FS. ",8427,,,,,,,Case Rate,". Primary procedure pays at 100%, all subsequent at 50%.",4362.77,,,,,,,Case Rate,"100% Medicare OPPS FS. ",5049.4,,,,,,,Case Rate,"225 Percent of Medicaid APG. If not included in Medicaid APG, then 100 Percent of Manhattan Medicare",2244.18,,,,,,,Case Rate,"100 Percent of Medicaid APG. ",8165.03,,,,,,,Case Rate,". MPL 100/50/25% all add ons apply, and lesser of 100% of billed charges",8165.03,,,,,,,Case Rate,". MPL 100/50/25% all add ons apply, and lesser of 100% of billed charges",4362.77,,,,,,,Case Rate,"100% Medicare OPPS FS. ",12574,,,,,,,Case Rate,". Primary procedure pays at 100%, all subsequent at 50%.",4362.77,,,,,,,Case Rate,"100% Medicare OPPS FS. ",4362.77,,,,,,,Case Rate,"100% Medicare OPPS FS. ",10024,,,,,,,Case Rate,". Primary procedure pays at 100%, secondary at 50%, all subsequent at 25%.  Lesser of applies when negotiated rates exceed charges less addons.",4362.77,,,,,,,Case Rate,"100% Medicare OPPS FS. ",6487,,,,,,,Case Rate,". MPL 100/50/25% maxmium of 3 procedures. All add ons apply, and lesser of 100% of billed charges",4362.77,,,,,,,Case Rate,"100% Medicare OPPS FS. ",6487,,,,,,,Case Rate,". MPL 100/50/25% maxmium of 3 procedures. All add ons apply, and lesser of 100% of billed charges",10024,,,,,,,Case Rate,". Primary procedure pays at 100%, secondary at 50%, all subsequent at 25%.  Lesser of applies when negotiated rates exceed charges less addons.",6487,,,,,,,Case Rate,". MPL 100/50/25% maxmium of 3 procedures. All add ons apply, and lesser of 100% of billed charges",4362.77,,,,,,,Case Rate,"100% Medicare OPPS FS. ",2244.18,,,,,,,Case Rate,"100 Percent of Medicaid APG. ",4362.77,,,,,,,Case Rate,"100% Medicare OPPS FS. ",6487,,,,,,,Case Rate,". MPL 100/50/25% maxmium of 3 procedures. All add ons apply, and lesser of 100% of billed charges",8165.03,,,,,,,Case Rate,". MPL 100/50/25% all add ons apply, and lesser of 100% of billed charges",2244.18,,,,,,,Case Rate,"100 Percent of Medicaid APG. ",13586,,,,,,,Case Rate,". MPL 100/50/25% all add ons apply, and lesser of 100% of billed charges",2693.01,,,,,,,Fee Schedule,"120 Percent of Medicaid APG. ",2693.01,,,,,,,Fee Schedule,"120 Percent of Medicaid APG. ",13586,,,,,,,Case Rate,". MPL 100/50/25% all add ons apply, and lesser of 100% of billed charges",13586,,,,,,,Case Rate,". MPL 100/50/25% all add ons apply, and lesser of 100% of billed charges",13586,,,,,,,Case Rate,". MPL 100/50/25% all add ons apply, and lesser of 100% of billed charges",8165.03,,,,,,,Case Rate,". MPL 100/50/25% all add ons apply, and lesser of 100% of billed charges",13586,,,,,,,Case Rate,". MPL 100/50/25% all add ons apply, and lesser of 100% of billed charges",13586,,,,,,,Case Rate,". MPL 100/50/25% all add ons apply, and lesser of 100% of billed charges",13586,,,,,,,Case Rate,". MPL 100/50/25% all add ons apply, and lesser of 100% of billed charges",7163,,,,,,,Case Rate,". ",7163,,,,,,,Case Rate,". ",8638.28,,,,,,,Case Rate,198 Percent of Medicare OPPS. Metroplus will reimburse unlisted codes and described codes with no Medicare rate at 50 percent of charges.,2244.18,,,,,,,Case Rate,"100 Percent of Medicaid APG. ",8165.03,,,,,,,Case Rate,". MPL 100/50/25% all add ons apply, and lesser of 100% of billed charges",6487,,,,,,,Case Rate,". MPL 100/50/25% maxmium of 3 procedures. All add ons apply, and lesser of 100% of billed charges",10024,,,,,,,Case Rate,". Primary procedure pays at 100%, secondary at 50%, all subsequent at 25%.  Lesser of applies when negotiated rates exceed charges less addons.",8165.03,,,,,,,Case Rate,". MPL 100/50/25% all add ons apply, and lesser of 100% of billed charges",10024,,,,,,,Case Rate,". Primary procedure pays at 100%, secondary at 50%, all subsequent at 25%.  Lesser of applies when negotiated rates exceed charges less addons.",8165.03,,,,,,,Case Rate,". MPL 100/50/25% all add ons apply, and lesser of 100% of billed charges",13586,,,,,,,Case Rate,". MPL 100/50/25% all add ons apply, and lesser of 100% of billed charges",13586,,,,,,,Case Rate,". MPL 100/50/25% all add ons apply, and lesser of 100% of billed charges",13586,,,,,,,Case Rate,". MPL 100/50/25% all add ons apply, and lesser of 100% of billed charges",13586,,,,,,,Case Rate,". MPL 100/50/25% all add ons apply, and lesser of 100% of billed charges",4362.77,,,,,,,Case Rate,"100% Medicare OPPS FS. ",1344.48,19328.96,
31645,CPT,,,490,RC,BRNCHSC W/THER ASPIR 1ST,,,both,,,,3681,,,,,,,Case Rate,". MPL 1st 100% of Payment Rate 50% of all others, all add ons apply, and lesser of 100% of billed charges.",3681,,,,,,,Case Rate,". MPL 1st 100% of Payment Rate 50% of all others, all add ons apply, and lesser of 100% of billed charges.",8442,,,,,,,Case Rate,". Primary procedure pays at 100%, secondary at 50%, all subsequent at 25%.  Lesser of applies when negotiated rates exceed charges less addons.",,100,,,,,0,percent of total billed charges,100 percent of billed charges. ; No services were performed during the 15 month look back period.,2040.57,,,,,,,Case Rate,"100% Medicare OPPS FS. ",8442,,,,,,,Case Rate,". Primary procedure pays at 100%, secondary at 50%, all subsequent at 25%.  Lesser of applies when negotiated rates exceed charges less addons.",8442,,,,,,,Case Rate,". Primary procedure pays at 100%, secondary at 50%, all subsequent at 25%.  Lesser of applies when negotiated rates exceed charges less addons.",8442,,,,,,,Case Rate,". Primary procedure pays at 100%, secondary at 50%, all subsequent at 25%.  Lesser of applies when negotiated rates exceed charges less addons.",1914.71,,,,,,,Case Rate,"100 Percent of Medicaid APG. ",1595.6,,,,,,,Case Rate,"100 Percent of Medicaid APG. ",,78,,,,,0,percent of total billed charges,78% of Billed Charges. Lesser of 100% of billed charges applies.; No services were performed during the 15 month look back period.,8165.03,,,,,,,Case Rate,". MPL 100/50/25% all add ons apply, and lesser of 100% of billed charges",1595.6,,,,,,,Case Rate,"100 Percent of Medicaid APG. ",2040.57,,,,,,,Case Rate,"100% Medicare OPPS FS. ",6487,,,,,,,Case Rate,". MPL 100/50/25% maxmium of 3 procedures. All add ons apply, and lesser of 100% of billed charges",6487,,,,,,,Case Rate,". MPL 100/50/25% maxmium of 3 procedures. All add ons apply, and lesser of 100% of billed charges",6487,,,,,,,Case Rate,". MPL 100/50/25% maxmium of 3 procedures. All add ons apply, and lesser of 100% of billed charges",6487,,,,,,,Case Rate,". MPL 100/50/25% maxmium of 3 procedures. All add ons apply, and lesser of 100% of billed charges",1595.6,,,,,,,Case rate,124 Percent of Medicaid APG. Covered services not payable under Medicaid Fee Schedules default to a payment of 50 percent of charges.,2040.57,,,,,,,Case Rate,"100% Medicare OPPS FS. ",1595.6,,,,,,,Case rate,124 Percent of Medicaid APG. Covered services not payable under Medicaid Fee Schedules default to a payment of 50 percent of charges.,,78,,,,,0,percent of total billed charges,78% of Billed Charges. Lesser of 100% of billed charges applies.; No services were performed during the 15 month look back period.,8442,,,,,,,Case Rate,". Primary procedure pays at 100%, secondary at 50%, all subsequent at 25%.  Lesser of applies when negotiated rates exceed charges less addons.",2040.57,,,,,,,Case Rate,"100%Medicare OPPS FS. ",8427,,,,,,,Case Rate,". Primary procedure pays at 100%, all subsequent at 50%.",2040.57,,,,,,,Case Rate,"100%Medicare OPPS FS. ",2040.57,,,,,,,Case Rate,"100%Medicare OPPS FS. ",,78,,,,,0,percent of total billed charges,78% of Billed Charges. Lesser of 100% of billed charges applies.; No services were performed during the 15 month look back period.,687.74,,,,,,,Case Rate,100% of PAS. Lesser of 100% of billed charges applies.,687.74,,,,,,,Case Rate,100% of PAS. Lesser of 100% of billed charges applies.,1595.6,,,,,,,Case rate,"100 Percent of Medicaid APG. ",1595.6,,,,,,,Case rate,"100 Percent of Medicaid APG. ",8427,,,,,,,Case Rate,". Primary procedure pays at 100%, all subsequent at 50%.",8427,,,,,,,Case Rate,". Primary procedure pays at 100%, all subsequent at 50%.",1595.6,,,,,,,Case Rate,"100 Percent of Medicaid APG. Not APG payable, or payable under another fee schedule like ASP/AWP pays at 30% of charges",8427,,,,,,,Case Rate,". Primary procedure pays at 100%, all subsequent at 50%.",1595.6,,,,,,,Case Rate,"100 Percent of Medicaid APG. Not APG payable, or payable under another fee schedule like ASP/AWP pays at 30% of charges",2040.57,,,,,,,Case Rate,"100%Medicare OPPS FS. ",8427,,,,,,,Case Rate,". Primary procedure pays at 100%, all subsequent at 50%.",,78,,,,,0,percent of total billed charges,78% of Billed Charges. Lesser of 100% of billed charges applies.; No services were performed during the 15 month look back period.,1595.6,,,,,,,Case Rate,"100 Percent of Medicaid APG. ",1595.6,,,,,,,Case Rate,"100 Percent of Medicaid APG. ",,78,,,,,0,percent of total billed charges,78% of Billed Charges. Lesser of 100% of billed charges applies.; No services were performed during the 15 month look back period.,6487,,,,,,,Case Rate,". MPL 100/50/25% maxmium of 3 procedures. All add ons apply, and lesser of 100% of billed charges",6377,,,,,,,Case Rate,". MPL 100/50/25% all add ons apply, and lesser of 100% of billed charges",6377,,,,,,,Case Rate,". MPL 100/50/25% all add ons apply, and lesser of 100% of billed charges",,78,,,,,0,percent of total billed charges,78% of Billed Charges. Lesser of 100% of billed charges applies.; No services were performed during the 15 month look back period.,2040.57,,,,,,,Case Rate,"100% Medicare OPPS FS. ",8165.03,,,,,,,Case Rate,". MPL 100/50/25% all add ons apply, and lesser of 100% of billed charges",8165.03,,,,,,,Case Rate,". MPL 100/50/25% all add ons apply, and lesser of 100% of billed charges",8165.03,,,,,,,Case Rate,". MPL 100/50/25% all add ons apply, and lesser of 100% of billed charges",2040.57,,,,,,,Case Rate,"100% Medicare OPPS FS. ",8165.03,,,,,,,Case Rate,". MPL 100/50/25% all add ons apply, and lesser of 100% of billed charges",8165.03,,,,,,,Case Rate,". MPL 100/50/25% all add ons apply, and lesser of 100% of billed charges",2040.57,,,,,,,Case Rate,"100% of Medicare OPPS. ",9761,,,,,,,Case Rate,". MPL 100/75/50% all add ons apply, and lesser of 100% of billed charges",10351,,,,,,,Case Rate,". MPL 100/50/25% all add ons apply, and lesser of 100% of billed charges",10351,,,,,,,Case Rate,". MPL 100/50/25% all add ons apply, and lesser of 100% of billed charges",10351,,,,,,,Case Rate,". MPL 100/50/25% all add ons apply, and lesser of 100% of billed charges",10351,,,,,,,Case Rate,". MPL 100/50/25% all add ons apply, and lesser of 100% of billed charges",10351,,,,,,,Case Rate,". MPL 100/50/25% all add ons apply, and lesser of 100% of billed charges",10351,,,,,,,Case Rate,". MPL 100/50/25% all add ons apply, and lesser of 100% of billed charges",2040.57,,,,,,,Case Rate,"100% Medicare OPPS FS. ",2040.57,,,,,,,Case Rate,"100% Medicare OPPS FS. ",10351,,,,,,,Case Rate,". MPL 100/50/25% all add ons apply, and lesser of 100% of billed charges",,78,,,,,0,percent of total billed charges,78% of Billed Charges. Lesser of 100% of billed charges applies.; No services were performed during the 15 month look back period.,,78,,,,,0,percent of total billed charges,78% of Billed Charges. Lesser of 100% of billed charges applies.; No services were performed during the 15 month look back period.,,78,,,,,0,percent of total billed charges,78% of Billed Charges. Lesser of 100% of billed charges applies.; No services were performed during the 15 month look back period.,,78,,,,,0,percent of total billed charges,78% of Billed Charges. Lesser of 100% of billed charges applies.; No services were performed during the 15 month look back period.,,78,,,,,0,percent of total billed charges,78% of Billed Charges. Lesser of 100% of billed charges applies.; No services were performed during the 15 month look back period.,,78,,,,,0,percent of total billed charges,78% of Billed Charges. Lesser of 100% of billed charges applies.; No services were performed during the 15 month look back period.,,78,,,,,0,percent of total billed charges,78% of Billed Charges. Lesser of 100% of billed charges applies.; No services were performed during the 15 month look back period.,,78,,,,,0,percent of total billed charges,78% of Billed Charges. Lesser of 100% of billed charges applies.; No services were performed during the 15 month look back period.,,78,,,,,0,percent of total billed charges,78% of Billed Charges. Lesser of 100% of billed charges applies.; No services were performed during the 15 month look back period.,,78,,,,,0,percent of total billed charges,78% of Billed Charges. Lesser of 100% of billed charges applies.; No services were performed during the 15 month look back period.,,78,,,,,0,percent of total billed charges,78% of Billed Charges. Lesser of 100% of billed charges applies.; No services were performed during the 15 month look back period.,,78,,,,,0,percent of total billed charges,78% of Billed Charges. Lesser of 100% of billed charges applies.; No services were performed during the 15 month look back period.,,78,,,,,0,percent of total billed charges,78% of Billed Charges. Lesser of 100% of billed charges applies.; No services were performed during the 15 month look back period.,,78,,,,,0,percent of total billed charges,78% of Billed Charges. Lesser of 100% of billed charges applies.; No services were performed during the 15 month look back period.,,78,,,,,0,percent of total billed charges,78% of Billed Charges. Lesser of 100% of billed charges applies.; No services were performed during the 15 month look back period.,,78,,,,,0,percent of total billed charges,78% of Billed Charges. Lesser of 100% of billed charges applies.; No services were performed during the 15 month look back period.,,78,,,,,0,percent of total billed charges,78% of Billed Charges. Lesser of 100% of billed charges applies.; No services were performed during the 15 month look back period.,,78,,,,,0,percent of total billed charges,78% of Billed Charges. Lesser of 100% of billed charges applies.; No services were performed during the 15 month look back period.,,78,,,,,0,percent of total billed charges,78% of Billed Charges. Lesser of 100% of billed charges applies.; No services were performed during the 15 month look back period.,,78,,,,,0,percent of total billed charges,78% of Billed Charges. Lesser of 100% of billed charges applies.; No services were performed during the 15 month look back period.,,78,,,,,0,percent of total billed charges,78% of Billed Charges. Lesser of 100% of billed charges applies.; No services were performed during the 15 month look back period.,,78,,,,,0,percent of total billed charges,78% of Billed Charges. Lesser of 100% of billed charges applies.; No services were performed during the 15 month look back period.,,78,,,,,0,percent of total billed charges,78% of Billed Charges. Lesser of 100% of billed charges applies.; No services were performed during the 15 month look back period.,,78,,,,,0,percent of total billed charges,78% of Billed Charges. Lesser of 100% of billed charges applies.; No services were performed during the 15 month look back period.,,78,,,,,0,percent of total billed charges,78% of Billed Charges. Lesser of 100% of billed charges applies.; No services were performed during the 15 month look back period.,,78,,,,,0,percent of total billed charges,78% of Billed Charges. Lesser of 100% of billed charges applies.; No services were performed during the 15 month look back period.,8427,,,,,,,Case Rate,". Primary procedure pays at 100%, all subsequent at 50%.",8427,,,,,,,Case Rate,". Primary procedure pays at 100%, all subsequent at 50%.",8427,,,,,,,Case Rate,". Primary procedure pays at 100%, all subsequent at 50%.",8427,,,,,,,Case Rate,". Primary procedure pays at 100%, all subsequent at 50%.",12574,,,,,,,Case Rate,". Primary procedure pays at 100%, all subsequent at 50%.",12574,,,,,,,Case Rate,". Primary procedure pays at 100%, all subsequent at 50%.",6487,,,,,,,Case Rate,". MPL 100/50/25% maxmium of 3 procedures. All add ons apply, and lesser of 100% of billed charges",10351,,,,,,,Case Rate,". MPL 100/50/25% all add ons apply, and lesser of 100% of billed charges",8165.03,,,,,,,Case Rate,". MPL 100/50/25% all add ons apply, and lesser of 100% of billed charges",10351,,,,,,,Case Rate,". MPL 100/50/25% all add ons apply, and lesser of 100% of billed charges",,78,,,,,0,percent of total billed charges,78% of Billed Charges. Lesser of 100% of billed charges applies.; No services were performed during the 15 month look back period.,12574,,,,,,,Case Rate,". Primary procedure pays at 100%, all subsequent at 50%.",10351,,,,,,,Case Rate,". MPL 100/50/25% all add ons apply, and lesser of 100% of billed charges",8165.03,,,,,,,Case Rate,". MPL 100/50/25% all add ons apply, and lesser of 100% of billed charges",6487,,,,,,,Case Rate,". MPL 100/50/25% maxmium of 3 procedures. All add ons apply, and lesser of 100% of billed charges",,,,,,,,,"NA. ",,78,,,,,0,percent of total billed charges,78% of Billed Charges. Lesser of 100% of billed charges applies.; No services were performed during the 15 month look back period.,1595.6,,,,,,,Case Rate,"100 Percent of Medicaid APG. ",8427,,,,,,,Case Rate,". Primary procedure pays at 100%, all subsequent at 50%.",1595.6,,,,,,,Case Rate,"100 Percent of Medicaid APG. Not APG payable, or payable under another fee schedule like ASP/AWP pays at 30% of charges",2040.57,,,,,,,Case Rate,"100%Medicare OPPS FS. ",2040.57,,,,,,,Case Rate,"100% Medicare OPPS FS. ",9761,,,,,,,Case Rate,". MPL 100/75/50% all add ons apply, and lesser of 100% of billed charges",2040.57,,,,,,,Case Rate,"100% Medicare OPPS FS. ",2040.57,,,,,,,Case Rate,"100% Medicare OPPS FS. ",1595.6,,,,,,,Case Rate,"100 Percent of Medicaid APG. ",2040.57,,,,,,,Case Rate,"100% Medicare OPPS FS. ",2040.57,,,,,,,Case Rate,"100% Medicare OPPS FS. ",8442,,,,,,,Case Rate,". Primary procedure pays at 100%, secondary at 50%, all subsequent at 25%.  Lesser of applies when negotiated rates exceed charges less addons.",8442,,,,,,,Case Rate,". Primary procedure pays at 100%, secondary at 50%, all subsequent at 25%.  Lesser of applies when negotiated rates exceed charges less addons.",2040.57,,,,,,,Case Rate,"100% Medicare OPPS FS. ",6487,,,,,,,Case Rate,". MPL 100/50/25% maxmium of 3 procedures. All add ons apply, and lesser of 100% of billed charges",8165.03,,,,,,,Case Rate,". MPL 100/50/25% all add ons apply, and lesser of 100% of billed charges",8165.03,,,,,,,Case Rate,". MPL 100/50/25% all add ons apply, and lesser of 100% of billed charges",2040.57,,,,,,,Case Rate,"100% Medicare OPPS FS. ",6487,,,,,,,Case Rate,". MPL 100/50/25% maxmium of 3 procedures. All add ons apply, and lesser of 100% of billed charges",8442,,,,,,,Case Rate,". Primary procedure pays at 100%, secondary at 50%, all subsequent at 25%.  Lesser of applies when negotiated rates exceed charges less addons.",8442,,,,,,,Case Rate,". Primary procedure pays at 100%, secondary at 50%, all subsequent at 25%.  Lesser of applies when negotiated rates exceed charges less addons.",8442,,,,,,,Case Rate,". Primary procedure pays at 100%, secondary at 50%, all subsequent at 25%.  Lesser of applies when negotiated rates exceed charges less addons.",,78,,,,,0,percent of total billed charges,78% of Billed Charges. Lesser of 100% of billed charges applies.; No services were performed during the 15 month look back period.,,78,,,,,0,percent of total billed charges,78% of Billed Charges. Lesser of 100% of billed charges applies.; No services were performed during the 15 month look back period.,,78,,,,,0,percent of total billed charges,78% of Billed Charges. Lesser of 100% of billed charges applies.; No services were performed during the 15 month look back period.,,78,,,,,0,percent of total billed charges,78% of Billed Charges. Lesser of 100% of billed charges applies.; No services were performed during the 15 month look back period.,,78,,,,,0,percent of total billed charges,78% of Billed Charges. Lesser of 100% of billed charges applies.; No services were performed during the 15 month look back period.,,78,,,,,0,percent of total billed charges,78% of Billed Charges. Lesser of 100% of billed charges applies.; No services were performed during the 15 month look back period.,,78,,,,,0,percent of total billed charges,78% of Billed Charges. Lesser of 100% of billed charges applies.; No services were performed during the 15 month look back period.,,78,,,,,0,percent of total billed charges,78% of Billed Charges. Lesser of 100% of billed charges applies.; No services were performed during the 15 month look back period.,,78,,,,,0,percent of total billed charges,78% of Billed Charges. Lesser of 100% of billed charges applies.; No services were performed during the 15 month look back period.,,78,,,,,0,percent of total billed charges,78% of Billed Charges. Lesser of 100% of billed charges applies.; No services were performed during the 15 month look back period.,,78,,,,,0,percent of total billed charges,78% of Billed Charges. Lesser of 100% of billed charges applies.; No services were performed during the 15 month look back period.,12574,,,,,,,Case Rate,". Primary procedure pays at 100%, all subsequent at 50%.",10351,,,,,,,Case Rate,". MPL 100/50/25% all add ons apply, and lesser of 100% of billed charges",6487,,,,,,,Case Rate,". MPL 100/50/25% maxmium of 3 procedures. All add ons apply, and lesser of 100% of billed charges",2040.57,,,,,,,Case Rate,"100% Medicare OPPS FS. ",8442,,,,,,,Case Rate,". Primary procedure pays at 100%, secondary at 50%, all subsequent at 25%.  Lesser of applies when negotiated rates exceed charges less addons.",6487,,,,,,,Case Rate,". MPL 100/50/25% maxmium of 3 procedures. All add ons apply, and lesser of 100% of billed charges",6487,,,,,,,Case Rate,". MPL 100/50/25% maxmium of 3 procedures. All add ons apply, and lesser of 100% of billed charges",,78,,,,,0,percent of total billed charges,78% of Billed Charges. Lesser of 100% of billed charges applies.; No services were performed during the 15 month look back period.,3414.57,,,,,,,Case Rate,"214 Percent of Medicaid APG. Drugs not priced under APG, billed with revenue code 636 and not priced by Medicare ASP FeeSched will be reimbursed at 20% of charges.",6487,,,,,,,Case Rate,". MPL 100/50/25% maxmium of 3 procedures. All add ons apply, and lesser of 100% of billed charges",1595.6,,,,,,,Case Rate,"100 Percent of Medicaid APG. ",2040.57,,,,,,,Case Rate,"100% Medicare OPPS FS. ",2040.57,,,,,,,Case Rate,"100% Medicare OPPS FS. ",2040.57,,,,,,,Case Rate,"100% Medicare OPPS FS. ",2040.57,,,,,,,Case Rate,"100% Medicare OPPS FS. ",2040.57,,,,,,,Case Rate,"100% Medicare OPPS FS. ",2040.57,,,,,,,Case Rate,"100% Medicare OPPS FS. ",6487,,,,,,,Case Rate,". MPL 100/50/25% maxmium of 3 procedures. All add ons apply, and lesser of 100% of billed charges",9761,,,,,,,Case Rate,". MPL 100/75/50% all add ons apply, and lesser of 100% of billed charges",2872.07,,,,,,,Fee Schedule,"180 Percent of Medicaid APG. ",2872.07,,,,,,,Fee Schedule,"180 Percent of Medicaid APG. ",2872.07,,,,,,,Fee Schedule,"180 Percent of Medicaid APG. ",2872.07,,,,,,,Fee Schedule,"180 Percent of Medicaid APG. ",2872.07,,,,,,,Fee Schedule,"180 Percent of Medicaid APG. ",,,,,,,,,"NA. ",9761,,,,,,,Case Rate,". MPL 100/75/50% all add ons apply, and lesser of 100% of billed charges",4040.32,,,,,,,Case Rate,198 Percent of Medicare OPPS. Metroplus will reimburse unlisted codes and described codes with no Medicare rate at 50 percent of charges.,4040.32,,,,,,,Case Rate,198 Percent of Medicare OPPS. Metroplus will reimburse unlisted codes and described codes with no Medicare rate at 50 percent of charges.,4040.32,,,,,,,Case Rate,198 Percent of Medicare OPPS. Metroplus will reimburse unlisted codes and described codes with no Medicare rate at 50 percent of charges.,4040.32,,,,,,,Case Rate,198 Percent of Medicare OPPS. Metroplus will reimburse unlisted codes and described codes with no Medicare rate at 50 percent of charges.,4040.32,,,,,,,Case Rate,198 Percent of Medicare OPPS. Metroplus will reimburse unlisted codes and described codes with no Medicare rate at 50 percent of charges.,2040.57,,,,,,,Case Rate,"100% Medicare OPPS FS. ",12574,,,,,,,Case Rate,". Primary procedure pays at 100%, all subsequent at 50%.",12574,,,,,,,Case Rate,". Primary procedure pays at 100%, all subsequent at 50%.",12574,,,,,,,Case Rate,". Primary procedure pays at 100%, all subsequent at 50%.",12574,,,,,,,Case Rate,". Primary procedure pays at 100%, all subsequent at 50%.",8442,,,,,,,Case Rate,". Primary procedure pays at 100%, secondary at 50%, all subsequent at 25%.  Lesser of applies when negotiated rates exceed charges less addons.",8442,,,,,,,Case Rate,". Primary procedure pays at 100%, secondary at 50%, all subsequent at 25%.  Lesser of applies when negotiated rates exceed charges less addons.",8442,,,,,,,Case Rate,". Primary procedure pays at 100%, secondary at 50%, all subsequent at 25%.  Lesser of applies when negotiated rates exceed charges less addons.",8442,,,,,,,Case Rate,". Primary procedure pays at 100%, secondary at 50%, all subsequent at 25%.  Lesser of applies when negotiated rates exceed charges less addons.",9761,,,,,,,Case Rate,". MPL 100/75/50% all add ons apply, and lesser of 100% of billed charges",9761,,,,,,,Case Rate,". MPL 100/75/50% all add ons apply, and lesser of 100% of billed charges",2040.57,,,,,,,Case Rate,"100% Medicare OPPS FS. ",2040.57,,,,,,,Case Rate,"100% Medicare OPPS FS. ",2040.57,,,,,,,Case Rate,"100% Medicare OPPS FS. ",10351,,,,,,,Case Rate,". MPL 100/50/25% all add ons apply, and lesser of 100% of billed charges",10351,,,,,,,Case Rate,". MPL 100/50/25% all add ons apply, and lesser of 100% of billed charges",10351,,,,,,,Case Rate,". MPL 100/50/25% all add ons apply, and lesser of 100% of billed charges",9761,,,,,,,Case Rate,". MPL 100/75/50% all add ons apply, and lesser of 100% of billed charges",8442,,,,,,,Case Rate,". Primary procedure pays at 100%, secondary at 50%, all subsequent at 25%.  Lesser of applies when negotiated rates exceed charges less addons.",2040.57,,,,,,,Case Rate,"100% Medicare OPPS FS. ",10351,,,,,,,Case Rate,". MPL 100/50/25% all add ons apply, and lesser of 100% of billed charges",1595.6,,,,,,,Case Rate,"100 Percent of Medicaid APG. ",2081.38,,,,,,,Case Rate,"102% of Medicare OPPS. ",2081.38,,,,,,,Case Rate,"102% of Medicare OPPS. ",2081.38,,,,,,,Case Rate,"102% of Medicare OPPS. ",1595.6,,,,,,,Case rate,"100 Percent of Medicaid APG. ",3590.09,,,,,,,Case Rate,225% of NYS APG. Lesser of 100% of billed charges applies.,3590.09,,,,,,,Case Rate,225% of NYS APG. Lesser of 100% of billed charges applies.,3590.09,,,,,,,Case Rate,225% of NYS APG. Lesser of 100% of billed charges applies.,3590.09,,,,,,,Case Rate,225% of NYS APG. Lesser of 100% of billed charges applies.,3590.09,,,,,,,Case Rate,225% of NYS APG. Lesser of 100% of billed charges applies.,2081.38,,,,,,,Case Rate,"102% of Medicare OPPS. ",1595.6,,,,,,,Case Rate,"100 Percent of Medicaid APG. ",687.74,,,,,,,Case Rate,100% of PAS. Lesser of 100% of billed charges applies.,3590.09,,,,,,,Case Rate,225% of NYS APG. Lesser of 100% of billed charges applies.,3590.09,,,,,,,Case Rate,225% of NYS APG. Lesser of 100% of billed charges applies.,687.74,,,,,,,Case Rate,100% of PAS. Lesser of 100% of billed charges applies.,687.74,,,,,,,Case Rate,100% of PAS. Lesser of 100% of billed charges applies.,2872.07,,,,,,,Fee Schedule,"180 Percent of Medicaid APG. ",2040.57,,,,,,,Case Rate,"100% Medicare OPPS FS. ",2040.57,,,,,,,Case Rate,"100% Medicare OPPS FS. ",8442,,,,,,,Case Rate,". Primary procedure pays at 100%, secondary at 50%, all subsequent at 25%.  Lesser of applies when negotiated rates exceed charges less addons.",2040.57,,,,,,,Case Rate,"100% Medicare OPPS FS. ",3590.09,,,,,,,Case Rate,"225 Percent of Medicaid APG. ",3590.09,,,,,,,Case Rate,"225 Percent of Medicaid APG. ",1595.6,,,,,,,Case rate,"100 Percent of Medicaid APG. ",1595.6,,,,,,,Case rate,"100 Percent of Medicaid APG. ",3590.09,,,,,,,Case Rate,225 Percent of Medicaid APG. Covered services not payable under Medicaid Fee Schedules default to a payment of 87.5 percent of charges.,1595.6,,,,,,,Case rate,124 Percent of Medicaid APG. Covered services not payable under Medicaid Fee Schedules default to a payment of 50 percent of charges.,3590.09,,,,,,,Case Rate,"100 Percent of Medicaid APG. ",3590.09,,,,,,,Case Rate,"100 Percent of Medicaid APG. ",3590.09,,,,,,,Case Rate,"100 Percent of Medicaid APG. ",3590.09,,,,,,,Case Rate,"100 Percent of Medicaid APG. ",13453,,,,,,,Case Rate,". MPL 100/75/50% all add ons apply, and lesser of 100% of billed charges",9761,,,,,,,Case Rate,". MPL 100/75/50% all add ons apply, and lesser of 100% of billed charges",1914.71,,,,,,,Case Rate,"120 Percent of Medicaid APG. Not APG payable, or payable under another fee schedule like ASP/AWP pays at 30% of charges",1914.71,,,,,,,Case Rate,"120 Percent of Medicaid APG. Not APG payable, or payable under another fee schedule like ASP/AWP pays at 30% of charges",1595.6,,,,,,,Case Rate,"100 Percent of Medicaid APG. Not APG payable, or payable under another fee schedule like ASP/AWP pays at 30% of charges",1595.6,,,,,,,Case Rate,"100 Percent of Medicaid APG. Not APG payable, or payable under another fee schedule like ASP/AWP pays at 30% of charges",10351,,,,,,,Case Rate,". MPL 100/50/25% all add ons apply, and lesser of 100% of billed charges",10351,,,,,,,Case Rate,". MPL 100/50/25% all add ons apply, and lesser of 100% of billed charges",2040.57,,,,,,,Case Rate,"100% Medicare OPPS FS. ",10351,,,,,,,Case Rate,". MPL 100/50/25% all add ons apply, and lesser of 100% of billed charges",10351,,,,,,,Case Rate,". MPL 100/50/25% all add ons apply, and lesser of 100% of billed charges",10351,,,,,,,Case Rate,". MPL 100/50/25% all add ons apply, and lesser of 100% of billed charges",10351,,,,,,,Case Rate,". MPL 100/50/25% all add ons apply, and lesser of 100% of billed charges",2040.57,,,,,,,Case Rate,"100% Medicare OPPS FS. ",10351,,,,,,,Case Rate,". MPL 100/50/25% all add ons apply, and lesser of 100% of billed charges",10351,,,,,,,Case Rate,". MPL 100/50/25% all add ons apply, and lesser of 100% of billed charges",8442,,,,,,,Case Rate,". Primary procedure pays at 100%, secondary at 50%, all subsequent at 25%.  Lesser of applies when negotiated rates exceed charges less addons.",1595.6,,,,,,,Fee Schedule,100% APG. Lesser of 100% of billed charges applies.,1595.6,,,,,,,Case rate,124 Percent of Medicaid APG. Covered services not payable under Medicaid Fee Schedules default to a payment of 50 percent of charges.,3590.09,,,,,,,Case Rate,225% of NYS APG. Lesser of 100% of billed charges applies.,3590.09,,,,,,,Case Rate,225 Percent of Medicaid APG. Covered services not payable under Medicaid Fee Schedules default to a payment of 87.5 percent of charges.,1595.6,,,,,,,Case rate,124 Percent of Medicaid APG. Covered services not payable under Medicaid Fee Schedules default to a payment of 50 percent of charges.,3590.09,,,,,,,Case Rate,225% of NYS APG. Lesser of 100% of billed charges applies.,3590.09,,,,,,,Case Rate,225% of NYS APG. Lesser of 100% of billed charges applies.,3590.09,,,,,,,Case Rate,225% of NYS APG. Lesser of 100% of billed charges applies.,3590.09,,,,,,,Case Rate,225% of NYS APG. Lesser of 100% of billed charges applies.,3590.09,,,,,,,Case Rate,225% of NYS APG. Lesser of 100% of billed charges applies.,3590.09,,,,,,,Case Rate,225% of NYS APG. Lesser of 100% of billed charges applies.,,,,,,,,,"NA. ",,,,,,,,,"NA. ",,,,,,,,,"NA. ",6487,,,,,,,Case Rate,". MPL 100/50/25% maxmium of 3 procedures. All add ons apply, and lesser of 100% of billed charges",,,,,,,,,"NA. ",2040.57,,,,,,,Case Rate,"100% Medicare OPPS FS. ",3681,,,,,,,Case Rate,". MPL 1st 100% of Payment Rate 50% of all others, all add ons apply, and lesser of 100% of billed charges.",2040.57,,,,,,,Case Rate,"100% Medicare OPPS FS. ",2040.57,,,,,,,Case Rate,"100% Medicare OPPS FS. ",1914.71,,,,,,,Case Rate,"120 Percent of Medicaid APG. Not APG payable, or payable under another fee schedule like ASP/AWP pays at 30% of charges",1914.71,,,,,,,Case Rate,"120 Percent of Medicaid APG. Not APG payable, or payable under another fee schedule like ASP/AWP pays at 30% of charges",1595.6,,,,,,,Case Rate,"100 Percent of Medicaid APG. Not APG payable, or payable under another fee schedule like ASP/AWP pays at 30% of charges",1595.6,,,,,,,Case Rate,"100 Percent of Medicaid APG. Not APG payable, or payable under another fee schedule like ASP/AWP pays at 30% of charges",1595.6,,,,,,,Case Rate,"100 Percent of Medicaid APG. ",7163,,,,,,,Case Rate,". ",8442,,,,,,,Case Rate,". Primary procedure pays at 100%, secondary at 50%, all subsequent at 25%.  Lesser of applies when negotiated rates exceed charges less addons.",8427,,,,,,,Case Rate,". Primary procedure pays at 100%, all subsequent at 50%.",6487,,,,,,,Case Rate,". MPL 100/50/25% maxmium of 3 procedures. All add ons apply, and lesser of 100% of billed charges",2040.57,,,,,,,Case Rate,"100%Medicare OPPS FS. ",2040.57,,,,,,,Case Rate,"100% Medicare OPPS FS. ",2040.57,,,,,,,Case Rate,"100% Medicare OPPS FS. ",2040.57,,,,,,,Case Rate,"100% Medicare OPPS FS. ",2040.57,,,,,,,Case Rate,"100%Medicare OPPS FS. ",2040.57,,,,,,,Case Rate,"100% Medicare OPPS FS. ",,,,,,,,,"NA. ",3590.09,,,,,,,Case Rate,225% of NYS APG. Lesser of 100% of billed charges applies.,687.74,,,,,,,Case Rate,100% of PAS. Lesser of 100% of billed charges applies.,10351,,,,,,,Case Rate,". MPL 100/50/25% all add ons apply, and lesser of 100% of billed charges",7163,,,,,,,Case Rate,". ",7163,,,,,,,Case Rate,". ",7163,,,,,,,Case Rate,". ",7163,,,,,,,Case Rate,". ",2040.57,,,,,,,Case Rate,"100% Medicare OPPS FS. ",1595.6,,,,,,,Case Rate,"100 Percent of Medicaid APG. ",10351,,,,,,,Case Rate,". MPL 100/50/25% all add ons apply, and lesser of 100% of billed charges",1595.6,,,,,,,Case Rate,"100 Percent of Medicaid APG. ",2040.57,,,,,,,Case Rate,"100% Medicare OPPS FS. ",1595.6,,,,,,,Case Rate,"100 Percent of Medicaid APG. ",2040.57,,,,,,,Case Rate,"100% Medicare OPPS FS. ",2040.57,,,,,,,Case Rate,"100% Medicare OPPS FS. ",1595.6,,,,,,,Case Rate,"100 Percent of Medicaid APG. ",1595.6,,,,,,,Case Rate,"100 Percent of Medicaid APG. ",7163,,,,,,,Case Rate,". ",6487,,,,,,,Case Rate,". MPL 100/50/25% maxmium of 3 procedures. All add ons apply, and lesser of 100% of billed charges",,78,,,,,0,percent of total billed charges,78% of Billed Charges. Lesser of 100% of billed charges applies.; No services were performed during the 15 month look back period.,8165.03,,,,,,,Case Rate,". MPL 100/50/25% all add ons apply, and lesser of 100% of billed charges",8165.03,,,,,,,Case Rate,". MPL 100/50/25% all add ons apply, and lesser of 100% of billed charges",8442,,,,,,,Case Rate,". Primary procedure pays at 100%, secondary at 50%, all subsequent at 25%.  Lesser of applies when negotiated rates exceed charges less addons.",760.64,,,,,,,Case Rate,"83% HF Fee schedule. ",12574,,,,,,,Case Rate,". Primary procedure pays at 100%, all subsequent at 50%.",12574,,,,,,,Case Rate,". Primary procedure pays at 100%, all subsequent at 50%.",8281,,,,,,,Case Rate,". MPL 100/50/25% all add ons apply, and lesser of 100% of billed charges",8281,,,,,,,Case Rate,". MPL 100/50/25% all add ons apply, and lesser of 100% of billed charges",2040.57,,,,,,,Case Rate,"100% Medicare OPPS FS. ",2040.57,,,,,,,Case Rate,"100% Medicare OPPS FS. ",2040.57,,,,,,,Case Rate,"100% Medicare OPPS FS. ",2040.57,,,,,,,Case Rate,"100% Medicare OPPS FS. ",8165.03,,,,,,,Case Rate,". MPL 100/50/25% all add ons apply, and lesser of 100% of billed charges",10351,,,,,,,Case Rate,". MPL 100/50/25% all add ons apply, and lesser of 100% of billed charges",10351,,,,,,,Case Rate,". MPL 100/50/25% all add ons apply, and lesser of 100% of billed charges",2040.57,,,,,,,Case Rate,"100% Medicare OPPS FS. ",8281,,,,,,,Case Rate,". MPL 100/50/25% all add ons apply, and lesser of 100% of billed charges",8427,,,,,,,Case Rate,". Primary procedure pays at 100%, all subsequent at 50%.",1914.71,,,,,,,Fee Schedule,"120 Percent of Medicaid APG. ",1595.6,,,,,,,Case Rate,"100 Percent of Medicaid APG. ",7163,,,,,,,Case Rate,". ",9316,,,,,,,Case Rate,". MPL 100/50/25% all add ons apply, and lesser of 100% of billed charges",9316,,,,,,,Case Rate,". MPL 100/50/25% all add ons apply, and lesser of 100% of billed charges",10351,,,,,,,Case Rate,". MPL 100/50/25% all add ons apply, and lesser of 100% of billed charges",6726,,,,,,,Case Rate,". MPL 100/75/50% all add ons apply, and lesser of 100% of billed charges",2040.57,,,,,,,Case Rate,"100%Medicare OPPS FS. ",1675.38,,,,,,,Fee Schedule,105 percent of Medicaid APG. otherwise 105% of Ordered NYS MCD FS or 105% of ASP+6%,1675.38,,,,,,,Fee Schedule,105 percent of Medicaid APG. otherwise 105% of Ordered NYS MCD FS or 105% of ASP+6%,1675.38,,,,,,,Fee Schedule,105 percent of Medicaid APG. otherwise 105% of Ordered NYS MCD FS or 105% of ASP+6%,2154.05,,,,,,,Fee Schedule,135 percent of Medicaid APG. otherwise 135% of Ordered NYS MCD FS or 135% of ASP+6%,8165.03,,,,,,,Case Rate,". MPL 100/50/25% all add ons apply, and lesser of 100% of billed charges",1675.38,,,,,,,Fee Schedule,105 percent of Medicaid APG. otherwise 105% of Ordered NYS MCD FS or 105% of ASP+6%,1675.38,,,,,,,Fee Schedule,105 percent of Medicaid APG. otherwise 105% of Ordered NYS MCD FS or 105% of ASP+6%,1675.38,,,,,,,Fee Schedule,105 percent of Medicaid APG. otherwise 105% of Ordered NYS MCD FS or 105% of ASP+6%,1675.38,,,,,,,Fee Schedule,105 percent of Medicaid APG. otherwise 105% of Ordered NYS MCD FS or 105% of ASP+6%,1675.38,,,,,,,Fee Schedule,105 percent of Medicaid APG. otherwise 105% of Ordered NYS MCD FS or 105% of ASP+6%,2154.05,,,,,,,Fee Schedule,135 percent of Medicaid APG. otherwise 135% of Ordered NYS MCD FS or 135% of ASP+6%,2154.05,,,,,,,Fee Schedule,135 percent of Medicaid APG. otherwise 135% of Ordered NYS MCD FS or 135% of ASP+6%,2040.57,,,,,,,Case Rate,"100% Medicare OPPS FS. ",8165.03,,,,,,,Case Rate,". MPL 100/50/25% all add ons apply, and lesser of 100% of billed charges",2040.57,,,,,,,Case Rate,"100% Medicare OPPS FS. ",1675.38,,,,,,,Fee Schedule,105 percent of Medicaid APG. otherwise 105% of Ordered NYS MCD FS or 105% of ASP+6%,10351,,,,,,,Case Rate,". MPL 100/50/25% all add ons apply, and lesser of 100% of billed charges",2040.57,,,,,,,Case Rate,"100% Medicare OPPS FS. ",10351,,,,,,,Case Rate,". MPL 100/50/25% all add ons apply, and lesser of 100% of billed charges",10351,,,,,,,Case Rate,". MPL 100/50/25% all add ons apply, and lesser of 100% of billed charges",10351,,,,,,,Case Rate,". MPL 100/50/25% all add ons apply, and lesser of 100% of billed charges",1675.38,,,,,,,Fee Schedule,105 percent of Medicaid APG. otherwise 105% of Ordered NYS MCD FS or 105% of ASP+6%,2040.57,,,,,,,Case Rate,"100% Medicare OPPS FS. ",10351,,,,,,,Case Rate,". MPL 100/50/25% all add ons apply, and lesser of 100% of billed charges",2154.05,,,,,,,Fee Schedule,135 percent of Medicaid APG. otherwise 135% of Ordered NYS MCD FS or 135% of ASP+6%,10351,,,,,,,Case Rate,". MPL 100/50/25% all add ons apply, and lesser of 100% of billed charges",,200,,,,,0,Case Rate,200% of Medicare OPPS. ; No services were performed during the 15 month look back period.,2040.57,,,,,,,Case Rate,"100%Medicare OPPS FS. ",7163,,,,,,,Case Rate,". ",7163,,,,,,,Case Rate,". ",7163,,,,,,,Case Rate,". ",7163,,,,,,,Case Rate,". ",7163,,,,,,,Case Rate,". ",8427,,,,,,,Case Rate,". Primary procedure pays at 100%, all subsequent at 50%.",8427,,,,,,,Case Rate,". Primary procedure pays at 100%, all subsequent at 50%.",7163,,,,,,,Case Rate,". ",7163,,,,,,,Case Rate,". ",7163,,,,,,,Case Rate,". ",7163,,,,,,,Case Rate,". ",7163,,,,,,,Case Rate,". ",2040.57,,,,,,,Case Rate,"100% Medicare OPPS FS. ",8427,,,,,,,Case Rate,". Primary procedure pays at 100%, all subsequent at 50%.",2040.57,,,,,,,Case Rate,"100% Medicare OPPS FS. ",3590.09,,,,,,,Case Rate,"225 Percent of Medicaid APG. If not included in Medicaid APG, then 100 Percent of Manhattan Medicare",1595.6,,,,,,,Case Rate,"100 Percent of Medicaid APG. ",8165.03,,,,,,,Case Rate,". MPL 100/50/25% all add ons apply, and lesser of 100% of billed charges",8165.03,,,,,,,Case Rate,". MPL 100/50/25% all add ons apply, and lesser of 100% of billed charges",2040.57,,,,,,,Case Rate,"100% Medicare OPPS FS. ",12574,,,,,,,Case Rate,". Primary procedure pays at 100%, all subsequent at 50%.",2040.57,,,,,,,Case Rate,"100% Medicare OPPS FS. ",2040.57,,,,,,,Case Rate,"100% Medicare OPPS FS. ",8442,,,,,,,Case Rate,". Primary procedure pays at 100%, secondary at 50%, all subsequent at 25%.  Lesser of applies when negotiated rates exceed charges less addons.",2040.57,,,,,,,Case Rate,"100% Medicare OPPS FS. ",6487,,,,,,,Case Rate,". MPL 100/50/25% maxmium of 3 procedures. All add ons apply, and lesser of 100% of billed charges",2040.57,,,,,,,Case Rate,"100% Medicare OPPS FS. ",6487,,,,,,,Case Rate,". MPL 100/50/25% maxmium of 3 procedures. All add ons apply, and lesser of 100% of billed charges",8442,,,,,,,Case Rate,". Primary procedure pays at 100%, secondary at 50%, all subsequent at 25%.  Lesser of applies when negotiated rates exceed charges less addons.",6487,,,,,,,Case Rate,". MPL 100/50/25% maxmium of 3 procedures. All add ons apply, and lesser of 100% of billed charges",2040.57,,,,,,,Case Rate,"100% Medicare OPPS FS. ",1595.6,,,,,,,Case Rate,"100 Percent of Medicaid APG. ",2040.57,,,,,,,Case Rate,"100% Medicare OPPS FS. ",6487,,,,,,,Case Rate,". MPL 100/50/25% maxmium of 3 procedures. All add ons apply, and lesser of 100% of billed charges",8165.03,,,,,,,Case Rate,". MPL 100/50/25% all add ons apply, and lesser of 100% of billed charges",1595.6,,,,,,,Case Rate,"100 Percent of Medicaid APG. ",10351,,,,,,,Case Rate,". MPL 100/50/25% all add ons apply, and lesser of 100% of billed charges",1914.71,,,,,,,Fee Schedule,"120 Percent of Medicaid APG. ",1914.71,,,,,,,Fee Schedule,"120 Percent of Medicaid APG. ",10351,,,,,,,Case Rate,". MPL 100/50/25% all add ons apply, and lesser of 100% of billed charges",10351,,,,,,,Case Rate,". MPL 100/50/25% all add ons apply, and lesser of 100% of billed charges",10351,,,,,,,Case Rate,". MPL 100/50/25% all add ons apply, and lesser of 100% of billed charges",8165.03,,,,,,,Case Rate,". MPL 100/50/25% all add ons apply, and lesser of 100% of billed charges",10351,,,,,,,Case Rate,". MPL 100/50/25% all add ons apply, and lesser of 100% of billed charges",10351,,,,,,,Case Rate,". MPL 100/50/25% all add ons apply, and lesser of 100% of billed charges",10351,,,,,,,Case Rate,". MPL 100/50/25% all add ons apply, and lesser of 100% of billed charges",7163,,,,,,,Case Rate,". ",7163,,,,,,,Case Rate,". ",4040.32,,,,,,,Case Rate,198 Percent of Medicare OPPS. Metroplus will reimburse unlisted codes and described codes with no Medicare rate at 50 percent of charges.,1595.6,,,,,,,Case Rate,"100 Percent of Medicaid APG. ",8165.03,,,,,,,Case Rate,". MPL 100/50/25% all add ons apply, and lesser of 100% of billed charges",6487,,,,,,,Case Rate,". MPL 100/50/25% maxmium of 3 procedures. All add ons apply, and lesser of 100% of billed charges",8442,,,,,,,Case Rate,". Primary procedure pays at 100%, secondary at 50%, all subsequent at 25%.  Lesser of applies when negotiated rates exceed charges less addons.",8165.03,,,,,,,Case Rate,". MPL 100/50/25% all add ons apply, and lesser of 100% of billed charges",8442,,,,,,,Case Rate,". Primary procedure pays at 100%, secondary at 50%, all subsequent at 25%.  Lesser of applies when negotiated rates exceed charges less addons.",8165.03,,,,,,,Case Rate,". MPL 100/50/25% all add ons apply, and lesser of 100% of billed charges",10351,,,,,,,Case Rate,". MPL 100/50/25% all add ons apply, and lesser of 100% of billed charges",10351,,,,,,,Case Rate,". MPL 100/50/25% all add ons apply, and lesser of 100% of billed charges",10351,,,,,,,Case Rate,". MPL 100/50/25% all add ons apply, and lesser of 100% of billed charges",10351,,,,,,,Case Rate,". MPL 100/50/25% all add ons apply, and lesser of 100% of billed charges",2040.57,,,,,,,Case Rate,"100% Medicare OPPS FS. ",687.74,13453,
31825,CPT,,,490,RC,REPAIR OF WINDPIPE DEFECT,,,both,,,,5941,,,,,,,Case Rate,". MPL 1st 100% of Payment Rate 50% of all others, all add ons apply, and lesser of 100% of billed charges.",5941,,,,,,,Case Rate,". MPL 1st 100% of Payment Rate 50% of all others, all add ons apply, and lesser of 100% of billed charges.",8442,,,,,,,Case Rate,". Primary procedure pays at 100%, secondary at 50%, all subsequent at 25%.  Lesser of applies when negotiated rates exceed charges less addons.",,100,,,,,0,percent of total billed charges,100 percent of billed charges. ; No services were performed during the 15 month look back period.,3837.52,,,,,,,Case Rate,"100% Medicare OPPS FS. ",8442,,,,,,,Case Rate,". Primary procedure pays at 100%, secondary at 50%, all subsequent at 25%.  Lesser of applies when negotiated rates exceed charges less addons.",8442,,,,,,,Case Rate,". Primary procedure pays at 100%, secondary at 50%, all subsequent at 25%.  Lesser of applies when negotiated rates exceed charges less addons.",8442,,,,,,,Case Rate,". Primary procedure pays at 100%, secondary at 50%, all subsequent at 25%.  Lesser of applies when negotiated rates exceed charges less addons.",3162.85,,,,,,,Case Rate,"100 Percent of Medicaid APG. ",2635.71,,,,,,,Case Rate,"100 Percent of Medicaid APG. ",,78,,,,,0,percent of total billed charges,78% of Billed Charges. Lesser of 100% of billed charges applies.; No services were performed during the 15 month look back period.,9024.56,,,,,,,Case Rate,". MPL 100/50/25% all add ons apply, and lesser of 100% of billed charges",2635.71,,,,,,,Case Rate,"100 Percent of Medicaid APG. ",3837.52,,,,,,,Case Rate,"100% Medicare OPPS FS. ",6487,,,,,,,Case Rate,". MPL 100/50/25% maxmium of 3 procedures. All add ons apply, and lesser of 100% of billed charges",6487,,,,,,,Case Rate,". MPL 100/50/25% maxmium of 3 procedures. All add ons apply, and lesser of 100% of billed charges",6487,,,,,,,Case Rate,". MPL 100/50/25% maxmium of 3 procedures. All add ons apply, and lesser of 100% of billed charges",6487,,,,,,,Case Rate,". MPL 100/50/25% maxmium of 3 procedures. All add ons apply, and lesser of 100% of billed charges",2635.71,,,,,,,Case rate,124 Percent of Medicaid APG. Covered services not payable under Medicaid Fee Schedules default to a payment of 50 percent of charges.,3837.52,,,,,,,Case Rate,"100% Medicare OPPS FS. ",2635.71,,,,,,,Case rate,124 Percent of Medicaid APG. Covered services not payable under Medicaid Fee Schedules default to a payment of 50 percent of charges.,,78,,,,,0,percent of total billed charges,78% of Billed Charges. Lesser of 100% of billed charges applies.; No services were performed during the 15 month look back period.,8442,,,,,,,Case Rate,". Primary procedure pays at 100%, secondary at 50%, all subsequent at 25%.  Lesser of applies when negotiated rates exceed charges less addons.",3837.52,,,,,,,Case Rate,"100%Medicare OPPS FS. ",8427,,,,,,,Case Rate,". Primary procedure pays at 100%, all subsequent at 50%.",3837.52,,,,,,,Case Rate,"100%Medicare OPPS FS. ",3837.52,,,,,,,Case Rate,"100%Medicare OPPS FS. ",,78,,,,,0,percent of total billed charges,78% of Billed Charges. Lesser of 100% of billed charges applies.; No services were performed during the 15 month look back period.,1103.36,,,,,,,Case Rate,100% of PAS. Lesser of 100% of billed charges applies.,1103.36,,,,,,,Case Rate,100% of PAS. Lesser of 100% of billed charges applies.,2635.71,,,,,,,Case rate,"100 Percent of Medicaid APG. ",2635.71,,,,,,,Case rate,"100 Percent of Medicaid APG. ",8427,,,,,,,Case Rate,". Primary procedure pays at 100%, all subsequent at 50%.",8427,,,,,,,Case Rate,". Primary procedure pays at 100%, all subsequent at 50%.",2635.71,,,,,,,Case Rate,"100 Percent of Medicaid APG. Not APG payable, or payable under another fee schedule like ASP/AWP pays at 30% of charges",8427,,,,,,,Case Rate,". Primary procedure pays at 100%, all subsequent at 50%.",2635.71,,,,,,,Case Rate,"100 Percent of Medicaid APG. Not APG payable, or payable under another fee schedule like ASP/AWP pays at 30% of charges",3837.52,,,,,,,Case Rate,"100%Medicare OPPS FS. ",8427,,,,,,,Case Rate,". Primary procedure pays at 100%, all subsequent at 50%.",,78,,,,,0,percent of total billed charges,78% of Billed Charges. Lesser of 100% of billed charges applies.; No services were performed during the 15 month look back period.,2635.71,,,,,,,Case Rate,"100 Percent of Medicaid APG. ",2635.71,,,,,,,Case Rate,"100 Percent of Medicaid APG. ",,78,,,,,0,percent of total billed charges,78% of Billed Charges. Lesser of 100% of billed charges applies.; No services were performed during the 15 month look back period.,6487,,,,,,,Case Rate,". MPL 100/50/25% maxmium of 3 procedures. All add ons apply, and lesser of 100% of billed charges",7929,,,,,,,Case Rate,". MPL 100/50/25% all add ons apply, and lesser of 100% of billed charges",7929,,,,,,,Case Rate,". MPL 100/50/25% all add ons apply, and lesser of 100% of billed charges",,78,,,,,0,percent of total billed charges,78% of Billed Charges. Lesser of 100% of billed charges applies.; No services were performed during the 15 month look back period.,3837.52,,,,,,,Case Rate,"100% Medicare OPPS FS. ",9024.56,,,,,,,Case Rate,". MPL 100/50/25% all add ons apply, and lesser of 100% of billed charges",9024.56,,,,,,,Case Rate,". MPL 100/50/25% all add ons apply, and lesser of 100% of billed charges",9024.56,,,,,,,Case Rate,". MPL 100/50/25% all add ons apply, and lesser of 100% of billed charges",3837.52,,,,,,,Case Rate,"100% Medicare OPPS FS. ",9024.56,,,,,,,Case Rate,". MPL 100/50/25% all add ons apply, and lesser of 100% of billed charges",9024.56,,,,,,,Case Rate,". MPL 100/50/25% all add ons apply, and lesser of 100% of billed charges",3837.52,,,,,,,Case Rate,"100% of Medicare OPPS. ",25798,,,,,,,Case Rate,". MPL 100/75/50% all add ons apply, and lesser of 100% of billed charges",10351,,,,,,,Case Rate,". MPL 100/50/25% all add ons apply, and lesser of 100% of billed charges",10351,,,,,,,Case Rate,". MPL 100/50/25% all add ons apply, and lesser of 100% of billed charges",10351,,,,,,,Case Rate,". MPL 100/50/25% all add ons apply, and lesser of 100% of billed charges",10351,,,,,,,Case Rate,". MPL 100/50/25% all add ons apply, and lesser of 100% of billed charges",10351,,,,,,,Case Rate,". MPL 100/50/25% all add ons apply, and lesser of 100% of billed charges",10351,,,,,,,Case Rate,". MPL 100/50/25% all add ons apply, and lesser of 100% of billed charges",3837.52,,,,,,,Case Rate,"100% Medicare OPPS FS. ",3837.52,,,,,,,Case Rate,"100% Medicare OPPS FS. ",10351,,,,,,,Case Rate,". MPL 100/50/25% all add ons apply, and lesser of 100% of billed charges",,78,,,,,0,percent of total billed charges,78% of Billed Charges. Lesser of 100% of billed charges applies.; No services were performed during the 15 month look back period.,,78,,,,,0,percent of total billed charges,78% of Billed Charges. Lesser of 100% of billed charges applies.; No services were performed during the 15 month look back period.,,78,,,,,0,percent of total billed charges,78% of Billed Charges. Lesser of 100% of billed charges applies.; No services were performed during the 15 month look back period.,,78,,,,,0,percent of total billed charges,78% of Billed Charges. Lesser of 100% of billed charges applies.; No services were performed during the 15 month look back period.,,78,,,,,0,percent of total billed charges,78% of Billed Charges. Lesser of 100% of billed charges applies.; No services were performed during the 15 month look back period.,,78,,,,,0,percent of total billed charges,78% of Billed Charges. Lesser of 100% of billed charges applies.; No services were performed during the 15 month look back period.,,78,,,,,0,percent of total billed charges,78% of Billed Charges. Lesser of 100% of billed charges applies.; No services were performed during the 15 month look back period.,,78,,,,,0,percent of total billed charges,78% of Billed Charges. Lesser of 100% of billed charges applies.; No services were performed during the 15 month look back period.,,78,,,,,0,percent of total billed charges,78% of Billed Charges. Lesser of 100% of billed charges applies.; No services were performed during the 15 month look back period.,,78,,,,,0,percent of total billed charges,78% of Billed Charges. Lesser of 100% of billed charges applies.; No services were performed during the 15 month look back period.,,78,,,,,0,percent of total billed charges,78% of Billed Charges. Lesser of 100% of billed charges applies.; No services were performed during the 15 month look back period.,,78,,,,,0,percent of total billed charges,78% of Billed Charges. Lesser of 100% of billed charges applies.; No services were performed during the 15 month look back period.,,78,,,,,0,percent of total billed charges,78% of Billed Charges. Lesser of 100% of billed charges applies.; No services were performed during the 15 month look back period.,,78,,,,,0,percent of total billed charges,78% of Billed Charges. Lesser of 100% of billed charges applies.; No services were performed during the 15 month look back period.,,78,,,,,0,percent of total billed charges,78% of Billed Charges. Lesser of 100% of billed charges applies.; No services were performed during the 15 month look back period.,,78,,,,,0,percent of total billed charges,78% of Billed Charges. Lesser of 100% of billed charges applies.; No services were performed during the 15 month look back period.,,78,,,,,0,percent of total billed charges,78% of Billed Charges. Lesser of 100% of billed charges applies.; No services were performed during the 15 month look back period.,,78,,,,,0,percent of total billed charges,78% of Billed Charges. Lesser of 100% of billed charges applies.; No services were performed during the 15 month look back period.,,78,,,,,0,percent of total billed charges,78% of Billed Charges. Lesser of 100% of billed charges applies.; No services were performed during the 15 month look back period.,,78,,,,,0,percent of total billed charges,78% of Billed Charges. Lesser of 100% of billed charges applies.; No services were performed during the 15 month look back period.,,78,,,,,0,percent of total billed charges,78% of Billed Charges. Lesser of 100% of billed charges applies.; No services were performed during the 15 month look back period.,,78,,,,,0,percent of total billed charges,78% of Billed Charges. Lesser of 100% of billed charges applies.; No services were performed during the 15 month look back period.,,78,,,,,0,percent of total billed charges,78% of Billed Charges. Lesser of 100% of billed charges applies.; No services were performed during the 15 month look back period.,,78,,,,,0,percent of total billed charges,78% of Billed Charges. Lesser of 100% of billed charges applies.; No services were performed during the 15 month look back period.,,78,,,,,0,percent of total billed charges,78% of Billed Charges. Lesser of 100% of billed charges applies.; No services were performed during the 15 month look back period.,,78,,,,,0,percent of total billed charges,78% of Billed Charges. Lesser of 100% of billed charges applies.; No services were performed during the 15 month look back period.,8427,,,,,,,Case Rate,". Primary procedure pays at 100%, all subsequent at 50%.",8427,,,,,,,Case Rate,". Primary procedure pays at 100%, all subsequent at 50%.",8427,,,,,,,Case Rate,". Primary procedure pays at 100%, all subsequent at 50%.",8427,,,,,,,Case Rate,". Primary procedure pays at 100%, all subsequent at 50%.",12574,,,,,,,Case Rate,". Primary procedure pays at 100%, all subsequent at 50%.",12574,,,,,,,Case Rate,". Primary procedure pays at 100%, all subsequent at 50%.",6487,,,,,,,Case Rate,". MPL 100/50/25% maxmium of 3 procedures. All add ons apply, and lesser of 100% of billed charges",10351,,,,,,,Case Rate,". MPL 100/50/25% all add ons apply, and lesser of 100% of billed charges",9024.56,,,,,,,Case Rate,". MPL 100/50/25% all add ons apply, and lesser of 100% of billed charges",10351,,,,,,,Case Rate,". MPL 100/50/25% all add ons apply, and lesser of 100% of billed charges",,78,,,,,0,percent of total billed charges,78% of Billed Charges. Lesser of 100% of billed charges applies.; No services were performed during the 15 month look back period.,12574,,,,,,,Case Rate,". Primary procedure pays at 100%, all subsequent at 50%.",10351,,,,,,,Case Rate,". MPL 100/50/25% all add ons apply, and lesser of 100% of billed charges",9024.56,,,,,,,Case Rate,". MPL 100/50/25% all add ons apply, and lesser of 100% of billed charges",6487,,,,,,,Case Rate,". MPL 100/50/25% maxmium of 3 procedures. All add ons apply, and lesser of 100% of billed charges",,,,,,,,,"NA. ",,78,,,,,0,percent of total billed charges,78% of Billed Charges. Lesser of 100% of billed charges applies.; No services were performed during the 15 month look back period.,2635.71,,,,,,,Case Rate,"100 Percent of Medicaid APG. ",8427,,,,,,,Case Rate,". Primary procedure pays at 100%, all subsequent at 50%.",2635.71,,,,,,,Case Rate,"100 Percent of Medicaid APG. Not APG payable, or payable under another fee schedule like ASP/AWP pays at 30% of charges",3837.52,,,,,,,Case Rate,"100%Medicare OPPS FS. ",3837.52,,,,,,,Case Rate,"100% Medicare OPPS FS. ",25798,,,,,,,Case Rate,". MPL 100/75/50% all add ons apply, and lesser of 100% of billed charges",3837.52,,,,,,,Case Rate,"100% Medicare OPPS FS. ",3837.52,,,,,,,Case Rate,"100% Medicare OPPS FS. ",2635.71,,,,,,,Case Rate,"100 Percent of Medicaid APG. ",3837.52,,,,,,,Case Rate,"100% Medicare OPPS FS. ",3837.52,,,,,,,Case Rate,"100% Medicare OPPS FS. ",8442,,,,,,,Case Rate,". Primary procedure pays at 100%, secondary at 50%, all subsequent at 25%.  Lesser of applies when negotiated rates exceed charges less addons.",8442,,,,,,,Case Rate,". Primary procedure pays at 100%, secondary at 50%, all subsequent at 25%.  Lesser of applies when negotiated rates exceed charges less addons.",3837.52,,,,,,,Case Rate,"100% Medicare OPPS FS. ",6487,,,,,,,Case Rate,". MPL 100/50/25% maxmium of 3 procedures. All add ons apply, and lesser of 100% of billed charges",9024.56,,,,,,,Case Rate,". MPL 100/50/25% all add ons apply, and lesser of 100% of billed charges",9024.56,,,,,,,Case Rate,". MPL 100/50/25% all add ons apply, and lesser of 100% of billed charges",3837.52,,,,,,,Case Rate,"100% Medicare OPPS FS. ",6487,,,,,,,Case Rate,". MPL 100/50/25% maxmium of 3 procedures. All add ons apply, and lesser of 100% of billed charges",8442,,,,,,,Case Rate,". Primary procedure pays at 100%, secondary at 50%, all subsequent at 25%.  Lesser of applies when negotiated rates exceed charges less addons.",8442,,,,,,,Case Rate,". Primary procedure pays at 100%, secondary at 50%, all subsequent at 25%.  Lesser of applies when negotiated rates exceed charges less addons.",8442,,,,,,,Case Rate,". Primary procedure pays at 100%, secondary at 50%, all subsequent at 25%.  Lesser of applies when negotiated rates exceed charges less addons.",,78,,,,,0,percent of total billed charges,78% of Billed Charges. Lesser of 100% of billed charges applies.; No services were performed during the 15 month look back period.,,78,,,,,0,percent of total billed charges,78% of Billed Charges. Lesser of 100% of billed charges applies.; No services were performed during the 15 month look back period.,,78,,,,,0,percent of total billed charges,78% of Billed Charges. Lesser of 100% of billed charges applies.; No services were performed during the 15 month look back period.,,78,,,,,0,percent of total billed charges,78% of Billed Charges. Lesser of 100% of billed charges applies.; No services were performed during the 15 month look back period.,,78,,,,,0,percent of total billed charges,78% of Billed Charges. Lesser of 100% of billed charges applies.; No services were performed during the 15 month look back period.,,78,,,,,0,percent of total billed charges,78% of Billed Charges. Lesser of 100% of billed charges applies.; No services were performed during the 15 month look back period.,,78,,,,,0,percent of total billed charges,78% of Billed Charges. Lesser of 100% of billed charges applies.; No services were performed during the 15 month look back period.,,78,,,,,0,percent of total billed charges,78% of Billed Charges. Lesser of 100% of billed charges applies.; No services were performed during the 15 month look back period.,,78,,,,,0,percent of total billed charges,78% of Billed Charges. Lesser of 100% of billed charges applies.; No services were performed during the 15 month look back period.,,78,,,,,0,percent of total billed charges,78% of Billed Charges. Lesser of 100% of billed charges applies.; No services were performed during the 15 month look back period.,,78,,,,,0,percent of total billed charges,78% of Billed Charges. Lesser of 100% of billed charges applies.; No services were performed during the 15 month look back period.,12574,,,,,,,Case Rate,". Primary procedure pays at 100%, all subsequent at 50%.",10351,,,,,,,Case Rate,". MPL 100/50/25% all add ons apply, and lesser of 100% of billed charges",6487,,,,,,,Case Rate,". MPL 100/50/25% maxmium of 3 procedures. All add ons apply, and lesser of 100% of billed charges",3837.52,,,,,,,Case Rate,"100% Medicare OPPS FS. ",8442,,,,,,,Case Rate,". Primary procedure pays at 100%, secondary at 50%, all subsequent at 25%.  Lesser of applies when negotiated rates exceed charges less addons.",6487,,,,,,,Case Rate,". MPL 100/50/25% maxmium of 3 procedures. All add ons apply, and lesser of 100% of billed charges",6487,,,,,,,Case Rate,". MPL 100/50/25% maxmium of 3 procedures. All add ons apply, and lesser of 100% of billed charges",,78,,,,,0,percent of total billed charges,78% of Billed Charges. Lesser of 100% of billed charges applies.; No services were performed during the 15 month look back period.,5640.41,,,,,,,Case Rate,"214 Percent of Medicaid APG. Drugs not priced under APG, billed with revenue code 636 and not priced by Medicare ASP FeeSched will be reimbursed at 20% of charges.",6487,,,,,,,Case Rate,". MPL 100/50/25% maxmium of 3 procedures. All add ons apply, and lesser of 100% of billed charges",2635.71,,,,,,,Case Rate,"100 Percent of Medicaid APG. ",3837.52,,,,,,,Case Rate,"100% Medicare OPPS FS. ",3837.52,,,,,,,Case Rate,"100% Medicare OPPS FS. ",3837.52,,,,,,,Case Rate,"100% Medicare OPPS FS. ",3837.52,,,,,,,Case Rate,"100% Medicare OPPS FS. ",3837.52,,,,,,,Case Rate,"100% Medicare OPPS FS. ",3837.52,,,,,,,Case Rate,"100% Medicare OPPS FS. ",6487,,,,,,,Case Rate,". MPL 100/50/25% maxmium of 3 procedures. All add ons apply, and lesser of 100% of billed charges",25798,,,,,,,Case Rate,". MPL 100/75/50% all add ons apply, and lesser of 100% of billed charges",4744.27,,,,,,,Fee Schedule,"180 Percent of Medicaid APG. ",4744.27,,,,,,,Fee Schedule,"180 Percent of Medicaid APG. ",4744.27,,,,,,,Fee Schedule,"180 Percent of Medicaid APG. ",4744.27,,,,,,,Fee Schedule,"180 Percent of Medicaid APG. ",4744.27,,,,,,,Fee Schedule,"180 Percent of Medicaid APG. ",,,,,,,,,"NA. ",25798,,,,,,,Case Rate,". MPL 100/75/50% all add ons apply, and lesser of 100% of billed charges",7598.3,,,,,,,Case Rate,198 Percent of Medicare OPPS. Metroplus will reimburse unlisted codes and described codes with no Medicare rate at 50 percent of charges.,7598.3,,,,,,,Case Rate,198 Percent of Medicare OPPS. Metroplus will reimburse unlisted codes and described codes with no Medicare rate at 50 percent of charges.,7598.3,,,,,,,Case Rate,198 Percent of Medicare OPPS. Metroplus will reimburse unlisted codes and described codes with no Medicare rate at 50 percent of charges.,7598.3,,,,,,,Case Rate,198 Percent of Medicare OPPS. Metroplus will reimburse unlisted codes and described codes with no Medicare rate at 50 percent of charges.,7598.3,,,,,,,Case Rate,198 Percent of Medicare OPPS. Metroplus will reimburse unlisted codes and described codes with no Medicare rate at 50 percent of charges.,3837.52,,,,,,,Case Rate,"100% Medicare OPPS FS. ",12574,,,,,,,Case Rate,". Primary procedure pays at 100%, all subsequent at 50%.",12574,,,,,,,Case Rate,". Primary procedure pays at 100%, all subsequent at 50%.",12574,,,,,,,Case Rate,". Primary procedure pays at 100%, all subsequent at 50%.",12574,,,,,,,Case Rate,". Primary procedure pays at 100%, all subsequent at 50%.",8442,,,,,,,Case Rate,". Primary procedure pays at 100%, secondary at 50%, all subsequent at 25%.  Lesser of applies when negotiated rates exceed charges less addons.",8442,,,,,,,Case Rate,". Primary procedure pays at 100%, secondary at 50%, all subsequent at 25%.  Lesser of applies when negotiated rates exceed charges less addons.",8442,,,,,,,Case Rate,". Primary procedure pays at 100%, secondary at 50%, all subsequent at 25%.  Lesser of applies when negotiated rates exceed charges less addons.",8442,,,,,,,Case Rate,". Primary procedure pays at 100%, secondary at 50%, all subsequent at 25%.  Lesser of applies when negotiated rates exceed charges less addons.",25798,,,,,,,Case Rate,". MPL 100/75/50% all add ons apply, and lesser of 100% of billed charges",25798,,,,,,,Case Rate,". MPL 100/75/50% all add ons apply, and lesser of 100% of billed charges",3837.52,,,,,,,Case Rate,"100% Medicare OPPS FS. ",3837.52,,,,,,,Case Rate,"100% Medicare OPPS FS. ",3837.52,,,,,,,Case Rate,"100% Medicare OPPS FS. ",10351,,,,,,,Case Rate,". MPL 100/50/25% all add ons apply, and lesser of 100% of billed charges",10351,,,,,,,Case Rate,". MPL 100/50/25% all add ons apply, and lesser of 100% of billed charges",10351,,,,,,,Case Rate,". MPL 100/50/25% all add ons apply, and lesser of 100% of billed charges",25798,,,,,,,Case Rate,". MPL 100/75/50% all add ons apply, and lesser of 100% of billed charges",8442,,,,,,,Case Rate,". Primary procedure pays at 100%, secondary at 50%, all subsequent at 25%.  Lesser of applies when negotiated rates exceed charges less addons.",3837.52,,,,,,,Case Rate,"100% Medicare OPPS FS. ",10351,,,,,,,Case Rate,". MPL 100/50/25% all add ons apply, and lesser of 100% of billed charges",2635.71,,,,,,,Case Rate,"100 Percent of Medicaid APG. ",3914.28,,,,,,,Case Rate,"102% of Medicare OPPS. ",3914.28,,,,,,,Case Rate,"102% of Medicare OPPS. ",3914.28,,,,,,,Case Rate,"102% of Medicare OPPS. ",2635.71,,,,,,,Case rate,"100 Percent of Medicaid APG. ",5930.34,,,,,,,Case Rate,225% of NYS APG. Lesser of 100% of billed charges applies.,5930.34,,,,,,,Case Rate,225% of NYS APG. Lesser of 100% of billed charges applies.,5930.34,,,,,,,Case Rate,225% of NYS APG. Lesser of 100% of billed charges applies.,5930.34,,,,,,,Case Rate,225% of NYS APG. Lesser of 100% of billed charges applies.,5930.34,,,,,,,Case Rate,225% of NYS APG. Lesser of 100% of billed charges applies.,3914.28,,,,,,,Case Rate,"102% of Medicare OPPS. ",2635.71,,,,,,,Case Rate,"100 Percent of Medicaid APG. ",1103.36,,,,,,,Case Rate,100% of PAS. Lesser of 100% of billed charges applies.,5930.34,,,,,,,Case Rate,225% of NYS APG. Lesser of 100% of billed charges applies.,5930.34,,,,,,,Case Rate,225% of NYS APG. Lesser of 100% of billed charges applies.,1103.36,,,,,,,Case Rate,100% of PAS. Lesser of 100% of billed charges applies.,1103.36,,,,,,,Case Rate,100% of PAS. Lesser of 100% of billed charges applies.,4744.27,,,,,,,Fee Schedule,"180 Percent of Medicaid APG. ",3837.52,,,,,,,Case Rate,"100% Medicare OPPS FS. ",3837.52,,,,,,,Case Rate,"100% Medicare OPPS FS. ",8442,,,,,,,Case Rate,". Primary procedure pays at 100%, secondary at 50%, all subsequent at 25%.  Lesser of applies when negotiated rates exceed charges less addons.",3837.52,,,,,,,Case Rate,"100% Medicare OPPS FS. ",5930.34,,,,,,,Case Rate,"225 Percent of Medicaid APG. ",5930.34,,,,,,,Case Rate,"225 Percent of Medicaid APG. ",2635.71,,,,,,,Case rate,"100 Percent of Medicaid APG. ",2635.71,,,,,,,Case rate,"100 Percent of Medicaid APG. ",5930.34,,,,,,,Case Rate,225 Percent of Medicaid APG. Covered services not payable under Medicaid Fee Schedules default to a payment of 87.5 percent of charges.,2635.71,,,,,,,Case rate,124 Percent of Medicaid APG. Covered services not payable under Medicaid Fee Schedules default to a payment of 50 percent of charges.,5930.34,,,,,,,Case Rate,"100 Percent of Medicaid APG. ",5930.34,,,,,,,Case Rate,"100 Percent of Medicaid APG. ",5930.34,,,,,,,Case Rate,"100 Percent of Medicaid APG. ",5930.34,,,,,,,Case Rate,"100 Percent of Medicaid APG. ",13453,,,,,,,Case Rate,". MPL 100/75/50% all add ons apply, and lesser of 100% of billed charges",25798,,,,,,,Case Rate,". MPL 100/75/50% all add ons apply, and lesser of 100% of billed charges",3162.85,,,,,,,Case Rate,"120 Percent of Medicaid APG. Not APG payable, or payable under another fee schedule like ASP/AWP pays at 30% of charges",3162.85,,,,,,,Case Rate,"120 Percent of Medicaid APG. Not APG payable, or payable under another fee schedule like ASP/AWP pays at 30% of charges",2635.71,,,,,,,Case Rate,"100 Percent of Medicaid APG. Not APG payable, or payable under another fee schedule like ASP/AWP pays at 30% of charges",2635.71,,,,,,,Case Rate,"100 Percent of Medicaid APG. Not APG payable, or payable under another fee schedule like ASP/AWP pays at 30% of charges",10351,,,,,,,Case Rate,". MPL 100/50/25% all add ons apply, and lesser of 100% of billed charges",10351,,,,,,,Case Rate,". MPL 100/50/25% all add ons apply, and lesser of 100% of billed charges",3837.52,,,,,,,Case Rate,"100% Medicare OPPS FS. ",10351,,,,,,,Case Rate,". MPL 100/50/25% all add ons apply, and lesser of 100% of billed charges",10351,,,,,,,Case Rate,". MPL 100/50/25% all add ons apply, and lesser of 100% of billed charges",10351,,,,,,,Case Rate,". MPL 100/50/25% all add ons apply, and lesser of 100% of billed charges",10351,,,,,,,Case Rate,". MPL 100/50/25% all add ons apply, and lesser of 100% of billed charges",3837.52,,,,,,,Case Rate,"100% Medicare OPPS FS. ",10351,,,,,,,Case Rate,". MPL 100/50/25% all add ons apply, and lesser of 100% of billed charges",10351,,,,,,,Case Rate,". MPL 100/50/25% all add ons apply, and lesser of 100% of billed charges",8442,,,,,,,Case Rate,". Primary procedure pays at 100%, secondary at 50%, all subsequent at 25%.  Lesser of applies when negotiated rates exceed charges less addons.",2635.71,,,,,,,Fee Schedule,100% APG. Lesser of 100% of billed charges applies.,2635.71,,,,,,,Case rate,124 Percent of Medicaid APG. Covered services not payable under Medicaid Fee Schedules default to a payment of 50 percent of charges.,5930.34,,,,,,,Case Rate,225% of NYS APG. Lesser of 100% of billed charges applies.,5930.34,,,,,,,Case Rate,225 Percent of Medicaid APG. Covered services not payable under Medicaid Fee Schedules default to a payment of 87.5 percent of charges.,2635.71,,,,,,,Case rate,124 Percent of Medicaid APG. Covered services not payable under Medicaid Fee Schedules default to a payment of 50 percent of charges.,5930.34,,,,,,,Case Rate,225% of NYS APG. Lesser of 100% of billed charges applies.,5930.34,,,,,,,Case Rate,225% of NYS APG. Lesser of 100% of billed charges applies.,5930.34,,,,,,,Case Rate,225% of NYS APG. Lesser of 100% of billed charges applies.,5930.34,,,,,,,Case Rate,225% of NYS APG. Lesser of 100% of billed charges applies.,5930.34,,,,,,,Case Rate,225% of NYS APG. Lesser of 100% of billed charges applies.,5930.34,,,,,,,Case Rate,225% of NYS APG. Lesser of 100% of billed charges applies.,,,,,,,,,"NA. ",,,,,,,,,"NA. ",,,,,,,,,"NA. ",6487,,,,,,,Case Rate,". MPL 100/50/25% maxmium of 3 procedures. All add ons apply, and lesser of 100% of billed charges",,,,,,,,,"NA. ",3837.52,,,,,,,Case Rate,"100% Medicare OPPS FS. ",5941,,,,,,,Case Rate,". MPL 1st 100% of Payment Rate 50% of all others, all add ons apply, and lesser of 100% of billed charges.",3837.52,,,,,,,Case Rate,"100% Medicare OPPS FS. ",3837.52,,,,,,,Case Rate,"100% Medicare OPPS FS. ",3162.85,,,,,,,Case Rate,"120 Percent of Medicaid APG. Not APG payable, or payable under another fee schedule like ASP/AWP pays at 30% of charges",3162.85,,,,,,,Case Rate,"120 Percent of Medicaid APG. Not APG payable, or payable under another fee schedule like ASP/AWP pays at 30% of charges",2635.71,,,,,,,Case Rate,"100 Percent of Medicaid APG. Not APG payable, or payable under another fee schedule like ASP/AWP pays at 30% of charges",2635.71,,,,,,,Case Rate,"100 Percent of Medicaid APG. Not APG payable, or payable under another fee schedule like ASP/AWP pays at 30% of charges",2635.71,,,,,,,Case Rate,"100 Percent of Medicaid APG. ",7163,,,,,,,Case Rate,". ",8442,,,,,,,Case Rate,". Primary procedure pays at 100%, secondary at 50%, all subsequent at 25%.  Lesser of applies when negotiated rates exceed charges less addons.",8427,,,,,,,Case Rate,". Primary procedure pays at 100%, all subsequent at 50%.",6487,,,,,,,Case Rate,". MPL 100/50/25% maxmium of 3 procedures. All add ons apply, and lesser of 100% of billed charges",3837.52,,,,,,,Case Rate,"100%Medicare OPPS FS. ",3837.52,,,,,,,Case Rate,"100% Medicare OPPS FS. ",3837.52,,,,,,,Case Rate,"100% Medicare OPPS FS. ",3837.52,,,,,,,Case Rate,"100% Medicare OPPS FS. ",3837.52,,,,,,,Case Rate,"100%Medicare OPPS FS. ",3837.52,,,,,,,Case Rate,"100% Medicare OPPS FS. ",,,,,,,,,"NA. ",5930.34,,,,,,,Case Rate,225% of NYS APG. Lesser of 100% of billed charges applies.,1103.36,,,,,,,Case Rate,100% of PAS. Lesser of 100% of billed charges applies.,10351,,,,,,,Case Rate,". MPL 100/50/25% all add ons apply, and lesser of 100% of billed charges",7163,,,,,,,Case Rate,". ",7163,,,,,,,Case Rate,". ",7163,,,,,,,Case Rate,". ",7163,,,,,,,Case Rate,". ",3837.52,,,,,,,Case Rate,"100% Medicare OPPS FS. ",2635.71,,,,,,,Case Rate,"100 Percent of Medicaid APG. ",10351,,,,,,,Case Rate,". MPL 100/50/25% all add ons apply, and lesser of 100% of billed charges",2635.71,,,,,,,Case Rate,"100 Percent of Medicaid APG. ",3837.52,,,,,,,Case Rate,"100% Medicare OPPS FS. ",2635.71,,,,,,,Case Rate,"100 Percent of Medicaid APG. ",3837.52,,,,,,,Case Rate,"100% Medicare OPPS FS. ",3837.52,,,,,,,Case Rate,"100% Medicare OPPS FS. ",2635.71,,,,,,,Case Rate,"100 Percent of Medicaid APG. ",2635.71,,,,,,,Case Rate,"100 Percent of Medicaid APG. ",7163,,,,,,,Case Rate,". ",6487,,,,,,,Case Rate,". MPL 100/50/25% maxmium of 3 procedures. All add ons apply, and lesser of 100% of billed charges",,78,,,,,0,percent of total billed charges,78% of Billed Charges. Lesser of 100% of billed charges applies.; No services were performed during the 15 month look back period.,9024.56,,,,,,,Case Rate,". MPL 100/50/25% all add ons apply, and lesser of 100% of billed charges",9024.56,,,,,,,Case Rate,". MPL 100/50/25% all add ons apply, and lesser of 100% of billed charges",8442,,,,,,,Case Rate,". Primary procedure pays at 100%, secondary at 50%, all subsequent at 25%.  Lesser of applies when negotiated rates exceed charges less addons.",1338.99,,,,,,,Case Rate,"83% HF Fee schedule. ",12574,,,,,,,Case Rate,". Primary procedure pays at 100%, all subsequent at 50%.",12574,,,,,,,Case Rate,". Primary procedure pays at 100%, all subsequent at 50%.",8281,,,,,,,Case Rate,". MPL 100/50/25% all add ons apply, and lesser of 100% of billed charges",8281,,,,,,,Case Rate,". MPL 100/50/25% all add ons apply, and lesser of 100% of billed charges",3837.52,,,,,,,Case Rate,"100% Medicare OPPS FS. ",3837.52,,,,,,,Case Rate,"100% Medicare OPPS FS. ",3837.52,,,,,,,Case Rate,"100% Medicare OPPS FS. ",3837.52,,,,,,,Case Rate,"100% Medicare OPPS FS. ",9024.56,,,,,,,Case Rate,". MPL 100/50/25% all add ons apply, and lesser of 100% of billed charges",10351,,,,,,,Case Rate,". MPL 100/50/25% all add ons apply, and lesser of 100% of billed charges",10351,,,,,,,Case Rate,". MPL 100/50/25% all add ons apply, and lesser of 100% of billed charges",3837.52,,,,,,,Case Rate,"100% Medicare OPPS FS. ",8281,,,,,,,Case Rate,". MPL 100/50/25% all add ons apply, and lesser of 100% of billed charges",8427,,,,,,,Case Rate,". Primary procedure pays at 100%, all subsequent at 50%.",3162.85,,,,,,,Fee Schedule,"120 Percent of Medicaid APG. ",2635.71,,,,,,,Case Rate,"100 Percent of Medicaid APG. ",7163,,,,,,,Case Rate,". ",9316,,,,,,,Case Rate,". MPL 100/50/25% all add ons apply, and lesser of 100% of billed charges",9316,,,,,,,Case Rate,". MPL 100/50/25% all add ons apply, and lesser of 100% of billed charges",10351,,,,,,,Case Rate,". MPL 100/50/25% all add ons apply, and lesser of 100% of billed charges",14948,,,,,,,Case Rate,". MPL 100/75/50% all add ons apply, and lesser of 100% of billed charges",3837.52,,,,,,,Case Rate,"100%Medicare OPPS FS. ",2767.49,,,,,,,Fee Schedule,105 percent of Medicaid APG. otherwise 105% of Ordered NYS MCD FS or 105% of ASP+6%,2767.49,,,,,,,Fee Schedule,105 percent of Medicaid APG. otherwise 105% of Ordered NYS MCD FS or 105% of ASP+6%,2767.49,,,,,,,Fee Schedule,105 percent of Medicaid APG. otherwise 105% of Ordered NYS MCD FS or 105% of ASP+6%,3558.2,,,,,,,Fee Schedule,135 percent of Medicaid APG. otherwise 135% of Ordered NYS MCD FS or 135% of ASP+6%,9024.56,,,,,,,Case Rate,". MPL 100/50/25% all add ons apply, and lesser of 100% of billed charges",2767.49,,,,,,,Fee Schedule,105 percent of Medicaid APG. otherwise 105% of Ordered NYS MCD FS or 105% of ASP+6%,2767.49,,,,,,,Fee Schedule,105 percent of Medicaid APG. otherwise 105% of Ordered NYS MCD FS or 105% of ASP+6%,2767.49,,,,,,,Fee Schedule,105 percent of Medicaid APG. otherwise 105% of Ordered NYS MCD FS or 105% of ASP+6%,2767.49,,,,,,,Fee Schedule,105 percent of Medicaid APG. otherwise 105% of Ordered NYS MCD FS or 105% of ASP+6%,2767.49,,,,,,,Fee Schedule,105 percent of Medicaid APG. otherwise 105% of Ordered NYS MCD FS or 105% of ASP+6%,3558.2,,,,,,,Fee Schedule,135 percent of Medicaid APG. otherwise 135% of Ordered NYS MCD FS or 135% of ASP+6%,3558.2,,,,,,,Fee Schedule,135 percent of Medicaid APG. otherwise 135% of Ordered NYS MCD FS or 135% of ASP+6%,3837.52,,,,,,,Case Rate,"100% Medicare OPPS FS. ",9024.56,,,,,,,Case Rate,". MPL 100/50/25% all add ons apply, and lesser of 100% of billed charges",3837.52,,,,,,,Case Rate,"100% Medicare OPPS FS. ",2767.49,,,,,,,Fee Schedule,105 percent of Medicaid APG. otherwise 105% of Ordered NYS MCD FS or 105% of ASP+6%,10351,,,,,,,Case Rate,". MPL 100/50/25% all add ons apply, and lesser of 100% of billed charges",3837.52,,,,,,,Case Rate,"100% Medicare OPPS FS. ",10351,,,,,,,Case Rate,". MPL 100/50/25% all add ons apply, and lesser of 100% of billed charges",10351,,,,,,,Case Rate,". MPL 100/50/25% all add ons apply, and lesser of 100% of billed charges",10351,,,,,,,Case Rate,". MPL 100/50/25% all add ons apply, and lesser of 100% of billed charges",2767.49,,,,,,,Fee Schedule,105 percent of Medicaid APG. otherwise 105% of Ordered NYS MCD FS or 105% of ASP+6%,3837.52,,,,,,,Case Rate,"100% Medicare OPPS FS. ",10351,,,,,,,Case Rate,". MPL 100/50/25% all add ons apply, and lesser of 100% of billed charges",3558.2,,,,,,,Fee Schedule,135 percent of Medicaid APG. otherwise 135% of Ordered NYS MCD FS or 135% of ASP+6%,10351,,,,,,,Case Rate,". MPL 100/50/25% all add ons apply, and lesser of 100% of billed charges",,200,,,,,0,Case Rate,200% of Medicare OPPS. ; No services were performed during the 15 month look back period.,3837.52,,,,,,,Case Rate,"100%Medicare OPPS FS. ",7163,,,,,,,Case Rate,". ",7163,,,,,,,Case Rate,". ",7163,,,,,,,Case Rate,". ",7163,,,,,,,Case Rate,". ",7163,,,,,,,Case Rate,". ",8427,,,,,,,Case Rate,". Primary procedure pays at 100%, all subsequent at 50%.",8427,,,,,,,Case Rate,". Primary procedure pays at 100%, all subsequent at 50%.",7163,,,,,,,Case Rate,". ",7163,,,,,,,Case Rate,". ",7163,,,,,,,Case Rate,". ",7163,,,,,,,Case Rate,". ",7163,,,,,,,Case Rate,". ",3837.52,,,,,,,Case Rate,"100% Medicare OPPS FS. ",8427,,,,,,,Case Rate,". Primary procedure pays at 100%, all subsequent at 50%.",3837.52,,,,,,,Case Rate,"100% Medicare OPPS FS. ",5930.34,,,,,,,Case Rate,"225 Percent of Medicaid APG. If not included in Medicaid APG, then 100 Percent of Manhattan Medicare",2635.71,,,,,,,Case Rate,"100 Percent of Medicaid APG. ",9024.56,,,,,,,Case Rate,". MPL 100/50/25% all add ons apply, and lesser of 100% of billed charges",9024.56,,,,,,,Case Rate,". MPL 100/50/25% all add ons apply, and lesser of 100% of billed charges",3837.52,,,,,,,Case Rate,"100% Medicare OPPS FS. ",12574,,,,,,,Case Rate,". Primary procedure pays at 100%, all subsequent at 50%.",3837.52,,,,,,,Case Rate,"100% Medicare OPPS FS. ",3837.52,,,,,,,Case Rate,"100% Medicare OPPS FS. ",8442,,,,,,,Case Rate,". Primary procedure pays at 100%, secondary at 50%, all subsequent at 25%.  Lesser of applies when negotiated rates exceed charges less addons.",3837.52,,,,,,,Case Rate,"100% Medicare OPPS FS. ",6487,,,,,,,Case Rate,". MPL 100/50/25% maxmium of 3 procedures. All add ons apply, and lesser of 100% of billed charges",3837.52,,,,,,,Case Rate,"100% Medicare OPPS FS. ",6487,,,,,,,Case Rate,". MPL 100/50/25% maxmium of 3 procedures. All add ons apply, and lesser of 100% of billed charges",8442,,,,,,,Case Rate,". Primary procedure pays at 100%, secondary at 50%, all subsequent at 25%.  Lesser of applies when negotiated rates exceed charges less addons.",6487,,,,,,,Case Rate,". MPL 100/50/25% maxmium of 3 procedures. All add ons apply, and lesser of 100% of billed charges",3837.52,,,,,,,Case Rate,"100% Medicare OPPS FS. ",2635.71,,,,,,,Case Rate,"100 Percent of Medicaid APG. ",3837.52,,,,,,,Case Rate,"100% Medicare OPPS FS. ",6487,,,,,,,Case Rate,". MPL 100/50/25% maxmium of 3 procedures. All add ons apply, and lesser of 100% of billed charges",9024.56,,,,,,,Case Rate,". MPL 100/50/25% all add ons apply, and lesser of 100% of billed charges",2635.71,,,,,,,Case Rate,"100 Percent of Medicaid APG. ",10351,,,,,,,Case Rate,". MPL 100/50/25% all add ons apply, and lesser of 100% of billed charges",3162.85,,,,,,,Fee Schedule,"120 Percent of Medicaid APG. ",3162.85,,,,,,,Fee Schedule,"120 Percent of Medicaid APG. ",10351,,,,,,,Case Rate,". MPL 100/50/25% all add ons apply, and lesser of 100% of billed charges",10351,,,,,,,Case Rate,". MPL 100/50/25% all add ons apply, and lesser of 100% of billed charges",10351,,,,,,,Case Rate,". MPL 100/50/25% all add ons apply, and lesser of 100% of billed charges",9024.56,,,,,,,Case Rate,". MPL 100/50/25% all add ons apply, and lesser of 100% of billed charges",10351,,,,,,,Case Rate,". MPL 100/50/25% all add ons apply, and lesser of 100% of billed charges",10351,,,,,,,Case Rate,". MPL 100/50/25% all add ons apply, and lesser of 100% of billed charges",10351,,,,,,,Case Rate,". MPL 100/50/25% all add ons apply, and lesser of 100% of billed charges",7163,,,,,,,Case Rate,". ",7163,,,,,,,Case Rate,". ",7598.3,,,,,,,Case Rate,198 Percent of Medicare OPPS. Metroplus will reimburse unlisted codes and described codes with no Medicare rate at 50 percent of charges.,2635.71,,,,,,,Case Rate,"100 Percent of Medicaid APG. ",9024.56,,,,,,,Case Rate,". MPL 100/50/25% all add ons apply, and lesser of 100% of billed charges",6487,,,,,,,Case Rate,". MPL 100/50/25% maxmium of 3 procedures. All add ons apply, and lesser of 100% of billed charges",8442,,,,,,,Case Rate,". Primary procedure pays at 100%, secondary at 50%, all subsequent at 25%.  Lesser of applies when negotiated rates exceed charges less addons.",9024.56,,,,,,,Case Rate,". MPL 100/50/25% all add ons apply, and lesser of 100% of billed charges",8442,,,,,,,Case Rate,". Primary procedure pays at 100%, secondary at 50%, all subsequent at 25%.  Lesser of applies when negotiated rates exceed charges less addons.",9024.56,,,,,,,Case Rate,". MPL 100/50/25% all add ons apply, and lesser of 100% of billed charges",10351,,,,,,,Case Rate,". MPL 100/50/25% all add ons apply, and lesser of 100% of billed charges",10351,,,,,,,Case Rate,". MPL 100/50/25% all add ons apply, and lesser of 100% of billed charges",10351,,,,,,,Case Rate,". MPL 100/50/25% all add ons apply, and lesser of 100% of billed charges",10351,,,,,,,Case Rate,". MPL 100/50/25% all add ons apply, and lesser of 100% of billed charges",3837.52,,,,,,,Case Rate,"100% Medicare OPPS FS. ",1103.36,25798,
31830,CPT,,,490,RC,REVISE WINDPIPE SCAR,,,both,,,,5941,,,,,,,Case Rate,". MPL 1st 100% of Payment Rate 50% of all others, all add ons apply, and lesser of 100% of billed charges.",5941,,,,,,,Case Rate,". MPL 1st 100% of Payment Rate 50% of all others, all add ons apply, and lesser of 100% of billed charges.",8442,,,,,,,Case Rate,". Primary procedure pays at 100%, secondary at 50%, all subsequent at 25%.  Lesser of applies when negotiated rates exceed charges less addons.",,100,,,,,0,percent of total billed charges,100 percent of billed charges. ; No services were performed during the 15 month look back period.,3837.52,,,,,,,Case Rate,"100% Medicare OPPS FS. ",8442,,,,,,,Case Rate,". Primary procedure pays at 100%, secondary at 50%, all subsequent at 25%.  Lesser of applies when negotiated rates exceed charges less addons.",8442,,,,,,,Case Rate,". Primary procedure pays at 100%, secondary at 50%, all subsequent at 25%.  Lesser of applies when negotiated rates exceed charges less addons.",8442,,,,,,,Case Rate,". Primary procedure pays at 100%, secondary at 50%, all subsequent at 25%.  Lesser of applies when negotiated rates exceed charges less addons.",3162.85,,,,,,,Case Rate,"100 Percent of Medicaid APG. ",2635.71,,,,,,,Case Rate,"100 Percent of Medicaid APG. ",,78,,,,,0,percent of total billed charges,78% of Billed Charges. Lesser of 100% of billed charges applies.; No services were performed during the 15 month look back period.,9024.56,,,,,,,Case Rate,". MPL 100/50/25% all add ons apply, and lesser of 100% of billed charges",2635.71,,,,,,,Case Rate,"100 Percent of Medicaid APG. ",3837.52,,,,,,,Case Rate,"100% Medicare OPPS FS. ",6487,,,,,,,Case Rate,". MPL 100/50/25% maxmium of 3 procedures. All add ons apply, and lesser of 100% of billed charges",6487,,,,,,,Case Rate,". MPL 100/50/25% maxmium of 3 procedures. All add ons apply, and lesser of 100% of billed charges",6487,,,,,,,Case Rate,". MPL 100/50/25% maxmium of 3 procedures. All add ons apply, and lesser of 100% of billed charges",6487,,,,,,,Case Rate,". MPL 100/50/25% maxmium of 3 procedures. All add ons apply, and lesser of 100% of billed charges",2635.71,,,,,,,Case rate,124 Percent of Medicaid APG. Covered services not payable under Medicaid Fee Schedules default to a payment of 50 percent of charges.,3837.52,,,,,,,Case Rate,"100% Medicare OPPS FS. ",2635.71,,,,,,,Case rate,124 Percent of Medicaid APG. Covered services not payable under Medicaid Fee Schedules default to a payment of 50 percent of charges.,,78,,,,,0,percent of total billed charges,78% of Billed Charges. Lesser of 100% of billed charges applies.; No services were performed during the 15 month look back period.,8442,,,,,,,Case Rate,". Primary procedure pays at 100%, secondary at 50%, all subsequent at 25%.  Lesser of applies when negotiated rates exceed charges less addons.",3837.52,,,,,,,Case Rate,"100%Medicare OPPS FS. ",8427,,,,,,,Case Rate,". Primary procedure pays at 100%, all subsequent at 50%.",3837.52,,,,,,,Case Rate,"100%Medicare OPPS FS. ",3837.52,,,,,,,Case Rate,"100%Medicare OPPS FS. ",,78,,,,,0,percent of total billed charges,78% of Billed Charges. Lesser of 100% of billed charges applies.; No services were performed during the 15 month look back period.,1103.36,,,,,,,Case Rate,100% of PAS. Lesser of 100% of billed charges applies.,1103.36,,,,,,,Case Rate,100% of PAS. Lesser of 100% of billed charges applies.,2635.71,,,,,,,Case rate,"100 Percent of Medicaid APG. ",2635.71,,,,,,,Case rate,"100 Percent of Medicaid APG. ",8427,,,,,,,Case Rate,". Primary procedure pays at 100%, all subsequent at 50%.",8427,,,,,,,Case Rate,". Primary procedure pays at 100%, all subsequent at 50%.",2635.71,,,,,,,Case Rate,"100 Percent of Medicaid APG. Not APG payable, or payable under another fee schedule like ASP/AWP pays at 30% of charges",8427,,,,,,,Case Rate,". Primary procedure pays at 100%, all subsequent at 50%.",2635.71,,,,,,,Case Rate,"100 Percent of Medicaid APG. Not APG payable, or payable under another fee schedule like ASP/AWP pays at 30% of charges",3837.52,,,,,,,Case Rate,"100%Medicare OPPS FS. ",8427,,,,,,,Case Rate,". Primary procedure pays at 100%, all subsequent at 50%.",,78,,,,,0,percent of total billed charges,78% of Billed Charges. Lesser of 100% of billed charges applies.; No services were performed during the 15 month look back period.,2635.71,,,,,,,Case Rate,"100 Percent of Medicaid APG. ",2635.71,,,,,,,Case Rate,"100 Percent of Medicaid APG. ",,78,,,,,0,percent of total billed charges,78% of Billed Charges. Lesser of 100% of billed charges applies.; No services were performed during the 15 month look back period.,6487,,,,,,,Case Rate,". MPL 100/50/25% maxmium of 3 procedures. All add ons apply, and lesser of 100% of billed charges",7929,,,,,,,Case Rate,". MPL 100/50/25% all add ons apply, and lesser of 100% of billed charges",7929,,,,,,,Case Rate,". MPL 100/50/25% all add ons apply, and lesser of 100% of billed charges",,78,,,,,0,percent of total billed charges,78% of Billed Charges. Lesser of 100% of billed charges applies.; No services were performed during the 15 month look back period.,3837.52,,,,,,,Case Rate,"100% Medicare OPPS FS. ",9024.56,,,,,,,Case Rate,". MPL 100/50/25% all add ons apply, and lesser of 100% of billed charges",9024.56,,,,,,,Case Rate,". MPL 100/50/25% all add ons apply, and lesser of 100% of billed charges",9024.56,,,,,,,Case Rate,". MPL 100/50/25% all add ons apply, and lesser of 100% of billed charges",3837.52,,,,,,,Case Rate,"100% Medicare OPPS FS. ",9024.56,,,,,,,Case Rate,". MPL 100/50/25% all add ons apply, and lesser of 100% of billed charges",9024.56,,,,,,,Case Rate,". MPL 100/50/25% all add ons apply, and lesser of 100% of billed charges",3837.52,,,,,,,Case Rate,"100% of Medicare OPPS. ",25798,,,,,,,Case Rate,". MPL 100/75/50% all add ons apply, and lesser of 100% of billed charges",10351,,,,,,,Case Rate,". MPL 100/50/25% all add ons apply, and lesser of 100% of billed charges",10351,,,,,,,Case Rate,". MPL 100/50/25% all add ons apply, and lesser of 100% of billed charges",10351,,,,,,,Case Rate,". MPL 100/50/25% all add ons apply, and lesser of 100% of billed charges",10351,,,,,,,Case Rate,". MPL 100/50/25% all add ons apply, and lesser of 100% of billed charges",10351,,,,,,,Case Rate,". MPL 100/50/25% all add ons apply, and lesser of 100% of billed charges",10351,,,,,,,Case Rate,". MPL 100/50/25% all add ons apply, and lesser of 100% of billed charges",3837.52,,,,,,,Case Rate,"100% Medicare OPPS FS. ",3837.52,,,,,,,Case Rate,"100% Medicare OPPS FS. ",10351,,,,,,,Case Rate,". MPL 100/50/25% all add ons apply, and lesser of 100% of billed charges",,78,,,,,0,percent of total billed charges,78% of Billed Charges. Lesser of 100% of billed charges applies.; No services were performed during the 15 month look back period.,,78,,,,,0,percent of total billed charges,78% of Billed Charges. Lesser of 100% of billed charges applies.; No services were performed during the 15 month look back period.,,78,,,,,0,percent of total billed charges,78% of Billed Charges. Lesser of 100% of billed charges applies.; No services were performed during the 15 month look back period.,,78,,,,,0,percent of total billed charges,78% of Billed Charges. Lesser of 100% of billed charges applies.; No services were performed during the 15 month look back period.,,78,,,,,0,percent of total billed charges,78% of Billed Charges. Lesser of 100% of billed charges applies.; No services were performed during the 15 month look back period.,,78,,,,,0,percent of total billed charges,78% of Billed Charges. Lesser of 100% of billed charges applies.; No services were performed during the 15 month look back period.,,78,,,,,0,percent of total billed charges,78% of Billed Charges. Lesser of 100% of billed charges applies.; No services were performed during the 15 month look back period.,,78,,,,,0,percent of total billed charges,78% of Billed Charges. Lesser of 100% of billed charges applies.; No services were performed during the 15 month look back period.,,78,,,,,0,percent of total billed charges,78% of Billed Charges. Lesser of 100% of billed charges applies.; No services were performed during the 15 month look back period.,,78,,,,,0,percent of total billed charges,78% of Billed Charges. Lesser of 100% of billed charges applies.; No services were performed during the 15 month look back period.,,78,,,,,0,percent of total billed charges,78% of Billed Charges. Lesser of 100% of billed charges applies.; No services were performed during the 15 month look back period.,,78,,,,,0,percent of total billed charges,78% of Billed Charges. Lesser of 100% of billed charges applies.; No services were performed during the 15 month look back period.,,78,,,,,0,percent of total billed charges,78% of Billed Charges. Lesser of 100% of billed charges applies.; No services were performed during the 15 month look back period.,,78,,,,,0,percent of total billed charges,78% of Billed Charges. Lesser of 100% of billed charges applies.; No services were performed during the 15 month look back period.,,78,,,,,0,percent of total billed charges,78% of Billed Charges. Lesser of 100% of billed charges applies.; No services were performed during the 15 month look back period.,,78,,,,,0,percent of total billed charges,78% of Billed Charges. Lesser of 100% of billed charges applies.; No services were performed during the 15 month look back period.,,78,,,,,0,percent of total billed charges,78% of Billed Charges. Lesser of 100% of billed charges applies.; No services were performed during the 15 month look back period.,,78,,,,,0,percent of total billed charges,78% of Billed Charges. Lesser of 100% of billed charges applies.; No services were performed during the 15 month look back period.,,78,,,,,0,percent of total billed charges,78% of Billed Charges. Lesser of 100% of billed charges applies.; No services were performed during the 15 month look back period.,,78,,,,,0,percent of total billed charges,78% of Billed Charges. Lesser of 100% of billed charges applies.; No services were performed during the 15 month look back period.,,78,,,,,0,percent of total billed charges,78% of Billed Charges. Lesser of 100% of billed charges applies.; No services were performed during the 15 month look back period.,,78,,,,,0,percent of total billed charges,78% of Billed Charges. Lesser of 100% of billed charges applies.; No services were performed during the 15 month look back period.,,78,,,,,0,percent of total billed charges,78% of Billed Charges. Lesser of 100% of billed charges applies.; No services were performed during the 15 month look back period.,,78,,,,,0,percent of total billed charges,78% of Billed Charges. Lesser of 100% of billed charges applies.; No services were performed during the 15 month look back period.,,78,,,,,0,percent of total billed charges,78% of Billed Charges. Lesser of 100% of billed charges applies.; No services were performed during the 15 month look back period.,,78,,,,,0,percent of total billed charges,78% of Billed Charges. Lesser of 100% of billed charges applies.; No services were performed during the 15 month look back period.,8427,,,,,,,Case Rate,". Primary procedure pays at 100%, all subsequent at 50%.",8427,,,,,,,Case Rate,". Primary procedure pays at 100%, all subsequent at 50%.",8427,,,,,,,Case Rate,". Primary procedure pays at 100%, all subsequent at 50%.",8427,,,,,,,Case Rate,". Primary procedure pays at 100%, all subsequent at 50%.",12574,,,,,,,Case Rate,". Primary procedure pays at 100%, all subsequent at 50%.",12574,,,,,,,Case Rate,". Primary procedure pays at 100%, all subsequent at 50%.",6487,,,,,,,Case Rate,". MPL 100/50/25% maxmium of 3 procedures. All add ons apply, and lesser of 100% of billed charges",10351,,,,,,,Case Rate,". MPL 100/50/25% all add ons apply, and lesser of 100% of billed charges",9024.56,,,,,,,Case Rate,". MPL 100/50/25% all add ons apply, and lesser of 100% of billed charges",10351,,,,,,,Case Rate,". MPL 100/50/25% all add ons apply, and lesser of 100% of billed charges",,78,,,,,0,percent of total billed charges,78% of Billed Charges. Lesser of 100% of billed charges applies.; No services were performed during the 15 month look back period.,12574,,,,,,,Case Rate,". Primary procedure pays at 100%, all subsequent at 50%.",10351,,,,,,,Case Rate,". MPL 100/50/25% all add ons apply, and lesser of 100% of billed charges",9024.56,,,,,,,Case Rate,". MPL 100/50/25% all add ons apply, and lesser of 100% of billed charges",6487,,,,,,,Case Rate,". MPL 100/50/25% maxmium of 3 procedures. All add ons apply, and lesser of 100% of billed charges",,,,,,,,,"NA. ",,78,,,,,0,percent of total billed charges,78% of Billed Charges. Lesser of 100% of billed charges applies.; No services were performed during the 15 month look back period.,2635.71,,,,,,,Case Rate,"100 Percent of Medicaid APG. ",8427,,,,,,,Case Rate,". Primary procedure pays at 100%, all subsequent at 50%.",2635.71,,,,,,,Case Rate,"100 Percent of Medicaid APG. Not APG payable, or payable under another fee schedule like ASP/AWP pays at 30% of charges",3837.52,,,,,,,Case Rate,"100%Medicare OPPS FS. ",3837.52,,,,,,,Case Rate,"100% Medicare OPPS FS. ",25798,,,,,,,Case Rate,". MPL 100/75/50% all add ons apply, and lesser of 100% of billed charges",3837.52,,,,,,,Case Rate,"100% Medicare OPPS FS. ",3837.52,,,,,,,Case Rate,"100% Medicare OPPS FS. ",2635.71,,,,,,,Case Rate,"100 Percent of Medicaid APG. ",3837.52,,,,,,,Case Rate,"100% Medicare OPPS FS. ",3837.52,,,,,,,Case Rate,"100% Medicare OPPS FS. ",8442,,,,,,,Case Rate,". Primary procedure pays at 100%, secondary at 50%, all subsequent at 25%.  Lesser of applies when negotiated rates exceed charges less addons.",8442,,,,,,,Case Rate,". Primary procedure pays at 100%, secondary at 50%, all subsequent at 25%.  Lesser of applies when negotiated rates exceed charges less addons.",3837.52,,,,,,,Case Rate,"100% Medicare OPPS FS. ",6487,,,,,,,Case Rate,". MPL 100/50/25% maxmium of 3 procedures. All add ons apply, and lesser of 100% of billed charges",9024.56,,,,,,,Case Rate,". MPL 100/50/25% all add ons apply, and lesser of 100% of billed charges",9024.56,,,,,,,Case Rate,". MPL 100/50/25% all add ons apply, and lesser of 100% of billed charges",3837.52,,,,,,,Case Rate,"100% Medicare OPPS FS. ",6487,,,,,,,Case Rate,". MPL 100/50/25% maxmium of 3 procedures. All add ons apply, and lesser of 100% of billed charges",8442,,,,,,,Case Rate,". Primary procedure pays at 100%, secondary at 50%, all subsequent at 25%.  Lesser of applies when negotiated rates exceed charges less addons.",8442,,,,,,,Case Rate,". Primary procedure pays at 100%, secondary at 50%, all subsequent at 25%.  Lesser of applies when negotiated rates exceed charges less addons.",8442,,,,,,,Case Rate,". Primary procedure pays at 100%, secondary at 50%, all subsequent at 25%.  Lesser of applies when negotiated rates exceed charges less addons.",,78,,,,,0,percent of total billed charges,78% of Billed Charges. Lesser of 100% of billed charges applies.; No services were performed during the 15 month look back period.,,78,,,,,0,percent of total billed charges,78% of Billed Charges. Lesser of 100% of billed charges applies.; No services were performed during the 15 month look back period.,,78,,,,,0,percent of total billed charges,78% of Billed Charges. Lesser of 100% of billed charges applies.; No services were performed during the 15 month look back period.,,78,,,,,0,percent of total billed charges,78% of Billed Charges. Lesser of 100% of billed charges applies.; No services were performed during the 15 month look back period.,,78,,,,,0,percent of total billed charges,78% of Billed Charges. Lesser of 100% of billed charges applies.; No services were performed during the 15 month look back period.,,78,,,,,0,percent of total billed charges,78% of Billed Charges. Lesser of 100% of billed charges applies.; No services were performed during the 15 month look back period.,,78,,,,,0,percent of total billed charges,78% of Billed Charges. Lesser of 100% of billed charges applies.; No services were performed during the 15 month look back period.,,78,,,,,0,percent of total billed charges,78% of Billed Charges. Lesser of 100% of billed charges applies.; No services were performed during the 15 month look back period.,,78,,,,,0,percent of total billed charges,78% of Billed Charges. Lesser of 100% of billed charges applies.; No services were performed during the 15 month look back period.,,78,,,,,0,percent of total billed charges,78% of Billed Charges. Lesser of 100% of billed charges applies.; No services were performed during the 15 month look back period.,,78,,,,,0,percent of total billed charges,78% of Billed Charges. Lesser of 100% of billed charges applies.; No services were performed during the 15 month look back period.,12574,,,,,,,Case Rate,". Primary procedure pays at 100%, all subsequent at 50%.",10351,,,,,,,Case Rate,". MPL 100/50/25% all add ons apply, and lesser of 100% of billed charges",6487,,,,,,,Case Rate,". MPL 100/50/25% maxmium of 3 procedures. All add ons apply, and lesser of 100% of billed charges",3837.52,,,,,,,Case Rate,"100% Medicare OPPS FS. ",8442,,,,,,,Case Rate,". Primary procedure pays at 100%, secondary at 50%, all subsequent at 25%.  Lesser of applies when negotiated rates exceed charges less addons.",6487,,,,,,,Case Rate,". MPL 100/50/25% maxmium of 3 procedures. All add ons apply, and lesser of 100% of billed charges",6487,,,,,,,Case Rate,". MPL 100/50/25% maxmium of 3 procedures. All add ons apply, and lesser of 100% of billed charges",,78,,,,,0,percent of total billed charges,78% of Billed Charges. Lesser of 100% of billed charges applies.; No services were performed during the 15 month look back period.,5640.41,,,,,,,Case Rate,"214 Percent of Medicaid APG. Drugs not priced under APG, billed with revenue code 636 and not priced by Medicare ASP FeeSched will be reimbursed at 20% of charges.",6487,,,,,,,Case Rate,". MPL 100/50/25% maxmium of 3 procedures. All add ons apply, and lesser of 100% of billed charges",2635.71,,,,,,,Case Rate,"100 Percent of Medicaid APG. ",3837.52,,,,,,,Case Rate,"100% Medicare OPPS FS. ",3837.52,,,,,,,Case Rate,"100% Medicare OPPS FS. ",3837.52,,,,,,,Case Rate,"100% Medicare OPPS FS. ",3837.52,,,,,,,Case Rate,"100% Medicare OPPS FS. ",3837.52,,,,,,,Case Rate,"100% Medicare OPPS FS. ",3837.52,,,,,,,Case Rate,"100% Medicare OPPS FS. ",6487,,,,,,,Case Rate,". MPL 100/50/25% maxmium of 3 procedures. All add ons apply, and lesser of 100% of billed charges",25798,,,,,,,Case Rate,". MPL 100/75/50% all add ons apply, and lesser of 100% of billed charges",4744.27,,,,,,,Fee Schedule,"180 Percent of Medicaid APG. ",4744.27,,,,,,,Fee Schedule,"180 Percent of Medicaid APG. ",4744.27,,,,,,,Fee Schedule,"180 Percent of Medicaid APG. ",4744.27,,,,,,,Fee Schedule,"180 Percent of Medicaid APG. ",4744.27,,,,,,,Fee Schedule,"180 Percent of Medicaid APG. ",,,,,,,,,"NA. ",25798,,,,,,,Case Rate,". MPL 100/75/50% all add ons apply, and lesser of 100% of billed charges",7598.3,,,,,,,Case Rate,198 Percent of Medicare OPPS. Metroplus will reimburse unlisted codes and described codes with no Medicare rate at 50 percent of charges.,7598.3,,,,,,,Case Rate,198 Percent of Medicare OPPS. Metroplus will reimburse unlisted codes and described codes with no Medicare rate at 50 percent of charges.,7598.3,,,,,,,Case Rate,198 Percent of Medicare OPPS. Metroplus will reimburse unlisted codes and described codes with no Medicare rate at 50 percent of charges.,7598.3,,,,,,,Case Rate,198 Percent of Medicare OPPS. Metroplus will reimburse unlisted codes and described codes with no Medicare rate at 50 percent of charges.,7598.3,,,,,,,Case Rate,198 Percent of Medicare OPPS. Metroplus will reimburse unlisted codes and described codes with no Medicare rate at 50 percent of charges.,3837.52,,,,,,,Case Rate,"100% Medicare OPPS FS. ",12574,,,,,,,Case Rate,". Primary procedure pays at 100%, all subsequent at 50%.",12574,,,,,,,Case Rate,". Primary procedure pays at 100%, all subsequent at 50%.",12574,,,,,,,Case Rate,". Primary procedure pays at 100%, all subsequent at 50%.",12574,,,,,,,Case Rate,". Primary procedure pays at 100%, all subsequent at 50%.",8442,,,,,,,Case Rate,". Primary procedure pays at 100%, secondary at 50%, all subsequent at 25%.  Lesser of applies when negotiated rates exceed charges less addons.",8442,,,,,,,Case Rate,". Primary procedure pays at 100%, secondary at 50%, all subsequent at 25%.  Lesser of applies when negotiated rates exceed charges less addons.",8442,,,,,,,Case Rate,". Primary procedure pays at 100%, secondary at 50%, all subsequent at 25%.  Lesser of applies when negotiated rates exceed charges less addons.",8442,,,,,,,Case Rate,". Primary procedure pays at 100%, secondary at 50%, all subsequent at 25%.  Lesser of applies when negotiated rates exceed charges less addons.",25798,,,,,,,Case Rate,". MPL 100/75/50% all add ons apply, and lesser of 100% of billed charges",25798,,,,,,,Case Rate,". MPL 100/75/50% all add ons apply, and lesser of 100% of billed charges",3837.52,,,,,,,Case Rate,"100% Medicare OPPS FS. ",3837.52,,,,,,,Case Rate,"100% Medicare OPPS FS. ",3837.52,,,,,,,Case Rate,"100% Medicare OPPS FS. ",10351,,,,,,,Case Rate,". MPL 100/50/25% all add ons apply, and lesser of 100% of billed charges",10351,,,,,,,Case Rate,". MPL 100/50/25% all add ons apply, and lesser of 100% of billed charges",10351,,,,,,,Case Rate,". MPL 100/50/25% all add ons apply, and lesser of 100% of billed charges",25798,,,,,,,Case Rate,". MPL 100/75/50% all add ons apply, and lesser of 100% of billed charges",8442,,,,,,,Case Rate,". Primary procedure pays at 100%, secondary at 50%, all subsequent at 25%.  Lesser of applies when negotiated rates exceed charges less addons.",3837.52,,,,,,,Case Rate,"100% Medicare OPPS FS. ",10351,,,,,,,Case Rate,". MPL 100/50/25% all add ons apply, and lesser of 100% of billed charges",2635.71,,,,,,,Case Rate,"100 Percent of Medicaid APG. ",3914.28,,,,,,,Case Rate,"102% of Medicare OPPS. ",3914.28,,,,,,,Case Rate,"102% of Medicare OPPS. ",3914.28,,,,,,,Case Rate,"102% of Medicare OPPS. ",2635.71,,,,,,,Case rate,"100 Percent of Medicaid APG. ",5930.34,,,,,,,Case Rate,225% of NYS APG. Lesser of 100% of billed charges applies.,5930.34,,,,,,,Case Rate,225% of NYS APG. Lesser of 100% of billed charges applies.,5930.34,,,,,,,Case Rate,225% of NYS APG. Lesser of 100% of billed charges applies.,5930.34,,,,,,,Case Rate,225% of NYS APG. Lesser of 100% of billed charges applies.,5930.34,,,,,,,Case Rate,225% of NYS APG. Lesser of 100% of billed charges applies.,3914.28,,,,,,,Case Rate,"102% of Medicare OPPS. ",2635.71,,,,,,,Case Rate,"100 Percent of Medicaid APG. ",1103.36,,,,,,,Case Rate,100% of PAS. Lesser of 100% of billed charges applies.,5930.34,,,,,,,Case Rate,225% of NYS APG. Lesser of 100% of billed charges applies.,5930.34,,,,,,,Case Rate,225% of NYS APG. Lesser of 100% of billed charges applies.,1103.36,,,,,,,Case Rate,100% of PAS. Lesser of 100% of billed charges applies.,1103.36,,,,,,,Case Rate,100% of PAS. Lesser of 100% of billed charges applies.,4744.27,,,,,,,Fee Schedule,"180 Percent of Medicaid APG. ",3837.52,,,,,,,Case Rate,"100% Medicare OPPS FS. ",3837.52,,,,,,,Case Rate,"100% Medicare OPPS FS. ",8442,,,,,,,Case Rate,". Primary procedure pays at 100%, secondary at 50%, all subsequent at 25%.  Lesser of applies when negotiated rates exceed charges less addons.",3837.52,,,,,,,Case Rate,"100% Medicare OPPS FS. ",5930.34,,,,,,,Case Rate,"225 Percent of Medicaid APG. ",5930.34,,,,,,,Case Rate,"225 Percent of Medicaid APG. ",2635.71,,,,,,,Case rate,"100 Percent of Medicaid APG. ",2635.71,,,,,,,Case rate,"100 Percent of Medicaid APG. ",5930.34,,,,,,,Case Rate,225 Percent of Medicaid APG. Covered services not payable under Medicaid Fee Schedules default to a payment of 87.5 percent of charges.,2635.71,,,,,,,Case rate,124 Percent of Medicaid APG. Covered services not payable under Medicaid Fee Schedules default to a payment of 50 percent of charges.,5930.34,,,,,,,Case Rate,"100 Percent of Medicaid APG. ",5930.34,,,,,,,Case Rate,"100 Percent of Medicaid APG. ",5930.34,,,,,,,Case Rate,"100 Percent of Medicaid APG. ",5930.34,,,,,,,Case Rate,"100 Percent of Medicaid APG. ",13453,,,,,,,Case Rate,". MPL 100/75/50% all add ons apply, and lesser of 100% of billed charges",25798,,,,,,,Case Rate,". MPL 100/75/50% all add ons apply, and lesser of 100% of billed charges",3162.85,,,,,,,Case Rate,"120 Percent of Medicaid APG. Not APG payable, or payable under another fee schedule like ASP/AWP pays at 30% of charges",3162.85,,,,,,,Case Rate,"120 Percent of Medicaid APG. Not APG payable, or payable under another fee schedule like ASP/AWP pays at 30% of charges",2635.71,,,,,,,Case Rate,"100 Percent of Medicaid APG. Not APG payable, or payable under another fee schedule like ASP/AWP pays at 30% of charges",2635.71,,,,,,,Case Rate,"100 Percent of Medicaid APG. Not APG payable, or payable under another fee schedule like ASP/AWP pays at 30% of charges",10351,,,,,,,Case Rate,". MPL 100/50/25% all add ons apply, and lesser of 100% of billed charges",10351,,,,,,,Case Rate,". MPL 100/50/25% all add ons apply, and lesser of 100% of billed charges",3837.52,,,,,,,Case Rate,"100% Medicare OPPS FS. ",10351,,,,,,,Case Rate,". MPL 100/50/25% all add ons apply, and lesser of 100% of billed charges",10351,,,,,,,Case Rate,". MPL 100/50/25% all add ons apply, and lesser of 100% of billed charges",10351,,,,,,,Case Rate,". MPL 100/50/25% all add ons apply, and lesser of 100% of billed charges",10351,,,,,,,Case Rate,". MPL 100/50/25% all add ons apply, and lesser of 100% of billed charges",3837.52,,,,,,,Case Rate,"100% Medicare OPPS FS. ",10351,,,,,,,Case Rate,". MPL 100/50/25% all add ons apply, and lesser of 100% of billed charges",10351,,,,,,,Case Rate,". MPL 100/50/25% all add ons apply, and lesser of 100% of billed charges",8442,,,,,,,Case Rate,". Primary procedure pays at 100%, secondary at 50%, all subsequent at 25%.  Lesser of applies when negotiated rates exceed charges less addons.",2635.71,,,,,,,Fee Schedule,100% APG. Lesser of 100% of billed charges applies.,2635.71,,,,,,,Case rate,124 Percent of Medicaid APG. Covered services not payable under Medicaid Fee Schedules default to a payment of 50 percent of charges.,5930.34,,,,,,,Case Rate,225% of NYS APG. Lesser of 100% of billed charges applies.,5930.34,,,,,,,Case Rate,225 Percent of Medicaid APG. Covered services not payable under Medicaid Fee Schedules default to a payment of 87.5 percent of charges.,2635.71,,,,,,,Case rate,124 Percent of Medicaid APG. Covered services not payable under Medicaid Fee Schedules default to a payment of 50 percent of charges.,5930.34,,,,,,,Case Rate,225% of NYS APG. Lesser of 100% of billed charges applies.,5930.34,,,,,,,Case Rate,225% of NYS APG. Lesser of 100% of billed charges applies.,5930.34,,,,,,,Case Rate,225% of NYS APG. Lesser of 100% of billed charges applies.,5930.34,,,,,,,Case Rate,225% of NYS APG. Lesser of 100% of billed charges applies.,5930.34,,,,,,,Case Rate,225% of NYS APG. Lesser of 100% of billed charges applies.,5930.34,,,,,,,Case Rate,225% of NYS APG. Lesser of 100% of billed charges applies.,,,,,,,,,"NA. ",,,,,,,,,"NA. ",,,,,,,,,"NA. ",6487,,,,,,,Case Rate,". MPL 100/50/25% maxmium of 3 procedures. All add ons apply, and lesser of 100% of billed charges",,,,,,,,,"NA. ",3837.52,,,,,,,Case Rate,"100% Medicare OPPS FS. ",5941,,,,,,,Case Rate,". MPL 1st 100% of Payment Rate 50% of all others, all add ons apply, and lesser of 100% of billed charges.",3837.52,,,,,,,Case Rate,"100% Medicare OPPS FS. ",3837.52,,,,,,,Case Rate,"100% Medicare OPPS FS. ",3162.85,,,,,,,Case Rate,"120 Percent of Medicaid APG. Not APG payable, or payable under another fee schedule like ASP/AWP pays at 30% of charges",3162.85,,,,,,,Case Rate,"120 Percent of Medicaid APG. Not APG payable, or payable under another fee schedule like ASP/AWP pays at 30% of charges",2635.71,,,,,,,Case Rate,"100 Percent of Medicaid APG. Not APG payable, or payable under another fee schedule like ASP/AWP pays at 30% of charges",2635.71,,,,,,,Case Rate,"100 Percent of Medicaid APG. Not APG payable, or payable under another fee schedule like ASP/AWP pays at 30% of charges",2635.71,,,,,,,Case Rate,"100 Percent of Medicaid APG. ",7163,,,,,,,Case Rate,". ",8442,,,,,,,Case Rate,". Primary procedure pays at 100%, secondary at 50%, all subsequent at 25%.  Lesser of applies when negotiated rates exceed charges less addons.",8427,,,,,,,Case Rate,". Primary procedure pays at 100%, all subsequent at 50%.",6487,,,,,,,Case Rate,". MPL 100/50/25% maxmium of 3 procedures. All add ons apply, and lesser of 100% of billed charges",3837.52,,,,,,,Case Rate,"100%Medicare OPPS FS. ",3837.52,,,,,,,Case Rate,"100% Medicare OPPS FS. ",3837.52,,,,,,,Case Rate,"100% Medicare OPPS FS. ",3837.52,,,,,,,Case Rate,"100% Medicare OPPS FS. ",3837.52,,,,,,,Case Rate,"100%Medicare OPPS FS. ",3837.52,,,,,,,Case Rate,"100% Medicare OPPS FS. ",,,,,,,,,"NA. ",5930.34,,,,,,,Case Rate,225% of NYS APG. Lesser of 100% of billed charges applies.,1103.36,,,,,,,Case Rate,100% of PAS. Lesser of 100% of billed charges applies.,10351,,,,,,,Case Rate,". MPL 100/50/25% all add ons apply, and lesser of 100% of billed charges",7163,,,,,,,Case Rate,". ",7163,,,,,,,Case Rate,". ",7163,,,,,,,Case Rate,". ",7163,,,,,,,Case Rate,". ",3837.52,,,,,,,Case Rate,"100% Medicare OPPS FS. ",2635.71,,,,,,,Case Rate,"100 Percent of Medicaid APG. ",10351,,,,,,,Case Rate,". MPL 100/50/25% all add ons apply, and lesser of 100% of billed charges",2635.71,,,,,,,Case Rate,"100 Percent of Medicaid APG. ",3837.52,,,,,,,Case Rate,"100% Medicare OPPS FS. ",2635.71,,,,,,,Case Rate,"100 Percent of Medicaid APG. ",3837.52,,,,,,,Case Rate,"100% Medicare OPPS FS. ",3837.52,,,,,,,Case Rate,"100% Medicare OPPS FS. ",2635.71,,,,,,,Case Rate,"100 Percent of Medicaid APG. ",2635.71,,,,,,,Case Rate,"100 Percent of Medicaid APG. ",7163,,,,,,,Case Rate,". ",6487,,,,,,,Case Rate,". MPL 100/50/25% maxmium of 3 procedures. All add ons apply, and lesser of 100% of billed charges",,78,,,,,0,percent of total billed charges,78% of Billed Charges. Lesser of 100% of billed charges applies.; No services were performed during the 15 month look back period.,9024.56,,,,,,,Case Rate,". MPL 100/50/25% all add ons apply, and lesser of 100% of billed charges",9024.56,,,,,,,Case Rate,". MPL 100/50/25% all add ons apply, and lesser of 100% of billed charges",8442,,,,,,,Case Rate,". Primary procedure pays at 100%, secondary at 50%, all subsequent at 25%.  Lesser of applies when negotiated rates exceed charges less addons.",1338.99,,,,,,,Case Rate,"83% HF Fee schedule. ",12574,,,,,,,Case Rate,". Primary procedure pays at 100%, all subsequent at 50%.",12574,,,,,,,Case Rate,". Primary procedure pays at 100%, all subsequent at 50%.",8281,,,,,,,Case Rate,". MPL 100/50/25% all add ons apply, and lesser of 100% of billed charges",8281,,,,,,,Case Rate,". MPL 100/50/25% all add ons apply, and lesser of 100% of billed charges",3837.52,,,,,,,Case Rate,"100% Medicare OPPS FS. ",3837.52,,,,,,,Case Rate,"100% Medicare OPPS FS. ",3837.52,,,,,,,Case Rate,"100% Medicare OPPS FS. ",3837.52,,,,,,,Case Rate,"100% Medicare OPPS FS. ",9024.56,,,,,,,Case Rate,". MPL 100/50/25% all add ons apply, and lesser of 100% of billed charges",10351,,,,,,,Case Rate,". MPL 100/50/25% all add ons apply, and lesser of 100% of billed charges",10351,,,,,,,Case Rate,". MPL 100/50/25% all add ons apply, and lesser of 100% of billed charges",3837.52,,,,,,,Case Rate,"100% Medicare OPPS FS. ",8281,,,,,,,Case Rate,". MPL 100/50/25% all add ons apply, and lesser of 100% of billed charges",8427,,,,,,,Case Rate,". Primary procedure pays at 100%, all subsequent at 50%.",3162.85,,,,,,,Fee Schedule,"120 Percent of Medicaid APG. ",2635.71,,,,,,,Case Rate,"100 Percent of Medicaid APG. ",7163,,,,,,,Case Rate,". ",9316,,,,,,,Case Rate,". MPL 100/50/25% all add ons apply, and lesser of 100% of billed charges",9316,,,,,,,Case Rate,". MPL 100/50/25% all add ons apply, and lesser of 100% of billed charges",10351,,,,,,,Case Rate,". MPL 100/50/25% all add ons apply, and lesser of 100% of billed charges",14948,,,,,,,Case Rate,". MPL 100/75/50% all add ons apply, and lesser of 100% of billed charges",3837.52,,,,,,,Case Rate,"100%Medicare OPPS FS. ",2767.49,,,,,,,Fee Schedule,105 percent of Medicaid APG. otherwise 105% of Ordered NYS MCD FS or 105% of ASP+6%,2767.49,,,,,,,Fee Schedule,105 percent of Medicaid APG. otherwise 105% of Ordered NYS MCD FS or 105% of ASP+6%,2767.49,,,,,,,Fee Schedule,105 percent of Medicaid APG. otherwise 105% of Ordered NYS MCD FS or 105% of ASP+6%,3558.2,,,,,,,Fee Schedule,135 percent of Medicaid APG. otherwise 135% of Ordered NYS MCD FS or 135% of ASP+6%,9024.56,,,,,,,Case Rate,". MPL 100/50/25% all add ons apply, and lesser of 100% of billed charges",2767.49,,,,,,,Fee Schedule,105 percent of Medicaid APG. otherwise 105% of Ordered NYS MCD FS or 105% of ASP+6%,2767.49,,,,,,,Fee Schedule,105 percent of Medicaid APG. otherwise 105% of Ordered NYS MCD FS or 105% of ASP+6%,2767.49,,,,,,,Fee Schedule,105 percent of Medicaid APG. otherwise 105% of Ordered NYS MCD FS or 105% of ASP+6%,2767.49,,,,,,,Fee Schedule,105 percent of Medicaid APG. otherwise 105% of Ordered NYS MCD FS or 105% of ASP+6%,2767.49,,,,,,,Fee Schedule,105 percent of Medicaid APG. otherwise 105% of Ordered NYS MCD FS or 105% of ASP+6%,3558.2,,,,,,,Fee Schedule,135 percent of Medicaid APG. otherwise 135% of Ordered NYS MCD FS or 135% of ASP+6%,3558.2,,,,,,,Fee Schedule,135 percent of Medicaid APG. otherwise 135% of Ordered NYS MCD FS or 135% of ASP+6%,3837.52,,,,,,,Case Rate,"100% Medicare OPPS FS. ",9024.56,,,,,,,Case Rate,". MPL 100/50/25% all add ons apply, and lesser of 100% of billed charges",3837.52,,,,,,,Case Rate,"100% Medicare OPPS FS. ",2767.49,,,,,,,Fee Schedule,105 percent of Medicaid APG. otherwise 105% of Ordered NYS MCD FS or 105% of ASP+6%,10351,,,,,,,Case Rate,". MPL 100/50/25% all add ons apply, and lesser of 100% of billed charges",3837.52,,,,,,,Case Rate,"100% Medicare OPPS FS. ",10351,,,,,,,Case Rate,". MPL 100/50/25% all add ons apply, and lesser of 100% of billed charges",10351,,,,,,,Case Rate,". MPL 100/50/25% all add ons apply, and lesser of 100% of billed charges",10351,,,,,,,Case Rate,". MPL 100/50/25% all add ons apply, and lesser of 100% of billed charges",2767.49,,,,,,,Fee Schedule,105 percent of Medicaid APG. otherwise 105% of Ordered NYS MCD FS or 105% of ASP+6%,3837.52,,,,,,,Case Rate,"100% Medicare OPPS FS. ",10351,,,,,,,Case Rate,". MPL 100/50/25% all add ons apply, and lesser of 100% of billed charges",3558.2,,,,,,,Fee Schedule,135 percent of Medicaid APG. otherwise 135% of Ordered NYS MCD FS or 135% of ASP+6%,10351,,,,,,,Case Rate,". MPL 100/50/25% all add ons apply, and lesser of 100% of billed charges",,200,,,,,0,Case Rate,200% of Medicare OPPS. ; No services were performed during the 15 month look back period.,3837.52,,,,,,,Case Rate,"100%Medicare OPPS FS. ",7163,,,,,,,Case Rate,". ",7163,,,,,,,Case Rate,". ",7163,,,,,,,Case Rate,". ",7163,,,,,,,Case Rate,". ",7163,,,,,,,Case Rate,". ",8427,,,,,,,Case Rate,". Primary procedure pays at 100%, all subsequent at 50%.",8427,,,,,,,Case Rate,". Primary procedure pays at 100%, all subsequent at 50%.",7163,,,,,,,Case Rate,". ",7163,,,,,,,Case Rate,". ",7163,,,,,,,Case Rate,". ",7163,,,,,,,Case Rate,". ",7163,,,,,,,Case Rate,". ",3837.52,,,,,,,Case Rate,"100% Medicare OPPS FS. ",8427,,,,,,,Case Rate,". Primary procedure pays at 100%, all subsequent at 50%.",3837.52,,,,,,,Case Rate,"100% Medicare OPPS FS. ",5930.34,,,,,,,Case Rate,"225 Percent of Medicaid APG. If not included in Medicaid APG, then 100 Percent of Manhattan Medicare",2635.71,,,,,,,Case Rate,"100 Percent of Medicaid APG. ",9024.56,,,,,,,Case Rate,". MPL 100/50/25% all add ons apply, and lesser of 100% of billed charges",9024.56,,,,,,,Case Rate,". MPL 100/50/25% all add ons apply, and lesser of 100% of billed charges",3837.52,,,,,,,Case Rate,"100% Medicare OPPS FS. ",12574,,,,,,,Case Rate,". Primary procedure pays at 100%, all subsequent at 50%.",3837.52,,,,,,,Case Rate,"100% Medicare OPPS FS. ",3837.52,,,,,,,Case Rate,"100% Medicare OPPS FS. ",8442,,,,,,,Case Rate,". Primary procedure pays at 100%, secondary at 50%, all subsequent at 25%.  Lesser of applies when negotiated rates exceed charges less addons.",3837.52,,,,,,,Case Rate,"100% Medicare OPPS FS. ",6487,,,,,,,Case Rate,". MPL 100/50/25% maxmium of 3 procedures. All add ons apply, and lesser of 100% of billed charges",3837.52,,,,,,,Case Rate,"100% Medicare OPPS FS. ",6487,,,,,,,Case Rate,". MPL 100/50/25% maxmium of 3 procedures. All add ons apply, and lesser of 100% of billed charges",8442,,,,,,,Case Rate,". Primary procedure pays at 100%, secondary at 50%, all subsequent at 25%.  Lesser of applies when negotiated rates exceed charges less addons.",6487,,,,,,,Case Rate,". MPL 100/50/25% maxmium of 3 procedures. All add ons apply, and lesser of 100% of billed charges",3837.52,,,,,,,Case Rate,"100% Medicare OPPS FS. ",2635.71,,,,,,,Case Rate,"100 Percent of Medicaid APG. ",3837.52,,,,,,,Case Rate,"100% Medicare OPPS FS. ",6487,,,,,,,Case Rate,". MPL 100/50/25% maxmium of 3 procedures. All add ons apply, and lesser of 100% of billed charges",9024.56,,,,,,,Case Rate,". MPL 100/50/25% all add ons apply, and lesser of 100% of billed charges",2635.71,,,,,,,Case Rate,"100 Percent of Medicaid APG. ",10351,,,,,,,Case Rate,". MPL 100/50/25% all add ons apply, and lesser of 100% of billed charges",3162.85,,,,,,,Fee Schedule,"120 Percent of Medicaid APG. ",3162.85,,,,,,,Fee Schedule,"120 Percent of Medicaid APG. ",10351,,,,,,,Case Rate,". MPL 100/50/25% all add ons apply, and lesser of 100% of billed charges",10351,,,,,,,Case Rate,". MPL 100/50/25% all add ons apply, and lesser of 100% of billed charges",10351,,,,,,,Case Rate,". MPL 100/50/25% all add ons apply, and lesser of 100% of billed charges",9024.56,,,,,,,Case Rate,". MPL 100/50/25% all add ons apply, and lesser of 100% of billed charges",10351,,,,,,,Case Rate,". MPL 100/50/25% all add ons apply, and lesser of 100% of billed charges",10351,,,,,,,Case Rate,". MPL 100/50/25% all add ons apply, and lesser of 100% of billed charges",10351,,,,,,,Case Rate,". MPL 100/50/25% all add ons apply, and lesser of 100% of billed charges",7163,,,,,,,Case Rate,". ",7163,,,,,,,Case Rate,". ",7598.3,,,,,,,Case Rate,198 Percent of Medicare OPPS. Metroplus will reimburse unlisted codes and described codes with no Medicare rate at 50 percent of charges.,2635.71,,,,,,,Case Rate,"100 Percent of Medicaid APG. ",9024.56,,,,,,,Case Rate,". MPL 100/50/25% all add ons apply, and lesser of 100% of billed charges",6487,,,,,,,Case Rate,". MPL 100/50/25% maxmium of 3 procedures. All add ons apply, and lesser of 100% of billed charges",8442,,,,,,,Case Rate,". Primary procedure pays at 100%, secondary at 50%, all subsequent at 25%.  Lesser of applies when negotiated rates exceed charges less addons.",9024.56,,,,,,,Case Rate,". MPL 100/50/25% all add ons apply, and lesser of 100% of billed charges",8442,,,,,,,Case Rate,". Primary procedure pays at 100%, secondary at 50%, all subsequent at 25%.  Lesser of applies when negotiated rates exceed charges less addons.",9024.56,,,,,,,Case Rate,". MPL 100/50/25% all add ons apply, and lesser of 100% of billed charges",10351,,,,,,,Case Rate,". MPL 100/50/25% all add ons apply, and lesser of 100% of billed charges",10351,,,,,,,Case Rate,". MPL 100/50/25% all add ons apply, and lesser of 100% of billed charges",10351,,,,,,,Case Rate,". MPL 100/50/25% all add ons apply, and lesser of 100% of billed charges",10351,,,,,,,Case Rate,". MPL 100/50/25% all add ons apply, and lesser of 100% of billed charges",3837.52,,,,,,,Case Rate,"100% Medicare OPPS FS. ",1103.36,25798,
32408,CPT,,,490,RC,CORE NDL BX LNG/MED PERQ,,,both,,,,3681,,,,,,,Case Rate,". MPL 1st 100% of Payment Rate 50% of all others, all add ons apply, and lesser of 100% of billed charges.",3681,,,,,,,Case Rate,". MPL 1st 100% of Payment Rate 50% of all others, all add ons apply, and lesser of 100% of billed charges.",6593,,,,,,,Case Rate,". Primary procedure pays at 100%, secondary at 50%, all subsequent at 25%.  Lesser of applies when negotiated rates exceed charges less addons.",,100,,,,,0,percent of total billed charges,100 percent of billed charges. ; No services were performed during the 15 month look back period.,1917.23,,,,,,,Case Rate,"100% Medicare OPPS FS. ",6593,,,,,,,Case Rate,". Primary procedure pays at 100%, secondary at 50%, all subsequent at 25%.  Lesser of applies when negotiated rates exceed charges less addons.",6593,,,,,,,Case Rate,". Primary procedure pays at 100%, secondary at 50%, all subsequent at 25%.  Lesser of applies when negotiated rates exceed charges less addons.",6593,,,,,,,Case Rate,". Primary procedure pays at 100%, secondary at 50%, all subsequent at 25%.  Lesser of applies when negotiated rates exceed charges less addons.",1052.49,,,,,,,Case Rate,"100 Percent of Medicaid APG. ",877.08,,,,,,,Case Rate,"100 Percent of Medicaid APG. ",,78,,,,,0,percent of total billed charges,78% of Billed Charges. Lesser of 100% of billed charges applies.; No services were performed during the 15 month look back period.,8165.03,,,,,,,Case Rate,". MPL 100/50/25% all add ons apply, and lesser of 100% of billed charges",877.08,,,,,,,Case Rate,"100 Percent of Medicaid APG. ",1917.23,,,,,,,Case Rate,"100% Medicare OPPS FS. ",6487,,,,,,,Case Rate,". MPL 100/50/25% maxmium of 3 procedures. All add ons apply, and lesser of 100% of billed charges",6487,,,,,,,Case Rate,". MPL 100/50/25% maxmium of 3 procedures. All add ons apply, and lesser of 100% of billed charges",6487,,,,,,,Case Rate,". MPL 100/50/25% maxmium of 3 procedures. All add ons apply, and lesser of 100% of billed charges",6487,,,,,,,Case Rate,". MPL 100/50/25% maxmium of 3 procedures. All add ons apply, and lesser of 100% of billed charges",877.08,,,,,,,Case rate,124 Percent of Medicaid APG. Covered services not payable under Medicaid Fee Schedules default to a payment of 50 percent of charges.,1917.23,,,,,,,Case Rate,"100% Medicare OPPS FS. ",877.08,,,,,,,Case rate,124 Percent of Medicaid APG. Covered services not payable under Medicaid Fee Schedules default to a payment of 50 percent of charges.,,78,,,,,0,percent of total billed charges,78% of Billed Charges. Lesser of 100% of billed charges applies.; No services were performed during the 15 month look back period.,6593,,,,,,,Case Rate,". Primary procedure pays at 100%, secondary at 50%, all subsequent at 25%.  Lesser of applies when negotiated rates exceed charges less addons.",1917.23,,,,,,,Case Rate,"100%Medicare OPPS FS. ",8427,,,,,,,Case Rate,". Primary procedure pays at 100%, all subsequent at 50%.",1917.23,,,,,,,Case Rate,"100%Medicare OPPS FS. ",1917.23,,,,,,,Case Rate,"100%Medicare OPPS FS. ",,78,,,,,0,percent of total billed charges,78% of Billed Charges. Lesser of 100% of billed charges applies.; No services were performed during the 15 month look back period.,149.87,,,,,,,Fee Schedule,90 Percent of Medicare RBRVS. Lesser of 100% of billed charges applies.,149.87,,,,,,,Fee Schedule,90 Percent of Medicare RBRVS. Lesser of 100% of billed charges applies.,877.08,,,,,,,Case rate,"100 Percent of Medicaid APG. ",877.08,,,,,,,Case rate,"100 Percent of Medicaid APG. ",8427,,,,,,,Case Rate,". Primary procedure pays at 100%, all subsequent at 50%.",8427,,,,,,,Case Rate,". Primary procedure pays at 100%, all subsequent at 50%.",877.08,,,,,,,Case Rate,"100 Percent of Medicaid APG. Not APG payable, or payable under another fee schedule like ASP/AWP pays at 30% of charges",8427,,,,,,,Case Rate,". Primary procedure pays at 100%, all subsequent at 50%.",877.08,,,,,,,Case Rate,"100 Percent of Medicaid APG. Not APG payable, or payable under another fee schedule like ASP/AWP pays at 30% of charges",1917.23,,,,,,,Case Rate,"100%Medicare OPPS FS. ",8427,,,,,,,Case Rate,". Primary procedure pays at 100%, all subsequent at 50%.",,78,,,,,0,percent of total billed charges,78% of Billed Charges. Lesser of 100% of billed charges applies.; No services were performed during the 15 month look back period.,877.08,,,,,,,Case Rate,"100 Percent of Medicaid APG. ",877.08,,,,,,,Case Rate,"100 Percent of Medicaid APG. ",,78,,,,,0,percent of total billed charges,78% of Billed Charges. Lesser of 100% of billed charges applies.; No services were performed during the 15 month look back period.,6487,,,,,,,Case Rate,". MPL 100/50/25% maxmium of 3 procedures. All add ons apply, and lesser of 100% of billed charges",6377,,,,,,,Case Rate,". MPL 100/50/25% all add ons apply, and lesser of 100% of billed charges",6377,,,,,,,Case Rate,". MPL 100/50/25% all add ons apply, and lesser of 100% of billed charges",,78,,,,,0,percent of total billed charges,78% of Billed Charges. Lesser of 100% of billed charges applies.; No services were performed during the 15 month look back period.,1917.23,,,,,,,Case Rate,"100% Medicare OPPS FS. ",8165.03,,,,,,,Case Rate,". MPL 100/50/25% all add ons apply, and lesser of 100% of billed charges",8165.03,,,,,,,Case Rate,". MPL 100/50/25% all add ons apply, and lesser of 100% of billed charges",8165.03,,,,,,,Case Rate,". MPL 100/50/25% all add ons apply, and lesser of 100% of billed charges",1917.23,,,,,,,Case Rate,"100% Medicare OPPS FS. ",8165.03,,,,,,,Case Rate,". MPL 100/50/25% all add ons apply, and lesser of 100% of billed charges",8165.03,,,,,,,Case Rate,". MPL 100/50/25% all add ons apply, and lesser of 100% of billed charges",1917.23,,,,,,,Case Rate,"100% of Medicare OPPS. ",25798,,,,,,,Case Rate,". MPL 100/75/50% all add ons apply, and lesser of 100% of billed charges",10351,,,,,,,Case Rate,". MPL 100/50/25% all add ons apply, and lesser of 100% of billed charges",10351,,,,,,,Case Rate,". MPL 100/50/25% all add ons apply, and lesser of 100% of billed charges",10351,,,,,,,Case Rate,". MPL 100/50/25% all add ons apply, and lesser of 100% of billed charges",10351,,,,,,,Case Rate,". MPL 100/50/25% all add ons apply, and lesser of 100% of billed charges",10351,,,,,,,Case Rate,". MPL 100/50/25% all add ons apply, and lesser of 100% of billed charges",10351,,,,,,,Case Rate,". MPL 100/50/25% all add ons apply, and lesser of 100% of billed charges",1917.23,,,,,,,Case Rate,"100% Medicare OPPS FS. ",1917.23,,,,,,,Case Rate,"100% Medicare OPPS FS. ",10351,,,,,,,Case Rate,". MPL 100/50/25% all add ons apply, and lesser of 100% of billed charges",,78,,,,,0,percent of total billed charges,78% of Billed Charges. Lesser of 100% of billed charges applies.; No services were performed during the 15 month look back period.,,78,,,,,0,percent of total billed charges,78% of Billed Charges. Lesser of 100% of billed charges applies.; No services were performed during the 15 month look back period.,,78,,,,,0,percent of total billed charges,78% of Billed Charges. Lesser of 100% of billed charges applies.; No services were performed during the 15 month look back period.,,78,,,,,0,percent of total billed charges,78% of Billed Charges. Lesser of 100% of billed charges applies.; No services were performed during the 15 month look back period.,,78,,,,,0,percent of total billed charges,78% of Billed Charges. Lesser of 100% of billed charges applies.; No services were performed during the 15 month look back period.,,78,,,,,0,percent of total billed charges,78% of Billed Charges. Lesser of 100% of billed charges applies.; No services were performed during the 15 month look back period.,,78,,,,,0,percent of total billed charges,78% of Billed Charges. Lesser of 100% of billed charges applies.; No services were performed during the 15 month look back period.,,78,,,,,0,percent of total billed charges,78% of Billed Charges. Lesser of 100% of billed charges applies.; No services were performed during the 15 month look back period.,,78,,,,,0,percent of total billed charges,78% of Billed Charges. Lesser of 100% of billed charges applies.; No services were performed during the 15 month look back period.,,78,,,,,0,percent of total billed charges,78% of Billed Charges. Lesser of 100% of billed charges applies.; No services were performed during the 15 month look back period.,,78,,,,,0,percent of total billed charges,78% of Billed Charges. Lesser of 100% of billed charges applies.; No services were performed during the 15 month look back period.,,78,,,,,0,percent of total billed charges,78% of Billed Charges. Lesser of 100% of billed charges applies.; No services were performed during the 15 month look back period.,,78,,,,,0,percent of total billed charges,78% of Billed Charges. Lesser of 100% of billed charges applies.; No services were performed during the 15 month look back period.,,78,,,,,0,percent of total billed charges,78% of Billed Charges. Lesser of 100% of billed charges applies.; No services were performed during the 15 month look back period.,,78,,,,,0,percent of total billed charges,78% of Billed Charges. Lesser of 100% of billed charges applies.; No services were performed during the 15 month look back period.,,78,,,,,0,percent of total billed charges,78% of Billed Charges. Lesser of 100% of billed charges applies.; No services were performed during the 15 month look back period.,,78,,,,,0,percent of total billed charges,78% of Billed Charges. Lesser of 100% of billed charges applies.; No services were performed during the 15 month look back period.,,78,,,,,0,percent of total billed charges,78% of Billed Charges. Lesser of 100% of billed charges applies.; No services were performed during the 15 month look back period.,,78,,,,,0,percent of total billed charges,78% of Billed Charges. Lesser of 100% of billed charges applies.; No services were performed during the 15 month look back period.,,78,,,,,0,percent of total billed charges,78% of Billed Charges. Lesser of 100% of billed charges applies.; No services were performed during the 15 month look back period.,,78,,,,,0,percent of total billed charges,78% of Billed Charges. Lesser of 100% of billed charges applies.; No services were performed during the 15 month look back period.,,78,,,,,0,percent of total billed charges,78% of Billed Charges. Lesser of 100% of billed charges applies.; No services were performed during the 15 month look back period.,,78,,,,,0,percent of total billed charges,78% of Billed Charges. Lesser of 100% of billed charges applies.; No services were performed during the 15 month look back period.,,78,,,,,0,percent of total billed charges,78% of Billed Charges. Lesser of 100% of billed charges applies.; No services were performed during the 15 month look back period.,,78,,,,,0,percent of total billed charges,78% of Billed Charges. Lesser of 100% of billed charges applies.; No services were performed during the 15 month look back period.,,78,,,,,0,percent of total billed charges,78% of Billed Charges. Lesser of 100% of billed charges applies.; No services were performed during the 15 month look back period.,8427,,,,,,,Case Rate,". Primary procedure pays at 100%, all subsequent at 50%.",8427,,,,,,,Case Rate,". Primary procedure pays at 100%, all subsequent at 50%.",8427,,,,,,,Case Rate,". Primary procedure pays at 100%, all subsequent at 50%.",8427,,,,,,,Case Rate,". Primary procedure pays at 100%, all subsequent at 50%.",12574,,,,,,,Case Rate,". Primary procedure pays at 100%, all subsequent at 50%.",12574,,,,,,,Case Rate,". Primary procedure pays at 100%, all subsequent at 50%.",6487,,,,,,,Case Rate,". MPL 100/50/25% maxmium of 3 procedures. All add ons apply, and lesser of 100% of billed charges",10351,,,,,,,Case Rate,". MPL 100/50/25% all add ons apply, and lesser of 100% of billed charges",8165.03,,,,,,,Case Rate,". MPL 100/50/25% all add ons apply, and lesser of 100% of billed charges",10351,,,,,,,Case Rate,". MPL 100/50/25% all add ons apply, and lesser of 100% of billed charges",,78,,,,,0,percent of total billed charges,78% of Billed Charges. Lesser of 100% of billed charges applies.; No services were performed during the 15 month look back period.,12574,,,,,,,Case Rate,". Primary procedure pays at 100%, all subsequent at 50%.",10351,,,,,,,Case Rate,". MPL 100/50/25% all add ons apply, and lesser of 100% of billed charges",8165.03,,,,,,,Case Rate,". MPL 100/50/25% all add ons apply, and lesser of 100% of billed charges",6487,,,,,,,Case Rate,". MPL 100/50/25% maxmium of 3 procedures. All add ons apply, and lesser of 100% of billed charges",,,,,,,,,"NA. ",,78,,,,,0,percent of total billed charges,78% of Billed Charges. Lesser of 100% of billed charges applies.; No services were performed during the 15 month look back period.,877.08,,,,,,,Case Rate,"100 Percent of Medicaid APG. ",8427,,,,,,,Case Rate,". Primary procedure pays at 100%, all subsequent at 50%.",877.08,,,,,,,Case Rate,"100 Percent of Medicaid APG. Not APG payable, or payable under another fee schedule like ASP/AWP pays at 30% of charges",1917.23,,,,,,,Case Rate,"100%Medicare OPPS FS. ",1917.23,,,,,,,Case Rate,"100% Medicare OPPS FS. ",25798,,,,,,,Case Rate,". MPL 100/75/50% all add ons apply, and lesser of 100% of billed charges",1917.23,,,,,,,Case Rate,"100% Medicare OPPS FS. ",1917.23,,,,,,,Case Rate,"100% Medicare OPPS FS. ",877.08,,,,,,,Case Rate,"100 Percent of Medicaid APG. ",1917.23,,,,,,,Case Rate,"100% Medicare OPPS FS. ",1917.23,,,,,,,Case Rate,"100% Medicare OPPS FS. ",6593,,,,,,,Case Rate,". Primary procedure pays at 100%, secondary at 50%, all subsequent at 25%.  Lesser of applies when negotiated rates exceed charges less addons.",6593,,,,,,,Case Rate,". Primary procedure pays at 100%, secondary at 50%, all subsequent at 25%.  Lesser of applies when negotiated rates exceed charges less addons.",1917.23,,,,,,,Case Rate,"100% Medicare OPPS FS. ",6487,,,,,,,Case Rate,". MPL 100/50/25% maxmium of 3 procedures. All add ons apply, and lesser of 100% of billed charges",8165.03,,,,,,,Case Rate,". MPL 100/50/25% all add ons apply, and lesser of 100% of billed charges",8165.03,,,,,,,Case Rate,". MPL 100/50/25% all add ons apply, and lesser of 100% of billed charges",1917.23,,,,,,,Case Rate,"100% Medicare OPPS FS. ",6487,,,,,,,Case Rate,". MPL 100/50/25% maxmium of 3 procedures. All add ons apply, and lesser of 100% of billed charges",6593,,,,,,,Case Rate,". Primary procedure pays at 100%, secondary at 50%, all subsequent at 25%.  Lesser of applies when negotiated rates exceed charges less addons.",6593,,,,,,,Case Rate,". Primary procedure pays at 100%, secondary at 50%, all subsequent at 25%.  Lesser of applies when negotiated rates exceed charges less addons.",6593,,,,,,,Case Rate,". Primary procedure pays at 100%, secondary at 50%, all subsequent at 25%.  Lesser of applies when negotiated rates exceed charges less addons.",,78,,,,,0,percent of total billed charges,78% of Billed Charges. Lesser of 100% of billed charges applies.; No services were performed during the 15 month look back period.,,78,,,,,0,percent of total billed charges,78% of Billed Charges. Lesser of 100% of billed charges applies.; No services were performed during the 15 month look back period.,,78,,,,,0,percent of total billed charges,78% of Billed Charges. Lesser of 100% of billed charges applies.; No services were performed during the 15 month look back period.,,78,,,,,0,percent of total billed charges,78% of Billed Charges. Lesser of 100% of billed charges applies.; No services were performed during the 15 month look back period.,,78,,,,,0,percent of total billed charges,78% of Billed Charges. Lesser of 100% of billed charges applies.; No services were performed during the 15 month look back period.,,78,,,,,0,percent of total billed charges,78% of Billed Charges. Lesser of 100% of billed charges applies.; No services were performed during the 15 month look back period.,,78,,,,,0,percent of total billed charges,78% of Billed Charges. Lesser of 100% of billed charges applies.; No services were performed during the 15 month look back period.,,78,,,,,0,percent of total billed charges,78% of Billed Charges. Lesser of 100% of billed charges applies.; No services were performed during the 15 month look back period.,,78,,,,,0,percent of total billed charges,78% of Billed Charges. Lesser of 100% of billed charges applies.; No services were performed during the 15 month look back period.,,78,,,,,0,percent of total billed charges,78% of Billed Charges. Lesser of 100% of billed charges applies.; No services were performed during the 15 month look back period.,,78,,,,,0,percent of total billed charges,78% of Billed Charges. Lesser of 100% of billed charges applies.; No services were performed during the 15 month look back period.,12574,,,,,,,Case Rate,". Primary procedure pays at 100%, all subsequent at 50%.",10351,,,,,,,Case Rate,". MPL 100/50/25% all add ons apply, and lesser of 100% of billed charges",6487,,,,,,,Case Rate,". MPL 100/50/25% maxmium of 3 procedures. All add ons apply, and lesser of 100% of billed charges",1917.23,,,,,,,Case Rate,"100% Medicare OPPS FS. ",6593,,,,,,,Case Rate,". Primary procedure pays at 100%, secondary at 50%, all subsequent at 25%.  Lesser of applies when negotiated rates exceed charges less addons.",6487,,,,,,,Case Rate,". MPL 100/50/25% maxmium of 3 procedures. All add ons apply, and lesser of 100% of billed charges",6487,,,,,,,Case Rate,". MPL 100/50/25% maxmium of 3 procedures. All add ons apply, and lesser of 100% of billed charges",,78,,,,,0,percent of total billed charges,78% of Billed Charges. Lesser of 100% of billed charges applies.; No services were performed during the 15 month look back period.,1876.95,,,,,,,Case Rate,"214 Percent of Medicaid APG. Drugs not priced under APG, billed with revenue code 636 and not priced by Medicare ASP FeeSched will be reimbursed at 20% of charges.",6487,,,,,,,Case Rate,". MPL 100/50/25% maxmium of 3 procedures. All add ons apply, and lesser of 100% of billed charges",877.08,,,,,,,Case Rate,"100 Percent of Medicaid APG. ",1917.23,,,,,,,Case Rate,"100% Medicare OPPS FS. ",1917.23,,,,,,,Case Rate,"100% Medicare OPPS FS. ",1917.23,,,,,,,Case Rate,"100% Medicare OPPS FS. ",1917.23,,,,,,,Case Rate,"100% Medicare OPPS FS. ",1917.23,,,,,,,Case Rate,"100% Medicare OPPS FS. ",1917.23,,,,,,,Case Rate,"100% Medicare OPPS FS. ",6487,,,,,,,Case Rate,". MPL 100/50/25% maxmium of 3 procedures. All add ons apply, and lesser of 100% of billed charges",25798,,,,,,,Case Rate,". MPL 100/75/50% all add ons apply, and lesser of 100% of billed charges",1578.74,,,,,,,Fee Schedule,"180 Percent of Medicaid APG. ",1578.74,,,,,,,Fee Schedule,"180 Percent of Medicaid APG. ",1578.74,,,,,,,Fee Schedule,"180 Percent of Medicaid APG. ",1578.74,,,,,,,Fee Schedule,"180 Percent of Medicaid APG. ",1578.74,,,,,,,Fee Schedule,"180 Percent of Medicaid APG. ",,,,,,,,,"NA. ",25798,,,,,,,Case Rate,". MPL 100/75/50% all add ons apply, and lesser of 100% of billed charges",3796.12,,,,,,,Case Rate,198 Percent of Medicare OPPS. Metroplus will reimburse unlisted codes and described codes with no Medicare rate at 50 percent of charges.,3796.12,,,,,,,Case Rate,198 Percent of Medicare OPPS. Metroplus will reimburse unlisted codes and described codes with no Medicare rate at 50 percent of charges.,3796.12,,,,,,,Case Rate,198 Percent of Medicare OPPS. Metroplus will reimburse unlisted codes and described codes with no Medicare rate at 50 percent of charges.,3796.12,,,,,,,Case Rate,198 Percent of Medicare OPPS. Metroplus will reimburse unlisted codes and described codes with no Medicare rate at 50 percent of charges.,3796.12,,,,,,,Case Rate,198 Percent of Medicare OPPS. Metroplus will reimburse unlisted codes and described codes with no Medicare rate at 50 percent of charges.,1917.23,,,,,,,Case Rate,"100% Medicare OPPS FS. ",12574,,,,,,,Case Rate,". Primary procedure pays at 100%, all subsequent at 50%.",12574,,,,,,,Case Rate,". Primary procedure pays at 100%, all subsequent at 50%.",12574,,,,,,,Case Rate,". Primary procedure pays at 100%, all subsequent at 50%.",12574,,,,,,,Case Rate,". Primary procedure pays at 100%, all subsequent at 50%.",6593,,,,,,,Case Rate,". Primary procedure pays at 100%, secondary at 50%, all subsequent at 25%.  Lesser of applies when negotiated rates exceed charges less addons.",6593,,,,,,,Case Rate,". Primary procedure pays at 100%, secondary at 50%, all subsequent at 25%.  Lesser of applies when negotiated rates exceed charges less addons.",6593,,,,,,,Case Rate,". Primary procedure pays at 100%, secondary at 50%, all subsequent at 25%.  Lesser of applies when negotiated rates exceed charges less addons.",6593,,,,,,,Case Rate,". Primary procedure pays at 100%, secondary at 50%, all subsequent at 25%.  Lesser of applies when negotiated rates exceed charges less addons.",25798,,,,,,,Case Rate,". MPL 100/75/50% all add ons apply, and lesser of 100% of billed charges",25798,,,,,,,Case Rate,". MPL 100/75/50% all add ons apply, and lesser of 100% of billed charges",1917.23,,,,,,,Case Rate,"100% Medicare OPPS FS. ",1917.23,,,,,,,Case Rate,"100% Medicare OPPS FS. ",1917.23,,,,,,,Case Rate,"100% Medicare OPPS FS. ",10351,,,,,,,Case Rate,". MPL 100/50/25% all add ons apply, and lesser of 100% of billed charges",10351,,,,,,,Case Rate,". MPL 100/50/25% all add ons apply, and lesser of 100% of billed charges",10351,,,,,,,Case Rate,". MPL 100/50/25% all add ons apply, and lesser of 100% of billed charges",25798,,,,,,,Case Rate,". MPL 100/75/50% all add ons apply, and lesser of 100% of billed charges",6593,,,,,,,Case Rate,". Primary procedure pays at 100%, secondary at 50%, all subsequent at 25%.  Lesser of applies when negotiated rates exceed charges less addons.",1917.23,,,,,,,Case Rate,"100% Medicare OPPS FS. ",10351,,,,,,,Case Rate,". MPL 100/50/25% all add ons apply, and lesser of 100% of billed charges",877.08,,,,,,,Case Rate,"100 Percent of Medicaid APG. ",1955.57,,,,,,,Case Rate,"102% of Medicare OPPS. ",1955.57,,,,,,,Case Rate,"102% of Medicare OPPS. ",1955.57,,,,,,,Case Rate,"102% of Medicare OPPS. ",877.08,,,,,,,Case rate,"100 Percent of Medicaid APG. ",1973.43,,,,,,,Fee Schedule,225% of NYS APG. Lesser of 100% of billed charges applies.,1973.43,,,,,,,Fee Schedule,225% of NYS APG. Lesser of 100% of billed charges applies.,1973.43,,,,,,,Fee Schedule,225% of NYS APG. Lesser of 100% of billed charges applies.,1973.43,,,,,,,Fee Schedule,225% of NYS APG. Lesser of 100% of billed charges applies.,1973.43,,,,,,,Fee Schedule,225% of NYS APG. Lesser of 100% of billed charges applies.,1955.57,,,,,,,Case Rate,"102% of Medicare OPPS. ",877.08,,,,,,,Case Rate,"100 Percent of Medicaid APG. ",149.87,,,,,,,Fee Schedule,90 Percent of Medicare RBRVS. Lesser of 100% of billed charges applies.,1973.43,,,,,,,Fee Schedule,225% of NYS APG. Lesser of 100% of billed charges applies.,1973.43,,,,,,,Fee Schedule,225% of NYS APG. Lesser of 100% of billed charges applies.,149.87,,,,,,,Fee Schedule,90 Percent of Medicare RBRVS. Lesser of 100% of billed charges applies.,149.87,,,,,,,Fee Schedule,90 Percent of Medicare RBRVS. Lesser of 100% of billed charges applies.,1578.74,,,,,,,Fee Schedule,"180 Percent of Medicaid APG. ",1917.23,,,,,,,Case Rate,"100% Medicare OPPS FS. ",1917.23,,,,,,,Case Rate,"100% Medicare OPPS FS. ",6593,,,,,,,Case Rate,". Primary procedure pays at 100%, secondary at 50%, all subsequent at 25%.  Lesser of applies when negotiated rates exceed charges less addons.",1917.23,,,,,,,Case Rate,"100% Medicare OPPS FS. ",1973.43,,,,,,,Case Rate,"225 Percent of Medicaid APG. ",1973.43,,,,,,,Case Rate,"225 Percent of Medicaid APG. ",877.08,,,,,,,Case rate,"100 Percent of Medicaid APG. ",877.08,,,,,,,Case rate,"100 Percent of Medicaid APG. ",1973.43,,,,,,,Case Rate,225 Percent of Medicaid APG. Covered services not payable under Medicaid Fee Schedules default to a payment of 87.5 percent of charges.,877.08,,,,,,,Case rate,124 Percent of Medicaid APG. Covered services not payable under Medicaid Fee Schedules default to a payment of 50 percent of charges.,1973.43,,,,,,,Case Rate,"100 Percent of Medicaid APG. ",1973.43,,,,,,,Case Rate,"100 Percent of Medicaid APG. ",1973.43,,,,,,,Case Rate,"100 Percent of Medicaid APG. ",1973.43,,,,,,,Case Rate,"100 Percent of Medicaid APG. ",13453,,,,,,,Case Rate,". MPL 100/75/50% all add ons apply, and lesser of 100% of billed charges",25798,,,,,,,Case Rate,". MPL 100/75/50% all add ons apply, and lesser of 100% of billed charges",1052.49,,,,,,,Case Rate,"120 Percent of Medicaid APG. Not APG payable, or payable under another fee schedule like ASP/AWP pays at 30% of charges",1052.49,,,,,,,Case Rate,"120 Percent of Medicaid APG. Not APG payable, or payable under another fee schedule like ASP/AWP pays at 30% of charges",877.08,,,,,,,Case Rate,"100 Percent of Medicaid APG. Not APG payable, or payable under another fee schedule like ASP/AWP pays at 30% of charges",877.08,,,,,,,Case Rate,"100 Percent of Medicaid APG. Not APG payable, or payable under another fee schedule like ASP/AWP pays at 30% of charges",10351,,,,,,,Case Rate,". MPL 100/50/25% all add ons apply, and lesser of 100% of billed charges",10351,,,,,,,Case Rate,". MPL 100/50/25% all add ons apply, and lesser of 100% of billed charges",1917.23,,,,,,,Case Rate,"100% Medicare OPPS FS. ",10351,,,,,,,Case Rate,". MPL 100/50/25% all add ons apply, and lesser of 100% of billed charges",10351,,,,,,,Case Rate,". MPL 100/50/25% all add ons apply, and lesser of 100% of billed charges",10351,,,,,,,Case Rate,". MPL 100/50/25% all add ons apply, and lesser of 100% of billed charges",10351,,,,,,,Case Rate,". MPL 100/50/25% all add ons apply, and lesser of 100% of billed charges",1917.23,,,,,,,Case Rate,"100% Medicare OPPS FS. ",10351,,,,,,,Case Rate,". MPL 100/50/25% all add ons apply, and lesser of 100% of billed charges",10351,,,,,,,Case Rate,". MPL 100/50/25% all add ons apply, and lesser of 100% of billed charges",6593,,,,,,,Case Rate,". Primary procedure pays at 100%, secondary at 50%, all subsequent at 25%.  Lesser of applies when negotiated rates exceed charges less addons.",877.08,,,,,,,Fee Schedule,100% APG. Lesser of 100% of billed charges applies.,877.08,,,,,,,Case rate,124 Percent of Medicaid APG. Covered services not payable under Medicaid Fee Schedules default to a payment of 50 percent of charges.,1973.43,,,,,,,Fee Schedule,225% of NYS APG. Lesser of 100% of billed charges applies.,1973.43,,,,,,,Case Rate,225 Percent of Medicaid APG. Covered services not payable under Medicaid Fee Schedules default to a payment of 87.5 percent of charges.,877.08,,,,,,,Case rate,124 Percent of Medicaid APG. Covered services not payable under Medicaid Fee Schedules default to a payment of 50 percent of charges.,1973.43,,,,,,,Fee Schedule,225% of NYS APG. Lesser of 100% of billed charges applies.,1973.43,,,,,,,Fee Schedule,225% of NYS APG. Lesser of 100% of billed charges applies.,1973.43,,,,,,,Fee Schedule,225% of NYS APG. Lesser of 100% of billed charges applies.,1973.43,,,,,,,Fee Schedule,225% of NYS APG. Lesser of 100% of billed charges applies.,1973.43,,,,,,,Fee Schedule,225% of NYS APG. Lesser of 100% of billed charges applies.,1973.43,,,,,,,Fee Schedule,225% of NYS APG. Lesser of 100% of billed charges applies.,,,,,,,,,"NA. ",,,,,,,,,"NA. ",,,,,,,,,"NA. ",6487,,,,,,,Case Rate,". MPL 100/50/25% maxmium of 3 procedures. All add ons apply, and lesser of 100% of billed charges",,,,,,,,,"NA. ",1917.23,,,,,,,Case Rate,"100% Medicare OPPS FS. ",3681,,,,,,,Case Rate,". MPL 1st 100% of Payment Rate 50% of all others, all add ons apply, and lesser of 100% of billed charges.",1917.23,,,,,,,Case Rate,"100% Medicare OPPS FS. ",1917.23,,,,,,,Case Rate,"100% Medicare OPPS FS. ",1052.49,,,,,,,Case Rate,"120 Percent of Medicaid APG. Not APG payable, or payable under another fee schedule like ASP/AWP pays at 30% of charges",1052.49,,,,,,,Case Rate,"120 Percent of Medicaid APG. Not APG payable, or payable under another fee schedule like ASP/AWP pays at 30% of charges",877.08,,,,,,,Case Rate,"100 Percent of Medicaid APG. Not APG payable, or payable under another fee schedule like ASP/AWP pays at 30% of charges",877.08,,,,,,,Case Rate,"100 Percent of Medicaid APG. Not APG payable, or payable under another fee schedule like ASP/AWP pays at 30% of charges",877.08,,,,,,,Case Rate,"100 Percent of Medicaid APG. ",7163,,,,,,,Case Rate,". ",6593,,,,,,,Case Rate,". Primary procedure pays at 100%, secondary at 50%, all subsequent at 25%.  Lesser of applies when negotiated rates exceed charges less addons.",8427,,,,,,,Case Rate,". Primary procedure pays at 100%, all subsequent at 50%.",6487,,,,,,,Case Rate,". MPL 100/50/25% maxmium of 3 procedures. All add ons apply, and lesser of 100% of billed charges",1917.23,,,,,,,Case Rate,"100%Medicare OPPS FS. ",1917.23,,,,,,,Case Rate,"100% Medicare OPPS FS. ",1917.23,,,,,,,Case Rate,"100% Medicare OPPS FS. ",1917.23,,,,,,,Case Rate,"100% Medicare OPPS FS. ",1917.23,,,,,,,Case Rate,"100%Medicare OPPS FS. ",1917.23,,,,,,,Case Rate,"100% Medicare OPPS FS. ",,,,,,,,,"NA. ",1973.43,,,,,,,Fee Schedule,225% of NYS APG. Lesser of 100% of billed charges applies.,149.87,,,,,,,Fee Schedule,90 Percent of Medicare RBRVS. Lesser of 100% of billed charges applies.,10351,,,,,,,Case Rate,". MPL 100/50/25% all add ons apply, and lesser of 100% of billed charges",7163,,,,,,,Case Rate,". ",7163,,,,,,,Case Rate,". ",7163,,,,,,,Case Rate,". ",7163,,,,,,,Case Rate,". ",1917.23,,,,,,,Case Rate,"100% Medicare OPPS FS. ",877.08,,,,,,,Case Rate,"100 Percent of Medicaid APG. ",10351,,,,,,,Case Rate,". MPL 100/50/25% all add ons apply, and lesser of 100% of billed charges",877.08,,,,,,,Case Rate,"100 Percent of Medicaid APG. ",1917.23,,,,,,,Case Rate,"100% Medicare OPPS FS. ",877.08,,,,,,,Case Rate,"100 Percent of Medicaid APG. ",1917.23,,,,,,,Case Rate,"100% Medicare OPPS FS. ",1917.23,,,,,,,Case Rate,"100% Medicare OPPS FS. ",877.08,,,,,,,Case Rate,"100 Percent of Medicaid APG. ",877.08,,,,,,,Case Rate,"100 Percent of Medicaid APG. ",7163,,,,,,,Case Rate,". ",6487,,,,,,,Case Rate,". MPL 100/50/25% maxmium of 3 procedures. All add ons apply, and lesser of 100% of billed charges",,78,,,,,0,percent of total billed charges,78% of Billed Charges. Lesser of 100% of billed charges applies.; No services were performed during the 15 month look back period.,8165.03,,,,,,,Case Rate,". MPL 100/50/25% all add ons apply, and lesser of 100% of billed charges",8165.03,,,,,,,Case Rate,". MPL 100/50/25% all add ons apply, and lesser of 100% of billed charges",6593,,,,,,,Case Rate,". Primary procedure pays at 100%, secondary at 50%, all subsequent at 25%.  Lesser of applies when negotiated rates exceed charges less addons.",680.11,,,,,,,Case Rate,"83% HF Fee schedule. ",12574,,,,,,,Case Rate,". Primary procedure pays at 100%, all subsequent at 50%.",12574,,,,,,,Case Rate,". Primary procedure pays at 100%, all subsequent at 50%.",8281,,,,,,,Case Rate,". MPL 100/50/25% all add ons apply, and lesser of 100% of billed charges",8281,,,,,,,Case Rate,". MPL 100/50/25% all add ons apply, and lesser of 100% of billed charges",1917.23,,,,,,,Case Rate,"100% Medicare OPPS FS. ",1917.23,,,,,,,Case Rate,"100% Medicare OPPS FS. ",1917.23,,,,,,,Case Rate,"100% Medicare OPPS FS. ",1917.23,,,,,,,Case Rate,"100% Medicare OPPS FS. ",8165.03,,,,,,,Case Rate,". MPL 100/50/25% all add ons apply, and lesser of 100% of billed charges",10351,,,,,,,Case Rate,". MPL 100/50/25% all add ons apply, and lesser of 100% of billed charges",10351,,,,,,,Case Rate,". MPL 100/50/25% all add ons apply, and lesser of 100% of billed charges",1917.23,,,,,,,Case Rate,"100% Medicare OPPS FS. ",8281,,,,,,,Case Rate,". MPL 100/50/25% all add ons apply, and lesser of 100% of billed charges",8427,,,,,,,Case Rate,". Primary procedure pays at 100%, all subsequent at 50%.",1052.49,,,,,,,Fee Schedule,"120 Percent of Medicaid APG. ",877.08,,,,,,,Case Rate,"100 Percent of Medicaid APG. ",7163,,,,,,,Case Rate,". ",9316,,,,,,,Case Rate,". MPL 100/50/25% all add ons apply, and lesser of 100% of billed charges",9316,,,,,,,Case Rate,". MPL 100/50/25% all add ons apply, and lesser of 100% of billed charges",10351,,,,,,,Case Rate,". MPL 100/50/25% all add ons apply, and lesser of 100% of billed charges",14948,,,,,,,Case Rate,". MPL 100/75/50% all add ons apply, and lesser of 100% of billed charges",1917.23,,,,,,,Case Rate,"100%Medicare OPPS FS. ",920.93,,,,,,,Fee Schedule,105 percent of Medicaid APG. otherwise 105% of Ordered NYS MCD FS or 105% of ASP+6%,920.93,,,,,,,Fee Schedule,105 percent of Medicaid APG. otherwise 105% of Ordered NYS MCD FS or 105% of ASP+6%,920.93,,,,,,,Fee Schedule,105 percent of Medicaid APG. otherwise 105% of Ordered NYS MCD FS or 105% of ASP+6%,1184.06,,,,,,,Fee Schedule,135 percent of Medicaid APG. otherwise 135% of Ordered NYS MCD FS or 135% of ASP+6%,8165.03,,,,,,,Case Rate,". MPL 100/50/25% all add ons apply, and lesser of 100% of billed charges",920.93,,,,,,,Fee Schedule,105 percent of Medicaid APG. otherwise 105% of Ordered NYS MCD FS or 105% of ASP+6%,920.93,,,,,,,Fee Schedule,105 percent of Medicaid APG. otherwise 105% of Ordered NYS MCD FS or 105% of ASP+6%,920.93,,,,,,,Fee Schedule,105 percent of Medicaid APG. otherwise 105% of Ordered NYS MCD FS or 105% of ASP+6%,920.93,,,,,,,Fee Schedule,105 percent of Medicaid APG. otherwise 105% of Ordered NYS MCD FS or 105% of ASP+6%,920.93,,,,,,,Fee Schedule,105 percent of Medicaid APG. otherwise 105% of Ordered NYS MCD FS or 105% of ASP+6%,1184.06,,,,,,,Fee Schedule,135 percent of Medicaid APG. otherwise 135% of Ordered NYS MCD FS or 135% of ASP+6%,1184.06,,,,,,,Fee Schedule,135 percent of Medicaid APG. otherwise 135% of Ordered NYS MCD FS or 135% of ASP+6%,1917.23,,,,,,,Case Rate,"100% Medicare OPPS FS. ",8165.03,,,,,,,Case Rate,". MPL 100/50/25% all add ons apply, and lesser of 100% of billed charges",1917.23,,,,,,,Case Rate,"100% Medicare OPPS FS. ",920.93,,,,,,,Fee Schedule,105 percent of Medicaid APG. otherwise 105% of Ordered NYS MCD FS or 105% of ASP+6%,10351,,,,,,,Case Rate,". MPL 100/50/25% all add ons apply, and lesser of 100% of billed charges",1917.23,,,,,,,Case Rate,"100% Medicare OPPS FS. ",10351,,,,,,,Case Rate,". MPL 100/50/25% all add ons apply, and lesser of 100% of billed charges",10351,,,,,,,Case Rate,". MPL 100/50/25% all add ons apply, and lesser of 100% of billed charges",10351,,,,,,,Case Rate,". MPL 100/50/25% all add ons apply, and lesser of 100% of billed charges",920.93,,,,,,,Fee Schedule,105 percent of Medicaid APG. otherwise 105% of Ordered NYS MCD FS or 105% of ASP+6%,1917.23,,,,,,,Case Rate,"100% Medicare OPPS FS. ",10351,,,,,,,Case Rate,". MPL 100/50/25% all add ons apply, and lesser of 100% of billed charges",1184.06,,,,,,,Fee Schedule,135 percent of Medicaid APG. otherwise 135% of Ordered NYS MCD FS or 135% of ASP+6%,10351,,,,,,,Case Rate,". MPL 100/50/25% all add ons apply, and lesser of 100% of billed charges",,200,,,,,0,Case Rate,200% of Medicare OPPS. ; No services were performed during the 15 month look back period.,1917.23,,,,,,,Case Rate,"100%Medicare OPPS FS. ",7163,,,,,,,Case Rate,". ",7163,,,,,,,Case Rate,". ",7163,,,,,,,Case Rate,". ",7163,,,,,,,Case Rate,". ",7163,,,,,,,Case Rate,". ",8427,,,,,,,Case Rate,". Primary procedure pays at 100%, all subsequent at 50%.",8427,,,,,,,Case Rate,". Primary procedure pays at 100%, all subsequent at 50%.",7163,,,,,,,Case Rate,". ",7163,,,,,,,Case Rate,". ",7163,,,,,,,Case Rate,". ",7163,,,,,,,Case Rate,". ",7163,,,,,,,Case Rate,". ",1917.23,,,,,,,Case Rate,"100% Medicare OPPS FS. ",8427,,,,,,,Case Rate,". Primary procedure pays at 100%, all subsequent at 50%.",1917.23,,,,,,,Case Rate,"100% Medicare OPPS FS. ",1973.43,,,,,,,Case Rate,"225 Percent of Medicaid APG. If not included in Medicaid APG, then 100 Percent of Manhattan Medicare",877.08,,,,,,,Case Rate,"100 Percent of Medicaid APG. ",8165.03,,,,,,,Case Rate,". MPL 100/50/25% all add ons apply, and lesser of 100% of billed charges",8165.03,,,,,,,Case Rate,". MPL 100/50/25% all add ons apply, and lesser of 100% of billed charges",1917.23,,,,,,,Case Rate,"100% Medicare OPPS FS. ",12574,,,,,,,Case Rate,". Primary procedure pays at 100%, all subsequent at 50%.",1917.23,,,,,,,Case Rate,"100% Medicare OPPS FS. ",1917.23,,,,,,,Case Rate,"100% Medicare OPPS FS. ",6593,,,,,,,Case Rate,". Primary procedure pays at 100%, secondary at 50%, all subsequent at 25%.  Lesser of applies when negotiated rates exceed charges less addons.",1917.23,,,,,,,Case Rate,"100% Medicare OPPS FS. ",6487,,,,,,,Case Rate,". MPL 100/50/25% maxmium of 3 procedures. All add ons apply, and lesser of 100% of billed charges",1917.23,,,,,,,Case Rate,"100% Medicare OPPS FS. ",6487,,,,,,,Case Rate,". MPL 100/50/25% maxmium of 3 procedures. All add ons apply, and lesser of 100% of billed charges",6593,,,,,,,Case Rate,". Primary procedure pays at 100%, secondary at 50%, all subsequent at 25%.  Lesser of applies when negotiated rates exceed charges less addons.",6487,,,,,,,Case Rate,". MPL 100/50/25% maxmium of 3 procedures. All add ons apply, and lesser of 100% of billed charges",1917.23,,,,,,,Case Rate,"100% Medicare OPPS FS. ",877.08,,,,,,,Case Rate,"100 Percent of Medicaid APG. ",1917.23,,,,,,,Case Rate,"100% Medicare OPPS FS. ",6487,,,,,,,Case Rate,". MPL 100/50/25% maxmium of 3 procedures. All add ons apply, and lesser of 100% of billed charges",8165.03,,,,,,,Case Rate,". MPL 100/50/25% all add ons apply, and lesser of 100% of billed charges",877.08,,,,,,,Case Rate,"100 Percent of Medicaid APG. ",10351,,,,,,,Case Rate,". MPL 100/50/25% all add ons apply, and lesser of 100% of billed charges",1052.49,,,,,,,Fee Schedule,"120 Percent of Medicaid APG. ",1052.49,,,,,,,Fee Schedule,"120 Percent of Medicaid APG. ",10351,,,,,,,Case Rate,". MPL 100/50/25% all add ons apply, and lesser of 100% of billed charges",10351,,,,,,,Case Rate,". MPL 100/50/25% all add ons apply, and lesser of 100% of billed charges",10351,,,,,,,Case Rate,". MPL 100/50/25% all add ons apply, and lesser of 100% of billed charges",8165.03,,,,,,,Case Rate,". MPL 100/50/25% all add ons apply, and lesser of 100% of billed charges",10351,,,,,,,Case Rate,". MPL 100/50/25% all add ons apply, and lesser of 100% of billed charges",10351,,,,,,,Case Rate,". MPL 100/50/25% all add ons apply, and lesser of 100% of billed charges",10351,,,,,,,Case Rate,". MPL 100/50/25% all add ons apply, and lesser of 100% of billed charges",7163,,,,,,,Case Rate,". ",7163,,,,,,,Case Rate,". ",3796.12,,,,,,,Case Rate,198 Percent of Medicare OPPS. Metroplus will reimburse unlisted codes and described codes with no Medicare rate at 50 percent of charges.,877.08,,,,,,,Case Rate,"100 Percent of Medicaid APG. ",8165.03,,,,,,,Case Rate,". MPL 100/50/25% all add ons apply, and lesser of 100% of billed charges",6487,,,,,,,Case Rate,". MPL 100/50/25% maxmium of 3 procedures. All add ons apply, and lesser of 100% of billed charges",6593,,,,,,,Case Rate,". Primary procedure pays at 100%, secondary at 50%, all subsequent at 25%.  Lesser of applies when negotiated rates exceed charges less addons.",8165.03,,,,,,,Case Rate,". MPL 100/50/25% all add ons apply, and lesser of 100% of billed charges",6593,,,,,,,Case Rate,". Primary procedure pays at 100%, secondary at 50%, all subsequent at 25%.  Lesser of applies when negotiated rates exceed charges less addons.",8165.03,,,,,,,Case Rate,". MPL 100/50/25% all add ons apply, and lesser of 100% of billed charges",10351,,,,,,,Case Rate,". MPL 100/50/25% all add ons apply, and lesser of 100% of billed charges",10351,,,,,,,Case Rate,". MPL 100/50/25% all add ons apply, and lesser of 100% of billed charges",10351,,,,,,,Case Rate,". MPL 100/50/25% all add ons apply, and lesser of 100% of billed charges",10351,,,,,,,Case Rate,". MPL 100/50/25% all add ons apply, and lesser of 100% of billed charges",1917.23,,,,,,,Case Rate,"100% Medicare OPPS FS. ",149.87,25798,
33202,CPT,2027589,LOCAL,481,RC,HC INSERT EPICARD ELTRD OPEN,12620.4,2397.876,both,,,,30285,,,,,,,Case Rate,". All add ons apply, and lesser of 100% of billed charges",30285,,,,,,,Case Rate,". All add ons apply, and lesser of 100% of billed charges",43556,,,,,,,Case Rate,". Primary procedure pays at 100%, secondary at 50%, all subsequent at 25%.  Lesser of applies when negotiated rates exceed charges less addons.",12620.4,100,,,,,0,percent of total billed charges,100 percent of billed charges; No services were performed during the 15 month look back period.,,,,,,,,Other,"Not Payable. ",43556,,,,,,,Case Rate,". Primary procedure pays at 100%, secondary at 50%, all subsequent at 25%.  Lesser of applies when negotiated rates exceed charges less addons.",43556,,,,,,,Case Rate,". Primary procedure pays at 100%, secondary at 50%, all subsequent at 25%.  Lesser of applies when negotiated rates exceed charges less addons.",43556,,,,,,,Case Rate,". Primary procedure pays at 100%, secondary at 50%, all subsequent at 25%.  Lesser of applies when negotiated rates exceed charges less addons.",,,,,,,,Other,"100 Percent of Medicaid APG. ",,,,,,,,Other,"100 Percent of Medicaid APG. ",9843.912,78,,,,,0,percent of total billed charges,78% of Billed Charges. Lesser of 100% of billed charges applies.; No services were performed during the 15 month look back period.,94064.83,,,,,,,Case Rate,". MPL 100/50/25% all add ons apply, and lesser of 100% of billed charges",,,,,,,,Other,"100 Percent of Medicaid APG. ",,,,,,,,Other,"Not Payable. ",50020,,,,,,,Case Rate,". MPL 100/50/25% maxmium of 3 procedures. All add ons apply, and lesser of 100% of billed charges",50020,,,,,,,Case Rate,". MPL 100/50/25% maxmium of 3 procedures. All add ons apply, and lesser of 100% of billed charges",50020,,,,,,,Case Rate,". MPL 100/50/25% maxmium of 3 procedures. All add ons apply, and lesser of 100% of billed charges",50020,,,,,,,Case Rate,". MPL 100/50/25% maxmium of 3 procedures. All add ons apply, and lesser of 100% of billed charges",,,,,,,,Case rate,124 Percent of Medicaid APG. Covered services not payable under Medicaid Fee Schedules default to a payment of 50 percent of charges.,,,,,,,,Other,"Not Payable. ",,,,,,,,Case rate,124 Percent of Medicaid APG. Covered services not payable under Medicaid Fee Schedules default to a payment of 50 percent of charges.,9843.912,78,,,,,0,percent of total billed charges,78% of Billed Charges. Lesser of 100% of billed charges applies.; No services were performed during the 15 month look back period.,43556,,,,,,,Case Rate,". Primary procedure pays at 100%, secondary at 50%, all subsequent at 25%.  Lesser of applies when negotiated rates exceed charges less addons.",,,,,,,,Other,"Not Payable. ",54796,,,,,,,Case Rate,". Primary procedure pays at 100%, all subsequent at 50%.",,,,,,,,Other,"Not Payable. ",,,,,,,,Other,"Not Payable. ",9843.912,78,,,,,0,percent of total billed charges,78% of Billed Charges. Lesser of 100% of billed charges applies.; No services were performed during the 15 month look back period.,812.14,,,,,,,Fee Schedule,90 Percent of Medicare RBRVS. Lesser of 100% of billed charges applies.,812.14,,,,,,,Fee Schedule,90 Percent of Medicare RBRVS. Lesser of 100% of billed charges applies.,,,,,,,,Case rate,"100 Percent of Medicaid APG. ",,,,,,,,Case rate,"100 Percent of Medicaid APG. ",54796,,,,,,,Case Rate,". Primary procedure pays at 100%, all subsequent at 50%.",54796,,,,,,,Case Rate,". Primary procedure pays at 100%, all subsequent at 50%.",,,,,,,,Other,"100 Percent of Medicaid APG. Not APG payable, or payable under another fee schedule like ASP/AWP pays at 30% of charges",54796,,,,,,,Case Rate,". Primary procedure pays at 100%, all subsequent at 50%.",,,,,,,,Other,"100 Percent of Medicaid APG. Not APG payable, or payable under another fee schedule like ASP/AWP pays at 30% of charges",,,,,,,,Other,"Not Payable. ",54796,,,,,,,Case Rate,". Primary procedure pays at 100%, all subsequent at 50%.",9843.912,78,,,,,0,percent of total billed charges,78% of Billed Charges. Lesser of 100% of billed charges applies.; No services were performed during the 15 month look back period.,,,,,,,,Other,"100 Percent of Medicaid APG. If not priced under APG, then Metroplus FeeSched",,,,,,,,Other,"100 Percent of Medicaid APG. If not priced under APG, then Metroplus FeeSched",9843.912,78,,,,,0,percent of total billed charges,78% of Billed Charges. Lesser of 100% of billed charges applies.; No services were performed during the 15 month look back period.,50020,,,,,,,Case Rate,". MPL 100/50/25% maxmium of 3 procedures. All add ons apply, and lesser of 100% of billed charges",85745,,,,,,,Case Rate,". MPL 100/50/25% all add ons apply, and lesser of 100% of billed charges",85745,,,,,,,Case Rate,". MPL 100/50/25% all add ons apply, and lesser of 100% of billed charges",9843.912,78,,,,,0,percent of total billed charges,78% of Billed Charges. Lesser of 100% of billed charges applies.; No services were performed during the 15 month look back period.,,,,,,,,Other,"Not Payable. ",94064.83,,,,,,,Case Rate,". MPL 100/50/25% all add ons apply, and lesser of 100% of billed charges",94064.83,,,,,,,Case Rate,". MPL 100/50/25% all add ons apply, and lesser of 100% of billed charges",94064.83,,,,,,,Case Rate,". MPL 100/50/25% all add ons apply, and lesser of 100% of billed charges",,,,,,,,Other,"Not Payable. ",94064.83,,,,,,,Case Rate,". MPL 100/50/25% all add ons apply, and lesser of 100% of billed charges",94064.83,,,,,,,Case Rate,". MPL 100/50/25% all add ons apply, and lesser of 100% of billed charges",,,,,,,,Other,"Not Payable. ",102512,,,,,,,Case Rate,". MPL 100/75/50% all add ons apply, and lesser of 100% of billed charges",10351,,,,,,,Case Rate,". MPL 100/50/25% all add ons apply, and lesser of 100% of billed charges",10351,,,,,,,Case Rate,". MPL 100/50/25% all add ons apply, and lesser of 100% of billed charges",10351,,,,,,,Case Rate,". MPL 100/50/25% all add ons apply, and lesser of 100% of billed charges",10351,,,,,,,Case Rate,". MPL 100/50/25% all add ons apply, and lesser of 100% of billed charges",10351,,,,,,,Case Rate,". MPL 100/50/25% all add ons apply, and lesser of 100% of billed charges",10351,,,,,,,Case Rate,". MPL 100/50/25% all add ons apply, and lesser of 100% of billed charges",,,,,,,,Other,"Not Payable. ",,,,,,,,Other,"Not Payable. ",10351,,,,,,,Case Rate,". MPL 100/50/25% all add ons apply, and lesser of 100% of billed charges",9843.912,78,,,,,0,percent of total billed charges,78% of Billed Charges. Lesser of 100% of billed charges applies.; No services were performed during the 15 month look back period.,9843.912,78,,,,,0,percent of total billed charges,78% of Billed Charges. Lesser of 100% of billed charges applies.; No services were performed during the 15 month look back period.,9843.912,78,,,,,0,percent of total billed charges,78% of Billed Charges. Lesser of 100% of billed charges applies.; No services were performed during the 15 month look back period.,9843.912,78,,,,,0,percent of total billed charges,78% of Billed Charges. Lesser of 100% of billed charges applies.; No services were performed during the 15 month look back period.,9843.912,78,,,,,0,percent of total billed charges,78% of Billed Charges. Lesser of 100% of billed charges applies.; No services were performed during the 15 month look back period.,9843.912,78,,,,,0,percent of total billed charges,78% of Billed Charges. Lesser of 100% of billed charges applies.; No services were performed during the 15 month look back period.,9843.912,78,,,,,0,percent of total billed charges,78% of Billed Charges. Lesser of 100% of billed charges applies.; No services were performed during the 15 month look back period.,9843.912,78,,,,,0,percent of total billed charges,78% of Billed Charges. Lesser of 100% of billed charges applies.; No services were performed during the 15 month look back period.,9843.912,78,,,,,0,percent of total billed charges,78% of Billed Charges. Lesser of 100% of billed charges applies.; No services were performed during the 15 month look back period.,9843.912,78,,,,,0,percent of total billed charges,78% of Billed Charges. Lesser of 100% of billed charges applies.; No services were performed during the 15 month look back period.,9843.912,78,,,,,0,percent of total billed charges,78% of Billed Charges. Lesser of 100% of billed charges applies.; No services were performed during the 15 month look back period.,9843.912,78,,,,,0,percent of total billed charges,78% of Billed Charges. Lesser of 100% of billed charges applies.; No services were performed during the 15 month look back period.,9843.912,78,,,,,0,percent of total billed charges,78% of Billed Charges. Lesser of 100% of billed charges applies.; No services were performed during the 15 month look back period.,9843.912,78,,,,,0,percent of total billed charges,78% of Billed Charges. Lesser of 100% of billed charges applies.; No services were performed during the 15 month look back period.,9843.912,78,,,,,0,percent of total billed charges,78% of Billed Charges. Lesser of 100% of billed charges applies.; No services were performed during the 15 month look back period.,9843.912,78,,,,,0,percent of total billed charges,78% of Billed Charges. Lesser of 100% of billed charges applies.; No services were performed during the 15 month look back period.,9843.912,78,,,,,0,percent of total billed charges,78% of Billed Charges. Lesser of 100% of billed charges applies.; No services were performed during the 15 month look back period.,9843.912,78,,,,,0,percent of total billed charges,78% of Billed Charges. Lesser of 100% of billed charges applies.; No services were performed during the 15 month look back period.,9843.912,78,,,,,0,percent of total billed charges,78% of Billed Charges. Lesser of 100% of billed charges applies.; No services were performed during the 15 month look back period.,9843.912,78,,,,,0,percent of total billed charges,78% of Billed Charges. Lesser of 100% of billed charges applies.; No services were performed during the 15 month look back period.,9843.912,78,,,,,0,percent of total billed charges,78% of Billed Charges. Lesser of 100% of billed charges applies.; No services were performed during the 15 month look back period.,9843.912,78,,,,,0,percent of total billed charges,78% of Billed Charges. Lesser of 100% of billed charges applies.; No services were performed during the 15 month look back period.,9843.912,78,,,,,0,percent of total billed charges,78% of Billed Charges. Lesser of 100% of billed charges applies.; No services were performed during the 15 month look back period.,9843.912,78,,,,,0,percent of total billed charges,78% of Billed Charges. Lesser of 100% of billed charges applies.; No services were performed during the 15 month look back period.,9843.912,78,,,,,0,percent of total billed charges,78% of Billed Charges. Lesser of 100% of billed charges applies.; No services were performed during the 15 month look back period.,9843.912,78,,,,,0,percent of total billed charges,78% of Billed Charges. Lesser of 100% of billed charges applies.; No services were performed during the 15 month look back period.,54796,,,,,,,Case Rate,". Primary procedure pays at 100%, all subsequent at 50%.",54796,,,,,,,Case Rate,". Primary procedure pays at 100%, all subsequent at 50%.",54796,,,,,,,Case Rate,". Primary procedure pays at 100%, all subsequent at 50%.",54796,,,,,,,Case Rate,". Primary procedure pays at 100%, all subsequent at 50%.",71078,,,,,,,Case Rate,". Primary procedure pays at 100%, all subsequent at 50%.",71078,,,,,,,Case Rate,". Primary procedure pays at 100%, all subsequent at 50%.",50020,,,,,,,Case Rate,". MPL 100/50/25% maxmium of 3 procedures. All add ons apply, and lesser of 100% of billed charges",10351,,,,,,,Case Rate,". MPL 100/50/25% all add ons apply, and lesser of 100% of billed charges",94064.83,,,,,,,Case Rate,". MPL 100/50/25% all add ons apply, and lesser of 100% of billed charges",10351,,,,,,,Case Rate,". MPL 100/50/25% all add ons apply, and lesser of 100% of billed charges",9843.912,78,,,,,0,percent of total billed charges,78% of Billed Charges. Lesser of 100% of billed charges applies.; No services were performed during the 15 month look back period.,71078,,,,,,,Case Rate,". Primary procedure pays at 100%, all subsequent at 50%.",10351,,,,,,,Case Rate,". MPL 100/50/25% all add ons apply, and lesser of 100% of billed charges",94064.83,,,,,,,Case Rate,". MPL 100/50/25% all add ons apply, and lesser of 100% of billed charges",50020,,,,,,,Case Rate,". MPL 100/50/25% maxmium of 3 procedures. All add ons apply, and lesser of 100% of billed charges",,,,,,,,,"NA. ",9843.912,78,,,,,0,percent of total billed charges,78% of Billed Charges. Lesser of 100% of billed charges applies.; No services were performed during the 15 month look back period.,,,,,,,,Other,"100 Percent of Medicaid APG. ",54796,,,,,,,Case Rate,". Primary procedure pays at 100%, all subsequent at 50%.",,,,,,,,Other,"100 Percent of Medicaid APG. Not APG payable, or payable under another fee schedule like ASP/AWP pays at 30% of charges",,,,,,,,Other,"Not Payable. ",,,,,,,,Other,"Not Payable. ",102512,,,,,,,Case Rate,". MPL 100/75/50% all add ons apply, and lesser of 100% of billed charges",,,,,,,,Other,"Not Payable. ",,,,,,,,Other,"Not Payable. ",,,,,,,,Other,"100 Percent of Medicaid APG. ",,,,,,,,Other,"Not Payable. ",,,,,,,,Other,"Not Payable. ",43556,,,,,,,Case Rate,". Primary procedure pays at 100%, secondary at 50%, all subsequent at 25%.  Lesser of applies when negotiated rates exceed charges less addons.",43556,,,,,,,Case Rate,". Primary procedure pays at 100%, secondary at 50%, all subsequent at 25%.  Lesser of applies when negotiated rates exceed charges less addons.",,,,,,,,Other,"Not Payable. ",50020,,,,,,,Case Rate,". MPL 100/50/25% maxmium of 3 procedures. All add ons apply, and lesser of 100% of billed charges",94064.83,,,,,,,Case Rate,". MPL 100/50/25% all add ons apply, and lesser of 100% of billed charges",94064.83,,,,,,,Case Rate,". MPL 100/50/25% all add ons apply, and lesser of 100% of billed charges",,,,,,,,Other,"Not Payable. ",50020,,,,,,,Case Rate,". MPL 100/50/25% maxmium of 3 procedures. All add ons apply, and lesser of 100% of billed charges",43556,,,,,,,Case Rate,". Primary procedure pays at 100%, secondary at 50%, all subsequent at 25%.  Lesser of applies when negotiated rates exceed charges less addons.",43556,,,,,,,Case Rate,". Primary procedure pays at 100%, secondary at 50%, all subsequent at 25%.  Lesser of applies when negotiated rates exceed charges less addons.",43556,,,,,,,Case Rate,". Primary procedure pays at 100%, secondary at 50%, all subsequent at 25%.  Lesser of applies when negotiated rates exceed charges less addons.",9843.912,78,,,,,0,percent of total billed charges,78% of Billed Charges. Lesser of 100% of billed charges applies.; No services were performed during the 15 month look back period.,9843.912,78,,,,,0,percent of total billed charges,78% of Billed Charges. Lesser of 100% of billed charges applies.; No services were performed during the 15 month look back period.,9843.912,78,,,,,0,percent of total billed charges,78% of Billed Charges. Lesser of 100% of billed charges applies.; No services were performed during the 15 month look back period.,9843.912,78,,,,,0,percent of total billed charges,78% of Billed Charges. Lesser of 100% of billed charges applies.; No services were performed during the 15 month look back period.,9843.912,78,,,,,0,percent of total billed charges,78% of Billed Charges. Lesser of 100% of billed charges applies.; No services were performed during the 15 month look back period.,9843.912,78,,,,,0,percent of total billed charges,78% of Billed Charges. Lesser of 100% of billed charges applies.; No services were performed during the 15 month look back period.,9843.912,78,,,,,0,percent of total billed charges,78% of Billed Charges. Lesser of 100% of billed charges applies.; No services were performed during the 15 month look back period.,9843.912,78,,,,,0,percent of total billed charges,78% of Billed Charges. Lesser of 100% of billed charges applies.; No services were performed during the 15 month look back period.,9843.912,78,,,,,0,percent of total billed charges,78% of Billed Charges. Lesser of 100% of billed charges applies.; No services were performed during the 15 month look back period.,9843.912,78,,,,,0,percent of total billed charges,78% of Billed Charges. Lesser of 100% of billed charges applies.; No services were performed during the 15 month look back period.,9843.912,78,,,,,0,percent of total billed charges,78% of Billed Charges. Lesser of 100% of billed charges applies.; No services were performed during the 15 month look back period.,71078,,,,,,,Case Rate,". Primary procedure pays at 100%, all subsequent at 50%.",10351,,,,,,,Case Rate,". MPL 100/50/25% all add ons apply, and lesser of 100% of billed charges",50020,,,,,,,Case Rate,". MPL 100/50/25% maxmium of 3 procedures. All add ons apply, and lesser of 100% of billed charges",,,,,,,,Other,"Not Payable. ",43556,,,,,,,Case Rate,". Primary procedure pays at 100%, secondary at 50%, all subsequent at 25%.  Lesser of applies when negotiated rates exceed charges less addons.",50020,,,,,,,Case Rate,". MPL 100/50/25% maxmium of 3 procedures. All add ons apply, and lesser of 100% of billed charges",50020,,,,,,,Case Rate,". MPL 100/50/25% maxmium of 3 procedures. All add ons apply, and lesser of 100% of billed charges",9843.912,78,,,,,0,percent of total billed charges,78% of Billed Charges. Lesser of 100% of billed charges applies.; No services were performed during the 15 month look back period.,,,,,,,,Other,"214 Percent of Medicaid APG. ",50020,,,,,,,Case Rate,". MPL 100/50/25% maxmium of 3 procedures. All add ons apply, and lesser of 100% of billed charges",,,,,,,,Other,"100 Percent of Medicaid APG. ",,,,,,,,Other,"Not Payable. ",,,,,,,,Other,"Not Payable. ",,,,,,,,Other,"Not Payable. ",,,,,,,,Other,"Not Payable. ",,,,,,,,Other,"Not Payable. ",,,,,,,,Other,"Not Payable. ",50020,,,,,,,Case Rate,". MPL 100/50/25% maxmium of 3 procedures. All add ons apply, and lesser of 100% of billed charges",102512,,,,,,,Case Rate,". MPL 100/75/50% all add ons apply, and lesser of 100% of billed charges",,,,,,,,Fee Schedule,"180 Percent of Medicaid APG. ",,,,,,,,Fee Schedule,"180 Percent of Medicaid APG. ",,,,,,,,Fee Schedule,"180 Percent of Medicaid APG. ",,,,,,,,Fee Schedule,"180 Percent of Medicaid APG. ",,,,,,,,Fee Schedule,"180 Percent of Medicaid APG. ",,,,,,,,,"NA. ",102512,,,,,,,Case Rate,". MPL 100/75/50% all add ons apply, and lesser of 100% of billed charges",,,,,,,,Fee Schedule,"Not Payable. ",,,,,,,,Fee Schedule,"Not Payable. ",,,,,,,,Fee Schedule,"Not Payable. ",,,,,,,,Fee Schedule,"Not Payable. ",,,,,,,,Fee Schedule,"Not Payable. ",,,,,,,,Other,"Not Payable. ",71078,,,,,,,Case Rate,". Primary procedure pays at 100%, all subsequent at 50%.",71078,,,,,,,Case Rate,". Primary procedure pays at 100%, all subsequent at 50%.",71078,,,,,,,Case Rate,". Primary procedure pays at 100%, all subsequent at 50%.",71078,,,,,,,Case Rate,". Primary procedure pays at 100%, all subsequent at 50%.",43556,,,,,,,Case Rate,". Primary procedure pays at 100%, secondary at 50%, all subsequent at 25%.  Lesser of applies when negotiated rates exceed charges less addons.",43556,,,,,,,Case Rate,". Primary procedure pays at 100%, secondary at 50%, all subsequent at 25%.  Lesser of applies when negotiated rates exceed charges less addons.",43556,,,,,,,Case Rate,". Primary procedure pays at 100%, secondary at 50%, all subsequent at 25%.  Lesser of applies when negotiated rates exceed charges less addons.",43556,,,,,,,Case Rate,". Primary procedure pays at 100%, secondary at 50%, all subsequent at 25%.  Lesser of applies when negotiated rates exceed charges less addons.",102512,,,,,,,Case Rate,". MPL 100/75/50% all add ons apply, and lesser of 100% of billed charges",102512,,,,,,,Case Rate,". MPL 100/75/50% all add ons apply, and lesser of 100% of billed charges",,,,,,,,Other,"Not Payable. ",,,,,,,,Other,"Not Payable. ",,,,,,,,Other,"Not Payable. ",10351,,,,,,,Case Rate,". MPL 100/50/25% all add ons apply, and lesser of 100% of billed charges",10351,,,,,,,Case Rate,". MPL 100/50/25% all add ons apply, and lesser of 100% of billed charges",10351,,,,,,,Case Rate,". MPL 100/50/25% all add ons apply, and lesser of 100% of billed charges",102512,,,,,,,Case Rate,". MPL 100/75/50% all add ons apply, and lesser of 100% of billed charges",43556,,,,,,,Case Rate,". Primary procedure pays at 100%, secondary at 50%, all subsequent at 25%.  Lesser of applies when negotiated rates exceed charges less addons.",,,,,,,,Other,"Not Payable. ",10351,,,,,,,Case Rate,". MPL 100/50/25% all add ons apply, and lesser of 100% of billed charges",,,,,,,,Other,"100 Percent of Medicaid APG. ",,,,,,,,Other,"Not Payable. ",,,,,,,,Other,"Not Payable. ",,,,,,,,Other,"Not Payable. ",,,,,,,,Case rate,"100 Percent of Medicaid APG. ",,,,,,,,Fee Schedule,225% of NYS APG. Lesser of 100% of billed charges applies.,,,,,,,,Fee Schedule,225% of NYS APG. Lesser of 100% of billed charges applies.,,,,,,,,Fee Schedule,225% of NYS APG. Lesser of 100% of billed charges applies.,,,,,,,,Fee Schedule,225% of NYS APG. Lesser of 100% of billed charges applies.,,,,,,,,Fee Schedule,225% of NYS APG. Lesser of 100% of billed charges applies.,,,,,,,,Other,"Not Payable. ",,,,,,,,Other,"100 Percent of Medicaid APG. ",812.14,,,,,,,Fee Schedule,90 Percent of Medicare RBRVS. Lesser of 100% of billed charges applies.,,,,,,,,Fee Schedule,225% of NYS APG. Lesser of 100% of billed charges applies.,,,,,,,,Fee Schedule,225% of NYS APG. Lesser of 100% of billed charges applies.,812.14,,,,,,,Fee Schedule,90 Percent of Medicare RBRVS. Lesser of 100% of billed charges applies.,812.14,,,,,,,Fee Schedule,90 Percent of Medicare RBRVS. Lesser of 100% of billed charges applies.,,,,,,,,Fee Schedule,"180 Percent of Medicaid APG. ",,,,,,,,Other,"Not Payable. ",,,,,,,,Other,"Not Payable. ",43556,,,,,,,Case Rate,". Primary procedure pays at 100%, secondary at 50%, all subsequent at 25%.  Lesser of applies when negotiated rates exceed charges less addons.",,,,,,,,Other,"Not Payable. ",,,,,,,,Case Rate,"225 Percent of Medicaid APG. ",,,,,,,,Case Rate,"225 Percent of Medicaid APG. ",,,,,,,,Case rate,"100 Percent of Medicaid APG. ",,,,,,,,Case rate,"100 Percent of Medicaid APG. ",,,,,,,,Case Rate,225 Percent of Medicaid APG. Covered services not payable under Medicaid Fee Schedules default to a payment of 87.5 percent of charges.,,,,,,,,Case rate,124 Percent of Medicaid APG. Covered services not payable under Medicaid Fee Schedules default to a payment of 50 percent of charges.,,,,,,,,Other,"100 Percent of Medicaid APG. ",,,,,,,,Other,"100 Percent of Medicaid APG. ",,,,,,,,Other,"100 Percent of Medicaid APG. ",,,,,,,,Other,"100 Percent of Medicaid APG. ",63568,,,,,,,Case Rate,". MPL 100/75/50% all add ons apply, and lesser of 100% of billed charges",102512,,,,,,,Case Rate,". MPL 100/75/50% all add ons apply, and lesser of 100% of billed charges",,,,,,,,Other,"120 Percent of Medicaid APG. Not APG payable, or payable under another fee schedule like ASP/AWP pays at 30% of charges",,,,,,,,Other,"120 Percent of Medicaid APG. Not APG payable, or payable under another fee schedule like ASP/AWP pays at 30% of charges",,,,,,,,Other,"100 Percent of Medicaid APG. Not APG payable, or payable under another fee schedule like ASP/AWP pays at 30% of charges",,,,,,,,Other,"100 Percent of Medicaid APG. Not APG payable, or payable under another fee schedule like ASP/AWP pays at 30% of charges",10351,,,,,,,Case Rate,". MPL 100/50/25% all add ons apply, and lesser of 100% of billed charges",10351,,,,,,,Case Rate,". MPL 100/50/25% all add ons apply, and lesser of 100% of billed charges",,,,,,,,Other,"Not Payable. ",10351,,,,,,,Case Rate,". MPL 100/50/25% all add ons apply, and lesser of 100% of billed charges",10351,,,,,,,Case Rate,". MPL 100/50/25% all add ons apply, and lesser of 100% of billed charges",10351,,,,,,,Case Rate,". MPL 100/50/25% all add ons apply, and lesser of 100% of billed charges",10351,,,,,,,Case Rate,". MPL 100/50/25% all add ons apply, and lesser of 100% of billed charges",,,,,,,,Other,"Not Payable. ",10351,,,,,,,Case Rate,". MPL 100/50/25% all add ons apply, and lesser of 100% of billed charges",10351,,,,,,,Case Rate,". MPL 100/50/25% all add ons apply, and lesser of 100% of billed charges",43556,,,,,,,Case Rate,". Primary procedure pays at 100%, secondary at 50%, all subsequent at 25%.  Lesser of applies when negotiated rates exceed charges less addons.",902.38,,,,,,,Fee Schedule,100% of RBRVS. Lesser of 100% of billed charges applies.,,,,,,,,Case rate,124 Percent of Medicaid APG. Covered services not payable under Medicaid Fee Schedules default to a payment of 50 percent of charges.,,,,,,,,Fee Schedule,225% of NYS APG. Lesser of 100% of billed charges applies.,,,,,,,,Case Rate,225 Percent of Medicaid APG. Covered services not payable under Medicaid Fee Schedules default to a payment of 87.5 percent of charges.,,,,,,,,Case rate,124 Percent of Medicaid APG. Covered services not payable under Medicaid Fee Schedules default to a payment of 50 percent of charges.,,,,,,,,Fee Schedule,225% of NYS APG. Lesser of 100% of billed charges applies.,,,,,,,,Fee Schedule,225% of NYS APG. Lesser of 100% of billed charges applies.,,,,,,,,Fee Schedule,225% of NYS APG. Lesser of 100% of billed charges applies.,,,,,,,,Fee Schedule,225% of NYS APG. Lesser of 100% of billed charges applies.,,,,,,,,Fee Schedule,225% of NYS APG. Lesser of 100% of billed charges applies.,,,,,,,,Fee Schedule,225% of NYS APG. Lesser of 100% of billed charges applies.,,,,,,,,,"NA. ",,,,,,,,,"NA. ",,,,,,,,,"NA. ",50020,,,,,,,Case Rate,". MPL 100/50/25% maxmium of 3 procedures. All add ons apply, and lesser of 100% of billed charges",,,,,,,,,"NA. ",,,,,,,,Other,"Not Payable. ",30285,,,,,,,Case Rate,". All add ons apply, and lesser of 100% of billed charges",,,,,,,,Other,"Not Payable. ",,,,,,,,Other,"Not Payable. ",,,,,,,,Other,"120 Percent of Medicaid APG. Not APG payable, or payable under another fee schedule like ASP/AWP pays at 30% of charges",,,,,,,,Other,"120 Percent of Medicaid APG. Not APG payable, or payable under another fee schedule like ASP/AWP pays at 30% of charges",,,,,,,,Other,"100 Percent of Medicaid APG. Not APG payable, or payable under another fee schedule like ASP/AWP pays at 30% of charges",,,,,,,,Other,"100 Percent of Medicaid APG. Not APG payable, or payable under another fee schedule like ASP/AWP pays at 30% of charges",,,,,,,,Other,"100 Percent of Medicaid APG. ",46576,,,,,,,Case Rate,". ",43556,,,,,,,Case Rate,". Primary procedure pays at 100%, secondary at 50%, all subsequent at 25%.  Lesser of applies when negotiated rates exceed charges less addons.",54796,,,,,,,Case Rate,". Primary procedure pays at 100%, all subsequent at 50%.",50020,,,,,,,Case Rate,". MPL 100/50/25% maxmium of 3 procedures. All add ons apply, and lesser of 100% of billed charges",,,,,,,,Other,"Not Payable. ",,,,,,,,Other,"Not Payable. ",,,,,,,,Other,"Not Payable. ",,,,,,,,Other,"Not Payable. ",,,,,,,,Other,"Not Payable. ",,,,,,,,Other,"Not Payable. ",,,,,,,,,"NA. ",,,,,,,,Fee Schedule,225% of NYS APG. Lesser of 100% of billed charges applies.,812.14,,,,,,,Fee Schedule,90 Percent of Medicare RBRVS. Lesser of 100% of billed charges applies.,10351,,,,,,,Case Rate,". MPL 100/50/25% all add ons apply, and lesser of 100% of billed charges",46576,,,,,,,Case Rate,". ",46576,,,,,,,Case Rate,". ",46576,,,,,,,Case Rate,". ",46576,,,,,,,Case Rate,". ",,,,,,,,Other,"Not Payable. ",,,,,,,,Other,"100 Percent of Medicaid APG. ",10351,,,,,,,Case Rate,". MPL 100/50/25% all add ons apply, and lesser of 100% of billed charges",,,,,,,,Other,"100 Percent of Medicaid APG. ",,,,,,,,Other,"Not Payable. ",,,,,,,,Other,"100 Percent of Medicaid APG. ",,,,,,,,Other,"Not Payable. ",,,,,,,,Other,"Not Payable. ",,,,,,,,Other,"100 Percent of Medicaid APG. ",,,,,,,,Other,"100 Percent of Medicaid APG. ",46576,,,,,,,Case Rate,". ",50020,,,,,,,Case Rate,". MPL 100/50/25% maxmium of 3 procedures. All add ons apply, and lesser of 100% of billed charges",9843.912,78,,,,,0,percent of total billed charges,78% of Billed Charges. Lesser of 100% of billed charges applies.; No services were performed during the 15 month look back period.,94064.83,,,,,,,Case Rate,". MPL 100/50/25% all add ons apply, and lesser of 100% of billed charges",94064.83,,,,,,,Case Rate,". MPL 100/50/25% all add ons apply, and lesser of 100% of billed charges",43556,,,,,,,Case Rate,". Primary procedure pays at 100%, secondary at 50%, all subsequent at 25%.  Lesser of applies when negotiated rates exceed charges less addons.",,,,,,,,Other,"Not Payable. ",71078,,,,,,,Case Rate,". Primary procedure pays at 100%, all subsequent at 50%.",71078,,,,,,,Case Rate,". Primary procedure pays at 100%, all subsequent at 50%.",8281,,,,,,,Case Rate,". MPL 100/50/25% all add ons apply, and lesser of 100% of billed charges",8281,,,,,,,Case Rate,". MPL 100/50/25% all add ons apply, and lesser of 100% of billed charges",,,,,,,,Other,"Not Payable. ",,,,,,,,Other,"Not Payable. ",,,,,,,,Other,"Not Payable. ",,,,,,,,Other,"Not Payable. ",94064.83,,,,,,,Case Rate,". MPL 100/50/25% all add ons apply, and lesser of 100% of billed charges",10351,,,,,,,Case Rate,". MPL 100/50/25% all add ons apply, and lesser of 100% of billed charges",10351,,,,,,,Case Rate,". MPL 100/50/25% all add ons apply, and lesser of 100% of billed charges",,,,,,,,Other,"Not Payable. ",8281,,,,,,,Case Rate,". MPL 100/50/25% all add ons apply, and lesser of 100% of billed charges",54796,,,,,,,Case Rate,". Primary procedure pays at 100%, all subsequent at 50%.",,,,,,,,Fee Schedule,"120 Percent of Medicaid APG. ",,,,,,,,Other,"100 Percent of Medicaid APG. ",46576,,,,,,,Case Rate,". ",9316,,,,,,,Case Rate,". MPL 100/50/25% all add ons apply, and lesser of 100% of billed charges",9316,,,,,,,Case Rate,". MPL 100/50/25% all add ons apply, and lesser of 100% of billed charges",10351,,,,,,,Case Rate,". MPL 100/50/25% all add ons apply, and lesser of 100% of billed charges",70631,,,,,,,Case Rate,". MPL 100/75/50% all add ons apply, and lesser of 100% of billed charges",,,,,,,,Other,"Not Payable. ",,,,,,,,Fee Schedule,"Not payable. ",,,,,,,,Fee Schedule,"Not payable. ",,,,,,,,Fee Schedule,"Not payable. ",,,,,,,,Fee Schedule,"Not payable. ",94064.83,,,,,,,Case Rate,". MPL 100/50/25% all add ons apply, and lesser of 100% of billed charges",,,,,,,,Fee Schedule,"Not payable. ",,,,,,,,Fee Schedule,"Not payable. ",,,,,,,,Fee Schedule,"Not payable. ",,,,,,,,Fee Schedule,"Not payable. ",,,,,,,,Fee Schedule,"Not payable. ",,,,,,,,Fee Schedule,"Not payable. ",,,,,,,,Fee Schedule,"Not payable. ",,,,,,,,Other,"Not Payable. ",94064.83,,,,,,,Case Rate,". MPL 100/50/25% all add ons apply, and lesser of 100% of billed charges",,,,,,,,Other,"Not Payable. ",,,,,,,,Fee Schedule,"Not payable. ",10351,,,,,,,Case Rate,". MPL 100/50/25% all add ons apply, and lesser of 100% of billed charges",,,,,,,,Other,"Not Payable. ",10351,,,,,,,Case Rate,". MPL 100/50/25% all add ons apply, and lesser of 100% of billed charges",10351,,,,,,,Case Rate,". MPL 100/50/25% all add ons apply, and lesser of 100% of billed charges",10351,,,,,,,Case Rate,". MPL 100/50/25% all add ons apply, and lesser of 100% of billed charges",,,,,,,,Fee Schedule,"Not payable. ",,,,,,,,Other,"Not Payable. ",10351,,,,,,,Case Rate,". MPL 100/50/25% all add ons apply, and lesser of 100% of billed charges",,,,,,,,Fee Schedule,"Not payable. ",10351,,,,,,,Case Rate,". MPL 100/50/25% all add ons apply, and lesser of 100% of billed charges",,,,,,,,Other,"Not Payable. ",,,,,,,,Other,"Not Payable. ",46576,,,,,,,Case Rate,". ",46576,,,,,,,Case Rate,". ",46576,,,,,,,Case Rate,". ",46576,,,,,,,Case Rate,". ",46576,,,,,,,Case Rate,". ",54796,,,,,,,Case Rate,". Primary procedure pays at 100%, all subsequent at 50%.",54796,,,,,,,Case Rate,". Primary procedure pays at 100%, all subsequent at 50%.",46576,,,,,,,Case Rate,". ",46576,,,,,,,Case Rate,". ",46576,,,,,,,Case Rate,". ",46576,,,,,,,Case Rate,". ",46576,,,,,,,Case Rate,". ",,,,,,,,Other,"Not Payable. ",54796,,,,,,,Case Rate,". Primary procedure pays at 100%, all subsequent at 50%.",,,,,,,,Other,"Not Payable. ",,,,,,,,Other,"225 Percent of Medicaid APG. ",,,,,,,,Other,"100 Percent of Medicaid APG. If not priced under APG, then Metroplus FeeSched",94064.83,,,,,,,Case Rate,". MPL 100/50/25% all add ons apply, and lesser of 100% of billed charges",94064.83,,,,,,,Case Rate,". MPL 100/50/25% all add ons apply, and lesser of 100% of billed charges",,,,,,,,Other,"Not Payable. ",71078,,,,,,,Case Rate,". Primary procedure pays at 100%, all subsequent at 50%.",,,,,,,,Other,"Not Payable. ",,,,,,,,Other,"Not Payable. ",43556,,,,,,,Case Rate,". Primary procedure pays at 100%, secondary at 50%, all subsequent at 25%.  Lesser of applies when negotiated rates exceed charges less addons.",,,,,,,,Other,"Not Payable. ",50020,,,,,,,Case Rate,". MPL 100/50/25% maxmium of 3 procedures. All add ons apply, and lesser of 100% of billed charges",,,,,,,,Other,"Not Payable. ",50020,,,,,,,Case Rate,". MPL 100/50/25% maxmium of 3 procedures. All add ons apply, and lesser of 100% of billed charges",43556,,,,,,,Case Rate,". Primary procedure pays at 100%, secondary at 50%, all subsequent at 25%.  Lesser of applies when negotiated rates exceed charges less addons.",50020,,,,,,,Case Rate,". MPL 100/50/25% maxmium of 3 procedures. All add ons apply, and lesser of 100% of billed charges",,,,,,,,Other,"Not Payable. ",,,,,,,,Other,"100 Percent of Medicaid APG. ",,,,,,,,Other,"Not Payable. ",50020,,,,,,,Case Rate,". MPL 100/50/25% maxmium of 3 procedures. All add ons apply, and lesser of 100% of billed charges",94064.83,,,,,,,Case Rate,". MPL 100/50/25% all add ons apply, and lesser of 100% of billed charges",,,,,,,,Other,"100 Percent of Medicaid APG. ",10351,,,,,,,Case Rate,". MPL 100/50/25% all add ons apply, and lesser of 100% of billed charges",,,,,,,,Fee Schedule,"120 Percent of Medicaid APG. ",,,,,,,,Fee Schedule,"120 Percent of Medicaid APG. ",10351,,,,,,,Case Rate,". MPL 100/50/25% all add ons apply, and lesser of 100% of billed charges",10351,,,,,,,Case Rate,". MPL 100/50/25% all add ons apply, and lesser of 100% of billed charges",10351,,,,,,,Case Rate,". MPL 100/50/25% all add ons apply, and lesser of 100% of billed charges",94064.83,,,,,,,Case Rate,". MPL 100/50/25% all add ons apply, and lesser of 100% of billed charges",10351,,,,,,,Case Rate,". MPL 100/50/25% all add ons apply, and lesser of 100% of billed charges",10351,,,,,,,Case Rate,". MPL 100/50/25% all add ons apply, and lesser of 100% of billed charges",10351,,,,,,,Case Rate,". MPL 100/50/25% all add ons apply, and lesser of 100% of billed charges",46576,,,,,,,Case Rate,". ",46576,,,,,,,Case Rate,". ",,,,,,,,Fee Schedule,"Not Payable. ",,,,,,,,Other,"100 Percent of Medicaid APG. ",94064.83,,,,,,,Case Rate,". MPL 100/50/25% all add ons apply, and lesser of 100% of billed charges",50020,,,,,,,Case Rate,". MPL 100/50/25% maxmium of 3 procedures. All add ons apply, and lesser of 100% of billed charges",43556,,,,,,,Case Rate,". Primary procedure pays at 100%, secondary at 50%, all subsequent at 25%.  Lesser of applies when negotiated rates exceed charges less addons.",94064.83,,,,,,,Case Rate,". MPL 100/50/25% all add ons apply, and lesser of 100% of billed charges",43556,,,,,,,Case Rate,". Primary procedure pays at 100%, secondary at 50%, all subsequent at 25%.  Lesser of applies when negotiated rates exceed charges less addons.",94064.83,,,,,,,Case Rate,". MPL 100/50/25% all add ons apply, and lesser of 100% of billed charges",10351,,,,,,,Case Rate,". MPL 100/50/25% all add ons apply, and lesser of 100% of billed charges",10351,,,,,,,Case Rate,". MPL 100/50/25% all add ons apply, and lesser of 100% of billed charges",10351,,,,,,,Case Rate,". MPL 100/50/25% all add ons apply, and lesser of 100% of billed charges",10351,,,,,,,Case Rate,". MPL 100/50/25% all add ons apply, and lesser of 100% of billed charges",,,,,,,,Other,"Not Payable. ",812.14,102512,
33233,CPT,2020418,LOCAL,481,RC,HC CATH/EP REMOVAL PERMANENT PACEMAKER PULSE GENERATOR,10114.17,1921.6923,both,,,,5941,,,,,,,Case Rate,". MPL 1st 100% of Payment Rate 50% of all others, all add ons apply, and lesser of 100% of billed charges.",5941,,,,,,,Case Rate,". MPL 1st 100% of Payment Rate 50% of all others, all add ons apply, and lesser of 100% of billed charges.",43556,,,,,,,Case Rate,". Primary procedure pays at 100%, secondary at 50%, all subsequent at 25%.  Lesser of applies when negotiated rates exceed charges less addons.",10114.17,100,,,,,0,percent of total billed charges,100 percent of billed charges. ; No services were performed during the 15 month look back period.,9792.97,,,,,,,Case Rate,"100% Medicare OPPS FS. ",43556,,,,,,,Case Rate,". Primary procedure pays at 100%, secondary at 50%, all subsequent at 25%.  Lesser of applies when negotiated rates exceed charges less addons.",43556,,,,,,,Case Rate,". Primary procedure pays at 100%, secondary at 50%, all subsequent at 25%.  Lesser of applies when negotiated rates exceed charges less addons.",43556,,,,,,,Case Rate,". Primary procedure pays at 100%, secondary at 50%, all subsequent at 25%.  Lesser of applies when negotiated rates exceed charges less addons.",3579.13,,,,,,,Case Rate,"100 Percent of Medicaid APG. ",2982.61,,,,,,,Case Rate,"100 Percent of Medicaid APG. ",7889.0526,78,,,,,0,percent of total billed charges,78% of Billed Charges. Lesser of 100% of billed charges applies.; No services were performed during the 15 month look back period.,10978.39,,,,,,,Case Rate,". MPL 100/50/25% all add ons apply, and lesser of 100% of billed charges",2982.61,,,,,,,Case Rate,"100 Percent of Medicaid APG. ",9792.97,,,,,,,Case Rate,"100% Medicare OPPS FS. ",50020,,,,,,,Case Rate,". MPL 100/50/25% maxmium of 3 procedures. All add ons apply, and lesser of 100% of billed charges",50020,,,,,,,Case Rate,". MPL 100/50/25% maxmium of 3 procedures. All add ons apply, and lesser of 100% of billed charges",50020,,,,,,,Case Rate,". MPL 100/50/25% maxmium of 3 procedures. All add ons apply, and lesser of 100% of billed charges",50020,,,,,,,Case Rate,". MPL 100/50/25% maxmium of 3 procedures. All add ons apply, and lesser of 100% of billed charges",2982.61,,,,,,,Case rate,124 Percent of Medicaid APG. Covered services not payable under Medicaid Fee Schedules default to a payment of 50 percent of charges.,9792.97,,,,,,,Case Rate,"100% Medicare OPPS FS. ",2982.61,,,,,,,Case rate,124 Percent of Medicaid APG. Covered services not payable under Medicaid Fee Schedules default to a payment of 50 percent of charges.,7889.0526,78,,,,,0,percent of total billed charges,78% of Billed Charges. Lesser of 100% of billed charges applies.; No services were performed during the 15 month look back period.,43556,,,,,,,Case Rate,". Primary procedure pays at 100%, secondary at 50%, all subsequent at 25%.  Lesser of applies when negotiated rates exceed charges less addons.",9792.97,,,,,,,Case Rate,"100%Medicare OPPS FS. ",54796,,,,,,,Case Rate,". Primary procedure pays at 100%, all subsequent at 50%.",9792.97,,,,,,,Case Rate,"100%Medicare OPPS FS. ",9792.97,,,,,,,Case Rate,"100%Medicare OPPS FS. ",7889.0526,78,,,,,0,percent of total billed charges,78% of Billed Charges. Lesser of 100% of billed charges applies.; No services were performed during the 15 month look back period.,3890,,,,,,,Case Rate,100% of PAS. Lesser of 100% of billed charges applies.,3890,,,,,,,Case Rate,100% of PAS. Lesser of 100% of billed charges applies.,2982.61,,,,,,,Case rate,"100 Percent of Medicaid APG. ",2982.61,,,,,,,Case rate,"100 Percent of Medicaid APG. ",54796,,,,,,,Case Rate,". Primary procedure pays at 100%, all subsequent at 50%.",54796,,,,,,,Case Rate,". Primary procedure pays at 100%, all subsequent at 50%.",2982.61,,,,,,,Case Rate,"100 Percent of Medicaid APG. Not APG payable, or payable under another fee schedule like ASP/AWP pays at 30% of charges",54796,,,,,,,Case Rate,". Primary procedure pays at 100%, all subsequent at 50%.",2982.61,,,,,,,Case Rate,"100 Percent of Medicaid APG. Not APG payable, or payable under another fee schedule like ASP/AWP pays at 30% of charges",9792.97,,,,,,,Case Rate,"100%Medicare OPPS FS. ",54796,,,,,,,Case Rate,". Primary procedure pays at 100%, all subsequent at 50%.",7889.0526,78,,,,,0,percent of total billed charges,78% of Billed Charges. Lesser of 100% of billed charges applies.; No services were performed during the 15 month look back period.,2982.61,,,,,,,Case Rate,"100 Percent of Medicaid APG. ",2982.61,,,,,,,Case Rate,"100 Percent of Medicaid APG. ",7889.0526,78,,,,,0,percent of total billed charges,78% of Billed Charges. Lesser of 100% of billed charges applies.; No services were performed during the 15 month look back period.,50020,,,,,,,Case Rate,". MPL 100/50/25% maxmium of 3 procedures. All add ons apply, and lesser of 100% of billed charges",9645,,,,,,,Case Rate,". MPL 100/50/25% all add ons apply, and lesser of 100% of billed charges",9645,,,,,,,Case Rate,". MPL 100/50/25% all add ons apply, and lesser of 100% of billed charges",7889.0526,78,,,,,0,percent of total billed charges,78% of Billed Charges. Lesser of 100% of billed charges applies.; No services were performed during the 15 month look back period.,9792.97,,,,,,,Case Rate,"100% Medicare OPPS FS. ",10978.39,,,,,,,Case Rate,". MPL 100/50/25% all add ons apply, and lesser of 100% of billed charges",10978.39,,,,,,,Case Rate,". MPL 100/50/25% all add ons apply, and lesser of 100% of billed charges",10978.39,,,,,,,Case Rate,". MPL 100/50/25% all add ons apply, and lesser of 100% of billed charges",9792.97,,,,,,,Case Rate,"100% Medicare OPPS FS. ",10978.39,,,,,,,Case Rate,". MPL 100/50/25% all add ons apply, and lesser of 100% of billed charges",10978.39,,,,,,,Case Rate,". MPL 100/50/25% all add ons apply, and lesser of 100% of billed charges",9792.97,,,,,,,Case Rate,"100% of Medicare OPPS. ",102512,,,,,,,Case Rate,". MPL 100/75/50% all add ons apply, and lesser of 100% of billed charges",26526,,,,,,,Case Rate,". MPL 100/50/25% all add ons apply, and lesser of 100% of billed charges",26526,,,,,,,Case Rate,". MPL 100/50/25% all add ons apply, and lesser of 100% of billed charges",26526,,,,,,,Case Rate,". MPL 100/50/25% all add ons apply, and lesser of 100% of billed charges",26526,,,,,,,Case Rate,". MPL 100/50/25% all add ons apply, and lesser of 100% of billed charges",26526,,,,,,,Case Rate,". MPL 100/50/25% all add ons apply, and lesser of 100% of billed charges",26526,,,,,,,Case Rate,". MPL 100/50/25% all add ons apply, and lesser of 100% of billed charges",9792.97,,,,,,,Case Rate,"100% Medicare OPPS FS. ",9792.97,,,,,,,Case Rate,"100% Medicare OPPS FS. ",26526,,,,,,,Case Rate,". MPL 100/50/25% all add ons apply, and lesser of 100% of billed charges",7889.0526,78,,,,,0,percent of total billed charges,78% of Billed Charges. Lesser of 100% of billed charges applies.; No services were performed during the 15 month look back period.,7889.0526,78,,,,,0,percent of total billed charges,78% of Billed Charges. Lesser of 100% of billed charges applies.; No services were performed during the 15 month look back period.,7889.0526,78,,,,,0,percent of total billed charges,78% of Billed Charges. Lesser of 100% of billed charges applies.; No services were performed during the 15 month look back period.,7889.0526,78,,,,,0,percent of total billed charges,78% of Billed Charges. Lesser of 100% of billed charges applies.; No services were performed during the 15 month look back period.,7889.0526,78,,,,,0,percent of total billed charges,78% of Billed Charges. Lesser of 100% of billed charges applies.; No services were performed during the 15 month look back period.,7889.0526,78,,,,,0,percent of total billed charges,78% of Billed Charges. Lesser of 100% of billed charges applies.; No services were performed during the 15 month look back period.,7889.0526,78,,,,,0,percent of total billed charges,78% of Billed Charges. Lesser of 100% of billed charges applies.; No services were performed during the 15 month look back period.,7889.0526,78,,,,,0,percent of total billed charges,78% of Billed Charges. Lesser of 100% of billed charges applies.; No services were performed during the 15 month look back period.,7889.0526,78,,,,,0,percent of total billed charges,78% of Billed Charges. Lesser of 100% of billed charges applies.; No services were performed during the 15 month look back period.,7889.0526,78,,,,,0,percent of total billed charges,78% of Billed Charges. Lesser of 100% of billed charges applies.; No services were performed during the 15 month look back period.,7889.0526,78,,,,,0,percent of total billed charges,78% of Billed Charges. Lesser of 100% of billed charges applies.; No services were performed during the 15 month look back period.,7889.0526,78,,,,,0,percent of total billed charges,78% of Billed Charges. Lesser of 100% of billed charges applies.; No services were performed during the 15 month look back period.,7889.0526,78,,,,,0,percent of total billed charges,78% of Billed Charges. Lesser of 100% of billed charges applies.; No services were performed during the 15 month look back period.,7889.0526,78,,,,,0,percent of total billed charges,78% of Billed Charges. Lesser of 100% of billed charges applies.; No services were performed during the 15 month look back period.,7889.0526,78,,,,,0,percent of total billed charges,78% of Billed Charges. Lesser of 100% of billed charges applies.; No services were performed during the 15 month look back period.,7889.0526,78,,,,,0,percent of total billed charges,78% of Billed Charges. Lesser of 100% of billed charges applies.; No services were performed during the 15 month look back period.,7889.0526,78,,,,,0,percent of total billed charges,78% of Billed Charges. Lesser of 100% of billed charges applies.; No services were performed during the 15 month look back period.,7889.0526,78,,,,,0,percent of total billed charges,78% of Billed Charges. Lesser of 100% of billed charges applies.; No services were performed during the 15 month look back period.,7889.0526,78,,,,,0,percent of total billed charges,78% of Billed Charges. Lesser of 100% of billed charges applies.; No services were performed during the 15 month look back period.,7889.0526,78,,,,,0,percent of total billed charges,78% of Billed Charges. Lesser of 100% of billed charges applies.; No services were performed during the 15 month look back period.,7889.0526,78,,,,,0,percent of total billed charges,78% of Billed Charges. Lesser of 100% of billed charges applies.; No services were performed during the 15 month look back period.,7889.0526,78,,,,,0,percent of total billed charges,78% of Billed Charges. Lesser of 100% of billed charges applies.; No services were performed during the 15 month look back period.,7889.0526,78,,,,,0,percent of total billed charges,78% of Billed Charges. Lesser of 100% of billed charges applies.; No services were performed during the 15 month look back period.,7889.0526,78,,,,,0,percent of total billed charges,78% of Billed Charges. Lesser of 100% of billed charges applies.; No services were performed during the 15 month look back period.,7889.0526,78,,,,,0,percent of total billed charges,78% of Billed Charges. Lesser of 100% of billed charges applies.; No services were performed during the 15 month look back period.,7889.0526,78,,,,,0,percent of total billed charges,78% of Billed Charges. Lesser of 100% of billed charges applies.; No services were performed during the 15 month look back period.,54796,,,,,,,Case Rate,". Primary procedure pays at 100%, all subsequent at 50%.",54796,,,,,,,Case Rate,". Primary procedure pays at 100%, all subsequent at 50%.",54796,,,,,,,Case Rate,". Primary procedure pays at 100%, all subsequent at 50%.",54796,,,,,,,Case Rate,". Primary procedure pays at 100%, all subsequent at 50%.",71078,,,,,,,Case Rate,". Primary procedure pays at 100%, all subsequent at 50%.",71078,,,,,,,Case Rate,". Primary procedure pays at 100%, all subsequent at 50%.",50020,,,,,,,Case Rate,". MPL 100/50/25% maxmium of 3 procedures. All add ons apply, and lesser of 100% of billed charges",26526,,,,,,,Case Rate,". MPL 100/50/25% all add ons apply, and lesser of 100% of billed charges",10978.39,,,,,,,Case Rate,". MPL 100/50/25% all add ons apply, and lesser of 100% of billed charges",26526,,,,,,,Case Rate,". MPL 100/50/25% all add ons apply, and lesser of 100% of billed charges",7889.0526,78,,,,,0,percent of total billed charges,78% of Billed Charges. Lesser of 100% of billed charges applies.; No services were performed during the 15 month look back period.,71078,,,,,,,Case Rate,". Primary procedure pays at 100%, all subsequent at 50%.",26526,,,,,,,Case Rate,". MPL 100/50/25% all add ons apply, and lesser of 100% of billed charges",10978.39,,,,,,,Case Rate,". MPL 100/50/25% all add ons apply, and lesser of 100% of billed charges",50020,,,,,,,Case Rate,". MPL 100/50/25% maxmium of 3 procedures. All add ons apply, and lesser of 100% of billed charges",,,,,,,,,"NA. ",7889.0526,78,,,,,0,percent of total billed charges,78% of Billed Charges. Lesser of 100% of billed charges applies.; No services were performed during the 15 month look back period.,2982.61,,,,,,,Case Rate,"100 Percent of Medicaid APG. ",54796,,,,,,,Case Rate,". Primary procedure pays at 100%, all subsequent at 50%.",2982.61,,,,,,,Case Rate,"100 Percent of Medicaid APG. Not APG payable, or payable under another fee schedule like ASP/AWP pays at 30% of charges",9792.97,,,,,,,Case Rate,"100%Medicare OPPS FS. ",9792.97,,,,,,,Case Rate,"100% Medicare OPPS FS. ",102512,,,,,,,Case Rate,". MPL 100/75/50% all add ons apply, and lesser of 100% of billed charges",9792.97,,,,,,,Case Rate,"100% Medicare OPPS FS. ",9792.97,,,,,,,Case Rate,"100% Medicare OPPS FS. ",2982.61,,,,,,,Case Rate,"100 Percent of Medicaid APG. ",9792.97,,,,,,,Case Rate,"100% Medicare OPPS FS. ",9792.97,,,,,,,Case Rate,"100% Medicare OPPS FS. ",43556,,,,,,,Case Rate,". Primary procedure pays at 100%, secondary at 50%, all subsequent at 25%.  Lesser of applies when negotiated rates exceed charges less addons.",43556,,,,,,,Case Rate,". Primary procedure pays at 100%, secondary at 50%, all subsequent at 25%.  Lesser of applies when negotiated rates exceed charges less addons.",9792.97,,,,,,,Case Rate,"100% Medicare OPPS FS. ",50020,,,,,,,Case Rate,". MPL 100/50/25% maxmium of 3 procedures. All add ons apply, and lesser of 100% of billed charges",10978.39,,,,,,,Case Rate,". MPL 100/50/25% all add ons apply, and lesser of 100% of billed charges",10978.39,,,,,,,Case Rate,". MPL 100/50/25% all add ons apply, and lesser of 100% of billed charges",9792.97,,,,,,,Case Rate,"100% Medicare OPPS FS. ",50020,,,,,,,Case Rate,". MPL 100/50/25% maxmium of 3 procedures. All add ons apply, and lesser of 100% of billed charges",43556,,,,,,,Case Rate,". Primary procedure pays at 100%, secondary at 50%, all subsequent at 25%.  Lesser of applies when negotiated rates exceed charges less addons.",43556,,,,,,,Case Rate,". Primary procedure pays at 100%, secondary at 50%, all subsequent at 25%.  Lesser of applies when negotiated rates exceed charges less addons.",43556,,,,,,,Case Rate,". Primary procedure pays at 100%, secondary at 50%, all subsequent at 25%.  Lesser of applies when negotiated rates exceed charges less addons.",7889.0526,78,,,,,0,percent of total billed charges,78% of Billed Charges. Lesser of 100% of billed charges applies.; No services were performed during the 15 month look back period.,7889.0526,78,,,,,0,percent of total billed charges,78% of Billed Charges. Lesser of 100% of billed charges applies.; No services were performed during the 15 month look back period.,7889.0526,78,,,,,0,percent of total billed charges,78% of Billed Charges. Lesser of 100% of billed charges applies.; No services were performed during the 15 month look back period.,7889.0526,78,,,,,0,percent of total billed charges,78% of Billed Charges. Lesser of 100% of billed charges applies.; No services were performed during the 15 month look back period.,7889.0526,78,,,,,0,percent of total billed charges,78% of Billed Charges. Lesser of 100% of billed charges applies.; No services were performed during the 15 month look back period.,7889.0526,78,,,,,0,percent of total billed charges,78% of Billed Charges. Lesser of 100% of billed charges applies.; No services were performed during the 15 month look back period.,7889.0526,78,,,,,0,percent of total billed charges,78% of Billed Charges. Lesser of 100% of billed charges applies.; No services were performed during the 15 month look back period.,7889.0526,78,,,,,0,percent of total billed charges,78% of Billed Charges. Lesser of 100% of billed charges applies.; No services were performed during the 15 month look back period.,7889.0526,78,,,,,0,percent of total billed charges,78% of Billed Charges. Lesser of 100% of billed charges applies.; No services were performed during the 15 month look back period.,7889.0526,78,,,,,0,percent of total billed charges,78% of Billed Charges. Lesser of 100% of billed charges applies.; No services were performed during the 15 month look back period.,7889.0526,78,,,,,0,percent of total billed charges,78% of Billed Charges. Lesser of 100% of billed charges applies.; No services were performed during the 15 month look back period.,71078,,,,,,,Case Rate,". Primary procedure pays at 100%, all subsequent at 50%.",26526,,,,,,,Case Rate,". MPL 100/50/25% all add ons apply, and lesser of 100% of billed charges",50020,,,,,,,Case Rate,". MPL 100/50/25% maxmium of 3 procedures. All add ons apply, and lesser of 100% of billed charges",9792.97,,,,,,,Case Rate,"100% Medicare OPPS FS. ",43556,,,,,,,Case Rate,". Primary procedure pays at 100%, secondary at 50%, all subsequent at 25%.  Lesser of applies when negotiated rates exceed charges less addons.",50020,,,,,,,Case Rate,". MPL 100/50/25% maxmium of 3 procedures. All add ons apply, and lesser of 100% of billed charges",50020,,,,,,,Case Rate,". MPL 100/50/25% maxmium of 3 procedures. All add ons apply, and lesser of 100% of billed charges",7889.0526,78,,,,,0,percent of total billed charges,78% of Billed Charges. Lesser of 100% of billed charges applies.; No services were performed during the 15 month look back period.,6382.78,,,,,,,Case Rate,"214 Percent of Medicaid APG. Drugs not priced under APG, billed with revenue code 636 and not priced by Medicare ASP FeeSched will be reimbursed at 20% of charges.",50020,,,,,,,Case Rate,". MPL 100/50/25% maxmium of 3 procedures. All add ons apply, and lesser of 100% of billed charges",2982.61,,,,,,,Case Rate,"100 Percent of Medicaid APG. ",9792.97,,,,,,,Case Rate,"100% Medicare OPPS FS. ",9792.97,,,,,,,Case Rate,"100% Medicare OPPS FS. ",9792.97,,,,,,,Case Rate,"100% Medicare OPPS FS. ",9792.97,,,,,,,Case Rate,"100% Medicare OPPS FS. ",9792.97,,,,,,,Case Rate,"100% Medicare OPPS FS. ",9792.97,,,,,,,Case Rate,"100% Medicare OPPS FS. ",50020,,,,,,,Case Rate,". MPL 100/50/25% maxmium of 3 procedures. All add ons apply, and lesser of 100% of billed charges",102512,,,,,,,Case Rate,". MPL 100/75/50% all add ons apply, and lesser of 100% of billed charges",5368.7,,,,,,,Fee Schedule,"180 Percent of Medicaid APG. ",5368.7,,,,,,,Fee Schedule,"180 Percent of Medicaid APG. ",5368.7,,,,,,,Fee Schedule,"180 Percent of Medicaid APG. ",5368.7,,,,,,,Fee Schedule,"180 Percent of Medicaid APG. ",5368.7,,,,,,,Fee Schedule,"180 Percent of Medicaid APG. ",,,,,,,,,"NA. ",102512,,,,,,,Case Rate,". MPL 100/75/50% all add ons apply, and lesser of 100% of billed charges",19390.07,,,,,,,Case Rate,198 Percent of Medicare OPPS. Metroplus will reimburse unlisted codes and described codes with no Medicare rate at 50 percent of charges.,19390.07,,,,,,,Case Rate,198 Percent of Medicare OPPS. Metroplus will reimburse unlisted codes and described codes with no Medicare rate at 50 percent of charges.,19390.07,,,,,,,Case Rate,198 Percent of Medicare OPPS. Metroplus will reimburse unlisted codes and described codes with no Medicare rate at 50 percent of charges.,19390.07,,,,,,,Case Rate,198 Percent of Medicare OPPS. Metroplus will reimburse unlisted codes and described codes with no Medicare rate at 50 percent of charges.,19390.07,,,,,,,Case Rate,198 Percent of Medicare OPPS. Metroplus will reimburse unlisted codes and described codes with no Medicare rate at 50 percent of charges.,9792.97,,,,,,,Case Rate,"100% Medicare OPPS FS. ",71078,,,,,,,Case Rate,". Primary procedure pays at 100%, all subsequent at 50%.",71078,,,,,,,Case Rate,". Primary procedure pays at 100%, all subsequent at 50%.",71078,,,,,,,Case Rate,". Primary procedure pays at 100%, all subsequent at 50%.",71078,,,,,,,Case Rate,". Primary procedure pays at 100%, all subsequent at 50%.",43556,,,,,,,Case Rate,". Primary procedure pays at 100%, secondary at 50%, all subsequent at 25%.  Lesser of applies when negotiated rates exceed charges less addons.",43556,,,,,,,Case Rate,". Primary procedure pays at 100%, secondary at 50%, all subsequent at 25%.  Lesser of applies when negotiated rates exceed charges less addons.",43556,,,,,,,Case Rate,". Primary procedure pays at 100%, secondary at 50%, all subsequent at 25%.  Lesser of applies when negotiated rates exceed charges less addons.",43556,,,,,,,Case Rate,". Primary procedure pays at 100%, secondary at 50%, all subsequent at 25%.  Lesser of applies when negotiated rates exceed charges less addons.",102512,,,,,,,Case Rate,". MPL 100/75/50% all add ons apply, and lesser of 100% of billed charges",102512,,,,,,,Case Rate,". MPL 100/75/50% all add ons apply, and lesser of 100% of billed charges",9792.97,,,,,,,Case Rate,"100% Medicare OPPS FS. ",9792.97,,,,,,,Case Rate,"100% Medicare OPPS FS. ",9792.97,,,,,,,Case Rate,"100% Medicare OPPS FS. ",26526,,,,,,,Case Rate,". MPL 100/50/25% all add ons apply, and lesser of 100% of billed charges",26526,,,,,,,Case Rate,". MPL 100/50/25% all add ons apply, and lesser of 100% of billed charges",26526,,,,,,,Case Rate,". MPL 100/50/25% all add ons apply, and lesser of 100% of billed charges",102512,,,,,,,Case Rate,". MPL 100/75/50% all add ons apply, and lesser of 100% of billed charges",43556,,,,,,,Case Rate,". Primary procedure pays at 100%, secondary at 50%, all subsequent at 25%.  Lesser of applies when negotiated rates exceed charges less addons.",9792.97,,,,,,,Case Rate,"100% Medicare OPPS FS. ",26526,,,,,,,Case Rate,". MPL 100/50/25% all add ons apply, and lesser of 100% of billed charges",2982.61,,,,,,,Case Rate,"100 Percent of Medicaid APG. ",9988.83,,,,,,,Case Rate,"102% of Medicare OPPS. ",9988.83,,,,,,,Case Rate,"102% of Medicare OPPS. ",9988.83,,,,,,,Case Rate,"102% of Medicare OPPS. ",2982.61,,,,,,,Case rate,"100 Percent of Medicaid APG. ",6710.87,,,,,,,Case Rate,225% of NYS APG. Lesser of 100% of billed charges applies.,6710.87,,,,,,,Case Rate,225% of NYS APG. Lesser of 100% of billed charges applies.,6710.87,,,,,,,Case Rate,225% of NYS APG. Lesser of 100% of billed charges applies.,6710.87,,,,,,,Case Rate,225% of NYS APG. Lesser of 100% of billed charges applies.,6710.87,,,,,,,Case Rate,225% of NYS APG. Lesser of 100% of billed charges applies.,9988.83,,,,,,,Case Rate,"102% of Medicare OPPS. ",2982.61,,,,,,,Case Rate,"100 Percent of Medicaid APG. ",3890,,,,,,,Case Rate,100% of PAS. Lesser of 100% of billed charges applies.,6710.87,,,,,,,Case Rate,225% of NYS APG. Lesser of 100% of billed charges applies.,6710.87,,,,,,,Case Rate,225% of NYS APG. Lesser of 100% of billed charges applies.,3890,,,,,,,Case Rate,100% of PAS. Lesser of 100% of billed charges applies.,3890,,,,,,,Case Rate,100% of PAS. Lesser of 100% of billed charges applies.,5368.7,,,,,,,Fee Schedule,"180 Percent of Medicaid APG. ",9792.97,,,,,,,Case Rate,"100% Medicare OPPS FS. ",9792.97,,,,,,,Case Rate,"100% Medicare OPPS FS. ",43556,,,,,,,Case Rate,". Primary procedure pays at 100%, secondary at 50%, all subsequent at 25%.  Lesser of applies when negotiated rates exceed charges less addons.",9792.97,,,,,,,Case Rate,"100% Medicare OPPS FS. ",6710.87,,,,,,,Case Rate,"225 Percent of Medicaid APG. ",6710.87,,,,,,,Case Rate,"225 Percent of Medicaid APG. ",2982.61,,,,,,,Case rate,"100 Percent of Medicaid APG. ",2982.61,,,,,,,Case rate,"100 Percent of Medicaid APG. ",6710.87,,,,,,,Case Rate,225 Percent of Medicaid APG. Covered services not payable under Medicaid Fee Schedules default to a payment of 87.5 percent of charges.,2982.61,,,,,,,Case rate,124 Percent of Medicaid APG. Covered services not payable under Medicaid Fee Schedules default to a payment of 50 percent of charges.,6710.87,,,,,,,Case Rate,"100 Percent of Medicaid APG. ",6710.87,,,,,,,Case Rate,"100 Percent of Medicaid APG. ",6710.87,,,,,,,Case Rate,"100 Percent of Medicaid APG. ",6710.87,,,,,,,Case Rate,"100 Percent of Medicaid APG. ",13453,,,,,,,Case Rate,". MPL 100/75/50% all add ons apply, and lesser of 100% of billed charges",102512,,,,,,,Case Rate,". MPL 100/75/50% all add ons apply, and lesser of 100% of billed charges",3579.13,,,,,,,Case Rate,"120 Percent of Medicaid APG. Not APG payable, or payable under another fee schedule like ASP/AWP pays at 30% of charges",3579.13,,,,,,,Case Rate,"120 Percent of Medicaid APG. Not APG payable, or payable under another fee schedule like ASP/AWP pays at 30% of charges",2982.61,,,,,,,Case Rate,"100 Percent of Medicaid APG. Not APG payable, or payable under another fee schedule like ASP/AWP pays at 30% of charges",2982.61,,,,,,,Case Rate,"100 Percent of Medicaid APG. Not APG payable, or payable under another fee schedule like ASP/AWP pays at 30% of charges",26526,,,,,,,Case Rate,". MPL 100/50/25% all add ons apply, and lesser of 100% of billed charges",26526,,,,,,,Case Rate,". MPL 100/50/25% all add ons apply, and lesser of 100% of billed charges",9792.97,,,,,,,Case Rate,"100% Medicare OPPS FS. ",26526,,,,,,,Case Rate,". MPL 100/50/25% all add ons apply, and lesser of 100% of billed charges",26526,,,,,,,Case Rate,". MPL 100/50/25% all add ons apply, and lesser of 100% of billed charges",26526,,,,,,,Case Rate,". MPL 100/50/25% all add ons apply, and lesser of 100% of billed charges",26526,,,,,,,Case Rate,". MPL 100/50/25% all add ons apply, and lesser of 100% of billed charges",9792.97,,,,,,,Case Rate,"100% Medicare OPPS FS. ",26526,,,,,,,Case Rate,". MPL 100/50/25% all add ons apply, and lesser of 100% of billed charges",26526,,,,,,,Case Rate,". MPL 100/50/25% all add ons apply, and lesser of 100% of billed charges",43556,,,,,,,Case Rate,". Primary procedure pays at 100%, secondary at 50%, all subsequent at 25%.  Lesser of applies when negotiated rates exceed charges less addons.",2982.61,,,,,,,Fee Schedule,100% APG. Lesser of 100% of billed charges applies.,2982.61,,,,,,,Case rate,124 Percent of Medicaid APG. Covered services not payable under Medicaid Fee Schedules default to a payment of 50 percent of charges.,6710.87,,,,,,,Case Rate,225% of NYS APG. Lesser of 100% of billed charges applies.,6710.87,,,,,,,Case Rate,225 Percent of Medicaid APG. Covered services not payable under Medicaid Fee Schedules default to a payment of 87.5 percent of charges.,2982.61,,,,,,,Case rate,124 Percent of Medicaid APG. Covered services not payable under Medicaid Fee Schedules default to a payment of 50 percent of charges.,6710.87,,,,,,,Case Rate,225% of NYS APG. Lesser of 100% of billed charges applies.,6710.87,,,,,,,Case Rate,225% of NYS APG. Lesser of 100% of billed charges applies.,6710.87,,,,,,,Case Rate,225% of NYS APG. Lesser of 100% of billed charges applies.,6710.87,,,,,,,Case Rate,225% of NYS APG. Lesser of 100% of billed charges applies.,6710.87,,,,,,,Case Rate,225% of NYS APG. Lesser of 100% of billed charges applies.,6710.87,,,,,,,Case Rate,225% of NYS APG. Lesser of 100% of billed charges applies.,,,,,,,,,"NA. ",,,,,,,,,"NA. ",,,,,,,,,"NA. ",50020,,,,,,,Case Rate,". MPL 100/50/25% maxmium of 3 procedures. All add ons apply, and lesser of 100% of billed charges",,,,,,,,,"NA. ",9792.97,,,,,,,Case Rate,"100% Medicare OPPS FS. ",5941,,,,,,,Case Rate,". MPL 1st 100% of Payment Rate 50% of all others, all add ons apply, and lesser of 100% of billed charges.",9792.97,,,,,,,Case Rate,"100% Medicare OPPS FS. ",9792.97,,,,,,,Case Rate,"100% Medicare OPPS FS. ",3579.13,,,,,,,Case Rate,"120 Percent of Medicaid APG. Not APG payable, or payable under another fee schedule like ASP/AWP pays at 30% of charges",3579.13,,,,,,,Case Rate,"120 Percent of Medicaid APG. Not APG payable, or payable under another fee schedule like ASP/AWP pays at 30% of charges",2982.61,,,,,,,Case Rate,"100 Percent of Medicaid APG. Not APG payable, or payable under another fee schedule like ASP/AWP pays at 30% of charges",2982.61,,,,,,,Case Rate,"100 Percent of Medicaid APG. Not APG payable, or payable under another fee schedule like ASP/AWP pays at 30% of charges",2982.61,,,,,,,Case Rate,"100 Percent of Medicaid APG. ",46576,,,,,,,Case Rate,". ",43556,,,,,,,Case Rate,". Primary procedure pays at 100%, secondary at 50%, all subsequent at 25%.  Lesser of applies when negotiated rates exceed charges less addons.",54796,,,,,,,Case Rate,". Primary procedure pays at 100%, all subsequent at 50%.",50020,,,,,,,Case Rate,". MPL 100/50/25% maxmium of 3 procedures. All add ons apply, and lesser of 100% of billed charges",9792.97,,,,,,,Case Rate,"100%Medicare OPPS FS. ",9792.97,,,,,,,Case Rate,"100% Medicare OPPS FS. ",9792.97,,,,,,,Case Rate,"100% Medicare OPPS FS. ",9792.97,,,,,,,Case Rate,"100% Medicare OPPS FS. ",9792.97,,,,,,,Case Rate,"100%Medicare OPPS FS. ",9792.97,,,,,,,Case Rate,"100% Medicare OPPS FS. ",,,,,,,,,"NA. ",6710.87,,,,,,,Case Rate,225% of NYS APG. Lesser of 100% of billed charges applies.,3890,,,,,,,Case Rate,100% of PAS. Lesser of 100% of billed charges applies.,26526,,,,,,,Case Rate,". MPL 100/50/25% all add ons apply, and lesser of 100% of billed charges",46576,,,,,,,Case Rate,". ",46576,,,,,,,Case Rate,". ",46576,,,,,,,Case Rate,". ",46576,,,,,,,Case Rate,". ",9792.97,,,,,,,Case Rate,"100% Medicare OPPS FS. ",2982.61,,,,,,,Case Rate,"100 Percent of Medicaid APG. ",26526,,,,,,,Case Rate,". MPL 100/50/25% all add ons apply, and lesser of 100% of billed charges",2982.61,,,,,,,Case Rate,"100 Percent of Medicaid APG. ",9792.97,,,,,,,Case Rate,"100% Medicare OPPS FS. ",2982.61,,,,,,,Case Rate,"100 Percent of Medicaid APG. ",9792.97,,,,,,,Case Rate,"100% Medicare OPPS FS. ",9792.97,,,,,,,Case Rate,"100% Medicare OPPS FS. ",2982.61,,,,,,,Case Rate,"100 Percent of Medicaid APG. ",2982.61,,,,,,,Case Rate,"100 Percent of Medicaid APG. ",46576,,,,,,,Case Rate,". ",50020,,,,,,,Case Rate,". MPL 100/50/25% maxmium of 3 procedures. All add ons apply, and lesser of 100% of billed charges",7889.0526,78,,,,,0,percent of total billed charges,78% of Billed Charges. Lesser of 100% of billed charges applies.; No services were performed during the 15 month look back period.,10978.39,,,,,,,Case Rate,". MPL 100/50/25% all add ons apply, and lesser of 100% of billed charges",10978.39,,,,,,,Case Rate,". MPL 100/50/25% all add ons apply, and lesser of 100% of billed charges",43556,,,,,,,Case Rate,". Primary procedure pays at 100%, secondary at 50%, all subsequent at 25%.  Lesser of applies when negotiated rates exceed charges less addons.",9597.11,,,,,,,Case Rate,"83% HF Fee schedule. ",71078,,,,,,,Case Rate,". Primary procedure pays at 100%, all subsequent at 50%.",71078,,,,,,,Case Rate,". Primary procedure pays at 100%, all subsequent at 50%.",21221,,,,,,,Case Rate,". MPL 100/50/25% all add ons apply, and lesser of 100% of billed charges",21221,,,,,,,Case Rate,". MPL 100/50/25% all add ons apply, and lesser of 100% of billed charges",9792.97,,,,,,,Case Rate,"100% Medicare OPPS FS. ",9792.97,,,,,,,Case Rate,"100% Medicare OPPS FS. ",9792.97,,,,,,,Case Rate,"100% Medicare OPPS FS. ",9792.97,,,,,,,Case Rate,"100% Medicare OPPS FS. ",10978.39,,,,,,,Case Rate,". MPL 100/50/25% all add ons apply, and lesser of 100% of billed charges",26526,,,,,,,Case Rate,". MPL 100/50/25% all add ons apply, and lesser of 100% of billed charges",26526,,,,,,,Case Rate,". MPL 100/50/25% all add ons apply, and lesser of 100% of billed charges",9792.97,,,,,,,Case Rate,"100% Medicare OPPS FS. ",21221,,,,,,,Case Rate,". MPL 100/50/25% all add ons apply, and lesser of 100% of billed charges",54796,,,,,,,Case Rate,". Primary procedure pays at 100%, all subsequent at 50%.",3579.13,,,,,,,Fee Schedule,"120 Percent of Medicaid APG. ",2982.61,,,,,,,Case Rate,"100 Percent of Medicaid APG. ",46576,,,,,,,Case Rate,". ",23873,,,,,,,Case Rate,". MPL 100/50/25% all add ons apply, and lesser of 100% of billed charges",23873,,,,,,,Case Rate,". MPL 100/50/25% all add ons apply, and lesser of 100% of billed charges",26526,,,,,,,Case Rate,". MPL 100/50/25% all add ons apply, and lesser of 100% of billed charges",70631,,,,,,,Case Rate,". MPL 100/75/50% all add ons apply, and lesser of 100% of billed charges",9792.97,,,,,,,Case Rate,"100%Medicare OPPS FS. ",3131.74,,,,,,,Fee Schedule,105 percent of Medicaid APG. otherwise 105% of Ordered NYS MCD FS or 105% of ASP+6%,3131.74,,,,,,,Fee Schedule,105 percent of Medicaid APG. otherwise 105% of Ordered NYS MCD FS or 105% of ASP+6%,3131.74,,,,,,,Fee Schedule,105 percent of Medicaid APG. otherwise 105% of Ordered NYS MCD FS or 105% of ASP+6%,4026.52,,,,,,,Fee Schedule,135 percent of Medicaid APG. otherwise 135% of Ordered NYS MCD FS or 135% of ASP+6%,10978.39,,,,,,,Case Rate,". MPL 100/50/25% all add ons apply, and lesser of 100% of billed charges",3131.74,,,,,,,Fee Schedule,105 percent of Medicaid APG. otherwise 105% of Ordered NYS MCD FS or 105% of ASP+6%,3131.74,,,,,,,Fee Schedule,105 percent of Medicaid APG. otherwise 105% of Ordered NYS MCD FS or 105% of ASP+6%,3131.74,,,,,,,Fee Schedule,105 percent of Medicaid APG. otherwise 105% of Ordered NYS MCD FS or 105% of ASP+6%,3131.74,,,,,,,Fee Schedule,105 percent of Medicaid APG. otherwise 105% of Ordered NYS MCD FS or 105% of ASP+6%,3131.74,,,,,,,Fee Schedule,105 percent of Medicaid APG. otherwise 105% of Ordered NYS MCD FS or 105% of ASP+6%,4026.52,,,,,,,Fee Schedule,135 percent of Medicaid APG. otherwise 135% of Ordered NYS MCD FS or 135% of ASP+6%,4026.52,,,,,,,Fee Schedule,135 percent of Medicaid APG. otherwise 135% of Ordered NYS MCD FS or 135% of ASP+6%,9792.97,,,,,,,Case Rate,"100% Medicare OPPS FS. ",10978.39,,,,,,,Case Rate,". MPL 100/50/25% all add ons apply, and lesser of 100% of billed charges",9792.97,,,,,,,Case Rate,"100% Medicare OPPS FS. ",3131.74,,,,,,,Fee Schedule,105 percent of Medicaid APG. otherwise 105% of Ordered NYS MCD FS or 105% of ASP+6%,26526,,,,,,,Case Rate,". MPL 100/50/25% all add ons apply, and lesser of 100% of billed charges",9792.97,,,,,,,Case Rate,"100% Medicare OPPS FS. ",26526,,,,,,,Case Rate,". MPL 100/50/25% all add ons apply, and lesser of 100% of billed charges",26526,,,,,,,Case Rate,". MPL 100/50/25% all add ons apply, and lesser of 100% of billed charges",26526,,,,,,,Case Rate,". MPL 100/50/25% all add ons apply, and lesser of 100% of billed charges",3131.74,,,,,,,Fee Schedule,105 percent of Medicaid APG. otherwise 105% of Ordered NYS MCD FS or 105% of ASP+6%,9792.97,,,,,,,Case Rate,"100% Medicare OPPS FS. ",26526,,,,,,,Case Rate,". MPL 100/50/25% all add ons apply, and lesser of 100% of billed charges",4026.52,,,,,,,Fee Schedule,135 percent of Medicaid APG. otherwise 135% of Ordered NYS MCD FS or 135% of ASP+6%,26526,,,,,,,Case Rate,". MPL 100/50/25% all add ons apply, and lesser of 100% of billed charges",20228.34,200,,,,,0,Case Rate,200% of Medicare OPPS. ; No services were performed during the 15 month look back period.,9792.97,,,,,,,Case Rate,"100%Medicare OPPS FS. ",46576,,,,,,,Case Rate,". ",46576,,,,,,,Case Rate,". ",46576,,,,,,,Case Rate,". ",46576,,,,,,,Case Rate,". ",46576,,,,,,,Case Rate,". ",54796,,,,,,,Case Rate,". Primary procedure pays at 100%, all subsequent at 50%.",54796,,,,,,,Case Rate,". Primary procedure pays at 100%, all subsequent at 50%.",46576,,,,,,,Case Rate,". ",46576,,,,,,,Case Rate,". ",46576,,,,,,,Case Rate,". ",46576,,,,,,,Case Rate,". ",46576,,,,,,,Case Rate,". ",9792.97,,,,,,,Case Rate,"100% Medicare OPPS FS. ",54796,,,,,,,Case Rate,". Primary procedure pays at 100%, all subsequent at 50%.",9792.97,,,,,,,Case Rate,"100% Medicare OPPS FS. ",6710.87,,,,,,,Case Rate,"225 Percent of Medicaid APG. If not included in Medicaid APG, then 100 Percent of Manhattan Medicare",2982.61,,,,,,,Case Rate,"100 Percent of Medicaid APG. ",10978.39,,,,,,,Case Rate,". MPL 100/50/25% all add ons apply, and lesser of 100% of billed charges",10978.39,,,,,,,Case Rate,". MPL 100/50/25% all add ons apply, and lesser of 100% of billed charges",9792.97,,,,,,,Case Rate,"100% Medicare OPPS FS. ",71078,,,,,,,Case Rate,". Primary procedure pays at 100%, all subsequent at 50%.",9792.97,,,,,,,Case Rate,"100% Medicare OPPS FS. ",9792.97,,,,,,,Case Rate,"100% Medicare OPPS FS. ",43556,,,,,,,Case Rate,". Primary procedure pays at 100%, secondary at 50%, all subsequent at 25%.  Lesser of applies when negotiated rates exceed charges less addons.",9792.97,,,,,,,Case Rate,"100% Medicare OPPS FS. ",50020,,,,,,,Case Rate,". MPL 100/50/25% maxmium of 3 procedures. All add ons apply, and lesser of 100% of billed charges",9792.97,,,,,,,Case Rate,"100% Medicare OPPS FS. ",50020,,,,,,,Case Rate,". MPL 100/50/25% maxmium of 3 procedures. All add ons apply, and lesser of 100% of billed charges",43556,,,,,,,Case Rate,". Primary procedure pays at 100%, secondary at 50%, all subsequent at 25%.  Lesser of applies when negotiated rates exceed charges less addons.",50020,,,,,,,Case Rate,". MPL 100/50/25% maxmium of 3 procedures. All add ons apply, and lesser of 100% of billed charges",9792.97,,,,,,,Case Rate,"100% Medicare OPPS FS. ",2982.61,,,,,,,Case Rate,"100 Percent of Medicaid APG. ",9792.97,,,,,,,Case Rate,"100% Medicare OPPS FS. ",50020,,,,,,,Case Rate,". MPL 100/50/25% maxmium of 3 procedures. All add ons apply, and lesser of 100% of billed charges",10978.39,,,,,,,Case Rate,". MPL 100/50/25% all add ons apply, and lesser of 100% of billed charges",2982.61,,,,,,,Case Rate,"100 Percent of Medicaid APG. ",26526,,,,,,,Case Rate,". MPL 100/50/25% all add ons apply, and lesser of 100% of billed charges",3579.13,,,,,,,Fee Schedule,"120 Percent of Medicaid APG. ",3579.13,,,,,,,Fee Schedule,"120 Percent of Medicaid APG. ",26526,,,,,,,Case Rate,". MPL 100/50/25% all add ons apply, and lesser of 100% of billed charges",26526,,,,,,,Case Rate,". MPL 100/50/25% all add ons apply, and lesser of 100% of billed charges",26526,,,,,,,Case Rate,". MPL 100/50/25% all add ons apply, and lesser of 100% of billed charges",10978.39,,,,,,,Case Rate,". MPL 100/50/25% all add ons apply, and lesser of 100% of billed charges",26526,,,,,,,Case Rate,". MPL 100/50/25% all add ons apply, and lesser of 100% of billed charges",26526,,,,,,,Case Rate,". MPL 100/50/25% all add ons apply, and lesser of 100% of billed charges",26526,,,,,,,Case Rate,". MPL 100/50/25% all add ons apply, and lesser of 100% of billed charges",46576,,,,,,,Case Rate,". ",46576,,,,,,,Case Rate,". ",19390.07,,,,,,,Case Rate,198 Percent of Medicare OPPS. Metroplus will reimburse unlisted codes and described codes with no Medicare rate at 50 percent of charges.,2982.61,,,,,,,Case Rate,"100 Percent of Medicaid APG. ",10978.39,,,,,,,Case Rate,". MPL 100/50/25% all add ons apply, and lesser of 100% of billed charges",50020,,,,,,,Case Rate,". MPL 100/50/25% maxmium of 3 procedures. All add ons apply, and lesser of 100% of billed charges",43556,,,,,,,Case Rate,". Primary procedure pays at 100%, secondary at 50%, all subsequent at 25%.  Lesser of applies when negotiated rates exceed charges less addons.",10978.39,,,,,,,Case Rate,". MPL 100/50/25% all add ons apply, and lesser of 100% of billed charges",43556,,,,,,,Case Rate,". Primary procedure pays at 100%, secondary at 50%, all subsequent at 25%.  Lesser of applies when negotiated rates exceed charges less addons.",10978.39,,,,,,,Case Rate,". MPL 100/50/25% all add ons apply, and lesser of 100% of billed charges",26526,,,,,,,Case Rate,". MPL 100/50/25% all add ons apply, and lesser of 100% of billed charges",26526,,,,,,,Case Rate,". MPL 100/50/25% all add ons apply, and lesser of 100% of billed charges",26526,,,,,,,Case Rate,". MPL 100/50/25% all add ons apply, and lesser of 100% of billed charges",26526,,,,,,,Case Rate,". MPL 100/50/25% all add ons apply, and lesser of 100% of billed charges",9792.97,,,,,,,Case Rate,"100% Medicare OPPS FS. ",2982.61,102512,
33278,CPT,2027582,LOCAL,481,RC,HC RMVL PHRNC NRV STIM SYS,11684.64,2220.0816,both,,,,651.79,,,,,,,Fee Schedule,"100 % 1199 Fee Schedule. ",651.79,,,,,,,Fee Schedule,"100 % 1199 Fee Schedule. ",8442,,,,,,,Case Rate,". Primary procedure pays at 100%, secondary at 50%, all subsequent at 25%.  Lesser of applies when negotiated rates exceed charges less addons.",11684.64,100,,,,,0,percent of total billed charges,100 percent of billed charges; No services were performed during the 15 month look back period.,4069.38,,,,,,,Case Rate,"100% Medicare OPPS FS. ",8442,,,,,,,Case Rate,". Primary procedure pays at 100%, secondary at 50%, all subsequent at 25%.  Lesser of applies when negotiated rates exceed charges less addons.",8442,,,,,,,Case Rate,". Primary procedure pays at 100%, secondary at 50%, all subsequent at 25%.  Lesser of applies when negotiated rates exceed charges less addons.",8442,,,,,,,Case Rate,". Primary procedure pays at 100%, secondary at 50%, all subsequent at 25%.  Lesser of applies when negotiated rates exceed charges less addons.",3066.34,,,,,,,Case Rate,"100 Percent of Medicaid APG. ",2555.29,,,,,,,Case Rate,"100 Percent of Medicaid APG. ",9114.0192,78,,,,,0,percent of total billed charges,78% of Billed Charges. Lesser of 100% of billed charges applies.; No services were performed during the 15 month look back period.,10978.39,,,,,,,Case Rate,". MPL 100/50/25% all add ons apply, and lesser of 100% of billed charges",2555.29,,,,,,,Case Rate,"100 Percent of Medicaid APG. ",4069.38,,,,,,,Case Rate,"100% Medicare OPPS FS. ",7010.784,60,,,,,0,percent of total billed charges,60 percent of billed charges; No services were performed during the 15 month look back period.,7010.784,60,,,,,0,percent of total billed charges,60 percent of billed charges; No services were performed during the 15 month look back period.,7010.784,60,,,,,0,percent of total billed charges,60 percent of billed charges; No services were performed during the 15 month look back period.,7010.784,60,,,,,0,percent of total billed charges,60 percent of billed charges; No services were performed during the 15 month look back period.,602.32,,,,,,,Fee schedule,90 Percent of Medicare RBRVS. Covered services not payable under Medicaid Fee Schedules default to a payment of 50 percent of charges.,4069.38,,,,,,,Case Rate,"100% Medicare OPPS FS. ",602.32,,,,,,,Fee schedule,90 Percent of Medicare RBRVS. Covered services not payable under Medicaid Fee Schedules default to a payment of 50 percent of charges.,9114.0192,78,,,,,0,percent of total billed charges,78% of Billed Charges. Lesser of 100% of billed charges applies.; No services were performed during the 15 month look back period.,8442,,,,,,,Case Rate,". Primary procedure pays at 100%, secondary at 50%, all subsequent at 25%.  Lesser of applies when negotiated rates exceed charges less addons.",4069.38,,,,,,,Case Rate,"100%Medicare OPPS FS. ",54796,,,,,,,Case Rate,". Primary procedure pays at 100%, all subsequent at 50%.",4069.38,,,,,,,Case Rate,"100%Medicare OPPS FS. ",4069.38,,,,,,,Case Rate,"100%Medicare OPPS FS. ",9114.0192,78,,,,,0,percent of total billed charges,78% of Billed Charges. Lesser of 100% of billed charges applies.; No services were performed during the 15 month look back period.,602.32,,,,,,,Fee Schedule,90 Percent of Medicare RBRVS. Lesser of 100% of billed charges applies.,602.32,,,,,,,Fee Schedule,90 Percent of Medicare RBRVS. Lesser of 100% of billed charges applies.,2555.29,,,,,,,Case rate,"100 Percent of Medicaid APG. ",2555.29,,,,,,,Case rate,"100 Percent of Medicaid APG. ",54796,,,,,,,Case Rate,". Primary procedure pays at 100%, all subsequent at 50%.",54796,,,,,,,Case Rate,". Primary procedure pays at 100%, all subsequent at 50%.",2555.29,,,,,,,Case Rate,"100 Percent of Medicaid APG. Not APG payable, or payable under another fee schedule like ASP/AWP pays at 30% of charges",54796,,,,,,,Case Rate,". Primary procedure pays at 100%, all subsequent at 50%.",2555.29,,,,,,,Case Rate,"100 Percent of Medicaid APG. Not APG payable, or payable under another fee schedule like ASP/AWP pays at 30% of charges",4069.38,,,,,,,Case Rate,"100%Medicare OPPS FS. ",54796,,,,,,,Case Rate,". Primary procedure pays at 100%, all subsequent at 50%.",9114.0192,78,,,,,0,percent of total billed charges,78% of Billed Charges. Lesser of 100% of billed charges applies.; No services were performed during the 15 month look back period.,2555.29,,,,,,,Case Rate,"100 Percent of Medicaid APG. ",2555.29,,,,,,,Case Rate,"100 Percent of Medicaid APG. ",9114.0192,78,,,,,0,percent of total billed charges,78% of Billed Charges. Lesser of 100% of billed charges applies.; No services were performed during the 15 month look back period.,7010.784,60,,,,,0,percent of total billed charges,60 percent of billed charges; No services were performed during the 15 month look back period.,9645,,,,,,,Case Rate,". MPL 100/50/25% all add ons apply, and lesser of 100% of billed charges",9645,,,,,,,Case Rate,". MPL 100/50/25% all add ons apply, and lesser of 100% of billed charges",9114.0192,78,,,,,0,percent of total billed charges,78% of Billed Charges. Lesser of 100% of billed charges applies.; No services were performed during the 15 month look back period.,4069.38,,,,,,,Case Rate,"100% Medicare OPPS FS. ",10978.39,,,,,,,Case Rate,". MPL 100/50/25% all add ons apply, and lesser of 100% of billed charges",10978.39,,,,,,,Case Rate,". MPL 100/50/25% all add ons apply, and lesser of 100% of billed charges",10978.39,,,,,,,Case Rate,". MPL 100/50/25% all add ons apply, and lesser of 100% of billed charges",4069.38,,,,,,,Case Rate,"100% Medicare OPPS FS. ",10978.39,,,,,,,Case Rate,". MPL 100/50/25% all add ons apply, and lesser of 100% of billed charges",10978.39,,,,,,,Case Rate,". MPL 100/50/25% all add ons apply, and lesser of 100% of billed charges",4069.38,,,,,,,Case Rate,"100% of Medicare OPPS. ",5842.32,50,,,,,0,percent of total billed charges,50 percent of billed charges; No services were performed during the 15 month look back period.,13586,,,,,,,Case Rate,". MPL 100/50/25% all add ons apply, and lesser of 100% of billed charges",13586,,,,,,,Case Rate,". MPL 100/50/25% all add ons apply, and lesser of 100% of billed charges",13586,,,,,,,Case Rate,". MPL 100/50/25% all add ons apply, and lesser of 100% of billed charges",13586,,,,,,,Case Rate,". MPL 100/50/25% all add ons apply, and lesser of 100% of billed charges",13586,,,,,,,Case Rate,". MPL 100/50/25% all add ons apply, and lesser of 100% of billed charges",13586,,,,,,,Case Rate,". MPL 100/50/25% all add ons apply, and lesser of 100% of billed charges",4069.38,,,,,,,Case Rate,"100% Medicare OPPS FS. ",4069.38,,,,,,,Case Rate,"100% Medicare OPPS FS. ",13586,,,,,,,Case Rate,". MPL 100/50/25% all add ons apply, and lesser of 100% of billed charges",9114.0192,78,,,,,0,percent of total billed charges,78% of Billed Charges. Lesser of 100% of billed charges applies.; No services were performed during the 15 month look back period.,9114.0192,78,,,,,0,percent of total billed charges,78% of Billed Charges. Lesser of 100% of billed charges applies.; No services were performed during the 15 month look back period.,9114.0192,78,,,,,0,percent of total billed charges,78% of Billed Charges. Lesser of 100% of billed charges applies.; No services were performed during the 15 month look back period.,9114.0192,78,,,,,0,percent of total billed charges,78% of Billed Charges. Lesser of 100% of billed charges applies.; No services were performed during the 15 month look back period.,9114.0192,78,,,,,0,percent of total billed charges,78% of Billed Charges. Lesser of 100% of billed charges applies.; No services were performed during the 15 month look back period.,9114.0192,78,,,,,0,percent of total billed charges,78% of Billed Charges. Lesser of 100% of billed charges applies.; No services were performed during the 15 month look back period.,9114.0192,78,,,,,0,percent of total billed charges,78% of Billed Charges. Lesser of 100% of billed charges applies.; No services were performed during the 15 month look back period.,9114.0192,78,,,,,0,percent of total billed charges,78% of Billed Charges. Lesser of 100% of billed charges applies.; No services were performed during the 15 month look back period.,9114.0192,78,,,,,0,percent of total billed charges,78% of Billed Charges. Lesser of 100% of billed charges applies.; No services were performed during the 15 month look back period.,9114.0192,78,,,,,0,percent of total billed charges,78% of Billed Charges. Lesser of 100% of billed charges applies.; No services were performed during the 15 month look back period.,9114.0192,78,,,,,0,percent of total billed charges,78% of Billed Charges. Lesser of 100% of billed charges applies.; No services were performed during the 15 month look back period.,9114.0192,78,,,,,0,percent of total billed charges,78% of Billed Charges. Lesser of 100% of billed charges applies.; No services were performed during the 15 month look back period.,9114.0192,78,,,,,0,percent of total billed charges,78% of Billed Charges. Lesser of 100% of billed charges applies.; No services were performed during the 15 month look back period.,9114.0192,78,,,,,0,percent of total billed charges,78% of Billed Charges. Lesser of 100% of billed charges applies.; No services were performed during the 15 month look back period.,9114.0192,78,,,,,0,percent of total billed charges,78% of Billed Charges. Lesser of 100% of billed charges applies.; No services were performed during the 15 month look back period.,9114.0192,78,,,,,0,percent of total billed charges,78% of Billed Charges. Lesser of 100% of billed charges applies.; No services were performed during the 15 month look back period.,9114.0192,78,,,,,0,percent of total billed charges,78% of Billed Charges. Lesser of 100% of billed charges applies.; No services were performed during the 15 month look back period.,9114.0192,78,,,,,0,percent of total billed charges,78% of Billed Charges. Lesser of 100% of billed charges applies.; No services were performed during the 15 month look back period.,9114.0192,78,,,,,0,percent of total billed charges,78% of Billed Charges. Lesser of 100% of billed charges applies.; No services were performed during the 15 month look back period.,9114.0192,78,,,,,0,percent of total billed charges,78% of Billed Charges. Lesser of 100% of billed charges applies.; No services were performed during the 15 month look back period.,9114.0192,78,,,,,0,percent of total billed charges,78% of Billed Charges. Lesser of 100% of billed charges applies.; No services were performed during the 15 month look back period.,9114.0192,78,,,,,0,percent of total billed charges,78% of Billed Charges. Lesser of 100% of billed charges applies.; No services were performed during the 15 month look back period.,9114.0192,78,,,,,0,percent of total billed charges,78% of Billed Charges. Lesser of 100% of billed charges applies.; No services were performed during the 15 month look back period.,9114.0192,78,,,,,0,percent of total billed charges,78% of Billed Charges. Lesser of 100% of billed charges applies.; No services were performed during the 15 month look back period.,9114.0192,78,,,,,0,percent of total billed charges,78% of Billed Charges. Lesser of 100% of billed charges applies.; No services were performed during the 15 month look back period.,9114.0192,78,,,,,0,percent of total billed charges,78% of Billed Charges. Lesser of 100% of billed charges applies.; No services were performed during the 15 month look back period.,54796,,,,,,,Case Rate,". Primary procedure pays at 100%, all subsequent at 50%.",54796,,,,,,,Case Rate,". Primary procedure pays at 100%, all subsequent at 50%.",54796,,,,,,,Case Rate,". Primary procedure pays at 100%, all subsequent at 50%.",54796,,,,,,,Case Rate,". Primary procedure pays at 100%, all subsequent at 50%.",71078,,,,,,,Case Rate,". Primary procedure pays at 100%, all subsequent at 50%.",71078,,,,,,,Case Rate,". Primary procedure pays at 100%, all subsequent at 50%.",7010.784,60,,,,,0,percent of total billed charges,60 percent of billed charges; No services were performed during the 15 month look back period.,13586,,,,,,,Case Rate,". MPL 100/50/25% all add ons apply, and lesser of 100% of billed charges",10978.39,,,,,,,Case Rate,". MPL 100/50/25% all add ons apply, and lesser of 100% of billed charges",13586,,,,,,,Case Rate,". MPL 100/50/25% all add ons apply, and lesser of 100% of billed charges",9114.0192,78,,,,,0,percent of total billed charges,78% of Billed Charges. Lesser of 100% of billed charges applies.; No services were performed during the 15 month look back period.,71078,,,,,,,Case Rate,". Primary procedure pays at 100%, all subsequent at 50%.",13586,,,,,,,Case Rate,". MPL 100/50/25% all add ons apply, and lesser of 100% of billed charges",10978.39,,,,,,,Case Rate,". MPL 100/50/25% all add ons apply, and lesser of 100% of billed charges",7010.784,60,,,,,0,percent of total billed charges,60 percent of billed charges; No services were performed during the 15 month look back period.,,,,,,,,,"NA. ",9114.0192,78,,,,,0,percent of total billed charges,78% of Billed Charges. Lesser of 100% of billed charges applies.; No services were performed during the 15 month look back period.,2555.29,,,,,,,Case Rate,"100 Percent of Medicaid APG. ",54796,,,,,,,Case Rate,". Primary procedure pays at 100%, all subsequent at 50%.",2555.29,,,,,,,Case Rate,"100 Percent of Medicaid APG. Not APG payable, or payable under another fee schedule like ASP/AWP pays at 30% of charges",4069.38,,,,,,,Case Rate,"100%Medicare OPPS FS. ",4069.38,,,,,,,Case Rate,"100% Medicare OPPS FS. ",5842.32,50,,,,,0,percent of total billed charges,50 percent of billed charges; No services were performed during the 15 month look back period.,4069.38,,,,,,,Case Rate,"100% Medicare OPPS FS. ",4069.38,,,,,,,Case Rate,"100% Medicare OPPS FS. ",2555.29,,,,,,,Case Rate,"100 Percent of Medicaid APG. ",4069.38,,,,,,,Case Rate,"100% Medicare OPPS FS. ",4069.38,,,,,,,Case Rate,"100% Medicare OPPS FS. ",8442,,,,,,,Case Rate,". Primary procedure pays at 100%, secondary at 50%, all subsequent at 25%.  Lesser of applies when negotiated rates exceed charges less addons.",8442,,,,,,,Case Rate,". Primary procedure pays at 100%, secondary at 50%, all subsequent at 25%.  Lesser of applies when negotiated rates exceed charges less addons.",4069.38,,,,,,,Case Rate,"100% Medicare OPPS FS. ",7010.784,60,,,,,0,percent of total billed charges,60 percent of billed charges; No services were performed during the 15 month look back period.,10978.39,,,,,,,Case Rate,". MPL 100/50/25% all add ons apply, and lesser of 100% of billed charges",10978.39,,,,,,,Case Rate,". MPL 100/50/25% all add ons apply, and lesser of 100% of billed charges",4069.38,,,,,,,Case Rate,"100% Medicare OPPS FS. ",7010.784,60,,,,,0,percent of total billed charges,60 percent of billed charges; No services were performed during the 15 month look back period.,8442,,,,,,,Case Rate,". Primary procedure pays at 100%, secondary at 50%, all subsequent at 25%.  Lesser of applies when negotiated rates exceed charges less addons.",8442,,,,,,,Case Rate,". Primary procedure pays at 100%, secondary at 50%, all subsequent at 25%.  Lesser of applies when negotiated rates exceed charges less addons.",8442,,,,,,,Case Rate,". Primary procedure pays at 100%, secondary at 50%, all subsequent at 25%.  Lesser of applies when negotiated rates exceed charges less addons.",9114.0192,78,,,,,0,percent of total billed charges,78% of Billed Charges. Lesser of 100% of billed charges applies.; No services were performed during the 15 month look back period.,9114.0192,78,,,,,0,percent of total billed charges,78% of Billed Charges. Lesser of 100% of billed charges applies.; No services were performed during the 15 month look back period.,9114.0192,78,,,,,0,percent of total billed charges,78% of Billed Charges. Lesser of 100% of billed charges applies.; No services were performed during the 15 month look back period.,9114.0192,78,,,,,0,percent of total billed charges,78% of Billed Charges. Lesser of 100% of billed charges applies.; No services were performed during the 15 month look back period.,9114.0192,78,,,,,0,percent of total billed charges,78% of Billed Charges. Lesser of 100% of billed charges applies.; No services were performed during the 15 month look back period.,9114.0192,78,,,,,0,percent of total billed charges,78% of Billed Charges. Lesser of 100% of billed charges applies.; No services were performed during the 15 month look back period.,9114.0192,78,,,,,0,percent of total billed charges,78% of Billed Charges. Lesser of 100% of billed charges applies.; No services were performed during the 15 month look back period.,9114.0192,78,,,,,0,percent of total billed charges,78% of Billed Charges. Lesser of 100% of billed charges applies.; No services were performed during the 15 month look back period.,9114.0192,78,,,,,0,percent of total billed charges,78% of Billed Charges. Lesser of 100% of billed charges applies.; No services were performed during the 15 month look back period.,9114.0192,78,,,,,0,percent of total billed charges,78% of Billed Charges. Lesser of 100% of billed charges applies.; No services were performed during the 15 month look back period.,9114.0192,78,,,,,0,percent of total billed charges,78% of Billed Charges. Lesser of 100% of billed charges applies.; No services were performed during the 15 month look back period.,71078,,,,,,,Case Rate,". Primary procedure pays at 100%, all subsequent at 50%.",13586,,,,,,,Case Rate,". MPL 100/50/25% all add ons apply, and lesser of 100% of billed charges",7010.784,60,,,,,0,percent of total billed charges,60 percent of billed charges; No services were performed during the 15 month look back period.,4069.38,,,,,,,Case Rate,"100% Medicare OPPS FS. ",8442,,,,,,,Case Rate,". Primary procedure pays at 100%, secondary at 50%, all subsequent at 25%.  Lesser of applies when negotiated rates exceed charges less addons.",7010.784,60,,,,,0,percent of total billed charges,60 percent of billed charges; No services were performed during the 15 month look back period.,7010.784,60,,,,,0,percent of total billed charges,60 percent of billed charges; No services were performed during the 15 month look back period.,9114.0192,78,,,,,0,percent of total billed charges,78% of Billed Charges. Lesser of 100% of billed charges applies.; No services were performed during the 15 month look back period.,5468.31,,,,,,,Case Rate,"214 Percent of Medicaid APG. Drugs not priced under APG, billed with revenue code 636 and not priced by Medicare ASP FeeSched will be reimbursed at 20% of charges.",7010.784,60,,,,,0,percent of total billed charges,60 percent of billed charges; No services were performed during the 15 month look back period.,2555.29,,,,,,,Case Rate,"100 Percent of Medicaid APG. ",4069.38,,,,,,,Case Rate,"100% Medicare OPPS FS. ",4069.38,,,,,,,Case Rate,"100% Medicare OPPS FS. ",4069.38,,,,,,,Case Rate,"100% Medicare OPPS FS. ",4069.38,,,,,,,Case Rate,"100% Medicare OPPS FS. ",4069.38,,,,,,,Case Rate,"100% Medicare OPPS FS. ",4069.38,,,,,,,Case Rate,"100% Medicare OPPS FS. ",7010.784,60,,,,,0,percent of total billed charges,60 percent of billed charges; No services were performed during the 15 month look back period.,5842.32,50,,,,,0,percent of total billed charges,50 percent of billed charges; No services were performed during the 15 month look back period.,1070.78,,,,,,,Fee Schedule,"160 Percent of Medicare RBRVS. ",1070.78,,,,,,,Fee Schedule,"160 Percent of Medicare RBRVS. ",1070.78,,,,,,,Fee Schedule,"160 Percent of Medicare RBRVS. ",1070.78,,,,,,,Fee Schedule,"160 Percent of Medicare RBRVS. ",1070.78,,,,,,,Fee Schedule,"160 Percent of Medicare RBRVS. ",,,,,,,,,"NA. ",5842.32,50,,,,,0,percent of total billed charges,50 percent of billed charges; No services were performed during the 15 month look back period.,8057.37,,,,,,,Case Rate,198 Percent of Medicare OPPS. Metroplus will reimburse unlisted codes and described codes with no Medicare rate at 50 percent of charges.,8057.37,,,,,,,Case Rate,198 Percent of Medicare OPPS. Metroplus will reimburse unlisted codes and described codes with no Medicare rate at 50 percent of charges.,8057.37,,,,,,,Case Rate,198 Percent of Medicare OPPS. Metroplus will reimburse unlisted codes and described codes with no Medicare rate at 50 percent of charges.,8057.37,,,,,,,Case Rate,198 Percent of Medicare OPPS. Metroplus will reimburse unlisted codes and described codes with no Medicare rate at 50 percent of charges.,8057.37,,,,,,,Case Rate,198 Percent of Medicare OPPS. Metroplus will reimburse unlisted codes and described codes with no Medicare rate at 50 percent of charges.,4069.38,,,,,,,Case Rate,"100% Medicare OPPS FS. ",71078,,,,,,,Case Rate,". Primary procedure pays at 100%, all subsequent at 50%.",71078,,,,,,,Case Rate,". Primary procedure pays at 100%, all subsequent at 50%.",71078,,,,,,,Case Rate,". Primary procedure pays at 100%, all subsequent at 50%.",71078,,,,,,,Case Rate,". Primary procedure pays at 100%, all subsequent at 50%.",8442,,,,,,,Case Rate,". Primary procedure pays at 100%, secondary at 50%, all subsequent at 25%.  Lesser of applies when negotiated rates exceed charges less addons.",8442,,,,,,,Case Rate,". Primary procedure pays at 100%, secondary at 50%, all subsequent at 25%.  Lesser of applies when negotiated rates exceed charges less addons.",8442,,,,,,,Case Rate,". Primary procedure pays at 100%, secondary at 50%, all subsequent at 25%.  Lesser of applies when negotiated rates exceed charges less addons.",8442,,,,,,,Case Rate,". Primary procedure pays at 100%, secondary at 50%, all subsequent at 25%.  Lesser of applies when negotiated rates exceed charges less addons.",5842.32,50,,,,,0,percent of total billed charges,50 percent of billed charges; No services were performed during the 15 month look back period.,5842.32,50,,,,,0,percent of total billed charges,50 percent of billed charges; No services were performed during the 15 month look back period.,4069.38,,,,,,,Case Rate,"100% Medicare OPPS FS. ",4069.38,,,,,,,Case Rate,"100% Medicare OPPS FS. ",4069.38,,,,,,,Case Rate,"100% Medicare OPPS FS. ",13586,,,,,,,Case Rate,". MPL 100/50/25% all add ons apply, and lesser of 100% of billed charges",13586,,,,,,,Case Rate,". MPL 100/50/25% all add ons apply, and lesser of 100% of billed charges",13586,,,,,,,Case Rate,". MPL 100/50/25% all add ons apply, and lesser of 100% of billed charges",5842.32,50,,,,,0,percent of total billed charges,50 percent of billed charges; No services were performed during the 15 month look back period.,8442,,,,,,,Case Rate,". Primary procedure pays at 100%, secondary at 50%, all subsequent at 25%.  Lesser of applies when negotiated rates exceed charges less addons.",4069.38,,,,,,,Case Rate,"100% Medicare OPPS FS. ",13586,,,,,,,Case Rate,". MPL 100/50/25% all add ons apply, and lesser of 100% of billed charges",2555.29,,,,,,,Case Rate,"100 Percent of Medicaid APG. ",4150.77,,,,,,,Case Rate,"102% of Medicare OPPS. ",4150.77,,,,,,,Case Rate,"102% of Medicare OPPS. ",4150.77,,,,,,,Case Rate,"102% of Medicare OPPS. ",2555.29,,,,,,,Case rate,"100 Percent of Medicaid APG. ",5749.39,,,,,,,Case Rate,225% of NYS APG. Lesser of 100% of billed charges applies.,5749.39,,,,,,,Case Rate,225% of NYS APG. Lesser of 100% of billed charges applies.,5749.39,,,,,,,Case Rate,225% of NYS APG. Lesser of 100% of billed charges applies.,5749.39,,,,,,,Case Rate,225% of NYS APG. Lesser of 100% of billed charges applies.,5749.39,,,,,,,Case Rate,225% of NYS APG. Lesser of 100% of billed charges applies.,4150.77,,,,,,,Case Rate,"102% of Medicare OPPS. ",2555.29,,,,,,,Case Rate,"100 Percent of Medicaid APG. ",602.32,,,,,,,Fee Schedule,90 Percent of Medicare RBRVS. Lesser of 100% of billed charges applies.,5749.39,,,,,,,Case Rate,225% of NYS APG. Lesser of 100% of billed charges applies.,5749.39,,,,,,,Case Rate,225% of NYS APG. Lesser of 100% of billed charges applies.,602.32,,,,,,,Fee Schedule,90 Percent of Medicare RBRVS. Lesser of 100% of billed charges applies.,602.32,,,,,,,Fee Schedule,90 Percent of Medicare RBRVS. Lesser of 100% of billed charges applies.,1070.78,,,,,,,Fee Schedule,"160 Percent of Medicare RBRVS. ",4069.38,,,,,,,Case Rate,"100% Medicare OPPS FS. ",4069.38,,,,,,,Case Rate,"100% Medicare OPPS FS. ",8442,,,,,,,Case Rate,". Primary procedure pays at 100%, secondary at 50%, all subsequent at 25%.  Lesser of applies when negotiated rates exceed charges less addons.",4069.38,,,,,,,Case Rate,"100% Medicare OPPS FS. ",5749.39,,,,,,,Case Rate,"225 Percent of Medicaid APG. ",5749.39,,,,,,,Case Rate,"225 Percent of Medicaid APG. ",2555.29,,,,,,,Case rate,"100 Percent of Medicaid APG. ",2555.29,,,,,,,Case rate,"100 Percent of Medicaid APG. ",5749.39,,,,,,,Case Rate,225 Percent of Medicaid APG. Covered services not payable under Medicaid Fee Schedules default to a payment of 87.5 percent of charges.,602.32,,,,,,,Fee schedule,90 Percent of Medicare RBRVS. Covered services not payable under Medicaid Fee Schedules default to a payment of 50 percent of charges.,5749.39,,,,,,,Case Rate,"100 Percent of Medicaid APG. ",5749.39,,,,,,,Case Rate,"100 Percent of Medicaid APG. ",5749.39,,,,,,,Case Rate,"100 Percent of Medicaid APG. ",5749.39,,,,,,,Case Rate,"100 Percent of Medicaid APG. ",,,,,,,,,,5842.32,50,,,,,0,percent of total billed charges,50 percent of billed charges; No services were performed during the 15 month look back period.,3066.34,,,,,,,Case Rate,"120 Percent of Medicaid APG. Not APG payable, or payable under another fee schedule like ASP/AWP pays at 30% of charges",3066.34,,,,,,,Case Rate,"120 Percent of Medicaid APG. Not APG payable, or payable under another fee schedule like ASP/AWP pays at 30% of charges",2555.29,,,,,,,Case Rate,"100 Percent of Medicaid APG. Not APG payable, or payable under another fee schedule like ASP/AWP pays at 30% of charges",2555.29,,,,,,,Case Rate,"100 Percent of Medicaid APG. Not APG payable, or payable under another fee schedule like ASP/AWP pays at 30% of charges",13586,,,,,,,Case Rate,". MPL 100/50/25% all add ons apply, and lesser of 100% of billed charges",13586,,,,,,,Case Rate,". MPL 100/50/25% all add ons apply, and lesser of 100% of billed charges",4069.38,,,,,,,Case Rate,"100% Medicare OPPS FS. ",13586,,,,,,,Case Rate,". MPL 100/50/25% all add ons apply, and lesser of 100% of billed charges",13586,,,,,,,Case Rate,". MPL 100/50/25% all add ons apply, and lesser of 100% of billed charges",13586,,,,,,,Case Rate,". MPL 100/50/25% all add ons apply, and lesser of 100% of billed charges",13586,,,,,,,Case Rate,". MPL 100/50/25% all add ons apply, and lesser of 100% of billed charges",4069.38,,,,,,,Case Rate,"100% Medicare OPPS FS. ",13586,,,,,,,Case Rate,". MPL 100/50/25% all add ons apply, and lesser of 100% of billed charges",13586,,,,,,,Case Rate,". MPL 100/50/25% all add ons apply, and lesser of 100% of billed charges",8442,,,,,,,Case Rate,". Primary procedure pays at 100%, secondary at 50%, all subsequent at 25%.  Lesser of applies when negotiated rates exceed charges less addons.",2555.29,,,,,,,Fee Schedule,100% APG. Lesser of 100% of billed charges applies.,602.32,,,,,,,Fee schedule,90 Percent of Medicare RBRVS. Covered services not payable under Medicaid Fee Schedules default to a payment of 50 percent of charges.,5749.39,,,,,,,Case Rate,225% of NYS APG. Lesser of 100% of billed charges applies.,5749.39,,,,,,,Case Rate,225 Percent of Medicaid APG. Covered services not payable under Medicaid Fee Schedules default to a payment of 87.5 percent of charges.,602.32,,,,,,,Fee schedule,90 Percent of Medicare RBRVS. Covered services not payable under Medicaid Fee Schedules default to a payment of 50 percent of charges.,5749.39,,,,,,,Case Rate,225% of NYS APG. Lesser of 100% of billed charges applies.,5749.39,,,,,,,Case Rate,225% of NYS APG. Lesser of 100% of billed charges applies.,5749.39,,,,,,,Case Rate,225% of NYS APG. Lesser of 100% of billed charges applies.,5749.39,,,,,,,Case Rate,225% of NYS APG. Lesser of 100% of billed charges applies.,5749.39,,,,,,,Case Rate,225% of NYS APG. Lesser of 100% of billed charges applies.,5749.39,,,,,,,Case Rate,225% of NYS APG. Lesser of 100% of billed charges applies.,,,,,,,,,"NA. ",,,,,,,,,"NA. ",,,,,,,,,"NA. ",7010.784,60,,,,,0,percent of total billed charges,60 percent of billed charges; No services were performed during the 15 month look back period.,,,,,,,,,"NA. ",4069.38,,,,,,,Case Rate,"100% Medicare OPPS FS. ",651.79,,,,,,,Fee Schedule,"100 % 1199 Fee Schedule. ",4069.38,,,,,,,Case Rate,"100% Medicare OPPS FS. ",4069.38,,,,,,,Case Rate,"100% Medicare OPPS FS. ",3066.34,,,,,,,Case Rate,"120 Percent of Medicaid APG. Not APG payable, or payable under another fee schedule like ASP/AWP pays at 30% of charges",3066.34,,,,,,,Case Rate,"120 Percent of Medicaid APG. Not APG payable, or payable under another fee schedule like ASP/AWP pays at 30% of charges",2555.29,,,,,,,Case Rate,"100 Percent of Medicaid APG. Not APG payable, or payable under another fee schedule like ASP/AWP pays at 30% of charges",2555.29,,,,,,,Case Rate,"100 Percent of Medicaid APG. Not APG payable, or payable under another fee schedule like ASP/AWP pays at 30% of charges",2555.29,,,,,,,Case Rate,"100 Percent of Medicaid APG. ",46576,,,,,,,Case Rate,". ",8442,,,,,,,Case Rate,". Primary procedure pays at 100%, secondary at 50%, all subsequent at 25%.  Lesser of applies when negotiated rates exceed charges less addons.",54796,,,,,,,Case Rate,". Primary procedure pays at 100%, all subsequent at 50%.",7010.784,60,,,,,0,percent of total billed charges,60 percent of billed charges; No services were performed during the 15 month look back period.,4069.38,,,,,,,Case Rate,"100%Medicare OPPS FS. ",4069.38,,,,,,,Case Rate,"100% Medicare OPPS FS. ",4069.38,,,,,,,Case Rate,"100% Medicare OPPS FS. ",4069.38,,,,,,,Case Rate,"100% Medicare OPPS FS. ",4069.38,,,,,,,Case Rate,"100%Medicare OPPS FS. ",4069.38,,,,,,,Case Rate,"100% Medicare OPPS FS. ",,,,,,,,,"NA. ",5749.39,,,,,,,Case Rate,225% of NYS APG. Lesser of 100% of billed charges applies.,602.32,,,,,,,Fee Schedule,90 Percent of Medicare RBRVS. Lesser of 100% of billed charges applies.,13586,,,,,,,Case Rate,". MPL 100/50/25% all add ons apply, and lesser of 100% of billed charges",46576,,,,,,,Case Rate,". ",46576,,,,,,,Case Rate,". ",46576,,,,,,,Case Rate,". ",46576,,,,,,,Case Rate,". ",4069.38,,,,,,,Case Rate,"100% Medicare OPPS FS. ",2555.29,,,,,,,Case Rate,"100 Percent of Medicaid APG. ",13586,,,,,,,Case Rate,". MPL 100/50/25% all add ons apply, and lesser of 100% of billed charges",2555.29,,,,,,,Case Rate,"100 Percent of Medicaid APG. ",4069.38,,,,,,,Case Rate,"100% Medicare OPPS FS. ",2555.29,,,,,,,Case Rate,"100 Percent of Medicaid APG. ",4069.38,,,,,,,Case Rate,"100% Medicare OPPS FS. ",4069.38,,,,,,,Case Rate,"100% Medicare OPPS FS. ",2555.29,,,,,,,Case Rate,"100 Percent of Medicaid APG. ",2555.29,,,,,,,Case Rate,"100 Percent of Medicaid APG. ",46576,,,,,,,Case Rate,". ",7010.784,60,,,,,0,percent of total billed charges,60 percent of billed charges; No services were performed during the 15 month look back period.,9114.0192,78,,,,,0,percent of total billed charges,78% of Billed Charges. Lesser of 100% of billed charges applies.; No services were performed during the 15 month look back period.,10978.39,,,,,,,Case Rate,". MPL 100/50/25% all add ons apply, and lesser of 100% of billed charges",10978.39,,,,,,,Case Rate,". MPL 100/50/25% all add ons apply, and lesser of 100% of billed charges",8442,,,,,,,Case Rate,". Primary procedure pays at 100%, secondary at 50%, all subsequent at 25%.  Lesser of applies when negotiated rates exceed charges less addons.",1867,,,,,,,Case Rate,"83% HF Fee schedule. ",71078,,,,,,,Case Rate,". Primary procedure pays at 100%, all subsequent at 50%.",71078,,,,,,,Case Rate,". Primary procedure pays at 100%, all subsequent at 50%.",10869,,,,,,,Case Rate,". MPL 100/50/25% all add ons apply, and lesser of 100% of billed charges",10869,,,,,,,Case Rate,". MPL 100/50/25% all add ons apply, and lesser of 100% of billed charges",4069.38,,,,,,,Case Rate,"100% Medicare OPPS FS. ",4069.38,,,,,,,Case Rate,"100% Medicare OPPS FS. ",4069.38,,,,,,,Case Rate,"100% Medicare OPPS FS. ",4069.38,,,,,,,Case Rate,"100% Medicare OPPS FS. ",10978.39,,,,,,,Case Rate,". MPL 100/50/25% all add ons apply, and lesser of 100% of billed charges",13586,,,,,,,Case Rate,". MPL 100/50/25% all add ons apply, and lesser of 100% of billed charges",13586,,,,,,,Case Rate,". MPL 100/50/25% all add ons apply, and lesser of 100% of billed charges",4069.38,,,,,,,Case Rate,"100% Medicare OPPS FS. ",10869,,,,,,,Case Rate,". MPL 100/50/25% all add ons apply, and lesser of 100% of billed charges",54796,,,,,,,Case Rate,". Primary procedure pays at 100%, all subsequent at 50%.",3066.34,,,,,,,Fee Schedule,"120 Percent of Medicaid APG. ",2555.29,,,,,,,Case Rate,"100 Percent of Medicaid APG. ",46576,,,,,,,Case Rate,". ",12227,,,,,,,Case Rate,". MPL 100/50/25% all add ons apply, and lesser of 100% of billed charges",12227,,,,,,,Case Rate,". MPL 100/50/25% all add ons apply, and lesser of 100% of billed charges",13586,,,,,,,Case Rate,". MPL 100/50/25% all add ons apply, and lesser of 100% of billed charges",5842.32,50,,,,,0,percent of total billed charges,50 percent of billed charges; No services were performed during the 15 month look back period.,4069.38,,,,,,,Case Rate,"100%Medicare OPPS FS. ",2683.05,,,,,,,Fee Schedule,105 percent of Medicaid APG. otherwise 105% of Ordered NYS MCD FS or 105% of ASP+6%,2683.05,,,,,,,Fee Schedule,105 percent of Medicaid APG. otherwise 105% of Ordered NYS MCD FS or 105% of ASP+6%,2683.05,,,,,,,Fee Schedule,105 percent of Medicaid APG. otherwise 105% of Ordered NYS MCD FS or 105% of ASP+6%,3449.64,,,,,,,Fee Schedule,135 percent of Medicaid APG. otherwise 135% of Ordered NYS MCD FS or 135% of ASP+6%,10978.39,,,,,,,Case Rate,". MPL 100/50/25% all add ons apply, and lesser of 100% of billed charges",2683.05,,,,,,,Fee Schedule,105 percent of Medicaid APG. otherwise 105% of Ordered NYS MCD FS or 105% of ASP+6%,2683.05,,,,,,,Fee Schedule,105 percent of Medicaid APG. otherwise 105% of Ordered NYS MCD FS or 105% of ASP+6%,2683.05,,,,,,,Fee Schedule,105 percent of Medicaid APG. otherwise 105% of Ordered NYS MCD FS or 105% of ASP+6%,2683.05,,,,,,,Fee Schedule,105 percent of Medicaid APG. otherwise 105% of Ordered NYS MCD FS or 105% of ASP+6%,2683.05,,,,,,,Fee Schedule,105 percent of Medicaid APG. otherwise 105% of Ordered NYS MCD FS or 105% of ASP+6%,3449.64,,,,,,,Fee Schedule,135 percent of Medicaid APG. otherwise 135% of Ordered NYS MCD FS or 135% of ASP+6%,3449.64,,,,,,,Fee Schedule,135 percent of Medicaid APG. otherwise 135% of Ordered NYS MCD FS or 135% of ASP+6%,4069.38,,,,,,,Case Rate,"100% Medicare OPPS FS. ",10978.39,,,,,,,Case Rate,". MPL 100/50/25% all add ons apply, and lesser of 100% of billed charges",4069.38,,,,,,,Case Rate,"100% Medicare OPPS FS. ",2683.05,,,,,,,Fee Schedule,105 percent of Medicaid APG. otherwise 105% of Ordered NYS MCD FS or 105% of ASP+6%,13586,,,,,,,Case Rate,". MPL 100/50/25% all add ons apply, and lesser of 100% of billed charges",4069.38,,,,,,,Case Rate,"100% Medicare OPPS FS. ",13586,,,,,,,Case Rate,". MPL 100/50/25% all add ons apply, and lesser of 100% of billed charges",13586,,,,,,,Case Rate,". MPL 100/50/25% all add ons apply, and lesser of 100% of billed charges",13586,,,,,,,Case Rate,". MPL 100/50/25% all add ons apply, and lesser of 100% of billed charges",2683.05,,,,,,,Fee Schedule,105 percent of Medicaid APG. otherwise 105% of Ordered NYS MCD FS or 105% of ASP+6%,4069.38,,,,,,,Case Rate,"100% Medicare OPPS FS. ",13586,,,,,,,Case Rate,". MPL 100/50/25% all add ons apply, and lesser of 100% of billed charges",3449.64,,,,,,,Fee Schedule,135 percent of Medicaid APG. otherwise 135% of Ordered NYS MCD FS or 135% of ASP+6%,13586,,,,,,,Case Rate,". MPL 100/50/25% all add ons apply, and lesser of 100% of billed charges",23369.28,200,,,,,0,Case Rate,200% of Medicare OPPS. ; No services were performed during the 15 month look back period.,4069.38,,,,,,,Case Rate,"100%Medicare OPPS FS. ",46576,,,,,,,Case Rate,". ",46576,,,,,,,Case Rate,". ",46576,,,,,,,Case Rate,". ",46576,,,,,,,Case Rate,". ",46576,,,,,,,Case Rate,". ",54796,,,,,,,Case Rate,". Primary procedure pays at 100%, all subsequent at 50%.",54796,,,,,,,Case Rate,". Primary procedure pays at 100%, all subsequent at 50%.",46576,,,,,,,Case Rate,". ",46576,,,,,,,Case Rate,". ",46576,,,,,,,Case Rate,". ",46576,,,,,,,Case Rate,". ",46576,,,,,,,Case Rate,". ",4069.38,,,,,,,Case Rate,"100% Medicare OPPS FS. ",54796,,,,,,,Case Rate,". Primary procedure pays at 100%, all subsequent at 50%.",4069.38,,,,,,,Case Rate,"100% Medicare OPPS FS. ",5749.39,,,,,,,Case Rate,"225 Percent of Medicaid APG. If not included in Medicaid APG, then 100 Percent of Manhattan Medicare",2555.29,,,,,,,Case Rate,"100 Percent of Medicaid APG. ",10978.39,,,,,,,Case Rate,". MPL 100/50/25% all add ons apply, and lesser of 100% of billed charges",10978.39,,,,,,,Case Rate,". MPL 100/50/25% all add ons apply, and lesser of 100% of billed charges",4069.38,,,,,,,Case Rate,"100% Medicare OPPS FS. ",71078,,,,,,,Case Rate,". Primary procedure pays at 100%, all subsequent at 50%.",4069.38,,,,,,,Case Rate,"100% Medicare OPPS FS. ",4069.38,,,,,,,Case Rate,"100% Medicare OPPS FS. ",8442,,,,,,,Case Rate,". Primary procedure pays at 100%, secondary at 50%, all subsequent at 25%.  Lesser of applies when negotiated rates exceed charges less addons.",4069.38,,,,,,,Case Rate,"100% Medicare OPPS FS. ",7010.784,60,,,,,0,percent of total billed charges,60 percent of billed charges; No services were performed during the 15 month look back period.,4069.38,,,,,,,Case Rate,"100% Medicare OPPS FS. ",7010.784,60,,,,,0,percent of total billed charges,60 percent of billed charges; No services were performed during the 15 month look back period.,8442,,,,,,,Case Rate,". Primary procedure pays at 100%, secondary at 50%, all subsequent at 25%.  Lesser of applies when negotiated rates exceed charges less addons.",7010.784,60,,,,,0,percent of total billed charges,60 percent of billed charges; No services were performed during the 15 month look back period.,4069.38,,,,,,,Case Rate,"100% Medicare OPPS FS. ",2555.29,,,,,,,Case Rate,"100 Percent of Medicaid APG. ",4069.38,,,,,,,Case Rate,"100% Medicare OPPS FS. ",7010.784,60,,,,,0,percent of total billed charges,60 percent of billed charges; No services were performed during the 15 month look back period.,10978.39,,,,,,,Case Rate,". MPL 100/50/25% all add ons apply, and lesser of 100% of billed charges",2555.29,,,,,,,Case Rate,"100 Percent of Medicaid APG. ",13586,,,,,,,Case Rate,". MPL 100/50/25% all add ons apply, and lesser of 100% of billed charges",3066.34,,,,,,,Fee Schedule,"120 Percent of Medicaid APG. ",3066.34,,,,,,,Fee Schedule,"120 Percent of Medicaid APG. ",13586,,,,,,,Case Rate,". MPL 100/50/25% all add ons apply, and lesser of 100% of billed charges",13586,,,,,,,Case Rate,". MPL 100/50/25% all add ons apply, and lesser of 100% of billed charges",13586,,,,,,,Case Rate,". MPL 100/50/25% all add ons apply, and lesser of 100% of billed charges",10978.39,,,,,,,Case Rate,". MPL 100/50/25% all add ons apply, and lesser of 100% of billed charges",13586,,,,,,,Case Rate,". MPL 100/50/25% all add ons apply, and lesser of 100% of billed charges",13586,,,,,,,Case Rate,". MPL 100/50/25% all add ons apply, and lesser of 100% of billed charges",13586,,,,,,,Case Rate,". MPL 100/50/25% all add ons apply, and lesser of 100% of billed charges",46576,,,,,,,Case Rate,". ",46576,,,,,,,Case Rate,". ",8057.37,,,,,,,Case Rate,198 Percent of Medicare OPPS. Metroplus will reimburse unlisted codes and described codes with no Medicare rate at 50 percent of charges.,2555.29,,,,,,,Case Rate,"100 Percent of Medicaid APG. ",10978.39,,,,,,,Case Rate,". MPL 100/50/25% all add ons apply, and lesser of 100% of billed charges",7010.784,60,,,,,0,percent of total billed charges,60 percent of billed charges; No services were performed during the 15 month look back period.,8442,,,,,,,Case Rate,". Primary procedure pays at 100%, secondary at 50%, all subsequent at 25%.  Lesser of applies when negotiated rates exceed charges less addons.",10978.39,,,,,,,Case Rate,". MPL 100/50/25% all add ons apply, and lesser of 100% of billed charges",8442,,,,,,,Case Rate,". Primary procedure pays at 100%, secondary at 50%, all subsequent at 25%.  Lesser of applies when negotiated rates exceed charges less addons.",10978.39,,,,,,,Case Rate,". MPL 100/50/25% all add ons apply, and lesser of 100% of billed charges",13586,,,,,,,Case Rate,". MPL 100/50/25% all add ons apply, and lesser of 100% of billed charges",13586,,,,,,,Case Rate,". MPL 100/50/25% all add ons apply, and lesser of 100% of billed charges",13586,,,,,,,Case Rate,". MPL 100/50/25% all add ons apply, and lesser of 100% of billed charges",13586,,,,,,,Case Rate,". MPL 100/50/25% all add ons apply, and lesser of 100% of billed charges",4069.38,,,,,,,Case Rate,"100% Medicare OPPS FS. ",602.32,71078,
33285,CPT,2026281,LOCAL,481,RC,HC INSJ SUBQ CAR RHYTHM MNTR,41921.23,7965.0337,both,,,,30285,,,,,,,Case Rate,". All add ons apply, and lesser of 100% of billed charges",30285,,,,,,,Case Rate,". All add ons apply, and lesser of 100% of billed charges",43556,,,,,,,Case Rate,". Primary procedure pays at 100%, secondary at 50%, all subsequent at 25%.  Lesser of applies when negotiated rates exceed charges less addons.",41921.23,100,,,,,0,percent of total billed charges,100 percent of billed charges. ; No services were performed during the 15 month look back period.,9792.97,,,,,,,Case Rate,"100% Medicare OPPS FS. ",43556,,,,,,,Case Rate,". Primary procedure pays at 100%, secondary at 50%, all subsequent at 25%.  Lesser of applies when negotiated rates exceed charges less addons.",43556,,,,,,,Case Rate,". Primary procedure pays at 100%, secondary at 50%, all subsequent at 25%.  Lesser of applies when negotiated rates exceed charges less addons.",43556,,,,,,,Case Rate,". Primary procedure pays at 100%, secondary at 50%, all subsequent at 25%.  Lesser of applies when negotiated rates exceed charges less addons.",9768.42,,,,,,,Case Rate,"100 Percent of Medicaid APG. ",8140.35,,,,,,,Case Rate,"100 Percent of Medicaid APG. ",32698.5594,78,,,,,0,percent of total billed charges,78% of Billed Charges. Lesser of 100% of billed charges applies.; No services were performed during the 15 month look back period.,94064.83,,,,,,,Case Rate,". MPL 100/50/25% all add ons apply, and lesser of 100% of billed charges",8140.35,,,,,,,Case Rate,"100 Percent of Medicaid APG. ",9792.97,,,,,,,Case Rate,"100% Medicare OPPS FS. ",6487,,,,,,,Case Rate,". MPL 100/50/25% maxmium of 3 procedures. All add ons apply, and lesser of 100% of billed charges",6487,,,,,,,Case Rate,". MPL 100/50/25% maxmium of 3 procedures. All add ons apply, and lesser of 100% of billed charges",6487,,,,,,,Case Rate,". MPL 100/50/25% maxmium of 3 procedures. All add ons apply, and lesser of 100% of billed charges",6487,,,,,,,Case Rate,". MPL 100/50/25% maxmium of 3 procedures. All add ons apply, and lesser of 100% of billed charges",8140.35,,,,,,,Case rate,124 Percent of Medicaid APG. Covered services not payable under Medicaid Fee Schedules default to a payment of 50 percent of charges.,9792.97,,,,,,,Case Rate,"100% Medicare OPPS FS. ",8140.35,,,,,,,Case rate,124 Percent of Medicaid APG. Covered services not payable under Medicaid Fee Schedules default to a payment of 50 percent of charges.,32698.5594,78,,,,,0,percent of total billed charges,78% of Billed Charges. Lesser of 100% of billed charges applies.; No services were performed during the 15 month look back period.,43556,,,,,,,Case Rate,". Primary procedure pays at 100%, secondary at 50%, all subsequent at 25%.  Lesser of applies when negotiated rates exceed charges less addons.",9792.97,,,,,,,Case Rate,"100%Medicare OPPS FS. ",54796,,,,,,,Case Rate,". Primary procedure pays at 100%, all subsequent at 50%.",9792.97,,,,,,,Case Rate,"100%Medicare OPPS FS. ",9792.97,,,,,,,Case Rate,"100%Medicare OPPS FS. ",32698.5594,78,,,,,0,percent of total billed charges,78% of Billed Charges. Lesser of 100% of billed charges applies.; No services were performed during the 15 month look back period.,4122.21,,,,,,,Case Rate,100% of PAS. Lesser of 100% of billed charges applies.,4122.21,,,,,,,Case Rate,100% of PAS. Lesser of 100% of billed charges applies.,8140.35,,,,,,,Case rate,"100 Percent of Medicaid APG. ",8140.35,,,,,,,Case rate,"100 Percent of Medicaid APG. ",54796,,,,,,,Case Rate,". Primary procedure pays at 100%, all subsequent at 50%.",54796,,,,,,,Case Rate,". Primary procedure pays at 100%, all subsequent at 50%.",8140.35,,,,,,,Case Rate,"100 Percent of Medicaid APG. Not APG payable, or payable under another fee schedule like ASP/AWP pays at 30% of charges",54796,,,,,,,Case Rate,". Primary procedure pays at 100%, all subsequent at 50%.",8140.35,,,,,,,Case Rate,"100 Percent of Medicaid APG. Not APG payable, or payable under another fee schedule like ASP/AWP pays at 30% of charges",9792.97,,,,,,,Case Rate,"100%Medicare OPPS FS. ",54796,,,,,,,Case Rate,". Primary procedure pays at 100%, all subsequent at 50%.",32698.5594,78,,,,,0,percent of total billed charges,78% of Billed Charges. Lesser of 100% of billed charges applies.; No services were performed during the 15 month look back period.,8140.35,,,,,,,Case Rate,"100 Percent of Medicaid APG. ",8140.35,,,,,,,Case Rate,"100 Percent of Medicaid APG. ",32698.5594,78,,,,,0,percent of total billed charges,78% of Billed Charges. Lesser of 100% of billed charges applies.; No services were performed during the 15 month look back period.,6487,,,,,,,Case Rate,". MPL 100/50/25% maxmium of 3 procedures. All add ons apply, and lesser of 100% of billed charges",85745,,,,,,,Case Rate,". MPL 100/50/25% all add ons apply, and lesser of 100% of billed charges",85745,,,,,,,Case Rate,". MPL 100/50/25% all add ons apply, and lesser of 100% of billed charges",32698.5594,78,,,,,0,percent of total billed charges,78% of Billed Charges. Lesser of 100% of billed charges applies.; No services were performed during the 15 month look back period.,9792.97,,,,,,,Case Rate,"100% Medicare OPPS FS. ",94064.83,,,,,,,Case Rate,". MPL 100/50/25% all add ons apply, and lesser of 100% of billed charges",94064.83,,,,,,,Case Rate,". MPL 100/50/25% all add ons apply, and lesser of 100% of billed charges",94064.83,,,,,,,Case Rate,". MPL 100/50/25% all add ons apply, and lesser of 100% of billed charges",9792.97,,,,,,,Case Rate,"100% Medicare OPPS FS. ",94064.83,,,,,,,Case Rate,". MPL 100/50/25% all add ons apply, and lesser of 100% of billed charges",94064.83,,,,,,,Case Rate,". MPL 100/50/25% all add ons apply, and lesser of 100% of billed charges",9792.97,,,,,,,Case Rate,"100% of Medicare OPPS. ",25798,,,,,,,Case Rate,". MPL 100/75/50% all add ons apply, and lesser of 100% of billed charges",26526,,,,,,,Case Rate,". MPL 100/50/25% all add ons apply, and lesser of 100% of billed charges",26526,,,,,,,Case Rate,". MPL 100/50/25% all add ons apply, and lesser of 100% of billed charges",26526,,,,,,,Case Rate,". MPL 100/50/25% all add ons apply, and lesser of 100% of billed charges",26526,,,,,,,Case Rate,". MPL 100/50/25% all add ons apply, and lesser of 100% of billed charges",26526,,,,,,,Case Rate,". MPL 100/50/25% all add ons apply, and lesser of 100% of billed charges",26526,,,,,,,Case Rate,". MPL 100/50/25% all add ons apply, and lesser of 100% of billed charges",9792.97,,,,,,,Case Rate,"100% Medicare OPPS FS. ",9792.97,,,,,,,Case Rate,"100% Medicare OPPS FS. ",26526,,,,,,,Case Rate,". MPL 100/50/25% all add ons apply, and lesser of 100% of billed charges",32698.5594,78,,,,,0,percent of total billed charges,78% of Billed Charges. Lesser of 100% of billed charges applies.; No services were performed during the 15 month look back period.,32698.5594,78,,,,,0,percent of total billed charges,78% of Billed Charges. Lesser of 100% of billed charges applies.; No services were performed during the 15 month look back period.,32698.5594,78,,,,,0,percent of total billed charges,78% of Billed Charges. Lesser of 100% of billed charges applies.; No services were performed during the 15 month look back period.,32698.5594,78,,,,,0,percent of total billed charges,78% of Billed Charges. Lesser of 100% of billed charges applies.; No services were performed during the 15 month look back period.,32698.5594,78,,,,,0,percent of total billed charges,78% of Billed Charges. Lesser of 100% of billed charges applies.; No services were performed during the 15 month look back period.,32698.5594,78,,,,,0,percent of total billed charges,78% of Billed Charges. Lesser of 100% of billed charges applies.; No services were performed during the 15 month look back period.,32698.5594,78,,,,,0,percent of total billed charges,78% of Billed Charges. Lesser of 100% of billed charges applies.; No services were performed during the 15 month look back period.,32698.5594,78,,,,,0,percent of total billed charges,78% of Billed Charges. Lesser of 100% of billed charges applies.; No services were performed during the 15 month look back period.,32698.5594,78,,,,,0,percent of total billed charges,78% of Billed Charges. Lesser of 100% of billed charges applies.; No services were performed during the 15 month look back period.,32698.5594,78,,,,,0,percent of total billed charges,78% of Billed Charges. Lesser of 100% of billed charges applies.; No services were performed during the 15 month look back period.,32698.5594,78,,,,,0,percent of total billed charges,78% of Billed Charges. Lesser of 100% of billed charges applies.; No services were performed during the 15 month look back period.,32698.5594,78,,,,,0,percent of total billed charges,78% of Billed Charges. Lesser of 100% of billed charges applies.; No services were performed during the 15 month look back period.,32698.5594,78,,,,,0,percent of total billed charges,78% of Billed Charges. Lesser of 100% of billed charges applies.; No services were performed during the 15 month look back period.,32698.5594,78,,,,,0,percent of total billed charges,78% of Billed Charges. Lesser of 100% of billed charges applies.; No services were performed during the 15 month look back period.,32698.5594,78,,,,,0,percent of total billed charges,78% of Billed Charges. Lesser of 100% of billed charges applies.; No services were performed during the 15 month look back period.,32698.5594,78,,,,,0,percent of total billed charges,78% of Billed Charges. Lesser of 100% of billed charges applies.; No services were performed during the 15 month look back period.,32698.5594,78,,,,,0,percent of total billed charges,78% of Billed Charges. Lesser of 100% of billed charges applies.; No services were performed during the 15 month look back period.,32698.5594,78,,,,,0,percent of total billed charges,78% of Billed Charges. Lesser of 100% of billed charges applies.; No services were performed during the 15 month look back period.,32698.5594,78,,,,,0,percent of total billed charges,78% of Billed Charges. Lesser of 100% of billed charges applies.; No services were performed during the 15 month look back period.,32698.5594,78,,,,,0,percent of total billed charges,78% of Billed Charges. Lesser of 100% of billed charges applies.; No services were performed during the 15 month look back period.,32698.5594,78,,,,,0,percent of total billed charges,78% of Billed Charges. Lesser of 100% of billed charges applies.; No services were performed during the 15 month look back period.,32698.5594,78,,,,,0,percent of total billed charges,78% of Billed Charges. Lesser of 100% of billed charges applies.; No services were performed during the 15 month look back period.,32698.5594,78,,,,,0,percent of total billed charges,78% of Billed Charges. Lesser of 100% of billed charges applies.; No services were performed during the 15 month look back period.,32698.5594,78,,,,,0,percent of total billed charges,78% of Billed Charges. Lesser of 100% of billed charges applies.; No services were performed during the 15 month look back period.,32698.5594,78,,,,,0,percent of total billed charges,78% of Billed Charges. Lesser of 100% of billed charges applies.; No services were performed during the 15 month look back period.,32698.5594,78,,,,,0,percent of total billed charges,78% of Billed Charges. Lesser of 100% of billed charges applies.; No services were performed during the 15 month look back period.,54796,,,,,,,Case Rate,". Primary procedure pays at 100%, all subsequent at 50%.",54796,,,,,,,Case Rate,". Primary procedure pays at 100%, all subsequent at 50%.",54796,,,,,,,Case Rate,". Primary procedure pays at 100%, all subsequent at 50%.",54796,,,,,,,Case Rate,". Primary procedure pays at 100%, all subsequent at 50%.",71078,,,,,,,Case Rate,". Primary procedure pays at 100%, all subsequent at 50%.",71078,,,,,,,Case Rate,". Primary procedure pays at 100%, all subsequent at 50%.",6487,,,,,,,Case Rate,". MPL 100/50/25% maxmium of 3 procedures. All add ons apply, and lesser of 100% of billed charges",26526,,,,,,,Case Rate,". MPL 100/50/25% all add ons apply, and lesser of 100% of billed charges",94064.83,,,,,,,Case Rate,". MPL 100/50/25% all add ons apply, and lesser of 100% of billed charges",26526,,,,,,,Case Rate,". MPL 100/50/25% all add ons apply, and lesser of 100% of billed charges",32698.5594,78,,,,,0,percent of total billed charges,78% of Billed Charges. Lesser of 100% of billed charges applies.; No services were performed during the 15 month look back period.,71078,,,,,,,Case Rate,". Primary procedure pays at 100%, all subsequent at 50%.",26526,,,,,,,Case Rate,". MPL 100/50/25% all add ons apply, and lesser of 100% of billed charges",94064.83,,,,,,,Case Rate,". MPL 100/50/25% all add ons apply, and lesser of 100% of billed charges",6487,,,,,,,Case Rate,". MPL 100/50/25% maxmium of 3 procedures. All add ons apply, and lesser of 100% of billed charges",,,,,,,,,"NA. ",32698.5594,78,,,,,0,percent of total billed charges,78% of Billed Charges. Lesser of 100% of billed charges applies.; No services were performed during the 15 month look back period.,8140.35,,,,,,,Case Rate,"100 Percent of Medicaid APG. ",54796,,,,,,,Case Rate,". Primary procedure pays at 100%, all subsequent at 50%.",8140.35,,,,,,,Case Rate,"100 Percent of Medicaid APG. Not APG payable, or payable under another fee schedule like ASP/AWP pays at 30% of charges",9792.97,,,,,,,Case Rate,"100%Medicare OPPS FS. ",9792.97,,,,,,,Case Rate,"100% Medicare OPPS FS. ",25798,,,,,,,Case Rate,". MPL 100/75/50% all add ons apply, and lesser of 100% of billed charges",9792.97,,,,,,,Case Rate,"100% Medicare OPPS FS. ",9792.97,,,,,,,Case Rate,"100% Medicare OPPS FS. ",8140.35,,,,,,,Case Rate,"100 Percent of Medicaid APG. ",9792.97,,,,,,,Case Rate,"100% Medicare OPPS FS. ",9792.97,,,,,,,Case Rate,"100% Medicare OPPS FS. ",43556,,,,,,,Case Rate,". Primary procedure pays at 100%, secondary at 50%, all subsequent at 25%.  Lesser of applies when negotiated rates exceed charges less addons.",43556,,,,,,,Case Rate,". Primary procedure pays at 100%, secondary at 50%, all subsequent at 25%.  Lesser of applies when negotiated rates exceed charges less addons.",9792.97,,,,,,,Case Rate,"100% Medicare OPPS FS. ",6487,,,,,,,Case Rate,". MPL 100/50/25% maxmium of 3 procedures. All add ons apply, and lesser of 100% of billed charges",94064.83,,,,,,,Case Rate,". MPL 100/50/25% all add ons apply, and lesser of 100% of billed charges",94064.83,,,,,,,Case Rate,". MPL 100/50/25% all add ons apply, and lesser of 100% of billed charges",9792.97,,,,,,,Case Rate,"100% Medicare OPPS FS. ",6487,,,,,,,Case Rate,". MPL 100/50/25% maxmium of 3 procedures. All add ons apply, and lesser of 100% of billed charges",43556,,,,,,,Case Rate,". Primary procedure pays at 100%, secondary at 50%, all subsequent at 25%.  Lesser of applies when negotiated rates exceed charges less addons.",43556,,,,,,,Case Rate,". Primary procedure pays at 100%, secondary at 50%, all subsequent at 25%.  Lesser of applies when negotiated rates exceed charges less addons.",43556,,,,,,,Case Rate,". Primary procedure pays at 100%, secondary at 50%, all subsequent at 25%.  Lesser of applies when negotiated rates exceed charges less addons.",32698.5594,78,,,,,0,percent of total billed charges,78% of Billed Charges. Lesser of 100% of billed charges applies.; No services were performed during the 15 month look back period.,32698.5594,78,,,,,0,percent of total billed charges,78% of Billed Charges. Lesser of 100% of billed charges applies.; No services were performed during the 15 month look back period.,32698.5594,78,,,,,0,percent of total billed charges,78% of Billed Charges. Lesser of 100% of billed charges applies.; No services were performed during the 15 month look back period.,32698.5594,78,,,,,0,percent of total billed charges,78% of Billed Charges. Lesser of 100% of billed charges applies.; No services were performed during the 15 month look back period.,32698.5594,78,,,,,0,percent of total billed charges,78% of Billed Charges. Lesser of 100% of billed charges applies.; No services were performed during the 15 month look back period.,32698.5594,78,,,,,0,percent of total billed charges,78% of Billed Charges. Lesser of 100% of billed charges applies.; No services were performed during the 15 month look back period.,32698.5594,78,,,,,0,percent of total billed charges,78% of Billed Charges. Lesser of 100% of billed charges applies.; No services were performed during the 15 month look back period.,32698.5594,78,,,,,0,percent of total billed charges,78% of Billed Charges. Lesser of 100% of billed charges applies.; No services were performed during the 15 month look back period.,32698.5594,78,,,,,0,percent of total billed charges,78% of Billed Charges. Lesser of 100% of billed charges applies.; No services were performed during the 15 month look back period.,32698.5594,78,,1632,1632,1632,1 through 10,percent of total billed charges,78% of Billed Charges. Lesser of 100% of billed charges applies.,32698.5594,78,,,,,0,percent of total billed charges,78% of Billed Charges. Lesser of 100% of billed charges applies.; No services were performed during the 15 month look back period.,71078,,,,,,,Case Rate,". Primary procedure pays at 100%, all subsequent at 50%.",26526,,,,,,,Case Rate,". MPL 100/50/25% all add ons apply, and lesser of 100% of billed charges",6487,,,,,,,Case Rate,". MPL 100/50/25% maxmium of 3 procedures. All add ons apply, and lesser of 100% of billed charges",9792.97,,,,,,,Case Rate,"100% Medicare OPPS FS. ",43556,,,,,,,Case Rate,". Primary procedure pays at 100%, secondary at 50%, all subsequent at 25%.  Lesser of applies when negotiated rates exceed charges less addons.",6487,,,,,,,Case Rate,". MPL 100/50/25% maxmium of 3 procedures. All add ons apply, and lesser of 100% of billed charges",6487,,,,,,,Case Rate,". MPL 100/50/25% maxmium of 3 procedures. All add ons apply, and lesser of 100% of billed charges",32698.5594,78,,,,,0,percent of total billed charges,78% of Billed Charges. Lesser of 100% of billed charges applies.; No services were performed during the 15 month look back period.,17420.35,,,,,,,Case Rate,"214 Percent of Medicaid APG. Drugs not priced under APG, billed with revenue code 636 and not priced by Medicare ASP FeeSched will be reimbursed at 20% of charges.",6487,,,,,,,Case Rate,". MPL 100/50/25% maxmium of 3 procedures. All add ons apply, and lesser of 100% of billed charges",8140.35,,,,,,,Case Rate,"100 Percent of Medicaid APG. ",9792.97,,,,,,,Case Rate,"100% Medicare OPPS FS. ",9792.97,,,,,,,Case Rate,"100% Medicare OPPS FS. ",9792.97,,,,,,,Case Rate,"100% Medicare OPPS FS. ",9792.97,,,,,,,Case Rate,"100% Medicare OPPS FS. ",9792.97,,,,,,,Case Rate,"100% Medicare OPPS FS. ",9792.97,,,,,,,Case Rate,"100% Medicare OPPS FS. ",6487,,,,,,,Case Rate,". MPL 100/50/25% maxmium of 3 procedures. All add ons apply, and lesser of 100% of billed charges",25798,,,,,,,Case Rate,". MPL 100/75/50% all add ons apply, and lesser of 100% of billed charges",14652.63,,,,,,,Fee Schedule,"180 Percent of Medicaid APG. ",14652.63,,,,,,,Fee Schedule,"180 Percent of Medicaid APG. ",14652.63,,,,,,,Fee Schedule,"180 Percent of Medicaid APG. ",14652.63,,,,,,,Fee Schedule,"180 Percent of Medicaid APG. ",14652.63,,,,,,,Fee Schedule,"180 Percent of Medicaid APG. ",,,,,,,,,"NA. ",25798,,,,,,,Case Rate,". MPL 100/75/50% all add ons apply, and lesser of 100% of billed charges",19390.07,,,,,,,Case Rate,198 Percent of Medicare OPPS. Metroplus will reimburse unlisted codes and described codes with no Medicare rate at 50 percent of charges.,19390.07,,,,,,,Case Rate,198 Percent of Medicare OPPS. Metroplus will reimburse unlisted codes and described codes with no Medicare rate at 50 percent of charges.,19390.07,,,,,,,Case Rate,198 Percent of Medicare OPPS. Metroplus will reimburse unlisted codes and described codes with no Medicare rate at 50 percent of charges.,19390.07,,,,,,,Case Rate,198 Percent of Medicare OPPS. Metroplus will reimburse unlisted codes and described codes with no Medicare rate at 50 percent of charges.,19390.07,,,,,,,Case Rate,198 Percent of Medicare OPPS. Metroplus will reimburse unlisted codes and described codes with no Medicare rate at 50 percent of charges.,9792.97,,,,,,,Case Rate,"100% Medicare OPPS FS. ",71078,,,,,,,Case Rate,". Primary procedure pays at 100%, all subsequent at 50%.",71078,,,,,,,Case Rate,". Primary procedure pays at 100%, all subsequent at 50%.",71078,,,,,,,Case Rate,". Primary procedure pays at 100%, all subsequent at 50%.",71078,,,,,,,Case Rate,". Primary procedure pays at 100%, all subsequent at 50%.",43556,,,,,,,Case Rate,". Primary procedure pays at 100%, secondary at 50%, all subsequent at 25%.  Lesser of applies when negotiated rates exceed charges less addons.",43556,,,,,,,Case Rate,". Primary procedure pays at 100%, secondary at 50%, all subsequent at 25%.  Lesser of applies when negotiated rates exceed charges less addons.",43556,,,,,,,Case Rate,". Primary procedure pays at 100%, secondary at 50%, all subsequent at 25%.  Lesser of applies when negotiated rates exceed charges less addons.",43556,,,,,,,Case Rate,". Primary procedure pays at 100%, secondary at 50%, all subsequent at 25%.  Lesser of applies when negotiated rates exceed charges less addons.",25798,,,,,,,Case Rate,". MPL 100/75/50% all add ons apply, and lesser of 100% of billed charges",25798,,,,,,,Case Rate,". MPL 100/75/50% all add ons apply, and lesser of 100% of billed charges",9792.97,,,,,,,Case Rate,"100% Medicare OPPS FS. ",9792.97,,,,,,,Case Rate,"100% Medicare OPPS FS. ",9792.97,,,,,,,Case Rate,"100% Medicare OPPS FS. ",26526,,,,,,,Case Rate,". MPL 100/50/25% all add ons apply, and lesser of 100% of billed charges",26526,,,,,,,Case Rate,". MPL 100/50/25% all add ons apply, and lesser of 100% of billed charges",26526,,,,,,,Case Rate,". MPL 100/50/25% all add ons apply, and lesser of 100% of billed charges",25798,,,,,,,Case Rate,". MPL 100/75/50% all add ons apply, and lesser of 100% of billed charges",43556,,,,,,,Case Rate,". Primary procedure pays at 100%, secondary at 50%, all subsequent at 25%.  Lesser of applies when negotiated rates exceed charges less addons.",9792.97,,,,,,,Case Rate,"100% Medicare OPPS FS. ",26526,,,,,,,Case Rate,". MPL 100/50/25% all add ons apply, and lesser of 100% of billed charges",8140.35,,,,,,,Case Rate,"100 Percent of Medicaid APG. ",9988.83,,,,,,,Case Rate,"102% of Medicare OPPS. ",9988.83,,,,,,,Case Rate,"102% of Medicare OPPS. ",9988.83,,,,,,,Case Rate,"102% of Medicare OPPS. ",8140.35,,,,,,,Case rate,"100 Percent of Medicaid APG. ",18315.78,,,,,,,Case Rate,225% of NYS APG. Lesser of 100% of billed charges applies.,18315.78,,,,,,,Case Rate,225% of NYS APG. Lesser of 100% of billed charges applies.,18315.78,,,,,,,Case Rate,225% of NYS APG. Lesser of 100% of billed charges applies.,18315.78,,,,,,,Case Rate,225% of NYS APG. Lesser of 100% of billed charges applies.,18315.78,,,,,,,Case Rate,225% of NYS APG. Lesser of 100% of billed charges applies.,9988.83,,,,,,,Case Rate,"102% of Medicare OPPS. ",8140.35,,,,,,,Case Rate,"100 Percent of Medicaid APG. ",4122.21,,,,,,,Case Rate,100% of PAS. Lesser of 100% of billed charges applies.,18315.78,,,,,,,Case Rate,225% of NYS APG. Lesser of 100% of billed charges applies.,18315.78,,,,,,,Case Rate,225% of NYS APG. Lesser of 100% of billed charges applies.,4122.21,,,,,,,Case Rate,100% of PAS. Lesser of 100% of billed charges applies.,4122.21,,,,,,,Case Rate,100% of PAS. Lesser of 100% of billed charges applies.,14652.63,,,,,,,Fee Schedule,"180 Percent of Medicaid APG. ",9792.97,,,,,,,Case Rate,"100% Medicare OPPS FS. ",9792.97,,,,,,,Case Rate,"100% Medicare OPPS FS. ",43556,,,,,,,Case Rate,". Primary procedure pays at 100%, secondary at 50%, all subsequent at 25%.  Lesser of applies when negotiated rates exceed charges less addons.",9792.97,,,,,,,Case Rate,"100% Medicare OPPS FS. ",18315.78,,,,,,,Case Rate,"225 Percent of Medicaid APG. ",18315.78,,,,,,,Case Rate,"225 Percent of Medicaid APG. ",8140.35,,,,,,,Case rate,"100 Percent of Medicaid APG. ",8140.35,,,,,,,Case rate,"100 Percent of Medicaid APG. ",18315.78,,,,,,,Case Rate,225 Percent of Medicaid APG. Covered services not payable under Medicaid Fee Schedules default to a payment of 87.5 percent of charges.,8140.35,,,,,,,Case rate,124 Percent of Medicaid APG. Covered services not payable under Medicaid Fee Schedules default to a payment of 50 percent of charges.,18315.78,,,,,,,Case Rate,"100 Percent of Medicaid APG. ",18315.78,,,,,,,Case Rate,"100 Percent of Medicaid APG. ",18315.78,,,,,,,Case Rate,"100 Percent of Medicaid APG. ",18315.78,,,,,,,Case Rate,"100 Percent of Medicaid APG. ",13453,,,,,,,Case Rate,". MPL 100/75/50% all add ons apply, and lesser of 100% of billed charges",25798,,,,,,,Case Rate,". MPL 100/75/50% all add ons apply, and lesser of 100% of billed charges",9768.42,,,,,,,Case Rate,"120 Percent of Medicaid APG. Not APG payable, or payable under another fee schedule like ASP/AWP pays at 30% of charges",9768.42,,,,,,,Case Rate,"120 Percent of Medicaid APG. Not APG payable, or payable under another fee schedule like ASP/AWP pays at 30% of charges",8140.35,,,,,,,Case Rate,"100 Percent of Medicaid APG. Not APG payable, or payable under another fee schedule like ASP/AWP pays at 30% of charges",8140.35,,,,,,,Case Rate,"100 Percent of Medicaid APG. Not APG payable, or payable under another fee schedule like ASP/AWP pays at 30% of charges",26526,,,,,,,Case Rate,". MPL 100/50/25% all add ons apply, and lesser of 100% of billed charges",26526,,,,,,,Case Rate,". MPL 100/50/25% all add ons apply, and lesser of 100% of billed charges",9792.97,,,,,,,Case Rate,"100% Medicare OPPS FS. ",26526,,,,,,,Case Rate,". MPL 100/50/25% all add ons apply, and lesser of 100% of billed charges",26526,,,,,,,Case Rate,". MPL 100/50/25% all add ons apply, and lesser of 100% of billed charges",26526,,,,,,,Case Rate,". MPL 100/50/25% all add ons apply, and lesser of 100% of billed charges",26526,,,,,,,Case Rate,". MPL 100/50/25% all add ons apply, and lesser of 100% of billed charges",9792.97,,,,,,,Case Rate,"100% Medicare OPPS FS. ",26526,,,,,,,Case Rate,". MPL 100/50/25% all add ons apply, and lesser of 100% of billed charges",26526,,,,,,,Case Rate,". MPL 100/50/25% all add ons apply, and lesser of 100% of billed charges",43556,,,,,,,Case Rate,". Primary procedure pays at 100%, secondary at 50%, all subsequent at 25%.  Lesser of applies when negotiated rates exceed charges less addons.",8140.35,,,,,,,Fee Schedule,100% APG. Lesser of 100% of billed charges applies.,8140.35,,,,,,,Case rate,124 Percent of Medicaid APG. Covered services not payable under Medicaid Fee Schedules default to a payment of 50 percent of charges.,18315.78,,,,,,,Case Rate,225% of NYS APG. Lesser of 100% of billed charges applies.,18315.78,,,,,,,Case Rate,225 Percent of Medicaid APG. Covered services not payable under Medicaid Fee Schedules default to a payment of 87.5 percent of charges.,8140.35,,,,,,,Case rate,124 Percent of Medicaid APG. Covered services not payable under Medicaid Fee Schedules default to a payment of 50 percent of charges.,18315.78,,,,,,,Case Rate,225% of NYS APG. Lesser of 100% of billed charges applies.,18315.78,,,,,,,Case Rate,225% of NYS APG. Lesser of 100% of billed charges applies.,18315.78,,,,,,,Case Rate,225% of NYS APG. Lesser of 100% of billed charges applies.,18315.78,,,,,,,Case Rate,225% of NYS APG. Lesser of 100% of billed charges applies.,18315.78,,,,,,,Case Rate,225% of NYS APG. Lesser of 100% of billed charges applies.,18315.78,,,,,,,Case Rate,225% of NYS APG. Lesser of 100% of billed charges applies.,,,,,,,,,"NA. ",,,,,,,,,"NA. ",,,,,,,,,"NA. ",6487,,,,,,,Case Rate,". MPL 100/50/25% maxmium of 3 procedures. All add ons apply, and lesser of 100% of billed charges",,,,,,,,,"NA. ",9792.97,,,,,,,Case Rate,"100% Medicare OPPS FS. ",30285,,,,,,,Case Rate,". All add ons apply, and lesser of 100% of billed charges",9792.97,,,,,,,Case Rate,"100% Medicare OPPS FS. ",9792.97,,,,,,,Case Rate,"100% Medicare OPPS FS. ",9768.42,,,,,,,Case Rate,"120 Percent of Medicaid APG. Not APG payable, or payable under another fee schedule like ASP/AWP pays at 30% of charges",9768.42,,,,,,,Case Rate,"120 Percent of Medicaid APG. Not APG payable, or payable under another fee schedule like ASP/AWP pays at 30% of charges",8140.35,,,,,,,Case Rate,"100 Percent of Medicaid APG. Not APG payable, or payable under another fee schedule like ASP/AWP pays at 30% of charges",8140.35,,,,,,,Case Rate,"100 Percent of Medicaid APG. Not APG payable, or payable under another fee schedule like ASP/AWP pays at 30% of charges",8140.35,,,,,,,Case Rate,"100 Percent of Medicaid APG. ",46576,,,,,,,Case Rate,". ",43556,,,,,,,Case Rate,". Primary procedure pays at 100%, secondary at 50%, all subsequent at 25%.  Lesser of applies when negotiated rates exceed charges less addons.",54796,,,,,,,Case Rate,". Primary procedure pays at 100%, all subsequent at 50%.",6487,,,,,,,Case Rate,". MPL 100/50/25% maxmium of 3 procedures. All add ons apply, and lesser of 100% of billed charges",9792.97,,,,,,,Case Rate,"100%Medicare OPPS FS. ",9792.97,,,,,,,Case Rate,"100% Medicare OPPS FS. ",9792.97,,,,,,,Case Rate,"100% Medicare OPPS FS. ",9792.97,,,,,,,Case Rate,"100% Medicare OPPS FS. ",9792.97,,,,,,,Case Rate,"100%Medicare OPPS FS. ",9792.97,,,,,,,Case Rate,"100% Medicare OPPS FS. ",,,,,,,,,"NA. ",18315.78,,,,,,,Case Rate,225% of NYS APG. Lesser of 100% of billed charges applies.,4122.21,,,,,,,Case Rate,100% of PAS. Lesser of 100% of billed charges applies.,26526,,,,,,,Case Rate,". MPL 100/50/25% all add ons apply, and lesser of 100% of billed charges",46576,,,,,,,Case Rate,". ",46576,,,,,,,Case Rate,". ",46576,,,,,,,Case Rate,". ",46576,,,,,,,Case Rate,". ",9792.97,,,,,,,Case Rate,"100% Medicare OPPS FS. ",8140.35,,,,,,,Case Rate,"100 Percent of Medicaid APG. ",26526,,,,,,,Case Rate,". MPL 100/50/25% all add ons apply, and lesser of 100% of billed charges",8140.35,,,,,,,Case Rate,"100 Percent of Medicaid APG. ",9792.97,,,,,,,Case Rate,"100% Medicare OPPS FS. ",8140.35,,,,,,,Case Rate,"100 Percent of Medicaid APG. ",9792.97,,,,,,,Case Rate,"100% Medicare OPPS FS. ",9792.97,,,,,,,Case Rate,"100% Medicare OPPS FS. ",8140.35,,,,,,,Case Rate,"100 Percent of Medicaid APG. ",8140.35,,,,,,,Case Rate,"100 Percent of Medicaid APG. ",46576,,,,,,,Case Rate,". ",6487,,,,,,,Case Rate,". MPL 100/50/25% maxmium of 3 procedures. All add ons apply, and lesser of 100% of billed charges",32698.5594,78,,,,,0,percent of total billed charges,78% of Billed Charges. Lesser of 100% of billed charges applies.; No services were performed during the 15 month look back period.,94064.83,,,,,,,Case Rate,". MPL 100/50/25% all add ons apply, and lesser of 100% of billed charges",94064.83,,,,,,,Case Rate,". MPL 100/50/25% all add ons apply, and lesser of 100% of billed charges",43556,,,,,,,Case Rate,". Primary procedure pays at 100%, secondary at 50%, all subsequent at 25%.  Lesser of applies when negotiated rates exceed charges less addons.",6748.37,,,,,,,Case Rate,"83% HF Fee schedule. ",71078,,,,,,,Case Rate,". Primary procedure pays at 100%, all subsequent at 50%.",71078,,,,,,,Case Rate,". Primary procedure pays at 100%, all subsequent at 50%.",21221,,,,,,,Case Rate,". MPL 100/50/25% all add ons apply, and lesser of 100% of billed charges",21221,,,,,,,Case Rate,". MPL 100/50/25% all add ons apply, and lesser of 100% of billed charges",9792.97,,,,,,,Case Rate,"100% Medicare OPPS FS. ",9792.97,,,,,,,Case Rate,"100% Medicare OPPS FS. ",9792.97,,,,,,,Case Rate,"100% Medicare OPPS FS. ",9792.97,,,,,,,Case Rate,"100% Medicare OPPS FS. ",94064.83,,,,,,,Case Rate,". MPL 100/50/25% all add ons apply, and lesser of 100% of billed charges",26526,,,,,,,Case Rate,". MPL 100/50/25% all add ons apply, and lesser of 100% of billed charges",26526,,,,,,,Case Rate,". MPL 100/50/25% all add ons apply, and lesser of 100% of billed charges",9792.97,,,,,,,Case Rate,"100% Medicare OPPS FS. ",21221,,,,,,,Case Rate,". MPL 100/50/25% all add ons apply, and lesser of 100% of billed charges",54796,,,,,,,Case Rate,". Primary procedure pays at 100%, all subsequent at 50%.",9768.42,,,,,,,Fee Schedule,"120 Percent of Medicaid APG. ",8140.35,,,,,,,Case Rate,"100 Percent of Medicaid APG. ",46576,,,,,,,Case Rate,". ",23873,,,,,,,Case Rate,". MPL 100/50/25% all add ons apply, and lesser of 100% of billed charges",23873,,,,,,,Case Rate,". MPL 100/50/25% all add ons apply, and lesser of 100% of billed charges",26526,,,,,,,Case Rate,". MPL 100/50/25% all add ons apply, and lesser of 100% of billed charges",14948,,,,,,,Case Rate,". MPL 100/75/50% all add ons apply, and lesser of 100% of billed charges",9792.97,,,,,,,Case Rate,"100%Medicare OPPS FS. ",8547.37,,,,,,,Fee Schedule,105 percent of Medicaid APG. otherwise 105% of Ordered NYS MCD FS or 105% of ASP+6%,8547.37,,,,,,,Fee Schedule,105 percent of Medicaid APG. otherwise 105% of Ordered NYS MCD FS or 105% of ASP+6%,8547.37,,,,,,,Fee Schedule,105 percent of Medicaid APG. otherwise 105% of Ordered NYS MCD FS or 105% of ASP+6%,10989.47,,,,,,,Fee Schedule,135 percent of Medicaid APG. otherwise 135% of Ordered NYS MCD FS or 135% of ASP+6%,94064.83,,,,,,,Case Rate,". MPL 100/50/25% all add ons apply, and lesser of 100% of billed charges",8547.37,,,,,,,Fee Schedule,105 percent of Medicaid APG. otherwise 105% of Ordered NYS MCD FS or 105% of ASP+6%,8547.37,,,,,,,Fee Schedule,105 percent of Medicaid APG. otherwise 105% of Ordered NYS MCD FS or 105% of ASP+6%,8547.37,,,,,,,Fee Schedule,105 percent of Medicaid APG. otherwise 105% of Ordered NYS MCD FS or 105% of ASP+6%,8547.37,,,,,,,Fee Schedule,105 percent of Medicaid APG. otherwise 105% of Ordered NYS MCD FS or 105% of ASP+6%,8547.37,,,,,,,Fee Schedule,105 percent of Medicaid APG. otherwise 105% of Ordered NYS MCD FS or 105% of ASP+6%,10989.47,,,,,,,Fee Schedule,135 percent of Medicaid APG. otherwise 135% of Ordered NYS MCD FS or 135% of ASP+6%,10989.47,,,,,,,Fee Schedule,135 percent of Medicaid APG. otherwise 135% of Ordered NYS MCD FS or 135% of ASP+6%,9792.97,,,,,,,Case Rate,"100% Medicare OPPS FS. ",94064.83,,,,,,,Case Rate,". MPL 100/50/25% all add ons apply, and lesser of 100% of billed charges",9792.97,,,,,,,Case Rate,"100% Medicare OPPS FS. ",8547.37,,,,,,,Fee Schedule,105 percent of Medicaid APG. otherwise 105% of Ordered NYS MCD FS or 105% of ASP+6%,26526,,,,,,,Case Rate,". MPL 100/50/25% all add ons apply, and lesser of 100% of billed charges",9792.97,,,,,,,Case Rate,"100% Medicare OPPS FS. ",26526,,,,,,,Case Rate,". MPL 100/50/25% all add ons apply, and lesser of 100% of billed charges",26526,,,,,,,Case Rate,". MPL 100/50/25% all add ons apply, and lesser of 100% of billed charges",26526,,,,,,,Case Rate,". MPL 100/50/25% all add ons apply, and lesser of 100% of billed charges",8547.37,,,,,,,Fee Schedule,105 percent of Medicaid APG. otherwise 105% of Ordered NYS MCD FS or 105% of ASP+6%,9792.97,,,,,,,Case Rate,"100% Medicare OPPS FS. ",26526,,,,,,,Case Rate,". MPL 100/50/25% all add ons apply, and lesser of 100% of billed charges",10989.47,,,,,,,Fee Schedule,135 percent of Medicaid APG. otherwise 135% of Ordered NYS MCD FS or 135% of ASP+6%,26526,,,,,,,Case Rate,". MPL 100/50/25% all add ons apply, and lesser of 100% of billed charges",83842.46,200,,,,,0,Case Rate,200% of Medicare OPPS. ; No services were performed during the 15 month look back period.,9792.97,,,,,,,Case Rate,"100%Medicare OPPS FS. ",46576,,,,,,,Case Rate,". ",46576,,,,,,,Case Rate,". ",46576,,,,,,,Case Rate,". ",46576,,,,,,,Case Rate,". ",46576,,,,,,,Case Rate,". ",54796,,,,,,,Case Rate,". Primary procedure pays at 100%, all subsequent at 50%.",54796,,,,,,,Case Rate,". Primary procedure pays at 100%, all subsequent at 50%.",46576,,,,,,,Case Rate,". ",46576,,,,,,,Case Rate,". ",46576,,,,,,,Case Rate,". ",46576,,,,,,,Case Rate,". ",46576,,,,,,,Case Rate,". ",9792.97,,,,,,,Case Rate,"100% Medicare OPPS FS. ",54796,,,,,,,Case Rate,". Primary procedure pays at 100%, all subsequent at 50%.",9792.97,,,,,,,Case Rate,"100% Medicare OPPS FS. ",18315.78,,,,,,,Case Rate,"225 Percent of Medicaid APG. If not included in Medicaid APG, then 100 Percent of Manhattan Medicare",8140.35,,,,,,,Case Rate,"100 Percent of Medicaid APG. ",94064.83,,,,,,,Case Rate,". MPL 100/50/25% all add ons apply, and lesser of 100% of billed charges",94064.83,,,,,,,Case Rate,". MPL 100/50/25% all add ons apply, and lesser of 100% of billed charges",9792.97,,,,,,,Case Rate,"100% Medicare OPPS FS. ",71078,,,,,,,Case Rate,". Primary procedure pays at 100%, all subsequent at 50%.",9792.97,,,,,,,Case Rate,"100% Medicare OPPS FS. ",9792.97,,,,,,,Case Rate,"100% Medicare OPPS FS. ",43556,,,,,,,Case Rate,". Primary procedure pays at 100%, secondary at 50%, all subsequent at 25%.  Lesser of applies when negotiated rates exceed charges less addons.",9792.97,,,,,,,Case Rate,"100% Medicare OPPS FS. ",6487,,,,,,,Case Rate,". MPL 100/50/25% maxmium of 3 procedures. All add ons apply, and lesser of 100% of billed charges",9792.97,,,,,,,Case Rate,"100% Medicare OPPS FS. ",6487,,,,,,,Case Rate,". MPL 100/50/25% maxmium of 3 procedures. All add ons apply, and lesser of 100% of billed charges",43556,,,,,,,Case Rate,". Primary procedure pays at 100%, secondary at 50%, all subsequent at 25%.  Lesser of applies when negotiated rates exceed charges less addons.",6487,,,,,,,Case Rate,". MPL 100/50/25% maxmium of 3 procedures. All add ons apply, and lesser of 100% of billed charges",9792.97,,,,,,,Case Rate,"100% Medicare OPPS FS. ",8140.35,,,,,,,Case Rate,"100 Percent of Medicaid APG. ",9792.97,,,,,,,Case Rate,"100% Medicare OPPS FS. ",6487,,,,,,,Case Rate,". MPL 100/50/25% maxmium of 3 procedures. All add ons apply, and lesser of 100% of billed charges",94064.83,,,,,,,Case Rate,". MPL 100/50/25% all add ons apply, and lesser of 100% of billed charges",8140.35,,,,,,,Case Rate,"100 Percent of Medicaid APG. ",26526,,,,,,,Case Rate,". MPL 100/50/25% all add ons apply, and lesser of 100% of billed charges",9768.42,,,,,,,Fee Schedule,"120 Percent of Medicaid APG. ",9768.42,,,,,,,Fee Schedule,"120 Percent of Medicaid APG. ",26526,,,,,,,Case Rate,". MPL 100/50/25% all add ons apply, and lesser of 100% of billed charges",26526,,,,,,,Case Rate,". MPL 100/50/25% all add ons apply, and lesser of 100% of billed charges",26526,,,,,,,Case Rate,". MPL 100/50/25% all add ons apply, and lesser of 100% of billed charges",94064.83,,,,,,,Case Rate,". MPL 100/50/25% all add ons apply, and lesser of 100% of billed charges",26526,,,,,,,Case Rate,". MPL 100/50/25% all add ons apply, and lesser of 100% of billed charges",26526,,,,,,,Case Rate,". MPL 100/50/25% all add ons apply, and lesser of 100% of billed charges",26526,,,,,,,Case Rate,". MPL 100/50/25% all add ons apply, and lesser of 100% of billed charges",46576,,,,,,,Case Rate,". ",46576,,,,,,,Case Rate,". ",19390.07,,,,,,,Case Rate,198 Percent of Medicare OPPS. Metroplus will reimburse unlisted codes and described codes with no Medicare rate at 50 percent of charges.,8140.35,,,,,,,Case Rate,"100 Percent of Medicaid APG. ",94064.83,,,,,,,Case Rate,". MPL 100/50/25% all add ons apply, and lesser of 100% of billed charges",6487,,,,,,,Case Rate,". MPL 100/50/25% maxmium of 3 procedures. All add ons apply, and lesser of 100% of billed charges",43556,,,,,,,Case Rate,". Primary procedure pays at 100%, secondary at 50%, all subsequent at 25%.  Lesser of applies when negotiated rates exceed charges less addons.",94064.83,,,,,,,Case Rate,". MPL 100/50/25% all add ons apply, and lesser of 100% of billed charges",43556,,,,,,,Case Rate,". Primary procedure pays at 100%, secondary at 50%, all subsequent at 25%.  Lesser of applies when negotiated rates exceed charges less addons.",94064.83,,,,,,,Case Rate,". MPL 100/50/25% all add ons apply, and lesser of 100% of billed charges",26526,,,,,,,Case Rate,". MPL 100/50/25% all add ons apply, and lesser of 100% of billed charges",26526,,,,,,,Case Rate,". MPL 100/50/25% all add ons apply, and lesser of 100% of billed charges",26526,,,,,,,Case Rate,". MPL 100/50/25% all add ons apply, and lesser of 100% of billed charges",26526,,,,,,,Case Rate,". MPL 100/50/25% all add ons apply, and lesser of 100% of billed charges",9792.97,,,,,,,Case Rate,"100% Medicare OPPS FS. ",4122.21,94064.83,
33288,CPT,2027583,LOCAL,481,RC,HC RMVL&RPLCMT PHRNC NRV STIM TRNSVNS STIMJ/SNSG LD,46779.51,8888.1069,both,,,,579.05,,,,,,,Fee Schedule,"100 % 1199 Fee Schedule. ",579.05,,,,,,,Fee Schedule,"100 % 1199 Fee Schedule. ",8442,,,,,,,Case Rate,". Primary procedure pays at 100%, secondary at 50%, all subsequent at 25%.  Lesser of applies when negotiated rates exceed charges less addons.",46779.51,100,,,,,0,percent of total billed charges,100 percent of billed charges; No services were performed during the 15 month look back period.,14756.12,,,,,,,Case Rate,"100% Medicare OPPS FS. ",8442,,,,,,,Case Rate,". Primary procedure pays at 100%, secondary at 50%, all subsequent at 25%.  Lesser of applies when negotiated rates exceed charges less addons.",8442,,,,,,,Case Rate,". Primary procedure pays at 100%, secondary at 50%, all subsequent at 25%.  Lesser of applies when negotiated rates exceed charges less addons.",8442,,,,,,,Case Rate,". Primary procedure pays at 100%, secondary at 50%, all subsequent at 25%.  Lesser of applies when negotiated rates exceed charges less addons.",15151.93,,,,,,,Case Rate,"100 Percent of Medicaid APG. ",12626.61,,,,,,,Case Rate,"100 Percent of Medicaid APG. ",36488.0178,78,,,,,0,percent of total billed charges,78% of Billed Charges. Lesser of 100% of billed charges applies.; No services were performed during the 15 month look back period.,20884.09,,,,,,,Case Rate,". MPL 100/50/25% all add ons apply, and lesser of 100% of billed charges",12626.61,,,,,,,Case Rate,"100 Percent of Medicaid APG. ",14756.12,,,,,,,Case Rate,"100% Medicare OPPS FS. ",28067.706,60,,,,,0,percent of total billed charges,60 percent of billed charges; No services were performed during the 15 month look back period.,28067.706,60,,,,,0,percent of total billed charges,60 percent of billed charges; No services were performed during the 15 month look back period.,28067.706,60,,,,,0,percent of total billed charges,60 percent of billed charges; No services were performed during the 15 month look back period.,28067.706,60,,,,,0,percent of total billed charges,60 percent of billed charges; No services were performed during the 15 month look back period.,495.44,,,,,,,Fee schedule,90 Percent of Medicare RBRVS. Covered services not payable under Medicaid Fee Schedules default to a payment of 50 percent of charges.,14756.12,,,,,,,Case Rate,"100% Medicare OPPS FS. ",495.44,,,,,,,Fee schedule,90 Percent of Medicare RBRVS. Covered services not payable under Medicaid Fee Schedules default to a payment of 50 percent of charges.,36488.0178,78,,,,,0,percent of total billed charges,78% of Billed Charges. Lesser of 100% of billed charges applies.; No services were performed during the 15 month look back period.,8442,,,,,,,Case Rate,". Primary procedure pays at 100%, secondary at 50%, all subsequent at 25%.  Lesser of applies when negotiated rates exceed charges less addons.",14756.12,,,,,,,Case Rate,"100%Medicare OPPS FS. ",54796,,,,,,,Case Rate,". Primary procedure pays at 100%, all subsequent at 50%.",14756.12,,,,,,,Case Rate,"100%Medicare OPPS FS. ",14756.12,,,,,,,Case Rate,"100%Medicare OPPS FS. ",36488.0178,78,,,,,0,percent of total billed charges,78% of Billed Charges. Lesser of 100% of billed charges applies.; No services were performed during the 15 month look back period.,495.44,,,,,,,Fee Schedule,90 Percent of Medicare RBRVS. Lesser of 100% of billed charges applies.,495.44,,,,,,,Fee Schedule,90 Percent of Medicare RBRVS. Lesser of 100% of billed charges applies.,12626.61,,,,,,,Case rate,"100 Percent of Medicaid APG. ",12626.61,,,,,,,Case rate,"100 Percent of Medicaid APG. ",54796,,,,,,,Case Rate,". Primary procedure pays at 100%, all subsequent at 50%.",54796,,,,,,,Case Rate,". Primary procedure pays at 100%, all subsequent at 50%.",12626.61,,,,,,,Case Rate,"100 Percent of Medicaid APG. Not APG payable, or payable under another fee schedule like ASP/AWP pays at 30% of charges",54796,,,,,,,Case Rate,". Primary procedure pays at 100%, all subsequent at 50%.",12626.61,,,,,,,Case Rate,"100 Percent of Medicaid APG. Not APG payable, or payable under another fee schedule like ASP/AWP pays at 30% of charges",14756.12,,,,,,,Case Rate,"100%Medicare OPPS FS. ",54796,,,,,,,Case Rate,". Primary procedure pays at 100%, all subsequent at 50%.",36488.0178,78,,,,,0,percent of total billed charges,78% of Billed Charges. Lesser of 100% of billed charges applies.; No services were performed during the 15 month look back period.,12626.61,,,,,,,Case Rate,"100 Percent of Medicaid APG. ",12626.61,,,,,,,Case Rate,"100 Percent of Medicaid APG. ",36488.0178,78,,,,,0,percent of total billed charges,78% of Billed Charges. Lesser of 100% of billed charges applies.; No services were performed during the 15 month look back period.,28067.706,60,,,,,0,percent of total billed charges,60 percent of billed charges; No services were performed during the 15 month look back period.,18000,,,,,,,Case Rate,". MPL 100/50/25% all add ons apply, and lesser of 100% of billed charges",18000,,,,,,,Case Rate,". MPL 100/50/25% all add ons apply, and lesser of 100% of billed charges",36488.0178,78,,,,,0,percent of total billed charges,78% of Billed Charges. Lesser of 100% of billed charges applies.; No services were performed during the 15 month look back period.,14756.12,,,,,,,Case Rate,"100% Medicare OPPS FS. ",20884.09,,,,,,,Case Rate,". MPL 100/50/25% all add ons apply, and lesser of 100% of billed charges",20884.09,,,,,,,Case Rate,". MPL 100/50/25% all add ons apply, and lesser of 100% of billed charges",20884.09,,,,,,,Case Rate,". MPL 100/50/25% all add ons apply, and lesser of 100% of billed charges",14756.12,,,,,,,Case Rate,"100% Medicare OPPS FS. ",20884.09,,,,,,,Case Rate,". MPL 100/50/25% all add ons apply, and lesser of 100% of billed charges",20884.09,,,,,,,Case Rate,". MPL 100/50/25% all add ons apply, and lesser of 100% of billed charges",14756.12,,,,,,,Case Rate,"100% of Medicare OPPS. ",23389.755,50,,,,,0,percent of total billed charges,50 percent of billed charges; No services were performed during the 15 month look back period.,26526,,,,,,,Case Rate,". MPL 100/50/25% all add ons apply, and lesser of 100% of billed charges",26526,,,,,,,Case Rate,". MPL 100/50/25% all add ons apply, and lesser of 100% of billed charges",26526,,,,,,,Case Rate,". MPL 100/50/25% all add ons apply, and lesser of 100% of billed charges",26526,,,,,,,Case Rate,". MPL 100/50/25% all add ons apply, and lesser of 100% of billed charges",26526,,,,,,,Case Rate,". MPL 100/50/25% all add ons apply, and lesser of 100% of billed charges",26526,,,,,,,Case Rate,". MPL 100/50/25% all add ons apply, and lesser of 100% of billed charges",14756.12,,,,,,,Case Rate,"100% Medicare OPPS FS. ",14756.12,,,,,,,Case Rate,"100% Medicare OPPS FS. ",26526,,,,,,,Case Rate,". MPL 100/50/25% all add ons apply, and lesser of 100% of billed charges",36488.0178,78,,,,,0,percent of total billed charges,78% of Billed Charges. Lesser of 100% of billed charges applies.; No services were performed during the 15 month look back period.,36488.0178,78,,,,,0,percent of total billed charges,78% of Billed Charges. Lesser of 100% of billed charges applies.; No services were performed during the 15 month look back period.,36488.0178,78,,,,,0,percent of total billed charges,78% of Billed Charges. Lesser of 100% of billed charges applies.; No services were performed during the 15 month look back period.,36488.0178,78,,,,,0,percent of total billed charges,78% of Billed Charges. Lesser of 100% of billed charges applies.; No services were performed during the 15 month look back period.,36488.0178,78,,,,,0,percent of total billed charges,78% of Billed Charges. Lesser of 100% of billed charges applies.; No services were performed during the 15 month look back period.,36488.0178,78,,,,,0,percent of total billed charges,78% of Billed Charges. Lesser of 100% of billed charges applies.; No services were performed during the 15 month look back period.,36488.0178,78,,,,,0,percent of total billed charges,78% of Billed Charges. Lesser of 100% of billed charges applies.; No services were performed during the 15 month look back period.,36488.0178,78,,,,,0,percent of total billed charges,78% of Billed Charges. Lesser of 100% of billed charges applies.; No services were performed during the 15 month look back period.,36488.0178,78,,,,,0,percent of total billed charges,78% of Billed Charges. Lesser of 100% of billed charges applies.; No services were performed during the 15 month look back period.,36488.0178,78,,,,,0,percent of total billed charges,78% of Billed Charges. Lesser of 100% of billed charges applies.; No services were performed during the 15 month look back period.,36488.0178,78,,,,,0,percent of total billed charges,78% of Billed Charges. Lesser of 100% of billed charges applies.; No services were performed during the 15 month look back period.,36488.0178,78,,,,,0,percent of total billed charges,78% of Billed Charges. Lesser of 100% of billed charges applies.; No services were performed during the 15 month look back period.,36488.0178,78,,,,,0,percent of total billed charges,78% of Billed Charges. Lesser of 100% of billed charges applies.; No services were performed during the 15 month look back period.,36488.0178,78,,,,,0,percent of total billed charges,78% of Billed Charges. Lesser of 100% of billed charges applies.; No services were performed during the 15 month look back period.,36488.0178,78,,,,,0,percent of total billed charges,78% of Billed Charges. Lesser of 100% of billed charges applies.; No services were performed during the 15 month look back period.,36488.0178,78,,,,,0,percent of total billed charges,78% of Billed Charges. Lesser of 100% of billed charges applies.; No services were performed during the 15 month look back period.,36488.0178,78,,,,,0,percent of total billed charges,78% of Billed Charges. Lesser of 100% of billed charges applies.; No services were performed during the 15 month look back period.,36488.0178,78,,,,,0,percent of total billed charges,78% of Billed Charges. Lesser of 100% of billed charges applies.; No services were performed during the 15 month look back period.,36488.0178,78,,,,,0,percent of total billed charges,78% of Billed Charges. Lesser of 100% of billed charges applies.; No services were performed during the 15 month look back period.,36488.0178,78,,,,,0,percent of total billed charges,78% of Billed Charges. Lesser of 100% of billed charges applies.; No services were performed during the 15 month look back period.,36488.0178,78,,,,,0,percent of total billed charges,78% of Billed Charges. Lesser of 100% of billed charges applies.; No services were performed during the 15 month look back period.,36488.0178,78,,,,,0,percent of total billed charges,78% of Billed Charges. Lesser of 100% of billed charges applies.; No services were performed during the 15 month look back period.,36488.0178,78,,,,,0,percent of total billed charges,78% of Billed Charges. Lesser of 100% of billed charges applies.; No services were performed during the 15 month look back period.,36488.0178,78,,,,,0,percent of total billed charges,78% of Billed Charges. Lesser of 100% of billed charges applies.; No services were performed during the 15 month look back period.,36488.0178,78,,,,,0,percent of total billed charges,78% of Billed Charges. Lesser of 100% of billed charges applies.; No services were performed during the 15 month look back period.,36488.0178,78,,,,,0,percent of total billed charges,78% of Billed Charges. Lesser of 100% of billed charges applies.; No services were performed during the 15 month look back period.,54796,,,,,,,Case Rate,". Primary procedure pays at 100%, all subsequent at 50%.",54796,,,,,,,Case Rate,". Primary procedure pays at 100%, all subsequent at 50%.",54796,,,,,,,Case Rate,". Primary procedure pays at 100%, all subsequent at 50%.",54796,,,,,,,Case Rate,". Primary procedure pays at 100%, all subsequent at 50%.",71078,,,,,,,Case Rate,". Primary procedure pays at 100%, all subsequent at 50%.",71078,,,,,,,Case Rate,". Primary procedure pays at 100%, all subsequent at 50%.",28067.706,60,,,,,0,percent of total billed charges,60 percent of billed charges; No services were performed during the 15 month look back period.,26526,,,,,,,Case Rate,". MPL 100/50/25% all add ons apply, and lesser of 100% of billed charges",20884.09,,,,,,,Case Rate,". MPL 100/50/25% all add ons apply, and lesser of 100% of billed charges",26526,,,,,,,Case Rate,". MPL 100/50/25% all add ons apply, and lesser of 100% of billed charges",36488.0178,78,,,,,0,percent of total billed charges,78% of Billed Charges. Lesser of 100% of billed charges applies.; No services were performed during the 15 month look back period.,71078,,,,,,,Case Rate,". Primary procedure pays at 100%, all subsequent at 50%.",26526,,,,,,,Case Rate,". MPL 100/50/25% all add ons apply, and lesser of 100% of billed charges",20884.09,,,,,,,Case Rate,". MPL 100/50/25% all add ons apply, and lesser of 100% of billed charges",28067.706,60,,,,,0,percent of total billed charges,60 percent of billed charges; No services were performed during the 15 month look back period.,,,,,,,,,"NA. ",36488.0178,78,,,,,0,percent of total billed charges,78% of Billed Charges. Lesser of 100% of billed charges applies.; No services were performed during the 15 month look back period.,12626.61,,,,,,,Case Rate,"100 Percent of Medicaid APG. ",54796,,,,,,,Case Rate,". Primary procedure pays at 100%, all subsequent at 50%.",12626.61,,,,,,,Case Rate,"100 Percent of Medicaid APG. Not APG payable, or payable under another fee schedule like ASP/AWP pays at 30% of charges",14756.12,,,,,,,Case Rate,"100%Medicare OPPS FS. ",14756.12,,,,,,,Case Rate,"100% Medicare OPPS FS. ",23389.755,50,,,,,0,percent of total billed charges,50 percent of billed charges; No services were performed during the 15 month look back period.,14756.12,,,,,,,Case Rate,"100% Medicare OPPS FS. ",14756.12,,,,,,,Case Rate,"100% Medicare OPPS FS. ",12626.61,,,,,,,Case Rate,"100 Percent of Medicaid APG. ",14756.12,,,,,,,Case Rate,"100% Medicare OPPS FS. ",14756.12,,,,,,,Case Rate,"100% Medicare OPPS FS. ",8442,,,,,,,Case Rate,". Primary procedure pays at 100%, secondary at 50%, all subsequent at 25%.  Lesser of applies when negotiated rates exceed charges less addons.",8442,,,,,,,Case Rate,". Primary procedure pays at 100%, secondary at 50%, all subsequent at 25%.  Lesser of applies when negotiated rates exceed charges less addons.",14756.12,,,,,,,Case Rate,"100% Medicare OPPS FS. ",28067.706,60,,,,,0,percent of total billed charges,60 percent of billed charges; No services were performed during the 15 month look back period.,20884.09,,,,,,,Case Rate,". MPL 100/50/25% all add ons apply, and lesser of 100% of billed charges",20884.09,,,,,,,Case Rate,". MPL 100/50/25% all add ons apply, and lesser of 100% of billed charges",14756.12,,,,,,,Case Rate,"100% Medicare OPPS FS. ",28067.706,60,,,,,0,percent of total billed charges,60 percent of billed charges; No services were performed during the 15 month look back period.,8442,,,,,,,Case Rate,". Primary procedure pays at 100%, secondary at 50%, all subsequent at 25%.  Lesser of applies when negotiated rates exceed charges less addons.",8442,,,,,,,Case Rate,". Primary procedure pays at 100%, secondary at 50%, all subsequent at 25%.  Lesser of applies when negotiated rates exceed charges less addons.",8442,,,,,,,Case Rate,". Primary procedure pays at 100%, secondary at 50%, all subsequent at 25%.  Lesser of applies when negotiated rates exceed charges less addons.",36488.0178,78,,,,,0,percent of total billed charges,78% of Billed Charges. Lesser of 100% of billed charges applies.; No services were performed during the 15 month look back period.,36488.0178,78,,,,,0,percent of total billed charges,78% of Billed Charges. Lesser of 100% of billed charges applies.; No services were performed during the 15 month look back period.,36488.0178,78,,,,,0,percent of total billed charges,78% of Billed Charges. Lesser of 100% of billed charges applies.; No services were performed during the 15 month look back period.,36488.0178,78,,,,,0,percent of total billed charges,78% of Billed Charges. Lesser of 100% of billed charges applies.; No services were performed during the 15 month look back period.,36488.0178,78,,,,,0,percent of total billed charges,78% of Billed Charges. Lesser of 100% of billed charges applies.; No services were performed during the 15 month look back period.,36488.0178,78,,,,,0,percent of total billed charges,78% of Billed Charges. Lesser of 100% of billed charges applies.; No services were performed during the 15 month look back period.,36488.0178,78,,,,,0,percent of total billed charges,78% of Billed Charges. Lesser of 100% of billed charges applies.; No services were performed during the 15 month look back period.,36488.0178,78,,,,,0,percent of total billed charges,78% of Billed Charges. Lesser of 100% of billed charges applies.; No services were performed during the 15 month look back period.,36488.0178,78,,,,,0,percent of total billed charges,78% of Billed Charges. Lesser of 100% of billed charges applies.; No services were performed during the 15 month look back period.,36488.0178,78,,,,,0,percent of total billed charges,78% of Billed Charges. Lesser of 100% of billed charges applies.; No services were performed during the 15 month look back period.,36488.0178,78,,,,,0,percent of total billed charges,78% of Billed Charges. Lesser of 100% of billed charges applies.; No services were performed during the 15 month look back period.,71078,,,,,,,Case Rate,". Primary procedure pays at 100%, all subsequent at 50%.",26526,,,,,,,Case Rate,". MPL 100/50/25% all add ons apply, and lesser of 100% of billed charges",28067.706,60,,,,,0,percent of total billed charges,60 percent of billed charges; No services were performed during the 15 month look back period.,14756.12,,,,,,,Case Rate,"100% Medicare OPPS FS. ",8442,,,,,,,Case Rate,". Primary procedure pays at 100%, secondary at 50%, all subsequent at 25%.  Lesser of applies when negotiated rates exceed charges less addons.",28067.706,60,,,,,0,percent of total billed charges,60 percent of billed charges; No services were performed during the 15 month look back period.,28067.706,60,,,,,0,percent of total billed charges,60 percent of billed charges; No services were performed during the 15 month look back period.,36488.0178,78,,,,,0,percent of total billed charges,78% of Billed Charges. Lesser of 100% of billed charges applies.; No services were performed during the 15 month look back period.,27020.94,,,,,,,Case Rate,"214 Percent of Medicaid APG. Drugs not priced under APG, billed with revenue code 636 and not priced by Medicare ASP FeeSched will be reimbursed at 20% of charges.",28067.706,60,,,,,0,percent of total billed charges,60 percent of billed charges; No services were performed during the 15 month look back period.,12626.61,,,,,,,Case Rate,"100 Percent of Medicaid APG. ",14756.12,,,,,,,Case Rate,"100% Medicare OPPS FS. ",14756.12,,,,,,,Case Rate,"100% Medicare OPPS FS. ",14756.12,,,,,,,Case Rate,"100% Medicare OPPS FS. ",14756.12,,,,,,,Case Rate,"100% Medicare OPPS FS. ",14756.12,,,,,,,Case Rate,"100% Medicare OPPS FS. ",14756.12,,,,,,,Case Rate,"100% Medicare OPPS FS. ",28067.706,60,,,,,0,percent of total billed charges,60 percent of billed charges; No services were performed during the 15 month look back period.,23389.755,50,,,,,0,percent of total billed charges,50 percent of billed charges; No services were performed during the 15 month look back period.,880.78,,,,,,,Fee Schedule,"160 Percent of Medicare RBRVS. ",880.78,,,,,,,Fee Schedule,"160 Percent of Medicare RBRVS. ",880.78,,,,,,,Fee Schedule,"160 Percent of Medicare RBRVS. ",880.78,,,,,,,Fee Schedule,"160 Percent of Medicare RBRVS. ",880.78,,,,,,,Fee Schedule,"160 Percent of Medicare RBRVS. ",,,,,,,,,"NA. ",23389.755,50,,,,,0,percent of total billed charges,50 percent of billed charges; No services were performed during the 15 month look back period.,29217.11,,,,,,,Case Rate,198 Percent of Medicare OPPS. Metroplus will reimburse unlisted codes and described codes with no Medicare rate at 50 percent of charges.,29217.11,,,,,,,Case Rate,198 Percent of Medicare OPPS. Metroplus will reimburse unlisted codes and described codes with no Medicare rate at 50 percent of charges.,29217.11,,,,,,,Case Rate,198 Percent of Medicare OPPS. Metroplus will reimburse unlisted codes and described codes with no Medicare rate at 50 percent of charges.,29217.11,,,,,,,Case Rate,198 Percent of Medicare OPPS. Metroplus will reimburse unlisted codes and described codes with no Medicare rate at 50 percent of charges.,29217.11,,,,,,,Case Rate,198 Percent of Medicare OPPS. Metroplus will reimburse unlisted codes and described codes with no Medicare rate at 50 percent of charges.,14756.12,,,,,,,Case Rate,"100% Medicare OPPS FS. ",71078,,,,,,,Case Rate,". Primary procedure pays at 100%, all subsequent at 50%.",71078,,,,,,,Case Rate,". Primary procedure pays at 100%, all subsequent at 50%.",71078,,,,,,,Case Rate,". Primary procedure pays at 100%, all subsequent at 50%.",71078,,,,,,,Case Rate,". Primary procedure pays at 100%, all subsequent at 50%.",8442,,,,,,,Case Rate,". Primary procedure pays at 100%, secondary at 50%, all subsequent at 25%.  Lesser of applies when negotiated rates exceed charges less addons.",8442,,,,,,,Case Rate,". Primary procedure pays at 100%, secondary at 50%, all subsequent at 25%.  Lesser of applies when negotiated rates exceed charges less addons.",8442,,,,,,,Case Rate,". Primary procedure pays at 100%, secondary at 50%, all subsequent at 25%.  Lesser of applies when negotiated rates exceed charges less addons.",8442,,,,,,,Case Rate,". Primary procedure pays at 100%, secondary at 50%, all subsequent at 25%.  Lesser of applies when negotiated rates exceed charges less addons.",23389.755,50,,,,,0,percent of total billed charges,50 percent of billed charges; No services were performed during the 15 month look back period.,23389.755,50,,,,,0,percent of total billed charges,50 percent of billed charges; No services were performed during the 15 month look back period.,14756.12,,,,,,,Case Rate,"100% Medicare OPPS FS. ",14756.12,,,,,,,Case Rate,"100% Medicare OPPS FS. ",14756.12,,,,,,,Case Rate,"100% Medicare OPPS FS. ",26526,,,,,,,Case Rate,". MPL 100/50/25% all add ons apply, and lesser of 100% of billed charges",26526,,,,,,,Case Rate,". MPL 100/50/25% all add ons apply, and lesser of 100% of billed charges",26526,,,,,,,Case Rate,". MPL 100/50/25% all add ons apply, and lesser of 100% of billed charges",23389.755,50,,,,,0,percent of total billed charges,50 percent of billed charges; No services were performed during the 15 month look back period.,8442,,,,,,,Case Rate,". Primary procedure pays at 100%, secondary at 50%, all subsequent at 25%.  Lesser of applies when negotiated rates exceed charges less addons.",14756.12,,,,,,,Case Rate,"100% Medicare OPPS FS. ",26526,,,,,,,Case Rate,". MPL 100/50/25% all add ons apply, and lesser of 100% of billed charges",12626.61,,,,,,,Case Rate,"100 Percent of Medicaid APG. ",15051.24,,,,,,,Case Rate,"102% of Medicare OPPS. ",15051.24,,,,,,,Case Rate,"102% of Medicare OPPS. ",15051.24,,,,,,,Case Rate,"102% of Medicare OPPS. ",12626.61,,,,,,,Case rate,"100 Percent of Medicaid APG. ",28409.87,,,,,,,Case Rate,225% of NYS APG. Lesser of 100% of billed charges applies.,28409.87,,,,,,,Case Rate,225% of NYS APG. Lesser of 100% of billed charges applies.,28409.87,,,,,,,Case Rate,225% of NYS APG. Lesser of 100% of billed charges applies.,28409.87,,,,,,,Case Rate,225% of NYS APG. Lesser of 100% of billed charges applies.,28409.87,,,,,,,Case Rate,225% of NYS APG. Lesser of 100% of billed charges applies.,15051.24,,,,,,,Case Rate,"102% of Medicare OPPS. ",12626.61,,,,,,,Case Rate,"100 Percent of Medicaid APG. ",495.44,,,,,,,Fee Schedule,90 Percent of Medicare RBRVS. Lesser of 100% of billed charges applies.,28409.87,,,,,,,Case Rate,225% of NYS APG. Lesser of 100% of billed charges applies.,28409.87,,,,,,,Case Rate,225% of NYS APG. Lesser of 100% of billed charges applies.,495.44,,,,,,,Fee Schedule,90 Percent of Medicare RBRVS. Lesser of 100% of billed charges applies.,495.44,,,,,,,Fee Schedule,90 Percent of Medicare RBRVS. Lesser of 100% of billed charges applies.,880.78,,,,,,,Fee Schedule,"160 Percent of Medicare RBRVS. ",14756.12,,,,,,,Case Rate,"100% Medicare OPPS FS. ",14756.12,,,,,,,Case Rate,"100% Medicare OPPS FS. ",8442,,,,,,,Case Rate,". Primary procedure pays at 100%, secondary at 50%, all subsequent at 25%.  Lesser of applies when negotiated rates exceed charges less addons.",14756.12,,,,,,,Case Rate,"100% Medicare OPPS FS. ",28409.87,,,,,,,Case Rate,"225 Percent of Medicaid APG. ",28409.87,,,,,,,Case Rate,"225 Percent of Medicaid APG. ",12626.61,,,,,,,Case rate,"100 Percent of Medicaid APG. ",12626.61,,,,,,,Case rate,"100 Percent of Medicaid APG. ",28409.87,,,,,,,Case Rate,225 Percent of Medicaid APG. Covered services not payable under Medicaid Fee Schedules default to a payment of 87.5 percent of charges.,495.44,,,,,,,Fee schedule,90 Percent of Medicare RBRVS. Covered services not payable under Medicaid Fee Schedules default to a payment of 50 percent of charges.,28409.87,,,,,,,Case Rate,"100 Percent of Medicaid APG. ",28409.87,,,,,,,Case Rate,"100 Percent of Medicaid APG. ",28409.87,,,,,,,Case Rate,"100 Percent of Medicaid APG. ",28409.87,,,,,,,Case Rate,"100 Percent of Medicaid APG. ",,,,,,,,,,23389.755,50,,,,,0,percent of total billed charges,50 percent of billed charges; No services were performed during the 15 month look back period.,15151.93,,,,,,,Case Rate,"120 Percent of Medicaid APG. Not APG payable, or payable under another fee schedule like ASP/AWP pays at 30% of charges",15151.93,,,,,,,Case Rate,"120 Percent of Medicaid APG. Not APG payable, or payable under another fee schedule like ASP/AWP pays at 30% of charges",12626.61,,,,,,,Case Rate,"100 Percent of Medicaid APG. Not APG payable, or payable under another fee schedule like ASP/AWP pays at 30% of charges",12626.61,,,,,,,Case Rate,"100 Percent of Medicaid APG. Not APG payable, or payable under another fee schedule like ASP/AWP pays at 30% of charges",26526,,,,,,,Case Rate,". MPL 100/50/25% all add ons apply, and lesser of 100% of billed charges",26526,,,,,,,Case Rate,". MPL 100/50/25% all add ons apply, and lesser of 100% of billed charges",14756.12,,,,,,,Case Rate,"100% Medicare OPPS FS. ",26526,,,,,,,Case Rate,". MPL 100/50/25% all add ons apply, and lesser of 100% of billed charges",26526,,,,,,,Case Rate,". MPL 100/50/25% all add ons apply, and lesser of 100% of billed charges",26526,,,,,,,Case Rate,". MPL 100/50/25% all add ons apply, and lesser of 100% of billed charges",26526,,,,,,,Case Rate,". MPL 100/50/25% all add ons apply, and lesser of 100% of billed charges",14756.12,,,,,,,Case Rate,"100% Medicare OPPS FS. ",26526,,,,,,,Case Rate,". MPL 100/50/25% all add ons apply, and lesser of 100% of billed charges",26526,,,,,,,Case Rate,". MPL 100/50/25% all add ons apply, and lesser of 100% of billed charges",8442,,,,,,,Case Rate,". Primary procedure pays at 100%, secondary at 50%, all subsequent at 25%.  Lesser of applies when negotiated rates exceed charges less addons.",12626.61,,,,,,,Fee Schedule,100% APG. Lesser of 100% of billed charges applies.,495.44,,,,,,,Fee schedule,90 Percent of Medicare RBRVS. Covered services not payable under Medicaid Fee Schedules default to a payment of 50 percent of charges.,28409.87,,,,,,,Case Rate,225% of NYS APG. Lesser of 100% of billed charges applies.,28409.87,,,,,,,Case Rate,225 Percent of Medicaid APG. Covered services not payable under Medicaid Fee Schedules default to a payment of 87.5 percent of charges.,495.44,,,,,,,Fee schedule,90 Percent of Medicare RBRVS. Covered services not payable under Medicaid Fee Schedules default to a payment of 50 percent of charges.,28409.87,,,,,,,Case Rate,225% of NYS APG. Lesser of 100% of billed charges applies.,28409.87,,,,,,,Case Rate,225% of NYS APG. Lesser of 100% of billed charges applies.,28409.87,,,,,,,Case Rate,225% of NYS APG. Lesser of 100% of billed charges applies.,28409.87,,,,,,,Case Rate,225% of NYS APG. Lesser of 100% of billed charges applies.,28409.87,,,,,,,Case Rate,225% of NYS APG. Lesser of 100% of billed charges applies.,28409.87,,,,,,,Case Rate,225% of NYS APG. Lesser of 100% of billed charges applies.,,,,,,,,,"NA. ",,,,,,,,,"NA. ",,,,,,,,,"NA. ",28067.706,60,,,,,0,percent of total billed charges,60 percent of billed charges; No services were performed during the 15 month look back period.,,,,,,,,,"NA. ",14756.12,,,,,,,Case Rate,"100% Medicare OPPS FS. ",579.05,,,,,,,Fee Schedule,"100 % 1199 Fee Schedule. ",14756.12,,,,,,,Case Rate,"100% Medicare OPPS FS. ",14756.12,,,,,,,Case Rate,"100% Medicare OPPS FS. ",15151.93,,,,,,,Case Rate,"120 Percent of Medicaid APG. Not APG payable, or payable under another fee schedule like ASP/AWP pays at 30% of charges",15151.93,,,,,,,Case Rate,"120 Percent of Medicaid APG. Not APG payable, or payable under another fee schedule like ASP/AWP pays at 30% of charges",12626.61,,,,,,,Case Rate,"100 Percent of Medicaid APG. Not APG payable, or payable under another fee schedule like ASP/AWP pays at 30% of charges",12626.61,,,,,,,Case Rate,"100 Percent of Medicaid APG. Not APG payable, or payable under another fee schedule like ASP/AWP pays at 30% of charges",12626.61,,,,,,,Case Rate,"100 Percent of Medicaid APG. ",46576,,,,,,,Case Rate,". ",8442,,,,,,,Case Rate,". Primary procedure pays at 100%, secondary at 50%, all subsequent at 25%.  Lesser of applies when negotiated rates exceed charges less addons.",54796,,,,,,,Case Rate,". Primary procedure pays at 100%, all subsequent at 50%.",28067.706,60,,,,,0,percent of total billed charges,60 percent of billed charges; No services were performed during the 15 month look back period.,14756.12,,,,,,,Case Rate,"100%Medicare OPPS FS. ",14756.12,,,,,,,Case Rate,"100% Medicare OPPS FS. ",14756.12,,,,,,,Case Rate,"100% Medicare OPPS FS. ",14756.12,,,,,,,Case Rate,"100% Medicare OPPS FS. ",14756.12,,,,,,,Case Rate,"100%Medicare OPPS FS. ",14756.12,,,,,,,Case Rate,"100% Medicare OPPS FS. ",,,,,,,,,"NA. ",28409.87,,,,,,,Case Rate,225% of NYS APG. Lesser of 100% of billed charges applies.,495.44,,,,,,,Fee Schedule,90 Percent of Medicare RBRVS. Lesser of 100% of billed charges applies.,26526,,,,,,,Case Rate,". MPL 100/50/25% all add ons apply, and lesser of 100% of billed charges",46576,,,,,,,Case Rate,". ",46576,,,,,,,Case Rate,". ",46576,,,,,,,Case Rate,". ",46576,,,,,,,Case Rate,". ",14756.12,,,,,,,Case Rate,"100% Medicare OPPS FS. ",12626.61,,,,,,,Case Rate,"100 Percent of Medicaid APG. ",26526,,,,,,,Case Rate,". MPL 100/50/25% all add ons apply, and lesser of 100% of billed charges",12626.61,,,,,,,Case Rate,"100 Percent of Medicaid APG. ",14756.12,,,,,,,Case Rate,"100% Medicare OPPS FS. ",12626.61,,,,,,,Case Rate,"100 Percent of Medicaid APG. ",14756.12,,,,,,,Case Rate,"100% Medicare OPPS FS. ",14756.12,,,,,,,Case Rate,"100% Medicare OPPS FS. ",12626.61,,,,,,,Case Rate,"100 Percent of Medicaid APG. ",12626.61,,,,,,,Case Rate,"100 Percent of Medicaid APG. ",46576,,,,,,,Case Rate,". ",28067.706,60,,,,,0,percent of total billed charges,60 percent of billed charges; No services were performed during the 15 month look back period.,36488.0178,78,,,,,0,percent of total billed charges,78% of Billed Charges. Lesser of 100% of billed charges applies.; No services were performed during the 15 month look back period.,20884.09,,,,,,,Case Rate,". MPL 100/50/25% all add ons apply, and lesser of 100% of billed charges",20884.09,,,,,,,Case Rate,". MPL 100/50/25% all add ons apply, and lesser of 100% of billed charges",8442,,,,,,,Case Rate,". Primary procedure pays at 100%, secondary at 50%, all subsequent at 25%.  Lesser of applies when negotiated rates exceed charges less addons.",10468.04,,,,,,,Case Rate,"83% HF Fee schedule. ",71078,,,,,,,Case Rate,". Primary procedure pays at 100%, all subsequent at 50%.",71078,,,,,,,Case Rate,". Primary procedure pays at 100%, all subsequent at 50%.",21221,,,,,,,Case Rate,". MPL 100/50/25% all add ons apply, and lesser of 100% of billed charges",21221,,,,,,,Case Rate,". MPL 100/50/25% all add ons apply, and lesser of 100% of billed charges",14756.12,,,,,,,Case Rate,"100% Medicare OPPS FS. ",14756.12,,,,,,,Case Rate,"100% Medicare OPPS FS. ",14756.12,,,,,,,Case Rate,"100% Medicare OPPS FS. ",14756.12,,,,,,,Case Rate,"100% Medicare OPPS FS. ",20884.09,,,,,,,Case Rate,". MPL 100/50/25% all add ons apply, and lesser of 100% of billed charges",26526,,,,,,,Case Rate,". MPL 100/50/25% all add ons apply, and lesser of 100% of billed charges",26526,,,,,,,Case Rate,". MPL 100/50/25% all add ons apply, and lesser of 100% of billed charges",14756.12,,,,,,,Case Rate,"100% Medicare OPPS FS. ",21221,,,,,,,Case Rate,". MPL 100/50/25% all add ons apply, and lesser of 100% of billed charges",54796,,,,,,,Case Rate,". Primary procedure pays at 100%, all subsequent at 50%.",15151.93,,,,,,,Fee Schedule,"120 Percent of Medicaid APG. ",12626.61,,,,,,,Case Rate,"100 Percent of Medicaid APG. ",46576,,,,,,,Case Rate,". ",23873,,,,,,,Case Rate,". MPL 100/50/25% all add ons apply, and lesser of 100% of billed charges",23873,,,,,,,Case Rate,". MPL 100/50/25% all add ons apply, and lesser of 100% of billed charges",26526,,,,,,,Case Rate,". MPL 100/50/25% all add ons apply, and lesser of 100% of billed charges",23389.755,50,,,,,0,percent of total billed charges,50 percent of billed charges; No services were performed during the 15 month look back period.,14756.12,,,,,,,Case Rate,"100%Medicare OPPS FS. ",13257.94,,,,,,,Fee Schedule,105 percent of Medicaid APG. otherwise 105% of Ordered NYS MCD FS or 105% of ASP+6%,13257.94,,,,,,,Fee Schedule,105 percent of Medicaid APG. otherwise 105% of Ordered NYS MCD FS or 105% of ASP+6%,13257.94,,,,,,,Fee Schedule,105 percent of Medicaid APG. otherwise 105% of Ordered NYS MCD FS or 105% of ASP+6%,17045.92,,,,,,,Fee Schedule,135 percent of Medicaid APG. otherwise 135% of Ordered NYS MCD FS or 135% of ASP+6%,20884.09,,,,,,,Case Rate,". MPL 100/50/25% all add ons apply, and lesser of 100% of billed charges",13257.94,,,,,,,Fee Schedule,105 percent of Medicaid APG. otherwise 105% of Ordered NYS MCD FS or 105% of ASP+6%,13257.94,,,,,,,Fee Schedule,105 percent of Medicaid APG. otherwise 105% of Ordered NYS MCD FS or 105% of ASP+6%,13257.94,,,,,,,Fee Schedule,105 percent of Medicaid APG. otherwise 105% of Ordered NYS MCD FS or 105% of ASP+6%,13257.94,,,,,,,Fee Schedule,105 percent of Medicaid APG. otherwise 105% of Ordered NYS MCD FS or 105% of ASP+6%,13257.94,,,,,,,Fee Schedule,105 percent of Medicaid APG. otherwise 105% of Ordered NYS MCD FS or 105% of ASP+6%,17045.92,,,,,,,Fee Schedule,135 percent of Medicaid APG. otherwise 135% of Ordered NYS MCD FS or 135% of ASP+6%,17045.92,,,,,,,Fee Schedule,135 percent of Medicaid APG. otherwise 135% of Ordered NYS MCD FS or 135% of ASP+6%,14756.12,,,,,,,Case Rate,"100% Medicare OPPS FS. ",20884.09,,,,,,,Case Rate,". MPL 100/50/25% all add ons apply, and lesser of 100% of billed charges",14756.12,,,,,,,Case Rate,"100% Medicare OPPS FS. ",13257.94,,,,,,,Fee Schedule,105 percent of Medicaid APG. otherwise 105% of Ordered NYS MCD FS or 105% of ASP+6%,26526,,,,,,,Case Rate,". MPL 100/50/25% all add ons apply, and lesser of 100% of billed charges",14756.12,,,,,,,Case Rate,"100% Medicare OPPS FS. ",26526,,,,,,,Case Rate,". MPL 100/50/25% all add ons apply, and lesser of 100% of billed charges",26526,,,,,,,Case Rate,". MPL 100/50/25% all add ons apply, and lesser of 100% of billed charges",26526,,,,,,,Case Rate,". MPL 100/50/25% all add ons apply, and lesser of 100% of billed charges",13257.94,,,,,,,Fee Schedule,105 percent of Medicaid APG. otherwise 105% of Ordered NYS MCD FS or 105% of ASP+6%,14756.12,,,,,,,Case Rate,"100% Medicare OPPS FS. ",26526,,,,,,,Case Rate,". MPL 100/50/25% all add ons apply, and lesser of 100% of billed charges",17045.92,,,,,,,Fee Schedule,135 percent of Medicaid APG. otherwise 135% of Ordered NYS MCD FS or 135% of ASP+6%,26526,,,,,,,Case Rate,". MPL 100/50/25% all add ons apply, and lesser of 100% of billed charges",93559.02,200,,,,,0,Case Rate,200% of Medicare OPPS. ; No services were performed during the 15 month look back period.,14756.12,,,,,,,Case Rate,"100%Medicare OPPS FS. ",46576,,,,,,,Case Rate,". ",46576,,,,,,,Case Rate,". ",46576,,,,,,,Case Rate,". ",46576,,,,,,,Case Rate,". ",46576,,,,,,,Case Rate,". ",54796,,,,,,,Case Rate,". Primary procedure pays at 100%, all subsequent at 50%.",54796,,,,,,,Case Rate,". Primary procedure pays at 100%, all subsequent at 50%.",46576,,,,,,,Case Rate,". ",46576,,,,,,,Case Rate,". ",46576,,,,,,,Case Rate,". ",46576,,,,,,,Case Rate,". ",46576,,,,,,,Case Rate,". ",14756.12,,,,,,,Case Rate,"100% Medicare OPPS FS. ",54796,,,,,,,Case Rate,". Primary procedure pays at 100%, all subsequent at 50%.",14756.12,,,,,,,Case Rate,"100% Medicare OPPS FS. ",28409.87,,,,,,,Case Rate,"225 Percent of Medicaid APG. If not included in Medicaid APG, then 100 Percent of Manhattan Medicare",12626.61,,,,,,,Case Rate,"100 Percent of Medicaid APG. ",20884.09,,,,,,,Case Rate,". MPL 100/50/25% all add ons apply, and lesser of 100% of billed charges",20884.09,,,,,,,Case Rate,". MPL 100/50/25% all add ons apply, and lesser of 100% of billed charges",14756.12,,,,,,,Case Rate,"100% Medicare OPPS FS. ",71078,,,,,,,Case Rate,". Primary procedure pays at 100%, all subsequent at 50%.",14756.12,,,,,,,Case Rate,"100% Medicare OPPS FS. ",14756.12,,,,,,,Case Rate,"100% Medicare OPPS FS. ",8442,,,,,,,Case Rate,". Primary procedure pays at 100%, secondary at 50%, all subsequent at 25%.  Lesser of applies when negotiated rates exceed charges less addons.",14756.12,,,,,,,Case Rate,"100% Medicare OPPS FS. ",28067.706,60,,,,,0,percent of total billed charges,60 percent of billed charges; No services were performed during the 15 month look back period.,14756.12,,,,,,,Case Rate,"100% Medicare OPPS FS. ",28067.706,60,,,,,0,percent of total billed charges,60 percent of billed charges; No services were performed during the 15 month look back period.,8442,,,,,,,Case Rate,". Primary procedure pays at 100%, secondary at 50%, all subsequent at 25%.  Lesser of applies when negotiated rates exceed charges less addons.",28067.706,60,,,,,0,percent of total billed charges,60 percent of billed charges; No services were performed during the 15 month look back period.,14756.12,,,,,,,Case Rate,"100% Medicare OPPS FS. ",12626.61,,,,,,,Case Rate,"100 Percent of Medicaid APG. ",14756.12,,,,,,,Case Rate,"100% Medicare OPPS FS. ",28067.706,60,,,,,0,percent of total billed charges,60 percent of billed charges; No services were performed during the 15 month look back period.,20884.09,,,,,,,Case Rate,". MPL 100/50/25% all add ons apply, and lesser of 100% of billed charges",12626.61,,,,,,,Case Rate,"100 Percent of Medicaid APG. ",26526,,,,,,,Case Rate,". MPL 100/50/25% all add ons apply, and lesser of 100% of billed charges",15151.93,,,,,,,Fee Schedule,"120 Percent of Medicaid APG. ",15151.93,,,,,,,Fee Schedule,"120 Percent of Medicaid APG. ",26526,,,,,,,Case Rate,". MPL 100/50/25% all add ons apply, and lesser of 100% of billed charges",26526,,,,,,,Case Rate,". MPL 100/50/25% all add ons apply, and lesser of 100% of billed charges",26526,,,,,,,Case Rate,". MPL 100/50/25% all add ons apply, and lesser of 100% of billed charges",20884.09,,,,,,,Case Rate,". MPL 100/50/25% all add ons apply, and lesser of 100% of billed charges",26526,,,,,,,Case Rate,". MPL 100/50/25% all add ons apply, and lesser of 100% of billed charges",26526,,,,,,,Case Rate,". MPL 100/50/25% all add ons apply, and lesser of 100% of billed charges",26526,,,,,,,Case Rate,". MPL 100/50/25% all add ons apply, and lesser of 100% of billed charges",46576,,,,,,,Case Rate,". ",46576,,,,,,,Case Rate,". ",29217.11,,,,,,,Case Rate,198 Percent of Medicare OPPS. Metroplus will reimburse unlisted codes and described codes with no Medicare rate at 50 percent of charges.,12626.61,,,,,,,Case Rate,"100 Percent of Medicaid APG. ",20884.09,,,,,,,Case Rate,". MPL 100/50/25% all add ons apply, and lesser of 100% of billed charges",28067.706,60,,,,,0,percent of total billed charges,60 percent of billed charges; No services were performed during the 15 month look back period.,8442,,,,,,,Case Rate,". Primary procedure pays at 100%, secondary at 50%, all subsequent at 25%.  Lesser of applies when negotiated rates exceed charges less addons.",20884.09,,,,,,,Case Rate,". MPL 100/50/25% all add ons apply, and lesser of 100% of billed charges",8442,,,,,,,Case Rate,". Primary procedure pays at 100%, secondary at 50%, all subsequent at 25%.  Lesser of applies when negotiated rates exceed charges less addons.",20884.09,,,,,,,Case Rate,". MPL 100/50/25% all add ons apply, and lesser of 100% of billed charges",26526,,,,,,,Case Rate,". MPL 100/50/25% all add ons apply, and lesser of 100% of billed charges",26526,,,,,,,Case Rate,". MPL 100/50/25% all add ons apply, and lesser of 100% of billed charges",26526,,,,,,,Case Rate,". MPL 100/50/25% all add ons apply, and lesser of 100% of billed charges",26526,,,,,,,Case Rate,". MPL 100/50/25% all add ons apply, and lesser of 100% of billed charges",14756.12,,,,,,,Case Rate,"100% Medicare OPPS FS. ",495.44,93559.02,
35703,CPT,,,490,RC,EXPL N/FLWD SURG LXTR ART,,,both,,,,521,,,,,,,Fee Schedule,"100 % 1199 Fee Schedule. ",521,,,,,,,Fee Schedule,"100 % 1199 Fee Schedule. ",8442,,,,,,,Case Rate,". Primary procedure pays at 100%, secondary at 50%, all subsequent at 25%.  Lesser of applies when negotiated rates exceed charges less addons.",,100,,,,,0,percent of total billed charges,100 percent of billed charges. ; No services were performed during the 15 month look back period.,,,,,,,,Other,"Not Payable. ",8442,,,,,,,Case Rate,". Primary procedure pays at 100%, secondary at 50%, all subsequent at 25%.  Lesser of applies when negotiated rates exceed charges less addons.",8442,,,,,,,Case Rate,". Primary procedure pays at 100%, secondary at 50%, all subsequent at 25%.  Lesser of applies when negotiated rates exceed charges less addons.",8442,,,,,,,Case Rate,". Primary procedure pays at 100%, secondary at 50%, all subsequent at 25%.  Lesser of applies when negotiated rates exceed charges less addons.",4012.32,,,,,,,Case Rate,"100 Percent of Medicaid APG. ",3343.6,,,,,,,Case Rate,"100 Percent of Medicaid APG. ",,78,,,,,0,percent of total billed charges,78% of Billed Charges. Lesser of 100% of billed charges applies.; No services were performed during the 15 month look back period.,50347.74,,,,,,,Case Rate,". MPL 100/50/25% all add ons apply, and lesser of 100% of billed charges",3343.6,,,,,,,Case Rate,"100 Percent of Medicaid APG. ",,,,,,,,Other,"Not Payable. ",6487,,,,,,,Case Rate,". MPL 100/50/25% maxmium of 3 procedures. All add ons apply, and lesser of 100% of billed charges",6487,,,,,,,Case Rate,". MPL 100/50/25% maxmium of 3 procedures. All add ons apply, and lesser of 100% of billed charges",6487,,,,,,,Case Rate,". MPL 100/50/25% maxmium of 3 procedures. All add ons apply, and lesser of 100% of billed charges",6487,,,,,,,Case Rate,". MPL 100/50/25% maxmium of 3 procedures. All add ons apply, and lesser of 100% of billed charges",3343.6,,,,,,,Case rate,124 Percent of Medicaid APG. Covered services not payable under Medicaid Fee Schedules default to a payment of 50 percent of charges.,,,,,,,,Other,"Not Payable. ",3343.6,,,,,,,Case rate,124 Percent of Medicaid APG. Covered services not payable under Medicaid Fee Schedules default to a payment of 50 percent of charges.,,78,,,,,0,percent of total billed charges,78% of Billed Charges. Lesser of 100% of billed charges applies.; No services were performed during the 15 month look back period.,8442,,,,,,,Case Rate,". Primary procedure pays at 100%, secondary at 50%, all subsequent at 25%.  Lesser of applies when negotiated rates exceed charges less addons.",,,,,,,,Other,"Not Payable. ",8427,,,,,,,Case Rate,". Primary procedure pays at 100%, all subsequent at 50%.",,,,,,,,Other,"Not Payable. ",,,,,,,,Other,"Not Payable. ",,78,,,,,0,percent of total billed charges,78% of Billed Charges. Lesser of 100% of billed charges applies.; No services were performed during the 15 month look back period.,439.15,,,,,,,Fee Schedule,90 Percent of Medicare RBRVS. Lesser of 100% of billed charges applies.,439.15,,,,,,,Fee Schedule,90 Percent of Medicare RBRVS. Lesser of 100% of billed charges applies.,3343.6,,,,,,,Case rate,"100 Percent of Medicaid APG. ",3343.6,,,,,,,Case rate,"100 Percent of Medicaid APG. ",8427,,,,,,,Case Rate,". Primary procedure pays at 100%, all subsequent at 50%.",8427,,,,,,,Case Rate,". Primary procedure pays at 100%, all subsequent at 50%.",3343.6,,,,,,,Case Rate,"100 Percent of Medicaid APG. Not APG payable, or payable under another fee schedule like ASP/AWP pays at 30% of charges",8427,,,,,,,Case Rate,". Primary procedure pays at 100%, all subsequent at 50%.",3343.6,,,,,,,Case Rate,"100 Percent of Medicaid APG. Not APG payable, or payable under another fee schedule like ASP/AWP pays at 30% of charges",,,,,,,,Other,"Not Payable. ",8427,,,,,,,Case Rate,". Primary procedure pays at 100%, all subsequent at 50%.",,78,,,,,0,percent of total billed charges,78% of Billed Charges. Lesser of 100% of billed charges applies.; No services were performed during the 15 month look back period.,3343.6,,,,,,,Case Rate,"100 Percent of Medicaid APG. ",3343.6,,,,,,,Case Rate,"100 Percent of Medicaid APG. ",,78,,,,,0,percent of total billed charges,78% of Billed Charges. Lesser of 100% of billed charges applies.; No services were performed during the 15 month look back period.,6487,,,,,,,Case Rate,". MPL 100/50/25% maxmium of 3 procedures. All add ons apply, and lesser of 100% of billed charges",42657,,,,,,,Case Rate,". MPL 100/50/25% all add ons apply, and lesser of 100% of billed charges",42657,,,,,,,Case Rate,". MPL 100/50/25% all add ons apply, and lesser of 100% of billed charges",,78,,,,,0,percent of total billed charges,78% of Billed Charges. Lesser of 100% of billed charges applies.; No services were performed during the 15 month look back period.,,,,,,,,Other,"Not Payable. ",50347.74,,,,,,,Case Rate,". MPL 100/50/25% all add ons apply, and lesser of 100% of billed charges",50347.74,,,,,,,Case Rate,". MPL 100/50/25% all add ons apply, and lesser of 100% of billed charges",50347.74,,,,,,,Case Rate,". MPL 100/50/25% all add ons apply, and lesser of 100% of billed charges",,,,,,,,Other,"Not Payable. ",50347.74,,,,,,,Case Rate,". MPL 100/50/25% all add ons apply, and lesser of 100% of billed charges",50347.74,,,,,,,Case Rate,". MPL 100/50/25% all add ons apply, and lesser of 100% of billed charges",,,,,,,,Other,"Not Payable. ",25798,,,,,,,Case Rate,". MPL 100/75/50% all add ons apply, and lesser of 100% of billed charges",13586,,,,,,,Case Rate,". MPL 100/50/25% all add ons apply, and lesser of 100% of billed charges",13586,,,,,,,Case Rate,". MPL 100/50/25% all add ons apply, and lesser of 100% of billed charges",13586,,,,,,,Case Rate,". MPL 100/50/25% all add ons apply, and lesser of 100% of billed charges",13586,,,,,,,Case Rate,". MPL 100/50/25% all add ons apply, and lesser of 100% of billed charges",13586,,,,,,,Case Rate,". MPL 100/50/25% all add ons apply, and lesser of 100% of billed charges",13586,,,,,,,Case Rate,". MPL 100/50/25% all add ons apply, and lesser of 100% of billed charges",,,,,,,,Other,"Not Payable. ",,,,,,,,Other,"Not Payable. ",13586,,,,,,,Case Rate,". MPL 100/50/25% all add ons apply, and lesser of 100% of billed charges",,78,,,,,0,percent of total billed charges,78% of Billed Charges. Lesser of 100% of billed charges applies.; No services were performed during the 15 month look back period.,,78,,,,,0,percent of total billed charges,78% of Billed Charges. Lesser of 100% of billed charges applies.; No services were performed during the 15 month look back period.,,78,,,,,0,percent of total billed charges,78% of Billed Charges. Lesser of 100% of billed charges applies.; No services were performed during the 15 month look back period.,,78,,,,,0,percent of total billed charges,78% of Billed Charges. Lesser of 100% of billed charges applies.; No services were performed during the 15 month look back period.,,78,,,,,0,percent of total billed charges,78% of Billed Charges. Lesser of 100% of billed charges applies.; No services were performed during the 15 month look back period.,,78,,,,,0,percent of total billed charges,78% of Billed Charges. Lesser of 100% of billed charges applies.; No services were performed during the 15 month look back period.,,78,,,,,0,percent of total billed charges,78% of Billed Charges. Lesser of 100% of billed charges applies.; No services were performed during the 15 month look back period.,,78,,,,,0,percent of total billed charges,78% of Billed Charges. Lesser of 100% of billed charges applies.; No services were performed during the 15 month look back period.,,78,,,,,0,percent of total billed charges,78% of Billed Charges. Lesser of 100% of billed charges applies.; No services were performed during the 15 month look back period.,,78,,,,,0,percent of total billed charges,78% of Billed Charges. Lesser of 100% of billed charges applies.; No services were performed during the 15 month look back period.,,78,,,,,0,percent of total billed charges,78% of Billed Charges. Lesser of 100% of billed charges applies.; No services were performed during the 15 month look back period.,,78,,,,,0,percent of total billed charges,78% of Billed Charges. Lesser of 100% of billed charges applies.; No services were performed during the 15 month look back period.,,78,,,,,0,percent of total billed charges,78% of Billed Charges. Lesser of 100% of billed charges applies.; No services were performed during the 15 month look back period.,,78,,,,,0,percent of total billed charges,78% of Billed Charges. Lesser of 100% of billed charges applies.; No services were performed during the 15 month look back period.,,78,,,,,0,percent of total billed charges,78% of Billed Charges. Lesser of 100% of billed charges applies.; No services were performed during the 15 month look back period.,,78,,,,,0,percent of total billed charges,78% of Billed Charges. Lesser of 100% of billed charges applies.; No services were performed during the 15 month look back period.,,78,,,,,0,percent of total billed charges,78% of Billed Charges. Lesser of 100% of billed charges applies.; No services were performed during the 15 month look back period.,,78,,,,,0,percent of total billed charges,78% of Billed Charges. Lesser of 100% of billed charges applies.; No services were performed during the 15 month look back period.,,78,,,,,0,percent of total billed charges,78% of Billed Charges. Lesser of 100% of billed charges applies.; No services were performed during the 15 month look back period.,,78,,,,,0,percent of total billed charges,78% of Billed Charges. Lesser of 100% of billed charges applies.; No services were performed during the 15 month look back period.,,78,,,,,0,percent of total billed charges,78% of Billed Charges. Lesser of 100% of billed charges applies.; No services were performed during the 15 month look back period.,,78,,,,,0,percent of total billed charges,78% of Billed Charges. Lesser of 100% of billed charges applies.; No services were performed during the 15 month look back period.,,78,,,,,0,percent of total billed charges,78% of Billed Charges. Lesser of 100% of billed charges applies.; No services were performed during the 15 month look back period.,,78,,,,,0,percent of total billed charges,78% of Billed Charges. Lesser of 100% of billed charges applies.; No services were performed during the 15 month look back period.,,78,,,,,0,percent of total billed charges,78% of Billed Charges. Lesser of 100% of billed charges applies.; No services were performed during the 15 month look back period.,,78,,,,,0,percent of total billed charges,78% of Billed Charges. Lesser of 100% of billed charges applies.; No services were performed during the 15 month look back period.,8427,,,,,,,Case Rate,". Primary procedure pays at 100%, all subsequent at 50%.",8427,,,,,,,Case Rate,". Primary procedure pays at 100%, all subsequent at 50%.",8427,,,,,,,Case Rate,". Primary procedure pays at 100%, all subsequent at 50%.",8427,,,,,,,Case Rate,". Primary procedure pays at 100%, all subsequent at 50%.",12574,,,,,,,Case Rate,". Primary procedure pays at 100%, all subsequent at 50%.",12574,,,,,,,Case Rate,". Primary procedure pays at 100%, all subsequent at 50%.",6487,,,,,,,Case Rate,". MPL 100/50/25% maxmium of 3 procedures. All add ons apply, and lesser of 100% of billed charges",13586,,,,,,,Case Rate,". MPL 100/50/25% all add ons apply, and lesser of 100% of billed charges",50347.74,,,,,,,Case Rate,". MPL 100/50/25% all add ons apply, and lesser of 100% of billed charges",13586,,,,,,,Case Rate,". MPL 100/50/25% all add ons apply, and lesser of 100% of billed charges",,78,,,,,0,percent of total billed charges,78% of Billed Charges. Lesser of 100% of billed charges applies.; No services were performed during the 15 month look back period.,12574,,,,,,,Case Rate,". Primary procedure pays at 100%, all subsequent at 50%.",13586,,,,,,,Case Rate,". MPL 100/50/25% all add ons apply, and lesser of 100% of billed charges",50347.74,,,,,,,Case Rate,". MPL 100/50/25% all add ons apply, and lesser of 100% of billed charges",6487,,,,,,,Case Rate,". MPL 100/50/25% maxmium of 3 procedures. All add ons apply, and lesser of 100% of billed charges",,,,,,,,,"NA. ",,78,,,,,0,percent of total billed charges,78% of Billed Charges. Lesser of 100% of billed charges applies.; No services were performed during the 15 month look back period.,3343.6,,,,,,,Case Rate,"100 Percent of Medicaid APG. ",8427,,,,,,,Case Rate,". Primary procedure pays at 100%, all subsequent at 50%.",3343.6,,,,,,,Case Rate,"100 Percent of Medicaid APG. Not APG payable, or payable under another fee schedule like ASP/AWP pays at 30% of charges",,,,,,,,Other,"Not Payable. ",,,,,,,,Other,"Not Payable. ",25798,,,,,,,Case Rate,". MPL 100/75/50% all add ons apply, and lesser of 100% of billed charges",,,,,,,,Other,"Not Payable. ",,,,,,,,Other,"Not Payable. ",3343.6,,,,,,,Case Rate,"100 Percent of Medicaid APG. ",,,,,,,,Other,"Not Payable. ",,,,,,,,Other,"Not Payable. ",8442,,,,,,,Case Rate,". Primary procedure pays at 100%, secondary at 50%, all subsequent at 25%.  Lesser of applies when negotiated rates exceed charges less addons.",8442,,,,,,,Case Rate,". Primary procedure pays at 100%, secondary at 50%, all subsequent at 25%.  Lesser of applies when negotiated rates exceed charges less addons.",,,,,,,,Other,"Not Payable. ",6487,,,,,,,Case Rate,". MPL 100/50/25% maxmium of 3 procedures. All add ons apply, and lesser of 100% of billed charges",50347.74,,,,,,,Case Rate,". MPL 100/50/25% all add ons apply, and lesser of 100% of billed charges",50347.74,,,,,,,Case Rate,". MPL 100/50/25% all add ons apply, and lesser of 100% of billed charges",,,,,,,,Other,"Not Payable. ",6487,,,,,,,Case Rate,". MPL 100/50/25% maxmium of 3 procedures. All add ons apply, and lesser of 100% of billed charges",8442,,,,,,,Case Rate,". Primary procedure pays at 100%, secondary at 50%, all subsequent at 25%.  Lesser of applies when negotiated rates exceed charges less addons.",8442,,,,,,,Case Rate,". Primary procedure pays at 100%, secondary at 50%, all subsequent at 25%.  Lesser of applies when negotiated rates exceed charges less addons.",8442,,,,,,,Case Rate,". Primary procedure pays at 100%, secondary at 50%, all subsequent at 25%.  Lesser of applies when negotiated rates exceed charges less addons.",,78,,,,,0,percent of total billed charges,78% of Billed Charges. Lesser of 100% of billed charges applies.; No services were performed during the 15 month look back period.,,78,,,,,0,percent of total billed charges,78% of Billed Charges. Lesser of 100% of billed charges applies.; No services were performed during the 15 month look back period.,,78,,,,,0,percent of total billed charges,78% of Billed Charges. Lesser of 100% of billed charges applies.; No services were performed during the 15 month look back period.,,78,,,,,0,percent of total billed charges,78% of Billed Charges. Lesser of 100% of billed charges applies.; No services were performed during the 15 month look back period.,,78,,,,,0,percent of total billed charges,78% of Billed Charges. Lesser of 100% of billed charges applies.; No services were performed during the 15 month look back period.,,78,,,,,0,percent of total billed charges,78% of Billed Charges. Lesser of 100% of billed charges applies.; No services were performed during the 15 month look back period.,,78,,,,,0,percent of total billed charges,78% of Billed Charges. Lesser of 100% of billed charges applies.; No services were performed during the 15 month look back period.,,78,,,,,0,percent of total billed charges,78% of Billed Charges. Lesser of 100% of billed charges applies.; No services were performed during the 15 month look back period.,,78,,,,,0,percent of total billed charges,78% of Billed Charges. Lesser of 100% of billed charges applies.; No services were performed during the 15 month look back period.,,78,,,,,0,percent of total billed charges,78% of Billed Charges. Lesser of 100% of billed charges applies.; No services were performed during the 15 month look back period.,,78,,,,,0,percent of total billed charges,78% of Billed Charges. Lesser of 100% of billed charges applies.; No services were performed during the 15 month look back period.,12574,,,,,,,Case Rate,". Primary procedure pays at 100%, all subsequent at 50%.",13586,,,,,,,Case Rate,". MPL 100/50/25% all add ons apply, and lesser of 100% of billed charges",6487,,,,,,,Case Rate,". MPL 100/50/25% maxmium of 3 procedures. All add ons apply, and lesser of 100% of billed charges",,,,,,,,Other,"Not Payable. ",8442,,,,,,,Case Rate,". Primary procedure pays at 100%, secondary at 50%, all subsequent at 25%.  Lesser of applies when negotiated rates exceed charges less addons.",6487,,,,,,,Case Rate,". MPL 100/50/25% maxmium of 3 procedures. All add ons apply, and lesser of 100% of billed charges",6487,,,,,,,Case Rate,". MPL 100/50/25% maxmium of 3 procedures. All add ons apply, and lesser of 100% of billed charges",,78,,,,,0,percent of total billed charges,78% of Billed Charges. Lesser of 100% of billed charges applies.; No services were performed during the 15 month look back period.,7155.31,,,,,,,Case Rate,"214 Percent of Medicaid APG. Drugs not priced under APG, billed with revenue code 636 and not priced by Medicare ASP FeeSched will be reimbursed at 20% of charges.",6487,,,,,,,Case Rate,". MPL 100/50/25% maxmium of 3 procedures. All add ons apply, and lesser of 100% of billed charges",3343.6,,,,,,,Case Rate,"100 Percent of Medicaid APG. ",,,,,,,,Other,"Not Payable. ",,,,,,,,Other,"Not Payable. ",,,,,,,,Other,"Not Payable. ",,,,,,,,Other,"Not Payable. ",,,,,,,,Other,"Not Payable. ",,,,,,,,Other,"Not Payable. ",6487,,,,,,,Case Rate,". MPL 100/50/25% maxmium of 3 procedures. All add ons apply, and lesser of 100% of billed charges",25798,,,,,,,Case Rate,". MPL 100/75/50% all add ons apply, and lesser of 100% of billed charges",6018.49,,,,,,,Fee Schedule,"180 Percent of Medicaid APG. ",6018.49,,,,,,,Fee Schedule,"180 Percent of Medicaid APG. ",6018.49,,,,,,,Fee Schedule,"180 Percent of Medicaid APG. ",6018.49,,,,,,,Fee Schedule,"180 Percent of Medicaid APG. ",6018.49,,,,,,,Fee Schedule,"180 Percent of Medicaid APG. ",,,,,,,,,"NA. ",25798,,,,,,,Case Rate,". MPL 100/75/50% all add ons apply, and lesser of 100% of billed charges",,,,,,,,Fee Schedule,"Not Payable. ",,,,,,,,Fee Schedule,"Not Payable. ",,,,,,,,Fee Schedule,"Not Payable. ",,,,,,,,Fee Schedule,"Not Payable. ",,,,,,,,Fee Schedule,"Not Payable. ",,,,,,,,Other,"Not Payable. ",12574,,,,,,,Case Rate,". Primary procedure pays at 100%, all subsequent at 50%.",12574,,,,,,,Case Rate,". Primary procedure pays at 100%, all subsequent at 50%.",12574,,,,,,,Case Rate,". Primary procedure pays at 100%, all subsequent at 50%.",12574,,,,,,,Case Rate,". Primary procedure pays at 100%, all subsequent at 50%.",8442,,,,,,,Case Rate,". Primary procedure pays at 100%, secondary at 50%, all subsequent at 25%.  Lesser of applies when negotiated rates exceed charges less addons.",8442,,,,,,,Case Rate,". Primary procedure pays at 100%, secondary at 50%, all subsequent at 25%.  Lesser of applies when negotiated rates exceed charges less addons.",8442,,,,,,,Case Rate,". Primary procedure pays at 100%, secondary at 50%, all subsequent at 25%.  Lesser of applies when negotiated rates exceed charges less addons.",8442,,,,,,,Case Rate,". Primary procedure pays at 100%, secondary at 50%, all subsequent at 25%.  Lesser of applies when negotiated rates exceed charges less addons.",25798,,,,,,,Case Rate,". MPL 100/75/50% all add ons apply, and lesser of 100% of billed charges",25798,,,,,,,Case Rate,". MPL 100/75/50% all add ons apply, and lesser of 100% of billed charges",,,,,,,,Other,"Not Payable. ",,,,,,,,Other,"Not Payable. ",,,,,,,,Other,"Not Payable. ",13586,,,,,,,Case Rate,". MPL 100/50/25% all add ons apply, and lesser of 100% of billed charges",13586,,,,,,,Case Rate,". MPL 100/50/25% all add ons apply, and lesser of 100% of billed charges",13586,,,,,,,Case Rate,". MPL 100/50/25% all add ons apply, and lesser of 100% of billed charges",25798,,,,,,,Case Rate,". MPL 100/75/50% all add ons apply, and lesser of 100% of billed charges",8442,,,,,,,Case Rate,". Primary procedure pays at 100%, secondary at 50%, all subsequent at 25%.  Lesser of applies when negotiated rates exceed charges less addons.",,,,,,,,Other,"Not Payable. ",13586,,,,,,,Case Rate,". MPL 100/50/25% all add ons apply, and lesser of 100% of billed charges",3343.6,,,,,,,Case Rate,"100 Percent of Medicaid APG. ",,,,,,,,Other,"Not Payable. ",,,,,,,,Other,"Not Payable. ",,,,,,,,Other,"Not Payable. ",3343.6,,,,,,,Case rate,"100 Percent of Medicaid APG. ",7523.11,,,,,,,Fee Schedule,225% of NYS APG. Lesser of 100% of billed charges applies.,7523.11,,,,,,,Fee Schedule,225% of NYS APG. Lesser of 100% of billed charges applies.,7523.11,,,,,,,Fee Schedule,225% of NYS APG. Lesser of 100% of billed charges applies.,7523.11,,,,,,,Fee Schedule,225% of NYS APG. Lesser of 100% of billed charges applies.,7523.11,,,,,,,Fee Schedule,225% of NYS APG. Lesser of 100% of billed charges applies.,,,,,,,,Other,"Not Payable. ",3343.6,,,,,,,Case Rate,"100 Percent of Medicaid APG. ",439.15,,,,,,,Fee Schedule,90 Percent of Medicare RBRVS. Lesser of 100% of billed charges applies.,7523.11,,,,,,,Fee Schedule,225% of NYS APG. Lesser of 100% of billed charges applies.,7523.11,,,,,,,Fee Schedule,225% of NYS APG. Lesser of 100% of billed charges applies.,439.15,,,,,,,Fee Schedule,90 Percent of Medicare RBRVS. Lesser of 100% of billed charges applies.,439.15,,,,,,,Fee Schedule,90 Percent of Medicare RBRVS. Lesser of 100% of billed charges applies.,6018.49,,,,,,,Fee Schedule,"180 Percent of Medicaid APG. ",,,,,,,,Other,"Not Payable. ",,,,,,,,Other,"Not Payable. ",8442,,,,,,,Case Rate,". Primary procedure pays at 100%, secondary at 50%, all subsequent at 25%.  Lesser of applies when negotiated rates exceed charges less addons.",,,,,,,,Other,"Not Payable. ",7523.11,,,,,,,Case Rate,"225 Percent of Medicaid APG. ",7523.11,,,,,,,Case Rate,"225 Percent of Medicaid APG. ",3343.6,,,,,,,Case rate,"100 Percent of Medicaid APG. ",3343.6,,,,,,,Case rate,"100 Percent of Medicaid APG. ",7523.11,,,,,,,Case Rate,225 Percent of Medicaid APG. Covered services not payable under Medicaid Fee Schedules default to a payment of 87.5 percent of charges.,3343.6,,,,,,,Case rate,124 Percent of Medicaid APG. Covered services not payable under Medicaid Fee Schedules default to a payment of 50 percent of charges.,7523.11,,,,,,,Case Rate,"100 Percent of Medicaid APG. ",7523.11,,,,,,,Case Rate,"100 Percent of Medicaid APG. ",7523.11,,,,,,,Case Rate,"100 Percent of Medicaid APG. ",7523.11,,,,,,,Case Rate,"100 Percent of Medicaid APG. ",13453,,,,,,,Case Rate,". MPL 100/75/50% all add ons apply, and lesser of 100% of billed charges",25798,,,,,,,Case Rate,". MPL 100/75/50% all add ons apply, and lesser of 100% of billed charges",4012.32,,,,,,,Case Rate,"120 Percent of Medicaid APG. Not APG payable, or payable under another fee schedule like ASP/AWP pays at 30% of charges",4012.32,,,,,,,Case Rate,"120 Percent of Medicaid APG. Not APG payable, or payable under another fee schedule like ASP/AWP pays at 30% of charges",3343.6,,,,,,,Case Rate,"100 Percent of Medicaid APG. Not APG payable, or payable under another fee schedule like ASP/AWP pays at 30% of charges",3343.6,,,,,,,Case Rate,"100 Percent of Medicaid APG. Not APG payable, or payable under another fee schedule like ASP/AWP pays at 30% of charges",13586,,,,,,,Case Rate,". MPL 100/50/25% all add ons apply, and lesser of 100% of billed charges",13586,,,,,,,Case Rate,". MPL 100/50/25% all add ons apply, and lesser of 100% of billed charges",,,,,,,,Other,"Not Payable. ",13586,,,,,,,Case Rate,". MPL 100/50/25% all add ons apply, and lesser of 100% of billed charges",13586,,,,,,,Case Rate,". MPL 100/50/25% all add ons apply, and lesser of 100% of billed charges",13586,,,,,,,Case Rate,". MPL 100/50/25% all add ons apply, and lesser of 100% of billed charges",13586,,,,,,,Case Rate,". MPL 100/50/25% all add ons apply, and lesser of 100% of billed charges",,,,,,,,Other,"Not Payable. ",13586,,,,,,,Case Rate,". MPL 100/50/25% all add ons apply, and lesser of 100% of billed charges",13586,,,,,,,Case Rate,". MPL 100/50/25% all add ons apply, and lesser of 100% of billed charges",8442,,,,,,,Case Rate,". Primary procedure pays at 100%, secondary at 50%, all subsequent at 25%.  Lesser of applies when negotiated rates exceed charges less addons.",3343.6,,,,,,,Fee Schedule,100% APG. Lesser of 100% of billed charges applies.,3343.6,,,,,,,Case rate,124 Percent of Medicaid APG. Covered services not payable under Medicaid Fee Schedules default to a payment of 50 percent of charges.,7523.11,,,,,,,Fee Schedule,225% of NYS APG. Lesser of 100% of billed charges applies.,7523.11,,,,,,,Case Rate,225 Percent of Medicaid APG. Covered services not payable under Medicaid Fee Schedules default to a payment of 87.5 percent of charges.,3343.6,,,,,,,Case rate,124 Percent of Medicaid APG. Covered services not payable under Medicaid Fee Schedules default to a payment of 50 percent of charges.,7523.11,,,,,,,Fee Schedule,225% of NYS APG. Lesser of 100% of billed charges applies.,7523.11,,,,,,,Fee Schedule,225% of NYS APG. Lesser of 100% of billed charges applies.,7523.11,,,,,,,Fee Schedule,225% of NYS APG. Lesser of 100% of billed charges applies.,7523.11,,,,,,,Fee Schedule,225% of NYS APG. Lesser of 100% of billed charges applies.,7523.11,,,,,,,Fee Schedule,225% of NYS APG. Lesser of 100% of billed charges applies.,7523.11,,,,,,,Fee Schedule,225% of NYS APG. Lesser of 100% of billed charges applies.,,,,,,,,,"NA. ",,,,,,,,,"NA. ",,,,,,,,,"NA. ",6487,,,,,,,Case Rate,". MPL 100/50/25% maxmium of 3 procedures. All add ons apply, and lesser of 100% of billed charges",,,,,,,,,"NA. ",,,,,,,,Other,"Not Payable. ",521,,,,,,,Fee Schedule,"100 % 1199 Fee Schedule. ",,,,,,,,Other,"Not Payable. ",,,,,,,,Other,"Not Payable. ",4012.32,,,,,,,Case Rate,"120 Percent of Medicaid APG. Not APG payable, or payable under another fee schedule like ASP/AWP pays at 30% of charges",4012.32,,,,,,,Case Rate,"120 Percent of Medicaid APG. Not APG payable, or payable under another fee schedule like ASP/AWP pays at 30% of charges",3343.6,,,,,,,Case Rate,"100 Percent of Medicaid APG. Not APG payable, or payable under another fee schedule like ASP/AWP pays at 30% of charges",3343.6,,,,,,,Case Rate,"100 Percent of Medicaid APG. Not APG payable, or payable under another fee schedule like ASP/AWP pays at 30% of charges",3343.6,,,,,,,Case Rate,"100 Percent of Medicaid APG. ",7163,,,,,,,Case Rate,". ",8442,,,,,,,Case Rate,". Primary procedure pays at 100%, secondary at 50%, all subsequent at 25%.  Lesser of applies when negotiated rates exceed charges less addons.",8427,,,,,,,Case Rate,". Primary procedure pays at 100%, all subsequent at 50%.",6487,,,,,,,Case Rate,". MPL 100/50/25% maxmium of 3 procedures. All add ons apply, and lesser of 100% of billed charges",,,,,,,,Other,"Not Payable. ",,,,,,,,Other,"Not Payable. ",,,,,,,,Other,"Not Payable. ",,,,,,,,Other,"Not Payable. ",,,,,,,,Other,"Not Payable. ",,,,,,,,Other,"Not Payable. ",,,,,,,,,"NA. ",7523.11,,,,,,,Fee Schedule,225% of NYS APG. Lesser of 100% of billed charges applies.,439.15,,,,,,,Fee Schedule,90 Percent of Medicare RBRVS. Lesser of 100% of billed charges applies.,13586,,,,,,,Case Rate,". MPL 100/50/25% all add ons apply, and lesser of 100% of billed charges",7163,,,,,,,Case Rate,". ",7163,,,,,,,Case Rate,". ",7163,,,,,,,Case Rate,". ",7163,,,,,,,Case Rate,". ",,,,,,,,Other,"Not Payable. ",3343.6,,,,,,,Case Rate,"100 Percent of Medicaid APG. ",13586,,,,,,,Case Rate,". MPL 100/50/25% all add ons apply, and lesser of 100% of billed charges",3343.6,,,,,,,Case Rate,"100 Percent of Medicaid APG. ",,,,,,,,Other,"Not Payable. ",3343.6,,,,,,,Case Rate,"100 Percent of Medicaid APG. ",,,,,,,,Other,"Not Payable. ",,,,,,,,Other,"Not Payable. ",3343.6,,,,,,,Case Rate,"100 Percent of Medicaid APG. ",3343.6,,,,,,,Case Rate,"100 Percent of Medicaid APG. ",7163,,,,,,,Case Rate,". ",6487,,,,,,,Case Rate,". MPL 100/50/25% maxmium of 3 procedures. All add ons apply, and lesser of 100% of billed charges",,78,,,,,0,percent of total billed charges,78% of Billed Charges. Lesser of 100% of billed charges applies.; No services were performed during the 15 month look back period.,50347.74,,,,,,,Case Rate,". MPL 100/50/25% all add ons apply, and lesser of 100% of billed charges",50347.74,,,,,,,Case Rate,". MPL 100/50/25% all add ons apply, and lesser of 100% of billed charges",8442,,,,,,,Case Rate,". Primary procedure pays at 100%, secondary at 50%, all subsequent at 25%.  Lesser of applies when negotiated rates exceed charges less addons.",,,,,,,,Other,"Not Payable. ",12574,,,,,,,Case Rate,". Primary procedure pays at 100%, all subsequent at 50%.",12574,,,,,,,Case Rate,". Primary procedure pays at 100%, all subsequent at 50%.",10869,,,,,,,Case Rate,". MPL 100/50/25% all add ons apply, and lesser of 100% of billed charges",10869,,,,,,,Case Rate,". MPL 100/50/25% all add ons apply, and lesser of 100% of billed charges",,,,,,,,Other,"Not Payable. ",,,,,,,,Other,"Not Payable. ",,,,,,,,Other,"Not Payable. ",,,,,,,,Other,"Not Payable. ",50347.74,,,,,,,Case Rate,". MPL 100/50/25% all add ons apply, and lesser of 100% of billed charges",13586,,,,,,,Case Rate,". MPL 100/50/25% all add ons apply, and lesser of 100% of billed charges",13586,,,,,,,Case Rate,". MPL 100/50/25% all add ons apply, and lesser of 100% of billed charges",,,,,,,,Other,"Not Payable. ",10869,,,,,,,Case Rate,". MPL 100/50/25% all add ons apply, and lesser of 100% of billed charges",8427,,,,,,,Case Rate,". Primary procedure pays at 100%, all subsequent at 50%.",4012.32,,,,,,,Fee Schedule,"120 Percent of Medicaid APG. ",3343.6,,,,,,,Case Rate,"100 Percent of Medicaid APG. ",7163,,,,,,,Case Rate,". ",12227,,,,,,,Case Rate,". MPL 100/50/25% all add ons apply, and lesser of 100% of billed charges",12227,,,,,,,Case Rate,". MPL 100/50/25% all add ons apply, and lesser of 100% of billed charges",13586,,,,,,,Case Rate,". MPL 100/50/25% all add ons apply, and lesser of 100% of billed charges",14948,,,,,,,Case Rate,". MPL 100/75/50% all add ons apply, and lesser of 100% of billed charges",,,,,,,,Other,"Not Payable. ",3510.78,,,,,,,Fee Schedule,105 percent of Medicaid APG. otherwise 105% of Ordered NYS MCD FS or 105% of ASP+6%,3510.78,,,,,,,Fee Schedule,105 percent of Medicaid APG. otherwise 105% of Ordered NYS MCD FS or 105% of ASP+6%,3510.78,,,,,,,Fee Schedule,105 percent of Medicaid APG. otherwise 105% of Ordered NYS MCD FS or 105% of ASP+6%,4513.86,,,,,,,Fee Schedule,135 percent of Medicaid APG. otherwise 135% of Ordered NYS MCD FS or 135% of ASP+6%,50347.74,,,,,,,Case Rate,". MPL 100/50/25% all add ons apply, and lesser of 100% of billed charges",3510.78,,,,,,,Fee Schedule,105 percent of Medicaid APG. otherwise 105% of Ordered NYS MCD FS or 105% of ASP+6%,3510.78,,,,,,,Fee Schedule,105 percent of Medicaid APG. otherwise 105% of Ordered NYS MCD FS or 105% of ASP+6%,3510.78,,,,,,,Fee Schedule,105 percent of Medicaid APG. otherwise 105% of Ordered NYS MCD FS or 105% of ASP+6%,3510.78,,,,,,,Fee Schedule,105 percent of Medicaid APG. otherwise 105% of Ordered NYS MCD FS or 105% of ASP+6%,3510.78,,,,,,,Fee Schedule,105 percent of Medicaid APG. otherwise 105% of Ordered NYS MCD FS or 105% of ASP+6%,4513.86,,,,,,,Fee Schedule,135 percent of Medicaid APG. otherwise 135% of Ordered NYS MCD FS or 135% of ASP+6%,4513.86,,,,,,,Fee Schedule,135 percent of Medicaid APG. otherwise 135% of Ordered NYS MCD FS or 135% of ASP+6%,,,,,,,,Other,"Not Payable. ",50347.74,,,,,,,Case Rate,". MPL 100/50/25% all add ons apply, and lesser of 100% of billed charges",,,,,,,,Other,"Not Payable. ",3510.78,,,,,,,Fee Schedule,105 percent of Medicaid APG. otherwise 105% of Ordered NYS MCD FS or 105% of ASP+6%,13586,,,,,,,Case Rate,". MPL 100/50/25% all add ons apply, and lesser of 100% of billed charges",,,,,,,,Other,"Not Payable. ",13586,,,,,,,Case Rate,". MPL 100/50/25% all add ons apply, and lesser of 100% of billed charges",13586,,,,,,,Case Rate,". MPL 100/50/25% all add ons apply, and lesser of 100% of billed charges",13586,,,,,,,Case Rate,". MPL 100/50/25% all add ons apply, and lesser of 100% of billed charges",3510.78,,,,,,,Fee Schedule,105 percent of Medicaid APG. otherwise 105% of Ordered NYS MCD FS or 105% of ASP+6%,,,,,,,,Other,"Not Payable. ",13586,,,,,,,Case Rate,". MPL 100/50/25% all add ons apply, and lesser of 100% of billed charges",4513.86,,,,,,,Fee Schedule,135 percent of Medicaid APG. otherwise 135% of Ordered NYS MCD FS or 135% of ASP+6%,13586,,,,,,,Case Rate,". MPL 100/50/25% all add ons apply, and lesser of 100% of billed charges",,,,,,,,Other,"Not Payable. ",,,,,,,,Other,"Not Payable. ",7163,,,,,,,Case Rate,". ",7163,,,,,,,Case Rate,". ",7163,,,,,,,Case Rate,". ",7163,,,,,,,Case Rate,". ",7163,,,,,,,Case Rate,". ",8427,,,,,,,Case Rate,". Primary procedure pays at 100%, all subsequent at 50%.",8427,,,,,,,Case Rate,". Primary procedure pays at 100%, all subsequent at 50%.",7163,,,,,,,Case Rate,". ",7163,,,,,,,Case Rate,". ",7163,,,,,,,Case Rate,". ",7163,,,,,,,Case Rate,". ",7163,,,,,,,Case Rate,". ",,,,,,,,Other,"Not Payable. ",8427,,,,,,,Case Rate,". Primary procedure pays at 100%, all subsequent at 50%.",,,,,,,,Other,"Not Payable. ",7523.11,,,,,,,Case Rate,"225 Percent of Medicaid APG. If not included in Medicaid APG, then 100 Percent of Manhattan Medicare",3343.6,,,,,,,Case Rate,"100 Percent of Medicaid APG. ",50347.74,,,,,,,Case Rate,". MPL 100/50/25% all add ons apply, and lesser of 100% of billed charges",50347.74,,,,,,,Case Rate,". MPL 100/50/25% all add ons apply, and lesser of 100% of billed charges",,,,,,,,Other,"Not Payable. ",12574,,,,,,,Case Rate,". Primary procedure pays at 100%, all subsequent at 50%.",,,,,,,,Other,"Not Payable. ",,,,,,,,Other,"Not Payable. ",8442,,,,,,,Case Rate,". Primary procedure pays at 100%, secondary at 50%, all subsequent at 25%.  Lesser of applies when negotiated rates exceed charges less addons.",,,,,,,,Other,"Not Payable. ",6487,,,,,,,Case Rate,". MPL 100/50/25% maxmium of 3 procedures. All add ons apply, and lesser of 100% of billed charges",,,,,,,,Other,"Not Payable. ",6487,,,,,,,Case Rate,". MPL 100/50/25% maxmium of 3 procedures. All add ons apply, and lesser of 100% of billed charges",8442,,,,,,,Case Rate,". Primary procedure pays at 100%, secondary at 50%, all subsequent at 25%.  Lesser of applies when negotiated rates exceed charges less addons.",6487,,,,,,,Case Rate,". MPL 100/50/25% maxmium of 3 procedures. All add ons apply, and lesser of 100% of billed charges",,,,,,,,Other,"Not Payable. ",3343.6,,,,,,,Case Rate,"100 Percent of Medicaid APG. ",,,,,,,,Other,"Not Payable. ",6487,,,,,,,Case Rate,". MPL 100/50/25% maxmium of 3 procedures. All add ons apply, and lesser of 100% of billed charges",50347.74,,,,,,,Case Rate,". MPL 100/50/25% all add ons apply, and lesser of 100% of billed charges",3343.6,,,,,,,Case Rate,"100 Percent of Medicaid APG. ",13586,,,,,,,Case Rate,". MPL 100/50/25% all add ons apply, and lesser of 100% of billed charges",4012.32,,,,,,,Fee Schedule,"120 Percent of Medicaid APG. ",4012.32,,,,,,,Fee Schedule,"120 Percent of Medicaid APG. ",13586,,,,,,,Case Rate,". MPL 100/50/25% all add ons apply, and lesser of 100% of billed charges",13586,,,,,,,Case Rate,". MPL 100/50/25% all add ons apply, and lesser of 100% of billed charges",13586,,,,,,,Case Rate,". MPL 100/50/25% all add ons apply, and lesser of 100% of billed charges",50347.74,,,,,,,Case Rate,". MPL 100/50/25% all add ons apply, and lesser of 100% of billed charges",13586,,,,,,,Case Rate,". MPL 100/50/25% all add ons apply, and lesser of 100% of billed charges",13586,,,,,,,Case Rate,". MPL 100/50/25% all add ons apply, and lesser of 100% of billed charges",13586,,,,,,,Case Rate,". MPL 100/50/25% all add ons apply, and lesser of 100% of billed charges",7163,,,,,,,Case Rate,". ",7163,,,,,,,Case Rate,". ",,,,,,,,Fee Schedule,"Not Payable. ",3343.6,,,,,,,Case Rate,"100 Percent of Medicaid APG. ",50347.74,,,,,,,Case Rate,". MPL 100/50/25% all add ons apply, and lesser of 100% of billed charges",6487,,,,,,,Case Rate,". MPL 100/50/25% maxmium of 3 procedures. All add ons apply, and lesser of 100% of billed charges",8442,,,,,,,Case Rate,". Primary procedure pays at 100%, secondary at 50%, all subsequent at 25%.  Lesser of applies when negotiated rates exceed charges less addons.",50347.74,,,,,,,Case Rate,". MPL 100/50/25% all add ons apply, and lesser of 100% of billed charges",8442,,,,,,,Case Rate,". Primary procedure pays at 100%, secondary at 50%, all subsequent at 25%.  Lesser of applies when negotiated rates exceed charges less addons.",50347.74,,,,,,,Case Rate,". MPL 100/50/25% all add ons apply, and lesser of 100% of billed charges",13586,,,,,,,Case Rate,". MPL 100/50/25% all add ons apply, and lesser of 100% of billed charges",13586,,,,,,,Case Rate,". MPL 100/50/25% all add ons apply, and lesser of 100% of billed charges",13586,,,,,,,Case Rate,". MPL 100/50/25% all add ons apply, and lesser of 100% of billed charges",13586,,,,,,,Case Rate,". MPL 100/50/25% all add ons apply, and lesser of 100% of billed charges",,,,,,,,Other,"Not Payable. ",439.15,50347.74,
36002,CPT,,,490,RC,PSEUDOANEURYSM INJECTION TRT,,,both,,,,1352,,,,,,,Case Rate,". MPL 1st 100% of Payment Rate 50% of all others, all add ons apply, and lesser of 100% of billed charges.",1352,,,,,,,Case Rate,". MPL 1st 100% of Payment Rate 50% of all others, all add ons apply, and lesser of 100% of billed charges.",6593,,,,,,,Case Rate,". Primary procedure pays at 100%, secondary at 50%, all subsequent at 25%.  Lesser of applies when negotiated rates exceed charges less addons.",,100,,,,,0,percent of total billed charges,100 percent of billed charges. ; No services were performed during the 15 month look back period.,731.59,,,,,,,Case Rate,"100% Medicare OPPS FS. ",6593,,,,,,,Case Rate,". Primary procedure pays at 100%, secondary at 50%, all subsequent at 25%.  Lesser of applies when negotiated rates exceed charges less addons.",6593,,,,,,,Case Rate,". Primary procedure pays at 100%, secondary at 50%, all subsequent at 25%.  Lesser of applies when negotiated rates exceed charges less addons.",6593,,,,,,,Case Rate,". Primary procedure pays at 100%, secondary at 50%, all subsequent at 25%.  Lesser of applies when negotiated rates exceed charges less addons.",622.38,,,,,,,Case Rate,"100 Percent of Medicaid APG. ",518.65,,,,,,,Case Rate,"100 Percent of Medicaid APG. ",,78,,,,,0,percent of total billed charges,78% of Billed Charges. Lesser of 100% of billed charges applies.; No services were performed during the 15 month look back period.,6091.36,,,,,,,Case Rate,". MPL 100/50/25% all add ons apply, and lesser of 100% of billed charges",518.65,,,,,,,Case Rate,"100 Percent of Medicaid APG. ",731.59,,,,,,,Case Rate,"100% Medicare OPPS FS. ",6487,,,,,,,Case Rate,". MPL 100/50/25% maxmium of 3 procedures. All add ons apply, and lesser of 100% of billed charges",6487,,,,,,,Case Rate,". MPL 100/50/25% maxmium of 3 procedures. All add ons apply, and lesser of 100% of billed charges",6487,,,,,,,Case Rate,". MPL 100/50/25% maxmium of 3 procedures. All add ons apply, and lesser of 100% of billed charges",6487,,,,,,,Case Rate,". MPL 100/50/25% maxmium of 3 procedures. All add ons apply, and lesser of 100% of billed charges",105.55,,,,,,,Fee schedule,90 Percent of Medicare RBRVS. Covered services not payable under Medicaid Fee Schedules default to a payment of 50 percent of charges.,731.59,,,,,,,Case Rate,"100% Medicare OPPS FS. ",105.55,,,,,,,Fee schedule,90 Percent of Medicare RBRVS. Covered services not payable under Medicaid Fee Schedules default to a payment of 50 percent of charges.,,78,,,,,0,percent of total billed charges,78% of Billed Charges. Lesser of 100% of billed charges applies.; No services were performed during the 15 month look back period.,6593,,,,,,,Case Rate,". Primary procedure pays at 100%, secondary at 50%, all subsequent at 25%.  Lesser of applies when negotiated rates exceed charges less addons.",731.59,,,,,,,Case Rate,"100%Medicare OPPS FS. ",8427,,,,,,,Case Rate,". Primary procedure pays at 100%, all subsequent at 50%.",731.59,,,,,,,Case Rate,"100%Medicare OPPS FS. ",731.59,,,,,,,Case Rate,"100%Medicare OPPS FS. ",,78,,,,,0,percent of total billed charges,78% of Billed Charges. Lesser of 100% of billed charges applies.; No services were performed during the 15 month look back period.,363.72,,,,,,,Case Rate,100% of PAS. Lesser of 100% of billed charges applies.,363.72,,,,,,,Case Rate,100% of PAS. Lesser of 100% of billed charges applies.,518.65,,,,,,,Case rate,"100 Percent of Medicaid APG. ",518.65,,,,,,,Case rate,"100 Percent of Medicaid APG. ",8427,,,,,,,Case Rate,". Primary procedure pays at 100%, all subsequent at 50%.",8427,,,,,,,Case Rate,". Primary procedure pays at 100%, all subsequent at 50%.",518.65,,,,,,,Case Rate,"100 Percent of Medicaid APG. Not APG payable, or payable under another fee schedule like ASP/AWP pays at 30% of charges",8427,,,,,,,Case Rate,". Primary procedure pays at 100%, all subsequent at 50%.",518.65,,,,,,,Case Rate,"100 Percent of Medicaid APG. Not APG payable, or payable under another fee schedule like ASP/AWP pays at 30% of charges",731.59,,,,,,,Case Rate,"100%Medicare OPPS FS. ",8427,,,,,,,Case Rate,". Primary procedure pays at 100%, all subsequent at 50%.",,78,,,,,0,percent of total billed charges,78% of Billed Charges. Lesser of 100% of billed charges applies.; No services were performed during the 15 month look back period.,518.65,,,,,,,Case Rate,"100 Percent of Medicaid APG. ",518.65,,,,,,,Case Rate,"100 Percent of Medicaid APG. ",,78,,,,,0,percent of total billed charges,78% of Billed Charges. Lesser of 100% of billed charges applies.; No services were performed during the 15 month look back period.,6487,,,,,,,Case Rate,". MPL 100/50/25% maxmium of 3 procedures. All add ons apply, and lesser of 100% of billed charges",4757,,,,,,,Case Rate,". MPL 100/50/25% all add ons apply, and lesser of 100% of billed charges",4757,,,,,,,Case Rate,". MPL 100/50/25% all add ons apply, and lesser of 100% of billed charges",,78,,,,,0,percent of total billed charges,78% of Billed Charges. Lesser of 100% of billed charges applies.; No services were performed during the 15 month look back period.,731.59,,,,,,,Case Rate,"100% Medicare OPPS FS. ",6091.36,,,,,,,Case Rate,". MPL 100/50/25% all add ons apply, and lesser of 100% of billed charges",6091.36,,,,,,,Case Rate,". MPL 100/50/25% all add ons apply, and lesser of 100% of billed charges",6091.36,,,,,,,Case Rate,". MPL 100/50/25% all add ons apply, and lesser of 100% of billed charges",731.59,,,,,,,Case Rate,"100% Medicare OPPS FS. ",6091.36,,,,,,,Case Rate,". MPL 100/50/25% all add ons apply, and lesser of 100% of billed charges",6091.36,,,,,,,Case Rate,". MPL 100/50/25% all add ons apply, and lesser of 100% of billed charges",731.59,,,,,,,Case Rate,"100% of Medicare OPPS. ",25798,,,,,,,Case Rate,". MPL 100/75/50% all add ons apply, and lesser of 100% of billed charges",4100,,,,,,,Case Rate,". MPL 100/50/25% all add ons apply, and lesser of 100% of billed charges",4100,,,,,,,Case Rate,". MPL 100/50/25% all add ons apply, and lesser of 100% of billed charges",4100,,,,,,,Case Rate,". MPL 100/50/25% all add ons apply, and lesser of 100% of billed charges",4100,,,,,,,Case Rate,". MPL 100/50/25% all add ons apply, and lesser of 100% of billed charges",4100,,,,,,,Case Rate,". MPL 100/50/25% all add ons apply, and lesser of 100% of billed charges",4100,,,,,,,Case Rate,". MPL 100/50/25% all add ons apply, and lesser of 100% of billed charges",731.59,,,,,,,Case Rate,"100% Medicare OPPS FS. ",731.59,,,,,,,Case Rate,"100% Medicare OPPS FS. ",4100,,,,,,,Case Rate,". MPL 100/50/25% all add ons apply, and lesser of 100% of billed charges",,78,,,,,0,percent of total billed charges,78% of Billed Charges. Lesser of 100% of billed charges applies.; No services were performed during the 15 month look back period.,,78,,,,,0,percent of total billed charges,78% of Billed Charges. Lesser of 100% of billed charges applies.; No services were performed during the 15 month look back period.,,78,,,,,0,percent of total billed charges,78% of Billed Charges. Lesser of 100% of billed charges applies.; No services were performed during the 15 month look back period.,,78,,,,,0,percent of total billed charges,78% of Billed Charges. Lesser of 100% of billed charges applies.; No services were performed during the 15 month look back period.,,78,,,,,0,percent of total billed charges,78% of Billed Charges. Lesser of 100% of billed charges applies.; No services were performed during the 15 month look back period.,,78,,,,,0,percent of total billed charges,78% of Billed Charges. Lesser of 100% of billed charges applies.; No services were performed during the 15 month look back period.,,78,,,,,0,percent of total billed charges,78% of Billed Charges. Lesser of 100% of billed charges applies.; No services were performed during the 15 month look back period.,,78,,,,,0,percent of total billed charges,78% of Billed Charges. Lesser of 100% of billed charges applies.; No services were performed during the 15 month look back period.,,78,,,,,0,percent of total billed charges,78% of Billed Charges. Lesser of 100% of billed charges applies.; No services were performed during the 15 month look back period.,,78,,,,,0,percent of total billed charges,78% of Billed Charges. Lesser of 100% of billed charges applies.; No services were performed during the 15 month look back period.,,78,,,,,0,percent of total billed charges,78% of Billed Charges. Lesser of 100% of billed charges applies.; No services were performed during the 15 month look back period.,,78,,,,,0,percent of total billed charges,78% of Billed Charges. Lesser of 100% of billed charges applies.; No services were performed during the 15 month look back period.,,78,,,,,0,percent of total billed charges,78% of Billed Charges. Lesser of 100% of billed charges applies.; No services were performed during the 15 month look back period.,,78,,,,,0,percent of total billed charges,78% of Billed Charges. Lesser of 100% of billed charges applies.; No services were performed during the 15 month look back period.,,78,,,,,0,percent of total billed charges,78% of Billed Charges. Lesser of 100% of billed charges applies.; No services were performed during the 15 month look back period.,,78,,,,,0,percent of total billed charges,78% of Billed Charges. Lesser of 100% of billed charges applies.; No services were performed during the 15 month look back period.,,78,,,,,0,percent of total billed charges,78% of Billed Charges. Lesser of 100% of billed charges applies.; No services were performed during the 15 month look back period.,,78,,,,,0,percent of total billed charges,78% of Billed Charges. Lesser of 100% of billed charges applies.; No services were performed during the 15 month look back period.,,78,,,,,0,percent of total billed charges,78% of Billed Charges. Lesser of 100% of billed charges applies.; No services were performed during the 15 month look back period.,,78,,,,,0,percent of total billed charges,78% of Billed Charges. Lesser of 100% of billed charges applies.; No services were performed during the 15 month look back period.,,78,,,,,0,percent of total billed charges,78% of Billed Charges. Lesser of 100% of billed charges applies.; No services were performed during the 15 month look back period.,,78,,,,,0,percent of total billed charges,78% of Billed Charges. Lesser of 100% of billed charges applies.; No services were performed during the 15 month look back period.,,78,,,,,0,percent of total billed charges,78% of Billed Charges. Lesser of 100% of billed charges applies.; No services were performed during the 15 month look back period.,,78,,,,,0,percent of total billed charges,78% of Billed Charges. Lesser of 100% of billed charges applies.; No services were performed during the 15 month look back period.,,78,,,,,0,percent of total billed charges,78% of Billed Charges. Lesser of 100% of billed charges applies.; No services were performed during the 15 month look back period.,,78,,,,,0,percent of total billed charges,78% of Billed Charges. Lesser of 100% of billed charges applies.; No services were performed during the 15 month look back period.,8427,,,,,,,Case Rate,". Primary procedure pays at 100%, all subsequent at 50%.",8427,,,,,,,Case Rate,". Primary procedure pays at 100%, all subsequent at 50%.",8427,,,,,,,Case Rate,". Primary procedure pays at 100%, all subsequent at 50%.",8427,,,,,,,Case Rate,". Primary procedure pays at 100%, all subsequent at 50%.",12574,,,,,,,Case Rate,". Primary procedure pays at 100%, all subsequent at 50%.",12574,,,,,,,Case Rate,". Primary procedure pays at 100%, all subsequent at 50%.",6487,,,,,,,Case Rate,". MPL 100/50/25% maxmium of 3 procedures. All add ons apply, and lesser of 100% of billed charges",4100,,,,,,,Case Rate,". MPL 100/50/25% all add ons apply, and lesser of 100% of billed charges",6091.36,,,,,,,Case Rate,". MPL 100/50/25% all add ons apply, and lesser of 100% of billed charges",4100,,,,,,,Case Rate,". MPL 100/50/25% all add ons apply, and lesser of 100% of billed charges",,78,,,,,0,percent of total billed charges,78% of Billed Charges. Lesser of 100% of billed charges applies.; No services were performed during the 15 month look back period.,12574,,,,,,,Case Rate,". Primary procedure pays at 100%, all subsequent at 50%.",4100,,,,,,,Case Rate,". MPL 100/50/25% all add ons apply, and lesser of 100% of billed charges",6091.36,,,,,,,Case Rate,". MPL 100/50/25% all add ons apply, and lesser of 100% of billed charges",6487,,,,,,,Case Rate,". MPL 100/50/25% maxmium of 3 procedures. All add ons apply, and lesser of 100% of billed charges",,,,,,,,,"NA. ",,78,,,,,0,percent of total billed charges,78% of Billed Charges. Lesser of 100% of billed charges applies.; No services were performed during the 15 month look back period.,518.65,,,,,,,Case Rate,"100 Percent of Medicaid APG. ",8427,,,,,,,Case Rate,". Primary procedure pays at 100%, all subsequent at 50%.",518.65,,,,,,,Case Rate,"100 Percent of Medicaid APG. Not APG payable, or payable under another fee schedule like ASP/AWP pays at 30% of charges",731.59,,,,,,,Case Rate,"100%Medicare OPPS FS. ",731.59,,,,,,,Case Rate,"100% Medicare OPPS FS. ",25798,,,,,,,Case Rate,". MPL 100/75/50% all add ons apply, and lesser of 100% of billed charges",731.59,,,,,,,Case Rate,"100% Medicare OPPS FS. ",731.59,,,,,,,Case Rate,"100% Medicare OPPS FS. ",518.65,,,,,,,Case Rate,"100 Percent of Medicaid APG. ",731.59,,,,,,,Case Rate,"100% Medicare OPPS FS. ",731.59,,,,,,,Case Rate,"100% Medicare OPPS FS. ",6593,,,,,,,Case Rate,". Primary procedure pays at 100%, secondary at 50%, all subsequent at 25%.  Lesser of applies when negotiated rates exceed charges less addons.",6593,,,,,,,Case Rate,". Primary procedure pays at 100%, secondary at 50%, all subsequent at 25%.  Lesser of applies when negotiated rates exceed charges less addons.",731.59,,,,,,,Case Rate,"100% Medicare OPPS FS. ",6487,,,,,,,Case Rate,". MPL 100/50/25% maxmium of 3 procedures. All add ons apply, and lesser of 100% of billed charges",6091.36,,,,,,,Case Rate,". MPL 100/50/25% all add ons apply, and lesser of 100% of billed charges",6091.36,,,,,,,Case Rate,". MPL 100/50/25% all add ons apply, and lesser of 100% of billed charges",731.59,,,,,,,Case Rate,"100% Medicare OPPS FS. ",6487,,,,,,,Case Rate,". MPL 100/50/25% maxmium of 3 procedures. All add ons apply, and lesser of 100% of billed charges",6593,,,,,,,Case Rate,". Primary procedure pays at 100%, secondary at 50%, all subsequent at 25%.  Lesser of applies when negotiated rates exceed charges less addons.",6593,,,,,,,Case Rate,". Primary procedure pays at 100%, secondary at 50%, all subsequent at 25%.  Lesser of applies when negotiated rates exceed charges less addons.",6593,,,,,,,Case Rate,". Primary procedure pays at 100%, secondary at 50%, all subsequent at 25%.  Lesser of applies when negotiated rates exceed charges less addons.",,78,,,,,0,percent of total billed charges,78% of Billed Charges. Lesser of 100% of billed charges applies.; No services were performed during the 15 month look back period.,,78,,,,,0,percent of total billed charges,78% of Billed Charges. Lesser of 100% of billed charges applies.; No services were performed during the 15 month look back period.,,78,,,,,0,percent of total billed charges,78% of Billed Charges. Lesser of 100% of billed charges applies.; No services were performed during the 15 month look back period.,,78,,,,,0,percent of total billed charges,78% of Billed Charges. Lesser of 100% of billed charges applies.; No services were performed during the 15 month look back period.,,78,,,,,0,percent of total billed charges,78% of Billed Charges. Lesser of 100% of billed charges applies.; No services were performed during the 15 month look back period.,,78,,,,,0,percent of total billed charges,78% of Billed Charges. Lesser of 100% of billed charges applies.; No services were performed during the 15 month look back period.,,78,,,,,0,percent of total billed charges,78% of Billed Charges. Lesser of 100% of billed charges applies.; No services were performed during the 15 month look back period.,,78,,,,,0,percent of total billed charges,78% of Billed Charges. Lesser of 100% of billed charges applies.; No services were performed during the 15 month look back period.,,78,,,,,0,percent of total billed charges,78% of Billed Charges. Lesser of 100% of billed charges applies.; No services were performed during the 15 month look back period.,,78,,,,,0,percent of total billed charges,78% of Billed Charges. Lesser of 100% of billed charges applies.; No services were performed during the 15 month look back period.,,78,,,,,0,percent of total billed charges,78% of Billed Charges. Lesser of 100% of billed charges applies.; No services were performed during the 15 month look back period.,12574,,,,,,,Case Rate,". Primary procedure pays at 100%, all subsequent at 50%.",4100,,,,,,,Case Rate,". MPL 100/50/25% all add ons apply, and lesser of 100% of billed charges",6487,,,,,,,Case Rate,". MPL 100/50/25% maxmium of 3 procedures. All add ons apply, and lesser of 100% of billed charges",731.59,,,,,,,Case Rate,"100% Medicare OPPS FS. ",6593,,,,,,,Case Rate,". Primary procedure pays at 100%, secondary at 50%, all subsequent at 25%.  Lesser of applies when negotiated rates exceed charges less addons.",6487,,,,,,,Case Rate,". MPL 100/50/25% maxmium of 3 procedures. All add ons apply, and lesser of 100% of billed charges",6487,,,,,,,Case Rate,". MPL 100/50/25% maxmium of 3 procedures. All add ons apply, and lesser of 100% of billed charges",,78,,,,,0,percent of total billed charges,78% of Billed Charges. Lesser of 100% of billed charges applies.; No services were performed during the 15 month look back period.,1109.91,,,,,,,Case Rate,"214 Percent of Medicaid APG. Drugs not priced under APG, billed with revenue code 636 and not priced by Medicare ASP FeeSched will be reimbursed at 20% of charges.",6487,,,,,,,Case Rate,". MPL 100/50/25% maxmium of 3 procedures. All add ons apply, and lesser of 100% of billed charges",518.65,,,,,,,Case Rate,"100 Percent of Medicaid APG. ",731.59,,,,,,,Case Rate,"100% Medicare OPPS FS. ",731.59,,,,,,,Case Rate,"100% Medicare OPPS FS. ",731.59,,,,,,,Case Rate,"100% Medicare OPPS FS. ",731.59,,,,,,,Case Rate,"100% Medicare OPPS FS. ",731.59,,,,,,,Case Rate,"100% Medicare OPPS FS. ",731.59,,,,,,,Case Rate,"100% Medicare OPPS FS. ",6487,,,,,,,Case Rate,". MPL 100/50/25% maxmium of 3 procedures. All add ons apply, and lesser of 100% of billed charges",25798,,,,,,,Case Rate,". MPL 100/75/50% all add ons apply, and lesser of 100% of billed charges",187.65,,,,,,,Fee Schedule,"160 Percent of Medicare RBRVS. ",187.65,,,,,,,Fee Schedule,"160 Percent of Medicare RBRVS. ",187.65,,,,,,,Fee Schedule,"160 Percent of Medicare RBRVS. ",187.65,,,,,,,Fee Schedule,"160 Percent of Medicare RBRVS. ",187.65,,,,,,,Fee Schedule,"160 Percent of Medicare RBRVS. ",,,,,,,,,"NA. ",25798,,,,,,,Case Rate,". MPL 100/75/50% all add ons apply, and lesser of 100% of billed charges",1448.54,,,,,,,Case Rate,198 Percent of Medicare OPPS. Metroplus will reimburse unlisted codes and described codes with no Medicare rate at 50 percent of charges.,1448.54,,,,,,,Case Rate,198 Percent of Medicare OPPS. Metroplus will reimburse unlisted codes and described codes with no Medicare rate at 50 percent of charges.,1448.54,,,,,,,Case Rate,198 Percent of Medicare OPPS. Metroplus will reimburse unlisted codes and described codes with no Medicare rate at 50 percent of charges.,1448.54,,,,,,,Case Rate,198 Percent of Medicare OPPS. Metroplus will reimburse unlisted codes and described codes with no Medicare rate at 50 percent of charges.,1448.54,,,,,,,Case Rate,198 Percent of Medicare OPPS. Metroplus will reimburse unlisted codes and described codes with no Medicare rate at 50 percent of charges.,731.59,,,,,,,Case Rate,"100% Medicare OPPS FS. ",12574,,,,,,,Case Rate,". Primary procedure pays at 100%, all subsequent at 50%.",12574,,,,,,,Case Rate,". Primary procedure pays at 100%, all subsequent at 50%.",12574,,,,,,,Case Rate,". Primary procedure pays at 100%, all subsequent at 50%.",12574,,,,,,,Case Rate,". Primary procedure pays at 100%, all subsequent at 50%.",6593,,,,,,,Case Rate,". Primary procedure pays at 100%, secondary at 50%, all subsequent at 25%.  Lesser of applies when negotiated rates exceed charges less addons.",6593,,,,,,,Case Rate,". Primary procedure pays at 100%, secondary at 50%, all subsequent at 25%.  Lesser of applies when negotiated rates exceed charges less addons.",6593,,,,,,,Case Rate,". Primary procedure pays at 100%, secondary at 50%, all subsequent at 25%.  Lesser of applies when negotiated rates exceed charges less addons.",6593,,,,,,,Case Rate,". Primary procedure pays at 100%, secondary at 50%, all subsequent at 25%.  Lesser of applies when negotiated rates exceed charges less addons.",25798,,,,,,,Case Rate,". MPL 100/75/50% all add ons apply, and lesser of 100% of billed charges",25798,,,,,,,Case Rate,". MPL 100/75/50% all add ons apply, and lesser of 100% of billed charges",731.59,,,,,,,Case Rate,"100% Medicare OPPS FS. ",731.59,,,,,,,Case Rate,"100% Medicare OPPS FS. ",731.59,,,,,,,Case Rate,"100% Medicare OPPS FS. ",4100,,,,,,,Case Rate,". MPL 100/50/25% all add ons apply, and lesser of 100% of billed charges",4100,,,,,,,Case Rate,". MPL 100/50/25% all add ons apply, and lesser of 100% of billed charges",4100,,,,,,,Case Rate,". MPL 100/50/25% all add ons apply, and lesser of 100% of billed charges",25798,,,,,,,Case Rate,". MPL 100/75/50% all add ons apply, and lesser of 100% of billed charges",6593,,,,,,,Case Rate,". Primary procedure pays at 100%, secondary at 50%, all subsequent at 25%.  Lesser of applies when negotiated rates exceed charges less addons.",731.59,,,,,,,Case Rate,"100% Medicare OPPS FS. ",4100,,,,,,,Case Rate,". MPL 100/50/25% all add ons apply, and lesser of 100% of billed charges",518.65,,,,,,,Case Rate,"100 Percent of Medicaid APG. ",746.22,,,,,,,Case Rate,"102% of Medicare OPPS. ",746.22,,,,,,,Case Rate,"102% of Medicare OPPS. ",746.22,,,,,,,Case Rate,"102% of Medicare OPPS. ",518.65,,,,,,,Case rate,"100 Percent of Medicaid APG. ",1166.96,,,,,,,Case Rate,225% of NYS APG. Lesser of 100% of billed charges applies.,1166.96,,,,,,,Case Rate,225% of NYS APG. Lesser of 100% of billed charges applies.,1166.96,,,,,,,Case Rate,225% of NYS APG. Lesser of 100% of billed charges applies.,1166.96,,,,,,,Case Rate,225% of NYS APG. Lesser of 100% of billed charges applies.,1166.96,,,,,,,Case Rate,225% of NYS APG. Lesser of 100% of billed charges applies.,746.22,,,,,,,Case Rate,"102% of Medicare OPPS. ",518.65,,,,,,,Case Rate,"100 Percent of Medicaid APG. ",363.72,,,,,,,Case Rate,100% of PAS. Lesser of 100% of billed charges applies.,1166.96,,,,,,,Case Rate,225% of NYS APG. Lesser of 100% of billed charges applies.,1166.96,,,,,,,Case Rate,225% of NYS APG. Lesser of 100% of billed charges applies.,363.72,,,,,,,Case Rate,100% of PAS. Lesser of 100% of billed charges applies.,363.72,,,,,,,Case Rate,100% of PAS. Lesser of 100% of billed charges applies.,187.65,,,,,,,Fee Schedule,"160 Percent of Medicare RBRVS. ",731.59,,,,,,,Case Rate,"100% Medicare OPPS FS. ",731.59,,,,,,,Case Rate,"100% Medicare OPPS FS. ",6593,,,,,,,Case Rate,". Primary procedure pays at 100%, secondary at 50%, all subsequent at 25%.  Lesser of applies when negotiated rates exceed charges less addons.",731.59,,,,,,,Case Rate,"100% Medicare OPPS FS. ",1166.96,,,,,,,Case Rate,"225 Percent of Medicaid APG. ",1166.96,,,,,,,Case Rate,"225 Percent of Medicaid APG. ",518.65,,,,,,,Case rate,"100 Percent of Medicaid APG. ",518.65,,,,,,,Case rate,"100 Percent of Medicaid APG. ",1166.96,,,,,,,Case Rate,225 Percent of Medicaid APG. Covered services not payable under Medicaid Fee Schedules default to a payment of 87.5 percent of charges.,105.55,,,,,,,Fee schedule,90 Percent of Medicare RBRVS. Covered services not payable under Medicaid Fee Schedules default to a payment of 50 percent of charges.,1166.96,,,,,,,Case Rate,"100 Percent of Medicaid APG. ",1166.96,,,,,,,Case Rate,"100 Percent of Medicaid APG. ",1166.96,,,,,,,Case Rate,"100 Percent of Medicaid APG. ",1166.96,,,,,,,Case Rate,"100 Percent of Medicaid APG. ",13453,,,,,,,Case Rate,". MPL 100/75/50% all add ons apply, and lesser of 100% of billed charges",25798,,,,,,,Case Rate,". MPL 100/75/50% all add ons apply, and lesser of 100% of billed charges",622.38,,,,,,,Case Rate,"120 Percent of Medicaid APG. Not APG payable, or payable under another fee schedule like ASP/AWP pays at 30% of charges",622.38,,,,,,,Case Rate,"120 Percent of Medicaid APG. Not APG payable, or payable under another fee schedule like ASP/AWP pays at 30% of charges",518.65,,,,,,,Case Rate,"100 Percent of Medicaid APG. Not APG payable, or payable under another fee schedule like ASP/AWP pays at 30% of charges",518.65,,,,,,,Case Rate,"100 Percent of Medicaid APG. Not APG payable, or payable under another fee schedule like ASP/AWP pays at 30% of charges",4100,,,,,,,Case Rate,". MPL 100/50/25% all add ons apply, and lesser of 100% of billed charges",4100,,,,,,,Case Rate,". MPL 100/50/25% all add ons apply, and lesser of 100% of billed charges",731.59,,,,,,,Case Rate,"100% Medicare OPPS FS. ",4100,,,,,,,Case Rate,". MPL 100/50/25% all add ons apply, and lesser of 100% of billed charges",4100,,,,,,,Case Rate,". MPL 100/50/25% all add ons apply, and lesser of 100% of billed charges",4100,,,,,,,Case Rate,". MPL 100/50/25% all add ons apply, and lesser of 100% of billed charges",4100,,,,,,,Case Rate,". MPL 100/50/25% all add ons apply, and lesser of 100% of billed charges",731.59,,,,,,,Case Rate,"100% Medicare OPPS FS. ",4100,,,,,,,Case Rate,". MPL 100/50/25% all add ons apply, and lesser of 100% of billed charges",4100,,,,,,,Case Rate,". MPL 100/50/25% all add ons apply, and lesser of 100% of billed charges",6593,,,,,,,Case Rate,". Primary procedure pays at 100%, secondary at 50%, all subsequent at 25%.  Lesser of applies when negotiated rates exceed charges less addons.",518.65,,,,,,,Fee Schedule,100% APG. Lesser of 100% of billed charges applies.,105.55,,,,,,,Fee schedule,90 Percent of Medicare RBRVS. Covered services not payable under Medicaid Fee Schedules default to a payment of 50 percent of charges.,1166.96,,,,,,,Case Rate,225% of NYS APG. Lesser of 100% of billed charges applies.,1166.96,,,,,,,Case Rate,225 Percent of Medicaid APG. Covered services not payable under Medicaid Fee Schedules default to a payment of 87.5 percent of charges.,105.55,,,,,,,Fee schedule,90 Percent of Medicare RBRVS. Covered services not payable under Medicaid Fee Schedules default to a payment of 50 percent of charges.,1166.96,,,,,,,Case Rate,225% of NYS APG. Lesser of 100% of billed charges applies.,1166.96,,,,,,,Case Rate,225% of NYS APG. Lesser of 100% of billed charges applies.,1166.96,,,,,,,Case Rate,225% of NYS APG. Lesser of 100% of billed charges applies.,1166.96,,,,,,,Case Rate,225% of NYS APG. Lesser of 100% of billed charges applies.,1166.96,,,,,,,Case Rate,225% of NYS APG. Lesser of 100% of billed charges applies.,1166.96,,,,,,,Case Rate,225% of NYS APG. Lesser of 100% of billed charges applies.,,,,,,,,,"NA. ",,,,,,,,,"NA. ",,,,,,,,,"NA. ",6487,,,,,,,Case Rate,". MPL 100/50/25% maxmium of 3 procedures. All add ons apply, and lesser of 100% of billed charges",,,,,,,,,"NA. ",731.59,,,,,,,Case Rate,"100% Medicare OPPS FS. ",1352,,,,,,,Case Rate,". MPL 1st 100% of Payment Rate 50% of all others, all add ons apply, and lesser of 100% of billed charges.",731.59,,,,,,,Case Rate,"100% Medicare OPPS FS. ",731.59,,,,,,,Case Rate,"100% Medicare OPPS FS. ",622.38,,,,,,,Case Rate,"120 Percent of Medicaid APG. Not APG payable, or payable under another fee schedule like ASP/AWP pays at 30% of charges",622.38,,,,,,,Case Rate,"120 Percent of Medicaid APG. Not APG payable, or payable under another fee schedule like ASP/AWP pays at 30% of charges",518.65,,,,,,,Case Rate,"100 Percent of Medicaid APG. Not APG payable, or payable under another fee schedule like ASP/AWP pays at 30% of charges",518.65,,,,,,,Case Rate,"100 Percent of Medicaid APG. Not APG payable, or payable under another fee schedule like ASP/AWP pays at 30% of charges",518.65,,,,,,,Case Rate,"100 Percent of Medicaid APG. ",7163,,,,,,,Case Rate,". ",6593,,,,,,,Case Rate,". Primary procedure pays at 100%, secondary at 50%, all subsequent at 25%.  Lesser of applies when negotiated rates exceed charges less addons.",8427,,,,,,,Case Rate,". Primary procedure pays at 100%, all subsequent at 50%.",6487,,,,,,,Case Rate,". MPL 100/50/25% maxmium of 3 procedures. All add ons apply, and lesser of 100% of billed charges",731.59,,,,,,,Case Rate,"100%Medicare OPPS FS. ",731.59,,,,,,,Case Rate,"100% Medicare OPPS FS. ",731.59,,,,,,,Case Rate,"100% Medicare OPPS FS. ",731.59,,,,,,,Case Rate,"100% Medicare OPPS FS. ",731.59,,,,,,,Case Rate,"100%Medicare OPPS FS. ",731.59,,,,,,,Case Rate,"100% Medicare OPPS FS. ",,,,,,,,,"NA. ",1166.96,,,,,,,Case Rate,225% of NYS APG. Lesser of 100% of billed charges applies.,363.72,,,,,,,Case Rate,100% of PAS. Lesser of 100% of billed charges applies.,4100,,,,,,,Case Rate,". MPL 100/50/25% all add ons apply, and lesser of 100% of billed charges",7163,,,,,,,Case Rate,". ",7163,,,,,,,Case Rate,". ",7163,,,,,,,Case Rate,". ",7163,,,,,,,Case Rate,". ",731.59,,,,,,,Case Rate,"100% Medicare OPPS FS. ",518.65,,,,,,,Case Rate,"100 Percent of Medicaid APG. ",4100,,,,,,,Case Rate,". MPL 100/50/25% all add ons apply, and lesser of 100% of billed charges",518.65,,,,,,,Case Rate,"100 Percent of Medicaid APG. ",731.59,,,,,,,Case Rate,"100% Medicare OPPS FS. ",518.65,,,,,,,Case Rate,"100 Percent of Medicaid APG. ",731.59,,,,,,,Case Rate,"100% Medicare OPPS FS. ",731.59,,,,,,,Case Rate,"100% Medicare OPPS FS. ",518.65,,,,,,,Case Rate,"100 Percent of Medicaid APG. ",518.65,,,,,,,Case Rate,"100 Percent of Medicaid APG. ",7163,,,,,,,Case Rate,". ",6487,,,,,,,Case Rate,". MPL 100/50/25% maxmium of 3 procedures. All add ons apply, and lesser of 100% of billed charges",,78,,,,,0,percent of total billed charges,78% of Billed Charges. Lesser of 100% of billed charges applies.; No services were performed during the 15 month look back period.,6091.36,,,,,,,Case Rate,". MPL 100/50/25% all add ons apply, and lesser of 100% of billed charges",6091.36,,,,,,,Case Rate,". MPL 100/50/25% all add ons apply, and lesser of 100% of billed charges",6593,,,,,,,Case Rate,". Primary procedure pays at 100%, secondary at 50%, all subsequent at 25%.  Lesser of applies when negotiated rates exceed charges less addons.",731.59,,,,,,,Case Rate,"83% HF Fee schedule. ",12574,,,,,,,Case Rate,". Primary procedure pays at 100%, all subsequent at 50%.",12574,,,,,,,Case Rate,". Primary procedure pays at 100%, all subsequent at 50%.",3280,,,,,,,Case Rate,". MPL 100/50/25% all add ons apply, and lesser of 100% of billed charges",3280,,,,,,,Case Rate,". MPL 100/50/25% all add ons apply, and lesser of 100% of billed charges",731.59,,,,,,,Case Rate,"100% Medicare OPPS FS. ",731.59,,,,,,,Case Rate,"100% Medicare OPPS FS. ",731.59,,,,,,,Case Rate,"100% Medicare OPPS FS. ",731.59,,,,,,,Case Rate,"100% Medicare OPPS FS. ",6091.36,,,,,,,Case Rate,". MPL 100/50/25% all add ons apply, and lesser of 100% of billed charges",4100,,,,,,,Case Rate,". MPL 100/50/25% all add ons apply, and lesser of 100% of billed charges",4100,,,,,,,Case Rate,". MPL 100/50/25% all add ons apply, and lesser of 100% of billed charges",731.59,,,,,,,Case Rate,"100% Medicare OPPS FS. ",3280,,,,,,,Case Rate,". MPL 100/50/25% all add ons apply, and lesser of 100% of billed charges",8427,,,,,,,Case Rate,". Primary procedure pays at 100%, all subsequent at 50%.",622.38,,,,,,,Fee Schedule,"120 Percent of Medicaid APG. ",518.65,,,,,,,Case Rate,"100 Percent of Medicaid APG. ",7163,,,,,,,Case Rate,". ",3690,,,,,,,Case Rate,". MPL 100/50/25% all add ons apply, and lesser of 100% of billed charges",3690,,,,,,,Case Rate,". MPL 100/50/25% all add ons apply, and lesser of 100% of billed charges",4100,,,,,,,Case Rate,". MPL 100/50/25% all add ons apply, and lesser of 100% of billed charges",14948,,,,,,,Case Rate,". MPL 100/75/50% all add ons apply, and lesser of 100% of billed charges",731.59,,,,,,,Case Rate,"100%Medicare OPPS FS. ",544.58,,,,,,,Fee Schedule,105 percent of Medicaid APG. otherwise 105% of Ordered NYS MCD FS or 105% of ASP+6%,544.58,,,,,,,Fee Schedule,105 percent of Medicaid APG. otherwise 105% of Ordered NYS MCD FS or 105% of ASP+6%,544.58,,,,,,,Fee Schedule,105 percent of Medicaid APG. otherwise 105% of Ordered NYS MCD FS or 105% of ASP+6%,700.18,,,,,,,Fee Schedule,135 percent of Medicaid APG. otherwise 135% of Ordered NYS MCD FS or 135% of ASP+6%,6091.36,,,,,,,Case Rate,". MPL 100/50/25% all add ons apply, and lesser of 100% of billed charges",544.58,,,,,,,Fee Schedule,105 percent of Medicaid APG. otherwise 105% of Ordered NYS MCD FS or 105% of ASP+6%,544.58,,,,,,,Fee Schedule,105 percent of Medicaid APG. otherwise 105% of Ordered NYS MCD FS or 105% of ASP+6%,544.58,,,,,,,Fee Schedule,105 percent of Medicaid APG. otherwise 105% of Ordered NYS MCD FS or 105% of ASP+6%,544.58,,,,,,,Fee Schedule,105 percent of Medicaid APG. otherwise 105% of Ordered NYS MCD FS or 105% of ASP+6%,544.58,,,,,,,Fee Schedule,105 percent of Medicaid APG. otherwise 105% of Ordered NYS MCD FS or 105% of ASP+6%,700.18,,,,,,,Fee Schedule,135 percent of Medicaid APG. otherwise 135% of Ordered NYS MCD FS or 135% of ASP+6%,700.18,,,,,,,Fee Schedule,135 percent of Medicaid APG. otherwise 135% of Ordered NYS MCD FS or 135% of ASP+6%,731.59,,,,,,,Case Rate,"100% Medicare OPPS FS. ",6091.36,,,,,,,Case Rate,". MPL 100/50/25% all add ons apply, and lesser of 100% of billed charges",731.59,,,,,,,Case Rate,"100% Medicare OPPS FS. ",544.58,,,,,,,Fee Schedule,105 percent of Medicaid APG. otherwise 105% of Ordered NYS MCD FS or 105% of ASP+6%,4100,,,,,,,Case Rate,". MPL 100/50/25% all add ons apply, and lesser of 100% of billed charges",731.59,,,,,,,Case Rate,"100% Medicare OPPS FS. ",4100,,,,,,,Case Rate,". MPL 100/50/25% all add ons apply, and lesser of 100% of billed charges",4100,,,,,,,Case Rate,". MPL 100/50/25% all add ons apply, and lesser of 100% of billed charges",4100,,,,,,,Case Rate,". MPL 100/50/25% all add ons apply, and lesser of 100% of billed charges",544.58,,,,,,,Fee Schedule,105 percent of Medicaid APG. otherwise 105% of Ordered NYS MCD FS or 105% of ASP+6%,731.59,,,,,,,Case Rate,"100% Medicare OPPS FS. ",4100,,,,,,,Case Rate,". MPL 100/50/25% all add ons apply, and lesser of 100% of billed charges",700.18,,,,,,,Fee Schedule,135 percent of Medicaid APG. otherwise 135% of Ordered NYS MCD FS or 135% of ASP+6%,4100,,,,,,,Case Rate,". MPL 100/50/25% all add ons apply, and lesser of 100% of billed charges",,200,,,,,0,Case Rate,200% of Medicare OPPS. ; No services were performed during the 15 month look back period.,731.59,,,,,,,Case Rate,"100%Medicare OPPS FS. ",7163,,,,,,,Case Rate,". ",7163,,,,,,,Case Rate,". ",7163,,,,,,,Case Rate,". ",7163,,,,,,,Case Rate,". ",7163,,,,,,,Case Rate,". ",8427,,,,,,,Case Rate,". Primary procedure pays at 100%, all subsequent at 50%.",8427,,,,,,,Case Rate,". Primary procedure pays at 100%, all subsequent at 50%.",7163,,,,,,,Case Rate,". ",7163,,,,,,,Case Rate,". ",7163,,,,,,,Case Rate,". ",7163,,,,,,,Case Rate,". ",7163,,,,,,,Case Rate,". ",731.59,,,,,,,Case Rate,"100% Medicare OPPS FS. ",8427,,,,,,,Case Rate,". Primary procedure pays at 100%, all subsequent at 50%.",731.59,,,,,,,Case Rate,"100% Medicare OPPS FS. ",1166.96,,,,,,,Case Rate,"225 Percent of Medicaid APG. If not included in Medicaid APG, then 100 Percent of Manhattan Medicare",518.65,,,,,,,Case Rate,"100 Percent of Medicaid APG. ",6091.36,,,,,,,Case Rate,". MPL 100/50/25% all add ons apply, and lesser of 100% of billed charges",6091.36,,,,,,,Case Rate,". MPL 100/50/25% all add ons apply, and lesser of 100% of billed charges",731.59,,,,,,,Case Rate,"100% Medicare OPPS FS. ",12574,,,,,,,Case Rate,". Primary procedure pays at 100%, all subsequent at 50%.",731.59,,,,,,,Case Rate,"100% Medicare OPPS FS. ",731.59,,,,,,,Case Rate,"100% Medicare OPPS FS. ",6593,,,,,,,Case Rate,". Primary procedure pays at 100%, secondary at 50%, all subsequent at 25%.  Lesser of applies when negotiated rates exceed charges less addons.",731.59,,,,,,,Case Rate,"100% Medicare OPPS FS. ",6487,,,,,,,Case Rate,". MPL 100/50/25% maxmium of 3 procedures. All add ons apply, and lesser of 100% of billed charges",731.59,,,,,,,Case Rate,"100% Medicare OPPS FS. ",6487,,,,,,,Case Rate,". MPL 100/50/25% maxmium of 3 procedures. All add ons apply, and lesser of 100% of billed charges",6593,,,,,,,Case Rate,". Primary procedure pays at 100%, secondary at 50%, all subsequent at 25%.  Lesser of applies when negotiated rates exceed charges less addons.",6487,,,,,,,Case Rate,". MPL 100/50/25% maxmium of 3 procedures. All add ons apply, and lesser of 100% of billed charges",731.59,,,,,,,Case Rate,"100% Medicare OPPS FS. ",518.65,,,,,,,Case Rate,"100 Percent of Medicaid APG. ",731.59,,,,,,,Case Rate,"100% Medicare OPPS FS. ",6487,,,,,,,Case Rate,". MPL 100/50/25% maxmium of 3 procedures. All add ons apply, and lesser of 100% of billed charges",6091.36,,,,,,,Case Rate,". MPL 100/50/25% all add ons apply, and lesser of 100% of billed charges",518.65,,,,,,,Case Rate,"100 Percent of Medicaid APG. ",4100,,,,,,,Case Rate,". MPL 100/50/25% all add ons apply, and lesser of 100% of billed charges",622.38,,,,,,,Fee Schedule,"120 Percent of Medicaid APG. ",622.38,,,,,,,Fee Schedule,"120 Percent of Medicaid APG. ",4100,,,,,,,Case Rate,". MPL 100/50/25% all add ons apply, and lesser of 100% of billed charges",4100,,,,,,,Case Rate,". MPL 100/50/25% all add ons apply, and lesser of 100% of billed charges",4100,,,,,,,Case Rate,". MPL 100/50/25% all add ons apply, and lesser of 100% of billed charges",6091.36,,,,,,,Case Rate,". MPL 100/50/25% all add ons apply, and lesser of 100% of billed charges",4100,,,,,,,Case Rate,". MPL 100/50/25% all add ons apply, and lesser of 100% of billed charges",4100,,,,,,,Case Rate,". MPL 100/50/25% all add ons apply, and lesser of 100% of billed charges",4100,,,,,,,Case Rate,". MPL 100/50/25% all add ons apply, and lesser of 100% of billed charges",7163,,,,,,,Case Rate,". ",7163,,,,,,,Case Rate,". ",1448.54,,,,,,,Case Rate,198 Percent of Medicare OPPS. Metroplus will reimburse unlisted codes and described codes with no Medicare rate at 50 percent of charges.,518.65,,,,,,,Case Rate,"100 Percent of Medicaid APG. ",6091.36,,,,,,,Case Rate,". MPL 100/50/25% all add ons apply, and lesser of 100% of billed charges",6487,,,,,,,Case Rate,". MPL 100/50/25% maxmium of 3 procedures. All add ons apply, and lesser of 100% of billed charges",6593,,,,,,,Case Rate,". Primary procedure pays at 100%, secondary at 50%, all subsequent at 25%.  Lesser of applies when negotiated rates exceed charges less addons.",6091.36,,,,,,,Case Rate,". MPL 100/50/25% all add ons apply, and lesser of 100% of billed charges",6593,,,,,,,Case Rate,". Primary procedure pays at 100%, secondary at 50%, all subsequent at 25%.  Lesser of applies when negotiated rates exceed charges less addons.",6091.36,,,,,,,Case Rate,". MPL 100/50/25% all add ons apply, and lesser of 100% of billed charges",4100,,,,,,,Case Rate,". MPL 100/50/25% all add ons apply, and lesser of 100% of billed charges",4100,,,,,,,Case Rate,". MPL 100/50/25% all add ons apply, and lesser of 100% of billed charges",4100,,,,,,,Case Rate,". MPL 100/50/25% all add ons apply, and lesser of 100% of billed charges",4100,,,,,,,Case Rate,". MPL 100/50/25% all add ons apply, and lesser of 100% of billed charges",731.59,,,,,,,Case Rate,"100% Medicare OPPS FS. ",105.55,25798,
36228,CPT,,,490,RC,PLACE CATH INTRACRANIAL ART,,,both,,,,15878,,,,,,,Case Rate,". MPL 1st 100% of Payment Rate 50% of all others, all add ons apply, and lesser of 100% of billed charges.",15878,,,,,,,Case Rate,". MPL 1st 100% of Payment Rate 50% of all others, all add ons apply, and lesser of 100% of billed charges.",6593,,,,,,,Case Rate,". Primary procedure pays at 100%, secondary at 50%, all subsequent at 25%.  Lesser of applies when negotiated rates exceed charges less addons.",,100,,,,,0,percent of total billed charges,100 percent of billed charges. ; No services were performed during the 15 month look back period.,,,,,,,,Other,"Not Payable. ",6593,,,,,,,Case Rate,". Primary procedure pays at 100%, secondary at 50%, all subsequent at 25%.  Lesser of applies when negotiated rates exceed charges less addons.",6593,,,,,,,Case Rate,". Primary procedure pays at 100%, secondary at 50%, all subsequent at 25%.  Lesser of applies when negotiated rates exceed charges less addons.",6593,,,,,,,Case Rate,". Primary procedure pays at 100%, secondary at 50%, all subsequent at 25%.  Lesser of applies when negotiated rates exceed charges less addons.",1542,,,,,,,Case Rate,"100 Percent of Medicaid APG. ",1285,,,,,,,Case Rate,"100 Percent of Medicaid APG. ",,78,,,,,0,percent of total billed charges,78% of Billed Charges. Lesser of 100% of billed charges applies.; No services were performed during the 15 month look back period.,4923.38,,,,,,,Case Rate,". MPL 100/50/25% all add ons apply, and lesser of 100% of billed charges",1285,,,,,,,Case Rate,"100 Percent of Medicaid APG. ",,,,,,,,Other,"Not Payable. ",6487,,,,,,,Case Rate,". MPL 100/50/25% maxmium of 3 procedures. All add ons apply, and lesser of 100% of billed charges",6487,,,,,,,Case Rate,". MPL 100/50/25% maxmium of 3 procedures. All add ons apply, and lesser of 100% of billed charges",6487,,,,,,,Case Rate,". MPL 100/50/25% maxmium of 3 procedures. All add ons apply, and lesser of 100% of billed charges",6487,,,,,,,Case Rate,". MPL 100/50/25% maxmium of 3 procedures. All add ons apply, and lesser of 100% of billed charges",273.38,,,,,,,Fee schedule,90 Percent of Medicare RBRVS. Covered services not payable under Medicaid Fee Schedules default to a payment of 50 percent of charges.,,,,,,,,Other,"Not Payable. ",273.38,,,,,,,Fee schedule,90 Percent of Medicare RBRVS. Covered services not payable under Medicaid Fee Schedules default to a payment of 50 percent of charges.,,78,,,,,0,percent of total billed charges,78% of Billed Charges. Lesser of 100% of billed charges applies.; No services were performed during the 15 month look back period.,6593,,,,,,,Case Rate,". Primary procedure pays at 100%, secondary at 50%, all subsequent at 25%.  Lesser of applies when negotiated rates exceed charges less addons.",,,,,,,,Other,"Not Payable. ",15598,,,,,,,Case Rate,". Primary procedure pays at 100%, all subsequent at 50%.",,,,,,,,Other,"Not Payable. ",,,,,,,,Other,"Not Payable. ",,78,,,,,0,percent of total billed charges,78% of Billed Charges. Lesser of 100% of billed charges applies.; No services were performed during the 15 month look back period.,273.38,,,,,,,Fee Schedule,90 Percent of Medicare RBRVS. Lesser of 100% of billed charges applies.,273.38,,,,,,,Fee Schedule,90 Percent of Medicare RBRVS. Lesser of 100% of billed charges applies.,1285,,,,,,,Case rate,"100 Percent of Medicaid APG. ",1285,,,,,,,Case rate,"100 Percent of Medicaid APG. ",15598,,,,,,,Case Rate,". Primary procedure pays at 100%, all subsequent at 50%.",15598,,,,,,,Case Rate,". Primary procedure pays at 100%, all subsequent at 50%.",1285,,,,,,,Case Rate,"100 Percent of Medicaid APG. Not APG payable, or payable under another fee schedule like ASP/AWP pays at 30% of charges",15598,,,,,,,Case Rate,". Primary procedure pays at 100%, all subsequent at 50%.",1285,,,,,,,Case Rate,"100 Percent of Medicaid APG. Not APG payable, or payable under another fee schedule like ASP/AWP pays at 30% of charges",,,,,,,,Other,"Not Payable. ",15598,,,,,,,Case Rate,". Primary procedure pays at 100%, all subsequent at 50%.",,78,,,,,0,percent of total billed charges,78% of Billed Charges. Lesser of 100% of billed charges applies.; No services were performed during the 15 month look back period.,1285,,,,,,,Case Rate,"100 Percent of Medicaid APG. ",1285,,,,,,,Case Rate,"100 Percent of Medicaid APG. ",,78,,,,,0,percent of total billed charges,78% of Billed Charges. Lesser of 100% of billed charges applies.; No services were performed during the 15 month look back period.,6487,,,,,,,Case Rate,". MPL 100/50/25% maxmium of 3 procedures. All add ons apply, and lesser of 100% of billed charges",4500,,,,,,,Case Rate,". MPL 100/50/25% all add ons apply, and lesser of 100% of billed charges",4500,,,,,,,Case Rate,". MPL 100/50/25% all add ons apply, and lesser of 100% of billed charges",,78,,,,,0,percent of total billed charges,78% of Billed Charges. Lesser of 100% of billed charges applies.; No services were performed during the 15 month look back period.,,,,,,,,Other,"Not Payable. ",4923.38,,,,,,,Case Rate,". MPL 100/50/25% all add ons apply, and lesser of 100% of billed charges",4923.38,,,,,,,Case Rate,". MPL 100/50/25% all add ons apply, and lesser of 100% of billed charges",4923.38,,,,,,,Case Rate,". MPL 100/50/25% all add ons apply, and lesser of 100% of billed charges",,,,,,,,Other,"Not Payable. ",4923.38,,,,,,,Case Rate,". MPL 100/50/25% all add ons apply, and lesser of 100% of billed charges",4923.38,,,,,,,Case Rate,". MPL 100/50/25% all add ons apply, and lesser of 100% of billed charges",,,,,,,,Other,"Not Payable. ",61832,,,,,,,Case Rate,". MPL 100/75/50% all add ons apply, and lesser of 100% of billed charges",13586,,,,,,,Case Rate,". MPL 100/50/25% all add ons apply, and lesser of 100% of billed charges",13586,,,,,,,Case Rate,". MPL 100/50/25% all add ons apply, and lesser of 100% of billed charges",13586,,,,,,,Case Rate,". MPL 100/50/25% all add ons apply, and lesser of 100% of billed charges",13586,,,,,,,Case Rate,". MPL 100/50/25% all add ons apply, and lesser of 100% of billed charges",13586,,,,,,,Case Rate,". MPL 100/50/25% all add ons apply, and lesser of 100% of billed charges",13586,,,,,,,Case Rate,". MPL 100/50/25% all add ons apply, and lesser of 100% of billed charges",,,,,,,,Other,"Not Payable. ",,,,,,,,Other,"Not Payable. ",13586,,,,,,,Case Rate,". MPL 100/50/25% all add ons apply, and lesser of 100% of billed charges",,78,,,,,0,percent of total billed charges,78% of Billed Charges. Lesser of 100% of billed charges applies.; No services were performed during the 15 month look back period.,,78,,,,,0,percent of total billed charges,78% of Billed Charges. Lesser of 100% of billed charges applies.; No services were performed during the 15 month look back period.,,78,,,,,0,percent of total billed charges,78% of Billed Charges. Lesser of 100% of billed charges applies.; No services were performed during the 15 month look back period.,,78,,,,,0,percent of total billed charges,78% of Billed Charges. Lesser of 100% of billed charges applies.; No services were performed during the 15 month look back period.,,78,,,,,0,percent of total billed charges,78% of Billed Charges. Lesser of 100% of billed charges applies.; No services were performed during the 15 month look back period.,,78,,,,,0,percent of total billed charges,78% of Billed Charges. Lesser of 100% of billed charges applies.; No services were performed during the 15 month look back period.,,78,,,,,0,percent of total billed charges,78% of Billed Charges. Lesser of 100% of billed charges applies.; No services were performed during the 15 month look back period.,,78,,,,,0,percent of total billed charges,78% of Billed Charges. Lesser of 100% of billed charges applies.; No services were performed during the 15 month look back period.,,78,,,,,0,percent of total billed charges,78% of Billed Charges. Lesser of 100% of billed charges applies.; No services were performed during the 15 month look back period.,,78,,,,,0,percent of total billed charges,78% of Billed Charges. Lesser of 100% of billed charges applies.; No services were performed during the 15 month look back period.,,78,,,,,0,percent of total billed charges,78% of Billed Charges. Lesser of 100% of billed charges applies.; No services were performed during the 15 month look back period.,,78,,,,,0,percent of total billed charges,78% of Billed Charges. Lesser of 100% of billed charges applies.; No services were performed during the 15 month look back period.,,78,,,,,0,percent of total billed charges,78% of Billed Charges. Lesser of 100% of billed charges applies.; No services were performed during the 15 month look back period.,,78,,,,,0,percent of total billed charges,78% of Billed Charges. Lesser of 100% of billed charges applies.; No services were performed during the 15 month look back period.,,78,,,,,0,percent of total billed charges,78% of Billed Charges. Lesser of 100% of billed charges applies.; No services were performed during the 15 month look back period.,,78,,,,,0,percent of total billed charges,78% of Billed Charges. Lesser of 100% of billed charges applies.; No services were performed during the 15 month look back period.,,78,,,,,0,percent of total billed charges,78% of Billed Charges. Lesser of 100% of billed charges applies.; No services were performed during the 15 month look back period.,,78,,,,,0,percent of total billed charges,78% of Billed Charges. Lesser of 100% of billed charges applies.; No services were performed during the 15 month look back period.,,78,,,,,0,percent of total billed charges,78% of Billed Charges. Lesser of 100% of billed charges applies.; No services were performed during the 15 month look back period.,,78,,,,,0,percent of total billed charges,78% of Billed Charges. Lesser of 100% of billed charges applies.; No services were performed during the 15 month look back period.,,78,,,,,0,percent of total billed charges,78% of Billed Charges. Lesser of 100% of billed charges applies.; No services were performed during the 15 month look back period.,,78,,,,,0,percent of total billed charges,78% of Billed Charges. Lesser of 100% of billed charges applies.; No services were performed during the 15 month look back period.,,78,,,,,0,percent of total billed charges,78% of Billed Charges. Lesser of 100% of billed charges applies.; No services were performed during the 15 month look back period.,,78,,,,,0,percent of total billed charges,78% of Billed Charges. Lesser of 100% of billed charges applies.; No services were performed during the 15 month look back period.,,78,,,,,0,percent of total billed charges,78% of Billed Charges. Lesser of 100% of billed charges applies.; No services were performed during the 15 month look back period.,,78,,,,,0,percent of total billed charges,78% of Billed Charges. Lesser of 100% of billed charges applies.; No services were performed during the 15 month look back period.,15598,,,,,,,Case Rate,". Primary procedure pays at 100%, all subsequent at 50%.",15598,,,,,,,Case Rate,". Primary procedure pays at 100%, all subsequent at 50%.",15598,,,,,,,Case Rate,". Primary procedure pays at 100%, all subsequent at 50%.",15598,,,,,,,Case Rate,". Primary procedure pays at 100%, all subsequent at 50%.",12574,,,,,,,Case Rate,". Primary procedure pays at 100%, all subsequent at 50%.",12574,,,,,,,Case Rate,". Primary procedure pays at 100%, all subsequent at 50%.",6487,,,,,,,Case Rate,". MPL 100/50/25% maxmium of 3 procedures. All add ons apply, and lesser of 100% of billed charges",13586,,,,,,,Case Rate,". MPL 100/50/25% all add ons apply, and lesser of 100% of billed charges",4923.38,,,,,,,Case Rate,". MPL 100/50/25% all add ons apply, and lesser of 100% of billed charges",13586,,,,,,,Case Rate,". MPL 100/50/25% all add ons apply, and lesser of 100% of billed charges",,78,,,,,0,percent of total billed charges,78% of Billed Charges. Lesser of 100% of billed charges applies.; No services were performed during the 15 month look back period.,12574,,,,,,,Case Rate,". Primary procedure pays at 100%, all subsequent at 50%.",13586,,,,,,,Case Rate,". MPL 100/50/25% all add ons apply, and lesser of 100% of billed charges",4923.38,,,,,,,Case Rate,". MPL 100/50/25% all add ons apply, and lesser of 100% of billed charges",6487,,,,,,,Case Rate,". MPL 100/50/25% maxmium of 3 procedures. All add ons apply, and lesser of 100% of billed charges",,,,,,,,,"NA. ",,78,,,,,0,percent of total billed charges,78% of Billed Charges. Lesser of 100% of billed charges applies.; No services were performed during the 15 month look back period.,1285,,,,,,,Case Rate,"100 Percent of Medicaid APG. ",15598,,,,,,,Case Rate,". Primary procedure pays at 100%, all subsequent at 50%.",1285,,,,,,,Case Rate,"100 Percent of Medicaid APG. Not APG payable, or payable under another fee schedule like ASP/AWP pays at 30% of charges",,,,,,,,Other,"Not Payable. ",,,,,,,,Other,"Not Payable. ",61832,,,,,,,Case Rate,". MPL 100/75/50% all add ons apply, and lesser of 100% of billed charges",,,,,,,,Other,"Not Payable. ",,,,,,,,Other,"Not Payable. ",1285,,,,,,,Case Rate,"100 Percent of Medicaid APG. ",,,,,,,,Other,"Not Payable. ",,,,,,,,Other,"Not Payable. ",6593,,,,,,,Case Rate,". Primary procedure pays at 100%, secondary at 50%, all subsequent at 25%.  Lesser of applies when negotiated rates exceed charges less addons.",6593,,,,,,,Case Rate,". Primary procedure pays at 100%, secondary at 50%, all subsequent at 25%.  Lesser of applies when negotiated rates exceed charges less addons.",,,,,,,,Other,"Not Payable. ",6487,,,,,,,Case Rate,". MPL 100/50/25% maxmium of 3 procedures. All add ons apply, and lesser of 100% of billed charges",4923.38,,,,,,,Case Rate,". MPL 100/50/25% all add ons apply, and lesser of 100% of billed charges",4923.38,,,,,,,Case Rate,". MPL 100/50/25% all add ons apply, and lesser of 100% of billed charges",,,,,,,,Other,"Not Payable. ",6487,,,,,,,Case Rate,". MPL 100/50/25% maxmium of 3 procedures. All add ons apply, and lesser of 100% of billed charges",6593,,,,,,,Case Rate,". Primary procedure pays at 100%, secondary at 50%, all subsequent at 25%.  Lesser of applies when negotiated rates exceed charges less addons.",6593,,,,,,,Case Rate,". Primary procedure pays at 100%, secondary at 50%, all subsequent at 25%.  Lesser of applies when negotiated rates exceed charges less addons.",6593,,,,,,,Case Rate,". Primary procedure pays at 100%, secondary at 50%, all subsequent at 25%.  Lesser of applies when negotiated rates exceed charges less addons.",,78,,,,,0,percent of total billed charges,78% of Billed Charges. Lesser of 100% of billed charges applies.; No services were performed during the 15 month look back period.,,78,,,,,0,percent of total billed charges,78% of Billed Charges. Lesser of 100% of billed charges applies.; No services were performed during the 15 month look back period.,,78,,,,,0,percent of total billed charges,78% of Billed Charges. Lesser of 100% of billed charges applies.; No services were performed during the 15 month look back period.,,78,,,,,0,percent of total billed charges,78% of Billed Charges. Lesser of 100% of billed charges applies.; No services were performed during the 15 month look back period.,,78,,,,,0,percent of total billed charges,78% of Billed Charges. Lesser of 100% of billed charges applies.; No services were performed during the 15 month look back period.,,78,,,,,0,percent of total billed charges,78% of Billed Charges. Lesser of 100% of billed charges applies.; No services were performed during the 15 month look back period.,,78,,,,,0,percent of total billed charges,78% of Billed Charges. Lesser of 100% of billed charges applies.; No services were performed during the 15 month look back period.,,78,,,,,0,percent of total billed charges,78% of Billed Charges. Lesser of 100% of billed charges applies.; No services were performed during the 15 month look back period.,,78,,,,,0,percent of total billed charges,78% of Billed Charges. Lesser of 100% of billed charges applies.; No services were performed during the 15 month look back period.,,78,,,,,0,percent of total billed charges,78% of Billed Charges. Lesser of 100% of billed charges applies.; No services were performed during the 15 month look back period.,,78,,,,,0,percent of total billed charges,78% of Billed Charges. Lesser of 100% of billed charges applies.; No services were performed during the 15 month look back period.,12574,,,,,,,Case Rate,". Primary procedure pays at 100%, all subsequent at 50%.",13586,,,,,,,Case Rate,". MPL 100/50/25% all add ons apply, and lesser of 100% of billed charges",6487,,,,,,,Case Rate,". MPL 100/50/25% maxmium of 3 procedures. All add ons apply, and lesser of 100% of billed charges",,,,,,,,Other,"Not Payable. ",6593,,,,,,,Case Rate,". Primary procedure pays at 100%, secondary at 50%, all subsequent at 25%.  Lesser of applies when negotiated rates exceed charges less addons.",6487,,,,,,,Case Rate,". MPL 100/50/25% maxmium of 3 procedures. All add ons apply, and lesser of 100% of billed charges",6487,,,,,,,Case Rate,". MPL 100/50/25% maxmium of 3 procedures. All add ons apply, and lesser of 100% of billed charges",,78,,,,,0,percent of total billed charges,78% of Billed Charges. Lesser of 100% of billed charges applies.; No services were performed during the 15 month look back period.,2749.91,,,,,,,Case Rate,"214 Percent of Medicaid APG. Drugs not priced under APG, billed with revenue code 636 and not priced by Medicare ASP FeeSched will be reimbursed at 20% of charges.",6487,,,,,,,Case Rate,". MPL 100/50/25% maxmium of 3 procedures. All add ons apply, and lesser of 100% of billed charges",1285,,,,,,,Case Rate,"100 Percent of Medicaid APG. ",,,,,,,,Other,"Not Payable. ",,,,,,,,Other,"Not Payable. ",,,,,,,,Other,"Not Payable. ",,,,,,,,Other,"Not Payable. ",,,,,,,,Other,"Not Payable. ",,,,,,,,Other,"Not Payable. ",6487,,,,,,,Case Rate,". MPL 100/50/25% maxmium of 3 procedures. All add ons apply, and lesser of 100% of billed charges",61832,,,,,,,Case Rate,". MPL 100/75/50% all add ons apply, and lesser of 100% of billed charges",486,,,,,,,Fee Schedule,"160 Percent of Medicare RBRVS. ",486,,,,,,,Fee Schedule,"160 Percent of Medicare RBRVS. ",486,,,,,,,Fee Schedule,"160 Percent of Medicare RBRVS. ",486,,,,,,,Fee Schedule,"160 Percent of Medicare RBRVS. ",486,,,,,,,Fee Schedule,"160 Percent of Medicare RBRVS. ",,,,,,,,,"NA. ",61832,,,,,,,Case Rate,". MPL 100/75/50% all add ons apply, and lesser of 100% of billed charges",,,,,,,,Fee Schedule,"Not Payable. ",,,,,,,,Fee Schedule,"Not Payable. ",,,,,,,,Fee Schedule,"Not Payable. ",,,,,,,,Fee Schedule,"Not Payable. ",,,,,,,,Fee Schedule,"Not Payable. ",,,,,,,,Other,"Not Payable. ",12574,,,,,,,Case Rate,". Primary procedure pays at 100%, all subsequent at 50%.",12574,,,,,,,Case Rate,". Primary procedure pays at 100%, all subsequent at 50%.",12574,,,,,,,Case Rate,". Primary procedure pays at 100%, all subsequent at 50%.",12574,,,,,,,Case Rate,". Primary procedure pays at 100%, all subsequent at 50%.",6593,,,,,,,Case Rate,". Primary procedure pays at 100%, secondary at 50%, all subsequent at 25%.  Lesser of applies when negotiated rates exceed charges less addons.",6593,,,,,,,Case Rate,". Primary procedure pays at 100%, secondary at 50%, all subsequent at 25%.  Lesser of applies when negotiated rates exceed charges less addons.",6593,,,,,,,Case Rate,". Primary procedure pays at 100%, secondary at 50%, all subsequent at 25%.  Lesser of applies when negotiated rates exceed charges less addons.",6593,,,,,,,Case Rate,". Primary procedure pays at 100%, secondary at 50%, all subsequent at 25%.  Lesser of applies when negotiated rates exceed charges less addons.",61832,,,,,,,Case Rate,". MPL 100/75/50% all add ons apply, and lesser of 100% of billed charges",61832,,,,,,,Case Rate,". MPL 100/75/50% all add ons apply, and lesser of 100% of billed charges",,,,,,,,Other,"Not Payable. ",,,,,,,,Other,"Not Payable. ",,,,,,,,Other,"Not Payable. ",13586,,,,,,,Case Rate,". MPL 100/50/25% all add ons apply, and lesser of 100% of billed charges",13586,,,,,,,Case Rate,". MPL 100/50/25% all add ons apply, and lesser of 100% of billed charges",13586,,,,,,,Case Rate,". MPL 100/50/25% all add ons apply, and lesser of 100% of billed charges",61832,,,,,,,Case Rate,". MPL 100/75/50% all add ons apply, and lesser of 100% of billed charges",6593,,,,,,,Case Rate,". Primary procedure pays at 100%, secondary at 50%, all subsequent at 25%.  Lesser of applies when negotiated rates exceed charges less addons.",,,,,,,,Other,"Not Payable. ",13586,,,,,,,Case Rate,". MPL 100/50/25% all add ons apply, and lesser of 100% of billed charges",1285,,,,,,,Case Rate,"100 Percent of Medicaid APG. ",,,,,,,,Other,"Not Payable. ",,,,,,,,Other,"Not Payable. ",,,,,,,,Other,"Not Payable. ",1285,,,,,,,Case rate,"100 Percent of Medicaid APG. ",2891.26,,,,,,,Fee Schedule,225% of NYS APG. Lesser of 100% of billed charges applies.,2891.26,,,,,,,Fee Schedule,225% of NYS APG. Lesser of 100% of billed charges applies.,2891.26,,,,,,,Fee Schedule,225% of NYS APG. Lesser of 100% of billed charges applies.,2891.26,,,,,,,Fee Schedule,225% of NYS APG. Lesser of 100% of billed charges applies.,2891.26,,,,,,,Fee Schedule,225% of NYS APG. Lesser of 100% of billed charges applies.,,,,,,,,Other,"Not Payable. ",1285,,,,,,,Case Rate,"100 Percent of Medicaid APG. ",273.38,,,,,,,Fee Schedule,90 Percent of Medicare RBRVS. Lesser of 100% of billed charges applies.,2891.26,,,,,,,Fee Schedule,225% of NYS APG. Lesser of 100% of billed charges applies.,2891.26,,,,,,,Fee Schedule,225% of NYS APG. Lesser of 100% of billed charges applies.,273.38,,,,,,,Fee Schedule,90 Percent of Medicare RBRVS. Lesser of 100% of billed charges applies.,273.38,,,,,,,Fee Schedule,90 Percent of Medicare RBRVS. Lesser of 100% of billed charges applies.,486,,,,,,,Fee Schedule,"160 Percent of Medicare RBRVS. ",,,,,,,,Other,"Not Payable. ",,,,,,,,Other,"Not Payable. ",6593,,,,,,,Case Rate,". Primary procedure pays at 100%, secondary at 50%, all subsequent at 25%.  Lesser of applies when negotiated rates exceed charges less addons.",,,,,,,,Other,"Not Payable. ",2891.26,,,,,,,Case Rate,"225 Percent of Medicaid APG. ",2891.26,,,,,,,Case Rate,"225 Percent of Medicaid APG. ",1285,,,,,,,Case rate,"100 Percent of Medicaid APG. ",1285,,,,,,,Case rate,"100 Percent of Medicaid APG. ",2891.26,,,,,,,Case Rate,225 Percent of Medicaid APG. Covered services not payable under Medicaid Fee Schedules default to a payment of 87.5 percent of charges.,273.38,,,,,,,Fee schedule,90 Percent of Medicare RBRVS. Covered services not payable under Medicaid Fee Schedules default to a payment of 50 percent of charges.,2891.26,,,,,,,Case Rate,"100 Percent of Medicaid APG. ",2891.26,,,,,,,Case Rate,"100 Percent of Medicaid APG. ",2891.26,,,,,,,Case Rate,"100 Percent of Medicaid APG. ",2891.26,,,,,,,Case Rate,"100 Percent of Medicaid APG. ",13453,,,,,,,Case Rate,". MPL 100/75/50% all add ons apply, and lesser of 100% of billed charges",61832,,,,,,,Case Rate,". MPL 100/75/50% all add ons apply, and lesser of 100% of billed charges",1542,,,,,,,Case Rate,"120 Percent of Medicaid APG. Not APG payable, or payable under another fee schedule like ASP/AWP pays at 30% of charges",1542,,,,,,,Case Rate,"120 Percent of Medicaid APG. Not APG payable, or payable under another fee schedule like ASP/AWP pays at 30% of charges",1285,,,,,,,Case Rate,"100 Percent of Medicaid APG. Not APG payable, or payable under another fee schedule like ASP/AWP pays at 30% of charges",1285,,,,,,,Case Rate,"100 Percent of Medicaid APG. Not APG payable, or payable under another fee schedule like ASP/AWP pays at 30% of charges",13586,,,,,,,Case Rate,". MPL 100/50/25% all add ons apply, and lesser of 100% of billed charges",13586,,,,,,,Case Rate,". MPL 100/50/25% all add ons apply, and lesser of 100% of billed charges",,,,,,,,Other,"Not Payable. ",13586,,,,,,,Case Rate,". MPL 100/50/25% all add ons apply, and lesser of 100% of billed charges",13586,,,,,,,Case Rate,". MPL 100/50/25% all add ons apply, and lesser of 100% of billed charges",13586,,,,,,,Case Rate,". MPL 100/50/25% all add ons apply, and lesser of 100% of billed charges",13586,,,,,,,Case Rate,". MPL 100/50/25% all add ons apply, and lesser of 100% of billed charges",,,,,,,,Other,"Not Payable. ",13586,,,,,,,Case Rate,". MPL 100/50/25% all add ons apply, and lesser of 100% of billed charges",13586,,,,,,,Case Rate,". MPL 100/50/25% all add ons apply, and lesser of 100% of billed charges",6593,,,,,,,Case Rate,". Primary procedure pays at 100%, secondary at 50%, all subsequent at 25%.  Lesser of applies when negotiated rates exceed charges less addons.",1285,,,,,,,Fee Schedule,100% APG. Lesser of 100% of billed charges applies.,273.38,,,,,,,Fee schedule,90 Percent of Medicare RBRVS. Covered services not payable under Medicaid Fee Schedules default to a payment of 50 percent of charges.,2891.26,,,,,,,Fee Schedule,225% of NYS APG. Lesser of 100% of billed charges applies.,2891.26,,,,,,,Case Rate,225 Percent of Medicaid APG. Covered services not payable under Medicaid Fee Schedules default to a payment of 87.5 percent of charges.,273.38,,,,,,,Fee schedule,90 Percent of Medicare RBRVS. Covered services not payable under Medicaid Fee Schedules default to a payment of 50 percent of charges.,2891.26,,,,,,,Fee Schedule,225% of NYS APG. Lesser of 100% of billed charges applies.,2891.26,,,,,,,Fee Schedule,225% of NYS APG. Lesser of 100% of billed charges applies.,2891.26,,,,,,,Fee Schedule,225% of NYS APG. Lesser of 100% of billed charges applies.,2891.26,,,,,,,Fee Schedule,225% of NYS APG. Lesser of 100% of billed charges applies.,2891.26,,,,,,,Fee Schedule,225% of NYS APG. Lesser of 100% of billed charges applies.,2891.26,,,,,,,Fee Schedule,225% of NYS APG. Lesser of 100% of billed charges applies.,,,,,,,,,"NA. ",,,,,,,,,"NA. ",,,,,,,,,"NA. ",6487,,,,,,,Case Rate,". MPL 100/50/25% maxmium of 3 procedures. All add ons apply, and lesser of 100% of billed charges",,,,,,,,,"NA. ",,,,,,,,Other,"Not Payable. ",15878,,,,,,,Case Rate,". MPL 1st 100% of Payment Rate 50% of all others, all add ons apply, and lesser of 100% of billed charges.",,,,,,,,Other,"Not Payable. ",,,,,,,,Other,"Not Payable. ",1542,,,,,,,Case Rate,"120 Percent of Medicaid APG. Not APG payable, or payable under another fee schedule like ASP/AWP pays at 30% of charges",1542,,,,,,,Case Rate,"120 Percent of Medicaid APG. Not APG payable, or payable under another fee schedule like ASP/AWP pays at 30% of charges",1285,,,,,,,Case Rate,"100 Percent of Medicaid APG. Not APG payable, or payable under another fee schedule like ASP/AWP pays at 30% of charges",1285,,,,,,,Case Rate,"100 Percent of Medicaid APG. Not APG payable, or payable under another fee schedule like ASP/AWP pays at 30% of charges",1285,,,,,,,Case Rate,"100 Percent of Medicaid APG. ",7163,,,,,,,Case Rate,". ",6593,,,,,,,Case Rate,". Primary procedure pays at 100%, secondary at 50%, all subsequent at 25%.  Lesser of applies when negotiated rates exceed charges less addons.",15598,,,,,,,Case Rate,". Primary procedure pays at 100%, all subsequent at 50%.",6487,,,,,,,Case Rate,". MPL 100/50/25% maxmium of 3 procedures. All add ons apply, and lesser of 100% of billed charges",,,,,,,,Other,"Not Payable. ",,,,,,,,Other,"Not Payable. ",,,,,,,,Other,"Not Payable. ",,,,,,,,Other,"Not Payable. ",,,,,,,,Other,"Not Payable. ",,,,,,,,Other,"Not Payable. ",,,,,,,,,"NA. ",2891.26,,,,,,,Fee Schedule,225% of NYS APG. Lesser of 100% of billed charges applies.,273.38,,,,,,,Fee Schedule,90 Percent of Medicare RBRVS. Lesser of 100% of billed charges applies.,13586,,,,,,,Case Rate,". MPL 100/50/25% all add ons apply, and lesser of 100% of billed charges",7163,,,,,,,Case Rate,". ",7163,,,,,,,Case Rate,". ",7163,,,,,,,Case Rate,". ",7163,,,,,,,Case Rate,". ",,,,,,,,Other,"Not Payable. ",1285,,,,,,,Case Rate,"100 Percent of Medicaid APG. ",13586,,,,,,,Case Rate,". MPL 100/50/25% all add ons apply, and lesser of 100% of billed charges",1285,,,,,,,Case Rate,"100 Percent of Medicaid APG. ",,,,,,,,Other,"Not Payable. ",1285,,,,,,,Case Rate,"100 Percent of Medicaid APG. ",,,,,,,,Other,"Not Payable. ",,,,,,,,Other,"Not Payable. ",1285,,,,,,,Case Rate,"100 Percent of Medicaid APG. ",1285,,,,,,,Case Rate,"100 Percent of Medicaid APG. ",7163,,,,,,,Case Rate,". ",6487,,,,,,,Case Rate,". MPL 100/50/25% maxmium of 3 procedures. All add ons apply, and lesser of 100% of billed charges",,78,,,,,0,percent of total billed charges,78% of Billed Charges. Lesser of 100% of billed charges applies.; No services were performed during the 15 month look back period.,4923.38,,,,,,,Case Rate,". MPL 100/50/25% all add ons apply, and lesser of 100% of billed charges",4923.38,,,,,,,Case Rate,". MPL 100/50/25% all add ons apply, and lesser of 100% of billed charges",6593,,,,,,,Case Rate,". Primary procedure pays at 100%, secondary at 50%, all subsequent at 25%.  Lesser of applies when negotiated rates exceed charges less addons.",284.46,,,,,,,Other,"Not Payable. ",12574,,,,,,,Case Rate,". Primary procedure pays at 100%, all subsequent at 50%.",12574,,,,,,,Case Rate,". Primary procedure pays at 100%, all subsequent at 50%.",10869,,,,,,,Case Rate,". MPL 100/50/25% all add ons apply, and lesser of 100% of billed charges",10869,,,,,,,Case Rate,". MPL 100/50/25% all add ons apply, and lesser of 100% of billed charges",,,,,,,,Other,"Not Payable. ",,,,,,,,Other,"Not Payable. ",,,,,,,,Other,"Not Payable. ",,,,,,,,Other,"Not Payable. ",4923.38,,,,,,,Case Rate,". MPL 100/50/25% all add ons apply, and lesser of 100% of billed charges",13586,,,,,,,Case Rate,". MPL 100/50/25% all add ons apply, and lesser of 100% of billed charges",13586,,,,,,,Case Rate,". MPL 100/50/25% all add ons apply, and lesser of 100% of billed charges",,,,,,,,Other,"Not Payable. ",10869,,,,,,,Case Rate,". MPL 100/50/25% all add ons apply, and lesser of 100% of billed charges",15598,,,,,,,Case Rate,". Primary procedure pays at 100%, all subsequent at 50%.",1542,,,,,,,Fee Schedule,"120 Percent of Medicaid APG. ",1285,,,,,,,Case Rate,"100 Percent of Medicaid APG. ",7163,,,,,,,Case Rate,". ",12227,,,,,,,Case Rate,". MPL 100/50/25% all add ons apply, and lesser of 100% of billed charges",12227,,,,,,,Case Rate,". MPL 100/50/25% all add ons apply, and lesser of 100% of billed charges",13586,,,,,,,Case Rate,". MPL 100/50/25% all add ons apply, and lesser of 100% of billed charges",42603,,,,,,,Case Rate,". MPL 100/75/50% all add ons apply, and lesser of 100% of billed charges",,,,,,,,Other,"Not Payable. ",1349.25,,,,,,,Fee Schedule,105 percent of Medicaid APG. otherwise 105% of Ordered NYS MCD FS or 105% of ASP+6%,1349.25,,,,,,,Fee Schedule,105 percent of Medicaid APG. otherwise 105% of Ordered NYS MCD FS or 105% of ASP+6%,1349.25,,,,,,,Fee Schedule,105 percent of Medicaid APG. otherwise 105% of Ordered NYS MCD FS or 105% of ASP+6%,1734.76,,,,,,,Fee Schedule,135 percent of Medicaid APG. otherwise 135% of Ordered NYS MCD FS or 135% of ASP+6%,4923.38,,,,,,,Case Rate,". MPL 100/50/25% all add ons apply, and lesser of 100% of billed charges",1349.25,,,,,,,Fee Schedule,105 percent of Medicaid APG. otherwise 105% of Ordered NYS MCD FS or 105% of ASP+6%,1349.25,,,,,,,Fee Schedule,105 percent of Medicaid APG. otherwise 105% of Ordered NYS MCD FS or 105% of ASP+6%,1349.25,,,,,,,Fee Schedule,105 percent of Medicaid APG. otherwise 105% of Ordered NYS MCD FS or 105% of ASP+6%,1349.25,,,,,,,Fee Schedule,105 percent of Medicaid APG. otherwise 105% of Ordered NYS MCD FS or 105% of ASP+6%,1349.25,,,,,,,Fee Schedule,105 percent of Medicaid APG. otherwise 105% of Ordered NYS MCD FS or 105% of ASP+6%,1734.76,,,,,,,Fee Schedule,135 percent of Medicaid APG. otherwise 135% of Ordered NYS MCD FS or 135% of ASP+6%,1734.76,,,,,,,Fee Schedule,135 percent of Medicaid APG. otherwise 135% of Ordered NYS MCD FS or 135% of ASP+6%,,,,,,,,Other,"Not Payable. ",4923.38,,,,,,,Case Rate,". MPL 100/50/25% all add ons apply, and lesser of 100% of billed charges",,,,,,,,Other,"Not Payable. ",1349.25,,,,,,,Fee Schedule,105 percent of Medicaid APG. otherwise 105% of Ordered NYS MCD FS or 105% of ASP+6%,13586,,,,,,,Case Rate,". MPL 100/50/25% all add ons apply, and lesser of 100% of billed charges",,,,,,,,Other,"Not Payable. ",13586,,,,,,,Case Rate,". MPL 100/50/25% all add ons apply, and lesser of 100% of billed charges",13586,,,,,,,Case Rate,". MPL 100/50/25% all add ons apply, and lesser of 100% of billed charges",13586,,,,,,,Case Rate,". MPL 100/50/25% all add ons apply, and lesser of 100% of billed charges",1349.25,,,,,,,Fee Schedule,105 percent of Medicaid APG. otherwise 105% of Ordered NYS MCD FS or 105% of ASP+6%,,,,,,,,Other,"Not Payable. ",13586,,,,,,,Case Rate,". MPL 100/50/25% all add ons apply, and lesser of 100% of billed charges",1734.76,,,,,,,Fee Schedule,135 percent of Medicaid APG. otherwise 135% of Ordered NYS MCD FS or 135% of ASP+6%,13586,,,,,,,Case Rate,". MPL 100/50/25% all add ons apply, and lesser of 100% of billed charges",,,,,,,,Other,"Not Payable. ",,,,,,,,Other,"Not Payable. ",7163,,,,,,,Case Rate,". ",7163,,,,,,,Case Rate,". ",7163,,,,,,,Case Rate,". ",7163,,,,,,,Case Rate,". ",7163,,,,,,,Case Rate,". ",15598,,,,,,,Case Rate,". Primary procedure pays at 100%, all subsequent at 50%.",15598,,,,,,,Case Rate,". Primary procedure pays at 100%, all subsequent at 50%.",7163,,,,,,,Case Rate,". ",7163,,,,,,,Case Rate,". ",7163,,,,,,,Case Rate,". ",7163,,,,,,,Case Rate,". ",7163,,,,,,,Case Rate,". ",,,,,,,,Other,"Not Payable. ",15598,,,,,,,Case Rate,". Primary procedure pays at 100%, all subsequent at 50%.",,,,,,,,Other,"Not Payable. ",2891.26,,,,,,,Case Rate,"225 Percent of Medicaid APG. If not included in Medicaid APG, then 100 Percent of Manhattan Medicare",1285,,,,,,,Case Rate,"100 Percent of Medicaid APG. ",4923.38,,,,,,,Case Rate,". MPL 100/50/25% all add ons apply, and lesser of 100% of billed charges",4923.38,,,,,,,Case Rate,". MPL 100/50/25% all add ons apply, and lesser of 100% of billed charges",,,,,,,,Other,"Not Payable. ",12574,,,,,,,Case Rate,". Primary procedure pays at 100%, all subsequent at 50%.",,,,,,,,Other,"Not Payable. ",,,,,,,,Other,"Not Payable. ",6593,,,,,,,Case Rate,". Primary procedure pays at 100%, secondary at 50%, all subsequent at 25%.  Lesser of applies when negotiated rates exceed charges less addons.",,,,,,,,Other,"Not Payable. ",6487,,,,,,,Case Rate,". MPL 100/50/25% maxmium of 3 procedures. All add ons apply, and lesser of 100% of billed charges",,,,,,,,Other,"Not Payable. ",6487,,,,,,,Case Rate,". MPL 100/50/25% maxmium of 3 procedures. All add ons apply, and lesser of 100% of billed charges",6593,,,,,,,Case Rate,". Primary procedure pays at 100%, secondary at 50%, all subsequent at 25%.  Lesser of applies when negotiated rates exceed charges less addons.",6487,,,,,,,Case Rate,". MPL 100/50/25% maxmium of 3 procedures. All add ons apply, and lesser of 100% of billed charges",,,,,,,,Other,"Not Payable. ",1285,,,,,,,Case Rate,"100 Percent of Medicaid APG. ",,,,,,,,Other,"Not Payable. ",6487,,,,,,,Case Rate,". MPL 100/50/25% maxmium of 3 procedures. All add ons apply, and lesser of 100% of billed charges",4923.38,,,,,,,Case Rate,". MPL 100/50/25% all add ons apply, and lesser of 100% of billed charges",1285,,,,,,,Case Rate,"100 Percent of Medicaid APG. ",13586,,,,,,,Case Rate,". MPL 100/50/25% all add ons apply, and lesser of 100% of billed charges",1542,,,,,,,Fee Schedule,"120 Percent of Medicaid APG. ",1542,,,,,,,Fee Schedule,"120 Percent of Medicaid APG. ",13586,,,,,,,Case Rate,". MPL 100/50/25% all add ons apply, and lesser of 100% of billed charges",13586,,,,,,,Case Rate,". MPL 100/50/25% all add ons apply, and lesser of 100% of billed charges",13586,,,,,,,Case Rate,". MPL 100/50/25% all add ons apply, and lesser of 100% of billed charges",4923.38,,,,,,,Case Rate,". MPL 100/50/25% all add ons apply, and lesser of 100% of billed charges",13586,,,,,,,Case Rate,". MPL 100/50/25% all add ons apply, and lesser of 100% of billed charges",13586,,,,,,,Case Rate,". MPL 100/50/25% all add ons apply, and lesser of 100% of billed charges",13586,,,,,,,Case Rate,". MPL 100/50/25% all add ons apply, and lesser of 100% of billed charges",7163,,,,,,,Case Rate,". ",7163,,,,,,,Case Rate,". ",,,,,,,,Fee Schedule,"Not Payable. ",1285,,,,,,,Case Rate,"100 Percent of Medicaid APG. ",4923.38,,,,,,,Case Rate,". MPL 100/50/25% all add ons apply, and lesser of 100% of billed charges",6487,,,,,,,Case Rate,". MPL 100/50/25% maxmium of 3 procedures. All add ons apply, and lesser of 100% of billed charges",6593,,,,,,,Case Rate,". Primary procedure pays at 100%, secondary at 50%, all subsequent at 25%.  Lesser of applies when negotiated rates exceed charges less addons.",4923.38,,,,,,,Case Rate,". MPL 100/50/25% all add ons apply, and lesser of 100% of billed charges",6593,,,,,,,Case Rate,". Primary procedure pays at 100%, secondary at 50%, all subsequent at 25%.  Lesser of applies when negotiated rates exceed charges less addons.",4923.38,,,,,,,Case Rate,". MPL 100/50/25% all add ons apply, and lesser of 100% of billed charges",13586,,,,,,,Case Rate,". MPL 100/50/25% all add ons apply, and lesser of 100% of billed charges",13586,,,,,,,Case Rate,". MPL 100/50/25% all add ons apply, and lesser of 100% of billed charges",13586,,,,,,,Case Rate,". MPL 100/50/25% all add ons apply, and lesser of 100% of billed charges",13586,,,,,,,Case Rate,". MPL 100/50/25% all add ons apply, and lesser of 100% of billed charges",,,,,,,,Other,"Not Payable. ",273.38,61832,
36406,CPT,2025901,LOCAL,361,RC,HC BL DRAW <3 YRS PHYS/QHP SKILL OTHER VEIN,297.95,56.6105,both,,,,1352,,,,,,,Case Rate,". MPL 1st 100% of Payment Rate 50% of all others, all add ons apply, and lesser of 100% of billed charges.",1352,,,,,,,Case Rate,". MPL 1st 100% of Payment Rate 50% of all others, all add ons apply, and lesser of 100% of billed charges.",178.77,60,,,,,0,percent of total billed charges,60 percent of billed charges; No services were performed during the 15 month look back period.,297.95,100,,,,,0,percent of total billed charges,100 percent of billed charges. ; No services were performed during the 15 month look back period.,,,,,,,,Other,"Not Payable. ",178.77,60,,,,,0,percent of total billed charges,60 percent of billed charges; No services were performed during the 15 month look back period.,178.77,60,,,,,0,percent of total billed charges,60 percent of billed charges; No services were performed during the 15 month look back period.,178.77,60,,,,,0,percent of total billed charges,60 percent of billed charges; No services were performed during the 15 month look back period.,199.16,,,,,,,Case Rate,"100 Percent of Medicaid APG. ",165.97,,,,,,,Case Rate,"100 Percent of Medicaid APG. ",232.401,78,,,,,0,percent of total billed charges,78% of Billed Charges. Lesser of 100% of billed charges applies.; No services were performed during the 15 month look back period.,50347.74,,,,,,,Case Rate,". MPL 100/50/25% all add ons apply, and lesser of 100% of billed charges",165.97,,,,,,,Case Rate,"100 Percent of Medicaid APG. ",,,,,,,,Other,"Not Payable. ",6487,,,,,,,Case Rate,". MPL 100/50/25% maxmium of 3 procedures. All add ons apply, and lesser of 100% of billed charges",6487,,,,,,,Case Rate,". MPL 100/50/25% maxmium of 3 procedures. All add ons apply, and lesser of 100% of billed charges",6487,,,,,,,Case Rate,". MPL 100/50/25% maxmium of 3 procedures. All add ons apply, and lesser of 100% of billed charges",6487,,,,,,,Case Rate,". MPL 100/50/25% maxmium of 3 procedures. All add ons apply, and lesser of 100% of billed charges",165.97,,,,,,,Case rate,124 Percent of Medicaid APG. Covered services not payable under Medicaid Fee Schedules default to a payment of 50 percent of charges.,,,,,,,,Other,"Not Payable. ",165.97,,,,,,,Case rate,124 Percent of Medicaid APG. Covered services not payable under Medicaid Fee Schedules default to a payment of 50 percent of charges.,232.401,78,,,,,0,percent of total billed charges,78% of Billed Charges. Lesser of 100% of billed charges applies.; No services were performed during the 15 month look back period.,178.77,60,,,,,0,percent of total billed charges,60 percent of billed charges; No services were performed during the 15 month look back period.,,,,,,,,Other,"Not Payable. ",217.5035,73,,,,,0,percent of total billed charges,73 percent of billed charges; No services were performed during the 15 month look back period.,,,,,,,,Other,"Not Payable. ",,,,,,,,Other,"Not Payable. ",232.401,78,,,,,0,percent of total billed charges,78% of Billed Charges. Lesser of 100% of billed charges applies.; No services were performed during the 15 month look back period.,8.59,,,,,,,Fee Schedule,90 Percent of Medicare RBRVS. Lesser of 100% of billed charges applies.,8.59,,,,,,,Fee Schedule,90 Percent of Medicare RBRVS. Lesser of 100% of billed charges applies.,165.97,,,,,,,Case rate,"100 Percent of Medicaid APG. ",165.97,,,,,,,Case rate,"100 Percent of Medicaid APG. ",217.5035,73,,,,,0,percent of total billed charges,73 percent of billed charges; No services were performed during the 15 month look back period.,217.5035,73,,,,,0,percent of total billed charges,73 percent of billed charges; No services were performed during the 15 month look back period.,165.97,,,,,,,Case Rate,"100 Percent of Medicaid APG. Not APG payable, or payable under another fee schedule like ASP/AWP pays at 30% of charges",217.5035,73,,,,,0,percent of total billed charges,73 percent of billed charges; No services were performed during the 15 month look back period.,165.97,,,,,,,Case Rate,"100 Percent of Medicaid APG. Not APG payable, or payable under another fee schedule like ASP/AWP pays at 30% of charges",,,,,,,,Other,"Not Payable. ",217.5035,73,,,,,0,percent of total billed charges,73 percent of billed charges; No services were performed during the 15 month look back period.,232.401,78,,,,,0,percent of total billed charges,78% of Billed Charges. Lesser of 100% of billed charges applies.; No services were performed during the 15 month look back period.,165.97,,,,,,,Case Rate,"100 Percent of Medicaid APG. ",165.97,,,,,,,Case Rate,"100 Percent of Medicaid APG. ",232.401,78,,,,,0,percent of total billed charges,78% of Billed Charges. Lesser of 100% of billed charges applies.; No services were performed during the 15 month look back period.,6487,,,,,,,Case Rate,". MPL 100/50/25% maxmium of 3 procedures. All add ons apply, and lesser of 100% of billed charges",95.11,,,,,,,Fee Schedule,". ",95.11,,,,,,,Fee Schedule,". ",232.401,78,,,,,0,percent of total billed charges,78% of Billed Charges. Lesser of 100% of billed charges applies.; No services were performed during the 15 month look back period.,,,,,,,,Other,"Not Payable. ",50347.74,,,,,,,Case Rate,". MPL 100/50/25% all add ons apply, and lesser of 100% of billed charges",50347.74,,,,,,,Case Rate,". MPL 100/50/25% all add ons apply, and lesser of 100% of billed charges",50347.74,,,,,,,Case Rate,". MPL 100/50/25% all add ons apply, and lesser of 100% of billed charges",,,,,,,,Other,"Not Payable. ",50347.74,,,,,,,Case Rate,". MPL 100/50/25% all add ons apply, and lesser of 100% of billed charges",50347.74,,,,,,,Case Rate,". MPL 100/50/25% all add ons apply, and lesser of 100% of billed charges",,,,,,,,Other,"Not Payable. ",25798,,,,,,,Case Rate,". MPL 100/75/50% all add ons apply, and lesser of 100% of billed charges",4100,,,,,,,Case Rate,". MPL 100/50/25% all add ons apply, and lesser of 100% of billed charges",4100,,,,,,,Case Rate,". MPL 100/50/25% all add ons apply, and lesser of 100% of billed charges",4100,,,,,,,Case Rate,". MPL 100/50/25% all add ons apply, and lesser of 100% of billed charges",4100,,,,,,,Case Rate,". MPL 100/50/25% all add ons apply, and lesser of 100% of billed charges",4100,,,,,,,Case Rate,". MPL 100/50/25% all add ons apply, and lesser of 100% of billed charges",4100,,,,,,,Case Rate,". MPL 100/50/25% all add ons apply, and lesser of 100% of billed charges",,,,,,,,Other,"Not Payable. ",,,,,,,,Other,"Not Payable. ",4100,,,,,,,Case Rate,". MPL 100/50/25% all add ons apply, and lesser of 100% of billed charges",232.401,78,,,,,0,percent of total billed charges,78% of Billed Charges. Lesser of 100% of billed charges applies.; No services were performed during the 15 month look back period.,232.401,78,,,,,0,percent of total billed charges,78% of Billed Charges. Lesser of 100% of billed charges applies.; No services were performed during the 15 month look back period.,232.401,78,,,,,0,percent of total billed charges,78% of Billed Charges. Lesser of 100% of billed charges applies.; No services were performed during the 15 month look back period.,232.401,78,,,,,0,percent of total billed charges,78% of Billed Charges. Lesser of 100% of billed charges applies.; No services were performed during the 15 month look back period.,232.401,78,,,,,0,percent of total billed charges,78% of Billed Charges. Lesser of 100% of billed charges applies.; No services were performed during the 15 month look back period.,232.401,78,,,,,0,percent of total billed charges,78% of Billed Charges. Lesser of 100% of billed charges applies.; No services were performed during the 15 month look back period.,232.401,78,,,,,0,percent of total billed charges,78% of Billed Charges. Lesser of 100% of billed charges applies.; No services were performed during the 15 month look back period.,232.401,78,,,,,0,percent of total billed charges,78% of Billed Charges. Lesser of 100% of billed charges applies.; No services were performed during the 15 month look back period.,232.401,78,,,,,0,percent of total billed charges,78% of Billed Charges. Lesser of 100% of billed charges applies.; No services were performed during the 15 month look back period.,232.401,78,,,,,0,percent of total billed charges,78% of Billed Charges. Lesser of 100% of billed charges applies.; No services were performed during the 15 month look back period.,232.401,78,,,,,0,percent of total billed charges,78% of Billed Charges. Lesser of 100% of billed charges applies.; No services were performed during the 15 month look back period.,232.401,78,,,,,0,percent of total billed charges,78% of Billed Charges. Lesser of 100% of billed charges applies.; No services were performed during the 15 month look back period.,232.401,78,,,,,0,percent of total billed charges,78% of Billed Charges. Lesser of 100% of billed charges applies.; No services were performed during the 15 month look back period.,232.401,78,,,,,0,percent of total billed charges,78% of Billed Charges. Lesser of 100% of billed charges applies.; No services were performed during the 15 month look back period.,232.401,78,,,,,0,percent of total billed charges,78% of Billed Charges. Lesser of 100% of billed charges applies.; No services were performed during the 15 month look back period.,232.401,78,,,,,0,percent of total billed charges,78% of Billed Charges. Lesser of 100% of billed charges applies.; No services were performed during the 15 month look back period.,232.401,78,,,,,0,percent of total billed charges,78% of Billed Charges. Lesser of 100% of billed charges applies.; No services were performed during the 15 month look back period.,232.401,78,,,,,0,percent of total billed charges,78% of Billed Charges. Lesser of 100% of billed charges applies.; No services were performed during the 15 month look back period.,232.401,78,,,,,0,percent of total billed charges,78% of Billed Charges. Lesser of 100% of billed charges applies.; No services were performed during the 15 month look back period.,232.401,78,,,,,0,percent of total billed charges,78% of Billed Charges. Lesser of 100% of billed charges applies.; No services were performed during the 15 month look back period.,232.401,78,,,,,0,percent of total billed charges,78% of Billed Charges. Lesser of 100% of billed charges applies.; No services were performed during the 15 month look back period.,232.401,78,,,,,0,percent of total billed charges,78% of Billed Charges. Lesser of 100% of billed charges applies.; No services were performed during the 15 month look back period.,232.401,78,,,,,0,percent of total billed charges,78% of Billed Charges. Lesser of 100% of billed charges applies.; No services were performed during the 15 month look back period.,232.401,78,,,,,0,percent of total billed charges,78% of Billed Charges. Lesser of 100% of billed charges applies.; No services were performed during the 15 month look back period.,232.401,78,,,,,0,percent of total billed charges,78% of Billed Charges. Lesser of 100% of billed charges applies.; No services were performed during the 15 month look back period.,232.401,78,,,,,0,percent of total billed charges,78% of Billed Charges. Lesser of 100% of billed charges applies.; No services were performed during the 15 month look back period.,217.5035,73,,,,,0,percent of total billed charges,73 percent of billed charges; No services were performed during the 15 month look back period.,217.5035,73,,,,,0,percent of total billed charges,73 percent of billed charges; No services were performed during the 15 month look back period.,217.5035,73,,,,,0,percent of total billed charges,73 percent of billed charges; No services were performed during the 15 month look back period.,217.5035,73,,,,,0,percent of total billed charges,73 percent of billed charges; No services were performed during the 15 month look back period.,12574,,,,,,,Case Rate,". Primary procedure pays at 100%, all subsequent at 50%.",12574,,,,,,,Case Rate,". Primary procedure pays at 100%, all subsequent at 50%.",6487,,,,,,,Case Rate,". MPL 100/50/25% maxmium of 3 procedures. All add ons apply, and lesser of 100% of billed charges",4100,,,,,,,Case Rate,". MPL 100/50/25% all add ons apply, and lesser of 100% of billed charges",50347.74,,,,,,,Case Rate,". MPL 100/50/25% all add ons apply, and lesser of 100% of billed charges",4100,,,,,,,Case Rate,". MPL 100/50/25% all add ons apply, and lesser of 100% of billed charges",232.401,78,,,,,0,percent of total billed charges,78% of Billed Charges. Lesser of 100% of billed charges applies.; No services were performed during the 15 month look back period.,12574,,,,,,,Case Rate,". Primary procedure pays at 100%, all subsequent at 50%.",4100,,,,,,,Case Rate,". MPL 100/50/25% all add ons apply, and lesser of 100% of billed charges",50347.74,,,,,,,Case Rate,". MPL 100/50/25% all add ons apply, and lesser of 100% of billed charges",6487,,,,,,,Case Rate,". MPL 100/50/25% maxmium of 3 procedures. All add ons apply, and lesser of 100% of billed charges",,,,,,,,,"NA. ",232.401,78,,,,,0,percent of total billed charges,78% of Billed Charges. Lesser of 100% of billed charges applies.; No services were performed during the 15 month look back period.,165.97,,,,,,,Case Rate,"100 Percent of Medicaid APG. ",217.5035,73,,,,,0,percent of total billed charges,73 percent of billed charges; No services were performed during the 15 month look back period.,165.97,,,,,,,Case Rate,"100 Percent of Medicaid APG. Not APG payable, or payable under another fee schedule like ASP/AWP pays at 30% of charges",,,,,,,,Other,"Not Payable. ",,,,,,,,Other,"Not Payable. ",25798,,,,,,,Case Rate,". MPL 100/75/50% all add ons apply, and lesser of 100% of billed charges",,,,,,,,Other,"Not Payable. ",,,,,,,,Other,"Not Payable. ",165.97,,,,,,,Case Rate,"100 Percent of Medicaid APG. ",,,,,,,,Other,"Not Payable. ",,,,,,,,Other,"Not Payable. ",178.77,60,,,,,0,percent of total billed charges,60 percent of billed charges; No services were performed during the 15 month look back period.,178.77,60,,,,,0,percent of total billed charges,60 percent of billed charges; No services were performed during the 15 month look back period.,,,,,,,,Other,"Not Payable. ",6487,,,,,,,Case Rate,". MPL 100/50/25% maxmium of 3 procedures. All add ons apply, and lesser of 100% of billed charges",50347.74,,,,,,,Case Rate,". MPL 100/50/25% all add ons apply, and lesser of 100% of billed charges",50347.74,,,,,,,Case Rate,". MPL 100/50/25% all add ons apply, and lesser of 100% of billed charges",,,,,,,,Other,"Not Payable. ",6487,,,,,,,Case Rate,". MPL 100/50/25% maxmium of 3 procedures. All add ons apply, and lesser of 100% of billed charges",178.77,60,,,,,0,percent of total billed charges,60 percent of billed charges; No services were performed during the 15 month look back period.,178.77,60,,,,,0,percent of total billed charges,60 percent of billed charges; No services were performed during the 15 month look back period.,178.77,60,,,,,0,percent of total billed charges,60 percent of billed charges; No services were performed during the 15 month look back period.,232.401,78,,,,,0,percent of total billed charges,78% of Billed Charges. Lesser of 100% of billed charges applies.; No services were performed during the 15 month look back period.,232.401,78,,,,,0,percent of total billed charges,78% of Billed Charges. Lesser of 100% of billed charges applies.; No services were performed during the 15 month look back period.,232.401,78,,,,,0,percent of total billed charges,78% of Billed Charges. Lesser of 100% of billed charges applies.; No services were performed during the 15 month look back period.,232.401,78,,,,,0,percent of total billed charges,78% of Billed Charges. Lesser of 100% of billed charges applies.; No services were performed during the 15 month look back period.,232.401,78,,,,,0,percent of total billed charges,78% of Billed Charges. Lesser of 100% of billed charges applies.; No services were performed during the 15 month look back period.,232.401,78,,,,,0,percent of total billed charges,78% of Billed Charges. Lesser of 100% of billed charges applies.; No services were performed during the 15 month look back period.,232.401,78,,,,,0,percent of total billed charges,78% of Billed Charges. Lesser of 100% of billed charges applies.; No services were performed during the 15 month look back period.,232.401,78,,,,,0,percent of total billed charges,78% of Billed Charges. Lesser of 100% of billed charges applies.; No services were performed during the 15 month look back period.,232.401,78,,,,,0,percent of total billed charges,78% of Billed Charges. Lesser of 100% of billed charges applies.; No services were performed during the 15 month look back period.,232.401,78,,,,,0,percent of total billed charges,78% of Billed Charges. Lesser of 100% of billed charges applies.; No services were performed during the 15 month look back period.,232.401,78,,,,,0,percent of total billed charges,78% of Billed Charges. Lesser of 100% of billed charges applies.; No services were performed during the 15 month look back period.,12574,,,,,,,Case Rate,". Primary procedure pays at 100%, all subsequent at 50%.",4100,,,,,,,Case Rate,". MPL 100/50/25% all add ons apply, and lesser of 100% of billed charges",6487,,,,,,,Case Rate,". MPL 100/50/25% maxmium of 3 procedures. All add ons apply, and lesser of 100% of billed charges",,,,,,,,Other,"Not Payable. ",178.77,60,,,,,0,percent of total billed charges,60 percent of billed charges; No services were performed during the 15 month look back period.,6487,,,,,,,Case Rate,". MPL 100/50/25% maxmium of 3 procedures. All add ons apply, and lesser of 100% of billed charges",6487,,,,,,,Case Rate,". MPL 100/50/25% maxmium of 3 procedures. All add ons apply, and lesser of 100% of billed charges",232.401,78,,,,,0,percent of total billed charges,78% of Billed Charges. Lesser of 100% of billed charges applies.; No services were performed during the 15 month look back period.,355.17,,,,,,,Case Rate,"214 Percent of Medicaid APG. Drugs not priced under APG, billed with revenue code 636 and not priced by Medicare ASP FeeSched will be reimbursed at 20% of charges.",6487,,,,,,,Case Rate,". MPL 100/50/25% maxmium of 3 procedures. All add ons apply, and lesser of 100% of billed charges",165.97,,,,,,,Case Rate,"100 Percent of Medicaid APG. ",,,,,,,,Other,"Not Payable. ",,,,,,,,Other,"Not Payable. ",,,,,,,,Other,"Not Payable. ",,,,,,,,Other,"Not Payable. ",,,,,,,,Other,"Not Payable. ",,,,,,,,Other,"Not Payable. ",6487,,,,,,,Case Rate,". MPL 100/50/25% maxmium of 3 procedures. All add ons apply, and lesser of 100% of billed charges",25798,,,,,,,Case Rate,". MPL 100/75/50% all add ons apply, and lesser of 100% of billed charges",298.74,,,,,,,Fee Schedule,"180 Percent of Medicaid APG. ",298.74,,,,,,,Fee Schedule,"180 Percent of Medicaid APG. ",298.74,,,,,,,Fee Schedule,"180 Percent of Medicaid APG. ",298.74,,,,,,,Fee Schedule,"180 Percent of Medicaid APG. ",298.74,,,,,,,Fee Schedule,"180 Percent of Medicaid APG. ",,,,,,,,,"NA. ",25798,,,,,,,Case Rate,". MPL 100/75/50% all add ons apply, and lesser of 100% of billed charges",,,,,,,,Fee Schedule,"Not Payable. ",,,,,,,,Fee Schedule,"Not Payable. ",,,,,,,,Fee Schedule,"Not Payable. ",,,,,,,,Fee Schedule,"Not Payable. ",,,,,,,,Fee Schedule,"Not Payable. ",,,,,,,,Other,"Not Payable. ",12574,,,,,,,Case Rate,". Primary procedure pays at 100%, all subsequent at 50%.",12574,,,,,,,Case Rate,". Primary procedure pays at 100%, all subsequent at 50%.",12574,,,,,,,Case Rate,". Primary procedure pays at 100%, all subsequent at 50%.",12574,,,,,,,Case Rate,". Primary procedure pays at 100%, all subsequent at 50%.",178.77,60,,,,,0,percent of total billed charges,60 percent of billed charges; No services were performed during the 15 month look back period.,178.77,60,,,,,0,percent of total billed charges,60 percent of billed charges; No services were performed during the 15 month look back period.,178.77,60,,,,,0,percent of total billed charges,60 percent of billed charges; No services were performed during the 15 month look back period.,178.77,60,,,,,0,percent of total billed charges,60 percent of billed charges; No services were performed during the 15 month look back period.,25798,,,,,,,Case Rate,". MPL 100/75/50% all add ons apply, and lesser of 100% of billed charges",25798,,,,,,,Case Rate,". MPL 100/75/50% all add ons apply, and lesser of 100% of billed charges",,,,,,,,Other,"Not Payable. ",,,,,,,,Other,"Not Payable. ",,,,,,,,Other,"Not Payable. ",4100,,,,,,,Case Rate,". MPL 100/50/25% all add ons apply, and lesser of 100% of billed charges",4100,,,,,,,Case Rate,". MPL 100/50/25% all add ons apply, and lesser of 100% of billed charges",4100,,,,,,,Case Rate,". MPL 100/50/25% all add ons apply, and lesser of 100% of billed charges",25798,,,,,,,Case Rate,". MPL 100/75/50% all add ons apply, and lesser of 100% of billed charges",178.77,60,,,,,0,percent of total billed charges,60 percent of billed charges; No services were performed during the 15 month look back period.,,,,,,,,Other,"Not Payable. ",4100,,,,,,,Case Rate,". MPL 100/50/25% all add ons apply, and lesser of 100% of billed charges",165.97,,,,,,,Case Rate,"100 Percent of Medicaid APG. ",,,,,,,,Other,"Not Payable. ",,,,,,,,Other,"Not Payable. ",,,,,,,,Other,"Not Payable. ",165.97,,,,,,,Case rate,"100 Percent of Medicaid APG. ",373.42,,,,,,,Fee Schedule,225% of NYS APG. Lesser of 100% of billed charges applies.,373.42,,,,,,,Fee Schedule,225% of NYS APG. Lesser of 100% of billed charges applies.,373.42,,,,,,,Fee Schedule,225% of NYS APG. Lesser of 100% of billed charges applies.,373.42,,,,,,,Fee Schedule,225% of NYS APG. Lesser of 100% of billed charges applies.,373.42,,,,,,,Fee Schedule,225% of NYS APG. Lesser of 100% of billed charges applies.,,,,,,,,Other,"Not Payable. ",165.97,,,,,,,Case Rate,"100 Percent of Medicaid APG. ",8.59,,,,,,,Fee Schedule,90 Percent of Medicare RBRVS. Lesser of 100% of billed charges applies.,373.42,,,,,,,Fee Schedule,225% of NYS APG. Lesser of 100% of billed charges applies.,373.42,,,,,,,Fee Schedule,225% of NYS APG. Lesser of 100% of billed charges applies.,8.59,,,,,,,Fee Schedule,90 Percent of Medicare RBRVS. Lesser of 100% of billed charges applies.,8.59,,,,,,,Fee Schedule,90 Percent of Medicare RBRVS. Lesser of 100% of billed charges applies.,298.74,,,,,,,Fee Schedule,"180 Percent of Medicaid APG. ",,,,,,,,Other,"Not Payable. ",,,,,,,,Other,"Not Payable. ",178.77,60,,,,,0,percent of total billed charges,60 percent of billed charges; No services were performed during the 15 month look back period.,,,,,,,,Other,"Not Payable. ",373.42,,,,,,,Case Rate,"225 Percent of Medicaid APG. ",373.42,,,,,,,Case Rate,"225 Percent of Medicaid APG. ",165.97,,,,,,,Case rate,"100 Percent of Medicaid APG. ",165.97,,,,,,,Case rate,"100 Percent of Medicaid APG. ",373.42,,,,,,,Case Rate,225 Percent of Medicaid APG. Covered services not payable under Medicaid Fee Schedules default to a payment of 87.5 percent of charges.,165.97,,,,,,,Case rate,124 Percent of Medicaid APG. Covered services not payable under Medicaid Fee Schedules default to a payment of 50 percent of charges.,373.42,,,,,,,Case Rate,"100 Percent of Medicaid APG. ",373.42,,,,,,,Case Rate,"100 Percent of Medicaid APG. ",373.42,,,,,,,Case Rate,"100 Percent of Medicaid APG. ",373.42,,,,,,,Case Rate,"100 Percent of Medicaid APG. ",13453,,,,,,,Case Rate,". MPL 100/75/50% all add ons apply, and lesser of 100% of billed charges",25798,,,,,,,Case Rate,". MPL 100/75/50% all add ons apply, and lesser of 100% of billed charges",199.16,,,,,,,Case Rate,"120 Percent of Medicaid APG. Not APG payable, or payable under another fee schedule like ASP/AWP pays at 30% of charges",199.16,,,,,,,Case Rate,"120 Percent of Medicaid APG. Not APG payable, or payable under another fee schedule like ASP/AWP pays at 30% of charges",165.97,,,,,,,Case Rate,"100 Percent of Medicaid APG. Not APG payable, or payable under another fee schedule like ASP/AWP pays at 30% of charges",165.97,,,,,,,Case Rate,"100 Percent of Medicaid APG. Not APG payable, or payable under another fee schedule like ASP/AWP pays at 30% of charges",4100,,,,,,,Case Rate,". MPL 100/50/25% all add ons apply, and lesser of 100% of billed charges",4100,,,,,,,Case Rate,". MPL 100/50/25% all add ons apply, and lesser of 100% of billed charges",,,,,,,,Other,"Not Payable. ",4100,,,,,,,Case Rate,". MPL 100/50/25% all add ons apply, and lesser of 100% of billed charges",4100,,,,,,,Case Rate,". MPL 100/50/25% all add ons apply, and lesser of 100% of billed charges",4100,,,,,,,Case Rate,". MPL 100/50/25% all add ons apply, and lesser of 100% of billed charges",4100,,,,,,,Case Rate,". MPL 100/50/25% all add ons apply, and lesser of 100% of billed charges",,,,,,,,Other,"Not Payable. ",4100,,,,,,,Case Rate,". MPL 100/50/25% all add ons apply, and lesser of 100% of billed charges",4100,,,,,,,Case Rate,". MPL 100/50/25% all add ons apply, and lesser of 100% of billed charges",178.77,60,,,,,0,percent of total billed charges,60 percent of billed charges; No services were performed during the 15 month look back period.,165.97,,,,,,,Fee Schedule,100% APG. Lesser of 100% of billed charges applies.,165.97,,,,,,,Case rate,124 Percent of Medicaid APG. Covered services not payable under Medicaid Fee Schedules default to a payment of 50 percent of charges.,373.42,,,,,,,Fee Schedule,225% of NYS APG. Lesser of 100% of billed charges applies.,373.42,,,,,,,Case Rate,225 Percent of Medicaid APG. Covered services not payable under Medicaid Fee Schedules default to a payment of 87.5 percent of charges.,165.97,,,,,,,Case rate,124 Percent of Medicaid APG. Covered services not payable under Medicaid Fee Schedules default to a payment of 50 percent of charges.,373.42,,,,,,,Fee Schedule,225% of NYS APG. Lesser of 100% of billed charges applies.,373.42,,,,,,,Fee Schedule,225% of NYS APG. Lesser of 100% of billed charges applies.,373.42,,,,,,,Fee Schedule,225% of NYS APG. Lesser of 100% of billed charges applies.,373.42,,,,,,,Fee Schedule,225% of NYS APG. Lesser of 100% of billed charges applies.,373.42,,,,,,,Fee Schedule,225% of NYS APG. Lesser of 100% of billed charges applies.,373.42,,,,,,,Fee Schedule,225% of NYS APG. Lesser of 100% of billed charges applies.,,,,,,,,,"NA. ",,,,,,,,,"NA. ",,,,,,,,,"NA. ",6487,,,,,,,Case Rate,". MPL 100/50/25% maxmium of 3 procedures. All add ons apply, and lesser of 100% of billed charges",,,,,,,,,"NA. ",,,,,,,,Other,"Not Payable. ",1352,,,,,,,Case Rate,". MPL 1st 100% of Payment Rate 50% of all others, all add ons apply, and lesser of 100% of billed charges.",,,,,,,,Other,"Not Payable. ",,,,,,,,Other,"Not Payable. ",199.16,,,,,,,Case Rate,"120 Percent of Medicaid APG. Not APG payable, or payable under another fee schedule like ASP/AWP pays at 30% of charges",199.16,,,,,,,Case Rate,"120 Percent of Medicaid APG. Not APG payable, or payable under another fee schedule like ASP/AWP pays at 30% of charges",165.97,,,,,,,Case Rate,"100 Percent of Medicaid APG. Not APG payable, or payable under another fee schedule like ASP/AWP pays at 30% of charges",165.97,,,,,,,Case Rate,"100 Percent of Medicaid APG. Not APG payable, or payable under another fee schedule like ASP/AWP pays at 30% of charges",165.97,,,,,,,Case Rate,"100 Percent of Medicaid APG. ",217.5035,73,,,,,0,percent of total billed charges,73 percent of billed charges; No services were performed during the 15 month look back period.,178.77,60,,,,,0,percent of total billed charges,60 percent of billed charges; No services were performed during the 15 month look back period.,217.5035,73,,,,,0,percent of total billed charges,73 percent of billed charges; No services were performed during the 15 month look back period.,6487,,,,,,,Case Rate,". MPL 100/50/25% maxmium of 3 procedures. All add ons apply, and lesser of 100% of billed charges",,,,,,,,Other,"Not Payable. ",,,,,,,,Other,"Not Payable. ",,,,,,,,Other,"Not Payable. ",,,,,,,,Other,"Not Payable. ",,,,,,,,Other,"Not Payable. ",,,,,,,,Other,"Not Payable. ",,,,,,,,,"NA. ",373.42,,,,,,,Fee Schedule,225% of NYS APG. Lesser of 100% of billed charges applies.,8.59,,,,,,,Fee Schedule,90 Percent of Medicare RBRVS. Lesser of 100% of billed charges applies.,4100,,,,,,,Case Rate,". MPL 100/50/25% all add ons apply, and lesser of 100% of billed charges",217.5035,73,,,,,0,percent of total billed charges,73 percent of billed charges; No services were performed during the 15 month look back period.,217.5035,73,,,,,0,percent of total billed charges,73 percent of billed charges; No services were performed during the 15 month look back period.,217.5035,73,,,,,0,percent of total billed charges,73 percent of billed charges; No services were performed during the 15 month look back period.,217.5035,73,,,,,0,percent of total billed charges,73 percent of billed charges; No services were performed during the 15 month look back period.,,,,,,,,Other,"Not Payable. ",165.97,,,,,,,Case Rate,"100 Percent of Medicaid APG. ",4100,,,,,,,Case Rate,". MPL 100/50/25% all add ons apply, and lesser of 100% of billed charges",165.97,,,,,,,Case Rate,"100 Percent of Medicaid APG. ",,,,,,,,Other,"Not Payable. ",165.97,,,,,,,Case Rate,"100 Percent of Medicaid APG. ",,,,,,,,Other,"Not Payable. ",,,,,,,,Other,"Not Payable. ",165.97,,,,,,,Case Rate,"100 Percent of Medicaid APG. ",165.97,,,,,,,Case Rate,"100 Percent of Medicaid APG. ",217.5035,73,,,,,0,percent of total billed charges,73 percent of billed charges; No services were performed during the 15 month look back period.,6487,,,,,,,Case Rate,". MPL 100/50/25% maxmium of 3 procedures. All add ons apply, and lesser of 100% of billed charges",232.401,78,,,,,0,percent of total billed charges,78% of Billed Charges. Lesser of 100% of billed charges applies.; No services were performed during the 15 month look back period.,50347.74,,,,,,,Case Rate,". MPL 100/50/25% all add ons apply, and lesser of 100% of billed charges",50347.74,,,,,,,Case Rate,". MPL 100/50/25% all add ons apply, and lesser of 100% of billed charges",178.77,60,,,,,0,percent of total billed charges,60 percent of billed charges; No services were performed during the 15 month look back period.,9.19,,,,,,,Other,"Not Payable. ",12574,,,,,,,Case Rate,". Primary procedure pays at 100%, all subsequent at 50%.",12574,,,,,,,Case Rate,". Primary procedure pays at 100%, all subsequent at 50%.",3280,,,,,,,Case Rate,". MPL 100/50/25% all add ons apply, and lesser of 100% of billed charges",3280,,,,,,,Case Rate,". MPL 100/50/25% all add ons apply, and lesser of 100% of billed charges",,,,,,,,Other,"Not Payable. ",,,,,,,,Other,"Not Payable. ",,,,,,,,Other,"Not Payable. ",,,,,,,,Other,"Not Payable. ",50347.74,,,,,,,Case Rate,". MPL 100/50/25% all add ons apply, and lesser of 100% of billed charges",4100,,,,,,,Case Rate,". MPL 100/50/25% all add ons apply, and lesser of 100% of billed charges",4100,,,,,,,Case Rate,". MPL 100/50/25% all add ons apply, and lesser of 100% of billed charges",,,,,,,,Other,"Not Payable. ",3280,,,,,,,Case Rate,". MPL 100/50/25% all add ons apply, and lesser of 100% of billed charges",217.5035,73,,,,,0,percent of total billed charges,73 percent of billed charges; No services were performed during the 15 month look back period.,199.16,,,,,,,Fee Schedule,"120 Percent of Medicaid APG. ",165.97,,,,,,,Case Rate,"100 Percent of Medicaid APG. ",217.5035,73,,,,,0,percent of total billed charges,73 percent of billed charges; No services were performed during the 15 month look back period.,3690,,,,,,,Case Rate,". MPL 100/50/25% all add ons apply, and lesser of 100% of billed charges",3690,,,,,,,Case Rate,". MPL 100/50/25% all add ons apply, and lesser of 100% of billed charges",4100,,,,,,,Case Rate,". MPL 100/50/25% all add ons apply, and lesser of 100% of billed charges",14948,,,,,,,Case Rate,". MPL 100/75/50% all add ons apply, and lesser of 100% of billed charges",,,,,,,,Other,"Not Payable. ",174.26,,,,,,,Fee Schedule,105 percent of Medicaid APG. otherwise 105% of Ordered NYS MCD FS or 105% of ASP+6%,174.26,,,,,,,Fee Schedule,105 percent of Medicaid APG. otherwise 105% of Ordered NYS MCD FS or 105% of ASP+6%,174.26,,,,,,,Fee Schedule,105 percent of Medicaid APG. otherwise 105% of Ordered NYS MCD FS or 105% of ASP+6%,224.05,,,,,,,Fee Schedule,135 percent of Medicaid APG. otherwise 135% of Ordered NYS MCD FS or 135% of ASP+6%,50347.74,,,,,,,Case Rate,". MPL 100/50/25% all add ons apply, and lesser of 100% of billed charges",174.26,,,,,,,Fee Schedule,105 percent of Medicaid APG. otherwise 105% of Ordered NYS MCD FS or 105% of ASP+6%,174.26,,,,,,,Fee Schedule,105 percent of Medicaid APG. otherwise 105% of Ordered NYS MCD FS or 105% of ASP+6%,174.26,,,,,,,Fee Schedule,105 percent of Medicaid APG. otherwise 105% of Ordered NYS MCD FS or 105% of ASP+6%,174.26,,,,,,,Fee Schedule,105 percent of Medicaid APG. otherwise 105% of Ordered NYS MCD FS or 105% of ASP+6%,174.26,,,,,,,Fee Schedule,105 percent of Medicaid APG. otherwise 105% of Ordered NYS MCD FS or 105% of ASP+6%,224.05,,,,,,,Fee Schedule,135 percent of Medicaid APG. otherwise 135% of Ordered NYS MCD FS or 135% of ASP+6%,224.05,,,,,,,Fee Schedule,135 percent of Medicaid APG. otherwise 135% of Ordered NYS MCD FS or 135% of ASP+6%,,,,,,,,Other,"Not Payable. ",50347.74,,,,,,,Case Rate,". MPL 100/50/25% all add ons apply, and lesser of 100% of billed charges",,,,,,,,Other,"Not Payable. ",174.26,,,,,,,Fee Schedule,105 percent of Medicaid APG. otherwise 105% of Ordered NYS MCD FS or 105% of ASP+6%,4100,,,,,,,Case Rate,". MPL 100/50/25% all add ons apply, and lesser of 100% of billed charges",,,,,,,,Other,"Not Payable. ",4100,,,,,,,Case Rate,". MPL 100/50/25% all add ons apply, and lesser of 100% of billed charges",4100,,,,,,,Case Rate,". MPL 100/50/25% all add ons apply, and lesser of 100% of billed charges",4100,,,,,,,Case Rate,". MPL 100/50/25% all add ons apply, and lesser of 100% of billed charges",174.26,,,,,,,Fee Schedule,105 percent of Medicaid APG. otherwise 105% of Ordered NYS MCD FS or 105% of ASP+6%,,,,,,,,Other,"Not Payable. ",4100,,,,,,,Case Rate,". MPL 100/50/25% all add ons apply, and lesser of 100% of billed charges",224.05,,,,,,,Fee Schedule,135 percent of Medicaid APG. otherwise 135% of Ordered NYS MCD FS or 135% of ASP+6%,4100,,,,,,,Case Rate,". MPL 100/50/25% all add ons apply, and lesser of 100% of billed charges",,,,,,,,Other,"Not Payable. ",,,,,,,,Other,"Not Payable. ",217.5035,73,,,,,0,percent of total billed charges,73 percent of billed charges; No services were performed during the 15 month look back period.,217.5035,73,,,,,0,percent of total billed charges,73 percent of billed charges; No services were performed during the 15 month look back period.,217.5035,73,,,,,0,percent of total billed charges,73 percent of billed charges; No services were performed during the 15 month look back period.,217.5035,73,,,,,0,percent of total billed charges,73 percent of billed charges; No services were performed during the 15 month look back period.,217.5035,73,,,,,0,percent of total billed charges,73 percent of billed charges; No services were performed during the 15 month look back period.,217.5035,73,,,,,0,percent of total billed charges,73 percent of billed charges; No services were performed during the 15 month look back period.,217.5035,73,,,,,0,percent of total billed charges,73 percent of billed charges; No services were performed during the 15 month look back period.,217.5035,73,,,,,0,percent of total billed charges,73 percent of billed charges; No services were performed during the 15 month look back period.,217.5035,73,,,,,0,percent of total billed charges,73 percent of billed charges; No services were performed during the 15 month look back period.,217.5035,73,,,,,0,percent of total billed charges,73 percent of billed charges; No services were performed during the 15 month look back period.,217.5035,73,,,,,0,percent of total billed charges,73 percent of billed charges; No services were performed during the 15 month look back period.,217.5035,73,,,,,0,percent of total billed charges,73 percent of billed charges; No services were performed during the 15 month look back period.,,,,,,,,Other,"Not Payable. ",217.5035,73,,,,,0,percent of total billed charges,73 percent of billed charges; No services were performed during the 15 month look back period.,,,,,,,,Other,"Not Payable. ",373.42,,,,,,,Case Rate,"225 Percent of Medicaid APG. If not included in Medicaid APG, then 100 Percent of Manhattan Medicare",165.97,,,,,,,Case Rate,"100 Percent of Medicaid APG. ",50347.74,,,,,,,Case Rate,". MPL 100/50/25% all add ons apply, and lesser of 100% of billed charges",50347.74,,,,,,,Case Rate,". MPL 100/50/25% all add ons apply, and lesser of 100% of billed charges",,,,,,,,Other,"Not Payable. ",12574,,,,,,,Case Rate,". Primary procedure pays at 100%, all subsequent at 50%.",,,,,,,,Other,"Not Payable. ",,,,,,,,Other,"Not Payable. ",178.77,60,,,,,0,percent of total billed charges,60 percent of billed charges; No services were performed during the 15 month look back period.,,,,,,,,Other,"Not Payable. ",6487,,,,,,,Case Rate,". MPL 100/50/25% maxmium of 3 procedures. All add ons apply, and lesser of 100% of billed charges",,,,,,,,Other,"Not Payable. ",6487,,,,,,,Case Rate,". MPL 100/50/25% maxmium of 3 procedures. All add ons apply, and lesser of 100% of billed charges",178.77,60,,,,,0,percent of total billed charges,60 percent of billed charges; No services were performed during the 15 month look back period.,6487,,,,,,,Case Rate,". MPL 100/50/25% maxmium of 3 procedures. All add ons apply, and lesser of 100% of billed charges",,,,,,,,Other,"Not Payable. ",165.97,,,,,,,Case Rate,"100 Percent of Medicaid APG. ",,,,,,,,Other,"Not Payable. ",6487,,,,,,,Case Rate,". MPL 100/50/25% maxmium of 3 procedures. All add ons apply, and lesser of 100% of billed charges",50347.74,,,,,,,Case Rate,". MPL 100/50/25% all add ons apply, and lesser of 100% of billed charges",165.97,,,,,,,Case Rate,"100 Percent of Medicaid APG. ",4100,,,,,,,Case Rate,". MPL 100/50/25% all add ons apply, and lesser of 100% of billed charges",199.16,,,,,,,Fee Schedule,"120 Percent of Medicaid APG. ",199.16,,,,,,,Fee Schedule,"120 Percent of Medicaid APG. ",4100,,,,,,,Case Rate,". MPL 100/50/25% all add ons apply, and lesser of 100% of billed charges",4100,,,,,,,Case Rate,". MPL 100/50/25% all add ons apply, and lesser of 100% of billed charges",4100,,,,,,,Case Rate,". MPL 100/50/25% all add ons apply, and lesser of 100% of billed charges",50347.74,,,,,,,Case Rate,". MPL 100/50/25% all add ons apply, and lesser of 100% of billed charges",4100,,,,,,,Case Rate,". MPL 100/50/25% all add ons apply, and lesser of 100% of billed charges",4100,,,,,,,Case Rate,". MPL 100/50/25% all add ons apply, and lesser of 100% of billed charges",4100,,,,,,,Case Rate,". MPL 100/50/25% all add ons apply, and lesser of 100% of billed charges",217.5035,73,,,,,0,percent of total billed charges,73 percent of billed charges; No services were performed during the 15 month look back period.,217.5035,73,,,,,0,percent of total billed charges,73 percent of billed charges; No services were performed during the 15 month look back period.,,,,,,,,Fee Schedule,"Not Payable. ",165.97,,,,,,,Case Rate,"100 Percent of Medicaid APG. ",50347.74,,,,,,,Case Rate,". MPL 100/50/25% all add ons apply, and lesser of 100% of billed charges",6487,,,,,,,Case Rate,". MPL 100/50/25% maxmium of 3 procedures. All add ons apply, and lesser of 100% of billed charges",178.77,60,,,,,0,percent of total billed charges,60 percent of billed charges; No services were performed during the 15 month look back period.,50347.74,,,,,,,Case Rate,". MPL 100/50/25% all add ons apply, and lesser of 100% of billed charges",178.77,60,,,,,0,percent of total billed charges,60 percent of billed charges; No services were performed during the 15 month look back period.,50347.74,,,,,,,Case Rate,". MPL 100/50/25% all add ons apply, and lesser of 100% of billed charges",4100,,,,,,,Case Rate,". MPL 100/50/25% all add ons apply, and lesser of 100% of billed charges",4100,,,,,,,Case Rate,". MPL 100/50/25% all add ons apply, and lesser of 100% of billed charges",4100,,,,,,,Case Rate,". MPL 100/50/25% all add ons apply, and lesser of 100% of billed charges",4100,,,,,,,Case Rate,". MPL 100/50/25% all add ons apply, and lesser of 100% of billed charges",,,,,,,,Other,"Not Payable. ",8.59,50347.74,
36430,CPT,,,490,RC,TRANSFUSION BLD/BLD COMPNT,,,both,,,,3681,,,,,,,Case Rate,". MPL 1st 100% of Payment Rate 50% of all others, all add ons apply, and lesser of 100% of billed charges.",3681,,,,,,,Case Rate,". MPL 1st 100% of Payment Rate 50% of all others, all add ons apply, and lesser of 100% of billed charges.",,60,,,,,0,percent of total billed charges,60 percent of billed charges. Line level lesser of applies.; No services were performed during the 15 month look back period.,,100,,,,,0,percent of total billed charges,100 percent of billed charges. ; No services were performed during the 15 month look back period.,517.32,,,,,,,Case Rate,"100% Medicare OPPS FS. ",,60,,,,,0,percent of total billed charges,60 percent of billed charges. Line level lesser of applies.; No services were performed during the 15 month look back period.,,60,,,,,0,percent of total billed charges,60 percent of billed charges. Line level lesser of applies.; No services were performed during the 15 month look back period.,,60,,,,,0,percent of total billed charges,60 percent of billed charges. Line level lesser of applies.; No services were performed during the 15 month look back period.,960.81,,,,,,,Case Rate,"100 Percent of Medicaid APG. ",800.68,,,,,,,Case Rate,"100 Percent of Medicaid APG. ",,78,,,,,0,percent of total billed charges,78% of Billed Charges. Lesser of 100% of billed charges applies.; No services were performed during the 15 month look back period.,4923.38,,,,,,,Case Rate,". MPL 100/50/25% all add ons apply, and lesser of 100% of billed charges",800.68,,,,,,,Case Rate,"100 Percent of Medicaid APG. ",517.32,,,,,,,Case Rate,"100% Medicare OPPS FS. ",6487,,,,,,,Case Rate,". MPL 100/50/25% maxmium of 3 procedures. All add ons apply, and lesser of 100% of billed charges",6487,,,,,,,Case Rate,". MPL 100/50/25% maxmium of 3 procedures. All add ons apply, and lesser of 100% of billed charges",6487,,,,,,,Case Rate,". MPL 100/50/25% maxmium of 3 procedures. All add ons apply, and lesser of 100% of billed charges",6487,,,,,,,Case Rate,". MPL 100/50/25% maxmium of 3 procedures. All add ons apply, and lesser of 100% of billed charges",800.68,,,,,,,Case rate,124 Percent of Medicaid APG. Covered services not payable under Medicaid Fee Schedules default to a payment of 50 percent of charges.,517.32,,,,,,,Case Rate,"100% Medicare OPPS FS. ",800.68,,,,,,,Case rate,124 Percent of Medicaid APG. Covered services not payable under Medicaid Fee Schedules default to a payment of 50 percent of charges.,,78,,,,,0,percent of total billed charges,78% of Billed Charges. Lesser of 100% of billed charges applies.; No services were performed during the 15 month look back period.,,60,,,,,0,percent of total billed charges,60 percent of billed charges. Line level lesser of applies.; No services were performed during the 15 month look back period.,517.32,,,,,,,Case Rate,"100%Medicare OPPS FS. ",,40,,,,,0,percent of total billed charges,. 40 percent of billed charges; No services were performed during the 15 month look back period.,517.32,,,,,,,Case Rate,"100%Medicare OPPS FS. ",517.32,,,,,,,Case Rate,"100%Medicare OPPS FS. ",,78,,,,,0,percent of total billed charges,78% of Billed Charges. Lesser of 100% of billed charges applies.; No services were performed during the 15 month look back period.,39.8,,,,,,,Case Rate,100% of PAS. Lesser of 100% of billed charges applies.,39.8,,,,,,,Case Rate,100% of PAS. Lesser of 100% of billed charges applies.,800.68,,,,,,,Case rate,"100 Percent of Medicaid APG. ",800.68,,,,,,,Case rate,"100 Percent of Medicaid APG. ",,40,,,,,0,percent of total billed charges,. 40 percent of billed charges; No services were performed during the 15 month look back period.,,40,,,,,0,percent of total billed charges,. 40 percent of billed charges; No services were performed during the 15 month look back period.,800.68,,,,,,,Case Rate,"100 Percent of Medicaid APG. Not APG payable, or payable under another fee schedule like ASP/AWP pays at 30% of charges",,40,,,,,0,percent of total billed charges,. 40 percent of billed charges; No services were performed during the 15 month look back period.,800.68,,,,,,,Case Rate,"100 Percent of Medicaid APG. Not APG payable, or payable under another fee schedule like ASP/AWP pays at 30% of charges",517.32,,,,,,,Case Rate,"100%Medicare OPPS FS. ",,40,,,,,0,percent of total billed charges,. 40 percent of billed charges; No services were performed during the 15 month look back period.,,78,,,,,0,percent of total billed charges,78% of Billed Charges. Lesser of 100% of billed charges applies.; No services were performed during the 15 month look back period.,800.68,,,,,,,Case Rate,"100 Percent of Medicaid APG. ",800.68,,,,,,,Case Rate,"100 Percent of Medicaid APG. ",,78,,,,,0,percent of total billed charges,78% of Billed Charges. Lesser of 100% of billed charges applies.; No services were performed during the 15 month look back period.,6487,,,,,,,Case Rate,". MPL 100/50/25% maxmium of 3 procedures. All add ons apply, and lesser of 100% of billed charges",4500,,,,,,,Case Rate,". MPL 100/50/25% all add ons apply, and lesser of 100% of billed charges",4500,,,,,,,Case Rate,". MPL 100/50/25% all add ons apply, and lesser of 100% of billed charges",,78,,,,,0,percent of total billed charges,78% of Billed Charges. Lesser of 100% of billed charges applies.; No services were performed during the 15 month look back period.,517.32,,,,,,,Case Rate,"100% Medicare OPPS FS. ",4923.38,,,,,,,Case Rate,". MPL 100/50/25% all add ons apply, and lesser of 100% of billed charges",4923.38,,,,,,,Case Rate,". MPL 100/50/25% all add ons apply, and lesser of 100% of billed charges",4923.38,,,,,,,Case Rate,". MPL 100/50/25% all add ons apply, and lesser of 100% of billed charges",517.32,,,,,,,Case Rate,"100% Medicare OPPS FS. ",4923.38,,,,,,,Case Rate,". MPL 100/50/25% all add ons apply, and lesser of 100% of billed charges",4923.38,,,,,,,Case Rate,". MPL 100/50/25% all add ons apply, and lesser of 100% of billed charges",517.32,,,,,,,Case Rate,"100% of Medicare OPPS. ",25798,,,,,,,Case Rate,". MPL 100/75/50% all add ons apply, and lesser of 100% of billed charges",4100,,,,,,,Case Rate,". MPL 100/50/25% all add ons apply, and lesser of 100% of billed charges",4100,,,,,,,Case Rate,". MPL 100/50/25% all add ons apply, and lesser of 100% of billed charges",4100,,,,,,,Case Rate,". MPL 100/50/25% all add ons apply, and lesser of 100% of billed charges",4100,,,,,,,Case Rate,". MPL 100/50/25% all add ons apply, and lesser of 100% of billed charges",4100,,,,,,,Case Rate,". MPL 100/50/25% all add ons apply, and lesser of 100% of billed charges",4100,,,,,,,Case Rate,". MPL 100/50/25% all add ons apply, and lesser of 100% of billed charges",517.32,,,,,,,Case Rate,"100% Medicare OPPS FS. ",517.32,,,,,,,Case Rate,"100% Medicare OPPS FS. ",4100,,,,,,,Case Rate,". MPL 100/50/25% all add ons apply, and lesser of 100% of billed charges",,78,,,,,0,percent of total billed charges,78% of Billed Charges. Lesser of 100% of billed charges applies.; No services were performed during the 15 month look back period.,,78,,,,,0,percent of total billed charges,78% of Billed Charges. Lesser of 100% of billed charges applies.; No services were performed during the 15 month look back period.,,78,,,,,0,percent of total billed charges,78% of Billed Charges. Lesser of 100% of billed charges applies.; No services were performed during the 15 month look back period.,,78,,,,,0,percent of total billed charges,78% of Billed Charges. Lesser of 100% of billed charges applies.; No services were performed during the 15 month look back period.,,78,,,,,0,percent of total billed charges,78% of Billed Charges. Lesser of 100% of billed charges applies.; No services were performed during the 15 month look back period.,,78,,,,,0,percent of total billed charges,78% of Billed Charges. Lesser of 100% of billed charges applies.; No services were performed during the 15 month look back period.,,78,,,,,0,percent of total billed charges,78% of Billed Charges. Lesser of 100% of billed charges applies.; No services were performed during the 15 month look back period.,,78,,,,,0,percent of total billed charges,78% of Billed Charges. Lesser of 100% of billed charges applies.; No services were performed during the 15 month look back period.,,78,,,,,0,percent of total billed charges,78% of Billed Charges. Lesser of 100% of billed charges applies.; No services were performed during the 15 month look back period.,,78,,,,,0,percent of total billed charges,78% of Billed Charges. Lesser of 100% of billed charges applies.; No services were performed during the 15 month look back period.,,78,,,,,0,percent of total billed charges,78% of Billed Charges. Lesser of 100% of billed charges applies.; No services were performed during the 15 month look back period.,,78,,,,,0,percent of total billed charges,78% of Billed Charges. Lesser of 100% of billed charges applies.; No services were performed during the 15 month look back period.,,78,,,,,0,percent of total billed charges,78% of Billed Charges. Lesser of 100% of billed charges applies.; No services were performed during the 15 month look back period.,,78,,,,,0,percent of total billed charges,78% of Billed Charges. Lesser of 100% of billed charges applies.; No services were performed during the 15 month look back period.,,78,,,,,0,percent of total billed charges,78% of Billed Charges. Lesser of 100% of billed charges applies.; No services were performed during the 15 month look back period.,,78,,,,,0,percent of total billed charges,78% of Billed Charges. Lesser of 100% of billed charges applies.; No services were performed during the 15 month look back period.,,78,,,,,0,percent of total billed charges,78% of Billed Charges. Lesser of 100% of billed charges applies.; No services were performed during the 15 month look back period.,,78,,,,,0,percent of total billed charges,78% of Billed Charges. Lesser of 100% of billed charges applies.; No services were performed during the 15 month look back period.,,78,,,,,0,percent of total billed charges,78% of Billed Charges. Lesser of 100% of billed charges applies.; No services were performed during the 15 month look back period.,,78,,,,,0,percent of total billed charges,78% of Billed Charges. Lesser of 100% of billed charges applies.; No services were performed during the 15 month look back period.,,78,,,,,0,percent of total billed charges,78% of Billed Charges. Lesser of 100% of billed charges applies.; No services were performed during the 15 month look back period.,,78,,,,,0,percent of total billed charges,78% of Billed Charges. Lesser of 100% of billed charges applies.; No services were performed during the 15 month look back period.,,78,,,,,0,percent of total billed charges,78% of Billed Charges. Lesser of 100% of billed charges applies.; No services were performed during the 15 month look back period.,,78,,,,,0,percent of total billed charges,78% of Billed Charges. Lesser of 100% of billed charges applies.; No services were performed during the 15 month look back period.,,78,,,,,0,percent of total billed charges,78% of Billed Charges. Lesser of 100% of billed charges applies.; No services were performed during the 15 month look back period.,,78,,,,,0,percent of total billed charges,78% of Billed Charges. Lesser of 100% of billed charges applies.; No services were performed during the 15 month look back period.,,40,,,,,0,percent of total billed charges,. 40 percent of billed charges; No services were performed during the 15 month look back period.,,40,,,,,0,percent of total billed charges,. 40 percent of billed charges; No services were performed during the 15 month look back period.,,40,,,,,0,percent of total billed charges,. 40 percent of billed charges; No services were performed during the 15 month look back period.,,40,,,,,0,percent of total billed charges,. 40 percent of billed charges; No services were performed during the 15 month look back period.,12574,,,,,,,Case Rate,". Primary procedure pays at 100%, all subsequent at 50%.",12574,,,,,,,Case Rate,". Primary procedure pays at 100%, all subsequent at 50%.",6487,,,,,,,Case Rate,". MPL 100/50/25% maxmium of 3 procedures. All add ons apply, and lesser of 100% of billed charges",4100,,,,,,,Case Rate,". MPL 100/50/25% all add ons apply, and lesser of 100% of billed charges",4923.38,,,,,,,Case Rate,". MPL 100/50/25% all add ons apply, and lesser of 100% of billed charges",4100,,,,,,,Case Rate,". MPL 100/50/25% all add ons apply, and lesser of 100% of billed charges",,78,,,,,0,percent of total billed charges,78% of Billed Charges. Lesser of 100% of billed charges applies.; No services were performed during the 15 month look back period.,12574,,,,,,,Case Rate,". Primary procedure pays at 100%, all subsequent at 50%.",4100,,,,,,,Case Rate,". MPL 100/50/25% all add ons apply, and lesser of 100% of billed charges",4923.38,,,,,,,Case Rate,". MPL 100/50/25% all add ons apply, and lesser of 100% of billed charges",6487,,,,,,,Case Rate,". MPL 100/50/25% maxmium of 3 procedures. All add ons apply, and lesser of 100% of billed charges",,,,,,,,,"NA. ",,78,,,,,0,percent of total billed charges,78% of Billed Charges. Lesser of 100% of billed charges applies.; No services were performed during the 15 month look back period.,800.68,,,,,,,Case Rate,"100 Percent of Medicaid APG. ",,40,,,,,0,percent of total billed charges,. 40 percent of billed charges; No services were performed during the 15 month look back period.,800.68,,,,,,,Case Rate,"100 Percent of Medicaid APG. Not APG payable, or payable under another fee schedule like ASP/AWP pays at 30% of charges",517.32,,,,,,,Case Rate,"100%Medicare OPPS FS. ",517.32,,,,,,,Case Rate,"100% Medicare OPPS FS. ",25798,,,,,,,Case Rate,". MPL 100/75/50% all add ons apply, and lesser of 100% of billed charges",517.32,,,,,,,Case Rate,"100% Medicare OPPS FS. ",517.32,,,,,,,Case Rate,"100% Medicare OPPS FS. ",800.68,,,,,,,Case Rate,"100 Percent of Medicaid APG. ",517.32,,,,,,,Case Rate,"100% Medicare OPPS FS. ",517.32,,,,,,,Case Rate,"100% Medicare OPPS FS. ",,60,,,,,0,percent of total billed charges,60 percent of billed charges. Line level lesser of applies.; No services were performed during the 15 month look back period.,,60,,,,,0,percent of total billed charges,60 percent of billed charges. Line level lesser of applies.; No services were performed during the 15 month look back period.,517.32,,,,,,,Case Rate,"100% Medicare OPPS FS. ",6487,,,,,,,Case Rate,". MPL 100/50/25% maxmium of 3 procedures. All add ons apply, and lesser of 100% of billed charges",4923.38,,,,,,,Case Rate,". MPL 100/50/25% all add ons apply, and lesser of 100% of billed charges",4923.38,,,,,,,Case Rate,". MPL 100/50/25% all add ons apply, and lesser of 100% of billed charges",517.32,,,,,,,Case Rate,"100% Medicare OPPS FS. ",6487,,,,,,,Case Rate,". MPL 100/50/25% maxmium of 3 procedures. All add ons apply, and lesser of 100% of billed charges",,60,,,,,0,percent of total billed charges,60 percent of billed charges. Line level lesser of applies.; No services were performed during the 15 month look back period.,,60,,,,,0,percent of total billed charges,60 percent of billed charges. Line level lesser of applies.; No services were performed during the 15 month look back period.,,60,,,,,0,percent of total billed charges,60 percent of billed charges. Line level lesser of applies.; No services were performed during the 15 month look back period.,,78,,,,,0,percent of total billed charges,78% of Billed Charges. Lesser of 100% of billed charges applies.; No services were performed during the 15 month look back period.,,78,,,,,0,percent of total billed charges,78% of Billed Charges. Lesser of 100% of billed charges applies.; No services were performed during the 15 month look back period.,,78,,,,,0,percent of total billed charges,78% of Billed Charges. Lesser of 100% of billed charges applies.; No services were performed during the 15 month look back period.,,78,,,,,0,percent of total billed charges,78% of Billed Charges. Lesser of 100% of billed charges applies.; No services were performed during the 15 month look back period.,,78,,,,,0,percent of total billed charges,78% of Billed Charges. Lesser of 100% of billed charges applies.; No services were performed during the 15 month look back period.,,78,,,,,0,percent of total billed charges,78% of Billed Charges. Lesser of 100% of billed charges applies.; No services were performed during the 15 month look back period.,,78,,,,,0,percent of total billed charges,78% of Billed Charges. Lesser of 100% of billed charges applies.; No services were performed during the 15 month look back period.,,78,,,,,0,percent of total billed charges,78% of Billed Charges. Lesser of 100% of billed charges applies.; No services were performed during the 15 month look back period.,,78,,,,,0,percent of total billed charges,78% of Billed Charges. Lesser of 100% of billed charges applies.; No services were performed during the 15 month look back period.,,78,,,,,0,percent of total billed charges,78% of Billed Charges. Lesser of 100% of billed charges applies.; No services were performed during the 15 month look back period.,,78,,,,,0,percent of total billed charges,78% of Billed Charges. Lesser of 100% of billed charges applies.; No services were performed during the 15 month look back period.,12574,,,,,,,Case Rate,". Primary procedure pays at 100%, all subsequent at 50%.",4100,,,,,,,Case Rate,". MPL 100/50/25% all add ons apply, and lesser of 100% of billed charges",6487,,,,,,,Case Rate,". MPL 100/50/25% maxmium of 3 procedures. All add ons apply, and lesser of 100% of billed charges",517.32,,,,,,,Case Rate,"100% Medicare OPPS FS. ",,60,,,,,0,percent of total billed charges,60 percent of billed charges. Line level lesser of applies.; No services were performed during the 15 month look back period.,6487,,,,,,,Case Rate,". MPL 100/50/25% maxmium of 3 procedures. All add ons apply, and lesser of 100% of billed charges",6487,,,,,,,Case Rate,". MPL 100/50/25% maxmium of 3 procedures. All add ons apply, and lesser of 100% of billed charges",,78,,,,,0,percent of total billed charges,78% of Billed Charges. Lesser of 100% of billed charges applies.; No services were performed during the 15 month look back period.,1713.45,,,,,,,Case Rate,"214 Percent of Medicaid APG. Drugs not priced under APG, billed with revenue code 636 and not priced by Medicare ASP FeeSched will be reimbursed at 20% of charges.",6487,,,,,,,Case Rate,". MPL 100/50/25% maxmium of 3 procedures. All add ons apply, and lesser of 100% of billed charges",800.68,,,,,,,Case Rate,"100 Percent of Medicaid APG. ",517.32,,,,,,,Case Rate,"100% Medicare OPPS FS. ",517.32,,,,,,,Case Rate,"100% Medicare OPPS FS. ",517.32,,,,,,,Case Rate,"100% Medicare OPPS FS. ",517.32,,,,,,,Case Rate,"100% Medicare OPPS FS. ",517.32,,,,,,,Case Rate,"100% Medicare OPPS FS. ",517.32,,,,,,,Case Rate,"100% Medicare OPPS FS. ",6487,,,,,,,Case Rate,". MPL 100/50/25% maxmium of 3 procedures. All add ons apply, and lesser of 100% of billed charges",25798,,,,,,,Case Rate,". MPL 100/75/50% all add ons apply, and lesser of 100% of billed charges",1441.22,,,,,,,Fee Schedule,"180 Percent of Medicaid APG. ",1441.22,,,,,,,Fee Schedule,"180 Percent of Medicaid APG. ",1441.22,,,,,,,Fee Schedule,"180 Percent of Medicaid APG. ",1441.22,,,,,,,Fee Schedule,"180 Percent of Medicaid APG. ",1441.22,,,,,,,Fee Schedule,"180 Percent of Medicaid APG. ",,,,,,,,,"NA. ",25798,,,,,,,Case Rate,". MPL 100/75/50% all add ons apply, and lesser of 100% of billed charges",1024.28,,,,,,,Case Rate,198 Percent of Medicare OPPS. Metroplus will reimburse unlisted codes and described codes with no Medicare rate at 50 percent of charges.,1024.28,,,,,,,Case Rate,198 Percent of Medicare OPPS. Metroplus will reimburse unlisted codes and described codes with no Medicare rate at 50 percent of charges.,1024.28,,,,,,,Case Rate,198 Percent of Medicare OPPS. Metroplus will reimburse unlisted codes and described codes with no Medicare rate at 50 percent of charges.,1024.28,,,,,,,Case Rate,198 Percent of Medicare OPPS. Metroplus will reimburse unlisted codes and described codes with no Medicare rate at 50 percent of charges.,1024.28,,,,,,,Case Rate,198 Percent of Medicare OPPS. Metroplus will reimburse unlisted codes and described codes with no Medicare rate at 50 percent of charges.,517.32,,,,,,,Case Rate,"100% Medicare OPPS FS. ",12574,,,,,,,Case Rate,". Primary procedure pays at 100%, all subsequent at 50%.",12574,,,,,,,Case Rate,". Primary procedure pays at 100%, all subsequent at 50%.",12574,,,,,,,Case Rate,". Primary procedure pays at 100%, all subsequent at 50%.",12574,,,,,,,Case Rate,". Primary procedure pays at 100%, all subsequent at 50%.",,60,,,,,0,percent of total billed charges,60 percent of billed charges. Line level lesser of applies.; No services were performed during the 15 month look back period.,,60,,,,,0,percent of total billed charges,60 percent of billed charges. Line level lesser of applies.; No services were performed during the 15 month look back period.,,60,,,,,0,percent of total billed charges,60 percent of billed charges. Line level lesser of applies.; No services were performed during the 15 month look back period.,,60,,,,,0,percent of total billed charges,60 percent of billed charges. Line level lesser of applies.; No services were performed during the 15 month look back period.,25798,,,,,,,Case Rate,". MPL 100/75/50% all add ons apply, and lesser of 100% of billed charges",25798,,,,,,,Case Rate,". MPL 100/75/50% all add ons apply, and lesser of 100% of billed charges",517.32,,,,,,,Case Rate,"100% Medicare OPPS FS. ",517.32,,,,,,,Case Rate,"100% Medicare OPPS FS. ",517.32,,,,,,,Case Rate,"100% Medicare OPPS FS. ",4100,,,,,,,Case Rate,". MPL 100/50/25% all add ons apply, and lesser of 100% of billed charges",4100,,,,,,,Case Rate,". MPL 100/50/25% all add ons apply, and lesser of 100% of billed charges",4100,,,,,,,Case Rate,". MPL 100/50/25% all add ons apply, and lesser of 100% of billed charges",25798,,,,,,,Case Rate,". MPL 100/75/50% all add ons apply, and lesser of 100% of billed charges",,60,,,,,0,percent of total billed charges,60 percent of billed charges. Line level lesser of applies.; No services were performed during the 15 month look back period.,517.32,,,,,,,Case Rate,"100% Medicare OPPS FS. ",4100,,,,,,,Case Rate,". MPL 100/50/25% all add ons apply, and lesser of 100% of billed charges",800.68,,,,,,,Case Rate,"100 Percent of Medicaid APG. ",527.66,,,,,,,Case Rate,"102% of Medicare OPPS. ",527.66,,,,,,,Case Rate,"102% of Medicare OPPS. ",527.66,,,,,,,Case Rate,"102% of Medicare OPPS. ",800.68,,,,,,,Case rate,"100 Percent of Medicaid APG. ",1801.52,,,,,,,Case Rate,225% of NYS APG. Lesser of 100% of billed charges applies.,1801.52,,,,,,,Case Rate,225% of NYS APG. Lesser of 100% of billed charges applies.,1801.52,,,,,,,Case Rate,225% of NYS APG. Lesser of 100% of billed charges applies.,1801.52,,,,,,,Case Rate,225% of NYS APG. Lesser of 100% of billed charges applies.,1801.52,,,,,,,Case Rate,225% of NYS APG. Lesser of 100% of billed charges applies.,527.66,,,,,,,Case Rate,"102% of Medicare OPPS. ",800.68,,,,,,,Case Rate,"100 Percent of Medicaid APG. ",39.8,,,,,,,Case Rate,100% of PAS. Lesser of 100% of billed charges applies.,1801.52,,,,,,,Case Rate,225% of NYS APG. Lesser of 100% of billed charges applies.,1801.52,,,,,,,Case Rate,225% of NYS APG. Lesser of 100% of billed charges applies.,39.8,,,,,,,Case Rate,100% of PAS. Lesser of 100% of billed charges applies.,39.8,,,,,,,Case Rate,100% of PAS. Lesser of 100% of billed charges applies.,1441.22,,,,,,,Fee Schedule,"180 Percent of Medicaid APG. ",517.32,,,,,,,Case Rate,"100% Medicare OPPS FS. ",517.32,,,,,,,Case Rate,"100% Medicare OPPS FS. ",,60,,,,,0,percent of total billed charges,60 percent of billed charges. Line level lesser of applies.; No services were performed during the 15 month look back period.,517.32,,,,,,,Case Rate,"100% Medicare OPPS FS. ",1801.52,,,,,,,Case Rate,"225 Percent of Medicaid APG. ",1801.52,,,,,,,Case Rate,"225 Percent of Medicaid APG. ",800.68,,,,,,,Case rate,"100 Percent of Medicaid APG. ",800.68,,,,,,,Case rate,"100 Percent of Medicaid APG. ",1801.52,,,,,,,Case Rate,225 Percent of Medicaid APG. Covered services not payable under Medicaid Fee Schedules default to a payment of 87.5 percent of charges.,800.68,,,,,,,Case rate,124 Percent of Medicaid APG. Covered services not payable under Medicaid Fee Schedules default to a payment of 50 percent of charges.,1801.52,,,,,,,Case Rate,"100 Percent of Medicaid APG. ",1801.52,,,,,,,Case Rate,"100 Percent of Medicaid APG. ",1801.52,,,,,,,Case Rate,"100 Percent of Medicaid APG. ",1801.52,,,,,,,Case Rate,"100 Percent of Medicaid APG. ",13453,,,,,,,Case Rate,". MPL 100/75/50% all add ons apply, and lesser of 100% of billed charges",25798,,,,,,,Case Rate,". MPL 100/75/50% all add ons apply, and lesser of 100% of billed charges",960.81,,,,,,,Case Rate,"120 Percent of Medicaid APG. Not APG payable, or payable under another fee schedule like ASP/AWP pays at 30% of charges",960.81,,,,,,,Case Rate,"120 Percent of Medicaid APG. Not APG payable, or payable under another fee schedule like ASP/AWP pays at 30% of charges",800.68,,,,,,,Case Rate,"100 Percent of Medicaid APG. Not APG payable, or payable under another fee schedule like ASP/AWP pays at 30% of charges",800.68,,,,,,,Case Rate,"100 Percent of Medicaid APG. Not APG payable, or payable under another fee schedule like ASP/AWP pays at 30% of charges",4100,,,,,,,Case Rate,". MPL 100/50/25% all add ons apply, and lesser of 100% of billed charges",4100,,,,,,,Case Rate,". MPL 100/50/25% all add ons apply, and lesser of 100% of billed charges",517.32,,,,,,,Case Rate,"100% Medicare OPPS FS. ",4100,,,,,,,Case Rate,". MPL 100/50/25% all add ons apply, and lesser of 100% of billed charges",4100,,,,,,,Case Rate,". MPL 100/50/25% all add ons apply, and lesser of 100% of billed charges",4100,,,,,,,Case Rate,". MPL 100/50/25% all add ons apply, and lesser of 100% of billed charges",4100,,,,,,,Case Rate,". MPL 100/50/25% all add ons apply, and lesser of 100% of billed charges",517.32,,,,,,,Case Rate,"100% Medicare OPPS FS. ",4100,,,,,,,Case Rate,". MPL 100/50/25% all add ons apply, and lesser of 100% of billed charges",4100,,,,,,,Case Rate,". MPL 100/50/25% all add ons apply, and lesser of 100% of billed charges",,60,,,,,0,percent of total billed charges,60 percent of billed charges. Line level lesser of applies.; No services were performed during the 15 month look back period.,800.68,,,,,,,Fee Schedule,100% APG. Lesser of 100% of billed charges applies.,800.68,,,,,,,Case rate,124 Percent of Medicaid APG. Covered services not payable under Medicaid Fee Schedules default to a payment of 50 percent of charges.,1801.52,,,,,,,Case Rate,225% of NYS APG. Lesser of 100% of billed charges applies.,1801.52,,,,,,,Case Rate,225 Percent of Medicaid APG. Covered services not payable under Medicaid Fee Schedules default to a payment of 87.5 percent of charges.,800.68,,,,,,,Case rate,124 Percent of Medicaid APG. Covered services not payable under Medicaid Fee Schedules default to a payment of 50 percent of charges.,1801.52,,,,,,,Case Rate,225% of NYS APG. Lesser of 100% of billed charges applies.,1801.52,,,,,,,Case Rate,225% of NYS APG. Lesser of 100% of billed charges applies.,1801.52,,,,,,,Case Rate,225% of NYS APG. Lesser of 100% of billed charges applies.,1801.52,,,,,,,Case Rate,225% of NYS APG. Lesser of 100% of billed charges applies.,1801.52,,,,,,,Case Rate,225% of NYS APG. Lesser of 100% of billed charges applies.,1801.52,,,,,,,Case Rate,225% of NYS APG. Lesser of 100% of billed charges applies.,,,,,,,,,"NA. ",,,,,,,,,"NA. ",,,,,,,,,"NA. ",6487,,,,,,,Case Rate,". MPL 100/50/25% maxmium of 3 procedures. All add ons apply, and lesser of 100% of billed charges",,,,,,,,,"NA. ",517.32,,,,,,,Case Rate,"100% Medicare OPPS FS. ",3681,,,,,,,Case Rate,". MPL 1st 100% of Payment Rate 50% of all others, all add ons apply, and lesser of 100% of billed charges.",517.32,,,,,,,Case Rate,"100% Medicare OPPS FS. ",517.32,,,,,,,Case Rate,"100% Medicare OPPS FS. ",960.81,,,,,,,Case Rate,"120 Percent of Medicaid APG. Not APG payable, or payable under another fee schedule like ASP/AWP pays at 30% of charges",960.81,,,,,,,Case Rate,"120 Percent of Medicaid APG. Not APG payable, or payable under another fee schedule like ASP/AWP pays at 30% of charges",800.68,,,,,,,Case Rate,"100 Percent of Medicaid APG. Not APG payable, or payable under another fee schedule like ASP/AWP pays at 30% of charges",800.68,,,,,,,Case Rate,"100 Percent of Medicaid APG. Not APG payable, or payable under another fee schedule like ASP/AWP pays at 30% of charges",800.68,,,,,,,Case Rate,"100 Percent of Medicaid APG. ",,40,,,,,0,percent of total billed charges,40 percent of billed charges. ; No services were performed during the 15 month look back period.,,60,,,,,0,percent of total billed charges,60 percent of billed charges. Line level lesser of applies.; No services were performed during the 15 month look back period.,,40,,,,,0,percent of total billed charges,. 40 percent of billed charges; No services were performed during the 15 month look back period.,6487,,,,,,,Case Rate,". MPL 100/50/25% maxmium of 3 procedures. All add ons apply, and lesser of 100% of billed charges",517.32,,,,,,,Case Rate,"100%Medicare OPPS FS. ",517.32,,,,,,,Case Rate,"100% Medicare OPPS FS. ",517.32,,,,,,,Case Rate,"100% Medicare OPPS FS. ",517.32,,,,,,,Case Rate,"100% Medicare OPPS FS. ",517.32,,,,,,,Case Rate,"100%Medicare OPPS FS. ",517.32,,,,,,,Case Rate,"100% Medicare OPPS FS. ",,,,,,,,,"NA. ",1801.52,,,,,,,Case Rate,225% of NYS APG. Lesser of 100% of billed charges applies.,39.8,,,,,,,Case Rate,100% of PAS. Lesser of 100% of billed charges applies.,4100,,,,,,,Case Rate,". MPL 100/50/25% all add ons apply, and lesser of 100% of billed charges",,40,,,,,0,percent of total billed charges,40 percent of billed charges. ; No services were performed during the 15 month look back period.,,40,,,,,0,percent of total billed charges,40 percent of billed charges. ; No services were performed during the 15 month look back period.,,40,,,,,0,percent of total billed charges,40 percent of billed charges. ; No services were performed during the 15 month look back period.,,40,,,,,0,percent of total billed charges,40 percent of billed charges. ; No services were performed during the 15 month look back period.,517.32,,,,,,,Case Rate,"100% Medicare OPPS FS. ",800.68,,,,,,,Case Rate,"100 Percent of Medicaid APG. ",4100,,,,,,,Case Rate,". MPL 100/50/25% all add ons apply, and lesser of 100% of billed charges",800.68,,,,,,,Case Rate,"100 Percent of Medicaid APG. ",517.32,,,,,,,Case Rate,"100% Medicare OPPS FS. ",800.68,,,,,,,Case Rate,"100 Percent of Medicaid APG. ",517.32,,,,,,,Case Rate,"100% Medicare OPPS FS. ",517.32,,,,,,,Case Rate,"100% Medicare OPPS FS. ",800.68,,,,,,,Case Rate,"100 Percent of Medicaid APG. ",800.68,,,,,,,Case Rate,"100 Percent of Medicaid APG. ",,40,,,,,0,percent of total billed charges,40 percent of billed charges. ; No services were performed during the 15 month look back period.,6487,,,,,,,Case Rate,". MPL 100/50/25% maxmium of 3 procedures. All add ons apply, and lesser of 100% of billed charges",,78,,,,,0,percent of total billed charges,78% of Billed Charges. Lesser of 100% of billed charges applies.; No services were performed during the 15 month look back period.,4923.38,,,,,,,Case Rate,". MPL 100/50/25% all add ons apply, and lesser of 100% of billed charges",4923.38,,,,,,,Case Rate,". MPL 100/50/25% all add ons apply, and lesser of 100% of billed charges",,60,,,,,0,percent of total billed charges,60 percent of billed charges. Line level lesser of applies.; No services were performed during the 15 month look back period.,517.32,,,,,,,Case Rate,"83% HF Fee schedule. ",12574,,,,,,,Case Rate,". Primary procedure pays at 100%, all subsequent at 50%.",12574,,,,,,,Case Rate,". Primary procedure pays at 100%, all subsequent at 50%.",3280,,,,,,,Case Rate,". MPL 100/50/25% all add ons apply, and lesser of 100% of billed charges",3280,,,,,,,Case Rate,". MPL 100/50/25% all add ons apply, and lesser of 100% of billed charges",517.32,,,,,,,Case Rate,"100% Medicare OPPS FS. ",517.32,,,,,,,Case Rate,"100% Medicare OPPS FS. ",517.32,,,,,,,Case Rate,"100% Medicare OPPS FS. ",517.32,,,,,,,Case Rate,"100% Medicare OPPS FS. ",4923.38,,,,,,,Case Rate,". MPL 100/50/25% all add ons apply, and lesser of 100% of billed charges",4100,,,,,,,Case Rate,". MPL 100/50/25% all add ons apply, and lesser of 100% of billed charges",4100,,,,,,,Case Rate,". MPL 100/50/25% all add ons apply, and lesser of 100% of billed charges",517.32,,,,,,,Case Rate,"100% Medicare OPPS FS. ",3280,,,,,,,Case Rate,". MPL 100/50/25% all add ons apply, and lesser of 100% of billed charges",,40,,,,,0,percent of total billed charges,. 40 percent of billed charges; No services were performed during the 15 month look back period.,960.81,,,,,,,Fee Schedule,"120 Percent of Medicaid APG. ",800.68,,,,,,,Case Rate,"100 Percent of Medicaid APG. ",,40,,,,,0,percent of total billed charges,40 percent of billed charges. ; No services were performed during the 15 month look back period.,3690,,,,,,,Case Rate,". MPL 100/50/25% all add ons apply, and lesser of 100% of billed charges",3690,,,,,,,Case Rate,". MPL 100/50/25% all add ons apply, and lesser of 100% of billed charges",4100,,,,,,,Case Rate,". MPL 100/50/25% all add ons apply, and lesser of 100% of billed charges",14948,,,,,,,Case Rate,". MPL 100/75/50% all add ons apply, and lesser of 100% of billed charges",517.32,,,,,,,Case Rate,"100%Medicare OPPS FS. ",840.71,,,,,,,Fee Schedule,105 percent of Medicaid APG. otherwise 105% of Ordered NYS MCD FS or 105% of ASP+6%,840.71,,,,,,,Fee Schedule,105 percent of Medicaid APG. otherwise 105% of Ordered NYS MCD FS or 105% of ASP+6%,840.71,,,,,,,Fee Schedule,105 percent of Medicaid APG. otherwise 105% of Ordered NYS MCD FS or 105% of ASP+6%,1080.91,,,,,,,Fee Schedule,135 percent of Medicaid APG. otherwise 135% of Ordered NYS MCD FS or 135% of ASP+6%,4923.38,,,,,,,Case Rate,". MPL 100/50/25% all add ons apply, and lesser of 100% of billed charges",840.71,,,,,,,Fee Schedule,105 percent of Medicaid APG. otherwise 105% of Ordered NYS MCD FS or 105% of ASP+6%,840.71,,,,,,,Fee Schedule,105 percent of Medicaid APG. otherwise 105% of Ordered NYS MCD FS or 105% of ASP+6%,840.71,,,,,,,Fee Schedule,105 percent of Medicaid APG. otherwise 105% of Ordered NYS MCD FS or 105% of ASP+6%,840.71,,,,,,,Fee Schedule,105 percent of Medicaid APG. otherwise 105% of Ordered NYS MCD FS or 105% of ASP+6%,840.71,,,,,,,Fee Schedule,105 percent of Medicaid APG. otherwise 105% of Ordered NYS MCD FS or 105% of ASP+6%,1080.91,,,,,,,Fee Schedule,135 percent of Medicaid APG. otherwise 135% of Ordered NYS MCD FS or 135% of ASP+6%,1080.91,,,,,,,Fee Schedule,135 percent of Medicaid APG. otherwise 135% of Ordered NYS MCD FS or 135% of ASP+6%,517.32,,,,,,,Case Rate,"100% Medicare OPPS FS. ",4923.38,,,,,,,Case Rate,". MPL 100/50/25% all add ons apply, and lesser of 100% of billed charges",517.32,,,,,,,Case Rate,"100% Medicare OPPS FS. ",840.71,,,,,,,Fee Schedule,105 percent of Medicaid APG. otherwise 105% of Ordered NYS MCD FS or 105% of ASP+6%,4100,,,,,,,Case Rate,". MPL 100/50/25% all add ons apply, and lesser of 100% of billed charges",517.32,,,,,,,Case Rate,"100% Medicare OPPS FS. ",4100,,,,,,,Case Rate,". MPL 100/50/25% all add ons apply, and lesser of 100% of billed charges",4100,,,,,,,Case Rate,". MPL 100/50/25% all add ons apply, and lesser of 100% of billed charges",4100,,,,,,,Case Rate,". MPL 100/50/25% all add ons apply, and lesser of 100% of billed charges",840.71,,,,,,,Fee Schedule,105 percent of Medicaid APG. otherwise 105% of Ordered NYS MCD FS or 105% of ASP+6%,517.32,,,,,,,Case Rate,"100% Medicare OPPS FS. ",4100,,,,,,,Case Rate,". MPL 100/50/25% all add ons apply, and lesser of 100% of billed charges",1080.91,,,,,,,Fee Schedule,135 percent of Medicaid APG. otherwise 135% of Ordered NYS MCD FS or 135% of ASP+6%,4100,,,,,,,Case Rate,". MPL 100/50/25% all add ons apply, and lesser of 100% of billed charges",,200,,,,,0,Case Rate,200% of Medicare OPPS. ; No services were performed during the 15 month look back period.,517.32,,,,,,,Case Rate,"100%Medicare OPPS FS. ",,40,,,,,0,percent of total billed charges,40 percent of billed charges. ; No services were performed during the 15 month look back period.,,40,,,,,0,percent of total billed charges,40 percent of billed charges. ; No services were performed during the 15 month look back period.,,40,,,,,0,percent of total billed charges,40 percent of billed charges. ; No services were performed during the 15 month look back period.,,40,,,,,0,percent of total billed charges,40 percent of billed charges. ; No services were performed during the 15 month look back period.,,40,,,,,0,percent of total billed charges,40 percent of billed charges. ; No services were performed during the 15 month look back period.,,40,,,,,0,percent of total billed charges,. 40 percent of billed charges; No services were performed during the 15 month look back period.,,40,,,,,0,percent of total billed charges,. 40 percent of billed charges; No services were performed during the 15 month look back period.,,40,,,,,0,percent of total billed charges,40 percent of billed charges. ; No services were performed during the 15 month look back period.,,40,,,,,0,percent of total billed charges,40 percent of billed charges. ; No services were performed during the 15 month look back period.,,40,,,,,0,percent of total billed charges,40 percent of billed charges. ; No services were performed during the 15 month look back period.,,40,,,,,0,percent of total billed charges,40 percent of billed charges. ; No services were performed during the 15 month look back period.,,40,,,,,0,percent of total billed charges,40 percent of billed charges. ; No services were performed during the 15 month look back period.,517.32,,,,,,,Case Rate,"100% Medicare OPPS FS. ",,40,,,,,0,percent of total billed charges,. 40 percent of billed charges; No services were performed during the 15 month look back period.,517.32,,,,,,,Case Rate,"100% Medicare OPPS FS. ",1801.52,,,,,,,Case Rate,"225 Percent of Medicaid APG. If not included in Medicaid APG, then 100 Percent of Manhattan Medicare",800.68,,,,,,,Case Rate,"100 Percent of Medicaid APG. ",4923.38,,,,,,,Case Rate,". MPL 100/50/25% all add ons apply, and lesser of 100% of billed charges",4923.38,,,,,,,Case Rate,". MPL 100/50/25% all add ons apply, and lesser of 100% of billed charges",517.32,,,,,,,Case Rate,"100% Medicare OPPS FS. ",12574,,,,,,,Case Rate,". Primary procedure pays at 100%, all subsequent at 50%.",517.32,,,,,,,Case Rate,"100% Medicare OPPS FS. ",517.32,,,,,,,Case Rate,"100% Medicare OPPS FS. ",,60,,,,,0,percent of total billed charges,60 percent of billed charges. Line level lesser of applies.; No services were performed during the 15 month look back period.,517.32,,,,,,,Case Rate,"100% Medicare OPPS FS. ",6487,,,,,,,Case Rate,". MPL 100/50/25% maxmium of 3 procedures. All add ons apply, and lesser of 100% of billed charges",517.32,,,,,,,Case Rate,"100% Medicare OPPS FS. ",6487,,,,,,,Case Rate,". MPL 100/50/25% maxmium of 3 procedures. All add ons apply, and lesser of 100% of billed charges",,60,,,,,0,percent of total billed charges,60 percent of billed charges. Line level lesser of applies.; No services were performed during the 15 month look back period.,6487,,,,,,,Case Rate,". MPL 100/50/25% maxmium of 3 procedures. All add ons apply, and lesser of 100% of billed charges",517.32,,,,,,,Case Rate,"100% Medicare OPPS FS. ",800.68,,,,,,,Case Rate,"100 Percent of Medicaid APG. ",517.32,,,,,,,Case Rate,"100% Medicare OPPS FS. ",6487,,,,,,,Case Rate,". MPL 100/50/25% maxmium of 3 procedures. All add ons apply, and lesser of 100% of billed charges",4923.38,,,,,,,Case Rate,". MPL 100/50/25% all add ons apply, and lesser of 100% of billed charges",800.68,,,,,,,Case Rate,"100 Percent of Medicaid APG. ",4100,,,,,,,Case Rate,". MPL 100/50/25% all add ons apply, and lesser of 100% of billed charges",960.81,,,,,,,Fee Schedule,"120 Percent of Medicaid APG. ",960.81,,,,,,,Fee Schedule,"120 Percent of Medicaid APG. ",4100,,,,,,,Case Rate,". MPL 100/50/25% all add ons apply, and lesser of 100% of billed charges",4100,,,,,,,Case Rate,". MPL 100/50/25% all add ons apply, and lesser of 100% of billed charges",4100,,,,,,,Case Rate,". MPL 100/50/25% all add ons apply, and lesser of 100% of billed charges",4923.38,,,,,,,Case Rate,". MPL 100/50/25% all add ons apply, and lesser of 100% of billed charges",4100,,,,,,,Case Rate,". MPL 100/50/25% all add ons apply, and lesser of 100% of billed charges",4100,,,,,,,Case Rate,". MPL 100/50/25% all add ons apply, and lesser of 100% of billed charges",4100,,,,,,,Case Rate,". MPL 100/50/25% all add ons apply, and lesser of 100% of billed charges",,40,,,,,0,percent of total billed charges,40 percent of billed charges. ; No services were performed during the 15 month look back period.,,40,,,,,0,percent of total billed charges,40 percent of billed charges. ; No services were performed during the 15 month look back period.,1024.28,,,,,,,Case Rate,198 Percent of Medicare OPPS. Metroplus will reimburse unlisted codes and described codes with no Medicare rate at 50 percent of charges.,800.68,,,,,,,Case Rate,"100 Percent of Medicaid APG. ",4923.38,,,,,,,Case Rate,". MPL 100/50/25% all add ons apply, and lesser of 100% of billed charges",6487,,,,,,,Case Rate,". MPL 100/50/25% maxmium of 3 procedures. All add ons apply, and lesser of 100% of billed charges",,60,,,,,0,percent of total billed charges,60 percent of billed charges. Line level lesser of applies.; No services were performed during the 15 month look back period.,4923.38,,,,,,,Case Rate,". MPL 100/50/25% all add ons apply, and lesser of 100% of billed charges",,60,,,,,0,percent of total billed charges,60 percent of billed charges. Line level lesser of applies.; No services were performed during the 15 month look back period.,4923.38,,,,,,,Case Rate,". MPL 100/50/25% all add ons apply, and lesser of 100% of billed charges",4100,,,,,,,Case Rate,". MPL 100/50/25% all add ons apply, and lesser of 100% of billed charges",4100,,,,,,,Case Rate,". MPL 100/50/25% all add ons apply, and lesser of 100% of billed charges",4100,,,,,,,Case Rate,". MPL 100/50/25% all add ons apply, and lesser of 100% of billed charges",4100,,,,,,,Case Rate,". MPL 100/50/25% all add ons apply, and lesser of 100% of billed charges",517.32,,,,,,,Case Rate,"100% Medicare OPPS FS. ",39.8,25798,
36476,CPT,2024633,LOCAL,361,RC,"HC ENDOVENOUS ABLATION THERAPY OF INCOMPETENT VEIN, EXTREMITY, INCLUSIVE",4509.72,856.8468,both,,,,18847,,,,,,,Case Rate,". MPL 1st 100% of Payment Rate 50% of all others, all add ons apply, and lesser of 100% of billed charges.",18847,,,,,,,Case Rate,". MPL 1st 100% of Payment Rate 50% of all others, all add ons apply, and lesser of 100% of billed charges.",6593,,,,,,,Case Rate,". Primary procedure pays at 100%, secondary at 50%, all subsequent at 25%.  Lesser of applies when negotiated rates exceed charges less addons.",4509.72,100,,,,,0,percent of total billed charges,100 percent of billed charges. ; No services were performed during the 15 month look back period.,,,,,,,,Other,"Not Payable. ",6593,,,,,,,Case Rate,". Primary procedure pays at 100%, secondary at 50%, all subsequent at 25%.  Lesser of applies when negotiated rates exceed charges less addons.",6593,,,,,,,Case Rate,". Primary procedure pays at 100%, secondary at 50%, all subsequent at 25%.  Lesser of applies when negotiated rates exceed charges less addons.",6593,,,,,,,Case Rate,". Primary procedure pays at 100%, secondary at 50%, all subsequent at 25%.  Lesser of applies when negotiated rates exceed charges less addons.",3771.71,,,,,,,Case Rate,"100 Percent of Medicaid APG. ",3143.09,,,,,,,Case Rate,"100 Percent of Medicaid APG. ",3517.5816,78,,,,,0,percent of total billed charges,78% of Billed Charges. Lesser of 100% of billed charges applies.; No services were performed during the 15 month look back period.,4923.38,,,,,,,Case Rate,". MPL 100/50/25% all add ons apply, and lesser of 100% of billed charges",3143.09,,,,,,,Case Rate,"100 Percent of Medicaid APG. ",,,,,,,,Other,"Not Payable. ",6487,,,,,,,Case Rate,". MPL 100/50/25% maxmium of 3 procedures. All add ons apply, and lesser of 100% of billed charges",6487,,,,,,,Case Rate,". MPL 100/50/25% maxmium of 3 procedures. All add ons apply, and lesser of 100% of billed charges",6487,,,,,,,Case Rate,". MPL 100/50/25% maxmium of 3 procedures. All add ons apply, and lesser of 100% of billed charges",6487,,,,,,,Case Rate,". MPL 100/50/25% maxmium of 3 procedures. All add ons apply, and lesser of 100% of billed charges",3143.09,,,,,,,Case rate,124 Percent of Medicaid APG. Covered services not payable under Medicaid Fee Schedules default to a payment of 50 percent of charges.,,,,,,,,Other,"Not Payable. ",3143.09,,,,,,,Case rate,124 Percent of Medicaid APG. Covered services not payable under Medicaid Fee Schedules default to a payment of 50 percent of charges.,3517.5816,78,,,,,0,percent of total billed charges,78% of Billed Charges. Lesser of 100% of billed charges applies.; No services were performed during the 15 month look back period.,6593,,,,,,,Case Rate,". Primary procedure pays at 100%, secondary at 50%, all subsequent at 25%.  Lesser of applies when negotiated rates exceed charges less addons.",,,,,,,,Other,"Not Payable. ",8427,,,,,,,Case Rate,". Primary procedure pays at 100%, all subsequent at 50%.",,,,,,,,Other,"Not Payable. ",,,,,,,,Other,"Not Payable. ",3517.5816,78,,,,,0,percent of total billed charges,78% of Billed Charges. Lesser of 100% of billed charges applies.; No services were performed during the 15 month look back period.,1259.2,,,,,,,Case Rate,100% of PAS. Lesser of 100% of billed charges applies.,1259.2,,,,,,,Case Rate,100% of PAS. Lesser of 100% of billed charges applies.,3143.09,,,,,,,Case rate,"100 Percent of Medicaid APG. ",3143.09,,,,,,,Case rate,"100 Percent of Medicaid APG. ",8427,,,,,,,Case Rate,". Primary procedure pays at 100%, all subsequent at 50%.",8427,,,,,,,Case Rate,". Primary procedure pays at 100%, all subsequent at 50%.",3143.09,,,,,,,Case Rate,"100 Percent of Medicaid APG. Not APG payable, or payable under another fee schedule like ASP/AWP pays at 30% of charges",8427,,,,,,,Case Rate,". Primary procedure pays at 100%, all subsequent at 50%.",3143.09,,,,,,,Case Rate,"100 Percent of Medicaid APG. Not APG payable, or payable under another fee schedule like ASP/AWP pays at 30% of charges",,,,,,,,Other,"Not Payable. ",8427,,,,,,,Case Rate,". Primary procedure pays at 100%, all subsequent at 50%.",3517.5816,78,,,,,0,percent of total billed charges,78% of Billed Charges. Lesser of 100% of billed charges applies.; No services were performed during the 15 month look back period.,3143.09,,,,,,,Case Rate,"100 Percent of Medicaid APG. ",3143.09,,,,,,,Case Rate,"100 Percent of Medicaid APG. ",3517.5816,78,,,,,0,percent of total billed charges,78% of Billed Charges. Lesser of 100% of billed charges applies.; No services were performed during the 15 month look back period.,6487,,,,,,,Case Rate,". MPL 100/50/25% maxmium of 3 procedures. All add ons apply, and lesser of 100% of billed charges",4500,,,,,,,Case Rate,". MPL 100/50/25% all add ons apply, and lesser of 100% of billed charges",4500,,,,,,,Case Rate,". MPL 100/50/25% all add ons apply, and lesser of 100% of billed charges",3517.5816,78,,,,,0,percent of total billed charges,78% of Billed Charges. Lesser of 100% of billed charges applies.; No services were performed during the 15 month look back period.,,,,,,,,Other,"Not Payable. ",4923.38,,,,,,,Case Rate,". MPL 100/50/25% all add ons apply, and lesser of 100% of billed charges",4923.38,,,,,,,Case Rate,". MPL 100/50/25% all add ons apply, and lesser of 100% of billed charges",4923.38,,,,,,,Case Rate,". MPL 100/50/25% all add ons apply, and lesser of 100% of billed charges",,,,,,,,Other,"Not Payable. ",4923.38,,,,,,,Case Rate,". MPL 100/50/25% all add ons apply, and lesser of 100% of billed charges",4923.38,,,,,,,Case Rate,". MPL 100/50/25% all add ons apply, and lesser of 100% of billed charges",,,,,,,,Other,"Not Payable. ",25798,,,,,,,Case Rate,". MPL 100/75/50% all add ons apply, and lesser of 100% of billed charges",13586,,,,,,,Case Rate,". MPL 100/50/25% all add ons apply, and lesser of 100% of billed charges",13586,,,,,,,Case Rate,". MPL 100/50/25% all add ons apply, and lesser of 100% of billed charges",13586,,,,,,,Case Rate,". MPL 100/50/25% all add ons apply, and lesser of 100% of billed charges",13586,,,,,,,Case Rate,". MPL 100/50/25% all add ons apply, and lesser of 100% of billed charges",13586,,,,,,,Case Rate,". MPL 100/50/25% all add ons apply, and lesser of 100% of billed charges",13586,,,,,,,Case Rate,". MPL 100/50/25% all add ons apply, and lesser of 100% of billed charges",,,,,,,,Other,"Not Payable. ",,,,,,,,Other,"Not Payable. ",13586,,,,,,,Case Rate,". MPL 100/50/25% all add ons apply, and lesser of 100% of billed charges",3517.5816,78,,,,,0,percent of total billed charges,78% of Billed Charges. Lesser of 100% of billed charges applies.; No services were performed during the 15 month look back period.,3517.5816,78,,,,,0,percent of total billed charges,78% of Billed Charges. Lesser of 100% of billed charges applies.; No services were performed during the 15 month look back period.,3517.5816,78,,,,,0,percent of total billed charges,78% of Billed Charges. Lesser of 100% of billed charges applies.; No services were performed during the 15 month look back period.,3517.5816,78,,,,,0,percent of total billed charges,78% of Billed Charges. Lesser of 100% of billed charges applies.; No services were performed during the 15 month look back period.,3517.5816,78,,,,,0,percent of total billed charges,78% of Billed Charges. Lesser of 100% of billed charges applies.; No services were performed during the 15 month look back period.,3517.5816,78,,,,,0,percent of total billed charges,78% of Billed Charges. Lesser of 100% of billed charges applies.; No services were performed during the 15 month look back period.,3517.5816,78,,,,,0,percent of total billed charges,78% of Billed Charges. Lesser of 100% of billed charges applies.; No services were performed during the 15 month look back period.,3517.5816,78,,,,,0,percent of total billed charges,78% of Billed Charges. Lesser of 100% of billed charges applies.; No services were performed during the 15 month look back period.,3517.5816,78,,,,,0,percent of total billed charges,78% of Billed Charges. Lesser of 100% of billed charges applies.; No services were performed during the 15 month look back period.,3517.5816,78,,,,,0,percent of total billed charges,78% of Billed Charges. Lesser of 100% of billed charges applies.; No services were performed during the 15 month look back period.,3517.5816,78,,,,,0,percent of total billed charges,78% of Billed Charges. Lesser of 100% of billed charges applies.; No services were performed during the 15 month look back period.,3517.5816,78,,,,,0,percent of total billed charges,78% of Billed Charges. Lesser of 100% of billed charges applies.; No services were performed during the 15 month look back period.,3517.5816,78,,,,,0,percent of total billed charges,78% of Billed Charges. Lesser of 100% of billed charges applies.; No services were performed during the 15 month look back period.,3517.5816,78,,,,,0,percent of total billed charges,78% of Billed Charges. Lesser of 100% of billed charges applies.; No services were performed during the 15 month look back period.,3517.5816,78,,,,,0,percent of total billed charges,78% of Billed Charges. Lesser of 100% of billed charges applies.; No services were performed during the 15 month look back period.,3517.5816,78,,,,,0,percent of total billed charges,78% of Billed Charges. Lesser of 100% of billed charges applies.; No services were performed during the 15 month look back period.,3517.5816,78,,,,,0,percent of total billed charges,78% of Billed Charges. Lesser of 100% of billed charges applies.; No services were performed during the 15 month look back period.,3517.5816,78,,,,,0,percent of total billed charges,78% of Billed Charges. Lesser of 100% of billed charges applies.; No services were performed during the 15 month look back period.,3517.5816,78,,,,,0,percent of total billed charges,78% of Billed Charges. Lesser of 100% of billed charges applies.; No services were performed during the 15 month look back period.,3517.5816,78,,,,,0,percent of total billed charges,78% of Billed Charges. Lesser of 100% of billed charges applies.; No services were performed during the 15 month look back period.,3517.5816,78,,,,,0,percent of total billed charges,78% of Billed Charges. Lesser of 100% of billed charges applies.; No services were performed during the 15 month look back period.,3517.5816,78,,,,,0,percent of total billed charges,78% of Billed Charges. Lesser of 100% of billed charges applies.; No services were performed during the 15 month look back period.,3517.5816,78,,,,,0,percent of total billed charges,78% of Billed Charges. Lesser of 100% of billed charges applies.; No services were performed during the 15 month look back period.,3517.5816,78,,,,,0,percent of total billed charges,78% of Billed Charges. Lesser of 100% of billed charges applies.; No services were performed during the 15 month look back period.,3517.5816,78,,,,,0,percent of total billed charges,78% of Billed Charges. Lesser of 100% of billed charges applies.; No services were performed during the 15 month look back period.,3517.5816,78,,,,,0,percent of total billed charges,78% of Billed Charges. Lesser of 100% of billed charges applies.; No services were performed during the 15 month look back period.,8427,,,,,,,Case Rate,". Primary procedure pays at 100%, all subsequent at 50%.",8427,,,,,,,Case Rate,". Primary procedure pays at 100%, all subsequent at 50%.",8427,,,,,,,Case Rate,". Primary procedure pays at 100%, all subsequent at 50%.",8427,,,,,,,Case Rate,". Primary procedure pays at 100%, all subsequent at 50%.",12574,,,,,,,Case Rate,". Primary procedure pays at 100%, all subsequent at 50%.",12574,,,,,,,Case Rate,". Primary procedure pays at 100%, all subsequent at 50%.",6487,,,,,,,Case Rate,". MPL 100/50/25% maxmium of 3 procedures. All add ons apply, and lesser of 100% of billed charges",13586,,,,,,,Case Rate,". MPL 100/50/25% all add ons apply, and lesser of 100% of billed charges",4923.38,,,,,,,Case Rate,". MPL 100/50/25% all add ons apply, and lesser of 100% of billed charges",13586,,,,,,,Case Rate,". MPL 100/50/25% all add ons apply, and lesser of 100% of billed charges",3517.5816,78,,,,,0,percent of total billed charges,78% of Billed Charges. Lesser of 100% of billed charges applies.; No services were performed during the 15 month look back period.,12574,,,,,,,Case Rate,". Primary procedure pays at 100%, all subsequent at 50%.",13586,,,,,,,Case Rate,". MPL 100/50/25% all add ons apply, and lesser of 100% of billed charges",4923.38,,,,,,,Case Rate,". MPL 100/50/25% all add ons apply, and lesser of 100% of billed charges",6487,,,,,,,Case Rate,". MPL 100/50/25% maxmium of 3 procedures. All add ons apply, and lesser of 100% of billed charges",,,,,,,,,"NA. ",3517.5816,78,,,,,0,percent of total billed charges,78% of Billed Charges. Lesser of 100% of billed charges applies.; No services were performed during the 15 month look back period.,3143.09,,,,,,,Case Rate,"100 Percent of Medicaid APG. ",8427,,,,,,,Case Rate,". Primary procedure pays at 100%, all subsequent at 50%.",3143.09,,,,,,,Case Rate,"100 Percent of Medicaid APG. Not APG payable, or payable under another fee schedule like ASP/AWP pays at 30% of charges",,,,,,,,Other,"Not Payable. ",,,,,,,,Other,"Not Payable. ",25798,,,,,,,Case Rate,". MPL 100/75/50% all add ons apply, and lesser of 100% of billed charges",,,,,,,,Other,"Not Payable. ",,,,,,,,Other,"Not Payable. ",3143.09,,,,,,,Case Rate,"100 Percent of Medicaid APG. ",,,,,,,,Other,"Not Payable. ",,,,,,,,Other,"Not Payable. ",6593,,,,,,,Case Rate,". Primary procedure pays at 100%, secondary at 50%, all subsequent at 25%.  Lesser of applies when negotiated rates exceed charges less addons.",6593,,,,,,,Case Rate,". Primary procedure pays at 100%, secondary at 50%, all subsequent at 25%.  Lesser of applies when negotiated rates exceed charges less addons.",,,,,,,,Other,"Not Payable. ",6487,,,,,,,Case Rate,". MPL 100/50/25% maxmium of 3 procedures. All add ons apply, and lesser of 100% of billed charges",4923.38,,,,,,,Case Rate,". MPL 100/50/25% all add ons apply, and lesser of 100% of billed charges",4923.38,,,,,,,Case Rate,". MPL 100/50/25% all add ons apply, and lesser of 100% of billed charges",,,,,,,,Other,"Not Payable. ",6487,,,,,,,Case Rate,". MPL 100/50/25% maxmium of 3 procedures. All add ons apply, and lesser of 100% of billed charges",6593,,,,,,,Case Rate,". Primary procedure pays at 100%, secondary at 50%, all subsequent at 25%.  Lesser of applies when negotiated rates exceed charges less addons.",6593,,,,,,,Case Rate,". Primary procedure pays at 100%, secondary at 50%, all subsequent at 25%.  Lesser of applies when negotiated rates exceed charges less addons.",6593,,,,,,,Case Rate,". Primary procedure pays at 100%, secondary at 50%, all subsequent at 25%.  Lesser of applies when negotiated rates exceed charges less addons.",3517.5816,78,,,,,0,percent of total billed charges,78% of Billed Charges. Lesser of 100% of billed charges applies.; No services were performed during the 15 month look back period.,3517.5816,78,,,,,0,percent of total billed charges,78% of Billed Charges. Lesser of 100% of billed charges applies.; No services were performed during the 15 month look back period.,3517.5816,78,,,,,0,percent of total billed charges,78% of Billed Charges. Lesser of 100% of billed charges applies.; No services were performed during the 15 month look back period.,3517.5816,78,,,,,0,percent of total billed charges,78% of Billed Charges. Lesser of 100% of billed charges applies.; No services were performed during the 15 month look back period.,3517.5816,78,,,,,0,percent of total billed charges,78% of Billed Charges. Lesser of 100% of billed charges applies.; No services were performed during the 15 month look back period.,3517.5816,78,,,,,0,percent of total billed charges,78% of Billed Charges. Lesser of 100% of billed charges applies.; No services were performed during the 15 month look back period.,3517.5816,78,,,,,0,percent of total billed charges,78% of Billed Charges. Lesser of 100% of billed charges applies.; No services were performed during the 15 month look back period.,3517.5816,78,,,,,0,percent of total billed charges,78% of Billed Charges. Lesser of 100% of billed charges applies.; No services were performed during the 15 month look back period.,3517.5816,78,,,,,0,percent of total billed charges,78% of Billed Charges. Lesser of 100% of billed charges applies.; No services were performed during the 15 month look back period.,3517.5816,78,,,,,0,percent of total billed charges,78% of Billed Charges. Lesser of 100% of billed charges applies.; No services were performed during the 15 month look back period.,3517.5816,78,,,,,0,percent of total billed charges,78% of Billed Charges. Lesser of 100% of billed charges applies.; No services were performed during the 15 month look back period.,12574,,,,,,,Case Rate,". Primary procedure pays at 100%, all subsequent at 50%.",13586,,,,,,,Case Rate,". MPL 100/50/25% all add ons apply, and lesser of 100% of billed charges",6487,,,,,,,Case Rate,". MPL 100/50/25% maxmium of 3 procedures. All add ons apply, and lesser of 100% of billed charges",,,,,,,,Other,"Not Payable. ",6593,,,,,,,Case Rate,". Primary procedure pays at 100%, secondary at 50%, all subsequent at 25%.  Lesser of applies when negotiated rates exceed charges less addons.",6487,,,,,,,Case Rate,". MPL 100/50/25% maxmium of 3 procedures. All add ons apply, and lesser of 100% of billed charges",6487,,,,,,,Case Rate,". MPL 100/50/25% maxmium of 3 procedures. All add ons apply, and lesser of 100% of billed charges",3517.5816,78,,,,,0,percent of total billed charges,78% of Billed Charges. Lesser of 100% of billed charges applies.; No services were performed during the 15 month look back period.,6726.22,,,,,,,Case Rate,"214 Percent of Medicaid APG. Drugs not priced under APG, billed with revenue code 636 and not priced by Medicare ASP FeeSched will be reimbursed at 20% of charges.",6487,,,,,,,Case Rate,". MPL 100/50/25% maxmium of 3 procedures. All add ons apply, and lesser of 100% of billed charges",3143.09,,,,,,,Case Rate,"100 Percent of Medicaid APG. ",,,,,,,,Other,"Not Payable. ",,,,,,,,Other,"Not Payable. ",,,,,,,,Other,"Not Payable. ",,,,,,,,Other,"Not Payable. ",,,,,,,,Other,"Not Payable. ",,,,,,,,Other,"Not Payable. ",6487,,,,,,,Case Rate,". MPL 100/50/25% maxmium of 3 procedures. All add ons apply, and lesser of 100% of billed charges",25798,,,,,,,Case Rate,". MPL 100/75/50% all add ons apply, and lesser of 100% of billed charges",5657.57,,,,,,,Fee Schedule,"180 Percent of Medicaid APG. ",5657.57,,,,,,,Fee Schedule,"180 Percent of Medicaid APG. ",5657.57,,,,,,,Fee Schedule,"180 Percent of Medicaid APG. ",5657.57,,,,,,,Fee Schedule,"180 Percent of Medicaid APG. ",5657.57,,,,,,,Fee Schedule,"180 Percent of Medicaid APG. ",,,,,,,,,"NA. ",25798,,,,,,,Case Rate,". MPL 100/75/50% all add ons apply, and lesser of 100% of billed charges",,,,,,,,Fee Schedule,"Not Payable. ",,,,,,,,Fee Schedule,"Not Payable. ",,,,,,,,Fee Schedule,"Not Payable. ",,,,,,,,Fee Schedule,"Not Payable. ",,,,,,,,Fee Schedule,"Not Payable. ",,,,,,,,Other,"Not Payable. ",12574,,,,,,,Case Rate,". Primary procedure pays at 100%, all subsequent at 50%.",12574,,,,,,,Case Rate,". Primary procedure pays at 100%, all subsequent at 50%.",12574,,,,,,,Case Rate,". Primary procedure pays at 100%, all subsequent at 50%.",12574,,,,,,,Case Rate,". Primary procedure pays at 100%, all subsequent at 50%.",6593,,,,,,,Case Rate,". Primary procedure pays at 100%, secondary at 50%, all subsequent at 25%.  Lesser of applies when negotiated rates exceed charges less addons.",6593,,,,,,,Case Rate,". Primary procedure pays at 100%, secondary at 50%, all subsequent at 25%.  Lesser of applies when negotiated rates exceed charges less addons.",6593,,,,,,,Case Rate,". Primary procedure pays at 100%, secondary at 50%, all subsequent at 25%.  Lesser of applies when negotiated rates exceed charges less addons.",6593,,,,,,,Case Rate,". Primary procedure pays at 100%, secondary at 50%, all subsequent at 25%.  Lesser of applies when negotiated rates exceed charges less addons.",25798,,,,,,,Case Rate,". MPL 100/75/50% all add ons apply, and lesser of 100% of billed charges",25798,,,,,,,Case Rate,". MPL 100/75/50% all add ons apply, and lesser of 100% of billed charges",,,,,,,,Other,"Not Payable. ",,,,,,,,Other,"Not Payable. ",,,,,,,,Other,"Not Payable. ",13586,,,,,,,Case Rate,". MPL 100/50/25% all add ons apply, and lesser of 100% of billed charges",13586,,,,,,,Case Rate,". MPL 100/50/25% all add ons apply, and lesser of 100% of billed charges",13586,,,,,,,Case Rate,". MPL 100/50/25% all add ons apply, and lesser of 100% of billed charges",25798,,,,,,,Case Rate,". MPL 100/75/50% all add ons apply, and lesser of 100% of billed charges",6593,,,,,,,Case Rate,". Primary procedure pays at 100%, secondary at 50%, all subsequent at 25%.  Lesser of applies when negotiated rates exceed charges less addons.",,,,,,,,Other,"Not Payable. ",13586,,,,,,,Case Rate,". MPL 100/50/25% all add ons apply, and lesser of 100% of billed charges",3143.09,,,,,,,Case Rate,"100 Percent of Medicaid APG. ",,,,,,,,Other,"Not Payable. ",,,,,,,,Other,"Not Payable. ",,,,,,,,Other,"Not Payable. ",3143.09,,,,,,,Case rate,"100 Percent of Medicaid APG. ",7071.96,,,,,,,Case Rate,225% of NYS APG. Lesser of 100% of billed charges applies.,7071.96,,,,,,,Case Rate,225% of NYS APG. Lesser of 100% of billed charges applies.,7071.96,,,,,,,Case Rate,225% of NYS APG. Lesser of 100% of billed charges applies.,7071.96,,,,,,,Case Rate,225% of NYS APG. Lesser of 100% of billed charges applies.,7071.96,,,,,,,Case Rate,225% of NYS APG. Lesser of 100% of billed charges applies.,,,,,,,,Other,"Not Payable. ",3143.09,,,,,,,Case Rate,"100 Percent of Medicaid APG. ",1259.2,,,,,,,Case Rate,100% of PAS. Lesser of 100% of billed charges applies.,7071.96,,,,,,,Case Rate,225% of NYS APG. Lesser of 100% of billed charges applies.,7071.96,,,,,,,Case Rate,225% of NYS APG. Lesser of 100% of billed charges applies.,1259.2,,,,,,,Case Rate,100% of PAS. Lesser of 100% of billed charges applies.,1259.2,,,,,,,Case Rate,100% of PAS. Lesser of 100% of billed charges applies.,5657.57,,,,,,,Fee Schedule,"180 Percent of Medicaid APG. ",,,,,,,,Other,"Not Payable. ",,,,,,,,Other,"Not Payable. ",6593,,,,,,,Case Rate,". Primary procedure pays at 100%, secondary at 50%, all subsequent at 25%.  Lesser of applies when negotiated rates exceed charges less addons.",,,,,,,,Other,"Not Payable. ",7071.96,,,,,,,Case Rate,"225 Percent of Medicaid APG. ",7071.96,,,,,,,Case Rate,"225 Percent of Medicaid APG. ",3143.09,,,,,,,Case rate,"100 Percent of Medicaid APG. ",3143.09,,,,,,,Case rate,"100 Percent of Medicaid APG. ",7071.96,,,,,,,Case Rate,225 Percent of Medicaid APG. Covered services not payable under Medicaid Fee Schedules default to a payment of 87.5 percent of charges.,3143.09,,,,,,,Case rate,124 Percent of Medicaid APG. Covered services not payable under Medicaid Fee Schedules default to a payment of 50 percent of charges.,7071.96,,,,,,,Case Rate,"100 Percent of Medicaid APG. ",7071.96,,,,,,,Case Rate,"100 Percent of Medicaid APG. ",7071.96,,,,,,,Case Rate,"100 Percent of Medicaid APG. ",7071.96,,,,,,,Case Rate,"100 Percent of Medicaid APG. ",13453,,,,,,,Case Rate,". MPL 100/75/50% all add ons apply, and lesser of 100% of billed charges",25798,,,,,,,Case Rate,". MPL 100/75/50% all add ons apply, and lesser of 100% of billed charges",3771.71,,,,,,,Case Rate,"120 Percent of Medicaid APG. Not APG payable, or payable under another fee schedule like ASP/AWP pays at 30% of charges",3771.71,,,,,,,Case Rate,"120 Percent of Medicaid APG. Not APG payable, or payable under another fee schedule like ASP/AWP pays at 30% of charges",3143.09,,,,,,,Case Rate,"100 Percent of Medicaid APG. Not APG payable, or payable under another fee schedule like ASP/AWP pays at 30% of charges",3143.09,,,,,,,Case Rate,"100 Percent of Medicaid APG. Not APG payable, or payable under another fee schedule like ASP/AWP pays at 30% of charges",13586,,,,,,,Case Rate,". MPL 100/50/25% all add ons apply, and lesser of 100% of billed charges",13586,,,,,,,Case Rate,". MPL 100/50/25% all add ons apply, and lesser of 100% of billed charges",,,,,,,,Other,"Not Payable. ",13586,,,,,,,Case Rate,". MPL 100/50/25% all add ons apply, and lesser of 100% of billed charges",13586,,,,,,,Case Rate,". MPL 100/50/25% all add ons apply, and lesser of 100% of billed charges",13586,,,,,,,Case Rate,". MPL 100/50/25% all add ons apply, and lesser of 100% of billed charges",13586,,,,,,,Case Rate,". MPL 100/50/25% all add ons apply, and lesser of 100% of billed charges",,,,,,,,Other,"Not Payable. ",13586,,,,,,,Case Rate,". MPL 100/50/25% all add ons apply, and lesser of 100% of billed charges",13586,,,,,,,Case Rate,". MPL 100/50/25% all add ons apply, and lesser of 100% of billed charges",6593,,,,,,,Case Rate,". Primary procedure pays at 100%, secondary at 50%, all subsequent at 25%.  Lesser of applies when negotiated rates exceed charges less addons.",3143.09,,,,,,,Fee Schedule,100% APG. Lesser of 100% of billed charges applies.,3143.09,,,,,,,Case rate,124 Percent of Medicaid APG. Covered services not payable under Medicaid Fee Schedules default to a payment of 50 percent of charges.,7071.96,,,,,,,Case Rate,225% of NYS APG. Lesser of 100% of billed charges applies.,7071.96,,,,,,,Case Rate,225 Percent of Medicaid APG. Covered services not payable under Medicaid Fee Schedules default to a payment of 87.5 percent of charges.,3143.09,,,,,,,Case rate,124 Percent of Medicaid APG. Covered services not payable under Medicaid Fee Schedules default to a payment of 50 percent of charges.,7071.96,,,,,,,Case Rate,225% of NYS APG. Lesser of 100% of billed charges applies.,7071.96,,,,,,,Case Rate,225% of NYS APG. Lesser of 100% of billed charges applies.,7071.96,,,,,,,Case Rate,225% of NYS APG. Lesser of 100% of billed charges applies.,7071.96,,,,,,,Case Rate,225% of NYS APG. Lesser of 100% of billed charges applies.,7071.96,,,,,,,Case Rate,225% of NYS APG. Lesser of 100% of billed charges applies.,7071.96,,,,,,,Case Rate,225% of NYS APG. Lesser of 100% of billed charges applies.,,,,,,,,,"NA. ",,,,,,,,,"NA. ",,,,,,,,,"NA. ",6487,,,,,,,Case Rate,". MPL 100/50/25% maxmium of 3 procedures. All add ons apply, and lesser of 100% of billed charges",,,,,,,,,"NA. ",,,,,,,,Other,"Not Payable. ",18847,,,,,,,Case Rate,". MPL 1st 100% of Payment Rate 50% of all others, all add ons apply, and lesser of 100% of billed charges.",,,,,,,,Other,"Not Payable. ",,,,,,,,Other,"Not Payable. ",3771.71,,,,,,,Case Rate,"120 Percent of Medicaid APG. Not APG payable, or payable under another fee schedule like ASP/AWP pays at 30% of charges",3771.71,,,,,,,Case Rate,"120 Percent of Medicaid APG. Not APG payable, or payable under another fee schedule like ASP/AWP pays at 30% of charges",3143.09,,,,,,,Case Rate,"100 Percent of Medicaid APG. Not APG payable, or payable under another fee schedule like ASP/AWP pays at 30% of charges",3143.09,,,,,,,Case Rate,"100 Percent of Medicaid APG. Not APG payable, or payable under another fee schedule like ASP/AWP pays at 30% of charges",3143.09,,,,,,,Case Rate,"100 Percent of Medicaid APG. ",7163,,,,,,,Case Rate,". ",6593,,,,,,,Case Rate,". Primary procedure pays at 100%, secondary at 50%, all subsequent at 25%.  Lesser of applies when negotiated rates exceed charges less addons.",8427,,,,,,,Case Rate,". Primary procedure pays at 100%, all subsequent at 50%.",6487,,,,,,,Case Rate,". MPL 100/50/25% maxmium of 3 procedures. All add ons apply, and lesser of 100% of billed charges",,,,,,,,Other,"Not Payable. ",,,,,,,,Other,"Not Payable. ",,,,,,,,Other,"Not Payable. ",,,,,,,,Other,"Not Payable. ",,,,,,,,Other,"Not Payable. ",,,,,,,,Other,"Not Payable. ",,,,,,,,,"NA. ",7071.96,,,,,,,Case Rate,225% of NYS APG. Lesser of 100% of billed charges applies.,1259.2,,,,,,,Case Rate,100% of PAS. Lesser of 100% of billed charges applies.,13586,,,,,,,Case Rate,". MPL 100/50/25% all add ons apply, and lesser of 100% of billed charges",7163,,,,,,,Case Rate,". ",7163,,,,,,,Case Rate,". ",7163,,,,,,,Case Rate,". ",7163,,,,,,,Case Rate,". ",,,,,,,,Other,"Not Payable. ",3143.09,,,,,,,Case Rate,"100 Percent of Medicaid APG. ",13586,,,,,,,Case Rate,". MPL 100/50/25% all add ons apply, and lesser of 100% of billed charges",3143.09,,,,,,,Case Rate,"100 Percent of Medicaid APG. ",,,,,,,,Other,"Not Payable. ",3143.09,,,,,,,Case Rate,"100 Percent of Medicaid APG. ",,,,,,,,Other,"Not Payable. ",,,,,,,,Other,"Not Payable. ",3143.09,,,,,,,Case Rate,"100 Percent of Medicaid APG. ",3143.09,,,,,,,Case Rate,"100 Percent of Medicaid APG. ",7163,,,,,,,Case Rate,". ",6487,,,,,,,Case Rate,". MPL 100/50/25% maxmium of 3 procedures. All add ons apply, and lesser of 100% of billed charges",3517.5816,78,,,,,0,percent of total billed charges,78% of Billed Charges. Lesser of 100% of billed charges applies.; No services were performed during the 15 month look back period.,4923.38,,,,,,,Case Rate,". MPL 100/50/25% all add ons apply, and lesser of 100% of billed charges",4923.38,,,,,,,Case Rate,". MPL 100/50/25% all add ons apply, and lesser of 100% of billed charges",6593,,,,,,,Case Rate,". Primary procedure pays at 100%, secondary at 50%, all subsequent at 25%.  Lesser of applies when negotiated rates exceed charges less addons.",145.78,,,,,,,Other,"Not Payable. ",12574,,,,,,,Case Rate,". Primary procedure pays at 100%, all subsequent at 50%.",12574,,,,,,,Case Rate,". Primary procedure pays at 100%, all subsequent at 50%.",10869,,,,,,,Case Rate,". MPL 100/50/25% all add ons apply, and lesser of 100% of billed charges",10869,,,,,,,Case Rate,". MPL 100/50/25% all add ons apply, and lesser of 100% of billed charges",,,,,,,,Other,"Not Payable. ",,,,,,,,Other,"Not Payable. ",,,,,,,,Other,"Not Payable. ",,,,,,,,Other,"Not Payable. ",4923.38,,,,,,,Case Rate,". MPL 100/50/25% all add ons apply, and lesser of 100% of billed charges",13586,,,,,,,Case Rate,". MPL 100/50/25% all add ons apply, and lesser of 100% of billed charges",13586,,,,,,,Case Rate,". MPL 100/50/25% all add ons apply, and lesser of 100% of billed charges",,,,,,,,Other,"Not Payable. ",10869,,,,,,,Case Rate,". MPL 100/50/25% all add ons apply, and lesser of 100% of billed charges",8427,,,,,,,Case Rate,". Primary procedure pays at 100%, all subsequent at 50%.",3771.71,,,,,,,Fee Schedule,"120 Percent of Medicaid APG. ",3143.09,,,,,,,Case Rate,"100 Percent of Medicaid APG. ",7163,,,,,,,Case Rate,". ",12227,,,,,,,Case Rate,". MPL 100/50/25% all add ons apply, and lesser of 100% of billed charges",12227,,,,,,,Case Rate,". MPL 100/50/25% all add ons apply, and lesser of 100% of billed charges",13586,,,,,,,Case Rate,". MPL 100/50/25% all add ons apply, and lesser of 100% of billed charges",14948,,,,,,,Case Rate,". MPL 100/75/50% all add ons apply, and lesser of 100% of billed charges",,,,,,,,Other,"Not Payable. ",3300.25,,,,,,,Fee Schedule,105 percent of Medicaid APG. otherwise 105% of Ordered NYS MCD FS or 105% of ASP+6%,3300.25,,,,,,,Fee Schedule,105 percent of Medicaid APG. otherwise 105% of Ordered NYS MCD FS or 105% of ASP+6%,3300.25,,,,,,,Fee Schedule,105 percent of Medicaid APG. otherwise 105% of Ordered NYS MCD FS or 105% of ASP+6%,4243.17,,,,,,,Fee Schedule,135 percent of Medicaid APG. otherwise 135% of Ordered NYS MCD FS or 135% of ASP+6%,4923.38,,,,,,,Case Rate,". MPL 100/50/25% all add ons apply, and lesser of 100% of billed charges",3300.25,,,,,,,Fee Schedule,105 percent of Medicaid APG. otherwise 105% of Ordered NYS MCD FS or 105% of ASP+6%,3300.25,,,,,,,Fee Schedule,105 percent of Medicaid APG. otherwise 105% of Ordered NYS MCD FS or 105% of ASP+6%,3300.25,,,,,,,Fee Schedule,105 percent of Medicaid APG. otherwise 105% of Ordered NYS MCD FS or 105% of ASP+6%,3300.25,,,,,,,Fee Schedule,105 percent of Medicaid APG. otherwise 105% of Ordered NYS MCD FS or 105% of ASP+6%,3300.25,,,,,,,Fee Schedule,105 percent of Medicaid APG. otherwise 105% of Ordered NYS MCD FS or 105% of ASP+6%,4243.17,,,,,,,Fee Schedule,135 percent of Medicaid APG. otherwise 135% of Ordered NYS MCD FS or 135% of ASP+6%,4243.17,,,,,,,Fee Schedule,135 percent of Medicaid APG. otherwise 135% of Ordered NYS MCD FS or 135% of ASP+6%,,,,,,,,Other,"Not Payable. ",4923.38,,,,,,,Case Rate,". MPL 100/50/25% all add ons apply, and lesser of 100% of billed charges",,,,,,,,Other,"Not Payable. ",3300.25,,,,,,,Fee Schedule,105 percent of Medicaid APG. otherwise 105% of Ordered NYS MCD FS or 105% of ASP+6%,13586,,,,,,,Case Rate,". MPL 100/50/25% all add ons apply, and lesser of 100% of billed charges",,,,,,,,Other,"Not Payable. ",13586,,,,,,,Case Rate,". MPL 100/50/25% all add ons apply, and lesser of 100% of billed charges",13586,,,,,,,Case Rate,". MPL 100/50/25% all add ons apply, and lesser of 100% of billed charges",13586,,,,,,,Case Rate,". MPL 100/50/25% all add ons apply, and lesser of 100% of billed charges",3300.25,,,,,,,Fee Schedule,105 percent of Medicaid APG. otherwise 105% of Ordered NYS MCD FS or 105% of ASP+6%,,,,,,,,Other,"Not Payable. ",13586,,,,,,,Case Rate,". MPL 100/50/25% all add ons apply, and lesser of 100% of billed charges",4243.17,,,,,,,Fee Schedule,135 percent of Medicaid APG. otherwise 135% of Ordered NYS MCD FS or 135% of ASP+6%,13586,,,,,,,Case Rate,". MPL 100/50/25% all add ons apply, and lesser of 100% of billed charges",,,,,,,,Other,"Not Payable. ",,,,,,,,Other,"Not Payable. ",7163,,,,,,,Case Rate,". ",7163,,,,,,,Case Rate,". ",7163,,,,,,,Case Rate,". ",7163,,,,,,,Case Rate,". ",7163,,,,,,,Case Rate,". ",8427,,,,,,,Case Rate,". Primary procedure pays at 100%, all subsequent at 50%.",8427,,,,,,,Case Rate,". Primary procedure pays at 100%, all subsequent at 50%.",7163,,,,,,,Case Rate,". ",7163,,,,,,,Case Rate,". ",7163,,,,,,,Case Rate,". ",7163,,,,,,,Case Rate,". ",7163,,,,,,,Case Rate,". ",,,,,,,,Other,"Not Payable. ",8427,,,,,,,Case Rate,". Primary procedure pays at 100%, all subsequent at 50%.",,,,,,,,Other,"Not Payable. ",7071.96,,,,,,,Case Rate,"225 Percent of Medicaid APG. If not included in Medicaid APG, then 100 Percent of Manhattan Medicare",3143.09,,,,,,,Case Rate,"100 Percent of Medicaid APG. ",4923.38,,,,,,,Case Rate,". MPL 100/50/25% all add ons apply, and lesser of 100% of billed charges",4923.38,,,,,,,Case Rate,". MPL 100/50/25% all add ons apply, and lesser of 100% of billed charges",,,,,,,,Other,"Not Payable. ",12574,,,,,,,Case Rate,". Primary procedure pays at 100%, all subsequent at 50%.",,,,,,,,Other,"Not Payable. ",,,,,,,,Other,"Not Payable. ",6593,,,,,,,Case Rate,". Primary procedure pays at 100%, secondary at 50%, all subsequent at 25%.  Lesser of applies when negotiated rates exceed charges less addons.",,,,,,,,Other,"Not Payable. ",6487,,,,,,,Case Rate,". MPL 100/50/25% maxmium of 3 procedures. All add ons apply, and lesser of 100% of billed charges",,,,,,,,Other,"Not Payable. ",6487,,,,,,,Case Rate,". MPL 100/50/25% maxmium of 3 procedures. All add ons apply, and lesser of 100% of billed charges",6593,,,,,,,Case Rate,". Primary procedure pays at 100%, secondary at 50%, all subsequent at 25%.  Lesser of applies when negotiated rates exceed charges less addons.",6487,,,,,,,Case Rate,". MPL 100/50/25% maxmium of 3 procedures. All add ons apply, and lesser of 100% of billed charges",,,,,,,,Other,"Not Payable. ",3143.09,,,,,,,Case Rate,"100 Percent of Medicaid APG. ",,,,,,,,Other,"Not Payable. ",6487,,,,,,,Case Rate,". MPL 100/50/25% maxmium of 3 procedures. All add ons apply, and lesser of 100% of billed charges",4923.38,,,,,,,Case Rate,". MPL 100/50/25% all add ons apply, and lesser of 100% of billed charges",3143.09,,,,,,,Case Rate,"100 Percent of Medicaid APG. ",13586,,,,,,,Case Rate,". MPL 100/50/25% all add ons apply, and lesser of 100% of billed charges",3771.71,,,,,,,Fee Schedule,"120 Percent of Medicaid APG. ",3771.71,,,,,,,Fee Schedule,"120 Percent of Medicaid APG. ",13586,,,,,,,Case Rate,". MPL 100/50/25% all add ons apply, and lesser of 100% of billed charges",13586,,,,,,,Case Rate,". MPL 100/50/25% all add ons apply, and lesser of 100% of billed charges",13586,,,,,,,Case Rate,". MPL 100/50/25% all add ons apply, and lesser of 100% of billed charges",4923.38,,,,,,,Case Rate,". MPL 100/50/25% all add ons apply, and lesser of 100% of billed charges",13586,,,,,,,Case Rate,". MPL 100/50/25% all add ons apply, and lesser of 100% of billed charges",13586,,,,,,,Case Rate,". MPL 100/50/25% all add ons apply, and lesser of 100% of billed charges",13586,,,,,,,Case Rate,". MPL 100/50/25% all add ons apply, and lesser of 100% of billed charges",7163,,,,,,,Case Rate,". ",7163,,,,,,,Case Rate,". ",,,,,,,,Fee Schedule,"Not Payable. ",3143.09,,,,,,,Case Rate,"100 Percent of Medicaid APG. ",4923.38,,,,,,,Case Rate,". MPL 100/50/25% all add ons apply, and lesser of 100% of billed charges",6487,,,,,,,Case Rate,". MPL 100/50/25% maxmium of 3 procedures. All add ons apply, and lesser of 100% of billed charges",6593,,,,,,,Case Rate,". Primary procedure pays at 100%, secondary at 50%, all subsequent at 25%.  Lesser of applies when negotiated rates exceed charges less addons.",4923.38,,,,,,,Case Rate,". MPL 100/50/25% all add ons apply, and lesser of 100% of billed charges",6593,,,,,,,Case Rate,". Primary procedure pays at 100%, secondary at 50%, all subsequent at 25%.  Lesser of applies when negotiated rates exceed charges less addons.",4923.38,,,,,,,Case Rate,". MPL 100/50/25% all add ons apply, and lesser of 100% of billed charges",13586,,,,,,,Case Rate,". MPL 100/50/25% all add ons apply, and lesser of 100% of billed charges",13586,,,,,,,Case Rate,". MPL 100/50/25% all add ons apply, and lesser of 100% of billed charges",13586,,,,,,,Case Rate,". MPL 100/50/25% all add ons apply, and lesser of 100% of billed charges",13586,,,,,,,Case Rate,". MPL 100/50/25% all add ons apply, and lesser of 100% of billed charges",,,,,,,,Other,"Not Payable. ",145.78,25798,
37187,CPT,,,490,RC,VENOUS MECH THROMBECTOMY,,,both,,,,13188,,,,,,,Case Rate,". MPL 1st 100% of Payment Rate 50% of all others, all add ons apply, and lesser of 100% of billed charges.",13188,,,,,,,Case Rate,". MPL 1st 100% of Payment Rate 50% of all others, all add ons apply, and lesser of 100% of billed charges.",18203,,,,,,,Case Rate,". Primary procedure pays at 100%, secondary at 50%, all subsequent at 25%.  Lesser of applies when negotiated rates exceed charges less addons.",,100,,,,,0,percent of total billed charges,100 percent of billed charges. ; No services were performed during the 15 month look back period.,13419.3,,,,,,,Case Rate,"100% Medicare OPPS FS. ",18203,,,,,,,Case Rate,". Primary procedure pays at 100%, secondary at 50%, all subsequent at 25%.  Lesser of applies when negotiated rates exceed charges less addons.",18203,,,,,,,Case Rate,". Primary procedure pays at 100%, secondary at 50%, all subsequent at 25%.  Lesser of applies when negotiated rates exceed charges less addons.",18203,,,,,,,Case Rate,". Primary procedure pays at 100%, secondary at 50%, all subsequent at 25%.  Lesser of applies when negotiated rates exceed charges less addons.",3493.33,,,,,,,Case Rate,"100 Percent of Medicaid APG. ",2911.11,,,,,,,Case Rate,"100 Percent of Medicaid APG. ",,78,,,,,0,percent of total billed charges,78% of Billed Charges. Lesser of 100% of billed charges applies.; No services were performed during the 15 month look back period.,18160.12,,,,,,,Case Rate,". MPL 100/50/25% all add ons apply, and lesser of 100% of billed charges",2911.11,,,,,,,Case Rate,"100 Percent of Medicaid APG. ",13419.3,,,,,,,Case Rate,"100% Medicare OPPS FS. ",6487,,,,,,,Case Rate,". MPL 100/50/25% maxmium of 3 procedures. All add ons apply, and lesser of 100% of billed charges",6487,,,,,,,Case Rate,". MPL 100/50/25% maxmium of 3 procedures. All add ons apply, and lesser of 100% of billed charges",6487,,,,,,,Case Rate,". MPL 100/50/25% maxmium of 3 procedures. All add ons apply, and lesser of 100% of billed charges",6487,,,,,,,Case Rate,". MPL 100/50/25% maxmium of 3 procedures. All add ons apply, and lesser of 100% of billed charges",2911.11,,,,,,,Case rate,124 Percent of Medicaid APG. Covered services not payable under Medicaid Fee Schedules default to a payment of 50 percent of charges.,13419.3,,,,,,,Case Rate,"100% Medicare OPPS FS. ",2911.11,,,,,,,Case rate,124 Percent of Medicaid APG. Covered services not payable under Medicaid Fee Schedules default to a payment of 50 percent of charges.,,78,,,,,0,percent of total billed charges,78% of Billed Charges. Lesser of 100% of billed charges applies.; No services were performed during the 15 month look back period.,18203,,,,,,,Case Rate,". Primary procedure pays at 100%, secondary at 50%, all subsequent at 25%.  Lesser of applies when negotiated rates exceed charges less addons.",13419.3,,,,,,,Case Rate,"100%Medicare OPPS FS. ",8427,,,,,,,Case Rate,". Primary procedure pays at 100%, all subsequent at 50%.",13419.3,,,,,,,Case Rate,"100%Medicare OPPS FS. ",13419.3,,,,,,,Case Rate,"100%Medicare OPPS FS. ",,78,,,,,0,percent of total billed charges,78% of Billed Charges. Lesser of 100% of billed charges applies.; No services were performed during the 15 month look back period.,2255.75,,,,,,,Case Rate,100% of PAS. Lesser of 100% of billed charges applies.,2255.75,,,,,,,Case Rate,100% of PAS. Lesser of 100% of billed charges applies.,2911.11,,,,,,,Case rate,"100 Percent of Medicaid APG. ",2911.11,,,,,,,Case rate,"100 Percent of Medicaid APG. ",8427,,,,,,,Case Rate,". Primary procedure pays at 100%, all subsequent at 50%.",8427,,,,,,,Case Rate,". Primary procedure pays at 100%, all subsequent at 50%.",2911.11,,,,,,,Case Rate,"100 Percent of Medicaid APG. Not APG payable, or payable under another fee schedule like ASP/AWP pays at 30% of charges",8427,,,,,,,Case Rate,". Primary procedure pays at 100%, all subsequent at 50%.",2911.11,,,,,,,Case Rate,"100 Percent of Medicaid APG. Not APG payable, or payable under another fee schedule like ASP/AWP pays at 30% of charges",13419.3,,,,,,,Case Rate,"100%Medicare OPPS FS. ",8427,,,,,,,Case Rate,". Primary procedure pays at 100%, all subsequent at 50%.",,78,,,,,0,percent of total billed charges,78% of Billed Charges. Lesser of 100% of billed charges applies.; No services were performed during the 15 month look back period.,2911.11,,,,,,,Case Rate,"100 Percent of Medicaid APG. ",2911.11,,,,,,,Case Rate,"100 Percent of Medicaid APG. ",,78,,,,,0,percent of total billed charges,78% of Billed Charges. Lesser of 100% of billed charges applies.; No services were performed during the 15 month look back period.,6487,,,,,,,Case Rate,". MPL 100/50/25% maxmium of 3 procedures. All add ons apply, and lesser of 100% of billed charges",16031,,,,,,,Case Rate,". MPL 100/50/25% all add ons apply, and lesser of 100% of billed charges",16031,,,,,,,Case Rate,". MPL 100/50/25% all add ons apply, and lesser of 100% of billed charges",,78,,,,,0,percent of total billed charges,78% of Billed Charges. Lesser of 100% of billed charges applies.; No services were performed during the 15 month look back period.,13419.3,,,,,,,Case Rate,"100% Medicare OPPS FS. ",18160.12,,,,,,,Case Rate,". MPL 100/50/25% all add ons apply, and lesser of 100% of billed charges",18160.12,,,,,,,Case Rate,". MPL 100/50/25% all add ons apply, and lesser of 100% of billed charges",18160.12,,,,,,,Case Rate,". MPL 100/50/25% all add ons apply, and lesser of 100% of billed charges",13419.3,,,,,,,Case Rate,"100% Medicare OPPS FS. ",18160.12,,,,,,,Case Rate,". MPL 100/50/25% all add ons apply, and lesser of 100% of billed charges",18160.12,,,,,,,Case Rate,". MPL 100/50/25% all add ons apply, and lesser of 100% of billed charges",13419.3,,,,,,,Case Rate,"100% of Medicare OPPS. ",25798,,,,,,,Case Rate,". MPL 100/75/50% all add ons apply, and lesser of 100% of billed charges",20217,,,,,,,Case Rate,". MPL 100/50/25% all add ons apply, and lesser of 100% of billed charges",20217,,,,,,,Case Rate,". MPL 100/50/25% all add ons apply, and lesser of 100% of billed charges",20217,,,,,,,Case Rate,". MPL 100/50/25% all add ons apply, and lesser of 100% of billed charges",20217,,,,,,,Case Rate,". MPL 100/50/25% all add ons apply, and lesser of 100% of billed charges",20217,,,,,,,Case Rate,". MPL 100/50/25% all add ons apply, and lesser of 100% of billed charges",20217,,,,,,,Case Rate,". MPL 100/50/25% all add ons apply, and lesser of 100% of billed charges",13419.3,,,,,,,Case Rate,"100% Medicare OPPS FS. ",13419.3,,,,,,,Case Rate,"100% Medicare OPPS FS. ",20217,,,,,,,Case Rate,". MPL 100/50/25% all add ons apply, and lesser of 100% of billed charges",,78,,,,,0,percent of total billed charges,78% of Billed Charges. Lesser of 100% of billed charges applies.; No services were performed during the 15 month look back period.,,78,,,,,0,percent of total billed charges,78% of Billed Charges. Lesser of 100% of billed charges applies.; No services were performed during the 15 month look back period.,,78,,,,,0,percent of total billed charges,78% of Billed Charges. Lesser of 100% of billed charges applies.; No services were performed during the 15 month look back period.,,78,,,,,0,percent of total billed charges,78% of Billed Charges. Lesser of 100% of billed charges applies.; No services were performed during the 15 month look back period.,,78,,,,,0,percent of total billed charges,78% of Billed Charges. Lesser of 100% of billed charges applies.; No services were performed during the 15 month look back period.,,78,,,,,0,percent of total billed charges,78% of Billed Charges. Lesser of 100% of billed charges applies.; No services were performed during the 15 month look back period.,,78,,,,,0,percent of total billed charges,78% of Billed Charges. Lesser of 100% of billed charges applies.; No services were performed during the 15 month look back period.,,78,,,,,0,percent of total billed charges,78% of Billed Charges. Lesser of 100% of billed charges applies.; No services were performed during the 15 month look back period.,,78,,,,,0,percent of total billed charges,78% of Billed Charges. Lesser of 100% of billed charges applies.; No services were performed during the 15 month look back period.,,78,,,,,0,percent of total billed charges,78% of Billed Charges. Lesser of 100% of billed charges applies.; No services were performed during the 15 month look back period.,,78,,,,,0,percent of total billed charges,78% of Billed Charges. Lesser of 100% of billed charges applies.; No services were performed during the 15 month look back period.,,78,,,,,0,percent of total billed charges,78% of Billed Charges. Lesser of 100% of billed charges applies.; No services were performed during the 15 month look back period.,,78,,,,,0,percent of total billed charges,78% of Billed Charges. Lesser of 100% of billed charges applies.; No services were performed during the 15 month look back period.,,78,,,,,0,percent of total billed charges,78% of Billed Charges. Lesser of 100% of billed charges applies.; No services were performed during the 15 month look back period.,,78,,,,,0,percent of total billed charges,78% of Billed Charges. Lesser of 100% of billed charges applies.; No services were performed during the 15 month look back period.,,78,,,,,0,percent of total billed charges,78% of Billed Charges. Lesser of 100% of billed charges applies.; No services were performed during the 15 month look back period.,,78,,,,,0,percent of total billed charges,78% of Billed Charges. Lesser of 100% of billed charges applies.; No services were performed during the 15 month look back period.,,78,,,,,0,percent of total billed charges,78% of Billed Charges. Lesser of 100% of billed charges applies.; No services were performed during the 15 month look back period.,,78,,,,,0,percent of total billed charges,78% of Billed Charges. Lesser of 100% of billed charges applies.; No services were performed during the 15 month look back period.,,78,,,,,0,percent of total billed charges,78% of Billed Charges. Lesser of 100% of billed charges applies.; No services were performed during the 15 month look back period.,,78,,,,,0,percent of total billed charges,78% of Billed Charges. Lesser of 100% of billed charges applies.; No services were performed during the 15 month look back period.,,78,,,,,0,percent of total billed charges,78% of Billed Charges. Lesser of 100% of billed charges applies.; No services were performed during the 15 month look back period.,,78,,,,,0,percent of total billed charges,78% of Billed Charges. Lesser of 100% of billed charges applies.; No services were performed during the 15 month look back period.,,78,,,,,0,percent of total billed charges,78% of Billed Charges. Lesser of 100% of billed charges applies.; No services were performed during the 15 month look back period.,,78,,,,,0,percent of total billed charges,78% of Billed Charges. Lesser of 100% of billed charges applies.; No services were performed during the 15 month look back period.,,78,,,,,0,percent of total billed charges,78% of Billed Charges. Lesser of 100% of billed charges applies.; No services were performed during the 15 month look back period.,8427,,,,,,,Case Rate,". Primary procedure pays at 100%, all subsequent at 50%.",8427,,,,,,,Case Rate,". Primary procedure pays at 100%, all subsequent at 50%.",8427,,,,,,,Case Rate,". Primary procedure pays at 100%, all subsequent at 50%.",8427,,,,,,,Case Rate,". Primary procedure pays at 100%, all subsequent at 50%.",12574,,,,,,,Case Rate,". Primary procedure pays at 100%, all subsequent at 50%.",12574,,,,,,,Case Rate,". Primary procedure pays at 100%, all subsequent at 50%.",6487,,,,,,,Case Rate,". MPL 100/50/25% maxmium of 3 procedures. All add ons apply, and lesser of 100% of billed charges",20217,,,,,,,Case Rate,". MPL 100/50/25% all add ons apply, and lesser of 100% of billed charges",18160.12,,,,,,,Case Rate,". MPL 100/50/25% all add ons apply, and lesser of 100% of billed charges",20217,,,,,,,Case Rate,". MPL 100/50/25% all add ons apply, and lesser of 100% of billed charges",,78,,,,,0,percent of total billed charges,78% of Billed Charges. Lesser of 100% of billed charges applies.; No services were performed during the 15 month look back period.,12574,,,,,,,Case Rate,". Primary procedure pays at 100%, all subsequent at 50%.",20217,,,,,,,Case Rate,". MPL 100/50/25% all add ons apply, and lesser of 100% of billed charges",18160.12,,,,,,,Case Rate,". MPL 100/50/25% all add ons apply, and lesser of 100% of billed charges",6487,,,,,,,Case Rate,". MPL 100/50/25% maxmium of 3 procedures. All add ons apply, and lesser of 100% of billed charges",,,,,,,,,"NA. ",,78,,,,,0,percent of total billed charges,78% of Billed Charges. Lesser of 100% of billed charges applies.; No services were performed during the 15 month look back period.,2911.11,,,,,,,Case Rate,"100 Percent of Medicaid APG. ",8427,,,,,,,Case Rate,". Primary procedure pays at 100%, all subsequent at 50%.",2911.11,,,,,,,Case Rate,"100 Percent of Medicaid APG. Not APG payable, or payable under another fee schedule like ASP/AWP pays at 30% of charges",13419.3,,,,,,,Case Rate,"100%Medicare OPPS FS. ",13419.3,,,,,,,Case Rate,"100% Medicare OPPS FS. ",25798,,,,,,,Case Rate,". MPL 100/75/50% all add ons apply, and lesser of 100% of billed charges",13419.3,,,,,,,Case Rate,"100% Medicare OPPS FS. ",13419.3,,,,,,,Case Rate,"100% Medicare OPPS FS. ",2911.11,,,,,,,Case Rate,"100 Percent of Medicaid APG. ",13419.3,,,,,,,Case Rate,"100% Medicare OPPS FS. ",13419.3,,,,,,,Case Rate,"100% Medicare OPPS FS. ",18203,,,,,,,Case Rate,". Primary procedure pays at 100%, secondary at 50%, all subsequent at 25%.  Lesser of applies when negotiated rates exceed charges less addons.",18203,,,,,,,Case Rate,". Primary procedure pays at 100%, secondary at 50%, all subsequent at 25%.  Lesser of applies when negotiated rates exceed charges less addons.",13419.3,,,,,,,Case Rate,"100% Medicare OPPS FS. ",6487,,,,,,,Case Rate,". MPL 100/50/25% maxmium of 3 procedures. All add ons apply, and lesser of 100% of billed charges",18160.12,,,,,,,Case Rate,". MPL 100/50/25% all add ons apply, and lesser of 100% of billed charges",18160.12,,,,,,,Case Rate,". MPL 100/50/25% all add ons apply, and lesser of 100% of billed charges",13419.3,,,,,,,Case Rate,"100% Medicare OPPS FS. ",6487,,,,,,,Case Rate,". MPL 100/50/25% maxmium of 3 procedures. All add ons apply, and lesser of 100% of billed charges",18203,,,,,,,Case Rate,". Primary procedure pays at 100%, secondary at 50%, all subsequent at 25%.  Lesser of applies when negotiated rates exceed charges less addons.",18203,,,,,,,Case Rate,". Primary procedure pays at 100%, secondary at 50%, all subsequent at 25%.  Lesser of applies when negotiated rates exceed charges less addons.",18203,,,,,,,Case Rate,". Primary procedure pays at 100%, secondary at 50%, all subsequent at 25%.  Lesser of applies when negotiated rates exceed charges less addons.",,78,,,,,0,percent of total billed charges,78% of Billed Charges. Lesser of 100% of billed charges applies.; No services were performed during the 15 month look back period.,,78,,,,,0,percent of total billed charges,78% of Billed Charges. Lesser of 100% of billed charges applies.; No services were performed during the 15 month look back period.,,78,,,,,0,percent of total billed charges,78% of Billed Charges. Lesser of 100% of billed charges applies.; No services were performed during the 15 month look back period.,,78,,,,,0,percent of total billed charges,78% of Billed Charges. Lesser of 100% of billed charges applies.; No services were performed during the 15 month look back period.,,78,,,,,0,percent of total billed charges,78% of Billed Charges. Lesser of 100% of billed charges applies.; No services were performed during the 15 month look back period.,,78,,,,,0,percent of total billed charges,78% of Billed Charges. Lesser of 100% of billed charges applies.; No services were performed during the 15 month look back period.,,78,,,,,0,percent of total billed charges,78% of Billed Charges. Lesser of 100% of billed charges applies.; No services were performed during the 15 month look back period.,,78,,,,,0,percent of total billed charges,78% of Billed Charges. Lesser of 100% of billed charges applies.; No services were performed during the 15 month look back period.,,78,,,,,0,percent of total billed charges,78% of Billed Charges. Lesser of 100% of billed charges applies.; No services were performed during the 15 month look back period.,,78,,,,,0,percent of total billed charges,78% of Billed Charges. Lesser of 100% of billed charges applies.; No services were performed during the 15 month look back period.,,78,,,,,0,percent of total billed charges,78% of Billed Charges. Lesser of 100% of billed charges applies.; No services were performed during the 15 month look back period.,12574,,,,,,,Case Rate,". Primary procedure pays at 100%, all subsequent at 50%.",20217,,,,,,,Case Rate,". MPL 100/50/25% all add ons apply, and lesser of 100% of billed charges",6487,,,,,,,Case Rate,". MPL 100/50/25% maxmium of 3 procedures. All add ons apply, and lesser of 100% of billed charges",13419.3,,,,,,,Case Rate,"100% Medicare OPPS FS. ",18203,,,,,,,Case Rate,". Primary procedure pays at 100%, secondary at 50%, all subsequent at 25%.  Lesser of applies when negotiated rates exceed charges less addons.",6487,,,,,,,Case Rate,". MPL 100/50/25% maxmium of 3 procedures. All add ons apply, and lesser of 100% of billed charges",6487,,,,,,,Case Rate,". MPL 100/50/25% maxmium of 3 procedures. All add ons apply, and lesser of 100% of billed charges",,78,,,,,0,percent of total billed charges,78% of Billed Charges. Lesser of 100% of billed charges applies.; No services were performed during the 15 month look back period.,6229.77,,,,,,,Case Rate,"214 Percent of Medicaid APG. Drugs not priced under APG, billed with revenue code 636 and not priced by Medicare ASP FeeSched will be reimbursed at 20% of charges.",6487,,,,,,,Case Rate,". MPL 100/50/25% maxmium of 3 procedures. All add ons apply, and lesser of 100% of billed charges",2911.11,,,,,,,Case Rate,"100 Percent of Medicaid APG. ",13419.3,,,,,,,Case Rate,"100% Medicare OPPS FS. ",13419.3,,,,,,,Case Rate,"100% Medicare OPPS FS. ",13419.3,,,,,,,Case Rate,"100% Medicare OPPS FS. ",13419.3,,,,,,,Case Rate,"100% Medicare OPPS FS. ",13419.3,,,,,,,Case Rate,"100% Medicare OPPS FS. ",13419.3,,,,,,,Case Rate,"100% Medicare OPPS FS. ",6487,,,,,,,Case Rate,". MPL 100/50/25% maxmium of 3 procedures. All add ons apply, and lesser of 100% of billed charges",25798,,,,,,,Case Rate,". MPL 100/75/50% all add ons apply, and lesser of 100% of billed charges",5239.99,,,,,,,Fee Schedule,"180 Percent of Medicaid APG. ",5239.99,,,,,,,Fee Schedule,"180 Percent of Medicaid APG. ",5239.99,,,,,,,Fee Schedule,"180 Percent of Medicaid APG. ",5239.99,,,,,,,Fee Schedule,"180 Percent of Medicaid APG. ",5239.99,,,,,,,Fee Schedule,"180 Percent of Medicaid APG. ",,,,,,,,,"NA. ",25798,,,,,,,Case Rate,". MPL 100/75/50% all add ons apply, and lesser of 100% of billed charges",26570.21,,,,,,,Case Rate,198 Percent of Medicare OPPS. Metroplus will reimburse unlisted codes and described codes with no Medicare rate at 50 percent of charges.,26570.21,,,,,,,Case Rate,198 Percent of Medicare OPPS. Metroplus will reimburse unlisted codes and described codes with no Medicare rate at 50 percent of charges.,26570.21,,,,,,,Case Rate,198 Percent of Medicare OPPS. Metroplus will reimburse unlisted codes and described codes with no Medicare rate at 50 percent of charges.,26570.21,,,,,,,Case Rate,198 Percent of Medicare OPPS. Metroplus will reimburse unlisted codes and described codes with no Medicare rate at 50 percent of charges.,26570.21,,,,,,,Case Rate,198 Percent of Medicare OPPS. Metroplus will reimburse unlisted codes and described codes with no Medicare rate at 50 percent of charges.,13419.3,,,,,,,Case Rate,"100% Medicare OPPS FS. ",12574,,,,,,,Case Rate,". Primary procedure pays at 100%, all subsequent at 50%.",12574,,,,,,,Case Rate,". Primary procedure pays at 100%, all subsequent at 50%.",12574,,,,,,,Case Rate,". Primary procedure pays at 100%, all subsequent at 50%.",12574,,,,,,,Case Rate,". Primary procedure pays at 100%, all subsequent at 50%.",18203,,,,,,,Case Rate,". Primary procedure pays at 100%, secondary at 50%, all subsequent at 25%.  Lesser of applies when negotiated rates exceed charges less addons.",18203,,,,,,,Case Rate,". Primary procedure pays at 100%, secondary at 50%, all subsequent at 25%.  Lesser of applies when negotiated rates exceed charges less addons.",18203,,,,,,,Case Rate,". Primary procedure pays at 100%, secondary at 50%, all subsequent at 25%.  Lesser of applies when negotiated rates exceed charges less addons.",18203,,,,,,,Case Rate,". Primary procedure pays at 100%, secondary at 50%, all subsequent at 25%.  Lesser of applies when negotiated rates exceed charges less addons.",25798,,,,,,,Case Rate,". MPL 100/75/50% all add ons apply, and lesser of 100% of billed charges",25798,,,,,,,Case Rate,". MPL 100/75/50% all add ons apply, and lesser of 100% of billed charges",13419.3,,,,,,,Case Rate,"100% Medicare OPPS FS. ",13419.3,,,,,,,Case Rate,"100% Medicare OPPS FS. ",13419.3,,,,,,,Case Rate,"100% Medicare OPPS FS. ",20217,,,,,,,Case Rate,". MPL 100/50/25% all add ons apply, and lesser of 100% of billed charges",20217,,,,,,,Case Rate,". MPL 100/50/25% all add ons apply, and lesser of 100% of billed charges",20217,,,,,,,Case Rate,". MPL 100/50/25% all add ons apply, and lesser of 100% of billed charges",25798,,,,,,,Case Rate,". MPL 100/75/50% all add ons apply, and lesser of 100% of billed charges",18203,,,,,,,Case Rate,". Primary procedure pays at 100%, secondary at 50%, all subsequent at 25%.  Lesser of applies when negotiated rates exceed charges less addons.",13419.3,,,,,,,Case Rate,"100% Medicare OPPS FS. ",20217,,,,,,,Case Rate,". MPL 100/50/25% all add ons apply, and lesser of 100% of billed charges",2911.11,,,,,,,Case Rate,"100 Percent of Medicaid APG. ",13687.68,,,,,,,Case Rate,"102% of Medicare OPPS. ",13687.68,,,,,,,Case Rate,"102% of Medicare OPPS. ",13687.68,,,,,,,Case Rate,"102% of Medicare OPPS. ",2911.11,,,,,,,Case rate,"100 Percent of Medicaid APG. ",6549.99,,,,,,,Case Rate,225% of NYS APG. Lesser of 100% of billed charges applies.,6549.99,,,,,,,Case Rate,225% of NYS APG. Lesser of 100% of billed charges applies.,6549.99,,,,,,,Case Rate,225% of NYS APG. Lesser of 100% of billed charges applies.,6549.99,,,,,,,Case Rate,225% of NYS APG. Lesser of 100% of billed charges applies.,6549.99,,,,,,,Case Rate,225% of NYS APG. Lesser of 100% of billed charges applies.,13687.68,,,,,,,Case Rate,"102% of Medicare OPPS. ",2911.11,,,,,,,Case Rate,"100 Percent of Medicaid APG. ",2255.75,,,,,,,Case Rate,100% of PAS. Lesser of 100% of billed charges applies.,6549.99,,,,,,,Case Rate,225% of NYS APG. Lesser of 100% of billed charges applies.,6549.99,,,,,,,Case Rate,225% of NYS APG. Lesser of 100% of billed charges applies.,2255.75,,,,,,,Case Rate,100% of PAS. Lesser of 100% of billed charges applies.,2255.75,,,,,,,Case Rate,100% of PAS. Lesser of 100% of billed charges applies.,5239.99,,,,,,,Fee Schedule,"180 Percent of Medicaid APG. ",13419.3,,,,,,,Case Rate,"100% Medicare OPPS FS. ",13419.3,,,,,,,Case Rate,"100% Medicare OPPS FS. ",18203,,,,,,,Case Rate,". Primary procedure pays at 100%, secondary at 50%, all subsequent at 25%.  Lesser of applies when negotiated rates exceed charges less addons.",13419.3,,,,,,,Case Rate,"100% Medicare OPPS FS. ",6549.99,,,,,,,Case Rate,"225 Percent of Medicaid APG. ",6549.99,,,,,,,Case Rate,"225 Percent of Medicaid APG. ",2911.11,,,,,,,Case rate,"100 Percent of Medicaid APG. ",2911.11,,,,,,,Case rate,"100 Percent of Medicaid APG. ",6549.99,,,,,,,Case Rate,225 Percent of Medicaid APG. Covered services not payable under Medicaid Fee Schedules default to a payment of 87.5 percent of charges.,2911.11,,,,,,,Case rate,124 Percent of Medicaid APG. Covered services not payable under Medicaid Fee Schedules default to a payment of 50 percent of charges.,6549.99,,,,,,,Case Rate,"100 Percent of Medicaid APG. ",6549.99,,,,,,,Case Rate,"100 Percent of Medicaid APG. ",6549.99,,,,,,,Case Rate,"100 Percent of Medicaid APG. ",6549.99,,,,,,,Case Rate,"100 Percent of Medicaid APG. ",13453,,,,,,,Case Rate,". MPL 100/75/50% all add ons apply, and lesser of 100% of billed charges",25798,,,,,,,Case Rate,". MPL 100/75/50% all add ons apply, and lesser of 100% of billed charges",3493.33,,,,,,,Case Rate,"120 Percent of Medicaid APG. Not APG payable, or payable under another fee schedule like ASP/AWP pays at 30% of charges",3493.33,,,,,,,Case Rate,"120 Percent of Medicaid APG. Not APG payable, or payable under another fee schedule like ASP/AWP pays at 30% of charges",2911.11,,,,,,,Case Rate,"100 Percent of Medicaid APG. Not APG payable, or payable under another fee schedule like ASP/AWP pays at 30% of charges",2911.11,,,,,,,Case Rate,"100 Percent of Medicaid APG. Not APG payable, or payable under another fee schedule like ASP/AWP pays at 30% of charges",20217,,,,,,,Case Rate,". MPL 100/50/25% all add ons apply, and lesser of 100% of billed charges",20217,,,,,,,Case Rate,". MPL 100/50/25% all add ons apply, and lesser of 100% of billed charges",13419.3,,,,,,,Case Rate,"100% Medicare OPPS FS. ",20217,,,,,,,Case Rate,". MPL 100/50/25% all add ons apply, and lesser of 100% of billed charges",20217,,,,,,,Case Rate,". MPL 100/50/25% all add ons apply, and lesser of 100% of billed charges",20217,,,,,,,Case Rate,". MPL 100/50/25% all add ons apply, and lesser of 100% of billed charges",20217,,,,,,,Case Rate,". MPL 100/50/25% all add ons apply, and lesser of 100% of billed charges",13419.3,,,,,,,Case Rate,"100% Medicare OPPS FS. ",20217,,,,,,,Case Rate,". MPL 100/50/25% all add ons apply, and lesser of 100% of billed charges",20217,,,,,,,Case Rate,". MPL 100/50/25% all add ons apply, and lesser of 100% of billed charges",18203,,,,,,,Case Rate,". Primary procedure pays at 100%, secondary at 50%, all subsequent at 25%.  Lesser of applies when negotiated rates exceed charges less addons.",2911.11,,,,,,,Fee Schedule,100% APG. Lesser of 100% of billed charges applies.,2911.11,,,,,,,Case rate,124 Percent of Medicaid APG. Covered services not payable under Medicaid Fee Schedules default to a payment of 50 percent of charges.,6549.99,,,,,,,Case Rate,225% of NYS APG. Lesser of 100% of billed charges applies.,6549.99,,,,,,,Case Rate,225 Percent of Medicaid APG. Covered services not payable under Medicaid Fee Schedules default to a payment of 87.5 percent of charges.,2911.11,,,,,,,Case rate,124 Percent of Medicaid APG. Covered services not payable under Medicaid Fee Schedules default to a payment of 50 percent of charges.,6549.99,,,,,,,Case Rate,225% of NYS APG. Lesser of 100% of billed charges applies.,6549.99,,,,,,,Case Rate,225% of NYS APG. Lesser of 100% of billed charges applies.,6549.99,,,,,,,Case Rate,225% of NYS APG. Lesser of 100% of billed charges applies.,6549.99,,,,,,,Case Rate,225% of NYS APG. Lesser of 100% of billed charges applies.,6549.99,,,,,,,Case Rate,225% of NYS APG. Lesser of 100% of billed charges applies.,6549.99,,,,,,,Case Rate,225% of NYS APG. Lesser of 100% of billed charges applies.,,,,,,,,,"NA. ",,,,,,,,,"NA. ",,,,,,,,,"NA. ",6487,,,,,,,Case Rate,". MPL 100/50/25% maxmium of 3 procedures. All add ons apply, and lesser of 100% of billed charges",,,,,,,,,"NA. ",13419.3,,,,,,,Case Rate,"100% Medicare OPPS FS. ",13188,,,,,,,Case Rate,". MPL 1st 100% of Payment Rate 50% of all others, all add ons apply, and lesser of 100% of billed charges.",13419.3,,,,,,,Case Rate,"100% Medicare OPPS FS. ",13419.3,,,,,,,Case Rate,"100% Medicare OPPS FS. ",3493.33,,,,,,,Case Rate,"120 Percent of Medicaid APG. Not APG payable, or payable under another fee schedule like ASP/AWP pays at 30% of charges",3493.33,,,,,,,Case Rate,"120 Percent of Medicaid APG. Not APG payable, or payable under another fee schedule like ASP/AWP pays at 30% of charges",2911.11,,,,,,,Case Rate,"100 Percent of Medicaid APG. Not APG payable, or payable under another fee schedule like ASP/AWP pays at 30% of charges",2911.11,,,,,,,Case Rate,"100 Percent of Medicaid APG. Not APG payable, or payable under another fee schedule like ASP/AWP pays at 30% of charges",2911.11,,,,,,,Case Rate,"100 Percent of Medicaid APG. ",7163,,,,,,,Case Rate,". ",18203,,,,,,,Case Rate,". Primary procedure pays at 100%, secondary at 50%, all subsequent at 25%.  Lesser of applies when negotiated rates exceed charges less addons.",8427,,,,,,,Case Rate,". Primary procedure pays at 100%, all subsequent at 50%.",6487,,,,,,,Case Rate,". MPL 100/50/25% maxmium of 3 procedures. All add ons apply, and lesser of 100% of billed charges",13419.3,,,,,,,Case Rate,"100%Medicare OPPS FS. ",13419.3,,,,,,,Case Rate,"100% Medicare OPPS FS. ",13419.3,,,,,,,Case Rate,"100% Medicare OPPS FS. ",13419.3,,,,,,,Case Rate,"100% Medicare OPPS FS. ",13419.3,,,,,,,Case Rate,"100%Medicare OPPS FS. ",13419.3,,,,,,,Case Rate,"100% Medicare OPPS FS. ",,,,,,,,,"NA. ",6549.99,,,,,,,Case Rate,225% of NYS APG. Lesser of 100% of billed charges applies.,2255.75,,,,,,,Case Rate,100% of PAS. Lesser of 100% of billed charges applies.,20217,,,,,,,Case Rate,". MPL 100/50/25% all add ons apply, and lesser of 100% of billed charges",7163,,,,,,,Case Rate,". ",7163,,,,,,,Case Rate,". ",7163,,,,,,,Case Rate,". ",7163,,,,,,,Case Rate,". ",13419.3,,,,,,,Case Rate,"100% Medicare OPPS FS. ",2911.11,,,,,,,Case Rate,"100 Percent of Medicaid APG. ",20217,,,,,,,Case Rate,". MPL 100/50/25% all add ons apply, and lesser of 100% of billed charges",2911.11,,,,,,,Case Rate,"100 Percent of Medicaid APG. ",13419.3,,,,,,,Case Rate,"100% Medicare OPPS FS. ",2911.11,,,,,,,Case Rate,"100 Percent of Medicaid APG. ",13419.3,,,,,,,Case Rate,"100% Medicare OPPS FS. ",13419.3,,,,,,,Case Rate,"100% Medicare OPPS FS. ",2911.11,,,,,,,Case Rate,"100 Percent of Medicaid APG. ",2911.11,,,,,,,Case Rate,"100 Percent of Medicaid APG. ",7163,,,,,,,Case Rate,". ",6487,,,,,,,Case Rate,". MPL 100/50/25% maxmium of 3 procedures. All add ons apply, and lesser of 100% of billed charges",,78,,,,,0,percent of total billed charges,78% of Billed Charges. Lesser of 100% of billed charges applies.; No services were performed during the 15 month look back period.,18160.12,,,,,,,Case Rate,". MPL 100/50/25% all add ons apply, and lesser of 100% of billed charges",18160.12,,,,,,,Case Rate,". MPL 100/50/25% all add ons apply, and lesser of 100% of billed charges",18203,,,,,,,Case Rate,". Primary procedure pays at 100%, secondary at 50%, all subsequent at 25%.  Lesser of applies when negotiated rates exceed charges less addons.",7490.13,,,,,,,Case Rate,"83% HF Fee schedule. ",12574,,,,,,,Case Rate,". Primary procedure pays at 100%, all subsequent at 50%.",12574,,,,,,,Case Rate,". Primary procedure pays at 100%, all subsequent at 50%.",16174,,,,,,,Case Rate,". MPL 100/50/25% all add ons apply, and lesser of 100% of billed charges",16174,,,,,,,Case Rate,". MPL 100/50/25% all add ons apply, and lesser of 100% of billed charges",13419.3,,,,,,,Case Rate,"100% Medicare OPPS FS. ",13419.3,,,,,,,Case Rate,"100% Medicare OPPS FS. ",13419.3,,,,,,,Case Rate,"100% Medicare OPPS FS. ",13419.3,,,,,,,Case Rate,"100% Medicare OPPS FS. ",18160.12,,,,,,,Case Rate,". MPL 100/50/25% all add ons apply, and lesser of 100% of billed charges",20217,,,,,,,Case Rate,". MPL 100/50/25% all add ons apply, and lesser of 100% of billed charges",20217,,,,,,,Case Rate,". MPL 100/50/25% all add ons apply, and lesser of 100% of billed charges",13419.3,,,,,,,Case Rate,"100% Medicare OPPS FS. ",16174,,,,,,,Case Rate,". MPL 100/50/25% all add ons apply, and lesser of 100% of billed charges",8427,,,,,,,Case Rate,". Primary procedure pays at 100%, all subsequent at 50%.",3493.33,,,,,,,Fee Schedule,"120 Percent of Medicaid APG. ",2911.11,,,,,,,Case Rate,"100 Percent of Medicaid APG. ",7163,,,,,,,Case Rate,". ",18195,,,,,,,Case Rate,". MPL 100/50/25% all add ons apply, and lesser of 100% of billed charges",18195,,,,,,,Case Rate,". MPL 100/50/25% all add ons apply, and lesser of 100% of billed charges",20217,,,,,,,Case Rate,". MPL 100/50/25% all add ons apply, and lesser of 100% of billed charges",14948,,,,,,,Case Rate,". MPL 100/75/50% all add ons apply, and lesser of 100% of billed charges",13419.3,,,,,,,Case Rate,"100%Medicare OPPS FS. ",3056.66,,,,,,,Fee Schedule,105 percent of Medicaid APG. otherwise 105% of Ordered NYS MCD FS or 105% of ASP+6%,3056.66,,,,,,,Fee Schedule,105 percent of Medicaid APG. otherwise 105% of Ordered NYS MCD FS or 105% of ASP+6%,3056.66,,,,,,,Fee Schedule,105 percent of Medicaid APG. otherwise 105% of Ordered NYS MCD FS or 105% of ASP+6%,3930,,,,,,,Fee Schedule,135 percent of Medicaid APG. otherwise 135% of Ordered NYS MCD FS or 135% of ASP+6%,18160.12,,,,,,,Case Rate,". MPL 100/50/25% all add ons apply, and lesser of 100% of billed charges",3056.66,,,,,,,Fee Schedule,105 percent of Medicaid APG. otherwise 105% of Ordered NYS MCD FS or 105% of ASP+6%,3056.66,,,,,,,Fee Schedule,105 percent of Medicaid APG. otherwise 105% of Ordered NYS MCD FS or 105% of ASP+6%,3056.66,,,,,,,Fee Schedule,105 percent of Medicaid APG. otherwise 105% of Ordered NYS MCD FS or 105% of ASP+6%,3056.66,,,,,,,Fee Schedule,105 percent of Medicaid APG. otherwise 105% of Ordered NYS MCD FS or 105% of ASP+6%,3056.66,,,,,,,Fee Schedule,105 percent of Medicaid APG. otherwise 105% of Ordered NYS MCD FS or 105% of ASP+6%,3930,,,,,,,Fee Schedule,135 percent of Medicaid APG. otherwise 135% of Ordered NYS MCD FS or 135% of ASP+6%,3930,,,,,,,Fee Schedule,135 percent of Medicaid APG. otherwise 135% of Ordered NYS MCD FS or 135% of ASP+6%,13419.3,,,,,,,Case Rate,"100% Medicare OPPS FS. ",18160.12,,,,,,,Case Rate,". MPL 100/50/25% all add ons apply, and lesser of 100% of billed charges",13419.3,,,,,,,Case Rate,"100% Medicare OPPS FS. ",3056.66,,,,,,,Fee Schedule,105 percent of Medicaid APG. otherwise 105% of Ordered NYS MCD FS or 105% of ASP+6%,20217,,,,,,,Case Rate,". MPL 100/50/25% all add ons apply, and lesser of 100% of billed charges",13419.3,,,,,,,Case Rate,"100% Medicare OPPS FS. ",20217,,,,,,,Case Rate,". MPL 100/50/25% all add ons apply, and lesser of 100% of billed charges",20217,,,,,,,Case Rate,". MPL 100/50/25% all add ons apply, and lesser of 100% of billed charges",20217,,,,,,,Case Rate,". MPL 100/50/25% all add ons apply, and lesser of 100% of billed charges",3056.66,,,,,,,Fee Schedule,105 percent of Medicaid APG. otherwise 105% of Ordered NYS MCD FS or 105% of ASP+6%,13419.3,,,,,,,Case Rate,"100% Medicare OPPS FS. ",20217,,,,,,,Case Rate,". MPL 100/50/25% all add ons apply, and lesser of 100% of billed charges",3930,,,,,,,Fee Schedule,135 percent of Medicaid APG. otherwise 135% of Ordered NYS MCD FS or 135% of ASP+6%,20217,,,,,,,Case Rate,". MPL 100/50/25% all add ons apply, and lesser of 100% of billed charges",,200,,,,,0,Case Rate,200% of Medicare OPPS. ; No services were performed during the 15 month look back period.,13419.3,,,,,,,Case Rate,"100%Medicare OPPS FS. ",7163,,,,,,,Case Rate,". ",7163,,,,,,,Case Rate,". ",7163,,,,,,,Case Rate,". ",7163,,,,,,,Case Rate,". ",7163,,,,,,,Case Rate,". ",8427,,,,,,,Case Rate,". Primary procedure pays at 100%, all subsequent at 50%.",8427,,,,,,,Case Rate,". Primary procedure pays at 100%, all subsequent at 50%.",7163,,,,,,,Case Rate,". ",7163,,,,,,,Case Rate,". ",7163,,,,,,,Case Rate,". ",7163,,,,,,,Case Rate,". ",7163,,,,,,,Case Rate,". ",13419.3,,,,,,,Case Rate,"100% Medicare OPPS FS. ",8427,,,,,,,Case Rate,". Primary procedure pays at 100%, all subsequent at 50%.",13419.3,,,,,,,Case Rate,"100% Medicare OPPS FS. ",6549.99,,,,,,,Case Rate,"225 Percent of Medicaid APG. If not included in Medicaid APG, then 100 Percent of Manhattan Medicare",2911.11,,,,,,,Case Rate,"100 Percent of Medicaid APG. ",18160.12,,,,,,,Case Rate,". MPL 100/50/25% all add ons apply, and lesser of 100% of billed charges",18160.12,,,,,,,Case Rate,". MPL 100/50/25% all add ons apply, and lesser of 100% of billed charges",13419.3,,,,,,,Case Rate,"100% Medicare OPPS FS. ",12574,,,,,,,Case Rate,". Primary procedure pays at 100%, all subsequent at 50%.",13419.3,,,,,,,Case Rate,"100% Medicare OPPS FS. ",13419.3,,,,,,,Case Rate,"100% Medicare OPPS FS. ",18203,,,,,,,Case Rate,". Primary procedure pays at 100%, secondary at 50%, all subsequent at 25%.  Lesser of applies when negotiated rates exceed charges less addons.",13419.3,,,,,,,Case Rate,"100% Medicare OPPS FS. ",6487,,,,,,,Case Rate,". MPL 100/50/25% maxmium of 3 procedures. All add ons apply, and lesser of 100% of billed charges",13419.3,,,,,,,Case Rate,"100% Medicare OPPS FS. ",6487,,,,,,,Case Rate,". MPL 100/50/25% maxmium of 3 procedures. All add ons apply, and lesser of 100% of billed charges",18203,,,,,,,Case Rate,". Primary procedure pays at 100%, secondary at 50%, all subsequent at 25%.  Lesser of applies when negotiated rates exceed charges less addons.",6487,,,,,,,Case Rate,". MPL 100/50/25% maxmium of 3 procedures. All add ons apply, and lesser of 100% of billed charges",13419.3,,,,,,,Case Rate,"100% Medicare OPPS FS. ",2911.11,,,,,,,Case Rate,"100 Percent of Medicaid APG. ",13419.3,,,,,,,Case Rate,"100% Medicare OPPS FS. ",6487,,,,,,,Case Rate,". MPL 100/50/25% maxmium of 3 procedures. All add ons apply, and lesser of 100% of billed charges",18160.12,,,,,,,Case Rate,". MPL 100/50/25% all add ons apply, and lesser of 100% of billed charges",2911.11,,,,,,,Case Rate,"100 Percent of Medicaid APG. ",20217,,,,,,,Case Rate,". MPL 100/50/25% all add ons apply, and lesser of 100% of billed charges",3493.33,,,,,,,Fee Schedule,"120 Percent of Medicaid APG. ",3493.33,,,,,,,Fee Schedule,"120 Percent of Medicaid APG. ",20217,,,,,,,Case Rate,". MPL 100/50/25% all add ons apply, and lesser of 100% of billed charges",20217,,,,,,,Case Rate,". MPL 100/50/25% all add ons apply, and lesser of 100% of billed charges",20217,,,,,,,Case Rate,". MPL 100/50/25% all add ons apply, and lesser of 100% of billed charges",18160.12,,,,,,,Case Rate,". MPL 100/50/25% all add ons apply, and lesser of 100% of billed charges",20217,,,,,,,Case Rate,". MPL 100/50/25% all add ons apply, and lesser of 100% of billed charges",20217,,,,,,,Case Rate,". MPL 100/50/25% all add ons apply, and lesser of 100% of billed charges",20217,,,,,,,Case Rate,". MPL 100/50/25% all add ons apply, and lesser of 100% of billed charges",7163,,,,,,,Case Rate,". ",7163,,,,,,,Case Rate,". ",26570.21,,,,,,,Case Rate,198 Percent of Medicare OPPS. Metroplus will reimburse unlisted codes and described codes with no Medicare rate at 50 percent of charges.,2911.11,,,,,,,Case Rate,"100 Percent of Medicaid APG. ",18160.12,,,,,,,Case Rate,". MPL 100/50/25% all add ons apply, and lesser of 100% of billed charges",6487,,,,,,,Case Rate,". MPL 100/50/25% maxmium of 3 procedures. All add ons apply, and lesser of 100% of billed charges",18203,,,,,,,Case Rate,". Primary procedure pays at 100%, secondary at 50%, all subsequent at 25%.  Lesser of applies when negotiated rates exceed charges less addons.",18160.12,,,,,,,Case Rate,". MPL 100/50/25% all add ons apply, and lesser of 100% of billed charges",18203,,,,,,,Case Rate,". Primary procedure pays at 100%, secondary at 50%, all subsequent at 25%.  Lesser of applies when negotiated rates exceed charges less addons.",18160.12,,,,,,,Case Rate,". MPL 100/50/25% all add ons apply, and lesser of 100% of billed charges",20217,,,,,,,Case Rate,". MPL 100/50/25% all add ons apply, and lesser of 100% of billed charges",20217,,,,,,,Case Rate,". MPL 100/50/25% all add ons apply, and lesser of 100% of billed charges",20217,,,,,,,Case Rate,". MPL 100/50/25% all add ons apply, and lesser of 100% of billed charges",20217,,,,,,,Case Rate,". MPL 100/50/25% all add ons apply, and lesser of 100% of billed charges",13419.3,,,,,,,Case Rate,"100% Medicare OPPS FS. ",2255.75,26838.59,
37191,CPT,2023100,LOCAL,361,RC,HC INS ENDOVAS VENA CAVA FILTR,31289.88,5945.0772,both,,,,9740,,,,,,,Case Rate,". MPL 1st 100% of Payment Rate 50% of all others, all add ons apply, and lesser of 100% of billed charges.",9740,,,,,,,Case Rate,". MPL 1st 100% of Payment Rate 50% of all others, all add ons apply, and lesser of 100% of billed charges.",10024,,,,,,,Case Rate,". Primary procedure pays at 100%, secondary at 50%, all subsequent at 25%.  Lesser of applies when negotiated rates exceed charges less addons.",31289.88,100,,,,,0,percent of total billed charges,100 percent of billed charges. ; No services were performed during the 15 month look back period.,6396.56,,,,,,,Case Rate,"100% Medicare OPPS FS. ",10024,,,,,,,Case Rate,". Primary procedure pays at 100%, secondary at 50%, all subsequent at 25%.  Lesser of applies when negotiated rates exceed charges less addons.",10024,,,,,,,Case Rate,". Primary procedure pays at 100%, secondary at 50%, all subsequent at 25%.  Lesser of applies when negotiated rates exceed charges less addons.",10024,,,,,,,Case Rate,". Primary procedure pays at 100%, secondary at 50%, all subsequent at 25%.  Lesser of applies when negotiated rates exceed charges less addons.",3493.33,,,,,,,Case Rate,"100 Percent of Medicaid APG. ",2911.11,,,,,,,Case Rate,"100 Percent of Medicaid APG. ",24406.1064,78,,,,,0,percent of total billed charges,78% of Billed Charges. Lesser of 100% of billed charges applies.; No services were performed during the 15 month look back period.,18160.12,,,,,,,Case Rate,". MPL 100/50/25% all add ons apply, and lesser of 100% of billed charges",2911.11,,,,,,,Case Rate,"100 Percent of Medicaid APG. ",6396.56,,,,,,,Case Rate,"100% Medicare OPPS FS. ",6487,,,,,,,Case Rate,". MPL 100/50/25% maxmium of 3 procedures. All add ons apply, and lesser of 100% of billed charges",6487,,,,,,,Case Rate,". MPL 100/50/25% maxmium of 3 procedures. All add ons apply, and lesser of 100% of billed charges",6487,,,,,,,Case Rate,". MPL 100/50/25% maxmium of 3 procedures. All add ons apply, and lesser of 100% of billed charges",6487,,,,,,,Case Rate,". MPL 100/50/25% maxmium of 3 procedures. All add ons apply, and lesser of 100% of billed charges",2911.11,,,,,,,Case rate,124 Percent of Medicaid APG. Covered services not payable under Medicaid Fee Schedules default to a payment of 50 percent of charges.,6396.56,,,,,,,Case Rate,"100% Medicare OPPS FS. ",2911.11,,,,,,,Case rate,124 Percent of Medicaid APG. Covered services not payable under Medicaid Fee Schedules default to a payment of 50 percent of charges.,24406.1064,78,,,,,0,percent of total billed charges,78% of Billed Charges. Lesser of 100% of billed charges applies.; No services were performed during the 15 month look back period.,10024,,,,,,,Case Rate,". Primary procedure pays at 100%, secondary at 50%, all subsequent at 25%.  Lesser of applies when negotiated rates exceed charges less addons.",6396.56,,,,,,,Case Rate,"100%Medicare OPPS FS. ",8427,,,,,,,Case Rate,". Primary procedure pays at 100%, all subsequent at 50%.",6396.56,,,,,,,Case Rate,"100%Medicare OPPS FS. ",6396.56,,,,,,,Case Rate,"100%Medicare OPPS FS. ",24406.1064,78,,,,,0,percent of total billed charges,78% of Billed Charges. Lesser of 100% of billed charges applies.; No services were performed during the 15 month look back period.,221.18,,,,,,,Fee Schedule,90 Percent of Medicare RBRVS. Lesser of 100% of billed charges applies.,221.18,,,,,,,Fee Schedule,90 Percent of Medicare RBRVS. Lesser of 100% of billed charges applies.,2911.11,,,,,,,Case rate,"100 Percent of Medicaid APG. ",2911.11,,,,,,,Case rate,"100 Percent of Medicaid APG. ",8427,,,,,,,Case Rate,". Primary procedure pays at 100%, all subsequent at 50%.",8427,,,,,,,Case Rate,". Primary procedure pays at 100%, all subsequent at 50%.",2911.11,,,,,,,Case Rate,"100 Percent of Medicaid APG. Not APG payable, or payable under another fee schedule like ASP/AWP pays at 30% of charges",8427,,,,,,,Case Rate,". Primary procedure pays at 100%, all subsequent at 50%.",2911.11,,,,,,,Case Rate,"100 Percent of Medicaid APG. Not APG payable, or payable under another fee schedule like ASP/AWP pays at 30% of charges",6396.56,,,,,,,Case Rate,"100%Medicare OPPS FS. ",8427,,,,,,,Case Rate,". Primary procedure pays at 100%, all subsequent at 50%.",24406.1064,78,,,,,0,percent of total billed charges,78% of Billed Charges. Lesser of 100% of billed charges applies.; No services were performed during the 15 month look back period.,2911.11,,,,,,,Case Rate,"100 Percent of Medicaid APG. ",2911.11,,,,,,,Case Rate,"100 Percent of Medicaid APG. ",24406.1064,78,,,,,0,percent of total billed charges,78% of Billed Charges. Lesser of 100% of billed charges applies.; No services were performed during the 15 month look back period.,6487,,,,,,,Case Rate,". MPL 100/50/25% maxmium of 3 procedures. All add ons apply, and lesser of 100% of billed charges",16031,,,,,,,Case Rate,". MPL 100/50/25% all add ons apply, and lesser of 100% of billed charges",16031,,,,,,,Case Rate,". MPL 100/50/25% all add ons apply, and lesser of 100% of billed charges",24406.1064,78,,,,,0,percent of total billed charges,78% of Billed Charges. Lesser of 100% of billed charges applies.; No services were performed during the 15 month look back period.,6396.56,,,,,,,Case Rate,"100% Medicare OPPS FS. ",18160.12,,,,,,,Case Rate,". MPL 100/50/25% all add ons apply, and lesser of 100% of billed charges",18160.12,,,,,,,Case Rate,". MPL 100/50/25% all add ons apply, and lesser of 100% of billed charges",18160.12,,,,,,,Case Rate,". MPL 100/50/25% all add ons apply, and lesser of 100% of billed charges",6396.56,,,,,,,Case Rate,"100% Medicare OPPS FS. ",18160.12,,,,,,,Case Rate,". MPL 100/50/25% all add ons apply, and lesser of 100% of billed charges",18160.12,,,,,,,Case Rate,". MPL 100/50/25% all add ons apply, and lesser of 100% of billed charges",6396.56,,,,,,,Case Rate,"100% of Medicare OPPS. ",25798,,,,,,,Case Rate,". MPL 100/75/50% all add ons apply, and lesser of 100% of billed charges",14557,,,,,,,Case Rate,". MPL 100/50/25% all add ons apply, and lesser of 100% of billed charges",14557,,,,,,,Case Rate,". MPL 100/50/25% all add ons apply, and lesser of 100% of billed charges",14557,,,,,,,Case Rate,". MPL 100/50/25% all add ons apply, and lesser of 100% of billed charges",14557,,,,,,,Case Rate,". MPL 100/50/25% all add ons apply, and lesser of 100% of billed charges",14557,,,,,,,Case Rate,". MPL 100/50/25% all add ons apply, and lesser of 100% of billed charges",14557,,,,,,,Case Rate,". MPL 100/50/25% all add ons apply, and lesser of 100% of billed charges",6396.56,,,,,,,Case Rate,"100% Medicare OPPS FS. ",6396.56,,,,,,,Case Rate,"100% Medicare OPPS FS. ",14557,,,,,,,Case Rate,". MPL 100/50/25% all add ons apply, and lesser of 100% of billed charges",24406.1064,78,,,,,0,percent of total billed charges,78% of Billed Charges. Lesser of 100% of billed charges applies.; No services were performed during the 15 month look back period.,24406.1064,78,,,,,0,percent of total billed charges,78% of Billed Charges. Lesser of 100% of billed charges applies.; No services were performed during the 15 month look back period.,24406.1064,78,,,,,0,percent of total billed charges,78% of Billed Charges. Lesser of 100% of billed charges applies.; No services were performed during the 15 month look back period.,24406.1064,78,,,,,0,percent of total billed charges,78% of Billed Charges. Lesser of 100% of billed charges applies.; No services were performed during the 15 month look back period.,24406.1064,78,,,,,0,percent of total billed charges,78% of Billed Charges. Lesser of 100% of billed charges applies.; No services were performed during the 15 month look back period.,24406.1064,78,,,,,0,percent of total billed charges,78% of Billed Charges. Lesser of 100% of billed charges applies.; No services were performed during the 15 month look back period.,24406.1064,78,,,,,0,percent of total billed charges,78% of Billed Charges. Lesser of 100% of billed charges applies.; No services were performed during the 15 month look back period.,24406.1064,78,,,,,0,percent of total billed charges,78% of Billed Charges. Lesser of 100% of billed charges applies.; No services were performed during the 15 month look back period.,24406.1064,78,,,,,0,percent of total billed charges,78% of Billed Charges. Lesser of 100% of billed charges applies.; No services were performed during the 15 month look back period.,24406.1064,78,,,,,0,percent of total billed charges,78% of Billed Charges. Lesser of 100% of billed charges applies.; No services were performed during the 15 month look back period.,24406.1064,78,,,,,0,percent of total billed charges,78% of Billed Charges. Lesser of 100% of billed charges applies.; No services were performed during the 15 month look back period.,24406.1064,78,,,,,0,percent of total billed charges,78% of Billed Charges. Lesser of 100% of billed charges applies.; No services were performed during the 15 month look back period.,24406.1064,78,,,,,0,percent of total billed charges,78% of Billed Charges. Lesser of 100% of billed charges applies.; No services were performed during the 15 month look back period.,24406.1064,78,,,,,0,percent of total billed charges,78% of Billed Charges. Lesser of 100% of billed charges applies.; No services were performed during the 15 month look back period.,24406.1064,78,,,,,0,percent of total billed charges,78% of Billed Charges. Lesser of 100% of billed charges applies.; No services were performed during the 15 month look back period.,24406.1064,78,,,,,0,percent of total billed charges,78% of Billed Charges. Lesser of 100% of billed charges applies.; No services were performed during the 15 month look back period.,24406.1064,78,,,,,0,percent of total billed charges,78% of Billed Charges. Lesser of 100% of billed charges applies.; No services were performed during the 15 month look back period.,24406.1064,78,,,,,0,percent of total billed charges,78% of Billed Charges. Lesser of 100% of billed charges applies.; No services were performed during the 15 month look back period.,24406.1064,78,,,,,0,percent of total billed charges,78% of Billed Charges. Lesser of 100% of billed charges applies.; No services were performed during the 15 month look back period.,24406.1064,78,,,,,0,percent of total billed charges,78% of Billed Charges. Lesser of 100% of billed charges applies.; No services were performed during the 15 month look back period.,24406.1064,78,,,,,0,percent of total billed charges,78% of Billed Charges. Lesser of 100% of billed charges applies.; No services were performed during the 15 month look back period.,24406.1064,78,,,,,0,percent of total billed charges,78% of Billed Charges. Lesser of 100% of billed charges applies.; No services were performed during the 15 month look back period.,24406.1064,78,,,,,0,percent of total billed charges,78% of Billed Charges. Lesser of 100% of billed charges applies.; No services were performed during the 15 month look back period.,24406.1064,78,,,,,0,percent of total billed charges,78% of Billed Charges. Lesser of 100% of billed charges applies.; No services were performed during the 15 month look back period.,24406.1064,78,,,,,0,percent of total billed charges,78% of Billed Charges. Lesser of 100% of billed charges applies.; No services were performed during the 15 month look back period.,24406.1064,78,,,,,0,percent of total billed charges,78% of Billed Charges. Lesser of 100% of billed charges applies.; No services were performed during the 15 month look back period.,8427,,,,,,,Case Rate,". Primary procedure pays at 100%, all subsequent at 50%.",8427,,,,,,,Case Rate,". Primary procedure pays at 100%, all subsequent at 50%.",8427,,,,,,,Case Rate,". Primary procedure pays at 100%, all subsequent at 50%.",8427,,,,,,,Case Rate,". Primary procedure pays at 100%, all subsequent at 50%.",12574,,,,,,,Case Rate,". Primary procedure pays at 100%, all subsequent at 50%.",12574,,,,,,,Case Rate,". Primary procedure pays at 100%, all subsequent at 50%.",6487,,,,,,,Case Rate,". MPL 100/50/25% maxmium of 3 procedures. All add ons apply, and lesser of 100% of billed charges",14557,,,,,,,Case Rate,". MPL 100/50/25% all add ons apply, and lesser of 100% of billed charges",18160.12,,,,,,,Case Rate,". MPL 100/50/25% all add ons apply, and lesser of 100% of billed charges",14557,,,,,,,Case Rate,". MPL 100/50/25% all add ons apply, and lesser of 100% of billed charges",24406.1064,78,,,,,0,percent of total billed charges,78% of Billed Charges. Lesser of 100% of billed charges applies.; No services were performed during the 15 month look back period.,12574,,,,,,,Case Rate,". Primary procedure pays at 100%, all subsequent at 50%.",14557,,,,,,,Case Rate,". MPL 100/50/25% all add ons apply, and lesser of 100% of billed charges",18160.12,,,,,,,Case Rate,". MPL 100/50/25% all add ons apply, and lesser of 100% of billed charges",6487,,,,,,,Case Rate,". MPL 100/50/25% maxmium of 3 procedures. All add ons apply, and lesser of 100% of billed charges",,,,,,,,,"NA. ",24406.1064,78,,,,,0,percent of total billed charges,78% of Billed Charges. Lesser of 100% of billed charges applies.; No services were performed during the 15 month look back period.,2911.11,,,,,,,Case Rate,"100 Percent of Medicaid APG. ",8427,,,,,,,Case Rate,". Primary procedure pays at 100%, all subsequent at 50%.",2911.11,,,,,,,Case Rate,"100 Percent of Medicaid APG. Not APG payable, or payable under another fee schedule like ASP/AWP pays at 30% of charges",6396.56,,,,,,,Case Rate,"100%Medicare OPPS FS. ",6396.56,,,,,,,Case Rate,"100% Medicare OPPS FS. ",25798,,,,,,,Case Rate,". MPL 100/75/50% all add ons apply, and lesser of 100% of billed charges",6396.56,,,,,,,Case Rate,"100% Medicare OPPS FS. ",6396.56,,,,,,,Case Rate,"100% Medicare OPPS FS. ",2911.11,,,,,,,Case Rate,"100 Percent of Medicaid APG. ",6396.56,,,,,,,Case Rate,"100% Medicare OPPS FS. ",6396.56,,,,,,,Case Rate,"100% Medicare OPPS FS. ",10024,,,,,,,Case Rate,". Primary procedure pays at 100%, secondary at 50%, all subsequent at 25%.  Lesser of applies when negotiated rates exceed charges less addons.",10024,,,,,,,Case Rate,". Primary procedure pays at 100%, secondary at 50%, all subsequent at 25%.  Lesser of applies when negotiated rates exceed charges less addons.",6396.56,,,,,,,Case Rate,"100% Medicare OPPS FS. ",6487,,,,,,,Case Rate,". MPL 100/50/25% maxmium of 3 procedures. All add ons apply, and lesser of 100% of billed charges",18160.12,,,,,,,Case Rate,". MPL 100/50/25% all add ons apply, and lesser of 100% of billed charges",18160.12,,,,,,,Case Rate,". MPL 100/50/25% all add ons apply, and lesser of 100% of billed charges",6396.56,,,,,,,Case Rate,"100% Medicare OPPS FS. ",6487,,,,,,,Case Rate,". MPL 100/50/25% maxmium of 3 procedures. All add ons apply, and lesser of 100% of billed charges",10024,,,,,,,Case Rate,". Primary procedure pays at 100%, secondary at 50%, all subsequent at 25%.  Lesser of applies when negotiated rates exceed charges less addons.",10024,,,,,,,Case Rate,". Primary procedure pays at 100%, secondary at 50%, all subsequent at 25%.  Lesser of applies when negotiated rates exceed charges less addons.",10024,,,,,,,Case Rate,". Primary procedure pays at 100%, secondary at 50%, all subsequent at 25%.  Lesser of applies when negotiated rates exceed charges less addons.",24406.1064,78,,,,,0,percent of total billed charges,78% of Billed Charges. Lesser of 100% of billed charges applies.; No services were performed during the 15 month look back period.,24406.1064,78,,,,,0,percent of total billed charges,78% of Billed Charges. Lesser of 100% of billed charges applies.; No services were performed during the 15 month look back period.,24406.1064,78,,,,,0,percent of total billed charges,78% of Billed Charges. Lesser of 100% of billed charges applies.; No services were performed during the 15 month look back period.,24406.1064,78,,,,,0,percent of total billed charges,78% of Billed Charges. Lesser of 100% of billed charges applies.; No services were performed during the 15 month look back period.,24406.1064,78,,,,,0,percent of total billed charges,78% of Billed Charges. Lesser of 100% of billed charges applies.; No services were performed during the 15 month look back period.,24406.1064,78,,,,,0,percent of total billed charges,78% of Billed Charges. Lesser of 100% of billed charges applies.; No services were performed during the 15 month look back period.,24406.1064,78,,,,,0,percent of total billed charges,78% of Billed Charges. Lesser of 100% of billed charges applies.; No services were performed during the 15 month look back period.,24406.1064,78,,,,,0,percent of total billed charges,78% of Billed Charges. Lesser of 100% of billed charges applies.; No services were performed during the 15 month look back period.,24406.1064,78,,,,,0,percent of total billed charges,78% of Billed Charges. Lesser of 100% of billed charges applies.; No services were performed during the 15 month look back period.,24406.1064,78,,,,,0,percent of total billed charges,78% of Billed Charges. Lesser of 100% of billed charges applies.; No services were performed during the 15 month look back period.,24406.1064,78,,,,,0,percent of total billed charges,78% of Billed Charges. Lesser of 100% of billed charges applies.; No services were performed during the 15 month look back period.,12574,,,,,,,Case Rate,". Primary procedure pays at 100%, all subsequent at 50%.",14557,,,,,,,Case Rate,". MPL 100/50/25% all add ons apply, and lesser of 100% of billed charges",6487,,,,,,,Case Rate,". MPL 100/50/25% maxmium of 3 procedures. All add ons apply, and lesser of 100% of billed charges",6396.56,,,,,,,Case Rate,"100% Medicare OPPS FS. ",10024,,,,,,,Case Rate,". Primary procedure pays at 100%, secondary at 50%, all subsequent at 25%.  Lesser of applies when negotiated rates exceed charges less addons.",6487,,,,,,,Case Rate,". MPL 100/50/25% maxmium of 3 procedures. All add ons apply, and lesser of 100% of billed charges",6487,,,,,,,Case Rate,". MPL 100/50/25% maxmium of 3 procedures. All add ons apply, and lesser of 100% of billed charges",24406.1064,78,,,,,0,percent of total billed charges,78% of Billed Charges. Lesser of 100% of billed charges applies.; No services were performed during the 15 month look back period.,6229.77,,,,,,,Case Rate,"214 Percent of Medicaid APG. Drugs not priced under APG, billed with revenue code 636 and not priced by Medicare ASP FeeSched will be reimbursed at 20% of charges.",6487,,,,,,,Case Rate,". MPL 100/50/25% maxmium of 3 procedures. All add ons apply, and lesser of 100% of billed charges",2911.11,,,,,,,Case Rate,"100 Percent of Medicaid APG. ",6396.56,,,,,,,Case Rate,"100% Medicare OPPS FS. ",6396.56,,,,,,,Case Rate,"100% Medicare OPPS FS. ",6396.56,,,,,,,Case Rate,"100% Medicare OPPS FS. ",6396.56,,,,,,,Case Rate,"100% Medicare OPPS FS. ",6396.56,,,,,,,Case Rate,"100% Medicare OPPS FS. ",6396.56,,,,,,,Case Rate,"100% Medicare OPPS FS. ",6487,,,,,,,Case Rate,". MPL 100/50/25% maxmium of 3 procedures. All add ons apply, and lesser of 100% of billed charges",25798,,,,,,,Case Rate,". MPL 100/75/50% all add ons apply, and lesser of 100% of billed charges",5239.99,,,,,,,Fee Schedule,"180 Percent of Medicaid APG. ",5239.99,,,,,,,Fee Schedule,"180 Percent of Medicaid APG. ",5239.99,,,,,,,Fee Schedule,"180 Percent of Medicaid APG. ",5239.99,,,,,,,Fee Schedule,"180 Percent of Medicaid APG. ",5239.99,,,,,,,Fee Schedule,"180 Percent of Medicaid APG. ",,,,,,,,,"NA. ",25798,,,,,,,Case Rate,". MPL 100/75/50% all add ons apply, and lesser of 100% of billed charges",12665.2,,,,,,,Case Rate,198 Percent of Medicare OPPS. Metroplus will reimburse unlisted codes and described codes with no Medicare rate at 50 percent of charges.,12665.2,,,,,,,Case Rate,198 Percent of Medicare OPPS. Metroplus will reimburse unlisted codes and described codes with no Medicare rate at 50 percent of charges.,12665.2,,,,,,,Case Rate,198 Percent of Medicare OPPS. Metroplus will reimburse unlisted codes and described codes with no Medicare rate at 50 percent of charges.,12665.2,,,,,,,Case Rate,198 Percent of Medicare OPPS. Metroplus will reimburse unlisted codes and described codes with no Medicare rate at 50 percent of charges.,12665.2,,,,,,,Case Rate,198 Percent of Medicare OPPS. Metroplus will reimburse unlisted codes and described codes with no Medicare rate at 50 percent of charges.,6396.56,,,,,,,Case Rate,"100% Medicare OPPS FS. ",12574,,,,,,,Case Rate,". Primary procedure pays at 100%, all subsequent at 50%.",12574,,,,,,,Case Rate,". Primary procedure pays at 100%, all subsequent at 50%.",12574,,,,,,,Case Rate,". Primary procedure pays at 100%, all subsequent at 50%.",12574,,,,,,,Case Rate,". Primary procedure pays at 100%, all subsequent at 50%.",10024,,,,,,,Case Rate,". Primary procedure pays at 100%, secondary at 50%, all subsequent at 25%.  Lesser of applies when negotiated rates exceed charges less addons.",10024,,,,,,,Case Rate,". Primary procedure pays at 100%, secondary at 50%, all subsequent at 25%.  Lesser of applies when negotiated rates exceed charges less addons.",10024,,,,,,,Case Rate,". Primary procedure pays at 100%, secondary at 50%, all subsequent at 25%.  Lesser of applies when negotiated rates exceed charges less addons.",10024,,,,,,,Case Rate,". Primary procedure pays at 100%, secondary at 50%, all subsequent at 25%.  Lesser of applies when negotiated rates exceed charges less addons.",25798,,,,,,,Case Rate,". MPL 100/75/50% all add ons apply, and lesser of 100% of billed charges",25798,,,,,,,Case Rate,". MPL 100/75/50% all add ons apply, and lesser of 100% of billed charges",6396.56,,,,,,,Case Rate,"100% Medicare OPPS FS. ",6396.56,,,,,,,Case Rate,"100% Medicare OPPS FS. ",6396.56,,,,,,,Case Rate,"100% Medicare OPPS FS. ",14557,,,,,,,Case Rate,". MPL 100/50/25% all add ons apply, and lesser of 100% of billed charges",14557,,,,,,,Case Rate,". MPL 100/50/25% all add ons apply, and lesser of 100% of billed charges",14557,,,,,,,Case Rate,". MPL 100/50/25% all add ons apply, and lesser of 100% of billed charges",25798,,,,,,,Case Rate,". MPL 100/75/50% all add ons apply, and lesser of 100% of billed charges",10024,,,,,,,Case Rate,". Primary procedure pays at 100%, secondary at 50%, all subsequent at 25%.  Lesser of applies when negotiated rates exceed charges less addons.",6396.56,,,,,,,Case Rate,"100% Medicare OPPS FS. ",14557,,,,,,,Case Rate,". MPL 100/50/25% all add ons apply, and lesser of 100% of billed charges",2911.11,,,,,,,Case Rate,"100 Percent of Medicaid APG. ",6524.5,,,,,,,Case Rate,"102% of Medicare OPPS. ",6524.5,,,,,,,Case Rate,"102% of Medicare OPPS. ",6524.5,,,,,,,Case Rate,"102% of Medicare OPPS. ",2911.11,,,,,,,Case rate,"100 Percent of Medicaid APG. ",6549.99,,,,,,,Fee Schedule,225% of NYS APG. Lesser of 100% of billed charges applies.,6549.99,,,,,,,Fee Schedule,225% of NYS APG. Lesser of 100% of billed charges applies.,6549.99,,,,,,,Fee Schedule,225% of NYS APG. Lesser of 100% of billed charges applies.,6549.99,,,,,,,Fee Schedule,225% of NYS APG. Lesser of 100% of billed charges applies.,6549.99,,,,,,,Fee Schedule,225% of NYS APG. Lesser of 100% of billed charges applies.,6524.5,,,,,,,Case Rate,"102% of Medicare OPPS. ",2911.11,,,,,,,Case Rate,"100 Percent of Medicaid APG. ",221.18,,,,,,,Fee Schedule,90 Percent of Medicare RBRVS. Lesser of 100% of billed charges applies.,6549.99,,,,,,,Fee Schedule,225% of NYS APG. Lesser of 100% of billed charges applies.,6549.99,,,,,,,Fee Schedule,225% of NYS APG. Lesser of 100% of billed charges applies.,221.18,,,,,,,Fee Schedule,90 Percent of Medicare RBRVS. Lesser of 100% of billed charges applies.,221.18,,,,,,,Fee Schedule,90 Percent of Medicare RBRVS. Lesser of 100% of billed charges applies.,5239.99,,,,,,,Fee Schedule,"180 Percent of Medicaid APG. ",6396.56,,,,,,,Case Rate,"100% Medicare OPPS FS. ",6396.56,,,,,,,Case Rate,"100% Medicare OPPS FS. ",10024,,,,,,,Case Rate,". Primary procedure pays at 100%, secondary at 50%, all subsequent at 25%.  Lesser of applies when negotiated rates exceed charges less addons.",6396.56,,,,,,,Case Rate,"100% Medicare OPPS FS. ",6549.99,,,,,,,Case Rate,"225 Percent of Medicaid APG. ",6549.99,,,,,,,Case Rate,"225 Percent of Medicaid APG. ",2911.11,,,,,,,Case rate,"100 Percent of Medicaid APG. ",2911.11,,,,,,,Case rate,"100 Percent of Medicaid APG. ",6549.99,,,,,,,Case Rate,225 Percent of Medicaid APG. Covered services not payable under Medicaid Fee Schedules default to a payment of 87.5 percent of charges.,2911.11,,,,,,,Case rate,124 Percent of Medicaid APG. Covered services not payable under Medicaid Fee Schedules default to a payment of 50 percent of charges.,6549.99,,,,,,,Case Rate,"100 Percent of Medicaid APG. ",6549.99,,,,,,,Case Rate,"100 Percent of Medicaid APG. ",6549.99,,,,,,,Case Rate,"100 Percent of Medicaid APG. ",6549.99,,,,,,,Case Rate,"100 Percent of Medicaid APG. ",13453,,,,,,,Case Rate,". MPL 100/75/50% all add ons apply, and lesser of 100% of billed charges",25798,,,,,,,Case Rate,". MPL 100/75/50% all add ons apply, and lesser of 100% of billed charges",3493.33,,,,,,,Case Rate,"120 Percent of Medicaid APG. Not APG payable, or payable under another fee schedule like ASP/AWP pays at 30% of charges",3493.33,,,,,,,Case Rate,"120 Percent of Medicaid APG. Not APG payable, or payable under another fee schedule like ASP/AWP pays at 30% of charges",2911.11,,,,,,,Case Rate,"100 Percent of Medicaid APG. Not APG payable, or payable under another fee schedule like ASP/AWP pays at 30% of charges",2911.11,,,,,,,Case Rate,"100 Percent of Medicaid APG. Not APG payable, or payable under another fee schedule like ASP/AWP pays at 30% of charges",14557,,,,,,,Case Rate,". MPL 100/50/25% all add ons apply, and lesser of 100% of billed charges",14557,,,,,,,Case Rate,". MPL 100/50/25% all add ons apply, and lesser of 100% of billed charges",6396.56,,,,,,,Case Rate,"100% Medicare OPPS FS. ",14557,,,,,,,Case Rate,". MPL 100/50/25% all add ons apply, and lesser of 100% of billed charges",14557,,,,,,,Case Rate,". MPL 100/50/25% all add ons apply, and lesser of 100% of billed charges",14557,,,,,,,Case Rate,". MPL 100/50/25% all add ons apply, and lesser of 100% of billed charges",14557,,,,,,,Case Rate,". MPL 100/50/25% all add ons apply, and lesser of 100% of billed charges",6396.56,,,,,,,Case Rate,"100% Medicare OPPS FS. ",14557,,,,,,,Case Rate,". MPL 100/50/25% all add ons apply, and lesser of 100% of billed charges",14557,,,,,,,Case Rate,". MPL 100/50/25% all add ons apply, and lesser of 100% of billed charges",10024,,,,,,,Case Rate,". Primary procedure pays at 100%, secondary at 50%, all subsequent at 25%.  Lesser of applies when negotiated rates exceed charges less addons.",2911.11,,,,,,,Fee Schedule,100% APG. Lesser of 100% of billed charges applies.,2911.11,,,,,,,Case rate,124 Percent of Medicaid APG. Covered services not payable under Medicaid Fee Schedules default to a payment of 50 percent of charges.,6549.99,,,,,,,Fee Schedule,225% of NYS APG. Lesser of 100% of billed charges applies.,6549.99,,,,,,,Case Rate,225 Percent of Medicaid APG. Covered services not payable under Medicaid Fee Schedules default to a payment of 87.5 percent of charges.,2911.11,,,,,,,Case rate,124 Percent of Medicaid APG. Covered services not payable under Medicaid Fee Schedules default to a payment of 50 percent of charges.,6549.99,,,,,,,Fee Schedule,225% of NYS APG. Lesser of 100% of billed charges applies.,6549.99,,,,,,,Fee Schedule,225% of NYS APG. Lesser of 100% of billed charges applies.,6549.99,,,,,,,Fee Schedule,225% of NYS APG. Lesser of 100% of billed charges applies.,6549.99,,,,,,,Fee Schedule,225% of NYS APG. Lesser of 100% of billed charges applies.,6549.99,,,,,,,Fee Schedule,225% of NYS APG. Lesser of 100% of billed charges applies.,6549.99,,,,,,,Fee Schedule,225% of NYS APG. Lesser of 100% of billed charges applies.,,,,,,,,,"NA. ",,,,,,,,,"NA. ",,,,,,,,,"NA. ",6487,,,,,,,Case Rate,". MPL 100/50/25% maxmium of 3 procedures. All add ons apply, and lesser of 100% of billed charges",,,,,,,,,"NA. ",6396.56,,,,,,,Case Rate,"100% Medicare OPPS FS. ",9740,,,,,,,Case Rate,". MPL 1st 100% of Payment Rate 50% of all others, all add ons apply, and lesser of 100% of billed charges.",6396.56,,,,,,,Case Rate,"100% Medicare OPPS FS. ",6396.56,,,,,,,Case Rate,"100% Medicare OPPS FS. ",3493.33,,,,,,,Case Rate,"120 Percent of Medicaid APG. Not APG payable, or payable under another fee schedule like ASP/AWP pays at 30% of charges",3493.33,,,,,,,Case Rate,"120 Percent of Medicaid APG. Not APG payable, or payable under another fee schedule like ASP/AWP pays at 30% of charges",2911.11,,,,,,,Case Rate,"100 Percent of Medicaid APG. Not APG payable, or payable under another fee schedule like ASP/AWP pays at 30% of charges",2911.11,,,,,,,Case Rate,"100 Percent of Medicaid APG. Not APG payable, or payable under another fee schedule like ASP/AWP pays at 30% of charges",2911.11,,,,,,,Case Rate,"100 Percent of Medicaid APG. ",7163,,,,,,,Case Rate,". ",10024,,,,,,,Case Rate,". Primary procedure pays at 100%, secondary at 50%, all subsequent at 25%.  Lesser of applies when negotiated rates exceed charges less addons.",8427,,,,,,,Case Rate,". Primary procedure pays at 100%, all subsequent at 50%.",6487,,,,,,,Case Rate,". MPL 100/50/25% maxmium of 3 procedures. All add ons apply, and lesser of 100% of billed charges",6396.56,,,,,,,Case Rate,"100%Medicare OPPS FS. ",6396.56,,,,,,,Case Rate,"100% Medicare OPPS FS. ",6396.56,,,,,,,Case Rate,"100% Medicare OPPS FS. ",6396.56,,,,,,,Case Rate,"100% Medicare OPPS FS. ",6396.56,,,,,,,Case Rate,"100%Medicare OPPS FS. ",6396.56,,,,,,,Case Rate,"100% Medicare OPPS FS. ",,,,,,,,,"NA. ",6549.99,,,,,,,Fee Schedule,225% of NYS APG. Lesser of 100% of billed charges applies.,221.18,,,,,,,Fee Schedule,90 Percent of Medicare RBRVS. Lesser of 100% of billed charges applies.,14557,,,,,,,Case Rate,". MPL 100/50/25% all add ons apply, and lesser of 100% of billed charges",7163,,,,,,,Case Rate,". ",7163,,,,,,,Case Rate,". ",7163,,,,,,,Case Rate,". ",7163,,,,,,,Case Rate,". ",6396.56,,,,,,,Case Rate,"100% Medicare OPPS FS. ",2911.11,,,,,,,Case Rate,"100 Percent of Medicaid APG. ",14557,,,,,,,Case Rate,". MPL 100/50/25% all add ons apply, and lesser of 100% of billed charges",2911.11,,,,,,,Case Rate,"100 Percent of Medicaid APG. ",6396.56,,,,,,,Case Rate,"100% Medicare OPPS FS. ",2911.11,,,,,,,Case Rate,"100 Percent of Medicaid APG. ",6396.56,,,,,,,Case Rate,"100% Medicare OPPS FS. ",6396.56,,,,,,,Case Rate,"100% Medicare OPPS FS. ",2911.11,,,,,,,Case Rate,"100 Percent of Medicaid APG. ",2911.11,,,,,,,Case Rate,"100 Percent of Medicaid APG. ",7163,,,,,,,Case Rate,". ",6487,,,,,,,Case Rate,". MPL 100/50/25% maxmium of 3 procedures. All add ons apply, and lesser of 100% of billed charges",24406.1064,78,,,,,0,percent of total billed charges,78% of Billed Charges. Lesser of 100% of billed charges applies.; No services were performed during the 15 month look back period.,18160.12,,,,,,,Case Rate,". MPL 100/50/25% all add ons apply, and lesser of 100% of billed charges",18160.12,,,,,,,Case Rate,". MPL 100/50/25% all add ons apply, and lesser of 100% of billed charges",10024,,,,,,,Case Rate,". Primary procedure pays at 100%, secondary at 50%, all subsequent at 25%.  Lesser of applies when negotiated rates exceed charges less addons.",6268.63,,,,,,,Case Rate,"83% HF Fee schedule. ",12574,,,,,,,Case Rate,". Primary procedure pays at 100%, all subsequent at 50%.",12574,,,,,,,Case Rate,". Primary procedure pays at 100%, all subsequent at 50%.",11646,,,,,,,Case Rate,". MPL 100/50/25% all add ons apply, and lesser of 100% of billed charges",11646,,,,,,,Case Rate,". MPL 100/50/25% all add ons apply, and lesser of 100% of billed charges",6396.56,,,,,,,Case Rate,"100% Medicare OPPS FS. ",6396.56,,,,,,,Case Rate,"100% Medicare OPPS FS. ",6396.56,,,,,,,Case Rate,"100% Medicare OPPS FS. ",6396.56,,,,,,,Case Rate,"100% Medicare OPPS FS. ",18160.12,,,,,,,Case Rate,". MPL 100/50/25% all add ons apply, and lesser of 100% of billed charges",14557,,,,,,,Case Rate,". MPL 100/50/25% all add ons apply, and lesser of 100% of billed charges",14557,,,,,,,Case Rate,". MPL 100/50/25% all add ons apply, and lesser of 100% of billed charges",6396.56,,,,,,,Case Rate,"100% Medicare OPPS FS. ",11646,,,,,,,Case Rate,". MPL 100/50/25% all add ons apply, and lesser of 100% of billed charges",8427,,,,,,,Case Rate,". Primary procedure pays at 100%, all subsequent at 50%.",3493.33,,,,,,,Fee Schedule,"120 Percent of Medicaid APG. ",2911.11,,,,,,,Case Rate,"100 Percent of Medicaid APG. ",7163,,,,,,,Case Rate,". ",13101,,,,,,,Case Rate,". MPL 100/50/25% all add ons apply, and lesser of 100% of billed charges",13101,,,,,,,Case Rate,". MPL 100/50/25% all add ons apply, and lesser of 100% of billed charges",14557,,,,,,,Case Rate,". MPL 100/50/25% all add ons apply, and lesser of 100% of billed charges",14948,,,,,,,Case Rate,". MPL 100/75/50% all add ons apply, and lesser of 100% of billed charges",6396.56,,,,,,,Case Rate,"100%Medicare OPPS FS. ",3056.66,,,,,,,Fee Schedule,105 percent of Medicaid APG. otherwise 105% of Ordered NYS MCD FS or 105% of ASP+6%,3056.66,,,,,,,Fee Schedule,105 percent of Medicaid APG. otherwise 105% of Ordered NYS MCD FS or 105% of ASP+6%,3056.66,,,,,,,Fee Schedule,105 percent of Medicaid APG. otherwise 105% of Ordered NYS MCD FS or 105% of ASP+6%,3930,,,,,,,Fee Schedule,135 percent of Medicaid APG. otherwise 135% of Ordered NYS MCD FS or 135% of ASP+6%,18160.12,,,,,,,Case Rate,". MPL 100/50/25% all add ons apply, and lesser of 100% of billed charges",3056.66,,,,,,,Fee Schedule,105 percent of Medicaid APG. otherwise 105% of Ordered NYS MCD FS or 105% of ASP+6%,3056.66,,,,,,,Fee Schedule,105 percent of Medicaid APG. otherwise 105% of Ordered NYS MCD FS or 105% of ASP+6%,3056.66,,,,,,,Fee Schedule,105 percent of Medicaid APG. otherwise 105% of Ordered NYS MCD FS or 105% of ASP+6%,3056.66,,,,,,,Fee Schedule,105 percent of Medicaid APG. otherwise 105% of Ordered NYS MCD FS or 105% of ASP+6%,3056.66,,,,,,,Fee Schedule,105 percent of Medicaid APG. otherwise 105% of Ordered NYS MCD FS or 105% of ASP+6%,3930,,,,,,,Fee Schedule,135 percent of Medicaid APG. otherwise 135% of Ordered NYS MCD FS or 135% of ASP+6%,3930,,,,,,,Fee Schedule,135 percent of Medicaid APG. otherwise 135% of Ordered NYS MCD FS or 135% of ASP+6%,6396.56,,,,,,,Case Rate,"100% Medicare OPPS FS. ",18160.12,,,,,,,Case Rate,". MPL 100/50/25% all add ons apply, and lesser of 100% of billed charges",6396.56,,,,,,,Case Rate,"100% Medicare OPPS FS. ",3056.66,,,,,,,Fee Schedule,105 percent of Medicaid APG. otherwise 105% of Ordered NYS MCD FS or 105% of ASP+6%,14557,,,,,,,Case Rate,". MPL 100/50/25% all add ons apply, and lesser of 100% of billed charges",6396.56,,,,,,,Case Rate,"100% Medicare OPPS FS. ",14557,,,,,,,Case Rate,". MPL 100/50/25% all add ons apply, and lesser of 100% of billed charges",14557,,,,,,,Case Rate,". MPL 100/50/25% all add ons apply, and lesser of 100% of billed charges",14557,,,,,,,Case Rate,". MPL 100/50/25% all add ons apply, and lesser of 100% of billed charges",3056.66,,,,,,,Fee Schedule,105 percent of Medicaid APG. otherwise 105% of Ordered NYS MCD FS or 105% of ASP+6%,6396.56,,,,,,,Case Rate,"100% Medicare OPPS FS. ",14557,,,,,,,Case Rate,". MPL 100/50/25% all add ons apply, and lesser of 100% of billed charges",3930,,,,,,,Fee Schedule,135 percent of Medicaid APG. otherwise 135% of Ordered NYS MCD FS or 135% of ASP+6%,14557,,,,,,,Case Rate,". MPL 100/50/25% all add ons apply, and lesser of 100% of billed charges",62579.76,200,,,,,0,Case Rate,200% of Medicare OPPS. ; No services were performed during the 15 month look back period.,6396.56,,,,,,,Case Rate,"100%Medicare OPPS FS. ",7163,,,,,,,Case Rate,". ",7163,,,,,,,Case Rate,". ",7163,,,,,,,Case Rate,". ",7163,,,,,,,Case Rate,". ",7163,,,,,,,Case Rate,". ",8427,,,,,,,Case Rate,". Primary procedure pays at 100%, all subsequent at 50%.",8427,,,,,,,Case Rate,". Primary procedure pays at 100%, all subsequent at 50%.",7163,,,,,,,Case Rate,". ",7163,,,,,,,Case Rate,". ",7163,,,,,,,Case Rate,". ",7163,,,,,,,Case Rate,". ",7163,,,,,,,Case Rate,". ",6396.56,,,,,,,Case Rate,"100% Medicare OPPS FS. ",8427,,,,,,,Case Rate,". Primary procedure pays at 100%, all subsequent at 50%.",6396.56,,,,,,,Case Rate,"100% Medicare OPPS FS. ",6549.99,,,,,,,Case Rate,"225 Percent of Medicaid APG. If not included in Medicaid APG, then 100 Percent of Manhattan Medicare",2911.11,,,,,,,Case Rate,"100 Percent of Medicaid APG. ",18160.12,,,,,,,Case Rate,". MPL 100/50/25% all add ons apply, and lesser of 100% of billed charges",18160.12,,,,,,,Case Rate,". MPL 100/50/25% all add ons apply, and lesser of 100% of billed charges",6396.56,,,,,,,Case Rate,"100% Medicare OPPS FS. ",12574,,,,,,,Case Rate,". Primary procedure pays at 100%, all subsequent at 50%.",6396.56,,,,,,,Case Rate,"100% Medicare OPPS FS. ",6396.56,,,,,,,Case Rate,"100% Medicare OPPS FS. ",10024,,,,,,,Case Rate,". Primary procedure pays at 100%, secondary at 50%, all subsequent at 25%.  Lesser of applies when negotiated rates exceed charges less addons.",6396.56,,,,,,,Case Rate,"100% Medicare OPPS FS. ",6487,,,,,,,Case Rate,". MPL 100/50/25% maxmium of 3 procedures. All add ons apply, and lesser of 100% of billed charges",6396.56,,,,,,,Case Rate,"100% Medicare OPPS FS. ",6487,,,,,,,Case Rate,". MPL 100/50/25% maxmium of 3 procedures. All add ons apply, and lesser of 100% of billed charges",10024,,,,,,,Case Rate,". Primary procedure pays at 100%, secondary at 50%, all subsequent at 25%.  Lesser of applies when negotiated rates exceed charges less addons.",6487,,,,,,,Case Rate,". MPL 100/50/25% maxmium of 3 procedures. All add ons apply, and lesser of 100% of billed charges",6396.56,,,,,,,Case Rate,"100% Medicare OPPS FS. ",2911.11,,,,,,,Case Rate,"100 Percent of Medicaid APG. ",6396.56,,,,,,,Case Rate,"100% Medicare OPPS FS. ",6487,,,,,,,Case Rate,". MPL 100/50/25% maxmium of 3 procedures. All add ons apply, and lesser of 100% of billed charges",18160.12,,,,,,,Case Rate,". MPL 100/50/25% all add ons apply, and lesser of 100% of billed charges",2911.11,,,,,,,Case Rate,"100 Percent of Medicaid APG. ",14557,,,,,,,Case Rate,". MPL 100/50/25% all add ons apply, and lesser of 100% of billed charges",3493.33,,,,,,,Fee Schedule,"120 Percent of Medicaid APG. ",3493.33,,,,,,,Fee Schedule,"120 Percent of Medicaid APG. ",14557,,,,,,,Case Rate,". MPL 100/50/25% all add ons apply, and lesser of 100% of billed charges",14557,,,,,,,Case Rate,". MPL 100/50/25% all add ons apply, and lesser of 100% of billed charges",14557,,,,,,,Case Rate,". MPL 100/50/25% all add ons apply, and lesser of 100% of billed charges",18160.12,,,,,,,Case Rate,". MPL 100/50/25% all add ons apply, and lesser of 100% of billed charges",14557,,,,,,,Case Rate,". MPL 100/50/25% all add ons apply, and lesser of 100% of billed charges",14557,,,,,,,Case Rate,". MPL 100/50/25% all add ons apply, and lesser of 100% of billed charges",14557,,,,,,,Case Rate,". MPL 100/50/25% all add ons apply, and lesser of 100% of billed charges",7163,,,,,,,Case Rate,". ",7163,,,,,,,Case Rate,". ",12665.2,,,,,,,Case Rate,198 Percent of Medicare OPPS. Metroplus will reimburse unlisted codes and described codes with no Medicare rate at 50 percent of charges.,2911.11,,,,,,,Case Rate,"100 Percent of Medicaid APG. ",18160.12,,,,,,,Case Rate,". MPL 100/50/25% all add ons apply, and lesser of 100% of billed charges",6487,,,,,,,Case Rate,". MPL 100/50/25% maxmium of 3 procedures. All add ons apply, and lesser of 100% of billed charges",10024,,,,,,,Case Rate,". Primary procedure pays at 100%, secondary at 50%, all subsequent at 25%.  Lesser of applies when negotiated rates exceed charges less addons.",18160.12,,,,,,,Case Rate,". MPL 100/50/25% all add ons apply, and lesser of 100% of billed charges",10024,,,,,,,Case Rate,". Primary procedure pays at 100%, secondary at 50%, all subsequent at 25%.  Lesser of applies when negotiated rates exceed charges less addons.",18160.12,,,,,,,Case Rate,". MPL 100/50/25% all add ons apply, and lesser of 100% of billed charges",14557,,,,,,,Case Rate,". MPL 100/50/25% all add ons apply, and lesser of 100% of billed charges",14557,,,,,,,Case Rate,". MPL 100/50/25% all add ons apply, and lesser of 100% of billed charges",14557,,,,,,,Case Rate,". MPL 100/50/25% all add ons apply, and lesser of 100% of billed charges",14557,,,,,,,Case Rate,". MPL 100/50/25% all add ons apply, and lesser of 100% of billed charges",6396.56,,,,,,,Case Rate,"100% Medicare OPPS FS. ",221.18,62579.76,
37195,CPT,2026245,LOCAL,361,RC,HC THROMBOLYSIS CEREBRAL BY IV INFUSION,1099.1,208.829,both,,,,1352,,,,,,,Case Rate,". MPL 1st 100% of Payment Rate 50% of all others, all add ons apply, and lesser of 100% of billed charges.",1352,,,,,,,Case Rate,". MPL 1st 100% of Payment Rate 50% of all others, all add ons apply, and lesser of 100% of billed charges.",14113,,,,,,,Case Rate,". Primary procedure pays at 100%, secondary at 50%, all subsequent at 25%.  Lesser of applies when negotiated rates exceed charges less addons.",1099.1,100,,,,,0,percent of total billed charges,100 percent of billed charges. ; No services were performed during the 15 month look back period.,392.49,,,,,,,Case Rate,"100% Medicare OPPS FS. ",14113,,,,,,,Case Rate,". Primary procedure pays at 100%, secondary at 50%, all subsequent at 25%.  Lesser of applies when negotiated rates exceed charges less addons.",14113,,,,,,,Case Rate,". Primary procedure pays at 100%, secondary at 50%, all subsequent at 25%.  Lesser of applies when negotiated rates exceed charges less addons.",14113,,,,,,,Case Rate,". Primary procedure pays at 100%, secondary at 50%, all subsequent at 25%.  Lesser of applies when negotiated rates exceed charges less addons.",544.98,,,,,,,Case Rate,"100 Percent of Medicaid APG. ",454.15,,,,,,,Case Rate,"100 Percent of Medicaid APG. ",857.298,78,,,,,0,percent of total billed charges,78% of Billed Charges. Lesser of 100% of billed charges applies.; No services were performed during the 15 month look back period.,4923.38,,,,,,,Case Rate,". MPL 100/50/25% all add ons apply, and lesser of 100% of billed charges",454.15,,,,,,,Case Rate,"100 Percent of Medicaid APG. ",392.49,,,,,,,Case Rate,"100% Medicare OPPS FS. ",6487,,,,,,,Case Rate,". MPL 100/50/25% maxmium of 3 procedures. All add ons apply, and lesser of 100% of billed charges",6487,,,,,,,Case Rate,". MPL 100/50/25% maxmium of 3 procedures. All add ons apply, and lesser of 100% of billed charges",6487,,,,,,,Case Rate,". MPL 100/50/25% maxmium of 3 procedures. All add ons apply, and lesser of 100% of billed charges",6487,,,,,,,Case Rate,". MPL 100/50/25% maxmium of 3 procedures. All add ons apply, and lesser of 100% of billed charges",454.15,,,,,,,Case rate,124 Percent of Medicaid APG. Covered services not payable under Medicaid Fee Schedules default to a payment of 50 percent of charges.,392.49,,,,,,,Case Rate,"100% Medicare OPPS FS. ",454.15,,,,,,,Case rate,124 Percent of Medicaid APG. Covered services not payable under Medicaid Fee Schedules default to a payment of 50 percent of charges.,857.298,78,,,,,0,percent of total billed charges,78% of Billed Charges. Lesser of 100% of billed charges applies.; No services were performed during the 15 month look back period.,14113,,,,,,,Case Rate,". Primary procedure pays at 100%, secondary at 50%, all subsequent at 25%.  Lesser of applies when negotiated rates exceed charges less addons.",392.49,,,,,,,Case Rate,"100%Medicare OPPS FS. ",36347,,,,,,,Case Rate,". Primary procedure pays at 100%, all subsequent at 50%.",392.49,,,,,,,Case Rate,"100%Medicare OPPS FS. ",392.49,,,,,,,Case Rate,"100%Medicare OPPS FS. ",857.298,78,,,,,0,percent of total billed charges,78% of Billed Charges. Lesser of 100% of billed charges applies.; No services were performed during the 15 month look back period.,416.32,,,,,,,Fee Schedule,90 Percent of Medicare RBRVS. Lesser of 100% of billed charges applies.,416.32,,,,,,,Fee Schedule,90 Percent of Medicare RBRVS. Lesser of 100% of billed charges applies.,454.15,,,,,,,Case rate,"100 Percent of Medicaid APG. ",454.15,,,,,,,Case rate,"100 Percent of Medicaid APG. ",36347,,,,,,,Case Rate,". Primary procedure pays at 100%, all subsequent at 50%.",36347,,,,,,,Case Rate,". Primary procedure pays at 100%, all subsequent at 50%.",454.15,,,,,,,Case Rate,"100 Percent of Medicaid APG. Not APG payable, or payable under another fee schedule like ASP/AWP pays at 30% of charges",36347,,,,,,,Case Rate,". Primary procedure pays at 100%, all subsequent at 50%.",454.15,,,,,,,Case Rate,"100 Percent of Medicaid APG. Not APG payable, or payable under another fee schedule like ASP/AWP pays at 30% of charges",392.49,,,,,,,Case Rate,"100%Medicare OPPS FS. ",36347,,,,,,,Case Rate,". Primary procedure pays at 100%, all subsequent at 50%.",857.298,78,,,,,0,percent of total billed charges,78% of Billed Charges. Lesser of 100% of billed charges applies.; No services were performed during the 15 month look back period.,454.15,,,,,,,Case Rate,"100 Percent of Medicaid APG. ",454.15,,,,,,,Case Rate,"100 Percent of Medicaid APG. ",857.298,78,,,,,0,percent of total billed charges,78% of Billed Charges. Lesser of 100% of billed charges applies.; No services were performed during the 15 month look back period.,6487,,,,,,,Case Rate,". MPL 100/50/25% maxmium of 3 procedures. All add ons apply, and lesser of 100% of billed charges",4500,,,,,,,Case Rate,". MPL 100/50/25% all add ons apply, and lesser of 100% of billed charges",4500,,,,,,,Case Rate,". MPL 100/50/25% all add ons apply, and lesser of 100% of billed charges",857.298,78,,,,,0,percent of total billed charges,78% of Billed Charges. Lesser of 100% of billed charges applies.; No services were performed during the 15 month look back period.,392.49,,,,,,,Case Rate,"100% Medicare OPPS FS. ",4923.38,,,,,,,Case Rate,". MPL 100/50/25% all add ons apply, and lesser of 100% of billed charges",4923.38,,,,,,,Case Rate,". MPL 100/50/25% all add ons apply, and lesser of 100% of billed charges",4923.38,,,,,,,Case Rate,". MPL 100/50/25% all add ons apply, and lesser of 100% of billed charges",392.49,,,,,,,Case Rate,"100% Medicare OPPS FS. ",4923.38,,,,,,,Case Rate,". MPL 100/50/25% all add ons apply, and lesser of 100% of billed charges",4923.38,,,,,,,Case Rate,". MPL 100/50/25% all add ons apply, and lesser of 100% of billed charges",392.49,,,,,,,Case Rate,"100% of Medicare OPPS. ",25798,,,,,,,Case Rate,". MPL 100/75/50% all add ons apply, and lesser of 100% of billed charges",4100,,,,,,,Case Rate,". MPL 100/50/25% all add ons apply, and lesser of 100% of billed charges",4100,,,,,,,Case Rate,". MPL 100/50/25% all add ons apply, and lesser of 100% of billed charges",4100,,,,,,,Case Rate,". MPL 100/50/25% all add ons apply, and lesser of 100% of billed charges",4100,,,,,,,Case Rate,". MPL 100/50/25% all add ons apply, and lesser of 100% of billed charges",4100,,,,,,,Case Rate,". MPL 100/50/25% all add ons apply, and lesser of 100% of billed charges",4100,,,,,,,Case Rate,". MPL 100/50/25% all add ons apply, and lesser of 100% of billed charges",392.49,,,,,,,Case Rate,"100% Medicare OPPS FS. ",392.49,,,,,,,Case Rate,"100% Medicare OPPS FS. ",4100,,,,,,,Case Rate,". MPL 100/50/25% all add ons apply, and lesser of 100% of billed charges",857.298,78,,,,,0,percent of total billed charges,78% of Billed Charges. Lesser of 100% of billed charges applies.; No services were performed during the 15 month look back period.,857.298,78,,,,,0,percent of total billed charges,78% of Billed Charges. Lesser of 100% of billed charges applies.; No services were performed during the 15 month look back period.,857.298,78,,,,,0,percent of total billed charges,78% of Billed Charges. Lesser of 100% of billed charges applies.; No services were performed during the 15 month look back period.,857.298,78,,,,,0,percent of total billed charges,78% of Billed Charges. Lesser of 100% of billed charges applies.; No services were performed during the 15 month look back period.,857.298,78,,,,,0,percent of total billed charges,78% of Billed Charges. Lesser of 100% of billed charges applies.; No services were performed during the 15 month look back period.,857.298,78,,,,,0,percent of total billed charges,78% of Billed Charges. Lesser of 100% of billed charges applies.; No services were performed during the 15 month look back period.,857.298,78,,,,,0,percent of total billed charges,78% of Billed Charges. Lesser of 100% of billed charges applies.; No services were performed during the 15 month look back period.,857.298,78,,,,,0,percent of total billed charges,78% of Billed Charges. Lesser of 100% of billed charges applies.; No services were performed during the 15 month look back period.,857.298,78,,,,,0,percent of total billed charges,78% of Billed Charges. Lesser of 100% of billed charges applies.; No services were performed during the 15 month look back period.,857.298,78,,,,,0,percent of total billed charges,78% of Billed Charges. Lesser of 100% of billed charges applies.; No services were performed during the 15 month look back period.,857.298,78,,,,,0,percent of total billed charges,78% of Billed Charges. Lesser of 100% of billed charges applies.; No services were performed during the 15 month look back period.,857.298,78,,,,,0,percent of total billed charges,78% of Billed Charges. Lesser of 100% of billed charges applies.; No services were performed during the 15 month look back period.,857.298,78,,,,,0,percent of total billed charges,78% of Billed Charges. Lesser of 100% of billed charges applies.; No services were performed during the 15 month look back period.,857.298,78,,,,,0,percent of total billed charges,78% of Billed Charges. Lesser of 100% of billed charges applies.; No services were performed during the 15 month look back period.,857.298,78,,,,,0,percent of total billed charges,78% of Billed Charges. Lesser of 100% of billed charges applies.; No services were performed during the 15 month look back period.,857.298,78,,,,,0,percent of total billed charges,78% of Billed Charges. Lesser of 100% of billed charges applies.; No services were performed during the 15 month look back period.,857.298,78,,,,,0,percent of total billed charges,78% of Billed Charges. Lesser of 100% of billed charges applies.; No services were performed during the 15 month look back period.,857.298,78,,,,,0,percent of total billed charges,78% of Billed Charges. Lesser of 100% of billed charges applies.; No services were performed during the 15 month look back period.,857.298,78,,,,,0,percent of total billed charges,78% of Billed Charges. Lesser of 100% of billed charges applies.; No services were performed during the 15 month look back period.,857.298,78,,,,,0,percent of total billed charges,78% of Billed Charges. Lesser of 100% of billed charges applies.; No services were performed during the 15 month look back period.,857.298,78,,,,,0,percent of total billed charges,78% of Billed Charges. Lesser of 100% of billed charges applies.; No services were performed during the 15 month look back period.,857.298,78,,,,,0,percent of total billed charges,78% of Billed Charges. Lesser of 100% of billed charges applies.; No services were performed during the 15 month look back period.,857.298,78,,,,,0,percent of total billed charges,78% of Billed Charges. Lesser of 100% of billed charges applies.; No services were performed during the 15 month look back period.,857.298,78,,,,,0,percent of total billed charges,78% of Billed Charges. Lesser of 100% of billed charges applies.; No services were performed during the 15 month look back period.,857.298,78,,,,,0,percent of total billed charges,78% of Billed Charges. Lesser of 100% of billed charges applies.; No services were performed during the 15 month look back period.,857.298,78,,,,,0,percent of total billed charges,78% of Billed Charges. Lesser of 100% of billed charges applies.; No services were performed during the 15 month look back period.,36347,,,,,,,Case Rate,". Primary procedure pays at 100%, all subsequent at 50%.",36347,,,,,,,Case Rate,". Primary procedure pays at 100%, all subsequent at 50%.",36347,,,,,,,Case Rate,". Primary procedure pays at 100%, all subsequent at 50%.",36347,,,,,,,Case Rate,". Primary procedure pays at 100%, all subsequent at 50%.",12574,,,,,,,Case Rate,". Primary procedure pays at 100%, all subsequent at 50%.",12574,,,,,,,Case Rate,". Primary procedure pays at 100%, all subsequent at 50%.",6487,,,,,,,Case Rate,". MPL 100/50/25% maxmium of 3 procedures. All add ons apply, and lesser of 100% of billed charges",4100,,,,,,,Case Rate,". MPL 100/50/25% all add ons apply, and lesser of 100% of billed charges",4923.38,,,,,,,Case Rate,". MPL 100/50/25% all add ons apply, and lesser of 100% of billed charges",4100,,,,,,,Case Rate,". MPL 100/50/25% all add ons apply, and lesser of 100% of billed charges",857.298,78,,,,,0,percent of total billed charges,78% of Billed Charges. Lesser of 100% of billed charges applies.; No services were performed during the 15 month look back period.,12574,,,,,,,Case Rate,". Primary procedure pays at 100%, all subsequent at 50%.",4100,,,,,,,Case Rate,". MPL 100/50/25% all add ons apply, and lesser of 100% of billed charges",4923.38,,,,,,,Case Rate,". MPL 100/50/25% all add ons apply, and lesser of 100% of billed charges",6487,,,,,,,Case Rate,". MPL 100/50/25% maxmium of 3 procedures. All add ons apply, and lesser of 100% of billed charges",,,,,,,,,"NA. ",857.298,78,,,,,0,percent of total billed charges,78% of Billed Charges. Lesser of 100% of billed charges applies.; No services were performed during the 15 month look back period.,454.15,,,,,,,Case Rate,"100 Percent of Medicaid APG. ",36347,,,,,,,Case Rate,". Primary procedure pays at 100%, all subsequent at 50%.",454.15,,,,,,,Case Rate,"100 Percent of Medicaid APG. Not APG payable, or payable under another fee schedule like ASP/AWP pays at 30% of charges",392.49,,,,,,,Case Rate,"100%Medicare OPPS FS. ",392.49,,,,,,,Case Rate,"100% Medicare OPPS FS. ",25798,,,,,,,Case Rate,". MPL 100/75/50% all add ons apply, and lesser of 100% of billed charges",392.49,,,,,,,Case Rate,"100% Medicare OPPS FS. ",392.49,,,,,,,Case Rate,"100% Medicare OPPS FS. ",454.15,,,,,,,Case Rate,"100 Percent of Medicaid APG. ",392.49,,,,,,,Case Rate,"100% Medicare OPPS FS. ",392.49,,,,,,,Case Rate,"100% Medicare OPPS FS. ",14113,,,,,,,Case Rate,". Primary procedure pays at 100%, secondary at 50%, all subsequent at 25%.  Lesser of applies when negotiated rates exceed charges less addons.",14113,,,,,,,Case Rate,". Primary procedure pays at 100%, secondary at 50%, all subsequent at 25%.  Lesser of applies when negotiated rates exceed charges less addons.",392.49,,,,,,,Case Rate,"100% Medicare OPPS FS. ",6487,,,,,,,Case Rate,". MPL 100/50/25% maxmium of 3 procedures. All add ons apply, and lesser of 100% of billed charges",4923.38,,,,,,,Case Rate,". MPL 100/50/25% all add ons apply, and lesser of 100% of billed charges",4923.38,,,,,,,Case Rate,". MPL 100/50/25% all add ons apply, and lesser of 100% of billed charges",392.49,,,,,,,Case Rate,"100% Medicare OPPS FS. ",6487,,,,,,,Case Rate,". MPL 100/50/25% maxmium of 3 procedures. All add ons apply, and lesser of 100% of billed charges",14113,,,,,,,Case Rate,". Primary procedure pays at 100%, secondary at 50%, all subsequent at 25%.  Lesser of applies when negotiated rates exceed charges less addons.",14113,,,,,,,Case Rate,". Primary procedure pays at 100%, secondary at 50%, all subsequent at 25%.  Lesser of applies when negotiated rates exceed charges less addons.",14113,,,,,,,Case Rate,". Primary procedure pays at 100%, secondary at 50%, all subsequent at 25%.  Lesser of applies when negotiated rates exceed charges less addons.",857.298,78,,,,,0,percent of total billed charges,78% of Billed Charges. Lesser of 100% of billed charges applies.; No services were performed during the 15 month look back period.,857.298,78,,,,,0,percent of total billed charges,78% of Billed Charges. Lesser of 100% of billed charges applies.; No services were performed during the 15 month look back period.,857.298,78,,,,,0,percent of total billed charges,78% of Billed Charges. Lesser of 100% of billed charges applies.; No services were performed during the 15 month look back period.,857.298,78,,,,,0,percent of total billed charges,78% of Billed Charges. Lesser of 100% of billed charges applies.; No services were performed during the 15 month look back period.,857.298,78,,,,,0,percent of total billed charges,78% of Billed Charges. Lesser of 100% of billed charges applies.; No services were performed during the 15 month look back period.,857.298,78,,,,,0,percent of total billed charges,78% of Billed Charges. Lesser of 100% of billed charges applies.; No services were performed during the 15 month look back period.,857.298,78,,,,,0,percent of total billed charges,78% of Billed Charges. Lesser of 100% of billed charges applies.; No services were performed during the 15 month look back period.,857.298,78,,,,,0,percent of total billed charges,78% of Billed Charges. Lesser of 100% of billed charges applies.; No services were performed during the 15 month look back period.,857.298,78,,,,,0,percent of total billed charges,78% of Billed Charges. Lesser of 100% of billed charges applies.; No services were performed during the 15 month look back period.,857.298,78,,,,,0,percent of total billed charges,78% of Billed Charges. Lesser of 100% of billed charges applies.; No services were performed during the 15 month look back period.,857.298,78,,,,,0,percent of total billed charges,78% of Billed Charges. Lesser of 100% of billed charges applies.; No services were performed during the 15 month look back period.,12574,,,,,,,Case Rate,". Primary procedure pays at 100%, all subsequent at 50%.",4100,,,,,,,Case Rate,". MPL 100/50/25% all add ons apply, and lesser of 100% of billed charges",6487,,,,,,,Case Rate,". MPL 100/50/25% maxmium of 3 procedures. All add ons apply, and lesser of 100% of billed charges",392.49,,,,,,,Case Rate,"100% Medicare OPPS FS. ",14113,,,,,,,Case Rate,". Primary procedure pays at 100%, secondary at 50%, all subsequent at 25%.  Lesser of applies when negotiated rates exceed charges less addons.",6487,,,,,,,Case Rate,". MPL 100/50/25% maxmium of 3 procedures. All add ons apply, and lesser of 100% of billed charges",6487,,,,,,,Case Rate,". MPL 100/50/25% maxmium of 3 procedures. All add ons apply, and lesser of 100% of billed charges",857.298,78,,,,,0,percent of total billed charges,78% of Billed Charges. Lesser of 100% of billed charges applies.; No services were performed during the 15 month look back period.,971.88,,,,,,,Case Rate,"214 Percent of Medicaid APG. Drugs not priced under APG, billed with revenue code 636 and not priced by Medicare ASP FeeSched will be reimbursed at 20% of charges.",6487,,,,,,,Case Rate,". MPL 100/50/25% maxmium of 3 procedures. All add ons apply, and lesser of 100% of billed charges",454.15,,,,,,,Case Rate,"100 Percent of Medicaid APG. ",392.49,,,,,,,Case Rate,"100% Medicare OPPS FS. ",392.49,,,,,,,Case Rate,"100% Medicare OPPS FS. ",392.49,,,,,,,Case Rate,"100% Medicare OPPS FS. ",392.49,,,,,,,Case Rate,"100% Medicare OPPS FS. ",392.49,,,,,,,Case Rate,"100% Medicare OPPS FS. ",392.49,,,,,,,Case Rate,"100% Medicare OPPS FS. ",6487,,,,,,,Case Rate,". MPL 100/50/25% maxmium of 3 procedures. All add ons apply, and lesser of 100% of billed charges",25798,,,,,,,Case Rate,". MPL 100/75/50% all add ons apply, and lesser of 100% of billed charges",817.47,,,,,,,Fee Schedule,"180 Percent of Medicaid APG. ",817.47,,,,,,,Fee Schedule,"180 Percent of Medicaid APG. ",817.47,,,,,,,Fee Schedule,"180 Percent of Medicaid APG. ",817.47,,,,,,,Fee Schedule,"180 Percent of Medicaid APG. ",817.47,,,,,,,Fee Schedule,"180 Percent of Medicaid APG. ",,,,,,,,,"NA. ",25798,,,,,,,Case Rate,". MPL 100/75/50% all add ons apply, and lesser of 100% of billed charges",777.13,,,,,,,Case Rate,198 Percent of Medicare OPPS. Metroplus will reimburse unlisted codes and described codes with no Medicare rate at 50 percent of charges.,777.13,,,,,,,Case Rate,198 Percent of Medicare OPPS. Metroplus will reimburse unlisted codes and described codes with no Medicare rate at 50 percent of charges.,777.13,,,,,,,Case Rate,198 Percent of Medicare OPPS. Metroplus will reimburse unlisted codes and described codes with no Medicare rate at 50 percent of charges.,777.13,,,,,,,Case Rate,198 Percent of Medicare OPPS. Metroplus will reimburse unlisted codes and described codes with no Medicare rate at 50 percent of charges.,777.13,,,,,,,Case Rate,198 Percent of Medicare OPPS. Metroplus will reimburse unlisted codes and described codes with no Medicare rate at 50 percent of charges.,392.49,,,,,,,Case Rate,"100% Medicare OPPS FS. ",12574,,,,,,,Case Rate,". Primary procedure pays at 100%, all subsequent at 50%.",12574,,,,,,,Case Rate,". Primary procedure pays at 100%, all subsequent at 50%.",12574,,,,,,,Case Rate,". Primary procedure pays at 100%, all subsequent at 50%.",12574,,,,,,,Case Rate,". Primary procedure pays at 100%, all subsequent at 50%.",14113,,,,,,,Case Rate,". Primary procedure pays at 100%, secondary at 50%, all subsequent at 25%.  Lesser of applies when negotiated rates exceed charges less addons.",14113,,,,,,,Case Rate,". Primary procedure pays at 100%, secondary at 50%, all subsequent at 25%.  Lesser of applies when negotiated rates exceed charges less addons.",14113,,,,,,,Case Rate,". Primary procedure pays at 100%, secondary at 50%, all subsequent at 25%.  Lesser of applies when negotiated rates exceed charges less addons.",14113,,,,,,,Case Rate,". Primary procedure pays at 100%, secondary at 50%, all subsequent at 25%.  Lesser of applies when negotiated rates exceed charges less addons.",25798,,,,,,,Case Rate,". MPL 100/75/50% all add ons apply, and lesser of 100% of billed charges",25798,,,,,,,Case Rate,". MPL 100/75/50% all add ons apply, and lesser of 100% of billed charges",392.49,,,,,,,Case Rate,"100% Medicare OPPS FS. ",392.49,,,,,,,Case Rate,"100% Medicare OPPS FS. ",392.49,,,,,,,Case Rate,"100% Medicare OPPS FS. ",4100,,,,,,,Case Rate,". MPL 100/50/25% all add ons apply, and lesser of 100% of billed charges",4100,,,,,,,Case Rate,". MPL 100/50/25% all add ons apply, and lesser of 100% of billed charges",4100,,,,,,,Case Rate,". MPL 100/50/25% all add ons apply, and lesser of 100% of billed charges",25798,,,,,,,Case Rate,". MPL 100/75/50% all add ons apply, and lesser of 100% of billed charges",14113,,,,,,,Case Rate,". Primary procedure pays at 100%, secondary at 50%, all subsequent at 25%.  Lesser of applies when negotiated rates exceed charges less addons.",392.49,,,,,,,Case Rate,"100% Medicare OPPS FS. ",4100,,,,,,,Case Rate,". MPL 100/50/25% all add ons apply, and lesser of 100% of billed charges",454.15,,,,,,,Case Rate,"100 Percent of Medicaid APG. ",400.34,,,,,,,Case Rate,"102% of Medicare OPPS. ",400.34,,,,,,,Case Rate,"102% of Medicare OPPS. ",400.34,,,,,,,Case Rate,"102% of Medicare OPPS. ",454.15,,,,,,,Case rate,"100 Percent of Medicaid APG. ",1021.84,,,,,,,Fee Schedule,225% of NYS APG. Lesser of 100% of billed charges applies.,1021.84,,,,,,,Fee Schedule,225% of NYS APG. Lesser of 100% of billed charges applies.,1021.84,,,,,,,Fee Schedule,225% of NYS APG. Lesser of 100% of billed charges applies.,1021.84,,,,,,,Fee Schedule,225% of NYS APG. Lesser of 100% of billed charges applies.,1021.84,,,,,,,Fee Schedule,225% of NYS APG. Lesser of 100% of billed charges applies.,400.34,,,,,,,Case Rate,"102% of Medicare OPPS. ",454.15,,,,,,,Case Rate,"100 Percent of Medicaid APG. ",416.32,,,,,,,Fee Schedule,90 Percent of Medicare RBRVS. Lesser of 100% of billed charges applies.,1021.84,,,,,,,Fee Schedule,225% of NYS APG. Lesser of 100% of billed charges applies.,1021.84,,,,,,,Fee Schedule,225% of NYS APG. Lesser of 100% of billed charges applies.,416.32,,,,,,,Fee Schedule,90 Percent of Medicare RBRVS. Lesser of 100% of billed charges applies.,416.32,,,,,,,Fee Schedule,90 Percent of Medicare RBRVS. Lesser of 100% of billed charges applies.,817.47,,,,,,,Fee Schedule,"180 Percent of Medicaid APG. ",392.49,,,,,,,Case Rate,"100% Medicare OPPS FS. ",392.49,,,,,,,Case Rate,"100% Medicare OPPS FS. ",14113,,,,,,,Case Rate,". Primary procedure pays at 100%, secondary at 50%, all subsequent at 25%.  Lesser of applies when negotiated rates exceed charges less addons.",392.49,,,,,,,Case Rate,"100% Medicare OPPS FS. ",1021.84,,,,,,,Case Rate,"225 Percent of Medicaid APG. ",1021.84,,,,,,,Case Rate,"225 Percent of Medicaid APG. ",454.15,,,,,,,Case rate,"100 Percent of Medicaid APG. ",454.15,,,,,,,Case rate,"100 Percent of Medicaid APG. ",1021.84,,,,,,,Case Rate,225 Percent of Medicaid APG. Covered services not payable under Medicaid Fee Schedules default to a payment of 87.5 percent of charges.,454.15,,,,,,,Case rate,124 Percent of Medicaid APG. Covered services not payable under Medicaid Fee Schedules default to a payment of 50 percent of charges.,1021.84,,,,,,,Case Rate,"100 Percent of Medicaid APG. ",1021.84,,,,,,,Case Rate,"100 Percent of Medicaid APG. ",1021.84,,,,,,,Case Rate,"100 Percent of Medicaid APG. ",1021.84,,,,,,,Case Rate,"100 Percent of Medicaid APG. ",13453,,,,,,,Case Rate,". MPL 100/75/50% all add ons apply, and lesser of 100% of billed charges",25798,,,,,,,Case Rate,". MPL 100/75/50% all add ons apply, and lesser of 100% of billed charges",544.98,,,,,,,Case Rate,"120 Percent of Medicaid APG. Not APG payable, or payable under another fee schedule like ASP/AWP pays at 30% of charges",544.98,,,,,,,Case Rate,"120 Percent of Medicaid APG. Not APG payable, or payable under another fee schedule like ASP/AWP pays at 30% of charges",454.15,,,,,,,Case Rate,"100 Percent of Medicaid APG. Not APG payable, or payable under another fee schedule like ASP/AWP pays at 30% of charges",454.15,,,,,,,Case Rate,"100 Percent of Medicaid APG. Not APG payable, or payable under another fee schedule like ASP/AWP pays at 30% of charges",4100,,,,,,,Case Rate,". MPL 100/50/25% all add ons apply, and lesser of 100% of billed charges",4100,,,,,,,Case Rate,". MPL 100/50/25% all add ons apply, and lesser of 100% of billed charges",392.49,,,,,,,Case Rate,"100% Medicare OPPS FS. ",4100,,,,,,,Case Rate,". MPL 100/50/25% all add ons apply, and lesser of 100% of billed charges",4100,,,,,,,Case Rate,". MPL 100/50/25% all add ons apply, and lesser of 100% of billed charges",4100,,,,,,,Case Rate,". MPL 100/50/25% all add ons apply, and lesser of 100% of billed charges",4100,,,,,,,Case Rate,". MPL 100/50/25% all add ons apply, and lesser of 100% of billed charges",392.49,,,,,,,Case Rate,"100% Medicare OPPS FS. ",4100,,,,,,,Case Rate,". MPL 100/50/25% all add ons apply, and lesser of 100% of billed charges",4100,,,,,,,Case Rate,". MPL 100/50/25% all add ons apply, and lesser of 100% of billed charges",14113,,,,,,,Case Rate,". Primary procedure pays at 100%, secondary at 50%, all subsequent at 25%.  Lesser of applies when negotiated rates exceed charges less addons.",454.15,,,,,,,Fee Schedule,100% APG. Lesser of 100% of billed charges applies.,454.15,,,,,,,Case rate,124 Percent of Medicaid APG. Covered services not payable under Medicaid Fee Schedules default to a payment of 50 percent of charges.,1021.84,,,,,,,Fee Schedule,225% of NYS APG. Lesser of 100% of billed charges applies.,1021.84,,,,,,,Case Rate,225 Percent of Medicaid APG. Covered services not payable under Medicaid Fee Schedules default to a payment of 87.5 percent of charges.,454.15,,,,,,,Case rate,124 Percent of Medicaid APG. Covered services not payable under Medicaid Fee Schedules default to a payment of 50 percent of charges.,1021.84,,,,,,,Fee Schedule,225% of NYS APG. Lesser of 100% of billed charges applies.,1021.84,,,,,,,Fee Schedule,225% of NYS APG. Lesser of 100% of billed charges applies.,1021.84,,,,,,,Fee Schedule,225% of NYS APG. Lesser of 100% of billed charges applies.,1021.84,,,,,,,Fee Schedule,225% of NYS APG. Lesser of 100% of billed charges applies.,1021.84,,,,,,,Fee Schedule,225% of NYS APG. Lesser of 100% of billed charges applies.,1021.84,,,,,,,Fee Schedule,225% of NYS APG. Lesser of 100% of billed charges applies.,,,,,,,,,"NA. ",,,,,,,,,"NA. ",,,,,,,,,"NA. ",6487,,,,,,,Case Rate,". MPL 100/50/25% maxmium of 3 procedures. All add ons apply, and lesser of 100% of billed charges",,,,,,,,,"NA. ",392.49,,,,,,,Case Rate,"100% Medicare OPPS FS. ",1352,,,,,,,Case Rate,". MPL 1st 100% of Payment Rate 50% of all others, all add ons apply, and lesser of 100% of billed charges.",392.49,,,,,,,Case Rate,"100% Medicare OPPS FS. ",392.49,,,,,,,Case Rate,"100% Medicare OPPS FS. ",544.98,,,,,,,Case Rate,"120 Percent of Medicaid APG. Not APG payable, or payable under another fee schedule like ASP/AWP pays at 30% of charges",544.98,,,,,,,Case Rate,"120 Percent of Medicaid APG. Not APG payable, or payable under another fee schedule like ASP/AWP pays at 30% of charges",454.15,,,,,,,Case Rate,"100 Percent of Medicaid APG. Not APG payable, or payable under another fee schedule like ASP/AWP pays at 30% of charges",454.15,,,,,,,Case Rate,"100 Percent of Medicaid APG. Not APG payable, or payable under another fee schedule like ASP/AWP pays at 30% of charges",454.15,,,,,,,Case Rate,"100 Percent of Medicaid APG. ",30895,,,,,,,Case Rate,". ",14113,,,,,,,Case Rate,". Primary procedure pays at 100%, secondary at 50%, all subsequent at 25%.  Lesser of applies when negotiated rates exceed charges less addons.",36347,,,,,,,Case Rate,". Primary procedure pays at 100%, all subsequent at 50%.",6487,,,,,,,Case Rate,". MPL 100/50/25% maxmium of 3 procedures. All add ons apply, and lesser of 100% of billed charges",392.49,,,,,,,Case Rate,"100%Medicare OPPS FS. ",392.49,,,,,,,Case Rate,"100% Medicare OPPS FS. ",392.49,,,,,,,Case Rate,"100% Medicare OPPS FS. ",392.49,,,,,,,Case Rate,"100% Medicare OPPS FS. ",392.49,,,,,,,Case Rate,"100%Medicare OPPS FS. ",392.49,,,,,,,Case Rate,"100% Medicare OPPS FS. ",,,,,,,,,"NA. ",1021.84,,,,,,,Fee Schedule,225% of NYS APG. Lesser of 100% of billed charges applies.,416.32,,,,,,,Fee Schedule,90 Percent of Medicare RBRVS. Lesser of 100% of billed charges applies.,4100,,,,,,,Case Rate,". MPL 100/50/25% all add ons apply, and lesser of 100% of billed charges",30895,,,,,,,Case Rate,". ",30895,,,,,,,Case Rate,". ",30895,,,,,,,Case Rate,". ",30895,,,,,,,Case Rate,". ",392.49,,,,,,,Case Rate,"100% Medicare OPPS FS. ",454.15,,,,,,,Case Rate,"100 Percent of Medicaid APG. ",4100,,,,,,,Case Rate,". MPL 100/50/25% all add ons apply, and lesser of 100% of billed charges",454.15,,,,,,,Case Rate,"100 Percent of Medicaid APG. ",392.49,,,,,,,Case Rate,"100% Medicare OPPS FS. ",454.15,,,,,,,Case Rate,"100 Percent of Medicaid APG. ",392.49,,,,,,,Case Rate,"100% Medicare OPPS FS. ",392.49,,,,,,,Case Rate,"100% Medicare OPPS FS. ",454.15,,,,,,,Case Rate,"100 Percent of Medicaid APG. ",454.15,,,,,,,Case Rate,"100 Percent of Medicaid APG. ",30895,,,,,,,Case Rate,". ",6487,,,,,,,Case Rate,". MPL 100/50/25% maxmium of 3 procedures. All add ons apply, and lesser of 100% of billed charges",857.298,78,,,,,0,percent of total billed charges,78% of Billed Charges. Lesser of 100% of billed charges applies.; No services were performed during the 15 month look back period.,4923.38,,,,,,,Case Rate,". MPL 100/50/25% all add ons apply, and lesser of 100% of billed charges",4923.38,,,,,,,Case Rate,". MPL 100/50/25% all add ons apply, and lesser of 100% of billed charges",14113,,,,,,,Case Rate,". Primary procedure pays at 100%, secondary at 50%, all subsequent at 25%.  Lesser of applies when negotiated rates exceed charges less addons.",392.49,,,,,,,Case Rate,"83% HF Fee schedule. ",12574,,,,,,,Case Rate,". Primary procedure pays at 100%, all subsequent at 50%.",12574,,,,,,,Case Rate,". Primary procedure pays at 100%, all subsequent at 50%.",3280,,,,,,,Case Rate,". MPL 100/50/25% all add ons apply, and lesser of 100% of billed charges",3280,,,,,,,Case Rate,". MPL 100/50/25% all add ons apply, and lesser of 100% of billed charges",392.49,,,,,,,Case Rate,"100% Medicare OPPS FS. ",392.49,,,,,,,Case Rate,"100% Medicare OPPS FS. ",392.49,,,,,,,Case Rate,"100% Medicare OPPS FS. ",392.49,,,,,,,Case Rate,"100% Medicare OPPS FS. ",4923.38,,,,,,,Case Rate,". MPL 100/50/25% all add ons apply, and lesser of 100% of billed charges",4100,,,,,,,Case Rate,". MPL 100/50/25% all add ons apply, and lesser of 100% of billed charges",4100,,,,,,,Case Rate,". MPL 100/50/25% all add ons apply, and lesser of 100% of billed charges",392.49,,,,,,,Case Rate,"100% Medicare OPPS FS. ",3280,,,,,,,Case Rate,". MPL 100/50/25% all add ons apply, and lesser of 100% of billed charges",36347,,,,,,,Case Rate,". Primary procedure pays at 100%, all subsequent at 50%.",544.98,,,,,,,Fee Schedule,"120 Percent of Medicaid APG. ",454.15,,,,,,,Case Rate,"100 Percent of Medicaid APG. ",30895,,,,,,,Case Rate,". ",3690,,,,,,,Case Rate,". MPL 100/50/25% all add ons apply, and lesser of 100% of billed charges",3690,,,,,,,Case Rate,". MPL 100/50/25% all add ons apply, and lesser of 100% of billed charges",4100,,,,,,,Case Rate,". MPL 100/50/25% all add ons apply, and lesser of 100% of billed charges",14948,,,,,,,Case Rate,". MPL 100/75/50% all add ons apply, and lesser of 100% of billed charges",392.49,,,,,,,Case Rate,"100%Medicare OPPS FS. ",476.86,,,,,,,Fee Schedule,105 percent of Medicaid APG. otherwise 105% of Ordered NYS MCD FS or 105% of ASP+6%,476.86,,,,,,,Fee Schedule,105 percent of Medicaid APG. otherwise 105% of Ordered NYS MCD FS or 105% of ASP+6%,476.86,,,,,,,Fee Schedule,105 percent of Medicaid APG. otherwise 105% of Ordered NYS MCD FS or 105% of ASP+6%,613.1,,,,,,,Fee Schedule,135 percent of Medicaid APG. otherwise 135% of Ordered NYS MCD FS or 135% of ASP+6%,4923.38,,,,,,,Case Rate,". MPL 100/50/25% all add ons apply, and lesser of 100% of billed charges",476.86,,,,,,,Fee Schedule,105 percent of Medicaid APG. otherwise 105% of Ordered NYS MCD FS or 105% of ASP+6%,476.86,,,,,,,Fee Schedule,105 percent of Medicaid APG. otherwise 105% of Ordered NYS MCD FS or 105% of ASP+6%,476.86,,,,,,,Fee Schedule,105 percent of Medicaid APG. otherwise 105% of Ordered NYS MCD FS or 105% of ASP+6%,476.86,,,,,,,Fee Schedule,105 percent of Medicaid APG. otherwise 105% of Ordered NYS MCD FS or 105% of ASP+6%,476.86,,,,,,,Fee Schedule,105 percent of Medicaid APG. otherwise 105% of Ordered NYS MCD FS or 105% of ASP+6%,613.1,,,,,,,Fee Schedule,135 percent of Medicaid APG. otherwise 135% of Ordered NYS MCD FS or 135% of ASP+6%,613.1,,,,,,,Fee Schedule,135 percent of Medicaid APG. otherwise 135% of Ordered NYS MCD FS or 135% of ASP+6%,392.49,,,,,,,Case Rate,"100% Medicare OPPS FS. ",4923.38,,,,,,,Case Rate,". MPL 100/50/25% all add ons apply, and lesser of 100% of billed charges",392.49,,,,,,,Case Rate,"100% Medicare OPPS FS. ",476.86,,,,,,,Fee Schedule,105 percent of Medicaid APG. otherwise 105% of Ordered NYS MCD FS or 105% of ASP+6%,4100,,,,,,,Case Rate,". MPL 100/50/25% all add ons apply, and lesser of 100% of billed charges",392.49,,,,,,,Case Rate,"100% Medicare OPPS FS. ",4100,,,,,,,Case Rate,". MPL 100/50/25% all add ons apply, and lesser of 100% of billed charges",4100,,,,,,,Case Rate,". MPL 100/50/25% all add ons apply, and lesser of 100% of billed charges",4100,,,,,,,Case Rate,". MPL 100/50/25% all add ons apply, and lesser of 100% of billed charges",476.86,,,,,,,Fee Schedule,105 percent of Medicaid APG. otherwise 105% of Ordered NYS MCD FS or 105% of ASP+6%,392.49,,,,,,,Case Rate,"100% Medicare OPPS FS. ",4100,,,,,,,Case Rate,". MPL 100/50/25% all add ons apply, and lesser of 100% of billed charges",613.1,,,,,,,Fee Schedule,135 percent of Medicaid APG. otherwise 135% of Ordered NYS MCD FS or 135% of ASP+6%,4100,,,,,,,Case Rate,". MPL 100/50/25% all add ons apply, and lesser of 100% of billed charges",2198.2,200,,,,,0,Case Rate,200% of Medicare OPPS. ; No services were performed during the 15 month look back period.,392.49,,,,,,,Case Rate,"100%Medicare OPPS FS. ",30895,,,,,,,Case Rate,". ",30895,,,,,,,Case Rate,". ",30895,,,,,,,Case Rate,". ",30895,,,,,,,Case Rate,". ",30895,,,,,,,Case Rate,". ",36347,,,,,,,Case Rate,". Primary procedure pays at 100%, all subsequent at 50%.",36347,,,,,,,Case Rate,". Primary procedure pays at 100%, all subsequent at 50%.",30895,,,,,,,Case Rate,". ",30895,,,,,,,Case Rate,". ",30895,,,,,,,Case Rate,". ",30895,,,,,,,Case Rate,". ",30895,,,,,,,Case Rate,". ",392.49,,,,,,,Case Rate,"100% Medicare OPPS FS. ",36347,,,,,,,Case Rate,". Primary procedure pays at 100%, all subsequent at 50%.",392.49,,,,,,,Case Rate,"100% Medicare OPPS FS. ",1021.84,,,,,,,Case Rate,"225 Percent of Medicaid APG. If not included in Medicaid APG, then 100 Percent of Manhattan Medicare",454.15,,,,,,,Case Rate,"100 Percent of Medicaid APG. ",4923.38,,,,,,,Case Rate,". MPL 100/50/25% all add ons apply, and lesser of 100% of billed charges",4923.38,,,,,,,Case Rate,". MPL 100/50/25% all add ons apply, and lesser of 100% of billed charges",392.49,,,,,,,Case Rate,"100% Medicare OPPS FS. ",12574,,,,,,,Case Rate,". Primary procedure pays at 100%, all subsequent at 50%.",392.49,,,,,,,Case Rate,"100% Medicare OPPS FS. ",392.49,,,,,,,Case Rate,"100% Medicare OPPS FS. ",14113,,,,,,,Case Rate,". Primary procedure pays at 100%, secondary at 50%, all subsequent at 25%.  Lesser of applies when negotiated rates exceed charges less addons.",392.49,,,,,,,Case Rate,"100% Medicare OPPS FS. ",6487,,,,,,,Case Rate,". MPL 100/50/25% maxmium of 3 procedures. All add ons apply, and lesser of 100% of billed charges",392.49,,,,,,,Case Rate,"100% Medicare OPPS FS. ",6487,,,,,,,Case Rate,". MPL 100/50/25% maxmium of 3 procedures. All add ons apply, and lesser of 100% of billed charges",14113,,,,,,,Case Rate,". Primary procedure pays at 100%, secondary at 50%, all subsequent at 25%.  Lesser of applies when negotiated rates exceed charges less addons.",6487,,,,,,,Case Rate,". MPL 100/50/25% maxmium of 3 procedures. All add ons apply, and lesser of 100% of billed charges",392.49,,,,,,,Case Rate,"100% Medicare OPPS FS. ",454.15,,,,,,,Case Rate,"100 Percent of Medicaid APG. ",392.49,,,,,,,Case Rate,"100% Medicare OPPS FS. ",6487,,,,,,,Case Rate,". MPL 100/50/25% maxmium of 3 procedures. All add ons apply, and lesser of 100% of billed charges",4923.38,,,,,,,Case Rate,". MPL 100/50/25% all add ons apply, and lesser of 100% of billed charges",454.15,,,,,,,Case Rate,"100 Percent of Medicaid APG. ",4100,,,,,,,Case Rate,". MPL 100/50/25% all add ons apply, and lesser of 100% of billed charges",544.98,,,,,,,Fee Schedule,"120 Percent of Medicaid APG. ",544.98,,,,,,,Fee Schedule,"120 Percent of Medicaid APG. ",4100,,,,,,,Case Rate,". MPL 100/50/25% all add ons apply, and lesser of 100% of billed charges",4100,,,,,,,Case Rate,". MPL 100/50/25% all add ons apply, and lesser of 100% of billed charges",4100,,,,,,,Case Rate,". MPL 100/50/25% all add ons apply, and lesser of 100% of billed charges",4923.38,,,,,,,Case Rate,". MPL 100/50/25% all add ons apply, and lesser of 100% of billed charges",4100,,,,,,,Case Rate,". MPL 100/50/25% all add ons apply, and lesser of 100% of billed charges",4100,,,,,,,Case Rate,". MPL 100/50/25% all add ons apply, and lesser of 100% of billed charges",4100,,,,,,,Case Rate,". MPL 100/50/25% all add ons apply, and lesser of 100% of billed charges",30895,,,,,,,Case Rate,". ",30895,,,,,,,Case Rate,". ",777.13,,,,,,,Case Rate,198 Percent of Medicare OPPS. Metroplus will reimburse unlisted codes and described codes with no Medicare rate at 50 percent of charges.,454.15,,,,,,,Case Rate,"100 Percent of Medicaid APG. ",4923.38,,,,,,,Case Rate,". MPL 100/50/25% all add ons apply, and lesser of 100% of billed charges",6487,,,,,,,Case Rate,". MPL 100/50/25% maxmium of 3 procedures. All add ons apply, and lesser of 100% of billed charges",14113,,,,,,,Case Rate,". Primary procedure pays at 100%, secondary at 50%, all subsequent at 25%.  Lesser of applies when negotiated rates exceed charges less addons.",4923.38,,,,,,,Case Rate,". MPL 100/50/25% all add ons apply, and lesser of 100% of billed charges",14113,,,,,,,Case Rate,". Primary procedure pays at 100%, secondary at 50%, all subsequent at 25%.  Lesser of applies when negotiated rates exceed charges less addons.",4923.38,,,,,,,Case Rate,". MPL 100/50/25% all add ons apply, and lesser of 100% of billed charges",4100,,,,,,,Case Rate,". MPL 100/50/25% all add ons apply, and lesser of 100% of billed charges",4100,,,,,,,Case Rate,". MPL 100/50/25% all add ons apply, and lesser of 100% of billed charges",4100,,,,,,,Case Rate,". MPL 100/50/25% all add ons apply, and lesser of 100% of billed charges",4100,,,,,,,Case Rate,". MPL 100/50/25% all add ons apply, and lesser of 100% of billed charges",392.49,,,,,,,Case Rate,"100% Medicare OPPS FS. ",376,36347,
38220,CPT,,,490,RC,DX BONE MARROW ASPIRATIONS,,,both,,,,2434,,,,,,,Case Rate,". MPL 1st 100% of Payment Rate 50% of all others, all add ons apply, and lesser of 100% of billed charges.",2434,,,,,,,Case Rate,". MPL 1st 100% of Payment Rate 50% of all others, all add ons apply, and lesser of 100% of billed charges.",6593,,,,,,,Case Rate,". Primary procedure pays at 100%, secondary at 50%, all subsequent at 25%.  Lesser of applies when negotiated rates exceed charges less addons.",,100,,,,,0,percent of total billed charges,100 percent of billed charges. ; No services were performed during the 15 month look back period.,1917.23,,,,,,,Case Rate,"100% Medicare OPPS FS. ",6593,,,,,,,Case Rate,". Primary procedure pays at 100%, secondary at 50%, all subsequent at 25%.  Lesser of applies when negotiated rates exceed charges less addons.",6593,,,,,,,Case Rate,". Primary procedure pays at 100%, secondary at 50%, all subsequent at 25%.  Lesser of applies when negotiated rates exceed charges less addons.",6593,,,,,,,Case Rate,". Primary procedure pays at 100%, secondary at 50%, all subsequent at 25%.  Lesser of applies when negotiated rates exceed charges less addons.",906.33,,,,,,,Case Rate,"100 Percent of Medicaid APG. ",755.28,,,,,,,Case Rate,"100 Percent of Medicaid APG. ",,78,,,,,0,percent of total billed charges,78% of Billed Charges. Lesser of 100% of billed charges applies.; No services were performed during the 15 month look back period.,6091.36,,,,,,,Case Rate,". MPL 100/50/25% all add ons apply, and lesser of 100% of billed charges",755.28,,,,,,,Case Rate,"100 Percent of Medicaid APG. ",1917.23,,,,,,,Case Rate,"100% Medicare OPPS FS. ",6487,,,,,,,Case Rate,". MPL 100/50/25% maxmium of 3 procedures. All add ons apply, and lesser of 100% of billed charges",6487,,,,,,,Case Rate,". MPL 100/50/25% maxmium of 3 procedures. All add ons apply, and lesser of 100% of billed charges",6487,,,,,,,Case Rate,". MPL 100/50/25% maxmium of 3 procedures. All add ons apply, and lesser of 100% of billed charges",6487,,,,,,,Case Rate,". MPL 100/50/25% maxmium of 3 procedures. All add ons apply, and lesser of 100% of billed charges",755.28,,,,,,,Case rate,124 Percent of Medicaid APG. Covered services not payable under Medicaid Fee Schedules default to a payment of 50 percent of charges.,1917.23,,,,,,,Case Rate,"100% Medicare OPPS FS. ",755.28,,,,,,,Case rate,124 Percent of Medicaid APG. Covered services not payable under Medicaid Fee Schedules default to a payment of 50 percent of charges.,,78,,,,,0,percent of total billed charges,78% of Billed Charges. Lesser of 100% of billed charges applies.; No services were performed during the 15 month look back period.,6593,,,,,,,Case Rate,". Primary procedure pays at 100%, secondary at 50%, all subsequent at 25%.  Lesser of applies when negotiated rates exceed charges less addons.",1917.23,,,,,,,Case Rate,"100%Medicare OPPS FS. ",8427,,,,,,,Case Rate,". Primary procedure pays at 100%, all subsequent at 50%.",1917.23,,,,,,,Case Rate,"100%Medicare OPPS FS. ",1917.23,,,,,,,Case Rate,"100%Medicare OPPS FS. ",,78,,,,,0,percent of total billed charges,78% of Billed Charges. Lesser of 100% of billed charges applies.; No services were performed during the 15 month look back period.,137.48,,,,,,,Case Rate,100% of PAS. Lesser of 100% of billed charges applies.,137.48,,,,,,,Case Rate,100% of PAS. Lesser of 100% of billed charges applies.,755.28,,,,,,,Case rate,"100 Percent of Medicaid APG. ",755.28,,,,,,,Case rate,"100 Percent of Medicaid APG. ",8427,,,,,,,Case Rate,". Primary procedure pays at 100%, all subsequent at 50%.",8427,,,,,,,Case Rate,". Primary procedure pays at 100%, all subsequent at 50%.",755.28,,,,,,,Case Rate,"100 Percent of Medicaid APG. Not APG payable, or payable under another fee schedule like ASP/AWP pays at 30% of charges",8427,,,,,,,Case Rate,". Primary procedure pays at 100%, all subsequent at 50%.",755.28,,,,,,,Case Rate,"100 Percent of Medicaid APG. Not APG payable, or payable under another fee schedule like ASP/AWP pays at 30% of charges",1917.23,,,,,,,Case Rate,"100%Medicare OPPS FS. ",8427,,,,,,,Case Rate,". Primary procedure pays at 100%, all subsequent at 50%.",,78,,,,,0,percent of total billed charges,78% of Billed Charges. Lesser of 100% of billed charges applies.; No services were performed during the 15 month look back period.,755.28,,,,,,,Case Rate,"100 Percent of Medicaid APG. ",755.28,,,,,,,Case Rate,"100 Percent of Medicaid APG. ",,78,,,,,0,percent of total billed charges,78% of Billed Charges. Lesser of 100% of billed charges applies.; No services were performed during the 15 month look back period.,6487,,,,,,,Case Rate,". MPL 100/50/25% maxmium of 3 procedures. All add ons apply, and lesser of 100% of billed charges",4757,,,,,,,Case Rate,". MPL 100/50/25% all add ons apply, and lesser of 100% of billed charges",4757,,,,,,,Case Rate,". MPL 100/50/25% all add ons apply, and lesser of 100% of billed charges",,78,,,,,0,percent of total billed charges,78% of Billed Charges. Lesser of 100% of billed charges applies.; No services were performed during the 15 month look back period.,1917.23,,,,,,,Case Rate,"100% Medicare OPPS FS. ",6091.36,,,,,,,Case Rate,". MPL 100/50/25% all add ons apply, and lesser of 100% of billed charges",6091.36,,,,,,,Case Rate,". MPL 100/50/25% all add ons apply, and lesser of 100% of billed charges",6091.36,,,,,,,Case Rate,". MPL 100/50/25% all add ons apply, and lesser of 100% of billed charges",1917.23,,,,,,,Case Rate,"100% Medicare OPPS FS. ",6091.36,,,,,,,Case Rate,". MPL 100/50/25% all add ons apply, and lesser of 100% of billed charges",6091.36,,,,,,,Case Rate,". MPL 100/50/25% all add ons apply, and lesser of 100% of billed charges",1917.23,,,,,,,Case Rate,"100% of Medicare OPPS. ",25798,,,,,,,Case Rate,". MPL 100/75/50% all add ons apply, and lesser of 100% of billed charges",10351,,,,,,,Case Rate,". MPL 100/50/25% all add ons apply, and lesser of 100% of billed charges",10351,,,,,,,Case Rate,". MPL 100/50/25% all add ons apply, and lesser of 100% of billed charges",10351,,,,,,,Case Rate,". MPL 100/50/25% all add ons apply, and lesser of 100% of billed charges",10351,,,,,,,Case Rate,". MPL 100/50/25% all add ons apply, and lesser of 100% of billed charges",10351,,,,,,,Case Rate,". MPL 100/50/25% all add ons apply, and lesser of 100% of billed charges",10351,,,,,,,Case Rate,". MPL 100/50/25% all add ons apply, and lesser of 100% of billed charges",1917.23,,,,,,,Case Rate,"100% Medicare OPPS FS. ",1917.23,,,,,,,Case Rate,"100% Medicare OPPS FS. ",10351,,,,,,,Case Rate,". MPL 100/50/25% all add ons apply, and lesser of 100% of billed charges",,78,,,,,0,percent of total billed charges,78% of Billed Charges. Lesser of 100% of billed charges applies.; No services were performed during the 15 month look back period.,,78,,,,,0,percent of total billed charges,78% of Billed Charges. Lesser of 100% of billed charges applies.; No services were performed during the 15 month look back period.,,78,,,,,0,percent of total billed charges,78% of Billed Charges. Lesser of 100% of billed charges applies.; No services were performed during the 15 month look back period.,,78,,,,,0,percent of total billed charges,78% of Billed Charges. Lesser of 100% of billed charges applies.; No services were performed during the 15 month look back period.,,78,,,,,0,percent of total billed charges,78% of Billed Charges. Lesser of 100% of billed charges applies.; No services were performed during the 15 month look back period.,,78,,,,,0,percent of total billed charges,78% of Billed Charges. Lesser of 100% of billed charges applies.; No services were performed during the 15 month look back period.,,78,,,,,0,percent of total billed charges,78% of Billed Charges. Lesser of 100% of billed charges applies.; No services were performed during the 15 month look back period.,,78,,,,,0,percent of total billed charges,78% of Billed Charges. Lesser of 100% of billed charges applies.; No services were performed during the 15 month look back period.,,78,,,,,0,percent of total billed charges,78% of Billed Charges. Lesser of 100% of billed charges applies.; No services were performed during the 15 month look back period.,,78,,,,,0,percent of total billed charges,78% of Billed Charges. Lesser of 100% of billed charges applies.; No services were performed during the 15 month look back period.,,78,,,,,0,percent of total billed charges,78% of Billed Charges. Lesser of 100% of billed charges applies.; No services were performed during the 15 month look back period.,,78,,,,,0,percent of total billed charges,78% of Billed Charges. Lesser of 100% of billed charges applies.; No services were performed during the 15 month look back period.,,78,,,,,0,percent of total billed charges,78% of Billed Charges. Lesser of 100% of billed charges applies.; No services were performed during the 15 month look back period.,,78,,,,,0,percent of total billed charges,78% of Billed Charges. Lesser of 100% of billed charges applies.; No services were performed during the 15 month look back period.,,78,,,,,0,percent of total billed charges,78% of Billed Charges. Lesser of 100% of billed charges applies.; No services were performed during the 15 month look back period.,,78,,,,,0,percent of total billed charges,78% of Billed Charges. Lesser of 100% of billed charges applies.; No services were performed during the 15 month look back period.,,78,,,,,0,percent of total billed charges,78% of Billed Charges. Lesser of 100% of billed charges applies.; No services were performed during the 15 month look back period.,,78,,,,,0,percent of total billed charges,78% of Billed Charges. Lesser of 100% of billed charges applies.; No services were performed during the 15 month look back period.,,78,,,,,0,percent of total billed charges,78% of Billed Charges. Lesser of 100% of billed charges applies.; No services were performed during the 15 month look back period.,,78,,,,,0,percent of total billed charges,78% of Billed Charges. Lesser of 100% of billed charges applies.; No services were performed during the 15 month look back period.,,78,,,,,0,percent of total billed charges,78% of Billed Charges. Lesser of 100% of billed charges applies.; No services were performed during the 15 month look back period.,,78,,,,,0,percent of total billed charges,78% of Billed Charges. Lesser of 100% of billed charges applies.; No services were performed during the 15 month look back period.,,78,,,,,0,percent of total billed charges,78% of Billed Charges. Lesser of 100% of billed charges applies.; No services were performed during the 15 month look back period.,,78,,,,,0,percent of total billed charges,78% of Billed Charges. Lesser of 100% of billed charges applies.; No services were performed during the 15 month look back period.,,78,,,,,0,percent of total billed charges,78% of Billed Charges. Lesser of 100% of billed charges applies.; No services were performed during the 15 month look back period.,,78,,,,,0,percent of total billed charges,78% of Billed Charges. Lesser of 100% of billed charges applies.; No services were performed during the 15 month look back period.,8427,,,,,,,Case Rate,". Primary procedure pays at 100%, all subsequent at 50%.",8427,,,,,,,Case Rate,". Primary procedure pays at 100%, all subsequent at 50%.",8427,,,,,,,Case Rate,". Primary procedure pays at 100%, all subsequent at 50%.",8427,,,,,,,Case Rate,". Primary procedure pays at 100%, all subsequent at 50%.",12574,,,,,,,Case Rate,". Primary procedure pays at 100%, all subsequent at 50%.",12574,,,,,,,Case Rate,". Primary procedure pays at 100%, all subsequent at 50%.",6487,,,,,,,Case Rate,". MPL 100/50/25% maxmium of 3 procedures. All add ons apply, and lesser of 100% of billed charges",10351,,,,,,,Case Rate,". MPL 100/50/25% all add ons apply, and lesser of 100% of billed charges",6091.36,,,,,,,Case Rate,". MPL 100/50/25% all add ons apply, and lesser of 100% of billed charges",10351,,,,,,,Case Rate,". MPL 100/50/25% all add ons apply, and lesser of 100% of billed charges",,78,,,,,0,percent of total billed charges,78% of Billed Charges. Lesser of 100% of billed charges applies.; No services were performed during the 15 month look back period.,12574,,,,,,,Case Rate,". Primary procedure pays at 100%, all subsequent at 50%.",10351,,,,,,,Case Rate,". MPL 100/50/25% all add ons apply, and lesser of 100% of billed charges",6091.36,,,,,,,Case Rate,". MPL 100/50/25% all add ons apply, and lesser of 100% of billed charges",6487,,,,,,,Case Rate,". MPL 100/50/25% maxmium of 3 procedures. All add ons apply, and lesser of 100% of billed charges",,,,,,,,,"NA. ",,78,,,,,0,percent of total billed charges,78% of Billed Charges. Lesser of 100% of billed charges applies.; No services were performed during the 15 month look back period.,755.28,,,,,,,Case Rate,"100 Percent of Medicaid APG. ",8427,,,,,,,Case Rate,". Primary procedure pays at 100%, all subsequent at 50%.",755.28,,,,,,,Case Rate,"100 Percent of Medicaid APG. Not APG payable, or payable under another fee schedule like ASP/AWP pays at 30% of charges",1917.23,,,,,,,Case Rate,"100%Medicare OPPS FS. ",1917.23,,,,,,,Case Rate,"100% Medicare OPPS FS. ",25798,,,,,,,Case Rate,". MPL 100/75/50% all add ons apply, and lesser of 100% of billed charges",1917.23,,,,,,,Case Rate,"100% Medicare OPPS FS. ",1917.23,,,,,,,Case Rate,"100% Medicare OPPS FS. ",755.28,,,,,,,Case Rate,"100 Percent of Medicaid APG. ",1917.23,,,,,,,Case Rate,"100% Medicare OPPS FS. ",1917.23,,,,,,,Case Rate,"100% Medicare OPPS FS. ",6593,,,,,,,Case Rate,". Primary procedure pays at 100%, secondary at 50%, all subsequent at 25%.  Lesser of applies when negotiated rates exceed charges less addons.",6593,,,,,,,Case Rate,". Primary procedure pays at 100%, secondary at 50%, all subsequent at 25%.  Lesser of applies when negotiated rates exceed charges less addons.",1917.23,,,,,,,Case Rate,"100% Medicare OPPS FS. ",6487,,,,,,,Case Rate,". MPL 100/50/25% maxmium of 3 procedures. All add ons apply, and lesser of 100% of billed charges",6091.36,,,,,,,Case Rate,". MPL 100/50/25% all add ons apply, and lesser of 100% of billed charges",6091.36,,,,,,,Case Rate,". MPL 100/50/25% all add ons apply, and lesser of 100% of billed charges",1917.23,,,,,,,Case Rate,"100% Medicare OPPS FS. ",6487,,,,,,,Case Rate,". MPL 100/50/25% maxmium of 3 procedures. All add ons apply, and lesser of 100% of billed charges",6593,,,,,,,Case Rate,". Primary procedure pays at 100%, secondary at 50%, all subsequent at 25%.  Lesser of applies when negotiated rates exceed charges less addons.",6593,,,,,,,Case Rate,". Primary procedure pays at 100%, secondary at 50%, all subsequent at 25%.  Lesser of applies when negotiated rates exceed charges less addons.",6593,,,,,,,Case Rate,". Primary procedure pays at 100%, secondary at 50%, all subsequent at 25%.  Lesser of applies when negotiated rates exceed charges less addons.",,78,,,,,0,percent of total billed charges,78% of Billed Charges. Lesser of 100% of billed charges applies.; No services were performed during the 15 month look back period.,,78,,,,,0,percent of total billed charges,78% of Billed Charges. Lesser of 100% of billed charges applies.; No services were performed during the 15 month look back period.,,78,,,,,0,percent of total billed charges,78% of Billed Charges. Lesser of 100% of billed charges applies.; No services were performed during the 15 month look back period.,,78,,,,,0,percent of total billed charges,78% of Billed Charges. Lesser of 100% of billed charges applies.; No services were performed during the 15 month look back period.,,78,,,,,0,percent of total billed charges,78% of Billed Charges. Lesser of 100% of billed charges applies.; No services were performed during the 15 month look back period.,,78,,,,,0,percent of total billed charges,78% of Billed Charges. Lesser of 100% of billed charges applies.; No services were performed during the 15 month look back period.,,78,,,,,0,percent of total billed charges,78% of Billed Charges. Lesser of 100% of billed charges applies.; No services were performed during the 15 month look back period.,,78,,,,,0,percent of total billed charges,78% of Billed Charges. Lesser of 100% of billed charges applies.; No services were performed during the 15 month look back period.,,78,,,,,0,percent of total billed charges,78% of Billed Charges. Lesser of 100% of billed charges applies.; No services were performed during the 15 month look back period.,,78,,,,,0,percent of total billed charges,78% of Billed Charges. Lesser of 100% of billed charges applies.; No services were performed during the 15 month look back period.,,78,,,,,0,percent of total billed charges,78% of Billed Charges. Lesser of 100% of billed charges applies.; No services were performed during the 15 month look back period.,12574,,,,,,,Case Rate,". Primary procedure pays at 100%, all subsequent at 50%.",10351,,,,,,,Case Rate,". MPL 100/50/25% all add ons apply, and lesser of 100% of billed charges",6487,,,,,,,Case Rate,". MPL 100/50/25% maxmium of 3 procedures. All add ons apply, and lesser of 100% of billed charges",1917.23,,,,,,,Case Rate,"100% Medicare OPPS FS. ",6593,,,,,,,Case Rate,". Primary procedure pays at 100%, secondary at 50%, all subsequent at 25%.  Lesser of applies when negotiated rates exceed charges less addons.",6487,,,,,,,Case Rate,". MPL 100/50/25% maxmium of 3 procedures. All add ons apply, and lesser of 100% of billed charges",6487,,,,,,,Case Rate,". MPL 100/50/25% maxmium of 3 procedures. All add ons apply, and lesser of 100% of billed charges",,78,,,,,0,percent of total billed charges,78% of Billed Charges. Lesser of 100% of billed charges applies.; No services were performed during the 15 month look back period.,1616.29,,,,,,,Case Rate,"214 Percent of Medicaid APG. Drugs not priced under APG, billed with revenue code 636 and not priced by Medicare ASP FeeSched will be reimbursed at 20% of charges.",6487,,,,,,,Case Rate,". MPL 100/50/25% maxmium of 3 procedures. All add ons apply, and lesser of 100% of billed charges",755.28,,,,,,,Case Rate,"100 Percent of Medicaid APG. ",1917.23,,,,,,,Case Rate,"100% Medicare OPPS FS. ",1917.23,,,,,,,Case Rate,"100% Medicare OPPS FS. ",1917.23,,,,,,,Case Rate,"100% Medicare OPPS FS. ",1917.23,,,,,,,Case Rate,"100% Medicare OPPS FS. ",1917.23,,,,,,,Case Rate,"100% Medicare OPPS FS. ",1917.23,,,,,,,Case Rate,"100% Medicare OPPS FS. ",6487,,,,,,,Case Rate,". MPL 100/50/25% maxmium of 3 procedures. All add ons apply, and lesser of 100% of billed charges",25798,,,,,,,Case Rate,". MPL 100/75/50% all add ons apply, and lesser of 100% of billed charges",1359.5,,,,,,,Fee Schedule,"180 Percent of Medicaid APG. ",1359.5,,,,,,,Fee Schedule,"180 Percent of Medicaid APG. ",1359.5,,,,,,,Fee Schedule,"180 Percent of Medicaid APG. ",1359.5,,,,,,,Fee Schedule,"180 Percent of Medicaid APG. ",1359.5,,,,,,,Fee Schedule,"180 Percent of Medicaid APG. ",,,,,,,,,"NA. ",25798,,,,,,,Case Rate,". MPL 100/75/50% all add ons apply, and lesser of 100% of billed charges",3796.12,,,,,,,Case Rate,198 Percent of Medicare OPPS. Metroplus will reimburse unlisted codes and described codes with no Medicare rate at 50 percent of charges.,3796.12,,,,,,,Case Rate,198 Percent of Medicare OPPS. Metroplus will reimburse unlisted codes and described codes with no Medicare rate at 50 percent of charges.,3796.12,,,,,,,Case Rate,198 Percent of Medicare OPPS. Metroplus will reimburse unlisted codes and described codes with no Medicare rate at 50 percent of charges.,3796.12,,,,,,,Case Rate,198 Percent of Medicare OPPS. Metroplus will reimburse unlisted codes and described codes with no Medicare rate at 50 percent of charges.,3796.12,,,,,,,Case Rate,198 Percent of Medicare OPPS. Metroplus will reimburse unlisted codes and described codes with no Medicare rate at 50 percent of charges.,1917.23,,,,,,,Case Rate,"100% Medicare OPPS FS. ",12574,,,,,,,Case Rate,". Primary procedure pays at 100%, all subsequent at 50%.",12574,,,,,,,Case Rate,". Primary procedure pays at 100%, all subsequent at 50%.",12574,,,,,,,Case Rate,". Primary procedure pays at 100%, all subsequent at 50%.",12574,,,,,,,Case Rate,". Primary procedure pays at 100%, all subsequent at 50%.",6593,,,,,,,Case Rate,". Primary procedure pays at 100%, secondary at 50%, all subsequent at 25%.  Lesser of applies when negotiated rates exceed charges less addons.",6593,,,,,,,Case Rate,". Primary procedure pays at 100%, secondary at 50%, all subsequent at 25%.  Lesser of applies when negotiated rates exceed charges less addons.",6593,,,,,,,Case Rate,". Primary procedure pays at 100%, secondary at 50%, all subsequent at 25%.  Lesser of applies when negotiated rates exceed charges less addons.",6593,,,,,,,Case Rate,". Primary procedure pays at 100%, secondary at 50%, all subsequent at 25%.  Lesser of applies when negotiated rates exceed charges less addons.",25798,,,,,,,Case Rate,". MPL 100/75/50% all add ons apply, and lesser of 100% of billed charges",25798,,,,,,,Case Rate,". MPL 100/75/50% all add ons apply, and lesser of 100% of billed charges",1917.23,,,,,,,Case Rate,"100% Medicare OPPS FS. ",1917.23,,,,,,,Case Rate,"100% Medicare OPPS FS. ",1917.23,,,,,,,Case Rate,"100% Medicare OPPS FS. ",10351,,,,,,,Case Rate,". MPL 100/50/25% all add ons apply, and lesser of 100% of billed charges",10351,,,,,,,Case Rate,". MPL 100/50/25% all add ons apply, and lesser of 100% of billed charges",10351,,,,,,,Case Rate,". MPL 100/50/25% all add ons apply, and lesser of 100% of billed charges",25798,,,,,,,Case Rate,". MPL 100/75/50% all add ons apply, and lesser of 100% of billed charges",6593,,,,,,,Case Rate,". Primary procedure pays at 100%, secondary at 50%, all subsequent at 25%.  Lesser of applies when negotiated rates exceed charges less addons.",1917.23,,,,,,,Case Rate,"100% Medicare OPPS FS. ",10351,,,,,,,Case Rate,". MPL 100/50/25% all add ons apply, and lesser of 100% of billed charges",755.28,,,,,,,Case Rate,"100 Percent of Medicaid APG. ",1955.57,,,,,,,Case Rate,"102% of Medicare OPPS. ",1955.57,,,,,,,Case Rate,"102% of Medicare OPPS. ",1955.57,,,,,,,Case Rate,"102% of Medicare OPPS. ",755.28,,,,,,,Case rate,"100 Percent of Medicaid APG. ",1699.37,,,,,,,Case Rate,225% of NYS APG. Lesser of 100% of billed charges applies.,1699.37,,,,,,,Case Rate,225% of NYS APG. Lesser of 100% of billed charges applies.,1699.37,,,,,,,Case Rate,225% of NYS APG. Lesser of 100% of billed charges applies.,1699.37,,,,,,,Case Rate,225% of NYS APG. Lesser of 100% of billed charges applies.,1699.37,,,,,,,Case Rate,225% of NYS APG. Lesser of 100% of billed charges applies.,1955.57,,,,,,,Case Rate,"102% of Medicare OPPS. ",755.28,,,,,,,Case Rate,"100 Percent of Medicaid APG. ",137.48,,,,,,,Case Rate,100% of PAS. Lesser of 100% of billed charges applies.,1699.37,,,,,,,Case Rate,225% of NYS APG. Lesser of 100% of billed charges applies.,1699.37,,,,,,,Case Rate,225% of NYS APG. Lesser of 100% of billed charges applies.,137.48,,,,,,,Case Rate,100% of PAS. Lesser of 100% of billed charges applies.,137.48,,,,,,,Case Rate,100% of PAS. Lesser of 100% of billed charges applies.,1359.5,,,,,,,Fee Schedule,"180 Percent of Medicaid APG. ",1917.23,,,,,,,Case Rate,"100% Medicare OPPS FS. ",1917.23,,,,,,,Case Rate,"100% Medicare OPPS FS. ",6593,,,,,,,Case Rate,". Primary procedure pays at 100%, secondary at 50%, all subsequent at 25%.  Lesser of applies when negotiated rates exceed charges less addons.",1917.23,,,,,,,Case Rate,"100% Medicare OPPS FS. ",1699.37,,,,,,,Case Rate,"225 Percent of Medicaid APG. ",1699.37,,,,,,,Case Rate,"225 Percent of Medicaid APG. ",755.28,,,,,,,Case rate,"100 Percent of Medicaid APG. ",755.28,,,,,,,Case rate,"100 Percent of Medicaid APG. ",1699.37,,,,,,,Case Rate,225 Percent of Medicaid APG. Covered services not payable under Medicaid Fee Schedules default to a payment of 87.5 percent of charges.,755.28,,,,,,,Case rate,124 Percent of Medicaid APG. Covered services not payable under Medicaid Fee Schedules default to a payment of 50 percent of charges.,1699.37,,,,,,,Case Rate,"100 Percent of Medicaid APG. ",1699.37,,,,,,,Case Rate,"100 Percent of Medicaid APG. ",1699.37,,,,,,,Case Rate,"100 Percent of Medicaid APG. ",1699.37,,,,,,,Case Rate,"100 Percent of Medicaid APG. ",13453,,,,,,,Case Rate,". MPL 100/75/50% all add ons apply, and lesser of 100% of billed charges",25798,,,,,,,Case Rate,". MPL 100/75/50% all add ons apply, and lesser of 100% of billed charges",906.33,,,,,,,Case Rate,"120 Percent of Medicaid APG. Not APG payable, or payable under another fee schedule like ASP/AWP pays at 30% of charges",906.33,,,,,,,Case Rate,"120 Percent of Medicaid APG. Not APG payable, or payable under another fee schedule like ASP/AWP pays at 30% of charges",755.28,,,,,,,Case Rate,"100 Percent of Medicaid APG. Not APG payable, or payable under another fee schedule like ASP/AWP pays at 30% of charges",755.28,,,,,,,Case Rate,"100 Percent of Medicaid APG. Not APG payable, or payable under another fee schedule like ASP/AWP pays at 30% of charges",10351,,,,,,,Case Rate,". MPL 100/50/25% all add ons apply, and lesser of 100% of billed charges",10351,,,,,,,Case Rate,". MPL 100/50/25% all add ons apply, and lesser of 100% of billed charges",1917.23,,,,,,,Case Rate,"100% Medicare OPPS FS. ",10351,,,,,,,Case Rate,". MPL 100/50/25% all add ons apply, and lesser of 100% of billed charges",10351,,,,,,,Case Rate,". MPL 100/50/25% all add ons apply, and lesser of 100% of billed charges",10351,,,,,,,Case Rate,". MPL 100/50/25% all add ons apply, and lesser of 100% of billed charges",10351,,,,,,,Case Rate,". MPL 100/50/25% all add ons apply, and lesser of 100% of billed charges",1917.23,,,,,,,Case Rate,"100% Medicare OPPS FS. ",10351,,,,,,,Case Rate,". MPL 100/50/25% all add ons apply, and lesser of 100% of billed charges",10351,,,,,,,Case Rate,". MPL 100/50/25% all add ons apply, and lesser of 100% of billed charges",6593,,,,,,,Case Rate,". Primary procedure pays at 100%, secondary at 50%, all subsequent at 25%.  Lesser of applies when negotiated rates exceed charges less addons.",755.28,,,,,,,Fee Schedule,100% APG. Lesser of 100% of billed charges applies.,755.28,,,,,,,Case rate,124 Percent of Medicaid APG. Covered services not payable under Medicaid Fee Schedules default to a payment of 50 percent of charges.,1699.37,,,,,,,Case Rate,225% of NYS APG. Lesser of 100% of billed charges applies.,1699.37,,,,,,,Case Rate,225 Percent of Medicaid APG. Covered services not payable under Medicaid Fee Schedules default to a payment of 87.5 percent of charges.,755.28,,,,,,,Case rate,124 Percent of Medicaid APG. Covered services not payable under Medicaid Fee Schedules default to a payment of 50 percent of charges.,1699.37,,,,,,,Case Rate,225% of NYS APG. Lesser of 100% of billed charges applies.,1699.37,,,,,,,Case Rate,225% of NYS APG. Lesser of 100% of billed charges applies.,1699.37,,,,,,,Case Rate,225% of NYS APG. Lesser of 100% of billed charges applies.,1699.37,,,,,,,Case Rate,225% of NYS APG. Lesser of 100% of billed charges applies.,1699.37,,,,,,,Case Rate,225% of NYS APG. Lesser of 100% of billed charges applies.,1699.37,,,,,,,Case Rate,225% of NYS APG. Lesser of 100% of billed charges applies.,,,,,,,,,"NA. ",,,,,,,,,"NA. ",,,,,,,,,"NA. ",6487,,,,,,,Case Rate,". MPL 100/50/25% maxmium of 3 procedures. All add ons apply, and lesser of 100% of billed charges",,,,,,,,,"NA. ",1917.23,,,,,,,Case Rate,"100% Medicare OPPS FS. ",2434,,,,,,,Case Rate,". MPL 1st 100% of Payment Rate 50% of all others, all add ons apply, and lesser of 100% of billed charges.",1917.23,,,,,,,Case Rate,"100% Medicare OPPS FS. ",1917.23,,,,,,,Case Rate,"100% Medicare OPPS FS. ",906.33,,,,,,,Case Rate,"120 Percent of Medicaid APG. Not APG payable, or payable under another fee schedule like ASP/AWP pays at 30% of charges",906.33,,,,,,,Case Rate,"120 Percent of Medicaid APG. Not APG payable, or payable under another fee schedule like ASP/AWP pays at 30% of charges",755.28,,,,,,,Case Rate,"100 Percent of Medicaid APG. Not APG payable, or payable under another fee schedule like ASP/AWP pays at 30% of charges",755.28,,,,,,,Case Rate,"100 Percent of Medicaid APG. Not APG payable, or payable under another fee schedule like ASP/AWP pays at 30% of charges",755.28,,,,,,,Case Rate,"100 Percent of Medicaid APG. ",7163,,,,,,,Case Rate,". ",6593,,,,,,,Case Rate,". Primary procedure pays at 100%, secondary at 50%, all subsequent at 25%.  Lesser of applies when negotiated rates exceed charges less addons.",8427,,,,,,,Case Rate,". Primary procedure pays at 100%, all subsequent at 50%.",6487,,,,,,,Case Rate,". MPL 100/50/25% maxmium of 3 procedures. All add ons apply, and lesser of 100% of billed charges",1917.23,,,,,,,Case Rate,"100%Medicare OPPS FS. ",1917.23,,,,,,,Case Rate,"100% Medicare OPPS FS. ",1917.23,,,,,,,Case Rate,"100% Medicare OPPS FS. ",1917.23,,,,,,,Case Rate,"100% Medicare OPPS FS. ",1917.23,,,,,,,Case Rate,"100%Medicare OPPS FS. ",1917.23,,,,,,,Case Rate,"100% Medicare OPPS FS. ",,,,,,,,,"NA. ",1699.37,,,,,,,Case Rate,225% of NYS APG. Lesser of 100% of billed charges applies.,137.48,,,,,,,Case Rate,100% of PAS. Lesser of 100% of billed charges applies.,10351,,,,,,,Case Rate,". MPL 100/50/25% all add ons apply, and lesser of 100% of billed charges",7163,,,,,,,Case Rate,". ",7163,,,,,,,Case Rate,". ",7163,,,,,,,Case Rate,". ",7163,,,,,,,Case Rate,". ",1917.23,,,,,,,Case Rate,"100% Medicare OPPS FS. ",755.28,,,,,,,Case Rate,"100 Percent of Medicaid APG. ",10351,,,,,,,Case Rate,". MPL 100/50/25% all add ons apply, and lesser of 100% of billed charges",755.28,,,,,,,Case Rate,"100 Percent of Medicaid APG. ",1917.23,,,,,,,Case Rate,"100% Medicare OPPS FS. ",755.28,,,,,,,Case Rate,"100 Percent of Medicaid APG. ",1917.23,,,,,,,Case Rate,"100% Medicare OPPS FS. ",1917.23,,,,,,,Case Rate,"100% Medicare OPPS FS. ",755.28,,,,,,,Case Rate,"100 Percent of Medicaid APG. ",755.28,,,,,,,Case Rate,"100 Percent of Medicaid APG. ",7163,,,,,,,Case Rate,". ",6487,,,,,,,Case Rate,". MPL 100/50/25% maxmium of 3 procedures. All add ons apply, and lesser of 100% of billed charges",,78,,,,,0,percent of total billed charges,78% of Billed Charges. Lesser of 100% of billed charges applies.; No services were performed during the 15 month look back period.,6091.36,,,,,,,Case Rate,". MPL 100/50/25% all add ons apply, and lesser of 100% of billed charges",6091.36,,,,,,,Case Rate,". MPL 100/50/25% all add ons apply, and lesser of 100% of billed charges",6593,,,,,,,Case Rate,". Primary procedure pays at 100%, secondary at 50%, all subsequent at 25%.  Lesser of applies when negotiated rates exceed charges less addons.",106.23,,,,,,,Case Rate,"83% HF Fee schedule. ",12574,,,,,,,Case Rate,". Primary procedure pays at 100%, all subsequent at 50%.",12574,,,,,,,Case Rate,". Primary procedure pays at 100%, all subsequent at 50%.",8281,,,,,,,Case Rate,". MPL 100/50/25% all add ons apply, and lesser of 100% of billed charges",8281,,,,,,,Case Rate,". MPL 100/50/25% all add ons apply, and lesser of 100% of billed charges",1917.23,,,,,,,Case Rate,"100% Medicare OPPS FS. ",1917.23,,,,,,,Case Rate,"100% Medicare OPPS FS. ",1917.23,,,,,,,Case Rate,"100% Medicare OPPS FS. ",1917.23,,,,,,,Case Rate,"100% Medicare OPPS FS. ",6091.36,,,,,,,Case Rate,". MPL 100/50/25% all add ons apply, and lesser of 100% of billed charges",10351,,,,,,,Case Rate,". MPL 100/50/25% all add ons apply, and lesser of 100% of billed charges",10351,,,,,,,Case Rate,". MPL 100/50/25% all add ons apply, and lesser of 100% of billed charges",1917.23,,,,,,,Case Rate,"100% Medicare OPPS FS. ",8281,,,,,,,Case Rate,". MPL 100/50/25% all add ons apply, and lesser of 100% of billed charges",8427,,,,,,,Case Rate,". Primary procedure pays at 100%, all subsequent at 50%.",906.33,,,,,,,Fee Schedule,"120 Percent of Medicaid APG. ",755.28,,,,,,,Case Rate,"100 Percent of Medicaid APG. ",7163,,,,,,,Case Rate,". ",9316,,,,,,,Case Rate,". MPL 100/50/25% all add ons apply, and lesser of 100% of billed charges",9316,,,,,,,Case Rate,". MPL 100/50/25% all add ons apply, and lesser of 100% of billed charges",10351,,,,,,,Case Rate,". MPL 100/50/25% all add ons apply, and lesser of 100% of billed charges",14948,,,,,,,Case Rate,". MPL 100/75/50% all add ons apply, and lesser of 100% of billed charges",1917.23,,,,,,,Case Rate,"100%Medicare OPPS FS. ",793.04,,,,,,,Fee Schedule,105 percent of Medicaid APG. otherwise 105% of Ordered NYS MCD FS or 105% of ASP+6%,793.04,,,,,,,Fee Schedule,105 percent of Medicaid APG. otherwise 105% of Ordered NYS MCD FS or 105% of ASP+6%,793.04,,,,,,,Fee Schedule,105 percent of Medicaid APG. otherwise 105% of Ordered NYS MCD FS or 105% of ASP+6%,1019.62,,,,,,,Fee Schedule,135 percent of Medicaid APG. otherwise 135% of Ordered NYS MCD FS or 135% of ASP+6%,6091.36,,,,,,,Case Rate,". MPL 100/50/25% all add ons apply, and lesser of 100% of billed charges",793.04,,,,,,,Fee Schedule,105 percent of Medicaid APG. otherwise 105% of Ordered NYS MCD FS or 105% of ASP+6%,793.04,,,,,,,Fee Schedule,105 percent of Medicaid APG. otherwise 105% of Ordered NYS MCD FS or 105% of ASP+6%,793.04,,,,,,,Fee Schedule,105 percent of Medicaid APG. otherwise 105% of Ordered NYS MCD FS or 105% of ASP+6%,793.04,,,,,,,Fee Schedule,105 percent of Medicaid APG. otherwise 105% of Ordered NYS MCD FS or 105% of ASP+6%,793.04,,,,,,,Fee Schedule,105 percent of Medicaid APG. otherwise 105% of Ordered NYS MCD FS or 105% of ASP+6%,1019.62,,,,,,,Fee Schedule,135 percent of Medicaid APG. otherwise 135% of Ordered NYS MCD FS or 135% of ASP+6%,1019.62,,,,,,,Fee Schedule,135 percent of Medicaid APG. otherwise 135% of Ordered NYS MCD FS or 135% of ASP+6%,1917.23,,,,,,,Case Rate,"100% Medicare OPPS FS. ",6091.36,,,,,,,Case Rate,". MPL 100/50/25% all add ons apply, and lesser of 100% of billed charges",1917.23,,,,,,,Case Rate,"100% Medicare OPPS FS. ",793.04,,,,,,,Fee Schedule,105 percent of Medicaid APG. otherwise 105% of Ordered NYS MCD FS or 105% of ASP+6%,10351,,,,,,,Case Rate,". MPL 100/50/25% all add ons apply, and lesser of 100% of billed charges",1917.23,,,,,,,Case Rate,"100% Medicare OPPS FS. ",10351,,,,,,,Case Rate,". MPL 100/50/25% all add ons apply, and lesser of 100% of billed charges",10351,,,,,,,Case Rate,". MPL 100/50/25% all add ons apply, and lesser of 100% of billed charges",10351,,,,,,,Case Rate,". MPL 100/50/25% all add ons apply, and lesser of 100% of billed charges",793.04,,,,,,,Fee Schedule,105 percent of Medicaid APG. otherwise 105% of Ordered NYS MCD FS or 105% of ASP+6%,1917.23,,,,,,,Case Rate,"100% Medicare OPPS FS. ",10351,,,,,,,Case Rate,". MPL 100/50/25% all add ons apply, and lesser of 100% of billed charges",1019.62,,,,,,,Fee Schedule,135 percent of Medicaid APG. otherwise 135% of Ordered NYS MCD FS or 135% of ASP+6%,10351,,,,,,,Case Rate,". MPL 100/50/25% all add ons apply, and lesser of 100% of billed charges",,200,,,,,0,Case Rate,200% of Medicare OPPS. ; No services were performed during the 15 month look back period.,1917.23,,,,,,,Case Rate,"100%Medicare OPPS FS. ",7163,,,,,,,Case Rate,". ",7163,,,,,,,Case Rate,". ",7163,,,,,,,Case Rate,". ",7163,,,,,,,Case Rate,". ",7163,,,,,,,Case Rate,". ",8427,,,,,,,Case Rate,". Primary procedure pays at 100%, all subsequent at 50%.",8427,,,,,,,Case Rate,". Primary procedure pays at 100%, all subsequent at 50%.",7163,,,,,,,Case Rate,". ",7163,,,,,,,Case Rate,". ",7163,,,,,,,Case Rate,". ",7163,,,,,,,Case Rate,". ",7163,,,,,,,Case Rate,". ",1917.23,,,,,,,Case Rate,"100% Medicare OPPS FS. ",8427,,,,,,,Case Rate,". Primary procedure pays at 100%, all subsequent at 50%.",1917.23,,,,,,,Case Rate,"100% Medicare OPPS FS. ",1699.37,,,,,,,Case Rate,"225 Percent of Medicaid APG. If not included in Medicaid APG, then 100 Percent of Manhattan Medicare",755.28,,,,,,,Case Rate,"100 Percent of Medicaid APG. ",6091.36,,,,,,,Case Rate,". MPL 100/50/25% all add ons apply, and lesser of 100% of billed charges",6091.36,,,,,,,Case Rate,". MPL 100/50/25% all add ons apply, and lesser of 100% of billed charges",1917.23,,,,,,,Case Rate,"100% Medicare OPPS FS. ",12574,,,,,,,Case Rate,". Primary procedure pays at 100%, all subsequent at 50%.",1917.23,,,,,,,Case Rate,"100% Medicare OPPS FS. ",1917.23,,,,,,,Case Rate,"100% Medicare OPPS FS. ",6593,,,,,,,Case Rate,". Primary procedure pays at 100%, secondary at 50%, all subsequent at 25%.  Lesser of applies when negotiated rates exceed charges less addons.",1917.23,,,,,,,Case Rate,"100% Medicare OPPS FS. ",6487,,,,,,,Case Rate,". MPL 100/50/25% maxmium of 3 procedures. All add ons apply, and lesser of 100% of billed charges",1917.23,,,,,,,Case Rate,"100% Medicare OPPS FS. ",6487,,,,,,,Case Rate,". MPL 100/50/25% maxmium of 3 procedures. All add ons apply, and lesser of 100% of billed charges",6593,,,,,,,Case Rate,". Primary procedure pays at 100%, secondary at 50%, all subsequent at 25%.  Lesser of applies when negotiated rates exceed charges less addons.",6487,,,,,,,Case Rate,". MPL 100/50/25% maxmium of 3 procedures. All add ons apply, and lesser of 100% of billed charges",1917.23,,,,,,,Case Rate,"100% Medicare OPPS FS. ",755.28,,,,,,,Case Rate,"100 Percent of Medicaid APG. ",1917.23,,,,,,,Case Rate,"100% Medicare OPPS FS. ",6487,,,,,,,Case Rate,". MPL 100/50/25% maxmium of 3 procedures. All add ons apply, and lesser of 100% of billed charges",6091.36,,,,,,,Case Rate,". MPL 100/50/25% all add ons apply, and lesser of 100% of billed charges",755.28,,,,,,,Case Rate,"100 Percent of Medicaid APG. ",10351,,,,,,,Case Rate,". MPL 100/50/25% all add ons apply, and lesser of 100% of billed charges",906.33,,,,,,,Fee Schedule,"120 Percent of Medicaid APG. ",906.33,,,,,,,Fee Schedule,"120 Percent of Medicaid APG. ",10351,,,,,,,Case Rate,". MPL 100/50/25% all add ons apply, and lesser of 100% of billed charges",10351,,,,,,,Case Rate,". MPL 100/50/25% all add ons apply, and lesser of 100% of billed charges",10351,,,,,,,Case Rate,". MPL 100/50/25% all add ons apply, and lesser of 100% of billed charges",6091.36,,,,,,,Case Rate,". MPL 100/50/25% all add ons apply, and lesser of 100% of billed charges",10351,,,,,,,Case Rate,". MPL 100/50/25% all add ons apply, and lesser of 100% of billed charges",10351,,,,,,,Case Rate,". MPL 100/50/25% all add ons apply, and lesser of 100% of billed charges",10351,,,,,,,Case Rate,". MPL 100/50/25% all add ons apply, and lesser of 100% of billed charges",7163,,,,,,,Case Rate,". ",7163,,,,,,,Case Rate,". ",3796.12,,,,,,,Case Rate,198 Percent of Medicare OPPS. Metroplus will reimburse unlisted codes and described codes with no Medicare rate at 50 percent of charges.,755.28,,,,,,,Case Rate,"100 Percent of Medicaid APG. ",6091.36,,,,,,,Case Rate,". MPL 100/50/25% all add ons apply, and lesser of 100% of billed charges",6487,,,,,,,Case Rate,". MPL 100/50/25% maxmium of 3 procedures. All add ons apply, and lesser of 100% of billed charges",6593,,,,,,,Case Rate,". Primary procedure pays at 100%, secondary at 50%, all subsequent at 25%.  Lesser of applies when negotiated rates exceed charges less addons.",6091.36,,,,,,,Case Rate,". MPL 100/50/25% all add ons apply, and lesser of 100% of billed charges",6593,,,,,,,Case Rate,". Primary procedure pays at 100%, secondary at 50%, all subsequent at 25%.  Lesser of applies when negotiated rates exceed charges less addons.",6091.36,,,,,,,Case Rate,". MPL 100/50/25% all add ons apply, and lesser of 100% of billed charges",10351,,,,,,,Case Rate,". MPL 100/50/25% all add ons apply, and lesser of 100% of billed charges",10351,,,,,,,Case Rate,". MPL 100/50/25% all add ons apply, and lesser of 100% of billed charges",10351,,,,,,,Case Rate,". MPL 100/50/25% all add ons apply, and lesser of 100% of billed charges",10351,,,,,,,Case Rate,". MPL 100/50/25% all add ons apply, and lesser of 100% of billed charges",1917.23,,,,,,,Case Rate,"100% Medicare OPPS FS. ",106.23,25798,
42205,CPT,,,490,RC,RECONSTRUCT CLEFT PALATE,,,both,,,,9740,,,,,,,Case Rate,". MPL 1st 100% of Payment Rate 50% of all others, all add ons apply, and lesser of 100% of billed charges.",9740,,,,,,,Case Rate,". MPL 1st 100% of Payment Rate 50% of all others, all add ons apply, and lesser of 100% of billed charges.",15312,,,,,,,Case Rate,". Primary procedure pays at 100%, secondary at 50%, all subsequent at 25%.  Lesser of applies when negotiated rates exceed charges less addons.",,100,,,,,0,percent of total billed charges,100 percent of billed charges. ; No services were performed during the 15 month look back period.,3837.52,,,,,,,Case Rate,"100% Medicare OPPS FS. ",15312,,,,,,,Case Rate,". Primary procedure pays at 100%, secondary at 50%, all subsequent at 25%.  Lesser of applies when negotiated rates exceed charges less addons.",15312,,,,,,,Case Rate,". Primary procedure pays at 100%, secondary at 50%, all subsequent at 25%.  Lesser of applies when negotiated rates exceed charges less addons.",15312,,,,,,,Case Rate,". Primary procedure pays at 100%, secondary at 50%, all subsequent at 25%.  Lesser of applies when negotiated rates exceed charges less addons.",4791.92,,,,,,,Case Rate,"100 Percent of Medicaid APG. ",3993.27,,,,,,,Case Rate,"100 Percent of Medicaid APG. ",,78,,,,,0,percent of total billed charges,78% of Billed Charges. Lesser of 100% of billed charges applies.; No services were performed during the 15 month look back period.,17508.84,,,,,,,Case Rate,". MPL 100/50/25% all add ons apply, and lesser of 100% of billed charges",3993.27,,,,,,,Case Rate,"100 Percent of Medicaid APG. ",3837.52,,,,,,,Case Rate,"100% Medicare OPPS FS. ",28479,,,,,,,Case Rate,". MPL 100/50/25% maxmium of 3 procedures. All add ons apply, and lesser of 100% of billed charges",28479,,,,,,,Case Rate,". MPL 100/50/25% maxmium of 3 procedures. All add ons apply, and lesser of 100% of billed charges",28479,,,,,,,Case Rate,". MPL 100/50/25% maxmium of 3 procedures. All add ons apply, and lesser of 100% of billed charges",28479,,,,,,,Case Rate,". MPL 100/50/25% maxmium of 3 procedures. All add ons apply, and lesser of 100% of billed charges",3993.27,,,,,,,Case rate,124 Percent of Medicaid APG. Covered services not payable under Medicaid Fee Schedules default to a payment of 50 percent of charges.,3837.52,,,,,,,Case Rate,"100% Medicare OPPS FS. ",3993.27,,,,,,,Case rate,124 Percent of Medicaid APG. Covered services not payable under Medicaid Fee Schedules default to a payment of 50 percent of charges.,,78,,,,,0,percent of total billed charges,78% of Billed Charges. Lesser of 100% of billed charges applies.; No services were performed during the 15 month look back period.,15312,,,,,,,Case Rate,". Primary procedure pays at 100%, secondary at 50%, all subsequent at 25%.  Lesser of applies when negotiated rates exceed charges less addons.",3837.52,,,,,,,Case Rate,"100%Medicare OPPS FS. ",15471,,,,,,,Case Rate,". Primary procedure pays at 100%, all subsequent at 50%.",3837.52,,,,,,,Case Rate,"100%Medicare OPPS FS. ",3837.52,,,,,,,Case Rate,"100%Medicare OPPS FS. ",,78,,,,,0,percent of total billed charges,78% of Billed Charges. Lesser of 100% of billed charges applies.; No services were performed during the 15 month look back period.,1103.36,,,,,,,Case Rate,100% of PAS. Lesser of 100% of billed charges applies.,1103.36,,,,,,,Case Rate,100% of PAS. Lesser of 100% of billed charges applies.,3993.27,,,,,,,Case rate,"100 Percent of Medicaid APG. ",3993.27,,,,,,,Case rate,"100 Percent of Medicaid APG. ",15471,,,,,,,Case Rate,". Primary procedure pays at 100%, all subsequent at 50%.",15471,,,,,,,Case Rate,". Primary procedure pays at 100%, all subsequent at 50%.",3993.27,,,,,,,Case Rate,"100 Percent of Medicaid APG. Not APG payable, or payable under another fee schedule like ASP/AWP pays at 30% of charges",15471,,,,,,,Case Rate,". Primary procedure pays at 100%, all subsequent at 50%.",3993.27,,,,,,,Case Rate,"100 Percent of Medicaid APG. Not APG payable, or payable under another fee schedule like ASP/AWP pays at 30% of charges",3837.52,,,,,,,Case Rate,"100%Medicare OPPS FS. ",15471,,,,,,,Case Rate,". Primary procedure pays at 100%, all subsequent at 50%.",,78,,,,,0,percent of total billed charges,78% of Billed Charges. Lesser of 100% of billed charges applies.; No services were performed during the 15 month look back period.,3993.27,,,,,,,Case Rate,"100 Percent of Medicaid APG. ",3993.27,,,,,,,Case Rate,"100 Percent of Medicaid APG. ",,78,,,,,0,percent of total billed charges,78% of Billed Charges. Lesser of 100% of billed charges applies.; No services were performed during the 15 month look back period.,28479,,,,,,,Case Rate,". MPL 100/50/25% maxmium of 3 procedures. All add ons apply, and lesser of 100% of billed charges",15490,,,,,,,Case Rate,". MPL 100/50/25% all add ons apply, and lesser of 100% of billed charges",15490,,,,,,,Case Rate,". MPL 100/50/25% all add ons apply, and lesser of 100% of billed charges",,78,,,,,0,percent of total billed charges,78% of Billed Charges. Lesser of 100% of billed charges applies.; No services were performed during the 15 month look back period.,3837.52,,,,,,,Case Rate,"100% Medicare OPPS FS. ",17508.84,,,,,,,Case Rate,". MPL 100/50/25% all add ons apply, and lesser of 100% of billed charges",17508.84,,,,,,,Case Rate,". MPL 100/50/25% all add ons apply, and lesser of 100% of billed charges",17508.84,,,,,,,Case Rate,". MPL 100/50/25% all add ons apply, and lesser of 100% of billed charges",3837.52,,,,,,,Case Rate,"100% Medicare OPPS FS. ",17508.84,,,,,,,Case Rate,". MPL 100/50/25% all add ons apply, and lesser of 100% of billed charges",17508.84,,,,,,,Case Rate,". MPL 100/50/25% all add ons apply, and lesser of 100% of billed charges",3837.52,,,,,,,Case Rate,"100% of Medicare OPPS. ",27121,,,,,,,Case Rate,". MPL 100/75/50% all add ons apply, and lesser of 100% of billed charges",10351,,,,,,,Case Rate,". MPL 100/50/25% all add ons apply, and lesser of 100% of billed charges",10351,,,,,,,Case Rate,". MPL 100/50/25% all add ons apply, and lesser of 100% of billed charges",10351,,,,,,,Case Rate,". MPL 100/50/25% all add ons apply, and lesser of 100% of billed charges",10351,,,,,,,Case Rate,". MPL 100/50/25% all add ons apply, and lesser of 100% of billed charges",10351,,,,,,,Case Rate,". MPL 100/50/25% all add ons apply, and lesser of 100% of billed charges",10351,,,,,,,Case Rate,". MPL 100/50/25% all add ons apply, and lesser of 100% of billed charges",3837.52,,,,,,,Case Rate,"100% Medicare OPPS FS. ",3837.52,,,,,,,Case Rate,"100% Medicare OPPS FS. ",10351,,,,,,,Case Rate,". MPL 100/50/25% all add ons apply, and lesser of 100% of billed charges",,78,,,,,0,percent of total billed charges,78% of Billed Charges. Lesser of 100% of billed charges applies.; No services were performed during the 15 month look back period.,,78,,,,,0,percent of total billed charges,78% of Billed Charges. Lesser of 100% of billed charges applies.; No services were performed during the 15 month look back period.,,78,,,,,0,percent of total billed charges,78% of Billed Charges. Lesser of 100% of billed charges applies.; No services were performed during the 15 month look back period.,,78,,,,,0,percent of total billed charges,78% of Billed Charges. Lesser of 100% of billed charges applies.; No services were performed during the 15 month look back period.,,78,,,,,0,percent of total billed charges,78% of Billed Charges. Lesser of 100% of billed charges applies.; No services were performed during the 15 month look back period.,,78,,,,,0,percent of total billed charges,78% of Billed Charges. Lesser of 100% of billed charges applies.; No services were performed during the 15 month look back period.,,78,,,,,0,percent of total billed charges,78% of Billed Charges. Lesser of 100% of billed charges applies.; No services were performed during the 15 month look back period.,,78,,,,,0,percent of total billed charges,78% of Billed Charges. Lesser of 100% of billed charges applies.; No services were performed during the 15 month look back period.,,78,,,,,0,percent of total billed charges,78% of Billed Charges. Lesser of 100% of billed charges applies.; No services were performed during the 15 month look back period.,,78,,,,,0,percent of total billed charges,78% of Billed Charges. Lesser of 100% of billed charges applies.; No services were performed during the 15 month look back period.,,78,,,,,0,percent of total billed charges,78% of Billed Charges. Lesser of 100% of billed charges applies.; No services were performed during the 15 month look back period.,,78,,,,,0,percent of total billed charges,78% of Billed Charges. Lesser of 100% of billed charges applies.; No services were performed during the 15 month look back period.,,78,,,,,0,percent of total billed charges,78% of Billed Charges. Lesser of 100% of billed charges applies.; No services were performed during the 15 month look back period.,,78,,,,,0,percent of total billed charges,78% of Billed Charges. Lesser of 100% of billed charges applies.; No services were performed during the 15 month look back period.,,78,,,,,0,percent of total billed charges,78% of Billed Charges. Lesser of 100% of billed charges applies.; No services were performed during the 15 month look back period.,,78,,,,,0,percent of total billed charges,78% of Billed Charges. Lesser of 100% of billed charges applies.; No services were performed during the 15 month look back period.,,78,,,,,0,percent of total billed charges,78% of Billed Charges. Lesser of 100% of billed charges applies.; No services were performed during the 15 month look back period.,,78,,,,,0,percent of total billed charges,78% of Billed Charges. Lesser of 100% of billed charges applies.; No services were performed during the 15 month look back period.,,78,,,,,0,percent of total billed charges,78% of Billed Charges. Lesser of 100% of billed charges applies.; No services were performed during the 15 month look back period.,,78,,,,,0,percent of total billed charges,78% of Billed Charges. Lesser of 100% of billed charges applies.; No services were performed during the 15 month look back period.,,78,,,,,0,percent of total billed charges,78% of Billed Charges. Lesser of 100% of billed charges applies.; No services were performed during the 15 month look back period.,,78,,,,,0,percent of total billed charges,78% of Billed Charges. Lesser of 100% of billed charges applies.; No services were performed during the 15 month look back period.,,78,,,,,0,percent of total billed charges,78% of Billed Charges. Lesser of 100% of billed charges applies.; No services were performed during the 15 month look back period.,,78,,,,,0,percent of total billed charges,78% of Billed Charges. Lesser of 100% of billed charges applies.; No services were performed during the 15 month look back period.,,78,,,,,0,percent of total billed charges,78% of Billed Charges. Lesser of 100% of billed charges applies.; No services were performed during the 15 month look back period.,,78,,,,,0,percent of total billed charges,78% of Billed Charges. Lesser of 100% of billed charges applies.; No services were performed during the 15 month look back period.,15471,,,,,,,Case Rate,". Primary procedure pays at 100%, all subsequent at 50%.",15471,,,,,,,Case Rate,". Primary procedure pays at 100%, all subsequent at 50%.",15471,,,,,,,Case Rate,". Primary procedure pays at 100%, all subsequent at 50%.",15471,,,,,,,Case Rate,". Primary procedure pays at 100%, all subsequent at 50%.",21483,,,,,,,Case Rate,". Primary procedure pays at 100%, all subsequent at 50%.",21483,,,,,,,Case Rate,". Primary procedure pays at 100%, all subsequent at 50%.",28479,,,,,,,Case Rate,". MPL 100/50/25% maxmium of 3 procedures. All add ons apply, and lesser of 100% of billed charges",10351,,,,,,,Case Rate,". MPL 100/50/25% all add ons apply, and lesser of 100% of billed charges",17508.84,,,,,,,Case Rate,". MPL 100/50/25% all add ons apply, and lesser of 100% of billed charges",10351,,,,,,,Case Rate,". MPL 100/50/25% all add ons apply, and lesser of 100% of billed charges",,78,,,,,0,percent of total billed charges,78% of Billed Charges. Lesser of 100% of billed charges applies.; No services were performed during the 15 month look back period.,21483,,,,,,,Case Rate,". Primary procedure pays at 100%, all subsequent at 50%.",10351,,,,,,,Case Rate,". MPL 100/50/25% all add ons apply, and lesser of 100% of billed charges",17508.84,,,,,,,Case Rate,". MPL 100/50/25% all add ons apply, and lesser of 100% of billed charges",28479,,,,,,,Case Rate,". MPL 100/50/25% maxmium of 3 procedures. All add ons apply, and lesser of 100% of billed charges",,,,,,,,,"NA. ",,78,,,,,0,percent of total billed charges,78% of Billed Charges. Lesser of 100% of billed charges applies.; No services were performed during the 15 month look back period.,3993.27,,,,,,,Case Rate,"100 Percent of Medicaid APG. ",15471,,,,,,,Case Rate,". Primary procedure pays at 100%, all subsequent at 50%.",3993.27,,,,,,,Case Rate,"100 Percent of Medicaid APG. Not APG payable, or payable under another fee schedule like ASP/AWP pays at 30% of charges",3837.52,,,,,,,Case Rate,"100%Medicare OPPS FS. ",3837.52,,,,,,,Case Rate,"100% Medicare OPPS FS. ",27121,,,,,,,Case Rate,". MPL 100/75/50% all add ons apply, and lesser of 100% of billed charges",3837.52,,,,,,,Case Rate,"100% Medicare OPPS FS. ",3837.52,,,,,,,Case Rate,"100% Medicare OPPS FS. ",3993.27,,,,,,,Case Rate,"100 Percent of Medicaid APG. ",3837.52,,,,,,,Case Rate,"100% Medicare OPPS FS. ",3837.52,,,,,,,Case Rate,"100% Medicare OPPS FS. ",15312,,,,,,,Case Rate,". Primary procedure pays at 100%, secondary at 50%, all subsequent at 25%.  Lesser of applies when negotiated rates exceed charges less addons.",15312,,,,,,,Case Rate,". Primary procedure pays at 100%, secondary at 50%, all subsequent at 25%.  Lesser of applies when negotiated rates exceed charges less addons.",3837.52,,,,,,,Case Rate,"100% Medicare OPPS FS. ",28479,,,,,,,Case Rate,". MPL 100/50/25% maxmium of 3 procedures. All add ons apply, and lesser of 100% of billed charges",17508.84,,,,,,,Case Rate,". MPL 100/50/25% all add ons apply, and lesser of 100% of billed charges",17508.84,,,,,,,Case Rate,". MPL 100/50/25% all add ons apply, and lesser of 100% of billed charges",3837.52,,,,,,,Case Rate,"100% Medicare OPPS FS. ",28479,,,,,,,Case Rate,". MPL 100/50/25% maxmium of 3 procedures. All add ons apply, and lesser of 100% of billed charges",15312,,,,,,,Case Rate,". Primary procedure pays at 100%, secondary at 50%, all subsequent at 25%.  Lesser of applies when negotiated rates exceed charges less addons.",15312,,,,,,,Case Rate,". Primary procedure pays at 100%, secondary at 50%, all subsequent at 25%.  Lesser of applies when negotiated rates exceed charges less addons.",15312,,,,,,,Case Rate,". Primary procedure pays at 100%, secondary at 50%, all subsequent at 25%.  Lesser of applies when negotiated rates exceed charges less addons.",,78,,,,,0,percent of total billed charges,78% of Billed Charges. Lesser of 100% of billed charges applies.; No services were performed during the 15 month look back period.,,78,,,,,0,percent of total billed charges,78% of Billed Charges. Lesser of 100% of billed charges applies.; No services were performed during the 15 month look back period.,,78,,,,,0,percent of total billed charges,78% of Billed Charges. Lesser of 100% of billed charges applies.; No services were performed during the 15 month look back period.,,78,,,,,0,percent of total billed charges,78% of Billed Charges. Lesser of 100% of billed charges applies.; No services were performed during the 15 month look back period.,,78,,,,,0,percent of total billed charges,78% of Billed Charges. Lesser of 100% of billed charges applies.; No services were performed during the 15 month look back period.,,78,,,,,0,percent of total billed charges,78% of Billed Charges. Lesser of 100% of billed charges applies.; No services were performed during the 15 month look back period.,,78,,,,,0,percent of total billed charges,78% of Billed Charges. Lesser of 100% of billed charges applies.; No services were performed during the 15 month look back period.,,78,,,,,0,percent of total billed charges,78% of Billed Charges. Lesser of 100% of billed charges applies.; No services were performed during the 15 month look back period.,,78,,,,,0,percent of total billed charges,78% of Billed Charges. Lesser of 100% of billed charges applies.; No services were performed during the 15 month look back period.,,78,,,,,0,percent of total billed charges,78% of Billed Charges. Lesser of 100% of billed charges applies.; No services were performed during the 15 month look back period.,,78,,,,,0,percent of total billed charges,78% of Billed Charges. Lesser of 100% of billed charges applies.; No services were performed during the 15 month look back period.,21483,,,,,,,Case Rate,". Primary procedure pays at 100%, all subsequent at 50%.",10351,,,,,,,Case Rate,". MPL 100/50/25% all add ons apply, and lesser of 100% of billed charges",28479,,,,,,,Case Rate,". MPL 100/50/25% maxmium of 3 procedures. All add ons apply, and lesser of 100% of billed charges",3837.52,,,,,,,Case Rate,"100% Medicare OPPS FS. ",15312,,,,,,,Case Rate,". Primary procedure pays at 100%, secondary at 50%, all subsequent at 25%.  Lesser of applies when negotiated rates exceed charges less addons.",28479,,,,,,,Case Rate,". MPL 100/50/25% maxmium of 3 procedures. All add ons apply, and lesser of 100% of billed charges",28479,,,,,,,Case Rate,". MPL 100/50/25% maxmium of 3 procedures. All add ons apply, and lesser of 100% of billed charges",,78,,,,,0,percent of total billed charges,78% of Billed Charges. Lesser of 100% of billed charges applies.; No services were performed during the 15 month look back period.,8545.6,,,,,,,Case Rate,"214 Percent of Medicaid APG. Drugs not priced under APG, billed with revenue code 636 and not priced by Medicare ASP FeeSched will be reimbursed at 20% of charges.",28479,,,,,,,Case Rate,". MPL 100/50/25% maxmium of 3 procedures. All add ons apply, and lesser of 100% of billed charges",3993.27,,,,,,,Case Rate,"100 Percent of Medicaid APG. ",3837.52,,,,,,,Case Rate,"100% Medicare OPPS FS. ",3837.52,,,,,,,Case Rate,"100% Medicare OPPS FS. ",3837.52,,,,,,,Case Rate,"100% Medicare OPPS FS. ",3837.52,,,,,,,Case Rate,"100% Medicare OPPS FS. ",3837.52,,,,,,,Case Rate,"100% Medicare OPPS FS. ",3837.52,,,,,,,Case Rate,"100% Medicare OPPS FS. ",28479,,,,,,,Case Rate,". MPL 100/50/25% maxmium of 3 procedures. All add ons apply, and lesser of 100% of billed charges",27121,,,,,,,Case Rate,". MPL 100/75/50% all add ons apply, and lesser of 100% of billed charges",7187.89,,,,,,,Fee Schedule,"180 Percent of Medicaid APG. ",7187.89,,,,,,,Fee Schedule,"180 Percent of Medicaid APG. ",7187.89,,,,,,,Fee Schedule,"180 Percent of Medicaid APG. ",7187.89,,,,,,,Fee Schedule,"180 Percent of Medicaid APG. ",7187.89,,,,,,,Fee Schedule,"180 Percent of Medicaid APG. ",,,,,,,,,"NA. ",27121,,,,,,,Case Rate,". MPL 100/75/50% all add ons apply, and lesser of 100% of billed charges",7598.3,,,,,,,Case Rate,198 Percent of Medicare OPPS. Metroplus will reimburse unlisted codes and described codes with no Medicare rate at 50 percent of charges.,7598.3,,,,,,,Case Rate,198 Percent of Medicare OPPS. Metroplus will reimburse unlisted codes and described codes with no Medicare rate at 50 percent of charges.,7598.3,,,,,,,Case Rate,198 Percent of Medicare OPPS. Metroplus will reimburse unlisted codes and described codes with no Medicare rate at 50 percent of charges.,7598.3,,,,,,,Case Rate,198 Percent of Medicare OPPS. Metroplus will reimburse unlisted codes and described codes with no Medicare rate at 50 percent of charges.,7598.3,,,,,,,Case Rate,198 Percent of Medicare OPPS. Metroplus will reimburse unlisted codes and described codes with no Medicare rate at 50 percent of charges.,3837.52,,,,,,,Case Rate,"100% Medicare OPPS FS. ",21483,,,,,,,Case Rate,". Primary procedure pays at 100%, all subsequent at 50%.",21483,,,,,,,Case Rate,". Primary procedure pays at 100%, all subsequent at 50%.",21483,,,,,,,Case Rate,". Primary procedure pays at 100%, all subsequent at 50%.",21483,,,,,,,Case Rate,". Primary procedure pays at 100%, all subsequent at 50%.",15312,,,,,,,Case Rate,". Primary procedure pays at 100%, secondary at 50%, all subsequent at 25%.  Lesser of applies when negotiated rates exceed charges less addons.",15312,,,,,,,Case Rate,". Primary procedure pays at 100%, secondary at 50%, all subsequent at 25%.  Lesser of applies when negotiated rates exceed charges less addons.",15312,,,,,,,Case Rate,". Primary procedure pays at 100%, secondary at 50%, all subsequent at 25%.  Lesser of applies when negotiated rates exceed charges less addons.",15312,,,,,,,Case Rate,". Primary procedure pays at 100%, secondary at 50%, all subsequent at 25%.  Lesser of applies when negotiated rates exceed charges less addons.",27121,,,,,,,Case Rate,". MPL 100/75/50% all add ons apply, and lesser of 100% of billed charges",27121,,,,,,,Case Rate,". MPL 100/75/50% all add ons apply, and lesser of 100% of billed charges",3837.52,,,,,,,Case Rate,"100% Medicare OPPS FS. ",3837.52,,,,,,,Case Rate,"100% Medicare OPPS FS. ",3837.52,,,,,,,Case Rate,"100% Medicare OPPS FS. ",10351,,,,,,,Case Rate,". MPL 100/50/25% all add ons apply, and lesser of 100% of billed charges",10351,,,,,,,Case Rate,". MPL 100/50/25% all add ons apply, and lesser of 100% of billed charges",10351,,,,,,,Case Rate,". MPL 100/50/25% all add ons apply, and lesser of 100% of billed charges",27121,,,,,,,Case Rate,". MPL 100/75/50% all add ons apply, and lesser of 100% of billed charges",15312,,,,,,,Case Rate,". Primary procedure pays at 100%, secondary at 50%, all subsequent at 25%.  Lesser of applies when negotiated rates exceed charges less addons.",3837.52,,,,,,,Case Rate,"100% Medicare OPPS FS. ",10351,,,,,,,Case Rate,". MPL 100/50/25% all add ons apply, and lesser of 100% of billed charges",3993.27,,,,,,,Case Rate,"100 Percent of Medicaid APG. ",3914.28,,,,,,,Case Rate,"102% of Medicare OPPS. ",3914.28,,,,,,,Case Rate,"102% of Medicare OPPS. ",3914.28,,,,,,,Case Rate,"102% of Medicare OPPS. ",3993.27,,,,,,,Case rate,"100 Percent of Medicaid APG. ",8984.86,,,,,,,Case Rate,225% of NYS APG. Lesser of 100% of billed charges applies.,8984.86,,,,,,,Case Rate,225% of NYS APG. Lesser of 100% of billed charges applies.,8984.86,,,,,,,Case Rate,225% of NYS APG. Lesser of 100% of billed charges applies.,8984.86,,,,,,,Case Rate,225% of NYS APG. Lesser of 100% of billed charges applies.,8984.86,,,,,,,Case Rate,225% of NYS APG. Lesser of 100% of billed charges applies.,3914.28,,,,,,,Case Rate,"102% of Medicare OPPS. ",3993.27,,,,,,,Case Rate,"100 Percent of Medicaid APG. ",1103.36,,,,,,,Case Rate,100% of PAS. Lesser of 100% of billed charges applies.,8984.86,,,,,,,Case Rate,225% of NYS APG. Lesser of 100% of billed charges applies.,8984.86,,,,,,,Case Rate,225% of NYS APG. Lesser of 100% of billed charges applies.,1103.36,,,,,,,Case Rate,100% of PAS. Lesser of 100% of billed charges applies.,1103.36,,,,,,,Case Rate,100% of PAS. Lesser of 100% of billed charges applies.,7187.89,,,,,,,Fee Schedule,"180 Percent of Medicaid APG. ",3837.52,,,,,,,Case Rate,"100% Medicare OPPS FS. ",3837.52,,,,,,,Case Rate,"100% Medicare OPPS FS. ",15312,,,,,,,Case Rate,". Primary procedure pays at 100%, secondary at 50%, all subsequent at 25%.  Lesser of applies when negotiated rates exceed charges less addons.",3837.52,,,,,,,Case Rate,"100% Medicare OPPS FS. ",8984.86,,,,,,,Case Rate,"225 Percent of Medicaid APG. ",8984.86,,,,,,,Case Rate,"225 Percent of Medicaid APG. ",3993.27,,,,,,,Case rate,"100 Percent of Medicaid APG. ",3993.27,,,,,,,Case rate,"100 Percent of Medicaid APG. ",8984.86,,,,,,,Case Rate,225 Percent of Medicaid APG. Covered services not payable under Medicaid Fee Schedules default to a payment of 87.5 percent of charges.,3993.27,,,,,,,Case rate,124 Percent of Medicaid APG. Covered services not payable under Medicaid Fee Schedules default to a payment of 50 percent of charges.,8984.86,,,,,,,Case Rate,"100 Percent of Medicaid APG. ",8984.86,,,,,,,Case Rate,"100 Percent of Medicaid APG. ",8984.86,,,,,,,Case Rate,"100 Percent of Medicaid APG. ",8984.86,,,,,,,Case Rate,"100 Percent of Medicaid APG. ",13453,,,,,,,Case Rate,". MPL 100/75/50% all add ons apply, and lesser of 100% of billed charges",27121,,,,,,,Case Rate,". MPL 100/75/50% all add ons apply, and lesser of 100% of billed charges",4791.92,,,,,,,Case Rate,"120 Percent of Medicaid APG. Not APG payable, or payable under another fee schedule like ASP/AWP pays at 30% of charges",4791.92,,,,,,,Case Rate,"120 Percent of Medicaid APG. Not APG payable, or payable under another fee schedule like ASP/AWP pays at 30% of charges",3993.27,,,,,,,Case Rate,"100 Percent of Medicaid APG. Not APG payable, or payable under another fee schedule like ASP/AWP pays at 30% of charges",3993.27,,,,,,,Case Rate,"100 Percent of Medicaid APG. Not APG payable, or payable under another fee schedule like ASP/AWP pays at 30% of charges",10351,,,,,,,Case Rate,". MPL 100/50/25% all add ons apply, and lesser of 100% of billed charges",10351,,,,,,,Case Rate,". MPL 100/50/25% all add ons apply, and lesser of 100% of billed charges",3837.52,,,,,,,Case Rate,"100% Medicare OPPS FS. ",10351,,,,,,,Case Rate,". MPL 100/50/25% all add ons apply, and lesser of 100% of billed charges",10351,,,,,,,Case Rate,". MPL 100/50/25% all add ons apply, and lesser of 100% of billed charges",10351,,,,,,,Case Rate,". MPL 100/50/25% all add ons apply, and lesser of 100% of billed charges",10351,,,,,,,Case Rate,". MPL 100/50/25% all add ons apply, and lesser of 100% of billed charges",3837.52,,,,,,,Case Rate,"100% Medicare OPPS FS. ",10351,,,,,,,Case Rate,". MPL 100/50/25% all add ons apply, and lesser of 100% of billed charges",10351,,,,,,,Case Rate,". MPL 100/50/25% all add ons apply, and lesser of 100% of billed charges",15312,,,,,,,Case Rate,". Primary procedure pays at 100%, secondary at 50%, all subsequent at 25%.  Lesser of applies when negotiated rates exceed charges less addons.",3993.27,,,,,,,Fee Schedule,100% APG. Lesser of 100% of billed charges applies.,3993.27,,,,,,,Case rate,124 Percent of Medicaid APG. Covered services not payable under Medicaid Fee Schedules default to a payment of 50 percent of charges.,8984.86,,,,,,,Case Rate,225% of NYS APG. Lesser of 100% of billed charges applies.,8984.86,,,,,,,Case Rate,225 Percent of Medicaid APG. Covered services not payable under Medicaid Fee Schedules default to a payment of 87.5 percent of charges.,3993.27,,,,,,,Case rate,124 Percent of Medicaid APG. Covered services not payable under Medicaid Fee Schedules default to a payment of 50 percent of charges.,8984.86,,,,,,,Case Rate,225% of NYS APG. Lesser of 100% of billed charges applies.,8984.86,,,,,,,Case Rate,225% of NYS APG. Lesser of 100% of billed charges applies.,8984.86,,,,,,,Case Rate,225% of NYS APG. Lesser of 100% of billed charges applies.,8984.86,,,,,,,Case Rate,225% of NYS APG. Lesser of 100% of billed charges applies.,8984.86,,,,,,,Case Rate,225% of NYS APG. Lesser of 100% of billed charges applies.,8984.86,,,,,,,Case Rate,225% of NYS APG. Lesser of 100% of billed charges applies.,,,,,,,,,"NA. ",,,,,,,,,"NA. ",,,,,,,,,"NA. ",28479,,,,,,,Case Rate,". MPL 100/50/25% maxmium of 3 procedures. All add ons apply, and lesser of 100% of billed charges",,,,,,,,,"NA. ",3837.52,,,,,,,Case Rate,"100% Medicare OPPS FS. ",9740,,,,,,,Case Rate,". MPL 1st 100% of Payment Rate 50% of all others, all add ons apply, and lesser of 100% of billed charges.",3837.52,,,,,,,Case Rate,"100% Medicare OPPS FS. ",3837.52,,,,,,,Case Rate,"100% Medicare OPPS FS. ",4791.92,,,,,,,Case Rate,"120 Percent of Medicaid APG. Not APG payable, or payable under another fee schedule like ASP/AWP pays at 30% of charges",4791.92,,,,,,,Case Rate,"120 Percent of Medicaid APG. Not APG payable, or payable under another fee schedule like ASP/AWP pays at 30% of charges",3993.27,,,,,,,Case Rate,"100 Percent of Medicaid APG. Not APG payable, or payable under another fee schedule like ASP/AWP pays at 30% of charges",3993.27,,,,,,,Case Rate,"100 Percent of Medicaid APG. Not APG payable, or payable under another fee schedule like ASP/AWP pays at 30% of charges",3993.27,,,,,,,Case Rate,"100 Percent of Medicaid APG. ",13151,,,,,,,Case Rate,". ",15312,,,,,,,Case Rate,". Primary procedure pays at 100%, secondary at 50%, all subsequent at 25%.  Lesser of applies when negotiated rates exceed charges less addons.",15471,,,,,,,Case Rate,". Primary procedure pays at 100%, all subsequent at 50%.",28479,,,,,,,Case Rate,". MPL 100/50/25% maxmium of 3 procedures. All add ons apply, and lesser of 100% of billed charges",3837.52,,,,,,,Case Rate,"100%Medicare OPPS FS. ",3837.52,,,,,,,Case Rate,"100% Medicare OPPS FS. ",3837.52,,,,,,,Case Rate,"100% Medicare OPPS FS. ",3837.52,,,,,,,Case Rate,"100% Medicare OPPS FS. ",3837.52,,,,,,,Case Rate,"100%Medicare OPPS FS. ",3837.52,,,,,,,Case Rate,"100% Medicare OPPS FS. ",,,,,,,,,"NA. ",8984.86,,,,,,,Case Rate,225% of NYS APG. Lesser of 100% of billed charges applies.,1103.36,,,,,,,Case Rate,100% of PAS. Lesser of 100% of billed charges applies.,10351,,,,,,,Case Rate,". MPL 100/50/25% all add ons apply, and lesser of 100% of billed charges",13151,,,,,,,Case Rate,". ",13151,,,,,,,Case Rate,". ",13151,,,,,,,Case Rate,". ",13151,,,,,,,Case Rate,". ",3837.52,,,,,,,Case Rate,"100% Medicare OPPS FS. ",3993.27,,,,,,,Case Rate,"100 Percent of Medicaid APG. ",10351,,,,,,,Case Rate,". MPL 100/50/25% all add ons apply, and lesser of 100% of billed charges",3993.27,,,,,,,Case Rate,"100 Percent of Medicaid APG. ",3837.52,,,,,,,Case Rate,"100% Medicare OPPS FS. ",3993.27,,,,,,,Case Rate,"100 Percent of Medicaid APG. ",3837.52,,,,,,,Case Rate,"100% Medicare OPPS FS. ",3837.52,,,,,,,Case Rate,"100% Medicare OPPS FS. ",3993.27,,,,,,,Case Rate,"100 Percent of Medicaid APG. ",3993.27,,,,,,,Case Rate,"100 Percent of Medicaid APG. ",13151,,,,,,,Case Rate,". ",28479,,,,,,,Case Rate,". MPL 100/50/25% maxmium of 3 procedures. All add ons apply, and lesser of 100% of billed charges",,78,,,,,0,percent of total billed charges,78% of Billed Charges. Lesser of 100% of billed charges applies.; No services were performed during the 15 month look back period.,17508.84,,,,,,,Case Rate,". MPL 100/50/25% all add ons apply, and lesser of 100% of billed charges",17508.84,,,,,,,Case Rate,". MPL 100/50/25% all add ons apply, and lesser of 100% of billed charges",15312,,,,,,,Case Rate,". Primary procedure pays at 100%, secondary at 50%, all subsequent at 25%.  Lesser of applies when negotiated rates exceed charges less addons.",1338.99,,,,,,,Case Rate,"83% HF Fee schedule. ",21483,,,,,,,Case Rate,". Primary procedure pays at 100%, all subsequent at 50%.",21483,,,,,,,Case Rate,". Primary procedure pays at 100%, all subsequent at 50%.",8281,,,,,,,Case Rate,". MPL 100/50/25% all add ons apply, and lesser of 100% of billed charges",8281,,,,,,,Case Rate,". MPL 100/50/25% all add ons apply, and lesser of 100% of billed charges",3837.52,,,,,,,Case Rate,"100% Medicare OPPS FS. ",3837.52,,,,,,,Case Rate,"100% Medicare OPPS FS. ",3837.52,,,,,,,Case Rate,"100% Medicare OPPS FS. ",3837.52,,,,,,,Case Rate,"100% Medicare OPPS FS. ",17508.84,,,,,,,Case Rate,". MPL 100/50/25% all add ons apply, and lesser of 100% of billed charges",10351,,,,,,,Case Rate,". MPL 100/50/25% all add ons apply, and lesser of 100% of billed charges",10351,,,,,,,Case Rate,". MPL 100/50/25% all add ons apply, and lesser of 100% of billed charges",3837.52,,,,,,,Case Rate,"100% Medicare OPPS FS. ",8281,,,,,,,Case Rate,". MPL 100/50/25% all add ons apply, and lesser of 100% of billed charges",15471,,,,,,,Case Rate,". Primary procedure pays at 100%, all subsequent at 50%.",4791.92,,,,,,,Fee Schedule,"120 Percent of Medicaid APG. ",3993.27,,,,,,,Case Rate,"100 Percent of Medicaid APG. ",13151,,,,,,,Case Rate,". ",9316,,,,,,,Case Rate,". MPL 100/50/25% all add ons apply, and lesser of 100% of billed charges",9316,,,,,,,Case Rate,". MPL 100/50/25% all add ons apply, and lesser of 100% of billed charges",10351,,,,,,,Case Rate,". MPL 100/50/25% all add ons apply, and lesser of 100% of billed charges",18686,,,,,,,Case Rate,". MPL 100/75/50% all add ons apply, and lesser of 100% of billed charges",3837.52,,,,,,,Case Rate,"100%Medicare OPPS FS. ",4192.93,,,,,,,Fee Schedule,105 percent of Medicaid APG. otherwise 105% of Ordered NYS MCD FS or 105% of ASP+6%,4192.93,,,,,,,Fee Schedule,105 percent of Medicaid APG. otherwise 105% of Ordered NYS MCD FS or 105% of ASP+6%,4192.93,,,,,,,Fee Schedule,105 percent of Medicaid APG. otherwise 105% of Ordered NYS MCD FS or 105% of ASP+6%,5390.91,,,,,,,Fee Schedule,135 percent of Medicaid APG. otherwise 135% of Ordered NYS MCD FS or 135% of ASP+6%,17508.84,,,,,,,Case Rate,". MPL 100/50/25% all add ons apply, and lesser of 100% of billed charges",4192.93,,,,,,,Fee Schedule,105 percent of Medicaid APG. otherwise 105% of Ordered NYS MCD FS or 105% of ASP+6%,4192.93,,,,,,,Fee Schedule,105 percent of Medicaid APG. otherwise 105% of Ordered NYS MCD FS or 105% of ASP+6%,4192.93,,,,,,,Fee Schedule,105 percent of Medicaid APG. otherwise 105% of Ordered NYS MCD FS or 105% of ASP+6%,4192.93,,,,,,,Fee Schedule,105 percent of Medicaid APG. otherwise 105% of Ordered NYS MCD FS or 105% of ASP+6%,4192.93,,,,,,,Fee Schedule,105 percent of Medicaid APG. otherwise 105% of Ordered NYS MCD FS or 105% of ASP+6%,5390.91,,,,,,,Fee Schedule,135 percent of Medicaid APG. otherwise 135% of Ordered NYS MCD FS or 135% of ASP+6%,5390.91,,,,,,,Fee Schedule,135 percent of Medicaid APG. otherwise 135% of Ordered NYS MCD FS or 135% of ASP+6%,3837.52,,,,,,,Case Rate,"100% Medicare OPPS FS. ",17508.84,,,,,,,Case Rate,". MPL 100/50/25% all add ons apply, and lesser of 100% of billed charges",3837.52,,,,,,,Case Rate,"100% Medicare OPPS FS. ",4192.93,,,,,,,Fee Schedule,105 percent of Medicaid APG. otherwise 105% of Ordered NYS MCD FS or 105% of ASP+6%,10351,,,,,,,Case Rate,". MPL 100/50/25% all add ons apply, and lesser of 100% of billed charges",3837.52,,,,,,,Case Rate,"100% Medicare OPPS FS. ",10351,,,,,,,Case Rate,". MPL 100/50/25% all add ons apply, and lesser of 100% of billed charges",10351,,,,,,,Case Rate,". MPL 100/50/25% all add ons apply, and lesser of 100% of billed charges",10351,,,,,,,Case Rate,". MPL 100/50/25% all add ons apply, and lesser of 100% of billed charges",4192.93,,,,,,,Fee Schedule,105 percent of Medicaid APG. otherwise 105% of Ordered NYS MCD FS or 105% of ASP+6%,3837.52,,,,,,,Case Rate,"100% Medicare OPPS FS. ",10351,,,,,,,Case Rate,". MPL 100/50/25% all add ons apply, and lesser of 100% of billed charges",5390.91,,,,,,,Fee Schedule,135 percent of Medicaid APG. otherwise 135% of Ordered NYS MCD FS or 135% of ASP+6%,10351,,,,,,,Case Rate,". MPL 100/50/25% all add ons apply, and lesser of 100% of billed charges",,200,,,,,0,Case Rate,200% of Medicare OPPS. ; No services were performed during the 15 month look back period.,3837.52,,,,,,,Case Rate,"100%Medicare OPPS FS. ",13151,,,,,,,Case Rate,". ",13151,,,,,,,Case Rate,". ",13151,,,,,,,Case Rate,". ",13151,,,,,,,Case Rate,". ",13151,,,,,,,Case Rate,". ",15471,,,,,,,Case Rate,". Primary procedure pays at 100%, all subsequent at 50%.",15471,,,,,,,Case Rate,". Primary procedure pays at 100%, all subsequent at 50%.",13151,,,,,,,Case Rate,". ",13151,,,,,,,Case Rate,". ",13151,,,,,,,Case Rate,". ",13151,,,,,,,Case Rate,". ",13151,,,,,,,Case Rate,". ",3837.52,,,,,,,Case Rate,"100% Medicare OPPS FS. ",15471,,,,,,,Case Rate,". Primary procedure pays at 100%, all subsequent at 50%.",3837.52,,,,,,,Case Rate,"100% Medicare OPPS FS. ",8984.86,,,,,,,Case Rate,"225 Percent of Medicaid APG. If not included in Medicaid APG, then 100 Percent of Manhattan Medicare",3993.27,,,,,,,Case Rate,"100 Percent of Medicaid APG. ",17508.84,,,,,,,Case Rate,". MPL 100/50/25% all add ons apply, and lesser of 100% of billed charges",17508.84,,,,,,,Case Rate,". MPL 100/50/25% all add ons apply, and lesser of 100% of billed charges",3837.52,,,,,,,Case Rate,"100% Medicare OPPS FS. ",21483,,,,,,,Case Rate,". Primary procedure pays at 100%, all subsequent at 50%.",3837.52,,,,,,,Case Rate,"100% Medicare OPPS FS. ",3837.52,,,,,,,Case Rate,"100% Medicare OPPS FS. ",15312,,,,,,,Case Rate,". Primary procedure pays at 100%, secondary at 50%, all subsequent at 25%.  Lesser of applies when negotiated rates exceed charges less addons.",3837.52,,,,,,,Case Rate,"100% Medicare OPPS FS. ",28479,,,,,,,Case Rate,". MPL 100/50/25% maxmium of 3 procedures. All add ons apply, and lesser of 100% of billed charges",3837.52,,,,,,,Case Rate,"100% Medicare OPPS FS. ",28479,,,,,,,Case Rate,". MPL 100/50/25% maxmium of 3 procedures. All add ons apply, and lesser of 100% of billed charges",15312,,,,,,,Case Rate,". Primary procedure pays at 100%, secondary at 50%, all subsequent at 25%.  Lesser of applies when negotiated rates exceed charges less addons.",28479,,,,,,,Case Rate,". MPL 100/50/25% maxmium of 3 procedures. All add ons apply, and lesser of 100% of billed charges",3837.52,,,,,,,Case Rate,"100% Medicare OPPS FS. ",3993.27,,,,,,,Case Rate,"100 Percent of Medicaid APG. ",3837.52,,,,,,,Case Rate,"100% Medicare OPPS FS. ",28479,,,,,,,Case Rate,". MPL 100/50/25% maxmium of 3 procedures. All add ons apply, and lesser of 100% of billed charges",17508.84,,,,,,,Case Rate,". MPL 100/50/25% all add ons apply, and lesser of 100% of billed charges",3993.27,,,,,,,Case Rate,"100 Percent of Medicaid APG. ",10351,,,,,,,Case Rate,". MPL 100/50/25% all add ons apply, and lesser of 100% of billed charges",4791.92,,,,,,,Fee Schedule,"120 Percent of Medicaid APG. ",4791.92,,,,,,,Fee Schedule,"120 Percent of Medicaid APG. ",10351,,,,,,,Case Rate,". MPL 100/50/25% all add ons apply, and lesser of 100% of billed charges",10351,,,,,,,Case Rate,". MPL 100/50/25% all add ons apply, and lesser of 100% of billed charges",10351,,,,,,,Case Rate,". MPL 100/50/25% all add ons apply, and lesser of 100% of billed charges",17508.84,,,,,,,Case Rate,". MPL 100/50/25% all add ons apply, and lesser of 100% of billed charges",10351,,,,,,,Case Rate,". MPL 100/50/25% all add ons apply, and lesser of 100% of billed charges",10351,,,,,,,Case Rate,". MPL 100/50/25% all add ons apply, and lesser of 100% of billed charges",10351,,,,,,,Case Rate,". MPL 100/50/25% all add ons apply, and lesser of 100% of billed charges",13151,,,,,,,Case Rate,". ",13151,,,,,,,Case Rate,". ",7598.3,,,,,,,Case Rate,198 Percent of Medicare OPPS. Metroplus will reimburse unlisted codes and described codes with no Medicare rate at 50 percent of charges.,3993.27,,,,,,,Case Rate,"100 Percent of Medicaid APG. ",17508.84,,,,,,,Case Rate,". MPL 100/50/25% all add ons apply, and lesser of 100% of billed charges",28479,,,,,,,Case Rate,". MPL 100/50/25% maxmium of 3 procedures. All add ons apply, and lesser of 100% of billed charges",15312,,,,,,,Case Rate,". Primary procedure pays at 100%, secondary at 50%, all subsequent at 25%.  Lesser of applies when negotiated rates exceed charges less addons.",17508.84,,,,,,,Case Rate,". MPL 100/50/25% all add ons apply, and lesser of 100% of billed charges",15312,,,,,,,Case Rate,". Primary procedure pays at 100%, secondary at 50%, all subsequent at 25%.  Lesser of applies when negotiated rates exceed charges less addons.",17508.84,,,,,,,Case Rate,". MPL 100/50/25% all add ons apply, and lesser of 100% of billed charges",10351,,,,,,,Case Rate,". MPL 100/50/25% all add ons apply, and lesser of 100% of billed charges",10351,,,,,,,Case Rate,". MPL 100/50/25% all add ons apply, and lesser of 100% of billed charges",10351,,,,,,,Case Rate,". MPL 100/50/25% all add ons apply, and lesser of 100% of billed charges",10351,,,,,,,Case Rate,". MPL 100/50/25% all add ons apply, and lesser of 100% of billed charges",3837.52,,,,,,,Case Rate,"100% Medicare OPPS FS. ",1103.36,28479,
42699,CPT,,,490,RC,UNLISTED PX SALIVRY GLND/DUX,,,both,,,,1352,,,,,,,Case Rate,". MPL 1st 100% of Payment Rate 50% of all others, all add ons apply, and lesser of 100% of billed charges.",1352,,,,,,,Case Rate,". MPL 1st 100% of Payment Rate 50% of all others, all add ons apply, and lesser of 100% of billed charges.",6593,,,,,,,Case Rate,". Primary procedure pays at 100%, secondary at 50%, all subsequent at 25%.  Lesser of applies when negotiated rates exceed charges less addons.",,100,,,,,0,percent of total billed charges,100 percent of billed charges. ; No services were performed during the 15 month look back period.,274.79,,,,,,,Case Rate,"100% Medicare OPPS FS. ",6593,,,,,,,Case Rate,". Primary procedure pays at 100%, secondary at 50%, all subsequent at 25%.  Lesser of applies when negotiated rates exceed charges less addons.",6593,,,,,,,Case Rate,". Primary procedure pays at 100%, secondary at 50%, all subsequent at 25%.  Lesser of applies when negotiated rates exceed charges less addons.",6593,,,,,,,Case Rate,". Primary procedure pays at 100%, secondary at 50%, all subsequent at 25%.  Lesser of applies when negotiated rates exceed charges less addons.",346.88,,,,,,,Case Rate,"100 Percent of Medicaid APG. ",289.07,,,,,,,Case Rate,"100 Percent of Medicaid APG. ",,78,,,,,0,percent of total billed charges,78% of Billed Charges. Lesser of 100% of billed charges applies.; No services were performed during the 15 month look back period.,4923.38,,,,,,,Case Rate,". MPL 100/50/25% all add ons apply, and lesser of 100% of billed charges",289.07,,,,,,,Case Rate,"100 Percent of Medicaid APG. ",274.79,,,,,,,Case Rate,"100% Medicare OPPS FS. ",6487,,,,,,,Case Rate,". MPL 100/50/25% maxmium of 3 procedures. All add ons apply, and lesser of 100% of billed charges",6487,,,,,,,Case Rate,". MPL 100/50/25% maxmium of 3 procedures. All add ons apply, and lesser of 100% of billed charges",6487,,,,,,,Case Rate,". MPL 100/50/25% maxmium of 3 procedures. All add ons apply, and lesser of 100% of billed charges",6487,,,,,,,Case Rate,". MPL 100/50/25% maxmium of 3 procedures. All add ons apply, and lesser of 100% of billed charges",289.07,,,,,,,Case rate,124 Percent of Medicaid APG. Covered services not payable under Medicaid Fee Schedules default to a payment of 50 percent of charges.,274.79,,,,,,,Case Rate,"100% Medicare OPPS FS. ",289.07,,,,,,,Case rate,124 Percent of Medicaid APG. Covered services not payable under Medicaid Fee Schedules default to a payment of 50 percent of charges.,,78,,,,,0,percent of total billed charges,78% of Billed Charges. Lesser of 100% of billed charges applies.; No services were performed during the 15 month look back period.,6593,,,,,,,Case Rate,". Primary procedure pays at 100%, secondary at 50%, all subsequent at 25%.  Lesser of applies when negotiated rates exceed charges less addons.",274.79,,,,,,,Case Rate,"100%Medicare OPPS FS. ",8427,,,,,,,Case Rate,". Primary procedure pays at 100%, all subsequent at 50%.",274.79,,,,,,,Case Rate,"100%Medicare OPPS FS. ",274.79,,,,,,,Case Rate,"100%Medicare OPPS FS. ",,78,,,,,0,percent of total billed charges,78% of Billed Charges. Lesser of 100% of billed charges applies.; No services were performed during the 15 month look back period.,,,,,,,,Fee Schedule,"Not payable. ",,,,,,,,Fee Schedule,"Not payable. ",289.07,,,,,,,Case rate,"100 Percent of Medicaid APG. ",289.07,,,,,,,Case rate,"100 Percent of Medicaid APG. ",8427,,,,,,,Case Rate,". Primary procedure pays at 100%, all subsequent at 50%.",8427,,,,,,,Case Rate,". Primary procedure pays at 100%, all subsequent at 50%.",289.07,,,,,,,Case Rate,"100 Percent of Medicaid APG. Not APG payable, or payable under another fee schedule like ASP/AWP pays at 30% of charges",8427,,,,,,,Case Rate,". Primary procedure pays at 100%, all subsequent at 50%.",289.07,,,,,,,Case Rate,"100 Percent of Medicaid APG. Not APG payable, or payable under another fee schedule like ASP/AWP pays at 30% of charges",274.79,,,,,,,Case Rate,"100%Medicare OPPS FS. ",8427,,,,,,,Case Rate,". Primary procedure pays at 100%, all subsequent at 50%.",,78,,,,,0,percent of total billed charges,78% of Billed Charges. Lesser of 100% of billed charges applies.; No services were performed during the 15 month look back period.,289.07,,,,,,,Case Rate,"100 Percent of Medicaid APG. ",289.07,,,,,,,Case Rate,"100 Percent of Medicaid APG. ",,78,,,,,0,percent of total billed charges,78% of Billed Charges. Lesser of 100% of billed charges applies.; No services were performed during the 15 month look back period.,6487,,,,,,,Case Rate,". MPL 100/50/25% maxmium of 3 procedures. All add ons apply, and lesser of 100% of billed charges",4500,,,,,,,Case Rate,". MPL 100/50/25% all add ons apply, and lesser of 100% of billed charges",4500,,,,,,,Case Rate,". MPL 100/50/25% all add ons apply, and lesser of 100% of billed charges",,78,,,,,0,percent of total billed charges,78% of Billed Charges. Lesser of 100% of billed charges applies.; No services were performed during the 15 month look back period.,274.79,,,,,,,Case Rate,"100% Medicare OPPS FS. ",4923.38,,,,,,,Case Rate,". MPL 100/50/25% all add ons apply, and lesser of 100% of billed charges",4923.38,,,,,,,Case Rate,". MPL 100/50/25% all add ons apply, and lesser of 100% of billed charges",4923.38,,,,,,,Case Rate,". MPL 100/50/25% all add ons apply, and lesser of 100% of billed charges",274.79,,,,,,,Case Rate,"100% Medicare OPPS FS. ",4923.38,,,,,,,Case Rate,". MPL 100/50/25% all add ons apply, and lesser of 100% of billed charges",4923.38,,,,,,,Case Rate,". MPL 100/50/25% all add ons apply, and lesser of 100% of billed charges",274.79,,,,,,,Case Rate,"100% of Medicare OPPS. ",25798,,,,,,,Case Rate,". MPL 100/75/50% all add ons apply, and lesser of 100% of billed charges",29589,,,,,,,Case Rate,". MPL 100/50/25% all add ons apply, and lesser of 100% of billed charges",29589,,,,,,,Case Rate,". MPL 100/50/25% all add ons apply, and lesser of 100% of billed charges",29589,,,,,,,Case Rate,". MPL 100/50/25% all add ons apply, and lesser of 100% of billed charges",29589,,,,,,,Case Rate,". MPL 100/50/25% all add ons apply, and lesser of 100% of billed charges",29589,,,,,,,Case Rate,". MPL 100/50/25% all add ons apply, and lesser of 100% of billed charges",29589,,,,,,,Case Rate,". MPL 100/50/25% all add ons apply, and lesser of 100% of billed charges",274.79,,,,,,,Case Rate,"100% Medicare OPPS FS. ",274.79,,,,,,,Case Rate,"100% Medicare OPPS FS. ",29589,,,,,,,Case Rate,". MPL 100/50/25% all add ons apply, and lesser of 100% of billed charges",,78,,,,,0,percent of total billed charges,78% of Billed Charges. Lesser of 100% of billed charges applies.; No services were performed during the 15 month look back period.,,78,,,,,0,percent of total billed charges,78% of Billed Charges. Lesser of 100% of billed charges applies.; No services were performed during the 15 month look back period.,,78,,,,,0,percent of total billed charges,78% of Billed Charges. Lesser of 100% of billed charges applies.; No services were performed during the 15 month look back period.,,78,,,,,0,percent of total billed charges,78% of Billed Charges. Lesser of 100% of billed charges applies.; No services were performed during the 15 month look back period.,,78,,,,,0,percent of total billed charges,78% of Billed Charges. Lesser of 100% of billed charges applies.; No services were performed during the 15 month look back period.,,78,,,,,0,percent of total billed charges,78% of Billed Charges. Lesser of 100% of billed charges applies.; No services were performed during the 15 month look back period.,,78,,,,,0,percent of total billed charges,78% of Billed Charges. Lesser of 100% of billed charges applies.; No services were performed during the 15 month look back period.,,78,,,,,0,percent of total billed charges,78% of Billed Charges. Lesser of 100% of billed charges applies.; No services were performed during the 15 month look back period.,,78,,,,,0,percent of total billed charges,78% of Billed Charges. Lesser of 100% of billed charges applies.; No services were performed during the 15 month look back period.,,78,,,,,0,percent of total billed charges,78% of Billed Charges. Lesser of 100% of billed charges applies.; No services were performed during the 15 month look back period.,,78,,,,,0,percent of total billed charges,78% of Billed Charges. Lesser of 100% of billed charges applies.; No services were performed during the 15 month look back period.,,78,,,,,0,percent of total billed charges,78% of Billed Charges. Lesser of 100% of billed charges applies.; No services were performed during the 15 month look back period.,,78,,,,,0,percent of total billed charges,78% of Billed Charges. Lesser of 100% of billed charges applies.; No services were performed during the 15 month look back period.,,78,,,,,0,percent of total billed charges,78% of Billed Charges. Lesser of 100% of billed charges applies.; No services were performed during the 15 month look back period.,,78,,,,,0,percent of total billed charges,78% of Billed Charges. Lesser of 100% of billed charges applies.; No services were performed during the 15 month look back period.,,78,,,,,0,percent of total billed charges,78% of Billed Charges. Lesser of 100% of billed charges applies.; No services were performed during the 15 month look back period.,,78,,,,,0,percent of total billed charges,78% of Billed Charges. Lesser of 100% of billed charges applies.; No services were performed during the 15 month look back period.,,78,,,,,0,percent of total billed charges,78% of Billed Charges. Lesser of 100% of billed charges applies.; No services were performed during the 15 month look back period.,,78,,,,,0,percent of total billed charges,78% of Billed Charges. Lesser of 100% of billed charges applies.; No services were performed during the 15 month look back period.,,78,,,,,0,percent of total billed charges,78% of Billed Charges. Lesser of 100% of billed charges applies.; No services were performed during the 15 month look back period.,,78,,,,,0,percent of total billed charges,78% of Billed Charges. Lesser of 100% of billed charges applies.; No services were performed during the 15 month look back period.,,78,,,,,0,percent of total billed charges,78% of Billed Charges. Lesser of 100% of billed charges applies.; No services were performed during the 15 month look back period.,,78,,,,,0,percent of total billed charges,78% of Billed Charges. Lesser of 100% of billed charges applies.; No services were performed during the 15 month look back period.,,78,,,,,0,percent of total billed charges,78% of Billed Charges. Lesser of 100% of billed charges applies.; No services were performed during the 15 month look back period.,,78,,,,,0,percent of total billed charges,78% of Billed Charges. Lesser of 100% of billed charges applies.; No services were performed during the 15 month look back period.,,78,,,,,0,percent of total billed charges,78% of Billed Charges. Lesser of 100% of billed charges applies.; No services were performed during the 15 month look back period.,8427,,,,,,,Case Rate,". Primary procedure pays at 100%, all subsequent at 50%.",8427,,,,,,,Case Rate,". Primary procedure pays at 100%, all subsequent at 50%.",8427,,,,,,,Case Rate,". Primary procedure pays at 100%, all subsequent at 50%.",8427,,,,,,,Case Rate,". Primary procedure pays at 100%, all subsequent at 50%.",12574,,,,,,,Case Rate,". Primary procedure pays at 100%, all subsequent at 50%.",12574,,,,,,,Case Rate,". Primary procedure pays at 100%, all subsequent at 50%.",6487,,,,,,,Case Rate,". MPL 100/50/25% maxmium of 3 procedures. All add ons apply, and lesser of 100% of billed charges",29589,,,,,,,Case Rate,". MPL 100/50/25% all add ons apply, and lesser of 100% of billed charges",4923.38,,,,,,,Case Rate,". MPL 100/50/25% all add ons apply, and lesser of 100% of billed charges",29589,,,,,,,Case Rate,". MPL 100/50/25% all add ons apply, and lesser of 100% of billed charges",,78,,,,,0,percent of total billed charges,78% of Billed Charges. Lesser of 100% of billed charges applies.; No services were performed during the 15 month look back period.,12574,,,,,,,Case Rate,". Primary procedure pays at 100%, all subsequent at 50%.",29589,,,,,,,Case Rate,". MPL 100/50/25% all add ons apply, and lesser of 100% of billed charges",4923.38,,,,,,,Case Rate,". MPL 100/50/25% all add ons apply, and lesser of 100% of billed charges",6487,,,,,,,Case Rate,". MPL 100/50/25% maxmium of 3 procedures. All add ons apply, and lesser of 100% of billed charges",,,,,,,,,"NA. ",,78,,,,,0,percent of total billed charges,78% of Billed Charges. Lesser of 100% of billed charges applies.; No services were performed during the 15 month look back period.,289.07,,,,,,,Case Rate,"100 Percent of Medicaid APG. ",8427,,,,,,,Case Rate,". Primary procedure pays at 100%, all subsequent at 50%.",289.07,,,,,,,Case Rate,"100 Percent of Medicaid APG. Not APG payable, or payable under another fee schedule like ASP/AWP pays at 30% of charges",274.79,,,,,,,Case Rate,"100%Medicare OPPS FS. ",274.79,,,,,,,Case Rate,"100% Medicare OPPS FS. ",25798,,,,,,,Case Rate,". MPL 100/75/50% all add ons apply, and lesser of 100% of billed charges",274.79,,,,,,,Case Rate,"100% Medicare OPPS FS. ",274.79,,,,,,,Case Rate,"100% Medicare OPPS FS. ",289.07,,,,,,,Case Rate,"100 Percent of Medicaid APG. ",274.79,,,,,,,Case Rate,"100% Medicare OPPS FS. ",274.79,,,,,,,Case Rate,"100% Medicare OPPS FS. ",6593,,,,,,,Case Rate,". Primary procedure pays at 100%, secondary at 50%, all subsequent at 25%.  Lesser of applies when negotiated rates exceed charges less addons.",6593,,,,,,,Case Rate,". Primary procedure pays at 100%, secondary at 50%, all subsequent at 25%.  Lesser of applies when negotiated rates exceed charges less addons.",274.79,,,,,,,Case Rate,"100% Medicare OPPS FS. ",6487,,,,,,,Case Rate,". MPL 100/50/25% maxmium of 3 procedures. All add ons apply, and lesser of 100% of billed charges",4923.38,,,,,,,Case Rate,". MPL 100/50/25% all add ons apply, and lesser of 100% of billed charges",4923.38,,,,,,,Case Rate,". MPL 100/50/25% all add ons apply, and lesser of 100% of billed charges",274.79,,,,,,,Case Rate,"100% Medicare OPPS FS. ",6487,,,,,,,Case Rate,". MPL 100/50/25% maxmium of 3 procedures. All add ons apply, and lesser of 100% of billed charges",6593,,,,,,,Case Rate,". Primary procedure pays at 100%, secondary at 50%, all subsequent at 25%.  Lesser of applies when negotiated rates exceed charges less addons.",6593,,,,,,,Case Rate,". Primary procedure pays at 100%, secondary at 50%, all subsequent at 25%.  Lesser of applies when negotiated rates exceed charges less addons.",6593,,,,,,,Case Rate,". Primary procedure pays at 100%, secondary at 50%, all subsequent at 25%.  Lesser of applies when negotiated rates exceed charges less addons.",,78,,,,,0,percent of total billed charges,78% of Billed Charges. Lesser of 100% of billed charges applies.; No services were performed during the 15 month look back period.,,78,,,,,0,percent of total billed charges,78% of Billed Charges. Lesser of 100% of billed charges applies.; No services were performed during the 15 month look back period.,,78,,,,,0,percent of total billed charges,78% of Billed Charges. Lesser of 100% of billed charges applies.; No services were performed during the 15 month look back period.,,78,,,,,0,percent of total billed charges,78% of Billed Charges. Lesser of 100% of billed charges applies.; No services were performed during the 15 month look back period.,,78,,,,,0,percent of total billed charges,78% of Billed Charges. Lesser of 100% of billed charges applies.; No services were performed during the 15 month look back period.,,78,,,,,0,percent of total billed charges,78% of Billed Charges. Lesser of 100% of billed charges applies.; No services were performed during the 15 month look back period.,,78,,,,,0,percent of total billed charges,78% of Billed Charges. Lesser of 100% of billed charges applies.; No services were performed during the 15 month look back period.,,78,,,,,0,percent of total billed charges,78% of Billed Charges. Lesser of 100% of billed charges applies.; No services were performed during the 15 month look back period.,,78,,,,,0,percent of total billed charges,78% of Billed Charges. Lesser of 100% of billed charges applies.; No services were performed during the 15 month look back period.,,78,,,,,0,percent of total billed charges,78% of Billed Charges. Lesser of 100% of billed charges applies.; No services were performed during the 15 month look back period.,,78,,,,,0,percent of total billed charges,78% of Billed Charges. Lesser of 100% of billed charges applies.; No services were performed during the 15 month look back period.,12574,,,,,,,Case Rate,". Primary procedure pays at 100%, all subsequent at 50%.",29589,,,,,,,Case Rate,". MPL 100/50/25% all add ons apply, and lesser of 100% of billed charges",6487,,,,,,,Case Rate,". MPL 100/50/25% maxmium of 3 procedures. All add ons apply, and lesser of 100% of billed charges",274.79,,,,,,,Case Rate,"100% Medicare OPPS FS. ",6593,,,,,,,Case Rate,". Primary procedure pays at 100%, secondary at 50%, all subsequent at 25%.  Lesser of applies when negotiated rates exceed charges less addons.",6487,,,,,,,Case Rate,". MPL 100/50/25% maxmium of 3 procedures. All add ons apply, and lesser of 100% of billed charges",6487,,,,,,,Case Rate,". MPL 100/50/25% maxmium of 3 procedures. All add ons apply, and lesser of 100% of billed charges",,78,,,,,0,percent of total billed charges,78% of Billed Charges. Lesser of 100% of billed charges applies.; No services were performed during the 15 month look back period.,618.61,,,,,,,Case Rate,"214 Percent of Medicaid APG. Drugs not priced under APG, billed with revenue code 636 and not priced by Medicare ASP FeeSched will be reimbursed at 20% of charges.",6487,,,,,,,Case Rate,". MPL 100/50/25% maxmium of 3 procedures. All add ons apply, and lesser of 100% of billed charges",289.07,,,,,,,Case Rate,"100 Percent of Medicaid APG. ",274.79,,,,,,,Case Rate,"100% Medicare OPPS FS. ",274.79,,,,,,,Case Rate,"100% Medicare OPPS FS. ",274.79,,,,,,,Case Rate,"100% Medicare OPPS FS. ",274.79,,,,,,,Case Rate,"100% Medicare OPPS FS. ",274.79,,,,,,,Case Rate,"100% Medicare OPPS FS. ",274.79,,,,,,,Case Rate,"100% Medicare OPPS FS. ",6487,,,,,,,Case Rate,". MPL 100/50/25% maxmium of 3 procedures. All add ons apply, and lesser of 100% of billed charges",25798,,,,,,,Case Rate,". MPL 100/75/50% all add ons apply, and lesser of 100% of billed charges",520.33,,,,,,,Fee Schedule,"180 Percent of Medicaid APG. ",520.33,,,,,,,Fee Schedule,"180 Percent of Medicaid APG. ",520.33,,,,,,,Fee Schedule,"180 Percent of Medicaid APG. ",520.33,,,,,,,Fee Schedule,"180 Percent of Medicaid APG. ",520.33,,,,,,,Fee Schedule,"180 Percent of Medicaid APG. ",,,,,,,,,"NA. ",25798,,,,,,,Case Rate,". MPL 100/75/50% all add ons apply, and lesser of 100% of billed charges",544.08,,,,,,,Case Rate,198 Percent of Medicare OPPS. Metroplus will reimburse unlisted codes and described codes with no Medicare rate at 50 percent of charges.,544.08,,,,,,,Case Rate,198 Percent of Medicare OPPS. Metroplus will reimburse unlisted codes and described codes with no Medicare rate at 50 percent of charges.,544.08,,,,,,,Case Rate,198 Percent of Medicare OPPS. Metroplus will reimburse unlisted codes and described codes with no Medicare rate at 50 percent of charges.,544.08,,,,,,,Case Rate,198 Percent of Medicare OPPS. Metroplus will reimburse unlisted codes and described codes with no Medicare rate at 50 percent of charges.,544.08,,,,,,,Case Rate,198 Percent of Medicare OPPS. Metroplus will reimburse unlisted codes and described codes with no Medicare rate at 50 percent of charges.,274.79,,,,,,,Case Rate,"100% Medicare OPPS FS. ",12574,,,,,,,Case Rate,". Primary procedure pays at 100%, all subsequent at 50%.",12574,,,,,,,Case Rate,". Primary procedure pays at 100%, all subsequent at 50%.",12574,,,,,,,Case Rate,". Primary procedure pays at 100%, all subsequent at 50%.",12574,,,,,,,Case Rate,". Primary procedure pays at 100%, all subsequent at 50%.",6593,,,,,,,Case Rate,". Primary procedure pays at 100%, secondary at 50%, all subsequent at 25%.  Lesser of applies when negotiated rates exceed charges less addons.",6593,,,,,,,Case Rate,". Primary procedure pays at 100%, secondary at 50%, all subsequent at 25%.  Lesser of applies when negotiated rates exceed charges less addons.",6593,,,,,,,Case Rate,". Primary procedure pays at 100%, secondary at 50%, all subsequent at 25%.  Lesser of applies when negotiated rates exceed charges less addons.",6593,,,,,,,Case Rate,". Primary procedure pays at 100%, secondary at 50%, all subsequent at 25%.  Lesser of applies when negotiated rates exceed charges less addons.",25798,,,,,,,Case Rate,". MPL 100/75/50% all add ons apply, and lesser of 100% of billed charges",25798,,,,,,,Case Rate,". MPL 100/75/50% all add ons apply, and lesser of 100% of billed charges",274.79,,,,,,,Case Rate,"100% Medicare OPPS FS. ",274.79,,,,,,,Case Rate,"100% Medicare OPPS FS. ",274.79,,,,,,,Case Rate,"100% Medicare OPPS FS. ",29589,,,,,,,Case Rate,". MPL 100/50/25% all add ons apply, and lesser of 100% of billed charges",29589,,,,,,,Case Rate,". MPL 100/50/25% all add ons apply, and lesser of 100% of billed charges",29589,,,,,,,Case Rate,". MPL 100/50/25% all add ons apply, and lesser of 100% of billed charges",25798,,,,,,,Case Rate,". MPL 100/75/50% all add ons apply, and lesser of 100% of billed charges",6593,,,,,,,Case Rate,". Primary procedure pays at 100%, secondary at 50%, all subsequent at 25%.  Lesser of applies when negotiated rates exceed charges less addons.",274.79,,,,,,,Case Rate,"100% Medicare OPPS FS. ",29589,,,,,,,Case Rate,". MPL 100/50/25% all add ons apply, and lesser of 100% of billed charges",289.07,,,,,,,Case Rate,"100 Percent of Medicaid APG. ",280.28,,,,,,,Case Rate,"102% of Medicare OPPS. ",280.28,,,,,,,Case Rate,"102% of Medicare OPPS. ",280.28,,,,,,,Case Rate,"102% of Medicare OPPS. ",289.07,,,,,,,Case rate,"100 Percent of Medicaid APG. ",650.41,,,,,,,Fee Schedule,225% of NYS APG. Lesser of 100% of billed charges applies.,650.41,,,,,,,Fee Schedule,225% of NYS APG. Lesser of 100% of billed charges applies.,650.41,,,,,,,Fee Schedule,225% of NYS APG. Lesser of 100% of billed charges applies.,650.41,,,,,,,Fee Schedule,225% of NYS APG. Lesser of 100% of billed charges applies.,650.41,,,,,,,Fee Schedule,225% of NYS APG. Lesser of 100% of billed charges applies.,280.28,,,,,,,Case Rate,"102% of Medicare OPPS. ",289.07,,,,,,,Case Rate,"100 Percent of Medicaid APG. ",,,,,,,,Fee Schedule,"Not payable. ",650.41,,,,,,,Fee Schedule,225% of NYS APG. Lesser of 100% of billed charges applies.,650.41,,,,,,,Fee Schedule,225% of NYS APG. Lesser of 100% of billed charges applies.,,,,,,,,Fee Schedule,"Not payable. ",,,,,,,,Fee Schedule,"Not payable. ",520.33,,,,,,,Fee Schedule,"180 Percent of Medicaid APG. ",274.79,,,,,,,Case Rate,"100% Medicare OPPS FS. ",274.79,,,,,,,Case Rate,"100% Medicare OPPS FS. ",6593,,,,,,,Case Rate,". Primary procedure pays at 100%, secondary at 50%, all subsequent at 25%.  Lesser of applies when negotiated rates exceed charges less addons.",274.79,,,,,,,Case Rate,"100% Medicare OPPS FS. ",650.41,,,,,,,Case Rate,"225 Percent of Medicaid APG. ",650.41,,,,,,,Case Rate,"225 Percent of Medicaid APG. ",289.07,,,,,,,Case rate,"100 Percent of Medicaid APG. ",289.07,,,,,,,Case rate,"100 Percent of Medicaid APG. ",650.41,,,,,,,Case Rate,225 Percent of Medicaid APG. Covered services not payable under Medicaid Fee Schedules default to a payment of 87.5 percent of charges.,289.07,,,,,,,Case rate,124 Percent of Medicaid APG. Covered services not payable under Medicaid Fee Schedules default to a payment of 50 percent of charges.,650.41,,,,,,,Case Rate,"100 Percent of Medicaid APG. ",650.41,,,,,,,Case Rate,"100 Percent of Medicaid APG. ",650.41,,,,,,,Case Rate,"100 Percent of Medicaid APG. ",650.41,,,,,,,Case Rate,"100 Percent of Medicaid APG. ",13453,,,,,,,Case Rate,". MPL 100/75/50% all add ons apply, and lesser of 100% of billed charges",25798,,,,,,,Case Rate,". MPL 100/75/50% all add ons apply, and lesser of 100% of billed charges",346.88,,,,,,,Case Rate,"120 Percent of Medicaid APG. Not APG payable, or payable under another fee schedule like ASP/AWP pays at 30% of charges",346.88,,,,,,,Case Rate,"120 Percent of Medicaid APG. Not APG payable, or payable under another fee schedule like ASP/AWP pays at 30% of charges",289.07,,,,,,,Case Rate,"100 Percent of Medicaid APG. Not APG payable, or payable under another fee schedule like ASP/AWP pays at 30% of charges",289.07,,,,,,,Case Rate,"100 Percent of Medicaid APG. Not APG payable, or payable under another fee schedule like ASP/AWP pays at 30% of charges",29589,,,,,,,Case Rate,". MPL 100/50/25% all add ons apply, and lesser of 100% of billed charges",29589,,,,,,,Case Rate,". MPL 100/50/25% all add ons apply, and lesser of 100% of billed charges",274.79,,,,,,,Case Rate,"100% Medicare OPPS FS. ",29589,,,,,,,Case Rate,". MPL 100/50/25% all add ons apply, and lesser of 100% of billed charges",29589,,,,,,,Case Rate,". MPL 100/50/25% all add ons apply, and lesser of 100% of billed charges",29589,,,,,,,Case Rate,". MPL 100/50/25% all add ons apply, and lesser of 100% of billed charges",29589,,,,,,,Case Rate,". MPL 100/50/25% all add ons apply, and lesser of 100% of billed charges",274.79,,,,,,,Case Rate,"100% Medicare OPPS FS. ",29589,,,,,,,Case Rate,". MPL 100/50/25% all add ons apply, and lesser of 100% of billed charges",29589,,,,,,,Case Rate,". MPL 100/50/25% all add ons apply, and lesser of 100% of billed charges",6593,,,,,,,Case Rate,". Primary procedure pays at 100%, secondary at 50%, all subsequent at 25%.  Lesser of applies when negotiated rates exceed charges less addons.",289.07,,,,,,,Fee Schedule,100% APG. Lesser of 100% of billed charges applies.,289.07,,,,,,,Case rate,124 Percent of Medicaid APG. Covered services not payable under Medicaid Fee Schedules default to a payment of 50 percent of charges.,650.41,,,,,,,Fee Schedule,225% of NYS APG. Lesser of 100% of billed charges applies.,650.41,,,,,,,Case Rate,225 Percent of Medicaid APG. Covered services not payable under Medicaid Fee Schedules default to a payment of 87.5 percent of charges.,289.07,,,,,,,Case rate,124 Percent of Medicaid APG. Covered services not payable under Medicaid Fee Schedules default to a payment of 50 percent of charges.,650.41,,,,,,,Fee Schedule,225% of NYS APG. Lesser of 100% of billed charges applies.,650.41,,,,,,,Fee Schedule,225% of NYS APG. Lesser of 100% of billed charges applies.,650.41,,,,,,,Fee Schedule,225% of NYS APG. Lesser of 100% of billed charges applies.,650.41,,,,,,,Fee Schedule,225% of NYS APG. Lesser of 100% of billed charges applies.,650.41,,,,,,,Fee Schedule,225% of NYS APG. Lesser of 100% of billed charges applies.,650.41,,,,,,,Fee Schedule,225% of NYS APG. Lesser of 100% of billed charges applies.,,,,,,,,,"NA. ",,,,,,,,,"NA. ",,,,,,,,,"NA. ",6487,,,,,,,Case Rate,". MPL 100/50/25% maxmium of 3 procedures. All add ons apply, and lesser of 100% of billed charges",,,,,,,,,"NA. ",274.79,,,,,,,Case Rate,"100% Medicare OPPS FS. ",1352,,,,,,,Case Rate,". MPL 1st 100% of Payment Rate 50% of all others, all add ons apply, and lesser of 100% of billed charges.",274.79,,,,,,,Case Rate,"100% Medicare OPPS FS. ",274.79,,,,,,,Case Rate,"100% Medicare OPPS FS. ",346.88,,,,,,,Case Rate,"120 Percent of Medicaid APG. Not APG payable, or payable under another fee schedule like ASP/AWP pays at 30% of charges",346.88,,,,,,,Case Rate,"120 Percent of Medicaid APG. Not APG payable, or payable under another fee schedule like ASP/AWP pays at 30% of charges",289.07,,,,,,,Case Rate,"100 Percent of Medicaid APG. Not APG payable, or payable under another fee schedule like ASP/AWP pays at 30% of charges",289.07,,,,,,,Case Rate,"100 Percent of Medicaid APG. Not APG payable, or payable under another fee schedule like ASP/AWP pays at 30% of charges",289.07,,,,,,,Case Rate,"100 Percent of Medicaid APG. ",7163,,,,,,,Case Rate,". ",6593,,,,,,,Case Rate,". Primary procedure pays at 100%, secondary at 50%, all subsequent at 25%.  Lesser of applies when negotiated rates exceed charges less addons.",8427,,,,,,,Case Rate,". Primary procedure pays at 100%, all subsequent at 50%.",6487,,,,,,,Case Rate,". MPL 100/50/25% maxmium of 3 procedures. All add ons apply, and lesser of 100% of billed charges",274.79,,,,,,,Case Rate,"100%Medicare OPPS FS. ",274.79,,,,,,,Case Rate,"100% Medicare OPPS FS. ",274.79,,,,,,,Case Rate,"100% Medicare OPPS FS. ",274.79,,,,,,,Case Rate,"100% Medicare OPPS FS. ",274.79,,,,,,,Case Rate,"100%Medicare OPPS FS. ",274.79,,,,,,,Case Rate,"100% Medicare OPPS FS. ",,,,,,,,,"NA. ",650.41,,,,,,,Fee Schedule,225% of NYS APG. Lesser of 100% of billed charges applies.,,,,,,,,Fee Schedule,"Not payable. ",29589,,,,,,,Case Rate,". MPL 100/50/25% all add ons apply, and lesser of 100% of billed charges",7163,,,,,,,Case Rate,". ",7163,,,,,,,Case Rate,". ",7163,,,,,,,Case Rate,". ",7163,,,,,,,Case Rate,". ",274.79,,,,,,,Case Rate,"100% Medicare OPPS FS. ",289.07,,,,,,,Case Rate,"100 Percent of Medicaid APG. ",29589,,,,,,,Case Rate,". MPL 100/50/25% all add ons apply, and lesser of 100% of billed charges",289.07,,,,,,,Case Rate,"100 Percent of Medicaid APG. ",274.79,,,,,,,Case Rate,"100% Medicare OPPS FS. ",289.07,,,,,,,Case Rate,"100 Percent of Medicaid APG. ",274.79,,,,,,,Case Rate,"100% Medicare OPPS FS. ",274.79,,,,,,,Case Rate,"100% Medicare OPPS FS. ",289.07,,,,,,,Case Rate,"100 Percent of Medicaid APG. ",289.07,,,,,,,Case Rate,"100 Percent of Medicaid APG. ",7163,,,,,,,Case Rate,". ",6487,,,,,,,Case Rate,". MPL 100/50/25% maxmium of 3 procedures. All add ons apply, and lesser of 100% of billed charges",,78,,,,,0,percent of total billed charges,78% of Billed Charges. Lesser of 100% of billed charges applies.; No services were performed during the 15 month look back period.,4923.38,,,,,,,Case Rate,". MPL 100/50/25% all add ons apply, and lesser of 100% of billed charges",4923.38,,,,,,,Case Rate,". MPL 100/50/25% all add ons apply, and lesser of 100% of billed charges",6593,,,,,,,Case Rate,". Primary procedure pays at 100%, secondary at 50%, all subsequent at 25%.  Lesser of applies when negotiated rates exceed charges less addons.",274.79,,,,,,,Case Rate,"98% of RBRVS. ",12574,,,,,,,Case Rate,". Primary procedure pays at 100%, all subsequent at 50%.",12574,,,,,,,Case Rate,". Primary procedure pays at 100%, all subsequent at 50%.",23671,,,,,,,Case Rate,". MPL 100/50/25% all add ons apply, and lesser of 100% of billed charges",23671,,,,,,,Case Rate,". MPL 100/50/25% all add ons apply, and lesser of 100% of billed charges",274.79,,,,,,,Case Rate,"100% Medicare OPPS FS. ",274.79,,,,,,,Case Rate,"100% Medicare OPPS FS. ",274.79,,,,,,,Case Rate,"100% Medicare OPPS FS. ",274.79,,,,,,,Case Rate,"100% Medicare OPPS FS. ",4923.38,,,,,,,Case Rate,". MPL 100/50/25% all add ons apply, and lesser of 100% of billed charges",29589,,,,,,,Case Rate,". MPL 100/50/25% all add ons apply, and lesser of 100% of billed charges",29589,,,,,,,Case Rate,". MPL 100/50/25% all add ons apply, and lesser of 100% of billed charges",274.79,,,,,,,Case Rate,"100% Medicare OPPS FS. ",23671,,,,,,,Case Rate,". MPL 100/50/25% all add ons apply, and lesser of 100% of billed charges",8427,,,,,,,Case Rate,". Primary procedure pays at 100%, all subsequent at 50%.",346.88,,,,,,,Fee Schedule,"120 Percent of Medicaid APG. ",289.07,,,,,,,Case Rate,"100 Percent of Medicaid APG. ",7163,,,,,,,Case Rate,". ",26630,,,,,,,Case Rate,". MPL 100/50/25% all add ons apply, and lesser of 100% of billed charges",26630,,,,,,,Case Rate,". MPL 100/50/25% all add ons apply, and lesser of 100% of billed charges",29589,,,,,,,Case Rate,". MPL 100/50/25% all add ons apply, and lesser of 100% of billed charges",14948,,,,,,,Case Rate,". MPL 100/75/50% all add ons apply, and lesser of 100% of billed charges",274.79,,,,,,,Case Rate,"100%Medicare OPPS FS. ",303.52,,,,,,,Fee Schedule,105 percent of Medicaid APG. otherwise 105% of Ordered NYS MCD FS or 105% of ASP+6%,303.52,,,,,,,Fee Schedule,105 percent of Medicaid APG. otherwise 105% of Ordered NYS MCD FS or 105% of ASP+6%,303.52,,,,,,,Fee Schedule,105 percent of Medicaid APG. otherwise 105% of Ordered NYS MCD FS or 105% of ASP+6%,390.24,,,,,,,Fee Schedule,135 percent of Medicaid APG. otherwise 135% of Ordered NYS MCD FS or 135% of ASP+6%,4923.38,,,,,,,Case Rate,". MPL 100/50/25% all add ons apply, and lesser of 100% of billed charges",303.52,,,,,,,Fee Schedule,105 percent of Medicaid APG. otherwise 105% of Ordered NYS MCD FS or 105% of ASP+6%,303.52,,,,,,,Fee Schedule,105 percent of Medicaid APG. otherwise 105% of Ordered NYS MCD FS or 105% of ASP+6%,303.52,,,,,,,Fee Schedule,105 percent of Medicaid APG. otherwise 105% of Ordered NYS MCD FS or 105% of ASP+6%,303.52,,,,,,,Fee Schedule,105 percent of Medicaid APG. otherwise 105% of Ordered NYS MCD FS or 105% of ASP+6%,303.52,,,,,,,Fee Schedule,105 percent of Medicaid APG. otherwise 105% of Ordered NYS MCD FS or 105% of ASP+6%,390.24,,,,,,,Fee Schedule,135 percent of Medicaid APG. otherwise 135% of Ordered NYS MCD FS or 135% of ASP+6%,390.24,,,,,,,Fee Schedule,135 percent of Medicaid APG. otherwise 135% of Ordered NYS MCD FS or 135% of ASP+6%,274.79,,,,,,,Case Rate,"100% Medicare OPPS FS. ",4923.38,,,,,,,Case Rate,". MPL 100/50/25% all add ons apply, and lesser of 100% of billed charges",274.79,,,,,,,Case Rate,"100% Medicare OPPS FS. ",303.52,,,,,,,Fee Schedule,105 percent of Medicaid APG. otherwise 105% of Ordered NYS MCD FS or 105% of ASP+6%,29589,,,,,,,Case Rate,". MPL 100/50/25% all add ons apply, and lesser of 100% of billed charges",274.79,,,,,,,Case Rate,"100% Medicare OPPS FS. ",29589,,,,,,,Case Rate,". MPL 100/50/25% all add ons apply, and lesser of 100% of billed charges",29589,,,,,,,Case Rate,". MPL 100/50/25% all add ons apply, and lesser of 100% of billed charges",29589,,,,,,,Case Rate,". MPL 100/50/25% all add ons apply, and lesser of 100% of billed charges",303.52,,,,,,,Fee Schedule,105 percent of Medicaid APG. otherwise 105% of Ordered NYS MCD FS or 105% of ASP+6%,274.79,,,,,,,Case Rate,"100% Medicare OPPS FS. ",29589,,,,,,,Case Rate,". MPL 100/50/25% all add ons apply, and lesser of 100% of billed charges",390.24,,,,,,,Fee Schedule,135 percent of Medicaid APG. otherwise 135% of Ordered NYS MCD FS or 135% of ASP+6%,29589,,,,,,,Case Rate,". MPL 100/50/25% all add ons apply, and lesser of 100% of billed charges",549.57,,,,,,,Case Rate,"150% of Medicare OPPS. ",274.79,,,,,,,Case Rate,"100%Medicare OPPS FS. ",7163,,,,,,,Case Rate,". ",7163,,,,,,,Case Rate,". ",7163,,,,,,,Case Rate,". ",7163,,,,,,,Case Rate,". ",7163,,,,,,,Case Rate,". ",8427,,,,,,,Case Rate,". Primary procedure pays at 100%, all subsequent at 50%.",8427,,,,,,,Case Rate,". Primary procedure pays at 100%, all subsequent at 50%.",7163,,,,,,,Case Rate,". ",7163,,,,,,,Case Rate,". ",7163,,,,,,,Case Rate,". ",7163,,,,,,,Case Rate,". ",7163,,,,,,,Case Rate,". ",274.79,,,,,,,Case Rate,"100% Medicare OPPS FS. ",8427,,,,,,,Case Rate,". Primary procedure pays at 100%, all subsequent at 50%.",274.79,,,,,,,Case Rate,"100% Medicare OPPS FS. ",650.41,,,,,,,Case Rate,"225 Percent of Medicaid APG. If not included in Medicaid APG, then 100 Percent of Manhattan Medicare",289.07,,,,,,,Case Rate,"100 Percent of Medicaid APG. ",4923.38,,,,,,,Case Rate,". MPL 100/50/25% all add ons apply, and lesser of 100% of billed charges",4923.38,,,,,,,Case Rate,". MPL 100/50/25% all add ons apply, and lesser of 100% of billed charges",274.79,,,,,,,Case Rate,"100% Medicare OPPS FS. ",12574,,,,,,,Case Rate,". Primary procedure pays at 100%, all subsequent at 50%.",274.79,,,,,,,Case Rate,"100% Medicare OPPS FS. ",274.79,,,,,,,Case Rate,"100% Medicare OPPS FS. ",6593,,,,,,,Case Rate,". Primary procedure pays at 100%, secondary at 50%, all subsequent at 25%.  Lesser of applies when negotiated rates exceed charges less addons.",274.79,,,,,,,Case Rate,"100% Medicare OPPS FS. ",6487,,,,,,,Case Rate,". MPL 100/50/25% maxmium of 3 procedures. All add ons apply, and lesser of 100% of billed charges",274.79,,,,,,,Case Rate,"100% Medicare OPPS FS. ",6487,,,,,,,Case Rate,". MPL 100/50/25% maxmium of 3 procedures. All add ons apply, and lesser of 100% of billed charges",6593,,,,,,,Case Rate,". Primary procedure pays at 100%, secondary at 50%, all subsequent at 25%.  Lesser of applies when negotiated rates exceed charges less addons.",6487,,,,,,,Case Rate,". MPL 100/50/25% maxmium of 3 procedures. All add ons apply, and lesser of 100% of billed charges",274.79,,,,,,,Case Rate,"100% Medicare OPPS FS. ",289.07,,,,,,,Case Rate,"100 Percent of Medicaid APG. ",274.79,,,,,,,Case Rate,"100% Medicare OPPS FS. ",6487,,,,,,,Case Rate,". MPL 100/50/25% maxmium of 3 procedures. All add ons apply, and lesser of 100% of billed charges",4923.38,,,,,,,Case Rate,". MPL 100/50/25% all add ons apply, and lesser of 100% of billed charges",289.07,,,,,,,Case Rate,"100 Percent of Medicaid APG. ",29589,,,,,,,Case Rate,". MPL 100/50/25% all add ons apply, and lesser of 100% of billed charges",346.88,,,,,,,Fee Schedule,"120 Percent of Medicaid APG. ",346.88,,,,,,,Fee Schedule,"120 Percent of Medicaid APG. ",29589,,,,,,,Case Rate,". MPL 100/50/25% all add ons apply, and lesser of 100% of billed charges",29589,,,,,,,Case Rate,". MPL 100/50/25% all add ons apply, and lesser of 100% of billed charges",29589,,,,,,,Case Rate,". MPL 100/50/25% all add ons apply, and lesser of 100% of billed charges",4923.38,,,,,,,Case Rate,". MPL 100/50/25% all add ons apply, and lesser of 100% of billed charges",29589,,,,,,,Case Rate,". MPL 100/50/25% all add ons apply, and lesser of 100% of billed charges",29589,,,,,,,Case Rate,". MPL 100/50/25% all add ons apply, and lesser of 100% of billed charges",29589,,,,,,,Case Rate,". MPL 100/50/25% all add ons apply, and lesser of 100% of billed charges",7163,,,,,,,Case Rate,". ",7163,,,,,,,Case Rate,". ",544.08,,,,,,,Case Rate,198 Percent of Medicare OPPS. Metroplus will reimburse unlisted codes and described codes with no Medicare rate at 50 percent of charges.,289.07,,,,,,,Case Rate,"100 Percent of Medicaid APG. ",4923.38,,,,,,,Case Rate,". MPL 100/50/25% all add ons apply, and lesser of 100% of billed charges",6487,,,,,,,Case Rate,". MPL 100/50/25% maxmium of 3 procedures. All add ons apply, and lesser of 100% of billed charges",6593,,,,,,,Case Rate,". Primary procedure pays at 100%, secondary at 50%, all subsequent at 25%.  Lesser of applies when negotiated rates exceed charges less addons.",4923.38,,,,,,,Case Rate,". MPL 100/50/25% all add ons apply, and lesser of 100% of billed charges",6593,,,,,,,Case Rate,". Primary procedure pays at 100%, secondary at 50%, all subsequent at 25%.  Lesser of applies when negotiated rates exceed charges less addons.",4923.38,,,,,,,Case Rate,". MPL 100/50/25% all add ons apply, and lesser of 100% of billed charges",29589,,,,,,,Case Rate,". MPL 100/50/25% all add ons apply, and lesser of 100% of billed charges",29589,,,,,,,Case Rate,". MPL 100/50/25% all add ons apply, and lesser of 100% of billed charges",29589,,,,,,,Case Rate,". MPL 100/50/25% all add ons apply, and lesser of 100% of billed charges",29589,,,,,,,Case Rate,". MPL 100/50/25% all add ons apply, and lesser of 100% of billed charges",274.79,,,,,,,Case Rate,"100% Medicare OPPS FS. ",274.79,29589,
43659,CPT,,,490,RC,UNLISTED LAPS PX STOMACH,,,both,,,,9740,,,,,,,Case Rate,". MPL 1st 100% of Payment Rate 50% of all others, all add ons apply, and lesser of 100% of billed charges.",9740,,,,,,,Case Rate,". MPL 1st 100% of Payment Rate 50% of all others, all add ons apply, and lesser of 100% of billed charges.",38443,,,,,,,Case Rate,". Primary procedure pays at 100%, secondary at 50%, all subsequent at 25%.  Lesser of applies when negotiated rates exceed charges less addons.",,100,,,,,0,percent of total billed charges,100 percent of billed charges. ; No services were performed during the 15 month look back period.,6903.8,,,,,,,Case Rate,"100% Medicare OPPS FS. ",38443,,,,,,,Case Rate,". Primary procedure pays at 100%, secondary at 50%, all subsequent at 25%.  Lesser of applies when negotiated rates exceed charges less addons.",38443,,,,,,,Case Rate,". Primary procedure pays at 100%, secondary at 50%, all subsequent at 25%.  Lesser of applies when negotiated rates exceed charges less addons.",38443,,,,,,,Case Rate,". Primary procedure pays at 100%, secondary at 50%, all subsequent at 25%.  Lesser of applies when negotiated rates exceed charges less addons.",2853.81,,,,,,,Case Rate,"100 Percent of Medicaid APG. ",2378.17,,,,,,,Case Rate,"100 Percent of Medicaid APG. ",,78,,,,,0,percent of total billed charges,78% of Billed Charges. Lesser of 100% of billed charges applies.; No services were performed during the 15 month look back period.,39779.96,,,,,,,Case Rate,". MPL 100/50/25% all add ons apply, and lesser of 100% of billed charges",2378.17,,,,,,,Case Rate,"100 Percent of Medicaid APG. ",6903.8,,,,,,,Case Rate,"100% Medicare OPPS FS. ",37670,,,,,,,Case Rate,". MPL 100/50/25% maxmium of 3 procedures. All add ons apply, and lesser of 100% of billed charges",37670,,,,,,,Case Rate,". MPL 100/50/25% maxmium of 3 procedures. All add ons apply, and lesser of 100% of billed charges",37670,,,,,,,Case Rate,". MPL 100/50/25% maxmium of 3 procedures. All add ons apply, and lesser of 100% of billed charges",37670,,,,,,,Case Rate,". MPL 100/50/25% maxmium of 3 procedures. All add ons apply, and lesser of 100% of billed charges",2378.17,,,,,,,Case rate,124 Percent of Medicaid APG. Covered services not payable under Medicaid Fee Schedules default to a payment of 50 percent of charges.,6903.8,,,,,,,Case Rate,"100% Medicare OPPS FS. ",2378.17,,,,,,,Case rate,124 Percent of Medicaid APG. Covered services not payable under Medicaid Fee Schedules default to a payment of 50 percent of charges.,,78,,,,,0,percent of total billed charges,78% of Billed Charges. Lesser of 100% of billed charges applies.; No services were performed during the 15 month look back period.,38443,,,,,,,Case Rate,". Primary procedure pays at 100%, secondary at 50%, all subsequent at 25%.  Lesser of applies when negotiated rates exceed charges less addons.",6903.8,,,,,,,Case Rate,"100%Medicare OPPS FS. ",8427,,,,,,,Case Rate,". Primary procedure pays at 100%, all subsequent at 50%.",6903.8,,,,,,,Case Rate,"100%Medicare OPPS FS. ",6903.8,,,,,,,Case Rate,"100%Medicare OPPS FS. ",,78,,,,,0,percent of total billed charges,78% of Billed Charges. Lesser of 100% of billed charges applies.; No services were performed during the 15 month look back period.,,,,,,,,Fee Schedule,"Not payable. ",,,,,,,,Fee Schedule,"Not payable. ",2378.17,,,,,,,Case rate,"100 Percent of Medicaid APG. ",2378.17,,,,,,,Case rate,"100 Percent of Medicaid APG. ",8427,,,,,,,Case Rate,". Primary procedure pays at 100%, all subsequent at 50%.",8427,,,,,,,Case Rate,". Primary procedure pays at 100%, all subsequent at 50%.",2378.17,,,,,,,Case Rate,"100 Percent of Medicaid APG. Not APG payable, or payable under another fee schedule like ASP/AWP pays at 30% of charges",8427,,,,,,,Case Rate,". Primary procedure pays at 100%, all subsequent at 50%.",2378.17,,,,,,,Case Rate,"100 Percent of Medicaid APG. Not APG payable, or payable under another fee schedule like ASP/AWP pays at 30% of charges",6903.8,,,,,,,Case Rate,"100%Medicare OPPS FS. ",8427,,,,,,,Case Rate,". Primary procedure pays at 100%, all subsequent at 50%.",,78,,,,,0,percent of total billed charges,78% of Billed Charges. Lesser of 100% of billed charges applies.; No services were performed during the 15 month look back period.,2378.17,,,,,,,Case Rate,"100 Percent of Medicaid APG. ",2378.17,,,,,,,Case Rate,"100 Percent of Medicaid APG. ",,78,,,,,0,percent of total billed charges,78% of Billed Charges. Lesser of 100% of billed charges applies.; No services were performed during the 15 month look back period.,37670,,,,,,,Case Rate,". MPL 100/50/25% maxmium of 3 procedures. All add ons apply, and lesser of 100% of billed charges",40000,,,,,,,Case Rate,". MPL 100/50/25% all add ons apply, and lesser of 100% of billed charges",40000,,,,,,,Case Rate,". MPL 100/50/25% all add ons apply, and lesser of 100% of billed charges",,78,,,,,0,percent of total billed charges,78% of Billed Charges. Lesser of 100% of billed charges applies.; No services were performed during the 15 month look back period.,6903.8,,,,,,,Case Rate,"100% Medicare OPPS FS. ",39779.96,,,,,,,Case Rate,". MPL 100/50/25% all add ons apply, and lesser of 100% of billed charges",39779.96,,,,,,,Case Rate,". MPL 100/50/25% all add ons apply, and lesser of 100% of billed charges",39779.96,,,,,,,Case Rate,". MPL 100/50/25% all add ons apply, and lesser of 100% of billed charges",6903.8,,,,,,,Case Rate,"100% Medicare OPPS FS. ",39779.96,,,,,,,Case Rate,". MPL 100/50/25% all add ons apply, and lesser of 100% of billed charges",39779.96,,,,,,,Case Rate,". MPL 100/50/25% all add ons apply, and lesser of 100% of billed charges",6903.8,,,,,,,Case Rate,"100% of Medicare OPPS. ",52476,,,,,,,Case Rate,". MPL 100/75/50% all add ons apply, and lesser of 100% of billed charges",18617,,,,,,,Case Rate,". MPL 100/50/25% all add ons apply, and lesser of 100% of billed charges",18617,,,,,,,Case Rate,". MPL 100/50/25% all add ons apply, and lesser of 100% of billed charges",18617,,,,,,,Case Rate,". MPL 100/50/25% all add ons apply, and lesser of 100% of billed charges",18617,,,,,,,Case Rate,". MPL 100/50/25% all add ons apply, and lesser of 100% of billed charges",18617,,,,,,,Case Rate,". MPL 100/50/25% all add ons apply, and lesser of 100% of billed charges",18617,,,,,,,Case Rate,". MPL 100/50/25% all add ons apply, and lesser of 100% of billed charges",6903.8,,,,,,,Case Rate,"100% Medicare OPPS FS. ",6903.8,,,,,,,Case Rate,"100% Medicare OPPS FS. ",18617,,,,,,,Case Rate,". MPL 100/50/25% all add ons apply, and lesser of 100% of billed charges",,78,,,,,0,percent of total billed charges,78% of Billed Charges. Lesser of 100% of billed charges applies.; No services were performed during the 15 month look back period.,,78,,,,,0,percent of total billed charges,78% of Billed Charges. Lesser of 100% of billed charges applies.; No services were performed during the 15 month look back period.,,78,,,,,0,percent of total billed charges,78% of Billed Charges. Lesser of 100% of billed charges applies.; No services were performed during the 15 month look back period.,,78,,,,,0,percent of total billed charges,78% of Billed Charges. Lesser of 100% of billed charges applies.; No services were performed during the 15 month look back period.,,78,,,,,0,percent of total billed charges,78% of Billed Charges. Lesser of 100% of billed charges applies.; No services were performed during the 15 month look back period.,,78,,,,,0,percent of total billed charges,78% of Billed Charges. Lesser of 100% of billed charges applies.; No services were performed during the 15 month look back period.,,78,,,,,0,percent of total billed charges,78% of Billed Charges. Lesser of 100% of billed charges applies.; No services were performed during the 15 month look back period.,,78,,,,,0,percent of total billed charges,78% of Billed Charges. Lesser of 100% of billed charges applies.; No services were performed during the 15 month look back period.,,78,,,,,0,percent of total billed charges,78% of Billed Charges. Lesser of 100% of billed charges applies.; No services were performed during the 15 month look back period.,,78,,,,,0,percent of total billed charges,78% of Billed Charges. Lesser of 100% of billed charges applies.; No services were performed during the 15 month look back period.,,78,,,,,0,percent of total billed charges,78% of Billed Charges. Lesser of 100% of billed charges applies.; No services were performed during the 15 month look back period.,,78,,,,,0,percent of total billed charges,78% of Billed Charges. Lesser of 100% of billed charges applies.; No services were performed during the 15 month look back period.,,78,,,,,0,percent of total billed charges,78% of Billed Charges. Lesser of 100% of billed charges applies.; No services were performed during the 15 month look back period.,,78,,,,,0,percent of total billed charges,78% of Billed Charges. Lesser of 100% of billed charges applies.; No services were performed during the 15 month look back period.,,78,,,,,0,percent of total billed charges,78% of Billed Charges. Lesser of 100% of billed charges applies.; No services were performed during the 15 month look back period.,,78,,,,,0,percent of total billed charges,78% of Billed Charges. Lesser of 100% of billed charges applies.; No services were performed during the 15 month look back period.,,78,,,,,0,percent of total billed charges,78% of Billed Charges. Lesser of 100% of billed charges applies.; No services were performed during the 15 month look back period.,,78,,,,,0,percent of total billed charges,78% of Billed Charges. Lesser of 100% of billed charges applies.; No services were performed during the 15 month look back period.,,78,,,,,0,percent of total billed charges,78% of Billed Charges. Lesser of 100% of billed charges applies.; No services were performed during the 15 month look back period.,,78,,,,,0,percent of total billed charges,78% of Billed Charges. Lesser of 100% of billed charges applies.; No services were performed during the 15 month look back period.,,78,,,,,0,percent of total billed charges,78% of Billed Charges. Lesser of 100% of billed charges applies.; No services were performed during the 15 month look back period.,,78,,,,,0,percent of total billed charges,78% of Billed Charges. Lesser of 100% of billed charges applies.; No services were performed during the 15 month look back period.,,78,,,,,0,percent of total billed charges,78% of Billed Charges. Lesser of 100% of billed charges applies.; No services were performed during the 15 month look back period.,,78,,,,,0,percent of total billed charges,78% of Billed Charges. Lesser of 100% of billed charges applies.; No services were performed during the 15 month look back period.,,78,,,,,0,percent of total billed charges,78% of Billed Charges. Lesser of 100% of billed charges applies.; No services were performed during the 15 month look back period.,,78,,,,,0,percent of total billed charges,78% of Billed Charges. Lesser of 100% of billed charges applies.; No services were performed during the 15 month look back period.,8427,,,,,,,Case Rate,". Primary procedure pays at 100%, all subsequent at 50%.",8427,,,,,,,Case Rate,". Primary procedure pays at 100%, all subsequent at 50%.",8427,,,,,,,Case Rate,". Primary procedure pays at 100%, all subsequent at 50%.",8427,,,,,,,Case Rate,". Primary procedure pays at 100%, all subsequent at 50%.",50991,,,,,,,Case Rate,". Primary procedure pays at 100%, all subsequent at 50%.",50991,,,,,,,Case Rate,". Primary procedure pays at 100%, all subsequent at 50%.",37670,,,,,,,Case Rate,". MPL 100/50/25% maxmium of 3 procedures. All add ons apply, and lesser of 100% of billed charges",18617,,,,,,,Case Rate,". MPL 100/50/25% all add ons apply, and lesser of 100% of billed charges",39779.96,,,,,,,Case Rate,". MPL 100/50/25% all add ons apply, and lesser of 100% of billed charges",18617,,,,,,,Case Rate,". MPL 100/50/25% all add ons apply, and lesser of 100% of billed charges",,78,,,,,0,percent of total billed charges,78% of Billed Charges. Lesser of 100% of billed charges applies.; No services were performed during the 15 month look back period.,50991,,,,,,,Case Rate,". Primary procedure pays at 100%, all subsequent at 50%.",18617,,,,,,,Case Rate,". MPL 100/50/25% all add ons apply, and lesser of 100% of billed charges",39779.96,,,,,,,Case Rate,". MPL 100/50/25% all add ons apply, and lesser of 100% of billed charges",37670,,,,,,,Case Rate,". MPL 100/50/25% maxmium of 3 procedures. All add ons apply, and lesser of 100% of billed charges",,,,,,,,,"NA. ",,78,,,,,0,percent of total billed charges,78% of Billed Charges. Lesser of 100% of billed charges applies.; No services were performed during the 15 month look back period.,2378.17,,,,,,,Case Rate,"100 Percent of Medicaid APG. ",8427,,,,,,,Case Rate,". Primary procedure pays at 100%, all subsequent at 50%.",2378.17,,,,,,,Case Rate,"100 Percent of Medicaid APG. Not APG payable, or payable under another fee schedule like ASP/AWP pays at 30% of charges",6903.8,,,,,,,Case Rate,"100%Medicare OPPS FS. ",6903.8,,,,,,,Case Rate,"100% Medicare OPPS FS. ",52476,,,,,,,Case Rate,". MPL 100/75/50% all add ons apply, and lesser of 100% of billed charges",6903.8,,,,,,,Case Rate,"100% Medicare OPPS FS. ",6903.8,,,,,,,Case Rate,"100% Medicare OPPS FS. ",2378.17,,,,,,,Case Rate,"100 Percent of Medicaid APG. ",6903.8,,,,,,,Case Rate,"100% Medicare OPPS FS. ",6903.8,,,,,,,Case Rate,"100% Medicare OPPS FS. ",38443,,,,,,,Case Rate,". Primary procedure pays at 100%, secondary at 50%, all subsequent at 25%.  Lesser of applies when negotiated rates exceed charges less addons.",38443,,,,,,,Case Rate,". Primary procedure pays at 100%, secondary at 50%, all subsequent at 25%.  Lesser of applies when negotiated rates exceed charges less addons.",6903.8,,,,,,,Case Rate,"100% Medicare OPPS FS. ",37670,,,,,,,Case Rate,". MPL 100/50/25% maxmium of 3 procedures. All add ons apply, and lesser of 100% of billed charges",39779.96,,,,,,,Case Rate,". MPL 100/50/25% all add ons apply, and lesser of 100% of billed charges",39779.96,,,,,,,Case Rate,". MPL 100/50/25% all add ons apply, and lesser of 100% of billed charges",6903.8,,,,,,,Case Rate,"100% Medicare OPPS FS. ",37670,,,,,,,Case Rate,". MPL 100/50/25% maxmium of 3 procedures. All add ons apply, and lesser of 100% of billed charges",38443,,,,,,,Case Rate,". Primary procedure pays at 100%, secondary at 50%, all subsequent at 25%.  Lesser of applies when negotiated rates exceed charges less addons.",38443,,,,,,,Case Rate,". Primary procedure pays at 100%, secondary at 50%, all subsequent at 25%.  Lesser of applies when negotiated rates exceed charges less addons.",38443,,,,,,,Case Rate,". Primary procedure pays at 100%, secondary at 50%, all subsequent at 25%.  Lesser of applies when negotiated rates exceed charges less addons.",,78,,,,,0,percent of total billed charges,78% of Billed Charges. Lesser of 100% of billed charges applies.; No services were performed during the 15 month look back period.,,78,,,,,0,percent of total billed charges,78% of Billed Charges. Lesser of 100% of billed charges applies.; No services were performed during the 15 month look back period.,,78,,,,,0,percent of total billed charges,78% of Billed Charges. Lesser of 100% of billed charges applies.; No services were performed during the 15 month look back period.,,78,,,,,0,percent of total billed charges,78% of Billed Charges. Lesser of 100% of billed charges applies.; No services were performed during the 15 month look back period.,,78,,,,,0,percent of total billed charges,78% of Billed Charges. Lesser of 100% of billed charges applies.; No services were performed during the 15 month look back period.,,78,,,,,0,percent of total billed charges,78% of Billed Charges. Lesser of 100% of billed charges applies.; No services were performed during the 15 month look back period.,,78,,,,,0,percent of total billed charges,78% of Billed Charges. Lesser of 100% of billed charges applies.; No services were performed during the 15 month look back period.,,78,,,,,0,percent of total billed charges,78% of Billed Charges. Lesser of 100% of billed charges applies.; No services were performed during the 15 month look back period.,,78,,,,,0,percent of total billed charges,78% of Billed Charges. Lesser of 100% of billed charges applies.; No services were performed during the 15 month look back period.,,78,,,,,0,percent of total billed charges,78% of Billed Charges. Lesser of 100% of billed charges applies.; No services were performed during the 15 month look back period.,,78,,,,,0,percent of total billed charges,78% of Billed Charges. Lesser of 100% of billed charges applies.; No services were performed during the 15 month look back period.,50991,,,,,,,Case Rate,". Primary procedure pays at 100%, all subsequent at 50%.",18617,,,,,,,Case Rate,". MPL 100/50/25% all add ons apply, and lesser of 100% of billed charges",37670,,,,,,,Case Rate,". MPL 100/50/25% maxmium of 3 procedures. All add ons apply, and lesser of 100% of billed charges",6903.8,,,,,,,Case Rate,"100% Medicare OPPS FS. ",38443,,,,,,,Case Rate,". Primary procedure pays at 100%, secondary at 50%, all subsequent at 25%.  Lesser of applies when negotiated rates exceed charges less addons.",37670,,,,,,,Case Rate,". MPL 100/50/25% maxmium of 3 procedures. All add ons apply, and lesser of 100% of billed charges",37670,,,,,,,Case Rate,". MPL 100/50/25% maxmium of 3 procedures. All add ons apply, and lesser of 100% of billed charges",,78,,,,,0,percent of total billed charges,78% of Billed Charges. Lesser of 100% of billed charges applies.; No services were performed during the 15 month look back period.,5089.29,,,,,,,Case Rate,"214 Percent of Medicaid APG. Drugs not priced under APG, billed with revenue code 636 and not priced by Medicare ASP FeeSched will be reimbursed at 20% of charges.",37670,,,,,,,Case Rate,". MPL 100/50/25% maxmium of 3 procedures. All add ons apply, and lesser of 100% of billed charges",2378.17,,,,,,,Case Rate,"100 Percent of Medicaid APG. ",6903.8,,,,,,,Case Rate,"100% Medicare OPPS FS. ",6903.8,,,,,,,Case Rate,"100% Medicare OPPS FS. ",6903.8,,,,,,,Case Rate,"100% Medicare OPPS FS. ",6903.8,,,,,,,Case Rate,"100% Medicare OPPS FS. ",6903.8,,,,,,,Case Rate,"100% Medicare OPPS FS. ",6903.8,,,,,,,Case Rate,"100% Medicare OPPS FS. ",37670,,,,,,,Case Rate,". MPL 100/50/25% maxmium of 3 procedures. All add ons apply, and lesser of 100% of billed charges",52476,,,,,,,Case Rate,". MPL 100/75/50% all add ons apply, and lesser of 100% of billed charges",4280.71,,,,,,,Fee Schedule,"180 Percent of Medicaid APG. ",4280.71,,,,,,,Fee Schedule,"180 Percent of Medicaid APG. ",4280.71,,,,,,,Fee Schedule,"180 Percent of Medicaid APG. ",4280.71,,,,,,,Fee Schedule,"180 Percent of Medicaid APG. ",4280.71,,,,,,,Fee Schedule,"180 Percent of Medicaid APG. ",,,,,,,,,"NA. ",52476,,,,,,,Case Rate,". MPL 100/75/50% all add ons apply, and lesser of 100% of billed charges",13669.52,,,,,,,Case Rate,198 Percent of Medicare OPPS. Metroplus will reimburse unlisted codes and described codes with no Medicare rate at 50 percent of charges.,13669.52,,,,,,,Case Rate,198 Percent of Medicare OPPS. Metroplus will reimburse unlisted codes and described codes with no Medicare rate at 50 percent of charges.,13669.52,,,,,,,Case Rate,198 Percent of Medicare OPPS. Metroplus will reimburse unlisted codes and described codes with no Medicare rate at 50 percent of charges.,13669.52,,,,,,,Case Rate,198 Percent of Medicare OPPS. Metroplus will reimburse unlisted codes and described codes with no Medicare rate at 50 percent of charges.,13669.52,,,,,,,Case Rate,198 Percent of Medicare OPPS. Metroplus will reimburse unlisted codes and described codes with no Medicare rate at 50 percent of charges.,6903.8,,,,,,,Case Rate,"100% Medicare OPPS FS. ",50991,,,,,,,Case Rate,". Primary procedure pays at 100%, all subsequent at 50%.",50991,,,,,,,Case Rate,". Primary procedure pays at 100%, all subsequent at 50%.",50991,,,,,,,Case Rate,". Primary procedure pays at 100%, all subsequent at 50%.",50991,,,,,,,Case Rate,". Primary procedure pays at 100%, all subsequent at 50%.",38443,,,,,,,Case Rate,". Primary procedure pays at 100%, secondary at 50%, all subsequent at 25%.  Lesser of applies when negotiated rates exceed charges less addons.",38443,,,,,,,Case Rate,". Primary procedure pays at 100%, secondary at 50%, all subsequent at 25%.  Lesser of applies when negotiated rates exceed charges less addons.",38443,,,,,,,Case Rate,". Primary procedure pays at 100%, secondary at 50%, all subsequent at 25%.  Lesser of applies when negotiated rates exceed charges less addons.",38443,,,,,,,Case Rate,". Primary procedure pays at 100%, secondary at 50%, all subsequent at 25%.  Lesser of applies when negotiated rates exceed charges less addons.",52476,,,,,,,Case Rate,". MPL 100/75/50% all add ons apply, and lesser of 100% of billed charges",52476,,,,,,,Case Rate,". MPL 100/75/50% all add ons apply, and lesser of 100% of billed charges",6903.8,,,,,,,Case Rate,"100% Medicare OPPS FS. ",6903.8,,,,,,,Case Rate,"100% Medicare OPPS FS. ",6903.8,,,,,,,Case Rate,"100% Medicare OPPS FS. ",18617,,,,,,,Case Rate,". MPL 100/50/25% all add ons apply, and lesser of 100% of billed charges",18617,,,,,,,Case Rate,". MPL 100/50/25% all add ons apply, and lesser of 100% of billed charges",18617,,,,,,,Case Rate,". MPL 100/50/25% all add ons apply, and lesser of 100% of billed charges",52476,,,,,,,Case Rate,". MPL 100/75/50% all add ons apply, and lesser of 100% of billed charges",38443,,,,,,,Case Rate,". Primary procedure pays at 100%, secondary at 50%, all subsequent at 25%.  Lesser of applies when negotiated rates exceed charges less addons.",6903.8,,,,,,,Case Rate,"100% Medicare OPPS FS. ",18617,,,,,,,Case Rate,". MPL 100/50/25% all add ons apply, and lesser of 100% of billed charges",2378.17,,,,,,,Case Rate,"100 Percent of Medicaid APG. ",7041.87,,,,,,,Case Rate,"102% of Medicare OPPS. ",7041.87,,,,,,,Case Rate,"102% of Medicare OPPS. ",7041.87,,,,,,,Case Rate,"102% of Medicare OPPS. ",2378.17,,,,,,,Case rate,"100 Percent of Medicaid APG. ",5350.89,,,,,,,Fee Schedule,225% of NYS APG. Lesser of 100% of billed charges applies.,5350.89,,,,,,,Fee Schedule,225% of NYS APG. Lesser of 100% of billed charges applies.,5350.89,,,,,,,Fee Schedule,225% of NYS APG. Lesser of 100% of billed charges applies.,5350.89,,,,,,,Fee Schedule,225% of NYS APG. Lesser of 100% of billed charges applies.,5350.89,,,,,,,Fee Schedule,225% of NYS APG. Lesser of 100% of billed charges applies.,7041.87,,,,,,,Case Rate,"102% of Medicare OPPS. ",2378.17,,,,,,,Case Rate,"100 Percent of Medicaid APG. ",,,,,,,,Fee Schedule,"Not payable. ",5350.89,,,,,,,Fee Schedule,225% of NYS APG. Lesser of 100% of billed charges applies.,5350.89,,,,,,,Fee Schedule,225% of NYS APG. Lesser of 100% of billed charges applies.,,,,,,,,Fee Schedule,"Not payable. ",,,,,,,,Fee Schedule,"Not payable. ",4280.71,,,,,,,Fee Schedule,"180 Percent of Medicaid APG. ",6903.8,,,,,,,Case Rate,"100% Medicare OPPS FS. ",6903.8,,,,,,,Case Rate,"100% Medicare OPPS FS. ",38443,,,,,,,Case Rate,". Primary procedure pays at 100%, secondary at 50%, all subsequent at 25%.  Lesser of applies when negotiated rates exceed charges less addons.",6903.8,,,,,,,Case Rate,"100% Medicare OPPS FS. ",5350.89,,,,,,,Case Rate,"225 Percent of Medicaid APG. ",5350.89,,,,,,,Case Rate,"225 Percent of Medicaid APG. ",2378.17,,,,,,,Case rate,"100 Percent of Medicaid APG. ",2378.17,,,,,,,Case rate,"100 Percent of Medicaid APG. ",5350.89,,,,,,,Case Rate,225 Percent of Medicaid APG. Covered services not payable under Medicaid Fee Schedules default to a payment of 87.5 percent of charges.,2378.17,,,,,,,Case rate,124 Percent of Medicaid APG. Covered services not payable under Medicaid Fee Schedules default to a payment of 50 percent of charges.,5350.89,,,,,,,Case Rate,"100 Percent of Medicaid APG. ",5350.89,,,,,,,Case Rate,"100 Percent of Medicaid APG. ",5350.89,,,,,,,Case Rate,"100 Percent of Medicaid APG. ",5350.89,,,,,,,Case Rate,"100 Percent of Medicaid APG. ",13453,,,,,,,Case Rate,". MPL 100/75/50% all add ons apply, and lesser of 100% of billed charges",52476,,,,,,,Case Rate,". MPL 100/75/50% all add ons apply, and lesser of 100% of billed charges",2853.81,,,,,,,Case Rate,"120 Percent of Medicaid APG. Not APG payable, or payable under another fee schedule like ASP/AWP pays at 30% of charges",2853.81,,,,,,,Case Rate,"120 Percent of Medicaid APG. Not APG payable, or payable under another fee schedule like ASP/AWP pays at 30% of charges",2378.17,,,,,,,Case Rate,"100 Percent of Medicaid APG. Not APG payable, or payable under another fee schedule like ASP/AWP pays at 30% of charges",2378.17,,,,,,,Case Rate,"100 Percent of Medicaid APG. Not APG payable, or payable under another fee schedule like ASP/AWP pays at 30% of charges",18617,,,,,,,Case Rate,". MPL 100/50/25% all add ons apply, and lesser of 100% of billed charges",18617,,,,,,,Case Rate,". MPL 100/50/25% all add ons apply, and lesser of 100% of billed charges",6903.8,,,,,,,Case Rate,"100% Medicare OPPS FS. ",18617,,,,,,,Case Rate,". MPL 100/50/25% all add ons apply, and lesser of 100% of billed charges",18617,,,,,,,Case Rate,". MPL 100/50/25% all add ons apply, and lesser of 100% of billed charges",18617,,,,,,,Case Rate,". MPL 100/50/25% all add ons apply, and lesser of 100% of billed charges",18617,,,,,,,Case Rate,". MPL 100/50/25% all add ons apply, and lesser of 100% of billed charges",6903.8,,,,,,,Case Rate,"100% Medicare OPPS FS. ",18617,,,,,,,Case Rate,". MPL 100/50/25% all add ons apply, and lesser of 100% of billed charges",18617,,,,,,,Case Rate,". MPL 100/50/25% all add ons apply, and lesser of 100% of billed charges",38443,,,,,,,Case Rate,". Primary procedure pays at 100%, secondary at 50%, all subsequent at 25%.  Lesser of applies when negotiated rates exceed charges less addons.",2378.17,,,,,,,Fee Schedule,100% APG. Lesser of 100% of billed charges applies.,2378.17,,,,,,,Case rate,124 Percent of Medicaid APG. Covered services not payable under Medicaid Fee Schedules default to a payment of 50 percent of charges.,5350.89,,,,,,,Fee Schedule,225% of NYS APG. Lesser of 100% of billed charges applies.,5350.89,,,,,,,Case Rate,225 Percent of Medicaid APG. Covered services not payable under Medicaid Fee Schedules default to a payment of 87.5 percent of charges.,2378.17,,,,,,,Case rate,124 Percent of Medicaid APG. Covered services not payable under Medicaid Fee Schedules default to a payment of 50 percent of charges.,5350.89,,,,,,,Fee Schedule,225% of NYS APG. Lesser of 100% of billed charges applies.,5350.89,,,,,,,Fee Schedule,225% of NYS APG. Lesser of 100% of billed charges applies.,5350.89,,,,,,,Fee Schedule,225% of NYS APG. Lesser of 100% of billed charges applies.,5350.89,,,,,,,Fee Schedule,225% of NYS APG. Lesser of 100% of billed charges applies.,5350.89,,,,,,,Fee Schedule,225% of NYS APG. Lesser of 100% of billed charges applies.,5350.89,,,,,,,Fee Schedule,225% of NYS APG. Lesser of 100% of billed charges applies.,,,,,,,,,"NA. ",,,,,,,,,"NA. ",,,,,,,,,"NA. ",37670,,,,,,,Case Rate,". MPL 100/50/25% maxmium of 3 procedures. All add ons apply, and lesser of 100% of billed charges",,,,,,,,,"NA. ",6903.8,,,,,,,Case Rate,"100% Medicare OPPS FS. ",9740,,,,,,,Case Rate,". MPL 1st 100% of Payment Rate 50% of all others, all add ons apply, and lesser of 100% of billed charges.",6903.8,,,,,,,Case Rate,"100% Medicare OPPS FS. ",6903.8,,,,,,,Case Rate,"100% Medicare OPPS FS. ",2853.81,,,,,,,Case Rate,"120 Percent of Medicaid APG. Not APG payable, or payable under another fee schedule like ASP/AWP pays at 30% of charges",2853.81,,,,,,,Case Rate,"120 Percent of Medicaid APG. Not APG payable, or payable under another fee schedule like ASP/AWP pays at 30% of charges",2378.17,,,,,,,Case Rate,"100 Percent of Medicaid APG. Not APG payable, or payable under another fee schedule like ASP/AWP pays at 30% of charges",2378.17,,,,,,,Case Rate,"100 Percent of Medicaid APG. Not APG payable, or payable under another fee schedule like ASP/AWP pays at 30% of charges",2378.17,,,,,,,Case Rate,"100 Percent of Medicaid APG. ",7163,,,,,,,Case Rate,". ",38443,,,,,,,Case Rate,". Primary procedure pays at 100%, secondary at 50%, all subsequent at 25%.  Lesser of applies when negotiated rates exceed charges less addons.",8427,,,,,,,Case Rate,". Primary procedure pays at 100%, all subsequent at 50%.",37670,,,,,,,Case Rate,". MPL 100/50/25% maxmium of 3 procedures. All add ons apply, and lesser of 100% of billed charges",6903.8,,,,,,,Case Rate,"100%Medicare OPPS FS. ",6903.8,,,,,,,Case Rate,"100% Medicare OPPS FS. ",6903.8,,,,,,,Case Rate,"100% Medicare OPPS FS. ",6903.8,,,,,,,Case Rate,"100% Medicare OPPS FS. ",6903.8,,,,,,,Case Rate,"100%Medicare OPPS FS. ",6903.8,,,,,,,Case Rate,"100% Medicare OPPS FS. ",,,,,,,,,"NA. ",5350.89,,,,,,,Fee Schedule,225% of NYS APG. Lesser of 100% of billed charges applies.,,,,,,,,Fee Schedule,"Not payable. ",18617,,,,,,,Case Rate,". MPL 100/50/25% all add ons apply, and lesser of 100% of billed charges",7163,,,,,,,Case Rate,". ",7163,,,,,,,Case Rate,". ",7163,,,,,,,Case Rate,". ",7163,,,,,,,Case Rate,". ",6903.8,,,,,,,Case Rate,"100% Medicare OPPS FS. ",2378.17,,,,,,,Case Rate,"100 Percent of Medicaid APG. ",18617,,,,,,,Case Rate,". MPL 100/50/25% all add ons apply, and lesser of 100% of billed charges",2378.17,,,,,,,Case Rate,"100 Percent of Medicaid APG. ",6903.8,,,,,,,Case Rate,"100% Medicare OPPS FS. ",2378.17,,,,,,,Case Rate,"100 Percent of Medicaid APG. ",6903.8,,,,,,,Case Rate,"100% Medicare OPPS FS. ",6903.8,,,,,,,Case Rate,"100% Medicare OPPS FS. ",2378.17,,,,,,,Case Rate,"100 Percent of Medicaid APG. ",2378.17,,,,,,,Case Rate,"100 Percent of Medicaid APG. ",7163,,,,,,,Case Rate,". ",37670,,,,,,,Case Rate,". MPL 100/50/25% maxmium of 3 procedures. All add ons apply, and lesser of 100% of billed charges",,78,,,,,0,percent of total billed charges,78% of Billed Charges. Lesser of 100% of billed charges applies.; No services were performed during the 15 month look back period.,39779.96,,,,,,,Case Rate,". MPL 100/50/25% all add ons apply, and lesser of 100% of billed charges",39779.96,,,,,,,Case Rate,". MPL 100/50/25% all add ons apply, and lesser of 100% of billed charges",38443,,,,,,,Case Rate,". Primary procedure pays at 100%, secondary at 50%, all subsequent at 25%.  Lesser of applies when negotiated rates exceed charges less addons.",6765.72,,,,,,,Case Rate,"98% of RBRVS. ",50991,,,,,,,Case Rate,". Primary procedure pays at 100%, all subsequent at 50%.",50991,,,,,,,Case Rate,". Primary procedure pays at 100%, all subsequent at 50%.",14894,,,,,,,Case Rate,". MPL 100/50/25% all add ons apply, and lesser of 100% of billed charges",14894,,,,,,,Case Rate,". MPL 100/50/25% all add ons apply, and lesser of 100% of billed charges",6903.8,,,,,,,Case Rate,"100% Medicare OPPS FS. ",6903.8,,,,,,,Case Rate,"100% Medicare OPPS FS. ",6903.8,,,,,,,Case Rate,"100% Medicare OPPS FS. ",6903.8,,,,,,,Case Rate,"100% Medicare OPPS FS. ",39779.96,,,,,,,Case Rate,". MPL 100/50/25% all add ons apply, and lesser of 100% of billed charges",18617,,,,,,,Case Rate,". MPL 100/50/25% all add ons apply, and lesser of 100% of billed charges",18617,,,,,,,Case Rate,". MPL 100/50/25% all add ons apply, and lesser of 100% of billed charges",6903.8,,,,,,,Case Rate,"100% Medicare OPPS FS. ",14894,,,,,,,Case Rate,". MPL 100/50/25% all add ons apply, and lesser of 100% of billed charges",8427,,,,,,,Case Rate,". Primary procedure pays at 100%, all subsequent at 50%.",2853.81,,,,,,,Fee Schedule,"120 Percent of Medicaid APG. ",2378.17,,,,,,,Case Rate,"100 Percent of Medicaid APG. ",7163,,,,,,,Case Rate,". ",16755,,,,,,,Case Rate,". MPL 100/50/25% all add ons apply, and lesser of 100% of billed charges",16755,,,,,,,Case Rate,". MPL 100/50/25% all add ons apply, and lesser of 100% of billed charges",18617,,,,,,,Case Rate,". MPL 100/50/25% all add ons apply, and lesser of 100% of billed charges",36156,,,,,,,Case Rate,". MPL 100/75/50% all add ons apply, and lesser of 100% of billed charges",6903.8,,,,,,,Case Rate,"100%Medicare OPPS FS. ",2497.08,,,,,,,Fee Schedule,105 percent of Medicaid APG. otherwise 105% of Ordered NYS MCD FS or 105% of ASP+6%,2497.08,,,,,,,Fee Schedule,105 percent of Medicaid APG. otherwise 105% of Ordered NYS MCD FS or 105% of ASP+6%,2497.08,,,,,,,Fee Schedule,105 percent of Medicaid APG. otherwise 105% of Ordered NYS MCD FS or 105% of ASP+6%,3210.53,,,,,,,Fee Schedule,135 percent of Medicaid APG. otherwise 135% of Ordered NYS MCD FS or 135% of ASP+6%,39779.96,,,,,,,Case Rate,". MPL 100/50/25% all add ons apply, and lesser of 100% of billed charges",2497.08,,,,,,,Fee Schedule,105 percent of Medicaid APG. otherwise 105% of Ordered NYS MCD FS or 105% of ASP+6%,2497.08,,,,,,,Fee Schedule,105 percent of Medicaid APG. otherwise 105% of Ordered NYS MCD FS or 105% of ASP+6%,2497.08,,,,,,,Fee Schedule,105 percent of Medicaid APG. otherwise 105% of Ordered NYS MCD FS or 105% of ASP+6%,2497.08,,,,,,,Fee Schedule,105 percent of Medicaid APG. otherwise 105% of Ordered NYS MCD FS or 105% of ASP+6%,2497.08,,,,,,,Fee Schedule,105 percent of Medicaid APG. otherwise 105% of Ordered NYS MCD FS or 105% of ASP+6%,3210.53,,,,,,,Fee Schedule,135 percent of Medicaid APG. otherwise 135% of Ordered NYS MCD FS or 135% of ASP+6%,3210.53,,,,,,,Fee Schedule,135 percent of Medicaid APG. otherwise 135% of Ordered NYS MCD FS or 135% of ASP+6%,6903.8,,,,,,,Case Rate,"100% Medicare OPPS FS. ",39779.96,,,,,,,Case Rate,". MPL 100/50/25% all add ons apply, and lesser of 100% of billed charges",6903.8,,,,,,,Case Rate,"100% Medicare OPPS FS. ",2497.08,,,,,,,Fee Schedule,105 percent of Medicaid APG. otherwise 105% of Ordered NYS MCD FS or 105% of ASP+6%,18617,,,,,,,Case Rate,". MPL 100/50/25% all add ons apply, and lesser of 100% of billed charges",6903.8,,,,,,,Case Rate,"100% Medicare OPPS FS. ",18617,,,,,,,Case Rate,". MPL 100/50/25% all add ons apply, and lesser of 100% of billed charges",18617,,,,,,,Case Rate,". MPL 100/50/25% all add ons apply, and lesser of 100% of billed charges",18617,,,,,,,Case Rate,". MPL 100/50/25% all add ons apply, and lesser of 100% of billed charges",2497.08,,,,,,,Fee Schedule,105 percent of Medicaid APG. otherwise 105% of Ordered NYS MCD FS or 105% of ASP+6%,6903.8,,,,,,,Case Rate,"100% Medicare OPPS FS. ",18617,,,,,,,Case Rate,". MPL 100/50/25% all add ons apply, and lesser of 100% of billed charges",3210.53,,,,,,,Fee Schedule,135 percent of Medicaid APG. otherwise 135% of Ordered NYS MCD FS or 135% of ASP+6%,18617,,,,,,,Case Rate,". MPL 100/50/25% all add ons apply, and lesser of 100% of billed charges",13807.6,,,,,,,Case Rate,"150% of Medicare OPPS. ",6903.8,,,,,,,Case Rate,"100%Medicare OPPS FS. ",7163,,,,,,,Case Rate,". ",7163,,,,,,,Case Rate,". ",7163,,,,,,,Case Rate,". ",7163,,,,,,,Case Rate,". ",7163,,,,,,,Case Rate,". ",8427,,,,,,,Case Rate,". Primary procedure pays at 100%, all subsequent at 50%.",8427,,,,,,,Case Rate,". Primary procedure pays at 100%, all subsequent at 50%.",7163,,,,,,,Case Rate,". ",7163,,,,,,,Case Rate,". ",7163,,,,,,,Case Rate,". ",7163,,,,,,,Case Rate,". ",7163,,,,,,,Case Rate,". ",6903.8,,,,,,,Case Rate,"100% Medicare OPPS FS. ",8427,,,,,,,Case Rate,". Primary procedure pays at 100%, all subsequent at 50%.",6903.8,,,,,,,Case Rate,"100% Medicare OPPS FS. ",5350.89,,,,,,,Case Rate,"225 Percent of Medicaid APG. If not included in Medicaid APG, then 100 Percent of Manhattan Medicare",2378.17,,,,,,,Case Rate,"100 Percent of Medicaid APG. ",39779.96,,,,,,,Case Rate,". MPL 100/50/25% all add ons apply, and lesser of 100% of billed charges",39779.96,,,,,,,Case Rate,". MPL 100/50/25% all add ons apply, and lesser of 100% of billed charges",6903.8,,,,,,,Case Rate,"100% Medicare OPPS FS. ",50991,,,,,,,Case Rate,". Primary procedure pays at 100%, all subsequent at 50%.",6903.8,,,,,,,Case Rate,"100% Medicare OPPS FS. ",6903.8,,,,,,,Case Rate,"100% Medicare OPPS FS. ",38443,,,,,,,Case Rate,". Primary procedure pays at 100%, secondary at 50%, all subsequent at 25%.  Lesser of applies when negotiated rates exceed charges less addons.",6903.8,,,,,,,Case Rate,"100% Medicare OPPS FS. ",37670,,,,,,,Case Rate,". MPL 100/50/25% maxmium of 3 procedures. All add ons apply, and lesser of 100% of billed charges",6903.8,,,,,,,Case Rate,"100% Medicare OPPS FS. ",37670,,,,,,,Case Rate,". MPL 100/50/25% maxmium of 3 procedures. All add ons apply, and lesser of 100% of billed charges",38443,,,,,,,Case Rate,". Primary procedure pays at 100%, secondary at 50%, all subsequent at 25%.  Lesser of applies when negotiated rates exceed charges less addons.",37670,,,,,,,Case Rate,". MPL 100/50/25% maxmium of 3 procedures. All add ons apply, and lesser of 100% of billed charges",6903.8,,,,,,,Case Rate,"100% Medicare OPPS FS. ",2378.17,,,,,,,Case Rate,"100 Percent of Medicaid APG. ",6903.8,,,,,,,Case Rate,"100% Medicare OPPS FS. ",37670,,,,,,,Case Rate,". MPL 100/50/25% maxmium of 3 procedures. All add ons apply, and lesser of 100% of billed charges",39779.96,,,,,,,Case Rate,". MPL 100/50/25% all add ons apply, and lesser of 100% of billed charges",2378.17,,,,,,,Case Rate,"100 Percent of Medicaid APG. ",18617,,,,,,,Case Rate,". MPL 100/50/25% all add ons apply, and lesser of 100% of billed charges",2853.81,,,,,,,Fee Schedule,"120 Percent of Medicaid APG. ",2853.81,,,,,,,Fee Schedule,"120 Percent of Medicaid APG. ",18617,,,,,,,Case Rate,". MPL 100/50/25% all add ons apply, and lesser of 100% of billed charges",18617,,,,,,,Case Rate,". MPL 100/50/25% all add ons apply, and lesser of 100% of billed charges",18617,,,,,,,Case Rate,". MPL 100/50/25% all add ons apply, and lesser of 100% of billed charges",39779.96,,,,,,,Case Rate,". MPL 100/50/25% all add ons apply, and lesser of 100% of billed charges",18617,,,,,,,Case Rate,". MPL 100/50/25% all add ons apply, and lesser of 100% of billed charges",18617,,,,,,,Case Rate,". MPL 100/50/25% all add ons apply, and lesser of 100% of billed charges",18617,,,,,,,Case Rate,". MPL 100/50/25% all add ons apply, and lesser of 100% of billed charges",7163,,,,,,,Case Rate,". ",7163,,,,,,,Case Rate,". ",13669.52,,,,,,,Case Rate,198 Percent of Medicare OPPS. Metroplus will reimburse unlisted codes and described codes with no Medicare rate at 50 percent of charges.,2378.17,,,,,,,Case Rate,"100 Percent of Medicaid APG. ",39779.96,,,,,,,Case Rate,". MPL 100/50/25% all add ons apply, and lesser of 100% of billed charges",37670,,,,,,,Case Rate,". MPL 100/50/25% maxmium of 3 procedures. All add ons apply, and lesser of 100% of billed charges",38443,,,,,,,Case Rate,". Primary procedure pays at 100%, secondary at 50%, all subsequent at 25%.  Lesser of applies when negotiated rates exceed charges less addons.",39779.96,,,,,,,Case Rate,". MPL 100/50/25% all add ons apply, and lesser of 100% of billed charges",38443,,,,,,,Case Rate,". Primary procedure pays at 100%, secondary at 50%, all subsequent at 25%.  Lesser of applies when negotiated rates exceed charges less addons.",39779.96,,,,,,,Case Rate,". MPL 100/50/25% all add ons apply, and lesser of 100% of billed charges",18617,,,,,,,Case Rate,". MPL 100/50/25% all add ons apply, and lesser of 100% of billed charges",18617,,,,,,,Case Rate,". MPL 100/50/25% all add ons apply, and lesser of 100% of billed charges",18617,,,,,,,Case Rate,". MPL 100/50/25% all add ons apply, and lesser of 100% of billed charges",18617,,,,,,,Case Rate,". MPL 100/50/25% all add ons apply, and lesser of 100% of billed charges",6903.8,,,,,,,Case Rate,"100% Medicare OPPS FS. ",2378.17,52476,
43763,CPT,2026284,LOCAL,361,RC,HC RPLC GTUBE REVJ GSTRST TRC,1138.33,216.2827,both,,,,3681,,,,,,,Case Rate,". MPL 1st 100% of Payment Rate 50% of all others, all add ons apply, and lesser of 100% of billed charges.",3681,,,,,,,Case Rate,". MPL 1st 100% of Payment Rate 50% of all others, all add ons apply, and lesser of 100% of billed charges.",6593,,,,,,,Case Rate,". Primary procedure pays at 100%, secondary at 50%, all subsequent at 25%.  Lesser of applies when negotiated rates exceed charges less addons.",1138.33,100,,,,,0,percent of total billed charges,100 percent of billed charges. ; No services were performed during the 15 month look back period.,287.79,,,,,,,Case Rate,"100% Medicare OPPS FS. ",6593,,,,,,,Case Rate,". Primary procedure pays at 100%, secondary at 50%, all subsequent at 25%.  Lesser of applies when negotiated rates exceed charges less addons.",6593,,,,,,,Case Rate,". Primary procedure pays at 100%, secondary at 50%, all subsequent at 25%.  Lesser of applies when negotiated rates exceed charges less addons.",6593,,,,,,,Case Rate,". Primary procedure pays at 100%, secondary at 50%, all subsequent at 25%.  Lesser of applies when negotiated rates exceed charges less addons.",899.74,,,,,,,Case Rate,"100 Percent of Medicaid APG. ",749.78,,,,,,,Case Rate,"100 Percent of Medicaid APG. ",887.8974,78,,,,,0,percent of total billed charges,78% of Billed Charges. Lesser of 100% of billed charges applies.; No services were performed during the 15 month look back period.,4923.38,,,,,,,Case Rate,". MPL 100/50/25% all add ons apply, and lesser of 100% of billed charges",749.78,,,,,,,Case Rate,"100 Percent of Medicaid APG. ",287.79,,,,,,,Case Rate,"100% Medicare OPPS FS. ",6487,,,,,,,Case Rate,". MPL 100/50/25% maxmium of 3 procedures. All add ons apply, and lesser of 100% of billed charges",6487,,,,,,,Case Rate,". MPL 100/50/25% maxmium of 3 procedures. All add ons apply, and lesser of 100% of billed charges",6487,,,,,,,Case Rate,". MPL 100/50/25% maxmium of 3 procedures. All add ons apply, and lesser of 100% of billed charges",6487,,,,,,,Case Rate,". MPL 100/50/25% maxmium of 3 procedures. All add ons apply, and lesser of 100% of billed charges",749.78,,,,,,,Case rate,124 Percent of Medicaid APG. Covered services not payable under Medicaid Fee Schedules default to a payment of 50 percent of charges.,287.79,,,,,,,Case Rate,"100% Medicare OPPS FS. ",749.78,,,,,,,Case rate,124 Percent of Medicaid APG. Covered services not payable under Medicaid Fee Schedules default to a payment of 50 percent of charges.,887.8974,78,,,,,0,percent of total billed charges,78% of Billed Charges. Lesser of 100% of billed charges applies.; No services were performed during the 15 month look back period.,6593,,,,,,,Case Rate,". Primary procedure pays at 100%, secondary at 50%, all subsequent at 25%.  Lesser of applies when negotiated rates exceed charges less addons.",287.79,,,,,,,Case Rate,"100%Medicare OPPS FS. ",830.9809,73,,,,,0,percent of total billed charges,73 percent of billed charges; No services were performed during the 15 month look back period.,287.79,,,,,,,Case Rate,"100%Medicare OPPS FS. ",287.79,,,,,,,Case Rate,"100%Medicare OPPS FS. ",887.8974,78,,,,,0,percent of total billed charges,78% of Billed Charges. Lesser of 100% of billed charges applies.; No services were performed during the 15 month look back period.,135.76,,,,,,,Case Rate,100% of PAS. Lesser of 100% of billed charges applies.,135.76,,,,,,,Case Rate,100% of PAS. Lesser of 100% of billed charges applies.,749.78,,,,,,,Case rate,"100 Percent of Medicaid APG. ",749.78,,,,,,,Case rate,"100 Percent of Medicaid APG. ",830.9809,73,,,,,0,percent of total billed charges,73 percent of billed charges; No services were performed during the 15 month look back period.,830.9809,73,,,,,0,percent of total billed charges,73 percent of billed charges; No services were performed during the 15 month look back period.,749.78,,,,,,,Case Rate,"100 Percent of Medicaid APG. Not APG payable, or payable under another fee schedule like ASP/AWP pays at 30% of charges",830.9809,73,,,,,0,percent of total billed charges,73 percent of billed charges; No services were performed during the 15 month look back period.,749.78,,,,,,,Case Rate,"100 Percent of Medicaid APG. Not APG payable, or payable under another fee schedule like ASP/AWP pays at 30% of charges",287.79,,,,,,,Case Rate,"100%Medicare OPPS FS. ",830.9809,73,,,,,0,percent of total billed charges,73 percent of billed charges; No services were performed during the 15 month look back period.,887.8974,78,,,,,0,percent of total billed charges,78% of Billed Charges. Lesser of 100% of billed charges applies.; No services were performed during the 15 month look back period.,749.78,,,,,,,Case Rate,"100 Percent of Medicaid APG. ",749.78,,,,,,,Case Rate,"100 Percent of Medicaid APG. ",887.8974,78,,,,,0,percent of total billed charges,78% of Billed Charges. Lesser of 100% of billed charges applies.; No services were performed during the 15 month look back period.,6487,,,,,,,Case Rate,". MPL 100/50/25% maxmium of 3 procedures. All add ons apply, and lesser of 100% of billed charges",4500,,,,,,,Case Rate,". MPL 100/50/25% all add ons apply, and lesser of 100% of billed charges",4500,,,,,,,Case Rate,". MPL 100/50/25% all add ons apply, and lesser of 100% of billed charges",887.8974,78,,,,,0,percent of total billed charges,78% of Billed Charges. Lesser of 100% of billed charges applies.; No services were performed during the 15 month look back period.,287.79,,,,,,,Case Rate,"100% Medicare OPPS FS. ",4923.38,,,,,,,Case Rate,". MPL 100/50/25% all add ons apply, and lesser of 100% of billed charges",4923.38,,,,,,,Case Rate,". MPL 100/50/25% all add ons apply, and lesser of 100% of billed charges",4923.38,,,,,,,Case Rate,". MPL 100/50/25% all add ons apply, and lesser of 100% of billed charges",287.79,,,,,,,Case Rate,"100% Medicare OPPS FS. ",4923.38,,,,,,,Case Rate,". MPL 100/50/25% all add ons apply, and lesser of 100% of billed charges",4923.38,,,,,,,Case Rate,". MPL 100/50/25% all add ons apply, and lesser of 100% of billed charges",287.79,,,,,,,Case Rate,"100% of Medicare OPPS. ",25798,,,,,,,Case Rate,". MPL 100/75/50% all add ons apply, and lesser of 100% of billed charges",4100,,,,,,,Case Rate,". MPL 100/50/25% all add ons apply, and lesser of 100% of billed charges",4100,,,,,,,Case Rate,". MPL 100/50/25% all add ons apply, and lesser of 100% of billed charges",4100,,,,,,,Case Rate,". MPL 100/50/25% all add ons apply, and lesser of 100% of billed charges",4100,,,,,,,Case Rate,". MPL 100/50/25% all add ons apply, and lesser of 100% of billed charges",4100,,,,,,,Case Rate,". MPL 100/50/25% all add ons apply, and lesser of 100% of billed charges",4100,,,,,,,Case Rate,". MPL 100/50/25% all add ons apply, and lesser of 100% of billed charges",287.79,,,,,,,Case Rate,"100% Medicare OPPS FS. ",287.79,,,,,,,Case Rate,"100% Medicare OPPS FS. ",4100,,,,,,,Case Rate,". MPL 100/50/25% all add ons apply, and lesser of 100% of billed charges",887.8974,78,,,,,0,percent of total billed charges,78% of Billed Charges. Lesser of 100% of billed charges applies.; No services were performed during the 15 month look back period.,887.8974,78,,,,,0,percent of total billed charges,78% of Billed Charges. Lesser of 100% of billed charges applies.; No services were performed during the 15 month look back period.,887.8974,78,,,,,0,percent of total billed charges,78% of Billed Charges. Lesser of 100% of billed charges applies.; No services were performed during the 15 month look back period.,887.8974,78,,,,,0,percent of total billed charges,78% of Billed Charges. Lesser of 100% of billed charges applies.; No services were performed during the 15 month look back period.,887.8974,78,,,,,0,percent of total billed charges,78% of Billed Charges. Lesser of 100% of billed charges applies.; No services were performed during the 15 month look back period.,887.8974,78,,,,,0,percent of total billed charges,78% of Billed Charges. Lesser of 100% of billed charges applies.; No services were performed during the 15 month look back period.,887.8974,78,,,,,0,percent of total billed charges,78% of Billed Charges. Lesser of 100% of billed charges applies.; No services were performed during the 15 month look back period.,887.8974,78,,,,,0,percent of total billed charges,78% of Billed Charges. Lesser of 100% of billed charges applies.; No services were performed during the 15 month look back period.,887.8974,78,,,,,0,percent of total billed charges,78% of Billed Charges. Lesser of 100% of billed charges applies.; No services were performed during the 15 month look back period.,887.8974,78,,,,,0,percent of total billed charges,78% of Billed Charges. Lesser of 100% of billed charges applies.; No services were performed during the 15 month look back period.,887.8974,78,,,,,0,percent of total billed charges,78% of Billed Charges. Lesser of 100% of billed charges applies.; No services were performed during the 15 month look back period.,887.8974,78,,,,,0,percent of total billed charges,78% of Billed Charges. Lesser of 100% of billed charges applies.; No services were performed during the 15 month look back period.,887.8974,78,,,,,0,percent of total billed charges,78% of Billed Charges. Lesser of 100% of billed charges applies.; No services were performed during the 15 month look back period.,887.8974,78,,,,,0,percent of total billed charges,78% of Billed Charges. Lesser of 100% of billed charges applies.; No services were performed during the 15 month look back period.,887.8974,78,,,,,0,percent of total billed charges,78% of Billed Charges. Lesser of 100% of billed charges applies.; No services were performed during the 15 month look back period.,887.8974,78,,,,,0,percent of total billed charges,78% of Billed Charges. Lesser of 100% of billed charges applies.; No services were performed during the 15 month look back period.,887.8974,78,,,,,0,percent of total billed charges,78% of Billed Charges. Lesser of 100% of billed charges applies.; No services were performed during the 15 month look back period.,887.8974,78,,,,,0,percent of total billed charges,78% of Billed Charges. Lesser of 100% of billed charges applies.; No services were performed during the 15 month look back period.,887.8974,78,,,,,0,percent of total billed charges,78% of Billed Charges. Lesser of 100% of billed charges applies.; No services were performed during the 15 month look back period.,887.8974,78,,,,,0,percent of total billed charges,78% of Billed Charges. Lesser of 100% of billed charges applies.; No services were performed during the 15 month look back period.,887.8974,78,,,,,0,percent of total billed charges,78% of Billed Charges. Lesser of 100% of billed charges applies.; No services were performed during the 15 month look back period.,887.8974,78,,,,,0,percent of total billed charges,78% of Billed Charges. Lesser of 100% of billed charges applies.; No services were performed during the 15 month look back period.,887.8974,78,,,,,0,percent of total billed charges,78% of Billed Charges. Lesser of 100% of billed charges applies.; No services were performed during the 15 month look back period.,887.8974,78,,,,,0,percent of total billed charges,78% of Billed Charges. Lesser of 100% of billed charges applies.; No services were performed during the 15 month look back period.,887.8974,78,,,,,0,percent of total billed charges,78% of Billed Charges. Lesser of 100% of billed charges applies.; No services were performed during the 15 month look back period.,887.8974,78,,,,,0,percent of total billed charges,78% of Billed Charges. Lesser of 100% of billed charges applies.; No services were performed during the 15 month look back period.,830.9809,73,,,,,0,percent of total billed charges,73 percent of billed charges; No services were performed during the 15 month look back period.,830.9809,73,,,,,0,percent of total billed charges,73 percent of billed charges; No services were performed during the 15 month look back period.,830.9809,73,,,,,0,percent of total billed charges,73 percent of billed charges; No services were performed during the 15 month look back period.,830.9809,73,,,,,0,percent of total billed charges,73 percent of billed charges; No services were performed during the 15 month look back period.,12574,,,,,,,Case Rate,". Primary procedure pays at 100%, all subsequent at 50%.",12574,,,,,,,Case Rate,". Primary procedure pays at 100%, all subsequent at 50%.",6487,,,,,,,Case Rate,". MPL 100/50/25% maxmium of 3 procedures. All add ons apply, and lesser of 100% of billed charges",4100,,,,,,,Case Rate,". MPL 100/50/25% all add ons apply, and lesser of 100% of billed charges",4923.38,,,,,,,Case Rate,". MPL 100/50/25% all add ons apply, and lesser of 100% of billed charges",4100,,,,,,,Case Rate,". MPL 100/50/25% all add ons apply, and lesser of 100% of billed charges",887.8974,78,,,,,0,percent of total billed charges,78% of Billed Charges. Lesser of 100% of billed charges applies.; No services were performed during the 15 month look back period.,12574,,,,,,,Case Rate,". Primary procedure pays at 100%, all subsequent at 50%.",4100,,,,,,,Case Rate,". MPL 100/50/25% all add ons apply, and lesser of 100% of billed charges",4923.38,,,,,,,Case Rate,". MPL 100/50/25% all add ons apply, and lesser of 100% of billed charges",6487,,,,,,,Case Rate,". MPL 100/50/25% maxmium of 3 procedures. All add ons apply, and lesser of 100% of billed charges",,,,,,,,,"NA. ",887.8974,78,,,,,0,percent of total billed charges,78% of Billed Charges. Lesser of 100% of billed charges applies.; No services were performed during the 15 month look back period.,749.78,,,,,,,Case Rate,"100 Percent of Medicaid APG. ",830.9809,73,,,,,0,percent of total billed charges,73 percent of billed charges; No services were performed during the 15 month look back period.,749.78,,,,,,,Case Rate,"100 Percent of Medicaid APG. Not APG payable, or payable under another fee schedule like ASP/AWP pays at 30% of charges",287.79,,,,,,,Case Rate,"100%Medicare OPPS FS. ",287.79,,,,,,,Case Rate,"100% Medicare OPPS FS. ",25798,,,,,,,Case Rate,". MPL 100/75/50% all add ons apply, and lesser of 100% of billed charges",287.79,,,,,,,Case Rate,"100% Medicare OPPS FS. ",287.79,,,,,,,Case Rate,"100% Medicare OPPS FS. ",749.78,,,,,,,Case Rate,"100 Percent of Medicaid APG. ",287.79,,,,,,,Case Rate,"100% Medicare OPPS FS. ",287.79,,,,,,,Case Rate,"100% Medicare OPPS FS. ",6593,,,,,,,Case Rate,". Primary procedure pays at 100%, secondary at 50%, all subsequent at 25%.  Lesser of applies when negotiated rates exceed charges less addons.",6593,,,,,,,Case Rate,". Primary procedure pays at 100%, secondary at 50%, all subsequent at 25%.  Lesser of applies when negotiated rates exceed charges less addons.",287.79,,,,,,,Case Rate,"100% Medicare OPPS FS. ",6487,,,,,,,Case Rate,". MPL 100/50/25% maxmium of 3 procedures. All add ons apply, and lesser of 100% of billed charges",4923.38,,,,,,,Case Rate,". MPL 100/50/25% all add ons apply, and lesser of 100% of billed charges",4923.38,,,,,,,Case Rate,". MPL 100/50/25% all add ons apply, and lesser of 100% of billed charges",287.79,,,,,,,Case Rate,"100% Medicare OPPS FS. ",6487,,,,,,,Case Rate,". MPL 100/50/25% maxmium of 3 procedures. All add ons apply, and lesser of 100% of billed charges",6593,,,,,,,Case Rate,". Primary procedure pays at 100%, secondary at 50%, all subsequent at 25%.  Lesser of applies when negotiated rates exceed charges less addons.",6593,,,,,,,Case Rate,". Primary procedure pays at 100%, secondary at 50%, all subsequent at 25%.  Lesser of applies when negotiated rates exceed charges less addons.",6593,,,,,,,Case Rate,". Primary procedure pays at 100%, secondary at 50%, all subsequent at 25%.  Lesser of applies when negotiated rates exceed charges less addons.",887.8974,78,,,,,0,percent of total billed charges,78% of Billed Charges. Lesser of 100% of billed charges applies.; No services were performed during the 15 month look back period.,887.8974,78,,,,,0,percent of total billed charges,78% of Billed Charges. Lesser of 100% of billed charges applies.; No services were performed during the 15 month look back period.,887.8974,78,,,,,0,percent of total billed charges,78% of Billed Charges. Lesser of 100% of billed charges applies.; No services were performed during the 15 month look back period.,887.8974,78,,,,,0,percent of total billed charges,78% of Billed Charges. Lesser of 100% of billed charges applies.; No services were performed during the 15 month look back period.,887.8974,78,,,,,0,percent of total billed charges,78% of Billed Charges. Lesser of 100% of billed charges applies.; No services were performed during the 15 month look back period.,887.8974,78,,,,,0,percent of total billed charges,78% of Billed Charges. Lesser of 100% of billed charges applies.; No services were performed during the 15 month look back period.,887.8974,78,,,,,0,percent of total billed charges,78% of Billed Charges. Lesser of 100% of billed charges applies.; No services were performed during the 15 month look back period.,887.8974,78,,,,,0,percent of total billed charges,78% of Billed Charges. Lesser of 100% of billed charges applies.; No services were performed during the 15 month look back period.,887.8974,78,,,,,0,percent of total billed charges,78% of Billed Charges. Lesser of 100% of billed charges applies.; No services were performed during the 15 month look back period.,887.8974,78,,,,,0,percent of total billed charges,78% of Billed Charges. Lesser of 100% of billed charges applies.; No services were performed during the 15 month look back period.,887.8974,78,,,,,0,percent of total billed charges,78% of Billed Charges. Lesser of 100% of billed charges applies.; No services were performed during the 15 month look back period.,12574,,,,,,,Case Rate,". Primary procedure pays at 100%, all subsequent at 50%.",4100,,,,,,,Case Rate,". MPL 100/50/25% all add ons apply, and lesser of 100% of billed charges",6487,,,,,,,Case Rate,". MPL 100/50/25% maxmium of 3 procedures. All add ons apply, and lesser of 100% of billed charges",287.79,,,,,,,Case Rate,"100% Medicare OPPS FS. ",6593,,,,,,,Case Rate,". Primary procedure pays at 100%, secondary at 50%, all subsequent at 25%.  Lesser of applies when negotiated rates exceed charges less addons.",6487,,,,,,,Case Rate,". MPL 100/50/25% maxmium of 3 procedures. All add ons apply, and lesser of 100% of billed charges",6487,,,,,,,Case Rate,". MPL 100/50/25% maxmium of 3 procedures. All add ons apply, and lesser of 100% of billed charges",887.8974,78,,,,,0,percent of total billed charges,78% of Billed Charges. Lesser of 100% of billed charges applies.; No services were performed during the 15 month look back period.,1604.53,,,,,,,Case Rate,"214 Percent of Medicaid APG. Drugs not priced under APG, billed with revenue code 636 and not priced by Medicare ASP FeeSched will be reimbursed at 20% of charges.",6487,,,,,,,Case Rate,". MPL 100/50/25% maxmium of 3 procedures. All add ons apply, and lesser of 100% of billed charges",749.78,,,,,,,Case Rate,"100 Percent of Medicaid APG. ",287.79,,,,,,,Case Rate,"100% Medicare OPPS FS. ",287.79,,,,,,,Case Rate,"100% Medicare OPPS FS. ",287.79,,,,,,,Case Rate,"100% Medicare OPPS FS. ",287.79,,,,,,,Case Rate,"100% Medicare OPPS FS. ",287.79,,,,,,,Case Rate,"100% Medicare OPPS FS. ",287.79,,,,,,,Case Rate,"100% Medicare OPPS FS. ",6487,,,,,,,Case Rate,". MPL 100/50/25% maxmium of 3 procedures. All add ons apply, and lesser of 100% of billed charges",25798,,,,,,,Case Rate,". MPL 100/75/50% all add ons apply, and lesser of 100% of billed charges",1349.61,,,,,,,Fee Schedule,"180 Percent of Medicaid APG. ",1349.61,,,,,,,Fee Schedule,"180 Percent of Medicaid APG. ",1349.61,,,,,,,Fee Schedule,"180 Percent of Medicaid APG. ",1349.61,,,,,,,Fee Schedule,"180 Percent of Medicaid APG. ",1349.61,,,,,,,Fee Schedule,"180 Percent of Medicaid APG. ",,,,,,,,,"NA. ",25798,,,,,,,Case Rate,". MPL 100/75/50% all add ons apply, and lesser of 100% of billed charges",569.82,,,,,,,Case Rate,198 Percent of Medicare OPPS. Metroplus will reimburse unlisted codes and described codes with no Medicare rate at 50 percent of charges.,569.82,,,,,,,Case Rate,198 Percent of Medicare OPPS. Metroplus will reimburse unlisted codes and described codes with no Medicare rate at 50 percent of charges.,569.82,,,,,,,Case Rate,198 Percent of Medicare OPPS. Metroplus will reimburse unlisted codes and described codes with no Medicare rate at 50 percent of charges.,569.82,,,,,,,Case Rate,198 Percent of Medicare OPPS. Metroplus will reimburse unlisted codes and described codes with no Medicare rate at 50 percent of charges.,569.82,,,,,,,Case Rate,198 Percent of Medicare OPPS. Metroplus will reimburse unlisted codes and described codes with no Medicare rate at 50 percent of charges.,287.79,,,,,,,Case Rate,"100% Medicare OPPS FS. ",12574,,,,,,,Case Rate,". Primary procedure pays at 100%, all subsequent at 50%.",12574,,,,,,,Case Rate,". Primary procedure pays at 100%, all subsequent at 50%.",12574,,,,,,,Case Rate,". Primary procedure pays at 100%, all subsequent at 50%.",12574,,,,,,,Case Rate,". Primary procedure pays at 100%, all subsequent at 50%.",6593,,,,,,,Case Rate,". Primary procedure pays at 100%, secondary at 50%, all subsequent at 25%.  Lesser of applies when negotiated rates exceed charges less addons.",6593,,,,,,,Case Rate,". Primary procedure pays at 100%, secondary at 50%, all subsequent at 25%.  Lesser of applies when negotiated rates exceed charges less addons.",6593,,,,,,,Case Rate,". Primary procedure pays at 100%, secondary at 50%, all subsequent at 25%.  Lesser of applies when negotiated rates exceed charges less addons.",6593,,,,,,,Case Rate,". Primary procedure pays at 100%, secondary at 50%, all subsequent at 25%.  Lesser of applies when negotiated rates exceed charges less addons.",25798,,,,,,,Case Rate,". MPL 100/75/50% all add ons apply, and lesser of 100% of billed charges",25798,,,,,,,Case Rate,". MPL 100/75/50% all add ons apply, and lesser of 100% of billed charges",287.79,,,,,,,Case Rate,"100% Medicare OPPS FS. ",287.79,,,,,,,Case Rate,"100% Medicare OPPS FS. ",287.79,,,,,,,Case Rate,"100% Medicare OPPS FS. ",4100,,,,,,,Case Rate,". MPL 100/50/25% all add ons apply, and lesser of 100% of billed charges",4100,,,,,,,Case Rate,". MPL 100/50/25% all add ons apply, and lesser of 100% of billed charges",4100,,,,,,,Case Rate,". MPL 100/50/25% all add ons apply, and lesser of 100% of billed charges",25798,,,,,,,Case Rate,". MPL 100/75/50% all add ons apply, and lesser of 100% of billed charges",6593,,,,,,,Case Rate,". Primary procedure pays at 100%, secondary at 50%, all subsequent at 25%.  Lesser of applies when negotiated rates exceed charges less addons.",287.79,,,,,,,Case Rate,"100% Medicare OPPS FS. ",4100,,,,,,,Case Rate,". MPL 100/50/25% all add ons apply, and lesser of 100% of billed charges",749.78,,,,,,,Case Rate,"100 Percent of Medicaid APG. ",293.55,,,,,,,Case Rate,"102% of Medicare OPPS. ",293.55,,,,,,,Case Rate,"102% of Medicare OPPS. ",293.55,,,,,,,Case Rate,"102% of Medicare OPPS. ",749.78,,,,,,,Case rate,"100 Percent of Medicaid APG. ",1687.01,,,,,,,Case Rate,225% of NYS APG. Lesser of 100% of billed charges applies.,1687.01,,,,,,,Case Rate,225% of NYS APG. Lesser of 100% of billed charges applies.,1687.01,,,,,,,Case Rate,225% of NYS APG. Lesser of 100% of billed charges applies.,1687.01,,,,,,,Case Rate,225% of NYS APG. Lesser of 100% of billed charges applies.,1687.01,,,,,,,Case Rate,225% of NYS APG. Lesser of 100% of billed charges applies.,293.55,,,,,,,Case Rate,"102% of Medicare OPPS. ",749.78,,,,,,,Case Rate,"100 Percent of Medicaid APG. ",135.76,,,,,,,Case Rate,100% of PAS. Lesser of 100% of billed charges applies.,1687.01,,,,,,,Case Rate,225% of NYS APG. Lesser of 100% of billed charges applies.,1687.01,,,,,,,Case Rate,225% of NYS APG. Lesser of 100% of billed charges applies.,135.76,,,,,,,Case Rate,100% of PAS. Lesser of 100% of billed charges applies.,135.76,,,,,,,Case Rate,100% of PAS. Lesser of 100% of billed charges applies.,1349.61,,,,,,,Fee Schedule,"180 Percent of Medicaid APG. ",287.79,,,,,,,Case Rate,"100% Medicare OPPS FS. ",287.79,,,,,,,Case Rate,"100% Medicare OPPS FS. ",6593,,,,,,,Case Rate,". Primary procedure pays at 100%, secondary at 50%, all subsequent at 25%.  Lesser of applies when negotiated rates exceed charges less addons.",287.79,,,,,,,Case Rate,"100% Medicare OPPS FS. ",1687.01,,,,,,,Case Rate,"225 Percent of Medicaid APG. ",1687.01,,,,,,,Case Rate,"225 Percent of Medicaid APG. ",749.78,,,,,,,Case rate,"100 Percent of Medicaid APG. ",749.78,,,,,,,Case rate,"100 Percent of Medicaid APG. ",1687.01,,,,,,,Case Rate,225 Percent of Medicaid APG. Covered services not payable under Medicaid Fee Schedules default to a payment of 87.5 percent of charges.,749.78,,,,,,,Case rate,124 Percent of Medicaid APG. Covered services not payable under Medicaid Fee Schedules default to a payment of 50 percent of charges.,1687.01,,,,,,,Case Rate,"100 Percent of Medicaid APG. ",1687.01,,,,,,,Case Rate,"100 Percent of Medicaid APG. ",1687.01,,,,,,,Case Rate,"100 Percent of Medicaid APG. ",1687.01,,,,,,,Case Rate,"100 Percent of Medicaid APG. ",13453,,,,,,,Case Rate,". MPL 100/75/50% all add ons apply, and lesser of 100% of billed charges",25798,,,,,,,Case Rate,". MPL 100/75/50% all add ons apply, and lesser of 100% of billed charges",899.74,,,,,,,Case Rate,"120 Percent of Medicaid APG. Not APG payable, or payable under another fee schedule like ASP/AWP pays at 30% of charges",899.74,,,,,,,Case Rate,"120 Percent of Medicaid APG. Not APG payable, or payable under another fee schedule like ASP/AWP pays at 30% of charges",749.78,,,,,,,Case Rate,"100 Percent of Medicaid APG. Not APG payable, or payable under another fee schedule like ASP/AWP pays at 30% of charges",749.78,,,,,,,Case Rate,"100 Percent of Medicaid APG. Not APG payable, or payable under another fee schedule like ASP/AWP pays at 30% of charges",4100,,,,,,,Case Rate,". MPL 100/50/25% all add ons apply, and lesser of 100% of billed charges",4100,,,,,,,Case Rate,". MPL 100/50/25% all add ons apply, and lesser of 100% of billed charges",287.79,,,,,,,Case Rate,"100% Medicare OPPS FS. ",4100,,,,,,,Case Rate,". MPL 100/50/25% all add ons apply, and lesser of 100% of billed charges",4100,,,,,,,Case Rate,". MPL 100/50/25% all add ons apply, and lesser of 100% of billed charges",4100,,,,,,,Case Rate,". MPL 100/50/25% all add ons apply, and lesser of 100% of billed charges",4100,,,,,,,Case Rate,". MPL 100/50/25% all add ons apply, and lesser of 100% of billed charges",287.79,,,,,,,Case Rate,"100% Medicare OPPS FS. ",4100,,,,,,,Case Rate,". MPL 100/50/25% all add ons apply, and lesser of 100% of billed charges",4100,,,,,,,Case Rate,". MPL 100/50/25% all add ons apply, and lesser of 100% of billed charges",6593,,,,,,,Case Rate,". Primary procedure pays at 100%, secondary at 50%, all subsequent at 25%.  Lesser of applies when negotiated rates exceed charges less addons.",749.78,,,,,,,Fee Schedule,100% APG. Lesser of 100% of billed charges applies.,749.78,,,,,,,Case rate,124 Percent of Medicaid APG. Covered services not payable under Medicaid Fee Schedules default to a payment of 50 percent of charges.,1687.01,,,,,,,Case Rate,225% of NYS APG. Lesser of 100% of billed charges applies.,1687.01,,,,,,,Case Rate,225 Percent of Medicaid APG. Covered services not payable under Medicaid Fee Schedules default to a payment of 87.5 percent of charges.,749.78,,,,,,,Case rate,124 Percent of Medicaid APG. Covered services not payable under Medicaid Fee Schedules default to a payment of 50 percent of charges.,1687.01,,,,,,,Case Rate,225% of NYS APG. Lesser of 100% of billed charges applies.,1687.01,,,,,,,Case Rate,225% of NYS APG. Lesser of 100% of billed charges applies.,1687.01,,,,,,,Case Rate,225% of NYS APG. Lesser of 100% of billed charges applies.,1687.01,,,,,,,Case Rate,225% of NYS APG. Lesser of 100% of billed charges applies.,1687.01,,,,,,,Case Rate,225% of NYS APG. Lesser of 100% of billed charges applies.,1687.01,,,,,,,Case Rate,225% of NYS APG. Lesser of 100% of billed charges applies.,,,,,,,,,"NA. ",,,,,,,,,"NA. ",,,,,,,,,"NA. ",6487,,,,,,,Case Rate,". MPL 100/50/25% maxmium of 3 procedures. All add ons apply, and lesser of 100% of billed charges",,,,,,,,,"NA. ",287.79,,,,,,,Case Rate,"100% Medicare OPPS FS. ",3681,,,,,,,Case Rate,". MPL 1st 100% of Payment Rate 50% of all others, all add ons apply, and lesser of 100% of billed charges.",287.79,,,,,,,Case Rate,"100% Medicare OPPS FS. ",287.79,,,,,,,Case Rate,"100% Medicare OPPS FS. ",899.74,,,,,,,Case Rate,"120 Percent of Medicaid APG. Not APG payable, or payable under another fee schedule like ASP/AWP pays at 30% of charges",899.74,,,,,,,Case Rate,"120 Percent of Medicaid APG. Not APG payable, or payable under another fee schedule like ASP/AWP pays at 30% of charges",749.78,,,,,,,Case Rate,"100 Percent of Medicaid APG. Not APG payable, or payable under another fee schedule like ASP/AWP pays at 30% of charges",749.78,,,,,,,Case Rate,"100 Percent of Medicaid APG. Not APG payable, or payable under another fee schedule like ASP/AWP pays at 30% of charges",749.78,,,,,,,Case Rate,"100 Percent of Medicaid APG. ",830.9809,73,,,,,0,percent of total billed charges,73 percent of billed charges; No services were performed during the 15 month look back period.,6593,,,,,,,Case Rate,". Primary procedure pays at 100%, secondary at 50%, all subsequent at 25%.  Lesser of applies when negotiated rates exceed charges less addons.",830.9809,73,,,,,0,percent of total billed charges,73 percent of billed charges; No services were performed during the 15 month look back period.,6487,,,,,,,Case Rate,". MPL 100/50/25% maxmium of 3 procedures. All add ons apply, and lesser of 100% of billed charges",287.79,,,,,,,Case Rate,"100%Medicare OPPS FS. ",287.79,,,,,,,Case Rate,"100% Medicare OPPS FS. ",287.79,,,,,,,Case Rate,"100% Medicare OPPS FS. ",287.79,,,,,,,Case Rate,"100% Medicare OPPS FS. ",287.79,,,,,,,Case Rate,"100%Medicare OPPS FS. ",287.79,,,,,,,Case Rate,"100% Medicare OPPS FS. ",,,,,,,,,"NA. ",1687.01,,,,,,,Case Rate,225% of NYS APG. Lesser of 100% of billed charges applies.,135.76,,,,,,,Case Rate,100% of PAS. Lesser of 100% of billed charges applies.,4100,,,,,,,Case Rate,". MPL 100/50/25% all add ons apply, and lesser of 100% of billed charges",830.9809,73,,,,,0,percent of total billed charges,73 percent of billed charges; No services were performed during the 15 month look back period.,830.9809,73,,,,,0,percent of total billed charges,73 percent of billed charges; No services were performed during the 15 month look back period.,830.9809,73,,,,,0,percent of total billed charges,73 percent of billed charges; No services were performed during the 15 month look back period.,830.9809,73,,,,,0,percent of total billed charges,73 percent of billed charges; No services were performed during the 15 month look back period.,287.79,,,,,,,Case Rate,"100% Medicare OPPS FS. ",749.78,,,,,,,Case Rate,"100 Percent of Medicaid APG. ",4100,,,,,,,Case Rate,". MPL 100/50/25% all add ons apply, and lesser of 100% of billed charges",749.78,,,,,,,Case Rate,"100 Percent of Medicaid APG. ",287.79,,,,,,,Case Rate,"100% Medicare OPPS FS. ",749.78,,,,,,,Case Rate,"100 Percent of Medicaid APG. ",287.79,,,,,,,Case Rate,"100% Medicare OPPS FS. ",287.79,,,,,,,Case Rate,"100% Medicare OPPS FS. ",749.78,,,,,,,Case Rate,"100 Percent of Medicaid APG. ",749.78,,,,,,,Case Rate,"100 Percent of Medicaid APG. ",830.9809,73,,,,,0,percent of total billed charges,73 percent of billed charges; No services were performed during the 15 month look back period.,6487,,,,,,,Case Rate,". MPL 100/50/25% maxmium of 3 procedures. All add ons apply, and lesser of 100% of billed charges",887.8974,78,,,,,0,percent of total billed charges,78% of Billed Charges. Lesser of 100% of billed charges applies.; No services were performed during the 15 month look back period.,4923.38,,,,,,,Case Rate,". MPL 100/50/25% all add ons apply, and lesser of 100% of billed charges",4923.38,,,,,,,Case Rate,". MPL 100/50/25% all add ons apply, and lesser of 100% of billed charges",6593,,,,,,,Case Rate,". Primary procedure pays at 100%, secondary at 50%, all subsequent at 25%.  Lesser of applies when negotiated rates exceed charges less addons.",287.79,,,,,,,Case Rate,"83% HF Fee schedule. ",12574,,,,,,,Case Rate,". Primary procedure pays at 100%, all subsequent at 50%.",12574,,,,,,,Case Rate,". Primary procedure pays at 100%, all subsequent at 50%.",3280,,,,,,,Case Rate,". MPL 100/50/25% all add ons apply, and lesser of 100% of billed charges",3280,,,,,,,Case Rate,". MPL 100/50/25% all add ons apply, and lesser of 100% of billed charges",287.79,,,,,,,Case Rate,"100% Medicare OPPS FS. ",287.79,,,,,,,Case Rate,"100% Medicare OPPS FS. ",287.79,,,,,,,Case Rate,"100% Medicare OPPS FS. ",287.79,,,,,,,Case Rate,"100% Medicare OPPS FS. ",4923.38,,,,,,,Case Rate,". MPL 100/50/25% all add ons apply, and lesser of 100% of billed charges",4100,,,,,,,Case Rate,". MPL 100/50/25% all add ons apply, and lesser of 100% of billed charges",4100,,,,,,,Case Rate,". MPL 100/50/25% all add ons apply, and lesser of 100% of billed charges",287.79,,,,,,,Case Rate,"100% Medicare OPPS FS. ",3280,,,,,,,Case Rate,". MPL 100/50/25% all add ons apply, and lesser of 100% of billed charges",830.9809,73,,,,,0,percent of total billed charges,73 percent of billed charges; No services were performed during the 15 month look back period.,899.74,,,,,,,Fee Schedule,"120 Percent of Medicaid APG. ",749.78,,,,,,,Case Rate,"100 Percent of Medicaid APG. ",830.9809,73,,,,,0,percent of total billed charges,73 percent of billed charges; No services were performed during the 15 month look back period.,3690,,,,,,,Case Rate,". MPL 100/50/25% all add ons apply, and lesser of 100% of billed charges",3690,,,,,,,Case Rate,". MPL 100/50/25% all add ons apply, and lesser of 100% of billed charges",4100,,,,,,,Case Rate,". MPL 100/50/25% all add ons apply, and lesser of 100% of billed charges",14948,,,,,,,Case Rate,". MPL 100/75/50% all add ons apply, and lesser of 100% of billed charges",287.79,,,,,,,Case Rate,"100%Medicare OPPS FS. ",787.27,,,,,,,Fee Schedule,105 percent of Medicaid APG. otherwise 105% of Ordered NYS MCD FS or 105% of ASP+6%,787.27,,,,,,,Fee Schedule,105 percent of Medicaid APG. otherwise 105% of Ordered NYS MCD FS or 105% of ASP+6%,787.27,,,,,,,Fee Schedule,105 percent of Medicaid APG. otherwise 105% of Ordered NYS MCD FS or 105% of ASP+6%,1012.21,,,,,,,Fee Schedule,135 percent of Medicaid APG. otherwise 135% of Ordered NYS MCD FS or 135% of ASP+6%,4923.38,,,,,,,Case Rate,". MPL 100/50/25% all add ons apply, and lesser of 100% of billed charges",787.27,,,,,,,Fee Schedule,105 percent of Medicaid APG. otherwise 105% of Ordered NYS MCD FS or 105% of ASP+6%,787.27,,,,,,,Fee Schedule,105 percent of Medicaid APG. otherwise 105% of Ordered NYS MCD FS or 105% of ASP+6%,787.27,,,,,,,Fee Schedule,105 percent of Medicaid APG. otherwise 105% of Ordered NYS MCD FS or 105% of ASP+6%,787.27,,,,,,,Fee Schedule,105 percent of Medicaid APG. otherwise 105% of Ordered NYS MCD FS or 105% of ASP+6%,787.27,,,,,,,Fee Schedule,105 percent of Medicaid APG. otherwise 105% of Ordered NYS MCD FS or 105% of ASP+6%,1012.21,,,,,,,Fee Schedule,135 percent of Medicaid APG. otherwise 135% of Ordered NYS MCD FS or 135% of ASP+6%,1012.21,,,,,,,Fee Schedule,135 percent of Medicaid APG. otherwise 135% of Ordered NYS MCD FS or 135% of ASP+6%,287.79,,,,,,,Case Rate,"100% Medicare OPPS FS. ",4923.38,,,,,,,Case Rate,". MPL 100/50/25% all add ons apply, and lesser of 100% of billed charges",287.79,,,,,,,Case Rate,"100% Medicare OPPS FS. ",787.27,,,,,,,Fee Schedule,105 percent of Medicaid APG. otherwise 105% of Ordered NYS MCD FS or 105% of ASP+6%,4100,,,,,,,Case Rate,". MPL 100/50/25% all add ons apply, and lesser of 100% of billed charges",287.79,,,,,,,Case Rate,"100% Medicare OPPS FS. ",4100,,,,,,,Case Rate,". MPL 100/50/25% all add ons apply, and lesser of 100% of billed charges",4100,,,,,,,Case Rate,". MPL 100/50/25% all add ons apply, and lesser of 100% of billed charges",4100,,,,,,,Case Rate,". MPL 100/50/25% all add ons apply, and lesser of 100% of billed charges",787.27,,,,,,,Fee Schedule,105 percent of Medicaid APG. otherwise 105% of Ordered NYS MCD FS or 105% of ASP+6%,287.79,,,,,,,Case Rate,"100% Medicare OPPS FS. ",4100,,,,,,,Case Rate,". MPL 100/50/25% all add ons apply, and lesser of 100% of billed charges",1012.21,,,,,,,Fee Schedule,135 percent of Medicaid APG. otherwise 135% of Ordered NYS MCD FS or 135% of ASP+6%,4100,,,,,,,Case Rate,". MPL 100/50/25% all add ons apply, and lesser of 100% of billed charges",2276.66,200,,,,,0,Case Rate,200% of Medicare OPPS. ; No services were performed during the 15 month look back period.,287.79,,,,,,,Case Rate,"100%Medicare OPPS FS. ",830.9809,73,,,,,0,percent of total billed charges,73 percent of billed charges; No services were performed during the 15 month look back period.,830.9809,73,,,,,0,percent of total billed charges,73 percent of billed charges; No services were performed during the 15 month look back period.,830.9809,73,,,,,0,percent of total billed charges,73 percent of billed charges; No services were performed during the 15 month look back period.,830.9809,73,,,,,0,percent of total billed charges,73 percent of billed charges; No services were performed during the 15 month look back period.,830.9809,73,,,,,0,percent of total billed charges,73 percent of billed charges; No services were performed during the 15 month look back period.,830.9809,73,,,,,0,percent of total billed charges,73 percent of billed charges; No services were performed during the 15 month look back period.,830.9809,73,,,,,0,percent of total billed charges,73 percent of billed charges; No services were performed during the 15 month look back period.,830.9809,73,,,,,0,percent of total billed charges,73 percent of billed charges; No services were performed during the 15 month look back period.,830.9809,73,,,,,0,percent of total billed charges,73 percent of billed charges; No services were performed during the 15 month look back period.,830.9809,73,,,,,0,percent of total billed charges,73 percent of billed charges; No services were performed during the 15 month look back period.,830.9809,73,,,,,0,percent of total billed charges,73 percent of billed charges; No services were performed during the 15 month look back period.,830.9809,73,,,,,0,percent of total billed charges,73 percent of billed charges; No services were performed during the 15 month look back period.,287.79,,,,,,,Case Rate,"100% Medicare OPPS FS. ",830.9809,73,,,,,0,percent of total billed charges,73 percent of billed charges; No services were performed during the 15 month look back period.,287.79,,,,,,,Case Rate,"100% Medicare OPPS FS. ",1687.01,,,,,,,Case Rate,"225 Percent of Medicaid APG. If not included in Medicaid APG, then 100 Percent of Manhattan Medicare",749.78,,,,,,,Case Rate,"100 Percent of Medicaid APG. ",4923.38,,,,,,,Case Rate,". MPL 100/50/25% all add ons apply, and lesser of 100% of billed charges",4923.38,,,,,,,Case Rate,". MPL 100/50/25% all add ons apply, and lesser of 100% of billed charges",287.79,,,,,,,Case Rate,"100% Medicare OPPS FS. ",12574,,,,,,,Case Rate,". Primary procedure pays at 100%, all subsequent at 50%.",287.79,,,,,,,Case Rate,"100% Medicare OPPS FS. ",287.79,,,,,,,Case Rate,"100% Medicare OPPS FS. ",6593,,,,,,,Case Rate,". Primary procedure pays at 100%, secondary at 50%, all subsequent at 25%.  Lesser of applies when negotiated rates exceed charges less addons.",287.79,,,,,,,Case Rate,"100% Medicare OPPS FS. ",6487,,,,,,,Case Rate,". MPL 100/50/25% maxmium of 3 procedures. All add ons apply, and lesser of 100% of billed charges",287.79,,,,,,,Case Rate,"100% Medicare OPPS FS. ",6487,,,,,,,Case Rate,". MPL 100/50/25% maxmium of 3 procedures. All add ons apply, and lesser of 100% of billed charges",6593,,,,,,,Case Rate,". Primary procedure pays at 100%, secondary at 50%, all subsequent at 25%.  Lesser of applies when negotiated rates exceed charges less addons.",6487,,,,,,,Case Rate,". MPL 100/50/25% maxmium of 3 procedures. All add ons apply, and lesser of 100% of billed charges",287.79,,,,,,,Case Rate,"100% Medicare OPPS FS. ",749.78,,,,,,,Case Rate,"100 Percent of Medicaid APG. ",287.79,,,,,,,Case Rate,"100% Medicare OPPS FS. ",6487,,,,,,,Case Rate,". MPL 100/50/25% maxmium of 3 procedures. All add ons apply, and lesser of 100% of billed charges",4923.38,,,,,,,Case Rate,". MPL 100/50/25% all add ons apply, and lesser of 100% of billed charges",749.78,,,,,,,Case Rate,"100 Percent of Medicaid APG. ",4100,,,,,,,Case Rate,". MPL 100/50/25% all add ons apply, and lesser of 100% of billed charges",899.74,,,,,,,Fee Schedule,"120 Percent of Medicaid APG. ",899.74,,,,,,,Fee Schedule,"120 Percent of Medicaid APG. ",4100,,,,,,,Case Rate,". MPL 100/50/25% all add ons apply, and lesser of 100% of billed charges",4100,,,,,,,Case Rate,". MPL 100/50/25% all add ons apply, and lesser of 100% of billed charges",4100,,,,,,,Case Rate,". MPL 100/50/25% all add ons apply, and lesser of 100% of billed charges",4923.38,,,,,,,Case Rate,". MPL 100/50/25% all add ons apply, and lesser of 100% of billed charges",4100,,,,,,,Case Rate,". MPL 100/50/25% all add ons apply, and lesser of 100% of billed charges",4100,,,,,,,Case Rate,". MPL 100/50/25% all add ons apply, and lesser of 100% of billed charges",4100,,,,,,,Case Rate,". MPL 100/50/25% all add ons apply, and lesser of 100% of billed charges",830.9809,73,,,,,0,percent of total billed charges,73 percent of billed charges; No services were performed during the 15 month look back period.,830.9809,73,,,,,0,percent of total billed charges,73 percent of billed charges; No services were performed during the 15 month look back period.,569.82,,,,,,,Case Rate,198 Percent of Medicare OPPS. Metroplus will reimburse unlisted codes and described codes with no Medicare rate at 50 percent of charges.,749.78,,,,,,,Case Rate,"100 Percent of Medicaid APG. ",4923.38,,,,,,,Case Rate,". MPL 100/50/25% all add ons apply, and lesser of 100% of billed charges",6487,,,,,,,Case Rate,". MPL 100/50/25% maxmium of 3 procedures. All add ons apply, and lesser of 100% of billed charges",6593,,,,,,,Case Rate,". Primary procedure pays at 100%, secondary at 50%, all subsequent at 25%.  Lesser of applies when negotiated rates exceed charges less addons.",4923.38,,,,,,,Case Rate,". MPL 100/50/25% all add ons apply, and lesser of 100% of billed charges",6593,,,,,,,Case Rate,". Primary procedure pays at 100%, secondary at 50%, all subsequent at 25%.  Lesser of applies when negotiated rates exceed charges less addons.",4923.38,,,,,,,Case Rate,". MPL 100/50/25% all add ons apply, and lesser of 100% of billed charges",4100,,,,,,,Case Rate,". MPL 100/50/25% all add ons apply, and lesser of 100% of billed charges",4100,,,,,,,Case Rate,". MPL 100/50/25% all add ons apply, and lesser of 100% of billed charges",4100,,,,,,,Case Rate,". MPL 100/50/25% all add ons apply, and lesser of 100% of billed charges",4100,,,,,,,Case Rate,". MPL 100/50/25% all add ons apply, and lesser of 100% of billed charges",287.79,,,,,,,Case Rate,"100% Medicare OPPS FS. ",135.76,25798,
43773,CPT,,,490,RC,LAP REPLACE GASTR ADJ DEVICE,,,both,,,,9740,,,,,,,Case Rate,". MPL 1st 100% of Payment Rate 50% of all others, all add ons apply, and lesser of 100% of billed charges.",9740,,,,,,,Case Rate,". MPL 1st 100% of Payment Rate 50% of all others, all add ons apply, and lesser of 100% of billed charges.",22858,,,,,,,Case Rate,". Primary procedure pays at 100%, secondary at 50%, all subsequent at 25%.  Lesser of applies when negotiated rates exceed charges less addons.",,100,,,,,0,percent of total billed charges,100 percent of billed charges. ; No services were performed during the 15 month look back period.,6903.8,,,,,,,Case Rate,"100% Medicare OPPS FS. ",22858,,,,,,,Case Rate,". Primary procedure pays at 100%, secondary at 50%, all subsequent at 25%.  Lesser of applies when negotiated rates exceed charges less addons.",22858,,,,,,,Case Rate,". Primary procedure pays at 100%, secondary at 50%, all subsequent at 25%.  Lesser of applies when negotiated rates exceed charges less addons.",22858,,,,,,,Case Rate,". Primary procedure pays at 100%, secondary at 50%, all subsequent at 25%.  Lesser of applies when negotiated rates exceed charges less addons.",3965.19,,,,,,,Case Rate,"100 Percent of Medicaid APG. ",3304.33,,,,,,,Case Rate,"100 Percent of Medicaid APG. ",,78,,,,,0,percent of total billed charges,78% of Billed Charges. Lesser of 100% of billed charges applies.; No services were performed during the 15 month look back period.,39779.96,,,,,,,Case Rate,". MPL 100/50/25% all add ons apply, and lesser of 100% of billed charges",3304.33,,,,,,,Case Rate,"100 Percent of Medicaid APG. ",6903.8,,,,,,,Case Rate,"100% Medicare OPPS FS. ",37670,,,,,,,Case Rate,". MPL 100/50/25% maxmium of 3 procedures. All add ons apply, and lesser of 100% of billed charges",37670,,,,,,,Case Rate,". MPL 100/50/25% maxmium of 3 procedures. All add ons apply, and lesser of 100% of billed charges",37670,,,,,,,Case Rate,". MPL 100/50/25% maxmium of 3 procedures. All add ons apply, and lesser of 100% of billed charges",37670,,,,,,,Case Rate,". MPL 100/50/25% maxmium of 3 procedures. All add ons apply, and lesser of 100% of billed charges",3304.33,,,,,,,Case rate,124 Percent of Medicaid APG. Covered services not payable under Medicaid Fee Schedules default to a payment of 50 percent of charges.,6903.8,,,,,,,Case Rate,"100% Medicare OPPS FS. ",3304.33,,,,,,,Case rate,124 Percent of Medicaid APG. Covered services not payable under Medicaid Fee Schedules default to a payment of 50 percent of charges.,,78,,,,,0,percent of total billed charges,78% of Billed Charges. Lesser of 100% of billed charges applies.; No services were performed during the 15 month look back period.,22858,,,,,,,Case Rate,". Primary procedure pays at 100%, secondary at 50%, all subsequent at 25%.  Lesser of applies when negotiated rates exceed charges less addons.",6903.8,,,,,,,Case Rate,"100%Medicare OPPS FS. ",35591,,,,,,,Case Rate,". Primary procedure pays at 100%, all subsequent at 50%.",6903.8,,,,,,,Case Rate,"100%Medicare OPPS FS. ",6903.8,,,,,,,Case Rate,"100%Medicare OPPS FS. ",,78,,,,,0,percent of total billed charges,78% of Billed Charges. Lesser of 100% of billed charges applies.; No services were performed during the 15 month look back period.,1377.5,,,,,,,Fee Schedule,90 Percent of Medicare RBRVS. Lesser of 100% of billed charges applies.,1377.5,,,,,,,Fee Schedule,90 Percent of Medicare RBRVS. Lesser of 100% of billed charges applies.,3304.33,,,,,,,Case rate,"100 Percent of Medicaid APG. ",3304.33,,,,,,,Case rate,"100 Percent of Medicaid APG. ",35591,,,,,,,Case Rate,". Primary procedure pays at 100%, all subsequent at 50%.",35591,,,,,,,Case Rate,". Primary procedure pays at 100%, all subsequent at 50%.",3304.33,,,,,,,Case Rate,"100 Percent of Medicaid APG. Not APG payable, or payable under another fee schedule like ASP/AWP pays at 30% of charges",35591,,,,,,,Case Rate,". Primary procedure pays at 100%, all subsequent at 50%.",3304.33,,,,,,,Case Rate,"100 Percent of Medicaid APG. Not APG payable, or payable under another fee schedule like ASP/AWP pays at 30% of charges",6903.8,,,,,,,Case Rate,"100%Medicare OPPS FS. ",35591,,,,,,,Case Rate,". Primary procedure pays at 100%, all subsequent at 50%.",,78,,,,,0,percent of total billed charges,78% of Billed Charges. Lesser of 100% of billed charges applies.; No services were performed during the 15 month look back period.,3304.33,,,,,,,Case Rate,"100 Percent of Medicaid APG. ",3304.33,,,,,,,Case Rate,"100 Percent of Medicaid APG. ",,78,,,,,0,percent of total billed charges,78% of Billed Charges. Lesser of 100% of billed charges applies.; No services were performed during the 15 month look back period.,37670,,,,,,,Case Rate,". MPL 100/50/25% maxmium of 3 procedures. All add ons apply, and lesser of 100% of billed charges",40000,,,,,,,Case Rate,". MPL 100/50/25% all add ons apply, and lesser of 100% of billed charges",40000,,,,,,,Case Rate,". MPL 100/50/25% all add ons apply, and lesser of 100% of billed charges",,78,,,,,0,percent of total billed charges,78% of Billed Charges. Lesser of 100% of billed charges applies.; No services were performed during the 15 month look back period.,6903.8,,,,,,,Case Rate,"100% Medicare OPPS FS. ",39779.96,,,,,,,Case Rate,". MPL 100/50/25% all add ons apply, and lesser of 100% of billed charges",39779.96,,,,,,,Case Rate,". MPL 100/50/25% all add ons apply, and lesser of 100% of billed charges",39779.96,,,,,,,Case Rate,". MPL 100/50/25% all add ons apply, and lesser of 100% of billed charges",6903.8,,,,,,,Case Rate,"100% Medicare OPPS FS. ",39779.96,,,,,,,Case Rate,". MPL 100/50/25% all add ons apply, and lesser of 100% of billed charges",39779.96,,,,,,,Case Rate,". MPL 100/50/25% all add ons apply, and lesser of 100% of billed charges",6903.8,,,,,,,Case Rate,"100% of Medicare OPPS. ",52476,,,,,,,Case Rate,". MPL 100/75/50% all add ons apply, and lesser of 100% of billed charges",36945,,,,,,,Case Rate,". MPL 100/50/25% all add ons apply, and lesser of 100% of billed charges",36945,,,,,,,Case Rate,". MPL 100/50/25% all add ons apply, and lesser of 100% of billed charges",36945,,,,,,,Case Rate,". MPL 100/50/25% all add ons apply, and lesser of 100% of billed charges",36945,,,,,,,Case Rate,". MPL 100/50/25% all add ons apply, and lesser of 100% of billed charges",36945,,,,,,,Case Rate,". MPL 100/50/25% all add ons apply, and lesser of 100% of billed charges",36945,,,,,,,Case Rate,". MPL 100/50/25% all add ons apply, and lesser of 100% of billed charges",6903.8,,,,,,,Case Rate,"100% Medicare OPPS FS. ",6903.8,,,,,,,Case Rate,"100% Medicare OPPS FS. ",36945,,,,,,,Case Rate,". MPL 100/50/25% all add ons apply, and lesser of 100% of billed charges",,78,,,,,0,percent of total billed charges,78% of Billed Charges. Lesser of 100% of billed charges applies.; No services were performed during the 15 month look back period.,,78,,,,,0,percent of total billed charges,78% of Billed Charges. Lesser of 100% of billed charges applies.; No services were performed during the 15 month look back period.,,78,,,,,0,percent of total billed charges,78% of Billed Charges. Lesser of 100% of billed charges applies.; No services were performed during the 15 month look back period.,,78,,,,,0,percent of total billed charges,78% of Billed Charges. Lesser of 100% of billed charges applies.; No services were performed during the 15 month look back period.,,78,,,,,0,percent of total billed charges,78% of Billed Charges. Lesser of 100% of billed charges applies.; No services were performed during the 15 month look back period.,,78,,,,,0,percent of total billed charges,78% of Billed Charges. Lesser of 100% of billed charges applies.; No services were performed during the 15 month look back period.,,78,,,,,0,percent of total billed charges,78% of Billed Charges. Lesser of 100% of billed charges applies.; No services were performed during the 15 month look back period.,,78,,,,,0,percent of total billed charges,78% of Billed Charges. Lesser of 100% of billed charges applies.; No services were performed during the 15 month look back period.,,78,,,,,0,percent of total billed charges,78% of Billed Charges. Lesser of 100% of billed charges applies.; No services were performed during the 15 month look back period.,,78,,,,,0,percent of total billed charges,78% of Billed Charges. Lesser of 100% of billed charges applies.; No services were performed during the 15 month look back period.,,78,,,,,0,percent of total billed charges,78% of Billed Charges. Lesser of 100% of billed charges applies.; No services were performed during the 15 month look back period.,,78,,,,,0,percent of total billed charges,78% of Billed Charges. Lesser of 100% of billed charges applies.; No services were performed during the 15 month look back period.,,78,,,,,0,percent of total billed charges,78% of Billed Charges. Lesser of 100% of billed charges applies.; No services were performed during the 15 month look back period.,,78,,,,,0,percent of total billed charges,78% of Billed Charges. Lesser of 100% of billed charges applies.; No services were performed during the 15 month look back period.,,78,,,,,0,percent of total billed charges,78% of Billed Charges. Lesser of 100% of billed charges applies.; No services were performed during the 15 month look back period.,,78,,,,,0,percent of total billed charges,78% of Billed Charges. Lesser of 100% of billed charges applies.; No services were performed during the 15 month look back period.,,78,,,,,0,percent of total billed charges,78% of Billed Charges. Lesser of 100% of billed charges applies.; No services were performed during the 15 month look back period.,,78,,,,,0,percent of total billed charges,78% of Billed Charges. Lesser of 100% of billed charges applies.; No services were performed during the 15 month look back period.,,78,,,,,0,percent of total billed charges,78% of Billed Charges. Lesser of 100% of billed charges applies.; No services were performed during the 15 month look back period.,,78,,,,,0,percent of total billed charges,78% of Billed Charges. Lesser of 100% of billed charges applies.; No services were performed during the 15 month look back period.,,78,,,,,0,percent of total billed charges,78% of Billed Charges. Lesser of 100% of billed charges applies.; No services were performed during the 15 month look back period.,,78,,,,,0,percent of total billed charges,78% of Billed Charges. Lesser of 100% of billed charges applies.; No services were performed during the 15 month look back period.,,78,,,,,0,percent of total billed charges,78% of Billed Charges. Lesser of 100% of billed charges applies.; No services were performed during the 15 month look back period.,,78,,,,,0,percent of total billed charges,78% of Billed Charges. Lesser of 100% of billed charges applies.; No services were performed during the 15 month look back period.,,78,,,,,0,percent of total billed charges,78% of Billed Charges. Lesser of 100% of billed charges applies.; No services were performed during the 15 month look back period.,,78,,,,,0,percent of total billed charges,78% of Billed Charges. Lesser of 100% of billed charges applies.; No services were performed during the 15 month look back period.,35591,,,,,,,Case Rate,". Primary procedure pays at 100%, all subsequent at 50%.",35591,,,,,,,Case Rate,". Primary procedure pays at 100%, all subsequent at 50%.",35591,,,,,,,Case Rate,". Primary procedure pays at 100%, all subsequent at 50%.",35591,,,,,,,Case Rate,". Primary procedure pays at 100%, all subsequent at 50%.",50991,,,,,,,Case Rate,". Primary procedure pays at 100%, all subsequent at 50%.",50991,,,,,,,Case Rate,". Primary procedure pays at 100%, all subsequent at 50%.",37670,,,,,,,Case Rate,". MPL 100/50/25% maxmium of 3 procedures. All add ons apply, and lesser of 100% of billed charges",36945,,,,,,,Case Rate,". MPL 100/50/25% all add ons apply, and lesser of 100% of billed charges",39779.96,,,,,,,Case Rate,". MPL 100/50/25% all add ons apply, and lesser of 100% of billed charges",36945,,,,,,,Case Rate,". MPL 100/50/25% all add ons apply, and lesser of 100% of billed charges",,78,,,,,0,percent of total billed charges,78% of Billed Charges. Lesser of 100% of billed charges applies.; No services were performed during the 15 month look back period.,50991,,,,,,,Case Rate,". Primary procedure pays at 100%, all subsequent at 50%.",36945,,,,,,,Case Rate,". MPL 100/50/25% all add ons apply, and lesser of 100% of billed charges",39779.96,,,,,,,Case Rate,". MPL 100/50/25% all add ons apply, and lesser of 100% of billed charges",37670,,,,,,,Case Rate,". MPL 100/50/25% maxmium of 3 procedures. All add ons apply, and lesser of 100% of billed charges",,,,,,,,,"NA. ",,78,,,,,0,percent of total billed charges,78% of Billed Charges. Lesser of 100% of billed charges applies.; No services were performed during the 15 month look back period.,3304.33,,,,,,,Case Rate,"100 Percent of Medicaid APG. ",35591,,,,,,,Case Rate,". Primary procedure pays at 100%, all subsequent at 50%.",3304.33,,,,,,,Case Rate,"100 Percent of Medicaid APG. Not APG payable, or payable under another fee schedule like ASP/AWP pays at 30% of charges",6903.8,,,,,,,Case Rate,"100%Medicare OPPS FS. ",6903.8,,,,,,,Case Rate,"100% Medicare OPPS FS. ",52476,,,,,,,Case Rate,". MPL 100/75/50% all add ons apply, and lesser of 100% of billed charges",6903.8,,,,,,,Case Rate,"100% Medicare OPPS FS. ",6903.8,,,,,,,Case Rate,"100% Medicare OPPS FS. ",3304.33,,,,,,,Case Rate,"100 Percent of Medicaid APG. ",6903.8,,,,,,,Case Rate,"100% Medicare OPPS FS. ",6903.8,,,,,,,Case Rate,"100% Medicare OPPS FS. ",22858,,,,,,,Case Rate,". Primary procedure pays at 100%, secondary at 50%, all subsequent at 25%.  Lesser of applies when negotiated rates exceed charges less addons.",22858,,,,,,,Case Rate,". Primary procedure pays at 100%, secondary at 50%, all subsequent at 25%.  Lesser of applies when negotiated rates exceed charges less addons.",6903.8,,,,,,,Case Rate,"100% Medicare OPPS FS. ",37670,,,,,,,Case Rate,". MPL 100/50/25% maxmium of 3 procedures. All add ons apply, and lesser of 100% of billed charges",39779.96,,,,,,,Case Rate,". MPL 100/50/25% all add ons apply, and lesser of 100% of billed charges",39779.96,,,,,,,Case Rate,". MPL 100/50/25% all add ons apply, and lesser of 100% of billed charges",6903.8,,,,,,,Case Rate,"100% Medicare OPPS FS. ",37670,,,,,,,Case Rate,". MPL 100/50/25% maxmium of 3 procedures. All add ons apply, and lesser of 100% of billed charges",22858,,,,,,,Case Rate,". Primary procedure pays at 100%, secondary at 50%, all subsequent at 25%.  Lesser of applies when negotiated rates exceed charges less addons.",22858,,,,,,,Case Rate,". Primary procedure pays at 100%, secondary at 50%, all subsequent at 25%.  Lesser of applies when negotiated rates exceed charges less addons.",22858,,,,,,,Case Rate,". Primary procedure pays at 100%, secondary at 50%, all subsequent at 25%.  Lesser of applies when negotiated rates exceed charges less addons.",,78,,,,,0,percent of total billed charges,78% of Billed Charges. Lesser of 100% of billed charges applies.; No services were performed during the 15 month look back period.,,78,,,,,0,percent of total billed charges,78% of Billed Charges. Lesser of 100% of billed charges applies.; No services were performed during the 15 month look back period.,,78,,,,,0,percent of total billed charges,78% of Billed Charges. Lesser of 100% of billed charges applies.; No services were performed during the 15 month look back period.,,78,,,,,0,percent of total billed charges,78% of Billed Charges. Lesser of 100% of billed charges applies.; No services were performed during the 15 month look back period.,,78,,,,,0,percent of total billed charges,78% of Billed Charges. Lesser of 100% of billed charges applies.; No services were performed during the 15 month look back period.,,78,,,,,0,percent of total billed charges,78% of Billed Charges. Lesser of 100% of billed charges applies.; No services were performed during the 15 month look back period.,,78,,,,,0,percent of total billed charges,78% of Billed Charges. Lesser of 100% of billed charges applies.; No services were performed during the 15 month look back period.,,78,,,,,0,percent of total billed charges,78% of Billed Charges. Lesser of 100% of billed charges applies.; No services were performed during the 15 month look back period.,,78,,,,,0,percent of total billed charges,78% of Billed Charges. Lesser of 100% of billed charges applies.; No services were performed during the 15 month look back period.,,78,,,,,0,percent of total billed charges,78% of Billed Charges. Lesser of 100% of billed charges applies.; No services were performed during the 15 month look back period.,,78,,,,,0,percent of total billed charges,78% of Billed Charges. Lesser of 100% of billed charges applies.; No services were performed during the 15 month look back period.,50991,,,,,,,Case Rate,". Primary procedure pays at 100%, all subsequent at 50%.",36945,,,,,,,Case Rate,". MPL 100/50/25% all add ons apply, and lesser of 100% of billed charges",37670,,,,,,,Case Rate,". MPL 100/50/25% maxmium of 3 procedures. All add ons apply, and lesser of 100% of billed charges",6903.8,,,,,,,Case Rate,"100% Medicare OPPS FS. ",22858,,,,,,,Case Rate,". Primary procedure pays at 100%, secondary at 50%, all subsequent at 25%.  Lesser of applies when negotiated rates exceed charges less addons.",37670,,,,,,,Case Rate,". MPL 100/50/25% maxmium of 3 procedures. All add ons apply, and lesser of 100% of billed charges",37670,,,,,,,Case Rate,". MPL 100/50/25% maxmium of 3 procedures. All add ons apply, and lesser of 100% of billed charges",,78,,,,,0,percent of total billed charges,78% of Billed Charges. Lesser of 100% of billed charges applies.; No services were performed during the 15 month look back period.,7071.26,,,,,,,Case Rate,"214 Percent of Medicaid APG. Drugs not priced under APG, billed with revenue code 636 and not priced by Medicare ASP FeeSched will be reimbursed at 20% of charges.",37670,,,,,,,Case Rate,". MPL 100/50/25% maxmium of 3 procedures. All add ons apply, and lesser of 100% of billed charges",3304.33,,,,,,,Case Rate,"100 Percent of Medicaid APG. ",6903.8,,,,,,,Case Rate,"100% Medicare OPPS FS. ",6903.8,,,,,,,Case Rate,"100% Medicare OPPS FS. ",6903.8,,,,,,,Case Rate,"100% Medicare OPPS FS. ",6903.8,,,,,,,Case Rate,"100% Medicare OPPS FS. ",6903.8,,,,,,,Case Rate,"100% Medicare OPPS FS. ",6903.8,,,,,,,Case Rate,"100% Medicare OPPS FS. ",37670,,,,,,,Case Rate,". MPL 100/50/25% maxmium of 3 procedures. All add ons apply, and lesser of 100% of billed charges",52476,,,,,,,Case Rate,". MPL 100/75/50% all add ons apply, and lesser of 100% of billed charges",5947.79,,,,,,,Fee Schedule,"180 Percent of Medicaid APG. ",5947.79,,,,,,,Fee Schedule,"180 Percent of Medicaid APG. ",5947.79,,,,,,,Fee Schedule,"180 Percent of Medicaid APG. ",5947.79,,,,,,,Fee Schedule,"180 Percent of Medicaid APG. ",5947.79,,,,,,,Fee Schedule,"180 Percent of Medicaid APG. ",,,,,,,,,"NA. ",52476,,,,,,,Case Rate,". MPL 100/75/50% all add ons apply, and lesser of 100% of billed charges",13669.52,,,,,,,Case Rate,198 Percent of Medicare OPPS. Metroplus will reimburse unlisted codes and described codes with no Medicare rate at 50 percent of charges.,13669.52,,,,,,,Case Rate,198 Percent of Medicare OPPS. Metroplus will reimburse unlisted codes and described codes with no Medicare rate at 50 percent of charges.,13669.52,,,,,,,Case Rate,198 Percent of Medicare OPPS. Metroplus will reimburse unlisted codes and described codes with no Medicare rate at 50 percent of charges.,13669.52,,,,,,,Case Rate,198 Percent of Medicare OPPS. Metroplus will reimburse unlisted codes and described codes with no Medicare rate at 50 percent of charges.,13669.52,,,,,,,Case Rate,198 Percent of Medicare OPPS. Metroplus will reimburse unlisted codes and described codes with no Medicare rate at 50 percent of charges.,6903.8,,,,,,,Case Rate,"100% Medicare OPPS FS. ",50991,,,,,,,Case Rate,". Primary procedure pays at 100%, all subsequent at 50%.",50991,,,,,,,Case Rate,". Primary procedure pays at 100%, all subsequent at 50%.",50991,,,,,,,Case Rate,". Primary procedure pays at 100%, all subsequent at 50%.",50991,,,,,,,Case Rate,". Primary procedure pays at 100%, all subsequent at 50%.",22858,,,,,,,Case Rate,". Primary procedure pays at 100%, secondary at 50%, all subsequent at 25%.  Lesser of applies when negotiated rates exceed charges less addons.",22858,,,,,,,Case Rate,". Primary procedure pays at 100%, secondary at 50%, all subsequent at 25%.  Lesser of applies when negotiated rates exceed charges less addons.",22858,,,,,,,Case Rate,". Primary procedure pays at 100%, secondary at 50%, all subsequent at 25%.  Lesser of applies when negotiated rates exceed charges less addons.",22858,,,,,,,Case Rate,". Primary procedure pays at 100%, secondary at 50%, all subsequent at 25%.  Lesser of applies when negotiated rates exceed charges less addons.",52476,,,,,,,Case Rate,". MPL 100/75/50% all add ons apply, and lesser of 100% of billed charges",52476,,,,,,,Case Rate,". MPL 100/75/50% all add ons apply, and lesser of 100% of billed charges",6903.8,,,,,,,Case Rate,"100% Medicare OPPS FS. ",6903.8,,,,,,,Case Rate,"100% Medicare OPPS FS. ",6903.8,,,,,,,Case Rate,"100% Medicare OPPS FS. ",36945,,,,,,,Case Rate,". MPL 100/50/25% all add ons apply, and lesser of 100% of billed charges",36945,,,,,,,Case Rate,". MPL 100/50/25% all add ons apply, and lesser of 100% of billed charges",36945,,,,,,,Case Rate,". MPL 100/50/25% all add ons apply, and lesser of 100% of billed charges",52476,,,,,,,Case Rate,". MPL 100/75/50% all add ons apply, and lesser of 100% of billed charges",22858,,,,,,,Case Rate,". Primary procedure pays at 100%, secondary at 50%, all subsequent at 25%.  Lesser of applies when negotiated rates exceed charges less addons.",6903.8,,,,,,,Case Rate,"100% Medicare OPPS FS. ",36945,,,,,,,Case Rate,". MPL 100/50/25% all add ons apply, and lesser of 100% of billed charges",3304.33,,,,,,,Case Rate,"100 Percent of Medicaid APG. ",7041.87,,,,,,,Case Rate,"102% of Medicare OPPS. ",7041.87,,,,,,,Case Rate,"102% of Medicare OPPS. ",7041.87,,,,,,,Case Rate,"102% of Medicare OPPS. ",3304.33,,,,,,,Case rate,"100 Percent of Medicaid APG. ",7434.74,,,,,,,Fee Schedule,225% of NYS APG. Lesser of 100% of billed charges applies.,7434.74,,,,,,,Fee Schedule,225% of NYS APG. Lesser of 100% of billed charges applies.,7434.74,,,,,,,Fee Schedule,225% of NYS APG. Lesser of 100% of billed charges applies.,7434.74,,,,,,,Fee Schedule,225% of NYS APG. Lesser of 100% of billed charges applies.,7434.74,,,,,,,Fee Schedule,225% of NYS APG. Lesser of 100% of billed charges applies.,7041.87,,,,,,,Case Rate,"102% of Medicare OPPS. ",3304.33,,,,,,,Case Rate,"100 Percent of Medicaid APG. ",1377.5,,,,,,,Fee Schedule,90 Percent of Medicare RBRVS. Lesser of 100% of billed charges applies.,7434.74,,,,,,,Fee Schedule,225% of NYS APG. Lesser of 100% of billed charges applies.,7434.74,,,,,,,Fee Schedule,225% of NYS APG. Lesser of 100% of billed charges applies.,1377.5,,,,,,,Fee Schedule,90 Percent of Medicare RBRVS. Lesser of 100% of billed charges applies.,1377.5,,,,,,,Fee Schedule,90 Percent of Medicare RBRVS. Lesser of 100% of billed charges applies.,5947.79,,,,,,,Fee Schedule,"180 Percent of Medicaid APG. ",6903.8,,,,,,,Case Rate,"100% Medicare OPPS FS. ",6903.8,,,,,,,Case Rate,"100% Medicare OPPS FS. ",22858,,,,,,,Case Rate,". Primary procedure pays at 100%, secondary at 50%, all subsequent at 25%.  Lesser of applies when negotiated rates exceed charges less addons.",6903.8,,,,,,,Case Rate,"100% Medicare OPPS FS. ",7434.74,,,,,,,Case Rate,"225 Percent of Medicaid APG. ",7434.74,,,,,,,Case Rate,"225 Percent of Medicaid APG. ",3304.33,,,,,,,Case rate,"100 Percent of Medicaid APG. ",3304.33,,,,,,,Case rate,"100 Percent of Medicaid APG. ",7434.74,,,,,,,Case Rate,225 Percent of Medicaid APG. Covered services not payable under Medicaid Fee Schedules default to a payment of 87.5 percent of charges.,3304.33,,,,,,,Case rate,124 Percent of Medicaid APG. Covered services not payable under Medicaid Fee Schedules default to a payment of 50 percent of charges.,7434.74,,,,,,,Case Rate,"100 Percent of Medicaid APG. ",7434.74,,,,,,,Case Rate,"100 Percent of Medicaid APG. ",7434.74,,,,,,,Case Rate,"100 Percent of Medicaid APG. ",7434.74,,,,,,,Case Rate,"100 Percent of Medicaid APG. ",13453,,,,,,,Case Rate,". MPL 100/75/50% all add ons apply, and lesser of 100% of billed charges",52476,,,,,,,Case Rate,". MPL 100/75/50% all add ons apply, and lesser of 100% of billed charges",3965.19,,,,,,,Case Rate,"120 Percent of Medicaid APG. Not APG payable, or payable under another fee schedule like ASP/AWP pays at 30% of charges",3965.19,,,,,,,Case Rate,"120 Percent of Medicaid APG. Not APG payable, or payable under another fee schedule like ASP/AWP pays at 30% of charges",3304.33,,,,,,,Case Rate,"100 Percent of Medicaid APG. Not APG payable, or payable under another fee schedule like ASP/AWP pays at 30% of charges",3304.33,,,,,,,Case Rate,"100 Percent of Medicaid APG. Not APG payable, or payable under another fee schedule like ASP/AWP pays at 30% of charges",36945,,,,,,,Case Rate,". MPL 100/50/25% all add ons apply, and lesser of 100% of billed charges",36945,,,,,,,Case Rate,". MPL 100/50/25% all add ons apply, and lesser of 100% of billed charges",6903.8,,,,,,,Case Rate,"100% Medicare OPPS FS. ",36945,,,,,,,Case Rate,". MPL 100/50/25% all add ons apply, and lesser of 100% of billed charges",36945,,,,,,,Case Rate,". MPL 100/50/25% all add ons apply, and lesser of 100% of billed charges",36945,,,,,,,Case Rate,". MPL 100/50/25% all add ons apply, and lesser of 100% of billed charges",36945,,,,,,,Case Rate,". MPL 100/50/25% all add ons apply, and lesser of 100% of billed charges",6903.8,,,,,,,Case Rate,"100% Medicare OPPS FS. ",36945,,,,,,,Case Rate,". MPL 100/50/25% all add ons apply, and lesser of 100% of billed charges",36945,,,,,,,Case Rate,". MPL 100/50/25% all add ons apply, and lesser of 100% of billed charges",22858,,,,,,,Case Rate,". Primary procedure pays at 100%, secondary at 50%, all subsequent at 25%.  Lesser of applies when negotiated rates exceed charges less addons.",3304.33,,,,,,,Fee Schedule,100% APG. Lesser of 100% of billed charges applies.,3304.33,,,,,,,Case rate,124 Percent of Medicaid APG. Covered services not payable under Medicaid Fee Schedules default to a payment of 50 percent of charges.,7434.74,,,,,,,Fee Schedule,225% of NYS APG. Lesser of 100% of billed charges applies.,7434.74,,,,,,,Case Rate,225 Percent of Medicaid APG. Covered services not payable under Medicaid Fee Schedules default to a payment of 87.5 percent of charges.,3304.33,,,,,,,Case rate,124 Percent of Medicaid APG. Covered services not payable under Medicaid Fee Schedules default to a payment of 50 percent of charges.,7434.74,,,,,,,Fee Schedule,225% of NYS APG. Lesser of 100% of billed charges applies.,7434.74,,,,,,,Fee Schedule,225% of NYS APG. Lesser of 100% of billed charges applies.,7434.74,,,,,,,Fee Schedule,225% of NYS APG. Lesser of 100% of billed charges applies.,7434.74,,,,,,,Fee Schedule,225% of NYS APG. Lesser of 100% of billed charges applies.,7434.74,,,,,,,Fee Schedule,225% of NYS APG. Lesser of 100% of billed charges applies.,7434.74,,,,,,,Fee Schedule,225% of NYS APG. Lesser of 100% of billed charges applies.,,,,,,,,,"NA. ",,,,,,,,,"NA. ",,,,,,,,,"NA. ",37670,,,,,,,Case Rate,". MPL 100/50/25% maxmium of 3 procedures. All add ons apply, and lesser of 100% of billed charges",,,,,,,,,"NA. ",6903.8,,,,,,,Case Rate,"100% Medicare OPPS FS. ",9740,,,,,,,Case Rate,". MPL 1st 100% of Payment Rate 50% of all others, all add ons apply, and lesser of 100% of billed charges.",6903.8,,,,,,,Case Rate,"100% Medicare OPPS FS. ",6903.8,,,,,,,Case Rate,"100% Medicare OPPS FS. ",3965.19,,,,,,,Case Rate,"120 Percent of Medicaid APG. Not APG payable, or payable under another fee schedule like ASP/AWP pays at 30% of charges",3965.19,,,,,,,Case Rate,"120 Percent of Medicaid APG. Not APG payable, or payable under another fee schedule like ASP/AWP pays at 30% of charges",3304.33,,,,,,,Case Rate,"100 Percent of Medicaid APG. Not APG payable, or payable under another fee schedule like ASP/AWP pays at 30% of charges",3304.33,,,,,,,Case Rate,"100 Percent of Medicaid APG. Not APG payable, or payable under another fee schedule like ASP/AWP pays at 30% of charges",3304.33,,,,,,,Case Rate,"100 Percent of Medicaid APG. ",30253,,,,,,,Case Rate,". ",22858,,,,,,,Case Rate,". Primary procedure pays at 100%, secondary at 50%, all subsequent at 25%.  Lesser of applies when negotiated rates exceed charges less addons.",35591,,,,,,,Case Rate,". Primary procedure pays at 100%, all subsequent at 50%.",37670,,,,,,,Case Rate,". MPL 100/50/25% maxmium of 3 procedures. All add ons apply, and lesser of 100% of billed charges",6903.8,,,,,,,Case Rate,"100%Medicare OPPS FS. ",6903.8,,,,,,,Case Rate,"100% Medicare OPPS FS. ",6903.8,,,,,,,Case Rate,"100% Medicare OPPS FS. ",6903.8,,,,,,,Case Rate,"100% Medicare OPPS FS. ",6903.8,,,,,,,Case Rate,"100%Medicare OPPS FS. ",6903.8,,,,,,,Case Rate,"100% Medicare OPPS FS. ",,,,,,,,,"NA. ",7434.74,,,,,,,Fee Schedule,225% of NYS APG. Lesser of 100% of billed charges applies.,1377.5,,,,,,,Fee Schedule,90 Percent of Medicare RBRVS. Lesser of 100% of billed charges applies.,36945,,,,,,,Case Rate,". MPL 100/50/25% all add ons apply, and lesser of 100% of billed charges",30253,,,,,,,Case Rate,". ",30253,,,,,,,Case Rate,". ",30253,,,,,,,Case Rate,". ",30253,,,,,,,Case Rate,". ",6903.8,,,,,,,Case Rate,"100% Medicare OPPS FS. ",3304.33,,,,,,,Case Rate,"100 Percent of Medicaid APG. ",36945,,,,,,,Case Rate,". MPL 100/50/25% all add ons apply, and lesser of 100% of billed charges",3304.33,,,,,,,Case Rate,"100 Percent of Medicaid APG. ",6903.8,,,,,,,Case Rate,"100% Medicare OPPS FS. ",3304.33,,,,,,,Case Rate,"100 Percent of Medicaid APG. ",6903.8,,,,,,,Case Rate,"100% Medicare OPPS FS. ",6903.8,,,,,,,Case Rate,"100% Medicare OPPS FS. ",3304.33,,,,,,,Case Rate,"100 Percent of Medicaid APG. ",3304.33,,,,,,,Case Rate,"100 Percent of Medicaid APG. ",30253,,,,,,,Case Rate,". ",37670,,,,,,,Case Rate,". MPL 100/50/25% maxmium of 3 procedures. All add ons apply, and lesser of 100% of billed charges",,78,,,,,0,percent of total billed charges,78% of Billed Charges. Lesser of 100% of billed charges applies.; No services were performed during the 15 month look back period.,39779.96,,,,,,,Case Rate,". MPL 100/50/25% all add ons apply, and lesser of 100% of billed charges",39779.96,,,,,,,Case Rate,". MPL 100/50/25% all add ons apply, and lesser of 100% of billed charges",22858,,,,,,,Case Rate,". Primary procedure pays at 100%, secondary at 50%, all subsequent at 25%.  Lesser of applies when negotiated rates exceed charges less addons.",6765.72,,,,,,,Case Rate,"83% HF Fee schedule. ",50991,,,,,,,Case Rate,". Primary procedure pays at 100%, all subsequent at 50%.",50991,,,,,,,Case Rate,". Primary procedure pays at 100%, all subsequent at 50%.",29556,,,,,,,Case Rate,". MPL 100/50/25% all add ons apply, and lesser of 100% of billed charges",29556,,,,,,,Case Rate,". MPL 100/50/25% all add ons apply, and lesser of 100% of billed charges",6903.8,,,,,,,Case Rate,"100% Medicare OPPS FS. ",6903.8,,,,,,,Case Rate,"100% Medicare OPPS FS. ",6903.8,,,,,,,Case Rate,"100% Medicare OPPS FS. ",6903.8,,,,,,,Case Rate,"100% Medicare OPPS FS. ",39779.96,,,,,,,Case Rate,". MPL 100/50/25% all add ons apply, and lesser of 100% of billed charges",36945,,,,,,,Case Rate,". MPL 100/50/25% all add ons apply, and lesser of 100% of billed charges",36945,,,,,,,Case Rate,". MPL 100/50/25% all add ons apply, and lesser of 100% of billed charges",6903.8,,,,,,,Case Rate,"100% Medicare OPPS FS. ",29556,,,,,,,Case Rate,". MPL 100/50/25% all add ons apply, and lesser of 100% of billed charges",35591,,,,,,,Case Rate,". Primary procedure pays at 100%, all subsequent at 50%.",3965.19,,,,,,,Fee Schedule,"120 Percent of Medicaid APG. ",3304.33,,,,,,,Case Rate,"100 Percent of Medicaid APG. ",30253,,,,,,,Case Rate,". ",33251,,,,,,,Case Rate,". MPL 100/50/25% all add ons apply, and lesser of 100% of billed charges",33251,,,,,,,Case Rate,". MPL 100/50/25% all add ons apply, and lesser of 100% of billed charges",36945,,,,,,,Case Rate,". MPL 100/50/25% all add ons apply, and lesser of 100% of billed charges",36156,,,,,,,Case Rate,". MPL 100/75/50% all add ons apply, and lesser of 100% of billed charges",6903.8,,,,,,,Case Rate,"100%Medicare OPPS FS. ",3469.55,,,,,,,Fee Schedule,105 percent of Medicaid APG. otherwise 105% of Ordered NYS MCD FS or 105% of ASP+6%,3469.55,,,,,,,Fee Schedule,105 percent of Medicaid APG. otherwise 105% of Ordered NYS MCD FS or 105% of ASP+6%,3469.55,,,,,,,Fee Schedule,105 percent of Medicaid APG. otherwise 105% of Ordered NYS MCD FS or 105% of ASP+6%,4460.84,,,,,,,Fee Schedule,135 percent of Medicaid APG. otherwise 135% of Ordered NYS MCD FS or 135% of ASP+6%,39779.96,,,,,,,Case Rate,". MPL 100/50/25% all add ons apply, and lesser of 100% of billed charges",3469.55,,,,,,,Fee Schedule,105 percent of Medicaid APG. otherwise 105% of Ordered NYS MCD FS or 105% of ASP+6%,3469.55,,,,,,,Fee Schedule,105 percent of Medicaid APG. otherwise 105% of Ordered NYS MCD FS or 105% of ASP+6%,3469.55,,,,,,,Fee Schedule,105 percent of Medicaid APG. otherwise 105% of Ordered NYS MCD FS or 105% of ASP+6%,3469.55,,,,,,,Fee Schedule,105 percent of Medicaid APG. otherwise 105% of Ordered NYS MCD FS or 105% of ASP+6%,3469.55,,,,,,,Fee Schedule,105 percent of Medicaid APG. otherwise 105% of Ordered NYS MCD FS or 105% of ASP+6%,4460.84,,,,,,,Fee Schedule,135 percent of Medicaid APG. otherwise 135% of Ordered NYS MCD FS or 135% of ASP+6%,4460.84,,,,,,,Fee Schedule,135 percent of Medicaid APG. otherwise 135% of Ordered NYS MCD FS or 135% of ASP+6%,6903.8,,,,,,,Case Rate,"100% Medicare OPPS FS. ",39779.96,,,,,,,Case Rate,". MPL 100/50/25% all add ons apply, and lesser of 100% of billed charges",6903.8,,,,,,,Case Rate,"100% Medicare OPPS FS. ",3469.55,,,,,,,Fee Schedule,105 percent of Medicaid APG. otherwise 105% of Ordered NYS MCD FS or 105% of ASP+6%,36945,,,,,,,Case Rate,". MPL 100/50/25% all add ons apply, and lesser of 100% of billed charges",6903.8,,,,,,,Case Rate,"100% Medicare OPPS FS. ",36945,,,,,,,Case Rate,". MPL 100/50/25% all add ons apply, and lesser of 100% of billed charges",36945,,,,,,,Case Rate,". MPL 100/50/25% all add ons apply, and lesser of 100% of billed charges",36945,,,,,,,Case Rate,". MPL 100/50/25% all add ons apply, and lesser of 100% of billed charges",3469.55,,,,,,,Fee Schedule,105 percent of Medicaid APG. otherwise 105% of Ordered NYS MCD FS or 105% of ASP+6%,6903.8,,,,,,,Case Rate,"100% Medicare OPPS FS. ",36945,,,,,,,Case Rate,". MPL 100/50/25% all add ons apply, and lesser of 100% of billed charges",4460.84,,,,,,,Fee Schedule,135 percent of Medicaid APG. otherwise 135% of Ordered NYS MCD FS or 135% of ASP+6%,36945,,,,,,,Case Rate,". MPL 100/50/25% all add ons apply, and lesser of 100% of billed charges",,200,,,,,0,Case Rate,200% of Medicare OPPS. ; No services were performed during the 15 month look back period.,6903.8,,,,,,,Case Rate,"100%Medicare OPPS FS. ",30253,,,,,,,Case Rate,". ",30253,,,,,,,Case Rate,". ",30253,,,,,,,Case Rate,". ",30253,,,,,,,Case Rate,". ",30253,,,,,,,Case Rate,". ",35591,,,,,,,Case Rate,". Primary procedure pays at 100%, all subsequent at 50%.",35591,,,,,,,Case Rate,". Primary procedure pays at 100%, all subsequent at 50%.",30253,,,,,,,Case Rate,". ",30253,,,,,,,Case Rate,". ",30253,,,,,,,Case Rate,". ",30253,,,,,,,Case Rate,". ",30253,,,,,,,Case Rate,". ",6903.8,,,,,,,Case Rate,"100% Medicare OPPS FS. ",35591,,,,,,,Case Rate,". Primary procedure pays at 100%, all subsequent at 50%.",6903.8,,,,,,,Case Rate,"100% Medicare OPPS FS. ",7434.74,,,,,,,Case Rate,"225 Percent of Medicaid APG. If not included in Medicaid APG, then 100 Percent of Manhattan Medicare",3304.33,,,,,,,Case Rate,"100 Percent of Medicaid APG. ",39779.96,,,,,,,Case Rate,". MPL 100/50/25% all add ons apply, and lesser of 100% of billed charges",39779.96,,,,,,,Case Rate,". MPL 100/50/25% all add ons apply, and lesser of 100% of billed charges",6903.8,,,,,,,Case Rate,"100% Medicare OPPS FS. ",50991,,,,,,,Case Rate,". Primary procedure pays at 100%, all subsequent at 50%.",6903.8,,,,,,,Case Rate,"100% Medicare OPPS FS. ",6903.8,,,,,,,Case Rate,"100% Medicare OPPS FS. ",22858,,,,,,,Case Rate,". Primary procedure pays at 100%, secondary at 50%, all subsequent at 25%.  Lesser of applies when negotiated rates exceed charges less addons.",6903.8,,,,,,,Case Rate,"100% Medicare OPPS FS. ",37670,,,,,,,Case Rate,". MPL 100/50/25% maxmium of 3 procedures. All add ons apply, and lesser of 100% of billed charges",6903.8,,,,,,,Case Rate,"100% Medicare OPPS FS. ",37670,,,,,,,Case Rate,". MPL 100/50/25% maxmium of 3 procedures. All add ons apply, and lesser of 100% of billed charges",22858,,,,,,,Case Rate,". Primary procedure pays at 100%, secondary at 50%, all subsequent at 25%.  Lesser of applies when negotiated rates exceed charges less addons.",37670,,,,,,,Case Rate,". MPL 100/50/25% maxmium of 3 procedures. All add ons apply, and lesser of 100% of billed charges",6903.8,,,,,,,Case Rate,"100% Medicare OPPS FS. ",3304.33,,,,,,,Case Rate,"100 Percent of Medicaid APG. ",6903.8,,,,,,,Case Rate,"100% Medicare OPPS FS. ",37670,,,,,,,Case Rate,". MPL 100/50/25% maxmium of 3 procedures. All add ons apply, and lesser of 100% of billed charges",39779.96,,,,,,,Case Rate,". MPL 100/50/25% all add ons apply, and lesser of 100% of billed charges",3304.33,,,,,,,Case Rate,"100 Percent of Medicaid APG. ",36945,,,,,,,Case Rate,". MPL 100/50/25% all add ons apply, and lesser of 100% of billed charges",3965.19,,,,,,,Fee Schedule,"120 Percent of Medicaid APG. ",3965.19,,,,,,,Fee Schedule,"120 Percent of Medicaid APG. ",36945,,,,,,,Case Rate,". MPL 100/50/25% all add ons apply, and lesser of 100% of billed charges",36945,,,,,,,Case Rate,". MPL 100/50/25% all add ons apply, and lesser of 100% of billed charges",36945,,,,,,,Case Rate,". MPL 100/50/25% all add ons apply, and lesser of 100% of billed charges",39779.96,,,,,,,Case Rate,". MPL 100/50/25% all add ons apply, and lesser of 100% of billed charges",36945,,,,,,,Case Rate,". MPL 100/50/25% all add ons apply, and lesser of 100% of billed charges",36945,,,,,,,Case Rate,". MPL 100/50/25% all add ons apply, and lesser of 100% of billed charges",36945,,,,,,,Case Rate,". MPL 100/50/25% all add ons apply, and lesser of 100% of billed charges",30253,,,,,,,Case Rate,". ",30253,,,,,,,Case Rate,". ",13669.52,,,,,,,Case Rate,198 Percent of Medicare OPPS. Metroplus will reimburse unlisted codes and described codes with no Medicare rate at 50 percent of charges.,3304.33,,,,,,,Case Rate,"100 Percent of Medicaid APG. ",39779.96,,,,,,,Case Rate,". MPL 100/50/25% all add ons apply, and lesser of 100% of billed charges",37670,,,,,,,Case Rate,". MPL 100/50/25% maxmium of 3 procedures. All add ons apply, and lesser of 100% of billed charges",22858,,,,,,,Case Rate,". Primary procedure pays at 100%, secondary at 50%, all subsequent at 25%.  Lesser of applies when negotiated rates exceed charges less addons.",39779.96,,,,,,,Case Rate,". MPL 100/50/25% all add ons apply, and lesser of 100% of billed charges",22858,,,,,,,Case Rate,". Primary procedure pays at 100%, secondary at 50%, all subsequent at 25%.  Lesser of applies when negotiated rates exceed charges less addons.",39779.96,,,,,,,Case Rate,". MPL 100/50/25% all add ons apply, and lesser of 100% of billed charges",36945,,,,,,,Case Rate,". MPL 100/50/25% all add ons apply, and lesser of 100% of billed charges",36945,,,,,,,Case Rate,". MPL 100/50/25% all add ons apply, and lesser of 100% of billed charges",36945,,,,,,,Case Rate,". MPL 100/50/25% all add ons apply, and lesser of 100% of billed charges",36945,,,,,,,Case Rate,". MPL 100/50/25% all add ons apply, and lesser of 100% of billed charges",6903.8,,,,,,,Case Rate,"100% Medicare OPPS FS. ",1377.5,52476,
44970,CPT,,,490,RC,LAPAROSCOPY APPENDECTOMY,,,both,,,,15878,,,,,,,Case Rate,". MPL 1st 100% of Payment Rate 50% of all others, all add ons apply, and lesser of 100% of billed charges.",15878,,,,,,,Case Rate,". MPL 1st 100% of Payment Rate 50% of all others, all add ons apply, and lesser of 100% of billed charges.",33012,,,,,,,Case Rate,". Primary procedure pays at 100%, secondary at 50%, all subsequent at 25%.  Lesser of applies when negotiated rates exceed charges less addons.",,100,,,,,0,percent of total billed charges,100 percent of billed charges. ; No services were performed during the 15 month look back period.,6903.8,,,,,,,Case Rate,"100% Medicare OPPS FS. ",33012,,,,,,,Case Rate,". Primary procedure pays at 100%, secondary at 50%, all subsequent at 25%.  Lesser of applies when negotiated rates exceed charges less addons.",33012,,,,,,,Case Rate,". Primary procedure pays at 100%, secondary at 50%, all subsequent at 25%.  Lesser of applies when negotiated rates exceed charges less addons.",33012,,,,,,,Case Rate,". Primary procedure pays at 100%, secondary at 50%, all subsequent at 25%.  Lesser of applies when negotiated rates exceed charges less addons.",3961.33,,,,,,,Case Rate,"100 Percent of Medicaid APG. ",3301.11,,,,,,,Case Rate,"100 Percent of Medicaid APG. ",,78,,,,,0,percent of total billed charges,78% of Billed Charges. Lesser of 100% of billed charges applies.; No services were performed during the 15 month look back period.,48347.74,,,,,,,Case Rate,". MPL 100/50/25% all add ons apply, and lesser of 100% of billed charges",3301.11,,,,,,,Case Rate,"100 Percent of Medicaid APG. ",6903.8,,,,,,,Case Rate,"100% Medicare OPPS FS. ",19566,,,,,,,Case Rate,". MPL 100/50/25% maxmium of 3 procedures. All add ons apply, and lesser of 100% of billed charges",19566,,,,,,,Case Rate,". MPL 100/50/25% maxmium of 3 procedures. All add ons apply, and lesser of 100% of billed charges",19566,,,,,,,Case Rate,". MPL 100/50/25% maxmium of 3 procedures. All add ons apply, and lesser of 100% of billed charges",19566,,,,,,,Case Rate,". MPL 100/50/25% maxmium of 3 procedures. All add ons apply, and lesser of 100% of billed charges",3301.11,,,,,,,Case rate,124 Percent of Medicaid APG. Covered services not payable under Medicaid Fee Schedules default to a payment of 50 percent of charges.,6903.8,,,,,,,Case Rate,"100% Medicare OPPS FS. ",3301.11,,,,,,,Case rate,124 Percent of Medicaid APG. Covered services not payable under Medicaid Fee Schedules default to a payment of 50 percent of charges.,,78,,,,,0,percent of total billed charges,78% of Billed Charges. Lesser of 100% of billed charges applies.; No services were performed during the 15 month look back period.,33012,,,,,,,Case Rate,". Primary procedure pays at 100%, secondary at 50%, all subsequent at 25%.  Lesser of applies when negotiated rates exceed charges less addons.",6903.8,,,,,,,Case Rate,"100%Medicare OPPS FS. ",16477,,,,,,,Case Rate,". Primary procedure pays at 100%, all subsequent at 50%.",6903.8,,,,,,,Case Rate,"100%Medicare OPPS FS. ",6903.8,,,,,,,Case Rate,"100%Medicare OPPS FS. ",,78,,,,,0,percent of total billed charges,78% of Billed Charges. Lesser of 100% of billed charges applies.; No services were performed during the 15 month look back period.,649.62,,,,,,,Fee Schedule,90 Percent of Medicare RBRVS. Lesser of 100% of billed charges applies.,649.62,,,,,,,Fee Schedule,90 Percent of Medicare RBRVS. Lesser of 100% of billed charges applies.,3301.11,,,,,,,Case rate,"100 Percent of Medicaid APG. ",3301.11,,,,,,,Case rate,"100 Percent of Medicaid APG. ",16477,,,,,,,Case Rate,". Primary procedure pays at 100%, all subsequent at 50%.",16477,,,,,,,Case Rate,". Primary procedure pays at 100%, all subsequent at 50%.",3301.11,,,,,,,Case Rate,"100 Percent of Medicaid APG. Not APG payable, or payable under another fee schedule like ASP/AWP pays at 30% of charges",16477,,,,,,,Case Rate,". Primary procedure pays at 100%, all subsequent at 50%.",3301.11,,,,,,,Case Rate,"100 Percent of Medicaid APG. Not APG payable, or payable under another fee schedule like ASP/AWP pays at 30% of charges",6903.8,,,,,,,Case Rate,"100%Medicare OPPS FS. ",16477,,,,,,,Case Rate,". Primary procedure pays at 100%, all subsequent at 50%.",,78,,,,,0,percent of total billed charges,78% of Billed Charges. Lesser of 100% of billed charges applies.; No services were performed during the 15 month look back period.,3301.11,,,,,,,Case Rate,"100 Percent of Medicaid APG. ",3301.11,,,,,,,Case Rate,"100 Percent of Medicaid APG. ",,78,,,,,0,percent of total billed charges,78% of Billed Charges. Lesser of 100% of billed charges applies.; No services were performed during the 15 month look back period.,19566,,,,,,,Case Rate,". MPL 100/50/25% maxmium of 3 procedures. All add ons apply, and lesser of 100% of billed charges",33102,,,,,,,Case Rate,". MPL 100/50/25% all add ons apply, and lesser of 100% of billed charges",33102,,,,,,,Case Rate,". MPL 100/50/25% all add ons apply, and lesser of 100% of billed charges",,78,,,,,0,percent of total billed charges,78% of Billed Charges. Lesser of 100% of billed charges applies.; No services were performed during the 15 month look back period.,6903.8,,,,,,,Case Rate,"100% Medicare OPPS FS. ",48347.74,,,,,,,Case Rate,". MPL 100/50/25% all add ons apply, and lesser of 100% of billed charges",48347.74,,,,,,,Case Rate,". MPL 100/50/25% all add ons apply, and lesser of 100% of billed charges",48347.74,,,,,,,Case Rate,". MPL 100/50/25% all add ons apply, and lesser of 100% of billed charges",6903.8,,,,,,,Case Rate,"100% Medicare OPPS FS. ",48347.74,,,,,,,Case Rate,". MPL 100/50/25% all add ons apply, and lesser of 100% of billed charges",48347.74,,,,,,,Case Rate,". MPL 100/50/25% all add ons apply, and lesser of 100% of billed charges",6903.8,,,,,,,Case Rate,"100% of Medicare OPPS. ",47730,,,,,,,Case Rate,". MPL 100/75/50% all add ons apply, and lesser of 100% of billed charges",18617,,,,,,,Case Rate,". MPL 100/50/25% all add ons apply, and lesser of 100% of billed charges",18617,,,,,,,Case Rate,". MPL 100/50/25% all add ons apply, and lesser of 100% of billed charges",18617,,,,,,,Case Rate,". MPL 100/50/25% all add ons apply, and lesser of 100% of billed charges",18617,,,,,,,Case Rate,". MPL 100/50/25% all add ons apply, and lesser of 100% of billed charges",18617,,,,,,,Case Rate,". MPL 100/50/25% all add ons apply, and lesser of 100% of billed charges",18617,,,,,,,Case Rate,". MPL 100/50/25% all add ons apply, and lesser of 100% of billed charges",6903.8,,,,,,,Case Rate,"100% Medicare OPPS FS. ",6903.8,,,,,,,Case Rate,"100% Medicare OPPS FS. ",18617,,,,,,,Case Rate,". MPL 100/50/25% all add ons apply, and lesser of 100% of billed charges",,78,,,,,0,percent of total billed charges,78% of Billed Charges. Lesser of 100% of billed charges applies.; No services were performed during the 15 month look back period.,,78,,,,,0,percent of total billed charges,78% of Billed Charges. Lesser of 100% of billed charges applies.; No services were performed during the 15 month look back period.,,78,,,,,0,percent of total billed charges,78% of Billed Charges. Lesser of 100% of billed charges applies.; No services were performed during the 15 month look back period.,,78,,,,,0,percent of total billed charges,78% of Billed Charges. Lesser of 100% of billed charges applies.; No services were performed during the 15 month look back period.,,78,,,,,0,percent of total billed charges,78% of Billed Charges. Lesser of 100% of billed charges applies.; No services were performed during the 15 month look back period.,,78,,,,,0,percent of total billed charges,78% of Billed Charges. Lesser of 100% of billed charges applies.; No services were performed during the 15 month look back period.,,78,,,,,0,percent of total billed charges,78% of Billed Charges. Lesser of 100% of billed charges applies.; No services were performed during the 15 month look back period.,,78,,,,,0,percent of total billed charges,78% of Billed Charges. Lesser of 100% of billed charges applies.; No services were performed during the 15 month look back period.,,78,,,,,0,percent of total billed charges,78% of Billed Charges. Lesser of 100% of billed charges applies.; No services were performed during the 15 month look back period.,,78,,,,,0,percent of total billed charges,78% of Billed Charges. Lesser of 100% of billed charges applies.; No services were performed during the 15 month look back period.,,78,,,,,0,percent of total billed charges,78% of Billed Charges. Lesser of 100% of billed charges applies.; No services were performed during the 15 month look back period.,,78,,,,,0,percent of total billed charges,78% of Billed Charges. Lesser of 100% of billed charges applies.; No services were performed during the 15 month look back period.,,78,,,,,0,percent of total billed charges,78% of Billed Charges. Lesser of 100% of billed charges applies.; No services were performed during the 15 month look back period.,,78,,,,,0,percent of total billed charges,78% of Billed Charges. Lesser of 100% of billed charges applies.; No services were performed during the 15 month look back period.,,78,,,,,0,percent of total billed charges,78% of Billed Charges. Lesser of 100% of billed charges applies.; No services were performed during the 15 month look back period.,,78,,,,,0,percent of total billed charges,78% of Billed Charges. Lesser of 100% of billed charges applies.; No services were performed during the 15 month look back period.,,78,,,,,0,percent of total billed charges,78% of Billed Charges. Lesser of 100% of billed charges applies.; No services were performed during the 15 month look back period.,,78,,,,,0,percent of total billed charges,78% of Billed Charges. Lesser of 100% of billed charges applies.; No services were performed during the 15 month look back period.,,78,,,,,0,percent of total billed charges,78% of Billed Charges. Lesser of 100% of billed charges applies.; No services were performed during the 15 month look back period.,,78,,,,,0,percent of total billed charges,78% of Billed Charges. Lesser of 100% of billed charges applies.; No services were performed during the 15 month look back period.,,78,,,,,0,percent of total billed charges,78% of Billed Charges. Lesser of 100% of billed charges applies.; No services were performed during the 15 month look back period.,,78,,,,,0,percent of total billed charges,78% of Billed Charges. Lesser of 100% of billed charges applies.; No services were performed during the 15 month look back period.,,78,,,,,0,percent of total billed charges,78% of Billed Charges. Lesser of 100% of billed charges applies.; No services were performed during the 15 month look back period.,,78,,,,,0,percent of total billed charges,78% of Billed Charges. Lesser of 100% of billed charges applies.; No services were performed during the 15 month look back period.,,78,,,,,0,percent of total billed charges,78% of Billed Charges. Lesser of 100% of billed charges applies.; No services were performed during the 15 month look back period.,,78,,,,,0,percent of total billed charges,78% of Billed Charges. Lesser of 100% of billed charges applies.; No services were performed during the 15 month look back period.,16477,,,,,,,Case Rate,". Primary procedure pays at 100%, all subsequent at 50%.",16477,,,,,,,Case Rate,". Primary procedure pays at 100%, all subsequent at 50%.",16477,,,,,,,Case Rate,". Primary procedure pays at 100%, all subsequent at 50%.",16477,,,,,,,Case Rate,". Primary procedure pays at 100%, all subsequent at 50%.",12574,,,,,,,Case Rate,". Primary procedure pays at 100%, all subsequent at 50%.",12574,,,,,,,Case Rate,". Primary procedure pays at 100%, all subsequent at 50%.",19566,,,,,,,Case Rate,". MPL 100/50/25% maxmium of 3 procedures. All add ons apply, and lesser of 100% of billed charges",18617,,,,,,,Case Rate,". MPL 100/50/25% all add ons apply, and lesser of 100% of billed charges",48347.74,,,,,,,Case Rate,". MPL 100/50/25% all add ons apply, and lesser of 100% of billed charges",18617,,,,,,,Case Rate,". MPL 100/50/25% all add ons apply, and lesser of 100% of billed charges",,78,,,,,0,percent of total billed charges,78% of Billed Charges. Lesser of 100% of billed charges applies.; No services were performed during the 15 month look back period.,12574,,,,,,,Case Rate,". Primary procedure pays at 100%, all subsequent at 50%.",18617,,,,,,,Case Rate,". MPL 100/50/25% all add ons apply, and lesser of 100% of billed charges",48347.74,,,,,,,Case Rate,". MPL 100/50/25% all add ons apply, and lesser of 100% of billed charges",19566,,,,,,,Case Rate,". MPL 100/50/25% maxmium of 3 procedures. All add ons apply, and lesser of 100% of billed charges",,,,,,,,,"NA. ",,78,,,,,0,percent of total billed charges,78% of Billed Charges. Lesser of 100% of billed charges applies.; No services were performed during the 15 month look back period.,3301.11,,,,,,,Case Rate,"100 Percent of Medicaid APG. ",16477,,,,,,,Case Rate,". Primary procedure pays at 100%, all subsequent at 50%.",3301.11,,,,,,,Case Rate,"100 Percent of Medicaid APG. Not APG payable, or payable under another fee schedule like ASP/AWP pays at 30% of charges",6903.8,,,,,,,Case Rate,"100%Medicare OPPS FS. ",6903.8,,,,,,,Case Rate,"100% Medicare OPPS FS. ",47730,,,,,,,Case Rate,". MPL 100/75/50% all add ons apply, and lesser of 100% of billed charges",6903.8,,,,,,,Case Rate,"100% Medicare OPPS FS. ",6903.8,,,,,,,Case Rate,"100% Medicare OPPS FS. ",3301.11,,,,,,,Case Rate,"100 Percent of Medicaid APG. ",6903.8,,,,,,,Case Rate,"100% Medicare OPPS FS. ",6903.8,,,,,,,Case Rate,"100% Medicare OPPS FS. ",33012,,,,,,,Case Rate,". Primary procedure pays at 100%, secondary at 50%, all subsequent at 25%.  Lesser of applies when negotiated rates exceed charges less addons.",33012,,,,,,,Case Rate,". Primary procedure pays at 100%, secondary at 50%, all subsequent at 25%.  Lesser of applies when negotiated rates exceed charges less addons.",6903.8,,,,,,,Case Rate,"100% Medicare OPPS FS. ",19566,,,,,,,Case Rate,". MPL 100/50/25% maxmium of 3 procedures. All add ons apply, and lesser of 100% of billed charges",48347.74,,,,,,,Case Rate,". MPL 100/50/25% all add ons apply, and lesser of 100% of billed charges",48347.74,,,,,,,Case Rate,". MPL 100/50/25% all add ons apply, and lesser of 100% of billed charges",6903.8,,,,,,,Case Rate,"100% Medicare OPPS FS. ",19566,,,,,,,Case Rate,". MPL 100/50/25% maxmium of 3 procedures. All add ons apply, and lesser of 100% of billed charges",33012,,,,,,,Case Rate,". Primary procedure pays at 100%, secondary at 50%, all subsequent at 25%.  Lesser of applies when negotiated rates exceed charges less addons.",33012,,,,,,,Case Rate,". Primary procedure pays at 100%, secondary at 50%, all subsequent at 25%.  Lesser of applies when negotiated rates exceed charges less addons.",33012,,,,,,,Case Rate,". Primary procedure pays at 100%, secondary at 50%, all subsequent at 25%.  Lesser of applies when negotiated rates exceed charges less addons.",,78,,,,,0,percent of total billed charges,78% of Billed Charges. Lesser of 100% of billed charges applies.; No services were performed during the 15 month look back period.,,78,,,,,0,percent of total billed charges,78% of Billed Charges. Lesser of 100% of billed charges applies.; No services were performed during the 15 month look back period.,,78,,,,,0,percent of total billed charges,78% of Billed Charges. Lesser of 100% of billed charges applies.; No services were performed during the 15 month look back period.,,78,,,,,0,percent of total billed charges,78% of Billed Charges. Lesser of 100% of billed charges applies.; No services were performed during the 15 month look back period.,,78,,,,,0,percent of total billed charges,78% of Billed Charges. Lesser of 100% of billed charges applies.; No services were performed during the 15 month look back period.,,78,,,,,0,percent of total billed charges,78% of Billed Charges. Lesser of 100% of billed charges applies.; No services were performed during the 15 month look back period.,,78,,,,,0,percent of total billed charges,78% of Billed Charges. Lesser of 100% of billed charges applies.; No services were performed during the 15 month look back period.,,78,,,,,0,percent of total billed charges,78% of Billed Charges. Lesser of 100% of billed charges applies.; No services were performed during the 15 month look back period.,,78,,,,,0,percent of total billed charges,78% of Billed Charges. Lesser of 100% of billed charges applies.; No services were performed during the 15 month look back period.,,78,,,,,0,percent of total billed charges,78% of Billed Charges. Lesser of 100% of billed charges applies.; No services were performed during the 15 month look back period.,,78,,,,,0,percent of total billed charges,78% of Billed Charges. Lesser of 100% of billed charges applies.; No services were performed during the 15 month look back period.,12574,,,,,,,Case Rate,". Primary procedure pays at 100%, all subsequent at 50%.",18617,,,,,,,Case Rate,". MPL 100/50/25% all add ons apply, and lesser of 100% of billed charges",19566,,,,,,,Case Rate,". MPL 100/50/25% maxmium of 3 procedures. All add ons apply, and lesser of 100% of billed charges",6903.8,,,,,,,Case Rate,"100% Medicare OPPS FS. ",33012,,,,,,,Case Rate,". Primary procedure pays at 100%, secondary at 50%, all subsequent at 25%.  Lesser of applies when negotiated rates exceed charges less addons.",19566,,,,,,,Case Rate,". MPL 100/50/25% maxmium of 3 procedures. All add ons apply, and lesser of 100% of billed charges",19566,,,,,,,Case Rate,". MPL 100/50/25% maxmium of 3 procedures. All add ons apply, and lesser of 100% of billed charges",,78,,,,,0,percent of total billed charges,78% of Billed Charges. Lesser of 100% of billed charges applies.; No services were performed during the 15 month look back period.,7064.38,,,,,,,Case Rate,"214 Percent of Medicaid APG. Drugs not priced under APG, billed with revenue code 636 and not priced by Medicare ASP FeeSched will be reimbursed at 20% of charges.",19566,,,,,,,Case Rate,". MPL 100/50/25% maxmium of 3 procedures. All add ons apply, and lesser of 100% of billed charges",3301.11,,,,,,,Case Rate,"100 Percent of Medicaid APG. ",6903.8,,,,,,,Case Rate,"100% Medicare OPPS FS. ",6903.8,,,,,,,Case Rate,"100% Medicare OPPS FS. ",6903.8,,,,,,,Case Rate,"100% Medicare OPPS FS. ",6903.8,,,,,,,Case Rate,"100% Medicare OPPS FS. ",6903.8,,,,,,,Case Rate,"100% Medicare OPPS FS. ",6903.8,,,,,,,Case Rate,"100% Medicare OPPS FS. ",19566,,,,,,,Case Rate,". MPL 100/50/25% maxmium of 3 procedures. All add ons apply, and lesser of 100% of billed charges",47730,,,,,,,Case Rate,". MPL 100/75/50% all add ons apply, and lesser of 100% of billed charges",5942,,,,,,,Fee Schedule,"180 Percent of Medicaid APG. ",5942,,,,,,,Fee Schedule,"180 Percent of Medicaid APG. ",5942,,,,,,,Fee Schedule,"180 Percent of Medicaid APG. ",5942,,,,,,,Fee Schedule,"180 Percent of Medicaid APG. ",5942,,,,,,,Fee Schedule,"180 Percent of Medicaid APG. ",,,,,,,,,"NA. ",47730,,,,,,,Case Rate,". MPL 100/75/50% all add ons apply, and lesser of 100% of billed charges",13669.52,,,,,,,Case Rate,198 Percent of Medicare OPPS. Metroplus will reimburse unlisted codes and described codes with no Medicare rate at 50 percent of charges.,13669.52,,,,,,,Case Rate,198 Percent of Medicare OPPS. Metroplus will reimburse unlisted codes and described codes with no Medicare rate at 50 percent of charges.,13669.52,,,,,,,Case Rate,198 Percent of Medicare OPPS. Metroplus will reimburse unlisted codes and described codes with no Medicare rate at 50 percent of charges.,13669.52,,,,,,,Case Rate,198 Percent of Medicare OPPS. Metroplus will reimburse unlisted codes and described codes with no Medicare rate at 50 percent of charges.,13669.52,,,,,,,Case Rate,198 Percent of Medicare OPPS. Metroplus will reimburse unlisted codes and described codes with no Medicare rate at 50 percent of charges.,6903.8,,,,,,,Case Rate,"100% Medicare OPPS FS. ",12574,,,,,,,Case Rate,". Primary procedure pays at 100%, all subsequent at 50%.",12574,,,,,,,Case Rate,". Primary procedure pays at 100%, all subsequent at 50%.",12574,,,,,,,Case Rate,". Primary procedure pays at 100%, all subsequent at 50%.",12574,,,,,,,Case Rate,". Primary procedure pays at 100%, all subsequent at 50%.",33012,,,,,,,Case Rate,". Primary procedure pays at 100%, secondary at 50%, all subsequent at 25%.  Lesser of applies when negotiated rates exceed charges less addons.",33012,,,,,,,Case Rate,". Primary procedure pays at 100%, secondary at 50%, all subsequent at 25%.  Lesser of applies when negotiated rates exceed charges less addons.",33012,,,,,,,Case Rate,". Primary procedure pays at 100%, secondary at 50%, all subsequent at 25%.  Lesser of applies when negotiated rates exceed charges less addons.",33012,,,,,,,Case Rate,". Primary procedure pays at 100%, secondary at 50%, all subsequent at 25%.  Lesser of applies when negotiated rates exceed charges less addons.",47730,,,,,,,Case Rate,". MPL 100/75/50% all add ons apply, and lesser of 100% of billed charges",47730,,,,,,,Case Rate,". MPL 100/75/50% all add ons apply, and lesser of 100% of billed charges",6903.8,,,,,,,Case Rate,"100% Medicare OPPS FS. ",6903.8,,,,,,,Case Rate,"100% Medicare OPPS FS. ",6903.8,,,,,,,Case Rate,"100% Medicare OPPS FS. ",18617,,,,,,,Case Rate,". MPL 100/50/25% all add ons apply, and lesser of 100% of billed charges",18617,,,,,,,Case Rate,". MPL 100/50/25% all add ons apply, and lesser of 100% of billed charges",18617,,,,,,,Case Rate,". MPL 100/50/25% all add ons apply, and lesser of 100% of billed charges",47730,,,,,,,Case Rate,". MPL 100/75/50% all add ons apply, and lesser of 100% of billed charges",33012,,,,,,,Case Rate,". Primary procedure pays at 100%, secondary at 50%, all subsequent at 25%.  Lesser of applies when negotiated rates exceed charges less addons.",6903.8,,,,,,,Case Rate,"100% Medicare OPPS FS. ",18617,,,,,,,Case Rate,". MPL 100/50/25% all add ons apply, and lesser of 100% of billed charges",3301.11,,,,,,,Case Rate,"100 Percent of Medicaid APG. ",7041.87,,,,,,,Case Rate,"102% of Medicare OPPS. ",7041.87,,,,,,,Case Rate,"102% of Medicare OPPS. ",7041.87,,,,,,,Case Rate,"102% of Medicare OPPS. ",3301.11,,,,,,,Case rate,"100 Percent of Medicaid APG. ",7427.5,,,,,,,Fee Schedule,225% of NYS APG. Lesser of 100% of billed charges applies.,7427.5,,,,,,,Fee Schedule,225% of NYS APG. Lesser of 100% of billed charges applies.,7427.5,,,,,,,Fee Schedule,225% of NYS APG. Lesser of 100% of billed charges applies.,7427.5,,,,,,,Fee Schedule,225% of NYS APG. Lesser of 100% of billed charges applies.,7427.5,,,,,,,Fee Schedule,225% of NYS APG. Lesser of 100% of billed charges applies.,7041.87,,,,,,,Case Rate,"102% of Medicare OPPS. ",3301.11,,,,,,,Case Rate,"100 Percent of Medicaid APG. ",649.62,,,,,,,Fee Schedule,90 Percent of Medicare RBRVS. Lesser of 100% of billed charges applies.,7427.5,,,,,,,Fee Schedule,225% of NYS APG. Lesser of 100% of billed charges applies.,7427.5,,,,,,,Fee Schedule,225% of NYS APG. Lesser of 100% of billed charges applies.,649.62,,,,,,,Fee Schedule,90 Percent of Medicare RBRVS. Lesser of 100% of billed charges applies.,649.62,,,,,,,Fee Schedule,90 Percent of Medicare RBRVS. Lesser of 100% of billed charges applies.,5942,,,,,,,Fee Schedule,"180 Percent of Medicaid APG. ",6903.8,,,,,,,Case Rate,"100% Medicare OPPS FS. ",6903.8,,,,,,,Case Rate,"100% Medicare OPPS FS. ",33012,,,,,,,Case Rate,". Primary procedure pays at 100%, secondary at 50%, all subsequent at 25%.  Lesser of applies when negotiated rates exceed charges less addons.",6903.8,,,,,,,Case Rate,"100% Medicare OPPS FS. ",7427.5,,,,,,,Case Rate,"225 Percent of Medicaid APG. ",7427.5,,,,,,,Case Rate,"225 Percent of Medicaid APG. ",3301.11,,,,,,,Case rate,"100 Percent of Medicaid APG. ",3301.11,,,,,,,Case rate,"100 Percent of Medicaid APG. ",7427.5,,,,,,,Case Rate,225 Percent of Medicaid APG. Covered services not payable under Medicaid Fee Schedules default to a payment of 87.5 percent of charges.,3301.11,,,,,,,Case rate,124 Percent of Medicaid APG. Covered services not payable under Medicaid Fee Schedules default to a payment of 50 percent of charges.,7427.5,,,,,,,Case Rate,"100 Percent of Medicaid APG. ",7427.5,,,,,,,Case Rate,"100 Percent of Medicaid APG. ",7427.5,,,,,,,Case Rate,"100 Percent of Medicaid APG. ",7427.5,,,,,,,Case Rate,"100 Percent of Medicaid APG. ",13453,,,,,,,Case Rate,". MPL 100/75/50% all add ons apply, and lesser of 100% of billed charges",47730,,,,,,,Case Rate,". MPL 100/75/50% all add ons apply, and lesser of 100% of billed charges",3961.33,,,,,,,Case Rate,"120 Percent of Medicaid APG. Not APG payable, or payable under another fee schedule like ASP/AWP pays at 30% of charges",3961.33,,,,,,,Case Rate,"120 Percent of Medicaid APG. Not APG payable, or payable under another fee schedule like ASP/AWP pays at 30% of charges",3301.11,,,,,,,Case Rate,"100 Percent of Medicaid APG. Not APG payable, or payable under another fee schedule like ASP/AWP pays at 30% of charges",3301.11,,,,,,,Case Rate,"100 Percent of Medicaid APG. Not APG payable, or payable under another fee schedule like ASP/AWP pays at 30% of charges",18617,,,,,,,Case Rate,". MPL 100/50/25% all add ons apply, and lesser of 100% of billed charges",18617,,,,,,,Case Rate,". MPL 100/50/25% all add ons apply, and lesser of 100% of billed charges",6903.8,,,,,,,Case Rate,"100% Medicare OPPS FS. ",18617,,,,,,,Case Rate,". MPL 100/50/25% all add ons apply, and lesser of 100% of billed charges",18617,,,,,,,Case Rate,". MPL 100/50/25% all add ons apply, and lesser of 100% of billed charges",18617,,,,,,,Case Rate,". MPL 100/50/25% all add ons apply, and lesser of 100% of billed charges",18617,,,,,,,Case Rate,". MPL 100/50/25% all add ons apply, and lesser of 100% of billed charges",6903.8,,,,,,,Case Rate,"100% Medicare OPPS FS. ",18617,,,,,,,Case Rate,". MPL 100/50/25% all add ons apply, and lesser of 100% of billed charges",18617,,,,,,,Case Rate,". MPL 100/50/25% all add ons apply, and lesser of 100% of billed charges",33012,,,,,,,Case Rate,". Primary procedure pays at 100%, secondary at 50%, all subsequent at 25%.  Lesser of applies when negotiated rates exceed charges less addons.",3301.11,,,,,,,Fee Schedule,100% APG. Lesser of 100% of billed charges applies.,3301.11,,,,,,,Case rate,124 Percent of Medicaid APG. Covered services not payable under Medicaid Fee Schedules default to a payment of 50 percent of charges.,7427.5,,,,,,,Fee Schedule,225% of NYS APG. Lesser of 100% of billed charges applies.,7427.5,,,,,,,Case Rate,225 Percent of Medicaid APG. Covered services not payable under Medicaid Fee Schedules default to a payment of 87.5 percent of charges.,3301.11,,,,,,,Case rate,124 Percent of Medicaid APG. Covered services not payable under Medicaid Fee Schedules default to a payment of 50 percent of charges.,7427.5,,,,,,,Fee Schedule,225% of NYS APG. Lesser of 100% of billed charges applies.,7427.5,,,,,,,Fee Schedule,225% of NYS APG. Lesser of 100% of billed charges applies.,7427.5,,,,,,,Fee Schedule,225% of NYS APG. Lesser of 100% of billed charges applies.,7427.5,,,,,,,Fee Schedule,225% of NYS APG. Lesser of 100% of billed charges applies.,7427.5,,,,,,,Fee Schedule,225% of NYS APG. Lesser of 100% of billed charges applies.,7427.5,,,,,,,Fee Schedule,225% of NYS APG. Lesser of 100% of billed charges applies.,,,,,,,,,"NA. ",,,,,,,,,"NA. ",,,,,,,,,"NA. ",19566,,,,,,,Case Rate,". MPL 100/50/25% maxmium of 3 procedures. All add ons apply, and lesser of 100% of billed charges",,,,,,,,,"NA. ",6903.8,,,,,,,Case Rate,"100% Medicare OPPS FS. ",15878,,,,,,,Case Rate,". MPL 1st 100% of Payment Rate 50% of all others, all add ons apply, and lesser of 100% of billed charges.",6903.8,,,,,,,Case Rate,"100% Medicare OPPS FS. ",6903.8,,,,,,,Case Rate,"100% Medicare OPPS FS. ",3961.33,,,,,,,Case Rate,"120 Percent of Medicaid APG. Not APG payable, or payable under another fee schedule like ASP/AWP pays at 30% of charges",3961.33,,,,,,,Case Rate,"120 Percent of Medicaid APG. Not APG payable, or payable under another fee schedule like ASP/AWP pays at 30% of charges",3301.11,,,,,,,Case Rate,"100 Percent of Medicaid APG. Not APG payable, or payable under another fee schedule like ASP/AWP pays at 30% of charges",3301.11,,,,,,,Case Rate,"100 Percent of Medicaid APG. Not APG payable, or payable under another fee schedule like ASP/AWP pays at 30% of charges",3301.11,,,,,,,Case Rate,"100 Percent of Medicaid APG. ",14005,,,,,,,Case Rate,". ",33012,,,,,,,Case Rate,". Primary procedure pays at 100%, secondary at 50%, all subsequent at 25%.  Lesser of applies when negotiated rates exceed charges less addons.",16477,,,,,,,Case Rate,". Primary procedure pays at 100%, all subsequent at 50%.",19566,,,,,,,Case Rate,". MPL 100/50/25% maxmium of 3 procedures. All add ons apply, and lesser of 100% of billed charges",6903.8,,,,,,,Case Rate,"100%Medicare OPPS FS. ",6903.8,,,,,,,Case Rate,"100% Medicare OPPS FS. ",6903.8,,,,,,,Case Rate,"100% Medicare OPPS FS. ",6903.8,,,,,,,Case Rate,"100% Medicare OPPS FS. ",6903.8,,,,,,,Case Rate,"100%Medicare OPPS FS. ",6903.8,,,,,,,Case Rate,"100% Medicare OPPS FS. ",,,,,,,,,"NA. ",7427.5,,,,,,,Fee Schedule,225% of NYS APG. Lesser of 100% of billed charges applies.,649.62,,,,,,,Fee Schedule,90 Percent of Medicare RBRVS. Lesser of 100% of billed charges applies.,18617,,,,,,,Case Rate,". MPL 100/50/25% all add ons apply, and lesser of 100% of billed charges",14005,,,,,,,Case Rate,". ",14005,,,,,,,Case Rate,". ",14005,,,,,,,Case Rate,". ",14005,,,,,,,Case Rate,". ",6903.8,,,,,,,Case Rate,"100% Medicare OPPS FS. ",3301.11,,,,,,,Case Rate,"100 Percent of Medicaid APG. ",18617,,,,,,,Case Rate,". MPL 100/50/25% all add ons apply, and lesser of 100% of billed charges",3301.11,,,,,,,Case Rate,"100 Percent of Medicaid APG. ",6903.8,,,,,,,Case Rate,"100% Medicare OPPS FS. ",3301.11,,,,,,,Case Rate,"100 Percent of Medicaid APG. ",6903.8,,,,,,,Case Rate,"100% Medicare OPPS FS. ",6903.8,,,,,,,Case Rate,"100% Medicare OPPS FS. ",3301.11,,,,,,,Case Rate,"100 Percent of Medicaid APG. ",3301.11,,,,,,,Case Rate,"100 Percent of Medicaid APG. ",14005,,,,,,,Case Rate,". ",19566,,,,,,,Case Rate,". MPL 100/50/25% maxmium of 3 procedures. All add ons apply, and lesser of 100% of billed charges",,78,,,,,0,percent of total billed charges,78% of Billed Charges. Lesser of 100% of billed charges applies.; No services were performed during the 15 month look back period.,48347.74,,,,,,,Case Rate,". MPL 100/50/25% all add ons apply, and lesser of 100% of billed charges",48347.74,,,,,,,Case Rate,". MPL 100/50/25% all add ons apply, and lesser of 100% of billed charges",33012,,,,,,,Case Rate,". Primary procedure pays at 100%, secondary at 50%, all subsequent at 25%.  Lesser of applies when negotiated rates exceed charges less addons.",6765.72,,,,,,,Case Rate,"83% HF Fee schedule. ",12574,,,,,,,Case Rate,". Primary procedure pays at 100%, all subsequent at 50%.",12574,,,,,,,Case Rate,". Primary procedure pays at 100%, all subsequent at 50%.",14894,,,,,,,Case Rate,". MPL 100/50/25% all add ons apply, and lesser of 100% of billed charges",14894,,,,,,,Case Rate,". MPL 100/50/25% all add ons apply, and lesser of 100% of billed charges",6903.8,,,,,,,Case Rate,"100% Medicare OPPS FS. ",6903.8,,,,,,,Case Rate,"100% Medicare OPPS FS. ",6903.8,,,,,,,Case Rate,"100% Medicare OPPS FS. ",6903.8,,,,,,,Case Rate,"100% Medicare OPPS FS. ",48347.74,,,,,,,Case Rate,". MPL 100/50/25% all add ons apply, and lesser of 100% of billed charges",18617,,,,,,,Case Rate,". MPL 100/50/25% all add ons apply, and lesser of 100% of billed charges",18617,,,,,,,Case Rate,". MPL 100/50/25% all add ons apply, and lesser of 100% of billed charges",6903.8,,,,,,,Case Rate,"100% Medicare OPPS FS. ",14894,,,,,,,Case Rate,". MPL 100/50/25% all add ons apply, and lesser of 100% of billed charges",16477,,,,,,,Case Rate,". Primary procedure pays at 100%, all subsequent at 50%.",3961.33,,,,,,,Fee Schedule,"120 Percent of Medicaid APG. ",3301.11,,,,,,,Case Rate,"100 Percent of Medicaid APG. ",14005,,,,,,,Case Rate,". ",16755,,,,,,,Case Rate,". MPL 100/50/25% all add ons apply, and lesser of 100% of billed charges",16755,,,,,,,Case Rate,". MPL 100/50/25% all add ons apply, and lesser of 100% of billed charges",18617,,,,,,,Case Rate,". MPL 100/50/25% all add ons apply, and lesser of 100% of billed charges",32886,,,,,,,Case Rate,". MPL 100/75/50% all add ons apply, and lesser of 100% of billed charges",6903.8,,,,,,,Case Rate,"100%Medicare OPPS FS. ",3466.17,,,,,,,Fee Schedule,105 percent of Medicaid APG. otherwise 105% of Ordered NYS MCD FS or 105% of ASP+6%,3466.17,,,,,,,Fee Schedule,105 percent of Medicaid APG. otherwise 105% of Ordered NYS MCD FS or 105% of ASP+6%,3466.17,,,,,,,Fee Schedule,105 percent of Medicaid APG. otherwise 105% of Ordered NYS MCD FS or 105% of ASP+6%,4456.5,,,,,,,Fee Schedule,135 percent of Medicaid APG. otherwise 135% of Ordered NYS MCD FS or 135% of ASP+6%,48347.74,,,,,,,Case Rate,". MPL 100/50/25% all add ons apply, and lesser of 100% of billed charges",3466.17,,,,,,,Fee Schedule,105 percent of Medicaid APG. otherwise 105% of Ordered NYS MCD FS or 105% of ASP+6%,3466.17,,,,,,,Fee Schedule,105 percent of Medicaid APG. otherwise 105% of Ordered NYS MCD FS or 105% of ASP+6%,3466.17,,,,,,,Fee Schedule,105 percent of Medicaid APG. otherwise 105% of Ordered NYS MCD FS or 105% of ASP+6%,3466.17,,,,,,,Fee Schedule,105 percent of Medicaid APG. otherwise 105% of Ordered NYS MCD FS or 105% of ASP+6%,3466.17,,,,,,,Fee Schedule,105 percent of Medicaid APG. otherwise 105% of Ordered NYS MCD FS or 105% of ASP+6%,4456.5,,,,,,,Fee Schedule,135 percent of Medicaid APG. otherwise 135% of Ordered NYS MCD FS or 135% of ASP+6%,4456.5,,,,,,,Fee Schedule,135 percent of Medicaid APG. otherwise 135% of Ordered NYS MCD FS or 135% of ASP+6%,6903.8,,,,,,,Case Rate,"100% Medicare OPPS FS. ",48347.74,,,,,,,Case Rate,". MPL 100/50/25% all add ons apply, and lesser of 100% of billed charges",6903.8,,,,,,,Case Rate,"100% Medicare OPPS FS. ",3466.17,,,,,,,Fee Schedule,105 percent of Medicaid APG. otherwise 105% of Ordered NYS MCD FS or 105% of ASP+6%,18617,,,,,,,Case Rate,". MPL 100/50/25% all add ons apply, and lesser of 100% of billed charges",6903.8,,,,,,,Case Rate,"100% Medicare OPPS FS. ",18617,,,,,,,Case Rate,". MPL 100/50/25% all add ons apply, and lesser of 100% of billed charges",18617,,,,,,,Case Rate,". MPL 100/50/25% all add ons apply, and lesser of 100% of billed charges",18617,,,,,,,Case Rate,". MPL 100/50/25% all add ons apply, and lesser of 100% of billed charges",3466.17,,,,,,,Fee Schedule,105 percent of Medicaid APG. otherwise 105% of Ordered NYS MCD FS or 105% of ASP+6%,6903.8,,,,,,,Case Rate,"100% Medicare OPPS FS. ",18617,,,,,,,Case Rate,". MPL 100/50/25% all add ons apply, and lesser of 100% of billed charges",4456.5,,,,,,,Fee Schedule,135 percent of Medicaid APG. otherwise 135% of Ordered NYS MCD FS or 135% of ASP+6%,18617,,,,,,,Case Rate,". MPL 100/50/25% all add ons apply, and lesser of 100% of billed charges",,200,,,,,0,Case Rate,200% of Medicare OPPS. ; No services were performed during the 15 month look back period.,6903.8,,,,,,,Case Rate,"100%Medicare OPPS FS. ",14005,,,,,,,Case Rate,". ",14005,,,,,,,Case Rate,". ",14005,,,,,,,Case Rate,". ",14005,,,,,,,Case Rate,". ",14005,,,,,,,Case Rate,". ",16477,,,,,,,Case Rate,". Primary procedure pays at 100%, all subsequent at 50%.",16477,,,,,,,Case Rate,". Primary procedure pays at 100%, all subsequent at 50%.",14005,,,,,,,Case Rate,". ",14005,,,,,,,Case Rate,". ",14005,,,,,,,Case Rate,". ",14005,,,,,,,Case Rate,". ",14005,,,,,,,Case Rate,". ",6903.8,,,,,,,Case Rate,"100% Medicare OPPS FS. ",16477,,,,,,,Case Rate,". Primary procedure pays at 100%, all subsequent at 50%.",6903.8,,,,,,,Case Rate,"100% Medicare OPPS FS. ",7427.5,,,,,,,Case Rate,"225 Percent of Medicaid APG. If not included in Medicaid APG, then 100 Percent of Manhattan Medicare",3301.11,,,,,,,Case Rate,"100 Percent of Medicaid APG. ",48347.74,,,,,,,Case Rate,". MPL 100/50/25% all add ons apply, and lesser of 100% of billed charges",48347.74,,,,,,,Case Rate,". MPL 100/50/25% all add ons apply, and lesser of 100% of billed charges",6903.8,,,,,,,Case Rate,"100% Medicare OPPS FS. ",12574,,,,,,,Case Rate,". Primary procedure pays at 100%, all subsequent at 50%.",6903.8,,,,,,,Case Rate,"100% Medicare OPPS FS. ",6903.8,,,,,,,Case Rate,"100% Medicare OPPS FS. ",33012,,,,,,,Case Rate,". Primary procedure pays at 100%, secondary at 50%, all subsequent at 25%.  Lesser of applies when negotiated rates exceed charges less addons.",6903.8,,,,,,,Case Rate,"100% Medicare OPPS FS. ",19566,,,,,,,Case Rate,". MPL 100/50/25% maxmium of 3 procedures. All add ons apply, and lesser of 100% of billed charges",6903.8,,,,,,,Case Rate,"100% Medicare OPPS FS. ",19566,,,,,,,Case Rate,". MPL 100/50/25% maxmium of 3 procedures. All add ons apply, and lesser of 100% of billed charges",33012,,,,,,,Case Rate,". Primary procedure pays at 100%, secondary at 50%, all subsequent at 25%.  Lesser of applies when negotiated rates exceed charges less addons.",19566,,,,,,,Case Rate,". MPL 100/50/25% maxmium of 3 procedures. All add ons apply, and lesser of 100% of billed charges",6903.8,,,,,,,Case Rate,"100% Medicare OPPS FS. ",3301.11,,,,,,,Case Rate,"100 Percent of Medicaid APG. ",6903.8,,,,,,,Case Rate,"100% Medicare OPPS FS. ",19566,,,,,,,Case Rate,". MPL 100/50/25% maxmium of 3 procedures. All add ons apply, and lesser of 100% of billed charges",48347.74,,,,,,,Case Rate,". MPL 100/50/25% all add ons apply, and lesser of 100% of billed charges",3301.11,,,,,,,Case Rate,"100 Percent of Medicaid APG. ",18617,,,,,,,Case Rate,". MPL 100/50/25% all add ons apply, and lesser of 100% of billed charges",3961.33,,,,,,,Fee Schedule,"120 Percent of Medicaid APG. ",3961.33,,,,,,,Fee Schedule,"120 Percent of Medicaid APG. ",18617,,,,,,,Case Rate,". MPL 100/50/25% all add ons apply, and lesser of 100% of billed charges",18617,,,,,,,Case Rate,". MPL 100/50/25% all add ons apply, and lesser of 100% of billed charges",18617,,,,,,,Case Rate,". MPL 100/50/25% all add ons apply, and lesser of 100% of billed charges",48347.74,,,,,,,Case Rate,". MPL 100/50/25% all add ons apply, and lesser of 100% of billed charges",18617,,,,,,,Case Rate,". MPL 100/50/25% all add ons apply, and lesser of 100% of billed charges",18617,,,,,,,Case Rate,". MPL 100/50/25% all add ons apply, and lesser of 100% of billed charges",18617,,,,,,,Case Rate,". MPL 100/50/25% all add ons apply, and lesser of 100% of billed charges",14005,,,,,,,Case Rate,". ",14005,,,,,,,Case Rate,". ",13669.52,,,,,,,Case Rate,198 Percent of Medicare OPPS. Metroplus will reimburse unlisted codes and described codes with no Medicare rate at 50 percent of charges.,3301.11,,,,,,,Case Rate,"100 Percent of Medicaid APG. ",48347.74,,,,,,,Case Rate,". MPL 100/50/25% all add ons apply, and lesser of 100% of billed charges",19566,,,,,,,Case Rate,". MPL 100/50/25% maxmium of 3 procedures. All add ons apply, and lesser of 100% of billed charges",33012,,,,,,,Case Rate,". Primary procedure pays at 100%, secondary at 50%, all subsequent at 25%.  Lesser of applies when negotiated rates exceed charges less addons.",48347.74,,,,,,,Case Rate,". MPL 100/50/25% all add ons apply, and lesser of 100% of billed charges",33012,,,,,,,Case Rate,". Primary procedure pays at 100%, secondary at 50%, all subsequent at 25%.  Lesser of applies when negotiated rates exceed charges less addons.",48347.74,,,,,,,Case Rate,". MPL 100/50/25% all add ons apply, and lesser of 100% of billed charges",18617,,,,,,,Case Rate,". MPL 100/50/25% all add ons apply, and lesser of 100% of billed charges",18617,,,,,,,Case Rate,". MPL 100/50/25% all add ons apply, and lesser of 100% of billed charges",18617,,,,,,,Case Rate,". MPL 100/50/25% all add ons apply, and lesser of 100% of billed charges",18617,,,,,,,Case Rate,". MPL 100/50/25% all add ons apply, and lesser of 100% of billed charges",6903.8,,,,,,,Case Rate,"100% Medicare OPPS FS. ",649.62,48347.74,
45384,CPT,2023391,LOCAL,361,RC,HC COLONOSCOPY W/LESION REMOVAL,2316.41,440.1179,both,,,,5941,,,,,,,Case Rate,". MPL 1st 100% of Payment Rate 50% of all others, all add ons apply, and lesser of 100% of billed charges.",5941,,,,,,,Case Rate,". MPL 1st 100% of Payment Rate 50% of all others, all add ons apply, and lesser of 100% of billed charges.",6733,,,,,,,Case Rate,". Primary procedure pays at 100%, secondary at 50%, all subsequent at 25%.  Lesser of applies when negotiated rates exceed charges less addons.",2316.41,100,,,,,0,percent of total billed charges,100 percent of billed charges. ; No services were performed during the 15 month look back period.,1395.21,,,,,,,Case Rate,"100% Medicare OPPS FS. ",6733,,,,,,,Case Rate,". Primary procedure pays at 100%, secondary at 50%, all subsequent at 25%.  Lesser of applies when negotiated rates exceed charges less addons.",6733,,,,,,,Case Rate,". Primary procedure pays at 100%, secondary at 50%, all subsequent at 25%.  Lesser of applies when negotiated rates exceed charges less addons.",6733,,,,,,,Case Rate,". Primary procedure pays at 100%, secondary at 50%, all subsequent at 25%.  Lesser of applies when negotiated rates exceed charges less addons.",1311.48,,,,,,,Case Rate,"100 Percent of Medicaid APG. ",1092.9,,,,,,,Case Rate,"100 Percent of Medicaid APG. ",1806.7998,78,,,,,0,percent of total billed charges,78% of Billed Charges. Lesser of 100% of billed charges applies.; No services were performed during the 15 month look back period.,8511.79,,,,,,,Case Rate,". MPL 100/50/25% all add ons apply, and lesser of 100% of billed charges",1092.9,,,,,,,Case Rate,"100 Percent of Medicaid APG. ",1395.21,,,,,,,Case Rate,"100% Medicare OPPS FS. ",5479,,,,,,,Case Rate,". MPL 100/50/25% maxmium of 3 procedures. All add ons apply, and lesser of 100% of billed charges",5479,,,,,,,Case Rate,". MPL 100/50/25% maxmium of 3 procedures. All add ons apply, and lesser of 100% of billed charges",5479,,,,,,,Case Rate,". MPL 100/50/25% maxmium of 3 procedures. All add ons apply, and lesser of 100% of billed charges",5479,,,,,,,Case Rate,". MPL 100/50/25% maxmium of 3 procedures. All add ons apply, and lesser of 100% of billed charges",1092.9,,,,,,,Case rate,124 Percent of Medicaid APG. Covered services not payable under Medicaid Fee Schedules default to a payment of 50 percent of charges.,1395.21,,,,,,,Case Rate,"100% Medicare OPPS FS. ",1092.9,,,,,,,Case rate,124 Percent of Medicaid APG. Covered services not payable under Medicaid Fee Schedules default to a payment of 50 percent of charges.,1806.7998,78,,,,,0,percent of total billed charges,78% of Billed Charges. Lesser of 100% of billed charges applies.; No services were performed during the 15 month look back period.,6733,,,,,,,Case Rate,". Primary procedure pays at 100%, secondary at 50%, all subsequent at 25%.  Lesser of applies when negotiated rates exceed charges less addons.",1395.21,,,,,,,Case Rate,"100%Medicare OPPS FS. ",8427,,,,,,,Case Rate,". Primary procedure pays at 100%, all subsequent at 50%.",1395.21,,,,,,,Case Rate,"100%Medicare OPPS FS. ",1395.21,,,,,,,Case Rate,"100%Medicare OPPS FS. ",1806.7998,78,,,,,0,percent of total billed charges,78% of Billed Charges. Lesser of 100% of billed charges applies.; No services were performed during the 15 month look back period.,574.79,,,,,,,Case Rate,100% of PAS. Lesser of 100% of billed charges applies.,574.79,,,,,,,Case Rate,100% of PAS. Lesser of 100% of billed charges applies.,1092.9,,,,,,,Case rate,"100 Percent of Medicaid APG. ",1092.9,,,,,,,Case rate,"100 Percent of Medicaid APG. ",8427,,,,,,,Case Rate,". Primary procedure pays at 100%, all subsequent at 50%.",8427,,,,,,,Case Rate,". Primary procedure pays at 100%, all subsequent at 50%.",1092.9,,,,,,,Case Rate,"100 Percent of Medicaid APG. Not APG payable, or payable under another fee schedule like ASP/AWP pays at 30% of charges",8427,,,,,,,Case Rate,". Primary procedure pays at 100%, all subsequent at 50%.",1092.9,,,,,,,Case Rate,"100 Percent of Medicaid APG. Not APG payable, or payable under another fee schedule like ASP/AWP pays at 30% of charges",1395.21,,,,,,,Case Rate,"100%Medicare OPPS FS. ",8427,,,,,,,Case Rate,". Primary procedure pays at 100%, all subsequent at 50%.",1806.7998,78,,,,,0,percent of total billed charges,78% of Billed Charges. Lesser of 100% of billed charges applies.; No services were performed during the 15 month look back period.,1092.9,,,,,,,Case Rate,"100 Percent of Medicaid APG. ",1092.9,,,,,,,Case Rate,"100 Percent of Medicaid APG. ",1806.7998,78,,,,,0,percent of total billed charges,78% of Billed Charges. Lesser of 100% of billed charges applies.; No services were performed during the 15 month look back period.,5479,,,,,,,Case Rate,". MPL 100/50/25% maxmium of 3 procedures. All add ons apply, and lesser of 100% of billed charges",6880,,,,,,,Case Rate,". MPL 100/50/25% all add ons apply, and lesser of 100% of billed charges",6880,,,,,,,Case Rate,". MPL 100/50/25% all add ons apply, and lesser of 100% of billed charges",1806.7998,78,,,,,0,percent of total billed charges,78% of Billed Charges. Lesser of 100% of billed charges applies.; No services were performed during the 15 month look back period.,1395.21,,,,,,,Case Rate,"100% Medicare OPPS FS. ",8511.79,,,,,,,Case Rate,". MPL 100/50/25% all add ons apply, and lesser of 100% of billed charges",8511.79,,,,,,,Case Rate,". MPL 100/50/25% all add ons apply, and lesser of 100% of billed charges",8511.79,,,,,,,Case Rate,". MPL 100/50/25% all add ons apply, and lesser of 100% of billed charges",1395.21,,,,,,,Case Rate,"100% Medicare OPPS FS. ",8511.79,,,,,,,Case Rate,". MPL 100/50/25% all add ons apply, and lesser of 100% of billed charges",8511.79,,,,,,,Case Rate,". MPL 100/50/25% all add ons apply, and lesser of 100% of billed charges",1395.21,,,,,,,Case Rate,"100% of Medicare OPPS. ",9761,,,,,,,Case Rate,". MPL 100/75/50% all add ons apply, and lesser of 100% of billed charges",7334,,,,,,,Case Rate,. All Add ons apply except drugs and lesser of 100% of billed charges.,7334,,,,,,,Case Rate,. All Add ons apply except drugs and lesser of 100% of billed charges.,7334,,,,,,,Case Rate,. All Add ons apply except drugs and lesser of 100% of billed charges.,7334,,,,,,,Case Rate,. All Add ons apply except drugs and lesser of 100% of billed charges.,7334,,,,,,,Case Rate,. All Add ons apply except drugs and lesser of 100% of billed charges.,7334,,,,,,,Case Rate,. All Add ons apply except drugs and lesser of 100% of billed charges.,1395.21,,,,,,,Case Rate,"100% Medicare OPPS FS. ",1395.21,,,,,,,Case Rate,"100% Medicare OPPS FS. ",7334,,,,,,,Case Rate,. All Add ons apply except drugs and lesser of 100% of billed charges.,1806.7998,78,,,,,0,percent of total billed charges,78% of Billed Charges. Lesser of 100% of billed charges applies.; No services were performed during the 15 month look back period.,1806.7998,78,,,,,0,percent of total billed charges,78% of Billed Charges. Lesser of 100% of billed charges applies.; No services were performed during the 15 month look back period.,1806.7998,78,,,,,0,percent of total billed charges,78% of Billed Charges. Lesser of 100% of billed charges applies.; No services were performed during the 15 month look back period.,1806.7998,78,,,,,0,percent of total billed charges,78% of Billed Charges. Lesser of 100% of billed charges applies.; No services were performed during the 15 month look back period.,1806.7998,78,,,,,0,percent of total billed charges,78% of Billed Charges. Lesser of 100% of billed charges applies.; No services were performed during the 15 month look back period.,1806.7998,78,,,,,0,percent of total billed charges,78% of Billed Charges. Lesser of 100% of billed charges applies.; No services were performed during the 15 month look back period.,1806.7998,78,,,,,0,percent of total billed charges,78% of Billed Charges. Lesser of 100% of billed charges applies.; No services were performed during the 15 month look back period.,1806.7998,78,,,,,0,percent of total billed charges,78% of Billed Charges. Lesser of 100% of billed charges applies.; No services were performed during the 15 month look back period.,1806.7998,78,,,,,0,percent of total billed charges,78% of Billed Charges. Lesser of 100% of billed charges applies.; No services were performed during the 15 month look back period.,1806.7998,78,,,,,0,percent of total billed charges,78% of Billed Charges. Lesser of 100% of billed charges applies.; No services were performed during the 15 month look back period.,1806.7998,78,,,,,0,percent of total billed charges,78% of Billed Charges. Lesser of 100% of billed charges applies.; No services were performed during the 15 month look back period.,1806.7998,78,,,,,0,percent of total billed charges,78% of Billed Charges. Lesser of 100% of billed charges applies.; No services were performed during the 15 month look back period.,1806.7998,78,,,,,0,percent of total billed charges,78% of Billed Charges. Lesser of 100% of billed charges applies.; No services were performed during the 15 month look back period.,1806.7998,78,,,,,0,percent of total billed charges,78% of Billed Charges. Lesser of 100% of billed charges applies.; No services were performed during the 15 month look back period.,1806.7998,78,,,,,0,percent of total billed charges,78% of Billed Charges. Lesser of 100% of billed charges applies.; No services were performed during the 15 month look back period.,1806.7998,78,,,,,0,percent of total billed charges,78% of Billed Charges. Lesser of 100% of billed charges applies.; No services were performed during the 15 month look back period.,1806.7998,78,,,,,0,percent of total billed charges,78% of Billed Charges. Lesser of 100% of billed charges applies.; No services were performed during the 15 month look back period.,1806.7998,78,,,,,0,percent of total billed charges,78% of Billed Charges. Lesser of 100% of billed charges applies.; No services were performed during the 15 month look back period.,1806.7998,78,,,,,0,percent of total billed charges,78% of Billed Charges. Lesser of 100% of billed charges applies.; No services were performed during the 15 month look back period.,1806.7998,78,,,,,0,percent of total billed charges,78% of Billed Charges. Lesser of 100% of billed charges applies.; No services were performed during the 15 month look back period.,1806.7998,78,,,,,0,percent of total billed charges,78% of Billed Charges. Lesser of 100% of billed charges applies.; No services were performed during the 15 month look back period.,1806.7998,78,,,,,0,percent of total billed charges,78% of Billed Charges. Lesser of 100% of billed charges applies.; No services were performed during the 15 month look back period.,1806.7998,78,,,,,0,percent of total billed charges,78% of Billed Charges. Lesser of 100% of billed charges applies.; No services were performed during the 15 month look back period.,1806.7998,78,,,,,0,percent of total billed charges,78% of Billed Charges. Lesser of 100% of billed charges applies.; No services were performed during the 15 month look back period.,1806.7998,78,,,,,0,percent of total billed charges,78% of Billed Charges. Lesser of 100% of billed charges applies.; No services were performed during the 15 month look back period.,1806.7998,78,,,,,0,percent of total billed charges,78% of Billed Charges. Lesser of 100% of billed charges applies.; No services were performed during the 15 month look back period.,8427,,,,,,,Case Rate,". Primary procedure pays at 100%, all subsequent at 50%.",8427,,,,,,,Case Rate,". Primary procedure pays at 100%, all subsequent at 50%.",8427,,,,,,,Case Rate,". Primary procedure pays at 100%, all subsequent at 50%.",8427,,,,,,,Case Rate,". Primary procedure pays at 100%, all subsequent at 50%.",12574,,,,,,,Case Rate,". Primary procedure pays at 100%, all subsequent at 50%.",12574,,,,,,,Case Rate,". Primary procedure pays at 100%, all subsequent at 50%.",5479,,,,,,,Case Rate,". MPL 100/50/25% maxmium of 3 procedures. All add ons apply, and lesser of 100% of billed charges",7334,,,,,,,Case Rate,. All Add ons apply except drugs and lesser of 100% of billed charges.,8511.79,,,,,,,Case Rate,". MPL 100/50/25% all add ons apply, and lesser of 100% of billed charges",7334,,,,,,,Case Rate,. All Add ons apply except drugs and lesser of 100% of billed charges.,1806.7998,78,,,,,0,percent of total billed charges,78% of Billed Charges. Lesser of 100% of billed charges applies.; No services were performed during the 15 month look back period.,12574,,,,,,,Case Rate,". Primary procedure pays at 100%, all subsequent at 50%.",7334,,,,,,,Case Rate,. All Add ons apply except drugs and lesser of 100% of billed charges.,8511.79,,,,,,,Case Rate,". MPL 100/50/25% all add ons apply, and lesser of 100% of billed charges",5479,,,,,,,Case Rate,". MPL 100/50/25% maxmium of 3 procedures. All add ons apply, and lesser of 100% of billed charges",,,,,,,,,"NA. ",1806.7998,78,,,,,0,percent of total billed charges,78% of Billed Charges. Lesser of 100% of billed charges applies.; No services were performed during the 15 month look back period.,1092.9,,,,,,,Case Rate,"100 Percent of Medicaid APG. ",8427,,,,,,,Case Rate,". Primary procedure pays at 100%, all subsequent at 50%.",1092.9,,,,,,,Case Rate,"100 Percent of Medicaid APG. Not APG payable, or payable under another fee schedule like ASP/AWP pays at 30% of charges",1395.21,,,,,,,Case Rate,"100%Medicare OPPS FS. ",1395.21,,,,,,,Case Rate,"100% Medicare OPPS FS. ",9761,,,,,,,Case Rate,". MPL 100/75/50% all add ons apply, and lesser of 100% of billed charges",1395.21,,,,,,,Case Rate,"100% Medicare OPPS FS. ",1395.21,,,,,,,Case Rate,"100% Medicare OPPS FS. ",1092.9,,,,,,,Case Rate,"100 Percent of Medicaid APG. ",1395.21,,,,,,,Case Rate,"100% Medicare OPPS FS. ",1395.21,,,,,,,Case Rate,"100% Medicare OPPS FS. ",6733,,,,,,,Case Rate,". Primary procedure pays at 100%, secondary at 50%, all subsequent at 25%.  Lesser of applies when negotiated rates exceed charges less addons.",6733,,,,,,,Case Rate,". Primary procedure pays at 100%, secondary at 50%, all subsequent at 25%.  Lesser of applies when negotiated rates exceed charges less addons.",1395.21,,,,,,,Case Rate,"100% Medicare OPPS FS. ",5479,,,,,,,Case Rate,". MPL 100/50/25% maxmium of 3 procedures. All add ons apply, and lesser of 100% of billed charges",8511.79,,,,,,,Case Rate,". MPL 100/50/25% all add ons apply, and lesser of 100% of billed charges",8511.79,,,,,,,Case Rate,". MPL 100/50/25% all add ons apply, and lesser of 100% of billed charges",1395.21,,,,,,,Case Rate,"100% Medicare OPPS FS. ",5479,,,,,,,Case Rate,". MPL 100/50/25% maxmium of 3 procedures. All add ons apply, and lesser of 100% of billed charges",6733,,,,,,,Case Rate,". Primary procedure pays at 100%, secondary at 50%, all subsequent at 25%.  Lesser of applies when negotiated rates exceed charges less addons.",6733,,,,,,,Case Rate,". Primary procedure pays at 100%, secondary at 50%, all subsequent at 25%.  Lesser of applies when negotiated rates exceed charges less addons.",6733,,,,,,,Case Rate,". Primary procedure pays at 100%, secondary at 50%, all subsequent at 25%.  Lesser of applies when negotiated rates exceed charges less addons.",1806.7998,78,,,,,0,percent of total billed charges,78% of Billed Charges. Lesser of 100% of billed charges applies.; No services were performed during the 15 month look back period.,1806.7998,78,,,,,0,percent of total billed charges,78% of Billed Charges. Lesser of 100% of billed charges applies.; No services were performed during the 15 month look back period.,1806.7998,78,,,,,0,percent of total billed charges,78% of Billed Charges. Lesser of 100% of billed charges applies.; No services were performed during the 15 month look back period.,1806.7998,78,,,,,0,percent of total billed charges,78% of Billed Charges. Lesser of 100% of billed charges applies.; No services were performed during the 15 month look back period.,1806.7998,78,,,,,0,percent of total billed charges,78% of Billed Charges. Lesser of 100% of billed charges applies.; No services were performed during the 15 month look back period.,1806.7998,78,,,,,0,percent of total billed charges,78% of Billed Charges. Lesser of 100% of billed charges applies.; No services were performed during the 15 month look back period.,1806.7998,78,,,,,0,percent of total billed charges,78% of Billed Charges. Lesser of 100% of billed charges applies.; No services were performed during the 15 month look back period.,1806.7998,78,,,,,0,percent of total billed charges,78% of Billed Charges. Lesser of 100% of billed charges applies.; No services were performed during the 15 month look back period.,1806.7998,78,,,,,0,percent of total billed charges,78% of Billed Charges. Lesser of 100% of billed charges applies.; No services were performed during the 15 month look back period.,1806.7998,78,,,,,0,percent of total billed charges,78% of Billed Charges. Lesser of 100% of billed charges applies.; No services were performed during the 15 month look back period.,1806.7998,78,,,,,0,percent of total billed charges,78% of Billed Charges. Lesser of 100% of billed charges applies.; No services were performed during the 15 month look back period.,12574,,,,,,,Case Rate,". Primary procedure pays at 100%, all subsequent at 50%.",7334,,,,,,,Case Rate,. All Add ons apply except drugs and lesser of 100% of billed charges.,5479,,,,,,,Case Rate,". MPL 100/50/25% maxmium of 3 procedures. All add ons apply, and lesser of 100% of billed charges",1395.21,,,,,,,Case Rate,"100% Medicare OPPS FS. ",6733,,,,,,,Case Rate,". Primary procedure pays at 100%, secondary at 50%, all subsequent at 25%.  Lesser of applies when negotiated rates exceed charges less addons.",5479,,,,,,,Case Rate,". MPL 100/50/25% maxmium of 3 procedures. All add ons apply, and lesser of 100% of billed charges",5479,,,,,,,Case Rate,". MPL 100/50/25% maxmium of 3 procedures. All add ons apply, and lesser of 100% of billed charges",1806.7998,78,,,,,0,percent of total billed charges,78% of Billed Charges. Lesser of 100% of billed charges applies.; No services were performed during the 15 month look back period.,2338.8,,,,,,,Case Rate,"214 Percent of Medicaid APG. Drugs not priced under APG, billed with revenue code 636 and not priced by Medicare ASP FeeSched will be reimbursed at 20% of charges.",5479,,,,,,,Case Rate,". MPL 100/50/25% maxmium of 3 procedures. All add ons apply, and lesser of 100% of billed charges",1092.9,,,,,,,Case Rate,"100 Percent of Medicaid APG. ",1395.21,,,,,,,Case Rate,"100% Medicare OPPS FS. ",1395.21,,,,,,,Case Rate,"100% Medicare OPPS FS. ",1395.21,,,,,,,Case Rate,"100% Medicare OPPS FS. ",1395.21,,,,,,,Case Rate,"100% Medicare OPPS FS. ",1395.21,,,,,,,Case Rate,"100% Medicare OPPS FS. ",1395.21,,,,,,,Case Rate,"100% Medicare OPPS FS. ",5479,,,,,,,Case Rate,". MPL 100/50/25% maxmium of 3 procedures. All add ons apply, and lesser of 100% of billed charges",9761,,,,,,,Case Rate,". MPL 100/75/50% all add ons apply, and lesser of 100% of billed charges",1967.21,,,,,,,Fee Schedule,"180 Percent of Medicaid APG. ",1967.21,,,,,,,Fee Schedule,"180 Percent of Medicaid APG. ",1967.21,,,,,,,Fee Schedule,"180 Percent of Medicaid APG. ",1967.21,,,,,,,Fee Schedule,"180 Percent of Medicaid APG. ",1967.21,,,,,,,Fee Schedule,"180 Percent of Medicaid APG. ",,,,,,,,,"NA. ",9761,,,,,,,Case Rate,". MPL 100/75/50% all add ons apply, and lesser of 100% of billed charges",2762.51,,,,,,,Case Rate,198 Percent of Medicare OPPS. Metroplus will reimburse unlisted codes and described codes with no Medicare rate at 50 percent of charges.,2762.51,,,,,,,Case Rate,198 Percent of Medicare OPPS. Metroplus will reimburse unlisted codes and described codes with no Medicare rate at 50 percent of charges.,2762.51,,,,,,,Case Rate,198 Percent of Medicare OPPS. Metroplus will reimburse unlisted codes and described codes with no Medicare rate at 50 percent of charges.,2762.51,,,,,,,Case Rate,198 Percent of Medicare OPPS. Metroplus will reimburse unlisted codes and described codes with no Medicare rate at 50 percent of charges.,2762.51,,,,,,,Case Rate,198 Percent of Medicare OPPS. Metroplus will reimburse unlisted codes and described codes with no Medicare rate at 50 percent of charges.,1395.21,,,,,,,Case Rate,"100% Medicare OPPS FS. ",12574,,,,,,,Case Rate,". Primary procedure pays at 100%, all subsequent at 50%.",12574,,,,,,,Case Rate,". Primary procedure pays at 100%, all subsequent at 50%.",12574,,,,,,,Case Rate,". Primary procedure pays at 100%, all subsequent at 50%.",12574,,,,,,,Case Rate,". Primary procedure pays at 100%, all subsequent at 50%.",6733,,,,,,,Case Rate,". Primary procedure pays at 100%, secondary at 50%, all subsequent at 25%.  Lesser of applies when negotiated rates exceed charges less addons.",6733,,,,,,,Case Rate,". Primary procedure pays at 100%, secondary at 50%, all subsequent at 25%.  Lesser of applies when negotiated rates exceed charges less addons.",6733,,,,,,,Case Rate,". Primary procedure pays at 100%, secondary at 50%, all subsequent at 25%.  Lesser of applies when negotiated rates exceed charges less addons.",6733,,,,,,,Case Rate,". Primary procedure pays at 100%, secondary at 50%, all subsequent at 25%.  Lesser of applies when negotiated rates exceed charges less addons.",9761,,,,,,,Case Rate,". MPL 100/75/50% all add ons apply, and lesser of 100% of billed charges",9761,,,,,,,Case Rate,". MPL 100/75/50% all add ons apply, and lesser of 100% of billed charges",1395.21,,,,,,,Case Rate,"100% Medicare OPPS FS. ",1395.21,,,,,,,Case Rate,"100% Medicare OPPS FS. ",1395.21,,,,,,,Case Rate,"100% Medicare OPPS FS. ",7334,,,,,,,Case Rate,. All Add ons apply except drugs and lesser of 100% of billed charges.,7334,,,,,,,Case Rate,. All Add ons apply except drugs and lesser of 100% of billed charges.,7334,,,,,,,Case Rate,. All Add ons apply except drugs and lesser of 100% of billed charges.,9761,,,,,,,Case Rate,". MPL 100/75/50% all add ons apply, and lesser of 100% of billed charges",6733,,,,,,,Case Rate,". Primary procedure pays at 100%, secondary at 50%, all subsequent at 25%.  Lesser of applies when negotiated rates exceed charges less addons.",1395.21,,,,,,,Case Rate,"100% Medicare OPPS FS. ",7334,,,,,,,Case Rate,. All Add ons apply except drugs and lesser of 100% of billed charges.,1092.9,,,,,,,Case Rate,"100 Percent of Medicaid APG. ",1423.11,,,,,,,Case Rate,"102% of Medicare OPPS. ",1423.11,,,,,,,Case Rate,"102% of Medicare OPPS. ",1423.11,,,,,,,Case Rate,"102% of Medicare OPPS. ",1092.9,,,,,,,Case rate,"100 Percent of Medicaid APG. ",2459.02,,,,,,,Case Rate,225% of NYS APG. Lesser of 100% of billed charges applies.,2459.02,,,,,,,Case Rate,225% of NYS APG. Lesser of 100% of billed charges applies.,2459.02,,,,,,,Case Rate,225% of NYS APG. Lesser of 100% of billed charges applies.,2459.02,,,,,,,Case Rate,225% of NYS APG. Lesser of 100% of billed charges applies.,2459.02,,,,,,,Case Rate,225% of NYS APG. Lesser of 100% of billed charges applies.,1423.11,,,,,,,Case Rate,"102% of Medicare OPPS. ",1092.9,,,,,,,Case Rate,"100 Percent of Medicaid APG. ",574.79,,,,,,,Case Rate,100% of PAS. Lesser of 100% of billed charges applies.,2459.02,,,,,,,Case Rate,225% of NYS APG. Lesser of 100% of billed charges applies.,2459.02,,,,,,,Case Rate,225% of NYS APG. Lesser of 100% of billed charges applies.,574.79,,,,,,,Case Rate,100% of PAS. Lesser of 100% of billed charges applies.,574.79,,,,,,,Case Rate,100% of PAS. Lesser of 100% of billed charges applies.,1967.21,,,,,,,Fee Schedule,"180 Percent of Medicaid APG. ",1395.21,,,,,,,Case Rate,"100% Medicare OPPS FS. ",1395.21,,,,,,,Case Rate,"100% Medicare OPPS FS. ",6733,,,,,,,Case Rate,". Primary procedure pays at 100%, secondary at 50%, all subsequent at 25%.  Lesser of applies when negotiated rates exceed charges less addons.",1395.21,,,,,,,Case Rate,"100% Medicare OPPS FS. ",2459.02,,,,,,,Case Rate,"225 Percent of Medicaid APG. ",2459.02,,,,,,,Case Rate,"225 Percent of Medicaid APG. ",1092.9,,,,,,,Case rate,"100 Percent of Medicaid APG. ",1092.9,,,,,,,Case rate,"100 Percent of Medicaid APG. ",2459.02,,,,,,,Case Rate,225 Percent of Medicaid APG. Covered services not payable under Medicaid Fee Schedules default to a payment of 87.5 percent of charges.,1092.9,,,,,,,Case rate,124 Percent of Medicaid APG. Covered services not payable under Medicaid Fee Schedules default to a payment of 50 percent of charges.,2459.02,,,,,,,Case Rate,"100 Percent of Medicaid APG. ",2459.02,,,,,,,Case Rate,"100 Percent of Medicaid APG. ",2459.02,,,,,,,Case Rate,"100 Percent of Medicaid APG. ",2459.02,,,,,,,Case Rate,"100 Percent of Medicaid APG. ",13453,,,,,,,Case Rate,". MPL 100/75/50% all add ons apply, and lesser of 100% of billed charges",9761,,,,,,,Case Rate,". MPL 100/75/50% all add ons apply, and lesser of 100% of billed charges",1311.48,,,,,,,Case Rate,"120 Percent of Medicaid APG. Not APG payable, or payable under another fee schedule like ASP/AWP pays at 30% of charges",1311.48,,,,,,,Case Rate,"120 Percent of Medicaid APG. Not APG payable, or payable under another fee schedule like ASP/AWP pays at 30% of charges",1092.9,,,,,,,Case Rate,"100 Percent of Medicaid APG. Not APG payable, or payable under another fee schedule like ASP/AWP pays at 30% of charges",1092.9,,,,,,,Case Rate,"100 Percent of Medicaid APG. Not APG payable, or payable under another fee schedule like ASP/AWP pays at 30% of charges",7334,,,,,,,Case Rate,. All Add ons apply except drugs and lesser of 100% of billed charges.,7334,,,,,,,Case Rate,. All Add ons apply except drugs and lesser of 100% of billed charges.,1395.21,,,,,,,Case Rate,"100% Medicare OPPS FS. ",7334,,,,,,,Case Rate,. All Add ons apply except drugs and lesser of 100% of billed charges.,7334,,,,,,,Case Rate,. All Add ons apply except drugs and lesser of 100% of billed charges.,7334,,,,,,,Case Rate,. All Add ons apply except drugs and lesser of 100% of billed charges.,7334,,,,,,,Case Rate,. All Add ons apply except drugs and lesser of 100% of billed charges.,1395.21,,,,,,,Case Rate,"100% Medicare OPPS FS. ",7334,,,,,,,Case Rate,. All Add ons apply except drugs and lesser of 100% of billed charges.,7334,,,,,,,Case Rate,. All Add ons apply except drugs and lesser of 100% of billed charges.,6733,,,,,,,Case Rate,". Primary procedure pays at 100%, secondary at 50%, all subsequent at 25%.  Lesser of applies when negotiated rates exceed charges less addons.",1092.9,,,,,,,Fee Schedule,100% APG. Lesser of 100% of billed charges applies.,1092.9,,,,,,,Case rate,124 Percent of Medicaid APG. Covered services not payable under Medicaid Fee Schedules default to a payment of 50 percent of charges.,2459.02,,,,,,,Case Rate,225% of NYS APG. Lesser of 100% of billed charges applies.,2459.02,,,,,,,Case Rate,225 Percent of Medicaid APG. Covered services not payable under Medicaid Fee Schedules default to a payment of 87.5 percent of charges.,1092.9,,,,,,,Case rate,124 Percent of Medicaid APG. Covered services not payable under Medicaid Fee Schedules default to a payment of 50 percent of charges.,2459.02,,,,,,,Case Rate,225% of NYS APG. Lesser of 100% of billed charges applies.,2459.02,,,,,,,Case Rate,225% of NYS APG. Lesser of 100% of billed charges applies.,2459.02,,,,,,,Case Rate,225% of NYS APG. Lesser of 100% of billed charges applies.,2459.02,,,,,,,Case Rate,225% of NYS APG. Lesser of 100% of billed charges applies.,2459.02,,,,,,,Case Rate,225% of NYS APG. Lesser of 100% of billed charges applies.,2459.02,,,,,,,Case Rate,225% of NYS APG. Lesser of 100% of billed charges applies.,,,,,,,,,"NA. ",,,,,,,,,"NA. ",,,,,,,,,"NA. ",5479,,,,,,,Case Rate,". MPL 100/50/25% maxmium of 3 procedures. All add ons apply, and lesser of 100% of billed charges",,,,,,,,,"NA. ",1395.21,,,,,,,Case Rate,"100% Medicare OPPS FS. ",5941,,,,,,,Case Rate,". MPL 1st 100% of Payment Rate 50% of all others, all add ons apply, and lesser of 100% of billed charges.",1395.21,,,,,,,Case Rate,"100% Medicare OPPS FS. ",1395.21,,,,,,,Case Rate,"100% Medicare OPPS FS. ",1311.48,,,,,,,Case Rate,"120 Percent of Medicaid APG. Not APG payable, or payable under another fee schedule like ASP/AWP pays at 30% of charges",1311.48,,,,,,,Case Rate,"120 Percent of Medicaid APG. Not APG payable, or payable under another fee schedule like ASP/AWP pays at 30% of charges",1092.9,,,,,,,Case Rate,"100 Percent of Medicaid APG. Not APG payable, or payable under another fee schedule like ASP/AWP pays at 30% of charges",1092.9,,,,,,,Case Rate,"100 Percent of Medicaid APG. Not APG payable, or payable under another fee schedule like ASP/AWP pays at 30% of charges",1092.9,,,,,,,Case Rate,"100 Percent of Medicaid APG. ",7163,,,,,,,Case Rate,". ",6733,,,,,,,Case Rate,". Primary procedure pays at 100%, secondary at 50%, all subsequent at 25%.  Lesser of applies when negotiated rates exceed charges less addons.",8427,,,,,,,Case Rate,". Primary procedure pays at 100%, all subsequent at 50%.",5479,,,,,,,Case Rate,". MPL 100/50/25% maxmium of 3 procedures. All add ons apply, and lesser of 100% of billed charges",1395.21,,,,,,,Case Rate,"100%Medicare OPPS FS. ",1395.21,,,,,,,Case Rate,"100% Medicare OPPS FS. ",1395.21,,,,,,,Case Rate,"100% Medicare OPPS FS. ",1395.21,,,,,,,Case Rate,"100% Medicare OPPS FS. ",1395.21,,,,,,,Case Rate,"100%Medicare OPPS FS. ",1395.21,,,,,,,Case Rate,"100% Medicare OPPS FS. ",,,,,,,,,"NA. ",2459.02,,,,,,,Case Rate,225% of NYS APG. Lesser of 100% of billed charges applies.,574.79,,,,,,,Case Rate,100% of PAS. Lesser of 100% of billed charges applies.,7334,,,,,,,Case Rate,. All Add ons apply except drugs and lesser of 100% of billed charges.,7163,,,,,,,Case Rate,". ",7163,,,,,,,Case Rate,". ",7163,,,,,,,Case Rate,". ",7163,,,,,,,Case Rate,". ",1395.21,,,,,,,Case Rate,"100% Medicare OPPS FS. ",1092.9,,,,,,,Case Rate,"100 Percent of Medicaid APG. ",7334,,,,,,,Case Rate,. All Add ons apply except drugs and lesser of 100% of billed charges.,1092.9,,,,,,,Case Rate,"100 Percent of Medicaid APG. ",1395.21,,,,,,,Case Rate,"100% Medicare OPPS FS. ",1092.9,,,,,,,Case Rate,"100 Percent of Medicaid APG. ",1395.21,,,,,,,Case Rate,"100% Medicare OPPS FS. ",1395.21,,,,,,,Case Rate,"100% Medicare OPPS FS. ",1092.9,,,,,,,Case Rate,"100 Percent of Medicaid APG. ",1092.9,,,,,,,Case Rate,"100 Percent of Medicaid APG. ",7163,,,,,,,Case Rate,". ",5479,,,,,,,Case Rate,". MPL 100/50/25% maxmium of 3 procedures. All add ons apply, and lesser of 100% of billed charges",1806.7998,78,,,,,0,percent of total billed charges,78% of Billed Charges. Lesser of 100% of billed charges applies.; No services were performed during the 15 month look back period.,8511.79,,,,,,,Case Rate,". MPL 100/50/25% all add ons apply, and lesser of 100% of billed charges",8511.79,,,,,,,Case Rate,". MPL 100/50/25% all add ons apply, and lesser of 100% of billed charges",6733,,,,,,,Case Rate,". Primary procedure pays at 100%, secondary at 50%, all subsequent at 25%.  Lesser of applies when negotiated rates exceed charges less addons.",1395.21,,,,,,,Case Rate,"83% HF Fee schedule. ",12574,,,,,,,Case Rate,". Primary procedure pays at 100%, all subsequent at 50%.",12574,,,,,,,Case Rate,". Primary procedure pays at 100%, all subsequent at 50%.",5867,,,,,,,Case Rate,. All Add ons apply except drugs and lesser of 100% of billed charges.,5867,,,,,,,Case Rate,. All Add ons apply except drugs and lesser of 100% of billed charges.,1395.21,,,,,,,Case Rate,"100% Medicare OPPS FS. ",1395.21,,,,,,,Case Rate,"100% Medicare OPPS FS. ",1395.21,,,,,,,Case Rate,"100% Medicare OPPS FS. ",1395.21,,,,,,,Case Rate,"100% Medicare OPPS FS. ",8511.79,,,,,,,Case Rate,". MPL 100/50/25% all add ons apply, and lesser of 100% of billed charges",7334,,,,,,,Case Rate,. All Add ons apply except drugs and lesser of 100% of billed charges.,7334,,,,,,,Case Rate,. All Add ons apply except drugs and lesser of 100% of billed charges.,1395.21,,,,,,,Case Rate,"100% Medicare OPPS FS. ",5867,,,,,,,Case Rate,. All Add ons apply except drugs and lesser of 100% of billed charges.,8427,,,,,,,Case Rate,". Primary procedure pays at 100%, all subsequent at 50%.",1311.48,,,,,,,Fee Schedule,"120 Percent of Medicaid APG. ",1092.9,,,,,,,Case Rate,"100 Percent of Medicaid APG. ",7163,,,,,,,Case Rate,". ",6601,,,,,,,Case Rate,. All Add ons apply except drugs and lesser of 100% of billed charges.,6601,,,,,,,Case Rate,. All Add ons apply except drugs and lesser of 100% of billed charges.,7334,,,,,,,Case Rate,. All Add ons apply except drugs and lesser of 100% of billed charges.,6726,,,,,,,Case Rate,". MPL 100/75/50% all add ons apply, and lesser of 100% of billed charges",1395.21,,,,,,,Case Rate,"100%Medicare OPPS FS. ",1147.54,,,,,,,Fee Schedule,105 percent of Medicaid APG. otherwise 105% of Ordered NYS MCD FS or 105% of ASP+6%,1147.54,,,,,,,Fee Schedule,105 percent of Medicaid APG. otherwise 105% of Ordered NYS MCD FS or 105% of ASP+6%,1147.54,,,,,,,Fee Schedule,105 percent of Medicaid APG. otherwise 105% of Ordered NYS MCD FS or 105% of ASP+6%,1475.41,,,,,,,Fee Schedule,135 percent of Medicaid APG. otherwise 135% of Ordered NYS MCD FS or 135% of ASP+6%,8511.79,,,,,,,Case Rate,". MPL 100/50/25% all add ons apply, and lesser of 100% of billed charges",1147.54,,,,,,,Fee Schedule,105 percent of Medicaid APG. otherwise 105% of Ordered NYS MCD FS or 105% of ASP+6%,1147.54,,,,,,,Fee Schedule,105 percent of Medicaid APG. otherwise 105% of Ordered NYS MCD FS or 105% of ASP+6%,1147.54,,,,,,,Fee Schedule,105 percent of Medicaid APG. otherwise 105% of Ordered NYS MCD FS or 105% of ASP+6%,1147.54,,,,,,,Fee Schedule,105 percent of Medicaid APG. otherwise 105% of Ordered NYS MCD FS or 105% of ASP+6%,1147.54,,,,,,,Fee Schedule,105 percent of Medicaid APG. otherwise 105% of Ordered NYS MCD FS or 105% of ASP+6%,1475.41,,,,,,,Fee Schedule,135 percent of Medicaid APG. otherwise 135% of Ordered NYS MCD FS or 135% of ASP+6%,1475.41,,,,,,,Fee Schedule,135 percent of Medicaid APG. otherwise 135% of Ordered NYS MCD FS or 135% of ASP+6%,1395.21,,,,,,,Case Rate,"100% Medicare OPPS FS. ",8511.79,,,,,,,Case Rate,". MPL 100/50/25% all add ons apply, and lesser of 100% of billed charges",1395.21,,,,,,,Case Rate,"100% Medicare OPPS FS. ",1147.54,,,,,,,Fee Schedule,105 percent of Medicaid APG. otherwise 105% of Ordered NYS MCD FS or 105% of ASP+6%,7334,,,,,,,Case Rate,. All Add ons apply except drugs and lesser of 100% of billed charges.,1395.21,,,,,,,Case Rate,"100% Medicare OPPS FS. ",7334,,,,,,,Case Rate,. All Add ons apply except drugs and lesser of 100% of billed charges.,7334,,,,,,,Case Rate,. All Add ons apply except drugs and lesser of 100% of billed charges.,7334,,,,,,,Case Rate,. All Add ons apply except drugs and lesser of 100% of billed charges.,1147.54,,,,,,,Fee Schedule,105 percent of Medicaid APG. otherwise 105% of Ordered NYS MCD FS or 105% of ASP+6%,1395.21,,,,,,,Case Rate,"100% Medicare OPPS FS. ",7334,,,,,,,Case Rate,. All Add ons apply except drugs and lesser of 100% of billed charges.,1475.41,,,,,,,Fee Schedule,135 percent of Medicaid APG. otherwise 135% of Ordered NYS MCD FS or 135% of ASP+6%,7334,,,,,,,Case Rate,. All Add ons apply except drugs and lesser of 100% of billed charges.,4632.82,200,,,,,0,Case Rate,200% of Medicare OPPS. ; No services were performed during the 15 month look back period.,1395.21,,,,,,,Case Rate,"100%Medicare OPPS FS. ",7163,,,,,,,Case Rate,". ",7163,,,,,,,Case Rate,". ",7163,,,,,,,Case Rate,". ",7163,,,,,,,Case Rate,". ",7163,,,,,,,Case Rate,". ",8427,,,,,,,Case Rate,". Primary procedure pays at 100%, all subsequent at 50%.",8427,,,,,,,Case Rate,". Primary procedure pays at 100%, all subsequent at 50%.",7163,,,,,,,Case Rate,". ",7163,,,,,,,Case Rate,". ",7163,,,,,,,Case Rate,". ",7163,,,,,,,Case Rate,". ",7163,,,,,,,Case Rate,". ",1395.21,,,,,,,Case Rate,"100% Medicare OPPS FS. ",8427,,,,,,,Case Rate,". Primary procedure pays at 100%, all subsequent at 50%.",1395.21,,,,,,,Case Rate,"100% Medicare OPPS FS. ",2459.02,,,,,,,Case Rate,"225 Percent of Medicaid APG. If not included in Medicaid APG, then 100 Percent of Manhattan Medicare",1092.9,,,,,,,Case Rate,"100 Percent of Medicaid APG. ",8511.79,,,,,,,Case Rate,". MPL 100/50/25% all add ons apply, and lesser of 100% of billed charges",8511.79,,,,,,,Case Rate,". MPL 100/50/25% all add ons apply, and lesser of 100% of billed charges",1395.21,,,,,,,Case Rate,"100% Medicare OPPS FS. ",12574,,,,,,,Case Rate,". Primary procedure pays at 100%, all subsequent at 50%.",1395.21,,,,,,,Case Rate,"100% Medicare OPPS FS. ",1395.21,,,,,,,Case Rate,"100% Medicare OPPS FS. ",6733,,,,,,,Case Rate,". Primary procedure pays at 100%, secondary at 50%, all subsequent at 25%.  Lesser of applies when negotiated rates exceed charges less addons.",1395.21,,,,,,,Case Rate,"100% Medicare OPPS FS. ",5479,,,,,,,Case Rate,". MPL 100/50/25% maxmium of 3 procedures. All add ons apply, and lesser of 100% of billed charges",1395.21,,,,,,,Case Rate,"100% Medicare OPPS FS. ",5479,,,,,,,Case Rate,". MPL 100/50/25% maxmium of 3 procedures. All add ons apply, and lesser of 100% of billed charges",6733,,,,,,,Case Rate,". Primary procedure pays at 100%, secondary at 50%, all subsequent at 25%.  Lesser of applies when negotiated rates exceed charges less addons.",5479,,,,,,,Case Rate,". MPL 100/50/25% maxmium of 3 procedures. All add ons apply, and lesser of 100% of billed charges",1395.21,,,,,,,Case Rate,"100% Medicare OPPS FS. ",1092.9,,,,,,,Case Rate,"100 Percent of Medicaid APG. ",1395.21,,,,,,,Case Rate,"100% Medicare OPPS FS. ",5479,,,,,,,Case Rate,". MPL 100/50/25% maxmium of 3 procedures. All add ons apply, and lesser of 100% of billed charges",8511.79,,,,,,,Case Rate,". MPL 100/50/25% all add ons apply, and lesser of 100% of billed charges",1092.9,,,,,,,Case Rate,"100 Percent of Medicaid APG. ",7334,,,,,,,Case Rate,. All Add ons apply except drugs and lesser of 100% of billed charges.,1311.48,,,,,,,Fee Schedule,"120 Percent of Medicaid APG. ",1311.48,,,,,,,Fee Schedule,"120 Percent of Medicaid APG. ",7334,,,,,,,Case Rate,. All Add ons apply except drugs and lesser of 100% of billed charges.,7334,,,,,,,Case Rate,. All Add ons apply except drugs and lesser of 100% of billed charges.,7334,,,,,,,Case Rate,. All Add ons apply except drugs and lesser of 100% of billed charges.,8511.79,,,,,,,Case Rate,". MPL 100/50/25% all add ons apply, and lesser of 100% of billed charges",7334,,,,,,,Case Rate,. All Add ons apply except drugs and lesser of 100% of billed charges.,7334,,,,,,,Case Rate,. All Add ons apply except drugs and lesser of 100% of billed charges.,7334,,,,,,,Case Rate,. All Add ons apply except drugs and lesser of 100% of billed charges.,7163,,,,,,,Case Rate,". ",7163,,,,,,,Case Rate,". ",2762.51,,,,,,,Case Rate,198 Percent of Medicare OPPS. Metroplus will reimburse unlisted codes and described codes with no Medicare rate at 50 percent of charges.,1092.9,,,,,,,Case Rate,"100 Percent of Medicaid APG. ",8511.79,,,,,,,Case Rate,". MPL 100/50/25% all add ons apply, and lesser of 100% of billed charges",5479,,,,,,,Case Rate,". MPL 100/50/25% maxmium of 3 procedures. All add ons apply, and lesser of 100% of billed charges",6733,,,,,,,Case Rate,". Primary procedure pays at 100%, secondary at 50%, all subsequent at 25%.  Lesser of applies when negotiated rates exceed charges less addons.",8511.79,,,,,,,Case Rate,". MPL 100/50/25% all add ons apply, and lesser of 100% of billed charges",6733,,,,,,,Case Rate,". Primary procedure pays at 100%, secondary at 50%, all subsequent at 25%.  Lesser of applies when negotiated rates exceed charges less addons.",8511.79,,,,,,,Case Rate,". MPL 100/50/25% all add ons apply, and lesser of 100% of billed charges",7334,,,,,,,Case Rate,. All Add ons apply except drugs and lesser of 100% of billed charges.,7334,,,,,,,Case Rate,. All Add ons apply except drugs and lesser of 100% of billed charges.,7334,,,,,,,Case Rate,. All Add ons apply except drugs and lesser of 100% of billed charges.,7334,,,,,,,Case Rate,. All Add ons apply except drugs and lesser of 100% of billed charges.,1395.21,,,,,,,Case Rate,"100% Medicare OPPS FS. ",574.79,13453,
45392,CPT,,,490,RC,COLONOSCOPY W/ENDOSCOPIC FNB,,,both,,,,5941,,,,,,,Case Rate,". MPL 1st 100% of Payment Rate 50% of all others, all add ons apply, and lesser of 100% of billed charges.",5941,,,,,,,Case Rate,". MPL 1st 100% of Payment Rate 50% of all others, all add ons apply, and lesser of 100% of billed charges.",6733,,,,,,,Case Rate,". Primary procedure pays at 100%, secondary at 50%, all subsequent at 25%.  Lesser of applies when negotiated rates exceed charges less addons.",,100,,,,,0,percent of total billed charges,100 percent of billed charges. ; No services were performed during the 15 month look back period.,1395.21,,,,,,,Case Rate,"100% Medicare OPPS FS. ",6733,,,,,,,Case Rate,". Primary procedure pays at 100%, secondary at 50%, all subsequent at 25%.  Lesser of applies when negotiated rates exceed charges less addons.",6733,,,,,,,Case Rate,". Primary procedure pays at 100%, secondary at 50%, all subsequent at 25%.  Lesser of applies when negotiated rates exceed charges less addons.",6733,,,,,,,Case Rate,". Primary procedure pays at 100%, secondary at 50%, all subsequent at 25%.  Lesser of applies when negotiated rates exceed charges less addons.",1467.39,,,,,,,Case Rate,"100 Percent of Medicaid APG. ",1222.82,,,,,,,Case Rate,"100 Percent of Medicaid APG. ",,78,,,,,0,percent of total billed charges,78% of Billed Charges. Lesser of 100% of billed charges applies.; No services were performed during the 15 month look back period.,8165.03,,,,,,,Case Rate,". MPL 100/50/25% all add ons apply, and lesser of 100% of billed charges",1222.82,,,,,,,Case Rate,"100 Percent of Medicaid APG. ",1395.21,,,,,,,Case Rate,"100% Medicare OPPS FS. ",5479,,,,,,,Case Rate,". MPL 100/50/25% maxmium of 3 procedures. All add ons apply, and lesser of 100% of billed charges",5479,,,,,,,Case Rate,". MPL 100/50/25% maxmium of 3 procedures. All add ons apply, and lesser of 100% of billed charges",5479,,,,,,,Case Rate,". MPL 100/50/25% maxmium of 3 procedures. All add ons apply, and lesser of 100% of billed charges",5479,,,,,,,Case Rate,". MPL 100/50/25% maxmium of 3 procedures. All add ons apply, and lesser of 100% of billed charges",1222.82,,,,,,,Case rate,124 Percent of Medicaid APG. Covered services not payable under Medicaid Fee Schedules default to a payment of 50 percent of charges.,1395.21,,,,,,,Case Rate,"100% Medicare OPPS FS. ",1222.82,,,,,,,Case rate,124 Percent of Medicaid APG. Covered services not payable under Medicaid Fee Schedules default to a payment of 50 percent of charges.,,78,,,,,0,percent of total billed charges,78% of Billed Charges. Lesser of 100% of billed charges applies.; No services were performed during the 15 month look back period.,6733,,,,,,,Case Rate,". Primary procedure pays at 100%, secondary at 50%, all subsequent at 25%.  Lesser of applies when negotiated rates exceed charges less addons.",1395.21,,,,,,,Case Rate,"100%Medicare OPPS FS. ",8427,,,,,,,Case Rate,". Primary procedure pays at 100%, all subsequent at 50%.",1395.21,,,,,,,Case Rate,"100%Medicare OPPS FS. ",1395.21,,,,,,,Case Rate,"100%Medicare OPPS FS. ",,78,,,,,0,percent of total billed charges,78% of Billed Charges. Lesser of 100% of billed charges applies.; No services were performed during the 15 month look back period.,574.79,,,,,,,Case Rate,100% of PAS. Lesser of 100% of billed charges applies.,574.79,,,,,,,Case Rate,100% of PAS. Lesser of 100% of billed charges applies.,1222.82,,,,,,,Case rate,"100 Percent of Medicaid APG. ",1222.82,,,,,,,Case rate,"100 Percent of Medicaid APG. ",8427,,,,,,,Case Rate,". Primary procedure pays at 100%, all subsequent at 50%.",8427,,,,,,,Case Rate,". Primary procedure pays at 100%, all subsequent at 50%.",1222.82,,,,,,,Case Rate,"100 Percent of Medicaid APG. Not APG payable, or payable under another fee schedule like ASP/AWP pays at 30% of charges",8427,,,,,,,Case Rate,". Primary procedure pays at 100%, all subsequent at 50%.",1222.82,,,,,,,Case Rate,"100 Percent of Medicaid APG. Not APG payable, or payable under another fee schedule like ASP/AWP pays at 30% of charges",1395.21,,,,,,,Case Rate,"100%Medicare OPPS FS. ",8427,,,,,,,Case Rate,". Primary procedure pays at 100%, all subsequent at 50%.",,78,,,,,0,percent of total billed charges,78% of Billed Charges. Lesser of 100% of billed charges applies.; No services were performed during the 15 month look back period.,1222.82,,,,,,,Case Rate,"100 Percent of Medicaid APG. ",1222.82,,,,,,,Case Rate,"100 Percent of Medicaid APG. ",,78,,,,,0,percent of total billed charges,78% of Billed Charges. Lesser of 100% of billed charges applies.; No services were performed during the 15 month look back period.,5479,,,,,,,Case Rate,". MPL 100/50/25% maxmium of 3 procedures. All add ons apply, and lesser of 100% of billed charges",6377,,,,,,,Case Rate,". MPL 100/50/25% all add ons apply, and lesser of 100% of billed charges",6377,,,,,,,Case Rate,". MPL 100/50/25% all add ons apply, and lesser of 100% of billed charges",,78,,,,,0,percent of total billed charges,78% of Billed Charges. Lesser of 100% of billed charges applies.; No services were performed during the 15 month look back period.,1395.21,,,,,,,Case Rate,"100% Medicare OPPS FS. ",8165.03,,,,,,,Case Rate,". MPL 100/50/25% all add ons apply, and lesser of 100% of billed charges",8165.03,,,,,,,Case Rate,". MPL 100/50/25% all add ons apply, and lesser of 100% of billed charges",8165.03,,,,,,,Case Rate,". MPL 100/50/25% all add ons apply, and lesser of 100% of billed charges",1395.21,,,,,,,Case Rate,"100% Medicare OPPS FS. ",8165.03,,,,,,,Case Rate,". MPL 100/50/25% all add ons apply, and lesser of 100% of billed charges",8165.03,,,,,,,Case Rate,". MPL 100/50/25% all add ons apply, and lesser of 100% of billed charges",1395.21,,,,,,,Case Rate,"100% of Medicare OPPS. ",9761,,,,,,,Case Rate,". MPL 100/75/50% all add ons apply, and lesser of 100% of billed charges",7334,,,,,,,Case Rate,. All Add ons apply except drugs and lesser of 100% of billed charges.,7334,,,,,,,Case Rate,. All Add ons apply except drugs and lesser of 100% of billed charges.,7334,,,,,,,Case Rate,. All Add ons apply except drugs and lesser of 100% of billed charges.,7334,,,,,,,Case Rate,. All Add ons apply except drugs and lesser of 100% of billed charges.,7334,,,,,,,Case Rate,. All Add ons apply except drugs and lesser of 100% of billed charges.,7334,,,,,,,Case Rate,. All Add ons apply except drugs and lesser of 100% of billed charges.,1395.21,,,,,,,Case Rate,"100% Medicare OPPS FS. ",1395.21,,,,,,,Case Rate,"100% Medicare OPPS FS. ",7334,,,,,,,Case Rate,. All Add ons apply except drugs and lesser of 100% of billed charges.,,78,,,,,0,percent of total billed charges,78% of Billed Charges. Lesser of 100% of billed charges applies.; No services were performed during the 15 month look back period.,,78,,,,,0,percent of total billed charges,78% of Billed Charges. Lesser of 100% of billed charges applies.; No services were performed during the 15 month look back period.,,78,,,,,0,percent of total billed charges,78% of Billed Charges. Lesser of 100% of billed charges applies.; No services were performed during the 15 month look back period.,,78,,,,,0,percent of total billed charges,78% of Billed Charges. Lesser of 100% of billed charges applies.; No services were performed during the 15 month look back period.,,78,,,,,0,percent of total billed charges,78% of Billed Charges. Lesser of 100% of billed charges applies.; No services were performed during the 15 month look back period.,,78,,,,,0,percent of total billed charges,78% of Billed Charges. Lesser of 100% of billed charges applies.; No services were performed during the 15 month look back period.,,78,,,,,0,percent of total billed charges,78% of Billed Charges. Lesser of 100% of billed charges applies.; No services were performed during the 15 month look back period.,,78,,,,,0,percent of total billed charges,78% of Billed Charges. Lesser of 100% of billed charges applies.; No services were performed during the 15 month look back period.,,78,,,,,0,percent of total billed charges,78% of Billed Charges. Lesser of 100% of billed charges applies.; No services were performed during the 15 month look back period.,,78,,,,,0,percent of total billed charges,78% of Billed Charges. Lesser of 100% of billed charges applies.; No services were performed during the 15 month look back period.,,78,,,,,0,percent of total billed charges,78% of Billed Charges. Lesser of 100% of billed charges applies.; No services were performed during the 15 month look back period.,,78,,,,,0,percent of total billed charges,78% of Billed Charges. Lesser of 100% of billed charges applies.; No services were performed during the 15 month look back period.,,78,,,,,0,percent of total billed charges,78% of Billed Charges. Lesser of 100% of billed charges applies.; No services were performed during the 15 month look back period.,,78,,,,,0,percent of total billed charges,78% of Billed Charges. Lesser of 100% of billed charges applies.; No services were performed during the 15 month look back period.,,78,,,,,0,percent of total billed charges,78% of Billed Charges. Lesser of 100% of billed charges applies.; No services were performed during the 15 month look back period.,,78,,,,,0,percent of total billed charges,78% of Billed Charges. Lesser of 100% of billed charges applies.; No services were performed during the 15 month look back period.,,78,,,,,0,percent of total billed charges,78% of Billed Charges. Lesser of 100% of billed charges applies.; No services were performed during the 15 month look back period.,,78,,,,,0,percent of total billed charges,78% of Billed Charges. Lesser of 100% of billed charges applies.; No services were performed during the 15 month look back period.,,78,,,,,0,percent of total billed charges,78% of Billed Charges. Lesser of 100% of billed charges applies.; No services were performed during the 15 month look back period.,,78,,,,,0,percent of total billed charges,78% of Billed Charges. Lesser of 100% of billed charges applies.; No services were performed during the 15 month look back period.,,78,,,,,0,percent of total billed charges,78% of Billed Charges. Lesser of 100% of billed charges applies.; No services were performed during the 15 month look back period.,,78,,,,,0,percent of total billed charges,78% of Billed Charges. Lesser of 100% of billed charges applies.; No services were performed during the 15 month look back period.,,78,,,,,0,percent of total billed charges,78% of Billed Charges. Lesser of 100% of billed charges applies.; No services were performed during the 15 month look back period.,,78,,,,,0,percent of total billed charges,78% of Billed Charges. Lesser of 100% of billed charges applies.; No services were performed during the 15 month look back period.,,78,,,,,0,percent of total billed charges,78% of Billed Charges. Lesser of 100% of billed charges applies.; No services were performed during the 15 month look back period.,,78,,,,,0,percent of total billed charges,78% of Billed Charges. Lesser of 100% of billed charges applies.; No services were performed during the 15 month look back period.,8427,,,,,,,Case Rate,". Primary procedure pays at 100%, all subsequent at 50%.",8427,,,,,,,Case Rate,". Primary procedure pays at 100%, all subsequent at 50%.",8427,,,,,,,Case Rate,". Primary procedure pays at 100%, all subsequent at 50%.",8427,,,,,,,Case Rate,". Primary procedure pays at 100%, all subsequent at 50%.",12574,,,,,,,Case Rate,". Primary procedure pays at 100%, all subsequent at 50%.",12574,,,,,,,Case Rate,". Primary procedure pays at 100%, all subsequent at 50%.",5479,,,,,,,Case Rate,". MPL 100/50/25% maxmium of 3 procedures. All add ons apply, and lesser of 100% of billed charges",7334,,,,,,,Case Rate,. All Add ons apply except drugs and lesser of 100% of billed charges.,8165.03,,,,,,,Case Rate,". MPL 100/50/25% all add ons apply, and lesser of 100% of billed charges",7334,,,,,,,Case Rate,. All Add ons apply except drugs and lesser of 100% of billed charges.,,78,,,,,0,percent of total billed charges,78% of Billed Charges. Lesser of 100% of billed charges applies.; No services were performed during the 15 month look back period.,12574,,,,,,,Case Rate,". Primary procedure pays at 100%, all subsequent at 50%.",7334,,,,,,,Case Rate,. All Add ons apply except drugs and lesser of 100% of billed charges.,8165.03,,,,,,,Case Rate,". MPL 100/50/25% all add ons apply, and lesser of 100% of billed charges",5479,,,,,,,Case Rate,". MPL 100/50/25% maxmium of 3 procedures. All add ons apply, and lesser of 100% of billed charges",,,,,,,,,"NA. ",,78,,,,,0,percent of total billed charges,78% of Billed Charges. Lesser of 100% of billed charges applies.; No services were performed during the 15 month look back period.,1222.82,,,,,,,Case Rate,"100 Percent of Medicaid APG. ",8427,,,,,,,Case Rate,". Primary procedure pays at 100%, all subsequent at 50%.",1222.82,,,,,,,Case Rate,"100 Percent of Medicaid APG. Not APG payable, or payable under another fee schedule like ASP/AWP pays at 30% of charges",1395.21,,,,,,,Case Rate,"100%Medicare OPPS FS. ",1395.21,,,,,,,Case Rate,"100% Medicare OPPS FS. ",9761,,,,,,,Case Rate,". MPL 100/75/50% all add ons apply, and lesser of 100% of billed charges",1395.21,,,,,,,Case Rate,"100% Medicare OPPS FS. ",1395.21,,,,,,,Case Rate,"100% Medicare OPPS FS. ",1222.82,,,,,,,Case Rate,"100 Percent of Medicaid APG. ",1395.21,,,,,,,Case Rate,"100% Medicare OPPS FS. ",1395.21,,,,,,,Case Rate,"100% Medicare OPPS FS. ",6733,,,,,,,Case Rate,". Primary procedure pays at 100%, secondary at 50%, all subsequent at 25%.  Lesser of applies when negotiated rates exceed charges less addons.",6733,,,,,,,Case Rate,". Primary procedure pays at 100%, secondary at 50%, all subsequent at 25%.  Lesser of applies when negotiated rates exceed charges less addons.",1395.21,,,,,,,Case Rate,"100% Medicare OPPS FS. ",5479,,,,,,,Case Rate,". MPL 100/50/25% maxmium of 3 procedures. All add ons apply, and lesser of 100% of billed charges",8165.03,,,,,,,Case Rate,". MPL 100/50/25% all add ons apply, and lesser of 100% of billed charges",8165.03,,,,,,,Case Rate,". MPL 100/50/25% all add ons apply, and lesser of 100% of billed charges",1395.21,,,,,,,Case Rate,"100% Medicare OPPS FS. ",5479,,,,,,,Case Rate,". MPL 100/50/25% maxmium of 3 procedures. All add ons apply, and lesser of 100% of billed charges",6733,,,,,,,Case Rate,". Primary procedure pays at 100%, secondary at 50%, all subsequent at 25%.  Lesser of applies when negotiated rates exceed charges less addons.",6733,,,,,,,Case Rate,". Primary procedure pays at 100%, secondary at 50%, all subsequent at 25%.  Lesser of applies when negotiated rates exceed charges less addons.",6733,,,,,,,Case Rate,". Primary procedure pays at 100%, secondary at 50%, all subsequent at 25%.  Lesser of applies when negotiated rates exceed charges less addons.",,78,,,,,0,percent of total billed charges,78% of Billed Charges. Lesser of 100% of billed charges applies.; No services were performed during the 15 month look back period.,,78,,,,,0,percent of total billed charges,78% of Billed Charges. Lesser of 100% of billed charges applies.; No services were performed during the 15 month look back period.,,78,,,,,0,percent of total billed charges,78% of Billed Charges. Lesser of 100% of billed charges applies.; No services were performed during the 15 month look back period.,,78,,,,,0,percent of total billed charges,78% of Billed Charges. Lesser of 100% of billed charges applies.; No services were performed during the 15 month look back period.,,78,,,,,0,percent of total billed charges,78% of Billed Charges. Lesser of 100% of billed charges applies.; No services were performed during the 15 month look back period.,,78,,,,,0,percent of total billed charges,78% of Billed Charges. Lesser of 100% of billed charges applies.; No services were performed during the 15 month look back period.,,78,,,,,0,percent of total billed charges,78% of Billed Charges. Lesser of 100% of billed charges applies.; No services were performed during the 15 month look back period.,,78,,,,,0,percent of total billed charges,78% of Billed Charges. Lesser of 100% of billed charges applies.; No services were performed during the 15 month look back period.,,78,,,,,0,percent of total billed charges,78% of Billed Charges. Lesser of 100% of billed charges applies.; No services were performed during the 15 month look back period.,,78,,279.06,279.06,279.06,1 through 10,percent of total billed charges,78% of Billed Charges. Lesser of 100% of billed charges applies.,,78,,,,,0,percent of total billed charges,78% of Billed Charges. Lesser of 100% of billed charges applies.; No services were performed during the 15 month look back period.,12574,,,,,,,Case Rate,". Primary procedure pays at 100%, all subsequent at 50%.",7334,,,,,,,Case Rate,. All Add ons apply except drugs and lesser of 100% of billed charges.,5479,,,,,,,Case Rate,". MPL 100/50/25% maxmium of 3 procedures. All add ons apply, and lesser of 100% of billed charges",1395.21,,,,,,,Case Rate,"100% Medicare OPPS FS. ",6733,,,,,,,Case Rate,". Primary procedure pays at 100%, secondary at 50%, all subsequent at 25%.  Lesser of applies when negotiated rates exceed charges less addons.",5479,,,,,,,Case Rate,". MPL 100/50/25% maxmium of 3 procedures. All add ons apply, and lesser of 100% of billed charges",5479,,,,,,,Case Rate,". MPL 100/50/25% maxmium of 3 procedures. All add ons apply, and lesser of 100% of billed charges",,78,,,,,0,percent of total billed charges,78% of Billed Charges. Lesser of 100% of billed charges applies.; No services were performed during the 15 month look back period.,2616.84,,,,,,,Case Rate,"214 Percent of Medicaid APG. Drugs not priced under APG, billed with revenue code 636 and not priced by Medicare ASP FeeSched will be reimbursed at 20% of charges.",5479,,,,,,,Case Rate,". MPL 100/50/25% maxmium of 3 procedures. All add ons apply, and lesser of 100% of billed charges",1222.82,,,,,,,Case Rate,"100 Percent of Medicaid APG. ",1395.21,,,,,,,Case Rate,"100% Medicare OPPS FS. ",1395.21,,,,,,,Case Rate,"100% Medicare OPPS FS. ",1395.21,,,,,,,Case Rate,"100% Medicare OPPS FS. ",1395.21,,,,,,,Case Rate,"100% Medicare OPPS FS. ",1395.21,,,,,,,Case Rate,"100% Medicare OPPS FS. ",1395.21,,,,,,,Case Rate,"100% Medicare OPPS FS. ",5479,,,,,,,Case Rate,". MPL 100/50/25% maxmium of 3 procedures. All add ons apply, and lesser of 100% of billed charges",9761,,,,,,,Case Rate,". MPL 100/75/50% all add ons apply, and lesser of 100% of billed charges",2201.08,,,,,,,Fee Schedule,"180 Percent of Medicaid APG. ",2201.08,,,,,,,Fee Schedule,"180 Percent of Medicaid APG. ",2201.08,,,,,,,Fee Schedule,"180 Percent of Medicaid APG. ",2201.08,,,,,,,Fee Schedule,"180 Percent of Medicaid APG. ",2201.08,,,,,,,Fee Schedule,"180 Percent of Medicaid APG. ",,,,,,,,,"NA. ",9761,,,,,,,Case Rate,". MPL 100/75/50% all add ons apply, and lesser of 100% of billed charges",2762.51,,,,,,,Case Rate,198 Percent of Medicare OPPS. Metroplus will reimburse unlisted codes and described codes with no Medicare rate at 50 percent of charges.,2762.51,,,,,,,Case Rate,198 Percent of Medicare OPPS. Metroplus will reimburse unlisted codes and described codes with no Medicare rate at 50 percent of charges.,2762.51,,,,,,,Case Rate,198 Percent of Medicare OPPS. Metroplus will reimburse unlisted codes and described codes with no Medicare rate at 50 percent of charges.,2762.51,,,,,,,Case Rate,198 Percent of Medicare OPPS. Metroplus will reimburse unlisted codes and described codes with no Medicare rate at 50 percent of charges.,2762.51,,,,,,,Case Rate,198 Percent of Medicare OPPS. Metroplus will reimburse unlisted codes and described codes with no Medicare rate at 50 percent of charges.,1395.21,,,,,,,Case Rate,"100% Medicare OPPS FS. ",12574,,,,,,,Case Rate,". Primary procedure pays at 100%, all subsequent at 50%.",12574,,,,,,,Case Rate,". Primary procedure pays at 100%, all subsequent at 50%.",12574,,,,,,,Case Rate,". Primary procedure pays at 100%, all subsequent at 50%.",12574,,,,,,,Case Rate,". Primary procedure pays at 100%, all subsequent at 50%.",6733,,,,,,,Case Rate,". Primary procedure pays at 100%, secondary at 50%, all subsequent at 25%.  Lesser of applies when negotiated rates exceed charges less addons.",6733,,,,,,,Case Rate,". Primary procedure pays at 100%, secondary at 50%, all subsequent at 25%.  Lesser of applies when negotiated rates exceed charges less addons.",6733,,,,,,,Case Rate,". Primary procedure pays at 100%, secondary at 50%, all subsequent at 25%.  Lesser of applies when negotiated rates exceed charges less addons.",6733,,,,,,,Case Rate,". Primary procedure pays at 100%, secondary at 50%, all subsequent at 25%.  Lesser of applies when negotiated rates exceed charges less addons.",9761,,,,,,,Case Rate,". MPL 100/75/50% all add ons apply, and lesser of 100% of billed charges",9761,,,,,,,Case Rate,". MPL 100/75/50% all add ons apply, and lesser of 100% of billed charges",1395.21,,,,,,,Case Rate,"100% Medicare OPPS FS. ",1395.21,,,,,,,Case Rate,"100% Medicare OPPS FS. ",1395.21,,,,,,,Case Rate,"100% Medicare OPPS FS. ",7334,,,,,,,Case Rate,. All Add ons apply except drugs and lesser of 100% of billed charges.,7334,,,,,,,Case Rate,. All Add ons apply except drugs and lesser of 100% of billed charges.,7334,,,,,,,Case Rate,. All Add ons apply except drugs and lesser of 100% of billed charges.,9761,,,,,,,Case Rate,". MPL 100/75/50% all add ons apply, and lesser of 100% of billed charges",6733,,,,,,,Case Rate,". Primary procedure pays at 100%, secondary at 50%, all subsequent at 25%.  Lesser of applies when negotiated rates exceed charges less addons.",1395.21,,,,,,,Case Rate,"100% Medicare OPPS FS. ",7334,,,,,,,Case Rate,. All Add ons apply except drugs and lesser of 100% of billed charges.,1222.82,,,,,,,Case Rate,"100 Percent of Medicaid APG. ",1423.11,,,,,,,Case Rate,"102% of Medicare OPPS. ",1423.11,,,,,,,Case Rate,"102% of Medicare OPPS. ",1423.11,,,,,,,Case Rate,"102% of Medicare OPPS. ",1222.82,,,,,,,Case rate,"100 Percent of Medicaid APG. ",2751.35,,,,,,,Case Rate,225% of NYS APG. Lesser of 100% of billed charges applies.,2751.35,,,,,,,Case Rate,225% of NYS APG. Lesser of 100% of billed charges applies.,2751.35,,,,,,,Case Rate,225% of NYS APG. Lesser of 100% of billed charges applies.,2751.35,,,,,,,Case Rate,225% of NYS APG. Lesser of 100% of billed charges applies.,2751.35,,,,,,,Case Rate,225% of NYS APG. Lesser of 100% of billed charges applies.,1423.11,,,,,,,Case Rate,"102% of Medicare OPPS. ",1222.82,,,,,,,Case Rate,"100 Percent of Medicaid APG. ",574.79,,,,,,,Case Rate,100% of PAS. Lesser of 100% of billed charges applies.,2751.35,,,,,,,Case Rate,225% of NYS APG. Lesser of 100% of billed charges applies.,2751.35,,,,,,,Case Rate,225% of NYS APG. Lesser of 100% of billed charges applies.,574.79,,,,,,,Case Rate,100% of PAS. Lesser of 100% of billed charges applies.,574.79,,,,,,,Case Rate,100% of PAS. Lesser of 100% of billed charges applies.,2201.08,,,,,,,Fee Schedule,"180 Percent of Medicaid APG. ",1395.21,,,,,,,Case Rate,"100% Medicare OPPS FS. ",1395.21,,,,,,,Case Rate,"100% Medicare OPPS FS. ",6733,,,,,,,Case Rate,". Primary procedure pays at 100%, secondary at 50%, all subsequent at 25%.  Lesser of applies when negotiated rates exceed charges less addons.",1395.21,,,,,,,Case Rate,"100% Medicare OPPS FS. ",2751.35,,,,,,,Case Rate,"225 Percent of Medicaid APG. ",2751.35,,,,,,,Case Rate,"225 Percent of Medicaid APG. ",1222.82,,,,,,,Case rate,"100 Percent of Medicaid APG. ",1222.82,,,,,,,Case rate,"100 Percent of Medicaid APG. ",2751.35,,,,,,,Case Rate,225 Percent of Medicaid APG. Covered services not payable under Medicaid Fee Schedules default to a payment of 87.5 percent of charges.,1222.82,,,,,,,Case rate,124 Percent of Medicaid APG. Covered services not payable under Medicaid Fee Schedules default to a payment of 50 percent of charges.,2751.35,,,,,,,Case Rate,"100 Percent of Medicaid APG. ",2751.35,,,,,,,Case Rate,"100 Percent of Medicaid APG. ",2751.35,,,,,,,Case Rate,"100 Percent of Medicaid APG. ",2751.35,,,,,,,Case Rate,"100 Percent of Medicaid APG. ",13453,,,,,,,Case Rate,". MPL 100/75/50% all add ons apply, and lesser of 100% of billed charges",9761,,,,,,,Case Rate,". MPL 100/75/50% all add ons apply, and lesser of 100% of billed charges",1467.39,,,,,,,Case Rate,"120 Percent of Medicaid APG. Not APG payable, or payable under another fee schedule like ASP/AWP pays at 30% of charges",1467.39,,,,,,,Case Rate,"120 Percent of Medicaid APG. Not APG payable, or payable under another fee schedule like ASP/AWP pays at 30% of charges",1222.82,,,,,,,Case Rate,"100 Percent of Medicaid APG. Not APG payable, or payable under another fee schedule like ASP/AWP pays at 30% of charges",1222.82,,,,,,,Case Rate,"100 Percent of Medicaid APG. Not APG payable, or payable under another fee schedule like ASP/AWP pays at 30% of charges",7334,,,,,,,Case Rate,. All Add ons apply except drugs and lesser of 100% of billed charges.,7334,,,,,,,Case Rate,. All Add ons apply except drugs and lesser of 100% of billed charges.,1395.21,,,,,,,Case Rate,"100% Medicare OPPS FS. ",7334,,,,,,,Case Rate,. All Add ons apply except drugs and lesser of 100% of billed charges.,7334,,,,,,,Case Rate,. All Add ons apply except drugs and lesser of 100% of billed charges.,7334,,,,,,,Case Rate,. All Add ons apply except drugs and lesser of 100% of billed charges.,7334,,,,,,,Case Rate,. All Add ons apply except drugs and lesser of 100% of billed charges.,1395.21,,,,,,,Case Rate,"100% Medicare OPPS FS. ",7334,,,,,,,Case Rate,. All Add ons apply except drugs and lesser of 100% of billed charges.,7334,,,,,,,Case Rate,. All Add ons apply except drugs and lesser of 100% of billed charges.,6733,,,,,,,Case Rate,". Primary procedure pays at 100%, secondary at 50%, all subsequent at 25%.  Lesser of applies when negotiated rates exceed charges less addons.",1222.82,,,,,,,Fee Schedule,100% APG. Lesser of 100% of billed charges applies.,1222.82,,,,,,,Case rate,124 Percent of Medicaid APG. Covered services not payable under Medicaid Fee Schedules default to a payment of 50 percent of charges.,2751.35,,,,,,,Case Rate,225% of NYS APG. Lesser of 100% of billed charges applies.,2751.35,,,,,,,Case Rate,225 Percent of Medicaid APG. Covered services not payable under Medicaid Fee Schedules default to a payment of 87.5 percent of charges.,1222.82,,,,,,,Case rate,124 Percent of Medicaid APG. Covered services not payable under Medicaid Fee Schedules default to a payment of 50 percent of charges.,2751.35,,,,,,,Case Rate,225% of NYS APG. Lesser of 100% of billed charges applies.,2751.35,,,,,,,Case Rate,225% of NYS APG. Lesser of 100% of billed charges applies.,2751.35,,,,,,,Case Rate,225% of NYS APG. Lesser of 100% of billed charges applies.,2751.35,,,,,,,Case Rate,225% of NYS APG. Lesser of 100% of billed charges applies.,2751.35,,,,,,,Case Rate,225% of NYS APG. Lesser of 100% of billed charges applies.,2751.35,,,,,,,Case Rate,225% of NYS APG. Lesser of 100% of billed charges applies.,,,,,,,,,"NA. ",,,,,,,,,"NA. ",,,,,,,,,"NA. ",5479,,,,,,,Case Rate,". MPL 100/50/25% maxmium of 3 procedures. All add ons apply, and lesser of 100% of billed charges",,,,,,,,,"NA. ",1395.21,,,,,,,Case Rate,"100% Medicare OPPS FS. ",5941,,,,,,,Case Rate,". MPL 1st 100% of Payment Rate 50% of all others, all add ons apply, and lesser of 100% of billed charges.",1395.21,,,,,,,Case Rate,"100% Medicare OPPS FS. ",1395.21,,,,,,,Case Rate,"100% Medicare OPPS FS. ",1467.39,,,,,,,Case Rate,"120 Percent of Medicaid APG. Not APG payable, or payable under another fee schedule like ASP/AWP pays at 30% of charges",1467.39,,,,,,,Case Rate,"120 Percent of Medicaid APG. Not APG payable, or payable under another fee schedule like ASP/AWP pays at 30% of charges",1222.82,,,,,,,Case Rate,"100 Percent of Medicaid APG. Not APG payable, or payable under another fee schedule like ASP/AWP pays at 30% of charges",1222.82,,,,,,,Case Rate,"100 Percent of Medicaid APG. Not APG payable, or payable under another fee schedule like ASP/AWP pays at 30% of charges",1222.82,,,,,,,Case Rate,"100 Percent of Medicaid APG. ",7163,,,,,,,Case Rate,". ",6733,,,,,,,Case Rate,". Primary procedure pays at 100%, secondary at 50%, all subsequent at 25%.  Lesser of applies when negotiated rates exceed charges less addons.",8427,,,,,,,Case Rate,". Primary procedure pays at 100%, all subsequent at 50%.",5479,,,,,,,Case Rate,". MPL 100/50/25% maxmium of 3 procedures. All add ons apply, and lesser of 100% of billed charges",1395.21,,,,,,,Case Rate,"100%Medicare OPPS FS. ",1395.21,,,,,,,Case Rate,"100% Medicare OPPS FS. ",1395.21,,,,,,,Case Rate,"100% Medicare OPPS FS. ",1395.21,,,,,,,Case Rate,"100% Medicare OPPS FS. ",1395.21,,,,,,,Case Rate,"100%Medicare OPPS FS. ",1395.21,,,,,,,Case Rate,"100% Medicare OPPS FS. ",,,,,,,,,"NA. ",2751.35,,,,,,,Case Rate,225% of NYS APG. Lesser of 100% of billed charges applies.,574.79,,,,,,,Case Rate,100% of PAS. Lesser of 100% of billed charges applies.,7334,,,,,,,Case Rate,. All Add ons apply except drugs and lesser of 100% of billed charges.,7163,,,,,,,Case Rate,". ",7163,,,,,,,Case Rate,". ",7163,,,,,,,Case Rate,". ",7163,,,,,,,Case Rate,". ",1395.21,,,,,,,Case Rate,"100% Medicare OPPS FS. ",1222.82,,,,,,,Case Rate,"100 Percent of Medicaid APG. ",7334,,,,,,,Case Rate,. All Add ons apply except drugs and lesser of 100% of billed charges.,1222.82,,,,,,,Case Rate,"100 Percent of Medicaid APG. ",1395.21,,,,,,,Case Rate,"100% Medicare OPPS FS. ",1222.82,,,,,,,Case Rate,"100 Percent of Medicaid APG. ",1395.21,,,,,,,Case Rate,"100% Medicare OPPS FS. ",1395.21,,,,,,,Case Rate,"100% Medicare OPPS FS. ",1222.82,,,,,,,Case Rate,"100 Percent of Medicaid APG. ",1222.82,,,,,,,Case Rate,"100 Percent of Medicaid APG. ",7163,,,,,,,Case Rate,". ",5479,,,,,,,Case Rate,". MPL 100/50/25% maxmium of 3 procedures. All add ons apply, and lesser of 100% of billed charges",,78,,,,,0,percent of total billed charges,78% of Billed Charges. Lesser of 100% of billed charges applies.; No services were performed during the 15 month look back period.,8165.03,,,,,,,Case Rate,". MPL 100/50/25% all add ons apply, and lesser of 100% of billed charges",8165.03,,,,,,,Case Rate,". MPL 100/50/25% all add ons apply, and lesser of 100% of billed charges",6733,,,,,,,Case Rate,". Primary procedure pays at 100%, secondary at 50%, all subsequent at 25%.  Lesser of applies when negotiated rates exceed charges less addons.",1395.21,,,,,,,Case Rate,"83% HF Fee schedule. ",12574,,,,,,,Case Rate,". Primary procedure pays at 100%, all subsequent at 50%.",12574,,,,,,,Case Rate,". Primary procedure pays at 100%, all subsequent at 50%.",5867,,,,,,,Case Rate,. All Add ons apply except drugs and lesser of 100% of billed charges.,5867,,,,,,,Case Rate,. All Add ons apply except drugs and lesser of 100% of billed charges.,1395.21,,,,,,,Case Rate,"100% Medicare OPPS FS. ",1395.21,,,,,,,Case Rate,"100% Medicare OPPS FS. ",1395.21,,,,,,,Case Rate,"100% Medicare OPPS FS. ",1395.21,,,,,,,Case Rate,"100% Medicare OPPS FS. ",8165.03,,,,,,,Case Rate,". MPL 100/50/25% all add ons apply, and lesser of 100% of billed charges",7334,,,,,,,Case Rate,. All Add ons apply except drugs and lesser of 100% of billed charges.,7334,,,,,,,Case Rate,. All Add ons apply except drugs and lesser of 100% of billed charges.,1395.21,,,,,,,Case Rate,"100% Medicare OPPS FS. ",5867,,,,,,,Case Rate,. All Add ons apply except drugs and lesser of 100% of billed charges.,8427,,,,,,,Case Rate,". Primary procedure pays at 100%, all subsequent at 50%.",1467.39,,,,,,,Fee Schedule,"120 Percent of Medicaid APG. ",1222.82,,,,,,,Case Rate,"100 Percent of Medicaid APG. ",7163,,,,,,,Case Rate,". ",6601,,,,,,,Case Rate,. All Add ons apply except drugs and lesser of 100% of billed charges.,6601,,,,,,,Case Rate,. All Add ons apply except drugs and lesser of 100% of billed charges.,7334,,,,,,,Case Rate,. All Add ons apply except drugs and lesser of 100% of billed charges.,6726,,,,,,,Case Rate,". MPL 100/75/50% all add ons apply, and lesser of 100% of billed charges",1395.21,,,,,,,Case Rate,"100%Medicare OPPS FS. ",1283.96,,,,,,,Fee Schedule,105 percent of Medicaid APG. otherwise 105% of Ordered NYS MCD FS or 105% of ASP+6%,1283.96,,,,,,,Fee Schedule,105 percent of Medicaid APG. otherwise 105% of Ordered NYS MCD FS or 105% of ASP+6%,1283.96,,,,,,,Fee Schedule,105 percent of Medicaid APG. otherwise 105% of Ordered NYS MCD FS or 105% of ASP+6%,1650.81,,,,,,,Fee Schedule,135 percent of Medicaid APG. otherwise 135% of Ordered NYS MCD FS or 135% of ASP+6%,8165.03,,,,,,,Case Rate,". MPL 100/50/25% all add ons apply, and lesser of 100% of billed charges",1283.96,,,,,,,Fee Schedule,105 percent of Medicaid APG. otherwise 105% of Ordered NYS MCD FS or 105% of ASP+6%,1283.96,,,,,,,Fee Schedule,105 percent of Medicaid APG. otherwise 105% of Ordered NYS MCD FS or 105% of ASP+6%,1283.96,,,,,,,Fee Schedule,105 percent of Medicaid APG. otherwise 105% of Ordered NYS MCD FS or 105% of ASP+6%,1283.96,,,,,,,Fee Schedule,105 percent of Medicaid APG. otherwise 105% of Ordered NYS MCD FS or 105% of ASP+6%,1283.96,,,,,,,Fee Schedule,105 percent of Medicaid APG. otherwise 105% of Ordered NYS MCD FS or 105% of ASP+6%,1650.81,,,,,,,Fee Schedule,135 percent of Medicaid APG. otherwise 135% of Ordered NYS MCD FS or 135% of ASP+6%,1650.81,,,,,,,Fee Schedule,135 percent of Medicaid APG. otherwise 135% of Ordered NYS MCD FS or 135% of ASP+6%,1395.21,,,,,,,Case Rate,"100% Medicare OPPS FS. ",8165.03,,,,,,,Case Rate,". MPL 100/50/25% all add ons apply, and lesser of 100% of billed charges",1395.21,,,,,,,Case Rate,"100% Medicare OPPS FS. ",1283.96,,,,,,,Fee Schedule,105 percent of Medicaid APG. otherwise 105% of Ordered NYS MCD FS or 105% of ASP+6%,7334,,,,,,,Case Rate,. All Add ons apply except drugs and lesser of 100% of billed charges.,1395.21,,,,,,,Case Rate,"100% Medicare OPPS FS. ",7334,,,,,,,Case Rate,. All Add ons apply except drugs and lesser of 100% of billed charges.,7334,,,,,,,Case Rate,. All Add ons apply except drugs and lesser of 100% of billed charges.,7334,,,,,,,Case Rate,. All Add ons apply except drugs and lesser of 100% of billed charges.,1283.96,,,,,,,Fee Schedule,105 percent of Medicaid APG. otherwise 105% of Ordered NYS MCD FS or 105% of ASP+6%,1395.21,,,,,,,Case Rate,"100% Medicare OPPS FS. ",7334,,,,,,,Case Rate,. All Add ons apply except drugs and lesser of 100% of billed charges.,1650.81,,,,,,,Fee Schedule,135 percent of Medicaid APG. otherwise 135% of Ordered NYS MCD FS or 135% of ASP+6%,7334,,,,,,,Case Rate,. All Add ons apply except drugs and lesser of 100% of billed charges.,,200,,,,,0,Case Rate,200% of Medicare OPPS. ; No services were performed during the 15 month look back period.,1395.21,,,,,,,Case Rate,"100%Medicare OPPS FS. ",7163,,,,,,,Case Rate,". ",7163,,,,,,,Case Rate,". ",7163,,,,,,,Case Rate,". ",7163,,,,,,,Case Rate,". ",7163,,,,,,,Case Rate,". ",8427,,,,,,,Case Rate,". Primary procedure pays at 100%, all subsequent at 50%.",8427,,,,,,,Case Rate,". Primary procedure pays at 100%, all subsequent at 50%.",7163,,,,,,,Case Rate,". ",7163,,,,,,,Case Rate,". ",7163,,,,,,,Case Rate,". ",7163,,,,,,,Case Rate,". ",7163,,,,,,,Case Rate,". ",1395.21,,,,,,,Case Rate,"100% Medicare OPPS FS. ",8427,,,,,,,Case Rate,". Primary procedure pays at 100%, all subsequent at 50%.",1395.21,,,,,,,Case Rate,"100% Medicare OPPS FS. ",2751.35,,,,,,,Case Rate,"225 Percent of Medicaid APG. If not included in Medicaid APG, then 100 Percent of Manhattan Medicare",1222.82,,,,,,,Case Rate,"100 Percent of Medicaid APG. ",8165.03,,,,,,,Case Rate,". MPL 100/50/25% all add ons apply, and lesser of 100% of billed charges",8165.03,,,,,,,Case Rate,". MPL 100/50/25% all add ons apply, and lesser of 100% of billed charges",1395.21,,,,,,,Case Rate,"100% Medicare OPPS FS. ",12574,,,,,,,Case Rate,". Primary procedure pays at 100%, all subsequent at 50%.",1395.21,,,,,,,Case Rate,"100% Medicare OPPS FS. ",1395.21,,,,,,,Case Rate,"100% Medicare OPPS FS. ",6733,,,,,,,Case Rate,". Primary procedure pays at 100%, secondary at 50%, all subsequent at 25%.  Lesser of applies when negotiated rates exceed charges less addons.",1395.21,,,,,,,Case Rate,"100% Medicare OPPS FS. ",5479,,,,,,,Case Rate,". MPL 100/50/25% maxmium of 3 procedures. All add ons apply, and lesser of 100% of billed charges",1395.21,,,,,,,Case Rate,"100% Medicare OPPS FS. ",5479,,,,,,,Case Rate,". MPL 100/50/25% maxmium of 3 procedures. All add ons apply, and lesser of 100% of billed charges",6733,,,,,,,Case Rate,". Primary procedure pays at 100%, secondary at 50%, all subsequent at 25%.  Lesser of applies when negotiated rates exceed charges less addons.",5479,,,,,,,Case Rate,". MPL 100/50/25% maxmium of 3 procedures. All add ons apply, and lesser of 100% of billed charges",1395.21,,,,,,,Case Rate,"100% Medicare OPPS FS. ",1222.82,,,,,,,Case Rate,"100 Percent of Medicaid APG. ",1395.21,,,,,,,Case Rate,"100% Medicare OPPS FS. ",5479,,,,,,,Case Rate,". MPL 100/50/25% maxmium of 3 procedures. All add ons apply, and lesser of 100% of billed charges",8165.03,,,,,,,Case Rate,". MPL 100/50/25% all add ons apply, and lesser of 100% of billed charges",1222.82,,,,,,,Case Rate,"100 Percent of Medicaid APG. ",7334,,,,,,,Case Rate,. All Add ons apply except drugs and lesser of 100% of billed charges.,1467.39,,,,,,,Fee Schedule,"120 Percent of Medicaid APG. ",1467.39,,,,,,,Fee Schedule,"120 Percent of Medicaid APG. ",7334,,,,,,,Case Rate,. All Add ons apply except drugs and lesser of 100% of billed charges.,7334,,,,,,,Case Rate,. All Add ons apply except drugs and lesser of 100% of billed charges.,7334,,,,,,,Case Rate,. All Add ons apply except drugs and lesser of 100% of billed charges.,8165.03,,,,,,,Case Rate,". MPL 100/50/25% all add ons apply, and lesser of 100% of billed charges",7334,,,,,,,Case Rate,. All Add ons apply except drugs and lesser of 100% of billed charges.,7334,,,,,,,Case Rate,. All Add ons apply except drugs and lesser of 100% of billed charges.,7334,,,,,,,Case Rate,. All Add ons apply except drugs and lesser of 100% of billed charges.,7163,,,,,,,Case Rate,". ",7163,,,,,,,Case Rate,". ",2762.51,,,,,,,Case Rate,198 Percent of Medicare OPPS. Metroplus will reimburse unlisted codes and described codes with no Medicare rate at 50 percent of charges.,1222.82,,,,,,,Case Rate,"100 Percent of Medicaid APG. ",8165.03,,,,,,,Case Rate,". MPL 100/50/25% all add ons apply, and lesser of 100% of billed charges",5479,,,,,,,Case Rate,". MPL 100/50/25% maxmium of 3 procedures. All add ons apply, and lesser of 100% of billed charges",6733,,,,,,,Case Rate,". Primary procedure pays at 100%, secondary at 50%, all subsequent at 25%.  Lesser of applies when negotiated rates exceed charges less addons.",8165.03,,,,,,,Case Rate,". MPL 100/50/25% all add ons apply, and lesser of 100% of billed charges",6733,,,,,,,Case Rate,". Primary procedure pays at 100%, secondary at 50%, all subsequent at 25%.  Lesser of applies when negotiated rates exceed charges less addons.",8165.03,,,,,,,Case Rate,". MPL 100/50/25% all add ons apply, and lesser of 100% of billed charges",7334,,,,,,,Case Rate,. All Add ons apply except drugs and lesser of 100% of billed charges.,7334,,,,,,,Case Rate,. All Add ons apply except drugs and lesser of 100% of billed charges.,7334,,,,,,,Case Rate,. All Add ons apply except drugs and lesser of 100% of billed charges.,7334,,,,,,,Case Rate,. All Add ons apply except drugs and lesser of 100% of billed charges.,1395.21,,,,,,,Case Rate,"100% Medicare OPPS FS. ",574.79,13453,
45398,CPT,,,490,RC,COLONOSCOPY W/BAND LIGATION,,,both,,,,3681,,,,,,,Case Rate,". MPL 1st 100% of Payment Rate 50% of all others, all add ons apply, and lesser of 100% of billed charges.",3681,,,,,,,Case Rate,". MPL 1st 100% of Payment Rate 50% of all others, all add ons apply, and lesser of 100% of billed charges.",6733,,,,,,,Case Rate,". Primary procedure pays at 100%, secondary at 50%, all subsequent at 25%.  Lesser of applies when negotiated rates exceed charges less addons.",,100,,,,,0,percent of total billed charges,100 percent of billed charges. ; No services were performed during the 15 month look back period.,1395.21,,,,,,,Case Rate,"100% Medicare OPPS FS. ",6733,,,,,,,Case Rate,". Primary procedure pays at 100%, secondary at 50%, all subsequent at 25%.  Lesser of applies when negotiated rates exceed charges less addons.",6733,,,,,,,Case Rate,". Primary procedure pays at 100%, secondary at 50%, all subsequent at 25%.  Lesser of applies when negotiated rates exceed charges less addons.",6733,,,,,,,Case Rate,". Primary procedure pays at 100%, secondary at 50%, all subsequent at 25%.  Lesser of applies when negotiated rates exceed charges less addons.",1311.48,,,,,,,Case Rate,"100 Percent of Medicaid APG. ",1092.9,,,,,,,Case Rate,"100 Percent of Medicaid APG. ",,78,,,,,0,percent of total billed charges,78% of Billed Charges. Lesser of 100% of billed charges applies.; No services were performed during the 15 month look back period.,8165.03,,,,,,,Case Rate,". MPL 100/50/25% all add ons apply, and lesser of 100% of billed charges",1092.9,,,,,,,Case Rate,"100 Percent of Medicaid APG. ",1395.21,,,,,,,Case Rate,"100% Medicare OPPS FS. ",5479,,,,,,,Case Rate,". MPL 100/50/25% maxmium of 3 procedures. All add ons apply, and lesser of 100% of billed charges",5479,,,,,,,Case Rate,". MPL 100/50/25% maxmium of 3 procedures. All add ons apply, and lesser of 100% of billed charges",5479,,,,,,,Case Rate,". MPL 100/50/25% maxmium of 3 procedures. All add ons apply, and lesser of 100% of billed charges",5479,,,,,,,Case Rate,". MPL 100/50/25% maxmium of 3 procedures. All add ons apply, and lesser of 100% of billed charges",1092.9,,,,,,,Case rate,124 Percent of Medicaid APG. Covered services not payable under Medicaid Fee Schedules default to a payment of 50 percent of charges.,1395.21,,,,,,,Case Rate,"100% Medicare OPPS FS. ",1092.9,,,,,,,Case rate,124 Percent of Medicaid APG. Covered services not payable under Medicaid Fee Schedules default to a payment of 50 percent of charges.,,78,,,,,0,percent of total billed charges,78% of Billed Charges. Lesser of 100% of billed charges applies.; No services were performed during the 15 month look back period.,6733,,,,,,,Case Rate,". Primary procedure pays at 100%, secondary at 50%, all subsequent at 25%.  Lesser of applies when negotiated rates exceed charges less addons.",1395.21,,,,,,,Case Rate,"100%Medicare OPPS FS. ",8427,,,,,,,Case Rate,". Primary procedure pays at 100%, all subsequent at 50%.",1395.21,,,,,,,Case Rate,"100%Medicare OPPS FS. ",1395.21,,,,,,,Case Rate,"100%Medicare OPPS FS. ",,78,,,,,0,percent of total billed charges,78% of Billed Charges. Lesser of 100% of billed charges applies.; No services were performed during the 15 month look back period.,574.79,,,,,,,Case Rate,100% of PAS. Lesser of 100% of billed charges applies.,574.79,,,,,,,Case Rate,100% of PAS. Lesser of 100% of billed charges applies.,1092.9,,,,,,,Case rate,"100 Percent of Medicaid APG. ",1092.9,,,,,,,Case rate,"100 Percent of Medicaid APG. ",8427,,,,,,,Case Rate,". Primary procedure pays at 100%, all subsequent at 50%.",8427,,,,,,,Case Rate,". Primary procedure pays at 100%, all subsequent at 50%.",1092.9,,,,,,,Case Rate,"100 Percent of Medicaid APG. Not APG payable, or payable under another fee schedule like ASP/AWP pays at 30% of charges",8427,,,,,,,Case Rate,". Primary procedure pays at 100%, all subsequent at 50%.",1092.9,,,,,,,Case Rate,"100 Percent of Medicaid APG. Not APG payable, or payable under another fee schedule like ASP/AWP pays at 30% of charges",1395.21,,,,,,,Case Rate,"100%Medicare OPPS FS. ",8427,,,,,,,Case Rate,". Primary procedure pays at 100%, all subsequent at 50%.",,78,,,,,0,percent of total billed charges,78% of Billed Charges. Lesser of 100% of billed charges applies.; No services were performed during the 15 month look back period.,1092.9,,,,,,,Case Rate,"100 Percent of Medicaid APG. ",1092.9,,,,,,,Case Rate,"100 Percent of Medicaid APG. ",,78,,,,,0,percent of total billed charges,78% of Billed Charges. Lesser of 100% of billed charges applies.; No services were performed during the 15 month look back period.,5479,,,,,,,Case Rate,". MPL 100/50/25% maxmium of 3 procedures. All add ons apply, and lesser of 100% of billed charges",6377,,,,,,,Case Rate,". MPL 100/50/25% all add ons apply, and lesser of 100% of billed charges",6377,,,,,,,Case Rate,". MPL 100/50/25% all add ons apply, and lesser of 100% of billed charges",,78,,,,,0,percent of total billed charges,78% of Billed Charges. Lesser of 100% of billed charges applies.; No services were performed during the 15 month look back period.,1395.21,,,,,,,Case Rate,"100% Medicare OPPS FS. ",8165.03,,,,,,,Case Rate,". MPL 100/50/25% all add ons apply, and lesser of 100% of billed charges",8165.03,,,,,,,Case Rate,". MPL 100/50/25% all add ons apply, and lesser of 100% of billed charges",8165.03,,,,,,,Case Rate,". MPL 100/50/25% all add ons apply, and lesser of 100% of billed charges",1395.21,,,,,,,Case Rate,"100% Medicare OPPS FS. ",8165.03,,,,,,,Case Rate,". MPL 100/50/25% all add ons apply, and lesser of 100% of billed charges",8165.03,,,,,,,Case Rate,". MPL 100/50/25% all add ons apply, and lesser of 100% of billed charges",1395.21,,,,,,,Case Rate,"100% of Medicare OPPS. ",9761,,,,,,,Case Rate,". MPL 100/75/50% all add ons apply, and lesser of 100% of billed charges",7334,,,,,,,Case Rate,. All Add ons apply except drugs and lesser of 100% of billed charges.,7334,,,,,,,Case Rate,. All Add ons apply except drugs and lesser of 100% of billed charges.,7334,,,,,,,Case Rate,. All Add ons apply except drugs and lesser of 100% of billed charges.,7334,,,,,,,Case Rate,. All Add ons apply except drugs and lesser of 100% of billed charges.,7334,,,,,,,Case Rate,. All Add ons apply except drugs and lesser of 100% of billed charges.,7334,,,,,,,Case Rate,. All Add ons apply except drugs and lesser of 100% of billed charges.,1395.21,,,,,,,Case Rate,"100% Medicare OPPS FS. ",1395.21,,,,,,,Case Rate,"100% Medicare OPPS FS. ",7334,,,,,,,Case Rate,. All Add ons apply except drugs and lesser of 100% of billed charges.,,78,,,,,0,percent of total billed charges,78% of Billed Charges. Lesser of 100% of billed charges applies.; No services were performed during the 15 month look back period.,,78,,,,,0,percent of total billed charges,78% of Billed Charges. Lesser of 100% of billed charges applies.; No services were performed during the 15 month look back period.,,78,,,,,0,percent of total billed charges,78% of Billed Charges. Lesser of 100% of billed charges applies.; No services were performed during the 15 month look back period.,,78,,,,,0,percent of total billed charges,78% of Billed Charges. Lesser of 100% of billed charges applies.; No services were performed during the 15 month look back period.,,78,,,,,0,percent of total billed charges,78% of Billed Charges. Lesser of 100% of billed charges applies.; No services were performed during the 15 month look back period.,,78,,,,,0,percent of total billed charges,78% of Billed Charges. Lesser of 100% of billed charges applies.; No services were performed during the 15 month look back period.,,78,,,,,0,percent of total billed charges,78% of Billed Charges. Lesser of 100% of billed charges applies.; No services were performed during the 15 month look back period.,,78,,,,,0,percent of total billed charges,78% of Billed Charges. Lesser of 100% of billed charges applies.; No services were performed during the 15 month look back period.,,78,,,,,0,percent of total billed charges,78% of Billed Charges. Lesser of 100% of billed charges applies.; No services were performed during the 15 month look back period.,,78,,,,,0,percent of total billed charges,78% of Billed Charges. Lesser of 100% of billed charges applies.; No services were performed during the 15 month look back period.,,78,,,,,0,percent of total billed charges,78% of Billed Charges. Lesser of 100% of billed charges applies.; No services were performed during the 15 month look back period.,,78,,,,,0,percent of total billed charges,78% of Billed Charges. Lesser of 100% of billed charges applies.; No services were performed during the 15 month look back period.,,78,,,,,0,percent of total billed charges,78% of Billed Charges. Lesser of 100% of billed charges applies.; No services were performed during the 15 month look back period.,,78,,,,,0,percent of total billed charges,78% of Billed Charges. Lesser of 100% of billed charges applies.; No services were performed during the 15 month look back period.,,78,,,,,0,percent of total billed charges,78% of Billed Charges. Lesser of 100% of billed charges applies.; No services were performed during the 15 month look back period.,,78,,,,,0,percent of total billed charges,78% of Billed Charges. Lesser of 100% of billed charges applies.; No services were performed during the 15 month look back period.,,78,,,,,0,percent of total billed charges,78% of Billed Charges. Lesser of 100% of billed charges applies.; No services were performed during the 15 month look back period.,,78,,,,,0,percent of total billed charges,78% of Billed Charges. Lesser of 100% of billed charges applies.; No services were performed during the 15 month look back period.,,78,,,,,0,percent of total billed charges,78% of Billed Charges. Lesser of 100% of billed charges applies.; No services were performed during the 15 month look back period.,,78,,,,,0,percent of total billed charges,78% of Billed Charges. Lesser of 100% of billed charges applies.; No services were performed during the 15 month look back period.,,78,,,,,0,percent of total billed charges,78% of Billed Charges. Lesser of 100% of billed charges applies.; No services were performed during the 15 month look back period.,,78,,,,,0,percent of total billed charges,78% of Billed Charges. Lesser of 100% of billed charges applies.; No services were performed during the 15 month look back period.,,78,,,,,0,percent of total billed charges,78% of Billed Charges. Lesser of 100% of billed charges applies.; No services were performed during the 15 month look back period.,,78,,,,,0,percent of total billed charges,78% of Billed Charges. Lesser of 100% of billed charges applies.; No services were performed during the 15 month look back period.,,78,,,,,0,percent of total billed charges,78% of Billed Charges. Lesser of 100% of billed charges applies.; No services were performed during the 15 month look back period.,,78,,,,,0,percent of total billed charges,78% of Billed Charges. Lesser of 100% of billed charges applies.; No services were performed during the 15 month look back period.,8427,,,,,,,Case Rate,". Primary procedure pays at 100%, all subsequent at 50%.",8427,,,,,,,Case Rate,". Primary procedure pays at 100%, all subsequent at 50%.",8427,,,,,,,Case Rate,". Primary procedure pays at 100%, all subsequent at 50%.",8427,,,,,,,Case Rate,". Primary procedure pays at 100%, all subsequent at 50%.",12574,,,,,,,Case Rate,". Primary procedure pays at 100%, all subsequent at 50%.",12574,,,,,,,Case Rate,". Primary procedure pays at 100%, all subsequent at 50%.",5479,,,,,,,Case Rate,". MPL 100/50/25% maxmium of 3 procedures. All add ons apply, and lesser of 100% of billed charges",7334,,,,,,,Case Rate,. All Add ons apply except drugs and lesser of 100% of billed charges.,8165.03,,,,,,,Case Rate,". MPL 100/50/25% all add ons apply, and lesser of 100% of billed charges",7334,,,,,,,Case Rate,. All Add ons apply except drugs and lesser of 100% of billed charges.,,78,,,,,0,percent of total billed charges,78% of Billed Charges. Lesser of 100% of billed charges applies.; No services were performed during the 15 month look back period.,12574,,,,,,,Case Rate,". Primary procedure pays at 100%, all subsequent at 50%.",7334,,,,,,,Case Rate,. All Add ons apply except drugs and lesser of 100% of billed charges.,8165.03,,,,,,,Case Rate,". MPL 100/50/25% all add ons apply, and lesser of 100% of billed charges",5479,,,,,,,Case Rate,". MPL 100/50/25% maxmium of 3 procedures. All add ons apply, and lesser of 100% of billed charges",,,,,,,,,"NA. ",,78,,,,,0,percent of total billed charges,78% of Billed Charges. Lesser of 100% of billed charges applies.; No services were performed during the 15 month look back period.,1092.9,,,,,,,Case Rate,"100 Percent of Medicaid APG. ",8427,,,,,,,Case Rate,". Primary procedure pays at 100%, all subsequent at 50%.",1092.9,,,,,,,Case Rate,"100 Percent of Medicaid APG. Not APG payable, or payable under another fee schedule like ASP/AWP pays at 30% of charges",1395.21,,,,,,,Case Rate,"100%Medicare OPPS FS. ",1395.21,,,,,,,Case Rate,"100% Medicare OPPS FS. ",9761,,,,,,,Case Rate,". MPL 100/75/50% all add ons apply, and lesser of 100% of billed charges",1395.21,,,,,,,Case Rate,"100% Medicare OPPS FS. ",1395.21,,,,,,,Case Rate,"100% Medicare OPPS FS. ",1092.9,,,,,,,Case Rate,"100 Percent of Medicaid APG. ",1395.21,,,,,,,Case Rate,"100% Medicare OPPS FS. ",1395.21,,,,,,,Case Rate,"100% Medicare OPPS FS. ",6733,,,,,,,Case Rate,". Primary procedure pays at 100%, secondary at 50%, all subsequent at 25%.  Lesser of applies when negotiated rates exceed charges less addons.",6733,,,,,,,Case Rate,". Primary procedure pays at 100%, secondary at 50%, all subsequent at 25%.  Lesser of applies when negotiated rates exceed charges less addons.",1395.21,,,,,,,Case Rate,"100% Medicare OPPS FS. ",5479,,,,,,,Case Rate,". MPL 100/50/25% maxmium of 3 procedures. All add ons apply, and lesser of 100% of billed charges",8165.03,,,,,,,Case Rate,". MPL 100/50/25% all add ons apply, and lesser of 100% of billed charges",8165.03,,,,,,,Case Rate,". MPL 100/50/25% all add ons apply, and lesser of 100% of billed charges",1395.21,,,,,,,Case Rate,"100% Medicare OPPS FS. ",5479,,,,,,,Case Rate,". MPL 100/50/25% maxmium of 3 procedures. All add ons apply, and lesser of 100% of billed charges",6733,,,,,,,Case Rate,". Primary procedure pays at 100%, secondary at 50%, all subsequent at 25%.  Lesser of applies when negotiated rates exceed charges less addons.",6733,,,,,,,Case Rate,". Primary procedure pays at 100%, secondary at 50%, all subsequent at 25%.  Lesser of applies when negotiated rates exceed charges less addons.",6733,,,,,,,Case Rate,". Primary procedure pays at 100%, secondary at 50%, all subsequent at 25%.  Lesser of applies when negotiated rates exceed charges less addons.",,78,,,,,0,percent of total billed charges,78% of Billed Charges. Lesser of 100% of billed charges applies.; No services were performed during the 15 month look back period.,,78,,,,,0,percent of total billed charges,78% of Billed Charges. Lesser of 100% of billed charges applies.; No services were performed during the 15 month look back period.,,78,,,,,0,percent of total billed charges,78% of Billed Charges. Lesser of 100% of billed charges applies.; No services were performed during the 15 month look back period.,,78,,,,,0,percent of total billed charges,78% of Billed Charges. Lesser of 100% of billed charges applies.; No services were performed during the 15 month look back period.,,78,,,,,0,percent of total billed charges,78% of Billed Charges. Lesser of 100% of billed charges applies.; No services were performed during the 15 month look back period.,,78,,,,,0,percent of total billed charges,78% of Billed Charges. Lesser of 100% of billed charges applies.; No services were performed during the 15 month look back period.,,78,,,,,0,percent of total billed charges,78% of Billed Charges. Lesser of 100% of billed charges applies.; No services were performed during the 15 month look back period.,,78,,,,,0,percent of total billed charges,78% of Billed Charges. Lesser of 100% of billed charges applies.; No services were performed during the 15 month look back period.,,78,,,,,0,percent of total billed charges,78% of Billed Charges. Lesser of 100% of billed charges applies.; No services were performed during the 15 month look back period.,,78,,,,,0,percent of total billed charges,78% of Billed Charges. Lesser of 100% of billed charges applies.; No services were performed during the 15 month look back period.,,78,,,,,0,percent of total billed charges,78% of Billed Charges. Lesser of 100% of billed charges applies.; No services were performed during the 15 month look back period.,12574,,,,,,,Case Rate,". Primary procedure pays at 100%, all subsequent at 50%.",7334,,,,,,,Case Rate,. All Add ons apply except drugs and lesser of 100% of billed charges.,5479,,,,,,,Case Rate,". MPL 100/50/25% maxmium of 3 procedures. All add ons apply, and lesser of 100% of billed charges",1395.21,,,,,,,Case Rate,"100% Medicare OPPS FS. ",6733,,,,,,,Case Rate,". Primary procedure pays at 100%, secondary at 50%, all subsequent at 25%.  Lesser of applies when negotiated rates exceed charges less addons.",5479,,,,,,,Case Rate,". MPL 100/50/25% maxmium of 3 procedures. All add ons apply, and lesser of 100% of billed charges",5479,,,,,,,Case Rate,". MPL 100/50/25% maxmium of 3 procedures. All add ons apply, and lesser of 100% of billed charges",,78,,,,,0,percent of total billed charges,78% of Billed Charges. Lesser of 100% of billed charges applies.; No services were performed during the 15 month look back period.,2338.8,,,,,,,Case Rate,"214 Percent of Medicaid APG. Drugs not priced under APG, billed with revenue code 636 and not priced by Medicare ASP FeeSched will be reimbursed at 20% of charges.",5479,,,,,,,Case Rate,". MPL 100/50/25% maxmium of 3 procedures. All add ons apply, and lesser of 100% of billed charges",1092.9,,,,,,,Case Rate,"100 Percent of Medicaid APG. ",1395.21,,,,,,,Case Rate,"100% Medicare OPPS FS. ",1395.21,,,,,,,Case Rate,"100% Medicare OPPS FS. ",1395.21,,,,,,,Case Rate,"100% Medicare OPPS FS. ",1395.21,,,,,,,Case Rate,"100% Medicare OPPS FS. ",1395.21,,,,,,,Case Rate,"100% Medicare OPPS FS. ",1395.21,,,,,,,Case Rate,"100% Medicare OPPS FS. ",5479,,,,,,,Case Rate,". MPL 100/50/25% maxmium of 3 procedures. All add ons apply, and lesser of 100% of billed charges",9761,,,,,,,Case Rate,". MPL 100/75/50% all add ons apply, and lesser of 100% of billed charges",1967.21,,,,,,,Fee Schedule,"180 Percent of Medicaid APG. ",1967.21,,,,,,,Fee Schedule,"180 Percent of Medicaid APG. ",1967.21,,,,,,,Fee Schedule,"180 Percent of Medicaid APG. ",1967.21,,,,,,,Fee Schedule,"180 Percent of Medicaid APG. ",1967.21,,,,,,,Fee Schedule,"180 Percent of Medicaid APG. ",,,,,,,,,"NA. ",9761,,,,,,,Case Rate,". MPL 100/75/50% all add ons apply, and lesser of 100% of billed charges",2762.51,,,,,,,Case Rate,198 Percent of Medicare OPPS. Metroplus will reimburse unlisted codes and described codes with no Medicare rate at 50 percent of charges.,2762.51,,,,,,,Case Rate,198 Percent of Medicare OPPS. Metroplus will reimburse unlisted codes and described codes with no Medicare rate at 50 percent of charges.,2762.51,,,,,,,Case Rate,198 Percent of Medicare OPPS. Metroplus will reimburse unlisted codes and described codes with no Medicare rate at 50 percent of charges.,2762.51,,,,,,,Case Rate,198 Percent of Medicare OPPS. Metroplus will reimburse unlisted codes and described codes with no Medicare rate at 50 percent of charges.,2762.51,,,,,,,Case Rate,198 Percent of Medicare OPPS. Metroplus will reimburse unlisted codes and described codes with no Medicare rate at 50 percent of charges.,1395.21,,,,,,,Case Rate,"100% Medicare OPPS FS. ",12574,,,,,,,Case Rate,". Primary procedure pays at 100%, all subsequent at 50%.",12574,,,,,,,Case Rate,". Primary procedure pays at 100%, all subsequent at 50%.",12574,,,,,,,Case Rate,". Primary procedure pays at 100%, all subsequent at 50%.",12574,,,,,,,Case Rate,". Primary procedure pays at 100%, all subsequent at 50%.",6733,,,,,,,Case Rate,". Primary procedure pays at 100%, secondary at 50%, all subsequent at 25%.  Lesser of applies when negotiated rates exceed charges less addons.",6733,,,,,,,Case Rate,". Primary procedure pays at 100%, secondary at 50%, all subsequent at 25%.  Lesser of applies when negotiated rates exceed charges less addons.",6733,,,,,,,Case Rate,". Primary procedure pays at 100%, secondary at 50%, all subsequent at 25%.  Lesser of applies when negotiated rates exceed charges less addons.",6733,,,,,,,Case Rate,". Primary procedure pays at 100%, secondary at 50%, all subsequent at 25%.  Lesser of applies when negotiated rates exceed charges less addons.",9761,,,,,,,Case Rate,". MPL 100/75/50% all add ons apply, and lesser of 100% of billed charges",9761,,,,,,,Case Rate,". MPL 100/75/50% all add ons apply, and lesser of 100% of billed charges",1395.21,,,,,,,Case Rate,"100% Medicare OPPS FS. ",1395.21,,,,,,,Case Rate,"100% Medicare OPPS FS. ",1395.21,,,,,,,Case Rate,"100% Medicare OPPS FS. ",7334,,,,,,,Case Rate,. All Add ons apply except drugs and lesser of 100% of billed charges.,7334,,,,,,,Case Rate,. All Add ons apply except drugs and lesser of 100% of billed charges.,7334,,,,,,,Case Rate,. All Add ons apply except drugs and lesser of 100% of billed charges.,9761,,,,,,,Case Rate,". MPL 100/75/50% all add ons apply, and lesser of 100% of billed charges",6733,,,,,,,Case Rate,". Primary procedure pays at 100%, secondary at 50%, all subsequent at 25%.  Lesser of applies when negotiated rates exceed charges less addons.",1395.21,,,,,,,Case Rate,"100% Medicare OPPS FS. ",7334,,,,,,,Case Rate,. All Add ons apply except drugs and lesser of 100% of billed charges.,1092.9,,,,,,,Case Rate,"100 Percent of Medicaid APG. ",1423.11,,,,,,,Case Rate,"102% of Medicare OPPS. ",1423.11,,,,,,,Case Rate,"102% of Medicare OPPS. ",1423.11,,,,,,,Case Rate,"102% of Medicare OPPS. ",1092.9,,,,,,,Case rate,"100 Percent of Medicaid APG. ",2459.02,,,,,,,Case Rate,225% of NYS APG. Lesser of 100% of billed charges applies.,2459.02,,,,,,,Case Rate,225% of NYS APG. Lesser of 100% of billed charges applies.,2459.02,,,,,,,Case Rate,225% of NYS APG. Lesser of 100% of billed charges applies.,2459.02,,,,,,,Case Rate,225% of NYS APG. Lesser of 100% of billed charges applies.,2459.02,,,,,,,Case Rate,225% of NYS APG. Lesser of 100% of billed charges applies.,1423.11,,,,,,,Case Rate,"102% of Medicare OPPS. ",1092.9,,,,,,,Case Rate,"100 Percent of Medicaid APG. ",574.79,,,,,,,Case Rate,100% of PAS. Lesser of 100% of billed charges applies.,2459.02,,,,,,,Case Rate,225% of NYS APG. Lesser of 100% of billed charges applies.,2459.02,,,,,,,Case Rate,225% of NYS APG. Lesser of 100% of billed charges applies.,574.79,,,,,,,Case Rate,100% of PAS. Lesser of 100% of billed charges applies.,574.79,,,,,,,Case Rate,100% of PAS. Lesser of 100% of billed charges applies.,1967.21,,,,,,,Fee Schedule,"180 Percent of Medicaid APG. ",1395.21,,,,,,,Case Rate,"100% Medicare OPPS FS. ",1395.21,,,,,,,Case Rate,"100% Medicare OPPS FS. ",6733,,,,,,,Case Rate,". Primary procedure pays at 100%, secondary at 50%, all subsequent at 25%.  Lesser of applies when negotiated rates exceed charges less addons.",1395.21,,,,,,,Case Rate,"100% Medicare OPPS FS. ",2459.02,,,,,,,Case Rate,"225 Percent of Medicaid APG. ",2459.02,,,,,,,Case Rate,"225 Percent of Medicaid APG. ",1092.9,,,,,,,Case rate,"100 Percent of Medicaid APG. ",1092.9,,,,,,,Case rate,"100 Percent of Medicaid APG. ",2459.02,,,,,,,Case Rate,225 Percent of Medicaid APG. Covered services not payable under Medicaid Fee Schedules default to a payment of 87.5 percent of charges.,1092.9,,,,,,,Case rate,124 Percent of Medicaid APG. Covered services not payable under Medicaid Fee Schedules default to a payment of 50 percent of charges.,2459.02,,,,,,,Case Rate,"100 Percent of Medicaid APG. ",2459.02,,,,,,,Case Rate,"100 Percent of Medicaid APG. ",2459.02,,,,,,,Case Rate,"100 Percent of Medicaid APG. ",2459.02,,,,,,,Case Rate,"100 Percent of Medicaid APG. ",13453,,,,,,,Case Rate,". MPL 100/75/50% all add ons apply, and lesser of 100% of billed charges",9761,,,,,,,Case Rate,". MPL 100/75/50% all add ons apply, and lesser of 100% of billed charges",1311.48,,,,,,,Case Rate,"120 Percent of Medicaid APG. Not APG payable, or payable under another fee schedule like ASP/AWP pays at 30% of charges",1311.48,,,,,,,Case Rate,"120 Percent of Medicaid APG. Not APG payable, or payable under another fee schedule like ASP/AWP pays at 30% of charges",1092.9,,,,,,,Case Rate,"100 Percent of Medicaid APG. Not APG payable, or payable under another fee schedule like ASP/AWP pays at 30% of charges",1092.9,,,,,,,Case Rate,"100 Percent of Medicaid APG. Not APG payable, or payable under another fee schedule like ASP/AWP pays at 30% of charges",7334,,,,,,,Case Rate,. All Add ons apply except drugs and lesser of 100% of billed charges.,7334,,,,,,,Case Rate,. All Add ons apply except drugs and lesser of 100% of billed charges.,1395.21,,,,,,,Case Rate,"100% Medicare OPPS FS. ",7334,,,,,,,Case Rate,. All Add ons apply except drugs and lesser of 100% of billed charges.,7334,,,,,,,Case Rate,. All Add ons apply except drugs and lesser of 100% of billed charges.,7334,,,,,,,Case Rate,. All Add ons apply except drugs and lesser of 100% of billed charges.,7334,,,,,,,Case Rate,. All Add ons apply except drugs and lesser of 100% of billed charges.,1395.21,,,,,,,Case Rate,"100% Medicare OPPS FS. ",7334,,,,,,,Case Rate,. All Add ons apply except drugs and lesser of 100% of billed charges.,7334,,,,,,,Case Rate,. All Add ons apply except drugs and lesser of 100% of billed charges.,6733,,,,,,,Case Rate,". Primary procedure pays at 100%, secondary at 50%, all subsequent at 25%.  Lesser of applies when negotiated rates exceed charges less addons.",1092.9,,,,,,,Fee Schedule,100% APG. Lesser of 100% of billed charges applies.,1092.9,,,,,,,Case rate,124 Percent of Medicaid APG. Covered services not payable under Medicaid Fee Schedules default to a payment of 50 percent of charges.,2459.02,,,,,,,Case Rate,225% of NYS APG. Lesser of 100% of billed charges applies.,2459.02,,,,,,,Case Rate,225 Percent of Medicaid APG. Covered services not payable under Medicaid Fee Schedules default to a payment of 87.5 percent of charges.,1092.9,,,,,,,Case rate,124 Percent of Medicaid APG. Covered services not payable under Medicaid Fee Schedules default to a payment of 50 percent of charges.,2459.02,,,,,,,Case Rate,225% of NYS APG. Lesser of 100% of billed charges applies.,2459.02,,,,,,,Case Rate,225% of NYS APG. Lesser of 100% of billed charges applies.,2459.02,,,,,,,Case Rate,225% of NYS APG. Lesser of 100% of billed charges applies.,2459.02,,,,,,,Case Rate,225% of NYS APG. Lesser of 100% of billed charges applies.,2459.02,,,,,,,Case Rate,225% of NYS APG. Lesser of 100% of billed charges applies.,2459.02,,,,,,,Case Rate,225% of NYS APG. Lesser of 100% of billed charges applies.,,,,,,,,,"NA. ",,,,,,,,,"NA. ",,,,,,,,,"NA. ",5479,,,,,,,Case Rate,". MPL 100/50/25% maxmium of 3 procedures. All add ons apply, and lesser of 100% of billed charges",,,,,,,,,"NA. ",1395.21,,,,,,,Case Rate,"100% Medicare OPPS FS. ",3681,,,,,,,Case Rate,". MPL 1st 100% of Payment Rate 50% of all others, all add ons apply, and lesser of 100% of billed charges.",1395.21,,,,,,,Case Rate,"100% Medicare OPPS FS. ",1395.21,,,,,,,Case Rate,"100% Medicare OPPS FS. ",1311.48,,,,,,,Case Rate,"120 Percent of Medicaid APG. Not APG payable, or payable under another fee schedule like ASP/AWP pays at 30% of charges",1311.48,,,,,,,Case Rate,"120 Percent of Medicaid APG. Not APG payable, or payable under another fee schedule like ASP/AWP pays at 30% of charges",1092.9,,,,,,,Case Rate,"100 Percent of Medicaid APG. Not APG payable, or payable under another fee schedule like ASP/AWP pays at 30% of charges",1092.9,,,,,,,Case Rate,"100 Percent of Medicaid APG. Not APG payable, or payable under another fee schedule like ASP/AWP pays at 30% of charges",1092.9,,,,,,,Case Rate,"100 Percent of Medicaid APG. ",7163,,,,,,,Case Rate,". ",6733,,,,,,,Case Rate,". Primary procedure pays at 100%, secondary at 50%, all subsequent at 25%.  Lesser of applies when negotiated rates exceed charges less addons.",8427,,,,,,,Case Rate,". Primary procedure pays at 100%, all subsequent at 50%.",5479,,,,,,,Case Rate,". MPL 100/50/25% maxmium of 3 procedures. All add ons apply, and lesser of 100% of billed charges",1395.21,,,,,,,Case Rate,"100%Medicare OPPS FS. ",1395.21,,,,,,,Case Rate,"100% Medicare OPPS FS. ",1395.21,,,,,,,Case Rate,"100% Medicare OPPS FS. ",1395.21,,,,,,,Case Rate,"100% Medicare OPPS FS. ",1395.21,,,,,,,Case Rate,"100%Medicare OPPS FS. ",1395.21,,,,,,,Case Rate,"100% Medicare OPPS FS. ",,,,,,,,,"NA. ",2459.02,,,,,,,Case Rate,225% of NYS APG. Lesser of 100% of billed charges applies.,574.79,,,,,,,Case Rate,100% of PAS. Lesser of 100% of billed charges applies.,7334,,,,,,,Case Rate,. All Add ons apply except drugs and lesser of 100% of billed charges.,7163,,,,,,,Case Rate,". ",7163,,,,,,,Case Rate,". ",7163,,,,,,,Case Rate,". ",7163,,,,,,,Case Rate,". ",1395.21,,,,,,,Case Rate,"100% Medicare OPPS FS. ",1092.9,,,,,,,Case Rate,"100 Percent of Medicaid APG. ",7334,,,,,,,Case Rate,. All Add ons apply except drugs and lesser of 100% of billed charges.,1092.9,,,,,,,Case Rate,"100 Percent of Medicaid APG. ",1395.21,,,,,,,Case Rate,"100% Medicare OPPS FS. ",1092.9,,,,,,,Case Rate,"100 Percent of Medicaid APG. ",1395.21,,,,,,,Case Rate,"100% Medicare OPPS FS. ",1395.21,,,,,,,Case Rate,"100% Medicare OPPS FS. ",1092.9,,,,,,,Case Rate,"100 Percent of Medicaid APG. ",1092.9,,,,,,,Case Rate,"100 Percent of Medicaid APG. ",7163,,,,,,,Case Rate,". ",5479,,,,,,,Case Rate,". MPL 100/50/25% maxmium of 3 procedures. All add ons apply, and lesser of 100% of billed charges",,78,,,,,0,percent of total billed charges,78% of Billed Charges. Lesser of 100% of billed charges applies.; No services were performed during the 15 month look back period.,8165.03,,,,,,,Case Rate,". MPL 100/50/25% all add ons apply, and lesser of 100% of billed charges",8165.03,,,,,,,Case Rate,". MPL 100/50/25% all add ons apply, and lesser of 100% of billed charges",6733,,,,,,,Case Rate,". Primary procedure pays at 100%, secondary at 50%, all subsequent at 25%.  Lesser of applies when negotiated rates exceed charges less addons.",1395.21,,,,,,,Case Rate,"83% HF Fee schedule. ",12574,,,,,,,Case Rate,". Primary procedure pays at 100%, all subsequent at 50%.",12574,,,,,,,Case Rate,". Primary procedure pays at 100%, all subsequent at 50%.",5867,,,,,,,Case Rate,. All Add ons apply except drugs and lesser of 100% of billed charges.,5867,,,,,,,Case Rate,. All Add ons apply except drugs and lesser of 100% of billed charges.,1395.21,,,,,,,Case Rate,"100% Medicare OPPS FS. ",1395.21,,,,,,,Case Rate,"100% Medicare OPPS FS. ",1395.21,,,,,,,Case Rate,"100% Medicare OPPS FS. ",1395.21,,,,,,,Case Rate,"100% Medicare OPPS FS. ",8165.03,,,,,,,Case Rate,". MPL 100/50/25% all add ons apply, and lesser of 100% of billed charges",7334,,,,,,,Case Rate,. All Add ons apply except drugs and lesser of 100% of billed charges.,7334,,,,,,,Case Rate,. All Add ons apply except drugs and lesser of 100% of billed charges.,1395.21,,,,,,,Case Rate,"100% Medicare OPPS FS. ",5867,,,,,,,Case Rate,. All Add ons apply except drugs and lesser of 100% of billed charges.,8427,,,,,,,Case Rate,". Primary procedure pays at 100%, all subsequent at 50%.",1311.48,,,,,,,Fee Schedule,"120 Percent of Medicaid APG. ",1092.9,,,,,,,Case Rate,"100 Percent of Medicaid APG. ",7163,,,,,,,Case Rate,". ",6601,,,,,,,Case Rate,. All Add ons apply except drugs and lesser of 100% of billed charges.,6601,,,,,,,Case Rate,. All Add ons apply except drugs and lesser of 100% of billed charges.,7334,,,,,,,Case Rate,. All Add ons apply except drugs and lesser of 100% of billed charges.,6726,,,,,,,Case Rate,". MPL 100/75/50% all add ons apply, and lesser of 100% of billed charges",1395.21,,,,,,,Case Rate,"100%Medicare OPPS FS. ",1147.54,,,,,,,Fee Schedule,105 percent of Medicaid APG. otherwise 105% of Ordered NYS MCD FS or 105% of ASP+6%,1147.54,,,,,,,Fee Schedule,105 percent of Medicaid APG. otherwise 105% of Ordered NYS MCD FS or 105% of ASP+6%,1147.54,,,,,,,Fee Schedule,105 percent of Medicaid APG. otherwise 105% of Ordered NYS MCD FS or 105% of ASP+6%,1475.41,,,,,,,Fee Schedule,135 percent of Medicaid APG. otherwise 135% of Ordered NYS MCD FS or 135% of ASP+6%,8165.03,,,,,,,Case Rate,". MPL 100/50/25% all add ons apply, and lesser of 100% of billed charges",1147.54,,,,,,,Fee Schedule,105 percent of Medicaid APG. otherwise 105% of Ordered NYS MCD FS or 105% of ASP+6%,1147.54,,,,,,,Fee Schedule,105 percent of Medicaid APG. otherwise 105% of Ordered NYS MCD FS or 105% of ASP+6%,1147.54,,,,,,,Fee Schedule,105 percent of Medicaid APG. otherwise 105% of Ordered NYS MCD FS or 105% of ASP+6%,1147.54,,,,,,,Fee Schedule,105 percent of Medicaid APG. otherwise 105% of Ordered NYS MCD FS or 105% of ASP+6%,1147.54,,,,,,,Fee Schedule,105 percent of Medicaid APG. otherwise 105% of Ordered NYS MCD FS or 105% of ASP+6%,1475.41,,,,,,,Fee Schedule,135 percent of Medicaid APG. otherwise 135% of Ordered NYS MCD FS or 135% of ASP+6%,1475.41,,,,,,,Fee Schedule,135 percent of Medicaid APG. otherwise 135% of Ordered NYS MCD FS or 135% of ASP+6%,1395.21,,,,,,,Case Rate,"100% Medicare OPPS FS. ",8165.03,,,,,,,Case Rate,". MPL 100/50/25% all add ons apply, and lesser of 100% of billed charges",1395.21,,,,,,,Case Rate,"100% Medicare OPPS FS. ",1147.54,,,,,,,Fee Schedule,105 percent of Medicaid APG. otherwise 105% of Ordered NYS MCD FS or 105% of ASP+6%,7334,,,,,,,Case Rate,. All Add ons apply except drugs and lesser of 100% of billed charges.,1395.21,,,,,,,Case Rate,"100% Medicare OPPS FS. ",7334,,,,,,,Case Rate,. All Add ons apply except drugs and lesser of 100% of billed charges.,7334,,,,,,,Case Rate,. All Add ons apply except drugs and lesser of 100% of billed charges.,7334,,,,,,,Case Rate,. All Add ons apply except drugs and lesser of 100% of billed charges.,1147.54,,,,,,,Fee Schedule,105 percent of Medicaid APG. otherwise 105% of Ordered NYS MCD FS or 105% of ASP+6%,1395.21,,,,,,,Case Rate,"100% Medicare OPPS FS. ",7334,,,,,,,Case Rate,. All Add ons apply except drugs and lesser of 100% of billed charges.,1475.41,,,,,,,Fee Schedule,135 percent of Medicaid APG. otherwise 135% of Ordered NYS MCD FS or 135% of ASP+6%,7334,,,,,,,Case Rate,. All Add ons apply except drugs and lesser of 100% of billed charges.,,200,,,,,0,Case Rate,200% of Medicare OPPS. ; No services were performed during the 15 month look back period.,1395.21,,,,,,,Case Rate,"100%Medicare OPPS FS. ",7163,,,,,,,Case Rate,". ",7163,,,,,,,Case Rate,". ",7163,,,,,,,Case Rate,". ",7163,,,,,,,Case Rate,". ",7163,,,,,,,Case Rate,". ",8427,,,,,,,Case Rate,". Primary procedure pays at 100%, all subsequent at 50%.",8427,,,,,,,Case Rate,". Primary procedure pays at 100%, all subsequent at 50%.",7163,,,,,,,Case Rate,". ",7163,,,,,,,Case Rate,". ",7163,,,,,,,Case Rate,". ",7163,,,,,,,Case Rate,". ",7163,,,,,,,Case Rate,". ",1395.21,,,,,,,Case Rate,"100% Medicare OPPS FS. ",8427,,,,,,,Case Rate,". Primary procedure pays at 100%, all subsequent at 50%.",1395.21,,,,,,,Case Rate,"100% Medicare OPPS FS. ",2459.02,,,,,,,Case Rate,"225 Percent of Medicaid APG. If not included in Medicaid APG, then 100 Percent of Manhattan Medicare",1092.9,,,,,,,Case Rate,"100 Percent of Medicaid APG. ",8165.03,,,,,,,Case Rate,". MPL 100/50/25% all add ons apply, and lesser of 100% of billed charges",8165.03,,,,,,,Case Rate,". MPL 100/50/25% all add ons apply, and lesser of 100% of billed charges",1395.21,,,,,,,Case Rate,"100% Medicare OPPS FS. ",12574,,,,,,,Case Rate,". Primary procedure pays at 100%, all subsequent at 50%.",1395.21,,,,,,,Case Rate,"100% Medicare OPPS FS. ",1395.21,,,,,,,Case Rate,"100% Medicare OPPS FS. ",6733,,,,,,,Case Rate,". Primary procedure pays at 100%, secondary at 50%, all subsequent at 25%.  Lesser of applies when negotiated rates exceed charges less addons.",1395.21,,,,,,,Case Rate,"100% Medicare OPPS FS. ",5479,,,,,,,Case Rate,". MPL 100/50/25% maxmium of 3 procedures. All add ons apply, and lesser of 100% of billed charges",1395.21,,,,,,,Case Rate,"100% Medicare OPPS FS. ",5479,,,,,,,Case Rate,". MPL 100/50/25% maxmium of 3 procedures. All add ons apply, and lesser of 100% of billed charges",6733,,,,,,,Case Rate,". Primary procedure pays at 100%, secondary at 50%, all subsequent at 25%.  Lesser of applies when negotiated rates exceed charges less addons.",5479,,,,,,,Case Rate,". MPL 100/50/25% maxmium of 3 procedures. All add ons apply, and lesser of 100% of billed charges",1395.21,,,,,,,Case Rate,"100% Medicare OPPS FS. ",1092.9,,,,,,,Case Rate,"100 Percent of Medicaid APG. ",1395.21,,,,,,,Case Rate,"100% Medicare OPPS FS. ",5479,,,,,,,Case Rate,". MPL 100/50/25% maxmium of 3 procedures. All add ons apply, and lesser of 100% of billed charges",8165.03,,,,,,,Case Rate,". MPL 100/50/25% all add ons apply, and lesser of 100% of billed charges",1092.9,,,,,,,Case Rate,"100 Percent of Medicaid APG. ",7334,,,,,,,Case Rate,. All Add ons apply except drugs and lesser of 100% of billed charges.,1311.48,,,,,,,Fee Schedule,"120 Percent of Medicaid APG. ",1311.48,,,,,,,Fee Schedule,"120 Percent of Medicaid APG. ",7334,,,,,,,Case Rate,. All Add ons apply except drugs and lesser of 100% of billed charges.,7334,,,,,,,Case Rate,. All Add ons apply except drugs and lesser of 100% of billed charges.,7334,,,,,,,Case Rate,. All Add ons apply except drugs and lesser of 100% of billed charges.,8165.03,,,,,,,Case Rate,". MPL 100/50/25% all add ons apply, and lesser of 100% of billed charges",7334,,,,,,,Case Rate,. All Add ons apply except drugs and lesser of 100% of billed charges.,7334,,,,,,,Case Rate,. All Add ons apply except drugs and lesser of 100% of billed charges.,7334,,,,,,,Case Rate,. All Add ons apply except drugs and lesser of 100% of billed charges.,7163,,,,,,,Case Rate,". ",7163,,,,,,,Case Rate,". ",2762.51,,,,,,,Case Rate,198 Percent of Medicare OPPS. Metroplus will reimburse unlisted codes and described codes with no Medicare rate at 50 percent of charges.,1092.9,,,,,,,Case Rate,"100 Percent of Medicaid APG. ",8165.03,,,,,,,Case Rate,". MPL 100/50/25% all add ons apply, and lesser of 100% of billed charges",5479,,,,,,,Case Rate,". MPL 100/50/25% maxmium of 3 procedures. All add ons apply, and lesser of 100% of billed charges",6733,,,,,,,Case Rate,". Primary procedure pays at 100%, secondary at 50%, all subsequent at 25%.  Lesser of applies when negotiated rates exceed charges less addons.",8165.03,,,,,,,Case Rate,". MPL 100/50/25% all add ons apply, and lesser of 100% of billed charges",6733,,,,,,,Case Rate,". Primary procedure pays at 100%, secondary at 50%, all subsequent at 25%.  Lesser of applies when negotiated rates exceed charges less addons.",8165.03,,,,,,,Case Rate,". MPL 100/50/25% all add ons apply, and lesser of 100% of billed charges",7334,,,,,,,Case Rate,. All Add ons apply except drugs and lesser of 100% of billed charges.,7334,,,,,,,Case Rate,. All Add ons apply except drugs and lesser of 100% of billed charges.,7334,,,,,,,Case Rate,. All Add ons apply except drugs and lesser of 100% of billed charges.,7334,,,,,,,Case Rate,. All Add ons apply except drugs and lesser of 100% of billed charges.,1395.21,,,,,,,Case Rate,"100% Medicare OPPS FS. ",574.79,13453,
45560,CPT,,,490,RC,REPAIR OF RECTOCELE,,,both,,,,5941,,,,,,,Case Rate,". MPL 1st 100% of Payment Rate 50% of all others, all add ons apply, and lesser of 100% of billed charges.",5941,,,,,,,Case Rate,". MPL 1st 100% of Payment Rate 50% of all others, all add ons apply, and lesser of 100% of billed charges.",8442,,,,,,,Case Rate,". Primary procedure pays at 100%, secondary at 50%, all subsequent at 25%.  Lesser of applies when negotiated rates exceed charges less addons.",,100,,,,,0,percent of total billed charges,100 percent of billed charges. ; No services were performed during the 15 month look back period.,3245.07,,,,,,,Case Rate,"100% Medicare OPPS FS. ",8442,,,,,,,Case Rate,". Primary procedure pays at 100%, secondary at 50%, all subsequent at 25%.  Lesser of applies when negotiated rates exceed charges less addons.",8442,,,,,,,Case Rate,". Primary procedure pays at 100%, secondary at 50%, all subsequent at 25%.  Lesser of applies when negotiated rates exceed charges less addons.",8442,,,,,,,Case Rate,". Primary procedure pays at 100%, secondary at 50%, all subsequent at 25%.  Lesser of applies when negotiated rates exceed charges less addons.",2463.75,,,,,,,Case Rate,"100 Percent of Medicaid APG. ",2053.12,,,,,,,Case Rate,"100 Percent of Medicaid APG. ",,78,,,,,0,percent of total billed charges,78% of Billed Charges. Lesser of 100% of billed charges applies.; No services were performed during the 15 month look back period.,10978.39,,,,,,,Case Rate,". MPL 100/50/25% all add ons apply, and lesser of 100% of billed charges",2053.12,,,,,,,Case Rate,"100 Percent of Medicaid APG. ",3245.07,,,,,,,Case Rate,"100% Medicare OPPS FS. ",6487,,,,,,,Case Rate,". MPL 100/50/25% maxmium of 3 procedures. All add ons apply, and lesser of 100% of billed charges",6487,,,,,,,Case Rate,". MPL 100/50/25% maxmium of 3 procedures. All add ons apply, and lesser of 100% of billed charges",6487,,,,,,,Case Rate,". MPL 100/50/25% maxmium of 3 procedures. All add ons apply, and lesser of 100% of billed charges",6487,,,,,,,Case Rate,". MPL 100/50/25% maxmium of 3 procedures. All add ons apply, and lesser of 100% of billed charges",2053.12,,,,,,,Case rate,124 Percent of Medicaid APG. Covered services not payable under Medicaid Fee Schedules default to a payment of 50 percent of charges.,3245.07,,,,,,,Case Rate,"100% Medicare OPPS FS. ",2053.12,,,,,,,Case rate,124 Percent of Medicaid APG. Covered services not payable under Medicaid Fee Schedules default to a payment of 50 percent of charges.,,78,,,,,0,percent of total billed charges,78% of Billed Charges. Lesser of 100% of billed charges applies.; No services were performed during the 15 month look back period.,8442,,,,,,,Case Rate,". Primary procedure pays at 100%, secondary at 50%, all subsequent at 25%.  Lesser of applies when negotiated rates exceed charges less addons.",3245.07,,,,,,,Case Rate,"100%Medicare OPPS FS. ",8427,,,,,,,Case Rate,". Primary procedure pays at 100%, all subsequent at 50%.",3245.07,,,,,,,Case Rate,"100%Medicare OPPS FS. ",3245.07,,,,,,,Case Rate,"100%Medicare OPPS FS. ",,78,,,,,0,percent of total billed charges,78% of Billed Charges. Lesser of 100% of billed charges applies.; No services were performed during the 15 month look back period.,1297.94,,,,,,,Case Rate,100% of PAS. Lesser of 100% of billed charges applies.,1297.94,,,,,,,Case Rate,100% of PAS. Lesser of 100% of billed charges applies.,2053.12,,,,,,,Case rate,"100 Percent of Medicaid APG. ",2053.12,,,,,,,Case rate,"100 Percent of Medicaid APG. ",8427,,,,,,,Case Rate,". Primary procedure pays at 100%, all subsequent at 50%.",8427,,,,,,,Case Rate,". Primary procedure pays at 100%, all subsequent at 50%.",2053.12,,,,,,,Case Rate,"100 Percent of Medicaid APG. Not APG payable, or payable under another fee schedule like ASP/AWP pays at 30% of charges",8427,,,,,,,Case Rate,". Primary procedure pays at 100%, all subsequent at 50%.",2053.12,,,,,,,Case Rate,"100 Percent of Medicaid APG. Not APG payable, or payable under another fee schedule like ASP/AWP pays at 30% of charges",3245.07,,,,,,,Case Rate,"100%Medicare OPPS FS. ",8427,,,,,,,Case Rate,". Primary procedure pays at 100%, all subsequent at 50%.",,78,,,,,0,percent of total billed charges,78% of Billed Charges. Lesser of 100% of billed charges applies.; No services were performed during the 15 month look back period.,2053.12,,,,,,,Case Rate,"100 Percent of Medicaid APG. ",2053.12,,,,,,,Case Rate,"100 Percent of Medicaid APG. ",,78,,,,,0,percent of total billed charges,78% of Billed Charges. Lesser of 100% of billed charges applies.; No services were performed during the 15 month look back period.,6487,,,,,,,Case Rate,". MPL 100/50/25% maxmium of 3 procedures. All add ons apply, and lesser of 100% of billed charges",9645,,,,,,,Case Rate,". MPL 100/50/25% all add ons apply, and lesser of 100% of billed charges",9645,,,,,,,Case Rate,". MPL 100/50/25% all add ons apply, and lesser of 100% of billed charges",,78,,,,,0,percent of total billed charges,78% of Billed Charges. Lesser of 100% of billed charges applies.; No services were performed during the 15 month look back period.,3245.07,,,,,,,Case Rate,"100% Medicare OPPS FS. ",10978.39,,,,,,,Case Rate,". MPL 100/50/25% all add ons apply, and lesser of 100% of billed charges",10978.39,,,,,,,Case Rate,". MPL 100/50/25% all add ons apply, and lesser of 100% of billed charges",10978.39,,,,,,,Case Rate,". MPL 100/50/25% all add ons apply, and lesser of 100% of billed charges",3245.07,,,,,,,Case Rate,"100% Medicare OPPS FS. ",10978.39,,,,,,,Case Rate,". MPL 100/50/25% all add ons apply, and lesser of 100% of billed charges",10978.39,,,,,,,Case Rate,". MPL 100/50/25% all add ons apply, and lesser of 100% of billed charges",3245.07,,,,,,,Case Rate,"100% of Medicare OPPS. ",25798,,,,,,,Case Rate,". MPL 100/75/50% all add ons apply, and lesser of 100% of billed charges",10351,,,,,,,Case Rate,". MPL 100/50/25% all add ons apply, and lesser of 100% of billed charges",10351,,,,,,,Case Rate,". MPL 100/50/25% all add ons apply, and lesser of 100% of billed charges",10351,,,,,,,Case Rate,". MPL 100/50/25% all add ons apply, and lesser of 100% of billed charges",10351,,,,,,,Case Rate,". MPL 100/50/25% all add ons apply, and lesser of 100% of billed charges",10351,,,,,,,Case Rate,". MPL 100/50/25% all add ons apply, and lesser of 100% of billed charges",10351,,,,,,,Case Rate,". MPL 100/50/25% all add ons apply, and lesser of 100% of billed charges",3245.07,,,,,,,Case Rate,"100% Medicare OPPS FS. ",3245.07,,,,,,,Case Rate,"100% Medicare OPPS FS. ",10351,,,,,,,Case Rate,". MPL 100/50/25% all add ons apply, and lesser of 100% of billed charges",,78,,,,,0,percent of total billed charges,78% of Billed Charges. Lesser of 100% of billed charges applies.; No services were performed during the 15 month look back period.,,78,,,,,0,percent of total billed charges,78% of Billed Charges. Lesser of 100% of billed charges applies.; No services were performed during the 15 month look back period.,,78,,,,,0,percent of total billed charges,78% of Billed Charges. Lesser of 100% of billed charges applies.; No services were performed during the 15 month look back period.,,78,,,,,0,percent of total billed charges,78% of Billed Charges. Lesser of 100% of billed charges applies.; No services were performed during the 15 month look back period.,,78,,,,,0,percent of total billed charges,78% of Billed Charges. Lesser of 100% of billed charges applies.; No services were performed during the 15 month look back period.,,78,,,,,0,percent of total billed charges,78% of Billed Charges. Lesser of 100% of billed charges applies.; No services were performed during the 15 month look back period.,,78,,,,,0,percent of total billed charges,78% of Billed Charges. Lesser of 100% of billed charges applies.; No services were performed during the 15 month look back period.,,78,,,,,0,percent of total billed charges,78% of Billed Charges. Lesser of 100% of billed charges applies.; No services were performed during the 15 month look back period.,,78,,,,,0,percent of total billed charges,78% of Billed Charges. Lesser of 100% of billed charges applies.; No services were performed during the 15 month look back period.,,78,,,,,0,percent of total billed charges,78% of Billed Charges. Lesser of 100% of billed charges applies.; No services were performed during the 15 month look back period.,,78,,,,,0,percent of total billed charges,78% of Billed Charges. Lesser of 100% of billed charges applies.; No services were performed during the 15 month look back period.,,78,,,,,0,percent of total billed charges,78% of Billed Charges. Lesser of 100% of billed charges applies.; No services were performed during the 15 month look back period.,,78,,,,,0,percent of total billed charges,78% of Billed Charges. Lesser of 100% of billed charges applies.; No services were performed during the 15 month look back period.,,78,,,,,0,percent of total billed charges,78% of Billed Charges. Lesser of 100% of billed charges applies.; No services were performed during the 15 month look back period.,,78,,,,,0,percent of total billed charges,78% of Billed Charges. Lesser of 100% of billed charges applies.; No services were performed during the 15 month look back period.,,78,,,,,0,percent of total billed charges,78% of Billed Charges. Lesser of 100% of billed charges applies.; No services were performed during the 15 month look back period.,,78,,,,,0,percent of total billed charges,78% of Billed Charges. Lesser of 100% of billed charges applies.; No services were performed during the 15 month look back period.,,78,,,,,0,percent of total billed charges,78% of Billed Charges. Lesser of 100% of billed charges applies.; No services were performed during the 15 month look back period.,,78,,,,,0,percent of total billed charges,78% of Billed Charges. Lesser of 100% of billed charges applies.; No services were performed during the 15 month look back period.,,78,,,,,0,percent of total billed charges,78% of Billed Charges. Lesser of 100% of billed charges applies.; No services were performed during the 15 month look back period.,,78,,,,,0,percent of total billed charges,78% of Billed Charges. Lesser of 100% of billed charges applies.; No services were performed during the 15 month look back period.,,78,,,,,0,percent of total billed charges,78% of Billed Charges. Lesser of 100% of billed charges applies.; No services were performed during the 15 month look back period.,,78,,,,,0,percent of total billed charges,78% of Billed Charges. Lesser of 100% of billed charges applies.; No services were performed during the 15 month look back period.,,78,,,,,0,percent of total billed charges,78% of Billed Charges. Lesser of 100% of billed charges applies.; No services were performed during the 15 month look back period.,,78,,,,,0,percent of total billed charges,78% of Billed Charges. Lesser of 100% of billed charges applies.; No services were performed during the 15 month look back period.,,78,,,,,0,percent of total billed charges,78% of Billed Charges. Lesser of 100% of billed charges applies.; No services were performed during the 15 month look back period.,8427,,,,,,,Case Rate,". Primary procedure pays at 100%, all subsequent at 50%.",8427,,,,,,,Case Rate,". Primary procedure pays at 100%, all subsequent at 50%.",8427,,,,,,,Case Rate,". Primary procedure pays at 100%, all subsequent at 50%.",8427,,,,,,,Case Rate,". Primary procedure pays at 100%, all subsequent at 50%.",12574,,,,,,,Case Rate,". Primary procedure pays at 100%, all subsequent at 50%.",12574,,,,,,,Case Rate,". Primary procedure pays at 100%, all subsequent at 50%.",6487,,,,,,,Case Rate,". MPL 100/50/25% maxmium of 3 procedures. All add ons apply, and lesser of 100% of billed charges",10351,,,,,,,Case Rate,". MPL 100/50/25% all add ons apply, and lesser of 100% of billed charges",10978.39,,,,,,,Case Rate,". MPL 100/50/25% all add ons apply, and lesser of 100% of billed charges",10351,,,,,,,Case Rate,". MPL 100/50/25% all add ons apply, and lesser of 100% of billed charges",,78,,,,,0,percent of total billed charges,78% of Billed Charges. Lesser of 100% of billed charges applies.; No services were performed during the 15 month look back period.,12574,,,,,,,Case Rate,". Primary procedure pays at 100%, all subsequent at 50%.",10351,,,,,,,Case Rate,". MPL 100/50/25% all add ons apply, and lesser of 100% of billed charges",10978.39,,,,,,,Case Rate,". MPL 100/50/25% all add ons apply, and lesser of 100% of billed charges",6487,,,,,,,Case Rate,". MPL 100/50/25% maxmium of 3 procedures. All add ons apply, and lesser of 100% of billed charges",,,,,,,,,"NA. ",,78,,,,,0,percent of total billed charges,78% of Billed Charges. Lesser of 100% of billed charges applies.; No services were performed during the 15 month look back period.,2053.12,,,,,,,Case Rate,"100 Percent of Medicaid APG. ",8427,,,,,,,Case Rate,". Primary procedure pays at 100%, all subsequent at 50%.",2053.12,,,,,,,Case Rate,"100 Percent of Medicaid APG. Not APG payable, or payable under another fee schedule like ASP/AWP pays at 30% of charges",3245.07,,,,,,,Case Rate,"100%Medicare OPPS FS. ",3245.07,,,,,,,Case Rate,"100% Medicare OPPS FS. ",25798,,,,,,,Case Rate,". MPL 100/75/50% all add ons apply, and lesser of 100% of billed charges",3245.07,,,,,,,Case Rate,"100% Medicare OPPS FS. ",3245.07,,,,,,,Case Rate,"100% Medicare OPPS FS. ",2053.12,,,,,,,Case Rate,"100 Percent of Medicaid APG. ",3245.07,,,,,,,Case Rate,"100% Medicare OPPS FS. ",3245.07,,,,,,,Case Rate,"100% Medicare OPPS FS. ",8442,,,,,,,Case Rate,". Primary procedure pays at 100%, secondary at 50%, all subsequent at 25%.  Lesser of applies when negotiated rates exceed charges less addons.",8442,,,,,,,Case Rate,". Primary procedure pays at 100%, secondary at 50%, all subsequent at 25%.  Lesser of applies when negotiated rates exceed charges less addons.",3245.07,,,,,,,Case Rate,"100% Medicare OPPS FS. ",6487,,,,,,,Case Rate,". MPL 100/50/25% maxmium of 3 procedures. All add ons apply, and lesser of 100% of billed charges",10978.39,,,,,,,Case Rate,". MPL 100/50/25% all add ons apply, and lesser of 100% of billed charges",10978.39,,,,,,,Case Rate,". MPL 100/50/25% all add ons apply, and lesser of 100% of billed charges",3245.07,,,,,,,Case Rate,"100% Medicare OPPS FS. ",6487,,,,,,,Case Rate,". MPL 100/50/25% maxmium of 3 procedures. All add ons apply, and lesser of 100% of billed charges",8442,,,,,,,Case Rate,". Primary procedure pays at 100%, secondary at 50%, all subsequent at 25%.  Lesser of applies when negotiated rates exceed charges less addons.",8442,,,,,,,Case Rate,". Primary procedure pays at 100%, secondary at 50%, all subsequent at 25%.  Lesser of applies when negotiated rates exceed charges less addons.",8442,,,,,,,Case Rate,". Primary procedure pays at 100%, secondary at 50%, all subsequent at 25%.  Lesser of applies when negotiated rates exceed charges less addons.",,78,,,,,0,percent of total billed charges,78% of Billed Charges. Lesser of 100% of billed charges applies.; No services were performed during the 15 month look back period.,,78,,,,,0,percent of total billed charges,78% of Billed Charges. Lesser of 100% of billed charges applies.; No services were performed during the 15 month look back period.,,78,,,,,0,percent of total billed charges,78% of Billed Charges. Lesser of 100% of billed charges applies.; No services were performed during the 15 month look back period.,,78,,,,,0,percent of total billed charges,78% of Billed Charges. Lesser of 100% of billed charges applies.; No services were performed during the 15 month look back period.,,78,,,,,0,percent of total billed charges,78% of Billed Charges. Lesser of 100% of billed charges applies.; No services were performed during the 15 month look back period.,,78,,,,,0,percent of total billed charges,78% of Billed Charges. Lesser of 100% of billed charges applies.; No services were performed during the 15 month look back period.,,78,,,,,0,percent of total billed charges,78% of Billed Charges. Lesser of 100% of billed charges applies.; No services were performed during the 15 month look back period.,,78,,,,,0,percent of total billed charges,78% of Billed Charges. Lesser of 100% of billed charges applies.; No services were performed during the 15 month look back period.,,78,,,,,0,percent of total billed charges,78% of Billed Charges. Lesser of 100% of billed charges applies.; No services were performed during the 15 month look back period.,,78,,,,,0,percent of total billed charges,78% of Billed Charges. Lesser of 100% of billed charges applies.; No services were performed during the 15 month look back period.,,78,,,,,0,percent of total billed charges,78% of Billed Charges. Lesser of 100% of billed charges applies.; No services were performed during the 15 month look back period.,12574,,,,,,,Case Rate,". Primary procedure pays at 100%, all subsequent at 50%.",10351,,,,,,,Case Rate,". MPL 100/50/25% all add ons apply, and lesser of 100% of billed charges",6487,,,,,,,Case Rate,". MPL 100/50/25% maxmium of 3 procedures. All add ons apply, and lesser of 100% of billed charges",3245.07,,,,,,,Case Rate,"100% Medicare OPPS FS. ",8442,,,,,,,Case Rate,". Primary procedure pays at 100%, secondary at 50%, all subsequent at 25%.  Lesser of applies when negotiated rates exceed charges less addons.",6487,,,,,,,Case Rate,". MPL 100/50/25% maxmium of 3 procedures. All add ons apply, and lesser of 100% of billed charges",6487,,,,,,,Case Rate,". MPL 100/50/25% maxmium of 3 procedures. All add ons apply, and lesser of 100% of billed charges",,78,,,,,0,percent of total billed charges,78% of Billed Charges. Lesser of 100% of billed charges applies.; No services were performed during the 15 month look back period.,4393.68,,,,,,,Case Rate,"214 Percent of Medicaid APG. Drugs not priced under APG, billed with revenue code 636 and not priced by Medicare ASP FeeSched will be reimbursed at 20% of charges.",6487,,,,,,,Case Rate,". MPL 100/50/25% maxmium of 3 procedures. All add ons apply, and lesser of 100% of billed charges",2053.12,,,,,,,Case Rate,"100 Percent of Medicaid APG. ",3245.07,,,,,,,Case Rate,"100% Medicare OPPS FS. ",3245.07,,,,,,,Case Rate,"100% Medicare OPPS FS. ",3245.07,,,,,,,Case Rate,"100% Medicare OPPS FS. ",3245.07,,,,,,,Case Rate,"100% Medicare OPPS FS. ",3245.07,,,,,,,Case Rate,"100% Medicare OPPS FS. ",3245.07,,,,,,,Case Rate,"100% Medicare OPPS FS. ",6487,,,,,,,Case Rate,". MPL 100/50/25% maxmium of 3 procedures. All add ons apply, and lesser of 100% of billed charges",25798,,,,,,,Case Rate,". MPL 100/75/50% all add ons apply, and lesser of 100% of billed charges",3695.62,,,,,,,Fee Schedule,"180 Percent of Medicaid APG. ",3695.62,,,,,,,Fee Schedule,"180 Percent of Medicaid APG. ",3695.62,,,,,,,Fee Schedule,"180 Percent of Medicaid APG. ",3695.62,,,,,,,Fee Schedule,"180 Percent of Medicaid APG. ",3695.62,,,,,,,Fee Schedule,"180 Percent of Medicaid APG. ",,,,,,,,,"NA. ",25798,,,,,,,Case Rate,". MPL 100/75/50% all add ons apply, and lesser of 100% of billed charges",6425.24,,,,,,,Case Rate,198 Percent of Medicare OPPS. Metroplus will reimburse unlisted codes and described codes with no Medicare rate at 50 percent of charges.,6425.24,,,,,,,Case Rate,198 Percent of Medicare OPPS. Metroplus will reimburse unlisted codes and described codes with no Medicare rate at 50 percent of charges.,6425.24,,,,,,,Case Rate,198 Percent of Medicare OPPS. Metroplus will reimburse unlisted codes and described codes with no Medicare rate at 50 percent of charges.,6425.24,,,,,,,Case Rate,198 Percent of Medicare OPPS. Metroplus will reimburse unlisted codes and described codes with no Medicare rate at 50 percent of charges.,6425.24,,,,,,,Case Rate,198 Percent of Medicare OPPS. Metroplus will reimburse unlisted codes and described codes with no Medicare rate at 50 percent of charges.,3245.07,,,,,,,Case Rate,"100% Medicare OPPS FS. ",12574,,,,,,,Case Rate,". Primary procedure pays at 100%, all subsequent at 50%.",12574,,,,,,,Case Rate,". Primary procedure pays at 100%, all subsequent at 50%.",12574,,,,,,,Case Rate,". Primary procedure pays at 100%, all subsequent at 50%.",12574,,,,,,,Case Rate,". Primary procedure pays at 100%, all subsequent at 50%.",8442,,,,,,,Case Rate,". Primary procedure pays at 100%, secondary at 50%, all subsequent at 25%.  Lesser of applies when negotiated rates exceed charges less addons.",8442,,,,,,,Case Rate,". Primary procedure pays at 100%, secondary at 50%, all subsequent at 25%.  Lesser of applies when negotiated rates exceed charges less addons.",8442,,,,,,,Case Rate,". Primary procedure pays at 100%, secondary at 50%, all subsequent at 25%.  Lesser of applies when negotiated rates exceed charges less addons.",8442,,,,,,,Case Rate,". Primary procedure pays at 100%, secondary at 50%, all subsequent at 25%.  Lesser of applies when negotiated rates exceed charges less addons.",25798,,,,,,,Case Rate,". MPL 100/75/50% all add ons apply, and lesser of 100% of billed charges",25798,,,,,,,Case Rate,". MPL 100/75/50% all add ons apply, and lesser of 100% of billed charges",3245.07,,,,,,,Case Rate,"100% Medicare OPPS FS. ",3245.07,,,,,,,Case Rate,"100% Medicare OPPS FS. ",3245.07,,,,,,,Case Rate,"100% Medicare OPPS FS. ",10351,,,,,,,Case Rate,". MPL 100/50/25% all add ons apply, and lesser of 100% of billed charges",10351,,,,,,,Case Rate,". MPL 100/50/25% all add ons apply, and lesser of 100% of billed charges",10351,,,,,,,Case Rate,". MPL 100/50/25% all add ons apply, and lesser of 100% of billed charges",25798,,,,,,,Case Rate,". MPL 100/75/50% all add ons apply, and lesser of 100% of billed charges",8442,,,,,,,Case Rate,". Primary procedure pays at 100%, secondary at 50%, all subsequent at 25%.  Lesser of applies when negotiated rates exceed charges less addons.",3245.07,,,,,,,Case Rate,"100% Medicare OPPS FS. ",10351,,,,,,,Case Rate,". MPL 100/50/25% all add ons apply, and lesser of 100% of billed charges",2053.12,,,,,,,Case Rate,"100 Percent of Medicaid APG. ",3309.97,,,,,,,Case Rate,"102% of Medicare OPPS. ",3309.97,,,,,,,Case Rate,"102% of Medicare OPPS. ",3309.97,,,,,,,Case Rate,"102% of Medicare OPPS. ",2053.12,,,,,,,Case rate,"100 Percent of Medicaid APG. ",4619.52,,,,,,,Case Rate,225% of NYS APG. Lesser of 100% of billed charges applies.,4619.52,,,,,,,Case Rate,225% of NYS APG. Lesser of 100% of billed charges applies.,4619.52,,,,,,,Case Rate,225% of NYS APG. Lesser of 100% of billed charges applies.,4619.52,,,,,,,Case Rate,225% of NYS APG. Lesser of 100% of billed charges applies.,4619.52,,,,,,,Case Rate,225% of NYS APG. Lesser of 100% of billed charges applies.,3309.97,,,,,,,Case Rate,"102% of Medicare OPPS. ",2053.12,,,,,,,Case Rate,"100 Percent of Medicaid APG. ",1297.94,,,,,,,Case Rate,100% of PAS. Lesser of 100% of billed charges applies.,4619.52,,,,,,,Case Rate,225% of NYS APG. Lesser of 100% of billed charges applies.,4619.52,,,,,,,Case Rate,225% of NYS APG. Lesser of 100% of billed charges applies.,1297.94,,,,,,,Case Rate,100% of PAS. Lesser of 100% of billed charges applies.,1297.94,,,,,,,Case Rate,100% of PAS. Lesser of 100% of billed charges applies.,3695.62,,,,,,,Fee Schedule,"180 Percent of Medicaid APG. ",3245.07,,,,,,,Case Rate,"100% Medicare OPPS FS. ",3245.07,,,,,,,Case Rate,"100% Medicare OPPS FS. ",8442,,,,,,,Case Rate,". Primary procedure pays at 100%, secondary at 50%, all subsequent at 25%.  Lesser of applies when negotiated rates exceed charges less addons.",3245.07,,,,,,,Case Rate,"100% Medicare OPPS FS. ",4619.52,,,,,,,Case Rate,"225 Percent of Medicaid APG. ",4619.52,,,,,,,Case Rate,"225 Percent of Medicaid APG. ",2053.12,,,,,,,Case rate,"100 Percent of Medicaid APG. ",2053.12,,,,,,,Case rate,"100 Percent of Medicaid APG. ",4619.52,,,,,,,Case Rate,225 Percent of Medicaid APG. Covered services not payable under Medicaid Fee Schedules default to a payment of 87.5 percent of charges.,2053.12,,,,,,,Case rate,124 Percent of Medicaid APG. Covered services not payable under Medicaid Fee Schedules default to a payment of 50 percent of charges.,4619.52,,,,,,,Case Rate,"100 Percent of Medicaid APG. ",4619.52,,,,,,,Case Rate,"100 Percent of Medicaid APG. ",4619.52,,,,,,,Case Rate,"100 Percent of Medicaid APG. ",4619.52,,,,,,,Case Rate,"100 Percent of Medicaid APG. ",13453,,,,,,,Case Rate,". MPL 100/75/50% all add ons apply, and lesser of 100% of billed charges",25798,,,,,,,Case Rate,". MPL 100/75/50% all add ons apply, and lesser of 100% of billed charges",2463.75,,,,,,,Case Rate,"120 Percent of Medicaid APG. Not APG payable, or payable under another fee schedule like ASP/AWP pays at 30% of charges",2463.75,,,,,,,Case Rate,"120 Percent of Medicaid APG. Not APG payable, or payable under another fee schedule like ASP/AWP pays at 30% of charges",2053.12,,,,,,,Case Rate,"100 Percent of Medicaid APG. Not APG payable, or payable under another fee schedule like ASP/AWP pays at 30% of charges",2053.12,,,,,,,Case Rate,"100 Percent of Medicaid APG. Not APG payable, or payable under another fee schedule like ASP/AWP pays at 30% of charges",10351,,,,,,,Case Rate,". MPL 100/50/25% all add ons apply, and lesser of 100% of billed charges",10351,,,,,,,Case Rate,". MPL 100/50/25% all add ons apply, and lesser of 100% of billed charges",3245.07,,,,,,,Case Rate,"100% Medicare OPPS FS. ",10351,,,,,,,Case Rate,". MPL 100/50/25% all add ons apply, and lesser of 100% of billed charges",10351,,,,,,,Case Rate,". MPL 100/50/25% all add ons apply, and lesser of 100% of billed charges",10351,,,,,,,Case Rate,". MPL 100/50/25% all add ons apply, and lesser of 100% of billed charges",10351,,,,,,,Case Rate,". MPL 100/50/25% all add ons apply, and lesser of 100% of billed charges",3245.07,,,,,,,Case Rate,"100% Medicare OPPS FS. ",10351,,,,,,,Case Rate,". MPL 100/50/25% all add ons apply, and lesser of 100% of billed charges",10351,,,,,,,Case Rate,". MPL 100/50/25% all add ons apply, and lesser of 100% of billed charges",8442,,,,,,,Case Rate,". Primary procedure pays at 100%, secondary at 50%, all subsequent at 25%.  Lesser of applies when negotiated rates exceed charges less addons.",2053.12,,,,,,,Fee Schedule,100% APG. Lesser of 100% of billed charges applies.,2053.12,,,,,,,Case rate,124 Percent of Medicaid APG. Covered services not payable under Medicaid Fee Schedules default to a payment of 50 percent of charges.,4619.52,,,,,,,Case Rate,225% of NYS APG. Lesser of 100% of billed charges applies.,4619.52,,,,,,,Case Rate,225 Percent of Medicaid APG. Covered services not payable under Medicaid Fee Schedules default to a payment of 87.5 percent of charges.,2053.12,,,,,,,Case rate,124 Percent of Medicaid APG. Covered services not payable under Medicaid Fee Schedules default to a payment of 50 percent of charges.,4619.52,,,,,,,Case Rate,225% of NYS APG. Lesser of 100% of billed charges applies.,4619.52,,,,,,,Case Rate,225% of NYS APG. Lesser of 100% of billed charges applies.,4619.52,,,,,,,Case Rate,225% of NYS APG. Lesser of 100% of billed charges applies.,4619.52,,,,,,,Case Rate,225% of NYS APG. Lesser of 100% of billed charges applies.,4619.52,,,,,,,Case Rate,225% of NYS APG. Lesser of 100% of billed charges applies.,4619.52,,,,,,,Case Rate,225% of NYS APG. Lesser of 100% of billed charges applies.,,,,,,,,,"NA. ",,,,,,,,,"NA. ",,,,,,,,,"NA. ",6487,,,,,,,Case Rate,". MPL 100/50/25% maxmium of 3 procedures. All add ons apply, and lesser of 100% of billed charges",,,,,,,,,"NA. ",3245.07,,,,,,,Case Rate,"100% Medicare OPPS FS. ",5941,,,,,,,Case Rate,". MPL 1st 100% of Payment Rate 50% of all others, all add ons apply, and lesser of 100% of billed charges.",3245.07,,,,,,,Case Rate,"100% Medicare OPPS FS. ",3245.07,,,,,,,Case Rate,"100% Medicare OPPS FS. ",2463.75,,,,,,,Case Rate,"120 Percent of Medicaid APG. Not APG payable, or payable under another fee schedule like ASP/AWP pays at 30% of charges",2463.75,,,,,,,Case Rate,"120 Percent of Medicaid APG. Not APG payable, or payable under another fee schedule like ASP/AWP pays at 30% of charges",2053.12,,,,,,,Case Rate,"100 Percent of Medicaid APG. Not APG payable, or payable under another fee schedule like ASP/AWP pays at 30% of charges",2053.12,,,,,,,Case Rate,"100 Percent of Medicaid APG. Not APG payable, or payable under another fee schedule like ASP/AWP pays at 30% of charges",2053.12,,,,,,,Case Rate,"100 Percent of Medicaid APG. ",7163,,,,,,,Case Rate,". ",8442,,,,,,,Case Rate,". Primary procedure pays at 100%, secondary at 50%, all subsequent at 25%.  Lesser of applies when negotiated rates exceed charges less addons.",8427,,,,,,,Case Rate,". Primary procedure pays at 100%, all subsequent at 50%.",6487,,,,,,,Case Rate,". MPL 100/50/25% maxmium of 3 procedures. All add ons apply, and lesser of 100% of billed charges",3245.07,,,,,,,Case Rate,"100%Medicare OPPS FS. ",3245.07,,,,,,,Case Rate,"100% Medicare OPPS FS. ",3245.07,,,,,,,Case Rate,"100% Medicare OPPS FS. ",3245.07,,,,,,,Case Rate,"100% Medicare OPPS FS. ",3245.07,,,,,,,Case Rate,"100%Medicare OPPS FS. ",3245.07,,,,,,,Case Rate,"100% Medicare OPPS FS. ",,,,,,,,,"NA. ",4619.52,,,,,,,Case Rate,225% of NYS APG. Lesser of 100% of billed charges applies.,1297.94,,,,,,,Case Rate,100% of PAS. Lesser of 100% of billed charges applies.,10351,,,,,,,Case Rate,". MPL 100/50/25% all add ons apply, and lesser of 100% of billed charges",7163,,,,,,,Case Rate,". ",7163,,,,,,,Case Rate,". ",7163,,,,,,,Case Rate,". ",7163,,,,,,,Case Rate,". ",3245.07,,,,,,,Case Rate,"100% Medicare OPPS FS. ",2053.12,,,,,,,Case Rate,"100 Percent of Medicaid APG. ",10351,,,,,,,Case Rate,". MPL 100/50/25% all add ons apply, and lesser of 100% of billed charges",2053.12,,,,,,,Case Rate,"100 Percent of Medicaid APG. ",3245.07,,,,,,,Case Rate,"100% Medicare OPPS FS. ",2053.12,,,,,,,Case Rate,"100 Percent of Medicaid APG. ",3245.07,,,,,,,Case Rate,"100% Medicare OPPS FS. ",3245.07,,,,,,,Case Rate,"100% Medicare OPPS FS. ",2053.12,,,,,,,Case Rate,"100 Percent of Medicaid APG. ",2053.12,,,,,,,Case Rate,"100 Percent of Medicaid APG. ",7163,,,,,,,Case Rate,". ",6487,,,,,,,Case Rate,". MPL 100/50/25% maxmium of 3 procedures. All add ons apply, and lesser of 100% of billed charges",,78,,,,,0,percent of total billed charges,78% of Billed Charges. Lesser of 100% of billed charges applies.; No services were performed during the 15 month look back period.,10978.39,,,,,,,Case Rate,". MPL 100/50/25% all add ons apply, and lesser of 100% of billed charges",10978.39,,,,,,,Case Rate,". MPL 100/50/25% all add ons apply, and lesser of 100% of billed charges",8442,,,,,,,Case Rate,". Primary procedure pays at 100%, secondary at 50%, all subsequent at 25%.  Lesser of applies when negotiated rates exceed charges less addons.",1342.37,,,,,,,Case Rate,"83% HF Fee schedule. ",12574,,,,,,,Case Rate,". Primary procedure pays at 100%, all subsequent at 50%.",12574,,,,,,,Case Rate,". Primary procedure pays at 100%, all subsequent at 50%.",8281,,,,,,,Case Rate,". MPL 100/50/25% all add ons apply, and lesser of 100% of billed charges",8281,,,,,,,Case Rate,". MPL 100/50/25% all add ons apply, and lesser of 100% of billed charges",3245.07,,,,,,,Case Rate,"100% Medicare OPPS FS. ",3245.07,,,,,,,Case Rate,"100% Medicare OPPS FS. ",3245.07,,,,,,,Case Rate,"100% Medicare OPPS FS. ",3245.07,,,,,,,Case Rate,"100% Medicare OPPS FS. ",10978.39,,,,,,,Case Rate,". MPL 100/50/25% all add ons apply, and lesser of 100% of billed charges",10351,,,,,,,Case Rate,". MPL 100/50/25% all add ons apply, and lesser of 100% of billed charges",10351,,,,,,,Case Rate,". MPL 100/50/25% all add ons apply, and lesser of 100% of billed charges",3245.07,,,,,,,Case Rate,"100% Medicare OPPS FS. ",8281,,,,,,,Case Rate,". MPL 100/50/25% all add ons apply, and lesser of 100% of billed charges",8427,,,,,,,Case Rate,". Primary procedure pays at 100%, all subsequent at 50%.",2463.75,,,,,,,Fee Schedule,"120 Percent of Medicaid APG. ",2053.12,,,,,,,Case Rate,"100 Percent of Medicaid APG. ",7163,,,,,,,Case Rate,". ",9316,,,,,,,Case Rate,". MPL 100/50/25% all add ons apply, and lesser of 100% of billed charges",9316,,,,,,,Case Rate,". MPL 100/50/25% all add ons apply, and lesser of 100% of billed charges",10351,,,,,,,Case Rate,". MPL 100/50/25% all add ons apply, and lesser of 100% of billed charges",14948,,,,,,,Case Rate,". MPL 100/75/50% all add ons apply, and lesser of 100% of billed charges",3245.07,,,,,,,Case Rate,"100%Medicare OPPS FS. ",2155.78,,,,,,,Fee Schedule,105 percent of Medicaid APG. otherwise 105% of Ordered NYS MCD FS or 105% of ASP+6%,2155.78,,,,,,,Fee Schedule,105 percent of Medicaid APG. otherwise 105% of Ordered NYS MCD FS or 105% of ASP+6%,2155.78,,,,,,,Fee Schedule,105 percent of Medicaid APG. otherwise 105% of Ordered NYS MCD FS or 105% of ASP+6%,2771.71,,,,,,,Fee Schedule,135 percent of Medicaid APG. otherwise 135% of Ordered NYS MCD FS or 135% of ASP+6%,10978.39,,,,,,,Case Rate,". MPL 100/50/25% all add ons apply, and lesser of 100% of billed charges",2155.78,,,,,,,Fee Schedule,105 percent of Medicaid APG. otherwise 105% of Ordered NYS MCD FS or 105% of ASP+6%,2155.78,,,,,,,Fee Schedule,105 percent of Medicaid APG. otherwise 105% of Ordered NYS MCD FS or 105% of ASP+6%,2155.78,,,,,,,Fee Schedule,105 percent of Medicaid APG. otherwise 105% of Ordered NYS MCD FS or 105% of ASP+6%,2155.78,,,,,,,Fee Schedule,105 percent of Medicaid APG. otherwise 105% of Ordered NYS MCD FS or 105% of ASP+6%,2155.78,,,,,,,Fee Schedule,105 percent of Medicaid APG. otherwise 105% of Ordered NYS MCD FS or 105% of ASP+6%,2771.71,,,,,,,Fee Schedule,135 percent of Medicaid APG. otherwise 135% of Ordered NYS MCD FS or 135% of ASP+6%,2771.71,,,,,,,Fee Schedule,135 percent of Medicaid APG. otherwise 135% of Ordered NYS MCD FS or 135% of ASP+6%,3245.07,,,,,,,Case Rate,"100% Medicare OPPS FS. ",10978.39,,,,,,,Case Rate,". MPL 100/50/25% all add ons apply, and lesser of 100% of billed charges",3245.07,,,,,,,Case Rate,"100% Medicare OPPS FS. ",2155.78,,,,,,,Fee Schedule,105 percent of Medicaid APG. otherwise 105% of Ordered NYS MCD FS or 105% of ASP+6%,10351,,,,,,,Case Rate,". MPL 100/50/25% all add ons apply, and lesser of 100% of billed charges",3245.07,,,,,,,Case Rate,"100% Medicare OPPS FS. ",10351,,,,,,,Case Rate,". MPL 100/50/25% all add ons apply, and lesser of 100% of billed charges",10351,,,,,,,Case Rate,". MPL 100/50/25% all add ons apply, and lesser of 100% of billed charges",10351,,,,,,,Case Rate,". MPL 100/50/25% all add ons apply, and lesser of 100% of billed charges",2155.78,,,,,,,Fee Schedule,105 percent of Medicaid APG. otherwise 105% of Ordered NYS MCD FS or 105% of ASP+6%,3245.07,,,,,,,Case Rate,"100% Medicare OPPS FS. ",10351,,,,,,,Case Rate,". MPL 100/50/25% all add ons apply, and lesser of 100% of billed charges",2771.71,,,,,,,Fee Schedule,135 percent of Medicaid APG. otherwise 135% of Ordered NYS MCD FS or 135% of ASP+6%,10351,,,,,,,Case Rate,". MPL 100/50/25% all add ons apply, and lesser of 100% of billed charges",,200,,,,,0,Case Rate,200% of Medicare OPPS. ; No services were performed during the 15 month look back period.,3245.07,,,,,,,Case Rate,"100%Medicare OPPS FS. ",7163,,,,,,,Case Rate,". ",7163,,,,,,,Case Rate,". ",7163,,,,,,,Case Rate,". ",7163,,,,,,,Case Rate,". ",7163,,,,,,,Case Rate,". ",8427,,,,,,,Case Rate,". Primary procedure pays at 100%, all subsequent at 50%.",8427,,,,,,,Case Rate,". Primary procedure pays at 100%, all subsequent at 50%.",7163,,,,,,,Case Rate,". ",7163,,,,,,,Case Rate,". ",7163,,,,,,,Case Rate,". ",7163,,,,,,,Case Rate,". ",7163,,,,,,,Case Rate,". ",3245.07,,,,,,,Case Rate,"100% Medicare OPPS FS. ",8427,,,,,,,Case Rate,". Primary procedure pays at 100%, all subsequent at 50%.",3245.07,,,,,,,Case Rate,"100% Medicare OPPS FS. ",4619.52,,,,,,,Case Rate,"225 Percent of Medicaid APG. If not included in Medicaid APG, then 100 Percent of Manhattan Medicare",2053.12,,,,,,,Case Rate,"100 Percent of Medicaid APG. ",10978.39,,,,,,,Case Rate,". MPL 100/50/25% all add ons apply, and lesser of 100% of billed charges",10978.39,,,,,,,Case Rate,". MPL 100/50/25% all add ons apply, and lesser of 100% of billed charges",3245.07,,,,,,,Case Rate,"100% Medicare OPPS FS. ",12574,,,,,,,Case Rate,". Primary procedure pays at 100%, all subsequent at 50%.",3245.07,,,,,,,Case Rate,"100% Medicare OPPS FS. ",3245.07,,,,,,,Case Rate,"100% Medicare OPPS FS. ",8442,,,,,,,Case Rate,". Primary procedure pays at 100%, secondary at 50%, all subsequent at 25%.  Lesser of applies when negotiated rates exceed charges less addons.",3245.07,,,,,,,Case Rate,"100% Medicare OPPS FS. ",6487,,,,,,,Case Rate,". MPL 100/50/25% maxmium of 3 procedures. All add ons apply, and lesser of 100% of billed charges",3245.07,,,,,,,Case Rate,"100% Medicare OPPS FS. ",6487,,,,,,,Case Rate,". MPL 100/50/25% maxmium of 3 procedures. All add ons apply, and lesser of 100% of billed charges",8442,,,,,,,Case Rate,". Primary procedure pays at 100%, secondary at 50%, all subsequent at 25%.  Lesser of applies when negotiated rates exceed charges less addons.",6487,,,,,,,Case Rate,". MPL 100/50/25% maxmium of 3 procedures. All add ons apply, and lesser of 100% of billed charges",3245.07,,,,,,,Case Rate,"100% Medicare OPPS FS. ",2053.12,,,,,,,Case Rate,"100 Percent of Medicaid APG. ",3245.07,,,,,,,Case Rate,"100% Medicare OPPS FS. ",6487,,,,,,,Case Rate,". MPL 100/50/25% maxmium of 3 procedures. All add ons apply, and lesser of 100% of billed charges",10978.39,,,,,,,Case Rate,". MPL 100/50/25% all add ons apply, and lesser of 100% of billed charges",2053.12,,,,,,,Case Rate,"100 Percent of Medicaid APG. ",10351,,,,,,,Case Rate,". MPL 100/50/25% all add ons apply, and lesser of 100% of billed charges",2463.75,,,,,,,Fee Schedule,"120 Percent of Medicaid APG. ",2463.75,,,,,,,Fee Schedule,"120 Percent of Medicaid APG. ",10351,,,,,,,Case Rate,". MPL 100/50/25% all add ons apply, and lesser of 100% of billed charges",10351,,,,,,,Case Rate,". MPL 100/50/25% all add ons apply, and lesser of 100% of billed charges",10351,,,,,,,Case Rate,". MPL 100/50/25% all add ons apply, and lesser of 100% of billed charges",10978.39,,,,,,,Case Rate,". MPL 100/50/25% all add ons apply, and lesser of 100% of billed charges",10351,,,,,,,Case Rate,". MPL 100/50/25% all add ons apply, and lesser of 100% of billed charges",10351,,,,,,,Case Rate,". MPL 100/50/25% all add ons apply, and lesser of 100% of billed charges",10351,,,,,,,Case Rate,". MPL 100/50/25% all add ons apply, and lesser of 100% of billed charges",7163,,,,,,,Case Rate,". ",7163,,,,,,,Case Rate,". ",6425.24,,,,,,,Case Rate,198 Percent of Medicare OPPS. Metroplus will reimburse unlisted codes and described codes with no Medicare rate at 50 percent of charges.,2053.12,,,,,,,Case Rate,"100 Percent of Medicaid APG. ",10978.39,,,,,,,Case Rate,". MPL 100/50/25% all add ons apply, and lesser of 100% of billed charges",6487,,,,,,,Case Rate,". MPL 100/50/25% maxmium of 3 procedures. All add ons apply, and lesser of 100% of billed charges",8442,,,,,,,Case Rate,". Primary procedure pays at 100%, secondary at 50%, all subsequent at 25%.  Lesser of applies when negotiated rates exceed charges less addons.",10978.39,,,,,,,Case Rate,". MPL 100/50/25% all add ons apply, and lesser of 100% of billed charges",8442,,,,,,,Case Rate,". Primary procedure pays at 100%, secondary at 50%, all subsequent at 25%.  Lesser of applies when negotiated rates exceed charges less addons.",10978.39,,,,,,,Case Rate,". MPL 100/50/25% all add ons apply, and lesser of 100% of billed charges",10351,,,,,,,Case Rate,". MPL 100/50/25% all add ons apply, and lesser of 100% of billed charges",10351,,,,,,,Case Rate,". MPL 100/50/25% all add ons apply, and lesser of 100% of billed charges",10351,,,,,,,Case Rate,". MPL 100/50/25% all add ons apply, and lesser of 100% of billed charges",10351,,,,,,,Case Rate,". MPL 100/50/25% all add ons apply, and lesser of 100% of billed charges",3245.07,,,,,,,Case Rate,"100% Medicare OPPS FS. ",1297.94,25798,
46275,CPT,,,490,RC,REMOVE ANAL FIST INTER,,,both,,,,7084,,,,,,,Case Rate,". MPL 1st 100% of Payment Rate 50% of all others, all add ons apply, and lesser of 100% of billed charges.",7084,,,,,,,Case Rate,". MPL 1st 100% of Payment Rate 50% of all others, all add ons apply, and lesser of 100% of billed charges.",10024,,,,,,,Case Rate,". Primary procedure pays at 100%, secondary at 50%, all subsequent at 25%.  Lesser of applies when negotiated rates exceed charges less addons.",,100,,,,,0,percent of total billed charges,100 percent of billed charges. ; No services were performed during the 15 month look back period.,3245.07,,,,,,,Case Rate,"100% Medicare OPPS FS. ",10024,,,,,,,Case Rate,". Primary procedure pays at 100%, secondary at 50%, all subsequent at 25%.  Lesser of applies when negotiated rates exceed charges less addons.",10024,,,,,,,Case Rate,". Primary procedure pays at 100%, secondary at 50%, all subsequent at 25%.  Lesser of applies when negotiated rates exceed charges less addons.",10024,,,,,,,Case Rate,". Primary procedure pays at 100%, secondary at 50%, all subsequent at 25%.  Lesser of applies when negotiated rates exceed charges less addons.",2463.75,,,,,,,Case Rate,"100 Percent of Medicaid APG. ",2053.12,,,,,,,Case Rate,"100 Percent of Medicaid APG. ",,78,,,,,0,percent of total billed charges,78% of Billed Charges. Lesser of 100% of billed charges applies.; No services were performed during the 15 month look back period.,9024.56,,,,,,,Case Rate,". MPL 100/50/25% all add ons apply, and lesser of 100% of billed charges",2053.12,,,,,,,Case Rate,"100 Percent of Medicaid APG. ",3245.07,,,,,,,Case Rate,"100% Medicare OPPS FS. ",6487,,,,,,,Case Rate,". MPL 100/50/25% maxmium of 3 procedures. All add ons apply, and lesser of 100% of billed charges",6487,,,,,,,Case Rate,". MPL 100/50/25% maxmium of 3 procedures. All add ons apply, and lesser of 100% of billed charges",6487,,,,,,,Case Rate,". MPL 100/50/25% maxmium of 3 procedures. All add ons apply, and lesser of 100% of billed charges",6487,,,,,,,Case Rate,". MPL 100/50/25% maxmium of 3 procedures. All add ons apply, and lesser of 100% of billed charges",2053.12,,,,,,,Case rate,124 Percent of Medicaid APG. Covered services not payable under Medicaid Fee Schedules default to a payment of 50 percent of charges.,3245.07,,,,,,,Case Rate,"100% Medicare OPPS FS. ",2053.12,,,,,,,Case rate,124 Percent of Medicaid APG. Covered services not payable under Medicaid Fee Schedules default to a payment of 50 percent of charges.,,78,,,,,0,percent of total billed charges,78% of Billed Charges. Lesser of 100% of billed charges applies.; No services were performed during the 15 month look back period.,10024,,,,,,,Case Rate,". Primary procedure pays at 100%, secondary at 50%, all subsequent at 25%.  Lesser of applies when negotiated rates exceed charges less addons.",3245.07,,,,,,,Case Rate,"100%Medicare OPPS FS. ",8427,,,,,,,Case Rate,". Primary procedure pays at 100%, all subsequent at 50%.",3245.07,,,,,,,Case Rate,"100%Medicare OPPS FS. ",3245.07,,,,,,,Case Rate,"100%Medicare OPPS FS. ",,78,,,,,0,percent of total billed charges,78% of Billed Charges. Lesser of 100% of billed charges applies.; No services were performed during the 15 month look back period.,1297.94,,,,,,,Case Rate,100% of PAS. Lesser of 100% of billed charges applies.,1297.94,,,,,,,Case Rate,100% of PAS. Lesser of 100% of billed charges applies.,2053.12,,,,,,,Case rate,"100 Percent of Medicaid APG. ",2053.12,,,,,,,Case rate,"100 Percent of Medicaid APG. ",8427,,,,,,,Case Rate,". Primary procedure pays at 100%, all subsequent at 50%.",8427,,,,,,,Case Rate,". Primary procedure pays at 100%, all subsequent at 50%.",2053.12,,,,,,,Case Rate,"100 Percent of Medicaid APG. Not APG payable, or payable under another fee schedule like ASP/AWP pays at 30% of charges",8427,,,,,,,Case Rate,". Primary procedure pays at 100%, all subsequent at 50%.",2053.12,,,,,,,Case Rate,"100 Percent of Medicaid APG. Not APG payable, or payable under another fee schedule like ASP/AWP pays at 30% of charges",3245.07,,,,,,,Case Rate,"100%Medicare OPPS FS. ",8427,,,,,,,Case Rate,". Primary procedure pays at 100%, all subsequent at 50%.",,78,,,,,0,percent of total billed charges,78% of Billed Charges. Lesser of 100% of billed charges applies.; No services were performed during the 15 month look back period.,2053.12,,,,,,,Case Rate,"100 Percent of Medicaid APG. ",2053.12,,,,,,,Case Rate,"100 Percent of Medicaid APG. ",,78,,,,,0,percent of total billed charges,78% of Billed Charges. Lesser of 100% of billed charges applies.; No services were performed during the 15 month look back period.,6487,,,,,,,Case Rate,". MPL 100/50/25% maxmium of 3 procedures. All add ons apply, and lesser of 100% of billed charges",7929,,,,,,,Case Rate,". MPL 100/50/25% all add ons apply, and lesser of 100% of billed charges",7929,,,,,,,Case Rate,". MPL 100/50/25% all add ons apply, and lesser of 100% of billed charges",,78,,,,,0,percent of total billed charges,78% of Billed Charges. Lesser of 100% of billed charges applies.; No services were performed during the 15 month look back period.,3245.07,,,,,,,Case Rate,"100% Medicare OPPS FS. ",9024.56,,,,,,,Case Rate,". MPL 100/50/25% all add ons apply, and lesser of 100% of billed charges",9024.56,,,,,,,Case Rate,". MPL 100/50/25% all add ons apply, and lesser of 100% of billed charges",9024.56,,,,,,,Case Rate,". MPL 100/50/25% all add ons apply, and lesser of 100% of billed charges",3245.07,,,,,,,Case Rate,"100% Medicare OPPS FS. ",9024.56,,,,,,,Case Rate,". MPL 100/50/25% all add ons apply, and lesser of 100% of billed charges",9024.56,,,,,,,Case Rate,". MPL 100/50/25% all add ons apply, and lesser of 100% of billed charges",3245.07,,,,,,,Case Rate,"100% of Medicare OPPS. ",25798,,,,,,,Case Rate,". MPL 100/75/50% all add ons apply, and lesser of 100% of billed charges",10351,,,,,,,Case Rate,". MPL 100/50/25% all add ons apply, and lesser of 100% of billed charges",10351,,,,,,,Case Rate,". MPL 100/50/25% all add ons apply, and lesser of 100% of billed charges",10351,,,,,,,Case Rate,". MPL 100/50/25% all add ons apply, and lesser of 100% of billed charges",10351,,,,,,,Case Rate,". MPL 100/50/25% all add ons apply, and lesser of 100% of billed charges",10351,,,,,,,Case Rate,". MPL 100/50/25% all add ons apply, and lesser of 100% of billed charges",10351,,,,,,,Case Rate,". MPL 100/50/25% all add ons apply, and lesser of 100% of billed charges",3245.07,,,,,,,Case Rate,"100% Medicare OPPS FS. ",3245.07,,,,,,,Case Rate,"100% Medicare OPPS FS. ",10351,,,,,,,Case Rate,". MPL 100/50/25% all add ons apply, and lesser of 100% of billed charges",,78,,,,,0,percent of total billed charges,78% of Billed Charges. Lesser of 100% of billed charges applies.; No services were performed during the 15 month look back period.,,78,,,,,0,percent of total billed charges,78% of Billed Charges. Lesser of 100% of billed charges applies.; No services were performed during the 15 month look back period.,,78,,,,,0,percent of total billed charges,78% of Billed Charges. Lesser of 100% of billed charges applies.; No services were performed during the 15 month look back period.,,78,,,,,0,percent of total billed charges,78% of Billed Charges. Lesser of 100% of billed charges applies.; No services were performed during the 15 month look back period.,,78,,,,,0,percent of total billed charges,78% of Billed Charges. Lesser of 100% of billed charges applies.; No services were performed during the 15 month look back period.,,78,,,,,0,percent of total billed charges,78% of Billed Charges. Lesser of 100% of billed charges applies.; No services were performed during the 15 month look back period.,,78,,,,,0,percent of total billed charges,78% of Billed Charges. Lesser of 100% of billed charges applies.; No services were performed during the 15 month look back period.,,78,,,,,0,percent of total billed charges,78% of Billed Charges. Lesser of 100% of billed charges applies.; No services were performed during the 15 month look back period.,,78,,,,,0,percent of total billed charges,78% of Billed Charges. Lesser of 100% of billed charges applies.; No services were performed during the 15 month look back period.,,78,,,,,0,percent of total billed charges,78% of Billed Charges. Lesser of 100% of billed charges applies.; No services were performed during the 15 month look back period.,,78,,,,,0,percent of total billed charges,78% of Billed Charges. Lesser of 100% of billed charges applies.; No services were performed during the 15 month look back period.,,78,,,,,0,percent of total billed charges,78% of Billed Charges. Lesser of 100% of billed charges applies.; No services were performed during the 15 month look back period.,,78,,,,,0,percent of total billed charges,78% of Billed Charges. Lesser of 100% of billed charges applies.; No services were performed during the 15 month look back period.,,78,,,,,0,percent of total billed charges,78% of Billed Charges. Lesser of 100% of billed charges applies.; No services were performed during the 15 month look back period.,,78,,,,,0,percent of total billed charges,78% of Billed Charges. Lesser of 100% of billed charges applies.; No services were performed during the 15 month look back period.,,78,,,,,0,percent of total billed charges,78% of Billed Charges. Lesser of 100% of billed charges applies.; No services were performed during the 15 month look back period.,,78,,,,,0,percent of total billed charges,78% of Billed Charges. Lesser of 100% of billed charges applies.; No services were performed during the 15 month look back period.,,78,,,,,0,percent of total billed charges,78% of Billed Charges. Lesser of 100% of billed charges applies.; No services were performed during the 15 month look back period.,,78,,,,,0,percent of total billed charges,78% of Billed Charges. Lesser of 100% of billed charges applies.; No services were performed during the 15 month look back period.,,78,,,,,0,percent of total billed charges,78% of Billed Charges. Lesser of 100% of billed charges applies.; No services were performed during the 15 month look back period.,,78,,,,,0,percent of total billed charges,78% of Billed Charges. Lesser of 100% of billed charges applies.; No services were performed during the 15 month look back period.,,78,,,,,0,percent of total billed charges,78% of Billed Charges. Lesser of 100% of billed charges applies.; No services were performed during the 15 month look back period.,,78,,,,,0,percent of total billed charges,78% of Billed Charges. Lesser of 100% of billed charges applies.; No services were performed during the 15 month look back period.,,78,,,,,0,percent of total billed charges,78% of Billed Charges. Lesser of 100% of billed charges applies.; No services were performed during the 15 month look back period.,,78,,,,,0,percent of total billed charges,78% of Billed Charges. Lesser of 100% of billed charges applies.; No services were performed during the 15 month look back period.,,78,,,,,0,percent of total billed charges,78% of Billed Charges. Lesser of 100% of billed charges applies.; No services were performed during the 15 month look back period.,8427,,,,,,,Case Rate,". Primary procedure pays at 100%, all subsequent at 50%.",8427,,,,,,,Case Rate,". Primary procedure pays at 100%, all subsequent at 50%.",8427,,,,,,,Case Rate,". Primary procedure pays at 100%, all subsequent at 50%.",8427,,,,,,,Case Rate,". Primary procedure pays at 100%, all subsequent at 50%.",12574,,,,,,,Case Rate,". Primary procedure pays at 100%, all subsequent at 50%.",12574,,,,,,,Case Rate,". Primary procedure pays at 100%, all subsequent at 50%.",6487,,,,,,,Case Rate,". MPL 100/50/25% maxmium of 3 procedures. All add ons apply, and lesser of 100% of billed charges",10351,,,,,,,Case Rate,". MPL 100/50/25% all add ons apply, and lesser of 100% of billed charges",9024.56,,,,,,,Case Rate,". MPL 100/50/25% all add ons apply, and lesser of 100% of billed charges",10351,,,,,,,Case Rate,". MPL 100/50/25% all add ons apply, and lesser of 100% of billed charges",,78,,,,,0,percent of total billed charges,78% of Billed Charges. Lesser of 100% of billed charges applies.; No services were performed during the 15 month look back period.,12574,,,,,,,Case Rate,". Primary procedure pays at 100%, all subsequent at 50%.",10351,,,,,,,Case Rate,". MPL 100/50/25% all add ons apply, and lesser of 100% of billed charges",9024.56,,,,,,,Case Rate,". MPL 100/50/25% all add ons apply, and lesser of 100% of billed charges",6487,,,,,,,Case Rate,". MPL 100/50/25% maxmium of 3 procedures. All add ons apply, and lesser of 100% of billed charges",,,,,,,,,"NA. ",,78,,,,,0,percent of total billed charges,78% of Billed Charges. Lesser of 100% of billed charges applies.; No services were performed during the 15 month look back period.,2053.12,,,,,,,Case Rate,"100 Percent of Medicaid APG. ",8427,,,,,,,Case Rate,". Primary procedure pays at 100%, all subsequent at 50%.",2053.12,,,,,,,Case Rate,"100 Percent of Medicaid APG. Not APG payable, or payable under another fee schedule like ASP/AWP pays at 30% of charges",3245.07,,,,,,,Case Rate,"100%Medicare OPPS FS. ",3245.07,,,,,,,Case Rate,"100% Medicare OPPS FS. ",25798,,,,,,,Case Rate,". MPL 100/75/50% all add ons apply, and lesser of 100% of billed charges",3245.07,,,,,,,Case Rate,"100% Medicare OPPS FS. ",3245.07,,,,,,,Case Rate,"100% Medicare OPPS FS. ",2053.12,,,,,,,Case Rate,"100 Percent of Medicaid APG. ",3245.07,,,,,,,Case Rate,"100% Medicare OPPS FS. ",3245.07,,,,,,,Case Rate,"100% Medicare OPPS FS. ",10024,,,,,,,Case Rate,". Primary procedure pays at 100%, secondary at 50%, all subsequent at 25%.  Lesser of applies when negotiated rates exceed charges less addons.",10024,,,,,,,Case Rate,". Primary procedure pays at 100%, secondary at 50%, all subsequent at 25%.  Lesser of applies when negotiated rates exceed charges less addons.",3245.07,,,,,,,Case Rate,"100% Medicare OPPS FS. ",6487,,,,,,,Case Rate,". MPL 100/50/25% maxmium of 3 procedures. All add ons apply, and lesser of 100% of billed charges",9024.56,,,,,,,Case Rate,". MPL 100/50/25% all add ons apply, and lesser of 100% of billed charges",9024.56,,,,,,,Case Rate,". MPL 100/50/25% all add ons apply, and lesser of 100% of billed charges",3245.07,,,,,,,Case Rate,"100% Medicare OPPS FS. ",6487,,,,,,,Case Rate,". MPL 100/50/25% maxmium of 3 procedures. All add ons apply, and lesser of 100% of billed charges",10024,,,,,,,Case Rate,". Primary procedure pays at 100%, secondary at 50%, all subsequent at 25%.  Lesser of applies when negotiated rates exceed charges less addons.",10024,,,,,,,Case Rate,". Primary procedure pays at 100%, secondary at 50%, all subsequent at 25%.  Lesser of applies when negotiated rates exceed charges less addons.",10024,,,,,,,Case Rate,". Primary procedure pays at 100%, secondary at 50%, all subsequent at 25%.  Lesser of applies when negotiated rates exceed charges less addons.",,78,,,,,0,percent of total billed charges,78% of Billed Charges. Lesser of 100% of billed charges applies.; No services were performed during the 15 month look back period.,,78,,,,,0,percent of total billed charges,78% of Billed Charges. Lesser of 100% of billed charges applies.; No services were performed during the 15 month look back period.,,78,,,,,0,percent of total billed charges,78% of Billed Charges. Lesser of 100% of billed charges applies.; No services were performed during the 15 month look back period.,,78,,,,,0,percent of total billed charges,78% of Billed Charges. Lesser of 100% of billed charges applies.; No services were performed during the 15 month look back period.,,78,,,,,0,percent of total billed charges,78% of Billed Charges. Lesser of 100% of billed charges applies.; No services were performed during the 15 month look back period.,,78,,,,,0,percent of total billed charges,78% of Billed Charges. Lesser of 100% of billed charges applies.; No services were performed during the 15 month look back period.,,78,,,,,0,percent of total billed charges,78% of Billed Charges. Lesser of 100% of billed charges applies.; No services were performed during the 15 month look back period.,,78,,,,,0,percent of total billed charges,78% of Billed Charges. Lesser of 100% of billed charges applies.; No services were performed during the 15 month look back period.,,78,,,,,0,percent of total billed charges,78% of Billed Charges. Lesser of 100% of billed charges applies.; No services were performed during the 15 month look back period.,,78,,,,,0,percent of total billed charges,78% of Billed Charges. Lesser of 100% of billed charges applies.; No services were performed during the 15 month look back period.,,78,,,,,0,percent of total billed charges,78% of Billed Charges. Lesser of 100% of billed charges applies.; No services were performed during the 15 month look back period.,12574,,,,,,,Case Rate,". Primary procedure pays at 100%, all subsequent at 50%.",10351,,,,,,,Case Rate,". MPL 100/50/25% all add ons apply, and lesser of 100% of billed charges",6487,,,,,,,Case Rate,". MPL 100/50/25% maxmium of 3 procedures. All add ons apply, and lesser of 100% of billed charges",3245.07,,,,,,,Case Rate,"100% Medicare OPPS FS. ",10024,,,,,,,Case Rate,". Primary procedure pays at 100%, secondary at 50%, all subsequent at 25%.  Lesser of applies when negotiated rates exceed charges less addons.",6487,,,,,,,Case Rate,". MPL 100/50/25% maxmium of 3 procedures. All add ons apply, and lesser of 100% of billed charges",6487,,,,,,,Case Rate,". MPL 100/50/25% maxmium of 3 procedures. All add ons apply, and lesser of 100% of billed charges",,78,,,,,0,percent of total billed charges,78% of Billed Charges. Lesser of 100% of billed charges applies.; No services were performed during the 15 month look back period.,4393.68,,,,,,,Case Rate,"214 Percent of Medicaid APG. Drugs not priced under APG, billed with revenue code 636 and not priced by Medicare ASP FeeSched will be reimbursed at 20% of charges.",6487,,,,,,,Case Rate,". MPL 100/50/25% maxmium of 3 procedures. All add ons apply, and lesser of 100% of billed charges",2053.12,,,,,,,Case Rate,"100 Percent of Medicaid APG. ",3245.07,,,,,,,Case Rate,"100% Medicare OPPS FS. ",3245.07,,,,,,,Case Rate,"100% Medicare OPPS FS. ",3245.07,,,,,,,Case Rate,"100% Medicare OPPS FS. ",3245.07,,,,,,,Case Rate,"100% Medicare OPPS FS. ",3245.07,,,,,,,Case Rate,"100% Medicare OPPS FS. ",3245.07,,,,,,,Case Rate,"100% Medicare OPPS FS. ",6487,,,,,,,Case Rate,". MPL 100/50/25% maxmium of 3 procedures. All add ons apply, and lesser of 100% of billed charges",25798,,,,,,,Case Rate,". MPL 100/75/50% all add ons apply, and lesser of 100% of billed charges",3695.62,,,,,,,Fee Schedule,"180 Percent of Medicaid APG. ",3695.62,,,,,,,Fee Schedule,"180 Percent of Medicaid APG. ",3695.62,,,,,,,Fee Schedule,"180 Percent of Medicaid APG. ",3695.62,,,,,,,Fee Schedule,"180 Percent of Medicaid APG. ",3695.62,,,,,,,Fee Schedule,"180 Percent of Medicaid APG. ",,,,,,,,,"NA. ",25798,,,,,,,Case Rate,". MPL 100/75/50% all add ons apply, and lesser of 100% of billed charges",6425.24,,,,,,,Case Rate,198 Percent of Medicare OPPS. Metroplus will reimburse unlisted codes and described codes with no Medicare rate at 50 percent of charges.,6425.24,,,,,,,Case Rate,198 Percent of Medicare OPPS. Metroplus will reimburse unlisted codes and described codes with no Medicare rate at 50 percent of charges.,6425.24,,,,,,,Case Rate,198 Percent of Medicare OPPS. Metroplus will reimburse unlisted codes and described codes with no Medicare rate at 50 percent of charges.,6425.24,,,,,,,Case Rate,198 Percent of Medicare OPPS. Metroplus will reimburse unlisted codes and described codes with no Medicare rate at 50 percent of charges.,6425.24,,,,,,,Case Rate,198 Percent of Medicare OPPS. Metroplus will reimburse unlisted codes and described codes with no Medicare rate at 50 percent of charges.,3245.07,,,,,,,Case Rate,"100% Medicare OPPS FS. ",12574,,,,,,,Case Rate,". Primary procedure pays at 100%, all subsequent at 50%.",12574,,,,,,,Case Rate,". Primary procedure pays at 100%, all subsequent at 50%.",12574,,,,,,,Case Rate,". Primary procedure pays at 100%, all subsequent at 50%.",12574,,,,,,,Case Rate,". Primary procedure pays at 100%, all subsequent at 50%.",10024,,,,,,,Case Rate,". Primary procedure pays at 100%, secondary at 50%, all subsequent at 25%.  Lesser of applies when negotiated rates exceed charges less addons.",10024,,,,,,,Case Rate,". Primary procedure pays at 100%, secondary at 50%, all subsequent at 25%.  Lesser of applies when negotiated rates exceed charges less addons.",10024,,,,,,,Case Rate,". Primary procedure pays at 100%, secondary at 50%, all subsequent at 25%.  Lesser of applies when negotiated rates exceed charges less addons.",10024,,,,,,,Case Rate,". Primary procedure pays at 100%, secondary at 50%, all subsequent at 25%.  Lesser of applies when negotiated rates exceed charges less addons.",25798,,,,,,,Case Rate,". MPL 100/75/50% all add ons apply, and lesser of 100% of billed charges",25798,,,,,,,Case Rate,". MPL 100/75/50% all add ons apply, and lesser of 100% of billed charges",3245.07,,,,,,,Case Rate,"100% Medicare OPPS FS. ",3245.07,,,,,,,Case Rate,"100% Medicare OPPS FS. ",3245.07,,,,,,,Case Rate,"100% Medicare OPPS FS. ",10351,,,,,,,Case Rate,". MPL 100/50/25% all add ons apply, and lesser of 100% of billed charges",10351,,,,,,,Case Rate,". MPL 100/50/25% all add ons apply, and lesser of 100% of billed charges",10351,,,,,,,Case Rate,". MPL 100/50/25% all add ons apply, and lesser of 100% of billed charges",25798,,,,,,,Case Rate,". MPL 100/75/50% all add ons apply, and lesser of 100% of billed charges",10024,,,,,,,Case Rate,". Primary procedure pays at 100%, secondary at 50%, all subsequent at 25%.  Lesser of applies when negotiated rates exceed charges less addons.",3245.07,,,,,,,Case Rate,"100% Medicare OPPS FS. ",10351,,,,,,,Case Rate,". MPL 100/50/25% all add ons apply, and lesser of 100% of billed charges",2053.12,,,,,,,Case Rate,"100 Percent of Medicaid APG. ",3309.97,,,,,,,Case Rate,"102% of Medicare OPPS. ",3309.97,,,,,,,Case Rate,"102% of Medicare OPPS. ",3309.97,,,,,,,Case Rate,"102% of Medicare OPPS. ",2053.12,,,,,,,Case rate,"100 Percent of Medicaid APG. ",4619.52,,,,,,,Case Rate,225% of NYS APG. Lesser of 100% of billed charges applies.,4619.52,,,,,,,Case Rate,225% of NYS APG. Lesser of 100% of billed charges applies.,4619.52,,,,,,,Case Rate,225% of NYS APG. Lesser of 100% of billed charges applies.,4619.52,,,,,,,Case Rate,225% of NYS APG. Lesser of 100% of billed charges applies.,4619.52,,,,,,,Case Rate,225% of NYS APG. Lesser of 100% of billed charges applies.,3309.97,,,,,,,Case Rate,"102% of Medicare OPPS. ",2053.12,,,,,,,Case Rate,"100 Percent of Medicaid APG. ",1297.94,,,,,,,Case Rate,100% of PAS. Lesser of 100% of billed charges applies.,4619.52,,,,,,,Case Rate,225% of NYS APG. Lesser of 100% of billed charges applies.,4619.52,,,,,,,Case Rate,225% of NYS APG. Lesser of 100% of billed charges applies.,1297.94,,,,,,,Case Rate,100% of PAS. Lesser of 100% of billed charges applies.,1297.94,,,,,,,Case Rate,100% of PAS. Lesser of 100% of billed charges applies.,3695.62,,,,,,,Fee Schedule,"180 Percent of Medicaid APG. ",3245.07,,,,,,,Case Rate,"100% Medicare OPPS FS. ",3245.07,,,,,,,Case Rate,"100% Medicare OPPS FS. ",10024,,,,,,,Case Rate,". Primary procedure pays at 100%, secondary at 50%, all subsequent at 25%.  Lesser of applies when negotiated rates exceed charges less addons.",3245.07,,,,,,,Case Rate,"100% Medicare OPPS FS. ",4619.52,,,,,,,Case Rate,"225 Percent of Medicaid APG. ",4619.52,,,,,,,Case Rate,"225 Percent of Medicaid APG. ",2053.12,,,,,,,Case rate,"100 Percent of Medicaid APG. ",2053.12,,,,,,,Case rate,"100 Percent of Medicaid APG. ",4619.52,,,,,,,Case Rate,225 Percent of Medicaid APG. Covered services not payable under Medicaid Fee Schedules default to a payment of 87.5 percent of charges.,2053.12,,,,,,,Case rate,124 Percent of Medicaid APG. Covered services not payable under Medicaid Fee Schedules default to a payment of 50 percent of charges.,4619.52,,,,,,,Case Rate,"100 Percent of Medicaid APG. ",4619.52,,,,,,,Case Rate,"100 Percent of Medicaid APG. ",4619.52,,,,,,,Case Rate,"100 Percent of Medicaid APG. ",4619.52,,,,,,,Case Rate,"100 Percent of Medicaid APG. ",13453,,,,,,,Case Rate,". MPL 100/75/50% all add ons apply, and lesser of 100% of billed charges",25798,,,,,,,Case Rate,". MPL 100/75/50% all add ons apply, and lesser of 100% of billed charges",2463.75,,,,,,,Case Rate,"120 Percent of Medicaid APG. Not APG payable, or payable under another fee schedule like ASP/AWP pays at 30% of charges",2463.75,,,,,,,Case Rate,"120 Percent of Medicaid APG. Not APG payable, or payable under another fee schedule like ASP/AWP pays at 30% of charges",2053.12,,,,,,,Case Rate,"100 Percent of Medicaid APG. Not APG payable, or payable under another fee schedule like ASP/AWP pays at 30% of charges",2053.12,,,,,,,Case Rate,"100 Percent of Medicaid APG. Not APG payable, or payable under another fee schedule like ASP/AWP pays at 30% of charges",10351,,,,,,,Case Rate,". MPL 100/50/25% all add ons apply, and lesser of 100% of billed charges",10351,,,,,,,Case Rate,". MPL 100/50/25% all add ons apply, and lesser of 100% of billed charges",3245.07,,,,,,,Case Rate,"100% Medicare OPPS FS. ",10351,,,,,,,Case Rate,". MPL 100/50/25% all add ons apply, and lesser of 100% of billed charges",10351,,,,,,,Case Rate,". MPL 100/50/25% all add ons apply, and lesser of 100% of billed charges",10351,,,,,,,Case Rate,". MPL 100/50/25% all add ons apply, and lesser of 100% of billed charges",10351,,,,,,,Case Rate,". MPL 100/50/25% all add ons apply, and lesser of 100% of billed charges",3245.07,,,,,,,Case Rate,"100% Medicare OPPS FS. ",10351,,,,,,,Case Rate,". MPL 100/50/25% all add ons apply, and lesser of 100% of billed charges",10351,,,,,,,Case Rate,". MPL 100/50/25% all add ons apply, and lesser of 100% of billed charges",10024,,,,,,,Case Rate,". Primary procedure pays at 100%, secondary at 50%, all subsequent at 25%.  Lesser of applies when negotiated rates exceed charges less addons.",2053.12,,,,,,,Fee Schedule,100% APG. Lesser of 100% of billed charges applies.,2053.12,,,,,,,Case rate,124 Percent of Medicaid APG. Covered services not payable under Medicaid Fee Schedules default to a payment of 50 percent of charges.,4619.52,,,,,,,Case Rate,225% of NYS APG. Lesser of 100% of billed charges applies.,4619.52,,,,,,,Case Rate,225 Percent of Medicaid APG. Covered services not payable under Medicaid Fee Schedules default to a payment of 87.5 percent of charges.,2053.12,,,,,,,Case rate,124 Percent of Medicaid APG. Covered services not payable under Medicaid Fee Schedules default to a payment of 50 percent of charges.,4619.52,,,,,,,Case Rate,225% of NYS APG. Lesser of 100% of billed charges applies.,4619.52,,,,,,,Case Rate,225% of NYS APG. Lesser of 100% of billed charges applies.,4619.52,,,,,,,Case Rate,225% of NYS APG. Lesser of 100% of billed charges applies.,4619.52,,,,,,,Case Rate,225% of NYS APG. Lesser of 100% of billed charges applies.,4619.52,,,,,,,Case Rate,225% of NYS APG. Lesser of 100% of billed charges applies.,4619.52,,,,,,,Case Rate,225% of NYS APG. Lesser of 100% of billed charges applies.,,,,,,,,,"NA. ",,,,,,,,,"NA. ",,,,,,,,,"NA. ",6487,,,,,,,Case Rate,". MPL 100/50/25% maxmium of 3 procedures. All add ons apply, and lesser of 100% of billed charges",,,,,,,,,"NA. ",3245.07,,,,,,,Case Rate,"100% Medicare OPPS FS. ",7084,,,,,,,Case Rate,". MPL 1st 100% of Payment Rate 50% of all others, all add ons apply, and lesser of 100% of billed charges.",3245.07,,,,,,,Case Rate,"100% Medicare OPPS FS. ",3245.07,,,,,,,Case Rate,"100% Medicare OPPS FS. ",2463.75,,,,,,,Case Rate,"120 Percent of Medicaid APG. Not APG payable, or payable under another fee schedule like ASP/AWP pays at 30% of charges",2463.75,,,,,,,Case Rate,"120 Percent of Medicaid APG. Not APG payable, or payable under another fee schedule like ASP/AWP pays at 30% of charges",2053.12,,,,,,,Case Rate,"100 Percent of Medicaid APG. Not APG payable, or payable under another fee schedule like ASP/AWP pays at 30% of charges",2053.12,,,,,,,Case Rate,"100 Percent of Medicaid APG. Not APG payable, or payable under another fee schedule like ASP/AWP pays at 30% of charges",2053.12,,,,,,,Case Rate,"100 Percent of Medicaid APG. ",7163,,,,,,,Case Rate,". ",10024,,,,,,,Case Rate,". Primary procedure pays at 100%, secondary at 50%, all subsequent at 25%.  Lesser of applies when negotiated rates exceed charges less addons.",8427,,,,,,,Case Rate,". Primary procedure pays at 100%, all subsequent at 50%.",6487,,,,,,,Case Rate,". MPL 100/50/25% maxmium of 3 procedures. All add ons apply, and lesser of 100% of billed charges",3245.07,,,,,,,Case Rate,"100%Medicare OPPS FS. ",3245.07,,,,,,,Case Rate,"100% Medicare OPPS FS. ",3245.07,,,,,,,Case Rate,"100% Medicare OPPS FS. ",3245.07,,,,,,,Case Rate,"100% Medicare OPPS FS. ",3245.07,,,,,,,Case Rate,"100%Medicare OPPS FS. ",3245.07,,,,,,,Case Rate,"100% Medicare OPPS FS. ",,,,,,,,,"NA. ",4619.52,,,,,,,Case Rate,225% of NYS APG. Lesser of 100% of billed charges applies.,1297.94,,,,,,,Case Rate,100% of PAS. Lesser of 100% of billed charges applies.,10351,,,,,,,Case Rate,". MPL 100/50/25% all add ons apply, and lesser of 100% of billed charges",7163,,,,,,,Case Rate,". ",7163,,,,,,,Case Rate,". ",7163,,,,,,,Case Rate,". ",7163,,,,,,,Case Rate,". ",3245.07,,,,,,,Case Rate,"100% Medicare OPPS FS. ",2053.12,,,,,,,Case Rate,"100 Percent of Medicaid APG. ",10351,,,,,,,Case Rate,". MPL 100/50/25% all add ons apply, and lesser of 100% of billed charges",2053.12,,,,,,,Case Rate,"100 Percent of Medicaid APG. ",3245.07,,,,,,,Case Rate,"100% Medicare OPPS FS. ",2053.12,,,,,,,Case Rate,"100 Percent of Medicaid APG. ",3245.07,,,,,,,Case Rate,"100% Medicare OPPS FS. ",3245.07,,,,,,,Case Rate,"100% Medicare OPPS FS. ",2053.12,,,,,,,Case Rate,"100 Percent of Medicaid APG. ",2053.12,,,,,,,Case Rate,"100 Percent of Medicaid APG. ",7163,,,,,,,Case Rate,". ",6487,,,,,,,Case Rate,". MPL 100/50/25% maxmium of 3 procedures. All add ons apply, and lesser of 100% of billed charges",,78,,,,,0,percent of total billed charges,78% of Billed Charges. Lesser of 100% of billed charges applies.; No services were performed during the 15 month look back period.,9024.56,,,,,,,Case Rate,". MPL 100/50/25% all add ons apply, and lesser of 100% of billed charges",9024.56,,,,,,,Case Rate,". MPL 100/50/25% all add ons apply, and lesser of 100% of billed charges",10024,,,,,,,Case Rate,". Primary procedure pays at 100%, secondary at 50%, all subsequent at 25%.  Lesser of applies when negotiated rates exceed charges less addons.",1342.37,,,,,,,Case Rate,"83% HF Fee schedule. ",12574,,,,,,,Case Rate,". Primary procedure pays at 100%, all subsequent at 50%.",12574,,,,,,,Case Rate,". Primary procedure pays at 100%, all subsequent at 50%.",8281,,,,,,,Case Rate,". MPL 100/50/25% all add ons apply, and lesser of 100% of billed charges",8281,,,,,,,Case Rate,". MPL 100/50/25% all add ons apply, and lesser of 100% of billed charges",3245.07,,,,,,,Case Rate,"100% Medicare OPPS FS. ",3245.07,,,,,,,Case Rate,"100% Medicare OPPS FS. ",3245.07,,,,,,,Case Rate,"100% Medicare OPPS FS. ",3245.07,,,,,,,Case Rate,"100% Medicare OPPS FS. ",9024.56,,,,,,,Case Rate,". MPL 100/50/25% all add ons apply, and lesser of 100% of billed charges",10351,,,,,,,Case Rate,". MPL 100/50/25% all add ons apply, and lesser of 100% of billed charges",10351,,,,,,,Case Rate,". MPL 100/50/25% all add ons apply, and lesser of 100% of billed charges",3245.07,,,,,,,Case Rate,"100% Medicare OPPS FS. ",8281,,,,,,,Case Rate,". MPL 100/50/25% all add ons apply, and lesser of 100% of billed charges",8427,,,,,,,Case Rate,". Primary procedure pays at 100%, all subsequent at 50%.",2463.75,,,,,,,Fee Schedule,"120 Percent of Medicaid APG. ",2053.12,,,,,,,Case Rate,"100 Percent of Medicaid APG. ",7163,,,,,,,Case Rate,". ",9316,,,,,,,Case Rate,". MPL 100/50/25% all add ons apply, and lesser of 100% of billed charges",9316,,,,,,,Case Rate,". MPL 100/50/25% all add ons apply, and lesser of 100% of billed charges",10351,,,,,,,Case Rate,". MPL 100/50/25% all add ons apply, and lesser of 100% of billed charges",14948,,,,,,,Case Rate,". MPL 100/75/50% all add ons apply, and lesser of 100% of billed charges",3245.07,,,,,,,Case Rate,"100%Medicare OPPS FS. ",2155.78,,,,,,,Fee Schedule,105 percent of Medicaid APG. otherwise 105% of Ordered NYS MCD FS or 105% of ASP+6%,2155.78,,,,,,,Fee Schedule,105 percent of Medicaid APG. otherwise 105% of Ordered NYS MCD FS or 105% of ASP+6%,2155.78,,,,,,,Fee Schedule,105 percent of Medicaid APG. otherwise 105% of Ordered NYS MCD FS or 105% of ASP+6%,2771.71,,,,,,,Fee Schedule,135 percent of Medicaid APG. otherwise 135% of Ordered NYS MCD FS or 135% of ASP+6%,9024.56,,,,,,,Case Rate,". MPL 100/50/25% all add ons apply, and lesser of 100% of billed charges",2155.78,,,,,,,Fee Schedule,105 percent of Medicaid APG. otherwise 105% of Ordered NYS MCD FS or 105% of ASP+6%,2155.78,,,,,,,Fee Schedule,105 percent of Medicaid APG. otherwise 105% of Ordered NYS MCD FS or 105% of ASP+6%,2155.78,,,,,,,Fee Schedule,105 percent of Medicaid APG. otherwise 105% of Ordered NYS MCD FS or 105% of ASP+6%,2155.78,,,,,,,Fee Schedule,105 percent of Medicaid APG. otherwise 105% of Ordered NYS MCD FS or 105% of ASP+6%,2155.78,,,,,,,Fee Schedule,105 percent of Medicaid APG. otherwise 105% of Ordered NYS MCD FS or 105% of ASP+6%,2771.71,,,,,,,Fee Schedule,135 percent of Medicaid APG. otherwise 135% of Ordered NYS MCD FS or 135% of ASP+6%,2771.71,,,,,,,Fee Schedule,135 percent of Medicaid APG. otherwise 135% of Ordered NYS MCD FS or 135% of ASP+6%,3245.07,,,,,,,Case Rate,"100% Medicare OPPS FS. ",9024.56,,,,,,,Case Rate,". MPL 100/50/25% all add ons apply, and lesser of 100% of billed charges",3245.07,,,,,,,Case Rate,"100% Medicare OPPS FS. ",2155.78,,,,,,,Fee Schedule,105 percent of Medicaid APG. otherwise 105% of Ordered NYS MCD FS or 105% of ASP+6%,10351,,,,,,,Case Rate,". MPL 100/50/25% all add ons apply, and lesser of 100% of billed charges",3245.07,,,,,,,Case Rate,"100% Medicare OPPS FS. ",10351,,,,,,,Case Rate,". MPL 100/50/25% all add ons apply, and lesser of 100% of billed charges",10351,,,,,,,Case Rate,". MPL 100/50/25% all add ons apply, and lesser of 100% of billed charges",10351,,,,,,,Case Rate,". MPL 100/50/25% all add ons apply, and lesser of 100% of billed charges",2155.78,,,,,,,Fee Schedule,105 percent of Medicaid APG. otherwise 105% of Ordered NYS MCD FS or 105% of ASP+6%,3245.07,,,,,,,Case Rate,"100% Medicare OPPS FS. ",10351,,,,,,,Case Rate,". MPL 100/50/25% all add ons apply, and lesser of 100% of billed charges",2771.71,,,,,,,Fee Schedule,135 percent of Medicaid APG. otherwise 135% of Ordered NYS MCD FS or 135% of ASP+6%,10351,,,,,,,Case Rate,". MPL 100/50/25% all add ons apply, and lesser of 100% of billed charges",,200,,,,,0,Case Rate,200% of Medicare OPPS. ; No services were performed during the 15 month look back period.,3245.07,,,,,,,Case Rate,"100%Medicare OPPS FS. ",7163,,,,,,,Case Rate,". ",7163,,,,,,,Case Rate,". ",7163,,,,,,,Case Rate,". ",7163,,,,,,,Case Rate,". ",7163,,,,,,,Case Rate,". ",8427,,,,,,,Case Rate,". Primary procedure pays at 100%, all subsequent at 50%.",8427,,,,,,,Case Rate,". Primary procedure pays at 100%, all subsequent at 50%.",7163,,,,,,,Case Rate,". ",7163,,,,,,,Case Rate,". ",7163,,,,,,,Case Rate,". ",7163,,,,,,,Case Rate,". ",7163,,,,,,,Case Rate,". ",3245.07,,,,,,,Case Rate,"100% Medicare OPPS FS. ",8427,,,,,,,Case Rate,". Primary procedure pays at 100%, all subsequent at 50%.",3245.07,,,,,,,Case Rate,"100% Medicare OPPS FS. ",4619.52,,,,,,,Case Rate,"225 Percent of Medicaid APG. If not included in Medicaid APG, then 100 Percent of Manhattan Medicare",2053.12,,,,,,,Case Rate,"100 Percent of Medicaid APG. ",9024.56,,,,,,,Case Rate,". MPL 100/50/25% all add ons apply, and lesser of 100% of billed charges",9024.56,,,,,,,Case Rate,". MPL 100/50/25% all add ons apply, and lesser of 100% of billed charges",3245.07,,,,,,,Case Rate,"100% Medicare OPPS FS. ",12574,,,,,,,Case Rate,". Primary procedure pays at 100%, all subsequent at 50%.",3245.07,,,,,,,Case Rate,"100% Medicare OPPS FS. ",3245.07,,,,,,,Case Rate,"100% Medicare OPPS FS. ",10024,,,,,,,Case Rate,". Primary procedure pays at 100%, secondary at 50%, all subsequent at 25%.  Lesser of applies when negotiated rates exceed charges less addons.",3245.07,,,,,,,Case Rate,"100% Medicare OPPS FS. ",6487,,,,,,,Case Rate,". MPL 100/50/25% maxmium of 3 procedures. All add ons apply, and lesser of 100% of billed charges",3245.07,,,,,,,Case Rate,"100% Medicare OPPS FS. ",6487,,,,,,,Case Rate,". MPL 100/50/25% maxmium of 3 procedures. All add ons apply, and lesser of 100% of billed charges",10024,,,,,,,Case Rate,". Primary procedure pays at 100%, secondary at 50%, all subsequent at 25%.  Lesser of applies when negotiated rates exceed charges less addons.",6487,,,,,,,Case Rate,". MPL 100/50/25% maxmium of 3 procedures. All add ons apply, and lesser of 100% of billed charges",3245.07,,,,,,,Case Rate,"100% Medicare OPPS FS. ",2053.12,,,,,,,Case Rate,"100 Percent of Medicaid APG. ",3245.07,,,,,,,Case Rate,"100% Medicare OPPS FS. ",6487,,,,,,,Case Rate,". MPL 100/50/25% maxmium of 3 procedures. All add ons apply, and lesser of 100% of billed charges",9024.56,,,,,,,Case Rate,". MPL 100/50/25% all add ons apply, and lesser of 100% of billed charges",2053.12,,,,,,,Case Rate,"100 Percent of Medicaid APG. ",10351,,,,,,,Case Rate,". MPL 100/50/25% all add ons apply, and lesser of 100% of billed charges",2463.75,,,,,,,Fee Schedule,"120 Percent of Medicaid APG. ",2463.75,,,,,,,Fee Schedule,"120 Percent of Medicaid APG. ",10351,,,,,,,Case Rate,". MPL 100/50/25% all add ons apply, and lesser of 100% of billed charges",10351,,,,,,,Case Rate,". MPL 100/50/25% all add ons apply, and lesser of 100% of billed charges",10351,,,,,,,Case Rate,". MPL 100/50/25% all add ons apply, and lesser of 100% of billed charges",9024.56,,,,,,,Case Rate,". MPL 100/50/25% all add ons apply, and lesser of 100% of billed charges",10351,,,,,,,Case Rate,". MPL 100/50/25% all add ons apply, and lesser of 100% of billed charges",10351,,,,,,,Case Rate,". MPL 100/50/25% all add ons apply, and lesser of 100% of billed charges",10351,,,,,,,Case Rate,". MPL 100/50/25% all add ons apply, and lesser of 100% of billed charges",7163,,,,,,,Case Rate,". ",7163,,,,,,,Case Rate,". ",6425.24,,,,,,,Case Rate,198 Percent of Medicare OPPS. Metroplus will reimburse unlisted codes and described codes with no Medicare rate at 50 percent of charges.,2053.12,,,,,,,Case Rate,"100 Percent of Medicaid APG. ",9024.56,,,,,,,Case Rate,". MPL 100/50/25% all add ons apply, and lesser of 100% of billed charges",6487,,,,,,,Case Rate,". MPL 100/50/25% maxmium of 3 procedures. All add ons apply, and lesser of 100% of billed charges",10024,,,,,,,Case Rate,". Primary procedure pays at 100%, secondary at 50%, all subsequent at 25%.  Lesser of applies when negotiated rates exceed charges less addons.",9024.56,,,,,,,Case Rate,". MPL 100/50/25% all add ons apply, and lesser of 100% of billed charges",10024,,,,,,,Case Rate,". Primary procedure pays at 100%, secondary at 50%, all subsequent at 25%.  Lesser of applies when negotiated rates exceed charges less addons.",9024.56,,,,,,,Case Rate,". MPL 100/50/25% all add ons apply, and lesser of 100% of billed charges",10351,,,,,,,Case Rate,". MPL 100/50/25% all add ons apply, and lesser of 100% of billed charges",10351,,,,,,,Case Rate,". MPL 100/50/25% all add ons apply, and lesser of 100% of billed charges",10351,,,,,,,Case Rate,". MPL 100/50/25% all add ons apply, and lesser of 100% of billed charges",10351,,,,,,,Case Rate,". MPL 100/50/25% all add ons apply, and lesser of 100% of billed charges",3245.07,,,,,,,Case Rate,"100% Medicare OPPS FS. ",1297.94,25798,
47540,CPT,,,490,RC,PERQ PLMT BILE DUCT STENT,,,both,,,,1352,,,,,,,Case Rate,". MPL 1st 100% of Payment Rate 50% of all others, all add ons apply, and lesser of 100% of billed charges.",1352,,,,,,,Case Rate,". MPL 1st 100% of Payment Rate 50% of all others, all add ons apply, and lesser of 100% of billed charges.",10024,,,,,,,Case Rate,". Primary procedure pays at 100%, secondary at 50%, all subsequent at 25%.  Lesser of applies when negotiated rates exceed charges less addons.",,100,,,,,0,percent of total billed charges,100 percent of billed charges. ; No services were performed during the 15 month look back period.,6903.8,,,,,,,Case Rate,"100% Medicare OPPS FS. ",10024,,,,,,,Case Rate,". Primary procedure pays at 100%, secondary at 50%, all subsequent at 25%.  Lesser of applies when negotiated rates exceed charges less addons.",10024,,,,,,,Case Rate,". Primary procedure pays at 100%, secondary at 50%, all subsequent at 25%.  Lesser of applies when negotiated rates exceed charges less addons.",10024,,,,,,,Case Rate,". Primary procedure pays at 100%, secondary at 50%, all subsequent at 25%.  Lesser of applies when negotiated rates exceed charges less addons.",3618.22,,,,,,,Case Rate,"100 Percent of Medicaid APG. ",3015.18,,,,,,,Case Rate,"100 Percent of Medicaid APG. ",,78,,,,,0,percent of total billed charges,78% of Billed Charges. Lesser of 100% of billed charges applies.; No services were performed during the 15 month look back period.,18160.12,,,,,,,Case Rate,". MPL 100/50/25% all add ons apply, and lesser of 100% of billed charges",3015.18,,,,,,,Case Rate,"100 Percent of Medicaid APG. ",6903.8,,,,,,,Case Rate,"100% Medicare OPPS FS. ",6487,,,,,,,Case Rate,". MPL 100/50/25% maxmium of 3 procedures. All add ons apply, and lesser of 100% of billed charges",6487,,,,,,,Case Rate,". MPL 100/50/25% maxmium of 3 procedures. All add ons apply, and lesser of 100% of billed charges",6487,,,,,,,Case Rate,". MPL 100/50/25% maxmium of 3 procedures. All add ons apply, and lesser of 100% of billed charges",6487,,,,,,,Case Rate,". MPL 100/50/25% maxmium of 3 procedures. All add ons apply, and lesser of 100% of billed charges",3015.18,,,,,,,Case rate,124 Percent of Medicaid APG. Covered services not payable under Medicaid Fee Schedules default to a payment of 50 percent of charges.,6903.8,,,,,,,Case Rate,"100% Medicare OPPS FS. ",3015.18,,,,,,,Case rate,124 Percent of Medicaid APG. Covered services not payable under Medicaid Fee Schedules default to a payment of 50 percent of charges.,,78,,,,,0,percent of total billed charges,78% of Billed Charges. Lesser of 100% of billed charges applies.; No services were performed during the 15 month look back period.,10024,,,,,,,Case Rate,". Primary procedure pays at 100%, secondary at 50%, all subsequent at 25%.  Lesser of applies when negotiated rates exceed charges less addons.",6903.8,,,,,,,Case Rate,"100%Medicare OPPS FS. ",8427,,,,,,,Case Rate,". Primary procedure pays at 100%, all subsequent at 50%.",6903.8,,,,,,,Case Rate,"100%Medicare OPPS FS. ",6903.8,,,,,,,Case Rate,"100%Medicare OPPS FS. ",,78,,,,,0,percent of total billed charges,78% of Billed Charges. Lesser of 100% of billed charges applies.; No services were performed during the 15 month look back period.,2387.71,,,,,,,Case Rate,100% of PAS. Lesser of 100% of billed charges applies.,2387.71,,,,,,,Case Rate,100% of PAS. Lesser of 100% of billed charges applies.,3015.18,,,,,,,Case rate,"100 Percent of Medicaid APG. ",3015.18,,,,,,,Case rate,"100 Percent of Medicaid APG. ",8427,,,,,,,Case Rate,". Primary procedure pays at 100%, all subsequent at 50%.",8427,,,,,,,Case Rate,". Primary procedure pays at 100%, all subsequent at 50%.",3015.18,,,,,,,Case Rate,"100 Percent of Medicaid APG. Not APG payable, or payable under another fee schedule like ASP/AWP pays at 30% of charges",8427,,,,,,,Case Rate,". Primary procedure pays at 100%, all subsequent at 50%.",3015.18,,,,,,,Case Rate,"100 Percent of Medicaid APG. Not APG payable, or payable under another fee schedule like ASP/AWP pays at 30% of charges",6903.8,,,,,,,Case Rate,"100%Medicare OPPS FS. ",8427,,,,,,,Case Rate,". Primary procedure pays at 100%, all subsequent at 50%.",,78,,,,,0,percent of total billed charges,78% of Billed Charges. Lesser of 100% of billed charges applies.; No services were performed during the 15 month look back period.,3015.18,,,,,,,Case Rate,"100 Percent of Medicaid APG. ",3015.18,,,,,,,Case Rate,"100 Percent of Medicaid APG. ",,78,,,,,0,percent of total billed charges,78% of Billed Charges. Lesser of 100% of billed charges applies.; No services were performed during the 15 month look back period.,6487,,,,,,,Case Rate,". MPL 100/50/25% maxmium of 3 procedures. All add ons apply, and lesser of 100% of billed charges",16031,,,,,,,Case Rate,". MPL 100/50/25% all add ons apply, and lesser of 100% of billed charges",16031,,,,,,,Case Rate,". MPL 100/50/25% all add ons apply, and lesser of 100% of billed charges",,78,,,,,0,percent of total billed charges,78% of Billed Charges. Lesser of 100% of billed charges applies.; No services were performed during the 15 month look back period.,6903.8,,,,,,,Case Rate,"100% Medicare OPPS FS. ",18160.12,,,,,,,Case Rate,". MPL 100/50/25% all add ons apply, and lesser of 100% of billed charges",18160.12,,,,,,,Case Rate,". MPL 100/50/25% all add ons apply, and lesser of 100% of billed charges",18160.12,,,,,,,Case Rate,". MPL 100/50/25% all add ons apply, and lesser of 100% of billed charges",6903.8,,,,,,,Case Rate,"100% Medicare OPPS FS. ",18160.12,,,,,,,Case Rate,". MPL 100/50/25% all add ons apply, and lesser of 100% of billed charges",18160.12,,,,,,,Case Rate,". MPL 100/50/25% all add ons apply, and lesser of 100% of billed charges",6903.8,,,,,,,Case Rate,"100% of Medicare OPPS. ",25798,,,,,,,Case Rate,". MPL 100/75/50% all add ons apply, and lesser of 100% of billed charges",18617,,,,,,,Case Rate,". MPL 100/50/25% all add ons apply, and lesser of 100% of billed charges",18617,,,,,,,Case Rate,". MPL 100/50/25% all add ons apply, and lesser of 100% of billed charges",18617,,,,,,,Case Rate,". MPL 100/50/25% all add ons apply, and lesser of 100% of billed charges",18617,,,,,,,Case Rate,". MPL 100/50/25% all add ons apply, and lesser of 100% of billed charges",18617,,,,,,,Case Rate,". MPL 100/50/25% all add ons apply, and lesser of 100% of billed charges",18617,,,,,,,Case Rate,". MPL 100/50/25% all add ons apply, and lesser of 100% of billed charges",6903.8,,,,,,,Case Rate,"100% Medicare OPPS FS. ",6903.8,,,,,,,Case Rate,"100% Medicare OPPS FS. ",18617,,,,,,,Case Rate,". MPL 100/50/25% all add ons apply, and lesser of 100% of billed charges",,78,,,,,0,percent of total billed charges,78% of Billed Charges. Lesser of 100% of billed charges applies.; No services were performed during the 15 month look back period.,,78,,,,,0,percent of total billed charges,78% of Billed Charges. Lesser of 100% of billed charges applies.; No services were performed during the 15 month look back period.,,78,,,,,0,percent of total billed charges,78% of Billed Charges. Lesser of 100% of billed charges applies.; No services were performed during the 15 month look back period.,,78,,,,,0,percent of total billed charges,78% of Billed Charges. Lesser of 100% of billed charges applies.; No services were performed during the 15 month look back period.,,78,,,,,0,percent of total billed charges,78% of Billed Charges. Lesser of 100% of billed charges applies.; No services were performed during the 15 month look back period.,,78,,,,,0,percent of total billed charges,78% of Billed Charges. Lesser of 100% of billed charges applies.; No services were performed during the 15 month look back period.,,78,,,,,0,percent of total billed charges,78% of Billed Charges. Lesser of 100% of billed charges applies.; No services were performed during the 15 month look back period.,,78,,,,,0,percent of total billed charges,78% of Billed Charges. Lesser of 100% of billed charges applies.; No services were performed during the 15 month look back period.,,78,,,,,0,percent of total billed charges,78% of Billed Charges. Lesser of 100% of billed charges applies.; No services were performed during the 15 month look back period.,,78,,,,,0,percent of total billed charges,78% of Billed Charges. Lesser of 100% of billed charges applies.; No services were performed during the 15 month look back period.,,78,,,,,0,percent of total billed charges,78% of Billed Charges. Lesser of 100% of billed charges applies.; No services were performed during the 15 month look back period.,,78,,,,,0,percent of total billed charges,78% of Billed Charges. Lesser of 100% of billed charges applies.; No services were performed during the 15 month look back period.,,78,,,,,0,percent of total billed charges,78% of Billed Charges. Lesser of 100% of billed charges applies.; No services were performed during the 15 month look back period.,,78,,,,,0,percent of total billed charges,78% of Billed Charges. Lesser of 100% of billed charges applies.; No services were performed during the 15 month look back period.,,78,,,,,0,percent of total billed charges,78% of Billed Charges. Lesser of 100% of billed charges applies.; No services were performed during the 15 month look back period.,,78,,,,,0,percent of total billed charges,78% of Billed Charges. Lesser of 100% of billed charges applies.; No services were performed during the 15 month look back period.,,78,,,,,0,percent of total billed charges,78% of Billed Charges. Lesser of 100% of billed charges applies.; No services were performed during the 15 month look back period.,,78,,,,,0,percent of total billed charges,78% of Billed Charges. Lesser of 100% of billed charges applies.; No services were performed during the 15 month look back period.,,78,,,,,0,percent of total billed charges,78% of Billed Charges. Lesser of 100% of billed charges applies.; No services were performed during the 15 month look back period.,,78,,,,,0,percent of total billed charges,78% of Billed Charges. Lesser of 100% of billed charges applies.; No services were performed during the 15 month look back period.,,78,,,,,0,percent of total billed charges,78% of Billed Charges. Lesser of 100% of billed charges applies.; No services were performed during the 15 month look back period.,,78,,,,,0,percent of total billed charges,78% of Billed Charges. Lesser of 100% of billed charges applies.; No services were performed during the 15 month look back period.,,78,,,,,0,percent of total billed charges,78% of Billed Charges. Lesser of 100% of billed charges applies.; No services were performed during the 15 month look back period.,,78,,,,,0,percent of total billed charges,78% of Billed Charges. Lesser of 100% of billed charges applies.; No services were performed during the 15 month look back period.,,78,,,,,0,percent of total billed charges,78% of Billed Charges. Lesser of 100% of billed charges applies.; No services were performed during the 15 month look back period.,,78,,,,,0,percent of total billed charges,78% of Billed Charges. Lesser of 100% of billed charges applies.; No services were performed during the 15 month look back period.,8427,,,,,,,Case Rate,". Primary procedure pays at 100%, all subsequent at 50%.",8427,,,,,,,Case Rate,". Primary procedure pays at 100%, all subsequent at 50%.",8427,,,,,,,Case Rate,". Primary procedure pays at 100%, all subsequent at 50%.",8427,,,,,,,Case Rate,". Primary procedure pays at 100%, all subsequent at 50%.",12574,,,,,,,Case Rate,". Primary procedure pays at 100%, all subsequent at 50%.",12574,,,,,,,Case Rate,". Primary procedure pays at 100%, all subsequent at 50%.",6487,,,,,,,Case Rate,". MPL 100/50/25% maxmium of 3 procedures. All add ons apply, and lesser of 100% of billed charges",18617,,,,,,,Case Rate,". MPL 100/50/25% all add ons apply, and lesser of 100% of billed charges",18160.12,,,,,,,Case Rate,". MPL 100/50/25% all add ons apply, and lesser of 100% of billed charges",18617,,,,,,,Case Rate,". MPL 100/50/25% all add ons apply, and lesser of 100% of billed charges",,78,,,,,0,percent of total billed charges,78% of Billed Charges. Lesser of 100% of billed charges applies.; No services were performed during the 15 month look back period.,12574,,,,,,,Case Rate,". Primary procedure pays at 100%, all subsequent at 50%.",18617,,,,,,,Case Rate,". MPL 100/50/25% all add ons apply, and lesser of 100% of billed charges",18160.12,,,,,,,Case Rate,". MPL 100/50/25% all add ons apply, and lesser of 100% of billed charges",6487,,,,,,,Case Rate,". MPL 100/50/25% maxmium of 3 procedures. All add ons apply, and lesser of 100% of billed charges",,,,,,,,,"NA. ",,78,,,,,0,percent of total billed charges,78% of Billed Charges. Lesser of 100% of billed charges applies.; No services were performed during the 15 month look back period.,3015.18,,,,,,,Case Rate,"100 Percent of Medicaid APG. ",8427,,,,,,,Case Rate,". Primary procedure pays at 100%, all subsequent at 50%.",3015.18,,,,,,,Case Rate,"100 Percent of Medicaid APG. Not APG payable, or payable under another fee schedule like ASP/AWP pays at 30% of charges",6903.8,,,,,,,Case Rate,"100%Medicare OPPS FS. ",6903.8,,,,,,,Case Rate,"100% Medicare OPPS FS. ",25798,,,,,,,Case Rate,". MPL 100/75/50% all add ons apply, and lesser of 100% of billed charges",6903.8,,,,,,,Case Rate,"100% Medicare OPPS FS. ",6903.8,,,,,,,Case Rate,"100% Medicare OPPS FS. ",3015.18,,,,,,,Case Rate,"100 Percent of Medicaid APG. ",6903.8,,,,,,,Case Rate,"100% Medicare OPPS FS. ",6903.8,,,,,,,Case Rate,"100% Medicare OPPS FS. ",10024,,,,,,,Case Rate,". Primary procedure pays at 100%, secondary at 50%, all subsequent at 25%.  Lesser of applies when negotiated rates exceed charges less addons.",10024,,,,,,,Case Rate,". Primary procedure pays at 100%, secondary at 50%, all subsequent at 25%.  Lesser of applies when negotiated rates exceed charges less addons.",6903.8,,,,,,,Case Rate,"100% Medicare OPPS FS. ",6487,,,,,,,Case Rate,". MPL 100/50/25% maxmium of 3 procedures. All add ons apply, and lesser of 100% of billed charges",18160.12,,,,,,,Case Rate,". MPL 100/50/25% all add ons apply, and lesser of 100% of billed charges",18160.12,,,,,,,Case Rate,". MPL 100/50/25% all add ons apply, and lesser of 100% of billed charges",6903.8,,,,,,,Case Rate,"100% Medicare OPPS FS. ",6487,,,,,,,Case Rate,". MPL 100/50/25% maxmium of 3 procedures. All add ons apply, and lesser of 100% of billed charges",10024,,,,,,,Case Rate,". Primary procedure pays at 100%, secondary at 50%, all subsequent at 25%.  Lesser of applies when negotiated rates exceed charges less addons.",10024,,,,,,,Case Rate,". Primary procedure pays at 100%, secondary at 50%, all subsequent at 25%.  Lesser of applies when negotiated rates exceed charges less addons.",10024,,,,,,,Case Rate,". Primary procedure pays at 100%, secondary at 50%, all subsequent at 25%.  Lesser of applies when negotiated rates exceed charges less addons.",,78,,,,,0,percent of total billed charges,78% of Billed Charges. Lesser of 100% of billed charges applies.; No services were performed during the 15 month look back period.,,78,,,,,0,percent of total billed charges,78% of Billed Charges. Lesser of 100% of billed charges applies.; No services were performed during the 15 month look back period.,,78,,,,,0,percent of total billed charges,78% of Billed Charges. Lesser of 100% of billed charges applies.; No services were performed during the 15 month look back period.,,78,,,,,0,percent of total billed charges,78% of Billed Charges. Lesser of 100% of billed charges applies.; No services were performed during the 15 month look back period.,,78,,,,,0,percent of total billed charges,78% of Billed Charges. Lesser of 100% of billed charges applies.; No services were performed during the 15 month look back period.,,78,,,,,0,percent of total billed charges,78% of Billed Charges. Lesser of 100% of billed charges applies.; No services were performed during the 15 month look back period.,,78,,,,,0,percent of total billed charges,78% of Billed Charges. Lesser of 100% of billed charges applies.; No services were performed during the 15 month look back period.,,78,,,,,0,percent of total billed charges,78% of Billed Charges. Lesser of 100% of billed charges applies.; No services were performed during the 15 month look back period.,,78,,,,,0,percent of total billed charges,78% of Billed Charges. Lesser of 100% of billed charges applies.; No services were performed during the 15 month look back period.,,78,,,,,0,percent of total billed charges,78% of Billed Charges. Lesser of 100% of billed charges applies.; No services were performed during the 15 month look back period.,,78,,,,,0,percent of total billed charges,78% of Billed Charges. Lesser of 100% of billed charges applies.; No services were performed during the 15 month look back period.,12574,,,,,,,Case Rate,". Primary procedure pays at 100%, all subsequent at 50%.",18617,,,,,,,Case Rate,". MPL 100/50/25% all add ons apply, and lesser of 100% of billed charges",6487,,,,,,,Case Rate,". MPL 100/50/25% maxmium of 3 procedures. All add ons apply, and lesser of 100% of billed charges",6903.8,,,,,,,Case Rate,"100% Medicare OPPS FS. ",10024,,,,,,,Case Rate,". Primary procedure pays at 100%, secondary at 50%, all subsequent at 25%.  Lesser of applies when negotiated rates exceed charges less addons.",6487,,,,,,,Case Rate,". MPL 100/50/25% maxmium of 3 procedures. All add ons apply, and lesser of 100% of billed charges",6487,,,,,,,Case Rate,". MPL 100/50/25% maxmium of 3 procedures. All add ons apply, and lesser of 100% of billed charges",,78,,,,,0,percent of total billed charges,78% of Billed Charges. Lesser of 100% of billed charges applies.; No services were performed during the 15 month look back period.,6452.49,,,,,,,Case Rate,"214 Percent of Medicaid APG. Drugs not priced under APG, billed with revenue code 636 and not priced by Medicare ASP FeeSched will be reimbursed at 20% of charges.",6487,,,,,,,Case Rate,". MPL 100/50/25% maxmium of 3 procedures. All add ons apply, and lesser of 100% of billed charges",3015.18,,,,,,,Case Rate,"100 Percent of Medicaid APG. ",6903.8,,,,,,,Case Rate,"100% Medicare OPPS FS. ",6903.8,,,,,,,Case Rate,"100% Medicare OPPS FS. ",6903.8,,,,,,,Case Rate,"100% Medicare OPPS FS. ",6903.8,,,,,,,Case Rate,"100% Medicare OPPS FS. ",6903.8,,,,,,,Case Rate,"100% Medicare OPPS FS. ",6903.8,,,,,,,Case Rate,"100% Medicare OPPS FS. ",6487,,,,,,,Case Rate,". MPL 100/50/25% maxmium of 3 procedures. All add ons apply, and lesser of 100% of billed charges",25798,,,,,,,Case Rate,". MPL 100/75/50% all add ons apply, and lesser of 100% of billed charges",5427.33,,,,,,,Fee Schedule,"180 Percent of Medicaid APG. ",5427.33,,,,,,,Fee Schedule,"180 Percent of Medicaid APG. ",5427.33,,,,,,,Fee Schedule,"180 Percent of Medicaid APG. ",5427.33,,,,,,,Fee Schedule,"180 Percent of Medicaid APG. ",5427.33,,,,,,,Fee Schedule,"180 Percent of Medicaid APG. ",,,,,,,,,"NA. ",25798,,,,,,,Case Rate,". MPL 100/75/50% all add ons apply, and lesser of 100% of billed charges",13669.52,,,,,,,Case Rate,198 Percent of Medicare OPPS. Metroplus will reimburse unlisted codes and described codes with no Medicare rate at 50 percent of charges.,13669.52,,,,,,,Case Rate,198 Percent of Medicare OPPS. Metroplus will reimburse unlisted codes and described codes with no Medicare rate at 50 percent of charges.,13669.52,,,,,,,Case Rate,198 Percent of Medicare OPPS. Metroplus will reimburse unlisted codes and described codes with no Medicare rate at 50 percent of charges.,13669.52,,,,,,,Case Rate,198 Percent of Medicare OPPS. Metroplus will reimburse unlisted codes and described codes with no Medicare rate at 50 percent of charges.,13669.52,,,,,,,Case Rate,198 Percent of Medicare OPPS. Metroplus will reimburse unlisted codes and described codes with no Medicare rate at 50 percent of charges.,6903.8,,,,,,,Case Rate,"100% Medicare OPPS FS. ",12574,,,,,,,Case Rate,". Primary procedure pays at 100%, all subsequent at 50%.",12574,,,,,,,Case Rate,". Primary procedure pays at 100%, all subsequent at 50%.",12574,,,,,,,Case Rate,". Primary procedure pays at 100%, all subsequent at 50%.",12574,,,,,,,Case Rate,". Primary procedure pays at 100%, all subsequent at 50%.",10024,,,,,,,Case Rate,". Primary procedure pays at 100%, secondary at 50%, all subsequent at 25%.  Lesser of applies when negotiated rates exceed charges less addons.",10024,,,,,,,Case Rate,". Primary procedure pays at 100%, secondary at 50%, all subsequent at 25%.  Lesser of applies when negotiated rates exceed charges less addons.",10024,,,,,,,Case Rate,". Primary procedure pays at 100%, secondary at 50%, all subsequent at 25%.  Lesser of applies when negotiated rates exceed charges less addons.",10024,,,,,,,Case Rate,". Primary procedure pays at 100%, secondary at 50%, all subsequent at 25%.  Lesser of applies when negotiated rates exceed charges less addons.",25798,,,,,,,Case Rate,". MPL 100/75/50% all add ons apply, and lesser of 100% of billed charges",25798,,,,,,,Case Rate,". MPL 100/75/50% all add ons apply, and lesser of 100% of billed charges",6903.8,,,,,,,Case Rate,"100% Medicare OPPS FS. ",6903.8,,,,,,,Case Rate,"100% Medicare OPPS FS. ",6903.8,,,,,,,Case Rate,"100% Medicare OPPS FS. ",18617,,,,,,,Case Rate,". MPL 100/50/25% all add ons apply, and lesser of 100% of billed charges",18617,,,,,,,Case Rate,". MPL 100/50/25% all add ons apply, and lesser of 100% of billed charges",18617,,,,,,,Case Rate,". MPL 100/50/25% all add ons apply, and lesser of 100% of billed charges",25798,,,,,,,Case Rate,". MPL 100/75/50% all add ons apply, and lesser of 100% of billed charges",10024,,,,,,,Case Rate,". Primary procedure pays at 100%, secondary at 50%, all subsequent at 25%.  Lesser of applies when negotiated rates exceed charges less addons.",6903.8,,,,,,,Case Rate,"100% Medicare OPPS FS. ",18617,,,,,,,Case Rate,". MPL 100/50/25% all add ons apply, and lesser of 100% of billed charges",3015.18,,,,,,,Case Rate,"100 Percent of Medicaid APG. ",7041.87,,,,,,,Case Rate,"102% of Medicare OPPS. ",7041.87,,,,,,,Case Rate,"102% of Medicare OPPS. ",7041.87,,,,,,,Case Rate,"102% of Medicare OPPS. ",3015.18,,,,,,,Case rate,"100 Percent of Medicaid APG. ",6784.16,,,,,,,Case Rate,225% of NYS APG. Lesser of 100% of billed charges applies.,6784.16,,,,,,,Case Rate,225% of NYS APG. Lesser of 100% of billed charges applies.,6784.16,,,,,,,Case Rate,225% of NYS APG. Lesser of 100% of billed charges applies.,6784.16,,,,,,,Case Rate,225% of NYS APG. Lesser of 100% of billed charges applies.,6784.16,,,,,,,Case Rate,225% of NYS APG. Lesser of 100% of billed charges applies.,7041.87,,,,,,,Case Rate,"102% of Medicare OPPS. ",3015.18,,,,,,,Case Rate,"100 Percent of Medicaid APG. ",2387.71,,,,,,,Case Rate,100% of PAS. Lesser of 100% of billed charges applies.,6784.16,,,,,,,Case Rate,225% of NYS APG. Lesser of 100% of billed charges applies.,6784.16,,,,,,,Case Rate,225% of NYS APG. Lesser of 100% of billed charges applies.,2387.71,,,,,,,Case Rate,100% of PAS. Lesser of 100% of billed charges applies.,2387.71,,,,,,,Case Rate,100% of PAS. Lesser of 100% of billed charges applies.,5427.33,,,,,,,Fee Schedule,"180 Percent of Medicaid APG. ",6903.8,,,,,,,Case Rate,"100% Medicare OPPS FS. ",6903.8,,,,,,,Case Rate,"100% Medicare OPPS FS. ",10024,,,,,,,Case Rate,". Primary procedure pays at 100%, secondary at 50%, all subsequent at 25%.  Lesser of applies when negotiated rates exceed charges less addons.",6903.8,,,,,,,Case Rate,"100% Medicare OPPS FS. ",6784.16,,,,,,,Case Rate,"225 Percent of Medicaid APG. ",6784.16,,,,,,,Case Rate,"225 Percent of Medicaid APG. ",3015.18,,,,,,,Case rate,"100 Percent of Medicaid APG. ",3015.18,,,,,,,Case rate,"100 Percent of Medicaid APG. ",6784.16,,,,,,,Case Rate,225 Percent of Medicaid APG. Covered services not payable under Medicaid Fee Schedules default to a payment of 87.5 percent of charges.,3015.18,,,,,,,Case rate,124 Percent of Medicaid APG. Covered services not payable under Medicaid Fee Schedules default to a payment of 50 percent of charges.,6784.16,,,,,,,Case Rate,"100 Percent of Medicaid APG. ",6784.16,,,,,,,Case Rate,"100 Percent of Medicaid APG. ",6784.16,,,,,,,Case Rate,"100 Percent of Medicaid APG. ",6784.16,,,,,,,Case Rate,"100 Percent of Medicaid APG. ",13453,,,,,,,Case Rate,". MPL 100/75/50% all add ons apply, and lesser of 100% of billed charges",25798,,,,,,,Case Rate,". MPL 100/75/50% all add ons apply, and lesser of 100% of billed charges",3618.22,,,,,,,Case Rate,"120 Percent of Medicaid APG. Not APG payable, or payable under another fee schedule like ASP/AWP pays at 30% of charges",3618.22,,,,,,,Case Rate,"120 Percent of Medicaid APG. Not APG payable, or payable under another fee schedule like ASP/AWP pays at 30% of charges",3015.18,,,,,,,Case Rate,"100 Percent of Medicaid APG. Not APG payable, or payable under another fee schedule like ASP/AWP pays at 30% of charges",3015.18,,,,,,,Case Rate,"100 Percent of Medicaid APG. Not APG payable, or payable under another fee schedule like ASP/AWP pays at 30% of charges",18617,,,,,,,Case Rate,". MPL 100/50/25% all add ons apply, and lesser of 100% of billed charges",18617,,,,,,,Case Rate,". MPL 100/50/25% all add ons apply, and lesser of 100% of billed charges",6903.8,,,,,,,Case Rate,"100% Medicare OPPS FS. ",18617,,,,,,,Case Rate,". MPL 100/50/25% all add ons apply, and lesser of 100% of billed charges",18617,,,,,,,Case Rate,". MPL 100/50/25% all add ons apply, and lesser of 100% of billed charges",18617,,,,,,,Case Rate,". MPL 100/50/25% all add ons apply, and lesser of 100% of billed charges",18617,,,,,,,Case Rate,". MPL 100/50/25% all add ons apply, and lesser of 100% of billed charges",6903.8,,,,,,,Case Rate,"100% Medicare OPPS FS. ",18617,,,,,,,Case Rate,". MPL 100/50/25% all add ons apply, and lesser of 100% of billed charges",18617,,,,,,,Case Rate,". MPL 100/50/25% all add ons apply, and lesser of 100% of billed charges",10024,,,,,,,Case Rate,". Primary procedure pays at 100%, secondary at 50%, all subsequent at 25%.  Lesser of applies when negotiated rates exceed charges less addons.",3015.18,,,,,,,Fee Schedule,100% APG. Lesser of 100% of billed charges applies.,3015.18,,,,,,,Case rate,124 Percent of Medicaid APG. Covered services not payable under Medicaid Fee Schedules default to a payment of 50 percent of charges.,6784.16,,,,,,,Case Rate,225% of NYS APG. Lesser of 100% of billed charges applies.,6784.16,,,,,,,Case Rate,225 Percent of Medicaid APG. Covered services not payable under Medicaid Fee Schedules default to a payment of 87.5 percent of charges.,3015.18,,,,,,,Case rate,124 Percent of Medicaid APG. Covered services not payable under Medicaid Fee Schedules default to a payment of 50 percent of charges.,6784.16,,,,,,,Case Rate,225% of NYS APG. Lesser of 100% of billed charges applies.,6784.16,,,,,,,Case Rate,225% of NYS APG. Lesser of 100% of billed charges applies.,6784.16,,,,,,,Case Rate,225% of NYS APG. Lesser of 100% of billed charges applies.,6784.16,,,,,,,Case Rate,225% of NYS APG. Lesser of 100% of billed charges applies.,6784.16,,,,,,,Case Rate,225% of NYS APG. Lesser of 100% of billed charges applies.,6784.16,,,,,,,Case Rate,225% of NYS APG. Lesser of 100% of billed charges applies.,,,,,,,,,"NA. ",,,,,,,,,"NA. ",,,,,,,,,"NA. ",6487,,,,,,,Case Rate,". MPL 100/50/25% maxmium of 3 procedures. All add ons apply, and lesser of 100% of billed charges",,,,,,,,,"NA. ",6903.8,,,,,,,Case Rate,"100% Medicare OPPS FS. ",1352,,,,,,,Case Rate,". MPL 1st 100% of Payment Rate 50% of all others, all add ons apply, and lesser of 100% of billed charges.",6903.8,,,,,,,Case Rate,"100% Medicare OPPS FS. ",6903.8,,,,,,,Case Rate,"100% Medicare OPPS FS. ",3618.22,,,,,,,Case Rate,"120 Percent of Medicaid APG. Not APG payable, or payable under another fee schedule like ASP/AWP pays at 30% of charges",3618.22,,,,,,,Case Rate,"120 Percent of Medicaid APG. Not APG payable, or payable under another fee schedule like ASP/AWP pays at 30% of charges",3015.18,,,,,,,Case Rate,"100 Percent of Medicaid APG. Not APG payable, or payable under another fee schedule like ASP/AWP pays at 30% of charges",3015.18,,,,,,,Case Rate,"100 Percent of Medicaid APG. Not APG payable, or payable under another fee schedule like ASP/AWP pays at 30% of charges",3015.18,,,,,,,Case Rate,"100 Percent of Medicaid APG. ",7163,,,,,,,Case Rate,". ",10024,,,,,,,Case Rate,". Primary procedure pays at 100%, secondary at 50%, all subsequent at 25%.  Lesser of applies when negotiated rates exceed charges less addons.",8427,,,,,,,Case Rate,". Primary procedure pays at 100%, all subsequent at 50%.",6487,,,,,,,Case Rate,". MPL 100/50/25% maxmium of 3 procedures. All add ons apply, and lesser of 100% of billed charges",6903.8,,,,,,,Case Rate,"100%Medicare OPPS FS. ",6903.8,,,,,,,Case Rate,"100% Medicare OPPS FS. ",6903.8,,,,,,,Case Rate,"100% Medicare OPPS FS. ",6903.8,,,,,,,Case Rate,"100% Medicare OPPS FS. ",6903.8,,,,,,,Case Rate,"100%Medicare OPPS FS. ",6903.8,,,,,,,Case Rate,"100% Medicare OPPS FS. ",,,,,,,,,"NA. ",6784.16,,,,,,,Case Rate,225% of NYS APG. Lesser of 100% of billed charges applies.,2387.71,,,,,,,Case Rate,100% of PAS. Lesser of 100% of billed charges applies.,18617,,,,,,,Case Rate,". MPL 100/50/25% all add ons apply, and lesser of 100% of billed charges",7163,,,,,,,Case Rate,". ",7163,,,,,,,Case Rate,". ",7163,,,,,,,Case Rate,". ",7163,,,,,,,Case Rate,". ",6903.8,,,,,,,Case Rate,"100% Medicare OPPS FS. ",3015.18,,,,,,,Case Rate,"100 Percent of Medicaid APG. ",18617,,,,,,,Case Rate,". MPL 100/50/25% all add ons apply, and lesser of 100% of billed charges",3015.18,,,,,,,Case Rate,"100 Percent of Medicaid APG. ",6903.8,,,,,,,Case Rate,"100% Medicare OPPS FS. ",3015.18,,,,,,,Case Rate,"100 Percent of Medicaid APG. ",6903.8,,,,,,,Case Rate,"100% Medicare OPPS FS. ",6903.8,,,,,,,Case Rate,"100% Medicare OPPS FS. ",3015.18,,,,,,,Case Rate,"100 Percent of Medicaid APG. ",3015.18,,,,,,,Case Rate,"100 Percent of Medicaid APG. ",7163,,,,,,,Case Rate,". ",6487,,,,,,,Case Rate,". MPL 100/50/25% maxmium of 3 procedures. All add ons apply, and lesser of 100% of billed charges",,78,,,,,0,percent of total billed charges,78% of Billed Charges. Lesser of 100% of billed charges applies.; No services were performed during the 15 month look back period.,18160.12,,,,,,,Case Rate,". MPL 100/50/25% all add ons apply, and lesser of 100% of billed charges",18160.12,,,,,,,Case Rate,". MPL 100/50/25% all add ons apply, and lesser of 100% of billed charges",10024,,,,,,,Case Rate,". Primary procedure pays at 100%, secondary at 50%, all subsequent at 25%.  Lesser of applies when negotiated rates exceed charges less addons.",3638.28,,,,,,,Case Rate,"83% HF Fee schedule. ",12574,,,,,,,Case Rate,". Primary procedure pays at 100%, all subsequent at 50%.",12574,,,,,,,Case Rate,". Primary procedure pays at 100%, all subsequent at 50%.",14894,,,,,,,Case Rate,". MPL 100/50/25% all add ons apply, and lesser of 100% of billed charges",14894,,,,,,,Case Rate,". MPL 100/50/25% all add ons apply, and lesser of 100% of billed charges",6903.8,,,,,,,Case Rate,"100% Medicare OPPS FS. ",6903.8,,,,,,,Case Rate,"100% Medicare OPPS FS. ",6903.8,,,,,,,Case Rate,"100% Medicare OPPS FS. ",6903.8,,,,,,,Case Rate,"100% Medicare OPPS FS. ",18160.12,,,,,,,Case Rate,". MPL 100/50/25% all add ons apply, and lesser of 100% of billed charges",18617,,,,,,,Case Rate,". MPL 100/50/25% all add ons apply, and lesser of 100% of billed charges",18617,,,,,,,Case Rate,". MPL 100/50/25% all add ons apply, and lesser of 100% of billed charges",6903.8,,,,,,,Case Rate,"100% Medicare OPPS FS. ",14894,,,,,,,Case Rate,". MPL 100/50/25% all add ons apply, and lesser of 100% of billed charges",8427,,,,,,,Case Rate,". Primary procedure pays at 100%, all subsequent at 50%.",3618.22,,,,,,,Fee Schedule,"120 Percent of Medicaid APG. ",3015.18,,,,,,,Case Rate,"100 Percent of Medicaid APG. ",7163,,,,,,,Case Rate,". ",16755,,,,,,,Case Rate,". MPL 100/50/25% all add ons apply, and lesser of 100% of billed charges",16755,,,,,,,Case Rate,". MPL 100/50/25% all add ons apply, and lesser of 100% of billed charges",18617,,,,,,,Case Rate,". MPL 100/50/25% all add ons apply, and lesser of 100% of billed charges",14948,,,,,,,Case Rate,". MPL 100/75/50% all add ons apply, and lesser of 100% of billed charges",6903.8,,,,,,,Case Rate,"100%Medicare OPPS FS. ",3165.94,,,,,,,Fee Schedule,105 percent of Medicaid APG. otherwise 105% of Ordered NYS MCD FS or 105% of ASP+6%,3165.94,,,,,,,Fee Schedule,105 percent of Medicaid APG. otherwise 105% of Ordered NYS MCD FS or 105% of ASP+6%,3165.94,,,,,,,Fee Schedule,105 percent of Medicaid APG. otherwise 105% of Ordered NYS MCD FS or 105% of ASP+6%,4070.49,,,,,,,Fee Schedule,135 percent of Medicaid APG. otherwise 135% of Ordered NYS MCD FS or 135% of ASP+6%,18160.12,,,,,,,Case Rate,". MPL 100/50/25% all add ons apply, and lesser of 100% of billed charges",3165.94,,,,,,,Fee Schedule,105 percent of Medicaid APG. otherwise 105% of Ordered NYS MCD FS or 105% of ASP+6%,3165.94,,,,,,,Fee Schedule,105 percent of Medicaid APG. otherwise 105% of Ordered NYS MCD FS or 105% of ASP+6%,3165.94,,,,,,,Fee Schedule,105 percent of Medicaid APG. otherwise 105% of Ordered NYS MCD FS or 105% of ASP+6%,3165.94,,,,,,,Fee Schedule,105 percent of Medicaid APG. otherwise 105% of Ordered NYS MCD FS or 105% of ASP+6%,3165.94,,,,,,,Fee Schedule,105 percent of Medicaid APG. otherwise 105% of Ordered NYS MCD FS or 105% of ASP+6%,4070.49,,,,,,,Fee Schedule,135 percent of Medicaid APG. otherwise 135% of Ordered NYS MCD FS or 135% of ASP+6%,4070.49,,,,,,,Fee Schedule,135 percent of Medicaid APG. otherwise 135% of Ordered NYS MCD FS or 135% of ASP+6%,6903.8,,,,,,,Case Rate,"100% Medicare OPPS FS. ",18160.12,,,,,,,Case Rate,". MPL 100/50/25% all add ons apply, and lesser of 100% of billed charges",6903.8,,,,,,,Case Rate,"100% Medicare OPPS FS. ",3165.94,,,,,,,Fee Schedule,105 percent of Medicaid APG. otherwise 105% of Ordered NYS MCD FS or 105% of ASP+6%,18617,,,,,,,Case Rate,". MPL 100/50/25% all add ons apply, and lesser of 100% of billed charges",6903.8,,,,,,,Case Rate,"100% Medicare OPPS FS. ",18617,,,,,,,Case Rate,". MPL 100/50/25% all add ons apply, and lesser of 100% of billed charges",18617,,,,,,,Case Rate,". MPL 100/50/25% all add ons apply, and lesser of 100% of billed charges",18617,,,,,,,Case Rate,". MPL 100/50/25% all add ons apply, and lesser of 100% of billed charges",3165.94,,,,,,,Fee Schedule,105 percent of Medicaid APG. otherwise 105% of Ordered NYS MCD FS or 105% of ASP+6%,6903.8,,,,,,,Case Rate,"100% Medicare OPPS FS. ",18617,,,,,,,Case Rate,". MPL 100/50/25% all add ons apply, and lesser of 100% of billed charges",4070.49,,,,,,,Fee Schedule,135 percent of Medicaid APG. otherwise 135% of Ordered NYS MCD FS or 135% of ASP+6%,18617,,,,,,,Case Rate,". MPL 100/50/25% all add ons apply, and lesser of 100% of billed charges",,200,,,,,0,Case Rate,200% of Medicare OPPS. ; No services were performed during the 15 month look back period.,6903.8,,,,,,,Case Rate,"100%Medicare OPPS FS. ",7163,,,,,,,Case Rate,". ",7163,,,,,,,Case Rate,". ",7163,,,,,,,Case Rate,". ",7163,,,,,,,Case Rate,". ",7163,,,,,,,Case Rate,". ",8427,,,,,,,Case Rate,". Primary procedure pays at 100%, all subsequent at 50%.",8427,,,,,,,Case Rate,". Primary procedure pays at 100%, all subsequent at 50%.",7163,,,,,,,Case Rate,". ",7163,,,,,,,Case Rate,". ",7163,,,,,,,Case Rate,". ",7163,,,,,,,Case Rate,". ",7163,,,,,,,Case Rate,". ",6903.8,,,,,,,Case Rate,"100% Medicare OPPS FS. ",8427,,,,,,,Case Rate,". Primary procedure pays at 100%, all subsequent at 50%.",6903.8,,,,,,,Case Rate,"100% Medicare OPPS FS. ",6784.16,,,,,,,Case Rate,"225 Percent of Medicaid APG. If not included in Medicaid APG, then 100 Percent of Manhattan Medicare",3015.18,,,,,,,Case Rate,"100 Percent of Medicaid APG. ",18160.12,,,,,,,Case Rate,". MPL 100/50/25% all add ons apply, and lesser of 100% of billed charges",18160.12,,,,,,,Case Rate,". MPL 100/50/25% all add ons apply, and lesser of 100% of billed charges",6903.8,,,,,,,Case Rate,"100% Medicare OPPS FS. ",12574,,,,,,,Case Rate,". Primary procedure pays at 100%, all subsequent at 50%.",6903.8,,,,,,,Case Rate,"100% Medicare OPPS FS. ",6903.8,,,,,,,Case Rate,"100% Medicare OPPS FS. ",10024,,,,,,,Case Rate,". Primary procedure pays at 100%, secondary at 50%, all subsequent at 25%.  Lesser of applies when negotiated rates exceed charges less addons.",6903.8,,,,,,,Case Rate,"100% Medicare OPPS FS. ",6487,,,,,,,Case Rate,". MPL 100/50/25% maxmium of 3 procedures. All add ons apply, and lesser of 100% of billed charges",6903.8,,,,,,,Case Rate,"100% Medicare OPPS FS. ",6487,,,,,,,Case Rate,". MPL 100/50/25% maxmium of 3 procedures. All add ons apply, and lesser of 100% of billed charges",10024,,,,,,,Case Rate,". Primary procedure pays at 100%, secondary at 50%, all subsequent at 25%.  Lesser of applies when negotiated rates exceed charges less addons.",6487,,,,,,,Case Rate,". MPL 100/50/25% maxmium of 3 procedures. All add ons apply, and lesser of 100% of billed charges",6903.8,,,,,,,Case Rate,"100% Medicare OPPS FS. ",3015.18,,,,,,,Case Rate,"100 Percent of Medicaid APG. ",6903.8,,,,,,,Case Rate,"100% Medicare OPPS FS. ",6487,,,,,,,Case Rate,". MPL 100/50/25% maxmium of 3 procedures. All add ons apply, and lesser of 100% of billed charges",18160.12,,,,,,,Case Rate,". MPL 100/50/25% all add ons apply, and lesser of 100% of billed charges",3015.18,,,,,,,Case Rate,"100 Percent of Medicaid APG. ",18617,,,,,,,Case Rate,". MPL 100/50/25% all add ons apply, and lesser of 100% of billed charges",3618.22,,,,,,,Fee Schedule,"120 Percent of Medicaid APG. ",3618.22,,,,,,,Fee Schedule,"120 Percent of Medicaid APG. ",18617,,,,,,,Case Rate,". MPL 100/50/25% all add ons apply, and lesser of 100% of billed charges",18617,,,,,,,Case Rate,". MPL 100/50/25% all add ons apply, and lesser of 100% of billed charges",18617,,,,,,,Case Rate,". MPL 100/50/25% all add ons apply, and lesser of 100% of billed charges",18160.12,,,,,,,Case Rate,". MPL 100/50/25% all add ons apply, and lesser of 100% of billed charges",18617,,,,,,,Case Rate,". MPL 100/50/25% all add ons apply, and lesser of 100% of billed charges",18617,,,,,,,Case Rate,". MPL 100/50/25% all add ons apply, and lesser of 100% of billed charges",18617,,,,,,,Case Rate,". MPL 100/50/25% all add ons apply, and lesser of 100% of billed charges",7163,,,,,,,Case Rate,". ",7163,,,,,,,Case Rate,". ",13669.52,,,,,,,Case Rate,198 Percent of Medicare OPPS. Metroplus will reimburse unlisted codes and described codes with no Medicare rate at 50 percent of charges.,3015.18,,,,,,,Case Rate,"100 Percent of Medicaid APG. ",18160.12,,,,,,,Case Rate,". MPL 100/50/25% all add ons apply, and lesser of 100% of billed charges",6487,,,,,,,Case Rate,". MPL 100/50/25% maxmium of 3 procedures. All add ons apply, and lesser of 100% of billed charges",10024,,,,,,,Case Rate,". Primary procedure pays at 100%, secondary at 50%, all subsequent at 25%.  Lesser of applies when negotiated rates exceed charges less addons.",18160.12,,,,,,,Case Rate,". MPL 100/50/25% all add ons apply, and lesser of 100% of billed charges",10024,,,,,,,Case Rate,". Primary procedure pays at 100%, secondary at 50%, all subsequent at 25%.  Lesser of applies when negotiated rates exceed charges less addons.",18160.12,,,,,,,Case Rate,". MPL 100/50/25% all add ons apply, and lesser of 100% of billed charges",18617,,,,,,,Case Rate,". MPL 100/50/25% all add ons apply, and lesser of 100% of billed charges",18617,,,,,,,Case Rate,". MPL 100/50/25% all add ons apply, and lesser of 100% of billed charges",18617,,,,,,,Case Rate,". MPL 100/50/25% all add ons apply, and lesser of 100% of billed charges",18617,,,,,,,Case Rate,". MPL 100/50/25% all add ons apply, and lesser of 100% of billed charges",6903.8,,,,,,,Case Rate,"100% Medicare OPPS FS. ",376,25798,
49325,CPT,,,490,RC,LAP REVISION PERM IP CATH,,,both,,,,9740,,,,,,,Case Rate,". MPL 1st 100% of Payment Rate 50% of all others, all add ons apply, and lesser of 100% of billed charges.",9740,,,,,,,Case Rate,". MPL 1st 100% of Payment Rate 50% of all others, all add ons apply, and lesser of 100% of billed charges.",16624,,,,,,,Case Rate,". Primary procedure pays at 100%, secondary at 50%, all subsequent at 25%.  Lesser of applies when negotiated rates exceed charges less addons.",,100,,,,,0,percent of total billed charges,100 percent of billed charges. ; No services were performed during the 15 month look back period.,6903.8,,,,,,,Case Rate,"100% Medicare OPPS FS. ",16624,,,,,,,Case Rate,". Primary procedure pays at 100%, secondary at 50%, all subsequent at 25%.  Lesser of applies when negotiated rates exceed charges less addons.",16624,,,,,,,Case Rate,". Primary procedure pays at 100%, secondary at 50%, all subsequent at 25%.  Lesser of applies when negotiated rates exceed charges less addons.",16624,,,,,,,Case Rate,". Primary procedure pays at 100%, secondary at 50%, all subsequent at 25%.  Lesser of applies when negotiated rates exceed charges less addons.",3290.46,,,,,,,Case Rate,"100 Percent of Medicaid APG. ",2742.05,,,,,,,Case Rate,"100 Percent of Medicaid APG. ",,78,,,,,0,percent of total billed charges,78% of Billed Charges. Lesser of 100% of billed charges applies.; No services were performed during the 15 month look back period.,16383.1,,,,,,,Case Rate,". MPL 100/50/25% all add ons apply, and lesser of 100% of billed charges",2742.05,,,,,,,Case Rate,"100 Percent of Medicaid APG. ",6903.8,,,,,,,Case Rate,"100% Medicare OPPS FS. ",6487,,,,,,,Case Rate,". MPL 100/50/25% maxmium of 3 procedures. All add ons apply, and lesser of 100% of billed charges",6487,,,,,,,Case Rate,". MPL 100/50/25% maxmium of 3 procedures. All add ons apply, and lesser of 100% of billed charges",6487,,,,,,,Case Rate,". MPL 100/50/25% maxmium of 3 procedures. All add ons apply, and lesser of 100% of billed charges",6487,,,,,,,Case Rate,". MPL 100/50/25% maxmium of 3 procedures. All add ons apply, and lesser of 100% of billed charges",2742.05,,,,,,,Case rate,124 Percent of Medicaid APG. Covered services not payable under Medicaid Fee Schedules default to a payment of 50 percent of charges.,6903.8,,,,,,,Case Rate,"100% Medicare OPPS FS. ",2742.05,,,,,,,Case rate,124 Percent of Medicaid APG. Covered services not payable under Medicaid Fee Schedules default to a payment of 50 percent of charges.,,78,,,,,0,percent of total billed charges,78% of Billed Charges. Lesser of 100% of billed charges applies.; No services were performed during the 15 month look back period.,16624,,,,,,,Case Rate,". Primary procedure pays at 100%, secondary at 50%, all subsequent at 25%.  Lesser of applies when negotiated rates exceed charges less addons.",6903.8,,,,,,,Case Rate,"100%Medicare OPPS FS. ",8427,,,,,,,Case Rate,". Primary procedure pays at 100%, all subsequent at 50%.",6903.8,,,,,,,Case Rate,"100%Medicare OPPS FS. ",6903.8,,,,,,,Case Rate,"100%Medicare OPPS FS. ",,78,,,,,0,percent of total billed charges,78% of Billed Charges. Lesser of 100% of billed charges applies.; No services were performed during the 15 month look back period.,2425.14,,,,,,,Case Rate,100% of PAS. Lesser of 100% of billed charges applies.,2425.14,,,,,,,Case Rate,100% of PAS. Lesser of 100% of billed charges applies.,2742.05,,,,,,,Case rate,"100 Percent of Medicaid APG. ",2742.05,,,,,,,Case rate,"100 Percent of Medicaid APG. ",8427,,,,,,,Case Rate,". Primary procedure pays at 100%, all subsequent at 50%.",8427,,,,,,,Case Rate,". Primary procedure pays at 100%, all subsequent at 50%.",2742.05,,,,,,,Case Rate,"100 Percent of Medicaid APG. Not APG payable, or payable under another fee schedule like ASP/AWP pays at 30% of charges",8427,,,,,,,Case Rate,". Primary procedure pays at 100%, all subsequent at 50%.",2742.05,,,,,,,Case Rate,"100 Percent of Medicaid APG. Not APG payable, or payable under another fee schedule like ASP/AWP pays at 30% of charges",6903.8,,,,,,,Case Rate,"100%Medicare OPPS FS. ",8427,,,,,,,Case Rate,". Primary procedure pays at 100%, all subsequent at 50%.",,78,,,,,0,percent of total billed charges,78% of Billed Charges. Lesser of 100% of billed charges applies.; No services were performed during the 15 month look back period.,2742.05,,,,,,,Case Rate,"100 Percent of Medicaid APG. ",2742.05,,,,,,,Case Rate,"100 Percent of Medicaid APG. ",,78,,,,,0,percent of total billed charges,78% of Billed Charges. Lesser of 100% of billed charges applies.; No services were performed during the 15 month look back period.,6487,,,,,,,Case Rate,". MPL 100/50/25% maxmium of 3 procedures. All add ons apply, and lesser of 100% of billed charges",14572,,,,,,,Case Rate,". MPL 100/50/25% all add ons apply, and lesser of 100% of billed charges",14572,,,,,,,Case Rate,". MPL 100/50/25% all add ons apply, and lesser of 100% of billed charges",,78,,,,,0,percent of total billed charges,78% of Billed Charges. Lesser of 100% of billed charges applies.; No services were performed during the 15 month look back period.,6903.8,,,,,,,Case Rate,"100% Medicare OPPS FS. ",16383.1,,,,,,,Case Rate,". MPL 100/50/25% all add ons apply, and lesser of 100% of billed charges",16383.1,,,,,,,Case Rate,". MPL 100/50/25% all add ons apply, and lesser of 100% of billed charges",16383.1,,,,,,,Case Rate,". MPL 100/50/25% all add ons apply, and lesser of 100% of billed charges",6903.8,,,,,,,Case Rate,"100% Medicare OPPS FS. ",16383.1,,,,,,,Case Rate,". MPL 100/50/25% all add ons apply, and lesser of 100% of billed charges",16383.1,,,,,,,Case Rate,". MPL 100/50/25% all add ons apply, and lesser of 100% of billed charges",6903.8,,,,,,,Case Rate,"100% of Medicare OPPS. ",25798,,,,,,,Case Rate,". MPL 100/75/50% all add ons apply, and lesser of 100% of billed charges",18617,,,,,,,Case Rate,". MPL 100/50/25% all add ons apply, and lesser of 100% of billed charges",18617,,,,,,,Case Rate,". MPL 100/50/25% all add ons apply, and lesser of 100% of billed charges",18617,,,,,,,Case Rate,". MPL 100/50/25% all add ons apply, and lesser of 100% of billed charges",18617,,,,,,,Case Rate,". MPL 100/50/25% all add ons apply, and lesser of 100% of billed charges",18617,,,,,,,Case Rate,". MPL 100/50/25% all add ons apply, and lesser of 100% of billed charges",18617,,,,,,,Case Rate,". MPL 100/50/25% all add ons apply, and lesser of 100% of billed charges",6903.8,,,,,,,Case Rate,"100% Medicare OPPS FS. ",6903.8,,,,,,,Case Rate,"100% Medicare OPPS FS. ",18617,,,,,,,Case Rate,". MPL 100/50/25% all add ons apply, and lesser of 100% of billed charges",,78,,,,,0,percent of total billed charges,78% of Billed Charges. Lesser of 100% of billed charges applies.; No services were performed during the 15 month look back period.,,78,,,,,0,percent of total billed charges,78% of Billed Charges. Lesser of 100% of billed charges applies.; No services were performed during the 15 month look back period.,,78,,,,,0,percent of total billed charges,78% of Billed Charges. Lesser of 100% of billed charges applies.; No services were performed during the 15 month look back period.,,78,,,,,0,percent of total billed charges,78% of Billed Charges. Lesser of 100% of billed charges applies.; No services were performed during the 15 month look back period.,,78,,,,,0,percent of total billed charges,78% of Billed Charges. Lesser of 100% of billed charges applies.; No services were performed during the 15 month look back period.,,78,,,,,0,percent of total billed charges,78% of Billed Charges. Lesser of 100% of billed charges applies.; No services were performed during the 15 month look back period.,,78,,,,,0,percent of total billed charges,78% of Billed Charges. Lesser of 100% of billed charges applies.; No services were performed during the 15 month look back period.,,78,,,,,0,percent of total billed charges,78% of Billed Charges. Lesser of 100% of billed charges applies.; No services were performed during the 15 month look back period.,,78,,,,,0,percent of total billed charges,78% of Billed Charges. Lesser of 100% of billed charges applies.; No services were performed during the 15 month look back period.,,78,,,,,0,percent of total billed charges,78% of Billed Charges. Lesser of 100% of billed charges applies.; No services were performed during the 15 month look back period.,,78,,,,,0,percent of total billed charges,78% of Billed Charges. Lesser of 100% of billed charges applies.; No services were performed during the 15 month look back period.,,78,,,,,0,percent of total billed charges,78% of Billed Charges. Lesser of 100% of billed charges applies.; No services were performed during the 15 month look back period.,,78,,,,,0,percent of total billed charges,78% of Billed Charges. Lesser of 100% of billed charges applies.; No services were performed during the 15 month look back period.,,78,,,,,0,percent of total billed charges,78% of Billed Charges. Lesser of 100% of billed charges applies.; No services were performed during the 15 month look back period.,,78,,,,,0,percent of total billed charges,78% of Billed Charges. Lesser of 100% of billed charges applies.; No services were performed during the 15 month look back period.,,78,,,,,0,percent of total billed charges,78% of Billed Charges. Lesser of 100% of billed charges applies.; No services were performed during the 15 month look back period.,,78,,,,,0,percent of total billed charges,78% of Billed Charges. Lesser of 100% of billed charges applies.; No services were performed during the 15 month look back period.,,78,,,,,0,percent of total billed charges,78% of Billed Charges. Lesser of 100% of billed charges applies.; No services were performed during the 15 month look back period.,,78,,,,,0,percent of total billed charges,78% of Billed Charges. Lesser of 100% of billed charges applies.; No services were performed during the 15 month look back period.,,78,,,,,0,percent of total billed charges,78% of Billed Charges. Lesser of 100% of billed charges applies.; No services were performed during the 15 month look back period.,,78,,,,,0,percent of total billed charges,78% of Billed Charges. Lesser of 100% of billed charges applies.; No services were performed during the 15 month look back period.,,78,,,,,0,percent of total billed charges,78% of Billed Charges. Lesser of 100% of billed charges applies.; No services were performed during the 15 month look back period.,,78,,,,,0,percent of total billed charges,78% of Billed Charges. Lesser of 100% of billed charges applies.; No services were performed during the 15 month look back period.,,78,,,,,0,percent of total billed charges,78% of Billed Charges. Lesser of 100% of billed charges applies.; No services were performed during the 15 month look back period.,,78,,,,,0,percent of total billed charges,78% of Billed Charges. Lesser of 100% of billed charges applies.; No services were performed during the 15 month look back period.,,78,,,,,0,percent of total billed charges,78% of Billed Charges. Lesser of 100% of billed charges applies.; No services were performed during the 15 month look back period.,8427,,,,,,,Case Rate,". Primary procedure pays at 100%, all subsequent at 50%.",8427,,,,,,,Case Rate,". Primary procedure pays at 100%, all subsequent at 50%.",8427,,,,,,,Case Rate,". Primary procedure pays at 100%, all subsequent at 50%.",8427,,,,,,,Case Rate,". Primary procedure pays at 100%, all subsequent at 50%.",12574,,,,,,,Case Rate,". Primary procedure pays at 100%, all subsequent at 50%.",12574,,,,,,,Case Rate,". Primary procedure pays at 100%, all subsequent at 50%.",6487,,,,,,,Case Rate,". MPL 100/50/25% maxmium of 3 procedures. All add ons apply, and lesser of 100% of billed charges",18617,,,,,,,Case Rate,". MPL 100/50/25% all add ons apply, and lesser of 100% of billed charges",16383.1,,,,,,,Case Rate,". MPL 100/50/25% all add ons apply, and lesser of 100% of billed charges",18617,,,,,,,Case Rate,". MPL 100/50/25% all add ons apply, and lesser of 100% of billed charges",,78,,,,,0,percent of total billed charges,78% of Billed Charges. Lesser of 100% of billed charges applies.; No services were performed during the 15 month look back period.,12574,,,,,,,Case Rate,". Primary procedure pays at 100%, all subsequent at 50%.",18617,,,,,,,Case Rate,". MPL 100/50/25% all add ons apply, and lesser of 100% of billed charges",16383.1,,,,,,,Case Rate,". MPL 100/50/25% all add ons apply, and lesser of 100% of billed charges",6487,,,,,,,Case Rate,". MPL 100/50/25% maxmium of 3 procedures. All add ons apply, and lesser of 100% of billed charges",,,,,,,,,"NA. ",,78,,,,,0,percent of total billed charges,78% of Billed Charges. Lesser of 100% of billed charges applies.; No services were performed during the 15 month look back period.,2742.05,,,,,,,Case Rate,"100 Percent of Medicaid APG. ",8427,,,,,,,Case Rate,". Primary procedure pays at 100%, all subsequent at 50%.",2742.05,,,,,,,Case Rate,"100 Percent of Medicaid APG. Not APG payable, or payable under another fee schedule like ASP/AWP pays at 30% of charges",6903.8,,,,,,,Case Rate,"100%Medicare OPPS FS. ",6903.8,,,,,,,Case Rate,"100% Medicare OPPS FS. ",25798,,,,,,,Case Rate,". MPL 100/75/50% all add ons apply, and lesser of 100% of billed charges",6903.8,,,,,,,Case Rate,"100% Medicare OPPS FS. ",6903.8,,,,,,,Case Rate,"100% Medicare OPPS FS. ",2742.05,,,,,,,Case Rate,"100 Percent of Medicaid APG. ",6903.8,,,,,,,Case Rate,"100% Medicare OPPS FS. ",6903.8,,,,,,,Case Rate,"100% Medicare OPPS FS. ",16624,,,,,,,Case Rate,". Primary procedure pays at 100%, secondary at 50%, all subsequent at 25%.  Lesser of applies when negotiated rates exceed charges less addons.",16624,,,,,,,Case Rate,". Primary procedure pays at 100%, secondary at 50%, all subsequent at 25%.  Lesser of applies when negotiated rates exceed charges less addons.",6903.8,,,,,,,Case Rate,"100% Medicare OPPS FS. ",6487,,,,,,,Case Rate,". MPL 100/50/25% maxmium of 3 procedures. All add ons apply, and lesser of 100% of billed charges",16383.1,,,,,,,Case Rate,". MPL 100/50/25% all add ons apply, and lesser of 100% of billed charges",16383.1,,,,,,,Case Rate,". MPL 100/50/25% all add ons apply, and lesser of 100% of billed charges",6903.8,,,,,,,Case Rate,"100% Medicare OPPS FS. ",6487,,,,,,,Case Rate,". MPL 100/50/25% maxmium of 3 procedures. All add ons apply, and lesser of 100% of billed charges",16624,,,,,,,Case Rate,". Primary procedure pays at 100%, secondary at 50%, all subsequent at 25%.  Lesser of applies when negotiated rates exceed charges less addons.",16624,,,,,,,Case Rate,". Primary procedure pays at 100%, secondary at 50%, all subsequent at 25%.  Lesser of applies when negotiated rates exceed charges less addons.",16624,,,,,,,Case Rate,". Primary procedure pays at 100%, secondary at 50%, all subsequent at 25%.  Lesser of applies when negotiated rates exceed charges less addons.",,78,,,,,0,percent of total billed charges,78% of Billed Charges. Lesser of 100% of billed charges applies.; No services were performed during the 15 month look back period.,,78,,,,,0,percent of total billed charges,78% of Billed Charges. Lesser of 100% of billed charges applies.; No services were performed during the 15 month look back period.,,78,,,,,0,percent of total billed charges,78% of Billed Charges. Lesser of 100% of billed charges applies.; No services were performed during the 15 month look back period.,,78,,,,,0,percent of total billed charges,78% of Billed Charges. Lesser of 100% of billed charges applies.; No services were performed during the 15 month look back period.,,78,,,,,0,percent of total billed charges,78% of Billed Charges. Lesser of 100% of billed charges applies.; No services were performed during the 15 month look back period.,,78,,,,,0,percent of total billed charges,78% of Billed Charges. Lesser of 100% of billed charges applies.; No services were performed during the 15 month look back period.,,78,,,,,0,percent of total billed charges,78% of Billed Charges. Lesser of 100% of billed charges applies.; No services were performed during the 15 month look back period.,,78,,,,,0,percent of total billed charges,78% of Billed Charges. Lesser of 100% of billed charges applies.; No services were performed during the 15 month look back period.,,78,,,,,0,percent of total billed charges,78% of Billed Charges. Lesser of 100% of billed charges applies.; No services were performed during the 15 month look back period.,,78,,,,,0,percent of total billed charges,78% of Billed Charges. Lesser of 100% of billed charges applies.; No services were performed during the 15 month look back period.,,78,,,,,0,percent of total billed charges,78% of Billed Charges. Lesser of 100% of billed charges applies.; No services were performed during the 15 month look back period.,12574,,,,,,,Case Rate,". Primary procedure pays at 100%, all subsequent at 50%.",18617,,,,,,,Case Rate,". MPL 100/50/25% all add ons apply, and lesser of 100% of billed charges",6487,,,,,,,Case Rate,". MPL 100/50/25% maxmium of 3 procedures. All add ons apply, and lesser of 100% of billed charges",6903.8,,,,,,,Case Rate,"100% Medicare OPPS FS. ",16624,,,,,,,Case Rate,". Primary procedure pays at 100%, secondary at 50%, all subsequent at 25%.  Lesser of applies when negotiated rates exceed charges less addons.",6487,,,,,,,Case Rate,". MPL 100/50/25% maxmium of 3 procedures. All add ons apply, and lesser of 100% of billed charges",6487,,,,,,,Case Rate,". MPL 100/50/25% maxmium of 3 procedures. All add ons apply, and lesser of 100% of billed charges",,78,,,,,0,percent of total billed charges,78% of Billed Charges. Lesser of 100% of billed charges applies.; No services were performed during the 15 month look back period.,5867.98,,,,,,,Case Rate,"214 Percent of Medicaid APG. Drugs not priced under APG, billed with revenue code 636 and not priced by Medicare ASP FeeSched will be reimbursed at 20% of charges.",6487,,,,,,,Case Rate,". MPL 100/50/25% maxmium of 3 procedures. All add ons apply, and lesser of 100% of billed charges",2742.05,,,,,,,Case Rate,"100 Percent of Medicaid APG. ",6903.8,,,,,,,Case Rate,"100% Medicare OPPS FS. ",6903.8,,,,,,,Case Rate,"100% Medicare OPPS FS. ",6903.8,,,,,,,Case Rate,"100% Medicare OPPS FS. ",6903.8,,,,,,,Case Rate,"100% Medicare OPPS FS. ",6903.8,,,,,,,Case Rate,"100% Medicare OPPS FS. ",6903.8,,,,,,,Case Rate,"100% Medicare OPPS FS. ",6487,,,,,,,Case Rate,". MPL 100/50/25% maxmium of 3 procedures. All add ons apply, and lesser of 100% of billed charges",25798,,,,,,,Case Rate,". MPL 100/75/50% all add ons apply, and lesser of 100% of billed charges",4935.69,,,,,,,Fee Schedule,"180 Percent of Medicaid APG. ",4935.69,,,,,,,Fee Schedule,"180 Percent of Medicaid APG. ",4935.69,,,,,,,Fee Schedule,"180 Percent of Medicaid APG. ",4935.69,,,,,,,Fee Schedule,"180 Percent of Medicaid APG. ",4935.69,,,,,,,Fee Schedule,"180 Percent of Medicaid APG. ",,,,,,,,,"NA. ",25798,,,,,,,Case Rate,". MPL 100/75/50% all add ons apply, and lesser of 100% of billed charges",13669.52,,,,,,,Case Rate,198 Percent of Medicare OPPS. Metroplus will reimburse unlisted codes and described codes with no Medicare rate at 50 percent of charges.,13669.52,,,,,,,Case Rate,198 Percent of Medicare OPPS. Metroplus will reimburse unlisted codes and described codes with no Medicare rate at 50 percent of charges.,13669.52,,,,,,,Case Rate,198 Percent of Medicare OPPS. Metroplus will reimburse unlisted codes and described codes with no Medicare rate at 50 percent of charges.,13669.52,,,,,,,Case Rate,198 Percent of Medicare OPPS. Metroplus will reimburse unlisted codes and described codes with no Medicare rate at 50 percent of charges.,13669.52,,,,,,,Case Rate,198 Percent of Medicare OPPS. Metroplus will reimburse unlisted codes and described codes with no Medicare rate at 50 percent of charges.,6903.8,,,,,,,Case Rate,"100% Medicare OPPS FS. ",12574,,,,,,,Case Rate,". Primary procedure pays at 100%, all subsequent at 50%.",12574,,,,,,,Case Rate,". Primary procedure pays at 100%, all subsequent at 50%.",12574,,,,,,,Case Rate,". Primary procedure pays at 100%, all subsequent at 50%.",12574,,,,,,,Case Rate,". Primary procedure pays at 100%, all subsequent at 50%.",16624,,,,,,,Case Rate,". Primary procedure pays at 100%, secondary at 50%, all subsequent at 25%.  Lesser of applies when negotiated rates exceed charges less addons.",16624,,,,,,,Case Rate,". Primary procedure pays at 100%, secondary at 50%, all subsequent at 25%.  Lesser of applies when negotiated rates exceed charges less addons.",16624,,,,,,,Case Rate,". Primary procedure pays at 100%, secondary at 50%, all subsequent at 25%.  Lesser of applies when negotiated rates exceed charges less addons.",16624,,,,,,,Case Rate,". Primary procedure pays at 100%, secondary at 50%, all subsequent at 25%.  Lesser of applies when negotiated rates exceed charges less addons.",25798,,,,,,,Case Rate,". MPL 100/75/50% all add ons apply, and lesser of 100% of billed charges",25798,,,,,,,Case Rate,". MPL 100/75/50% all add ons apply, and lesser of 100% of billed charges",6903.8,,,,,,,Case Rate,"100% Medicare OPPS FS. ",6903.8,,,,,,,Case Rate,"100% Medicare OPPS FS. ",6903.8,,,,,,,Case Rate,"100% Medicare OPPS FS. ",18617,,,,,,,Case Rate,". MPL 100/50/25% all add ons apply, and lesser of 100% of billed charges",18617,,,,,,,Case Rate,". MPL 100/50/25% all add ons apply, and lesser of 100% of billed charges",18617,,,,,,,Case Rate,". MPL 100/50/25% all add ons apply, and lesser of 100% of billed charges",25798,,,,,,,Case Rate,". MPL 100/75/50% all add ons apply, and lesser of 100% of billed charges",16624,,,,,,,Case Rate,". Primary procedure pays at 100%, secondary at 50%, all subsequent at 25%.  Lesser of applies when negotiated rates exceed charges less addons.",6903.8,,,,,,,Case Rate,"100% Medicare OPPS FS. ",18617,,,,,,,Case Rate,". MPL 100/50/25% all add ons apply, and lesser of 100% of billed charges",2742.05,,,,,,,Case Rate,"100 Percent of Medicaid APG. ",7041.87,,,,,,,Case Rate,"102% of Medicare OPPS. ",7041.87,,,,,,,Case Rate,"102% of Medicare OPPS. ",7041.87,,,,,,,Case Rate,"102% of Medicare OPPS. ",2742.05,,,,,,,Case rate,"100 Percent of Medicaid APG. ",6169.61,,,,,,,Case Rate,225% of NYS APG. Lesser of 100% of billed charges applies.,6169.61,,,,,,,Case Rate,225% of NYS APG. Lesser of 100% of billed charges applies.,6169.61,,,,,,,Case Rate,225% of NYS APG. Lesser of 100% of billed charges applies.,6169.61,,,,,,,Case Rate,225% of NYS APG. Lesser of 100% of billed charges applies.,6169.61,,,,,,,Case Rate,225% of NYS APG. Lesser of 100% of billed charges applies.,7041.87,,,,,,,Case Rate,"102% of Medicare OPPS. ",2742.05,,,,,,,Case Rate,"100 Percent of Medicaid APG. ",2425.14,,,,,,,Case Rate,100% of PAS. Lesser of 100% of billed charges applies.,6169.61,,,,,,,Case Rate,225% of NYS APG. Lesser of 100% of billed charges applies.,6169.61,,,,,,,Case Rate,225% of NYS APG. Lesser of 100% of billed charges applies.,2425.14,,,,,,,Case Rate,100% of PAS. Lesser of 100% of billed charges applies.,2425.14,,,,,,,Case Rate,100% of PAS. Lesser of 100% of billed charges applies.,4935.69,,,,,,,Fee Schedule,"180 Percent of Medicaid APG. ",6903.8,,,,,,,Case Rate,"100% Medicare OPPS FS. ",6903.8,,,,,,,Case Rate,"100% Medicare OPPS FS. ",16624,,,,,,,Case Rate,". Primary procedure pays at 100%, secondary at 50%, all subsequent at 25%.  Lesser of applies when negotiated rates exceed charges less addons.",6903.8,,,,,,,Case Rate,"100% Medicare OPPS FS. ",6169.61,,,,,,,Case Rate,"225 Percent of Medicaid APG. ",6169.61,,,,,,,Case Rate,"225 Percent of Medicaid APG. ",2742.05,,,,,,,Case rate,"100 Percent of Medicaid APG. ",2742.05,,,,,,,Case rate,"100 Percent of Medicaid APG. ",6169.61,,,,,,,Case Rate,225 Percent of Medicaid APG. Covered services not payable under Medicaid Fee Schedules default to a payment of 87.5 percent of charges.,2742.05,,,,,,,Case rate,124 Percent of Medicaid APG. Covered services not payable under Medicaid Fee Schedules default to a payment of 50 percent of charges.,6169.61,,,,,,,Case Rate,"100 Percent of Medicaid APG. ",6169.61,,,,,,,Case Rate,"100 Percent of Medicaid APG. ",6169.61,,,,,,,Case Rate,"100 Percent of Medicaid APG. ",6169.61,,,,,,,Case Rate,"100 Percent of Medicaid APG. ",13453,,,,,,,Case Rate,". MPL 100/75/50% all add ons apply, and lesser of 100% of billed charges",25798,,,,,,,Case Rate,". MPL 100/75/50% all add ons apply, and lesser of 100% of billed charges",3290.46,,,,,,,Case Rate,"120 Percent of Medicaid APG. Not APG payable, or payable under another fee schedule like ASP/AWP pays at 30% of charges",3290.46,,,,,,,Case Rate,"120 Percent of Medicaid APG. Not APG payable, or payable under another fee schedule like ASP/AWP pays at 30% of charges",2742.05,,,,,,,Case Rate,"100 Percent of Medicaid APG. Not APG payable, or payable under another fee schedule like ASP/AWP pays at 30% of charges",2742.05,,,,,,,Case Rate,"100 Percent of Medicaid APG. Not APG payable, or payable under another fee schedule like ASP/AWP pays at 30% of charges",18617,,,,,,,Case Rate,". MPL 100/50/25% all add ons apply, and lesser of 100% of billed charges",18617,,,,,,,Case Rate,". MPL 100/50/25% all add ons apply, and lesser of 100% of billed charges",6903.8,,,,,,,Case Rate,"100% Medicare OPPS FS. ",18617,,,,,,,Case Rate,". MPL 100/50/25% all add ons apply, and lesser of 100% of billed charges",18617,,,,,,,Case Rate,". MPL 100/50/25% all add ons apply, and lesser of 100% of billed charges",18617,,,,,,,Case Rate,". MPL 100/50/25% all add ons apply, and lesser of 100% of billed charges",18617,,,,,,,Case Rate,". MPL 100/50/25% all add ons apply, and lesser of 100% of billed charges",6903.8,,,,,,,Case Rate,"100% Medicare OPPS FS. ",18617,,,,,,,Case Rate,". MPL 100/50/25% all add ons apply, and lesser of 100% of billed charges",18617,,,,,,,Case Rate,". MPL 100/50/25% all add ons apply, and lesser of 100% of billed charges",16624,,,,,,,Case Rate,". Primary procedure pays at 100%, secondary at 50%, all subsequent at 25%.  Lesser of applies when negotiated rates exceed charges less addons.",2742.05,,,,,,,Fee Schedule,100% APG. Lesser of 100% of billed charges applies.,2742.05,,,,,,,Case rate,124 Percent of Medicaid APG. Covered services not payable under Medicaid Fee Schedules default to a payment of 50 percent of charges.,6169.61,,,,,,,Case Rate,225% of NYS APG. Lesser of 100% of billed charges applies.,6169.61,,,,,,,Case Rate,225 Percent of Medicaid APG. Covered services not payable under Medicaid Fee Schedules default to a payment of 87.5 percent of charges.,2742.05,,,,,,,Case rate,124 Percent of Medicaid APG. Covered services not payable under Medicaid Fee Schedules default to a payment of 50 percent of charges.,6169.61,,,,,,,Case Rate,225% of NYS APG. Lesser of 100% of billed charges applies.,6169.61,,,,,,,Case Rate,225% of NYS APG. Lesser of 100% of billed charges applies.,6169.61,,,,,,,Case Rate,225% of NYS APG. Lesser of 100% of billed charges applies.,6169.61,,,,,,,Case Rate,225% of NYS APG. Lesser of 100% of billed charges applies.,6169.61,,,,,,,Case Rate,225% of NYS APG. Lesser of 100% of billed charges applies.,6169.61,,,,,,,Case Rate,225% of NYS APG. Lesser of 100% of billed charges applies.,,,,,,,,,"NA. ",,,,,,,,,"NA. ",,,,,,,,,"NA. ",6487,,,,,,,Case Rate,". MPL 100/50/25% maxmium of 3 procedures. All add ons apply, and lesser of 100% of billed charges",,,,,,,,,"NA. ",6903.8,,,,,,,Case Rate,"100% Medicare OPPS FS. ",9740,,,,,,,Case Rate,". MPL 1st 100% of Payment Rate 50% of all others, all add ons apply, and lesser of 100% of billed charges.",6903.8,,,,,,,Case Rate,"100% Medicare OPPS FS. ",6903.8,,,,,,,Case Rate,"100% Medicare OPPS FS. ",3290.46,,,,,,,Case Rate,"120 Percent of Medicaid APG. Not APG payable, or payable under another fee schedule like ASP/AWP pays at 30% of charges",3290.46,,,,,,,Case Rate,"120 Percent of Medicaid APG. Not APG payable, or payable under another fee schedule like ASP/AWP pays at 30% of charges",2742.05,,,,,,,Case Rate,"100 Percent of Medicaid APG. Not APG payable, or payable under another fee schedule like ASP/AWP pays at 30% of charges",2742.05,,,,,,,Case Rate,"100 Percent of Medicaid APG. Not APG payable, or payable under another fee schedule like ASP/AWP pays at 30% of charges",2742.05,,,,,,,Case Rate,"100 Percent of Medicaid APG. ",7163,,,,,,,Case Rate,". ",16624,,,,,,,Case Rate,". Primary procedure pays at 100%, secondary at 50%, all subsequent at 25%.  Lesser of applies when negotiated rates exceed charges less addons.",8427,,,,,,,Case Rate,". Primary procedure pays at 100%, all subsequent at 50%.",6487,,,,,,,Case Rate,". MPL 100/50/25% maxmium of 3 procedures. All add ons apply, and lesser of 100% of billed charges",6903.8,,,,,,,Case Rate,"100%Medicare OPPS FS. ",6903.8,,,,,,,Case Rate,"100% Medicare OPPS FS. ",6903.8,,,,,,,Case Rate,"100% Medicare OPPS FS. ",6903.8,,,,,,,Case Rate,"100% Medicare OPPS FS. ",6903.8,,,,,,,Case Rate,"100%Medicare OPPS FS. ",6903.8,,,,,,,Case Rate,"100% Medicare OPPS FS. ",,,,,,,,,"NA. ",6169.61,,,,,,,Case Rate,225% of NYS APG. Lesser of 100% of billed charges applies.,2425.14,,,,,,,Case Rate,100% of PAS. Lesser of 100% of billed charges applies.,18617,,,,,,,Case Rate,". MPL 100/50/25% all add ons apply, and lesser of 100% of billed charges",7163,,,,,,,Case Rate,". ",7163,,,,,,,Case Rate,". ",7163,,,,,,,Case Rate,". ",7163,,,,,,,Case Rate,". ",6903.8,,,,,,,Case Rate,"100% Medicare OPPS FS. ",2742.05,,,,,,,Case Rate,"100 Percent of Medicaid APG. ",18617,,,,,,,Case Rate,". MPL 100/50/25% all add ons apply, and lesser of 100% of billed charges",2742.05,,,,,,,Case Rate,"100 Percent of Medicaid APG. ",6903.8,,,,,,,Case Rate,"100% Medicare OPPS FS. ",2742.05,,,,,,,Case Rate,"100 Percent of Medicaid APG. ",6903.8,,,,,,,Case Rate,"100% Medicare OPPS FS. ",6903.8,,,,,,,Case Rate,"100% Medicare OPPS FS. ",2742.05,,,,,,,Case Rate,"100 Percent of Medicaid APG. ",2742.05,,,,,,,Case Rate,"100 Percent of Medicaid APG. ",7163,,,,,,,Case Rate,". ",6487,,,,,,,Case Rate,". MPL 100/50/25% maxmium of 3 procedures. All add ons apply, and lesser of 100% of billed charges",,78,,,,,0,percent of total billed charges,78% of Billed Charges. Lesser of 100% of billed charges applies.; No services were performed during the 15 month look back period.,16383.1,,,,,,,Case Rate,". MPL 100/50/25% all add ons apply, and lesser of 100% of billed charges",16383.1,,,,,,,Case Rate,". MPL 100/50/25% all add ons apply, and lesser of 100% of billed charges",16624,,,,,,,Case Rate,". Primary procedure pays at 100%, secondary at 50%, all subsequent at 25%.  Lesser of applies when negotiated rates exceed charges less addons.",2746.55,,,,,,,Case Rate,"83% HF Fee schedule. ",12574,,,,,,,Case Rate,". Primary procedure pays at 100%, all subsequent at 50%.",12574,,,,,,,Case Rate,". Primary procedure pays at 100%, all subsequent at 50%.",14894,,,,,,,Case Rate,". MPL 100/50/25% all add ons apply, and lesser of 100% of billed charges",14894,,,,,,,Case Rate,". MPL 100/50/25% all add ons apply, and lesser of 100% of billed charges",6903.8,,,,,,,Case Rate,"100% Medicare OPPS FS. ",6903.8,,,,,,,Case Rate,"100% Medicare OPPS FS. ",6903.8,,,,,,,Case Rate,"100% Medicare OPPS FS. ",6903.8,,,,,,,Case Rate,"100% Medicare OPPS FS. ",16383.1,,,,,,,Case Rate,". MPL 100/50/25% all add ons apply, and lesser of 100% of billed charges",18617,,,,,,,Case Rate,". MPL 100/50/25% all add ons apply, and lesser of 100% of billed charges",18617,,,,,,,Case Rate,". MPL 100/50/25% all add ons apply, and lesser of 100% of billed charges",6903.8,,,,,,,Case Rate,"100% Medicare OPPS FS. ",14894,,,,,,,Case Rate,". MPL 100/50/25% all add ons apply, and lesser of 100% of billed charges",8427,,,,,,,Case Rate,". Primary procedure pays at 100%, all subsequent at 50%.",3290.46,,,,,,,Fee Schedule,"120 Percent of Medicaid APG. ",2742.05,,,,,,,Case Rate,"100 Percent of Medicaid APG. ",7163,,,,,,,Case Rate,". ",16755,,,,,,,Case Rate,". MPL 100/50/25% all add ons apply, and lesser of 100% of billed charges",16755,,,,,,,Case Rate,". MPL 100/50/25% all add ons apply, and lesser of 100% of billed charges",18617,,,,,,,Case Rate,". MPL 100/50/25% all add ons apply, and lesser of 100% of billed charges",14948,,,,,,,Case Rate,". MPL 100/75/50% all add ons apply, and lesser of 100% of billed charges",6903.8,,,,,,,Case Rate,"100%Medicare OPPS FS. ",2879.15,,,,,,,Fee Schedule,105 percent of Medicaid APG. otherwise 105% of Ordered NYS MCD FS or 105% of ASP+6%,2879.15,,,,,,,Fee Schedule,105 percent of Medicaid APG. otherwise 105% of Ordered NYS MCD FS or 105% of ASP+6%,2879.15,,,,,,,Fee Schedule,105 percent of Medicaid APG. otherwise 105% of Ordered NYS MCD FS or 105% of ASP+6%,3701.77,,,,,,,Fee Schedule,135 percent of Medicaid APG. otherwise 135% of Ordered NYS MCD FS or 135% of ASP+6%,16383.1,,,,,,,Case Rate,". MPL 100/50/25% all add ons apply, and lesser of 100% of billed charges",2879.15,,,,,,,Fee Schedule,105 percent of Medicaid APG. otherwise 105% of Ordered NYS MCD FS or 105% of ASP+6%,2879.15,,,,,,,Fee Schedule,105 percent of Medicaid APG. otherwise 105% of Ordered NYS MCD FS or 105% of ASP+6%,2879.15,,,,,,,Fee Schedule,105 percent of Medicaid APG. otherwise 105% of Ordered NYS MCD FS or 105% of ASP+6%,2879.15,,,,,,,Fee Schedule,105 percent of Medicaid APG. otherwise 105% of Ordered NYS MCD FS or 105% of ASP+6%,2879.15,,,,,,,Fee Schedule,105 percent of Medicaid APG. otherwise 105% of Ordered NYS MCD FS or 105% of ASP+6%,3701.77,,,,,,,Fee Schedule,135 percent of Medicaid APG. otherwise 135% of Ordered NYS MCD FS or 135% of ASP+6%,3701.77,,,,,,,Fee Schedule,135 percent of Medicaid APG. otherwise 135% of Ordered NYS MCD FS or 135% of ASP+6%,6903.8,,,,,,,Case Rate,"100% Medicare OPPS FS. ",16383.1,,,,,,,Case Rate,". MPL 100/50/25% all add ons apply, and lesser of 100% of billed charges",6903.8,,,,,,,Case Rate,"100% Medicare OPPS FS. ",2879.15,,,,,,,Fee Schedule,105 percent of Medicaid APG. otherwise 105% of Ordered NYS MCD FS or 105% of ASP+6%,18617,,,,,,,Case Rate,". MPL 100/50/25% all add ons apply, and lesser of 100% of billed charges",6903.8,,,,,,,Case Rate,"100% Medicare OPPS FS. ",18617,,,,,,,Case Rate,". MPL 100/50/25% all add ons apply, and lesser of 100% of billed charges",18617,,,,,,,Case Rate,". MPL 100/50/25% all add ons apply, and lesser of 100% of billed charges",18617,,,,,,,Case Rate,". MPL 100/50/25% all add ons apply, and lesser of 100% of billed charges",2879.15,,,,,,,Fee Schedule,105 percent of Medicaid APG. otherwise 105% of Ordered NYS MCD FS or 105% of ASP+6%,6903.8,,,,,,,Case Rate,"100% Medicare OPPS FS. ",18617,,,,,,,Case Rate,". MPL 100/50/25% all add ons apply, and lesser of 100% of billed charges",3701.77,,,,,,,Fee Schedule,135 percent of Medicaid APG. otherwise 135% of Ordered NYS MCD FS or 135% of ASP+6%,18617,,,,,,,Case Rate,". MPL 100/50/25% all add ons apply, and lesser of 100% of billed charges",,200,,,,,0,Case Rate,200% of Medicare OPPS. ; No services were performed during the 15 month look back period.,6903.8,,,,,,,Case Rate,"100%Medicare OPPS FS. ",7163,,,,,,,Case Rate,". ",7163,,,,,,,Case Rate,". ",7163,,,,,,,Case Rate,". ",7163,,,,,,,Case Rate,". ",7163,,,,,,,Case Rate,". ",8427,,,,,,,Case Rate,". Primary procedure pays at 100%, all subsequent at 50%.",8427,,,,,,,Case Rate,". Primary procedure pays at 100%, all subsequent at 50%.",7163,,,,,,,Case Rate,". ",7163,,,,,,,Case Rate,". ",7163,,,,,,,Case Rate,". ",7163,,,,,,,Case Rate,". ",7163,,,,,,,Case Rate,". ",6903.8,,,,,,,Case Rate,"100% Medicare OPPS FS. ",8427,,,,,,,Case Rate,". Primary procedure pays at 100%, all subsequent at 50%.",6903.8,,,,,,,Case Rate,"100% Medicare OPPS FS. ",6169.61,,,,,,,Case Rate,"225 Percent of Medicaid APG. If not included in Medicaid APG, then 100 Percent of Manhattan Medicare",2742.05,,,,,,,Case Rate,"100 Percent of Medicaid APG. ",16383.1,,,,,,,Case Rate,". MPL 100/50/25% all add ons apply, and lesser of 100% of billed charges",16383.1,,,,,,,Case Rate,". MPL 100/50/25% all add ons apply, and lesser of 100% of billed charges",6903.8,,,,,,,Case Rate,"100% Medicare OPPS FS. ",12574,,,,,,,Case Rate,". Primary procedure pays at 100%, all subsequent at 50%.",6903.8,,,,,,,Case Rate,"100% Medicare OPPS FS. ",6903.8,,,,,,,Case Rate,"100% Medicare OPPS FS. ",16624,,,,,,,Case Rate,". Primary procedure pays at 100%, secondary at 50%, all subsequent at 25%.  Lesser of applies when negotiated rates exceed charges less addons.",6903.8,,,,,,,Case Rate,"100% Medicare OPPS FS. ",6487,,,,,,,Case Rate,". MPL 100/50/25% maxmium of 3 procedures. All add ons apply, and lesser of 100% of billed charges",6903.8,,,,,,,Case Rate,"100% Medicare OPPS FS. ",6487,,,,,,,Case Rate,". MPL 100/50/25% maxmium of 3 procedures. All add ons apply, and lesser of 100% of billed charges",16624,,,,,,,Case Rate,". Primary procedure pays at 100%, secondary at 50%, all subsequent at 25%.  Lesser of applies when negotiated rates exceed charges less addons.",6487,,,,,,,Case Rate,". MPL 100/50/25% maxmium of 3 procedures. All add ons apply, and lesser of 100% of billed charges",6903.8,,,,,,,Case Rate,"100% Medicare OPPS FS. ",2742.05,,,,,,,Case Rate,"100 Percent of Medicaid APG. ",6903.8,,,,,,,Case Rate,"100% Medicare OPPS FS. ",6487,,,,,,,Case Rate,". MPL 100/50/25% maxmium of 3 procedures. All add ons apply, and lesser of 100% of billed charges",16383.1,,,,,,,Case Rate,". MPL 100/50/25% all add ons apply, and lesser of 100% of billed charges",2742.05,,,,,,,Case Rate,"100 Percent of Medicaid APG. ",18617,,,,,,,Case Rate,". MPL 100/50/25% all add ons apply, and lesser of 100% of billed charges",3290.46,,,,,,,Fee Schedule,"120 Percent of Medicaid APG. ",3290.46,,,,,,,Fee Schedule,"120 Percent of Medicaid APG. ",18617,,,,,,,Case Rate,". MPL 100/50/25% all add ons apply, and lesser of 100% of billed charges",18617,,,,,,,Case Rate,". MPL 100/50/25% all add ons apply, and lesser of 100% of billed charges",18617,,,,,,,Case Rate,". MPL 100/50/25% all add ons apply, and lesser of 100% of billed charges",16383.1,,,,,,,Case Rate,". MPL 100/50/25% all add ons apply, and lesser of 100% of billed charges",18617,,,,,,,Case Rate,". MPL 100/50/25% all add ons apply, and lesser of 100% of billed charges",18617,,,,,,,Case Rate,". MPL 100/50/25% all add ons apply, and lesser of 100% of billed charges",18617,,,,,,,Case Rate,". MPL 100/50/25% all add ons apply, and lesser of 100% of billed charges",7163,,,,,,,Case Rate,". ",7163,,,,,,,Case Rate,". ",13669.52,,,,,,,Case Rate,198 Percent of Medicare OPPS. Metroplus will reimburse unlisted codes and described codes with no Medicare rate at 50 percent of charges.,2742.05,,,,,,,Case Rate,"100 Percent of Medicaid APG. ",16383.1,,,,,,,Case Rate,". MPL 100/50/25% all add ons apply, and lesser of 100% of billed charges",6487,,,,,,,Case Rate,". MPL 100/50/25% maxmium of 3 procedures. All add ons apply, and lesser of 100% of billed charges",16624,,,,,,,Case Rate,". Primary procedure pays at 100%, secondary at 50%, all subsequent at 25%.  Lesser of applies when negotiated rates exceed charges less addons.",16383.1,,,,,,,Case Rate,". MPL 100/50/25% all add ons apply, and lesser of 100% of billed charges",16624,,,,,,,Case Rate,". Primary procedure pays at 100%, secondary at 50%, all subsequent at 25%.  Lesser of applies when negotiated rates exceed charges less addons.",16383.1,,,,,,,Case Rate,". MPL 100/50/25% all add ons apply, and lesser of 100% of billed charges",18617,,,,,,,Case Rate,". MPL 100/50/25% all add ons apply, and lesser of 100% of billed charges",18617,,,,,,,Case Rate,". MPL 100/50/25% all add ons apply, and lesser of 100% of billed charges",18617,,,,,,,Case Rate,". MPL 100/50/25% all add ons apply, and lesser of 100% of billed charges",18617,,,,,,,Case Rate,". MPL 100/50/25% all add ons apply, and lesser of 100% of billed charges",6903.8,,,,,,,Case Rate,"100% Medicare OPPS FS. ",2425.14,25798,
49614,CPT,,,490,RC,RPR AA HRN RCR < 3 NCR/STRN,,,both,,,,20415,,,,,,,Case Rate,". MPL 1st 100% of Payment Rate 50% of all others, all add ons apply, and lesser of 100% of billed charges.",20415,,,,,,,Case Rate,". MPL 1st 100% of Payment Rate 50% of all others, all add ons apply, and lesser of 100% of billed charges.",12266,,,,,,,Case Rate,". Primary procedure pays at 100%, secondary at 50%, all subsequent at 25%.  Lesser of applies when negotiated rates exceed charges less addons.",,100,,,,,0,percent of total billed charges,100 percent of billed charges. ; No services were performed during the 15 month look back period.,6903.8,,,,,,,Case Rate,"100% Medicare OPPS FS. ",12266,,,,,,,Case Rate,". Primary procedure pays at 100%, secondary at 50%, all subsequent at 25%.  Lesser of applies when negotiated rates exceed charges less addons.",12266,,,,,,,Case Rate,". Primary procedure pays at 100%, secondary at 50%, all subsequent at 25%.  Lesser of applies when negotiated rates exceed charges less addons.",12266,,,,,,,Case Rate,". Primary procedure pays at 100%, secondary at 50%, all subsequent at 25%.  Lesser of applies when negotiated rates exceed charges less addons.",3436.62,,,,,,,Case Rate,"100 Percent of Medicaid APG. ",2863.85,,,,,,,Case Rate,"100 Percent of Medicaid APG. ",,78,,,,,0,percent of total billed charges,78% of Billed Charges. Lesser of 100% of billed charges applies.; No services were performed during the 15 month look back period.,14617.88,,,,,,,Case Rate,". MPL 100/50/25% all add ons apply, and lesser of 100% of billed charges",2863.85,,,,,,,Case Rate,"100 Percent of Medicaid APG. ",6903.8,,,,,,,Case Rate,"100% Medicare OPPS FS. ",6487,,,,,,,Case Rate,". MPL 100/50/25% maxmium of 3 procedures. All add ons apply, and lesser of 100% of billed charges",6487,,,,,,,Case Rate,". MPL 100/50/25% maxmium of 3 procedures. All add ons apply, and lesser of 100% of billed charges",6487,,,,,,,Case Rate,". MPL 100/50/25% maxmium of 3 procedures. All add ons apply, and lesser of 100% of billed charges",6487,,,,,,,Case Rate,". MPL 100/50/25% maxmium of 3 procedures. All add ons apply, and lesser of 100% of billed charges",612.95,,,,,,,Fee schedule,90 Percent of Medicare RBRVS. Covered services not payable under Medicaid Fee Schedules default to a payment of 50 percent of charges.,6903.8,,,,,,,Case Rate,"100% Medicare OPPS FS. ",612.95,,,,,,,Fee schedule,90 Percent of Medicare RBRVS. Covered services not payable under Medicaid Fee Schedules default to a payment of 50 percent of charges.,,78,,,,,0,percent of total billed charges,78% of Billed Charges. Lesser of 100% of billed charges applies.; No services were performed during the 15 month look back period.,12266,,,,,,,Case Rate,". Primary procedure pays at 100%, secondary at 50%, all subsequent at 25%.  Lesser of applies when negotiated rates exceed charges less addons.",6903.8,,,,,,,Case Rate,"100%Medicare OPPS FS. ",8427,,,,,,,Case Rate,". Primary procedure pays at 100%, all subsequent at 50%.",6903.8,,,,,,,Case Rate,"100%Medicare OPPS FS. ",6903.8,,,,,,,Case Rate,"100%Medicare OPPS FS. ",,78,,,,,0,percent of total billed charges,78% of Billed Charges. Lesser of 100% of billed charges applies.; No services were performed during the 15 month look back period.,612.95,,,,,,,Fee Schedule,90 Percent of Medicare RBRVS. Lesser of 100% of billed charges applies.,612.95,,,,,,,Fee Schedule,90 Percent of Medicare RBRVS. Lesser of 100% of billed charges applies.,2863.85,,,,,,,Case rate,"100 Percent of Medicaid APG. ",2863.85,,,,,,,Case rate,"100 Percent of Medicaid APG. ",8427,,,,,,,Case Rate,". Primary procedure pays at 100%, all subsequent at 50%.",8427,,,,,,,Case Rate,". Primary procedure pays at 100%, all subsequent at 50%.",2863.85,,,,,,,Case Rate,"100 Percent of Medicaid APG. Not APG payable, or payable under another fee schedule like ASP/AWP pays at 30% of charges",8427,,,,,,,Case Rate,". Primary procedure pays at 100%, all subsequent at 50%.",2863.85,,,,,,,Case Rate,"100 Percent of Medicaid APG. Not APG payable, or payable under another fee schedule like ASP/AWP pays at 30% of charges",6903.8,,,,,,,Case Rate,"100%Medicare OPPS FS. ",8427,,,,,,,Case Rate,". Primary procedure pays at 100%, all subsequent at 50%.",,78,,,,,0,percent of total billed charges,78% of Billed Charges. Lesser of 100% of billed charges applies.; No services were performed during the 15 month look back period.,2863.85,,,,,,,Case Rate,"100 Percent of Medicaid APG. ",2863.85,,,,,,,Case Rate,"100 Percent of Medicaid APG. ",,78,,,,,0,percent of total billed charges,78% of Billed Charges. Lesser of 100% of billed charges applies.; No services were performed during the 15 month look back period.,6487,,,,,,,Case Rate,". MPL 100/50/25% maxmium of 3 procedures. All add ons apply, and lesser of 100% of billed charges",12059,,,,,,,Case Rate,". MPL 100/50/25% all add ons apply, and lesser of 100% of billed charges",12059,,,,,,,Case Rate,". MPL 100/50/25% all add ons apply, and lesser of 100% of billed charges",,78,,,,,0,percent of total billed charges,78% of Billed Charges. Lesser of 100% of billed charges applies.; No services were performed during the 15 month look back period.,6903.8,,,,,,,Case Rate,"100% Medicare OPPS FS. ",14617.88,,,,,,,Case Rate,". MPL 100/50/25% all add ons apply, and lesser of 100% of billed charges",14617.88,,,,,,,Case Rate,". MPL 100/50/25% all add ons apply, and lesser of 100% of billed charges",14617.88,,,,,,,Case Rate,". MPL 100/50/25% all add ons apply, and lesser of 100% of billed charges",6903.8,,,,,,,Case Rate,"100% Medicare OPPS FS. ",14617.88,,,,,,,Case Rate,". MPL 100/50/25% all add ons apply, and lesser of 100% of billed charges",14617.88,,,,,,,Case Rate,". MPL 100/50/25% all add ons apply, and lesser of 100% of billed charges",6903.8,,,,,,,Case Rate,"100% of Medicare OPPS. ",25798,,,,,,,Case Rate,". MPL 100/75/50% all add ons apply, and lesser of 100% of billed charges",18617,,,,,,,Case Rate,". MPL 100/50/25% all add ons apply, and lesser of 100% of billed charges",18617,,,,,,,Case Rate,". MPL 100/50/25% all add ons apply, and lesser of 100% of billed charges",18617,,,,,,,Case Rate,". MPL 100/50/25% all add ons apply, and lesser of 100% of billed charges",18617,,,,,,,Case Rate,". MPL 100/50/25% all add ons apply, and lesser of 100% of billed charges",18617,,,,,,,Case Rate,". MPL 100/50/25% all add ons apply, and lesser of 100% of billed charges",18617,,,,,,,Case Rate,". MPL 100/50/25% all add ons apply, and lesser of 100% of billed charges",6903.8,,,,,,,Case Rate,"100% Medicare OPPS FS. ",6903.8,,,,,,,Case Rate,"100% Medicare OPPS FS. ",18617,,,,,,,Case Rate,". MPL 100/50/25% all add ons apply, and lesser of 100% of billed charges",,78,,,,,0,percent of total billed charges,78% of Billed Charges. Lesser of 100% of billed charges applies.; No services were performed during the 15 month look back period.,,78,,,,,0,percent of total billed charges,78% of Billed Charges. Lesser of 100% of billed charges applies.; No services were performed during the 15 month look back period.,,78,,,,,0,percent of total billed charges,78% of Billed Charges. Lesser of 100% of billed charges applies.; No services were performed during the 15 month look back period.,,78,,,,,0,percent of total billed charges,78% of Billed Charges. Lesser of 100% of billed charges applies.; No services were performed during the 15 month look back period.,,78,,,,,0,percent of total billed charges,78% of Billed Charges. Lesser of 100% of billed charges applies.; No services were performed during the 15 month look back period.,,78,,,,,0,percent of total billed charges,78% of Billed Charges. Lesser of 100% of billed charges applies.; No services were performed during the 15 month look back period.,,78,,,,,0,percent of total billed charges,78% of Billed Charges. Lesser of 100% of billed charges applies.; No services were performed during the 15 month look back period.,,78,,,,,0,percent of total billed charges,78% of Billed Charges. Lesser of 100% of billed charges applies.; No services were performed during the 15 month look back period.,,78,,,,,0,percent of total billed charges,78% of Billed Charges. Lesser of 100% of billed charges applies.; No services were performed during the 15 month look back period.,,78,,,,,0,percent of total billed charges,78% of Billed Charges. Lesser of 100% of billed charges applies.; No services were performed during the 15 month look back period.,,78,,,,,0,percent of total billed charges,78% of Billed Charges. Lesser of 100% of billed charges applies.; No services were performed during the 15 month look back period.,,78,,,,,0,percent of total billed charges,78% of Billed Charges. Lesser of 100% of billed charges applies.; No services were performed during the 15 month look back period.,,78,,,,,0,percent of total billed charges,78% of Billed Charges. Lesser of 100% of billed charges applies.; No services were performed during the 15 month look back period.,,78,,,,,0,percent of total billed charges,78% of Billed Charges. Lesser of 100% of billed charges applies.; No services were performed during the 15 month look back period.,,78,,,,,0,percent of total billed charges,78% of Billed Charges. Lesser of 100% of billed charges applies.; No services were performed during the 15 month look back period.,,78,,,,,0,percent of total billed charges,78% of Billed Charges. Lesser of 100% of billed charges applies.; No services were performed during the 15 month look back period.,,78,,,,,0,percent of total billed charges,78% of Billed Charges. Lesser of 100% of billed charges applies.; No services were performed during the 15 month look back period.,,78,,,,,0,percent of total billed charges,78% of Billed Charges. Lesser of 100% of billed charges applies.; No services were performed during the 15 month look back period.,,78,,,,,0,percent of total billed charges,78% of Billed Charges. Lesser of 100% of billed charges applies.; No services were performed during the 15 month look back period.,,78,,,,,0,percent of total billed charges,78% of Billed Charges. Lesser of 100% of billed charges applies.; No services were performed during the 15 month look back period.,,78,,,,,0,percent of total billed charges,78% of Billed Charges. Lesser of 100% of billed charges applies.; No services were performed during the 15 month look back period.,,78,,,,,0,percent of total billed charges,78% of Billed Charges. Lesser of 100% of billed charges applies.; No services were performed during the 15 month look back period.,,78,,,,,0,percent of total billed charges,78% of Billed Charges. Lesser of 100% of billed charges applies.; No services were performed during the 15 month look back period.,,78,,,,,0,percent of total billed charges,78% of Billed Charges. Lesser of 100% of billed charges applies.; No services were performed during the 15 month look back period.,,78,,,,,0,percent of total billed charges,78% of Billed Charges. Lesser of 100% of billed charges applies.; No services were performed during the 15 month look back period.,,78,,,,,0,percent of total billed charges,78% of Billed Charges. Lesser of 100% of billed charges applies.; No services were performed during the 15 month look back period.,8427,,,,,,,Case Rate,". Primary procedure pays at 100%, all subsequent at 50%.",8427,,,,,,,Case Rate,". Primary procedure pays at 100%, all subsequent at 50%.",8427,,,,,,,Case Rate,". Primary procedure pays at 100%, all subsequent at 50%.",8427,,,,,,,Case Rate,". Primary procedure pays at 100%, all subsequent at 50%.",12574,,,,,,,Case Rate,". Primary procedure pays at 100%, all subsequent at 50%.",12574,,,,,,,Case Rate,". Primary procedure pays at 100%, all subsequent at 50%.",6487,,,,,,,Case Rate,". MPL 100/50/25% maxmium of 3 procedures. All add ons apply, and lesser of 100% of billed charges",18617,,,,,,,Case Rate,". MPL 100/50/25% all add ons apply, and lesser of 100% of billed charges",14617.88,,,,,,,Case Rate,". MPL 100/50/25% all add ons apply, and lesser of 100% of billed charges",18617,,,,,,,Case Rate,". MPL 100/50/25% all add ons apply, and lesser of 100% of billed charges",,78,,,,,0,percent of total billed charges,78% of Billed Charges. Lesser of 100% of billed charges applies.; No services were performed during the 15 month look back period.,12574,,,,,,,Case Rate,". Primary procedure pays at 100%, all subsequent at 50%.",18617,,,,,,,Case Rate,". MPL 100/50/25% all add ons apply, and lesser of 100% of billed charges",14617.88,,,,,,,Case Rate,". MPL 100/50/25% all add ons apply, and lesser of 100% of billed charges",6487,,,,,,,Case Rate,". MPL 100/50/25% maxmium of 3 procedures. All add ons apply, and lesser of 100% of billed charges",,,,,,,,,"NA. ",,78,,,,,0,percent of total billed charges,78% of Billed Charges. Lesser of 100% of billed charges applies.; No services were performed during the 15 month look back period.,2863.85,,,,,,,Case Rate,"100 Percent of Medicaid APG. ",8427,,,,,,,Case Rate,". Primary procedure pays at 100%, all subsequent at 50%.",2863.85,,,,,,,Case Rate,"100 Percent of Medicaid APG. Not APG payable, or payable under another fee schedule like ASP/AWP pays at 30% of charges",6903.8,,,,,,,Case Rate,"100%Medicare OPPS FS. ",6903.8,,,,,,,Case Rate,"100% Medicare OPPS FS. ",25798,,,,,,,Case Rate,". MPL 100/75/50% all add ons apply, and lesser of 100% of billed charges",6903.8,,,,,,,Case Rate,"100% Medicare OPPS FS. ",6903.8,,,,,,,Case Rate,"100% Medicare OPPS FS. ",2863.85,,,,,,,Case Rate,"100 Percent of Medicaid APG. ",6903.8,,,,,,,Case Rate,"100% Medicare OPPS FS. ",6903.8,,,,,,,Case Rate,"100% Medicare OPPS FS. ",12266,,,,,,,Case Rate,". Primary procedure pays at 100%, secondary at 50%, all subsequent at 25%.  Lesser of applies when negotiated rates exceed charges less addons.",12266,,,,,,,Case Rate,". Primary procedure pays at 100%, secondary at 50%, all subsequent at 25%.  Lesser of applies when negotiated rates exceed charges less addons.",6903.8,,,,,,,Case Rate,"100% Medicare OPPS FS. ",6487,,,,,,,Case Rate,". MPL 100/50/25% maxmium of 3 procedures. All add ons apply, and lesser of 100% of billed charges",14617.88,,,,,,,Case Rate,". MPL 100/50/25% all add ons apply, and lesser of 100% of billed charges",14617.88,,,,,,,Case Rate,". MPL 100/50/25% all add ons apply, and lesser of 100% of billed charges",6903.8,,,,,,,Case Rate,"100% Medicare OPPS FS. ",6487,,,,,,,Case Rate,". MPL 100/50/25% maxmium of 3 procedures. All add ons apply, and lesser of 100% of billed charges",12266,,,,,,,Case Rate,". Primary procedure pays at 100%, secondary at 50%, all subsequent at 25%.  Lesser of applies when negotiated rates exceed charges less addons.",12266,,,,,,,Case Rate,". Primary procedure pays at 100%, secondary at 50%, all subsequent at 25%.  Lesser of applies when negotiated rates exceed charges less addons.",12266,,,,,,,Case Rate,". Primary procedure pays at 100%, secondary at 50%, all subsequent at 25%.  Lesser of applies when negotiated rates exceed charges less addons.",,78,,,,,0,percent of total billed charges,78% of Billed Charges. Lesser of 100% of billed charges applies.; No services were performed during the 15 month look back period.,,78,,,,,0,percent of total billed charges,78% of Billed Charges. Lesser of 100% of billed charges applies.; No services were performed during the 15 month look back period.,,78,,,,,0,percent of total billed charges,78% of Billed Charges. Lesser of 100% of billed charges applies.; No services were performed during the 15 month look back period.,,78,,,,,0,percent of total billed charges,78% of Billed Charges. Lesser of 100% of billed charges applies.; No services were performed during the 15 month look back period.,,78,,,,,0,percent of total billed charges,78% of Billed Charges. Lesser of 100% of billed charges applies.; No services were performed during the 15 month look back period.,,78,,,,,0,percent of total billed charges,78% of Billed Charges. Lesser of 100% of billed charges applies.; No services were performed during the 15 month look back period.,,78,,,,,0,percent of total billed charges,78% of Billed Charges. Lesser of 100% of billed charges applies.; No services were performed during the 15 month look back period.,,78,,,,,0,percent of total billed charges,78% of Billed Charges. Lesser of 100% of billed charges applies.; No services were performed during the 15 month look back period.,,78,,,,,0,percent of total billed charges,78% of Billed Charges. Lesser of 100% of billed charges applies.; No services were performed during the 15 month look back period.,,78,,,,,0,percent of total billed charges,78% of Billed Charges. Lesser of 100% of billed charges applies.; No services were performed during the 15 month look back period.,,78,,,,,0,percent of total billed charges,78% of Billed Charges. Lesser of 100% of billed charges applies.; No services were performed during the 15 month look back period.,12574,,,,,,,Case Rate,". Primary procedure pays at 100%, all subsequent at 50%.",18617,,,,,,,Case Rate,". MPL 100/50/25% all add ons apply, and lesser of 100% of billed charges",6487,,,,,,,Case Rate,". MPL 100/50/25% maxmium of 3 procedures. All add ons apply, and lesser of 100% of billed charges",6903.8,,,,,,,Case Rate,"100% Medicare OPPS FS. ",12266,,,,,,,Case Rate,". Primary procedure pays at 100%, secondary at 50%, all subsequent at 25%.  Lesser of applies when negotiated rates exceed charges less addons.",6487,,,,,,,Case Rate,". MPL 100/50/25% maxmium of 3 procedures. All add ons apply, and lesser of 100% of billed charges",6487,,,,,,,Case Rate,". MPL 100/50/25% maxmium of 3 procedures. All add ons apply, and lesser of 100% of billed charges",,78,,,,,0,percent of total billed charges,78% of Billed Charges. Lesser of 100% of billed charges applies.; No services were performed during the 15 month look back period.,6128.64,,,,,,,Case Rate,"214 Percent of Medicaid APG. Drugs not priced under APG, billed with revenue code 636 and not priced by Medicare ASP FeeSched will be reimbursed at 20% of charges.",6487,,,,,,,Case Rate,". MPL 100/50/25% maxmium of 3 procedures. All add ons apply, and lesser of 100% of billed charges",2863.85,,,,,,,Case Rate,"100 Percent of Medicaid APG. ",6903.8,,,,,,,Case Rate,"100% Medicare OPPS FS. ",6903.8,,,,,,,Case Rate,"100% Medicare OPPS FS. ",6903.8,,,,,,,Case Rate,"100% Medicare OPPS FS. ",6903.8,,,,,,,Case Rate,"100% Medicare OPPS FS. ",6903.8,,,,,,,Case Rate,"100% Medicare OPPS FS. ",6903.8,,,,,,,Case Rate,"100% Medicare OPPS FS. ",6487,,,,,,,Case Rate,". MPL 100/50/25% maxmium of 3 procedures. All add ons apply, and lesser of 100% of billed charges",25798,,,,,,,Case Rate,". MPL 100/75/50% all add ons apply, and lesser of 100% of billed charges",1089.7,,,,,,,Fee Schedule,"160 Percent of Medicare RBRVS. ",1089.7,,,,,,,Fee Schedule,"160 Percent of Medicare RBRVS. ",1089.7,,,,,,,Fee Schedule,"160 Percent of Medicare RBRVS. ",1089.7,,,,,,,Fee Schedule,"160 Percent of Medicare RBRVS. ",1089.7,,,,,,,Fee Schedule,"160 Percent of Medicare RBRVS. ",,,,,,,,,"NA. ",25798,,,,,,,Case Rate,". MPL 100/75/50% all add ons apply, and lesser of 100% of billed charges",13669.52,,,,,,,Case Rate,198 Percent of Medicare OPPS. Metroplus will reimburse unlisted codes and described codes with no Medicare rate at 50 percent of charges.,13669.52,,,,,,,Case Rate,198 Percent of Medicare OPPS. Metroplus will reimburse unlisted codes and described codes with no Medicare rate at 50 percent of charges.,13669.52,,,,,,,Case Rate,198 Percent of Medicare OPPS. Metroplus will reimburse unlisted codes and described codes with no Medicare rate at 50 percent of charges.,13669.52,,,,,,,Case Rate,198 Percent of Medicare OPPS. Metroplus will reimburse unlisted codes and described codes with no Medicare rate at 50 percent of charges.,13669.52,,,,,,,Case Rate,198 Percent of Medicare OPPS. Metroplus will reimburse unlisted codes and described codes with no Medicare rate at 50 percent of charges.,6903.8,,,,,,,Case Rate,"100% Medicare OPPS FS. ",12574,,,,,,,Case Rate,". Primary procedure pays at 100%, all subsequent at 50%.",12574,,,,,,,Case Rate,". Primary procedure pays at 100%, all subsequent at 50%.",12574,,,,,,,Case Rate,". Primary procedure pays at 100%, all subsequent at 50%.",12574,,,,,,,Case Rate,". Primary procedure pays at 100%, all subsequent at 50%.",12266,,,,,,,Case Rate,". Primary procedure pays at 100%, secondary at 50%, all subsequent at 25%.  Lesser of applies when negotiated rates exceed charges less addons.",12266,,,,,,,Case Rate,". Primary procedure pays at 100%, secondary at 50%, all subsequent at 25%.  Lesser of applies when negotiated rates exceed charges less addons.",12266,,,,,,,Case Rate,". Primary procedure pays at 100%, secondary at 50%, all subsequent at 25%.  Lesser of applies when negotiated rates exceed charges less addons.",12266,,,,,,,Case Rate,". Primary procedure pays at 100%, secondary at 50%, all subsequent at 25%.  Lesser of applies when negotiated rates exceed charges less addons.",25798,,,,,,,Case Rate,". MPL 100/75/50% all add ons apply, and lesser of 100% of billed charges",25798,,,,,,,Case Rate,". MPL 100/75/50% all add ons apply, and lesser of 100% of billed charges",6903.8,,,,,,,Case Rate,"100% Medicare OPPS FS. ",6903.8,,,,,,,Case Rate,"100% Medicare OPPS FS. ",6903.8,,,,,,,Case Rate,"100% Medicare OPPS FS. ",18617,,,,,,,Case Rate,". MPL 100/50/25% all add ons apply, and lesser of 100% of billed charges",18617,,,,,,,Case Rate,". MPL 100/50/25% all add ons apply, and lesser of 100% of billed charges",18617,,,,,,,Case Rate,". MPL 100/50/25% all add ons apply, and lesser of 100% of billed charges",25798,,,,,,,Case Rate,". MPL 100/75/50% all add ons apply, and lesser of 100% of billed charges",12266,,,,,,,Case Rate,". Primary procedure pays at 100%, secondary at 50%, all subsequent at 25%.  Lesser of applies when negotiated rates exceed charges less addons.",6903.8,,,,,,,Case Rate,"100% Medicare OPPS FS. ",18617,,,,,,,Case Rate,". MPL 100/50/25% all add ons apply, and lesser of 100% of billed charges",2863.85,,,,,,,Case Rate,"100 Percent of Medicaid APG. ",7041.87,,,,,,,Case Rate,"102% of Medicare OPPS. ",7041.87,,,,,,,Case Rate,"102% of Medicare OPPS. ",7041.87,,,,,,,Case Rate,"102% of Medicare OPPS. ",2863.85,,,,,,,Case rate,"100 Percent of Medicaid APG. ",6443.66,,,,,,,Case Rate,225% of NYS APG. Lesser of 100% of billed charges applies.,6443.66,,,,,,,Case Rate,225% of NYS APG. Lesser of 100% of billed charges applies.,6443.66,,,,,,,Case Rate,225% of NYS APG. Lesser of 100% of billed charges applies.,6443.66,,,,,,,Case Rate,225% of NYS APG. Lesser of 100% of billed charges applies.,6443.66,,,,,,,Case Rate,225% of NYS APG. Lesser of 100% of billed charges applies.,7041.87,,,,,,,Case Rate,"102% of Medicare OPPS. ",2863.85,,,,,,,Case Rate,"100 Percent of Medicaid APG. ",612.95,,,,,,,Fee Schedule,90 Percent of Medicare RBRVS. Lesser of 100% of billed charges applies.,6443.66,,,,,,,Case Rate,225% of NYS APG. Lesser of 100% of billed charges applies.,6443.66,,,,,,,Case Rate,225% of NYS APG. Lesser of 100% of billed charges applies.,612.95,,,,,,,Fee Schedule,90 Percent of Medicare RBRVS. Lesser of 100% of billed charges applies.,612.95,,,,,,,Fee Schedule,90 Percent of Medicare RBRVS. Lesser of 100% of billed charges applies.,1089.7,,,,,,,Fee Schedule,"160 Percent of Medicare RBRVS. ",6903.8,,,,,,,Case Rate,"100% Medicare OPPS FS. ",6903.8,,,,,,,Case Rate,"100% Medicare OPPS FS. ",12266,,,,,,,Case Rate,". Primary procedure pays at 100%, secondary at 50%, all subsequent at 25%.  Lesser of applies when negotiated rates exceed charges less addons.",6903.8,,,,,,,Case Rate,"100% Medicare OPPS FS. ",6443.66,,,,,,,Case Rate,"225 Percent of Medicaid APG. ",6443.66,,,,,,,Case Rate,"225 Percent of Medicaid APG. ",2863.85,,,,,,,Case rate,"100 Percent of Medicaid APG. ",2863.85,,,,,,,Case rate,"100 Percent of Medicaid APG. ",6443.66,,,,,,,Case Rate,225 Percent of Medicaid APG. Covered services not payable under Medicaid Fee Schedules default to a payment of 87.5 percent of charges.,612.95,,,,,,,Fee schedule,90 Percent of Medicare RBRVS. Covered services not payable under Medicaid Fee Schedules default to a payment of 50 percent of charges.,6443.66,,,,,,,Case Rate,"100 Percent of Medicaid APG. ",6443.66,,,,,,,Case Rate,"100 Percent of Medicaid APG. ",6443.66,,,,,,,Case Rate,"100 Percent of Medicaid APG. ",6443.66,,,,,,,Case Rate,"100 Percent of Medicaid APG. ",13453,,,,,,,Case Rate,". MPL 100/75/50% all add ons apply, and lesser of 100% of billed charges",25798,,,,,,,Case Rate,". MPL 100/75/50% all add ons apply, and lesser of 100% of billed charges",3436.62,,,,,,,Case Rate,"120 Percent of Medicaid APG. Not APG payable, or payable under another fee schedule like ASP/AWP pays at 30% of charges",3436.62,,,,,,,Case Rate,"120 Percent of Medicaid APG. Not APG payable, or payable under another fee schedule like ASP/AWP pays at 30% of charges",2863.85,,,,,,,Case Rate,"100 Percent of Medicaid APG. Not APG payable, or payable under another fee schedule like ASP/AWP pays at 30% of charges",2863.85,,,,,,,Case Rate,"100 Percent of Medicaid APG. Not APG payable, or payable under another fee schedule like ASP/AWP pays at 30% of charges",18617,,,,,,,Case Rate,". MPL 100/50/25% all add ons apply, and lesser of 100% of billed charges",18617,,,,,,,Case Rate,". MPL 100/50/25% all add ons apply, and lesser of 100% of billed charges",6903.8,,,,,,,Case Rate,"100% Medicare OPPS FS. ",18617,,,,,,,Case Rate,". MPL 100/50/25% all add ons apply, and lesser of 100% of billed charges",18617,,,,,,,Case Rate,". MPL 100/50/25% all add ons apply, and lesser of 100% of billed charges",18617,,,,,,,Case Rate,". MPL 100/50/25% all add ons apply, and lesser of 100% of billed charges",18617,,,,,,,Case Rate,". MPL 100/50/25% all add ons apply, and lesser of 100% of billed charges",6903.8,,,,,,,Case Rate,"100% Medicare OPPS FS. ",18617,,,,,,,Case Rate,". MPL 100/50/25% all add ons apply, and lesser of 100% of billed charges",18617,,,,,,,Case Rate,". MPL 100/50/25% all add ons apply, and lesser of 100% of billed charges",12266,,,,,,,Case Rate,". Primary procedure pays at 100%, secondary at 50%, all subsequent at 25%.  Lesser of applies when negotiated rates exceed charges less addons.",2863.85,,,,,,,Fee Schedule,100% APG. Lesser of 100% of billed charges applies.,612.95,,,,,,,Fee schedule,90 Percent of Medicare RBRVS. Covered services not payable under Medicaid Fee Schedules default to a payment of 50 percent of charges.,6443.66,,,,,,,Case Rate,225% of NYS APG. Lesser of 100% of billed charges applies.,6443.66,,,,,,,Case Rate,225 Percent of Medicaid APG. Covered services not payable under Medicaid Fee Schedules default to a payment of 87.5 percent of charges.,612.95,,,,,,,Fee schedule,90 Percent of Medicare RBRVS. Covered services not payable under Medicaid Fee Schedules default to a payment of 50 percent of charges.,6443.66,,,,,,,Case Rate,225% of NYS APG. Lesser of 100% of billed charges applies.,6443.66,,,,,,,Case Rate,225% of NYS APG. Lesser of 100% of billed charges applies.,6443.66,,,,,,,Case Rate,225% of NYS APG. Lesser of 100% of billed charges applies.,6443.66,,,,,,,Case Rate,225% of NYS APG. Lesser of 100% of billed charges applies.,6443.66,,,,,,,Case Rate,225% of NYS APG. Lesser of 100% of billed charges applies.,6443.66,,,,,,,Case Rate,225% of NYS APG. Lesser of 100% of billed charges applies.,,,,,,,,,"NA. ",,,,,,,,,"NA. ",,,,,,,,,"NA. ",6487,,,,,,,Case Rate,". MPL 100/50/25% maxmium of 3 procedures. All add ons apply, and lesser of 100% of billed charges",,,,,,,,,"NA. ",6903.8,,,,,,,Case Rate,"100% Medicare OPPS FS. ",20415,,,,,,,Case Rate,". MPL 1st 100% of Payment Rate 50% of all others, all add ons apply, and lesser of 100% of billed charges.",6903.8,,,,,,,Case Rate,"100% Medicare OPPS FS. ",6903.8,,,,,,,Case Rate,"100% Medicare OPPS FS. ",3436.62,,,,,,,Case Rate,"120 Percent of Medicaid APG. Not APG payable, or payable under another fee schedule like ASP/AWP pays at 30% of charges",3436.62,,,,,,,Case Rate,"120 Percent of Medicaid APG. Not APG payable, or payable under another fee schedule like ASP/AWP pays at 30% of charges",2863.85,,,,,,,Case Rate,"100 Percent of Medicaid APG. Not APG payable, or payable under another fee schedule like ASP/AWP pays at 30% of charges",2863.85,,,,,,,Case Rate,"100 Percent of Medicaid APG. Not APG payable, or payable under another fee schedule like ASP/AWP pays at 30% of charges",2863.85,,,,,,,Case Rate,"100 Percent of Medicaid APG. ",7163,,,,,,,Case Rate,". ",12266,,,,,,,Case Rate,". Primary procedure pays at 100%, secondary at 50%, all subsequent at 25%.  Lesser of applies when negotiated rates exceed charges less addons.",8427,,,,,,,Case Rate,". Primary procedure pays at 100%, all subsequent at 50%.",6487,,,,,,,Case Rate,". MPL 100/50/25% maxmium of 3 procedures. All add ons apply, and lesser of 100% of billed charges",6903.8,,,,,,,Case Rate,"100%Medicare OPPS FS. ",6903.8,,,,,,,Case Rate,"100% Medicare OPPS FS. ",6903.8,,,,,,,Case Rate,"100% Medicare OPPS FS. ",6903.8,,,,,,,Case Rate,"100% Medicare OPPS FS. ",6903.8,,,,,,,Case Rate,"100%Medicare OPPS FS. ",6903.8,,,,,,,Case Rate,"100% Medicare OPPS FS. ",,,,,,,,,"NA. ",6443.66,,,,,,,Case Rate,225% of NYS APG. Lesser of 100% of billed charges applies.,612.95,,,,,,,Fee Schedule,90 Percent of Medicare RBRVS. Lesser of 100% of billed charges applies.,18617,,,,,,,Case Rate,". MPL 100/50/25% all add ons apply, and lesser of 100% of billed charges",7163,,,,,,,Case Rate,". ",7163,,,,,,,Case Rate,". ",7163,,,,,,,Case Rate,". ",7163,,,,,,,Case Rate,". ",6903.8,,,,,,,Case Rate,"100% Medicare OPPS FS. ",2863.85,,,,,,,Case Rate,"100 Percent of Medicaid APG. ",18617,,,,,,,Case Rate,". MPL 100/50/25% all add ons apply, and lesser of 100% of billed charges",2863.85,,,,,,,Case Rate,"100 Percent of Medicaid APG. ",6903.8,,,,,,,Case Rate,"100% Medicare OPPS FS. ",2863.85,,,,,,,Case Rate,"100 Percent of Medicaid APG. ",6903.8,,,,,,,Case Rate,"100% Medicare OPPS FS. ",6903.8,,,,,,,Case Rate,"100% Medicare OPPS FS. ",2863.85,,,,,,,Case Rate,"100 Percent of Medicaid APG. ",2863.85,,,,,,,Case Rate,"100 Percent of Medicaid APG. ",7163,,,,,,,Case Rate,". ",6487,,,,,,,Case Rate,". MPL 100/50/25% maxmium of 3 procedures. All add ons apply, and lesser of 100% of billed charges",,78,,,,,0,percent of total billed charges,78% of Billed Charges. Lesser of 100% of billed charges applies.; No services were performed during the 15 month look back period.,14617.88,,,,,,,Case Rate,". MPL 100/50/25% all add ons apply, and lesser of 100% of billed charges",14617.88,,,,,,,Case Rate,". MPL 100/50/25% all add ons apply, and lesser of 100% of billed charges",12266,,,,,,,Case Rate,". Primary procedure pays at 100%, secondary at 50%, all subsequent at 25%.  Lesser of applies when negotiated rates exceed charges less addons.",2746.55,,,,,,,Case Rate,"83% HF Fee schedule. ",12574,,,,,,,Case Rate,". Primary procedure pays at 100%, all subsequent at 50%.",12574,,,,,,,Case Rate,". Primary procedure pays at 100%, all subsequent at 50%.",14894,,,,,,,Case Rate,". MPL 100/50/25% all add ons apply, and lesser of 100% of billed charges",14894,,,,,,,Case Rate,". MPL 100/50/25% all add ons apply, and lesser of 100% of billed charges",6903.8,,,,,,,Case Rate,"100% Medicare OPPS FS. ",6903.8,,,,,,,Case Rate,"100% Medicare OPPS FS. ",6903.8,,,,,,,Case Rate,"100% Medicare OPPS FS. ",6903.8,,,,,,,Case Rate,"100% Medicare OPPS FS. ",14617.88,,,,,,,Case Rate,". MPL 100/50/25% all add ons apply, and lesser of 100% of billed charges",18617,,,,,,,Case Rate,". MPL 100/50/25% all add ons apply, and lesser of 100% of billed charges",18617,,,,,,,Case Rate,". MPL 100/50/25% all add ons apply, and lesser of 100% of billed charges",6903.8,,,,,,,Case Rate,"100% Medicare OPPS FS. ",14894,,,,,,,Case Rate,". MPL 100/50/25% all add ons apply, and lesser of 100% of billed charges",8427,,,,,,,Case Rate,". Primary procedure pays at 100%, all subsequent at 50%.",3436.62,,,,,,,Fee Schedule,"120 Percent of Medicaid APG. ",2863.85,,,,,,,Case Rate,"100 Percent of Medicaid APG. ",7163,,,,,,,Case Rate,". ",16755,,,,,,,Case Rate,". MPL 100/50/25% all add ons apply, and lesser of 100% of billed charges",16755,,,,,,,Case Rate,". MPL 100/50/25% all add ons apply, and lesser of 100% of billed charges",18617,,,,,,,Case Rate,". MPL 100/50/25% all add ons apply, and lesser of 100% of billed charges",14948,,,,,,,Case Rate,". MPL 100/75/50% all add ons apply, and lesser of 100% of billed charges",6903.8,,,,,,,Case Rate,"100%Medicare OPPS FS. ",3007.04,,,,,,,Fee Schedule,105 percent of Medicaid APG. otherwise 105% of Ordered NYS MCD FS or 105% of ASP+6%,3007.04,,,,,,,Fee Schedule,105 percent of Medicaid APG. otherwise 105% of Ordered NYS MCD FS or 105% of ASP+6%,3007.04,,,,,,,Fee Schedule,105 percent of Medicaid APG. otherwise 105% of Ordered NYS MCD FS or 105% of ASP+6%,3866.2,,,,,,,Fee Schedule,135 percent of Medicaid APG. otherwise 135% of Ordered NYS MCD FS or 135% of ASP+6%,14617.88,,,,,,,Case Rate,". MPL 100/50/25% all add ons apply, and lesser of 100% of billed charges",3007.04,,,,,,,Fee Schedule,105 percent of Medicaid APG. otherwise 105% of Ordered NYS MCD FS or 105% of ASP+6%,3007.04,,,,,,,Fee Schedule,105 percent of Medicaid APG. otherwise 105% of Ordered NYS MCD FS or 105% of ASP+6%,3007.04,,,,,,,Fee Schedule,105 percent of Medicaid APG. otherwise 105% of Ordered NYS MCD FS or 105% of ASP+6%,3007.04,,,,,,,Fee Schedule,105 percent of Medicaid APG. otherwise 105% of Ordered NYS MCD FS or 105% of ASP+6%,3007.04,,,,,,,Fee Schedule,105 percent of Medicaid APG. otherwise 105% of Ordered NYS MCD FS or 105% of ASP+6%,3866.2,,,,,,,Fee Schedule,135 percent of Medicaid APG. otherwise 135% of Ordered NYS MCD FS or 135% of ASP+6%,3866.2,,,,,,,Fee Schedule,135 percent of Medicaid APG. otherwise 135% of Ordered NYS MCD FS or 135% of ASP+6%,6903.8,,,,,,,Case Rate,"100% Medicare OPPS FS. ",14617.88,,,,,,,Case Rate,". MPL 100/50/25% all add ons apply, and lesser of 100% of billed charges",6903.8,,,,,,,Case Rate,"100% Medicare OPPS FS. ",3007.04,,,,,,,Fee Schedule,105 percent of Medicaid APG. otherwise 105% of Ordered NYS MCD FS or 105% of ASP+6%,18617,,,,,,,Case Rate,". MPL 100/50/25% all add ons apply, and lesser of 100% of billed charges",6903.8,,,,,,,Case Rate,"100% Medicare OPPS FS. ",18617,,,,,,,Case Rate,". MPL 100/50/25% all add ons apply, and lesser of 100% of billed charges",18617,,,,,,,Case Rate,". MPL 100/50/25% all add ons apply, and lesser of 100% of billed charges",18617,,,,,,,Case Rate,". MPL 100/50/25% all add ons apply, and lesser of 100% of billed charges",3007.04,,,,,,,Fee Schedule,105 percent of Medicaid APG. otherwise 105% of Ordered NYS MCD FS or 105% of ASP+6%,6903.8,,,,,,,Case Rate,"100% Medicare OPPS FS. ",18617,,,,,,,Case Rate,". MPL 100/50/25% all add ons apply, and lesser of 100% of billed charges",3866.2,,,,,,,Fee Schedule,135 percent of Medicaid APG. otherwise 135% of Ordered NYS MCD FS or 135% of ASP+6%,18617,,,,,,,Case Rate,". MPL 100/50/25% all add ons apply, and lesser of 100% of billed charges",,200,,,,,0,Case Rate,200% of Medicare OPPS. ; No services were performed during the 15 month look back period.,6903.8,,,,,,,Case Rate,"100%Medicare OPPS FS. ",7163,,,,,,,Case Rate,". ",7163,,,,,,,Case Rate,". ",7163,,,,,,,Case Rate,". ",7163,,,,,,,Case Rate,". ",7163,,,,,,,Case Rate,". ",8427,,,,,,,Case Rate,". Primary procedure pays at 100%, all subsequent at 50%.",8427,,,,,,,Case Rate,". Primary procedure pays at 100%, all subsequent at 50%.",7163,,,,,,,Case Rate,". ",7163,,,,,,,Case Rate,". ",7163,,,,,,,Case Rate,". ",7163,,,,,,,Case Rate,". ",7163,,,,,,,Case Rate,". ",6903.8,,,,,,,Case Rate,"100% Medicare OPPS FS. ",8427,,,,,,,Case Rate,". Primary procedure pays at 100%, all subsequent at 50%.",6903.8,,,,,,,Case Rate,"100% Medicare OPPS FS. ",6443.66,,,,,,,Case Rate,"225 Percent of Medicaid APG. If not included in Medicaid APG, then 100 Percent of Manhattan Medicare",2863.85,,,,,,,Case Rate,"100 Percent of Medicaid APG. ",14617.88,,,,,,,Case Rate,". MPL 100/50/25% all add ons apply, and lesser of 100% of billed charges",14617.88,,,,,,,Case Rate,". MPL 100/50/25% all add ons apply, and lesser of 100% of billed charges",6903.8,,,,,,,Case Rate,"100% Medicare OPPS FS. ",12574,,,,,,,Case Rate,". Primary procedure pays at 100%, all subsequent at 50%.",6903.8,,,,,,,Case Rate,"100% Medicare OPPS FS. ",6903.8,,,,,,,Case Rate,"100% Medicare OPPS FS. ",12266,,,,,,,Case Rate,". Primary procedure pays at 100%, secondary at 50%, all subsequent at 25%.  Lesser of applies when negotiated rates exceed charges less addons.",6903.8,,,,,,,Case Rate,"100% Medicare OPPS FS. ",6487,,,,,,,Case Rate,". MPL 100/50/25% maxmium of 3 procedures. All add ons apply, and lesser of 100% of billed charges",6903.8,,,,,,,Case Rate,"100% Medicare OPPS FS. ",6487,,,,,,,Case Rate,". MPL 100/50/25% maxmium of 3 procedures. All add ons apply, and lesser of 100% of billed charges",12266,,,,,,,Case Rate,". Primary procedure pays at 100%, secondary at 50%, all subsequent at 25%.  Lesser of applies when negotiated rates exceed charges less addons.",6487,,,,,,,Case Rate,". MPL 100/50/25% maxmium of 3 procedures. All add ons apply, and lesser of 100% of billed charges",6903.8,,,,,,,Case Rate,"100% Medicare OPPS FS. ",2863.85,,,,,,,Case Rate,"100 Percent of Medicaid APG. ",6903.8,,,,,,,Case Rate,"100% Medicare OPPS FS. ",6487,,,,,,,Case Rate,". MPL 100/50/25% maxmium of 3 procedures. All add ons apply, and lesser of 100% of billed charges",14617.88,,,,,,,Case Rate,". MPL 100/50/25% all add ons apply, and lesser of 100% of billed charges",2863.85,,,,,,,Case Rate,"100 Percent of Medicaid APG. ",18617,,,,,,,Case Rate,". MPL 100/50/25% all add ons apply, and lesser of 100% of billed charges",3436.62,,,,,,,Fee Schedule,"120 Percent of Medicaid APG. ",3436.62,,,,,,,Fee Schedule,"120 Percent of Medicaid APG. ",18617,,,,,,,Case Rate,". MPL 100/50/25% all add ons apply, and lesser of 100% of billed charges",18617,,,,,,,Case Rate,". MPL 100/50/25% all add ons apply, and lesser of 100% of billed charges",18617,,,,,,,Case Rate,". MPL 100/50/25% all add ons apply, and lesser of 100% of billed charges",14617.88,,,,,,,Case Rate,". MPL 100/50/25% all add ons apply, and lesser of 100% of billed charges",18617,,,,,,,Case Rate,". MPL 100/50/25% all add ons apply, and lesser of 100% of billed charges",18617,,,,,,,Case Rate,". MPL 100/50/25% all add ons apply, and lesser of 100% of billed charges",18617,,,,,,,Case Rate,". MPL 100/50/25% all add ons apply, and lesser of 100% of billed charges",7163,,,,,,,Case Rate,". ",7163,,,,,,,Case Rate,". ",13669.52,,,,,,,Case Rate,198 Percent of Medicare OPPS. Metroplus will reimburse unlisted codes and described codes with no Medicare rate at 50 percent of charges.,2863.85,,,,,,,Case Rate,"100 Percent of Medicaid APG. ",14617.88,,,,,,,Case Rate,". MPL 100/50/25% all add ons apply, and lesser of 100% of billed charges",6487,,,,,,,Case Rate,". MPL 100/50/25% maxmium of 3 procedures. All add ons apply, and lesser of 100% of billed charges",12266,,,,,,,Case Rate,". Primary procedure pays at 100%, secondary at 50%, all subsequent at 25%.  Lesser of applies when negotiated rates exceed charges less addons.",14617.88,,,,,,,Case Rate,". MPL 100/50/25% all add ons apply, and lesser of 100% of billed charges",12266,,,,,,,Case Rate,". Primary procedure pays at 100%, secondary at 50%, all subsequent at 25%.  Lesser of applies when negotiated rates exceed charges less addons.",14617.88,,,,,,,Case Rate,". MPL 100/50/25% all add ons apply, and lesser of 100% of billed charges",18617,,,,,,,Case Rate,". MPL 100/50/25% all add ons apply, and lesser of 100% of billed charges",18617,,,,,,,Case Rate,". MPL 100/50/25% all add ons apply, and lesser of 100% of billed charges",18617,,,,,,,Case Rate,". MPL 100/50/25% all add ons apply, and lesser of 100% of billed charges",18617,,,,,,,Case Rate,". MPL 100/50/25% all add ons apply, and lesser of 100% of billed charges",6903.8,,,,,,,Case Rate,"100% Medicare OPPS FS. ",612.95,25798,
50435,CPT,,,490,RC,EXCHANGE NEPHROSTOMY CATH,,,both,,,,3681,,,,,,,Case Rate,". MPL 1st 100% of Payment Rate 50% of all others, all add ons apply, and lesser of 100% of billed charges.",3681,,,,,,,Case Rate,". MPL 1st 100% of Payment Rate 50% of all others, all add ons apply, and lesser of 100% of billed charges.",6593,,,,,,,Case Rate,". Primary procedure pays at 100%, secondary at 50%, all subsequent at 25%.  Lesser of applies when negotiated rates exceed charges less addons.",,100,,,,,0,percent of total billed charges,100 percent of billed charges. ; No services were performed during the 15 month look back period.,2424,,,,,,,Case Rate,"100% Medicare OPPS FS. ",6593,,,,,,,Case Rate,". Primary procedure pays at 100%, secondary at 50%, all subsequent at 25%.  Lesser of applies when negotiated rates exceed charges less addons.",6593,,,,,,,Case Rate,". Primary procedure pays at 100%, secondary at 50%, all subsequent at 25%.  Lesser of applies when negotiated rates exceed charges less addons.",6593,,,,,,,Case Rate,". Primary procedure pays at 100%, secondary at 50%, all subsequent at 25%.  Lesser of applies when negotiated rates exceed charges less addons.",1800.82,,,,,,,Case Rate,"100 Percent of Medicaid APG. ",1500.69,,,,,,,Case Rate,"100 Percent of Medicaid APG. ",,78,,,,,0,percent of total billed charges,78% of Billed Charges. Lesser of 100% of billed charges applies.; No services were performed during the 15 month look back period.,6091.36,,,,,,,Case Rate,". MPL 100/50/25% all add ons apply, and lesser of 100% of billed charges",1500.69,,,,,,,Case Rate,"100 Percent of Medicaid APG. ",2424,,,,,,,Case Rate,"100% Medicare OPPS FS. ",6487,,,,,,,Case Rate,". MPL 100/50/25% maxmium of 3 procedures. All add ons apply, and lesser of 100% of billed charges",6487,,,,,,,Case Rate,". MPL 100/50/25% maxmium of 3 procedures. All add ons apply, and lesser of 100% of billed charges",6487,,,,,,,Case Rate,". MPL 100/50/25% maxmium of 3 procedures. All add ons apply, and lesser of 100% of billed charges",6487,,,,,,,Case Rate,". MPL 100/50/25% maxmium of 3 procedures. All add ons apply, and lesser of 100% of billed charges",1500.69,,,,,,,Case rate,124 Percent of Medicaid APG. Covered services not payable under Medicaid Fee Schedules default to a payment of 50 percent of charges.,2424,,,,,,,Case Rate,"100% Medicare OPPS FS. ",1500.69,,,,,,,Case rate,124 Percent of Medicaid APG. Covered services not payable under Medicaid Fee Schedules default to a payment of 50 percent of charges.,,78,,,,,0,percent of total billed charges,78% of Billed Charges. Lesser of 100% of billed charges applies.; No services were performed during the 15 month look back period.,6593,,,,,,,Case Rate,". Primary procedure pays at 100%, secondary at 50%, all subsequent at 25%.  Lesser of applies when negotiated rates exceed charges less addons.",2424,,,,,,,Case Rate,"100%Medicare OPPS FS. ",8427,,,,,,,Case Rate,". Primary procedure pays at 100%, all subsequent at 50%.",2424,,,,,,,Case Rate,"100%Medicare OPPS FS. ",2424,,,,,,,Case Rate,"100%Medicare OPPS FS. ",,78,,,,,0,percent of total billed charges,78% of Billed Charges. Lesser of 100% of billed charges applies.; No services were performed during the 15 month look back period.,894.73,,,,,,,Case Rate,100% of PAS. Lesser of 100% of billed charges applies.,894.73,,,,,,,Case Rate,100% of PAS. Lesser of 100% of billed charges applies.,1500.69,,,,,,,Case rate,"100 Percent of Medicaid APG. ",1500.69,,,,,,,Case rate,"100 Percent of Medicaid APG. ",8427,,,,,,,Case Rate,". Primary procedure pays at 100%, all subsequent at 50%.",8427,,,,,,,Case Rate,". Primary procedure pays at 100%, all subsequent at 50%.",1500.69,,,,,,,Case Rate,"100 Percent of Medicaid APG. Not APG payable, or payable under another fee schedule like ASP/AWP pays at 30% of charges",8427,,,,,,,Case Rate,". Primary procedure pays at 100%, all subsequent at 50%.",1500.69,,,,,,,Case Rate,"100 Percent of Medicaid APG. Not APG payable, or payable under another fee schedule like ASP/AWP pays at 30% of charges",2424,,,,,,,Case Rate,"100%Medicare OPPS FS. ",8427,,,,,,,Case Rate,". Primary procedure pays at 100%, all subsequent at 50%.",,78,,,,,0,percent of total billed charges,78% of Billed Charges. Lesser of 100% of billed charges applies.; No services were performed during the 15 month look back period.,1500.69,,,,,,,Case Rate,"100 Percent of Medicaid APG. ",1500.69,,,,,,,Case Rate,"100 Percent of Medicaid APG. ",,78,,,,,0,percent of total billed charges,78% of Billed Charges. Lesser of 100% of billed charges applies.; No services were performed during the 15 month look back period.,6487,,,,,,,Case Rate,". MPL 100/50/25% maxmium of 3 procedures. All add ons apply, and lesser of 100% of billed charges",4757,,,,,,,Case Rate,". MPL 100/50/25% all add ons apply, and lesser of 100% of billed charges",4757,,,,,,,Case Rate,". MPL 100/50/25% all add ons apply, and lesser of 100% of billed charges",,78,,,,,0,percent of total billed charges,78% of Billed Charges. Lesser of 100% of billed charges applies.; No services were performed during the 15 month look back period.,2424,,,,,,,Case Rate,"100% Medicare OPPS FS. ",6091.36,,,,,,,Case Rate,". MPL 100/50/25% all add ons apply, and lesser of 100% of billed charges",6091.36,,,,,,,Case Rate,". MPL 100/50/25% all add ons apply, and lesser of 100% of billed charges",6091.36,,,,,,,Case Rate,". MPL 100/50/25% all add ons apply, and lesser of 100% of billed charges",2424,,,,,,,Case Rate,"100% Medicare OPPS FS. ",6091.36,,,,,,,Case Rate,". MPL 100/50/25% all add ons apply, and lesser of 100% of billed charges",6091.36,,,,,,,Case Rate,". MPL 100/50/25% all add ons apply, and lesser of 100% of billed charges",2424,,,,,,,Case Rate,"100% of Medicare OPPS. ",25798,,,,,,,Case Rate,". MPL 100/75/50% all add ons apply, and lesser of 100% of billed charges",10351,,,,,,,Case Rate,". MPL 100/50/25% all add ons apply, and lesser of 100% of billed charges",10351,,,,,,,Case Rate,". MPL 100/50/25% all add ons apply, and lesser of 100% of billed charges",10351,,,,,,,Case Rate,". MPL 100/50/25% all add ons apply, and lesser of 100% of billed charges",10351,,,,,,,Case Rate,". MPL 100/50/25% all add ons apply, and lesser of 100% of billed charges",10351,,,,,,,Case Rate,". MPL 100/50/25% all add ons apply, and lesser of 100% of billed charges",10351,,,,,,,Case Rate,". MPL 100/50/25% all add ons apply, and lesser of 100% of billed charges",2424,,,,,,,Case Rate,"100% Medicare OPPS FS. ",2424,,,,,,,Case Rate,"100% Medicare OPPS FS. ",10351,,,,,,,Case Rate,". MPL 100/50/25% all add ons apply, and lesser of 100% of billed charges",,78,,,,,0,percent of total billed charges,78% of Billed Charges. Lesser of 100% of billed charges applies.; No services were performed during the 15 month look back period.,,78,,,,,0,percent of total billed charges,78% of Billed Charges. Lesser of 100% of billed charges applies.; No services were performed during the 15 month look back period.,,78,,,,,0,percent of total billed charges,78% of Billed Charges. Lesser of 100% of billed charges applies.; No services were performed during the 15 month look back period.,,78,,,,,0,percent of total billed charges,78% of Billed Charges. Lesser of 100% of billed charges applies.; No services were performed during the 15 month look back period.,,78,,,,,0,percent of total billed charges,78% of Billed Charges. Lesser of 100% of billed charges applies.; No services were performed during the 15 month look back period.,,78,,,,,0,percent of total billed charges,78% of Billed Charges. Lesser of 100% of billed charges applies.; No services were performed during the 15 month look back period.,,78,,,,,0,percent of total billed charges,78% of Billed Charges. Lesser of 100% of billed charges applies.; No services were performed during the 15 month look back period.,,78,,,,,0,percent of total billed charges,78% of Billed Charges. Lesser of 100% of billed charges applies.; No services were performed during the 15 month look back period.,,78,,,,,0,percent of total billed charges,78% of Billed Charges. Lesser of 100% of billed charges applies.; No services were performed during the 15 month look back period.,,78,,,,,0,percent of total billed charges,78% of Billed Charges. Lesser of 100% of billed charges applies.; No services were performed during the 15 month look back period.,,78,,,,,0,percent of total billed charges,78% of Billed Charges. Lesser of 100% of billed charges applies.; No services were performed during the 15 month look back period.,,78,,,,,0,percent of total billed charges,78% of Billed Charges. Lesser of 100% of billed charges applies.; No services were performed during the 15 month look back period.,,78,,,,,0,percent of total billed charges,78% of Billed Charges. Lesser of 100% of billed charges applies.; No services were performed during the 15 month look back period.,,78,,,,,0,percent of total billed charges,78% of Billed Charges. Lesser of 100% of billed charges applies.; No services were performed during the 15 month look back period.,,78,,,,,0,percent of total billed charges,78% of Billed Charges. Lesser of 100% of billed charges applies.; No services were performed during the 15 month look back period.,,78,,,,,0,percent of total billed charges,78% of Billed Charges. Lesser of 100% of billed charges applies.; No services were performed during the 15 month look back period.,,78,,,,,0,percent of total billed charges,78% of Billed Charges. Lesser of 100% of billed charges applies.; No services were performed during the 15 month look back period.,,78,,,,,0,percent of total billed charges,78% of Billed Charges. Lesser of 100% of billed charges applies.; No services were performed during the 15 month look back period.,,78,,,,,0,percent of total billed charges,78% of Billed Charges. Lesser of 100% of billed charges applies.; No services were performed during the 15 month look back period.,,78,,,,,0,percent of total billed charges,78% of Billed Charges. Lesser of 100% of billed charges applies.; No services were performed during the 15 month look back period.,,78,,,,,0,percent of total billed charges,78% of Billed Charges. Lesser of 100% of billed charges applies.; No services were performed during the 15 month look back period.,,78,,,,,0,percent of total billed charges,78% of Billed Charges. Lesser of 100% of billed charges applies.; No services were performed during the 15 month look back period.,,78,,,,,0,percent of total billed charges,78% of Billed Charges. Lesser of 100% of billed charges applies.; No services were performed during the 15 month look back period.,,78,,,,,0,percent of total billed charges,78% of Billed Charges. Lesser of 100% of billed charges applies.; No services were performed during the 15 month look back period.,,78,,,,,0,percent of total billed charges,78% of Billed Charges. Lesser of 100% of billed charges applies.; No services were performed during the 15 month look back period.,,78,,,,,0,percent of total billed charges,78% of Billed Charges. Lesser of 100% of billed charges applies.; No services were performed during the 15 month look back period.,8427,,,,,,,Case Rate,". Primary procedure pays at 100%, all subsequent at 50%.",8427,,,,,,,Case Rate,". Primary procedure pays at 100%, all subsequent at 50%.",8427,,,,,,,Case Rate,". Primary procedure pays at 100%, all subsequent at 50%.",8427,,,,,,,Case Rate,". Primary procedure pays at 100%, all subsequent at 50%.",12574,,,,,,,Case Rate,". Primary procedure pays at 100%, all subsequent at 50%.",12574,,,,,,,Case Rate,". Primary procedure pays at 100%, all subsequent at 50%.",6487,,,,,,,Case Rate,". MPL 100/50/25% maxmium of 3 procedures. All add ons apply, and lesser of 100% of billed charges",10351,,,,,,,Case Rate,". MPL 100/50/25% all add ons apply, and lesser of 100% of billed charges",6091.36,,,,,,,Case Rate,". MPL 100/50/25% all add ons apply, and lesser of 100% of billed charges",10351,,,,,,,Case Rate,". MPL 100/50/25% all add ons apply, and lesser of 100% of billed charges",,78,,,,,0,percent of total billed charges,78% of Billed Charges. Lesser of 100% of billed charges applies.; No services were performed during the 15 month look back period.,12574,,,,,,,Case Rate,". Primary procedure pays at 100%, all subsequent at 50%.",10351,,,,,,,Case Rate,". MPL 100/50/25% all add ons apply, and lesser of 100% of billed charges",6091.36,,,,,,,Case Rate,". MPL 100/50/25% all add ons apply, and lesser of 100% of billed charges",6487,,,,,,,Case Rate,". MPL 100/50/25% maxmium of 3 procedures. All add ons apply, and lesser of 100% of billed charges",,,,,,,,,"NA. ",,78,,,,,0,percent of total billed charges,78% of Billed Charges. Lesser of 100% of billed charges applies.; No services were performed during the 15 month look back period.,1500.69,,,,,,,Case Rate,"100 Percent of Medicaid APG. ",8427,,,,,,,Case Rate,". Primary procedure pays at 100%, all subsequent at 50%.",1500.69,,,,,,,Case Rate,"100 Percent of Medicaid APG. Not APG payable, or payable under another fee schedule like ASP/AWP pays at 30% of charges",2424,,,,,,,Case Rate,"100%Medicare OPPS FS. ",2424,,,,,,,Case Rate,"100% Medicare OPPS FS. ",25798,,,,,,,Case Rate,". MPL 100/75/50% all add ons apply, and lesser of 100% of billed charges",2424,,,,,,,Case Rate,"100% Medicare OPPS FS. ",2424,,,,,,,Case Rate,"100% Medicare OPPS FS. ",1500.69,,,,,,,Case Rate,"100 Percent of Medicaid APG. ",2424,,,,,,,Case Rate,"100% Medicare OPPS FS. ",2424,,,,,,,Case Rate,"100% Medicare OPPS FS. ",6593,,,,,,,Case Rate,". Primary procedure pays at 100%, secondary at 50%, all subsequent at 25%.  Lesser of applies when negotiated rates exceed charges less addons.",6593,,,,,,,Case Rate,". Primary procedure pays at 100%, secondary at 50%, all subsequent at 25%.  Lesser of applies when negotiated rates exceed charges less addons.",2424,,,,,,,Case Rate,"100% Medicare OPPS FS. ",6487,,,,,,,Case Rate,". MPL 100/50/25% maxmium of 3 procedures. All add ons apply, and lesser of 100% of billed charges",6091.36,,,,,,,Case Rate,". MPL 100/50/25% all add ons apply, and lesser of 100% of billed charges",6091.36,,,,,,,Case Rate,". MPL 100/50/25% all add ons apply, and lesser of 100% of billed charges",2424,,,,,,,Case Rate,"100% Medicare OPPS FS. ",6487,,,,,,,Case Rate,". MPL 100/50/25% maxmium of 3 procedures. All add ons apply, and lesser of 100% of billed charges",6593,,,,,,,Case Rate,". Primary procedure pays at 100%, secondary at 50%, all subsequent at 25%.  Lesser of applies when negotiated rates exceed charges less addons.",6593,,,,,,,Case Rate,". Primary procedure pays at 100%, secondary at 50%, all subsequent at 25%.  Lesser of applies when negotiated rates exceed charges less addons.",6593,,,,,,,Case Rate,". Primary procedure pays at 100%, secondary at 50%, all subsequent at 25%.  Lesser of applies when negotiated rates exceed charges less addons.",,78,,,,,0,percent of total billed charges,78% of Billed Charges. Lesser of 100% of billed charges applies.; No services were performed during the 15 month look back period.,,78,,,,,0,percent of total billed charges,78% of Billed Charges. Lesser of 100% of billed charges applies.; No services were performed during the 15 month look back period.,,78,,,,,0,percent of total billed charges,78% of Billed Charges. Lesser of 100% of billed charges applies.; No services were performed during the 15 month look back period.,,78,,,,,0,percent of total billed charges,78% of Billed Charges. Lesser of 100% of billed charges applies.; No services were performed during the 15 month look back period.,,78,,,,,0,percent of total billed charges,78% of Billed Charges. Lesser of 100% of billed charges applies.; No services were performed during the 15 month look back period.,,78,,,,,0,percent of total billed charges,78% of Billed Charges. Lesser of 100% of billed charges applies.; No services were performed during the 15 month look back period.,,78,,,,,0,percent of total billed charges,78% of Billed Charges. Lesser of 100% of billed charges applies.; No services were performed during the 15 month look back period.,,78,,,,,0,percent of total billed charges,78% of Billed Charges. Lesser of 100% of billed charges applies.; No services were performed during the 15 month look back period.,,78,,,,,0,percent of total billed charges,78% of Billed Charges. Lesser of 100% of billed charges applies.; No services were performed during the 15 month look back period.,,78,,,,,0,percent of total billed charges,78% of Billed Charges. Lesser of 100% of billed charges applies.; No services were performed during the 15 month look back period.,,78,,,,,0,percent of total billed charges,78% of Billed Charges. Lesser of 100% of billed charges applies.; No services were performed during the 15 month look back period.,12574,,,,,,,Case Rate,". Primary procedure pays at 100%, all subsequent at 50%.",10351,,,,,,,Case Rate,". MPL 100/50/25% all add ons apply, and lesser of 100% of billed charges",6487,,,,,,,Case Rate,". MPL 100/50/25% maxmium of 3 procedures. All add ons apply, and lesser of 100% of billed charges",2424,,,,,,,Case Rate,"100% Medicare OPPS FS. ",6593,,,,,,,Case Rate,". Primary procedure pays at 100%, secondary at 50%, all subsequent at 25%.  Lesser of applies when negotiated rates exceed charges less addons.",6487,,,,,,,Case Rate,". MPL 100/50/25% maxmium of 3 procedures. All add ons apply, and lesser of 100% of billed charges",6487,,,,,,,Case Rate,". MPL 100/50/25% maxmium of 3 procedures. All add ons apply, and lesser of 100% of billed charges",,78,,,,,0,percent of total billed charges,78% of Billed Charges. Lesser of 100% of billed charges applies.; No services were performed during the 15 month look back period.,3211.47,,,,,,,Case Rate,"214 Percent of Medicaid APG. Drugs not priced under APG, billed with revenue code 636 and not priced by Medicare ASP FeeSched will be reimbursed at 20% of charges.",6487,,,,,,,Case Rate,". MPL 100/50/25% maxmium of 3 procedures. All add ons apply, and lesser of 100% of billed charges",1500.69,,,,,,,Case Rate,"100 Percent of Medicaid APG. ",2424,,,,,,,Case Rate,"100% Medicare OPPS FS. ",2424,,,,,,,Case Rate,"100% Medicare OPPS FS. ",2424,,,,,,,Case Rate,"100% Medicare OPPS FS. ",2424,,,,,,,Case Rate,"100% Medicare OPPS FS. ",2424,,,,,,,Case Rate,"100% Medicare OPPS FS. ",2424,,,,,,,Case Rate,"100% Medicare OPPS FS. ",6487,,,,,,,Case Rate,". MPL 100/50/25% maxmium of 3 procedures. All add ons apply, and lesser of 100% of billed charges",25798,,,,,,,Case Rate,". MPL 100/75/50% all add ons apply, and lesser of 100% of billed charges",2701.24,,,,,,,Fee Schedule,"180 Percent of Medicaid APG. ",2701.24,,,,,,,Fee Schedule,"180 Percent of Medicaid APG. ",2701.24,,,,,,,Fee Schedule,"180 Percent of Medicaid APG. ",2701.24,,,,,,,Fee Schedule,"180 Percent of Medicaid APG. ",2701.24,,,,,,,Fee Schedule,"180 Percent of Medicaid APG. ",,,,,,,,,"NA. ",25798,,,,,,,Case Rate,". MPL 100/75/50% all add ons apply, and lesser of 100% of billed charges",4799.52,,,,,,,Case Rate,198 Percent of Medicare OPPS. Metroplus will reimburse unlisted codes and described codes with no Medicare rate at 50 percent of charges.,4799.52,,,,,,,Case Rate,198 Percent of Medicare OPPS. Metroplus will reimburse unlisted codes and described codes with no Medicare rate at 50 percent of charges.,4799.52,,,,,,,Case Rate,198 Percent of Medicare OPPS. Metroplus will reimburse unlisted codes and described codes with no Medicare rate at 50 percent of charges.,4799.52,,,,,,,Case Rate,198 Percent of Medicare OPPS. Metroplus will reimburse unlisted codes and described codes with no Medicare rate at 50 percent of charges.,4799.52,,,,,,,Case Rate,198 Percent of Medicare OPPS. Metroplus will reimburse unlisted codes and described codes with no Medicare rate at 50 percent of charges.,2424,,,,,,,Case Rate,"100% Medicare OPPS FS. ",12574,,,,,,,Case Rate,". Primary procedure pays at 100%, all subsequent at 50%.",12574,,,,,,,Case Rate,". Primary procedure pays at 100%, all subsequent at 50%.",12574,,,,,,,Case Rate,". Primary procedure pays at 100%, all subsequent at 50%.",12574,,,,,,,Case Rate,". Primary procedure pays at 100%, all subsequent at 50%.",6593,,,,,,,Case Rate,". Primary procedure pays at 100%, secondary at 50%, all subsequent at 25%.  Lesser of applies when negotiated rates exceed charges less addons.",6593,,,,,,,Case Rate,". Primary procedure pays at 100%, secondary at 50%, all subsequent at 25%.  Lesser of applies when negotiated rates exceed charges less addons.",6593,,,,,,,Case Rate,". Primary procedure pays at 100%, secondary at 50%, all subsequent at 25%.  Lesser of applies when negotiated rates exceed charges less addons.",6593,,,,,,,Case Rate,". Primary procedure pays at 100%, secondary at 50%, all subsequent at 25%.  Lesser of applies when negotiated rates exceed charges less addons.",25798,,,,,,,Case Rate,". MPL 100/75/50% all add ons apply, and lesser of 100% of billed charges",25798,,,,,,,Case Rate,". MPL 100/75/50% all add ons apply, and lesser of 100% of billed charges",2424,,,,,,,Case Rate,"100% Medicare OPPS FS. ",2424,,,,,,,Case Rate,"100% Medicare OPPS FS. ",2424,,,,,,,Case Rate,"100% Medicare OPPS FS. ",10351,,,,,,,Case Rate,". MPL 100/50/25% all add ons apply, and lesser of 100% of billed charges",10351,,,,,,,Case Rate,". MPL 100/50/25% all add ons apply, and lesser of 100% of billed charges",10351,,,,,,,Case Rate,". MPL 100/50/25% all add ons apply, and lesser of 100% of billed charges",25798,,,,,,,Case Rate,". MPL 100/75/50% all add ons apply, and lesser of 100% of billed charges",6593,,,,,,,Case Rate,". Primary procedure pays at 100%, secondary at 50%, all subsequent at 25%.  Lesser of applies when negotiated rates exceed charges less addons.",2424,,,,,,,Case Rate,"100% Medicare OPPS FS. ",10351,,,,,,,Case Rate,". MPL 100/50/25% all add ons apply, and lesser of 100% of billed charges",1500.69,,,,,,,Case Rate,"100 Percent of Medicaid APG. ",2472.48,,,,,,,Case Rate,"102% of Medicare OPPS. ",2472.48,,,,,,,Case Rate,"102% of Medicare OPPS. ",2472.48,,,,,,,Case Rate,"102% of Medicare OPPS. ",1500.69,,,,,,,Case rate,"100 Percent of Medicaid APG. ",3376.55,,,,,,,Case Rate,225% of NYS APG. Lesser of 100% of billed charges applies.,3376.55,,,,,,,Case Rate,225% of NYS APG. Lesser of 100% of billed charges applies.,3376.55,,,,,,,Case Rate,225% of NYS APG. Lesser of 100% of billed charges applies.,3376.55,,,,,,,Case Rate,225% of NYS APG. Lesser of 100% of billed charges applies.,3376.55,,,,,,,Case Rate,225% of NYS APG. Lesser of 100% of billed charges applies.,2472.48,,,,,,,Case Rate,"102% of Medicare OPPS. ",1500.69,,,,,,,Case Rate,"100 Percent of Medicaid APG. ",894.73,,,,,,,Case Rate,100% of PAS. Lesser of 100% of billed charges applies.,3376.55,,,,,,,Case Rate,225% of NYS APG. Lesser of 100% of billed charges applies.,3376.55,,,,,,,Case Rate,225% of NYS APG. Lesser of 100% of billed charges applies.,894.73,,,,,,,Case Rate,100% of PAS. Lesser of 100% of billed charges applies.,894.73,,,,,,,Case Rate,100% of PAS. Lesser of 100% of billed charges applies.,2701.24,,,,,,,Fee Schedule,"180 Percent of Medicaid APG. ",2424,,,,,,,Case Rate,"100% Medicare OPPS FS. ",2424,,,,,,,Case Rate,"100% Medicare OPPS FS. ",6593,,,,,,,Case Rate,". Primary procedure pays at 100%, secondary at 50%, all subsequent at 25%.  Lesser of applies when negotiated rates exceed charges less addons.",2424,,,,,,,Case Rate,"100% Medicare OPPS FS. ",3376.55,,,,,,,Case Rate,"225 Percent of Medicaid APG. ",3376.55,,,,,,,Case Rate,"225 Percent of Medicaid APG. ",1500.69,,,,,,,Case rate,"100 Percent of Medicaid APG. ",1500.69,,,,,,,Case rate,"100 Percent of Medicaid APG. ",3376.55,,,,,,,Case Rate,225 Percent of Medicaid APG. Covered services not payable under Medicaid Fee Schedules default to a payment of 87.5 percent of charges.,1500.69,,,,,,,Case rate,124 Percent of Medicaid APG. Covered services not payable under Medicaid Fee Schedules default to a payment of 50 percent of charges.,3376.55,,,,,,,Case Rate,"100 Percent of Medicaid APG. ",3376.55,,,,,,,Case Rate,"100 Percent of Medicaid APG. ",3376.55,,,,,,,Case Rate,"100 Percent of Medicaid APG. ",3376.55,,,,,,,Case Rate,"100 Percent of Medicaid APG. ",13453,,,,,,,Case Rate,". MPL 100/75/50% all add ons apply, and lesser of 100% of billed charges",25798,,,,,,,Case Rate,". MPL 100/75/50% all add ons apply, and lesser of 100% of billed charges",1800.82,,,,,,,Case Rate,"120 Percent of Medicaid APG. Not APG payable, or payable under another fee schedule like ASP/AWP pays at 30% of charges",1800.82,,,,,,,Case Rate,"120 Percent of Medicaid APG. Not APG payable, or payable under another fee schedule like ASP/AWP pays at 30% of charges",1500.69,,,,,,,Case Rate,"100 Percent of Medicaid APG. Not APG payable, or payable under another fee schedule like ASP/AWP pays at 30% of charges",1500.69,,,,,,,Case Rate,"100 Percent of Medicaid APG. Not APG payable, or payable under another fee schedule like ASP/AWP pays at 30% of charges",10351,,,,,,,Case Rate,". MPL 100/50/25% all add ons apply, and lesser of 100% of billed charges",10351,,,,,,,Case Rate,". MPL 100/50/25% all add ons apply, and lesser of 100% of billed charges",2424,,,,,,,Case Rate,"100% Medicare OPPS FS. ",10351,,,,,,,Case Rate,". MPL 100/50/25% all add ons apply, and lesser of 100% of billed charges",10351,,,,,,,Case Rate,". MPL 100/50/25% all add ons apply, and lesser of 100% of billed charges",10351,,,,,,,Case Rate,". MPL 100/50/25% all add ons apply, and lesser of 100% of billed charges",10351,,,,,,,Case Rate,". MPL 100/50/25% all add ons apply, and lesser of 100% of billed charges",2424,,,,,,,Case Rate,"100% Medicare OPPS FS. ",10351,,,,,,,Case Rate,". MPL 100/50/25% all add ons apply, and lesser of 100% of billed charges",10351,,,,,,,Case Rate,". MPL 100/50/25% all add ons apply, and lesser of 100% of billed charges",6593,,,,,,,Case Rate,". Primary procedure pays at 100%, secondary at 50%, all subsequent at 25%.  Lesser of applies when negotiated rates exceed charges less addons.",1500.69,,,,,,,Fee Schedule,100% APG. Lesser of 100% of billed charges applies.,1500.69,,,,,,,Case rate,124 Percent of Medicaid APG. Covered services not payable under Medicaid Fee Schedules default to a payment of 50 percent of charges.,3376.55,,,,,,,Case Rate,225% of NYS APG. Lesser of 100% of billed charges applies.,3376.55,,,,,,,Case Rate,225 Percent of Medicaid APG. Covered services not payable under Medicaid Fee Schedules default to a payment of 87.5 percent of charges.,1500.69,,,,,,,Case rate,124 Percent of Medicaid APG. Covered services not payable under Medicaid Fee Schedules default to a payment of 50 percent of charges.,3376.55,,,,,,,Case Rate,225% of NYS APG. Lesser of 100% of billed charges applies.,3376.55,,,,,,,Case Rate,225% of NYS APG. Lesser of 100% of billed charges applies.,3376.55,,,,,,,Case Rate,225% of NYS APG. Lesser of 100% of billed charges applies.,3376.55,,,,,,,Case Rate,225% of NYS APG. Lesser of 100% of billed charges applies.,3376.55,,,,,,,Case Rate,225% of NYS APG. Lesser of 100% of billed charges applies.,3376.55,,,,,,,Case Rate,225% of NYS APG. Lesser of 100% of billed charges applies.,,,,,,,,,"NA. ",,,,,,,,,"NA. ",,,,,,,,,"NA. ",6487,,,,,,,Case Rate,". MPL 100/50/25% maxmium of 3 procedures. All add ons apply, and lesser of 100% of billed charges",,,,,,,,,"NA. ",2424,,,,,,,Case Rate,"100% Medicare OPPS FS. ",3681,,,,,,,Case Rate,". MPL 1st 100% of Payment Rate 50% of all others, all add ons apply, and lesser of 100% of billed charges.",2424,,,,,,,Case Rate,"100% Medicare OPPS FS. ",2424,,,,,,,Case Rate,"100% Medicare OPPS FS. ",1800.82,,,,,,,Case Rate,"120 Percent of Medicaid APG. Not APG payable, or payable under another fee schedule like ASP/AWP pays at 30% of charges",1800.82,,,,,,,Case Rate,"120 Percent of Medicaid APG. Not APG payable, or payable under another fee schedule like ASP/AWP pays at 30% of charges",1500.69,,,,,,,Case Rate,"100 Percent of Medicaid APG. Not APG payable, or payable under another fee schedule like ASP/AWP pays at 30% of charges",1500.69,,,,,,,Case Rate,"100 Percent of Medicaid APG. Not APG payable, or payable under another fee schedule like ASP/AWP pays at 30% of charges",1500.69,,,,,,,Case Rate,"100 Percent of Medicaid APG. ",7163,,,,,,,Case Rate,". ",6593,,,,,,,Case Rate,". Primary procedure pays at 100%, secondary at 50%, all subsequent at 25%.  Lesser of applies when negotiated rates exceed charges less addons.",8427,,,,,,,Case Rate,". Primary procedure pays at 100%, all subsequent at 50%.",6487,,,,,,,Case Rate,". MPL 100/50/25% maxmium of 3 procedures. All add ons apply, and lesser of 100% of billed charges",2424,,,,,,,Case Rate,"100%Medicare OPPS FS. ",2424,,,,,,,Case Rate,"100% Medicare OPPS FS. ",2424,,,,,,,Case Rate,"100% Medicare OPPS FS. ",2424,,,,,,,Case Rate,"100% Medicare OPPS FS. ",2424,,,,,,,Case Rate,"100%Medicare OPPS FS. ",2424,,,,,,,Case Rate,"100% Medicare OPPS FS. ",,,,,,,,,"NA. ",3376.55,,,,,,,Case Rate,225% of NYS APG. Lesser of 100% of billed charges applies.,894.73,,,,,,,Case Rate,100% of PAS. Lesser of 100% of billed charges applies.,10351,,,,,,,Case Rate,". MPL 100/50/25% all add ons apply, and lesser of 100% of billed charges",7163,,,,,,,Case Rate,". ",7163,,,,,,,Case Rate,". ",7163,,,,,,,Case Rate,". ",7163,,,,,,,Case Rate,". ",2424,,,,,,,Case Rate,"100% Medicare OPPS FS. ",1500.69,,,,,,,Case Rate,"100 Percent of Medicaid APG. ",10351,,,,,,,Case Rate,". MPL 100/50/25% all add ons apply, and lesser of 100% of billed charges",1500.69,,,,,,,Case Rate,"100 Percent of Medicaid APG. ",2424,,,,,,,Case Rate,"100% Medicare OPPS FS. ",1500.69,,,,,,,Case Rate,"100 Percent of Medicaid APG. ",2424,,,,,,,Case Rate,"100% Medicare OPPS FS. ",2424,,,,,,,Case Rate,"100% Medicare OPPS FS. ",1500.69,,,,,,,Case Rate,"100 Percent of Medicaid APG. ",1500.69,,,,,,,Case Rate,"100 Percent of Medicaid APG. ",7163,,,,,,,Case Rate,". ",6487,,,,,,,Case Rate,". MPL 100/50/25% maxmium of 3 procedures. All add ons apply, and lesser of 100% of billed charges",,78,,,,,0,percent of total billed charges,78% of Billed Charges. Lesser of 100% of billed charges applies.; No services were performed during the 15 month look back period.,6091.36,,,,,,,Case Rate,". MPL 100/50/25% all add ons apply, and lesser of 100% of billed charges",6091.36,,,,,,,Case Rate,". MPL 100/50/25% all add ons apply, and lesser of 100% of billed charges",6593,,,,,,,Case Rate,". Primary procedure pays at 100%, secondary at 50%, all subsequent at 25%.  Lesser of applies when negotiated rates exceed charges less addons.",921.71,,,,,,,Case Rate,"83% HF Fee schedule. ",12574,,,,,,,Case Rate,". Primary procedure pays at 100%, all subsequent at 50%.",12574,,,,,,,Case Rate,". Primary procedure pays at 100%, all subsequent at 50%.",8281,,,,,,,Case Rate,". MPL 100/50/25% all add ons apply, and lesser of 100% of billed charges",8281,,,,,,,Case Rate,". MPL 100/50/25% all add ons apply, and lesser of 100% of billed charges",2424,,,,,,,Case Rate,"100% Medicare OPPS FS. ",2424,,,,,,,Case Rate,"100% Medicare OPPS FS. ",2424,,,,,,,Case Rate,"100% Medicare OPPS FS. ",2424,,,,,,,Case Rate,"100% Medicare OPPS FS. ",6091.36,,,,,,,Case Rate,". MPL 100/50/25% all add ons apply, and lesser of 100% of billed charges",10351,,,,,,,Case Rate,". MPL 100/50/25% all add ons apply, and lesser of 100% of billed charges",10351,,,,,,,Case Rate,". MPL 100/50/25% all add ons apply, and lesser of 100% of billed charges",2424,,,,,,,Case Rate,"100% Medicare OPPS FS. ",8281,,,,,,,Case Rate,". MPL 100/50/25% all add ons apply, and lesser of 100% of billed charges",8427,,,,,,,Case Rate,". Primary procedure pays at 100%, all subsequent at 50%.",1800.82,,,,,,,Fee Schedule,"120 Percent of Medicaid APG. ",1500.69,,,,,,,Case Rate,"100 Percent of Medicaid APG. ",7163,,,,,,,Case Rate,". ",9316,,,,,,,Case Rate,". MPL 100/50/25% all add ons apply, and lesser of 100% of billed charges",9316,,,,,,,Case Rate,". MPL 100/50/25% all add ons apply, and lesser of 100% of billed charges",10351,,,,,,,Case Rate,". MPL 100/50/25% all add ons apply, and lesser of 100% of billed charges",14948,,,,,,,Case Rate,". MPL 100/75/50% all add ons apply, and lesser of 100% of billed charges",2424,,,,,,,Case Rate,"100%Medicare OPPS FS. ",1575.72,,,,,,,Fee Schedule,105 percent of Medicaid APG. otherwise 105% of Ordered NYS MCD FS or 105% of ASP+6%,1575.72,,,,,,,Fee Schedule,105 percent of Medicaid APG. otherwise 105% of Ordered NYS MCD FS or 105% of ASP+6%,1575.72,,,,,,,Fee Schedule,105 percent of Medicaid APG. otherwise 105% of Ordered NYS MCD FS or 105% of ASP+6%,2025.93,,,,,,,Fee Schedule,135 percent of Medicaid APG. otherwise 135% of Ordered NYS MCD FS or 135% of ASP+6%,6091.36,,,,,,,Case Rate,". MPL 100/50/25% all add ons apply, and lesser of 100% of billed charges",1575.72,,,,,,,Fee Schedule,105 percent of Medicaid APG. otherwise 105% of Ordered NYS MCD FS or 105% of ASP+6%,1575.72,,,,,,,Fee Schedule,105 percent of Medicaid APG. otherwise 105% of Ordered NYS MCD FS or 105% of ASP+6%,1575.72,,,,,,,Fee Schedule,105 percent of Medicaid APG. otherwise 105% of Ordered NYS MCD FS or 105% of ASP+6%,1575.72,,,,,,,Fee Schedule,105 percent of Medicaid APG. otherwise 105% of Ordered NYS MCD FS or 105% of ASP+6%,1575.72,,,,,,,Fee Schedule,105 percent of Medicaid APG. otherwise 105% of Ordered NYS MCD FS or 105% of ASP+6%,2025.93,,,,,,,Fee Schedule,135 percent of Medicaid APG. otherwise 135% of Ordered NYS MCD FS or 135% of ASP+6%,2025.93,,,,,,,Fee Schedule,135 percent of Medicaid APG. otherwise 135% of Ordered NYS MCD FS or 135% of ASP+6%,2424,,,,,,,Case Rate,"100% Medicare OPPS FS. ",6091.36,,,,,,,Case Rate,". MPL 100/50/25% all add ons apply, and lesser of 100% of billed charges",2424,,,,,,,Case Rate,"100% Medicare OPPS FS. ",1575.72,,,,,,,Fee Schedule,105 percent of Medicaid APG. otherwise 105% of Ordered NYS MCD FS or 105% of ASP+6%,10351,,,,,,,Case Rate,". MPL 100/50/25% all add ons apply, and lesser of 100% of billed charges",2424,,,,,,,Case Rate,"100% Medicare OPPS FS. ",10351,,,,,,,Case Rate,". MPL 100/50/25% all add ons apply, and lesser of 100% of billed charges",10351,,,,,,,Case Rate,". MPL 100/50/25% all add ons apply, and lesser of 100% of billed charges",10351,,,,,,,Case Rate,". MPL 100/50/25% all add ons apply, and lesser of 100% of billed charges",1575.72,,,,,,,Fee Schedule,105 percent of Medicaid APG. otherwise 105% of Ordered NYS MCD FS or 105% of ASP+6%,2424,,,,,,,Case Rate,"100% Medicare OPPS FS. ",10351,,,,,,,Case Rate,". MPL 100/50/25% all add ons apply, and lesser of 100% of billed charges",2025.93,,,,,,,Fee Schedule,135 percent of Medicaid APG. otherwise 135% of Ordered NYS MCD FS or 135% of ASP+6%,10351,,,,,,,Case Rate,". MPL 100/50/25% all add ons apply, and lesser of 100% of billed charges",,200,,,,,0,Case Rate,200% of Medicare OPPS. ; No services were performed during the 15 month look back period.,2424,,,,,,,Case Rate,"100%Medicare OPPS FS. ",7163,,,,,,,Case Rate,". ",7163,,,,,,,Case Rate,". ",7163,,,,,,,Case Rate,". ",7163,,,,,,,Case Rate,". ",7163,,,,,,,Case Rate,". ",8427,,,,,,,Case Rate,". Primary procedure pays at 100%, all subsequent at 50%.",8427,,,,,,,Case Rate,". Primary procedure pays at 100%, all subsequent at 50%.",7163,,,,,,,Case Rate,". ",7163,,,,,,,Case Rate,". ",7163,,,,,,,Case Rate,". ",7163,,,,,,,Case Rate,". ",7163,,,,,,,Case Rate,". ",2424,,,,,,,Case Rate,"100% Medicare OPPS FS. ",8427,,,,,,,Case Rate,". Primary procedure pays at 100%, all subsequent at 50%.",2424,,,,,,,Case Rate,"100% Medicare OPPS FS. ",3376.55,,,,,,,Case Rate,"225 Percent of Medicaid APG. If not included in Medicaid APG, then 100 Percent of Manhattan Medicare",1500.69,,,,,,,Case Rate,"100 Percent of Medicaid APG. ",6091.36,,,,,,,Case Rate,". MPL 100/50/25% all add ons apply, and lesser of 100% of billed charges",6091.36,,,,,,,Case Rate,". MPL 100/50/25% all add ons apply, and lesser of 100% of billed charges",2424,,,,,,,Case Rate,"100% Medicare OPPS FS. ",12574,,,,,,,Case Rate,". Primary procedure pays at 100%, all subsequent at 50%.",2424,,,,,,,Case Rate,"100% Medicare OPPS FS. ",2424,,,,,,,Case Rate,"100% Medicare OPPS FS. ",6593,,,,,,,Case Rate,". Primary procedure pays at 100%, secondary at 50%, all subsequent at 25%.  Lesser of applies when negotiated rates exceed charges less addons.",2424,,,,,,,Case Rate,"100% Medicare OPPS FS. ",6487,,,,,,,Case Rate,". MPL 100/50/25% maxmium of 3 procedures. All add ons apply, and lesser of 100% of billed charges",2424,,,,,,,Case Rate,"100% Medicare OPPS FS. ",6487,,,,,,,Case Rate,". MPL 100/50/25% maxmium of 3 procedures. All add ons apply, and lesser of 100% of billed charges",6593,,,,,,,Case Rate,". Primary procedure pays at 100%, secondary at 50%, all subsequent at 25%.  Lesser of applies when negotiated rates exceed charges less addons.",6487,,,,,,,Case Rate,". MPL 100/50/25% maxmium of 3 procedures. All add ons apply, and lesser of 100% of billed charges",2424,,,,,,,Case Rate,"100% Medicare OPPS FS. ",1500.69,,,,,,,Case Rate,"100 Percent of Medicaid APG. ",2424,,,,,,,Case Rate,"100% Medicare OPPS FS. ",6487,,,,,,,Case Rate,". MPL 100/50/25% maxmium of 3 procedures. All add ons apply, and lesser of 100% of billed charges",6091.36,,,,,,,Case Rate,". MPL 100/50/25% all add ons apply, and lesser of 100% of billed charges",1500.69,,,,,,,Case Rate,"100 Percent of Medicaid APG. ",10351,,,,,,,Case Rate,". MPL 100/50/25% all add ons apply, and lesser of 100% of billed charges",1800.82,,,,,,,Fee Schedule,"120 Percent of Medicaid APG. ",1800.82,,,,,,,Fee Schedule,"120 Percent of Medicaid APG. ",10351,,,,,,,Case Rate,". MPL 100/50/25% all add ons apply, and lesser of 100% of billed charges",10351,,,,,,,Case Rate,". MPL 100/50/25% all add ons apply, and lesser of 100% of billed charges",10351,,,,,,,Case Rate,". MPL 100/50/25% all add ons apply, and lesser of 100% of billed charges",6091.36,,,,,,,Case Rate,". MPL 100/50/25% all add ons apply, and lesser of 100% of billed charges",10351,,,,,,,Case Rate,". MPL 100/50/25% all add ons apply, and lesser of 100% of billed charges",10351,,,,,,,Case Rate,". MPL 100/50/25% all add ons apply, and lesser of 100% of billed charges",10351,,,,,,,Case Rate,". MPL 100/50/25% all add ons apply, and lesser of 100% of billed charges",7163,,,,,,,Case Rate,". ",7163,,,,,,,Case Rate,". ",4799.52,,,,,,,Case Rate,198 Percent of Medicare OPPS. Metroplus will reimburse unlisted codes and described codes with no Medicare rate at 50 percent of charges.,1500.69,,,,,,,Case Rate,"100 Percent of Medicaid APG. ",6091.36,,,,,,,Case Rate,". MPL 100/50/25% all add ons apply, and lesser of 100% of billed charges",6487,,,,,,,Case Rate,". MPL 100/50/25% maxmium of 3 procedures. All add ons apply, and lesser of 100% of billed charges",6593,,,,,,,Case Rate,". Primary procedure pays at 100%, secondary at 50%, all subsequent at 25%.  Lesser of applies when negotiated rates exceed charges less addons.",6091.36,,,,,,,Case Rate,". MPL 100/50/25% all add ons apply, and lesser of 100% of billed charges",6593,,,,,,,Case Rate,". Primary procedure pays at 100%, secondary at 50%, all subsequent at 25%.  Lesser of applies when negotiated rates exceed charges less addons.",6091.36,,,,,,,Case Rate,". MPL 100/50/25% all add ons apply, and lesser of 100% of billed charges",10351,,,,,,,Case Rate,". MPL 100/50/25% all add ons apply, and lesser of 100% of billed charges",10351,,,,,,,Case Rate,". MPL 100/50/25% all add ons apply, and lesser of 100% of billed charges",10351,,,,,,,Case Rate,". MPL 100/50/25% all add ons apply, and lesser of 100% of billed charges",10351,,,,,,,Case Rate,". MPL 100/50/25% all add ons apply, and lesser of 100% of billed charges",2424,,,,,,,Case Rate,"100% Medicare OPPS FS. ",894.73,25798,
50947,CPT,,,490,RC,LAPARO NEW URETER/BLADDER,,,both,,,,20415,,,,,,,Case Rate,". MPL 1st 100% of Payment Rate 50% of all others, all add ons apply, and lesser of 100% of billed charges.",20415,,,,,,,Case Rate,". MPL 1st 100% of Payment Rate 50% of all others, all add ons apply, and lesser of 100% of billed charges.",16624,,,,,,,Case Rate,". Primary procedure pays at 100%, secondary at 50%, all subsequent at 25%.  Lesser of applies when negotiated rates exceed charges less addons.",,100,,,,,0,percent of total billed charges,100 percent of billed charges. ; No services were performed during the 15 month look back period.,12319.6,,,,,,,Case Rate,"100% Medicare OPPS FS. ",16624,,,,,,,Case Rate,". Primary procedure pays at 100%, secondary at 50%, all subsequent at 25%.  Lesser of applies when negotiated rates exceed charges less addons.",16624,,,,,,,Case Rate,". Primary procedure pays at 100%, secondary at 50%, all subsequent at 25%.  Lesser of applies when negotiated rates exceed charges less addons.",16624,,,,,,,Case Rate,". Primary procedure pays at 100%, secondary at 50%, all subsequent at 25%.  Lesser of applies when negotiated rates exceed charges less addons.",3109.56,,,,,,,Case Rate,"100 Percent of Medicaid APG. ",2591.3,,,,,,,Case Rate,"100 Percent of Medicaid APG. ",,78,,,,,0,percent of total billed charges,78% of Billed Charges. Lesser of 100% of billed charges applies.; No services were performed during the 15 month look back period.,18160.12,,,,,,,Case Rate,". MPL 100/50/25% all add ons apply, and lesser of 100% of billed charges",2591.3,,,,,,,Case Rate,"100 Percent of Medicaid APG. ",12319.6,,,,,,,Case Rate,"100% Medicare OPPS FS. ",6487,,,,,,,Case Rate,". MPL 100/50/25% maxmium of 3 procedures. All add ons apply, and lesser of 100% of billed charges",6487,,,,,,,Case Rate,". MPL 100/50/25% maxmium of 3 procedures. All add ons apply, and lesser of 100% of billed charges",6487,,,,,,,Case Rate,". MPL 100/50/25% maxmium of 3 procedures. All add ons apply, and lesser of 100% of billed charges",6487,,,,,,,Case Rate,". MPL 100/50/25% maxmium of 3 procedures. All add ons apply, and lesser of 100% of billed charges",2591.3,,,,,,,Case rate,124 Percent of Medicaid APG. Covered services not payable under Medicaid Fee Schedules default to a payment of 50 percent of charges.,12319.6,,,,,,,Case Rate,"100% Medicare OPPS FS. ",2591.3,,,,,,,Case rate,124 Percent of Medicaid APG. Covered services not payable under Medicaid Fee Schedules default to a payment of 50 percent of charges.,,78,,,,,0,percent of total billed charges,78% of Billed Charges. Lesser of 100% of billed charges applies.; No services were performed during the 15 month look back period.,16624,,,,,,,Case Rate,". Primary procedure pays at 100%, secondary at 50%, all subsequent at 25%.  Lesser of applies when negotiated rates exceed charges less addons.",12319.6,,,,,,,Case Rate,"100%Medicare OPPS FS. ",8427,,,,,,,Case Rate,". Primary procedure pays at 100%, all subsequent at 50%.",12319.6,,,,,,,Case Rate,"100%Medicare OPPS FS. ",12319.6,,,,,,,Case Rate,"100%Medicare OPPS FS. ",,78,,,,,0,percent of total billed charges,78% of Billed Charges. Lesser of 100% of billed charges applies.; No services were performed during the 15 month look back period.,2425.14,,,,,,,Case Rate,100% of PAS. Lesser of 100% of billed charges applies.,2425.14,,,,,,,Case Rate,100% of PAS. Lesser of 100% of billed charges applies.,2591.3,,,,,,,Case rate,"100 Percent of Medicaid APG. ",2591.3,,,,,,,Case rate,"100 Percent of Medicaid APG. ",8427,,,,,,,Case Rate,". Primary procedure pays at 100%, all subsequent at 50%.",8427,,,,,,,Case Rate,". Primary procedure pays at 100%, all subsequent at 50%.",2591.3,,,,,,,Case Rate,"100 Percent of Medicaid APG. Not APG payable, or payable under another fee schedule like ASP/AWP pays at 30% of charges",8427,,,,,,,Case Rate,". Primary procedure pays at 100%, all subsequent at 50%.",2591.3,,,,,,,Case Rate,"100 Percent of Medicaid APG. Not APG payable, or payable under another fee schedule like ASP/AWP pays at 30% of charges",12319.6,,,,,,,Case Rate,"100%Medicare OPPS FS. ",8427,,,,,,,Case Rate,". Primary procedure pays at 100%, all subsequent at 50%.",,78,,,,,0,percent of total billed charges,78% of Billed Charges. Lesser of 100% of billed charges applies.; No services were performed during the 15 month look back period.,2591.3,,,,,,,Case Rate,"100 Percent of Medicaid APG. ",2591.3,,,,,,,Case Rate,"100 Percent of Medicaid APG. ",,78,,,,,0,percent of total billed charges,78% of Billed Charges. Lesser of 100% of billed charges applies.; No services were performed during the 15 month look back period.,6487,,,,,,,Case Rate,". MPL 100/50/25% maxmium of 3 procedures. All add ons apply, and lesser of 100% of billed charges",16031,,,,,,,Case Rate,". MPL 100/50/25% all add ons apply, and lesser of 100% of billed charges",16031,,,,,,,Case Rate,". MPL 100/50/25% all add ons apply, and lesser of 100% of billed charges",,78,,,,,0,percent of total billed charges,78% of Billed Charges. Lesser of 100% of billed charges applies.; No services were performed during the 15 month look back period.,12319.6,,,,,,,Case Rate,"100% Medicare OPPS FS. ",18160.12,,,,,,,Case Rate,". MPL 100/50/25% all add ons apply, and lesser of 100% of billed charges",18160.12,,,,,,,Case Rate,". MPL 100/50/25% all add ons apply, and lesser of 100% of billed charges",18160.12,,,,,,,Case Rate,". MPL 100/50/25% all add ons apply, and lesser of 100% of billed charges",12319.6,,,,,,,Case Rate,"100% Medicare OPPS FS. ",18160.12,,,,,,,Case Rate,". MPL 100/50/25% all add ons apply, and lesser of 100% of billed charges",18160.12,,,,,,,Case Rate,". MPL 100/50/25% all add ons apply, and lesser of 100% of billed charges",12319.6,,,,,,,Case Rate,"100% of Medicare OPPS. ",25798,,,,,,,Case Rate,". MPL 100/75/50% all add ons apply, and lesser of 100% of billed charges",18617,,,,,,,Case Rate,". MPL 100/50/25% all add ons apply, and lesser of 100% of billed charges",18617,,,,,,,Case Rate,". MPL 100/50/25% all add ons apply, and lesser of 100% of billed charges",18617,,,,,,,Case Rate,". MPL 100/50/25% all add ons apply, and lesser of 100% of billed charges",18617,,,,,,,Case Rate,". MPL 100/50/25% all add ons apply, and lesser of 100% of billed charges",18617,,,,,,,Case Rate,". MPL 100/50/25% all add ons apply, and lesser of 100% of billed charges",18617,,,,,,,Case Rate,". MPL 100/50/25% all add ons apply, and lesser of 100% of billed charges",12319.6,,,,,,,Case Rate,"100% Medicare OPPS FS. ",12319.6,,,,,,,Case Rate,"100% Medicare OPPS FS. ",18617,,,,,,,Case Rate,". MPL 100/50/25% all add ons apply, and lesser of 100% of billed charges",,78,,,,,0,percent of total billed charges,78% of Billed Charges. Lesser of 100% of billed charges applies.; No services were performed during the 15 month look back period.,,78,,,,,0,percent of total billed charges,78% of Billed Charges. Lesser of 100% of billed charges applies.; No services were performed during the 15 month look back period.,,78,,,,,0,percent of total billed charges,78% of Billed Charges. Lesser of 100% of billed charges applies.; No services were performed during the 15 month look back period.,,78,,,,,0,percent of total billed charges,78% of Billed Charges. Lesser of 100% of billed charges applies.; No services were performed during the 15 month look back period.,,78,,,,,0,percent of total billed charges,78% of Billed Charges. Lesser of 100% of billed charges applies.; No services were performed during the 15 month look back period.,,78,,,,,0,percent of total billed charges,78% of Billed Charges. Lesser of 100% of billed charges applies.; No services were performed during the 15 month look back period.,,78,,,,,0,percent of total billed charges,78% of Billed Charges. Lesser of 100% of billed charges applies.; No services were performed during the 15 month look back period.,,78,,,,,0,percent of total billed charges,78% of Billed Charges. Lesser of 100% of billed charges applies.; No services were performed during the 15 month look back period.,,78,,,,,0,percent of total billed charges,78% of Billed Charges. Lesser of 100% of billed charges applies.; No services were performed during the 15 month look back period.,,78,,,,,0,percent of total billed charges,78% of Billed Charges. Lesser of 100% of billed charges applies.; No services were performed during the 15 month look back period.,,78,,,,,0,percent of total billed charges,78% of Billed Charges. Lesser of 100% of billed charges applies.; No services were performed during the 15 month look back period.,,78,,,,,0,percent of total billed charges,78% of Billed Charges. Lesser of 100% of billed charges applies.; No services were performed during the 15 month look back period.,,78,,,,,0,percent of total billed charges,78% of Billed Charges. Lesser of 100% of billed charges applies.; No services were performed during the 15 month look back period.,,78,,,,,0,percent of total billed charges,78% of Billed Charges. Lesser of 100% of billed charges applies.; No services were performed during the 15 month look back period.,,78,,,,,0,percent of total billed charges,78% of Billed Charges. Lesser of 100% of billed charges applies.; No services were performed during the 15 month look back period.,,78,,,,,0,percent of total billed charges,78% of Billed Charges. Lesser of 100% of billed charges applies.; No services were performed during the 15 month look back period.,,78,,,,,0,percent of total billed charges,78% of Billed Charges. Lesser of 100% of billed charges applies.; No services were performed during the 15 month look back period.,,78,,,,,0,percent of total billed charges,78% of Billed Charges. Lesser of 100% of billed charges applies.; No services were performed during the 15 month look back period.,,78,,,,,0,percent of total billed charges,78% of Billed Charges. Lesser of 100% of billed charges applies.; No services were performed during the 15 month look back period.,,78,,,,,0,percent of total billed charges,78% of Billed Charges. Lesser of 100% of billed charges applies.; No services were performed during the 15 month look back period.,,78,,,,,0,percent of total billed charges,78% of Billed Charges. Lesser of 100% of billed charges applies.; No services were performed during the 15 month look back period.,,78,,,,,0,percent of total billed charges,78% of Billed Charges. Lesser of 100% of billed charges applies.; No services were performed during the 15 month look back period.,,78,,,,,0,percent of total billed charges,78% of Billed Charges. Lesser of 100% of billed charges applies.; No services were performed during the 15 month look back period.,,78,,,,,0,percent of total billed charges,78% of Billed Charges. Lesser of 100% of billed charges applies.; No services were performed during the 15 month look back period.,,78,,,,,0,percent of total billed charges,78% of Billed Charges. Lesser of 100% of billed charges applies.; No services were performed during the 15 month look back period.,,78,,,,,0,percent of total billed charges,78% of Billed Charges. Lesser of 100% of billed charges applies.; No services were performed during the 15 month look back period.,8427,,,,,,,Case Rate,". Primary procedure pays at 100%, all subsequent at 50%.",8427,,,,,,,Case Rate,". Primary procedure pays at 100%, all subsequent at 50%.",8427,,,,,,,Case Rate,". Primary procedure pays at 100%, all subsequent at 50%.",8427,,,,,,,Case Rate,". Primary procedure pays at 100%, all subsequent at 50%.",12574,,,,,,,Case Rate,". Primary procedure pays at 100%, all subsequent at 50%.",12574,,,,,,,Case Rate,". Primary procedure pays at 100%, all subsequent at 50%.",6487,,,,,,,Case Rate,". MPL 100/50/25% maxmium of 3 procedures. All add ons apply, and lesser of 100% of billed charges",18617,,,,,,,Case Rate,". MPL 100/50/25% all add ons apply, and lesser of 100% of billed charges",18160.12,,,,,,,Case Rate,". MPL 100/50/25% all add ons apply, and lesser of 100% of billed charges",18617,,,,,,,Case Rate,". MPL 100/50/25% all add ons apply, and lesser of 100% of billed charges",,78,,,,,0,percent of total billed charges,78% of Billed Charges. Lesser of 100% of billed charges applies.; No services were performed during the 15 month look back period.,12574,,,,,,,Case Rate,". Primary procedure pays at 100%, all subsequent at 50%.",18617,,,,,,,Case Rate,". MPL 100/50/25% all add ons apply, and lesser of 100% of billed charges",18160.12,,,,,,,Case Rate,". MPL 100/50/25% all add ons apply, and lesser of 100% of billed charges",6487,,,,,,,Case Rate,". MPL 100/50/25% maxmium of 3 procedures. All add ons apply, and lesser of 100% of billed charges",,,,,,,,,"NA. ",,78,,,,,0,percent of total billed charges,78% of Billed Charges. Lesser of 100% of billed charges applies.; No services were performed during the 15 month look back period.,2591.3,,,,,,,Case Rate,"100 Percent of Medicaid APG. ",8427,,,,,,,Case Rate,". Primary procedure pays at 100%, all subsequent at 50%.",2591.3,,,,,,,Case Rate,"100 Percent of Medicaid APG. Not APG payable, or payable under another fee schedule like ASP/AWP pays at 30% of charges",12319.6,,,,,,,Case Rate,"100%Medicare OPPS FS. ",12319.6,,,,,,,Case Rate,"100% Medicare OPPS FS. ",25798,,,,,,,Case Rate,". MPL 100/75/50% all add ons apply, and lesser of 100% of billed charges",12319.6,,,,,,,Case Rate,"100% Medicare OPPS FS. ",12319.6,,,,,,,Case Rate,"100% Medicare OPPS FS. ",2591.3,,,,,,,Case Rate,"100 Percent of Medicaid APG. ",12319.6,,,,,,,Case Rate,"100% Medicare OPPS FS. ",12319.6,,,,,,,Case Rate,"100% Medicare OPPS FS. ",16624,,,,,,,Case Rate,". Primary procedure pays at 100%, secondary at 50%, all subsequent at 25%.  Lesser of applies when negotiated rates exceed charges less addons.",16624,,,,,,,Case Rate,". Primary procedure pays at 100%, secondary at 50%, all subsequent at 25%.  Lesser of applies when negotiated rates exceed charges less addons.",12319.6,,,,,,,Case Rate,"100% Medicare OPPS FS. ",6487,,,,,,,Case Rate,". MPL 100/50/25% maxmium of 3 procedures. All add ons apply, and lesser of 100% of billed charges",18160.12,,,,,,,Case Rate,". MPL 100/50/25% all add ons apply, and lesser of 100% of billed charges",18160.12,,,,,,,Case Rate,". MPL 100/50/25% all add ons apply, and lesser of 100% of billed charges",12319.6,,,,,,,Case Rate,"100% Medicare OPPS FS. ",6487,,,,,,,Case Rate,". MPL 100/50/25% maxmium of 3 procedures. All add ons apply, and lesser of 100% of billed charges",16624,,,,,,,Case Rate,". Primary procedure pays at 100%, secondary at 50%, all subsequent at 25%.  Lesser of applies when negotiated rates exceed charges less addons.",16624,,,,,,,Case Rate,". Primary procedure pays at 100%, secondary at 50%, all subsequent at 25%.  Lesser of applies when negotiated rates exceed charges less addons.",16624,,,,,,,Case Rate,". Primary procedure pays at 100%, secondary at 50%, all subsequent at 25%.  Lesser of applies when negotiated rates exceed charges less addons.",,78,,,,,0,percent of total billed charges,78% of Billed Charges. Lesser of 100% of billed charges applies.; No services were performed during the 15 month look back period.,,78,,,,,0,percent of total billed charges,78% of Billed Charges. Lesser of 100% of billed charges applies.; No services were performed during the 15 month look back period.,,78,,,,,0,percent of total billed charges,78% of Billed Charges. Lesser of 100% of billed charges applies.; No services were performed during the 15 month look back period.,,78,,,,,0,percent of total billed charges,78% of Billed Charges. Lesser of 100% of billed charges applies.; No services were performed during the 15 month look back period.,,78,,,,,0,percent of total billed charges,78% of Billed Charges. Lesser of 100% of billed charges applies.; No services were performed during the 15 month look back period.,,78,,,,,0,percent of total billed charges,78% of Billed Charges. Lesser of 100% of billed charges applies.; No services were performed during the 15 month look back period.,,78,,,,,0,percent of total billed charges,78% of Billed Charges. Lesser of 100% of billed charges applies.; No services were performed during the 15 month look back period.,,78,,,,,0,percent of total billed charges,78% of Billed Charges. Lesser of 100% of billed charges applies.; No services were performed during the 15 month look back period.,,78,,,,,0,percent of total billed charges,78% of Billed Charges. Lesser of 100% of billed charges applies.; No services were performed during the 15 month look back period.,,78,,,,,0,percent of total billed charges,78% of Billed Charges. Lesser of 100% of billed charges applies.; No services were performed during the 15 month look back period.,,78,,,,,0,percent of total billed charges,78% of Billed Charges. Lesser of 100% of billed charges applies.; No services were performed during the 15 month look back period.,12574,,,,,,,Case Rate,". Primary procedure pays at 100%, all subsequent at 50%.",18617,,,,,,,Case Rate,". MPL 100/50/25% all add ons apply, and lesser of 100% of billed charges",6487,,,,,,,Case Rate,". MPL 100/50/25% maxmium of 3 procedures. All add ons apply, and lesser of 100% of billed charges",12319.6,,,,,,,Case Rate,"100% Medicare OPPS FS. ",16624,,,,,,,Case Rate,". Primary procedure pays at 100%, secondary at 50%, all subsequent at 25%.  Lesser of applies when negotiated rates exceed charges less addons.",6487,,,,,,,Case Rate,". MPL 100/50/25% maxmium of 3 procedures. All add ons apply, and lesser of 100% of billed charges",6487,,,,,,,Case Rate,". MPL 100/50/25% maxmium of 3 procedures. All add ons apply, and lesser of 100% of billed charges",,78,,,,,0,percent of total billed charges,78% of Billed Charges. Lesser of 100% of billed charges applies.; No services were performed during the 15 month look back period.,5545.37,,,,,,,Case Rate,"214 Percent of Medicaid APG. Drugs not priced under APG, billed with revenue code 636 and not priced by Medicare ASP FeeSched will be reimbursed at 20% of charges.",6487,,,,,,,Case Rate,". MPL 100/50/25% maxmium of 3 procedures. All add ons apply, and lesser of 100% of billed charges",2591.3,,,,,,,Case Rate,"100 Percent of Medicaid APG. ",12319.6,,,,,,,Case Rate,"100% Medicare OPPS FS. ",12319.6,,,,,,,Case Rate,"100% Medicare OPPS FS. ",12319.6,,,,,,,Case Rate,"100% Medicare OPPS FS. ",12319.6,,,,,,,Case Rate,"100% Medicare OPPS FS. ",12319.6,,,,,,,Case Rate,"100% Medicare OPPS FS. ",12319.6,,,,,,,Case Rate,"100% Medicare OPPS FS. ",6487,,,,,,,Case Rate,". MPL 100/50/25% maxmium of 3 procedures. All add ons apply, and lesser of 100% of billed charges",25798,,,,,,,Case Rate,". MPL 100/75/50% all add ons apply, and lesser of 100% of billed charges",4664.33,,,,,,,Fee Schedule,"180 Percent of Medicaid APG. ",4664.33,,,,,,,Fee Schedule,"180 Percent of Medicaid APG. ",4664.33,,,,,,,Fee Schedule,"180 Percent of Medicaid APG. ",4664.33,,,,,,,Fee Schedule,"180 Percent of Medicaid APG. ",4664.33,,,,,,,Fee Schedule,"180 Percent of Medicaid APG. ",,,,,,,,,"NA. ",25798,,,,,,,Case Rate,". MPL 100/75/50% all add ons apply, and lesser of 100% of billed charges",24392.8,,,,,,,Case Rate,198 Percent of Medicare OPPS. Metroplus will reimburse unlisted codes and described codes with no Medicare rate at 50 percent of charges.,24392.8,,,,,,,Case Rate,198 Percent of Medicare OPPS. Metroplus will reimburse unlisted codes and described codes with no Medicare rate at 50 percent of charges.,24392.8,,,,,,,Case Rate,198 Percent of Medicare OPPS. Metroplus will reimburse unlisted codes and described codes with no Medicare rate at 50 percent of charges.,24392.8,,,,,,,Case Rate,198 Percent of Medicare OPPS. Metroplus will reimburse unlisted codes and described codes with no Medicare rate at 50 percent of charges.,24392.8,,,,,,,Case Rate,198 Percent of Medicare OPPS. Metroplus will reimburse unlisted codes and described codes with no Medicare rate at 50 percent of charges.,12319.6,,,,,,,Case Rate,"100% Medicare OPPS FS. ",12574,,,,,,,Case Rate,". Primary procedure pays at 100%, all subsequent at 50%.",12574,,,,,,,Case Rate,". Primary procedure pays at 100%, all subsequent at 50%.",12574,,,,,,,Case Rate,". Primary procedure pays at 100%, all subsequent at 50%.",12574,,,,,,,Case Rate,". Primary procedure pays at 100%, all subsequent at 50%.",16624,,,,,,,Case Rate,". Primary procedure pays at 100%, secondary at 50%, all subsequent at 25%.  Lesser of applies when negotiated rates exceed charges less addons.",16624,,,,,,,Case Rate,". Primary procedure pays at 100%, secondary at 50%, all subsequent at 25%.  Lesser of applies when negotiated rates exceed charges less addons.",16624,,,,,,,Case Rate,". Primary procedure pays at 100%, secondary at 50%, all subsequent at 25%.  Lesser of applies when negotiated rates exceed charges less addons.",16624,,,,,,,Case Rate,". Primary procedure pays at 100%, secondary at 50%, all subsequent at 25%.  Lesser of applies when negotiated rates exceed charges less addons.",25798,,,,,,,Case Rate,". MPL 100/75/50% all add ons apply, and lesser of 100% of billed charges",25798,,,,,,,Case Rate,". MPL 100/75/50% all add ons apply, and lesser of 100% of billed charges",12319.6,,,,,,,Case Rate,"100% Medicare OPPS FS. ",12319.6,,,,,,,Case Rate,"100% Medicare OPPS FS. ",12319.6,,,,,,,Case Rate,"100% Medicare OPPS FS. ",18617,,,,,,,Case Rate,". MPL 100/50/25% all add ons apply, and lesser of 100% of billed charges",18617,,,,,,,Case Rate,". MPL 100/50/25% all add ons apply, and lesser of 100% of billed charges",18617,,,,,,,Case Rate,". MPL 100/50/25% all add ons apply, and lesser of 100% of billed charges",25798,,,,,,,Case Rate,". MPL 100/75/50% all add ons apply, and lesser of 100% of billed charges",16624,,,,,,,Case Rate,". Primary procedure pays at 100%, secondary at 50%, all subsequent at 25%.  Lesser of applies when negotiated rates exceed charges less addons.",12319.6,,,,,,,Case Rate,"100% Medicare OPPS FS. ",18617,,,,,,,Case Rate,". MPL 100/50/25% all add ons apply, and lesser of 100% of billed charges",2591.3,,,,,,,Case Rate,"100 Percent of Medicaid APG. ",12565.99,,,,,,,Case Rate,"102% of Medicare OPPS. ",12565.99,,,,,,,Case Rate,"102% of Medicare OPPS. ",12565.99,,,,,,,Case Rate,"102% of Medicare OPPS. ",2591.3,,,,,,,Case rate,"100 Percent of Medicaid APG. ",5830.42,,,,,,,Case Rate,225% of NYS APG. Lesser of 100% of billed charges applies.,5830.42,,,,,,,Case Rate,225% of NYS APG. Lesser of 100% of billed charges applies.,5830.42,,,,,,,Case Rate,225% of NYS APG. Lesser of 100% of billed charges applies.,5830.42,,,,,,,Case Rate,225% of NYS APG. Lesser of 100% of billed charges applies.,5830.42,,,,,,,Case Rate,225% of NYS APG. Lesser of 100% of billed charges applies.,12565.99,,,,,,,Case Rate,"102% of Medicare OPPS. ",2591.3,,,,,,,Case Rate,"100 Percent of Medicaid APG. ",2425.14,,,,,,,Case Rate,100% of PAS. Lesser of 100% of billed charges applies.,5830.42,,,,,,,Case Rate,225% of NYS APG. Lesser of 100% of billed charges applies.,5830.42,,,,,,,Case Rate,225% of NYS APG. Lesser of 100% of billed charges applies.,2425.14,,,,,,,Case Rate,100% of PAS. Lesser of 100% of billed charges applies.,2425.14,,,,,,,Case Rate,100% of PAS. Lesser of 100% of billed charges applies.,4664.33,,,,,,,Fee Schedule,"180 Percent of Medicaid APG. ",12319.6,,,,,,,Case Rate,"100% Medicare OPPS FS. ",12319.6,,,,,,,Case Rate,"100% Medicare OPPS FS. ",16624,,,,,,,Case Rate,". Primary procedure pays at 100%, secondary at 50%, all subsequent at 25%.  Lesser of applies when negotiated rates exceed charges less addons.",12319.6,,,,,,,Case Rate,"100% Medicare OPPS FS. ",5830.42,,,,,,,Case Rate,"225 Percent of Medicaid APG. ",5830.42,,,,,,,Case Rate,"225 Percent of Medicaid APG. ",2591.3,,,,,,,Case rate,"100 Percent of Medicaid APG. ",2591.3,,,,,,,Case rate,"100 Percent of Medicaid APG. ",5830.42,,,,,,,Case Rate,225 Percent of Medicaid APG. Covered services not payable under Medicaid Fee Schedules default to a payment of 87.5 percent of charges.,2591.3,,,,,,,Case rate,124 Percent of Medicaid APG. Covered services not payable under Medicaid Fee Schedules default to a payment of 50 percent of charges.,5830.42,,,,,,,Case Rate,"100 Percent of Medicaid APG. ",5830.42,,,,,,,Case Rate,"100 Percent of Medicaid APG. ",5830.42,,,,,,,Case Rate,"100 Percent of Medicaid APG. ",5830.42,,,,,,,Case Rate,"100 Percent of Medicaid APG. ",13453,,,,,,,Case Rate,". MPL 100/75/50% all add ons apply, and lesser of 100% of billed charges",25798,,,,,,,Case Rate,". MPL 100/75/50% all add ons apply, and lesser of 100% of billed charges",3109.56,,,,,,,Case Rate,"120 Percent of Medicaid APG. Not APG payable, or payable under another fee schedule like ASP/AWP pays at 30% of charges",3109.56,,,,,,,Case Rate,"120 Percent of Medicaid APG. Not APG payable, or payable under another fee schedule like ASP/AWP pays at 30% of charges",2591.3,,,,,,,Case Rate,"100 Percent of Medicaid APG. Not APG payable, or payable under another fee schedule like ASP/AWP pays at 30% of charges",2591.3,,,,,,,Case Rate,"100 Percent of Medicaid APG. Not APG payable, or payable under another fee schedule like ASP/AWP pays at 30% of charges",18617,,,,,,,Case Rate,". MPL 100/50/25% all add ons apply, and lesser of 100% of billed charges",18617,,,,,,,Case Rate,". MPL 100/50/25% all add ons apply, and lesser of 100% of billed charges",12319.6,,,,,,,Case Rate,"100% Medicare OPPS FS. ",18617,,,,,,,Case Rate,". MPL 100/50/25% all add ons apply, and lesser of 100% of billed charges",18617,,,,,,,Case Rate,". MPL 100/50/25% all add ons apply, and lesser of 100% of billed charges",18617,,,,,,,Case Rate,". MPL 100/50/25% all add ons apply, and lesser of 100% of billed charges",18617,,,,,,,Case Rate,". MPL 100/50/25% all add ons apply, and lesser of 100% of billed charges",12319.6,,,,,,,Case Rate,"100% Medicare OPPS FS. ",18617,,,,,,,Case Rate,". MPL 100/50/25% all add ons apply, and lesser of 100% of billed charges",18617,,,,,,,Case Rate,". MPL 100/50/25% all add ons apply, and lesser of 100% of billed charges",16624,,,,,,,Case Rate,". Primary procedure pays at 100%, secondary at 50%, all subsequent at 25%.  Lesser of applies when negotiated rates exceed charges less addons.",2591.3,,,,,,,Fee Schedule,100% APG. Lesser of 100% of billed charges applies.,2591.3,,,,,,,Case rate,124 Percent of Medicaid APG. Covered services not payable under Medicaid Fee Schedules default to a payment of 50 percent of charges.,5830.42,,,,,,,Case Rate,225% of NYS APG. Lesser of 100% of billed charges applies.,5830.42,,,,,,,Case Rate,225 Percent of Medicaid APG. Covered services not payable under Medicaid Fee Schedules default to a payment of 87.5 percent of charges.,2591.3,,,,,,,Case rate,124 Percent of Medicaid APG. Covered services not payable under Medicaid Fee Schedules default to a payment of 50 percent of charges.,5830.42,,,,,,,Case Rate,225% of NYS APG. Lesser of 100% of billed charges applies.,5830.42,,,,,,,Case Rate,225% of NYS APG. Lesser of 100% of billed charges applies.,5830.42,,,,,,,Case Rate,225% of NYS APG. Lesser of 100% of billed charges applies.,5830.42,,,,,,,Case Rate,225% of NYS APG. Lesser of 100% of billed charges applies.,5830.42,,,,,,,Case Rate,225% of NYS APG. Lesser of 100% of billed charges applies.,5830.42,,,,,,,Case Rate,225% of NYS APG. Lesser of 100% of billed charges applies.,,,,,,,,,"NA. ",,,,,,,,,"NA. ",,,,,,,,,"NA. ",6487,,,,,,,Case Rate,". MPL 100/50/25% maxmium of 3 procedures. All add ons apply, and lesser of 100% of billed charges",,,,,,,,,"NA. ",12319.6,,,,,,,Case Rate,"100% Medicare OPPS FS. ",20415,,,,,,,Case Rate,". MPL 1st 100% of Payment Rate 50% of all others, all add ons apply, and lesser of 100% of billed charges.",12319.6,,,,,,,Case Rate,"100% Medicare OPPS FS. ",12319.6,,,,,,,Case Rate,"100% Medicare OPPS FS. ",3109.56,,,,,,,Case Rate,"120 Percent of Medicaid APG. Not APG payable, or payable under another fee schedule like ASP/AWP pays at 30% of charges",3109.56,,,,,,,Case Rate,"120 Percent of Medicaid APG. Not APG payable, or payable under another fee schedule like ASP/AWP pays at 30% of charges",2591.3,,,,,,,Case Rate,"100 Percent of Medicaid APG. Not APG payable, or payable under another fee schedule like ASP/AWP pays at 30% of charges",2591.3,,,,,,,Case Rate,"100 Percent of Medicaid APG. Not APG payable, or payable under another fee schedule like ASP/AWP pays at 30% of charges",2591.3,,,,,,,Case Rate,"100 Percent of Medicaid APG. ",7163,,,,,,,Case Rate,". ",16624,,,,,,,Case Rate,". Primary procedure pays at 100%, secondary at 50%, all subsequent at 25%.  Lesser of applies when negotiated rates exceed charges less addons.",8427,,,,,,,Case Rate,". Primary procedure pays at 100%, all subsequent at 50%.",6487,,,,,,,Case Rate,". MPL 100/50/25% maxmium of 3 procedures. All add ons apply, and lesser of 100% of billed charges",12319.6,,,,,,,Case Rate,"100%Medicare OPPS FS. ",12319.6,,,,,,,Case Rate,"100% Medicare OPPS FS. ",12319.6,,,,,,,Case Rate,"100% Medicare OPPS FS. ",12319.6,,,,,,,Case Rate,"100% Medicare OPPS FS. ",12319.6,,,,,,,Case Rate,"100%Medicare OPPS FS. ",12319.6,,,,,,,Case Rate,"100% Medicare OPPS FS. ",,,,,,,,,"NA. ",5830.42,,,,,,,Case Rate,225% of NYS APG. Lesser of 100% of billed charges applies.,2425.14,,,,,,,Case Rate,100% of PAS. Lesser of 100% of billed charges applies.,18617,,,,,,,Case Rate,". MPL 100/50/25% all add ons apply, and lesser of 100% of billed charges",7163,,,,,,,Case Rate,". ",7163,,,,,,,Case Rate,". ",7163,,,,,,,Case Rate,". ",7163,,,,,,,Case Rate,". ",12319.6,,,,,,,Case Rate,"100% Medicare OPPS FS. ",2591.3,,,,,,,Case Rate,"100 Percent of Medicaid APG. ",18617,,,,,,,Case Rate,". MPL 100/50/25% all add ons apply, and lesser of 100% of billed charges",2591.3,,,,,,,Case Rate,"100 Percent of Medicaid APG. ",12319.6,,,,,,,Case Rate,"100% Medicare OPPS FS. ",2591.3,,,,,,,Case Rate,"100 Percent of Medicaid APG. ",12319.6,,,,,,,Case Rate,"100% Medicare OPPS FS. ",12319.6,,,,,,,Case Rate,"100% Medicare OPPS FS. ",2591.3,,,,,,,Case Rate,"100 Percent of Medicaid APG. ",2591.3,,,,,,,Case Rate,"100 Percent of Medicaid APG. ",7163,,,,,,,Case Rate,". ",6487,,,,,,,Case Rate,". MPL 100/50/25% maxmium of 3 procedures. All add ons apply, and lesser of 100% of billed charges",,78,,,,,0,percent of total billed charges,78% of Billed Charges. Lesser of 100% of billed charges applies.; No services were performed during the 15 month look back period.,18160.12,,,,,,,Case Rate,". MPL 100/50/25% all add ons apply, and lesser of 100% of billed charges",18160.12,,,,,,,Case Rate,". MPL 100/50/25% all add ons apply, and lesser of 100% of billed charges",16624,,,,,,,Case Rate,". Primary procedure pays at 100%, secondary at 50%, all subsequent at 25%.  Lesser of applies when negotiated rates exceed charges less addons.",4701.27,,,,,,,Case Rate,"83% HF Fee schedule. ",12574,,,,,,,Case Rate,". Primary procedure pays at 100%, all subsequent at 50%.",12574,,,,,,,Case Rate,". Primary procedure pays at 100%, all subsequent at 50%.",14894,,,,,,,Case Rate,". MPL 100/50/25% all add ons apply, and lesser of 100% of billed charges",14894,,,,,,,Case Rate,". MPL 100/50/25% all add ons apply, and lesser of 100% of billed charges",12319.6,,,,,,,Case Rate,"100% Medicare OPPS FS. ",12319.6,,,,,,,Case Rate,"100% Medicare OPPS FS. ",12319.6,,,,,,,Case Rate,"100% Medicare OPPS FS. ",12319.6,,,,,,,Case Rate,"100% Medicare OPPS FS. ",18160.12,,,,,,,Case Rate,". MPL 100/50/25% all add ons apply, and lesser of 100% of billed charges",18617,,,,,,,Case Rate,". MPL 100/50/25% all add ons apply, and lesser of 100% of billed charges",18617,,,,,,,Case Rate,". MPL 100/50/25% all add ons apply, and lesser of 100% of billed charges",12319.6,,,,,,,Case Rate,"100% Medicare OPPS FS. ",14894,,,,,,,Case Rate,". MPL 100/50/25% all add ons apply, and lesser of 100% of billed charges",8427,,,,,,,Case Rate,". Primary procedure pays at 100%, all subsequent at 50%.",3109.56,,,,,,,Fee Schedule,"120 Percent of Medicaid APG. ",2591.3,,,,,,,Case Rate,"100 Percent of Medicaid APG. ",7163,,,,,,,Case Rate,". ",16755,,,,,,,Case Rate,". MPL 100/50/25% all add ons apply, and lesser of 100% of billed charges",16755,,,,,,,Case Rate,". MPL 100/50/25% all add ons apply, and lesser of 100% of billed charges",18617,,,,,,,Case Rate,". MPL 100/50/25% all add ons apply, and lesser of 100% of billed charges",14948,,,,,,,Case Rate,". MPL 100/75/50% all add ons apply, and lesser of 100% of billed charges",12319.6,,,,,,,Case Rate,"100%Medicare OPPS FS. ",2720.86,,,,,,,Fee Schedule,105 percent of Medicaid APG. otherwise 105% of Ordered NYS MCD FS or 105% of ASP+6%,2720.86,,,,,,,Fee Schedule,105 percent of Medicaid APG. otherwise 105% of Ordered NYS MCD FS or 105% of ASP+6%,2720.86,,,,,,,Fee Schedule,105 percent of Medicaid APG. otherwise 105% of Ordered NYS MCD FS or 105% of ASP+6%,3498.25,,,,,,,Fee Schedule,135 percent of Medicaid APG. otherwise 135% of Ordered NYS MCD FS or 135% of ASP+6%,18160.12,,,,,,,Case Rate,". MPL 100/50/25% all add ons apply, and lesser of 100% of billed charges",2720.86,,,,,,,Fee Schedule,105 percent of Medicaid APG. otherwise 105% of Ordered NYS MCD FS or 105% of ASP+6%,2720.86,,,,,,,Fee Schedule,105 percent of Medicaid APG. otherwise 105% of Ordered NYS MCD FS or 105% of ASP+6%,2720.86,,,,,,,Fee Schedule,105 percent of Medicaid APG. otherwise 105% of Ordered NYS MCD FS or 105% of ASP+6%,2720.86,,,,,,,Fee Schedule,105 percent of Medicaid APG. otherwise 105% of Ordered NYS MCD FS or 105% of ASP+6%,2720.86,,,,,,,Fee Schedule,105 percent of Medicaid APG. otherwise 105% of Ordered NYS MCD FS or 105% of ASP+6%,3498.25,,,,,,,Fee Schedule,135 percent of Medicaid APG. otherwise 135% of Ordered NYS MCD FS or 135% of ASP+6%,3498.25,,,,,,,Fee Schedule,135 percent of Medicaid APG. otherwise 135% of Ordered NYS MCD FS or 135% of ASP+6%,12319.6,,,,,,,Case Rate,"100% Medicare OPPS FS. ",18160.12,,,,,,,Case Rate,". MPL 100/50/25% all add ons apply, and lesser of 100% of billed charges",12319.6,,,,,,,Case Rate,"100% Medicare OPPS FS. ",2720.86,,,,,,,Fee Schedule,105 percent of Medicaid APG. otherwise 105% of Ordered NYS MCD FS or 105% of ASP+6%,18617,,,,,,,Case Rate,". MPL 100/50/25% all add ons apply, and lesser of 100% of billed charges",12319.6,,,,,,,Case Rate,"100% Medicare OPPS FS. ",18617,,,,,,,Case Rate,". MPL 100/50/25% all add ons apply, and lesser of 100% of billed charges",18617,,,,,,,Case Rate,". MPL 100/50/25% all add ons apply, and lesser of 100% of billed charges",18617,,,,,,,Case Rate,". MPL 100/50/25% all add ons apply, and lesser of 100% of billed charges",2720.86,,,,,,,Fee Schedule,105 percent of Medicaid APG. otherwise 105% of Ordered NYS MCD FS or 105% of ASP+6%,12319.6,,,,,,,Case Rate,"100% Medicare OPPS FS. ",18617,,,,,,,Case Rate,". MPL 100/50/25% all add ons apply, and lesser of 100% of billed charges",3498.25,,,,,,,Fee Schedule,135 percent of Medicaid APG. otherwise 135% of Ordered NYS MCD FS or 135% of ASP+6%,18617,,,,,,,Case Rate,". MPL 100/50/25% all add ons apply, and lesser of 100% of billed charges",,200,,,,,0,Case Rate,200% of Medicare OPPS. ; No services were performed during the 15 month look back period.,12319.6,,,,,,,Case Rate,"100%Medicare OPPS FS. ",7163,,,,,,,Case Rate,". ",7163,,,,,,,Case Rate,". ",7163,,,,,,,Case Rate,". ",7163,,,,,,,Case Rate,". ",7163,,,,,,,Case Rate,". ",8427,,,,,,,Case Rate,". Primary procedure pays at 100%, all subsequent at 50%.",8427,,,,,,,Case Rate,". Primary procedure pays at 100%, all subsequent at 50%.",7163,,,,,,,Case Rate,". ",7163,,,,,,,Case Rate,". ",7163,,,,,,,Case Rate,". ",7163,,,,,,,Case Rate,". ",7163,,,,,,,Case Rate,". ",12319.6,,,,,,,Case Rate,"100% Medicare OPPS FS. ",8427,,,,,,,Case Rate,". Primary procedure pays at 100%, all subsequent at 50%.",12319.6,,,,,,,Case Rate,"100% Medicare OPPS FS. ",5830.42,,,,,,,Case Rate,"225 Percent of Medicaid APG. If not included in Medicaid APG, then 100 Percent of Manhattan Medicare",2591.3,,,,,,,Case Rate,"100 Percent of Medicaid APG. ",18160.12,,,,,,,Case Rate,". MPL 100/50/25% all add ons apply, and lesser of 100% of billed charges",18160.12,,,,,,,Case Rate,". MPL 100/50/25% all add ons apply, and lesser of 100% of billed charges",12319.6,,,,,,,Case Rate,"100% Medicare OPPS FS. ",12574,,,,,,,Case Rate,". Primary procedure pays at 100%, all subsequent at 50%.",12319.6,,,,,,,Case Rate,"100% Medicare OPPS FS. ",12319.6,,,,,,,Case Rate,"100% Medicare OPPS FS. ",16624,,,,,,,Case Rate,". Primary procedure pays at 100%, secondary at 50%, all subsequent at 25%.  Lesser of applies when negotiated rates exceed charges less addons.",12319.6,,,,,,,Case Rate,"100% Medicare OPPS FS. ",6487,,,,,,,Case Rate,". MPL 100/50/25% maxmium of 3 procedures. All add ons apply, and lesser of 100% of billed charges",12319.6,,,,,,,Case Rate,"100% Medicare OPPS FS. ",6487,,,,,,,Case Rate,". MPL 100/50/25% maxmium of 3 procedures. All add ons apply, and lesser of 100% of billed charges",16624,,,,,,,Case Rate,". Primary procedure pays at 100%, secondary at 50%, all subsequent at 25%.  Lesser of applies when negotiated rates exceed charges less addons.",6487,,,,,,,Case Rate,". MPL 100/50/25% maxmium of 3 procedures. All add ons apply, and lesser of 100% of billed charges",12319.6,,,,,,,Case Rate,"100% Medicare OPPS FS. ",2591.3,,,,,,,Case Rate,"100 Percent of Medicaid APG. ",12319.6,,,,,,,Case Rate,"100% Medicare OPPS FS. ",6487,,,,,,,Case Rate,". MPL 100/50/25% maxmium of 3 procedures. All add ons apply, and lesser of 100% of billed charges",18160.12,,,,,,,Case Rate,". MPL 100/50/25% all add ons apply, and lesser of 100% of billed charges",2591.3,,,,,,,Case Rate,"100 Percent of Medicaid APG. ",18617,,,,,,,Case Rate,". MPL 100/50/25% all add ons apply, and lesser of 100% of billed charges",3109.56,,,,,,,Fee Schedule,"120 Percent of Medicaid APG. ",3109.56,,,,,,,Fee Schedule,"120 Percent of Medicaid APG. ",18617,,,,,,,Case Rate,". MPL 100/50/25% all add ons apply, and lesser of 100% of billed charges",18617,,,,,,,Case Rate,". MPL 100/50/25% all add ons apply, and lesser of 100% of billed charges",18617,,,,,,,Case Rate,". MPL 100/50/25% all add ons apply, and lesser of 100% of billed charges",18160.12,,,,,,,Case Rate,". MPL 100/50/25% all add ons apply, and lesser of 100% of billed charges",18617,,,,,,,Case Rate,". MPL 100/50/25% all add ons apply, and lesser of 100% of billed charges",18617,,,,,,,Case Rate,". MPL 100/50/25% all add ons apply, and lesser of 100% of billed charges",18617,,,,,,,Case Rate,". MPL 100/50/25% all add ons apply, and lesser of 100% of billed charges",7163,,,,,,,Case Rate,". ",7163,,,,,,,Case Rate,". ",24392.8,,,,,,,Case Rate,198 Percent of Medicare OPPS. Metroplus will reimburse unlisted codes and described codes with no Medicare rate at 50 percent of charges.,2591.3,,,,,,,Case Rate,"100 Percent of Medicaid APG. ",18160.12,,,,,,,Case Rate,". MPL 100/50/25% all add ons apply, and lesser of 100% of billed charges",6487,,,,,,,Case Rate,". MPL 100/50/25% maxmium of 3 procedures. All add ons apply, and lesser of 100% of billed charges",16624,,,,,,,Case Rate,". Primary procedure pays at 100%, secondary at 50%, all subsequent at 25%.  Lesser of applies when negotiated rates exceed charges less addons.",18160.12,,,,,,,Case Rate,". MPL 100/50/25% all add ons apply, and lesser of 100% of billed charges",16624,,,,,,,Case Rate,". Primary procedure pays at 100%, secondary at 50%, all subsequent at 25%.  Lesser of applies when negotiated rates exceed charges less addons.",18160.12,,,,,,,Case Rate,". MPL 100/50/25% all add ons apply, and lesser of 100% of billed charges",18617,,,,,,,Case Rate,". MPL 100/50/25% all add ons apply, and lesser of 100% of billed charges",18617,,,,,,,Case Rate,". MPL 100/50/25% all add ons apply, and lesser of 100% of billed charges",18617,,,,,,,Case Rate,". MPL 100/50/25% all add ons apply, and lesser of 100% of billed charges",18617,,,,,,,Case Rate,". MPL 100/50/25% all add ons apply, and lesser of 100% of billed charges",12319.6,,,,,,,Case Rate,"100% Medicare OPPS FS. ",2425.14,25798,
51990,CPT,,,490,RC,LAPARO URETHRAL SUSPENSION,,,both,,,,15878,,,,,,,Case Rate,". MPL 1st 100% of Payment Rate 50% of all others, all add ons apply, and lesser of 100% of billed charges.",15878,,,,,,,Case Rate,". MPL 1st 100% of Payment Rate 50% of all others, all add ons apply, and lesser of 100% of billed charges.",16624,,,,,,,Case Rate,". Primary procedure pays at 100%, secondary at 50%, all subsequent at 25%.  Lesser of applies when negotiated rates exceed charges less addons.",,100,,,,,0,percent of total billed charges,100 percent of billed charges. ; No services were performed during the 15 month look back period.,6903.8,,,,,,,Case Rate,"100% Medicare OPPS FS. ",16624,,,,,,,Case Rate,". Primary procedure pays at 100%, secondary at 50%, all subsequent at 25%.  Lesser of applies when negotiated rates exceed charges less addons.",16624,,,,,,,Case Rate,". Primary procedure pays at 100%, secondary at 50%, all subsequent at 25%.  Lesser of applies when negotiated rates exceed charges less addons.",16624,,,,,,,Case Rate,". Primary procedure pays at 100%, secondary at 50%, all subsequent at 25%.  Lesser of applies when negotiated rates exceed charges less addons.",1659.63,,,,,,,Case Rate,"100 Percent of Medicaid APG. ",1383.03,,,,,,,Case Rate,"100 Percent of Medicaid APG. ",,78,,,,,0,percent of total billed charges,78% of Billed Charges. Lesser of 100% of billed charges applies.; No services were performed during the 15 month look back period.,18160.12,,,,,,,Case Rate,". MPL 100/50/25% all add ons apply, and lesser of 100% of billed charges",1383.03,,,,,,,Case Rate,"100 Percent of Medicaid APG. ",6903.8,,,,,,,Case Rate,"100% Medicare OPPS FS. ",6487,,,,,,,Case Rate,". MPL 100/50/25% maxmium of 3 procedures. All add ons apply, and lesser of 100% of billed charges",6487,,,,,,,Case Rate,". MPL 100/50/25% maxmium of 3 procedures. All add ons apply, and lesser of 100% of billed charges",6487,,,,,,,Case Rate,". MPL 100/50/25% maxmium of 3 procedures. All add ons apply, and lesser of 100% of billed charges",6487,,,,,,,Case Rate,". MPL 100/50/25% maxmium of 3 procedures. All add ons apply, and lesser of 100% of billed charges",1383.03,,,,,,,Case rate,124 Percent of Medicaid APG. Covered services not payable under Medicaid Fee Schedules default to a payment of 50 percent of charges.,6903.8,,,,,,,Case Rate,"100% Medicare OPPS FS. ",1383.03,,,,,,,Case rate,124 Percent of Medicaid APG. Covered services not payable under Medicaid Fee Schedules default to a payment of 50 percent of charges.,,78,,,,,0,percent of total billed charges,78% of Billed Charges. Lesser of 100% of billed charges applies.; No services were performed during the 15 month look back period.,16624,,,,,,,Case Rate,". Primary procedure pays at 100%, secondary at 50%, all subsequent at 25%.  Lesser of applies when negotiated rates exceed charges less addons.",6903.8,,,,,,,Case Rate,"100%Medicare OPPS FS. ",8427,,,,,,,Case Rate,". Primary procedure pays at 100%, all subsequent at 50%.",6903.8,,,,,,,Case Rate,"100%Medicare OPPS FS. ",6903.8,,,,,,,Case Rate,"100%Medicare OPPS FS. ",,78,,,,,0,percent of total billed charges,78% of Billed Charges. Lesser of 100% of billed charges applies.; No services were performed during the 15 month look back period.,763.54,,,,,,,Fee Schedule,90 Percent of Medicare RBRVS. Lesser of 100% of billed charges applies.,763.54,,,,,,,Fee Schedule,90 Percent of Medicare RBRVS. Lesser of 100% of billed charges applies.,1383.03,,,,,,,Case rate,"100 Percent of Medicaid APG. ",1383.03,,,,,,,Case rate,"100 Percent of Medicaid APG. ",8427,,,,,,,Case Rate,". Primary procedure pays at 100%, all subsequent at 50%.",8427,,,,,,,Case Rate,". Primary procedure pays at 100%, all subsequent at 50%.",1383.03,,,,,,,Case Rate,"100 Percent of Medicaid APG. Not APG payable, or payable under another fee schedule like ASP/AWP pays at 30% of charges",8427,,,,,,,Case Rate,". Primary procedure pays at 100%, all subsequent at 50%.",1383.03,,,,,,,Case Rate,"100 Percent of Medicaid APG. Not APG payable, or payable under another fee schedule like ASP/AWP pays at 30% of charges",6903.8,,,,,,,Case Rate,"100%Medicare OPPS FS. ",8427,,,,,,,Case Rate,". Primary procedure pays at 100%, all subsequent at 50%.",,78,,,,,0,percent of total billed charges,78% of Billed Charges. Lesser of 100% of billed charges applies.; No services were performed during the 15 month look back period.,1383.03,,,,,,,Case Rate,"100 Percent of Medicaid APG. ",1383.03,,,,,,,Case Rate,"100 Percent of Medicaid APG. ",,78,,,,,0,percent of total billed charges,78% of Billed Charges. Lesser of 100% of billed charges applies.; No services were performed during the 15 month look back period.,6487,,,,,,,Case Rate,". MPL 100/50/25% maxmium of 3 procedures. All add ons apply, and lesser of 100% of billed charges",16031,,,,,,,Case Rate,". MPL 100/50/25% all add ons apply, and lesser of 100% of billed charges",16031,,,,,,,Case Rate,". MPL 100/50/25% all add ons apply, and lesser of 100% of billed charges",,78,,,,,0,percent of total billed charges,78% of Billed Charges. Lesser of 100% of billed charges applies.; No services were performed during the 15 month look back period.,6903.8,,,,,,,Case Rate,"100% Medicare OPPS FS. ",18160.12,,,,,,,Case Rate,". MPL 100/50/25% all add ons apply, and lesser of 100% of billed charges",18160.12,,,,,,,Case Rate,". MPL 100/50/25% all add ons apply, and lesser of 100% of billed charges",18160.12,,,,,,,Case Rate,". MPL 100/50/25% all add ons apply, and lesser of 100% of billed charges",6903.8,,,,,,,Case Rate,"100% Medicare OPPS FS. ",18160.12,,,,,,,Case Rate,". MPL 100/50/25% all add ons apply, and lesser of 100% of billed charges",18160.12,,,,,,,Case Rate,". MPL 100/50/25% all add ons apply, and lesser of 100% of billed charges",6903.8,,,,,,,Case Rate,"100% of Medicare OPPS. ",25798,,,,,,,Case Rate,". MPL 100/75/50% all add ons apply, and lesser of 100% of billed charges",18617,,,,,,,Case Rate,". MPL 100/50/25% all add ons apply, and lesser of 100% of billed charges",18617,,,,,,,Case Rate,". MPL 100/50/25% all add ons apply, and lesser of 100% of billed charges",18617,,,,,,,Case Rate,". MPL 100/50/25% all add ons apply, and lesser of 100% of billed charges",18617,,,,,,,Case Rate,". MPL 100/50/25% all add ons apply, and lesser of 100% of billed charges",18617,,,,,,,Case Rate,". MPL 100/50/25% all add ons apply, and lesser of 100% of billed charges",18617,,,,,,,Case Rate,". MPL 100/50/25% all add ons apply, and lesser of 100% of billed charges",6903.8,,,,,,,Case Rate,"100% Medicare OPPS FS. ",6903.8,,,,,,,Case Rate,"100% Medicare OPPS FS. ",18617,,,,,,,Case Rate,". MPL 100/50/25% all add ons apply, and lesser of 100% of billed charges",,78,,,,,0,percent of total billed charges,78% of Billed Charges. Lesser of 100% of billed charges applies.; No services were performed during the 15 month look back period.,,78,,,,,0,percent of total billed charges,78% of Billed Charges. Lesser of 100% of billed charges applies.; No services were performed during the 15 month look back period.,,78,,,,,0,percent of total billed charges,78% of Billed Charges. Lesser of 100% of billed charges applies.; No services were performed during the 15 month look back period.,,78,,,,,0,percent of total billed charges,78% of Billed Charges. Lesser of 100% of billed charges applies.; No services were performed during the 15 month look back period.,,78,,,,,0,percent of total billed charges,78% of Billed Charges. Lesser of 100% of billed charges applies.; No services were performed during the 15 month look back period.,,78,,,,,0,percent of total billed charges,78% of Billed Charges. Lesser of 100% of billed charges applies.; No services were performed during the 15 month look back period.,,78,,,,,0,percent of total billed charges,78% of Billed Charges. Lesser of 100% of billed charges applies.; No services were performed during the 15 month look back period.,,78,,,,,0,percent of total billed charges,78% of Billed Charges. Lesser of 100% of billed charges applies.; No services were performed during the 15 month look back period.,,78,,,,,0,percent of total billed charges,78% of Billed Charges. Lesser of 100% of billed charges applies.; No services were performed during the 15 month look back period.,,78,,,,,0,percent of total billed charges,78% of Billed Charges. Lesser of 100% of billed charges applies.; No services were performed during the 15 month look back period.,,78,,,,,0,percent of total billed charges,78% of Billed Charges. Lesser of 100% of billed charges applies.; No services were performed during the 15 month look back period.,,78,,,,,0,percent of total billed charges,78% of Billed Charges. Lesser of 100% of billed charges applies.; No services were performed during the 15 month look back period.,,78,,,,,0,percent of total billed charges,78% of Billed Charges. Lesser of 100% of billed charges applies.; No services were performed during the 15 month look back period.,,78,,,,,0,percent of total billed charges,78% of Billed Charges. Lesser of 100% of billed charges applies.; No services were performed during the 15 month look back period.,,78,,,,,0,percent of total billed charges,78% of Billed Charges. Lesser of 100% of billed charges applies.; No services were performed during the 15 month look back period.,,78,,,,,0,percent of total billed charges,78% of Billed Charges. Lesser of 100% of billed charges applies.; No services were performed during the 15 month look back period.,,78,,,,,0,percent of total billed charges,78% of Billed Charges. Lesser of 100% of billed charges applies.; No services were performed during the 15 month look back period.,,78,,,,,0,percent of total billed charges,78% of Billed Charges. Lesser of 100% of billed charges applies.; No services were performed during the 15 month look back period.,,78,,,,,0,percent of total billed charges,78% of Billed Charges. Lesser of 100% of billed charges applies.; No services were performed during the 15 month look back period.,,78,,,,,0,percent of total billed charges,78% of Billed Charges. Lesser of 100% of billed charges applies.; No services were performed during the 15 month look back period.,,78,,,,,0,percent of total billed charges,78% of Billed Charges. Lesser of 100% of billed charges applies.; No services were performed during the 15 month look back period.,,78,,,,,0,percent of total billed charges,78% of Billed Charges. Lesser of 100% of billed charges applies.; No services were performed during the 15 month look back period.,,78,,,,,0,percent of total billed charges,78% of Billed Charges. Lesser of 100% of billed charges applies.; No services were performed during the 15 month look back period.,,78,,,,,0,percent of total billed charges,78% of Billed Charges. Lesser of 100% of billed charges applies.; No services were performed during the 15 month look back period.,,78,,,,,0,percent of total billed charges,78% of Billed Charges. Lesser of 100% of billed charges applies.; No services were performed during the 15 month look back period.,,78,,,,,0,percent of total billed charges,78% of Billed Charges. Lesser of 100% of billed charges applies.; No services were performed during the 15 month look back period.,8427,,,,,,,Case Rate,". Primary procedure pays at 100%, all subsequent at 50%.",8427,,,,,,,Case Rate,". Primary procedure pays at 100%, all subsequent at 50%.",8427,,,,,,,Case Rate,". Primary procedure pays at 100%, all subsequent at 50%.",8427,,,,,,,Case Rate,". Primary procedure pays at 100%, all subsequent at 50%.",12574,,,,,,,Case Rate,". Primary procedure pays at 100%, all subsequent at 50%.",12574,,,,,,,Case Rate,". Primary procedure pays at 100%, all subsequent at 50%.",6487,,,,,,,Case Rate,". MPL 100/50/25% maxmium of 3 procedures. All add ons apply, and lesser of 100% of billed charges",18617,,,,,,,Case Rate,". MPL 100/50/25% all add ons apply, and lesser of 100% of billed charges",18160.12,,,,,,,Case Rate,". MPL 100/50/25% all add ons apply, and lesser of 100% of billed charges",18617,,,,,,,Case Rate,". MPL 100/50/25% all add ons apply, and lesser of 100% of billed charges",,78,,,,,0,percent of total billed charges,78% of Billed Charges. Lesser of 100% of billed charges applies.; No services were performed during the 15 month look back period.,12574,,,,,,,Case Rate,". Primary procedure pays at 100%, all subsequent at 50%.",18617,,,,,,,Case Rate,". MPL 100/50/25% all add ons apply, and lesser of 100% of billed charges",18160.12,,,,,,,Case Rate,". MPL 100/50/25% all add ons apply, and lesser of 100% of billed charges",6487,,,,,,,Case Rate,". MPL 100/50/25% maxmium of 3 procedures. All add ons apply, and lesser of 100% of billed charges",,,,,,,,,"NA. ",,78,,,,,0,percent of total billed charges,78% of Billed Charges. Lesser of 100% of billed charges applies.; No services were performed during the 15 month look back period.,1383.03,,,,,,,Case Rate,"100 Percent of Medicaid APG. ",8427,,,,,,,Case Rate,". Primary procedure pays at 100%, all subsequent at 50%.",1383.03,,,,,,,Case Rate,"100 Percent of Medicaid APG. Not APG payable, or payable under another fee schedule like ASP/AWP pays at 30% of charges",6903.8,,,,,,,Case Rate,"100%Medicare OPPS FS. ",6903.8,,,,,,,Case Rate,"100% Medicare OPPS FS. ",25798,,,,,,,Case Rate,". MPL 100/75/50% all add ons apply, and lesser of 100% of billed charges",6903.8,,,,,,,Case Rate,"100% Medicare OPPS FS. ",6903.8,,,,,,,Case Rate,"100% Medicare OPPS FS. ",1383.03,,,,,,,Case Rate,"100 Percent of Medicaid APG. ",6903.8,,,,,,,Case Rate,"100% Medicare OPPS FS. ",6903.8,,,,,,,Case Rate,"100% Medicare OPPS FS. ",16624,,,,,,,Case Rate,". Primary procedure pays at 100%, secondary at 50%, all subsequent at 25%.  Lesser of applies when negotiated rates exceed charges less addons.",16624,,,,,,,Case Rate,". Primary procedure pays at 100%, secondary at 50%, all subsequent at 25%.  Lesser of applies when negotiated rates exceed charges less addons.",6903.8,,,,,,,Case Rate,"100% Medicare OPPS FS. ",6487,,,,,,,Case Rate,". MPL 100/50/25% maxmium of 3 procedures. All add ons apply, and lesser of 100% of billed charges",18160.12,,,,,,,Case Rate,". MPL 100/50/25% all add ons apply, and lesser of 100% of billed charges",18160.12,,,,,,,Case Rate,". MPL 100/50/25% all add ons apply, and lesser of 100% of billed charges",6903.8,,,,,,,Case Rate,"100% Medicare OPPS FS. ",6487,,,,,,,Case Rate,". MPL 100/50/25% maxmium of 3 procedures. All add ons apply, and lesser of 100% of billed charges",16624,,,,,,,Case Rate,". Primary procedure pays at 100%, secondary at 50%, all subsequent at 25%.  Lesser of applies when negotiated rates exceed charges less addons.",16624,,,,,,,Case Rate,". Primary procedure pays at 100%, secondary at 50%, all subsequent at 25%.  Lesser of applies when negotiated rates exceed charges less addons.",16624,,,,,,,Case Rate,". Primary procedure pays at 100%, secondary at 50%, all subsequent at 25%.  Lesser of applies when negotiated rates exceed charges less addons.",,78,,,,,0,percent of total billed charges,78% of Billed Charges. Lesser of 100% of billed charges applies.; No services were performed during the 15 month look back period.,,78,,,,,0,percent of total billed charges,78% of Billed Charges. Lesser of 100% of billed charges applies.; No services were performed during the 15 month look back period.,,78,,,,,0,percent of total billed charges,78% of Billed Charges. Lesser of 100% of billed charges applies.; No services were performed during the 15 month look back period.,,78,,,,,0,percent of total billed charges,78% of Billed Charges. Lesser of 100% of billed charges applies.; No services were performed during the 15 month look back period.,,78,,,,,0,percent of total billed charges,78% of Billed Charges. Lesser of 100% of billed charges applies.; No services were performed during the 15 month look back period.,,78,,,,,0,percent of total billed charges,78% of Billed Charges. Lesser of 100% of billed charges applies.; No services were performed during the 15 month look back period.,,78,,,,,0,percent of total billed charges,78% of Billed Charges. Lesser of 100% of billed charges applies.; No services were performed during the 15 month look back period.,,78,,,,,0,percent of total billed charges,78% of Billed Charges. Lesser of 100% of billed charges applies.; No services were performed during the 15 month look back period.,,78,,,,,0,percent of total billed charges,78% of Billed Charges. Lesser of 100% of billed charges applies.; No services were performed during the 15 month look back period.,,78,,,,,0,percent of total billed charges,78% of Billed Charges. Lesser of 100% of billed charges applies.; No services were performed during the 15 month look back period.,,78,,,,,0,percent of total billed charges,78% of Billed Charges. Lesser of 100% of billed charges applies.; No services were performed during the 15 month look back period.,12574,,,,,,,Case Rate,". Primary procedure pays at 100%, all subsequent at 50%.",18617,,,,,,,Case Rate,". MPL 100/50/25% all add ons apply, and lesser of 100% of billed charges",6487,,,,,,,Case Rate,". MPL 100/50/25% maxmium of 3 procedures. All add ons apply, and lesser of 100% of billed charges",6903.8,,,,,,,Case Rate,"100% Medicare OPPS FS. ",16624,,,,,,,Case Rate,". Primary procedure pays at 100%, secondary at 50%, all subsequent at 25%.  Lesser of applies when negotiated rates exceed charges less addons.",6487,,,,,,,Case Rate,". MPL 100/50/25% maxmium of 3 procedures. All add ons apply, and lesser of 100% of billed charges",6487,,,,,,,Case Rate,". MPL 100/50/25% maxmium of 3 procedures. All add ons apply, and lesser of 100% of billed charges",,78,,,,,0,percent of total billed charges,78% of Billed Charges. Lesser of 100% of billed charges applies.; No services were performed during the 15 month look back period.,2959.68,,,,,,,Case Rate,"214 Percent of Medicaid APG. Drugs not priced under APG, billed with revenue code 636 and not priced by Medicare ASP FeeSched will be reimbursed at 20% of charges.",6487,,,,,,,Case Rate,". MPL 100/50/25% maxmium of 3 procedures. All add ons apply, and lesser of 100% of billed charges",1383.03,,,,,,,Case Rate,"100 Percent of Medicaid APG. ",6903.8,,,,,,,Case Rate,"100% Medicare OPPS FS. ",6903.8,,,,,,,Case Rate,"100% Medicare OPPS FS. ",6903.8,,,,,,,Case Rate,"100% Medicare OPPS FS. ",6903.8,,,,,,,Case Rate,"100% Medicare OPPS FS. ",6903.8,,,,,,,Case Rate,"100% Medicare OPPS FS. ",6903.8,,,,,,,Case Rate,"100% Medicare OPPS FS. ",6487,,,,,,,Case Rate,". MPL 100/50/25% maxmium of 3 procedures. All add ons apply, and lesser of 100% of billed charges",25798,,,,,,,Case Rate,". MPL 100/75/50% all add ons apply, and lesser of 100% of billed charges",2489.45,,,,,,,Fee Schedule,"180 Percent of Medicaid APG. ",2489.45,,,,,,,Fee Schedule,"180 Percent of Medicaid APG. ",2489.45,,,,,,,Fee Schedule,"180 Percent of Medicaid APG. ",2489.45,,,,,,,Fee Schedule,"180 Percent of Medicaid APG. ",2489.45,,,,,,,Fee Schedule,"180 Percent of Medicaid APG. ",,,,,,,,,"NA. ",25798,,,,,,,Case Rate,". MPL 100/75/50% all add ons apply, and lesser of 100% of billed charges",13669.52,,,,,,,Case Rate,198 Percent of Medicare OPPS. Metroplus will reimburse unlisted codes and described codes with no Medicare rate at 50 percent of charges.,13669.52,,,,,,,Case Rate,198 Percent of Medicare OPPS. Metroplus will reimburse unlisted codes and described codes with no Medicare rate at 50 percent of charges.,13669.52,,,,,,,Case Rate,198 Percent of Medicare OPPS. Metroplus will reimburse unlisted codes and described codes with no Medicare rate at 50 percent of charges.,13669.52,,,,,,,Case Rate,198 Percent of Medicare OPPS. Metroplus will reimburse unlisted codes and described codes with no Medicare rate at 50 percent of charges.,13669.52,,,,,,,Case Rate,198 Percent of Medicare OPPS. Metroplus will reimburse unlisted codes and described codes with no Medicare rate at 50 percent of charges.,6903.8,,,,,,,Case Rate,"100% Medicare OPPS FS. ",12574,,,,,,,Case Rate,". Primary procedure pays at 100%, all subsequent at 50%.",12574,,,,,,,Case Rate,". Primary procedure pays at 100%, all subsequent at 50%.",12574,,,,,,,Case Rate,". Primary procedure pays at 100%, all subsequent at 50%.",12574,,,,,,,Case Rate,". Primary procedure pays at 100%, all subsequent at 50%.",16624,,,,,,,Case Rate,". Primary procedure pays at 100%, secondary at 50%, all subsequent at 25%.  Lesser of applies when negotiated rates exceed charges less addons.",16624,,,,,,,Case Rate,". Primary procedure pays at 100%, secondary at 50%, all subsequent at 25%.  Lesser of applies when negotiated rates exceed charges less addons.",16624,,,,,,,Case Rate,". Primary procedure pays at 100%, secondary at 50%, all subsequent at 25%.  Lesser of applies when negotiated rates exceed charges less addons.",16624,,,,,,,Case Rate,". Primary procedure pays at 100%, secondary at 50%, all subsequent at 25%.  Lesser of applies when negotiated rates exceed charges less addons.",25798,,,,,,,Case Rate,". MPL 100/75/50% all add ons apply, and lesser of 100% of billed charges",25798,,,,,,,Case Rate,". MPL 100/75/50% all add ons apply, and lesser of 100% of billed charges",6903.8,,,,,,,Case Rate,"100% Medicare OPPS FS. ",6903.8,,,,,,,Case Rate,"100% Medicare OPPS FS. ",6903.8,,,,,,,Case Rate,"100% Medicare OPPS FS. ",18617,,,,,,,Case Rate,". MPL 100/50/25% all add ons apply, and lesser of 100% of billed charges",18617,,,,,,,Case Rate,". MPL 100/50/25% all add ons apply, and lesser of 100% of billed charges",18617,,,,,,,Case Rate,". MPL 100/50/25% all add ons apply, and lesser of 100% of billed charges",25798,,,,,,,Case Rate,". MPL 100/75/50% all add ons apply, and lesser of 100% of billed charges",16624,,,,,,,Case Rate,". Primary procedure pays at 100%, secondary at 50%, all subsequent at 25%.  Lesser of applies when negotiated rates exceed charges less addons.",6903.8,,,,,,,Case Rate,"100% Medicare OPPS FS. ",18617,,,,,,,Case Rate,". MPL 100/50/25% all add ons apply, and lesser of 100% of billed charges",1383.03,,,,,,,Case Rate,"100 Percent of Medicaid APG. ",7041.87,,,,,,,Case Rate,"102% of Medicare OPPS. ",7041.87,,,,,,,Case Rate,"102% of Medicare OPPS. ",7041.87,,,,,,,Case Rate,"102% of Medicare OPPS. ",1383.03,,,,,,,Case rate,"100 Percent of Medicaid APG. ",3111.81,,,,,,,Fee Schedule,225% of NYS APG. Lesser of 100% of billed charges applies.,3111.81,,,,,,,Fee Schedule,225% of NYS APG. Lesser of 100% of billed charges applies.,3111.81,,,,,,,Fee Schedule,225% of NYS APG. Lesser of 100% of billed charges applies.,3111.81,,,,,,,Fee Schedule,225% of NYS APG. Lesser of 100% of billed charges applies.,3111.81,,,,,,,Fee Schedule,225% of NYS APG. Lesser of 100% of billed charges applies.,7041.87,,,,,,,Case Rate,"102% of Medicare OPPS. ",1383.03,,,,,,,Case Rate,"100 Percent of Medicaid APG. ",763.54,,,,,,,Fee Schedule,90 Percent of Medicare RBRVS. Lesser of 100% of billed charges applies.,3111.81,,,,,,,Fee Schedule,225% of NYS APG. Lesser of 100% of billed charges applies.,3111.81,,,,,,,Fee Schedule,225% of NYS APG. Lesser of 100% of billed charges applies.,763.54,,,,,,,Fee Schedule,90 Percent of Medicare RBRVS. Lesser of 100% of billed charges applies.,763.54,,,,,,,Fee Schedule,90 Percent of Medicare RBRVS. Lesser of 100% of billed charges applies.,2489.45,,,,,,,Fee Schedule,"180 Percent of Medicaid APG. ",6903.8,,,,,,,Case Rate,"100% Medicare OPPS FS. ",6903.8,,,,,,,Case Rate,"100% Medicare OPPS FS. ",16624,,,,,,,Case Rate,". Primary procedure pays at 100%, secondary at 50%, all subsequent at 25%.  Lesser of applies when negotiated rates exceed charges less addons.",6903.8,,,,,,,Case Rate,"100% Medicare OPPS FS. ",3111.81,,,,,,,Case Rate,"225 Percent of Medicaid APG. ",3111.81,,,,,,,Case Rate,"225 Percent of Medicaid APG. ",1383.03,,,,,,,Case rate,"100 Percent of Medicaid APG. ",1383.03,,,,,,,Case rate,"100 Percent of Medicaid APG. ",3111.81,,,,,,,Case Rate,225 Percent of Medicaid APG. Covered services not payable under Medicaid Fee Schedules default to a payment of 87.5 percent of charges.,1383.03,,,,,,,Case rate,124 Percent of Medicaid APG. Covered services not payable under Medicaid Fee Schedules default to a payment of 50 percent of charges.,3111.81,,,,,,,Case Rate,"100 Percent of Medicaid APG. ",3111.81,,,,,,,Case Rate,"100 Percent of Medicaid APG. ",3111.81,,,,,,,Case Rate,"100 Percent of Medicaid APG. ",3111.81,,,,,,,Case Rate,"100 Percent of Medicaid APG. ",13453,,,,,,,Case Rate,". MPL 100/75/50% all add ons apply, and lesser of 100% of billed charges",25798,,,,,,,Case Rate,". MPL 100/75/50% all add ons apply, and lesser of 100% of billed charges",1659.63,,,,,,,Case Rate,"120 Percent of Medicaid APG. Not APG payable, or payable under another fee schedule like ASP/AWP pays at 30% of charges",1659.63,,,,,,,Case Rate,"120 Percent of Medicaid APG. Not APG payable, or payable under another fee schedule like ASP/AWP pays at 30% of charges",1383.03,,,,,,,Case Rate,"100 Percent of Medicaid APG. Not APG payable, or payable under another fee schedule like ASP/AWP pays at 30% of charges",1383.03,,,,,,,Case Rate,"100 Percent of Medicaid APG. Not APG payable, or payable under another fee schedule like ASP/AWP pays at 30% of charges",18617,,,,,,,Case Rate,". MPL 100/50/25% all add ons apply, and lesser of 100% of billed charges",18617,,,,,,,Case Rate,". MPL 100/50/25% all add ons apply, and lesser of 100% of billed charges",6903.8,,,,,,,Case Rate,"100% Medicare OPPS FS. ",18617,,,,,,,Case Rate,". MPL 100/50/25% all add ons apply, and lesser of 100% of billed charges",18617,,,,,,,Case Rate,". MPL 100/50/25% all add ons apply, and lesser of 100% of billed charges",18617,,,,,,,Case Rate,". MPL 100/50/25% all add ons apply, and lesser of 100% of billed charges",18617,,,,,,,Case Rate,". MPL 100/50/25% all add ons apply, and lesser of 100% of billed charges",6903.8,,,,,,,Case Rate,"100% Medicare OPPS FS. ",18617,,,,,,,Case Rate,". MPL 100/50/25% all add ons apply, and lesser of 100% of billed charges",18617,,,,,,,Case Rate,". MPL 100/50/25% all add ons apply, and lesser of 100% of billed charges",16624,,,,,,,Case Rate,". Primary procedure pays at 100%, secondary at 50%, all subsequent at 25%.  Lesser of applies when negotiated rates exceed charges less addons.",1383.03,,,,,,,Fee Schedule,100% APG. Lesser of 100% of billed charges applies.,1383.03,,,,,,,Case rate,124 Percent of Medicaid APG. Covered services not payable under Medicaid Fee Schedules default to a payment of 50 percent of charges.,3111.81,,,,,,,Fee Schedule,225% of NYS APG. Lesser of 100% of billed charges applies.,3111.81,,,,,,,Case Rate,225 Percent of Medicaid APG. Covered services not payable under Medicaid Fee Schedules default to a payment of 87.5 percent of charges.,1383.03,,,,,,,Case rate,124 Percent of Medicaid APG. Covered services not payable under Medicaid Fee Schedules default to a payment of 50 percent of charges.,3111.81,,,,,,,Fee Schedule,225% of NYS APG. Lesser of 100% of billed charges applies.,3111.81,,,,,,,Fee Schedule,225% of NYS APG. Lesser of 100% of billed charges applies.,3111.81,,,,,,,Fee Schedule,225% of NYS APG. Lesser of 100% of billed charges applies.,3111.81,,,,,,,Fee Schedule,225% of NYS APG. Lesser of 100% of billed charges applies.,3111.81,,,,,,,Fee Schedule,225% of NYS APG. Lesser of 100% of billed charges applies.,3111.81,,,,,,,Fee Schedule,225% of NYS APG. Lesser of 100% of billed charges applies.,,,,,,,,,"NA. ",,,,,,,,,"NA. ",,,,,,,,,"NA. ",6487,,,,,,,Case Rate,". MPL 100/50/25% maxmium of 3 procedures. All add ons apply, and lesser of 100% of billed charges",,,,,,,,,"NA. ",6903.8,,,,,,,Case Rate,"100% Medicare OPPS FS. ",15878,,,,,,,Case Rate,". MPL 1st 100% of Payment Rate 50% of all others, all add ons apply, and lesser of 100% of billed charges.",6903.8,,,,,,,Case Rate,"100% Medicare OPPS FS. ",6903.8,,,,,,,Case Rate,"100% Medicare OPPS FS. ",1659.63,,,,,,,Case Rate,"120 Percent of Medicaid APG. Not APG payable, or payable under another fee schedule like ASP/AWP pays at 30% of charges",1659.63,,,,,,,Case Rate,"120 Percent of Medicaid APG. Not APG payable, or payable under another fee schedule like ASP/AWP pays at 30% of charges",1383.03,,,,,,,Case Rate,"100 Percent of Medicaid APG. Not APG payable, or payable under another fee schedule like ASP/AWP pays at 30% of charges",1383.03,,,,,,,Case Rate,"100 Percent of Medicaid APG. Not APG payable, or payable under another fee schedule like ASP/AWP pays at 30% of charges",1383.03,,,,,,,Case Rate,"100 Percent of Medicaid APG. ",7163,,,,,,,Case Rate,". ",16624,,,,,,,Case Rate,". Primary procedure pays at 100%, secondary at 50%, all subsequent at 25%.  Lesser of applies when negotiated rates exceed charges less addons.",8427,,,,,,,Case Rate,". Primary procedure pays at 100%, all subsequent at 50%.",6487,,,,,,,Case Rate,". MPL 100/50/25% maxmium of 3 procedures. All add ons apply, and lesser of 100% of billed charges",6903.8,,,,,,,Case Rate,"100%Medicare OPPS FS. ",6903.8,,,,,,,Case Rate,"100% Medicare OPPS FS. ",6903.8,,,,,,,Case Rate,"100% Medicare OPPS FS. ",6903.8,,,,,,,Case Rate,"100% Medicare OPPS FS. ",6903.8,,,,,,,Case Rate,"100%Medicare OPPS FS. ",6903.8,,,,,,,Case Rate,"100% Medicare OPPS FS. ",,,,,,,,,"NA. ",3111.81,,,,,,,Fee Schedule,225% of NYS APG. Lesser of 100% of billed charges applies.,763.54,,,,,,,Fee Schedule,90 Percent of Medicare RBRVS. Lesser of 100% of billed charges applies.,18617,,,,,,,Case Rate,". MPL 100/50/25% all add ons apply, and lesser of 100% of billed charges",7163,,,,,,,Case Rate,". ",7163,,,,,,,Case Rate,". ",7163,,,,,,,Case Rate,". ",7163,,,,,,,Case Rate,". ",6903.8,,,,,,,Case Rate,"100% Medicare OPPS FS. ",1383.03,,,,,,,Case Rate,"100 Percent of Medicaid APG. ",18617,,,,,,,Case Rate,". MPL 100/50/25% all add ons apply, and lesser of 100% of billed charges",1383.03,,,,,,,Case Rate,"100 Percent of Medicaid APG. ",6903.8,,,,,,,Case Rate,"100% Medicare OPPS FS. ",1383.03,,,,,,,Case Rate,"100 Percent of Medicaid APG. ",6903.8,,,,,,,Case Rate,"100% Medicare OPPS FS. ",6903.8,,,,,,,Case Rate,"100% Medicare OPPS FS. ",1383.03,,,,,,,Case Rate,"100 Percent of Medicaid APG. ",1383.03,,,,,,,Case Rate,"100 Percent of Medicaid APG. ",7163,,,,,,,Case Rate,". ",6487,,,,,,,Case Rate,". MPL 100/50/25% maxmium of 3 procedures. All add ons apply, and lesser of 100% of billed charges",,78,,,,,0,percent of total billed charges,78% of Billed Charges. Lesser of 100% of billed charges applies.; No services were performed during the 15 month look back period.,18160.12,,,,,,,Case Rate,". MPL 100/50/25% all add ons apply, and lesser of 100% of billed charges",18160.12,,,,,,,Case Rate,". MPL 100/50/25% all add ons apply, and lesser of 100% of billed charges",16624,,,,,,,Case Rate,". Primary procedure pays at 100%, secondary at 50%, all subsequent at 25%.  Lesser of applies when negotiated rates exceed charges less addons.",6765.72,,,,,,,Case Rate,"83% HF Fee schedule. ",12574,,,,,,,Case Rate,". Primary procedure pays at 100%, all subsequent at 50%.",12574,,,,,,,Case Rate,". Primary procedure pays at 100%, all subsequent at 50%.",14894,,,,,,,Case Rate,". MPL 100/50/25% all add ons apply, and lesser of 100% of billed charges",14894,,,,,,,Case Rate,". MPL 100/50/25% all add ons apply, and lesser of 100% of billed charges",6903.8,,,,,,,Case Rate,"100% Medicare OPPS FS. ",6903.8,,,,,,,Case Rate,"100% Medicare OPPS FS. ",6903.8,,,,,,,Case Rate,"100% Medicare OPPS FS. ",6903.8,,,,,,,Case Rate,"100% Medicare OPPS FS. ",18160.12,,,,,,,Case Rate,". MPL 100/50/25% all add ons apply, and lesser of 100% of billed charges",18617,,,,,,,Case Rate,". MPL 100/50/25% all add ons apply, and lesser of 100% of billed charges",18617,,,,,,,Case Rate,". MPL 100/50/25% all add ons apply, and lesser of 100% of billed charges",6903.8,,,,,,,Case Rate,"100% Medicare OPPS FS. ",14894,,,,,,,Case Rate,". MPL 100/50/25% all add ons apply, and lesser of 100% of billed charges",8427,,,,,,,Case Rate,". Primary procedure pays at 100%, all subsequent at 50%.",1659.63,,,,,,,Fee Schedule,"120 Percent of Medicaid APG. ",1383.03,,,,,,,Case Rate,"100 Percent of Medicaid APG. ",7163,,,,,,,Case Rate,". ",16755,,,,,,,Case Rate,". MPL 100/50/25% all add ons apply, and lesser of 100% of billed charges",16755,,,,,,,Case Rate,". MPL 100/50/25% all add ons apply, and lesser of 100% of billed charges",18617,,,,,,,Case Rate,". MPL 100/50/25% all add ons apply, and lesser of 100% of billed charges",14948,,,,,,,Case Rate,". MPL 100/75/50% all add ons apply, and lesser of 100% of billed charges",6903.8,,,,,,,Case Rate,"100%Medicare OPPS FS. ",1452.18,,,,,,,Fee Schedule,105 percent of Medicaid APG. otherwise 105% of Ordered NYS MCD FS or 105% of ASP+6%,1452.18,,,,,,,Fee Schedule,105 percent of Medicaid APG. otherwise 105% of Ordered NYS MCD FS or 105% of ASP+6%,1452.18,,,,,,,Fee Schedule,105 percent of Medicaid APG. otherwise 105% of Ordered NYS MCD FS or 105% of ASP+6%,1867.09,,,,,,,Fee Schedule,135 percent of Medicaid APG. otherwise 135% of Ordered NYS MCD FS or 135% of ASP+6%,18160.12,,,,,,,Case Rate,". MPL 100/50/25% all add ons apply, and lesser of 100% of billed charges",1452.18,,,,,,,Fee Schedule,105 percent of Medicaid APG. otherwise 105% of Ordered NYS MCD FS or 105% of ASP+6%,1452.18,,,,,,,Fee Schedule,105 percent of Medicaid APG. otherwise 105% of Ordered NYS MCD FS or 105% of ASP+6%,1452.18,,,,,,,Fee Schedule,105 percent of Medicaid APG. otherwise 105% of Ordered NYS MCD FS or 105% of ASP+6%,1452.18,,,,,,,Fee Schedule,105 percent of Medicaid APG. otherwise 105% of Ordered NYS MCD FS or 105% of ASP+6%,1452.18,,,,,,,Fee Schedule,105 percent of Medicaid APG. otherwise 105% of Ordered NYS MCD FS or 105% of ASP+6%,1867.09,,,,,,,Fee Schedule,135 percent of Medicaid APG. otherwise 135% of Ordered NYS MCD FS or 135% of ASP+6%,1867.09,,,,,,,Fee Schedule,135 percent of Medicaid APG. otherwise 135% of Ordered NYS MCD FS or 135% of ASP+6%,6903.8,,,,,,,Case Rate,"100% Medicare OPPS FS. ",18160.12,,,,,,,Case Rate,". MPL 100/50/25% all add ons apply, and lesser of 100% of billed charges",6903.8,,,,,,,Case Rate,"100% Medicare OPPS FS. ",1452.18,,,,,,,Fee Schedule,105 percent of Medicaid APG. otherwise 105% of Ordered NYS MCD FS or 105% of ASP+6%,18617,,,,,,,Case Rate,". MPL 100/50/25% all add ons apply, and lesser of 100% of billed charges",6903.8,,,,,,,Case Rate,"100% Medicare OPPS FS. ",18617,,,,,,,Case Rate,". MPL 100/50/25% all add ons apply, and lesser of 100% of billed charges",18617,,,,,,,Case Rate,". MPL 100/50/25% all add ons apply, and lesser of 100% of billed charges",18617,,,,,,,Case Rate,". MPL 100/50/25% all add ons apply, and lesser of 100% of billed charges",1452.18,,,,,,,Fee Schedule,105 percent of Medicaid APG. otherwise 105% of Ordered NYS MCD FS or 105% of ASP+6%,6903.8,,,,,,,Case Rate,"100% Medicare OPPS FS. ",18617,,,,,,,Case Rate,". MPL 100/50/25% all add ons apply, and lesser of 100% of billed charges",1867.09,,,,,,,Fee Schedule,135 percent of Medicaid APG. otherwise 135% of Ordered NYS MCD FS or 135% of ASP+6%,18617,,,,,,,Case Rate,". MPL 100/50/25% all add ons apply, and lesser of 100% of billed charges",,200,,,,,0,Case Rate,200% of Medicare OPPS. ; No services were performed during the 15 month look back period.,6903.8,,,,,,,Case Rate,"100%Medicare OPPS FS. ",7163,,,,,,,Case Rate,". ",7163,,,,,,,Case Rate,". ",7163,,,,,,,Case Rate,". ",7163,,,,,,,Case Rate,". ",7163,,,,,,,Case Rate,". ",8427,,,,,,,Case Rate,". Primary procedure pays at 100%, all subsequent at 50%.",8427,,,,,,,Case Rate,". Primary procedure pays at 100%, all subsequent at 50%.",7163,,,,,,,Case Rate,". ",7163,,,,,,,Case Rate,". ",7163,,,,,,,Case Rate,". ",7163,,,,,,,Case Rate,". ",7163,,,,,,,Case Rate,". ",6903.8,,,,,,,Case Rate,"100% Medicare OPPS FS. ",8427,,,,,,,Case Rate,". Primary procedure pays at 100%, all subsequent at 50%.",6903.8,,,,,,,Case Rate,"100% Medicare OPPS FS. ",3111.81,,,,,,,Case Rate,"225 Percent of Medicaid APG. If not included in Medicaid APG, then 100 Percent of Manhattan Medicare",1383.03,,,,,,,Case Rate,"100 Percent of Medicaid APG. ",18160.12,,,,,,,Case Rate,". MPL 100/50/25% all add ons apply, and lesser of 100% of billed charges",18160.12,,,,,,,Case Rate,". MPL 100/50/25% all add ons apply, and lesser of 100% of billed charges",6903.8,,,,,,,Case Rate,"100% Medicare OPPS FS. ",12574,,,,,,,Case Rate,". Primary procedure pays at 100%, all subsequent at 50%.",6903.8,,,,,,,Case Rate,"100% Medicare OPPS FS. ",6903.8,,,,,,,Case Rate,"100% Medicare OPPS FS. ",16624,,,,,,,Case Rate,". Primary procedure pays at 100%, secondary at 50%, all subsequent at 25%.  Lesser of applies when negotiated rates exceed charges less addons.",6903.8,,,,,,,Case Rate,"100% Medicare OPPS FS. ",6487,,,,,,,Case Rate,". MPL 100/50/25% maxmium of 3 procedures. All add ons apply, and lesser of 100% of billed charges",6903.8,,,,,,,Case Rate,"100% Medicare OPPS FS. ",6487,,,,,,,Case Rate,". MPL 100/50/25% maxmium of 3 procedures. All add ons apply, and lesser of 100% of billed charges",16624,,,,,,,Case Rate,". Primary procedure pays at 100%, secondary at 50%, all subsequent at 25%.  Lesser of applies when negotiated rates exceed charges less addons.",6487,,,,,,,Case Rate,". MPL 100/50/25% maxmium of 3 procedures. All add ons apply, and lesser of 100% of billed charges",6903.8,,,,,,,Case Rate,"100% Medicare OPPS FS. ",1383.03,,,,,,,Case Rate,"100 Percent of Medicaid APG. ",6903.8,,,,,,,Case Rate,"100% Medicare OPPS FS. ",6487,,,,,,,Case Rate,". MPL 100/50/25% maxmium of 3 procedures. All add ons apply, and lesser of 100% of billed charges",18160.12,,,,,,,Case Rate,". MPL 100/50/25% all add ons apply, and lesser of 100% of billed charges",1383.03,,,,,,,Case Rate,"100 Percent of Medicaid APG. ",18617,,,,,,,Case Rate,". MPL 100/50/25% all add ons apply, and lesser of 100% of billed charges",1659.63,,,,,,,Fee Schedule,"120 Percent of Medicaid APG. ",1659.63,,,,,,,Fee Schedule,"120 Percent of Medicaid APG. ",18617,,,,,,,Case Rate,". MPL 100/50/25% all add ons apply, and lesser of 100% of billed charges",18617,,,,,,,Case Rate,". MPL 100/50/25% all add ons apply, and lesser of 100% of billed charges",18617,,,,,,,Case Rate,". MPL 100/50/25% all add ons apply, and lesser of 100% of billed charges",18160.12,,,,,,,Case Rate,". MPL 100/50/25% all add ons apply, and lesser of 100% of billed charges",18617,,,,,,,Case Rate,". MPL 100/50/25% all add ons apply, and lesser of 100% of billed charges",18617,,,,,,,Case Rate,". MPL 100/50/25% all add ons apply, and lesser of 100% of billed charges",18617,,,,,,,Case Rate,". MPL 100/50/25% all add ons apply, and lesser of 100% of billed charges",7163,,,,,,,Case Rate,". ",7163,,,,,,,Case Rate,". ",13669.52,,,,,,,Case Rate,198 Percent of Medicare OPPS. Metroplus will reimburse unlisted codes and described codes with no Medicare rate at 50 percent of charges.,1383.03,,,,,,,Case Rate,"100 Percent of Medicaid APG. ",18160.12,,,,,,,Case Rate,". MPL 100/50/25% all add ons apply, and lesser of 100% of billed charges",6487,,,,,,,Case Rate,". MPL 100/50/25% maxmium of 3 procedures. All add ons apply, and lesser of 100% of billed charges",16624,,,,,,,Case Rate,". Primary procedure pays at 100%, secondary at 50%, all subsequent at 25%.  Lesser of applies when negotiated rates exceed charges less addons.",18160.12,,,,,,,Case Rate,". MPL 100/50/25% all add ons apply, and lesser of 100% of billed charges",16624,,,,,,,Case Rate,". Primary procedure pays at 100%, secondary at 50%, all subsequent at 25%.  Lesser of applies when negotiated rates exceed charges less addons.",18160.12,,,,,,,Case Rate,". MPL 100/50/25% all add ons apply, and lesser of 100% of billed charges",18617,,,,,,,Case Rate,". MPL 100/50/25% all add ons apply, and lesser of 100% of billed charges",18617,,,,,,,Case Rate,". MPL 100/50/25% all add ons apply, and lesser of 100% of billed charges",18617,,,,,,,Case Rate,". MPL 100/50/25% all add ons apply, and lesser of 100% of billed charges",18617,,,,,,,Case Rate,". MPL 100/50/25% all add ons apply, and lesser of 100% of billed charges",6903.8,,,,,,,Case Rate,"100% Medicare OPPS FS. ",763.54,25798,
52318,CPT,,,490,RC,REMOVE BLADDER STONE,,,both,,,,5941,,,,,,,Case Rate,". MPL 1st 100% of Payment Rate 50% of all others, all add ons apply, and lesser of 100% of billed charges.",5941,,,,,,,Case Rate,". MPL 1st 100% of Payment Rate 50% of all others, all add ons apply, and lesser of 100% of billed charges.",8442,,,,,,,Case Rate,". Primary procedure pays at 100%, secondary at 50%, all subsequent at 25%.  Lesser of applies when negotiated rates exceed charges less addons.",,100,,,,,0,percent of total billed charges,100 percent of billed charges. ; No services were performed during the 15 month look back period.,4081.17,,,,,,,Case Rate,"100% Medicare OPPS FS. ",8442,,,,,,,Case Rate,". Primary procedure pays at 100%, secondary at 50%, all subsequent at 25%.  Lesser of applies when negotiated rates exceed charges less addons.",8442,,,,,,,Case Rate,". Primary procedure pays at 100%, secondary at 50%, all subsequent at 25%.  Lesser of applies when negotiated rates exceed charges less addons.",8442,,,,,,,Case Rate,". Primary procedure pays at 100%, secondary at 50%, all subsequent at 25%.  Lesser of applies when negotiated rates exceed charges less addons.",2596.01,,,,,,,Case Rate,"100 Percent of Medicaid APG. ",2163.34,,,,,,,Case Rate,"100 Percent of Medicaid APG. ",,78,,,,,0,percent of total billed charges,78% of Billed Charges. Lesser of 100% of billed charges applies.; No services were performed during the 15 month look back period.,9024.56,,,,,,,Case Rate,". MPL 100/50/25% all add ons apply, and lesser of 100% of billed charges",2163.34,,,,,,,Case Rate,"100 Percent of Medicaid APG. ",4081.17,,,,,,,Case Rate,"100% Medicare OPPS FS. ",6487,,,,,,,Case Rate,". MPL 100/50/25% maxmium of 3 procedures. All add ons apply, and lesser of 100% of billed charges",6487,,,,,,,Case Rate,". MPL 100/50/25% maxmium of 3 procedures. All add ons apply, and lesser of 100% of billed charges",6487,,,,,,,Case Rate,". MPL 100/50/25% maxmium of 3 procedures. All add ons apply, and lesser of 100% of billed charges",6487,,,,,,,Case Rate,". MPL 100/50/25% maxmium of 3 procedures. All add ons apply, and lesser of 100% of billed charges",2163.34,,,,,,,Case rate,124 Percent of Medicaid APG. Covered services not payable under Medicaid Fee Schedules default to a payment of 50 percent of charges.,4081.17,,,,,,,Case Rate,"100% Medicare OPPS FS. ",2163.34,,,,,,,Case rate,124 Percent of Medicaid APG. Covered services not payable under Medicaid Fee Schedules default to a payment of 50 percent of charges.,,78,,,,,0,percent of total billed charges,78% of Billed Charges. Lesser of 100% of billed charges applies.; No services were performed during the 15 month look back period.,8442,,,,,,,Case Rate,". Primary procedure pays at 100%, secondary at 50%, all subsequent at 25%.  Lesser of applies when negotiated rates exceed charges less addons.",4081.17,,,,,,,Case Rate,"100%Medicare OPPS FS. ",8427,,,,,,,Case Rate,". Primary procedure pays at 100%, all subsequent at 50%.",4081.17,,,,,,,Case Rate,"100%Medicare OPPS FS. ",4081.17,,,,,,,Case Rate,"100%Medicare OPPS FS. ",,78,,,,,0,percent of total billed charges,78% of Billed Charges. Lesser of 100% of billed charges applies.; No services were performed during the 15 month look back period.,1558.76,,,,,,,Case Rate,100% of PAS. Lesser of 100% of billed charges applies.,1558.76,,,,,,,Case Rate,100% of PAS. Lesser of 100% of billed charges applies.,2163.34,,,,,,,Case rate,"100 Percent of Medicaid APG. ",2163.34,,,,,,,Case rate,"100 Percent of Medicaid APG. ",8427,,,,,,,Case Rate,". Primary procedure pays at 100%, all subsequent at 50%.",8427,,,,,,,Case Rate,". Primary procedure pays at 100%, all subsequent at 50%.",2163.34,,,,,,,Case Rate,"100 Percent of Medicaid APG. Not APG payable, or payable under another fee schedule like ASP/AWP pays at 30% of charges",8427,,,,,,,Case Rate,". Primary procedure pays at 100%, all subsequent at 50%.",2163.34,,,,,,,Case Rate,"100 Percent of Medicaid APG. Not APG payable, or payable under another fee schedule like ASP/AWP pays at 30% of charges",4081.17,,,,,,,Case Rate,"100%Medicare OPPS FS. ",8427,,,,,,,Case Rate,". Primary procedure pays at 100%, all subsequent at 50%.",,78,,,,,0,percent of total billed charges,78% of Billed Charges. Lesser of 100% of billed charges applies.; No services were performed during the 15 month look back period.,2163.34,,,,,,,Case Rate,"100 Percent of Medicaid APG. ",2163.34,,,,,,,Case Rate,"100 Percent of Medicaid APG. ",,78,,,,,0,percent of total billed charges,78% of Billed Charges. Lesser of 100% of billed charges applies.; No services were performed during the 15 month look back period.,6487,,,,,,,Case Rate,". MPL 100/50/25% maxmium of 3 procedures. All add ons apply, and lesser of 100% of billed charges",7929,,,,,,,Case Rate,". MPL 100/50/25% all add ons apply, and lesser of 100% of billed charges",7929,,,,,,,Case Rate,". MPL 100/50/25% all add ons apply, and lesser of 100% of billed charges",,78,,,,,0,percent of total billed charges,78% of Billed Charges. Lesser of 100% of billed charges applies.; No services were performed during the 15 month look back period.,4081.17,,,,,,,Case Rate,"100% Medicare OPPS FS. ",9024.56,,,,,,,Case Rate,". MPL 100/50/25% all add ons apply, and lesser of 100% of billed charges",9024.56,,,,,,,Case Rate,". MPL 100/50/25% all add ons apply, and lesser of 100% of billed charges",9024.56,,,,,,,Case Rate,". MPL 100/50/25% all add ons apply, and lesser of 100% of billed charges",4081.17,,,,,,,Case Rate,"100% Medicare OPPS FS. ",9024.56,,,,,,,Case Rate,". MPL 100/50/25% all add ons apply, and lesser of 100% of billed charges",9024.56,,,,,,,Case Rate,". MPL 100/50/25% all add ons apply, and lesser of 100% of billed charges",4081.17,,,,,,,Case Rate,"100% of Medicare OPPS. ",9761,,,,,,,Case Rate,". MPL 100/75/50% all add ons apply, and lesser of 100% of billed charges",13586,,,,,,,Case Rate,". MPL 100/50/25% all add ons apply, and lesser of 100% of billed charges",13586,,,,,,,Case Rate,". MPL 100/50/25% all add ons apply, and lesser of 100% of billed charges",13586,,,,,,,Case Rate,". MPL 100/50/25% all add ons apply, and lesser of 100% of billed charges",13586,,,,,,,Case Rate,". MPL 100/50/25% all add ons apply, and lesser of 100% of billed charges",13586,,,,,,,Case Rate,". MPL 100/50/25% all add ons apply, and lesser of 100% of billed charges",13586,,,,,,,Case Rate,". MPL 100/50/25% all add ons apply, and lesser of 100% of billed charges",4081.17,,,,,,,Case Rate,"100% Medicare OPPS FS. ",4081.17,,,,,,,Case Rate,"100% Medicare OPPS FS. ",13586,,,,,,,Case Rate,". MPL 100/50/25% all add ons apply, and lesser of 100% of billed charges",,78,,,,,0,percent of total billed charges,78% of Billed Charges. Lesser of 100% of billed charges applies.; No services were performed during the 15 month look back period.,,78,,,,,0,percent of total billed charges,78% of Billed Charges. Lesser of 100% of billed charges applies.; No services were performed during the 15 month look back period.,,78,,,,,0,percent of total billed charges,78% of Billed Charges. Lesser of 100% of billed charges applies.; No services were performed during the 15 month look back period.,,78,,,,,0,percent of total billed charges,78% of Billed Charges. Lesser of 100% of billed charges applies.; No services were performed during the 15 month look back period.,,78,,,,,0,percent of total billed charges,78% of Billed Charges. Lesser of 100% of billed charges applies.; No services were performed during the 15 month look back period.,,78,,,,,0,percent of total billed charges,78% of Billed Charges. Lesser of 100% of billed charges applies.; No services were performed during the 15 month look back period.,,78,,,,,0,percent of total billed charges,78% of Billed Charges. Lesser of 100% of billed charges applies.; No services were performed during the 15 month look back period.,,78,,,,,0,percent of total billed charges,78% of Billed Charges. Lesser of 100% of billed charges applies.; No services were performed during the 15 month look back period.,,78,,,,,0,percent of total billed charges,78% of Billed Charges. Lesser of 100% of billed charges applies.; No services were performed during the 15 month look back period.,,78,,,,,0,percent of total billed charges,78% of Billed Charges. Lesser of 100% of billed charges applies.; No services were performed during the 15 month look back period.,,78,,,,,0,percent of total billed charges,78% of Billed Charges. Lesser of 100% of billed charges applies.; No services were performed during the 15 month look back period.,,78,,,,,0,percent of total billed charges,78% of Billed Charges. Lesser of 100% of billed charges applies.; No services were performed during the 15 month look back period.,,78,,,,,0,percent of total billed charges,78% of Billed Charges. Lesser of 100% of billed charges applies.; No services were performed during the 15 month look back period.,,78,,,,,0,percent of total billed charges,78% of Billed Charges. Lesser of 100% of billed charges applies.; No services were performed during the 15 month look back period.,,78,,,,,0,percent of total billed charges,78% of Billed Charges. Lesser of 100% of billed charges applies.; No services were performed during the 15 month look back period.,,78,,,,,0,percent of total billed charges,78% of Billed Charges. Lesser of 100% of billed charges applies.; No services were performed during the 15 month look back period.,,78,,,,,0,percent of total billed charges,78% of Billed Charges. Lesser of 100% of billed charges applies.; No services were performed during the 15 month look back period.,,78,,,,,0,percent of total billed charges,78% of Billed Charges. Lesser of 100% of billed charges applies.; No services were performed during the 15 month look back period.,,78,,,,,0,percent of total billed charges,78% of Billed Charges. Lesser of 100% of billed charges applies.; No services were performed during the 15 month look back period.,,78,,,,,0,percent of total billed charges,78% of Billed Charges. Lesser of 100% of billed charges applies.; No services were performed during the 15 month look back period.,,78,,,,,0,percent of total billed charges,78% of Billed Charges. Lesser of 100% of billed charges applies.; No services were performed during the 15 month look back period.,,78,,,,,0,percent of total billed charges,78% of Billed Charges. Lesser of 100% of billed charges applies.; No services were performed during the 15 month look back period.,,78,,,,,0,percent of total billed charges,78% of Billed Charges. Lesser of 100% of billed charges applies.; No services were performed during the 15 month look back period.,,78,,,,,0,percent of total billed charges,78% of Billed Charges. Lesser of 100% of billed charges applies.; No services were performed during the 15 month look back period.,,78,,,,,0,percent of total billed charges,78% of Billed Charges. Lesser of 100% of billed charges applies.; No services were performed during the 15 month look back period.,,78,,,,,0,percent of total billed charges,78% of Billed Charges. Lesser of 100% of billed charges applies.; No services were performed during the 15 month look back period.,8427,,,,,,,Case Rate,". Primary procedure pays at 100%, all subsequent at 50%.",8427,,,,,,,Case Rate,". Primary procedure pays at 100%, all subsequent at 50%.",8427,,,,,,,Case Rate,". Primary procedure pays at 100%, all subsequent at 50%.",8427,,,,,,,Case Rate,". Primary procedure pays at 100%, all subsequent at 50%.",12574,,,,,,,Case Rate,". Primary procedure pays at 100%, all subsequent at 50%.",12574,,,,,,,Case Rate,". Primary procedure pays at 100%, all subsequent at 50%.",6487,,,,,,,Case Rate,". MPL 100/50/25% maxmium of 3 procedures. All add ons apply, and lesser of 100% of billed charges",13586,,,,,,,Case Rate,". MPL 100/50/25% all add ons apply, and lesser of 100% of billed charges",9024.56,,,,,,,Case Rate,". MPL 100/50/25% all add ons apply, and lesser of 100% of billed charges",13586,,,,,,,Case Rate,". MPL 100/50/25% all add ons apply, and lesser of 100% of billed charges",,78,,,,,0,percent of total billed charges,78% of Billed Charges. Lesser of 100% of billed charges applies.; No services were performed during the 15 month look back period.,12574,,,,,,,Case Rate,". Primary procedure pays at 100%, all subsequent at 50%.",13586,,,,,,,Case Rate,". MPL 100/50/25% all add ons apply, and lesser of 100% of billed charges",9024.56,,,,,,,Case Rate,". MPL 100/50/25% all add ons apply, and lesser of 100% of billed charges",6487,,,,,,,Case Rate,". MPL 100/50/25% maxmium of 3 procedures. All add ons apply, and lesser of 100% of billed charges",,,,,,,,,"NA. ",,78,,,,,0,percent of total billed charges,78% of Billed Charges. Lesser of 100% of billed charges applies.; No services were performed during the 15 month look back period.,2163.34,,,,,,,Case Rate,"100 Percent of Medicaid APG. ",8427,,,,,,,Case Rate,". Primary procedure pays at 100%, all subsequent at 50%.",2163.34,,,,,,,Case Rate,"100 Percent of Medicaid APG. Not APG payable, or payable under another fee schedule like ASP/AWP pays at 30% of charges",4081.17,,,,,,,Case Rate,"100%Medicare OPPS FS. ",4081.17,,,,,,,Case Rate,"100% Medicare OPPS FS. ",9761,,,,,,,Case Rate,". MPL 100/75/50% all add ons apply, and lesser of 100% of billed charges",4081.17,,,,,,,Case Rate,"100% Medicare OPPS FS. ",4081.17,,,,,,,Case Rate,"100% Medicare OPPS FS. ",2163.34,,,,,,,Case Rate,"100 Percent of Medicaid APG. ",4081.17,,,,,,,Case Rate,"100% Medicare OPPS FS. ",4081.17,,,,,,,Case Rate,"100% Medicare OPPS FS. ",8442,,,,,,,Case Rate,". Primary procedure pays at 100%, secondary at 50%, all subsequent at 25%.  Lesser of applies when negotiated rates exceed charges less addons.",8442,,,,,,,Case Rate,". Primary procedure pays at 100%, secondary at 50%, all subsequent at 25%.  Lesser of applies when negotiated rates exceed charges less addons.",4081.17,,,,,,,Case Rate,"100% Medicare OPPS FS. ",6487,,,,,,,Case Rate,". MPL 100/50/25% maxmium of 3 procedures. All add ons apply, and lesser of 100% of billed charges",9024.56,,,,,,,Case Rate,". MPL 100/50/25% all add ons apply, and lesser of 100% of billed charges",9024.56,,,,,,,Case Rate,". MPL 100/50/25% all add ons apply, and lesser of 100% of billed charges",4081.17,,,,,,,Case Rate,"100% Medicare OPPS FS. ",6487,,,,,,,Case Rate,". MPL 100/50/25% maxmium of 3 procedures. All add ons apply, and lesser of 100% of billed charges",8442,,,,,,,Case Rate,". Primary procedure pays at 100%, secondary at 50%, all subsequent at 25%.  Lesser of applies when negotiated rates exceed charges less addons.",8442,,,,,,,Case Rate,". Primary procedure pays at 100%, secondary at 50%, all subsequent at 25%.  Lesser of applies when negotiated rates exceed charges less addons.",8442,,,,,,,Case Rate,". Primary procedure pays at 100%, secondary at 50%, all subsequent at 25%.  Lesser of applies when negotiated rates exceed charges less addons.",,78,,,,,0,percent of total billed charges,78% of Billed Charges. Lesser of 100% of billed charges applies.; No services were performed during the 15 month look back period.,,78,,,,,0,percent of total billed charges,78% of Billed Charges. Lesser of 100% of billed charges applies.; No services were performed during the 15 month look back period.,,78,,,,,0,percent of total billed charges,78% of Billed Charges. Lesser of 100% of billed charges applies.; No services were performed during the 15 month look back period.,,78,,,,,0,percent of total billed charges,78% of Billed Charges. Lesser of 100% of billed charges applies.; No services were performed during the 15 month look back period.,,78,,,,,0,percent of total billed charges,78% of Billed Charges. Lesser of 100% of billed charges applies.; No services were performed during the 15 month look back period.,,78,,,,,0,percent of total billed charges,78% of Billed Charges. Lesser of 100% of billed charges applies.; No services were performed during the 15 month look back period.,,78,,,,,0,percent of total billed charges,78% of Billed Charges. Lesser of 100% of billed charges applies.; No services were performed during the 15 month look back period.,,78,,,,,0,percent of total billed charges,78% of Billed Charges. Lesser of 100% of billed charges applies.; No services were performed during the 15 month look back period.,,78,,,,,0,percent of total billed charges,78% of Billed Charges. Lesser of 100% of billed charges applies.; No services were performed during the 15 month look back period.,,78,,,,,0,percent of total billed charges,78% of Billed Charges. Lesser of 100% of billed charges applies.; No services were performed during the 15 month look back period.,,78,,,,,0,percent of total billed charges,78% of Billed Charges. Lesser of 100% of billed charges applies.; No services were performed during the 15 month look back period.,12574,,,,,,,Case Rate,". Primary procedure pays at 100%, all subsequent at 50%.",13586,,,,,,,Case Rate,". MPL 100/50/25% all add ons apply, and lesser of 100% of billed charges",6487,,,,,,,Case Rate,". MPL 100/50/25% maxmium of 3 procedures. All add ons apply, and lesser of 100% of billed charges",4081.17,,,,,,,Case Rate,"100% Medicare OPPS FS. ",8442,,,,,,,Case Rate,". Primary procedure pays at 100%, secondary at 50%, all subsequent at 25%.  Lesser of applies when negotiated rates exceed charges less addons.",6487,,,,,,,Case Rate,". MPL 100/50/25% maxmium of 3 procedures. All add ons apply, and lesser of 100% of billed charges",6487,,,,,,,Case Rate,". MPL 100/50/25% maxmium of 3 procedures. All add ons apply, and lesser of 100% of billed charges",,78,,,,,0,percent of total billed charges,78% of Billed Charges. Lesser of 100% of billed charges applies.; No services were performed during the 15 month look back period.,4629.54,,,,,,,Case Rate,"214 Percent of Medicaid APG. Drugs not priced under APG, billed with revenue code 636 and not priced by Medicare ASP FeeSched will be reimbursed at 20% of charges.",6487,,,,,,,Case Rate,". MPL 100/50/25% maxmium of 3 procedures. All add ons apply, and lesser of 100% of billed charges",2163.34,,,,,,,Case Rate,"100 Percent of Medicaid APG. ",4081.17,,,,,,,Case Rate,"100% Medicare OPPS FS. ",4081.17,,,,,,,Case Rate,"100% Medicare OPPS FS. ",4081.17,,,,,,,Case Rate,"100% Medicare OPPS FS. ",4081.17,,,,,,,Case Rate,"100% Medicare OPPS FS. ",4081.17,,,,,,,Case Rate,"100% Medicare OPPS FS. ",4081.17,,,,,,,Case Rate,"100% Medicare OPPS FS. ",6487,,,,,,,Case Rate,". MPL 100/50/25% maxmium of 3 procedures. All add ons apply, and lesser of 100% of billed charges",9761,,,,,,,Case Rate,". MPL 100/75/50% all add ons apply, and lesser of 100% of billed charges",3894.01,,,,,,,Fee Schedule,"180 Percent of Medicaid APG. ",3894.01,,,,,,,Fee Schedule,"180 Percent of Medicaid APG. ",3894.01,,,,,,,Fee Schedule,"180 Percent of Medicaid APG. ",3894.01,,,,,,,Fee Schedule,"180 Percent of Medicaid APG. ",3894.01,,,,,,,Fee Schedule,"180 Percent of Medicaid APG. ",,,,,,,,,"NA. ",9761,,,,,,,Case Rate,". MPL 100/75/50% all add ons apply, and lesser of 100% of billed charges",8080.71,,,,,,,Case Rate,198 Percent of Medicare OPPS. Metroplus will reimburse unlisted codes and described codes with no Medicare rate at 50 percent of charges.,8080.71,,,,,,,Case Rate,198 Percent of Medicare OPPS. Metroplus will reimburse unlisted codes and described codes with no Medicare rate at 50 percent of charges.,8080.71,,,,,,,Case Rate,198 Percent of Medicare OPPS. Metroplus will reimburse unlisted codes and described codes with no Medicare rate at 50 percent of charges.,8080.71,,,,,,,Case Rate,198 Percent of Medicare OPPS. Metroplus will reimburse unlisted codes and described codes with no Medicare rate at 50 percent of charges.,8080.71,,,,,,,Case Rate,198 Percent of Medicare OPPS. Metroplus will reimburse unlisted codes and described codes with no Medicare rate at 50 percent of charges.,4081.17,,,,,,,Case Rate,"100% Medicare OPPS FS. ",12574,,,,,,,Case Rate,". Primary procedure pays at 100%, all subsequent at 50%.",12574,,,,,,,Case Rate,". Primary procedure pays at 100%, all subsequent at 50%.",12574,,,,,,,Case Rate,". Primary procedure pays at 100%, all subsequent at 50%.",12574,,,,,,,Case Rate,". Primary procedure pays at 100%, all subsequent at 50%.",8442,,,,,,,Case Rate,". Primary procedure pays at 100%, secondary at 50%, all subsequent at 25%.  Lesser of applies when negotiated rates exceed charges less addons.",8442,,,,,,,Case Rate,". Primary procedure pays at 100%, secondary at 50%, all subsequent at 25%.  Lesser of applies when negotiated rates exceed charges less addons.",8442,,,,,,,Case Rate,". Primary procedure pays at 100%, secondary at 50%, all subsequent at 25%.  Lesser of applies when negotiated rates exceed charges less addons.",8442,,,,,,,Case Rate,". Primary procedure pays at 100%, secondary at 50%, all subsequent at 25%.  Lesser of applies when negotiated rates exceed charges less addons.",9761,,,,,,,Case Rate,". MPL 100/75/50% all add ons apply, and lesser of 100% of billed charges",9761,,,,,,,Case Rate,". MPL 100/75/50% all add ons apply, and lesser of 100% of billed charges",4081.17,,,,,,,Case Rate,"100% Medicare OPPS FS. ",4081.17,,,,,,,Case Rate,"100% Medicare OPPS FS. ",4081.17,,,,,,,Case Rate,"100% Medicare OPPS FS. ",13586,,,,,,,Case Rate,". MPL 100/50/25% all add ons apply, and lesser of 100% of billed charges",13586,,,,,,,Case Rate,". MPL 100/50/25% all add ons apply, and lesser of 100% of billed charges",13586,,,,,,,Case Rate,". MPL 100/50/25% all add ons apply, and lesser of 100% of billed charges",9761,,,,,,,Case Rate,". MPL 100/75/50% all add ons apply, and lesser of 100% of billed charges",8442,,,,,,,Case Rate,". Primary procedure pays at 100%, secondary at 50%, all subsequent at 25%.  Lesser of applies when negotiated rates exceed charges less addons.",4081.17,,,,,,,Case Rate,"100% Medicare OPPS FS. ",13586,,,,,,,Case Rate,". MPL 100/50/25% all add ons apply, and lesser of 100% of billed charges",2163.34,,,,,,,Case Rate,"100 Percent of Medicaid APG. ",4162.79,,,,,,,Case Rate,"102% of Medicare OPPS. ",4162.79,,,,,,,Case Rate,"102% of Medicare OPPS. ",4162.79,,,,,,,Case Rate,"102% of Medicare OPPS. ",2163.34,,,,,,,Case rate,"100 Percent of Medicaid APG. ",4867.51,,,,,,,Case Rate,225% of NYS APG. Lesser of 100% of billed charges applies.,4867.51,,,,,,,Case Rate,225% of NYS APG. Lesser of 100% of billed charges applies.,4867.51,,,,,,,Case Rate,225% of NYS APG. Lesser of 100% of billed charges applies.,4867.51,,,,,,,Case Rate,225% of NYS APG. Lesser of 100% of billed charges applies.,4867.51,,,,,,,Case Rate,225% of NYS APG. Lesser of 100% of billed charges applies.,4162.79,,,,,,,Case Rate,"102% of Medicare OPPS. ",2163.34,,,,,,,Case Rate,"100 Percent of Medicaid APG. ",1558.76,,,,,,,Case Rate,100% of PAS. Lesser of 100% of billed charges applies.,4867.51,,,,,,,Case Rate,225% of NYS APG. Lesser of 100% of billed charges applies.,4867.51,,,,,,,Case Rate,225% of NYS APG. Lesser of 100% of billed charges applies.,1558.76,,,,,,,Case Rate,100% of PAS. Lesser of 100% of billed charges applies.,1558.76,,,,,,,Case Rate,100% of PAS. Lesser of 100% of billed charges applies.,3894.01,,,,,,,Fee Schedule,"180 Percent of Medicaid APG. ",4081.17,,,,,,,Case Rate,"100% Medicare OPPS FS. ",4081.17,,,,,,,Case Rate,"100% Medicare OPPS FS. ",8442,,,,,,,Case Rate,". Primary procedure pays at 100%, secondary at 50%, all subsequent at 25%.  Lesser of applies when negotiated rates exceed charges less addons.",4081.17,,,,,,,Case Rate,"100% Medicare OPPS FS. ",4867.51,,,,,,,Case Rate,"225 Percent of Medicaid APG. ",4867.51,,,,,,,Case Rate,"225 Percent of Medicaid APG. ",2163.34,,,,,,,Case rate,"100 Percent of Medicaid APG. ",2163.34,,,,,,,Case rate,"100 Percent of Medicaid APG. ",4867.51,,,,,,,Case Rate,225 Percent of Medicaid APG. Covered services not payable under Medicaid Fee Schedules default to a payment of 87.5 percent of charges.,2163.34,,,,,,,Case rate,124 Percent of Medicaid APG. Covered services not payable under Medicaid Fee Schedules default to a payment of 50 percent of charges.,4867.51,,,,,,,Case Rate,"100 Percent of Medicaid APG. ",4867.51,,,,,,,Case Rate,"100 Percent of Medicaid APG. ",4867.51,,,,,,,Case Rate,"100 Percent of Medicaid APG. ",4867.51,,,,,,,Case Rate,"100 Percent of Medicaid APG. ",13453,,,,,,,Case Rate,". MPL 100/75/50% all add ons apply, and lesser of 100% of billed charges",9761,,,,,,,Case Rate,". MPL 100/75/50% all add ons apply, and lesser of 100% of billed charges",2596.01,,,,,,,Case Rate,"120 Percent of Medicaid APG. Not APG payable, or payable under another fee schedule like ASP/AWP pays at 30% of charges",2596.01,,,,,,,Case Rate,"120 Percent of Medicaid APG. Not APG payable, or payable under another fee schedule like ASP/AWP pays at 30% of charges",2163.34,,,,,,,Case Rate,"100 Percent of Medicaid APG. Not APG payable, or payable under another fee schedule like ASP/AWP pays at 30% of charges",2163.34,,,,,,,Case Rate,"100 Percent of Medicaid APG. Not APG payable, or payable under another fee schedule like ASP/AWP pays at 30% of charges",13586,,,,,,,Case Rate,". MPL 100/50/25% all add ons apply, and lesser of 100% of billed charges",13586,,,,,,,Case Rate,". MPL 100/50/25% all add ons apply, and lesser of 100% of billed charges",4081.17,,,,,,,Case Rate,"100% Medicare OPPS FS. ",13586,,,,,,,Case Rate,". MPL 100/50/25% all add ons apply, and lesser of 100% of billed charges",13586,,,,,,,Case Rate,". MPL 100/50/25% all add ons apply, and lesser of 100% of billed charges",13586,,,,,,,Case Rate,". MPL 100/50/25% all add ons apply, and lesser of 100% of billed charges",13586,,,,,,,Case Rate,". MPL 100/50/25% all add ons apply, and lesser of 100% of billed charges",4081.17,,,,,,,Case Rate,"100% Medicare OPPS FS. ",13586,,,,,,,Case Rate,". MPL 100/50/25% all add ons apply, and lesser of 100% of billed charges",13586,,,,,,,Case Rate,". MPL 100/50/25% all add ons apply, and lesser of 100% of billed charges",8442,,,,,,,Case Rate,". Primary procedure pays at 100%, secondary at 50%, all subsequent at 25%.  Lesser of applies when negotiated rates exceed charges less addons.",2163.34,,,,,,,Fee Schedule,100% APG. Lesser of 100% of billed charges applies.,2163.34,,,,,,,Case rate,124 Percent of Medicaid APG. Covered services not payable under Medicaid Fee Schedules default to a payment of 50 percent of charges.,4867.51,,,,,,,Case Rate,225% of NYS APG. Lesser of 100% of billed charges applies.,4867.51,,,,,,,Case Rate,225 Percent of Medicaid APG. Covered services not payable under Medicaid Fee Schedules default to a payment of 87.5 percent of charges.,2163.34,,,,,,,Case rate,124 Percent of Medicaid APG. Covered services not payable under Medicaid Fee Schedules default to a payment of 50 percent of charges.,4867.51,,,,,,,Case Rate,225% of NYS APG. Lesser of 100% of billed charges applies.,4867.51,,,,,,,Case Rate,225% of NYS APG. Lesser of 100% of billed charges applies.,4867.51,,,,,,,Case Rate,225% of NYS APG. Lesser of 100% of billed charges applies.,4867.51,,,,,,,Case Rate,225% of NYS APG. Lesser of 100% of billed charges applies.,4867.51,,,,,,,Case Rate,225% of NYS APG. Lesser of 100% of billed charges applies.,4867.51,,,,,,,Case Rate,225% of NYS APG. Lesser of 100% of billed charges applies.,,,,,,,,,"NA. ",,,,,,,,,"NA. ",,,,,,,,,"NA. ",6487,,,,,,,Case Rate,". MPL 100/50/25% maxmium of 3 procedures. All add ons apply, and lesser of 100% of billed charges",,,,,,,,,"NA. ",4081.17,,,,,,,Case Rate,"100% Medicare OPPS FS. ",5941,,,,,,,Case Rate,". MPL 1st 100% of Payment Rate 50% of all others, all add ons apply, and lesser of 100% of billed charges.",4081.17,,,,,,,Case Rate,"100% Medicare OPPS FS. ",4081.17,,,,,,,Case Rate,"100% Medicare OPPS FS. ",2596.01,,,,,,,Case Rate,"120 Percent of Medicaid APG. Not APG payable, or payable under another fee schedule like ASP/AWP pays at 30% of charges",2596.01,,,,,,,Case Rate,"120 Percent of Medicaid APG. Not APG payable, or payable under another fee schedule like ASP/AWP pays at 30% of charges",2163.34,,,,,,,Case Rate,"100 Percent of Medicaid APG. Not APG payable, or payable under another fee schedule like ASP/AWP pays at 30% of charges",2163.34,,,,,,,Case Rate,"100 Percent of Medicaid APG. Not APG payable, or payable under another fee schedule like ASP/AWP pays at 30% of charges",2163.34,,,,,,,Case Rate,"100 Percent of Medicaid APG. ",7163,,,,,,,Case Rate,". ",8442,,,,,,,Case Rate,". Primary procedure pays at 100%, secondary at 50%, all subsequent at 25%.  Lesser of applies when negotiated rates exceed charges less addons.",8427,,,,,,,Case Rate,". Primary procedure pays at 100%, all subsequent at 50%.",6487,,,,,,,Case Rate,". MPL 100/50/25% maxmium of 3 procedures. All add ons apply, and lesser of 100% of billed charges",4081.17,,,,,,,Case Rate,"100%Medicare OPPS FS. ",4081.17,,,,,,,Case Rate,"100% Medicare OPPS FS. ",4081.17,,,,,,,Case Rate,"100% Medicare OPPS FS. ",4081.17,,,,,,,Case Rate,"100% Medicare OPPS FS. ",4081.17,,,,,,,Case Rate,"100%Medicare OPPS FS. ",4081.17,,,,,,,Case Rate,"100% Medicare OPPS FS. ",,,,,,,,,"NA. ",4867.51,,,,,,,Case Rate,225% of NYS APG. Lesser of 100% of billed charges applies.,1558.76,,,,,,,Case Rate,100% of PAS. Lesser of 100% of billed charges applies.,13586,,,,,,,Case Rate,". MPL 100/50/25% all add ons apply, and lesser of 100% of billed charges",7163,,,,,,,Case Rate,". ",7163,,,,,,,Case Rate,". ",7163,,,,,,,Case Rate,". ",7163,,,,,,,Case Rate,". ",4081.17,,,,,,,Case Rate,"100% Medicare OPPS FS. ",2163.34,,,,,,,Case Rate,"100 Percent of Medicaid APG. ",13586,,,,,,,Case Rate,". MPL 100/50/25% all add ons apply, and lesser of 100% of billed charges",2163.34,,,,,,,Case Rate,"100 Percent of Medicaid APG. ",4081.17,,,,,,,Case Rate,"100% Medicare OPPS FS. ",2163.34,,,,,,,Case Rate,"100 Percent of Medicaid APG. ",4081.17,,,,,,,Case Rate,"100% Medicare OPPS FS. ",4081.17,,,,,,,Case Rate,"100% Medicare OPPS FS. ",2163.34,,,,,,,Case Rate,"100 Percent of Medicaid APG. ",2163.34,,,,,,,Case Rate,"100 Percent of Medicaid APG. ",7163,,,,,,,Case Rate,". ",6487,,,,,,,Case Rate,". MPL 100/50/25% maxmium of 3 procedures. All add ons apply, and lesser of 100% of billed charges",,78,,,,,0,percent of total billed charges,78% of Billed Charges. Lesser of 100% of billed charges applies.; No services were performed during the 15 month look back period.,9024.56,,,,,,,Case Rate,". MPL 100/50/25% all add ons apply, and lesser of 100% of billed charges",9024.56,,,,,,,Case Rate,". MPL 100/50/25% all add ons apply, and lesser of 100% of billed charges",8442,,,,,,,Case Rate,". Primary procedure pays at 100%, secondary at 50%, all subsequent at 25%.  Lesser of applies when negotiated rates exceed charges less addons.",1589.47,,,,,,,Case Rate,"83% HF Fee schedule. ",12574,,,,,,,Case Rate,". Primary procedure pays at 100%, all subsequent at 50%.",12574,,,,,,,Case Rate,". Primary procedure pays at 100%, all subsequent at 50%.",10869,,,,,,,Case Rate,". MPL 100/50/25% all add ons apply, and lesser of 100% of billed charges",10869,,,,,,,Case Rate,". MPL 100/50/25% all add ons apply, and lesser of 100% of billed charges",4081.17,,,,,,,Case Rate,"100% Medicare OPPS FS. ",4081.17,,,,,,,Case Rate,"100% Medicare OPPS FS. ",4081.17,,,,,,,Case Rate,"100% Medicare OPPS FS. ",4081.17,,,,,,,Case Rate,"100% Medicare OPPS FS. ",9024.56,,,,,,,Case Rate,". MPL 100/50/25% all add ons apply, and lesser of 100% of billed charges",13586,,,,,,,Case Rate,". MPL 100/50/25% all add ons apply, and lesser of 100% of billed charges",13586,,,,,,,Case Rate,". MPL 100/50/25% all add ons apply, and lesser of 100% of billed charges",4081.17,,,,,,,Case Rate,"100% Medicare OPPS FS. ",10869,,,,,,,Case Rate,". MPL 100/50/25% all add ons apply, and lesser of 100% of billed charges",8427,,,,,,,Case Rate,". Primary procedure pays at 100%, all subsequent at 50%.",2596.01,,,,,,,Fee Schedule,"120 Percent of Medicaid APG. ",2163.34,,,,,,,Case Rate,"100 Percent of Medicaid APG. ",7163,,,,,,,Case Rate,". ",12227,,,,,,,Case Rate,". MPL 100/50/25% all add ons apply, and lesser of 100% of billed charges",12227,,,,,,,Case Rate,". MPL 100/50/25% all add ons apply, and lesser of 100% of billed charges",13586,,,,,,,Case Rate,". MPL 100/50/25% all add ons apply, and lesser of 100% of billed charges",6726,,,,,,,Case Rate,". MPL 100/75/50% all add ons apply, and lesser of 100% of billed charges",4081.17,,,,,,,Case Rate,"100%Medicare OPPS FS. ",2271.5,,,,,,,Fee Schedule,105 percent of Medicaid APG. otherwise 105% of Ordered NYS MCD FS or 105% of ASP+6%,2271.5,,,,,,,Fee Schedule,105 percent of Medicaid APG. otherwise 105% of Ordered NYS MCD FS or 105% of ASP+6%,2271.5,,,,,,,Fee Schedule,105 percent of Medicaid APG. otherwise 105% of Ordered NYS MCD FS or 105% of ASP+6%,2920.51,,,,,,,Fee Schedule,135 percent of Medicaid APG. otherwise 135% of Ordered NYS MCD FS or 135% of ASP+6%,9024.56,,,,,,,Case Rate,". MPL 100/50/25% all add ons apply, and lesser of 100% of billed charges",2271.5,,,,,,,Fee Schedule,105 percent of Medicaid APG. otherwise 105% of Ordered NYS MCD FS or 105% of ASP+6%,2271.5,,,,,,,Fee Schedule,105 percent of Medicaid APG. otherwise 105% of Ordered NYS MCD FS or 105% of ASP+6%,2271.5,,,,,,,Fee Schedule,105 percent of Medicaid APG. otherwise 105% of Ordered NYS MCD FS or 105% of ASP+6%,2271.5,,,,,,,Fee Schedule,105 percent of Medicaid APG. otherwise 105% of Ordered NYS MCD FS or 105% of ASP+6%,2271.5,,,,,,,Fee Schedule,105 percent of Medicaid APG. otherwise 105% of Ordered NYS MCD FS or 105% of ASP+6%,2920.51,,,,,,,Fee Schedule,135 percent of Medicaid APG. otherwise 135% of Ordered NYS MCD FS or 135% of ASP+6%,2920.51,,,,,,,Fee Schedule,135 percent of Medicaid APG. otherwise 135% of Ordered NYS MCD FS or 135% of ASP+6%,4081.17,,,,,,,Case Rate,"100% Medicare OPPS FS. ",9024.56,,,,,,,Case Rate,". MPL 100/50/25% all add ons apply, and lesser of 100% of billed charges",4081.17,,,,,,,Case Rate,"100% Medicare OPPS FS. ",2271.5,,,,,,,Fee Schedule,105 percent of Medicaid APG. otherwise 105% of Ordered NYS MCD FS or 105% of ASP+6%,13586,,,,,,,Case Rate,". MPL 100/50/25% all add ons apply, and lesser of 100% of billed charges",4081.17,,,,,,,Case Rate,"100% Medicare OPPS FS. ",13586,,,,,,,Case Rate,". MPL 100/50/25% all add ons apply, and lesser of 100% of billed charges",13586,,,,,,,Case Rate,". MPL 100/50/25% all add ons apply, and lesser of 100% of billed charges",13586,,,,,,,Case Rate,". MPL 100/50/25% all add ons apply, and lesser of 100% of billed charges",2271.5,,,,,,,Fee Schedule,105 percent of Medicaid APG. otherwise 105% of Ordered NYS MCD FS or 105% of ASP+6%,4081.17,,,,,,,Case Rate,"100% Medicare OPPS FS. ",13586,,,,,,,Case Rate,". MPL 100/50/25% all add ons apply, and lesser of 100% of billed charges",2920.51,,,,,,,Fee Schedule,135 percent of Medicaid APG. otherwise 135% of Ordered NYS MCD FS or 135% of ASP+6%,13586,,,,,,,Case Rate,". MPL 100/50/25% all add ons apply, and lesser of 100% of billed charges",,200,,,,,0,Case Rate,200% of Medicare OPPS. ; No services were performed during the 15 month look back period.,4081.17,,,,,,,Case Rate,"100%Medicare OPPS FS. ",7163,,,,,,,Case Rate,". ",7163,,,,,,,Case Rate,". ",7163,,,,,,,Case Rate,". ",7163,,,,,,,Case Rate,". ",7163,,,,,,,Case Rate,". ",8427,,,,,,,Case Rate,". Primary procedure pays at 100%, all subsequent at 50%.",8427,,,,,,,Case Rate,". Primary procedure pays at 100%, all subsequent at 50%.",7163,,,,,,,Case Rate,". ",7163,,,,,,,Case Rate,". ",7163,,,,,,,Case Rate,". ",7163,,,,,,,Case Rate,". ",7163,,,,,,,Case Rate,". ",4081.17,,,,,,,Case Rate,"100% Medicare OPPS FS. ",8427,,,,,,,Case Rate,". Primary procedure pays at 100%, all subsequent at 50%.",4081.17,,,,,,,Case Rate,"100% Medicare OPPS FS. ",4867.51,,,,,,,Case Rate,"225 Percent of Medicaid APG. If not included in Medicaid APG, then 100 Percent of Manhattan Medicare",2163.34,,,,,,,Case Rate,"100 Percent of Medicaid APG. ",9024.56,,,,,,,Case Rate,". MPL 100/50/25% all add ons apply, and lesser of 100% of billed charges",9024.56,,,,,,,Case Rate,". MPL 100/50/25% all add ons apply, and lesser of 100% of billed charges",4081.17,,,,,,,Case Rate,"100% Medicare OPPS FS. ",12574,,,,,,,Case Rate,". Primary procedure pays at 100%, all subsequent at 50%.",4081.17,,,,,,,Case Rate,"100% Medicare OPPS FS. ",4081.17,,,,,,,Case Rate,"100% Medicare OPPS FS. ",8442,,,,,,,Case Rate,". Primary procedure pays at 100%, secondary at 50%, all subsequent at 25%.  Lesser of applies when negotiated rates exceed charges less addons.",4081.17,,,,,,,Case Rate,"100% Medicare OPPS FS. ",6487,,,,,,,Case Rate,". MPL 100/50/25% maxmium of 3 procedures. All add ons apply, and lesser of 100% of billed charges",4081.17,,,,,,,Case Rate,"100% Medicare OPPS FS. ",6487,,,,,,,Case Rate,". MPL 100/50/25% maxmium of 3 procedures. All add ons apply, and lesser of 100% of billed charges",8442,,,,,,,Case Rate,". Primary procedure pays at 100%, secondary at 50%, all subsequent at 25%.  Lesser of applies when negotiated rates exceed charges less addons.",6487,,,,,,,Case Rate,". MPL 100/50/25% maxmium of 3 procedures. All add ons apply, and lesser of 100% of billed charges",4081.17,,,,,,,Case Rate,"100% Medicare OPPS FS. ",2163.34,,,,,,,Case Rate,"100 Percent of Medicaid APG. ",4081.17,,,,,,,Case Rate,"100% Medicare OPPS FS. ",6487,,,,,,,Case Rate,". MPL 100/50/25% maxmium of 3 procedures. All add ons apply, and lesser of 100% of billed charges",9024.56,,,,,,,Case Rate,". MPL 100/50/25% all add ons apply, and lesser of 100% of billed charges",2163.34,,,,,,,Case Rate,"100 Percent of Medicaid APG. ",13586,,,,,,,Case Rate,". MPL 100/50/25% all add ons apply, and lesser of 100% of billed charges",2596.01,,,,,,,Fee Schedule,"120 Percent of Medicaid APG. ",2596.01,,,,,,,Fee Schedule,"120 Percent of Medicaid APG. ",13586,,,,,,,Case Rate,". MPL 100/50/25% all add ons apply, and lesser of 100% of billed charges",13586,,,,,,,Case Rate,". MPL 100/50/25% all add ons apply, and lesser of 100% of billed charges",13586,,,,,,,Case Rate,". MPL 100/50/25% all add ons apply, and lesser of 100% of billed charges",9024.56,,,,,,,Case Rate,". MPL 100/50/25% all add ons apply, and lesser of 100% of billed charges",13586,,,,,,,Case Rate,". MPL 100/50/25% all add ons apply, and lesser of 100% of billed charges",13586,,,,,,,Case Rate,". MPL 100/50/25% all add ons apply, and lesser of 100% of billed charges",13586,,,,,,,Case Rate,". MPL 100/50/25% all add ons apply, and lesser of 100% of billed charges",7163,,,,,,,Case Rate,". ",7163,,,,,,,Case Rate,". ",8080.71,,,,,,,Case Rate,198 Percent of Medicare OPPS. Metroplus will reimburse unlisted codes and described codes with no Medicare rate at 50 percent of charges.,2163.34,,,,,,,Case Rate,"100 Percent of Medicaid APG. ",9024.56,,,,,,,Case Rate,". MPL 100/50/25% all add ons apply, and lesser of 100% of billed charges",6487,,,,,,,Case Rate,". MPL 100/50/25% maxmium of 3 procedures. All add ons apply, and lesser of 100% of billed charges",8442,,,,,,,Case Rate,". Primary procedure pays at 100%, secondary at 50%, all subsequent at 25%.  Lesser of applies when negotiated rates exceed charges less addons.",9024.56,,,,,,,Case Rate,". MPL 100/50/25% all add ons apply, and lesser of 100% of billed charges",8442,,,,,,,Case Rate,". Primary procedure pays at 100%, secondary at 50%, all subsequent at 25%.  Lesser of applies when negotiated rates exceed charges less addons.",9024.56,,,,,,,Case Rate,". MPL 100/50/25% all add ons apply, and lesser of 100% of billed charges",13586,,,,,,,Case Rate,". MPL 100/50/25% all add ons apply, and lesser of 100% of billed charges",13586,,,,,,,Case Rate,". MPL 100/50/25% all add ons apply, and lesser of 100% of billed charges",13586,,,,,,,Case Rate,". MPL 100/50/25% all add ons apply, and lesser of 100% of billed charges",13586,,,,,,,Case Rate,". MPL 100/50/25% all add ons apply, and lesser of 100% of billed charges",4081.17,,,,,,,Case Rate,"100% Medicare OPPS FS. ",1558.76,13586,
52353,CPT,,,490,RC,CYSTOURETERO W/LITHOTRIPSY,,,both,,,,8539,,,,,,,Case Rate,". MPL 1st 100% of Payment Rate 50% of all others, all add ons apply, and lesser of 100% of billed charges.",8539,,,,,,,Case Rate,". MPL 1st 100% of Payment Rate 50% of all others, all add ons apply, and lesser of 100% of billed charges.",11080,,,,,,,Case Rate,". Primary procedure pays at 100%, secondary at 50%, all subsequent at 25%.  Lesser of applies when negotiated rates exceed charges less addons.",,100,,,,,0,percent of total billed charges,100 percent of billed charges. ; No services were performed during the 15 month look back period.,6015.45,,,,,,,Case Rate,"100% Medicare OPPS FS. ",11080,,,,,,,Case Rate,". Primary procedure pays at 100%, secondary at 50%, all subsequent at 25%.  Lesser of applies when negotiated rates exceed charges less addons.",11080,,,,,,,Case Rate,". Primary procedure pays at 100%, secondary at 50%, all subsequent at 25%.  Lesser of applies when negotiated rates exceed charges less addons.",11080,,,,,,,Case Rate,". Primary procedure pays at 100%, secondary at 50%, all subsequent at 25%.  Lesser of applies when negotiated rates exceed charges less addons.",2329.15,,,,,,,Case Rate,"100 Percent of Medicaid APG. ",1940.96,,,,,,,Case Rate,"100 Percent of Medicaid APG. ",,78,,,,,0,percent of total billed charges,78% of Billed Charges. Lesser of 100% of billed charges applies.; No services were performed during the 15 month look back period.,16383.1,,,,,,,Case Rate,". MPL 100/50/25% all add ons apply, and lesser of 100% of billed charges",1940.96,,,,,,,Case Rate,"100 Percent of Medicaid APG. ",6015.45,,,,,,,Case Rate,"100% Medicare OPPS FS. ",6487,,,,,,,Case Rate,". MPL 100/50/25% maxmium of 3 procedures. All add ons apply, and lesser of 100% of billed charges",6487,,,,,,,Case Rate,". MPL 100/50/25% maxmium of 3 procedures. All add ons apply, and lesser of 100% of billed charges",6487,,,,,,,Case Rate,". MPL 100/50/25% maxmium of 3 procedures. All add ons apply, and lesser of 100% of billed charges",6487,,,,,,,Case Rate,". MPL 100/50/25% maxmium of 3 procedures. All add ons apply, and lesser of 100% of billed charges",1940.96,,,,,,,Case rate,124 Percent of Medicaid APG. Covered services not payable under Medicaid Fee Schedules default to a payment of 50 percent of charges.,6015.45,,,,,,,Case Rate,"100% Medicare OPPS FS. ",1940.96,,,,,,,Case rate,124 Percent of Medicaid APG. Covered services not payable under Medicaid Fee Schedules default to a payment of 50 percent of charges.,,78,,,,,0,percent of total billed charges,78% of Billed Charges. Lesser of 100% of billed charges applies.; No services were performed during the 15 month look back period.,11080,,,,,,,Case Rate,". Primary procedure pays at 100%, secondary at 50%, all subsequent at 25%.  Lesser of applies when negotiated rates exceed charges less addons.",6015.45,,,,,,,Case Rate,"100%Medicare OPPS FS. ",8427,,,,,,,Case Rate,". Primary procedure pays at 100%, all subsequent at 50%.",6015.45,,,,,,,Case Rate,"100%Medicare OPPS FS. ",6015.45,,,,,,,Case Rate,"100%Medicare OPPS FS. ",,78,,,,,0,percent of total billed charges,78% of Billed Charges. Lesser of 100% of billed charges applies.; No services were performed during the 15 month look back period.,2178.81,,,,,,,Case Rate,100% of PAS. Lesser of 100% of billed charges applies.,2178.81,,,,,,,Case Rate,100% of PAS. Lesser of 100% of billed charges applies.,1940.96,,,,,,,Case rate,"100 Percent of Medicaid APG. ",1940.96,,,,,,,Case rate,"100 Percent of Medicaid APG. ",8427,,,,,,,Case Rate,". Primary procedure pays at 100%, all subsequent at 50%.",8427,,,,,,,Case Rate,". Primary procedure pays at 100%, all subsequent at 50%.",1940.96,,,,,,,Case Rate,"100 Percent of Medicaid APG. Not APG payable, or payable under another fee schedule like ASP/AWP pays at 30% of charges",8427,,,,,,,Case Rate,". Primary procedure pays at 100%, all subsequent at 50%.",1940.96,,,,,,,Case Rate,"100 Percent of Medicaid APG. Not APG payable, or payable under another fee schedule like ASP/AWP pays at 30% of charges",6015.45,,,,,,,Case Rate,"100%Medicare OPPS FS. ",8427,,,,,,,Case Rate,". Primary procedure pays at 100%, all subsequent at 50%.",,78,,,,,0,percent of total billed charges,78% of Billed Charges. Lesser of 100% of billed charges applies.; No services were performed during the 15 month look back period.,1940.96,,,,,,,Case Rate,"100 Percent of Medicaid APG. ",1940.96,,,,,,,Case Rate,"100 Percent of Medicaid APG. ",,78,,,,,0,percent of total billed charges,78% of Billed Charges. Lesser of 100% of billed charges applies.; No services were performed during the 15 month look back period.,6487,,,,,,,Case Rate,". MPL 100/50/25% maxmium of 3 procedures. All add ons apply, and lesser of 100% of billed charges",14572,,,,,,,Case Rate,". MPL 100/50/25% all add ons apply, and lesser of 100% of billed charges",14572,,,,,,,Case Rate,". MPL 100/50/25% all add ons apply, and lesser of 100% of billed charges",,78,,,,,0,percent of total billed charges,78% of Billed Charges. Lesser of 100% of billed charges applies.; No services were performed during the 15 month look back period.,6015.45,,,,,,,Case Rate,"100% Medicare OPPS FS. ",16383.1,,,,,,,Case Rate,". MPL 100/50/25% all add ons apply, and lesser of 100% of billed charges",16383.1,,,,,,,Case Rate,". MPL 100/50/25% all add ons apply, and lesser of 100% of billed charges",16383.1,,,,,,,Case Rate,". MPL 100/50/25% all add ons apply, and lesser of 100% of billed charges",6015.45,,,,,,,Case Rate,"100% Medicare OPPS FS. ",16383.1,,,,,,,Case Rate,". MPL 100/50/25% all add ons apply, and lesser of 100% of billed charges",16383.1,,,,,,,Case Rate,". MPL 100/50/25% all add ons apply, and lesser of 100% of billed charges",6015.45,,,,,,,Case Rate,"100% of Medicare OPPS. ",9761,,,,,,,Case Rate,". MPL 100/75/50% all add ons apply, and lesser of 100% of billed charges",14557,,,,,,,Case Rate,". MPL 100/50/25% all add ons apply, and lesser of 100% of billed charges",14557,,,,,,,Case Rate,". MPL 100/50/25% all add ons apply, and lesser of 100% of billed charges",14557,,,,,,,Case Rate,". MPL 100/50/25% all add ons apply, and lesser of 100% of billed charges",14557,,,,,,,Case Rate,". MPL 100/50/25% all add ons apply, and lesser of 100% of billed charges",14557,,,,,,,Case Rate,". MPL 100/50/25% all add ons apply, and lesser of 100% of billed charges",14557,,,,,,,Case Rate,". MPL 100/50/25% all add ons apply, and lesser of 100% of billed charges",6015.45,,,,,,,Case Rate,"100% Medicare OPPS FS. ",6015.45,,,,,,,Case Rate,"100% Medicare OPPS FS. ",14557,,,,,,,Case Rate,". MPL 100/50/25% all add ons apply, and lesser of 100% of billed charges",,78,,,,,0,percent of total billed charges,78% of Billed Charges. Lesser of 100% of billed charges applies.; No services were performed during the 15 month look back period.,,78,,,,,0,percent of total billed charges,78% of Billed Charges. Lesser of 100% of billed charges applies.; No services were performed during the 15 month look back period.,,78,,,,,0,percent of total billed charges,78% of Billed Charges. Lesser of 100% of billed charges applies.; No services were performed during the 15 month look back period.,,78,,,,,0,percent of total billed charges,78% of Billed Charges. Lesser of 100% of billed charges applies.; No services were performed during the 15 month look back period.,,78,,,,,0,percent of total billed charges,78% of Billed Charges. Lesser of 100% of billed charges applies.; No services were performed during the 15 month look back period.,,78,,,,,0,percent of total billed charges,78% of Billed Charges. Lesser of 100% of billed charges applies.; No services were performed during the 15 month look back period.,,78,,,,,0,percent of total billed charges,78% of Billed Charges. Lesser of 100% of billed charges applies.; No services were performed during the 15 month look back period.,,78,,,,,0,percent of total billed charges,78% of Billed Charges. Lesser of 100% of billed charges applies.; No services were performed during the 15 month look back period.,,78,,,,,0,percent of total billed charges,78% of Billed Charges. Lesser of 100% of billed charges applies.; No services were performed during the 15 month look back period.,,78,,,,,0,percent of total billed charges,78% of Billed Charges. Lesser of 100% of billed charges applies.; No services were performed during the 15 month look back period.,,78,,,,,0,percent of total billed charges,78% of Billed Charges. Lesser of 100% of billed charges applies.; No services were performed during the 15 month look back period.,,78,,,,,0,percent of total billed charges,78% of Billed Charges. Lesser of 100% of billed charges applies.; No services were performed during the 15 month look back period.,,78,,,,,0,percent of total billed charges,78% of Billed Charges. Lesser of 100% of billed charges applies.; No services were performed during the 15 month look back period.,,78,,,,,0,percent of total billed charges,78% of Billed Charges. Lesser of 100% of billed charges applies.; No services were performed during the 15 month look back period.,,78,,,,,0,percent of total billed charges,78% of Billed Charges. Lesser of 100% of billed charges applies.; No services were performed during the 15 month look back period.,,78,,,,,0,percent of total billed charges,78% of Billed Charges. Lesser of 100% of billed charges applies.; No services were performed during the 15 month look back period.,,78,,,,,0,percent of total billed charges,78% of Billed Charges. Lesser of 100% of billed charges applies.; No services were performed during the 15 month look back period.,,78,,,,,0,percent of total billed charges,78% of Billed Charges. Lesser of 100% of billed charges applies.; No services were performed during the 15 month look back period.,,78,,,,,0,percent of total billed charges,78% of Billed Charges. Lesser of 100% of billed charges applies.; No services were performed during the 15 month look back period.,,78,,,,,0,percent of total billed charges,78% of Billed Charges. Lesser of 100% of billed charges applies.; No services were performed during the 15 month look back period.,,78,,,,,0,percent of total billed charges,78% of Billed Charges. Lesser of 100% of billed charges applies.; No services were performed during the 15 month look back period.,,78,,,,,0,percent of total billed charges,78% of Billed Charges. Lesser of 100% of billed charges applies.; No services were performed during the 15 month look back period.,,78,,,,,0,percent of total billed charges,78% of Billed Charges. Lesser of 100% of billed charges applies.; No services were performed during the 15 month look back period.,,78,,,,,0,percent of total billed charges,78% of Billed Charges. Lesser of 100% of billed charges applies.; No services were performed during the 15 month look back period.,,78,,,,,0,percent of total billed charges,78% of Billed Charges. Lesser of 100% of billed charges applies.; No services were performed during the 15 month look back period.,,78,,,,,0,percent of total billed charges,78% of Billed Charges. Lesser of 100% of billed charges applies.; No services were performed during the 15 month look back period.,8427,,,,,,,Case Rate,". Primary procedure pays at 100%, all subsequent at 50%.",8427,,,,,,,Case Rate,". Primary procedure pays at 100%, all subsequent at 50%.",8427,,,,,,,Case Rate,". Primary procedure pays at 100%, all subsequent at 50%.",8427,,,,,,,Case Rate,". Primary procedure pays at 100%, all subsequent at 50%.",12574,,,,,,,Case Rate,". Primary procedure pays at 100%, all subsequent at 50%.",12574,,,,,,,Case Rate,". Primary procedure pays at 100%, all subsequent at 50%.",6487,,,,,,,Case Rate,". MPL 100/50/25% maxmium of 3 procedures. All add ons apply, and lesser of 100% of billed charges",14557,,,,,,,Case Rate,". MPL 100/50/25% all add ons apply, and lesser of 100% of billed charges",16383.1,,,,,,,Case Rate,". MPL 100/50/25% all add ons apply, and lesser of 100% of billed charges",14557,,,,,,,Case Rate,". MPL 100/50/25% all add ons apply, and lesser of 100% of billed charges",,78,,,,,0,percent of total billed charges,78% of Billed Charges. Lesser of 100% of billed charges applies.; No services were performed during the 15 month look back period.,12574,,,,,,,Case Rate,". Primary procedure pays at 100%, all subsequent at 50%.",14557,,,,,,,Case Rate,". MPL 100/50/25% all add ons apply, and lesser of 100% of billed charges",16383.1,,,,,,,Case Rate,". MPL 100/50/25% all add ons apply, and lesser of 100% of billed charges",6487,,,,,,,Case Rate,". MPL 100/50/25% maxmium of 3 procedures. All add ons apply, and lesser of 100% of billed charges",,,,,,,,,"NA. ",,78,,,,,0,percent of total billed charges,78% of Billed Charges. Lesser of 100% of billed charges applies.; No services were performed during the 15 month look back period.,1940.96,,,,,,,Case Rate,"100 Percent of Medicaid APG. ",8427,,,,,,,Case Rate,". Primary procedure pays at 100%, all subsequent at 50%.",1940.96,,,,,,,Case Rate,"100 Percent of Medicaid APG. Not APG payable, or payable under another fee schedule like ASP/AWP pays at 30% of charges",6015.45,,,,,,,Case Rate,"100%Medicare OPPS FS. ",6015.45,,,,,,,Case Rate,"100% Medicare OPPS FS. ",9761,,,,,,,Case Rate,". MPL 100/75/50% all add ons apply, and lesser of 100% of billed charges",6015.45,,,,,,,Case Rate,"100% Medicare OPPS FS. ",6015.45,,,,,,,Case Rate,"100% Medicare OPPS FS. ",1940.96,,,,,,,Case Rate,"100 Percent of Medicaid APG. ",6015.45,,,,,,,Case Rate,"100% Medicare OPPS FS. ",6015.45,,,,,,,Case Rate,"100% Medicare OPPS FS. ",11080,,,,,,,Case Rate,". Primary procedure pays at 100%, secondary at 50%, all subsequent at 25%.  Lesser of applies when negotiated rates exceed charges less addons.",11080,,,,,,,Case Rate,". Primary procedure pays at 100%, secondary at 50%, all subsequent at 25%.  Lesser of applies when negotiated rates exceed charges less addons.",6015.45,,,,,,,Case Rate,"100% Medicare OPPS FS. ",6487,,,,,,,Case Rate,". MPL 100/50/25% maxmium of 3 procedures. All add ons apply, and lesser of 100% of billed charges",16383.1,,,,,,,Case Rate,". MPL 100/50/25% all add ons apply, and lesser of 100% of billed charges",16383.1,,,,,,,Case Rate,". MPL 100/50/25% all add ons apply, and lesser of 100% of billed charges",6015.45,,,,,,,Case Rate,"100% Medicare OPPS FS. ",6487,,,,,,,Case Rate,". MPL 100/50/25% maxmium of 3 procedures. All add ons apply, and lesser of 100% of billed charges",11080,,,,,,,Case Rate,". Primary procedure pays at 100%, secondary at 50%, all subsequent at 25%.  Lesser of applies when negotiated rates exceed charges less addons.",11080,,,,,,,Case Rate,". Primary procedure pays at 100%, secondary at 50%, all subsequent at 25%.  Lesser of applies when negotiated rates exceed charges less addons.",11080,,,,,,,Case Rate,". Primary procedure pays at 100%, secondary at 50%, all subsequent at 25%.  Lesser of applies when negotiated rates exceed charges less addons.",,78,,,,,0,percent of total billed charges,78% of Billed Charges. Lesser of 100% of billed charges applies.; No services were performed during the 15 month look back period.,,78,,,,,0,percent of total billed charges,78% of Billed Charges. Lesser of 100% of billed charges applies.; No services were performed during the 15 month look back period.,,78,,,,,0,percent of total billed charges,78% of Billed Charges. Lesser of 100% of billed charges applies.; No services were performed during the 15 month look back period.,,78,,,,,0,percent of total billed charges,78% of Billed Charges. Lesser of 100% of billed charges applies.; No services were performed during the 15 month look back period.,,78,,,,,0,percent of total billed charges,78% of Billed Charges. Lesser of 100% of billed charges applies.; No services were performed during the 15 month look back period.,,78,,,,,0,percent of total billed charges,78% of Billed Charges. Lesser of 100% of billed charges applies.; No services were performed during the 15 month look back period.,,78,,,,,0,percent of total billed charges,78% of Billed Charges. Lesser of 100% of billed charges applies.; No services were performed during the 15 month look back period.,,78,,,,,0,percent of total billed charges,78% of Billed Charges. Lesser of 100% of billed charges applies.; No services were performed during the 15 month look back period.,,78,,,,,0,percent of total billed charges,78% of Billed Charges. Lesser of 100% of billed charges applies.; No services were performed during the 15 month look back period.,,78,,,,,0,percent of total billed charges,78% of Billed Charges. Lesser of 100% of billed charges applies.; No services were performed during the 15 month look back period.,,78,,,,,0,percent of total billed charges,78% of Billed Charges. Lesser of 100% of billed charges applies.; No services were performed during the 15 month look back period.,12574,,,,,,,Case Rate,". Primary procedure pays at 100%, all subsequent at 50%.",14557,,,,,,,Case Rate,". MPL 100/50/25% all add ons apply, and lesser of 100% of billed charges",6487,,,,,,,Case Rate,". MPL 100/50/25% maxmium of 3 procedures. All add ons apply, and lesser of 100% of billed charges",6015.45,,,,,,,Case Rate,"100% Medicare OPPS FS. ",11080,,,,,,,Case Rate,". Primary procedure pays at 100%, secondary at 50%, all subsequent at 25%.  Lesser of applies when negotiated rates exceed charges less addons.",6487,,,,,,,Case Rate,". MPL 100/50/25% maxmium of 3 procedures. All add ons apply, and lesser of 100% of billed charges",6487,,,,,,,Case Rate,". MPL 100/50/25% maxmium of 3 procedures. All add ons apply, and lesser of 100% of billed charges",,78,,,,,0,percent of total billed charges,78% of Billed Charges. Lesser of 100% of billed charges applies.; No services were performed during the 15 month look back period.,4153.65,,,,,,,Case Rate,"214 Percent of Medicaid APG. Drugs not priced under APG, billed with revenue code 636 and not priced by Medicare ASP FeeSched will be reimbursed at 20% of charges.",6487,,,,,,,Case Rate,". MPL 100/50/25% maxmium of 3 procedures. All add ons apply, and lesser of 100% of billed charges",1940.96,,,,,,,Case Rate,"100 Percent of Medicaid APG. ",6015.45,,,,,,,Case Rate,"100% Medicare OPPS FS. ",6015.45,,,,,,,Case Rate,"100% Medicare OPPS FS. ",6015.45,,,,,,,Case Rate,"100% Medicare OPPS FS. ",6015.45,,,,,,,Case Rate,"100% Medicare OPPS FS. ",6015.45,,,,,,,Case Rate,"100% Medicare OPPS FS. ",6015.45,,,,,,,Case Rate,"100% Medicare OPPS FS. ",6487,,,,,,,Case Rate,". MPL 100/50/25% maxmium of 3 procedures. All add ons apply, and lesser of 100% of billed charges",9761,,,,,,,Case Rate,". MPL 100/75/50% all add ons apply, and lesser of 100% of billed charges",3493.72,,,,,,,Fee Schedule,"180 Percent of Medicaid APG. ",3493.72,,,,,,,Fee Schedule,"180 Percent of Medicaid APG. ",3493.72,,,,,,,Fee Schedule,"180 Percent of Medicaid APG. ",3493.72,,,,,,,Fee Schedule,"180 Percent of Medicaid APG. ",3493.72,,,,,,,Fee Schedule,"180 Percent of Medicaid APG. ",,,,,,,,,"NA. ",9761,,,,,,,Case Rate,". MPL 100/75/50% all add ons apply, and lesser of 100% of billed charges",11910.59,,,,,,,Case Rate,198 Percent of Medicare OPPS. Metroplus will reimburse unlisted codes and described codes with no Medicare rate at 50 percent of charges.,11910.59,,,,,,,Case Rate,198 Percent of Medicare OPPS. Metroplus will reimburse unlisted codes and described codes with no Medicare rate at 50 percent of charges.,11910.59,,,,,,,Case Rate,198 Percent of Medicare OPPS. Metroplus will reimburse unlisted codes and described codes with no Medicare rate at 50 percent of charges.,11910.59,,,,,,,Case Rate,198 Percent of Medicare OPPS. Metroplus will reimburse unlisted codes and described codes with no Medicare rate at 50 percent of charges.,11910.59,,,,,,,Case Rate,198 Percent of Medicare OPPS. Metroplus will reimburse unlisted codes and described codes with no Medicare rate at 50 percent of charges.,6015.45,,,,,,,Case Rate,"100% Medicare OPPS FS. ",12574,,,,,,,Case Rate,". Primary procedure pays at 100%, all subsequent at 50%.",12574,,,,,,,Case Rate,". Primary procedure pays at 100%, all subsequent at 50%.",12574,,,,,,,Case Rate,". Primary procedure pays at 100%, all subsequent at 50%.",12574,,,,,,,Case Rate,". Primary procedure pays at 100%, all subsequent at 50%.",11080,,,,,,,Case Rate,". Primary procedure pays at 100%, secondary at 50%, all subsequent at 25%.  Lesser of applies when negotiated rates exceed charges less addons.",11080,,,,,,,Case Rate,". Primary procedure pays at 100%, secondary at 50%, all subsequent at 25%.  Lesser of applies when negotiated rates exceed charges less addons.",11080,,,,,,,Case Rate,". Primary procedure pays at 100%, secondary at 50%, all subsequent at 25%.  Lesser of applies when negotiated rates exceed charges less addons.",11080,,,,,,,Case Rate,". Primary procedure pays at 100%, secondary at 50%, all subsequent at 25%.  Lesser of applies when negotiated rates exceed charges less addons.",9761,,,,,,,Case Rate,". MPL 100/75/50% all add ons apply, and lesser of 100% of billed charges",9761,,,,,,,Case Rate,". MPL 100/75/50% all add ons apply, and lesser of 100% of billed charges",6015.45,,,,,,,Case Rate,"100% Medicare OPPS FS. ",6015.45,,,,,,,Case Rate,"100% Medicare OPPS FS. ",6015.45,,,,,,,Case Rate,"100% Medicare OPPS FS. ",14557,,,,,,,Case Rate,". MPL 100/50/25% all add ons apply, and lesser of 100% of billed charges",14557,,,,,,,Case Rate,". MPL 100/50/25% all add ons apply, and lesser of 100% of billed charges",14557,,,,,,,Case Rate,". MPL 100/50/25% all add ons apply, and lesser of 100% of billed charges",9761,,,,,,,Case Rate,". MPL 100/75/50% all add ons apply, and lesser of 100% of billed charges",11080,,,,,,,Case Rate,". Primary procedure pays at 100%, secondary at 50%, all subsequent at 25%.  Lesser of applies when negotiated rates exceed charges less addons.",6015.45,,,,,,,Case Rate,"100% Medicare OPPS FS. ",14557,,,,,,,Case Rate,". MPL 100/50/25% all add ons apply, and lesser of 100% of billed charges",1940.96,,,,,,,Case Rate,"100 Percent of Medicaid APG. ",6135.76,,,,,,,Case Rate,"102% of Medicare OPPS. ",6135.76,,,,,,,Case Rate,"102% of Medicare OPPS. ",6135.76,,,,,,,Case Rate,"102% of Medicare OPPS. ",1940.96,,,,,,,Case rate,"100 Percent of Medicaid APG. ",4367.15,,,,,,,Case Rate,225% of NYS APG. Lesser of 100% of billed charges applies.,4367.15,,,,,,,Case Rate,225% of NYS APG. Lesser of 100% of billed charges applies.,4367.15,,,,,,,Case Rate,225% of NYS APG. Lesser of 100% of billed charges applies.,4367.15,,,,,,,Case Rate,225% of NYS APG. Lesser of 100% of billed charges applies.,4367.15,,,,,,,Case Rate,225% of NYS APG. Lesser of 100% of billed charges applies.,6135.76,,,,,,,Case Rate,"102% of Medicare OPPS. ",1940.96,,,,,,,Case Rate,"100 Percent of Medicaid APG. ",2178.81,,,,,,,Case Rate,100% of PAS. Lesser of 100% of billed charges applies.,4367.15,,,,,,,Case Rate,225% of NYS APG. Lesser of 100% of billed charges applies.,4367.15,,,,,,,Case Rate,225% of NYS APG. Lesser of 100% of billed charges applies.,2178.81,,,,,,,Case Rate,100% of PAS. Lesser of 100% of billed charges applies.,2178.81,,,,,,,Case Rate,100% of PAS. Lesser of 100% of billed charges applies.,3493.72,,,,,,,Fee Schedule,"180 Percent of Medicaid APG. ",6015.45,,,,,,,Case Rate,"100% Medicare OPPS FS. ",6015.45,,,,,,,Case Rate,"100% Medicare OPPS FS. ",11080,,,,,,,Case Rate,". Primary procedure pays at 100%, secondary at 50%, all subsequent at 25%.  Lesser of applies when negotiated rates exceed charges less addons.",6015.45,,,,,,,Case Rate,"100% Medicare OPPS FS. ",4367.15,,,,,,,Case Rate,"225 Percent of Medicaid APG. ",4367.15,,,,,,,Case Rate,"225 Percent of Medicaid APG. ",1940.96,,,,,,,Case rate,"100 Percent of Medicaid APG. ",1940.96,,,,,,,Case rate,"100 Percent of Medicaid APG. ",4367.15,,,,,,,Case Rate,225 Percent of Medicaid APG. Covered services not payable under Medicaid Fee Schedules default to a payment of 87.5 percent of charges.,1940.96,,,,,,,Case rate,124 Percent of Medicaid APG. Covered services not payable under Medicaid Fee Schedules default to a payment of 50 percent of charges.,4367.15,,,,,,,Case Rate,"100 Percent of Medicaid APG. ",4367.15,,,,,,,Case Rate,"100 Percent of Medicaid APG. ",4367.15,,,,,,,Case Rate,"100 Percent of Medicaid APG. ",4367.15,,,,,,,Case Rate,"100 Percent of Medicaid APG. ",13453,,,,,,,Case Rate,". MPL 100/75/50% all add ons apply, and lesser of 100% of billed charges",9761,,,,,,,Case Rate,". MPL 100/75/50% all add ons apply, and lesser of 100% of billed charges",2329.15,,,,,,,Case Rate,"120 Percent of Medicaid APG. Not APG payable, or payable under another fee schedule like ASP/AWP pays at 30% of charges",2329.15,,,,,,,Case Rate,"120 Percent of Medicaid APG. Not APG payable, or payable under another fee schedule like ASP/AWP pays at 30% of charges",1940.96,,,,,,,Case Rate,"100 Percent of Medicaid APG. Not APG payable, or payable under another fee schedule like ASP/AWP pays at 30% of charges",1940.96,,,,,,,Case Rate,"100 Percent of Medicaid APG. Not APG payable, or payable under another fee schedule like ASP/AWP pays at 30% of charges",14557,,,,,,,Case Rate,". MPL 100/50/25% all add ons apply, and lesser of 100% of billed charges",14557,,,,,,,Case Rate,". MPL 100/50/25% all add ons apply, and lesser of 100% of billed charges",6015.45,,,,,,,Case Rate,"100% Medicare OPPS FS. ",14557,,,,,,,Case Rate,". MPL 100/50/25% all add ons apply, and lesser of 100% of billed charges",14557,,,,,,,Case Rate,". MPL 100/50/25% all add ons apply, and lesser of 100% of billed charges",14557,,,,,,,Case Rate,". MPL 100/50/25% all add ons apply, and lesser of 100% of billed charges",14557,,,,,,,Case Rate,". MPL 100/50/25% all add ons apply, and lesser of 100% of billed charges",6015.45,,,,,,,Case Rate,"100% Medicare OPPS FS. ",14557,,,,,,,Case Rate,". MPL 100/50/25% all add ons apply, and lesser of 100% of billed charges",14557,,,,,,,Case Rate,". MPL 100/50/25% all add ons apply, and lesser of 100% of billed charges",11080,,,,,,,Case Rate,". Primary procedure pays at 100%, secondary at 50%, all subsequent at 25%.  Lesser of applies when negotiated rates exceed charges less addons.",1940.96,,,,,,,Fee Schedule,100% APG. Lesser of 100% of billed charges applies.,1940.96,,,,,,,Case rate,124 Percent of Medicaid APG. Covered services not payable under Medicaid Fee Schedules default to a payment of 50 percent of charges.,4367.15,,,,,,,Case Rate,225% of NYS APG. Lesser of 100% of billed charges applies.,4367.15,,,,,,,Case Rate,225 Percent of Medicaid APG. Covered services not payable under Medicaid Fee Schedules default to a payment of 87.5 percent of charges.,1940.96,,,,,,,Case rate,124 Percent of Medicaid APG. Covered services not payable under Medicaid Fee Schedules default to a payment of 50 percent of charges.,4367.15,,,,,,,Case Rate,225% of NYS APG. Lesser of 100% of billed charges applies.,4367.15,,,,,,,Case Rate,225% of NYS APG. Lesser of 100% of billed charges applies.,4367.15,,,,,,,Case Rate,225% of NYS APG. Lesser of 100% of billed charges applies.,4367.15,,,,,,,Case Rate,225% of NYS APG. Lesser of 100% of billed charges applies.,4367.15,,,,,,,Case Rate,225% of NYS APG. Lesser of 100% of billed charges applies.,4367.15,,,,,,,Case Rate,225% of NYS APG. Lesser of 100% of billed charges applies.,,,,,,,,,"NA. ",,,,,,,,,"NA. ",,,,,,,,,"NA. ",6487,,,,,,,Case Rate,". MPL 100/50/25% maxmium of 3 procedures. All add ons apply, and lesser of 100% of billed charges",,,,,,,,,"NA. ",6015.45,,,,,,,Case Rate,"100% Medicare OPPS FS. ",8539,,,,,,,Case Rate,". MPL 1st 100% of Payment Rate 50% of all others, all add ons apply, and lesser of 100% of billed charges.",6015.45,,,,,,,Case Rate,"100% Medicare OPPS FS. ",6015.45,,,,,,,Case Rate,"100% Medicare OPPS FS. ",2329.15,,,,,,,Case Rate,"120 Percent of Medicaid APG. Not APG payable, or payable under another fee schedule like ASP/AWP pays at 30% of charges",2329.15,,,,,,,Case Rate,"120 Percent of Medicaid APG. Not APG payable, or payable under another fee schedule like ASP/AWP pays at 30% of charges",1940.96,,,,,,,Case Rate,"100 Percent of Medicaid APG. Not APG payable, or payable under another fee schedule like ASP/AWP pays at 30% of charges",1940.96,,,,,,,Case Rate,"100 Percent of Medicaid APG. Not APG payable, or payable under another fee schedule like ASP/AWP pays at 30% of charges",1940.96,,,,,,,Case Rate,"100 Percent of Medicaid APG. ",7163,,,,,,,Case Rate,". ",11080,,,,,,,Case Rate,". Primary procedure pays at 100%, secondary at 50%, all subsequent at 25%.  Lesser of applies when negotiated rates exceed charges less addons.",8427,,,,,,,Case Rate,". Primary procedure pays at 100%, all subsequent at 50%.",6487,,,,,,,Case Rate,". MPL 100/50/25% maxmium of 3 procedures. All add ons apply, and lesser of 100% of billed charges",6015.45,,,,,,,Case Rate,"100%Medicare OPPS FS. ",6015.45,,,,,,,Case Rate,"100% Medicare OPPS FS. ",6015.45,,,,,,,Case Rate,"100% Medicare OPPS FS. ",6015.45,,,,,,,Case Rate,"100% Medicare OPPS FS. ",6015.45,,,,,,,Case Rate,"100%Medicare OPPS FS. ",6015.45,,,,,,,Case Rate,"100% Medicare OPPS FS. ",,,,,,,,,"NA. ",4367.15,,,,,,,Case Rate,225% of NYS APG. Lesser of 100% of billed charges applies.,2178.81,,,,,,,Case Rate,100% of PAS. Lesser of 100% of billed charges applies.,14557,,,,,,,Case Rate,". MPL 100/50/25% all add ons apply, and lesser of 100% of billed charges",7163,,,,,,,Case Rate,". ",7163,,,,,,,Case Rate,". ",7163,,,,,,,Case Rate,". ",7163,,,,,,,Case Rate,". ",6015.45,,,,,,,Case Rate,"100% Medicare OPPS FS. ",1940.96,,,,,,,Case Rate,"100 Percent of Medicaid APG. ",14557,,,,,,,Case Rate,". MPL 100/50/25% all add ons apply, and lesser of 100% of billed charges",1940.96,,,,,,,Case Rate,"100 Percent of Medicaid APG. ",6015.45,,,,,,,Case Rate,"100% Medicare OPPS FS. ",1940.96,,,,,,,Case Rate,"100 Percent of Medicaid APG. ",6015.45,,,,,,,Case Rate,"100% Medicare OPPS FS. ",6015.45,,,,,,,Case Rate,"100% Medicare OPPS FS. ",1940.96,,,,,,,Case Rate,"100 Percent of Medicaid APG. ",1940.96,,,,,,,Case Rate,"100 Percent of Medicaid APG. ",7163,,,,,,,Case Rate,". ",6487,,,,,,,Case Rate,". MPL 100/50/25% maxmium of 3 procedures. All add ons apply, and lesser of 100% of billed charges",,78,,,,,0,percent of total billed charges,78% of Billed Charges. Lesser of 100% of billed charges applies.; No services were performed during the 15 month look back period.,16383.1,,,,,,,Case Rate,". MPL 100/50/25% all add ons apply, and lesser of 100% of billed charges",16383.1,,,,,,,Case Rate,". MPL 100/50/25% all add ons apply, and lesser of 100% of billed charges",11080,,,,,,,Case Rate,". Primary procedure pays at 100%, secondary at 50%, all subsequent at 25%.  Lesser of applies when negotiated rates exceed charges less addons.",2421.31,,,,,,,Case Rate,"83% HF Fee schedule. ",12574,,,,,,,Case Rate,". Primary procedure pays at 100%, all subsequent at 50%.",12574,,,,,,,Case Rate,". Primary procedure pays at 100%, all subsequent at 50%.",11646,,,,,,,Case Rate,". MPL 100/50/25% all add ons apply, and lesser of 100% of billed charges",11646,,,,,,,Case Rate,". MPL 100/50/25% all add ons apply, and lesser of 100% of billed charges",6015.45,,,,,,,Case Rate,"100% Medicare OPPS FS. ",6015.45,,,,,,,Case Rate,"100% Medicare OPPS FS. ",6015.45,,,,,,,Case Rate,"100% Medicare OPPS FS. ",6015.45,,,,,,,Case Rate,"100% Medicare OPPS FS. ",16383.1,,,,,,,Case Rate,". MPL 100/50/25% all add ons apply, and lesser of 100% of billed charges",14557,,,,,,,Case Rate,". MPL 100/50/25% all add ons apply, and lesser of 100% of billed charges",14557,,,,,,,Case Rate,". MPL 100/50/25% all add ons apply, and lesser of 100% of billed charges",6015.45,,,,,,,Case Rate,"100% Medicare OPPS FS. ",11646,,,,,,,Case Rate,". MPL 100/50/25% all add ons apply, and lesser of 100% of billed charges",8427,,,,,,,Case Rate,". Primary procedure pays at 100%, all subsequent at 50%.",2329.15,,,,,,,Fee Schedule,"120 Percent of Medicaid APG. ",1940.96,,,,,,,Case Rate,"100 Percent of Medicaid APG. ",7163,,,,,,,Case Rate,". ",13101,,,,,,,Case Rate,". MPL 100/50/25% all add ons apply, and lesser of 100% of billed charges",13101,,,,,,,Case Rate,". MPL 100/50/25% all add ons apply, and lesser of 100% of billed charges",14557,,,,,,,Case Rate,". MPL 100/50/25% all add ons apply, and lesser of 100% of billed charges",6726,,,,,,,Case Rate,". MPL 100/75/50% all add ons apply, and lesser of 100% of billed charges",6015.45,,,,,,,Case Rate,"100%Medicare OPPS FS. ",2038.01,,,,,,,Fee Schedule,105 percent of Medicaid APG. otherwise 105% of Ordered NYS MCD FS or 105% of ASP+6%,2038.01,,,,,,,Fee Schedule,105 percent of Medicaid APG. otherwise 105% of Ordered NYS MCD FS or 105% of ASP+6%,2038.01,,,,,,,Fee Schedule,105 percent of Medicaid APG. otherwise 105% of Ordered NYS MCD FS or 105% of ASP+6%,2620.29,,,,,,,Fee Schedule,135 percent of Medicaid APG. otherwise 135% of Ordered NYS MCD FS or 135% of ASP+6%,16383.1,,,,,,,Case Rate,". MPL 100/50/25% all add ons apply, and lesser of 100% of billed charges",2038.01,,,,,,,Fee Schedule,105 percent of Medicaid APG. otherwise 105% of Ordered NYS MCD FS or 105% of ASP+6%,2038.01,,,,,,,Fee Schedule,105 percent of Medicaid APG. otherwise 105% of Ordered NYS MCD FS or 105% of ASP+6%,2038.01,,,,,,,Fee Schedule,105 percent of Medicaid APG. otherwise 105% of Ordered NYS MCD FS or 105% of ASP+6%,2038.01,,,,,,,Fee Schedule,105 percent of Medicaid APG. otherwise 105% of Ordered NYS MCD FS or 105% of ASP+6%,2038.01,,,,,,,Fee Schedule,105 percent of Medicaid APG. otherwise 105% of Ordered NYS MCD FS or 105% of ASP+6%,2620.29,,,,,,,Fee Schedule,135 percent of Medicaid APG. otherwise 135% of Ordered NYS MCD FS or 135% of ASP+6%,2620.29,,,,,,,Fee Schedule,135 percent of Medicaid APG. otherwise 135% of Ordered NYS MCD FS or 135% of ASP+6%,6015.45,,,,,,,Case Rate,"100% Medicare OPPS FS. ",16383.1,,,,,,,Case Rate,". MPL 100/50/25% all add ons apply, and lesser of 100% of billed charges",6015.45,,,,,,,Case Rate,"100% Medicare OPPS FS. ",2038.01,,,,,,,Fee Schedule,105 percent of Medicaid APG. otherwise 105% of Ordered NYS MCD FS or 105% of ASP+6%,14557,,,,,,,Case Rate,". MPL 100/50/25% all add ons apply, and lesser of 100% of billed charges",6015.45,,,,,,,Case Rate,"100% Medicare OPPS FS. ",14557,,,,,,,Case Rate,". MPL 100/50/25% all add ons apply, and lesser of 100% of billed charges",14557,,,,,,,Case Rate,". MPL 100/50/25% all add ons apply, and lesser of 100% of billed charges",14557,,,,,,,Case Rate,". MPL 100/50/25% all add ons apply, and lesser of 100% of billed charges",2038.01,,,,,,,Fee Schedule,105 percent of Medicaid APG. otherwise 105% of Ordered NYS MCD FS or 105% of ASP+6%,6015.45,,,,,,,Case Rate,"100% Medicare OPPS FS. ",14557,,,,,,,Case Rate,". MPL 100/50/25% all add ons apply, and lesser of 100% of billed charges",2620.29,,,,,,,Fee Schedule,135 percent of Medicaid APG. otherwise 135% of Ordered NYS MCD FS or 135% of ASP+6%,14557,,,,,,,Case Rate,". MPL 100/50/25% all add ons apply, and lesser of 100% of billed charges",,200,,,,,0,Case Rate,200% of Medicare OPPS. ; No services were performed during the 15 month look back period.,6015.45,,,,,,,Case Rate,"100%Medicare OPPS FS. ",7163,,,,,,,Case Rate,". ",7163,,,,,,,Case Rate,". ",7163,,,,,,,Case Rate,". ",7163,,,,,,,Case Rate,". ",7163,,,,,,,Case Rate,". ",8427,,,,,,,Case Rate,". Primary procedure pays at 100%, all subsequent at 50%.",8427,,,,,,,Case Rate,". Primary procedure pays at 100%, all subsequent at 50%.",7163,,,,,,,Case Rate,". ",7163,,,,,,,Case Rate,". ",7163,,,,,,,Case Rate,". ",7163,,,,,,,Case Rate,". ",7163,,,,,,,Case Rate,". ",6015.45,,,,,,,Case Rate,"100% Medicare OPPS FS. ",8427,,,,,,,Case Rate,". Primary procedure pays at 100%, all subsequent at 50%.",6015.45,,,,,,,Case Rate,"100% Medicare OPPS FS. ",4367.15,,,,,,,Case Rate,"225 Percent of Medicaid APG. If not included in Medicaid APG, then 100 Percent of Manhattan Medicare",1940.96,,,,,,,Case Rate,"100 Percent of Medicaid APG. ",16383.1,,,,,,,Case Rate,". MPL 100/50/25% all add ons apply, and lesser of 100% of billed charges",16383.1,,,,,,,Case Rate,". MPL 100/50/25% all add ons apply, and lesser of 100% of billed charges",6015.45,,,,,,,Case Rate,"100% Medicare OPPS FS. ",12574,,,,,,,Case Rate,". Primary procedure pays at 100%, all subsequent at 50%.",6015.45,,,,,,,Case Rate,"100% Medicare OPPS FS. ",6015.45,,,,,,,Case Rate,"100% Medicare OPPS FS. ",11080,,,,,,,Case Rate,". Primary procedure pays at 100%, secondary at 50%, all subsequent at 25%.  Lesser of applies when negotiated rates exceed charges less addons.",6015.45,,,,,,,Case Rate,"100% Medicare OPPS FS. ",6487,,,,,,,Case Rate,". MPL 100/50/25% maxmium of 3 procedures. All add ons apply, and lesser of 100% of billed charges",6015.45,,,,,,,Case Rate,"100% Medicare OPPS FS. ",6487,,,,,,,Case Rate,". MPL 100/50/25% maxmium of 3 procedures. All add ons apply, and lesser of 100% of billed charges",11080,,,,,,,Case Rate,". Primary procedure pays at 100%, secondary at 50%, all subsequent at 25%.  Lesser of applies when negotiated rates exceed charges less addons.",6487,,,,,,,Case Rate,". MPL 100/50/25% maxmium of 3 procedures. All add ons apply, and lesser of 100% of billed charges",6015.45,,,,,,,Case Rate,"100% Medicare OPPS FS. ",1940.96,,,,,,,Case Rate,"100 Percent of Medicaid APG. ",6015.45,,,,,,,Case Rate,"100% Medicare OPPS FS. ",6487,,,,,,,Case Rate,". MPL 100/50/25% maxmium of 3 procedures. All add ons apply, and lesser of 100% of billed charges",16383.1,,,,,,,Case Rate,". MPL 100/50/25% all add ons apply, and lesser of 100% of billed charges",1940.96,,,,,,,Case Rate,"100 Percent of Medicaid APG. ",14557,,,,,,,Case Rate,". MPL 100/50/25% all add ons apply, and lesser of 100% of billed charges",2329.15,,,,,,,Fee Schedule,"120 Percent of Medicaid APG. ",2329.15,,,,,,,Fee Schedule,"120 Percent of Medicaid APG. ",14557,,,,,,,Case Rate,". MPL 100/50/25% all add ons apply, and lesser of 100% of billed charges",14557,,,,,,,Case Rate,". MPL 100/50/25% all add ons apply, and lesser of 100% of billed charges",14557,,,,,,,Case Rate,". MPL 100/50/25% all add ons apply, and lesser of 100% of billed charges",16383.1,,,,,,,Case Rate,". MPL 100/50/25% all add ons apply, and lesser of 100% of billed charges",14557,,,,,,,Case Rate,". MPL 100/50/25% all add ons apply, and lesser of 100% of billed charges",14557,,,,,,,Case Rate,". MPL 100/50/25% all add ons apply, and lesser of 100% of billed charges",14557,,,,,,,Case Rate,". MPL 100/50/25% all add ons apply, and lesser of 100% of billed charges",7163,,,,,,,Case Rate,". ",7163,,,,,,,Case Rate,". ",11910.59,,,,,,,Case Rate,198 Percent of Medicare OPPS. Metroplus will reimburse unlisted codes and described codes with no Medicare rate at 50 percent of charges.,1940.96,,,,,,,Case Rate,"100 Percent of Medicaid APG. ",16383.1,,,,,,,Case Rate,". MPL 100/50/25% all add ons apply, and lesser of 100% of billed charges",6487,,,,,,,Case Rate,". MPL 100/50/25% maxmium of 3 procedures. All add ons apply, and lesser of 100% of billed charges",11080,,,,,,,Case Rate,". Primary procedure pays at 100%, secondary at 50%, all subsequent at 25%.  Lesser of applies when negotiated rates exceed charges less addons.",16383.1,,,,,,,Case Rate,". MPL 100/50/25% all add ons apply, and lesser of 100% of billed charges",11080,,,,,,,Case Rate,". Primary procedure pays at 100%, secondary at 50%, all subsequent at 25%.  Lesser of applies when negotiated rates exceed charges less addons.",16383.1,,,,,,,Case Rate,". MPL 100/50/25% all add ons apply, and lesser of 100% of billed charges",14557,,,,,,,Case Rate,". MPL 100/50/25% all add ons apply, and lesser of 100% of billed charges",14557,,,,,,,Case Rate,". MPL 100/50/25% all add ons apply, and lesser of 100% of billed charges",14557,,,,,,,Case Rate,". MPL 100/50/25% all add ons apply, and lesser of 100% of billed charges",14557,,,,,,,Case Rate,". MPL 100/50/25% all add ons apply, and lesser of 100% of billed charges",6015.45,,,,,,,Case Rate,"100% Medicare OPPS FS. ",1940.96,16383.1,
53451,CPT,,,490,RC,TPRNL BALO CNTNC DEV BI,,,both,,,,46323,,,,,,,Case Rate,". MPL 1st 100% of Payment Rate 50% of all others, all add ons apply, and lesser of 100% of billed charges.",46323,,,,,,,Case Rate,". MPL 1st 100% of Payment Rate 50% of all others, all add ons apply, and lesser of 100% of billed charges.",11080,,,,,,,Case Rate,". Primary procedure pays at 100%, secondary at 50%, all subsequent at 25%.  Lesser of applies when negotiated rates exceed charges less addons.",,100,,,,,0,percent of total billed charges,100 percent of billed charges; No services were performed during the 15 month look back period.,15373.93,,,,,,,Case Rate,"100% Medicare OPPS FS. ",11080,,,,,,,Case Rate,". Primary procedure pays at 100%, secondary at 50%, all subsequent at 25%.  Lesser of applies when negotiated rates exceed charges less addons.",11080,,,,,,,Case Rate,". Primary procedure pays at 100%, secondary at 50%, all subsequent at 25%.  Lesser of applies when negotiated rates exceed charges less addons.",11080,,,,,,,Case Rate,". Primary procedure pays at 100%, secondary at 50%, all subsequent at 25%.  Lesser of applies when negotiated rates exceed charges less addons.",3975.2,,,,,,,Case Rate,"100 Percent of Medicaid APG. ",3312.66,,,,,,,Case Rate,"100 Percent of Medicaid APG. ",,78,,,,,0,percent of total billed charges,78 percent of billed charges; No services were performed during the 15 month look back period.,20884.09,,,,,,,Case Rate,". MPL 100/50/25% all add ons apply, and lesser of 100% of billed charges",3312.66,,,,,,,Case Rate,"100 Percent of Medicaid APG. ",15373.93,,,,,,,Case Rate,"100% Medicare OPPS FS. ",13781,,,,,,,Case Rate,". MPL 100/50/25% maxmium of 3 procedures. All add ons apply, and lesser of 100% of billed charges",13781,,,,,,,Case Rate,". MPL 100/50/25% maxmium of 3 procedures. All add ons apply, and lesser of 100% of billed charges",13781,,,,,,,Case Rate,". MPL 100/50/25% maxmium of 3 procedures. All add ons apply, and lesser of 100% of billed charges",13781,,,,,,,Case Rate,". MPL 100/50/25% maxmium of 3 procedures. All add ons apply, and lesser of 100% of billed charges",3312.66,,,,,,,Case rate,124 Percent of Medicaid APG. Covered services not payable under Medicaid Fee Schedules default to a payment of 50 percent of charges.,15373.93,,,,,,,Case Rate,"100% Medicare OPPS FS. ",3312.66,,,,,,,Case rate,124 Percent of Medicaid APG. Covered services not payable under Medicaid Fee Schedules default to a payment of 50 percent of charges.,,78,,,,,0,percent of total billed charges,78 percent of billed charges; No services were performed during the 15 month look back period.,11080,,,,,,,Case Rate,". Primary procedure pays at 100%, secondary at 50%, all subsequent at 25%.  Lesser of applies when negotiated rates exceed charges less addons.",15373.93,,,,,,,Case Rate,"100%Medicare OPPS FS. ",12741,,,,,,,Case Rate,". Primary procedure pays at 100%, all subsequent at 50%.",15373.93,,,,,,,Case Rate,"100%Medicare OPPS FS. ",15373.93,,,,,,,Case Rate,"100%Medicare OPPS FS. ",,78,,,,,0,percent of total billed charges,78 percent of billed charges; No services were performed during the 15 month look back period.,795.93,,,,,,,Fee Schedule,90 Percent of Medicare RBRVS. Lesser of 100% of billed charges applies.,795.93,,,,,,,Fee Schedule,90 Percent of Medicare RBRVS. Lesser of 100% of billed charges applies.,3312.66,,,,,,,Case rate,"100 Percent of Medicaid APG. ",3312.66,,,,,,,Case rate,"100 Percent of Medicaid APG. ",12741,,,,,,,Case Rate,". Primary procedure pays at 100%, all subsequent at 50%.",12741,,,,,,,Case Rate,". Primary procedure pays at 100%, all subsequent at 50%.",3312.66,,,,,,,Case Rate,"100 Percent of Medicaid APG. Not APG payable, or payable under another fee schedule like ASP/AWP pays at 30% of charges",12741,,,,,,,Case Rate,". Primary procedure pays at 100%, all subsequent at 50%.",3312.66,,,,,,,Case Rate,"100 Percent of Medicaid APG. Not APG payable, or payable under another fee schedule like ASP/AWP pays at 30% of charges",15373.93,,,,,,,Case Rate,"100%Medicare OPPS FS. ",12741,,,,,,,Case Rate,". Primary procedure pays at 100%, all subsequent at 50%.",,78,,,,,0,percent of total billed charges,78 percent of billed charges; No services were performed during the 15 month look back period.,3312.66,,,,,,,Case Rate,"100 Percent of Medicaid APG. ",3312.66,,,,,,,Case Rate,"100 Percent of Medicaid APG. ",,78,,,,,0,percent of total billed charges,78 percent of billed charges; No services were performed during the 15 month look back period.,13781,,,,,,,Case Rate,". MPL 100/50/25% maxmium of 3 procedures. All add ons apply, and lesser of 100% of billed charges",18000,,,,,,,Case Rate,". MPL 100/50/25% all add ons apply, and lesser of 100% of billed charges",18000,,,,,,,Case Rate,". MPL 100/50/25% all add ons apply, and lesser of 100% of billed charges",,78,,,,,0,percent of total billed charges,78 percent of billed charges; No services were performed during the 15 month look back period.,15373.93,,,,,,,Case Rate,"100% Medicare OPPS FS. ",20884.09,,,,,,,Case Rate,". MPL 100/50/25% all add ons apply, and lesser of 100% of billed charges",20884.09,,,,,,,Case Rate,". MPL 100/50/25% all add ons apply, and lesser of 100% of billed charges",20884.09,,,,,,,Case Rate,". MPL 100/50/25% all add ons apply, and lesser of 100% of billed charges",15373.93,,,,,,,Case Rate,"100% Medicare OPPS FS. ",20884.09,,,,,,,Case Rate,". MPL 100/50/25% all add ons apply, and lesser of 100% of billed charges",20884.09,,,,,,,Case Rate,". MPL 100/50/25% all add ons apply, and lesser of 100% of billed charges",15373.93,,,,,,,Case Rate,"100% of Medicare OPPS. ",25798,,,,,,,Case Rate,". MPL 100/75/50% all add ons apply, and lesser of 100% of billed charges",29589,,,,,,,Case Rate,". MPL 100/50/25% all add ons apply, and lesser of 100% of billed charges",29589,,,,,,,Case Rate,". MPL 100/50/25% all add ons apply, and lesser of 100% of billed charges",29589,,,,,,,Case Rate,". MPL 100/50/25% all add ons apply, and lesser of 100% of billed charges",29589,,,,,,,Case Rate,". MPL 100/50/25% all add ons apply, and lesser of 100% of billed charges",29589,,,,,,,Case Rate,". MPL 100/50/25% all add ons apply, and lesser of 100% of billed charges",29589,,,,,,,Case Rate,". MPL 100/50/25% all add ons apply, and lesser of 100% of billed charges",15373.93,,,,,,,Case Rate,"100% Medicare OPPS FS. ",15373.93,,,,,,,Case Rate,"100% Medicare OPPS FS. ",29589,,,,,,,Case Rate,". MPL 100/50/25% all add ons apply, and lesser of 100% of billed charges",,78,,,,,0,percent of total billed charges,78 percent of billed charges; No services were performed during the 15 month look back period.,,78,,,,,0,percent of total billed charges,78 percent of billed charges; No services were performed during the 15 month look back period.,,78,,,,,0,percent of total billed charges,78 percent of billed charges; No services were performed during the 15 month look back period.,,78,,,,,0,percent of total billed charges,78 percent of billed charges; No services were performed during the 15 month look back period.,,78,,,,,0,percent of total billed charges,78 percent of billed charges; No services were performed during the 15 month look back period.,,78,,,,,0,percent of total billed charges,78 percent of billed charges; No services were performed during the 15 month look back period.,,78,,,,,0,percent of total billed charges,78 percent of billed charges; No services were performed during the 15 month look back period.,,78,,,,,0,percent of total billed charges,78 percent of billed charges; No services were performed during the 15 month look back period.,,78,,,,,0,percent of total billed charges,78 percent of billed charges; No services were performed during the 15 month look back period.,,78,,,,,0,percent of total billed charges,78 percent of billed charges; No services were performed during the 15 month look back period.,,78,,,,,0,percent of total billed charges,78 percent of billed charges; No services were performed during the 15 month look back period.,,78,,,,,0,percent of total billed charges,78 percent of billed charges; No services were performed during the 15 month look back period.,,78,,,,,0,percent of total billed charges,78 percent of billed charges; No services were performed during the 15 month look back period.,,78,,,,,0,percent of total billed charges,78 percent of billed charges; No services were performed during the 15 month look back period.,,78,,,,,0,percent of total billed charges,78 percent of billed charges; No services were performed during the 15 month look back period.,,78,,,,,0,percent of total billed charges,78 percent of billed charges; No services were performed during the 15 month look back period.,,78,,,,,0,percent of total billed charges,78 percent of billed charges; No services were performed during the 15 month look back period.,,78,,,,,0,percent of total billed charges,78 percent of billed charges; No services were performed during the 15 month look back period.,,78,,,,,0,percent of total billed charges,78 percent of billed charges; No services were performed during the 15 month look back period.,,78,,,,,0,percent of total billed charges,78 percent of billed charges; No services were performed during the 15 month look back period.,,78,,,,,0,percent of total billed charges,78 percent of billed charges; No services were performed during the 15 month look back period.,,78,,,,,0,percent of total billed charges,78 percent of billed charges; No services were performed during the 15 month look back period.,,78,,,,,0,percent of total billed charges,78 percent of billed charges; No services were performed during the 15 month look back period.,,78,,,,,0,percent of total billed charges,78 percent of billed charges; No services were performed during the 15 month look back period.,,78,,,,,0,percent of total billed charges,78 percent of billed charges; No services were performed during the 15 month look back period.,,78,,,,,0,percent of total billed charges,78 percent of billed charges; No services were performed during the 15 month look back period.,12741,,,,,,,Case Rate,". Primary procedure pays at 100%, all subsequent at 50%.",12741,,,,,,,Case Rate,". Primary procedure pays at 100%, all subsequent at 50%.",12741,,,,,,,Case Rate,". Primary procedure pays at 100%, all subsequent at 50%.",12741,,,,,,,Case Rate,". Primary procedure pays at 100%, all subsequent at 50%.",17692,,,,,,,Case Rate,". Primary procedure pays at 100%, all subsequent at 50%.",17692,,,,,,,Case Rate,". Primary procedure pays at 100%, all subsequent at 50%.",13781,,,,,,,Case Rate,". MPL 100/50/25% maxmium of 3 procedures. All add ons apply, and lesser of 100% of billed charges",29589,,,,,,,Case Rate,". MPL 100/50/25% all add ons apply, and lesser of 100% of billed charges",20884.09,,,,,,,Case Rate,". MPL 100/50/25% all add ons apply, and lesser of 100% of billed charges",29589,,,,,,,Case Rate,". MPL 100/50/25% all add ons apply, and lesser of 100% of billed charges",,78,,,,,0,percent of total billed charges,78 percent of billed charges; No services were performed during the 15 month look back period.,17692,,,,,,,Case Rate,". Primary procedure pays at 100%, all subsequent at 50%.",29589,,,,,,,Case Rate,". MPL 100/50/25% all add ons apply, and lesser of 100% of billed charges",20884.09,,,,,,,Case Rate,". MPL 100/50/25% all add ons apply, and lesser of 100% of billed charges",13781,,,,,,,Case Rate,". MPL 100/50/25% maxmium of 3 procedures. All add ons apply, and lesser of 100% of billed charges",,,,,,,,,,,78,,,,,0,percent of total billed charges,78 percent of billed charges; No services were performed during the 15 month look back period.,3312.66,,,,,,,Case Rate,"100 Percent of Medicaid APG. ",12741,,,,,,,Case Rate,". Primary procedure pays at 100%, all subsequent at 50%.",3312.66,,,,,,,Case Rate,"100 Percent of Medicaid APG. Not APG payable, or payable under another fee schedule like ASP/AWP pays at 30% of charges",15373.93,,,,,,,Case Rate,"100%Medicare OPPS FS. ",15373.93,,,,,,,Case Rate,"100% Medicare OPPS FS. ",25798,,,,,,,Case Rate,". MPL 100/75/50% all add ons apply, and lesser of 100% of billed charges",15373.93,,,,,,,Case Rate,"100% Medicare OPPS FS. ",15373.93,,,,,,,Case Rate,"100% Medicare OPPS FS. ",3312.66,,,,,,,Case Rate,"100 Percent of Medicaid APG. ",15373.93,,,,,,,Case Rate,"100% Medicare OPPS FS. ",15373.93,,,,,,,Case Rate,"100% Medicare OPPS FS. ",11080,,,,,,,Case Rate,". Primary procedure pays at 100%, secondary at 50%, all subsequent at 25%.  Lesser of applies when negotiated rates exceed charges less addons.",11080,,,,,,,Case Rate,". Primary procedure pays at 100%, secondary at 50%, all subsequent at 25%.  Lesser of applies when negotiated rates exceed charges less addons.",15373.93,,,,,,,Case Rate,"100% Medicare OPPS FS. ",13781,,,,,,,Case Rate,". MPL 100/50/25% maxmium of 3 procedures. All add ons apply, and lesser of 100% of billed charges",20884.09,,,,,,,Case Rate,". MPL 100/50/25% all add ons apply, and lesser of 100% of billed charges",20884.09,,,,,,,Case Rate,". MPL 100/50/25% all add ons apply, and lesser of 100% of billed charges",15373.93,,,,,,,Case Rate,"100% Medicare OPPS FS. ",13781,,,,,,,Case Rate,". MPL 100/50/25% maxmium of 3 procedures. All add ons apply, and lesser of 100% of billed charges",11080,,,,,,,Case Rate,". Primary procedure pays at 100%, secondary at 50%, all subsequent at 25%.  Lesser of applies when negotiated rates exceed charges less addons.",11080,,,,,,,Case Rate,". Primary procedure pays at 100%, secondary at 50%, all subsequent at 25%.  Lesser of applies when negotiated rates exceed charges less addons.",11080,,,,,,,Case Rate,". Primary procedure pays at 100%, secondary at 50%, all subsequent at 25%.  Lesser of applies when negotiated rates exceed charges less addons.",,78,,,,,0,percent of total billed charges,78 percent of billed charges; No services were performed during the 15 month look back period.,,78,,,,,0,percent of total billed charges,78 percent of billed charges; No services were performed during the 15 month look back period.,,78,,,,,0,percent of total billed charges,78 percent of billed charges; No services were performed during the 15 month look back period.,,78,,,,,0,percent of total billed charges,78 percent of billed charges; No services were performed during the 15 month look back period.,,78,,,,,0,percent of total billed charges,78 percent of billed charges; No services were performed during the 15 month look back period.,,78,,,,,0,percent of total billed charges,78 percent of billed charges; No services were performed during the 15 month look back period.,,78,,,,,0,percent of total billed charges,78 percent of billed charges; No services were performed during the 15 month look back period.,,78,,,,,0,percent of total billed charges,78 percent of billed charges; No services were performed during the 15 month look back period.,,78,,,,,0,percent of total billed charges,78 percent of billed charges; No services were performed during the 15 month look back period.,,78,,,,,0,percent of total billed charges,78 percent of billed charges; No services were performed during the 15 month look back period.,,78,,,,,0,percent of total billed charges,78 percent of billed charges; No services were performed during the 15 month look back period.,17692,,,,,,,Case Rate,". Primary procedure pays at 100%, all subsequent at 50%.",29589,,,,,,,Case Rate,". MPL 100/50/25% all add ons apply, and lesser of 100% of billed charges",13781,,,,,,,Case Rate,". MPL 100/50/25% maxmium of 3 procedures. All add ons apply, and lesser of 100% of billed charges",15373.93,,,,,,,Case Rate,"100% Medicare OPPS FS. ",11080,,,,,,,Case Rate,". Primary procedure pays at 100%, secondary at 50%, all subsequent at 25%.  Lesser of applies when negotiated rates exceed charges less addons.",13781,,,,,,,Case Rate,". MPL 100/50/25% maxmium of 3 procedures. All add ons apply, and lesser of 100% of billed charges",13781,,,,,,,Case Rate,". MPL 100/50/25% maxmium of 3 procedures. All add ons apply, and lesser of 100% of billed charges",,78,,,,,0,percent of total billed charges,78 percent of billed charges; No services were performed during the 15 month look back period.,7089.1,,,,,,,Case Rate,"214 Percent of Medicaid APG. Drugs not priced under APG, billed with revenue code 636 and not priced by Medicare ASP FeeSched will be reimbursed at 20% of charges.",13781,,,,,,,Case Rate,". MPL 100/50/25% maxmium of 3 procedures. All add ons apply, and lesser of 100% of billed charges",3312.66,,,,,,,Case Rate,"100 Percent of Medicaid APG. ",15373.93,,,,,,,Case Rate,"100% Medicare OPPS FS. ",15373.93,,,,,,,Case Rate,"100% Medicare OPPS FS. ",15373.93,,,,,,,Case Rate,"100% Medicare OPPS FS. ",15373.93,,,,,,,Case Rate,"100% Medicare OPPS FS. ",15373.93,,,,,,,Case Rate,"100% Medicare OPPS FS. ",15373.93,,,,,,,Case Rate,"100% Medicare OPPS FS. ",13781,,,,,,,Case Rate,". MPL 100/50/25% maxmium of 3 procedures. All add ons apply, and lesser of 100% of billed charges",25798,,,,,,,Case Rate,". MPL 100/75/50% all add ons apply, and lesser of 100% of billed charges",5962.79,,,,,,,Fee Schedule,"180 Percent of Medicaid APG. ",5962.79,,,,,,,Fee Schedule,"180 Percent of Medicaid APG. ",5962.79,,,,,,,Fee Schedule,"180 Percent of Medicaid APG. ",5962.79,,,,,,,Fee Schedule,"180 Percent of Medicaid APG. ",5962.79,,,,,,,Fee Schedule,"180 Percent of Medicaid APG. ",,,,,,,,,,25798,,,,,,,Case Rate,". MPL 100/75/50% all add ons apply, and lesser of 100% of billed charges",30440.38,,,,,,,Case Rate,198 Percent of Medicare OPPS. Metroplus will reimburse unlisted codes and described codes with no Medicare rate at 50 percent of charges.,30440.38,,,,,,,Case Rate,198 Percent of Medicare OPPS. Metroplus will reimburse unlisted codes and described codes with no Medicare rate at 50 percent of charges.,30440.38,,,,,,,Case Rate,198 Percent of Medicare OPPS. Metroplus will reimburse unlisted codes and described codes with no Medicare rate at 50 percent of charges.,30440.38,,,,,,,Case Rate,198 Percent of Medicare OPPS. Metroplus will reimburse unlisted codes and described codes with no Medicare rate at 50 percent of charges.,30440.38,,,,,,,Case Rate,198 Percent of Medicare OPPS. Metroplus will reimburse unlisted codes and described codes with no Medicare rate at 50 percent of charges.,15373.93,,,,,,,Case Rate,"100% Medicare OPPS FS. ",17692,,,,,,,Case Rate,". Primary procedure pays at 100%, all subsequent at 50%.",17692,,,,,,,Case Rate,". Primary procedure pays at 100%, all subsequent at 50%.",17692,,,,,,,Case Rate,". Primary procedure pays at 100%, all subsequent at 50%.",17692,,,,,,,Case Rate,". Primary procedure pays at 100%, all subsequent at 50%.",11080,,,,,,,Case Rate,". Primary procedure pays at 100%, secondary at 50%, all subsequent at 25%.  Lesser of applies when negotiated rates exceed charges less addons.",11080,,,,,,,Case Rate,". Primary procedure pays at 100%, secondary at 50%, all subsequent at 25%.  Lesser of applies when negotiated rates exceed charges less addons.",11080,,,,,,,Case Rate,". Primary procedure pays at 100%, secondary at 50%, all subsequent at 25%.  Lesser of applies when negotiated rates exceed charges less addons.",11080,,,,,,,Case Rate,". Primary procedure pays at 100%, secondary at 50%, all subsequent at 25%.  Lesser of applies when negotiated rates exceed charges less addons.",25798,,,,,,,Case Rate,". MPL 100/75/50% all add ons apply, and lesser of 100% of billed charges",25798,,,,,,,Case Rate,". MPL 100/75/50% all add ons apply, and lesser of 100% of billed charges",15373.93,,,,,,,Case Rate,"100% Medicare OPPS FS. ",15373.93,,,,,,,Case Rate,"100% Medicare OPPS FS. ",15373.93,,,,,,,Case Rate,"100% Medicare OPPS FS. ",29589,,,,,,,Case Rate,". MPL 100/50/25% all add ons apply, and lesser of 100% of billed charges",29589,,,,,,,Case Rate,". MPL 100/50/25% all add ons apply, and lesser of 100% of billed charges",29589,,,,,,,Case Rate,". MPL 100/50/25% all add ons apply, and lesser of 100% of billed charges",25798,,,,,,,Case Rate,". MPL 100/75/50% all add ons apply, and lesser of 100% of billed charges",11080,,,,,,,Case Rate,". Primary procedure pays at 100%, secondary at 50%, all subsequent at 25%.  Lesser of applies when negotiated rates exceed charges less addons.",15373.93,,,,,,,Case Rate,"100% Medicare OPPS FS. ",29589,,,,,,,Case Rate,". MPL 100/50/25% all add ons apply, and lesser of 100% of billed charges",3312.66,,,,,,,Case Rate,"100 Percent of Medicaid APG. ",15681.41,,,,,,,Case Rate,"102% of Medicare OPPS. ",15681.41,,,,,,,Case Rate,"102% of Medicare OPPS. ",15681.41,,,,,,,Case Rate,"102% of Medicare OPPS. ",3312.66,,,,,,,Case rate,"100 Percent of Medicaid APG. ",7453.49,,,,,,,Fee Schedule,225% of NYS APG. Lesser of 100% of billed charges applies.,7453.49,,,,,,,Fee Schedule,225% of NYS APG. Lesser of 100% of billed charges applies.,7453.49,,,,,,,Fee Schedule,225% of NYS APG. Lesser of 100% of billed charges applies.,7453.49,,,,,,,Fee Schedule,225% of NYS APG. Lesser of 100% of billed charges applies.,7453.49,,,,,,,Fee Schedule,225% of NYS APG. Lesser of 100% of billed charges applies.,15681.41,,,,,,,Case Rate,"102% of Medicare OPPS. ",3312.66,,,,,,,Case Rate,"100 Percent of Medicaid APG. ",795.93,,,,,,,Fee Schedule,90 Percent of Medicare RBRVS. Lesser of 100% of billed charges applies.,7453.49,,,,,,,Fee Schedule,225% of NYS APG. Lesser of 100% of billed charges applies.,7453.49,,,,,,,Fee Schedule,225% of NYS APG. Lesser of 100% of billed charges applies.,795.93,,,,,,,Fee Schedule,90 Percent of Medicare RBRVS. Lesser of 100% of billed charges applies.,795.93,,,,,,,Fee Schedule,90 Percent of Medicare RBRVS. Lesser of 100% of billed charges applies.,5962.79,,,,,,,Fee Schedule,"180 Percent of Medicaid APG. ",15373.93,,,,,,,Case Rate,"100% Medicare OPPS FS. ",15373.93,,,,,,,Case Rate,"100% Medicare OPPS FS. ",11080,,,,,,,Case Rate,". Primary procedure pays at 100%, secondary at 50%, all subsequent at 25%.  Lesser of applies when negotiated rates exceed charges less addons.",15373.93,,,,,,,Case Rate,"100% Medicare OPPS FS. ",7453.49,,,,,,,Case Rate,"225 Percent of Medicaid APG. ",7453.49,,,,,,,Case Rate,"225 Percent of Medicaid APG. ",3312.66,,,,,,,Case rate,"100 Percent of Medicaid APG. ",3312.66,,,,,,,Case rate,"100 Percent of Medicaid APG. ",7453.49,,,,,,,Case Rate,225 Percent of Medicaid APG. Covered services not payable under Medicaid Fee Schedules default to a payment of 87.5 percent of charges.,3312.66,,,,,,,Case rate,124 Percent of Medicaid APG. Covered services not payable under Medicaid Fee Schedules default to a payment of 50 percent of charges.,7453.49,,,,,,,Case Rate,"100 Percent of Medicaid APG. ",7453.49,,,,,,,Case Rate,"100 Percent of Medicaid APG. ",7453.49,,,,,,,Case Rate,"100 Percent of Medicaid APG. ",7453.49,,,,,,,Case Rate,"100 Percent of Medicaid APG. ",13453,,,,,,,Case Rate,". MPL 100/75/50% all add ons apply, and lesser of 100% of billed charges",25798,,,,,,,Case Rate,". MPL 100/75/50% all add ons apply, and lesser of 100% of billed charges",3975.2,,,,,,,Case Rate,"120 Percent of Medicaid APG. Not APG payable, or payable under another fee schedule like ASP/AWP pays at 30% of charges",3975.2,,,,,,,Case Rate,"120 Percent of Medicaid APG. Not APG payable, or payable under another fee schedule like ASP/AWP pays at 30% of charges",3312.66,,,,,,,Case Rate,"100 Percent of Medicaid APG. Not APG payable, or payable under another fee schedule like ASP/AWP pays at 30% of charges",3312.66,,,,,,,Case Rate,"100 Percent of Medicaid APG. Not APG payable, or payable under another fee schedule like ASP/AWP pays at 30% of charges",29589,,,,,,,Case Rate,". MPL 100/50/25% all add ons apply, and lesser of 100% of billed charges",29589,,,,,,,Case Rate,". MPL 100/50/25% all add ons apply, and lesser of 100% of billed charges",15373.93,,,,,,,Case Rate,"100% Medicare OPPS FS. ",29589,,,,,,,Case Rate,". MPL 100/50/25% all add ons apply, and lesser of 100% of billed charges",29589,,,,,,,Case Rate,". MPL 100/50/25% all add ons apply, and lesser of 100% of billed charges",29589,,,,,,,Case Rate,". MPL 100/50/25% all add ons apply, and lesser of 100% of billed charges",29589,,,,,,,Case Rate,". MPL 100/50/25% all add ons apply, and lesser of 100% of billed charges",15373.93,,,,,,,Case Rate,"100% Medicare OPPS FS. ",29589,,,,,,,Case Rate,". MPL 100/50/25% all add ons apply, and lesser of 100% of billed charges",29589,,,,,,,Case Rate,". MPL 100/50/25% all add ons apply, and lesser of 100% of billed charges",11080,,,,,,,Case Rate,". Primary procedure pays at 100%, secondary at 50%, all subsequent at 25%.  Lesser of applies when negotiated rates exceed charges less addons.",3312.66,,,,,,,Fee Schedule,100% APG. Lesser of 100% of billed charges applies.,3312.66,,,,,,,Case rate,124 Percent of Medicaid APG. Covered services not payable under Medicaid Fee Schedules default to a payment of 50 percent of charges.,7453.49,,,,,,,Fee Schedule,225% of NYS APG. Lesser of 100% of billed charges applies.,7453.49,,,,,,,Case Rate,225 Percent of Medicaid APG. Covered services not payable under Medicaid Fee Schedules default to a payment of 87.5 percent of charges.,3312.66,,,,,,,Case rate,124 Percent of Medicaid APG. Covered services not payable under Medicaid Fee Schedules default to a payment of 50 percent of charges.,7453.49,,,,,,,Fee Schedule,225% of NYS APG. Lesser of 100% of billed charges applies.,7453.49,,,,,,,Fee Schedule,225% of NYS APG. Lesser of 100% of billed charges applies.,7453.49,,,,,,,Fee Schedule,225% of NYS APG. Lesser of 100% of billed charges applies.,7453.49,,,,,,,Fee Schedule,225% of NYS APG. Lesser of 100% of billed charges applies.,7453.49,,,,,,,Fee Schedule,225% of NYS APG. Lesser of 100% of billed charges applies.,7453.49,,,,,,,Fee Schedule,225% of NYS APG. Lesser of 100% of billed charges applies.,,,,,,,,,,,,,,,,,,,,,,,,,,,,13781,,,,,,,Case Rate,". MPL 100/50/25% maxmium of 3 procedures. All add ons apply, and lesser of 100% of billed charges",,,,,,,,,,15373.93,,,,,,,Case Rate,"100% Medicare OPPS FS. ",46323,,,,,,,Case Rate,". MPL 1st 100% of Payment Rate 50% of all others, all add ons apply, and lesser of 100% of billed charges.",15373.93,,,,,,,Case Rate,"100% Medicare OPPS FS. ",15373.93,,,,,,,Case Rate,"100% Medicare OPPS FS. ",3975.2,,,,,,,Case Rate,"120 Percent of Medicaid APG. Not APG payable, or payable under another fee schedule like ASP/AWP pays at 30% of charges",3975.2,,,,,,,Case Rate,"120 Percent of Medicaid APG. Not APG payable, or payable under another fee schedule like ASP/AWP pays at 30% of charges",3312.66,,,,,,,Case Rate,"100 Percent of Medicaid APG. Not APG payable, or payable under another fee schedule like ASP/AWP pays at 30% of charges",3312.66,,,,,,,Case Rate,"100 Percent of Medicaid APG. Not APG payable, or payable under another fee schedule like ASP/AWP pays at 30% of charges",3312.66,,,,,,,Case Rate,"100 Percent of Medicaid APG. ",10830,,,,,,,Case Rate,". ",11080,,,,,,,Case Rate,". Primary procedure pays at 100%, secondary at 50%, all subsequent at 25%.  Lesser of applies when negotiated rates exceed charges less addons.",12741,,,,,,,Case Rate,". Primary procedure pays at 100%, all subsequent at 50%.",13781,,,,,,,Case Rate,". MPL 100/50/25% maxmium of 3 procedures. All add ons apply, and lesser of 100% of billed charges",15373.93,,,,,,,Case Rate,"100%Medicare OPPS FS. ",15373.93,,,,,,,Case Rate,"100% Medicare OPPS FS. ",15373.93,,,,,,,Case Rate,"100% Medicare OPPS FS. ",15373.93,,,,,,,Case Rate,"100% Medicare OPPS FS. ",15373.93,,,,,,,Case Rate,"100%Medicare OPPS FS. ",15373.93,,,,,,,Case Rate,"100% Medicare OPPS FS. ",,,,,,,,,,7453.49,,,,,,,Fee Schedule,225% of NYS APG. Lesser of 100% of billed charges applies.,795.93,,,,,,,Fee Schedule,90 Percent of Medicare RBRVS. Lesser of 100% of billed charges applies.,29589,,,,,,,Case Rate,". MPL 100/50/25% all add ons apply, and lesser of 100% of billed charges",10830,,,,,,,Case Rate,". ",10830,,,,,,,Case Rate,". ",10830,,,,,,,Case Rate,". ",10830,,,,,,,Case Rate,". ",15373.93,,,,,,,Case Rate,"100% Medicare OPPS FS. ",3312.66,,,,,,,Case Rate,"100 Percent of Medicaid APG. ",29589,,,,,,,Case Rate,". MPL 100/50/25% all add ons apply, and lesser of 100% of billed charges",3312.66,,,,,,,Case Rate,"100 Percent of Medicaid APG. ",15373.93,,,,,,,Case Rate,"100% Medicare OPPS FS. ",3312.66,,,,,,,Case Rate,"100 Percent of Medicaid APG. ",15373.93,,,,,,,Case Rate,"100% Medicare OPPS FS. ",15373.93,,,,,,,Case Rate,"100% Medicare OPPS FS. ",3312.66,,,,,,,Case Rate,"100 Percent of Medicaid APG. ",3312.66,,,,,,,Case Rate,"100 Percent of Medicaid APG. ",10830,,,,,,,Case Rate,". ",13781,,,,,,,Case Rate,". MPL 100/50/25% maxmium of 3 procedures. All add ons apply, and lesser of 100% of billed charges",,78,,,,,0,percent of total billed charges,78 percent of billed charges; No services were performed during the 15 month look back period.,20884.09,,,,,,,Case Rate,". MPL 100/50/25% all add ons apply, and lesser of 100% of billed charges",20884.09,,,,,,,Case Rate,". MPL 100/50/25% all add ons apply, and lesser of 100% of billed charges",11080,,,,,,,Case Rate,". Primary procedure pays at 100%, secondary at 50%, all subsequent at 25%.  Lesser of applies when negotiated rates exceed charges less addons.",10487.47,,,,,,,Case Rate,"83% HF Fee schedule. ",17692,,,,,,,Case Rate,". Primary procedure pays at 100%, all subsequent at 50%.",17692,,,,,,,Case Rate,". Primary procedure pays at 100%, all subsequent at 50%.",23671,,,,,,,Case Rate,". MPL 100/50/25% all add ons apply, and lesser of 100% of billed charges",23671,,,,,,,Case Rate,". MPL 100/50/25% all add ons apply, and lesser of 100% of billed charges",15373.93,,,,,,,Case Rate,"100% Medicare OPPS FS. ",15373.93,,,,,,,Case Rate,"100% Medicare OPPS FS. ",15373.93,,,,,,,Case Rate,"100% Medicare OPPS FS. ",15373.93,,,,,,,Case Rate,"100% Medicare OPPS FS. ",20884.09,,,,,,,Case Rate,". MPL 100/50/25% all add ons apply, and lesser of 100% of billed charges",29589,,,,,,,Case Rate,". MPL 100/50/25% all add ons apply, and lesser of 100% of billed charges",29589,,,,,,,Case Rate,". MPL 100/50/25% all add ons apply, and lesser of 100% of billed charges",15373.93,,,,,,,Case Rate,"100% Medicare OPPS FS. ",23671,,,,,,,Case Rate,". MPL 100/50/25% all add ons apply, and lesser of 100% of billed charges",12741,,,,,,,Case Rate,". Primary procedure pays at 100%, all subsequent at 50%.",3975.2,,,,,,,Fee Schedule,"120 Percent of Medicaid APG. ",3312.66,,,,,,,Case Rate,"100 Percent of Medicaid APG. ",10830,,,,,,,Case Rate,". ",26630,,,,,,,Case Rate,". MPL 100/50/25% all add ons apply, and lesser of 100% of billed charges",26630,,,,,,,Case Rate,". MPL 100/50/25% all add ons apply, and lesser of 100% of billed charges",29589,,,,,,,Case Rate,". MPL 100/50/25% all add ons apply, and lesser of 100% of billed charges",14948,,,,,,,Case Rate,". MPL 100/75/50% all add ons apply, and lesser of 100% of billed charges",15373.93,,,,,,,Case Rate,"100%Medicare OPPS FS. ",3478.3,,,,,,,Fee Schedule,105 percent of Medicaid APG. otherwise 105% of Ordered NYS MCD FS or 105% of ASP+6%,3478.3,,,,,,,Fee Schedule,105 percent of Medicaid APG. otherwise 105% of Ordered NYS MCD FS or 105% of ASP+6%,3478.3,,,,,,,Fee Schedule,105 percent of Medicaid APG. otherwise 105% of Ordered NYS MCD FS or 105% of ASP+6%,4472.09,,,,,,,Fee Schedule,135 percent of Medicaid APG. otherwise 135% of Ordered NYS MCD FS or 135% of ASP+6%,20884.09,,,,,,,Case Rate,". MPL 100/50/25% all add ons apply, and lesser of 100% of billed charges",3478.3,,,,,,,Fee Schedule,105 percent of Medicaid APG. otherwise 105% of Ordered NYS MCD FS or 105% of ASP+6%,3478.3,,,,,,,Fee Schedule,105 percent of Medicaid APG. otherwise 105% of Ordered NYS MCD FS or 105% of ASP+6%,3478.3,,,,,,,Fee Schedule,105 percent of Medicaid APG. otherwise 105% of Ordered NYS MCD FS or 105% of ASP+6%,3478.3,,,,,,,Fee Schedule,105 percent of Medicaid APG. otherwise 105% of Ordered NYS MCD FS or 105% of ASP+6%,3478.3,,,,,,,Fee Schedule,105 percent of Medicaid APG. otherwise 105% of Ordered NYS MCD FS or 105% of ASP+6%,4472.09,,,,,,,Fee Schedule,135 percent of Medicaid APG. otherwise 135% of Ordered NYS MCD FS or 135% of ASP+6%,4472.09,,,,,,,Fee Schedule,135 percent of Medicaid APG. otherwise 135% of Ordered NYS MCD FS or 135% of ASP+6%,15373.93,,,,,,,Case Rate,"100% Medicare OPPS FS. ",20884.09,,,,,,,Case Rate,". MPL 100/50/25% all add ons apply, and lesser of 100% of billed charges",15373.93,,,,,,,Case Rate,"100% Medicare OPPS FS. ",3478.3,,,,,,,Fee Schedule,105 percent of Medicaid APG. otherwise 105% of Ordered NYS MCD FS or 105% of ASP+6%,29589,,,,,,,Case Rate,". MPL 100/50/25% all add ons apply, and lesser of 100% of billed charges",15373.93,,,,,,,Case Rate,"100% Medicare OPPS FS. ",29589,,,,,,,Case Rate,". MPL 100/50/25% all add ons apply, and lesser of 100% of billed charges",29589,,,,,,,Case Rate,". MPL 100/50/25% all add ons apply, and lesser of 100% of billed charges",29589,,,,,,,Case Rate,". MPL 100/50/25% all add ons apply, and lesser of 100% of billed charges",3478.3,,,,,,,Fee Schedule,105 percent of Medicaid APG. otherwise 105% of Ordered NYS MCD FS or 105% of ASP+6%,15373.93,,,,,,,Case Rate,"100% Medicare OPPS FS. ",29589,,,,,,,Case Rate,". MPL 100/50/25% all add ons apply, and lesser of 100% of billed charges",4472.09,,,,,,,Fee Schedule,135 percent of Medicaid APG. otherwise 135% of Ordered NYS MCD FS or 135% of ASP+6%,29589,,,,,,,Case Rate,". MPL 100/50/25% all add ons apply, and lesser of 100% of billed charges",,200,,,,,0,Case Rate,200% of Medicare OPPS. ; No services were performed during the 15 month look back period.,15373.93,,,,,,,Case Rate,"100%Medicare OPPS FS. ",10830,,,,,,,Case Rate,". ",10830,,,,,,,Case Rate,". ",10830,,,,,,,Case Rate,". ",10830,,,,,,,Case Rate,". ",10830,,,,,,,Case Rate,". ",12741,,,,,,,Case Rate,". Primary procedure pays at 100%, all subsequent at 50%.",12741,,,,,,,Case Rate,". Primary procedure pays at 100%, all subsequent at 50%.",10830,,,,,,,Case Rate,". ",10830,,,,,,,Case Rate,". ",10830,,,,,,,Case Rate,". ",10830,,,,,,,Case Rate,". ",10830,,,,,,,Case Rate,". ",15373.93,,,,,,,Case Rate,"100% Medicare OPPS FS. ",12741,,,,,,,Case Rate,". Primary procedure pays at 100%, all subsequent at 50%.",15373.93,,,,,,,Case Rate,"100% Medicare OPPS FS. ",7453.49,,,,,,,Case Rate,"225 Percent of Medicaid APG. If not included in Medicaid APG, then 100 Percent of Manhattan Medicare",3312.66,,,,,,,Case Rate,"100 Percent of Medicaid APG. ",20884.09,,,,,,,Case Rate,". MPL 100/50/25% all add ons apply, and lesser of 100% of billed charges",20884.09,,,,,,,Case Rate,". MPL 100/50/25% all add ons apply, and lesser of 100% of billed charges",15373.93,,,,,,,Case Rate,"100% Medicare OPPS FS. ",17692,,,,,,,Case Rate,". Primary procedure pays at 100%, all subsequent at 50%.",15373.93,,,,,,,Case Rate,"100% Medicare OPPS FS. ",15373.93,,,,,,,Case Rate,"100% Medicare OPPS FS. ",11080,,,,,,,Case Rate,". Primary procedure pays at 100%, secondary at 50%, all subsequent at 25%.  Lesser of applies when negotiated rates exceed charges less addons.",15373.93,,,,,,,Case Rate,"100% Medicare OPPS FS. ",13781,,,,,,,Case Rate,". MPL 100/50/25% maxmium of 3 procedures. All add ons apply, and lesser of 100% of billed charges",15373.93,,,,,,,Case Rate,"100% Medicare OPPS FS. ",13781,,,,,,,Case Rate,". MPL 100/50/25% maxmium of 3 procedures. All add ons apply, and lesser of 100% of billed charges",11080,,,,,,,Case Rate,". Primary procedure pays at 100%, secondary at 50%, all subsequent at 25%.  Lesser of applies when negotiated rates exceed charges less addons.",13781,,,,,,,Case Rate,". MPL 100/50/25% maxmium of 3 procedures. All add ons apply, and lesser of 100% of billed charges",15373.93,,,,,,,Case Rate,"100% Medicare OPPS FS. ",3312.66,,,,,,,Case Rate,"100 Percent of Medicaid APG. ",15373.93,,,,,,,Case Rate,"100% Medicare OPPS FS. ",13781,,,,,,,Case Rate,". MPL 100/50/25% maxmium of 3 procedures. All add ons apply, and lesser of 100% of billed charges",20884.09,,,,,,,Case Rate,". MPL 100/50/25% all add ons apply, and lesser of 100% of billed charges",3312.66,,,,,,,Case Rate,"100 Percent of Medicaid APG. ",29589,,,,,,,Case Rate,". MPL 100/50/25% all add ons apply, and lesser of 100% of billed charges",3975.2,,,,,,,Fee Schedule,"120 Percent of Medicaid APG. ",3975.2,,,,,,,Fee Schedule,"120 Percent of Medicaid APG. ",29589,,,,,,,Case Rate,". MPL 100/50/25% all add ons apply, and lesser of 100% of billed charges",29589,,,,,,,Case Rate,". MPL 100/50/25% all add ons apply, and lesser of 100% of billed charges",29589,,,,,,,Case Rate,". MPL 100/50/25% all add ons apply, and lesser of 100% of billed charges",20884.09,,,,,,,Case Rate,". MPL 100/50/25% all add ons apply, and lesser of 100% of billed charges",29589,,,,,,,Case Rate,". MPL 100/50/25% all add ons apply, and lesser of 100% of billed charges",29589,,,,,,,Case Rate,". MPL 100/50/25% all add ons apply, and lesser of 100% of billed charges",29589,,,,,,,Case Rate,". MPL 100/50/25% all add ons apply, and lesser of 100% of billed charges",10830,,,,,,,Case Rate,". ",10830,,,,,,,Case Rate,". ",30440.38,,,,,,,Case Rate,198 Percent of Medicare OPPS. Metroplus will reimburse unlisted codes and described codes with no Medicare rate at 50 percent of charges.,3312.66,,,,,,,Case Rate,"100 Percent of Medicaid APG. ",20884.09,,,,,,,Case Rate,". MPL 100/50/25% all add ons apply, and lesser of 100% of billed charges",13781,,,,,,,Case Rate,". MPL 100/50/25% maxmium of 3 procedures. All add ons apply, and lesser of 100% of billed charges",11080,,,,,,,Case Rate,". Primary procedure pays at 100%, secondary at 50%, all subsequent at 25%.  Lesser of applies when negotiated rates exceed charges less addons.",20884.09,,,,,,,Case Rate,". MPL 100/50/25% all add ons apply, and lesser of 100% of billed charges",11080,,,,,,,Case Rate,". Primary procedure pays at 100%, secondary at 50%, all subsequent at 25%.  Lesser of applies when negotiated rates exceed charges less addons.",20884.09,,,,,,,Case Rate,". MPL 100/50/25% all add ons apply, and lesser of 100% of billed charges",29589,,,,,,,Case Rate,". MPL 100/50/25% all add ons apply, and lesser of 100% of billed charges",29589,,,,,,,Case Rate,". MPL 100/50/25% all add ons apply, and lesser of 100% of billed charges",29589,,,,,,,Case Rate,". MPL 100/50/25% all add ons apply, and lesser of 100% of billed charges",29589,,,,,,,Case Rate,". MPL 100/50/25% all add ons apply, and lesser of 100% of billed charges",15373.93,,,,,,,Case Rate,"100% Medicare OPPS FS. ",795.93,46323,
53855,CPT,2024948,LOCAL,361,RC,HC  INSERT PROST URETHRAL STENT,1904.02,361.7638,both,,,,1352,,,,,,,Case Rate,". MPL 1st 100% of Payment Rate 50% of all others, all add ons apply, and lesser of 100% of billed charges.",1352,,,,,,,Case Rate,". MPL 1st 100% of Payment Rate 50% of all others, all add ons apply, and lesser of 100% of billed charges.",6593,,,,,,,Case Rate,". Primary procedure pays at 100%, secondary at 50%, all subsequent at 25%.  Lesser of applies when negotiated rates exceed charges less addons.",1904.02,100,,,,,0,percent of total billed charges,100 percent of billed charges. ; No services were performed during the 15 month look back period.,2424,,,,,,,Case Rate,"100% Medicare OPPS FS. ",6593,,,,,,,Case Rate,". Primary procedure pays at 100%, secondary at 50%, all subsequent at 25%.  Lesser of applies when negotiated rates exceed charges less addons.",6593,,,,,,,Case Rate,". Primary procedure pays at 100%, secondary at 50%, all subsequent at 25%.  Lesser of applies when negotiated rates exceed charges less addons.",6593,,,,,,,Case Rate,". Primary procedure pays at 100%, secondary at 50%, all subsequent at 25%.  Lesser of applies when negotiated rates exceed charges less addons.",1659.63,,,,,,,Case Rate,"100 Percent of Medicaid APG. ",1383.03,,,,,,,Case Rate,"100 Percent of Medicaid APG. ",1485.1356,78,,,,,0,percent of total billed charges,78% of Billed Charges. Lesser of 100% of billed charges applies.; No services were performed during the 15 month look back period.,6091.36,,,,,,,Case Rate,". MPL 100/50/25% all add ons apply, and lesser of 100% of billed charges",1383.03,,,,,,,Case Rate,"100 Percent of Medicaid APG. ",2424,,,,,,,Case Rate,"100% Medicare OPPS FS. ",,,,,,,,Other,". ",,,,,,,,Other,". ",,,,,,,,Other,". ",,,,,,,,Other,". ",1383.03,,,,,,,Case rate,124 Percent of Medicaid APG. Covered services not payable under Medicaid Fee Schedules default to a payment of 50 percent of charges.,2424,,,,,,,Case Rate,"100% Medicare OPPS FS. ",1383.03,,,,,,,Case rate,124 Percent of Medicaid APG. Covered services not payable under Medicaid Fee Schedules default to a payment of 50 percent of charges.,1485.1356,78,,,,,0,percent of total billed charges,78% of Billed Charges. Lesser of 100% of billed charges applies.; No services were performed during the 15 month look back period.,6593,,,,,,,Case Rate,". Primary procedure pays at 100%, secondary at 50%, all subsequent at 25%.  Lesser of applies when negotiated rates exceed charges less addons.",2424,,,,,,,Case Rate,"100%Medicare OPPS FS. ",18638,,,,,,,Case Rate,". Primary procedure pays at 100%, all subsequent at 50%.",2424,,,,,,,Case Rate,"100%Medicare OPPS FS. ",2424,,,,,,,Case Rate,"100%Medicare OPPS FS. ",1485.1356,78,,,,,0,percent of total billed charges,78% of Billed Charges. Lesser of 100% of billed charges applies.; No services were performed during the 15 month look back period.,819.1,,,,,,,Case Rate,100% of PAS. Lesser of 100% of billed charges applies.,819.1,,,,,,,Case Rate,100% of PAS. Lesser of 100% of billed charges applies.,1383.03,,,,,,,Case rate,"100 Percent of Medicaid APG. ",1383.03,,,,,,,Case rate,"100 Percent of Medicaid APG. ",18638,,,,,,,Case Rate,". Primary procedure pays at 100%, all subsequent at 50%.",18638,,,,,,,Case Rate,". Primary procedure pays at 100%, all subsequent at 50%.",1383.03,,,,,,,Case Rate,"100 Percent of Medicaid APG. Not APG payable, or payable under another fee schedule like ASP/AWP pays at 30% of charges",18638,,,,,,,Case Rate,". Primary procedure pays at 100%, all subsequent at 50%.",1383.03,,,,,,,Case Rate,"100 Percent of Medicaid APG. Not APG payable, or payable under another fee schedule like ASP/AWP pays at 30% of charges",2424,,,,,,,Case Rate,"100%Medicare OPPS FS. ",18638,,,,,,,Case Rate,". Primary procedure pays at 100%, all subsequent at 50%.",1485.1356,78,,,,,0,percent of total billed charges,78% of Billed Charges. Lesser of 100% of billed charges applies.; No services were performed during the 15 month look back period.,1383.03,,,,,,,Case Rate,"100 Percent of Medicaid APG. ",1383.03,,,,,,,Case Rate,"100 Percent of Medicaid APG. ",1485.1356,78,,,,,0,percent of total billed charges,78% of Billed Charges. Lesser of 100% of billed charges applies.; No services were performed during the 15 month look back period.,,,,,,,,Other,". ",4757,,,,,,,Case Rate,". MPL 100/50/25% all add ons apply, and lesser of 100% of billed charges",4757,,,,,,,Case Rate,". MPL 100/50/25% all add ons apply, and lesser of 100% of billed charges",1485.1356,78,,,,,0,percent of total billed charges,78% of Billed Charges. Lesser of 100% of billed charges applies.; No services were performed during the 15 month look back period.,2424,,,,,,,Case Rate,"100% Medicare OPPS FS. ",6091.36,,,,,,,Case Rate,". MPL 100/50/25% all add ons apply, and lesser of 100% of billed charges",6091.36,,,,,,,Case Rate,". MPL 100/50/25% all add ons apply, and lesser of 100% of billed charges",6091.36,,,,,,,Case Rate,". MPL 100/50/25% all add ons apply, and lesser of 100% of billed charges",2424,,,,,,,Case Rate,"100% Medicare OPPS FS. ",6091.36,,,,,,,Case Rate,". MPL 100/50/25% all add ons apply, and lesser of 100% of billed charges",6091.36,,,,,,,Case Rate,". MPL 100/50/25% all add ons apply, and lesser of 100% of billed charges",2424,,,,,,,Case Rate,"100% of Medicare OPPS. ",25798,,,,,,,Case Rate,". MPL 100/75/50% all add ons apply, and lesser of 100% of billed charges",10351,,,,,,,Case Rate,". MPL 100/50/25% all add ons apply, and lesser of 100% of billed charges",10351,,,,,,,Case Rate,". MPL 100/50/25% all add ons apply, and lesser of 100% of billed charges",10351,,,,,,,Case Rate,". MPL 100/50/25% all add ons apply, and lesser of 100% of billed charges",10351,,,,,,,Case Rate,". MPL 100/50/25% all add ons apply, and lesser of 100% of billed charges",10351,,,,,,,Case Rate,". MPL 100/50/25% all add ons apply, and lesser of 100% of billed charges",10351,,,,,,,Case Rate,". MPL 100/50/25% all add ons apply, and lesser of 100% of billed charges",2424,,,,,,,Case Rate,"100% Medicare OPPS FS. ",2424,,,,,,,Case Rate,"100% Medicare OPPS FS. ",10351,,,,,,,Case Rate,". MPL 100/50/25% all add ons apply, and lesser of 100% of billed charges",1485.1356,78,,,,,0,percent of total billed charges,78% of Billed Charges. Lesser of 100% of billed charges applies.; No services were performed during the 15 month look back period.,1485.1356,78,,,,,0,percent of total billed charges,78% of Billed Charges. Lesser of 100% of billed charges applies.; No services were performed during the 15 month look back period.,1485.1356,78,,,,,0,percent of total billed charges,78% of Billed Charges. Lesser of 100% of billed charges applies.; No services were performed during the 15 month look back period.,1485.1356,78,,,,,0,percent of total billed charges,78% of Billed Charges. Lesser of 100% of billed charges applies.; No services were performed during the 15 month look back period.,1485.1356,78,,,,,0,percent of total billed charges,78% of Billed Charges. Lesser of 100% of billed charges applies.; No services were performed during the 15 month look back period.,1485.1356,78,,,,,0,percent of total billed charges,78% of Billed Charges. Lesser of 100% of billed charges applies.; No services were performed during the 15 month look back period.,1485.1356,78,,,,,0,percent of total billed charges,78% of Billed Charges. Lesser of 100% of billed charges applies.; No services were performed during the 15 month look back period.,1485.1356,78,,,,,0,percent of total billed charges,78% of Billed Charges. Lesser of 100% of billed charges applies.; No services were performed during the 15 month look back period.,1485.1356,78,,,,,0,percent of total billed charges,78% of Billed Charges. Lesser of 100% of billed charges applies.; No services were performed during the 15 month look back period.,1485.1356,78,,,,,0,percent of total billed charges,78% of Billed Charges. Lesser of 100% of billed charges applies.; No services were performed during the 15 month look back period.,1485.1356,78,,,,,0,percent of total billed charges,78% of Billed Charges. Lesser of 100% of billed charges applies.; No services were performed during the 15 month look back period.,1485.1356,78,,,,,0,percent of total billed charges,78% of Billed Charges. Lesser of 100% of billed charges applies.; No services were performed during the 15 month look back period.,1485.1356,78,,,,,0,percent of total billed charges,78% of Billed Charges. Lesser of 100% of billed charges applies.; No services were performed during the 15 month look back period.,1485.1356,78,,,,,0,percent of total billed charges,78% of Billed Charges. Lesser of 100% of billed charges applies.; No services were performed during the 15 month look back period.,1485.1356,78,,,,,0,percent of total billed charges,78% of Billed Charges. Lesser of 100% of billed charges applies.; No services were performed during the 15 month look back period.,1485.1356,78,,,,,0,percent of total billed charges,78% of Billed Charges. Lesser of 100% of billed charges applies.; No services were performed during the 15 month look back period.,1485.1356,78,,,,,0,percent of total billed charges,78% of Billed Charges. Lesser of 100% of billed charges applies.; No services were performed during the 15 month look back period.,1485.1356,78,,,,,0,percent of total billed charges,78% of Billed Charges. Lesser of 100% of billed charges applies.; No services were performed during the 15 month look back period.,1485.1356,78,,,,,0,percent of total billed charges,78% of Billed Charges. Lesser of 100% of billed charges applies.; No services were performed during the 15 month look back period.,1485.1356,78,,,,,0,percent of total billed charges,78% of Billed Charges. Lesser of 100% of billed charges applies.; No services were performed during the 15 month look back period.,1485.1356,78,,,,,0,percent of total billed charges,78% of Billed Charges. Lesser of 100% of billed charges applies.; No services were performed during the 15 month look back period.,1485.1356,78,,,,,0,percent of total billed charges,78% of Billed Charges. Lesser of 100% of billed charges applies.; No services were performed during the 15 month look back period.,1485.1356,78,,,,,0,percent of total billed charges,78% of Billed Charges. Lesser of 100% of billed charges applies.; No services were performed during the 15 month look back period.,1485.1356,78,,,,,0,percent of total billed charges,78% of Billed Charges. Lesser of 100% of billed charges applies.; No services were performed during the 15 month look back period.,1485.1356,78,,,,,0,percent of total billed charges,78% of Billed Charges. Lesser of 100% of billed charges applies.; No services were performed during the 15 month look back period.,1485.1356,78,,,,,0,percent of total billed charges,78% of Billed Charges. Lesser of 100% of billed charges applies.; No services were performed during the 15 month look back period.,18638,,,,,,,Case Rate,". Primary procedure pays at 100%, all subsequent at 50%.",18638,,,,,,,Case Rate,". Primary procedure pays at 100%, all subsequent at 50%.",18638,,,,,,,Case Rate,". Primary procedure pays at 100%, all subsequent at 50%.",18638,,,,,,,Case Rate,". Primary procedure pays at 100%, all subsequent at 50%.",44034,,,,,,,Case Rate,". Primary procedure pays at 100%, all subsequent at 50%.",44034,,,,,,,Case Rate,". Primary procedure pays at 100%, all subsequent at 50%.",,,,,,,,Other,". ",10351,,,,,,,Case Rate,". MPL 100/50/25% all add ons apply, and lesser of 100% of billed charges",6091.36,,,,,,,Case Rate,". MPL 100/50/25% all add ons apply, and lesser of 100% of billed charges",10351,,,,,,,Case Rate,". MPL 100/50/25% all add ons apply, and lesser of 100% of billed charges",1485.1356,78,,,,,0,percent of total billed charges,78% of Billed Charges. Lesser of 100% of billed charges applies.; No services were performed during the 15 month look back period.,44034,,,,,,,Case Rate,". Primary procedure pays at 100%, all subsequent at 50%.",10351,,,,,,,Case Rate,". MPL 100/50/25% all add ons apply, and lesser of 100% of billed charges",6091.36,,,,,,,Case Rate,". MPL 100/50/25% all add ons apply, and lesser of 100% of billed charges",,,,,,,,Other,". ",,,,,,,,,"NA. ",1485.1356,78,,,,,0,percent of total billed charges,78% of Billed Charges. Lesser of 100% of billed charges applies.; No services were performed during the 15 month look back period.,1383.03,,,,,,,Case Rate,"100 Percent of Medicaid APG. ",18638,,,,,,,Case Rate,". Primary procedure pays at 100%, all subsequent at 50%.",1383.03,,,,,,,Case Rate,"100 Percent of Medicaid APG. Not APG payable, or payable under another fee schedule like ASP/AWP pays at 30% of charges",2424,,,,,,,Case Rate,"100%Medicare OPPS FS. ",2424,,,,,,,Case Rate,"100% Medicare OPPS FS. ",25798,,,,,,,Case Rate,". MPL 100/75/50% all add ons apply, and lesser of 100% of billed charges",2424,,,,,,,Case Rate,"100% Medicare OPPS FS. ",2424,,,,,,,Case Rate,"100% Medicare OPPS FS. ",1383.03,,,,,,,Case Rate,"100 Percent of Medicaid APG. ",2424,,,,,,,Case Rate,"100% Medicare OPPS FS. ",2424,,,,,,,Case Rate,"100% Medicare OPPS FS. ",6593,,,,,,,Case Rate,". Primary procedure pays at 100%, secondary at 50%, all subsequent at 25%.  Lesser of applies when negotiated rates exceed charges less addons.",6593,,,,,,,Case Rate,". Primary procedure pays at 100%, secondary at 50%, all subsequent at 25%.  Lesser of applies when negotiated rates exceed charges less addons.",2424,,,,,,,Case Rate,"100% Medicare OPPS FS. ",,,,,,,,Other,". ",6091.36,,,,,,,Case Rate,". MPL 100/50/25% all add ons apply, and lesser of 100% of billed charges",6091.36,,,,,,,Case Rate,". MPL 100/50/25% all add ons apply, and lesser of 100% of billed charges",2424,,,,,,,Case Rate,"100% Medicare OPPS FS. ",,,,,,,,Other,". ",6593,,,,,,,Case Rate,". Primary procedure pays at 100%, secondary at 50%, all subsequent at 25%.  Lesser of applies when negotiated rates exceed charges less addons.",6593,,,,,,,Case Rate,". Primary procedure pays at 100%, secondary at 50%, all subsequent at 25%.  Lesser of applies when negotiated rates exceed charges less addons.",6593,,,,,,,Case Rate,". Primary procedure pays at 100%, secondary at 50%, all subsequent at 25%.  Lesser of applies when negotiated rates exceed charges less addons.",1485.1356,78,,,,,0,percent of total billed charges,78% of Billed Charges. Lesser of 100% of billed charges applies.; No services were performed during the 15 month look back period.,1485.1356,78,,,,,0,percent of total billed charges,78% of Billed Charges. Lesser of 100% of billed charges applies.; No services were performed during the 15 month look back period.,1485.1356,78,,,,,0,percent of total billed charges,78% of Billed Charges. Lesser of 100% of billed charges applies.; No services were performed during the 15 month look back period.,1485.1356,78,,,,,0,percent of total billed charges,78% of Billed Charges. Lesser of 100% of billed charges applies.; No services were performed during the 15 month look back period.,1485.1356,78,,,,,0,percent of total billed charges,78% of Billed Charges. Lesser of 100% of billed charges applies.; No services were performed during the 15 month look back period.,1485.1356,78,,,,,0,percent of total billed charges,78% of Billed Charges. Lesser of 100% of billed charges applies.; No services were performed during the 15 month look back period.,1485.1356,78,,,,,0,percent of total billed charges,78% of Billed Charges. Lesser of 100% of billed charges applies.; No services were performed during the 15 month look back period.,1485.1356,78,,,,,0,percent of total billed charges,78% of Billed Charges. Lesser of 100% of billed charges applies.; No services were performed during the 15 month look back period.,1485.1356,78,,,,,0,percent of total billed charges,78% of Billed Charges. Lesser of 100% of billed charges applies.; No services were performed during the 15 month look back period.,1485.1356,78,,,,,0,percent of total billed charges,78% of Billed Charges. Lesser of 100% of billed charges applies.; No services were performed during the 15 month look back period.,1485.1356,78,,,,,0,percent of total billed charges,78% of Billed Charges. Lesser of 100% of billed charges applies.; No services were performed during the 15 month look back period.,44034,,,,,,,Case Rate,". Primary procedure pays at 100%, all subsequent at 50%.",10351,,,,,,,Case Rate,". MPL 100/50/25% all add ons apply, and lesser of 100% of billed charges",,,,,,,,Other,". ",2424,,,,,,,Case Rate,"100% Medicare OPPS FS. ",6593,,,,,,,Case Rate,". Primary procedure pays at 100%, secondary at 50%, all subsequent at 25%.  Lesser of applies when negotiated rates exceed charges less addons.",,,,,,,,Other,". ",,,,,,,,Other,". ",1485.1356,78,,,,,0,percent of total billed charges,78% of Billed Charges. Lesser of 100% of billed charges applies.; No services were performed during the 15 month look back period.,2959.68,,,,,,,Case Rate,"214 Percent of Medicaid APG. Drugs not priced under APG, billed with revenue code 636 and not priced by Medicare ASP FeeSched will be reimbursed at 20% of charges.",,,,,,,,Other,". ",1383.03,,,,,,,Case Rate,"100 Percent of Medicaid APG. ",2424,,,,,,,Case Rate,"100% Medicare OPPS FS. ",2424,,,,,,,Case Rate,"100% Medicare OPPS FS. ",2424,,,,,,,Case Rate,"100% Medicare OPPS FS. ",2424,,,,,,,Case Rate,"100% Medicare OPPS FS. ",2424,,,,,,,Case Rate,"100% Medicare OPPS FS. ",2424,,,,,,,Case Rate,"100% Medicare OPPS FS. ",,,,,,,,Other,". ",25798,,,,,,,Case Rate,". MPL 100/75/50% all add ons apply, and lesser of 100% of billed charges",2489.45,,,,,,,Fee Schedule,"180 Percent of Medicaid APG. ",2489.45,,,,,,,Fee Schedule,"180 Percent of Medicaid APG. ",2489.45,,,,,,,Fee Schedule,"180 Percent of Medicaid APG. ",2489.45,,,,,,,Fee Schedule,"180 Percent of Medicaid APG. ",2489.45,,,,,,,Fee Schedule,"180 Percent of Medicaid APG. ",,,,,,,,,"NA. ",25798,,,,,,,Case Rate,". MPL 100/75/50% all add ons apply, and lesser of 100% of billed charges",4799.52,,,,,,,Case Rate,198 Percent of Medicare OPPS. Metroplus will reimburse unlisted codes and described codes with no Medicare rate at 50 percent of charges.,4799.52,,,,,,,Case Rate,198 Percent of Medicare OPPS. Metroplus will reimburse unlisted codes and described codes with no Medicare rate at 50 percent of charges.,4799.52,,,,,,,Case Rate,198 Percent of Medicare OPPS. Metroplus will reimburse unlisted codes and described codes with no Medicare rate at 50 percent of charges.,4799.52,,,,,,,Case Rate,198 Percent of Medicare OPPS. Metroplus will reimburse unlisted codes and described codes with no Medicare rate at 50 percent of charges.,4799.52,,,,,,,Case Rate,198 Percent of Medicare OPPS. Metroplus will reimburse unlisted codes and described codes with no Medicare rate at 50 percent of charges.,2424,,,,,,,Case Rate,"100% Medicare OPPS FS. ",44034,,,,,,,Case Rate,". Primary procedure pays at 100%, all subsequent at 50%.",44034,,,,,,,Case Rate,". Primary procedure pays at 100%, all subsequent at 50%.",44034,,,,,,,Case Rate,". Primary procedure pays at 100%, all subsequent at 50%.",44034,,,,,,,Case Rate,". Primary procedure pays at 100%, all subsequent at 50%.",6593,,,,,,,Case Rate,". Primary procedure pays at 100%, secondary at 50%, all subsequent at 25%.  Lesser of applies when negotiated rates exceed charges less addons.",6593,,,,,,,Case Rate,". Primary procedure pays at 100%, secondary at 50%, all subsequent at 25%.  Lesser of applies when negotiated rates exceed charges less addons.",6593,,,,,,,Case Rate,". Primary procedure pays at 100%, secondary at 50%, all subsequent at 25%.  Lesser of applies when negotiated rates exceed charges less addons.",6593,,,,,,,Case Rate,". Primary procedure pays at 100%, secondary at 50%, all subsequent at 25%.  Lesser of applies when negotiated rates exceed charges less addons.",25798,,,,,,,Case Rate,". MPL 100/75/50% all add ons apply, and lesser of 100% of billed charges",25798,,,,,,,Case Rate,". MPL 100/75/50% all add ons apply, and lesser of 100% of billed charges",2424,,,,,,,Case Rate,"100% Medicare OPPS FS. ",2424,,,,,,,Case Rate,"100% Medicare OPPS FS. ",2424,,,,,,,Case Rate,"100% Medicare OPPS FS. ",10351,,,,,,,Case Rate,". MPL 100/50/25% all add ons apply, and lesser of 100% of billed charges",10351,,,,,,,Case Rate,". MPL 100/50/25% all add ons apply, and lesser of 100% of billed charges",10351,,,,,,,Case Rate,". MPL 100/50/25% all add ons apply, and lesser of 100% of billed charges",25798,,,,,,,Case Rate,". MPL 100/75/50% all add ons apply, and lesser of 100% of billed charges",6593,,,,,,,Case Rate,". Primary procedure pays at 100%, secondary at 50%, all subsequent at 25%.  Lesser of applies when negotiated rates exceed charges less addons.",2424,,,,,,,Case Rate,"100% Medicare OPPS FS. ",10351,,,,,,,Case Rate,". MPL 100/50/25% all add ons apply, and lesser of 100% of billed charges",1383.03,,,,,,,Case Rate,"100 Percent of Medicaid APG. ",2472.48,,,,,,,Case Rate,"102% of Medicare OPPS. ",2472.48,,,,,,,Case Rate,"102% of Medicare OPPS. ",2472.48,,,,,,,Case Rate,"102% of Medicare OPPS. ",1383.03,,,,,,,Case rate,"100 Percent of Medicaid APG. ",3111.81,,,,,,,Case Rate,225% of NYS APG. Lesser of 100% of billed charges applies.,3111.81,,,,,,,Case Rate,225% of NYS APG. Lesser of 100% of billed charges applies.,3111.81,,,,,,,Case Rate,225% of NYS APG. Lesser of 100% of billed charges applies.,3111.81,,,,,,,Case Rate,225% of NYS APG. Lesser of 100% of billed charges applies.,3111.81,,,,,,,Case Rate,225% of NYS APG. Lesser of 100% of billed charges applies.,2472.48,,,,,,,Case Rate,"102% of Medicare OPPS. ",1383.03,,,,,,,Case Rate,"100 Percent of Medicaid APG. ",819.1,,,,,,,Case Rate,100% of PAS. Lesser of 100% of billed charges applies.,3111.81,,,,,,,Case Rate,225% of NYS APG. Lesser of 100% of billed charges applies.,3111.81,,,,,,,Case Rate,225% of NYS APG. Lesser of 100% of billed charges applies.,819.1,,,,,,,Case Rate,100% of PAS. Lesser of 100% of billed charges applies.,819.1,,,,,,,Case Rate,100% of PAS. Lesser of 100% of billed charges applies.,2489.45,,,,,,,Fee Schedule,"180 Percent of Medicaid APG. ",2424,,,,,,,Case Rate,"100% Medicare OPPS FS. ",2424,,,,,,,Case Rate,"100% Medicare OPPS FS. ",6593,,,,,,,Case Rate,". Primary procedure pays at 100%, secondary at 50%, all subsequent at 25%.  Lesser of applies when negotiated rates exceed charges less addons.",2424,,,,,,,Case Rate,"100% Medicare OPPS FS. ",3111.81,,,,,,,Case Rate,"225 Percent of Medicaid APG. ",3111.81,,,,,,,Case Rate,"225 Percent of Medicaid APG. ",1383.03,,,,,,,Case rate,"100 Percent of Medicaid APG. ",1383.03,,,,,,,Case rate,"100 Percent of Medicaid APG. ",3111.81,,,,,,,Case Rate,225 Percent of Medicaid APG. Covered services not payable under Medicaid Fee Schedules default to a payment of 87.5 percent of charges.,1383.03,,,,,,,Case rate,124 Percent of Medicaid APG. Covered services not payable under Medicaid Fee Schedules default to a payment of 50 percent of charges.,3111.81,,,,,,,Case Rate,"100 Percent of Medicaid APG. ",3111.81,,,,,,,Case Rate,"100 Percent of Medicaid APG. ",3111.81,,,,,,,Case Rate,"100 Percent of Medicaid APG. ",3111.81,,,,,,,Case Rate,"100 Percent of Medicaid APG. ",13453,,,,,,,Case Rate,". MPL 100/75/50% all add ons apply, and lesser of 100% of billed charges",25798,,,,,,,Case Rate,". MPL 100/75/50% all add ons apply, and lesser of 100% of billed charges",1659.63,,,,,,,Case Rate,"120 Percent of Medicaid APG. Not APG payable, or payable under another fee schedule like ASP/AWP pays at 30% of charges",1659.63,,,,,,,Case Rate,"120 Percent of Medicaid APG. Not APG payable, or payable under another fee schedule like ASP/AWP pays at 30% of charges",1383.03,,,,,,,Case Rate,"100 Percent of Medicaid APG. Not APG payable, or payable under another fee schedule like ASP/AWP pays at 30% of charges",1383.03,,,,,,,Case Rate,"100 Percent of Medicaid APG. Not APG payable, or payable under another fee schedule like ASP/AWP pays at 30% of charges",10351,,,,,,,Case Rate,". MPL 100/50/25% all add ons apply, and lesser of 100% of billed charges",10351,,,,,,,Case Rate,". MPL 100/50/25% all add ons apply, and lesser of 100% of billed charges",2424,,,,,,,Case Rate,"100% Medicare OPPS FS. ",10351,,,,,,,Case Rate,". MPL 100/50/25% all add ons apply, and lesser of 100% of billed charges",10351,,,,,,,Case Rate,". MPL 100/50/25% all add ons apply, and lesser of 100% of billed charges",10351,,,,,,,Case Rate,". MPL 100/50/25% all add ons apply, and lesser of 100% of billed charges",10351,,,,,,,Case Rate,". MPL 100/50/25% all add ons apply, and lesser of 100% of billed charges",2424,,,,,,,Case Rate,"100% Medicare OPPS FS. ",10351,,,,,,,Case Rate,". MPL 100/50/25% all add ons apply, and lesser of 100% of billed charges",10351,,,,,,,Case Rate,". MPL 100/50/25% all add ons apply, and lesser of 100% of billed charges",6593,,,,,,,Case Rate,". Primary procedure pays at 100%, secondary at 50%, all subsequent at 25%.  Lesser of applies when negotiated rates exceed charges less addons.",1383.03,,,,,,,Fee Schedule,100% APG. Lesser of 100% of billed charges applies.,1383.03,,,,,,,Case rate,124 Percent of Medicaid APG. Covered services not payable under Medicaid Fee Schedules default to a payment of 50 percent of charges.,3111.81,,,,,,,Case Rate,225% of NYS APG. Lesser of 100% of billed charges applies.,3111.81,,,,,,,Case Rate,225 Percent of Medicaid APG. Covered services not payable under Medicaid Fee Schedules default to a payment of 87.5 percent of charges.,1383.03,,,,,,,Case rate,124 Percent of Medicaid APG. Covered services not payable under Medicaid Fee Schedules default to a payment of 50 percent of charges.,3111.81,,,,,,,Case Rate,225% of NYS APG. Lesser of 100% of billed charges applies.,3111.81,,,,,,,Case Rate,225% of NYS APG. Lesser of 100% of billed charges applies.,3111.81,,,,,,,Case Rate,225% of NYS APG. Lesser of 100% of billed charges applies.,3111.81,,,,,,,Case Rate,225% of NYS APG. Lesser of 100% of billed charges applies.,3111.81,,,,,,,Case Rate,225% of NYS APG. Lesser of 100% of billed charges applies.,3111.81,,,,,,,Case Rate,225% of NYS APG. Lesser of 100% of billed charges applies.,,,,,,,,,"NA. ",,,,,,,,,"NA. ",,,,,,,,,"NA. ",,,,,,,,Other,". ",,,,,,,,,"NA. ",2424,,,,,,,Case Rate,"100% Medicare OPPS FS. ",1352,,,,,,,Case Rate,". MPL 1st 100% of Payment Rate 50% of all others, all add ons apply, and lesser of 100% of billed charges.",2424,,,,,,,Case Rate,"100% Medicare OPPS FS. ",2424,,,,,,,Case Rate,"100% Medicare OPPS FS. ",1659.63,,,,,,,Case Rate,"120 Percent of Medicaid APG. Not APG payable, or payable under another fee schedule like ASP/AWP pays at 30% of charges",1659.63,,,,,,,Case Rate,"120 Percent of Medicaid APG. Not APG payable, or payable under another fee schedule like ASP/AWP pays at 30% of charges",1383.03,,,,,,,Case Rate,"100 Percent of Medicaid APG. Not APG payable, or payable under another fee schedule like ASP/AWP pays at 30% of charges",1383.03,,,,,,,Case Rate,"100 Percent of Medicaid APG. Not APG payable, or payable under another fee schedule like ASP/AWP pays at 30% of charges",1383.03,,,,,,,Case Rate,"100 Percent of Medicaid APG. ",15842,,,,,,,Case Rate,". ",6593,,,,,,,Case Rate,". Primary procedure pays at 100%, secondary at 50%, all subsequent at 25%.  Lesser of applies when negotiated rates exceed charges less addons.",18638,,,,,,,Case Rate,". Primary procedure pays at 100%, all subsequent at 50%.",,,,,,,,Other,". ",2424,,,,,,,Case Rate,"100%Medicare OPPS FS. ",2424,,,,,,,Case Rate,"100% Medicare OPPS FS. ",2424,,,,,,,Case Rate,"100% Medicare OPPS FS. ",2424,,,,,,,Case Rate,"100% Medicare OPPS FS. ",2424,,,,,,,Case Rate,"100%Medicare OPPS FS. ",2424,,,,,,,Case Rate,"100% Medicare OPPS FS. ",,,,,,,,,"NA. ",3111.81,,,,,,,Case Rate,225% of NYS APG. Lesser of 100% of billed charges applies.,819.1,,,,,,,Case Rate,100% of PAS. Lesser of 100% of billed charges applies.,10351,,,,,,,Case Rate,". MPL 100/50/25% all add ons apply, and lesser of 100% of billed charges",15842,,,,,,,Case Rate,". ",15842,,,,,,,Case Rate,". ",15842,,,,,,,Case Rate,". ",15842,,,,,,,Case Rate,". ",2424,,,,,,,Case Rate,"100% Medicare OPPS FS. ",1383.03,,,,,,,Case Rate,"100 Percent of Medicaid APG. ",10351,,,,,,,Case Rate,". MPL 100/50/25% all add ons apply, and lesser of 100% of billed charges",1383.03,,,,,,,Case Rate,"100 Percent of Medicaid APG. ",2424,,,,,,,Case Rate,"100% Medicare OPPS FS. ",1383.03,,,,,,,Case Rate,"100 Percent of Medicaid APG. ",2424,,,,,,,Case Rate,"100% Medicare OPPS FS. ",2424,,,,,,,Case Rate,"100% Medicare OPPS FS. ",1383.03,,,,,,,Case Rate,"100 Percent of Medicaid APG. ",1383.03,,,,,,,Case Rate,"100 Percent of Medicaid APG. ",15842,,,,,,,Case Rate,". ",,,,,,,,Other,". ",1485.1356,78,,,,,0,percent of total billed charges,78% of Billed Charges. Lesser of 100% of billed charges applies.; No services were performed during the 15 month look back period.,6091.36,,,,,,,Case Rate,". MPL 100/50/25% all add ons apply, and lesser of 100% of billed charges",6091.36,,,,,,,Case Rate,". MPL 100/50/25% all add ons apply, and lesser of 100% of billed charges",6593,,,,,,,Case Rate,". Primary procedure pays at 100%, secondary at 50%, all subsequent at 25%.  Lesser of applies when negotiated rates exceed charges less addons.",1398.77,,,,,,,Case Rate,"83% HF Fee schedule. ",44034,,,,,,,Case Rate,". Primary procedure pays at 100%, all subsequent at 50%.",44034,,,,,,,Case Rate,". Primary procedure pays at 100%, all subsequent at 50%.",8281,,,,,,,Case Rate,". MPL 100/50/25% all add ons apply, and lesser of 100% of billed charges",8281,,,,,,,Case Rate,". MPL 100/50/25% all add ons apply, and lesser of 100% of billed charges",2424,,,,,,,Case Rate,"100% Medicare OPPS FS. ",2424,,,,,,,Case Rate,"100% Medicare OPPS FS. ",2424,,,,,,,Case Rate,"100% Medicare OPPS FS. ",2424,,,,,,,Case Rate,"100% Medicare OPPS FS. ",6091.36,,,,,,,Case Rate,". MPL 100/50/25% all add ons apply, and lesser of 100% of billed charges",10351,,,,,,,Case Rate,". MPL 100/50/25% all add ons apply, and lesser of 100% of billed charges",10351,,,,,,,Case Rate,". MPL 100/50/25% all add ons apply, and lesser of 100% of billed charges",2424,,,,,,,Case Rate,"100% Medicare OPPS FS. ",8281,,,,,,,Case Rate,". MPL 100/50/25% all add ons apply, and lesser of 100% of billed charges",18638,,,,,,,Case Rate,". Primary procedure pays at 100%, all subsequent at 50%.",1659.63,,,,,,,Fee Schedule,"120 Percent of Medicaid APG. ",1383.03,,,,,,,Case Rate,"100 Percent of Medicaid APG. ",15842,,,,,,,Case Rate,". ",9316,,,,,,,Case Rate,". MPL 100/50/25% all add ons apply, and lesser of 100% of billed charges",9316,,,,,,,Case Rate,". MPL 100/50/25% all add ons apply, and lesser of 100% of billed charges",10351,,,,,,,Case Rate,". MPL 100/50/25% all add ons apply, and lesser of 100% of billed charges",14948,,,,,,,Case Rate,". MPL 100/75/50% all add ons apply, and lesser of 100% of billed charges",2424,,,,,,,Case Rate,"100%Medicare OPPS FS. ",1452.18,,,,,,,Fee Schedule,105 percent of Medicaid APG. otherwise 105% of Ordered NYS MCD FS or 105% of ASP+6%,1452.18,,,,,,,Fee Schedule,105 percent of Medicaid APG. otherwise 105% of Ordered NYS MCD FS or 105% of ASP+6%,1452.18,,,,,,,Fee Schedule,105 percent of Medicaid APG. otherwise 105% of Ordered NYS MCD FS or 105% of ASP+6%,1867.09,,,,,,,Fee Schedule,135 percent of Medicaid APG. otherwise 135% of Ordered NYS MCD FS or 135% of ASP+6%,6091.36,,,,,,,Case Rate,". MPL 100/50/25% all add ons apply, and lesser of 100% of billed charges",1452.18,,,,,,,Fee Schedule,105 percent of Medicaid APG. otherwise 105% of Ordered NYS MCD FS or 105% of ASP+6%,1452.18,,,,,,,Fee Schedule,105 percent of Medicaid APG. otherwise 105% of Ordered NYS MCD FS or 105% of ASP+6%,1452.18,,,,,,,Fee Schedule,105 percent of Medicaid APG. otherwise 105% of Ordered NYS MCD FS or 105% of ASP+6%,1452.18,,,,,,,Fee Schedule,105 percent of Medicaid APG. otherwise 105% of Ordered NYS MCD FS or 105% of ASP+6%,1452.18,,,,,,,Fee Schedule,105 percent of Medicaid APG. otherwise 105% of Ordered NYS MCD FS or 105% of ASP+6%,1867.09,,,,,,,Fee Schedule,135 percent of Medicaid APG. otherwise 135% of Ordered NYS MCD FS or 135% of ASP+6%,1867.09,,,,,,,Fee Schedule,135 percent of Medicaid APG. otherwise 135% of Ordered NYS MCD FS or 135% of ASP+6%,2424,,,,,,,Case Rate,"100% Medicare OPPS FS. ",6091.36,,,,,,,Case Rate,". MPL 100/50/25% all add ons apply, and lesser of 100% of billed charges",2424,,,,,,,Case Rate,"100% Medicare OPPS FS. ",1452.18,,,,,,,Fee Schedule,105 percent of Medicaid APG. otherwise 105% of Ordered NYS MCD FS or 105% of ASP+6%,10351,,,,,,,Case Rate,". MPL 100/50/25% all add ons apply, and lesser of 100% of billed charges",2424,,,,,,,Case Rate,"100% Medicare OPPS FS. ",10351,,,,,,,Case Rate,". MPL 100/50/25% all add ons apply, and lesser of 100% of billed charges",10351,,,,,,,Case Rate,". MPL 100/50/25% all add ons apply, and lesser of 100% of billed charges",10351,,,,,,,Case Rate,". MPL 100/50/25% all add ons apply, and lesser of 100% of billed charges",1452.18,,,,,,,Fee Schedule,105 percent of Medicaid APG. otherwise 105% of Ordered NYS MCD FS or 105% of ASP+6%,2424,,,,,,,Case Rate,"100% Medicare OPPS FS. ",10351,,,,,,,Case Rate,". MPL 100/50/25% all add ons apply, and lesser of 100% of billed charges",1867.09,,,,,,,Fee Schedule,135 percent of Medicaid APG. otherwise 135% of Ordered NYS MCD FS or 135% of ASP+6%,10351,,,,,,,Case Rate,". MPL 100/50/25% all add ons apply, and lesser of 100% of billed charges",3808.04,200,,,,,0,Case Rate,200% of Medicare OPPS. ; No services were performed during the 15 month look back period.,2424,,,,,,,Case Rate,"100%Medicare OPPS FS. ",15842,,,,,,,Case Rate,". ",15842,,,,,,,Case Rate,". ",15842,,,,,,,Case Rate,". ",15842,,,,,,,Case Rate,". ",15842,,,,,,,Case Rate,". ",18638,,,,,,,Case Rate,". Primary procedure pays at 100%, all subsequent at 50%.",18638,,,,,,,Case Rate,". Primary procedure pays at 100%, all subsequent at 50%.",15842,,,,,,,Case Rate,". ",15842,,,,,,,Case Rate,". ",15842,,,,,,,Case Rate,". ",15842,,,,,,,Case Rate,". ",15842,,,,,,,Case Rate,". ",2424,,,,,,,Case Rate,"100% Medicare OPPS FS. ",18638,,,,,,,Case Rate,". Primary procedure pays at 100%, all subsequent at 50%.",2424,,,,,,,Case Rate,"100% Medicare OPPS FS. ",3111.81,,,,,,,Case Rate,"225 Percent of Medicaid APG. If not included in Medicaid APG, then 100 Percent of Manhattan Medicare",1383.03,,,,,,,Case Rate,"100 Percent of Medicaid APG. ",6091.36,,,,,,,Case Rate,". MPL 100/50/25% all add ons apply, and lesser of 100% of billed charges",6091.36,,,,,,,Case Rate,". MPL 100/50/25% all add ons apply, and lesser of 100% of billed charges",2424,,,,,,,Case Rate,"100% Medicare OPPS FS. ",44034,,,,,,,Case Rate,". Primary procedure pays at 100%, all subsequent at 50%.",2424,,,,,,,Case Rate,"100% Medicare OPPS FS. ",2424,,,,,,,Case Rate,"100% Medicare OPPS FS. ",6593,,,,,,,Case Rate,". Primary procedure pays at 100%, secondary at 50%, all subsequent at 25%.  Lesser of applies when negotiated rates exceed charges less addons.",2424,,,,,,,Case Rate,"100% Medicare OPPS FS. ",,,,,,,,Other,". ",2424,,,,,,,Case Rate,"100% Medicare OPPS FS. ",,,,,,,,Other,". ",6593,,,,,,,Case Rate,". Primary procedure pays at 100%, secondary at 50%, all subsequent at 25%.  Lesser of applies when negotiated rates exceed charges less addons.",,,,,,,,Other,". ",2424,,,,,,,Case Rate,"100% Medicare OPPS FS. ",1383.03,,,,,,,Case Rate,"100 Percent of Medicaid APG. ",2424,,,,,,,Case Rate,"100% Medicare OPPS FS. ",,,,,,,,Other,". ",6091.36,,,,,,,Case Rate,". MPL 100/50/25% all add ons apply, and lesser of 100% of billed charges",1383.03,,,,,,,Case Rate,"100 Percent of Medicaid APG. ",10351,,,,,,,Case Rate,". MPL 100/50/25% all add ons apply, and lesser of 100% of billed charges",1659.63,,,,,,,Fee Schedule,"120 Percent of Medicaid APG. ",1659.63,,,,,,,Fee Schedule,"120 Percent of Medicaid APG. ",10351,,,,,,,Case Rate,". MPL 100/50/25% all add ons apply, and lesser of 100% of billed charges",10351,,,,,,,Case Rate,". MPL 100/50/25% all add ons apply, and lesser of 100% of billed charges",10351,,,,,,,Case Rate,". MPL 100/50/25% all add ons apply, and lesser of 100% of billed charges",6091.36,,,,,,,Case Rate,". MPL 100/50/25% all add ons apply, and lesser of 100% of billed charges",10351,,,,,,,Case Rate,". MPL 100/50/25% all add ons apply, and lesser of 100% of billed charges",10351,,,,,,,Case Rate,". MPL 100/50/25% all add ons apply, and lesser of 100% of billed charges",10351,,,,,,,Case Rate,". MPL 100/50/25% all add ons apply, and lesser of 100% of billed charges",15842,,,,,,,Case Rate,". ",15842,,,,,,,Case Rate,". ",4799.52,,,,,,,Case Rate,198 Percent of Medicare OPPS. Metroplus will reimburse unlisted codes and described codes with no Medicare rate at 50 percent of charges.,1383.03,,,,,,,Case Rate,"100 Percent of Medicaid APG. ",6091.36,,,,,,,Case Rate,". MPL 100/50/25% all add ons apply, and lesser of 100% of billed charges",,,,,,,,Other,". ",6593,,,,,,,Case Rate,". Primary procedure pays at 100%, secondary at 50%, all subsequent at 25%.  Lesser of applies when negotiated rates exceed charges less addons.",6091.36,,,,,,,Case Rate,". MPL 100/50/25% all add ons apply, and lesser of 100% of billed charges",6593,,,,,,,Case Rate,". Primary procedure pays at 100%, secondary at 50%, all subsequent at 25%.  Lesser of applies when negotiated rates exceed charges less addons.",6091.36,,,,,,,Case Rate,". MPL 100/50/25% all add ons apply, and lesser of 100% of billed charges",10351,,,,,,,Case Rate,". MPL 100/50/25% all add ons apply, and lesser of 100% of billed charges",10351,,,,,,,Case Rate,". MPL 100/50/25% all add ons apply, and lesser of 100% of billed charges",10351,,,,,,,Case Rate,". MPL 100/50/25% all add ons apply, and lesser of 100% of billed charges",10351,,,,,,,Case Rate,". MPL 100/50/25% all add ons apply, and lesser of 100% of billed charges",2424,,,,,,,Case Rate,"100% Medicare OPPS FS. ",376,44034,
54312,CPT,,,490,RC,RECONSTRUCTION OF URETHRA,,,both,,,,7084,,,,,,,Case Rate,". MPL 1st 100% of Payment Rate 50% of all others, all add ons apply, and lesser of 100% of billed charges.",7084,,,,,,,Case Rate,". MPL 1st 100% of Payment Rate 50% of all others, all add ons apply, and lesser of 100% of billed charges.",10024,,,,,,,Case Rate,". Primary procedure pays at 100%, secondary at 50%, all subsequent at 25%.  Lesser of applies when negotiated rates exceed charges less addons.",,100,,,,,0,percent of total billed charges,100 percent of billed charges. ; No services were performed during the 15 month look back period.,4081.17,,,,,,,Case Rate,"100% Medicare OPPS FS. ",10024,,,,,,,Case Rate,". Primary procedure pays at 100%, secondary at 50%, all subsequent at 25%.  Lesser of applies when negotiated rates exceed charges less addons.",10024,,,,,,,Case Rate,". Primary procedure pays at 100%, secondary at 50%, all subsequent at 25%.  Lesser of applies when negotiated rates exceed charges less addons.",10024,,,,,,,Case Rate,". Primary procedure pays at 100%, secondary at 50%, all subsequent at 25%.  Lesser of applies when negotiated rates exceed charges less addons.",1640.58,,,,,,,Case Rate,"100 Percent of Medicaid APG. ",1367.15,,,,,,,Case Rate,"100 Percent of Medicaid APG. ",,78,,,,,0,percent of total billed charges,78% of Billed Charges. Lesser of 100% of billed charges applies.; No services were performed during the 15 month look back period.,8135.56,,,,,,,Case Rate,". MPL 100/50/25% all add ons apply, and lesser of 100% of billed charges",1367.15,,,,,,,Case Rate,"100 Percent of Medicaid APG. ",4081.17,,,,,,,Case Rate,"100% Medicare OPPS FS. ",6487,,,,,,,Case Rate,". MPL 100/50/25% maxmium of 3 procedures. All add ons apply, and lesser of 100% of billed charges",6487,,,,,,,Case Rate,". MPL 100/50/25% maxmium of 3 procedures. All add ons apply, and lesser of 100% of billed charges",6487,,,,,,,Case Rate,". MPL 100/50/25% maxmium of 3 procedures. All add ons apply, and lesser of 100% of billed charges",6487,,,,,,,Case Rate,". MPL 100/50/25% maxmium of 3 procedures. All add ons apply, and lesser of 100% of billed charges",1367.15,,,,,,,Case rate,124 Percent of Medicaid APG. Covered services not payable under Medicaid Fee Schedules default to a payment of 50 percent of charges.,4081.17,,,,,,,Case Rate,"100% Medicare OPPS FS. ",1367.15,,,,,,,Case rate,124 Percent of Medicaid APG. Covered services not payable under Medicaid Fee Schedules default to a payment of 50 percent of charges.,,78,,,,,0,percent of total billed charges,78% of Billed Charges. Lesser of 100% of billed charges applies.; No services were performed during the 15 month look back period.,10024,,,,,,,Case Rate,". Primary procedure pays at 100%, secondary at 50%, all subsequent at 25%.  Lesser of applies when negotiated rates exceed charges less addons.",4081.17,,,,,,,Case Rate,"100%Medicare OPPS FS. ",8427,,,,,,,Case Rate,". Primary procedure pays at 100%, all subsequent at 50%.",4081.17,,,,,,,Case Rate,"100%Medicare OPPS FS. ",4081.17,,,,,,,Case Rate,"100%Medicare OPPS FS. ",,78,,,,,0,percent of total billed charges,78% of Billed Charges. Lesser of 100% of billed charges applies.; No services were performed during the 15 month look back period.,1558.76,,,,,,,Case Rate,100% of PAS. Lesser of 100% of billed charges applies.,1558.76,,,,,,,Case Rate,100% of PAS. Lesser of 100% of billed charges applies.,1367.15,,,,,,,Case rate,"100 Percent of Medicaid APG. ",1367.15,,,,,,,Case rate,"100 Percent of Medicaid APG. ",8427,,,,,,,Case Rate,". Primary procedure pays at 100%, all subsequent at 50%.",8427,,,,,,,Case Rate,". Primary procedure pays at 100%, all subsequent at 50%.",1367.15,,,,,,,Case Rate,"100 Percent of Medicaid APG. Not APG payable, or payable under another fee schedule like ASP/AWP pays at 30% of charges",8427,,,,,,,Case Rate,". Primary procedure pays at 100%, all subsequent at 50%.",1367.15,,,,,,,Case Rate,"100 Percent of Medicaid APG. Not APG payable, or payable under another fee schedule like ASP/AWP pays at 30% of charges",4081.17,,,,,,,Case Rate,"100%Medicare OPPS FS. ",8427,,,,,,,Case Rate,". Primary procedure pays at 100%, all subsequent at 50%.",,78,,,,,0,percent of total billed charges,78% of Billed Charges. Lesser of 100% of billed charges applies.; No services were performed during the 15 month look back period.,1367.15,,,,,,,Case Rate,"100 Percent of Medicaid APG. ",1367.15,,,,,,,Case Rate,"100 Percent of Medicaid APG. ",,78,,,,,0,percent of total billed charges,78% of Billed Charges. Lesser of 100% of billed charges applies.; No services were performed during the 15 month look back period.,6487,,,,,,,Case Rate,". MPL 100/50/25% maxmium of 3 procedures. All add ons apply, and lesser of 100% of billed charges",7201,,,,,,,Case Rate,". MPL 100/50/25% all add ons apply, and lesser of 100% of billed charges",7201,,,,,,,Case Rate,". MPL 100/50/25% all add ons apply, and lesser of 100% of billed charges",,78,,,,,0,percent of total billed charges,78% of Billed Charges. Lesser of 100% of billed charges applies.; No services were performed during the 15 month look back period.,4081.17,,,,,,,Case Rate,"100% Medicare OPPS FS. ",8135.56,,,,,,,Case Rate,". MPL 100/50/25% all add ons apply, and lesser of 100% of billed charges",8135.56,,,,,,,Case Rate,". MPL 100/50/25% all add ons apply, and lesser of 100% of billed charges",8135.56,,,,,,,Case Rate,". MPL 100/50/25% all add ons apply, and lesser of 100% of billed charges",4081.17,,,,,,,Case Rate,"100% Medicare OPPS FS. ",8135.56,,,,,,,Case Rate,". MPL 100/50/25% all add ons apply, and lesser of 100% of billed charges",8135.56,,,,,,,Case Rate,". MPL 100/50/25% all add ons apply, and lesser of 100% of billed charges",4081.17,,,,,,,Case Rate,"100% of Medicare OPPS. ",25798,,,,,,,Case Rate,". MPL 100/75/50% all add ons apply, and lesser of 100% of billed charges",13586,,,,,,,Case Rate,". MPL 100/50/25% all add ons apply, and lesser of 100% of billed charges",13586,,,,,,,Case Rate,". MPL 100/50/25% all add ons apply, and lesser of 100% of billed charges",13586,,,,,,,Case Rate,". MPL 100/50/25% all add ons apply, and lesser of 100% of billed charges",13586,,,,,,,Case Rate,". MPL 100/50/25% all add ons apply, and lesser of 100% of billed charges",13586,,,,,,,Case Rate,". MPL 100/50/25% all add ons apply, and lesser of 100% of billed charges",13586,,,,,,,Case Rate,". MPL 100/50/25% all add ons apply, and lesser of 100% of billed charges",4081.17,,,,,,,Case Rate,"100% Medicare OPPS FS. ",4081.17,,,,,,,Case Rate,"100% Medicare OPPS FS. ",13586,,,,,,,Case Rate,". MPL 100/50/25% all add ons apply, and lesser of 100% of billed charges",,78,,,,,0,percent of total billed charges,78% of Billed Charges. Lesser of 100% of billed charges applies.; No services were performed during the 15 month look back period.,,78,,,,,0,percent of total billed charges,78% of Billed Charges. Lesser of 100% of billed charges applies.; No services were performed during the 15 month look back period.,,78,,,,,0,percent of total billed charges,78% of Billed Charges. Lesser of 100% of billed charges applies.; No services were performed during the 15 month look back period.,,78,,,,,0,percent of total billed charges,78% of Billed Charges. Lesser of 100% of billed charges applies.; No services were performed during the 15 month look back period.,,78,,,,,0,percent of total billed charges,78% of Billed Charges. Lesser of 100% of billed charges applies.; No services were performed during the 15 month look back period.,,78,,,,,0,percent of total billed charges,78% of Billed Charges. Lesser of 100% of billed charges applies.; No services were performed during the 15 month look back period.,,78,,,,,0,percent of total billed charges,78% of Billed Charges. Lesser of 100% of billed charges applies.; No services were performed during the 15 month look back period.,,78,,,,,0,percent of total billed charges,78% of Billed Charges. Lesser of 100% of billed charges applies.; No services were performed during the 15 month look back period.,,78,,,,,0,percent of total billed charges,78% of Billed Charges. Lesser of 100% of billed charges applies.; No services were performed during the 15 month look back period.,,78,,,,,0,percent of total billed charges,78% of Billed Charges. Lesser of 100% of billed charges applies.; No services were performed during the 15 month look back period.,,78,,,,,0,percent of total billed charges,78% of Billed Charges. Lesser of 100% of billed charges applies.; No services were performed during the 15 month look back period.,,78,,,,,0,percent of total billed charges,78% of Billed Charges. Lesser of 100% of billed charges applies.; No services were performed during the 15 month look back period.,,78,,,,,0,percent of total billed charges,78% of Billed Charges. Lesser of 100% of billed charges applies.; No services were performed during the 15 month look back period.,,78,,,,,0,percent of total billed charges,78% of Billed Charges. Lesser of 100% of billed charges applies.; No services were performed during the 15 month look back period.,,78,,,,,0,percent of total billed charges,78% of Billed Charges. Lesser of 100% of billed charges applies.; No services were performed during the 15 month look back period.,,78,,,,,0,percent of total billed charges,78% of Billed Charges. Lesser of 100% of billed charges applies.; No services were performed during the 15 month look back period.,,78,,,,,0,percent of total billed charges,78% of Billed Charges. Lesser of 100% of billed charges applies.; No services were performed during the 15 month look back period.,,78,,,,,0,percent of total billed charges,78% of Billed Charges. Lesser of 100% of billed charges applies.; No services were performed during the 15 month look back period.,,78,,,,,0,percent of total billed charges,78% of Billed Charges. Lesser of 100% of billed charges applies.; No services were performed during the 15 month look back period.,,78,,,,,0,percent of total billed charges,78% of Billed Charges. Lesser of 100% of billed charges applies.; No services were performed during the 15 month look back period.,,78,,,,,0,percent of total billed charges,78% of Billed Charges. Lesser of 100% of billed charges applies.; No services were performed during the 15 month look back period.,,78,,,,,0,percent of total billed charges,78% of Billed Charges. Lesser of 100% of billed charges applies.; No services were performed during the 15 month look back period.,,78,,,,,0,percent of total billed charges,78% of Billed Charges. Lesser of 100% of billed charges applies.; No services were performed during the 15 month look back period.,,78,,,,,0,percent of total billed charges,78% of Billed Charges. Lesser of 100% of billed charges applies.; No services were performed during the 15 month look back period.,,78,,,,,0,percent of total billed charges,78% of Billed Charges. Lesser of 100% of billed charges applies.; No services were performed during the 15 month look back period.,,78,,,,,0,percent of total billed charges,78% of Billed Charges. Lesser of 100% of billed charges applies.; No services were performed during the 15 month look back period.,8427,,,,,,,Case Rate,". Primary procedure pays at 100%, all subsequent at 50%.",8427,,,,,,,Case Rate,". Primary procedure pays at 100%, all subsequent at 50%.",8427,,,,,,,Case Rate,". Primary procedure pays at 100%, all subsequent at 50%.",8427,,,,,,,Case Rate,". Primary procedure pays at 100%, all subsequent at 50%.",12574,,,,,,,Case Rate,". Primary procedure pays at 100%, all subsequent at 50%.",12574,,,,,,,Case Rate,". Primary procedure pays at 100%, all subsequent at 50%.",6487,,,,,,,Case Rate,". MPL 100/50/25% maxmium of 3 procedures. All add ons apply, and lesser of 100% of billed charges",13586,,,,,,,Case Rate,". MPL 100/50/25% all add ons apply, and lesser of 100% of billed charges",8135.56,,,,,,,Case Rate,". MPL 100/50/25% all add ons apply, and lesser of 100% of billed charges",13586,,,,,,,Case Rate,". MPL 100/50/25% all add ons apply, and lesser of 100% of billed charges",,78,,,,,0,percent of total billed charges,78% of Billed Charges. Lesser of 100% of billed charges applies.; No services were performed during the 15 month look back period.,12574,,,,,,,Case Rate,". Primary procedure pays at 100%, all subsequent at 50%.",13586,,,,,,,Case Rate,". MPL 100/50/25% all add ons apply, and lesser of 100% of billed charges",8135.56,,,,,,,Case Rate,". MPL 100/50/25% all add ons apply, and lesser of 100% of billed charges",6487,,,,,,,Case Rate,". MPL 100/50/25% maxmium of 3 procedures. All add ons apply, and lesser of 100% of billed charges",,,,,,,,,"NA. ",,78,,,,,0,percent of total billed charges,78% of Billed Charges. Lesser of 100% of billed charges applies.; No services were performed during the 15 month look back period.,1367.15,,,,,,,Case Rate,"100 Percent of Medicaid APG. ",8427,,,,,,,Case Rate,". Primary procedure pays at 100%, all subsequent at 50%.",1367.15,,,,,,,Case Rate,"100 Percent of Medicaid APG. Not APG payable, or payable under another fee schedule like ASP/AWP pays at 30% of charges",4081.17,,,,,,,Case Rate,"100%Medicare OPPS FS. ",4081.17,,,,,,,Case Rate,"100% Medicare OPPS FS. ",25798,,,,,,,Case Rate,". MPL 100/75/50% all add ons apply, and lesser of 100% of billed charges",4081.17,,,,,,,Case Rate,"100% Medicare OPPS FS. ",4081.17,,,,,,,Case Rate,"100% Medicare OPPS FS. ",1367.15,,,,,,,Case Rate,"100 Percent of Medicaid APG. ",4081.17,,,,,,,Case Rate,"100% Medicare OPPS FS. ",4081.17,,,,,,,Case Rate,"100% Medicare OPPS FS. ",10024,,,,,,,Case Rate,". Primary procedure pays at 100%, secondary at 50%, all subsequent at 25%.  Lesser of applies when negotiated rates exceed charges less addons.",10024,,,,,,,Case Rate,". Primary procedure pays at 100%, secondary at 50%, all subsequent at 25%.  Lesser of applies when negotiated rates exceed charges less addons.",4081.17,,,,,,,Case Rate,"100% Medicare OPPS FS. ",6487,,,,,,,Case Rate,". MPL 100/50/25% maxmium of 3 procedures. All add ons apply, and lesser of 100% of billed charges",8135.56,,,,,,,Case Rate,". MPL 100/50/25% all add ons apply, and lesser of 100% of billed charges",8135.56,,,,,,,Case Rate,". MPL 100/50/25% all add ons apply, and lesser of 100% of billed charges",4081.17,,,,,,,Case Rate,"100% Medicare OPPS FS. ",6487,,,,,,,Case Rate,". MPL 100/50/25% maxmium of 3 procedures. All add ons apply, and lesser of 100% of billed charges",10024,,,,,,,Case Rate,". Primary procedure pays at 100%, secondary at 50%, all subsequent at 25%.  Lesser of applies when negotiated rates exceed charges less addons.",10024,,,,,,,Case Rate,". Primary procedure pays at 100%, secondary at 50%, all subsequent at 25%.  Lesser of applies when negotiated rates exceed charges less addons.",10024,,,,,,,Case Rate,". Primary procedure pays at 100%, secondary at 50%, all subsequent at 25%.  Lesser of applies when negotiated rates exceed charges less addons.",,78,,,,,0,percent of total billed charges,78% of Billed Charges. Lesser of 100% of billed charges applies.; No services were performed during the 15 month look back period.,,78,,,,,0,percent of total billed charges,78% of Billed Charges. Lesser of 100% of billed charges applies.; No services were performed during the 15 month look back period.,,78,,,,,0,percent of total billed charges,78% of Billed Charges. Lesser of 100% of billed charges applies.; No services were performed during the 15 month look back period.,,78,,,,,0,percent of total billed charges,78% of Billed Charges. Lesser of 100% of billed charges applies.; No services were performed during the 15 month look back period.,,78,,,,,0,percent of total billed charges,78% of Billed Charges. Lesser of 100% of billed charges applies.; No services were performed during the 15 month look back period.,,78,,,,,0,percent of total billed charges,78% of Billed Charges. Lesser of 100% of billed charges applies.; No services were performed during the 15 month look back period.,,78,,,,,0,percent of total billed charges,78% of Billed Charges. Lesser of 100% of billed charges applies.; No services were performed during the 15 month look back period.,,78,,,,,0,percent of total billed charges,78% of Billed Charges. Lesser of 100% of billed charges applies.; No services were performed during the 15 month look back period.,,78,,,,,0,percent of total billed charges,78% of Billed Charges. Lesser of 100% of billed charges applies.; No services were performed during the 15 month look back period.,,78,,,,,0,percent of total billed charges,78% of Billed Charges. Lesser of 100% of billed charges applies.; No services were performed during the 15 month look back period.,,78,,,,,0,percent of total billed charges,78% of Billed Charges. Lesser of 100% of billed charges applies.; No services were performed during the 15 month look back period.,12574,,,,,,,Case Rate,". Primary procedure pays at 100%, all subsequent at 50%.",13586,,,,,,,Case Rate,". MPL 100/50/25% all add ons apply, and lesser of 100% of billed charges",6487,,,,,,,Case Rate,". MPL 100/50/25% maxmium of 3 procedures. All add ons apply, and lesser of 100% of billed charges",4081.17,,,,,,,Case Rate,"100% Medicare OPPS FS. ",10024,,,,,,,Case Rate,". Primary procedure pays at 100%, secondary at 50%, all subsequent at 25%.  Lesser of applies when negotiated rates exceed charges less addons.",6487,,,,,,,Case Rate,". MPL 100/50/25% maxmium of 3 procedures. All add ons apply, and lesser of 100% of billed charges",6487,,,,,,,Case Rate,". MPL 100/50/25% maxmium of 3 procedures. All add ons apply, and lesser of 100% of billed charges",,78,,,,,0,percent of total billed charges,78% of Billed Charges. Lesser of 100% of billed charges applies.; No services were performed during the 15 month look back period.,2925.7,,,,,,,Case Rate,"214 Percent of Medicaid APG. Drugs not priced under APG, billed with revenue code 636 and not priced by Medicare ASP FeeSched will be reimbursed at 20% of charges.",6487,,,,,,,Case Rate,". MPL 100/50/25% maxmium of 3 procedures. All add ons apply, and lesser of 100% of billed charges",1367.15,,,,,,,Case Rate,"100 Percent of Medicaid APG. ",4081.17,,,,,,,Case Rate,"100% Medicare OPPS FS. ",4081.17,,,,,,,Case Rate,"100% Medicare OPPS FS. ",4081.17,,,,,,,Case Rate,"100% Medicare OPPS FS. ",4081.17,,,,,,,Case Rate,"100% Medicare OPPS FS. ",4081.17,,,,,,,Case Rate,"100% Medicare OPPS FS. ",4081.17,,,,,,,Case Rate,"100% Medicare OPPS FS. ",6487,,,,,,,Case Rate,". MPL 100/50/25% maxmium of 3 procedures. All add ons apply, and lesser of 100% of billed charges",25798,,,,,,,Case Rate,". MPL 100/75/50% all add ons apply, and lesser of 100% of billed charges",2460.87,,,,,,,Fee Schedule,"180 Percent of Medicaid APG. ",2460.87,,,,,,,Fee Schedule,"180 Percent of Medicaid APG. ",2460.87,,,,,,,Fee Schedule,"180 Percent of Medicaid APG. ",2460.87,,,,,,,Fee Schedule,"180 Percent of Medicaid APG. ",2460.87,,,,,,,Fee Schedule,"180 Percent of Medicaid APG. ",,,,,,,,,"NA. ",25798,,,,,,,Case Rate,". MPL 100/75/50% all add ons apply, and lesser of 100% of billed charges",8080.71,,,,,,,Case Rate,198 Percent of Medicare OPPS. Metroplus will reimburse unlisted codes and described codes with no Medicare rate at 50 percent of charges.,8080.71,,,,,,,Case Rate,198 Percent of Medicare OPPS. Metroplus will reimburse unlisted codes and described codes with no Medicare rate at 50 percent of charges.,8080.71,,,,,,,Case Rate,198 Percent of Medicare OPPS. Metroplus will reimburse unlisted codes and described codes with no Medicare rate at 50 percent of charges.,8080.71,,,,,,,Case Rate,198 Percent of Medicare OPPS. Metroplus will reimburse unlisted codes and described codes with no Medicare rate at 50 percent of charges.,8080.71,,,,,,,Case Rate,198 Percent of Medicare OPPS. Metroplus will reimburse unlisted codes and described codes with no Medicare rate at 50 percent of charges.,4081.17,,,,,,,Case Rate,"100% Medicare OPPS FS. ",12574,,,,,,,Case Rate,". Primary procedure pays at 100%, all subsequent at 50%.",12574,,,,,,,Case Rate,". Primary procedure pays at 100%, all subsequent at 50%.",12574,,,,,,,Case Rate,". Primary procedure pays at 100%, all subsequent at 50%.",12574,,,,,,,Case Rate,". Primary procedure pays at 100%, all subsequent at 50%.",10024,,,,,,,Case Rate,". Primary procedure pays at 100%, secondary at 50%, all subsequent at 25%.  Lesser of applies when negotiated rates exceed charges less addons.",10024,,,,,,,Case Rate,". Primary procedure pays at 100%, secondary at 50%, all subsequent at 25%.  Lesser of applies when negotiated rates exceed charges less addons.",10024,,,,,,,Case Rate,". Primary procedure pays at 100%, secondary at 50%, all subsequent at 25%.  Lesser of applies when negotiated rates exceed charges less addons.",10024,,,,,,,Case Rate,". Primary procedure pays at 100%, secondary at 50%, all subsequent at 25%.  Lesser of applies when negotiated rates exceed charges less addons.",25798,,,,,,,Case Rate,". MPL 100/75/50% all add ons apply, and lesser of 100% of billed charges",25798,,,,,,,Case Rate,". MPL 100/75/50% all add ons apply, and lesser of 100% of billed charges",4081.17,,,,,,,Case Rate,"100% Medicare OPPS FS. ",4081.17,,,,,,,Case Rate,"100% Medicare OPPS FS. ",4081.17,,,,,,,Case Rate,"100% Medicare OPPS FS. ",13586,,,,,,,Case Rate,". MPL 100/50/25% all add ons apply, and lesser of 100% of billed charges",13586,,,,,,,Case Rate,". MPL 100/50/25% all add ons apply, and lesser of 100% of billed charges",13586,,,,,,,Case Rate,". MPL 100/50/25% all add ons apply, and lesser of 100% of billed charges",25798,,,,,,,Case Rate,". MPL 100/75/50% all add ons apply, and lesser of 100% of billed charges",10024,,,,,,,Case Rate,". Primary procedure pays at 100%, secondary at 50%, all subsequent at 25%.  Lesser of applies when negotiated rates exceed charges less addons.",4081.17,,,,,,,Case Rate,"100% Medicare OPPS FS. ",13586,,,,,,,Case Rate,". MPL 100/50/25% all add ons apply, and lesser of 100% of billed charges",1367.15,,,,,,,Case Rate,"100 Percent of Medicaid APG. ",4162.79,,,,,,,Case Rate,"102% of Medicare OPPS. ",4162.79,,,,,,,Case Rate,"102% of Medicare OPPS. ",4162.79,,,,,,,Case Rate,"102% of Medicare OPPS. ",1367.15,,,,,,,Case rate,"100 Percent of Medicaid APG. ",3076.09,,,,,,,Case Rate,225% of NYS APG. Lesser of 100% of billed charges applies.,3076.09,,,,,,,Case Rate,225% of NYS APG. Lesser of 100% of billed charges applies.,3076.09,,,,,,,Case Rate,225% of NYS APG. Lesser of 100% of billed charges applies.,3076.09,,,,,,,Case Rate,225% of NYS APG. Lesser of 100% of billed charges applies.,3076.09,,,,,,,Case Rate,225% of NYS APG. Lesser of 100% of billed charges applies.,4162.79,,,,,,,Case Rate,"102% of Medicare OPPS. ",1367.15,,,,,,,Case Rate,"100 Percent of Medicaid APG. ",1558.76,,,,,,,Case Rate,100% of PAS. Lesser of 100% of billed charges applies.,3076.09,,,,,,,Case Rate,225% of NYS APG. Lesser of 100% of billed charges applies.,3076.09,,,,,,,Case Rate,225% of NYS APG. Lesser of 100% of billed charges applies.,1558.76,,,,,,,Case Rate,100% of PAS. Lesser of 100% of billed charges applies.,1558.76,,,,,,,Case Rate,100% of PAS. Lesser of 100% of billed charges applies.,2460.87,,,,,,,Fee Schedule,"180 Percent of Medicaid APG. ",4081.17,,,,,,,Case Rate,"100% Medicare OPPS FS. ",4081.17,,,,,,,Case Rate,"100% Medicare OPPS FS. ",10024,,,,,,,Case Rate,". Primary procedure pays at 100%, secondary at 50%, all subsequent at 25%.  Lesser of applies when negotiated rates exceed charges less addons.",4081.17,,,,,,,Case Rate,"100% Medicare OPPS FS. ",3076.09,,,,,,,Case Rate,"225 Percent of Medicaid APG. ",3076.09,,,,,,,Case Rate,"225 Percent of Medicaid APG. ",1367.15,,,,,,,Case rate,"100 Percent of Medicaid APG. ",1367.15,,,,,,,Case rate,"100 Percent of Medicaid APG. ",3076.09,,,,,,,Case Rate,225 Percent of Medicaid APG. Covered services not payable under Medicaid Fee Schedules default to a payment of 87.5 percent of charges.,1367.15,,,,,,,Case rate,124 Percent of Medicaid APG. Covered services not payable under Medicaid Fee Schedules default to a payment of 50 percent of charges.,3076.09,,,,,,,Case Rate,"100 Percent of Medicaid APG. ",3076.09,,,,,,,Case Rate,"100 Percent of Medicaid APG. ",3076.09,,,,,,,Case Rate,"100 Percent of Medicaid APG. ",3076.09,,,,,,,Case Rate,"100 Percent of Medicaid APG. ",13453,,,,,,,Case Rate,". MPL 100/75/50% all add ons apply, and lesser of 100% of billed charges",25798,,,,,,,Case Rate,". MPL 100/75/50% all add ons apply, and lesser of 100% of billed charges",1640.58,,,,,,,Case Rate,"120 Percent of Medicaid APG. Not APG payable, or payable under another fee schedule like ASP/AWP pays at 30% of charges",1640.58,,,,,,,Case Rate,"120 Percent of Medicaid APG. Not APG payable, or payable under another fee schedule like ASP/AWP pays at 30% of charges",1367.15,,,,,,,Case Rate,"100 Percent of Medicaid APG. Not APG payable, or payable under another fee schedule like ASP/AWP pays at 30% of charges",1367.15,,,,,,,Case Rate,"100 Percent of Medicaid APG. Not APG payable, or payable under another fee schedule like ASP/AWP pays at 30% of charges",13586,,,,,,,Case Rate,". MPL 100/50/25% all add ons apply, and lesser of 100% of billed charges",13586,,,,,,,Case Rate,". MPL 100/50/25% all add ons apply, and lesser of 100% of billed charges",4081.17,,,,,,,Case Rate,"100% Medicare OPPS FS. ",13586,,,,,,,Case Rate,". MPL 100/50/25% all add ons apply, and lesser of 100% of billed charges",13586,,,,,,,Case Rate,". MPL 100/50/25% all add ons apply, and lesser of 100% of billed charges",13586,,,,,,,Case Rate,". MPL 100/50/25% all add ons apply, and lesser of 100% of billed charges",13586,,,,,,,Case Rate,". MPL 100/50/25% all add ons apply, and lesser of 100% of billed charges",4081.17,,,,,,,Case Rate,"100% Medicare OPPS FS. ",13586,,,,,,,Case Rate,". MPL 100/50/25% all add ons apply, and lesser of 100% of billed charges",13586,,,,,,,Case Rate,". MPL 100/50/25% all add ons apply, and lesser of 100% of billed charges",10024,,,,,,,Case Rate,". Primary procedure pays at 100%, secondary at 50%, all subsequent at 25%.  Lesser of applies when negotiated rates exceed charges less addons.",1367.15,,,,,,,Fee Schedule,100% APG. Lesser of 100% of billed charges applies.,1367.15,,,,,,,Case rate,124 Percent of Medicaid APG. Covered services not payable under Medicaid Fee Schedules default to a payment of 50 percent of charges.,3076.09,,,,,,,Case Rate,225% of NYS APG. Lesser of 100% of billed charges applies.,3076.09,,,,,,,Case Rate,225 Percent of Medicaid APG. Covered services not payable under Medicaid Fee Schedules default to a payment of 87.5 percent of charges.,1367.15,,,,,,,Case rate,124 Percent of Medicaid APG. Covered services not payable under Medicaid Fee Schedules default to a payment of 50 percent of charges.,3076.09,,,,,,,Case Rate,225% of NYS APG. Lesser of 100% of billed charges applies.,3076.09,,,,,,,Case Rate,225% of NYS APG. Lesser of 100% of billed charges applies.,3076.09,,,,,,,Case Rate,225% of NYS APG. Lesser of 100% of billed charges applies.,3076.09,,,,,,,Case Rate,225% of NYS APG. Lesser of 100% of billed charges applies.,3076.09,,,,,,,Case Rate,225% of NYS APG. Lesser of 100% of billed charges applies.,3076.09,,,,,,,Case Rate,225% of NYS APG. Lesser of 100% of billed charges applies.,,,,,,,,,"NA. ",,,,,,,,,"NA. ",,,,,,,,,"NA. ",6487,,,,,,,Case Rate,". MPL 100/50/25% maxmium of 3 procedures. All add ons apply, and lesser of 100% of billed charges",,,,,,,,,"NA. ",4081.17,,,,,,,Case Rate,"100% Medicare OPPS FS. ",7084,,,,,,,Case Rate,". MPL 1st 100% of Payment Rate 50% of all others, all add ons apply, and lesser of 100% of billed charges.",4081.17,,,,,,,Case Rate,"100% Medicare OPPS FS. ",4081.17,,,,,,,Case Rate,"100% Medicare OPPS FS. ",1640.58,,,,,,,Case Rate,"120 Percent of Medicaid APG. Not APG payable, or payable under another fee schedule like ASP/AWP pays at 30% of charges",1640.58,,,,,,,Case Rate,"120 Percent of Medicaid APG. Not APG payable, or payable under another fee schedule like ASP/AWP pays at 30% of charges",1367.15,,,,,,,Case Rate,"100 Percent of Medicaid APG. Not APG payable, or payable under another fee schedule like ASP/AWP pays at 30% of charges",1367.15,,,,,,,Case Rate,"100 Percent of Medicaid APG. Not APG payable, or payable under another fee schedule like ASP/AWP pays at 30% of charges",1367.15,,,,,,,Case Rate,"100 Percent of Medicaid APG. ",7163,,,,,,,Case Rate,". ",10024,,,,,,,Case Rate,". Primary procedure pays at 100%, secondary at 50%, all subsequent at 25%.  Lesser of applies when negotiated rates exceed charges less addons.",8427,,,,,,,Case Rate,". Primary procedure pays at 100%, all subsequent at 50%.",6487,,,,,,,Case Rate,". MPL 100/50/25% maxmium of 3 procedures. All add ons apply, and lesser of 100% of billed charges",4081.17,,,,,,,Case Rate,"100%Medicare OPPS FS. ",4081.17,,,,,,,Case Rate,"100% Medicare OPPS FS. ",4081.17,,,,,,,Case Rate,"100% Medicare OPPS FS. ",4081.17,,,,,,,Case Rate,"100% Medicare OPPS FS. ",4081.17,,,,,,,Case Rate,"100%Medicare OPPS FS. ",4081.17,,,,,,,Case Rate,"100% Medicare OPPS FS. ",,,,,,,,,"NA. ",3076.09,,,,,,,Case Rate,225% of NYS APG. Lesser of 100% of billed charges applies.,1558.76,,,,,,,Case Rate,100% of PAS. Lesser of 100% of billed charges applies.,13586,,,,,,,Case Rate,". MPL 100/50/25% all add ons apply, and lesser of 100% of billed charges",7163,,,,,,,Case Rate,". ",7163,,,,,,,Case Rate,". ",7163,,,,,,,Case Rate,". ",7163,,,,,,,Case Rate,". ",4081.17,,,,,,,Case Rate,"100% Medicare OPPS FS. ",1367.15,,,,,,,Case Rate,"100 Percent of Medicaid APG. ",13586,,,,,,,Case Rate,". MPL 100/50/25% all add ons apply, and lesser of 100% of billed charges",1367.15,,,,,,,Case Rate,"100 Percent of Medicaid APG. ",4081.17,,,,,,,Case Rate,"100% Medicare OPPS FS. ",1367.15,,,,,,,Case Rate,"100 Percent of Medicaid APG. ",4081.17,,,,,,,Case Rate,"100% Medicare OPPS FS. ",4081.17,,,,,,,Case Rate,"100% Medicare OPPS FS. ",1367.15,,,,,,,Case Rate,"100 Percent of Medicaid APG. ",1367.15,,,,,,,Case Rate,"100 Percent of Medicaid APG. ",7163,,,,,,,Case Rate,". ",6487,,,,,,,Case Rate,". MPL 100/50/25% maxmium of 3 procedures. All add ons apply, and lesser of 100% of billed charges",,78,,,,,0,percent of total billed charges,78% of Billed Charges. Lesser of 100% of billed charges applies.; No services were performed during the 15 month look back period.,8135.56,,,,,,,Case Rate,". MPL 100/50/25% all add ons apply, and lesser of 100% of billed charges",8135.56,,,,,,,Case Rate,". MPL 100/50/25% all add ons apply, and lesser of 100% of billed charges",10024,,,,,,,Case Rate,". Primary procedure pays at 100%, secondary at 50%, all subsequent at 25%.  Lesser of applies when negotiated rates exceed charges less addons.",1589.47,,,,,,,Case Rate,"83% HF Fee schedule. ",12574,,,,,,,Case Rate,". Primary procedure pays at 100%, all subsequent at 50%.",12574,,,,,,,Case Rate,". Primary procedure pays at 100%, all subsequent at 50%.",10869,,,,,,,Case Rate,". MPL 100/50/25% all add ons apply, and lesser of 100% of billed charges",10869,,,,,,,Case Rate,". MPL 100/50/25% all add ons apply, and lesser of 100% of billed charges",4081.17,,,,,,,Case Rate,"100% Medicare OPPS FS. ",4081.17,,,,,,,Case Rate,"100% Medicare OPPS FS. ",4081.17,,,,,,,Case Rate,"100% Medicare OPPS FS. ",4081.17,,,,,,,Case Rate,"100% Medicare OPPS FS. ",8135.56,,,,,,,Case Rate,". MPL 100/50/25% all add ons apply, and lesser of 100% of billed charges",13586,,,,,,,Case Rate,". MPL 100/50/25% all add ons apply, and lesser of 100% of billed charges",13586,,,,,,,Case Rate,". MPL 100/50/25% all add ons apply, and lesser of 100% of billed charges",4081.17,,,,,,,Case Rate,"100% Medicare OPPS FS. ",10869,,,,,,,Case Rate,". MPL 100/50/25% all add ons apply, and lesser of 100% of billed charges",8427,,,,,,,Case Rate,". Primary procedure pays at 100%, all subsequent at 50%.",1640.58,,,,,,,Fee Schedule,"120 Percent of Medicaid APG. ",1367.15,,,,,,,Case Rate,"100 Percent of Medicaid APG. ",7163,,,,,,,Case Rate,". ",12227,,,,,,,Case Rate,". MPL 100/50/25% all add ons apply, and lesser of 100% of billed charges",12227,,,,,,,Case Rate,". MPL 100/50/25% all add ons apply, and lesser of 100% of billed charges",13586,,,,,,,Case Rate,". MPL 100/50/25% all add ons apply, and lesser of 100% of billed charges",14948,,,,,,,Case Rate,". MPL 100/75/50% all add ons apply, and lesser of 100% of billed charges",4081.17,,,,,,,Case Rate,"100%Medicare OPPS FS. ",1435.51,,,,,,,Fee Schedule,105 percent of Medicaid APG. otherwise 105% of Ordered NYS MCD FS or 105% of ASP+6%,1435.51,,,,,,,Fee Schedule,105 percent of Medicaid APG. otherwise 105% of Ordered NYS MCD FS or 105% of ASP+6%,1435.51,,,,,,,Fee Schedule,105 percent of Medicaid APG. otherwise 105% of Ordered NYS MCD FS or 105% of ASP+6%,1845.65,,,,,,,Fee Schedule,135 percent of Medicaid APG. otherwise 135% of Ordered NYS MCD FS or 135% of ASP+6%,8135.56,,,,,,,Case Rate,". MPL 100/50/25% all add ons apply, and lesser of 100% of billed charges",1435.51,,,,,,,Fee Schedule,105 percent of Medicaid APG. otherwise 105% of Ordered NYS MCD FS or 105% of ASP+6%,1435.51,,,,,,,Fee Schedule,105 percent of Medicaid APG. otherwise 105% of Ordered NYS MCD FS or 105% of ASP+6%,1435.51,,,,,,,Fee Schedule,105 percent of Medicaid APG. otherwise 105% of Ordered NYS MCD FS or 105% of ASP+6%,1435.51,,,,,,,Fee Schedule,105 percent of Medicaid APG. otherwise 105% of Ordered NYS MCD FS or 105% of ASP+6%,1435.51,,,,,,,Fee Schedule,105 percent of Medicaid APG. otherwise 105% of Ordered NYS MCD FS or 105% of ASP+6%,1845.65,,,,,,,Fee Schedule,135 percent of Medicaid APG. otherwise 135% of Ordered NYS MCD FS or 135% of ASP+6%,1845.65,,,,,,,Fee Schedule,135 percent of Medicaid APG. otherwise 135% of Ordered NYS MCD FS or 135% of ASP+6%,4081.17,,,,,,,Case Rate,"100% Medicare OPPS FS. ",8135.56,,,,,,,Case Rate,". MPL 100/50/25% all add ons apply, and lesser of 100% of billed charges",4081.17,,,,,,,Case Rate,"100% Medicare OPPS FS. ",1435.51,,,,,,,Fee Schedule,105 percent of Medicaid APG. otherwise 105% of Ordered NYS MCD FS or 105% of ASP+6%,13586,,,,,,,Case Rate,". MPL 100/50/25% all add ons apply, and lesser of 100% of billed charges",4081.17,,,,,,,Case Rate,"100% Medicare OPPS FS. ",13586,,,,,,,Case Rate,". MPL 100/50/25% all add ons apply, and lesser of 100% of billed charges",13586,,,,,,,Case Rate,". MPL 100/50/25% all add ons apply, and lesser of 100% of billed charges",13586,,,,,,,Case Rate,". MPL 100/50/25% all add ons apply, and lesser of 100% of billed charges",1435.51,,,,,,,Fee Schedule,105 percent of Medicaid APG. otherwise 105% of Ordered NYS MCD FS or 105% of ASP+6%,4081.17,,,,,,,Case Rate,"100% Medicare OPPS FS. ",13586,,,,,,,Case Rate,". MPL 100/50/25% all add ons apply, and lesser of 100% of billed charges",1845.65,,,,,,,Fee Schedule,135 percent of Medicaid APG. otherwise 135% of Ordered NYS MCD FS or 135% of ASP+6%,13586,,,,,,,Case Rate,". MPL 100/50/25% all add ons apply, and lesser of 100% of billed charges",,200,,,,,0,Case Rate,200% of Medicare OPPS. ; No services were performed during the 15 month look back period.,4081.17,,,,,,,Case Rate,"100%Medicare OPPS FS. ",7163,,,,,,,Case Rate,". ",7163,,,,,,,Case Rate,". ",7163,,,,,,,Case Rate,". ",7163,,,,,,,Case Rate,". ",7163,,,,,,,Case Rate,". ",8427,,,,,,,Case Rate,". Primary procedure pays at 100%, all subsequent at 50%.",8427,,,,,,,Case Rate,". Primary procedure pays at 100%, all subsequent at 50%.",7163,,,,,,,Case Rate,". ",7163,,,,,,,Case Rate,". ",7163,,,,,,,Case Rate,". ",7163,,,,,,,Case Rate,". ",7163,,,,,,,Case Rate,". ",4081.17,,,,,,,Case Rate,"100% Medicare OPPS FS. ",8427,,,,,,,Case Rate,". Primary procedure pays at 100%, all subsequent at 50%.",4081.17,,,,,,,Case Rate,"100% Medicare OPPS FS. ",3076.09,,,,,,,Case Rate,"225 Percent of Medicaid APG. If not included in Medicaid APG, then 100 Percent of Manhattan Medicare",1367.15,,,,,,,Case Rate,"100 Percent of Medicaid APG. ",8135.56,,,,,,,Case Rate,". MPL 100/50/25% all add ons apply, and lesser of 100% of billed charges",8135.56,,,,,,,Case Rate,". MPL 100/50/25% all add ons apply, and lesser of 100% of billed charges",4081.17,,,,,,,Case Rate,"100% Medicare OPPS FS. ",12574,,,,,,,Case Rate,". Primary procedure pays at 100%, all subsequent at 50%.",4081.17,,,,,,,Case Rate,"100% Medicare OPPS FS. ",4081.17,,,,,,,Case Rate,"100% Medicare OPPS FS. ",10024,,,,,,,Case Rate,". Primary procedure pays at 100%, secondary at 50%, all subsequent at 25%.  Lesser of applies when negotiated rates exceed charges less addons.",4081.17,,,,,,,Case Rate,"100% Medicare OPPS FS. ",6487,,,,,,,Case Rate,". MPL 100/50/25% maxmium of 3 procedures. All add ons apply, and lesser of 100% of billed charges",4081.17,,,,,,,Case Rate,"100% Medicare OPPS FS. ",6487,,,,,,,Case Rate,". MPL 100/50/25% maxmium of 3 procedures. All add ons apply, and lesser of 100% of billed charges",10024,,,,,,,Case Rate,". Primary procedure pays at 100%, secondary at 50%, all subsequent at 25%.  Lesser of applies when negotiated rates exceed charges less addons.",6487,,,,,,,Case Rate,". MPL 100/50/25% maxmium of 3 procedures. All add ons apply, and lesser of 100% of billed charges",4081.17,,,,,,,Case Rate,"100% Medicare OPPS FS. ",1367.15,,,,,,,Case Rate,"100 Percent of Medicaid APG. ",4081.17,,,,,,,Case Rate,"100% Medicare OPPS FS. ",6487,,,,,,,Case Rate,". MPL 100/50/25% maxmium of 3 procedures. All add ons apply, and lesser of 100% of billed charges",8135.56,,,,,,,Case Rate,". MPL 100/50/25% all add ons apply, and lesser of 100% of billed charges",1367.15,,,,,,,Case Rate,"100 Percent of Medicaid APG. ",13586,,,,,,,Case Rate,". MPL 100/50/25% all add ons apply, and lesser of 100% of billed charges",1640.58,,,,,,,Fee Schedule,"120 Percent of Medicaid APG. ",1640.58,,,,,,,Fee Schedule,"120 Percent of Medicaid APG. ",13586,,,,,,,Case Rate,". MPL 100/50/25% all add ons apply, and lesser of 100% of billed charges",13586,,,,,,,Case Rate,". MPL 100/50/25% all add ons apply, and lesser of 100% of billed charges",13586,,,,,,,Case Rate,". MPL 100/50/25% all add ons apply, and lesser of 100% of billed charges",8135.56,,,,,,,Case Rate,". MPL 100/50/25% all add ons apply, and lesser of 100% of billed charges",13586,,,,,,,Case Rate,". MPL 100/50/25% all add ons apply, and lesser of 100% of billed charges",13586,,,,,,,Case Rate,". MPL 100/50/25% all add ons apply, and lesser of 100% of billed charges",13586,,,,,,,Case Rate,". MPL 100/50/25% all add ons apply, and lesser of 100% of billed charges",7163,,,,,,,Case Rate,". ",7163,,,,,,,Case Rate,". ",8080.71,,,,,,,Case Rate,198 Percent of Medicare OPPS. Metroplus will reimburse unlisted codes and described codes with no Medicare rate at 50 percent of charges.,1367.15,,,,,,,Case Rate,"100 Percent of Medicaid APG. ",8135.56,,,,,,,Case Rate,". MPL 100/50/25% all add ons apply, and lesser of 100% of billed charges",6487,,,,,,,Case Rate,". MPL 100/50/25% maxmium of 3 procedures. All add ons apply, and lesser of 100% of billed charges",10024,,,,,,,Case Rate,". Primary procedure pays at 100%, secondary at 50%, all subsequent at 25%.  Lesser of applies when negotiated rates exceed charges less addons.",8135.56,,,,,,,Case Rate,". MPL 100/50/25% all add ons apply, and lesser of 100% of billed charges",10024,,,,,,,Case Rate,". Primary procedure pays at 100%, secondary at 50%, all subsequent at 25%.  Lesser of applies when negotiated rates exceed charges less addons.",8135.56,,,,,,,Case Rate,". MPL 100/50/25% all add ons apply, and lesser of 100% of billed charges",13586,,,,,,,Case Rate,". MPL 100/50/25% all add ons apply, and lesser of 100% of billed charges",13586,,,,,,,Case Rate,". MPL 100/50/25% all add ons apply, and lesser of 100% of billed charges",13586,,,,,,,Case Rate,". MPL 100/50/25% all add ons apply, and lesser of 100% of billed charges",13586,,,,,,,Case Rate,". MPL 100/50/25% all add ons apply, and lesser of 100% of billed charges",4081.17,,,,,,,Case Rate,"100% Medicare OPPS FS. ",1367.15,25798,
54860,CPT,,,490,RC,REMOVAL OF EPIDIDYMIS,,,both,,,,7084,,,,,,,Case Rate,". MPL 1st 100% of Payment Rate 50% of all others, all add ons apply, and lesser of 100% of billed charges.",7084,,,,,,,Case Rate,". MPL 1st 100% of Payment Rate 50% of all others, all add ons apply, and lesser of 100% of billed charges.",10024,,,,,,,Case Rate,". Primary procedure pays at 100%, secondary at 50%, all subsequent at 25%.  Lesser of applies when negotiated rates exceed charges less addons.",,100,,,,,0,percent of total billed charges,100 percent of billed charges. ; No services were performed during the 15 month look back period.,4081.17,,,,,,,Case Rate,"100% Medicare OPPS FS. ",10024,,,,,,,Case Rate,". Primary procedure pays at 100%, secondary at 50%, all subsequent at 25%.  Lesser of applies when negotiated rates exceed charges less addons.",10024,,,,,,,Case Rate,". Primary procedure pays at 100%, secondary at 50%, all subsequent at 25%.  Lesser of applies when negotiated rates exceed charges less addons.",10024,,,,,,,Case Rate,". Primary procedure pays at 100%, secondary at 50%, all subsequent at 25%.  Lesser of applies when negotiated rates exceed charges less addons.",2109.47,,,,,,,Case Rate,"100 Percent of Medicaid APG. ",1757.89,,,,,,,Case Rate,"100 Percent of Medicaid APG. ",,78,,,,,0,percent of total billed charges,78% of Billed Charges. Lesser of 100% of billed charges applies.; No services were performed during the 15 month look back period.,9024.56,,,,,,,Case Rate,". MPL 100/50/25% all add ons apply, and lesser of 100% of billed charges",1757.89,,,,,,,Case Rate,"100 Percent of Medicaid APG. ",4081.17,,,,,,,Case Rate,"100% Medicare OPPS FS. ",6487,,,,,,,Case Rate,". MPL 100/50/25% maxmium of 3 procedures. All add ons apply, and lesser of 100% of billed charges",6487,,,,,,,Case Rate,". MPL 100/50/25% maxmium of 3 procedures. All add ons apply, and lesser of 100% of billed charges",6487,,,,,,,Case Rate,". MPL 100/50/25% maxmium of 3 procedures. All add ons apply, and lesser of 100% of billed charges",6487,,,,,,,Case Rate,". MPL 100/50/25% maxmium of 3 procedures. All add ons apply, and lesser of 100% of billed charges",1757.89,,,,,,,Case rate,124 Percent of Medicaid APG. Covered services not payable under Medicaid Fee Schedules default to a payment of 50 percent of charges.,4081.17,,,,,,,Case Rate,"100% Medicare OPPS FS. ",1757.89,,,,,,,Case rate,124 Percent of Medicaid APG. Covered services not payable under Medicaid Fee Schedules default to a payment of 50 percent of charges.,,78,,,,,0,percent of total billed charges,78% of Billed Charges. Lesser of 100% of billed charges applies.; No services were performed during the 15 month look back period.,10024,,,,,,,Case Rate,". Primary procedure pays at 100%, secondary at 50%, all subsequent at 25%.  Lesser of applies when negotiated rates exceed charges less addons.",4081.17,,,,,,,Case Rate,"100%Medicare OPPS FS. ",8427,,,,,,,Case Rate,". Primary procedure pays at 100%, all subsequent at 50%.",4081.17,,,,,,,Case Rate,"100%Medicare OPPS FS. ",4081.17,,,,,,,Case Rate,"100%Medicare OPPS FS. ",,78,,,,,0,percent of total billed charges,78% of Billed Charges. Lesser of 100% of billed charges applies.; No services were performed during the 15 month look back period.,894.73,,,,,,,Case Rate,100% of PAS. Lesser of 100% of billed charges applies.,894.73,,,,,,,Case Rate,100% of PAS. Lesser of 100% of billed charges applies.,1757.89,,,,,,,Case rate,"100 Percent of Medicaid APG. ",1757.89,,,,,,,Case rate,"100 Percent of Medicaid APG. ",8427,,,,,,,Case Rate,". Primary procedure pays at 100%, all subsequent at 50%.",8427,,,,,,,Case Rate,". Primary procedure pays at 100%, all subsequent at 50%.",1757.89,,,,,,,Case Rate,"100 Percent of Medicaid APG. Not APG payable, or payable under another fee schedule like ASP/AWP pays at 30% of charges",8427,,,,,,,Case Rate,". Primary procedure pays at 100%, all subsequent at 50%.",1757.89,,,,,,,Case Rate,"100 Percent of Medicaid APG. Not APG payable, or payable under another fee schedule like ASP/AWP pays at 30% of charges",4081.17,,,,,,,Case Rate,"100%Medicare OPPS FS. ",8427,,,,,,,Case Rate,". Primary procedure pays at 100%, all subsequent at 50%.",,78,,,,,0,percent of total billed charges,78% of Billed Charges. Lesser of 100% of billed charges applies.; No services were performed during the 15 month look back period.,1757.89,,,,,,,Case Rate,"100 Percent of Medicaid APG. ",1757.89,,,,,,,Case Rate,"100 Percent of Medicaid APG. ",,78,,,,,0,percent of total billed charges,78% of Billed Charges. Lesser of 100% of billed charges applies.; No services were performed during the 15 month look back period.,6487,,,,,,,Case Rate,". MPL 100/50/25% maxmium of 3 procedures. All add ons apply, and lesser of 100% of billed charges",7929,,,,,,,Case Rate,". MPL 100/50/25% all add ons apply, and lesser of 100% of billed charges",7929,,,,,,,Case Rate,". MPL 100/50/25% all add ons apply, and lesser of 100% of billed charges",,78,,,,,0,percent of total billed charges,78% of Billed Charges. Lesser of 100% of billed charges applies.; No services were performed during the 15 month look back period.,4081.17,,,,,,,Case Rate,"100% Medicare OPPS FS. ",9024.56,,,,,,,Case Rate,". MPL 100/50/25% all add ons apply, and lesser of 100% of billed charges",9024.56,,,,,,,Case Rate,". MPL 100/50/25% all add ons apply, and lesser of 100% of billed charges",9024.56,,,,,,,Case Rate,". MPL 100/50/25% all add ons apply, and lesser of 100% of billed charges",4081.17,,,,,,,Case Rate,"100% Medicare OPPS FS. ",9024.56,,,,,,,Case Rate,". MPL 100/50/25% all add ons apply, and lesser of 100% of billed charges",9024.56,,,,,,,Case Rate,". MPL 100/50/25% all add ons apply, and lesser of 100% of billed charges",4081.17,,,,,,,Case Rate,"100% of Medicare OPPS. ",25798,,,,,,,Case Rate,". MPL 100/75/50% all add ons apply, and lesser of 100% of billed charges",10351,,,,,,,Case Rate,". MPL 100/50/25% all add ons apply, and lesser of 100% of billed charges",10351,,,,,,,Case Rate,". MPL 100/50/25% all add ons apply, and lesser of 100% of billed charges",10351,,,,,,,Case Rate,". MPL 100/50/25% all add ons apply, and lesser of 100% of billed charges",10351,,,,,,,Case Rate,". MPL 100/50/25% all add ons apply, and lesser of 100% of billed charges",10351,,,,,,,Case Rate,". MPL 100/50/25% all add ons apply, and lesser of 100% of billed charges",10351,,,,,,,Case Rate,". MPL 100/50/25% all add ons apply, and lesser of 100% of billed charges",4081.17,,,,,,,Case Rate,"100% Medicare OPPS FS. ",4081.17,,,,,,,Case Rate,"100% Medicare OPPS FS. ",10351,,,,,,,Case Rate,". MPL 100/50/25% all add ons apply, and lesser of 100% of billed charges",,78,,,,,0,percent of total billed charges,78% of Billed Charges. Lesser of 100% of billed charges applies.; No services were performed during the 15 month look back period.,,78,,,,,0,percent of total billed charges,78% of Billed Charges. Lesser of 100% of billed charges applies.; No services were performed during the 15 month look back period.,,78,,,,,0,percent of total billed charges,78% of Billed Charges. Lesser of 100% of billed charges applies.; No services were performed during the 15 month look back period.,,78,,,,,0,percent of total billed charges,78% of Billed Charges. Lesser of 100% of billed charges applies.; No services were performed during the 15 month look back period.,,78,,,,,0,percent of total billed charges,78% of Billed Charges. Lesser of 100% of billed charges applies.; No services were performed during the 15 month look back period.,,78,,,,,0,percent of total billed charges,78% of Billed Charges. Lesser of 100% of billed charges applies.; No services were performed during the 15 month look back period.,,78,,,,,0,percent of total billed charges,78% of Billed Charges. Lesser of 100% of billed charges applies.; No services were performed during the 15 month look back period.,,78,,,,,0,percent of total billed charges,78% of Billed Charges. Lesser of 100% of billed charges applies.; No services were performed during the 15 month look back period.,,78,,,,,0,percent of total billed charges,78% of Billed Charges. Lesser of 100% of billed charges applies.; No services were performed during the 15 month look back period.,,78,,,,,0,percent of total billed charges,78% of Billed Charges. Lesser of 100% of billed charges applies.; No services were performed during the 15 month look back period.,,78,,,,,0,percent of total billed charges,78% of Billed Charges. Lesser of 100% of billed charges applies.; No services were performed during the 15 month look back period.,,78,,,,,0,percent of total billed charges,78% of Billed Charges. Lesser of 100% of billed charges applies.; No services were performed during the 15 month look back period.,,78,,,,,0,percent of total billed charges,78% of Billed Charges. Lesser of 100% of billed charges applies.; No services were performed during the 15 month look back period.,,78,,,,,0,percent of total billed charges,78% of Billed Charges. Lesser of 100% of billed charges applies.; No services were performed during the 15 month look back period.,,78,,,,,0,percent of total billed charges,78% of Billed Charges. Lesser of 100% of billed charges applies.; No services were performed during the 15 month look back period.,,78,,,,,0,percent of total billed charges,78% of Billed Charges. Lesser of 100% of billed charges applies.; No services were performed during the 15 month look back period.,,78,,,,,0,percent of total billed charges,78% of Billed Charges. Lesser of 100% of billed charges applies.; No services were performed during the 15 month look back period.,,78,,,,,0,percent of total billed charges,78% of Billed Charges. Lesser of 100% of billed charges applies.; No services were performed during the 15 month look back period.,,78,,,,,0,percent of total billed charges,78% of Billed Charges. Lesser of 100% of billed charges applies.; No services were performed during the 15 month look back period.,,78,,,,,0,percent of total billed charges,78% of Billed Charges. Lesser of 100% of billed charges applies.; No services were performed during the 15 month look back period.,,78,,,,,0,percent of total billed charges,78% of Billed Charges. Lesser of 100% of billed charges applies.; No services were performed during the 15 month look back period.,,78,,,,,0,percent of total billed charges,78% of Billed Charges. Lesser of 100% of billed charges applies.; No services were performed during the 15 month look back period.,,78,,,,,0,percent of total billed charges,78% of Billed Charges. Lesser of 100% of billed charges applies.; No services were performed during the 15 month look back period.,,78,,,,,0,percent of total billed charges,78% of Billed Charges. Lesser of 100% of billed charges applies.; No services were performed during the 15 month look back period.,,78,,,,,0,percent of total billed charges,78% of Billed Charges. Lesser of 100% of billed charges applies.; No services were performed during the 15 month look back period.,,78,,,,,0,percent of total billed charges,78% of Billed Charges. Lesser of 100% of billed charges applies.; No services were performed during the 15 month look back period.,8427,,,,,,,Case Rate,". Primary procedure pays at 100%, all subsequent at 50%.",8427,,,,,,,Case Rate,". Primary procedure pays at 100%, all subsequent at 50%.",8427,,,,,,,Case Rate,". Primary procedure pays at 100%, all subsequent at 50%.",8427,,,,,,,Case Rate,". Primary procedure pays at 100%, all subsequent at 50%.",12574,,,,,,,Case Rate,". Primary procedure pays at 100%, all subsequent at 50%.",12574,,,,,,,Case Rate,". Primary procedure pays at 100%, all subsequent at 50%.",6487,,,,,,,Case Rate,". MPL 100/50/25% maxmium of 3 procedures. All add ons apply, and lesser of 100% of billed charges",10351,,,,,,,Case Rate,". MPL 100/50/25% all add ons apply, and lesser of 100% of billed charges",9024.56,,,,,,,Case Rate,". MPL 100/50/25% all add ons apply, and lesser of 100% of billed charges",10351,,,,,,,Case Rate,". MPL 100/50/25% all add ons apply, and lesser of 100% of billed charges",,78,,,,,0,percent of total billed charges,78% of Billed Charges. Lesser of 100% of billed charges applies.; No services were performed during the 15 month look back period.,12574,,,,,,,Case Rate,". Primary procedure pays at 100%, all subsequent at 50%.",10351,,,,,,,Case Rate,". MPL 100/50/25% all add ons apply, and lesser of 100% of billed charges",9024.56,,,,,,,Case Rate,". MPL 100/50/25% all add ons apply, and lesser of 100% of billed charges",6487,,,,,,,Case Rate,". MPL 100/50/25% maxmium of 3 procedures. All add ons apply, and lesser of 100% of billed charges",,,,,,,,,"NA. ",,78,,,,,0,percent of total billed charges,78% of Billed Charges. Lesser of 100% of billed charges applies.; No services were performed during the 15 month look back period.,1757.89,,,,,,,Case Rate,"100 Percent of Medicaid APG. ",8427,,,,,,,Case Rate,". Primary procedure pays at 100%, all subsequent at 50%.",1757.89,,,,,,,Case Rate,"100 Percent of Medicaid APG. Not APG payable, or payable under another fee schedule like ASP/AWP pays at 30% of charges",4081.17,,,,,,,Case Rate,"100%Medicare OPPS FS. ",4081.17,,,,,,,Case Rate,"100% Medicare OPPS FS. ",25798,,,,,,,Case Rate,". MPL 100/75/50% all add ons apply, and lesser of 100% of billed charges",4081.17,,,,,,,Case Rate,"100% Medicare OPPS FS. ",4081.17,,,,,,,Case Rate,"100% Medicare OPPS FS. ",1757.89,,,,,,,Case Rate,"100 Percent of Medicaid APG. ",4081.17,,,,,,,Case Rate,"100% Medicare OPPS FS. ",4081.17,,,,,,,Case Rate,"100% Medicare OPPS FS. ",10024,,,,,,,Case Rate,". Primary procedure pays at 100%, secondary at 50%, all subsequent at 25%.  Lesser of applies when negotiated rates exceed charges less addons.",10024,,,,,,,Case Rate,". Primary procedure pays at 100%, secondary at 50%, all subsequent at 25%.  Lesser of applies when negotiated rates exceed charges less addons.",4081.17,,,,,,,Case Rate,"100% Medicare OPPS FS. ",6487,,,,,,,Case Rate,". MPL 100/50/25% maxmium of 3 procedures. All add ons apply, and lesser of 100% of billed charges",9024.56,,,,,,,Case Rate,". MPL 100/50/25% all add ons apply, and lesser of 100% of billed charges",9024.56,,,,,,,Case Rate,". MPL 100/50/25% all add ons apply, and lesser of 100% of billed charges",4081.17,,,,,,,Case Rate,"100% Medicare OPPS FS. ",6487,,,,,,,Case Rate,". MPL 100/50/25% maxmium of 3 procedures. All add ons apply, and lesser of 100% of billed charges",10024,,,,,,,Case Rate,". Primary procedure pays at 100%, secondary at 50%, all subsequent at 25%.  Lesser of applies when negotiated rates exceed charges less addons.",10024,,,,,,,Case Rate,". Primary procedure pays at 100%, secondary at 50%, all subsequent at 25%.  Lesser of applies when negotiated rates exceed charges less addons.",10024,,,,,,,Case Rate,". Primary procedure pays at 100%, secondary at 50%, all subsequent at 25%.  Lesser of applies when negotiated rates exceed charges less addons.",,78,,,,,0,percent of total billed charges,78% of Billed Charges. Lesser of 100% of billed charges applies.; No services were performed during the 15 month look back period.,,78,,,,,0,percent of total billed charges,78% of Billed Charges. Lesser of 100% of billed charges applies.; No services were performed during the 15 month look back period.,,78,,,,,0,percent of total billed charges,78% of Billed Charges. Lesser of 100% of billed charges applies.; No services were performed during the 15 month look back period.,,78,,,,,0,percent of total billed charges,78% of Billed Charges. Lesser of 100% of billed charges applies.; No services were performed during the 15 month look back period.,,78,,,,,0,percent of total billed charges,78% of Billed Charges. Lesser of 100% of billed charges applies.; No services were performed during the 15 month look back period.,,78,,,,,0,percent of total billed charges,78% of Billed Charges. Lesser of 100% of billed charges applies.; No services were performed during the 15 month look back period.,,78,,,,,0,percent of total billed charges,78% of Billed Charges. Lesser of 100% of billed charges applies.; No services were performed during the 15 month look back period.,,78,,,,,0,percent of total billed charges,78% of Billed Charges. Lesser of 100% of billed charges applies.; No services were performed during the 15 month look back period.,,78,,,,,0,percent of total billed charges,78% of Billed Charges. Lesser of 100% of billed charges applies.; No services were performed during the 15 month look back period.,,78,,,,,0,percent of total billed charges,78% of Billed Charges. Lesser of 100% of billed charges applies.; No services were performed during the 15 month look back period.,,78,,,,,0,percent of total billed charges,78% of Billed Charges. Lesser of 100% of billed charges applies.; No services were performed during the 15 month look back period.,12574,,,,,,,Case Rate,". Primary procedure pays at 100%, all subsequent at 50%.",10351,,,,,,,Case Rate,". MPL 100/50/25% all add ons apply, and lesser of 100% of billed charges",6487,,,,,,,Case Rate,". MPL 100/50/25% maxmium of 3 procedures. All add ons apply, and lesser of 100% of billed charges",4081.17,,,,,,,Case Rate,"100% Medicare OPPS FS. ",10024,,,,,,,Case Rate,". Primary procedure pays at 100%, secondary at 50%, all subsequent at 25%.  Lesser of applies when negotiated rates exceed charges less addons.",6487,,,,,,,Case Rate,". MPL 100/50/25% maxmium of 3 procedures. All add ons apply, and lesser of 100% of billed charges",6487,,,,,,,Case Rate,". MPL 100/50/25% maxmium of 3 procedures. All add ons apply, and lesser of 100% of billed charges",,78,,,,,0,percent of total billed charges,78% of Billed Charges. Lesser of 100% of billed charges applies.; No services were performed during the 15 month look back period.,3761.89,,,,,,,Case Rate,"214 Percent of Medicaid APG. Drugs not priced under APG, billed with revenue code 636 and not priced by Medicare ASP FeeSched will be reimbursed at 20% of charges.",6487,,,,,,,Case Rate,". MPL 100/50/25% maxmium of 3 procedures. All add ons apply, and lesser of 100% of billed charges",1757.89,,,,,,,Case Rate,"100 Percent of Medicaid APG. ",4081.17,,,,,,,Case Rate,"100% Medicare OPPS FS. ",4081.17,,,,,,,Case Rate,"100% Medicare OPPS FS. ",4081.17,,,,,,,Case Rate,"100% Medicare OPPS FS. ",4081.17,,,,,,,Case Rate,"100% Medicare OPPS FS. ",4081.17,,,,,,,Case Rate,"100% Medicare OPPS FS. ",4081.17,,,,,,,Case Rate,"100% Medicare OPPS FS. ",6487,,,,,,,Case Rate,". MPL 100/50/25% maxmium of 3 procedures. All add ons apply, and lesser of 100% of billed charges",25798,,,,,,,Case Rate,". MPL 100/75/50% all add ons apply, and lesser of 100% of billed charges",3164.2,,,,,,,Fee Schedule,"180 Percent of Medicaid APG. ",3164.2,,,,,,,Fee Schedule,"180 Percent of Medicaid APG. ",3164.2,,,,,,,Fee Schedule,"180 Percent of Medicaid APG. ",3164.2,,,,,,,Fee Schedule,"180 Percent of Medicaid APG. ",3164.2,,,,,,,Fee Schedule,"180 Percent of Medicaid APG. ",,,,,,,,,"NA. ",25798,,,,,,,Case Rate,". MPL 100/75/50% all add ons apply, and lesser of 100% of billed charges",8080.71,,,,,,,Case Rate,198 Percent of Medicare OPPS. Metroplus will reimburse unlisted codes and described codes with no Medicare rate at 50 percent of charges.,8080.71,,,,,,,Case Rate,198 Percent of Medicare OPPS. Metroplus will reimburse unlisted codes and described codes with no Medicare rate at 50 percent of charges.,8080.71,,,,,,,Case Rate,198 Percent of Medicare OPPS. Metroplus will reimburse unlisted codes and described codes with no Medicare rate at 50 percent of charges.,8080.71,,,,,,,Case Rate,198 Percent of Medicare OPPS. Metroplus will reimburse unlisted codes and described codes with no Medicare rate at 50 percent of charges.,8080.71,,,,,,,Case Rate,198 Percent of Medicare OPPS. Metroplus will reimburse unlisted codes and described codes with no Medicare rate at 50 percent of charges.,4081.17,,,,,,,Case Rate,"100% Medicare OPPS FS. ",12574,,,,,,,Case Rate,". Primary procedure pays at 100%, all subsequent at 50%.",12574,,,,,,,Case Rate,". Primary procedure pays at 100%, all subsequent at 50%.",12574,,,,,,,Case Rate,". Primary procedure pays at 100%, all subsequent at 50%.",12574,,,,,,,Case Rate,". Primary procedure pays at 100%, all subsequent at 50%.",10024,,,,,,,Case Rate,". Primary procedure pays at 100%, secondary at 50%, all subsequent at 25%.  Lesser of applies when negotiated rates exceed charges less addons.",10024,,,,,,,Case Rate,". Primary procedure pays at 100%, secondary at 50%, all subsequent at 25%.  Lesser of applies when negotiated rates exceed charges less addons.",10024,,,,,,,Case Rate,". Primary procedure pays at 100%, secondary at 50%, all subsequent at 25%.  Lesser of applies when negotiated rates exceed charges less addons.",10024,,,,,,,Case Rate,". Primary procedure pays at 100%, secondary at 50%, all subsequent at 25%.  Lesser of applies when negotiated rates exceed charges less addons.",25798,,,,,,,Case Rate,". MPL 100/75/50% all add ons apply, and lesser of 100% of billed charges",25798,,,,,,,Case Rate,". MPL 100/75/50% all add ons apply, and lesser of 100% of billed charges",4081.17,,,,,,,Case Rate,"100% Medicare OPPS FS. ",4081.17,,,,,,,Case Rate,"100% Medicare OPPS FS. ",4081.17,,,,,,,Case Rate,"100% Medicare OPPS FS. ",10351,,,,,,,Case Rate,". MPL 100/50/25% all add ons apply, and lesser of 100% of billed charges",10351,,,,,,,Case Rate,". MPL 100/50/25% all add ons apply, and lesser of 100% of billed charges",10351,,,,,,,Case Rate,". MPL 100/50/25% all add ons apply, and lesser of 100% of billed charges",25798,,,,,,,Case Rate,". MPL 100/75/50% all add ons apply, and lesser of 100% of billed charges",10024,,,,,,,Case Rate,". Primary procedure pays at 100%, secondary at 50%, all subsequent at 25%.  Lesser of applies when negotiated rates exceed charges less addons.",4081.17,,,,,,,Case Rate,"100% Medicare OPPS FS. ",10351,,,,,,,Case Rate,". MPL 100/50/25% all add ons apply, and lesser of 100% of billed charges",1757.89,,,,,,,Case Rate,"100 Percent of Medicaid APG. ",4162.79,,,,,,,Case Rate,"102% of Medicare OPPS. ",4162.79,,,,,,,Case Rate,"102% of Medicare OPPS. ",4162.79,,,,,,,Case Rate,"102% of Medicare OPPS. ",1757.89,,,,,,,Case rate,"100 Percent of Medicaid APG. ",3955.25,,,,,,,Case Rate,225% of NYS APG. Lesser of 100% of billed charges applies.,3955.25,,,,,,,Case Rate,225% of NYS APG. Lesser of 100% of billed charges applies.,3955.25,,,,,,,Case Rate,225% of NYS APG. Lesser of 100% of billed charges applies.,3955.25,,,,,,,Case Rate,225% of NYS APG. Lesser of 100% of billed charges applies.,3955.25,,,,,,,Case Rate,225% of NYS APG. Lesser of 100% of billed charges applies.,4162.79,,,,,,,Case Rate,"102% of Medicare OPPS. ",1757.89,,,,,,,Case Rate,"100 Percent of Medicaid APG. ",894.73,,,,,,,Case Rate,100% of PAS. Lesser of 100% of billed charges applies.,3955.25,,,,,,,Case Rate,225% of NYS APG. Lesser of 100% of billed charges applies.,3955.25,,,,,,,Case Rate,225% of NYS APG. Lesser of 100% of billed charges applies.,894.73,,,,,,,Case Rate,100% of PAS. Lesser of 100% of billed charges applies.,894.73,,,,,,,Case Rate,100% of PAS. Lesser of 100% of billed charges applies.,3164.2,,,,,,,Fee Schedule,"180 Percent of Medicaid APG. ",4081.17,,,,,,,Case Rate,"100% Medicare OPPS FS. ",4081.17,,,,,,,Case Rate,"100% Medicare OPPS FS. ",10024,,,,,,,Case Rate,". Primary procedure pays at 100%, secondary at 50%, all subsequent at 25%.  Lesser of applies when negotiated rates exceed charges less addons.",4081.17,,,,,,,Case Rate,"100% Medicare OPPS FS. ",3955.25,,,,,,,Case Rate,"225 Percent of Medicaid APG. ",3955.25,,,,,,,Case Rate,"225 Percent of Medicaid APG. ",1757.89,,,,,,,Case rate,"100 Percent of Medicaid APG. ",1757.89,,,,,,,Case rate,"100 Percent of Medicaid APG. ",3955.25,,,,,,,Case Rate,225 Percent of Medicaid APG. Covered services not payable under Medicaid Fee Schedules default to a payment of 87.5 percent of charges.,1757.89,,,,,,,Case rate,124 Percent of Medicaid APG. Covered services not payable under Medicaid Fee Schedules default to a payment of 50 percent of charges.,3955.25,,,,,,,Case Rate,"100 Percent of Medicaid APG. ",3955.25,,,,,,,Case Rate,"100 Percent of Medicaid APG. ",3955.25,,,,,,,Case Rate,"100 Percent of Medicaid APG. ",3955.25,,,,,,,Case Rate,"100 Percent of Medicaid APG. ",13453,,,,,,,Case Rate,". MPL 100/75/50% all add ons apply, and lesser of 100% of billed charges",25798,,,,,,,Case Rate,". MPL 100/75/50% all add ons apply, and lesser of 100% of billed charges",2109.47,,,,,,,Case Rate,"120 Percent of Medicaid APG. Not APG payable, or payable under another fee schedule like ASP/AWP pays at 30% of charges",2109.47,,,,,,,Case Rate,"120 Percent of Medicaid APG. Not APG payable, or payable under another fee schedule like ASP/AWP pays at 30% of charges",1757.89,,,,,,,Case Rate,"100 Percent of Medicaid APG. Not APG payable, or payable under another fee schedule like ASP/AWP pays at 30% of charges",1757.89,,,,,,,Case Rate,"100 Percent of Medicaid APG. Not APG payable, or payable under another fee schedule like ASP/AWP pays at 30% of charges",10351,,,,,,,Case Rate,". MPL 100/50/25% all add ons apply, and lesser of 100% of billed charges",10351,,,,,,,Case Rate,". MPL 100/50/25% all add ons apply, and lesser of 100% of billed charges",4081.17,,,,,,,Case Rate,"100% Medicare OPPS FS. ",10351,,,,,,,Case Rate,". MPL 100/50/25% all add ons apply, and lesser of 100% of billed charges",10351,,,,,,,Case Rate,". MPL 100/50/25% all add ons apply, and lesser of 100% of billed charges",10351,,,,,,,Case Rate,". MPL 100/50/25% all add ons apply, and lesser of 100% of billed charges",10351,,,,,,,Case Rate,". MPL 100/50/25% all add ons apply, and lesser of 100% of billed charges",4081.17,,,,,,,Case Rate,"100% Medicare OPPS FS. ",10351,,,,,,,Case Rate,". MPL 100/50/25% all add ons apply, and lesser of 100% of billed charges",10351,,,,,,,Case Rate,". MPL 100/50/25% all add ons apply, and lesser of 100% of billed charges",10024,,,,,,,Case Rate,". Primary procedure pays at 100%, secondary at 50%, all subsequent at 25%.  Lesser of applies when negotiated rates exceed charges less addons.",1757.89,,,,,,,Fee Schedule,100% APG. Lesser of 100% of billed charges applies.,1757.89,,,,,,,Case rate,124 Percent of Medicaid APG. Covered services not payable under Medicaid Fee Schedules default to a payment of 50 percent of charges.,3955.25,,,,,,,Case Rate,225% of NYS APG. Lesser of 100% of billed charges applies.,3955.25,,,,,,,Case Rate,225 Percent of Medicaid APG. Covered services not payable under Medicaid Fee Schedules default to a payment of 87.5 percent of charges.,1757.89,,,,,,,Case rate,124 Percent of Medicaid APG. Covered services not payable under Medicaid Fee Schedules default to a payment of 50 percent of charges.,3955.25,,,,,,,Case Rate,225% of NYS APG. Lesser of 100% of billed charges applies.,3955.25,,,,,,,Case Rate,225% of NYS APG. Lesser of 100% of billed charges applies.,3955.25,,,,,,,Case Rate,225% of NYS APG. Lesser of 100% of billed charges applies.,3955.25,,,,,,,Case Rate,225% of NYS APG. Lesser of 100% of billed charges applies.,3955.25,,,,,,,Case Rate,225% of NYS APG. Lesser of 100% of billed charges applies.,3955.25,,,,,,,Case Rate,225% of NYS APG. Lesser of 100% of billed charges applies.,,,,,,,,,"NA. ",,,,,,,,,"NA. ",,,,,,,,,"NA. ",6487,,,,,,,Case Rate,". MPL 100/50/25% maxmium of 3 procedures. All add ons apply, and lesser of 100% of billed charges",,,,,,,,,"NA. ",4081.17,,,,,,,Case Rate,"100% Medicare OPPS FS. ",7084,,,,,,,Case Rate,". MPL 1st 100% of Payment Rate 50% of all others, all add ons apply, and lesser of 100% of billed charges.",4081.17,,,,,,,Case Rate,"100% Medicare OPPS FS. ",4081.17,,,,,,,Case Rate,"100% Medicare OPPS FS. ",2109.47,,,,,,,Case Rate,"120 Percent of Medicaid APG. Not APG payable, or payable under another fee schedule like ASP/AWP pays at 30% of charges",2109.47,,,,,,,Case Rate,"120 Percent of Medicaid APG. Not APG payable, or payable under another fee schedule like ASP/AWP pays at 30% of charges",1757.89,,,,,,,Case Rate,"100 Percent of Medicaid APG. Not APG payable, or payable under another fee schedule like ASP/AWP pays at 30% of charges",1757.89,,,,,,,Case Rate,"100 Percent of Medicaid APG. Not APG payable, or payable under another fee schedule like ASP/AWP pays at 30% of charges",1757.89,,,,,,,Case Rate,"100 Percent of Medicaid APG. ",7163,,,,,,,Case Rate,". ",10024,,,,,,,Case Rate,". Primary procedure pays at 100%, secondary at 50%, all subsequent at 25%.  Lesser of applies when negotiated rates exceed charges less addons.",8427,,,,,,,Case Rate,". Primary procedure pays at 100%, all subsequent at 50%.",6487,,,,,,,Case Rate,". MPL 100/50/25% maxmium of 3 procedures. All add ons apply, and lesser of 100% of billed charges",4081.17,,,,,,,Case Rate,"100%Medicare OPPS FS. ",4081.17,,,,,,,Case Rate,"100% Medicare OPPS FS. ",4081.17,,,,,,,Case Rate,"100% Medicare OPPS FS. ",4081.17,,,,,,,Case Rate,"100% Medicare OPPS FS. ",4081.17,,,,,,,Case Rate,"100%Medicare OPPS FS. ",4081.17,,,,,,,Case Rate,"100% Medicare OPPS FS. ",,,,,,,,,"NA. ",3955.25,,,,,,,Case Rate,225% of NYS APG. Lesser of 100% of billed charges applies.,894.73,,,,,,,Case Rate,100% of PAS. Lesser of 100% of billed charges applies.,10351,,,,,,,Case Rate,". MPL 100/50/25% all add ons apply, and lesser of 100% of billed charges",7163,,,,,,,Case Rate,". ",7163,,,,,,,Case Rate,". ",7163,,,,,,,Case Rate,". ",7163,,,,,,,Case Rate,". ",4081.17,,,,,,,Case Rate,"100% Medicare OPPS FS. ",1757.89,,,,,,,Case Rate,"100 Percent of Medicaid APG. ",10351,,,,,,,Case Rate,". MPL 100/50/25% all add ons apply, and lesser of 100% of billed charges",1757.89,,,,,,,Case Rate,"100 Percent of Medicaid APG. ",4081.17,,,,,,,Case Rate,"100% Medicare OPPS FS. ",1757.89,,,,,,,Case Rate,"100 Percent of Medicaid APG. ",4081.17,,,,,,,Case Rate,"100% Medicare OPPS FS. ",4081.17,,,,,,,Case Rate,"100% Medicare OPPS FS. ",1757.89,,,,,,,Case Rate,"100 Percent of Medicaid APG. ",1757.89,,,,,,,Case Rate,"100 Percent of Medicaid APG. ",7163,,,,,,,Case Rate,". ",6487,,,,,,,Case Rate,". MPL 100/50/25% maxmium of 3 procedures. All add ons apply, and lesser of 100% of billed charges",,78,,,,,0,percent of total billed charges,78% of Billed Charges. Lesser of 100% of billed charges applies.; No services were performed during the 15 month look back period.,9024.56,,,,,,,Case Rate,". MPL 100/50/25% all add ons apply, and lesser of 100% of billed charges",9024.56,,,,,,,Case Rate,". MPL 100/50/25% all add ons apply, and lesser of 100% of billed charges",10024,,,,,,,Case Rate,". Primary procedure pays at 100%, secondary at 50%, all subsequent at 25%.  Lesser of applies when negotiated rates exceed charges less addons.",1589.47,,,,,,,Case Rate,"83% HF Fee schedule. ",12574,,,,,,,Case Rate,". Primary procedure pays at 100%, all subsequent at 50%.",12574,,,,,,,Case Rate,". Primary procedure pays at 100%, all subsequent at 50%.",8281,,,,,,,Case Rate,". MPL 100/50/25% all add ons apply, and lesser of 100% of billed charges",8281,,,,,,,Case Rate,". MPL 100/50/25% all add ons apply, and lesser of 100% of billed charges",4081.17,,,,,,,Case Rate,"100% Medicare OPPS FS. ",4081.17,,,,,,,Case Rate,"100% Medicare OPPS FS. ",4081.17,,,,,,,Case Rate,"100% Medicare OPPS FS. ",4081.17,,,,,,,Case Rate,"100% Medicare OPPS FS. ",9024.56,,,,,,,Case Rate,". MPL 100/50/25% all add ons apply, and lesser of 100% of billed charges",10351,,,,,,,Case Rate,". MPL 100/50/25% all add ons apply, and lesser of 100% of billed charges",10351,,,,,,,Case Rate,". MPL 100/50/25% all add ons apply, and lesser of 100% of billed charges",4081.17,,,,,,,Case Rate,"100% Medicare OPPS FS. ",8281,,,,,,,Case Rate,". MPL 100/50/25% all add ons apply, and lesser of 100% of billed charges",8427,,,,,,,Case Rate,". Primary procedure pays at 100%, all subsequent at 50%.",2109.47,,,,,,,Fee Schedule,"120 Percent of Medicaid APG. ",1757.89,,,,,,,Case Rate,"100 Percent of Medicaid APG. ",7163,,,,,,,Case Rate,". ",9316,,,,,,,Case Rate,". MPL 100/50/25% all add ons apply, and lesser of 100% of billed charges",9316,,,,,,,Case Rate,". MPL 100/50/25% all add ons apply, and lesser of 100% of billed charges",10351,,,,,,,Case Rate,". MPL 100/50/25% all add ons apply, and lesser of 100% of billed charges",14948,,,,,,,Case Rate,". MPL 100/75/50% all add ons apply, and lesser of 100% of billed charges",4081.17,,,,,,,Case Rate,"100%Medicare OPPS FS. ",1845.79,,,,,,,Fee Schedule,105 percent of Medicaid APG. otherwise 105% of Ordered NYS MCD FS or 105% of ASP+6%,1845.79,,,,,,,Fee Schedule,105 percent of Medicaid APG. otherwise 105% of Ordered NYS MCD FS or 105% of ASP+6%,1845.79,,,,,,,Fee Schedule,105 percent of Medicaid APG. otherwise 105% of Ordered NYS MCD FS or 105% of ASP+6%,2373.15,,,,,,,Fee Schedule,135 percent of Medicaid APG. otherwise 135% of Ordered NYS MCD FS or 135% of ASP+6%,9024.56,,,,,,,Case Rate,". MPL 100/50/25% all add ons apply, and lesser of 100% of billed charges",1845.79,,,,,,,Fee Schedule,105 percent of Medicaid APG. otherwise 105% of Ordered NYS MCD FS or 105% of ASP+6%,1845.79,,,,,,,Fee Schedule,105 percent of Medicaid APG. otherwise 105% of Ordered NYS MCD FS or 105% of ASP+6%,1845.79,,,,,,,Fee Schedule,105 percent of Medicaid APG. otherwise 105% of Ordered NYS MCD FS or 105% of ASP+6%,1845.79,,,,,,,Fee Schedule,105 percent of Medicaid APG. otherwise 105% of Ordered NYS MCD FS or 105% of ASP+6%,1845.79,,,,,,,Fee Schedule,105 percent of Medicaid APG. otherwise 105% of Ordered NYS MCD FS or 105% of ASP+6%,2373.15,,,,,,,Fee Schedule,135 percent of Medicaid APG. otherwise 135% of Ordered NYS MCD FS or 135% of ASP+6%,2373.15,,,,,,,Fee Schedule,135 percent of Medicaid APG. otherwise 135% of Ordered NYS MCD FS or 135% of ASP+6%,4081.17,,,,,,,Case Rate,"100% Medicare OPPS FS. ",9024.56,,,,,,,Case Rate,". MPL 100/50/25% all add ons apply, and lesser of 100% of billed charges",4081.17,,,,,,,Case Rate,"100% Medicare OPPS FS. ",1845.79,,,,,,,Fee Schedule,105 percent of Medicaid APG. otherwise 105% of Ordered NYS MCD FS or 105% of ASP+6%,10351,,,,,,,Case Rate,". MPL 100/50/25% all add ons apply, and lesser of 100% of billed charges",4081.17,,,,,,,Case Rate,"100% Medicare OPPS FS. ",10351,,,,,,,Case Rate,". MPL 100/50/25% all add ons apply, and lesser of 100% of billed charges",10351,,,,,,,Case Rate,". MPL 100/50/25% all add ons apply, and lesser of 100% of billed charges",10351,,,,,,,Case Rate,". MPL 100/50/25% all add ons apply, and lesser of 100% of billed charges",1845.79,,,,,,,Fee Schedule,105 percent of Medicaid APG. otherwise 105% of Ordered NYS MCD FS or 105% of ASP+6%,4081.17,,,,,,,Case Rate,"100% Medicare OPPS FS. ",10351,,,,,,,Case Rate,". MPL 100/50/25% all add ons apply, and lesser of 100% of billed charges",2373.15,,,,,,,Fee Schedule,135 percent of Medicaid APG. otherwise 135% of Ordered NYS MCD FS or 135% of ASP+6%,10351,,,,,,,Case Rate,". MPL 100/50/25% all add ons apply, and lesser of 100% of billed charges",,200,,,,,0,Case Rate,200% of Medicare OPPS. ; No services were performed during the 15 month look back period.,4081.17,,,,,,,Case Rate,"100%Medicare OPPS FS. ",7163,,,,,,,Case Rate,". ",7163,,,,,,,Case Rate,". ",7163,,,,,,,Case Rate,". ",7163,,,,,,,Case Rate,". ",7163,,,,,,,Case Rate,". ",8427,,,,,,,Case Rate,". Primary procedure pays at 100%, all subsequent at 50%.",8427,,,,,,,Case Rate,". Primary procedure pays at 100%, all subsequent at 50%.",7163,,,,,,,Case Rate,". ",7163,,,,,,,Case Rate,". ",7163,,,,,,,Case Rate,". ",7163,,,,,,,Case Rate,". ",7163,,,,,,,Case Rate,". ",4081.17,,,,,,,Case Rate,"100% Medicare OPPS FS. ",8427,,,,,,,Case Rate,". Primary procedure pays at 100%, all subsequent at 50%.",4081.17,,,,,,,Case Rate,"100% Medicare OPPS FS. ",3955.25,,,,,,,Case Rate,"225 Percent of Medicaid APG. If not included in Medicaid APG, then 100 Percent of Manhattan Medicare",1757.89,,,,,,,Case Rate,"100 Percent of Medicaid APG. ",9024.56,,,,,,,Case Rate,". MPL 100/50/25% all add ons apply, and lesser of 100% of billed charges",9024.56,,,,,,,Case Rate,". MPL 100/50/25% all add ons apply, and lesser of 100% of billed charges",4081.17,,,,,,,Case Rate,"100% Medicare OPPS FS. ",12574,,,,,,,Case Rate,". Primary procedure pays at 100%, all subsequent at 50%.",4081.17,,,,,,,Case Rate,"100% Medicare OPPS FS. ",4081.17,,,,,,,Case Rate,"100% Medicare OPPS FS. ",10024,,,,,,,Case Rate,". Primary procedure pays at 100%, secondary at 50%, all subsequent at 25%.  Lesser of applies when negotiated rates exceed charges less addons.",4081.17,,,,,,,Case Rate,"100% Medicare OPPS FS. ",6487,,,,,,,Case Rate,". MPL 100/50/25% maxmium of 3 procedures. All add ons apply, and lesser of 100% of billed charges",4081.17,,,,,,,Case Rate,"100% Medicare OPPS FS. ",6487,,,,,,,Case Rate,". MPL 100/50/25% maxmium of 3 procedures. All add ons apply, and lesser of 100% of billed charges",10024,,,,,,,Case Rate,". Primary procedure pays at 100%, secondary at 50%, all subsequent at 25%.  Lesser of applies when negotiated rates exceed charges less addons.",6487,,,,,,,Case Rate,". MPL 100/50/25% maxmium of 3 procedures. All add ons apply, and lesser of 100% of billed charges",4081.17,,,,,,,Case Rate,"100% Medicare OPPS FS. ",1757.89,,,,,,,Case Rate,"100 Percent of Medicaid APG. ",4081.17,,,,,,,Case Rate,"100% Medicare OPPS FS. ",6487,,,,,,,Case Rate,". MPL 100/50/25% maxmium of 3 procedures. All add ons apply, and lesser of 100% of billed charges",9024.56,,,,,,,Case Rate,". MPL 100/50/25% all add ons apply, and lesser of 100% of billed charges",1757.89,,,,,,,Case Rate,"100 Percent of Medicaid APG. ",10351,,,,,,,Case Rate,". MPL 100/50/25% all add ons apply, and lesser of 100% of billed charges",2109.47,,,,,,,Fee Schedule,"120 Percent of Medicaid APG. ",2109.47,,,,,,,Fee Schedule,"120 Percent of Medicaid APG. ",10351,,,,,,,Case Rate,". MPL 100/50/25% all add ons apply, and lesser of 100% of billed charges",10351,,,,,,,Case Rate,". MPL 100/50/25% all add ons apply, and lesser of 100% of billed charges",10351,,,,,,,Case Rate,". MPL 100/50/25% all add ons apply, and lesser of 100% of billed charges",9024.56,,,,,,,Case Rate,". MPL 100/50/25% all add ons apply, and lesser of 100% of billed charges",10351,,,,,,,Case Rate,". MPL 100/50/25% all add ons apply, and lesser of 100% of billed charges",10351,,,,,,,Case Rate,". MPL 100/50/25% all add ons apply, and lesser of 100% of billed charges",10351,,,,,,,Case Rate,". MPL 100/50/25% all add ons apply, and lesser of 100% of billed charges",7163,,,,,,,Case Rate,". ",7163,,,,,,,Case Rate,". ",8080.71,,,,,,,Case Rate,198 Percent of Medicare OPPS. Metroplus will reimburse unlisted codes and described codes with no Medicare rate at 50 percent of charges.,1757.89,,,,,,,Case Rate,"100 Percent of Medicaid APG. ",9024.56,,,,,,,Case Rate,". MPL 100/50/25% all add ons apply, and lesser of 100% of billed charges",6487,,,,,,,Case Rate,". MPL 100/50/25% maxmium of 3 procedures. All add ons apply, and lesser of 100% of billed charges",10024,,,,,,,Case Rate,". Primary procedure pays at 100%, secondary at 50%, all subsequent at 25%.  Lesser of applies when negotiated rates exceed charges less addons.",9024.56,,,,,,,Case Rate,". MPL 100/50/25% all add ons apply, and lesser of 100% of billed charges",10024,,,,,,,Case Rate,". Primary procedure pays at 100%, secondary at 50%, all subsequent at 25%.  Lesser of applies when negotiated rates exceed charges less addons.",9024.56,,,,,,,Case Rate,". MPL 100/50/25% all add ons apply, and lesser of 100% of billed charges",10351,,,,,,,Case Rate,". MPL 100/50/25% all add ons apply, and lesser of 100% of billed charges",10351,,,,,,,Case Rate,". MPL 100/50/25% all add ons apply, and lesser of 100% of billed charges",10351,,,,,,,Case Rate,". MPL 100/50/25% all add ons apply, and lesser of 100% of billed charges",10351,,,,,,,Case Rate,". MPL 100/50/25% all add ons apply, and lesser of 100% of billed charges",4081.17,,,,,,,Case Rate,"100% Medicare OPPS FS. ",894.73,25798,
56405,CPT,2023735,LOCAL,361,RC,HC I&D OF VULVA OR PERINEAL ABSCESS,850.74,161.6406,both,,,,1352,,,,,,,Case Rate,". MPL 1st 100% of Payment Rate 50% of all others, all add ons apply, and lesser of 100% of billed charges.",1352,,,,,,,Case Rate,". MPL 1st 100% of Payment Rate 50% of all others, all add ons apply, and lesser of 100% of billed charges.",8442,,,,,,,Case Rate,". Primary procedure pays at 100%, secondary at 50%, all subsequent at 25%.  Lesser of applies when negotiated rates exceed charges less addons.",850.74,100,,,,,0,percent of total billed charges,100 percent of billed charges. ; No services were performed during the 15 month look back period.,359.95,,,,,,,Case Rate,"100% Medicare OPPS FS. ",8442,,,,,,,Case Rate,". Primary procedure pays at 100%, secondary at 50%, all subsequent at 25%.  Lesser of applies when negotiated rates exceed charges less addons.",8442,,,,,,,Case Rate,". Primary procedure pays at 100%, secondary at 50%, all subsequent at 25%.  Lesser of applies when negotiated rates exceed charges less addons.",8442,,,,,,,Case Rate,". Primary procedure pays at 100%, secondary at 50%, all subsequent at 25%.  Lesser of applies when negotiated rates exceed charges less addons.",362.14,,,,,,,Case Rate,"100 Percent of Medicaid APG. ",301.78,,,,,,,Case Rate,"100 Percent of Medicaid APG. ",663.5772,78,,,,,0,percent of total billed charges,78% of Billed Charges. Lesser of 100% of billed charges applies.; No services were performed during the 15 month look back period.,4923.38,,,,,,,Case Rate,". MPL 100/50/25% all add ons apply, and lesser of 100% of billed charges",301.78,,,,,,,Case Rate,"100 Percent of Medicaid APG. ",359.95,,,,,,,Case Rate,"100% Medicare OPPS FS. ",6487,,,,,,,Case Rate,". MPL 100/50/25% maxmium of 3 procedures. All add ons apply, and lesser of 100% of billed charges",6487,,,,,,,Case Rate,". MPL 100/50/25% maxmium of 3 procedures. All add ons apply, and lesser of 100% of billed charges",6487,,,,,,,Case Rate,". MPL 100/50/25% maxmium of 3 procedures. All add ons apply, and lesser of 100% of billed charges",6487,,,,,,,Case Rate,". MPL 100/50/25% maxmium of 3 procedures. All add ons apply, and lesser of 100% of billed charges",301.78,,,,,,,Case rate,124 Percent of Medicaid APG. Covered services not payable under Medicaid Fee Schedules default to a payment of 50 percent of charges.,359.95,,,,,,,Case Rate,"100% Medicare OPPS FS. ",301.78,,,,,,,Case rate,124 Percent of Medicaid APG. Covered services not payable under Medicaid Fee Schedules default to a payment of 50 percent of charges.,663.5772,78,,,,,0,percent of total billed charges,78% of Billed Charges. Lesser of 100% of billed charges applies.; No services were performed during the 15 month look back period.,8442,,,,,,,Case Rate,". Primary procedure pays at 100%, secondary at 50%, all subsequent at 25%.  Lesser of applies when negotiated rates exceed charges less addons.",359.95,,,,,,,Case Rate,"100%Medicare OPPS FS. ",8427,,,,,,,Case Rate,". Primary procedure pays at 100%, all subsequent at 50%.",359.95,,,,,,,Case Rate,"100%Medicare OPPS FS. ",359.95,,,,,,,Case Rate,"100%Medicare OPPS FS. ",663.5772,78,,,,,0,percent of total billed charges,78% of Billed Charges. Lesser of 100% of billed charges applies.; No services were performed during the 15 month look back period.,64.43,,,,,,,Case Rate,100% of PAS. Lesser of 100% of billed charges applies.,64.43,,,,,,,Case Rate,100% of PAS. Lesser of 100% of billed charges applies.,301.78,,,,,,,Case rate,"100 Percent of Medicaid APG. ",301.78,,,,,,,Case rate,"100 Percent of Medicaid APG. ",8427,,,,,,,Case Rate,". Primary procedure pays at 100%, all subsequent at 50%.",8427,,,,,,,Case Rate,". Primary procedure pays at 100%, all subsequent at 50%.",301.78,,,,,,,Case Rate,"100 Percent of Medicaid APG. Not APG payable, or payable under another fee schedule like ASP/AWP pays at 30% of charges",8427,,,,,,,Case Rate,". Primary procedure pays at 100%, all subsequent at 50%.",301.78,,,,,,,Case Rate,"100 Percent of Medicaid APG. Not APG payable, or payable under another fee schedule like ASP/AWP pays at 30% of charges",359.95,,,,,,,Case Rate,"100%Medicare OPPS FS. ",8427,,,,,,,Case Rate,". Primary procedure pays at 100%, all subsequent at 50%.",663.5772,78,,,,,0,percent of total billed charges,78% of Billed Charges. Lesser of 100% of billed charges applies.; No services were performed during the 15 month look back period.,301.78,,,,,,,Case Rate,"100 Percent of Medicaid APG. ",301.78,,,,,,,Case Rate,"100 Percent of Medicaid APG. ",663.5772,78,,,,,0,percent of total billed charges,78% of Billed Charges. Lesser of 100% of billed charges applies.; No services were performed during the 15 month look back period.,6487,,,,,,,Case Rate,". MPL 100/50/25% maxmium of 3 procedures. All add ons apply, and lesser of 100% of billed charges",4500,,,,,,,Case Rate,". MPL 100/50/25% all add ons apply, and lesser of 100% of billed charges",4500,,,,,,,Case Rate,". MPL 100/50/25% all add ons apply, and lesser of 100% of billed charges",663.5772,78,,,,,0,percent of total billed charges,78% of Billed Charges. Lesser of 100% of billed charges applies.; No services were performed during the 15 month look back period.,359.95,,,,,,,Case Rate,"100% Medicare OPPS FS. ",4923.38,,,,,,,Case Rate,". MPL 100/50/25% all add ons apply, and lesser of 100% of billed charges",4923.38,,,,,,,Case Rate,". MPL 100/50/25% all add ons apply, and lesser of 100% of billed charges",4923.38,,,,,,,Case Rate,". MPL 100/50/25% all add ons apply, and lesser of 100% of billed charges",359.95,,,,,,,Case Rate,"100% Medicare OPPS FS. ",4923.38,,,,,,,Case Rate,". MPL 100/50/25% all add ons apply, and lesser of 100% of billed charges",4923.38,,,,,,,Case Rate,". MPL 100/50/25% all add ons apply, and lesser of 100% of billed charges",359.95,,,,,,,Case Rate,"100% of Medicare OPPS. ",25798,,,,,,,Case Rate,". MPL 100/75/50% all add ons apply, and lesser of 100% of billed charges",4100,,,,,,,Case Rate,". MPL 100/50/25% all add ons apply, and lesser of 100% of billed charges",4100,,,,,,,Case Rate,". MPL 100/50/25% all add ons apply, and lesser of 100% of billed charges",4100,,,,,,,Case Rate,". MPL 100/50/25% all add ons apply, and lesser of 100% of billed charges",4100,,,,,,,Case Rate,". MPL 100/50/25% all add ons apply, and lesser of 100% of billed charges",4100,,,,,,,Case Rate,". MPL 100/50/25% all add ons apply, and lesser of 100% of billed charges",4100,,,,,,,Case Rate,". MPL 100/50/25% all add ons apply, and lesser of 100% of billed charges",359.95,,,,,,,Case Rate,"100% Medicare OPPS FS. ",359.95,,,,,,,Case Rate,"100% Medicare OPPS FS. ",4100,,,,,,,Case Rate,". MPL 100/50/25% all add ons apply, and lesser of 100% of billed charges",663.5772,78,,,,,0,percent of total billed charges,78% of Billed Charges. Lesser of 100% of billed charges applies.; No services were performed during the 15 month look back period.,663.5772,78,,,,,0,percent of total billed charges,78% of Billed Charges. Lesser of 100% of billed charges applies.; No services were performed during the 15 month look back period.,663.5772,78,,,,,0,percent of total billed charges,78% of Billed Charges. Lesser of 100% of billed charges applies.; No services were performed during the 15 month look back period.,663.5772,78,,,,,0,percent of total billed charges,78% of Billed Charges. Lesser of 100% of billed charges applies.; No services were performed during the 15 month look back period.,663.5772,78,,,,,0,percent of total billed charges,78% of Billed Charges. Lesser of 100% of billed charges applies.; No services were performed during the 15 month look back period.,663.5772,78,,,,,0,percent of total billed charges,78% of Billed Charges. Lesser of 100% of billed charges applies.; No services were performed during the 15 month look back period.,663.5772,78,,,,,0,percent of total billed charges,78% of Billed Charges. Lesser of 100% of billed charges applies.; No services were performed during the 15 month look back period.,663.5772,78,,,,,0,percent of total billed charges,78% of Billed Charges. Lesser of 100% of billed charges applies.; No services were performed during the 15 month look back period.,663.5772,78,,,,,0,percent of total billed charges,78% of Billed Charges. Lesser of 100% of billed charges applies.; No services were performed during the 15 month look back period.,663.5772,78,,,,,0,percent of total billed charges,78% of Billed Charges. Lesser of 100% of billed charges applies.; No services were performed during the 15 month look back period.,663.5772,78,,,,,0,percent of total billed charges,78% of Billed Charges. Lesser of 100% of billed charges applies.; No services were performed during the 15 month look back period.,663.5772,78,,,,,0,percent of total billed charges,78% of Billed Charges. Lesser of 100% of billed charges applies.; No services were performed during the 15 month look back period.,663.5772,78,,,,,0,percent of total billed charges,78% of Billed Charges. Lesser of 100% of billed charges applies.; No services were performed during the 15 month look back period.,663.5772,78,,,,,0,percent of total billed charges,78% of Billed Charges. Lesser of 100% of billed charges applies.; No services were performed during the 15 month look back period.,663.5772,78,,,,,0,percent of total billed charges,78% of Billed Charges. Lesser of 100% of billed charges applies.; No services were performed during the 15 month look back period.,663.5772,78,,,,,0,percent of total billed charges,78% of Billed Charges. Lesser of 100% of billed charges applies.; No services were performed during the 15 month look back period.,663.5772,78,,,,,0,percent of total billed charges,78% of Billed Charges. Lesser of 100% of billed charges applies.; No services were performed during the 15 month look back period.,663.5772,78,,,,,0,percent of total billed charges,78% of Billed Charges. Lesser of 100% of billed charges applies.; No services were performed during the 15 month look back period.,663.5772,78,,,,,0,percent of total billed charges,78% of Billed Charges. Lesser of 100% of billed charges applies.; No services were performed during the 15 month look back period.,663.5772,78,,,,,0,percent of total billed charges,78% of Billed Charges. Lesser of 100% of billed charges applies.; No services were performed during the 15 month look back period.,663.5772,78,,,,,0,percent of total billed charges,78% of Billed Charges. Lesser of 100% of billed charges applies.; No services were performed during the 15 month look back period.,663.5772,78,,,,,0,percent of total billed charges,78% of Billed Charges. Lesser of 100% of billed charges applies.; No services were performed during the 15 month look back period.,663.5772,78,,,,,0,percent of total billed charges,78% of Billed Charges. Lesser of 100% of billed charges applies.; No services were performed during the 15 month look back period.,663.5772,78,,,,,0,percent of total billed charges,78% of Billed Charges. Lesser of 100% of billed charges applies.; No services were performed during the 15 month look back period.,663.5772,78,,,,,0,percent of total billed charges,78% of Billed Charges. Lesser of 100% of billed charges applies.; No services were performed during the 15 month look back period.,663.5772,78,,,,,0,percent of total billed charges,78% of Billed Charges. Lesser of 100% of billed charges applies.; No services were performed during the 15 month look back period.,8427,,,,,,,Case Rate,". Primary procedure pays at 100%, all subsequent at 50%.",8427,,,,,,,Case Rate,". Primary procedure pays at 100%, all subsequent at 50%.",8427,,,,,,,Case Rate,". Primary procedure pays at 100%, all subsequent at 50%.",8427,,,,,,,Case Rate,". Primary procedure pays at 100%, all subsequent at 50%.",12574,,,,,,,Case Rate,". Primary procedure pays at 100%, all subsequent at 50%.",12574,,,,,,,Case Rate,". Primary procedure pays at 100%, all subsequent at 50%.",6487,,,,,,,Case Rate,". MPL 100/50/25% maxmium of 3 procedures. All add ons apply, and lesser of 100% of billed charges",4100,,,,,,,Case Rate,". MPL 100/50/25% all add ons apply, and lesser of 100% of billed charges",4923.38,,,,,,,Case Rate,". MPL 100/50/25% all add ons apply, and lesser of 100% of billed charges",4100,,,,,,,Case Rate,". MPL 100/50/25% all add ons apply, and lesser of 100% of billed charges",663.5772,78,,,,,0,percent of total billed charges,78% of Billed Charges. Lesser of 100% of billed charges applies.; No services were performed during the 15 month look back period.,12574,,,,,,,Case Rate,". Primary procedure pays at 100%, all subsequent at 50%.",4100,,,,,,,Case Rate,". MPL 100/50/25% all add ons apply, and lesser of 100% of billed charges",4923.38,,,,,,,Case Rate,". MPL 100/50/25% all add ons apply, and lesser of 100% of billed charges",6487,,,,,,,Case Rate,". MPL 100/50/25% maxmium of 3 procedures. All add ons apply, and lesser of 100% of billed charges",,,,,,,,,"NA. ",663.5772,78,,,,,0,percent of total billed charges,78% of Billed Charges. Lesser of 100% of billed charges applies.; No services were performed during the 15 month look back period.,301.78,,,,,,,Case Rate,"100 Percent of Medicaid APG. ",8427,,,,,,,Case Rate,". Primary procedure pays at 100%, all subsequent at 50%.",301.78,,,,,,,Case Rate,"100 Percent of Medicaid APG. Not APG payable, or payable under another fee schedule like ASP/AWP pays at 30% of charges",359.95,,,,,,,Case Rate,"100%Medicare OPPS FS. ",359.95,,,,,,,Case Rate,"100% Medicare OPPS FS. ",25798,,,,,,,Case Rate,". MPL 100/75/50% all add ons apply, and lesser of 100% of billed charges",359.95,,,,,,,Case Rate,"100% Medicare OPPS FS. ",359.95,,,,,,,Case Rate,"100% Medicare OPPS FS. ",301.78,,,,,,,Case Rate,"100 Percent of Medicaid APG. ",359.95,,,,,,,Case Rate,"100% Medicare OPPS FS. ",359.95,,,,,,,Case Rate,"100% Medicare OPPS FS. ",8442,,,,,,,Case Rate,". Primary procedure pays at 100%, secondary at 50%, all subsequent at 25%.  Lesser of applies when negotiated rates exceed charges less addons.",8442,,,,,,,Case Rate,". Primary procedure pays at 100%, secondary at 50%, all subsequent at 25%.  Lesser of applies when negotiated rates exceed charges less addons.",359.95,,,,,,,Case Rate,"100% Medicare OPPS FS. ",6487,,,,,,,Case Rate,". MPL 100/50/25% maxmium of 3 procedures. All add ons apply, and lesser of 100% of billed charges",4923.38,,,,,,,Case Rate,". MPL 100/50/25% all add ons apply, and lesser of 100% of billed charges",4923.38,,,,,,,Case Rate,". MPL 100/50/25% all add ons apply, and lesser of 100% of billed charges",359.95,,,,,,,Case Rate,"100% Medicare OPPS FS. ",6487,,,,,,,Case Rate,". MPL 100/50/25% maxmium of 3 procedures. All add ons apply, and lesser of 100% of billed charges",8442,,,,,,,Case Rate,". Primary procedure pays at 100%, secondary at 50%, all subsequent at 25%.  Lesser of applies when negotiated rates exceed charges less addons.",8442,,,,,,,Case Rate,". Primary procedure pays at 100%, secondary at 50%, all subsequent at 25%.  Lesser of applies when negotiated rates exceed charges less addons.",8442,,,,,,,Case Rate,". Primary procedure pays at 100%, secondary at 50%, all subsequent at 25%.  Lesser of applies when negotiated rates exceed charges less addons.",663.5772,78,,,,,0,percent of total billed charges,78% of Billed Charges. Lesser of 100% of billed charges applies.; No services were performed during the 15 month look back period.,663.5772,78,,,,,0,percent of total billed charges,78% of Billed Charges. Lesser of 100% of billed charges applies.; No services were performed during the 15 month look back period.,663.5772,78,,,,,0,percent of total billed charges,78% of Billed Charges. Lesser of 100% of billed charges applies.; No services were performed during the 15 month look back period.,663.5772,78,,,,,0,percent of total billed charges,78% of Billed Charges. Lesser of 100% of billed charges applies.; No services were performed during the 15 month look back period.,663.5772,78,,,,,0,percent of total billed charges,78% of Billed Charges. Lesser of 100% of billed charges applies.; No services were performed during the 15 month look back period.,663.5772,78,,,,,0,percent of total billed charges,78% of Billed Charges. Lesser of 100% of billed charges applies.; No services were performed during the 15 month look back period.,663.5772,78,,,,,0,percent of total billed charges,78% of Billed Charges. Lesser of 100% of billed charges applies.; No services were performed during the 15 month look back period.,663.5772,78,,,,,0,percent of total billed charges,78% of Billed Charges. Lesser of 100% of billed charges applies.; No services were performed during the 15 month look back period.,663.5772,78,,,,,0,percent of total billed charges,78% of Billed Charges. Lesser of 100% of billed charges applies.; No services were performed during the 15 month look back period.,663.5772,78,,,,,0,percent of total billed charges,78% of Billed Charges. Lesser of 100% of billed charges applies.; No services were performed during the 15 month look back period.,663.5772,78,,,,,0,percent of total billed charges,78% of Billed Charges. Lesser of 100% of billed charges applies.; No services were performed during the 15 month look back period.,12574,,,,,,,Case Rate,". Primary procedure pays at 100%, all subsequent at 50%.",4100,,,,,,,Case Rate,". MPL 100/50/25% all add ons apply, and lesser of 100% of billed charges",6487,,,,,,,Case Rate,". MPL 100/50/25% maxmium of 3 procedures. All add ons apply, and lesser of 100% of billed charges",359.95,,,,,,,Case Rate,"100% Medicare OPPS FS. ",8442,,,,,,,Case Rate,". Primary procedure pays at 100%, secondary at 50%, all subsequent at 25%.  Lesser of applies when negotiated rates exceed charges less addons.",6487,,,,,,,Case Rate,". MPL 100/50/25% maxmium of 3 procedures. All add ons apply, and lesser of 100% of billed charges",6487,,,,,,,Case Rate,". MPL 100/50/25% maxmium of 3 procedures. All add ons apply, and lesser of 100% of billed charges",663.5772,78,,,,,0,percent of total billed charges,78% of Billed Charges. Lesser of 100% of billed charges applies.; No services were performed during the 15 month look back period.,645.82,,,,,,,Case Rate,"214 Percent of Medicaid APG. Drugs not priced under APG, billed with revenue code 636 and not priced by Medicare ASP FeeSched will be reimbursed at 20% of charges.",6487,,,,,,,Case Rate,". MPL 100/50/25% maxmium of 3 procedures. All add ons apply, and lesser of 100% of billed charges",301.78,,,,,,,Case Rate,"100 Percent of Medicaid APG. ",359.95,,,,,,,Case Rate,"100% Medicare OPPS FS. ",359.95,,,,,,,Case Rate,"100% Medicare OPPS FS. ",359.95,,,,,,,Case Rate,"100% Medicare OPPS FS. ",359.95,,,,,,,Case Rate,"100% Medicare OPPS FS. ",359.95,,,,,,,Case Rate,"100% Medicare OPPS FS. ",359.95,,,,,,,Case Rate,"100% Medicare OPPS FS. ",6487,,,,,,,Case Rate,". MPL 100/50/25% maxmium of 3 procedures. All add ons apply, and lesser of 100% of billed charges",25798,,,,,,,Case Rate,". MPL 100/75/50% all add ons apply, and lesser of 100% of billed charges",543.21,,,,,,,Fee Schedule,"180 Percent of Medicaid APG. ",543.21,,,,,,,Fee Schedule,"180 Percent of Medicaid APG. ",543.21,,,,,,,Fee Schedule,"180 Percent of Medicaid APG. ",543.21,,,,,,,Fee Schedule,"180 Percent of Medicaid APG. ",543.21,,,,,,,Fee Schedule,"180 Percent of Medicaid APG. ",,,,,,,,,"NA. ",25798,,,,,,,Case Rate,". MPL 100/75/50% all add ons apply, and lesser of 100% of billed charges",712.7,,,,,,,Case Rate,198 Percent of Medicare OPPS. Metroplus will reimburse unlisted codes and described codes with no Medicare rate at 50 percent of charges.,712.7,,,,,,,Case Rate,198 Percent of Medicare OPPS. Metroplus will reimburse unlisted codes and described codes with no Medicare rate at 50 percent of charges.,712.7,,,,,,,Case Rate,198 Percent of Medicare OPPS. Metroplus will reimburse unlisted codes and described codes with no Medicare rate at 50 percent of charges.,712.7,,,,,,,Case Rate,198 Percent of Medicare OPPS. Metroplus will reimburse unlisted codes and described codes with no Medicare rate at 50 percent of charges.,712.7,,,,,,,Case Rate,198 Percent of Medicare OPPS. Metroplus will reimburse unlisted codes and described codes with no Medicare rate at 50 percent of charges.,359.95,,,,,,,Case Rate,"100% Medicare OPPS FS. ",12574,,,,,,,Case Rate,". Primary procedure pays at 100%, all subsequent at 50%.",12574,,,,,,,Case Rate,". Primary procedure pays at 100%, all subsequent at 50%.",12574,,,,,,,Case Rate,". Primary procedure pays at 100%, all subsequent at 50%.",12574,,,,,,,Case Rate,". Primary procedure pays at 100%, all subsequent at 50%.",8442,,,,,,,Case Rate,". Primary procedure pays at 100%, secondary at 50%, all subsequent at 25%.  Lesser of applies when negotiated rates exceed charges less addons.",8442,,,,,,,Case Rate,". Primary procedure pays at 100%, secondary at 50%, all subsequent at 25%.  Lesser of applies when negotiated rates exceed charges less addons.",8442,,,,,,,Case Rate,". Primary procedure pays at 100%, secondary at 50%, all subsequent at 25%.  Lesser of applies when negotiated rates exceed charges less addons.",8442,,,,,,,Case Rate,". Primary procedure pays at 100%, secondary at 50%, all subsequent at 25%.  Lesser of applies when negotiated rates exceed charges less addons.",25798,,,,,,,Case Rate,". MPL 100/75/50% all add ons apply, and lesser of 100% of billed charges",25798,,,,,,,Case Rate,". MPL 100/75/50% all add ons apply, and lesser of 100% of billed charges",359.95,,,,,,,Case Rate,"100% Medicare OPPS FS. ",359.95,,,,,,,Case Rate,"100% Medicare OPPS FS. ",359.95,,,,,,,Case Rate,"100% Medicare OPPS FS. ",4100,,,,,,,Case Rate,". MPL 100/50/25% all add ons apply, and lesser of 100% of billed charges",4100,,,,,,,Case Rate,". MPL 100/50/25% all add ons apply, and lesser of 100% of billed charges",4100,,,,,,,Case Rate,". MPL 100/50/25% all add ons apply, and lesser of 100% of billed charges",25798,,,,,,,Case Rate,". MPL 100/75/50% all add ons apply, and lesser of 100% of billed charges",8442,,,,,,,Case Rate,". Primary procedure pays at 100%, secondary at 50%, all subsequent at 25%.  Lesser of applies when negotiated rates exceed charges less addons.",359.95,,,,,,,Case Rate,"100% Medicare OPPS FS. ",4100,,,,,,,Case Rate,". MPL 100/50/25% all add ons apply, and lesser of 100% of billed charges",301.78,,,,,,,Case Rate,"100 Percent of Medicaid APG. ",367.15,,,,,,,Case Rate,"102% of Medicare OPPS. ",367.15,,,,,,,Case Rate,"102% of Medicare OPPS. ",367.15,,,,,,,Case Rate,"102% of Medicare OPPS. ",301.78,,,,,,,Case rate,"100 Percent of Medicaid APG. ",679.01,,,,,,,Case Rate,225% of NYS APG. Lesser of 100% of billed charges applies.,679.01,,,,,,,Case Rate,225% of NYS APG. Lesser of 100% of billed charges applies.,679.01,,,,,,,Case Rate,225% of NYS APG. Lesser of 100% of billed charges applies.,679.01,,,,,,,Case Rate,225% of NYS APG. Lesser of 100% of billed charges applies.,679.01,,,,,,,Case Rate,225% of NYS APG. Lesser of 100% of billed charges applies.,367.15,,,,,,,Case Rate,"102% of Medicare OPPS. ",301.78,,,,,,,Case Rate,"100 Percent of Medicaid APG. ",64.43,,,,,,,Case Rate,100% of PAS. Lesser of 100% of billed charges applies.,679.01,,,,,,,Case Rate,225% of NYS APG. Lesser of 100% of billed charges applies.,679.01,,,,,,,Case Rate,225% of NYS APG. Lesser of 100% of billed charges applies.,64.43,,,,,,,Case Rate,100% of PAS. Lesser of 100% of billed charges applies.,64.43,,,,,,,Case Rate,100% of PAS. Lesser of 100% of billed charges applies.,543.21,,,,,,,Fee Schedule,"180 Percent of Medicaid APG. ",359.95,,,,,,,Case Rate,"100% Medicare OPPS FS. ",359.95,,,,,,,Case Rate,"100% Medicare OPPS FS. ",8442,,,,,,,Case Rate,". Primary procedure pays at 100%, secondary at 50%, all subsequent at 25%.  Lesser of applies when negotiated rates exceed charges less addons.",359.95,,,,,,,Case Rate,"100% Medicare OPPS FS. ",679.01,,,,,,,Case Rate,"225 Percent of Medicaid APG. ",679.01,,,,,,,Case Rate,"225 Percent of Medicaid APG. ",301.78,,,,,,,Case rate,"100 Percent of Medicaid APG. ",301.78,,,,,,,Case rate,"100 Percent of Medicaid APG. ",679.01,,,,,,,Case Rate,225 Percent of Medicaid APG. Covered services not payable under Medicaid Fee Schedules default to a payment of 87.5 percent of charges.,301.78,,,,,,,Case rate,124 Percent of Medicaid APG. Covered services not payable under Medicaid Fee Schedules default to a payment of 50 percent of charges.,679.01,,,,,,,Case Rate,"100 Percent of Medicaid APG. ",679.01,,,,,,,Case Rate,"100 Percent of Medicaid APG. ",679.01,,,,,,,Case Rate,"100 Percent of Medicaid APG. ",679.01,,,,,,,Case Rate,"100 Percent of Medicaid APG. ",13453,,,,,,,Case Rate,". MPL 100/75/50% all add ons apply, and lesser of 100% of billed charges",25798,,,,,,,Case Rate,". MPL 100/75/50% all add ons apply, and lesser of 100% of billed charges",362.14,,,,,,,Case Rate,"120 Percent of Medicaid APG. Not APG payable, or payable under another fee schedule like ASP/AWP pays at 30% of charges",362.14,,,,,,,Case Rate,"120 Percent of Medicaid APG. Not APG payable, or payable under another fee schedule like ASP/AWP pays at 30% of charges",301.78,,,,,,,Case Rate,"100 Percent of Medicaid APG. Not APG payable, or payable under another fee schedule like ASP/AWP pays at 30% of charges",301.78,,,,,,,Case Rate,"100 Percent of Medicaid APG. Not APG payable, or payable under another fee schedule like ASP/AWP pays at 30% of charges",4100,,,,,,,Case Rate,". MPL 100/50/25% all add ons apply, and lesser of 100% of billed charges",4100,,,,,,,Case Rate,". MPL 100/50/25% all add ons apply, and lesser of 100% of billed charges",359.95,,,,,,,Case Rate,"100% Medicare OPPS FS. ",4100,,,,,,,Case Rate,". MPL 100/50/25% all add ons apply, and lesser of 100% of billed charges",4100,,,,,,,Case Rate,". MPL 100/50/25% all add ons apply, and lesser of 100% of billed charges",4100,,,,,,,Case Rate,". MPL 100/50/25% all add ons apply, and lesser of 100% of billed charges",4100,,,,,,,Case Rate,". MPL 100/50/25% all add ons apply, and lesser of 100% of billed charges",359.95,,,,,,,Case Rate,"100% Medicare OPPS FS. ",4100,,,,,,,Case Rate,". MPL 100/50/25% all add ons apply, and lesser of 100% of billed charges",4100,,,,,,,Case Rate,". MPL 100/50/25% all add ons apply, and lesser of 100% of billed charges",8442,,,,,,,Case Rate,". Primary procedure pays at 100%, secondary at 50%, all subsequent at 25%.  Lesser of applies when negotiated rates exceed charges less addons.",301.78,,,,,,,Fee Schedule,100% APG. Lesser of 100% of billed charges applies.,301.78,,,,,,,Case rate,124 Percent of Medicaid APG. Covered services not payable under Medicaid Fee Schedules default to a payment of 50 percent of charges.,679.01,,,,,,,Case Rate,225% of NYS APG. Lesser of 100% of billed charges applies.,679.01,,,,,,,Case Rate,225 Percent of Medicaid APG. Covered services not payable under Medicaid Fee Schedules default to a payment of 87.5 percent of charges.,301.78,,,,,,,Case rate,124 Percent of Medicaid APG. Covered services not payable under Medicaid Fee Schedules default to a payment of 50 percent of charges.,679.01,,,,,,,Case Rate,225% of NYS APG. Lesser of 100% of billed charges applies.,679.01,,,,,,,Case Rate,225% of NYS APG. Lesser of 100% of billed charges applies.,679.01,,,,,,,Case Rate,225% of NYS APG. Lesser of 100% of billed charges applies.,679.01,,,,,,,Case Rate,225% of NYS APG. Lesser of 100% of billed charges applies.,679.01,,,,,,,Case Rate,225% of NYS APG. Lesser of 100% of billed charges applies.,679.01,,,,,,,Case Rate,225% of NYS APG. Lesser of 100% of billed charges applies.,,,,,,,,,"NA. ",,,,,,,,,"NA. ",,,,,,,,,"NA. ",6487,,,,,,,Case Rate,". MPL 100/50/25% maxmium of 3 procedures. All add ons apply, and lesser of 100% of billed charges",,,,,,,,,"NA. ",359.95,,,,,,,Case Rate,"100% Medicare OPPS FS. ",1352,,,,,,,Case Rate,". MPL 1st 100% of Payment Rate 50% of all others, all add ons apply, and lesser of 100% of billed charges.",359.95,,,,,,,Case Rate,"100% Medicare OPPS FS. ",359.95,,,,,,,Case Rate,"100% Medicare OPPS FS. ",362.14,,,,,,,Case Rate,"120 Percent of Medicaid APG. Not APG payable, or payable under another fee schedule like ASP/AWP pays at 30% of charges",362.14,,,,,,,Case Rate,"120 Percent of Medicaid APG. Not APG payable, or payable under another fee schedule like ASP/AWP pays at 30% of charges",301.78,,,,,,,Case Rate,"100 Percent of Medicaid APG. Not APG payable, or payable under another fee schedule like ASP/AWP pays at 30% of charges",301.78,,,,,,,Case Rate,"100 Percent of Medicaid APG. Not APG payable, or payable under another fee schedule like ASP/AWP pays at 30% of charges",301.78,,,,,,,Case Rate,"100 Percent of Medicaid APG. ",7163,,,,,,,Case Rate,". ",8442,,,,,,,Case Rate,". Primary procedure pays at 100%, secondary at 50%, all subsequent at 25%.  Lesser of applies when negotiated rates exceed charges less addons.",8427,,,,,,,Case Rate,". Primary procedure pays at 100%, all subsequent at 50%.",6487,,,,,,,Case Rate,". MPL 100/50/25% maxmium of 3 procedures. All add ons apply, and lesser of 100% of billed charges",359.95,,,,,,,Case Rate,"100%Medicare OPPS FS. ",359.95,,,,,,,Case Rate,"100% Medicare OPPS FS. ",359.95,,,,,,,Case Rate,"100% Medicare OPPS FS. ",359.95,,,,,,,Case Rate,"100% Medicare OPPS FS. ",359.95,,,,,,,Case Rate,"100%Medicare OPPS FS. ",359.95,,,,,,,Case Rate,"100% Medicare OPPS FS. ",,,,,,,,,"NA. ",679.01,,,,,,,Case Rate,225% of NYS APG. Lesser of 100% of billed charges applies.,64.43,,,,,,,Case Rate,100% of PAS. Lesser of 100% of billed charges applies.,4100,,,,,,,Case Rate,". MPL 100/50/25% all add ons apply, and lesser of 100% of billed charges",7163,,,,,,,Case Rate,". ",7163,,,,,,,Case Rate,". ",7163,,,,,,,Case Rate,". ",7163,,,,,,,Case Rate,". ",359.95,,,,,,,Case Rate,"100% Medicare OPPS FS. ",301.78,,,,,,,Case Rate,"100 Percent of Medicaid APG. ",4100,,,,,,,Case Rate,". MPL 100/50/25% all add ons apply, and lesser of 100% of billed charges",301.78,,,,,,,Case Rate,"100 Percent of Medicaid APG. ",359.95,,,,,,,Case Rate,"100% Medicare OPPS FS. ",301.78,,,,,,,Case Rate,"100 Percent of Medicaid APG. ",359.95,,,,,,,Case Rate,"100% Medicare OPPS FS. ",359.95,,,,,,,Case Rate,"100% Medicare OPPS FS. ",301.78,,,,,,,Case Rate,"100 Percent of Medicaid APG. ",301.78,,,,,,,Case Rate,"100 Percent of Medicaid APG. ",7163,,,,,,,Case Rate,". ",6487,,,,,,,Case Rate,". MPL 100/50/25% maxmium of 3 procedures. All add ons apply, and lesser of 100% of billed charges",663.5772,78,,,,,0,percent of total billed charges,78% of Billed Charges. Lesser of 100% of billed charges applies.; No services were performed during the 15 month look back period.,4923.38,,,,,,,Case Rate,". MPL 100/50/25% all add ons apply, and lesser of 100% of billed charges",4923.38,,,,,,,Case Rate,". MPL 100/50/25% all add ons apply, and lesser of 100% of billed charges",8442,,,,,,,Case Rate,". Primary procedure pays at 100%, secondary at 50%, all subsequent at 25%.  Lesser of applies when negotiated rates exceed charges less addons.",359.95,,,,,,,Case Rate,"83% HF Fee schedule. ",12574,,,,,,,Case Rate,". Primary procedure pays at 100%, all subsequent at 50%.",12574,,,,,,,Case Rate,". Primary procedure pays at 100%, all subsequent at 50%.",3280,,,,,,,Case Rate,". MPL 100/50/25% all add ons apply, and lesser of 100% of billed charges",3280,,,,,,,Case Rate,". MPL 100/50/25% all add ons apply, and lesser of 100% of billed charges",359.95,,,,,,,Case Rate,"100% Medicare OPPS FS. ",359.95,,,,,,,Case Rate,"100% Medicare OPPS FS. ",359.95,,,,,,,Case Rate,"100% Medicare OPPS FS. ",359.95,,,,,,,Case Rate,"100% Medicare OPPS FS. ",4923.38,,,,,,,Case Rate,". MPL 100/50/25% all add ons apply, and lesser of 100% of billed charges",4100,,,,,,,Case Rate,". MPL 100/50/25% all add ons apply, and lesser of 100% of billed charges",4100,,,,,,,Case Rate,". MPL 100/50/25% all add ons apply, and lesser of 100% of billed charges",359.95,,,,,,,Case Rate,"100% Medicare OPPS FS. ",3280,,,,,,,Case Rate,". MPL 100/50/25% all add ons apply, and lesser of 100% of billed charges",8427,,,,,,,Case Rate,". Primary procedure pays at 100%, all subsequent at 50%.",362.14,,,,,,,Fee Schedule,"120 Percent of Medicaid APG. ",301.78,,,,,,,Case Rate,"100 Percent of Medicaid APG. ",7163,,,,,,,Case Rate,". ",3690,,,,,,,Case Rate,". MPL 100/50/25% all add ons apply, and lesser of 100% of billed charges",3690,,,,,,,Case Rate,". MPL 100/50/25% all add ons apply, and lesser of 100% of billed charges",4100,,,,,,,Case Rate,". MPL 100/50/25% all add ons apply, and lesser of 100% of billed charges",14948,,,,,,,Case Rate,". MPL 100/75/50% all add ons apply, and lesser of 100% of billed charges",359.95,,,,,,,Case Rate,"100%Medicare OPPS FS. ",316.87,,,,,,,Fee Schedule,105 percent of Medicaid APG. otherwise 105% of Ordered NYS MCD FS or 105% of ASP+6%,316.87,,,,,,,Fee Schedule,105 percent of Medicaid APG. otherwise 105% of Ordered NYS MCD FS or 105% of ASP+6%,316.87,,,,,,,Fee Schedule,105 percent of Medicaid APG. otherwise 105% of Ordered NYS MCD FS or 105% of ASP+6%,407.41,,,,,,,Fee Schedule,135 percent of Medicaid APG. otherwise 135% of Ordered NYS MCD FS or 135% of ASP+6%,4923.38,,,,,,,Case Rate,". MPL 100/50/25% all add ons apply, and lesser of 100% of billed charges",316.87,,,,,,,Fee Schedule,105 percent of Medicaid APG. otherwise 105% of Ordered NYS MCD FS or 105% of ASP+6%,316.87,,,,,,,Fee Schedule,105 percent of Medicaid APG. otherwise 105% of Ordered NYS MCD FS or 105% of ASP+6%,316.87,,,,,,,Fee Schedule,105 percent of Medicaid APG. otherwise 105% of Ordered NYS MCD FS or 105% of ASP+6%,316.87,,,,,,,Fee Schedule,105 percent of Medicaid APG. otherwise 105% of Ordered NYS MCD FS or 105% of ASP+6%,316.87,,,,,,,Fee Schedule,105 percent of Medicaid APG. otherwise 105% of Ordered NYS MCD FS or 105% of ASP+6%,407.41,,,,,,,Fee Schedule,135 percent of Medicaid APG. otherwise 135% of Ordered NYS MCD FS or 135% of ASP+6%,407.41,,,,,,,Fee Schedule,135 percent of Medicaid APG. otherwise 135% of Ordered NYS MCD FS or 135% of ASP+6%,359.95,,,,,,,Case Rate,"100% Medicare OPPS FS. ",4923.38,,,,,,,Case Rate,". MPL 100/50/25% all add ons apply, and lesser of 100% of billed charges",359.95,,,,,,,Case Rate,"100% Medicare OPPS FS. ",316.87,,,,,,,Fee Schedule,105 percent of Medicaid APG. otherwise 105% of Ordered NYS MCD FS or 105% of ASP+6%,4100,,,,,,,Case Rate,". MPL 100/50/25% all add ons apply, and lesser of 100% of billed charges",359.95,,,,,,,Case Rate,"100% Medicare OPPS FS. ",4100,,,,,,,Case Rate,". MPL 100/50/25% all add ons apply, and lesser of 100% of billed charges",4100,,,,,,,Case Rate,". MPL 100/50/25% all add ons apply, and lesser of 100% of billed charges",4100,,,,,,,Case Rate,". MPL 100/50/25% all add ons apply, and lesser of 100% of billed charges",316.87,,,,,,,Fee Schedule,105 percent of Medicaid APG. otherwise 105% of Ordered NYS MCD FS or 105% of ASP+6%,359.95,,,,,,,Case Rate,"100% Medicare OPPS FS. ",4100,,,,,,,Case Rate,". MPL 100/50/25% all add ons apply, and lesser of 100% of billed charges",407.41,,,,,,,Fee Schedule,135 percent of Medicaid APG. otherwise 135% of Ordered NYS MCD FS or 135% of ASP+6%,4100,,,,,,,Case Rate,". MPL 100/50/25% all add ons apply, and lesser of 100% of billed charges",1701.48,200,,,,,0,Case Rate,200% of Medicare OPPS. ; No services were performed during the 15 month look back period.,359.95,,,,,,,Case Rate,"100%Medicare OPPS FS. ",7163,,,,,,,Case Rate,". ",7163,,,,,,,Case Rate,". ",7163,,,,,,,Case Rate,". ",7163,,,,,,,Case Rate,". ",7163,,,,,,,Case Rate,". ",8427,,,,,,,Case Rate,". Primary procedure pays at 100%, all subsequent at 50%.",8427,,,,,,,Case Rate,". Primary procedure pays at 100%, all subsequent at 50%.",7163,,,,,,,Case Rate,". ",7163,,,,,,,Case Rate,". ",7163,,,,,,,Case Rate,". ",7163,,,,,,,Case Rate,". ",7163,,,,,,,Case Rate,". ",359.95,,,,,,,Case Rate,"100% Medicare OPPS FS. ",8427,,,,,,,Case Rate,". Primary procedure pays at 100%, all subsequent at 50%.",359.95,,,,,,,Case Rate,"100% Medicare OPPS FS. ",679.01,,,,,,,Case Rate,"225 Percent of Medicaid APG. If not included in Medicaid APG, then 100 Percent of Manhattan Medicare",301.78,,,,,,,Case Rate,"100 Percent of Medicaid APG. ",4923.38,,,,,,,Case Rate,". MPL 100/50/25% all add ons apply, and lesser of 100% of billed charges",4923.38,,,,,,,Case Rate,". MPL 100/50/25% all add ons apply, and lesser of 100% of billed charges",359.95,,,,,,,Case Rate,"100% Medicare OPPS FS. ",12574,,,,,,,Case Rate,". Primary procedure pays at 100%, all subsequent at 50%.",359.95,,,,,,,Case Rate,"100% Medicare OPPS FS. ",359.95,,,,,,,Case Rate,"100% Medicare OPPS FS. ",8442,,,,,,,Case Rate,". Primary procedure pays at 100%, secondary at 50%, all subsequent at 25%.  Lesser of applies when negotiated rates exceed charges less addons.",359.95,,,,,,,Case Rate,"100% Medicare OPPS FS. ",6487,,,,,,,Case Rate,". MPL 100/50/25% maxmium of 3 procedures. All add ons apply, and lesser of 100% of billed charges",359.95,,,,,,,Case Rate,"100% Medicare OPPS FS. ",6487,,,,,,,Case Rate,". MPL 100/50/25% maxmium of 3 procedures. All add ons apply, and lesser of 100% of billed charges",8442,,,,,,,Case Rate,". Primary procedure pays at 100%, secondary at 50%, all subsequent at 25%.  Lesser of applies when negotiated rates exceed charges less addons.",6487,,,,,,,Case Rate,". MPL 100/50/25% maxmium of 3 procedures. All add ons apply, and lesser of 100% of billed charges",359.95,,,,,,,Case Rate,"100% Medicare OPPS FS. ",301.78,,,,,,,Case Rate,"100 Percent of Medicaid APG. ",359.95,,,,,,,Case Rate,"100% Medicare OPPS FS. ",6487,,,,,,,Case Rate,". MPL 100/50/25% maxmium of 3 procedures. All add ons apply, and lesser of 100% of billed charges",4923.38,,,,,,,Case Rate,". MPL 100/50/25% all add ons apply, and lesser of 100% of billed charges",301.78,,,,,,,Case Rate,"100 Percent of Medicaid APG. ",4100,,,,,,,Case Rate,". MPL 100/50/25% all add ons apply, and lesser of 100% of billed charges",362.14,,,,,,,Fee Schedule,"120 Percent of Medicaid APG. ",362.14,,,,,,,Fee Schedule,"120 Percent of Medicaid APG. ",4100,,,,,,,Case Rate,". MPL 100/50/25% all add ons apply, and lesser of 100% of billed charges",4100,,,,,,,Case Rate,". MPL 100/50/25% all add ons apply, and lesser of 100% of billed charges",4100,,,,,,,Case Rate,". MPL 100/50/25% all add ons apply, and lesser of 100% of billed charges",4923.38,,,,,,,Case Rate,". MPL 100/50/25% all add ons apply, and lesser of 100% of billed charges",4100,,,,,,,Case Rate,". MPL 100/50/25% all add ons apply, and lesser of 100% of billed charges",4100,,,,,,,Case Rate,". MPL 100/50/25% all add ons apply, and lesser of 100% of billed charges",4100,,,,,,,Case Rate,". MPL 100/50/25% all add ons apply, and lesser of 100% of billed charges",7163,,,,,,,Case Rate,". ",7163,,,,,,,Case Rate,". ",712.7,,,,,,,Case Rate,198 Percent of Medicare OPPS. Metroplus will reimburse unlisted codes and described codes with no Medicare rate at 50 percent of charges.,301.78,,,,,,,Case Rate,"100 Percent of Medicaid APG. ",4923.38,,,,,,,Case Rate,". MPL 100/50/25% all add ons apply, and lesser of 100% of billed charges",6487,,,,,,,Case Rate,". MPL 100/50/25% maxmium of 3 procedures. All add ons apply, and lesser of 100% of billed charges",8442,,,,,,,Case Rate,". Primary procedure pays at 100%, secondary at 50%, all subsequent at 25%.  Lesser of applies when negotiated rates exceed charges less addons.",4923.38,,,,,,,Case Rate,". MPL 100/50/25% all add ons apply, and lesser of 100% of billed charges",8442,,,,,,,Case Rate,". Primary procedure pays at 100%, secondary at 50%, all subsequent at 25%.  Lesser of applies when negotiated rates exceed charges less addons.",4923.38,,,,,,,Case Rate,". MPL 100/50/25% all add ons apply, and lesser of 100% of billed charges",4100,,,,,,,Case Rate,". MPL 100/50/25% all add ons apply, and lesser of 100% of billed charges",4100,,,,,,,Case Rate,". MPL 100/50/25% all add ons apply, and lesser of 100% of billed charges",4100,,,,,,,Case Rate,". MPL 100/50/25% all add ons apply, and lesser of 100% of billed charges",4100,,,,,,,Case Rate,". MPL 100/50/25% all add ons apply, and lesser of 100% of billed charges",359.95,,,,,,,Case Rate,"100% Medicare OPPS FS. ",64.43,25798,
56440,CPT,,,490,RC,MRSPLZATN BRTHLNS GLND CST,,,both,,,,5941,,,,,,,Case Rate,". MPL 1st 100% of Payment Rate 50% of all others, all add ons apply, and lesser of 100% of billed charges.",5941,,,,,,,Case Rate,". MPL 1st 100% of Payment Rate 50% of all others, all add ons apply, and lesser of 100% of billed charges.",8442,,,,,,,Case Rate,". Primary procedure pays at 100%, secondary at 50%, all subsequent at 25%.  Lesser of applies when negotiated rates exceed charges less addons.",,100,,,,,0,percent of total billed charges,100 percent of billed charges. ; No services were performed during the 15 month look back period.,3762.34,,,,,,,Case Rate,"100% Medicare OPPS FS. ",8442,,,,,,,Case Rate,". Primary procedure pays at 100%, secondary at 50%, all subsequent at 25%.  Lesser of applies when negotiated rates exceed charges less addons.",8442,,,,,,,Case Rate,". Primary procedure pays at 100%, secondary at 50%, all subsequent at 25%.  Lesser of applies when negotiated rates exceed charges less addons.",8442,,,,,,,Case Rate,". Primary procedure pays at 100%, secondary at 50%, all subsequent at 25%.  Lesser of applies when negotiated rates exceed charges less addons.",2101.92,,,,,,,Case Rate,"100 Percent of Medicaid APG. ",1751.6,,,,,,,Case Rate,"100 Percent of Medicaid APG. ",,78,,,,,0,percent of total billed charges,78% of Billed Charges. Lesser of 100% of billed charges applies.; No services were performed during the 15 month look back period.,9024.56,,,,,,,Case Rate,". MPL 100/50/25% all add ons apply, and lesser of 100% of billed charges",1751.6,,,,,,,Case Rate,"100 Percent of Medicaid APG. ",3762.34,,,,,,,Case Rate,"100% Medicare OPPS FS. ",6487,,,,,,,Case Rate,". MPL 100/50/25% maxmium of 3 procedures. All add ons apply, and lesser of 100% of billed charges",6487,,,,,,,Case Rate,". MPL 100/50/25% maxmium of 3 procedures. All add ons apply, and lesser of 100% of billed charges",6487,,,,,,,Case Rate,". MPL 100/50/25% maxmium of 3 procedures. All add ons apply, and lesser of 100% of billed charges",6487,,,,,,,Case Rate,". MPL 100/50/25% maxmium of 3 procedures. All add ons apply, and lesser of 100% of billed charges",1751.6,,,,,,,Case rate,124 Percent of Medicaid APG. Covered services not payable under Medicaid Fee Schedules default to a payment of 50 percent of charges.,3762.34,,,,,,,Case Rate,"100% Medicare OPPS FS. ",1751.6,,,,,,,Case rate,124 Percent of Medicaid APG. Covered services not payable under Medicaid Fee Schedules default to a payment of 50 percent of charges.,,78,,,,,0,percent of total billed charges,78% of Billed Charges. Lesser of 100% of billed charges applies.; No services were performed during the 15 month look back period.,8442,,,,,,,Case Rate,". Primary procedure pays at 100%, secondary at 50%, all subsequent at 25%.  Lesser of applies when negotiated rates exceed charges less addons.",3762.34,,,,,,,Case Rate,"100%Medicare OPPS FS. ",8427,,,,,,,Case Rate,". Primary procedure pays at 100%, all subsequent at 50%.",3762.34,,,,,,,Case Rate,"100%Medicare OPPS FS. ",3762.34,,,,,,,Case Rate,"100%Medicare OPPS FS. ",,78,,,,,0,percent of total billed charges,78% of Billed Charges. Lesser of 100% of billed charges applies.; No services were performed during the 15 month look back period.,1317.81,,,,,,,Case Rate,100% of PAS. Lesser of 100% of billed charges applies.,1317.81,,,,,,,Case Rate,100% of PAS. Lesser of 100% of billed charges applies.,1751.6,,,,,,,Case rate,"100 Percent of Medicaid APG. ",1751.6,,,,,,,Case rate,"100 Percent of Medicaid APG. ",8427,,,,,,,Case Rate,". Primary procedure pays at 100%, all subsequent at 50%.",8427,,,,,,,Case Rate,". Primary procedure pays at 100%, all subsequent at 50%.",1751.6,,,,,,,Case Rate,"100 Percent of Medicaid APG. Not APG payable, or payable under another fee schedule like ASP/AWP pays at 30% of charges",8427,,,,,,,Case Rate,". Primary procedure pays at 100%, all subsequent at 50%.",1751.6,,,,,,,Case Rate,"100 Percent of Medicaid APG. Not APG payable, or payable under another fee schedule like ASP/AWP pays at 30% of charges",3762.34,,,,,,,Case Rate,"100%Medicare OPPS FS. ",8427,,,,,,,Case Rate,". Primary procedure pays at 100%, all subsequent at 50%.",,78,,,,,0,percent of total billed charges,78% of Billed Charges. Lesser of 100% of billed charges applies.; No services were performed during the 15 month look back period.,1751.6,,,,,,,Case Rate,"100 Percent of Medicaid APG. ",1751.6,,,,,,,Case Rate,"100 Percent of Medicaid APG. ",,78,,,,,0,percent of total billed charges,78% of Billed Charges. Lesser of 100% of billed charges applies.; No services were performed during the 15 month look back period.,6487,,,,,,,Case Rate,". MPL 100/50/25% maxmium of 3 procedures. All add ons apply, and lesser of 100% of billed charges",7929,,,,,,,Case Rate,". MPL 100/50/25% all add ons apply, and lesser of 100% of billed charges",7929,,,,,,,Case Rate,". MPL 100/50/25% all add ons apply, and lesser of 100% of billed charges",,78,,,,,0,percent of total billed charges,78% of Billed Charges. Lesser of 100% of billed charges applies.; No services were performed during the 15 month look back period.,3762.34,,,,,,,Case Rate,"100% Medicare OPPS FS. ",9024.56,,,,,,,Case Rate,". MPL 100/50/25% all add ons apply, and lesser of 100% of billed charges",9024.56,,,,,,,Case Rate,". MPL 100/50/25% all add ons apply, and lesser of 100% of billed charges",9024.56,,,,,,,Case Rate,". MPL 100/50/25% all add ons apply, and lesser of 100% of billed charges",3762.34,,,,,,,Case Rate,"100% Medicare OPPS FS. ",9024.56,,,,,,,Case Rate,". MPL 100/50/25% all add ons apply, and lesser of 100% of billed charges",9024.56,,,,,,,Case Rate,". MPL 100/50/25% all add ons apply, and lesser of 100% of billed charges",3762.34,,,,,,,Case Rate,"100% of Medicare OPPS. ",25798,,,,,,,Case Rate,". MPL 100/75/50% all add ons apply, and lesser of 100% of billed charges",10351,,,,,,,Case Rate,". MPL 100/50/25% all add ons apply, and lesser of 100% of billed charges",10351,,,,,,,Case Rate,". MPL 100/50/25% all add ons apply, and lesser of 100% of billed charges",10351,,,,,,,Case Rate,". MPL 100/50/25% all add ons apply, and lesser of 100% of billed charges",10351,,,,,,,Case Rate,". MPL 100/50/25% all add ons apply, and lesser of 100% of billed charges",10351,,,,,,,Case Rate,". MPL 100/50/25% all add ons apply, and lesser of 100% of billed charges",10351,,,,,,,Case Rate,". MPL 100/50/25% all add ons apply, and lesser of 100% of billed charges",3762.34,,,,,,,Case Rate,"100% Medicare OPPS FS. ",3762.34,,,,,,,Case Rate,"100% Medicare OPPS FS. ",10351,,,,,,,Case Rate,". MPL 100/50/25% all add ons apply, and lesser of 100% of billed charges",,78,,,,,0,percent of total billed charges,78% of Billed Charges. Lesser of 100% of billed charges applies.; No services were performed during the 15 month look back period.,,78,,,,,0,percent of total billed charges,78% of Billed Charges. Lesser of 100% of billed charges applies.; No services were performed during the 15 month look back period.,,78,,,,,0,percent of total billed charges,78% of Billed Charges. Lesser of 100% of billed charges applies.; No services were performed during the 15 month look back period.,,78,,,,,0,percent of total billed charges,78% of Billed Charges. Lesser of 100% of billed charges applies.; No services were performed during the 15 month look back period.,,78,,,,,0,percent of total billed charges,78% of Billed Charges. Lesser of 100% of billed charges applies.; No services were performed during the 15 month look back period.,,78,,,,,0,percent of total billed charges,78% of Billed Charges. Lesser of 100% of billed charges applies.; No services were performed during the 15 month look back period.,,78,,,,,0,percent of total billed charges,78% of Billed Charges. Lesser of 100% of billed charges applies.; No services were performed during the 15 month look back period.,,78,,,,,0,percent of total billed charges,78% of Billed Charges. Lesser of 100% of billed charges applies.; No services were performed during the 15 month look back period.,,78,,,,,0,percent of total billed charges,78% of Billed Charges. Lesser of 100% of billed charges applies.; No services were performed during the 15 month look back period.,,78,,,,,0,percent of total billed charges,78% of Billed Charges. Lesser of 100% of billed charges applies.; No services were performed during the 15 month look back period.,,78,,,,,0,percent of total billed charges,78% of Billed Charges. Lesser of 100% of billed charges applies.; No services were performed during the 15 month look back period.,,78,,,,,0,percent of total billed charges,78% of Billed Charges. Lesser of 100% of billed charges applies.; No services were performed during the 15 month look back period.,,78,,,,,0,percent of total billed charges,78% of Billed Charges. Lesser of 100% of billed charges applies.; No services were performed during the 15 month look back period.,,78,,,,,0,percent of total billed charges,78% of Billed Charges. Lesser of 100% of billed charges applies.; No services were performed during the 15 month look back period.,,78,,,,,0,percent of total billed charges,78% of Billed Charges. Lesser of 100% of billed charges applies.; No services were performed during the 15 month look back period.,,78,,,,,0,percent of total billed charges,78% of Billed Charges. Lesser of 100% of billed charges applies.; No services were performed during the 15 month look back period.,,78,,,,,0,percent of total billed charges,78% of Billed Charges. Lesser of 100% of billed charges applies.; No services were performed during the 15 month look back period.,,78,,,,,0,percent of total billed charges,78% of Billed Charges. Lesser of 100% of billed charges applies.; No services were performed during the 15 month look back period.,,78,,,,,0,percent of total billed charges,78% of Billed Charges. Lesser of 100% of billed charges applies.; No services were performed during the 15 month look back period.,,78,,,,,0,percent of total billed charges,78% of Billed Charges. Lesser of 100% of billed charges applies.; No services were performed during the 15 month look back period.,,78,,,,,0,percent of total billed charges,78% of Billed Charges. Lesser of 100% of billed charges applies.; No services were performed during the 15 month look back period.,,78,,,,,0,percent of total billed charges,78% of Billed Charges. Lesser of 100% of billed charges applies.; No services were performed during the 15 month look back period.,,78,,,,,0,percent of total billed charges,78% of Billed Charges. Lesser of 100% of billed charges applies.; No services were performed during the 15 month look back period.,,78,,,,,0,percent of total billed charges,78% of Billed Charges. Lesser of 100% of billed charges applies.; No services were performed during the 15 month look back period.,,78,,,,,0,percent of total billed charges,78% of Billed Charges. Lesser of 100% of billed charges applies.; No services were performed during the 15 month look back period.,,78,,,,,0,percent of total billed charges,78% of Billed Charges. Lesser of 100% of billed charges applies.; No services were performed during the 15 month look back period.,8427,,,,,,,Case Rate,". Primary procedure pays at 100%, all subsequent at 50%.",8427,,,,,,,Case Rate,". Primary procedure pays at 100%, all subsequent at 50%.",8427,,,,,,,Case Rate,". Primary procedure pays at 100%, all subsequent at 50%.",8427,,,,,,,Case Rate,". Primary procedure pays at 100%, all subsequent at 50%.",12574,,,,,,,Case Rate,". Primary procedure pays at 100%, all subsequent at 50%.",12574,,,,,,,Case Rate,". Primary procedure pays at 100%, all subsequent at 50%.",6487,,,,,,,Case Rate,". MPL 100/50/25% maxmium of 3 procedures. All add ons apply, and lesser of 100% of billed charges",10351,,,,,,,Case Rate,". MPL 100/50/25% all add ons apply, and lesser of 100% of billed charges",9024.56,,,,,,,Case Rate,". MPL 100/50/25% all add ons apply, and lesser of 100% of billed charges",10351,,,,,,,Case Rate,". MPL 100/50/25% all add ons apply, and lesser of 100% of billed charges",,78,,,,,0,percent of total billed charges,78% of Billed Charges. Lesser of 100% of billed charges applies.; No services were performed during the 15 month look back period.,12574,,,,,,,Case Rate,". Primary procedure pays at 100%, all subsequent at 50%.",10351,,,,,,,Case Rate,". MPL 100/50/25% all add ons apply, and lesser of 100% of billed charges",9024.56,,,,,,,Case Rate,". MPL 100/50/25% all add ons apply, and lesser of 100% of billed charges",6487,,,,,,,Case Rate,". MPL 100/50/25% maxmium of 3 procedures. All add ons apply, and lesser of 100% of billed charges",,,,,,,,,"NA. ",,78,,,,,0,percent of total billed charges,78% of Billed Charges. Lesser of 100% of billed charges applies.; No services were performed during the 15 month look back period.,1751.6,,,,,,,Case Rate,"100 Percent of Medicaid APG. ",8427,,,,,,,Case Rate,". Primary procedure pays at 100%, all subsequent at 50%.",1751.6,,,,,,,Case Rate,"100 Percent of Medicaid APG. Not APG payable, or payable under another fee schedule like ASP/AWP pays at 30% of charges",3762.34,,,,,,,Case Rate,"100%Medicare OPPS FS. ",3762.34,,,,,,,Case Rate,"100% Medicare OPPS FS. ",25798,,,,,,,Case Rate,". MPL 100/75/50% all add ons apply, and lesser of 100% of billed charges",3762.34,,,,,,,Case Rate,"100% Medicare OPPS FS. ",3762.34,,,,,,,Case Rate,"100% Medicare OPPS FS. ",1751.6,,,,,,,Case Rate,"100 Percent of Medicaid APG. ",3762.34,,,,,,,Case Rate,"100% Medicare OPPS FS. ",3762.34,,,,,,,Case Rate,"100% Medicare OPPS FS. ",8442,,,,,,,Case Rate,". Primary procedure pays at 100%, secondary at 50%, all subsequent at 25%.  Lesser of applies when negotiated rates exceed charges less addons.",8442,,,,,,,Case Rate,". Primary procedure pays at 100%, secondary at 50%, all subsequent at 25%.  Lesser of applies when negotiated rates exceed charges less addons.",3762.34,,,,,,,Case Rate,"100% Medicare OPPS FS. ",6487,,,,,,,Case Rate,". MPL 100/50/25% maxmium of 3 procedures. All add ons apply, and lesser of 100% of billed charges",9024.56,,,,,,,Case Rate,". MPL 100/50/25% all add ons apply, and lesser of 100% of billed charges",9024.56,,,,,,,Case Rate,". MPL 100/50/25% all add ons apply, and lesser of 100% of billed charges",3762.34,,,,,,,Case Rate,"100% Medicare OPPS FS. ",6487,,,,,,,Case Rate,". MPL 100/50/25% maxmium of 3 procedures. All add ons apply, and lesser of 100% of billed charges",8442,,,,,,,Case Rate,". Primary procedure pays at 100%, secondary at 50%, all subsequent at 25%.  Lesser of applies when negotiated rates exceed charges less addons.",8442,,,,,,,Case Rate,". Primary procedure pays at 100%, secondary at 50%, all subsequent at 25%.  Lesser of applies when negotiated rates exceed charges less addons.",8442,,,,,,,Case Rate,". Primary procedure pays at 100%, secondary at 50%, all subsequent at 25%.  Lesser of applies when negotiated rates exceed charges less addons.",,78,,,,,0,percent of total billed charges,78% of Billed Charges. Lesser of 100% of billed charges applies.; No services were performed during the 15 month look back period.,,78,,,,,0,percent of total billed charges,78% of Billed Charges. Lesser of 100% of billed charges applies.; No services were performed during the 15 month look back period.,,78,,,,,0,percent of total billed charges,78% of Billed Charges. Lesser of 100% of billed charges applies.; No services were performed during the 15 month look back period.,,78,,,,,0,percent of total billed charges,78% of Billed Charges. Lesser of 100% of billed charges applies.; No services were performed during the 15 month look back period.,,78,,,,,0,percent of total billed charges,78% of Billed Charges. Lesser of 100% of billed charges applies.; No services were performed during the 15 month look back period.,,78,,,,,0,percent of total billed charges,78% of Billed Charges. Lesser of 100% of billed charges applies.; No services were performed during the 15 month look back period.,,78,,,,,0,percent of total billed charges,78% of Billed Charges. Lesser of 100% of billed charges applies.; No services were performed during the 15 month look back period.,,78,,,,,0,percent of total billed charges,78% of Billed Charges. Lesser of 100% of billed charges applies.; No services were performed during the 15 month look back period.,,78,,,,,0,percent of total billed charges,78% of Billed Charges. Lesser of 100% of billed charges applies.; No services were performed during the 15 month look back period.,,78,,,,,0,percent of total billed charges,78% of Billed Charges. Lesser of 100% of billed charges applies.; No services were performed during the 15 month look back period.,,78,,,,,0,percent of total billed charges,78% of Billed Charges. Lesser of 100% of billed charges applies.; No services were performed during the 15 month look back period.,12574,,,,,,,Case Rate,". Primary procedure pays at 100%, all subsequent at 50%.",10351,,,,,,,Case Rate,". MPL 100/50/25% all add ons apply, and lesser of 100% of billed charges",6487,,,,,,,Case Rate,". MPL 100/50/25% maxmium of 3 procedures. All add ons apply, and lesser of 100% of billed charges",3762.34,,,,,,,Case Rate,"100% Medicare OPPS FS. ",8442,,,,,,,Case Rate,". Primary procedure pays at 100%, secondary at 50%, all subsequent at 25%.  Lesser of applies when negotiated rates exceed charges less addons.",6487,,,,,,,Case Rate,". MPL 100/50/25% maxmium of 3 procedures. All add ons apply, and lesser of 100% of billed charges",6487,,,,,,,Case Rate,". MPL 100/50/25% maxmium of 3 procedures. All add ons apply, and lesser of 100% of billed charges",,78,,,,,0,percent of total billed charges,78% of Billed Charges. Lesser of 100% of billed charges applies.; No services were performed during the 15 month look back period.,3748.43,,,,,,,Case Rate,"214 Percent of Medicaid APG. Drugs not priced under APG, billed with revenue code 636 and not priced by Medicare ASP FeeSched will be reimbursed at 20% of charges.",6487,,,,,,,Case Rate,". MPL 100/50/25% maxmium of 3 procedures. All add ons apply, and lesser of 100% of billed charges",1751.6,,,,,,,Case Rate,"100 Percent of Medicaid APG. ",3762.34,,,,,,,Case Rate,"100% Medicare OPPS FS. ",3762.34,,,,,,,Case Rate,"100% Medicare OPPS FS. ",3762.34,,,,,,,Case Rate,"100% Medicare OPPS FS. ",3762.34,,,,,,,Case Rate,"100% Medicare OPPS FS. ",3762.34,,,,,,,Case Rate,"100% Medicare OPPS FS. ",3762.34,,,,,,,Case Rate,"100% Medicare OPPS FS. ",6487,,,,,,,Case Rate,". MPL 100/50/25% maxmium of 3 procedures. All add ons apply, and lesser of 100% of billed charges",25798,,,,,,,Case Rate,". MPL 100/75/50% all add ons apply, and lesser of 100% of billed charges",3152.88,,,,,,,Fee Schedule,"180 Percent of Medicaid APG. ",3152.88,,,,,,,Fee Schedule,"180 Percent of Medicaid APG. ",3152.88,,,,,,,Fee Schedule,"180 Percent of Medicaid APG. ",3152.88,,,,,,,Fee Schedule,"180 Percent of Medicaid APG. ",3152.88,,,,,,,Fee Schedule,"180 Percent of Medicaid APG. ",,,,,,,,,"NA. ",25798,,,,,,,Case Rate,". MPL 100/75/50% all add ons apply, and lesser of 100% of billed charges",7449.43,,,,,,,Case Rate,198 Percent of Medicare OPPS. Metroplus will reimburse unlisted codes and described codes with no Medicare rate at 50 percent of charges.,7449.43,,,,,,,Case Rate,198 Percent of Medicare OPPS. Metroplus will reimburse unlisted codes and described codes with no Medicare rate at 50 percent of charges.,7449.43,,,,,,,Case Rate,198 Percent of Medicare OPPS. Metroplus will reimburse unlisted codes and described codes with no Medicare rate at 50 percent of charges.,7449.43,,,,,,,Case Rate,198 Percent of Medicare OPPS. Metroplus will reimburse unlisted codes and described codes with no Medicare rate at 50 percent of charges.,7449.43,,,,,,,Case Rate,198 Percent of Medicare OPPS. Metroplus will reimburse unlisted codes and described codes with no Medicare rate at 50 percent of charges.,3762.34,,,,,,,Case Rate,"100% Medicare OPPS FS. ",12574,,,,,,,Case Rate,". Primary procedure pays at 100%, all subsequent at 50%.",12574,,,,,,,Case Rate,". Primary procedure pays at 100%, all subsequent at 50%.",12574,,,,,,,Case Rate,". Primary procedure pays at 100%, all subsequent at 50%.",12574,,,,,,,Case Rate,". Primary procedure pays at 100%, all subsequent at 50%.",8442,,,,,,,Case Rate,". Primary procedure pays at 100%, secondary at 50%, all subsequent at 25%.  Lesser of applies when negotiated rates exceed charges less addons.",8442,,,,,,,Case Rate,". Primary procedure pays at 100%, secondary at 50%, all subsequent at 25%.  Lesser of applies when negotiated rates exceed charges less addons.",8442,,,,,,,Case Rate,". Primary procedure pays at 100%, secondary at 50%, all subsequent at 25%.  Lesser of applies when negotiated rates exceed charges less addons.",8442,,,,,,,Case Rate,". Primary procedure pays at 100%, secondary at 50%, all subsequent at 25%.  Lesser of applies when negotiated rates exceed charges less addons.",25798,,,,,,,Case Rate,". MPL 100/75/50% all add ons apply, and lesser of 100% of billed charges",25798,,,,,,,Case Rate,". MPL 100/75/50% all add ons apply, and lesser of 100% of billed charges",3762.34,,,,,,,Case Rate,"100% Medicare OPPS FS. ",3762.34,,,,,,,Case Rate,"100% Medicare OPPS FS. ",3762.34,,,,,,,Case Rate,"100% Medicare OPPS FS. ",10351,,,,,,,Case Rate,". MPL 100/50/25% all add ons apply, and lesser of 100% of billed charges",10351,,,,,,,Case Rate,". MPL 100/50/25% all add ons apply, and lesser of 100% of billed charges",10351,,,,,,,Case Rate,". MPL 100/50/25% all add ons apply, and lesser of 100% of billed charges",25798,,,,,,,Case Rate,". MPL 100/75/50% all add ons apply, and lesser of 100% of billed charges",8442,,,,,,,Case Rate,". Primary procedure pays at 100%, secondary at 50%, all subsequent at 25%.  Lesser of applies when negotiated rates exceed charges less addons.",3762.34,,,,,,,Case Rate,"100% Medicare OPPS FS. ",10351,,,,,,,Case Rate,". MPL 100/50/25% all add ons apply, and lesser of 100% of billed charges",1751.6,,,,,,,Case Rate,"100 Percent of Medicaid APG. ",3837.58,,,,,,,Case Rate,"102% of Medicare OPPS. ",3837.58,,,,,,,Case Rate,"102% of Medicare OPPS. ",3837.58,,,,,,,Case Rate,"102% of Medicare OPPS. ",1751.6,,,,,,,Case rate,"100 Percent of Medicaid APG. ",3941.1,,,,,,,Case Rate,225% of NYS APG. Lesser of 100% of billed charges applies.,3941.1,,,,,,,Case Rate,225% of NYS APG. Lesser of 100% of billed charges applies.,3941.1,,,,,,,Case Rate,225% of NYS APG. Lesser of 100% of billed charges applies.,3941.1,,,,,,,Case Rate,225% of NYS APG. Lesser of 100% of billed charges applies.,3941.1,,,,,,,Case Rate,225% of NYS APG. Lesser of 100% of billed charges applies.,3837.58,,,,,,,Case Rate,"102% of Medicare OPPS. ",1751.6,,,,,,,Case Rate,"100 Percent of Medicaid APG. ",1317.81,,,,,,,Case Rate,100% of PAS. Lesser of 100% of billed charges applies.,3941.1,,,,,,,Case Rate,225% of NYS APG. Lesser of 100% of billed charges applies.,3941.1,,,,,,,Case Rate,225% of NYS APG. Lesser of 100% of billed charges applies.,1317.81,,,,,,,Case Rate,100% of PAS. Lesser of 100% of billed charges applies.,1317.81,,,,,,,Case Rate,100% of PAS. Lesser of 100% of billed charges applies.,3152.88,,,,,,,Fee Schedule,"180 Percent of Medicaid APG. ",3762.34,,,,,,,Case Rate,"100% Medicare OPPS FS. ",3762.34,,,,,,,Case Rate,"100% Medicare OPPS FS. ",8442,,,,,,,Case Rate,". Primary procedure pays at 100%, secondary at 50%, all subsequent at 25%.  Lesser of applies when negotiated rates exceed charges less addons.",3762.34,,,,,,,Case Rate,"100% Medicare OPPS FS. ",3941.1,,,,,,,Case Rate,"225 Percent of Medicaid APG. ",3941.1,,,,,,,Case Rate,"225 Percent of Medicaid APG. ",1751.6,,,,,,,Case rate,"100 Percent of Medicaid APG. ",1751.6,,,,,,,Case rate,"100 Percent of Medicaid APG. ",3941.1,,,,,,,Case Rate,225 Percent of Medicaid APG. Covered services not payable under Medicaid Fee Schedules default to a payment of 87.5 percent of charges.,1751.6,,,,,,,Case rate,124 Percent of Medicaid APG. Covered services not payable under Medicaid Fee Schedules default to a payment of 50 percent of charges.,3941.1,,,,,,,Case Rate,"100 Percent of Medicaid APG. ",3941.1,,,,,,,Case Rate,"100 Percent of Medicaid APG. ",3941.1,,,,,,,Case Rate,"100 Percent of Medicaid APG. ",3941.1,,,,,,,Case Rate,"100 Percent of Medicaid APG. ",13453,,,,,,,Case Rate,". MPL 100/75/50% all add ons apply, and lesser of 100% of billed charges",25798,,,,,,,Case Rate,". MPL 100/75/50% all add ons apply, and lesser of 100% of billed charges",2101.92,,,,,,,Case Rate,"120 Percent of Medicaid APG. Not APG payable, or payable under another fee schedule like ASP/AWP pays at 30% of charges",2101.92,,,,,,,Case Rate,"120 Percent of Medicaid APG. Not APG payable, or payable under another fee schedule like ASP/AWP pays at 30% of charges",1751.6,,,,,,,Case Rate,"100 Percent of Medicaid APG. Not APG payable, or payable under another fee schedule like ASP/AWP pays at 30% of charges",1751.6,,,,,,,Case Rate,"100 Percent of Medicaid APG. Not APG payable, or payable under another fee schedule like ASP/AWP pays at 30% of charges",10351,,,,,,,Case Rate,". MPL 100/50/25% all add ons apply, and lesser of 100% of billed charges",10351,,,,,,,Case Rate,". MPL 100/50/25% all add ons apply, and lesser of 100% of billed charges",3762.34,,,,,,,Case Rate,"100% Medicare OPPS FS. ",10351,,,,,,,Case Rate,". MPL 100/50/25% all add ons apply, and lesser of 100% of billed charges",10351,,,,,,,Case Rate,". MPL 100/50/25% all add ons apply, and lesser of 100% of billed charges",10351,,,,,,,Case Rate,". MPL 100/50/25% all add ons apply, and lesser of 100% of billed charges",10351,,,,,,,Case Rate,". MPL 100/50/25% all add ons apply, and lesser of 100% of billed charges",3762.34,,,,,,,Case Rate,"100% Medicare OPPS FS. ",10351,,,,,,,Case Rate,". MPL 100/50/25% all add ons apply, and lesser of 100% of billed charges",10351,,,,,,,Case Rate,". MPL 100/50/25% all add ons apply, and lesser of 100% of billed charges",8442,,,,,,,Case Rate,". Primary procedure pays at 100%, secondary at 50%, all subsequent at 25%.  Lesser of applies when negotiated rates exceed charges less addons.",1751.6,,,,,,,Fee Schedule,100% APG. Lesser of 100% of billed charges applies.,1751.6,,,,,,,Case rate,124 Percent of Medicaid APG. Covered services not payable under Medicaid Fee Schedules default to a payment of 50 percent of charges.,3941.1,,,,,,,Case Rate,225% of NYS APG. Lesser of 100% of billed charges applies.,3941.1,,,,,,,Case Rate,225 Percent of Medicaid APG. Covered services not payable under Medicaid Fee Schedules default to a payment of 87.5 percent of charges.,1751.6,,,,,,,Case rate,124 Percent of Medicaid APG. Covered services not payable under Medicaid Fee Schedules default to a payment of 50 percent of charges.,3941.1,,,,,,,Case Rate,225% of NYS APG. Lesser of 100% of billed charges applies.,3941.1,,,,,,,Case Rate,225% of NYS APG. Lesser of 100% of billed charges applies.,3941.1,,,,,,,Case Rate,225% of NYS APG. Lesser of 100% of billed charges applies.,3941.1,,,,,,,Case Rate,225% of NYS APG. Lesser of 100% of billed charges applies.,3941.1,,,,,,,Case Rate,225% of NYS APG. Lesser of 100% of billed charges applies.,3941.1,,,,,,,Case Rate,225% of NYS APG. Lesser of 100% of billed charges applies.,,,,,,,,,"NA. ",,,,,,,,,"NA. ",,,,,,,,,"NA. ",6487,,,,,,,Case Rate,". MPL 100/50/25% maxmium of 3 procedures. All add ons apply, and lesser of 100% of billed charges",,,,,,,,,"NA. ",3762.34,,,,,,,Case Rate,"100% Medicare OPPS FS. ",5941,,,,,,,Case Rate,". MPL 1st 100% of Payment Rate 50% of all others, all add ons apply, and lesser of 100% of billed charges.",3762.34,,,,,,,Case Rate,"100% Medicare OPPS FS. ",3762.34,,,,,,,Case Rate,"100% Medicare OPPS FS. ",2101.92,,,,,,,Case Rate,"120 Percent of Medicaid APG. Not APG payable, or payable under another fee schedule like ASP/AWP pays at 30% of charges",2101.92,,,,,,,Case Rate,"120 Percent of Medicaid APG. Not APG payable, or payable under another fee schedule like ASP/AWP pays at 30% of charges",1751.6,,,,,,,Case Rate,"100 Percent of Medicaid APG. Not APG payable, or payable under another fee schedule like ASP/AWP pays at 30% of charges",1751.6,,,,,,,Case Rate,"100 Percent of Medicaid APG. Not APG payable, or payable under another fee schedule like ASP/AWP pays at 30% of charges",1751.6,,,,,,,Case Rate,"100 Percent of Medicaid APG. ",7163,,,,,,,Case Rate,". ",8442,,,,,,,Case Rate,". Primary procedure pays at 100%, secondary at 50%, all subsequent at 25%.  Lesser of applies when negotiated rates exceed charges less addons.",8427,,,,,,,Case Rate,". Primary procedure pays at 100%, all subsequent at 50%.",6487,,,,,,,Case Rate,". MPL 100/50/25% maxmium of 3 procedures. All add ons apply, and lesser of 100% of billed charges",3762.34,,,,,,,Case Rate,"100%Medicare OPPS FS. ",3762.34,,,,,,,Case Rate,"100% Medicare OPPS FS. ",3762.34,,,,,,,Case Rate,"100% Medicare OPPS FS. ",3762.34,,,,,,,Case Rate,"100% Medicare OPPS FS. ",3762.34,,,,,,,Case Rate,"100%Medicare OPPS FS. ",3762.34,,,,,,,Case Rate,"100% Medicare OPPS FS. ",,,,,,,,,"NA. ",3941.1,,,,,,,Case Rate,225% of NYS APG. Lesser of 100% of billed charges applies.,1317.81,,,,,,,Case Rate,100% of PAS. Lesser of 100% of billed charges applies.,10351,,,,,,,Case Rate,". MPL 100/50/25% all add ons apply, and lesser of 100% of billed charges",7163,,,,,,,Case Rate,". ",7163,,,,,,,Case Rate,". ",7163,,,,,,,Case Rate,". ",7163,,,,,,,Case Rate,". ",3762.34,,,,,,,Case Rate,"100% Medicare OPPS FS. ",1751.6,,,,,,,Case Rate,"100 Percent of Medicaid APG. ",10351,,,,,,,Case Rate,". MPL 100/50/25% all add ons apply, and lesser of 100% of billed charges",1751.6,,,,,,,Case Rate,"100 Percent of Medicaid APG. ",3762.34,,,,,,,Case Rate,"100% Medicare OPPS FS. ",1751.6,,,,,,,Case Rate,"100 Percent of Medicaid APG. ",3762.34,,,,,,,Case Rate,"100% Medicare OPPS FS. ",3762.34,,,,,,,Case Rate,"100% Medicare OPPS FS. ",1751.6,,,,,,,Case Rate,"100 Percent of Medicaid APG. ",1751.6,,,,,,,Case Rate,"100 Percent of Medicaid APG. ",7163,,,,,,,Case Rate,". ",6487,,,,,,,Case Rate,". MPL 100/50/25% maxmium of 3 procedures. All add ons apply, and lesser of 100% of billed charges",,78,,,,,0,percent of total billed charges,78% of Billed Charges. Lesser of 100% of billed charges applies.; No services were performed during the 15 month look back period.,9024.56,,,,,,,Case Rate,". MPL 100/50/25% all add ons apply, and lesser of 100% of billed charges",9024.56,,,,,,,Case Rate,". MPL 100/50/25% all add ons apply, and lesser of 100% of billed charges",8442,,,,,,,Case Rate,". Primary procedure pays at 100%, secondary at 50%, all subsequent at 25%.  Lesser of applies when negotiated rates exceed charges less addons.",1607.67,,,,,,,Case Rate,"83% HF Fee schedule. ",12574,,,,,,,Case Rate,". Primary procedure pays at 100%, all subsequent at 50%.",12574,,,,,,,Case Rate,". Primary procedure pays at 100%, all subsequent at 50%.",8281,,,,,,,Case Rate,". MPL 100/50/25% all add ons apply, and lesser of 100% of billed charges",8281,,,,,,,Case Rate,". MPL 100/50/25% all add ons apply, and lesser of 100% of billed charges",3762.34,,,,,,,Case Rate,"100% Medicare OPPS FS. ",3762.34,,,,,,,Case Rate,"100% Medicare OPPS FS. ",3762.34,,,,,,,Case Rate,"100% Medicare OPPS FS. ",3762.34,,,,,,,Case Rate,"100% Medicare OPPS FS. ",9024.56,,,,,,,Case Rate,". MPL 100/50/25% all add ons apply, and lesser of 100% of billed charges",10351,,,,,,,Case Rate,". MPL 100/50/25% all add ons apply, and lesser of 100% of billed charges",10351,,,,,,,Case Rate,". MPL 100/50/25% all add ons apply, and lesser of 100% of billed charges",3762.34,,,,,,,Case Rate,"100% Medicare OPPS FS. ",8281,,,,,,,Case Rate,". MPL 100/50/25% all add ons apply, and lesser of 100% of billed charges",8427,,,,,,,Case Rate,". Primary procedure pays at 100%, all subsequent at 50%.",2101.92,,,,,,,Fee Schedule,"120 Percent of Medicaid APG. ",1751.6,,,,,,,Case Rate,"100 Percent of Medicaid APG. ",7163,,,,,,,Case Rate,". ",9316,,,,,,,Case Rate,". MPL 100/50/25% all add ons apply, and lesser of 100% of billed charges",9316,,,,,,,Case Rate,". MPL 100/50/25% all add ons apply, and lesser of 100% of billed charges",10351,,,,,,,Case Rate,". MPL 100/50/25% all add ons apply, and lesser of 100% of billed charges",14948,,,,,,,Case Rate,". MPL 100/75/50% all add ons apply, and lesser of 100% of billed charges",3762.34,,,,,,,Case Rate,"100%Medicare OPPS FS. ",1839.18,,,,,,,Fee Schedule,105 percent of Medicaid APG. otherwise 105% of Ordered NYS MCD FS or 105% of ASP+6%,1839.18,,,,,,,Fee Schedule,105 percent of Medicaid APG. otherwise 105% of Ordered NYS MCD FS or 105% of ASP+6%,1839.18,,,,,,,Fee Schedule,105 percent of Medicaid APG. otherwise 105% of Ordered NYS MCD FS or 105% of ASP+6%,2364.66,,,,,,,Fee Schedule,135 percent of Medicaid APG. otherwise 135% of Ordered NYS MCD FS or 135% of ASP+6%,9024.56,,,,,,,Case Rate,". MPL 100/50/25% all add ons apply, and lesser of 100% of billed charges",1839.18,,,,,,,Fee Schedule,105 percent of Medicaid APG. otherwise 105% of Ordered NYS MCD FS or 105% of ASP+6%,1839.18,,,,,,,Fee Schedule,105 percent of Medicaid APG. otherwise 105% of Ordered NYS MCD FS or 105% of ASP+6%,1839.18,,,,,,,Fee Schedule,105 percent of Medicaid APG. otherwise 105% of Ordered NYS MCD FS or 105% of ASP+6%,1839.18,,,,,,,Fee Schedule,105 percent of Medicaid APG. otherwise 105% of Ordered NYS MCD FS or 105% of ASP+6%,1839.18,,,,,,,Fee Schedule,105 percent of Medicaid APG. otherwise 105% of Ordered NYS MCD FS or 105% of ASP+6%,2364.66,,,,,,,Fee Schedule,135 percent of Medicaid APG. otherwise 135% of Ordered NYS MCD FS or 135% of ASP+6%,2364.66,,,,,,,Fee Schedule,135 percent of Medicaid APG. otherwise 135% of Ordered NYS MCD FS or 135% of ASP+6%,3762.34,,,,,,,Case Rate,"100% Medicare OPPS FS. ",9024.56,,,,,,,Case Rate,". MPL 100/50/25% all add ons apply, and lesser of 100% of billed charges",3762.34,,,,,,,Case Rate,"100% Medicare OPPS FS. ",1839.18,,,,,,,Fee Schedule,105 percent of Medicaid APG. otherwise 105% of Ordered NYS MCD FS or 105% of ASP+6%,10351,,,,,,,Case Rate,". MPL 100/50/25% all add ons apply, and lesser of 100% of billed charges",3762.34,,,,,,,Case Rate,"100% Medicare OPPS FS. ",10351,,,,,,,Case Rate,". MPL 100/50/25% all add ons apply, and lesser of 100% of billed charges",10351,,,,,,,Case Rate,". MPL 100/50/25% all add ons apply, and lesser of 100% of billed charges",10351,,,,,,,Case Rate,". MPL 100/50/25% all add ons apply, and lesser of 100% of billed charges",1839.18,,,,,,,Fee Schedule,105 percent of Medicaid APG. otherwise 105% of Ordered NYS MCD FS or 105% of ASP+6%,3762.34,,,,,,,Case Rate,"100% Medicare OPPS FS. ",10351,,,,,,,Case Rate,". MPL 100/50/25% all add ons apply, and lesser of 100% of billed charges",2364.66,,,,,,,Fee Schedule,135 percent of Medicaid APG. otherwise 135% of Ordered NYS MCD FS or 135% of ASP+6%,10351,,,,,,,Case Rate,". MPL 100/50/25% all add ons apply, and lesser of 100% of billed charges",,200,,,,,0,Case Rate,200% of Medicare OPPS. ; No services were performed during the 15 month look back period.,3762.34,,,,,,,Case Rate,"100%Medicare OPPS FS. ",7163,,,,,,,Case Rate,". ",7163,,,,,,,Case Rate,". ",7163,,,,,,,Case Rate,". ",7163,,,,,,,Case Rate,". ",7163,,,,,,,Case Rate,". ",8427,,,,,,,Case Rate,". Primary procedure pays at 100%, all subsequent at 50%.",8427,,,,,,,Case Rate,". Primary procedure pays at 100%, all subsequent at 50%.",7163,,,,,,,Case Rate,". ",7163,,,,,,,Case Rate,". ",7163,,,,,,,Case Rate,". ",7163,,,,,,,Case Rate,". ",7163,,,,,,,Case Rate,". ",3762.34,,,,,,,Case Rate,"100% Medicare OPPS FS. ",8427,,,,,,,Case Rate,". Primary procedure pays at 100%, all subsequent at 50%.",3762.34,,,,,,,Case Rate,"100% Medicare OPPS FS. ",3941.1,,,,,,,Case Rate,"225 Percent of Medicaid APG. If not included in Medicaid APG, then 100 Percent of Manhattan Medicare",1751.6,,,,,,,Case Rate,"100 Percent of Medicaid APG. ",9024.56,,,,,,,Case Rate,". MPL 100/50/25% all add ons apply, and lesser of 100% of billed charges",9024.56,,,,,,,Case Rate,". MPL 100/50/25% all add ons apply, and lesser of 100% of billed charges",3762.34,,,,,,,Case Rate,"100% Medicare OPPS FS. ",12574,,,,,,,Case Rate,". Primary procedure pays at 100%, all subsequent at 50%.",3762.34,,,,,,,Case Rate,"100% Medicare OPPS FS. ",3762.34,,,,,,,Case Rate,"100% Medicare OPPS FS. ",8442,,,,,,,Case Rate,". Primary procedure pays at 100%, secondary at 50%, all subsequent at 25%.  Lesser of applies when negotiated rates exceed charges less addons.",3762.34,,,,,,,Case Rate,"100% Medicare OPPS FS. ",6487,,,,,,,Case Rate,". MPL 100/50/25% maxmium of 3 procedures. All add ons apply, and lesser of 100% of billed charges",3762.34,,,,,,,Case Rate,"100% Medicare OPPS FS. ",6487,,,,,,,Case Rate,". MPL 100/50/25% maxmium of 3 procedures. All add ons apply, and lesser of 100% of billed charges",8442,,,,,,,Case Rate,". Primary procedure pays at 100%, secondary at 50%, all subsequent at 25%.  Lesser of applies when negotiated rates exceed charges less addons.",6487,,,,,,,Case Rate,". MPL 100/50/25% maxmium of 3 procedures. All add ons apply, and lesser of 100% of billed charges",3762.34,,,,,,,Case Rate,"100% Medicare OPPS FS. ",1751.6,,,,,,,Case Rate,"100 Percent of Medicaid APG. ",3762.34,,,,,,,Case Rate,"100% Medicare OPPS FS. ",6487,,,,,,,Case Rate,". MPL 100/50/25% maxmium of 3 procedures. All add ons apply, and lesser of 100% of billed charges",9024.56,,,,,,,Case Rate,". MPL 100/50/25% all add ons apply, and lesser of 100% of billed charges",1751.6,,,,,,,Case Rate,"100 Percent of Medicaid APG. ",10351,,,,,,,Case Rate,". MPL 100/50/25% all add ons apply, and lesser of 100% of billed charges",2101.92,,,,,,,Fee Schedule,"120 Percent of Medicaid APG. ",2101.92,,,,,,,Fee Schedule,"120 Percent of Medicaid APG. ",10351,,,,,,,Case Rate,". MPL 100/50/25% all add ons apply, and lesser of 100% of billed charges",10351,,,,,,,Case Rate,". MPL 100/50/25% all add ons apply, and lesser of 100% of billed charges",10351,,,,,,,Case Rate,". MPL 100/50/25% all add ons apply, and lesser of 100% of billed charges",9024.56,,,,,,,Case Rate,". MPL 100/50/25% all add ons apply, and lesser of 100% of billed charges",10351,,,,,,,Case Rate,". MPL 100/50/25% all add ons apply, and lesser of 100% of billed charges",10351,,,,,,,Case Rate,". MPL 100/50/25% all add ons apply, and lesser of 100% of billed charges",10351,,,,,,,Case Rate,". MPL 100/50/25% all add ons apply, and lesser of 100% of billed charges",7163,,,,,,,Case Rate,". ",7163,,,,,,,Case Rate,". ",7449.43,,,,,,,Case Rate,198 Percent of Medicare OPPS. Metroplus will reimburse unlisted codes and described codes with no Medicare rate at 50 percent of charges.,1751.6,,,,,,,Case Rate,"100 Percent of Medicaid APG. ",9024.56,,,,,,,Case Rate,". MPL 100/50/25% all add ons apply, and lesser of 100% of billed charges",6487,,,,,,,Case Rate,". MPL 100/50/25% maxmium of 3 procedures. All add ons apply, and lesser of 100% of billed charges",8442,,,,,,,Case Rate,". Primary procedure pays at 100%, secondary at 50%, all subsequent at 25%.  Lesser of applies when negotiated rates exceed charges less addons.",9024.56,,,,,,,Case Rate,". MPL 100/50/25% all add ons apply, and lesser of 100% of billed charges",8442,,,,,,,Case Rate,". Primary procedure pays at 100%, secondary at 50%, all subsequent at 25%.  Lesser of applies when negotiated rates exceed charges less addons.",9024.56,,,,,,,Case Rate,". MPL 100/50/25% all add ons apply, and lesser of 100% of billed charges",10351,,,,,,,Case Rate,". MPL 100/50/25% all add ons apply, and lesser of 100% of billed charges",10351,,,,,,,Case Rate,". MPL 100/50/25% all add ons apply, and lesser of 100% of billed charges",10351,,,,,,,Case Rate,". MPL 100/50/25% all add ons apply, and lesser of 100% of billed charges",10351,,,,,,,Case Rate,". MPL 100/50/25% all add ons apply, and lesser of 100% of billed charges",3762.34,,,,,,,Case Rate,"100% Medicare OPPS FS. ",1317.81,25798,
56606,CPT,,,490,RC,BIOPSY OF VULVA/PERINEUM,,,both,,,,1352,,,,,,,Case Rate,". MPL 1st 100% of Payment Rate 50% of all others, all add ons apply, and lesser of 100% of billed charges.",1352,,,,,,,Case Rate,". MPL 1st 100% of Payment Rate 50% of all others, all add ons apply, and lesser of 100% of billed charges.",6593,,,,,,,Case Rate,". Primary procedure pays at 100%, secondary at 50%, all subsequent at 25%.  Lesser of applies when negotiated rates exceed charges less addons.",,100,,,,,0,percent of total billed charges,100 percent of billed charges. ; No services were performed during the 15 month look back period.,,,,,,,,Other,"Not Payable. ",6593,,,,,,,Case Rate,". Primary procedure pays at 100%, secondary at 50%, all subsequent at 25%.  Lesser of applies when negotiated rates exceed charges less addons.",6593,,,,,,,Case Rate,". Primary procedure pays at 100%, secondary at 50%, all subsequent at 25%.  Lesser of applies when negotiated rates exceed charges less addons.",6593,,,,,,,Case Rate,". Primary procedure pays at 100%, secondary at 50%, all subsequent at 25%.  Lesser of applies when negotiated rates exceed charges less addons.",993.29,,,,,,,Case Rate,"100 Percent of Medicaid APG. ",827.74,,,,,,,Case Rate,"100 Percent of Medicaid APG. ",,78,,,,,0,percent of total billed charges,78% of Billed Charges. Lesser of 100% of billed charges applies.; No services were performed during the 15 month look back period.,4923.38,,,,,,,Case Rate,". MPL 100/50/25% all add ons apply, and lesser of 100% of billed charges",827.74,,,,,,,Case Rate,"100 Percent of Medicaid APG. ",,,,,,,,Other,"Not Payable. ",6487,,,,,,,Case Rate,". MPL 100/50/25% maxmium of 3 procedures. All add ons apply, and lesser of 100% of billed charges",6487,,,,,,,Case Rate,". MPL 100/50/25% maxmium of 3 procedures. All add ons apply, and lesser of 100% of billed charges",6487,,,,,,,Case Rate,". MPL 100/50/25% maxmium of 3 procedures. All add ons apply, and lesser of 100% of billed charges",6487,,,,,,,Case Rate,". MPL 100/50/25% maxmium of 3 procedures. All add ons apply, and lesser of 100% of billed charges",827.74,,,,,,,Case rate,124 Percent of Medicaid APG. Covered services not payable under Medicaid Fee Schedules default to a payment of 50 percent of charges.,,,,,,,,Other,"Not Payable. ",827.74,,,,,,,Case rate,124 Percent of Medicaid APG. Covered services not payable under Medicaid Fee Schedules default to a payment of 50 percent of charges.,,78,,,,,0,percent of total billed charges,78% of Billed Charges. Lesser of 100% of billed charges applies.; No services were performed during the 15 month look back period.,6593,,,,,,,Case Rate,". Primary procedure pays at 100%, secondary at 50%, all subsequent at 25%.  Lesser of applies when negotiated rates exceed charges less addons.",,,,,,,,Other,"Not Payable. ",8427,,,,,,,Case Rate,". Primary procedure pays at 100%, all subsequent at 50%.",,,,,,,,Other,"Not Payable. ",,,,,,,,Other,"Not Payable. ",,78,,,,,0,percent of total billed charges,78% of Billed Charges. Lesser of 100% of billed charges applies.; No services were performed during the 15 month look back period.,18.71,,,,,,,Case Rate,100% of PAS. Lesser of 100% of billed charges applies.,18.71,,,,,,,Case Rate,100% of PAS. Lesser of 100% of billed charges applies.,827.74,,,,,,,Case rate,"100 Percent of Medicaid APG. ",827.74,,,,,,,Case rate,"100 Percent of Medicaid APG. ",8427,,,,,,,Case Rate,". Primary procedure pays at 100%, all subsequent at 50%.",8427,,,,,,,Case Rate,". Primary procedure pays at 100%, all subsequent at 50%.",827.74,,,,,,,Case Rate,"100 Percent of Medicaid APG. Not APG payable, or payable under another fee schedule like ASP/AWP pays at 30% of charges",8427,,,,,,,Case Rate,". Primary procedure pays at 100%, all subsequent at 50%.",827.74,,,,,,,Case Rate,"100 Percent of Medicaid APG. Not APG payable, or payable under another fee schedule like ASP/AWP pays at 30% of charges",,,,,,,,Other,"Not Payable. ",8427,,,,,,,Case Rate,". Primary procedure pays at 100%, all subsequent at 50%.",,78,,,,,0,percent of total billed charges,78% of Billed Charges. Lesser of 100% of billed charges applies.; No services were performed during the 15 month look back period.,827.74,,,,,,,Case Rate,"100 Percent of Medicaid APG. ",827.74,,,,,,,Case Rate,"100 Percent of Medicaid APG. ",,78,,,,,0,percent of total billed charges,78% of Billed Charges. Lesser of 100% of billed charges applies.; No services were performed during the 15 month look back period.,6487,,,,,,,Case Rate,". MPL 100/50/25% maxmium of 3 procedures. All add ons apply, and lesser of 100% of billed charges",4500,,,,,,,Case Rate,". MPL 100/50/25% all add ons apply, and lesser of 100% of billed charges",4500,,,,,,,Case Rate,". MPL 100/50/25% all add ons apply, and lesser of 100% of billed charges",,78,,,,,0,percent of total billed charges,78% of Billed Charges. Lesser of 100% of billed charges applies.; No services were performed during the 15 month look back period.,,,,,,,,Other,"Not Payable. ",4923.38,,,,,,,Case Rate,". MPL 100/50/25% all add ons apply, and lesser of 100% of billed charges",4923.38,,,,,,,Case Rate,". MPL 100/50/25% all add ons apply, and lesser of 100% of billed charges",4923.38,,,,,,,Case Rate,". MPL 100/50/25% all add ons apply, and lesser of 100% of billed charges",,,,,,,,Other,"Not Payable. ",4923.38,,,,,,,Case Rate,". MPL 100/50/25% all add ons apply, and lesser of 100% of billed charges",4923.38,,,,,,,Case Rate,". MPL 100/50/25% all add ons apply, and lesser of 100% of billed charges",,,,,,,,Other,"Not Payable. ",25798,,,,,,,Case Rate,". MPL 100/75/50% all add ons apply, and lesser of 100% of billed charges",4100,,,,,,,Case Rate,". MPL 100/50/25% all add ons apply, and lesser of 100% of billed charges",4100,,,,,,,Case Rate,". MPL 100/50/25% all add ons apply, and lesser of 100% of billed charges",4100,,,,,,,Case Rate,". MPL 100/50/25% all add ons apply, and lesser of 100% of billed charges",4100,,,,,,,Case Rate,". MPL 100/50/25% all add ons apply, and lesser of 100% of billed charges",4100,,,,,,,Case Rate,". MPL 100/50/25% all add ons apply, and lesser of 100% of billed charges",4100,,,,,,,Case Rate,". MPL 100/50/25% all add ons apply, and lesser of 100% of billed charges",,,,,,,,Other,"Not Payable. ",,,,,,,,Other,"Not Payable. ",4100,,,,,,,Case Rate,". MPL 100/50/25% all add ons apply, and lesser of 100% of billed charges",,78,,,,,0,percent of total billed charges,78% of Billed Charges. Lesser of 100% of billed charges applies.; No services were performed during the 15 month look back period.,,78,,,,,0,percent of total billed charges,78% of Billed Charges. Lesser of 100% of billed charges applies.; No services were performed during the 15 month look back period.,,78,,,,,0,percent of total billed charges,78% of Billed Charges. Lesser of 100% of billed charges applies.; No services were performed during the 15 month look back period.,,78,,,,,0,percent of total billed charges,78% of Billed Charges. Lesser of 100% of billed charges applies.; No services were performed during the 15 month look back period.,,78,,,,,0,percent of total billed charges,78% of Billed Charges. Lesser of 100% of billed charges applies.; No services were performed during the 15 month look back period.,,78,,,,,0,percent of total billed charges,78% of Billed Charges. Lesser of 100% of billed charges applies.; No services were performed during the 15 month look back period.,,78,,,,,0,percent of total billed charges,78% of Billed Charges. Lesser of 100% of billed charges applies.; No services were performed during the 15 month look back period.,,78,,,,,0,percent of total billed charges,78% of Billed Charges. Lesser of 100% of billed charges applies.; No services were performed during the 15 month look back period.,,78,,,,,0,percent of total billed charges,78% of Billed Charges. Lesser of 100% of billed charges applies.; No services were performed during the 15 month look back period.,,78,,,,,0,percent of total billed charges,78% of Billed Charges. Lesser of 100% of billed charges applies.; No services were performed during the 15 month look back period.,,78,,,,,0,percent of total billed charges,78% of Billed Charges. Lesser of 100% of billed charges applies.; No services were performed during the 15 month look back period.,,78,,,,,0,percent of total billed charges,78% of Billed Charges. Lesser of 100% of billed charges applies.; No services were performed during the 15 month look back period.,,78,,,,,0,percent of total billed charges,78% of Billed Charges. Lesser of 100% of billed charges applies.; No services were performed during the 15 month look back period.,,78,,,,,0,percent of total billed charges,78% of Billed Charges. Lesser of 100% of billed charges applies.; No services were performed during the 15 month look back period.,,78,,,,,0,percent of total billed charges,78% of Billed Charges. Lesser of 100% of billed charges applies.; No services were performed during the 15 month look back period.,,78,,,,,0,percent of total billed charges,78% of Billed Charges. Lesser of 100% of billed charges applies.; No services were performed during the 15 month look back period.,,78,,,,,0,percent of total billed charges,78% of Billed Charges. Lesser of 100% of billed charges applies.; No services were performed during the 15 month look back period.,,78,,,,,0,percent of total billed charges,78% of Billed Charges. Lesser of 100% of billed charges applies.; No services were performed during the 15 month look back period.,,78,,,,,0,percent of total billed charges,78% of Billed Charges. Lesser of 100% of billed charges applies.; No services were performed during the 15 month look back period.,,78,,,,,0,percent of total billed charges,78% of Billed Charges. Lesser of 100% of billed charges applies.; No services were performed during the 15 month look back period.,,78,,,,,0,percent of total billed charges,78% of Billed Charges. Lesser of 100% of billed charges applies.; No services were performed during the 15 month look back period.,,78,,,,,0,percent of total billed charges,78% of Billed Charges. Lesser of 100% of billed charges applies.; No services were performed during the 15 month look back period.,,78,,,,,0,percent of total billed charges,78% of Billed Charges. Lesser of 100% of billed charges applies.; No services were performed during the 15 month look back period.,,78,,,,,0,percent of total billed charges,78% of Billed Charges. Lesser of 100% of billed charges applies.; No services were performed during the 15 month look back period.,,78,,,,,0,percent of total billed charges,78% of Billed Charges. Lesser of 100% of billed charges applies.; No services were performed during the 15 month look back period.,,78,,,,,0,percent of total billed charges,78% of Billed Charges. Lesser of 100% of billed charges applies.; No services were performed during the 15 month look back period.,8427,,,,,,,Case Rate,". Primary procedure pays at 100%, all subsequent at 50%.",8427,,,,,,,Case Rate,". Primary procedure pays at 100%, all subsequent at 50%.",8427,,,,,,,Case Rate,". Primary procedure pays at 100%, all subsequent at 50%.",8427,,,,,,,Case Rate,". Primary procedure pays at 100%, all subsequent at 50%.",12574,,,,,,,Case Rate,". Primary procedure pays at 100%, all subsequent at 50%.",12574,,,,,,,Case Rate,". Primary procedure pays at 100%, all subsequent at 50%.",6487,,,,,,,Case Rate,". MPL 100/50/25% maxmium of 3 procedures. All add ons apply, and lesser of 100% of billed charges",4100,,,,,,,Case Rate,". MPL 100/50/25% all add ons apply, and lesser of 100% of billed charges",4923.38,,,,,,,Case Rate,". MPL 100/50/25% all add ons apply, and lesser of 100% of billed charges",4100,,,,,,,Case Rate,". MPL 100/50/25% all add ons apply, and lesser of 100% of billed charges",,78,,,,,0,percent of total billed charges,78% of Billed Charges. Lesser of 100% of billed charges applies.; No services were performed during the 15 month look back period.,12574,,,,,,,Case Rate,". Primary procedure pays at 100%, all subsequent at 50%.",4100,,,,,,,Case Rate,". MPL 100/50/25% all add ons apply, and lesser of 100% of billed charges",4923.38,,,,,,,Case Rate,". MPL 100/50/25% all add ons apply, and lesser of 100% of billed charges",6487,,,,,,,Case Rate,". MPL 100/50/25% maxmium of 3 procedures. All add ons apply, and lesser of 100% of billed charges",,,,,,,,,"NA. ",,78,,,,,0,percent of total billed charges,78% of Billed Charges. Lesser of 100% of billed charges applies.; No services were performed during the 15 month look back period.,827.74,,,,,,,Case Rate,"100 Percent of Medicaid APG. ",8427,,,,,,,Case Rate,". Primary procedure pays at 100%, all subsequent at 50%.",827.74,,,,,,,Case Rate,"100 Percent of Medicaid APG. Not APG payable, or payable under another fee schedule like ASP/AWP pays at 30% of charges",,,,,,,,Other,"Not Payable. ",,,,,,,,Other,"Not Payable. ",25798,,,,,,,Case Rate,". MPL 100/75/50% all add ons apply, and lesser of 100% of billed charges",,,,,,,,Other,"Not Payable. ",,,,,,,,Other,"Not Payable. ",827.74,,,,,,,Case Rate,"100 Percent of Medicaid APG. ",,,,,,,,Other,"Not Payable. ",,,,,,,,Other,"Not Payable. ",6593,,,,,,,Case Rate,". Primary procedure pays at 100%, secondary at 50%, all subsequent at 25%.  Lesser of applies when negotiated rates exceed charges less addons.",6593,,,,,,,Case Rate,". Primary procedure pays at 100%, secondary at 50%, all subsequent at 25%.  Lesser of applies when negotiated rates exceed charges less addons.",,,,,,,,Other,"Not Payable. ",6487,,,,,,,Case Rate,". MPL 100/50/25% maxmium of 3 procedures. All add ons apply, and lesser of 100% of billed charges",4923.38,,,,,,,Case Rate,". MPL 100/50/25% all add ons apply, and lesser of 100% of billed charges",4923.38,,,,,,,Case Rate,". MPL 100/50/25% all add ons apply, and lesser of 100% of billed charges",,,,,,,,Other,"Not Payable. ",6487,,,,,,,Case Rate,". MPL 100/50/25% maxmium of 3 procedures. All add ons apply, and lesser of 100% of billed charges",6593,,,,,,,Case Rate,". Primary procedure pays at 100%, secondary at 50%, all subsequent at 25%.  Lesser of applies when negotiated rates exceed charges less addons.",6593,,,,,,,Case Rate,". Primary procedure pays at 100%, secondary at 50%, all subsequent at 25%.  Lesser of applies when negotiated rates exceed charges less addons.",6593,,,,,,,Case Rate,". Primary procedure pays at 100%, secondary at 50%, all subsequent at 25%.  Lesser of applies when negotiated rates exceed charges less addons.",,78,,,,,0,percent of total billed charges,78% of Billed Charges. Lesser of 100% of billed charges applies.; No services were performed during the 15 month look back period.,,78,,,,,0,percent of total billed charges,78% of Billed Charges. Lesser of 100% of billed charges applies.; No services were performed during the 15 month look back period.,,78,,,,,0,percent of total billed charges,78% of Billed Charges. Lesser of 100% of billed charges applies.; No services were performed during the 15 month look back period.,,78,,,,,0,percent of total billed charges,78% of Billed Charges. Lesser of 100% of billed charges applies.; No services were performed during the 15 month look back period.,,78,,,,,0,percent of total billed charges,78% of Billed Charges. Lesser of 100% of billed charges applies.; No services were performed during the 15 month look back period.,,78,,,,,0,percent of total billed charges,78% of Billed Charges. Lesser of 100% of billed charges applies.; No services were performed during the 15 month look back period.,,78,,,,,0,percent of total billed charges,78% of Billed Charges. Lesser of 100% of billed charges applies.; No services were performed during the 15 month look back period.,,78,,,,,0,percent of total billed charges,78% of Billed Charges. Lesser of 100% of billed charges applies.; No services were performed during the 15 month look back period.,,78,,,,,0,percent of total billed charges,78% of Billed Charges. Lesser of 100% of billed charges applies.; No services were performed during the 15 month look back period.,,78,,,,,0,percent of total billed charges,78% of Billed Charges. Lesser of 100% of billed charges applies.; No services were performed during the 15 month look back period.,,78,,,,,0,percent of total billed charges,78% of Billed Charges. Lesser of 100% of billed charges applies.; No services were performed during the 15 month look back period.,12574,,,,,,,Case Rate,". Primary procedure pays at 100%, all subsequent at 50%.",4100,,,,,,,Case Rate,". MPL 100/50/25% all add ons apply, and lesser of 100% of billed charges",6487,,,,,,,Case Rate,". MPL 100/50/25% maxmium of 3 procedures. All add ons apply, and lesser of 100% of billed charges",,,,,,,,Other,"Not Payable. ",6593,,,,,,,Case Rate,". Primary procedure pays at 100%, secondary at 50%, all subsequent at 25%.  Lesser of applies when negotiated rates exceed charges less addons.",6487,,,,,,,Case Rate,". MPL 100/50/25% maxmium of 3 procedures. All add ons apply, and lesser of 100% of billed charges",6487,,,,,,,Case Rate,". MPL 100/50/25% maxmium of 3 procedures. All add ons apply, and lesser of 100% of billed charges",,78,,,,,0,percent of total billed charges,78% of Billed Charges. Lesser of 100% of billed charges applies.; No services were performed during the 15 month look back period.,1771.36,,,,,,,Case Rate,"214 Percent of Medicaid APG. Drugs not priced under APG, billed with revenue code 636 and not priced by Medicare ASP FeeSched will be reimbursed at 20% of charges.",6487,,,,,,,Case Rate,". MPL 100/50/25% maxmium of 3 procedures. All add ons apply, and lesser of 100% of billed charges",827.74,,,,,,,Case Rate,"100 Percent of Medicaid APG. ",,,,,,,,Other,"Not Payable. ",,,,,,,,Other,"Not Payable. ",,,,,,,,Other,"Not Payable. ",,,,,,,,Other,"Not Payable. ",,,,,,,,Other,"Not Payable. ",,,,,,,,Other,"Not Payable. ",6487,,,,,,,Case Rate,". MPL 100/50/25% maxmium of 3 procedures. All add ons apply, and lesser of 100% of billed charges",25798,,,,,,,Case Rate,". MPL 100/75/50% all add ons apply, and lesser of 100% of billed charges",1489.93,,,,,,,Fee Schedule,"180 Percent of Medicaid APG. ",1489.93,,,,,,,Fee Schedule,"180 Percent of Medicaid APG. ",1489.93,,,,,,,Fee Schedule,"180 Percent of Medicaid APG. ",1489.93,,,,,,,Fee Schedule,"180 Percent of Medicaid APG. ",1489.93,,,,,,,Fee Schedule,"180 Percent of Medicaid APG. ",,,,,,,,,"NA. ",25798,,,,,,,Case Rate,". MPL 100/75/50% all add ons apply, and lesser of 100% of billed charges",,,,,,,,Fee Schedule,"Not Payable. ",,,,,,,,Fee Schedule,"Not Payable. ",,,,,,,,Fee Schedule,"Not Payable. ",,,,,,,,Fee Schedule,"Not Payable. ",,,,,,,,Fee Schedule,"Not Payable. ",,,,,,,,Other,"Not Payable. ",12574,,,,,,,Case Rate,". Primary procedure pays at 100%, all subsequent at 50%.",12574,,,,,,,Case Rate,". Primary procedure pays at 100%, all subsequent at 50%.",12574,,,,,,,Case Rate,". Primary procedure pays at 100%, all subsequent at 50%.",12574,,,,,,,Case Rate,". Primary procedure pays at 100%, all subsequent at 50%.",6593,,,,,,,Case Rate,". Primary procedure pays at 100%, secondary at 50%, all subsequent at 25%.  Lesser of applies when negotiated rates exceed charges less addons.",6593,,,,,,,Case Rate,". Primary procedure pays at 100%, secondary at 50%, all subsequent at 25%.  Lesser of applies when negotiated rates exceed charges less addons.",6593,,,,,,,Case Rate,". Primary procedure pays at 100%, secondary at 50%, all subsequent at 25%.  Lesser of applies when negotiated rates exceed charges less addons.",6593,,,,,,,Case Rate,". Primary procedure pays at 100%, secondary at 50%, all subsequent at 25%.  Lesser of applies when negotiated rates exceed charges less addons.",25798,,,,,,,Case Rate,". MPL 100/75/50% all add ons apply, and lesser of 100% of billed charges",25798,,,,,,,Case Rate,". MPL 100/75/50% all add ons apply, and lesser of 100% of billed charges",,,,,,,,Other,"Not Payable. ",,,,,,,,Other,"Not Payable. ",,,,,,,,Other,"Not Payable. ",4100,,,,,,,Case Rate,". MPL 100/50/25% all add ons apply, and lesser of 100% of billed charges",4100,,,,,,,Case Rate,". MPL 100/50/25% all add ons apply, and lesser of 100% of billed charges",4100,,,,,,,Case Rate,". MPL 100/50/25% all add ons apply, and lesser of 100% of billed charges",25798,,,,,,,Case Rate,". MPL 100/75/50% all add ons apply, and lesser of 100% of billed charges",6593,,,,,,,Case Rate,". Primary procedure pays at 100%, secondary at 50%, all subsequent at 25%.  Lesser of applies when negotiated rates exceed charges less addons.",,,,,,,,Other,"Not Payable. ",4100,,,,,,,Case Rate,". MPL 100/50/25% all add ons apply, and lesser of 100% of billed charges",827.74,,,,,,,Case Rate,"100 Percent of Medicaid APG. ",,,,,,,,Other,"Not Payable. ",,,,,,,,Other,"Not Payable. ",,,,,,,,Other,"Not Payable. ",827.74,,,,,,,Case rate,"100 Percent of Medicaid APG. ",1862.41,,,,,,,Case Rate,225% of NYS APG. Lesser of 100% of billed charges applies.,1862.41,,,,,,,Case Rate,225% of NYS APG. Lesser of 100% of billed charges applies.,1862.41,,,,,,,Case Rate,225% of NYS APG. Lesser of 100% of billed charges applies.,1862.41,,,,,,,Case Rate,225% of NYS APG. Lesser of 100% of billed charges applies.,1862.41,,,,,,,Case Rate,225% of NYS APG. Lesser of 100% of billed charges applies.,,,,,,,,Other,"Not Payable. ",827.74,,,,,,,Case Rate,"100 Percent of Medicaid APG. ",18.71,,,,,,,Case Rate,100% of PAS. Lesser of 100% of billed charges applies.,1862.41,,,,,,,Case Rate,225% of NYS APG. Lesser of 100% of billed charges applies.,1862.41,,,,,,,Case Rate,225% of NYS APG. Lesser of 100% of billed charges applies.,18.71,,,,,,,Case Rate,100% of PAS. Lesser of 100% of billed charges applies.,18.71,,,,,,,Case Rate,100% of PAS. Lesser of 100% of billed charges applies.,1489.93,,,,,,,Fee Schedule,"180 Percent of Medicaid APG. ",,,,,,,,Other,"Not Payable. ",,,,,,,,Other,"Not Payable. ",6593,,,,,,,Case Rate,". Primary procedure pays at 100%, secondary at 50%, all subsequent at 25%.  Lesser of applies when negotiated rates exceed charges less addons.",,,,,,,,Other,"Not Payable. ",1862.41,,,,,,,Case Rate,"225 Percent of Medicaid APG. ",1862.41,,,,,,,Case Rate,"225 Percent of Medicaid APG. ",827.74,,,,,,,Case rate,"100 Percent of Medicaid APG. ",827.74,,,,,,,Case rate,"100 Percent of Medicaid APG. ",1862.41,,,,,,,Case Rate,225 Percent of Medicaid APG. Covered services not payable under Medicaid Fee Schedules default to a payment of 87.5 percent of charges.,827.74,,,,,,,Case rate,124 Percent of Medicaid APG. Covered services not payable under Medicaid Fee Schedules default to a payment of 50 percent of charges.,1862.41,,,,,,,Case Rate,"100 Percent of Medicaid APG. ",1862.41,,,,,,,Case Rate,"100 Percent of Medicaid APG. ",1862.41,,,,,,,Case Rate,"100 Percent of Medicaid APG. ",1862.41,,,,,,,Case Rate,"100 Percent of Medicaid APG. ",13453,,,,,,,Case Rate,". MPL 100/75/50% all add ons apply, and lesser of 100% of billed charges",25798,,,,,,,Case Rate,". MPL 100/75/50% all add ons apply, and lesser of 100% of billed charges",993.29,,,,,,,Case Rate,"120 Percent of Medicaid APG. Not APG payable, or payable under another fee schedule like ASP/AWP pays at 30% of charges",993.29,,,,,,,Case Rate,"120 Percent of Medicaid APG. Not APG payable, or payable under another fee schedule like ASP/AWP pays at 30% of charges",827.74,,,,,,,Case Rate,"100 Percent of Medicaid APG. Not APG payable, or payable under another fee schedule like ASP/AWP pays at 30% of charges",827.74,,,,,,,Case Rate,"100 Percent of Medicaid APG. Not APG payable, or payable under another fee schedule like ASP/AWP pays at 30% of charges",4100,,,,,,,Case Rate,". MPL 100/50/25% all add ons apply, and lesser of 100% of billed charges",4100,,,,,,,Case Rate,". MPL 100/50/25% all add ons apply, and lesser of 100% of billed charges",,,,,,,,Other,"Not Payable. ",4100,,,,,,,Case Rate,". MPL 100/50/25% all add ons apply, and lesser of 100% of billed charges",4100,,,,,,,Case Rate,". MPL 100/50/25% all add ons apply, and lesser of 100% of billed charges",4100,,,,,,,Case Rate,". MPL 100/50/25% all add ons apply, and lesser of 100% of billed charges",4100,,,,,,,Case Rate,". MPL 100/50/25% all add ons apply, and lesser of 100% of billed charges",,,,,,,,Other,"Not Payable. ",4100,,,,,,,Case Rate,". MPL 100/50/25% all add ons apply, and lesser of 100% of billed charges",4100,,,,,,,Case Rate,". MPL 100/50/25% all add ons apply, and lesser of 100% of billed charges",6593,,,,,,,Case Rate,". Primary procedure pays at 100%, secondary at 50%, all subsequent at 25%.  Lesser of applies when negotiated rates exceed charges less addons.",827.74,,,,,,,Fee Schedule,100% APG. Lesser of 100% of billed charges applies.,827.74,,,,,,,Case rate,124 Percent of Medicaid APG. Covered services not payable under Medicaid Fee Schedules default to a payment of 50 percent of charges.,1862.41,,,,,,,Case Rate,225% of NYS APG. Lesser of 100% of billed charges applies.,1862.41,,,,,,,Case Rate,225 Percent of Medicaid APG. Covered services not payable under Medicaid Fee Schedules default to a payment of 87.5 percent of charges.,827.74,,,,,,,Case rate,124 Percent of Medicaid APG. Covered services not payable under Medicaid Fee Schedules default to a payment of 50 percent of charges.,1862.41,,,,,,,Case Rate,225% of NYS APG. Lesser of 100% of billed charges applies.,1862.41,,,,,,,Case Rate,225% of NYS APG. Lesser of 100% of billed charges applies.,1862.41,,,,,,,Case Rate,225% of NYS APG. Lesser of 100% of billed charges applies.,1862.41,,,,,,,Case Rate,225% of NYS APG. Lesser of 100% of billed charges applies.,1862.41,,,,,,,Case Rate,225% of NYS APG. Lesser of 100% of billed charges applies.,1862.41,,,,,,,Case Rate,225% of NYS APG. Lesser of 100% of billed charges applies.,,,,,,,,,"NA. ",,,,,,,,,"NA. ",,,,,,,,,"NA. ",6487,,,,,,,Case Rate,". MPL 100/50/25% maxmium of 3 procedures. All add ons apply, and lesser of 100% of billed charges",,,,,,,,,"NA. ",,,,,,,,Other,"Not Payable. ",1352,,,,,,,Case Rate,". MPL 1st 100% of Payment Rate 50% of all others, all add ons apply, and lesser of 100% of billed charges.",,,,,,,,Other,"Not Payable. ",,,,,,,,Other,"Not Payable. ",993.29,,,,,,,Case Rate,"120 Percent of Medicaid APG. Not APG payable, or payable under another fee schedule like ASP/AWP pays at 30% of charges",993.29,,,,,,,Case Rate,"120 Percent of Medicaid APG. Not APG payable, or payable under another fee schedule like ASP/AWP pays at 30% of charges",827.74,,,,,,,Case Rate,"100 Percent of Medicaid APG. Not APG payable, or payable under another fee schedule like ASP/AWP pays at 30% of charges",827.74,,,,,,,Case Rate,"100 Percent of Medicaid APG. Not APG payable, or payable under another fee schedule like ASP/AWP pays at 30% of charges",827.74,,,,,,,Case Rate,"100 Percent of Medicaid APG. ",7163,,,,,,,Case Rate,". ",6593,,,,,,,Case Rate,". Primary procedure pays at 100%, secondary at 50%, all subsequent at 25%.  Lesser of applies when negotiated rates exceed charges less addons.",8427,,,,,,,Case Rate,". Primary procedure pays at 100%, all subsequent at 50%.",6487,,,,,,,Case Rate,". MPL 100/50/25% maxmium of 3 procedures. All add ons apply, and lesser of 100% of billed charges",,,,,,,,Other,"Not Payable. ",,,,,,,,Other,"Not Payable. ",,,,,,,,Other,"Not Payable. ",,,,,,,,Other,"Not Payable. ",,,,,,,,Other,"Not Payable. ",,,,,,,,Other,"Not Payable. ",,,,,,,,,"NA. ",1862.41,,,,,,,Case Rate,225% of NYS APG. Lesser of 100% of billed charges applies.,18.71,,,,,,,Case Rate,100% of PAS. Lesser of 100% of billed charges applies.,4100,,,,,,,Case Rate,". MPL 100/50/25% all add ons apply, and lesser of 100% of billed charges",7163,,,,,,,Case Rate,". ",7163,,,,,,,Case Rate,". ",7163,,,,,,,Case Rate,". ",7163,,,,,,,Case Rate,". ",,,,,,,,Other,"Not Payable. ",827.74,,,,,,,Case Rate,"100 Percent of Medicaid APG. ",4100,,,,,,,Case Rate,". MPL 100/50/25% all add ons apply, and lesser of 100% of billed charges",827.74,,,,,,,Case Rate,"100 Percent of Medicaid APG. ",,,,,,,,Other,"Not Payable. ",827.74,,,,,,,Case Rate,"100 Percent of Medicaid APG. ",,,,,,,,Other,"Not Payable. ",,,,,,,,Other,"Not Payable. ",827.74,,,,,,,Case Rate,"100 Percent of Medicaid APG. ",827.74,,,,,,,Case Rate,"100 Percent of Medicaid APG. ",7163,,,,,,,Case Rate,". ",6487,,,,,,,Case Rate,". MPL 100/50/25% maxmium of 3 procedures. All add ons apply, and lesser of 100% of billed charges",,78,,,,,0,percent of total billed charges,78% of Billed Charges. Lesser of 100% of billed charges applies.; No services were performed during the 15 month look back period.,4923.38,,,,,,,Case Rate,". MPL 100/50/25% all add ons apply, and lesser of 100% of billed charges",4923.38,,,,,,,Case Rate,". MPL 100/50/25% all add ons apply, and lesser of 100% of billed charges",6593,,,,,,,Case Rate,". Primary procedure pays at 100%, secondary at 50%, all subsequent at 25%.  Lesser of applies when negotiated rates exceed charges less addons.",31.27,,,,,,,Other,"Not Payable. ",12574,,,,,,,Case Rate,". Primary procedure pays at 100%, all subsequent at 50%.",12574,,,,,,,Case Rate,". Primary procedure pays at 100%, all subsequent at 50%.",3280,,,,,,,Case Rate,". MPL 100/50/25% all add ons apply, and lesser of 100% of billed charges",3280,,,,,,,Case Rate,". MPL 100/50/25% all add ons apply, and lesser of 100% of billed charges",,,,,,,,Other,"Not Payable. ",,,,,,,,Other,"Not Payable. ",,,,,,,,Other,"Not Payable. ",,,,,,,,Other,"Not Payable. ",4923.38,,,,,,,Case Rate,". MPL 100/50/25% all add ons apply, and lesser of 100% of billed charges",4100,,,,,,,Case Rate,". MPL 100/50/25% all add ons apply, and lesser of 100% of billed charges",4100,,,,,,,Case Rate,". MPL 100/50/25% all add ons apply, and lesser of 100% of billed charges",,,,,,,,Other,"Not Payable. ",3280,,,,,,,Case Rate,". MPL 100/50/25% all add ons apply, and lesser of 100% of billed charges",8427,,,,,,,Case Rate,". Primary procedure pays at 100%, all subsequent at 50%.",993.29,,,,,,,Fee Schedule,"120 Percent of Medicaid APG. ",827.74,,,,,,,Case Rate,"100 Percent of Medicaid APG. ",7163,,,,,,,Case Rate,". ",3690,,,,,,,Case Rate,". MPL 100/50/25% all add ons apply, and lesser of 100% of billed charges",3690,,,,,,,Case Rate,". MPL 100/50/25% all add ons apply, and lesser of 100% of billed charges",4100,,,,,,,Case Rate,". MPL 100/50/25% all add ons apply, and lesser of 100% of billed charges",14948,,,,,,,Case Rate,". MPL 100/75/50% all add ons apply, and lesser of 100% of billed charges",,,,,,,,Other,"Not Payable. ",869.12,,,,,,,Fee Schedule,105 percent of Medicaid APG. otherwise 105% of Ordered NYS MCD FS or 105% of ASP+6%,869.12,,,,,,,Fee Schedule,105 percent of Medicaid APG. otherwise 105% of Ordered NYS MCD FS or 105% of ASP+6%,869.12,,,,,,,Fee Schedule,105 percent of Medicaid APG. otherwise 105% of Ordered NYS MCD FS or 105% of ASP+6%,1117.45,,,,,,,Fee Schedule,135 percent of Medicaid APG. otherwise 135% of Ordered NYS MCD FS or 135% of ASP+6%,4923.38,,,,,,,Case Rate,". MPL 100/50/25% all add ons apply, and lesser of 100% of billed charges",869.12,,,,,,,Fee Schedule,105 percent of Medicaid APG. otherwise 105% of Ordered NYS MCD FS or 105% of ASP+6%,869.12,,,,,,,Fee Schedule,105 percent of Medicaid APG. otherwise 105% of Ordered NYS MCD FS or 105% of ASP+6%,869.12,,,,,,,Fee Schedule,105 percent of Medicaid APG. otherwise 105% of Ordered NYS MCD FS or 105% of ASP+6%,869.12,,,,,,,Fee Schedule,105 percent of Medicaid APG. otherwise 105% of Ordered NYS MCD FS or 105% of ASP+6%,869.12,,,,,,,Fee Schedule,105 percent of Medicaid APG. otherwise 105% of Ordered NYS MCD FS or 105% of ASP+6%,1117.45,,,,,,,Fee Schedule,135 percent of Medicaid APG. otherwise 135% of Ordered NYS MCD FS or 135% of ASP+6%,1117.45,,,,,,,Fee Schedule,135 percent of Medicaid APG. otherwise 135% of Ordered NYS MCD FS or 135% of ASP+6%,,,,,,,,Other,"Not Payable. ",4923.38,,,,,,,Case Rate,". MPL 100/50/25% all add ons apply, and lesser of 100% of billed charges",,,,,,,,Other,"Not Payable. ",869.12,,,,,,,Fee Schedule,105 percent of Medicaid APG. otherwise 105% of Ordered NYS MCD FS or 105% of ASP+6%,4100,,,,,,,Case Rate,". MPL 100/50/25% all add ons apply, and lesser of 100% of billed charges",,,,,,,,Other,"Not Payable. ",4100,,,,,,,Case Rate,". MPL 100/50/25% all add ons apply, and lesser of 100% of billed charges",4100,,,,,,,Case Rate,". MPL 100/50/25% all add ons apply, and lesser of 100% of billed charges",4100,,,,,,,Case Rate,". MPL 100/50/25% all add ons apply, and lesser of 100% of billed charges",869.12,,,,,,,Fee Schedule,105 percent of Medicaid APG. otherwise 105% of Ordered NYS MCD FS or 105% of ASP+6%,,,,,,,,Other,"Not Payable. ",4100,,,,,,,Case Rate,". MPL 100/50/25% all add ons apply, and lesser of 100% of billed charges",1117.45,,,,,,,Fee Schedule,135 percent of Medicaid APG. otherwise 135% of Ordered NYS MCD FS or 135% of ASP+6%,4100,,,,,,,Case Rate,". MPL 100/50/25% all add ons apply, and lesser of 100% of billed charges",,,,,,,,Other,"Not Payable. ",,,,,,,,Other,"Not Payable. ",7163,,,,,,,Case Rate,". ",7163,,,,,,,Case Rate,". ",7163,,,,,,,Case Rate,". ",7163,,,,,,,Case Rate,". ",7163,,,,,,,Case Rate,". ",8427,,,,,,,Case Rate,". Primary procedure pays at 100%, all subsequent at 50%.",8427,,,,,,,Case Rate,". Primary procedure pays at 100%, all subsequent at 50%.",7163,,,,,,,Case Rate,". ",7163,,,,,,,Case Rate,". ",7163,,,,,,,Case Rate,". ",7163,,,,,,,Case Rate,". ",7163,,,,,,,Case Rate,". ",,,,,,,,Other,"Not Payable. ",8427,,,,,,,Case Rate,". Primary procedure pays at 100%, all subsequent at 50%.",,,,,,,,Other,"Not Payable. ",1862.41,,,,,,,Case Rate,"225 Percent of Medicaid APG. If not included in Medicaid APG, then 100 Percent of Manhattan Medicare",827.74,,,,,,,Case Rate,"100 Percent of Medicaid APG. ",4923.38,,,,,,,Case Rate,". MPL 100/50/25% all add ons apply, and lesser of 100% of billed charges",4923.38,,,,,,,Case Rate,". MPL 100/50/25% all add ons apply, and lesser of 100% of billed charges",,,,,,,,Other,"Not Payable. ",12574,,,,,,,Case Rate,". Primary procedure pays at 100%, all subsequent at 50%.",,,,,,,,Other,"Not Payable. ",,,,,,,,Other,"Not Payable. ",6593,,,,,,,Case Rate,". Primary procedure pays at 100%, secondary at 50%, all subsequent at 25%.  Lesser of applies when negotiated rates exceed charges less addons.",,,,,,,,Other,"Not Payable. ",6487,,,,,,,Case Rate,". MPL 100/50/25% maxmium of 3 procedures. All add ons apply, and lesser of 100% of billed charges",,,,,,,,Other,"Not Payable. ",6487,,,,,,,Case Rate,". MPL 100/50/25% maxmium of 3 procedures. All add ons apply, and lesser of 100% of billed charges",6593,,,,,,,Case Rate,". Primary procedure pays at 100%, secondary at 50%, all subsequent at 25%.  Lesser of applies when negotiated rates exceed charges less addons.",6487,,,,,,,Case Rate,". MPL 100/50/25% maxmium of 3 procedures. All add ons apply, and lesser of 100% of billed charges",,,,,,,,Other,"Not Payable. ",827.74,,,,,,,Case Rate,"100 Percent of Medicaid APG. ",,,,,,,,Other,"Not Payable. ",6487,,,,,,,Case Rate,". MPL 100/50/25% maxmium of 3 procedures. All add ons apply, and lesser of 100% of billed charges",4923.38,,,,,,,Case Rate,". MPL 100/50/25% all add ons apply, and lesser of 100% of billed charges",827.74,,,,,,,Case Rate,"100 Percent of Medicaid APG. ",4100,,,,,,,Case Rate,". MPL 100/50/25% all add ons apply, and lesser of 100% of billed charges",993.29,,,,,,,Fee Schedule,"120 Percent of Medicaid APG. ",993.29,,,,,,,Fee Schedule,"120 Percent of Medicaid APG. ",4100,,,,,,,Case Rate,". MPL 100/50/25% all add ons apply, and lesser of 100% of billed charges",4100,,,,,,,Case Rate,". MPL 100/50/25% all add ons apply, and lesser of 100% of billed charges",4100,,,,,,,Case Rate,". MPL 100/50/25% all add ons apply, and lesser of 100% of billed charges",4923.38,,,,,,,Case Rate,". MPL 100/50/25% all add ons apply, and lesser of 100% of billed charges",4100,,,,,,,Case Rate,". MPL 100/50/25% all add ons apply, and lesser of 100% of billed charges",4100,,,,,,,Case Rate,". MPL 100/50/25% all add ons apply, and lesser of 100% of billed charges",4100,,,,,,,Case Rate,". MPL 100/50/25% all add ons apply, and lesser of 100% of billed charges",7163,,,,,,,Case Rate,". ",7163,,,,,,,Case Rate,". ",,,,,,,,Fee Schedule,"Not Payable. ",827.74,,,,,,,Case Rate,"100 Percent of Medicaid APG. ",4923.38,,,,,,,Case Rate,". MPL 100/50/25% all add ons apply, and lesser of 100% of billed charges",6487,,,,,,,Case Rate,". MPL 100/50/25% maxmium of 3 procedures. All add ons apply, and lesser of 100% of billed charges",6593,,,,,,,Case Rate,". Primary procedure pays at 100%, secondary at 50%, all subsequent at 25%.  Lesser of applies when negotiated rates exceed charges less addons.",4923.38,,,,,,,Case Rate,". MPL 100/50/25% all add ons apply, and lesser of 100% of billed charges",6593,,,,,,,Case Rate,". Primary procedure pays at 100%, secondary at 50%, all subsequent at 25%.  Lesser of applies when negotiated rates exceed charges less addons.",4923.38,,,,,,,Case Rate,". MPL 100/50/25% all add ons apply, and lesser of 100% of billed charges",4100,,,,,,,Case Rate,". MPL 100/50/25% all add ons apply, and lesser of 100% of billed charges",4100,,,,,,,Case Rate,". MPL 100/50/25% all add ons apply, and lesser of 100% of billed charges",4100,,,,,,,Case Rate,". MPL 100/50/25% all add ons apply, and lesser of 100% of billed charges",4100,,,,,,,Case Rate,". MPL 100/50/25% all add ons apply, and lesser of 100% of billed charges",,,,,,,,Other,"Not Payable. ",18.71,25798,
57425,CPT,2025709,LOCAL,361,RC,HC COLPOPEXY LAPAROSCOPY,30779.58,5848.1202,both,,,,9740,,,,,,,Case Rate,". MPL 1st 100% of Payment Rate 50% of all others, all add ons apply, and lesser of 100% of billed charges.",9740,,,,,,,Case Rate,". MPL 1st 100% of Payment Rate 50% of all others, all add ons apply, and lesser of 100% of billed charges.",16624,,,,,,,Case Rate,". Primary procedure pays at 100%, secondary at 50%, all subsequent at 25%.  Lesser of applies when negotiated rates exceed charges less addons.",30779.58,100,,,,,0,percent of total billed charges,100 percent of billed charges. ; No services were performed during the 15 month look back period.,12319.6,,,,,,,Case Rate,"100% Medicare OPPS FS. ",16624,,,,,,,Case Rate,". Primary procedure pays at 100%, secondary at 50%, all subsequent at 25%.  Lesser of applies when negotiated rates exceed charges less addons.",16624,,,,,,,Case Rate,". Primary procedure pays at 100%, secondary at 50%, all subsequent at 25%.  Lesser of applies when negotiated rates exceed charges less addons.",16624,,,,,,,Case Rate,". Primary procedure pays at 100%, secondary at 50%, all subsequent at 25%.  Lesser of applies when negotiated rates exceed charges less addons.",2352.23,,,,,,,Case Rate,"100 Percent of Medicaid APG. ",1960.19,,,,,,,Case Rate,"100 Percent of Medicaid APG. ",24008.0724,78,,,,,0,percent of total billed charges,78% of Billed Charges. Lesser of 100% of billed charges applies.; No services were performed during the 15 month look back period.,18160.12,,,,,,,Case Rate,". MPL 100/50/25% all add ons apply, and lesser of 100% of billed charges",1960.19,,,,,,,Case Rate,"100 Percent of Medicaid APG. ",12319.6,,,,,,,Case Rate,"100% Medicare OPPS FS. ",6487,,,,,,,Case Rate,". MPL 100/50/25% maxmium of 3 procedures. All add ons apply, and lesser of 100% of billed charges",6487,,,,,,,Case Rate,". MPL 100/50/25% maxmium of 3 procedures. All add ons apply, and lesser of 100% of billed charges",6487,,,,,,,Case Rate,". MPL 100/50/25% maxmium of 3 procedures. All add ons apply, and lesser of 100% of billed charges",6487,,,,,,,Case Rate,". MPL 100/50/25% maxmium of 3 procedures. All add ons apply, and lesser of 100% of billed charges",1960.19,,,,,,,Case rate,124 Percent of Medicaid APG. Covered services not payable under Medicaid Fee Schedules default to a payment of 50 percent of charges.,12319.6,,,,,,,Case Rate,"100% Medicare OPPS FS. ",1960.19,,,,,,,Case rate,124 Percent of Medicaid APG. Covered services not payable under Medicaid Fee Schedules default to a payment of 50 percent of charges.,24008.0724,78,,,,,0,percent of total billed charges,78% of Billed Charges. Lesser of 100% of billed charges applies.; No services were performed during the 15 month look back period.,16624,,,,,,,Case Rate,". Primary procedure pays at 100%, secondary at 50%, all subsequent at 25%.  Lesser of applies when negotiated rates exceed charges less addons.",12319.6,,,,,,,Case Rate,"100%Medicare OPPS FS. ",8427,,,,,,,Case Rate,". Primary procedure pays at 100%, all subsequent at 50%.",12319.6,,,,,,,Case Rate,"100%Medicare OPPS FS. ",12319.6,,,,,,,Case Rate,"100%Medicare OPPS FS. ",24008.0724,78,,,,,0,percent of total billed charges,78% of Billed Charges. Lesser of 100% of billed charges applies.; No services were performed during the 15 month look back period.,1009.54,,,,,,,Fee Schedule,90 Percent of Medicare RBRVS. Lesser of 100% of billed charges applies.,1009.54,,,,,,,Fee Schedule,90 Percent of Medicare RBRVS. Lesser of 100% of billed charges applies.,1960.19,,,,,,,Case rate,"100 Percent of Medicaid APG. ",1960.19,,,,,,,Case rate,"100 Percent of Medicaid APG. ",8427,,,,,,,Case Rate,". Primary procedure pays at 100%, all subsequent at 50%.",8427,,,,,,,Case Rate,". Primary procedure pays at 100%, all subsequent at 50%.",1960.19,,,,,,,Case Rate,"100 Percent of Medicaid APG. Not APG payable, or payable under another fee schedule like ASP/AWP pays at 30% of charges",8427,,,,,,,Case Rate,". Primary procedure pays at 100%, all subsequent at 50%.",1960.19,,,,,,,Case Rate,"100 Percent of Medicaid APG. Not APG payable, or payable under another fee schedule like ASP/AWP pays at 30% of charges",12319.6,,,,,,,Case Rate,"100%Medicare OPPS FS. ",8427,,,,,,,Case Rate,". Primary procedure pays at 100%, all subsequent at 50%.",24008.0724,78,,,,,0,percent of total billed charges,78% of Billed Charges. Lesser of 100% of billed charges applies.; No services were performed during the 15 month look back period.,1960.19,,,,,,,Case Rate,"100 Percent of Medicaid APG. ",1960.19,,,,,,,Case Rate,"100 Percent of Medicaid APG. ",24008.0724,78,,,,,0,percent of total billed charges,78% of Billed Charges. Lesser of 100% of billed charges applies.; No services were performed during the 15 month look back period.,6487,,,,,,,Case Rate,". MPL 100/50/25% maxmium of 3 procedures. All add ons apply, and lesser of 100% of billed charges",16031,,,,,,,Case Rate,". MPL 100/50/25% all add ons apply, and lesser of 100% of billed charges",16031,,,,,,,Case Rate,". MPL 100/50/25% all add ons apply, and lesser of 100% of billed charges",24008.0724,78,,,,,0,percent of total billed charges,78% of Billed Charges. Lesser of 100% of billed charges applies.; No services were performed during the 15 month look back period.,12319.6,,,,,,,Case Rate,"100% Medicare OPPS FS. ",18160.12,,,,,,,Case Rate,". MPL 100/50/25% all add ons apply, and lesser of 100% of billed charges",18160.12,,,,,,,Case Rate,". MPL 100/50/25% all add ons apply, and lesser of 100% of billed charges",18160.12,,,,,,,Case Rate,". MPL 100/50/25% all add ons apply, and lesser of 100% of billed charges",12319.6,,,,,,,Case Rate,"100% Medicare OPPS FS. ",18160.12,,,,,,,Case Rate,". MPL 100/50/25% all add ons apply, and lesser of 100% of billed charges",18160.12,,,,,,,Case Rate,". MPL 100/50/25% all add ons apply, and lesser of 100% of billed charges",12319.6,,,,,,,Case Rate,"100% of Medicare OPPS. ",9761,,,,,,,Case Rate,". MPL 100/75/50% all add ons apply, and lesser of 100% of billed charges",26526,,,,,,,Case Rate,". MPL 100/50/25% all add ons apply, and lesser of 100% of billed charges",26526,,,,,,,Case Rate,". MPL 100/50/25% all add ons apply, and lesser of 100% of billed charges",26526,,,,,,,Case Rate,". MPL 100/50/25% all add ons apply, and lesser of 100% of billed charges",26526,,,,,,,Case Rate,". MPL 100/50/25% all add ons apply, and lesser of 100% of billed charges",26526,,,,,,,Case Rate,". MPL 100/50/25% all add ons apply, and lesser of 100% of billed charges",26526,,,,,,,Case Rate,". MPL 100/50/25% all add ons apply, and lesser of 100% of billed charges",12319.6,,,,,,,Case Rate,"100% Medicare OPPS FS. ",12319.6,,,,,,,Case Rate,"100% Medicare OPPS FS. ",26526,,,,,,,Case Rate,". MPL 100/50/25% all add ons apply, and lesser of 100% of billed charges",24008.0724,78,,,,,0,percent of total billed charges,78% of Billed Charges. Lesser of 100% of billed charges applies.; No services were performed during the 15 month look back period.,24008.0724,78,,,,,0,percent of total billed charges,78% of Billed Charges. Lesser of 100% of billed charges applies.; No services were performed during the 15 month look back period.,24008.0724,78,,,,,0,percent of total billed charges,78% of Billed Charges. Lesser of 100% of billed charges applies.; No services were performed during the 15 month look back period.,24008.0724,78,,,,,0,percent of total billed charges,78% of Billed Charges. Lesser of 100% of billed charges applies.; No services were performed during the 15 month look back period.,24008.0724,78,,,,,0,percent of total billed charges,78% of Billed Charges. Lesser of 100% of billed charges applies.; No services were performed during the 15 month look back period.,24008.0724,78,,,,,0,percent of total billed charges,78% of Billed Charges. Lesser of 100% of billed charges applies.; No services were performed during the 15 month look back period.,24008.0724,78,,,,,0,percent of total billed charges,78% of Billed Charges. Lesser of 100% of billed charges applies.; No services were performed during the 15 month look back period.,24008.0724,78,,,,,0,percent of total billed charges,78% of Billed Charges. Lesser of 100% of billed charges applies.; No services were performed during the 15 month look back period.,24008.0724,78,,,,,0,percent of total billed charges,78% of Billed Charges. Lesser of 100% of billed charges applies.; No services were performed during the 15 month look back period.,24008.0724,78,,,,,0,percent of total billed charges,78% of Billed Charges. Lesser of 100% of billed charges applies.; No services were performed during the 15 month look back period.,24008.0724,78,,,,,0,percent of total billed charges,78% of Billed Charges. Lesser of 100% of billed charges applies.; No services were performed during the 15 month look back period.,24008.0724,78,,,,,0,percent of total billed charges,78% of Billed Charges. Lesser of 100% of billed charges applies.; No services were performed during the 15 month look back period.,24008.0724,78,,,,,0,percent of total billed charges,78% of Billed Charges. Lesser of 100% of billed charges applies.; No services were performed during the 15 month look back period.,24008.0724,78,,,,,0,percent of total billed charges,78% of Billed Charges. Lesser of 100% of billed charges applies.; No services were performed during the 15 month look back period.,24008.0724,78,,,,,0,percent of total billed charges,78% of Billed Charges. Lesser of 100% of billed charges applies.; No services were performed during the 15 month look back period.,24008.0724,78,,,,,0,percent of total billed charges,78% of Billed Charges. Lesser of 100% of billed charges applies.; No services were performed during the 15 month look back period.,24008.0724,78,,,,,0,percent of total billed charges,78% of Billed Charges. Lesser of 100% of billed charges applies.; No services were performed during the 15 month look back period.,24008.0724,78,,,,,0,percent of total billed charges,78% of Billed Charges. Lesser of 100% of billed charges applies.; No services were performed during the 15 month look back period.,24008.0724,78,,,,,0,percent of total billed charges,78% of Billed Charges. Lesser of 100% of billed charges applies.; No services were performed during the 15 month look back period.,24008.0724,78,,,,,0,percent of total billed charges,78% of Billed Charges. Lesser of 100% of billed charges applies.; No services were performed during the 15 month look back period.,24008.0724,78,,,,,0,percent of total billed charges,78% of Billed Charges. Lesser of 100% of billed charges applies.; No services were performed during the 15 month look back period.,24008.0724,78,,,,,0,percent of total billed charges,78% of Billed Charges. Lesser of 100% of billed charges applies.; No services were performed during the 15 month look back period.,24008.0724,78,,,,,0,percent of total billed charges,78% of Billed Charges. Lesser of 100% of billed charges applies.; No services were performed during the 15 month look back period.,24008.0724,78,,,,,0,percent of total billed charges,78% of Billed Charges. Lesser of 100% of billed charges applies.; No services were performed during the 15 month look back period.,24008.0724,78,,,,,0,percent of total billed charges,78% of Billed Charges. Lesser of 100% of billed charges applies.; No services were performed during the 15 month look back period.,24008.0724,78,,,,,0,percent of total billed charges,78% of Billed Charges. Lesser of 100% of billed charges applies.; No services were performed during the 15 month look back period.,8427,,,,,,,Case Rate,". Primary procedure pays at 100%, all subsequent at 50%.",8427,,,,,,,Case Rate,". Primary procedure pays at 100%, all subsequent at 50%.",8427,,,,,,,Case Rate,". Primary procedure pays at 100%, all subsequent at 50%.",8427,,,,,,,Case Rate,". Primary procedure pays at 100%, all subsequent at 50%.",12574,,,,,,,Case Rate,". Primary procedure pays at 100%, all subsequent at 50%.",12574,,,,,,,Case Rate,". Primary procedure pays at 100%, all subsequent at 50%.",6487,,,,,,,Case Rate,". MPL 100/50/25% maxmium of 3 procedures. All add ons apply, and lesser of 100% of billed charges",26526,,,,,,,Case Rate,". MPL 100/50/25% all add ons apply, and lesser of 100% of billed charges",18160.12,,,,,,,Case Rate,". MPL 100/50/25% all add ons apply, and lesser of 100% of billed charges",26526,,,,,,,Case Rate,". MPL 100/50/25% all add ons apply, and lesser of 100% of billed charges",24008.0724,78,,,,,0,percent of total billed charges,78% of Billed Charges. Lesser of 100% of billed charges applies.; No services were performed during the 15 month look back period.,12574,,,,,,,Case Rate,". Primary procedure pays at 100%, all subsequent at 50%.",26526,,,,,,,Case Rate,". MPL 100/50/25% all add ons apply, and lesser of 100% of billed charges",18160.12,,,,,,,Case Rate,". MPL 100/50/25% all add ons apply, and lesser of 100% of billed charges",6487,,,,,,,Case Rate,". MPL 100/50/25% maxmium of 3 procedures. All add ons apply, and lesser of 100% of billed charges",,,,,,,,,"NA. ",24008.0724,78,,,,,0,percent of total billed charges,78% of Billed Charges. Lesser of 100% of billed charges applies.; No services were performed during the 15 month look back period.,1960.19,,,,,,,Case Rate,"100 Percent of Medicaid APG. ",8427,,,,,,,Case Rate,". Primary procedure pays at 100%, all subsequent at 50%.",1960.19,,,,,,,Case Rate,"100 Percent of Medicaid APG. Not APG payable, or payable under another fee schedule like ASP/AWP pays at 30% of charges",12319.6,,,,,,,Case Rate,"100%Medicare OPPS FS. ",12319.6,,,,,,,Case Rate,"100% Medicare OPPS FS. ",9761,,,,,,,Case Rate,". MPL 100/75/50% all add ons apply, and lesser of 100% of billed charges",12319.6,,,,,,,Case Rate,"100% Medicare OPPS FS. ",12319.6,,,,,,,Case Rate,"100% Medicare OPPS FS. ",1960.19,,,,,,,Case Rate,"100 Percent of Medicaid APG. ",12319.6,,,,,,,Case Rate,"100% Medicare OPPS FS. ",12319.6,,,,,,,Case Rate,"100% Medicare OPPS FS. ",16624,,,,,,,Case Rate,". Primary procedure pays at 100%, secondary at 50%, all subsequent at 25%.  Lesser of applies when negotiated rates exceed charges less addons.",16624,,,,,,,Case Rate,". Primary procedure pays at 100%, secondary at 50%, all subsequent at 25%.  Lesser of applies when negotiated rates exceed charges less addons.",12319.6,,,,,,,Case Rate,"100% Medicare OPPS FS. ",6487,,,,,,,Case Rate,". MPL 100/50/25% maxmium of 3 procedures. All add ons apply, and lesser of 100% of billed charges",18160.12,,,,,,,Case Rate,". MPL 100/50/25% all add ons apply, and lesser of 100% of billed charges",18160.12,,,,,,,Case Rate,". MPL 100/50/25% all add ons apply, and lesser of 100% of billed charges",12319.6,,,,,,,Case Rate,"100% Medicare OPPS FS. ",6487,,,,,,,Case Rate,". MPL 100/50/25% maxmium of 3 procedures. All add ons apply, and lesser of 100% of billed charges",16624,,,,,,,Case Rate,". Primary procedure pays at 100%, secondary at 50%, all subsequent at 25%.  Lesser of applies when negotiated rates exceed charges less addons.",16624,,,,,,,Case Rate,". Primary procedure pays at 100%, secondary at 50%, all subsequent at 25%.  Lesser of applies when negotiated rates exceed charges less addons.",16624,,,,,,,Case Rate,". Primary procedure pays at 100%, secondary at 50%, all subsequent at 25%.  Lesser of applies when negotiated rates exceed charges less addons.",24008.0724,78,,,,,0,percent of total billed charges,78% of Billed Charges. Lesser of 100% of billed charges applies.; No services were performed during the 15 month look back period.,24008.0724,78,,,,,0,percent of total billed charges,78% of Billed Charges. Lesser of 100% of billed charges applies.; No services were performed during the 15 month look back period.,24008.0724,78,,,,,0,percent of total billed charges,78% of Billed Charges. Lesser of 100% of billed charges applies.; No services were performed during the 15 month look back period.,24008.0724,78,,,,,0,percent of total billed charges,78% of Billed Charges. Lesser of 100% of billed charges applies.; No services were performed during the 15 month look back period.,24008.0724,78,,,,,0,percent of total billed charges,78% of Billed Charges. Lesser of 100% of billed charges applies.; No services were performed during the 15 month look back period.,24008.0724,78,,,,,0,percent of total billed charges,78% of Billed Charges. Lesser of 100% of billed charges applies.; No services were performed during the 15 month look back period.,24008.0724,78,,,,,0,percent of total billed charges,78% of Billed Charges. Lesser of 100% of billed charges applies.; No services were performed during the 15 month look back period.,24008.0724,78,,,,,0,percent of total billed charges,78% of Billed Charges. Lesser of 100% of billed charges applies.; No services were performed during the 15 month look back period.,24008.0724,78,,,,,0,percent of total billed charges,78% of Billed Charges. Lesser of 100% of billed charges applies.; No services were performed during the 15 month look back period.,24008.0724,78,,,,,0,percent of total billed charges,78% of Billed Charges. Lesser of 100% of billed charges applies.; No services were performed during the 15 month look back period.,24008.0724,78,,,,,0,percent of total billed charges,78% of Billed Charges. Lesser of 100% of billed charges applies.; No services were performed during the 15 month look back period.,12574,,,,,,,Case Rate,". Primary procedure pays at 100%, all subsequent at 50%.",26526,,,,,,,Case Rate,". MPL 100/50/25% all add ons apply, and lesser of 100% of billed charges",6487,,,,,,,Case Rate,". MPL 100/50/25% maxmium of 3 procedures. All add ons apply, and lesser of 100% of billed charges",12319.6,,,,,,,Case Rate,"100% Medicare OPPS FS. ",16624,,,,,,,Case Rate,". Primary procedure pays at 100%, secondary at 50%, all subsequent at 25%.  Lesser of applies when negotiated rates exceed charges less addons.",6487,,,,,,,Case Rate,". MPL 100/50/25% maxmium of 3 procedures. All add ons apply, and lesser of 100% of billed charges",6487,,,,,,,Case Rate,". MPL 100/50/25% maxmium of 3 procedures. All add ons apply, and lesser of 100% of billed charges",24008.0724,78,,,,,0,percent of total billed charges,78% of Billed Charges. Lesser of 100% of billed charges applies.; No services were performed during the 15 month look back period.,4194.8,,,,,,,Case Rate,"214 Percent of Medicaid APG. Drugs not priced under APG, billed with revenue code 636 and not priced by Medicare ASP FeeSched will be reimbursed at 20% of charges.",6487,,,,,,,Case Rate,". MPL 100/50/25% maxmium of 3 procedures. All add ons apply, and lesser of 100% of billed charges",1960.19,,,,,,,Case Rate,"100 Percent of Medicaid APG. ",12319.6,,,,,,,Case Rate,"100% Medicare OPPS FS. ",12319.6,,,,,,,Case Rate,"100% Medicare OPPS FS. ",12319.6,,,,,,,Case Rate,"100% Medicare OPPS FS. ",12319.6,,,,,,,Case Rate,"100% Medicare OPPS FS. ",12319.6,,,,,,,Case Rate,"100% Medicare OPPS FS. ",12319.6,,,,,,,Case Rate,"100% Medicare OPPS FS. ",6487,,,,,,,Case Rate,". MPL 100/50/25% maxmium of 3 procedures. All add ons apply, and lesser of 100% of billed charges",9761,,,,,,,Case Rate,". MPL 100/75/50% all add ons apply, and lesser of 100% of billed charges",3528.34,,,,,,,Fee Schedule,"180 Percent of Medicaid APG. ",3528.34,,,,,,,Fee Schedule,"180 Percent of Medicaid APG. ",3528.34,,,,,,,Fee Schedule,"180 Percent of Medicaid APG. ",3528.34,,,,,,,Fee Schedule,"180 Percent of Medicaid APG. ",3528.34,,,,,,,Fee Schedule,"180 Percent of Medicaid APG. ",,,,,,,,,"NA. ",9761,,,,,,,Case Rate,". MPL 100/75/50% all add ons apply, and lesser of 100% of billed charges",24392.8,,,,,,,Case Rate,198 Percent of Medicare OPPS. Metroplus will reimburse unlisted codes and described codes with no Medicare rate at 50 percent of charges.,24392.8,,,,,,,Case Rate,198 Percent of Medicare OPPS. Metroplus will reimburse unlisted codes and described codes with no Medicare rate at 50 percent of charges.,24392.8,,,,,,,Case Rate,198 Percent of Medicare OPPS. Metroplus will reimburse unlisted codes and described codes with no Medicare rate at 50 percent of charges.,24392.8,,,,,,,Case Rate,198 Percent of Medicare OPPS. Metroplus will reimburse unlisted codes and described codes with no Medicare rate at 50 percent of charges.,24392.8,,,,,,,Case Rate,198 Percent of Medicare OPPS. Metroplus will reimburse unlisted codes and described codes with no Medicare rate at 50 percent of charges.,12319.6,,,,,,,Case Rate,"100% Medicare OPPS FS. ",12574,,,,,,,Case Rate,". Primary procedure pays at 100%, all subsequent at 50%.",12574,,,,,,,Case Rate,". Primary procedure pays at 100%, all subsequent at 50%.",12574,,,,,,,Case Rate,". Primary procedure pays at 100%, all subsequent at 50%.",12574,,,,,,,Case Rate,". Primary procedure pays at 100%, all subsequent at 50%.",16624,,,,,,,Case Rate,". Primary procedure pays at 100%, secondary at 50%, all subsequent at 25%.  Lesser of applies when negotiated rates exceed charges less addons.",16624,,,,,,,Case Rate,". Primary procedure pays at 100%, secondary at 50%, all subsequent at 25%.  Lesser of applies when negotiated rates exceed charges less addons.",16624,,,,,,,Case Rate,". Primary procedure pays at 100%, secondary at 50%, all subsequent at 25%.  Lesser of applies when negotiated rates exceed charges less addons.",16624,,,,,,,Case Rate,". Primary procedure pays at 100%, secondary at 50%, all subsequent at 25%.  Lesser of applies when negotiated rates exceed charges less addons.",9761,,,,,,,Case Rate,". MPL 100/75/50% all add ons apply, and lesser of 100% of billed charges",9761,,,,,,,Case Rate,". MPL 100/75/50% all add ons apply, and lesser of 100% of billed charges",12319.6,,,,,,,Case Rate,"100% Medicare OPPS FS. ",12319.6,,,,,,,Case Rate,"100% Medicare OPPS FS. ",12319.6,,,,,,,Case Rate,"100% Medicare OPPS FS. ",26526,,,,,,,Case Rate,". MPL 100/50/25% all add ons apply, and lesser of 100% of billed charges",26526,,,,,,,Case Rate,". MPL 100/50/25% all add ons apply, and lesser of 100% of billed charges",26526,,,,,,,Case Rate,". MPL 100/50/25% all add ons apply, and lesser of 100% of billed charges",9761,,,,,,,Case Rate,". MPL 100/75/50% all add ons apply, and lesser of 100% of billed charges",16624,,,,,,,Case Rate,". Primary procedure pays at 100%, secondary at 50%, all subsequent at 25%.  Lesser of applies when negotiated rates exceed charges less addons.",12319.6,,,,,,,Case Rate,"100% Medicare OPPS FS. ",26526,,,,,,,Case Rate,". MPL 100/50/25% all add ons apply, and lesser of 100% of billed charges",1960.19,,,,,,,Case Rate,"100 Percent of Medicaid APG. ",12565.99,,,,,,,Case Rate,"102% of Medicare OPPS. ",12565.99,,,,,,,Case Rate,"102% of Medicare OPPS. ",12565.99,,,,,,,Case Rate,"102% of Medicare OPPS. ",1960.19,,,,,,,Case rate,"100 Percent of Medicaid APG. ",4410.43,,,,,,,Fee Schedule,225% of NYS APG. Lesser of 100% of billed charges applies.,4410.43,,,,,,,Fee Schedule,225% of NYS APG. Lesser of 100% of billed charges applies.,4410.43,,,,,,,Fee Schedule,225% of NYS APG. Lesser of 100% of billed charges applies.,4410.43,,,,,,,Fee Schedule,225% of NYS APG. Lesser of 100% of billed charges applies.,4410.43,,,,,,,Fee Schedule,225% of NYS APG. Lesser of 100% of billed charges applies.,12565.99,,,,,,,Case Rate,"102% of Medicare OPPS. ",1960.19,,,,,,,Case Rate,"100 Percent of Medicaid APG. ",1009.54,,,,,,,Fee Schedule,90 Percent of Medicare RBRVS. Lesser of 100% of billed charges applies.,4410.43,,,,,,,Fee Schedule,225% of NYS APG. Lesser of 100% of billed charges applies.,4410.43,,,,,,,Fee Schedule,225% of NYS APG. Lesser of 100% of billed charges applies.,1009.54,,,,,,,Fee Schedule,90 Percent of Medicare RBRVS. Lesser of 100% of billed charges applies.,1009.54,,,,,,,Fee Schedule,90 Percent of Medicare RBRVS. Lesser of 100% of billed charges applies.,3528.34,,,,,,,Fee Schedule,"180 Percent of Medicaid APG. ",12319.6,,,,,,,Case Rate,"100% Medicare OPPS FS. ",12319.6,,,,,,,Case Rate,"100% Medicare OPPS FS. ",16624,,,,,,,Case Rate,". Primary procedure pays at 100%, secondary at 50%, all subsequent at 25%.  Lesser of applies when negotiated rates exceed charges less addons.",12319.6,,,,,,,Case Rate,"100% Medicare OPPS FS. ",4410.43,,,,,,,Case Rate,"225 Percent of Medicaid APG. ",4410.43,,,,,,,Case Rate,"225 Percent of Medicaid APG. ",1960.19,,,,,,,Case rate,"100 Percent of Medicaid APG. ",1960.19,,,,,,,Case rate,"100 Percent of Medicaid APG. ",4410.43,,,,,,,Case Rate,225 Percent of Medicaid APG. Covered services not payable under Medicaid Fee Schedules default to a payment of 87.5 percent of charges.,1960.19,,,,,,,Case rate,124 Percent of Medicaid APG. Covered services not payable under Medicaid Fee Schedules default to a payment of 50 percent of charges.,4410.43,,,,,,,Case Rate,"100 Percent of Medicaid APG. ",4410.43,,,,,,,Case Rate,"100 Percent of Medicaid APG. ",4410.43,,,,,,,Case Rate,"100 Percent of Medicaid APG. ",4410.43,,,,,,,Case Rate,"100 Percent of Medicaid APG. ",13453,,,,,,,Case Rate,". MPL 100/75/50% all add ons apply, and lesser of 100% of billed charges",9761,,,,,,,Case Rate,". MPL 100/75/50% all add ons apply, and lesser of 100% of billed charges",2352.23,,,,,,,Case Rate,"120 Percent of Medicaid APG. Not APG payable, or payable under another fee schedule like ASP/AWP pays at 30% of charges",2352.23,,,,,,,Case Rate,"120 Percent of Medicaid APG. Not APG payable, or payable under another fee schedule like ASP/AWP pays at 30% of charges",1960.19,,,,,,,Case Rate,"100 Percent of Medicaid APG. Not APG payable, or payable under another fee schedule like ASP/AWP pays at 30% of charges",1960.19,,,,,,,Case Rate,"100 Percent of Medicaid APG. Not APG payable, or payable under another fee schedule like ASP/AWP pays at 30% of charges",26526,,,,,,,Case Rate,". MPL 100/50/25% all add ons apply, and lesser of 100% of billed charges",26526,,,,,,,Case Rate,". MPL 100/50/25% all add ons apply, and lesser of 100% of billed charges",12319.6,,,,,,,Case Rate,"100% Medicare OPPS FS. ",26526,,,,,,,Case Rate,". MPL 100/50/25% all add ons apply, and lesser of 100% of billed charges",26526,,,,,,,Case Rate,". MPL 100/50/25% all add ons apply, and lesser of 100% of billed charges",26526,,,,,,,Case Rate,". MPL 100/50/25% all add ons apply, and lesser of 100% of billed charges",26526,,,,,,,Case Rate,". MPL 100/50/25% all add ons apply, and lesser of 100% of billed charges",12319.6,,,,,,,Case Rate,"100% Medicare OPPS FS. ",26526,,,,,,,Case Rate,". MPL 100/50/25% all add ons apply, and lesser of 100% of billed charges",26526,,,,,,,Case Rate,". MPL 100/50/25% all add ons apply, and lesser of 100% of billed charges",16624,,,,,,,Case Rate,". Primary procedure pays at 100%, secondary at 50%, all subsequent at 25%.  Lesser of applies when negotiated rates exceed charges less addons.",1960.19,,,,,,,Fee Schedule,100% APG. Lesser of 100% of billed charges applies.,1960.19,,,,,,,Case rate,124 Percent of Medicaid APG. Covered services not payable under Medicaid Fee Schedules default to a payment of 50 percent of charges.,4410.43,,,,,,,Fee Schedule,225% of NYS APG. Lesser of 100% of billed charges applies.,4410.43,,,,,,,Case Rate,225 Percent of Medicaid APG. Covered services not payable under Medicaid Fee Schedules default to a payment of 87.5 percent of charges.,1960.19,,,,,,,Case rate,124 Percent of Medicaid APG. Covered services not payable under Medicaid Fee Schedules default to a payment of 50 percent of charges.,4410.43,,,,,,,Fee Schedule,225% of NYS APG. Lesser of 100% of billed charges applies.,4410.43,,,,,,,Fee Schedule,225% of NYS APG. Lesser of 100% of billed charges applies.,4410.43,,,,,,,Fee Schedule,225% of NYS APG. Lesser of 100% of billed charges applies.,4410.43,,,,,,,Fee Schedule,225% of NYS APG. Lesser of 100% of billed charges applies.,4410.43,,,,,,,Fee Schedule,225% of NYS APG. Lesser of 100% of billed charges applies.,4410.43,,,,,,,Fee Schedule,225% of NYS APG. Lesser of 100% of billed charges applies.,,,,,,,,,"NA. ",,,,,,,,,"NA. ",,,,,,,,,"NA. ",6487,,,,,,,Case Rate,". MPL 100/50/25% maxmium of 3 procedures. All add ons apply, and lesser of 100% of billed charges",,,,,,,,,"NA. ",12319.6,,,,,,,Case Rate,"100% Medicare OPPS FS. ",9740,,,,,,,Case Rate,". MPL 1st 100% of Payment Rate 50% of all others, all add ons apply, and lesser of 100% of billed charges.",12319.6,,,,,,,Case Rate,"100% Medicare OPPS FS. ",12319.6,,,,,,,Case Rate,"100% Medicare OPPS FS. ",2352.23,,,,,,,Case Rate,"120 Percent of Medicaid APG. Not APG payable, or payable under another fee schedule like ASP/AWP pays at 30% of charges",2352.23,,,,,,,Case Rate,"120 Percent of Medicaid APG. Not APG payable, or payable under another fee schedule like ASP/AWP pays at 30% of charges",1960.19,,,,,,,Case Rate,"100 Percent of Medicaid APG. Not APG payable, or payable under another fee schedule like ASP/AWP pays at 30% of charges",1960.19,,,,,,,Case Rate,"100 Percent of Medicaid APG. Not APG payable, or payable under another fee schedule like ASP/AWP pays at 30% of charges",1960.19,,,,,,,Case Rate,"100 Percent of Medicaid APG. ",7163,,,,,,,Case Rate,". ",16624,,,,,,,Case Rate,". Primary procedure pays at 100%, secondary at 50%, all subsequent at 25%.  Lesser of applies when negotiated rates exceed charges less addons.",8427,,,,,,,Case Rate,". Primary procedure pays at 100%, all subsequent at 50%.",6487,,,,,,,Case Rate,". MPL 100/50/25% maxmium of 3 procedures. All add ons apply, and lesser of 100% of billed charges",12319.6,,,,,,,Case Rate,"100%Medicare OPPS FS. ",12319.6,,,,,,,Case Rate,"100% Medicare OPPS FS. ",12319.6,,,,,,,Case Rate,"100% Medicare OPPS FS. ",12319.6,,,,,,,Case Rate,"100% Medicare OPPS FS. ",12319.6,,,,,,,Case Rate,"100%Medicare OPPS FS. ",12319.6,,,,,,,Case Rate,"100% Medicare OPPS FS. ",,,,,,,,,"NA. ",4410.43,,,,,,,Fee Schedule,225% of NYS APG. Lesser of 100% of billed charges applies.,1009.54,,,,,,,Fee Schedule,90 Percent of Medicare RBRVS. Lesser of 100% of billed charges applies.,26526,,,,,,,Case Rate,". MPL 100/50/25% all add ons apply, and lesser of 100% of billed charges",7163,,,,,,,Case Rate,". ",7163,,,,,,,Case Rate,". ",7163,,,,,,,Case Rate,". ",7163,,,,,,,Case Rate,". ",12319.6,,,,,,,Case Rate,"100% Medicare OPPS FS. ",1960.19,,,,,,,Case Rate,"100 Percent of Medicaid APG. ",26526,,,,,,,Case Rate,". MPL 100/50/25% all add ons apply, and lesser of 100% of billed charges",1960.19,,,,,,,Case Rate,"100 Percent of Medicaid APG. ",12319.6,,,,,,,Case Rate,"100% Medicare OPPS FS. ",1960.19,,,,,,,Case Rate,"100 Percent of Medicaid APG. ",12319.6,,,,,,,Case Rate,"100% Medicare OPPS FS. ",12319.6,,,,,,,Case Rate,"100% Medicare OPPS FS. ",1960.19,,,,,,,Case Rate,"100 Percent of Medicaid APG. ",1960.19,,,,,,,Case Rate,"100 Percent of Medicaid APG. ",7163,,,,,,,Case Rate,". ",6487,,,,,,,Case Rate,". MPL 100/50/25% maxmium of 3 procedures. All add ons apply, and lesser of 100% of billed charges",24008.0724,78,,,,,0,percent of total billed charges,78% of Billed Charges. Lesser of 100% of billed charges applies.; No services were performed during the 15 month look back period.,18160.12,,,,,,,Case Rate,". MPL 100/50/25% all add ons apply, and lesser of 100% of billed charges",18160.12,,,,,,,Case Rate,". MPL 100/50/25% all add ons apply, and lesser of 100% of billed charges",16624,,,,,,,Case Rate,". Primary procedure pays at 100%, secondary at 50%, all subsequent at 25%.  Lesser of applies when negotiated rates exceed charges less addons.",4701.27,,,,,,,Case Rate,"83% HF Fee schedule. ",12574,,,,,,,Case Rate,". Primary procedure pays at 100%, all subsequent at 50%.",12574,,,,,,,Case Rate,". Primary procedure pays at 100%, all subsequent at 50%.",21221,,,,,,,Case Rate,". MPL 100/50/25% all add ons apply, and lesser of 100% of billed charges",21221,,,,,,,Case Rate,". MPL 100/50/25% all add ons apply, and lesser of 100% of billed charges",12319.6,,,,,,,Case Rate,"100% Medicare OPPS FS. ",12319.6,,,,,,,Case Rate,"100% Medicare OPPS FS. ",12319.6,,,,,,,Case Rate,"100% Medicare OPPS FS. ",12319.6,,,,,,,Case Rate,"100% Medicare OPPS FS. ",18160.12,,,,,,,Case Rate,". MPL 100/50/25% all add ons apply, and lesser of 100% of billed charges",26526,,,,,,,Case Rate,". MPL 100/50/25% all add ons apply, and lesser of 100% of billed charges",26526,,,,,,,Case Rate,". MPL 100/50/25% all add ons apply, and lesser of 100% of billed charges",12319.6,,,,,,,Case Rate,"100% Medicare OPPS FS. ",21221,,,,,,,Case Rate,". MPL 100/50/25% all add ons apply, and lesser of 100% of billed charges",8427,,,,,,,Case Rate,". Primary procedure pays at 100%, all subsequent at 50%.",2352.23,,,,,,,Fee Schedule,"120 Percent of Medicaid APG. ",1960.19,,,,,,,Case Rate,"100 Percent of Medicaid APG. ",7163,,,,,,,Case Rate,". ",23873,,,,,,,Case Rate,". MPL 100/50/25% all add ons apply, and lesser of 100% of billed charges",23873,,,,,,,Case Rate,". MPL 100/50/25% all add ons apply, and lesser of 100% of billed charges",26526,,,,,,,Case Rate,". MPL 100/50/25% all add ons apply, and lesser of 100% of billed charges",6726,,,,,,,Case Rate,". MPL 100/75/50% all add ons apply, and lesser of 100% of billed charges",12319.6,,,,,,,Case Rate,"100%Medicare OPPS FS. ",2058.2,,,,,,,Fee Schedule,105 percent of Medicaid APG. otherwise 105% of Ordered NYS MCD FS or 105% of ASP+6%,2058.2,,,,,,,Fee Schedule,105 percent of Medicaid APG. otherwise 105% of Ordered NYS MCD FS or 105% of ASP+6%,2058.2,,,,,,,Fee Schedule,105 percent of Medicaid APG. otherwise 105% of Ordered NYS MCD FS or 105% of ASP+6%,2646.26,,,,,,,Fee Schedule,135 percent of Medicaid APG. otherwise 135% of Ordered NYS MCD FS or 135% of ASP+6%,18160.12,,,,,,,Case Rate,". MPL 100/50/25% all add ons apply, and lesser of 100% of billed charges",2058.2,,,,,,,Fee Schedule,105 percent of Medicaid APG. otherwise 105% of Ordered NYS MCD FS or 105% of ASP+6%,2058.2,,,,,,,Fee Schedule,105 percent of Medicaid APG. otherwise 105% of Ordered NYS MCD FS or 105% of ASP+6%,2058.2,,,,,,,Fee Schedule,105 percent of Medicaid APG. otherwise 105% of Ordered NYS MCD FS or 105% of ASP+6%,2058.2,,,,,,,Fee Schedule,105 percent of Medicaid APG. otherwise 105% of Ordered NYS MCD FS or 105% of ASP+6%,2058.2,,,,,,,Fee Schedule,105 percent of Medicaid APG. otherwise 105% of Ordered NYS MCD FS or 105% of ASP+6%,2646.26,,,,,,,Fee Schedule,135 percent of Medicaid APG. otherwise 135% of Ordered NYS MCD FS or 135% of ASP+6%,2646.26,,,,,,,Fee Schedule,135 percent of Medicaid APG. otherwise 135% of Ordered NYS MCD FS or 135% of ASP+6%,12319.6,,,,,,,Case Rate,"100% Medicare OPPS FS. ",18160.12,,,,,,,Case Rate,". MPL 100/50/25% all add ons apply, and lesser of 100% of billed charges",12319.6,,,,,,,Case Rate,"100% Medicare OPPS FS. ",2058.2,,,,,,,Fee Schedule,105 percent of Medicaid APG. otherwise 105% of Ordered NYS MCD FS or 105% of ASP+6%,26526,,,,,,,Case Rate,". MPL 100/50/25% all add ons apply, and lesser of 100% of billed charges",12319.6,,,,,,,Case Rate,"100% Medicare OPPS FS. ",26526,,,,,,,Case Rate,". MPL 100/50/25% all add ons apply, and lesser of 100% of billed charges",26526,,,,,,,Case Rate,". MPL 100/50/25% all add ons apply, and lesser of 100% of billed charges",26526,,,,,,,Case Rate,". MPL 100/50/25% all add ons apply, and lesser of 100% of billed charges",2058.2,,,,,,,Fee Schedule,105 percent of Medicaid APG. otherwise 105% of Ordered NYS MCD FS or 105% of ASP+6%,12319.6,,,,,,,Case Rate,"100% Medicare OPPS FS. ",26526,,,,,,,Case Rate,". MPL 100/50/25% all add ons apply, and lesser of 100% of billed charges",2646.26,,,,,,,Fee Schedule,135 percent of Medicaid APG. otherwise 135% of Ordered NYS MCD FS or 135% of ASP+6%,26526,,,,,,,Case Rate,". MPL 100/50/25% all add ons apply, and lesser of 100% of billed charges",61559.16,200,,,,,0,Case Rate,200% of Medicare OPPS. ; No services were performed during the 15 month look back period.,12319.6,,,,,,,Case Rate,"100%Medicare OPPS FS. ",7163,,,,,,,Case Rate,". ",7163,,,,,,,Case Rate,". ",7163,,,,,,,Case Rate,". ",7163,,,,,,,Case Rate,". ",7163,,,,,,,Case Rate,". ",8427,,,,,,,Case Rate,". Primary procedure pays at 100%, all subsequent at 50%.",8427,,,,,,,Case Rate,". Primary procedure pays at 100%, all subsequent at 50%.",7163,,,,,,,Case Rate,". ",7163,,,,,,,Case Rate,". ",7163,,,,,,,Case Rate,". ",7163,,,,,,,Case Rate,". ",7163,,,,,,,Case Rate,". ",12319.6,,,,,,,Case Rate,"100% Medicare OPPS FS. ",8427,,,,,,,Case Rate,". Primary procedure pays at 100%, all subsequent at 50%.",12319.6,,,,,,,Case Rate,"100% Medicare OPPS FS. ",4410.43,,,,,,,Case Rate,"225 Percent of Medicaid APG. If not included in Medicaid APG, then 100 Percent of Manhattan Medicare",1960.19,,,,,,,Case Rate,"100 Percent of Medicaid APG. ",18160.12,,,,,,,Case Rate,". MPL 100/50/25% all add ons apply, and lesser of 100% of billed charges",18160.12,,,,,,,Case Rate,". MPL 100/50/25% all add ons apply, and lesser of 100% of billed charges",12319.6,,,,,,,Case Rate,"100% Medicare OPPS FS. ",12574,,,,,,,Case Rate,". Primary procedure pays at 100%, all subsequent at 50%.",12319.6,,,,,,,Case Rate,"100% Medicare OPPS FS. ",12319.6,,,,,,,Case Rate,"100% Medicare OPPS FS. ",16624,,,,,,,Case Rate,". Primary procedure pays at 100%, secondary at 50%, all subsequent at 25%.  Lesser of applies when negotiated rates exceed charges less addons.",12319.6,,,,,,,Case Rate,"100% Medicare OPPS FS. ",6487,,,,,,,Case Rate,". MPL 100/50/25% maxmium of 3 procedures. All add ons apply, and lesser of 100% of billed charges",12319.6,,,,,,,Case Rate,"100% Medicare OPPS FS. ",6487,,,,,,,Case Rate,". MPL 100/50/25% maxmium of 3 procedures. All add ons apply, and lesser of 100% of billed charges",16624,,,,,,,Case Rate,". Primary procedure pays at 100%, secondary at 50%, all subsequent at 25%.  Lesser of applies when negotiated rates exceed charges less addons.",6487,,,,,,,Case Rate,". MPL 100/50/25% maxmium of 3 procedures. All add ons apply, and lesser of 100% of billed charges",12319.6,,,,,,,Case Rate,"100% Medicare OPPS FS. ",1960.19,,,,,,,Case Rate,"100 Percent of Medicaid APG. ",12319.6,,,,,,,Case Rate,"100% Medicare OPPS FS. ",6487,,,,,,,Case Rate,". MPL 100/50/25% maxmium of 3 procedures. All add ons apply, and lesser of 100% of billed charges",18160.12,,,,,,,Case Rate,". MPL 100/50/25% all add ons apply, and lesser of 100% of billed charges",1960.19,,,,,,,Case Rate,"100 Percent of Medicaid APG. ",26526,,,,,,,Case Rate,". MPL 100/50/25% all add ons apply, and lesser of 100% of billed charges",2352.23,,,,,,,Fee Schedule,"120 Percent of Medicaid APG. ",2352.23,,,,,,,Fee Schedule,"120 Percent of Medicaid APG. ",26526,,,,,,,Case Rate,". MPL 100/50/25% all add ons apply, and lesser of 100% of billed charges",26526,,,,,,,Case Rate,". MPL 100/50/25% all add ons apply, and lesser of 100% of billed charges",26526,,,,,,,Case Rate,". MPL 100/50/25% all add ons apply, and lesser of 100% of billed charges",18160.12,,,,,,,Case Rate,". MPL 100/50/25% all add ons apply, and lesser of 100% of billed charges",26526,,,,,,,Case Rate,". MPL 100/50/25% all add ons apply, and lesser of 100% of billed charges",26526,,,,,,,Case Rate,". MPL 100/50/25% all add ons apply, and lesser of 100% of billed charges",26526,,,,,,,Case Rate,". MPL 100/50/25% all add ons apply, and lesser of 100% of billed charges",7163,,,,,,,Case Rate,". ",7163,,,,,,,Case Rate,". ",24392.8,,,,,,,Case Rate,198 Percent of Medicare OPPS. Metroplus will reimburse unlisted codes and described codes with no Medicare rate at 50 percent of charges.,1960.19,,,,,,,Case Rate,"100 Percent of Medicaid APG. ",18160.12,,,,,,,Case Rate,". MPL 100/50/25% all add ons apply, and lesser of 100% of billed charges",6487,,,,,,,Case Rate,". MPL 100/50/25% maxmium of 3 procedures. All add ons apply, and lesser of 100% of billed charges",16624,,,,,,,Case Rate,". Primary procedure pays at 100%, secondary at 50%, all subsequent at 25%.  Lesser of applies when negotiated rates exceed charges less addons.",18160.12,,,,,,,Case Rate,". MPL 100/50/25% all add ons apply, and lesser of 100% of billed charges",16624,,,,,,,Case Rate,". Primary procedure pays at 100%, secondary at 50%, all subsequent at 25%.  Lesser of applies when negotiated rates exceed charges less addons.",18160.12,,,,,,,Case Rate,". MPL 100/50/25% all add ons apply, and lesser of 100% of billed charges",26526,,,,,,,Case Rate,". MPL 100/50/25% all add ons apply, and lesser of 100% of billed charges",26526,,,,,,,Case Rate,". MPL 100/50/25% all add ons apply, and lesser of 100% of billed charges",26526,,,,,,,Case Rate,". MPL 100/50/25% all add ons apply, and lesser of 100% of billed charges",26526,,,,,,,Case Rate,". MPL 100/50/25% all add ons apply, and lesser of 100% of billed charges",12319.6,,,,,,,Case Rate,"100% Medicare OPPS FS. ",1009.54,61559.16,
57511,CPT,2023690,LOCAL,361,RC,HC CAUTERY CERVIX CRYOCAUTERY INITIAL/REPEAT,2459.68,467.3392,both,,,,1352,,,,,,,Case Rate,". MPL 1st 100% of Payment Rate 50% of all others, all add ons apply, and lesser of 100% of billed charges.",1352,,,,,,,Case Rate,". MPL 1st 100% of Payment Rate 50% of all others, all add ons apply, and lesser of 100% of billed charges.",6593,,,,,,,Case Rate,". Primary procedure pays at 100%, secondary at 50%, all subsequent at 25%.  Lesser of applies when negotiated rates exceed charges less addons.",2459.68,100,,,,,0,percent of total billed charges,100 percent of billed charges. ; No services were performed during the 15 month look back period.,359.95,,,,,,,Case Rate,"100% Medicare OPPS FS. ",6593,,,,,,,Case Rate,". Primary procedure pays at 100%, secondary at 50%, all subsequent at 25%.  Lesser of applies when negotiated rates exceed charges less addons.",6593,,,,,,,Case Rate,". Primary procedure pays at 100%, secondary at 50%, all subsequent at 25%.  Lesser of applies when negotiated rates exceed charges less addons.",6593,,,,,,,Case Rate,". Primary procedure pays at 100%, secondary at 50%, all subsequent at 25%.  Lesser of applies when negotiated rates exceed charges less addons.",993.29,,,,,,,Case Rate,"100 Percent of Medicaid APG. ",827.74,,,,,,,Case Rate,"100 Percent of Medicaid APG. ",1918.5504,78,,,,,0,percent of total billed charges,78% of Billed Charges. Lesser of 100% of billed charges applies.; No services were performed during the 15 month look back period.,4923.38,,,,,,,Case Rate,". MPL 100/50/25% all add ons apply, and lesser of 100% of billed charges",827.74,,,,,,,Case Rate,"100 Percent of Medicaid APG. ",359.95,,,,,,,Case Rate,"100% Medicare OPPS FS. ",6487,,,,,,,Case Rate,". MPL 100/50/25% maxmium of 3 procedures. All add ons apply, and lesser of 100% of billed charges",6487,,,,,,,Case Rate,". MPL 100/50/25% maxmium of 3 procedures. All add ons apply, and lesser of 100% of billed charges",6487,,,,,,,Case Rate,". MPL 100/50/25% maxmium of 3 procedures. All add ons apply, and lesser of 100% of billed charges",6487,,,,,,,Case Rate,". MPL 100/50/25% maxmium of 3 procedures. All add ons apply, and lesser of 100% of billed charges",827.74,,,,,,,Case rate,124 Percent of Medicaid APG. Covered services not payable under Medicaid Fee Schedules default to a payment of 50 percent of charges.,359.95,,,,,,,Case Rate,"100% Medicare OPPS FS. ",827.74,,,,,,,Case rate,124 Percent of Medicaid APG. Covered services not payable under Medicaid Fee Schedules default to a payment of 50 percent of charges.,1918.5504,78,,,,,0,percent of total billed charges,78% of Billed Charges. Lesser of 100% of billed charges applies.; No services were performed during the 15 month look back period.,6593,,,,,,,Case Rate,". Primary procedure pays at 100%, secondary at 50%, all subsequent at 25%.  Lesser of applies when negotiated rates exceed charges less addons.",359.95,,,,,,,Case Rate,"100%Medicare OPPS FS. ",1795.5664,73,,,,,0,percent of total billed charges,73 percent of billed charges; No services were performed during the 15 month look back period.,359.95,,,,,,,Case Rate,"100%Medicare OPPS FS. ",359.95,,,,,,,Case Rate,"100%Medicare OPPS FS. ",1918.5504,78,,,,,0,percent of total billed charges,78% of Billed Charges. Lesser of 100% of billed charges applies.; No services were performed during the 15 month look back period.,92.33,,,,,,,Case Rate,100% of PAS. Lesser of 100% of billed charges applies.,92.33,,,,,,,Case Rate,100% of PAS. Lesser of 100% of billed charges applies.,827.74,,,,,,,Case rate,"100 Percent of Medicaid APG. ",827.74,,,,,,,Case rate,"100 Percent of Medicaid APG. ",1795.5664,73,,,,,0,percent of total billed charges,73 percent of billed charges; No services were performed during the 15 month look back period.,1795.5664,73,,,,,0,percent of total billed charges,73 percent of billed charges; No services were performed during the 15 month look back period.,827.74,,,,,,,Case Rate,"100 Percent of Medicaid APG. Not APG payable, or payable under another fee schedule like ASP/AWP pays at 30% of charges",1795.5664,73,,,,,0,percent of total billed charges,73 percent of billed charges; No services were performed during the 15 month look back period.,827.74,,,,,,,Case Rate,"100 Percent of Medicaid APG. Not APG payable, or payable under another fee schedule like ASP/AWP pays at 30% of charges",359.95,,,,,,,Case Rate,"100%Medicare OPPS FS. ",1795.5664,73,,,,,0,percent of total billed charges,73 percent of billed charges; No services were performed during the 15 month look back period.,1918.5504,78,,,,,0,percent of total billed charges,78% of Billed Charges. Lesser of 100% of billed charges applies.; No services were performed during the 15 month look back period.,827.74,,,,,,,Case Rate,"100 Percent of Medicaid APG. ",827.74,,,,,,,Case Rate,"100 Percent of Medicaid APG. ",1918.5504,78,,,,,0,percent of total billed charges,78% of Billed Charges. Lesser of 100% of billed charges applies.; No services were performed during the 15 month look back period.,6487,,,,,,,Case Rate,". MPL 100/50/25% maxmium of 3 procedures. All add ons apply, and lesser of 100% of billed charges",4500,,,,,,,Case Rate,". MPL 100/50/25% all add ons apply, and lesser of 100% of billed charges",4500,,,,,,,Case Rate,". MPL 100/50/25% all add ons apply, and lesser of 100% of billed charges",1918.5504,78,,,,,0,percent of total billed charges,78% of Billed Charges. Lesser of 100% of billed charges applies.; No services were performed during the 15 month look back period.,359.95,,,,,,,Case Rate,"100% Medicare OPPS FS. ",4923.38,,,,,,,Case Rate,". MPL 100/50/25% all add ons apply, and lesser of 100% of billed charges",4923.38,,,,,,,Case Rate,". MPL 100/50/25% all add ons apply, and lesser of 100% of billed charges",4923.38,,,,,,,Case Rate,". MPL 100/50/25% all add ons apply, and lesser of 100% of billed charges",359.95,,,,,,,Case Rate,"100% Medicare OPPS FS. ",4923.38,,,,,,,Case Rate,". MPL 100/50/25% all add ons apply, and lesser of 100% of billed charges",4923.38,,,,,,,Case Rate,". MPL 100/50/25% all add ons apply, and lesser of 100% of billed charges",359.95,,,,,,,Case Rate,"100% of Medicare OPPS. ",25798,,,,,,,Case Rate,". MPL 100/75/50% all add ons apply, and lesser of 100% of billed charges",4100,,,,,,,Case Rate,". MPL 100/50/25% all add ons apply, and lesser of 100% of billed charges",4100,,,,,,,Case Rate,". MPL 100/50/25% all add ons apply, and lesser of 100% of billed charges",4100,,,,,,,Case Rate,". MPL 100/50/25% all add ons apply, and lesser of 100% of billed charges",4100,,,,,,,Case Rate,". MPL 100/50/25% all add ons apply, and lesser of 100% of billed charges",4100,,,,,,,Case Rate,". MPL 100/50/25% all add ons apply, and lesser of 100% of billed charges",4100,,,,,,,Case Rate,". MPL 100/50/25% all add ons apply, and lesser of 100% of billed charges",359.95,,,,,,,Case Rate,"100% Medicare OPPS FS. ",359.95,,,,,,,Case Rate,"100% Medicare OPPS FS. ",4100,,,,,,,Case Rate,". MPL 100/50/25% all add ons apply, and lesser of 100% of billed charges",1918.5504,78,,,,,0,percent of total billed charges,78% of Billed Charges. Lesser of 100% of billed charges applies.; No services were performed during the 15 month look back period.,1918.5504,78,,,,,0,percent of total billed charges,78% of Billed Charges. Lesser of 100% of billed charges applies.; No services were performed during the 15 month look back period.,1918.5504,78,,,,,0,percent of total billed charges,78% of Billed Charges. Lesser of 100% of billed charges applies.; No services were performed during the 15 month look back period.,1918.5504,78,,,,,0,percent of total billed charges,78% of Billed Charges. Lesser of 100% of billed charges applies.; No services were performed during the 15 month look back period.,1918.5504,78,,,,,0,percent of total billed charges,78% of Billed Charges. Lesser of 100% of billed charges applies.; No services were performed during the 15 month look back period.,1918.5504,78,,,,,0,percent of total billed charges,78% of Billed Charges. Lesser of 100% of billed charges applies.; No services were performed during the 15 month look back period.,1918.5504,78,,,,,0,percent of total billed charges,78% of Billed Charges. Lesser of 100% of billed charges applies.; No services were performed during the 15 month look back period.,1918.5504,78,,,,,0,percent of total billed charges,78% of Billed Charges. Lesser of 100% of billed charges applies.; No services were performed during the 15 month look back period.,1918.5504,78,,,,,0,percent of total billed charges,78% of Billed Charges. Lesser of 100% of billed charges applies.; No services were performed during the 15 month look back period.,1918.5504,78,,,,,0,percent of total billed charges,78% of Billed Charges. Lesser of 100% of billed charges applies.; No services were performed during the 15 month look back period.,1918.5504,78,,,,,0,percent of total billed charges,78% of Billed Charges. Lesser of 100% of billed charges applies.; No services were performed during the 15 month look back period.,1918.5504,78,,,,,0,percent of total billed charges,78% of Billed Charges. Lesser of 100% of billed charges applies.; No services were performed during the 15 month look back period.,1918.5504,78,,,,,0,percent of total billed charges,78% of Billed Charges. Lesser of 100% of billed charges applies.; No services were performed during the 15 month look back period.,1918.5504,78,,,,,0,percent of total billed charges,78% of Billed Charges. Lesser of 100% of billed charges applies.; No services were performed during the 15 month look back period.,1918.5504,78,,,,,0,percent of total billed charges,78% of Billed Charges. Lesser of 100% of billed charges applies.; No services were performed during the 15 month look back period.,1918.5504,78,,,,,0,percent of total billed charges,78% of Billed Charges. Lesser of 100% of billed charges applies.; No services were performed during the 15 month look back period.,1918.5504,78,,,,,0,percent of total billed charges,78% of Billed Charges. Lesser of 100% of billed charges applies.; No services were performed during the 15 month look back period.,1918.5504,78,,,,,0,percent of total billed charges,78% of Billed Charges. Lesser of 100% of billed charges applies.; No services were performed during the 15 month look back period.,1918.5504,78,,,,,0,percent of total billed charges,78% of Billed Charges. Lesser of 100% of billed charges applies.; No services were performed during the 15 month look back period.,1918.5504,78,,,,,0,percent of total billed charges,78% of Billed Charges. Lesser of 100% of billed charges applies.; No services were performed during the 15 month look back period.,1918.5504,78,,,,,0,percent of total billed charges,78% of Billed Charges. Lesser of 100% of billed charges applies.; No services were performed during the 15 month look back period.,1918.5504,78,,,,,0,percent of total billed charges,78% of Billed Charges. Lesser of 100% of billed charges applies.; No services were performed during the 15 month look back period.,1918.5504,78,,,,,0,percent of total billed charges,78% of Billed Charges. Lesser of 100% of billed charges applies.; No services were performed during the 15 month look back period.,1918.5504,78,,,,,0,percent of total billed charges,78% of Billed Charges. Lesser of 100% of billed charges applies.; No services were performed during the 15 month look back period.,1918.5504,78,,,,,0,percent of total billed charges,78% of Billed Charges. Lesser of 100% of billed charges applies.; No services were performed during the 15 month look back period.,1918.5504,78,,,,,0,percent of total billed charges,78% of Billed Charges. Lesser of 100% of billed charges applies.; No services were performed during the 15 month look back period.,1795.5664,73,,,,,0,percent of total billed charges,73 percent of billed charges; No services were performed during the 15 month look back period.,1795.5664,73,,,,,0,percent of total billed charges,73 percent of billed charges; No services were performed during the 15 month look back period.,1795.5664,73,,,,,0,percent of total billed charges,73 percent of billed charges; No services were performed during the 15 month look back period.,1795.5664,73,,,,,0,percent of total billed charges,73 percent of billed charges; No services were performed during the 15 month look back period.,12574,,,,,,,Case Rate,". Primary procedure pays at 100%, all subsequent at 50%.",12574,,,,,,,Case Rate,". Primary procedure pays at 100%, all subsequent at 50%.",6487,,,,,,,Case Rate,". MPL 100/50/25% maxmium of 3 procedures. All add ons apply, and lesser of 100% of billed charges",4100,,,,,,,Case Rate,". MPL 100/50/25% all add ons apply, and lesser of 100% of billed charges",4923.38,,,,,,,Case Rate,". MPL 100/50/25% all add ons apply, and lesser of 100% of billed charges",4100,,,,,,,Case Rate,". MPL 100/50/25% all add ons apply, and lesser of 100% of billed charges",1918.5504,78,,,,,0,percent of total billed charges,78% of Billed Charges. Lesser of 100% of billed charges applies.; No services were performed during the 15 month look back period.,12574,,,,,,,Case Rate,". Primary procedure pays at 100%, all subsequent at 50%.",4100,,,,,,,Case Rate,". MPL 100/50/25% all add ons apply, and lesser of 100% of billed charges",4923.38,,,,,,,Case Rate,". MPL 100/50/25% all add ons apply, and lesser of 100% of billed charges",6487,,,,,,,Case Rate,". MPL 100/50/25% maxmium of 3 procedures. All add ons apply, and lesser of 100% of billed charges",,,,,,,,,"NA. ",1918.5504,78,,,,,0,percent of total billed charges,78% of Billed Charges. Lesser of 100% of billed charges applies.; No services were performed during the 15 month look back period.,827.74,,,,,,,Case Rate,"100 Percent of Medicaid APG. ",1795.5664,73,,,,,0,percent of total billed charges,73 percent of billed charges; No services were performed during the 15 month look back period.,827.74,,,,,,,Case Rate,"100 Percent of Medicaid APG. Not APG payable, or payable under another fee schedule like ASP/AWP pays at 30% of charges",359.95,,,,,,,Case Rate,"100%Medicare OPPS FS. ",359.95,,,,,,,Case Rate,"100% Medicare OPPS FS. ",25798,,,,,,,Case Rate,". MPL 100/75/50% all add ons apply, and lesser of 100% of billed charges",359.95,,,,,,,Case Rate,"100% Medicare OPPS FS. ",359.95,,,,,,,Case Rate,"100% Medicare OPPS FS. ",827.74,,,,,,,Case Rate,"100 Percent of Medicaid APG. ",359.95,,,,,,,Case Rate,"100% Medicare OPPS FS. ",359.95,,,,,,,Case Rate,"100% Medicare OPPS FS. ",6593,,,,,,,Case Rate,". Primary procedure pays at 100%, secondary at 50%, all subsequent at 25%.  Lesser of applies when negotiated rates exceed charges less addons.",6593,,,,,,,Case Rate,". Primary procedure pays at 100%, secondary at 50%, all subsequent at 25%.  Lesser of applies when negotiated rates exceed charges less addons.",359.95,,,,,,,Case Rate,"100% Medicare OPPS FS. ",6487,,,,,,,Case Rate,". MPL 100/50/25% maxmium of 3 procedures. All add ons apply, and lesser of 100% of billed charges",4923.38,,,,,,,Case Rate,". MPL 100/50/25% all add ons apply, and lesser of 100% of billed charges",4923.38,,,,,,,Case Rate,". MPL 100/50/25% all add ons apply, and lesser of 100% of billed charges",359.95,,,,,,,Case Rate,"100% Medicare OPPS FS. ",6487,,,,,,,Case Rate,". MPL 100/50/25% maxmium of 3 procedures. All add ons apply, and lesser of 100% of billed charges",6593,,,,,,,Case Rate,". Primary procedure pays at 100%, secondary at 50%, all subsequent at 25%.  Lesser of applies when negotiated rates exceed charges less addons.",6593,,,,,,,Case Rate,". Primary procedure pays at 100%, secondary at 50%, all subsequent at 25%.  Lesser of applies when negotiated rates exceed charges less addons.",6593,,,,,,,Case Rate,". Primary procedure pays at 100%, secondary at 50%, all subsequent at 25%.  Lesser of applies when negotiated rates exceed charges less addons.",1918.5504,78,,,,,0,percent of total billed charges,78% of Billed Charges. Lesser of 100% of billed charges applies.; No services were performed during the 15 month look back period.,1918.5504,78,,,,,0,percent of total billed charges,78% of Billed Charges. Lesser of 100% of billed charges applies.; No services were performed during the 15 month look back period.,1918.5504,78,,,,,0,percent of total billed charges,78% of Billed Charges. Lesser of 100% of billed charges applies.; No services were performed during the 15 month look back period.,1918.5504,78,,,,,0,percent of total billed charges,78% of Billed Charges. Lesser of 100% of billed charges applies.; No services were performed during the 15 month look back period.,1918.5504,78,,,,,0,percent of total billed charges,78% of Billed Charges. Lesser of 100% of billed charges applies.; No services were performed during the 15 month look back period.,1918.5504,78,,,,,0,percent of total billed charges,78% of Billed Charges. Lesser of 100% of billed charges applies.; No services were performed during the 15 month look back period.,1918.5504,78,,,,,0,percent of total billed charges,78% of Billed Charges. Lesser of 100% of billed charges applies.; No services were performed during the 15 month look back period.,1918.5504,78,,,,,0,percent of total billed charges,78% of Billed Charges. Lesser of 100% of billed charges applies.; No services were performed during the 15 month look back period.,1918.5504,78,,,,,0,percent of total billed charges,78% of Billed Charges. Lesser of 100% of billed charges applies.; No services were performed during the 15 month look back period.,1918.5504,78,,,,,0,percent of total billed charges,78% of Billed Charges. Lesser of 100% of billed charges applies.; No services were performed during the 15 month look back period.,1918.5504,78,,,,,0,percent of total billed charges,78% of Billed Charges. Lesser of 100% of billed charges applies.; No services were performed during the 15 month look back period.,12574,,,,,,,Case Rate,". Primary procedure pays at 100%, all subsequent at 50%.",4100,,,,,,,Case Rate,". MPL 100/50/25% all add ons apply, and lesser of 100% of billed charges",6487,,,,,,,Case Rate,". MPL 100/50/25% maxmium of 3 procedures. All add ons apply, and lesser of 100% of billed charges",359.95,,,,,,,Case Rate,"100% Medicare OPPS FS. ",6593,,,,,,,Case Rate,". Primary procedure pays at 100%, secondary at 50%, all subsequent at 25%.  Lesser of applies when negotiated rates exceed charges less addons.",6487,,,,,,,Case Rate,". MPL 100/50/25% maxmium of 3 procedures. All add ons apply, and lesser of 100% of billed charges",6487,,,,,,,Case Rate,". MPL 100/50/25% maxmium of 3 procedures. All add ons apply, and lesser of 100% of billed charges",1918.5504,78,,,,,0,percent of total billed charges,78% of Billed Charges. Lesser of 100% of billed charges applies.; No services were performed during the 15 month look back period.,1771.36,,,,,,,Case Rate,"214 Percent of Medicaid APG. Drugs not priced under APG, billed with revenue code 636 and not priced by Medicare ASP FeeSched will be reimbursed at 20% of charges.",6487,,,,,,,Case Rate,". MPL 100/50/25% maxmium of 3 procedures. All add ons apply, and lesser of 100% of billed charges",827.74,,,,,,,Case Rate,"100 Percent of Medicaid APG. ",359.95,,,,,,,Case Rate,"100% Medicare OPPS FS. ",359.95,,,,,,,Case Rate,"100% Medicare OPPS FS. ",359.95,,,,,,,Case Rate,"100% Medicare OPPS FS. ",359.95,,,,,,,Case Rate,"100% Medicare OPPS FS. ",359.95,,,,,,,Case Rate,"100% Medicare OPPS FS. ",359.95,,,,,,,Case Rate,"100% Medicare OPPS FS. ",6487,,,,,,,Case Rate,". MPL 100/50/25% maxmium of 3 procedures. All add ons apply, and lesser of 100% of billed charges",25798,,,,,,,Case Rate,". MPL 100/75/50% all add ons apply, and lesser of 100% of billed charges",1489.93,,,,,,,Fee Schedule,"180 Percent of Medicaid APG. ",1489.93,,,,,,,Fee Schedule,"180 Percent of Medicaid APG. ",1489.93,,,,,,,Fee Schedule,"180 Percent of Medicaid APG. ",1489.93,,,,,,,Fee Schedule,"180 Percent of Medicaid APG. ",1489.93,,,,,,,Fee Schedule,"180 Percent of Medicaid APG. ",,,,,,,,,"NA. ",25798,,,,,,,Case Rate,". MPL 100/75/50% all add ons apply, and lesser of 100% of billed charges",712.7,,,,,,,Case Rate,198 Percent of Medicare OPPS. Metroplus will reimburse unlisted codes and described codes with no Medicare rate at 50 percent of charges.,712.7,,,,,,,Case Rate,198 Percent of Medicare OPPS. Metroplus will reimburse unlisted codes and described codes with no Medicare rate at 50 percent of charges.,712.7,,,,,,,Case Rate,198 Percent of Medicare OPPS. Metroplus will reimburse unlisted codes and described codes with no Medicare rate at 50 percent of charges.,712.7,,,,,,,Case Rate,198 Percent of Medicare OPPS. Metroplus will reimburse unlisted codes and described codes with no Medicare rate at 50 percent of charges.,712.7,,,,,,,Case Rate,198 Percent of Medicare OPPS. Metroplus will reimburse unlisted codes and described codes with no Medicare rate at 50 percent of charges.,359.95,,,,,,,Case Rate,"100% Medicare OPPS FS. ",12574,,,,,,,Case Rate,". Primary procedure pays at 100%, all subsequent at 50%.",12574,,,,,,,Case Rate,". Primary procedure pays at 100%, all subsequent at 50%.",12574,,,,,,,Case Rate,". Primary procedure pays at 100%, all subsequent at 50%.",12574,,,,,,,Case Rate,". Primary procedure pays at 100%, all subsequent at 50%.",6593,,,,,,,Case Rate,". Primary procedure pays at 100%, secondary at 50%, all subsequent at 25%.  Lesser of applies when negotiated rates exceed charges less addons.",6593,,,,,,,Case Rate,". Primary procedure pays at 100%, secondary at 50%, all subsequent at 25%.  Lesser of applies when negotiated rates exceed charges less addons.",6593,,,,,,,Case Rate,". Primary procedure pays at 100%, secondary at 50%, all subsequent at 25%.  Lesser of applies when negotiated rates exceed charges less addons.",6593,,,,,,,Case Rate,". Primary procedure pays at 100%, secondary at 50%, all subsequent at 25%.  Lesser of applies when negotiated rates exceed charges less addons.",25798,,,,,,,Case Rate,". MPL 100/75/50% all add ons apply, and lesser of 100% of billed charges",25798,,,,,,,Case Rate,". MPL 100/75/50% all add ons apply, and lesser of 100% of billed charges",359.95,,,,,,,Case Rate,"100% Medicare OPPS FS. ",359.95,,,,,,,Case Rate,"100% Medicare OPPS FS. ",359.95,,,,,,,Case Rate,"100% Medicare OPPS FS. ",4100,,,,,,,Case Rate,". MPL 100/50/25% all add ons apply, and lesser of 100% of billed charges",4100,,,,,,,Case Rate,". MPL 100/50/25% all add ons apply, and lesser of 100% of billed charges",4100,,,,,,,Case Rate,". MPL 100/50/25% all add ons apply, and lesser of 100% of billed charges",25798,,,,,,,Case Rate,". MPL 100/75/50% all add ons apply, and lesser of 100% of billed charges",6593,,,,,,,Case Rate,". Primary procedure pays at 100%, secondary at 50%, all subsequent at 25%.  Lesser of applies when negotiated rates exceed charges less addons.",359.95,,,,,,,Case Rate,"100% Medicare OPPS FS. ",4100,,,,,,,Case Rate,". MPL 100/50/25% all add ons apply, and lesser of 100% of billed charges",827.74,,,,,,,Case Rate,"100 Percent of Medicaid APG. ",367.15,,,,,,,Case Rate,"102% of Medicare OPPS. ",367.15,,,,,,,Case Rate,"102% of Medicare OPPS. ",367.15,,,,,,,Case Rate,"102% of Medicare OPPS. ",827.74,,,,,,,Case rate,"100 Percent of Medicaid APG. ",1862.41,,,,,,,Case Rate,225% of NYS APG. Lesser of 100% of billed charges applies.,1862.41,,,,,,,Case Rate,225% of NYS APG. Lesser of 100% of billed charges applies.,1862.41,,,,,,,Case Rate,225% of NYS APG. Lesser of 100% of billed charges applies.,1862.41,,,,,,,Case Rate,225% of NYS APG. Lesser of 100% of billed charges applies.,1862.41,,,,,,,Case Rate,225% of NYS APG. Lesser of 100% of billed charges applies.,367.15,,,,,,,Case Rate,"102% of Medicare OPPS. ",827.74,,,,,,,Case Rate,"100 Percent of Medicaid APG. ",92.33,,,,,,,Case Rate,100% of PAS. Lesser of 100% of billed charges applies.,1862.41,,,,,,,Case Rate,225% of NYS APG. Lesser of 100% of billed charges applies.,1862.41,,,,,,,Case Rate,225% of NYS APG. Lesser of 100% of billed charges applies.,92.33,,,,,,,Case Rate,100% of PAS. Lesser of 100% of billed charges applies.,92.33,,,,,,,Case Rate,100% of PAS. Lesser of 100% of billed charges applies.,1489.93,,,,,,,Fee Schedule,"180 Percent of Medicaid APG. ",359.95,,,,,,,Case Rate,"100% Medicare OPPS FS. ",359.95,,,,,,,Case Rate,"100% Medicare OPPS FS. ",6593,,,,,,,Case Rate,". Primary procedure pays at 100%, secondary at 50%, all subsequent at 25%.  Lesser of applies when negotiated rates exceed charges less addons.",359.95,,,,,,,Case Rate,"100% Medicare OPPS FS. ",1862.41,,,,,,,Case Rate,"225 Percent of Medicaid APG. ",1862.41,,,,,,,Case Rate,"225 Percent of Medicaid APG. ",827.74,,,,,,,Case rate,"100 Percent of Medicaid APG. ",827.74,,,,,,,Case rate,"100 Percent of Medicaid APG. ",1862.41,,,,,,,Case Rate,225 Percent of Medicaid APG. Covered services not payable under Medicaid Fee Schedules default to a payment of 87.5 percent of charges.,827.74,,,,,,,Case rate,124 Percent of Medicaid APG. Covered services not payable under Medicaid Fee Schedules default to a payment of 50 percent of charges.,1862.41,,,,,,,Case Rate,"100 Percent of Medicaid APG. ",1862.41,,,,,,,Case Rate,"100 Percent of Medicaid APG. ",1862.41,,,,,,,Case Rate,"100 Percent of Medicaid APG. ",1862.41,,,,,,,Case Rate,"100 Percent of Medicaid APG. ",13453,,,,,,,Case Rate,". MPL 100/75/50% all add ons apply, and lesser of 100% of billed charges",25798,,,,,,,Case Rate,". MPL 100/75/50% all add ons apply, and lesser of 100% of billed charges",993.29,,,,,,,Case Rate,"120 Percent of Medicaid APG. Not APG payable, or payable under another fee schedule like ASP/AWP pays at 30% of charges",993.29,,,,,,,Case Rate,"120 Percent of Medicaid APG. Not APG payable, or payable under another fee schedule like ASP/AWP pays at 30% of charges",827.74,,,,,,,Case Rate,"100 Percent of Medicaid APG. Not APG payable, or payable under another fee schedule like ASP/AWP pays at 30% of charges",827.74,,,,,,,Case Rate,"100 Percent of Medicaid APG. Not APG payable, or payable under another fee schedule like ASP/AWP pays at 30% of charges",4100,,,,,,,Case Rate,". MPL 100/50/25% all add ons apply, and lesser of 100% of billed charges",4100,,,,,,,Case Rate,". MPL 100/50/25% all add ons apply, and lesser of 100% of billed charges",359.95,,,,,,,Case Rate,"100% Medicare OPPS FS. ",4100,,,,,,,Case Rate,". MPL 100/50/25% all add ons apply, and lesser of 100% of billed charges",4100,,,,,,,Case Rate,". MPL 100/50/25% all add ons apply, and lesser of 100% of billed charges",4100,,,,,,,Case Rate,". MPL 100/50/25% all add ons apply, and lesser of 100% of billed charges",4100,,,,,,,Case Rate,". MPL 100/50/25% all add ons apply, and lesser of 100% of billed charges",359.95,,,,,,,Case Rate,"100% Medicare OPPS FS. ",4100,,,,,,,Case Rate,". MPL 100/50/25% all add ons apply, and lesser of 100% of billed charges",4100,,,,,,,Case Rate,". MPL 100/50/25% all add ons apply, and lesser of 100% of billed charges",6593,,,,,,,Case Rate,". Primary procedure pays at 100%, secondary at 50%, all subsequent at 25%.  Lesser of applies when negotiated rates exceed charges less addons.",827.74,,,,,,,Fee Schedule,100% APG. Lesser of 100% of billed charges applies.,827.74,,,,,,,Case rate,124 Percent of Medicaid APG. Covered services not payable under Medicaid Fee Schedules default to a payment of 50 percent of charges.,1862.41,,,,,,,Case Rate,225% of NYS APG. Lesser of 100% of billed charges applies.,1862.41,,,,,,,Case Rate,225 Percent of Medicaid APG. Covered services not payable under Medicaid Fee Schedules default to a payment of 87.5 percent of charges.,827.74,,,,,,,Case rate,124 Percent of Medicaid APG. Covered services not payable under Medicaid Fee Schedules default to a payment of 50 percent of charges.,1862.41,,,,,,,Case Rate,225% of NYS APG. Lesser of 100% of billed charges applies.,1862.41,,,,,,,Case Rate,225% of NYS APG. Lesser of 100% of billed charges applies.,1862.41,,,,,,,Case Rate,225% of NYS APG. Lesser of 100% of billed charges applies.,1862.41,,,,,,,Case Rate,225% of NYS APG. Lesser of 100% of billed charges applies.,1862.41,,,,,,,Case Rate,225% of NYS APG. Lesser of 100% of billed charges applies.,1862.41,,,,,,,Case Rate,225% of NYS APG. Lesser of 100% of billed charges applies.,,,,,,,,,"NA. ",,,,,,,,,"NA. ",,,,,,,,,"NA. ",6487,,,,,,,Case Rate,". MPL 100/50/25% maxmium of 3 procedures. All add ons apply, and lesser of 100% of billed charges",,,,,,,,,"NA. ",359.95,,,,,,,Case Rate,"100% Medicare OPPS FS. ",1352,,,,,,,Case Rate,". MPL 1st 100% of Payment Rate 50% of all others, all add ons apply, and lesser of 100% of billed charges.",359.95,,,,,,,Case Rate,"100% Medicare OPPS FS. ",359.95,,,,,,,Case Rate,"100% Medicare OPPS FS. ",993.29,,,,,,,Case Rate,"120 Percent of Medicaid APG. Not APG payable, or payable under another fee schedule like ASP/AWP pays at 30% of charges",993.29,,,,,,,Case Rate,"120 Percent of Medicaid APG. Not APG payable, or payable under another fee schedule like ASP/AWP pays at 30% of charges",827.74,,,,,,,Case Rate,"100 Percent of Medicaid APG. Not APG payable, or payable under another fee schedule like ASP/AWP pays at 30% of charges",827.74,,,,,,,Case Rate,"100 Percent of Medicaid APG. Not APG payable, or payable under another fee schedule like ASP/AWP pays at 30% of charges",827.74,,,,,,,Case Rate,"100 Percent of Medicaid APG. ",1795.5664,73,,,,,0,percent of total billed charges,73 percent of billed charges; No services were performed during the 15 month look back period.,6593,,,,,,,Case Rate,". Primary procedure pays at 100%, secondary at 50%, all subsequent at 25%.  Lesser of applies when negotiated rates exceed charges less addons.",1795.5664,73,,,,,0,percent of total billed charges,73 percent of billed charges; No services were performed during the 15 month look back period.,6487,,,,,,,Case Rate,". MPL 100/50/25% maxmium of 3 procedures. All add ons apply, and lesser of 100% of billed charges",359.95,,,,,,,Case Rate,"100%Medicare OPPS FS. ",359.95,,,,,,,Case Rate,"100% Medicare OPPS FS. ",359.95,,,,,,,Case Rate,"100% Medicare OPPS FS. ",359.95,,,,,,,Case Rate,"100% Medicare OPPS FS. ",359.95,,,,,,,Case Rate,"100%Medicare OPPS FS. ",359.95,,,,,,,Case Rate,"100% Medicare OPPS FS. ",,,,,,,,,"NA. ",1862.41,,,,,,,Case Rate,225% of NYS APG. Lesser of 100% of billed charges applies.,92.33,,,,,,,Case Rate,100% of PAS. Lesser of 100% of billed charges applies.,4100,,,,,,,Case Rate,". MPL 100/50/25% all add ons apply, and lesser of 100% of billed charges",1795.5664,73,,,,,0,percent of total billed charges,73 percent of billed charges; No services were performed during the 15 month look back period.,1795.5664,73,,,,,0,percent of total billed charges,73 percent of billed charges; No services were performed during the 15 month look back period.,1795.5664,73,,,,,0,percent of total billed charges,73 percent of billed charges; No services were performed during the 15 month look back period.,1795.5664,73,,,,,0,percent of total billed charges,73 percent of billed charges; No services were performed during the 15 month look back period.,359.95,,,,,,,Case Rate,"100% Medicare OPPS FS. ",827.74,,,,,,,Case Rate,"100 Percent of Medicaid APG. ",4100,,,,,,,Case Rate,". MPL 100/50/25% all add ons apply, and lesser of 100% of billed charges",827.74,,,,,,,Case Rate,"100 Percent of Medicaid APG. ",359.95,,,,,,,Case Rate,"100% Medicare OPPS FS. ",827.74,,,,,,,Case Rate,"100 Percent of Medicaid APG. ",359.95,,,,,,,Case Rate,"100% Medicare OPPS FS. ",359.95,,,,,,,Case Rate,"100% Medicare OPPS FS. ",827.74,,,,,,,Case Rate,"100 Percent of Medicaid APG. ",827.74,,,,,,,Case Rate,"100 Percent of Medicaid APG. ",1795.5664,73,,,,,0,percent of total billed charges,73 percent of billed charges; No services were performed during the 15 month look back period.,6487,,,,,,,Case Rate,". MPL 100/50/25% maxmium of 3 procedures. All add ons apply, and lesser of 100% of billed charges",1918.5504,78,,,,,0,percent of total billed charges,78% of Billed Charges. Lesser of 100% of billed charges applies.; No services were performed during the 15 month look back period.,4923.38,,,,,,,Case Rate,". MPL 100/50/25% all add ons apply, and lesser of 100% of billed charges",4923.38,,,,,,,Case Rate,". MPL 100/50/25% all add ons apply, and lesser of 100% of billed charges",6593,,,,,,,Case Rate,". Primary procedure pays at 100%, secondary at 50%, all subsequent at 25%.  Lesser of applies when negotiated rates exceed charges less addons.",359.95,,,,,,,Case Rate,"83% HF Fee schedule. ",12574,,,,,,,Case Rate,". Primary procedure pays at 100%, all subsequent at 50%.",12574,,,,,,,Case Rate,". Primary procedure pays at 100%, all subsequent at 50%.",3280,,,,,,,Case Rate,". MPL 100/50/25% all add ons apply, and lesser of 100% of billed charges",3280,,,,,,,Case Rate,". MPL 100/50/25% all add ons apply, and lesser of 100% of billed charges",359.95,,,,,,,Case Rate,"100% Medicare OPPS FS. ",359.95,,,,,,,Case Rate,"100% Medicare OPPS FS. ",359.95,,,,,,,Case Rate,"100% Medicare OPPS FS. ",359.95,,,,,,,Case Rate,"100% Medicare OPPS FS. ",4923.38,,,,,,,Case Rate,". MPL 100/50/25% all add ons apply, and lesser of 100% of billed charges",4100,,,,,,,Case Rate,". MPL 100/50/25% all add ons apply, and lesser of 100% of billed charges",4100,,,,,,,Case Rate,". MPL 100/50/25% all add ons apply, and lesser of 100% of billed charges",359.95,,,,,,,Case Rate,"100% Medicare OPPS FS. ",3280,,,,,,,Case Rate,". MPL 100/50/25% all add ons apply, and lesser of 100% of billed charges",1795.5664,73,,,,,0,percent of total billed charges,73 percent of billed charges; No services were performed during the 15 month look back period.,993.29,,,,,,,Fee Schedule,"120 Percent of Medicaid APG. ",827.74,,,,,,,Case Rate,"100 Percent of Medicaid APG. ",1795.5664,73,,,,,0,percent of total billed charges,73 percent of billed charges; No services were performed during the 15 month look back period.,3690,,,,,,,Case Rate,". MPL 100/50/25% all add ons apply, and lesser of 100% of billed charges",3690,,,,,,,Case Rate,". MPL 100/50/25% all add ons apply, and lesser of 100% of billed charges",4100,,,,,,,Case Rate,". MPL 100/50/25% all add ons apply, and lesser of 100% of billed charges",14948,,,,,,,Case Rate,". MPL 100/75/50% all add ons apply, and lesser of 100% of billed charges",359.95,,,,,,,Case Rate,"100%Medicare OPPS FS. ",869.12,,,,,,,Fee Schedule,105 percent of Medicaid APG. otherwise 105% of Ordered NYS MCD FS or 105% of ASP+6%,869.12,,,,,,,Fee Schedule,105 percent of Medicaid APG. otherwise 105% of Ordered NYS MCD FS or 105% of ASP+6%,869.12,,,,,,,Fee Schedule,105 percent of Medicaid APG. otherwise 105% of Ordered NYS MCD FS or 105% of ASP+6%,1117.45,,,,,,,Fee Schedule,135 percent of Medicaid APG. otherwise 135% of Ordered NYS MCD FS or 135% of ASP+6%,4923.38,,,,,,,Case Rate,". MPL 100/50/25% all add ons apply, and lesser of 100% of billed charges",869.12,,,,,,,Fee Schedule,105 percent of Medicaid APG. otherwise 105% of Ordered NYS MCD FS or 105% of ASP+6%,869.12,,,,,,,Fee Schedule,105 percent of Medicaid APG. otherwise 105% of Ordered NYS MCD FS or 105% of ASP+6%,869.12,,,,,,,Fee Schedule,105 percent of Medicaid APG. otherwise 105% of Ordered NYS MCD FS or 105% of ASP+6%,869.12,,,,,,,Fee Schedule,105 percent of Medicaid APG. otherwise 105% of Ordered NYS MCD FS or 105% of ASP+6%,869.12,,,,,,,Fee Schedule,105 percent of Medicaid APG. otherwise 105% of Ordered NYS MCD FS or 105% of ASP+6%,1117.45,,,,,,,Fee Schedule,135 percent of Medicaid APG. otherwise 135% of Ordered NYS MCD FS or 135% of ASP+6%,1117.45,,,,,,,Fee Schedule,135 percent of Medicaid APG. otherwise 135% of Ordered NYS MCD FS or 135% of ASP+6%,359.95,,,,,,,Case Rate,"100% Medicare OPPS FS. ",4923.38,,,,,,,Case Rate,". MPL 100/50/25% all add ons apply, and lesser of 100% of billed charges",359.95,,,,,,,Case Rate,"100% Medicare OPPS FS. ",869.12,,,,,,,Fee Schedule,105 percent of Medicaid APG. otherwise 105% of Ordered NYS MCD FS or 105% of ASP+6%,4100,,,,,,,Case Rate,". MPL 100/50/25% all add ons apply, and lesser of 100% of billed charges",359.95,,,,,,,Case Rate,"100% Medicare OPPS FS. ",4100,,,,,,,Case Rate,". MPL 100/50/25% all add ons apply, and lesser of 100% of billed charges",4100,,,,,,,Case Rate,". MPL 100/50/25% all add ons apply, and lesser of 100% of billed charges",4100,,,,,,,Case Rate,". MPL 100/50/25% all add ons apply, and lesser of 100% of billed charges",869.12,,,,,,,Fee Schedule,105 percent of Medicaid APG. otherwise 105% of Ordered NYS MCD FS or 105% of ASP+6%,359.95,,,,,,,Case Rate,"100% Medicare OPPS FS. ",4100,,,,,,,Case Rate,". MPL 100/50/25% all add ons apply, and lesser of 100% of billed charges",1117.45,,,,,,,Fee Schedule,135 percent of Medicaid APG. otherwise 135% of Ordered NYS MCD FS or 135% of ASP+6%,4100,,,,,,,Case Rate,". MPL 100/50/25% all add ons apply, and lesser of 100% of billed charges",4919.36,200,,,,,0,Case Rate,200% of Medicare OPPS. ; No services were performed during the 15 month look back period.,359.95,,,,,,,Case Rate,"100%Medicare OPPS FS. ",1795.5664,73,,,,,0,percent of total billed charges,73 percent of billed charges; No services were performed during the 15 month look back period.,1795.5664,73,,,,,0,percent of total billed charges,73 percent of billed charges; No services were performed during the 15 month look back period.,1795.5664,73,,,,,0,percent of total billed charges,73 percent of billed charges; No services were performed during the 15 month look back period.,1795.5664,73,,,,,0,percent of total billed charges,73 percent of billed charges; No services were performed during the 15 month look back period.,1795.5664,73,,,,,0,percent of total billed charges,73 percent of billed charges; No services were performed during the 15 month look back period.,1795.5664,73,,,,,0,percent of total billed charges,73 percent of billed charges; No services were performed during the 15 month look back period.,1795.5664,73,,,,,0,percent of total billed charges,73 percent of billed charges; No services were performed during the 15 month look back period.,1795.5664,73,,,,,0,percent of total billed charges,73 percent of billed charges; No services were performed during the 15 month look back period.,1795.5664,73,,,,,0,percent of total billed charges,73 percent of billed charges; No services were performed during the 15 month look back period.,1795.5664,73,,,,,0,percent of total billed charges,73 percent of billed charges; No services were performed during the 15 month look back period.,1795.5664,73,,,,,0,percent of total billed charges,73 percent of billed charges; No services were performed during the 15 month look back period.,1795.5664,73,,,,,0,percent of total billed charges,73 percent of billed charges; No services were performed during the 15 month look back period.,359.95,,,,,,,Case Rate,"100% Medicare OPPS FS. ",1795.5664,73,,,,,0,percent of total billed charges,73 percent of billed charges; No services were performed during the 15 month look back period.,359.95,,,,,,,Case Rate,"100% Medicare OPPS FS. ",1862.41,,,,,,,Case Rate,"225 Percent of Medicaid APG. If not included in Medicaid APG, then 100 Percent of Manhattan Medicare",827.74,,,,,,,Case Rate,"100 Percent of Medicaid APG. ",4923.38,,,,,,,Case Rate,". MPL 100/50/25% all add ons apply, and lesser of 100% of billed charges",4923.38,,,,,,,Case Rate,". MPL 100/50/25% all add ons apply, and lesser of 100% of billed charges",359.95,,,,,,,Case Rate,"100% Medicare OPPS FS. ",12574,,,,,,,Case Rate,". Primary procedure pays at 100%, all subsequent at 50%.",359.95,,,,,,,Case Rate,"100% Medicare OPPS FS. ",359.95,,,,,,,Case Rate,"100% Medicare OPPS FS. ",6593,,,,,,,Case Rate,". Primary procedure pays at 100%, secondary at 50%, all subsequent at 25%.  Lesser of applies when negotiated rates exceed charges less addons.",359.95,,,,,,,Case Rate,"100% Medicare OPPS FS. ",6487,,,,,,,Case Rate,". MPL 100/50/25% maxmium of 3 procedures. All add ons apply, and lesser of 100% of billed charges",359.95,,,,,,,Case Rate,"100% Medicare OPPS FS. ",6487,,,,,,,Case Rate,". MPL 100/50/25% maxmium of 3 procedures. All add ons apply, and lesser of 100% of billed charges",6593,,,,,,,Case Rate,". Primary procedure pays at 100%, secondary at 50%, all subsequent at 25%.  Lesser of applies when negotiated rates exceed charges less addons.",6487,,,,,,,Case Rate,". MPL 100/50/25% maxmium of 3 procedures. All add ons apply, and lesser of 100% of billed charges",359.95,,,,,,,Case Rate,"100% Medicare OPPS FS. ",827.74,,,,,,,Case Rate,"100 Percent of Medicaid APG. ",359.95,,,,,,,Case Rate,"100% Medicare OPPS FS. ",6487,,,,,,,Case Rate,". MPL 100/50/25% maxmium of 3 procedures. All add ons apply, and lesser of 100% of billed charges",4923.38,,,,,,,Case Rate,". MPL 100/50/25% all add ons apply, and lesser of 100% of billed charges",827.74,,,,,,,Case Rate,"100 Percent of Medicaid APG. ",4100,,,,,,,Case Rate,". MPL 100/50/25% all add ons apply, and lesser of 100% of billed charges",993.29,,,,,,,Fee Schedule,"120 Percent of Medicaid APG. ",993.29,,,,,,,Fee Schedule,"120 Percent of Medicaid APG. ",4100,,,,,,,Case Rate,". MPL 100/50/25% all add ons apply, and lesser of 100% of billed charges",4100,,,,,,,Case Rate,". MPL 100/50/25% all add ons apply, and lesser of 100% of billed charges",4100,,,,,,,Case Rate,". MPL 100/50/25% all add ons apply, and lesser of 100% of billed charges",4923.38,,,,,,,Case Rate,". MPL 100/50/25% all add ons apply, and lesser of 100% of billed charges",4100,,,,,,,Case Rate,". MPL 100/50/25% all add ons apply, and lesser of 100% of billed charges",4100,,,,,,,Case Rate,". MPL 100/50/25% all add ons apply, and lesser of 100% of billed charges",4100,,,,,,,Case Rate,". MPL 100/50/25% all add ons apply, and lesser of 100% of billed charges",1795.5664,73,,,,,0,percent of total billed charges,73 percent of billed charges; No services were performed during the 15 month look back period.,1795.5664,73,,,,,0,percent of total billed charges,73 percent of billed charges; No services were performed during the 15 month look back period.,712.7,,,,,,,Case Rate,198 Percent of Medicare OPPS. Metroplus will reimburse unlisted codes and described codes with no Medicare rate at 50 percent of charges.,827.74,,,,,,,Case Rate,"100 Percent of Medicaid APG. ",4923.38,,,,,,,Case Rate,". MPL 100/50/25% all add ons apply, and lesser of 100% of billed charges",6487,,,,,,,Case Rate,". MPL 100/50/25% maxmium of 3 procedures. All add ons apply, and lesser of 100% of billed charges",6593,,,,,,,Case Rate,". Primary procedure pays at 100%, secondary at 50%, all subsequent at 25%.  Lesser of applies when negotiated rates exceed charges less addons.",4923.38,,,,,,,Case Rate,". MPL 100/50/25% all add ons apply, and lesser of 100% of billed charges",6593,,,,,,,Case Rate,". Primary procedure pays at 100%, secondary at 50%, all subsequent at 25%.  Lesser of applies when negotiated rates exceed charges less addons.",4923.38,,,,,,,Case Rate,". MPL 100/50/25% all add ons apply, and lesser of 100% of billed charges",4100,,,,,,,Case Rate,". MPL 100/50/25% all add ons apply, and lesser of 100% of billed charges",4100,,,,,,,Case Rate,". MPL 100/50/25% all add ons apply, and lesser of 100% of billed charges",4100,,,,,,,Case Rate,". MPL 100/50/25% all add ons apply, and lesser of 100% of billed charges",4100,,,,,,,Case Rate,". MPL 100/50/25% all add ons apply, and lesser of 100% of billed charges",359.95,,,,,,,Case Rate,"100% Medicare OPPS FS. ",92.33,25798,
57700,CPT,,,490,RC,REVISION OF CERVIX,,,both,,,,3681,,,,,,,Case Rate,". MPL 1st 100% of Payment Rate 50% of all others, all add ons apply, and lesser of 100% of billed charges.",3681,,,,,,,Case Rate,". MPL 1st 100% of Payment Rate 50% of all others, all add ons apply, and lesser of 100% of billed charges.",6593,,,,,,,Case Rate,". Primary procedure pays at 100%, secondary at 50%, all subsequent at 25%.  Lesser of applies when negotiated rates exceed charges less addons.",,100,,,,,0,percent of total billed charges,100 percent of billed charges. ; No services were performed during the 15 month look back period.,3762.34,,,,,,,Case Rate,"100% Medicare OPPS FS. ",6593,,,,,,,Case Rate,". Primary procedure pays at 100%, secondary at 50%, all subsequent at 25%.  Lesser of applies when negotiated rates exceed charges less addons.",6593,,,,,,,Case Rate,". Primary procedure pays at 100%, secondary at 50%, all subsequent at 25%.  Lesser of applies when negotiated rates exceed charges less addons.",6593,,,,,,,Case Rate,". Primary procedure pays at 100%, secondary at 50%, all subsequent at 25%.  Lesser of applies when negotiated rates exceed charges less addons.",2255.47,,,,,,,Case Rate,"100 Percent of Medicaid APG. ",1879.56,,,,,,,Case Rate,"100 Percent of Medicaid APG. ",,78,,,,,0,percent of total billed charges,78% of Billed Charges. Lesser of 100% of billed charges applies.; No services were performed during the 15 month look back period.,9024.56,,,,,,,Case Rate,". MPL 100/50/25% all add ons apply, and lesser of 100% of billed charges",1879.56,,,,,,,Case Rate,"100 Percent of Medicaid APG. ",3762.34,,,,,,,Case Rate,"100% Medicare OPPS FS. ",,60,,,,,0,percent of total billed charges,60 percent of billed charges; No services were performed during the 15 month look back period.,,60,,,,,0,percent of total billed charges,60 percent of billed charges; No services were performed during the 15 month look back period.,,60,,,,,0,percent of total billed charges,60 percent of billed charges; No services were performed during the 15 month look back period.,,60,,,,,0,percent of total billed charges,60 percent of billed charges; No services were performed during the 15 month look back period.,1879.56,,,,,,,Case rate,124 Percent of Medicaid APG. Covered services not payable under Medicaid Fee Schedules default to a payment of 50 percent of charges.,3762.34,,,,,,,Case Rate,"100% Medicare OPPS FS. ",1879.56,,,,,,,Case rate,124 Percent of Medicaid APG. Covered services not payable under Medicaid Fee Schedules default to a payment of 50 percent of charges.,,78,,,,,0,percent of total billed charges,78% of Billed Charges. Lesser of 100% of billed charges applies.; No services were performed during the 15 month look back period.,6593,,,,,,,Case Rate,". Primary procedure pays at 100%, secondary at 50%, all subsequent at 25%.  Lesser of applies when negotiated rates exceed charges less addons.",3762.34,,,,,,,Case Rate,"100%Medicare OPPS FS. ",8427,,,,,,,Case Rate,". Primary procedure pays at 100%, all subsequent at 50%.",3762.34,,,,,,,Case Rate,"100%Medicare OPPS FS. ",3762.34,,,,,,,Case Rate,"100%Medicare OPPS FS. ",,78,,,,,0,percent of total billed charges,78% of Billed Charges. Lesser of 100% of billed charges applies.; No services were performed during the 15 month look back period.,1317.81,,,,,,,Case Rate,100% of PAS. Lesser of 100% of billed charges applies.,1317.81,,,,,,,Case Rate,100% of PAS. Lesser of 100% of billed charges applies.,1879.56,,,,,,,Case rate,"100 Percent of Medicaid APG. ",1879.56,,,,,,,Case rate,"100 Percent of Medicaid APG. ",8427,,,,,,,Case Rate,". Primary procedure pays at 100%, all subsequent at 50%.",8427,,,,,,,Case Rate,". Primary procedure pays at 100%, all subsequent at 50%.",1879.56,,,,,,,Case Rate,"100 Percent of Medicaid APG. Not APG payable, or payable under another fee schedule like ASP/AWP pays at 30% of charges",8427,,,,,,,Case Rate,". Primary procedure pays at 100%, all subsequent at 50%.",1879.56,,,,,,,Case Rate,"100 Percent of Medicaid APG. Not APG payable, or payable under another fee schedule like ASP/AWP pays at 30% of charges",3762.34,,,,,,,Case Rate,"100%Medicare OPPS FS. ",8427,,,,,,,Case Rate,". Primary procedure pays at 100%, all subsequent at 50%.",,78,,,,,0,percent of total billed charges,78% of Billed Charges. Lesser of 100% of billed charges applies.; No services were performed during the 15 month look back period.,1879.56,,,,,,,Case Rate,"100 Percent of Medicaid APG. ",1879.56,,,,,,,Case Rate,"100 Percent of Medicaid APG. ",,78,,,,,0,percent of total billed charges,78% of Billed Charges. Lesser of 100% of billed charges applies.; No services were performed during the 15 month look back period.,,60,,,,,0,percent of total billed charges,60 percent of billed charges; No services were performed during the 15 month look back period.,7929,,,,,,,Case Rate,". MPL 100/50/25% all add ons apply, and lesser of 100% of billed charges",7929,,,,,,,Case Rate,". MPL 100/50/25% all add ons apply, and lesser of 100% of billed charges",,78,,,,,0,percent of total billed charges,78% of Billed Charges. Lesser of 100% of billed charges applies.; No services were performed during the 15 month look back period.,3762.34,,,,,,,Case Rate,"100% Medicare OPPS FS. ",9024.56,,,,,,,Case Rate,". MPL 100/50/25% all add ons apply, and lesser of 100% of billed charges",9024.56,,,,,,,Case Rate,". MPL 100/50/25% all add ons apply, and lesser of 100% of billed charges",9024.56,,,,,,,Case Rate,". MPL 100/50/25% all add ons apply, and lesser of 100% of billed charges",3762.34,,,,,,,Case Rate,"100% Medicare OPPS FS. ",9024.56,,,,,,,Case Rate,". MPL 100/50/25% all add ons apply, and lesser of 100% of billed charges",9024.56,,,,,,,Case Rate,". MPL 100/50/25% all add ons apply, and lesser of 100% of billed charges",3762.34,,,,,,,Case Rate,"100% of Medicare OPPS. ",25798,,,,,,,Case Rate,". MPL 100/75/50% all add ons apply, and lesser of 100% of billed charges",10351,,,,,,,Case Rate,". MPL 100/50/25% all add ons apply, and lesser of 100% of billed charges",10351,,,,,,,Case Rate,". MPL 100/50/25% all add ons apply, and lesser of 100% of billed charges",10351,,,,,,,Case Rate,". MPL 100/50/25% all add ons apply, and lesser of 100% of billed charges",10351,,,,,,,Case Rate,". MPL 100/50/25% all add ons apply, and lesser of 100% of billed charges",10351,,,,,,,Case Rate,". MPL 100/50/25% all add ons apply, and lesser of 100% of billed charges",10351,,,,,,,Case Rate,". MPL 100/50/25% all add ons apply, and lesser of 100% of billed charges",3762.34,,,,,,,Case Rate,"100% Medicare OPPS FS. ",3762.34,,,,,,,Case Rate,"100% Medicare OPPS FS. ",10351,,,,,,,Case Rate,". MPL 100/50/25% all add ons apply, and lesser of 100% of billed charges",,78,,,,,0,percent of total billed charges,78% of Billed Charges. Lesser of 100% of billed charges applies.; No services were performed during the 15 month look back period.,,78,,,,,0,percent of total billed charges,78% of Billed Charges. Lesser of 100% of billed charges applies.; No services were performed during the 15 month look back period.,,78,,,,,0,percent of total billed charges,78% of Billed Charges. Lesser of 100% of billed charges applies.; No services were performed during the 15 month look back period.,,78,,,,,0,percent of total billed charges,78% of Billed Charges. Lesser of 100% of billed charges applies.; No services were performed during the 15 month look back period.,,78,,,,,0,percent of total billed charges,78% of Billed Charges. Lesser of 100% of billed charges applies.; No services were performed during the 15 month look back period.,,78,,,,,0,percent of total billed charges,78% of Billed Charges. Lesser of 100% of billed charges applies.; No services were performed during the 15 month look back period.,,78,,,,,0,percent of total billed charges,78% of Billed Charges. Lesser of 100% of billed charges applies.; No services were performed during the 15 month look back period.,,78,,,,,0,percent of total billed charges,78% of Billed Charges. Lesser of 100% of billed charges applies.; No services were performed during the 15 month look back period.,,78,,,,,0,percent of total billed charges,78% of Billed Charges. Lesser of 100% of billed charges applies.; No services were performed during the 15 month look back period.,,78,,,,,0,percent of total billed charges,78% of Billed Charges. Lesser of 100% of billed charges applies.; No services were performed during the 15 month look back period.,,78,,,,,0,percent of total billed charges,78% of Billed Charges. Lesser of 100% of billed charges applies.; No services were performed during the 15 month look back period.,,78,,,,,0,percent of total billed charges,78% of Billed Charges. Lesser of 100% of billed charges applies.; No services were performed during the 15 month look back period.,,78,,,,,0,percent of total billed charges,78% of Billed Charges. Lesser of 100% of billed charges applies.; No services were performed during the 15 month look back period.,,78,,,,,0,percent of total billed charges,78% of Billed Charges. Lesser of 100% of billed charges applies.; No services were performed during the 15 month look back period.,,78,,,,,0,percent of total billed charges,78% of Billed Charges. Lesser of 100% of billed charges applies.; No services were performed during the 15 month look back period.,,78,,,,,0,percent of total billed charges,78% of Billed Charges. Lesser of 100% of billed charges applies.; No services were performed during the 15 month look back period.,,78,,,,,0,percent of total billed charges,78% of Billed Charges. Lesser of 100% of billed charges applies.; No services were performed during the 15 month look back period.,,78,,,,,0,percent of total billed charges,78% of Billed Charges. Lesser of 100% of billed charges applies.; No services were performed during the 15 month look back period.,,78,,,,,0,percent of total billed charges,78% of Billed Charges. Lesser of 100% of billed charges applies.; No services were performed during the 15 month look back period.,,78,,,,,0,percent of total billed charges,78% of Billed Charges. Lesser of 100% of billed charges applies.; No services were performed during the 15 month look back period.,,78,,,,,0,percent of total billed charges,78% of Billed Charges. Lesser of 100% of billed charges applies.; No services were performed during the 15 month look back period.,,78,,,,,0,percent of total billed charges,78% of Billed Charges. Lesser of 100% of billed charges applies.; No services were performed during the 15 month look back period.,,78,,,,,0,percent of total billed charges,78% of Billed Charges. Lesser of 100% of billed charges applies.; No services were performed during the 15 month look back period.,,78,,,,,0,percent of total billed charges,78% of Billed Charges. Lesser of 100% of billed charges applies.; No services were performed during the 15 month look back period.,,78,,,,,0,percent of total billed charges,78% of Billed Charges. Lesser of 100% of billed charges applies.; No services were performed during the 15 month look back period.,,78,,,,,0,percent of total billed charges,78% of Billed Charges. Lesser of 100% of billed charges applies.; No services were performed during the 15 month look back period.,8427,,,,,,,Case Rate,". Primary procedure pays at 100%, all subsequent at 50%.",8427,,,,,,,Case Rate,". Primary procedure pays at 100%, all subsequent at 50%.",8427,,,,,,,Case Rate,". Primary procedure pays at 100%, all subsequent at 50%.",8427,,,,,,,Case Rate,". Primary procedure pays at 100%, all subsequent at 50%.",12574,,,,,,,Case Rate,". Primary procedure pays at 100%, all subsequent at 50%.",12574,,,,,,,Case Rate,". Primary procedure pays at 100%, all subsequent at 50%.",,60,,,,,0,percent of total billed charges,60 percent of billed charges; No services were performed during the 15 month look back period.,10351,,,,,,,Case Rate,". MPL 100/50/25% all add ons apply, and lesser of 100% of billed charges",9024.56,,,,,,,Case Rate,". MPL 100/50/25% all add ons apply, and lesser of 100% of billed charges",10351,,,,,,,Case Rate,". MPL 100/50/25% all add ons apply, and lesser of 100% of billed charges",,78,,,,,0,percent of total billed charges,78% of Billed Charges. Lesser of 100% of billed charges applies.; No services were performed during the 15 month look back period.,12574,,,,,,,Case Rate,". Primary procedure pays at 100%, all subsequent at 50%.",10351,,,,,,,Case Rate,". MPL 100/50/25% all add ons apply, and lesser of 100% of billed charges",9024.56,,,,,,,Case Rate,". MPL 100/50/25% all add ons apply, and lesser of 100% of billed charges",,60,,,,,0,percent of total billed charges,60 percent of billed charges; No services were performed during the 15 month look back period.,,,,,,,,,"NA. ",,78,,,,,0,percent of total billed charges,78% of Billed Charges. Lesser of 100% of billed charges applies.; No services were performed during the 15 month look back period.,1879.56,,,,,,,Case Rate,"100 Percent of Medicaid APG. ",8427,,,,,,,Case Rate,". Primary procedure pays at 100%, all subsequent at 50%.",1879.56,,,,,,,Case Rate,"100 Percent of Medicaid APG. Not APG payable, or payable under another fee schedule like ASP/AWP pays at 30% of charges",3762.34,,,,,,,Case Rate,"100%Medicare OPPS FS. ",3762.34,,,,,,,Case Rate,"100% Medicare OPPS FS. ",25798,,,,,,,Case Rate,". MPL 100/75/50% all add ons apply, and lesser of 100% of billed charges",3762.34,,,,,,,Case Rate,"100% Medicare OPPS FS. ",3762.34,,,,,,,Case Rate,"100% Medicare OPPS FS. ",1879.56,,,,,,,Case Rate,"100 Percent of Medicaid APG. ",3762.34,,,,,,,Case Rate,"100% Medicare OPPS FS. ",3762.34,,,,,,,Case Rate,"100% Medicare OPPS FS. ",6593,,,,,,,Case Rate,". Primary procedure pays at 100%, secondary at 50%, all subsequent at 25%.  Lesser of applies when negotiated rates exceed charges less addons.",6593,,,,,,,Case Rate,". Primary procedure pays at 100%, secondary at 50%, all subsequent at 25%.  Lesser of applies when negotiated rates exceed charges less addons.",3762.34,,,,,,,Case Rate,"100% Medicare OPPS FS. ",,60,,,,,0,percent of total billed charges,60 percent of billed charges; No services were performed during the 15 month look back period.,9024.56,,,,,,,Case Rate,". MPL 100/50/25% all add ons apply, and lesser of 100% of billed charges",9024.56,,,,,,,Case Rate,". MPL 100/50/25% all add ons apply, and lesser of 100% of billed charges",3762.34,,,,,,,Case Rate,"100% Medicare OPPS FS. ",,60,,,,,0,percent of total billed charges,60 percent of billed charges; No services were performed during the 15 month look back period.,6593,,,,,,,Case Rate,". Primary procedure pays at 100%, secondary at 50%, all subsequent at 25%.  Lesser of applies when negotiated rates exceed charges less addons.",6593,,,,,,,Case Rate,". Primary procedure pays at 100%, secondary at 50%, all subsequent at 25%.  Lesser of applies when negotiated rates exceed charges less addons.",6593,,,,,,,Case Rate,". Primary procedure pays at 100%, secondary at 50%, all subsequent at 25%.  Lesser of applies when negotiated rates exceed charges less addons.",,78,,,,,0,percent of total billed charges,78% of Billed Charges. Lesser of 100% of billed charges applies.; No services were performed during the 15 month look back period.,,78,,,,,0,percent of total billed charges,78% of Billed Charges. Lesser of 100% of billed charges applies.; No services were performed during the 15 month look back period.,,78,,,,,0,percent of total billed charges,78% of Billed Charges. Lesser of 100% of billed charges applies.; No services were performed during the 15 month look back period.,,78,,,,,0,percent of total billed charges,78% of Billed Charges. Lesser of 100% of billed charges applies.; No services were performed during the 15 month look back period.,,78,,,,,0,percent of total billed charges,78% of Billed Charges. Lesser of 100% of billed charges applies.; No services were performed during the 15 month look back period.,,78,,,,,0,percent of total billed charges,78% of Billed Charges. Lesser of 100% of billed charges applies.; No services were performed during the 15 month look back period.,,78,,,,,0,percent of total billed charges,78% of Billed Charges. Lesser of 100% of billed charges applies.; No services were performed during the 15 month look back period.,,78,,,,,0,percent of total billed charges,78% of Billed Charges. Lesser of 100% of billed charges applies.; No services were performed during the 15 month look back period.,,78,,,,,0,percent of total billed charges,78% of Billed Charges. Lesser of 100% of billed charges applies.; No services were performed during the 15 month look back period.,,78,,,,,0,percent of total billed charges,78% of Billed Charges. Lesser of 100% of billed charges applies.; No services were performed during the 15 month look back period.,,78,,,,,0,percent of total billed charges,78% of Billed Charges. Lesser of 100% of billed charges applies.; No services were performed during the 15 month look back period.,12574,,,,,,,Case Rate,". Primary procedure pays at 100%, all subsequent at 50%.",10351,,,,,,,Case Rate,". MPL 100/50/25% all add ons apply, and lesser of 100% of billed charges",,60,,,,,0,percent of total billed charges,60 percent of billed charges; No services were performed during the 15 month look back period.,3762.34,,,,,,,Case Rate,"100% Medicare OPPS FS. ",6593,,,,,,,Case Rate,". Primary procedure pays at 100%, secondary at 50%, all subsequent at 25%.  Lesser of applies when negotiated rates exceed charges less addons.",,60,,,,,0,percent of total billed charges,60 percent of billed charges; No services were performed during the 15 month look back period.,,60,,,,,0,percent of total billed charges,60 percent of billed charges; No services were performed during the 15 month look back period.,,78,,,,,0,percent of total billed charges,78% of Billed Charges. Lesser of 100% of billed charges applies.; No services were performed during the 15 month look back period.,4022.26,,,,,,,Case Rate,"214 Percent of Medicaid APG. Drugs not priced under APG, billed with revenue code 636 and not priced by Medicare ASP FeeSched will be reimbursed at 20% of charges.",,60,,,,,0,percent of total billed charges,60 percent of billed charges; No services were performed during the 15 month look back period.,1879.56,,,,,,,Case Rate,"100 Percent of Medicaid APG. ",3762.34,,,,,,,Case Rate,"100% Medicare OPPS FS. ",3762.34,,,,,,,Case Rate,"100% Medicare OPPS FS. ",3762.34,,,,,,,Case Rate,"100% Medicare OPPS FS. ",3762.34,,,,,,,Case Rate,"100% Medicare OPPS FS. ",3762.34,,,,,,,Case Rate,"100% Medicare OPPS FS. ",3762.34,,,,,,,Case Rate,"100% Medicare OPPS FS. ",,60,,,,,0,percent of total billed charges,60 percent of billed charges; No services were performed during the 15 month look back period.,25798,,,,,,,Case Rate,". MPL 100/75/50% all add ons apply, and lesser of 100% of billed charges",3383.21,,,,,,,Fee Schedule,"180 Percent of Medicaid APG. ",3383.21,,,,,,,Fee Schedule,"180 Percent of Medicaid APG. ",3383.21,,,,,,,Fee Schedule,"180 Percent of Medicaid APG. ",3383.21,,,,,,,Fee Schedule,"180 Percent of Medicaid APG. ",3383.21,,,,,,,Fee Schedule,"180 Percent of Medicaid APG. ",,,,,,,,,"NA. ",25798,,,,,,,Case Rate,". MPL 100/75/50% all add ons apply, and lesser of 100% of billed charges",7449.43,,,,,,,Case Rate,198 Percent of Medicare OPPS. Metroplus will reimburse unlisted codes and described codes with no Medicare rate at 50 percent of charges.,7449.43,,,,,,,Case Rate,198 Percent of Medicare OPPS. Metroplus will reimburse unlisted codes and described codes with no Medicare rate at 50 percent of charges.,7449.43,,,,,,,Case Rate,198 Percent of Medicare OPPS. Metroplus will reimburse unlisted codes and described codes with no Medicare rate at 50 percent of charges.,7449.43,,,,,,,Case Rate,198 Percent of Medicare OPPS. Metroplus will reimburse unlisted codes and described codes with no Medicare rate at 50 percent of charges.,7449.43,,,,,,,Case Rate,198 Percent of Medicare OPPS. Metroplus will reimburse unlisted codes and described codes with no Medicare rate at 50 percent of charges.,3762.34,,,,,,,Case Rate,"100% Medicare OPPS FS. ",12574,,,,,,,Case Rate,". Primary procedure pays at 100%, all subsequent at 50%.",12574,,,,,,,Case Rate,". Primary procedure pays at 100%, all subsequent at 50%.",12574,,,,,,,Case Rate,". Primary procedure pays at 100%, all subsequent at 50%.",12574,,,,,,,Case Rate,". Primary procedure pays at 100%, all subsequent at 50%.",6593,,,,,,,Case Rate,". Primary procedure pays at 100%, secondary at 50%, all subsequent at 25%.  Lesser of applies when negotiated rates exceed charges less addons.",6593,,,,,,,Case Rate,". Primary procedure pays at 100%, secondary at 50%, all subsequent at 25%.  Lesser of applies when negotiated rates exceed charges less addons.",6593,,,,,,,Case Rate,". Primary procedure pays at 100%, secondary at 50%, all subsequent at 25%.  Lesser of applies when negotiated rates exceed charges less addons.",6593,,,,,,,Case Rate,". Primary procedure pays at 100%, secondary at 50%, all subsequent at 25%.  Lesser of applies when negotiated rates exceed charges less addons.",25798,,,,,,,Case Rate,". MPL 100/75/50% all add ons apply, and lesser of 100% of billed charges",25798,,,,,,,Case Rate,". MPL 100/75/50% all add ons apply, and lesser of 100% of billed charges",3762.34,,,,,,,Case Rate,"100% Medicare OPPS FS. ",3762.34,,,,,,,Case Rate,"100% Medicare OPPS FS. ",3762.34,,,,,,,Case Rate,"100% Medicare OPPS FS. ",10351,,,,,,,Case Rate,". MPL 100/50/25% all add ons apply, and lesser of 100% of billed charges",10351,,,,,,,Case Rate,". MPL 100/50/25% all add ons apply, and lesser of 100% of billed charges",10351,,,,,,,Case Rate,". MPL 100/50/25% all add ons apply, and lesser of 100% of billed charges",25798,,,,,,,Case Rate,". MPL 100/75/50% all add ons apply, and lesser of 100% of billed charges",6593,,,,,,,Case Rate,". Primary procedure pays at 100%, secondary at 50%, all subsequent at 25%.  Lesser of applies when negotiated rates exceed charges less addons.",3762.34,,,,,,,Case Rate,"100% Medicare OPPS FS. ",10351,,,,,,,Case Rate,". MPL 100/50/25% all add ons apply, and lesser of 100% of billed charges",1879.56,,,,,,,Case Rate,"100 Percent of Medicaid APG. ",3837.58,,,,,,,Case Rate,"102% of Medicare OPPS. ",3837.58,,,,,,,Case Rate,"102% of Medicare OPPS. ",3837.58,,,,,,,Case Rate,"102% of Medicare OPPS. ",1879.56,,,,,,,Case rate,"100 Percent of Medicaid APG. ",4229.01,,,,,,,Case Rate,225% of NYS APG. Lesser of 100% of billed charges applies.,4229.01,,,,,,,Case Rate,225% of NYS APG. Lesser of 100% of billed charges applies.,4229.01,,,,,,,Case Rate,225% of NYS APG. Lesser of 100% of billed charges applies.,4229.01,,,,,,,Case Rate,225% of NYS APG. Lesser of 100% of billed charges applies.,4229.01,,,,,,,Case Rate,225% of NYS APG. Lesser of 100% of billed charges applies.,3837.58,,,,,,,Case Rate,"102% of Medicare OPPS. ",1879.56,,,,,,,Case Rate,"100 Percent of Medicaid APG. ",1317.81,,,,,,,Case Rate,100% of PAS. Lesser of 100% of billed charges applies.,4229.01,,,,,,,Case Rate,225% of NYS APG. Lesser of 100% of billed charges applies.,4229.01,,,,,,,Case Rate,225% of NYS APG. Lesser of 100% of billed charges applies.,1317.81,,,,,,,Case Rate,100% of PAS. Lesser of 100% of billed charges applies.,1317.81,,,,,,,Case Rate,100% of PAS. Lesser of 100% of billed charges applies.,3383.21,,,,,,,Fee Schedule,"180 Percent of Medicaid APG. ",3762.34,,,,,,,Case Rate,"100% Medicare OPPS FS. ",3762.34,,,,,,,Case Rate,"100% Medicare OPPS FS. ",6593,,,,,,,Case Rate,". Primary procedure pays at 100%, secondary at 50%, all subsequent at 25%.  Lesser of applies when negotiated rates exceed charges less addons.",3762.34,,,,,,,Case Rate,"100% Medicare OPPS FS. ",4229.01,,,,,,,Case Rate,"225 Percent of Medicaid APG. ",4229.01,,,,,,,Case Rate,"225 Percent of Medicaid APG. ",1879.56,,,,,,,Case rate,"100 Percent of Medicaid APG. ",1879.56,,,,,,,Case rate,"100 Percent of Medicaid APG. ",4229.01,,,,,,,Case Rate,225 Percent of Medicaid APG. Covered services not payable under Medicaid Fee Schedules default to a payment of 87.5 percent of charges.,1879.56,,,,,,,Case rate,124 Percent of Medicaid APG. Covered services not payable under Medicaid Fee Schedules default to a payment of 50 percent of charges.,4229.01,,,,,,,Case Rate,"100 Percent of Medicaid APG. ",4229.01,,,,,,,Case Rate,"100 Percent of Medicaid APG. ",4229.01,,,,,,,Case Rate,"100 Percent of Medicaid APG. ",4229.01,,,,,,,Case Rate,"100 Percent of Medicaid APG. ",13453,,,,,,,Case Rate,". MPL 100/75/50% all add ons apply, and lesser of 100% of billed charges",25798,,,,,,,Case Rate,". MPL 100/75/50% all add ons apply, and lesser of 100% of billed charges",2255.47,,,,,,,Case Rate,"120 Percent of Medicaid APG. Not APG payable, or payable under another fee schedule like ASP/AWP pays at 30% of charges",2255.47,,,,,,,Case Rate,"120 Percent of Medicaid APG. Not APG payable, or payable under another fee schedule like ASP/AWP pays at 30% of charges",1879.56,,,,,,,Case Rate,"100 Percent of Medicaid APG. Not APG payable, or payable under another fee schedule like ASP/AWP pays at 30% of charges",1879.56,,,,,,,Case Rate,"100 Percent of Medicaid APG. Not APG payable, or payable under another fee schedule like ASP/AWP pays at 30% of charges",10351,,,,,,,Case Rate,". MPL 100/50/25% all add ons apply, and lesser of 100% of billed charges",10351,,,,,,,Case Rate,". MPL 100/50/25% all add ons apply, and lesser of 100% of billed charges",3762.34,,,,,,,Case Rate,"100% Medicare OPPS FS. ",10351,,,,,,,Case Rate,". MPL 100/50/25% all add ons apply, and lesser of 100% of billed charges",10351,,,,,,,Case Rate,". MPL 100/50/25% all add ons apply, and lesser of 100% of billed charges",10351,,,,,,,Case Rate,". MPL 100/50/25% all add ons apply, and lesser of 100% of billed charges",10351,,,,,,,Case Rate,". MPL 100/50/25% all add ons apply, and lesser of 100% of billed charges",3762.34,,,,,,,Case Rate,"100% Medicare OPPS FS. ",10351,,,,,,,Case Rate,". MPL 100/50/25% all add ons apply, and lesser of 100% of billed charges",10351,,,,,,,Case Rate,". MPL 100/50/25% all add ons apply, and lesser of 100% of billed charges",6593,,,,,,,Case Rate,". Primary procedure pays at 100%, secondary at 50%, all subsequent at 25%.  Lesser of applies when negotiated rates exceed charges less addons.",1879.56,,,,,,,Fee Schedule,100% APG. Lesser of 100% of billed charges applies.,1879.56,,,,,,,Case rate,124 Percent of Medicaid APG. Covered services not payable under Medicaid Fee Schedules default to a payment of 50 percent of charges.,4229.01,,,,,,,Case Rate,225% of NYS APG. Lesser of 100% of billed charges applies.,4229.01,,,,,,,Case Rate,225 Percent of Medicaid APG. Covered services not payable under Medicaid Fee Schedules default to a payment of 87.5 percent of charges.,1879.56,,,,,,,Case rate,124 Percent of Medicaid APG. Covered services not payable under Medicaid Fee Schedules default to a payment of 50 percent of charges.,4229.01,,,,,,,Case Rate,225% of NYS APG. Lesser of 100% of billed charges applies.,4229.01,,,,,,,Case Rate,225% of NYS APG. Lesser of 100% of billed charges applies.,4229.01,,,,,,,Case Rate,225% of NYS APG. Lesser of 100% of billed charges applies.,4229.01,,,,,,,Case Rate,225% of NYS APG. Lesser of 100% of billed charges applies.,4229.01,,,,,,,Case Rate,225% of NYS APG. Lesser of 100% of billed charges applies.,4229.01,,,,,,,Case Rate,225% of NYS APG. Lesser of 100% of billed charges applies.,,,,,,,,,"NA. ",,,,,,,,,"NA. ",,,,,,,,,"NA. ",,60,,,,,0,percent of total billed charges,60 percent of billed charges; No services were performed during the 15 month look back period.,,,,,,,,,"NA. ",3762.34,,,,,,,Case Rate,"100% Medicare OPPS FS. ",3681,,,,,,,Case Rate,". MPL 1st 100% of Payment Rate 50% of all others, all add ons apply, and lesser of 100% of billed charges.",3762.34,,,,,,,Case Rate,"100% Medicare OPPS FS. ",3762.34,,,,,,,Case Rate,"100% Medicare OPPS FS. ",2255.47,,,,,,,Case Rate,"120 Percent of Medicaid APG. Not APG payable, or payable under another fee schedule like ASP/AWP pays at 30% of charges",2255.47,,,,,,,Case Rate,"120 Percent of Medicaid APG. Not APG payable, or payable under another fee schedule like ASP/AWP pays at 30% of charges",1879.56,,,,,,,Case Rate,"100 Percent of Medicaid APG. Not APG payable, or payable under another fee schedule like ASP/AWP pays at 30% of charges",1879.56,,,,,,,Case Rate,"100 Percent of Medicaid APG. Not APG payable, or payable under another fee schedule like ASP/AWP pays at 30% of charges",1879.56,,,,,,,Case Rate,"100 Percent of Medicaid APG. ",7163,,,,,,,Case Rate,". ",6593,,,,,,,Case Rate,". Primary procedure pays at 100%, secondary at 50%, all subsequent at 25%.  Lesser of applies when negotiated rates exceed charges less addons.",8427,,,,,,,Case Rate,". Primary procedure pays at 100%, all subsequent at 50%.",,60,,,,,0,percent of total billed charges,60 percent of billed charges; No services were performed during the 15 month look back period.,3762.34,,,,,,,Case Rate,"100%Medicare OPPS FS. ",3762.34,,,,,,,Case Rate,"100% Medicare OPPS FS. ",3762.34,,,,,,,Case Rate,"100% Medicare OPPS FS. ",3762.34,,,,,,,Case Rate,"100% Medicare OPPS FS. ",3762.34,,,,,,,Case Rate,"100%Medicare OPPS FS. ",3762.34,,,,,,,Case Rate,"100% Medicare OPPS FS. ",,,,,,,,,"NA. ",4229.01,,,,,,,Case Rate,225% of NYS APG. Lesser of 100% of billed charges applies.,1317.81,,,,,,,Case Rate,100% of PAS. Lesser of 100% of billed charges applies.,10351,,,,,,,Case Rate,". MPL 100/50/25% all add ons apply, and lesser of 100% of billed charges",7163,,,,,,,Case Rate,". ",7163,,,,,,,Case Rate,". ",7163,,,,,,,Case Rate,". ",7163,,,,,,,Case Rate,". ",3762.34,,,,,,,Case Rate,"100% Medicare OPPS FS. ",1879.56,,,,,,,Case Rate,"100 Percent of Medicaid APG. ",10351,,,,,,,Case Rate,". MPL 100/50/25% all add ons apply, and lesser of 100% of billed charges",1879.56,,,,,,,Case Rate,"100 Percent of Medicaid APG. ",3762.34,,,,,,,Case Rate,"100% Medicare OPPS FS. ",1879.56,,,,,,,Case Rate,"100 Percent of Medicaid APG. ",3762.34,,,,,,,Case Rate,"100% Medicare OPPS FS. ",3762.34,,,,,,,Case Rate,"100% Medicare OPPS FS. ",1879.56,,,,,,,Case Rate,"100 Percent of Medicaid APG. ",1879.56,,,,,,,Case Rate,"100 Percent of Medicaid APG. ",7163,,,,,,,Case Rate,". ",,60,,,,,0,percent of total billed charges,60 percent of billed charges; No services were performed during the 15 month look back period.,,78,,,,,0,percent of total billed charges,78% of Billed Charges. Lesser of 100% of billed charges applies.; No services were performed during the 15 month look back period.,9024.56,,,,,,,Case Rate,". MPL 100/50/25% all add ons apply, and lesser of 100% of billed charges",9024.56,,,,,,,Case Rate,". MPL 100/50/25% all add ons apply, and lesser of 100% of billed charges",6593,,,,,,,Case Rate,". Primary procedure pays at 100%, secondary at 50%, all subsequent at 25%.  Lesser of applies when negotiated rates exceed charges less addons.",1607.67,,,,,,,Case Rate,"83% HF Fee schedule. ",12574,,,,,,,Case Rate,". Primary procedure pays at 100%, all subsequent at 50%.",12574,,,,,,,Case Rate,". Primary procedure pays at 100%, all subsequent at 50%.",8281,,,,,,,Case Rate,". MPL 100/50/25% all add ons apply, and lesser of 100% of billed charges",8281,,,,,,,Case Rate,". MPL 100/50/25% all add ons apply, and lesser of 100% of billed charges",3762.34,,,,,,,Case Rate,"100% Medicare OPPS FS. ",3762.34,,,,,,,Case Rate,"100% Medicare OPPS FS. ",3762.34,,,,,,,Case Rate,"100% Medicare OPPS FS. ",3762.34,,,,,,,Case Rate,"100% Medicare OPPS FS. ",9024.56,,,,,,,Case Rate,". MPL 100/50/25% all add ons apply, and lesser of 100% of billed charges",10351,,,,,,,Case Rate,". MPL 100/50/25% all add ons apply, and lesser of 100% of billed charges",10351,,,,,,,Case Rate,". MPL 100/50/25% all add ons apply, and lesser of 100% of billed charges",3762.34,,,,,,,Case Rate,"100% Medicare OPPS FS. ",8281,,,,,,,Case Rate,". MPL 100/50/25% all add ons apply, and lesser of 100% of billed charges",8427,,,,,,,Case Rate,". Primary procedure pays at 100%, all subsequent at 50%.",2255.47,,,,,,,Fee Schedule,"120 Percent of Medicaid APG. ",1879.56,,,,,,,Case Rate,"100 Percent of Medicaid APG. ",7163,,,,,,,Case Rate,". ",9316,,,,,,,Case Rate,". MPL 100/50/25% all add ons apply, and lesser of 100% of billed charges",9316,,,,,,,Case Rate,". MPL 100/50/25% all add ons apply, and lesser of 100% of billed charges",10351,,,,,,,Case Rate,". MPL 100/50/25% all add ons apply, and lesser of 100% of billed charges",14948,,,,,,,Case Rate,". MPL 100/75/50% all add ons apply, and lesser of 100% of billed charges",3762.34,,,,,,,Case Rate,"100%Medicare OPPS FS. ",1973.54,,,,,,,Fee Schedule,105 percent of Medicaid APG. otherwise 105% of Ordered NYS MCD FS or 105% of ASP+6%,1973.54,,,,,,,Fee Schedule,105 percent of Medicaid APG. otherwise 105% of Ordered NYS MCD FS or 105% of ASP+6%,1973.54,,,,,,,Fee Schedule,105 percent of Medicaid APG. otherwise 105% of Ordered NYS MCD FS or 105% of ASP+6%,2537.41,,,,,,,Fee Schedule,135 percent of Medicaid APG. otherwise 135% of Ordered NYS MCD FS or 135% of ASP+6%,9024.56,,,,,,,Case Rate,". MPL 100/50/25% all add ons apply, and lesser of 100% of billed charges",1973.54,,,,,,,Fee Schedule,105 percent of Medicaid APG. otherwise 105% of Ordered NYS MCD FS or 105% of ASP+6%,1973.54,,,,,,,Fee Schedule,105 percent of Medicaid APG. otherwise 105% of Ordered NYS MCD FS or 105% of ASP+6%,1973.54,,,,,,,Fee Schedule,105 percent of Medicaid APG. otherwise 105% of Ordered NYS MCD FS or 105% of ASP+6%,1973.54,,,,,,,Fee Schedule,105 percent of Medicaid APG. otherwise 105% of Ordered NYS MCD FS or 105% of ASP+6%,1973.54,,,,,,,Fee Schedule,105 percent of Medicaid APG. otherwise 105% of Ordered NYS MCD FS or 105% of ASP+6%,2537.41,,,,,,,Fee Schedule,135 percent of Medicaid APG. otherwise 135% of Ordered NYS MCD FS or 135% of ASP+6%,2537.41,,,,,,,Fee Schedule,135 percent of Medicaid APG. otherwise 135% of Ordered NYS MCD FS or 135% of ASP+6%,3762.34,,,,,,,Case Rate,"100% Medicare OPPS FS. ",9024.56,,,,,,,Case Rate,". MPL 100/50/25% all add ons apply, and lesser of 100% of billed charges",3762.34,,,,,,,Case Rate,"100% Medicare OPPS FS. ",1973.54,,,,,,,Fee Schedule,105 percent of Medicaid APG. otherwise 105% of Ordered NYS MCD FS or 105% of ASP+6%,10351,,,,,,,Case Rate,". MPL 100/50/25% all add ons apply, and lesser of 100% of billed charges",3762.34,,,,,,,Case Rate,"100% Medicare OPPS FS. ",10351,,,,,,,Case Rate,". MPL 100/50/25% all add ons apply, and lesser of 100% of billed charges",10351,,,,,,,Case Rate,". MPL 100/50/25% all add ons apply, and lesser of 100% of billed charges",10351,,,,,,,Case Rate,". MPL 100/50/25% all add ons apply, and lesser of 100% of billed charges",1973.54,,,,,,,Fee Schedule,105 percent of Medicaid APG. otherwise 105% of Ordered NYS MCD FS or 105% of ASP+6%,3762.34,,,,,,,Case Rate,"100% Medicare OPPS FS. ",10351,,,,,,,Case Rate,". MPL 100/50/25% all add ons apply, and lesser of 100% of billed charges",2537.41,,,,,,,Fee Schedule,135 percent of Medicaid APG. otherwise 135% of Ordered NYS MCD FS or 135% of ASP+6%,10351,,,,,,,Case Rate,". MPL 100/50/25% all add ons apply, and lesser of 100% of billed charges",,200,,,,,0,Case Rate,200% of Medicare OPPS. ; No services were performed during the 15 month look back period.,3762.34,,,,,,,Case Rate,"100%Medicare OPPS FS. ",7163,,,,,,,Case Rate,". ",7163,,,,,,,Case Rate,". ",7163,,,,,,,Case Rate,". ",7163,,,,,,,Case Rate,". ",7163,,,,,,,Case Rate,". ",8427,,,,,,,Case Rate,". Primary procedure pays at 100%, all subsequent at 50%.",8427,,,,,,,Case Rate,". Primary procedure pays at 100%, all subsequent at 50%.",7163,,,,,,,Case Rate,". ",7163,,,,,,,Case Rate,". ",7163,,,,,,,Case Rate,". ",7163,,,,,,,Case Rate,". ",7163,,,,,,,Case Rate,". ",3762.34,,,,,,,Case Rate,"100% Medicare OPPS FS. ",8427,,,,,,,Case Rate,". Primary procedure pays at 100%, all subsequent at 50%.",3762.34,,,,,,,Case Rate,"100% Medicare OPPS FS. ",4229.01,,,,,,,Case Rate,"225 Percent of Medicaid APG. If not included in Medicaid APG, then 100 Percent of Manhattan Medicare",1879.56,,,,,,,Case Rate,"100 Percent of Medicaid APG. ",9024.56,,,,,,,Case Rate,". MPL 100/50/25% all add ons apply, and lesser of 100% of billed charges",9024.56,,,,,,,Case Rate,". MPL 100/50/25% all add ons apply, and lesser of 100% of billed charges",3762.34,,,,,,,Case Rate,"100% Medicare OPPS FS. ",12574,,,,,,,Case Rate,". Primary procedure pays at 100%, all subsequent at 50%.",3762.34,,,,,,,Case Rate,"100% Medicare OPPS FS. ",3762.34,,,,,,,Case Rate,"100% Medicare OPPS FS. ",6593,,,,,,,Case Rate,". Primary procedure pays at 100%, secondary at 50%, all subsequent at 25%.  Lesser of applies when negotiated rates exceed charges less addons.",3762.34,,,,,,,Case Rate,"100% Medicare OPPS FS. ",,60,,,,,0,percent of total billed charges,60 percent of billed charges; No services were performed during the 15 month look back period.,3762.34,,,,,,,Case Rate,"100% Medicare OPPS FS. ",,60,,,,,0,percent of total billed charges,60 percent of billed charges; No services were performed during the 15 month look back period.,6593,,,,,,,Case Rate,". Primary procedure pays at 100%, secondary at 50%, all subsequent at 25%.  Lesser of applies when negotiated rates exceed charges less addons.",,60,,,,,0,percent of total billed charges,60 percent of billed charges; No services were performed during the 15 month look back period.,3762.34,,,,,,,Case Rate,"100% Medicare OPPS FS. ",1879.56,,,,,,,Case Rate,"100 Percent of Medicaid APG. ",3762.34,,,,,,,Case Rate,"100% Medicare OPPS FS. ",,60,,,,,0,percent of total billed charges,60 percent of billed charges; No services were performed during the 15 month look back period.,9024.56,,,,,,,Case Rate,". MPL 100/50/25% all add ons apply, and lesser of 100% of billed charges",1879.56,,,,,,,Case Rate,"100 Percent of Medicaid APG. ",10351,,,,,,,Case Rate,". MPL 100/50/25% all add ons apply, and lesser of 100% of billed charges",2255.47,,,,,,,Fee Schedule,"120 Percent of Medicaid APG. ",2255.47,,,,,,,Fee Schedule,"120 Percent of Medicaid APG. ",10351,,,,,,,Case Rate,". MPL 100/50/25% all add ons apply, and lesser of 100% of billed charges",10351,,,,,,,Case Rate,". MPL 100/50/25% all add ons apply, and lesser of 100% of billed charges",10351,,,,,,,Case Rate,". MPL 100/50/25% all add ons apply, and lesser of 100% of billed charges",9024.56,,,,,,,Case Rate,". MPL 100/50/25% all add ons apply, and lesser of 100% of billed charges",10351,,,,,,,Case Rate,". MPL 100/50/25% all add ons apply, and lesser of 100% of billed charges",10351,,,,,,,Case Rate,". MPL 100/50/25% all add ons apply, and lesser of 100% of billed charges",10351,,,,,,,Case Rate,". MPL 100/50/25% all add ons apply, and lesser of 100% of billed charges",7163,,,,,,,Case Rate,". ",7163,,,,,,,Case Rate,". ",7449.43,,,,,,,Case Rate,198 Percent of Medicare OPPS. Metroplus will reimburse unlisted codes and described codes with no Medicare rate at 50 percent of charges.,1879.56,,,,,,,Case Rate,"100 Percent of Medicaid APG. ",9024.56,,,,,,,Case Rate,". MPL 100/50/25% all add ons apply, and lesser of 100% of billed charges",,60,,,,,0,percent of total billed charges,60 percent of billed charges; No services were performed during the 15 month look back period.,6593,,,,,,,Case Rate,". Primary procedure pays at 100%, secondary at 50%, all subsequent at 25%.  Lesser of applies when negotiated rates exceed charges less addons.",9024.56,,,,,,,Case Rate,". MPL 100/50/25% all add ons apply, and lesser of 100% of billed charges",6593,,,,,,,Case Rate,". Primary procedure pays at 100%, secondary at 50%, all subsequent at 25%.  Lesser of applies when negotiated rates exceed charges less addons.",9024.56,,,,,,,Case Rate,". MPL 100/50/25% all add ons apply, and lesser of 100% of billed charges",10351,,,,,,,Case Rate,". MPL 100/50/25% all add ons apply, and lesser of 100% of billed charges",10351,,,,,,,Case Rate,". MPL 100/50/25% all add ons apply, and lesser of 100% of billed charges",10351,,,,,,,Case Rate,". MPL 100/50/25% all add ons apply, and lesser of 100% of billed charges",10351,,,,,,,Case Rate,". MPL 100/50/25% all add ons apply, and lesser of 100% of billed charges",3762.34,,,,,,,Case Rate,"100% Medicare OPPS FS. ",1317.81,25798,
59151,CPT,2024955,LOCAL,361,RC,HC  TREAT ECTOPIC PREGNANCY,11656.59,2214.7521,both,,,,15878,,,,,,,Case Rate,". MPL 1st 100% of Payment Rate 50% of all others, all add ons apply, and lesser of 100% of billed charges.",15878,,,,,,,Case Rate,". MPL 1st 100% of Payment Rate 50% of all others, all add ons apply, and lesser of 100% of billed charges.",16624,,,,,,,Case Rate,". Primary procedure pays at 100%, secondary at 50%, all subsequent at 25%.  Lesser of applies when negotiated rates exceed charges less addons.",11656.59,100,,,,,0,percent of total billed charges,100 percent of billed charges. ; No services were performed during the 15 month look back period.,6903.8,,,,,,,Case Rate,"100% Medicare OPPS FS. ",16624,,,,,,,Case Rate,". Primary procedure pays at 100%, secondary at 50%, all subsequent at 25%.  Lesser of applies when negotiated rates exceed charges less addons.",16624,,,,,,,Case Rate,". Primary procedure pays at 100%, secondary at 50%, all subsequent at 25%.  Lesser of applies when negotiated rates exceed charges less addons.",16624,,,,,,,Case Rate,". Primary procedure pays at 100%, secondary at 50%, all subsequent at 25%.  Lesser of applies when negotiated rates exceed charges less addons.",2580.98,,,,,,,Case Rate,"100 Percent of Medicaid APG. ",2150.82,,,,,,,Case Rate,"100 Percent of Medicaid APG. ",9092.1402,78,,,,,0,percent of total billed charges,78% of Billed Charges. Lesser of 100% of billed charges applies.; No services were performed during the 15 month look back period.,18160.12,,,,,,,Case Rate,". MPL 100/50/25% all add ons apply, and lesser of 100% of billed charges",2150.82,,,,,,,Case Rate,"100 Percent of Medicaid APG. ",6903.8,,,,,,,Case Rate,"100% Medicare OPPS FS. ",6487,,,,,,,Case Rate,". MPL 100/50/25% maxmium of 3 procedures. All add ons apply, and lesser of 100% of billed charges",6487,,,,,,,Case Rate,". MPL 100/50/25% maxmium of 3 procedures. All add ons apply, and lesser of 100% of billed charges",6487,,,,,,,Case Rate,". MPL 100/50/25% maxmium of 3 procedures. All add ons apply, and lesser of 100% of billed charges",6487,,,,,,,Case Rate,". MPL 100/50/25% maxmium of 3 procedures. All add ons apply, and lesser of 100% of billed charges",2150.82,,,,,,,Case rate,124 Percent of Medicaid APG. Covered services not payable under Medicaid Fee Schedules default to a payment of 50 percent of charges.,6903.8,,,,,,,Case Rate,"100% Medicare OPPS FS. ",2150.82,,,,,,,Case rate,124 Percent of Medicaid APG. Covered services not payable under Medicaid Fee Schedules default to a payment of 50 percent of charges.,9092.1402,78,,,,,0,percent of total billed charges,78% of Billed Charges. Lesser of 100% of billed charges applies.; No services were performed during the 15 month look back period.,16624,,,,,,,Case Rate,". Primary procedure pays at 100%, secondary at 50%, all subsequent at 25%.  Lesser of applies when negotiated rates exceed charges less addons.",6903.8,,,,,,,Case Rate,"100%Medicare OPPS FS. ",13742,,,,,,,Case Rate,". Primary procedure pays at 100%, all subsequent at 50%.",6903.8,,,,,,,Case Rate,"100%Medicare OPPS FS. ",6903.8,,,,,,,Case Rate,"100%Medicare OPPS FS. ",9092.1402,78,,,,,0,percent of total billed charges,78% of Billed Charges. Lesser of 100% of billed charges applies.; No services were performed during the 15 month look back period.,2425.14,,,,,,,Case Rate,100% of PAS. Lesser of 100% of billed charges applies.,2425.14,,,,,,,Case Rate,100% of PAS. Lesser of 100% of billed charges applies.,2150.82,,,,,,,Case rate,"100 Percent of Medicaid APG. ",2150.82,,,,,,,Case rate,"100 Percent of Medicaid APG. ",13742,,,,,,,Case Rate,". Primary procedure pays at 100%, all subsequent at 50%.",13742,,,,,,,Case Rate,". Primary procedure pays at 100%, all subsequent at 50%.",2150.82,,,,,,,Case Rate,"100 Percent of Medicaid APG. Not APG payable, or payable under another fee schedule like ASP/AWP pays at 30% of charges",13742,,,,,,,Case Rate,". Primary procedure pays at 100%, all subsequent at 50%.",2150.82,,,,,,,Case Rate,"100 Percent of Medicaid APG. Not APG payable, or payable under another fee schedule like ASP/AWP pays at 30% of charges",6903.8,,,,,,,Case Rate,"100%Medicare OPPS FS. ",13742,,,,,,,Case Rate,". Primary procedure pays at 100%, all subsequent at 50%.",9092.1402,78,,,,,0,percent of total billed charges,78% of Billed Charges. Lesser of 100% of billed charges applies.; No services were performed during the 15 month look back period.,2150.82,,,,,,,Case Rate,"100 Percent of Medicaid APG. ",2150.82,,,,,,,Case Rate,"100 Percent of Medicaid APG. ",9092.1402,78,,,,,0,percent of total billed charges,78% of Billed Charges. Lesser of 100% of billed charges applies.; No services were performed during the 15 month look back period.,6487,,,,,,,Case Rate,". MPL 100/50/25% maxmium of 3 procedures. All add ons apply, and lesser of 100% of billed charges",16031,,,,,,,Case Rate,". MPL 100/50/25% all add ons apply, and lesser of 100% of billed charges",16031,,,,,,,Case Rate,". MPL 100/50/25% all add ons apply, and lesser of 100% of billed charges",9092.1402,78,,,,,0,percent of total billed charges,78% of Billed Charges. Lesser of 100% of billed charges applies.; No services were performed during the 15 month look back period.,6903.8,,,,,,,Case Rate,"100% Medicare OPPS FS. ",18160.12,,,,,,,Case Rate,". MPL 100/50/25% all add ons apply, and lesser of 100% of billed charges",18160.12,,,,,,,Case Rate,". MPL 100/50/25% all add ons apply, and lesser of 100% of billed charges",18160.12,,,,,,,Case Rate,". MPL 100/50/25% all add ons apply, and lesser of 100% of billed charges",6903.8,,,,,,,Case Rate,"100% Medicare OPPS FS. ",18160.12,,,,,,,Case Rate,". MPL 100/50/25% all add ons apply, and lesser of 100% of billed charges",18160.12,,,,,,,Case Rate,". MPL 100/50/25% all add ons apply, and lesser of 100% of billed charges",6903.8,,,,,,,Case Rate,"100% of Medicare OPPS. ",25798,,,,,,,Case Rate,". MPL 100/75/50% all add ons apply, and lesser of 100% of billed charges",18617,,,,,,,Case Rate,". MPL 100/50/25% all add ons apply, and lesser of 100% of billed charges",18617,,,,,,,Case Rate,". MPL 100/50/25% all add ons apply, and lesser of 100% of billed charges",18617,,,,,,,Case Rate,". MPL 100/50/25% all add ons apply, and lesser of 100% of billed charges",18617,,,,,,,Case Rate,". MPL 100/50/25% all add ons apply, and lesser of 100% of billed charges",18617,,,,,,,Case Rate,". MPL 100/50/25% all add ons apply, and lesser of 100% of billed charges",18617,,,,,,,Case Rate,". MPL 100/50/25% all add ons apply, and lesser of 100% of billed charges",6903.8,,,,,,,Case Rate,"100% Medicare OPPS FS. ",6903.8,,,,,,,Case Rate,"100% Medicare OPPS FS. ",18617,,,,,,,Case Rate,". MPL 100/50/25% all add ons apply, and lesser of 100% of billed charges",9092.1402,78,,,,,0,percent of total billed charges,78% of Billed Charges. Lesser of 100% of billed charges applies.; No services were performed during the 15 month look back period.,9092.1402,78,,,,,0,percent of total billed charges,78% of Billed Charges. Lesser of 100% of billed charges applies.; No services were performed during the 15 month look back period.,9092.1402,78,,,,,0,percent of total billed charges,78% of Billed Charges. Lesser of 100% of billed charges applies.; No services were performed during the 15 month look back period.,9092.1402,78,,,,,0,percent of total billed charges,78% of Billed Charges. Lesser of 100% of billed charges applies.; No services were performed during the 15 month look back period.,9092.1402,78,,,,,0,percent of total billed charges,78% of Billed Charges. Lesser of 100% of billed charges applies.; No services were performed during the 15 month look back period.,9092.1402,78,,,,,0,percent of total billed charges,78% of Billed Charges. Lesser of 100% of billed charges applies.; No services were performed during the 15 month look back period.,9092.1402,78,,,,,0,percent of total billed charges,78% of Billed Charges. Lesser of 100% of billed charges applies.; No services were performed during the 15 month look back period.,9092.1402,78,,,,,0,percent of total billed charges,78% of Billed Charges. Lesser of 100% of billed charges applies.; No services were performed during the 15 month look back period.,9092.1402,78,,,,,0,percent of total billed charges,78% of Billed Charges. Lesser of 100% of billed charges applies.; No services were performed during the 15 month look back period.,9092.1402,78,,,,,0,percent of total billed charges,78% of Billed Charges. Lesser of 100% of billed charges applies.; No services were performed during the 15 month look back period.,9092.1402,78,,,,,0,percent of total billed charges,78% of Billed Charges. Lesser of 100% of billed charges applies.; No services were performed during the 15 month look back period.,9092.1402,78,,,,,0,percent of total billed charges,78% of Billed Charges. Lesser of 100% of billed charges applies.; No services were performed during the 15 month look back period.,9092.1402,78,,,,,0,percent of total billed charges,78% of Billed Charges. Lesser of 100% of billed charges applies.; No services were performed during the 15 month look back period.,9092.1402,78,,,,,0,percent of total billed charges,78% of Billed Charges. Lesser of 100% of billed charges applies.; No services were performed during the 15 month look back period.,9092.1402,78,,,,,0,percent of total billed charges,78% of Billed Charges. Lesser of 100% of billed charges applies.; No services were performed during the 15 month look back period.,9092.1402,78,,,,,0,percent of total billed charges,78% of Billed Charges. Lesser of 100% of billed charges applies.; No services were performed during the 15 month look back period.,9092.1402,78,,,,,0,percent of total billed charges,78% of Billed Charges. Lesser of 100% of billed charges applies.; No services were performed during the 15 month look back period.,9092.1402,78,,,,,0,percent of total billed charges,78% of Billed Charges. Lesser of 100% of billed charges applies.; No services were performed during the 15 month look back period.,9092.1402,78,,,,,0,percent of total billed charges,78% of Billed Charges. Lesser of 100% of billed charges applies.; No services were performed during the 15 month look back period.,9092.1402,78,,,,,0,percent of total billed charges,78% of Billed Charges. Lesser of 100% of billed charges applies.; No services were performed during the 15 month look back period.,9092.1402,78,,,,,0,percent of total billed charges,78% of Billed Charges. Lesser of 100% of billed charges applies.; No services were performed during the 15 month look back period.,9092.1402,78,,,,,0,percent of total billed charges,78% of Billed Charges. Lesser of 100% of billed charges applies.; No services were performed during the 15 month look back period.,9092.1402,78,,,,,0,percent of total billed charges,78% of Billed Charges. Lesser of 100% of billed charges applies.; No services were performed during the 15 month look back period.,9092.1402,78,,,,,0,percent of total billed charges,78% of Billed Charges. Lesser of 100% of billed charges applies.; No services were performed during the 15 month look back period.,9092.1402,78,,,,,0,percent of total billed charges,78% of Billed Charges. Lesser of 100% of billed charges applies.; No services were performed during the 15 month look back period.,9092.1402,78,,,,,0,percent of total billed charges,78% of Billed Charges. Lesser of 100% of billed charges applies.; No services were performed during the 15 month look back period.,13742,,,,,,,Case Rate,". Primary procedure pays at 100%, all subsequent at 50%.",13742,,,,,,,Case Rate,". Primary procedure pays at 100%, all subsequent at 50%.",13742,,,,,,,Case Rate,". Primary procedure pays at 100%, all subsequent at 50%.",13742,,,,,,,Case Rate,". Primary procedure pays at 100%, all subsequent at 50%.",19424,,,,,,,Case Rate,". Primary procedure pays at 100%, all subsequent at 50%.",19424,,,,,,,Case Rate,". Primary procedure pays at 100%, all subsequent at 50%.",6487,,,,,,,Case Rate,". MPL 100/50/25% maxmium of 3 procedures. All add ons apply, and lesser of 100% of billed charges",18617,,,,,,,Case Rate,". MPL 100/50/25% all add ons apply, and lesser of 100% of billed charges",18160.12,,,,,,,Case Rate,". MPL 100/50/25% all add ons apply, and lesser of 100% of billed charges",18617,,,,,,,Case Rate,". MPL 100/50/25% all add ons apply, and lesser of 100% of billed charges",9092.1402,78,,,,,0,percent of total billed charges,78% of Billed Charges. Lesser of 100% of billed charges applies.; No services were performed during the 15 month look back period.,19424,,,,,,,Case Rate,". Primary procedure pays at 100%, all subsequent at 50%.",18617,,,,,,,Case Rate,". MPL 100/50/25% all add ons apply, and lesser of 100% of billed charges",18160.12,,,,,,,Case Rate,". MPL 100/50/25% all add ons apply, and lesser of 100% of billed charges",6487,,,,,,,Case Rate,". MPL 100/50/25% maxmium of 3 procedures. All add ons apply, and lesser of 100% of billed charges",,,,,,,,,"NA. ",9092.1402,78,,,,,0,percent of total billed charges,78% of Billed Charges. Lesser of 100% of billed charges applies.; No services were performed during the 15 month look back period.,2150.82,,,,,,,Case Rate,"100 Percent of Medicaid APG. ",13742,,,,,,,Case Rate,". Primary procedure pays at 100%, all subsequent at 50%.",2150.82,,,,,,,Case Rate,"100 Percent of Medicaid APG. Not APG payable, or payable under another fee schedule like ASP/AWP pays at 30% of charges",6903.8,,,,,,,Case Rate,"100%Medicare OPPS FS. ",6903.8,,,,,,,Case Rate,"100% Medicare OPPS FS. ",25798,,,,,,,Case Rate,". MPL 100/75/50% all add ons apply, and lesser of 100% of billed charges",6903.8,,,,,,,Case Rate,"100% Medicare OPPS FS. ",6903.8,,,,,,,Case Rate,"100% Medicare OPPS FS. ",2150.82,,,,,,,Case Rate,"100 Percent of Medicaid APG. ",6903.8,,,,,,,Case Rate,"100% Medicare OPPS FS. ",6903.8,,,,,,,Case Rate,"100% Medicare OPPS FS. ",16624,,,,,,,Case Rate,". Primary procedure pays at 100%, secondary at 50%, all subsequent at 25%.  Lesser of applies when negotiated rates exceed charges less addons.",16624,,,,,,,Case Rate,". Primary procedure pays at 100%, secondary at 50%, all subsequent at 25%.  Lesser of applies when negotiated rates exceed charges less addons.",6903.8,,,,,,,Case Rate,"100% Medicare OPPS FS. ",6487,,,,,,,Case Rate,". MPL 100/50/25% maxmium of 3 procedures. All add ons apply, and lesser of 100% of billed charges",18160.12,,,,,,,Case Rate,". MPL 100/50/25% all add ons apply, and lesser of 100% of billed charges",18160.12,,,,,,,Case Rate,". MPL 100/50/25% all add ons apply, and lesser of 100% of billed charges",6903.8,,,,,,,Case Rate,"100% Medicare OPPS FS. ",6487,,,,,,,Case Rate,". MPL 100/50/25% maxmium of 3 procedures. All add ons apply, and lesser of 100% of billed charges",16624,,,,,,,Case Rate,". Primary procedure pays at 100%, secondary at 50%, all subsequent at 25%.  Lesser of applies when negotiated rates exceed charges less addons.",16624,,,,,,,Case Rate,". Primary procedure pays at 100%, secondary at 50%, all subsequent at 25%.  Lesser of applies when negotiated rates exceed charges less addons.",16624,,,,,,,Case Rate,". Primary procedure pays at 100%, secondary at 50%, all subsequent at 25%.  Lesser of applies when negotiated rates exceed charges less addons.",9092.1402,78,,,,,0,percent of total billed charges,78% of Billed Charges. Lesser of 100% of billed charges applies.; No services were performed during the 15 month look back period.,9092.1402,78,,,,,0,percent of total billed charges,78% of Billed Charges. Lesser of 100% of billed charges applies.; No services were performed during the 15 month look back period.,9092.1402,78,,,,,0,percent of total billed charges,78% of Billed Charges. Lesser of 100% of billed charges applies.; No services were performed during the 15 month look back period.,9092.1402,78,,,,,0,percent of total billed charges,78% of Billed Charges. Lesser of 100% of billed charges applies.; No services were performed during the 15 month look back period.,9092.1402,78,,,,,0,percent of total billed charges,78% of Billed Charges. Lesser of 100% of billed charges applies.; No services were performed during the 15 month look back period.,9092.1402,78,,,,,0,percent of total billed charges,78% of Billed Charges. Lesser of 100% of billed charges applies.; No services were performed during the 15 month look back period.,9092.1402,78,,,,,0,percent of total billed charges,78% of Billed Charges. Lesser of 100% of billed charges applies.; No services were performed during the 15 month look back period.,9092.1402,78,,,,,0,percent of total billed charges,78% of Billed Charges. Lesser of 100% of billed charges applies.; No services were performed during the 15 month look back period.,9092.1402,78,,,,,0,percent of total billed charges,78% of Billed Charges. Lesser of 100% of billed charges applies.; No services were performed during the 15 month look back period.,9092.1402,78,,,,,0,percent of total billed charges,78% of Billed Charges. Lesser of 100% of billed charges applies.; No services were performed during the 15 month look back period.,9092.1402,78,,,,,0,percent of total billed charges,78% of Billed Charges. Lesser of 100% of billed charges applies.; No services were performed during the 15 month look back period.,19424,,,,,,,Case Rate,". Primary procedure pays at 100%, all subsequent at 50%.",18617,,,,,,,Case Rate,". MPL 100/50/25% all add ons apply, and lesser of 100% of billed charges",6487,,,,,,,Case Rate,". MPL 100/50/25% maxmium of 3 procedures. All add ons apply, and lesser of 100% of billed charges",6903.8,,,,,,,Case Rate,"100% Medicare OPPS FS. ",16624,,,,,,,Case Rate,". Primary procedure pays at 100%, secondary at 50%, all subsequent at 25%.  Lesser of applies when negotiated rates exceed charges less addons.",6487,,,,,,,Case Rate,". MPL 100/50/25% maxmium of 3 procedures. All add ons apply, and lesser of 100% of billed charges",6487,,,,,,,Case Rate,". MPL 100/50/25% maxmium of 3 procedures. All add ons apply, and lesser of 100% of billed charges",9092.1402,78,,,,,0,percent of total billed charges,78% of Billed Charges. Lesser of 100% of billed charges applies.; No services were performed during the 15 month look back period.,4602.75,,,,,,,Case Rate,"214 Percent of Medicaid APG. Drugs not priced under APG, billed with revenue code 636 and not priced by Medicare ASP FeeSched will be reimbursed at 20% of charges.",6487,,,,,,,Case Rate,". MPL 100/50/25% maxmium of 3 procedures. All add ons apply, and lesser of 100% of billed charges",2150.82,,,,,,,Case Rate,"100 Percent of Medicaid APG. ",6903.8,,,,,,,Case Rate,"100% Medicare OPPS FS. ",6903.8,,,,,,,Case Rate,"100% Medicare OPPS FS. ",6903.8,,,,,,,Case Rate,"100% Medicare OPPS FS. ",6903.8,,,,,,,Case Rate,"100% Medicare OPPS FS. ",6903.8,,,,,,,Case Rate,"100% Medicare OPPS FS. ",6903.8,,,,,,,Case Rate,"100% Medicare OPPS FS. ",6487,,,,,,,Case Rate,". MPL 100/50/25% maxmium of 3 procedures. All add ons apply, and lesser of 100% of billed charges",25798,,,,,,,Case Rate,". MPL 100/75/50% all add ons apply, and lesser of 100% of billed charges",3871.47,,,,,,,Fee Schedule,"180 Percent of Medicaid APG. ",3871.47,,,,,,,Fee Schedule,"180 Percent of Medicaid APG. ",3871.47,,,,,,,Fee Schedule,"180 Percent of Medicaid APG. ",3871.47,,,,,,,Fee Schedule,"180 Percent of Medicaid APG. ",3871.47,,,,,,,Fee Schedule,"180 Percent of Medicaid APG. ",,,,,,,,,"NA. ",25798,,,,,,,Case Rate,". MPL 100/75/50% all add ons apply, and lesser of 100% of billed charges",13669.52,,,,,,,Case Rate,198 Percent of Medicare OPPS. Metroplus will reimburse unlisted codes and described codes with no Medicare rate at 50 percent of charges.,13669.52,,,,,,,Case Rate,198 Percent of Medicare OPPS. Metroplus will reimburse unlisted codes and described codes with no Medicare rate at 50 percent of charges.,13669.52,,,,,,,Case Rate,198 Percent of Medicare OPPS. Metroplus will reimburse unlisted codes and described codes with no Medicare rate at 50 percent of charges.,13669.52,,,,,,,Case Rate,198 Percent of Medicare OPPS. Metroplus will reimburse unlisted codes and described codes with no Medicare rate at 50 percent of charges.,13669.52,,,,,,,Case Rate,198 Percent of Medicare OPPS. Metroplus will reimburse unlisted codes and described codes with no Medicare rate at 50 percent of charges.,6903.8,,,,,,,Case Rate,"100% Medicare OPPS FS. ",19424,,,,,,,Case Rate,". Primary procedure pays at 100%, all subsequent at 50%.",19424,,,,,,,Case Rate,". Primary procedure pays at 100%, all subsequent at 50%.",19424,,,,,,,Case Rate,". Primary procedure pays at 100%, all subsequent at 50%.",19424,,,,,,,Case Rate,". Primary procedure pays at 100%, all subsequent at 50%.",16624,,,,,,,Case Rate,". Primary procedure pays at 100%, secondary at 50%, all subsequent at 25%.  Lesser of applies when negotiated rates exceed charges less addons.",16624,,,,,,,Case Rate,". Primary procedure pays at 100%, secondary at 50%, all subsequent at 25%.  Lesser of applies when negotiated rates exceed charges less addons.",16624,,,,,,,Case Rate,". Primary procedure pays at 100%, secondary at 50%, all subsequent at 25%.  Lesser of applies when negotiated rates exceed charges less addons.",16624,,,,,,,Case Rate,". Primary procedure pays at 100%, secondary at 50%, all subsequent at 25%.  Lesser of applies when negotiated rates exceed charges less addons.",25798,,,,,,,Case Rate,". MPL 100/75/50% all add ons apply, and lesser of 100% of billed charges",25798,,,,,,,Case Rate,". MPL 100/75/50% all add ons apply, and lesser of 100% of billed charges",6903.8,,,,,,,Case Rate,"100% Medicare OPPS FS. ",6903.8,,,,,,,Case Rate,"100% Medicare OPPS FS. ",6903.8,,,,,,,Case Rate,"100% Medicare OPPS FS. ",18617,,,,,,,Case Rate,". MPL 100/50/25% all add ons apply, and lesser of 100% of billed charges",18617,,,,,,,Case Rate,". MPL 100/50/25% all add ons apply, and lesser of 100% of billed charges",18617,,,,,,,Case Rate,". MPL 100/50/25% all add ons apply, and lesser of 100% of billed charges",25798,,,,,,,Case Rate,". MPL 100/75/50% all add ons apply, and lesser of 100% of billed charges",16624,,,,,,,Case Rate,". Primary procedure pays at 100%, secondary at 50%, all subsequent at 25%.  Lesser of applies when negotiated rates exceed charges less addons.",6903.8,,,,,,,Case Rate,"100% Medicare OPPS FS. ",18617,,,,,,,Case Rate,". MPL 100/50/25% all add ons apply, and lesser of 100% of billed charges",2150.82,,,,,,,Case Rate,"100 Percent of Medicaid APG. ",7041.87,,,,,,,Case Rate,"102% of Medicare OPPS. ",7041.87,,,,,,,Case Rate,"102% of Medicare OPPS. ",7041.87,,,,,,,Case Rate,"102% of Medicare OPPS. ",2150.82,,,,,,,Case rate,"100 Percent of Medicaid APG. ",4839.34,,,,,,,Case Rate,225% of NYS APG. Lesser of 100% of billed charges applies.,4839.34,,,,,,,Case Rate,225% of NYS APG. Lesser of 100% of billed charges applies.,4839.34,,,,,,,Case Rate,225% of NYS APG. Lesser of 100% of billed charges applies.,4839.34,,,,,,,Case Rate,225% of NYS APG. Lesser of 100% of billed charges applies.,4839.34,,,,,,,Case Rate,225% of NYS APG. Lesser of 100% of billed charges applies.,7041.87,,,,,,,Case Rate,"102% of Medicare OPPS. ",2150.82,,,,,,,Case Rate,"100 Percent of Medicaid APG. ",2425.14,,,,,,,Case Rate,100% of PAS. Lesser of 100% of billed charges applies.,4839.34,,,,,,,Case Rate,225% of NYS APG. Lesser of 100% of billed charges applies.,4839.34,,,,,,,Case Rate,225% of NYS APG. Lesser of 100% of billed charges applies.,2425.14,,,,,,,Case Rate,100% of PAS. Lesser of 100% of billed charges applies.,2425.14,,,,,,,Case Rate,100% of PAS. Lesser of 100% of billed charges applies.,3871.47,,,,,,,Fee Schedule,"180 Percent of Medicaid APG. ",6903.8,,,,,,,Case Rate,"100% Medicare OPPS FS. ",6903.8,,,,,,,Case Rate,"100% Medicare OPPS FS. ",16624,,,,,,,Case Rate,". Primary procedure pays at 100%, secondary at 50%, all subsequent at 25%.  Lesser of applies when negotiated rates exceed charges less addons.",6903.8,,,,,,,Case Rate,"100% Medicare OPPS FS. ",4839.34,,,,,,,Case Rate,"225 Percent of Medicaid APG. ",4839.34,,,,,,,Case Rate,"225 Percent of Medicaid APG. ",2150.82,,,,,,,Case rate,"100 Percent of Medicaid APG. ",2150.82,,,,,,,Case rate,"100 Percent of Medicaid APG. ",4839.34,,,,,,,Case Rate,225 Percent of Medicaid APG. Covered services not payable under Medicaid Fee Schedules default to a payment of 87.5 percent of charges.,2150.82,,,,,,,Case rate,124 Percent of Medicaid APG. Covered services not payable under Medicaid Fee Schedules default to a payment of 50 percent of charges.,4839.34,,,,,,,Case Rate,"100 Percent of Medicaid APG. ",4839.34,,,,,,,Case Rate,"100 Percent of Medicaid APG. ",4839.34,,,,,,,Case Rate,"100 Percent of Medicaid APG. ",4839.34,,,,,,,Case Rate,"100 Percent of Medicaid APG. ",13453,,,,,,,Case Rate,". MPL 100/75/50% all add ons apply, and lesser of 100% of billed charges",25798,,,,,,,Case Rate,". MPL 100/75/50% all add ons apply, and lesser of 100% of billed charges",2580.98,,,,,,,Case Rate,"120 Percent of Medicaid APG. Not APG payable, or payable under another fee schedule like ASP/AWP pays at 30% of charges",2580.98,,,,,,,Case Rate,"120 Percent of Medicaid APG. Not APG payable, or payable under another fee schedule like ASP/AWP pays at 30% of charges",2150.82,,,,,,,Case Rate,"100 Percent of Medicaid APG. Not APG payable, or payable under another fee schedule like ASP/AWP pays at 30% of charges",2150.82,,,,,,,Case Rate,"100 Percent of Medicaid APG. Not APG payable, or payable under another fee schedule like ASP/AWP pays at 30% of charges",18617,,,,,,,Case Rate,". MPL 100/50/25% all add ons apply, and lesser of 100% of billed charges",18617,,,,,,,Case Rate,". MPL 100/50/25% all add ons apply, and lesser of 100% of billed charges",6903.8,,,,,,,Case Rate,"100% Medicare OPPS FS. ",18617,,,,,,,Case Rate,". MPL 100/50/25% all add ons apply, and lesser of 100% of billed charges",18617,,,,,,,Case Rate,". MPL 100/50/25% all add ons apply, and lesser of 100% of billed charges",18617,,,,,,,Case Rate,". MPL 100/50/25% all add ons apply, and lesser of 100% of billed charges",18617,,,,,,,Case Rate,". MPL 100/50/25% all add ons apply, and lesser of 100% of billed charges",6903.8,,,,,,,Case Rate,"100% Medicare OPPS FS. ",18617,,,,,,,Case Rate,". MPL 100/50/25% all add ons apply, and lesser of 100% of billed charges",18617,,,,,,,Case Rate,". MPL 100/50/25% all add ons apply, and lesser of 100% of billed charges",16624,,,,,,,Case Rate,". Primary procedure pays at 100%, secondary at 50%, all subsequent at 25%.  Lesser of applies when negotiated rates exceed charges less addons.",2150.82,,,,,,,Fee Schedule,100% APG. Lesser of 100% of billed charges applies.,2150.82,,,,,,,Case rate,124 Percent of Medicaid APG. Covered services not payable under Medicaid Fee Schedules default to a payment of 50 percent of charges.,4839.34,,,,,,,Case Rate,225% of NYS APG. Lesser of 100% of billed charges applies.,4839.34,,,,,,,Case Rate,225 Percent of Medicaid APG. Covered services not payable under Medicaid Fee Schedules default to a payment of 87.5 percent of charges.,2150.82,,,,,,,Case rate,124 Percent of Medicaid APG. Covered services not payable under Medicaid Fee Schedules default to a payment of 50 percent of charges.,4839.34,,,,,,,Case Rate,225% of NYS APG. Lesser of 100% of billed charges applies.,4839.34,,,,,,,Case Rate,225% of NYS APG. Lesser of 100% of billed charges applies.,4839.34,,,,,,,Case Rate,225% of NYS APG. Lesser of 100% of billed charges applies.,4839.34,,,,,,,Case Rate,225% of NYS APG. Lesser of 100% of billed charges applies.,4839.34,,,,,,,Case Rate,225% of NYS APG. Lesser of 100% of billed charges applies.,4839.34,,,,,,,Case Rate,225% of NYS APG. Lesser of 100% of billed charges applies.,,,,,,,,,"NA. ",,,,,,,,,"NA. ",,,,,,,,,"NA. ",6487,,,,,,,Case Rate,". MPL 100/50/25% maxmium of 3 procedures. All add ons apply, and lesser of 100% of billed charges",,,,,,,,,"NA. ",6903.8,,,,,,,Case Rate,"100% Medicare OPPS FS. ",15878,,,,,,,Case Rate,". MPL 1st 100% of Payment Rate 50% of all others, all add ons apply, and lesser of 100% of billed charges.",6903.8,,,,,,,Case Rate,"100% Medicare OPPS FS. ",6903.8,,,,,,,Case Rate,"100% Medicare OPPS FS. ",2580.98,,,,,,,Case Rate,"120 Percent of Medicaid APG. Not APG payable, or payable under another fee schedule like ASP/AWP pays at 30% of charges",2580.98,,,,,,,Case Rate,"120 Percent of Medicaid APG. Not APG payable, or payable under another fee schedule like ASP/AWP pays at 30% of charges",2150.82,,,,,,,Case Rate,"100 Percent of Medicaid APG. Not APG payable, or payable under another fee schedule like ASP/AWP pays at 30% of charges",2150.82,,,,,,,Case Rate,"100 Percent of Medicaid APG. Not APG payable, or payable under another fee schedule like ASP/AWP pays at 30% of charges",2150.82,,,,,,,Case Rate,"100 Percent of Medicaid APG. ",11681,,,,,,,Case Rate,". ",16624,,,,,,,Case Rate,". Primary procedure pays at 100%, secondary at 50%, all subsequent at 25%.  Lesser of applies when negotiated rates exceed charges less addons.",13742,,,,,,,Case Rate,". Primary procedure pays at 100%, all subsequent at 50%.",6487,,,,,,,Case Rate,". MPL 100/50/25% maxmium of 3 procedures. All add ons apply, and lesser of 100% of billed charges",6903.8,,,,,,,Case Rate,"100%Medicare OPPS FS. ",6903.8,,,,,,,Case Rate,"100% Medicare OPPS FS. ",6903.8,,,,,,,Case Rate,"100% Medicare OPPS FS. ",6903.8,,,,,,,Case Rate,"100% Medicare OPPS FS. ",6903.8,,,,,,,Case Rate,"100%Medicare OPPS FS. ",6903.8,,,,,,,Case Rate,"100% Medicare OPPS FS. ",,,,,,,,,"NA. ",4839.34,,,,,,,Case Rate,225% of NYS APG. Lesser of 100% of billed charges applies.,2425.14,,,,,,,Case Rate,100% of PAS. Lesser of 100% of billed charges applies.,18617,,,,,,,Case Rate,". MPL 100/50/25% all add ons apply, and lesser of 100% of billed charges",11681,,,,,,,Case Rate,". ",11681,,,,,,,Case Rate,". ",11681,,,,,,,Case Rate,". ",11681,,,,,,,Case Rate,". ",6903.8,,,,,,,Case Rate,"100% Medicare OPPS FS. ",2150.82,,,,,,,Case Rate,"100 Percent of Medicaid APG. ",18617,,,,,,,Case Rate,". MPL 100/50/25% all add ons apply, and lesser of 100% of billed charges",2150.82,,,,,,,Case Rate,"100 Percent of Medicaid APG. ",6903.8,,,,,,,Case Rate,"100% Medicare OPPS FS. ",2150.82,,,,,,,Case Rate,"100 Percent of Medicaid APG. ",6903.8,,,,,,,Case Rate,"100% Medicare OPPS FS. ",6903.8,,,,,,,Case Rate,"100% Medicare OPPS FS. ",2150.82,,,,,,,Case Rate,"100 Percent of Medicaid APG. ",2150.82,,,,,,,Case Rate,"100 Percent of Medicaid APG. ",11681,,,,,,,Case Rate,". ",6487,,,,,,,Case Rate,". MPL 100/50/25% maxmium of 3 procedures. All add ons apply, and lesser of 100% of billed charges",9092.1402,78,,,,,0,percent of total billed charges,78% of Billed Charges. Lesser of 100% of billed charges applies.; No services were performed during the 15 month look back period.,18160.12,,,,,,,Case Rate,". MPL 100/50/25% all add ons apply, and lesser of 100% of billed charges",18160.12,,,,,,,Case Rate,". MPL 100/50/25% all add ons apply, and lesser of 100% of billed charges",16624,,,,,,,Case Rate,". Primary procedure pays at 100%, secondary at 50%, all subsequent at 25%.  Lesser of applies when negotiated rates exceed charges less addons.",2746.55,,,,,,,Case Rate,"83% HF Fee schedule. ",19424,,,,,,,Case Rate,". Primary procedure pays at 100%, all subsequent at 50%.",19424,,,,,,,Case Rate,". Primary procedure pays at 100%, all subsequent at 50%.",14894,,,,,,,Case Rate,". MPL 100/50/25% all add ons apply, and lesser of 100% of billed charges",14894,,,,,,,Case Rate,". MPL 100/50/25% all add ons apply, and lesser of 100% of billed charges",6903.8,,,,,,,Case Rate,"100% Medicare OPPS FS. ",6903.8,,,,,,,Case Rate,"100% Medicare OPPS FS. ",6903.8,,,,,,,Case Rate,"100% Medicare OPPS FS. ",6903.8,,,,,,,Case Rate,"100% Medicare OPPS FS. ",18160.12,,,,,,,Case Rate,". MPL 100/50/25% all add ons apply, and lesser of 100% of billed charges",18617,,,,,,,Case Rate,". MPL 100/50/25% all add ons apply, and lesser of 100% of billed charges",18617,,,,,,,Case Rate,". MPL 100/50/25% all add ons apply, and lesser of 100% of billed charges",6903.8,,,,,,,Case Rate,"100% Medicare OPPS FS. ",14894,,,,,,,Case Rate,". MPL 100/50/25% all add ons apply, and lesser of 100% of billed charges",13742,,,,,,,Case Rate,". Primary procedure pays at 100%, all subsequent at 50%.",2580.98,,,,,,,Fee Schedule,"120 Percent of Medicaid APG. ",2150.82,,,,,,,Case Rate,"100 Percent of Medicaid APG. ",11681,,,,,,,Case Rate,". ",16755,,,,,,,Case Rate,". MPL 100/50/25% all add ons apply, and lesser of 100% of billed charges",16755,,,,,,,Case Rate,". MPL 100/50/25% all add ons apply, and lesser of 100% of billed charges",18617,,,,,,,Case Rate,". MPL 100/50/25% all add ons apply, and lesser of 100% of billed charges",14948,,,,,,,Case Rate,". MPL 100/75/50% all add ons apply, and lesser of 100% of billed charges",6903.8,,,,,,,Case Rate,"100%Medicare OPPS FS. ",2258.36,,,,,,,Fee Schedule,105 percent of Medicaid APG. otherwise 105% of Ordered NYS MCD FS or 105% of ASP+6%,2258.36,,,,,,,Fee Schedule,105 percent of Medicaid APG. otherwise 105% of Ordered NYS MCD FS or 105% of ASP+6%,2258.36,,,,,,,Fee Schedule,105 percent of Medicaid APG. otherwise 105% of Ordered NYS MCD FS or 105% of ASP+6%,2903.6,,,,,,,Fee Schedule,135 percent of Medicaid APG. otherwise 135% of Ordered NYS MCD FS or 135% of ASP+6%,18160.12,,,,,,,Case Rate,". MPL 100/50/25% all add ons apply, and lesser of 100% of billed charges",2258.36,,,,,,,Fee Schedule,105 percent of Medicaid APG. otherwise 105% of Ordered NYS MCD FS or 105% of ASP+6%,2258.36,,,,,,,Fee Schedule,105 percent of Medicaid APG. otherwise 105% of Ordered NYS MCD FS or 105% of ASP+6%,2258.36,,,,,,,Fee Schedule,105 percent of Medicaid APG. otherwise 105% of Ordered NYS MCD FS or 105% of ASP+6%,2258.36,,,,,,,Fee Schedule,105 percent of Medicaid APG. otherwise 105% of Ordered NYS MCD FS or 105% of ASP+6%,2258.36,,,,,,,Fee Schedule,105 percent of Medicaid APG. otherwise 105% of Ordered NYS MCD FS or 105% of ASP+6%,2903.6,,,,,,,Fee Schedule,135 percent of Medicaid APG. otherwise 135% of Ordered NYS MCD FS or 135% of ASP+6%,2903.6,,,,,,,Fee Schedule,135 percent of Medicaid APG. otherwise 135% of Ordered NYS MCD FS or 135% of ASP+6%,6903.8,,,,,,,Case Rate,"100% Medicare OPPS FS. ",18160.12,,,,,,,Case Rate,". MPL 100/50/25% all add ons apply, and lesser of 100% of billed charges",6903.8,,,,,,,Case Rate,"100% Medicare OPPS FS. ",2258.36,,,,,,,Fee Schedule,105 percent of Medicaid APG. otherwise 105% of Ordered NYS MCD FS or 105% of ASP+6%,18617,,,,,,,Case Rate,". MPL 100/50/25% all add ons apply, and lesser of 100% of billed charges",6903.8,,,,,,,Case Rate,"100% Medicare OPPS FS. ",18617,,,,,,,Case Rate,". MPL 100/50/25% all add ons apply, and lesser of 100% of billed charges",18617,,,,,,,Case Rate,". MPL 100/50/25% all add ons apply, and lesser of 100% of billed charges",18617,,,,,,,Case Rate,". MPL 100/50/25% all add ons apply, and lesser of 100% of billed charges",2258.36,,,,,,,Fee Schedule,105 percent of Medicaid APG. otherwise 105% of Ordered NYS MCD FS or 105% of ASP+6%,6903.8,,,,,,,Case Rate,"100% Medicare OPPS FS. ",18617,,,,,,,Case Rate,". MPL 100/50/25% all add ons apply, and lesser of 100% of billed charges",2903.6,,,,,,,Fee Schedule,135 percent of Medicaid APG. otherwise 135% of Ordered NYS MCD FS or 135% of ASP+6%,18617,,,,,,,Case Rate,". MPL 100/50/25% all add ons apply, and lesser of 100% of billed charges",23313.18,200,,,,,0,Case Rate,200% of Medicare OPPS. ; No services were performed during the 15 month look back period.,6903.8,,,,,,,Case Rate,"100%Medicare OPPS FS. ",11681,,,,,,,Case Rate,". ",11681,,,,,,,Case Rate,". ",11681,,,,,,,Case Rate,". ",11681,,,,,,,Case Rate,". ",11681,,,,,,,Case Rate,". ",13742,,,,,,,Case Rate,". Primary procedure pays at 100%, all subsequent at 50%.",13742,,,,,,,Case Rate,". Primary procedure pays at 100%, all subsequent at 50%.",11681,,,,,,,Case Rate,". ",11681,,,,,,,Case Rate,". ",11681,,,,,,,Case Rate,". ",11681,,,,,,,Case Rate,". ",11681,,,,,,,Case Rate,". ",6903.8,,,,,,,Case Rate,"100% Medicare OPPS FS. ",13742,,,,,,,Case Rate,". Primary procedure pays at 100%, all subsequent at 50%.",6903.8,,,,,,,Case Rate,"100% Medicare OPPS FS. ",4839.34,,,,,,,Case Rate,"225 Percent of Medicaid APG. If not included in Medicaid APG, then 100 Percent of Manhattan Medicare",2150.82,,,,,,,Case Rate,"100 Percent of Medicaid APG. ",18160.12,,,,,,,Case Rate,". MPL 100/50/25% all add ons apply, and lesser of 100% of billed charges",18160.12,,,,,,,Case Rate,". MPL 100/50/25% all add ons apply, and lesser of 100% of billed charges",6903.8,,,,,,,Case Rate,"100% Medicare OPPS FS. ",19424,,,,,,,Case Rate,". Primary procedure pays at 100%, all subsequent at 50%.",6903.8,,,,,,,Case Rate,"100% Medicare OPPS FS. ",6903.8,,,,,,,Case Rate,"100% Medicare OPPS FS. ",16624,,,,,,,Case Rate,". Primary procedure pays at 100%, secondary at 50%, all subsequent at 25%.  Lesser of applies when negotiated rates exceed charges less addons.",6903.8,,,,,,,Case Rate,"100% Medicare OPPS FS. ",6487,,,,,,,Case Rate,". MPL 100/50/25% maxmium of 3 procedures. All add ons apply, and lesser of 100% of billed charges",6903.8,,,,,,,Case Rate,"100% Medicare OPPS FS. ",6487,,,,,,,Case Rate,". MPL 100/50/25% maxmium of 3 procedures. All add ons apply, and lesser of 100% of billed charges",16624,,,,,,,Case Rate,". Primary procedure pays at 100%, secondary at 50%, all subsequent at 25%.  Lesser of applies when negotiated rates exceed charges less addons.",6487,,,,,,,Case Rate,". MPL 100/50/25% maxmium of 3 procedures. All add ons apply, and lesser of 100% of billed charges",6903.8,,,,,,,Case Rate,"100% Medicare OPPS FS. ",2150.82,,,,,,,Case Rate,"100 Percent of Medicaid APG. ",6903.8,,,,,,,Case Rate,"100% Medicare OPPS FS. ",6487,,,,,,,Case Rate,". MPL 100/50/25% maxmium of 3 procedures. All add ons apply, and lesser of 100% of billed charges",18160.12,,,,,,,Case Rate,". MPL 100/50/25% all add ons apply, and lesser of 100% of billed charges",2150.82,,,,,,,Case Rate,"100 Percent of Medicaid APG. ",18617,,,,,,,Case Rate,". MPL 100/50/25% all add ons apply, and lesser of 100% of billed charges",2580.98,,,,,,,Fee Schedule,"120 Percent of Medicaid APG. ",2580.98,,,,,,,Fee Schedule,"120 Percent of Medicaid APG. ",18617,,,,,,,Case Rate,". MPL 100/50/25% all add ons apply, and lesser of 100% of billed charges",18617,,,,,,,Case Rate,". MPL 100/50/25% all add ons apply, and lesser of 100% of billed charges",18617,,,,,,,Case Rate,". MPL 100/50/25% all add ons apply, and lesser of 100% of billed charges",18160.12,,,,,,,Case Rate,". MPL 100/50/25% all add ons apply, and lesser of 100% of billed charges",18617,,,,,,,Case Rate,". MPL 100/50/25% all add ons apply, and lesser of 100% of billed charges",18617,,,,,,,Case Rate,". MPL 100/50/25% all add ons apply, and lesser of 100% of billed charges",18617,,,,,,,Case Rate,". MPL 100/50/25% all add ons apply, and lesser of 100% of billed charges",11681,,,,,,,Case Rate,". ",11681,,,,,,,Case Rate,". ",13669.52,,,,,,,Case Rate,198 Percent of Medicare OPPS. Metroplus will reimburse unlisted codes and described codes with no Medicare rate at 50 percent of charges.,2150.82,,,,,,,Case Rate,"100 Percent of Medicaid APG. ",18160.12,,,,,,,Case Rate,". MPL 100/50/25% all add ons apply, and lesser of 100% of billed charges",6487,,,,,,,Case Rate,". MPL 100/50/25% maxmium of 3 procedures. All add ons apply, and lesser of 100% of billed charges",16624,,,,,,,Case Rate,". Primary procedure pays at 100%, secondary at 50%, all subsequent at 25%.  Lesser of applies when negotiated rates exceed charges less addons.",18160.12,,,,,,,Case Rate,". MPL 100/50/25% all add ons apply, and lesser of 100% of billed charges",16624,,,,,,,Case Rate,". Primary procedure pays at 100%, secondary at 50%, all subsequent at 25%.  Lesser of applies when negotiated rates exceed charges less addons.",18160.12,,,,,,,Case Rate,". MPL 100/50/25% all add ons apply, and lesser of 100% of billed charges",18617,,,,,,,Case Rate,". MPL 100/50/25% all add ons apply, and lesser of 100% of billed charges",18617,,,,,,,Case Rate,". MPL 100/50/25% all add ons apply, and lesser of 100% of billed charges",18617,,,,,,,Case Rate,". MPL 100/50/25% all add ons apply, and lesser of 100% of billed charges",18617,,,,,,,Case Rate,". MPL 100/50/25% all add ons apply, and lesser of 100% of billed charges",6903.8,,,,,,,Case Rate,"100% Medicare OPPS FS. ",2150.82,25798,
59821,CPT,,,490,RC,TREATMENT OF MISCARRIAGE,,,both,,,,9740,,,,,,,Case Rate,". MPL 1st 100% of Payment Rate 50% of all others, all add ons apply, and lesser of 100% of billed charges.",9740,,,,,,,Case Rate,". MPL 1st 100% of Payment Rate 50% of all others, all add ons apply, and lesser of 100% of billed charges.",12266,,,,,,,Case Rate,". Primary procedure pays at 100%, secondary at 50%, all subsequent at 25%.  Lesser of applies when negotiated rates exceed charges less addons.",,100,,,,,0,percent of total billed charges,100 percent of billed charges. ; No services were performed during the 15 month look back period.,3762.34,,,,,,,Case Rate,"100% Medicare OPPS FS. ",12266,,,,,,,Case Rate,". Primary procedure pays at 100%, secondary at 50%, all subsequent at 25%.  Lesser of applies when negotiated rates exceed charges less addons.",12266,,,,,,,Case Rate,". Primary procedure pays at 100%, secondary at 50%, all subsequent at 25%.  Lesser of applies when negotiated rates exceed charges less addons.",12266,,,,,,,Case Rate,". Primary procedure pays at 100%, secondary at 50%, all subsequent at 25%.  Lesser of applies when negotiated rates exceed charges less addons.",1290.7,,,,,,,Case Rate,"100 Percent of Medicaid APG. ",1075.58,,,,,,,Case Rate,"100 Percent of Medicaid APG. ",,78,,,,,0,percent of total billed charges,78% of Billed Charges. Lesser of 100% of billed charges applies.; No services were performed during the 15 month look back period.,9024.56,,,,,,,Case Rate,". MPL 100/50/25% all add ons apply, and lesser of 100% of billed charges",1075.58,,,,,,,Case Rate,"100 Percent of Medicaid APG. ",3762.34,,,,,,,Case Rate,"100% Medicare OPPS FS. ",6487,,,,,,,Case Rate,". MPL 100/50/25% maxmium of 3 procedures. All add ons apply, and lesser of 100% of billed charges",6487,,,,,,,Case Rate,". MPL 100/50/25% maxmium of 3 procedures. All add ons apply, and lesser of 100% of billed charges",6487,,,,,,,Case Rate,". MPL 100/50/25% maxmium of 3 procedures. All add ons apply, and lesser of 100% of billed charges",6487,,,,,,,Case Rate,". MPL 100/50/25% maxmium of 3 procedures. All add ons apply, and lesser of 100% of billed charges",1075.58,,,,,,,Case rate,124 Percent of Medicaid APG. Covered services not payable under Medicaid Fee Schedules default to a payment of 50 percent of charges.,3762.34,,,,,,,Case Rate,"100% Medicare OPPS FS. ",1075.58,,,,,,,Case rate,124 Percent of Medicaid APG. Covered services not payable under Medicaid Fee Schedules default to a payment of 50 percent of charges.,,78,,,,,0,percent of total billed charges,78% of Billed Charges. Lesser of 100% of billed charges applies.; No services were performed during the 15 month look back period.,12266,,,,,,,Case Rate,". Primary procedure pays at 100%, secondary at 50%, all subsequent at 25%.  Lesser of applies when negotiated rates exceed charges less addons.",3762.34,,,,,,,Case Rate,"100%Medicare OPPS FS. ",8427,,,,,,,Case Rate,". Primary procedure pays at 100%, all subsequent at 50%.",3762.34,,,,,,,Case Rate,"100%Medicare OPPS FS. ",3762.34,,,,,,,Case Rate,"100%Medicare OPPS FS. ",,78,,,,,0,percent of total billed charges,78% of Billed Charges. Lesser of 100% of billed charges applies.; No services were performed during the 15 month look back period.,1317.81,,,,,,,Case Rate,100% of PAS. Lesser of 100% of billed charges applies.,1317.81,,,,,,,Case Rate,100% of PAS. Lesser of 100% of billed charges applies.,1075.58,,,,,,,Case rate,"100 Percent of Medicaid APG. ",1075.58,,,,,,,Case rate,"100 Percent of Medicaid APG. ",8427,,,,,,,Case Rate,". Primary procedure pays at 100%, all subsequent at 50%.",8427,,,,,,,Case Rate,". Primary procedure pays at 100%, all subsequent at 50%.",1075.58,,,,,,,Case Rate,"100 Percent of Medicaid APG. Not APG payable, or payable under another fee schedule like ASP/AWP pays at 30% of charges",8427,,,,,,,Case Rate,". Primary procedure pays at 100%, all subsequent at 50%.",1075.58,,,,,,,Case Rate,"100 Percent of Medicaid APG. Not APG payable, or payable under another fee schedule like ASP/AWP pays at 30% of charges",3762.34,,,,,,,Case Rate,"100%Medicare OPPS FS. ",8427,,,,,,,Case Rate,". Primary procedure pays at 100%, all subsequent at 50%.",,78,,,,,0,percent of total billed charges,78% of Billed Charges. Lesser of 100% of billed charges applies.; No services were performed during the 15 month look back period.,1075.58,,,,,,,Case Rate,"100 Percent of Medicaid APG. ",1075.58,,,,,,,Case Rate,"100 Percent of Medicaid APG. ",,78,,,,,0,percent of total billed charges,78% of Billed Charges. Lesser of 100% of billed charges applies.; No services were performed during the 15 month look back period.,6487,,,,,,,Case Rate,". MPL 100/50/25% maxmium of 3 procedures. All add ons apply, and lesser of 100% of billed charges",7929,,,,,,,Case Rate,". MPL 100/50/25% all add ons apply, and lesser of 100% of billed charges",7929,,,,,,,Case Rate,". MPL 100/50/25% all add ons apply, and lesser of 100% of billed charges",,78,,,,,0,percent of total billed charges,78% of Billed Charges. Lesser of 100% of billed charges applies.; No services were performed during the 15 month look back period.,3762.34,,,,,,,Case Rate,"100% Medicare OPPS FS. ",9024.56,,,,,,,Case Rate,". MPL 100/50/25% all add ons apply, and lesser of 100% of billed charges",9024.56,,,,,,,Case Rate,". MPL 100/50/25% all add ons apply, and lesser of 100% of billed charges",9024.56,,,,,,,Case Rate,". MPL 100/50/25% all add ons apply, and lesser of 100% of billed charges",3762.34,,,,,,,Case Rate,"100% Medicare OPPS FS. ",9024.56,,,,,,,Case Rate,". MPL 100/50/25% all add ons apply, and lesser of 100% of billed charges",9024.56,,,,,,,Case Rate,". MPL 100/50/25% all add ons apply, and lesser of 100% of billed charges",3762.34,,,,,,,Case Rate,"100% of Medicare OPPS. ",25798,,,,,,,Case Rate,". MPL 100/75/50% all add ons apply, and lesser of 100% of billed charges",10351,,,,,,,Case Rate,". MPL 100/50/25% all add ons apply, and lesser of 100% of billed charges",10351,,,,,,,Case Rate,". MPL 100/50/25% all add ons apply, and lesser of 100% of billed charges",10351,,,,,,,Case Rate,". MPL 100/50/25% all add ons apply, and lesser of 100% of billed charges",10351,,,,,,,Case Rate,". MPL 100/50/25% all add ons apply, and lesser of 100% of billed charges",10351,,,,,,,Case Rate,". MPL 100/50/25% all add ons apply, and lesser of 100% of billed charges",10351,,,,,,,Case Rate,". MPL 100/50/25% all add ons apply, and lesser of 100% of billed charges",3762.34,,,,,,,Case Rate,"100% Medicare OPPS FS. ",3762.34,,,,,,,Case Rate,"100% Medicare OPPS FS. ",10351,,,,,,,Case Rate,". MPL 100/50/25% all add ons apply, and lesser of 100% of billed charges",,78,,,,,0,percent of total billed charges,78% of Billed Charges. Lesser of 100% of billed charges applies.; No services were performed during the 15 month look back period.,,78,,,,,0,percent of total billed charges,78% of Billed Charges. Lesser of 100% of billed charges applies.; No services were performed during the 15 month look back period.,,78,,,,,0,percent of total billed charges,78% of Billed Charges. Lesser of 100% of billed charges applies.; No services were performed during the 15 month look back period.,,78,,,,,0,percent of total billed charges,78% of Billed Charges. Lesser of 100% of billed charges applies.; No services were performed during the 15 month look back period.,,78,,,,,0,percent of total billed charges,78% of Billed Charges. Lesser of 100% of billed charges applies.; No services were performed during the 15 month look back period.,,78,,,,,0,percent of total billed charges,78% of Billed Charges. Lesser of 100% of billed charges applies.; No services were performed during the 15 month look back period.,,78,,,,,0,percent of total billed charges,78% of Billed Charges. Lesser of 100% of billed charges applies.; No services were performed during the 15 month look back period.,,78,,,,,0,percent of total billed charges,78% of Billed Charges. Lesser of 100% of billed charges applies.; No services were performed during the 15 month look back period.,,78,,,,,0,percent of total billed charges,78% of Billed Charges. Lesser of 100% of billed charges applies.; No services were performed during the 15 month look back period.,,78,,,,,0,percent of total billed charges,78% of Billed Charges. Lesser of 100% of billed charges applies.; No services were performed during the 15 month look back period.,,78,,,,,0,percent of total billed charges,78% of Billed Charges. Lesser of 100% of billed charges applies.; No services were performed during the 15 month look back period.,,78,,,,,0,percent of total billed charges,78% of Billed Charges. Lesser of 100% of billed charges applies.; No services were performed during the 15 month look back period.,,78,,,,,0,percent of total billed charges,78% of Billed Charges. Lesser of 100% of billed charges applies.; No services were performed during the 15 month look back period.,,78,,,,,0,percent of total billed charges,78% of Billed Charges. Lesser of 100% of billed charges applies.; No services were performed during the 15 month look back period.,,78,,,,,0,percent of total billed charges,78% of Billed Charges. Lesser of 100% of billed charges applies.; No services were performed during the 15 month look back period.,,78,,,,,0,percent of total billed charges,78% of Billed Charges. Lesser of 100% of billed charges applies.; No services were performed during the 15 month look back period.,,78,,,,,0,percent of total billed charges,78% of Billed Charges. Lesser of 100% of billed charges applies.; No services were performed during the 15 month look back period.,,78,,,,,0,percent of total billed charges,78% of Billed Charges. Lesser of 100% of billed charges applies.; No services were performed during the 15 month look back period.,,78,,,,,0,percent of total billed charges,78% of Billed Charges. Lesser of 100% of billed charges applies.; No services were performed during the 15 month look back period.,,78,,,,,0,percent of total billed charges,78% of Billed Charges. Lesser of 100% of billed charges applies.; No services were performed during the 15 month look back period.,,78,,,,,0,percent of total billed charges,78% of Billed Charges. Lesser of 100% of billed charges applies.; No services were performed during the 15 month look back period.,,78,,,,,0,percent of total billed charges,78% of Billed Charges. Lesser of 100% of billed charges applies.; No services were performed during the 15 month look back period.,,78,,,,,0,percent of total billed charges,78% of Billed Charges. Lesser of 100% of billed charges applies.; No services were performed during the 15 month look back period.,,78,,,,,0,percent of total billed charges,78% of Billed Charges. Lesser of 100% of billed charges applies.; No services were performed during the 15 month look back period.,,78,,,,,0,percent of total billed charges,78% of Billed Charges. Lesser of 100% of billed charges applies.; No services were performed during the 15 month look back period.,,78,,,,,0,percent of total billed charges,78% of Billed Charges. Lesser of 100% of billed charges applies.; No services were performed during the 15 month look back period.,8427,,,,,,,Case Rate,". Primary procedure pays at 100%, all subsequent at 50%.",8427,,,,,,,Case Rate,". Primary procedure pays at 100%, all subsequent at 50%.",8427,,,,,,,Case Rate,". Primary procedure pays at 100%, all subsequent at 50%.",8427,,,,,,,Case Rate,". Primary procedure pays at 100%, all subsequent at 50%.",12574,,,,,,,Case Rate,". Primary procedure pays at 100%, all subsequent at 50%.",12574,,,,,,,Case Rate,". Primary procedure pays at 100%, all subsequent at 50%.",6487,,,,,,,Case Rate,". MPL 100/50/25% maxmium of 3 procedures. All add ons apply, and lesser of 100% of billed charges",10351,,,,,,,Case Rate,". MPL 100/50/25% all add ons apply, and lesser of 100% of billed charges",9024.56,,,,,,,Case Rate,". MPL 100/50/25% all add ons apply, and lesser of 100% of billed charges",10351,,,,,,,Case Rate,". MPL 100/50/25% all add ons apply, and lesser of 100% of billed charges",,78,,,,,0,percent of total billed charges,78% of Billed Charges. Lesser of 100% of billed charges applies.; No services were performed during the 15 month look back period.,12574,,,,,,,Case Rate,". Primary procedure pays at 100%, all subsequent at 50%.",10351,,,,,,,Case Rate,". MPL 100/50/25% all add ons apply, and lesser of 100% of billed charges",9024.56,,,,,,,Case Rate,". MPL 100/50/25% all add ons apply, and lesser of 100% of billed charges",6487,,,,,,,Case Rate,". MPL 100/50/25% maxmium of 3 procedures. All add ons apply, and lesser of 100% of billed charges",,,,,,,,,"NA. ",,78,,,,,0,percent of total billed charges,78% of Billed Charges. Lesser of 100% of billed charges applies.; No services were performed during the 15 month look back period.,1075.58,,,,,,,Case Rate,"100 Percent of Medicaid APG. ",8427,,,,,,,Case Rate,". Primary procedure pays at 100%, all subsequent at 50%.",1075.58,,,,,,,Case Rate,"100 Percent of Medicaid APG. Not APG payable, or payable under another fee schedule like ASP/AWP pays at 30% of charges",3762.34,,,,,,,Case Rate,"100%Medicare OPPS FS. ",3762.34,,,,,,,Case Rate,"100% Medicare OPPS FS. ",25798,,,,,,,Case Rate,". MPL 100/75/50% all add ons apply, and lesser of 100% of billed charges",3762.34,,,,,,,Case Rate,"100% Medicare OPPS FS. ",3762.34,,,,,,,Case Rate,"100% Medicare OPPS FS. ",1075.58,,,,,,,Case Rate,"100 Percent of Medicaid APG. ",3762.34,,,,,,,Case Rate,"100% Medicare OPPS FS. ",3762.34,,,,,,,Case Rate,"100% Medicare OPPS FS. ",12266,,,,,,,Case Rate,". Primary procedure pays at 100%, secondary at 50%, all subsequent at 25%.  Lesser of applies when negotiated rates exceed charges less addons.",12266,,,,,,,Case Rate,". Primary procedure pays at 100%, secondary at 50%, all subsequent at 25%.  Lesser of applies when negotiated rates exceed charges less addons.",3762.34,,,,,,,Case Rate,"100% Medicare OPPS FS. ",6487,,,,,,,Case Rate,". MPL 100/50/25% maxmium of 3 procedures. All add ons apply, and lesser of 100% of billed charges",9024.56,,,,,,,Case Rate,". MPL 100/50/25% all add ons apply, and lesser of 100% of billed charges",9024.56,,,,,,,Case Rate,". MPL 100/50/25% all add ons apply, and lesser of 100% of billed charges",3762.34,,,,,,,Case Rate,"100% Medicare OPPS FS. ",6487,,,,,,,Case Rate,". MPL 100/50/25% maxmium of 3 procedures. All add ons apply, and lesser of 100% of billed charges",12266,,,,,,,Case Rate,". Primary procedure pays at 100%, secondary at 50%, all subsequent at 25%.  Lesser of applies when negotiated rates exceed charges less addons.",12266,,,,,,,Case Rate,". Primary procedure pays at 100%, secondary at 50%, all subsequent at 25%.  Lesser of applies when negotiated rates exceed charges less addons.",12266,,,,,,,Case Rate,". Primary procedure pays at 100%, secondary at 50%, all subsequent at 25%.  Lesser of applies when negotiated rates exceed charges less addons.",,78,,,,,0,percent of total billed charges,78% of Billed Charges. Lesser of 100% of billed charges applies.; No services were performed during the 15 month look back period.,,78,,,,,0,percent of total billed charges,78% of Billed Charges. Lesser of 100% of billed charges applies.; No services were performed during the 15 month look back period.,,78,,,,,0,percent of total billed charges,78% of Billed Charges. Lesser of 100% of billed charges applies.; No services were performed during the 15 month look back period.,,78,,,,,0,percent of total billed charges,78% of Billed Charges. Lesser of 100% of billed charges applies.; No services were performed during the 15 month look back period.,,78,,,,,0,percent of total billed charges,78% of Billed Charges. Lesser of 100% of billed charges applies.; No services were performed during the 15 month look back period.,,78,,,,,0,percent of total billed charges,78% of Billed Charges. Lesser of 100% of billed charges applies.; No services were performed during the 15 month look back period.,,78,,,,,0,percent of total billed charges,78% of Billed Charges. Lesser of 100% of billed charges applies.; No services were performed during the 15 month look back period.,,78,,,,,0,percent of total billed charges,78% of Billed Charges. Lesser of 100% of billed charges applies.; No services were performed during the 15 month look back period.,,78,,,,,0,percent of total billed charges,78% of Billed Charges. Lesser of 100% of billed charges applies.; No services were performed during the 15 month look back period.,,78,,,,,0,percent of total billed charges,78% of Billed Charges. Lesser of 100% of billed charges applies.; No services were performed during the 15 month look back period.,,78,,,,,0,percent of total billed charges,78% of Billed Charges. Lesser of 100% of billed charges applies.; No services were performed during the 15 month look back period.,12574,,,,,,,Case Rate,". Primary procedure pays at 100%, all subsequent at 50%.",10351,,,,,,,Case Rate,". MPL 100/50/25% all add ons apply, and lesser of 100% of billed charges",6487,,,,,,,Case Rate,". MPL 100/50/25% maxmium of 3 procedures. All add ons apply, and lesser of 100% of billed charges",3762.34,,,,,,,Case Rate,"100% Medicare OPPS FS. ",12266,,,,,,,Case Rate,". Primary procedure pays at 100%, secondary at 50%, all subsequent at 25%.  Lesser of applies when negotiated rates exceed charges less addons.",6487,,,,,,,Case Rate,". MPL 100/50/25% maxmium of 3 procedures. All add ons apply, and lesser of 100% of billed charges",6487,,,,,,,Case Rate,". MPL 100/50/25% maxmium of 3 procedures. All add ons apply, and lesser of 100% of billed charges",,78,,,,,0,percent of total billed charges,78% of Billed Charges. Lesser of 100% of billed charges applies.; No services were performed during the 15 month look back period.,2301.74,,,,,,,Case Rate,"214 Percent of Medicaid APG. Drugs not priced under APG, billed with revenue code 636 and not priced by Medicare ASP FeeSched will be reimbursed at 20% of charges.",6487,,,,,,,Case Rate,". MPL 100/50/25% maxmium of 3 procedures. All add ons apply, and lesser of 100% of billed charges",1075.58,,,,,,,Case Rate,"100 Percent of Medicaid APG. ",3762.34,,,,,,,Case Rate,"100% Medicare OPPS FS. ",3762.34,,,,,,,Case Rate,"100% Medicare OPPS FS. ",3762.34,,,,,,,Case Rate,"100% Medicare OPPS FS. ",3762.34,,,,,,,Case Rate,"100% Medicare OPPS FS. ",3762.34,,,,,,,Case Rate,"100% Medicare OPPS FS. ",3762.34,,,,,,,Case Rate,"100% Medicare OPPS FS. ",6487,,,,,,,Case Rate,". MPL 100/50/25% maxmium of 3 procedures. All add ons apply, and lesser of 100% of billed charges",25798,,,,,,,Case Rate,". MPL 100/75/50% all add ons apply, and lesser of 100% of billed charges",1936.05,,,,,,,Fee Schedule,"180 Percent of Medicaid APG. ",1936.05,,,,,,,Fee Schedule,"180 Percent of Medicaid APG. ",1936.05,,,,,,,Fee Schedule,"180 Percent of Medicaid APG. ",1936.05,,,,,,,Fee Schedule,"180 Percent of Medicaid APG. ",1936.05,,,,,,,Fee Schedule,"180 Percent of Medicaid APG. ",,,,,,,,,"NA. ",25798,,,,,,,Case Rate,". MPL 100/75/50% all add ons apply, and lesser of 100% of billed charges",7449.43,,,,,,,Case Rate,198 Percent of Medicare OPPS. Metroplus will reimburse unlisted codes and described codes with no Medicare rate at 50 percent of charges.,7449.43,,,,,,,Case Rate,198 Percent of Medicare OPPS. Metroplus will reimburse unlisted codes and described codes with no Medicare rate at 50 percent of charges.,7449.43,,,,,,,Case Rate,198 Percent of Medicare OPPS. Metroplus will reimburse unlisted codes and described codes with no Medicare rate at 50 percent of charges.,7449.43,,,,,,,Case Rate,198 Percent of Medicare OPPS. Metroplus will reimburse unlisted codes and described codes with no Medicare rate at 50 percent of charges.,7449.43,,,,,,,Case Rate,198 Percent of Medicare OPPS. Metroplus will reimburse unlisted codes and described codes with no Medicare rate at 50 percent of charges.,3762.34,,,,,,,Case Rate,"100% Medicare OPPS FS. ",12574,,,,,,,Case Rate,". Primary procedure pays at 100%, all subsequent at 50%.",12574,,,,,,,Case Rate,". Primary procedure pays at 100%, all subsequent at 50%.",12574,,,,,,,Case Rate,". Primary procedure pays at 100%, all subsequent at 50%.",12574,,,,,,,Case Rate,". Primary procedure pays at 100%, all subsequent at 50%.",12266,,,,,,,Case Rate,". Primary procedure pays at 100%, secondary at 50%, all subsequent at 25%.  Lesser of applies when negotiated rates exceed charges less addons.",12266,,,,,,,Case Rate,". Primary procedure pays at 100%, secondary at 50%, all subsequent at 25%.  Lesser of applies when negotiated rates exceed charges less addons.",12266,,,,,,,Case Rate,". Primary procedure pays at 100%, secondary at 50%, all subsequent at 25%.  Lesser of applies when negotiated rates exceed charges less addons.",12266,,,,,,,Case Rate,". Primary procedure pays at 100%, secondary at 50%, all subsequent at 25%.  Lesser of applies when negotiated rates exceed charges less addons.",25798,,,,,,,Case Rate,". MPL 100/75/50% all add ons apply, and lesser of 100% of billed charges",25798,,,,,,,Case Rate,". MPL 100/75/50% all add ons apply, and lesser of 100% of billed charges",3762.34,,,,,,,Case Rate,"100% Medicare OPPS FS. ",3762.34,,,,,,,Case Rate,"100% Medicare OPPS FS. ",3762.34,,,,,,,Case Rate,"100% Medicare OPPS FS. ",10351,,,,,,,Case Rate,". MPL 100/50/25% all add ons apply, and lesser of 100% of billed charges",10351,,,,,,,Case Rate,". MPL 100/50/25% all add ons apply, and lesser of 100% of billed charges",10351,,,,,,,Case Rate,". MPL 100/50/25% all add ons apply, and lesser of 100% of billed charges",25798,,,,,,,Case Rate,". MPL 100/75/50% all add ons apply, and lesser of 100% of billed charges",12266,,,,,,,Case Rate,". Primary procedure pays at 100%, secondary at 50%, all subsequent at 25%.  Lesser of applies when negotiated rates exceed charges less addons.",3762.34,,,,,,,Case Rate,"100% Medicare OPPS FS. ",10351,,,,,,,Case Rate,". MPL 100/50/25% all add ons apply, and lesser of 100% of billed charges",1075.58,,,,,,,Case Rate,"100 Percent of Medicaid APG. ",3837.58,,,,,,,Case Rate,"102% of Medicare OPPS. ",3837.58,,,,,,,Case Rate,"102% of Medicare OPPS. ",3837.58,,,,,,,Case Rate,"102% of Medicare OPPS. ",1075.58,,,,,,,Case rate,"100 Percent of Medicaid APG. ",2420.06,,,,,,,Case Rate,225% of NYS APG. Lesser of 100% of billed charges applies.,2420.06,,,,,,,Case Rate,225% of NYS APG. Lesser of 100% of billed charges applies.,2420.06,,,,,,,Case Rate,225% of NYS APG. Lesser of 100% of billed charges applies.,2420.06,,,,,,,Case Rate,225% of NYS APG. Lesser of 100% of billed charges applies.,2420.06,,,,,,,Case Rate,225% of NYS APG. Lesser of 100% of billed charges applies.,3837.58,,,,,,,Case Rate,"102% of Medicare OPPS. ",1075.58,,,,,,,Case Rate,"100 Percent of Medicaid APG. ",1317.81,,,,,,,Case Rate,100% of PAS. Lesser of 100% of billed charges applies.,2420.06,,,,,,,Case Rate,225% of NYS APG. Lesser of 100% of billed charges applies.,2420.06,,,,,,,Case Rate,225% of NYS APG. Lesser of 100% of billed charges applies.,1317.81,,,,,,,Case Rate,100% of PAS. Lesser of 100% of billed charges applies.,1317.81,,,,,,,Case Rate,100% of PAS. Lesser of 100% of billed charges applies.,1936.05,,,,,,,Fee Schedule,"180 Percent of Medicaid APG. ",3762.34,,,,,,,Case Rate,"100% Medicare OPPS FS. ",3762.34,,,,,,,Case Rate,"100% Medicare OPPS FS. ",12266,,,,,,,Case Rate,". Primary procedure pays at 100%, secondary at 50%, all subsequent at 25%.  Lesser of applies when negotiated rates exceed charges less addons.",3762.34,,,,,,,Case Rate,"100% Medicare OPPS FS. ",2420.06,,,,,,,Case Rate,"225 Percent of Medicaid APG. ",2420.06,,,,,,,Case Rate,"225 Percent of Medicaid APG. ",1075.58,,,,,,,Case rate,"100 Percent of Medicaid APG. ",1075.58,,,,,,,Case rate,"100 Percent of Medicaid APG. ",2420.06,,,,,,,Case Rate,225 Percent of Medicaid APG. Covered services not payable under Medicaid Fee Schedules default to a payment of 87.5 percent of charges.,1075.58,,,,,,,Case rate,124 Percent of Medicaid APG. Covered services not payable under Medicaid Fee Schedules default to a payment of 50 percent of charges.,2420.06,,,,,,,Case Rate,"100 Percent of Medicaid APG. ",2420.06,,,,,,,Case Rate,"100 Percent of Medicaid APG. ",2420.06,,,,,,,Case Rate,"100 Percent of Medicaid APG. ",2420.06,,,,,,,Case Rate,"100 Percent of Medicaid APG. ",13453,,,,,,,Case Rate,". MPL 100/75/50% all add ons apply, and lesser of 100% of billed charges",25798,,,,,,,Case Rate,". MPL 100/75/50% all add ons apply, and lesser of 100% of billed charges",1290.7,,,,,,,Case Rate,"120 Percent of Medicaid APG. Not APG payable, or payable under another fee schedule like ASP/AWP pays at 30% of charges",1290.7,,,,,,,Case Rate,"120 Percent of Medicaid APG. Not APG payable, or payable under another fee schedule like ASP/AWP pays at 30% of charges",1075.58,,,,,,,Case Rate,"100 Percent of Medicaid APG. Not APG payable, or payable under another fee schedule like ASP/AWP pays at 30% of charges",1075.58,,,,,,,Case Rate,"100 Percent of Medicaid APG. Not APG payable, or payable under another fee schedule like ASP/AWP pays at 30% of charges",10351,,,,,,,Case Rate,". MPL 100/50/25% all add ons apply, and lesser of 100% of billed charges",10351,,,,,,,Case Rate,". MPL 100/50/25% all add ons apply, and lesser of 100% of billed charges",3762.34,,,,,,,Case Rate,"100% Medicare OPPS FS. ",10351,,,,,,,Case Rate,". MPL 100/50/25% all add ons apply, and lesser of 100% of billed charges",10351,,,,,,,Case Rate,". MPL 100/50/25% all add ons apply, and lesser of 100% of billed charges",10351,,,,,,,Case Rate,". MPL 100/50/25% all add ons apply, and lesser of 100% of billed charges",10351,,,,,,,Case Rate,". MPL 100/50/25% all add ons apply, and lesser of 100% of billed charges",3762.34,,,,,,,Case Rate,"100% Medicare OPPS FS. ",10351,,,,,,,Case Rate,". MPL 100/50/25% all add ons apply, and lesser of 100% of billed charges",10351,,,,,,,Case Rate,". MPL 100/50/25% all add ons apply, and lesser of 100% of billed charges",12266,,,,,,,Case Rate,". Primary procedure pays at 100%, secondary at 50%, all subsequent at 25%.  Lesser of applies when negotiated rates exceed charges less addons.",1075.58,,,,,,,Fee Schedule,100% APG. Lesser of 100% of billed charges applies.,1075.58,,,,,,,Case rate,124 Percent of Medicaid APG. Covered services not payable under Medicaid Fee Schedules default to a payment of 50 percent of charges.,2420.06,,,,,,,Case Rate,225% of NYS APG. Lesser of 100% of billed charges applies.,2420.06,,,,,,,Case Rate,225 Percent of Medicaid APG. Covered services not payable under Medicaid Fee Schedules default to a payment of 87.5 percent of charges.,1075.58,,,,,,,Case rate,124 Percent of Medicaid APG. Covered services not payable under Medicaid Fee Schedules default to a payment of 50 percent of charges.,2420.06,,,,,,,Case Rate,225% of NYS APG. Lesser of 100% of billed charges applies.,2420.06,,,,,,,Case Rate,225% of NYS APG. Lesser of 100% of billed charges applies.,2420.06,,,,,,,Case Rate,225% of NYS APG. Lesser of 100% of billed charges applies.,2420.06,,,,,,,Case Rate,225% of NYS APG. Lesser of 100% of billed charges applies.,2420.06,,,,,,,Case Rate,225% of NYS APG. Lesser of 100% of billed charges applies.,2420.06,,,,,,,Case Rate,225% of NYS APG. Lesser of 100% of billed charges applies.,,,,,,,,,"NA. ",,,,,,,,,"NA. ",,,,,,,,,"NA. ",6487,,,,,,,Case Rate,". MPL 100/50/25% maxmium of 3 procedures. All add ons apply, and lesser of 100% of billed charges",,,,,,,,,"NA. ",3762.34,,,,,,,Case Rate,"100% Medicare OPPS FS. ",9740,,,,,,,Case Rate,". MPL 1st 100% of Payment Rate 50% of all others, all add ons apply, and lesser of 100% of billed charges.",3762.34,,,,,,,Case Rate,"100% Medicare OPPS FS. ",3762.34,,,,,,,Case Rate,"100% Medicare OPPS FS. ",1290.7,,,,,,,Case Rate,"120 Percent of Medicaid APG. Not APG payable, or payable under another fee schedule like ASP/AWP pays at 30% of charges",1290.7,,,,,,,Case Rate,"120 Percent of Medicaid APG. Not APG payable, or payable under another fee schedule like ASP/AWP pays at 30% of charges",1075.58,,,,,,,Case Rate,"100 Percent of Medicaid APG. Not APG payable, or payable under another fee schedule like ASP/AWP pays at 30% of charges",1075.58,,,,,,,Case Rate,"100 Percent of Medicaid APG. Not APG payable, or payable under another fee schedule like ASP/AWP pays at 30% of charges",1075.58,,,,,,,Case Rate,"100 Percent of Medicaid APG. ",7163,,,,,,,Case Rate,". ",12266,,,,,,,Case Rate,". Primary procedure pays at 100%, secondary at 50%, all subsequent at 25%.  Lesser of applies when negotiated rates exceed charges less addons.",8427,,,,,,,Case Rate,". Primary procedure pays at 100%, all subsequent at 50%.",6487,,,,,,,Case Rate,". MPL 100/50/25% maxmium of 3 procedures. All add ons apply, and lesser of 100% of billed charges",3762.34,,,,,,,Case Rate,"100%Medicare OPPS FS. ",3762.34,,,,,,,Case Rate,"100% Medicare OPPS FS. ",3762.34,,,,,,,Case Rate,"100% Medicare OPPS FS. ",3762.34,,,,,,,Case Rate,"100% Medicare OPPS FS. ",3762.34,,,,,,,Case Rate,"100%Medicare OPPS FS. ",3762.34,,,,,,,Case Rate,"100% Medicare OPPS FS. ",,,,,,,,,"NA. ",2420.06,,,,,,,Case Rate,225% of NYS APG. Lesser of 100% of billed charges applies.,1317.81,,,,,,,Case Rate,100% of PAS. Lesser of 100% of billed charges applies.,10351,,,,,,,Case Rate,". MPL 100/50/25% all add ons apply, and lesser of 100% of billed charges",7163,,,,,,,Case Rate,". ",7163,,,,,,,Case Rate,". ",7163,,,,,,,Case Rate,". ",7163,,,,,,,Case Rate,". ",3762.34,,,,,,,Case Rate,"100% Medicare OPPS FS. ",1075.58,,,,,,,Case Rate,"100 Percent of Medicaid APG. ",10351,,,,,,,Case Rate,". MPL 100/50/25% all add ons apply, and lesser of 100% of billed charges",1075.58,,,,,,,Case Rate,"100 Percent of Medicaid APG. ",3762.34,,,,,,,Case Rate,"100% Medicare OPPS FS. ",1075.58,,,,,,,Case Rate,"100 Percent of Medicaid APG. ",3762.34,,,,,,,Case Rate,"100% Medicare OPPS FS. ",3762.34,,,,,,,Case Rate,"100% Medicare OPPS FS. ",1075.58,,,,,,,Case Rate,"100 Percent of Medicaid APG. ",1075.58,,,,,,,Case Rate,"100 Percent of Medicaid APG. ",7163,,,,,,,Case Rate,". ",6487,,,,,,,Case Rate,". MPL 100/50/25% maxmium of 3 procedures. All add ons apply, and lesser of 100% of billed charges",,78,,,,,0,percent of total billed charges,78% of Billed Charges. Lesser of 100% of billed charges applies.; No services were performed during the 15 month look back period.,9024.56,,,,,,,Case Rate,". MPL 100/50/25% all add ons apply, and lesser of 100% of billed charges",9024.56,,,,,,,Case Rate,". MPL 100/50/25% all add ons apply, and lesser of 100% of billed charges",12266,,,,,,,Case Rate,". Primary procedure pays at 100%, secondary at 50%, all subsequent at 25%.  Lesser of applies when negotiated rates exceed charges less addons.",1607.67,,,,,,,Case Rate,"83% HF Fee schedule. ",12574,,,,,,,Case Rate,". Primary procedure pays at 100%, all subsequent at 50%.",12574,,,,,,,Case Rate,". Primary procedure pays at 100%, all subsequent at 50%.",8281,,,,,,,Case Rate,". MPL 100/50/25% all add ons apply, and lesser of 100% of billed charges",8281,,,,,,,Case Rate,". MPL 100/50/25% all add ons apply, and lesser of 100% of billed charges",3762.34,,,,,,,Case Rate,"100% Medicare OPPS FS. ",3762.34,,,,,,,Case Rate,"100% Medicare OPPS FS. ",3762.34,,,,,,,Case Rate,"100% Medicare OPPS FS. ",3762.34,,,,,,,Case Rate,"100% Medicare OPPS FS. ",9024.56,,,,,,,Case Rate,". MPL 100/50/25% all add ons apply, and lesser of 100% of billed charges",10351,,,,,,,Case Rate,". MPL 100/50/25% all add ons apply, and lesser of 100% of billed charges",10351,,,,,,,Case Rate,". MPL 100/50/25% all add ons apply, and lesser of 100% of billed charges",3762.34,,,,,,,Case Rate,"100% Medicare OPPS FS. ",8281,,,,,,,Case Rate,". MPL 100/50/25% all add ons apply, and lesser of 100% of billed charges",8427,,,,,,,Case Rate,". Primary procedure pays at 100%, all subsequent at 50%.",1290.7,,,,,,,Fee Schedule,"120 Percent of Medicaid APG. ",1075.58,,,,,,,Case Rate,"100 Percent of Medicaid APG. ",7163,,,,,,,Case Rate,". ",9316,,,,,,,Case Rate,". MPL 100/50/25% all add ons apply, and lesser of 100% of billed charges",9316,,,,,,,Case Rate,". MPL 100/50/25% all add ons apply, and lesser of 100% of billed charges",10351,,,,,,,Case Rate,". MPL 100/50/25% all add ons apply, and lesser of 100% of billed charges",14948,,,,,,,Case Rate,". MPL 100/75/50% all add ons apply, and lesser of 100% of billed charges",3762.34,,,,,,,Case Rate,"100%Medicare OPPS FS. ",1129.36,,,,,,,Fee Schedule,105 percent of Medicaid APG. otherwise 105% of Ordered NYS MCD FS or 105% of ASP+6%,1129.36,,,,,,,Fee Schedule,105 percent of Medicaid APG. otherwise 105% of Ordered NYS MCD FS or 105% of ASP+6%,1129.36,,,,,,,Fee Schedule,105 percent of Medicaid APG. otherwise 105% of Ordered NYS MCD FS or 105% of ASP+6%,1452.04,,,,,,,Fee Schedule,135 percent of Medicaid APG. otherwise 135% of Ordered NYS MCD FS or 135% of ASP+6%,9024.56,,,,,,,Case Rate,". MPL 100/50/25% all add ons apply, and lesser of 100% of billed charges",1129.36,,,,,,,Fee Schedule,105 percent of Medicaid APG. otherwise 105% of Ordered NYS MCD FS or 105% of ASP+6%,1129.36,,,,,,,Fee Schedule,105 percent of Medicaid APG. otherwise 105% of Ordered NYS MCD FS or 105% of ASP+6%,1129.36,,,,,,,Fee Schedule,105 percent of Medicaid APG. otherwise 105% of Ordered NYS MCD FS or 105% of ASP+6%,1129.36,,,,,,,Fee Schedule,105 percent of Medicaid APG. otherwise 105% of Ordered NYS MCD FS or 105% of ASP+6%,1129.36,,,,,,,Fee Schedule,105 percent of Medicaid APG. otherwise 105% of Ordered NYS MCD FS or 105% of ASP+6%,1452.04,,,,,,,Fee Schedule,135 percent of Medicaid APG. otherwise 135% of Ordered NYS MCD FS or 135% of ASP+6%,1452.04,,,,,,,Fee Schedule,135 percent of Medicaid APG. otherwise 135% of Ordered NYS MCD FS or 135% of ASP+6%,3762.34,,,,,,,Case Rate,"100% Medicare OPPS FS. ",9024.56,,,,,,,Case Rate,". MPL 100/50/25% all add ons apply, and lesser of 100% of billed charges",3762.34,,,,,,,Case Rate,"100% Medicare OPPS FS. ",1129.36,,,,,,,Fee Schedule,105 percent of Medicaid APG. otherwise 105% of Ordered NYS MCD FS or 105% of ASP+6%,10351,,,,,,,Case Rate,". MPL 100/50/25% all add ons apply, and lesser of 100% of billed charges",3762.34,,,,,,,Case Rate,"100% Medicare OPPS FS. ",10351,,,,,,,Case Rate,". MPL 100/50/25% all add ons apply, and lesser of 100% of billed charges",10351,,,,,,,Case Rate,". MPL 100/50/25% all add ons apply, and lesser of 100% of billed charges",10351,,,,,,,Case Rate,". MPL 100/50/25% all add ons apply, and lesser of 100% of billed charges",1129.36,,,,,,,Fee Schedule,105 percent of Medicaid APG. otherwise 105% of Ordered NYS MCD FS or 105% of ASP+6%,3762.34,,,,,,,Case Rate,"100% Medicare OPPS FS. ",10351,,,,,,,Case Rate,". MPL 100/50/25% all add ons apply, and lesser of 100% of billed charges",1452.04,,,,,,,Fee Schedule,135 percent of Medicaid APG. otherwise 135% of Ordered NYS MCD FS or 135% of ASP+6%,10351,,,,,,,Case Rate,". MPL 100/50/25% all add ons apply, and lesser of 100% of billed charges",,200,,,,,0,Case Rate,200% of Medicare OPPS. ; No services were performed during the 15 month look back period.,3762.34,,,,,,,Case Rate,"100%Medicare OPPS FS. ",7163,,,,,,,Case Rate,". ",7163,,,,,,,Case Rate,". ",7163,,,,,,,Case Rate,". ",7163,,,,,,,Case Rate,". ",7163,,,,,,,Case Rate,". ",8427,,,,,,,Case Rate,". Primary procedure pays at 100%, all subsequent at 50%.",8427,,,,,,,Case Rate,". Primary procedure pays at 100%, all subsequent at 50%.",7163,,,,,,,Case Rate,". ",7163,,,,,,,Case Rate,". ",7163,,,,,,,Case Rate,". ",7163,,,,,,,Case Rate,". ",7163,,,,,,,Case Rate,". ",3762.34,,,,,,,Case Rate,"100% Medicare OPPS FS. ",8427,,,,,,,Case Rate,". Primary procedure pays at 100%, all subsequent at 50%.",3762.34,,,,,,,Case Rate,"100% Medicare OPPS FS. ",2420.06,,,,,,,Case Rate,"225 Percent of Medicaid APG. If not included in Medicaid APG, then 100 Percent of Manhattan Medicare",1075.58,,,,,,,Case Rate,"100 Percent of Medicaid APG. ",9024.56,,,,,,,Case Rate,". MPL 100/50/25% all add ons apply, and lesser of 100% of billed charges",9024.56,,,,,,,Case Rate,". MPL 100/50/25% all add ons apply, and lesser of 100% of billed charges",3762.34,,,,,,,Case Rate,"100% Medicare OPPS FS. ",12574,,,,,,,Case Rate,". Primary procedure pays at 100%, all subsequent at 50%.",3762.34,,,,,,,Case Rate,"100% Medicare OPPS FS. ",3762.34,,,,,,,Case Rate,"100% Medicare OPPS FS. ",12266,,,,,,,Case Rate,". Primary procedure pays at 100%, secondary at 50%, all subsequent at 25%.  Lesser of applies when negotiated rates exceed charges less addons.",3762.34,,,,,,,Case Rate,"100% Medicare OPPS FS. ",6487,,,,,,,Case Rate,". MPL 100/50/25% maxmium of 3 procedures. All add ons apply, and lesser of 100% of billed charges",3762.34,,,,,,,Case Rate,"100% Medicare OPPS FS. ",6487,,,,,,,Case Rate,". MPL 100/50/25% maxmium of 3 procedures. All add ons apply, and lesser of 100% of billed charges",12266,,,,,,,Case Rate,". Primary procedure pays at 100%, secondary at 50%, all subsequent at 25%.  Lesser of applies when negotiated rates exceed charges less addons.",6487,,,,,,,Case Rate,". MPL 100/50/25% maxmium of 3 procedures. All add ons apply, and lesser of 100% of billed charges",3762.34,,,,,,,Case Rate,"100% Medicare OPPS FS. ",1075.58,,,,,,,Case Rate,"100 Percent of Medicaid APG. ",3762.34,,,,,,,Case Rate,"100% Medicare OPPS FS. ",6487,,,,,,,Case Rate,". MPL 100/50/25% maxmium of 3 procedures. All add ons apply, and lesser of 100% of billed charges",9024.56,,,,,,,Case Rate,". MPL 100/50/25% all add ons apply, and lesser of 100% of billed charges",1075.58,,,,,,,Case Rate,"100 Percent of Medicaid APG. ",10351,,,,,,,Case Rate,". MPL 100/50/25% all add ons apply, and lesser of 100% of billed charges",1290.7,,,,,,,Fee Schedule,"120 Percent of Medicaid APG. ",1290.7,,,,,,,Fee Schedule,"120 Percent of Medicaid APG. ",10351,,,,,,,Case Rate,". MPL 100/50/25% all add ons apply, and lesser of 100% of billed charges",10351,,,,,,,Case Rate,". MPL 100/50/25% all add ons apply, and lesser of 100% of billed charges",10351,,,,,,,Case Rate,". MPL 100/50/25% all add ons apply, and lesser of 100% of billed charges",9024.56,,,,,,,Case Rate,". MPL 100/50/25% all add ons apply, and lesser of 100% of billed charges",10351,,,,,,,Case Rate,". MPL 100/50/25% all add ons apply, and lesser of 100% of billed charges",10351,,,,,,,Case Rate,". MPL 100/50/25% all add ons apply, and lesser of 100% of billed charges",10351,,,,,,,Case Rate,". MPL 100/50/25% all add ons apply, and lesser of 100% of billed charges",7163,,,,,,,Case Rate,". ",7163,,,,,,,Case Rate,". ",7449.43,,,,,,,Case Rate,198 Percent of Medicare OPPS. Metroplus will reimburse unlisted codes and described codes with no Medicare rate at 50 percent of charges.,1075.58,,,,,,,Case Rate,"100 Percent of Medicaid APG. ",9024.56,,,,,,,Case Rate,". MPL 100/50/25% all add ons apply, and lesser of 100% of billed charges",6487,,,,,,,Case Rate,". MPL 100/50/25% maxmium of 3 procedures. All add ons apply, and lesser of 100% of billed charges",12266,,,,,,,Case Rate,". Primary procedure pays at 100%, secondary at 50%, all subsequent at 25%.  Lesser of applies when negotiated rates exceed charges less addons.",9024.56,,,,,,,Case Rate,". MPL 100/50/25% all add ons apply, and lesser of 100% of billed charges",12266,,,,,,,Case Rate,". Primary procedure pays at 100%, secondary at 50%, all subsequent at 25%.  Lesser of applies when negotiated rates exceed charges less addons.",9024.56,,,,,,,Case Rate,". MPL 100/50/25% all add ons apply, and lesser of 100% of billed charges",10351,,,,,,,Case Rate,". MPL 100/50/25% all add ons apply, and lesser of 100% of billed charges",10351,,,,,,,Case Rate,". MPL 100/50/25% all add ons apply, and lesser of 100% of billed charges",10351,,,,,,,Case Rate,". MPL 100/50/25% all add ons apply, and lesser of 100% of billed charges",10351,,,,,,,Case Rate,". MPL 100/50/25% all add ons apply, and lesser of 100% of billed charges",3762.34,,,,,,,Case Rate,"100% Medicare OPPS FS. ",1075.58,25798,
59871,CPT,,,490,RC,REMOVE CERCLAGE SUTURE,,,both,,,,9740,,,,,,,Case Rate,". MPL 1st 100% of Payment Rate 50% of all others, all add ons apply, and lesser of 100% of billed charges.",9740,,,,,,,Case Rate,". MPL 1st 100% of Payment Rate 50% of all others, all add ons apply, and lesser of 100% of billed charges.",12266,,,,,,,Case Rate,". Primary procedure pays at 100%, secondary at 50%, all subsequent at 25%.  Lesser of applies when negotiated rates exceed charges less addons.",,100,,,,,0,percent of total billed charges,100 percent of billed charges. ; No services were performed during the 15 month look back period.,3762.34,,,,,,,Case Rate,"100% Medicare OPPS FS. ",12266,,,,,,,Case Rate,". Primary procedure pays at 100%, secondary at 50%, all subsequent at 25%.  Lesser of applies when negotiated rates exceed charges less addons.",12266,,,,,,,Case Rate,". Primary procedure pays at 100%, secondary at 50%, all subsequent at 25%.  Lesser of applies when negotiated rates exceed charges less addons.",12266,,,,,,,Case Rate,". Primary procedure pays at 100%, secondary at 50%, all subsequent at 25%.  Lesser of applies when negotiated rates exceed charges less addons.",1700.82,,,,,,,Case Rate,"100 Percent of Medicaid APG. ",1417.35,,,,,,,Case Rate,"100 Percent of Medicaid APG. ",,78,,,,,0,percent of total billed charges,78% of Billed Charges. Lesser of 100% of billed charges applies.; No services were performed during the 15 month look back period.,10978.39,,,,,,,Case Rate,". MPL 100/50/25% all add ons apply, and lesser of 100% of billed charges",1417.35,,,,,,,Case Rate,"100 Percent of Medicaid APG. ",3762.34,,,,,,,Case Rate,"100% Medicare OPPS FS. ",6487,,,,,,,Case Rate,". MPL 100/50/25% maxmium of 3 procedures. All add ons apply, and lesser of 100% of billed charges",6487,,,,,,,Case Rate,". MPL 100/50/25% maxmium of 3 procedures. All add ons apply, and lesser of 100% of billed charges",6487,,,,,,,Case Rate,". MPL 100/50/25% maxmium of 3 procedures. All add ons apply, and lesser of 100% of billed charges",6487,,,,,,,Case Rate,". MPL 100/50/25% maxmium of 3 procedures. All add ons apply, and lesser of 100% of billed charges",1417.35,,,,,,,Case rate,124 Percent of Medicaid APG. Covered services not payable under Medicaid Fee Schedules default to a payment of 50 percent of charges.,3762.34,,,,,,,Case Rate,"100% Medicare OPPS FS. ",1417.35,,,,,,,Case rate,124 Percent of Medicaid APG. Covered services not payable under Medicaid Fee Schedules default to a payment of 50 percent of charges.,,78,,,,,0,percent of total billed charges,78% of Billed Charges. Lesser of 100% of billed charges applies.; No services were performed during the 15 month look back period.,12266,,,,,,,Case Rate,". Primary procedure pays at 100%, secondary at 50%, all subsequent at 25%.  Lesser of applies when negotiated rates exceed charges less addons.",3762.34,,,,,,,Case Rate,"100%Medicare OPPS FS. ",8427,,,,,,,Case Rate,". Primary procedure pays at 100%, all subsequent at 50%.",3762.34,,,,,,,Case Rate,"100%Medicare OPPS FS. ",3762.34,,,,,,,Case Rate,"100%Medicare OPPS FS. ",,78,,,,,0,percent of total billed charges,78% of Billed Charges. Lesser of 100% of billed charges applies.; No services were performed during the 15 month look back period.,1317.81,,,,,,,Case Rate,100% of PAS. Lesser of 100% of billed charges applies.,1317.81,,,,,,,Case Rate,100% of PAS. Lesser of 100% of billed charges applies.,1417.35,,,,,,,Case rate,"100 Percent of Medicaid APG. ",1417.35,,,,,,,Case rate,"100 Percent of Medicaid APG. ",8427,,,,,,,Case Rate,". Primary procedure pays at 100%, all subsequent at 50%.",8427,,,,,,,Case Rate,". Primary procedure pays at 100%, all subsequent at 50%.",1417.35,,,,,,,Case Rate,"100 Percent of Medicaid APG. Not APG payable, or payable under another fee schedule like ASP/AWP pays at 30% of charges",8427,,,,,,,Case Rate,". Primary procedure pays at 100%, all subsequent at 50%.",1417.35,,,,,,,Case Rate,"100 Percent of Medicaid APG. Not APG payable, or payable under another fee schedule like ASP/AWP pays at 30% of charges",3762.34,,,,,,,Case Rate,"100%Medicare OPPS FS. ",8427,,,,,,,Case Rate,". Primary procedure pays at 100%, all subsequent at 50%.",,78,,,,,0,percent of total billed charges,78% of Billed Charges. Lesser of 100% of billed charges applies.; No services were performed during the 15 month look back period.,1417.35,,,,,,,Case Rate,"100 Percent of Medicaid APG. ",1417.35,,,,,,,Case Rate,"100 Percent of Medicaid APG. ",,78,,,,,0,percent of total billed charges,78% of Billed Charges. Lesser of 100% of billed charges applies.; No services were performed during the 15 month look back period.,6487,,,,,,,Case Rate,". MPL 100/50/25% maxmium of 3 procedures. All add ons apply, and lesser of 100% of billed charges",9645,,,,,,,Case Rate,". MPL 100/50/25% all add ons apply, and lesser of 100% of billed charges",9645,,,,,,,Case Rate,". MPL 100/50/25% all add ons apply, and lesser of 100% of billed charges",,78,,,,,0,percent of total billed charges,78% of Billed Charges. Lesser of 100% of billed charges applies.; No services were performed during the 15 month look back period.,3762.34,,,,,,,Case Rate,"100% Medicare OPPS FS. ",10978.39,,,,,,,Case Rate,". MPL 100/50/25% all add ons apply, and lesser of 100% of billed charges",10978.39,,,,,,,Case Rate,". MPL 100/50/25% all add ons apply, and lesser of 100% of billed charges",10978.39,,,,,,,Case Rate,". MPL 100/50/25% all add ons apply, and lesser of 100% of billed charges",3762.34,,,,,,,Case Rate,"100% Medicare OPPS FS. ",10978.39,,,,,,,Case Rate,". MPL 100/50/25% all add ons apply, and lesser of 100% of billed charges",10978.39,,,,,,,Case Rate,". MPL 100/50/25% all add ons apply, and lesser of 100% of billed charges",3762.34,,,,,,,Case Rate,"100% of Medicare OPPS. ",25798,,,,,,,Case Rate,". MPL 100/75/50% all add ons apply, and lesser of 100% of billed charges",10351,,,,,,,Case Rate,". MPL 100/50/25% all add ons apply, and lesser of 100% of billed charges",10351,,,,,,,Case Rate,". MPL 100/50/25% all add ons apply, and lesser of 100% of billed charges",10351,,,,,,,Case Rate,". MPL 100/50/25% all add ons apply, and lesser of 100% of billed charges",10351,,,,,,,Case Rate,". MPL 100/50/25% all add ons apply, and lesser of 100% of billed charges",10351,,,,,,,Case Rate,". MPL 100/50/25% all add ons apply, and lesser of 100% of billed charges",10351,,,,,,,Case Rate,". MPL 100/50/25% all add ons apply, and lesser of 100% of billed charges",3762.34,,,,,,,Case Rate,"100% Medicare OPPS FS. ",3762.34,,,,,,,Case Rate,"100% Medicare OPPS FS. ",10351,,,,,,,Case Rate,". MPL 100/50/25% all add ons apply, and lesser of 100% of billed charges",,78,,,,,0,percent of total billed charges,78% of Billed Charges. Lesser of 100% of billed charges applies.; No services were performed during the 15 month look back period.,,78,,,,,0,percent of total billed charges,78% of Billed Charges. Lesser of 100% of billed charges applies.; No services were performed during the 15 month look back period.,,78,,,,,0,percent of total billed charges,78% of Billed Charges. Lesser of 100% of billed charges applies.; No services were performed during the 15 month look back period.,,78,,,,,0,percent of total billed charges,78% of Billed Charges. Lesser of 100% of billed charges applies.; No services were performed during the 15 month look back period.,,78,,,,,0,percent of total billed charges,78% of Billed Charges. Lesser of 100% of billed charges applies.; No services were performed during the 15 month look back period.,,78,,,,,0,percent of total billed charges,78% of Billed Charges. Lesser of 100% of billed charges applies.; No services were performed during the 15 month look back period.,,78,,,,,0,percent of total billed charges,78% of Billed Charges. Lesser of 100% of billed charges applies.; No services were performed during the 15 month look back period.,,78,,,,,0,percent of total billed charges,78% of Billed Charges. Lesser of 100% of billed charges applies.; No services were performed during the 15 month look back period.,,78,,,,,0,percent of total billed charges,78% of Billed Charges. Lesser of 100% of billed charges applies.; No services were performed during the 15 month look back period.,,78,,,,,0,percent of total billed charges,78% of Billed Charges. Lesser of 100% of billed charges applies.; No services were performed during the 15 month look back period.,,78,,,,,0,percent of total billed charges,78% of Billed Charges. Lesser of 100% of billed charges applies.; No services were performed during the 15 month look back period.,,78,,,,,0,percent of total billed charges,78% of Billed Charges. Lesser of 100% of billed charges applies.; No services were performed during the 15 month look back period.,,78,,,,,0,percent of total billed charges,78% of Billed Charges. Lesser of 100% of billed charges applies.; No services were performed during the 15 month look back period.,,78,,,,,0,percent of total billed charges,78% of Billed Charges. Lesser of 100% of billed charges applies.; No services were performed during the 15 month look back period.,,78,,,,,0,percent of total billed charges,78% of Billed Charges. Lesser of 100% of billed charges applies.; No services were performed during the 15 month look back period.,,78,,,,,0,percent of total billed charges,78% of Billed Charges. Lesser of 100% of billed charges applies.; No services were performed during the 15 month look back period.,,78,,,,,0,percent of total billed charges,78% of Billed Charges. Lesser of 100% of billed charges applies.; No services were performed during the 15 month look back period.,,78,,,,,0,percent of total billed charges,78% of Billed Charges. Lesser of 100% of billed charges applies.; No services were performed during the 15 month look back period.,,78,,,,,0,percent of total billed charges,78% of Billed Charges. Lesser of 100% of billed charges applies.; No services were performed during the 15 month look back period.,,78,,,,,0,percent of total billed charges,78% of Billed Charges. Lesser of 100% of billed charges applies.; No services were performed during the 15 month look back period.,,78,,,,,0,percent of total billed charges,78% of Billed Charges. Lesser of 100% of billed charges applies.; No services were performed during the 15 month look back period.,,78,,,,,0,percent of total billed charges,78% of Billed Charges. Lesser of 100% of billed charges applies.; No services were performed during the 15 month look back period.,,78,,,,,0,percent of total billed charges,78% of Billed Charges. Lesser of 100% of billed charges applies.; No services were performed during the 15 month look back period.,,78,,,,,0,percent of total billed charges,78% of Billed Charges. Lesser of 100% of billed charges applies.; No services were performed during the 15 month look back period.,,78,,,,,0,percent of total billed charges,78% of Billed Charges. Lesser of 100% of billed charges applies.; No services were performed during the 15 month look back period.,,78,,,,,0,percent of total billed charges,78% of Billed Charges. Lesser of 100% of billed charges applies.; No services were performed during the 15 month look back period.,8427,,,,,,,Case Rate,". Primary procedure pays at 100%, all subsequent at 50%.",8427,,,,,,,Case Rate,". Primary procedure pays at 100%, all subsequent at 50%.",8427,,,,,,,Case Rate,". Primary procedure pays at 100%, all subsequent at 50%.",8427,,,,,,,Case Rate,". Primary procedure pays at 100%, all subsequent at 50%.",12574,,,,,,,Case Rate,". Primary procedure pays at 100%, all subsequent at 50%.",12574,,,,,,,Case Rate,". Primary procedure pays at 100%, all subsequent at 50%.",6487,,,,,,,Case Rate,". MPL 100/50/25% maxmium of 3 procedures. All add ons apply, and lesser of 100% of billed charges",10351,,,,,,,Case Rate,". MPL 100/50/25% all add ons apply, and lesser of 100% of billed charges",10978.39,,,,,,,Case Rate,". MPL 100/50/25% all add ons apply, and lesser of 100% of billed charges",10351,,,,,,,Case Rate,". MPL 100/50/25% all add ons apply, and lesser of 100% of billed charges",,78,,,,,0,percent of total billed charges,78% of Billed Charges. Lesser of 100% of billed charges applies.; No services were performed during the 15 month look back period.,12574,,,,,,,Case Rate,". Primary procedure pays at 100%, all subsequent at 50%.",10351,,,,,,,Case Rate,". MPL 100/50/25% all add ons apply, and lesser of 100% of billed charges",10978.39,,,,,,,Case Rate,". MPL 100/50/25% all add ons apply, and lesser of 100% of billed charges",6487,,,,,,,Case Rate,". MPL 100/50/25% maxmium of 3 procedures. All add ons apply, and lesser of 100% of billed charges",,,,,,,,,"NA. ",,78,,,,,0,percent of total billed charges,78% of Billed Charges. Lesser of 100% of billed charges applies.; No services were performed during the 15 month look back period.,1417.35,,,,,,,Case Rate,"100 Percent of Medicaid APG. ",8427,,,,,,,Case Rate,". Primary procedure pays at 100%, all subsequent at 50%.",1417.35,,,,,,,Case Rate,"100 Percent of Medicaid APG. Not APG payable, or payable under another fee schedule like ASP/AWP pays at 30% of charges",3762.34,,,,,,,Case Rate,"100%Medicare OPPS FS. ",3762.34,,,,,,,Case Rate,"100% Medicare OPPS FS. ",25798,,,,,,,Case Rate,". MPL 100/75/50% all add ons apply, and lesser of 100% of billed charges",3762.34,,,,,,,Case Rate,"100% Medicare OPPS FS. ",3762.34,,,,,,,Case Rate,"100% Medicare OPPS FS. ",1417.35,,,,,,,Case Rate,"100 Percent of Medicaid APG. ",3762.34,,,,,,,Case Rate,"100% Medicare OPPS FS. ",3762.34,,,,,,,Case Rate,"100% Medicare OPPS FS. ",12266,,,,,,,Case Rate,". Primary procedure pays at 100%, secondary at 50%, all subsequent at 25%.  Lesser of applies when negotiated rates exceed charges less addons.",12266,,,,,,,Case Rate,". Primary procedure pays at 100%, secondary at 50%, all subsequent at 25%.  Lesser of applies when negotiated rates exceed charges less addons.",3762.34,,,,,,,Case Rate,"100% Medicare OPPS FS. ",6487,,,,,,,Case Rate,". MPL 100/50/25% maxmium of 3 procedures. All add ons apply, and lesser of 100% of billed charges",10978.39,,,,,,,Case Rate,". MPL 100/50/25% all add ons apply, and lesser of 100% of billed charges",10978.39,,,,,,,Case Rate,". MPL 100/50/25% all add ons apply, and lesser of 100% of billed charges",3762.34,,,,,,,Case Rate,"100% Medicare OPPS FS. ",6487,,,,,,,Case Rate,". MPL 100/50/25% maxmium of 3 procedures. All add ons apply, and lesser of 100% of billed charges",12266,,,,,,,Case Rate,". Primary procedure pays at 100%, secondary at 50%, all subsequent at 25%.  Lesser of applies when negotiated rates exceed charges less addons.",12266,,,,,,,Case Rate,". Primary procedure pays at 100%, secondary at 50%, all subsequent at 25%.  Lesser of applies when negotiated rates exceed charges less addons.",12266,,,,,,,Case Rate,". Primary procedure pays at 100%, secondary at 50%, all subsequent at 25%.  Lesser of applies when negotiated rates exceed charges less addons.",,78,,,,,0,percent of total billed charges,78% of Billed Charges. Lesser of 100% of billed charges applies.; No services were performed during the 15 month look back period.,,78,,,,,0,percent of total billed charges,78% of Billed Charges. Lesser of 100% of billed charges applies.; No services were performed during the 15 month look back period.,,78,,,,,0,percent of total billed charges,78% of Billed Charges. Lesser of 100% of billed charges applies.; No services were performed during the 15 month look back period.,,78,,,,,0,percent of total billed charges,78% of Billed Charges. Lesser of 100% of billed charges applies.; No services were performed during the 15 month look back period.,,78,,,,,0,percent of total billed charges,78% of Billed Charges. Lesser of 100% of billed charges applies.; No services were performed during the 15 month look back period.,,78,,,,,0,percent of total billed charges,78% of Billed Charges. Lesser of 100% of billed charges applies.; No services were performed during the 15 month look back period.,,78,,,,,0,percent of total billed charges,78% of Billed Charges. Lesser of 100% of billed charges applies.; No services were performed during the 15 month look back period.,,78,,,,,0,percent of total billed charges,78% of Billed Charges. Lesser of 100% of billed charges applies.; No services were performed during the 15 month look back period.,,78,,,,,0,percent of total billed charges,78% of Billed Charges. Lesser of 100% of billed charges applies.; No services were performed during the 15 month look back period.,,78,,,,,0,percent of total billed charges,78% of Billed Charges. Lesser of 100% of billed charges applies.; No services were performed during the 15 month look back period.,,78,,,,,0,percent of total billed charges,78% of Billed Charges. Lesser of 100% of billed charges applies.; No services were performed during the 15 month look back period.,12574,,,,,,,Case Rate,". Primary procedure pays at 100%, all subsequent at 50%.",10351,,,,,,,Case Rate,". MPL 100/50/25% all add ons apply, and lesser of 100% of billed charges",6487,,,,,,,Case Rate,". MPL 100/50/25% maxmium of 3 procedures. All add ons apply, and lesser of 100% of billed charges",3762.34,,,,,,,Case Rate,"100% Medicare OPPS FS. ",12266,,,,,,,Case Rate,". Primary procedure pays at 100%, secondary at 50%, all subsequent at 25%.  Lesser of applies when negotiated rates exceed charges less addons.",6487,,,,,,,Case Rate,". MPL 100/50/25% maxmium of 3 procedures. All add ons apply, and lesser of 100% of billed charges",6487,,,,,,,Case Rate,". MPL 100/50/25% maxmium of 3 procedures. All add ons apply, and lesser of 100% of billed charges",,78,,,,,0,percent of total billed charges,78% of Billed Charges. Lesser of 100% of billed charges applies.; No services were performed during the 15 month look back period.,3033.13,,,,,,,Case Rate,"214 Percent of Medicaid APG. Drugs not priced under APG, billed with revenue code 636 and not priced by Medicare ASP FeeSched will be reimbursed at 20% of charges.",6487,,,,,,,Case Rate,". MPL 100/50/25% maxmium of 3 procedures. All add ons apply, and lesser of 100% of billed charges",1417.35,,,,,,,Case Rate,"100 Percent of Medicaid APG. ",3762.34,,,,,,,Case Rate,"100% Medicare OPPS FS. ",3762.34,,,,,,,Case Rate,"100% Medicare OPPS FS. ",3762.34,,,,,,,Case Rate,"100% Medicare OPPS FS. ",3762.34,,,,,,,Case Rate,"100% Medicare OPPS FS. ",3762.34,,,,,,,Case Rate,"100% Medicare OPPS FS. ",3762.34,,,,,,,Case Rate,"100% Medicare OPPS FS. ",6487,,,,,,,Case Rate,". MPL 100/50/25% maxmium of 3 procedures. All add ons apply, and lesser of 100% of billed charges",25798,,,,,,,Case Rate,". MPL 100/75/50% all add ons apply, and lesser of 100% of billed charges",2551.23,,,,,,,Fee Schedule,"180 Percent of Medicaid APG. ",2551.23,,,,,,,Fee Schedule,"180 Percent of Medicaid APG. ",2551.23,,,,,,,Fee Schedule,"180 Percent of Medicaid APG. ",2551.23,,,,,,,Fee Schedule,"180 Percent of Medicaid APG. ",2551.23,,,,,,,Fee Schedule,"180 Percent of Medicaid APG. ",,,,,,,,,"NA. ",25798,,,,,,,Case Rate,". MPL 100/75/50% all add ons apply, and lesser of 100% of billed charges",7449.43,,,,,,,Case Rate,198 Percent of Medicare OPPS. Metroplus will reimburse unlisted codes and described codes with no Medicare rate at 50 percent of charges.,7449.43,,,,,,,Case Rate,198 Percent of Medicare OPPS. Metroplus will reimburse unlisted codes and described codes with no Medicare rate at 50 percent of charges.,7449.43,,,,,,,Case Rate,198 Percent of Medicare OPPS. Metroplus will reimburse unlisted codes and described codes with no Medicare rate at 50 percent of charges.,7449.43,,,,,,,Case Rate,198 Percent of Medicare OPPS. Metroplus will reimburse unlisted codes and described codes with no Medicare rate at 50 percent of charges.,7449.43,,,,,,,Case Rate,198 Percent of Medicare OPPS. Metroplus will reimburse unlisted codes and described codes with no Medicare rate at 50 percent of charges.,3762.34,,,,,,,Case Rate,"100% Medicare OPPS FS. ",12574,,,,,,,Case Rate,". Primary procedure pays at 100%, all subsequent at 50%.",12574,,,,,,,Case Rate,". Primary procedure pays at 100%, all subsequent at 50%.",12574,,,,,,,Case Rate,". Primary procedure pays at 100%, all subsequent at 50%.",12574,,,,,,,Case Rate,". Primary procedure pays at 100%, all subsequent at 50%.",12266,,,,,,,Case Rate,". Primary procedure pays at 100%, secondary at 50%, all subsequent at 25%.  Lesser of applies when negotiated rates exceed charges less addons.",12266,,,,,,,Case Rate,". Primary procedure pays at 100%, secondary at 50%, all subsequent at 25%.  Lesser of applies when negotiated rates exceed charges less addons.",12266,,,,,,,Case Rate,". Primary procedure pays at 100%, secondary at 50%, all subsequent at 25%.  Lesser of applies when negotiated rates exceed charges less addons.",12266,,,,,,,Case Rate,". Primary procedure pays at 100%, secondary at 50%, all subsequent at 25%.  Lesser of applies when negotiated rates exceed charges less addons.",25798,,,,,,,Case Rate,". MPL 100/75/50% all add ons apply, and lesser of 100% of billed charges",25798,,,,,,,Case Rate,". MPL 100/75/50% all add ons apply, and lesser of 100% of billed charges",3762.34,,,,,,,Case Rate,"100% Medicare OPPS FS. ",3762.34,,,,,,,Case Rate,"100% Medicare OPPS FS. ",3762.34,,,,,,,Case Rate,"100% Medicare OPPS FS. ",10351,,,,,,,Case Rate,". MPL 100/50/25% all add ons apply, and lesser of 100% of billed charges",10351,,,,,,,Case Rate,". MPL 100/50/25% all add ons apply, and lesser of 100% of billed charges",10351,,,,,,,Case Rate,". MPL 100/50/25% all add ons apply, and lesser of 100% of billed charges",25798,,,,,,,Case Rate,". MPL 100/75/50% all add ons apply, and lesser of 100% of billed charges",12266,,,,,,,Case Rate,". Primary procedure pays at 100%, secondary at 50%, all subsequent at 25%.  Lesser of applies when negotiated rates exceed charges less addons.",3762.34,,,,,,,Case Rate,"100% Medicare OPPS FS. ",10351,,,,,,,Case Rate,". MPL 100/50/25% all add ons apply, and lesser of 100% of billed charges",1417.35,,,,,,,Case Rate,"100 Percent of Medicaid APG. ",3837.58,,,,,,,Case Rate,"102% of Medicare OPPS. ",3837.58,,,,,,,Case Rate,"102% of Medicare OPPS. ",3837.58,,,,,,,Case Rate,"102% of Medicare OPPS. ",1417.35,,,,,,,Case rate,"100 Percent of Medicaid APG. ",3189.04,,,,,,,Case Rate,225% of NYS APG. Lesser of 100% of billed charges applies.,3189.04,,,,,,,Case Rate,225% of NYS APG. Lesser of 100% of billed charges applies.,3189.04,,,,,,,Case Rate,225% of NYS APG. Lesser of 100% of billed charges applies.,3189.04,,,,,,,Case Rate,225% of NYS APG. Lesser of 100% of billed charges applies.,3189.04,,,,,,,Case Rate,225% of NYS APG. Lesser of 100% of billed charges applies.,3837.58,,,,,,,Case Rate,"102% of Medicare OPPS. ",1417.35,,,,,,,Case Rate,"100 Percent of Medicaid APG. ",1317.81,,,,,,,Case Rate,100% of PAS. Lesser of 100% of billed charges applies.,3189.04,,,,,,,Case Rate,225% of NYS APG. Lesser of 100% of billed charges applies.,3189.04,,,,,,,Case Rate,225% of NYS APG. Lesser of 100% of billed charges applies.,1317.81,,,,,,,Case Rate,100% of PAS. Lesser of 100% of billed charges applies.,1317.81,,,,,,,Case Rate,100% of PAS. Lesser of 100% of billed charges applies.,2551.23,,,,,,,Fee Schedule,"180 Percent of Medicaid APG. ",3762.34,,,,,,,Case Rate,"100% Medicare OPPS FS. ",3762.34,,,,,,,Case Rate,"100% Medicare OPPS FS. ",12266,,,,,,,Case Rate,". Primary procedure pays at 100%, secondary at 50%, all subsequent at 25%.  Lesser of applies when negotiated rates exceed charges less addons.",3762.34,,,,,,,Case Rate,"100% Medicare OPPS FS. ",3189.04,,,,,,,Case Rate,"225 Percent of Medicaid APG. ",3189.04,,,,,,,Case Rate,"225 Percent of Medicaid APG. ",1417.35,,,,,,,Case rate,"100 Percent of Medicaid APG. ",1417.35,,,,,,,Case rate,"100 Percent of Medicaid APG. ",3189.04,,,,,,,Case Rate,225 Percent of Medicaid APG. Covered services not payable under Medicaid Fee Schedules default to a payment of 87.5 percent of charges.,1417.35,,,,,,,Case rate,124 Percent of Medicaid APG. Covered services not payable under Medicaid Fee Schedules default to a payment of 50 percent of charges.,3189.04,,,,,,,Case Rate,"100 Percent of Medicaid APG. ",3189.04,,,,,,,Case Rate,"100 Percent of Medicaid APG. ",3189.04,,,,,,,Case Rate,"100 Percent of Medicaid APG. ",3189.04,,,,,,,Case Rate,"100 Percent of Medicaid APG. ",13453,,,,,,,Case Rate,". MPL 100/75/50% all add ons apply, and lesser of 100% of billed charges",25798,,,,,,,Case Rate,". MPL 100/75/50% all add ons apply, and lesser of 100% of billed charges",1700.82,,,,,,,Case Rate,"120 Percent of Medicaid APG. Not APG payable, or payable under another fee schedule like ASP/AWP pays at 30% of charges",1700.82,,,,,,,Case Rate,"120 Percent of Medicaid APG. Not APG payable, or payable under another fee schedule like ASP/AWP pays at 30% of charges",1417.35,,,,,,,Case Rate,"100 Percent of Medicaid APG. Not APG payable, or payable under another fee schedule like ASP/AWP pays at 30% of charges",1417.35,,,,,,,Case Rate,"100 Percent of Medicaid APG. Not APG payable, or payable under another fee schedule like ASP/AWP pays at 30% of charges",10351,,,,,,,Case Rate,". MPL 100/50/25% all add ons apply, and lesser of 100% of billed charges",10351,,,,,,,Case Rate,". MPL 100/50/25% all add ons apply, and lesser of 100% of billed charges",3762.34,,,,,,,Case Rate,"100% Medicare OPPS FS. ",10351,,,,,,,Case Rate,". MPL 100/50/25% all add ons apply, and lesser of 100% of billed charges",10351,,,,,,,Case Rate,". MPL 100/50/25% all add ons apply, and lesser of 100% of billed charges",10351,,,,,,,Case Rate,". MPL 100/50/25% all add ons apply, and lesser of 100% of billed charges",10351,,,,,,,Case Rate,". MPL 100/50/25% all add ons apply, and lesser of 100% of billed charges",3762.34,,,,,,,Case Rate,"100% Medicare OPPS FS. ",10351,,,,,,,Case Rate,". MPL 100/50/25% all add ons apply, and lesser of 100% of billed charges",10351,,,,,,,Case Rate,". MPL 100/50/25% all add ons apply, and lesser of 100% of billed charges",12266,,,,,,,Case Rate,". Primary procedure pays at 100%, secondary at 50%, all subsequent at 25%.  Lesser of applies when negotiated rates exceed charges less addons.",1417.35,,,,,,,Fee Schedule,100% APG. Lesser of 100% of billed charges applies.,1417.35,,,,,,,Case rate,124 Percent of Medicaid APG. Covered services not payable under Medicaid Fee Schedules default to a payment of 50 percent of charges.,3189.04,,,,,,,Case Rate,225% of NYS APG. Lesser of 100% of billed charges applies.,3189.04,,,,,,,Case Rate,225 Percent of Medicaid APG. Covered services not payable under Medicaid Fee Schedules default to a payment of 87.5 percent of charges.,1417.35,,,,,,,Case rate,124 Percent of Medicaid APG. Covered services not payable under Medicaid Fee Schedules default to a payment of 50 percent of charges.,3189.04,,,,,,,Case Rate,225% of NYS APG. Lesser of 100% of billed charges applies.,3189.04,,,,,,,Case Rate,225% of NYS APG. Lesser of 100% of billed charges applies.,3189.04,,,,,,,Case Rate,225% of NYS APG. Lesser of 100% of billed charges applies.,3189.04,,,,,,,Case Rate,225% of NYS APG. Lesser of 100% of billed charges applies.,3189.04,,,,,,,Case Rate,225% of NYS APG. Lesser of 100% of billed charges applies.,3189.04,,,,,,,Case Rate,225% of NYS APG. Lesser of 100% of billed charges applies.,,,,,,,,,"NA. ",,,,,,,,,"NA. ",,,,,,,,,"NA. ",6487,,,,,,,Case Rate,". MPL 100/50/25% maxmium of 3 procedures. All add ons apply, and lesser of 100% of billed charges",,,,,,,,,"NA. ",3762.34,,,,,,,Case Rate,"100% Medicare OPPS FS. ",9740,,,,,,,Case Rate,". MPL 1st 100% of Payment Rate 50% of all others, all add ons apply, and lesser of 100% of billed charges.",3762.34,,,,,,,Case Rate,"100% Medicare OPPS FS. ",3762.34,,,,,,,Case Rate,"100% Medicare OPPS FS. ",1700.82,,,,,,,Case Rate,"120 Percent of Medicaid APG. Not APG payable, or payable under another fee schedule like ASP/AWP pays at 30% of charges",1700.82,,,,,,,Case Rate,"120 Percent of Medicaid APG. Not APG payable, or payable under another fee schedule like ASP/AWP pays at 30% of charges",1417.35,,,,,,,Case Rate,"100 Percent of Medicaid APG. Not APG payable, or payable under another fee schedule like ASP/AWP pays at 30% of charges",1417.35,,,,,,,Case Rate,"100 Percent of Medicaid APG. Not APG payable, or payable under another fee schedule like ASP/AWP pays at 30% of charges",1417.35,,,,,,,Case Rate,"100 Percent of Medicaid APG. ",7163,,,,,,,Case Rate,". ",12266,,,,,,,Case Rate,". Primary procedure pays at 100%, secondary at 50%, all subsequent at 25%.  Lesser of applies when negotiated rates exceed charges less addons.",8427,,,,,,,Case Rate,". Primary procedure pays at 100%, all subsequent at 50%.",6487,,,,,,,Case Rate,". MPL 100/50/25% maxmium of 3 procedures. All add ons apply, and lesser of 100% of billed charges",3762.34,,,,,,,Case Rate,"100%Medicare OPPS FS. ",3762.34,,,,,,,Case Rate,"100% Medicare OPPS FS. ",3762.34,,,,,,,Case Rate,"100% Medicare OPPS FS. ",3762.34,,,,,,,Case Rate,"100% Medicare OPPS FS. ",3762.34,,,,,,,Case Rate,"100%Medicare OPPS FS. ",3762.34,,,,,,,Case Rate,"100% Medicare OPPS FS. ",,,,,,,,,"NA. ",3189.04,,,,,,,Case Rate,225% of NYS APG. Lesser of 100% of billed charges applies.,1317.81,,,,,,,Case Rate,100% of PAS. Lesser of 100% of billed charges applies.,10351,,,,,,,Case Rate,". MPL 100/50/25% all add ons apply, and lesser of 100% of billed charges",7163,,,,,,,Case Rate,". ",7163,,,,,,,Case Rate,". ",7163,,,,,,,Case Rate,". ",7163,,,,,,,Case Rate,". ",3762.34,,,,,,,Case Rate,"100% Medicare OPPS FS. ",1417.35,,,,,,,Case Rate,"100 Percent of Medicaid APG. ",10351,,,,,,,Case Rate,". MPL 100/50/25% all add ons apply, and lesser of 100% of billed charges",1417.35,,,,,,,Case Rate,"100 Percent of Medicaid APG. ",3762.34,,,,,,,Case Rate,"100% Medicare OPPS FS. ",1417.35,,,,,,,Case Rate,"100 Percent of Medicaid APG. ",3762.34,,,,,,,Case Rate,"100% Medicare OPPS FS. ",3762.34,,,,,,,Case Rate,"100% Medicare OPPS FS. ",1417.35,,,,,,,Case Rate,"100 Percent of Medicaid APG. ",1417.35,,,,,,,Case Rate,"100 Percent of Medicaid APG. ",7163,,,,,,,Case Rate,". ",6487,,,,,,,Case Rate,". MPL 100/50/25% maxmium of 3 procedures. All add ons apply, and lesser of 100% of billed charges",,78,,,,,0,percent of total billed charges,78% of Billed Charges. Lesser of 100% of billed charges applies.; No services were performed during the 15 month look back period.,10978.39,,,,,,,Case Rate,". MPL 100/50/25% all add ons apply, and lesser of 100% of billed charges",10978.39,,,,,,,Case Rate,". MPL 100/50/25% all add ons apply, and lesser of 100% of billed charges",12266,,,,,,,Case Rate,". Primary procedure pays at 100%, secondary at 50%, all subsequent at 25%.  Lesser of applies when negotiated rates exceed charges less addons.",3687.09,,,,,,,Case Rate,"83% HF Fee schedule. ",12574,,,,,,,Case Rate,". Primary procedure pays at 100%, all subsequent at 50%.",12574,,,,,,,Case Rate,". Primary procedure pays at 100%, all subsequent at 50%.",8281,,,,,,,Case Rate,". MPL 100/50/25% all add ons apply, and lesser of 100% of billed charges",8281,,,,,,,Case Rate,". MPL 100/50/25% all add ons apply, and lesser of 100% of billed charges",3762.34,,,,,,,Case Rate,"100% Medicare OPPS FS. ",3762.34,,,,,,,Case Rate,"100% Medicare OPPS FS. ",3762.34,,,,,,,Case Rate,"100% Medicare OPPS FS. ",3762.34,,,,,,,Case Rate,"100% Medicare OPPS FS. ",10978.39,,,,,,,Case Rate,". MPL 100/50/25% all add ons apply, and lesser of 100% of billed charges",10351,,,,,,,Case Rate,". MPL 100/50/25% all add ons apply, and lesser of 100% of billed charges",10351,,,,,,,Case Rate,". MPL 100/50/25% all add ons apply, and lesser of 100% of billed charges",3762.34,,,,,,,Case Rate,"100% Medicare OPPS FS. ",8281,,,,,,,Case Rate,". MPL 100/50/25% all add ons apply, and lesser of 100% of billed charges",8427,,,,,,,Case Rate,". Primary procedure pays at 100%, all subsequent at 50%.",1700.82,,,,,,,Fee Schedule,"120 Percent of Medicaid APG. ",1417.35,,,,,,,Case Rate,"100 Percent of Medicaid APG. ",7163,,,,,,,Case Rate,". ",9316,,,,,,,Case Rate,". MPL 100/50/25% all add ons apply, and lesser of 100% of billed charges",9316,,,,,,,Case Rate,". MPL 100/50/25% all add ons apply, and lesser of 100% of billed charges",10351,,,,,,,Case Rate,". MPL 100/50/25% all add ons apply, and lesser of 100% of billed charges",14948,,,,,,,Case Rate,". MPL 100/75/50% all add ons apply, and lesser of 100% of billed charges",3762.34,,,,,,,Case Rate,"100%Medicare OPPS FS. ",1488.22,,,,,,,Fee Schedule,105 percent of Medicaid APG. otherwise 105% of Ordered NYS MCD FS or 105% of ASP+6%,1488.22,,,,,,,Fee Schedule,105 percent of Medicaid APG. otherwise 105% of Ordered NYS MCD FS or 105% of ASP+6%,1488.22,,,,,,,Fee Schedule,105 percent of Medicaid APG. otherwise 105% of Ordered NYS MCD FS or 105% of ASP+6%,1913.42,,,,,,,Fee Schedule,135 percent of Medicaid APG. otherwise 135% of Ordered NYS MCD FS or 135% of ASP+6%,10978.39,,,,,,,Case Rate,". MPL 100/50/25% all add ons apply, and lesser of 100% of billed charges",1488.22,,,,,,,Fee Schedule,105 percent of Medicaid APG. otherwise 105% of Ordered NYS MCD FS or 105% of ASP+6%,1488.22,,,,,,,Fee Schedule,105 percent of Medicaid APG. otherwise 105% of Ordered NYS MCD FS or 105% of ASP+6%,1488.22,,,,,,,Fee Schedule,105 percent of Medicaid APG. otherwise 105% of Ordered NYS MCD FS or 105% of ASP+6%,1488.22,,,,,,,Fee Schedule,105 percent of Medicaid APG. otherwise 105% of Ordered NYS MCD FS or 105% of ASP+6%,1488.22,,,,,,,Fee Schedule,105 percent of Medicaid APG. otherwise 105% of Ordered NYS MCD FS or 105% of ASP+6%,1913.42,,,,,,,Fee Schedule,135 percent of Medicaid APG. otherwise 135% of Ordered NYS MCD FS or 135% of ASP+6%,1913.42,,,,,,,Fee Schedule,135 percent of Medicaid APG. otherwise 135% of Ordered NYS MCD FS or 135% of ASP+6%,3762.34,,,,,,,Case Rate,"100% Medicare OPPS FS. ",10978.39,,,,,,,Case Rate,". MPL 100/50/25% all add ons apply, and lesser of 100% of billed charges",3762.34,,,,,,,Case Rate,"100% Medicare OPPS FS. ",1488.22,,,,,,,Fee Schedule,105 percent of Medicaid APG. otherwise 105% of Ordered NYS MCD FS or 105% of ASP+6%,10351,,,,,,,Case Rate,". MPL 100/50/25% all add ons apply, and lesser of 100% of billed charges",3762.34,,,,,,,Case Rate,"100% Medicare OPPS FS. ",10351,,,,,,,Case Rate,". MPL 100/50/25% all add ons apply, and lesser of 100% of billed charges",10351,,,,,,,Case Rate,". MPL 100/50/25% all add ons apply, and lesser of 100% of billed charges",10351,,,,,,,Case Rate,". MPL 100/50/25% all add ons apply, and lesser of 100% of billed charges",1488.22,,,,,,,Fee Schedule,105 percent of Medicaid APG. otherwise 105% of Ordered NYS MCD FS or 105% of ASP+6%,3762.34,,,,,,,Case Rate,"100% Medicare OPPS FS. ",10351,,,,,,,Case Rate,". MPL 100/50/25% all add ons apply, and lesser of 100% of billed charges",1913.42,,,,,,,Fee Schedule,135 percent of Medicaid APG. otherwise 135% of Ordered NYS MCD FS or 135% of ASP+6%,10351,,,,,,,Case Rate,". MPL 100/50/25% all add ons apply, and lesser of 100% of billed charges",,200,,,,,0,Case Rate,200% of Medicare OPPS. ; No services were performed during the 15 month look back period.,3762.34,,,,,,,Case Rate,"100%Medicare OPPS FS. ",7163,,,,,,,Case Rate,". ",7163,,,,,,,Case Rate,". ",7163,,,,,,,Case Rate,". ",7163,,,,,,,Case Rate,". ",7163,,,,,,,Case Rate,". ",8427,,,,,,,Case Rate,". Primary procedure pays at 100%, all subsequent at 50%.",8427,,,,,,,Case Rate,". Primary procedure pays at 100%, all subsequent at 50%.",7163,,,,,,,Case Rate,". ",7163,,,,,,,Case Rate,". ",7163,,,,,,,Case Rate,". ",7163,,,,,,,Case Rate,". ",7163,,,,,,,Case Rate,". ",3762.34,,,,,,,Case Rate,"100% Medicare OPPS FS. ",8427,,,,,,,Case Rate,". Primary procedure pays at 100%, all subsequent at 50%.",3762.34,,,,,,,Case Rate,"100% Medicare OPPS FS. ",3189.04,,,,,,,Case Rate,"225 Percent of Medicaid APG. If not included in Medicaid APG, then 100 Percent of Manhattan Medicare",1417.35,,,,,,,Case Rate,"100 Percent of Medicaid APG. ",10978.39,,,,,,,Case Rate,". MPL 100/50/25% all add ons apply, and lesser of 100% of billed charges",10978.39,,,,,,,Case Rate,". MPL 100/50/25% all add ons apply, and lesser of 100% of billed charges",3762.34,,,,,,,Case Rate,"100% Medicare OPPS FS. ",12574,,,,,,,Case Rate,". Primary procedure pays at 100%, all subsequent at 50%.",3762.34,,,,,,,Case Rate,"100% Medicare OPPS FS. ",3762.34,,,,,,,Case Rate,"100% Medicare OPPS FS. ",12266,,,,,,,Case Rate,". Primary procedure pays at 100%, secondary at 50%, all subsequent at 25%.  Lesser of applies when negotiated rates exceed charges less addons.",3762.34,,,,,,,Case Rate,"100% Medicare OPPS FS. ",6487,,,,,,,Case Rate,". MPL 100/50/25% maxmium of 3 procedures. All add ons apply, and lesser of 100% of billed charges",3762.34,,,,,,,Case Rate,"100% Medicare OPPS FS. ",6487,,,,,,,Case Rate,". MPL 100/50/25% maxmium of 3 procedures. All add ons apply, and lesser of 100% of billed charges",12266,,,,,,,Case Rate,". Primary procedure pays at 100%, secondary at 50%, all subsequent at 25%.  Lesser of applies when negotiated rates exceed charges less addons.",6487,,,,,,,Case Rate,". MPL 100/50/25% maxmium of 3 procedures. All add ons apply, and lesser of 100% of billed charges",3762.34,,,,,,,Case Rate,"100% Medicare OPPS FS. ",1417.35,,,,,,,Case Rate,"100 Percent of Medicaid APG. ",3762.34,,,,,,,Case Rate,"100% Medicare OPPS FS. ",6487,,,,,,,Case Rate,". MPL 100/50/25% maxmium of 3 procedures. All add ons apply, and lesser of 100% of billed charges",10978.39,,,,,,,Case Rate,". MPL 100/50/25% all add ons apply, and lesser of 100% of billed charges",1417.35,,,,,,,Case Rate,"100 Percent of Medicaid APG. ",10351,,,,,,,Case Rate,". MPL 100/50/25% all add ons apply, and lesser of 100% of billed charges",1700.82,,,,,,,Fee Schedule,"120 Percent of Medicaid APG. ",1700.82,,,,,,,Fee Schedule,"120 Percent of Medicaid APG. ",10351,,,,,,,Case Rate,". MPL 100/50/25% all add ons apply, and lesser of 100% of billed charges",10351,,,,,,,Case Rate,". MPL 100/50/25% all add ons apply, and lesser of 100% of billed charges",10351,,,,,,,Case Rate,". MPL 100/50/25% all add ons apply, and lesser of 100% of billed charges",10978.39,,,,,,,Case Rate,". MPL 100/50/25% all add ons apply, and lesser of 100% of billed charges",10351,,,,,,,Case Rate,". MPL 100/50/25% all add ons apply, and lesser of 100% of billed charges",10351,,,,,,,Case Rate,". MPL 100/50/25% all add ons apply, and lesser of 100% of billed charges",10351,,,,,,,Case Rate,". MPL 100/50/25% all add ons apply, and lesser of 100% of billed charges",7163,,,,,,,Case Rate,". ",7163,,,,,,,Case Rate,". ",7449.43,,,,,,,Case Rate,198 Percent of Medicare OPPS. Metroplus will reimburse unlisted codes and described codes with no Medicare rate at 50 percent of charges.,1417.35,,,,,,,Case Rate,"100 Percent of Medicaid APG. ",10978.39,,,,,,,Case Rate,". MPL 100/50/25% all add ons apply, and lesser of 100% of billed charges",6487,,,,,,,Case Rate,". MPL 100/50/25% maxmium of 3 procedures. All add ons apply, and lesser of 100% of billed charges",12266,,,,,,,Case Rate,". Primary procedure pays at 100%, secondary at 50%, all subsequent at 25%.  Lesser of applies when negotiated rates exceed charges less addons.",10978.39,,,,,,,Case Rate,". MPL 100/50/25% all add ons apply, and lesser of 100% of billed charges",12266,,,,,,,Case Rate,". Primary procedure pays at 100%, secondary at 50%, all subsequent at 25%.  Lesser of applies when negotiated rates exceed charges less addons.",10978.39,,,,,,,Case Rate,". MPL 100/50/25% all add ons apply, and lesser of 100% of billed charges",10351,,,,,,,Case Rate,". MPL 100/50/25% all add ons apply, and lesser of 100% of billed charges",10351,,,,,,,Case Rate,". MPL 100/50/25% all add ons apply, and lesser of 100% of billed charges",10351,,,,,,,Case Rate,". MPL 100/50/25% all add ons apply, and lesser of 100% of billed charges",10351,,,,,,,Case Rate,". MPL 100/50/25% all add ons apply, and lesser of 100% of billed charges",3762.34,,,,,,,Case Rate,"100% Medicare OPPS FS. ",1317.81,25798,
61619,CPT,,,490,RC,REPAIR DURA,,,both,,,,1606,,,,,,,Fee Schedule,"100 % 1199 Fee Schedule. ",1606,,,,,,,Fee Schedule,"100 % 1199 Fee Schedule. ",69452,,,,,,,Case Rate,". Primary procedure pays at 100%, secondary at 50%, all subsequent at 25%.  Lesser of applies when negotiated rates exceed charges less addons.",,100,,,,,0,percent of total billed charges,100 percent of billed charges; No services were performed during the 15 month look back period.,,,,,,,,Other,"Not Payable. ",69452,,,,,,,Case Rate,". Primary procedure pays at 100%, secondary at 50%, all subsequent at 25%.  Lesser of applies when negotiated rates exceed charges less addons.",69452,,,,,,,Case Rate,". Primary procedure pays at 100%, secondary at 50%, all subsequent at 25%.  Lesser of applies when negotiated rates exceed charges less addons.",69452,,,,,,,Case Rate,". Primary procedure pays at 100%, secondary at 50%, all subsequent at 25%.  Lesser of applies when negotiated rates exceed charges less addons.",,,,,,,,Other,"100 Percent of Medicaid APG. ",,,,,,,,Other,"100 Percent of Medicaid APG. ",,78,,,,,0,percent of total billed charges,78 percent of billed charges; No services were performed during the 15 month look back period.,85145.38,,,,,,,Case Rate,". MPL 100/50/25% all add ons apply, and lesser of 100% of billed charges",,,,,,,,Other,"100 Percent of Medicaid APG. ",,,,,,,,Other,"Not Payable. ",,60,,,,,0,percent of total billed charges,60 percent of billed charges; No services were performed during the 15 month look back period.,,60,,,,,0,percent of total billed charges,60 percent of billed charges; No services were performed during the 15 month look back period.,,60,,,,,0,percent of total billed charges,60 percent of billed charges; No services were performed during the 15 month look back period.,,60,,,,,0,percent of total billed charges,60 percent of billed charges; No services were performed during the 15 month look back period.,,,,,,,,Case rate,124 Percent of Medicaid APG. Covered services not payable under Medicaid Fee Schedules default to a payment of 50 percent of charges.,,,,,,,,Other,"Not Payable. ",,,,,,,,Case rate,124 Percent of Medicaid APG. Covered services not payable under Medicaid Fee Schedules default to a payment of 50 percent of charges.,,78,,,,,0,percent of total billed charges,78 percent of billed charges; No services were performed during the 15 month look back period.,69452,,,,,,,Case Rate,". Primary procedure pays at 100%, secondary at 50%, all subsequent at 25%.  Lesser of applies when negotiated rates exceed charges less addons.",,,,,,,,Other,"Not Payable. ",8427,,,,,,,Case Rate,". Primary procedure pays at 100%, all subsequent at 50%.",,,,,,,,Other,"Not Payable. ",,,,,,,,Other,"Not Payable. ",,78,,,,,0,percent of total billed charges,78 percent of billed charges; No services were performed during the 15 month look back period.,1548.19,,,,,,,Fee Schedule,90 Percent of Medicare RBRVS. Lesser of 100% of billed charges applies.,1548.19,,,,,,,Fee Schedule,90 Percent of Medicare RBRVS. Lesser of 100% of billed charges applies.,,,,,,,,Case rate,"100 Percent of Medicaid APG. ",,,,,,,,Case rate,"100 Percent of Medicaid APG. ",8427,,,,,,,Case Rate,". Primary procedure pays at 100%, all subsequent at 50%.",8427,,,,,,,Case Rate,". Primary procedure pays at 100%, all subsequent at 50%.",,,,,,,,Other,"100 Percent of Medicaid APG. Not APG payable, or payable under another fee schedule like ASP/AWP pays at 30% of charges",8427,,,,,,,Case Rate,". Primary procedure pays at 100%, all subsequent at 50%.",,,,,,,,Other,"100 Percent of Medicaid APG. Not APG payable, or payable under another fee schedule like ASP/AWP pays at 30% of charges",,,,,,,,Other,"Not Payable. ",8427,,,,,,,Case Rate,". Primary procedure pays at 100%, all subsequent at 50%.",,78,,,,,0,percent of total billed charges,78 percent of billed charges; No services were performed during the 15 month look back period.,,,,,,,,Other,"100 Percent of Medicaid APG. If not priced under APG, then Metroplus FeeSched",,,,,,,,Other,"100 Percent of Medicaid APG. If not priced under APG, then Metroplus FeeSched",,78,,,,,0,percent of total billed charges,78 percent of billed charges; No services were performed during the 15 month look back period.,,60,,,,,0,percent of total billed charges,60 percent of billed charges; No services were performed during the 15 month look back period.,73079,,,,,,,Case Rate,". MPL 100/50/25% all add ons apply, and lesser of 100% of billed charges",73079,,,,,,,Case Rate,". MPL 100/50/25% all add ons apply, and lesser of 100% of billed charges",,78,,,,,0,percent of total billed charges,78 percent of billed charges; No services were performed during the 15 month look back period.,,,,,,,,Other,"Not Payable. ",85145.38,,,,,,,Case Rate,". MPL 100/50/25% all add ons apply, and lesser of 100% of billed charges",85145.38,,,,,,,Case Rate,". MPL 100/50/25% all add ons apply, and lesser of 100% of billed charges",85145.38,,,,,,,Case Rate,". MPL 100/50/25% all add ons apply, and lesser of 100% of billed charges",,,,,,,,Other,"Not Payable. ",85145.38,,,,,,,Case Rate,". MPL 100/50/25% all add ons apply, and lesser of 100% of billed charges",85145.38,,,,,,,Case Rate,". MPL 100/50/25% all add ons apply, and lesser of 100% of billed charges",,,,,,,,Other,"Not Payable. ",100883,,,,,,,Case Rate,". MPL 100/75/50% all add ons apply, and lesser of 100% of billed charges",24258,,,,,,,Case Rate,". MPL 100/50/25% all add ons apply, and lesser of 100% of billed charges",24258,,,,,,,Case Rate,". MPL 100/50/25% all add ons apply, and lesser of 100% of billed charges",24258,,,,,,,Case Rate,". MPL 100/50/25% all add ons apply, and lesser of 100% of billed charges",24258,,,,,,,Case Rate,". MPL 100/50/25% all add ons apply, and lesser of 100% of billed charges",24258,,,,,,,Case Rate,". MPL 100/50/25% all add ons apply, and lesser of 100% of billed charges",24258,,,,,,,Case Rate,". MPL 100/50/25% all add ons apply, and lesser of 100% of billed charges",,,,,,,,Other,"Not Payable. ",,,,,,,,Other,"Not Payable. ",24258,,,,,,,Case Rate,". MPL 100/50/25% all add ons apply, and lesser of 100% of billed charges",,78,,,,,0,percent of total billed charges,78 percent of billed charges; No services were performed during the 15 month look back period.,,78,,,,,0,percent of total billed charges,78 percent of billed charges; No services were performed during the 15 month look back period.,,78,,,,,0,percent of total billed charges,78 percent of billed charges; No services were performed during the 15 month look back period.,,78,,,,,0,percent of total billed charges,78 percent of billed charges; No services were performed during the 15 month look back period.,,78,,,,,0,percent of total billed charges,78 percent of billed charges; No services were performed during the 15 month look back period.,,78,,,,,0,percent of total billed charges,78 percent of billed charges; No services were performed during the 15 month look back period.,,78,,,,,0,percent of total billed charges,78 percent of billed charges; No services were performed during the 15 month look back period.,,78,,,,,0,percent of total billed charges,78 percent of billed charges; No services were performed during the 15 month look back period.,,78,,,,,0,percent of total billed charges,78 percent of billed charges; No services were performed during the 15 month look back period.,,78,,,,,0,percent of total billed charges,78 percent of billed charges; No services were performed during the 15 month look back period.,,78,,,,,0,percent of total billed charges,78 percent of billed charges; No services were performed during the 15 month look back period.,,78,,,,,0,percent of total billed charges,78 percent of billed charges; No services were performed during the 15 month look back period.,,78,,,,,0,percent of total billed charges,78 percent of billed charges; No services were performed during the 15 month look back period.,,78,,,,,0,percent of total billed charges,78 percent of billed charges; No services were performed during the 15 month look back period.,,78,,,,,0,percent of total billed charges,78 percent of billed charges; No services were performed during the 15 month look back period.,,78,,,,,0,percent of total billed charges,78 percent of billed charges; No services were performed during the 15 month look back period.,,78,,,,,0,percent of total billed charges,78 percent of billed charges; No services were performed during the 15 month look back period.,,78,,,,,0,percent of total billed charges,78 percent of billed charges; No services were performed during the 15 month look back period.,,78,,,,,0,percent of total billed charges,78 percent of billed charges; No services were performed during the 15 month look back period.,,78,,,,,0,percent of total billed charges,78 percent of billed charges; No services were performed during the 15 month look back period.,,78,,,,,0,percent of total billed charges,78 percent of billed charges; No services were performed during the 15 month look back period.,,78,,,,,0,percent of total billed charges,78 percent of billed charges; No services were performed during the 15 month look back period.,,78,,,,,0,percent of total billed charges,78 percent of billed charges; No services were performed during the 15 month look back period.,,78,,,,,0,percent of total billed charges,78 percent of billed charges; No services were performed during the 15 month look back period.,,78,,,,,0,percent of total billed charges,78 percent of billed charges; No services were performed during the 15 month look back period.,,78,,,,,0,percent of total billed charges,78 percent of billed charges; No services were performed during the 15 month look back period.,8427,,,,,,,Case Rate,". Primary procedure pays at 100%, all subsequent at 50%.",8427,,,,,,,Case Rate,". Primary procedure pays at 100%, all subsequent at 50%.",8427,,,,,,,Case Rate,". Primary procedure pays at 100%, all subsequent at 50%.",8427,,,,,,,Case Rate,". Primary procedure pays at 100%, all subsequent at 50%.",12574,,,,,,,Case Rate,". Primary procedure pays at 100%, all subsequent at 50%.",12574,,,,,,,Case Rate,". Primary procedure pays at 100%, all subsequent at 50%.",,60,,,,,0,percent of total billed charges,60 percent of billed charges; No services were performed during the 15 month look back period.,24258,,,,,,,Case Rate,". MPL 100/50/25% all add ons apply, and lesser of 100% of billed charges",85145.38,,,,,,,Case Rate,". MPL 100/50/25% all add ons apply, and lesser of 100% of billed charges",24258,,,,,,,Case Rate,". MPL 100/50/25% all add ons apply, and lesser of 100% of billed charges",,78,,,,,0,percent of total billed charges,78 percent of billed charges; No services were performed during the 15 month look back period.,12574,,,,,,,Case Rate,". Primary procedure pays at 100%, all subsequent at 50%.",24258,,,,,,,Case Rate,". MPL 100/50/25% all add ons apply, and lesser of 100% of billed charges",85145.38,,,,,,,Case Rate,". MPL 100/50/25% all add ons apply, and lesser of 100% of billed charges",,60,,,,,0,percent of total billed charges,60 percent of billed charges; No services were performed during the 15 month look back period.,,,,,,,,,,,78,,,,,0,percent of total billed charges,78 percent of billed charges; No services were performed during the 15 month look back period.,,,,,,,,Other,"100 Percent of Medicaid APG. ",8427,,,,,,,Case Rate,". Primary procedure pays at 100%, all subsequent at 50%.",,,,,,,,Other,"100 Percent of Medicaid APG. Not APG payable, or payable under another fee schedule like ASP/AWP pays at 30% of charges",,,,,,,,Other,"Not Payable. ",,,,,,,,Other,"Not Payable. ",100883,,,,,,,Case Rate,". MPL 100/75/50% all add ons apply, and lesser of 100% of billed charges",,,,,,,,Other,"Not Payable. ",,,,,,,,Other,"Not Payable. ",,,,,,,,Other,"100 Percent of Medicaid APG. ",,,,,,,,Other,"Not Payable. ",,,,,,,,Other,"Not Payable. ",69452,,,,,,,Case Rate,". Primary procedure pays at 100%, secondary at 50%, all subsequent at 25%.  Lesser of applies when negotiated rates exceed charges less addons.",69452,,,,,,,Case Rate,". Primary procedure pays at 100%, secondary at 50%, all subsequent at 25%.  Lesser of applies when negotiated rates exceed charges less addons.",,,,,,,,Other,"Not Payable. ",,60,,,,,0,percent of total billed charges,60 percent of billed charges; No services were performed during the 15 month look back period.,85145.38,,,,,,,Case Rate,". MPL 100/50/25% all add ons apply, and lesser of 100% of billed charges",85145.38,,,,,,,Case Rate,". MPL 100/50/25% all add ons apply, and lesser of 100% of billed charges",,,,,,,,Other,"Not Payable. ",,60,,,,,0,percent of total billed charges,60 percent of billed charges; No services were performed during the 15 month look back period.,69452,,,,,,,Case Rate,". Primary procedure pays at 100%, secondary at 50%, all subsequent at 25%.  Lesser of applies when negotiated rates exceed charges less addons.",69452,,,,,,,Case Rate,". Primary procedure pays at 100%, secondary at 50%, all subsequent at 25%.  Lesser of applies when negotiated rates exceed charges less addons.",69452,,,,,,,Case Rate,". Primary procedure pays at 100%, secondary at 50%, all subsequent at 25%.  Lesser of applies when negotiated rates exceed charges less addons.",,78,,,,,0,percent of total billed charges,78 percent of billed charges; No services were performed during the 15 month look back period.,,78,,,,,0,percent of total billed charges,78 percent of billed charges; No services were performed during the 15 month look back period.,,78,,,,,0,percent of total billed charges,78 percent of billed charges; No services were performed during the 15 month look back period.,,78,,,,,0,percent of total billed charges,78 percent of billed charges; No services were performed during the 15 month look back period.,,78,,,,,0,percent of total billed charges,78 percent of billed charges; No services were performed during the 15 month look back period.,,78,,,,,0,percent of total billed charges,78 percent of billed charges; No services were performed during the 15 month look back period.,,78,,,,,0,percent of total billed charges,78 percent of billed charges; No services were performed during the 15 month look back period.,,78,,,,,0,percent of total billed charges,78 percent of billed charges; No services were performed during the 15 month look back period.,,78,,,,,0,percent of total billed charges,78 percent of billed charges; No services were performed during the 15 month look back period.,,78,,,,,0,percent of total billed charges,78 percent of billed charges; No services were performed during the 15 month look back period.,,78,,,,,0,percent of total billed charges,78 percent of billed charges; No services were performed during the 15 month look back period.,12574,,,,,,,Case Rate,". Primary procedure pays at 100%, all subsequent at 50%.",24258,,,,,,,Case Rate,". MPL 100/50/25% all add ons apply, and lesser of 100% of billed charges",,60,,,,,0,percent of total billed charges,60 percent of billed charges; No services were performed during the 15 month look back period.,,,,,,,,Other,"Not Payable. ",69452,,,,,,,Case Rate,". Primary procedure pays at 100%, secondary at 50%, all subsequent at 25%.  Lesser of applies when negotiated rates exceed charges less addons.",,60,,,,,0,percent of total billed charges,60 percent of billed charges; No services were performed during the 15 month look back period.,,60,,,,,0,percent of total billed charges,60 percent of billed charges; No services were performed during the 15 month look back period.,,78,,,,,0,percent of total billed charges,78 percent of billed charges; No services were performed during the 15 month look back period.,,,,,,,,Other,"214 Percent of Medicaid APG. ",,60,,,,,0,percent of total billed charges,60 percent of billed charges; No services were performed during the 15 month look back period.,,,,,,,,Other,"100 Percent of Medicaid APG. ",,,,,,,,Other,"Not Payable. ",,,,,,,,Other,"Not Payable. ",,,,,,,,Other,"Not Payable. ",,,,,,,,Other,"Not Payable. ",,,,,,,,Other,"Not Payable. ",,,,,,,,Other,"Not Payable. ",,60,,,,,0,percent of total billed charges,60 percent of billed charges; No services were performed during the 15 month look back period.,100883,,,,,,,Case Rate,". MPL 100/75/50% all add ons apply, and lesser of 100% of billed charges",,,,,,,,Fee Schedule,"180 Percent of Medicaid APG. ",,,,,,,,Fee Schedule,"180 Percent of Medicaid APG. ",,,,,,,,Fee Schedule,"180 Percent of Medicaid APG. ",,,,,,,,Fee Schedule,"180 Percent of Medicaid APG. ",,,,,,,,Fee Schedule,"180 Percent of Medicaid APG. ",,,,,,,,,,100883,,,,,,,Case Rate,". MPL 100/75/50% all add ons apply, and lesser of 100% of billed charges",,,,,,,,Fee Schedule,"Not Payable. ",,,,,,,,Fee Schedule,"Not Payable. ",,,,,,,,Fee Schedule,"Not Payable. ",,,,,,,,Fee Schedule,"Not Payable. ",,,,,,,,Fee Schedule,"Not Payable. ",,,,,,,,Other,"Not Payable. ",12574,,,,,,,Case Rate,". Primary procedure pays at 100%, all subsequent at 50%.",12574,,,,,,,Case Rate,". Primary procedure pays at 100%, all subsequent at 50%.",12574,,,,,,,Case Rate,". Primary procedure pays at 100%, all subsequent at 50%.",12574,,,,,,,Case Rate,". Primary procedure pays at 100%, all subsequent at 50%.",69452,,,,,,,Case Rate,". Primary procedure pays at 100%, secondary at 50%, all subsequent at 25%.  Lesser of applies when negotiated rates exceed charges less addons.",69452,,,,,,,Case Rate,". Primary procedure pays at 100%, secondary at 50%, all subsequent at 25%.  Lesser of applies when negotiated rates exceed charges less addons.",69452,,,,,,,Case Rate,". Primary procedure pays at 100%, secondary at 50%, all subsequent at 25%.  Lesser of applies when negotiated rates exceed charges less addons.",69452,,,,,,,Case Rate,". Primary procedure pays at 100%, secondary at 50%, all subsequent at 25%.  Lesser of applies when negotiated rates exceed charges less addons.",100883,,,,,,,Case Rate,". MPL 100/75/50% all add ons apply, and lesser of 100% of billed charges",100883,,,,,,,Case Rate,". MPL 100/75/50% all add ons apply, and lesser of 100% of billed charges",,,,,,,,Other,"Not Payable. ",,,,,,,,Other,"Not Payable. ",,,,,,,,Other,"Not Payable. ",24258,,,,,,,Case Rate,". MPL 100/50/25% all add ons apply, and lesser of 100% of billed charges",24258,,,,,,,Case Rate,". MPL 100/50/25% all add ons apply, and lesser of 100% of billed charges",24258,,,,,,,Case Rate,". MPL 100/50/25% all add ons apply, and lesser of 100% of billed charges",100883,,,,,,,Case Rate,". MPL 100/75/50% all add ons apply, and lesser of 100% of billed charges",69452,,,,,,,Case Rate,". Primary procedure pays at 100%, secondary at 50%, all subsequent at 25%.  Lesser of applies when negotiated rates exceed charges less addons.",,,,,,,,Other,"Not Payable. ",24258,,,,,,,Case Rate,". MPL 100/50/25% all add ons apply, and lesser of 100% of billed charges",,,,,,,,Other,"100 Percent of Medicaid APG. ",,,,,,,,Other,"Not Payable. ",,,,,,,,Other,"Not Payable. ",,,,,,,,Other,"Not Payable. ",,,,,,,,Case rate,"100 Percent of Medicaid APG. ",,,,,,,,Fee Schedule,225% of NYS APG. Lesser of 100% of billed charges applies.,,,,,,,,Fee Schedule,225% of NYS APG. Lesser of 100% of billed charges applies.,,,,,,,,Fee Schedule,225% of NYS APG. Lesser of 100% of billed charges applies.,,,,,,,,Fee Schedule,225% of NYS APG. Lesser of 100% of billed charges applies.,,,,,,,,Fee Schedule,225% of NYS APG. Lesser of 100% of billed charges applies.,,,,,,,,Other,"Not Payable. ",,,,,,,,Other,"100 Percent of Medicaid APG. ",1548.19,,,,,,,Fee Schedule,90 Percent of Medicare RBRVS. Lesser of 100% of billed charges applies.,,,,,,,,Fee Schedule,225% of NYS APG. Lesser of 100% of billed charges applies.,,,,,,,,Fee Schedule,225% of NYS APG. Lesser of 100% of billed charges applies.,1548.19,,,,,,,Fee Schedule,90 Percent of Medicare RBRVS. Lesser of 100% of billed charges applies.,1548.19,,,,,,,Fee Schedule,90 Percent of Medicare RBRVS. Lesser of 100% of billed charges applies.,,,,,,,,Fee Schedule,"180 Percent of Medicaid APG. ",,,,,,,,Other,"Not Payable. ",,,,,,,,Other,"Not Payable. ",69452,,,,,,,Case Rate,". Primary procedure pays at 100%, secondary at 50%, all subsequent at 25%.  Lesser of applies when negotiated rates exceed charges less addons.",,,,,,,,Other,"Not Payable. ",,,,,,,,Case Rate,"225 Percent of Medicaid APG. ",,,,,,,,Case Rate,"225 Percent of Medicaid APG. ",,,,,,,,Case rate,"100 Percent of Medicaid APG. ",,,,,,,,Case rate,"100 Percent of Medicaid APG. ",,,,,,,,Case Rate,225 Percent of Medicaid APG. Covered services not payable under Medicaid Fee Schedules default to a payment of 87.5 percent of charges.,,,,,,,,Case rate,124 Percent of Medicaid APG. Covered services not payable under Medicaid Fee Schedules default to a payment of 50 percent of charges.,,,,,,,,Other,"100 Percent of Medicaid APG. ",,,,,,,,Other,"100 Percent of Medicaid APG. ",,,,,,,,Other,"100 Percent of Medicaid APG. ",,,,,,,,Other,"100 Percent of Medicaid APG. ",13453,,,,,,,Case Rate,". MPL 100/75/50% all add ons apply, and lesser of 100% of billed charges",100883,,,,,,,Case Rate,". MPL 100/75/50% all add ons apply, and lesser of 100% of billed charges",,,,,,,,Other,"120 Percent of Medicaid APG. Not APG payable, or payable under another fee schedule like ASP/AWP pays at 30% of charges",,,,,,,,Other,"120 Percent of Medicaid APG. Not APG payable, or payable under another fee schedule like ASP/AWP pays at 30% of charges",,,,,,,,Other,"100 Percent of Medicaid APG. Not APG payable, or payable under another fee schedule like ASP/AWP pays at 30% of charges",,,,,,,,Other,"100 Percent of Medicaid APG. Not APG payable, or payable under another fee schedule like ASP/AWP pays at 30% of charges",24258,,,,,,,Case Rate,". MPL 100/50/25% all add ons apply, and lesser of 100% of billed charges",24258,,,,,,,Case Rate,". MPL 100/50/25% all add ons apply, and lesser of 100% of billed charges",,,,,,,,Other,"Not Payable. ",24258,,,,,,,Case Rate,". MPL 100/50/25% all add ons apply, and lesser of 100% of billed charges",24258,,,,,,,Case Rate,". MPL 100/50/25% all add ons apply, and lesser of 100% of billed charges",24258,,,,,,,Case Rate,". MPL 100/50/25% all add ons apply, and lesser of 100% of billed charges",24258,,,,,,,Case Rate,". MPL 100/50/25% all add ons apply, and lesser of 100% of billed charges",,,,,,,,Other,"Not Payable. ",24258,,,,,,,Case Rate,". MPL 100/50/25% all add ons apply, and lesser of 100% of billed charges",24258,,,,,,,Case Rate,". MPL 100/50/25% all add ons apply, and lesser of 100% of billed charges",69452,,,,,,,Case Rate,". Primary procedure pays at 100%, secondary at 50%, all subsequent at 25%.  Lesser of applies when negotiated rates exceed charges less addons.",1720.21,,,,,,,Fee Schedule,100% of RBRVS. Lesser of 100% of billed charges applies.,,,,,,,,Case rate,124 Percent of Medicaid APG. Covered services not payable under Medicaid Fee Schedules default to a payment of 50 percent of charges.,,,,,,,,Fee Schedule,225% of NYS APG. Lesser of 100% of billed charges applies.,,,,,,,,Case Rate,225 Percent of Medicaid APG. Covered services not payable under Medicaid Fee Schedules default to a payment of 87.5 percent of charges.,,,,,,,,Case rate,124 Percent of Medicaid APG. Covered services not payable under Medicaid Fee Schedules default to a payment of 50 percent of charges.,,,,,,,,Fee Schedule,225% of NYS APG. Lesser of 100% of billed charges applies.,,,,,,,,Fee Schedule,225% of NYS APG. Lesser of 100% of billed charges applies.,,,,,,,,Fee Schedule,225% of NYS APG. Lesser of 100% of billed charges applies.,,,,,,,,Fee Schedule,225% of NYS APG. Lesser of 100% of billed charges applies.,,,,,,,,Fee Schedule,225% of NYS APG. Lesser of 100% of billed charges applies.,,,,,,,,Fee Schedule,225% of NYS APG. Lesser of 100% of billed charges applies.,,,,,,,,,,,,,,,,,,,,,,,,,,,,,60,,,,,0,percent of total billed charges,60 percent of billed charges; No services were performed during the 15 month look back period.,,,,,,,,,,,,,,,,,Other,"Not Payable. ",1606,,,,,,,Fee Schedule,"100 % 1199 Fee Schedule. ",,,,,,,,Other,"Not Payable. ",,,,,,,,Other,"Not Payable. ",,,,,,,,Other,"120 Percent of Medicaid APG. Not APG payable, or payable under another fee schedule like ASP/AWP pays at 30% of charges",,,,,,,,Other,"120 Percent of Medicaid APG. Not APG payable, or payable under another fee schedule like ASP/AWP pays at 30% of charges",,,,,,,,Other,"100 Percent of Medicaid APG. Not APG payable, or payable under another fee schedule like ASP/AWP pays at 30% of charges",,,,,,,,Other,"100 Percent of Medicaid APG. Not APG payable, or payable under another fee schedule like ASP/AWP pays at 30% of charges",,,,,,,,Other,"100 Percent of Medicaid APG. ",7163,,,,,,,Case Rate,". ",69452,,,,,,,Case Rate,". Primary procedure pays at 100%, secondary at 50%, all subsequent at 25%.  Lesser of applies when negotiated rates exceed charges less addons.",8427,,,,,,,Case Rate,". Primary procedure pays at 100%, all subsequent at 50%.",,60,,,,,0,percent of total billed charges,60 percent of billed charges; No services were performed during the 15 month look back period.,,,,,,,,Other,"Not Payable. ",,,,,,,,Other,"Not Payable. ",,,,,,,,Other,"Not Payable. ",,,,,,,,Other,"Not Payable. ",,,,,,,,Other,"Not Payable. ",,,,,,,,Other,"Not Payable. ",,,,,,,,,,,,,,,,,Fee Schedule,225% of NYS APG. Lesser of 100% of billed charges applies.,1548.19,,,,,,,Fee Schedule,90 Percent of Medicare RBRVS. Lesser of 100% of billed charges applies.,24258,,,,,,,Case Rate,". MPL 100/50/25% all add ons apply, and lesser of 100% of billed charges",7163,,,,,,,Case Rate,". ",7163,,,,,,,Case Rate,". ",7163,,,,,,,Case Rate,". ",7163,,,,,,,Case Rate,". ",,,,,,,,Other,"Not Payable. ",,,,,,,,Other,"100 Percent of Medicaid APG. ",24258,,,,,,,Case Rate,". MPL 100/50/25% all add ons apply, and lesser of 100% of billed charges",,,,,,,,Other,"100 Percent of Medicaid APG. ",,,,,,,,Other,"Not Payable. ",,,,,,,,Other,"100 Percent of Medicaid APG. ",,,,,,,,Other,"Not Payable. ",,,,,,,,Other,"Not Payable. ",,,,,,,,Other,"100 Percent of Medicaid APG. ",,,,,,,,Other,"100 Percent of Medicaid APG. ",7163,,,,,,,Case Rate,". ",,60,,,,,0,percent of total billed charges,60 percent of billed charges; No services were performed during the 15 month look back period.,,78,,,,,0,percent of total billed charges,78 percent of billed charges; No services were performed during the 15 month look back period.,85145.38,,,,,,,Case Rate,". MPL 100/50/25% all add ons apply, and lesser of 100% of billed charges",85145.38,,,,,,,Case Rate,". MPL 100/50/25% all add ons apply, and lesser of 100% of billed charges",69452,,,,,,,Case Rate,". Primary procedure pays at 100%, secondary at 50%, all subsequent at 25%.  Lesser of applies when negotiated rates exceed charges less addons.",,,,,,,,Other,"Not Payable. ",12574,,,,,,,Case Rate,". Primary procedure pays at 100%, all subsequent at 50%.",12574,,,,,,,Case Rate,". Primary procedure pays at 100%, all subsequent at 50%.",19406,,,,,,,Case Rate,". MPL 100/50/25% all add ons apply, and lesser of 100% of billed charges",19406,,,,,,,Case Rate,". MPL 100/50/25% all add ons apply, and lesser of 100% of billed charges",,,,,,,,Other,"Not Payable. ",,,,,,,,Other,"Not Payable. ",,,,,,,,Other,"Not Payable. ",,,,,,,,Other,"Not Payable. ",85145.38,,,,,,,Case Rate,". MPL 100/50/25% all add ons apply, and lesser of 100% of billed charges",24258,,,,,,,Case Rate,". MPL 100/50/25% all add ons apply, and lesser of 100% of billed charges",24258,,,,,,,Case Rate,". MPL 100/50/25% all add ons apply, and lesser of 100% of billed charges",,,,,,,,Other,"Not Payable. ",19406,,,,,,,Case Rate,". MPL 100/50/25% all add ons apply, and lesser of 100% of billed charges",8427,,,,,,,Case Rate,". Primary procedure pays at 100%, all subsequent at 50%.",,,,,,,,Fee Schedule,"120 Percent of Medicaid APG. ",,,,,,,,Other,"100 Percent of Medicaid APG. ",7163,,,,,,,Case Rate,". ",21832,,,,,,,Case Rate,". MPL 100/50/25% all add ons apply, and lesser of 100% of billed charges",21832,,,,,,,Case Rate,". MPL 100/50/25% all add ons apply, and lesser of 100% of billed charges",24258,,,,,,,Case Rate,". MPL 100/50/25% all add ons apply, and lesser of 100% of billed charges",69509,,,,,,,Case Rate,". MPL 100/75/50% all add ons apply, and lesser of 100% of billed charges",,,,,,,,Other,"Not Payable. ",,,,,,,,Fee Schedule,"Not payable. ",,,,,,,,Fee Schedule,"Not payable. ",,,,,,,,Fee Schedule,"Not payable. ",,,,,,,,Fee Schedule,"Not payable. ",85145.38,,,,,,,Case Rate,". MPL 100/50/25% all add ons apply, and lesser of 100% of billed charges",,,,,,,,Fee Schedule,"Not payable. ",,,,,,,,Fee Schedule,"Not payable. ",,,,,,,,Fee Schedule,"Not payable. ",,,,,,,,Fee Schedule,"Not payable. ",,,,,,,,Fee Schedule,"Not payable. ",,,,,,,,Fee Schedule,"Not payable. ",,,,,,,,Fee Schedule,"Not payable. ",,,,,,,,Other,"Not Payable. ",85145.38,,,,,,,Case Rate,". MPL 100/50/25% all add ons apply, and lesser of 100% of billed charges",,,,,,,,Other,"Not Payable. ",,,,,,,,Fee Schedule,"Not payable. ",24258,,,,,,,Case Rate,". MPL 100/50/25% all add ons apply, and lesser of 100% of billed charges",,,,,,,,Other,"Not Payable. ",24258,,,,,,,Case Rate,". MPL 100/50/25% all add ons apply, and lesser of 100% of billed charges",24258,,,,,,,Case Rate,". MPL 100/50/25% all add ons apply, and lesser of 100% of billed charges",24258,,,,,,,Case Rate,". MPL 100/50/25% all add ons apply, and lesser of 100% of billed charges",,,,,,,,Fee Schedule,"Not payable. ",,,,,,,,Other,"Not Payable. ",24258,,,,,,,Case Rate,". MPL 100/50/25% all add ons apply, and lesser of 100% of billed charges",,,,,,,,Fee Schedule,"Not payable. ",24258,,,,,,,Case Rate,". MPL 100/50/25% all add ons apply, and lesser of 100% of billed charges",,,,,,,,Other,"Not Payable. ",,,,,,,,Other,"Not Payable. ",7163,,,,,,,Case Rate,". ",7163,,,,,,,Case Rate,". ",7163,,,,,,,Case Rate,". ",7163,,,,,,,Case Rate,". ",7163,,,,,,,Case Rate,". ",8427,,,,,,,Case Rate,". Primary procedure pays at 100%, all subsequent at 50%.",8427,,,,,,,Case Rate,". Primary procedure pays at 100%, all subsequent at 50%.",7163,,,,,,,Case Rate,". ",7163,,,,,,,Case Rate,". ",7163,,,,,,,Case Rate,". ",7163,,,,,,,Case Rate,". ",7163,,,,,,,Case Rate,". ",,,,,,,,Other,"Not Payable. ",8427,,,,,,,Case Rate,". Primary procedure pays at 100%, all subsequent at 50%.",,,,,,,,Other,"Not Payable. ",,,,,,,,Other,"225 Percent of Medicaid APG. If not included in Medicaid APG, then 100 Percent of Manhattan Medicare",,,,,,,,Other,"100 Percent of Medicaid APG. If not priced under APG, then Metroplus FeeSched",85145.38,,,,,,,Case Rate,". MPL 100/50/25% all add ons apply, and lesser of 100% of billed charges",85145.38,,,,,,,Case Rate,". MPL 100/50/25% all add ons apply, and lesser of 100% of billed charges",,,,,,,,Other,"Not Payable. ",12574,,,,,,,Case Rate,". Primary procedure pays at 100%, all subsequent at 50%.",,,,,,,,Other,"Not Payable. ",,,,,,,,Other,"Not Payable. ",69452,,,,,,,Case Rate,". Primary procedure pays at 100%, secondary at 50%, all subsequent at 25%.  Lesser of applies when negotiated rates exceed charges less addons.",,,,,,,,Other,"Not Payable. ",,60,,,,,0,percent of total billed charges,60 percent of billed charges; No services were performed during the 15 month look back period.,,,,,,,,Other,"Not Payable. ",,60,,,,,0,percent of total billed charges,60 percent of billed charges; No services were performed during the 15 month look back period.,69452,,,,,,,Case Rate,". Primary procedure pays at 100%, secondary at 50%, all subsequent at 25%.  Lesser of applies when negotiated rates exceed charges less addons.",,60,,,,,0,percent of total billed charges,60 percent of billed charges; No services were performed during the 15 month look back period.,,,,,,,,Other,"Not Payable. ",,,,,,,,Other,"100 Percent of Medicaid APG. ",,,,,,,,Other,"Not Payable. ",,60,,,,,0,percent of total billed charges,60 percent of billed charges; No services were performed during the 15 month look back period.,85145.38,,,,,,,Case Rate,". MPL 100/50/25% all add ons apply, and lesser of 100% of billed charges",,,,,,,,Other,"100 Percent of Medicaid APG. ",24258,,,,,,,Case Rate,". MPL 100/50/25% all add ons apply, and lesser of 100% of billed charges",,,,,,,,Fee Schedule,"120 Percent of Medicaid APG. ",,,,,,,,Fee Schedule,"120 Percent of Medicaid APG. ",24258,,,,,,,Case Rate,". MPL 100/50/25% all add ons apply, and lesser of 100% of billed charges",24258,,,,,,,Case Rate,". MPL 100/50/25% all add ons apply, and lesser of 100% of billed charges",24258,,,,,,,Case Rate,". MPL 100/50/25% all add ons apply, and lesser of 100% of billed charges",85145.38,,,,,,,Case Rate,". MPL 100/50/25% all add ons apply, and lesser of 100% of billed charges",24258,,,,,,,Case Rate,". MPL 100/50/25% all add ons apply, and lesser of 100% of billed charges",24258,,,,,,,Case Rate,". MPL 100/50/25% all add ons apply, and lesser of 100% of billed charges",24258,,,,,,,Case Rate,". MPL 100/50/25% all add ons apply, and lesser of 100% of billed charges",7163,,,,,,,Case Rate,". ",7163,,,,,,,Case Rate,". ",,,,,,,,Fee Schedule,"Not Payable. ",,,,,,,,Other,"100 Percent of Medicaid APG. ",85145.38,,,,,,,Case Rate,". MPL 100/50/25% all add ons apply, and lesser of 100% of billed charges",,60,,,,,0,percent of total billed charges,60 percent of billed charges; No services were performed during the 15 month look back period.,69452,,,,,,,Case Rate,". Primary procedure pays at 100%, secondary at 50%, all subsequent at 25%.  Lesser of applies when negotiated rates exceed charges less addons.",85145.38,,,,,,,Case Rate,". MPL 100/50/25% all add ons apply, and lesser of 100% of billed charges",69452,,,,,,,Case Rate,". Primary procedure pays at 100%, secondary at 50%, all subsequent at 25%.  Lesser of applies when negotiated rates exceed charges less addons.",85145.38,,,,,,,Case Rate,". MPL 100/50/25% all add ons apply, and lesser of 100% of billed charges",24258,,,,,,,Case Rate,". MPL 100/50/25% all add ons apply, and lesser of 100% of billed charges",24258,,,,,,,Case Rate,". MPL 100/50/25% all add ons apply, and lesser of 100% of billed charges",24258,,,,,,,Case Rate,". MPL 100/50/25% all add ons apply, and lesser of 100% of billed charges",24258,,,,,,,Case Rate,". MPL 100/50/25% all add ons apply, and lesser of 100% of billed charges",,,,,,,,Other,"Not Payable. ",1548.19,100883,
62273,CPT,,,490,RC,INJECT EPIDURAL PATCH,,,both,,,,3681,,,,,,,Case Rate,". MPL 1st 100% of Payment Rate 50% of all others, all add ons apply, and lesser of 100% of billed charges.",3681,,,,,,,Case Rate,". MPL 1st 100% of Payment Rate 50% of all others, all add ons apply, and lesser of 100% of billed charges.",6593,,,,,,,Case Rate,". Primary procedure pays at 100%, secondary at 50%, all subsequent at 25%.  Lesser of applies when negotiated rates exceed charges less addons.",,100,,,,,0,percent of total billed charges,100 percent of billed charges. ; No services were performed during the 15 month look back period.,819.46,,,,,,,Case Rate,"100% Medicare OPPS FS. ",6593,,,,,,,Case Rate,". Primary procedure pays at 100%, secondary at 50%, all subsequent at 25%.  Lesser of applies when negotiated rates exceed charges less addons.",6593,,,,,,,Case Rate,". Primary procedure pays at 100%, secondary at 50%, all subsequent at 25%.  Lesser of applies when negotiated rates exceed charges less addons.",6593,,,,,,,Case Rate,". Primary procedure pays at 100%, secondary at 50%, all subsequent at 25%.  Lesser of applies when negotiated rates exceed charges less addons.",978.73,,,,,,,Case Rate,"100 Percent of Medicaid APG. ",815.61,,,,,,,Case Rate,"100 Percent of Medicaid APG. ",,78,,,,,0,percent of total billed charges,78% of Billed Charges. Lesser of 100% of billed charges applies.; No services were performed during the 15 month look back period.,6091.36,,,,,,,Case Rate,". MPL 100/50/25% all add ons apply, and lesser of 100% of billed charges",815.61,,,,,,,Case Rate,"100 Percent of Medicaid APG. ",819.46,,,,,,,Case Rate,"100% Medicare OPPS FS. ",10364,,,,,,,Case Rate,". MPL 100/50/25% maxmium of 3 procedures. All add ons apply, and lesser of 100% of billed charges",10364,,,,,,,Case Rate,". MPL 100/50/25% maxmium of 3 procedures. All add ons apply, and lesser of 100% of billed charges",10364,,,,,,,Case Rate,". MPL 100/50/25% maxmium of 3 procedures. All add ons apply, and lesser of 100% of billed charges",10364,,,,,,,Case Rate,". MPL 100/50/25% maxmium of 3 procedures. All add ons apply, and lesser of 100% of billed charges",815.61,,,,,,,Case rate,124 Percent of Medicaid APG. Covered services not payable under Medicaid Fee Schedules default to a payment of 50 percent of charges.,819.46,,,,,,,Case Rate,"100% Medicare OPPS FS. ",815.61,,,,,,,Case rate,124 Percent of Medicaid APG. Covered services not payable under Medicaid Fee Schedules default to a payment of 50 percent of charges.,,78,,,,,0,percent of total billed charges,78% of Billed Charges. Lesser of 100% of billed charges applies.; No services were performed during the 15 month look back period.,6593,,,,,,,Case Rate,". Primary procedure pays at 100%, secondary at 50%, all subsequent at 25%.  Lesser of applies when negotiated rates exceed charges less addons.",819.46,,,,,,,Case Rate,"100%Medicare OPPS FS. ",26771,,,,,,,Case Rate,". Primary procedure pays at 100%, all subsequent at 50%.",819.46,,,,,,,Case Rate,"100%Medicare OPPS FS. ",819.46,,,,,,,Case Rate,"100%Medicare OPPS FS. ",,78,,,,,0,percent of total billed charges,78% of Billed Charges. Lesser of 100% of billed charges applies.; No services were performed during the 15 month look back period.,351.29,,,,,,,Case Rate,100% of PAS. Lesser of 100% of billed charges applies.,351.29,,,,,,,Case Rate,100% of PAS. Lesser of 100% of billed charges applies.,815.61,,,,,,,Case rate,"100 Percent of Medicaid APG. ",815.61,,,,,,,Case rate,"100 Percent of Medicaid APG. ",26771,,,,,,,Case Rate,". Primary procedure pays at 100%, all subsequent at 50%.",26771,,,,,,,Case Rate,". Primary procedure pays at 100%, all subsequent at 50%.",815.61,,,,,,,Case Rate,"100 Percent of Medicaid APG. Not APG payable, or payable under another fee schedule like ASP/AWP pays at 30% of charges",26771,,,,,,,Case Rate,". Primary procedure pays at 100%, all subsequent at 50%.",815.61,,,,,,,Case Rate,"100 Percent of Medicaid APG. Not APG payable, or payable under another fee schedule like ASP/AWP pays at 30% of charges",819.46,,,,,,,Case Rate,"100%Medicare OPPS FS. ",26771,,,,,,,Case Rate,". Primary procedure pays at 100%, all subsequent at 50%.",,78,,,,,0,percent of total billed charges,78% of Billed Charges. Lesser of 100% of billed charges applies.; No services were performed during the 15 month look back period.,815.61,,,,,,,Case Rate,"100 Percent of Medicaid APG. ",815.61,,,,,,,Case Rate,"100 Percent of Medicaid APG. ",,78,,,,,0,percent of total billed charges,78% of Billed Charges. Lesser of 100% of billed charges applies.; No services were performed during the 15 month look back period.,10364,,,,,,,Case Rate,". MPL 100/50/25% maxmium of 3 procedures. All add ons apply, and lesser of 100% of billed charges",4757,,,,,,,Case Rate,". MPL 100/50/25% all add ons apply, and lesser of 100% of billed charges",4757,,,,,,,Case Rate,". MPL 100/50/25% all add ons apply, and lesser of 100% of billed charges",,78,,,,,0,percent of total billed charges,78% of Billed Charges. Lesser of 100% of billed charges applies.; No services were performed during the 15 month look back period.,819.46,,,,,,,Case Rate,"100% Medicare OPPS FS. ",6091.36,,,,,,,Case Rate,". MPL 100/50/25% all add ons apply, and lesser of 100% of billed charges",6091.36,,,,,,,Case Rate,". MPL 100/50/25% all add ons apply, and lesser of 100% of billed charges",6091.36,,,,,,,Case Rate,". MPL 100/50/25% all add ons apply, and lesser of 100% of billed charges",819.46,,,,,,,Case Rate,"100% Medicare OPPS FS. ",6091.36,,,,,,,Case Rate,". MPL 100/50/25% all add ons apply, and lesser of 100% of billed charges",6091.36,,,,,,,Case Rate,". MPL 100/50/25% all add ons apply, and lesser of 100% of billed charges",819.46,,,,,,,Case Rate,"100% of Medicare OPPS. ",43390,,,,,,,Case Rate,". MPL 100/75/50% all add ons apply, and lesser of 100% of billed charges",4100,,,,,,,Case Rate,". MPL 100/50/25% all add ons apply, and lesser of 100% of billed charges",4100,,,,,,,Case Rate,". MPL 100/50/25% all add ons apply, and lesser of 100% of billed charges",4100,,,,,,,Case Rate,". MPL 100/50/25% all add ons apply, and lesser of 100% of billed charges",4100,,,,,,,Case Rate,". MPL 100/50/25% all add ons apply, and lesser of 100% of billed charges",4100,,,,,,,Case Rate,". MPL 100/50/25% all add ons apply, and lesser of 100% of billed charges",4100,,,,,,,Case Rate,". MPL 100/50/25% all add ons apply, and lesser of 100% of billed charges",819.46,,,,,,,Case Rate,"100% Medicare OPPS FS. ",819.46,,,,,,,Case Rate,"100% Medicare OPPS FS. ",4100,,,,,,,Case Rate,". MPL 100/50/25% all add ons apply, and lesser of 100% of billed charges",,78,,,,,0,percent of total billed charges,78% of Billed Charges. Lesser of 100% of billed charges applies.; No services were performed during the 15 month look back period.,,78,,,,,0,percent of total billed charges,78% of Billed Charges. Lesser of 100% of billed charges applies.; No services were performed during the 15 month look back period.,,78,,,,,0,percent of total billed charges,78% of Billed Charges. Lesser of 100% of billed charges applies.; No services were performed during the 15 month look back period.,,78,,,,,0,percent of total billed charges,78% of Billed Charges. Lesser of 100% of billed charges applies.; No services were performed during the 15 month look back period.,,78,,,,,0,percent of total billed charges,78% of Billed Charges. Lesser of 100% of billed charges applies.; No services were performed during the 15 month look back period.,,78,,,,,0,percent of total billed charges,78% of Billed Charges. Lesser of 100% of billed charges applies.; No services were performed during the 15 month look back period.,,78,,,,,0,percent of total billed charges,78% of Billed Charges. Lesser of 100% of billed charges applies.; No services were performed during the 15 month look back period.,,78,,,,,0,percent of total billed charges,78% of Billed Charges. Lesser of 100% of billed charges applies.; No services were performed during the 15 month look back period.,,78,,,,,0,percent of total billed charges,78% of Billed Charges. Lesser of 100% of billed charges applies.; No services were performed during the 15 month look back period.,,78,,,,,0,percent of total billed charges,78% of Billed Charges. Lesser of 100% of billed charges applies.; No services were performed during the 15 month look back period.,,78,,,,,0,percent of total billed charges,78% of Billed Charges. Lesser of 100% of billed charges applies.; No services were performed during the 15 month look back period.,,78,,,,,0,percent of total billed charges,78% of Billed Charges. Lesser of 100% of billed charges applies.; No services were performed during the 15 month look back period.,,78,,,,,0,percent of total billed charges,78% of Billed Charges. Lesser of 100% of billed charges applies.; No services were performed during the 15 month look back period.,,78,,,,,0,percent of total billed charges,78% of Billed Charges. Lesser of 100% of billed charges applies.; No services were performed during the 15 month look back period.,,78,,,,,0,percent of total billed charges,78% of Billed Charges. Lesser of 100% of billed charges applies.; No services were performed during the 15 month look back period.,,78,,,,,0,percent of total billed charges,78% of Billed Charges. Lesser of 100% of billed charges applies.; No services were performed during the 15 month look back period.,,78,,,,,0,percent of total billed charges,78% of Billed Charges. Lesser of 100% of billed charges applies.; No services were performed during the 15 month look back period.,,78,,,,,0,percent of total billed charges,78% of Billed Charges. Lesser of 100% of billed charges applies.; No services were performed during the 15 month look back period.,,78,,,,,0,percent of total billed charges,78% of Billed Charges. Lesser of 100% of billed charges applies.; No services were performed during the 15 month look back period.,,78,,,,,0,percent of total billed charges,78% of Billed Charges. Lesser of 100% of billed charges applies.; No services were performed during the 15 month look back period.,,78,,,,,0,percent of total billed charges,78% of Billed Charges. Lesser of 100% of billed charges applies.; No services were performed during the 15 month look back period.,,78,,,,,0,percent of total billed charges,78% of Billed Charges. Lesser of 100% of billed charges applies.; No services were performed during the 15 month look back period.,,78,,,,,0,percent of total billed charges,78% of Billed Charges. Lesser of 100% of billed charges applies.; No services were performed during the 15 month look back period.,,78,,,,,0,percent of total billed charges,78% of Billed Charges. Lesser of 100% of billed charges applies.; No services were performed during the 15 month look back period.,,78,,,,,0,percent of total billed charges,78% of Billed Charges. Lesser of 100% of billed charges applies.; No services were performed during the 15 month look back period.,,78,,,,,0,percent of total billed charges,78% of Billed Charges. Lesser of 100% of billed charges applies.; No services were performed during the 15 month look back period.,26771,,,,,,,Case Rate,". Primary procedure pays at 100%, all subsequent at 50%.",26771,,,,,,,Case Rate,". Primary procedure pays at 100%, all subsequent at 50%.",26771,,,,,,,Case Rate,". Primary procedure pays at 100%, all subsequent at 50%.",26771,,,,,,,Case Rate,". Primary procedure pays at 100%, all subsequent at 50%.",12574,,,,,,,Case Rate,". Primary procedure pays at 100%, all subsequent at 50%.",12574,,,,,,,Case Rate,". Primary procedure pays at 100%, all subsequent at 50%.",10364,,,,,,,Case Rate,". MPL 100/50/25% maxmium of 3 procedures. All add ons apply, and lesser of 100% of billed charges",4100,,,,,,,Case Rate,". MPL 100/50/25% all add ons apply, and lesser of 100% of billed charges",6091.36,,,,,,,Case Rate,". MPL 100/50/25% all add ons apply, and lesser of 100% of billed charges",4100,,,,,,,Case Rate,". MPL 100/50/25% all add ons apply, and lesser of 100% of billed charges",,78,,,,,0,percent of total billed charges,78% of Billed Charges. Lesser of 100% of billed charges applies.; No services were performed during the 15 month look back period.,12574,,,,,,,Case Rate,". Primary procedure pays at 100%, all subsequent at 50%.",4100,,,,,,,Case Rate,". MPL 100/50/25% all add ons apply, and lesser of 100% of billed charges",6091.36,,,,,,,Case Rate,". MPL 100/50/25% all add ons apply, and lesser of 100% of billed charges",10364,,,,,,,Case Rate,". MPL 100/50/25% maxmium of 3 procedures. All add ons apply, and lesser of 100% of billed charges",,,,,,,,,"NA. ",,78,,,,,0,percent of total billed charges,78% of Billed Charges. Lesser of 100% of billed charges applies.; No services were performed during the 15 month look back period.,815.61,,,,,,,Case Rate,"100 Percent of Medicaid APG. ",26771,,,,,,,Case Rate,". Primary procedure pays at 100%, all subsequent at 50%.",815.61,,,,,,,Case Rate,"100 Percent of Medicaid APG. Not APG payable, or payable under another fee schedule like ASP/AWP pays at 30% of charges",819.46,,,,,,,Case Rate,"100%Medicare OPPS FS. ",819.46,,,,,,,Case Rate,"100% Medicare OPPS FS. ",43390,,,,,,,Case Rate,". MPL 100/75/50% all add ons apply, and lesser of 100% of billed charges",819.46,,,,,,,Case Rate,"100% Medicare OPPS FS. ",819.46,,,,,,,Case Rate,"100% Medicare OPPS FS. ",815.61,,,,,,,Case Rate,"100 Percent of Medicaid APG. ",819.46,,,,,,,Case Rate,"100% Medicare OPPS FS. ",819.46,,,,,,,Case Rate,"100% Medicare OPPS FS. ",6593,,,,,,,Case Rate,". Primary procedure pays at 100%, secondary at 50%, all subsequent at 25%.  Lesser of applies when negotiated rates exceed charges less addons.",6593,,,,,,,Case Rate,". Primary procedure pays at 100%, secondary at 50%, all subsequent at 25%.  Lesser of applies when negotiated rates exceed charges less addons.",819.46,,,,,,,Case Rate,"100% Medicare OPPS FS. ",10364,,,,,,,Case Rate,". MPL 100/50/25% maxmium of 3 procedures. All add ons apply, and lesser of 100% of billed charges",6091.36,,,,,,,Case Rate,". MPL 100/50/25% all add ons apply, and lesser of 100% of billed charges",6091.36,,,,,,,Case Rate,". MPL 100/50/25% all add ons apply, and lesser of 100% of billed charges",819.46,,,,,,,Case Rate,"100% Medicare OPPS FS. ",10364,,,,,,,Case Rate,". MPL 100/50/25% maxmium of 3 procedures. All add ons apply, and lesser of 100% of billed charges",6593,,,,,,,Case Rate,". Primary procedure pays at 100%, secondary at 50%, all subsequent at 25%.  Lesser of applies when negotiated rates exceed charges less addons.",6593,,,,,,,Case Rate,". Primary procedure pays at 100%, secondary at 50%, all subsequent at 25%.  Lesser of applies when negotiated rates exceed charges less addons.",6593,,,,,,,Case Rate,". Primary procedure pays at 100%, secondary at 50%, all subsequent at 25%.  Lesser of applies when negotiated rates exceed charges less addons.",,78,,,,,0,percent of total billed charges,78% of Billed Charges. Lesser of 100% of billed charges applies.; No services were performed during the 15 month look back period.,,78,,,,,0,percent of total billed charges,78% of Billed Charges. Lesser of 100% of billed charges applies.; No services were performed during the 15 month look back period.,,78,,,,,0,percent of total billed charges,78% of Billed Charges. Lesser of 100% of billed charges applies.; No services were performed during the 15 month look back period.,,78,,,,,0,percent of total billed charges,78% of Billed Charges. Lesser of 100% of billed charges applies.; No services were performed during the 15 month look back period.,,78,,,,,0,percent of total billed charges,78% of Billed Charges. Lesser of 100% of billed charges applies.; No services were performed during the 15 month look back period.,,78,,,,,0,percent of total billed charges,78% of Billed Charges. Lesser of 100% of billed charges applies.; No services were performed during the 15 month look back period.,,78,,,,,0,percent of total billed charges,78% of Billed Charges. Lesser of 100% of billed charges applies.; No services were performed during the 15 month look back period.,,78,,,,,0,percent of total billed charges,78% of Billed Charges. Lesser of 100% of billed charges applies.; No services were performed during the 15 month look back period.,,78,,,,,0,percent of total billed charges,78% of Billed Charges. Lesser of 100% of billed charges applies.; No services were performed during the 15 month look back period.,,78,,,,,0,percent of total billed charges,78% of Billed Charges. Lesser of 100% of billed charges applies.; No services were performed during the 15 month look back period.,,78,,,,,0,percent of total billed charges,78% of Billed Charges. Lesser of 100% of billed charges applies.; No services were performed during the 15 month look back period.,12574,,,,,,,Case Rate,". Primary procedure pays at 100%, all subsequent at 50%.",4100,,,,,,,Case Rate,". MPL 100/50/25% all add ons apply, and lesser of 100% of billed charges",10364,,,,,,,Case Rate,". MPL 100/50/25% maxmium of 3 procedures. All add ons apply, and lesser of 100% of billed charges",819.46,,,,,,,Case Rate,"100% Medicare OPPS FS. ",6593,,,,,,,Case Rate,". Primary procedure pays at 100%, secondary at 50%, all subsequent at 25%.  Lesser of applies when negotiated rates exceed charges less addons.",10364,,,,,,,Case Rate,". MPL 100/50/25% maxmium of 3 procedures. All add ons apply, and lesser of 100% of billed charges",10364,,,,,,,Case Rate,". MPL 100/50/25% maxmium of 3 procedures. All add ons apply, and lesser of 100% of billed charges",,78,,,,,0,percent of total billed charges,78% of Billed Charges. Lesser of 100% of billed charges applies.; No services were performed during the 15 month look back period.,1745.41,,,,,,,Case Rate,"214 Percent of Medicaid APG. Drugs not priced under APG, billed with revenue code 636 and not priced by Medicare ASP FeeSched will be reimbursed at 20% of charges.",10364,,,,,,,Case Rate,". MPL 100/50/25% maxmium of 3 procedures. All add ons apply, and lesser of 100% of billed charges",815.61,,,,,,,Case Rate,"100 Percent of Medicaid APG. ",819.46,,,,,,,Case Rate,"100% Medicare OPPS FS. ",819.46,,,,,,,Case Rate,"100% Medicare OPPS FS. ",819.46,,,,,,,Case Rate,"100% Medicare OPPS FS. ",819.46,,,,,,,Case Rate,"100% Medicare OPPS FS. ",819.46,,,,,,,Case Rate,"100% Medicare OPPS FS. ",819.46,,,,,,,Case Rate,"100% Medicare OPPS FS. ",10364,,,,,,,Case Rate,". MPL 100/50/25% maxmium of 3 procedures. All add ons apply, and lesser of 100% of billed charges",43390,,,,,,,Case Rate,". MPL 100/75/50% all add ons apply, and lesser of 100% of billed charges",1468.1,,,,,,,Fee Schedule,"180 Percent of Medicaid APG. ",1468.1,,,,,,,Fee Schedule,"180 Percent of Medicaid APG. ",1468.1,,,,,,,Fee Schedule,"180 Percent of Medicaid APG. ",1468.1,,,,,,,Fee Schedule,"180 Percent of Medicaid APG. ",1468.1,,,,,,,Fee Schedule,"180 Percent of Medicaid APG. ",,,,,,,,,"NA. ",43390,,,,,,,Case Rate,". MPL 100/75/50% all add ons apply, and lesser of 100% of billed charges",1622.53,,,,,,,Case Rate,198 Percent of Medicare OPPS. Metroplus will reimburse unlisted codes and described codes with no Medicare rate at 50 percent of charges.,1622.53,,,,,,,Case Rate,198 Percent of Medicare OPPS. Metroplus will reimburse unlisted codes and described codes with no Medicare rate at 50 percent of charges.,1622.53,,,,,,,Case Rate,198 Percent of Medicare OPPS. Metroplus will reimburse unlisted codes and described codes with no Medicare rate at 50 percent of charges.,1622.53,,,,,,,Case Rate,198 Percent of Medicare OPPS. Metroplus will reimburse unlisted codes and described codes with no Medicare rate at 50 percent of charges.,1622.53,,,,,,,Case Rate,198 Percent of Medicare OPPS. Metroplus will reimburse unlisted codes and described codes with no Medicare rate at 50 percent of charges.,819.46,,,,,,,Case Rate,"100% Medicare OPPS FS. ",12574,,,,,,,Case Rate,". Primary procedure pays at 100%, all subsequent at 50%.",12574,,,,,,,Case Rate,". Primary procedure pays at 100%, all subsequent at 50%.",12574,,,,,,,Case Rate,". Primary procedure pays at 100%, all subsequent at 50%.",12574,,,,,,,Case Rate,". Primary procedure pays at 100%, all subsequent at 50%.",6593,,,,,,,Case Rate,". Primary procedure pays at 100%, secondary at 50%, all subsequent at 25%.  Lesser of applies when negotiated rates exceed charges less addons.",6593,,,,,,,Case Rate,". Primary procedure pays at 100%, secondary at 50%, all subsequent at 25%.  Lesser of applies when negotiated rates exceed charges less addons.",6593,,,,,,,Case Rate,". Primary procedure pays at 100%, secondary at 50%, all subsequent at 25%.  Lesser of applies when negotiated rates exceed charges less addons.",6593,,,,,,,Case Rate,". Primary procedure pays at 100%, secondary at 50%, all subsequent at 25%.  Lesser of applies when negotiated rates exceed charges less addons.",43390,,,,,,,Case Rate,". MPL 100/75/50% all add ons apply, and lesser of 100% of billed charges",43390,,,,,,,Case Rate,". MPL 100/75/50% all add ons apply, and lesser of 100% of billed charges",819.46,,,,,,,Case Rate,"100% Medicare OPPS FS. ",819.46,,,,,,,Case Rate,"100% Medicare OPPS FS. ",819.46,,,,,,,Case Rate,"100% Medicare OPPS FS. ",4100,,,,,,,Case Rate,". MPL 100/50/25% all add ons apply, and lesser of 100% of billed charges",4100,,,,,,,Case Rate,". MPL 100/50/25% all add ons apply, and lesser of 100% of billed charges",4100,,,,,,,Case Rate,". MPL 100/50/25% all add ons apply, and lesser of 100% of billed charges",43390,,,,,,,Case Rate,". MPL 100/75/50% all add ons apply, and lesser of 100% of billed charges",6593,,,,,,,Case Rate,". Primary procedure pays at 100%, secondary at 50%, all subsequent at 25%.  Lesser of applies when negotiated rates exceed charges less addons.",819.46,,,,,,,Case Rate,"100% Medicare OPPS FS. ",4100,,,,,,,Case Rate,". MPL 100/50/25% all add ons apply, and lesser of 100% of billed charges",815.61,,,,,,,Case Rate,"100 Percent of Medicaid APG. ",835.85,,,,,,,Case Rate,"102% of Medicare OPPS. ",835.85,,,,,,,Case Rate,"102% of Medicare OPPS. ",835.85,,,,,,,Case Rate,"102% of Medicare OPPS. ",815.61,,,,,,,Case rate,"100 Percent of Medicaid APG. ",1835.12,,,,,,,Case Rate,225% of NYS APG. Lesser of 100% of billed charges applies.,1835.12,,,,,,,Case Rate,225% of NYS APG. Lesser of 100% of billed charges applies.,1835.12,,,,,,,Case Rate,225% of NYS APG. Lesser of 100% of billed charges applies.,1835.12,,,,,,,Case Rate,225% of NYS APG. Lesser of 100% of billed charges applies.,1835.12,,,,,,,Case Rate,225% of NYS APG. Lesser of 100% of billed charges applies.,835.85,,,,,,,Case Rate,"102% of Medicare OPPS. ",815.61,,,,,,,Case Rate,"100 Percent of Medicaid APG. ",351.29,,,,,,,Case Rate,100% of PAS. Lesser of 100% of billed charges applies.,1835.12,,,,,,,Case Rate,225% of NYS APG. Lesser of 100% of billed charges applies.,1835.12,,,,,,,Case Rate,225% of NYS APG. Lesser of 100% of billed charges applies.,351.29,,,,,,,Case Rate,100% of PAS. Lesser of 100% of billed charges applies.,351.29,,,,,,,Case Rate,100% of PAS. Lesser of 100% of billed charges applies.,1468.1,,,,,,,Fee Schedule,"180 Percent of Medicaid APG. ",819.46,,,,,,,Case Rate,"100% Medicare OPPS FS. ",819.46,,,,,,,Case Rate,"100% Medicare OPPS FS. ",6593,,,,,,,Case Rate,". Primary procedure pays at 100%, secondary at 50%, all subsequent at 25%.  Lesser of applies when negotiated rates exceed charges less addons.",819.46,,,,,,,Case Rate,"100% Medicare OPPS FS. ",1835.12,,,,,,,Case Rate,"225 Percent of Medicaid APG. ",1835.12,,,,,,,Case Rate,"225 Percent of Medicaid APG. ",815.61,,,,,,,Case rate,"100 Percent of Medicaid APG. ",815.61,,,,,,,Case rate,"100 Percent of Medicaid APG. ",1835.12,,,,,,,Case Rate,225 Percent of Medicaid APG. Covered services not payable under Medicaid Fee Schedules default to a payment of 87.5 percent of charges.,815.61,,,,,,,Case rate,124 Percent of Medicaid APG. Covered services not payable under Medicaid Fee Schedules default to a payment of 50 percent of charges.,1835.12,,,,,,,Case Rate,"100 Percent of Medicaid APG. ",1835.12,,,,,,,Case Rate,"100 Percent of Medicaid APG. ",1835.12,,,,,,,Case Rate,"100 Percent of Medicaid APG. ",1835.12,,,,,,,Case Rate,"100 Percent of Medicaid APG. ",13453,,,,,,,Case Rate,". MPL 100/75/50% all add ons apply, and lesser of 100% of billed charges",43390,,,,,,,Case Rate,". MPL 100/75/50% all add ons apply, and lesser of 100% of billed charges",978.73,,,,,,,Case Rate,"120 Percent of Medicaid APG. Not APG payable, or payable under another fee schedule like ASP/AWP pays at 30% of charges",978.73,,,,,,,Case Rate,"120 Percent of Medicaid APG. Not APG payable, or payable under another fee schedule like ASP/AWP pays at 30% of charges",815.61,,,,,,,Case Rate,"100 Percent of Medicaid APG. Not APG payable, or payable under another fee schedule like ASP/AWP pays at 30% of charges",815.61,,,,,,,Case Rate,"100 Percent of Medicaid APG. Not APG payable, or payable under another fee schedule like ASP/AWP pays at 30% of charges",4100,,,,,,,Case Rate,". MPL 100/50/25% all add ons apply, and lesser of 100% of billed charges",4100,,,,,,,Case Rate,". MPL 100/50/25% all add ons apply, and lesser of 100% of billed charges",819.46,,,,,,,Case Rate,"100% Medicare OPPS FS. ",4100,,,,,,,Case Rate,". MPL 100/50/25% all add ons apply, and lesser of 100% of billed charges",4100,,,,,,,Case Rate,". MPL 100/50/25% all add ons apply, and lesser of 100% of billed charges",4100,,,,,,,Case Rate,". MPL 100/50/25% all add ons apply, and lesser of 100% of billed charges",4100,,,,,,,Case Rate,". MPL 100/50/25% all add ons apply, and lesser of 100% of billed charges",819.46,,,,,,,Case Rate,"100% Medicare OPPS FS. ",4100,,,,,,,Case Rate,". MPL 100/50/25% all add ons apply, and lesser of 100% of billed charges",4100,,,,,,,Case Rate,". MPL 100/50/25% all add ons apply, and lesser of 100% of billed charges",6593,,,,,,,Case Rate,". Primary procedure pays at 100%, secondary at 50%, all subsequent at 25%.  Lesser of applies when negotiated rates exceed charges less addons.",815.61,,,,,,,Fee Schedule,100% APG. Lesser of 100% of billed charges applies.,815.61,,,,,,,Case rate,124 Percent of Medicaid APG. Covered services not payable under Medicaid Fee Schedules default to a payment of 50 percent of charges.,1835.12,,,,,,,Case Rate,225% of NYS APG. Lesser of 100% of billed charges applies.,1835.12,,,,,,,Case Rate,225 Percent of Medicaid APG. Covered services not payable under Medicaid Fee Schedules default to a payment of 87.5 percent of charges.,815.61,,,,,,,Case rate,124 Percent of Medicaid APG. Covered services not payable under Medicaid Fee Schedules default to a payment of 50 percent of charges.,1835.12,,,,,,,Case Rate,225% of NYS APG. Lesser of 100% of billed charges applies.,1835.12,,,,,,,Case Rate,225% of NYS APG. Lesser of 100% of billed charges applies.,1835.12,,,,,,,Case Rate,225% of NYS APG. Lesser of 100% of billed charges applies.,1835.12,,,,,,,Case Rate,225% of NYS APG. Lesser of 100% of billed charges applies.,1835.12,,,,,,,Case Rate,225% of NYS APG. Lesser of 100% of billed charges applies.,1835.12,,,,,,,Case Rate,225% of NYS APG. Lesser of 100% of billed charges applies.,,,,,,,,,"NA. ",,,,,,,,,"NA. ",,,,,,,,,"NA. ",10364,,,,,,,Case Rate,". MPL 100/50/25% maxmium of 3 procedures. All add ons apply, and lesser of 100% of billed charges",,,,,,,,,"NA. ",819.46,,,,,,,Case Rate,"100% Medicare OPPS FS. ",3681,,,,,,,Case Rate,". MPL 1st 100% of Payment Rate 50% of all others, all add ons apply, and lesser of 100% of billed charges.",819.46,,,,,,,Case Rate,"100% Medicare OPPS FS. ",819.46,,,,,,,Case Rate,"100% Medicare OPPS FS. ",978.73,,,,,,,Case Rate,"120 Percent of Medicaid APG. Not APG payable, or payable under another fee schedule like ASP/AWP pays at 30% of charges",978.73,,,,,,,Case Rate,"120 Percent of Medicaid APG. Not APG payable, or payable under another fee schedule like ASP/AWP pays at 30% of charges",815.61,,,,,,,Case Rate,"100 Percent of Medicaid APG. Not APG payable, or payable under another fee schedule like ASP/AWP pays at 30% of charges",815.61,,,,,,,Case Rate,"100 Percent of Medicaid APG. Not APG payable, or payable under another fee schedule like ASP/AWP pays at 30% of charges",815.61,,,,,,,Case Rate,"100 Percent of Medicaid APG. ",22755,,,,,,,Case Rate,". ",6593,,,,,,,Case Rate,". Primary procedure pays at 100%, secondary at 50%, all subsequent at 25%.  Lesser of applies when negotiated rates exceed charges less addons.",26771,,,,,,,Case Rate,". Primary procedure pays at 100%, all subsequent at 50%.",10364,,,,,,,Case Rate,". MPL 100/50/25% maxmium of 3 procedures. All add ons apply, and lesser of 100% of billed charges",819.46,,,,,,,Case Rate,"100%Medicare OPPS FS. ",819.46,,,,,,,Case Rate,"100% Medicare OPPS FS. ",819.46,,,,,,,Case Rate,"100% Medicare OPPS FS. ",819.46,,,,,,,Case Rate,"100% Medicare OPPS FS. ",819.46,,,,,,,Case Rate,"100%Medicare OPPS FS. ",819.46,,,,,,,Case Rate,"100% Medicare OPPS FS. ",,,,,,,,,"NA. ",1835.12,,,,,,,Case Rate,225% of NYS APG. Lesser of 100% of billed charges applies.,351.29,,,,,,,Case Rate,100% of PAS. Lesser of 100% of billed charges applies.,4100,,,,,,,Case Rate,". MPL 100/50/25% all add ons apply, and lesser of 100% of billed charges",22755,,,,,,,Case Rate,". ",22755,,,,,,,Case Rate,". ",22755,,,,,,,Case Rate,". ",22755,,,,,,,Case Rate,". ",819.46,,,,,,,Case Rate,"100% Medicare OPPS FS. ",815.61,,,,,,,Case Rate,"100 Percent of Medicaid APG. ",4100,,,,,,,Case Rate,". MPL 100/50/25% all add ons apply, and lesser of 100% of billed charges",815.61,,,,,,,Case Rate,"100 Percent of Medicaid APG. ",819.46,,,,,,,Case Rate,"100% Medicare OPPS FS. ",815.61,,,,,,,Case Rate,"100 Percent of Medicaid APG. ",819.46,,,,,,,Case Rate,"100% Medicare OPPS FS. ",819.46,,,,,,,Case Rate,"100% Medicare OPPS FS. ",815.61,,,,,,,Case Rate,"100 Percent of Medicaid APG. ",815.61,,,,,,,Case Rate,"100 Percent of Medicaid APG. ",22755,,,,,,,Case Rate,". ",10364,,,,,,,Case Rate,". MPL 100/50/25% maxmium of 3 procedures. All add ons apply, and lesser of 100% of billed charges",,78,,,,,0,percent of total billed charges,78% of Billed Charges. Lesser of 100% of billed charges applies.; No services were performed during the 15 month look back period.,6091.36,,,,,,,Case Rate,". MPL 100/50/25% all add ons apply, and lesser of 100% of billed charges",6091.36,,,,,,,Case Rate,". MPL 100/50/25% all add ons apply, and lesser of 100% of billed charges",6593,,,,,,,Case Rate,". Primary procedure pays at 100%, secondary at 50%, all subsequent at 25%.  Lesser of applies when negotiated rates exceed charges less addons.",819.46,,,,,,,Case Rate,"83% HF Fee schedule. ",12574,,,,,,,Case Rate,". Primary procedure pays at 100%, all subsequent at 50%.",12574,,,,,,,Case Rate,". Primary procedure pays at 100%, all subsequent at 50%.",3280,,,,,,,Case Rate,". MPL 100/50/25% all add ons apply, and lesser of 100% of billed charges",3280,,,,,,,Case Rate,". MPL 100/50/25% all add ons apply, and lesser of 100% of billed charges",819.46,,,,,,,Case Rate,"100% Medicare OPPS FS. ",819.46,,,,,,,Case Rate,"100% Medicare OPPS FS. ",819.46,,,,,,,Case Rate,"100% Medicare OPPS FS. ",819.46,,,,,,,Case Rate,"100% Medicare OPPS FS. ",6091.36,,,,,,,Case Rate,". MPL 100/50/25% all add ons apply, and lesser of 100% of billed charges",4100,,,,,,,Case Rate,". MPL 100/50/25% all add ons apply, and lesser of 100% of billed charges",4100,,,,,,,Case Rate,". MPL 100/50/25% all add ons apply, and lesser of 100% of billed charges",819.46,,,,,,,Case Rate,"100% Medicare OPPS FS. ",3280,,,,,,,Case Rate,". MPL 100/50/25% all add ons apply, and lesser of 100% of billed charges",26771,,,,,,,Case Rate,". Primary procedure pays at 100%, all subsequent at 50%.",978.73,,,,,,,Fee Schedule,"120 Percent of Medicaid APG. ",815.61,,,,,,,Case Rate,"100 Percent of Medicaid APG. ",22755,,,,,,,Case Rate,". ",3690,,,,,,,Case Rate,". MPL 100/50/25% all add ons apply, and lesser of 100% of billed charges",3690,,,,,,,Case Rate,". MPL 100/50/25% all add ons apply, and lesser of 100% of billed charges",4100,,,,,,,Case Rate,". MPL 100/50/25% all add ons apply, and lesser of 100% of billed charges",29896,,,,,,,Case Rate,". MPL 100/75/50% all add ons apply, and lesser of 100% of billed charges",819.46,,,,,,,Case Rate,"100%Medicare OPPS FS. ",856.39,,,,,,,Fee Schedule,105 percent of Medicaid APG. otherwise 105% of Ordered NYS MCD FS or 105% of ASP+6%,856.39,,,,,,,Fee Schedule,105 percent of Medicaid APG. otherwise 105% of Ordered NYS MCD FS or 105% of ASP+6%,856.39,,,,,,,Fee Schedule,105 percent of Medicaid APG. otherwise 105% of Ordered NYS MCD FS or 105% of ASP+6%,1101.07,,,,,,,Fee Schedule,135 percent of Medicaid APG. otherwise 135% of Ordered NYS MCD FS or 135% of ASP+6%,6091.36,,,,,,,Case Rate,". MPL 100/50/25% all add ons apply, and lesser of 100% of billed charges",856.39,,,,,,,Fee Schedule,105 percent of Medicaid APG. otherwise 105% of Ordered NYS MCD FS or 105% of ASP+6%,856.39,,,,,,,Fee Schedule,105 percent of Medicaid APG. otherwise 105% of Ordered NYS MCD FS or 105% of ASP+6%,856.39,,,,,,,Fee Schedule,105 percent of Medicaid APG. otherwise 105% of Ordered NYS MCD FS or 105% of ASP+6%,856.39,,,,,,,Fee Schedule,105 percent of Medicaid APG. otherwise 105% of Ordered NYS MCD FS or 105% of ASP+6%,856.39,,,,,,,Fee Schedule,105 percent of Medicaid APG. otherwise 105% of Ordered NYS MCD FS or 105% of ASP+6%,1101.07,,,,,,,Fee Schedule,135 percent of Medicaid APG. otherwise 135% of Ordered NYS MCD FS or 135% of ASP+6%,1101.07,,,,,,,Fee Schedule,135 percent of Medicaid APG. otherwise 135% of Ordered NYS MCD FS or 135% of ASP+6%,819.46,,,,,,,Case Rate,"100% Medicare OPPS FS. ",6091.36,,,,,,,Case Rate,". MPL 100/50/25% all add ons apply, and lesser of 100% of billed charges",819.46,,,,,,,Case Rate,"100% Medicare OPPS FS. ",856.39,,,,,,,Fee Schedule,105 percent of Medicaid APG. otherwise 105% of Ordered NYS MCD FS or 105% of ASP+6%,4100,,,,,,,Case Rate,". MPL 100/50/25% all add ons apply, and lesser of 100% of billed charges",819.46,,,,,,,Case Rate,"100% Medicare OPPS FS. ",4100,,,,,,,Case Rate,". MPL 100/50/25% all add ons apply, and lesser of 100% of billed charges",4100,,,,,,,Case Rate,". MPL 100/50/25% all add ons apply, and lesser of 100% of billed charges",4100,,,,,,,Case Rate,". MPL 100/50/25% all add ons apply, and lesser of 100% of billed charges",856.39,,,,,,,Fee Schedule,105 percent of Medicaid APG. otherwise 105% of Ordered NYS MCD FS or 105% of ASP+6%,819.46,,,,,,,Case Rate,"100% Medicare OPPS FS. ",4100,,,,,,,Case Rate,". MPL 100/50/25% all add ons apply, and lesser of 100% of billed charges",1101.07,,,,,,,Fee Schedule,135 percent of Medicaid APG. otherwise 135% of Ordered NYS MCD FS or 135% of ASP+6%,4100,,,,,,,Case Rate,". MPL 100/50/25% all add ons apply, and lesser of 100% of billed charges",,200,,,,,0,Case Rate,200% of Medicare OPPS. ; No services were performed during the 15 month look back period.,819.46,,,,,,,Case Rate,"100%Medicare OPPS FS. ",22755,,,,,,,Case Rate,". ",22755,,,,,,,Case Rate,". ",22755,,,,,,,Case Rate,". ",22755,,,,,,,Case Rate,". ",22755,,,,,,,Case Rate,". ",26771,,,,,,,Case Rate,". Primary procedure pays at 100%, all subsequent at 50%.",26771,,,,,,,Case Rate,". Primary procedure pays at 100%, all subsequent at 50%.",22755,,,,,,,Case Rate,". ",22755,,,,,,,Case Rate,". ",22755,,,,,,,Case Rate,". ",22755,,,,,,,Case Rate,". ",22755,,,,,,,Case Rate,". ",819.46,,,,,,,Case Rate,"100% Medicare OPPS FS. ",26771,,,,,,,Case Rate,". Primary procedure pays at 100%, all subsequent at 50%.",819.46,,,,,,,Case Rate,"100% Medicare OPPS FS. ",1835.12,,,,,,,Case Rate,"225 Percent of Medicaid APG. If not included in Medicaid APG, then 100 Percent of Manhattan Medicare",815.61,,,,,,,Case Rate,"100 Percent of Medicaid APG. ",6091.36,,,,,,,Case Rate,". MPL 100/50/25% all add ons apply, and lesser of 100% of billed charges",6091.36,,,,,,,Case Rate,". MPL 100/50/25% all add ons apply, and lesser of 100% of billed charges",819.46,,,,,,,Case Rate,"100% Medicare OPPS FS. ",12574,,,,,,,Case Rate,". Primary procedure pays at 100%, all subsequent at 50%.",819.46,,,,,,,Case Rate,"100% Medicare OPPS FS. ",819.46,,,,,,,Case Rate,"100% Medicare OPPS FS. ",6593,,,,,,,Case Rate,". Primary procedure pays at 100%, secondary at 50%, all subsequent at 25%.  Lesser of applies when negotiated rates exceed charges less addons.",819.46,,,,,,,Case Rate,"100% Medicare OPPS FS. ",10364,,,,,,,Case Rate,". MPL 100/50/25% maxmium of 3 procedures. All add ons apply, and lesser of 100% of billed charges",819.46,,,,,,,Case Rate,"100% Medicare OPPS FS. ",10364,,,,,,,Case Rate,". MPL 100/50/25% maxmium of 3 procedures. All add ons apply, and lesser of 100% of billed charges",6593,,,,,,,Case Rate,". Primary procedure pays at 100%, secondary at 50%, all subsequent at 25%.  Lesser of applies when negotiated rates exceed charges less addons.",10364,,,,,,,Case Rate,". MPL 100/50/25% maxmium of 3 procedures. All add ons apply, and lesser of 100% of billed charges",819.46,,,,,,,Case Rate,"100% Medicare OPPS FS. ",815.61,,,,,,,Case Rate,"100 Percent of Medicaid APG. ",819.46,,,,,,,Case Rate,"100% Medicare OPPS FS. ",10364,,,,,,,Case Rate,". MPL 100/50/25% maxmium of 3 procedures. All add ons apply, and lesser of 100% of billed charges",6091.36,,,,,,,Case Rate,". MPL 100/50/25% all add ons apply, and lesser of 100% of billed charges",815.61,,,,,,,Case Rate,"100 Percent of Medicaid APG. ",4100,,,,,,,Case Rate,". MPL 100/50/25% all add ons apply, and lesser of 100% of billed charges",978.73,,,,,,,Fee Schedule,"120 Percent of Medicaid APG. ",978.73,,,,,,,Fee Schedule,"120 Percent of Medicaid APG. ",4100,,,,,,,Case Rate,". MPL 100/50/25% all add ons apply, and lesser of 100% of billed charges",4100,,,,,,,Case Rate,". MPL 100/50/25% all add ons apply, and lesser of 100% of billed charges",4100,,,,,,,Case Rate,". MPL 100/50/25% all add ons apply, and lesser of 100% of billed charges",6091.36,,,,,,,Case Rate,". MPL 100/50/25% all add ons apply, and lesser of 100% of billed charges",4100,,,,,,,Case Rate,". MPL 100/50/25% all add ons apply, and lesser of 100% of billed charges",4100,,,,,,,Case Rate,". MPL 100/50/25% all add ons apply, and lesser of 100% of billed charges",4100,,,,,,,Case Rate,". MPL 100/50/25% all add ons apply, and lesser of 100% of billed charges",22755,,,,,,,Case Rate,". ",22755,,,,,,,Case Rate,". ",1622.53,,,,,,,Case Rate,198 Percent of Medicare OPPS. Metroplus will reimburse unlisted codes and described codes with no Medicare rate at 50 percent of charges.,815.61,,,,,,,Case Rate,"100 Percent of Medicaid APG. ",6091.36,,,,,,,Case Rate,". MPL 100/50/25% all add ons apply, and lesser of 100% of billed charges",10364,,,,,,,Case Rate,". MPL 100/50/25% maxmium of 3 procedures. All add ons apply, and lesser of 100% of billed charges",6593,,,,,,,Case Rate,". Primary procedure pays at 100%, secondary at 50%, all subsequent at 25%.  Lesser of applies when negotiated rates exceed charges less addons.",6091.36,,,,,,,Case Rate,". MPL 100/50/25% all add ons apply, and lesser of 100% of billed charges",6593,,,,,,,Case Rate,". Primary procedure pays at 100%, secondary at 50%, all subsequent at 25%.  Lesser of applies when negotiated rates exceed charges less addons.",6091.36,,,,,,,Case Rate,". MPL 100/50/25% all add ons apply, and lesser of 100% of billed charges",4100,,,,,,,Case Rate,". MPL 100/50/25% all add ons apply, and lesser of 100% of billed charges",4100,,,,,,,Case Rate,". MPL 100/50/25% all add ons apply, and lesser of 100% of billed charges",4100,,,,,,,Case Rate,". MPL 100/50/25% all add ons apply, and lesser of 100% of billed charges",4100,,,,,,,Case Rate,". MPL 100/50/25% all add ons apply, and lesser of 100% of billed charges",819.46,,,,,,,Case Rate,"100% Medicare OPPS FS. ",351.29,43411,
62320,CPT,,,490,RC,NJX INTERLAMINAR CRV/THRC,,,both,,,,3681,,,,,,,Case Rate,". MPL 1st 100% of Payment Rate 50% of all others, all add ons apply, and lesser of 100% of billed charges.",3681,,,,,,,Case Rate,". MPL 1st 100% of Payment Rate 50% of all others, all add ons apply, and lesser of 100% of billed charges.",6593,,,,,,,Case Rate,". Primary procedure pays at 100%, secondary at 50%, all subsequent at 25%.  Lesser of applies when negotiated rates exceed charges less addons.",,100,,,,,0,percent of total billed charges,100 percent of billed charges. ; No services were performed during the 15 month look back period.,819.46,,,,,,,Case Rate,"100% Medicare OPPS FS. ",6593,,,,,,,Case Rate,". Primary procedure pays at 100%, secondary at 50%, all subsequent at 25%.  Lesser of applies when negotiated rates exceed charges less addons.",6593,,,,,,,Case Rate,". Primary procedure pays at 100%, secondary at 50%, all subsequent at 25%.  Lesser of applies when negotiated rates exceed charges less addons.",6593,,,,,,,Case Rate,". Primary procedure pays at 100%, secondary at 50%, all subsequent at 25%.  Lesser of applies when negotiated rates exceed charges less addons.",978.73,,,,,,,Case Rate,"100 Percent of Medicaid APG. ",815.61,,,,,,,Case Rate,"100 Percent of Medicaid APG. ",,78,,,,,0,percent of total billed charges,78% of Billed Charges. Lesser of 100% of billed charges applies.; No services were performed during the 15 month look back period.,6091.36,,,,,,,Case Rate,". MPL 100/50/25% all add ons apply, and lesser of 100% of billed charges",815.61,,,,,,,Case Rate,"100 Percent of Medicaid APG. ",819.46,,,,,,,Case Rate,"100% Medicare OPPS FS. ",10364,,,,,,,Case Rate,". MPL 100/50/25% maxmium of 3 procedures. All add ons apply, and lesser of 100% of billed charges",10364,,,,,,,Case Rate,". MPL 100/50/25% maxmium of 3 procedures. All add ons apply, and lesser of 100% of billed charges",10364,,,,,,,Case Rate,". MPL 100/50/25% maxmium of 3 procedures. All add ons apply, and lesser of 100% of billed charges",10364,,,,,,,Case Rate,". MPL 100/50/25% maxmium of 3 procedures. All add ons apply, and lesser of 100% of billed charges",815.61,,,,,,,Case rate,124 Percent of Medicaid APG. Covered services not payable under Medicaid Fee Schedules default to a payment of 50 percent of charges.,819.46,,,,,,,Case Rate,"100% Medicare OPPS FS. ",815.61,,,,,,,Case rate,124 Percent of Medicaid APG. Covered services not payable under Medicaid Fee Schedules default to a payment of 50 percent of charges.,,78,,,,,0,percent of total billed charges,78% of Billed Charges. Lesser of 100% of billed charges applies.; No services were performed during the 15 month look back period.,6593,,,,,,,Case Rate,". Primary procedure pays at 100%, secondary at 50%, all subsequent at 25%.  Lesser of applies when negotiated rates exceed charges less addons.",819.46,,,,,,,Case Rate,"100%Medicare OPPS FS. ",26771,,,,,,,Case Rate,". Primary procedure pays at 100%, all subsequent at 50%.",819.46,,,,,,,Case Rate,"100%Medicare OPPS FS. ",819.46,,,,,,,Case Rate,"100%Medicare OPPS FS. ",,78,,,,,0,percent of total billed charges,78% of Billed Charges. Lesser of 100% of billed charges applies.; No services were performed during the 15 month look back period.,351.29,,,,,,,Case Rate,100% of PAS. Lesser of 100% of billed charges applies.,351.29,,,,,,,Case Rate,100% of PAS. Lesser of 100% of billed charges applies.,815.61,,,,,,,Case rate,"100 Percent of Medicaid APG. ",815.61,,,,,,,Case rate,"100 Percent of Medicaid APG. ",26771,,,,,,,Case Rate,". Primary procedure pays at 100%, all subsequent at 50%.",26771,,,,,,,Case Rate,". Primary procedure pays at 100%, all subsequent at 50%.",815.61,,,,,,,Case Rate,"100 Percent of Medicaid APG. Not APG payable, or payable under another fee schedule like ASP/AWP pays at 30% of charges",26771,,,,,,,Case Rate,". Primary procedure pays at 100%, all subsequent at 50%.",815.61,,,,,,,Case Rate,"100 Percent of Medicaid APG. Not APG payable, or payable under another fee schedule like ASP/AWP pays at 30% of charges",819.46,,,,,,,Case Rate,"100%Medicare OPPS FS. ",26771,,,,,,,Case Rate,". Primary procedure pays at 100%, all subsequent at 50%.",,78,,,,,0,percent of total billed charges,78% of Billed Charges. Lesser of 100% of billed charges applies.; No services were performed during the 15 month look back period.,815.61,,,,,,,Case Rate,"100 Percent of Medicaid APG. ",815.61,,,,,,,Case Rate,"100 Percent of Medicaid APG. ",,78,,,,,0,percent of total billed charges,78% of Billed Charges. Lesser of 100% of billed charges applies.; No services were performed during the 15 month look back period.,10364,,,,,,,Case Rate,". MPL 100/50/25% maxmium of 3 procedures. All add ons apply, and lesser of 100% of billed charges",4757,,,,,,,Case Rate,". MPL 100/50/25% all add ons apply, and lesser of 100% of billed charges",4757,,,,,,,Case Rate,". MPL 100/50/25% all add ons apply, and lesser of 100% of billed charges",,78,,,,,0,percent of total billed charges,78% of Billed Charges. Lesser of 100% of billed charges applies.; No services were performed during the 15 month look back period.,819.46,,,,,,,Case Rate,"100% Medicare OPPS FS. ",6091.36,,,,,,,Case Rate,". MPL 100/50/25% all add ons apply, and lesser of 100% of billed charges",6091.36,,,,,,,Case Rate,". MPL 100/50/25% all add ons apply, and lesser of 100% of billed charges",6091.36,,,,,,,Case Rate,". MPL 100/50/25% all add ons apply, and lesser of 100% of billed charges",819.46,,,,,,,Case Rate,"100% Medicare OPPS FS. ",6091.36,,,,,,,Case Rate,". MPL 100/50/25% all add ons apply, and lesser of 100% of billed charges",6091.36,,,,,,,Case Rate,". MPL 100/50/25% all add ons apply, and lesser of 100% of billed charges",819.46,,,,,,,Case Rate,"100% of Medicare OPPS. ",25798,,,,,,,Case Rate,". MPL 100/75/50% all add ons apply, and lesser of 100% of billed charges",4100,,,,,,,Case Rate,". MPL 100/50/25% all add ons apply, and lesser of 100% of billed charges",4100,,,,,,,Case Rate,". MPL 100/50/25% all add ons apply, and lesser of 100% of billed charges",4100,,,,,,,Case Rate,". MPL 100/50/25% all add ons apply, and lesser of 100% of billed charges",4100,,,,,,,Case Rate,". MPL 100/50/25% all add ons apply, and lesser of 100% of billed charges",4100,,,,,,,Case Rate,". MPL 100/50/25% all add ons apply, and lesser of 100% of billed charges",4100,,,,,,,Case Rate,". MPL 100/50/25% all add ons apply, and lesser of 100% of billed charges",819.46,,,,,,,Case Rate,"100% Medicare OPPS FS. ",819.46,,,,,,,Case Rate,"100% Medicare OPPS FS. ",4100,,,,,,,Case Rate,". MPL 100/50/25% all add ons apply, and lesser of 100% of billed charges",,78,,,,,0,percent of total billed charges,78% of Billed Charges. Lesser of 100% of billed charges applies.; No services were performed during the 15 month look back period.,,78,,,,,0,percent of total billed charges,78% of Billed Charges. Lesser of 100% of billed charges applies.; No services were performed during the 15 month look back period.,,78,,,,,0,percent of total billed charges,78% of Billed Charges. Lesser of 100% of billed charges applies.; No services were performed during the 15 month look back period.,,78,,,,,0,percent of total billed charges,78% of Billed Charges. Lesser of 100% of billed charges applies.; No services were performed during the 15 month look back period.,,78,,,,,0,percent of total billed charges,78% of Billed Charges. Lesser of 100% of billed charges applies.; No services were performed during the 15 month look back period.,,78,,,,,0,percent of total billed charges,78% of Billed Charges. Lesser of 100% of billed charges applies.; No services were performed during the 15 month look back period.,,78,,,,,0,percent of total billed charges,78% of Billed Charges. Lesser of 100% of billed charges applies.; No services were performed during the 15 month look back period.,,78,,,,,0,percent of total billed charges,78% of Billed Charges. Lesser of 100% of billed charges applies.; No services were performed during the 15 month look back period.,,78,,,,,0,percent of total billed charges,78% of Billed Charges. Lesser of 100% of billed charges applies.; No services were performed during the 15 month look back period.,,78,,,,,0,percent of total billed charges,78% of Billed Charges. Lesser of 100% of billed charges applies.; No services were performed during the 15 month look back period.,,78,,,,,0,percent of total billed charges,78% of Billed Charges. Lesser of 100% of billed charges applies.; No services were performed during the 15 month look back period.,,78,,,,,0,percent of total billed charges,78% of Billed Charges. Lesser of 100% of billed charges applies.; No services were performed during the 15 month look back period.,,78,,,,,0,percent of total billed charges,78% of Billed Charges. Lesser of 100% of billed charges applies.; No services were performed during the 15 month look back period.,,78,,,,,0,percent of total billed charges,78% of Billed Charges. Lesser of 100% of billed charges applies.; No services were performed during the 15 month look back period.,,78,,,,,0,percent of total billed charges,78% of Billed Charges. Lesser of 100% of billed charges applies.; No services were performed during the 15 month look back period.,,78,,,,,0,percent of total billed charges,78% of Billed Charges. Lesser of 100% of billed charges applies.; No services were performed during the 15 month look back period.,,78,,,,,0,percent of total billed charges,78% of Billed Charges. Lesser of 100% of billed charges applies.; No services were performed during the 15 month look back period.,,78,,,,,0,percent of total billed charges,78% of Billed Charges. Lesser of 100% of billed charges applies.; No services were performed during the 15 month look back period.,,78,,,,,0,percent of total billed charges,78% of Billed Charges. Lesser of 100% of billed charges applies.; No services were performed during the 15 month look back period.,,78,,,,,0,percent of total billed charges,78% of Billed Charges. Lesser of 100% of billed charges applies.; No services were performed during the 15 month look back period.,,78,,,,,0,percent of total billed charges,78% of Billed Charges. Lesser of 100% of billed charges applies.; No services were performed during the 15 month look back period.,,78,,,,,0,percent of total billed charges,78% of Billed Charges. Lesser of 100% of billed charges applies.; No services were performed during the 15 month look back period.,,78,,,,,0,percent of total billed charges,78% of Billed Charges. Lesser of 100% of billed charges applies.; No services were performed during the 15 month look back period.,,78,,,,,0,percent of total billed charges,78% of Billed Charges. Lesser of 100% of billed charges applies.; No services were performed during the 15 month look back period.,,78,,,,,0,percent of total billed charges,78% of Billed Charges. Lesser of 100% of billed charges applies.; No services were performed during the 15 month look back period.,,78,,,,,0,percent of total billed charges,78% of Billed Charges. Lesser of 100% of billed charges applies.; No services were performed during the 15 month look back period.,26771,,,,,,,Case Rate,". Primary procedure pays at 100%, all subsequent at 50%.",26771,,,,,,,Case Rate,". Primary procedure pays at 100%, all subsequent at 50%.",26771,,,,,,,Case Rate,". Primary procedure pays at 100%, all subsequent at 50%.",26771,,,,,,,Case Rate,". Primary procedure pays at 100%, all subsequent at 50%.",42813,,,,,,,Case Rate,". Primary procedure pays at 100%, all subsequent at 50%.",42813,,,,,,,Case Rate,". Primary procedure pays at 100%, all subsequent at 50%.",10364,,,,,,,Case Rate,". MPL 100/50/25% maxmium of 3 procedures. All add ons apply, and lesser of 100% of billed charges",4100,,,,,,,Case Rate,". MPL 100/50/25% all add ons apply, and lesser of 100% of billed charges",6091.36,,,,,,,Case Rate,". MPL 100/50/25% all add ons apply, and lesser of 100% of billed charges",4100,,,,,,,Case Rate,". MPL 100/50/25% all add ons apply, and lesser of 100% of billed charges",,78,,,,,0,percent of total billed charges,78% of Billed Charges. Lesser of 100% of billed charges applies.; No services were performed during the 15 month look back period.,42813,,,,,,,Case Rate,". Primary procedure pays at 100%, all subsequent at 50%.",4100,,,,,,,Case Rate,". MPL 100/50/25% all add ons apply, and lesser of 100% of billed charges",6091.36,,,,,,,Case Rate,". MPL 100/50/25% all add ons apply, and lesser of 100% of billed charges",10364,,,,,,,Case Rate,". MPL 100/50/25% maxmium of 3 procedures. All add ons apply, and lesser of 100% of billed charges",,,,,,,,,"NA. ",,78,,,,,0,percent of total billed charges,78% of Billed Charges. Lesser of 100% of billed charges applies.; No services were performed during the 15 month look back period.,815.61,,,,,,,Case Rate,"100 Percent of Medicaid APG. ",26771,,,,,,,Case Rate,". Primary procedure pays at 100%, all subsequent at 50%.",815.61,,,,,,,Case Rate,"100 Percent of Medicaid APG. Not APG payable, or payable under another fee schedule like ASP/AWP pays at 30% of charges",819.46,,,,,,,Case Rate,"100%Medicare OPPS FS. ",819.46,,,,,,,Case Rate,"100% Medicare OPPS FS. ",25798,,,,,,,Case Rate,". MPL 100/75/50% all add ons apply, and lesser of 100% of billed charges",819.46,,,,,,,Case Rate,"100% Medicare OPPS FS. ",819.46,,,,,,,Case Rate,"100% Medicare OPPS FS. ",815.61,,,,,,,Case Rate,"100 Percent of Medicaid APG. ",819.46,,,,,,,Case Rate,"100% Medicare OPPS FS. ",819.46,,,,,,,Case Rate,"100% Medicare OPPS FS. ",6593,,,,,,,Case Rate,". Primary procedure pays at 100%, secondary at 50%, all subsequent at 25%.  Lesser of applies when negotiated rates exceed charges less addons.",6593,,,,,,,Case Rate,". Primary procedure pays at 100%, secondary at 50%, all subsequent at 25%.  Lesser of applies when negotiated rates exceed charges less addons.",819.46,,,,,,,Case Rate,"100% Medicare OPPS FS. ",10364,,,,,,,Case Rate,". MPL 100/50/25% maxmium of 3 procedures. All add ons apply, and lesser of 100% of billed charges",6091.36,,,,,,,Case Rate,". MPL 100/50/25% all add ons apply, and lesser of 100% of billed charges",6091.36,,,,,,,Case Rate,". MPL 100/50/25% all add ons apply, and lesser of 100% of billed charges",819.46,,,,,,,Case Rate,"100% Medicare OPPS FS. ",10364,,,,,,,Case Rate,". MPL 100/50/25% maxmium of 3 procedures. All add ons apply, and lesser of 100% of billed charges",6593,,,,,,,Case Rate,". Primary procedure pays at 100%, secondary at 50%, all subsequent at 25%.  Lesser of applies when negotiated rates exceed charges less addons.",6593,,,,,,,Case Rate,". Primary procedure pays at 100%, secondary at 50%, all subsequent at 25%.  Lesser of applies when negotiated rates exceed charges less addons.",6593,,,,,,,Case Rate,". Primary procedure pays at 100%, secondary at 50%, all subsequent at 25%.  Lesser of applies when negotiated rates exceed charges less addons.",,78,,,,,0,percent of total billed charges,78% of Billed Charges. Lesser of 100% of billed charges applies.; No services were performed during the 15 month look back period.,,78,,,,,0,percent of total billed charges,78% of Billed Charges. Lesser of 100% of billed charges applies.; No services were performed during the 15 month look back period.,,78,,,,,0,percent of total billed charges,78% of Billed Charges. Lesser of 100% of billed charges applies.; No services were performed during the 15 month look back period.,,78,,,,,0,percent of total billed charges,78% of Billed Charges. Lesser of 100% of billed charges applies.; No services were performed during the 15 month look back period.,,78,,,,,0,percent of total billed charges,78% of Billed Charges. Lesser of 100% of billed charges applies.; No services were performed during the 15 month look back period.,,78,,,,,0,percent of total billed charges,78% of Billed Charges. Lesser of 100% of billed charges applies.; No services were performed during the 15 month look back period.,,78,,,,,0,percent of total billed charges,78% of Billed Charges. Lesser of 100% of billed charges applies.; No services were performed during the 15 month look back period.,,78,,,,,0,percent of total billed charges,78% of Billed Charges. Lesser of 100% of billed charges applies.; No services were performed during the 15 month look back period.,,78,,,,,0,percent of total billed charges,78% of Billed Charges. Lesser of 100% of billed charges applies.; No services were performed during the 15 month look back period.,,78,,,,,0,percent of total billed charges,78% of Billed Charges. Lesser of 100% of billed charges applies.; No services were performed during the 15 month look back period.,,78,,,,,0,percent of total billed charges,78% of Billed Charges. Lesser of 100% of billed charges applies.; No services were performed during the 15 month look back period.,42813,,,,,,,Case Rate,". Primary procedure pays at 100%, all subsequent at 50%.",4100,,,,,,,Case Rate,". MPL 100/50/25% all add ons apply, and lesser of 100% of billed charges",10364,,,,,,,Case Rate,". MPL 100/50/25% maxmium of 3 procedures. All add ons apply, and lesser of 100% of billed charges",819.46,,,,,,,Case Rate,"100% Medicare OPPS FS. ",6593,,,,,,,Case Rate,". Primary procedure pays at 100%, secondary at 50%, all subsequent at 25%.  Lesser of applies when negotiated rates exceed charges less addons.",10364,,,,,,,Case Rate,". MPL 100/50/25% maxmium of 3 procedures. All add ons apply, and lesser of 100% of billed charges",10364,,,,,,,Case Rate,". MPL 100/50/25% maxmium of 3 procedures. All add ons apply, and lesser of 100% of billed charges",,78,,,,,0,percent of total billed charges,78% of Billed Charges. Lesser of 100% of billed charges applies.; No services were performed during the 15 month look back period.,1745.41,,,,,,,Case Rate,"214 Percent of Medicaid APG. Drugs not priced under APG, billed with revenue code 636 and not priced by Medicare ASP FeeSched will be reimbursed at 20% of charges.",10364,,,,,,,Case Rate,". MPL 100/50/25% maxmium of 3 procedures. All add ons apply, and lesser of 100% of billed charges",815.61,,,,,,,Case Rate,"100 Percent of Medicaid APG. ",819.46,,,,,,,Case Rate,"100% Medicare OPPS FS. ",819.46,,,,,,,Case Rate,"100% Medicare OPPS FS. ",819.46,,,,,,,Case Rate,"100% Medicare OPPS FS. ",819.46,,,,,,,Case Rate,"100% Medicare OPPS FS. ",819.46,,,,,,,Case Rate,"100% Medicare OPPS FS. ",819.46,,,,,,,Case Rate,"100% Medicare OPPS FS. ",10364,,,,,,,Case Rate,". MPL 100/50/25% maxmium of 3 procedures. All add ons apply, and lesser of 100% of billed charges",25798,,,,,,,Case Rate,". MPL 100/75/50% all add ons apply, and lesser of 100% of billed charges",1468.1,,,,,,,Fee Schedule,"180 Percent of Medicaid APG. ",1468.1,,,,,,,Fee Schedule,"180 Percent of Medicaid APG. ",1468.1,,,,,,,Fee Schedule,"180 Percent of Medicaid APG. ",1468.1,,,,,,,Fee Schedule,"180 Percent of Medicaid APG. ",1468.1,,,,,,,Fee Schedule,"180 Percent of Medicaid APG. ",,,,,,,,,"NA. ",25798,,,,,,,Case Rate,". MPL 100/75/50% all add ons apply, and lesser of 100% of billed charges",1622.53,,,,,,,Case Rate,198 Percent of Medicare OPPS. Metroplus will reimburse unlisted codes and described codes with no Medicare rate at 50 percent of charges.,1622.53,,,,,,,Case Rate,198 Percent of Medicare OPPS. Metroplus will reimburse unlisted codes and described codes with no Medicare rate at 50 percent of charges.,1622.53,,,,,,,Case Rate,198 Percent of Medicare OPPS. Metroplus will reimburse unlisted codes and described codes with no Medicare rate at 50 percent of charges.,1622.53,,,,,,,Case Rate,198 Percent of Medicare OPPS. Metroplus will reimburse unlisted codes and described codes with no Medicare rate at 50 percent of charges.,1622.53,,,,,,,Case Rate,198 Percent of Medicare OPPS. Metroplus will reimburse unlisted codes and described codes with no Medicare rate at 50 percent of charges.,819.46,,,,,,,Case Rate,"100% Medicare OPPS FS. ",42813,,,,,,,Case Rate,". Primary procedure pays at 100%, all subsequent at 50%.",42813,,,,,,,Case Rate,". Primary procedure pays at 100%, all subsequent at 50%.",42813,,,,,,,Case Rate,". Primary procedure pays at 100%, all subsequent at 50%.",42813,,,,,,,Case Rate,". Primary procedure pays at 100%, all subsequent at 50%.",6593,,,,,,,Case Rate,". Primary procedure pays at 100%, secondary at 50%, all subsequent at 25%.  Lesser of applies when negotiated rates exceed charges less addons.",6593,,,,,,,Case Rate,". Primary procedure pays at 100%, secondary at 50%, all subsequent at 25%.  Lesser of applies when negotiated rates exceed charges less addons.",6593,,,,,,,Case Rate,". Primary procedure pays at 100%, secondary at 50%, all subsequent at 25%.  Lesser of applies when negotiated rates exceed charges less addons.",6593,,,,,,,Case Rate,". Primary procedure pays at 100%, secondary at 50%, all subsequent at 25%.  Lesser of applies when negotiated rates exceed charges less addons.",25798,,,,,,,Case Rate,". MPL 100/75/50% all add ons apply, and lesser of 100% of billed charges",25798,,,,,,,Case Rate,". MPL 100/75/50% all add ons apply, and lesser of 100% of billed charges",819.46,,,,,,,Case Rate,"100% Medicare OPPS FS. ",819.46,,,,,,,Case Rate,"100% Medicare OPPS FS. ",819.46,,,,,,,Case Rate,"100% Medicare OPPS FS. ",4100,,,,,,,Case Rate,". MPL 100/50/25% all add ons apply, and lesser of 100% of billed charges",4100,,,,,,,Case Rate,". MPL 100/50/25% all add ons apply, and lesser of 100% of billed charges",4100,,,,,,,Case Rate,". MPL 100/50/25% all add ons apply, and lesser of 100% of billed charges",25798,,,,,,,Case Rate,". MPL 100/75/50% all add ons apply, and lesser of 100% of billed charges",6593,,,,,,,Case Rate,". Primary procedure pays at 100%, secondary at 50%, all subsequent at 25%.  Lesser of applies when negotiated rates exceed charges less addons.",819.46,,,,,,,Case Rate,"100% Medicare OPPS FS. ",4100,,,,,,,Case Rate,". MPL 100/50/25% all add ons apply, and lesser of 100% of billed charges",815.61,,,,,,,Case Rate,"100 Percent of Medicaid APG. ",835.85,,,,,,,Case Rate,"102% of Medicare OPPS. ",835.85,,,,,,,Case Rate,"102% of Medicare OPPS. ",835.85,,,,,,,Case Rate,"102% of Medicare OPPS. ",815.61,,,,,,,Case rate,"100 Percent of Medicaid APG. ",1835.12,,,,,,,Case Rate,225% of NYS APG. Lesser of 100% of billed charges applies.,1835.12,,,,,,,Case Rate,225% of NYS APG. Lesser of 100% of billed charges applies.,1835.12,,,,,,,Case Rate,225% of NYS APG. Lesser of 100% of billed charges applies.,1835.12,,,,,,,Case Rate,225% of NYS APG. Lesser of 100% of billed charges applies.,1835.12,,,,,,,Case Rate,225% of NYS APG. Lesser of 100% of billed charges applies.,835.85,,,,,,,Case Rate,"102% of Medicare OPPS. ",815.61,,,,,,,Case Rate,"100 Percent of Medicaid APG. ",351.29,,,,,,,Case Rate,100% of PAS. Lesser of 100% of billed charges applies.,1835.12,,,,,,,Case Rate,225% of NYS APG. Lesser of 100% of billed charges applies.,1835.12,,,,,,,Case Rate,225% of NYS APG. Lesser of 100% of billed charges applies.,351.29,,,,,,,Case Rate,100% of PAS. Lesser of 100% of billed charges applies.,351.29,,,,,,,Case Rate,100% of PAS. Lesser of 100% of billed charges applies.,1468.1,,,,,,,Fee Schedule,"180 Percent of Medicaid APG. ",819.46,,,,,,,Case Rate,"100% Medicare OPPS FS. ",819.46,,,,,,,Case Rate,"100% Medicare OPPS FS. ",6593,,,,,,,Case Rate,". Primary procedure pays at 100%, secondary at 50%, all subsequent at 25%.  Lesser of applies when negotiated rates exceed charges less addons.",819.46,,,,,,,Case Rate,"100% Medicare OPPS FS. ",1835.12,,,,,,,Case Rate,"225 Percent of Medicaid APG. ",1835.12,,,,,,,Case Rate,"225 Percent of Medicaid APG. ",815.61,,,,,,,Case rate,"100 Percent of Medicaid APG. ",815.61,,,,,,,Case rate,"100 Percent of Medicaid APG. ",1835.12,,,,,,,Case Rate,225 Percent of Medicaid APG. Covered services not payable under Medicaid Fee Schedules default to a payment of 87.5 percent of charges.,815.61,,,,,,,Case rate,124 Percent of Medicaid APG. Covered services not payable under Medicaid Fee Schedules default to a payment of 50 percent of charges.,1835.12,,,,,,,Case Rate,"100 Percent of Medicaid APG. ",1835.12,,,,,,,Case Rate,"100 Percent of Medicaid APG. ",1835.12,,,,,,,Case Rate,"100 Percent of Medicaid APG. ",1835.12,,,,,,,Case Rate,"100 Percent of Medicaid APG. ",13453,,,,,,,Case Rate,". MPL 100/75/50% all add ons apply, and lesser of 100% of billed charges",25798,,,,,,,Case Rate,". MPL 100/75/50% all add ons apply, and lesser of 100% of billed charges",978.73,,,,,,,Case Rate,"120 Percent of Medicaid APG. Not APG payable, or payable under another fee schedule like ASP/AWP pays at 30% of charges",978.73,,,,,,,Case Rate,"120 Percent of Medicaid APG. Not APG payable, or payable under another fee schedule like ASP/AWP pays at 30% of charges",815.61,,,,,,,Case Rate,"100 Percent of Medicaid APG. Not APG payable, or payable under another fee schedule like ASP/AWP pays at 30% of charges",815.61,,,,,,,Case Rate,"100 Percent of Medicaid APG. Not APG payable, or payable under another fee schedule like ASP/AWP pays at 30% of charges",4100,,,,,,,Case Rate,". MPL 100/50/25% all add ons apply, and lesser of 100% of billed charges",4100,,,,,,,Case Rate,". MPL 100/50/25% all add ons apply, and lesser of 100% of billed charges",819.46,,,,,,,Case Rate,"100% Medicare OPPS FS. ",4100,,,,,,,Case Rate,". MPL 100/50/25% all add ons apply, and lesser of 100% of billed charges",4100,,,,,,,Case Rate,". MPL 100/50/25% all add ons apply, and lesser of 100% of billed charges",4100,,,,,,,Case Rate,". MPL 100/50/25% all add ons apply, and lesser of 100% of billed charges",4100,,,,,,,Case Rate,". MPL 100/50/25% all add ons apply, and lesser of 100% of billed charges",819.46,,,,,,,Case Rate,"100% Medicare OPPS FS. ",4100,,,,,,,Case Rate,". MPL 100/50/25% all add ons apply, and lesser of 100% of billed charges",4100,,,,,,,Case Rate,". MPL 100/50/25% all add ons apply, and lesser of 100% of billed charges",6593,,,,,,,Case Rate,". Primary procedure pays at 100%, secondary at 50%, all subsequent at 25%.  Lesser of applies when negotiated rates exceed charges less addons.",815.61,,,,,,,Fee Schedule,100% APG. Lesser of 100% of billed charges applies.,815.61,,,,,,,Case rate,124 Percent of Medicaid APG. Covered services not payable under Medicaid Fee Schedules default to a payment of 50 percent of charges.,1835.12,,,,,,,Case Rate,225% of NYS APG. Lesser of 100% of billed charges applies.,1835.12,,,,,,,Case Rate,225 Percent of Medicaid APG. Covered services not payable under Medicaid Fee Schedules default to a payment of 87.5 percent of charges.,815.61,,,,,,,Case rate,124 Percent of Medicaid APG. Covered services not payable under Medicaid Fee Schedules default to a payment of 50 percent of charges.,1835.12,,,,,,,Case Rate,225% of NYS APG. Lesser of 100% of billed charges applies.,1835.12,,,,,,,Case Rate,225% of NYS APG. Lesser of 100% of billed charges applies.,1835.12,,,,,,,Case Rate,225% of NYS APG. Lesser of 100% of billed charges applies.,1835.12,,,,,,,Case Rate,225% of NYS APG. Lesser of 100% of billed charges applies.,1835.12,,,,,,,Case Rate,225% of NYS APG. Lesser of 100% of billed charges applies.,1835.12,,,,,,,Case Rate,225% of NYS APG. Lesser of 100% of billed charges applies.,,,,,,,,,"NA. ",,,,,,,,,"NA. ",,,,,,,,,"NA. ",10364,,,,,,,Case Rate,". MPL 100/50/25% maxmium of 3 procedures. All add ons apply, and lesser of 100% of billed charges",,,,,,,,,"NA. ",819.46,,,,,,,Case Rate,"100% Medicare OPPS FS. ",3681,,,,,,,Case Rate,". MPL 1st 100% of Payment Rate 50% of all others, all add ons apply, and lesser of 100% of billed charges.",819.46,,,,,,,Case Rate,"100% Medicare OPPS FS. ",819.46,,,,,,,Case Rate,"100% Medicare OPPS FS. ",978.73,,,,,,,Case Rate,"120 Percent of Medicaid APG. Not APG payable, or payable under another fee schedule like ASP/AWP pays at 30% of charges",978.73,,,,,,,Case Rate,"120 Percent of Medicaid APG. Not APG payable, or payable under another fee schedule like ASP/AWP pays at 30% of charges",815.61,,,,,,,Case Rate,"100 Percent of Medicaid APG. Not APG payable, or payable under another fee schedule like ASP/AWP pays at 30% of charges",815.61,,,,,,,Case Rate,"100 Percent of Medicaid APG. Not APG payable, or payable under another fee schedule like ASP/AWP pays at 30% of charges",815.61,,,,,,,Case Rate,"100 Percent of Medicaid APG. ",22755,,,,,,,Case Rate,". ",6593,,,,,,,Case Rate,". Primary procedure pays at 100%, secondary at 50%, all subsequent at 25%.  Lesser of applies when negotiated rates exceed charges less addons.",26771,,,,,,,Case Rate,". Primary procedure pays at 100%, all subsequent at 50%.",10364,,,,,,,Case Rate,". MPL 100/50/25% maxmium of 3 procedures. All add ons apply, and lesser of 100% of billed charges",819.46,,,,,,,Case Rate,"100%Medicare OPPS FS. ",819.46,,,,,,,Case Rate,"100% Medicare OPPS FS. ",819.46,,,,,,,Case Rate,"100% Medicare OPPS FS. ",819.46,,,,,,,Case Rate,"100% Medicare OPPS FS. ",819.46,,,,,,,Case Rate,"100%Medicare OPPS FS. ",819.46,,,,,,,Case Rate,"100% Medicare OPPS FS. ",,,,,,,,,"NA. ",1835.12,,,,,,,Case Rate,225% of NYS APG. Lesser of 100% of billed charges applies.,351.29,,,,,,,Case Rate,100% of PAS. Lesser of 100% of billed charges applies.,4100,,,,,,,Case Rate,". MPL 100/50/25% all add ons apply, and lesser of 100% of billed charges",22755,,,,,,,Case Rate,". ",22755,,,,,,,Case Rate,". ",22755,,,,,,,Case Rate,". ",22755,,,,,,,Case Rate,". ",819.46,,,,,,,Case Rate,"100% Medicare OPPS FS. ",815.61,,,,,,,Case Rate,"100 Percent of Medicaid APG. ",4100,,,,,,,Case Rate,". MPL 100/50/25% all add ons apply, and lesser of 100% of billed charges",815.61,,,,,,,Case Rate,"100 Percent of Medicaid APG. ",819.46,,,,,,,Case Rate,"100% Medicare OPPS FS. ",815.61,,,,,,,Case Rate,"100 Percent of Medicaid APG. ",819.46,,,,,,,Case Rate,"100% Medicare OPPS FS. ",819.46,,,,,,,Case Rate,"100% Medicare OPPS FS. ",815.61,,,,,,,Case Rate,"100 Percent of Medicaid APG. ",815.61,,,,,,,Case Rate,"100 Percent of Medicaid APG. ",22755,,,,,,,Case Rate,". ",10364,,,,,,,Case Rate,". MPL 100/50/25% maxmium of 3 procedures. All add ons apply, and lesser of 100% of billed charges",,78,,,,,0,percent of total billed charges,78% of Billed Charges. Lesser of 100% of billed charges applies.; No services were performed during the 15 month look back period.,6091.36,,,,,,,Case Rate,". MPL 100/50/25% all add ons apply, and lesser of 100% of billed charges",6091.36,,,,,,,Case Rate,". MPL 100/50/25% all add ons apply, and lesser of 100% of billed charges",6593,,,,,,,Case Rate,". Primary procedure pays at 100%, secondary at 50%, all subsequent at 25%.  Lesser of applies when negotiated rates exceed charges less addons.",819.46,,,,,,,Case Rate,"83% HF Fee schedule. ",42813,,,,,,,Case Rate,". Primary procedure pays at 100%, all subsequent at 50%.",42813,,,,,,,Case Rate,". Primary procedure pays at 100%, all subsequent at 50%.",3280,,,,,,,Case Rate,". MPL 100/50/25% all add ons apply, and lesser of 100% of billed charges",3280,,,,,,,Case Rate,". MPL 100/50/25% all add ons apply, and lesser of 100% of billed charges",819.46,,,,,,,Case Rate,"100% Medicare OPPS FS. ",819.46,,,,,,,Case Rate,"100% Medicare OPPS FS. ",819.46,,,,,,,Case Rate,"100% Medicare OPPS FS. ",819.46,,,,,,,Case Rate,"100% Medicare OPPS FS. ",6091.36,,,,,,,Case Rate,". MPL 100/50/25% all add ons apply, and lesser of 100% of billed charges",4100,,,,,,,Case Rate,". MPL 100/50/25% all add ons apply, and lesser of 100% of billed charges",4100,,,,,,,Case Rate,". MPL 100/50/25% all add ons apply, and lesser of 100% of billed charges",819.46,,,,,,,Case Rate,"100% Medicare OPPS FS. ",3280,,,,,,,Case Rate,". MPL 100/50/25% all add ons apply, and lesser of 100% of billed charges",26771,,,,,,,Case Rate,". Primary procedure pays at 100%, all subsequent at 50%.",978.73,,,,,,,Fee Schedule,"120 Percent of Medicaid APG. ",815.61,,,,,,,Case Rate,"100 Percent of Medicaid APG. ",22755,,,,,,,Case Rate,". ",3690,,,,,,,Case Rate,". MPL 100/50/25% all add ons apply, and lesser of 100% of billed charges",3690,,,,,,,Case Rate,". MPL 100/50/25% all add ons apply, and lesser of 100% of billed charges",4100,,,,,,,Case Rate,". MPL 100/50/25% all add ons apply, and lesser of 100% of billed charges",14948,,,,,,,Case Rate,". MPL 100/75/50% all add ons apply, and lesser of 100% of billed charges",819.46,,,,,,,Case Rate,"100%Medicare OPPS FS. ",856.39,,,,,,,Fee Schedule,105 percent of Medicaid APG. otherwise 105% of Ordered NYS MCD FS or 105% of ASP+6%,856.39,,,,,,,Fee Schedule,105 percent of Medicaid APG. otherwise 105% of Ordered NYS MCD FS or 105% of ASP+6%,856.39,,,,,,,Fee Schedule,105 percent of Medicaid APG. otherwise 105% of Ordered NYS MCD FS or 105% of ASP+6%,1101.07,,,,,,,Fee Schedule,135 percent of Medicaid APG. otherwise 135% of Ordered NYS MCD FS or 135% of ASP+6%,6091.36,,,,,,,Case Rate,". MPL 100/50/25% all add ons apply, and lesser of 100% of billed charges",856.39,,,,,,,Fee Schedule,105 percent of Medicaid APG. otherwise 105% of Ordered NYS MCD FS or 105% of ASP+6%,856.39,,,,,,,Fee Schedule,105 percent of Medicaid APG. otherwise 105% of Ordered NYS MCD FS or 105% of ASP+6%,856.39,,,,,,,Fee Schedule,105 percent of Medicaid APG. otherwise 105% of Ordered NYS MCD FS or 105% of ASP+6%,856.39,,,,,,,Fee Schedule,105 percent of Medicaid APG. otherwise 105% of Ordered NYS MCD FS or 105% of ASP+6%,856.39,,,,,,,Fee Schedule,105 percent of Medicaid APG. otherwise 105% of Ordered NYS MCD FS or 105% of ASP+6%,1101.07,,,,,,,Fee Schedule,135 percent of Medicaid APG. otherwise 135% of Ordered NYS MCD FS or 135% of ASP+6%,1101.07,,,,,,,Fee Schedule,135 percent of Medicaid APG. otherwise 135% of Ordered NYS MCD FS or 135% of ASP+6%,819.46,,,,,,,Case Rate,"100% Medicare OPPS FS. ",6091.36,,,,,,,Case Rate,". MPL 100/50/25% all add ons apply, and lesser of 100% of billed charges",819.46,,,,,,,Case Rate,"100% Medicare OPPS FS. ",856.39,,,,,,,Fee Schedule,105 percent of Medicaid APG. otherwise 105% of Ordered NYS MCD FS or 105% of ASP+6%,4100,,,,,,,Case Rate,". MPL 100/50/25% all add ons apply, and lesser of 100% of billed charges",819.46,,,,,,,Case Rate,"100% Medicare OPPS FS. ",4100,,,,,,,Case Rate,". MPL 100/50/25% all add ons apply, and lesser of 100% of billed charges",4100,,,,,,,Case Rate,". MPL 100/50/25% all add ons apply, and lesser of 100% of billed charges",4100,,,,,,,Case Rate,". MPL 100/50/25% all add ons apply, and lesser of 100% of billed charges",856.39,,,,,,,Fee Schedule,105 percent of Medicaid APG. otherwise 105% of Ordered NYS MCD FS or 105% of ASP+6%,819.46,,,,,,,Case Rate,"100% Medicare OPPS FS. ",4100,,,,,,,Case Rate,". MPL 100/50/25% all add ons apply, and lesser of 100% of billed charges",1101.07,,,,,,,Fee Schedule,135 percent of Medicaid APG. otherwise 135% of Ordered NYS MCD FS or 135% of ASP+6%,4100,,,,,,,Case Rate,". MPL 100/50/25% all add ons apply, and lesser of 100% of billed charges",,200,,,,,0,Case Rate,200% of Medicare OPPS. ; No services were performed during the 15 month look back period.,819.46,,,,,,,Case Rate,"100%Medicare OPPS FS. ",22755,,,,,,,Case Rate,". ",22755,,,,,,,Case Rate,". ",22755,,,,,,,Case Rate,". ",22755,,,,,,,Case Rate,". ",22755,,,,,,,Case Rate,". ",26771,,,,,,,Case Rate,". Primary procedure pays at 100%, all subsequent at 50%.",26771,,,,,,,Case Rate,". Primary procedure pays at 100%, all subsequent at 50%.",22755,,,,,,,Case Rate,". ",22755,,,,,,,Case Rate,". ",22755,,,,,,,Case Rate,". ",22755,,,,,,,Case Rate,". ",22755,,,,,,,Case Rate,". ",819.46,,,,,,,Case Rate,"100% Medicare OPPS FS. ",26771,,,,,,,Case Rate,". Primary procedure pays at 100%, all subsequent at 50%.",819.46,,,,,,,Case Rate,"100% Medicare OPPS FS. ",1835.12,,,,,,,Case Rate,"225 Percent of Medicaid APG. If not included in Medicaid APG, then 100 Percent of Manhattan Medicare",815.61,,,,,,,Case Rate,"100 Percent of Medicaid APG. ",6091.36,,,,,,,Case Rate,". MPL 100/50/25% all add ons apply, and lesser of 100% of billed charges",6091.36,,,,,,,Case Rate,". MPL 100/50/25% all add ons apply, and lesser of 100% of billed charges",819.46,,,,,,,Case Rate,"100% Medicare OPPS FS. ",42813,,,,,,,Case Rate,". Primary procedure pays at 100%, all subsequent at 50%.",819.46,,,,,,,Case Rate,"100% Medicare OPPS FS. ",819.46,,,,,,,Case Rate,"100% Medicare OPPS FS. ",6593,,,,,,,Case Rate,". Primary procedure pays at 100%, secondary at 50%, all subsequent at 25%.  Lesser of applies when negotiated rates exceed charges less addons.",819.46,,,,,,,Case Rate,"100% Medicare OPPS FS. ",10364,,,,,,,Case Rate,". MPL 100/50/25% maxmium of 3 procedures. All add ons apply, and lesser of 100% of billed charges",819.46,,,,,,,Case Rate,"100% Medicare OPPS FS. ",10364,,,,,,,Case Rate,". MPL 100/50/25% maxmium of 3 procedures. All add ons apply, and lesser of 100% of billed charges",6593,,,,,,,Case Rate,". Primary procedure pays at 100%, secondary at 50%, all subsequent at 25%.  Lesser of applies when negotiated rates exceed charges less addons.",10364,,,,,,,Case Rate,". MPL 100/50/25% maxmium of 3 procedures. All add ons apply, and lesser of 100% of billed charges",819.46,,,,,,,Case Rate,"100% Medicare OPPS FS. ",815.61,,,,,,,Case Rate,"100 Percent of Medicaid APG. ",819.46,,,,,,,Case Rate,"100% Medicare OPPS FS. ",10364,,,,,,,Case Rate,". MPL 100/50/25% maxmium of 3 procedures. All add ons apply, and lesser of 100% of billed charges",6091.36,,,,,,,Case Rate,". MPL 100/50/25% all add ons apply, and lesser of 100% of billed charges",815.61,,,,,,,Case Rate,"100 Percent of Medicaid APG. ",4100,,,,,,,Case Rate,". MPL 100/50/25% all add ons apply, and lesser of 100% of billed charges",978.73,,,,,,,Fee Schedule,"120 Percent of Medicaid APG. ",978.73,,,,,,,Fee Schedule,"120 Percent of Medicaid APG. ",4100,,,,,,,Case Rate,". MPL 100/50/25% all add ons apply, and lesser of 100% of billed charges",4100,,,,,,,Case Rate,". MPL 100/50/25% all add ons apply, and lesser of 100% of billed charges",4100,,,,,,,Case Rate,". MPL 100/50/25% all add ons apply, and lesser of 100% of billed charges",6091.36,,,,,,,Case Rate,". MPL 100/50/25% all add ons apply, and lesser of 100% of billed charges",4100,,,,,,,Case Rate,". MPL 100/50/25% all add ons apply, and lesser of 100% of billed charges",4100,,,,,,,Case Rate,". MPL 100/50/25% all add ons apply, and lesser of 100% of billed charges",4100,,,,,,,Case Rate,". MPL 100/50/25% all add ons apply, and lesser of 100% of billed charges",22755,,,,,,,Case Rate,". ",22755,,,,,,,Case Rate,". ",1622.53,,,,,,,Case Rate,198 Percent of Medicare OPPS. Metroplus will reimburse unlisted codes and described codes with no Medicare rate at 50 percent of charges.,815.61,,,,,,,Case Rate,"100 Percent of Medicaid APG. ",6091.36,,,,,,,Case Rate,". MPL 100/50/25% all add ons apply, and lesser of 100% of billed charges",10364,,,,,,,Case Rate,". MPL 100/50/25% maxmium of 3 procedures. All add ons apply, and lesser of 100% of billed charges",6593,,,,,,,Case Rate,". Primary procedure pays at 100%, secondary at 50%, all subsequent at 25%.  Lesser of applies when negotiated rates exceed charges less addons.",6091.36,,,,,,,Case Rate,". MPL 100/50/25% all add ons apply, and lesser of 100% of billed charges",6593,,,,,,,Case Rate,". Primary procedure pays at 100%, secondary at 50%, all subsequent at 25%.  Lesser of applies when negotiated rates exceed charges less addons.",6091.36,,,,,,,Case Rate,". MPL 100/50/25% all add ons apply, and lesser of 100% of billed charges",4100,,,,,,,Case Rate,". MPL 100/50/25% all add ons apply, and lesser of 100% of billed charges",4100,,,,,,,Case Rate,". MPL 100/50/25% all add ons apply, and lesser of 100% of billed charges",4100,,,,,,,Case Rate,". MPL 100/50/25% all add ons apply, and lesser of 100% of billed charges",4100,,,,,,,Case Rate,". MPL 100/50/25% all add ons apply, and lesser of 100% of billed charges",819.46,,,,,,,Case Rate,"100% Medicare OPPS FS. ",351.29,43411,
63265,CPT,,,490,RC,EXCISE INTRASPINL LESION CRV,,,both,,,,15878,,,,,,,Case Rate,". MPL 1st 100% of Payment Rate 50% of all others, all add ons apply, and lesser of 100% of billed charges.",15878,,,,,,,Case Rate,". MPL 1st 100% of Payment Rate 50% of all others, all add ons apply, and lesser of 100% of billed charges.",41064,,,,,,,Case Rate,". Primary procedure pays at 100%, secondary at 50%, all subsequent at 25%.  Lesser of applies when negotiated rates exceed charges less addons.",,100,,,,,0,percent of total billed charges,100 percent of billed charges; No services were performed during the 15 month look back period.,8453.18,,,,,,,Case Rate,"100% Medicare OPPS FS. ",41064,,,,,,,Case Rate,". Primary procedure pays at 100%, secondary at 50%, all subsequent at 25%.  Lesser of applies when negotiated rates exceed charges less addons.",41064,,,,,,,Case Rate,". Primary procedure pays at 100%, secondary at 50%, all subsequent at 25%.  Lesser of applies when negotiated rates exceed charges less addons.",41064,,,,,,,Case Rate,". Primary procedure pays at 100%, secondary at 50%, all subsequent at 25%.  Lesser of applies when negotiated rates exceed charges less addons.",5029.45,,,,,,,Case Rate,"100 Percent of Medicaid APG. ",4191.21,,,,,,,Case Rate,"100 Percent of Medicaid APG. ",,78,,,,,0,percent of total billed charges,78 percent of billed charges; No services were performed during the 15 month look back period.,64992.14,,,,,,,Case Rate,". MPL 100/50/25% all add ons apply, and lesser of 100% of billed charges",4191.21,,,,,,,Case Rate,"100 Percent of Medicaid APG. ",8453.18,,,,,,,Case Rate,"100% Medicare OPPS FS. ",28208,,,,,,,Case Rate,". MPL 100/50/25% maxmium of 3 procedures. All add ons apply, and lesser of 100% of billed charges",28208,,,,,,,Case Rate,". MPL 100/50/25% maxmium of 3 procedures. All add ons apply, and lesser of 100% of billed charges",28208,,,,,,,Case Rate,". MPL 100/50/25% maxmium of 3 procedures. All add ons apply, and lesser of 100% of billed charges",28208,,,,,,,Case Rate,". MPL 100/50/25% maxmium of 3 procedures. All add ons apply, and lesser of 100% of billed charges",4191.21,,,,,,,Case rate,124 Percent of Medicaid APG. Covered services not payable under Medicaid Fee Schedules default to a payment of 50 percent of charges.,8453.18,,,,,,,Case Rate,"100% Medicare OPPS FS. ",4191.21,,,,,,,Case rate,124 Percent of Medicaid APG. Covered services not payable under Medicaid Fee Schedules default to a payment of 50 percent of charges.,,78,,,,,0,percent of total billed charges,78 percent of billed charges; No services were performed during the 15 month look back period.,41064,,,,,,,Case Rate,". Primary procedure pays at 100%, secondary at 50%, all subsequent at 25%.  Lesser of applies when negotiated rates exceed charges less addons.",8453.18,,,,,,,Case Rate,"100%Medicare OPPS FS. ",26771,,,,,,,Case Rate,". Primary procedure pays at 100%, all subsequent at 50%.",8453.18,,,,,,,Case Rate,"100%Medicare OPPS FS. ",8453.18,,,,,,,Case Rate,"100%Medicare OPPS FS. ",,78,,,,,0,percent of total billed charges,78 percent of billed charges; No services were performed during the 15 month look back period.,1868.34,,,,,,,Fee Schedule,90 Percent of Medicare RBRVS. Lesser of 100% of billed charges applies.,1868.34,,,,,,,Fee Schedule,90 Percent of Medicare RBRVS. Lesser of 100% of billed charges applies.,4191.21,,,,,,,Case rate,"100 Percent of Medicaid APG. ",4191.21,,,,,,,Case rate,"100 Percent of Medicaid APG. ",26771,,,,,,,Case Rate,". Primary procedure pays at 100%, all subsequent at 50%.",26771,,,,,,,Case Rate,". Primary procedure pays at 100%, all subsequent at 50%.",4191.21,,,,,,,Case Rate,"100 Percent of Medicaid APG. Not APG payable, or payable under another fee schedule like ASP/AWP pays at 30% of charges",26771,,,,,,,Case Rate,". Primary procedure pays at 100%, all subsequent at 50%.",4191.21,,,,,,,Case Rate,"100 Percent of Medicaid APG. Not APG payable, or payable under another fee schedule like ASP/AWP pays at 30% of charges",8453.18,,,,,,,Case Rate,"100%Medicare OPPS FS. ",26771,,,,,,,Case Rate,". Primary procedure pays at 100%, all subsequent at 50%.",,78,,,,,0,percent of total billed charges,78 percent of billed charges; No services were performed during the 15 month look back period.,4191.21,,,,,,,Case Rate,"100 Percent of Medicaid APG. ",4191.21,,,,,,,Case Rate,"100 Percent of Medicaid APG. ",,78,,,,,0,percent of total billed charges,78 percent of billed charges; No services were performed during the 15 month look back period.,28208,,,,,,,Case Rate,". MPL 100/50/25% maxmium of 3 procedures. All add ons apply, and lesser of 100% of billed charges",47239,,,,,,,Case Rate,". MPL 100/50/25% all add ons apply, and lesser of 100% of billed charges",47239,,,,,,,Case Rate,". MPL 100/50/25% all add ons apply, and lesser of 100% of billed charges",,78,,,,,0,percent of total billed charges,78 percent of billed charges; No services were performed during the 15 month look back period.,8453.18,,,,,,,Case Rate,"100% Medicare OPPS FS. ",64992.14,,,,,,,Case Rate,". MPL 100/50/25% all add ons apply, and lesser of 100% of billed charges",64992.14,,,,,,,Case Rate,". MPL 100/50/25% all add ons apply, and lesser of 100% of billed charges",64992.14,,,,,,,Case Rate,". MPL 100/50/25% all add ons apply, and lesser of 100% of billed charges",8453.18,,,,,,,Case Rate,"100% Medicare OPPS FS. ",64992.14,,,,,,,Case Rate,". MPL 100/50/25% all add ons apply, and lesser of 100% of billed charges",64992.14,,,,,,,Case Rate,". MPL 100/50/25% all add ons apply, and lesser of 100% of billed charges",8453.18,,,,,,,Case Rate,"100% of Medicare OPPS. ",43390,,,,,,,Case Rate,". MPL 100/75/50% all add ons apply, and lesser of 100% of billed charges",24258,,,,,,,Case Rate,". MPL 100/50/25% all add ons apply, and lesser of 100% of billed charges",24258,,,,,,,Case Rate,". MPL 100/50/25% all add ons apply, and lesser of 100% of billed charges",24258,,,,,,,Case Rate,". MPL 100/50/25% all add ons apply, and lesser of 100% of billed charges",24258,,,,,,,Case Rate,". MPL 100/50/25% all add ons apply, and lesser of 100% of billed charges",24258,,,,,,,Case Rate,". MPL 100/50/25% all add ons apply, and lesser of 100% of billed charges",24258,,,,,,,Case Rate,". MPL 100/50/25% all add ons apply, and lesser of 100% of billed charges",8453.18,,,,,,,Case Rate,"100% Medicare OPPS FS. ",8453.18,,,,,,,Case Rate,"100% Medicare OPPS FS. ",24258,,,,,,,Case Rate,". MPL 100/50/25% all add ons apply, and lesser of 100% of billed charges",,78,,,,,0,percent of total billed charges,78 percent of billed charges; No services were performed during the 15 month look back period.,,78,,,,,0,percent of total billed charges,78 percent of billed charges; No services were performed during the 15 month look back period.,,78,,,,,0,percent of total billed charges,78 percent of billed charges; No services were performed during the 15 month look back period.,,78,,,,,0,percent of total billed charges,78 percent of billed charges; No services were performed during the 15 month look back period.,,78,,,,,0,percent of total billed charges,78 percent of billed charges; No services were performed during the 15 month look back period.,,78,,,,,0,percent of total billed charges,78 percent of billed charges; No services were performed during the 15 month look back period.,,78,,,,,0,percent of total billed charges,78 percent of billed charges; No services were performed during the 15 month look back period.,,78,,,,,0,percent of total billed charges,78 percent of billed charges; No services were performed during the 15 month look back period.,,78,,,,,0,percent of total billed charges,78 percent of billed charges; No services were performed during the 15 month look back period.,,78,,,,,0,percent of total billed charges,78 percent of billed charges; No services were performed during the 15 month look back period.,,78,,,,,0,percent of total billed charges,78 percent of billed charges; No services were performed during the 15 month look back period.,,78,,,,,0,percent of total billed charges,78 percent of billed charges; No services were performed during the 15 month look back period.,,78,,,,,0,percent of total billed charges,78 percent of billed charges; No services were performed during the 15 month look back period.,,78,,,,,0,percent of total billed charges,78 percent of billed charges; No services were performed during the 15 month look back period.,,78,,,,,0,percent of total billed charges,78 percent of billed charges; No services were performed during the 15 month look back period.,,78,,,,,0,percent of total billed charges,78 percent of billed charges; No services were performed during the 15 month look back period.,,78,,,,,0,percent of total billed charges,78 percent of billed charges; No services were performed during the 15 month look back period.,,78,,,,,0,percent of total billed charges,78 percent of billed charges; No services were performed during the 15 month look back period.,,78,,,,,0,percent of total billed charges,78 percent of billed charges; No services were performed during the 15 month look back period.,,78,,,,,0,percent of total billed charges,78 percent of billed charges; No services were performed during the 15 month look back period.,,78,,,,,0,percent of total billed charges,78 percent of billed charges; No services were performed during the 15 month look back period.,,78,,,,,0,percent of total billed charges,78 percent of billed charges; No services were performed during the 15 month look back period.,,78,,,,,0,percent of total billed charges,78 percent of billed charges; No services were performed during the 15 month look back period.,,78,,,,,0,percent of total billed charges,78 percent of billed charges; No services were performed during the 15 month look back period.,,78,,,,,0,percent of total billed charges,78 percent of billed charges; No services were performed during the 15 month look back period.,,78,,,,,0,percent of total billed charges,78 percent of billed charges; No services were performed during the 15 month look back period.,26771,,,,,,,Case Rate,". Primary procedure pays at 100%, all subsequent at 50%.",26771,,,,,,,Case Rate,". Primary procedure pays at 100%, all subsequent at 50%.",26771,,,,,,,Case Rate,". Primary procedure pays at 100%, all subsequent at 50%.",26771,,,,,,,Case Rate,". Primary procedure pays at 100%, all subsequent at 50%.",42813,,,,,,,Case Rate,". Primary procedure pays at 100%, all subsequent at 50%.",42813,,,,,,,Case Rate,". Primary procedure pays at 100%, all subsequent at 50%.",28208,,,,,,,Case Rate,". MPL 100/50/25% maxmium of 3 procedures. All add ons apply, and lesser of 100% of billed charges",24258,,,,,,,Case Rate,". MPL 100/50/25% all add ons apply, and lesser of 100% of billed charges",64992.14,,,,,,,Case Rate,". MPL 100/50/25% all add ons apply, and lesser of 100% of billed charges",24258,,,,,,,Case Rate,". MPL 100/50/25% all add ons apply, and lesser of 100% of billed charges",,78,,,,,0,percent of total billed charges,78 percent of billed charges; No services were performed during the 15 month look back period.,42813,,,,,,,Case Rate,". Primary procedure pays at 100%, all subsequent at 50%.",24258,,,,,,,Case Rate,". MPL 100/50/25% all add ons apply, and lesser of 100% of billed charges",64992.14,,,,,,,Case Rate,". MPL 100/50/25% all add ons apply, and lesser of 100% of billed charges",28208,,,,,,,Case Rate,". MPL 100/50/25% maxmium of 3 procedures. All add ons apply, and lesser of 100% of billed charges",,,,,,,,,,,78,,,,,0,percent of total billed charges,78 percent of billed charges; No services were performed during the 15 month look back period.,4191.21,,,,,,,Case Rate,"100 Percent of Medicaid APG. ",26771,,,,,,,Case Rate,". Primary procedure pays at 100%, all subsequent at 50%.",4191.21,,,,,,,Case Rate,"100 Percent of Medicaid APG. Not APG payable, or payable under another fee schedule like ASP/AWP pays at 30% of charges",8453.18,,,,,,,Case Rate,"100%Medicare OPPS FS. ",8453.18,,,,,,,Case Rate,"100% Medicare OPPS FS. ",43390,,,,,,,Case Rate,". MPL 100/75/50% all add ons apply, and lesser of 100% of billed charges",8453.18,,,,,,,Case Rate,"100% Medicare OPPS FS. ",8453.18,,,,,,,Case Rate,"100% Medicare OPPS FS. ",4191.21,,,,,,,Case Rate,"100 Percent of Medicaid APG. ",8453.18,,,,,,,Case Rate,"100% Medicare OPPS FS. ",8453.18,,,,,,,Case Rate,"100% Medicare OPPS FS. ",41064,,,,,,,Case Rate,". Primary procedure pays at 100%, secondary at 50%, all subsequent at 25%.  Lesser of applies when negotiated rates exceed charges less addons.",41064,,,,,,,Case Rate,". Primary procedure pays at 100%, secondary at 50%, all subsequent at 25%.  Lesser of applies when negotiated rates exceed charges less addons.",8453.18,,,,,,,Case Rate,"100% Medicare OPPS FS. ",28208,,,,,,,Case Rate,". MPL 100/50/25% maxmium of 3 procedures. All add ons apply, and lesser of 100% of billed charges",64992.14,,,,,,,Case Rate,". MPL 100/50/25% all add ons apply, and lesser of 100% of billed charges",64992.14,,,,,,,Case Rate,". MPL 100/50/25% all add ons apply, and lesser of 100% of billed charges",8453.18,,,,,,,Case Rate,"100% Medicare OPPS FS. ",28208,,,,,,,Case Rate,". MPL 100/50/25% maxmium of 3 procedures. All add ons apply, and lesser of 100% of billed charges",41064,,,,,,,Case Rate,". Primary procedure pays at 100%, secondary at 50%, all subsequent at 25%.  Lesser of applies when negotiated rates exceed charges less addons.",41064,,,,,,,Case Rate,". Primary procedure pays at 100%, secondary at 50%, all subsequent at 25%.  Lesser of applies when negotiated rates exceed charges less addons.",41064,,,,,,,Case Rate,". Primary procedure pays at 100%, secondary at 50%, all subsequent at 25%.  Lesser of applies when negotiated rates exceed charges less addons.",,78,,,,,0,percent of total billed charges,78 percent of billed charges; No services were performed during the 15 month look back period.,,78,,,,,0,percent of total billed charges,78 percent of billed charges; No services were performed during the 15 month look back period.,,78,,,,,0,percent of total billed charges,78 percent of billed charges; No services were performed during the 15 month look back period.,,78,,,,,0,percent of total billed charges,78 percent of billed charges; No services were performed during the 15 month look back period.,,78,,,,,0,percent of total billed charges,78 percent of billed charges; No services were performed during the 15 month look back period.,,78,,,,,0,percent of total billed charges,78 percent of billed charges; No services were performed during the 15 month look back period.,,78,,,,,0,percent of total billed charges,78 percent of billed charges; No services were performed during the 15 month look back period.,,78,,,,,0,percent of total billed charges,78 percent of billed charges; No services were performed during the 15 month look back period.,,78,,,,,0,percent of total billed charges,78 percent of billed charges; No services were performed during the 15 month look back period.,,78,,,,,0,percent of total billed charges,78 percent of billed charges; No services were performed during the 15 month look back period.,,78,,,,,0,percent of total billed charges,78 percent of billed charges; No services were performed during the 15 month look back period.,42813,,,,,,,Case Rate,". Primary procedure pays at 100%, all subsequent at 50%.",24258,,,,,,,Case Rate,". MPL 100/50/25% all add ons apply, and lesser of 100% of billed charges",28208,,,,,,,Case Rate,". MPL 100/50/25% maxmium of 3 procedures. All add ons apply, and lesser of 100% of billed charges",8453.18,,,,,,,Case Rate,"100% Medicare OPPS FS. ",41064,,,,,,,Case Rate,". Primary procedure pays at 100%, secondary at 50%, all subsequent at 25%.  Lesser of applies when negotiated rates exceed charges less addons.",28208,,,,,,,Case Rate,". MPL 100/50/25% maxmium of 3 procedures. All add ons apply, and lesser of 100% of billed charges",28208,,,,,,,Case Rate,". MPL 100/50/25% maxmium of 3 procedures. All add ons apply, and lesser of 100% of billed charges",,78,,,,,0,percent of total billed charges,78 percent of billed charges; No services were performed during the 15 month look back period.,8969.19,,,,,,,Case Rate,"214 Percent of Medicaid APG. Drugs not priced under APG, billed with revenue code 636 and not priced by Medicare ASP FeeSched will be reimbursed at 20% of charges.",28208,,,,,,,Case Rate,". MPL 100/50/25% maxmium of 3 procedures. All add ons apply, and lesser of 100% of billed charges",4191.21,,,,,,,Case Rate,"100 Percent of Medicaid APG. ",8453.18,,,,,,,Case Rate,"100% Medicare OPPS FS. ",8453.18,,,,,,,Case Rate,"100% Medicare OPPS FS. ",8453.18,,,,,,,Case Rate,"100% Medicare OPPS FS. ",8453.18,,,,,,,Case Rate,"100% Medicare OPPS FS. ",8453.18,,,,,,,Case Rate,"100% Medicare OPPS FS. ",8453.18,,,,,,,Case Rate,"100% Medicare OPPS FS. ",28208,,,,,,,Case Rate,". MPL 100/50/25% maxmium of 3 procedures. All add ons apply, and lesser of 100% of billed charges",43390,,,,,,,Case Rate,". MPL 100/75/50% all add ons apply, and lesser of 100% of billed charges",7544.18,,,,,,,Fee Schedule,"180 Percent of Medicaid APG. ",7544.18,,,,,,,Fee Schedule,"180 Percent of Medicaid APG. ",7544.18,,,,,,,Fee Schedule,"180 Percent of Medicaid APG. ",7544.18,,,,,,,Fee Schedule,"180 Percent of Medicaid APG. ",7544.18,,,,,,,Fee Schedule,"180 Percent of Medicaid APG. ",,,,,,,,,,43390,,,,,,,Case Rate,". MPL 100/75/50% all add ons apply, and lesser of 100% of billed charges",16737.29,,,,,,,Case Rate,198 Percent of Medicare OPPS. Metroplus will reimburse unlisted codes and described codes with no Medicare rate at 50 percent of charges.,16737.29,,,,,,,Case Rate,198 Percent of Medicare OPPS. Metroplus will reimburse unlisted codes and described codes with no Medicare rate at 50 percent of charges.,16737.29,,,,,,,Case Rate,198 Percent of Medicare OPPS. Metroplus will reimburse unlisted codes and described codes with no Medicare rate at 50 percent of charges.,16737.29,,,,,,,Case Rate,198 Percent of Medicare OPPS. Metroplus will reimburse unlisted codes and described codes with no Medicare rate at 50 percent of charges.,16737.29,,,,,,,Case Rate,198 Percent of Medicare OPPS. Metroplus will reimburse unlisted codes and described codes with no Medicare rate at 50 percent of charges.,8453.18,,,,,,,Case Rate,"100% Medicare OPPS FS. ",42813,,,,,,,Case Rate,". Primary procedure pays at 100%, all subsequent at 50%.",42813,,,,,,,Case Rate,". Primary procedure pays at 100%, all subsequent at 50%.",42813,,,,,,,Case Rate,". Primary procedure pays at 100%, all subsequent at 50%.",42813,,,,,,,Case Rate,". Primary procedure pays at 100%, all subsequent at 50%.",41064,,,,,,,Case Rate,". Primary procedure pays at 100%, secondary at 50%, all subsequent at 25%.  Lesser of applies when negotiated rates exceed charges less addons.",41064,,,,,,,Case Rate,". Primary procedure pays at 100%, secondary at 50%, all subsequent at 25%.  Lesser of applies when negotiated rates exceed charges less addons.",41064,,,,,,,Case Rate,". Primary procedure pays at 100%, secondary at 50%, all subsequent at 25%.  Lesser of applies when negotiated rates exceed charges less addons.",41064,,,,,,,Case Rate,". Primary procedure pays at 100%, secondary at 50%, all subsequent at 25%.  Lesser of applies when negotiated rates exceed charges less addons.",43390,,,,,,,Case Rate,". MPL 100/75/50% all add ons apply, and lesser of 100% of billed charges",43390,,,,,,,Case Rate,". MPL 100/75/50% all add ons apply, and lesser of 100% of billed charges",8453.18,,,,,,,Case Rate,"100% Medicare OPPS FS. ",8453.18,,,,,,,Case Rate,"100% Medicare OPPS FS. ",8453.18,,,,,,,Case Rate,"100% Medicare OPPS FS. ",24258,,,,,,,Case Rate,". MPL 100/50/25% all add ons apply, and lesser of 100% of billed charges",24258,,,,,,,Case Rate,". MPL 100/50/25% all add ons apply, and lesser of 100% of billed charges",24258,,,,,,,Case Rate,". MPL 100/50/25% all add ons apply, and lesser of 100% of billed charges",43390,,,,,,,Case Rate,". MPL 100/75/50% all add ons apply, and lesser of 100% of billed charges",41064,,,,,,,Case Rate,". Primary procedure pays at 100%, secondary at 50%, all subsequent at 25%.  Lesser of applies when negotiated rates exceed charges less addons.",8453.18,,,,,,,Case Rate,"100% Medicare OPPS FS. ",24258,,,,,,,Case Rate,". MPL 100/50/25% all add ons apply, and lesser of 100% of billed charges",4191.21,,,,,,,Case Rate,"100 Percent of Medicaid APG. ",8622.24,,,,,,,Case Rate,"102% of Medicare OPPS. ",8622.24,,,,,,,Case Rate,"102% of Medicare OPPS. ",8622.24,,,,,,,Case Rate,"102% of Medicare OPPS. ",4191.21,,,,,,,Case rate,"100 Percent of Medicaid APG. ",9430.22,,,,,,,Fee Schedule,225% of NYS APG. Lesser of 100% of billed charges applies.,9430.22,,,,,,,Fee Schedule,225% of NYS APG. Lesser of 100% of billed charges applies.,9430.22,,,,,,,Fee Schedule,225% of NYS APG. Lesser of 100% of billed charges applies.,9430.22,,,,,,,Fee Schedule,225% of NYS APG. Lesser of 100% of billed charges applies.,9430.22,,,,,,,Fee Schedule,225% of NYS APG. Lesser of 100% of billed charges applies.,8622.24,,,,,,,Case Rate,"102% of Medicare OPPS. ",4191.21,,,,,,,Case Rate,"100 Percent of Medicaid APG. ",1868.34,,,,,,,Fee Schedule,90 Percent of Medicare RBRVS. Lesser of 100% of billed charges applies.,9430.22,,,,,,,Fee Schedule,225% of NYS APG. Lesser of 100% of billed charges applies.,9430.22,,,,,,,Fee Schedule,225% of NYS APG. Lesser of 100% of billed charges applies.,1868.34,,,,,,,Fee Schedule,90 Percent of Medicare RBRVS. Lesser of 100% of billed charges applies.,1868.34,,,,,,,Fee Schedule,90 Percent of Medicare RBRVS. Lesser of 100% of billed charges applies.,7544.18,,,,,,,Fee Schedule,"180 Percent of Medicaid APG. ",8453.18,,,,,,,Case Rate,"100% Medicare OPPS FS. ",8453.18,,,,,,,Case Rate,"100% Medicare OPPS FS. ",41064,,,,,,,Case Rate,". Primary procedure pays at 100%, secondary at 50%, all subsequent at 25%.  Lesser of applies when negotiated rates exceed charges less addons.",8453.18,,,,,,,Case Rate,"100% Medicare OPPS FS. ",9430.22,,,,,,,Case Rate,"225 Percent of Medicaid APG. ",9430.22,,,,,,,Case Rate,"225 Percent of Medicaid APG. ",4191.21,,,,,,,Case rate,"100 Percent of Medicaid APG. ",4191.21,,,,,,,Case rate,"100 Percent of Medicaid APG. ",9430.22,,,,,,,Case Rate,225 Percent of Medicaid APG. Covered services not payable under Medicaid Fee Schedules default to a payment of 87.5 percent of charges.,4191.21,,,,,,,Case rate,124 Percent of Medicaid APG. Covered services not payable under Medicaid Fee Schedules default to a payment of 50 percent of charges.,9430.22,,,,,,,Case Rate,"100 Percent of Medicaid APG. ",9430.22,,,,,,,Case Rate,"100 Percent of Medicaid APG. ",9430.22,,,,,,,Case Rate,"100 Percent of Medicaid APG. ",9430.22,,,,,,,Case Rate,"100 Percent of Medicaid APG. ",13453,,,,,,,Case Rate,". MPL 100/75/50% all add ons apply, and lesser of 100% of billed charges",43390,,,,,,,Case Rate,". MPL 100/75/50% all add ons apply, and lesser of 100% of billed charges",5029.45,,,,,,,Case Rate,"120 Percent of Medicaid APG. Not APG payable, or payable under another fee schedule like ASP/AWP pays at 30% of charges",5029.45,,,,,,,Case Rate,"120 Percent of Medicaid APG. Not APG payable, or payable under another fee schedule like ASP/AWP pays at 30% of charges",4191.21,,,,,,,Case Rate,"100 Percent of Medicaid APG. Not APG payable, or payable under another fee schedule like ASP/AWP pays at 30% of charges",4191.21,,,,,,,Case Rate,"100 Percent of Medicaid APG. Not APG payable, or payable under another fee schedule like ASP/AWP pays at 30% of charges",24258,,,,,,,Case Rate,". MPL 100/50/25% all add ons apply, and lesser of 100% of billed charges",24258,,,,,,,Case Rate,". MPL 100/50/25% all add ons apply, and lesser of 100% of billed charges",8453.18,,,,,,,Case Rate,"100% Medicare OPPS FS. ",24258,,,,,,,Case Rate,". MPL 100/50/25% all add ons apply, and lesser of 100% of billed charges",24258,,,,,,,Case Rate,". MPL 100/50/25% all add ons apply, and lesser of 100% of billed charges",24258,,,,,,,Case Rate,". MPL 100/50/25% all add ons apply, and lesser of 100% of billed charges",24258,,,,,,,Case Rate,". MPL 100/50/25% all add ons apply, and lesser of 100% of billed charges",8453.18,,,,,,,Case Rate,"100% Medicare OPPS FS. ",24258,,,,,,,Case Rate,". MPL 100/50/25% all add ons apply, and lesser of 100% of billed charges",24258,,,,,,,Case Rate,". MPL 100/50/25% all add ons apply, and lesser of 100% of billed charges",41064,,,,,,,Case Rate,". Primary procedure pays at 100%, secondary at 50%, all subsequent at 25%.  Lesser of applies when negotiated rates exceed charges less addons.",4191.21,,,,,,,Fee Schedule,100% APG. Lesser of 100% of billed charges applies.,4191.21,,,,,,,Case rate,124 Percent of Medicaid APG. Covered services not payable under Medicaid Fee Schedules default to a payment of 50 percent of charges.,9430.22,,,,,,,Fee Schedule,225% of NYS APG. Lesser of 100% of billed charges applies.,9430.22,,,,,,,Case Rate,225 Percent of Medicaid APG. Covered services not payable under Medicaid Fee Schedules default to a payment of 87.5 percent of charges.,4191.21,,,,,,,Case rate,124 Percent of Medicaid APG. Covered services not payable under Medicaid Fee Schedules default to a payment of 50 percent of charges.,9430.22,,,,,,,Fee Schedule,225% of NYS APG. Lesser of 100% of billed charges applies.,9430.22,,,,,,,Fee Schedule,225% of NYS APG. Lesser of 100% of billed charges applies.,9430.22,,,,,,,Fee Schedule,225% of NYS APG. Lesser of 100% of billed charges applies.,9430.22,,,,,,,Fee Schedule,225% of NYS APG. Lesser of 100% of billed charges applies.,9430.22,,,,,,,Fee Schedule,225% of NYS APG. Lesser of 100% of billed charges applies.,9430.22,,,,,,,Fee Schedule,225% of NYS APG. Lesser of 100% of billed charges applies.,,,,,,,,,,,,,,,,,,,,,,,,,,,,28208,,,,,,,Case Rate,". MPL 100/50/25% maxmium of 3 procedures. All add ons apply, and lesser of 100% of billed charges",,,,,,,,,,8453.18,,,,,,,Case Rate,"100% Medicare OPPS FS. ",15878,,,,,,,Case Rate,". MPL 1st 100% of Payment Rate 50% of all others, all add ons apply, and lesser of 100% of billed charges.",8453.18,,,,,,,Case Rate,"100% Medicare OPPS FS. ",8453.18,,,,,,,Case Rate,"100% Medicare OPPS FS. ",5029.45,,,,,,,Case Rate,"120 Percent of Medicaid APG. Not APG payable, or payable under another fee schedule like ASP/AWP pays at 30% of charges",5029.45,,,,,,,Case Rate,"120 Percent of Medicaid APG. Not APG payable, or payable under another fee schedule like ASP/AWP pays at 30% of charges",4191.21,,,,,,,Case Rate,"100 Percent of Medicaid APG. Not APG payable, or payable under another fee schedule like ASP/AWP pays at 30% of charges",4191.21,,,,,,,Case Rate,"100 Percent of Medicaid APG. Not APG payable, or payable under another fee schedule like ASP/AWP pays at 30% of charges",4191.21,,,,,,,Case Rate,"100 Percent of Medicaid APG. ",22755,,,,,,,Case Rate,". ",41064,,,,,,,Case Rate,". Primary procedure pays at 100%, secondary at 50%, all subsequent at 25%.  Lesser of applies when negotiated rates exceed charges less addons.",26771,,,,,,,Case Rate,". Primary procedure pays at 100%, all subsequent at 50%.",28208,,,,,,,Case Rate,". MPL 100/50/25% maxmium of 3 procedures. All add ons apply, and lesser of 100% of billed charges",8453.18,,,,,,,Case Rate,"100%Medicare OPPS FS. ",8453.18,,,,,,,Case Rate,"100% Medicare OPPS FS. ",8453.18,,,,,,,Case Rate,"100% Medicare OPPS FS. ",8453.18,,,,,,,Case Rate,"100% Medicare OPPS FS. ",8453.18,,,,,,,Case Rate,"100%Medicare OPPS FS. ",8453.18,,,,,,,Case Rate,"100% Medicare OPPS FS. ",,,,,,,,,,9430.22,,,,,,,Fee Schedule,225% of NYS APG. Lesser of 100% of billed charges applies.,1868.34,,,,,,,Fee Schedule,90 Percent of Medicare RBRVS. Lesser of 100% of billed charges applies.,24258,,,,,,,Case Rate,". MPL 100/50/25% all add ons apply, and lesser of 100% of billed charges",22755,,,,,,,Case Rate,". ",22755,,,,,,,Case Rate,". ",22755,,,,,,,Case Rate,". ",22755,,,,,,,Case Rate,". ",8453.18,,,,,,,Case Rate,"100% Medicare OPPS FS. ",4191.21,,,,,,,Case Rate,"100 Percent of Medicaid APG. ",24258,,,,,,,Case Rate,". MPL 100/50/25% all add ons apply, and lesser of 100% of billed charges",4191.21,,,,,,,Case Rate,"100 Percent of Medicaid APG. ",8453.18,,,,,,,Case Rate,"100% Medicare OPPS FS. ",4191.21,,,,,,,Case Rate,"100 Percent of Medicaid APG. ",8453.18,,,,,,,Case Rate,"100% Medicare OPPS FS. ",8453.18,,,,,,,Case Rate,"100% Medicare OPPS FS. ",4191.21,,,,,,,Case Rate,"100 Percent of Medicaid APG. ",4191.21,,,,,,,Case Rate,"100 Percent of Medicaid APG. ",22755,,,,,,,Case Rate,". ",28208,,,,,,,Case Rate,". MPL 100/50/25% maxmium of 3 procedures. All add ons apply, and lesser of 100% of billed charges",,78,,,,,0,percent of total billed charges,78 percent of billed charges; No services were performed during the 15 month look back period.,64992.14,,,,,,,Case Rate,". MPL 100/50/25% all add ons apply, and lesser of 100% of billed charges",64992.14,,,,,,,Case Rate,". MPL 100/50/25% all add ons apply, and lesser of 100% of billed charges",41064,,,,,,,Case Rate,". Primary procedure pays at 100%, secondary at 50%, all subsequent at 25%.  Lesser of applies when negotiated rates exceed charges less addons.",8284.11,,,,,,,Case Rate,"83% HF Fee schedule. ",42813,,,,,,,Case Rate,". Primary procedure pays at 100%, all subsequent at 50%.",42813,,,,,,,Case Rate,". Primary procedure pays at 100%, all subsequent at 50%.",19406,,,,,,,Case Rate,". MPL 100/50/25% all add ons apply, and lesser of 100% of billed charges",19406,,,,,,,Case Rate,". MPL 100/50/25% all add ons apply, and lesser of 100% of billed charges",8453.18,,,,,,,Case Rate,"100% Medicare OPPS FS. ",8453.18,,,,,,,Case Rate,"100% Medicare OPPS FS. ",8453.18,,,,,,,Case Rate,"100% Medicare OPPS FS. ",8453.18,,,,,,,Case Rate,"100% Medicare OPPS FS. ",64992.14,,,,,,,Case Rate,". MPL 100/50/25% all add ons apply, and lesser of 100% of billed charges",24258,,,,,,,Case Rate,". MPL 100/50/25% all add ons apply, and lesser of 100% of billed charges",24258,,,,,,,Case Rate,". MPL 100/50/25% all add ons apply, and lesser of 100% of billed charges",8453.18,,,,,,,Case Rate,"100% Medicare OPPS FS. ",19406,,,,,,,Case Rate,". MPL 100/50/25% all add ons apply, and lesser of 100% of billed charges",26771,,,,,,,Case Rate,". Primary procedure pays at 100%, all subsequent at 50%.",5029.45,,,,,,,Fee Schedule,"120 Percent of Medicaid APG. ",4191.21,,,,,,,Case Rate,"100 Percent of Medicaid APG. ",22755,,,,,,,Case Rate,". ",21832,,,,,,,Case Rate,". MPL 100/50/25% all add ons apply, and lesser of 100% of billed charges",21832,,,,,,,Case Rate,". MPL 100/50/25% all add ons apply, and lesser of 100% of billed charges",24258,,,,,,,Case Rate,". MPL 100/50/25% all add ons apply, and lesser of 100% of billed charges",29896,,,,,,,Case Rate,". MPL 100/75/50% all add ons apply, and lesser of 100% of billed charges",8453.18,,,,,,,Case Rate,"100%Medicare OPPS FS. ",4400.77,,,,,,,Fee Schedule,105 percent of Medicaid APG. otherwise 105% of Ordered NYS MCD FS or 105% of ASP+6%,4400.77,,,,,,,Fee Schedule,105 percent of Medicaid APG. otherwise 105% of Ordered NYS MCD FS or 105% of ASP+6%,4400.77,,,,,,,Fee Schedule,105 percent of Medicaid APG. otherwise 105% of Ordered NYS MCD FS or 105% of ASP+6%,5658.13,,,,,,,Fee Schedule,135 percent of Medicaid APG. otherwise 135% of Ordered NYS MCD FS or 135% of ASP+6%,64992.14,,,,,,,Case Rate,". MPL 100/50/25% all add ons apply, and lesser of 100% of billed charges",4400.77,,,,,,,Fee Schedule,105 percent of Medicaid APG. otherwise 105% of Ordered NYS MCD FS or 105% of ASP+6%,4400.77,,,,,,,Fee Schedule,105 percent of Medicaid APG. otherwise 105% of Ordered NYS MCD FS or 105% of ASP+6%,4400.77,,,,,,,Fee Schedule,105 percent of Medicaid APG. otherwise 105% of Ordered NYS MCD FS or 105% of ASP+6%,4400.77,,,,,,,Fee Schedule,105 percent of Medicaid APG. otherwise 105% of Ordered NYS MCD FS or 105% of ASP+6%,4400.77,,,,,,,Fee Schedule,105 percent of Medicaid APG. otherwise 105% of Ordered NYS MCD FS or 105% of ASP+6%,5658.13,,,,,,,Fee Schedule,135 percent of Medicaid APG. otherwise 135% of Ordered NYS MCD FS or 135% of ASP+6%,5658.13,,,,,,,Fee Schedule,135 percent of Medicaid APG. otherwise 135% of Ordered NYS MCD FS or 135% of ASP+6%,8453.18,,,,,,,Case Rate,"100% Medicare OPPS FS. ",64992.14,,,,,,,Case Rate,". MPL 100/50/25% all add ons apply, and lesser of 100% of billed charges",8453.18,,,,,,,Case Rate,"100% Medicare OPPS FS. ",4400.77,,,,,,,Fee Schedule,105 percent of Medicaid APG. otherwise 105% of Ordered NYS MCD FS or 105% of ASP+6%,24258,,,,,,,Case Rate,". MPL 100/50/25% all add ons apply, and lesser of 100% of billed charges",8453.18,,,,,,,Case Rate,"100% Medicare OPPS FS. ",24258,,,,,,,Case Rate,". MPL 100/50/25% all add ons apply, and lesser of 100% of billed charges",24258,,,,,,,Case Rate,". MPL 100/50/25% all add ons apply, and lesser of 100% of billed charges",24258,,,,,,,Case Rate,". MPL 100/50/25% all add ons apply, and lesser of 100% of billed charges",4400.77,,,,,,,Fee Schedule,105 percent of Medicaid APG. otherwise 105% of Ordered NYS MCD FS or 105% of ASP+6%,8453.18,,,,,,,Case Rate,"100% Medicare OPPS FS. ",24258,,,,,,,Case Rate,". MPL 100/50/25% all add ons apply, and lesser of 100% of billed charges",5658.13,,,,,,,Fee Schedule,135 percent of Medicaid APG. otherwise 135% of Ordered NYS MCD FS or 135% of ASP+6%,24258,,,,,,,Case Rate,". MPL 100/50/25% all add ons apply, and lesser of 100% of billed charges",,200,,,,,0,Case Rate,200% of Medicare OPPS. ; No services were performed during the 15 month look back period.,8453.18,,,,,,,Case Rate,"100%Medicare OPPS FS. ",22755,,,,,,,Case Rate,". ",22755,,,,,,,Case Rate,". ",22755,,,,,,,Case Rate,". ",22755,,,,,,,Case Rate,". ",22755,,,,,,,Case Rate,". ",26771,,,,,,,Case Rate,". Primary procedure pays at 100%, all subsequent at 50%.",26771,,,,,,,Case Rate,". Primary procedure pays at 100%, all subsequent at 50%.",22755,,,,,,,Case Rate,". ",22755,,,,,,,Case Rate,". ",22755,,,,,,,Case Rate,". ",22755,,,,,,,Case Rate,". ",22755,,,,,,,Case Rate,". ",8453.18,,,,,,,Case Rate,"100% Medicare OPPS FS. ",26771,,,,,,,Case Rate,". Primary procedure pays at 100%, all subsequent at 50%.",8453.18,,,,,,,Case Rate,"100% Medicare OPPS FS. ",9430.22,,,,,,,Case Rate,"225 Percent of Medicaid APG. If not included in Medicaid APG, then 100 Percent of Manhattan Medicare",4191.21,,,,,,,Case Rate,"100 Percent of Medicaid APG. ",64992.14,,,,,,,Case Rate,". MPL 100/50/25% all add ons apply, and lesser of 100% of billed charges",64992.14,,,,,,,Case Rate,". MPL 100/50/25% all add ons apply, and lesser of 100% of billed charges",8453.18,,,,,,,Case Rate,"100% Medicare OPPS FS. ",42813,,,,,,,Case Rate,". Primary procedure pays at 100%, all subsequent at 50%.",8453.18,,,,,,,Case Rate,"100% Medicare OPPS FS. ",8453.18,,,,,,,Case Rate,"100% Medicare OPPS FS. ",41064,,,,,,,Case Rate,". Primary procedure pays at 100%, secondary at 50%, all subsequent at 25%.  Lesser of applies when negotiated rates exceed charges less addons.",8453.18,,,,,,,Case Rate,"100% Medicare OPPS FS. ",28208,,,,,,,Case Rate,". MPL 100/50/25% maxmium of 3 procedures. All add ons apply, and lesser of 100% of billed charges",8453.18,,,,,,,Case Rate,"100% Medicare OPPS FS. ",28208,,,,,,,Case Rate,". MPL 100/50/25% maxmium of 3 procedures. All add ons apply, and lesser of 100% of billed charges",41064,,,,,,,Case Rate,". Primary procedure pays at 100%, secondary at 50%, all subsequent at 25%.  Lesser of applies when negotiated rates exceed charges less addons.",28208,,,,,,,Case Rate,". MPL 100/50/25% maxmium of 3 procedures. All add ons apply, and lesser of 100% of billed charges",8453.18,,,,,,,Case Rate,"100% Medicare OPPS FS. ",4191.21,,,,,,,Case Rate,"100 Percent of Medicaid APG. ",8453.18,,,,,,,Case Rate,"100% Medicare OPPS FS. ",28208,,,,,,,Case Rate,". MPL 100/50/25% maxmium of 3 procedures. All add ons apply, and lesser of 100% of billed charges",64992.14,,,,,,,Case Rate,". MPL 100/50/25% all add ons apply, and lesser of 100% of billed charges",4191.21,,,,,,,Case Rate,"100 Percent of Medicaid APG. ",24258,,,,,,,Case Rate,". MPL 100/50/25% all add ons apply, and lesser of 100% of billed charges",5029.45,,,,,,,Fee Schedule,"120 Percent of Medicaid APG. ",5029.45,,,,,,,Fee Schedule,"120 Percent of Medicaid APG. ",24258,,,,,,,Case Rate,". MPL 100/50/25% all add ons apply, and lesser of 100% of billed charges",24258,,,,,,,Case Rate,". MPL 100/50/25% all add ons apply, and lesser of 100% of billed charges",24258,,,,,,,Case Rate,". MPL 100/50/25% all add ons apply, and lesser of 100% of billed charges",64992.14,,,,,,,Case Rate,". MPL 100/50/25% all add ons apply, and lesser of 100% of billed charges",24258,,,,,,,Case Rate,". MPL 100/50/25% all add ons apply, and lesser of 100% of billed charges",24258,,,,,,,Case Rate,". MPL 100/50/25% all add ons apply, and lesser of 100% of billed charges",24258,,,,,,,Case Rate,". MPL 100/50/25% all add ons apply, and lesser of 100% of billed charges",22755,,,,,,,Case Rate,". ",22755,,,,,,,Case Rate,". ",16737.29,,,,,,,Case Rate,198 Percent of Medicare OPPS. Metroplus will reimburse unlisted codes and described codes with no Medicare rate at 50 percent of charges.,4191.21,,,,,,,Case Rate,"100 Percent of Medicaid APG. ",64992.14,,,,,,,Case Rate,". MPL 100/50/25% all add ons apply, and lesser of 100% of billed charges",28208,,,,,,,Case Rate,". MPL 100/50/25% maxmium of 3 procedures. All add ons apply, and lesser of 100% of billed charges",41064,,,,,,,Case Rate,". Primary procedure pays at 100%, secondary at 50%, all subsequent at 25%.  Lesser of applies when negotiated rates exceed charges less addons.",64992.14,,,,,,,Case Rate,". MPL 100/50/25% all add ons apply, and lesser of 100% of billed charges",41064,,,,,,,Case Rate,". Primary procedure pays at 100%, secondary at 50%, all subsequent at 25%.  Lesser of applies when negotiated rates exceed charges less addons.",64992.14,,,,,,,Case Rate,". MPL 100/50/25% all add ons apply, and lesser of 100% of billed charges",24258,,,,,,,Case Rate,". MPL 100/50/25% all add ons apply, and lesser of 100% of billed charges",24258,,,,,,,Case Rate,". MPL 100/50/25% all add ons apply, and lesser of 100% of billed charges",24258,,,,,,,Case Rate,". MPL 100/50/25% all add ons apply, and lesser of 100% of billed charges",24258,,,,,,,Case Rate,". MPL 100/50/25% all add ons apply, and lesser of 100% of billed charges",8453.18,,,,,,,Case Rate,"100% Medicare OPPS FS. ",1868.34,64992.14,
64615,CPT,2024583,LOCAL,361,RC,HC CHEMODENERV MUSC MIGRAINE,6346.39,1205.8141,both,,,,2434,,,,,,,Case Rate,". MPL 1st 100% of Payment Rate 50% of all others, all add ons apply, and lesser of 100% of billed charges.",2434,,,,,,,Case Rate,". MPL 1st 100% of Payment Rate 50% of all others, all add ons apply, and lesser of 100% of billed charges.",6593,,,,,,,Case Rate,". Primary procedure pays at 100%, secondary at 50%, all subsequent at 25%.  Lesser of applies when negotiated rates exceed charges less addons.",6346.39,100,,,,,0,percent of total billed charges,100 percent of billed charges. ; No services were performed during the 15 month look back period.,349.3,,,,,,,Case Rate,"100% Medicare OPPS FS. ",6593,,,,,,,Case Rate,". Primary procedure pays at 100%, secondary at 50%, all subsequent at 25%.  Lesser of applies when negotiated rates exceed charges less addons.",6593,,,,,,,Case Rate,". Primary procedure pays at 100%, secondary at 50%, all subsequent at 25%.  Lesser of applies when negotiated rates exceed charges less addons.",6593,,,,,,,Case Rate,". Primary procedure pays at 100%, secondary at 50%, all subsequent at 25%.  Lesser of applies when negotiated rates exceed charges less addons.",840.71,,,,,,,Case Rate,"100 Percent of Medicaid APG. ",700.59,,,,,,,Case Rate,"100 Percent of Medicaid APG. ",4950.1842,78,,,,,0,percent of total billed charges,78% of Billed Charges. Lesser of 100% of billed charges applies.; No services were performed during the 15 month look back period.,4923.38,,,,,,,Case Rate,". MPL 100/50/25% all add ons apply, and lesser of 100% of billed charges",700.59,,,,,,,Case Rate,"100 Percent of Medicaid APG. ",349.3,,,,,,,Case Rate,"100% Medicare OPPS FS. ",,,,,,,,Other,". ",,,,,,,,Other,". ",,,,,,,,Other,". ",,,,,,,,Other,". ",700.59,,,,,,,Case rate,124 Percent of Medicaid APG. Covered services not payable under Medicaid Fee Schedules default to a payment of 50 percent of charges.,349.3,,,,,,,Case Rate,"100% Medicare OPPS FS. ",700.59,,,,,,,Case rate,124 Percent of Medicaid APG. Covered services not payable under Medicaid Fee Schedules default to a payment of 50 percent of charges.,4950.1842,78,,,,,0,percent of total billed charges,78% of Billed Charges. Lesser of 100% of billed charges applies.; No services were performed during the 15 month look back period.,6593,,,,,,,Case Rate,". Primary procedure pays at 100%, secondary at 50%, all subsequent at 25%.  Lesser of applies when negotiated rates exceed charges less addons.",349.3,,,,,,,Case Rate,"100%Medicare OPPS FS. ",4632.8647,73,,,,,0,percent of total billed charges,73 percent of billed charges; No services were performed during the 15 month look back period.,349.3,,,,,,,Case Rate,"100%Medicare OPPS FS. ",349.3,,,,,,,Case Rate,"100%Medicare OPPS FS. ",4950.1842,78,,,,,0,percent of total billed charges,78% of Billed Charges. Lesser of 100% of billed charges applies.; No services were performed during the 15 month look back period.,74.27,,,,,,,Case Rate,100% of PAS. Lesser of 100% of billed charges applies.,74.27,,,,,,,Case Rate,100% of PAS. Lesser of 100% of billed charges applies.,700.59,,,,,,,Case rate,"100 Percent of Medicaid APG. ",700.59,,,,,,,Case rate,"100 Percent of Medicaid APG. ",4632.8647,73,,,,,0,percent of total billed charges,73 percent of billed charges; No services were performed during the 15 month look back period.,4632.8647,73,,,,,0,percent of total billed charges,73 percent of billed charges; No services were performed during the 15 month look back period.,700.59,,,,,,,Case Rate,"100 Percent of Medicaid APG. Not APG payable, or payable under another fee schedule like ASP/AWP pays at 30% of charges",4632.8647,73,,4467.84,4467.84,4467.84,1 through 10,percent of total billed charges,73 percent of billed charges,700.59,,,,,,,Case Rate,"100 Percent of Medicaid APG. Not APG payable, or payable under another fee schedule like ASP/AWP pays at 30% of charges",349.3,,,,,,,Case Rate,"100%Medicare OPPS FS. ",4632.8647,73,,,,,0,percent of total billed charges,73 percent of billed charges; No services were performed during the 15 month look back period.,4950.1842,78,,,,,0,percent of total billed charges,78% of Billed Charges. Lesser of 100% of billed charges applies.; No services were performed during the 15 month look back period.,700.59,,,,,,,Case Rate,"100 Percent of Medicaid APG. ",700.59,,,,,,,Case Rate,"100 Percent of Medicaid APG. ",4950.1842,78,,,,,0,percent of total billed charges,78% of Billed Charges. Lesser of 100% of billed charges applies.; No services were performed during the 15 month look back period.,,,,,,,,Other,". ",4500,,,,,,,Case Rate,". MPL 100/50/25% all add ons apply, and lesser of 100% of billed charges",4500,,,,,,,Case Rate,". MPL 100/50/25% all add ons apply, and lesser of 100% of billed charges",4950.1842,78,,,,,0,percent of total billed charges,78% of Billed Charges. Lesser of 100% of billed charges applies.; No services were performed during the 15 month look back period.,349.3,,,,,,,Case Rate,"100% Medicare OPPS FS. ",4923.38,,,,,,,Case Rate,". MPL 100/50/25% all add ons apply, and lesser of 100% of billed charges",4923.38,,,,,,,Case Rate,". MPL 100/50/25% all add ons apply, and lesser of 100% of billed charges",4923.38,,,,,,,Case Rate,". MPL 100/50/25% all add ons apply, and lesser of 100% of billed charges",349.3,,,,,,,Case Rate,"100% Medicare OPPS FS. ",4923.38,,,,,,,Case Rate,". MPL 100/50/25% all add ons apply, and lesser of 100% of billed charges",4923.38,,,,,,,Case Rate,". MPL 100/50/25% all add ons apply, and lesser of 100% of billed charges",349.3,,,,,,,Case Rate,"100% of Medicare OPPS. ",25798,,,,,,,Case Rate,". MPL 100/75/50% all add ons apply, and lesser of 100% of billed charges",4100,,,,,,,Case Rate,". MPL 100/50/25% all add ons apply, and lesser of 100% of billed charges",4100,,,,,,,Case Rate,". MPL 100/50/25% all add ons apply, and lesser of 100% of billed charges",4100,,,,,,,Case Rate,". MPL 100/50/25% all add ons apply, and lesser of 100% of billed charges",4100,,,,,,,Case Rate,". MPL 100/50/25% all add ons apply, and lesser of 100% of billed charges",4100,,,,,,,Case Rate,". MPL 100/50/25% all add ons apply, and lesser of 100% of billed charges",4100,,,,,,,Case Rate,". MPL 100/50/25% all add ons apply, and lesser of 100% of billed charges",349.3,,,,,,,Case Rate,"100% Medicare OPPS FS. ",349.3,,,,,,,Case Rate,"100% Medicare OPPS FS. ",4100,,,,,,,Case Rate,". MPL 100/50/25% all add ons apply, and lesser of 100% of billed charges",4950.1842,78,,,,,0,percent of total billed charges,78% of Billed Charges. Lesser of 100% of billed charges applies.; No services were performed during the 15 month look back period.,4950.1842,78,,,,,0,percent of total billed charges,78% of Billed Charges. Lesser of 100% of billed charges applies.; No services were performed during the 15 month look back period.,4950.1842,78,,,,,0,percent of total billed charges,78% of Billed Charges. Lesser of 100% of billed charges applies.; No services were performed during the 15 month look back period.,4950.1842,78,,,,,0,percent of total billed charges,78% of Billed Charges. Lesser of 100% of billed charges applies.; No services were performed during the 15 month look back period.,4950.1842,78,,,,,0,percent of total billed charges,78% of Billed Charges. Lesser of 100% of billed charges applies.; No services were performed during the 15 month look back period.,4950.1842,78,,,,,0,percent of total billed charges,78% of Billed Charges. Lesser of 100% of billed charges applies.; No services were performed during the 15 month look back period.,4950.1842,78,,,,,0,percent of total billed charges,78% of Billed Charges. Lesser of 100% of billed charges applies.; No services were performed during the 15 month look back period.,4950.1842,78,,,,,0,percent of total billed charges,78% of Billed Charges. Lesser of 100% of billed charges applies.; No services were performed during the 15 month look back period.,4950.1842,78,,,,,0,percent of total billed charges,78% of Billed Charges. Lesser of 100% of billed charges applies.; No services were performed during the 15 month look back period.,4950.1842,78,,,,,0,percent of total billed charges,78% of Billed Charges. Lesser of 100% of billed charges applies.; No services were performed during the 15 month look back period.,4950.1842,78,,,,,0,percent of total billed charges,78% of Billed Charges. Lesser of 100% of billed charges applies.; No services were performed during the 15 month look back period.,4950.1842,78,,,,,0,percent of total billed charges,78% of Billed Charges. Lesser of 100% of billed charges applies.; No services were performed during the 15 month look back period.,4950.1842,78,,,,,0,percent of total billed charges,78% of Billed Charges. Lesser of 100% of billed charges applies.; No services were performed during the 15 month look back period.,4950.1842,78,,,,,0,percent of total billed charges,78% of Billed Charges. Lesser of 100% of billed charges applies.; No services were performed during the 15 month look back period.,4950.1842,78,,,,,0,percent of total billed charges,78% of Billed Charges. Lesser of 100% of billed charges applies.; No services were performed during the 15 month look back period.,4950.1842,78,,,,,0,percent of total billed charges,78% of Billed Charges. Lesser of 100% of billed charges applies.; No services were performed during the 15 month look back period.,4950.1842,78,,,,,0,percent of total billed charges,78% of Billed Charges. Lesser of 100% of billed charges applies.; No services were performed during the 15 month look back period.,4950.1842,78,,,,,0,percent of total billed charges,78% of Billed Charges. Lesser of 100% of billed charges applies.; No services were performed during the 15 month look back period.,4950.1842,78,,,,,0,percent of total billed charges,78% of Billed Charges. Lesser of 100% of billed charges applies.; No services were performed during the 15 month look back period.,4950.1842,78,,,,,0,percent of total billed charges,78% of Billed Charges. Lesser of 100% of billed charges applies.; No services were performed during the 15 month look back period.,4950.1842,78,,,,,0,percent of total billed charges,78% of Billed Charges. Lesser of 100% of billed charges applies.; No services were performed during the 15 month look back period.,4950.1842,78,,,,,0,percent of total billed charges,78% of Billed Charges. Lesser of 100% of billed charges applies.; No services were performed during the 15 month look back period.,4950.1842,78,,,,,0,percent of total billed charges,78% of Billed Charges. Lesser of 100% of billed charges applies.; No services were performed during the 15 month look back period.,4950.1842,78,,,,,0,percent of total billed charges,78% of Billed Charges. Lesser of 100% of billed charges applies.; No services were performed during the 15 month look back period.,4950.1842,78,,,,,0,percent of total billed charges,78% of Billed Charges. Lesser of 100% of billed charges applies.; No services were performed during the 15 month look back period.,4950.1842,78,,,,,0,percent of total billed charges,78% of Billed Charges. Lesser of 100% of billed charges applies.; No services were performed during the 15 month look back period.,4632.8647,73,,,,,0,percent of total billed charges,73 percent of billed charges; No services were performed during the 15 month look back period.,4632.8647,73,,,,,0,percent of total billed charges,73 percent of billed charges; No services were performed during the 15 month look back period.,4632.8647,73,,,,,0,percent of total billed charges,73 percent of billed charges; No services were performed during the 15 month look back period.,4632.8647,73,,,,,0,percent of total billed charges,73 percent of billed charges; No services were performed during the 15 month look back period.,12574,,,,,,,Case Rate,". Primary procedure pays at 100%, all subsequent at 50%.",12574,,,,,,,Case Rate,". Primary procedure pays at 100%, all subsequent at 50%.",,,,,,,,Other,". ",4100,,,,,,,Case Rate,". MPL 100/50/25% all add ons apply, and lesser of 100% of billed charges",4923.38,,,,,,,Case Rate,". MPL 100/50/25% all add ons apply, and lesser of 100% of billed charges",4100,,,,,,,Case Rate,". MPL 100/50/25% all add ons apply, and lesser of 100% of billed charges",4950.1842,78,,,,,0,percent of total billed charges,78% of Billed Charges. Lesser of 100% of billed charges applies.; No services were performed during the 15 month look back period.,12574,,,,,,,Case Rate,". Primary procedure pays at 100%, all subsequent at 50%.",4100,,,,,,,Case Rate,". MPL 100/50/25% all add ons apply, and lesser of 100% of billed charges",4923.38,,,,,,,Case Rate,". MPL 100/50/25% all add ons apply, and lesser of 100% of billed charges",,,,,,,,Other,". ",,,,,,,,,"NA. ",4950.1842,78,,,,,0,percent of total billed charges,78% of Billed Charges. Lesser of 100% of billed charges applies.; No services were performed during the 15 month look back period.,700.59,,,,,,,Case Rate,"100 Percent of Medicaid APG. ",4632.8647,73,,,,,0,percent of total billed charges,73 percent of billed charges; No services were performed during the 15 month look back period.,700.59,,,,,,,Case Rate,"100 Percent of Medicaid APG. Not APG payable, or payable under another fee schedule like ASP/AWP pays at 30% of charges",349.3,,,,,,,Case Rate,"100%Medicare OPPS FS. ",349.3,,,,,,,Case Rate,"100% Medicare OPPS FS. ",25798,,,,,,,Case Rate,". MPL 100/75/50% all add ons apply, and lesser of 100% of billed charges",349.3,,,,,,,Case Rate,"100% Medicare OPPS FS. ",349.3,,,,,,,Case Rate,"100% Medicare OPPS FS. ",700.59,,,,,,,Case Rate,"100 Percent of Medicaid APG. ",349.3,,,,,,,Case Rate,"100% Medicare OPPS FS. ",349.3,,,,,,,Case Rate,"100% Medicare OPPS FS. ",6593,,,,,,,Case Rate,". Primary procedure pays at 100%, secondary at 50%, all subsequent at 25%.  Lesser of applies when negotiated rates exceed charges less addons.",6593,,,,,,,Case Rate,". Primary procedure pays at 100%, secondary at 50%, all subsequent at 25%.  Lesser of applies when negotiated rates exceed charges less addons.",349.3,,,,,,,Case Rate,"100% Medicare OPPS FS. ",,,,,,,,Other,". ",4923.38,,,,,,,Case Rate,". MPL 100/50/25% all add ons apply, and lesser of 100% of billed charges",4923.38,,,,,,,Case Rate,". MPL 100/50/25% all add ons apply, and lesser of 100% of billed charges",349.3,,,,,,,Case Rate,"100% Medicare OPPS FS. ",,,,,,,,Other,". ",6593,,,,,,,Case Rate,". Primary procedure pays at 100%, secondary at 50%, all subsequent at 25%.  Lesser of applies when negotiated rates exceed charges less addons.",6593,,,,,,,Case Rate,". Primary procedure pays at 100%, secondary at 50%, all subsequent at 25%.  Lesser of applies when negotiated rates exceed charges less addons.",6593,,,,,,,Case Rate,". Primary procedure pays at 100%, secondary at 50%, all subsequent at 25%.  Lesser of applies when negotiated rates exceed charges less addons.",4950.1842,78,,,,,0,percent of total billed charges,78% of Billed Charges. Lesser of 100% of billed charges applies.; No services were performed during the 15 month look back period.,4950.1842,78,,,,,0,percent of total billed charges,78% of Billed Charges. Lesser of 100% of billed charges applies.; No services were performed during the 15 month look back period.,4950.1842,78,,,,,0,percent of total billed charges,78% of Billed Charges. Lesser of 100% of billed charges applies.; No services were performed during the 15 month look back period.,4950.1842,78,,,,,0,percent of total billed charges,78% of Billed Charges. Lesser of 100% of billed charges applies.; No services were performed during the 15 month look back period.,4950.1842,78,,,,,0,percent of total billed charges,78% of Billed Charges. Lesser of 100% of billed charges applies.; No services were performed during the 15 month look back period.,4950.1842,78,,,,,0,percent of total billed charges,78% of Billed Charges. Lesser of 100% of billed charges applies.; No services were performed during the 15 month look back period.,4950.1842,78,,,,,0,percent of total billed charges,78% of Billed Charges. Lesser of 100% of billed charges applies.; No services were performed during the 15 month look back period.,4950.1842,78,,,,,0,percent of total billed charges,78% of Billed Charges. Lesser of 100% of billed charges applies.; No services were performed during the 15 month look back period.,4950.1842,78,,,,,0,percent of total billed charges,78% of Billed Charges. Lesser of 100% of billed charges applies.; No services were performed during the 15 month look back period.,4950.1842,78,,,,,0,percent of total billed charges,78% of Billed Charges. Lesser of 100% of billed charges applies.; No services were performed during the 15 month look back period.,4950.1842,78,,,,,0,percent of total billed charges,78% of Billed Charges. Lesser of 100% of billed charges applies.; No services were performed during the 15 month look back period.,12574,,,,,,,Case Rate,". Primary procedure pays at 100%, all subsequent at 50%.",4100,,,,,,,Case Rate,". MPL 100/50/25% all add ons apply, and lesser of 100% of billed charges",,,,,,,,Other,". ",349.3,,,,,,,Case Rate,"100% Medicare OPPS FS. ",6593,,,,,,,Case Rate,". Primary procedure pays at 100%, secondary at 50%, all subsequent at 25%.  Lesser of applies when negotiated rates exceed charges less addons.",,,,,,,,Other,". ",,,,,,,,Other,". ",4950.1842,78,,,,,0,percent of total billed charges,78% of Billed Charges. Lesser of 100% of billed charges applies.; No services were performed during the 15 month look back period.,1499.26,,,,,,,Case Rate,"214 Percent of Medicaid APG. Drugs not priced under APG, billed with revenue code 636 and not priced by Medicare ASP FeeSched will be reimbursed at 20% of charges.",,,,,,,,Other,". ",700.59,,,,,,,Case Rate,"100 Percent of Medicaid APG. ",349.3,,,,,,,Case Rate,"100% Medicare OPPS FS. ",349.3,,,,,,,Case Rate,"100% Medicare OPPS FS. ",349.3,,,,,,,Case Rate,"100% Medicare OPPS FS. ",349.3,,,,,,,Case Rate,"100% Medicare OPPS FS. ",349.3,,,,,,,Case Rate,"100% Medicare OPPS FS. ",349.3,,,,,,,Case Rate,"100% Medicare OPPS FS. ",,,,,,,,Other,". ",25798,,,,,,,Case Rate,". MPL 100/75/50% all add ons apply, and lesser of 100% of billed charges",1261.06,,,,,,,Fee Schedule,"180 Percent of Medicaid APG. ",1261.06,,,,,,,Fee Schedule,"180 Percent of Medicaid APG. ",1261.06,,,,,,,Fee Schedule,"180 Percent of Medicaid APG. ",1261.06,,,,,,,Fee Schedule,"180 Percent of Medicaid APG. ",1261.06,,,,,,,Fee Schedule,"180 Percent of Medicaid APG. ",,,,,,,,,"NA. ",25798,,,,,,,Case Rate,". MPL 100/75/50% all add ons apply, and lesser of 100% of billed charges",691.61,,,,,,,Case Rate,198 Percent of Medicare OPPS. Metroplus will reimburse unlisted codes and described codes with no Medicare rate at 50 percent of charges.,691.61,,,,,,,Case Rate,198 Percent of Medicare OPPS. Metroplus will reimburse unlisted codes and described codes with no Medicare rate at 50 percent of charges.,691.61,,,,,,,Case Rate,198 Percent of Medicare OPPS. Metroplus will reimburse unlisted codes and described codes with no Medicare rate at 50 percent of charges.,691.61,,,,,,,Case Rate,198 Percent of Medicare OPPS. Metroplus will reimburse unlisted codes and described codes with no Medicare rate at 50 percent of charges.,691.61,,,,,,,Case Rate,198 Percent of Medicare OPPS. Metroplus will reimburse unlisted codes and described codes with no Medicare rate at 50 percent of charges.,349.3,,,,,,,Case Rate,"100% Medicare OPPS FS. ",12574,,,,,,,Case Rate,". Primary procedure pays at 100%, all subsequent at 50%.",12574,,,,,,,Case Rate,". Primary procedure pays at 100%, all subsequent at 50%.",12574,,,,,,,Case Rate,". Primary procedure pays at 100%, all subsequent at 50%.",12574,,,,,,,Case Rate,". Primary procedure pays at 100%, all subsequent at 50%.",6593,,,,,,,Case Rate,". Primary procedure pays at 100%, secondary at 50%, all subsequent at 25%.  Lesser of applies when negotiated rates exceed charges less addons.",6593,,,,,,,Case Rate,". Primary procedure pays at 100%, secondary at 50%, all subsequent at 25%.  Lesser of applies when negotiated rates exceed charges less addons.",6593,,,,,,,Case Rate,". Primary procedure pays at 100%, secondary at 50%, all subsequent at 25%.  Lesser of applies when negotiated rates exceed charges less addons.",6593,,,,,,,Case Rate,". Primary procedure pays at 100%, secondary at 50%, all subsequent at 25%.  Lesser of applies when negotiated rates exceed charges less addons.",25798,,,,,,,Case Rate,". MPL 100/75/50% all add ons apply, and lesser of 100% of billed charges",25798,,,,,,,Case Rate,". MPL 100/75/50% all add ons apply, and lesser of 100% of billed charges",349.3,,,,,,,Case Rate,"100% Medicare OPPS FS. ",349.3,,,,,,,Case Rate,"100% Medicare OPPS FS. ",349.3,,,,,,,Case Rate,"100% Medicare OPPS FS. ",4100,,,,,,,Case Rate,". MPL 100/50/25% all add ons apply, and lesser of 100% of billed charges",4100,,,,,,,Case Rate,". MPL 100/50/25% all add ons apply, and lesser of 100% of billed charges",4100,,,,,,,Case Rate,". MPL 100/50/25% all add ons apply, and lesser of 100% of billed charges",25798,,,,,,,Case Rate,". MPL 100/75/50% all add ons apply, and lesser of 100% of billed charges",6593,,,,,,,Case Rate,". Primary procedure pays at 100%, secondary at 50%, all subsequent at 25%.  Lesser of applies when negotiated rates exceed charges less addons.",349.3,,,,,,,Case Rate,"100% Medicare OPPS FS. ",4100,,,,,,,Case Rate,". MPL 100/50/25% all add ons apply, and lesser of 100% of billed charges",700.59,,,,,,,Case Rate,"100 Percent of Medicaid APG. ",356.28,,,,,,,Case Rate,"102% of Medicare OPPS. ",356.28,,,,,,,Case Rate,"102% of Medicare OPPS. ",356.28,,,,,,,Case Rate,"102% of Medicare OPPS. ",700.59,,,,,,,Case rate,"100 Percent of Medicaid APG. ",1576.32,,,,,,,Case Rate,225% of NYS APG. Lesser of 100% of billed charges applies.,1576.32,,,,,,,Case Rate,225% of NYS APG. Lesser of 100% of billed charges applies.,1576.32,,,,,,,Case Rate,225% of NYS APG. Lesser of 100% of billed charges applies.,1576.32,,,,,,,Case Rate,225% of NYS APG. Lesser of 100% of billed charges applies.,1576.32,,,,,,,Case Rate,225% of NYS APG. Lesser of 100% of billed charges applies.,356.28,,,,,,,Case Rate,"102% of Medicare OPPS. ",700.59,,,,,,,Case Rate,"100 Percent of Medicaid APG. ",74.27,,,,,,,Case Rate,100% of PAS. Lesser of 100% of billed charges applies.,1576.32,,,,,,,Case Rate,225% of NYS APG. Lesser of 100% of billed charges applies.,1576.32,,,,,,,Case Rate,225% of NYS APG. Lesser of 100% of billed charges applies.,74.27,,,,,,,Case Rate,100% of PAS. Lesser of 100% of billed charges applies.,74.27,,,,,,,Case Rate,100% of PAS. Lesser of 100% of billed charges applies.,1261.06,,,,,,,Fee Schedule,"180 Percent of Medicaid APG. ",349.3,,,,,,,Case Rate,"100% Medicare OPPS FS. ",349.3,,,,,,,Case Rate,"100% Medicare OPPS FS. ",6593,,,,,,,Case Rate,". Primary procedure pays at 100%, secondary at 50%, all subsequent at 25%.  Lesser of applies when negotiated rates exceed charges less addons.",349.3,,,,,,,Case Rate,"100% Medicare OPPS FS. ",1576.32,,,,,,,Case Rate,"225 Percent of Medicaid APG. ",1576.32,,,,,,,Case Rate,"225 Percent of Medicaid APG. ",700.59,,,,,,,Case rate,"100 Percent of Medicaid APG. ",700.59,,,,,,,Case rate,"100 Percent of Medicaid APG. ",1576.32,,,,,,,Case Rate,225 Percent of Medicaid APG. Covered services not payable under Medicaid Fee Schedules default to a payment of 87.5 percent of charges.,700.59,,,,,,,Case rate,124 Percent of Medicaid APG. Covered services not payable under Medicaid Fee Schedules default to a payment of 50 percent of charges.,1576.32,,,,,,,Case Rate,"100 Percent of Medicaid APG. ",1576.32,,,,,,,Case Rate,"100 Percent of Medicaid APG. ",1576.32,,,,,,,Case Rate,"100 Percent of Medicaid APG. ",1576.32,,,,,,,Case Rate,"100 Percent of Medicaid APG. ",13453,,,,,,,Case Rate,". MPL 100/75/50% all add ons apply, and lesser of 100% of billed charges",25798,,,,,,,Case Rate,". MPL 100/75/50% all add ons apply, and lesser of 100% of billed charges",840.71,,,,,,,Case Rate,"120 Percent of Medicaid APG. Not APG payable, or payable under another fee schedule like ASP/AWP pays at 30% of charges",840.71,,,,,,,Case Rate,"120 Percent of Medicaid APG. Not APG payable, or payable under another fee schedule like ASP/AWP pays at 30% of charges",700.59,,,,,,,Case Rate,"100 Percent of Medicaid APG. Not APG payable, or payable under another fee schedule like ASP/AWP pays at 30% of charges",700.59,,,,,,,Case Rate,"100 Percent of Medicaid APG. Not APG payable, or payable under another fee schedule like ASP/AWP pays at 30% of charges",4100,,,,,,,Case Rate,". MPL 100/50/25% all add ons apply, and lesser of 100% of billed charges",4100,,,,,,,Case Rate,". MPL 100/50/25% all add ons apply, and lesser of 100% of billed charges",349.3,,,,,,,Case Rate,"100% Medicare OPPS FS. ",4100,,,,,,,Case Rate,". MPL 100/50/25% all add ons apply, and lesser of 100% of billed charges",4100,,,,,,,Case Rate,". MPL 100/50/25% all add ons apply, and lesser of 100% of billed charges",4100,,,,,,,Case Rate,". MPL 100/50/25% all add ons apply, and lesser of 100% of billed charges",4100,,,,,,,Case Rate,". MPL 100/50/25% all add ons apply, and lesser of 100% of billed charges",349.3,,,,,,,Case Rate,"100% Medicare OPPS FS. ",4100,,,,,,,Case Rate,". MPL 100/50/25% all add ons apply, and lesser of 100% of billed charges",4100,,,,,,,Case Rate,". MPL 100/50/25% all add ons apply, and lesser of 100% of billed charges",6593,,,,,,,Case Rate,". Primary procedure pays at 100%, secondary at 50%, all subsequent at 25%.  Lesser of applies when negotiated rates exceed charges less addons.",700.59,,,,,,,Fee Schedule,100% APG. Lesser of 100% of billed charges applies.,700.59,,,,,,,Case rate,124 Percent of Medicaid APG. Covered services not payable under Medicaid Fee Schedules default to a payment of 50 percent of charges.,1576.32,,,,,,,Case Rate,225% of NYS APG. Lesser of 100% of billed charges applies.,1576.32,,,,,,,Case Rate,225 Percent of Medicaid APG. Covered services not payable under Medicaid Fee Schedules default to a payment of 87.5 percent of charges.,700.59,,,,,,,Case rate,124 Percent of Medicaid APG. Covered services not payable under Medicaid Fee Schedules default to a payment of 50 percent of charges.,1576.32,,,,,,,Case Rate,225% of NYS APG. Lesser of 100% of billed charges applies.,1576.32,,,,,,,Case Rate,225% of NYS APG. Lesser of 100% of billed charges applies.,1576.32,,,,,,,Case Rate,225% of NYS APG. Lesser of 100% of billed charges applies.,1576.32,,,,,,,Case Rate,225% of NYS APG. Lesser of 100% of billed charges applies.,1576.32,,,,,,,Case Rate,225% of NYS APG. Lesser of 100% of billed charges applies.,1576.32,,,,,,,Case Rate,225% of NYS APG. Lesser of 100% of billed charges applies.,,,,,,,,,"NA. ",,,,,,,,,"NA. ",,,,,,,,,"NA. ",,,,,,,,Other,". ",,,,,,,,,"NA. ",349.3,,,,,,,Case Rate,"100% Medicare OPPS FS. ",2434,,,,,,,Case Rate,". MPL 1st 100% of Payment Rate 50% of all others, all add ons apply, and lesser of 100% of billed charges.",349.3,,,,,,,Case Rate,"100% Medicare OPPS FS. ",349.3,,,,,,,Case Rate,"100% Medicare OPPS FS. ",840.71,,,,,,,Case Rate,"120 Percent of Medicaid APG. Not APG payable, or payable under another fee schedule like ASP/AWP pays at 30% of charges",840.71,,,,,,,Case Rate,"120 Percent of Medicaid APG. Not APG payable, or payable under another fee schedule like ASP/AWP pays at 30% of charges",700.59,,,,,,,Case Rate,"100 Percent of Medicaid APG. Not APG payable, or payable under another fee schedule like ASP/AWP pays at 30% of charges",700.59,,,,,,,Case Rate,"100 Percent of Medicaid APG. Not APG payable, or payable under another fee schedule like ASP/AWP pays at 30% of charges",700.59,,,,,,,Case Rate,"100 Percent of Medicaid APG. ",4632.8647,73,,,,,0,percent of total billed charges,73 percent of billed charges; No services were performed during the 15 month look back period.,6593,,,,,,,Case Rate,". Primary procedure pays at 100%, secondary at 50%, all subsequent at 25%.  Lesser of applies when negotiated rates exceed charges less addons.",4632.8647,73,,,,,0,percent of total billed charges,73 percent of billed charges; No services were performed during the 15 month look back period.,,,,,,,,Other,". ",349.3,,,,,,,Case Rate,"100%Medicare OPPS FS. ",349.3,,,,,,,Case Rate,"100% Medicare OPPS FS. ",349.3,,,,,,,Case Rate,"100% Medicare OPPS FS. ",349.3,,,,,,,Case Rate,"100% Medicare OPPS FS. ",349.3,,,,,,,Case Rate,"100%Medicare OPPS FS. ",349.3,,,,,,,Case Rate,"100% Medicare OPPS FS. ",,,,,,,,,"NA. ",1576.32,,,,,,,Case Rate,225% of NYS APG. Lesser of 100% of billed charges applies.,74.27,,,,,,,Case Rate,100% of PAS. Lesser of 100% of billed charges applies.,4100,,,,,,,Case Rate,". MPL 100/50/25% all add ons apply, and lesser of 100% of billed charges",4632.8647,73,,,,,0,percent of total billed charges,73 percent of billed charges; No services were performed during the 15 month look back period.,4632.8647,73,,,,,0,percent of total billed charges,73 percent of billed charges; No services were performed during the 15 month look back period.,4632.8647,73,,,,,0,percent of total billed charges,73 percent of billed charges; No services were performed during the 15 month look back period.,4632.8647,73,,,,,0,percent of total billed charges,73 percent of billed charges; No services were performed during the 15 month look back period.,349.3,,,,,,,Case Rate,"100% Medicare OPPS FS. ",700.59,,,,,,,Case Rate,"100 Percent of Medicaid APG. ",4100,,,,,,,Case Rate,". MPL 100/50/25% all add ons apply, and lesser of 100% of billed charges",700.59,,,,,,,Case Rate,"100 Percent of Medicaid APG. ",349.3,,,,,,,Case Rate,"100% Medicare OPPS FS. ",700.59,,,,,,,Case Rate,"100 Percent of Medicaid APG. ",349.3,,,,,,,Case Rate,"100% Medicare OPPS FS. ",349.3,,,,,,,Case Rate,"100% Medicare OPPS FS. ",700.59,,,,,,,Case Rate,"100 Percent of Medicaid APG. ",700.59,,,,,,,Case Rate,"100 Percent of Medicaid APG. ",4632.8647,73,,,,,0,percent of total billed charges,73 percent of billed charges; No services were performed during the 15 month look back period.,,,,,,,,Other,". ",4950.1842,78,,,,,0,percent of total billed charges,78% of Billed Charges. Lesser of 100% of billed charges applies.; No services were performed during the 15 month look back period.,4923.38,,,,,,,Case Rate,". MPL 100/50/25% all add ons apply, and lesser of 100% of billed charges",4923.38,,,,,,,Case Rate,". MPL 100/50/25% all add ons apply, and lesser of 100% of billed charges",6593,,,,,,,Case Rate,". Primary procedure pays at 100%, secondary at 50%, all subsequent at 25%.  Lesser of applies when negotiated rates exceed charges less addons.",349.3,,,,,,,Case Rate,"83% HF Fee schedule. ",12574,,,,,,,Case Rate,". Primary procedure pays at 100%, all subsequent at 50%.",12574,,,,,,,Case Rate,". Primary procedure pays at 100%, all subsequent at 50%.",3280,,,,,,,Case Rate,". MPL 100/50/25% all add ons apply, and lesser of 100% of billed charges",3280,,,,,,,Case Rate,". MPL 100/50/25% all add ons apply, and lesser of 100% of billed charges",349.3,,,,,,,Case Rate,"100% Medicare OPPS FS. ",349.3,,,,,,,Case Rate,"100% Medicare OPPS FS. ",349.3,,,,,,,Case Rate,"100% Medicare OPPS FS. ",349.3,,,,,,,Case Rate,"100% Medicare OPPS FS. ",4923.38,,,,,,,Case Rate,". MPL 100/50/25% all add ons apply, and lesser of 100% of billed charges",4100,,,,,,,Case Rate,". MPL 100/50/25% all add ons apply, and lesser of 100% of billed charges",4100,,,,,,,Case Rate,". MPL 100/50/25% all add ons apply, and lesser of 100% of billed charges",349.3,,,,,,,Case Rate,"100% Medicare OPPS FS. ",3280,,,,,,,Case Rate,". MPL 100/50/25% all add ons apply, and lesser of 100% of billed charges",4632.8647,73,,,,,0,percent of total billed charges,73 percent of billed charges; No services were performed during the 15 month look back period.,840.71,,,,,,,Fee Schedule,"120 Percent of Medicaid APG. ",700.59,,,,,,,Case Rate,"100 Percent of Medicaid APG. ",4632.8647,73,,,,,0,percent of total billed charges,73 percent of billed charges; No services were performed during the 15 month look back period.,3690,,,,,,,Case Rate,". MPL 100/50/25% all add ons apply, and lesser of 100% of billed charges",3690,,,,,,,Case Rate,". MPL 100/50/25% all add ons apply, and lesser of 100% of billed charges",4100,,,,,,,Case Rate,". MPL 100/50/25% all add ons apply, and lesser of 100% of billed charges",14948,,,,,,,Case Rate,". MPL 100/75/50% all add ons apply, and lesser of 100% of billed charges",349.3,,,,,,,Case Rate,"100%Medicare OPPS FS. ",735.62,,,,,,,Fee Schedule,105 percent of Medicaid APG. otherwise 105% of Ordered NYS MCD FS or 105% of ASP+6%,735.62,,,,,,,Fee Schedule,105 percent of Medicaid APG. otherwise 105% of Ordered NYS MCD FS or 105% of ASP+6%,735.62,,,,,,,Fee Schedule,105 percent of Medicaid APG. otherwise 105% of Ordered NYS MCD FS or 105% of ASP+6%,945.79,,,,,,,Fee Schedule,135 percent of Medicaid APG. otherwise 135% of Ordered NYS MCD FS or 135% of ASP+6%,4923.38,,,,,,,Case Rate,". MPL 100/50/25% all add ons apply, and lesser of 100% of billed charges",735.62,,,,,,,Fee Schedule,105 percent of Medicaid APG. otherwise 105% of Ordered NYS MCD FS or 105% of ASP+6%,735.62,,,,,,,Fee Schedule,105 percent of Medicaid APG. otherwise 105% of Ordered NYS MCD FS or 105% of ASP+6%,735.62,,,,,,,Fee Schedule,105 percent of Medicaid APG. otherwise 105% of Ordered NYS MCD FS or 105% of ASP+6%,735.62,,,,,,,Fee Schedule,105 percent of Medicaid APG. otherwise 105% of Ordered NYS MCD FS or 105% of ASP+6%,735.62,,,,,,,Fee Schedule,105 percent of Medicaid APG. otherwise 105% of Ordered NYS MCD FS or 105% of ASP+6%,945.79,,,,,,,Fee Schedule,135 percent of Medicaid APG. otherwise 135% of Ordered NYS MCD FS or 135% of ASP+6%,945.79,,,,,,,Fee Schedule,135 percent of Medicaid APG. otherwise 135% of Ordered NYS MCD FS or 135% of ASP+6%,349.3,,,,,,,Case Rate,"100% Medicare OPPS FS. ",4923.38,,,,,,,Case Rate,". MPL 100/50/25% all add ons apply, and lesser of 100% of billed charges",349.3,,,,,,,Case Rate,"100% Medicare OPPS FS. ",735.62,,,,,,,Fee Schedule,105 percent of Medicaid APG. otherwise 105% of Ordered NYS MCD FS or 105% of ASP+6%,4100,,,,,,,Case Rate,". MPL 100/50/25% all add ons apply, and lesser of 100% of billed charges",349.3,,,,,,,Case Rate,"100% Medicare OPPS FS. ",4100,,,,,,,Case Rate,". MPL 100/50/25% all add ons apply, and lesser of 100% of billed charges",4100,,,,,,,Case Rate,". MPL 100/50/25% all add ons apply, and lesser of 100% of billed charges",4100,,,,,,,Case Rate,". MPL 100/50/25% all add ons apply, and lesser of 100% of billed charges",735.62,,,,,,,Fee Schedule,105 percent of Medicaid APG. otherwise 105% of Ordered NYS MCD FS or 105% of ASP+6%,349.3,,,,,,,Case Rate,"100% Medicare OPPS FS. ",4100,,,,,,,Case Rate,". MPL 100/50/25% all add ons apply, and lesser of 100% of billed charges",945.79,,,,,,,Fee Schedule,135 percent of Medicaid APG. otherwise 135% of Ordered NYS MCD FS or 135% of ASP+6%,4100,,,,,,,Case Rate,". MPL 100/50/25% all add ons apply, and lesser of 100% of billed charges",12692.78,200,,,,,0,Case Rate,200% of Medicare OPPS. ; No services were performed during the 15 month look back period.,349.3,,,,,,,Case Rate,"100%Medicare OPPS FS. ",4632.8647,73,,,,,0,percent of total billed charges,73 percent of billed charges; No services were performed during the 15 month look back period.,4632.8647,73,,,,,0,percent of total billed charges,73 percent of billed charges; No services were performed during the 15 month look back period.,4632.8647,73,,,,,0,percent of total billed charges,73 percent of billed charges; No services were performed during the 15 month look back period.,4632.8647,73,,,,,0,percent of total billed charges,73 percent of billed charges; No services were performed during the 15 month look back period.,4632.8647,73,,,,,0,percent of total billed charges,73 percent of billed charges; No services were performed during the 15 month look back period.,4632.8647,73,,,,,0,percent of total billed charges,73 percent of billed charges; No services were performed during the 15 month look back period.,4632.8647,73,,,,,0,percent of total billed charges,73 percent of billed charges; No services were performed during the 15 month look back period.,4632.8647,73,,,,,0,percent of total billed charges,73 percent of billed charges; No services were performed during the 15 month look back period.,4632.8647,73,,,,,0,percent of total billed charges,73 percent of billed charges; No services were performed during the 15 month look back period.,4632.8647,73,,,,,0,percent of total billed charges,73 percent of billed charges; No services were performed during the 15 month look back period.,4632.8647,73,,,,,0,percent of total billed charges,73 percent of billed charges; No services were performed during the 15 month look back period.,4632.8647,73,,,,,0,percent of total billed charges,73 percent of billed charges; No services were performed during the 15 month look back period.,349.3,,,,,,,Case Rate,"100% Medicare OPPS FS. ",4632.8647,73,,,,,0,percent of total billed charges,73 percent of billed charges; No services were performed during the 15 month look back period.,349.3,,,,,,,Case Rate,"100% Medicare OPPS FS. ",1576.32,,,,,,,Case Rate,"225 Percent of Medicaid APG. If not included in Medicaid APG, then 100 Percent of Manhattan Medicare",700.59,,,,,,,Case Rate,"100 Percent of Medicaid APG. ",4923.38,,,,,,,Case Rate,". MPL 100/50/25% all add ons apply, and lesser of 100% of billed charges",4923.38,,,,,,,Case Rate,". MPL 100/50/25% all add ons apply, and lesser of 100% of billed charges",349.3,,,,,,,Case Rate,"100% Medicare OPPS FS. ",12574,,,,,,,Case Rate,". Primary procedure pays at 100%, all subsequent at 50%.",349.3,,,,,,,Case Rate,"100% Medicare OPPS FS. ",349.3,,,,,,,Case Rate,"100% Medicare OPPS FS. ",6593,,,,,,,Case Rate,". Primary procedure pays at 100%, secondary at 50%, all subsequent at 25%.  Lesser of applies when negotiated rates exceed charges less addons.",349.3,,,,,,,Case Rate,"100% Medicare OPPS FS. ",,,,,,,,Other,". ",349.3,,,,,,,Case Rate,"100% Medicare OPPS FS. ",,,,,,,,Other,". ",6593,,,,,,,Case Rate,". Primary procedure pays at 100%, secondary at 50%, all subsequent at 25%.  Lesser of applies when negotiated rates exceed charges less addons.",,,,,,,,Other,". ",349.3,,,,,,,Case Rate,"100% Medicare OPPS FS. ",700.59,,,,,,,Case Rate,"100 Percent of Medicaid APG. ",349.3,,,,,,,Case Rate,"100% Medicare OPPS FS. ",,,,,,,,Other,". ",4923.38,,,,,,,Case Rate,". MPL 100/50/25% all add ons apply, and lesser of 100% of billed charges",700.59,,,,,,,Case Rate,"100 Percent of Medicaid APG. ",4100,,,,,,,Case Rate,". MPL 100/50/25% all add ons apply, and lesser of 100% of billed charges",840.71,,,,,,,Fee Schedule,"120 Percent of Medicaid APG. ",840.71,,,,,,,Fee Schedule,"120 Percent of Medicaid APG. ",4100,,,,,,,Case Rate,". MPL 100/50/25% all add ons apply, and lesser of 100% of billed charges",4100,,,,,,,Case Rate,". MPL 100/50/25% all add ons apply, and lesser of 100% of billed charges",4100,,,,,,,Case Rate,". MPL 100/50/25% all add ons apply, and lesser of 100% of billed charges",4923.38,,,,,,,Case Rate,". MPL 100/50/25% all add ons apply, and lesser of 100% of billed charges",4100,,,,,,,Case Rate,". MPL 100/50/25% all add ons apply, and lesser of 100% of billed charges",4100,,,,,,,Case Rate,". MPL 100/50/25% all add ons apply, and lesser of 100% of billed charges",4100,,,,,,,Case Rate,". MPL 100/50/25% all add ons apply, and lesser of 100% of billed charges",4632.8647,73,,,,,0,percent of total billed charges,73 percent of billed charges; No services were performed during the 15 month look back period.,4632.8647,73,,,,,0,percent of total billed charges,73 percent of billed charges; No services were performed during the 15 month look back period.,691.61,,,,,,,Case Rate,198 Percent of Medicare OPPS. Metroplus will reimburse unlisted codes and described codes with no Medicare rate at 50 percent of charges.,700.59,,,,,,,Case Rate,"100 Percent of Medicaid APG. ",4923.38,,,,,,,Case Rate,". MPL 100/50/25% all add ons apply, and lesser of 100% of billed charges",,,,,,,,Other,". ",6593,,,,,,,Case Rate,". Primary procedure pays at 100%, secondary at 50%, all subsequent at 25%.  Lesser of applies when negotiated rates exceed charges less addons.",4923.38,,,,,,,Case Rate,". MPL 100/50/25% all add ons apply, and lesser of 100% of billed charges",6593,,,,,,,Case Rate,". Primary procedure pays at 100%, secondary at 50%, all subsequent at 25%.  Lesser of applies when negotiated rates exceed charges less addons.",4923.38,,,,,,,Case Rate,". MPL 100/50/25% all add ons apply, and lesser of 100% of billed charges",4100,,,,,,,Case Rate,". MPL 100/50/25% all add ons apply, and lesser of 100% of billed charges",4100,,,,,,,Case Rate,". MPL 100/50/25% all add ons apply, and lesser of 100% of billed charges",4100,,,,,,,Case Rate,". MPL 100/50/25% all add ons apply, and lesser of 100% of billed charges",4100,,,,,,,Case Rate,". MPL 100/50/25% all add ons apply, and lesser of 100% of billed charges",349.3,,,,,,,Case Rate,"100% Medicare OPPS FS. ",74.27,25798,
64831,CPT,2026068,LOCAL,361,RC,HC REPAIR OF DIGIT NERVE 1,19939.5,3788.505,both,,,,8539,,,,,,,Case Rate,". MPL 1st 100% of Payment Rate 50% of all others, all add ons apply, and lesser of 100% of billed charges.",8539,,,,,,,Case Rate,". MPL 1st 100% of Payment Rate 50% of all others, all add ons apply, and lesser of 100% of billed charges.",28939,,,,,,,Case Rate,". Primary procedure pays at 100%, secondary at 50%, all subsequent at 25%.  Lesser of applies when negotiated rates exceed charges less addons.",19939.5,100,,,,,0,percent of total billed charges,100 percent of billed charges. ; No services were performed during the 15 month look back period.,2310.71,,,,,,,Case Rate,"100% Medicare OPPS FS. ",28939,,,,,,,Case Rate,". Primary procedure pays at 100%, secondary at 50%, all subsequent at 25%.  Lesser of applies when negotiated rates exceed charges less addons.",28939,,,,,,,Case Rate,". Primary procedure pays at 100%, secondary at 50%, all subsequent at 25%.  Lesser of applies when negotiated rates exceed charges less addons.",28939,,,,,,,Case Rate,". Primary procedure pays at 100%, secondary at 50%, all subsequent at 25%.  Lesser of applies when negotiated rates exceed charges less addons.",2149.95,,,,,,,Case Rate,"100 Percent of Medicaid APG. ",1791.63,,,,,,,Case Rate,"100 Percent of Medicaid APG. ",15552.81,78,,,,,0,percent of total billed charges,78% of Billed Charges. Lesser of 100% of billed charges applies.; No services were performed during the 15 month look back period.,34029.47,,,,,,,Case Rate,". MPL 100/50/25% all add ons apply, and lesser of 100% of billed charges",1791.63,,,,,,,Case Rate,"100 Percent of Medicaid APG. ",2310.71,,,,,,,Case Rate,"100% Medicare OPPS FS. ",6487,,,,,,,Case Rate,". MPL 100/50/25% maxmium of 3 procedures. All add ons apply, and lesser of 100% of billed charges",6487,,,,,,,Case Rate,". MPL 100/50/25% maxmium of 3 procedures. All add ons apply, and lesser of 100% of billed charges",6487,,,,,,,Case Rate,". MPL 100/50/25% maxmium of 3 procedures. All add ons apply, and lesser of 100% of billed charges",6487,,,,,,,Case Rate,". MPL 100/50/25% maxmium of 3 procedures. All add ons apply, and lesser of 100% of billed charges",1791.63,,,,,,,Case rate,124 Percent of Medicaid APG. Covered services not payable under Medicaid Fee Schedules default to a payment of 50 percent of charges.,2310.71,,,,,,,Case Rate,"100% Medicare OPPS FS. ",1791.63,,,,,,,Case rate,124 Percent of Medicaid APG. Covered services not payable under Medicaid Fee Schedules default to a payment of 50 percent of charges.,15552.81,78,,,,,0,percent of total billed charges,78% of Billed Charges. Lesser of 100% of billed charges applies.; No services were performed during the 15 month look back period.,28939,,,,,,,Case Rate,". Primary procedure pays at 100%, secondary at 50%, all subsequent at 25%.  Lesser of applies when negotiated rates exceed charges less addons.",2310.71,,,,,,,Case Rate,"100%Medicare OPPS FS. ",8427,,,,,,,Case Rate,". Primary procedure pays at 100%, all subsequent at 50%.",2310.71,,,,,,,Case Rate,"100%Medicare OPPS FS. ",2310.71,,,,,,,Case Rate,"100%Medicare OPPS FS. ",15552.81,78,,,,,0,percent of total billed charges,78% of Billed Charges. Lesser of 100% of billed charges applies.; No services were performed during the 15 month look back period.,2187.44,,,,,,,Case Rate,100% of PAS. Lesser of 100% of billed charges applies.,2187.44,,,,,,,Case Rate,100% of PAS. Lesser of 100% of billed charges applies.,1791.63,,,,,,,Case rate,"100 Percent of Medicaid APG. ",1791.63,,,,,,,Case rate,"100 Percent of Medicaid APG. ",8427,,,,,,,Case Rate,". Primary procedure pays at 100%, all subsequent at 50%.",8427,,,,,,,Case Rate,". Primary procedure pays at 100%, all subsequent at 50%.",1791.63,,,,,,,Case Rate,"100 Percent of Medicaid APG. Not APG payable, or payable under another fee schedule like ASP/AWP pays at 30% of charges",8427,,,,,,,Case Rate,". Primary procedure pays at 100%, all subsequent at 50%.",1791.63,,,,,,,Case Rate,"100 Percent of Medicaid APG. Not APG payable, or payable under another fee schedule like ASP/AWP pays at 30% of charges",2310.71,,,,,,,Case Rate,"100%Medicare OPPS FS. ",8427,,,,,,,Case Rate,". Primary procedure pays at 100%, all subsequent at 50%.",15552.81,78,,,,,0,percent of total billed charges,78% of Billed Charges. Lesser of 100% of billed charges applies.; No services were performed during the 15 month look back period.,1791.63,,,,,,,Case Rate,"100 Percent of Medicaid APG. ",1791.63,,,,,,,Case Rate,"100 Percent of Medicaid APG. ",15552.81,78,,,,,0,percent of total billed charges,78% of Billed Charges. Lesser of 100% of billed charges applies.; No services were performed during the 15 month look back period.,6487,,,,,,,Case Rate,". MPL 100/50/25% maxmium of 3 procedures. All add ons apply, and lesser of 100% of billed charges",36180,,,,,,,Case Rate,". MPL 100/50/25% all add ons apply, and lesser of 100% of billed charges",36180,,,,,,,Case Rate,". MPL 100/50/25% all add ons apply, and lesser of 100% of billed charges",15552.81,78,,,,,0,percent of total billed charges,78% of Billed Charges. Lesser of 100% of billed charges applies.; No services were performed during the 15 month look back period.,2310.71,,,,,,,Case Rate,"100% Medicare OPPS FS. ",34029.47,,,,,,,Case Rate,". MPL 100/50/25% all add ons apply, and lesser of 100% of billed charges",34029.47,,,,,,,Case Rate,". MPL 100/50/25% all add ons apply, and lesser of 100% of billed charges",34029.47,,,,,,,Case Rate,". MPL 100/50/25% all add ons apply, and lesser of 100% of billed charges",2310.71,,,,,,,Case Rate,"100% Medicare OPPS FS. ",34029.47,,,,,,,Case Rate,". MPL 100/50/25% all add ons apply, and lesser of 100% of billed charges",34029.47,,,,,,,Case Rate,". MPL 100/50/25% all add ons apply, and lesser of 100% of billed charges",2310.71,,,,,,,Case Rate,"100% of Medicare OPPS. ",42034,,,,,,,Case Rate,". MPL 100/75/50% all add ons apply, and lesser of 100% of billed charges",14557,,,,,,,Case Rate,". MPL 100/50/25% all add ons apply, and lesser of 100% of billed charges",14557,,,,,,,Case Rate,". MPL 100/50/25% all add ons apply, and lesser of 100% of billed charges",14557,,,,,,,Case Rate,". MPL 100/50/25% all add ons apply, and lesser of 100% of billed charges",14557,,,,,,,Case Rate,". MPL 100/50/25% all add ons apply, and lesser of 100% of billed charges",14557,,,,,,,Case Rate,". MPL 100/50/25% all add ons apply, and lesser of 100% of billed charges",14557,,,,,,,Case Rate,". MPL 100/50/25% all add ons apply, and lesser of 100% of billed charges",2310.71,,,,,,,Case Rate,"100% Medicare OPPS FS. ",2310.71,,,,,,,Case Rate,"100% Medicare OPPS FS. ",14557,,,,,,,Case Rate,". MPL 100/50/25% all add ons apply, and lesser of 100% of billed charges",15552.81,78,,,,,0,percent of total billed charges,78% of Billed Charges. Lesser of 100% of billed charges applies.; No services were performed during the 15 month look back period.,15552.81,78,,,,,0,percent of total billed charges,78% of Billed Charges. Lesser of 100% of billed charges applies.; No services were performed during the 15 month look back period.,15552.81,78,,,,,0,percent of total billed charges,78% of Billed Charges. Lesser of 100% of billed charges applies.; No services were performed during the 15 month look back period.,15552.81,78,,,,,0,percent of total billed charges,78% of Billed Charges. Lesser of 100% of billed charges applies.; No services were performed during the 15 month look back period.,15552.81,78,,,,,0,percent of total billed charges,78% of Billed Charges. Lesser of 100% of billed charges applies.; No services were performed during the 15 month look back period.,15552.81,78,,,,,0,percent of total billed charges,78% of Billed Charges. Lesser of 100% of billed charges applies.; No services were performed during the 15 month look back period.,15552.81,78,,,,,0,percent of total billed charges,78% of Billed Charges. Lesser of 100% of billed charges applies.; No services were performed during the 15 month look back period.,15552.81,78,,,,,0,percent of total billed charges,78% of Billed Charges. Lesser of 100% of billed charges applies.; No services were performed during the 15 month look back period.,15552.81,78,,,,,0,percent of total billed charges,78% of Billed Charges. Lesser of 100% of billed charges applies.; No services were performed during the 15 month look back period.,15552.81,78,,,,,0,percent of total billed charges,78% of Billed Charges. Lesser of 100% of billed charges applies.; No services were performed during the 15 month look back period.,15552.81,78,,,,,0,percent of total billed charges,78% of Billed Charges. Lesser of 100% of billed charges applies.; No services were performed during the 15 month look back period.,15552.81,78,,,,,0,percent of total billed charges,78% of Billed Charges. Lesser of 100% of billed charges applies.; No services were performed during the 15 month look back period.,15552.81,78,,,,,0,percent of total billed charges,78% of Billed Charges. Lesser of 100% of billed charges applies.; No services were performed during the 15 month look back period.,15552.81,78,,,,,0,percent of total billed charges,78% of Billed Charges. Lesser of 100% of billed charges applies.; No services were performed during the 15 month look back period.,15552.81,78,,,,,0,percent of total billed charges,78% of Billed Charges. Lesser of 100% of billed charges applies.; No services were performed during the 15 month look back period.,15552.81,78,,,,,0,percent of total billed charges,78% of Billed Charges. Lesser of 100% of billed charges applies.; No services were performed during the 15 month look back period.,15552.81,78,,,,,0,percent of total billed charges,78% of Billed Charges. Lesser of 100% of billed charges applies.; No services were performed during the 15 month look back period.,15552.81,78,,,,,0,percent of total billed charges,78% of Billed Charges. Lesser of 100% of billed charges applies.; No services were performed during the 15 month look back period.,15552.81,78,,,,,0,percent of total billed charges,78% of Billed Charges. Lesser of 100% of billed charges applies.; No services were performed during the 15 month look back period.,15552.81,78,,,,,0,percent of total billed charges,78% of Billed Charges. Lesser of 100% of billed charges applies.; No services were performed during the 15 month look back period.,15552.81,78,,,,,0,percent of total billed charges,78% of Billed Charges. Lesser of 100% of billed charges applies.; No services were performed during the 15 month look back period.,15552.81,78,,,,,0,percent of total billed charges,78% of Billed Charges. Lesser of 100% of billed charges applies.; No services were performed during the 15 month look back period.,15552.81,78,,,,,0,percent of total billed charges,78% of Billed Charges. Lesser of 100% of billed charges applies.; No services were performed during the 15 month look back period.,15552.81,78,,,,,0,percent of total billed charges,78% of Billed Charges. Lesser of 100% of billed charges applies.; No services were performed during the 15 month look back period.,15552.81,78,,,,,0,percent of total billed charges,78% of Billed Charges. Lesser of 100% of billed charges applies.; No services were performed during the 15 month look back period.,15552.81,78,,,,,0,percent of total billed charges,78% of Billed Charges. Lesser of 100% of billed charges applies.; No services were performed during the 15 month look back period.,8427,,,,,,,Case Rate,". Primary procedure pays at 100%, all subsequent at 50%.",8427,,,,,,,Case Rate,". Primary procedure pays at 100%, all subsequent at 50%.",8427,,,,,,,Case Rate,". Primary procedure pays at 100%, all subsequent at 50%.",8427,,,,,,,Case Rate,". Primary procedure pays at 100%, all subsequent at 50%.",12574,,,,,,,Case Rate,". Primary procedure pays at 100%, all subsequent at 50%.",12574,,,,,,,Case Rate,". Primary procedure pays at 100%, all subsequent at 50%.",6487,,,,,,,Case Rate,". MPL 100/50/25% maxmium of 3 procedures. All add ons apply, and lesser of 100% of billed charges",14557,,,,,,,Case Rate,". MPL 100/50/25% all add ons apply, and lesser of 100% of billed charges",34029.47,,,,,,,Case Rate,". MPL 100/50/25% all add ons apply, and lesser of 100% of billed charges",14557,,,,,,,Case Rate,". MPL 100/50/25% all add ons apply, and lesser of 100% of billed charges",15552.81,78,,,,,0,percent of total billed charges,78% of Billed Charges. Lesser of 100% of billed charges applies.; No services were performed during the 15 month look back period.,12574,,,,,,,Case Rate,". Primary procedure pays at 100%, all subsequent at 50%.",14557,,,,,,,Case Rate,". MPL 100/50/25% all add ons apply, and lesser of 100% of billed charges",34029.47,,,,,,,Case Rate,". MPL 100/50/25% all add ons apply, and lesser of 100% of billed charges",6487,,,,,,,Case Rate,". MPL 100/50/25% maxmium of 3 procedures. All add ons apply, and lesser of 100% of billed charges",,,,,,,,,"NA. ",15552.81,78,,,,,0,percent of total billed charges,78% of Billed Charges. Lesser of 100% of billed charges applies.; No services were performed during the 15 month look back period.,1791.63,,,,,,,Case Rate,"100 Percent of Medicaid APG. ",8427,,,,,,,Case Rate,". Primary procedure pays at 100%, all subsequent at 50%.",1791.63,,,,,,,Case Rate,"100 Percent of Medicaid APG. Not APG payable, or payable under another fee schedule like ASP/AWP pays at 30% of charges",2310.71,,,,,,,Case Rate,"100%Medicare OPPS FS. ",2310.71,,,,,,,Case Rate,"100% Medicare OPPS FS. ",42034,,,,,,,Case Rate,". MPL 100/75/50% all add ons apply, and lesser of 100% of billed charges",2310.71,,,,,,,Case Rate,"100% Medicare OPPS FS. ",2310.71,,,,,,,Case Rate,"100% Medicare OPPS FS. ",1791.63,,,,,,,Case Rate,"100 Percent of Medicaid APG. ",2310.71,,,,,,,Case Rate,"100% Medicare OPPS FS. ",2310.71,,,,,,,Case Rate,"100% Medicare OPPS FS. ",28939,,,,,,,Case Rate,". Primary procedure pays at 100%, secondary at 50%, all subsequent at 25%.  Lesser of applies when negotiated rates exceed charges less addons.",28939,,,,,,,Case Rate,". Primary procedure pays at 100%, secondary at 50%, all subsequent at 25%.  Lesser of applies when negotiated rates exceed charges less addons.",2310.71,,,,,,,Case Rate,"100% Medicare OPPS FS. ",6487,,,,,,,Case Rate,". MPL 100/50/25% maxmium of 3 procedures. All add ons apply, and lesser of 100% of billed charges",34029.47,,,,,,,Case Rate,". MPL 100/50/25% all add ons apply, and lesser of 100% of billed charges",34029.47,,,,,,,Case Rate,". MPL 100/50/25% all add ons apply, and lesser of 100% of billed charges",2310.71,,,,,,,Case Rate,"100% Medicare OPPS FS. ",6487,,,,,,,Case Rate,". MPL 100/50/25% maxmium of 3 procedures. All add ons apply, and lesser of 100% of billed charges",28939,,,,,,,Case Rate,". Primary procedure pays at 100%, secondary at 50%, all subsequent at 25%.  Lesser of applies when negotiated rates exceed charges less addons.",28939,,,,,,,Case Rate,". Primary procedure pays at 100%, secondary at 50%, all subsequent at 25%.  Lesser of applies when negotiated rates exceed charges less addons.",28939,,,,,,,Case Rate,". Primary procedure pays at 100%, secondary at 50%, all subsequent at 25%.  Lesser of applies when negotiated rates exceed charges less addons.",15552.81,78,,,,,0,percent of total billed charges,78% of Billed Charges. Lesser of 100% of billed charges applies.; No services were performed during the 15 month look back period.,15552.81,78,,,,,0,percent of total billed charges,78% of Billed Charges. Lesser of 100% of billed charges applies.; No services were performed during the 15 month look back period.,15552.81,78,,,,,0,percent of total billed charges,78% of Billed Charges. Lesser of 100% of billed charges applies.; No services were performed during the 15 month look back period.,15552.81,78,,,,,0,percent of total billed charges,78% of Billed Charges. Lesser of 100% of billed charges applies.; No services were performed during the 15 month look back period.,15552.81,78,,,,,0,percent of total billed charges,78% of Billed Charges. Lesser of 100% of billed charges applies.; No services were performed during the 15 month look back period.,15552.81,78,,,,,0,percent of total billed charges,78% of Billed Charges. Lesser of 100% of billed charges applies.; No services were performed during the 15 month look back period.,15552.81,78,,,,,0,percent of total billed charges,78% of Billed Charges. Lesser of 100% of billed charges applies.; No services were performed during the 15 month look back period.,15552.81,78,,,,,0,percent of total billed charges,78% of Billed Charges. Lesser of 100% of billed charges applies.; No services were performed during the 15 month look back period.,15552.81,78,,,,,0,percent of total billed charges,78% of Billed Charges. Lesser of 100% of billed charges applies.; No services were performed during the 15 month look back period.,15552.81,78,,,,,0,percent of total billed charges,78% of Billed Charges. Lesser of 100% of billed charges applies.; No services were performed during the 15 month look back period.,15552.81,78,,,,,0,percent of total billed charges,78% of Billed Charges. Lesser of 100% of billed charges applies.; No services were performed during the 15 month look back period.,12574,,,,,,,Case Rate,". Primary procedure pays at 100%, all subsequent at 50%.",14557,,,,,,,Case Rate,". MPL 100/50/25% all add ons apply, and lesser of 100% of billed charges",6487,,,,,,,Case Rate,". MPL 100/50/25% maxmium of 3 procedures. All add ons apply, and lesser of 100% of billed charges",2310.71,,,,,,,Case Rate,"100% Medicare OPPS FS. ",28939,,,,,,,Case Rate,". Primary procedure pays at 100%, secondary at 50%, all subsequent at 25%.  Lesser of applies when negotiated rates exceed charges less addons.",6487,,,,,,,Case Rate,". MPL 100/50/25% maxmium of 3 procedures. All add ons apply, and lesser of 100% of billed charges",6487,,,,,,,Case Rate,". MPL 100/50/25% maxmium of 3 procedures. All add ons apply, and lesser of 100% of billed charges",15552.81,78,,,,,0,percent of total billed charges,78% of Billed Charges. Lesser of 100% of billed charges applies.; No services were performed during the 15 month look back period.,3834.08,,,,,,,Case Rate,"214 Percent of Medicaid APG. Drugs not priced under APG, billed with revenue code 636 and not priced by Medicare ASP FeeSched will be reimbursed at 20% of charges.",6487,,,,,,,Case Rate,". MPL 100/50/25% maxmium of 3 procedures. All add ons apply, and lesser of 100% of billed charges",1791.63,,,,,,,Case Rate,"100 Percent of Medicaid APG. ",2310.71,,,,,,,Case Rate,"100% Medicare OPPS FS. ",2310.71,,,,,,,Case Rate,"100% Medicare OPPS FS. ",2310.71,,,,,,,Case Rate,"100% Medicare OPPS FS. ",2310.71,,,,,,,Case Rate,"100% Medicare OPPS FS. ",2310.71,,,,,,,Case Rate,"100% Medicare OPPS FS. ",2310.71,,,,,,,Case Rate,"100% Medicare OPPS FS. ",6487,,,,,,,Case Rate,". MPL 100/50/25% maxmium of 3 procedures. All add ons apply, and lesser of 100% of billed charges",42034,,,,,,,Case Rate,". MPL 100/75/50% all add ons apply, and lesser of 100% of billed charges",3224.93,,,,,,,Fee Schedule,"180 Percent of Medicaid APG. ",3224.93,,,,,,,Fee Schedule,"180 Percent of Medicaid APG. ",3224.93,,,,,,,Fee Schedule,"180 Percent of Medicaid APG. ",3224.93,,,,,,,Fee Schedule,"180 Percent of Medicaid APG. ",3224.93,,,,,,,Fee Schedule,"180 Percent of Medicaid APG. ",,,,,,,,,"NA. ",42034,,,,,,,Case Rate,". MPL 100/75/50% all add ons apply, and lesser of 100% of billed charges",4575.21,,,,,,,Case Rate,198 Percent of Medicare OPPS. Metroplus will reimburse unlisted codes and described codes with no Medicare rate at 50 percent of charges.,4575.21,,,,,,,Case Rate,198 Percent of Medicare OPPS. Metroplus will reimburse unlisted codes and described codes with no Medicare rate at 50 percent of charges.,4575.21,,,,,,,Case Rate,198 Percent of Medicare OPPS. Metroplus will reimburse unlisted codes and described codes with no Medicare rate at 50 percent of charges.,4575.21,,,,,,,Case Rate,198 Percent of Medicare OPPS. Metroplus will reimburse unlisted codes and described codes with no Medicare rate at 50 percent of charges.,4575.21,,,,,,,Case Rate,198 Percent of Medicare OPPS. Metroplus will reimburse unlisted codes and described codes with no Medicare rate at 50 percent of charges.,2310.71,,,,,,,Case Rate,"100% Medicare OPPS FS. ",12574,,,,,,,Case Rate,". Primary procedure pays at 100%, all subsequent at 50%.",12574,,,,,,,Case Rate,". Primary procedure pays at 100%, all subsequent at 50%.",12574,,,,,,,Case Rate,". Primary procedure pays at 100%, all subsequent at 50%.",12574,,,,,,,Case Rate,". Primary procedure pays at 100%, all subsequent at 50%.",28939,,,,,,,Case Rate,". Primary procedure pays at 100%, secondary at 50%, all subsequent at 25%.  Lesser of applies when negotiated rates exceed charges less addons.",28939,,,,,,,Case Rate,". Primary procedure pays at 100%, secondary at 50%, all subsequent at 25%.  Lesser of applies when negotiated rates exceed charges less addons.",28939,,,,,,,Case Rate,". Primary procedure pays at 100%, secondary at 50%, all subsequent at 25%.  Lesser of applies when negotiated rates exceed charges less addons.",28939,,,,,,,Case Rate,". Primary procedure pays at 100%, secondary at 50%, all subsequent at 25%.  Lesser of applies when negotiated rates exceed charges less addons.",42034,,,,,,,Case Rate,". MPL 100/75/50% all add ons apply, and lesser of 100% of billed charges",42034,,,,,,,Case Rate,". MPL 100/75/50% all add ons apply, and lesser of 100% of billed charges",2310.71,,,,,,,Case Rate,"100% Medicare OPPS FS. ",2310.71,,,,,,,Case Rate,"100% Medicare OPPS FS. ",2310.71,,,,,,,Case Rate,"100% Medicare OPPS FS. ",14557,,,,,,,Case Rate,". MPL 100/50/25% all add ons apply, and lesser of 100% of billed charges",14557,,,,,,,Case Rate,". MPL 100/50/25% all add ons apply, and lesser of 100% of billed charges",14557,,,,,,,Case Rate,". MPL 100/50/25% all add ons apply, and lesser of 100% of billed charges",42034,,,,,,,Case Rate,". MPL 100/75/50% all add ons apply, and lesser of 100% of billed charges",28939,,,,,,,Case Rate,". Primary procedure pays at 100%, secondary at 50%, all subsequent at 25%.  Lesser of applies when negotiated rates exceed charges less addons.",2310.71,,,,,,,Case Rate,"100% Medicare OPPS FS. ",14557,,,,,,,Case Rate,". MPL 100/50/25% all add ons apply, and lesser of 100% of billed charges",1791.63,,,,,,,Case Rate,"100 Percent of Medicaid APG. ",2356.93,,,,,,,Case Rate,"102% of Medicare OPPS. ",2356.93,,,,,,,Case Rate,"102% of Medicare OPPS. ",2356.93,,,,,,,Case Rate,"102% of Medicare OPPS. ",1791.63,,,,,,,Case rate,"100 Percent of Medicaid APG. ",4031.16,,,,,,,Case Rate,225% of NYS APG. Lesser of 100% of billed charges applies.,4031.16,,,,,,,Case Rate,225% of NYS APG. Lesser of 100% of billed charges applies.,4031.16,,,,,,,Case Rate,225% of NYS APG. Lesser of 100% of billed charges applies.,4031.16,,,,,,,Case Rate,225% of NYS APG. Lesser of 100% of billed charges applies.,4031.16,,,,,,,Case Rate,225% of NYS APG. Lesser of 100% of billed charges applies.,2356.93,,,,,,,Case Rate,"102% of Medicare OPPS. ",1791.63,,,,,,,Case Rate,"100 Percent of Medicaid APG. ",2187.44,,,,,,,Case Rate,100% of PAS. Lesser of 100% of billed charges applies.,4031.16,,,,,,,Case Rate,225% of NYS APG. Lesser of 100% of billed charges applies.,4031.16,,,,,,,Case Rate,225% of NYS APG. Lesser of 100% of billed charges applies.,2187.44,,,,,,,Case Rate,100% of PAS. Lesser of 100% of billed charges applies.,2187.44,,,,,,,Case Rate,100% of PAS. Lesser of 100% of billed charges applies.,3224.93,,,,,,,Fee Schedule,"180 Percent of Medicaid APG. ",2310.71,,,,,,,Case Rate,"100% Medicare OPPS FS. ",2310.71,,,,,,,Case Rate,"100% Medicare OPPS FS. ",28939,,,,,,,Case Rate,". Primary procedure pays at 100%, secondary at 50%, all subsequent at 25%.  Lesser of applies when negotiated rates exceed charges less addons.",2310.71,,,,,,,Case Rate,"100% Medicare OPPS FS. ",4031.16,,,,,,,Case Rate,"225 Percent of Medicaid APG. ",4031.16,,,,,,,Case Rate,"225 Percent of Medicaid APG. ",1791.63,,,,,,,Case rate,"100 Percent of Medicaid APG. ",1791.63,,,,,,,Case rate,"100 Percent of Medicaid APG. ",4031.16,,,,,,,Case Rate,225 Percent of Medicaid APG. Covered services not payable under Medicaid Fee Schedules default to a payment of 87.5 percent of charges.,1791.63,,,,,,,Case rate,124 Percent of Medicaid APG. Covered services not payable under Medicaid Fee Schedules default to a payment of 50 percent of charges.,4031.16,,,,,,,Case Rate,"100 Percent of Medicaid APG. ",4031.16,,,,,,,Case Rate,"100 Percent of Medicaid APG. ",4031.16,,,,,,,Case Rate,"100 Percent of Medicaid APG. ",4031.16,,,,,,,Case Rate,"100 Percent of Medicaid APG. ",13453,,,,,,,Case Rate,". MPL 100/75/50% all add ons apply, and lesser of 100% of billed charges",42034,,,,,,,Case Rate,". MPL 100/75/50% all add ons apply, and lesser of 100% of billed charges",2149.95,,,,,,,Case Rate,"120 Percent of Medicaid APG. Not APG payable, or payable under another fee schedule like ASP/AWP pays at 30% of charges",2149.95,,,,,,,Case Rate,"120 Percent of Medicaid APG. Not APG payable, or payable under another fee schedule like ASP/AWP pays at 30% of charges",1791.63,,,,,,,Case Rate,"100 Percent of Medicaid APG. Not APG payable, or payable under another fee schedule like ASP/AWP pays at 30% of charges",1791.63,,,,,,,Case Rate,"100 Percent of Medicaid APG. Not APG payable, or payable under another fee schedule like ASP/AWP pays at 30% of charges",14557,,,,,,,Case Rate,". MPL 100/50/25% all add ons apply, and lesser of 100% of billed charges",14557,,,,,,,Case Rate,". MPL 100/50/25% all add ons apply, and lesser of 100% of billed charges",2310.71,,,,,,,Case Rate,"100% Medicare OPPS FS. ",14557,,,,,,,Case Rate,". MPL 100/50/25% all add ons apply, and lesser of 100% of billed charges",14557,,,,,,,Case Rate,". MPL 100/50/25% all add ons apply, and lesser of 100% of billed charges",14557,,,,,,,Case Rate,". MPL 100/50/25% all add ons apply, and lesser of 100% of billed charges",14557,,,,,,,Case Rate,". MPL 100/50/25% all add ons apply, and lesser of 100% of billed charges",2310.71,,,,,,,Case Rate,"100% Medicare OPPS FS. ",14557,,,,,,,Case Rate,". MPL 100/50/25% all add ons apply, and lesser of 100% of billed charges",14557,,,,,,,Case Rate,". MPL 100/50/25% all add ons apply, and lesser of 100% of billed charges",28939,,,,,,,Case Rate,". Primary procedure pays at 100%, secondary at 50%, all subsequent at 25%.  Lesser of applies when negotiated rates exceed charges less addons.",1791.63,,,,,,,Fee Schedule,100% APG. Lesser of 100% of billed charges applies.,1791.63,,,,,,,Case rate,124 Percent of Medicaid APG. Covered services not payable under Medicaid Fee Schedules default to a payment of 50 percent of charges.,4031.16,,,,,,,Case Rate,225% of NYS APG. Lesser of 100% of billed charges applies.,4031.16,,,,,,,Case Rate,225 Percent of Medicaid APG. Covered services not payable under Medicaid Fee Schedules default to a payment of 87.5 percent of charges.,1791.63,,,,,,,Case rate,124 Percent of Medicaid APG. Covered services not payable under Medicaid Fee Schedules default to a payment of 50 percent of charges.,4031.16,,,,,,,Case Rate,225% of NYS APG. Lesser of 100% of billed charges applies.,4031.16,,,,,,,Case Rate,225% of NYS APG. Lesser of 100% of billed charges applies.,4031.16,,,,,,,Case Rate,225% of NYS APG. Lesser of 100% of billed charges applies.,4031.16,,,,,,,Case Rate,225% of NYS APG. Lesser of 100% of billed charges applies.,4031.16,,,,,,,Case Rate,225% of NYS APG. Lesser of 100% of billed charges applies.,4031.16,,,,,,,Case Rate,225% of NYS APG. Lesser of 100% of billed charges applies.,,,,,,,,,"NA. ",,,,,,,,,"NA. ",,,,,,,,,"NA. ",6487,,,,,,,Case Rate,". MPL 100/50/25% maxmium of 3 procedures. All add ons apply, and lesser of 100% of billed charges",,,,,,,,,"NA. ",2310.71,,,,,,,Case Rate,"100% Medicare OPPS FS. ",8539,,,,,,,Case Rate,". MPL 1st 100% of Payment Rate 50% of all others, all add ons apply, and lesser of 100% of billed charges.",2310.71,,,,,,,Case Rate,"100% Medicare OPPS FS. ",2310.71,,,,,,,Case Rate,"100% Medicare OPPS FS. ",2149.95,,,,,,,Case Rate,"120 Percent of Medicaid APG. Not APG payable, or payable under another fee schedule like ASP/AWP pays at 30% of charges",2149.95,,,,,,,Case Rate,"120 Percent of Medicaid APG. Not APG payable, or payable under another fee schedule like ASP/AWP pays at 30% of charges",1791.63,,,,,,,Case Rate,"100 Percent of Medicaid APG. Not APG payable, or payable under another fee schedule like ASP/AWP pays at 30% of charges",1791.63,,,,,,,Case Rate,"100 Percent of Medicaid APG. Not APG payable, or payable under another fee schedule like ASP/AWP pays at 30% of charges",1791.63,,,,,,,Case Rate,"100 Percent of Medicaid APG. ",7163,,,,,,,Case Rate,". ",28939,,,,,,,Case Rate,". Primary procedure pays at 100%, secondary at 50%, all subsequent at 25%.  Lesser of applies when negotiated rates exceed charges less addons.",8427,,,,,,,Case Rate,". Primary procedure pays at 100%, all subsequent at 50%.",6487,,,,,,,Case Rate,". MPL 100/50/25% maxmium of 3 procedures. All add ons apply, and lesser of 100% of billed charges",2310.71,,,,,,,Case Rate,"100%Medicare OPPS FS. ",2310.71,,,,,,,Case Rate,"100% Medicare OPPS FS. ",2310.71,,,,,,,Case Rate,"100% Medicare OPPS FS. ",2310.71,,,,,,,Case Rate,"100% Medicare OPPS FS. ",2310.71,,,,,,,Case Rate,"100%Medicare OPPS FS. ",2310.71,,,,,,,Case Rate,"100% Medicare OPPS FS. ",,,,,,,,,"NA. ",4031.16,,,,,,,Case Rate,225% of NYS APG. Lesser of 100% of billed charges applies.,2187.44,,,,,,,Case Rate,100% of PAS. Lesser of 100% of billed charges applies.,14557,,,,,,,Case Rate,". MPL 100/50/25% all add ons apply, and lesser of 100% of billed charges",7163,,,,,,,Case Rate,". ",7163,,,,,,,Case Rate,". ",7163,,,,,,,Case Rate,". ",7163,,,,,,,Case Rate,". ",2310.71,,,,,,,Case Rate,"100% Medicare OPPS FS. ",1791.63,,,,,,,Case Rate,"100 Percent of Medicaid APG. ",14557,,,,,,,Case Rate,". MPL 100/50/25% all add ons apply, and lesser of 100% of billed charges",1791.63,,,,,,,Case Rate,"100 Percent of Medicaid APG. ",2310.71,,,,,,,Case Rate,"100% Medicare OPPS FS. ",1791.63,,,,,,,Case Rate,"100 Percent of Medicaid APG. ",2310.71,,,,,,,Case Rate,"100% Medicare OPPS FS. ",2310.71,,,,,,,Case Rate,"100% Medicare OPPS FS. ",1791.63,,,,,,,Case Rate,"100 Percent of Medicaid APG. ",1791.63,,,,,,,Case Rate,"100 Percent of Medicaid APG. ",7163,,,,,,,Case Rate,". ",6487,,,,,,,Case Rate,". MPL 100/50/25% maxmium of 3 procedures. All add ons apply, and lesser of 100% of billed charges",15552.81,78,,,,,0,percent of total billed charges,78% of Billed Charges. Lesser of 100% of billed charges applies.; No services were performed during the 15 month look back period.,34029.47,,,,,,,Case Rate,". MPL 100/50/25% all add ons apply, and lesser of 100% of billed charges",34029.47,,,,,,,Case Rate,". MPL 100/50/25% all add ons apply, and lesser of 100% of billed charges",28939,,,,,,,Case Rate,". Primary procedure pays at 100%, secondary at 50%, all subsequent at 25%.  Lesser of applies when negotiated rates exceed charges less addons.",888.14,,,,,,,Case Rate,"83% HF Fee schedule. ",12574,,,,,,,Case Rate,". Primary procedure pays at 100%, all subsequent at 50%.",12574,,,,,,,Case Rate,". Primary procedure pays at 100%, all subsequent at 50%.",11646,,,,,,,Case Rate,". MPL 100/50/25% all add ons apply, and lesser of 100% of billed charges",11646,,,,,,,Case Rate,". MPL 100/50/25% all add ons apply, and lesser of 100% of billed charges",2310.71,,,,,,,Case Rate,"100% Medicare OPPS FS. ",2310.71,,,,,,,Case Rate,"100% Medicare OPPS FS. ",2310.71,,,,,,,Case Rate,"100% Medicare OPPS FS. ",2310.71,,,,,,,Case Rate,"100% Medicare OPPS FS. ",34029.47,,,,,,,Case Rate,". MPL 100/50/25% all add ons apply, and lesser of 100% of billed charges",14557,,,,,,,Case Rate,". MPL 100/50/25% all add ons apply, and lesser of 100% of billed charges",14557,,,,,,,Case Rate,". MPL 100/50/25% all add ons apply, and lesser of 100% of billed charges",2310.71,,,,,,,Case Rate,"100% Medicare OPPS FS. ",11646,,,,,,,Case Rate,". MPL 100/50/25% all add ons apply, and lesser of 100% of billed charges",8427,,,,,,,Case Rate,". Primary procedure pays at 100%, all subsequent at 50%.",2149.95,,,,,,,Fee Schedule,"120 Percent of Medicaid APG. ",1791.63,,,,,,,Case Rate,"100 Percent of Medicaid APG. ",7163,,,,,,,Case Rate,". ",13101,,,,,,,Case Rate,". MPL 100/50/25% all add ons apply, and lesser of 100% of billed charges",13101,,,,,,,Case Rate,". MPL 100/50/25% all add ons apply, and lesser of 100% of billed charges",14557,,,,,,,Case Rate,". MPL 100/50/25% all add ons apply, and lesser of 100% of billed charges",28961,,,,,,,Case Rate,". MPL 100/75/50% all add ons apply, and lesser of 100% of billed charges",2310.71,,,,,,,Case Rate,"100%Medicare OPPS FS. ",1881.21,,,,,,,Fee Schedule,105 percent of Medicaid APG. otherwise 105% of Ordered NYS MCD FS or 105% of ASP+6%,1881.21,,,,,,,Fee Schedule,105 percent of Medicaid APG. otherwise 105% of Ordered NYS MCD FS or 105% of ASP+6%,1881.21,,,,,,,Fee Schedule,105 percent of Medicaid APG. otherwise 105% of Ordered NYS MCD FS or 105% of ASP+6%,2418.7,,,,,,,Fee Schedule,135 percent of Medicaid APG. otherwise 135% of Ordered NYS MCD FS or 135% of ASP+6%,34029.47,,,,,,,Case Rate,". MPL 100/50/25% all add ons apply, and lesser of 100% of billed charges",1881.21,,,,,,,Fee Schedule,105 percent of Medicaid APG. otherwise 105% of Ordered NYS MCD FS or 105% of ASP+6%,1881.21,,,,,,,Fee Schedule,105 percent of Medicaid APG. otherwise 105% of Ordered NYS MCD FS or 105% of ASP+6%,1881.21,,,,,,,Fee Schedule,105 percent of Medicaid APG. otherwise 105% of Ordered NYS MCD FS or 105% of ASP+6%,1881.21,,,,,,,Fee Schedule,105 percent of Medicaid APG. otherwise 105% of Ordered NYS MCD FS or 105% of ASP+6%,1881.21,,,,,,,Fee Schedule,105 percent of Medicaid APG. otherwise 105% of Ordered NYS MCD FS or 105% of ASP+6%,2418.7,,,,,,,Fee Schedule,135 percent of Medicaid APG. otherwise 135% of Ordered NYS MCD FS or 135% of ASP+6%,2418.7,,,,,,,Fee Schedule,135 percent of Medicaid APG. otherwise 135% of Ordered NYS MCD FS or 135% of ASP+6%,2310.71,,,,,,,Case Rate,"100% Medicare OPPS FS. ",34029.47,,,,,,,Case Rate,". MPL 100/50/25% all add ons apply, and lesser of 100% of billed charges",2310.71,,,,,,,Case Rate,"100% Medicare OPPS FS. ",1881.21,,,,,,,Fee Schedule,105 percent of Medicaid APG. otherwise 105% of Ordered NYS MCD FS or 105% of ASP+6%,14557,,,,,,,Case Rate,". MPL 100/50/25% all add ons apply, and lesser of 100% of billed charges",2310.71,,,,,,,Case Rate,"100% Medicare OPPS FS. ",14557,,,,,,,Case Rate,". MPL 100/50/25% all add ons apply, and lesser of 100% of billed charges",14557,,,,,,,Case Rate,". MPL 100/50/25% all add ons apply, and lesser of 100% of billed charges",14557,,,,,,,Case Rate,". MPL 100/50/25% all add ons apply, and lesser of 100% of billed charges",1881.21,,,,,,,Fee Schedule,105 percent of Medicaid APG. otherwise 105% of Ordered NYS MCD FS or 105% of ASP+6%,2310.71,,,,,,,Case Rate,"100% Medicare OPPS FS. ",14557,,,,,,,Case Rate,". MPL 100/50/25% all add ons apply, and lesser of 100% of billed charges",2418.7,,,,,,,Fee Schedule,135 percent of Medicaid APG. otherwise 135% of Ordered NYS MCD FS or 135% of ASP+6%,14557,,,,,,,Case Rate,". MPL 100/50/25% all add ons apply, and lesser of 100% of billed charges",39879,200,,,,,0,Case Rate,200% of Medicare OPPS. ; No services were performed during the 15 month look back period.,2310.71,,,,,,,Case Rate,"100%Medicare OPPS FS. ",7163,,,,,,,Case Rate,". ",7163,,,,,,,Case Rate,". ",7163,,,,,,,Case Rate,". ",7163,,,,,,,Case Rate,". ",7163,,,,,,,Case Rate,". ",8427,,,,,,,Case Rate,". Primary procedure pays at 100%, all subsequent at 50%.",8427,,,,,,,Case Rate,". Primary procedure pays at 100%, all subsequent at 50%.",7163,,,,,,,Case Rate,". ",7163,,,,,,,Case Rate,". ",7163,,,,,,,Case Rate,". ",7163,,,,,,,Case Rate,". ",7163,,,,,,,Case Rate,". ",2310.71,,,,,,,Case Rate,"100% Medicare OPPS FS. ",8427,,,,,,,Case Rate,". Primary procedure pays at 100%, all subsequent at 50%.",2310.71,,,,,,,Case Rate,"100% Medicare OPPS FS. ",4031.16,,,,,,,Case Rate,"225 Percent of Medicaid APG. If not included in Medicaid APG, then 100 Percent of Manhattan Medicare",1791.63,,,,,,,Case Rate,"100 Percent of Medicaid APG. ",34029.47,,,,,,,Case Rate,". MPL 100/50/25% all add ons apply, and lesser of 100% of billed charges",34029.47,,,,,,,Case Rate,". MPL 100/50/25% all add ons apply, and lesser of 100% of billed charges",2310.71,,,,,,,Case Rate,"100% Medicare OPPS FS. ",12574,,,,,,,Case Rate,". Primary procedure pays at 100%, all subsequent at 50%.",2310.71,,,,,,,Case Rate,"100% Medicare OPPS FS. ",2310.71,,,,,,,Case Rate,"100% Medicare OPPS FS. ",28939,,,,,,,Case Rate,". Primary procedure pays at 100%, secondary at 50%, all subsequent at 25%.  Lesser of applies when negotiated rates exceed charges less addons.",2310.71,,,,,,,Case Rate,"100% Medicare OPPS FS. ",6487,,,,,,,Case Rate,". MPL 100/50/25% maxmium of 3 procedures. All add ons apply, and lesser of 100% of billed charges",2310.71,,,,,,,Case Rate,"100% Medicare OPPS FS. ",6487,,,,,,,Case Rate,". MPL 100/50/25% maxmium of 3 procedures. All add ons apply, and lesser of 100% of billed charges",28939,,,,,,,Case Rate,". Primary procedure pays at 100%, secondary at 50%, all subsequent at 25%.  Lesser of applies when negotiated rates exceed charges less addons.",6487,,,,,,,Case Rate,". MPL 100/50/25% maxmium of 3 procedures. All add ons apply, and lesser of 100% of billed charges",2310.71,,,,,,,Case Rate,"100% Medicare OPPS FS. ",1791.63,,,,,,,Case Rate,"100 Percent of Medicaid APG. ",2310.71,,,,,,,Case Rate,"100% Medicare OPPS FS. ",6487,,,,,,,Case Rate,". MPL 100/50/25% maxmium of 3 procedures. All add ons apply, and lesser of 100% of billed charges",34029.47,,,,,,,Case Rate,". MPL 100/50/25% all add ons apply, and lesser of 100% of billed charges",1791.63,,,,,,,Case Rate,"100 Percent of Medicaid APG. ",14557,,,,,,,Case Rate,". MPL 100/50/25% all add ons apply, and lesser of 100% of billed charges",2149.95,,,,,,,Fee Schedule,"120 Percent of Medicaid APG. ",2149.95,,,,,,,Fee Schedule,"120 Percent of Medicaid APG. ",14557,,,,,,,Case Rate,". MPL 100/50/25% all add ons apply, and lesser of 100% of billed charges",14557,,,,,,,Case Rate,". MPL 100/50/25% all add ons apply, and lesser of 100% of billed charges",14557,,,,,,,Case Rate,". MPL 100/50/25% all add ons apply, and lesser of 100% of billed charges",34029.47,,,,,,,Case Rate,". MPL 100/50/25% all add ons apply, and lesser of 100% of billed charges",14557,,,,,,,Case Rate,". MPL 100/50/25% all add ons apply, and lesser of 100% of billed charges",14557,,,,,,,Case Rate,". MPL 100/50/25% all add ons apply, and lesser of 100% of billed charges",14557,,,,,,,Case Rate,". MPL 100/50/25% all add ons apply, and lesser of 100% of billed charges",7163,,,,,,,Case Rate,". ",7163,,,,,,,Case Rate,". ",4575.21,,,,,,,Case Rate,198 Percent of Medicare OPPS. Metroplus will reimburse unlisted codes and described codes with no Medicare rate at 50 percent of charges.,1791.63,,,,,,,Case Rate,"100 Percent of Medicaid APG. ",34029.47,,,,,,,Case Rate,". MPL 100/50/25% all add ons apply, and lesser of 100% of billed charges",6487,,,,,,,Case Rate,". MPL 100/50/25% maxmium of 3 procedures. All add ons apply, and lesser of 100% of billed charges",28939,,,,,,,Case Rate,". Primary procedure pays at 100%, secondary at 50%, all subsequent at 25%.  Lesser of applies when negotiated rates exceed charges less addons.",34029.47,,,,,,,Case Rate,". MPL 100/50/25% all add ons apply, and lesser of 100% of billed charges",28939,,,,,,,Case Rate,". Primary procedure pays at 100%, secondary at 50%, all subsequent at 25%.  Lesser of applies when negotiated rates exceed charges less addons.",34029.47,,,,,,,Case Rate,". MPL 100/50/25% all add ons apply, and lesser of 100% of billed charges",14557,,,,,,,Case Rate,". MPL 100/50/25% all add ons apply, and lesser of 100% of billed charges",14557,,,,,,,Case Rate,". MPL 100/50/25% all add ons apply, and lesser of 100% of billed charges",14557,,,,,,,Case Rate,". MPL 100/50/25% all add ons apply, and lesser of 100% of billed charges",14557,,,,,,,Case Rate,". MPL 100/50/25% all add ons apply, and lesser of 100% of billed charges",2310.71,,,,,,,Case Rate,"100% Medicare OPPS FS. ",888.14,42034,
65285,CPT,,,490,RC,REPAIR OF EYE WOUND,,,both,,,,8539,,,,,,,Case Rate,". MPL 1st 100% of Payment Rate 50% of all others, all add ons apply, and lesser of 100% of billed charges.",8539,,,,,,,Case Rate,". MPL 1st 100% of Payment Rate 50% of all others, all add ons apply, and lesser of 100% of billed charges.",11080,,,,,,,Case Rate,". Primary procedure pays at 100%, secondary at 50%, all subsequent at 25%.  Lesser of applies when negotiated rates exceed charges less addons.",,100,,,,,0,percent of total billed charges,100 percent of billed charges; No services were performed during the 15 month look back period.,6105.48,,,,,,,Case Rate,"100% Medicare OPPS FS. ",11080,,,,,,,Case Rate,". Primary procedure pays at 100%, secondary at 50%, all subsequent at 25%.  Lesser of applies when negotiated rates exceed charges less addons.",11080,,,,,,,Case Rate,". Primary procedure pays at 100%, secondary at 50%, all subsequent at 25%.  Lesser of applies when negotiated rates exceed charges less addons.",11080,,,,,,,Case Rate,". Primary procedure pays at 100%, secondary at 50%, all subsequent at 25%.  Lesser of applies when negotiated rates exceed charges less addons.",4600.94,,,,,,,Case Rate,"100 Percent of Medicaid APG. ",3834.12,,,,,,,Case Rate,"100 Percent of Medicaid APG. ",,78,,,,,0,percent of total billed charges,78% of Billed Charges. Lesser of 100% of billed charges applies.; No services were performed during the 15 month look back period.,9024.56,,,,,,,Case Rate,". MPL 100/50/25% all add ons apply, and lesser of 100% of billed charges",3834.12,,,,,,,Case Rate,"100 Percent of Medicaid APG. ",6105.48,,,,,,,Case Rate,"100% Medicare OPPS FS. ",6487,,,,,,,Case Rate,". MPL 100/50/25% maxmium of 3 procedures. All add ons apply, and lesser of 100% of billed charges",6487,,,,,,,Case Rate,". MPL 100/50/25% maxmium of 3 procedures. All add ons apply, and lesser of 100% of billed charges",6487,,,,,,,Case Rate,". MPL 100/50/25% maxmium of 3 procedures. All add ons apply, and lesser of 100% of billed charges",6487,,,,,,,Case Rate,". MPL 100/50/25% maxmium of 3 procedures. All add ons apply, and lesser of 100% of billed charges",3834.12,,,,,,,Case rate,124 Percent of Medicaid APG. Covered services not payable under Medicaid Fee Schedules default to a payment of 50 percent of charges.,6105.48,,,,,,,Case Rate,"100% Medicare OPPS FS. ",3834.12,,,,,,,Case rate,124 Percent of Medicaid APG. Covered services not payable under Medicaid Fee Schedules default to a payment of 50 percent of charges.,,78,,,,,0,percent of total billed charges,78% of Billed Charges. Lesser of 100% of billed charges applies.; No services were performed during the 15 month look back period.,11080,,,,,,,Case Rate,". Primary procedure pays at 100%, secondary at 50%, all subsequent at 25%.  Lesser of applies when negotiated rates exceed charges less addons.",6105.48,,,,,,,Case Rate,"100%Medicare OPPS FS. ",8427,,,,,,,Case Rate,". Primary procedure pays at 100%, all subsequent at 50%.",6105.48,,,,,,,Case Rate,"100%Medicare OPPS FS. ",6105.48,,,,,,,Case Rate,"100%Medicare OPPS FS. ",,78,,,,,0,percent of total billed charges,78% of Billed Charges. Lesser of 100% of billed charges applies.; No services were performed during the 15 month look back period.,2017.68,,,,,,,Case Rate,100% of PAS. Lesser of 100% of billed charges applies.,2017.68,,,,,,,Case Rate,100% of PAS. Lesser of 100% of billed charges applies.,3834.12,,,,,,,Case rate,"100 Percent of Medicaid APG. ",3834.12,,,,,,,Case rate,"100 Percent of Medicaid APG. ",8427,,,,,,,Case Rate,". Primary procedure pays at 100%, all subsequent at 50%.",8427,,,,,,,Case Rate,". Primary procedure pays at 100%, all subsequent at 50%.",3834.12,,,,,,,Case Rate,"100 Percent of Medicaid APG. Not APG payable, or payable under another fee schedule like ASP/AWP pays at 30% of charges",8427,,,,,,,Case Rate,". Primary procedure pays at 100%, all subsequent at 50%.",3834.12,,,,,,,Case Rate,"100 Percent of Medicaid APG. Not APG payable, or payable under another fee schedule like ASP/AWP pays at 30% of charges",6105.48,,,,,,,Case Rate,"100%Medicare OPPS FS. ",8427,,,,,,,Case Rate,". Primary procedure pays at 100%, all subsequent at 50%.",,78,,,,,0,percent of total billed charges,78% of Billed Charges. Lesser of 100% of billed charges applies.; No services were performed during the 15 month look back period.,3834.12,,,,,,,Case Rate,"100 Percent of Medicaid APG. ",3834.12,,,,,,,Case Rate,"100 Percent of Medicaid APG. ",,78,,,,,0,percent of total billed charges,78% of Billed Charges. Lesser of 100% of billed charges applies.; No services were performed during the 15 month look back period.,6487,,,,,,,Case Rate,". MPL 100/50/25% maxmium of 3 procedures. All add ons apply, and lesser of 100% of billed charges",7929,,,,,,,Case Rate,". MPL 100/50/25% all add ons apply, and lesser of 100% of billed charges",7929,,,,,,,Case Rate,". MPL 100/50/25% all add ons apply, and lesser of 100% of billed charges",,78,,,,,0,percent of total billed charges,78% of Billed Charges. Lesser of 100% of billed charges applies.; No services were performed during the 15 month look back period.,6105.48,,,,,,,Case Rate,"100% Medicare OPPS FS. ",9024.56,,,,,,,Case Rate,". MPL 100/50/25% all add ons apply, and lesser of 100% of billed charges",9024.56,,,,,,,Case Rate,". MPL 100/50/25% all add ons apply, and lesser of 100% of billed charges",9024.56,,,,,,,Case Rate,". MPL 100/50/25% all add ons apply, and lesser of 100% of billed charges",6105.48,,,,,,,Case Rate,"100% Medicare OPPS FS. ",9024.56,,,,,,,Case Rate,". MPL 100/50/25% all add ons apply, and lesser of 100% of billed charges",9024.56,,,,,,,Case Rate,". MPL 100/50/25% all add ons apply, and lesser of 100% of billed charges",6105.48,,,,,,,Case Rate,"100% of Medicare OPPS. ",25798,,,,,,,Case Rate,". MPL 100/75/50% all add ons apply, and lesser of 100% of billed charges",14557,,,,,,,Case Rate,". MPL 100/50/25% all add ons apply, and lesser of 100% of billed charges",14557,,,,,,,Case Rate,". MPL 100/50/25% all add ons apply, and lesser of 100% of billed charges",14557,,,,,,,Case Rate,". MPL 100/50/25% all add ons apply, and lesser of 100% of billed charges",14557,,,,,,,Case Rate,". MPL 100/50/25% all add ons apply, and lesser of 100% of billed charges",14557,,,,,,,Case Rate,". MPL 100/50/25% all add ons apply, and lesser of 100% of billed charges",14557,,,,,,,Case Rate,". MPL 100/50/25% all add ons apply, and lesser of 100% of billed charges",6105.48,,,,,,,Case Rate,"100% Medicare OPPS FS. ",6105.48,,,,,,,Case Rate,"100% Medicare OPPS FS. ",14557,,,,,,,Case Rate,". MPL 100/50/25% all add ons apply, and lesser of 100% of billed charges",,78,,,,,0,percent of total billed charges,78% of Billed Charges. Lesser of 100% of billed charges applies.; No services were performed during the 15 month look back period.,,78,,,,,0,percent of total billed charges,78% of Billed Charges. Lesser of 100% of billed charges applies.; No services were performed during the 15 month look back period.,,78,,,,,0,percent of total billed charges,78% of Billed Charges. Lesser of 100% of billed charges applies.; No services were performed during the 15 month look back period.,,78,,,,,0,percent of total billed charges,78% of Billed Charges. Lesser of 100% of billed charges applies.; No services were performed during the 15 month look back period.,,78,,,,,0,percent of total billed charges,78% of Billed Charges. Lesser of 100% of billed charges applies.; No services were performed during the 15 month look back period.,,78,,,,,0,percent of total billed charges,78% of Billed Charges. Lesser of 100% of billed charges applies.; No services were performed during the 15 month look back period.,,78,,,,,0,percent of total billed charges,78% of Billed Charges. Lesser of 100% of billed charges applies.; No services were performed during the 15 month look back period.,,78,,,,,0,percent of total billed charges,78% of Billed Charges. Lesser of 100% of billed charges applies.; No services were performed during the 15 month look back period.,,78,,,,,0,percent of total billed charges,78% of Billed Charges. Lesser of 100% of billed charges applies.; No services were performed during the 15 month look back period.,,78,,,,,0,percent of total billed charges,78% of Billed Charges. Lesser of 100% of billed charges applies.; No services were performed during the 15 month look back period.,,78,,,,,0,percent of total billed charges,78% of Billed Charges. Lesser of 100% of billed charges applies.; No services were performed during the 15 month look back period.,,78,,,,,0,percent of total billed charges,78% of Billed Charges. Lesser of 100% of billed charges applies.; No services were performed during the 15 month look back period.,,78,,,,,0,percent of total billed charges,78% of Billed Charges. Lesser of 100% of billed charges applies.; No services were performed during the 15 month look back period.,,78,,,,,0,percent of total billed charges,78% of Billed Charges. Lesser of 100% of billed charges applies.; No services were performed during the 15 month look back period.,,78,,,,,0,percent of total billed charges,78% of Billed Charges. Lesser of 100% of billed charges applies.; No services were performed during the 15 month look back period.,,78,,,,,0,percent of total billed charges,78% of Billed Charges. Lesser of 100% of billed charges applies.; No services were performed during the 15 month look back period.,,78,,,,,0,percent of total billed charges,78% of Billed Charges. Lesser of 100% of billed charges applies.; No services were performed during the 15 month look back period.,,78,,,,,0,percent of total billed charges,78% of Billed Charges. Lesser of 100% of billed charges applies.; No services were performed during the 15 month look back period.,,78,,,,,0,percent of total billed charges,78% of Billed Charges. Lesser of 100% of billed charges applies.; No services were performed during the 15 month look back period.,,78,,,,,0,percent of total billed charges,78% of Billed Charges. Lesser of 100% of billed charges applies.; No services were performed during the 15 month look back period.,,78,,,,,0,percent of total billed charges,78% of Billed Charges. Lesser of 100% of billed charges applies.; No services were performed during the 15 month look back period.,,78,,,,,0,percent of total billed charges,78% of Billed Charges. Lesser of 100% of billed charges applies.; No services were performed during the 15 month look back period.,,78,,,,,0,percent of total billed charges,78% of Billed Charges. Lesser of 100% of billed charges applies.; No services were performed during the 15 month look back period.,,78,,,,,0,percent of total billed charges,78% of Billed Charges. Lesser of 100% of billed charges applies.; No services were performed during the 15 month look back period.,,78,,,,,0,percent of total billed charges,78% of Billed Charges. Lesser of 100% of billed charges applies.; No services were performed during the 15 month look back period.,,78,,,,,0,percent of total billed charges,78% of Billed Charges. Lesser of 100% of billed charges applies.; No services were performed during the 15 month look back period.,8427,,,,,,,Case Rate,". Primary procedure pays at 100%, all subsequent at 50%.",8427,,,,,,,Case Rate,". Primary procedure pays at 100%, all subsequent at 50%.",8427,,,,,,,Case Rate,". Primary procedure pays at 100%, all subsequent at 50%.",8427,,,,,,,Case Rate,". Primary procedure pays at 100%, all subsequent at 50%.",12574,,,,,,,Case Rate,". Primary procedure pays at 100%, all subsequent at 50%.",12574,,,,,,,Case Rate,". Primary procedure pays at 100%, all subsequent at 50%.",6487,,,,,,,Case Rate,". MPL 100/50/25% maxmium of 3 procedures. All add ons apply, and lesser of 100% of billed charges",14557,,,,,,,Case Rate,". MPL 100/50/25% all add ons apply, and lesser of 100% of billed charges",9024.56,,,,,,,Case Rate,". MPL 100/50/25% all add ons apply, and lesser of 100% of billed charges",14557,,,,,,,Case Rate,". MPL 100/50/25% all add ons apply, and lesser of 100% of billed charges",,78,,,,,0,percent of total billed charges,78% of Billed Charges. Lesser of 100% of billed charges applies.; No services were performed during the 15 month look back period.,12574,,,,,,,Case Rate,". Primary procedure pays at 100%, all subsequent at 50%.",14557,,,,,,,Case Rate,". MPL 100/50/25% all add ons apply, and lesser of 100% of billed charges",9024.56,,,,,,,Case Rate,". MPL 100/50/25% all add ons apply, and lesser of 100% of billed charges",6487,,,,,,,Case Rate,". MPL 100/50/25% maxmium of 3 procedures. All add ons apply, and lesser of 100% of billed charges",,,,,,,,,"NA. ",,78,,,,,0,percent of total billed charges,78% of Billed Charges. Lesser of 100% of billed charges applies.; No services were performed during the 15 month look back period.,3834.12,,,,,,,Case Rate,"100 Percent of Medicaid APG. ",8427,,,,,,,Case Rate,". Primary procedure pays at 100%, all subsequent at 50%.",3834.12,,,,,,,Case Rate,"100 Percent of Medicaid APG. Not APG payable, or payable under another fee schedule like ASP/AWP pays at 30% of charges",6105.48,,,,,,,Case Rate,"100%Medicare OPPS FS. ",6105.48,,,,,,,Case Rate,"100% Medicare OPPS FS. ",25798,,,,,,,Case Rate,". MPL 100/75/50% all add ons apply, and lesser of 100% of billed charges",6105.48,,,,,,,Case Rate,"100% Medicare OPPS FS. ",6105.48,,,,,,,Case Rate,"100% Medicare OPPS FS. ",3834.12,,,,,,,Case Rate,"100 Percent of Medicaid APG. ",6105.48,,,,,,,Case Rate,"100% Medicare OPPS FS. ",6105.48,,,,,,,Case Rate,"100% Medicare OPPS FS. ",11080,,,,,,,Case Rate,". Primary procedure pays at 100%, secondary at 50%, all subsequent at 25%.  Lesser of applies when negotiated rates exceed charges less addons.",11080,,,,,,,Case Rate,". Primary procedure pays at 100%, secondary at 50%, all subsequent at 25%.  Lesser of applies when negotiated rates exceed charges less addons.",6105.48,,,,,,,Case Rate,"100% Medicare OPPS FS. ",6487,,,,,,,Case Rate,". MPL 100/50/25% maxmium of 3 procedures. All add ons apply, and lesser of 100% of billed charges",9024.56,,,,,,,Case Rate,". MPL 100/50/25% all add ons apply, and lesser of 100% of billed charges",9024.56,,,,,,,Case Rate,". MPL 100/50/25% all add ons apply, and lesser of 100% of billed charges",6105.48,,,,,,,Case Rate,"100% Medicare OPPS FS. ",6487,,,,,,,Case Rate,". MPL 100/50/25% maxmium of 3 procedures. All add ons apply, and lesser of 100% of billed charges",11080,,,,,,,Case Rate,". Primary procedure pays at 100%, secondary at 50%, all subsequent at 25%.  Lesser of applies when negotiated rates exceed charges less addons.",11080,,,,,,,Case Rate,". Primary procedure pays at 100%, secondary at 50%, all subsequent at 25%.  Lesser of applies when negotiated rates exceed charges less addons.",11080,,,,,,,Case Rate,". Primary procedure pays at 100%, secondary at 50%, all subsequent at 25%.  Lesser of applies when negotiated rates exceed charges less addons.",,78,,,,,0,percent of total billed charges,78% of Billed Charges. Lesser of 100% of billed charges applies.; No services were performed during the 15 month look back period.,,78,,,,,0,percent of total billed charges,78% of Billed Charges. Lesser of 100% of billed charges applies.; No services were performed during the 15 month look back period.,,78,,,,,0,percent of total billed charges,78% of Billed Charges. Lesser of 100% of billed charges applies.; No services were performed during the 15 month look back period.,,78,,,,,0,percent of total billed charges,78% of Billed Charges. Lesser of 100% of billed charges applies.; No services were performed during the 15 month look back period.,,78,,,,,0,percent of total billed charges,78% of Billed Charges. Lesser of 100% of billed charges applies.; No services were performed during the 15 month look back period.,,78,,,,,0,percent of total billed charges,78% of Billed Charges. Lesser of 100% of billed charges applies.; No services were performed during the 15 month look back period.,,78,,,,,0,percent of total billed charges,78% of Billed Charges. Lesser of 100% of billed charges applies.; No services were performed during the 15 month look back period.,,78,,,,,0,percent of total billed charges,78% of Billed Charges. Lesser of 100% of billed charges applies.; No services were performed during the 15 month look back period.,,78,,,,,0,percent of total billed charges,78% of Billed Charges. Lesser of 100% of billed charges applies.; No services were performed during the 15 month look back period.,,78,,,,,0,percent of total billed charges,78% of Billed Charges. Lesser of 100% of billed charges applies.; No services were performed during the 15 month look back period.,,78,,,,,0,percent of total billed charges,78% of Billed Charges. Lesser of 100% of billed charges applies.; No services were performed during the 15 month look back period.,12574,,,,,,,Case Rate,". Primary procedure pays at 100%, all subsequent at 50%.",14557,,,,,,,Case Rate,". MPL 100/50/25% all add ons apply, and lesser of 100% of billed charges",6487,,,,,,,Case Rate,". MPL 100/50/25% maxmium of 3 procedures. All add ons apply, and lesser of 100% of billed charges",6105.48,,,,,,,Case Rate,"100% Medicare OPPS FS. ",11080,,,,,,,Case Rate,". Primary procedure pays at 100%, secondary at 50%, all subsequent at 25%.  Lesser of applies when negotiated rates exceed charges less addons.",6487,,,,,,,Case Rate,". MPL 100/50/25% maxmium of 3 procedures. All add ons apply, and lesser of 100% of billed charges",6487,,,,,,,Case Rate,". MPL 100/50/25% maxmium of 3 procedures. All add ons apply, and lesser of 100% of billed charges",,78,,,,,0,percent of total billed charges,78% of Billed Charges. Lesser of 100% of billed charges applies.; No services were performed during the 15 month look back period.,8205.01,,,,,,,Case Rate,"214 Percent of Medicaid APG. Drugs not priced under APG, billed with revenue code 636 and not priced by Medicare ASP FeeSched will be reimbursed at 20% of charges.",6487,,,,,,,Case Rate,". MPL 100/50/25% maxmium of 3 procedures. All add ons apply, and lesser of 100% of billed charges",3834.12,,,,,,,Case Rate,"100 Percent of Medicaid APG. ",6105.48,,,,,,,Case Rate,"100% Medicare OPPS FS. ",6105.48,,,,,,,Case Rate,"100% Medicare OPPS FS. ",6105.48,,,,,,,Case Rate,"100% Medicare OPPS FS. ",6105.48,,,,,,,Case Rate,"100% Medicare OPPS FS. ",6105.48,,,,,,,Case Rate,"100% Medicare OPPS FS. ",6105.48,,,,,,,Case Rate,"100% Medicare OPPS FS. ",6487,,,,,,,Case Rate,". MPL 100/50/25% maxmium of 3 procedures. All add ons apply, and lesser of 100% of billed charges",25798,,,,,,,Case Rate,". MPL 100/75/50% all add ons apply, and lesser of 100% of billed charges",6901.41,,,,,,,Fee Schedule,"180 Percent of Medicaid APG. ",6901.41,,,,,,,Fee Schedule,"180 Percent of Medicaid APG. ",6901.41,,,,,,,Fee Schedule,"180 Percent of Medicaid APG. ",6901.41,,,,,,,Fee Schedule,"180 Percent of Medicaid APG. ",6901.41,,,,,,,Fee Schedule,"180 Percent of Medicaid APG. ",,,,,,,,,"NA. ",25798,,,,,,,Case Rate,". MPL 100/75/50% all add ons apply, and lesser of 100% of billed charges",12088.86,,,,,,,Case Rate,198 Percent of Medicare OPPS. Metroplus will reimburse unlisted codes and described codes with no Medicare rate at 50 percent of charges.,12088.86,,,,,,,Case Rate,198 Percent of Medicare OPPS. Metroplus will reimburse unlisted codes and described codes with no Medicare rate at 50 percent of charges.,12088.86,,,,,,,Case Rate,198 Percent of Medicare OPPS. Metroplus will reimburse unlisted codes and described codes with no Medicare rate at 50 percent of charges.,12088.86,,,,,,,Case Rate,198 Percent of Medicare OPPS. Metroplus will reimburse unlisted codes and described codes with no Medicare rate at 50 percent of charges.,12088.86,,,,,,,Case Rate,198 Percent of Medicare OPPS. Metroplus will reimburse unlisted codes and described codes with no Medicare rate at 50 percent of charges.,6105.48,,,,,,,Case Rate,"100% Medicare OPPS FS. ",12574,,,,,,,Case Rate,". Primary procedure pays at 100%, all subsequent at 50%.",12574,,,,,,,Case Rate,". Primary procedure pays at 100%, all subsequent at 50%.",12574,,,,,,,Case Rate,". Primary procedure pays at 100%, all subsequent at 50%.",12574,,,,,,,Case Rate,". Primary procedure pays at 100%, all subsequent at 50%.",11080,,,,,,,Case Rate,". Primary procedure pays at 100%, secondary at 50%, all subsequent at 25%.  Lesser of applies when negotiated rates exceed charges less addons.",11080,,,,,,,Case Rate,". Primary procedure pays at 100%, secondary at 50%, all subsequent at 25%.  Lesser of applies when negotiated rates exceed charges less addons.",11080,,,,,,,Case Rate,". Primary procedure pays at 100%, secondary at 50%, all subsequent at 25%.  Lesser of applies when negotiated rates exceed charges less addons.",11080,,,,,,,Case Rate,". Primary procedure pays at 100%, secondary at 50%, all subsequent at 25%.  Lesser of applies when negotiated rates exceed charges less addons.",25798,,,,,,,Case Rate,". MPL 100/75/50% all add ons apply, and lesser of 100% of billed charges",25798,,,,,,,Case Rate,". MPL 100/75/50% all add ons apply, and lesser of 100% of billed charges",6105.48,,,,,,,Case Rate,"100% Medicare OPPS FS. ",6105.48,,,,,,,Case Rate,"100% Medicare OPPS FS. ",6105.48,,,,,,,Case Rate,"100% Medicare OPPS FS. ",14557,,,,,,,Case Rate,". MPL 100/50/25% all add ons apply, and lesser of 100% of billed charges",14557,,,,,,,Case Rate,". MPL 100/50/25% all add ons apply, and lesser of 100% of billed charges",14557,,,,,,,Case Rate,". MPL 100/50/25% all add ons apply, and lesser of 100% of billed charges",25798,,,,,,,Case Rate,". MPL 100/75/50% all add ons apply, and lesser of 100% of billed charges",11080,,,,,,,Case Rate,". Primary procedure pays at 100%, secondary at 50%, all subsequent at 25%.  Lesser of applies when negotiated rates exceed charges less addons.",6105.48,,,,,,,Case Rate,"100% Medicare OPPS FS. ",14557,,,,,,,Case Rate,". MPL 100/50/25% all add ons apply, and lesser of 100% of billed charges",3834.12,,,,,,,Case Rate,"100 Percent of Medicaid APG. ",6227.59,,,,,,,Case Rate,"102% of Medicare OPPS. ",6227.59,,,,,,,Case Rate,"102% of Medicare OPPS. ",6227.59,,,,,,,Case Rate,"102% of Medicare OPPS. ",3834.12,,,,,,,Case rate,"100 Percent of Medicaid APG. ",8626.76,,,,,,,Case Rate,225% of NYS APG. Lesser of 100% of billed charges applies.,8626.76,,,,,,,Case Rate,225% of NYS APG. Lesser of 100% of billed charges applies.,8626.76,,,,,,,Case Rate,225% of NYS APG. Lesser of 100% of billed charges applies.,8626.76,,,,,,,Case Rate,225% of NYS APG. Lesser of 100% of billed charges applies.,8626.76,,,,,,,Case Rate,225% of NYS APG. Lesser of 100% of billed charges applies.,6227.59,,,,,,,Case Rate,"102% of Medicare OPPS. ",3834.12,,,,,,,Case Rate,"100 Percent of Medicaid APG. ",2017.68,,,,,,,Case Rate,100% of PAS. Lesser of 100% of billed charges applies.,8626.76,,,,,,,Case Rate,225% of NYS APG. Lesser of 100% of billed charges applies.,8626.76,,,,,,,Case Rate,225% of NYS APG. Lesser of 100% of billed charges applies.,2017.68,,,,,,,Case Rate,100% of PAS. Lesser of 100% of billed charges applies.,2017.68,,,,,,,Case Rate,100% of PAS. Lesser of 100% of billed charges applies.,6901.41,,,,,,,Fee Schedule,"180 Percent of Medicaid APG. ",6105.48,,,,,,,Case Rate,"100% Medicare OPPS FS. ",6105.48,,,,,,,Case Rate,"100% Medicare OPPS FS. ",11080,,,,,,,Case Rate,". Primary procedure pays at 100%, secondary at 50%, all subsequent at 25%.  Lesser of applies when negotiated rates exceed charges less addons.",6105.48,,,,,,,Case Rate,"100% Medicare OPPS FS. ",8626.76,,,,,,,Case Rate,"225 Percent of Medicaid APG. ",8626.76,,,,,,,Case Rate,"225 Percent of Medicaid APG. ",3834.12,,,,,,,Case rate,"100 Percent of Medicaid APG. ",3834.12,,,,,,,Case rate,"100 Percent of Medicaid APG. ",8626.76,,,,,,,Case Rate,225 Percent of Medicaid APG. Covered services not payable under Medicaid Fee Schedules default to a payment of 87.5 percent of charges.,3834.12,,,,,,,Case rate,124 Percent of Medicaid APG. Covered services not payable under Medicaid Fee Schedules default to a payment of 50 percent of charges.,8626.76,,,,,,,Case Rate,"100 Percent of Medicaid APG. ",8626.76,,,,,,,Case Rate,"100 Percent of Medicaid APG. ",8626.76,,,,,,,Case Rate,"100 Percent of Medicaid APG. ",8626.76,,,,,,,Case Rate,"100 Percent of Medicaid APG. ",13453,,,,,,,Case Rate,". MPL 100/75/50% all add ons apply, and lesser of 100% of billed charges",25798,,,,,,,Case Rate,". MPL 100/75/50% all add ons apply, and lesser of 100% of billed charges",4600.94,,,,,,,Case Rate,"120 Percent of Medicaid APG. Not APG payable, or payable under another fee schedule like ASP/AWP pays at 30% of charges",4600.94,,,,,,,Case Rate,"120 Percent of Medicaid APG. Not APG payable, or payable under another fee schedule like ASP/AWP pays at 30% of charges",3834.12,,,,,,,Case Rate,"100 Percent of Medicaid APG. Not APG payable, or payable under another fee schedule like ASP/AWP pays at 30% of charges",3834.12,,,,,,,Case Rate,"100 Percent of Medicaid APG. Not APG payable, or payable under another fee schedule like ASP/AWP pays at 30% of charges",14557,,,,,,,Case Rate,". MPL 100/50/25% all add ons apply, and lesser of 100% of billed charges",14557,,,,,,,Case Rate,". MPL 100/50/25% all add ons apply, and lesser of 100% of billed charges",6105.48,,,,,,,Case Rate,"100% Medicare OPPS FS. ",14557,,,,,,,Case Rate,". MPL 100/50/25% all add ons apply, and lesser of 100% of billed charges",14557,,,,,,,Case Rate,". MPL 100/50/25% all add ons apply, and lesser of 100% of billed charges",14557,,,,,,,Case Rate,". MPL 100/50/25% all add ons apply, and lesser of 100% of billed charges",14557,,,,,,,Case Rate,". MPL 100/50/25% all add ons apply, and lesser of 100% of billed charges",6105.48,,,,,,,Case Rate,"100% Medicare OPPS FS. ",14557,,,,,,,Case Rate,". MPL 100/50/25% all add ons apply, and lesser of 100% of billed charges",14557,,,,,,,Case Rate,". MPL 100/50/25% all add ons apply, and lesser of 100% of billed charges",11080,,,,,,,Case Rate,". Primary procedure pays at 100%, secondary at 50%, all subsequent at 25%.  Lesser of applies when negotiated rates exceed charges less addons.",3834.12,,,,,,,Fee Schedule,100% APG. Lesser of 100% of billed charges applies.,3834.12,,,,,,,Case rate,124 Percent of Medicaid APG. Covered services not payable under Medicaid Fee Schedules default to a payment of 50 percent of charges.,8626.76,,,,,,,Case Rate,225% of NYS APG. Lesser of 100% of billed charges applies.,8626.76,,,,,,,Case Rate,225 Percent of Medicaid APG. Covered services not payable under Medicaid Fee Schedules default to a payment of 87.5 percent of charges.,3834.12,,,,,,,Case rate,124 Percent of Medicaid APG. Covered services not payable under Medicaid Fee Schedules default to a payment of 50 percent of charges.,8626.76,,,,,,,Case Rate,225% of NYS APG. Lesser of 100% of billed charges applies.,8626.76,,,,,,,Case Rate,225% of NYS APG. Lesser of 100% of billed charges applies.,8626.76,,,,,,,Case Rate,225% of NYS APG. Lesser of 100% of billed charges applies.,8626.76,,,,,,,Case Rate,225% of NYS APG. Lesser of 100% of billed charges applies.,8626.76,,,,,,,Case Rate,225% of NYS APG. Lesser of 100% of billed charges applies.,8626.76,,,,,,,Case Rate,225% of NYS APG. Lesser of 100% of billed charges applies.,,,,,,,,,"NA. ",,,,,,,,,"NA. ",,,,,,,,,"NA. ",6487,,,,,,,Case Rate,". MPL 100/50/25% maxmium of 3 procedures. All add ons apply, and lesser of 100% of billed charges",,,,,,,,,"NA. ",6105.48,,,,,,,Case Rate,"100% Medicare OPPS FS. ",8539,,,,,,,Case Rate,". MPL 1st 100% of Payment Rate 50% of all others, all add ons apply, and lesser of 100% of billed charges.",6105.48,,,,,,,Case Rate,"100% Medicare OPPS FS. ",6105.48,,,,,,,Case Rate,"100% Medicare OPPS FS. ",4600.94,,,,,,,Case Rate,"120 Percent of Medicaid APG. Not APG payable, or payable under another fee schedule like ASP/AWP pays at 30% of charges",4600.94,,,,,,,Case Rate,"120 Percent of Medicaid APG. Not APG payable, or payable under another fee schedule like ASP/AWP pays at 30% of charges",3834.12,,,,,,,Case Rate,"100 Percent of Medicaid APG. Not APG payable, or payable under another fee schedule like ASP/AWP pays at 30% of charges",3834.12,,,,,,,Case Rate,"100 Percent of Medicaid APG. Not APG payable, or payable under another fee schedule like ASP/AWP pays at 30% of charges",3834.12,,,,,,,Case Rate,"100 Percent of Medicaid APG. ",7163,,,,,,,Case Rate,". ",11080,,,,,,,Case Rate,". Primary procedure pays at 100%, secondary at 50%, all subsequent at 25%.  Lesser of applies when negotiated rates exceed charges less addons.",8427,,,,,,,Case Rate,". Primary procedure pays at 100%, all subsequent at 50%.",6487,,,,,,,Case Rate,". MPL 100/50/25% maxmium of 3 procedures. All add ons apply, and lesser of 100% of billed charges",6105.48,,,,,,,Case Rate,"100%Medicare OPPS FS. ",6105.48,,,,,,,Case Rate,"100% Medicare OPPS FS. ",6105.48,,,,,,,Case Rate,"100% Medicare OPPS FS. ",6105.48,,,,,,,Case Rate,"100% Medicare OPPS FS. ",6105.48,,,,,,,Case Rate,"100%Medicare OPPS FS. ",6105.48,,,,,,,Case Rate,"100% Medicare OPPS FS. ",,,,,,,,,"NA. ",8626.76,,,,,,,Case Rate,225% of NYS APG. Lesser of 100% of billed charges applies.,2017.68,,,,,,,Case Rate,100% of PAS. Lesser of 100% of billed charges applies.,14557,,,,,,,Case Rate,". MPL 100/50/25% all add ons apply, and lesser of 100% of billed charges",7163,,,,,,,Case Rate,". ",7163,,,,,,,Case Rate,". ",7163,,,,,,,Case Rate,". ",7163,,,,,,,Case Rate,". ",6105.48,,,,,,,Case Rate,"100% Medicare OPPS FS. ",3834.12,,,,,,,Case Rate,"100 Percent of Medicaid APG. ",14557,,,,,,,Case Rate,". MPL 100/50/25% all add ons apply, and lesser of 100% of billed charges",3834.12,,,,,,,Case Rate,"100 Percent of Medicaid APG. ",6105.48,,,,,,,Case Rate,"100% Medicare OPPS FS. ",3834.12,,,,,,,Case Rate,"100 Percent of Medicaid APG. ",6105.48,,,,,,,Case Rate,"100% Medicare OPPS FS. ",6105.48,,,,,,,Case Rate,"100% Medicare OPPS FS. ",3834.12,,,,,,,Case Rate,"100 Percent of Medicaid APG. ",3834.12,,,,,,,Case Rate,"100 Percent of Medicaid APG. ",7163,,,,,,,Case Rate,". ",6487,,,,,,,Case Rate,". MPL 100/50/25% maxmium of 3 procedures. All add ons apply, and lesser of 100% of billed charges",,78,,,,,0,percent of total billed charges,78% of Billed Charges. Lesser of 100% of billed charges applies.; No services were performed during the 15 month look back period.,9024.56,,,,,,,Case Rate,". MPL 100/50/25% all add ons apply, and lesser of 100% of billed charges",9024.56,,,,,,,Case Rate,". MPL 100/50/25% all add ons apply, and lesser of 100% of billed charges",11080,,,,,,,Case Rate,". Primary procedure pays at 100%, secondary at 50%, all subsequent at 25%.  Lesser of applies when negotiated rates exceed charges less addons.",2523.81,,,,,,,Case Rate,"83% HF Fee schedule. ",12574,,,,,,,Case Rate,". Primary procedure pays at 100%, all subsequent at 50%.",12574,,,,,,,Case Rate,". Primary procedure pays at 100%, all subsequent at 50%.",11646,,,,,,,Case Rate,". MPL 100/50/25% all add ons apply, and lesser of 100% of billed charges",11646,,,,,,,Case Rate,". MPL 100/50/25% all add ons apply, and lesser of 100% of billed charges",6105.48,,,,,,,Case Rate,"100% Medicare OPPS FS. ",6105.48,,,,,,,Case Rate,"100% Medicare OPPS FS. ",6105.48,,,,,,,Case Rate,"100% Medicare OPPS FS. ",6105.48,,,,,,,Case Rate,"100% Medicare OPPS FS. ",9024.56,,,,,,,Case Rate,". MPL 100/50/25% all add ons apply, and lesser of 100% of billed charges",14557,,,,,,,Case Rate,". MPL 100/50/25% all add ons apply, and lesser of 100% of billed charges",14557,,,,,,,Case Rate,". MPL 100/50/25% all add ons apply, and lesser of 100% of billed charges",6105.48,,,,,,,Case Rate,"100% Medicare OPPS FS. ",11646,,,,,,,Case Rate,". MPL 100/50/25% all add ons apply, and lesser of 100% of billed charges",8427,,,,,,,Case Rate,". Primary procedure pays at 100%, all subsequent at 50%.",4600.94,,,,,,,Fee Schedule,"120 Percent of Medicaid APG. ",3834.12,,,,,,,Case Rate,"100 Percent of Medicaid APG. ",7163,,,,,,,Case Rate,". ",13101,,,,,,,Case Rate,". MPL 100/50/25% all add ons apply, and lesser of 100% of billed charges",13101,,,,,,,Case Rate,". MPL 100/50/25% all add ons apply, and lesser of 100% of billed charges",14557,,,,,,,Case Rate,". MPL 100/50/25% all add ons apply, and lesser of 100% of billed charges",14948,,,,,,,Case Rate,". MPL 100/75/50% all add ons apply, and lesser of 100% of billed charges",6105.48,,,,,,,Case Rate,"100%Medicare OPPS FS. ",4025.82,,,,,,,Fee Schedule,105 percent of Medicaid APG. otherwise 105% of Ordered NYS MCD FS or 105% of ASP+6%,4025.82,,,,,,,Fee Schedule,105 percent of Medicaid APG. otherwise 105% of Ordered NYS MCD FS or 105% of ASP+6%,4025.82,,,,,,,Fee Schedule,105 percent of Medicaid APG. otherwise 105% of Ordered NYS MCD FS or 105% of ASP+6%,5176.06,,,,,,,Fee Schedule,135 percent of Medicaid APG. otherwise 135% of Ordered NYS MCD FS or 135% of ASP+6%,9024.56,,,,,,,Case Rate,". MPL 100/50/25% all add ons apply, and lesser of 100% of billed charges",4025.82,,,,,,,Fee Schedule,105 percent of Medicaid APG. otherwise 105% of Ordered NYS MCD FS or 105% of ASP+6%,4025.82,,,,,,,Fee Schedule,105 percent of Medicaid APG. otherwise 105% of Ordered NYS MCD FS or 105% of ASP+6%,4025.82,,,,,,,Fee Schedule,105 percent of Medicaid APG. otherwise 105% of Ordered NYS MCD FS or 105% of ASP+6%,4025.82,,,,,,,Fee Schedule,105 percent of Medicaid APG. otherwise 105% of Ordered NYS MCD FS or 105% of ASP+6%,4025.82,,,,,,,Fee Schedule,105 percent of Medicaid APG. otherwise 105% of Ordered NYS MCD FS or 105% of ASP+6%,5176.06,,,,,,,Fee Schedule,135 percent of Medicaid APG. otherwise 135% of Ordered NYS MCD FS or 135% of ASP+6%,5176.06,,,,,,,Fee Schedule,135 percent of Medicaid APG. otherwise 135% of Ordered NYS MCD FS or 135% of ASP+6%,6105.48,,,,,,,Case Rate,"100% Medicare OPPS FS. ",9024.56,,,,,,,Case Rate,". MPL 100/50/25% all add ons apply, and lesser of 100% of billed charges",6105.48,,,,,,,Case Rate,"100% Medicare OPPS FS. ",4025.82,,,,,,,Fee Schedule,105 percent of Medicaid APG. otherwise 105% of Ordered NYS MCD FS or 105% of ASP+6%,14557,,,,,,,Case Rate,". MPL 100/50/25% all add ons apply, and lesser of 100% of billed charges",6105.48,,,,,,,Case Rate,"100% Medicare OPPS FS. ",14557,,,,,,,Case Rate,". MPL 100/50/25% all add ons apply, and lesser of 100% of billed charges",14557,,,,,,,Case Rate,". MPL 100/50/25% all add ons apply, and lesser of 100% of billed charges",14557,,,,,,,Case Rate,". MPL 100/50/25% all add ons apply, and lesser of 100% of billed charges",4025.82,,,,,,,Fee Schedule,105 percent of Medicaid APG. otherwise 105% of Ordered NYS MCD FS or 105% of ASP+6%,6105.48,,,,,,,Case Rate,"100% Medicare OPPS FS. ",14557,,,,,,,Case Rate,". MPL 100/50/25% all add ons apply, and lesser of 100% of billed charges",5176.06,,,,,,,Fee Schedule,135 percent of Medicaid APG. otherwise 135% of Ordered NYS MCD FS or 135% of ASP+6%,14557,,,,,,,Case Rate,". MPL 100/50/25% all add ons apply, and lesser of 100% of billed charges",,200,,,,,0,Case Rate,200% of Medicare OPPS. ; No services were performed during the 15 month look back period.,6105.48,,,,,,,Case Rate,"100%Medicare OPPS FS. ",7163,,,,,,,Case Rate,". ",7163,,,,,,,Case Rate,". ",7163,,,,,,,Case Rate,". ",7163,,,,,,,Case Rate,". ",7163,,,,,,,Case Rate,". ",8427,,,,,,,Case Rate,". Primary procedure pays at 100%, all subsequent at 50%.",8427,,,,,,,Case Rate,". Primary procedure pays at 100%, all subsequent at 50%.",7163,,,,,,,Case Rate,". ",7163,,,,,,,Case Rate,". ",7163,,,,,,,Case Rate,". ",7163,,,,,,,Case Rate,". ",7163,,,,,,,Case Rate,". ",6105.48,,,,,,,Case Rate,"100% Medicare OPPS FS. ",8427,,,,,,,Case Rate,". Primary procedure pays at 100%, all subsequent at 50%.",6105.48,,,,,,,Case Rate,"100% Medicare OPPS FS. ",8626.76,,,,,,,Case Rate,"225 Percent of Medicaid APG. If not included in Medicaid APG, then 100 Percent of Manhattan Medicare",3834.12,,,,,,,Case Rate,"100 Percent of Medicaid APG. ",9024.56,,,,,,,Case Rate,". MPL 100/50/25% all add ons apply, and lesser of 100% of billed charges",9024.56,,,,,,,Case Rate,". MPL 100/50/25% all add ons apply, and lesser of 100% of billed charges",6105.48,,,,,,,Case Rate,"100% Medicare OPPS FS. ",12574,,,,,,,Case Rate,". Primary procedure pays at 100%, all subsequent at 50%.",6105.48,,,,,,,Case Rate,"100% Medicare OPPS FS. ",6105.48,,,,,,,Case Rate,"100% Medicare OPPS FS. ",11080,,,,,,,Case Rate,". Primary procedure pays at 100%, secondary at 50%, all subsequent at 25%.  Lesser of applies when negotiated rates exceed charges less addons.",6105.48,,,,,,,Case Rate,"100% Medicare OPPS FS. ",6487,,,,,,,Case Rate,". MPL 100/50/25% maxmium of 3 procedures. All add ons apply, and lesser of 100% of billed charges",6105.48,,,,,,,Case Rate,"100% Medicare OPPS FS. ",6487,,,,,,,Case Rate,". MPL 100/50/25% maxmium of 3 procedures. All add ons apply, and lesser of 100% of billed charges",11080,,,,,,,Case Rate,". Primary procedure pays at 100%, secondary at 50%, all subsequent at 25%.  Lesser of applies when negotiated rates exceed charges less addons.",6487,,,,,,,Case Rate,". MPL 100/50/25% maxmium of 3 procedures. All add ons apply, and lesser of 100% of billed charges",6105.48,,,,,,,Case Rate,"100% Medicare OPPS FS. ",3834.12,,,,,,,Case Rate,"100 Percent of Medicaid APG. ",6105.48,,,,,,,Case Rate,"100% Medicare OPPS FS. ",6487,,,,,,,Case Rate,". MPL 100/50/25% maxmium of 3 procedures. All add ons apply, and lesser of 100% of billed charges",9024.56,,,,,,,Case Rate,". MPL 100/50/25% all add ons apply, and lesser of 100% of billed charges",3834.12,,,,,,,Case Rate,"100 Percent of Medicaid APG. ",14557,,,,,,,Case Rate,". MPL 100/50/25% all add ons apply, and lesser of 100% of billed charges",4600.94,,,,,,,Fee Schedule,"120 Percent of Medicaid APG. ",4600.94,,,,,,,Fee Schedule,"120 Percent of Medicaid APG. ",14557,,,,,,,Case Rate,". MPL 100/50/25% all add ons apply, and lesser of 100% of billed charges",14557,,,,,,,Case Rate,". MPL 100/50/25% all add ons apply, and lesser of 100% of billed charges",14557,,,,,,,Case Rate,". MPL 100/50/25% all add ons apply, and lesser of 100% of billed charges",9024.56,,,,,,,Case Rate,". MPL 100/50/25% all add ons apply, and lesser of 100% of billed charges",14557,,,,,,,Case Rate,". MPL 100/50/25% all add ons apply, and lesser of 100% of billed charges",14557,,,,,,,Case Rate,". MPL 100/50/25% all add ons apply, and lesser of 100% of billed charges",14557,,,,,,,Case Rate,". MPL 100/50/25% all add ons apply, and lesser of 100% of billed charges",7163,,,,,,,Case Rate,". ",7163,,,,,,,Case Rate,". ",12088.86,,,,,,,Case Rate,198 Percent of Medicare OPPS. Metroplus will reimburse unlisted codes and described codes with no Medicare rate at 50 percent of charges.,3834.12,,,,,,,Case Rate,"100 Percent of Medicaid APG. ",9024.56,,,,,,,Case Rate,". MPL 100/50/25% all add ons apply, and lesser of 100% of billed charges",6487,,,,,,,Case Rate,". MPL 100/50/25% maxmium of 3 procedures. All add ons apply, and lesser of 100% of billed charges",11080,,,,,,,Case Rate,". Primary procedure pays at 100%, secondary at 50%, all subsequent at 25%.  Lesser of applies when negotiated rates exceed charges less addons.",9024.56,,,,,,,Case Rate,". MPL 100/50/25% all add ons apply, and lesser of 100% of billed charges",11080,,,,,,,Case Rate,". Primary procedure pays at 100%, secondary at 50%, all subsequent at 25%.  Lesser of applies when negotiated rates exceed charges less addons.",9024.56,,,,,,,Case Rate,". MPL 100/50/25% all add ons apply, and lesser of 100% of billed charges",14557,,,,,,,Case Rate,". MPL 100/50/25% all add ons apply, and lesser of 100% of billed charges",14557,,,,,,,Case Rate,". MPL 100/50/25% all add ons apply, and lesser of 100% of billed charges",14557,,,,,,,Case Rate,". MPL 100/50/25% all add ons apply, and lesser of 100% of billed charges",14557,,,,,,,Case Rate,". MPL 100/50/25% all add ons apply, and lesser of 100% of billed charges",6105.48,,,,,,,Case Rate,"100% Medicare OPPS FS. ",2017.68,25798,
65755,CPT,,,490,RC,CORNEAL TRANSPLANT,,,both,,,,15878,,,,,,,Case Rate,". MPL 1st 100% of Payment Rate 50% of all others, all add ons apply, and lesser of 100% of billed charges.",15878,,,,,,,Case Rate,". MPL 1st 100% of Payment Rate 50% of all others, all add ons apply, and lesser of 100% of billed charges.",15563,,,,,,,Case Rate,". Primary procedure pays at 100%, secondary at 50%, all subsequent at 25%.  Lesser of applies when negotiated rates exceed charges less addons.",,100,,,,,0,percent of total billed charges,100 percent of billed charges. ; No services were performed during the 15 month look back period.,4760.25,,,,,,,Case Rate,"100% Medicare OPPS FS. ",15563,,,,,,,Case Rate,". Primary procedure pays at 100%, secondary at 50%, all subsequent at 25%.  Lesser of applies when negotiated rates exceed charges less addons.",15563,,,,,,,Case Rate,". Primary procedure pays at 100%, secondary at 50%, all subsequent at 25%.  Lesser of applies when negotiated rates exceed charges less addons.",15563,,,,,,,Case Rate,". Primary procedure pays at 100%, secondary at 50%, all subsequent at 25%.  Lesser of applies when negotiated rates exceed charges less addons.",4600.94,,,,,,,Case Rate,"100 Percent of Medicaid APG. ",3834.12,,,,,,,Case Rate,"100 Percent of Medicaid APG. ",,78,,,,,0,percent of total billed charges,78% of Billed Charges. Lesser of 100% of billed charges applies.; No services were performed during the 15 month look back period.,16383.1,,,,,,,Case Rate,". MPL 100/50/25% all add ons apply, and lesser of 100% of billed charges",3834.12,,,,,,,Case Rate,"100 Percent of Medicaid APG. ",4760.25,,,,,,,Case Rate,"100% Medicare OPPS FS. ",6487,,,,,,,Case Rate,". MPL 100/50/25% maxmium of 3 procedures. All add ons apply, and lesser of 100% of billed charges",6487,,,,,,,Case Rate,". MPL 100/50/25% maxmium of 3 procedures. All add ons apply, and lesser of 100% of billed charges",6487,,,,,,,Case Rate,". MPL 100/50/25% maxmium of 3 procedures. All add ons apply, and lesser of 100% of billed charges",6487,,,,,,,Case Rate,". MPL 100/50/25% maxmium of 3 procedures. All add ons apply, and lesser of 100% of billed charges",3834.12,,,,,,,Case rate,124 Percent of Medicaid APG. Covered services not payable under Medicaid Fee Schedules default to a payment of 50 percent of charges.,4760.25,,,,,,,Case Rate,"100% Medicare OPPS FS. ",3834.12,,,,,,,Case rate,124 Percent of Medicaid APG. Covered services not payable under Medicaid Fee Schedules default to a payment of 50 percent of charges.,,78,,,,,0,percent of total billed charges,78% of Billed Charges. Lesser of 100% of billed charges applies.; No services were performed during the 15 month look back period.,15563,,,,,,,Case Rate,". Primary procedure pays at 100%, secondary at 50%, all subsequent at 25%.  Lesser of applies when negotiated rates exceed charges less addons.",4760.25,,,,,,,Case Rate,"100%Medicare OPPS FS. ",8427,,,,,,,Case Rate,". Primary procedure pays at 100%, all subsequent at 50%.",4760.25,,,,,,,Case Rate,"100%Medicare OPPS FS. ",4760.25,,,,,,,Case Rate,"100%Medicare OPPS FS. ",,78,,,,,0,percent of total billed charges,78% of Billed Charges. Lesser of 100% of billed charges applies.; No services were performed during the 15 month look back period.,2017.68,,,,,,,Case Rate,100% of PAS. Lesser of 100% of billed charges applies.,2017.68,,,,,,,Case Rate,100% of PAS. Lesser of 100% of billed charges applies.,3834.12,,,,,,,Case rate,"100 Percent of Medicaid APG. ",3834.12,,,,,,,Case rate,"100 Percent of Medicaid APG. ",8427,,,,,,,Case Rate,". Primary procedure pays at 100%, all subsequent at 50%.",8427,,,,,,,Case Rate,". Primary procedure pays at 100%, all subsequent at 50%.",3834.12,,,,,,,Case Rate,"100 Percent of Medicaid APG. Not APG payable, or payable under another fee schedule like ASP/AWP pays at 30% of charges",8427,,,,,,,Case Rate,". Primary procedure pays at 100%, all subsequent at 50%.",3834.12,,,,,,,Case Rate,"100 Percent of Medicaid APG. Not APG payable, or payable under another fee schedule like ASP/AWP pays at 30% of charges",4760.25,,,,,,,Case Rate,"100%Medicare OPPS FS. ",8427,,,,,,,Case Rate,". Primary procedure pays at 100%, all subsequent at 50%.",,78,,,,,0,percent of total billed charges,78% of Billed Charges. Lesser of 100% of billed charges applies.; No services were performed during the 15 month look back period.,3834.12,,,,,,,Case Rate,"100 Percent of Medicaid APG. ",3834.12,,,,,,,Case Rate,"100 Percent of Medicaid APG. ",,78,,,,,0,percent of total billed charges,78% of Billed Charges. Lesser of 100% of billed charges applies.; No services were performed during the 15 month look back period.,6487,,,,,,,Case Rate,". MPL 100/50/25% maxmium of 3 procedures. All add ons apply, and lesser of 100% of billed charges",14572,,,,,,,Case Rate,". MPL 100/50/25% all add ons apply, and lesser of 100% of billed charges",14572,,,,,,,Case Rate,". MPL 100/50/25% all add ons apply, and lesser of 100% of billed charges",,78,,,,,0,percent of total billed charges,78% of Billed Charges. Lesser of 100% of billed charges applies.; No services were performed during the 15 month look back period.,4760.25,,,,,,,Case Rate,"100% Medicare OPPS FS. ",16383.1,,,,,,,Case Rate,". MPL 100/50/25% all add ons apply, and lesser of 100% of billed charges",16383.1,,,,,,,Case Rate,". MPL 100/50/25% all add ons apply, and lesser of 100% of billed charges",16383.1,,,,,,,Case Rate,". MPL 100/50/25% all add ons apply, and lesser of 100% of billed charges",4760.25,,,,,,,Case Rate,"100% Medicare OPPS FS. ",16383.1,,,,,,,Case Rate,". MPL 100/50/25% all add ons apply, and lesser of 100% of billed charges",16383.1,,,,,,,Case Rate,". MPL 100/50/25% all add ons apply, and lesser of 100% of billed charges",4760.25,,,,,,,Case Rate,"100% of Medicare OPPS. ",25798,,,,,,,Case Rate,". MPL 100/75/50% all add ons apply, and lesser of 100% of billed charges",14557,,,,,,,Case Rate,". MPL 100/50/25% all add ons apply, and lesser of 100% of billed charges",14557,,,,,,,Case Rate,". MPL 100/50/25% all add ons apply, and lesser of 100% of billed charges",14557,,,,,,,Case Rate,". MPL 100/50/25% all add ons apply, and lesser of 100% of billed charges",14557,,,,,,,Case Rate,". MPL 100/50/25% all add ons apply, and lesser of 100% of billed charges",14557,,,,,,,Case Rate,". MPL 100/50/25% all add ons apply, and lesser of 100% of billed charges",14557,,,,,,,Case Rate,". MPL 100/50/25% all add ons apply, and lesser of 100% of billed charges",4760.25,,,,,,,Case Rate,"100% Medicare OPPS FS. ",4760.25,,,,,,,Case Rate,"100% Medicare OPPS FS. ",14557,,,,,,,Case Rate,". MPL 100/50/25% all add ons apply, and lesser of 100% of billed charges",,78,,,,,0,percent of total billed charges,78% of Billed Charges. Lesser of 100% of billed charges applies.; No services were performed during the 15 month look back period.,,78,,,,,0,percent of total billed charges,78% of Billed Charges. Lesser of 100% of billed charges applies.; No services were performed during the 15 month look back period.,,78,,,,,0,percent of total billed charges,78% of Billed Charges. Lesser of 100% of billed charges applies.; No services were performed during the 15 month look back period.,,78,,,,,0,percent of total billed charges,78% of Billed Charges. Lesser of 100% of billed charges applies.; No services were performed during the 15 month look back period.,,78,,,,,0,percent of total billed charges,78% of Billed Charges. Lesser of 100% of billed charges applies.; No services were performed during the 15 month look back period.,,78,,,,,0,percent of total billed charges,78% of Billed Charges. Lesser of 100% of billed charges applies.; No services were performed during the 15 month look back period.,,78,,,,,0,percent of total billed charges,78% of Billed Charges. Lesser of 100% of billed charges applies.; No services were performed during the 15 month look back period.,,78,,,,,0,percent of total billed charges,78% of Billed Charges. Lesser of 100% of billed charges applies.; No services were performed during the 15 month look back period.,,78,,,,,0,percent of total billed charges,78% of Billed Charges. Lesser of 100% of billed charges applies.; No services were performed during the 15 month look back period.,,78,,,,,0,percent of total billed charges,78% of Billed Charges. Lesser of 100% of billed charges applies.; No services were performed during the 15 month look back period.,,78,,,,,0,percent of total billed charges,78% of Billed Charges. Lesser of 100% of billed charges applies.; No services were performed during the 15 month look back period.,,78,,,,,0,percent of total billed charges,78% of Billed Charges. Lesser of 100% of billed charges applies.; No services were performed during the 15 month look back period.,,78,,,,,0,percent of total billed charges,78% of Billed Charges. Lesser of 100% of billed charges applies.; No services were performed during the 15 month look back period.,,78,,,,,0,percent of total billed charges,78% of Billed Charges. Lesser of 100% of billed charges applies.; No services were performed during the 15 month look back period.,,78,,,,,0,percent of total billed charges,78% of Billed Charges. Lesser of 100% of billed charges applies.; No services were performed during the 15 month look back period.,,78,,,,,0,percent of total billed charges,78% of Billed Charges. Lesser of 100% of billed charges applies.; No services were performed during the 15 month look back period.,,78,,,,,0,percent of total billed charges,78% of Billed Charges. Lesser of 100% of billed charges applies.; No services were performed during the 15 month look back period.,,78,,,,,0,percent of total billed charges,78% of Billed Charges. Lesser of 100% of billed charges applies.; No services were performed during the 15 month look back period.,,78,,,,,0,percent of total billed charges,78% of Billed Charges. Lesser of 100% of billed charges applies.; No services were performed during the 15 month look back period.,,78,,,,,0,percent of total billed charges,78% of Billed Charges. Lesser of 100% of billed charges applies.; No services were performed during the 15 month look back period.,,78,,,,,0,percent of total billed charges,78% of Billed Charges. Lesser of 100% of billed charges applies.; No services were performed during the 15 month look back period.,,78,,,,,0,percent of total billed charges,78% of Billed Charges. Lesser of 100% of billed charges applies.; No services were performed during the 15 month look back period.,,78,,,,,0,percent of total billed charges,78% of Billed Charges. Lesser of 100% of billed charges applies.; No services were performed during the 15 month look back period.,,78,,,,,0,percent of total billed charges,78% of Billed Charges. Lesser of 100% of billed charges applies.; No services were performed during the 15 month look back period.,,78,,,,,0,percent of total billed charges,78% of Billed Charges. Lesser of 100% of billed charges applies.; No services were performed during the 15 month look back period.,,78,,,,,0,percent of total billed charges,78% of Billed Charges. Lesser of 100% of billed charges applies.; No services were performed during the 15 month look back period.,8427,,,,,,,Case Rate,". Primary procedure pays at 100%, all subsequent at 50%.",8427,,,,,,,Case Rate,". Primary procedure pays at 100%, all subsequent at 50%.",8427,,,,,,,Case Rate,". Primary procedure pays at 100%, all subsequent at 50%.",8427,,,,,,,Case Rate,". Primary procedure pays at 100%, all subsequent at 50%.",12574,,,,,,,Case Rate,". Primary procedure pays at 100%, all subsequent at 50%.",12574,,,,,,,Case Rate,". Primary procedure pays at 100%, all subsequent at 50%.",6487,,,,,,,Case Rate,". MPL 100/50/25% maxmium of 3 procedures. All add ons apply, and lesser of 100% of billed charges",14557,,,,,,,Case Rate,". MPL 100/50/25% all add ons apply, and lesser of 100% of billed charges",16383.1,,,,,,,Case Rate,". MPL 100/50/25% all add ons apply, and lesser of 100% of billed charges",14557,,,,,,,Case Rate,". MPL 100/50/25% all add ons apply, and lesser of 100% of billed charges",,78,,,,,0,percent of total billed charges,78% of Billed Charges. Lesser of 100% of billed charges applies.; No services were performed during the 15 month look back period.,12574,,,,,,,Case Rate,". Primary procedure pays at 100%, all subsequent at 50%.",14557,,,,,,,Case Rate,". MPL 100/50/25% all add ons apply, and lesser of 100% of billed charges",16383.1,,,,,,,Case Rate,". MPL 100/50/25% all add ons apply, and lesser of 100% of billed charges",6487,,,,,,,Case Rate,". MPL 100/50/25% maxmium of 3 procedures. All add ons apply, and lesser of 100% of billed charges",,,,,,,,,"NA. ",,78,,,,,0,percent of total billed charges,78% of Billed Charges. Lesser of 100% of billed charges applies.; No services were performed during the 15 month look back period.,3834.12,,,,,,,Case Rate,"100 Percent of Medicaid APG. ",8427,,,,,,,Case Rate,". Primary procedure pays at 100%, all subsequent at 50%.",3834.12,,,,,,,Case Rate,"100 Percent of Medicaid APG. Not APG payable, or payable under another fee schedule like ASP/AWP pays at 30% of charges",4760.25,,,,,,,Case Rate,"100%Medicare OPPS FS. ",4760.25,,,,,,,Case Rate,"100% Medicare OPPS FS. ",25798,,,,,,,Case Rate,". MPL 100/75/50% all add ons apply, and lesser of 100% of billed charges",4760.25,,,,,,,Case Rate,"100% Medicare OPPS FS. ",4760.25,,,,,,,Case Rate,"100% Medicare OPPS FS. ",3834.12,,,,,,,Case Rate,"100 Percent of Medicaid APG. ",4760.25,,,,,,,Case Rate,"100% Medicare OPPS FS. ",4760.25,,,,,,,Case Rate,"100% Medicare OPPS FS. ",15563,,,,,,,Case Rate,". Primary procedure pays at 100%, secondary at 50%, all subsequent at 25%.  Lesser of applies when negotiated rates exceed charges less addons.",15563,,,,,,,Case Rate,". Primary procedure pays at 100%, secondary at 50%, all subsequent at 25%.  Lesser of applies when negotiated rates exceed charges less addons.",4760.25,,,,,,,Case Rate,"100% Medicare OPPS FS. ",6487,,,,,,,Case Rate,". MPL 100/50/25% maxmium of 3 procedures. All add ons apply, and lesser of 100% of billed charges",16383.1,,,,,,,Case Rate,". MPL 100/50/25% all add ons apply, and lesser of 100% of billed charges",16383.1,,,,,,,Case Rate,". MPL 100/50/25% all add ons apply, and lesser of 100% of billed charges",4760.25,,,,,,,Case Rate,"100% Medicare OPPS FS. ",6487,,,,,,,Case Rate,". MPL 100/50/25% maxmium of 3 procedures. All add ons apply, and lesser of 100% of billed charges",15563,,,,,,,Case Rate,". Primary procedure pays at 100%, secondary at 50%, all subsequent at 25%.  Lesser of applies when negotiated rates exceed charges less addons.",15563,,,,,,,Case Rate,". Primary procedure pays at 100%, secondary at 50%, all subsequent at 25%.  Lesser of applies when negotiated rates exceed charges less addons.",15563,,,,,,,Case Rate,". Primary procedure pays at 100%, secondary at 50%, all subsequent at 25%.  Lesser of applies when negotiated rates exceed charges less addons.",,78,,,,,0,percent of total billed charges,78% of Billed Charges. Lesser of 100% of billed charges applies.; No services were performed during the 15 month look back period.,,78,,,,,0,percent of total billed charges,78% of Billed Charges. Lesser of 100% of billed charges applies.; No services were performed during the 15 month look back period.,,78,,,,,0,percent of total billed charges,78% of Billed Charges. Lesser of 100% of billed charges applies.; No services were performed during the 15 month look back period.,,78,,,,,0,percent of total billed charges,78% of Billed Charges. Lesser of 100% of billed charges applies.; No services were performed during the 15 month look back period.,,78,,,,,0,percent of total billed charges,78% of Billed Charges. Lesser of 100% of billed charges applies.; No services were performed during the 15 month look back period.,,78,,,,,0,percent of total billed charges,78% of Billed Charges. Lesser of 100% of billed charges applies.; No services were performed during the 15 month look back period.,,78,,,,,0,percent of total billed charges,78% of Billed Charges. Lesser of 100% of billed charges applies.; No services were performed during the 15 month look back period.,,78,,,,,0,percent of total billed charges,78% of Billed Charges. Lesser of 100% of billed charges applies.; No services were performed during the 15 month look back period.,,78,,,,,0,percent of total billed charges,78% of Billed Charges. Lesser of 100% of billed charges applies.; No services were performed during the 15 month look back period.,,78,,,,,0,percent of total billed charges,78% of Billed Charges. Lesser of 100% of billed charges applies.; No services were performed during the 15 month look back period.,,78,,,,,0,percent of total billed charges,78% of Billed Charges. Lesser of 100% of billed charges applies.; No services were performed during the 15 month look back period.,12574,,,,,,,Case Rate,". Primary procedure pays at 100%, all subsequent at 50%.",14557,,,,,,,Case Rate,". MPL 100/50/25% all add ons apply, and lesser of 100% of billed charges",6487,,,,,,,Case Rate,". MPL 100/50/25% maxmium of 3 procedures. All add ons apply, and lesser of 100% of billed charges",4760.25,,,,,,,Case Rate,"100% Medicare OPPS FS. ",15563,,,,,,,Case Rate,". Primary procedure pays at 100%, secondary at 50%, all subsequent at 25%.  Lesser of applies when negotiated rates exceed charges less addons.",6487,,,,,,,Case Rate,". MPL 100/50/25% maxmium of 3 procedures. All add ons apply, and lesser of 100% of billed charges",6487,,,,,,,Case Rate,". MPL 100/50/25% maxmium of 3 procedures. All add ons apply, and lesser of 100% of billed charges",,78,,,,,0,percent of total billed charges,78% of Billed Charges. Lesser of 100% of billed charges applies.; No services were performed during the 15 month look back period.,8205.01,,,,,,,Case Rate,"214 Percent of Medicaid APG. Drugs not priced under APG, billed with revenue code 636 and not priced by Medicare ASP FeeSched will be reimbursed at 20% of charges.",6487,,,,,,,Case Rate,". MPL 100/50/25% maxmium of 3 procedures. All add ons apply, and lesser of 100% of billed charges",3834.12,,,,,,,Case Rate,"100 Percent of Medicaid APG. ",4760.25,,,,,,,Case Rate,"100% Medicare OPPS FS. ",4760.25,,,,,,,Case Rate,"100% Medicare OPPS FS. ",4760.25,,,,,,,Case Rate,"100% Medicare OPPS FS. ",4760.25,,,,,,,Case Rate,"100% Medicare OPPS FS. ",4760.25,,,,,,,Case Rate,"100% Medicare OPPS FS. ",4760.25,,,,,,,Case Rate,"100% Medicare OPPS FS. ",6487,,,,,,,Case Rate,". MPL 100/50/25% maxmium of 3 procedures. All add ons apply, and lesser of 100% of billed charges",25798,,,,,,,Case Rate,". MPL 100/75/50% all add ons apply, and lesser of 100% of billed charges",6901.41,,,,,,,Fee Schedule,"180 Percent of Medicaid APG. ",6901.41,,,,,,,Fee Schedule,"180 Percent of Medicaid APG. ",6901.41,,,,,,,Fee Schedule,"180 Percent of Medicaid APG. ",6901.41,,,,,,,Fee Schedule,"180 Percent of Medicaid APG. ",6901.41,,,,,,,Fee Schedule,"180 Percent of Medicaid APG. ",,,,,,,,,"NA. ",25798,,,,,,,Case Rate,". MPL 100/75/50% all add ons apply, and lesser of 100% of billed charges",9425.3,,,,,,,Case Rate,198 Percent of Medicare OPPS. Metroplus will reimburse unlisted codes and described codes with no Medicare rate at 50 percent of charges.,9425.3,,,,,,,Case Rate,198 Percent of Medicare OPPS. Metroplus will reimburse unlisted codes and described codes with no Medicare rate at 50 percent of charges.,9425.3,,,,,,,Case Rate,198 Percent of Medicare OPPS. Metroplus will reimburse unlisted codes and described codes with no Medicare rate at 50 percent of charges.,9425.3,,,,,,,Case Rate,198 Percent of Medicare OPPS. Metroplus will reimburse unlisted codes and described codes with no Medicare rate at 50 percent of charges.,9425.3,,,,,,,Case Rate,198 Percent of Medicare OPPS. Metroplus will reimburse unlisted codes and described codes with no Medicare rate at 50 percent of charges.,4760.25,,,,,,,Case Rate,"100% Medicare OPPS FS. ",12574,,,,,,,Case Rate,". Primary procedure pays at 100%, all subsequent at 50%.",12574,,,,,,,Case Rate,". Primary procedure pays at 100%, all subsequent at 50%.",12574,,,,,,,Case Rate,". Primary procedure pays at 100%, all subsequent at 50%.",12574,,,,,,,Case Rate,". Primary procedure pays at 100%, all subsequent at 50%.",15563,,,,,,,Case Rate,". Primary procedure pays at 100%, secondary at 50%, all subsequent at 25%.  Lesser of applies when negotiated rates exceed charges less addons.",15563,,,,,,,Case Rate,". Primary procedure pays at 100%, secondary at 50%, all subsequent at 25%.  Lesser of applies when negotiated rates exceed charges less addons.",15563,,,,,,,Case Rate,". Primary procedure pays at 100%, secondary at 50%, all subsequent at 25%.  Lesser of applies when negotiated rates exceed charges less addons.",15563,,,,,,,Case Rate,". Primary procedure pays at 100%, secondary at 50%, all subsequent at 25%.  Lesser of applies when negotiated rates exceed charges less addons.",25798,,,,,,,Case Rate,". MPL 100/75/50% all add ons apply, and lesser of 100% of billed charges",25798,,,,,,,Case Rate,". MPL 100/75/50% all add ons apply, and lesser of 100% of billed charges",4760.25,,,,,,,Case Rate,"100% Medicare OPPS FS. ",4760.25,,,,,,,Case Rate,"100% Medicare OPPS FS. ",4760.25,,,,,,,Case Rate,"100% Medicare OPPS FS. ",14557,,,,,,,Case Rate,". MPL 100/50/25% all add ons apply, and lesser of 100% of billed charges",14557,,,,,,,Case Rate,". MPL 100/50/25% all add ons apply, and lesser of 100% of billed charges",14557,,,,,,,Case Rate,". MPL 100/50/25% all add ons apply, and lesser of 100% of billed charges",25798,,,,,,,Case Rate,". MPL 100/75/50% all add ons apply, and lesser of 100% of billed charges",15563,,,,,,,Case Rate,". Primary procedure pays at 100%, secondary at 50%, all subsequent at 25%.  Lesser of applies when negotiated rates exceed charges less addons.",4760.25,,,,,,,Case Rate,"100% Medicare OPPS FS. ",14557,,,,,,,Case Rate,". MPL 100/50/25% all add ons apply, and lesser of 100% of billed charges",3834.12,,,,,,,Case Rate,"100 Percent of Medicaid APG. ",4855.46,,,,,,,Case Rate,"102% of Medicare OPPS. ",4855.46,,,,,,,Case Rate,"102% of Medicare OPPS. ",4855.46,,,,,,,Case Rate,"102% of Medicare OPPS. ",3834.12,,,,,,,Case rate,"100 Percent of Medicaid APG. ",8626.76,,,,,,,Case Rate,225% of NYS APG. Lesser of 100% of billed charges applies.,8626.76,,,,,,,Case Rate,225% of NYS APG. Lesser of 100% of billed charges applies.,8626.76,,,,,,,Case Rate,225% of NYS APG. Lesser of 100% of billed charges applies.,8626.76,,,,,,,Case Rate,225% of NYS APG. Lesser of 100% of billed charges applies.,8626.76,,,,,,,Case Rate,225% of NYS APG. Lesser of 100% of billed charges applies.,4855.46,,,,,,,Case Rate,"102% of Medicare OPPS. ",3834.12,,,,,,,Case Rate,"100 Percent of Medicaid APG. ",2017.68,,,,,,,Case Rate,100% of PAS. Lesser of 100% of billed charges applies.,8626.76,,,,,,,Case Rate,225% of NYS APG. Lesser of 100% of billed charges applies.,8626.76,,,,,,,Case Rate,225% of NYS APG. Lesser of 100% of billed charges applies.,2017.68,,,,,,,Case Rate,100% of PAS. Lesser of 100% of billed charges applies.,2017.68,,,,,,,Case Rate,100% of PAS. Lesser of 100% of billed charges applies.,6901.41,,,,,,,Fee Schedule,"180 Percent of Medicaid APG. ",4760.25,,,,,,,Case Rate,"100% Medicare OPPS FS. ",4760.25,,,,,,,Case Rate,"100% Medicare OPPS FS. ",15563,,,,,,,Case Rate,". Primary procedure pays at 100%, secondary at 50%, all subsequent at 25%.  Lesser of applies when negotiated rates exceed charges less addons.",4760.25,,,,,,,Case Rate,"100% Medicare OPPS FS. ",8626.76,,,,,,,Case Rate,"225 Percent of Medicaid APG. ",8626.76,,,,,,,Case Rate,"225 Percent of Medicaid APG. ",3834.12,,,,,,,Case rate,"100 Percent of Medicaid APG. ",3834.12,,,,,,,Case rate,"100 Percent of Medicaid APG. ",8626.76,,,,,,,Case Rate,225 Percent of Medicaid APG. Covered services not payable under Medicaid Fee Schedules default to a payment of 87.5 percent of charges.,3834.12,,,,,,,Case rate,124 Percent of Medicaid APG. Covered services not payable under Medicaid Fee Schedules default to a payment of 50 percent of charges.,8626.76,,,,,,,Case Rate,"100 Percent of Medicaid APG. ",8626.76,,,,,,,Case Rate,"100 Percent of Medicaid APG. ",8626.76,,,,,,,Case Rate,"100 Percent of Medicaid APG. ",8626.76,,,,,,,Case Rate,"100 Percent of Medicaid APG. ",13453,,,,,,,Case Rate,". MPL 100/75/50% all add ons apply, and lesser of 100% of billed charges",25798,,,,,,,Case Rate,". MPL 100/75/50% all add ons apply, and lesser of 100% of billed charges",4600.94,,,,,,,Case Rate,"120 Percent of Medicaid APG. Not APG payable, or payable under another fee schedule like ASP/AWP pays at 30% of charges",4600.94,,,,,,,Case Rate,"120 Percent of Medicaid APG. Not APG payable, or payable under another fee schedule like ASP/AWP pays at 30% of charges",3834.12,,,,,,,Case Rate,"100 Percent of Medicaid APG. Not APG payable, or payable under another fee schedule like ASP/AWP pays at 30% of charges",3834.12,,,,,,,Case Rate,"100 Percent of Medicaid APG. Not APG payable, or payable under another fee schedule like ASP/AWP pays at 30% of charges",14557,,,,,,,Case Rate,". MPL 100/50/25% all add ons apply, and lesser of 100% of billed charges",14557,,,,,,,Case Rate,". MPL 100/50/25% all add ons apply, and lesser of 100% of billed charges",4760.25,,,,,,,Case Rate,"100% Medicare OPPS FS. ",14557,,,,,,,Case Rate,". MPL 100/50/25% all add ons apply, and lesser of 100% of billed charges",14557,,,,,,,Case Rate,". MPL 100/50/25% all add ons apply, and lesser of 100% of billed charges",14557,,,,,,,Case Rate,". MPL 100/50/25% all add ons apply, and lesser of 100% of billed charges",14557,,,,,,,Case Rate,". MPL 100/50/25% all add ons apply, and lesser of 100% of billed charges",4760.25,,,,,,,Case Rate,"100% Medicare OPPS FS. ",14557,,,,,,,Case Rate,". MPL 100/50/25% all add ons apply, and lesser of 100% of billed charges",14557,,,,,,,Case Rate,". MPL 100/50/25% all add ons apply, and lesser of 100% of billed charges",15563,,,,,,,Case Rate,". Primary procedure pays at 100%, secondary at 50%, all subsequent at 25%.  Lesser of applies when negotiated rates exceed charges less addons.",3834.12,,,,,,,Fee Schedule,100% APG. Lesser of 100% of billed charges applies.,3834.12,,,,,,,Case rate,124 Percent of Medicaid APG. Covered services not payable under Medicaid Fee Schedules default to a payment of 50 percent of charges.,8626.76,,,,,,,Case Rate,225% of NYS APG. Lesser of 100% of billed charges applies.,8626.76,,,,,,,Case Rate,225 Percent of Medicaid APG. Covered services not payable under Medicaid Fee Schedules default to a payment of 87.5 percent of charges.,3834.12,,,,,,,Case rate,124 Percent of Medicaid APG. Covered services not payable under Medicaid Fee Schedules default to a payment of 50 percent of charges.,8626.76,,,,,,,Case Rate,225% of NYS APG. Lesser of 100% of billed charges applies.,8626.76,,,,,,,Case Rate,225% of NYS APG. Lesser of 100% of billed charges applies.,8626.76,,,,,,,Case Rate,225% of NYS APG. Lesser of 100% of billed charges applies.,8626.76,,,,,,,Case Rate,225% of NYS APG. Lesser of 100% of billed charges applies.,8626.76,,,,,,,Case Rate,225% of NYS APG. Lesser of 100% of billed charges applies.,8626.76,,,,,,,Case Rate,225% of NYS APG. Lesser of 100% of billed charges applies.,,,,,,,,,"NA. ",,,,,,,,,"NA. ",,,,,,,,,"NA. ",6487,,,,,,,Case Rate,". MPL 100/50/25% maxmium of 3 procedures. All add ons apply, and lesser of 100% of billed charges",,,,,,,,,"NA. ",4760.25,,,,,,,Case Rate,"100% Medicare OPPS FS. ",15878,,,,,,,Case Rate,". MPL 1st 100% of Payment Rate 50% of all others, all add ons apply, and lesser of 100% of billed charges.",4760.25,,,,,,,Case Rate,"100% Medicare OPPS FS. ",4760.25,,,,,,,Case Rate,"100% Medicare OPPS FS. ",4600.94,,,,,,,Case Rate,"120 Percent of Medicaid APG. Not APG payable, or payable under another fee schedule like ASP/AWP pays at 30% of charges",4600.94,,,,,,,Case Rate,"120 Percent of Medicaid APG. Not APG payable, or payable under another fee schedule like ASP/AWP pays at 30% of charges",3834.12,,,,,,,Case Rate,"100 Percent of Medicaid APG. Not APG payable, or payable under another fee schedule like ASP/AWP pays at 30% of charges",3834.12,,,,,,,Case Rate,"100 Percent of Medicaid APG. Not APG payable, or payable under another fee schedule like ASP/AWP pays at 30% of charges",3834.12,,,,,,,Case Rate,"100 Percent of Medicaid APG. ",7163,,,,,,,Case Rate,". ",15563,,,,,,,Case Rate,". Primary procedure pays at 100%, secondary at 50%, all subsequent at 25%.  Lesser of applies when negotiated rates exceed charges less addons.",8427,,,,,,,Case Rate,". Primary procedure pays at 100%, all subsequent at 50%.",6487,,,,,,,Case Rate,". MPL 100/50/25% maxmium of 3 procedures. All add ons apply, and lesser of 100% of billed charges",4760.25,,,,,,,Case Rate,"100%Medicare OPPS FS. ",4760.25,,,,,,,Case Rate,"100% Medicare OPPS FS. ",4760.25,,,,,,,Case Rate,"100% Medicare OPPS FS. ",4760.25,,,,,,,Case Rate,"100% Medicare OPPS FS. ",4760.25,,,,,,,Case Rate,"100%Medicare OPPS FS. ",4760.25,,,,,,,Case Rate,"100% Medicare OPPS FS. ",,,,,,,,,"NA. ",8626.76,,,,,,,Case Rate,225% of NYS APG. Lesser of 100% of billed charges applies.,2017.68,,,,,,,Case Rate,100% of PAS. Lesser of 100% of billed charges applies.,14557,,,,,,,Case Rate,". MPL 100/50/25% all add ons apply, and lesser of 100% of billed charges",7163,,,,,,,Case Rate,". ",7163,,,,,,,Case Rate,". ",7163,,,,,,,Case Rate,". ",7163,,,,,,,Case Rate,". ",4760.25,,,,,,,Case Rate,"100% Medicare OPPS FS. ",3834.12,,,,,,,Case Rate,"100 Percent of Medicaid APG. ",14557,,,,,,,Case Rate,". MPL 100/50/25% all add ons apply, and lesser of 100% of billed charges",3834.12,,,,,,,Case Rate,"100 Percent of Medicaid APG. ",4760.25,,,,,,,Case Rate,"100% Medicare OPPS FS. ",3834.12,,,,,,,Case Rate,"100 Percent of Medicaid APG. ",4760.25,,,,,,,Case Rate,"100% Medicare OPPS FS. ",4760.25,,,,,,,Case Rate,"100% Medicare OPPS FS. ",3834.12,,,,,,,Case Rate,"100 Percent of Medicaid APG. ",3834.12,,,,,,,Case Rate,"100 Percent of Medicaid APG. ",7163,,,,,,,Case Rate,". ",6487,,,,,,,Case Rate,". MPL 100/50/25% maxmium of 3 procedures. All add ons apply, and lesser of 100% of billed charges",,78,,,,,0,percent of total billed charges,78% of Billed Charges. Lesser of 100% of billed charges applies.; No services were performed during the 15 month look back period.,16383.1,,,,,,,Case Rate,". MPL 100/50/25% all add ons apply, and lesser of 100% of billed charges",16383.1,,,,,,,Case Rate,". MPL 100/50/25% all add ons apply, and lesser of 100% of billed charges",15563,,,,,,,Case Rate,". Primary procedure pays at 100%, secondary at 50%, all subsequent at 25%.  Lesser of applies when negotiated rates exceed charges less addons.",2011.03,,,,,,,Case Rate,"83% HF Fee schedule. ",12574,,,,,,,Case Rate,". Primary procedure pays at 100%, all subsequent at 50%.",12574,,,,,,,Case Rate,". Primary procedure pays at 100%, all subsequent at 50%.",11646,,,,,,,Case Rate,". MPL 100/50/25% all add ons apply, and lesser of 100% of billed charges",11646,,,,,,,Case Rate,". MPL 100/50/25% all add ons apply, and lesser of 100% of billed charges",4760.25,,,,,,,Case Rate,"100% Medicare OPPS FS. ",4760.25,,,,,,,Case Rate,"100% Medicare OPPS FS. ",4760.25,,,,,,,Case Rate,"100% Medicare OPPS FS. ",4760.25,,,,,,,Case Rate,"100% Medicare OPPS FS. ",16383.1,,,,,,,Case Rate,". MPL 100/50/25% all add ons apply, and lesser of 100% of billed charges",14557,,,,,,,Case Rate,". MPL 100/50/25% all add ons apply, and lesser of 100% of billed charges",14557,,,,,,,Case Rate,". MPL 100/50/25% all add ons apply, and lesser of 100% of billed charges",4760.25,,,,,,,Case Rate,"100% Medicare OPPS FS. ",11646,,,,,,,Case Rate,". MPL 100/50/25% all add ons apply, and lesser of 100% of billed charges",8427,,,,,,,Case Rate,". Primary procedure pays at 100%, all subsequent at 50%.",4600.94,,,,,,,Fee Schedule,"120 Percent of Medicaid APG. ",3834.12,,,,,,,Case Rate,"100 Percent of Medicaid APG. ",7163,,,,,,,Case Rate,". ",13101,,,,,,,Case Rate,". MPL 100/50/25% all add ons apply, and lesser of 100% of billed charges",13101,,,,,,,Case Rate,". MPL 100/50/25% all add ons apply, and lesser of 100% of billed charges",14557,,,,,,,Case Rate,". MPL 100/50/25% all add ons apply, and lesser of 100% of billed charges",14948,,,,,,,Case Rate,". MPL 100/75/50% all add ons apply, and lesser of 100% of billed charges",4760.25,,,,,,,Case Rate,"100%Medicare OPPS FS. ",4025.82,,,,,,,Fee Schedule,105 percent of Medicaid APG. otherwise 105% of Ordered NYS MCD FS or 105% of ASP+6%,4025.82,,,,,,,Fee Schedule,105 percent of Medicaid APG. otherwise 105% of Ordered NYS MCD FS or 105% of ASP+6%,4025.82,,,,,,,Fee Schedule,105 percent of Medicaid APG. otherwise 105% of Ordered NYS MCD FS or 105% of ASP+6%,5176.06,,,,,,,Fee Schedule,135 percent of Medicaid APG. otherwise 135% of Ordered NYS MCD FS or 135% of ASP+6%,16383.1,,,,,,,Case Rate,". MPL 100/50/25% all add ons apply, and lesser of 100% of billed charges",4025.82,,,,,,,Fee Schedule,105 percent of Medicaid APG. otherwise 105% of Ordered NYS MCD FS or 105% of ASP+6%,4025.82,,,,,,,Fee Schedule,105 percent of Medicaid APG. otherwise 105% of Ordered NYS MCD FS or 105% of ASP+6%,4025.82,,,,,,,Fee Schedule,105 percent of Medicaid APG. otherwise 105% of Ordered NYS MCD FS or 105% of ASP+6%,4025.82,,,,,,,Fee Schedule,105 percent of Medicaid APG. otherwise 105% of Ordered NYS MCD FS or 105% of ASP+6%,4025.82,,,,,,,Fee Schedule,105 percent of Medicaid APG. otherwise 105% of Ordered NYS MCD FS or 105% of ASP+6%,5176.06,,,,,,,Fee Schedule,135 percent of Medicaid APG. otherwise 135% of Ordered NYS MCD FS or 135% of ASP+6%,5176.06,,,,,,,Fee Schedule,135 percent of Medicaid APG. otherwise 135% of Ordered NYS MCD FS or 135% of ASP+6%,4760.25,,,,,,,Case Rate,"100% Medicare OPPS FS. ",16383.1,,,,,,,Case Rate,". MPL 100/50/25% all add ons apply, and lesser of 100% of billed charges",4760.25,,,,,,,Case Rate,"100% Medicare OPPS FS. ",4025.82,,,,,,,Fee Schedule,105 percent of Medicaid APG. otherwise 105% of Ordered NYS MCD FS or 105% of ASP+6%,14557,,,,,,,Case Rate,". MPL 100/50/25% all add ons apply, and lesser of 100% of billed charges",4760.25,,,,,,,Case Rate,"100% Medicare OPPS FS. ",14557,,,,,,,Case Rate,". MPL 100/50/25% all add ons apply, and lesser of 100% of billed charges",14557,,,,,,,Case Rate,". MPL 100/50/25% all add ons apply, and lesser of 100% of billed charges",14557,,,,,,,Case Rate,". MPL 100/50/25% all add ons apply, and lesser of 100% of billed charges",4025.82,,,,,,,Fee Schedule,105 percent of Medicaid APG. otherwise 105% of Ordered NYS MCD FS or 105% of ASP+6%,4760.25,,,,,,,Case Rate,"100% Medicare OPPS FS. ",14557,,,,,,,Case Rate,". MPL 100/50/25% all add ons apply, and lesser of 100% of billed charges",5176.06,,,,,,,Fee Schedule,135 percent of Medicaid APG. otherwise 135% of Ordered NYS MCD FS or 135% of ASP+6%,14557,,,,,,,Case Rate,". MPL 100/50/25% all add ons apply, and lesser of 100% of billed charges",,200,,,,,0,Case Rate,200% of Medicare OPPS. ; No services were performed during the 15 month look back period.,4760.25,,,,,,,Case Rate,"100%Medicare OPPS FS. ",7163,,,,,,,Case Rate,". ",7163,,,,,,,Case Rate,". ",7163,,,,,,,Case Rate,". ",7163,,,,,,,Case Rate,". ",7163,,,,,,,Case Rate,". ",8427,,,,,,,Case Rate,". Primary procedure pays at 100%, all subsequent at 50%.",8427,,,,,,,Case Rate,". Primary procedure pays at 100%, all subsequent at 50%.",7163,,,,,,,Case Rate,". ",7163,,,,,,,Case Rate,". ",7163,,,,,,,Case Rate,". ",7163,,,,,,,Case Rate,". ",7163,,,,,,,Case Rate,". ",4760.25,,,,,,,Case Rate,"100% Medicare OPPS FS. ",8427,,,,,,,Case Rate,". Primary procedure pays at 100%, all subsequent at 50%.",4760.25,,,,,,,Case Rate,"100% Medicare OPPS FS. ",8626.76,,,,,,,Case Rate,"225 Percent of Medicaid APG. If not included in Medicaid APG, then 100 Percent of Manhattan Medicare",3834.12,,,,,,,Case Rate,"100 Percent of Medicaid APG. ",16383.1,,,,,,,Case Rate,". MPL 100/50/25% all add ons apply, and lesser of 100% of billed charges",16383.1,,,,,,,Case Rate,". MPL 100/50/25% all add ons apply, and lesser of 100% of billed charges",4760.25,,,,,,,Case Rate,"100% Medicare OPPS FS. ",12574,,,,,,,Case Rate,". Primary procedure pays at 100%, all subsequent at 50%.",4760.25,,,,,,,Case Rate,"100% Medicare OPPS FS. ",4760.25,,,,,,,Case Rate,"100% Medicare OPPS FS. ",15563,,,,,,,Case Rate,". Primary procedure pays at 100%, secondary at 50%, all subsequent at 25%.  Lesser of applies when negotiated rates exceed charges less addons.",4760.25,,,,,,,Case Rate,"100% Medicare OPPS FS. ",6487,,,,,,,Case Rate,". MPL 100/50/25% maxmium of 3 procedures. All add ons apply, and lesser of 100% of billed charges",4760.25,,,,,,,Case Rate,"100% Medicare OPPS FS. ",6487,,,,,,,Case Rate,". MPL 100/50/25% maxmium of 3 procedures. All add ons apply, and lesser of 100% of billed charges",15563,,,,,,,Case Rate,". Primary procedure pays at 100%, secondary at 50%, all subsequent at 25%.  Lesser of applies when negotiated rates exceed charges less addons.",6487,,,,,,,Case Rate,". MPL 100/50/25% maxmium of 3 procedures. All add ons apply, and lesser of 100% of billed charges",4760.25,,,,,,,Case Rate,"100% Medicare OPPS FS. ",3834.12,,,,,,,Case Rate,"100 Percent of Medicaid APG. ",4760.25,,,,,,,Case Rate,"100% Medicare OPPS FS. ",6487,,,,,,,Case Rate,". MPL 100/50/25% maxmium of 3 procedures. All add ons apply, and lesser of 100% of billed charges",16383.1,,,,,,,Case Rate,". MPL 100/50/25% all add ons apply, and lesser of 100% of billed charges",3834.12,,,,,,,Case Rate,"100 Percent of Medicaid APG. ",14557,,,,,,,Case Rate,". MPL 100/50/25% all add ons apply, and lesser of 100% of billed charges",4600.94,,,,,,,Fee Schedule,"120 Percent of Medicaid APG. ",4600.94,,,,,,,Fee Schedule,"120 Percent of Medicaid APG. ",14557,,,,,,,Case Rate,". MPL 100/50/25% all add ons apply, and lesser of 100% of billed charges",14557,,,,,,,Case Rate,". MPL 100/50/25% all add ons apply, and lesser of 100% of billed charges",14557,,,,,,,Case Rate,". MPL 100/50/25% all add ons apply, and lesser of 100% of billed charges",16383.1,,,,,,,Case Rate,". MPL 100/50/25% all add ons apply, and lesser of 100% of billed charges",14557,,,,,,,Case Rate,". MPL 100/50/25% all add ons apply, and lesser of 100% of billed charges",14557,,,,,,,Case Rate,". MPL 100/50/25% all add ons apply, and lesser of 100% of billed charges",14557,,,,,,,Case Rate,". MPL 100/50/25% all add ons apply, and lesser of 100% of billed charges",7163,,,,,,,Case Rate,". ",7163,,,,,,,Case Rate,". ",9425.3,,,,,,,Case Rate,198 Percent of Medicare OPPS. Metroplus will reimburse unlisted codes and described codes with no Medicare rate at 50 percent of charges.,3834.12,,,,,,,Case Rate,"100 Percent of Medicaid APG. ",16383.1,,,,,,,Case Rate,". MPL 100/50/25% all add ons apply, and lesser of 100% of billed charges",6487,,,,,,,Case Rate,". MPL 100/50/25% maxmium of 3 procedures. All add ons apply, and lesser of 100% of billed charges",15563,,,,,,,Case Rate,". Primary procedure pays at 100%, secondary at 50%, all subsequent at 25%.  Lesser of applies when negotiated rates exceed charges less addons.",16383.1,,,,,,,Case Rate,". MPL 100/50/25% all add ons apply, and lesser of 100% of billed charges",15563,,,,,,,Case Rate,". Primary procedure pays at 100%, secondary at 50%, all subsequent at 25%.  Lesser of applies when negotiated rates exceed charges less addons.",16383.1,,,,,,,Case Rate,". MPL 100/50/25% all add ons apply, and lesser of 100% of billed charges",14557,,,,,,,Case Rate,". MPL 100/50/25% all add ons apply, and lesser of 100% of billed charges",14557,,,,,,,Case Rate,". MPL 100/50/25% all add ons apply, and lesser of 100% of billed charges",14557,,,,,,,Case Rate,". MPL 100/50/25% all add ons apply, and lesser of 100% of billed charges",14557,,,,,,,Case Rate,". MPL 100/50/25% all add ons apply, and lesser of 100% of billed charges",4760.25,,,,,,,Case Rate,"100% Medicare OPPS FS. ",2011.03,25798,
65920,CPT,,,490,RC,REMOVE IMPLANT OF EYE,,,both,,,,15878,,,,,,,Case Rate,". MPL 1st 100% of Payment Rate 50% of all others, all add ons apply, and lesser of 100% of billed charges.",15878,,,,,,,Case Rate,". MPL 1st 100% of Payment Rate 50% of all others, all add ons apply, and lesser of 100% of billed charges.",15563,,,,,,,Case Rate,". Primary procedure pays at 100%, secondary at 50%, all subsequent at 25%.  Lesser of applies when negotiated rates exceed charges less addons.",,100,,,,,0,percent of total billed charges,100 percent of billed charges. ; No services were performed during the 15 month look back period.,2698.79,,,,,,,Case Rate,"100% Medicare OPPS FS. ",15563,,,,,,,Case Rate,". Primary procedure pays at 100%, secondary at 50%, all subsequent at 25%.  Lesser of applies when negotiated rates exceed charges less addons.",15563,,,,,,,Case Rate,". Primary procedure pays at 100%, secondary at 50%, all subsequent at 25%.  Lesser of applies when negotiated rates exceed charges less addons.",15563,,,,,,,Case Rate,". Primary procedure pays at 100%, secondary at 50%, all subsequent at 25%.  Lesser of applies when negotiated rates exceed charges less addons.",2619.1,,,,,,,Case Rate,"100 Percent of Medicaid APG. ",2182.58,,,,,,,Case Rate,"100 Percent of Medicaid APG. ",,78,,,,,0,percent of total billed charges,78% of Billed Charges. Lesser of 100% of billed charges applies.; No services were performed during the 15 month look back period.,9024.56,,,,,,,Case Rate,". MPL 100/50/25% all add ons apply, and lesser of 100% of billed charges",2182.58,,,,,,,Case Rate,"100 Percent of Medicaid APG. ",2698.79,,,,,,,Case Rate,"100% Medicare OPPS FS. ",6487,,,,,,,Case Rate,". MPL 100/50/25% maxmium of 3 procedures. All add ons apply, and lesser of 100% of billed charges",6487,,,,,,,Case Rate,". MPL 100/50/25% maxmium of 3 procedures. All add ons apply, and lesser of 100% of billed charges",6487,,,,,,,Case Rate,". MPL 100/50/25% maxmium of 3 procedures. All add ons apply, and lesser of 100% of billed charges",6487,,,,,,,Case Rate,". MPL 100/50/25% maxmium of 3 procedures. All add ons apply, and lesser of 100% of billed charges",2182.58,,,,,,,Case rate,124 Percent of Medicaid APG. Covered services not payable under Medicaid Fee Schedules default to a payment of 50 percent of charges.,2698.79,,,,,,,Case Rate,"100% Medicare OPPS FS. ",2182.58,,,,,,,Case rate,124 Percent of Medicaid APG. Covered services not payable under Medicaid Fee Schedules default to a payment of 50 percent of charges.,,78,,,,,0,percent of total billed charges,78% of Billed Charges. Lesser of 100% of billed charges applies.; No services were performed during the 15 month look back period.,15563,,,,,,,Case Rate,". Primary procedure pays at 100%, secondary at 50%, all subsequent at 25%.  Lesser of applies when negotiated rates exceed charges less addons.",2698.79,,,,,,,Case Rate,"100%Medicare OPPS FS. ",8427,,,,,,,Case Rate,". Primary procedure pays at 100%, all subsequent at 50%.",2698.79,,,,,,,Case Rate,"100%Medicare OPPS FS. ",2698.79,,,,,,,Case Rate,"100%Medicare OPPS FS. ",,78,,,,,0,percent of total billed charges,78% of Billed Charges. Lesser of 100% of billed charges applies.; No services were performed during the 15 month look back period.,1112.98,,,,,,,Case Rate,100% of PAS. Lesser of 100% of billed charges applies.,1112.98,,,,,,,Case Rate,100% of PAS. Lesser of 100% of billed charges applies.,2182.58,,,,,,,Case rate,"100 Percent of Medicaid APG. ",2182.58,,,,,,,Case rate,"100 Percent of Medicaid APG. ",8427,,,,,,,Case Rate,". Primary procedure pays at 100%, all subsequent at 50%.",8427,,,,,,,Case Rate,". Primary procedure pays at 100%, all subsequent at 50%.",2182.58,,,,,,,Case Rate,"100 Percent of Medicaid APG. Not APG payable, or payable under another fee schedule like ASP/AWP pays at 30% of charges",8427,,,,,,,Case Rate,". Primary procedure pays at 100%, all subsequent at 50%.",2182.58,,,,,,,Case Rate,"100 Percent of Medicaid APG. Not APG payable, or payable under another fee schedule like ASP/AWP pays at 30% of charges",2698.79,,,,,,,Case Rate,"100%Medicare OPPS FS. ",8427,,,,,,,Case Rate,". Primary procedure pays at 100%, all subsequent at 50%.",,78,,,,,0,percent of total billed charges,78% of Billed Charges. Lesser of 100% of billed charges applies.; No services were performed during the 15 month look back period.,2182.58,,,,,,,Case Rate,"100 Percent of Medicaid APG. ",2182.58,,,,,,,Case Rate,"100 Percent of Medicaid APG. ",,78,,,,,0,percent of total billed charges,78% of Billed Charges. Lesser of 100% of billed charges applies.; No services were performed during the 15 month look back period.,6487,,,,,,,Case Rate,". MPL 100/50/25% maxmium of 3 procedures. All add ons apply, and lesser of 100% of billed charges",7929,,,,,,,Case Rate,". MPL 100/50/25% all add ons apply, and lesser of 100% of billed charges",7929,,,,,,,Case Rate,". MPL 100/50/25% all add ons apply, and lesser of 100% of billed charges",,78,,,,,0,percent of total billed charges,78% of Billed Charges. Lesser of 100% of billed charges applies.; No services were performed during the 15 month look back period.,2698.79,,,,,,,Case Rate,"100% Medicare OPPS FS. ",9024.56,,,,,,,Case Rate,". MPL 100/50/25% all add ons apply, and lesser of 100% of billed charges",9024.56,,,,,,,Case Rate,". MPL 100/50/25% all add ons apply, and lesser of 100% of billed charges",9024.56,,,,,,,Case Rate,". MPL 100/50/25% all add ons apply, and lesser of 100% of billed charges",2698.79,,,,,,,Case Rate,"100% Medicare OPPS FS. ",9024.56,,,,,,,Case Rate,". MPL 100/50/25% all add ons apply, and lesser of 100% of billed charges",9024.56,,,,,,,Case Rate,". MPL 100/50/25% all add ons apply, and lesser of 100% of billed charges",2698.79,,,,,,,Case Rate,"100% of Medicare OPPS. ",25798,,,,,,,Case Rate,". MPL 100/75/50% all add ons apply, and lesser of 100% of billed charges",10351,,,,,,,Case Rate,". MPL 100/50/25% all add ons apply, and lesser of 100% of billed charges",10351,,,,,,,Case Rate,". MPL 100/50/25% all add ons apply, and lesser of 100% of billed charges",10351,,,,,,,Case Rate,". MPL 100/50/25% all add ons apply, and lesser of 100% of billed charges",10351,,,,,,,Case Rate,". MPL 100/50/25% all add ons apply, and lesser of 100% of billed charges",10351,,,,,,,Case Rate,". MPL 100/50/25% all add ons apply, and lesser of 100% of billed charges",10351,,,,,,,Case Rate,". MPL 100/50/25% all add ons apply, and lesser of 100% of billed charges",2698.79,,,,,,,Case Rate,"100% Medicare OPPS FS. ",2698.79,,,,,,,Case Rate,"100% Medicare OPPS FS. ",10351,,,,,,,Case Rate,". MPL 100/50/25% all add ons apply, and lesser of 100% of billed charges",,78,,,,,0,percent of total billed charges,78% of Billed Charges. Lesser of 100% of billed charges applies.; No services were performed during the 15 month look back period.,,78,,,,,0,percent of total billed charges,78% of Billed Charges. Lesser of 100% of billed charges applies.; No services were performed during the 15 month look back period.,,78,,,,,0,percent of total billed charges,78% of Billed Charges. Lesser of 100% of billed charges applies.; No services were performed during the 15 month look back period.,,78,,,,,0,percent of total billed charges,78% of Billed Charges. Lesser of 100% of billed charges applies.; No services were performed during the 15 month look back period.,,78,,,,,0,percent of total billed charges,78% of Billed Charges. Lesser of 100% of billed charges applies.; No services were performed during the 15 month look back period.,,78,,,,,0,percent of total billed charges,78% of Billed Charges. Lesser of 100% of billed charges applies.; No services were performed during the 15 month look back period.,,78,,,,,0,percent of total billed charges,78% of Billed Charges. Lesser of 100% of billed charges applies.; No services were performed during the 15 month look back period.,,78,,,,,0,percent of total billed charges,78% of Billed Charges. Lesser of 100% of billed charges applies.; No services were performed during the 15 month look back period.,,78,,,,,0,percent of total billed charges,78% of Billed Charges. Lesser of 100% of billed charges applies.; No services were performed during the 15 month look back period.,,78,,,,,0,percent of total billed charges,78% of Billed Charges. Lesser of 100% of billed charges applies.; No services were performed during the 15 month look back period.,,78,,,,,0,percent of total billed charges,78% of Billed Charges. Lesser of 100% of billed charges applies.; No services were performed during the 15 month look back period.,,78,,,,,0,percent of total billed charges,78% of Billed Charges. Lesser of 100% of billed charges applies.; No services were performed during the 15 month look back period.,,78,,,,,0,percent of total billed charges,78% of Billed Charges. Lesser of 100% of billed charges applies.; No services were performed during the 15 month look back period.,,78,,,,,0,percent of total billed charges,78% of Billed Charges. Lesser of 100% of billed charges applies.; No services were performed during the 15 month look back period.,,78,,,,,0,percent of total billed charges,78% of Billed Charges. Lesser of 100% of billed charges applies.; No services were performed during the 15 month look back period.,,78,,,,,0,percent of total billed charges,78% of Billed Charges. Lesser of 100% of billed charges applies.; No services were performed during the 15 month look back period.,,78,,,,,0,percent of total billed charges,78% of Billed Charges. Lesser of 100% of billed charges applies.; No services were performed during the 15 month look back period.,,78,,,,,0,percent of total billed charges,78% of Billed Charges. Lesser of 100% of billed charges applies.; No services were performed during the 15 month look back period.,,78,,,,,0,percent of total billed charges,78% of Billed Charges. Lesser of 100% of billed charges applies.; No services were performed during the 15 month look back period.,,78,,,,,0,percent of total billed charges,78% of Billed Charges. Lesser of 100% of billed charges applies.; No services were performed during the 15 month look back period.,,78,,,,,0,percent of total billed charges,78% of Billed Charges. Lesser of 100% of billed charges applies.; No services were performed during the 15 month look back period.,,78,,,,,0,percent of total billed charges,78% of Billed Charges. Lesser of 100% of billed charges applies.; No services were performed during the 15 month look back period.,,78,,,,,0,percent of total billed charges,78% of Billed Charges. Lesser of 100% of billed charges applies.; No services were performed during the 15 month look back period.,,78,,,,,0,percent of total billed charges,78% of Billed Charges. Lesser of 100% of billed charges applies.; No services were performed during the 15 month look back period.,,78,,,,,0,percent of total billed charges,78% of Billed Charges. Lesser of 100% of billed charges applies.; No services were performed during the 15 month look back period.,,78,,,,,0,percent of total billed charges,78% of Billed Charges. Lesser of 100% of billed charges applies.; No services were performed during the 15 month look back period.,8427,,,,,,,Case Rate,". Primary procedure pays at 100%, all subsequent at 50%.",8427,,,,,,,Case Rate,". Primary procedure pays at 100%, all subsequent at 50%.",8427,,,,,,,Case Rate,". Primary procedure pays at 100%, all subsequent at 50%.",8427,,,,,,,Case Rate,". Primary procedure pays at 100%, all subsequent at 50%.",12574,,,,,,,Case Rate,". Primary procedure pays at 100%, all subsequent at 50%.",12574,,,,,,,Case Rate,". Primary procedure pays at 100%, all subsequent at 50%.",6487,,,,,,,Case Rate,". MPL 100/50/25% maxmium of 3 procedures. All add ons apply, and lesser of 100% of billed charges",10351,,,,,,,Case Rate,". MPL 100/50/25% all add ons apply, and lesser of 100% of billed charges",9024.56,,,,,,,Case Rate,". MPL 100/50/25% all add ons apply, and lesser of 100% of billed charges",10351,,,,,,,Case Rate,". MPL 100/50/25% all add ons apply, and lesser of 100% of billed charges",,78,,,,,0,percent of total billed charges,78% of Billed Charges. Lesser of 100% of billed charges applies.; No services were performed during the 15 month look back period.,12574,,,,,,,Case Rate,". Primary procedure pays at 100%, all subsequent at 50%.",10351,,,,,,,Case Rate,". MPL 100/50/25% all add ons apply, and lesser of 100% of billed charges",9024.56,,,,,,,Case Rate,". MPL 100/50/25% all add ons apply, and lesser of 100% of billed charges",6487,,,,,,,Case Rate,". MPL 100/50/25% maxmium of 3 procedures. All add ons apply, and lesser of 100% of billed charges",,,,,,,,,"NA. ",,78,,,,,0,percent of total billed charges,78% of Billed Charges. Lesser of 100% of billed charges applies.; No services were performed during the 15 month look back period.,2182.58,,,,,,,Case Rate,"100 Percent of Medicaid APG. ",8427,,,,,,,Case Rate,". Primary procedure pays at 100%, all subsequent at 50%.",2182.58,,,,,,,Case Rate,"100 Percent of Medicaid APG. Not APG payable, or payable under another fee schedule like ASP/AWP pays at 30% of charges",2698.79,,,,,,,Case Rate,"100%Medicare OPPS FS. ",2698.79,,,,,,,Case Rate,"100% Medicare OPPS FS. ",25798,,,,,,,Case Rate,". MPL 100/75/50% all add ons apply, and lesser of 100% of billed charges",2698.79,,,,,,,Case Rate,"100% Medicare OPPS FS. ",2698.79,,,,,,,Case Rate,"100% Medicare OPPS FS. ",2182.58,,,,,,,Case Rate,"100 Percent of Medicaid APG. ",2698.79,,,,,,,Case Rate,"100% Medicare OPPS FS. ",2698.79,,,,,,,Case Rate,"100% Medicare OPPS FS. ",15563,,,,,,,Case Rate,". Primary procedure pays at 100%, secondary at 50%, all subsequent at 25%.  Lesser of applies when negotiated rates exceed charges less addons.",15563,,,,,,,Case Rate,". Primary procedure pays at 100%, secondary at 50%, all subsequent at 25%.  Lesser of applies when negotiated rates exceed charges less addons.",2698.79,,,,,,,Case Rate,"100% Medicare OPPS FS. ",6487,,,,,,,Case Rate,". MPL 100/50/25% maxmium of 3 procedures. All add ons apply, and lesser of 100% of billed charges",9024.56,,,,,,,Case Rate,". MPL 100/50/25% all add ons apply, and lesser of 100% of billed charges",9024.56,,,,,,,Case Rate,". MPL 100/50/25% all add ons apply, and lesser of 100% of billed charges",2698.79,,,,,,,Case Rate,"100% Medicare OPPS FS. ",6487,,,,,,,Case Rate,". MPL 100/50/25% maxmium of 3 procedures. All add ons apply, and lesser of 100% of billed charges",15563,,,,,,,Case Rate,". Primary procedure pays at 100%, secondary at 50%, all subsequent at 25%.  Lesser of applies when negotiated rates exceed charges less addons.",15563,,,,,,,Case Rate,". Primary procedure pays at 100%, secondary at 50%, all subsequent at 25%.  Lesser of applies when negotiated rates exceed charges less addons.",15563,,,,,,,Case Rate,". Primary procedure pays at 100%, secondary at 50%, all subsequent at 25%.  Lesser of applies when negotiated rates exceed charges less addons.",,78,,,,,0,percent of total billed charges,78% of Billed Charges. Lesser of 100% of billed charges applies.; No services were performed during the 15 month look back period.,,78,,,,,0,percent of total billed charges,78% of Billed Charges. Lesser of 100% of billed charges applies.; No services were performed during the 15 month look back period.,,78,,,,,0,percent of total billed charges,78% of Billed Charges. Lesser of 100% of billed charges applies.; No services were performed during the 15 month look back period.,,78,,,,,0,percent of total billed charges,78% of Billed Charges. Lesser of 100% of billed charges applies.; No services were performed during the 15 month look back period.,,78,,,,,0,percent of total billed charges,78% of Billed Charges. Lesser of 100% of billed charges applies.; No services were performed during the 15 month look back period.,,78,,,,,0,percent of total billed charges,78% of Billed Charges. Lesser of 100% of billed charges applies.; No services were performed during the 15 month look back period.,,78,,,,,0,percent of total billed charges,78% of Billed Charges. Lesser of 100% of billed charges applies.; No services were performed during the 15 month look back period.,,78,,,,,0,percent of total billed charges,78% of Billed Charges. Lesser of 100% of billed charges applies.; No services were performed during the 15 month look back period.,,78,,,,,0,percent of total billed charges,78% of Billed Charges. Lesser of 100% of billed charges applies.; No services were performed during the 15 month look back period.,,78,,,,,0,percent of total billed charges,78% of Billed Charges. Lesser of 100% of billed charges applies.; No services were performed during the 15 month look back period.,,78,,,,,0,percent of total billed charges,78% of Billed Charges. Lesser of 100% of billed charges applies.; No services were performed during the 15 month look back period.,12574,,,,,,,Case Rate,". Primary procedure pays at 100%, all subsequent at 50%.",10351,,,,,,,Case Rate,". MPL 100/50/25% all add ons apply, and lesser of 100% of billed charges",6487,,,,,,,Case Rate,". MPL 100/50/25% maxmium of 3 procedures. All add ons apply, and lesser of 100% of billed charges",2698.79,,,,,,,Case Rate,"100% Medicare OPPS FS. ",15563,,,,,,,Case Rate,". Primary procedure pays at 100%, secondary at 50%, all subsequent at 25%.  Lesser of applies when negotiated rates exceed charges less addons.",6487,,,,,,,Case Rate,". MPL 100/50/25% maxmium of 3 procedures. All add ons apply, and lesser of 100% of billed charges",6487,,,,,,,Case Rate,". MPL 100/50/25% maxmium of 3 procedures. All add ons apply, and lesser of 100% of billed charges",,78,,,,,0,percent of total billed charges,78% of Billed Charges. Lesser of 100% of billed charges applies.; No services were performed during the 15 month look back period.,4670.73,,,,,,,Case Rate,"214 Percent of Medicaid APG. Drugs not priced under APG, billed with revenue code 636 and not priced by Medicare ASP FeeSched will be reimbursed at 20% of charges.",6487,,,,,,,Case Rate,". MPL 100/50/25% maxmium of 3 procedures. All add ons apply, and lesser of 100% of billed charges",2182.58,,,,,,,Case Rate,"100 Percent of Medicaid APG. ",2698.79,,,,,,,Case Rate,"100% Medicare OPPS FS. ",2698.79,,,,,,,Case Rate,"100% Medicare OPPS FS. ",2698.79,,,,,,,Case Rate,"100% Medicare OPPS FS. ",2698.79,,,,,,,Case Rate,"100% Medicare OPPS FS. ",2698.79,,,,,,,Case Rate,"100% Medicare OPPS FS. ",2698.79,,,,,,,Case Rate,"100% Medicare OPPS FS. ",6487,,,,,,,Case Rate,". MPL 100/50/25% maxmium of 3 procedures. All add ons apply, and lesser of 100% of billed charges",25798,,,,,,,Case Rate,". MPL 100/75/50% all add ons apply, and lesser of 100% of billed charges",3928.65,,,,,,,Fee Schedule,"180 Percent of Medicaid APG. ",3928.65,,,,,,,Fee Schedule,"180 Percent of Medicaid APG. ",3928.65,,,,,,,Fee Schedule,"180 Percent of Medicaid APG. ",3928.65,,,,,,,Fee Schedule,"180 Percent of Medicaid APG. ",3928.65,,,,,,,Fee Schedule,"180 Percent of Medicaid APG. ",,,,,,,,,"NA. ",25798,,,,,,,Case Rate,". MPL 100/75/50% all add ons apply, and lesser of 100% of billed charges",5343.6,,,,,,,Case Rate,198 Percent of Medicare OPPS. Metroplus will reimburse unlisted codes and described codes with no Medicare rate at 50 percent of charges.,5343.6,,,,,,,Case Rate,198 Percent of Medicare OPPS. Metroplus will reimburse unlisted codes and described codes with no Medicare rate at 50 percent of charges.,5343.6,,,,,,,Case Rate,198 Percent of Medicare OPPS. Metroplus will reimburse unlisted codes and described codes with no Medicare rate at 50 percent of charges.,5343.6,,,,,,,Case Rate,198 Percent of Medicare OPPS. Metroplus will reimburse unlisted codes and described codes with no Medicare rate at 50 percent of charges.,5343.6,,,,,,,Case Rate,198 Percent of Medicare OPPS. Metroplus will reimburse unlisted codes and described codes with no Medicare rate at 50 percent of charges.,2698.79,,,,,,,Case Rate,"100% Medicare OPPS FS. ",12574,,,,,,,Case Rate,". Primary procedure pays at 100%, all subsequent at 50%.",12574,,,,,,,Case Rate,". Primary procedure pays at 100%, all subsequent at 50%.",12574,,,,,,,Case Rate,". Primary procedure pays at 100%, all subsequent at 50%.",12574,,,,,,,Case Rate,". Primary procedure pays at 100%, all subsequent at 50%.",15563,,,,,,,Case Rate,". Primary procedure pays at 100%, secondary at 50%, all subsequent at 25%.  Lesser of applies when negotiated rates exceed charges less addons.",15563,,,,,,,Case Rate,". Primary procedure pays at 100%, secondary at 50%, all subsequent at 25%.  Lesser of applies when negotiated rates exceed charges less addons.",15563,,,,,,,Case Rate,". Primary procedure pays at 100%, secondary at 50%, all subsequent at 25%.  Lesser of applies when negotiated rates exceed charges less addons.",15563,,,,,,,Case Rate,". Primary procedure pays at 100%, secondary at 50%, all subsequent at 25%.  Lesser of applies when negotiated rates exceed charges less addons.",25798,,,,,,,Case Rate,". MPL 100/75/50% all add ons apply, and lesser of 100% of billed charges",25798,,,,,,,Case Rate,". MPL 100/75/50% all add ons apply, and lesser of 100% of billed charges",2698.79,,,,,,,Case Rate,"100% Medicare OPPS FS. ",2698.79,,,,,,,Case Rate,"100% Medicare OPPS FS. ",2698.79,,,,,,,Case Rate,"100% Medicare OPPS FS. ",10351,,,,,,,Case Rate,". MPL 100/50/25% all add ons apply, and lesser of 100% of billed charges",10351,,,,,,,Case Rate,". MPL 100/50/25% all add ons apply, and lesser of 100% of billed charges",10351,,,,,,,Case Rate,". MPL 100/50/25% all add ons apply, and lesser of 100% of billed charges",25798,,,,,,,Case Rate,". MPL 100/75/50% all add ons apply, and lesser of 100% of billed charges",15563,,,,,,,Case Rate,". Primary procedure pays at 100%, secondary at 50%, all subsequent at 25%.  Lesser of applies when negotiated rates exceed charges less addons.",2698.79,,,,,,,Case Rate,"100% Medicare OPPS FS. ",10351,,,,,,,Case Rate,". MPL 100/50/25% all add ons apply, and lesser of 100% of billed charges",2182.58,,,,,,,Case Rate,"100 Percent of Medicaid APG. ",2752.76,,,,,,,Case Rate,"102% of Medicare OPPS. ",2752.76,,,,,,,Case Rate,"102% of Medicare OPPS. ",2752.76,,,,,,,Case Rate,"102% of Medicare OPPS. ",2182.58,,,,,,,Case rate,"100 Percent of Medicaid APG. ",4910.81,,,,,,,Case Rate,225% of NYS APG. Lesser of 100% of billed charges applies.,4910.81,,,,,,,Case Rate,225% of NYS APG. Lesser of 100% of billed charges applies.,4910.81,,,,,,,Case Rate,225% of NYS APG. Lesser of 100% of billed charges applies.,4910.81,,,,,,,Case Rate,225% of NYS APG. Lesser of 100% of billed charges applies.,4910.81,,,,,,,Case Rate,225% of NYS APG. Lesser of 100% of billed charges applies.,2752.76,,,,,,,Case Rate,"102% of Medicare OPPS. ",2182.58,,,,,,,Case Rate,"100 Percent of Medicaid APG. ",1112.98,,,,,,,Case Rate,100% of PAS. Lesser of 100% of billed charges applies.,4910.81,,,,,,,Case Rate,225% of NYS APG. Lesser of 100% of billed charges applies.,4910.81,,,,,,,Case Rate,225% of NYS APG. Lesser of 100% of billed charges applies.,1112.98,,,,,,,Case Rate,100% of PAS. Lesser of 100% of billed charges applies.,1112.98,,,,,,,Case Rate,100% of PAS. Lesser of 100% of billed charges applies.,3928.65,,,,,,,Fee Schedule,"180 Percent of Medicaid APG. ",2698.79,,,,,,,Case Rate,"100% Medicare OPPS FS. ",2698.79,,,,,,,Case Rate,"100% Medicare OPPS FS. ",15563,,,,,,,Case Rate,". Primary procedure pays at 100%, secondary at 50%, all subsequent at 25%.  Lesser of applies when negotiated rates exceed charges less addons.",2698.79,,,,,,,Case Rate,"100% Medicare OPPS FS. ",4910.81,,,,,,,Case Rate,"225 Percent of Medicaid APG. ",4910.81,,,,,,,Case Rate,"225 Percent of Medicaid APG. ",2182.58,,,,,,,Case rate,"100 Percent of Medicaid APG. ",2182.58,,,,,,,Case rate,"100 Percent of Medicaid APG. ",4910.81,,,,,,,Case Rate,225 Percent of Medicaid APG. Covered services not payable under Medicaid Fee Schedules default to a payment of 87.5 percent of charges.,2182.58,,,,,,,Case rate,124 Percent of Medicaid APG. Covered services not payable under Medicaid Fee Schedules default to a payment of 50 percent of charges.,4910.81,,,,,,,Case Rate,"100 Percent of Medicaid APG. ",4910.81,,,,,,,Case Rate,"100 Percent of Medicaid APG. ",4910.81,,,,,,,Case Rate,"100 Percent of Medicaid APG. ",4910.81,,,,,,,Case Rate,"100 Percent of Medicaid APG. ",13453,,,,,,,Case Rate,". MPL 100/75/50% all add ons apply, and lesser of 100% of billed charges",25798,,,,,,,Case Rate,". MPL 100/75/50% all add ons apply, and lesser of 100% of billed charges",2619.1,,,,,,,Case Rate,"120 Percent of Medicaid APG. Not APG payable, or payable under another fee schedule like ASP/AWP pays at 30% of charges",2619.1,,,,,,,Case Rate,"120 Percent of Medicaid APG. Not APG payable, or payable under another fee schedule like ASP/AWP pays at 30% of charges",2182.58,,,,,,,Case Rate,"100 Percent of Medicaid APG. Not APG payable, or payable under another fee schedule like ASP/AWP pays at 30% of charges",2182.58,,,,,,,Case Rate,"100 Percent of Medicaid APG. Not APG payable, or payable under another fee schedule like ASP/AWP pays at 30% of charges",10351,,,,,,,Case Rate,". MPL 100/50/25% all add ons apply, and lesser of 100% of billed charges",10351,,,,,,,Case Rate,". MPL 100/50/25% all add ons apply, and lesser of 100% of billed charges",2698.79,,,,,,,Case Rate,"100% Medicare OPPS FS. ",10351,,,,,,,Case Rate,". MPL 100/50/25% all add ons apply, and lesser of 100% of billed charges",10351,,,,,,,Case Rate,". MPL 100/50/25% all add ons apply, and lesser of 100% of billed charges",10351,,,,,,,Case Rate,". MPL 100/50/25% all add ons apply, and lesser of 100% of billed charges",10351,,,,,,,Case Rate,". MPL 100/50/25% all add ons apply, and lesser of 100% of billed charges",2698.79,,,,,,,Case Rate,"100% Medicare OPPS FS. ",10351,,,,,,,Case Rate,". MPL 100/50/25% all add ons apply, and lesser of 100% of billed charges",10351,,,,,,,Case Rate,". MPL 100/50/25% all add ons apply, and lesser of 100% of billed charges",15563,,,,,,,Case Rate,". Primary procedure pays at 100%, secondary at 50%, all subsequent at 25%.  Lesser of applies when negotiated rates exceed charges less addons.",2182.58,,,,,,,Fee Schedule,100% APG. Lesser of 100% of billed charges applies.,2182.58,,,,,,,Case rate,124 Percent of Medicaid APG. Covered services not payable under Medicaid Fee Schedules default to a payment of 50 percent of charges.,4910.81,,,,,,,Case Rate,225% of NYS APG. Lesser of 100% of billed charges applies.,4910.81,,,,,,,Case Rate,225 Percent of Medicaid APG. Covered services not payable under Medicaid Fee Schedules default to a payment of 87.5 percent of charges.,2182.58,,,,,,,Case rate,124 Percent of Medicaid APG. Covered services not payable under Medicaid Fee Schedules default to a payment of 50 percent of charges.,4910.81,,,,,,,Case Rate,225% of NYS APG. Lesser of 100% of billed charges applies.,4910.81,,,,,,,Case Rate,225% of NYS APG. Lesser of 100% of billed charges applies.,4910.81,,,,,,,Case Rate,225% of NYS APG. Lesser of 100% of billed charges applies.,4910.81,,,,,,,Case Rate,225% of NYS APG. Lesser of 100% of billed charges applies.,4910.81,,,,,,,Case Rate,225% of NYS APG. Lesser of 100% of billed charges applies.,4910.81,,,,,,,Case Rate,225% of NYS APG. Lesser of 100% of billed charges applies.,,,,,,,,,"NA. ",,,,,,,,,"NA. ",,,,,,,,,"NA. ",6487,,,,,,,Case Rate,". MPL 100/50/25% maxmium of 3 procedures. All add ons apply, and lesser of 100% of billed charges",,,,,,,,,"NA. ",2698.79,,,,,,,Case Rate,"100% Medicare OPPS FS. ",15878,,,,,,,Case Rate,". MPL 1st 100% of Payment Rate 50% of all others, all add ons apply, and lesser of 100% of billed charges.",2698.79,,,,,,,Case Rate,"100% Medicare OPPS FS. ",2698.79,,,,,,,Case Rate,"100% Medicare OPPS FS. ",2619.1,,,,,,,Case Rate,"120 Percent of Medicaid APG. Not APG payable, or payable under another fee schedule like ASP/AWP pays at 30% of charges",2619.1,,,,,,,Case Rate,"120 Percent of Medicaid APG. Not APG payable, or payable under another fee schedule like ASP/AWP pays at 30% of charges",2182.58,,,,,,,Case Rate,"100 Percent of Medicaid APG. Not APG payable, or payable under another fee schedule like ASP/AWP pays at 30% of charges",2182.58,,,,,,,Case Rate,"100 Percent of Medicaid APG. Not APG payable, or payable under another fee schedule like ASP/AWP pays at 30% of charges",2182.58,,,,,,,Case Rate,"100 Percent of Medicaid APG. ",7163,,,,,,,Case Rate,". ",15563,,,,,,,Case Rate,". Primary procedure pays at 100%, secondary at 50%, all subsequent at 25%.  Lesser of applies when negotiated rates exceed charges less addons.",8427,,,,,,,Case Rate,". Primary procedure pays at 100%, all subsequent at 50%.",6487,,,,,,,Case Rate,". MPL 100/50/25% maxmium of 3 procedures. All add ons apply, and lesser of 100% of billed charges",2698.79,,,,,,,Case Rate,"100%Medicare OPPS FS. ",2698.79,,,,,,,Case Rate,"100% Medicare OPPS FS. ",2698.79,,,,,,,Case Rate,"100% Medicare OPPS FS. ",2698.79,,,,,,,Case Rate,"100% Medicare OPPS FS. ",2698.79,,,,,,,Case Rate,"100%Medicare OPPS FS. ",2698.79,,,,,,,Case Rate,"100% Medicare OPPS FS. ",,,,,,,,,"NA. ",4910.81,,,,,,,Case Rate,225% of NYS APG. Lesser of 100% of billed charges applies.,1112.98,,,,,,,Case Rate,100% of PAS. Lesser of 100% of billed charges applies.,10351,,,,,,,Case Rate,". MPL 100/50/25% all add ons apply, and lesser of 100% of billed charges",7163,,,,,,,Case Rate,". ",7163,,,,,,,Case Rate,". ",7163,,,,,,,Case Rate,". ",7163,,,,,,,Case Rate,". ",2698.79,,,,,,,Case Rate,"100% Medicare OPPS FS. ",2182.58,,,,,,,Case Rate,"100 Percent of Medicaid APG. ",10351,,,,,,,Case Rate,". MPL 100/50/25% all add ons apply, and lesser of 100% of billed charges",2182.58,,,,,,,Case Rate,"100 Percent of Medicaid APG. ",2698.79,,,,,,,Case Rate,"100% Medicare OPPS FS. ",2182.58,,,,,,,Case Rate,"100 Percent of Medicaid APG. ",2698.79,,,,,,,Case Rate,"100% Medicare OPPS FS. ",2698.79,,,,,,,Case Rate,"100% Medicare OPPS FS. ",2182.58,,,,,,,Case Rate,"100 Percent of Medicaid APG. ",2182.58,,,,,,,Case Rate,"100 Percent of Medicaid APG. ",7163,,,,,,,Case Rate,". ",6487,,,,,,,Case Rate,". MPL 100/50/25% maxmium of 3 procedures. All add ons apply, and lesser of 100% of billed charges",,78,,,,,0,percent of total billed charges,78% of Billed Charges. Lesser of 100% of billed charges applies.; No services were performed during the 15 month look back period.,9024.56,,,,,,,Case Rate,". MPL 100/50/25% all add ons apply, and lesser of 100% of billed charges",9024.56,,,,,,,Case Rate,". MPL 100/50/25% all add ons apply, and lesser of 100% of billed charges",15563,,,,,,,Case Rate,". Primary procedure pays at 100%, secondary at 50%, all subsequent at 25%.  Lesser of applies when negotiated rates exceed charges less addons.",1166.02,,,,,,,Case Rate,"83% HF Fee schedule. ",12574,,,,,,,Case Rate,". Primary procedure pays at 100%, all subsequent at 50%.",12574,,,,,,,Case Rate,". Primary procedure pays at 100%, all subsequent at 50%.",8281,,,,,,,Case Rate,". MPL 100/50/25% all add ons apply, and lesser of 100% of billed charges",8281,,,,,,,Case Rate,". MPL 100/50/25% all add ons apply, and lesser of 100% of billed charges",2698.79,,,,,,,Case Rate,"100% Medicare OPPS FS. ",2698.79,,,,,,,Case Rate,"100% Medicare OPPS FS. ",2698.79,,,,,,,Case Rate,"100% Medicare OPPS FS. ",2698.79,,,,,,,Case Rate,"100% Medicare OPPS FS. ",9024.56,,,,,,,Case Rate,". MPL 100/50/25% all add ons apply, and lesser of 100% of billed charges",10351,,,,,,,Case Rate,". MPL 100/50/25% all add ons apply, and lesser of 100% of billed charges",10351,,,,,,,Case Rate,". MPL 100/50/25% all add ons apply, and lesser of 100% of billed charges",2698.79,,,,,,,Case Rate,"100% Medicare OPPS FS. ",8281,,,,,,,Case Rate,". MPL 100/50/25% all add ons apply, and lesser of 100% of billed charges",8427,,,,,,,Case Rate,". Primary procedure pays at 100%, all subsequent at 50%.",2619.1,,,,,,,Fee Schedule,"120 Percent of Medicaid APG. ",2182.58,,,,,,,Case Rate,"100 Percent of Medicaid APG. ",7163,,,,,,,Case Rate,". ",9316,,,,,,,Case Rate,". MPL 100/50/25% all add ons apply, and lesser of 100% of billed charges",9316,,,,,,,Case Rate,". MPL 100/50/25% all add ons apply, and lesser of 100% of billed charges",10351,,,,,,,Case Rate,". MPL 100/50/25% all add ons apply, and lesser of 100% of billed charges",14948,,,,,,,Case Rate,". MPL 100/75/50% all add ons apply, and lesser of 100% of billed charges",2698.79,,,,,,,Case Rate,"100%Medicare OPPS FS. ",2291.71,,,,,,,Fee Schedule,105 percent of Medicaid APG. otherwise 105% of Ordered NYS MCD FS or 105% of ASP+6%,2291.71,,,,,,,Fee Schedule,105 percent of Medicaid APG. otherwise 105% of Ordered NYS MCD FS or 105% of ASP+6%,2291.71,,,,,,,Fee Schedule,105 percent of Medicaid APG. otherwise 105% of Ordered NYS MCD FS or 105% of ASP+6%,2946.49,,,,,,,Fee Schedule,135 percent of Medicaid APG. otherwise 135% of Ordered NYS MCD FS or 135% of ASP+6%,9024.56,,,,,,,Case Rate,". MPL 100/50/25% all add ons apply, and lesser of 100% of billed charges",2291.71,,,,,,,Fee Schedule,105 percent of Medicaid APG. otherwise 105% of Ordered NYS MCD FS or 105% of ASP+6%,2291.71,,,,,,,Fee Schedule,105 percent of Medicaid APG. otherwise 105% of Ordered NYS MCD FS or 105% of ASP+6%,2291.71,,,,,,,Fee Schedule,105 percent of Medicaid APG. otherwise 105% of Ordered NYS MCD FS or 105% of ASP+6%,2291.71,,,,,,,Fee Schedule,105 percent of Medicaid APG. otherwise 105% of Ordered NYS MCD FS or 105% of ASP+6%,2291.71,,,,,,,Fee Schedule,105 percent of Medicaid APG. otherwise 105% of Ordered NYS MCD FS or 105% of ASP+6%,2946.49,,,,,,,Fee Schedule,135 percent of Medicaid APG. otherwise 135% of Ordered NYS MCD FS or 135% of ASP+6%,2946.49,,,,,,,Fee Schedule,135 percent of Medicaid APG. otherwise 135% of Ordered NYS MCD FS or 135% of ASP+6%,2698.79,,,,,,,Case Rate,"100% Medicare OPPS FS. ",9024.56,,,,,,,Case Rate,". MPL 100/50/25% all add ons apply, and lesser of 100% of billed charges",2698.79,,,,,,,Case Rate,"100% Medicare OPPS FS. ",2291.71,,,,,,,Fee Schedule,105 percent of Medicaid APG. otherwise 105% of Ordered NYS MCD FS or 105% of ASP+6%,10351,,,,,,,Case Rate,". MPL 100/50/25% all add ons apply, and lesser of 100% of billed charges",2698.79,,,,,,,Case Rate,"100% Medicare OPPS FS. ",10351,,,,,,,Case Rate,". MPL 100/50/25% all add ons apply, and lesser of 100% of billed charges",10351,,,,,,,Case Rate,". MPL 100/50/25% all add ons apply, and lesser of 100% of billed charges",10351,,,,,,,Case Rate,". MPL 100/50/25% all add ons apply, and lesser of 100% of billed charges",2291.71,,,,,,,Fee Schedule,105 percent of Medicaid APG. otherwise 105% of Ordered NYS MCD FS or 105% of ASP+6%,2698.79,,,,,,,Case Rate,"100% Medicare OPPS FS. ",10351,,,,,,,Case Rate,". MPL 100/50/25% all add ons apply, and lesser of 100% of billed charges",2946.49,,,,,,,Fee Schedule,135 percent of Medicaid APG. otherwise 135% of Ordered NYS MCD FS or 135% of ASP+6%,10351,,,,,,,Case Rate,". MPL 100/50/25% all add ons apply, and lesser of 100% of billed charges",,200,,,,,0,Case Rate,200% of Medicare OPPS. ; No services were performed during the 15 month look back period.,2698.79,,,,,,,Case Rate,"100%Medicare OPPS FS. ",7163,,,,,,,Case Rate,". ",7163,,,,,,,Case Rate,". ",7163,,,,,,,Case Rate,". ",7163,,,,,,,Case Rate,". ",7163,,,,,,,Case Rate,". ",8427,,,,,,,Case Rate,". Primary procedure pays at 100%, all subsequent at 50%.",8427,,,,,,,Case Rate,". Primary procedure pays at 100%, all subsequent at 50%.",7163,,,,,,,Case Rate,". ",7163,,,,,,,Case Rate,". ",7163,,,,,,,Case Rate,". ",7163,,,,,,,Case Rate,". ",7163,,,,,,,Case Rate,". ",2698.79,,,,,,,Case Rate,"100% Medicare OPPS FS. ",8427,,,,,,,Case Rate,". Primary procedure pays at 100%, all subsequent at 50%.",2698.79,,,,,,,Case Rate,"100% Medicare OPPS FS. ",4910.81,,,,,,,Case Rate,"225 Percent of Medicaid APG. If not included in Medicaid APG, then 100 Percent of Manhattan Medicare",2182.58,,,,,,,Case Rate,"100 Percent of Medicaid APG. ",9024.56,,,,,,,Case Rate,". MPL 100/50/25% all add ons apply, and lesser of 100% of billed charges",9024.56,,,,,,,Case Rate,". MPL 100/50/25% all add ons apply, and lesser of 100% of billed charges",2698.79,,,,,,,Case Rate,"100% Medicare OPPS FS. ",12574,,,,,,,Case Rate,". Primary procedure pays at 100%, all subsequent at 50%.",2698.79,,,,,,,Case Rate,"100% Medicare OPPS FS. ",2698.79,,,,,,,Case Rate,"100% Medicare OPPS FS. ",15563,,,,,,,Case Rate,". Primary procedure pays at 100%, secondary at 50%, all subsequent at 25%.  Lesser of applies when negotiated rates exceed charges less addons.",2698.79,,,,,,,Case Rate,"100% Medicare OPPS FS. ",6487,,,,,,,Case Rate,". MPL 100/50/25% maxmium of 3 procedures. All add ons apply, and lesser of 100% of billed charges",2698.79,,,,,,,Case Rate,"100% Medicare OPPS FS. ",6487,,,,,,,Case Rate,". MPL 100/50/25% maxmium of 3 procedures. All add ons apply, and lesser of 100% of billed charges",15563,,,,,,,Case Rate,". Primary procedure pays at 100%, secondary at 50%, all subsequent at 25%.  Lesser of applies when negotiated rates exceed charges less addons.",6487,,,,,,,Case Rate,". MPL 100/50/25% maxmium of 3 procedures. All add ons apply, and lesser of 100% of billed charges",2698.79,,,,,,,Case Rate,"100% Medicare OPPS FS. ",2182.58,,,,,,,Case Rate,"100 Percent of Medicaid APG. ",2698.79,,,,,,,Case Rate,"100% Medicare OPPS FS. ",6487,,,,,,,Case Rate,". MPL 100/50/25% maxmium of 3 procedures. All add ons apply, and lesser of 100% of billed charges",9024.56,,,,,,,Case Rate,". MPL 100/50/25% all add ons apply, and lesser of 100% of billed charges",2182.58,,,,,,,Case Rate,"100 Percent of Medicaid APG. ",10351,,,,,,,Case Rate,". MPL 100/50/25% all add ons apply, and lesser of 100% of billed charges",2619.1,,,,,,,Fee Schedule,"120 Percent of Medicaid APG. ",2619.1,,,,,,,Fee Schedule,"120 Percent of Medicaid APG. ",10351,,,,,,,Case Rate,". MPL 100/50/25% all add ons apply, and lesser of 100% of billed charges",10351,,,,,,,Case Rate,". MPL 100/50/25% all add ons apply, and lesser of 100% of billed charges",10351,,,,,,,Case Rate,". MPL 100/50/25% all add ons apply, and lesser of 100% of billed charges",9024.56,,,,,,,Case Rate,". MPL 100/50/25% all add ons apply, and lesser of 100% of billed charges",10351,,,,,,,Case Rate,". MPL 100/50/25% all add ons apply, and lesser of 100% of billed charges",10351,,,,,,,Case Rate,". MPL 100/50/25% all add ons apply, and lesser of 100% of billed charges",10351,,,,,,,Case Rate,". MPL 100/50/25% all add ons apply, and lesser of 100% of billed charges",7163,,,,,,,Case Rate,". ",7163,,,,,,,Case Rate,". ",5343.6,,,,,,,Case Rate,198 Percent of Medicare OPPS. Metroplus will reimburse unlisted codes and described codes with no Medicare rate at 50 percent of charges.,2182.58,,,,,,,Case Rate,"100 Percent of Medicaid APG. ",9024.56,,,,,,,Case Rate,". MPL 100/50/25% all add ons apply, and lesser of 100% of billed charges",6487,,,,,,,Case Rate,". MPL 100/50/25% maxmium of 3 procedures. All add ons apply, and lesser of 100% of billed charges",15563,,,,,,,Case Rate,". Primary procedure pays at 100%, secondary at 50%, all subsequent at 25%.  Lesser of applies when negotiated rates exceed charges less addons.",9024.56,,,,,,,Case Rate,". MPL 100/50/25% all add ons apply, and lesser of 100% of billed charges",15563,,,,,,,Case Rate,". Primary procedure pays at 100%, secondary at 50%, all subsequent at 25%.  Lesser of applies when negotiated rates exceed charges less addons.",9024.56,,,,,,,Case Rate,". MPL 100/50/25% all add ons apply, and lesser of 100% of billed charges",10351,,,,,,,Case Rate,". MPL 100/50/25% all add ons apply, and lesser of 100% of billed charges",10351,,,,,,,Case Rate,". MPL 100/50/25% all add ons apply, and lesser of 100% of billed charges",10351,,,,,,,Case Rate,". MPL 100/50/25% all add ons apply, and lesser of 100% of billed charges",10351,,,,,,,Case Rate,". MPL 100/50/25% all add ons apply, and lesser of 100% of billed charges",2698.79,,,,,,,Case Rate,"100% Medicare OPPS FS. ",1112.98,25798,
66820,CPT,,,490,RC,INCISION SECONDARY CATARACT,,,both,,,,2434,,,,,,,Case Rate,". MPL 1st 100% of Payment Rate 50% of all others, all add ons apply, and lesser of 100% of billed charges.",2434,,,,,,,Case Rate,". MPL 1st 100% of Payment Rate 50% of all others, all add ons apply, and lesser of 100% of billed charges.",6593,,,,,,,Case Rate,". Primary procedure pays at 100%, secondary at 50%, all subsequent at 25%.  Lesser of applies when negotiated rates exceed charges less addons.",,100,,,,,0,percent of total billed charges,100 percent of billed charges; No services were performed during the 15 month look back period.,2698.79,,,,,,,Case Rate,"100% Medicare OPPS FS. ",6593,,,,,,,Case Rate,". Primary procedure pays at 100%, secondary at 50%, all subsequent at 25%.  Lesser of applies when negotiated rates exceed charges less addons.",6593,,,,,,,Case Rate,". Primary procedure pays at 100%, secondary at 50%, all subsequent at 25%.  Lesser of applies when negotiated rates exceed charges less addons.",6593,,,,,,,Case Rate,". Primary procedure pays at 100%, secondary at 50%, all subsequent at 25%.  Lesser of applies when negotiated rates exceed charges less addons.",2580.2,,,,,,,Case Rate,"100 Percent of Medicaid APG. ",2150.17,,,,,,,Case Rate,"100 Percent of Medicaid APG. ",,78,,,,,0,percent of total billed charges,78 percent of billed charges; No services were performed during the 15 month look back period.,4923.38,,,,,,,Case Rate,". MPL 100/50/25% all add ons apply, and lesser of 100% of billed charges",2150.17,,,,,,,Case Rate,"100 Percent of Medicaid APG. ",2698.79,,,,,,,Case Rate,"100% Medicare OPPS FS. ",,60,,,,,0,percent of total billed charges,60 percent of billed charges; No services were performed during the 15 month look back period.,,60,,,,,0,percent of total billed charges,60 percent of billed charges; No services were performed during the 15 month look back period.,,60,,,,,0,percent of total billed charges,60 percent of billed charges; No services were performed during the 15 month look back period.,,60,,,,,0,percent of total billed charges,60 percent of billed charges; No services were performed during the 15 month look back period.,2150.17,,,,,,,Case rate,124 Percent of Medicaid APG. Covered services not payable under Medicaid Fee Schedules default to a payment of 50 percent of charges.,2698.79,,,,,,,Case Rate,"100% Medicare OPPS FS. ",2150.17,,,,,,,Case rate,124 Percent of Medicaid APG. Covered services not payable under Medicaid Fee Schedules default to a payment of 50 percent of charges.,,78,,,,,0,percent of total billed charges,78 percent of billed charges; No services were performed during the 15 month look back period.,6593,,,,,,,Case Rate,". Primary procedure pays at 100%, secondary at 50%, all subsequent at 25%.  Lesser of applies when negotiated rates exceed charges less addons.",2698.79,,,,,,,Case Rate,"100%Medicare OPPS FS. ",8427,,,,,,,Case Rate,". Primary procedure pays at 100%, all subsequent at 50%.",2698.79,,,,,,,Case Rate,"100%Medicare OPPS FS. ",2698.79,,,,,,,Case Rate,"100%Medicare OPPS FS. ",,78,,,,,0,percent of total billed charges,78 percent of billed charges; No services were performed during the 15 month look back period.,1112.98,,,,,,,Case Rate,100% of PAS. Lesser of 100% of billed charges applies.,1112.98,,,,,,,Case Rate,100% of PAS. Lesser of 100% of billed charges applies.,2150.17,,,,,,,Case rate,"100 Percent of Medicaid APG. ",2150.17,,,,,,,Case rate,"100 Percent of Medicaid APG. ",8427,,,,,,,Case Rate,". Primary procedure pays at 100%, all subsequent at 50%.",8427,,,,,,,Case Rate,". Primary procedure pays at 100%, all subsequent at 50%.",2150.17,,,,,,,Case Rate,"100 Percent of Medicaid APG. Not APG payable, or payable under another fee schedule like ASP/AWP pays at 30% of charges",8427,,,,,,,Case Rate,". Primary procedure pays at 100%, all subsequent at 50%.",2150.17,,,,,,,Case Rate,"100 Percent of Medicaid APG. Not APG payable, or payable under another fee schedule like ASP/AWP pays at 30% of charges",2698.79,,,,,,,Case Rate,"100%Medicare OPPS FS. ",8427,,,,,,,Case Rate,". Primary procedure pays at 100%, all subsequent at 50%.",,78,,,,,0,percent of total billed charges,78 percent of billed charges; No services were performed during the 15 month look back period.,2150.17,,,,,,,Case Rate,"100 Percent of Medicaid APG. ",2150.17,,,,,,,Case Rate,"100 Percent of Medicaid APG. ",,78,,,,,0,percent of total billed charges,78 percent of billed charges; No services were performed during the 15 month look back period.,,60,,,,,0,percent of total billed charges,60 percent of billed charges; No services were performed during the 15 month look back period.,4500,,,,,,,Case Rate,". MPL 100/50/25% all add ons apply, and lesser of 100% of billed charges",4500,,,,,,,Case Rate,". MPL 100/50/25% all add ons apply, and lesser of 100% of billed charges",,78,,,,,0,percent of total billed charges,78 percent of billed charges; No services were performed during the 15 month look back period.,2698.79,,,,,,,Case Rate,"100% Medicare OPPS FS. ",4923.38,,,,,,,Case Rate,". MPL 100/50/25% all add ons apply, and lesser of 100% of billed charges",4923.38,,,,,,,Case Rate,". MPL 100/50/25% all add ons apply, and lesser of 100% of billed charges",4923.38,,,,,,,Case Rate,". MPL 100/50/25% all add ons apply, and lesser of 100% of billed charges",2698.79,,,,,,,Case Rate,"100% Medicare OPPS FS. ",4923.38,,,,,,,Case Rate,". MPL 100/50/25% all add ons apply, and lesser of 100% of billed charges",4923.38,,,,,,,Case Rate,". MPL 100/50/25% all add ons apply, and lesser of 100% of billed charges",2698.79,,,,,,,Case Rate,"100% of Medicare OPPS. ",25798,,,,,,,Case Rate,". MPL 100/75/50% all add ons apply, and lesser of 100% of billed charges",10351,,,,,,,Case Rate,". MPL 100/50/25% all add ons apply, and lesser of 100% of billed charges",10351,,,,,,,Case Rate,". MPL 100/50/25% all add ons apply, and lesser of 100% of billed charges",10351,,,,,,,Case Rate,". MPL 100/50/25% all add ons apply, and lesser of 100% of billed charges",10351,,,,,,,Case Rate,". MPL 100/50/25% all add ons apply, and lesser of 100% of billed charges",10351,,,,,,,Case Rate,". MPL 100/50/25% all add ons apply, and lesser of 100% of billed charges",10351,,,,,,,Case Rate,". MPL 100/50/25% all add ons apply, and lesser of 100% of billed charges",2698.79,,,,,,,Case Rate,"100% Medicare OPPS FS. ",2698.79,,,,,,,Case Rate,"100% Medicare OPPS FS. ",10351,,,,,,,Case Rate,". MPL 100/50/25% all add ons apply, and lesser of 100% of billed charges",,78,,,,,0,percent of total billed charges,78 percent of billed charges; No services were performed during the 15 month look back period.,,78,,,,,0,percent of total billed charges,78 percent of billed charges; No services were performed during the 15 month look back period.,,78,,,,,0,percent of total billed charges,78 percent of billed charges; No services were performed during the 15 month look back period.,,78,,,,,0,percent of total billed charges,78 percent of billed charges; No services were performed during the 15 month look back period.,,78,,,,,0,percent of total billed charges,78 percent of billed charges; No services were performed during the 15 month look back period.,,78,,,,,0,percent of total billed charges,78 percent of billed charges; No services were performed during the 15 month look back period.,,78,,,,,0,percent of total billed charges,78 percent of billed charges; No services were performed during the 15 month look back period.,,78,,,,,0,percent of total billed charges,78 percent of billed charges; No services were performed during the 15 month look back period.,,78,,,,,0,percent of total billed charges,78 percent of billed charges; No services were performed during the 15 month look back period.,,78,,,,,0,percent of total billed charges,78 percent of billed charges; No services were performed during the 15 month look back period.,,78,,,,,0,percent of total billed charges,78 percent of billed charges; No services were performed during the 15 month look back period.,,78,,,,,0,percent of total billed charges,78 percent of billed charges; No services were performed during the 15 month look back period.,,78,,,,,0,percent of total billed charges,78 percent of billed charges; No services were performed during the 15 month look back period.,,78,,,,,0,percent of total billed charges,78 percent of billed charges; No services were performed during the 15 month look back period.,,78,,,,,0,percent of total billed charges,78 percent of billed charges; No services were performed during the 15 month look back period.,,78,,,,,0,percent of total billed charges,78 percent of billed charges; No services were performed during the 15 month look back period.,,78,,,,,0,percent of total billed charges,78 percent of billed charges; No services were performed during the 15 month look back period.,,78,,,,,0,percent of total billed charges,78 percent of billed charges; No services were performed during the 15 month look back period.,,78,,,,,0,percent of total billed charges,78 percent of billed charges; No services were performed during the 15 month look back period.,,78,,,,,0,percent of total billed charges,78 percent of billed charges; No services were performed during the 15 month look back period.,,78,,,,,0,percent of total billed charges,78 percent of billed charges; No services were performed during the 15 month look back period.,,78,,,,,0,percent of total billed charges,78 percent of billed charges; No services were performed during the 15 month look back period.,,78,,,,,0,percent of total billed charges,78 percent of billed charges; No services were performed during the 15 month look back period.,,78,,,,,0,percent of total billed charges,78 percent of billed charges; No services were performed during the 15 month look back period.,,78,,,,,0,percent of total billed charges,78 percent of billed charges; No services were performed during the 15 month look back period.,,78,,,,,0,percent of total billed charges,78 percent of billed charges; No services were performed during the 15 month look back period.,8427,,,,,,,Case Rate,". Primary procedure pays at 100%, all subsequent at 50%.",8427,,,,,,,Case Rate,". Primary procedure pays at 100%, all subsequent at 50%.",8427,,,,,,,Case Rate,". Primary procedure pays at 100%, all subsequent at 50%.",8427,,,,,,,Case Rate,". Primary procedure pays at 100%, all subsequent at 50%.",12574,,,,,,,Case Rate,". Primary procedure pays at 100%, all subsequent at 50%.",12574,,,,,,,Case Rate,". Primary procedure pays at 100%, all subsequent at 50%.",,60,,,,,0,percent of total billed charges,60 percent of billed charges; No services were performed during the 15 month look back period.,10351,,,,,,,Case Rate,". MPL 100/50/25% all add ons apply, and lesser of 100% of billed charges",4923.38,,,,,,,Case Rate,". MPL 100/50/25% all add ons apply, and lesser of 100% of billed charges",10351,,,,,,,Case Rate,". MPL 100/50/25% all add ons apply, and lesser of 100% of billed charges",,78,,,,,0,percent of total billed charges,78 percent of billed charges; No services were performed during the 15 month look back period.,12574,,,,,,,Case Rate,". Primary procedure pays at 100%, all subsequent at 50%.",10351,,,,,,,Case Rate,". MPL 100/50/25% all add ons apply, and lesser of 100% of billed charges",4923.38,,,,,,,Case Rate,". MPL 100/50/25% all add ons apply, and lesser of 100% of billed charges",,60,,,,,0,percent of total billed charges,60 percent of billed charges; No services were performed during the 15 month look back period.,,,,,,,,,,,78,,,,,0,percent of total billed charges,78 percent of billed charges; No services were performed during the 15 month look back period.,2150.17,,,,,,,Case Rate,"100 Percent of Medicaid APG. ",8427,,,,,,,Case Rate,". Primary procedure pays at 100%, all subsequent at 50%.",2150.17,,,,,,,Case Rate,"100 Percent of Medicaid APG. Not APG payable, or payable under another fee schedule like ASP/AWP pays at 30% of charges",2698.79,,,,,,,Case Rate,"100%Medicare OPPS FS. ",2698.79,,,,,,,Case Rate,"100% Medicare OPPS FS. ",25798,,,,,,,Case Rate,". MPL 100/75/50% all add ons apply, and lesser of 100% of billed charges",2698.79,,,,,,,Case Rate,"100% Medicare OPPS FS. ",2698.79,,,,,,,Case Rate,"100% Medicare OPPS FS. ",2150.17,,,,,,,Case Rate,"100 Percent of Medicaid APG. ",2698.79,,,,,,,Case Rate,"100% Medicare OPPS FS. ",2698.79,,,,,,,Case Rate,"100% Medicare OPPS FS. ",6593,,,,,,,Case Rate,". Primary procedure pays at 100%, secondary at 50%, all subsequent at 25%.  Lesser of applies when negotiated rates exceed charges less addons.",6593,,,,,,,Case Rate,". Primary procedure pays at 100%, secondary at 50%, all subsequent at 25%.  Lesser of applies when negotiated rates exceed charges less addons.",2698.79,,,,,,,Case Rate,"100% Medicare OPPS FS. ",,60,,,,,0,percent of total billed charges,60 percent of billed charges; No services were performed during the 15 month look back period.,4923.38,,,,,,,Case Rate,". MPL 100/50/25% all add ons apply, and lesser of 100% of billed charges",4923.38,,,,,,,Case Rate,". MPL 100/50/25% all add ons apply, and lesser of 100% of billed charges",2698.79,,,,,,,Case Rate,"100% Medicare OPPS FS. ",,60,,,,,0,percent of total billed charges,60 percent of billed charges; No services were performed during the 15 month look back period.,6593,,,,,,,Case Rate,". Primary procedure pays at 100%, secondary at 50%, all subsequent at 25%.  Lesser of applies when negotiated rates exceed charges less addons.",6593,,,,,,,Case Rate,". Primary procedure pays at 100%, secondary at 50%, all subsequent at 25%.  Lesser of applies when negotiated rates exceed charges less addons.",6593,,,,,,,Case Rate,". Primary procedure pays at 100%, secondary at 50%, all subsequent at 25%.  Lesser of applies when negotiated rates exceed charges less addons.",,78,,,,,0,percent of total billed charges,78 percent of billed charges; No services were performed during the 15 month look back period.,,78,,,,,0,percent of total billed charges,78 percent of billed charges; No services were performed during the 15 month look back period.,,78,,,,,0,percent of total billed charges,78 percent of billed charges; No services were performed during the 15 month look back period.,,78,,,,,0,percent of total billed charges,78 percent of billed charges; No services were performed during the 15 month look back period.,,78,,,,,0,percent of total billed charges,78 percent of billed charges; No services were performed during the 15 month look back period.,,78,,,,,0,percent of total billed charges,78 percent of billed charges; No services were performed during the 15 month look back period.,,78,,,,,0,percent of total billed charges,78 percent of billed charges; No services were performed during the 15 month look back period.,,78,,,,,0,percent of total billed charges,78 percent of billed charges; No services were performed during the 15 month look back period.,,78,,,,,0,percent of total billed charges,78 percent of billed charges; No services were performed during the 15 month look back period.,,78,,,,,0,percent of total billed charges,78 percent of billed charges; No services were performed during the 15 month look back period.,,78,,,,,0,percent of total billed charges,78 percent of billed charges; No services were performed during the 15 month look back period.,12574,,,,,,,Case Rate,". Primary procedure pays at 100%, all subsequent at 50%.",10351,,,,,,,Case Rate,". MPL 100/50/25% all add ons apply, and lesser of 100% of billed charges",,60,,,,,0,percent of total billed charges,60 percent of billed charges; No services were performed during the 15 month look back period.,2698.79,,,,,,,Case Rate,"100% Medicare OPPS FS. ",6593,,,,,,,Case Rate,". Primary procedure pays at 100%, secondary at 50%, all subsequent at 25%.  Lesser of applies when negotiated rates exceed charges less addons.",,60,,,,,0,percent of total billed charges,60 percent of billed charges; No services were performed during the 15 month look back period.,,60,,,,,0,percent of total billed charges,60 percent of billed charges; No services were performed during the 15 month look back period.,,78,,,,,0,percent of total billed charges,78 percent of billed charges; No services were performed during the 15 month look back period.,4601.36,,,,,,,Case Rate,"214 Percent of Medicaid APG. Drugs not priced under APG, billed with revenue code 636 and not priced by Medicare ASP FeeSched will be reimbursed at 20% of charges.",,60,,,,,0,percent of total billed charges,60 percent of billed charges; No services were performed during the 15 month look back period.,2150.17,,,,,,,Case Rate,"100 Percent of Medicaid APG. ",2698.79,,,,,,,Case Rate,"100% Medicare OPPS FS. ",2698.79,,,,,,,Case Rate,"100% Medicare OPPS FS. ",2698.79,,,,,,,Case Rate,"100% Medicare OPPS FS. ",2698.79,,,,,,,Case Rate,"100% Medicare OPPS FS. ",2698.79,,,,,,,Case Rate,"100% Medicare OPPS FS. ",2698.79,,,,,,,Case Rate,"100% Medicare OPPS FS. ",,60,,,,,0,percent of total billed charges,60 percent of billed charges; No services were performed during the 15 month look back period.,25798,,,,,,,Case Rate,". MPL 100/75/50% all add ons apply, and lesser of 100% of billed charges",3870.3,,,,,,,Fee Schedule,"180 Percent of Medicaid APG. ",3870.3,,,,,,,Fee Schedule,"180 Percent of Medicaid APG. ",3870.3,,,,,,,Fee Schedule,"180 Percent of Medicaid APG. ",3870.3,,,,,,,Fee Schedule,"180 Percent of Medicaid APG. ",3870.3,,,,,,,Fee Schedule,"180 Percent of Medicaid APG. ",,,,,,,,,,25798,,,,,,,Case Rate,". MPL 100/75/50% all add ons apply, and lesser of 100% of billed charges",5343.6,,,,,,,Case Rate,198 Percent of Medicare OPPS. Metroplus will reimburse unlisted codes and described codes with no Medicare rate at 50 percent of charges.,5343.6,,,,,,,Case Rate,198 Percent of Medicare OPPS. Metroplus will reimburse unlisted codes and described codes with no Medicare rate at 50 percent of charges.,5343.6,,,,,,,Case Rate,198 Percent of Medicare OPPS. Metroplus will reimburse unlisted codes and described codes with no Medicare rate at 50 percent of charges.,5343.6,,,,,,,Case Rate,198 Percent of Medicare OPPS. Metroplus will reimburse unlisted codes and described codes with no Medicare rate at 50 percent of charges.,5343.6,,,,,,,Case Rate,198 Percent of Medicare OPPS. Metroplus will reimburse unlisted codes and described codes with no Medicare rate at 50 percent of charges.,2698.79,,,,,,,Case Rate,"100% Medicare OPPS FS. ",12574,,,,,,,Case Rate,". Primary procedure pays at 100%, all subsequent at 50%.",12574,,,,,,,Case Rate,". Primary procedure pays at 100%, all subsequent at 50%.",12574,,,,,,,Case Rate,". Primary procedure pays at 100%, all subsequent at 50%.",12574,,,,,,,Case Rate,". Primary procedure pays at 100%, all subsequent at 50%.",6593,,,,,,,Case Rate,". Primary procedure pays at 100%, secondary at 50%, all subsequent at 25%.  Lesser of applies when negotiated rates exceed charges less addons.",6593,,,,,,,Case Rate,". Primary procedure pays at 100%, secondary at 50%, all subsequent at 25%.  Lesser of applies when negotiated rates exceed charges less addons.",6593,,,,,,,Case Rate,". Primary procedure pays at 100%, secondary at 50%, all subsequent at 25%.  Lesser of applies when negotiated rates exceed charges less addons.",6593,,,,,,,Case Rate,". Primary procedure pays at 100%, secondary at 50%, all subsequent at 25%.  Lesser of applies when negotiated rates exceed charges less addons.",25798,,,,,,,Case Rate,". MPL 100/75/50% all add ons apply, and lesser of 100% of billed charges",25798,,,,,,,Case Rate,". MPL 100/75/50% all add ons apply, and lesser of 100% of billed charges",2698.79,,,,,,,Case Rate,"100% Medicare OPPS FS. ",2698.79,,,,,,,Case Rate,"100% Medicare OPPS FS. ",2698.79,,,,,,,Case Rate,"100% Medicare OPPS FS. ",10351,,,,,,,Case Rate,". MPL 100/50/25% all add ons apply, and lesser of 100% of billed charges",10351,,,,,,,Case Rate,". MPL 100/50/25% all add ons apply, and lesser of 100% of billed charges",10351,,,,,,,Case Rate,". MPL 100/50/25% all add ons apply, and lesser of 100% of billed charges",25798,,,,,,,Case Rate,". MPL 100/75/50% all add ons apply, and lesser of 100% of billed charges",6593,,,,,,,Case Rate,". Primary procedure pays at 100%, secondary at 50%, all subsequent at 25%.  Lesser of applies when negotiated rates exceed charges less addons.",2698.79,,,,,,,Case Rate,"100% Medicare OPPS FS. ",10351,,,,,,,Case Rate,". MPL 100/50/25% all add ons apply, and lesser of 100% of billed charges",2150.17,,,,,,,Case Rate,"100 Percent of Medicaid APG. ",2752.76,,,,,,,Case Rate,"102% of Medicare OPPS. ",2752.76,,,,,,,Case Rate,"102% of Medicare OPPS. ",2752.76,,,,,,,Case Rate,"102% of Medicare OPPS. ",2150.17,,,,,,,Case rate,"100 Percent of Medicaid APG. ",4837.88,,,,,,,Case Rate,225% of NYS APG. Lesser of 100% of billed charges applies.,4837.88,,,,,,,Case Rate,225% of NYS APG. Lesser of 100% of billed charges applies.,4837.88,,,,,,,Case Rate,225% of NYS APG. Lesser of 100% of billed charges applies.,4837.88,,,,,,,Case Rate,225% of NYS APG. Lesser of 100% of billed charges applies.,4837.88,,,,,,,Case Rate,225% of NYS APG. Lesser of 100% of billed charges applies.,2752.76,,,,,,,Case Rate,"102% of Medicare OPPS. ",2150.17,,,,,,,Case Rate,"100 Percent of Medicaid APG. ",1112.98,,,,,,,Case Rate,100% of PAS. Lesser of 100% of billed charges applies.,4837.88,,,,,,,Case Rate,225% of NYS APG. Lesser of 100% of billed charges applies.,4837.88,,,,,,,Case Rate,225% of NYS APG. Lesser of 100% of billed charges applies.,1112.98,,,,,,,Case Rate,100% of PAS. Lesser of 100% of billed charges applies.,1112.98,,,,,,,Case Rate,100% of PAS. Lesser of 100% of billed charges applies.,3870.3,,,,,,,Fee Schedule,"180 Percent of Medicaid APG. ",2698.79,,,,,,,Case Rate,"100% Medicare OPPS FS. ",2698.79,,,,,,,Case Rate,"100% Medicare OPPS FS. ",6593,,,,,,,Case Rate,". Primary procedure pays at 100%, secondary at 50%, all subsequent at 25%.  Lesser of applies when negotiated rates exceed charges less addons.",2698.79,,,,,,,Case Rate,"100% Medicare OPPS FS. ",4837.88,,,,,,,Case Rate,"225 Percent of Medicaid APG. ",4837.88,,,,,,,Case Rate,"225 Percent of Medicaid APG. ",2150.17,,,,,,,Case rate,"100 Percent of Medicaid APG. ",2150.17,,,,,,,Case rate,"100 Percent of Medicaid APG. ",4837.88,,,,,,,Case Rate,225 Percent of Medicaid APG. Covered services not payable under Medicaid Fee Schedules default to a payment of 87.5 percent of charges.,2150.17,,,,,,,Case rate,124 Percent of Medicaid APG. Covered services not payable under Medicaid Fee Schedules default to a payment of 50 percent of charges.,4837.88,,,,,,,Case Rate,"100 Percent of Medicaid APG. ",4837.88,,,,,,,Case Rate,"100 Percent of Medicaid APG. ",4837.88,,,,,,,Case Rate,"100 Percent of Medicaid APG. ",4837.88,,,,,,,Case Rate,"100 Percent of Medicaid APG. ",13453,,,,,,,Case Rate,". MPL 100/75/50% all add ons apply, and lesser of 100% of billed charges",25798,,,,,,,Case Rate,". MPL 100/75/50% all add ons apply, and lesser of 100% of billed charges",2580.2,,,,,,,Case Rate,"120 Percent of Medicaid APG. Not APG payable, or payable under another fee schedule like ASP/AWP pays at 30% of charges",2580.2,,,,,,,Case Rate,"120 Percent of Medicaid APG. Not APG payable, or payable under another fee schedule like ASP/AWP pays at 30% of charges",2150.17,,,,,,,Case Rate,"100 Percent of Medicaid APG. Not APG payable, or payable under another fee schedule like ASP/AWP pays at 30% of charges",2150.17,,,,,,,Case Rate,"100 Percent of Medicaid APG. Not APG payable, or payable under another fee schedule like ASP/AWP pays at 30% of charges",10351,,,,,,,Case Rate,". MPL 100/50/25% all add ons apply, and lesser of 100% of billed charges",10351,,,,,,,Case Rate,". MPL 100/50/25% all add ons apply, and lesser of 100% of billed charges",2698.79,,,,,,,Case Rate,"100% Medicare OPPS FS. ",10351,,,,,,,Case Rate,". MPL 100/50/25% all add ons apply, and lesser of 100% of billed charges",10351,,,,,,,Case Rate,". MPL 100/50/25% all add ons apply, and lesser of 100% of billed charges",10351,,,,,,,Case Rate,". MPL 100/50/25% all add ons apply, and lesser of 100% of billed charges",10351,,,,,,,Case Rate,". MPL 100/50/25% all add ons apply, and lesser of 100% of billed charges",2698.79,,,,,,,Case Rate,"100% Medicare OPPS FS. ",10351,,,,,,,Case Rate,". MPL 100/50/25% all add ons apply, and lesser of 100% of billed charges",10351,,,,,,,Case Rate,". MPL 100/50/25% all add ons apply, and lesser of 100% of billed charges",6593,,,,,,,Case Rate,". Primary procedure pays at 100%, secondary at 50%, all subsequent at 25%.  Lesser of applies when negotiated rates exceed charges less addons.",2150.17,,,,,,,Fee Schedule,100% APG. Lesser of 100% of billed charges applies.,2150.17,,,,,,,Case rate,124 Percent of Medicaid APG. Covered services not payable under Medicaid Fee Schedules default to a payment of 50 percent of charges.,4837.88,,,,,,,Case Rate,225% of NYS APG. Lesser of 100% of billed charges applies.,4837.88,,,,,,,Case Rate,225 Percent of Medicaid APG. Covered services not payable under Medicaid Fee Schedules default to a payment of 87.5 percent of charges.,2150.17,,,,,,,Case rate,124 Percent of Medicaid APG. Covered services not payable under Medicaid Fee Schedules default to a payment of 50 percent of charges.,4837.88,,,,,,,Case Rate,225% of NYS APG. Lesser of 100% of billed charges applies.,4837.88,,,,,,,Case Rate,225% of NYS APG. Lesser of 100% of billed charges applies.,4837.88,,,,,,,Case Rate,225% of NYS APG. Lesser of 100% of billed charges applies.,4837.88,,,,,,,Case Rate,225% of NYS APG. Lesser of 100% of billed charges applies.,4837.88,,,,,,,Case Rate,225% of NYS APG. Lesser of 100% of billed charges applies.,4837.88,,,,,,,Case Rate,225% of NYS APG. Lesser of 100% of billed charges applies.,,,,,,,,,,,,,,,,,,,,,,,,,,,,,60,,,,,0,percent of total billed charges,60 percent of billed charges; No services were performed during the 15 month look back period.,,,,,,,,,,2698.79,,,,,,,Case Rate,"100% Medicare OPPS FS. ",2434,,,,,,,Case Rate,". MPL 1st 100% of Payment Rate 50% of all others, all add ons apply, and lesser of 100% of billed charges.",2698.79,,,,,,,Case Rate,"100% Medicare OPPS FS. ",2698.79,,,,,,,Case Rate,"100% Medicare OPPS FS. ",2580.2,,,,,,,Case Rate,"120 Percent of Medicaid APG. Not APG payable, or payable under another fee schedule like ASP/AWP pays at 30% of charges",2580.2,,,,,,,Case Rate,"120 Percent of Medicaid APG. Not APG payable, or payable under another fee schedule like ASP/AWP pays at 30% of charges",2150.17,,,,,,,Case Rate,"100 Percent of Medicaid APG. Not APG payable, or payable under another fee schedule like ASP/AWP pays at 30% of charges",2150.17,,,,,,,Case Rate,"100 Percent of Medicaid APG. Not APG payable, or payable under another fee schedule like ASP/AWP pays at 30% of charges",2150.17,,,,,,,Case Rate,"100 Percent of Medicaid APG. ",7163,,,,,,,Case Rate,". ",6593,,,,,,,Case Rate,". Primary procedure pays at 100%, secondary at 50%, all subsequent at 25%.  Lesser of applies when negotiated rates exceed charges less addons.",8427,,,,,,,Case Rate,". Primary procedure pays at 100%, all subsequent at 50%.",,60,,,,,0,percent of total billed charges,60 percent of billed charges; No services were performed during the 15 month look back period.,2698.79,,,,,,,Case Rate,"100%Medicare OPPS FS. ",2698.79,,,,,,,Case Rate,"100% Medicare OPPS FS. ",2698.79,,,,,,,Case Rate,"100% Medicare OPPS FS. ",2698.79,,,,,,,Case Rate,"100% Medicare OPPS FS. ",2698.79,,,,,,,Case Rate,"100%Medicare OPPS FS. ",2698.79,,,,,,,Case Rate,"100% Medicare OPPS FS. ",,,,,,,,,,4837.88,,,,,,,Case Rate,225% of NYS APG. Lesser of 100% of billed charges applies.,1112.98,,,,,,,Case Rate,100% of PAS. Lesser of 100% of billed charges applies.,10351,,,,,,,Case Rate,". MPL 100/50/25% all add ons apply, and lesser of 100% of billed charges",7163,,,,,,,Case Rate,". ",7163,,,,,,,Case Rate,". ",7163,,,,,,,Case Rate,". ",7163,,,,,,,Case Rate,". ",2698.79,,,,,,,Case Rate,"100% Medicare OPPS FS. ",2150.17,,,,,,,Case Rate,"100 Percent of Medicaid APG. ",10351,,,,,,,Case Rate,". MPL 100/50/25% all add ons apply, and lesser of 100% of billed charges",2150.17,,,,,,,Case Rate,"100 Percent of Medicaid APG. ",2698.79,,,,,,,Case Rate,"100% Medicare OPPS FS. ",2150.17,,,,,,,Case Rate,"100 Percent of Medicaid APG. ",2698.79,,,,,,,Case Rate,"100% Medicare OPPS FS. ",2698.79,,,,,,,Case Rate,"100% Medicare OPPS FS. ",2150.17,,,,,,,Case Rate,"100 Percent of Medicaid APG. ",2150.17,,,,,,,Case Rate,"100 Percent of Medicaid APG. ",7163,,,,,,,Case Rate,". ",,60,,,,,0,percent of total billed charges,60 percent of billed charges; No services were performed during the 15 month look back period.,,78,,,,,0,percent of total billed charges,78 percent of billed charges; No services were performed during the 15 month look back period.,4923.38,,,,,,,Case Rate,". MPL 100/50/25% all add ons apply, and lesser of 100% of billed charges",4923.38,,,,,,,Case Rate,". MPL 100/50/25% all add ons apply, and lesser of 100% of billed charges",6593,,,,,,,Case Rate,". Primary procedure pays at 100%, secondary at 50%, all subsequent at 25%.  Lesser of applies when negotiated rates exceed charges less addons.",1166.02,,,,,,,Case Rate,"83% HF Fee schedule. ",12574,,,,,,,Case Rate,". Primary procedure pays at 100%, all subsequent at 50%.",12574,,,,,,,Case Rate,". Primary procedure pays at 100%, all subsequent at 50%.",8281,,,,,,,Case Rate,". MPL 100/50/25% all add ons apply, and lesser of 100% of billed charges",8281,,,,,,,Case Rate,". MPL 100/50/25% all add ons apply, and lesser of 100% of billed charges",2698.79,,,,,,,Case Rate,"100% Medicare OPPS FS. ",2698.79,,,,,,,Case Rate,"100% Medicare OPPS FS. ",2698.79,,,,,,,Case Rate,"100% Medicare OPPS FS. ",2698.79,,,,,,,Case Rate,"100% Medicare OPPS FS. ",4923.38,,,,,,,Case Rate,". MPL 100/50/25% all add ons apply, and lesser of 100% of billed charges",10351,,,,,,,Case Rate,". MPL 100/50/25% all add ons apply, and lesser of 100% of billed charges",10351,,,,,,,Case Rate,". MPL 100/50/25% all add ons apply, and lesser of 100% of billed charges",2698.79,,,,,,,Case Rate,"100% Medicare OPPS FS. ",8281,,,,,,,Case Rate,". MPL 100/50/25% all add ons apply, and lesser of 100% of billed charges",8427,,,,,,,Case Rate,". Primary procedure pays at 100%, all subsequent at 50%.",2580.2,,,,,,,Fee Schedule,"120 Percent of Medicaid APG. ",2150.17,,,,,,,Case Rate,"100 Percent of Medicaid APG. ",7163,,,,,,,Case Rate,". ",9316,,,,,,,Case Rate,". MPL 100/50/25% all add ons apply, and lesser of 100% of billed charges",9316,,,,,,,Case Rate,". MPL 100/50/25% all add ons apply, and lesser of 100% of billed charges",10351,,,,,,,Case Rate,". MPL 100/50/25% all add ons apply, and lesser of 100% of billed charges",14948,,,,,,,Case Rate,". MPL 100/75/50% all add ons apply, and lesser of 100% of billed charges",2698.79,,,,,,,Case Rate,"100%Medicare OPPS FS. ",2257.68,,,,,,,Fee Schedule,105 percent of Medicaid APG. otherwise 105% of Ordered NYS MCD FS or 105% of ASP+6%,2257.68,,,,,,,Fee Schedule,105 percent of Medicaid APG. otherwise 105% of Ordered NYS MCD FS or 105% of ASP+6%,2257.68,,,,,,,Fee Schedule,105 percent of Medicaid APG. otherwise 105% of Ordered NYS MCD FS or 105% of ASP+6%,2902.73,,,,,,,Fee Schedule,135 percent of Medicaid APG. otherwise 135% of Ordered NYS MCD FS or 135% of ASP+6%,4923.38,,,,,,,Case Rate,". MPL 100/50/25% all add ons apply, and lesser of 100% of billed charges",2257.68,,,,,,,Fee Schedule,105 percent of Medicaid APG. otherwise 105% of Ordered NYS MCD FS or 105% of ASP+6%,2257.68,,,,,,,Fee Schedule,105 percent of Medicaid APG. otherwise 105% of Ordered NYS MCD FS or 105% of ASP+6%,2257.68,,,,,,,Fee Schedule,105 percent of Medicaid APG. otherwise 105% of Ordered NYS MCD FS or 105% of ASP+6%,2257.68,,,,,,,Fee Schedule,105 percent of Medicaid APG. otherwise 105% of Ordered NYS MCD FS or 105% of ASP+6%,2257.68,,,,,,,Fee Schedule,105 percent of Medicaid APG. otherwise 105% of Ordered NYS MCD FS or 105% of ASP+6%,2902.73,,,,,,,Fee Schedule,135 percent of Medicaid APG. otherwise 135% of Ordered NYS MCD FS or 135% of ASP+6%,2902.73,,,,,,,Fee Schedule,135 percent of Medicaid APG. otherwise 135% of Ordered NYS MCD FS or 135% of ASP+6%,2698.79,,,,,,,Case Rate,"100% Medicare OPPS FS. ",4923.38,,,,,,,Case Rate,". MPL 100/50/25% all add ons apply, and lesser of 100% of billed charges",2698.79,,,,,,,Case Rate,"100% Medicare OPPS FS. ",2257.68,,,,,,,Fee Schedule,105 percent of Medicaid APG. otherwise 105% of Ordered NYS MCD FS or 105% of ASP+6%,10351,,,,,,,Case Rate,". MPL 100/50/25% all add ons apply, and lesser of 100% of billed charges",2698.79,,,,,,,Case Rate,"100% Medicare OPPS FS. ",10351,,,,,,,Case Rate,". MPL 100/50/25% all add ons apply, and lesser of 100% of billed charges",10351,,,,,,,Case Rate,". MPL 100/50/25% all add ons apply, and lesser of 100% of billed charges",10351,,,,,,,Case Rate,". MPL 100/50/25% all add ons apply, and lesser of 100% of billed charges",2257.68,,,,,,,Fee Schedule,105 percent of Medicaid APG. otherwise 105% of Ordered NYS MCD FS or 105% of ASP+6%,2698.79,,,,,,,Case Rate,"100% Medicare OPPS FS. ",10351,,,,,,,Case Rate,". MPL 100/50/25% all add ons apply, and lesser of 100% of billed charges",2902.73,,,,,,,Fee Schedule,135 percent of Medicaid APG. otherwise 135% of Ordered NYS MCD FS or 135% of ASP+6%,10351,,,,,,,Case Rate,". MPL 100/50/25% all add ons apply, and lesser of 100% of billed charges",,200,,,,,0,Case Rate,200% of Medicare OPPS. ; No services were performed during the 15 month look back period.,2698.79,,,,,,,Case Rate,"100%Medicare OPPS FS. ",7163,,,,,,,Case Rate,". ",7163,,,,,,,Case Rate,". ",7163,,,,,,,Case Rate,". ",7163,,,,,,,Case Rate,". ",7163,,,,,,,Case Rate,". ",8427,,,,,,,Case Rate,". Primary procedure pays at 100%, all subsequent at 50%.",8427,,,,,,,Case Rate,". Primary procedure pays at 100%, all subsequent at 50%.",7163,,,,,,,Case Rate,". ",7163,,,,,,,Case Rate,". ",7163,,,,,,,Case Rate,". ",7163,,,,,,,Case Rate,". ",7163,,,,,,,Case Rate,". ",2698.79,,,,,,,Case Rate,"100% Medicare OPPS FS. ",8427,,,,,,,Case Rate,". Primary procedure pays at 100%, all subsequent at 50%.",2698.79,,,,,,,Case Rate,"100% Medicare OPPS FS. ",4837.88,,,,,,,Case Rate,"225 Percent of Medicaid APG. If not included in Medicaid APG, then 100 Percent of Manhattan Medicare",2150.17,,,,,,,Case Rate,"100 Percent of Medicaid APG. ",4923.38,,,,,,,Case Rate,". MPL 100/50/25% all add ons apply, and lesser of 100% of billed charges",4923.38,,,,,,,Case Rate,". MPL 100/50/25% all add ons apply, and lesser of 100% of billed charges",2698.79,,,,,,,Case Rate,"100% Medicare OPPS FS. ",12574,,,,,,,Case Rate,". Primary procedure pays at 100%, all subsequent at 50%.",2698.79,,,,,,,Case Rate,"100% Medicare OPPS FS. ",2698.79,,,,,,,Case Rate,"100% Medicare OPPS FS. ",6593,,,,,,,Case Rate,". Primary procedure pays at 100%, secondary at 50%, all subsequent at 25%.  Lesser of applies when negotiated rates exceed charges less addons.",2698.79,,,,,,,Case Rate,"100% Medicare OPPS FS. ",,60,,,,,0,percent of total billed charges,60 percent of billed charges; No services were performed during the 15 month look back period.,2698.79,,,,,,,Case Rate,"100% Medicare OPPS FS. ",,60,,,,,0,percent of total billed charges,60 percent of billed charges; No services were performed during the 15 month look back period.,6593,,,,,,,Case Rate,". Primary procedure pays at 100%, secondary at 50%, all subsequent at 25%.  Lesser of applies when negotiated rates exceed charges less addons.",,60,,,,,0,percent of total billed charges,60 percent of billed charges; No services were performed during the 15 month look back period.,2698.79,,,,,,,Case Rate,"100% Medicare OPPS FS. ",2150.17,,,,,,,Case Rate,"100 Percent of Medicaid APG. ",2698.79,,,,,,,Case Rate,"100% Medicare OPPS FS. ",,60,,,,,0,percent of total billed charges,60 percent of billed charges; No services were performed during the 15 month look back period.,4923.38,,,,,,,Case Rate,". MPL 100/50/25% all add ons apply, and lesser of 100% of billed charges",2150.17,,,,,,,Case Rate,"100 Percent of Medicaid APG. ",10351,,,,,,,Case Rate,". MPL 100/50/25% all add ons apply, and lesser of 100% of billed charges",2580.2,,,,,,,Fee Schedule,"120 Percent of Medicaid APG. ",2580.2,,,,,,,Fee Schedule,"120 Percent of Medicaid APG. ",10351,,,,,,,Case Rate,". MPL 100/50/25% all add ons apply, and lesser of 100% of billed charges",10351,,,,,,,Case Rate,". MPL 100/50/25% all add ons apply, and lesser of 100% of billed charges",10351,,,,,,,Case Rate,". MPL 100/50/25% all add ons apply, and lesser of 100% of billed charges",4923.38,,,,,,,Case Rate,". MPL 100/50/25% all add ons apply, and lesser of 100% of billed charges",10351,,,,,,,Case Rate,". MPL 100/50/25% all add ons apply, and lesser of 100% of billed charges",10351,,,,,,,Case Rate,". MPL 100/50/25% all add ons apply, and lesser of 100% of billed charges",10351,,,,,,,Case Rate,". MPL 100/50/25% all add ons apply, and lesser of 100% of billed charges",7163,,,,,,,Case Rate,". ",7163,,,,,,,Case Rate,". ",5343.6,,,,,,,Case Rate,198 Percent of Medicare OPPS. Metroplus will reimburse unlisted codes and described codes with no Medicare rate at 50 percent of charges.,2150.17,,,,,,,Case Rate,"100 Percent of Medicaid APG. ",4923.38,,,,,,,Case Rate,". MPL 100/50/25% all add ons apply, and lesser of 100% of billed charges",,60,,,,,0,percent of total billed charges,60 percent of billed charges; No services were performed during the 15 month look back period.,6593,,,,,,,Case Rate,". Primary procedure pays at 100%, secondary at 50%, all subsequent at 25%.  Lesser of applies when negotiated rates exceed charges less addons.",4923.38,,,,,,,Case Rate,". MPL 100/50/25% all add ons apply, and lesser of 100% of billed charges",6593,,,,,,,Case Rate,". Primary procedure pays at 100%, secondary at 50%, all subsequent at 25%.  Lesser of applies when negotiated rates exceed charges less addons.",4923.38,,,,,,,Case Rate,". MPL 100/50/25% all add ons apply, and lesser of 100% of billed charges",10351,,,,,,,Case Rate,". MPL 100/50/25% all add ons apply, and lesser of 100% of billed charges",10351,,,,,,,Case Rate,". MPL 100/50/25% all add ons apply, and lesser of 100% of billed charges",10351,,,,,,,Case Rate,". MPL 100/50/25% all add ons apply, and lesser of 100% of billed charges",10351,,,,,,,Case Rate,". MPL 100/50/25% all add ons apply, and lesser of 100% of billed charges",2698.79,,,,,,,Case Rate,"100% Medicare OPPS FS. ",855,25798,
66988,CPT,,,490,RC,XCAPSL CTRC RMVL W/ECP,,,both,,,,8539,,,,,,,Case Rate,". MPL 1st 100% of Payment Rate 50% of all others, all add ons apply, and lesser of 100% of billed charges.",8539,,,,,,,Case Rate,". MPL 1st 100% of Payment Rate 50% of all others, all add ons apply, and lesser of 100% of billed charges.",12266,,,,,,,Case Rate,". Primary procedure pays at 100%, secondary at 50%, all subsequent at 25%.  Lesser of applies when negotiated rates exceed charges less addons.",,100,,,,,0,percent of total billed charges,100 percent of billed charges. ; No services were performed during the 15 month look back period.,4760.25,,,,,,,Case Rate,"100% Medicare OPPS FS. ",12266,,,,,,,Case Rate,". Primary procedure pays at 100%, secondary at 50%, all subsequent at 25%.  Lesser of applies when negotiated rates exceed charges less addons.",12266,,,,,,,Case Rate,". Primary procedure pays at 100%, secondary at 50%, all subsequent at 25%.  Lesser of applies when negotiated rates exceed charges less addons.",12266,,,,,,,Case Rate,". Primary procedure pays at 100%, secondary at 50%, all subsequent at 25%.  Lesser of applies when negotiated rates exceed charges less addons.",3227.49,,,,,,,Case Rate,"100 Percent of Medicaid APG. ",2689.58,,,,,,,Case Rate,"100 Percent of Medicaid APG. ",,78,,,,,0,percent of total billed charges,78% of Billed Charges. Lesser of 100% of billed charges applies.; No services were performed during the 15 month look back period.,16383.1,,,,,,,Case Rate,". MPL 100/50/25% all add ons apply, and lesser of 100% of billed charges",2689.58,,,,,,,Case Rate,"100 Percent of Medicaid APG. ",4760.25,,,,,,,Case Rate,"100% Medicare OPPS FS. ",6487,,,,,,,Case Rate,". MPL 100/50/25% maxmium of 3 procedures. All add ons apply, and lesser of 100% of billed charges",6487,,,,,,,Case Rate,". MPL 100/50/25% maxmium of 3 procedures. All add ons apply, and lesser of 100% of billed charges",6487,,,,,,,Case Rate,". MPL 100/50/25% maxmium of 3 procedures. All add ons apply, and lesser of 100% of billed charges",6487,,,,,,,Case Rate,". MPL 100/50/25% maxmium of 3 procedures. All add ons apply, and lesser of 100% of billed charges",2689.58,,,,,,,Case rate,124 Percent of Medicaid APG. Covered services not payable under Medicaid Fee Schedules default to a payment of 50 percent of charges.,4760.25,,,,,,,Case Rate,"100% Medicare OPPS FS. ",2689.58,,,,,,,Case rate,124 Percent of Medicaid APG. Covered services not payable under Medicaid Fee Schedules default to a payment of 50 percent of charges.,,78,,,,,0,percent of total billed charges,78% of Billed Charges. Lesser of 100% of billed charges applies.; No services were performed during the 15 month look back period.,12266,,,,,,,Case Rate,". Primary procedure pays at 100%, secondary at 50%, all subsequent at 25%.  Lesser of applies when negotiated rates exceed charges less addons.",4760.25,,,,,,,Case Rate,"100%Medicare OPPS FS. ",8427,,,,,,,Case Rate,". Primary procedure pays at 100%, all subsequent at 50%.",4760.25,,,,,,,Case Rate,"100%Medicare OPPS FS. ",4760.25,,,,,,,Case Rate,"100%Medicare OPPS FS. ",,78,,,,,0,percent of total billed charges,78% of Billed Charges. Lesser of 100% of billed charges applies.; No services were performed during the 15 month look back period.,747.22,,,,,,,Fee Schedule,90 Percent of Medicare RBRVS. Lesser of 100% of billed charges applies.,747.22,,,,,,,Fee Schedule,90 Percent of Medicare RBRVS. Lesser of 100% of billed charges applies.,2689.58,,,,,,,Case rate,"100 Percent of Medicaid APG. ",2689.58,,,,,,,Case rate,"100 Percent of Medicaid APG. ",8427,,,,,,,Case Rate,". Primary procedure pays at 100%, all subsequent at 50%.",8427,,,,,,,Case Rate,". Primary procedure pays at 100%, all subsequent at 50%.",2689.58,,,,,,,Case Rate,"100 Percent of Medicaid APG. Not APG payable, or payable under another fee schedule like ASP/AWP pays at 30% of charges",8427,,,,,,,Case Rate,". Primary procedure pays at 100%, all subsequent at 50%.",2689.58,,,,,,,Case Rate,"100 Percent of Medicaid APG. Not APG payable, or payable under another fee schedule like ASP/AWP pays at 30% of charges",4760.25,,,,,,,Case Rate,"100%Medicare OPPS FS. ",8427,,,,,,,Case Rate,". Primary procedure pays at 100%, all subsequent at 50%.",,78,,,,,0,percent of total billed charges,78% of Billed Charges. Lesser of 100% of billed charges applies.; No services were performed during the 15 month look back period.,2689.58,,,,,,,Case Rate,"100 Percent of Medicaid APG. ",2689.58,,,,,,,Case Rate,"100 Percent of Medicaid APG. ",,78,,,,,0,percent of total billed charges,78% of Billed Charges. Lesser of 100% of billed charges applies.; No services were performed during the 15 month look back period.,6487,,,,,,,Case Rate,". MPL 100/50/25% maxmium of 3 procedures. All add ons apply, and lesser of 100% of billed charges",14572,,,,,,,Case Rate,". MPL 100/50/25% all add ons apply, and lesser of 100% of billed charges",14572,,,,,,,Case Rate,". MPL 100/50/25% all add ons apply, and lesser of 100% of billed charges",,78,,,,,0,percent of total billed charges,78% of Billed Charges. Lesser of 100% of billed charges applies.; No services were performed during the 15 month look back period.,4760.25,,,,,,,Case Rate,"100% Medicare OPPS FS. ",16383.1,,,,,,,Case Rate,". MPL 100/50/25% all add ons apply, and lesser of 100% of billed charges",16383.1,,,,,,,Case Rate,". MPL 100/50/25% all add ons apply, and lesser of 100% of billed charges",16383.1,,,,,,,Case Rate,". MPL 100/50/25% all add ons apply, and lesser of 100% of billed charges",4760.25,,,,,,,Case Rate,"100% Medicare OPPS FS. ",16383.1,,,,,,,Case Rate,". MPL 100/50/25% all add ons apply, and lesser of 100% of billed charges",16383.1,,,,,,,Case Rate,". MPL 100/50/25% all add ons apply, and lesser of 100% of billed charges",4760.25,,,,,,,Case Rate,"100% of Medicare OPPS. ",25798,,,,,,,Case Rate,". MPL 100/75/50% all add ons apply, and lesser of 100% of billed charges",26526,,,,,,,Case Rate,". MPL 100/50/25% all add ons apply, and lesser of 100% of billed charges",26526,,,,,,,Case Rate,". MPL 100/50/25% all add ons apply, and lesser of 100% of billed charges",26526,,,,,,,Case Rate,". MPL 100/50/25% all add ons apply, and lesser of 100% of billed charges",26526,,,,,,,Case Rate,". MPL 100/50/25% all add ons apply, and lesser of 100% of billed charges",26526,,,,,,,Case Rate,". MPL 100/50/25% all add ons apply, and lesser of 100% of billed charges",26526,,,,,,,Case Rate,". MPL 100/50/25% all add ons apply, and lesser of 100% of billed charges",4760.25,,,,,,,Case Rate,"100% Medicare OPPS FS. ",4760.25,,,,,,,Case Rate,"100% Medicare OPPS FS. ",26526,,,,,,,Case Rate,". MPL 100/50/25% all add ons apply, and lesser of 100% of billed charges",,78,,,,,0,percent of total billed charges,78% of Billed Charges. Lesser of 100% of billed charges applies.; No services were performed during the 15 month look back period.,,78,,,,,0,percent of total billed charges,78% of Billed Charges. Lesser of 100% of billed charges applies.; No services were performed during the 15 month look back period.,,78,,,,,0,percent of total billed charges,78% of Billed Charges. Lesser of 100% of billed charges applies.; No services were performed during the 15 month look back period.,,78,,,,,0,percent of total billed charges,78% of Billed Charges. Lesser of 100% of billed charges applies.; No services were performed during the 15 month look back period.,,78,,,,,0,percent of total billed charges,78% of Billed Charges. Lesser of 100% of billed charges applies.; No services were performed during the 15 month look back period.,,78,,,,,0,percent of total billed charges,78% of Billed Charges. Lesser of 100% of billed charges applies.; No services were performed during the 15 month look back period.,,78,,,,,0,percent of total billed charges,78% of Billed Charges. Lesser of 100% of billed charges applies.; No services were performed during the 15 month look back period.,,78,,,,,0,percent of total billed charges,78% of Billed Charges. Lesser of 100% of billed charges applies.; No services were performed during the 15 month look back period.,,78,,,,,0,percent of total billed charges,78% of Billed Charges. Lesser of 100% of billed charges applies.; No services were performed during the 15 month look back period.,,78,,,,,0,percent of total billed charges,78% of Billed Charges. Lesser of 100% of billed charges applies.; No services were performed during the 15 month look back period.,,78,,,,,0,percent of total billed charges,78% of Billed Charges. Lesser of 100% of billed charges applies.; No services were performed during the 15 month look back period.,,78,,,,,0,percent of total billed charges,78% of Billed Charges. Lesser of 100% of billed charges applies.; No services were performed during the 15 month look back period.,,78,,,,,0,percent of total billed charges,78% of Billed Charges. Lesser of 100% of billed charges applies.; No services were performed during the 15 month look back period.,,78,,,,,0,percent of total billed charges,78% of Billed Charges. Lesser of 100% of billed charges applies.; No services were performed during the 15 month look back period.,,78,,,,,0,percent of total billed charges,78% of Billed Charges. Lesser of 100% of billed charges applies.; No services were performed during the 15 month look back period.,,78,,,,,0,percent of total billed charges,78% of Billed Charges. Lesser of 100% of billed charges applies.; No services were performed during the 15 month look back period.,,78,,,,,0,percent of total billed charges,78% of Billed Charges. Lesser of 100% of billed charges applies.; No services were performed during the 15 month look back period.,,78,,,,,0,percent of total billed charges,78% of Billed Charges. Lesser of 100% of billed charges applies.; No services were performed during the 15 month look back period.,,78,,,,,0,percent of total billed charges,78% of Billed Charges. Lesser of 100% of billed charges applies.; No services were performed during the 15 month look back period.,,78,,,,,0,percent of total billed charges,78% of Billed Charges. Lesser of 100% of billed charges applies.; No services were performed during the 15 month look back period.,,78,,,,,0,percent of total billed charges,78% of Billed Charges. Lesser of 100% of billed charges applies.; No services were performed during the 15 month look back period.,,78,,,,,0,percent of total billed charges,78% of Billed Charges. Lesser of 100% of billed charges applies.; No services were performed during the 15 month look back period.,,78,,,,,0,percent of total billed charges,78% of Billed Charges. Lesser of 100% of billed charges applies.; No services were performed during the 15 month look back period.,,78,,,,,0,percent of total billed charges,78% of Billed Charges. Lesser of 100% of billed charges applies.; No services were performed during the 15 month look back period.,,78,,,,,0,percent of total billed charges,78% of Billed Charges. Lesser of 100% of billed charges applies.; No services were performed during the 15 month look back period.,,78,,,,,0,percent of total billed charges,78% of Billed Charges. Lesser of 100% of billed charges applies.; No services were performed during the 15 month look back period.,8427,,,,,,,Case Rate,". Primary procedure pays at 100%, all subsequent at 50%.",8427,,,,,,,Case Rate,". Primary procedure pays at 100%, all subsequent at 50%.",8427,,,,,,,Case Rate,". Primary procedure pays at 100%, all subsequent at 50%.",8427,,,,,,,Case Rate,". Primary procedure pays at 100%, all subsequent at 50%.",12574,,,,,,,Case Rate,". Primary procedure pays at 100%, all subsequent at 50%.",12574,,,,,,,Case Rate,". Primary procedure pays at 100%, all subsequent at 50%.",6487,,,,,,,Case Rate,". MPL 100/50/25% maxmium of 3 procedures. All add ons apply, and lesser of 100% of billed charges",26526,,,,,,,Case Rate,". MPL 100/50/25% all add ons apply, and lesser of 100% of billed charges",16383.1,,,,,,,Case Rate,". MPL 100/50/25% all add ons apply, and lesser of 100% of billed charges",26526,,,,,,,Case Rate,". MPL 100/50/25% all add ons apply, and lesser of 100% of billed charges",,78,,,,,0,percent of total billed charges,78% of Billed Charges. Lesser of 100% of billed charges applies.; No services were performed during the 15 month look back period.,12574,,,,,,,Case Rate,". Primary procedure pays at 100%, all subsequent at 50%.",26526,,,,,,,Case Rate,". MPL 100/50/25% all add ons apply, and lesser of 100% of billed charges",16383.1,,,,,,,Case Rate,". MPL 100/50/25% all add ons apply, and lesser of 100% of billed charges",6487,,,,,,,Case Rate,". MPL 100/50/25% maxmium of 3 procedures. All add ons apply, and lesser of 100% of billed charges",,,,,,,,,"NA. ",,78,,,,,0,percent of total billed charges,78% of Billed Charges. Lesser of 100% of billed charges applies.; No services were performed during the 15 month look back period.,2689.58,,,,,,,Case Rate,"100 Percent of Medicaid APG. ",8427,,,,,,,Case Rate,". Primary procedure pays at 100%, all subsequent at 50%.",2689.58,,,,,,,Case Rate,"100 Percent of Medicaid APG. Not APG payable, or payable under another fee schedule like ASP/AWP pays at 30% of charges",4760.25,,,,,,,Case Rate,"100%Medicare OPPS FS. ",4760.25,,,,,,,Case Rate,"100% Medicare OPPS FS. ",25798,,,,,,,Case Rate,". MPL 100/75/50% all add ons apply, and lesser of 100% of billed charges",4760.25,,,,,,,Case Rate,"100% Medicare OPPS FS. ",4760.25,,,,,,,Case Rate,"100% Medicare OPPS FS. ",2689.58,,,,,,,Case Rate,"100 Percent of Medicaid APG. ",4760.25,,,,,,,Case Rate,"100% Medicare OPPS FS. ",4760.25,,,,,,,Case Rate,"100% Medicare OPPS FS. ",12266,,,,,,,Case Rate,". Primary procedure pays at 100%, secondary at 50%, all subsequent at 25%.  Lesser of applies when negotiated rates exceed charges less addons.",12266,,,,,,,Case Rate,". Primary procedure pays at 100%, secondary at 50%, all subsequent at 25%.  Lesser of applies when negotiated rates exceed charges less addons.",4760.25,,,,,,,Case Rate,"100% Medicare OPPS FS. ",6487,,,,,,,Case Rate,". MPL 100/50/25% maxmium of 3 procedures. All add ons apply, and lesser of 100% of billed charges",16383.1,,,,,,,Case Rate,". MPL 100/50/25% all add ons apply, and lesser of 100% of billed charges",16383.1,,,,,,,Case Rate,". MPL 100/50/25% all add ons apply, and lesser of 100% of billed charges",4760.25,,,,,,,Case Rate,"100% Medicare OPPS FS. ",6487,,,,,,,Case Rate,". MPL 100/50/25% maxmium of 3 procedures. All add ons apply, and lesser of 100% of billed charges",12266,,,,,,,Case Rate,". Primary procedure pays at 100%, secondary at 50%, all subsequent at 25%.  Lesser of applies when negotiated rates exceed charges less addons.",12266,,,,,,,Case Rate,". Primary procedure pays at 100%, secondary at 50%, all subsequent at 25%.  Lesser of applies when negotiated rates exceed charges less addons.",12266,,,,,,,Case Rate,". Primary procedure pays at 100%, secondary at 50%, all subsequent at 25%.  Lesser of applies when negotiated rates exceed charges less addons.",,78,,,,,0,percent of total billed charges,78% of Billed Charges. Lesser of 100% of billed charges applies.; No services were performed during the 15 month look back period.,,78,,,,,0,percent of total billed charges,78% of Billed Charges. Lesser of 100% of billed charges applies.; No services were performed during the 15 month look back period.,,78,,,,,0,percent of total billed charges,78% of Billed Charges. Lesser of 100% of billed charges applies.; No services were performed during the 15 month look back period.,,78,,,,,0,percent of total billed charges,78% of Billed Charges. Lesser of 100% of billed charges applies.; No services were performed during the 15 month look back period.,,78,,,,,0,percent of total billed charges,78% of Billed Charges. Lesser of 100% of billed charges applies.; No services were performed during the 15 month look back period.,,78,,,,,0,percent of total billed charges,78% of Billed Charges. Lesser of 100% of billed charges applies.; No services were performed during the 15 month look back period.,,78,,,,,0,percent of total billed charges,78% of Billed Charges. Lesser of 100% of billed charges applies.; No services were performed during the 15 month look back period.,,78,,,,,0,percent of total billed charges,78% of Billed Charges. Lesser of 100% of billed charges applies.; No services were performed during the 15 month look back period.,,78,,,,,0,percent of total billed charges,78% of Billed Charges. Lesser of 100% of billed charges applies.; No services were performed during the 15 month look back period.,,78,,,,,0,percent of total billed charges,78% of Billed Charges. Lesser of 100% of billed charges applies.; No services were performed during the 15 month look back period.,,78,,,,,0,percent of total billed charges,78% of Billed Charges. Lesser of 100% of billed charges applies.; No services were performed during the 15 month look back period.,12574,,,,,,,Case Rate,". Primary procedure pays at 100%, all subsequent at 50%.",26526,,,,,,,Case Rate,". MPL 100/50/25% all add ons apply, and lesser of 100% of billed charges",6487,,,,,,,Case Rate,". MPL 100/50/25% maxmium of 3 procedures. All add ons apply, and lesser of 100% of billed charges",4760.25,,,,,,,Case Rate,"100% Medicare OPPS FS. ",12266,,,,,,,Case Rate,". Primary procedure pays at 100%, secondary at 50%, all subsequent at 25%.  Lesser of applies when negotiated rates exceed charges less addons.",6487,,,,,,,Case Rate,". MPL 100/50/25% maxmium of 3 procedures. All add ons apply, and lesser of 100% of billed charges",6487,,,,,,,Case Rate,". MPL 100/50/25% maxmium of 3 procedures. All add ons apply, and lesser of 100% of billed charges",,78,,,,,0,percent of total billed charges,78% of Billed Charges. Lesser of 100% of billed charges applies.; No services were performed during the 15 month look back period.,5755.7,,,,,,,Case Rate,"214 Percent of Medicaid APG. Drugs not priced under APG, billed with revenue code 636 and not priced by Medicare ASP FeeSched will be reimbursed at 20% of charges.",6487,,,,,,,Case Rate,". MPL 100/50/25% maxmium of 3 procedures. All add ons apply, and lesser of 100% of billed charges",2689.58,,,,,,,Case Rate,"100 Percent of Medicaid APG. ",4760.25,,,,,,,Case Rate,"100% Medicare OPPS FS. ",4760.25,,,,,,,Case Rate,"100% Medicare OPPS FS. ",4760.25,,,,,,,Case Rate,"100% Medicare OPPS FS. ",4760.25,,,,,,,Case Rate,"100% Medicare OPPS FS. ",4760.25,,,,,,,Case Rate,"100% Medicare OPPS FS. ",4760.25,,,,,,,Case Rate,"100% Medicare OPPS FS. ",6487,,,,,,,Case Rate,". MPL 100/50/25% maxmium of 3 procedures. All add ons apply, and lesser of 100% of billed charges",25798,,,,,,,Case Rate,". MPL 100/75/50% all add ons apply, and lesser of 100% of billed charges",4841.24,,,,,,,Fee Schedule,"180 Percent of Medicaid APG. ",4841.24,,,,,,,Fee Schedule,"180 Percent of Medicaid APG. ",4841.24,,,,,,,Fee Schedule,"180 Percent of Medicaid APG. ",4841.24,,,,,,,Fee Schedule,"180 Percent of Medicaid APG. ",4841.24,,,,,,,Fee Schedule,"180 Percent of Medicaid APG. ",,,,,,,,,"NA. ",25798,,,,,,,Case Rate,". MPL 100/75/50% all add ons apply, and lesser of 100% of billed charges",9425.3,,,,,,,Case Rate,198 Percent of Medicare OPPS. Metroplus will reimburse unlisted codes and described codes with no Medicare rate at 50 percent of charges.,9425.3,,,,,,,Case Rate,198 Percent of Medicare OPPS. Metroplus will reimburse unlisted codes and described codes with no Medicare rate at 50 percent of charges.,9425.3,,,,,,,Case Rate,198 Percent of Medicare OPPS. Metroplus will reimburse unlisted codes and described codes with no Medicare rate at 50 percent of charges.,9425.3,,,,,,,Case Rate,198 Percent of Medicare OPPS. Metroplus will reimburse unlisted codes and described codes with no Medicare rate at 50 percent of charges.,9425.3,,,,,,,Case Rate,198 Percent of Medicare OPPS. Metroplus will reimburse unlisted codes and described codes with no Medicare rate at 50 percent of charges.,4760.25,,,,,,,Case Rate,"100% Medicare OPPS FS. ",12574,,,,,,,Case Rate,". Primary procedure pays at 100%, all subsequent at 50%.",12574,,,,,,,Case Rate,". Primary procedure pays at 100%, all subsequent at 50%.",12574,,,,,,,Case Rate,". Primary procedure pays at 100%, all subsequent at 50%.",12574,,,,,,,Case Rate,". Primary procedure pays at 100%, all subsequent at 50%.",12266,,,,,,,Case Rate,". Primary procedure pays at 100%, secondary at 50%, all subsequent at 25%.  Lesser of applies when negotiated rates exceed charges less addons.",12266,,,,,,,Case Rate,". Primary procedure pays at 100%, secondary at 50%, all subsequent at 25%.  Lesser of applies when negotiated rates exceed charges less addons.",12266,,,,,,,Case Rate,". Primary procedure pays at 100%, secondary at 50%, all subsequent at 25%.  Lesser of applies when negotiated rates exceed charges less addons.",12266,,,,,,,Case Rate,". Primary procedure pays at 100%, secondary at 50%, all subsequent at 25%.  Lesser of applies when negotiated rates exceed charges less addons.",25798,,,,,,,Case Rate,". MPL 100/75/50% all add ons apply, and lesser of 100% of billed charges",25798,,,,,,,Case Rate,". MPL 100/75/50% all add ons apply, and lesser of 100% of billed charges",4760.25,,,,,,,Case Rate,"100% Medicare OPPS FS. ",4760.25,,,,,,,Case Rate,"100% Medicare OPPS FS. ",4760.25,,,,,,,Case Rate,"100% Medicare OPPS FS. ",26526,,,,,,,Case Rate,". MPL 100/50/25% all add ons apply, and lesser of 100% of billed charges",26526,,,,,,,Case Rate,". MPL 100/50/25% all add ons apply, and lesser of 100% of billed charges",26526,,,,,,,Case Rate,". MPL 100/50/25% all add ons apply, and lesser of 100% of billed charges",25798,,,,,,,Case Rate,". MPL 100/75/50% all add ons apply, and lesser of 100% of billed charges",12266,,,,,,,Case Rate,". Primary procedure pays at 100%, secondary at 50%, all subsequent at 25%.  Lesser of applies when negotiated rates exceed charges less addons.",4760.25,,,,,,,Case Rate,"100% Medicare OPPS FS. ",26526,,,,,,,Case Rate,". MPL 100/50/25% all add ons apply, and lesser of 100% of billed charges",2689.58,,,,,,,Case Rate,"100 Percent of Medicaid APG. ",4855.46,,,,,,,Case Rate,"102% of Medicare OPPS. ",4855.46,,,,,,,Case Rate,"102% of Medicare OPPS. ",4855.46,,,,,,,Case Rate,"102% of Medicare OPPS. ",2689.58,,,,,,,Case rate,"100 Percent of Medicaid APG. ",6051.55,,,,,,,Fee Schedule,225% of NYS APG. Lesser of 100% of billed charges applies.,6051.55,,,,,,,Fee Schedule,225% of NYS APG. Lesser of 100% of billed charges applies.,6051.55,,,,,,,Fee Schedule,225% of NYS APG. Lesser of 100% of billed charges applies.,6051.55,,,,,,,Fee Schedule,225% of NYS APG. Lesser of 100% of billed charges applies.,6051.55,,,,,,,Fee Schedule,225% of NYS APG. Lesser of 100% of billed charges applies.,4855.46,,,,,,,Case Rate,"102% of Medicare OPPS. ",2689.58,,,,,,,Case Rate,"100 Percent of Medicaid APG. ",747.22,,,,,,,Fee Schedule,90 Percent of Medicare RBRVS. Lesser of 100% of billed charges applies.,6051.55,,,,,,,Fee Schedule,225% of NYS APG. Lesser of 100% of billed charges applies.,6051.55,,,,,,,Fee Schedule,225% of NYS APG. Lesser of 100% of billed charges applies.,747.22,,,,,,,Fee Schedule,90 Percent of Medicare RBRVS. Lesser of 100% of billed charges applies.,747.22,,,,,,,Fee Schedule,90 Percent of Medicare RBRVS. Lesser of 100% of billed charges applies.,4841.24,,,,,,,Fee Schedule,"180 Percent of Medicaid APG. ",4760.25,,,,,,,Case Rate,"100% Medicare OPPS FS. ",4760.25,,,,,,,Case Rate,"100% Medicare OPPS FS. ",12266,,,,,,,Case Rate,". Primary procedure pays at 100%, secondary at 50%, all subsequent at 25%.  Lesser of applies when negotiated rates exceed charges less addons.",4760.25,,,,,,,Case Rate,"100% Medicare OPPS FS. ",6051.55,,,,,,,Case Rate,"225 Percent of Medicaid APG. ",6051.55,,,,,,,Case Rate,"225 Percent of Medicaid APG. ",2689.58,,,,,,,Case rate,"100 Percent of Medicaid APG. ",2689.58,,,,,,,Case rate,"100 Percent of Medicaid APG. ",6051.55,,,,,,,Case Rate,225 Percent of Medicaid APG. Covered services not payable under Medicaid Fee Schedules default to a payment of 87.5 percent of charges.,2689.58,,,,,,,Case rate,124 Percent of Medicaid APG. Covered services not payable under Medicaid Fee Schedules default to a payment of 50 percent of charges.,6051.55,,,,,,,Case Rate,"100 Percent of Medicaid APG. ",6051.55,,,,,,,Case Rate,"100 Percent of Medicaid APG. ",6051.55,,,,,,,Case Rate,"100 Percent of Medicaid APG. ",6051.55,,,,,,,Case Rate,"100 Percent of Medicaid APG. ",13453,,,,,,,Case Rate,". MPL 100/75/50% all add ons apply, and lesser of 100% of billed charges",25798,,,,,,,Case Rate,". MPL 100/75/50% all add ons apply, and lesser of 100% of billed charges",3227.49,,,,,,,Case Rate,"120 Percent of Medicaid APG. Not APG payable, or payable under another fee schedule like ASP/AWP pays at 30% of charges",3227.49,,,,,,,Case Rate,"120 Percent of Medicaid APG. Not APG payable, or payable under another fee schedule like ASP/AWP pays at 30% of charges",2689.58,,,,,,,Case Rate,"100 Percent of Medicaid APG. Not APG payable, or payable under another fee schedule like ASP/AWP pays at 30% of charges",2689.58,,,,,,,Case Rate,"100 Percent of Medicaid APG. Not APG payable, or payable under another fee schedule like ASP/AWP pays at 30% of charges",26526,,,,,,,Case Rate,". MPL 100/50/25% all add ons apply, and lesser of 100% of billed charges",26526,,,,,,,Case Rate,". MPL 100/50/25% all add ons apply, and lesser of 100% of billed charges",4760.25,,,,,,,Case Rate,"100% Medicare OPPS FS. ",26526,,,,,,,Case Rate,". MPL 100/50/25% all add ons apply, and lesser of 100% of billed charges",26526,,,,,,,Case Rate,". MPL 100/50/25% all add ons apply, and lesser of 100% of billed charges",26526,,,,,,,Case Rate,". MPL 100/50/25% all add ons apply, and lesser of 100% of billed charges",26526,,,,,,,Case Rate,". MPL 100/50/25% all add ons apply, and lesser of 100% of billed charges",4760.25,,,,,,,Case Rate,"100% Medicare OPPS FS. ",26526,,,,,,,Case Rate,". MPL 100/50/25% all add ons apply, and lesser of 100% of billed charges",26526,,,,,,,Case Rate,". MPL 100/50/25% all add ons apply, and lesser of 100% of billed charges",12266,,,,,,,Case Rate,". Primary procedure pays at 100%, secondary at 50%, all subsequent at 25%.  Lesser of applies when negotiated rates exceed charges less addons.",2689.58,,,,,,,Fee Schedule,100% APG. Lesser of 100% of billed charges applies.,2689.58,,,,,,,Case rate,124 Percent of Medicaid APG. Covered services not payable under Medicaid Fee Schedules default to a payment of 50 percent of charges.,6051.55,,,,,,,Fee Schedule,225% of NYS APG. Lesser of 100% of billed charges applies.,6051.55,,,,,,,Case Rate,225 Percent of Medicaid APG. Covered services not payable under Medicaid Fee Schedules default to a payment of 87.5 percent of charges.,2689.58,,,,,,,Case rate,124 Percent of Medicaid APG. Covered services not payable under Medicaid Fee Schedules default to a payment of 50 percent of charges.,6051.55,,,,,,,Fee Schedule,225% of NYS APG. Lesser of 100% of billed charges applies.,6051.55,,,,,,,Fee Schedule,225% of NYS APG. Lesser of 100% of billed charges applies.,6051.55,,,,,,,Fee Schedule,225% of NYS APG. Lesser of 100% of billed charges applies.,6051.55,,,,,,,Fee Schedule,225% of NYS APG. Lesser of 100% of billed charges applies.,6051.55,,,,,,,Fee Schedule,225% of NYS APG. Lesser of 100% of billed charges applies.,6051.55,,,,,,,Fee Schedule,225% of NYS APG. Lesser of 100% of billed charges applies.,,,,,,,,,"NA. ",,,,,,,,,"NA. ",,,,,,,,,"NA. ",6487,,,,,,,Case Rate,". MPL 100/50/25% maxmium of 3 procedures. All add ons apply, and lesser of 100% of billed charges",,,,,,,,,"NA. ",4760.25,,,,,,,Case Rate,"100% Medicare OPPS FS. ",8539,,,,,,,Case Rate,". MPL 1st 100% of Payment Rate 50% of all others, all add ons apply, and lesser of 100% of billed charges.",4760.25,,,,,,,Case Rate,"100% Medicare OPPS FS. ",4760.25,,,,,,,Case Rate,"100% Medicare OPPS FS. ",3227.49,,,,,,,Case Rate,"120 Percent of Medicaid APG. Not APG payable, or payable under another fee schedule like ASP/AWP pays at 30% of charges",3227.49,,,,,,,Case Rate,"120 Percent of Medicaid APG. Not APG payable, or payable under another fee schedule like ASP/AWP pays at 30% of charges",2689.58,,,,,,,Case Rate,"100 Percent of Medicaid APG. Not APG payable, or payable under another fee schedule like ASP/AWP pays at 30% of charges",2689.58,,,,,,,Case Rate,"100 Percent of Medicaid APG. Not APG payable, or payable under another fee schedule like ASP/AWP pays at 30% of charges",2689.58,,,,,,,Case Rate,"100 Percent of Medicaid APG. ",7163,,,,,,,Case Rate,". ",12266,,,,,,,Case Rate,". Primary procedure pays at 100%, secondary at 50%, all subsequent at 25%.  Lesser of applies when negotiated rates exceed charges less addons.",8427,,,,,,,Case Rate,". Primary procedure pays at 100%, all subsequent at 50%.",6487,,,,,,,Case Rate,". MPL 100/50/25% maxmium of 3 procedures. All add ons apply, and lesser of 100% of billed charges",4760.25,,,,,,,Case Rate,"100%Medicare OPPS FS. ",4760.25,,,,,,,Case Rate,"100% Medicare OPPS FS. ",4760.25,,,,,,,Case Rate,"100% Medicare OPPS FS. ",4760.25,,,,,,,Case Rate,"100% Medicare OPPS FS. ",4760.25,,,,,,,Case Rate,"100%Medicare OPPS FS. ",4760.25,,,,,,,Case Rate,"100% Medicare OPPS FS. ",,,,,,,,,"NA. ",6051.55,,,,,,,Fee Schedule,225% of NYS APG. Lesser of 100% of billed charges applies.,747.22,,,,,,,Fee Schedule,90 Percent of Medicare RBRVS. Lesser of 100% of billed charges applies.,26526,,,,,,,Case Rate,". MPL 100/50/25% all add ons apply, and lesser of 100% of billed charges",7163,,,,,,,Case Rate,". ",7163,,,,,,,Case Rate,". ",7163,,,,,,,Case Rate,". ",7163,,,,,,,Case Rate,". ",4760.25,,,,,,,Case Rate,"100% Medicare OPPS FS. ",2689.58,,,,,,,Case Rate,"100 Percent of Medicaid APG. ",26526,,,,,,,Case Rate,". MPL 100/50/25% all add ons apply, and lesser of 100% of billed charges",2689.58,,,,,,,Case Rate,"100 Percent of Medicaid APG. ",4760.25,,,,,,,Case Rate,"100% Medicare OPPS FS. ",2689.58,,,,,,,Case Rate,"100 Percent of Medicaid APG. ",4760.25,,,,,,,Case Rate,"100% Medicare OPPS FS. ",4760.25,,,,,,,Case Rate,"100% Medicare OPPS FS. ",2689.58,,,,,,,Case Rate,"100 Percent of Medicaid APG. ",2689.58,,,,,,,Case Rate,"100 Percent of Medicaid APG. ",7163,,,,,,,Case Rate,". ",6487,,,,,,,Case Rate,". MPL 100/50/25% maxmium of 3 procedures. All add ons apply, and lesser of 100% of billed charges",,78,,,,,0,percent of total billed charges,78% of Billed Charges. Lesser of 100% of billed charges applies.; No services were performed during the 15 month look back period.,16383.1,,,,,,,Case Rate,". MPL 100/50/25% all add ons apply, and lesser of 100% of billed charges",16383.1,,,,,,,Case Rate,". MPL 100/50/25% all add ons apply, and lesser of 100% of billed charges",12266,,,,,,,Case Rate,". Primary procedure pays at 100%, secondary at 50%, all subsequent at 25%.  Lesser of applies when negotiated rates exceed charges less addons.",2011.03,,,,,,,Case Rate,"83% HF Fee schedule. ",12574,,,,,,,Case Rate,". Primary procedure pays at 100%, all subsequent at 50%.",12574,,,,,,,Case Rate,". Primary procedure pays at 100%, all subsequent at 50%.",21221,,,,,,,Case Rate,". MPL 100/50/25% all add ons apply, and lesser of 100% of billed charges",21221,,,,,,,Case Rate,". MPL 100/50/25% all add ons apply, and lesser of 100% of billed charges",4760.25,,,,,,,Case Rate,"100% Medicare OPPS FS. ",4760.25,,,,,,,Case Rate,"100% Medicare OPPS FS. ",4760.25,,,,,,,Case Rate,"100% Medicare OPPS FS. ",4760.25,,,,,,,Case Rate,"100% Medicare OPPS FS. ",16383.1,,,,,,,Case Rate,". MPL 100/50/25% all add ons apply, and lesser of 100% of billed charges",26526,,,,,,,Case Rate,". MPL 100/50/25% all add ons apply, and lesser of 100% of billed charges",26526,,,,,,,Case Rate,". MPL 100/50/25% all add ons apply, and lesser of 100% of billed charges",4760.25,,,,,,,Case Rate,"100% Medicare OPPS FS. ",21221,,,,,,,Case Rate,". MPL 100/50/25% all add ons apply, and lesser of 100% of billed charges",8427,,,,,,,Case Rate,". Primary procedure pays at 100%, all subsequent at 50%.",3227.49,,,,,,,Fee Schedule,"120 Percent of Medicaid APG. ",2689.58,,,,,,,Case Rate,"100 Percent of Medicaid APG. ",7163,,,,,,,Case Rate,". ",23873,,,,,,,Case Rate,". MPL 100/50/25% all add ons apply, and lesser of 100% of billed charges",23873,,,,,,,Case Rate,". MPL 100/50/25% all add ons apply, and lesser of 100% of billed charges",26526,,,,,,,Case Rate,". MPL 100/50/25% all add ons apply, and lesser of 100% of billed charges",14948,,,,,,,Case Rate,". MPL 100/75/50% all add ons apply, and lesser of 100% of billed charges",4760.25,,,,,,,Case Rate,"100%Medicare OPPS FS. ",2824.06,,,,,,,Fee Schedule,105 percent of Medicaid APG. otherwise 105% of Ordered NYS MCD FS or 105% of ASP+6%,2824.06,,,,,,,Fee Schedule,105 percent of Medicaid APG. otherwise 105% of Ordered NYS MCD FS or 105% of ASP+6%,2824.06,,,,,,,Fee Schedule,105 percent of Medicaid APG. otherwise 105% of Ordered NYS MCD FS or 105% of ASP+6%,3630.93,,,,,,,Fee Schedule,135 percent of Medicaid APG. otherwise 135% of Ordered NYS MCD FS or 135% of ASP+6%,16383.1,,,,,,,Case Rate,". MPL 100/50/25% all add ons apply, and lesser of 100% of billed charges",2824.06,,,,,,,Fee Schedule,105 percent of Medicaid APG. otherwise 105% of Ordered NYS MCD FS or 105% of ASP+6%,2824.06,,,,,,,Fee Schedule,105 percent of Medicaid APG. otherwise 105% of Ordered NYS MCD FS or 105% of ASP+6%,2824.06,,,,,,,Fee Schedule,105 percent of Medicaid APG. otherwise 105% of Ordered NYS MCD FS or 105% of ASP+6%,2824.06,,,,,,,Fee Schedule,105 percent of Medicaid APG. otherwise 105% of Ordered NYS MCD FS or 105% of ASP+6%,2824.06,,,,,,,Fee Schedule,105 percent of Medicaid APG. otherwise 105% of Ordered NYS MCD FS or 105% of ASP+6%,3630.93,,,,,,,Fee Schedule,135 percent of Medicaid APG. otherwise 135% of Ordered NYS MCD FS or 135% of ASP+6%,3630.93,,,,,,,Fee Schedule,135 percent of Medicaid APG. otherwise 135% of Ordered NYS MCD FS or 135% of ASP+6%,4760.25,,,,,,,Case Rate,"100% Medicare OPPS FS. ",16383.1,,,,,,,Case Rate,". MPL 100/50/25% all add ons apply, and lesser of 100% of billed charges",4760.25,,,,,,,Case Rate,"100% Medicare OPPS FS. ",2824.06,,,,,,,Fee Schedule,105 percent of Medicaid APG. otherwise 105% of Ordered NYS MCD FS or 105% of ASP+6%,26526,,,,,,,Case Rate,". MPL 100/50/25% all add ons apply, and lesser of 100% of billed charges",4760.25,,,,,,,Case Rate,"100% Medicare OPPS FS. ",26526,,,,,,,Case Rate,". MPL 100/50/25% all add ons apply, and lesser of 100% of billed charges",26526,,,,,,,Case Rate,". MPL 100/50/25% all add ons apply, and lesser of 100% of billed charges",26526,,,,,,,Case Rate,". MPL 100/50/25% all add ons apply, and lesser of 100% of billed charges",2824.06,,,,,,,Fee Schedule,105 percent of Medicaid APG. otherwise 105% of Ordered NYS MCD FS or 105% of ASP+6%,4760.25,,,,,,,Case Rate,"100% Medicare OPPS FS. ",26526,,,,,,,Case Rate,". MPL 100/50/25% all add ons apply, and lesser of 100% of billed charges",3630.93,,,,,,,Fee Schedule,135 percent of Medicaid APG. otherwise 135% of Ordered NYS MCD FS or 135% of ASP+6%,26526,,,,,,,Case Rate,". MPL 100/50/25% all add ons apply, and lesser of 100% of billed charges",,200,,,,,0,Case Rate,200% of Medicare OPPS. ; No services were performed during the 15 month look back period.,4760.25,,,,,,,Case Rate,"100%Medicare OPPS FS. ",7163,,,,,,,Case Rate,". ",7163,,,,,,,Case Rate,". ",7163,,,,,,,Case Rate,". ",7163,,,,,,,Case Rate,". ",7163,,,,,,,Case Rate,". ",8427,,,,,,,Case Rate,". Primary procedure pays at 100%, all subsequent at 50%.",8427,,,,,,,Case Rate,". Primary procedure pays at 100%, all subsequent at 50%.",7163,,,,,,,Case Rate,". ",7163,,,,,,,Case Rate,". ",7163,,,,,,,Case Rate,". ",7163,,,,,,,Case Rate,". ",7163,,,,,,,Case Rate,". ",4760.25,,,,,,,Case Rate,"100% Medicare OPPS FS. ",8427,,,,,,,Case Rate,". Primary procedure pays at 100%, all subsequent at 50%.",4760.25,,,,,,,Case Rate,"100% Medicare OPPS FS. ",6051.55,,,,,,,Case Rate,"225 Percent of Medicaid APG. If not included in Medicaid APG, then 100 Percent of Manhattan Medicare",2689.58,,,,,,,Case Rate,"100 Percent of Medicaid APG. ",16383.1,,,,,,,Case Rate,". MPL 100/50/25% all add ons apply, and lesser of 100% of billed charges",16383.1,,,,,,,Case Rate,". MPL 100/50/25% all add ons apply, and lesser of 100% of billed charges",4760.25,,,,,,,Case Rate,"100% Medicare OPPS FS. ",12574,,,,,,,Case Rate,". Primary procedure pays at 100%, all subsequent at 50%.",4760.25,,,,,,,Case Rate,"100% Medicare OPPS FS. ",4760.25,,,,,,,Case Rate,"100% Medicare OPPS FS. ",12266,,,,,,,Case Rate,". Primary procedure pays at 100%, secondary at 50%, all subsequent at 25%.  Lesser of applies when negotiated rates exceed charges less addons.",4760.25,,,,,,,Case Rate,"100% Medicare OPPS FS. ",6487,,,,,,,Case Rate,". MPL 100/50/25% maxmium of 3 procedures. All add ons apply, and lesser of 100% of billed charges",4760.25,,,,,,,Case Rate,"100% Medicare OPPS FS. ",6487,,,,,,,Case Rate,". MPL 100/50/25% maxmium of 3 procedures. All add ons apply, and lesser of 100% of billed charges",12266,,,,,,,Case Rate,". Primary procedure pays at 100%, secondary at 50%, all subsequent at 25%.  Lesser of applies when negotiated rates exceed charges less addons.",6487,,,,,,,Case Rate,". MPL 100/50/25% maxmium of 3 procedures. All add ons apply, and lesser of 100% of billed charges",4760.25,,,,,,,Case Rate,"100% Medicare OPPS FS. ",2689.58,,,,,,,Case Rate,"100 Percent of Medicaid APG. ",4760.25,,,,,,,Case Rate,"100% Medicare OPPS FS. ",6487,,,,,,,Case Rate,". MPL 100/50/25% maxmium of 3 procedures. All add ons apply, and lesser of 100% of billed charges",16383.1,,,,,,,Case Rate,". MPL 100/50/25% all add ons apply, and lesser of 100% of billed charges",2689.58,,,,,,,Case Rate,"100 Percent of Medicaid APG. ",26526,,,,,,,Case Rate,". MPL 100/50/25% all add ons apply, and lesser of 100% of billed charges",3227.49,,,,,,,Fee Schedule,"120 Percent of Medicaid APG. ",3227.49,,,,,,,Fee Schedule,"120 Percent of Medicaid APG. ",26526,,,,,,,Case Rate,". MPL 100/50/25% all add ons apply, and lesser of 100% of billed charges",26526,,,,,,,Case Rate,". MPL 100/50/25% all add ons apply, and lesser of 100% of billed charges",26526,,,,,,,Case Rate,". MPL 100/50/25% all add ons apply, and lesser of 100% of billed charges",16383.1,,,,,,,Case Rate,". MPL 100/50/25% all add ons apply, and lesser of 100% of billed charges",26526,,,,,,,Case Rate,". MPL 100/50/25% all add ons apply, and lesser of 100% of billed charges",26526,,,,,,,Case Rate,". MPL 100/50/25% all add ons apply, and lesser of 100% of billed charges",26526,,,,,,,Case Rate,". MPL 100/50/25% all add ons apply, and lesser of 100% of billed charges",7163,,,,,,,Case Rate,". ",7163,,,,,,,Case Rate,". ",9425.3,,,,,,,Case Rate,198 Percent of Medicare OPPS. Metroplus will reimburse unlisted codes and described codes with no Medicare rate at 50 percent of charges.,2689.58,,,,,,,Case Rate,"100 Percent of Medicaid APG. ",16383.1,,,,,,,Case Rate,". MPL 100/50/25% all add ons apply, and lesser of 100% of billed charges",6487,,,,,,,Case Rate,". MPL 100/50/25% maxmium of 3 procedures. All add ons apply, and lesser of 100% of billed charges",12266,,,,,,,Case Rate,". Primary procedure pays at 100%, secondary at 50%, all subsequent at 25%.  Lesser of applies when negotiated rates exceed charges less addons.",16383.1,,,,,,,Case Rate,". MPL 100/50/25% all add ons apply, and lesser of 100% of billed charges",12266,,,,,,,Case Rate,". Primary procedure pays at 100%, secondary at 50%, all subsequent at 25%.  Lesser of applies when negotiated rates exceed charges less addons.",16383.1,,,,,,,Case Rate,". MPL 100/50/25% all add ons apply, and lesser of 100% of billed charges",26526,,,,,,,Case Rate,". MPL 100/50/25% all add ons apply, and lesser of 100% of billed charges",26526,,,,,,,Case Rate,". MPL 100/50/25% all add ons apply, and lesser of 100% of billed charges",26526,,,,,,,Case Rate,". MPL 100/50/25% all add ons apply, and lesser of 100% of billed charges",26526,,,,,,,Case Rate,". MPL 100/50/25% all add ons apply, and lesser of 100% of billed charges",4760.25,,,,,,,Case Rate,"100% Medicare OPPS FS. ",747.22,26526,
67036,CPT,,,490,RC,REMOVAL OF INNER EYE FLUID,,,both,,,,8539,,,,,,,Case Rate,". MPL 1st 100% of Payment Rate 50% of all others, all add ons apply, and lesser of 100% of billed charges.",8539,,,,,,,Case Rate,". MPL 1st 100% of Payment Rate 50% of all others, all add ons apply, and lesser of 100% of billed charges.",11080,,,,,,,Case Rate,". Primary procedure pays at 100%, secondary at 50%, all subsequent at 25%.  Lesser of applies when negotiated rates exceed charges less addons.",,100,,,,,0,percent of total billed charges,100 percent of billed charges. ; No services were performed during the 15 month look back period.,4760.25,,,,,,,Case Rate,"100% Medicare OPPS FS. ",11080,,,,,,,Case Rate,". Primary procedure pays at 100%, secondary at 50%, all subsequent at 25%.  Lesser of applies when negotiated rates exceed charges less addons.",11080,,,,,,,Case Rate,". Primary procedure pays at 100%, secondary at 50%, all subsequent at 25%.  Lesser of applies when negotiated rates exceed charges less addons.",11080,,,,,,,Case Rate,". Primary procedure pays at 100%, secondary at 50%, all subsequent at 25%.  Lesser of applies when negotiated rates exceed charges less addons.",4347.69,,,,,,,Case Rate,"100 Percent of Medicaid APG. ",3623.08,,,,,,,Case Rate,"100 Percent of Medicaid APG. ",,78,,,,,0,percent of total billed charges,78% of Billed Charges. Lesser of 100% of billed charges applies.; No services were performed during the 15 month look back period.,16383.1,,,,,,,Case Rate,". MPL 100/50/25% all add ons apply, and lesser of 100% of billed charges",3623.08,,,,,,,Case Rate,"100 Percent of Medicaid APG. ",4760.25,,,,,,,Case Rate,"100% Medicare OPPS FS. ",6487,,,,,,,Case Rate,". MPL 100/50/25% maxmium of 3 procedures. All add ons apply, and lesser of 100% of billed charges",6487,,,,,,,Case Rate,". MPL 100/50/25% maxmium of 3 procedures. All add ons apply, and lesser of 100% of billed charges",6487,,,,,,,Case Rate,". MPL 100/50/25% maxmium of 3 procedures. All add ons apply, and lesser of 100% of billed charges",6487,,,,,,,Case Rate,". MPL 100/50/25% maxmium of 3 procedures. All add ons apply, and lesser of 100% of billed charges",3623.08,,,,,,,Case rate,124 Percent of Medicaid APG. Covered services not payable under Medicaid Fee Schedules default to a payment of 50 percent of charges.,4760.25,,,,,,,Case Rate,"100% Medicare OPPS FS. ",3623.08,,,,,,,Case rate,124 Percent of Medicaid APG. Covered services not payable under Medicaid Fee Schedules default to a payment of 50 percent of charges.,,78,,,,,0,percent of total billed charges,78% of Billed Charges. Lesser of 100% of billed charges applies.; No services were performed during the 15 month look back period.,11080,,,,,,,Case Rate,". Primary procedure pays at 100%, secondary at 50%, all subsequent at 25%.  Lesser of applies when negotiated rates exceed charges less addons.",4760.25,,,,,,,Case Rate,"100%Medicare OPPS FS. ",8427,,,,,,,Case Rate,". Primary procedure pays at 100%, all subsequent at 50%.",4760.25,,,,,,,Case Rate,"100%Medicare OPPS FS. ",4760.25,,,,,,,Case Rate,"100%Medicare OPPS FS. ",,78,,,,,0,percent of total billed charges,78% of Billed Charges. Lesser of 100% of billed charges applies.; No services were performed during the 15 month look back period.,2017.68,,,,,,,Case Rate,100% of PAS. Lesser of 100% of billed charges applies.,2017.68,,,,,,,Case Rate,100% of PAS. Lesser of 100% of billed charges applies.,3623.08,,,,,,,Case rate,"100 Percent of Medicaid APG. ",3623.08,,,,,,,Case rate,"100 Percent of Medicaid APG. ",8427,,,,,,,Case Rate,". Primary procedure pays at 100%, all subsequent at 50%.",8427,,,,,,,Case Rate,". Primary procedure pays at 100%, all subsequent at 50%.",3623.08,,,,,,,Case Rate,"100 Percent of Medicaid APG. Not APG payable, or payable under another fee schedule like ASP/AWP pays at 30% of charges",8427,,,,,,,Case Rate,". Primary procedure pays at 100%, all subsequent at 50%.",3623.08,,,,,,,Case Rate,"100 Percent of Medicaid APG. Not APG payable, or payable under another fee schedule like ASP/AWP pays at 30% of charges",4760.25,,,,,,,Case Rate,"100%Medicare OPPS FS. ",8427,,,,,,,Case Rate,". Primary procedure pays at 100%, all subsequent at 50%.",,78,,,,,0,percent of total billed charges,78% of Billed Charges. Lesser of 100% of billed charges applies.; No services were performed during the 15 month look back period.,3623.08,,,,,,,Case Rate,"100 Percent of Medicaid APG. ",3623.08,,,,,,,Case Rate,"100 Percent of Medicaid APG. ",,78,,,,,0,percent of total billed charges,78% of Billed Charges. Lesser of 100% of billed charges applies.; No services were performed during the 15 month look back period.,6487,,,,,,,Case Rate,". MPL 100/50/25% maxmium of 3 procedures. All add ons apply, and lesser of 100% of billed charges",14572,,,,,,,Case Rate,". MPL 100/50/25% all add ons apply, and lesser of 100% of billed charges",14572,,,,,,,Case Rate,". MPL 100/50/25% all add ons apply, and lesser of 100% of billed charges",,78,,,,,0,percent of total billed charges,78% of Billed Charges. Lesser of 100% of billed charges applies.; No services were performed during the 15 month look back period.,4760.25,,,,,,,Case Rate,"100% Medicare OPPS FS. ",16383.1,,,,,,,Case Rate,". MPL 100/50/25% all add ons apply, and lesser of 100% of billed charges",16383.1,,,,,,,Case Rate,". MPL 100/50/25% all add ons apply, and lesser of 100% of billed charges",16383.1,,,,,,,Case Rate,". MPL 100/50/25% all add ons apply, and lesser of 100% of billed charges",4760.25,,,,,,,Case Rate,"100% Medicare OPPS FS. ",16383.1,,,,,,,Case Rate,". MPL 100/50/25% all add ons apply, and lesser of 100% of billed charges",16383.1,,,,,,,Case Rate,". MPL 100/50/25% all add ons apply, and lesser of 100% of billed charges",4760.25,,,,,,,Case Rate,"100% of Medicare OPPS. ",25798,,,,,,,Case Rate,". MPL 100/75/50% all add ons apply, and lesser of 100% of billed charges",14557,,,,,,,Case Rate,". MPL 100/50/25% all add ons apply, and lesser of 100% of billed charges",14557,,,,,,,Case Rate,". MPL 100/50/25% all add ons apply, and lesser of 100% of billed charges",14557,,,,,,,Case Rate,". MPL 100/50/25% all add ons apply, and lesser of 100% of billed charges",14557,,,,,,,Case Rate,". MPL 100/50/25% all add ons apply, and lesser of 100% of billed charges",14557,,,,,,,Case Rate,". MPL 100/50/25% all add ons apply, and lesser of 100% of billed charges",14557,,,,,,,Case Rate,". MPL 100/50/25% all add ons apply, and lesser of 100% of billed charges",4760.25,,,,,,,Case Rate,"100% Medicare OPPS FS. ",4760.25,,,,,,,Case Rate,"100% Medicare OPPS FS. ",14557,,,,,,,Case Rate,". MPL 100/50/25% all add ons apply, and lesser of 100% of billed charges",,78,,,,,0,percent of total billed charges,78% of Billed Charges. Lesser of 100% of billed charges applies.; No services were performed during the 15 month look back period.,,78,,,,,0,percent of total billed charges,78% of Billed Charges. Lesser of 100% of billed charges applies.; No services were performed during the 15 month look back period.,,78,,,,,0,percent of total billed charges,78% of Billed Charges. Lesser of 100% of billed charges applies.; No services were performed during the 15 month look back period.,,78,,,,,0,percent of total billed charges,78% of Billed Charges. Lesser of 100% of billed charges applies.; No services were performed during the 15 month look back period.,,78,,,,,0,percent of total billed charges,78% of Billed Charges. Lesser of 100% of billed charges applies.; No services were performed during the 15 month look back period.,,78,,,,,0,percent of total billed charges,78% of Billed Charges. Lesser of 100% of billed charges applies.; No services were performed during the 15 month look back period.,,78,,,,,0,percent of total billed charges,78% of Billed Charges. Lesser of 100% of billed charges applies.; No services were performed during the 15 month look back period.,,78,,,,,0,percent of total billed charges,78% of Billed Charges. Lesser of 100% of billed charges applies.; No services were performed during the 15 month look back period.,,78,,,,,0,percent of total billed charges,78% of Billed Charges. Lesser of 100% of billed charges applies.; No services were performed during the 15 month look back period.,,78,,,,,0,percent of total billed charges,78% of Billed Charges. Lesser of 100% of billed charges applies.; No services were performed during the 15 month look back period.,,78,,,,,0,percent of total billed charges,78% of Billed Charges. Lesser of 100% of billed charges applies.; No services were performed during the 15 month look back period.,,78,,,,,0,percent of total billed charges,78% of Billed Charges. Lesser of 100% of billed charges applies.; No services were performed during the 15 month look back period.,,78,,,,,0,percent of total billed charges,78% of Billed Charges. Lesser of 100% of billed charges applies.; No services were performed during the 15 month look back period.,,78,,,,,0,percent of total billed charges,78% of Billed Charges. Lesser of 100% of billed charges applies.; No services were performed during the 15 month look back period.,,78,,,,,0,percent of total billed charges,78% of Billed Charges. Lesser of 100% of billed charges applies.; No services were performed during the 15 month look back period.,,78,,,,,0,percent of total billed charges,78% of Billed Charges. Lesser of 100% of billed charges applies.; No services were performed during the 15 month look back period.,,78,,,,,0,percent of total billed charges,78% of Billed Charges. Lesser of 100% of billed charges applies.; No services were performed during the 15 month look back period.,,78,,,,,0,percent of total billed charges,78% of Billed Charges. Lesser of 100% of billed charges applies.; No services were performed during the 15 month look back period.,,78,,,,,0,percent of total billed charges,78% of Billed Charges. Lesser of 100% of billed charges applies.; No services were performed during the 15 month look back period.,,78,,,,,0,percent of total billed charges,78% of Billed Charges. Lesser of 100% of billed charges applies.; No services were performed during the 15 month look back period.,,78,,,,,0,percent of total billed charges,78% of Billed Charges. Lesser of 100% of billed charges applies.; No services were performed during the 15 month look back period.,,78,,,,,0,percent of total billed charges,78% of Billed Charges. Lesser of 100% of billed charges applies.; No services were performed during the 15 month look back period.,,78,,,,,0,percent of total billed charges,78% of Billed Charges. Lesser of 100% of billed charges applies.; No services were performed during the 15 month look back period.,,78,,,,,0,percent of total billed charges,78% of Billed Charges. Lesser of 100% of billed charges applies.; No services were performed during the 15 month look back period.,,78,,,,,0,percent of total billed charges,78% of Billed Charges. Lesser of 100% of billed charges applies.; No services were performed during the 15 month look back period.,,78,,,,,0,percent of total billed charges,78% of Billed Charges. Lesser of 100% of billed charges applies.; No services were performed during the 15 month look back period.,8427,,,,,,,Case Rate,". Primary procedure pays at 100%, all subsequent at 50%.",8427,,,,,,,Case Rate,". Primary procedure pays at 100%, all subsequent at 50%.",8427,,,,,,,Case Rate,". Primary procedure pays at 100%, all subsequent at 50%.",8427,,,,,,,Case Rate,". Primary procedure pays at 100%, all subsequent at 50%.",12574,,,,,,,Case Rate,". Primary procedure pays at 100%, all subsequent at 50%.",12574,,,,,,,Case Rate,". Primary procedure pays at 100%, all subsequent at 50%.",6487,,,,,,,Case Rate,". MPL 100/50/25% maxmium of 3 procedures. All add ons apply, and lesser of 100% of billed charges",14557,,,,,,,Case Rate,". MPL 100/50/25% all add ons apply, and lesser of 100% of billed charges",16383.1,,,,,,,Case Rate,". MPL 100/50/25% all add ons apply, and lesser of 100% of billed charges",14557,,,,,,,Case Rate,". MPL 100/50/25% all add ons apply, and lesser of 100% of billed charges",,78,,,,,0,percent of total billed charges,78% of Billed Charges. Lesser of 100% of billed charges applies.; No services were performed during the 15 month look back period.,12574,,,,,,,Case Rate,". Primary procedure pays at 100%, all subsequent at 50%.",14557,,,,,,,Case Rate,". MPL 100/50/25% all add ons apply, and lesser of 100% of billed charges",16383.1,,,,,,,Case Rate,". MPL 100/50/25% all add ons apply, and lesser of 100% of billed charges",6487,,,,,,,Case Rate,". MPL 100/50/25% maxmium of 3 procedures. All add ons apply, and lesser of 100% of billed charges",,,,,,,,,"NA. ",,78,,,,,0,percent of total billed charges,78% of Billed Charges. Lesser of 100% of billed charges applies.; No services were performed during the 15 month look back period.,3623.08,,,,,,,Case Rate,"100 Percent of Medicaid APG. ",8427,,,,,,,Case Rate,". Primary procedure pays at 100%, all subsequent at 50%.",3623.08,,,,,,,Case Rate,"100 Percent of Medicaid APG. Not APG payable, or payable under another fee schedule like ASP/AWP pays at 30% of charges",4760.25,,,,,,,Case Rate,"100%Medicare OPPS FS. ",4760.25,,,,,,,Case Rate,"100% Medicare OPPS FS. ",25798,,,,,,,Case Rate,". MPL 100/75/50% all add ons apply, and lesser of 100% of billed charges",4760.25,,,,,,,Case Rate,"100% Medicare OPPS FS. ",4760.25,,,,,,,Case Rate,"100% Medicare OPPS FS. ",3623.08,,,,,,,Case Rate,"100 Percent of Medicaid APG. ",4760.25,,,,,,,Case Rate,"100% Medicare OPPS FS. ",4760.25,,,,,,,Case Rate,"100% Medicare OPPS FS. ",11080,,,,,,,Case Rate,". Primary procedure pays at 100%, secondary at 50%, all subsequent at 25%.  Lesser of applies when negotiated rates exceed charges less addons.",11080,,,,,,,Case Rate,". Primary procedure pays at 100%, secondary at 50%, all subsequent at 25%.  Lesser of applies when negotiated rates exceed charges less addons.",4760.25,,,,,,,Case Rate,"100% Medicare OPPS FS. ",6487,,,,,,,Case Rate,". MPL 100/50/25% maxmium of 3 procedures. All add ons apply, and lesser of 100% of billed charges",16383.1,,,,,,,Case Rate,". MPL 100/50/25% all add ons apply, and lesser of 100% of billed charges",16383.1,,,,,,,Case Rate,". MPL 100/50/25% all add ons apply, and lesser of 100% of billed charges",4760.25,,,,,,,Case Rate,"100% Medicare OPPS FS. ",6487,,,,,,,Case Rate,". MPL 100/50/25% maxmium of 3 procedures. All add ons apply, and lesser of 100% of billed charges",11080,,,,,,,Case Rate,". Primary procedure pays at 100%, secondary at 50%, all subsequent at 25%.  Lesser of applies when negotiated rates exceed charges less addons.",11080,,,,,,,Case Rate,". Primary procedure pays at 100%, secondary at 50%, all subsequent at 25%.  Lesser of applies when negotiated rates exceed charges less addons.",11080,,,,,,,Case Rate,". Primary procedure pays at 100%, secondary at 50%, all subsequent at 25%.  Lesser of applies when negotiated rates exceed charges less addons.",,78,,,,,0,percent of total billed charges,78% of Billed Charges. Lesser of 100% of billed charges applies.; No services were performed during the 15 month look back period.,,78,,,,,0,percent of total billed charges,78% of Billed Charges. Lesser of 100% of billed charges applies.; No services were performed during the 15 month look back period.,,78,,,,,0,percent of total billed charges,78% of Billed Charges. Lesser of 100% of billed charges applies.; No services were performed during the 15 month look back period.,,78,,,,,0,percent of total billed charges,78% of Billed Charges. Lesser of 100% of billed charges applies.; No services were performed during the 15 month look back period.,,78,,,,,0,percent of total billed charges,78% of Billed Charges. Lesser of 100% of billed charges applies.; No services were performed during the 15 month look back period.,,78,,,,,0,percent of total billed charges,78% of Billed Charges. Lesser of 100% of billed charges applies.; No services were performed during the 15 month look back period.,,78,,,,,0,percent of total billed charges,78% of Billed Charges. Lesser of 100% of billed charges applies.; No services were performed during the 15 month look back period.,,78,,,,,0,percent of total billed charges,78% of Billed Charges. Lesser of 100% of billed charges applies.; No services were performed during the 15 month look back period.,,78,,,,,0,percent of total billed charges,78% of Billed Charges. Lesser of 100% of billed charges applies.; No services were performed during the 15 month look back period.,,78,,,,,0,percent of total billed charges,78% of Billed Charges. Lesser of 100% of billed charges applies.; No services were performed during the 15 month look back period.,,78,,,,,0,percent of total billed charges,78% of Billed Charges. Lesser of 100% of billed charges applies.; No services were performed during the 15 month look back period.,12574,,,,,,,Case Rate,". Primary procedure pays at 100%, all subsequent at 50%.",14557,,,,,,,Case Rate,". MPL 100/50/25% all add ons apply, and lesser of 100% of billed charges",6487,,,,,,,Case Rate,". MPL 100/50/25% maxmium of 3 procedures. All add ons apply, and lesser of 100% of billed charges",4760.25,,,,,,,Case Rate,"100% Medicare OPPS FS. ",11080,,,,,,,Case Rate,". Primary procedure pays at 100%, secondary at 50%, all subsequent at 25%.  Lesser of applies when negotiated rates exceed charges less addons.",6487,,,,,,,Case Rate,". MPL 100/50/25% maxmium of 3 procedures. All add ons apply, and lesser of 100% of billed charges",6487,,,,,,,Case Rate,". MPL 100/50/25% maxmium of 3 procedures. All add ons apply, and lesser of 100% of billed charges",,78,,,,,0,percent of total billed charges,78% of Billed Charges. Lesser of 100% of billed charges applies.; No services were performed during the 15 month look back period.,7753.38,,,,,,,Case Rate,"214 Percent of Medicaid APG. Drugs not priced under APG, billed with revenue code 636 and not priced by Medicare ASP FeeSched will be reimbursed at 20% of charges.",6487,,,,,,,Case Rate,". MPL 100/50/25% maxmium of 3 procedures. All add ons apply, and lesser of 100% of billed charges",3623.08,,,,,,,Case Rate,"100 Percent of Medicaid APG. ",4760.25,,,,,,,Case Rate,"100% Medicare OPPS FS. ",4760.25,,,,,,,Case Rate,"100% Medicare OPPS FS. ",4760.25,,,,,,,Case Rate,"100% Medicare OPPS FS. ",4760.25,,,,,,,Case Rate,"100% Medicare OPPS FS. ",4760.25,,,,,,,Case Rate,"100% Medicare OPPS FS. ",4760.25,,,,,,,Case Rate,"100% Medicare OPPS FS. ",6487,,,,,,,Case Rate,". MPL 100/50/25% maxmium of 3 procedures. All add ons apply, and lesser of 100% of billed charges",25798,,,,,,,Case Rate,". MPL 100/75/50% all add ons apply, and lesser of 100% of billed charges",6521.54,,,,,,,Fee Schedule,"180 Percent of Medicaid APG. ",6521.54,,,,,,,Fee Schedule,"180 Percent of Medicaid APG. ",6521.54,,,,,,,Fee Schedule,"180 Percent of Medicaid APG. ",6521.54,,,,,,,Fee Schedule,"180 Percent of Medicaid APG. ",6521.54,,,,,,,Fee Schedule,"180 Percent of Medicaid APG. ",,,,,,,,,"NA. ",25798,,,,,,,Case Rate,". MPL 100/75/50% all add ons apply, and lesser of 100% of billed charges",9425.3,,,,,,,Case Rate,198 Percent of Medicare OPPS. Metroplus will reimburse unlisted codes and described codes with no Medicare rate at 50 percent of charges.,9425.3,,,,,,,Case Rate,198 Percent of Medicare OPPS. Metroplus will reimburse unlisted codes and described codes with no Medicare rate at 50 percent of charges.,9425.3,,,,,,,Case Rate,198 Percent of Medicare OPPS. Metroplus will reimburse unlisted codes and described codes with no Medicare rate at 50 percent of charges.,9425.3,,,,,,,Case Rate,198 Percent of Medicare OPPS. Metroplus will reimburse unlisted codes and described codes with no Medicare rate at 50 percent of charges.,9425.3,,,,,,,Case Rate,198 Percent of Medicare OPPS. Metroplus will reimburse unlisted codes and described codes with no Medicare rate at 50 percent of charges.,4760.25,,,,,,,Case Rate,"100% Medicare OPPS FS. ",12574,,,,,,,Case Rate,". Primary procedure pays at 100%, all subsequent at 50%.",12574,,,,,,,Case Rate,". Primary procedure pays at 100%, all subsequent at 50%.",12574,,,,,,,Case Rate,". Primary procedure pays at 100%, all subsequent at 50%.",12574,,,,,,,Case Rate,". Primary procedure pays at 100%, all subsequent at 50%.",11080,,,,,,,Case Rate,". Primary procedure pays at 100%, secondary at 50%, all subsequent at 25%.  Lesser of applies when negotiated rates exceed charges less addons.",11080,,,,,,,Case Rate,". Primary procedure pays at 100%, secondary at 50%, all subsequent at 25%.  Lesser of applies when negotiated rates exceed charges less addons.",11080,,,,,,,Case Rate,". Primary procedure pays at 100%, secondary at 50%, all subsequent at 25%.  Lesser of applies when negotiated rates exceed charges less addons.",11080,,,,,,,Case Rate,". Primary procedure pays at 100%, secondary at 50%, all subsequent at 25%.  Lesser of applies when negotiated rates exceed charges less addons.",25798,,,,,,,Case Rate,". MPL 100/75/50% all add ons apply, and lesser of 100% of billed charges",25798,,,,,,,Case Rate,". MPL 100/75/50% all add ons apply, and lesser of 100% of billed charges",4760.25,,,,,,,Case Rate,"100% Medicare OPPS FS. ",4760.25,,,,,,,Case Rate,"100% Medicare OPPS FS. ",4760.25,,,,,,,Case Rate,"100% Medicare OPPS FS. ",14557,,,,,,,Case Rate,". MPL 100/50/25% all add ons apply, and lesser of 100% of billed charges",14557,,,,,,,Case Rate,". MPL 100/50/25% all add ons apply, and lesser of 100% of billed charges",14557,,,,,,,Case Rate,". MPL 100/50/25% all add ons apply, and lesser of 100% of billed charges",25798,,,,,,,Case Rate,". MPL 100/75/50% all add ons apply, and lesser of 100% of billed charges",11080,,,,,,,Case Rate,". Primary procedure pays at 100%, secondary at 50%, all subsequent at 25%.  Lesser of applies when negotiated rates exceed charges less addons.",4760.25,,,,,,,Case Rate,"100% Medicare OPPS FS. ",14557,,,,,,,Case Rate,". MPL 100/50/25% all add ons apply, and lesser of 100% of billed charges",3623.08,,,,,,,Case Rate,"100 Percent of Medicaid APG. ",4855.46,,,,,,,Case Rate,"102% of Medicare OPPS. ",4855.46,,,,,,,Case Rate,"102% of Medicare OPPS. ",4855.46,,,,,,,Case Rate,"102% of Medicare OPPS. ",3623.08,,,,,,,Case rate,"100 Percent of Medicaid APG. ",8151.92,,,,,,,Case Rate,225% of NYS APG. Lesser of 100% of billed charges applies.,8151.92,,,,,,,Case Rate,225% of NYS APG. Lesser of 100% of billed charges applies.,8151.92,,,,,,,Case Rate,225% of NYS APG. Lesser of 100% of billed charges applies.,8151.92,,,,,,,Case Rate,225% of NYS APG. Lesser of 100% of billed charges applies.,8151.92,,,,,,,Case Rate,225% of NYS APG. Lesser of 100% of billed charges applies.,4855.46,,,,,,,Case Rate,"102% of Medicare OPPS. ",3623.08,,,,,,,Case Rate,"100 Percent of Medicaid APG. ",2017.68,,,,,,,Case Rate,100% of PAS. Lesser of 100% of billed charges applies.,8151.92,,,,,,,Case Rate,225% of NYS APG. Lesser of 100% of billed charges applies.,8151.92,,,,,,,Case Rate,225% of NYS APG. Lesser of 100% of billed charges applies.,2017.68,,,,,,,Case Rate,100% of PAS. Lesser of 100% of billed charges applies.,2017.68,,,,,,,Case Rate,100% of PAS. Lesser of 100% of billed charges applies.,6521.54,,,,,,,Fee Schedule,"180 Percent of Medicaid APG. ",4760.25,,,,,,,Case Rate,"100% Medicare OPPS FS. ",4760.25,,,,,,,Case Rate,"100% Medicare OPPS FS. ",11080,,,,,,,Case Rate,". Primary procedure pays at 100%, secondary at 50%, all subsequent at 25%.  Lesser of applies when negotiated rates exceed charges less addons.",4760.25,,,,,,,Case Rate,"100% Medicare OPPS FS. ",8151.92,,,,,,,Case Rate,"225 Percent of Medicaid APG. ",8151.92,,,,,,,Case Rate,"225 Percent of Medicaid APG. ",3623.08,,,,,,,Case rate,"100 Percent of Medicaid APG. ",3623.08,,,,,,,Case rate,"100 Percent of Medicaid APG. ",8151.92,,,,,,,Case Rate,225 Percent of Medicaid APG. Covered services not payable under Medicaid Fee Schedules default to a payment of 87.5 percent of charges.,3623.08,,,,,,,Case rate,124 Percent of Medicaid APG. Covered services not payable under Medicaid Fee Schedules default to a payment of 50 percent of charges.,8151.92,,,,,,,Case Rate,"100 Percent of Medicaid APG. ",8151.92,,,,,,,Case Rate,"100 Percent of Medicaid APG. ",8151.92,,,,,,,Case Rate,"100 Percent of Medicaid APG. ",8151.92,,,,,,,Case Rate,"100 Percent of Medicaid APG. ",13453,,,,,,,Case Rate,". MPL 100/75/50% all add ons apply, and lesser of 100% of billed charges",25798,,,,,,,Case Rate,". MPL 100/75/50% all add ons apply, and lesser of 100% of billed charges",4347.69,,,,,,,Case Rate,"120 Percent of Medicaid APG. Not APG payable, or payable under another fee schedule like ASP/AWP pays at 30% of charges",4347.69,,,,,,,Case Rate,"120 Percent of Medicaid APG. Not APG payable, or payable under another fee schedule like ASP/AWP pays at 30% of charges",3623.08,,,,,,,Case Rate,"100 Percent of Medicaid APG. Not APG payable, or payable under another fee schedule like ASP/AWP pays at 30% of charges",3623.08,,,,,,,Case Rate,"100 Percent of Medicaid APG. Not APG payable, or payable under another fee schedule like ASP/AWP pays at 30% of charges",14557,,,,,,,Case Rate,". MPL 100/50/25% all add ons apply, and lesser of 100% of billed charges",14557,,,,,,,Case Rate,". MPL 100/50/25% all add ons apply, and lesser of 100% of billed charges",4760.25,,,,,,,Case Rate,"100% Medicare OPPS FS. ",14557,,,,,,,Case Rate,". MPL 100/50/25% all add ons apply, and lesser of 100% of billed charges",14557,,,,,,,Case Rate,". MPL 100/50/25% all add ons apply, and lesser of 100% of billed charges",14557,,,,,,,Case Rate,". MPL 100/50/25% all add ons apply, and lesser of 100% of billed charges",14557,,,,,,,Case Rate,". MPL 100/50/25% all add ons apply, and lesser of 100% of billed charges",4760.25,,,,,,,Case Rate,"100% Medicare OPPS FS. ",14557,,,,,,,Case Rate,". MPL 100/50/25% all add ons apply, and lesser of 100% of billed charges",14557,,,,,,,Case Rate,". MPL 100/50/25% all add ons apply, and lesser of 100% of billed charges",11080,,,,,,,Case Rate,". Primary procedure pays at 100%, secondary at 50%, all subsequent at 25%.  Lesser of applies when negotiated rates exceed charges less addons.",3623.08,,,,,,,Fee Schedule,100% APG. Lesser of 100% of billed charges applies.,3623.08,,,,,,,Case rate,124 Percent of Medicaid APG. Covered services not payable under Medicaid Fee Schedules default to a payment of 50 percent of charges.,8151.92,,,,,,,Case Rate,225% of NYS APG. Lesser of 100% of billed charges applies.,8151.92,,,,,,,Case Rate,225 Percent of Medicaid APG. Covered services not payable under Medicaid Fee Schedules default to a payment of 87.5 percent of charges.,3623.08,,,,,,,Case rate,124 Percent of Medicaid APG. Covered services not payable under Medicaid Fee Schedules default to a payment of 50 percent of charges.,8151.92,,,,,,,Case Rate,225% of NYS APG. Lesser of 100% of billed charges applies.,8151.92,,,,,,,Case Rate,225% of NYS APG. Lesser of 100% of billed charges applies.,8151.92,,,,,,,Case Rate,225% of NYS APG. Lesser of 100% of billed charges applies.,8151.92,,,,,,,Case Rate,225% of NYS APG. Lesser of 100% of billed charges applies.,8151.92,,,,,,,Case Rate,225% of NYS APG. Lesser of 100% of billed charges applies.,8151.92,,,,,,,Case Rate,225% of NYS APG. Lesser of 100% of billed charges applies.,,,,,,,,,"NA. ",,,,,,,,,"NA. ",,,,,,,,,"NA. ",6487,,,,,,,Case Rate,". MPL 100/50/25% maxmium of 3 procedures. All add ons apply, and lesser of 100% of billed charges",,,,,,,,,"NA. ",4760.25,,,,,,,Case Rate,"100% Medicare OPPS FS. ",8539,,,,,,,Case Rate,". MPL 1st 100% of Payment Rate 50% of all others, all add ons apply, and lesser of 100% of billed charges.",4760.25,,,,,,,Case Rate,"100% Medicare OPPS FS. ",4760.25,,,,,,,Case Rate,"100% Medicare OPPS FS. ",4347.69,,,,,,,Case Rate,"120 Percent of Medicaid APG. Not APG payable, or payable under another fee schedule like ASP/AWP pays at 30% of charges",4347.69,,,,,,,Case Rate,"120 Percent of Medicaid APG. Not APG payable, or payable under another fee schedule like ASP/AWP pays at 30% of charges",3623.08,,,,,,,Case Rate,"100 Percent of Medicaid APG. Not APG payable, or payable under another fee schedule like ASP/AWP pays at 30% of charges",3623.08,,,,,,,Case Rate,"100 Percent of Medicaid APG. Not APG payable, or payable under another fee schedule like ASP/AWP pays at 30% of charges",3623.08,,,,,,,Case Rate,"100 Percent of Medicaid APG. ",7163,,,,,,,Case Rate,". ",11080,,,,,,,Case Rate,". Primary procedure pays at 100%, secondary at 50%, all subsequent at 25%.  Lesser of applies when negotiated rates exceed charges less addons.",8427,,,,,,,Case Rate,". Primary procedure pays at 100%, all subsequent at 50%.",6487,,,,,,,Case Rate,". MPL 100/50/25% maxmium of 3 procedures. All add ons apply, and lesser of 100% of billed charges",4760.25,,,,,,,Case Rate,"100%Medicare OPPS FS. ",4760.25,,,,,,,Case Rate,"100% Medicare OPPS FS. ",4760.25,,,,,,,Case Rate,"100% Medicare OPPS FS. ",4760.25,,,,,,,Case Rate,"100% Medicare OPPS FS. ",4760.25,,,,,,,Case Rate,"100%Medicare OPPS FS. ",4760.25,,,,,,,Case Rate,"100% Medicare OPPS FS. ",,,,,,,,,"NA. ",8151.92,,,,,,,Case Rate,225% of NYS APG. Lesser of 100% of billed charges applies.,2017.68,,,,,,,Case Rate,100% of PAS. Lesser of 100% of billed charges applies.,14557,,,,,,,Case Rate,". MPL 100/50/25% all add ons apply, and lesser of 100% of billed charges",7163,,,,,,,Case Rate,". ",7163,,,,,,,Case Rate,". ",7163,,,,,,,Case Rate,". ",7163,,,,,,,Case Rate,". ",4760.25,,,,,,,Case Rate,"100% Medicare OPPS FS. ",3623.08,,,,,,,Case Rate,"100 Percent of Medicaid APG. ",14557,,,,,,,Case Rate,". MPL 100/50/25% all add ons apply, and lesser of 100% of billed charges",3623.08,,,,,,,Case Rate,"100 Percent of Medicaid APG. ",4760.25,,,,,,,Case Rate,"100% Medicare OPPS FS. ",3623.08,,,,,,,Case Rate,"100 Percent of Medicaid APG. ",4760.25,,,,,,,Case Rate,"100% Medicare OPPS FS. ",4760.25,,,,,,,Case Rate,"100% Medicare OPPS FS. ",3623.08,,,,,,,Case Rate,"100 Percent of Medicaid APG. ",3623.08,,,,,,,Case Rate,"100 Percent of Medicaid APG. ",7163,,,,,,,Case Rate,". ",6487,,,,,,,Case Rate,". MPL 100/50/25% maxmium of 3 procedures. All add ons apply, and lesser of 100% of billed charges",,78,,,,,0,percent of total billed charges,78% of Billed Charges. Lesser of 100% of billed charges applies.; No services were performed during the 15 month look back period.,16383.1,,,,,,,Case Rate,". MPL 100/50/25% all add ons apply, and lesser of 100% of billed charges",16383.1,,,,,,,Case Rate,". MPL 100/50/25% all add ons apply, and lesser of 100% of billed charges",11080,,,,,,,Case Rate,". Primary procedure pays at 100%, secondary at 50%, all subsequent at 25%.  Lesser of applies when negotiated rates exceed charges less addons.",2011.03,,,,,,,Case Rate,"83% HF Fee schedule. ",12574,,,,,,,Case Rate,". Primary procedure pays at 100%, all subsequent at 50%.",12574,,,,,,,Case Rate,". Primary procedure pays at 100%, all subsequent at 50%.",11646,,,,,,,Case Rate,". MPL 100/50/25% all add ons apply, and lesser of 100% of billed charges",11646,,,,,,,Case Rate,". MPL 100/50/25% all add ons apply, and lesser of 100% of billed charges",4760.25,,,,,,,Case Rate,"100% Medicare OPPS FS. ",4760.25,,,,,,,Case Rate,"100% Medicare OPPS FS. ",4760.25,,,,,,,Case Rate,"100% Medicare OPPS FS. ",4760.25,,,,,,,Case Rate,"100% Medicare OPPS FS. ",16383.1,,,,,,,Case Rate,". MPL 100/50/25% all add ons apply, and lesser of 100% of billed charges",14557,,,,,,,Case Rate,". MPL 100/50/25% all add ons apply, and lesser of 100% of billed charges",14557,,,,,,,Case Rate,". MPL 100/50/25% all add ons apply, and lesser of 100% of billed charges",4760.25,,,,,,,Case Rate,"100% Medicare OPPS FS. ",11646,,,,,,,Case Rate,". MPL 100/50/25% all add ons apply, and lesser of 100% of billed charges",8427,,,,,,,Case Rate,". Primary procedure pays at 100%, all subsequent at 50%.",4347.69,,,,,,,Fee Schedule,"120 Percent of Medicaid APG. ",3623.08,,,,,,,Case Rate,"100 Percent of Medicaid APG. ",7163,,,,,,,Case Rate,". ",13101,,,,,,,Case Rate,". MPL 100/50/25% all add ons apply, and lesser of 100% of billed charges",13101,,,,,,,Case Rate,". MPL 100/50/25% all add ons apply, and lesser of 100% of billed charges",14557,,,,,,,Case Rate,". MPL 100/50/25% all add ons apply, and lesser of 100% of billed charges",14948,,,,,,,Case Rate,". MPL 100/75/50% all add ons apply, and lesser of 100% of billed charges",4760.25,,,,,,,Case Rate,"100%Medicare OPPS FS. ",3804.23,,,,,,,Fee Schedule,105 percent of Medicaid APG. otherwise 105% of Ordered NYS MCD FS or 105% of ASP+6%,3804.23,,,,,,,Fee Schedule,105 percent of Medicaid APG. otherwise 105% of Ordered NYS MCD FS or 105% of ASP+6%,3804.23,,,,,,,Fee Schedule,105 percent of Medicaid APG. otherwise 105% of Ordered NYS MCD FS or 105% of ASP+6%,4891.15,,,,,,,Fee Schedule,135 percent of Medicaid APG. otherwise 135% of Ordered NYS MCD FS or 135% of ASP+6%,16383.1,,,,,,,Case Rate,". MPL 100/50/25% all add ons apply, and lesser of 100% of billed charges",3804.23,,,,,,,Fee Schedule,105 percent of Medicaid APG. otherwise 105% of Ordered NYS MCD FS or 105% of ASP+6%,3804.23,,,,,,,Fee Schedule,105 percent of Medicaid APG. otherwise 105% of Ordered NYS MCD FS or 105% of ASP+6%,3804.23,,,,,,,Fee Schedule,105 percent of Medicaid APG. otherwise 105% of Ordered NYS MCD FS or 105% of ASP+6%,3804.23,,,,,,,Fee Schedule,105 percent of Medicaid APG. otherwise 105% of Ordered NYS MCD FS or 105% of ASP+6%,3804.23,,,,,,,Fee Schedule,105 percent of Medicaid APG. otherwise 105% of Ordered NYS MCD FS or 105% of ASP+6%,4891.15,,,,,,,Fee Schedule,135 percent of Medicaid APG. otherwise 135% of Ordered NYS MCD FS or 135% of ASP+6%,4891.15,,,,,,,Fee Schedule,135 percent of Medicaid APG. otherwise 135% of Ordered NYS MCD FS or 135% of ASP+6%,4760.25,,,,,,,Case Rate,"100% Medicare OPPS FS. ",16383.1,,,,,,,Case Rate,". MPL 100/50/25% all add ons apply, and lesser of 100% of billed charges",4760.25,,,,,,,Case Rate,"100% Medicare OPPS FS. ",3804.23,,,,,,,Fee Schedule,105 percent of Medicaid APG. otherwise 105% of Ordered NYS MCD FS or 105% of ASP+6%,14557,,,,,,,Case Rate,". MPL 100/50/25% all add ons apply, and lesser of 100% of billed charges",4760.25,,,,,,,Case Rate,"100% Medicare OPPS FS. ",14557,,,,,,,Case Rate,". MPL 100/50/25% all add ons apply, and lesser of 100% of billed charges",14557,,,,,,,Case Rate,". MPL 100/50/25% all add ons apply, and lesser of 100% of billed charges",14557,,,,,,,Case Rate,". MPL 100/50/25% all add ons apply, and lesser of 100% of billed charges",3804.23,,,,,,,Fee Schedule,105 percent of Medicaid APG. otherwise 105% of Ordered NYS MCD FS or 105% of ASP+6%,4760.25,,,,,,,Case Rate,"100% Medicare OPPS FS. ",14557,,,,,,,Case Rate,". MPL 100/50/25% all add ons apply, and lesser of 100% of billed charges",4891.15,,,,,,,Fee Schedule,135 percent of Medicaid APG. otherwise 135% of Ordered NYS MCD FS or 135% of ASP+6%,14557,,,,,,,Case Rate,". MPL 100/50/25% all add ons apply, and lesser of 100% of billed charges",,200,,,,,0,Case Rate,200% of Medicare OPPS. ; No services were performed during the 15 month look back period.,4760.25,,,,,,,Case Rate,"100%Medicare OPPS FS. ",7163,,,,,,,Case Rate,". ",7163,,,,,,,Case Rate,". ",7163,,,,,,,Case Rate,". ",7163,,,,,,,Case Rate,". ",7163,,,,,,,Case Rate,". ",8427,,,,,,,Case Rate,". Primary procedure pays at 100%, all subsequent at 50%.",8427,,,,,,,Case Rate,". Primary procedure pays at 100%, all subsequent at 50%.",7163,,,,,,,Case Rate,". ",7163,,,,,,,Case Rate,". ",7163,,,,,,,Case Rate,". ",7163,,,,,,,Case Rate,". ",7163,,,,,,,Case Rate,". ",4760.25,,,,,,,Case Rate,"100% Medicare OPPS FS. ",8427,,,,,,,Case Rate,". Primary procedure pays at 100%, all subsequent at 50%.",4760.25,,,,,,,Case Rate,"100% Medicare OPPS FS. ",8151.92,,,,,,,Case Rate,"225 Percent of Medicaid APG. If not included in Medicaid APG, then 100 Percent of Manhattan Medicare",3623.08,,,,,,,Case Rate,"100 Percent of Medicaid APG. ",16383.1,,,,,,,Case Rate,". MPL 100/50/25% all add ons apply, and lesser of 100% of billed charges",16383.1,,,,,,,Case Rate,". MPL 100/50/25% all add ons apply, and lesser of 100% of billed charges",4760.25,,,,,,,Case Rate,"100% Medicare OPPS FS. ",12574,,,,,,,Case Rate,". Primary procedure pays at 100%, all subsequent at 50%.",4760.25,,,,,,,Case Rate,"100% Medicare OPPS FS. ",4760.25,,,,,,,Case Rate,"100% Medicare OPPS FS. ",11080,,,,,,,Case Rate,". Primary procedure pays at 100%, secondary at 50%, all subsequent at 25%.  Lesser of applies when negotiated rates exceed charges less addons.",4760.25,,,,,,,Case Rate,"100% Medicare OPPS FS. ",6487,,,,,,,Case Rate,". MPL 100/50/25% maxmium of 3 procedures. All add ons apply, and lesser of 100% of billed charges",4760.25,,,,,,,Case Rate,"100% Medicare OPPS FS. ",6487,,,,,,,Case Rate,". MPL 100/50/25% maxmium of 3 procedures. All add ons apply, and lesser of 100% of billed charges",11080,,,,,,,Case Rate,". Primary procedure pays at 100%, secondary at 50%, all subsequent at 25%.  Lesser of applies when negotiated rates exceed charges less addons.",6487,,,,,,,Case Rate,". MPL 100/50/25% maxmium of 3 procedures. All add ons apply, and lesser of 100% of billed charges",4760.25,,,,,,,Case Rate,"100% Medicare OPPS FS. ",3623.08,,,,,,,Case Rate,"100 Percent of Medicaid APG. ",4760.25,,,,,,,Case Rate,"100% Medicare OPPS FS. ",6487,,,,,,,Case Rate,". MPL 100/50/25% maxmium of 3 procedures. All add ons apply, and lesser of 100% of billed charges",16383.1,,,,,,,Case Rate,". MPL 100/50/25% all add ons apply, and lesser of 100% of billed charges",3623.08,,,,,,,Case Rate,"100 Percent of Medicaid APG. ",14557,,,,,,,Case Rate,". MPL 100/50/25% all add ons apply, and lesser of 100% of billed charges",4347.69,,,,,,,Fee Schedule,"120 Percent of Medicaid APG. ",4347.69,,,,,,,Fee Schedule,"120 Percent of Medicaid APG. ",14557,,,,,,,Case Rate,". MPL 100/50/25% all add ons apply, and lesser of 100% of billed charges",14557,,,,,,,Case Rate,". MPL 100/50/25% all add ons apply, and lesser of 100% of billed charges",14557,,,,,,,Case Rate,". MPL 100/50/25% all add ons apply, and lesser of 100% of billed charges",16383.1,,,,,,,Case Rate,". MPL 100/50/25% all add ons apply, and lesser of 100% of billed charges",14557,,,,,,,Case Rate,". MPL 100/50/25% all add ons apply, and lesser of 100% of billed charges",14557,,,,,,,Case Rate,". MPL 100/50/25% all add ons apply, and lesser of 100% of billed charges",14557,,,,,,,Case Rate,". MPL 100/50/25% all add ons apply, and lesser of 100% of billed charges",7163,,,,,,,Case Rate,". ",7163,,,,,,,Case Rate,". ",9425.3,,,,,,,Case Rate,198 Percent of Medicare OPPS. Metroplus will reimburse unlisted codes and described codes with no Medicare rate at 50 percent of charges.,3623.08,,,,,,,Case Rate,"100 Percent of Medicaid APG. ",16383.1,,,,,,,Case Rate,". MPL 100/50/25% all add ons apply, and lesser of 100% of billed charges",6487,,,,,,,Case Rate,". MPL 100/50/25% maxmium of 3 procedures. All add ons apply, and lesser of 100% of billed charges",11080,,,,,,,Case Rate,". Primary procedure pays at 100%, secondary at 50%, all subsequent at 25%.  Lesser of applies when negotiated rates exceed charges less addons.",16383.1,,,,,,,Case Rate,". MPL 100/50/25% all add ons apply, and lesser of 100% of billed charges",11080,,,,,,,Case Rate,". Primary procedure pays at 100%, secondary at 50%, all subsequent at 25%.  Lesser of applies when negotiated rates exceed charges less addons.",16383.1,,,,,,,Case Rate,". MPL 100/50/25% all add ons apply, and lesser of 100% of billed charges",14557,,,,,,,Case Rate,". MPL 100/50/25% all add ons apply, and lesser of 100% of billed charges",14557,,,,,,,Case Rate,". MPL 100/50/25% all add ons apply, and lesser of 100% of billed charges",14557,,,,,,,Case Rate,". MPL 100/50/25% all add ons apply, and lesser of 100% of billed charges",14557,,,,,,,Case Rate,". MPL 100/50/25% all add ons apply, and lesser of 100% of billed charges",4760.25,,,,,,,Case Rate,"100% Medicare OPPS FS. ",2011.03,25798,
67040,CPT,,,490,RC,LASER TREATMENT OF RETINA,,,both,,,,15878,,,,,,,Case Rate,". MPL 1st 100% of Payment Rate 50% of all others, all add ons apply, and lesser of 100% of billed charges.",15878,,,,,,,Case Rate,". MPL 1st 100% of Payment Rate 50% of all others, all add ons apply, and lesser of 100% of billed charges.",15563,,,,,,,Case Rate,". Primary procedure pays at 100%, secondary at 50%, all subsequent at 25%.  Lesser of applies when negotiated rates exceed charges less addons.",,100,,,,,0,percent of total billed charges,100 percent of billed charges. ; No services were performed during the 15 month look back period.,4760.25,,,,,,,Case Rate,"100% Medicare OPPS FS. ",15563,,,,,,,Case Rate,". Primary procedure pays at 100%, secondary at 50%, all subsequent at 25%.  Lesser of applies when negotiated rates exceed charges less addons.",15563,,,,,,,Case Rate,". Primary procedure pays at 100%, secondary at 50%, all subsequent at 25%.  Lesser of applies when negotiated rates exceed charges less addons.",15563,,,,,,,Case Rate,". Primary procedure pays at 100%, secondary at 50%, all subsequent at 25%.  Lesser of applies when negotiated rates exceed charges less addons.",4347.69,,,,,,,Case Rate,"100 Percent of Medicaid APG. ",3623.08,,,,,,,Case Rate,"100 Percent of Medicaid APG. ",,78,,,,,0,percent of total billed charges,78% of Billed Charges. Lesser of 100% of billed charges applies.; No services were performed during the 15 month look back period.,16383.1,,,,,,,Case Rate,". MPL 100/50/25% all add ons apply, and lesser of 100% of billed charges",3623.08,,,,,,,Case Rate,"100 Percent of Medicaid APG. ",4760.25,,,,,,,Case Rate,"100% Medicare OPPS FS. ",6487,,,,,,,Case Rate,". MPL 100/50/25% maxmium of 3 procedures. All add ons apply, and lesser of 100% of billed charges",6487,,,,,,,Case Rate,". MPL 100/50/25% maxmium of 3 procedures. All add ons apply, and lesser of 100% of billed charges",6487,,,,,,,Case Rate,". MPL 100/50/25% maxmium of 3 procedures. All add ons apply, and lesser of 100% of billed charges",6487,,,,,,,Case Rate,". MPL 100/50/25% maxmium of 3 procedures. All add ons apply, and lesser of 100% of billed charges",3623.08,,,,,,,Case rate,124 Percent of Medicaid APG. Covered services not payable under Medicaid Fee Schedules default to a payment of 50 percent of charges.,4760.25,,,,,,,Case Rate,"100% Medicare OPPS FS. ",3623.08,,,,,,,Case rate,124 Percent of Medicaid APG. Covered services not payable under Medicaid Fee Schedules default to a payment of 50 percent of charges.,,78,,,,,0,percent of total billed charges,78% of Billed Charges. Lesser of 100% of billed charges applies.; No services were performed during the 15 month look back period.,15563,,,,,,,Case Rate,". Primary procedure pays at 100%, secondary at 50%, all subsequent at 25%.  Lesser of applies when negotiated rates exceed charges less addons.",4760.25,,,,,,,Case Rate,"100%Medicare OPPS FS. ",8427,,,,,,,Case Rate,". Primary procedure pays at 100%, all subsequent at 50%.",4760.25,,,,,,,Case Rate,"100%Medicare OPPS FS. ",4760.25,,,,,,,Case Rate,"100%Medicare OPPS FS. ",,78,,,,,0,percent of total billed charges,78% of Billed Charges. Lesser of 100% of billed charges applies.; No services were performed during the 15 month look back period.,2017.68,,,,,,,Case Rate,100% of PAS. Lesser of 100% of billed charges applies.,2017.68,,,,,,,Case Rate,100% of PAS. Lesser of 100% of billed charges applies.,3623.08,,,,,,,Case rate,"100 Percent of Medicaid APG. ",3623.08,,,,,,,Case rate,"100 Percent of Medicaid APG. ",8427,,,,,,,Case Rate,". Primary procedure pays at 100%, all subsequent at 50%.",8427,,,,,,,Case Rate,". Primary procedure pays at 100%, all subsequent at 50%.",3623.08,,,,,,,Case Rate,"100 Percent of Medicaid APG. Not APG payable, or payable under another fee schedule like ASP/AWP pays at 30% of charges",8427,,,,,,,Case Rate,". Primary procedure pays at 100%, all subsequent at 50%.",3623.08,,,,,,,Case Rate,"100 Percent of Medicaid APG. Not APG payable, or payable under another fee schedule like ASP/AWP pays at 30% of charges",4760.25,,,,,,,Case Rate,"100%Medicare OPPS FS. ",8427,,,,,,,Case Rate,". Primary procedure pays at 100%, all subsequent at 50%.",,78,,,,,0,percent of total billed charges,78% of Billed Charges. Lesser of 100% of billed charges applies.; No services were performed during the 15 month look back period.,3623.08,,,,,,,Case Rate,"100 Percent of Medicaid APG. ",3623.08,,,,,,,Case Rate,"100 Percent of Medicaid APG. ",,78,,,,,0,percent of total billed charges,78% of Billed Charges. Lesser of 100% of billed charges applies.; No services were performed during the 15 month look back period.,6487,,,,,,,Case Rate,". MPL 100/50/25% maxmium of 3 procedures. All add ons apply, and lesser of 100% of billed charges",14572,,,,,,,Case Rate,". MPL 100/50/25% all add ons apply, and lesser of 100% of billed charges",14572,,,,,,,Case Rate,". MPL 100/50/25% all add ons apply, and lesser of 100% of billed charges",,78,,,,,0,percent of total billed charges,78% of Billed Charges. Lesser of 100% of billed charges applies.; No services were performed during the 15 month look back period.,4760.25,,,,,,,Case Rate,"100% Medicare OPPS FS. ",16383.1,,,,,,,Case Rate,". MPL 100/50/25% all add ons apply, and lesser of 100% of billed charges",16383.1,,,,,,,Case Rate,". MPL 100/50/25% all add ons apply, and lesser of 100% of billed charges",16383.1,,,,,,,Case Rate,". MPL 100/50/25% all add ons apply, and lesser of 100% of billed charges",4760.25,,,,,,,Case Rate,"100% Medicare OPPS FS. ",16383.1,,,,,,,Case Rate,". MPL 100/50/25% all add ons apply, and lesser of 100% of billed charges",16383.1,,,,,,,Case Rate,". MPL 100/50/25% all add ons apply, and lesser of 100% of billed charges",4760.25,,,,,,,Case Rate,"100% of Medicare OPPS. ",25798,,,,,,,Case Rate,". MPL 100/75/50% all add ons apply, and lesser of 100% of billed charges",14557,,,,,,,Case Rate,". MPL 100/50/25% all add ons apply, and lesser of 100% of billed charges",14557,,,,,,,Case Rate,". MPL 100/50/25% all add ons apply, and lesser of 100% of billed charges",14557,,,,,,,Case Rate,". MPL 100/50/25% all add ons apply, and lesser of 100% of billed charges",14557,,,,,,,Case Rate,". MPL 100/50/25% all add ons apply, and lesser of 100% of billed charges",14557,,,,,,,Case Rate,". MPL 100/50/25% all add ons apply, and lesser of 100% of billed charges",14557,,,,,,,Case Rate,". MPL 100/50/25% all add ons apply, and lesser of 100% of billed charges",4760.25,,,,,,,Case Rate,"100% Medicare OPPS FS. ",4760.25,,,,,,,Case Rate,"100% Medicare OPPS FS. ",14557,,,,,,,Case Rate,". MPL 100/50/25% all add ons apply, and lesser of 100% of billed charges",,78,,,,,0,percent of total billed charges,78% of Billed Charges. Lesser of 100% of billed charges applies.; No services were performed during the 15 month look back period.,,78,,,,,0,percent of total billed charges,78% of Billed Charges. Lesser of 100% of billed charges applies.; No services were performed during the 15 month look back period.,,78,,,,,0,percent of total billed charges,78% of Billed Charges. Lesser of 100% of billed charges applies.; No services were performed during the 15 month look back period.,,78,,,,,0,percent of total billed charges,78% of Billed Charges. Lesser of 100% of billed charges applies.; No services were performed during the 15 month look back period.,,78,,,,,0,percent of total billed charges,78% of Billed Charges. Lesser of 100% of billed charges applies.; No services were performed during the 15 month look back period.,,78,,,,,0,percent of total billed charges,78% of Billed Charges. Lesser of 100% of billed charges applies.; No services were performed during the 15 month look back period.,,78,,,,,0,percent of total billed charges,78% of Billed Charges. Lesser of 100% of billed charges applies.; No services were performed during the 15 month look back period.,,78,,,,,0,percent of total billed charges,78% of Billed Charges. Lesser of 100% of billed charges applies.; No services were performed during the 15 month look back period.,,78,,,,,0,percent of total billed charges,78% of Billed Charges. Lesser of 100% of billed charges applies.; No services were performed during the 15 month look back period.,,78,,,,,0,percent of total billed charges,78% of Billed Charges. Lesser of 100% of billed charges applies.; No services were performed during the 15 month look back period.,,78,,,,,0,percent of total billed charges,78% of Billed Charges. Lesser of 100% of billed charges applies.; No services were performed during the 15 month look back period.,,78,,,,,0,percent of total billed charges,78% of Billed Charges. Lesser of 100% of billed charges applies.; No services were performed during the 15 month look back period.,,78,,,,,0,percent of total billed charges,78% of Billed Charges. Lesser of 100% of billed charges applies.; No services were performed during the 15 month look back period.,,78,,,,,0,percent of total billed charges,78% of Billed Charges. Lesser of 100% of billed charges applies.; No services were performed during the 15 month look back period.,,78,,,,,0,percent of total billed charges,78% of Billed Charges. Lesser of 100% of billed charges applies.; No services were performed during the 15 month look back period.,,78,,,,,0,percent of total billed charges,78% of Billed Charges. Lesser of 100% of billed charges applies.; No services were performed during the 15 month look back period.,,78,,,,,0,percent of total billed charges,78% of Billed Charges. Lesser of 100% of billed charges applies.; No services were performed during the 15 month look back period.,,78,,,,,0,percent of total billed charges,78% of Billed Charges. Lesser of 100% of billed charges applies.; No services were performed during the 15 month look back period.,,78,,,,,0,percent of total billed charges,78% of Billed Charges. Lesser of 100% of billed charges applies.; No services were performed during the 15 month look back period.,,78,,,,,0,percent of total billed charges,78% of Billed Charges. Lesser of 100% of billed charges applies.; No services were performed during the 15 month look back period.,,78,,,,,0,percent of total billed charges,78% of Billed Charges. Lesser of 100% of billed charges applies.; No services were performed during the 15 month look back period.,,78,,,,,0,percent of total billed charges,78% of Billed Charges. Lesser of 100% of billed charges applies.; No services were performed during the 15 month look back period.,,78,,,,,0,percent of total billed charges,78% of Billed Charges. Lesser of 100% of billed charges applies.; No services were performed during the 15 month look back period.,,78,,,,,0,percent of total billed charges,78% of Billed Charges. Lesser of 100% of billed charges applies.; No services were performed during the 15 month look back period.,,78,,,,,0,percent of total billed charges,78% of Billed Charges. Lesser of 100% of billed charges applies.; No services were performed during the 15 month look back period.,,78,,,,,0,percent of total billed charges,78% of Billed Charges. Lesser of 100% of billed charges applies.; No services were performed during the 15 month look back period.,8427,,,,,,,Case Rate,". Primary procedure pays at 100%, all subsequent at 50%.",8427,,,,,,,Case Rate,". Primary procedure pays at 100%, all subsequent at 50%.",8427,,,,,,,Case Rate,". Primary procedure pays at 100%, all subsequent at 50%.",8427,,,,,,,Case Rate,". Primary procedure pays at 100%, all subsequent at 50%.",12574,,,,,,,Case Rate,". Primary procedure pays at 100%, all subsequent at 50%.",12574,,,,,,,Case Rate,". Primary procedure pays at 100%, all subsequent at 50%.",6487,,,,,,,Case Rate,". MPL 100/50/25% maxmium of 3 procedures. All add ons apply, and lesser of 100% of billed charges",14557,,,,,,,Case Rate,". MPL 100/50/25% all add ons apply, and lesser of 100% of billed charges",16383.1,,,,,,,Case Rate,". MPL 100/50/25% all add ons apply, and lesser of 100% of billed charges",14557,,,,,,,Case Rate,". MPL 100/50/25% all add ons apply, and lesser of 100% of billed charges",,78,,,,,0,percent of total billed charges,78% of Billed Charges. Lesser of 100% of billed charges applies.; No services were performed during the 15 month look back period.,12574,,,,,,,Case Rate,". Primary procedure pays at 100%, all subsequent at 50%.",14557,,,,,,,Case Rate,". MPL 100/50/25% all add ons apply, and lesser of 100% of billed charges",16383.1,,,,,,,Case Rate,". MPL 100/50/25% all add ons apply, and lesser of 100% of billed charges",6487,,,,,,,Case Rate,". MPL 100/50/25% maxmium of 3 procedures. All add ons apply, and lesser of 100% of billed charges",,,,,,,,,"NA. ",,78,,,,,0,percent of total billed charges,78% of Billed Charges. Lesser of 100% of billed charges applies.; No services were performed during the 15 month look back period.,3623.08,,,,,,,Case Rate,"100 Percent of Medicaid APG. ",8427,,,,,,,Case Rate,". Primary procedure pays at 100%, all subsequent at 50%.",3623.08,,,,,,,Case Rate,"100 Percent of Medicaid APG. Not APG payable, or payable under another fee schedule like ASP/AWP pays at 30% of charges",4760.25,,,,,,,Case Rate,"100%Medicare OPPS FS. ",4760.25,,,,,,,Case Rate,"100% Medicare OPPS FS. ",25798,,,,,,,Case Rate,". MPL 100/75/50% all add ons apply, and lesser of 100% of billed charges",4760.25,,,,,,,Case Rate,"100% Medicare OPPS FS. ",4760.25,,,,,,,Case Rate,"100% Medicare OPPS FS. ",3623.08,,,,,,,Case Rate,"100 Percent of Medicaid APG. ",4760.25,,,,,,,Case Rate,"100% Medicare OPPS FS. ",4760.25,,,,,,,Case Rate,"100% Medicare OPPS FS. ",15563,,,,,,,Case Rate,". Primary procedure pays at 100%, secondary at 50%, all subsequent at 25%.  Lesser of applies when negotiated rates exceed charges less addons.",15563,,,,,,,Case Rate,". Primary procedure pays at 100%, secondary at 50%, all subsequent at 25%.  Lesser of applies when negotiated rates exceed charges less addons.",4760.25,,,,,,,Case Rate,"100% Medicare OPPS FS. ",6487,,,,,,,Case Rate,". MPL 100/50/25% maxmium of 3 procedures. All add ons apply, and lesser of 100% of billed charges",16383.1,,,,,,,Case Rate,". MPL 100/50/25% all add ons apply, and lesser of 100% of billed charges",16383.1,,,,,,,Case Rate,". MPL 100/50/25% all add ons apply, and lesser of 100% of billed charges",4760.25,,,,,,,Case Rate,"100% Medicare OPPS FS. ",6487,,,,,,,Case Rate,". MPL 100/50/25% maxmium of 3 procedures. All add ons apply, and lesser of 100% of billed charges",15563,,,,,,,Case Rate,". Primary procedure pays at 100%, secondary at 50%, all subsequent at 25%.  Lesser of applies when negotiated rates exceed charges less addons.",15563,,,,,,,Case Rate,". Primary procedure pays at 100%, secondary at 50%, all subsequent at 25%.  Lesser of applies when negotiated rates exceed charges less addons.",15563,,,,,,,Case Rate,". Primary procedure pays at 100%, secondary at 50%, all subsequent at 25%.  Lesser of applies when negotiated rates exceed charges less addons.",,78,,,,,0,percent of total billed charges,78% of Billed Charges. Lesser of 100% of billed charges applies.; No services were performed during the 15 month look back period.,,78,,,,,0,percent of total billed charges,78% of Billed Charges. Lesser of 100% of billed charges applies.; No services were performed during the 15 month look back period.,,78,,,,,0,percent of total billed charges,78% of Billed Charges. Lesser of 100% of billed charges applies.; No services were performed during the 15 month look back period.,,78,,,,,0,percent of total billed charges,78% of Billed Charges. Lesser of 100% of billed charges applies.; No services were performed during the 15 month look back period.,,78,,,,,0,percent of total billed charges,78% of Billed Charges. Lesser of 100% of billed charges applies.; No services were performed during the 15 month look back period.,,78,,,,,0,percent of total billed charges,78% of Billed Charges. Lesser of 100% of billed charges applies.; No services were performed during the 15 month look back period.,,78,,,,,0,percent of total billed charges,78% of Billed Charges. Lesser of 100% of billed charges applies.; No services were performed during the 15 month look back period.,,78,,,,,0,percent of total billed charges,78% of Billed Charges. Lesser of 100% of billed charges applies.; No services were performed during the 15 month look back period.,,78,,,,,0,percent of total billed charges,78% of Billed Charges. Lesser of 100% of billed charges applies.; No services were performed during the 15 month look back period.,,78,,,,,0,percent of total billed charges,78% of Billed Charges. Lesser of 100% of billed charges applies.; No services were performed during the 15 month look back period.,,78,,,,,0,percent of total billed charges,78% of Billed Charges. Lesser of 100% of billed charges applies.; No services were performed during the 15 month look back period.,12574,,,,,,,Case Rate,". Primary procedure pays at 100%, all subsequent at 50%.",14557,,,,,,,Case Rate,". MPL 100/50/25% all add ons apply, and lesser of 100% of billed charges",6487,,,,,,,Case Rate,". MPL 100/50/25% maxmium of 3 procedures. All add ons apply, and lesser of 100% of billed charges",4760.25,,,,,,,Case Rate,"100% Medicare OPPS FS. ",15563,,,,,,,Case Rate,". Primary procedure pays at 100%, secondary at 50%, all subsequent at 25%.  Lesser of applies when negotiated rates exceed charges less addons.",6487,,,,,,,Case Rate,". MPL 100/50/25% maxmium of 3 procedures. All add ons apply, and lesser of 100% of billed charges",6487,,,,,,,Case Rate,". MPL 100/50/25% maxmium of 3 procedures. All add ons apply, and lesser of 100% of billed charges",,78,,,,,0,percent of total billed charges,78% of Billed Charges. Lesser of 100% of billed charges applies.; No services were performed during the 15 month look back period.,7753.38,,,,,,,Case Rate,"214 Percent of Medicaid APG. Drugs not priced under APG, billed with revenue code 636 and not priced by Medicare ASP FeeSched will be reimbursed at 20% of charges.",6487,,,,,,,Case Rate,". MPL 100/50/25% maxmium of 3 procedures. All add ons apply, and lesser of 100% of billed charges",3623.08,,,,,,,Case Rate,"100 Percent of Medicaid APG. ",4760.25,,,,,,,Case Rate,"100% Medicare OPPS FS. ",4760.25,,,,,,,Case Rate,"100% Medicare OPPS FS. ",4760.25,,,,,,,Case Rate,"100% Medicare OPPS FS. ",4760.25,,,,,,,Case Rate,"100% Medicare OPPS FS. ",4760.25,,,,,,,Case Rate,"100% Medicare OPPS FS. ",4760.25,,,,,,,Case Rate,"100% Medicare OPPS FS. ",6487,,,,,,,Case Rate,". MPL 100/50/25% maxmium of 3 procedures. All add ons apply, and lesser of 100% of billed charges",25798,,,,,,,Case Rate,". MPL 100/75/50% all add ons apply, and lesser of 100% of billed charges",6521.54,,,,,,,Fee Schedule,"180 Percent of Medicaid APG. ",6521.54,,,,,,,Fee Schedule,"180 Percent of Medicaid APG. ",6521.54,,,,,,,Fee Schedule,"180 Percent of Medicaid APG. ",6521.54,,,,,,,Fee Schedule,"180 Percent of Medicaid APG. ",6521.54,,,,,,,Fee Schedule,"180 Percent of Medicaid APG. ",,,,,,,,,"NA. ",25798,,,,,,,Case Rate,". MPL 100/75/50% all add ons apply, and lesser of 100% of billed charges",9425.3,,,,,,,Case Rate,198 Percent of Medicare OPPS. Metroplus will reimburse unlisted codes and described codes with no Medicare rate at 50 percent of charges.,9425.3,,,,,,,Case Rate,198 Percent of Medicare OPPS. Metroplus will reimburse unlisted codes and described codes with no Medicare rate at 50 percent of charges.,9425.3,,,,,,,Case Rate,198 Percent of Medicare OPPS. Metroplus will reimburse unlisted codes and described codes with no Medicare rate at 50 percent of charges.,9425.3,,,,,,,Case Rate,198 Percent of Medicare OPPS. Metroplus will reimburse unlisted codes and described codes with no Medicare rate at 50 percent of charges.,9425.3,,,,,,,Case Rate,198 Percent of Medicare OPPS. Metroplus will reimburse unlisted codes and described codes with no Medicare rate at 50 percent of charges.,4760.25,,,,,,,Case Rate,"100% Medicare OPPS FS. ",12574,,,,,,,Case Rate,". Primary procedure pays at 100%, all subsequent at 50%.",12574,,,,,,,Case Rate,". Primary procedure pays at 100%, all subsequent at 50%.",12574,,,,,,,Case Rate,". Primary procedure pays at 100%, all subsequent at 50%.",12574,,,,,,,Case Rate,". Primary procedure pays at 100%, all subsequent at 50%.",15563,,,,,,,Case Rate,". Primary procedure pays at 100%, secondary at 50%, all subsequent at 25%.  Lesser of applies when negotiated rates exceed charges less addons.",15563,,,,,,,Case Rate,". Primary procedure pays at 100%, secondary at 50%, all subsequent at 25%.  Lesser of applies when negotiated rates exceed charges less addons.",15563,,,,,,,Case Rate,". Primary procedure pays at 100%, secondary at 50%, all subsequent at 25%.  Lesser of applies when negotiated rates exceed charges less addons.",15563,,,,,,,Case Rate,". Primary procedure pays at 100%, secondary at 50%, all subsequent at 25%.  Lesser of applies when negotiated rates exceed charges less addons.",25798,,,,,,,Case Rate,". MPL 100/75/50% all add ons apply, and lesser of 100% of billed charges",25798,,,,,,,Case Rate,". MPL 100/75/50% all add ons apply, and lesser of 100% of billed charges",4760.25,,,,,,,Case Rate,"100% Medicare OPPS FS. ",4760.25,,,,,,,Case Rate,"100% Medicare OPPS FS. ",4760.25,,,,,,,Case Rate,"100% Medicare OPPS FS. ",14557,,,,,,,Case Rate,". MPL 100/50/25% all add ons apply, and lesser of 100% of billed charges",14557,,,,,,,Case Rate,". MPL 100/50/25% all add ons apply, and lesser of 100% of billed charges",14557,,,,,,,Case Rate,". MPL 100/50/25% all add ons apply, and lesser of 100% of billed charges",25798,,,,,,,Case Rate,". MPL 100/75/50% all add ons apply, and lesser of 100% of billed charges",15563,,,,,,,Case Rate,". Primary procedure pays at 100%, secondary at 50%, all subsequent at 25%.  Lesser of applies when negotiated rates exceed charges less addons.",4760.25,,,,,,,Case Rate,"100% Medicare OPPS FS. ",14557,,,,,,,Case Rate,". MPL 100/50/25% all add ons apply, and lesser of 100% of billed charges",3623.08,,,,,,,Case Rate,"100 Percent of Medicaid APG. ",4855.46,,,,,,,Case Rate,"102% of Medicare OPPS. ",4855.46,,,,,,,Case Rate,"102% of Medicare OPPS. ",4855.46,,,,,,,Case Rate,"102% of Medicare OPPS. ",3623.08,,,,,,,Case rate,"100 Percent of Medicaid APG. ",8151.92,,,,,,,Case Rate,225% of NYS APG. Lesser of 100% of billed charges applies.,8151.92,,,,,,,Case Rate,225% of NYS APG. Lesser of 100% of billed charges applies.,8151.92,,,,,,,Case Rate,225% of NYS APG. Lesser of 100% of billed charges applies.,8151.92,,,,,,,Case Rate,225% of NYS APG. Lesser of 100% of billed charges applies.,8151.92,,,,,,,Case Rate,225% of NYS APG. Lesser of 100% of billed charges applies.,4855.46,,,,,,,Case Rate,"102% of Medicare OPPS. ",3623.08,,,,,,,Case Rate,"100 Percent of Medicaid APG. ",2017.68,,,,,,,Case Rate,100% of PAS. Lesser of 100% of billed charges applies.,8151.92,,,,,,,Case Rate,225% of NYS APG. Lesser of 100% of billed charges applies.,8151.92,,,,,,,Case Rate,225% of NYS APG. Lesser of 100% of billed charges applies.,2017.68,,,,,,,Case Rate,100% of PAS. Lesser of 100% of billed charges applies.,2017.68,,,,,,,Case Rate,100% of PAS. Lesser of 100% of billed charges applies.,6521.54,,,,,,,Fee Schedule,"180 Percent of Medicaid APG. ",4760.25,,,,,,,Case Rate,"100% Medicare OPPS FS. ",4760.25,,,,,,,Case Rate,"100% Medicare OPPS FS. ",15563,,,,,,,Case Rate,". Primary procedure pays at 100%, secondary at 50%, all subsequent at 25%.  Lesser of applies when negotiated rates exceed charges less addons.",4760.25,,,,,,,Case Rate,"100% Medicare OPPS FS. ",8151.92,,,,,,,Case Rate,"225 Percent of Medicaid APG. ",8151.92,,,,,,,Case Rate,"225 Percent of Medicaid APG. ",3623.08,,,,,,,Case rate,"100 Percent of Medicaid APG. ",3623.08,,,,,,,Case rate,"100 Percent of Medicaid APG. ",8151.92,,,,,,,Case Rate,225 Percent of Medicaid APG. Covered services not payable under Medicaid Fee Schedules default to a payment of 87.5 percent of charges.,3623.08,,,,,,,Case rate,124 Percent of Medicaid APG. Covered services not payable under Medicaid Fee Schedules default to a payment of 50 percent of charges.,8151.92,,,,,,,Case Rate,"100 Percent of Medicaid APG. ",8151.92,,,,,,,Case Rate,"100 Percent of Medicaid APG. ",8151.92,,,,,,,Case Rate,"100 Percent of Medicaid APG. ",8151.92,,,,,,,Case Rate,"100 Percent of Medicaid APG. ",13453,,,,,,,Case Rate,". MPL 100/75/50% all add ons apply, and lesser of 100% of billed charges",25798,,,,,,,Case Rate,". MPL 100/75/50% all add ons apply, and lesser of 100% of billed charges",4347.69,,,,,,,Case Rate,"120 Percent of Medicaid APG. Not APG payable, or payable under another fee schedule like ASP/AWP pays at 30% of charges",4347.69,,,,,,,Case Rate,"120 Percent of Medicaid APG. Not APG payable, or payable under another fee schedule like ASP/AWP pays at 30% of charges",3623.08,,,,,,,Case Rate,"100 Percent of Medicaid APG. Not APG payable, or payable under another fee schedule like ASP/AWP pays at 30% of charges",3623.08,,,,,,,Case Rate,"100 Percent of Medicaid APG. Not APG payable, or payable under another fee schedule like ASP/AWP pays at 30% of charges",14557,,,,,,,Case Rate,". MPL 100/50/25% all add ons apply, and lesser of 100% of billed charges",14557,,,,,,,Case Rate,". MPL 100/50/25% all add ons apply, and lesser of 100% of billed charges",4760.25,,,,,,,Case Rate,"100% Medicare OPPS FS. ",14557,,,,,,,Case Rate,". MPL 100/50/25% all add ons apply, and lesser of 100% of billed charges",14557,,,,,,,Case Rate,". MPL 100/50/25% all add ons apply, and lesser of 100% of billed charges",14557,,,,,,,Case Rate,". MPL 100/50/25% all add ons apply, and lesser of 100% of billed charges",14557,,,,,,,Case Rate,". MPL 100/50/25% all add ons apply, and lesser of 100% of billed charges",4760.25,,,,,,,Case Rate,"100% Medicare OPPS FS. ",14557,,,,,,,Case Rate,". MPL 100/50/25% all add ons apply, and lesser of 100% of billed charges",14557,,,,,,,Case Rate,". MPL 100/50/25% all add ons apply, and lesser of 100% of billed charges",15563,,,,,,,Case Rate,". Primary procedure pays at 100%, secondary at 50%, all subsequent at 25%.  Lesser of applies when negotiated rates exceed charges less addons.",3623.08,,,,,,,Fee Schedule,100% APG. Lesser of 100% of billed charges applies.,3623.08,,,,,,,Case rate,124 Percent of Medicaid APG. Covered services not payable under Medicaid Fee Schedules default to a payment of 50 percent of charges.,8151.92,,,,,,,Case Rate,225% of NYS APG. Lesser of 100% of billed charges applies.,8151.92,,,,,,,Case Rate,225 Percent of Medicaid APG. Covered services not payable under Medicaid Fee Schedules default to a payment of 87.5 percent of charges.,3623.08,,,,,,,Case rate,124 Percent of Medicaid APG. Covered services not payable under Medicaid Fee Schedules default to a payment of 50 percent of charges.,8151.92,,,,,,,Case Rate,225% of NYS APG. Lesser of 100% of billed charges applies.,8151.92,,,,,,,Case Rate,225% of NYS APG. Lesser of 100% of billed charges applies.,8151.92,,,,,,,Case Rate,225% of NYS APG. Lesser of 100% of billed charges applies.,8151.92,,,,,,,Case Rate,225% of NYS APG. Lesser of 100% of billed charges applies.,8151.92,,,,,,,Case Rate,225% of NYS APG. Lesser of 100% of billed charges applies.,8151.92,,,,,,,Case Rate,225% of NYS APG. Lesser of 100% of billed charges applies.,,,,,,,,,"NA. ",,,,,,,,,"NA. ",,,,,,,,,"NA. ",6487,,,,,,,Case Rate,". MPL 100/50/25% maxmium of 3 procedures. All add ons apply, and lesser of 100% of billed charges",,,,,,,,,"NA. ",4760.25,,,,,,,Case Rate,"100% Medicare OPPS FS. ",15878,,,,,,,Case Rate,". MPL 1st 100% of Payment Rate 50% of all others, all add ons apply, and lesser of 100% of billed charges.",4760.25,,,,,,,Case Rate,"100% Medicare OPPS FS. ",4760.25,,,,,,,Case Rate,"100% Medicare OPPS FS. ",4347.69,,,,,,,Case Rate,"120 Percent of Medicaid APG. Not APG payable, or payable under another fee schedule like ASP/AWP pays at 30% of charges",4347.69,,,,,,,Case Rate,"120 Percent of Medicaid APG. Not APG payable, or payable under another fee schedule like ASP/AWP pays at 30% of charges",3623.08,,,,,,,Case Rate,"100 Percent of Medicaid APG. Not APG payable, or payable under another fee schedule like ASP/AWP pays at 30% of charges",3623.08,,,,,,,Case Rate,"100 Percent of Medicaid APG. Not APG payable, or payable under another fee schedule like ASP/AWP pays at 30% of charges",3623.08,,,,,,,Case Rate,"100 Percent of Medicaid APG. ",7163,,,,,,,Case Rate,". ",15563,,,,,,,Case Rate,". Primary procedure pays at 100%, secondary at 50%, all subsequent at 25%.  Lesser of applies when negotiated rates exceed charges less addons.",8427,,,,,,,Case Rate,". Primary procedure pays at 100%, all subsequent at 50%.",6487,,,,,,,Case Rate,". MPL 100/50/25% maxmium of 3 procedures. All add ons apply, and lesser of 100% of billed charges",4760.25,,,,,,,Case Rate,"100%Medicare OPPS FS. ",4760.25,,,,,,,Case Rate,"100% Medicare OPPS FS. ",4760.25,,,,,,,Case Rate,"100% Medicare OPPS FS. ",4760.25,,,,,,,Case Rate,"100% Medicare OPPS FS. ",4760.25,,,,,,,Case Rate,"100%Medicare OPPS FS. ",4760.25,,,,,,,Case Rate,"100% Medicare OPPS FS. ",,,,,,,,,"NA. ",8151.92,,,,,,,Case Rate,225% of NYS APG. Lesser of 100% of billed charges applies.,2017.68,,,,,,,Case Rate,100% of PAS. Lesser of 100% of billed charges applies.,14557,,,,,,,Case Rate,". MPL 100/50/25% all add ons apply, and lesser of 100% of billed charges",7163,,,,,,,Case Rate,". ",7163,,,,,,,Case Rate,". ",7163,,,,,,,Case Rate,". ",7163,,,,,,,Case Rate,". ",4760.25,,,,,,,Case Rate,"100% Medicare OPPS FS. ",3623.08,,,,,,,Case Rate,"100 Percent of Medicaid APG. ",14557,,,,,,,Case Rate,". MPL 100/50/25% all add ons apply, and lesser of 100% of billed charges",3623.08,,,,,,,Case Rate,"100 Percent of Medicaid APG. ",4760.25,,,,,,,Case Rate,"100% Medicare OPPS FS. ",3623.08,,,,,,,Case Rate,"100 Percent of Medicaid APG. ",4760.25,,,,,,,Case Rate,"100% Medicare OPPS FS. ",4760.25,,,,,,,Case Rate,"100% Medicare OPPS FS. ",3623.08,,,,,,,Case Rate,"100 Percent of Medicaid APG. ",3623.08,,,,,,,Case Rate,"100 Percent of Medicaid APG. ",7163,,,,,,,Case Rate,". ",6487,,,,,,,Case Rate,". MPL 100/50/25% maxmium of 3 procedures. All add ons apply, and lesser of 100% of billed charges",,78,,,,,0,percent of total billed charges,78% of Billed Charges. Lesser of 100% of billed charges applies.; No services were performed during the 15 month look back period.,16383.1,,,,,,,Case Rate,". MPL 100/50/25% all add ons apply, and lesser of 100% of billed charges",16383.1,,,,,,,Case Rate,". MPL 100/50/25% all add ons apply, and lesser of 100% of billed charges",15563,,,,,,,Case Rate,". Primary procedure pays at 100%, secondary at 50%, all subsequent at 25%.  Lesser of applies when negotiated rates exceed charges less addons.",2011.03,,,,,,,Case Rate,"83% HF Fee schedule. ",12574,,,,,,,Case Rate,". Primary procedure pays at 100%, all subsequent at 50%.",12574,,,,,,,Case Rate,". Primary procedure pays at 100%, all subsequent at 50%.",11646,,,,,,,Case Rate,". MPL 100/50/25% all add ons apply, and lesser of 100% of billed charges",11646,,,,,,,Case Rate,". MPL 100/50/25% all add ons apply, and lesser of 100% of billed charges",4760.25,,,,,,,Case Rate,"100% Medicare OPPS FS. ",4760.25,,,,,,,Case Rate,"100% Medicare OPPS FS. ",4760.25,,,,,,,Case Rate,"100% Medicare OPPS FS. ",4760.25,,,,,,,Case Rate,"100% Medicare OPPS FS. ",16383.1,,,,,,,Case Rate,". MPL 100/50/25% all add ons apply, and lesser of 100% of billed charges",14557,,,,,,,Case Rate,". MPL 100/50/25% all add ons apply, and lesser of 100% of billed charges",14557,,,,,,,Case Rate,". MPL 100/50/25% all add ons apply, and lesser of 100% of billed charges",4760.25,,,,,,,Case Rate,"100% Medicare OPPS FS. ",11646,,,,,,,Case Rate,". MPL 100/50/25% all add ons apply, and lesser of 100% of billed charges",8427,,,,,,,Case Rate,". Primary procedure pays at 100%, all subsequent at 50%.",4347.69,,,,,,,Fee Schedule,"120 Percent of Medicaid APG. ",3623.08,,,,,,,Case Rate,"100 Percent of Medicaid APG. ",7163,,,,,,,Case Rate,". ",13101,,,,,,,Case Rate,". MPL 100/50/25% all add ons apply, and lesser of 100% of billed charges",13101,,,,,,,Case Rate,". MPL 100/50/25% all add ons apply, and lesser of 100% of billed charges",14557,,,,,,,Case Rate,". MPL 100/50/25% all add ons apply, and lesser of 100% of billed charges",14948,,,,,,,Case Rate,". MPL 100/75/50% all add ons apply, and lesser of 100% of billed charges",4760.25,,,,,,,Case Rate,"100%Medicare OPPS FS. ",3804.23,,,,,,,Fee Schedule,105 percent of Medicaid APG. otherwise 105% of Ordered NYS MCD FS or 105% of ASP+6%,3804.23,,,,,,,Fee Schedule,105 percent of Medicaid APG. otherwise 105% of Ordered NYS MCD FS or 105% of ASP+6%,3804.23,,,,,,,Fee Schedule,105 percent of Medicaid APG. otherwise 105% of Ordered NYS MCD FS or 105% of ASP+6%,4891.15,,,,,,,Fee Schedule,135 percent of Medicaid APG. otherwise 135% of Ordered NYS MCD FS or 135% of ASP+6%,16383.1,,,,,,,Case Rate,". MPL 100/50/25% all add ons apply, and lesser of 100% of billed charges",3804.23,,,,,,,Fee Schedule,105 percent of Medicaid APG. otherwise 105% of Ordered NYS MCD FS or 105% of ASP+6%,3804.23,,,,,,,Fee Schedule,105 percent of Medicaid APG. otherwise 105% of Ordered NYS MCD FS or 105% of ASP+6%,3804.23,,,,,,,Fee Schedule,105 percent of Medicaid APG. otherwise 105% of Ordered NYS MCD FS or 105% of ASP+6%,3804.23,,,,,,,Fee Schedule,105 percent of Medicaid APG. otherwise 105% of Ordered NYS MCD FS or 105% of ASP+6%,3804.23,,,,,,,Fee Schedule,105 percent of Medicaid APG. otherwise 105% of Ordered NYS MCD FS or 105% of ASP+6%,4891.15,,,,,,,Fee Schedule,135 percent of Medicaid APG. otherwise 135% of Ordered NYS MCD FS or 135% of ASP+6%,4891.15,,,,,,,Fee Schedule,135 percent of Medicaid APG. otherwise 135% of Ordered NYS MCD FS or 135% of ASP+6%,4760.25,,,,,,,Case Rate,"100% Medicare OPPS FS. ",16383.1,,,,,,,Case Rate,". MPL 100/50/25% all add ons apply, and lesser of 100% of billed charges",4760.25,,,,,,,Case Rate,"100% Medicare OPPS FS. ",3804.23,,,,,,,Fee Schedule,105 percent of Medicaid APG. otherwise 105% of Ordered NYS MCD FS or 105% of ASP+6%,14557,,,,,,,Case Rate,". MPL 100/50/25% all add ons apply, and lesser of 100% of billed charges",4760.25,,,,,,,Case Rate,"100% Medicare OPPS FS. ",14557,,,,,,,Case Rate,". MPL 100/50/25% all add ons apply, and lesser of 100% of billed charges",14557,,,,,,,Case Rate,". MPL 100/50/25% all add ons apply, and lesser of 100% of billed charges",14557,,,,,,,Case Rate,". MPL 100/50/25% all add ons apply, and lesser of 100% of billed charges",3804.23,,,,,,,Fee Schedule,105 percent of Medicaid APG. otherwise 105% of Ordered NYS MCD FS or 105% of ASP+6%,4760.25,,,,,,,Case Rate,"100% Medicare OPPS FS. ",14557,,,,,,,Case Rate,". MPL 100/50/25% all add ons apply, and lesser of 100% of billed charges",4891.15,,,,,,,Fee Schedule,135 percent of Medicaid APG. otherwise 135% of Ordered NYS MCD FS or 135% of ASP+6%,14557,,,,,,,Case Rate,". MPL 100/50/25% all add ons apply, and lesser of 100% of billed charges",,200,,9308.36,9308.36,9308.36,1 through 10,Case Rate,"200% of Medicare OPPS. ",4760.25,,,,,,,Case Rate,"100%Medicare OPPS FS. ",7163,,,,,,,Case Rate,". ",7163,,,,,,,Case Rate,". ",7163,,,,,,,Case Rate,". ",7163,,,,,,,Case Rate,". ",7163,,,,,,,Case Rate,". ",8427,,,,,,,Case Rate,". Primary procedure pays at 100%, all subsequent at 50%.",8427,,,,,,,Case Rate,". Primary procedure pays at 100%, all subsequent at 50%.",7163,,,,,,,Case Rate,". ",7163,,,,,,,Case Rate,". ",7163,,,,,,,Case Rate,". ",7163,,,,,,,Case Rate,". ",7163,,,,,,,Case Rate,". ",4760.25,,,,,,,Case Rate,"100% Medicare OPPS FS. ",8427,,,,,,,Case Rate,". Primary procedure pays at 100%, all subsequent at 50%.",4760.25,,,,,,,Case Rate,"100% Medicare OPPS FS. ",8151.92,,,,,,,Case Rate,"225 Percent of Medicaid APG. If not included in Medicaid APG, then 100 Percent of Manhattan Medicare",3623.08,,,,,,,Case Rate,"100 Percent of Medicaid APG. ",16383.1,,,,,,,Case Rate,". MPL 100/50/25% all add ons apply, and lesser of 100% of billed charges",16383.1,,,,,,,Case Rate,". MPL 100/50/25% all add ons apply, and lesser of 100% of billed charges",4760.25,,,,,,,Case Rate,"100% Medicare OPPS FS. ",12574,,,,,,,Case Rate,". Primary procedure pays at 100%, all subsequent at 50%.",4760.25,,,,,,,Case Rate,"100% Medicare OPPS FS. ",4760.25,,,,,,,Case Rate,"100% Medicare OPPS FS. ",15563,,,,,,,Case Rate,". Primary procedure pays at 100%, secondary at 50%, all subsequent at 25%.  Lesser of applies when negotiated rates exceed charges less addons.",4760.25,,,,,,,Case Rate,"100% Medicare OPPS FS. ",6487,,,,,,,Case Rate,". MPL 100/50/25% maxmium of 3 procedures. All add ons apply, and lesser of 100% of billed charges",4760.25,,,,,,,Case Rate,"100% Medicare OPPS FS. ",6487,,,,,,,Case Rate,". MPL 100/50/25% maxmium of 3 procedures. All add ons apply, and lesser of 100% of billed charges",15563,,,,,,,Case Rate,". Primary procedure pays at 100%, secondary at 50%, all subsequent at 25%.  Lesser of applies when negotiated rates exceed charges less addons.",6487,,,,,,,Case Rate,". MPL 100/50/25% maxmium of 3 procedures. All add ons apply, and lesser of 100% of billed charges",4760.25,,,,,,,Case Rate,"100% Medicare OPPS FS. ",3623.08,,,,,,,Case Rate,"100 Percent of Medicaid APG. ",4760.25,,,,,,,Case Rate,"100% Medicare OPPS FS. ",6487,,,,,,,Case Rate,". MPL 100/50/25% maxmium of 3 procedures. All add ons apply, and lesser of 100% of billed charges",16383.1,,,,,,,Case Rate,". MPL 100/50/25% all add ons apply, and lesser of 100% of billed charges",3623.08,,,,,,,Case Rate,"100 Percent of Medicaid APG. ",14557,,,,,,,Case Rate,". MPL 100/50/25% all add ons apply, and lesser of 100% of billed charges",4347.69,,,,,,,Fee Schedule,"120 Percent of Medicaid APG. ",4347.69,,,,,,,Fee Schedule,"120 Percent of Medicaid APG. ",14557,,,,,,,Case Rate,". MPL 100/50/25% all add ons apply, and lesser of 100% of billed charges",14557,,,,,,,Case Rate,". MPL 100/50/25% all add ons apply, and lesser of 100% of billed charges",14557,,,,,,,Case Rate,". MPL 100/50/25% all add ons apply, and lesser of 100% of billed charges",16383.1,,,,,,,Case Rate,". MPL 100/50/25% all add ons apply, and lesser of 100% of billed charges",14557,,,,,,,Case Rate,". MPL 100/50/25% all add ons apply, and lesser of 100% of billed charges",14557,,,,,,,Case Rate,". MPL 100/50/25% all add ons apply, and lesser of 100% of billed charges",14557,,,,,,,Case Rate,". MPL 100/50/25% all add ons apply, and lesser of 100% of billed charges",7163,,,,,,,Case Rate,". ",7163,,,,,,,Case Rate,". ",9425.3,,,,,,,Case Rate,198 Percent of Medicare OPPS. Metroplus will reimburse unlisted codes and described codes with no Medicare rate at 50 percent of charges.,3623.08,,,,,,,Case Rate,"100 Percent of Medicaid APG. ",16383.1,,,,,,,Case Rate,". MPL 100/50/25% all add ons apply, and lesser of 100% of billed charges",6487,,,,,,,Case Rate,". MPL 100/50/25% maxmium of 3 procedures. All add ons apply, and lesser of 100% of billed charges",15563,,,,,,,Case Rate,". Primary procedure pays at 100%, secondary at 50%, all subsequent at 25%.  Lesser of applies when negotiated rates exceed charges less addons.",16383.1,,,,,,,Case Rate,". MPL 100/50/25% all add ons apply, and lesser of 100% of billed charges",15563,,,,,,,Case Rate,". Primary procedure pays at 100%, secondary at 50%, all subsequent at 25%.  Lesser of applies when negotiated rates exceed charges less addons.",16383.1,,,,,,,Case Rate,". MPL 100/50/25% all add ons apply, and lesser of 100% of billed charges",14557,,,,,,,Case Rate,". MPL 100/50/25% all add ons apply, and lesser of 100% of billed charges",14557,,,,,,,Case Rate,". MPL 100/50/25% all add ons apply, and lesser of 100% of billed charges",14557,,,,,,,Case Rate,". MPL 100/50/25% all add ons apply, and lesser of 100% of billed charges",14557,,,,,,,Case Rate,". MPL 100/50/25% all add ons apply, and lesser of 100% of billed charges",4760.25,,,,,,,Case Rate,"100% Medicare OPPS FS. ",2011.03,25798,
67108,CPT,,,490,RC,REPAIR DETACHED RETINA,,,both,,,,15878,,,,,,,Case Rate,". MPL 1st 100% of Payment Rate 50% of all others, all add ons apply, and lesser of 100% of billed charges.",15878,,,,,,,Case Rate,". MPL 1st 100% of Payment Rate 50% of all others, all add ons apply, and lesser of 100% of billed charges.",15563,,,,,,,Case Rate,". Primary procedure pays at 100%, secondary at 50%, all subsequent at 25%.  Lesser of applies when negotiated rates exceed charges less addons.",,100,,,,,0,percent of total billed charges,100 percent of billed charges. ; No services were performed during the 15 month look back period.,4760.25,,,,,,,Case Rate,"100% Medicare OPPS FS. ",15563,,,,,,,Case Rate,". Primary procedure pays at 100%, secondary at 50%, all subsequent at 25%.  Lesser of applies when negotiated rates exceed charges less addons.",15563,,,,,,,Case Rate,". Primary procedure pays at 100%, secondary at 50%, all subsequent at 25%.  Lesser of applies when negotiated rates exceed charges less addons.",15563,,,,,,,Case Rate,". Primary procedure pays at 100%, secondary at 50%, all subsequent at 25%.  Lesser of applies when negotiated rates exceed charges less addons.",4347.69,,,,,,,Case Rate,"100 Percent of Medicaid APG. ",3623.08,,,,,,,Case Rate,"100 Percent of Medicaid APG. ",,78,,,,,0,percent of total billed charges,78% of Billed Charges. Lesser of 100% of billed charges applies.; No services were performed during the 15 month look back period.,16383.1,,,,,,,Case Rate,". MPL 100/50/25% all add ons apply, and lesser of 100% of billed charges",3623.08,,,,,,,Case Rate,"100 Percent of Medicaid APG. ",4760.25,,,,,,,Case Rate,"100% Medicare OPPS FS. ",6487,,,,,,,Case Rate,". MPL 100/50/25% maxmium of 3 procedures. All add ons apply, and lesser of 100% of billed charges",6487,,,,,,,Case Rate,". MPL 100/50/25% maxmium of 3 procedures. All add ons apply, and lesser of 100% of billed charges",6487,,,,,,,Case Rate,". MPL 100/50/25% maxmium of 3 procedures. All add ons apply, and lesser of 100% of billed charges",6487,,,,,,,Case Rate,". MPL 100/50/25% maxmium of 3 procedures. All add ons apply, and lesser of 100% of billed charges",3623.08,,,,,,,Case rate,124 Percent of Medicaid APG. Covered services not payable under Medicaid Fee Schedules default to a payment of 50 percent of charges.,4760.25,,,,,,,Case Rate,"100% Medicare OPPS FS. ",3623.08,,,,,,,Case rate,124 Percent of Medicaid APG. Covered services not payable under Medicaid Fee Schedules default to a payment of 50 percent of charges.,,78,,,,,0,percent of total billed charges,78% of Billed Charges. Lesser of 100% of billed charges applies.; No services were performed during the 15 month look back period.,15563,,,,,,,Case Rate,". Primary procedure pays at 100%, secondary at 50%, all subsequent at 25%.  Lesser of applies when negotiated rates exceed charges less addons.",4760.25,,,,,,,Case Rate,"100%Medicare OPPS FS. ",8427,,,,,,,Case Rate,". Primary procedure pays at 100%, all subsequent at 50%.",4760.25,,,,,,,Case Rate,"100%Medicare OPPS FS. ",4760.25,,,,,,,Case Rate,"100%Medicare OPPS FS. ",,78,,,,,0,percent of total billed charges,78% of Billed Charges. Lesser of 100% of billed charges applies.; No services were performed during the 15 month look back period.,2017.68,,,,,,,Case Rate,100% of PAS. Lesser of 100% of billed charges applies.,2017.68,,,,,,,Case Rate,100% of PAS. Lesser of 100% of billed charges applies.,3623.08,,,,,,,Case rate,"100 Percent of Medicaid APG. ",3623.08,,,,,,,Case rate,"100 Percent of Medicaid APG. ",8427,,,,,,,Case Rate,". Primary procedure pays at 100%, all subsequent at 50%.",8427,,,,,,,Case Rate,". Primary procedure pays at 100%, all subsequent at 50%.",3623.08,,,,,,,Case Rate,"100 Percent of Medicaid APG. Not APG payable, or payable under another fee schedule like ASP/AWP pays at 30% of charges",8427,,,,,,,Case Rate,". Primary procedure pays at 100%, all subsequent at 50%.",3623.08,,,,,,,Case Rate,"100 Percent of Medicaid APG. Not APG payable, or payable under another fee schedule like ASP/AWP pays at 30% of charges",4760.25,,,,,,,Case Rate,"100%Medicare OPPS FS. ",8427,,,,,,,Case Rate,". Primary procedure pays at 100%, all subsequent at 50%.",,78,,,,,0,percent of total billed charges,78% of Billed Charges. Lesser of 100% of billed charges applies.; No services were performed during the 15 month look back period.,3623.08,,,,,,,Case Rate,"100 Percent of Medicaid APG. ",3623.08,,,,,,,Case Rate,"100 Percent of Medicaid APG. ",,78,,,,,0,percent of total billed charges,78% of Billed Charges. Lesser of 100% of billed charges applies.; No services were performed during the 15 month look back period.,6487,,,,,,,Case Rate,". MPL 100/50/25% maxmium of 3 procedures. All add ons apply, and lesser of 100% of billed charges",14572,,,,,,,Case Rate,". MPL 100/50/25% all add ons apply, and lesser of 100% of billed charges",14572,,,,,,,Case Rate,". MPL 100/50/25% all add ons apply, and lesser of 100% of billed charges",,78,,,,,0,percent of total billed charges,78% of Billed Charges. Lesser of 100% of billed charges applies.; No services were performed during the 15 month look back period.,4760.25,,,,,,,Case Rate,"100% Medicare OPPS FS. ",16383.1,,,,,,,Case Rate,". MPL 100/50/25% all add ons apply, and lesser of 100% of billed charges",16383.1,,,,,,,Case Rate,". MPL 100/50/25% all add ons apply, and lesser of 100% of billed charges",16383.1,,,,,,,Case Rate,". MPL 100/50/25% all add ons apply, and lesser of 100% of billed charges",4760.25,,,,,,,Case Rate,"100% Medicare OPPS FS. ",16383.1,,,,,,,Case Rate,". MPL 100/50/25% all add ons apply, and lesser of 100% of billed charges",16383.1,,,,,,,Case Rate,". MPL 100/50/25% all add ons apply, and lesser of 100% of billed charges",4760.25,,,,,,,Case Rate,"100% of Medicare OPPS. ",25798,,,,,,,Case Rate,". MPL 100/75/50% all add ons apply, and lesser of 100% of billed charges",14557,,,,,,,Case Rate,". MPL 100/50/25% all add ons apply, and lesser of 100% of billed charges",14557,,,,,,,Case Rate,". MPL 100/50/25% all add ons apply, and lesser of 100% of billed charges",14557,,,,,,,Case Rate,". MPL 100/50/25% all add ons apply, and lesser of 100% of billed charges",14557,,,,,,,Case Rate,". MPL 100/50/25% all add ons apply, and lesser of 100% of billed charges",14557,,,,,,,Case Rate,". MPL 100/50/25% all add ons apply, and lesser of 100% of billed charges",14557,,,,,,,Case Rate,". MPL 100/50/25% all add ons apply, and lesser of 100% of billed charges",4760.25,,,,,,,Case Rate,"100% Medicare OPPS FS. ",4760.25,,,,,,,Case Rate,"100% Medicare OPPS FS. ",14557,,,,,,,Case Rate,". MPL 100/50/25% all add ons apply, and lesser of 100% of billed charges",,78,,,,,0,percent of total billed charges,78% of Billed Charges. Lesser of 100% of billed charges applies.; No services were performed during the 15 month look back period.,,78,,,,,0,percent of total billed charges,78% of Billed Charges. Lesser of 100% of billed charges applies.; No services were performed during the 15 month look back period.,,78,,,,,0,percent of total billed charges,78% of Billed Charges. Lesser of 100% of billed charges applies.; No services were performed during the 15 month look back period.,,78,,,,,0,percent of total billed charges,78% of Billed Charges. Lesser of 100% of billed charges applies.; No services were performed during the 15 month look back period.,,78,,,,,0,percent of total billed charges,78% of Billed Charges. Lesser of 100% of billed charges applies.; No services were performed during the 15 month look back period.,,78,,,,,0,percent of total billed charges,78% of Billed Charges. Lesser of 100% of billed charges applies.; No services were performed during the 15 month look back period.,,78,,,,,0,percent of total billed charges,78% of Billed Charges. Lesser of 100% of billed charges applies.; No services were performed during the 15 month look back period.,,78,,,,,0,percent of total billed charges,78% of Billed Charges. Lesser of 100% of billed charges applies.; No services were performed during the 15 month look back period.,,78,,,,,0,percent of total billed charges,78% of Billed Charges. Lesser of 100% of billed charges applies.; No services were performed during the 15 month look back period.,,78,,,,,0,percent of total billed charges,78% of Billed Charges. Lesser of 100% of billed charges applies.; No services were performed during the 15 month look back period.,,78,,,,,0,percent of total billed charges,78% of Billed Charges. Lesser of 100% of billed charges applies.; No services were performed during the 15 month look back period.,,78,,,,,0,percent of total billed charges,78% of Billed Charges. Lesser of 100% of billed charges applies.; No services were performed during the 15 month look back period.,,78,,,,,0,percent of total billed charges,78% of Billed Charges. Lesser of 100% of billed charges applies.; No services were performed during the 15 month look back period.,,78,,,,,0,percent of total billed charges,78% of Billed Charges. Lesser of 100% of billed charges applies.; No services were performed during the 15 month look back period.,,78,,,,,0,percent of total billed charges,78% of Billed Charges. Lesser of 100% of billed charges applies.; No services were performed during the 15 month look back period.,,78,,,,,0,percent of total billed charges,78% of Billed Charges. Lesser of 100% of billed charges applies.; No services were performed during the 15 month look back period.,,78,,,,,0,percent of total billed charges,78% of Billed Charges. Lesser of 100% of billed charges applies.; No services were performed during the 15 month look back period.,,78,,,,,0,percent of total billed charges,78% of Billed Charges. Lesser of 100% of billed charges applies.; No services were performed during the 15 month look back period.,,78,,,,,0,percent of total billed charges,78% of Billed Charges. Lesser of 100% of billed charges applies.; No services were performed during the 15 month look back period.,,78,,,,,0,percent of total billed charges,78% of Billed Charges. Lesser of 100% of billed charges applies.; No services were performed during the 15 month look back period.,,78,,,,,0,percent of total billed charges,78% of Billed Charges. Lesser of 100% of billed charges applies.; No services were performed during the 15 month look back period.,,78,,,,,0,percent of total billed charges,78% of Billed Charges. Lesser of 100% of billed charges applies.; No services were performed during the 15 month look back period.,,78,,,,,0,percent of total billed charges,78% of Billed Charges. Lesser of 100% of billed charges applies.; No services were performed during the 15 month look back period.,,78,,,,,0,percent of total billed charges,78% of Billed Charges. Lesser of 100% of billed charges applies.; No services were performed during the 15 month look back period.,,78,,,,,0,percent of total billed charges,78% of Billed Charges. Lesser of 100% of billed charges applies.; No services were performed during the 15 month look back period.,,78,,,,,0,percent of total billed charges,78% of Billed Charges. Lesser of 100% of billed charges applies.; No services were performed during the 15 month look back period.,8427,,,,,,,Case Rate,". Primary procedure pays at 100%, all subsequent at 50%.",8427,,,,,,,Case Rate,". Primary procedure pays at 100%, all subsequent at 50%.",8427,,,,,,,Case Rate,". Primary procedure pays at 100%, all subsequent at 50%.",8427,,,,,,,Case Rate,". Primary procedure pays at 100%, all subsequent at 50%.",12574,,,,,,,Case Rate,". Primary procedure pays at 100%, all subsequent at 50%.",12574,,,,,,,Case Rate,". Primary procedure pays at 100%, all subsequent at 50%.",6487,,,,,,,Case Rate,". MPL 100/50/25% maxmium of 3 procedures. All add ons apply, and lesser of 100% of billed charges",14557,,,,,,,Case Rate,". MPL 100/50/25% all add ons apply, and lesser of 100% of billed charges",16383.1,,,,,,,Case Rate,". MPL 100/50/25% all add ons apply, and lesser of 100% of billed charges",14557,,,,,,,Case Rate,". MPL 100/50/25% all add ons apply, and lesser of 100% of billed charges",,78,,,,,0,percent of total billed charges,78% of Billed Charges. Lesser of 100% of billed charges applies.; No services were performed during the 15 month look back period.,12574,,,,,,,Case Rate,". Primary procedure pays at 100%, all subsequent at 50%.",14557,,,,,,,Case Rate,". MPL 100/50/25% all add ons apply, and lesser of 100% of billed charges",16383.1,,,,,,,Case Rate,". MPL 100/50/25% all add ons apply, and lesser of 100% of billed charges",6487,,,,,,,Case Rate,". MPL 100/50/25% maxmium of 3 procedures. All add ons apply, and lesser of 100% of billed charges",,,,,,,,,"NA. ",,78,,,,,0,percent of total billed charges,78% of Billed Charges. Lesser of 100% of billed charges applies.; No services were performed during the 15 month look back period.,3623.08,,,,,,,Case Rate,"100 Percent of Medicaid APG. ",8427,,,,,,,Case Rate,". Primary procedure pays at 100%, all subsequent at 50%.",3623.08,,,,,,,Case Rate,"100 Percent of Medicaid APG. Not APG payable, or payable under another fee schedule like ASP/AWP pays at 30% of charges",4760.25,,,,,,,Case Rate,"100%Medicare OPPS FS. ",4760.25,,,,,,,Case Rate,"100% Medicare OPPS FS. ",25798,,,,,,,Case Rate,". MPL 100/75/50% all add ons apply, and lesser of 100% of billed charges",4760.25,,,,,,,Case Rate,"100% Medicare OPPS FS. ",4760.25,,,,,,,Case Rate,"100% Medicare OPPS FS. ",3623.08,,,,,,,Case Rate,"100 Percent of Medicaid APG. ",4760.25,,,,,,,Case Rate,"100% Medicare OPPS FS. ",4760.25,,,,,,,Case Rate,"100% Medicare OPPS FS. ",15563,,,,,,,Case Rate,". Primary procedure pays at 100%, secondary at 50%, all subsequent at 25%.  Lesser of applies when negotiated rates exceed charges less addons.",15563,,,,,,,Case Rate,". Primary procedure pays at 100%, secondary at 50%, all subsequent at 25%.  Lesser of applies when negotiated rates exceed charges less addons.",4760.25,,,,,,,Case Rate,"100% Medicare OPPS FS. ",6487,,,,,,,Case Rate,". MPL 100/50/25% maxmium of 3 procedures. All add ons apply, and lesser of 100% of billed charges",16383.1,,,,,,,Case Rate,". MPL 100/50/25% all add ons apply, and lesser of 100% of billed charges",16383.1,,,,,,,Case Rate,". MPL 100/50/25% all add ons apply, and lesser of 100% of billed charges",4760.25,,,,,,,Case Rate,"100% Medicare OPPS FS. ",6487,,,,,,,Case Rate,". MPL 100/50/25% maxmium of 3 procedures. All add ons apply, and lesser of 100% of billed charges",15563,,,,,,,Case Rate,". Primary procedure pays at 100%, secondary at 50%, all subsequent at 25%.  Lesser of applies when negotiated rates exceed charges less addons.",15563,,,,,,,Case Rate,". Primary procedure pays at 100%, secondary at 50%, all subsequent at 25%.  Lesser of applies when negotiated rates exceed charges less addons.",15563,,,,,,,Case Rate,". Primary procedure pays at 100%, secondary at 50%, all subsequent at 25%.  Lesser of applies when negotiated rates exceed charges less addons.",,78,,,,,0,percent of total billed charges,78% of Billed Charges. Lesser of 100% of billed charges applies.; No services were performed during the 15 month look back period.,,78,,,,,0,percent of total billed charges,78% of Billed Charges. Lesser of 100% of billed charges applies.; No services were performed during the 15 month look back period.,,78,,,,,0,percent of total billed charges,78% of Billed Charges. Lesser of 100% of billed charges applies.; No services were performed during the 15 month look back period.,,78,,,,,0,percent of total billed charges,78% of Billed Charges. Lesser of 100% of billed charges applies.; No services were performed during the 15 month look back period.,,78,,,,,0,percent of total billed charges,78% of Billed Charges. Lesser of 100% of billed charges applies.; No services were performed during the 15 month look back period.,,78,,,,,0,percent of total billed charges,78% of Billed Charges. Lesser of 100% of billed charges applies.; No services were performed during the 15 month look back period.,,78,,,,,0,percent of total billed charges,78% of Billed Charges. Lesser of 100% of billed charges applies.; No services were performed during the 15 month look back period.,,78,,,,,0,percent of total billed charges,78% of Billed Charges. Lesser of 100% of billed charges applies.; No services were performed during the 15 month look back period.,,78,,,,,0,percent of total billed charges,78% of Billed Charges. Lesser of 100% of billed charges applies.; No services were performed during the 15 month look back period.,,78,,,,,0,percent of total billed charges,78% of Billed Charges. Lesser of 100% of billed charges applies.; No services were performed during the 15 month look back period.,,78,,,,,0,percent of total billed charges,78% of Billed Charges. Lesser of 100% of billed charges applies.; No services were performed during the 15 month look back period.,12574,,,,,,,Case Rate,". Primary procedure pays at 100%, all subsequent at 50%.",14557,,,,,,,Case Rate,". MPL 100/50/25% all add ons apply, and lesser of 100% of billed charges",6487,,,,,,,Case Rate,". MPL 100/50/25% maxmium of 3 procedures. All add ons apply, and lesser of 100% of billed charges",4760.25,,,,,,,Case Rate,"100% Medicare OPPS FS. ",15563,,,,,,,Case Rate,". Primary procedure pays at 100%, secondary at 50%, all subsequent at 25%.  Lesser of applies when negotiated rates exceed charges less addons.",6487,,,,,,,Case Rate,". MPL 100/50/25% maxmium of 3 procedures. All add ons apply, and lesser of 100% of billed charges",6487,,,,,,,Case Rate,". MPL 100/50/25% maxmium of 3 procedures. All add ons apply, and lesser of 100% of billed charges",,78,,,,,0,percent of total billed charges,78% of Billed Charges. Lesser of 100% of billed charges applies.; No services were performed during the 15 month look back period.,7753.38,,,,,,,Case Rate,"214 Percent of Medicaid APG. Drugs not priced under APG, billed with revenue code 636 and not priced by Medicare ASP FeeSched will be reimbursed at 20% of charges.",6487,,,,,,,Case Rate,". MPL 100/50/25% maxmium of 3 procedures. All add ons apply, and lesser of 100% of billed charges",3623.08,,,,,,,Case Rate,"100 Percent of Medicaid APG. ",4760.25,,,,,,,Case Rate,"100% Medicare OPPS FS. ",4760.25,,,,,,,Case Rate,"100% Medicare OPPS FS. ",4760.25,,,,,,,Case Rate,"100% Medicare OPPS FS. ",4760.25,,,,,,,Case Rate,"100% Medicare OPPS FS. ",4760.25,,,,,,,Case Rate,"100% Medicare OPPS FS. ",4760.25,,,,,,,Case Rate,"100% Medicare OPPS FS. ",6487,,,,,,,Case Rate,". MPL 100/50/25% maxmium of 3 procedures. All add ons apply, and lesser of 100% of billed charges",25798,,,,,,,Case Rate,". MPL 100/75/50% all add ons apply, and lesser of 100% of billed charges",6521.54,,,,,,,Fee Schedule,"180 Percent of Medicaid APG. ",6521.54,,,,,,,Fee Schedule,"180 Percent of Medicaid APG. ",6521.54,,,,,,,Fee Schedule,"180 Percent of Medicaid APG. ",6521.54,,,,,,,Fee Schedule,"180 Percent of Medicaid APG. ",6521.54,,,,,,,Fee Schedule,"180 Percent of Medicaid APG. ",,,,,,,,,"NA. ",25798,,,,,,,Case Rate,". MPL 100/75/50% all add ons apply, and lesser of 100% of billed charges",9425.3,,,,,,,Case Rate,198 Percent of Medicare OPPS. Metroplus will reimburse unlisted codes and described codes with no Medicare rate at 50 percent of charges.,9425.3,,,,,,,Case Rate,198 Percent of Medicare OPPS. Metroplus will reimburse unlisted codes and described codes with no Medicare rate at 50 percent of charges.,9425.3,,,,,,,Case Rate,198 Percent of Medicare OPPS. Metroplus will reimburse unlisted codes and described codes with no Medicare rate at 50 percent of charges.,9425.3,,,,,,,Case Rate,198 Percent of Medicare OPPS. Metroplus will reimburse unlisted codes and described codes with no Medicare rate at 50 percent of charges.,9425.3,,,,,,,Case Rate,198 Percent of Medicare OPPS. Metroplus will reimburse unlisted codes and described codes with no Medicare rate at 50 percent of charges.,4760.25,,,,,,,Case Rate,"100% Medicare OPPS FS. ",12574,,,,,,,Case Rate,". Primary procedure pays at 100%, all subsequent at 50%.",12574,,,,,,,Case Rate,". Primary procedure pays at 100%, all subsequent at 50%.",12574,,,,,,,Case Rate,". Primary procedure pays at 100%, all subsequent at 50%.",12574,,,,,,,Case Rate,". Primary procedure pays at 100%, all subsequent at 50%.",15563,,,,,,,Case Rate,". Primary procedure pays at 100%, secondary at 50%, all subsequent at 25%.  Lesser of applies when negotiated rates exceed charges less addons.",15563,,,,,,,Case Rate,". Primary procedure pays at 100%, secondary at 50%, all subsequent at 25%.  Lesser of applies when negotiated rates exceed charges less addons.",15563,,,,,,,Case Rate,". Primary procedure pays at 100%, secondary at 50%, all subsequent at 25%.  Lesser of applies when negotiated rates exceed charges less addons.",15563,,,,,,,Case Rate,". Primary procedure pays at 100%, secondary at 50%, all subsequent at 25%.  Lesser of applies when negotiated rates exceed charges less addons.",25798,,,,,,,Case Rate,". MPL 100/75/50% all add ons apply, and lesser of 100% of billed charges",25798,,,,,,,Case Rate,". MPL 100/75/50% all add ons apply, and lesser of 100% of billed charges",4760.25,,,,,,,Case Rate,"100% Medicare OPPS FS. ",4760.25,,,,,,,Case Rate,"100% Medicare OPPS FS. ",4760.25,,,,,,,Case Rate,"100% Medicare OPPS FS. ",14557,,,,,,,Case Rate,". MPL 100/50/25% all add ons apply, and lesser of 100% of billed charges",14557,,,,,,,Case Rate,". MPL 100/50/25% all add ons apply, and lesser of 100% of billed charges",14557,,,,,,,Case Rate,". MPL 100/50/25% all add ons apply, and lesser of 100% of billed charges",25798,,,,,,,Case Rate,". MPL 100/75/50% all add ons apply, and lesser of 100% of billed charges",15563,,,,,,,Case Rate,". Primary procedure pays at 100%, secondary at 50%, all subsequent at 25%.  Lesser of applies when negotiated rates exceed charges less addons.",4760.25,,,,,,,Case Rate,"100% Medicare OPPS FS. ",14557,,,,,,,Case Rate,". MPL 100/50/25% all add ons apply, and lesser of 100% of billed charges",3623.08,,,,,,,Case Rate,"100 Percent of Medicaid APG. ",4855.46,,,,,,,Case Rate,"102% of Medicare OPPS. ",4855.46,,,,,,,Case Rate,"102% of Medicare OPPS. ",4855.46,,,,,,,Case Rate,"102% of Medicare OPPS. ",3623.08,,,,,,,Case rate,"100 Percent of Medicaid APG. ",8151.92,,,,,,,Case Rate,225% of NYS APG. Lesser of 100% of billed charges applies.,8151.92,,,,,,,Case Rate,225% of NYS APG. Lesser of 100% of billed charges applies.,8151.92,,,,,,,Case Rate,225% of NYS APG. Lesser of 100% of billed charges applies.,8151.92,,,,,,,Case Rate,225% of NYS APG. Lesser of 100% of billed charges applies.,8151.92,,,,,,,Case Rate,225% of NYS APG. Lesser of 100% of billed charges applies.,4855.46,,,,,,,Case Rate,"102% of Medicare OPPS. ",3623.08,,,,,,,Case Rate,"100 Percent of Medicaid APG. ",2017.68,,,,,,,Case Rate,100% of PAS. Lesser of 100% of billed charges applies.,8151.92,,,,,,,Case Rate,225% of NYS APG. Lesser of 100% of billed charges applies.,8151.92,,,,,,,Case Rate,225% of NYS APG. Lesser of 100% of billed charges applies.,2017.68,,,,,,,Case Rate,100% of PAS. Lesser of 100% of billed charges applies.,2017.68,,,,,,,Case Rate,100% of PAS. Lesser of 100% of billed charges applies.,6521.54,,,,,,,Fee Schedule,"180 Percent of Medicaid APG. ",4760.25,,,,,,,Case Rate,"100% Medicare OPPS FS. ",4760.25,,,,,,,Case Rate,"100% Medicare OPPS FS. ",15563,,,,,,,Case Rate,". Primary procedure pays at 100%, secondary at 50%, all subsequent at 25%.  Lesser of applies when negotiated rates exceed charges less addons.",4760.25,,,,,,,Case Rate,"100% Medicare OPPS FS. ",8151.92,,,,,,,Case Rate,"225 Percent of Medicaid APG. ",8151.92,,,,,,,Case Rate,"225 Percent of Medicaid APG. ",3623.08,,,,,,,Case rate,"100 Percent of Medicaid APG. ",3623.08,,,,,,,Case rate,"100 Percent of Medicaid APG. ",8151.92,,,,,,,Case Rate,225 Percent of Medicaid APG. Covered services not payable under Medicaid Fee Schedules default to a payment of 87.5 percent of charges.,3623.08,,,,,,,Case rate,124 Percent of Medicaid APG. Covered services not payable under Medicaid Fee Schedules default to a payment of 50 percent of charges.,8151.92,,,,,,,Case Rate,"100 Percent of Medicaid APG. ",8151.92,,,,,,,Case Rate,"100 Percent of Medicaid APG. ",8151.92,,,,,,,Case Rate,"100 Percent of Medicaid APG. ",8151.92,,,,,,,Case Rate,"100 Percent of Medicaid APG. ",13453,,,,,,,Case Rate,". MPL 100/75/50% all add ons apply, and lesser of 100% of billed charges",25798,,,,,,,Case Rate,". MPL 100/75/50% all add ons apply, and lesser of 100% of billed charges",4347.69,,,,,,,Case Rate,"120 Percent of Medicaid APG. Not APG payable, or payable under another fee schedule like ASP/AWP pays at 30% of charges",4347.69,,,,,,,Case Rate,"120 Percent of Medicaid APG. Not APG payable, or payable under another fee schedule like ASP/AWP pays at 30% of charges",3623.08,,,,,,,Case Rate,"100 Percent of Medicaid APG. Not APG payable, or payable under another fee schedule like ASP/AWP pays at 30% of charges",3623.08,,,,,,,Case Rate,"100 Percent of Medicaid APG. Not APG payable, or payable under another fee schedule like ASP/AWP pays at 30% of charges",14557,,,,,,,Case Rate,". MPL 100/50/25% all add ons apply, and lesser of 100% of billed charges",14557,,,,,,,Case Rate,". MPL 100/50/25% all add ons apply, and lesser of 100% of billed charges",4760.25,,,,,,,Case Rate,"100% Medicare OPPS FS. ",14557,,,,,,,Case Rate,". MPL 100/50/25% all add ons apply, and lesser of 100% of billed charges",14557,,,,,,,Case Rate,". MPL 100/50/25% all add ons apply, and lesser of 100% of billed charges",14557,,,,,,,Case Rate,". MPL 100/50/25% all add ons apply, and lesser of 100% of billed charges",14557,,,,,,,Case Rate,". MPL 100/50/25% all add ons apply, and lesser of 100% of billed charges",4760.25,,,,,,,Case Rate,"100% Medicare OPPS FS. ",14557,,,,,,,Case Rate,". MPL 100/50/25% all add ons apply, and lesser of 100% of billed charges",14557,,,,,,,Case Rate,". MPL 100/50/25% all add ons apply, and lesser of 100% of billed charges",15563,,,,,,,Case Rate,". Primary procedure pays at 100%, secondary at 50%, all subsequent at 25%.  Lesser of applies when negotiated rates exceed charges less addons.",3623.08,,,,,,,Fee Schedule,100% APG. Lesser of 100% of billed charges applies.,3623.08,,,,,,,Case rate,124 Percent of Medicaid APG. Covered services not payable under Medicaid Fee Schedules default to a payment of 50 percent of charges.,8151.92,,,,,,,Case Rate,225% of NYS APG. Lesser of 100% of billed charges applies.,8151.92,,,,,,,Case Rate,225 Percent of Medicaid APG. Covered services not payable under Medicaid Fee Schedules default to a payment of 87.5 percent of charges.,3623.08,,,,,,,Case rate,124 Percent of Medicaid APG. Covered services not payable under Medicaid Fee Schedules default to a payment of 50 percent of charges.,8151.92,,,,,,,Case Rate,225% of NYS APG. Lesser of 100% of billed charges applies.,8151.92,,,,,,,Case Rate,225% of NYS APG. Lesser of 100% of billed charges applies.,8151.92,,,,,,,Case Rate,225% of NYS APG. Lesser of 100% of billed charges applies.,8151.92,,,,,,,Case Rate,225% of NYS APG. Lesser of 100% of billed charges applies.,8151.92,,,,,,,Case Rate,225% of NYS APG. Lesser of 100% of billed charges applies.,8151.92,,,,,,,Case Rate,225% of NYS APG. Lesser of 100% of billed charges applies.,,,,,,,,,"NA. ",,,,,,,,,"NA. ",,,,,,,,,"NA. ",6487,,,,,,,Case Rate,". MPL 100/50/25% maxmium of 3 procedures. All add ons apply, and lesser of 100% of billed charges",,,,,,,,,"NA. ",4760.25,,,,,,,Case Rate,"100% Medicare OPPS FS. ",15878,,,,,,,Case Rate,". MPL 1st 100% of Payment Rate 50% of all others, all add ons apply, and lesser of 100% of billed charges.",4760.25,,,,,,,Case Rate,"100% Medicare OPPS FS. ",4760.25,,,,,,,Case Rate,"100% Medicare OPPS FS. ",4347.69,,,,,,,Case Rate,"120 Percent of Medicaid APG. Not APG payable, or payable under another fee schedule like ASP/AWP pays at 30% of charges",4347.69,,,,,,,Case Rate,"120 Percent of Medicaid APG. Not APG payable, or payable under another fee schedule like ASP/AWP pays at 30% of charges",3623.08,,,,,,,Case Rate,"100 Percent of Medicaid APG. Not APG payable, or payable under another fee schedule like ASP/AWP pays at 30% of charges",3623.08,,,,,,,Case Rate,"100 Percent of Medicaid APG. Not APG payable, or payable under another fee schedule like ASP/AWP pays at 30% of charges",3623.08,,,,,,,Case Rate,"100 Percent of Medicaid APG. ",7163,,,,,,,Case Rate,". ",15563,,,,,,,Case Rate,". Primary procedure pays at 100%, secondary at 50%, all subsequent at 25%.  Lesser of applies when negotiated rates exceed charges less addons.",8427,,,,,,,Case Rate,". Primary procedure pays at 100%, all subsequent at 50%.",6487,,,,,,,Case Rate,". MPL 100/50/25% maxmium of 3 procedures. All add ons apply, and lesser of 100% of billed charges",4760.25,,,,,,,Case Rate,"100%Medicare OPPS FS. ",4760.25,,,,,,,Case Rate,"100% Medicare OPPS FS. ",4760.25,,,,,,,Case Rate,"100% Medicare OPPS FS. ",4760.25,,,,,,,Case Rate,"100% Medicare OPPS FS. ",4760.25,,,,,,,Case Rate,"100%Medicare OPPS FS. ",4760.25,,,,,,,Case Rate,"100% Medicare OPPS FS. ",,,,,,,,,"NA. ",8151.92,,,,,,,Case Rate,225% of NYS APG. Lesser of 100% of billed charges applies.,2017.68,,,,,,,Case Rate,100% of PAS. Lesser of 100% of billed charges applies.,14557,,,,,,,Case Rate,". MPL 100/50/25% all add ons apply, and lesser of 100% of billed charges",7163,,,,,,,Case Rate,". ",7163,,,,,,,Case Rate,". ",7163,,,,,,,Case Rate,". ",7163,,,,,,,Case Rate,". ",4760.25,,,,,,,Case Rate,"100% Medicare OPPS FS. ",3623.08,,,,,,,Case Rate,"100 Percent of Medicaid APG. ",14557,,,,,,,Case Rate,". MPL 100/50/25% all add ons apply, and lesser of 100% of billed charges",3623.08,,,,,,,Case Rate,"100 Percent of Medicaid APG. ",4760.25,,,,,,,Case Rate,"100% Medicare OPPS FS. ",3623.08,,,,,,,Case Rate,"100 Percent of Medicaid APG. ",4760.25,,,,,,,Case Rate,"100% Medicare OPPS FS. ",4760.25,,,,,,,Case Rate,"100% Medicare OPPS FS. ",3623.08,,,,,,,Case Rate,"100 Percent of Medicaid APG. ",3623.08,,,,,,,Case Rate,"100 Percent of Medicaid APG. ",7163,,,,,,,Case Rate,". ",6487,,,,,,,Case Rate,". MPL 100/50/25% maxmium of 3 procedures. All add ons apply, and lesser of 100% of billed charges",,78,,,,,0,percent of total billed charges,78% of Billed Charges. Lesser of 100% of billed charges applies.; No services were performed during the 15 month look back period.,16383.1,,,,,,,Case Rate,". MPL 100/50/25% all add ons apply, and lesser of 100% of billed charges",16383.1,,,,,,,Case Rate,". MPL 100/50/25% all add ons apply, and lesser of 100% of billed charges",15563,,,,,,,Case Rate,". Primary procedure pays at 100%, secondary at 50%, all subsequent at 25%.  Lesser of applies when negotiated rates exceed charges less addons.",2011.03,,,,,,,Case Rate,"83% HF Fee schedule. ",12574,,,,,,,Case Rate,". Primary procedure pays at 100%, all subsequent at 50%.",12574,,,,,,,Case Rate,". Primary procedure pays at 100%, all subsequent at 50%.",11646,,,,,,,Case Rate,". MPL 100/50/25% all add ons apply, and lesser of 100% of billed charges",11646,,,,,,,Case Rate,". MPL 100/50/25% all add ons apply, and lesser of 100% of billed charges",4760.25,,,,,,,Case Rate,"100% Medicare OPPS FS. ",4760.25,,,,,,,Case Rate,"100% Medicare OPPS FS. ",4760.25,,,,,,,Case Rate,"100% Medicare OPPS FS. ",4760.25,,,,,,,Case Rate,"100% Medicare OPPS FS. ",16383.1,,,,,,,Case Rate,". MPL 100/50/25% all add ons apply, and lesser of 100% of billed charges",14557,,,,,,,Case Rate,". MPL 100/50/25% all add ons apply, and lesser of 100% of billed charges",14557,,,,,,,Case Rate,". MPL 100/50/25% all add ons apply, and lesser of 100% of billed charges",4760.25,,,,,,,Case Rate,"100% Medicare OPPS FS. ",11646,,,,,,,Case Rate,". MPL 100/50/25% all add ons apply, and lesser of 100% of billed charges",8427,,,,,,,Case Rate,". Primary procedure pays at 100%, all subsequent at 50%.",4347.69,,,,,,,Fee Schedule,"120 Percent of Medicaid APG. ",3623.08,,,,,,,Case Rate,"100 Percent of Medicaid APG. ",7163,,,,,,,Case Rate,". ",13101,,,,,,,Case Rate,". MPL 100/50/25% all add ons apply, and lesser of 100% of billed charges",13101,,,,,,,Case Rate,". MPL 100/50/25% all add ons apply, and lesser of 100% of billed charges",14557,,,,,,,Case Rate,". MPL 100/50/25% all add ons apply, and lesser of 100% of billed charges",14948,,,,,,,Case Rate,". MPL 100/75/50% all add ons apply, and lesser of 100% of billed charges",4760.25,,,,,,,Case Rate,"100%Medicare OPPS FS. ",3804.23,,,,,,,Fee Schedule,105 percent of Medicaid APG. otherwise 105% of Ordered NYS MCD FS or 105% of ASP+6%,3804.23,,,,,,,Fee Schedule,105 percent of Medicaid APG. otherwise 105% of Ordered NYS MCD FS or 105% of ASP+6%,3804.23,,,,,,,Fee Schedule,105 percent of Medicaid APG. otherwise 105% of Ordered NYS MCD FS or 105% of ASP+6%,4891.15,,,,,,,Fee Schedule,135 percent of Medicaid APG. otherwise 135% of Ordered NYS MCD FS or 135% of ASP+6%,16383.1,,,,,,,Case Rate,". MPL 100/50/25% all add ons apply, and lesser of 100% of billed charges",3804.23,,,,,,,Fee Schedule,105 percent of Medicaid APG. otherwise 105% of Ordered NYS MCD FS or 105% of ASP+6%,3804.23,,,,,,,Fee Schedule,105 percent of Medicaid APG. otherwise 105% of Ordered NYS MCD FS or 105% of ASP+6%,3804.23,,,,,,,Fee Schedule,105 percent of Medicaid APG. otherwise 105% of Ordered NYS MCD FS or 105% of ASP+6%,3804.23,,,,,,,Fee Schedule,105 percent of Medicaid APG. otherwise 105% of Ordered NYS MCD FS or 105% of ASP+6%,3804.23,,,,,,,Fee Schedule,105 percent of Medicaid APG. otherwise 105% of Ordered NYS MCD FS or 105% of ASP+6%,4891.15,,,,,,,Fee Schedule,135 percent of Medicaid APG. otherwise 135% of Ordered NYS MCD FS or 135% of ASP+6%,4891.15,,,,,,,Fee Schedule,135 percent of Medicaid APG. otherwise 135% of Ordered NYS MCD FS or 135% of ASP+6%,4760.25,,,,,,,Case Rate,"100% Medicare OPPS FS. ",16383.1,,,,,,,Case Rate,". MPL 100/50/25% all add ons apply, and lesser of 100% of billed charges",4760.25,,,,,,,Case Rate,"100% Medicare OPPS FS. ",3804.23,,,,,,,Fee Schedule,105 percent of Medicaid APG. otherwise 105% of Ordered NYS MCD FS or 105% of ASP+6%,14557,,,,,,,Case Rate,". MPL 100/50/25% all add ons apply, and lesser of 100% of billed charges",4760.25,,,,,,,Case Rate,"100% Medicare OPPS FS. ",14557,,,,,,,Case Rate,". MPL 100/50/25% all add ons apply, and lesser of 100% of billed charges",14557,,,,,,,Case Rate,". MPL 100/50/25% all add ons apply, and lesser of 100% of billed charges",14557,,,,,,,Case Rate,". MPL 100/50/25% all add ons apply, and lesser of 100% of billed charges",3804.23,,,,,,,Fee Schedule,105 percent of Medicaid APG. otherwise 105% of Ordered NYS MCD FS or 105% of ASP+6%,4760.25,,,,,,,Case Rate,"100% Medicare OPPS FS. ",14557,,,,,,,Case Rate,". MPL 100/50/25% all add ons apply, and lesser of 100% of billed charges",4891.15,,,,,,,Fee Schedule,135 percent of Medicaid APG. otherwise 135% of Ordered NYS MCD FS or 135% of ASP+6%,14557,,,,,,,Case Rate,". MPL 100/50/25% all add ons apply, and lesser of 100% of billed charges",,200,,,,,0,Case Rate,200% of Medicare OPPS. ; No services were performed during the 15 month look back period.,4760.25,,,,,,,Case Rate,"100%Medicare OPPS FS. ",7163,,,,,,,Case Rate,". ",7163,,,,,,,Case Rate,". ",7163,,,,,,,Case Rate,". ",7163,,,,,,,Case Rate,". ",7163,,,,,,,Case Rate,". ",8427,,,,,,,Case Rate,". Primary procedure pays at 100%, all subsequent at 50%.",8427,,,,,,,Case Rate,". Primary procedure pays at 100%, all subsequent at 50%.",7163,,,,,,,Case Rate,". ",7163,,,,,,,Case Rate,". ",7163,,,,,,,Case Rate,". ",7163,,,,,,,Case Rate,". ",7163,,,,,,,Case Rate,". ",4760.25,,,,,,,Case Rate,"100% Medicare OPPS FS. ",8427,,,,,,,Case Rate,". Primary procedure pays at 100%, all subsequent at 50%.",4760.25,,,,,,,Case Rate,"100% Medicare OPPS FS. ",8151.92,,,,,,,Case Rate,"225 Percent of Medicaid APG. If not included in Medicaid APG, then 100 Percent of Manhattan Medicare",3623.08,,,,,,,Case Rate,"100 Percent of Medicaid APG. ",16383.1,,,,,,,Case Rate,". MPL 100/50/25% all add ons apply, and lesser of 100% of billed charges",16383.1,,,,,,,Case Rate,". MPL 100/50/25% all add ons apply, and lesser of 100% of billed charges",4760.25,,,,,,,Case Rate,"100% Medicare OPPS FS. ",12574,,,,,,,Case Rate,". Primary procedure pays at 100%, all subsequent at 50%.",4760.25,,,,,,,Case Rate,"100% Medicare OPPS FS. ",4760.25,,,,,,,Case Rate,"100% Medicare OPPS FS. ",15563,,,,,,,Case Rate,". Primary procedure pays at 100%, secondary at 50%, all subsequent at 25%.  Lesser of applies when negotiated rates exceed charges less addons.",4760.25,,,,,,,Case Rate,"100% Medicare OPPS FS. ",6487,,,,,,,Case Rate,". MPL 100/50/25% maxmium of 3 procedures. All add ons apply, and lesser of 100% of billed charges",4760.25,,,,,,,Case Rate,"100% Medicare OPPS FS. ",6487,,,,,,,Case Rate,". MPL 100/50/25% maxmium of 3 procedures. All add ons apply, and lesser of 100% of billed charges",15563,,,,,,,Case Rate,". Primary procedure pays at 100%, secondary at 50%, all subsequent at 25%.  Lesser of applies when negotiated rates exceed charges less addons.",6487,,,,,,,Case Rate,". MPL 100/50/25% maxmium of 3 procedures. All add ons apply, and lesser of 100% of billed charges",4760.25,,,,,,,Case Rate,"100% Medicare OPPS FS. ",3623.08,,,,,,,Case Rate,"100 Percent of Medicaid APG. ",4760.25,,,,,,,Case Rate,"100% Medicare OPPS FS. ",6487,,,,,,,Case Rate,". MPL 100/50/25% maxmium of 3 procedures. All add ons apply, and lesser of 100% of billed charges",16383.1,,,,,,,Case Rate,". MPL 100/50/25% all add ons apply, and lesser of 100% of billed charges",3623.08,,,,,,,Case Rate,"100 Percent of Medicaid APG. ",14557,,,,,,,Case Rate,". MPL 100/50/25% all add ons apply, and lesser of 100% of billed charges",4347.69,,,,,,,Fee Schedule,"120 Percent of Medicaid APG. ",4347.69,,,,,,,Fee Schedule,"120 Percent of Medicaid APG. ",14557,,,,,,,Case Rate,". MPL 100/50/25% all add ons apply, and lesser of 100% of billed charges",14557,,,,,,,Case Rate,". MPL 100/50/25% all add ons apply, and lesser of 100% of billed charges",14557,,,,,,,Case Rate,". MPL 100/50/25% all add ons apply, and lesser of 100% of billed charges",16383.1,,,,,,,Case Rate,". MPL 100/50/25% all add ons apply, and lesser of 100% of billed charges",14557,,,,,,,Case Rate,". MPL 100/50/25% all add ons apply, and lesser of 100% of billed charges",14557,,,,,,,Case Rate,". MPL 100/50/25% all add ons apply, and lesser of 100% of billed charges",14557,,,,,,,Case Rate,". MPL 100/50/25% all add ons apply, and lesser of 100% of billed charges",7163,,,,,,,Case Rate,". ",7163,,,,,,,Case Rate,". ",9425.3,,,,,,,Case Rate,198 Percent of Medicare OPPS. Metroplus will reimburse unlisted codes and described codes with no Medicare rate at 50 percent of charges.,3623.08,,,,,,,Case Rate,"100 Percent of Medicaid APG. ",16383.1,,,,,,,Case Rate,". MPL 100/50/25% all add ons apply, and lesser of 100% of billed charges",6487,,,,,,,Case Rate,". MPL 100/50/25% maxmium of 3 procedures. All add ons apply, and lesser of 100% of billed charges",15563,,,,,,,Case Rate,". Primary procedure pays at 100%, secondary at 50%, all subsequent at 25%.  Lesser of applies when negotiated rates exceed charges less addons.",16383.1,,,,,,,Case Rate,". MPL 100/50/25% all add ons apply, and lesser of 100% of billed charges",15563,,,,,,,Case Rate,". Primary procedure pays at 100%, secondary at 50%, all subsequent at 25%.  Lesser of applies when negotiated rates exceed charges less addons.",16383.1,,,,,,,Case Rate,". MPL 100/50/25% all add ons apply, and lesser of 100% of billed charges",14557,,,,,,,Case Rate,". MPL 100/50/25% all add ons apply, and lesser of 100% of billed charges",14557,,,,,,,Case Rate,". MPL 100/50/25% all add ons apply, and lesser of 100% of billed charges",14557,,,,,,,Case Rate,". MPL 100/50/25% all add ons apply, and lesser of 100% of billed charges",14557,,,,,,,Case Rate,". MPL 100/50/25% all add ons apply, and lesser of 100% of billed charges",4760.25,,,,,,,Case Rate,"100% Medicare OPPS FS. ",2011.03,25798,
67210,CPT,,,490,RC,TREATMENT OF RETINAL LESION,,,both,,,,3681,,,,,,,Case Rate,". MPL 1st 100% of Payment Rate 50% of all others, all add ons apply, and lesser of 100% of billed charges.",3681,,,,,,,Case Rate,". MPL 1st 100% of Payment Rate 50% of all others, all add ons apply, and lesser of 100% of billed charges.",12266,,,,,,,Case Rate,". Primary procedure pays at 100%, secondary at 50%, all subsequent at 25%.  Lesser of applies when negotiated rates exceed charges less addons.",,100,,,,,0,percent of total billed charges,100 percent of billed charges. ; No services were performed during the 15 month look back period.,649.16,,,,,,,Case Rate,"100% Medicare OPPS FS. ",12266,,,,,,,Case Rate,". Primary procedure pays at 100%, secondary at 50%, all subsequent at 25%.  Lesser of applies when negotiated rates exceed charges less addons.",12266,,,,,,,Case Rate,". Primary procedure pays at 100%, secondary at 50%, all subsequent at 25%.  Lesser of applies when negotiated rates exceed charges less addons.",12266,,,,,,,Case Rate,". Primary procedure pays at 100%, secondary at 50%, all subsequent at 25%.  Lesser of applies when negotiated rates exceed charges less addons.",1019.39,,,,,,,Case Rate,"100 Percent of Medicaid APG. ",849.49,,,,,,,Case Rate,"100 Percent of Medicaid APG. ",,78,,,,,0,percent of total billed charges,78% of Billed Charges. Lesser of 100% of billed charges applies.; No services were performed during the 15 month look back period.,6091.36,,,,,,,Case Rate,". MPL 100/50/25% all add ons apply, and lesser of 100% of billed charges",849.49,,,,,,,Case Rate,"100 Percent of Medicaid APG. ",649.16,,,,,,,Case Rate,"100% Medicare OPPS FS. ",6487,,,,,,,Case Rate,". MPL 100/50/25% maxmium of 3 procedures. All add ons apply, and lesser of 100% of billed charges",6487,,,,,,,Case Rate,". MPL 100/50/25% maxmium of 3 procedures. All add ons apply, and lesser of 100% of billed charges",6487,,,,,,,Case Rate,". MPL 100/50/25% maxmium of 3 procedures. All add ons apply, and lesser of 100% of billed charges",6487,,,,,,,Case Rate,". MPL 100/50/25% maxmium of 3 procedures. All add ons apply, and lesser of 100% of billed charges",849.49,,,,,,,Case rate,124 Percent of Medicaid APG. Covered services not payable under Medicaid Fee Schedules default to a payment of 50 percent of charges.,649.16,,,,,,,Case Rate,"100% Medicare OPPS FS. ",849.49,,,,,,,Case rate,124 Percent of Medicaid APG. Covered services not payable under Medicaid Fee Schedules default to a payment of 50 percent of charges.,,78,,,,,0,percent of total billed charges,78% of Billed Charges. Lesser of 100% of billed charges applies.; No services were performed during the 15 month look back period.,12266,,,,,,,Case Rate,". Primary procedure pays at 100%, secondary at 50%, all subsequent at 25%.  Lesser of applies when negotiated rates exceed charges less addons.",649.16,,,,,,,Case Rate,"100%Medicare OPPS FS. ",8427,,,,,,,Case Rate,". Primary procedure pays at 100%, all subsequent at 50%.",649.16,,,,,,,Case Rate,"100%Medicare OPPS FS. ",649.16,,,,,,,Case Rate,"100%Medicare OPPS FS. ",,78,,,,,0,percent of total billed charges,78% of Billed Charges. Lesser of 100% of billed charges applies.; No services were performed during the 15 month look back period.,291.08,,,,,,,Case Rate,100% of PAS. Lesser of 100% of billed charges applies.,291.08,,,,,,,Case Rate,100% of PAS. Lesser of 100% of billed charges applies.,849.49,,,,,,,Case rate,"100 Percent of Medicaid APG. ",849.49,,,,,,,Case rate,"100 Percent of Medicaid APG. ",8427,,,,,,,Case Rate,". Primary procedure pays at 100%, all subsequent at 50%.",8427,,,,,,,Case Rate,". Primary procedure pays at 100%, all subsequent at 50%.",849.49,,,,,,,Case Rate,"100 Percent of Medicaid APG. Not APG payable, or payable under another fee schedule like ASP/AWP pays at 30% of charges",8427,,,,,,,Case Rate,". Primary procedure pays at 100%, all subsequent at 50%.",849.49,,,,,,,Case Rate,"100 Percent of Medicaid APG. Not APG payable, or payable under another fee schedule like ASP/AWP pays at 30% of charges",649.16,,,,,,,Case Rate,"100%Medicare OPPS FS. ",8427,,,,,,,Case Rate,". Primary procedure pays at 100%, all subsequent at 50%.",,78,,,,,0,percent of total billed charges,78% of Billed Charges. Lesser of 100% of billed charges applies.; No services were performed during the 15 month look back period.,849.49,,,,,,,Case Rate,"100 Percent of Medicaid APG. ",849.49,,,,,,,Case Rate,"100 Percent of Medicaid APG. ",,78,,,,,0,percent of total billed charges,78% of Billed Charges. Lesser of 100% of billed charges applies.; No services were performed during the 15 month look back period.,6487,,,,,,,Case Rate,". MPL 100/50/25% maxmium of 3 procedures. All add ons apply, and lesser of 100% of billed charges",4757,,,,,,,Case Rate,". MPL 100/50/25% all add ons apply, and lesser of 100% of billed charges",4757,,,,,,,Case Rate,". MPL 100/50/25% all add ons apply, and lesser of 100% of billed charges",,78,,,,,0,percent of total billed charges,78% of Billed Charges. Lesser of 100% of billed charges applies.; No services were performed during the 15 month look back period.,649.16,,,,,,,Case Rate,"100% Medicare OPPS FS. ",6091.36,,,,,,,Case Rate,". MPL 100/50/25% all add ons apply, and lesser of 100% of billed charges",6091.36,,,,,,,Case Rate,". MPL 100/50/25% all add ons apply, and lesser of 100% of billed charges",6091.36,,,,,,,Case Rate,". MPL 100/50/25% all add ons apply, and lesser of 100% of billed charges",649.16,,,,,,,Case Rate,"100% Medicare OPPS FS. ",6091.36,,,,,,,Case Rate,". MPL 100/50/25% all add ons apply, and lesser of 100% of billed charges",6091.36,,,,,,,Case Rate,". MPL 100/50/25% all add ons apply, and lesser of 100% of billed charges",649.16,,,,,,,Case Rate,"100% of Medicare OPPS. ",25798,,,,,,,Case Rate,". MPL 100/75/50% all add ons apply, and lesser of 100% of billed charges",4100,,,,,,,Case Rate,". MPL 100/50/25% all add ons apply, and lesser of 100% of billed charges",4100,,,,,,,Case Rate,". MPL 100/50/25% all add ons apply, and lesser of 100% of billed charges",4100,,,,,,,Case Rate,". MPL 100/50/25% all add ons apply, and lesser of 100% of billed charges",4100,,,,,,,Case Rate,". MPL 100/50/25% all add ons apply, and lesser of 100% of billed charges",4100,,,,,,,Case Rate,". MPL 100/50/25% all add ons apply, and lesser of 100% of billed charges",4100,,,,,,,Case Rate,". MPL 100/50/25% all add ons apply, and lesser of 100% of billed charges",649.16,,,,,,,Case Rate,"100% Medicare OPPS FS. ",649.16,,,,,,,Case Rate,"100% Medicare OPPS FS. ",4100,,,,,,,Case Rate,". MPL 100/50/25% all add ons apply, and lesser of 100% of billed charges",,78,,,,,0,percent of total billed charges,78% of Billed Charges. Lesser of 100% of billed charges applies.; No services were performed during the 15 month look back period.,,78,,,,,0,percent of total billed charges,78% of Billed Charges. Lesser of 100% of billed charges applies.; No services were performed during the 15 month look back period.,,78,,,,,0,percent of total billed charges,78% of Billed Charges. Lesser of 100% of billed charges applies.; No services were performed during the 15 month look back period.,,78,,,,,0,percent of total billed charges,78% of Billed Charges. Lesser of 100% of billed charges applies.; No services were performed during the 15 month look back period.,,78,,,,,0,percent of total billed charges,78% of Billed Charges. Lesser of 100% of billed charges applies.; No services were performed during the 15 month look back period.,,78,,,,,0,percent of total billed charges,78% of Billed Charges. Lesser of 100% of billed charges applies.; No services were performed during the 15 month look back period.,,78,,,,,0,percent of total billed charges,78% of Billed Charges. Lesser of 100% of billed charges applies.; No services were performed during the 15 month look back period.,,78,,,,,0,percent of total billed charges,78% of Billed Charges. Lesser of 100% of billed charges applies.; No services were performed during the 15 month look back period.,,78,,,,,0,percent of total billed charges,78% of Billed Charges. Lesser of 100% of billed charges applies.; No services were performed during the 15 month look back period.,,78,,,,,0,percent of total billed charges,78% of Billed Charges. Lesser of 100% of billed charges applies.; No services were performed during the 15 month look back period.,,78,,,,,0,percent of total billed charges,78% of Billed Charges. Lesser of 100% of billed charges applies.; No services were performed during the 15 month look back period.,,78,,,,,0,percent of total billed charges,78% of Billed Charges. Lesser of 100% of billed charges applies.; No services were performed during the 15 month look back period.,,78,,,,,0,percent of total billed charges,78% of Billed Charges. Lesser of 100% of billed charges applies.; No services were performed during the 15 month look back period.,,78,,,,,0,percent of total billed charges,78% of Billed Charges. Lesser of 100% of billed charges applies.; No services were performed during the 15 month look back period.,,78,,,,,0,percent of total billed charges,78% of Billed Charges. Lesser of 100% of billed charges applies.; No services were performed during the 15 month look back period.,,78,,,,,0,percent of total billed charges,78% of Billed Charges. Lesser of 100% of billed charges applies.; No services were performed during the 15 month look back period.,,78,,,,,0,percent of total billed charges,78% of Billed Charges. Lesser of 100% of billed charges applies.; No services were performed during the 15 month look back period.,,78,,,,,0,percent of total billed charges,78% of Billed Charges. Lesser of 100% of billed charges applies.; No services were performed during the 15 month look back period.,,78,,,,,0,percent of total billed charges,78% of Billed Charges. Lesser of 100% of billed charges applies.; No services were performed during the 15 month look back period.,,78,,,,,0,percent of total billed charges,78% of Billed Charges. Lesser of 100% of billed charges applies.; No services were performed during the 15 month look back period.,,78,,,,,0,percent of total billed charges,78% of Billed Charges. Lesser of 100% of billed charges applies.; No services were performed during the 15 month look back period.,,78,,,,,0,percent of total billed charges,78% of Billed Charges. Lesser of 100% of billed charges applies.; No services were performed during the 15 month look back period.,,78,,,,,0,percent of total billed charges,78% of Billed Charges. Lesser of 100% of billed charges applies.; No services were performed during the 15 month look back period.,,78,,,,,0,percent of total billed charges,78% of Billed Charges. Lesser of 100% of billed charges applies.; No services were performed during the 15 month look back period.,,78,,,,,0,percent of total billed charges,78% of Billed Charges. Lesser of 100% of billed charges applies.; No services were performed during the 15 month look back period.,,78,,,,,0,percent of total billed charges,78% of Billed Charges. Lesser of 100% of billed charges applies.; No services were performed during the 15 month look back period.,8427,,,,,,,Case Rate,". Primary procedure pays at 100%, all subsequent at 50%.",8427,,,,,,,Case Rate,". Primary procedure pays at 100%, all subsequent at 50%.",8427,,,,,,,Case Rate,". Primary procedure pays at 100%, all subsequent at 50%.",8427,,,,,,,Case Rate,". Primary procedure pays at 100%, all subsequent at 50%.",12574,,,,,,,Case Rate,". Primary procedure pays at 100%, all subsequent at 50%.",12574,,,,,,,Case Rate,". Primary procedure pays at 100%, all subsequent at 50%.",6487,,,,,,,Case Rate,". MPL 100/50/25% maxmium of 3 procedures. All add ons apply, and lesser of 100% of billed charges",4100,,,,,,,Case Rate,". MPL 100/50/25% all add ons apply, and lesser of 100% of billed charges",6091.36,,,,,,,Case Rate,". MPL 100/50/25% all add ons apply, and lesser of 100% of billed charges",4100,,,,,,,Case Rate,". MPL 100/50/25% all add ons apply, and lesser of 100% of billed charges",,78,,,,,0,percent of total billed charges,78% of Billed Charges. Lesser of 100% of billed charges applies.; No services were performed during the 15 month look back period.,12574,,,,,,,Case Rate,". Primary procedure pays at 100%, all subsequent at 50%.",4100,,,,,,,Case Rate,". MPL 100/50/25% all add ons apply, and lesser of 100% of billed charges",6091.36,,,,,,,Case Rate,". MPL 100/50/25% all add ons apply, and lesser of 100% of billed charges",6487,,,,,,,Case Rate,". MPL 100/50/25% maxmium of 3 procedures. All add ons apply, and lesser of 100% of billed charges",,,,,,,,,"NA. ",,78,,,,,0,percent of total billed charges,78% of Billed Charges. Lesser of 100% of billed charges applies.; No services were performed during the 15 month look back period.,849.49,,,,,,,Case Rate,"100 Percent of Medicaid APG. ",8427,,,,,,,Case Rate,". Primary procedure pays at 100%, all subsequent at 50%.",849.49,,,,,,,Case Rate,"100 Percent of Medicaid APG. Not APG payable, or payable under another fee schedule like ASP/AWP pays at 30% of charges",649.16,,,,,,,Case Rate,"100%Medicare OPPS FS. ",649.16,,,,,,,Case Rate,"100% Medicare OPPS FS. ",25798,,,,,,,Case Rate,". MPL 100/75/50% all add ons apply, and lesser of 100% of billed charges",649.16,,,,,,,Case Rate,"100% Medicare OPPS FS. ",649.16,,,,,,,Case Rate,"100% Medicare OPPS FS. ",849.49,,,,,,,Case Rate,"100 Percent of Medicaid APG. ",649.16,,,,,,,Case Rate,"100% Medicare OPPS FS. ",649.16,,,,,,,Case Rate,"100% Medicare OPPS FS. ",12266,,,,,,,Case Rate,". Primary procedure pays at 100%, secondary at 50%, all subsequent at 25%.  Lesser of applies when negotiated rates exceed charges less addons.",12266,,,,,,,Case Rate,". Primary procedure pays at 100%, secondary at 50%, all subsequent at 25%.  Lesser of applies when negotiated rates exceed charges less addons.",649.16,,,,,,,Case Rate,"100% Medicare OPPS FS. ",6487,,,,,,,Case Rate,". MPL 100/50/25% maxmium of 3 procedures. All add ons apply, and lesser of 100% of billed charges",6091.36,,,,,,,Case Rate,". MPL 100/50/25% all add ons apply, and lesser of 100% of billed charges",6091.36,,,,,,,Case Rate,". MPL 100/50/25% all add ons apply, and lesser of 100% of billed charges",649.16,,,,,,,Case Rate,"100% Medicare OPPS FS. ",6487,,,,,,,Case Rate,". MPL 100/50/25% maxmium of 3 procedures. All add ons apply, and lesser of 100% of billed charges",12266,,,,,,,Case Rate,". Primary procedure pays at 100%, secondary at 50%, all subsequent at 25%.  Lesser of applies when negotiated rates exceed charges less addons.",12266,,,,,,,Case Rate,". Primary procedure pays at 100%, secondary at 50%, all subsequent at 25%.  Lesser of applies when negotiated rates exceed charges less addons.",12266,,,,,,,Case Rate,". Primary procedure pays at 100%, secondary at 50%, all subsequent at 25%.  Lesser of applies when negotiated rates exceed charges less addons.",,78,,,,,0,percent of total billed charges,78% of Billed Charges. Lesser of 100% of billed charges applies.; No services were performed during the 15 month look back period.,,78,,,,,0,percent of total billed charges,78% of Billed Charges. Lesser of 100% of billed charges applies.; No services were performed during the 15 month look back period.,,78,,,,,0,percent of total billed charges,78% of Billed Charges. Lesser of 100% of billed charges applies.; No services were performed during the 15 month look back period.,,78,,,,,0,percent of total billed charges,78% of Billed Charges. Lesser of 100% of billed charges applies.; No services were performed during the 15 month look back period.,,78,,,,,0,percent of total billed charges,78% of Billed Charges. Lesser of 100% of billed charges applies.; No services were performed during the 15 month look back period.,,78,,,,,0,percent of total billed charges,78% of Billed Charges. Lesser of 100% of billed charges applies.; No services were performed during the 15 month look back period.,,78,,,,,0,percent of total billed charges,78% of Billed Charges. Lesser of 100% of billed charges applies.; No services were performed during the 15 month look back period.,,78,,,,,0,percent of total billed charges,78% of Billed Charges. Lesser of 100% of billed charges applies.; No services were performed during the 15 month look back period.,,78,,,,,0,percent of total billed charges,78% of Billed Charges. Lesser of 100% of billed charges applies.; No services were performed during the 15 month look back period.,,78,,,,,0,percent of total billed charges,78% of Billed Charges. Lesser of 100% of billed charges applies.; No services were performed during the 15 month look back period.,,78,,,,,0,percent of total billed charges,78% of Billed Charges. Lesser of 100% of billed charges applies.; No services were performed during the 15 month look back period.,12574,,,,,,,Case Rate,". Primary procedure pays at 100%, all subsequent at 50%.",4100,,,,,,,Case Rate,". MPL 100/50/25% all add ons apply, and lesser of 100% of billed charges",6487,,,,,,,Case Rate,". MPL 100/50/25% maxmium of 3 procedures. All add ons apply, and lesser of 100% of billed charges",649.16,,,,,,,Case Rate,"100% Medicare OPPS FS. ",12266,,,,,,,Case Rate,". Primary procedure pays at 100%, secondary at 50%, all subsequent at 25%.  Lesser of applies when negotiated rates exceed charges less addons.",6487,,,,,,,Case Rate,". MPL 100/50/25% maxmium of 3 procedures. All add ons apply, and lesser of 100% of billed charges",6487,,,,,,,Case Rate,". MPL 100/50/25% maxmium of 3 procedures. All add ons apply, and lesser of 100% of billed charges",,78,,,,,0,percent of total billed charges,78% of Billed Charges. Lesser of 100% of billed charges applies.; No services were performed during the 15 month look back period.,1817.92,,,,,,,Case Rate,"214 Percent of Medicaid APG. Drugs not priced under APG, billed with revenue code 636 and not priced by Medicare ASP FeeSched will be reimbursed at 20% of charges.",6487,,,,,,,Case Rate,". MPL 100/50/25% maxmium of 3 procedures. All add ons apply, and lesser of 100% of billed charges",849.49,,,,,,,Case Rate,"100 Percent of Medicaid APG. ",649.16,,,,,,,Case Rate,"100% Medicare OPPS FS. ",649.16,,,,,,,Case Rate,"100% Medicare OPPS FS. ",649.16,,,,,,,Case Rate,"100% Medicare OPPS FS. ",649.16,,,,,,,Case Rate,"100% Medicare OPPS FS. ",649.16,,,,,,,Case Rate,"100% Medicare OPPS FS. ",649.16,,,,,,,Case Rate,"100% Medicare OPPS FS. ",6487,,,,,,,Case Rate,". MPL 100/50/25% maxmium of 3 procedures. All add ons apply, and lesser of 100% of billed charges",25798,,,,,,,Case Rate,". MPL 100/75/50% all add ons apply, and lesser of 100% of billed charges",1529.09,,,,,,,Fee Schedule,"180 Percent of Medicaid APG. ",1529.09,,,,,,,Fee Schedule,"180 Percent of Medicaid APG. ",1529.09,,,,,,,Fee Schedule,"180 Percent of Medicaid APG. ",1529.09,,,,,,,Fee Schedule,"180 Percent of Medicaid APG. ",1529.09,,,,,,,Fee Schedule,"180 Percent of Medicaid APG. ",,,,,,,,,"NA. ",25798,,,,,,,Case Rate,". MPL 100/75/50% all add ons apply, and lesser of 100% of billed charges",1285.33,,,,,,,Case Rate,198 Percent of Medicare OPPS. Metroplus will reimburse unlisted codes and described codes with no Medicare rate at 50 percent of charges.,1285.33,,,,,,,Case Rate,198 Percent of Medicare OPPS. Metroplus will reimburse unlisted codes and described codes with no Medicare rate at 50 percent of charges.,1285.33,,,,,,,Case Rate,198 Percent of Medicare OPPS. Metroplus will reimburse unlisted codes and described codes with no Medicare rate at 50 percent of charges.,1285.33,,,,,,,Case Rate,198 Percent of Medicare OPPS. Metroplus will reimburse unlisted codes and described codes with no Medicare rate at 50 percent of charges.,1285.33,,,,,,,Case Rate,198 Percent of Medicare OPPS. Metroplus will reimburse unlisted codes and described codes with no Medicare rate at 50 percent of charges.,649.16,,,,,,,Case Rate,"100% Medicare OPPS FS. ",12574,,,,,,,Case Rate,". Primary procedure pays at 100%, all subsequent at 50%.",12574,,,,,,,Case Rate,". Primary procedure pays at 100%, all subsequent at 50%.",12574,,,,,,,Case Rate,". Primary procedure pays at 100%, all subsequent at 50%.",12574,,,,,,,Case Rate,". Primary procedure pays at 100%, all subsequent at 50%.",12266,,,,,,,Case Rate,". Primary procedure pays at 100%, secondary at 50%, all subsequent at 25%.  Lesser of applies when negotiated rates exceed charges less addons.",12266,,,,,,,Case Rate,". Primary procedure pays at 100%, secondary at 50%, all subsequent at 25%.  Lesser of applies when negotiated rates exceed charges less addons.",12266,,,,,,,Case Rate,". Primary procedure pays at 100%, secondary at 50%, all subsequent at 25%.  Lesser of applies when negotiated rates exceed charges less addons.",12266,,,,,,,Case Rate,". Primary procedure pays at 100%, secondary at 50%, all subsequent at 25%.  Lesser of applies when negotiated rates exceed charges less addons.",25798,,,,,,,Case Rate,". MPL 100/75/50% all add ons apply, and lesser of 100% of billed charges",25798,,,,,,,Case Rate,". MPL 100/75/50% all add ons apply, and lesser of 100% of billed charges",649.16,,,,,,,Case Rate,"100% Medicare OPPS FS. ",649.16,,,,,,,Case Rate,"100% Medicare OPPS FS. ",649.16,,,,,,,Case Rate,"100% Medicare OPPS FS. ",4100,,,,,,,Case Rate,". MPL 100/50/25% all add ons apply, and lesser of 100% of billed charges",4100,,,,,,,Case Rate,". MPL 100/50/25% all add ons apply, and lesser of 100% of billed charges",4100,,,,,,,Case Rate,". MPL 100/50/25% all add ons apply, and lesser of 100% of billed charges",25798,,,,,,,Case Rate,". MPL 100/75/50% all add ons apply, and lesser of 100% of billed charges",12266,,,,,,,Case Rate,". Primary procedure pays at 100%, secondary at 50%, all subsequent at 25%.  Lesser of applies when negotiated rates exceed charges less addons.",649.16,,,,,,,Case Rate,"100% Medicare OPPS FS. ",4100,,,,,,,Case Rate,". MPL 100/50/25% all add ons apply, and lesser of 100% of billed charges",849.49,,,,,,,Case Rate,"100 Percent of Medicaid APG. ",662.14,,,,,,,Case Rate,"102% of Medicare OPPS. ",662.14,,,,,,,Case Rate,"102% of Medicare OPPS. ",662.14,,,,,,,Case Rate,"102% of Medicare OPPS. ",849.49,,,,,,,Case rate,"100 Percent of Medicaid APG. ",1911.36,,,,,,,Case Rate,225% of NYS APG. Lesser of 100% of billed charges applies.,1911.36,,,,,,,Case Rate,225% of NYS APG. Lesser of 100% of billed charges applies.,1911.36,,,,,,,Case Rate,225% of NYS APG. Lesser of 100% of billed charges applies.,1911.36,,,,,,,Case Rate,225% of NYS APG. Lesser of 100% of billed charges applies.,1911.36,,,,,,,Case Rate,225% of NYS APG. Lesser of 100% of billed charges applies.,662.14,,,,,,,Case Rate,"102% of Medicare OPPS. ",849.49,,,,,,,Case Rate,"100 Percent of Medicaid APG. ",291.08,,,,,,,Case Rate,100% of PAS. Lesser of 100% of billed charges applies.,1911.36,,,,,,,Case Rate,225% of NYS APG. Lesser of 100% of billed charges applies.,1911.36,,,,,,,Case Rate,225% of NYS APG. Lesser of 100% of billed charges applies.,291.08,,,,,,,Case Rate,100% of PAS. Lesser of 100% of billed charges applies.,291.08,,,,,,,Case Rate,100% of PAS. Lesser of 100% of billed charges applies.,1529.09,,,,,,,Fee Schedule,"180 Percent of Medicaid APG. ",649.16,,,,,,,Case Rate,"100% Medicare OPPS FS. ",649.16,,,,,,,Case Rate,"100% Medicare OPPS FS. ",12266,,,,,,,Case Rate,". Primary procedure pays at 100%, secondary at 50%, all subsequent at 25%.  Lesser of applies when negotiated rates exceed charges less addons.",649.16,,,,,,,Case Rate,"100% Medicare OPPS FS. ",1911.36,,,,,,,Case Rate,"225 Percent of Medicaid APG. ",1911.36,,,,,,,Case Rate,"225 Percent of Medicaid APG. ",849.49,,,,,,,Case rate,"100 Percent of Medicaid APG. ",849.49,,,,,,,Case rate,"100 Percent of Medicaid APG. ",1911.36,,,,,,,Case Rate,225 Percent of Medicaid APG. Covered services not payable under Medicaid Fee Schedules default to a payment of 87.5 percent of charges.,849.49,,,,,,,Case rate,124 Percent of Medicaid APG. Covered services not payable under Medicaid Fee Schedules default to a payment of 50 percent of charges.,1911.36,,,,,,,Case Rate,"100 Percent of Medicaid APG. ",1911.36,,,,,,,Case Rate,"100 Percent of Medicaid APG. ",1911.36,,,,,,,Case Rate,"100 Percent of Medicaid APG. ",1911.36,,,,,,,Case Rate,"100 Percent of Medicaid APG. ",13453,,,,,,,Case Rate,". MPL 100/75/50% all add ons apply, and lesser of 100% of billed charges",25798,,,,,,,Case Rate,". MPL 100/75/50% all add ons apply, and lesser of 100% of billed charges",1019.39,,,,,,,Case Rate,"120 Percent of Medicaid APG. Not APG payable, or payable under another fee schedule like ASP/AWP pays at 30% of charges",1019.39,,,,,,,Case Rate,"120 Percent of Medicaid APG. Not APG payable, or payable under another fee schedule like ASP/AWP pays at 30% of charges",849.49,,,,,,,Case Rate,"100 Percent of Medicaid APG. Not APG payable, or payable under another fee schedule like ASP/AWP pays at 30% of charges",849.49,,,,,,,Case Rate,"100 Percent of Medicaid APG. Not APG payable, or payable under another fee schedule like ASP/AWP pays at 30% of charges",4100,,,,,,,Case Rate,". MPL 100/50/25% all add ons apply, and lesser of 100% of billed charges",4100,,,,,,,Case Rate,". MPL 100/50/25% all add ons apply, and lesser of 100% of billed charges",649.16,,,,,,,Case Rate,"100% Medicare OPPS FS. ",4100,,,,,,,Case Rate,". MPL 100/50/25% all add ons apply, and lesser of 100% of billed charges",4100,,,,,,,Case Rate,". MPL 100/50/25% all add ons apply, and lesser of 100% of billed charges",4100,,,,,,,Case Rate,". MPL 100/50/25% all add ons apply, and lesser of 100% of billed charges",4100,,,,,,,Case Rate,". MPL 100/50/25% all add ons apply, and lesser of 100% of billed charges",649.16,,,,,,,Case Rate,"100% Medicare OPPS FS. ",4100,,,,,,,Case Rate,". MPL 100/50/25% all add ons apply, and lesser of 100% of billed charges",4100,,,,,,,Case Rate,". MPL 100/50/25% all add ons apply, and lesser of 100% of billed charges",12266,,,,,,,Case Rate,". Primary procedure pays at 100%, secondary at 50%, all subsequent at 25%.  Lesser of applies when negotiated rates exceed charges less addons.",849.49,,,,,,,Fee Schedule,100% APG. Lesser of 100% of billed charges applies.,849.49,,,,,,,Case rate,124 Percent of Medicaid APG. Covered services not payable under Medicaid Fee Schedules default to a payment of 50 percent of charges.,1911.36,,,,,,,Case Rate,225% of NYS APG. Lesser of 100% of billed charges applies.,1911.36,,,,,,,Case Rate,225 Percent of Medicaid APG. Covered services not payable under Medicaid Fee Schedules default to a payment of 87.5 percent of charges.,849.49,,,,,,,Case rate,124 Percent of Medicaid APG. Covered services not payable under Medicaid Fee Schedules default to a payment of 50 percent of charges.,1911.36,,,,,,,Case Rate,225% of NYS APG. Lesser of 100% of billed charges applies.,1911.36,,,,,,,Case Rate,225% of NYS APG. Lesser of 100% of billed charges applies.,1911.36,,,,,,,Case Rate,225% of NYS APG. Lesser of 100% of billed charges applies.,1911.36,,,,,,,Case Rate,225% of NYS APG. Lesser of 100% of billed charges applies.,1911.36,,,,,,,Case Rate,225% of NYS APG. Lesser of 100% of billed charges applies.,1911.36,,,,,,,Case Rate,225% of NYS APG. Lesser of 100% of billed charges applies.,,,,,,,,,"NA. ",,,,,,,,,"NA. ",,,,,,,,,"NA. ",6487,,,,,,,Case Rate,". MPL 100/50/25% maxmium of 3 procedures. All add ons apply, and lesser of 100% of billed charges",,,,,,,,,"NA. ",649.16,,,,,,,Case Rate,"100% Medicare OPPS FS. ",3681,,,,,,,Case Rate,". MPL 1st 100% of Payment Rate 50% of all others, all add ons apply, and lesser of 100% of billed charges.",649.16,,,,,,,Case Rate,"100% Medicare OPPS FS. ",649.16,,,,,,,Case Rate,"100% Medicare OPPS FS. ",1019.39,,,,,,,Case Rate,"120 Percent of Medicaid APG. Not APG payable, or payable under another fee schedule like ASP/AWP pays at 30% of charges",1019.39,,,,,,,Case Rate,"120 Percent of Medicaid APG. Not APG payable, or payable under another fee schedule like ASP/AWP pays at 30% of charges",849.49,,,,,,,Case Rate,"100 Percent of Medicaid APG. Not APG payable, or payable under another fee schedule like ASP/AWP pays at 30% of charges",849.49,,,,,,,Case Rate,"100 Percent of Medicaid APG. Not APG payable, or payable under another fee schedule like ASP/AWP pays at 30% of charges",849.49,,,,,,,Case Rate,"100 Percent of Medicaid APG. ",7163,,,,,,,Case Rate,". ",12266,,,,,,,Case Rate,". Primary procedure pays at 100%, secondary at 50%, all subsequent at 25%.  Lesser of applies when negotiated rates exceed charges less addons.",8427,,,,,,,Case Rate,". Primary procedure pays at 100%, all subsequent at 50%.",6487,,,,,,,Case Rate,". MPL 100/50/25% maxmium of 3 procedures. All add ons apply, and lesser of 100% of billed charges",649.16,,,,,,,Case Rate,"100%Medicare OPPS FS. ",649.16,,,,,,,Case Rate,"100% Medicare OPPS FS. ",649.16,,,,,,,Case Rate,"100% Medicare OPPS FS. ",649.16,,,,,,,Case Rate,"100% Medicare OPPS FS. ",649.16,,,,,,,Case Rate,"100%Medicare OPPS FS. ",649.16,,,,,,,Case Rate,"100% Medicare OPPS FS. ",,,,,,,,,"NA. ",1911.36,,,,,,,Case Rate,225% of NYS APG. Lesser of 100% of billed charges applies.,291.08,,,,,,,Case Rate,100% of PAS. Lesser of 100% of billed charges applies.,4100,,,,,,,Case Rate,". MPL 100/50/25% all add ons apply, and lesser of 100% of billed charges",7163,,,,,,,Case Rate,". ",7163,,,,,,,Case Rate,". ",7163,,,,,,,Case Rate,". ",7163,,,,,,,Case Rate,". ",649.16,,,,,,,Case Rate,"100% Medicare OPPS FS. ",849.49,,,,,,,Case Rate,"100 Percent of Medicaid APG. ",4100,,,,,,,Case Rate,". MPL 100/50/25% all add ons apply, and lesser of 100% of billed charges",849.49,,,,,,,Case Rate,"100 Percent of Medicaid APG. ",649.16,,,,,,,Case Rate,"100% Medicare OPPS FS. ",849.49,,,,,,,Case Rate,"100 Percent of Medicaid APG. ",649.16,,,,,,,Case Rate,"100% Medicare OPPS FS. ",649.16,,,,,,,Case Rate,"100% Medicare OPPS FS. ",849.49,,,,,,,Case Rate,"100 Percent of Medicaid APG. ",849.49,,,,,,,Case Rate,"100 Percent of Medicaid APG. ",7163,,,,,,,Case Rate,". ",6487,,,,,,,Case Rate,". MPL 100/50/25% maxmium of 3 procedures. All add ons apply, and lesser of 100% of billed charges",,78,,,,,0,percent of total billed charges,78% of Billed Charges. Lesser of 100% of billed charges applies.; No services were performed during the 15 month look back period.,6091.36,,,,,,,Case Rate,". MPL 100/50/25% all add ons apply, and lesser of 100% of billed charges",6091.36,,,,,,,Case Rate,". MPL 100/50/25% all add ons apply, and lesser of 100% of billed charges",12266,,,,,,,Case Rate,". Primary procedure pays at 100%, secondary at 50%, all subsequent at 25%.  Lesser of applies when negotiated rates exceed charges less addons.",649.16,,,,,,,Case Rate,"83% HF Fee schedule. ",12574,,,,,,,Case Rate,". Primary procedure pays at 100%, all subsequent at 50%.",12574,,,,,,,Case Rate,". Primary procedure pays at 100%, all subsequent at 50%.",3280,,,,,,,Case Rate,". MPL 100/50/25% all add ons apply, and lesser of 100% of billed charges",3280,,,,,,,Case Rate,". MPL 100/50/25% all add ons apply, and lesser of 100% of billed charges",649.16,,,,,,,Case Rate,"100% Medicare OPPS FS. ",649.16,,,,,,,Case Rate,"100% Medicare OPPS FS. ",649.16,,,,,,,Case Rate,"100% Medicare OPPS FS. ",649.16,,,,,,,Case Rate,"100% Medicare OPPS FS. ",6091.36,,,,,,,Case Rate,". MPL 100/50/25% all add ons apply, and lesser of 100% of billed charges",4100,,,,,,,Case Rate,". MPL 100/50/25% all add ons apply, and lesser of 100% of billed charges",4100,,,,,,,Case Rate,". MPL 100/50/25% all add ons apply, and lesser of 100% of billed charges",649.16,,,,,,,Case Rate,"100% Medicare OPPS FS. ",3280,,,,,,,Case Rate,". MPL 100/50/25% all add ons apply, and lesser of 100% of billed charges",8427,,,,,,,Case Rate,". Primary procedure pays at 100%, all subsequent at 50%.",1019.39,,,,,,,Fee Schedule,"120 Percent of Medicaid APG. ",849.49,,,,,,,Case Rate,"100 Percent of Medicaid APG. ",7163,,,,,,,Case Rate,". ",3690,,,,,,,Case Rate,". MPL 100/50/25% all add ons apply, and lesser of 100% of billed charges",3690,,,,,,,Case Rate,". MPL 100/50/25% all add ons apply, and lesser of 100% of billed charges",4100,,,,,,,Case Rate,". MPL 100/50/25% all add ons apply, and lesser of 100% of billed charges",14948,,,,,,,Case Rate,". MPL 100/75/50% all add ons apply, and lesser of 100% of billed charges",649.16,,,,,,,Case Rate,"100%Medicare OPPS FS. ",891.97,,,,,,,Fee Schedule,105 percent of Medicaid APG. otherwise 105% of Ordered NYS MCD FS or 105% of ASP+6%,891.97,,,,,,,Fee Schedule,105 percent of Medicaid APG. otherwise 105% of Ordered NYS MCD FS or 105% of ASP+6%,891.97,,,,,,,Fee Schedule,105 percent of Medicaid APG. otherwise 105% of Ordered NYS MCD FS or 105% of ASP+6%,1146.82,,,,,,,Fee Schedule,135 percent of Medicaid APG. otherwise 135% of Ordered NYS MCD FS or 135% of ASP+6%,6091.36,,,,,,,Case Rate,". MPL 100/50/25% all add ons apply, and lesser of 100% of billed charges",891.97,,,,,,,Fee Schedule,105 percent of Medicaid APG. otherwise 105% of Ordered NYS MCD FS or 105% of ASP+6%,891.97,,,,,,,Fee Schedule,105 percent of Medicaid APG. otherwise 105% of Ordered NYS MCD FS or 105% of ASP+6%,891.97,,,,,,,Fee Schedule,105 percent of Medicaid APG. otherwise 105% of Ordered NYS MCD FS or 105% of ASP+6%,891.97,,,,,,,Fee Schedule,105 percent of Medicaid APG. otherwise 105% of Ordered NYS MCD FS or 105% of ASP+6%,891.97,,,,,,,Fee Schedule,105 percent of Medicaid APG. otherwise 105% of Ordered NYS MCD FS or 105% of ASP+6%,1146.82,,,,,,,Fee Schedule,135 percent of Medicaid APG. otherwise 135% of Ordered NYS MCD FS or 135% of ASP+6%,1146.82,,,,,,,Fee Schedule,135 percent of Medicaid APG. otherwise 135% of Ordered NYS MCD FS or 135% of ASP+6%,649.16,,,,,,,Case Rate,"100% Medicare OPPS FS. ",6091.36,,,,,,,Case Rate,". MPL 100/50/25% all add ons apply, and lesser of 100% of billed charges",649.16,,,,,,,Case Rate,"100% Medicare OPPS FS. ",891.97,,,,,,,Fee Schedule,105 percent of Medicaid APG. otherwise 105% of Ordered NYS MCD FS or 105% of ASP+6%,4100,,,,,,,Case Rate,". MPL 100/50/25% all add ons apply, and lesser of 100% of billed charges",649.16,,,,,,,Case Rate,"100% Medicare OPPS FS. ",4100,,,,,,,Case Rate,". MPL 100/50/25% all add ons apply, and lesser of 100% of billed charges",4100,,,,,,,Case Rate,". MPL 100/50/25% all add ons apply, and lesser of 100% of billed charges",4100,,,,,,,Case Rate,". MPL 100/50/25% all add ons apply, and lesser of 100% of billed charges",891.97,,,,,,,Fee Schedule,105 percent of Medicaid APG. otherwise 105% of Ordered NYS MCD FS or 105% of ASP+6%,649.16,,,,,,,Case Rate,"100% Medicare OPPS FS. ",4100,,,,,,,Case Rate,". MPL 100/50/25% all add ons apply, and lesser of 100% of billed charges",1146.82,,,,,,,Fee Schedule,135 percent of Medicaid APG. otherwise 135% of Ordered NYS MCD FS or 135% of ASP+6%,4100,,,,,,,Case Rate,". MPL 100/50/25% all add ons apply, and lesser of 100% of billed charges",,200,,,,,0,Case Rate,200% of Medicare OPPS. ; No services were performed during the 15 month look back period.,649.16,,,,,,,Case Rate,"100%Medicare OPPS FS. ",7163,,,,,,,Case Rate,". ",7163,,,,,,,Case Rate,". ",7163,,,,,,,Case Rate,". ",7163,,,,,,,Case Rate,". ",7163,,,,,,,Case Rate,". ",8427,,,,,,,Case Rate,". Primary procedure pays at 100%, all subsequent at 50%.",8427,,,,,,,Case Rate,". Primary procedure pays at 100%, all subsequent at 50%.",7163,,,,,,,Case Rate,". ",7163,,,,,,,Case Rate,". ",7163,,,,,,,Case Rate,". ",7163,,,,,,,Case Rate,". ",7163,,,,,,,Case Rate,". ",649.16,,,,,,,Case Rate,"100% Medicare OPPS FS. ",8427,,,,,,,Case Rate,". Primary procedure pays at 100%, all subsequent at 50%.",649.16,,,,,,,Case Rate,"100% Medicare OPPS FS. ",1911.36,,,,,,,Case Rate,"225 Percent of Medicaid APG. If not included in Medicaid APG, then 100 Percent of Manhattan Medicare",849.49,,,,,,,Case Rate,"100 Percent of Medicaid APG. ",6091.36,,,,,,,Case Rate,". MPL 100/50/25% all add ons apply, and lesser of 100% of billed charges",6091.36,,,,,,,Case Rate,". MPL 100/50/25% all add ons apply, and lesser of 100% of billed charges",649.16,,,,,,,Case Rate,"100% Medicare OPPS FS. ",12574,,,,,,,Case Rate,". Primary procedure pays at 100%, all subsequent at 50%.",649.16,,,,,,,Case Rate,"100% Medicare OPPS FS. ",649.16,,,,,,,Case Rate,"100% Medicare OPPS FS. ",12266,,,,,,,Case Rate,". Primary procedure pays at 100%, secondary at 50%, all subsequent at 25%.  Lesser of applies when negotiated rates exceed charges less addons.",649.16,,,,,,,Case Rate,"100% Medicare OPPS FS. ",6487,,,,,,,Case Rate,". MPL 100/50/25% maxmium of 3 procedures. All add ons apply, and lesser of 100% of billed charges",649.16,,,,,,,Case Rate,"100% Medicare OPPS FS. ",6487,,,,,,,Case Rate,". MPL 100/50/25% maxmium of 3 procedures. All add ons apply, and lesser of 100% of billed charges",12266,,,,,,,Case Rate,". Primary procedure pays at 100%, secondary at 50%, all subsequent at 25%.  Lesser of applies when negotiated rates exceed charges less addons.",6487,,,,,,,Case Rate,". MPL 100/50/25% maxmium of 3 procedures. All add ons apply, and lesser of 100% of billed charges",649.16,,,,,,,Case Rate,"100% Medicare OPPS FS. ",849.49,,,,,,,Case Rate,"100 Percent of Medicaid APG. ",649.16,,,,,,,Case Rate,"100% Medicare OPPS FS. ",6487,,,,,,,Case Rate,". MPL 100/50/25% maxmium of 3 procedures. All add ons apply, and lesser of 100% of billed charges",6091.36,,,,,,,Case Rate,". MPL 100/50/25% all add ons apply, and lesser of 100% of billed charges",849.49,,,,,,,Case Rate,"100 Percent of Medicaid APG. ",4100,,,,,,,Case Rate,". MPL 100/50/25% all add ons apply, and lesser of 100% of billed charges",1019.39,,,,,,,Fee Schedule,"120 Percent of Medicaid APG. ",1019.39,,,,,,,Fee Schedule,"120 Percent of Medicaid APG. ",4100,,,,,,,Case Rate,". MPL 100/50/25% all add ons apply, and lesser of 100% of billed charges",4100,,,,,,,Case Rate,". MPL 100/50/25% all add ons apply, and lesser of 100% of billed charges",4100,,,,,,,Case Rate,". MPL 100/50/25% all add ons apply, and lesser of 100% of billed charges",6091.36,,,,,,,Case Rate,". MPL 100/50/25% all add ons apply, and lesser of 100% of billed charges",4100,,,,,,,Case Rate,". MPL 100/50/25% all add ons apply, and lesser of 100% of billed charges",4100,,,,,,,Case Rate,". MPL 100/50/25% all add ons apply, and lesser of 100% of billed charges",4100,,,,,,,Case Rate,". MPL 100/50/25% all add ons apply, and lesser of 100% of billed charges",7163,,,,,,,Case Rate,". ",7163,,,,,,,Case Rate,". ",1285.33,,,,,,,Case Rate,198 Percent of Medicare OPPS. Metroplus will reimburse unlisted codes and described codes with no Medicare rate at 50 percent of charges.,849.49,,,,,,,Case Rate,"100 Percent of Medicaid APG. ",6091.36,,,,,,,Case Rate,". MPL 100/50/25% all add ons apply, and lesser of 100% of billed charges",6487,,,,,,,Case Rate,". MPL 100/50/25% maxmium of 3 procedures. All add ons apply, and lesser of 100% of billed charges",12266,,,,,,,Case Rate,". Primary procedure pays at 100%, secondary at 50%, all subsequent at 25%.  Lesser of applies when negotiated rates exceed charges less addons.",6091.36,,,,,,,Case Rate,". MPL 100/50/25% all add ons apply, and lesser of 100% of billed charges",12266,,,,,,,Case Rate,". Primary procedure pays at 100%, secondary at 50%, all subsequent at 25%.  Lesser of applies when negotiated rates exceed charges less addons.",6091.36,,,,,,,Case Rate,". MPL 100/50/25% all add ons apply, and lesser of 100% of billed charges",4100,,,,,,,Case Rate,". MPL 100/50/25% all add ons apply, and lesser of 100% of billed charges",4100,,,,,,,Case Rate,". MPL 100/50/25% all add ons apply, and lesser of 100% of billed charges",4100,,,,,,,Case Rate,". MPL 100/50/25% all add ons apply, and lesser of 100% of billed charges",4100,,,,,,,Case Rate,". MPL 100/50/25% all add ons apply, and lesser of 100% of billed charges",649.16,,,,,,,Case Rate,"100% Medicare OPPS FS. ",291.08,25798,
67311,CPT,,,490,RC,REVISE EYE MUSCLE,,,both,,,,7084,,,,,,,Case Rate,". MPL 1st 100% of Payment Rate 50% of all others, all add ons apply, and lesser of 100% of billed charges.",7084,,,,,,,Case Rate,". MPL 1st 100% of Payment Rate 50% of all others, all add ons apply, and lesser of 100% of billed charges.",10024,,,,,,,Case Rate,". Primary procedure pays at 100%, secondary at 50%, all subsequent at 25%.  Lesser of applies when negotiated rates exceed charges less addons.",,100,,,,,0,percent of total billed charges,100 percent of billed charges. ; No services were performed during the 15 month look back period.,2760.59,,,,,,,Case Rate,"100% Medicare OPPS FS. ",10024,,,,,,,Case Rate,". Primary procedure pays at 100%, secondary at 50%, all subsequent at 25%.  Lesser of applies when negotiated rates exceed charges less addons.",10024,,,,,,,Case Rate,". Primary procedure pays at 100%, secondary at 50%, all subsequent at 25%.  Lesser of applies when negotiated rates exceed charges less addons.",10024,,,,,,,Case Rate,". Primary procedure pays at 100%, secondary at 50%, all subsequent at 25%.  Lesser of applies when negotiated rates exceed charges less addons.",2773.29,,,,,,,Case Rate,"100 Percent of Medicaid APG. ",2311.08,,,,,,,Case Rate,"100 Percent of Medicaid APG. ",,78,,,,,0,percent of total billed charges,78% of Billed Charges. Lesser of 100% of billed charges applies.; No services were performed during the 15 month look back period.,12983.3,,,,,,,Case Rate,". MPL 100/50/25% all add ons apply, and lesser of 100% of billed charges",2311.08,,,,,,,Case Rate,"100 Percent of Medicaid APG. ",2760.59,,,,,,,Case Rate,"100% Medicare OPPS FS. ",6487,,,,,,,Case Rate,". MPL 100/50/25% maxmium of 3 procedures. All add ons apply, and lesser of 100% of billed charges",6487,,,,,,,Case Rate,". MPL 100/50/25% maxmium of 3 procedures. All add ons apply, and lesser of 100% of billed charges",6487,,,,,,,Case Rate,". MPL 100/50/25% maxmium of 3 procedures. All add ons apply, and lesser of 100% of billed charges",6487,,,,,,,Case Rate,". MPL 100/50/25% maxmium of 3 procedures. All add ons apply, and lesser of 100% of billed charges",2311.08,,,,,,,Case rate,124 Percent of Medicaid APG. Covered services not payable under Medicaid Fee Schedules default to a payment of 50 percent of charges.,2760.59,,,,,,,Case Rate,"100% Medicare OPPS FS. ",2311.08,,,,,,,Case rate,124 Percent of Medicaid APG. Covered services not payable under Medicaid Fee Schedules default to a payment of 50 percent of charges.,,78,,,,,0,percent of total billed charges,78% of Billed Charges. Lesser of 100% of billed charges applies.; No services were performed during the 15 month look back period.,10024,,,,,,,Case Rate,". Primary procedure pays at 100%, secondary at 50%, all subsequent at 25%.  Lesser of applies when negotiated rates exceed charges less addons.",2760.59,,,,,,,Case Rate,"100%Medicare OPPS FS. ",8427,,,,,,,Case Rate,". Primary procedure pays at 100%, all subsequent at 50%.",2760.59,,,,,,,Case Rate,"100%Medicare OPPS FS. ",2760.59,,,,,,,Case Rate,"100%Medicare OPPS FS. ",,78,,,,,0,percent of total billed charges,78% of Billed Charges. Lesser of 100% of billed charges applies.; No services were performed during the 15 month look back period.,916.89,,,,,,,Case Rate,100% of PAS. Lesser of 100% of billed charges applies.,916.89,,,,,,,Case Rate,100% of PAS. Lesser of 100% of billed charges applies.,2311.08,,,,,,,Case rate,"100 Percent of Medicaid APG. ",2311.08,,,,,,,Case rate,"100 Percent of Medicaid APG. ",8427,,,,,,,Case Rate,". Primary procedure pays at 100%, all subsequent at 50%.",8427,,,,,,,Case Rate,". Primary procedure pays at 100%, all subsequent at 50%.",2311.08,,,,,,,Case Rate,"100 Percent of Medicaid APG. Not APG payable, or payable under another fee schedule like ASP/AWP pays at 30% of charges",8427,,,,,,,Case Rate,". Primary procedure pays at 100%, all subsequent at 50%.",2311.08,,,,,,,Case Rate,"100 Percent of Medicaid APG. Not APG payable, or payable under another fee schedule like ASP/AWP pays at 30% of charges",2760.59,,,,,,,Case Rate,"100%Medicare OPPS FS. ",8427,,,,,,,Case Rate,". Primary procedure pays at 100%, all subsequent at 50%.",,78,,,,,0,percent of total billed charges,78% of Billed Charges. Lesser of 100% of billed charges applies.; No services were performed during the 15 month look back period.,2311.08,,,,,,,Case Rate,"100 Percent of Medicaid APG. ",2311.08,,,,,,,Case Rate,"100 Percent of Medicaid APG. ",,78,,,,,0,percent of total billed charges,78% of Billed Charges. Lesser of 100% of billed charges applies.; No services were performed during the 15 month look back period.,6487,,,,,,,Case Rate,". MPL 100/50/25% maxmium of 3 procedures. All add ons apply, and lesser of 100% of billed charges",11714,,,,,,,Case Rate,". MPL 100/50/25% all add ons apply, and lesser of 100% of billed charges",11714,,,,,,,Case Rate,". MPL 100/50/25% all add ons apply, and lesser of 100% of billed charges",,78,,,,,0,percent of total billed charges,78% of Billed Charges. Lesser of 100% of billed charges applies.; No services were performed during the 15 month look back period.,2760.59,,,,,,,Case Rate,"100% Medicare OPPS FS. ",12983.3,,,,,,,Case Rate,". MPL 100/50/25% all add ons apply, and lesser of 100% of billed charges",12983.3,,,,,,,Case Rate,". MPL 100/50/25% all add ons apply, and lesser of 100% of billed charges",12983.3,,,,,,,Case Rate,". MPL 100/50/25% all add ons apply, and lesser of 100% of billed charges",2760.59,,,,,,,Case Rate,"100% Medicare OPPS FS. ",12983.3,,,,,,,Case Rate,". MPL 100/50/25% all add ons apply, and lesser of 100% of billed charges",12983.3,,,,,,,Case Rate,". MPL 100/50/25% all add ons apply, and lesser of 100% of billed charges",2760.59,,,,,,,Case Rate,"100% of Medicare OPPS. ",25798,,,,,,,Case Rate,". MPL 100/75/50% all add ons apply, and lesser of 100% of billed charges",10351,,,,,,,Case Rate,". MPL 100/50/25% all add ons apply, and lesser of 100% of billed charges",10351,,,,,,,Case Rate,". MPL 100/50/25% all add ons apply, and lesser of 100% of billed charges",10351,,,,,,,Case Rate,". MPL 100/50/25% all add ons apply, and lesser of 100% of billed charges",10351,,,,,,,Case Rate,". MPL 100/50/25% all add ons apply, and lesser of 100% of billed charges",10351,,,,,,,Case Rate,". MPL 100/50/25% all add ons apply, and lesser of 100% of billed charges",10351,,,,,,,Case Rate,". MPL 100/50/25% all add ons apply, and lesser of 100% of billed charges",2760.59,,,,,,,Case Rate,"100% Medicare OPPS FS. ",2760.59,,,,,,,Case Rate,"100% Medicare OPPS FS. ",10351,,,,,,,Case Rate,". MPL 100/50/25% all add ons apply, and lesser of 100% of billed charges",,78,,,,,0,percent of total billed charges,78% of Billed Charges. Lesser of 100% of billed charges applies.; No services were performed during the 15 month look back period.,,78,,,,,0,percent of total billed charges,78% of Billed Charges. Lesser of 100% of billed charges applies.; No services were performed during the 15 month look back period.,,78,,,,,0,percent of total billed charges,78% of Billed Charges. Lesser of 100% of billed charges applies.; No services were performed during the 15 month look back period.,,78,,,,,0,percent of total billed charges,78% of Billed Charges. Lesser of 100% of billed charges applies.; No services were performed during the 15 month look back period.,,78,,,,,0,percent of total billed charges,78% of Billed Charges. Lesser of 100% of billed charges applies.; No services were performed during the 15 month look back period.,,78,,,,,0,percent of total billed charges,78% of Billed Charges. Lesser of 100% of billed charges applies.; No services were performed during the 15 month look back period.,,78,,,,,0,percent of total billed charges,78% of Billed Charges. Lesser of 100% of billed charges applies.; No services were performed during the 15 month look back period.,,78,,,,,0,percent of total billed charges,78% of Billed Charges. Lesser of 100% of billed charges applies.; No services were performed during the 15 month look back period.,,78,,,,,0,percent of total billed charges,78% of Billed Charges. Lesser of 100% of billed charges applies.; No services were performed during the 15 month look back period.,,78,,,,,0,percent of total billed charges,78% of Billed Charges. Lesser of 100% of billed charges applies.; No services were performed during the 15 month look back period.,,78,,,,,0,percent of total billed charges,78% of Billed Charges. Lesser of 100% of billed charges applies.; No services were performed during the 15 month look back period.,,78,,,,,0,percent of total billed charges,78% of Billed Charges. Lesser of 100% of billed charges applies.; No services were performed during the 15 month look back period.,,78,,,,,0,percent of total billed charges,78% of Billed Charges. Lesser of 100% of billed charges applies.; No services were performed during the 15 month look back period.,,78,,,,,0,percent of total billed charges,78% of Billed Charges. Lesser of 100% of billed charges applies.; No services were performed during the 15 month look back period.,,78,,,,,0,percent of total billed charges,78% of Billed Charges. Lesser of 100% of billed charges applies.; No services were performed during the 15 month look back period.,,78,,,,,0,percent of total billed charges,78% of Billed Charges. Lesser of 100% of billed charges applies.; No services were performed during the 15 month look back period.,,78,,,,,0,percent of total billed charges,78% of Billed Charges. Lesser of 100% of billed charges applies.; No services were performed during the 15 month look back period.,,78,,,,,0,percent of total billed charges,78% of Billed Charges. Lesser of 100% of billed charges applies.; No services were performed during the 15 month look back period.,,78,,,,,0,percent of total billed charges,78% of Billed Charges. Lesser of 100% of billed charges applies.; No services were performed during the 15 month look back period.,,78,,,,,0,percent of total billed charges,78% of Billed Charges. Lesser of 100% of billed charges applies.; No services were performed during the 15 month look back period.,,78,,,,,0,percent of total billed charges,78% of Billed Charges. Lesser of 100% of billed charges applies.; No services were performed during the 15 month look back period.,,78,,,,,0,percent of total billed charges,78% of Billed Charges. Lesser of 100% of billed charges applies.; No services were performed during the 15 month look back period.,,78,,,,,0,percent of total billed charges,78% of Billed Charges. Lesser of 100% of billed charges applies.; No services were performed during the 15 month look back period.,,78,,,,,0,percent of total billed charges,78% of Billed Charges. Lesser of 100% of billed charges applies.; No services were performed during the 15 month look back period.,,78,,,,,0,percent of total billed charges,78% of Billed Charges. Lesser of 100% of billed charges applies.; No services were performed during the 15 month look back period.,,78,,,,,0,percent of total billed charges,78% of Billed Charges. Lesser of 100% of billed charges applies.; No services were performed during the 15 month look back period.,8427,,,,,,,Case Rate,". Primary procedure pays at 100%, all subsequent at 50%.",8427,,,,,,,Case Rate,". Primary procedure pays at 100%, all subsequent at 50%.",8427,,,,,,,Case Rate,". Primary procedure pays at 100%, all subsequent at 50%.",8427,,,,,,,Case Rate,". Primary procedure pays at 100%, all subsequent at 50%.",12574,,,,,,,Case Rate,". Primary procedure pays at 100%, all subsequent at 50%.",12574,,,,,,,Case Rate,". Primary procedure pays at 100%, all subsequent at 50%.",6487,,,,,,,Case Rate,". MPL 100/50/25% maxmium of 3 procedures. All add ons apply, and lesser of 100% of billed charges",10351,,,,,,,Case Rate,". MPL 100/50/25% all add ons apply, and lesser of 100% of billed charges",12983.3,,,,,,,Case Rate,". MPL 100/50/25% all add ons apply, and lesser of 100% of billed charges",10351,,,,,,,Case Rate,". MPL 100/50/25% all add ons apply, and lesser of 100% of billed charges",,78,,,,,0,percent of total billed charges,78% of Billed Charges. Lesser of 100% of billed charges applies.; No services were performed during the 15 month look back period.,12574,,,,,,,Case Rate,". Primary procedure pays at 100%, all subsequent at 50%.",10351,,,,,,,Case Rate,". MPL 100/50/25% all add ons apply, and lesser of 100% of billed charges",12983.3,,,,,,,Case Rate,". MPL 100/50/25% all add ons apply, and lesser of 100% of billed charges",6487,,,,,,,Case Rate,". MPL 100/50/25% maxmium of 3 procedures. All add ons apply, and lesser of 100% of billed charges",,,,,,,,,"NA. ",,78,,,,,0,percent of total billed charges,78% of Billed Charges. Lesser of 100% of billed charges applies.; No services were performed during the 15 month look back period.,2311.08,,,,,,,Case Rate,"100 Percent of Medicaid APG. ",8427,,,,,,,Case Rate,". Primary procedure pays at 100%, all subsequent at 50%.",2311.08,,,,,,,Case Rate,"100 Percent of Medicaid APG. Not APG payable, or payable under another fee schedule like ASP/AWP pays at 30% of charges",2760.59,,,,,,,Case Rate,"100%Medicare OPPS FS. ",2760.59,,,,,,,Case Rate,"100% Medicare OPPS FS. ",25798,,,,,,,Case Rate,". MPL 100/75/50% all add ons apply, and lesser of 100% of billed charges",2760.59,,,,,,,Case Rate,"100% Medicare OPPS FS. ",2760.59,,,,,,,Case Rate,"100% Medicare OPPS FS. ",2311.08,,,,,,,Case Rate,"100 Percent of Medicaid APG. ",2760.59,,,,,,,Case Rate,"100% Medicare OPPS FS. ",2760.59,,,,,,,Case Rate,"100% Medicare OPPS FS. ",10024,,,,,,,Case Rate,". Primary procedure pays at 100%, secondary at 50%, all subsequent at 25%.  Lesser of applies when negotiated rates exceed charges less addons.",10024,,,,,,,Case Rate,". Primary procedure pays at 100%, secondary at 50%, all subsequent at 25%.  Lesser of applies when negotiated rates exceed charges less addons.",2760.59,,,,,,,Case Rate,"100% Medicare OPPS FS. ",6487,,,,,,,Case Rate,". MPL 100/50/25% maxmium of 3 procedures. All add ons apply, and lesser of 100% of billed charges",12983.3,,,,,,,Case Rate,". MPL 100/50/25% all add ons apply, and lesser of 100% of billed charges",12983.3,,,,,,,Case Rate,". MPL 100/50/25% all add ons apply, and lesser of 100% of billed charges",2760.59,,,,,,,Case Rate,"100% Medicare OPPS FS. ",6487,,,,,,,Case Rate,". MPL 100/50/25% maxmium of 3 procedures. All add ons apply, and lesser of 100% of billed charges",10024,,,,,,,Case Rate,". Primary procedure pays at 100%, secondary at 50%, all subsequent at 25%.  Lesser of applies when negotiated rates exceed charges less addons.",10024,,,,,,,Case Rate,". Primary procedure pays at 100%, secondary at 50%, all subsequent at 25%.  Lesser of applies when negotiated rates exceed charges less addons.",10024,,,,,,,Case Rate,". Primary procedure pays at 100%, secondary at 50%, all subsequent at 25%.  Lesser of applies when negotiated rates exceed charges less addons.",,78,,,,,0,percent of total billed charges,78% of Billed Charges. Lesser of 100% of billed charges applies.; No services were performed during the 15 month look back period.,,78,,,,,0,percent of total billed charges,78% of Billed Charges. Lesser of 100% of billed charges applies.; No services were performed during the 15 month look back period.,,78,,,,,0,percent of total billed charges,78% of Billed Charges. Lesser of 100% of billed charges applies.; No services were performed during the 15 month look back period.,,78,,,,,0,percent of total billed charges,78% of Billed Charges. Lesser of 100% of billed charges applies.; No services were performed during the 15 month look back period.,,78,,,,,0,percent of total billed charges,78% of Billed Charges. Lesser of 100% of billed charges applies.; No services were performed during the 15 month look back period.,,78,,,,,0,percent of total billed charges,78% of Billed Charges. Lesser of 100% of billed charges applies.; No services were performed during the 15 month look back period.,,78,,,,,0,percent of total billed charges,78% of Billed Charges. Lesser of 100% of billed charges applies.; No services were performed during the 15 month look back period.,,78,,,,,0,percent of total billed charges,78% of Billed Charges. Lesser of 100% of billed charges applies.; No services were performed during the 15 month look back period.,,78,,,,,0,percent of total billed charges,78% of Billed Charges. Lesser of 100% of billed charges applies.; No services were performed during the 15 month look back period.,,78,,,,,0,percent of total billed charges,78% of Billed Charges. Lesser of 100% of billed charges applies.; No services were performed during the 15 month look back period.,,78,,,,,0,percent of total billed charges,78% of Billed Charges. Lesser of 100% of billed charges applies.; No services were performed during the 15 month look back period.,12574,,,,,,,Case Rate,". Primary procedure pays at 100%, all subsequent at 50%.",10351,,,,,,,Case Rate,". MPL 100/50/25% all add ons apply, and lesser of 100% of billed charges",6487,,,,,,,Case Rate,". MPL 100/50/25% maxmium of 3 procedures. All add ons apply, and lesser of 100% of billed charges",2760.59,,,,,,,Case Rate,"100% Medicare OPPS FS. ",10024,,,,,,,Case Rate,". Primary procedure pays at 100%, secondary at 50%, all subsequent at 25%.  Lesser of applies when negotiated rates exceed charges less addons.",6487,,,,,,,Case Rate,". MPL 100/50/25% maxmium of 3 procedures. All add ons apply, and lesser of 100% of billed charges",6487,,,,,,,Case Rate,". MPL 100/50/25% maxmium of 3 procedures. All add ons apply, and lesser of 100% of billed charges",,78,,,,,0,percent of total billed charges,78% of Billed Charges. Lesser of 100% of billed charges applies.; No services were performed during the 15 month look back period.,4945.7,,,,,,,Case Rate,"214 Percent of Medicaid APG. Drugs not priced under APG, billed with revenue code 636 and not priced by Medicare ASP FeeSched will be reimbursed at 20% of charges.",6487,,,,,,,Case Rate,". MPL 100/50/25% maxmium of 3 procedures. All add ons apply, and lesser of 100% of billed charges",2311.08,,,,,,,Case Rate,"100 Percent of Medicaid APG. ",2760.59,,,,,,,Case Rate,"100% Medicare OPPS FS. ",2760.59,,,,,,,Case Rate,"100% Medicare OPPS FS. ",2760.59,,,,,,,Case Rate,"100% Medicare OPPS FS. ",2760.59,,,,,,,Case Rate,"100% Medicare OPPS FS. ",2760.59,,,,,,,Case Rate,"100% Medicare OPPS FS. ",2760.59,,,,,,,Case Rate,"100% Medicare OPPS FS. ",6487,,,,,,,Case Rate,". MPL 100/50/25% maxmium of 3 procedures. All add ons apply, and lesser of 100% of billed charges",25798,,,,,,,Case Rate,". MPL 100/75/50% all add ons apply, and lesser of 100% of billed charges",4159.94,,,,,,,Fee Schedule,"180 Percent of Medicaid APG. ",4159.94,,,,,,,Fee Schedule,"180 Percent of Medicaid APG. ",4159.94,,,,,,,Fee Schedule,"180 Percent of Medicaid APG. ",4159.94,,,,,,,Fee Schedule,"180 Percent of Medicaid APG. ",4159.94,,,,,,,Fee Schedule,"180 Percent of Medicaid APG. ",,,,,,,,,"NA. ",25798,,,,,,,Case Rate,". MPL 100/75/50% all add ons apply, and lesser of 100% of billed charges",5465.97,,,,,,,Case Rate,198 Percent of Medicare OPPS. Metroplus will reimburse unlisted codes and described codes with no Medicare rate at 50 percent of charges.,5465.97,,,,,,,Case Rate,198 Percent of Medicare OPPS. Metroplus will reimburse unlisted codes and described codes with no Medicare rate at 50 percent of charges.,5465.97,,,,,,,Case Rate,198 Percent of Medicare OPPS. Metroplus will reimburse unlisted codes and described codes with no Medicare rate at 50 percent of charges.,5465.97,,,,,,,Case Rate,198 Percent of Medicare OPPS. Metroplus will reimburse unlisted codes and described codes with no Medicare rate at 50 percent of charges.,5465.97,,,,,,,Case Rate,198 Percent of Medicare OPPS. Metroplus will reimburse unlisted codes and described codes with no Medicare rate at 50 percent of charges.,2760.59,,,,,,,Case Rate,"100% Medicare OPPS FS. ",12574,,,,,,,Case Rate,". Primary procedure pays at 100%, all subsequent at 50%.",12574,,,,,,,Case Rate,". Primary procedure pays at 100%, all subsequent at 50%.",12574,,,,,,,Case Rate,". Primary procedure pays at 100%, all subsequent at 50%.",12574,,,,,,,Case Rate,". Primary procedure pays at 100%, all subsequent at 50%.",10024,,,,,,,Case Rate,". Primary procedure pays at 100%, secondary at 50%, all subsequent at 25%.  Lesser of applies when negotiated rates exceed charges less addons.",10024,,,,,,,Case Rate,". Primary procedure pays at 100%, secondary at 50%, all subsequent at 25%.  Lesser of applies when negotiated rates exceed charges less addons.",10024,,,,,,,Case Rate,". Primary procedure pays at 100%, secondary at 50%, all subsequent at 25%.  Lesser of applies when negotiated rates exceed charges less addons.",10024,,,,,,,Case Rate,". Primary procedure pays at 100%, secondary at 50%, all subsequent at 25%.  Lesser of applies when negotiated rates exceed charges less addons.",25798,,,,,,,Case Rate,". MPL 100/75/50% all add ons apply, and lesser of 100% of billed charges",25798,,,,,,,Case Rate,". MPL 100/75/50% all add ons apply, and lesser of 100% of billed charges",2760.59,,,,,,,Case Rate,"100% Medicare OPPS FS. ",2760.59,,,,,,,Case Rate,"100% Medicare OPPS FS. ",2760.59,,,,,,,Case Rate,"100% Medicare OPPS FS. ",10351,,,,,,,Case Rate,". MPL 100/50/25% all add ons apply, and lesser of 100% of billed charges",10351,,,,,,,Case Rate,". MPL 100/50/25% all add ons apply, and lesser of 100% of billed charges",10351,,,,,,,Case Rate,". MPL 100/50/25% all add ons apply, and lesser of 100% of billed charges",25798,,,,,,,Case Rate,". MPL 100/75/50% all add ons apply, and lesser of 100% of billed charges",10024,,,,,,,Case Rate,". Primary procedure pays at 100%, secondary at 50%, all subsequent at 25%.  Lesser of applies when negotiated rates exceed charges less addons.",2760.59,,,,,,,Case Rate,"100% Medicare OPPS FS. ",10351,,,,,,,Case Rate,". MPL 100/50/25% all add ons apply, and lesser of 100% of billed charges",2311.08,,,,,,,Case Rate,"100 Percent of Medicaid APG. ",2815.8,,,,,,,Case Rate,"102% of Medicare OPPS. ",2815.8,,,,,,,Case Rate,"102% of Medicare OPPS. ",2815.8,,,,,,,Case Rate,"102% of Medicare OPPS. ",2311.08,,,,,,,Case rate,"100 Percent of Medicaid APG. ",5199.92,,,,,,,Case Rate,225% of NYS APG. Lesser of 100% of billed charges applies.,5199.92,,,,,,,Case Rate,225% of NYS APG. Lesser of 100% of billed charges applies.,5199.92,,,,,,,Case Rate,225% of NYS APG. Lesser of 100% of billed charges applies.,5199.92,,,,,,,Case Rate,225% of NYS APG. Lesser of 100% of billed charges applies.,5199.92,,,,,,,Case Rate,225% of NYS APG. Lesser of 100% of billed charges applies.,2815.8,,,,,,,Case Rate,"102% of Medicare OPPS. ",2311.08,,,,,,,Case Rate,"100 Percent of Medicaid APG. ",916.89,,,,,,,Case Rate,100% of PAS. Lesser of 100% of billed charges applies.,5199.92,,,,,,,Case Rate,225% of NYS APG. Lesser of 100% of billed charges applies.,5199.92,,,,,,,Case Rate,225% of NYS APG. Lesser of 100% of billed charges applies.,916.89,,,,,,,Case Rate,100% of PAS. Lesser of 100% of billed charges applies.,916.89,,,,,,,Case Rate,100% of PAS. Lesser of 100% of billed charges applies.,4159.94,,,,,,,Fee Schedule,"180 Percent of Medicaid APG. ",2760.59,,,,,,,Case Rate,"100% Medicare OPPS FS. ",2760.59,,,,,,,Case Rate,"100% Medicare OPPS FS. ",10024,,,,,,,Case Rate,". Primary procedure pays at 100%, secondary at 50%, all subsequent at 25%.  Lesser of applies when negotiated rates exceed charges less addons.",2760.59,,,,,,,Case Rate,"100% Medicare OPPS FS. ",5199.92,,,,,,,Case Rate,"225 Percent of Medicaid APG. ",5199.92,,,,,,,Case Rate,"225 Percent of Medicaid APG. ",2311.08,,,,,,,Case rate,"100 Percent of Medicaid APG. ",2311.08,,,,,,,Case rate,"100 Percent of Medicaid APG. ",5199.92,,,,,,,Case Rate,225 Percent of Medicaid APG. Covered services not payable under Medicaid Fee Schedules default to a payment of 87.5 percent of charges.,2311.08,,,,,,,Case rate,124 Percent of Medicaid APG. Covered services not payable under Medicaid Fee Schedules default to a payment of 50 percent of charges.,5199.92,,,,,,,Case Rate,"100 Percent of Medicaid APG. ",5199.92,,,,,,,Case Rate,"100 Percent of Medicaid APG. ",5199.92,,,,,,,Case Rate,"100 Percent of Medicaid APG. ",5199.92,,,,,,,Case Rate,"100 Percent of Medicaid APG. ",13453,,,,,,,Case Rate,". MPL 100/75/50% all add ons apply, and lesser of 100% of billed charges",25798,,,,,,,Case Rate,". MPL 100/75/50% all add ons apply, and lesser of 100% of billed charges",2773.29,,,,,,,Case Rate,"120 Percent of Medicaid APG. Not APG payable, or payable under another fee schedule like ASP/AWP pays at 30% of charges",2773.29,,,,,,,Case Rate,"120 Percent of Medicaid APG. Not APG payable, or payable under another fee schedule like ASP/AWP pays at 30% of charges",2311.08,,,,,,,Case Rate,"100 Percent of Medicaid APG. Not APG payable, or payable under another fee schedule like ASP/AWP pays at 30% of charges",2311.08,,,,,,,Case Rate,"100 Percent of Medicaid APG. Not APG payable, or payable under another fee schedule like ASP/AWP pays at 30% of charges",10351,,,,,,,Case Rate,". MPL 100/50/25% all add ons apply, and lesser of 100% of billed charges",10351,,,,,,,Case Rate,". MPL 100/50/25% all add ons apply, and lesser of 100% of billed charges",2760.59,,,,,,,Case Rate,"100% Medicare OPPS FS. ",10351,,,,,,,Case Rate,". MPL 100/50/25% all add ons apply, and lesser of 100% of billed charges",10351,,,,,,,Case Rate,". MPL 100/50/25% all add ons apply, and lesser of 100% of billed charges",10351,,,,,,,Case Rate,". MPL 100/50/25% all add ons apply, and lesser of 100% of billed charges",10351,,,,,,,Case Rate,". MPL 100/50/25% all add ons apply, and lesser of 100% of billed charges",2760.59,,,,,,,Case Rate,"100% Medicare OPPS FS. ",10351,,,,,,,Case Rate,". MPL 100/50/25% all add ons apply, and lesser of 100% of billed charges",10351,,,,,,,Case Rate,". MPL 100/50/25% all add ons apply, and lesser of 100% of billed charges",10024,,,,,,,Case Rate,". Primary procedure pays at 100%, secondary at 50%, all subsequent at 25%.  Lesser of applies when negotiated rates exceed charges less addons.",2311.08,,,,,,,Fee Schedule,100% APG. Lesser of 100% of billed charges applies.,2311.08,,,,,,,Case rate,124 Percent of Medicaid APG. Covered services not payable under Medicaid Fee Schedules default to a payment of 50 percent of charges.,5199.92,,,,,,,Case Rate,225% of NYS APG. Lesser of 100% of billed charges applies.,5199.92,,,,,,,Case Rate,225 Percent of Medicaid APG. Covered services not payable under Medicaid Fee Schedules default to a payment of 87.5 percent of charges.,2311.08,,,,,,,Case rate,124 Percent of Medicaid APG. Covered services not payable under Medicaid Fee Schedules default to a payment of 50 percent of charges.,5199.92,,,,,,,Case Rate,225% of NYS APG. Lesser of 100% of billed charges applies.,5199.92,,,,,,,Case Rate,225% of NYS APG. Lesser of 100% of billed charges applies.,5199.92,,,,,,,Case Rate,225% of NYS APG. Lesser of 100% of billed charges applies.,5199.92,,,,,,,Case Rate,225% of NYS APG. Lesser of 100% of billed charges applies.,5199.92,,,,,,,Case Rate,225% of NYS APG. Lesser of 100% of billed charges applies.,5199.92,,,,,,,Case Rate,225% of NYS APG. Lesser of 100% of billed charges applies.,,,,,,,,,"NA. ",,,,,,,,,"NA. ",,,,,,,,,"NA. ",6487,,,,,,,Case Rate,". MPL 100/50/25% maxmium of 3 procedures. All add ons apply, and lesser of 100% of billed charges",,,,,,,,,"NA. ",2760.59,,,,,,,Case Rate,"100% Medicare OPPS FS. ",7084,,,,,,,Case Rate,". MPL 1st 100% of Payment Rate 50% of all others, all add ons apply, and lesser of 100% of billed charges.",2760.59,,,,,,,Case Rate,"100% Medicare OPPS FS. ",2760.59,,,,,,,Case Rate,"100% Medicare OPPS FS. ",2773.29,,,,,,,Case Rate,"120 Percent of Medicaid APG. Not APG payable, or payable under another fee schedule like ASP/AWP pays at 30% of charges",2773.29,,,,,,,Case Rate,"120 Percent of Medicaid APG. Not APG payable, or payable under another fee schedule like ASP/AWP pays at 30% of charges",2311.08,,,,,,,Case Rate,"100 Percent of Medicaid APG. Not APG payable, or payable under another fee schedule like ASP/AWP pays at 30% of charges",2311.08,,,,,,,Case Rate,"100 Percent of Medicaid APG. Not APG payable, or payable under another fee schedule like ASP/AWP pays at 30% of charges",2311.08,,,,,,,Case Rate,"100 Percent of Medicaid APG. ",7163,,,,,,,Case Rate,". ",10024,,,,,,,Case Rate,". Primary procedure pays at 100%, secondary at 50%, all subsequent at 25%.  Lesser of applies when negotiated rates exceed charges less addons.",8427,,,,,,,Case Rate,". Primary procedure pays at 100%, all subsequent at 50%.",6487,,,,,,,Case Rate,". MPL 100/50/25% maxmium of 3 procedures. All add ons apply, and lesser of 100% of billed charges",2760.59,,,,,,,Case Rate,"100%Medicare OPPS FS. ",2760.59,,,,,,,Case Rate,"100% Medicare OPPS FS. ",2760.59,,,,,,,Case Rate,"100% Medicare OPPS FS. ",2760.59,,,,,,,Case Rate,"100% Medicare OPPS FS. ",2760.59,,,,,,,Case Rate,"100%Medicare OPPS FS. ",2760.59,,,,,,,Case Rate,"100% Medicare OPPS FS. ",,,,,,,,,"NA. ",5199.92,,,,,,,Case Rate,225% of NYS APG. Lesser of 100% of billed charges applies.,916.89,,,,,,,Case Rate,100% of PAS. Lesser of 100% of billed charges applies.,10351,,,,,,,Case Rate,". MPL 100/50/25% all add ons apply, and lesser of 100% of billed charges",7163,,,,,,,Case Rate,". ",7163,,,,,,,Case Rate,". ",7163,,,,,,,Case Rate,". ",7163,,,,,,,Case Rate,". ",2760.59,,,,,,,Case Rate,"100% Medicare OPPS FS. ",2311.08,,,,,,,Case Rate,"100 Percent of Medicaid APG. ",10351,,,,,,,Case Rate,". MPL 100/50/25% all add ons apply, and lesser of 100% of billed charges",2311.08,,,,,,,Case Rate,"100 Percent of Medicaid APG. ",2760.59,,,,,,,Case Rate,"100% Medicare OPPS FS. ",2311.08,,,,,,,Case Rate,"100 Percent of Medicaid APG. ",2760.59,,,,,,,Case Rate,"100% Medicare OPPS FS. ",2760.59,,,,,,,Case Rate,"100% Medicare OPPS FS. ",2311.08,,,,,,,Case Rate,"100 Percent of Medicaid APG. ",2311.08,,,,,,,Case Rate,"100 Percent of Medicaid APG. ",7163,,,,,,,Case Rate,". ",6487,,,,,,,Case Rate,". MPL 100/50/25% maxmium of 3 procedures. All add ons apply, and lesser of 100% of billed charges",,78,,,,,0,percent of total billed charges,78% of Billed Charges. Lesser of 100% of billed charges applies.; No services were performed during the 15 month look back period.,12983.3,,,,,,,Case Rate,". MPL 100/50/25% all add ons apply, and lesser of 100% of billed charges",12983.3,,,,,,,Case Rate,". MPL 100/50/25% all add ons apply, and lesser of 100% of billed charges",10024,,,,,,,Case Rate,". Primary procedure pays at 100%, secondary at 50%, all subsequent at 25%.  Lesser of applies when negotiated rates exceed charges less addons.",985.19,,,,,,,Case Rate,"83% HF Fee schedule. ",12574,,,,,,,Case Rate,". Primary procedure pays at 100%, all subsequent at 50%.",12574,,,,,,,Case Rate,". Primary procedure pays at 100%, all subsequent at 50%.",8281,,,,,,,Case Rate,". MPL 100/50/25% all add ons apply, and lesser of 100% of billed charges",8281,,,,,,,Case Rate,". MPL 100/50/25% all add ons apply, and lesser of 100% of billed charges",2760.59,,,,,,,Case Rate,"100% Medicare OPPS FS. ",2760.59,,,,,,,Case Rate,"100% Medicare OPPS FS. ",2760.59,,,,,,,Case Rate,"100% Medicare OPPS FS. ",2760.59,,,,,,,Case Rate,"100% Medicare OPPS FS. ",12983.3,,,,,,,Case Rate,". MPL 100/50/25% all add ons apply, and lesser of 100% of billed charges",10351,,,,,,,Case Rate,". MPL 100/50/25% all add ons apply, and lesser of 100% of billed charges",10351,,,,,,,Case Rate,". MPL 100/50/25% all add ons apply, and lesser of 100% of billed charges",2760.59,,,,,,,Case Rate,"100% Medicare OPPS FS. ",8281,,,,,,,Case Rate,". MPL 100/50/25% all add ons apply, and lesser of 100% of billed charges",8427,,,,,,,Case Rate,". Primary procedure pays at 100%, all subsequent at 50%.",2773.29,,,,,,,Fee Schedule,"120 Percent of Medicaid APG. ",2311.08,,,,,,,Case Rate,"100 Percent of Medicaid APG. ",7163,,,,,,,Case Rate,". ",9316,,,,,,,Case Rate,". MPL 100/50/25% all add ons apply, and lesser of 100% of billed charges",9316,,,,,,,Case Rate,". MPL 100/50/25% all add ons apply, and lesser of 100% of billed charges",10351,,,,,,,Case Rate,". MPL 100/50/25% all add ons apply, and lesser of 100% of billed charges",14948,,,,,,,Case Rate,". MPL 100/75/50% all add ons apply, and lesser of 100% of billed charges",2760.59,,,,,,,Case Rate,"100%Medicare OPPS FS. ",2426.63,,,,,,,Fee Schedule,105 percent of Medicaid APG. otherwise 105% of Ordered NYS MCD FS or 105% of ASP+6%,2426.63,,,,,,,Fee Schedule,105 percent of Medicaid APG. otherwise 105% of Ordered NYS MCD FS or 105% of ASP+6%,2426.63,,,,,,,Fee Schedule,105 percent of Medicaid APG. otherwise 105% of Ordered NYS MCD FS or 105% of ASP+6%,3119.95,,,,,,,Fee Schedule,135 percent of Medicaid APG. otherwise 135% of Ordered NYS MCD FS or 135% of ASP+6%,12983.3,,,,,,,Case Rate,". MPL 100/50/25% all add ons apply, and lesser of 100% of billed charges",2426.63,,,,,,,Fee Schedule,105 percent of Medicaid APG. otherwise 105% of Ordered NYS MCD FS or 105% of ASP+6%,2426.63,,,,,,,Fee Schedule,105 percent of Medicaid APG. otherwise 105% of Ordered NYS MCD FS or 105% of ASP+6%,2426.63,,,,,,,Fee Schedule,105 percent of Medicaid APG. otherwise 105% of Ordered NYS MCD FS or 105% of ASP+6%,2426.63,,,,,,,Fee Schedule,105 percent of Medicaid APG. otherwise 105% of Ordered NYS MCD FS or 105% of ASP+6%,2426.63,,,,,,,Fee Schedule,105 percent of Medicaid APG. otherwise 105% of Ordered NYS MCD FS or 105% of ASP+6%,3119.95,,,,,,,Fee Schedule,135 percent of Medicaid APG. otherwise 135% of Ordered NYS MCD FS or 135% of ASP+6%,3119.95,,,,,,,Fee Schedule,135 percent of Medicaid APG. otherwise 135% of Ordered NYS MCD FS or 135% of ASP+6%,2760.59,,,,,,,Case Rate,"100% Medicare OPPS FS. ",12983.3,,,,,,,Case Rate,". MPL 100/50/25% all add ons apply, and lesser of 100% of billed charges",2760.59,,,,,,,Case Rate,"100% Medicare OPPS FS. ",2426.63,,,,,,,Fee Schedule,105 percent of Medicaid APG. otherwise 105% of Ordered NYS MCD FS or 105% of ASP+6%,10351,,,,,,,Case Rate,". MPL 100/50/25% all add ons apply, and lesser of 100% of billed charges",2760.59,,,,,,,Case Rate,"100% Medicare OPPS FS. ",10351,,,,,,,Case Rate,". MPL 100/50/25% all add ons apply, and lesser of 100% of billed charges",10351,,,,,,,Case Rate,". MPL 100/50/25% all add ons apply, and lesser of 100% of billed charges",10351,,,,,,,Case Rate,". MPL 100/50/25% all add ons apply, and lesser of 100% of billed charges",2426.63,,,,,,,Fee Schedule,105 percent of Medicaid APG. otherwise 105% of Ordered NYS MCD FS or 105% of ASP+6%,2760.59,,,,,,,Case Rate,"100% Medicare OPPS FS. ",10351,,,,,,,Case Rate,". MPL 100/50/25% all add ons apply, and lesser of 100% of billed charges",3119.95,,,,,,,Fee Schedule,135 percent of Medicaid APG. otherwise 135% of Ordered NYS MCD FS or 135% of ASP+6%,10351,,,,,,,Case Rate,". MPL 100/50/25% all add ons apply, and lesser of 100% of billed charges",,200,,,,,0,Case Rate,200% of Medicare OPPS. ; No services were performed during the 15 month look back period.,2760.59,,,,,,,Case Rate,"100%Medicare OPPS FS. ",7163,,,,,,,Case Rate,". ",7163,,,,,,,Case Rate,". ",7163,,,,,,,Case Rate,". ",7163,,,,,,,Case Rate,". ",7163,,,,,,,Case Rate,". ",8427,,,,,,,Case Rate,". Primary procedure pays at 100%, all subsequent at 50%.",8427,,,,,,,Case Rate,". Primary procedure pays at 100%, all subsequent at 50%.",7163,,,,,,,Case Rate,". ",7163,,,,,,,Case Rate,". ",7163,,,,,,,Case Rate,". ",7163,,,,,,,Case Rate,". ",7163,,,,,,,Case Rate,". ",2760.59,,,,,,,Case Rate,"100% Medicare OPPS FS. ",8427,,,,,,,Case Rate,". Primary procedure pays at 100%, all subsequent at 50%.",2760.59,,,,,,,Case Rate,"100% Medicare OPPS FS. ",5199.92,,,,,,,Case Rate,"225 Percent of Medicaid APG. If not included in Medicaid APG, then 100 Percent of Manhattan Medicare",2311.08,,,,,,,Case Rate,"100 Percent of Medicaid APG. ",12983.3,,,,,,,Case Rate,". MPL 100/50/25% all add ons apply, and lesser of 100% of billed charges",12983.3,,,,,,,Case Rate,". MPL 100/50/25% all add ons apply, and lesser of 100% of billed charges",2760.59,,,,,,,Case Rate,"100% Medicare OPPS FS. ",12574,,,,,,,Case Rate,". Primary procedure pays at 100%, all subsequent at 50%.",2760.59,,,,,,,Case Rate,"100% Medicare OPPS FS. ",2760.59,,,,,,,Case Rate,"100% Medicare OPPS FS. ",10024,,,,,,,Case Rate,". Primary procedure pays at 100%, secondary at 50%, all subsequent at 25%.  Lesser of applies when negotiated rates exceed charges less addons.",2760.59,,,,,,,Case Rate,"100% Medicare OPPS FS. ",6487,,,,,,,Case Rate,". MPL 100/50/25% maxmium of 3 procedures. All add ons apply, and lesser of 100% of billed charges",2760.59,,,,,,,Case Rate,"100% Medicare OPPS FS. ",6487,,,,,,,Case Rate,". MPL 100/50/25% maxmium of 3 procedures. All add ons apply, and lesser of 100% of billed charges",10024,,,,,,,Case Rate,". Primary procedure pays at 100%, secondary at 50%, all subsequent at 25%.  Lesser of applies when negotiated rates exceed charges less addons.",6487,,,,,,,Case Rate,". MPL 100/50/25% maxmium of 3 procedures. All add ons apply, and lesser of 100% of billed charges",2760.59,,,,,,,Case Rate,"100% Medicare OPPS FS. ",2311.08,,,,,,,Case Rate,"100 Percent of Medicaid APG. ",2760.59,,,,,,,Case Rate,"100% Medicare OPPS FS. ",6487,,,,,,,Case Rate,". MPL 100/50/25% maxmium of 3 procedures. All add ons apply, and lesser of 100% of billed charges",12983.3,,,,,,,Case Rate,". MPL 100/50/25% all add ons apply, and lesser of 100% of billed charges",2311.08,,,,,,,Case Rate,"100 Percent of Medicaid APG. ",10351,,,,,,,Case Rate,". MPL 100/50/25% all add ons apply, and lesser of 100% of billed charges",2773.29,,,,,,,Fee Schedule,"120 Percent of Medicaid APG. ",2773.29,,,,,,,Fee Schedule,"120 Percent of Medicaid APG. ",10351,,,,,,,Case Rate,". MPL 100/50/25% all add ons apply, and lesser of 100% of billed charges",10351,,,,,,,Case Rate,". MPL 100/50/25% all add ons apply, and lesser of 100% of billed charges",10351,,,,,,,Case Rate,". MPL 100/50/25% all add ons apply, and lesser of 100% of billed charges",12983.3,,,,,,,Case Rate,". MPL 100/50/25% all add ons apply, and lesser of 100% of billed charges",10351,,,,,,,Case Rate,". MPL 100/50/25% all add ons apply, and lesser of 100% of billed charges",10351,,,,,,,Case Rate,". MPL 100/50/25% all add ons apply, and lesser of 100% of billed charges",10351,,,,,,,Case Rate,". MPL 100/50/25% all add ons apply, and lesser of 100% of billed charges",7163,,,,,,,Case Rate,". ",7163,,,,,,,Case Rate,". ",5465.97,,,,,,,Case Rate,198 Percent of Medicare OPPS. Metroplus will reimburse unlisted codes and described codes with no Medicare rate at 50 percent of charges.,2311.08,,,,,,,Case Rate,"100 Percent of Medicaid APG. ",12983.3,,,,,,,Case Rate,". MPL 100/50/25% all add ons apply, and lesser of 100% of billed charges",6487,,,,,,,Case Rate,". MPL 100/50/25% maxmium of 3 procedures. All add ons apply, and lesser of 100% of billed charges",10024,,,,,,,Case Rate,". Primary procedure pays at 100%, secondary at 50%, all subsequent at 25%.  Lesser of applies when negotiated rates exceed charges less addons.",12983.3,,,,,,,Case Rate,". MPL 100/50/25% all add ons apply, and lesser of 100% of billed charges",10024,,,,,,,Case Rate,". Primary procedure pays at 100%, secondary at 50%, all subsequent at 25%.  Lesser of applies when negotiated rates exceed charges less addons.",12983.3,,,,,,,Case Rate,". MPL 100/50/25% all add ons apply, and lesser of 100% of billed charges",10351,,,,,,,Case Rate,". MPL 100/50/25% all add ons apply, and lesser of 100% of billed charges",10351,,,,,,,Case Rate,". MPL 100/50/25% all add ons apply, and lesser of 100% of billed charges",10351,,,,,,,Case Rate,". MPL 100/50/25% all add ons apply, and lesser of 100% of billed charges",10351,,,,,,,Case Rate,". MPL 100/50/25% all add ons apply, and lesser of 100% of billed charges",2760.59,,,,,,,Case Rate,"100% Medicare OPPS FS. ",916.89,25798,
67445,CPT,,,490,RC,EXPLR/DECOMPRESS EYE SOCKET,,,both,,,,9740,,,,,,,Case Rate,". MPL 1st 100% of Payment Rate 50% of all others, all add ons apply, and lesser of 100% of billed charges.",9740,,,,,,,Case Rate,". MPL 1st 100% of Payment Rate 50% of all others, all add ons apply, and lesser of 100% of billed charges.",12266,,,,,,,Case Rate,". Primary procedure pays at 100%, secondary at 50%, all subsequent at 25%.  Lesser of applies when negotiated rates exceed charges less addons.",,100,,,,,0,percent of total billed charges,100 percent of billed charges. ; No services were performed during the 15 month look back period.,4462.22,,,,,,,Case Rate,"100% Medicare OPPS FS. ",12266,,,,,,,Case Rate,". Primary procedure pays at 100%, secondary at 50%, all subsequent at 25%.  Lesser of applies when negotiated rates exceed charges less addons.",12266,,,,,,,Case Rate,". Primary procedure pays at 100%, secondary at 50%, all subsequent at 25%.  Lesser of applies when negotiated rates exceed charges less addons.",12266,,,,,,,Case Rate,". Primary procedure pays at 100%, secondary at 50%, all subsequent at 25%.  Lesser of applies when negotiated rates exceed charges less addons.",4990.18,,,,,,,Case Rate,"100 Percent of Medicaid APG. ",4158.49,,,,,,,Case Rate,"100 Percent of Medicaid APG. ",,78,,,,,0,percent of total billed charges,78% of Billed Charges. Lesser of 100% of billed charges applies.; No services were performed during the 15 month look back period.,10978.39,,,,,,,Case Rate,". MPL 100/50/25% all add ons apply, and lesser of 100% of billed charges",4158.49,,,,,,,Case Rate,"100 Percent of Medicaid APG. ",4462.22,,,,,,,Case Rate,"100% Medicare OPPS FS. ",6487,,,,,,,Case Rate,". MPL 100/50/25% maxmium of 3 procedures. All add ons apply, and lesser of 100% of billed charges",6487,,,,,,,Case Rate,". MPL 100/50/25% maxmium of 3 procedures. All add ons apply, and lesser of 100% of billed charges",6487,,,,,,,Case Rate,". MPL 100/50/25% maxmium of 3 procedures. All add ons apply, and lesser of 100% of billed charges",6487,,,,,,,Case Rate,". MPL 100/50/25% maxmium of 3 procedures. All add ons apply, and lesser of 100% of billed charges",4158.49,,,,,,,Case rate,124 Percent of Medicaid APG. Covered services not payable under Medicaid Fee Schedules default to a payment of 50 percent of charges.,4462.22,,,,,,,Case Rate,"100% Medicare OPPS FS. ",4158.49,,,,,,,Case rate,124 Percent of Medicaid APG. Covered services not payable under Medicaid Fee Schedules default to a payment of 50 percent of charges.,,78,,,,,0,percent of total billed charges,78% of Billed Charges. Lesser of 100% of billed charges applies.; No services were performed during the 15 month look back period.,12266,,,,,,,Case Rate,". Primary procedure pays at 100%, secondary at 50%, all subsequent at 25%.  Lesser of applies when negotiated rates exceed charges less addons.",4462.22,,,,,,,Case Rate,"100%Medicare OPPS FS. ",8427,,,,,,,Case Rate,". Primary procedure pays at 100%, all subsequent at 50%.",4462.22,,,,,,,Case Rate,"100%Medicare OPPS FS. ",4462.22,,,,,,,Case Rate,"100%Medicare OPPS FS. ",,78,,,,,0,percent of total billed charges,78% of Billed Charges. Lesser of 100% of billed charges applies.; No services were performed during the 15 month look back period.,1484.39,,,,,,,Case Rate,100% of PAS. Lesser of 100% of billed charges applies.,1484.39,,,,,,,Case Rate,100% of PAS. Lesser of 100% of billed charges applies.,4158.49,,,,,,,Case rate,"100 Percent of Medicaid APG. ",4158.49,,,,,,,Case rate,"100 Percent of Medicaid APG. ",8427,,,,,,,Case Rate,". Primary procedure pays at 100%, all subsequent at 50%.",8427,,,,,,,Case Rate,". Primary procedure pays at 100%, all subsequent at 50%.",4158.49,,,,,,,Case Rate,"100 Percent of Medicaid APG. Not APG payable, or payable under another fee schedule like ASP/AWP pays at 30% of charges",8427,,,,,,,Case Rate,". Primary procedure pays at 100%, all subsequent at 50%.",4158.49,,,,,,,Case Rate,"100 Percent of Medicaid APG. Not APG payable, or payable under another fee schedule like ASP/AWP pays at 30% of charges",4462.22,,,,,,,Case Rate,"100%Medicare OPPS FS. ",8427,,,,,,,Case Rate,". Primary procedure pays at 100%, all subsequent at 50%.",,78,,,,,0,percent of total billed charges,78% of Billed Charges. Lesser of 100% of billed charges applies.; No services were performed during the 15 month look back period.,4158.49,,,,,,,Case Rate,"100 Percent of Medicaid APG. ",4158.49,,,,,,,Case Rate,"100 Percent of Medicaid APG. ",,78,,,,,0,percent of total billed charges,78% of Billed Charges. Lesser of 100% of billed charges applies.; No services were performed during the 15 month look back period.,6487,,,,,,,Case Rate,". MPL 100/50/25% maxmium of 3 procedures. All add ons apply, and lesser of 100% of billed charges",9645,,,,,,,Case Rate,". MPL 100/50/25% all add ons apply, and lesser of 100% of billed charges",9645,,,,,,,Case Rate,". MPL 100/50/25% all add ons apply, and lesser of 100% of billed charges",,78,,,,,0,percent of total billed charges,78% of Billed Charges. Lesser of 100% of billed charges applies.; No services were performed during the 15 month look back period.,4462.22,,,,,,,Case Rate,"100% Medicare OPPS FS. ",10978.39,,,,,,,Case Rate,". MPL 100/50/25% all add ons apply, and lesser of 100% of billed charges",10978.39,,,,,,,Case Rate,". MPL 100/50/25% all add ons apply, and lesser of 100% of billed charges",10978.39,,,,,,,Case Rate,". MPL 100/50/25% all add ons apply, and lesser of 100% of billed charges",4462.22,,,,,,,Case Rate,"100% Medicare OPPS FS. ",10978.39,,,,,,,Case Rate,". MPL 100/50/25% all add ons apply, and lesser of 100% of billed charges",10978.39,,,,,,,Case Rate,". MPL 100/50/25% all add ons apply, and lesser of 100% of billed charges",4462.22,,,,,,,Case Rate,"100% of Medicare OPPS. ",25798,,,,,,,Case Rate,". MPL 100/75/50% all add ons apply, and lesser of 100% of billed charges",13586,,,,,,,Case Rate,". MPL 100/50/25% all add ons apply, and lesser of 100% of billed charges",13586,,,,,,,Case Rate,". MPL 100/50/25% all add ons apply, and lesser of 100% of billed charges",13586,,,,,,,Case Rate,". MPL 100/50/25% all add ons apply, and lesser of 100% of billed charges",13586,,,,,,,Case Rate,". MPL 100/50/25% all add ons apply, and lesser of 100% of billed charges",13586,,,,,,,Case Rate,". MPL 100/50/25% all add ons apply, and lesser of 100% of billed charges",13586,,,,,,,Case Rate,". MPL 100/50/25% all add ons apply, and lesser of 100% of billed charges",4462.22,,,,,,,Case Rate,"100% Medicare OPPS FS. ",4462.22,,,,,,,Case Rate,"100% Medicare OPPS FS. ",13586,,,,,,,Case Rate,". MPL 100/50/25% all add ons apply, and lesser of 100% of billed charges",,78,,,,,0,percent of total billed charges,78% of Billed Charges. Lesser of 100% of billed charges applies.; No services were performed during the 15 month look back period.,,78,,,,,0,percent of total billed charges,78% of Billed Charges. Lesser of 100% of billed charges applies.; No services were performed during the 15 month look back period.,,78,,,,,0,percent of total billed charges,78% of Billed Charges. Lesser of 100% of billed charges applies.; No services were performed during the 15 month look back period.,,78,,,,,0,percent of total billed charges,78% of Billed Charges. Lesser of 100% of billed charges applies.; No services were performed during the 15 month look back period.,,78,,,,,0,percent of total billed charges,78% of Billed Charges. Lesser of 100% of billed charges applies.; No services were performed during the 15 month look back period.,,78,,,,,0,percent of total billed charges,78% of Billed Charges. Lesser of 100% of billed charges applies.; No services were performed during the 15 month look back period.,,78,,,,,0,percent of total billed charges,78% of Billed Charges. Lesser of 100% of billed charges applies.; No services were performed during the 15 month look back period.,,78,,,,,0,percent of total billed charges,78% of Billed Charges. Lesser of 100% of billed charges applies.; No services were performed during the 15 month look back period.,,78,,,,,0,percent of total billed charges,78% of Billed Charges. Lesser of 100% of billed charges applies.; No services were performed during the 15 month look back period.,,78,,,,,0,percent of total billed charges,78% of Billed Charges. Lesser of 100% of billed charges applies.; No services were performed during the 15 month look back period.,,78,,,,,0,percent of total billed charges,78% of Billed Charges. Lesser of 100% of billed charges applies.; No services were performed during the 15 month look back period.,,78,,,,,0,percent of total billed charges,78% of Billed Charges. Lesser of 100% of billed charges applies.; No services were performed during the 15 month look back period.,,78,,,,,0,percent of total billed charges,78% of Billed Charges. Lesser of 100% of billed charges applies.; No services were performed during the 15 month look back period.,,78,,,,,0,percent of total billed charges,78% of Billed Charges. Lesser of 100% of billed charges applies.; No services were performed during the 15 month look back period.,,78,,,,,0,percent of total billed charges,78% of Billed Charges. Lesser of 100% of billed charges applies.; No services were performed during the 15 month look back period.,,78,,,,,0,percent of total billed charges,78% of Billed Charges. Lesser of 100% of billed charges applies.; No services were performed during the 15 month look back period.,,78,,,,,0,percent of total billed charges,78% of Billed Charges. Lesser of 100% of billed charges applies.; No services were performed during the 15 month look back period.,,78,,,,,0,percent of total billed charges,78% of Billed Charges. Lesser of 100% of billed charges applies.; No services were performed during the 15 month look back period.,,78,,,,,0,percent of total billed charges,78% of Billed Charges. Lesser of 100% of billed charges applies.; No services were performed during the 15 month look back period.,,78,,,,,0,percent of total billed charges,78% of Billed Charges. Lesser of 100% of billed charges applies.; No services were performed during the 15 month look back period.,,78,,,,,0,percent of total billed charges,78% of Billed Charges. Lesser of 100% of billed charges applies.; No services were performed during the 15 month look back period.,,78,,,,,0,percent of total billed charges,78% of Billed Charges. Lesser of 100% of billed charges applies.; No services were performed during the 15 month look back period.,,78,,,,,0,percent of total billed charges,78% of Billed Charges. Lesser of 100% of billed charges applies.; No services were performed during the 15 month look back period.,,78,,,,,0,percent of total billed charges,78% of Billed Charges. Lesser of 100% of billed charges applies.; No services were performed during the 15 month look back period.,,78,,,,,0,percent of total billed charges,78% of Billed Charges. Lesser of 100% of billed charges applies.; No services were performed during the 15 month look back period.,,78,,,,,0,percent of total billed charges,78% of Billed Charges. Lesser of 100% of billed charges applies.; No services were performed during the 15 month look back period.,8427,,,,,,,Case Rate,". Primary procedure pays at 100%, all subsequent at 50%.",8427,,,,,,,Case Rate,". Primary procedure pays at 100%, all subsequent at 50%.",8427,,,,,,,Case Rate,". Primary procedure pays at 100%, all subsequent at 50%.",8427,,,,,,,Case Rate,". Primary procedure pays at 100%, all subsequent at 50%.",12574,,,,,,,Case Rate,". Primary procedure pays at 100%, all subsequent at 50%.",12574,,,,,,,Case Rate,". Primary procedure pays at 100%, all subsequent at 50%.",6487,,,,,,,Case Rate,". MPL 100/50/25% maxmium of 3 procedures. All add ons apply, and lesser of 100% of billed charges",13586,,,,,,,Case Rate,". MPL 100/50/25% all add ons apply, and lesser of 100% of billed charges",10978.39,,,,,,,Case Rate,". MPL 100/50/25% all add ons apply, and lesser of 100% of billed charges",13586,,,,,,,Case Rate,". MPL 100/50/25% all add ons apply, and lesser of 100% of billed charges",,78,,,,,0,percent of total billed charges,78% of Billed Charges. Lesser of 100% of billed charges applies.; No services were performed during the 15 month look back period.,12574,,,,,,,Case Rate,". Primary procedure pays at 100%, all subsequent at 50%.",13586,,,,,,,Case Rate,". MPL 100/50/25% all add ons apply, and lesser of 100% of billed charges",10978.39,,,,,,,Case Rate,". MPL 100/50/25% all add ons apply, and lesser of 100% of billed charges",6487,,,,,,,Case Rate,". MPL 100/50/25% maxmium of 3 procedures. All add ons apply, and lesser of 100% of billed charges",,,,,,,,,"NA. ",,78,,,,,0,percent of total billed charges,78% of Billed Charges. Lesser of 100% of billed charges applies.; No services were performed during the 15 month look back period.,4158.49,,,,,,,Case Rate,"100 Percent of Medicaid APG. ",8427,,,,,,,Case Rate,". Primary procedure pays at 100%, all subsequent at 50%.",4158.49,,,,,,,Case Rate,"100 Percent of Medicaid APG. Not APG payable, or payable under another fee schedule like ASP/AWP pays at 30% of charges",4462.22,,,,,,,Case Rate,"100%Medicare OPPS FS. ",4462.22,,,,,,,Case Rate,"100% Medicare OPPS FS. ",25798,,,,,,,Case Rate,". MPL 100/75/50% all add ons apply, and lesser of 100% of billed charges",4462.22,,,,,,,Case Rate,"100% Medicare OPPS FS. ",4462.22,,,,,,,Case Rate,"100% Medicare OPPS FS. ",4158.49,,,,,,,Case Rate,"100 Percent of Medicaid APG. ",4462.22,,,,,,,Case Rate,"100% Medicare OPPS FS. ",4462.22,,,,,,,Case Rate,"100% Medicare OPPS FS. ",12266,,,,,,,Case Rate,". Primary procedure pays at 100%, secondary at 50%, all subsequent at 25%.  Lesser of applies when negotiated rates exceed charges less addons.",12266,,,,,,,Case Rate,". Primary procedure pays at 100%, secondary at 50%, all subsequent at 25%.  Lesser of applies when negotiated rates exceed charges less addons.",4462.22,,,,,,,Case Rate,"100% Medicare OPPS FS. ",6487,,,,,,,Case Rate,". MPL 100/50/25% maxmium of 3 procedures. All add ons apply, and lesser of 100% of billed charges",10978.39,,,,,,,Case Rate,". MPL 100/50/25% all add ons apply, and lesser of 100% of billed charges",10978.39,,,,,,,Case Rate,". MPL 100/50/25% all add ons apply, and lesser of 100% of billed charges",4462.22,,,,,,,Case Rate,"100% Medicare OPPS FS. ",6487,,,,,,,Case Rate,". MPL 100/50/25% maxmium of 3 procedures. All add ons apply, and lesser of 100% of billed charges",12266,,,,,,,Case Rate,". Primary procedure pays at 100%, secondary at 50%, all subsequent at 25%.  Lesser of applies when negotiated rates exceed charges less addons.",12266,,,,,,,Case Rate,". Primary procedure pays at 100%, secondary at 50%, all subsequent at 25%.  Lesser of applies when negotiated rates exceed charges less addons.",12266,,,,,,,Case Rate,". Primary procedure pays at 100%, secondary at 50%, all subsequent at 25%.  Lesser of applies when negotiated rates exceed charges less addons.",,78,,,,,0,percent of total billed charges,78% of Billed Charges. Lesser of 100% of billed charges applies.; No services were performed during the 15 month look back period.,,78,,,,,0,percent of total billed charges,78% of Billed Charges. Lesser of 100% of billed charges applies.; No services were performed during the 15 month look back period.,,78,,,,,0,percent of total billed charges,78% of Billed Charges. Lesser of 100% of billed charges applies.; No services were performed during the 15 month look back period.,,78,,,,,0,percent of total billed charges,78% of Billed Charges. Lesser of 100% of billed charges applies.; No services were performed during the 15 month look back period.,,78,,,,,0,percent of total billed charges,78% of Billed Charges. Lesser of 100% of billed charges applies.; No services were performed during the 15 month look back period.,,78,,,,,0,percent of total billed charges,78% of Billed Charges. Lesser of 100% of billed charges applies.; No services were performed during the 15 month look back period.,,78,,,,,0,percent of total billed charges,78% of Billed Charges. Lesser of 100% of billed charges applies.; No services were performed during the 15 month look back period.,,78,,,,,0,percent of total billed charges,78% of Billed Charges. Lesser of 100% of billed charges applies.; No services were performed during the 15 month look back period.,,78,,,,,0,percent of total billed charges,78% of Billed Charges. Lesser of 100% of billed charges applies.; No services were performed during the 15 month look back period.,,78,,,,,0,percent of total billed charges,78% of Billed Charges. Lesser of 100% of billed charges applies.; No services were performed during the 15 month look back period.,,78,,,,,0,percent of total billed charges,78% of Billed Charges. Lesser of 100% of billed charges applies.; No services were performed during the 15 month look back period.,12574,,,,,,,Case Rate,". Primary procedure pays at 100%, all subsequent at 50%.",13586,,,,,,,Case Rate,". MPL 100/50/25% all add ons apply, and lesser of 100% of billed charges",6487,,,,,,,Case Rate,". MPL 100/50/25% maxmium of 3 procedures. All add ons apply, and lesser of 100% of billed charges",4462.22,,,,,,,Case Rate,"100% Medicare OPPS FS. ",12266,,,,,,,Case Rate,". Primary procedure pays at 100%, secondary at 50%, all subsequent at 25%.  Lesser of applies when negotiated rates exceed charges less addons.",6487,,,,,,,Case Rate,". MPL 100/50/25% maxmium of 3 procedures. All add ons apply, and lesser of 100% of billed charges",6487,,,,,,,Case Rate,". MPL 100/50/25% maxmium of 3 procedures. All add ons apply, and lesser of 100% of billed charges",,78,,,,,0,percent of total billed charges,78% of Billed Charges. Lesser of 100% of billed charges applies.; No services were performed during the 15 month look back period.,8899.16,,,,,,,Case Rate,"214 Percent of Medicaid APG. Drugs not priced under APG, billed with revenue code 636 and not priced by Medicare ASP FeeSched will be reimbursed at 20% of charges.",6487,,,,,,,Case Rate,". MPL 100/50/25% maxmium of 3 procedures. All add ons apply, and lesser of 100% of billed charges",4158.49,,,,,,,Case Rate,"100 Percent of Medicaid APG. ",4462.22,,,,,,,Case Rate,"100% Medicare OPPS FS. ",4462.22,,,,,,,Case Rate,"100% Medicare OPPS FS. ",4462.22,,,,,,,Case Rate,"100% Medicare OPPS FS. ",4462.22,,,,,,,Case Rate,"100% Medicare OPPS FS. ",4462.22,,,,,,,Case Rate,"100% Medicare OPPS FS. ",4462.22,,,,,,,Case Rate,"100% Medicare OPPS FS. ",6487,,,,,,,Case Rate,". MPL 100/50/25% maxmium of 3 procedures. All add ons apply, and lesser of 100% of billed charges",25798,,,,,,,Case Rate,". MPL 100/75/50% all add ons apply, and lesser of 100% of billed charges",7485.28,,,,,,,Fee Schedule,"180 Percent of Medicaid APG. ",7485.28,,,,,,,Fee Schedule,"180 Percent of Medicaid APG. ",7485.28,,,,,,,Fee Schedule,"180 Percent of Medicaid APG. ",7485.28,,,,,,,Fee Schedule,"180 Percent of Medicaid APG. ",7485.28,,,,,,,Fee Schedule,"180 Percent of Medicaid APG. ",,,,,,,,,"NA. ",25798,,,,,,,Case Rate,". MPL 100/75/50% all add ons apply, and lesser of 100% of billed charges",8835.2,,,,,,,Case Rate,198 Percent of Medicare OPPS. Metroplus will reimburse unlisted codes and described codes with no Medicare rate at 50 percent of charges.,8835.2,,,,,,,Case Rate,198 Percent of Medicare OPPS. Metroplus will reimburse unlisted codes and described codes with no Medicare rate at 50 percent of charges.,8835.2,,,,,,,Case Rate,198 Percent of Medicare OPPS. Metroplus will reimburse unlisted codes and described codes with no Medicare rate at 50 percent of charges.,8835.2,,,,,,,Case Rate,198 Percent of Medicare OPPS. Metroplus will reimburse unlisted codes and described codes with no Medicare rate at 50 percent of charges.,8835.2,,,,,,,Case Rate,198 Percent of Medicare OPPS. Metroplus will reimburse unlisted codes and described codes with no Medicare rate at 50 percent of charges.,4462.22,,,,,,,Case Rate,"100% Medicare OPPS FS. ",12574,,,,,,,Case Rate,". Primary procedure pays at 100%, all subsequent at 50%.",12574,,,,,,,Case Rate,". Primary procedure pays at 100%, all subsequent at 50%.",12574,,,,,,,Case Rate,". Primary procedure pays at 100%, all subsequent at 50%.",12574,,,,,,,Case Rate,". Primary procedure pays at 100%, all subsequent at 50%.",12266,,,,,,,Case Rate,". Primary procedure pays at 100%, secondary at 50%, all subsequent at 25%.  Lesser of applies when negotiated rates exceed charges less addons.",12266,,,,,,,Case Rate,". Primary procedure pays at 100%, secondary at 50%, all subsequent at 25%.  Lesser of applies when negotiated rates exceed charges less addons.",12266,,,,,,,Case Rate,". Primary procedure pays at 100%, secondary at 50%, all subsequent at 25%.  Lesser of applies when negotiated rates exceed charges less addons.",12266,,,,,,,Case Rate,". Primary procedure pays at 100%, secondary at 50%, all subsequent at 25%.  Lesser of applies when negotiated rates exceed charges less addons.",25798,,,,,,,Case Rate,". MPL 100/75/50% all add ons apply, and lesser of 100% of billed charges",25798,,,,,,,Case Rate,". MPL 100/75/50% all add ons apply, and lesser of 100% of billed charges",4462.22,,,,,,,Case Rate,"100% Medicare OPPS FS. ",4462.22,,,,,,,Case Rate,"100% Medicare OPPS FS. ",4462.22,,,,,,,Case Rate,"100% Medicare OPPS FS. ",13586,,,,,,,Case Rate,". MPL 100/50/25% all add ons apply, and lesser of 100% of billed charges",13586,,,,,,,Case Rate,". MPL 100/50/25% all add ons apply, and lesser of 100% of billed charges",13586,,,,,,,Case Rate,". MPL 100/50/25% all add ons apply, and lesser of 100% of billed charges",25798,,,,,,,Case Rate,". MPL 100/75/50% all add ons apply, and lesser of 100% of billed charges",12266,,,,,,,Case Rate,". Primary procedure pays at 100%, secondary at 50%, all subsequent at 25%.  Lesser of applies when negotiated rates exceed charges less addons.",4462.22,,,,,,,Case Rate,"100% Medicare OPPS FS. ",13586,,,,,,,Case Rate,". MPL 100/50/25% all add ons apply, and lesser of 100% of billed charges",4158.49,,,,,,,Case Rate,"100 Percent of Medicaid APG. ",4551.47,,,,,,,Case Rate,"102% of Medicare OPPS. ",4551.47,,,,,,,Case Rate,"102% of Medicare OPPS. ",4551.47,,,,,,,Case Rate,"102% of Medicare OPPS. ",4158.49,,,,,,,Case rate,"100 Percent of Medicaid APG. ",9356.6,,,,,,,Case Rate,225% of NYS APG. Lesser of 100% of billed charges applies.,9356.6,,,,,,,Case Rate,225% of NYS APG. Lesser of 100% of billed charges applies.,9356.6,,,,,,,Case Rate,225% of NYS APG. Lesser of 100% of billed charges applies.,9356.6,,,,,,,Case Rate,225% of NYS APG. Lesser of 100% of billed charges applies.,9356.6,,,,,,,Case Rate,225% of NYS APG. Lesser of 100% of billed charges applies.,4551.47,,,,,,,Case Rate,"102% of Medicare OPPS. ",4158.49,,,,,,,Case Rate,"100 Percent of Medicaid APG. ",1484.39,,,,,,,Case Rate,100% of PAS. Lesser of 100% of billed charges applies.,9356.6,,,,,,,Case Rate,225% of NYS APG. Lesser of 100% of billed charges applies.,9356.6,,,,,,,Case Rate,225% of NYS APG. Lesser of 100% of billed charges applies.,1484.39,,,,,,,Case Rate,100% of PAS. Lesser of 100% of billed charges applies.,1484.39,,,,,,,Case Rate,100% of PAS. Lesser of 100% of billed charges applies.,7485.28,,,,,,,Fee Schedule,"180 Percent of Medicaid APG. ",4462.22,,,,,,,Case Rate,"100% Medicare OPPS FS. ",4462.22,,,,,,,Case Rate,"100% Medicare OPPS FS. ",12266,,,,,,,Case Rate,". Primary procedure pays at 100%, secondary at 50%, all subsequent at 25%.  Lesser of applies when negotiated rates exceed charges less addons.",4462.22,,,,,,,Case Rate,"100% Medicare OPPS FS. ",9356.6,,,,,,,Case Rate,"225 Percent of Medicaid APG. ",9356.6,,,,,,,Case Rate,"225 Percent of Medicaid APG. ",4158.49,,,,,,,Case rate,"100 Percent of Medicaid APG. ",4158.49,,,,,,,Case rate,"100 Percent of Medicaid APG. ",9356.6,,,,,,,Case Rate,225 Percent of Medicaid APG. Covered services not payable under Medicaid Fee Schedules default to a payment of 87.5 percent of charges.,4158.49,,,,,,,Case rate,124 Percent of Medicaid APG. Covered services not payable under Medicaid Fee Schedules default to a payment of 50 percent of charges.,9356.6,,,,,,,Case Rate,"100 Percent of Medicaid APG. ",9356.6,,,,,,,Case Rate,"100 Percent of Medicaid APG. ",9356.6,,,,,,,Case Rate,"100 Percent of Medicaid APG. ",9356.6,,,,,,,Case Rate,"100 Percent of Medicaid APG. ",13453,,,,,,,Case Rate,". MPL 100/75/50% all add ons apply, and lesser of 100% of billed charges",25798,,,,,,,Case Rate,". MPL 100/75/50% all add ons apply, and lesser of 100% of billed charges",4990.18,,,,,,,Case Rate,"120 Percent of Medicaid APG. Not APG payable, or payable under another fee schedule like ASP/AWP pays at 30% of charges",4990.18,,,,,,,Case Rate,"120 Percent of Medicaid APG. Not APG payable, or payable under another fee schedule like ASP/AWP pays at 30% of charges",4158.49,,,,,,,Case Rate,"100 Percent of Medicaid APG. Not APG payable, or payable under another fee schedule like ASP/AWP pays at 30% of charges",4158.49,,,,,,,Case Rate,"100 Percent of Medicaid APG. Not APG payable, or payable under another fee schedule like ASP/AWP pays at 30% of charges",13586,,,,,,,Case Rate,". MPL 100/50/25% all add ons apply, and lesser of 100% of billed charges",13586,,,,,,,Case Rate,". MPL 100/50/25% all add ons apply, and lesser of 100% of billed charges",4462.22,,,,,,,Case Rate,"100% Medicare OPPS FS. ",13586,,,,,,,Case Rate,". MPL 100/50/25% all add ons apply, and lesser of 100% of billed charges",13586,,,,,,,Case Rate,". MPL 100/50/25% all add ons apply, and lesser of 100% of billed charges",13586,,,,,,,Case Rate,". MPL 100/50/25% all add ons apply, and lesser of 100% of billed charges",13586,,,,,,,Case Rate,". MPL 100/50/25% all add ons apply, and lesser of 100% of billed charges",4462.22,,,,,,,Case Rate,"100% Medicare OPPS FS. ",13586,,,,,,,Case Rate,". MPL 100/50/25% all add ons apply, and lesser of 100% of billed charges",13586,,,,,,,Case Rate,". MPL 100/50/25% all add ons apply, and lesser of 100% of billed charges",12266,,,,,,,Case Rate,". Primary procedure pays at 100%, secondary at 50%, all subsequent at 25%.  Lesser of applies when negotiated rates exceed charges less addons.",4158.49,,,,,,,Fee Schedule,100% APG. Lesser of 100% of billed charges applies.,4158.49,,,,,,,Case rate,124 Percent of Medicaid APG. Covered services not payable under Medicaid Fee Schedules default to a payment of 50 percent of charges.,9356.6,,,,,,,Case Rate,225% of NYS APG. Lesser of 100% of billed charges applies.,9356.6,,,,,,,Case Rate,225 Percent of Medicaid APG. Covered services not payable under Medicaid Fee Schedules default to a payment of 87.5 percent of charges.,4158.49,,,,,,,Case rate,124 Percent of Medicaid APG. Covered services not payable under Medicaid Fee Schedules default to a payment of 50 percent of charges.,9356.6,,,,,,,Case Rate,225% of NYS APG. Lesser of 100% of billed charges applies.,9356.6,,,,,,,Case Rate,225% of NYS APG. Lesser of 100% of billed charges applies.,9356.6,,,,,,,Case Rate,225% of NYS APG. Lesser of 100% of billed charges applies.,9356.6,,,,,,,Case Rate,225% of NYS APG. Lesser of 100% of billed charges applies.,9356.6,,,,,,,Case Rate,225% of NYS APG. Lesser of 100% of billed charges applies.,9356.6,,,,,,,Case Rate,225% of NYS APG. Lesser of 100% of billed charges applies.,,,,,,,,,"NA. ",,,,,,,,,"NA. ",,,,,,,,,"NA. ",6487,,,,,,,Case Rate,". MPL 100/50/25% maxmium of 3 procedures. All add ons apply, and lesser of 100% of billed charges",,,,,,,,,"NA. ",4462.22,,,,,,,Case Rate,"100% Medicare OPPS FS. ",9740,,,,,,,Case Rate,". MPL 1st 100% of Payment Rate 50% of all others, all add ons apply, and lesser of 100% of billed charges.",4462.22,,,,,,,Case Rate,"100% Medicare OPPS FS. ",4462.22,,,,,,,Case Rate,"100% Medicare OPPS FS. ",4990.18,,,,,,,Case Rate,"120 Percent of Medicaid APG. Not APG payable, or payable under another fee schedule like ASP/AWP pays at 30% of charges",4990.18,,,,,,,Case Rate,"120 Percent of Medicaid APG. Not APG payable, or payable under another fee schedule like ASP/AWP pays at 30% of charges",4158.49,,,,,,,Case Rate,"100 Percent of Medicaid APG. Not APG payable, or payable under another fee schedule like ASP/AWP pays at 30% of charges",4158.49,,,,,,,Case Rate,"100 Percent of Medicaid APG. Not APG payable, or payable under another fee schedule like ASP/AWP pays at 30% of charges",4158.49,,,,,,,Case Rate,"100 Percent of Medicaid APG. ",7163,,,,,,,Case Rate,". ",12266,,,,,,,Case Rate,". Primary procedure pays at 100%, secondary at 50%, all subsequent at 25%.  Lesser of applies when negotiated rates exceed charges less addons.",8427,,,,,,,Case Rate,". Primary procedure pays at 100%, all subsequent at 50%.",6487,,,,,,,Case Rate,". MPL 100/50/25% maxmium of 3 procedures. All add ons apply, and lesser of 100% of billed charges",4462.22,,,,,,,Case Rate,"100%Medicare OPPS FS. ",4462.22,,,,,,,Case Rate,"100% Medicare OPPS FS. ",4462.22,,,,,,,Case Rate,"100% Medicare OPPS FS. ",4462.22,,,,,,,Case Rate,"100% Medicare OPPS FS. ",4462.22,,,,,,,Case Rate,"100%Medicare OPPS FS. ",4462.22,,,,,,,Case Rate,"100% Medicare OPPS FS. ",,,,,,,,,"NA. ",9356.6,,,,,,,Case Rate,225% of NYS APG. Lesser of 100% of billed charges applies.,1484.39,,,,,,,Case Rate,100% of PAS. Lesser of 100% of billed charges applies.,13586,,,,,,,Case Rate,". MPL 100/50/25% all add ons apply, and lesser of 100% of billed charges",7163,,,,,,,Case Rate,". ",7163,,,,,,,Case Rate,". ",7163,,,,,,,Case Rate,". ",7163,,,,,,,Case Rate,". ",4462.22,,,,,,,Case Rate,"100% Medicare OPPS FS. ",4158.49,,,,,,,Case Rate,"100 Percent of Medicaid APG. ",13586,,,,,,,Case Rate,". MPL 100/50/25% all add ons apply, and lesser of 100% of billed charges",4158.49,,,,,,,Case Rate,"100 Percent of Medicaid APG. ",4462.22,,,,,,,Case Rate,"100% Medicare OPPS FS. ",4158.49,,,,,,,Case Rate,"100 Percent of Medicaid APG. ",4462.22,,,,,,,Case Rate,"100% Medicare OPPS FS. ",4462.22,,,,,,,Case Rate,"100% Medicare OPPS FS. ",4158.49,,,,,,,Case Rate,"100 Percent of Medicaid APG. ",4158.49,,,,,,,Case Rate,"100 Percent of Medicaid APG. ",7163,,,,,,,Case Rate,". ",6487,,,,,,,Case Rate,". MPL 100/50/25% maxmium of 3 procedures. All add ons apply, and lesser of 100% of billed charges",,78,,,,,0,percent of total billed charges,78% of Billed Charges. Lesser of 100% of billed charges applies.; No services were performed during the 15 month look back period.,10978.39,,,,,,,Case Rate,". MPL 100/50/25% all add ons apply, and lesser of 100% of billed charges",10978.39,,,,,,,Case Rate,". MPL 100/50/25% all add ons apply, and lesser of 100% of billed charges",12266,,,,,,,Case Rate,". Primary procedure pays at 100%, secondary at 50%, all subsequent at 25%.  Lesser of applies when negotiated rates exceed charges less addons.",1523.92,,,,,,,Case Rate,"83% HF Fee schedule. ",12574,,,,,,,Case Rate,". Primary procedure pays at 100%, all subsequent at 50%.",12574,,,,,,,Case Rate,". Primary procedure pays at 100%, all subsequent at 50%.",10869,,,,,,,Case Rate,". MPL 100/50/25% all add ons apply, and lesser of 100% of billed charges",10869,,,,,,,Case Rate,". MPL 100/50/25% all add ons apply, and lesser of 100% of billed charges",4462.22,,,,,,,Case Rate,"100% Medicare OPPS FS. ",4462.22,,,,,,,Case Rate,"100% Medicare OPPS FS. ",4462.22,,,,,,,Case Rate,"100% Medicare OPPS FS. ",4462.22,,,,,,,Case Rate,"100% Medicare OPPS FS. ",10978.39,,,,,,,Case Rate,". MPL 100/50/25% all add ons apply, and lesser of 100% of billed charges",13586,,,,,,,Case Rate,". MPL 100/50/25% all add ons apply, and lesser of 100% of billed charges",13586,,,,,,,Case Rate,". MPL 100/50/25% all add ons apply, and lesser of 100% of billed charges",4462.22,,,,,,,Case Rate,"100% Medicare OPPS FS. ",10869,,,,,,,Case Rate,". MPL 100/50/25% all add ons apply, and lesser of 100% of billed charges",8427,,,,,,,Case Rate,". Primary procedure pays at 100%, all subsequent at 50%.",4990.18,,,,,,,Fee Schedule,"120 Percent of Medicaid APG. ",4158.49,,,,,,,Case Rate,"100 Percent of Medicaid APG. ",7163,,,,,,,Case Rate,". ",12227,,,,,,,Case Rate,". MPL 100/50/25% all add ons apply, and lesser of 100% of billed charges",12227,,,,,,,Case Rate,". MPL 100/50/25% all add ons apply, and lesser of 100% of billed charges",13586,,,,,,,Case Rate,". MPL 100/50/25% all add ons apply, and lesser of 100% of billed charges",14948,,,,,,,Case Rate,". MPL 100/75/50% all add ons apply, and lesser of 100% of billed charges",4462.22,,,,,,,Case Rate,"100%Medicare OPPS FS. ",4366.41,,,,,,,Fee Schedule,105 percent of Medicaid APG. otherwise 105% of Ordered NYS MCD FS or 105% of ASP+6%,4366.41,,,,,,,Fee Schedule,105 percent of Medicaid APG. otherwise 105% of Ordered NYS MCD FS or 105% of ASP+6%,4366.41,,,,,,,Fee Schedule,105 percent of Medicaid APG. otherwise 105% of Ordered NYS MCD FS or 105% of ASP+6%,5613.96,,,,,,,Fee Schedule,135 percent of Medicaid APG. otherwise 135% of Ordered NYS MCD FS or 135% of ASP+6%,10978.39,,,,,,,Case Rate,". MPL 100/50/25% all add ons apply, and lesser of 100% of billed charges",4366.41,,,,,,,Fee Schedule,105 percent of Medicaid APG. otherwise 105% of Ordered NYS MCD FS or 105% of ASP+6%,4366.41,,,,,,,Fee Schedule,105 percent of Medicaid APG. otherwise 105% of Ordered NYS MCD FS or 105% of ASP+6%,4366.41,,,,,,,Fee Schedule,105 percent of Medicaid APG. otherwise 105% of Ordered NYS MCD FS or 105% of ASP+6%,4366.41,,,,,,,Fee Schedule,105 percent of Medicaid APG. otherwise 105% of Ordered NYS MCD FS or 105% of ASP+6%,4366.41,,,,,,,Fee Schedule,105 percent of Medicaid APG. otherwise 105% of Ordered NYS MCD FS or 105% of ASP+6%,5613.96,,,,,,,Fee Schedule,135 percent of Medicaid APG. otherwise 135% of Ordered NYS MCD FS or 135% of ASP+6%,5613.96,,,,,,,Fee Schedule,135 percent of Medicaid APG. otherwise 135% of Ordered NYS MCD FS or 135% of ASP+6%,4462.22,,,,,,,Case Rate,"100% Medicare OPPS FS. ",10978.39,,,,,,,Case Rate,". MPL 100/50/25% all add ons apply, and lesser of 100% of billed charges",4462.22,,,,,,,Case Rate,"100% Medicare OPPS FS. ",4366.41,,,,,,,Fee Schedule,105 percent of Medicaid APG. otherwise 105% of Ordered NYS MCD FS or 105% of ASP+6%,13586,,,,,,,Case Rate,". MPL 100/50/25% all add ons apply, and lesser of 100% of billed charges",4462.22,,,,,,,Case Rate,"100% Medicare OPPS FS. ",13586,,,,,,,Case Rate,". MPL 100/50/25% all add ons apply, and lesser of 100% of billed charges",13586,,,,,,,Case Rate,". MPL 100/50/25% all add ons apply, and lesser of 100% of billed charges",13586,,,,,,,Case Rate,". MPL 100/50/25% all add ons apply, and lesser of 100% of billed charges",4366.41,,,,,,,Fee Schedule,105 percent of Medicaid APG. otherwise 105% of Ordered NYS MCD FS or 105% of ASP+6%,4462.22,,,,,,,Case Rate,"100% Medicare OPPS FS. ",13586,,,,,,,Case Rate,". MPL 100/50/25% all add ons apply, and lesser of 100% of billed charges",5613.96,,,,,,,Fee Schedule,135 percent of Medicaid APG. otherwise 135% of Ordered NYS MCD FS or 135% of ASP+6%,13586,,,,,,,Case Rate,". MPL 100/50/25% all add ons apply, and lesser of 100% of billed charges",,200,,,,,0,Case Rate,200% of Medicare OPPS. ; No services were performed during the 15 month look back period.,4462.22,,,,,,,Case Rate,"100%Medicare OPPS FS. ",7163,,,,,,,Case Rate,". ",7163,,,,,,,Case Rate,". ",7163,,,,,,,Case Rate,". ",7163,,,,,,,Case Rate,". ",7163,,,,,,,Case Rate,". ",8427,,,,,,,Case Rate,". Primary procedure pays at 100%, all subsequent at 50%.",8427,,,,,,,Case Rate,". Primary procedure pays at 100%, all subsequent at 50%.",7163,,,,,,,Case Rate,". ",7163,,,,,,,Case Rate,". ",7163,,,,,,,Case Rate,". ",7163,,,,,,,Case Rate,". ",7163,,,,,,,Case Rate,". ",4462.22,,,,,,,Case Rate,"100% Medicare OPPS FS. ",8427,,,,,,,Case Rate,". Primary procedure pays at 100%, all subsequent at 50%.",4462.22,,,,,,,Case Rate,"100% Medicare OPPS FS. ",9356.6,,,,,,,Case Rate,"225 Percent of Medicaid APG. If not included in Medicaid APG, then 100 Percent of Manhattan Medicare",4158.49,,,,,,,Case Rate,"100 Percent of Medicaid APG. ",10978.39,,,,,,,Case Rate,". MPL 100/50/25% all add ons apply, and lesser of 100% of billed charges",10978.39,,,,,,,Case Rate,". MPL 100/50/25% all add ons apply, and lesser of 100% of billed charges",4462.22,,,,,,,Case Rate,"100% Medicare OPPS FS. ",12574,,,,,,,Case Rate,". Primary procedure pays at 100%, all subsequent at 50%.",4462.22,,,,,,,Case Rate,"100% Medicare OPPS FS. ",4462.22,,,,,,,Case Rate,"100% Medicare OPPS FS. ",12266,,,,,,,Case Rate,". Primary procedure pays at 100%, secondary at 50%, all subsequent at 25%.  Lesser of applies when negotiated rates exceed charges less addons.",4462.22,,,,,,,Case Rate,"100% Medicare OPPS FS. ",6487,,,,,,,Case Rate,". MPL 100/50/25% maxmium of 3 procedures. All add ons apply, and lesser of 100% of billed charges",4462.22,,,,,,,Case Rate,"100% Medicare OPPS FS. ",6487,,,,,,,Case Rate,". MPL 100/50/25% maxmium of 3 procedures. All add ons apply, and lesser of 100% of billed charges",12266,,,,,,,Case Rate,". Primary procedure pays at 100%, secondary at 50%, all subsequent at 25%.  Lesser of applies when negotiated rates exceed charges less addons.",6487,,,,,,,Case Rate,". MPL 100/50/25% maxmium of 3 procedures. All add ons apply, and lesser of 100% of billed charges",4462.22,,,,,,,Case Rate,"100% Medicare OPPS FS. ",4158.49,,,,,,,Case Rate,"100 Percent of Medicaid APG. ",4462.22,,,,,,,Case Rate,"100% Medicare OPPS FS. ",6487,,,,,,,Case Rate,". MPL 100/50/25% maxmium of 3 procedures. All add ons apply, and lesser of 100% of billed charges",10978.39,,,,,,,Case Rate,". MPL 100/50/25% all add ons apply, and lesser of 100% of billed charges",4158.49,,,,,,,Case Rate,"100 Percent of Medicaid APG. ",13586,,,,,,,Case Rate,". MPL 100/50/25% all add ons apply, and lesser of 100% of billed charges",4990.18,,,,,,,Fee Schedule,"120 Percent of Medicaid APG. ",4990.18,,,,,,,Fee Schedule,"120 Percent of Medicaid APG. ",13586,,,,,,,Case Rate,". MPL 100/50/25% all add ons apply, and lesser of 100% of billed charges",13586,,,,,,,Case Rate,". MPL 100/50/25% all add ons apply, and lesser of 100% of billed charges",13586,,,,,,,Case Rate,". MPL 100/50/25% all add ons apply, and lesser of 100% of billed charges",10978.39,,,,,,,Case Rate,". MPL 100/50/25% all add ons apply, and lesser of 100% of billed charges",13586,,,,,,,Case Rate,". MPL 100/50/25% all add ons apply, and lesser of 100% of billed charges",13586,,,,,,,Case Rate,". MPL 100/50/25% all add ons apply, and lesser of 100% of billed charges",13586,,,,,,,Case Rate,". MPL 100/50/25% all add ons apply, and lesser of 100% of billed charges",7163,,,,,,,Case Rate,". ",7163,,,,,,,Case Rate,". ",8835.2,,,,,,,Case Rate,198 Percent of Medicare OPPS. Metroplus will reimburse unlisted codes and described codes with no Medicare rate at 50 percent of charges.,4158.49,,,,,,,Case Rate,"100 Percent of Medicaid APG. ",10978.39,,,,,,,Case Rate,". MPL 100/50/25% all add ons apply, and lesser of 100% of billed charges",6487,,,,,,,Case Rate,". MPL 100/50/25% maxmium of 3 procedures. All add ons apply, and lesser of 100% of billed charges",12266,,,,,,,Case Rate,". Primary procedure pays at 100%, secondary at 50%, all subsequent at 25%.  Lesser of applies when negotiated rates exceed charges less addons.",10978.39,,,,,,,Case Rate,". MPL 100/50/25% all add ons apply, and lesser of 100% of billed charges",12266,,,,,,,Case Rate,". Primary procedure pays at 100%, secondary at 50%, all subsequent at 25%.  Lesser of applies when negotiated rates exceed charges less addons.",10978.39,,,,,,,Case Rate,". MPL 100/50/25% all add ons apply, and lesser of 100% of billed charges",13586,,,,,,,Case Rate,". MPL 100/50/25% all add ons apply, and lesser of 100% of billed charges",13586,,,,,,,Case Rate,". MPL 100/50/25% all add ons apply, and lesser of 100% of billed charges",13586,,,,,,,Case Rate,". MPL 100/50/25% all add ons apply, and lesser of 100% of billed charges",13586,,,,,,,Case Rate,". MPL 100/50/25% all add ons apply, and lesser of 100% of billed charges",4462.22,,,,,,,Case Rate,"100% Medicare OPPS FS. ",1484.39,25798,
67938,CPT,,,490,RC,REMOVE EYELID FOREIGN BODY,,,both,,,,1352,,,,,,,Case Rate,". MPL 1st 100% of Payment Rate 50% of all others, all add ons apply, and lesser of 100% of billed charges.",1352,,,,,,,Case Rate,". MPL 1st 100% of Payment Rate 50% of all others, all add ons apply, and lesser of 100% of billed charges.",6593,,,,,,,Case Rate,". Primary procedure pays at 100%, secondary at 50%, all subsequent at 25%.  Lesser of applies when negotiated rates exceed charges less addons.",,100,,,,,0,percent of total billed charges,100 percent of billed charges. ; No services were performed during the 15 month look back period.,353.72,,,,,,,Case Rate,"100% Medicare OPPS FS. ",6593,,,,,,,Case Rate,". Primary procedure pays at 100%, secondary at 50%, all subsequent at 25%.  Lesser of applies when negotiated rates exceed charges less addons.",6593,,,,,,,Case Rate,". Primary procedure pays at 100%, secondary at 50%, all subsequent at 25%.  Lesser of applies when negotiated rates exceed charges less addons.",6593,,,,,,,Case Rate,". Primary procedure pays at 100%, secondary at 50%, all subsequent at 25%.  Lesser of applies when negotiated rates exceed charges less addons.",436.15,,,,,,,Case Rate,"100 Percent of Medicaid APG. ",363.46,,,,,,,Case Rate,"100 Percent of Medicaid APG. ",,78,,,,,0,percent of total billed charges,78% of Billed Charges. Lesser of 100% of billed charges applies.; No services were performed during the 15 month look back period.,4923.38,,,,,,,Case Rate,". MPL 100/50/25% all add ons apply, and lesser of 100% of billed charges",363.46,,,,,,,Case Rate,"100 Percent of Medicaid APG. ",353.72,,,,,,,Case Rate,"100% Medicare OPPS FS. ",,,,,,,,Other,". ",,,,,,,,Other,". ",,,,,,,,Other,". ",,,,,,,,Other,". ",363.46,,,,,,,Case rate,124 Percent of Medicaid APG. Covered services not payable under Medicaid Fee Schedules default to a payment of 50 percent of charges.,353.72,,,,,,,Case Rate,"100% Medicare OPPS FS. ",363.46,,,,,,,Case rate,124 Percent of Medicaid APG. Covered services not payable under Medicaid Fee Schedules default to a payment of 50 percent of charges.,,78,,,,,0,percent of total billed charges,78% of Billed Charges. Lesser of 100% of billed charges applies.; No services were performed during the 15 month look back period.,6593,,,,,,,Case Rate,". Primary procedure pays at 100%, secondary at 50%, all subsequent at 25%.  Lesser of applies when negotiated rates exceed charges less addons.",353.72,,,,,,,Case Rate,"100%Medicare OPPS FS. ",8427,,,,,,,Case Rate,". Primary procedure pays at 100%, all subsequent at 50%.",353.72,,,,,,,Case Rate,"100%Medicare OPPS FS. ",353.72,,,,,,,Case Rate,"100%Medicare OPPS FS. ",,78,,,,,0,percent of total billed charges,78% of Billed Charges. Lesser of 100% of billed charges applies.; No services were performed during the 15 month look back period.,166.32,,,,,,,Case Rate,100% of PAS. Lesser of 100% of billed charges applies.,166.32,,,,,,,Case Rate,100% of PAS. Lesser of 100% of billed charges applies.,363.46,,,,,,,Case rate,"100 Percent of Medicaid APG. ",363.46,,,,,,,Case rate,"100 Percent of Medicaid APG. ",8427,,,,,,,Case Rate,". Primary procedure pays at 100%, all subsequent at 50%.",8427,,,,,,,Case Rate,". Primary procedure pays at 100%, all subsequent at 50%.",363.46,,,,,,,Case Rate,"100 Percent of Medicaid APG. Not APG payable, or payable under another fee schedule like ASP/AWP pays at 30% of charges",8427,,,,,,,Case Rate,". Primary procedure pays at 100%, all subsequent at 50%.",363.46,,,,,,,Case Rate,"100 Percent of Medicaid APG. Not APG payable, or payable under another fee schedule like ASP/AWP pays at 30% of charges",353.72,,,,,,,Case Rate,"100%Medicare OPPS FS. ",8427,,,,,,,Case Rate,". Primary procedure pays at 100%, all subsequent at 50%.",,78,,,,,0,percent of total billed charges,78% of Billed Charges. Lesser of 100% of billed charges applies.; No services were performed during the 15 month look back period.,363.46,,,,,,,Case Rate,"100 Percent of Medicaid APG. ",363.46,,,,,,,Case Rate,"100 Percent of Medicaid APG. ",,78,,,,,0,percent of total billed charges,78% of Billed Charges. Lesser of 100% of billed charges applies.; No services were performed during the 15 month look back period.,,,,,,,,Other,". ",4500,,,,,,,Case Rate,". MPL 100/50/25% all add ons apply, and lesser of 100% of billed charges",4500,,,,,,,Case Rate,". MPL 100/50/25% all add ons apply, and lesser of 100% of billed charges",,78,,,,,0,percent of total billed charges,78% of Billed Charges. Lesser of 100% of billed charges applies.; No services were performed during the 15 month look back period.,353.72,,,,,,,Case Rate,"100% Medicare OPPS FS. ",4923.38,,,,,,,Case Rate,". MPL 100/50/25% all add ons apply, and lesser of 100% of billed charges",4923.38,,,,,,,Case Rate,". MPL 100/50/25% all add ons apply, and lesser of 100% of billed charges",4923.38,,,,,,,Case Rate,". MPL 100/50/25% all add ons apply, and lesser of 100% of billed charges",353.72,,,,,,,Case Rate,"100% Medicare OPPS FS. ",4923.38,,,,,,,Case Rate,". MPL 100/50/25% all add ons apply, and lesser of 100% of billed charges",4923.38,,,,,,,Case Rate,". MPL 100/50/25% all add ons apply, and lesser of 100% of billed charges",353.72,,,,,,,Case Rate,"100% of Medicare OPPS. ",25798,,,,,,,Case Rate,". MPL 100/75/50% all add ons apply, and lesser of 100% of billed charges",4100,,,,,,,Case Rate,". MPL 100/50/25% all add ons apply, and lesser of 100% of billed charges",4100,,,,,,,Case Rate,". MPL 100/50/25% all add ons apply, and lesser of 100% of billed charges",4100,,,,,,,Case Rate,". MPL 100/50/25% all add ons apply, and lesser of 100% of billed charges",4100,,,,,,,Case Rate,". MPL 100/50/25% all add ons apply, and lesser of 100% of billed charges",4100,,,,,,,Case Rate,". MPL 100/50/25% all add ons apply, and lesser of 100% of billed charges",4100,,,,,,,Case Rate,". MPL 100/50/25% all add ons apply, and lesser of 100% of billed charges",353.72,,,,,,,Case Rate,"100% Medicare OPPS FS. ",353.72,,,,,,,Case Rate,"100% Medicare OPPS FS. ",4100,,,,,,,Case Rate,". MPL 100/50/25% all add ons apply, and lesser of 100% of billed charges",,78,,,,,0,percent of total billed charges,78% of Billed Charges. Lesser of 100% of billed charges applies.; No services were performed during the 15 month look back period.,,78,,,,,0,percent of total billed charges,78% of Billed Charges. Lesser of 100% of billed charges applies.; No services were performed during the 15 month look back period.,,78,,,,,0,percent of total billed charges,78% of Billed Charges. Lesser of 100% of billed charges applies.; No services were performed during the 15 month look back period.,,78,,,,,0,percent of total billed charges,78% of Billed Charges. Lesser of 100% of billed charges applies.; No services were performed during the 15 month look back period.,,78,,,,,0,percent of total billed charges,78% of Billed Charges. Lesser of 100% of billed charges applies.; No services were performed during the 15 month look back period.,,78,,,,,0,percent of total billed charges,78% of Billed Charges. Lesser of 100% of billed charges applies.; No services were performed during the 15 month look back period.,,78,,,,,0,percent of total billed charges,78% of Billed Charges. Lesser of 100% of billed charges applies.; No services were performed during the 15 month look back period.,,78,,,,,0,percent of total billed charges,78% of Billed Charges. Lesser of 100% of billed charges applies.; No services were performed during the 15 month look back period.,,78,,,,,0,percent of total billed charges,78% of Billed Charges. Lesser of 100% of billed charges applies.; No services were performed during the 15 month look back period.,,78,,,,,0,percent of total billed charges,78% of Billed Charges. Lesser of 100% of billed charges applies.; No services were performed during the 15 month look back period.,,78,,,,,0,percent of total billed charges,78% of Billed Charges. Lesser of 100% of billed charges applies.; No services were performed during the 15 month look back period.,,78,,,,,0,percent of total billed charges,78% of Billed Charges. Lesser of 100% of billed charges applies.; No services were performed during the 15 month look back period.,,78,,,,,0,percent of total billed charges,78% of Billed Charges. Lesser of 100% of billed charges applies.; No services were performed during the 15 month look back period.,,78,,,,,0,percent of total billed charges,78% of Billed Charges. Lesser of 100% of billed charges applies.; No services were performed during the 15 month look back period.,,78,,,,,0,percent of total billed charges,78% of Billed Charges. Lesser of 100% of billed charges applies.; No services were performed during the 15 month look back period.,,78,,,,,0,percent of total billed charges,78% of Billed Charges. Lesser of 100% of billed charges applies.; No services were performed during the 15 month look back period.,,78,,,,,0,percent of total billed charges,78% of Billed Charges. Lesser of 100% of billed charges applies.; No services were performed during the 15 month look back period.,,78,,,,,0,percent of total billed charges,78% of Billed Charges. Lesser of 100% of billed charges applies.; No services were performed during the 15 month look back period.,,78,,,,,0,percent of total billed charges,78% of Billed Charges. Lesser of 100% of billed charges applies.; No services were performed during the 15 month look back period.,,78,,,,,0,percent of total billed charges,78% of Billed Charges. Lesser of 100% of billed charges applies.; No services were performed during the 15 month look back period.,,78,,,,,0,percent of total billed charges,78% of Billed Charges. Lesser of 100% of billed charges applies.; No services were performed during the 15 month look back period.,,78,,,,,0,percent of total billed charges,78% of Billed Charges. Lesser of 100% of billed charges applies.; No services were performed during the 15 month look back period.,,78,,,,,0,percent of total billed charges,78% of Billed Charges. Lesser of 100% of billed charges applies.; No services were performed during the 15 month look back period.,,78,,,,,0,percent of total billed charges,78% of Billed Charges. Lesser of 100% of billed charges applies.; No services were performed during the 15 month look back period.,,78,,,,,0,percent of total billed charges,78% of Billed Charges. Lesser of 100% of billed charges applies.; No services were performed during the 15 month look back period.,,78,,,,,0,percent of total billed charges,78% of Billed Charges. Lesser of 100% of billed charges applies.; No services were performed during the 15 month look back period.,8427,,,,,,,Case Rate,". Primary procedure pays at 100%, all subsequent at 50%.",8427,,,,,,,Case Rate,". Primary procedure pays at 100%, all subsequent at 50%.",8427,,,,,,,Case Rate,". Primary procedure pays at 100%, all subsequent at 50%.",8427,,,,,,,Case Rate,". Primary procedure pays at 100%, all subsequent at 50%.",12574,,,,,,,Case Rate,". Primary procedure pays at 100%, all subsequent at 50%.",12574,,,,,,,Case Rate,". Primary procedure pays at 100%, all subsequent at 50%.",,,,,,,,Other,". ",4100,,,,,,,Case Rate,". MPL 100/50/25% all add ons apply, and lesser of 100% of billed charges",4923.38,,,,,,,Case Rate,". MPL 100/50/25% all add ons apply, and lesser of 100% of billed charges",4100,,,,,,,Case Rate,". MPL 100/50/25% all add ons apply, and lesser of 100% of billed charges",,78,,,,,0,percent of total billed charges,78% of Billed Charges. Lesser of 100% of billed charges applies.; No services were performed during the 15 month look back period.,12574,,,,,,,Case Rate,". Primary procedure pays at 100%, all subsequent at 50%.",4100,,,,,,,Case Rate,". MPL 100/50/25% all add ons apply, and lesser of 100% of billed charges",4923.38,,,,,,,Case Rate,". MPL 100/50/25% all add ons apply, and lesser of 100% of billed charges",,,,,,,,Other,". ",,,,,,,,,"NA. ",,78,,,,,0,percent of total billed charges,78% of Billed Charges. Lesser of 100% of billed charges applies.; No services were performed during the 15 month look back period.,363.46,,,,,,,Case Rate,"100 Percent of Medicaid APG. ",8427,,,,,,,Case Rate,". Primary procedure pays at 100%, all subsequent at 50%.",363.46,,,,,,,Case Rate,"100 Percent of Medicaid APG. Not APG payable, or payable under another fee schedule like ASP/AWP pays at 30% of charges",353.72,,,,,,,Case Rate,"100%Medicare OPPS FS. ",353.72,,,,,,,Case Rate,"100% Medicare OPPS FS. ",25798,,,,,,,Case Rate,". MPL 100/75/50% all add ons apply, and lesser of 100% of billed charges",353.72,,,,,,,Case Rate,"100% Medicare OPPS FS. ",353.72,,,,,,,Case Rate,"100% Medicare OPPS FS. ",363.46,,,,,,,Case Rate,"100 Percent of Medicaid APG. ",353.72,,,,,,,Case Rate,"100% Medicare OPPS FS. ",353.72,,,,,,,Case Rate,"100% Medicare OPPS FS. ",6593,,,,,,,Case Rate,". Primary procedure pays at 100%, secondary at 50%, all subsequent at 25%.  Lesser of applies when negotiated rates exceed charges less addons.",6593,,,,,,,Case Rate,". Primary procedure pays at 100%, secondary at 50%, all subsequent at 25%.  Lesser of applies when negotiated rates exceed charges less addons.",353.72,,,,,,,Case Rate,"100% Medicare OPPS FS. ",,,,,,,,Other,". ",4923.38,,,,,,,Case Rate,". MPL 100/50/25% all add ons apply, and lesser of 100% of billed charges",4923.38,,,,,,,Case Rate,". MPL 100/50/25% all add ons apply, and lesser of 100% of billed charges",353.72,,,,,,,Case Rate,"100% Medicare OPPS FS. ",,,,,,,,Other,". ",6593,,,,,,,Case Rate,". Primary procedure pays at 100%, secondary at 50%, all subsequent at 25%.  Lesser of applies when negotiated rates exceed charges less addons.",6593,,,,,,,Case Rate,". Primary procedure pays at 100%, secondary at 50%, all subsequent at 25%.  Lesser of applies when negotiated rates exceed charges less addons.",6593,,,,,,,Case Rate,". Primary procedure pays at 100%, secondary at 50%, all subsequent at 25%.  Lesser of applies when negotiated rates exceed charges less addons.",,78,,,,,0,percent of total billed charges,78% of Billed Charges. Lesser of 100% of billed charges applies.; No services were performed during the 15 month look back period.,,78,,,,,0,percent of total billed charges,78% of Billed Charges. Lesser of 100% of billed charges applies.; No services were performed during the 15 month look back period.,,78,,,,,0,percent of total billed charges,78% of Billed Charges. Lesser of 100% of billed charges applies.; No services were performed during the 15 month look back period.,,78,,,,,0,percent of total billed charges,78% of Billed Charges. Lesser of 100% of billed charges applies.; No services were performed during the 15 month look back period.,,78,,,,,0,percent of total billed charges,78% of Billed Charges. Lesser of 100% of billed charges applies.; No services were performed during the 15 month look back period.,,78,,,,,0,percent of total billed charges,78% of Billed Charges. Lesser of 100% of billed charges applies.; No services were performed during the 15 month look back period.,,78,,,,,0,percent of total billed charges,78% of Billed Charges. Lesser of 100% of billed charges applies.; No services were performed during the 15 month look back period.,,78,,,,,0,percent of total billed charges,78% of Billed Charges. Lesser of 100% of billed charges applies.; No services were performed during the 15 month look back period.,,78,,,,,0,percent of total billed charges,78% of Billed Charges. Lesser of 100% of billed charges applies.; No services were performed during the 15 month look back period.,,78,,,,,0,percent of total billed charges,78% of Billed Charges. Lesser of 100% of billed charges applies.; No services were performed during the 15 month look back period.,,78,,,,,0,percent of total billed charges,78% of Billed Charges. Lesser of 100% of billed charges applies.; No services were performed during the 15 month look back period.,12574,,,,,,,Case Rate,". Primary procedure pays at 100%, all subsequent at 50%.",4100,,,,,,,Case Rate,". MPL 100/50/25% all add ons apply, and lesser of 100% of billed charges",,,,,,,,Other,". ",353.72,,,,,,,Case Rate,"100% Medicare OPPS FS. ",6593,,,,,,,Case Rate,". Primary procedure pays at 100%, secondary at 50%, all subsequent at 25%.  Lesser of applies when negotiated rates exceed charges less addons.",,,,,,,,Other,". ",,,,,,,,Other,". ",,78,,,,,0,percent of total billed charges,78% of Billed Charges. Lesser of 100% of billed charges applies.; No services were performed during the 15 month look back period.,777.8,,,,,,,Case Rate,"214 Percent of Medicaid APG. Drugs not priced under APG, billed with revenue code 636 and not priced by Medicare ASP FeeSched will be reimbursed at 20% of charges.",,,,,,,,Other,". ",363.46,,,,,,,Case Rate,"100 Percent of Medicaid APG. ",353.72,,,,,,,Case Rate,"100% Medicare OPPS FS. ",353.72,,,,,,,Case Rate,"100% Medicare OPPS FS. ",353.72,,,,,,,Case Rate,"100% Medicare OPPS FS. ",353.72,,,,,,,Case Rate,"100% Medicare OPPS FS. ",353.72,,,,,,,Case Rate,"100% Medicare OPPS FS. ",353.72,,,,,,,Case Rate,"100% Medicare OPPS FS. ",,,,,,,,Other,". ",25798,,,,,,,Case Rate,". MPL 100/75/50% all add ons apply, and lesser of 100% of billed charges",654.22,,,,,,,Fee Schedule,"180 Percent of Medicaid APG. ",654.22,,,,,,,Fee Schedule,"180 Percent of Medicaid APG. ",654.22,,,,,,,Fee Schedule,"180 Percent of Medicaid APG. ",654.22,,,,,,,Fee Schedule,"180 Percent of Medicaid APG. ",654.22,,,,,,,Fee Schedule,"180 Percent of Medicaid APG. ",,,,,,,,,"NA. ",25798,,,,,,,Case Rate,". MPL 100/75/50% all add ons apply, and lesser of 100% of billed charges",700.37,,,,,,,Case Rate,198 Percent of Medicare OPPS. Metroplus will reimburse unlisted codes and described codes with no Medicare rate at 50 percent of charges.,700.37,,,,,,,Case Rate,198 Percent of Medicare OPPS. Metroplus will reimburse unlisted codes and described codes with no Medicare rate at 50 percent of charges.,700.37,,,,,,,Case Rate,198 Percent of Medicare OPPS. Metroplus will reimburse unlisted codes and described codes with no Medicare rate at 50 percent of charges.,700.37,,,,,,,Case Rate,198 Percent of Medicare OPPS. Metroplus will reimburse unlisted codes and described codes with no Medicare rate at 50 percent of charges.,700.37,,,,,,,Case Rate,198 Percent of Medicare OPPS. Metroplus will reimburse unlisted codes and described codes with no Medicare rate at 50 percent of charges.,353.72,,,,,,,Case Rate,"100% Medicare OPPS FS. ",12574,,,,,,,Case Rate,". Primary procedure pays at 100%, all subsequent at 50%.",12574,,,,,,,Case Rate,". Primary procedure pays at 100%, all subsequent at 50%.",12574,,,,,,,Case Rate,". Primary procedure pays at 100%, all subsequent at 50%.",12574,,,,,,,Case Rate,". Primary procedure pays at 100%, all subsequent at 50%.",6593,,,,,,,Case Rate,". Primary procedure pays at 100%, secondary at 50%, all subsequent at 25%.  Lesser of applies when negotiated rates exceed charges less addons.",6593,,,,,,,Case Rate,". Primary procedure pays at 100%, secondary at 50%, all subsequent at 25%.  Lesser of applies when negotiated rates exceed charges less addons.",6593,,,,,,,Case Rate,". Primary procedure pays at 100%, secondary at 50%, all subsequent at 25%.  Lesser of applies when negotiated rates exceed charges less addons.",6593,,,,,,,Case Rate,". Primary procedure pays at 100%, secondary at 50%, all subsequent at 25%.  Lesser of applies when negotiated rates exceed charges less addons.",25798,,,,,,,Case Rate,". MPL 100/75/50% all add ons apply, and lesser of 100% of billed charges",25798,,,,,,,Case Rate,". MPL 100/75/50% all add ons apply, and lesser of 100% of billed charges",353.72,,,,,,,Case Rate,"100% Medicare OPPS FS. ",353.72,,,,,,,Case Rate,"100% Medicare OPPS FS. ",353.72,,,,,,,Case Rate,"100% Medicare OPPS FS. ",4100,,,,,,,Case Rate,". MPL 100/50/25% all add ons apply, and lesser of 100% of billed charges",4100,,,,,,,Case Rate,". MPL 100/50/25% all add ons apply, and lesser of 100% of billed charges",4100,,,,,,,Case Rate,". MPL 100/50/25% all add ons apply, and lesser of 100% of billed charges",25798,,,,,,,Case Rate,". MPL 100/75/50% all add ons apply, and lesser of 100% of billed charges",6593,,,,,,,Case Rate,". Primary procedure pays at 100%, secondary at 50%, all subsequent at 25%.  Lesser of applies when negotiated rates exceed charges less addons.",353.72,,,,,,,Case Rate,"100% Medicare OPPS FS. ",4100,,,,,,,Case Rate,". MPL 100/50/25% all add ons apply, and lesser of 100% of billed charges",363.46,,,,,,,Case Rate,"100 Percent of Medicaid APG. ",360.8,,,,,,,Case Rate,"102% of Medicare OPPS. ",360.8,,,,,,,Case Rate,"102% of Medicare OPPS. ",360.8,,,,,,,Case Rate,"102% of Medicare OPPS. ",363.46,,,,,,,Case rate,"100 Percent of Medicaid APG. ",817.78,,,,,,,Case Rate,225% of NYS APG. Lesser of 100% of billed charges applies.,817.78,,,,,,,Case Rate,225% of NYS APG. Lesser of 100% of billed charges applies.,817.78,,,,,,,Case Rate,225% of NYS APG. Lesser of 100% of billed charges applies.,817.78,,,,,,,Case Rate,225% of NYS APG. Lesser of 100% of billed charges applies.,817.78,,,,,,,Case Rate,225% of NYS APG. Lesser of 100% of billed charges applies.,360.8,,,,,,,Case Rate,"102% of Medicare OPPS. ",363.46,,,,,,,Case Rate,"100 Percent of Medicaid APG. ",166.32,,,,,,,Case Rate,100% of PAS. Lesser of 100% of billed charges applies.,817.78,,,,,,,Case Rate,225% of NYS APG. Lesser of 100% of billed charges applies.,817.78,,,,,,,Case Rate,225% of NYS APG. Lesser of 100% of billed charges applies.,166.32,,,,,,,Case Rate,100% of PAS. Lesser of 100% of billed charges applies.,166.32,,,,,,,Case Rate,100% of PAS. Lesser of 100% of billed charges applies.,654.22,,,,,,,Fee Schedule,"180 Percent of Medicaid APG. ",353.72,,,,,,,Case Rate,"100% Medicare OPPS FS. ",353.72,,,,,,,Case Rate,"100% Medicare OPPS FS. ",6593,,,,,,,Case Rate,". Primary procedure pays at 100%, secondary at 50%, all subsequent at 25%.  Lesser of applies when negotiated rates exceed charges less addons.",353.72,,,,,,,Case Rate,"100% Medicare OPPS FS. ",817.78,,,,,,,Case Rate,"225 Percent of Medicaid APG. ",817.78,,,,,,,Case Rate,"225 Percent of Medicaid APG. ",363.46,,,,,,,Case rate,"100 Percent of Medicaid APG. ",363.46,,,,,,,Case rate,"100 Percent of Medicaid APG. ",817.78,,,,,,,Case Rate,225 Percent of Medicaid APG. Covered services not payable under Medicaid Fee Schedules default to a payment of 87.5 percent of charges.,363.46,,,,,,,Case rate,124 Percent of Medicaid APG. Covered services not payable under Medicaid Fee Schedules default to a payment of 50 percent of charges.,817.78,,,,,,,Case Rate,"100 Percent of Medicaid APG. ",817.78,,,,,,,Case Rate,"100 Percent of Medicaid APG. ",817.78,,,,,,,Case Rate,"100 Percent of Medicaid APG. ",817.78,,,,,,,Case Rate,"100 Percent of Medicaid APG. ",13453,,,,,,,Case Rate,". MPL 100/75/50% all add ons apply, and lesser of 100% of billed charges",25798,,,,,,,Case Rate,". MPL 100/75/50% all add ons apply, and lesser of 100% of billed charges",436.15,,,,,,,Case Rate,"120 Percent of Medicaid APG. Not APG payable, or payable under another fee schedule like ASP/AWP pays at 30% of charges",436.15,,,,,,,Case Rate,"120 Percent of Medicaid APG. Not APG payable, or payable under another fee schedule like ASP/AWP pays at 30% of charges",363.46,,,,,,,Case Rate,"100 Percent of Medicaid APG. Not APG payable, or payable under another fee schedule like ASP/AWP pays at 30% of charges",363.46,,,,,,,Case Rate,"100 Percent of Medicaid APG. Not APG payable, or payable under another fee schedule like ASP/AWP pays at 30% of charges",4100,,,,,,,Case Rate,". MPL 100/50/25% all add ons apply, and lesser of 100% of billed charges",4100,,,,,,,Case Rate,". MPL 100/50/25% all add ons apply, and lesser of 100% of billed charges",353.72,,,,,,,Case Rate,"100% Medicare OPPS FS. ",4100,,,,,,,Case Rate,". MPL 100/50/25% all add ons apply, and lesser of 100% of billed charges",4100,,,,,,,Case Rate,". MPL 100/50/25% all add ons apply, and lesser of 100% of billed charges",4100,,,,,,,Case Rate,". MPL 100/50/25% all add ons apply, and lesser of 100% of billed charges",4100,,,,,,,Case Rate,". MPL 100/50/25% all add ons apply, and lesser of 100% of billed charges",353.72,,,,,,,Case Rate,"100% Medicare OPPS FS. ",4100,,,,,,,Case Rate,". MPL 100/50/25% all add ons apply, and lesser of 100% of billed charges",4100,,,,,,,Case Rate,". MPL 100/50/25% all add ons apply, and lesser of 100% of billed charges",6593,,,,,,,Case Rate,". Primary procedure pays at 100%, secondary at 50%, all subsequent at 25%.  Lesser of applies when negotiated rates exceed charges less addons.",363.46,,,,,,,Fee Schedule,100% APG. Lesser of 100% of billed charges applies.,363.46,,,,,,,Case rate,124 Percent of Medicaid APG. Covered services not payable under Medicaid Fee Schedules default to a payment of 50 percent of charges.,817.78,,,,,,,Case Rate,225% of NYS APG. Lesser of 100% of billed charges applies.,817.78,,,,,,,Case Rate,225 Percent of Medicaid APG. Covered services not payable under Medicaid Fee Schedules default to a payment of 87.5 percent of charges.,363.46,,,,,,,Case rate,124 Percent of Medicaid APG. Covered services not payable under Medicaid Fee Schedules default to a payment of 50 percent of charges.,817.78,,,,,,,Case Rate,225% of NYS APG. Lesser of 100% of billed charges applies.,817.78,,,,,,,Case Rate,225% of NYS APG. Lesser of 100% of billed charges applies.,817.78,,,,,,,Case Rate,225% of NYS APG. Lesser of 100% of billed charges applies.,817.78,,,,,,,Case Rate,225% of NYS APG. Lesser of 100% of billed charges applies.,817.78,,,,,,,Case Rate,225% of NYS APG. Lesser of 100% of billed charges applies.,817.78,,,,,,,Case Rate,225% of NYS APG. Lesser of 100% of billed charges applies.,,,,,,,,,"NA. ",,,,,,,,,"NA. ",,,,,,,,,"NA. ",,,,,,,,Other,". ",,,,,,,,,"NA. ",353.72,,,,,,,Case Rate,"100% Medicare OPPS FS. ",1352,,,,,,,Case Rate,". MPL 1st 100% of Payment Rate 50% of all others, all add ons apply, and lesser of 100% of billed charges.",353.72,,,,,,,Case Rate,"100% Medicare OPPS FS. ",353.72,,,,,,,Case Rate,"100% Medicare OPPS FS. ",436.15,,,,,,,Case Rate,"120 Percent of Medicaid APG. Not APG payable, or payable under another fee schedule like ASP/AWP pays at 30% of charges",436.15,,,,,,,Case Rate,"120 Percent of Medicaid APG. Not APG payable, or payable under another fee schedule like ASP/AWP pays at 30% of charges",363.46,,,,,,,Case Rate,"100 Percent of Medicaid APG. Not APG payable, or payable under another fee schedule like ASP/AWP pays at 30% of charges",363.46,,,,,,,Case Rate,"100 Percent of Medicaid APG. Not APG payable, or payable under another fee schedule like ASP/AWP pays at 30% of charges",363.46,,,,,,,Case Rate,"100 Percent of Medicaid APG. ",7163,,,,,,,Case Rate,". ",6593,,,,,,,Case Rate,". Primary procedure pays at 100%, secondary at 50%, all subsequent at 25%.  Lesser of applies when negotiated rates exceed charges less addons.",8427,,,,,,,Case Rate,". Primary procedure pays at 100%, all subsequent at 50%.",,,,,,,,Other,". ",353.72,,,,,,,Case Rate,"100%Medicare OPPS FS. ",353.72,,,,,,,Case Rate,"100% Medicare OPPS FS. ",353.72,,,,,,,Case Rate,"100% Medicare OPPS FS. ",353.72,,,,,,,Case Rate,"100% Medicare OPPS FS. ",353.72,,,,,,,Case Rate,"100%Medicare OPPS FS. ",353.72,,,,,,,Case Rate,"100% Medicare OPPS FS. ",,,,,,,,,"NA. ",817.78,,,,,,,Case Rate,225% of NYS APG. Lesser of 100% of billed charges applies.,166.32,,,,,,,Case Rate,100% of PAS. Lesser of 100% of billed charges applies.,4100,,,,,,,Case Rate,". MPL 100/50/25% all add ons apply, and lesser of 100% of billed charges",7163,,,,,,,Case Rate,". ",7163,,,,,,,Case Rate,". ",7163,,,,,,,Case Rate,". ",7163,,,,,,,Case Rate,". ",353.72,,,,,,,Case Rate,"100% Medicare OPPS FS. ",363.46,,,,,,,Case Rate,"100 Percent of Medicaid APG. ",4100,,,,,,,Case Rate,". MPL 100/50/25% all add ons apply, and lesser of 100% of billed charges",363.46,,,,,,,Case Rate,"100 Percent of Medicaid APG. ",353.72,,,,,,,Case Rate,"100% Medicare OPPS FS. ",363.46,,,,,,,Case Rate,"100 Percent of Medicaid APG. ",353.72,,,,,,,Case Rate,"100% Medicare OPPS FS. ",353.72,,,,,,,Case Rate,"100% Medicare OPPS FS. ",363.46,,,,,,,Case Rate,"100 Percent of Medicaid APG. ",363.46,,,,,,,Case Rate,"100 Percent of Medicaid APG. ",7163,,,,,,,Case Rate,". ",,,,,,,,Other,". ",,78,,,,,0,percent of total billed charges,78% of Billed Charges. Lesser of 100% of billed charges applies.; No services were performed during the 15 month look back period.,4923.38,,,,,,,Case Rate,". MPL 100/50/25% all add ons apply, and lesser of 100% of billed charges",4923.38,,,,,,,Case Rate,". MPL 100/50/25% all add ons apply, and lesser of 100% of billed charges",6593,,,,,,,Case Rate,". Primary procedure pays at 100%, secondary at 50%, all subsequent at 25%.  Lesser of applies when negotiated rates exceed charges less addons.",353.72,,,,,,,Case Rate,"83% HF Fee schedule. ",12574,,,,,,,Case Rate,". Primary procedure pays at 100%, all subsequent at 50%.",12574,,,,,,,Case Rate,". Primary procedure pays at 100%, all subsequent at 50%.",3280,,,,,,,Case Rate,". MPL 100/50/25% all add ons apply, and lesser of 100% of billed charges",3280,,,,,,,Case Rate,". MPL 100/50/25% all add ons apply, and lesser of 100% of billed charges",353.72,,,,,,,Case Rate,"100% Medicare OPPS FS. ",353.72,,,,,,,Case Rate,"100% Medicare OPPS FS. ",353.72,,,,,,,Case Rate,"100% Medicare OPPS FS. ",353.72,,,,,,,Case Rate,"100% Medicare OPPS FS. ",4923.38,,,,,,,Case Rate,". MPL 100/50/25% all add ons apply, and lesser of 100% of billed charges",4100,,,,,,,Case Rate,". MPL 100/50/25% all add ons apply, and lesser of 100% of billed charges",4100,,,,,,,Case Rate,". MPL 100/50/25% all add ons apply, and lesser of 100% of billed charges",353.72,,,,,,,Case Rate,"100% Medicare OPPS FS. ",3280,,,,,,,Case Rate,". MPL 100/50/25% all add ons apply, and lesser of 100% of billed charges",8427,,,,,,,Case Rate,". Primary procedure pays at 100%, all subsequent at 50%.",436.15,,,,,,,Fee Schedule,"120 Percent of Medicaid APG. ",363.46,,,,,,,Case Rate,"100 Percent of Medicaid APG. ",7163,,,,,,,Case Rate,". ",3690,,,,,,,Case Rate,". MPL 100/50/25% all add ons apply, and lesser of 100% of billed charges",3690,,,,,,,Case Rate,". MPL 100/50/25% all add ons apply, and lesser of 100% of billed charges",4100,,,,,,,Case Rate,". MPL 100/50/25% all add ons apply, and lesser of 100% of billed charges",14948,,,,,,,Case Rate,". MPL 100/75/50% all add ons apply, and lesser of 100% of billed charges",353.72,,,,,,,Case Rate,"100%Medicare OPPS FS. ",381.63,,,,,,,Fee Schedule,105 percent of Medicaid APG. otherwise 105% of Ordered NYS MCD FS or 105% of ASP+6%,381.63,,,,,,,Fee Schedule,105 percent of Medicaid APG. otherwise 105% of Ordered NYS MCD FS or 105% of ASP+6%,381.63,,,,,,,Fee Schedule,105 percent of Medicaid APG. otherwise 105% of Ordered NYS MCD FS or 105% of ASP+6%,490.67,,,,,,,Fee Schedule,135 percent of Medicaid APG. otherwise 135% of Ordered NYS MCD FS or 135% of ASP+6%,4923.38,,,,,,,Case Rate,". MPL 100/50/25% all add ons apply, and lesser of 100% of billed charges",381.63,,,,,,,Fee Schedule,105 percent of Medicaid APG. otherwise 105% of Ordered NYS MCD FS or 105% of ASP+6%,381.63,,,,,,,Fee Schedule,105 percent of Medicaid APG. otherwise 105% of Ordered NYS MCD FS or 105% of ASP+6%,381.63,,,,,,,Fee Schedule,105 percent of Medicaid APG. otherwise 105% of Ordered NYS MCD FS or 105% of ASP+6%,381.63,,,,,,,Fee Schedule,105 percent of Medicaid APG. otherwise 105% of Ordered NYS MCD FS or 105% of ASP+6%,381.63,,,,,,,Fee Schedule,105 percent of Medicaid APG. otherwise 105% of Ordered NYS MCD FS or 105% of ASP+6%,490.67,,,,,,,Fee Schedule,135 percent of Medicaid APG. otherwise 135% of Ordered NYS MCD FS or 135% of ASP+6%,490.67,,,,,,,Fee Schedule,135 percent of Medicaid APG. otherwise 135% of Ordered NYS MCD FS or 135% of ASP+6%,353.72,,,,,,,Case Rate,"100% Medicare OPPS FS. ",4923.38,,,,,,,Case Rate,". MPL 100/50/25% all add ons apply, and lesser of 100% of billed charges",353.72,,,,,,,Case Rate,"100% Medicare OPPS FS. ",381.63,,,,,,,Fee Schedule,105 percent of Medicaid APG. otherwise 105% of Ordered NYS MCD FS or 105% of ASP+6%,4100,,,,,,,Case Rate,". MPL 100/50/25% all add ons apply, and lesser of 100% of billed charges",353.72,,,,,,,Case Rate,"100% Medicare OPPS FS. ",4100,,,,,,,Case Rate,". MPL 100/50/25% all add ons apply, and lesser of 100% of billed charges",4100,,,,,,,Case Rate,". MPL 100/50/25% all add ons apply, and lesser of 100% of billed charges",4100,,,,,,,Case Rate,". MPL 100/50/25% all add ons apply, and lesser of 100% of billed charges",381.63,,,,,,,Fee Schedule,105 percent of Medicaid APG. otherwise 105% of Ordered NYS MCD FS or 105% of ASP+6%,353.72,,,,,,,Case Rate,"100% Medicare OPPS FS. ",4100,,,,,,,Case Rate,". MPL 100/50/25% all add ons apply, and lesser of 100% of billed charges",490.67,,,,,,,Fee Schedule,135 percent of Medicaid APG. otherwise 135% of Ordered NYS MCD FS or 135% of ASP+6%,4100,,,,,,,Case Rate,". MPL 100/50/25% all add ons apply, and lesser of 100% of billed charges",,200,,,,,0,Case Rate,200% of Medicare OPPS. ; No services were performed during the 15 month look back period.,353.72,,,,,,,Case Rate,"100%Medicare OPPS FS. ",7163,,,,,,,Case Rate,". ",7163,,,,,,,Case Rate,". ",7163,,,,,,,Case Rate,". ",7163,,,,,,,Case Rate,". ",7163,,,,,,,Case Rate,". ",8427,,,,,,,Case Rate,". Primary procedure pays at 100%, all subsequent at 50%.",8427,,,,,,,Case Rate,". Primary procedure pays at 100%, all subsequent at 50%.",7163,,,,,,,Case Rate,". ",7163,,,,,,,Case Rate,". ",7163,,,,,,,Case Rate,". ",7163,,,,,,,Case Rate,". ",7163,,,,,,,Case Rate,". ",353.72,,,,,,,Case Rate,"100% Medicare OPPS FS. ",8427,,,,,,,Case Rate,". Primary procedure pays at 100%, all subsequent at 50%.",353.72,,,,,,,Case Rate,"100% Medicare OPPS FS. ",817.78,,,,,,,Case Rate,"225 Percent of Medicaid APG. If not included in Medicaid APG, then 100 Percent of Manhattan Medicare",363.46,,,,,,,Case Rate,"100 Percent of Medicaid APG. ",4923.38,,,,,,,Case Rate,". MPL 100/50/25% all add ons apply, and lesser of 100% of billed charges",4923.38,,,,,,,Case Rate,". MPL 100/50/25% all add ons apply, and lesser of 100% of billed charges",353.72,,,,,,,Case Rate,"100% Medicare OPPS FS. ",12574,,,,,,,Case Rate,". Primary procedure pays at 100%, all subsequent at 50%.",353.72,,,,,,,Case Rate,"100% Medicare OPPS FS. ",353.72,,,,,,,Case Rate,"100% Medicare OPPS FS. ",6593,,,,,,,Case Rate,". Primary procedure pays at 100%, secondary at 50%, all subsequent at 25%.  Lesser of applies when negotiated rates exceed charges less addons.",353.72,,,,,,,Case Rate,"100% Medicare OPPS FS. ",,,,,,,,Other,". ",353.72,,,,,,,Case Rate,"100% Medicare OPPS FS. ",,,,,,,,Other,". ",6593,,,,,,,Case Rate,". Primary procedure pays at 100%, secondary at 50%, all subsequent at 25%.  Lesser of applies when negotiated rates exceed charges less addons.",,,,,,,,Other,". ",353.72,,,,,,,Case Rate,"100% Medicare OPPS FS. ",363.46,,,,,,,Case Rate,"100 Percent of Medicaid APG. ",353.72,,,,,,,Case Rate,"100% Medicare OPPS FS. ",,,,,,,,Other,". ",4923.38,,,,,,,Case Rate,". MPL 100/50/25% all add ons apply, and lesser of 100% of billed charges",363.46,,,,,,,Case Rate,"100 Percent of Medicaid APG. ",4100,,,,,,,Case Rate,". MPL 100/50/25% all add ons apply, and lesser of 100% of billed charges",436.15,,,,,,,Fee Schedule,"120 Percent of Medicaid APG. ",436.15,,,,,,,Fee Schedule,"120 Percent of Medicaid APG. ",4100,,,,,,,Case Rate,". MPL 100/50/25% all add ons apply, and lesser of 100% of billed charges",4100,,,,,,,Case Rate,". MPL 100/50/25% all add ons apply, and lesser of 100% of billed charges",4100,,,,,,,Case Rate,". MPL 100/50/25% all add ons apply, and lesser of 100% of billed charges",4923.38,,,,,,,Case Rate,". MPL 100/50/25% all add ons apply, and lesser of 100% of billed charges",4100,,,,,,,Case Rate,". MPL 100/50/25% all add ons apply, and lesser of 100% of billed charges",4100,,,,,,,Case Rate,". MPL 100/50/25% all add ons apply, and lesser of 100% of billed charges",4100,,,,,,,Case Rate,". MPL 100/50/25% all add ons apply, and lesser of 100% of billed charges",7163,,,,,,,Case Rate,". ",7163,,,,,,,Case Rate,". ",700.37,,,,,,,Case Rate,198 Percent of Medicare OPPS. Metroplus will reimburse unlisted codes and described codes with no Medicare rate at 50 percent of charges.,363.46,,,,,,,Case Rate,"100 Percent of Medicaid APG. ",4923.38,,,,,,,Case Rate,". MPL 100/50/25% all add ons apply, and lesser of 100% of billed charges",,,,,,,,Other,". ",6593,,,,,,,Case Rate,". Primary procedure pays at 100%, secondary at 50%, all subsequent at 25%.  Lesser of applies when negotiated rates exceed charges less addons.",4923.38,,,,,,,Case Rate,". MPL 100/50/25% all add ons apply, and lesser of 100% of billed charges",6593,,,,,,,Case Rate,". Primary procedure pays at 100%, secondary at 50%, all subsequent at 25%.  Lesser of applies when negotiated rates exceed charges less addons.",4923.38,,,,,,,Case Rate,". MPL 100/50/25% all add ons apply, and lesser of 100% of billed charges",4100,,,,,,,Case Rate,". MPL 100/50/25% all add ons apply, and lesser of 100% of billed charges",4100,,,,,,,Case Rate,". MPL 100/50/25% all add ons apply, and lesser of 100% of billed charges",4100,,,,,,,Case Rate,". MPL 100/50/25% all add ons apply, and lesser of 100% of billed charges",4100,,,,,,,Case Rate,". MPL 100/50/25% all add ons apply, and lesser of 100% of billed charges",353.72,,,,,,,Case Rate,"100% Medicare OPPS FS. ",166.32,25798,
68505,CPT,,,490,RC,PARTIAL REMOVAL TEAR GLAND,,,both,,,,7084,,,,,,,Case Rate,". MPL 1st 100% of Payment Rate 50% of all others, all add ons apply, and lesser of 100% of billed charges.",7084,,,,,,,Case Rate,". MPL 1st 100% of Payment Rate 50% of all others, all add ons apply, and lesser of 100% of billed charges.",10024,,,,,,,Case Rate,". Primary procedure pays at 100%, secondary at 50%, all subsequent at 25%.  Lesser of applies when negotiated rates exceed charges less addons.",,100,,,,,0,percent of total billed charges,100 percent of billed charges; No services were performed during the 15 month look back period.,4462.22,,,,,,,Case Rate,"100% Medicare OPPS FS. ",10024,,,,,,,Case Rate,". Primary procedure pays at 100%, secondary at 50%, all subsequent at 25%.  Lesser of applies when negotiated rates exceed charges less addons.",10024,,,,,,,Case Rate,". Primary procedure pays at 100%, secondary at 50%, all subsequent at 25%.  Lesser of applies when negotiated rates exceed charges less addons.",10024,,,,,,,Case Rate,". Primary procedure pays at 100%, secondary at 50%, all subsequent at 25%.  Lesser of applies when negotiated rates exceed charges less addons.",2864.69,,,,,,,Case Rate,"100 Percent of Medicaid APG. ",2387.25,,,,,,,Case Rate,"100 Percent of Medicaid APG. ",,78,,,,,0,percent of total billed charges,78% of Billed Charges. Lesser of 100% of billed charges applies.; No services were performed during the 15 month look back period.,10978.39,,,,,,,Case Rate,". MPL 100/50/25% all add ons apply, and lesser of 100% of billed charges",2387.25,,,,,,,Case Rate,"100 Percent of Medicaid APG. ",4462.22,,,,,,,Case Rate,"100% Medicare OPPS FS. ",6487,,,,,,,Case Rate,". MPL 100/50/25% maxmium of 3 procedures. All add ons apply, and lesser of 100% of billed charges",6487,,,,,,,Case Rate,". MPL 100/50/25% maxmium of 3 procedures. All add ons apply, and lesser of 100% of billed charges",6487,,,,,,,Case Rate,". MPL 100/50/25% maxmium of 3 procedures. All add ons apply, and lesser of 100% of billed charges",6487,,,,,,,Case Rate,". MPL 100/50/25% maxmium of 3 procedures. All add ons apply, and lesser of 100% of billed charges",2387.25,,,,,,,Case rate,124 Percent of Medicaid APG. Covered services not payable under Medicaid Fee Schedules default to a payment of 50 percent of charges.,4462.22,,,,,,,Case Rate,"100% Medicare OPPS FS. ",2387.25,,,,,,,Case rate,124 Percent of Medicaid APG. Covered services not payable under Medicaid Fee Schedules default to a payment of 50 percent of charges.,,78,,,,,0,percent of total billed charges,78% of Billed Charges. Lesser of 100% of billed charges applies.; No services were performed during the 15 month look back period.,10024,,,,,,,Case Rate,". Primary procedure pays at 100%, secondary at 50%, all subsequent at 25%.  Lesser of applies when negotiated rates exceed charges less addons.",4462.22,,,,,,,Case Rate,"100%Medicare OPPS FS. ",8427,,,,,,,Case Rate,". Primary procedure pays at 100%, all subsequent at 50%.",4462.22,,,,,,,Case Rate,"100%Medicare OPPS FS. ",4462.22,,,,,,,Case Rate,"100%Medicare OPPS FS. ",,78,,,,,0,percent of total billed charges,78% of Billed Charges. Lesser of 100% of billed charges applies.; No services were performed during the 15 month look back period.,1484.39,,,,,,,Case Rate,100% of PAS. Lesser of 100% of billed charges applies.,1484.39,,,,,,,Case Rate,100% of PAS. Lesser of 100% of billed charges applies.,2387.25,,,,,,,Case rate,"100 Percent of Medicaid APG. ",2387.25,,,,,,,Case rate,"100 Percent of Medicaid APG. ",8427,,,,,,,Case Rate,". Primary procedure pays at 100%, all subsequent at 50%.",8427,,,,,,,Case Rate,". Primary procedure pays at 100%, all subsequent at 50%.",2387.25,,,,,,,Case Rate,"100 Percent of Medicaid APG. Not APG payable, or payable under another fee schedule like ASP/AWP pays at 30% of charges",8427,,,,,,,Case Rate,". Primary procedure pays at 100%, all subsequent at 50%.",2387.25,,,,,,,Case Rate,"100 Percent of Medicaid APG. Not APG payable, or payable under another fee schedule like ASP/AWP pays at 30% of charges",4462.22,,,,,,,Case Rate,"100%Medicare OPPS FS. ",8427,,,,,,,Case Rate,". Primary procedure pays at 100%, all subsequent at 50%.",,78,,,,,0,percent of total billed charges,78% of Billed Charges. Lesser of 100% of billed charges applies.; No services were performed during the 15 month look back period.,2387.25,,,,,,,Case Rate,"100 Percent of Medicaid APG. ",2387.25,,,,,,,Case Rate,"100 Percent of Medicaid APG. ",,78,,,,,0,percent of total billed charges,78% of Billed Charges. Lesser of 100% of billed charges applies.; No services were performed during the 15 month look back period.,6487,,,,,,,Case Rate,". MPL 100/50/25% maxmium of 3 procedures. All add ons apply, and lesser of 100% of billed charges",9645,,,,,,,Case Rate,". MPL 100/50/25% all add ons apply, and lesser of 100% of billed charges",9645,,,,,,,Case Rate,". MPL 100/50/25% all add ons apply, and lesser of 100% of billed charges",,78,,,,,0,percent of total billed charges,78% of Billed Charges. Lesser of 100% of billed charges applies.; No services were performed during the 15 month look back period.,4462.22,,,,,,,Case Rate,"100% Medicare OPPS FS. ",10978.39,,,,,,,Case Rate,". MPL 100/50/25% all add ons apply, and lesser of 100% of billed charges",10978.39,,,,,,,Case Rate,". MPL 100/50/25% all add ons apply, and lesser of 100% of billed charges",10978.39,,,,,,,Case Rate,". MPL 100/50/25% all add ons apply, and lesser of 100% of billed charges",4462.22,,,,,,,Case Rate,"100% Medicare OPPS FS. ",10978.39,,,,,,,Case Rate,". MPL 100/50/25% all add ons apply, and lesser of 100% of billed charges",10978.39,,,,,,,Case Rate,". MPL 100/50/25% all add ons apply, and lesser of 100% of billed charges",4462.22,,,,,,,Case Rate,"100% of Medicare OPPS. ",25798,,,,,,,Case Rate,". MPL 100/75/50% all add ons apply, and lesser of 100% of billed charges",13586,,,,,,,Case Rate,". MPL 100/50/25% all add ons apply, and lesser of 100% of billed charges",13586,,,,,,,Case Rate,". MPL 100/50/25% all add ons apply, and lesser of 100% of billed charges",13586,,,,,,,Case Rate,". MPL 100/50/25% all add ons apply, and lesser of 100% of billed charges",13586,,,,,,,Case Rate,". MPL 100/50/25% all add ons apply, and lesser of 100% of billed charges",13586,,,,,,,Case Rate,". MPL 100/50/25% all add ons apply, and lesser of 100% of billed charges",13586,,,,,,,Case Rate,". MPL 100/50/25% all add ons apply, and lesser of 100% of billed charges",4462.22,,,,,,,Case Rate,"100% Medicare OPPS FS. ",4462.22,,,,,,,Case Rate,"100% Medicare OPPS FS. ",13586,,,,,,,Case Rate,". MPL 100/50/25% all add ons apply, and lesser of 100% of billed charges",,78,,,,,0,percent of total billed charges,78% of Billed Charges. Lesser of 100% of billed charges applies.; No services were performed during the 15 month look back period.,,78,,,,,0,percent of total billed charges,78% of Billed Charges. Lesser of 100% of billed charges applies.; No services were performed during the 15 month look back period.,,78,,,,,0,percent of total billed charges,78% of Billed Charges. Lesser of 100% of billed charges applies.; No services were performed during the 15 month look back period.,,78,,,,,0,percent of total billed charges,78% of Billed Charges. Lesser of 100% of billed charges applies.; No services were performed during the 15 month look back period.,,78,,,,,0,percent of total billed charges,78% of Billed Charges. Lesser of 100% of billed charges applies.; No services were performed during the 15 month look back period.,,78,,,,,0,percent of total billed charges,78% of Billed Charges. Lesser of 100% of billed charges applies.; No services were performed during the 15 month look back period.,,78,,,,,0,percent of total billed charges,78% of Billed Charges. Lesser of 100% of billed charges applies.; No services were performed during the 15 month look back period.,,78,,,,,0,percent of total billed charges,78% of Billed Charges. Lesser of 100% of billed charges applies.; No services were performed during the 15 month look back period.,,78,,,,,0,percent of total billed charges,78% of Billed Charges. Lesser of 100% of billed charges applies.; No services were performed during the 15 month look back period.,,78,,,,,0,percent of total billed charges,78% of Billed Charges. Lesser of 100% of billed charges applies.; No services were performed during the 15 month look back period.,,78,,,,,0,percent of total billed charges,78% of Billed Charges. Lesser of 100% of billed charges applies.; No services were performed during the 15 month look back period.,,78,,,,,0,percent of total billed charges,78% of Billed Charges. Lesser of 100% of billed charges applies.; No services were performed during the 15 month look back period.,,78,,,,,0,percent of total billed charges,78% of Billed Charges. Lesser of 100% of billed charges applies.; No services were performed during the 15 month look back period.,,78,,,,,0,percent of total billed charges,78% of Billed Charges. Lesser of 100% of billed charges applies.; No services were performed during the 15 month look back period.,,78,,,,,0,percent of total billed charges,78% of Billed Charges. Lesser of 100% of billed charges applies.; No services were performed during the 15 month look back period.,,78,,,,,0,percent of total billed charges,78% of Billed Charges. Lesser of 100% of billed charges applies.; No services were performed during the 15 month look back period.,,78,,,,,0,percent of total billed charges,78% of Billed Charges. Lesser of 100% of billed charges applies.; No services were performed during the 15 month look back period.,,78,,,,,0,percent of total billed charges,78% of Billed Charges. Lesser of 100% of billed charges applies.; No services were performed during the 15 month look back period.,,78,,,,,0,percent of total billed charges,78% of Billed Charges. Lesser of 100% of billed charges applies.; No services were performed during the 15 month look back period.,,78,,,,,0,percent of total billed charges,78% of Billed Charges. Lesser of 100% of billed charges applies.; No services were performed during the 15 month look back period.,,78,,,,,0,percent of total billed charges,78% of Billed Charges. Lesser of 100% of billed charges applies.; No services were performed during the 15 month look back period.,,78,,,,,0,percent of total billed charges,78% of Billed Charges. Lesser of 100% of billed charges applies.; No services were performed during the 15 month look back period.,,78,,,,,0,percent of total billed charges,78% of Billed Charges. Lesser of 100% of billed charges applies.; No services were performed during the 15 month look back period.,,78,,,,,0,percent of total billed charges,78% of Billed Charges. Lesser of 100% of billed charges applies.; No services were performed during the 15 month look back period.,,78,,,,,0,percent of total billed charges,78% of Billed Charges. Lesser of 100% of billed charges applies.; No services were performed during the 15 month look back period.,,78,,,,,0,percent of total billed charges,78% of Billed Charges. Lesser of 100% of billed charges applies.; No services were performed during the 15 month look back period.,8427,,,,,,,Case Rate,". Primary procedure pays at 100%, all subsequent at 50%.",8427,,,,,,,Case Rate,". Primary procedure pays at 100%, all subsequent at 50%.",8427,,,,,,,Case Rate,". Primary procedure pays at 100%, all subsequent at 50%.",8427,,,,,,,Case Rate,". Primary procedure pays at 100%, all subsequent at 50%.",12574,,,,,,,Case Rate,". Primary procedure pays at 100%, all subsequent at 50%.",12574,,,,,,,Case Rate,". Primary procedure pays at 100%, all subsequent at 50%.",6487,,,,,,,Case Rate,". MPL 100/50/25% maxmium of 3 procedures. All add ons apply, and lesser of 100% of billed charges",13586,,,,,,,Case Rate,". MPL 100/50/25% all add ons apply, and lesser of 100% of billed charges",10978.39,,,,,,,Case Rate,". MPL 100/50/25% all add ons apply, and lesser of 100% of billed charges",13586,,,,,,,Case Rate,". MPL 100/50/25% all add ons apply, and lesser of 100% of billed charges",,78,,,,,0,percent of total billed charges,78% of Billed Charges. Lesser of 100% of billed charges applies.; No services were performed during the 15 month look back period.,12574,,,,,,,Case Rate,". Primary procedure pays at 100%, all subsequent at 50%.",13586,,,,,,,Case Rate,". MPL 100/50/25% all add ons apply, and lesser of 100% of billed charges",10978.39,,,,,,,Case Rate,". MPL 100/50/25% all add ons apply, and lesser of 100% of billed charges",6487,,,,,,,Case Rate,". MPL 100/50/25% maxmium of 3 procedures. All add ons apply, and lesser of 100% of billed charges",,,,,,,,,"NA. ",,78,,,,,0,percent of total billed charges,78% of Billed Charges. Lesser of 100% of billed charges applies.; No services were performed during the 15 month look back period.,2387.25,,,,,,,Case Rate,"100 Percent of Medicaid APG. ",8427,,,,,,,Case Rate,". Primary procedure pays at 100%, all subsequent at 50%.",2387.25,,,,,,,Case Rate,"100 Percent of Medicaid APG. Not APG payable, or payable under another fee schedule like ASP/AWP pays at 30% of charges",4462.22,,,,,,,Case Rate,"100%Medicare OPPS FS. ",4462.22,,,,,,,Case Rate,"100% Medicare OPPS FS. ",25798,,,,,,,Case Rate,". MPL 100/75/50% all add ons apply, and lesser of 100% of billed charges",4462.22,,,,,,,Case Rate,"100% Medicare OPPS FS. ",4462.22,,,,,,,Case Rate,"100% Medicare OPPS FS. ",2387.25,,,,,,,Case Rate,"100 Percent of Medicaid APG. ",4462.22,,,,,,,Case Rate,"100% Medicare OPPS FS. ",4462.22,,,,,,,Case Rate,"100% Medicare OPPS FS. ",10024,,,,,,,Case Rate,". Primary procedure pays at 100%, secondary at 50%, all subsequent at 25%.  Lesser of applies when negotiated rates exceed charges less addons.",10024,,,,,,,Case Rate,". Primary procedure pays at 100%, secondary at 50%, all subsequent at 25%.  Lesser of applies when negotiated rates exceed charges less addons.",4462.22,,,,,,,Case Rate,"100% Medicare OPPS FS. ",6487,,,,,,,Case Rate,". MPL 100/50/25% maxmium of 3 procedures. All add ons apply, and lesser of 100% of billed charges",10978.39,,,,,,,Case Rate,". MPL 100/50/25% all add ons apply, and lesser of 100% of billed charges",10978.39,,,,,,,Case Rate,". MPL 100/50/25% all add ons apply, and lesser of 100% of billed charges",4462.22,,,,,,,Case Rate,"100% Medicare OPPS FS. ",6487,,,,,,,Case Rate,". MPL 100/50/25% maxmium of 3 procedures. All add ons apply, and lesser of 100% of billed charges",10024,,,,,,,Case Rate,". Primary procedure pays at 100%, secondary at 50%, all subsequent at 25%.  Lesser of applies when negotiated rates exceed charges less addons.",10024,,,,,,,Case Rate,". Primary procedure pays at 100%, secondary at 50%, all subsequent at 25%.  Lesser of applies when negotiated rates exceed charges less addons.",10024,,,,,,,Case Rate,". Primary procedure pays at 100%, secondary at 50%, all subsequent at 25%.  Lesser of applies when negotiated rates exceed charges less addons.",,78,,,,,0,percent of total billed charges,78% of Billed Charges. Lesser of 100% of billed charges applies.; No services were performed during the 15 month look back period.,,78,,,,,0,percent of total billed charges,78% of Billed Charges. Lesser of 100% of billed charges applies.; No services were performed during the 15 month look back period.,,78,,,,,0,percent of total billed charges,78% of Billed Charges. Lesser of 100% of billed charges applies.; No services were performed during the 15 month look back period.,,78,,,,,0,percent of total billed charges,78% of Billed Charges. Lesser of 100% of billed charges applies.; No services were performed during the 15 month look back period.,,78,,,,,0,percent of total billed charges,78% of Billed Charges. Lesser of 100% of billed charges applies.; No services were performed during the 15 month look back period.,,78,,,,,0,percent of total billed charges,78% of Billed Charges. Lesser of 100% of billed charges applies.; No services were performed during the 15 month look back period.,,78,,,,,0,percent of total billed charges,78% of Billed Charges. Lesser of 100% of billed charges applies.; No services were performed during the 15 month look back period.,,78,,,,,0,percent of total billed charges,78% of Billed Charges. Lesser of 100% of billed charges applies.; No services were performed during the 15 month look back period.,,78,,,,,0,percent of total billed charges,78% of Billed Charges. Lesser of 100% of billed charges applies.; No services were performed during the 15 month look back period.,,78,,,,,0,percent of total billed charges,78% of Billed Charges. Lesser of 100% of billed charges applies.; No services were performed during the 15 month look back period.,,78,,,,,0,percent of total billed charges,78% of Billed Charges. Lesser of 100% of billed charges applies.; No services were performed during the 15 month look back period.,12574,,,,,,,Case Rate,". Primary procedure pays at 100%, all subsequent at 50%.",13586,,,,,,,Case Rate,". MPL 100/50/25% all add ons apply, and lesser of 100% of billed charges",6487,,,,,,,Case Rate,". MPL 100/50/25% maxmium of 3 procedures. All add ons apply, and lesser of 100% of billed charges",4462.22,,,,,,,Case Rate,"100% Medicare OPPS FS. ",10024,,,,,,,Case Rate,". Primary procedure pays at 100%, secondary at 50%, all subsequent at 25%.  Lesser of applies when negotiated rates exceed charges less addons.",6487,,,,,,,Case Rate,". MPL 100/50/25% maxmium of 3 procedures. All add ons apply, and lesser of 100% of billed charges",6487,,,,,,,Case Rate,". MPL 100/50/25% maxmium of 3 procedures. All add ons apply, and lesser of 100% of billed charges",,78,,,,,0,percent of total billed charges,78% of Billed Charges. Lesser of 100% of billed charges applies.; No services were performed during the 15 month look back period.,5108.7,,,,,,,Case Rate,"214 Percent of Medicaid APG. Drugs not priced under APG, billed with revenue code 636 and not priced by Medicare ASP FeeSched will be reimbursed at 20% of charges.",6487,,,,,,,Case Rate,". MPL 100/50/25% maxmium of 3 procedures. All add ons apply, and lesser of 100% of billed charges",2387.25,,,,,,,Case Rate,"100 Percent of Medicaid APG. ",4462.22,,,,,,,Case Rate,"100% Medicare OPPS FS. ",4462.22,,,,,,,Case Rate,"100% Medicare OPPS FS. ",4462.22,,,,,,,Case Rate,"100% Medicare OPPS FS. ",4462.22,,,,,,,Case Rate,"100% Medicare OPPS FS. ",4462.22,,,,,,,Case Rate,"100% Medicare OPPS FS. ",4462.22,,,,,,,Case Rate,"100% Medicare OPPS FS. ",6487,,,,,,,Case Rate,". MPL 100/50/25% maxmium of 3 procedures. All add ons apply, and lesser of 100% of billed charges",25798,,,,,,,Case Rate,". MPL 100/75/50% all add ons apply, and lesser of 100% of billed charges",4297.04,,,,,,,Fee Schedule,"180 Percent of Medicaid APG. ",4297.04,,,,,,,Fee Schedule,"180 Percent of Medicaid APG. ",4297.04,,,,,,,Fee Schedule,"180 Percent of Medicaid APG. ",4297.04,,,,,,,Fee Schedule,"180 Percent of Medicaid APG. ",4297.04,,,,,,,Fee Schedule,"180 Percent of Medicaid APG. ",,,,,,,,,"NA. ",25798,,,,,,,Case Rate,". MPL 100/75/50% all add ons apply, and lesser of 100% of billed charges",8835.2,,,,,,,Case Rate,198 Percent of Medicare OPPS. Metroplus will reimburse unlisted codes and described codes with no Medicare rate at 50 percent of charges.,8835.2,,,,,,,Case Rate,198 Percent of Medicare OPPS. Metroplus will reimburse unlisted codes and described codes with no Medicare rate at 50 percent of charges.,8835.2,,,,,,,Case Rate,198 Percent of Medicare OPPS. Metroplus will reimburse unlisted codes and described codes with no Medicare rate at 50 percent of charges.,8835.2,,,,,,,Case Rate,198 Percent of Medicare OPPS. Metroplus will reimburse unlisted codes and described codes with no Medicare rate at 50 percent of charges.,8835.2,,,,,,,Case Rate,198 Percent of Medicare OPPS. Metroplus will reimburse unlisted codes and described codes with no Medicare rate at 50 percent of charges.,4462.22,,,,,,,Case Rate,"100% Medicare OPPS FS. ",12574,,,,,,,Case Rate,". Primary procedure pays at 100%, all subsequent at 50%.",12574,,,,,,,Case Rate,". Primary procedure pays at 100%, all subsequent at 50%.",12574,,,,,,,Case Rate,". Primary procedure pays at 100%, all subsequent at 50%.",12574,,,,,,,Case Rate,". Primary procedure pays at 100%, all subsequent at 50%.",10024,,,,,,,Case Rate,". Primary procedure pays at 100%, secondary at 50%, all subsequent at 25%.  Lesser of applies when negotiated rates exceed charges less addons.",10024,,,,,,,Case Rate,". Primary procedure pays at 100%, secondary at 50%, all subsequent at 25%.  Lesser of applies when negotiated rates exceed charges less addons.",10024,,,,,,,Case Rate,". Primary procedure pays at 100%, secondary at 50%, all subsequent at 25%.  Lesser of applies when negotiated rates exceed charges less addons.",10024,,,,,,,Case Rate,". Primary procedure pays at 100%, secondary at 50%, all subsequent at 25%.  Lesser of applies when negotiated rates exceed charges less addons.",25798,,,,,,,Case Rate,". MPL 100/75/50% all add ons apply, and lesser of 100% of billed charges",25798,,,,,,,Case Rate,". MPL 100/75/50% all add ons apply, and lesser of 100% of billed charges",4462.22,,,,,,,Case Rate,"100% Medicare OPPS FS. ",4462.22,,,,,,,Case Rate,"100% Medicare OPPS FS. ",4462.22,,,,,,,Case Rate,"100% Medicare OPPS FS. ",13586,,,,,,,Case Rate,". MPL 100/50/25% all add ons apply, and lesser of 100% of billed charges",13586,,,,,,,Case Rate,". MPL 100/50/25% all add ons apply, and lesser of 100% of billed charges",13586,,,,,,,Case Rate,". MPL 100/50/25% all add ons apply, and lesser of 100% of billed charges",25798,,,,,,,Case Rate,". MPL 100/75/50% all add ons apply, and lesser of 100% of billed charges",10024,,,,,,,Case Rate,". Primary procedure pays at 100%, secondary at 50%, all subsequent at 25%.  Lesser of applies when negotiated rates exceed charges less addons.",4462.22,,,,,,,Case Rate,"100% Medicare OPPS FS. ",13586,,,,,,,Case Rate,". MPL 100/50/25% all add ons apply, and lesser of 100% of billed charges",2387.25,,,,,,,Case Rate,"100 Percent of Medicaid APG. ",4551.47,,,,,,,Case Rate,"102% of Medicare OPPS. ",4551.47,,,,,,,Case Rate,"102% of Medicare OPPS. ",4551.47,,,,,,,Case Rate,"102% of Medicare OPPS. ",2387.25,,,,,,,Case rate,"100 Percent of Medicaid APG. ",5371.3,,,,,,,Case Rate,225% of NYS APG. Lesser of 100% of billed charges applies.,5371.3,,,,,,,Case Rate,225% of NYS APG. Lesser of 100% of billed charges applies.,5371.3,,,,,,,Case Rate,225% of NYS APG. Lesser of 100% of billed charges applies.,5371.3,,,,,,,Case Rate,225% of NYS APG. Lesser of 100% of billed charges applies.,5371.3,,,,,,,Case Rate,225% of NYS APG. Lesser of 100% of billed charges applies.,4551.47,,,,,,,Case Rate,"102% of Medicare OPPS. ",2387.25,,,,,,,Case Rate,"100 Percent of Medicaid APG. ",1484.39,,,,,,,Case Rate,100% of PAS. Lesser of 100% of billed charges applies.,5371.3,,,,,,,Case Rate,225% of NYS APG. Lesser of 100% of billed charges applies.,5371.3,,,,,,,Case Rate,225% of NYS APG. Lesser of 100% of billed charges applies.,1484.39,,,,,,,Case Rate,100% of PAS. Lesser of 100% of billed charges applies.,1484.39,,,,,,,Case Rate,100% of PAS. Lesser of 100% of billed charges applies.,4297.04,,,,,,,Fee Schedule,"180 Percent of Medicaid APG. ",4462.22,,,,,,,Case Rate,"100% Medicare OPPS FS. ",4462.22,,,,,,,Case Rate,"100% Medicare OPPS FS. ",10024,,,,,,,Case Rate,". Primary procedure pays at 100%, secondary at 50%, all subsequent at 25%.  Lesser of applies when negotiated rates exceed charges less addons.",4462.22,,,,,,,Case Rate,"100% Medicare OPPS FS. ",5371.3,,,,,,,Case Rate,"225 Percent of Medicaid APG. ",5371.3,,,,,,,Case Rate,"225 Percent of Medicaid APG. ",2387.25,,,,,,,Case rate,"100 Percent of Medicaid APG. ",2387.25,,,,,,,Case rate,"100 Percent of Medicaid APG. ",5371.3,,,,,,,Case Rate,225 Percent of Medicaid APG. Covered services not payable under Medicaid Fee Schedules default to a payment of 87.5 percent of charges.,2387.25,,,,,,,Case rate,124 Percent of Medicaid APG. Covered services not payable under Medicaid Fee Schedules default to a payment of 50 percent of charges.,5371.3,,,,,,,Case Rate,"100 Percent of Medicaid APG. ",5371.3,,,,,,,Case Rate,"100 Percent of Medicaid APG. ",5371.3,,,,,,,Case Rate,"100 Percent of Medicaid APG. ",5371.3,,,,,,,Case Rate,"100 Percent of Medicaid APG. ",13453,,,,,,,Case Rate,". MPL 100/75/50% all add ons apply, and lesser of 100% of billed charges",25798,,,,,,,Case Rate,". MPL 100/75/50% all add ons apply, and lesser of 100% of billed charges",2864.69,,,,,,,Case Rate,"120 Percent of Medicaid APG. Not APG payable, or payable under another fee schedule like ASP/AWP pays at 30% of charges",2864.69,,,,,,,Case Rate,"120 Percent of Medicaid APG. Not APG payable, or payable under another fee schedule like ASP/AWP pays at 30% of charges",2387.25,,,,,,,Case Rate,"100 Percent of Medicaid APG. Not APG payable, or payable under another fee schedule like ASP/AWP pays at 30% of charges",2387.25,,,,,,,Case Rate,"100 Percent of Medicaid APG. Not APG payable, or payable under another fee schedule like ASP/AWP pays at 30% of charges",13586,,,,,,,Case Rate,". MPL 100/50/25% all add ons apply, and lesser of 100% of billed charges",13586,,,,,,,Case Rate,". MPL 100/50/25% all add ons apply, and lesser of 100% of billed charges",4462.22,,,,,,,Case Rate,"100% Medicare OPPS FS. ",13586,,,,,,,Case Rate,". MPL 100/50/25% all add ons apply, and lesser of 100% of billed charges",13586,,,,,,,Case Rate,". MPL 100/50/25% all add ons apply, and lesser of 100% of billed charges",13586,,,,,,,Case Rate,". MPL 100/50/25% all add ons apply, and lesser of 100% of billed charges",13586,,,,,,,Case Rate,". MPL 100/50/25% all add ons apply, and lesser of 100% of billed charges",4462.22,,,,,,,Case Rate,"100% Medicare OPPS FS. ",13586,,,,,,,Case Rate,". MPL 100/50/25% all add ons apply, and lesser of 100% of billed charges",13586,,,,,,,Case Rate,". MPL 100/50/25% all add ons apply, and lesser of 100% of billed charges",10024,,,,,,,Case Rate,". Primary procedure pays at 100%, secondary at 50%, all subsequent at 25%.  Lesser of applies when negotiated rates exceed charges less addons.",2387.25,,,,,,,Fee Schedule,100% APG. Lesser of 100% of billed charges applies.,2387.25,,,,,,,Case rate,124 Percent of Medicaid APG. Covered services not payable under Medicaid Fee Schedules default to a payment of 50 percent of charges.,5371.3,,,,,,,Case Rate,225% of NYS APG. Lesser of 100% of billed charges applies.,5371.3,,,,,,,Case Rate,225 Percent of Medicaid APG. Covered services not payable under Medicaid Fee Schedules default to a payment of 87.5 percent of charges.,2387.25,,,,,,,Case rate,124 Percent of Medicaid APG. Covered services not payable under Medicaid Fee Schedules default to a payment of 50 percent of charges.,5371.3,,,,,,,Case Rate,225% of NYS APG. Lesser of 100% of billed charges applies.,5371.3,,,,,,,Case Rate,225% of NYS APG. Lesser of 100% of billed charges applies.,5371.3,,,,,,,Case Rate,225% of NYS APG. Lesser of 100% of billed charges applies.,5371.3,,,,,,,Case Rate,225% of NYS APG. Lesser of 100% of billed charges applies.,5371.3,,,,,,,Case Rate,225% of NYS APG. Lesser of 100% of billed charges applies.,5371.3,,,,,,,Case Rate,225% of NYS APG. Lesser of 100% of billed charges applies.,,,,,,,,,"NA. ",,,,,,,,,"NA. ",,,,,,,,,"NA. ",6487,,,,,,,Case Rate,". MPL 100/50/25% maxmium of 3 procedures. All add ons apply, and lesser of 100% of billed charges",,,,,,,,,"NA. ",4462.22,,,,,,,Case Rate,"100% Medicare OPPS FS. ",7084,,,,,,,Case Rate,". MPL 1st 100% of Payment Rate 50% of all others, all add ons apply, and lesser of 100% of billed charges.",4462.22,,,,,,,Case Rate,"100% Medicare OPPS FS. ",4462.22,,,,,,,Case Rate,"100% Medicare OPPS FS. ",2864.69,,,,,,,Case Rate,"120 Percent of Medicaid APG. Not APG payable, or payable under another fee schedule like ASP/AWP pays at 30% of charges",2864.69,,,,,,,Case Rate,"120 Percent of Medicaid APG. Not APG payable, or payable under another fee schedule like ASP/AWP pays at 30% of charges",2387.25,,,,,,,Case Rate,"100 Percent of Medicaid APG. Not APG payable, or payable under another fee schedule like ASP/AWP pays at 30% of charges",2387.25,,,,,,,Case Rate,"100 Percent of Medicaid APG. Not APG payable, or payable under another fee schedule like ASP/AWP pays at 30% of charges",2387.25,,,,,,,Case Rate,"100 Percent of Medicaid APG. ",7163,,,,,,,Case Rate,". ",10024,,,,,,,Case Rate,". Primary procedure pays at 100%, secondary at 50%, all subsequent at 25%.  Lesser of applies when negotiated rates exceed charges less addons.",8427,,,,,,,Case Rate,". Primary procedure pays at 100%, all subsequent at 50%.",6487,,,,,,,Case Rate,". MPL 100/50/25% maxmium of 3 procedures. All add ons apply, and lesser of 100% of billed charges",4462.22,,,,,,,Case Rate,"100%Medicare OPPS FS. ",4462.22,,,,,,,Case Rate,"100% Medicare OPPS FS. ",4462.22,,,,,,,Case Rate,"100% Medicare OPPS FS. ",4462.22,,,,,,,Case Rate,"100% Medicare OPPS FS. ",4462.22,,,,,,,Case Rate,"100%Medicare OPPS FS. ",4462.22,,,,,,,Case Rate,"100% Medicare OPPS FS. ",,,,,,,,,"NA. ",5371.3,,,,,,,Case Rate,225% of NYS APG. Lesser of 100% of billed charges applies.,1484.39,,,,,,,Case Rate,100% of PAS. Lesser of 100% of billed charges applies.,13586,,,,,,,Case Rate,". MPL 100/50/25% all add ons apply, and lesser of 100% of billed charges",7163,,,,,,,Case Rate,". ",7163,,,,,,,Case Rate,". ",7163,,,,,,,Case Rate,". ",7163,,,,,,,Case Rate,". ",4462.22,,,,,,,Case Rate,"100% Medicare OPPS FS. ",2387.25,,,,,,,Case Rate,"100 Percent of Medicaid APG. ",13586,,,,,,,Case Rate,". MPL 100/50/25% all add ons apply, and lesser of 100% of billed charges",2387.25,,,,,,,Case Rate,"100 Percent of Medicaid APG. ",4462.22,,,,,,,Case Rate,"100% Medicare OPPS FS. ",2387.25,,,,,,,Case Rate,"100 Percent of Medicaid APG. ",4462.22,,,,,,,Case Rate,"100% Medicare OPPS FS. ",4462.22,,,,,,,Case Rate,"100% Medicare OPPS FS. ",2387.25,,,,,,,Case Rate,"100 Percent of Medicaid APG. ",2387.25,,,,,,,Case Rate,"100 Percent of Medicaid APG. ",7163,,,,,,,Case Rate,". ",6487,,,,,,,Case Rate,". MPL 100/50/25% maxmium of 3 procedures. All add ons apply, and lesser of 100% of billed charges",,78,,,,,0,percent of total billed charges,78% of Billed Charges. Lesser of 100% of billed charges applies.; No services were performed during the 15 month look back period.,10978.39,,,,,,,Case Rate,". MPL 100/50/25% all add ons apply, and lesser of 100% of billed charges",10978.39,,,,,,,Case Rate,". MPL 100/50/25% all add ons apply, and lesser of 100% of billed charges",10024,,,,,,,Case Rate,". Primary procedure pays at 100%, secondary at 50%, all subsequent at 25%.  Lesser of applies when negotiated rates exceed charges less addons.",1523.92,,,,,,,Case Rate,"83% HF Fee schedule. ",12574,,,,,,,Case Rate,". Primary procedure pays at 100%, all subsequent at 50%.",12574,,,,,,,Case Rate,". Primary procedure pays at 100%, all subsequent at 50%.",10869,,,,,,,Case Rate,". MPL 100/50/25% all add ons apply, and lesser of 100% of billed charges",10869,,,,,,,Case Rate,". MPL 100/50/25% all add ons apply, and lesser of 100% of billed charges",4462.22,,,,,,,Case Rate,"100% Medicare OPPS FS. ",4462.22,,,,,,,Case Rate,"100% Medicare OPPS FS. ",4462.22,,,,,,,Case Rate,"100% Medicare OPPS FS. ",4462.22,,,,,,,Case Rate,"100% Medicare OPPS FS. ",10978.39,,,,,,,Case Rate,". MPL 100/50/25% all add ons apply, and lesser of 100% of billed charges",13586,,,,,,,Case Rate,". MPL 100/50/25% all add ons apply, and lesser of 100% of billed charges",13586,,,,,,,Case Rate,". MPL 100/50/25% all add ons apply, and lesser of 100% of billed charges",4462.22,,,,,,,Case Rate,"100% Medicare OPPS FS. ",10869,,,,,,,Case Rate,". MPL 100/50/25% all add ons apply, and lesser of 100% of billed charges",8427,,,,,,,Case Rate,". Primary procedure pays at 100%, all subsequent at 50%.",2864.69,,,,,,,Fee Schedule,"120 Percent of Medicaid APG. ",2387.25,,,,,,,Case Rate,"100 Percent of Medicaid APG. ",7163,,,,,,,Case Rate,". ",12227,,,,,,,Case Rate,". MPL 100/50/25% all add ons apply, and lesser of 100% of billed charges",12227,,,,,,,Case Rate,". MPL 100/50/25% all add ons apply, and lesser of 100% of billed charges",13586,,,,,,,Case Rate,". MPL 100/50/25% all add ons apply, and lesser of 100% of billed charges",14948,,,,,,,Case Rate,". MPL 100/75/50% all add ons apply, and lesser of 100% of billed charges",4462.22,,,,,,,Case Rate,"100%Medicare OPPS FS. ",2506.61,,,,,,,Fee Schedule,105 percent of Medicaid APG. otherwise 105% of Ordered NYS MCD FS or 105% of ASP+6%,2506.61,,,,,,,Fee Schedule,105 percent of Medicaid APG. otherwise 105% of Ordered NYS MCD FS or 105% of ASP+6%,2506.61,,,,,,,Fee Schedule,105 percent of Medicaid APG. otherwise 105% of Ordered NYS MCD FS or 105% of ASP+6%,3222.78,,,,,,,Fee Schedule,135 percent of Medicaid APG. otherwise 135% of Ordered NYS MCD FS or 135% of ASP+6%,10978.39,,,,,,,Case Rate,". MPL 100/50/25% all add ons apply, and lesser of 100% of billed charges",2506.61,,,,,,,Fee Schedule,105 percent of Medicaid APG. otherwise 105% of Ordered NYS MCD FS or 105% of ASP+6%,2506.61,,,,,,,Fee Schedule,105 percent of Medicaid APG. otherwise 105% of Ordered NYS MCD FS or 105% of ASP+6%,2506.61,,,,,,,Fee Schedule,105 percent of Medicaid APG. otherwise 105% of Ordered NYS MCD FS or 105% of ASP+6%,2506.61,,,,,,,Fee Schedule,105 percent of Medicaid APG. otherwise 105% of Ordered NYS MCD FS or 105% of ASP+6%,2506.61,,,,,,,Fee Schedule,105 percent of Medicaid APG. otherwise 105% of Ordered NYS MCD FS or 105% of ASP+6%,3222.78,,,,,,,Fee Schedule,135 percent of Medicaid APG. otherwise 135% of Ordered NYS MCD FS or 135% of ASP+6%,3222.78,,,,,,,Fee Schedule,135 percent of Medicaid APG. otherwise 135% of Ordered NYS MCD FS or 135% of ASP+6%,4462.22,,,,,,,Case Rate,"100% Medicare OPPS FS. ",10978.39,,,,,,,Case Rate,". MPL 100/50/25% all add ons apply, and lesser of 100% of billed charges",4462.22,,,,,,,Case Rate,"100% Medicare OPPS FS. ",2506.61,,,,,,,Fee Schedule,105 percent of Medicaid APG. otherwise 105% of Ordered NYS MCD FS or 105% of ASP+6%,13586,,,,,,,Case Rate,". MPL 100/50/25% all add ons apply, and lesser of 100% of billed charges",4462.22,,,,,,,Case Rate,"100% Medicare OPPS FS. ",13586,,,,,,,Case Rate,". MPL 100/50/25% all add ons apply, and lesser of 100% of billed charges",13586,,,,,,,Case Rate,". MPL 100/50/25% all add ons apply, and lesser of 100% of billed charges",13586,,,,,,,Case Rate,". MPL 100/50/25% all add ons apply, and lesser of 100% of billed charges",2506.61,,,,,,,Fee Schedule,105 percent of Medicaid APG. otherwise 105% of Ordered NYS MCD FS or 105% of ASP+6%,4462.22,,,,,,,Case Rate,"100% Medicare OPPS FS. ",13586,,,,,,,Case Rate,". MPL 100/50/25% all add ons apply, and lesser of 100% of billed charges",3222.78,,,,,,,Fee Schedule,135 percent of Medicaid APG. otherwise 135% of Ordered NYS MCD FS or 135% of ASP+6%,13586,,,,,,,Case Rate,". MPL 100/50/25% all add ons apply, and lesser of 100% of billed charges",,200,,,,,0,Case Rate,200% of Medicare OPPS. ; No services were performed during the 15 month look back period.,4462.22,,,,,,,Case Rate,"100%Medicare OPPS FS. ",7163,,,,,,,Case Rate,". ",7163,,,,,,,Case Rate,". ",7163,,,,,,,Case Rate,". ",7163,,,,,,,Case Rate,". ",7163,,,,,,,Case Rate,". ",8427,,,,,,,Case Rate,". Primary procedure pays at 100%, all subsequent at 50%.",8427,,,,,,,Case Rate,". Primary procedure pays at 100%, all subsequent at 50%.",7163,,,,,,,Case Rate,". ",7163,,,,,,,Case Rate,". ",7163,,,,,,,Case Rate,". ",7163,,,,,,,Case Rate,". ",7163,,,,,,,Case Rate,". ",4462.22,,,,,,,Case Rate,"100% Medicare OPPS FS. ",8427,,,,,,,Case Rate,". Primary procedure pays at 100%, all subsequent at 50%.",4462.22,,,,,,,Case Rate,"100% Medicare OPPS FS. ",5371.3,,,,,,,Case Rate,"225 Percent of Medicaid APG. If not included in Medicaid APG, then 100 Percent of Manhattan Medicare",2387.25,,,,,,,Case Rate,"100 Percent of Medicaid APG. ",10978.39,,,,,,,Case Rate,". MPL 100/50/25% all add ons apply, and lesser of 100% of billed charges",10978.39,,,,,,,Case Rate,". MPL 100/50/25% all add ons apply, and lesser of 100% of billed charges",4462.22,,,,,,,Case Rate,"100% Medicare OPPS FS. ",12574,,,,,,,Case Rate,". Primary procedure pays at 100%, all subsequent at 50%.",4462.22,,,,,,,Case Rate,"100% Medicare OPPS FS. ",4462.22,,,,,,,Case Rate,"100% Medicare OPPS FS. ",10024,,,,,,,Case Rate,". Primary procedure pays at 100%, secondary at 50%, all subsequent at 25%.  Lesser of applies when negotiated rates exceed charges less addons.",4462.22,,,,,,,Case Rate,"100% Medicare OPPS FS. ",6487,,,,,,,Case Rate,". MPL 100/50/25% maxmium of 3 procedures. All add ons apply, and lesser of 100% of billed charges",4462.22,,,,,,,Case Rate,"100% Medicare OPPS FS. ",6487,,,,,,,Case Rate,". MPL 100/50/25% maxmium of 3 procedures. All add ons apply, and lesser of 100% of billed charges",10024,,,,,,,Case Rate,". Primary procedure pays at 100%, secondary at 50%, all subsequent at 25%.  Lesser of applies when negotiated rates exceed charges less addons.",6487,,,,,,,Case Rate,". MPL 100/50/25% maxmium of 3 procedures. All add ons apply, and lesser of 100% of billed charges",4462.22,,,,,,,Case Rate,"100% Medicare OPPS FS. ",2387.25,,,,,,,Case Rate,"100 Percent of Medicaid APG. ",4462.22,,,,,,,Case Rate,"100% Medicare OPPS FS. ",6487,,,,,,,Case Rate,". MPL 100/50/25% maxmium of 3 procedures. All add ons apply, and lesser of 100% of billed charges",10978.39,,,,,,,Case Rate,". MPL 100/50/25% all add ons apply, and lesser of 100% of billed charges",2387.25,,,,,,,Case Rate,"100 Percent of Medicaid APG. ",13586,,,,,,,Case Rate,". MPL 100/50/25% all add ons apply, and lesser of 100% of billed charges",2864.69,,,,,,,Fee Schedule,"120 Percent of Medicaid APG. ",2864.69,,,,,,,Fee Schedule,"120 Percent of Medicaid APG. ",13586,,,,,,,Case Rate,". MPL 100/50/25% all add ons apply, and lesser of 100% of billed charges",13586,,,,,,,Case Rate,". MPL 100/50/25% all add ons apply, and lesser of 100% of billed charges",13586,,,,,,,Case Rate,". MPL 100/50/25% all add ons apply, and lesser of 100% of billed charges",10978.39,,,,,,,Case Rate,". MPL 100/50/25% all add ons apply, and lesser of 100% of billed charges",13586,,,,,,,Case Rate,". MPL 100/50/25% all add ons apply, and lesser of 100% of billed charges",13586,,,,,,,Case Rate,". MPL 100/50/25% all add ons apply, and lesser of 100% of billed charges",13586,,,,,,,Case Rate,". MPL 100/50/25% all add ons apply, and lesser of 100% of billed charges",7163,,,,,,,Case Rate,". ",7163,,,,,,,Case Rate,". ",8835.2,,,,,,,Case Rate,198 Percent of Medicare OPPS. Metroplus will reimburse unlisted codes and described codes with no Medicare rate at 50 percent of charges.,2387.25,,,,,,,Case Rate,"100 Percent of Medicaid APG. ",10978.39,,,,,,,Case Rate,". MPL 100/50/25% all add ons apply, and lesser of 100% of billed charges",6487,,,,,,,Case Rate,". MPL 100/50/25% maxmium of 3 procedures. All add ons apply, and lesser of 100% of billed charges",10024,,,,,,,Case Rate,". Primary procedure pays at 100%, secondary at 50%, all subsequent at 25%.  Lesser of applies when negotiated rates exceed charges less addons.",10978.39,,,,,,,Case Rate,". MPL 100/50/25% all add ons apply, and lesser of 100% of billed charges",10024,,,,,,,Case Rate,". Primary procedure pays at 100%, secondary at 50%, all subsequent at 25%.  Lesser of applies when negotiated rates exceed charges less addons.",10978.39,,,,,,,Case Rate,". MPL 100/50/25% all add ons apply, and lesser of 100% of billed charges",13586,,,,,,,Case Rate,". MPL 100/50/25% all add ons apply, and lesser of 100% of billed charges",13586,,,,,,,Case Rate,". MPL 100/50/25% all add ons apply, and lesser of 100% of billed charges",13586,,,,,,,Case Rate,". MPL 100/50/25% all add ons apply, and lesser of 100% of billed charges",13586,,,,,,,Case Rate,". MPL 100/50/25% all add ons apply, and lesser of 100% of billed charges",4462.22,,,,,,,Case Rate,"100% Medicare OPPS FS. ",1484.39,25798,
68811,CPT,,,490,RC,PROBE NASOLACRIMAL DUCT,,,both,,,,5941,,,,,,,Case Rate,". MPL 1st 100% of Payment Rate 50% of all others, all add ons apply, and lesser of 100% of billed charges.",5941,,,,,,,Case Rate,". MPL 1st 100% of Payment Rate 50% of all others, all add ons apply, and lesser of 100% of billed charges.",8442,,,,,,,Case Rate,". Primary procedure pays at 100%, secondary at 50%, all subsequent at 25%.  Lesser of applies when negotiated rates exceed charges less addons.",,100,,,,,0,percent of total billed charges,100 percent of billed charges. ; No services were performed during the 15 month look back period.,2760.59,,,,,,,Case Rate,"100% Medicare OPPS FS. ",8442,,,,,,,Case Rate,". Primary procedure pays at 100%, secondary at 50%, all subsequent at 25%.  Lesser of applies when negotiated rates exceed charges less addons.",8442,,,,,,,Case Rate,". Primary procedure pays at 100%, secondary at 50%, all subsequent at 25%.  Lesser of applies when negotiated rates exceed charges less addons.",8442,,,,,,,Case Rate,". Primary procedure pays at 100%, secondary at 50%, all subsequent at 25%.  Lesser of applies when negotiated rates exceed charges less addons.",1944.51,,,,,,,Case Rate,"100 Percent of Medicaid APG. ",1620.43,,,,,,,Case Rate,"100 Percent of Medicaid APG. ",,78,,,,,0,percent of total billed charges,78% of Billed Charges. Lesser of 100% of billed charges applies.; No services were performed during the 15 month look back period.,9024.56,,,,,,,Case Rate,". MPL 100/50/25% all add ons apply, and lesser of 100% of billed charges",1620.43,,,,,,,Case Rate,"100 Percent of Medicaid APG. ",2760.59,,,,,,,Case Rate,"100% Medicare OPPS FS. ",6487,,,,,,,Case Rate,". MPL 100/50/25% maxmium of 3 procedures. All add ons apply, and lesser of 100% of billed charges",6487,,,,,,,Case Rate,". MPL 100/50/25% maxmium of 3 procedures. All add ons apply, and lesser of 100% of billed charges",6487,,,,,,,Case Rate,". MPL 100/50/25% maxmium of 3 procedures. All add ons apply, and lesser of 100% of billed charges",6487,,,,,,,Case Rate,". MPL 100/50/25% maxmium of 3 procedures. All add ons apply, and lesser of 100% of billed charges",1620.43,,,,,,,Case rate,124 Percent of Medicaid APG. Covered services not payable under Medicaid Fee Schedules default to a payment of 50 percent of charges.,2760.59,,,,,,,Case Rate,"100% Medicare OPPS FS. ",1620.43,,,,,,,Case rate,124 Percent of Medicaid APG. Covered services not payable under Medicaid Fee Schedules default to a payment of 50 percent of charges.,,78,,,,,0,percent of total billed charges,78% of Billed Charges. Lesser of 100% of billed charges applies.; No services were performed during the 15 month look back period.,8442,,,,,,,Case Rate,". Primary procedure pays at 100%, secondary at 50%, all subsequent at 25%.  Lesser of applies when negotiated rates exceed charges less addons.",2760.59,,,,,,,Case Rate,"100%Medicare OPPS FS. ",8427,,,,,,,Case Rate,". Primary procedure pays at 100%, all subsequent at 50%.",2760.59,,,,,,,Case Rate,"100%Medicare OPPS FS. ",2760.59,,,,,,,Case Rate,"100%Medicare OPPS FS. ",,78,,,,,0,percent of total billed charges,78% of Billed Charges. Lesser of 100% of billed charges applies.; No services were performed during the 15 month look back period.,916.89,,,,,,,Case Rate,100% of PAS. Lesser of 100% of billed charges applies.,916.89,,,,,,,Case Rate,100% of PAS. Lesser of 100% of billed charges applies.,1620.43,,,,,,,Case rate,"100 Percent of Medicaid APG. ",1620.43,,,,,,,Case rate,"100 Percent of Medicaid APG. ",8427,,,,,,,Case Rate,". Primary procedure pays at 100%, all subsequent at 50%.",8427,,,,,,,Case Rate,". Primary procedure pays at 100%, all subsequent at 50%.",1620.43,,,,,,,Case Rate,"100 Percent of Medicaid APG. Not APG payable, or payable under another fee schedule like ASP/AWP pays at 30% of charges",8427,,,,,,,Case Rate,". Primary procedure pays at 100%, all subsequent at 50%.",1620.43,,,,,,,Case Rate,"100 Percent of Medicaid APG. Not APG payable, or payable under another fee schedule like ASP/AWP pays at 30% of charges",2760.59,,,,,,,Case Rate,"100%Medicare OPPS FS. ",8427,,,,,,,Case Rate,". Primary procedure pays at 100%, all subsequent at 50%.",,78,,,,,0,percent of total billed charges,78% of Billed Charges. Lesser of 100% of billed charges applies.; No services were performed during the 15 month look back period.,1620.43,,,,,,,Case Rate,"100 Percent of Medicaid APG. ",1620.43,,,,,,,Case Rate,"100 Percent of Medicaid APG. ",,78,,,,,0,percent of total billed charges,78% of Billed Charges. Lesser of 100% of billed charges applies.; No services were performed during the 15 month look back period.,6487,,,,,,,Case Rate,". MPL 100/50/25% maxmium of 3 procedures. All add ons apply, and lesser of 100% of billed charges",7929,,,,,,,Case Rate,". MPL 100/50/25% all add ons apply, and lesser of 100% of billed charges",7929,,,,,,,Case Rate,". MPL 100/50/25% all add ons apply, and lesser of 100% of billed charges",,78,,,,,0,percent of total billed charges,78% of Billed Charges. Lesser of 100% of billed charges applies.; No services were performed during the 15 month look back period.,2760.59,,,,,,,Case Rate,"100% Medicare OPPS FS. ",9024.56,,,,,,,Case Rate,". MPL 100/50/25% all add ons apply, and lesser of 100% of billed charges",9024.56,,,,,,,Case Rate,". MPL 100/50/25% all add ons apply, and lesser of 100% of billed charges",9024.56,,,,,,,Case Rate,". MPL 100/50/25% all add ons apply, and lesser of 100% of billed charges",2760.59,,,,,,,Case Rate,"100% Medicare OPPS FS. ",9024.56,,,,,,,Case Rate,". MPL 100/50/25% all add ons apply, and lesser of 100% of billed charges",9024.56,,,,,,,Case Rate,". MPL 100/50/25% all add ons apply, and lesser of 100% of billed charges",2760.59,,,,,,,Case Rate,"100% of Medicare OPPS. ",25798,,,,,,,Case Rate,". MPL 100/75/50% all add ons apply, and lesser of 100% of billed charges",10351,,,,,,,Case Rate,". MPL 100/50/25% all add ons apply, and lesser of 100% of billed charges",10351,,,,,,,Case Rate,". MPL 100/50/25% all add ons apply, and lesser of 100% of billed charges",10351,,,,,,,Case Rate,". MPL 100/50/25% all add ons apply, and lesser of 100% of billed charges",10351,,,,,,,Case Rate,". MPL 100/50/25% all add ons apply, and lesser of 100% of billed charges",10351,,,,,,,Case Rate,". MPL 100/50/25% all add ons apply, and lesser of 100% of billed charges",10351,,,,,,,Case Rate,". MPL 100/50/25% all add ons apply, and lesser of 100% of billed charges",2760.59,,,,,,,Case Rate,"100% Medicare OPPS FS. ",2760.59,,,,,,,Case Rate,"100% Medicare OPPS FS. ",10351,,,,,,,Case Rate,". MPL 100/50/25% all add ons apply, and lesser of 100% of billed charges",,78,,,,,0,percent of total billed charges,78% of Billed Charges. Lesser of 100% of billed charges applies.; No services were performed during the 15 month look back period.,,78,,,,,0,percent of total billed charges,78% of Billed Charges. Lesser of 100% of billed charges applies.; No services were performed during the 15 month look back period.,,78,,,,,0,percent of total billed charges,78% of Billed Charges. Lesser of 100% of billed charges applies.; No services were performed during the 15 month look back period.,,78,,,,,0,percent of total billed charges,78% of Billed Charges. Lesser of 100% of billed charges applies.; No services were performed during the 15 month look back period.,,78,,,,,0,percent of total billed charges,78% of Billed Charges. Lesser of 100% of billed charges applies.; No services were performed during the 15 month look back period.,,78,,,,,0,percent of total billed charges,78% of Billed Charges. Lesser of 100% of billed charges applies.; No services were performed during the 15 month look back period.,,78,,,,,0,percent of total billed charges,78% of Billed Charges. Lesser of 100% of billed charges applies.; No services were performed during the 15 month look back period.,,78,,,,,0,percent of total billed charges,78% of Billed Charges. Lesser of 100% of billed charges applies.; No services were performed during the 15 month look back period.,,78,,,,,0,percent of total billed charges,78% of Billed Charges. Lesser of 100% of billed charges applies.; No services were performed during the 15 month look back period.,,78,,,,,0,percent of total billed charges,78% of Billed Charges. Lesser of 100% of billed charges applies.; No services were performed during the 15 month look back period.,,78,,,,,0,percent of total billed charges,78% of Billed Charges. Lesser of 100% of billed charges applies.; No services were performed during the 15 month look back period.,,78,,,,,0,percent of total billed charges,78% of Billed Charges. Lesser of 100% of billed charges applies.; No services were performed during the 15 month look back period.,,78,,,,,0,percent of total billed charges,78% of Billed Charges. Lesser of 100% of billed charges applies.; No services were performed during the 15 month look back period.,,78,,,,,0,percent of total billed charges,78% of Billed Charges. Lesser of 100% of billed charges applies.; No services were performed during the 15 month look back period.,,78,,,,,0,percent of total billed charges,78% of Billed Charges. Lesser of 100% of billed charges applies.; No services were performed during the 15 month look back period.,,78,,,,,0,percent of total billed charges,78% of Billed Charges. Lesser of 100% of billed charges applies.; No services were performed during the 15 month look back period.,,78,,,,,0,percent of total billed charges,78% of Billed Charges. Lesser of 100% of billed charges applies.; No services were performed during the 15 month look back period.,,78,,,,,0,percent of total billed charges,78% of Billed Charges. Lesser of 100% of billed charges applies.; No services were performed during the 15 month look back period.,,78,,,,,0,percent of total billed charges,78% of Billed Charges. Lesser of 100% of billed charges applies.; No services were performed during the 15 month look back period.,,78,,,,,0,percent of total billed charges,78% of Billed Charges. Lesser of 100% of billed charges applies.; No services were performed during the 15 month look back period.,,78,,,,,0,percent of total billed charges,78% of Billed Charges. Lesser of 100% of billed charges applies.; No services were performed during the 15 month look back period.,,78,,,,,0,percent of total billed charges,78% of Billed Charges. Lesser of 100% of billed charges applies.; No services were performed during the 15 month look back period.,,78,,,,,0,percent of total billed charges,78% of Billed Charges. Lesser of 100% of billed charges applies.; No services were performed during the 15 month look back period.,,78,,,,,0,percent of total billed charges,78% of Billed Charges. Lesser of 100% of billed charges applies.; No services were performed during the 15 month look back period.,,78,,,,,0,percent of total billed charges,78% of Billed Charges. Lesser of 100% of billed charges applies.; No services were performed during the 15 month look back period.,,78,,,,,0,percent of total billed charges,78% of Billed Charges. Lesser of 100% of billed charges applies.; No services were performed during the 15 month look back period.,8427,,,,,,,Case Rate,". Primary procedure pays at 100%, all subsequent at 50%.",8427,,,,,,,Case Rate,". Primary procedure pays at 100%, all subsequent at 50%.",8427,,,,,,,Case Rate,". Primary procedure pays at 100%, all subsequent at 50%.",8427,,,,,,,Case Rate,". Primary procedure pays at 100%, all subsequent at 50%.",12574,,,,,,,Case Rate,". Primary procedure pays at 100%, all subsequent at 50%.",12574,,,,,,,Case Rate,". Primary procedure pays at 100%, all subsequent at 50%.",6487,,,,,,,Case Rate,". MPL 100/50/25% maxmium of 3 procedures. All add ons apply, and lesser of 100% of billed charges",10351,,,,,,,Case Rate,". MPL 100/50/25% all add ons apply, and lesser of 100% of billed charges",9024.56,,,,,,,Case Rate,". MPL 100/50/25% all add ons apply, and lesser of 100% of billed charges",10351,,,,,,,Case Rate,". MPL 100/50/25% all add ons apply, and lesser of 100% of billed charges",,78,,,,,0,percent of total billed charges,78% of Billed Charges. Lesser of 100% of billed charges applies.; No services were performed during the 15 month look back period.,12574,,,,,,,Case Rate,". Primary procedure pays at 100%, all subsequent at 50%.",10351,,,,,,,Case Rate,". MPL 100/50/25% all add ons apply, and lesser of 100% of billed charges",9024.56,,,,,,,Case Rate,". MPL 100/50/25% all add ons apply, and lesser of 100% of billed charges",6487,,,,,,,Case Rate,". MPL 100/50/25% maxmium of 3 procedures. All add ons apply, and lesser of 100% of billed charges",,,,,,,,,"NA. ",,78,,,,,0,percent of total billed charges,78% of Billed Charges. Lesser of 100% of billed charges applies.; No services were performed during the 15 month look back period.,1620.43,,,,,,,Case Rate,"100 Percent of Medicaid APG. ",8427,,,,,,,Case Rate,". Primary procedure pays at 100%, all subsequent at 50%.",1620.43,,,,,,,Case Rate,"100 Percent of Medicaid APG. Not APG payable, or payable under another fee schedule like ASP/AWP pays at 30% of charges",2760.59,,,,,,,Case Rate,"100%Medicare OPPS FS. ",2760.59,,,,,,,Case Rate,"100% Medicare OPPS FS. ",25798,,,,,,,Case Rate,". MPL 100/75/50% all add ons apply, and lesser of 100% of billed charges",2760.59,,,,,,,Case Rate,"100% Medicare OPPS FS. ",2760.59,,,,,,,Case Rate,"100% Medicare OPPS FS. ",1620.43,,,,,,,Case Rate,"100 Percent of Medicaid APG. ",2760.59,,,,,,,Case Rate,"100% Medicare OPPS FS. ",2760.59,,,,,,,Case Rate,"100% Medicare OPPS FS. ",8442,,,,,,,Case Rate,". Primary procedure pays at 100%, secondary at 50%, all subsequent at 25%.  Lesser of applies when negotiated rates exceed charges less addons.",8442,,,,,,,Case Rate,". Primary procedure pays at 100%, secondary at 50%, all subsequent at 25%.  Lesser of applies when negotiated rates exceed charges less addons.",2760.59,,,,,,,Case Rate,"100% Medicare OPPS FS. ",6487,,,,,,,Case Rate,". MPL 100/50/25% maxmium of 3 procedures. All add ons apply, and lesser of 100% of billed charges",9024.56,,,,,,,Case Rate,". MPL 100/50/25% all add ons apply, and lesser of 100% of billed charges",9024.56,,,,,,,Case Rate,". MPL 100/50/25% all add ons apply, and lesser of 100% of billed charges",2760.59,,,,,,,Case Rate,"100% Medicare OPPS FS. ",6487,,,,,,,Case Rate,". MPL 100/50/25% maxmium of 3 procedures. All add ons apply, and lesser of 100% of billed charges",8442,,,,,,,Case Rate,". Primary procedure pays at 100%, secondary at 50%, all subsequent at 25%.  Lesser of applies when negotiated rates exceed charges less addons.",8442,,,,,,,Case Rate,". Primary procedure pays at 100%, secondary at 50%, all subsequent at 25%.  Lesser of applies when negotiated rates exceed charges less addons.",8442,,,,,,,Case Rate,". Primary procedure pays at 100%, secondary at 50%, all subsequent at 25%.  Lesser of applies when negotiated rates exceed charges less addons.",,78,,,,,0,percent of total billed charges,78% of Billed Charges. Lesser of 100% of billed charges applies.; No services were performed during the 15 month look back period.,,78,,,,,0,percent of total billed charges,78% of Billed Charges. Lesser of 100% of billed charges applies.; No services were performed during the 15 month look back period.,,78,,,,,0,percent of total billed charges,78% of Billed Charges. Lesser of 100% of billed charges applies.; No services were performed during the 15 month look back period.,,78,,,,,0,percent of total billed charges,78% of Billed Charges. Lesser of 100% of billed charges applies.; No services were performed during the 15 month look back period.,,78,,,,,0,percent of total billed charges,78% of Billed Charges. Lesser of 100% of billed charges applies.; No services were performed during the 15 month look back period.,,78,,,,,0,percent of total billed charges,78% of Billed Charges. Lesser of 100% of billed charges applies.; No services were performed during the 15 month look back period.,,78,,,,,0,percent of total billed charges,78% of Billed Charges. Lesser of 100% of billed charges applies.; No services were performed during the 15 month look back period.,,78,,,,,0,percent of total billed charges,78% of Billed Charges. Lesser of 100% of billed charges applies.; No services were performed during the 15 month look back period.,,78,,,,,0,percent of total billed charges,78% of Billed Charges. Lesser of 100% of billed charges applies.; No services were performed during the 15 month look back period.,,78,,,,,0,percent of total billed charges,78% of Billed Charges. Lesser of 100% of billed charges applies.; No services were performed during the 15 month look back period.,,78,,,,,0,percent of total billed charges,78% of Billed Charges. Lesser of 100% of billed charges applies.; No services were performed during the 15 month look back period.,12574,,,,,,,Case Rate,". Primary procedure pays at 100%, all subsequent at 50%.",10351,,,,,,,Case Rate,". MPL 100/50/25% all add ons apply, and lesser of 100% of billed charges",6487,,,,,,,Case Rate,". MPL 100/50/25% maxmium of 3 procedures. All add ons apply, and lesser of 100% of billed charges",2760.59,,,,,,,Case Rate,"100% Medicare OPPS FS. ",8442,,,,,,,Case Rate,". Primary procedure pays at 100%, secondary at 50%, all subsequent at 25%.  Lesser of applies when negotiated rates exceed charges less addons.",6487,,,,,,,Case Rate,". MPL 100/50/25% maxmium of 3 procedures. All add ons apply, and lesser of 100% of billed charges",6487,,,,,,,Case Rate,". MPL 100/50/25% maxmium of 3 procedures. All add ons apply, and lesser of 100% of billed charges",,78,,,,,0,percent of total billed charges,78% of Billed Charges. Lesser of 100% of billed charges applies.; No services were performed during the 15 month look back period.,3467.72,,,,,,,Case Rate,"214 Percent of Medicaid APG. Drugs not priced under APG, billed with revenue code 636 and not priced by Medicare ASP FeeSched will be reimbursed at 20% of charges.",6487,,,,,,,Case Rate,". MPL 100/50/25% maxmium of 3 procedures. All add ons apply, and lesser of 100% of billed charges",1620.43,,,,,,,Case Rate,"100 Percent of Medicaid APG. ",2760.59,,,,,,,Case Rate,"100% Medicare OPPS FS. ",2760.59,,,,,,,Case Rate,"100% Medicare OPPS FS. ",2760.59,,,,,,,Case Rate,"100% Medicare OPPS FS. ",2760.59,,,,,,,Case Rate,"100% Medicare OPPS FS. ",2760.59,,,,,,,Case Rate,"100% Medicare OPPS FS. ",2760.59,,,,,,,Case Rate,"100% Medicare OPPS FS. ",6487,,,,,,,Case Rate,". MPL 100/50/25% maxmium of 3 procedures. All add ons apply, and lesser of 100% of billed charges",25798,,,,,,,Case Rate,". MPL 100/75/50% all add ons apply, and lesser of 100% of billed charges",2916.77,,,,,,,Fee Schedule,"180 Percent of Medicaid APG. ",2916.77,,,,,,,Fee Schedule,"180 Percent of Medicaid APG. ",2916.77,,,,,,,Fee Schedule,"180 Percent of Medicaid APG. ",2916.77,,,,,,,Fee Schedule,"180 Percent of Medicaid APG. ",2916.77,,,,,,,Fee Schedule,"180 Percent of Medicaid APG. ",,,,,,,,,"NA. ",25798,,,,,,,Case Rate,". MPL 100/75/50% all add ons apply, and lesser of 100% of billed charges",5465.97,,,,,,,Case Rate,198 Percent of Medicare OPPS. Metroplus will reimburse unlisted codes and described codes with no Medicare rate at 50 percent of charges.,5465.97,,,,,,,Case Rate,198 Percent of Medicare OPPS. Metroplus will reimburse unlisted codes and described codes with no Medicare rate at 50 percent of charges.,5465.97,,,,,,,Case Rate,198 Percent of Medicare OPPS. Metroplus will reimburse unlisted codes and described codes with no Medicare rate at 50 percent of charges.,5465.97,,,,,,,Case Rate,198 Percent of Medicare OPPS. Metroplus will reimburse unlisted codes and described codes with no Medicare rate at 50 percent of charges.,5465.97,,,,,,,Case Rate,198 Percent of Medicare OPPS. Metroplus will reimburse unlisted codes and described codes with no Medicare rate at 50 percent of charges.,2760.59,,,,,,,Case Rate,"100% Medicare OPPS FS. ",12574,,,,,,,Case Rate,". Primary procedure pays at 100%, all subsequent at 50%.",12574,,,,,,,Case Rate,". Primary procedure pays at 100%, all subsequent at 50%.",12574,,,,,,,Case Rate,". Primary procedure pays at 100%, all subsequent at 50%.",12574,,,,,,,Case Rate,". Primary procedure pays at 100%, all subsequent at 50%.",8442,,,,,,,Case Rate,". Primary procedure pays at 100%, secondary at 50%, all subsequent at 25%.  Lesser of applies when negotiated rates exceed charges less addons.",8442,,,,,,,Case Rate,". Primary procedure pays at 100%, secondary at 50%, all subsequent at 25%.  Lesser of applies when negotiated rates exceed charges less addons.",8442,,,,,,,Case Rate,". Primary procedure pays at 100%, secondary at 50%, all subsequent at 25%.  Lesser of applies when negotiated rates exceed charges less addons.",8442,,,,,,,Case Rate,". Primary procedure pays at 100%, secondary at 50%, all subsequent at 25%.  Lesser of applies when negotiated rates exceed charges less addons.",25798,,,,,,,Case Rate,". MPL 100/75/50% all add ons apply, and lesser of 100% of billed charges",25798,,,,,,,Case Rate,". MPL 100/75/50% all add ons apply, and lesser of 100% of billed charges",2760.59,,,,,,,Case Rate,"100% Medicare OPPS FS. ",2760.59,,,,,,,Case Rate,"100% Medicare OPPS FS. ",2760.59,,,,,,,Case Rate,"100% Medicare OPPS FS. ",10351,,,,,,,Case Rate,". MPL 100/50/25% all add ons apply, and lesser of 100% of billed charges",10351,,,,,,,Case Rate,". MPL 100/50/25% all add ons apply, and lesser of 100% of billed charges",10351,,,,,,,Case Rate,". MPL 100/50/25% all add ons apply, and lesser of 100% of billed charges",25798,,,,,,,Case Rate,". MPL 100/75/50% all add ons apply, and lesser of 100% of billed charges",8442,,,,,,,Case Rate,". Primary procedure pays at 100%, secondary at 50%, all subsequent at 25%.  Lesser of applies when negotiated rates exceed charges less addons.",2760.59,,,,,,,Case Rate,"100% Medicare OPPS FS. ",10351,,,,,,,Case Rate,". MPL 100/50/25% all add ons apply, and lesser of 100% of billed charges",1620.43,,,,,,,Case Rate,"100 Percent of Medicaid APG. ",2815.8,,,,,,,Case Rate,"102% of Medicare OPPS. ",2815.8,,,,,,,Case Rate,"102% of Medicare OPPS. ",2815.8,,,,,,,Case Rate,"102% of Medicare OPPS. ",1620.43,,,,,,,Case rate,"100 Percent of Medicaid APG. ",3645.96,,,,,,,Case Rate,225% of NYS APG. Lesser of 100% of billed charges applies.,3645.96,,,,,,,Case Rate,225% of NYS APG. Lesser of 100% of billed charges applies.,3645.96,,,,,,,Case Rate,225% of NYS APG. Lesser of 100% of billed charges applies.,3645.96,,,,,,,Case Rate,225% of NYS APG. Lesser of 100% of billed charges applies.,3645.96,,,,,,,Case Rate,225% of NYS APG. Lesser of 100% of billed charges applies.,2815.8,,,,,,,Case Rate,"102% of Medicare OPPS. ",1620.43,,,,,,,Case Rate,"100 Percent of Medicaid APG. ",916.89,,,,,,,Case Rate,100% of PAS. Lesser of 100% of billed charges applies.,3645.96,,,,,,,Case Rate,225% of NYS APG. Lesser of 100% of billed charges applies.,3645.96,,,,,,,Case Rate,225% of NYS APG. Lesser of 100% of billed charges applies.,916.89,,,,,,,Case Rate,100% of PAS. Lesser of 100% of billed charges applies.,916.89,,,,,,,Case Rate,100% of PAS. Lesser of 100% of billed charges applies.,2916.77,,,,,,,Fee Schedule,"180 Percent of Medicaid APG. ",2760.59,,,,,,,Case Rate,"100% Medicare OPPS FS. ",2760.59,,,,,,,Case Rate,"100% Medicare OPPS FS. ",8442,,,,,,,Case Rate,". Primary procedure pays at 100%, secondary at 50%, all subsequent at 25%.  Lesser of applies when negotiated rates exceed charges less addons.",2760.59,,,,,,,Case Rate,"100% Medicare OPPS FS. ",3645.96,,,,,,,Case Rate,"225 Percent of Medicaid APG. ",3645.96,,,,,,,Case Rate,"225 Percent of Medicaid APG. ",1620.43,,,,,,,Case rate,"100 Percent of Medicaid APG. ",1620.43,,,,,,,Case rate,"100 Percent of Medicaid APG. ",3645.96,,,,,,,Case Rate,225 Percent of Medicaid APG. Covered services not payable under Medicaid Fee Schedules default to a payment of 87.5 percent of charges.,1620.43,,,,,,,Case rate,124 Percent of Medicaid APG. Covered services not payable under Medicaid Fee Schedules default to a payment of 50 percent of charges.,3645.96,,,,,,,Case Rate,"100 Percent of Medicaid APG. ",3645.96,,,,,,,Case Rate,"100 Percent of Medicaid APG. ",3645.96,,,,,,,Case Rate,"100 Percent of Medicaid APG. ",3645.96,,,,,,,Case Rate,"100 Percent of Medicaid APG. ",13453,,,,,,,Case Rate,". MPL 100/75/50% all add ons apply, and lesser of 100% of billed charges",25798,,,,,,,Case Rate,". MPL 100/75/50% all add ons apply, and lesser of 100% of billed charges",1944.51,,,,,,,Case Rate,"120 Percent of Medicaid APG. Not APG payable, or payable under another fee schedule like ASP/AWP pays at 30% of charges",1944.51,,,,,,,Case Rate,"120 Percent of Medicaid APG. Not APG payable, or payable under another fee schedule like ASP/AWP pays at 30% of charges",1620.43,,,,,,,Case Rate,"100 Percent of Medicaid APG. Not APG payable, or payable under another fee schedule like ASP/AWP pays at 30% of charges",1620.43,,,,,,,Case Rate,"100 Percent of Medicaid APG. Not APG payable, or payable under another fee schedule like ASP/AWP pays at 30% of charges",10351,,,,,,,Case Rate,". MPL 100/50/25% all add ons apply, and lesser of 100% of billed charges",10351,,,,,,,Case Rate,". MPL 100/50/25% all add ons apply, and lesser of 100% of billed charges",2760.59,,,,,,,Case Rate,"100% Medicare OPPS FS. ",10351,,,,,,,Case Rate,". MPL 100/50/25% all add ons apply, and lesser of 100% of billed charges",10351,,,,,,,Case Rate,". MPL 100/50/25% all add ons apply, and lesser of 100% of billed charges",10351,,,,,,,Case Rate,". MPL 100/50/25% all add ons apply, and lesser of 100% of billed charges",10351,,,,,,,Case Rate,". MPL 100/50/25% all add ons apply, and lesser of 100% of billed charges",2760.59,,,,,,,Case Rate,"100% Medicare OPPS FS. ",10351,,,,,,,Case Rate,". MPL 100/50/25% all add ons apply, and lesser of 100% of billed charges",10351,,,,,,,Case Rate,". MPL 100/50/25% all add ons apply, and lesser of 100% of billed charges",8442,,,,,,,Case Rate,". Primary procedure pays at 100%, secondary at 50%, all subsequent at 25%.  Lesser of applies when negotiated rates exceed charges less addons.",1620.43,,,,,,,Fee Schedule,100% APG. Lesser of 100% of billed charges applies.,1620.43,,,,,,,Case rate,124 Percent of Medicaid APG. Covered services not payable under Medicaid Fee Schedules default to a payment of 50 percent of charges.,3645.96,,,,,,,Case Rate,225% of NYS APG. Lesser of 100% of billed charges applies.,3645.96,,,,,,,Case Rate,225 Percent of Medicaid APG. Covered services not payable under Medicaid Fee Schedules default to a payment of 87.5 percent of charges.,1620.43,,,,,,,Case rate,124 Percent of Medicaid APG. Covered services not payable under Medicaid Fee Schedules default to a payment of 50 percent of charges.,3645.96,,,,,,,Case Rate,225% of NYS APG. Lesser of 100% of billed charges applies.,3645.96,,,,,,,Case Rate,225% of NYS APG. Lesser of 100% of billed charges applies.,3645.96,,,,,,,Case Rate,225% of NYS APG. Lesser of 100% of billed charges applies.,3645.96,,,,,,,Case Rate,225% of NYS APG. Lesser of 100% of billed charges applies.,3645.96,,,,,,,Case Rate,225% of NYS APG. Lesser of 100% of billed charges applies.,3645.96,,,,,,,Case Rate,225% of NYS APG. Lesser of 100% of billed charges applies.,,,,,,,,,"NA. ",,,,,,,,,"NA. ",,,,,,,,,"NA. ",6487,,,,,,,Case Rate,". MPL 100/50/25% maxmium of 3 procedures. All add ons apply, and lesser of 100% of billed charges",,,,,,,,,"NA. ",2760.59,,,,,,,Case Rate,"100% Medicare OPPS FS. ",5941,,,,,,,Case Rate,". MPL 1st 100% of Payment Rate 50% of all others, all add ons apply, and lesser of 100% of billed charges.",2760.59,,,,,,,Case Rate,"100% Medicare OPPS FS. ",2760.59,,,,,,,Case Rate,"100% Medicare OPPS FS. ",1944.51,,,,,,,Case Rate,"120 Percent of Medicaid APG. Not APG payable, or payable under another fee schedule like ASP/AWP pays at 30% of charges",1944.51,,,,,,,Case Rate,"120 Percent of Medicaid APG. Not APG payable, or payable under another fee schedule like ASP/AWP pays at 30% of charges",1620.43,,,,,,,Case Rate,"100 Percent of Medicaid APG. Not APG payable, or payable under another fee schedule like ASP/AWP pays at 30% of charges",1620.43,,,,,,,Case Rate,"100 Percent of Medicaid APG. Not APG payable, or payable under another fee schedule like ASP/AWP pays at 30% of charges",1620.43,,,,,,,Case Rate,"100 Percent of Medicaid APG. ",7163,,,,,,,Case Rate,". ",8442,,,,,,,Case Rate,". Primary procedure pays at 100%, secondary at 50%, all subsequent at 25%.  Lesser of applies when negotiated rates exceed charges less addons.",8427,,,,,,,Case Rate,". Primary procedure pays at 100%, all subsequent at 50%.",6487,,,,,,,Case Rate,". MPL 100/50/25% maxmium of 3 procedures. All add ons apply, and lesser of 100% of billed charges",2760.59,,,,,,,Case Rate,"100%Medicare OPPS FS. ",2760.59,,,,,,,Case Rate,"100% Medicare OPPS FS. ",2760.59,,,,,,,Case Rate,"100% Medicare OPPS FS. ",2760.59,,,,,,,Case Rate,"100% Medicare OPPS FS. ",2760.59,,,,,,,Case Rate,"100%Medicare OPPS FS. ",2760.59,,,,,,,Case Rate,"100% Medicare OPPS FS. ",,,,,,,,,"NA. ",3645.96,,,,,,,Case Rate,225% of NYS APG. Lesser of 100% of billed charges applies.,916.89,,,,,,,Case Rate,100% of PAS. Lesser of 100% of billed charges applies.,10351,,,,,,,Case Rate,". MPL 100/50/25% all add ons apply, and lesser of 100% of billed charges",7163,,,,,,,Case Rate,". ",7163,,,,,,,Case Rate,". ",7163,,,,,,,Case Rate,". ",7163,,,,,,,Case Rate,". ",2760.59,,,,,,,Case Rate,"100% Medicare OPPS FS. ",1620.43,,,,,,,Case Rate,"100 Percent of Medicaid APG. ",10351,,,,,,,Case Rate,". MPL 100/50/25% all add ons apply, and lesser of 100% of billed charges",1620.43,,,,,,,Case Rate,"100 Percent of Medicaid APG. ",2760.59,,,,,,,Case Rate,"100% Medicare OPPS FS. ",1620.43,,,,,,,Case Rate,"100 Percent of Medicaid APG. ",2760.59,,,,,,,Case Rate,"100% Medicare OPPS FS. ",2760.59,,,,,,,Case Rate,"100% Medicare OPPS FS. ",1620.43,,,,,,,Case Rate,"100 Percent of Medicaid APG. ",1620.43,,,,,,,Case Rate,"100 Percent of Medicaid APG. ",7163,,,,,,,Case Rate,". ",6487,,,,,,,Case Rate,". MPL 100/50/25% maxmium of 3 procedures. All add ons apply, and lesser of 100% of billed charges",,78,,,,,0,percent of total billed charges,78% of Billed Charges. Lesser of 100% of billed charges applies.; No services were performed during the 15 month look back period.,9024.56,,,,,,,Case Rate,". MPL 100/50/25% all add ons apply, and lesser of 100% of billed charges",9024.56,,,,,,,Case Rate,". MPL 100/50/25% all add ons apply, and lesser of 100% of billed charges",8442,,,,,,,Case Rate,". Primary procedure pays at 100%, secondary at 50%, all subsequent at 25%.  Lesser of applies when negotiated rates exceed charges less addons.",985.19,,,,,,,Case Rate,"83% HF Fee schedule. ",12574,,,,,,,Case Rate,". Primary procedure pays at 100%, all subsequent at 50%.",12574,,,,,,,Case Rate,". Primary procedure pays at 100%, all subsequent at 50%.",8281,,,,,,,Case Rate,". MPL 100/50/25% all add ons apply, and lesser of 100% of billed charges",8281,,,,,,,Case Rate,". MPL 100/50/25% all add ons apply, and lesser of 100% of billed charges",2760.59,,,,,,,Case Rate,"100% Medicare OPPS FS. ",2760.59,,,,,,,Case Rate,"100% Medicare OPPS FS. ",2760.59,,,,,,,Case Rate,"100% Medicare OPPS FS. ",2760.59,,,,,,,Case Rate,"100% Medicare OPPS FS. ",9024.56,,,,,,,Case Rate,". MPL 100/50/25% all add ons apply, and lesser of 100% of billed charges",10351,,,,,,,Case Rate,". MPL 100/50/25% all add ons apply, and lesser of 100% of billed charges",10351,,,,,,,Case Rate,". MPL 100/50/25% all add ons apply, and lesser of 100% of billed charges",2760.59,,,,,,,Case Rate,"100% Medicare OPPS FS. ",8281,,,,,,,Case Rate,". MPL 100/50/25% all add ons apply, and lesser of 100% of billed charges",8427,,,,,,,Case Rate,". Primary procedure pays at 100%, all subsequent at 50%.",1944.51,,,,,,,Fee Schedule,"120 Percent of Medicaid APG. ",1620.43,,,,,,,Case Rate,"100 Percent of Medicaid APG. ",7163,,,,,,,Case Rate,". ",9316,,,,,,,Case Rate,". MPL 100/50/25% all add ons apply, and lesser of 100% of billed charges",9316,,,,,,,Case Rate,". MPL 100/50/25% all add ons apply, and lesser of 100% of billed charges",10351,,,,,,,Case Rate,". MPL 100/50/25% all add ons apply, and lesser of 100% of billed charges",14948,,,,,,,Case Rate,". MPL 100/75/50% all add ons apply, and lesser of 100% of billed charges",2760.59,,,,,,,Case Rate,"100%Medicare OPPS FS. ",1701.45,,,,,,,Fee Schedule,105 percent of Medicaid APG. otherwise 105% of Ordered NYS MCD FS or 105% of ASP+6%,1701.45,,,,,,,Fee Schedule,105 percent of Medicaid APG. otherwise 105% of Ordered NYS MCD FS or 105% of ASP+6%,1701.45,,,,,,,Fee Schedule,105 percent of Medicaid APG. otherwise 105% of Ordered NYS MCD FS or 105% of ASP+6%,2187.58,,,,,,,Fee Schedule,135 percent of Medicaid APG. otherwise 135% of Ordered NYS MCD FS or 135% of ASP+6%,9024.56,,,,,,,Case Rate,". MPL 100/50/25% all add ons apply, and lesser of 100% of billed charges",1701.45,,,,,,,Fee Schedule,105 percent of Medicaid APG. otherwise 105% of Ordered NYS MCD FS or 105% of ASP+6%,1701.45,,,,,,,Fee Schedule,105 percent of Medicaid APG. otherwise 105% of Ordered NYS MCD FS or 105% of ASP+6%,1701.45,,,,,,,Fee Schedule,105 percent of Medicaid APG. otherwise 105% of Ordered NYS MCD FS or 105% of ASP+6%,1701.45,,,,,,,Fee Schedule,105 percent of Medicaid APG. otherwise 105% of Ordered NYS MCD FS or 105% of ASP+6%,1701.45,,,,,,,Fee Schedule,105 percent of Medicaid APG. otherwise 105% of Ordered NYS MCD FS or 105% of ASP+6%,2187.58,,,,,,,Fee Schedule,135 percent of Medicaid APG. otherwise 135% of Ordered NYS MCD FS or 135% of ASP+6%,2187.58,,,,,,,Fee Schedule,135 percent of Medicaid APG. otherwise 135% of Ordered NYS MCD FS or 135% of ASP+6%,2760.59,,,,,,,Case Rate,"100% Medicare OPPS FS. ",9024.56,,,,,,,Case Rate,". MPL 100/50/25% all add ons apply, and lesser of 100% of billed charges",2760.59,,,,,,,Case Rate,"100% Medicare OPPS FS. ",1701.45,,,,,,,Fee Schedule,105 percent of Medicaid APG. otherwise 105% of Ordered NYS MCD FS or 105% of ASP+6%,10351,,,,,,,Case Rate,". MPL 100/50/25% all add ons apply, and lesser of 100% of billed charges",2760.59,,,,,,,Case Rate,"100% Medicare OPPS FS. ",10351,,,,,,,Case Rate,". MPL 100/50/25% all add ons apply, and lesser of 100% of billed charges",10351,,,,,,,Case Rate,". MPL 100/50/25% all add ons apply, and lesser of 100% of billed charges",10351,,,,,,,Case Rate,". MPL 100/50/25% all add ons apply, and lesser of 100% of billed charges",1701.45,,,,,,,Fee Schedule,105 percent of Medicaid APG. otherwise 105% of Ordered NYS MCD FS or 105% of ASP+6%,2760.59,,,,,,,Case Rate,"100% Medicare OPPS FS. ",10351,,,,,,,Case Rate,". MPL 100/50/25% all add ons apply, and lesser of 100% of billed charges",2187.58,,,,,,,Fee Schedule,135 percent of Medicaid APG. otherwise 135% of Ordered NYS MCD FS or 135% of ASP+6%,10351,,,,,,,Case Rate,". MPL 100/50/25% all add ons apply, and lesser of 100% of billed charges",,200,,,,,0,Case Rate,200% of Medicare OPPS. ; No services were performed during the 15 month look back period.,2760.59,,,,,,,Case Rate,"100%Medicare OPPS FS. ",7163,,,,,,,Case Rate,". ",7163,,,,,,,Case Rate,". ",7163,,,,,,,Case Rate,". ",7163,,,,,,,Case Rate,". ",7163,,,,,,,Case Rate,". ",8427,,,,,,,Case Rate,". Primary procedure pays at 100%, all subsequent at 50%.",8427,,,,,,,Case Rate,". Primary procedure pays at 100%, all subsequent at 50%.",7163,,,,,,,Case Rate,". ",7163,,,,,,,Case Rate,". ",7163,,,,,,,Case Rate,". ",7163,,,,,,,Case Rate,". ",7163,,,,,,,Case Rate,". ",2760.59,,,,,,,Case Rate,"100% Medicare OPPS FS. ",8427,,,,,,,Case Rate,". Primary procedure pays at 100%, all subsequent at 50%.",2760.59,,,,,,,Case Rate,"100% Medicare OPPS FS. ",3645.96,,,,,,,Case Rate,"225 Percent of Medicaid APG. If not included in Medicaid APG, then 100 Percent of Manhattan Medicare",1620.43,,,,,,,Case Rate,"100 Percent of Medicaid APG. ",9024.56,,,,,,,Case Rate,". MPL 100/50/25% all add ons apply, and lesser of 100% of billed charges",9024.56,,,,,,,Case Rate,". MPL 100/50/25% all add ons apply, and lesser of 100% of billed charges",2760.59,,,,,,,Case Rate,"100% Medicare OPPS FS. ",12574,,,,,,,Case Rate,". Primary procedure pays at 100%, all subsequent at 50%.",2760.59,,,,,,,Case Rate,"100% Medicare OPPS FS. ",2760.59,,,,,,,Case Rate,"100% Medicare OPPS FS. ",8442,,,,,,,Case Rate,". Primary procedure pays at 100%, secondary at 50%, all subsequent at 25%.  Lesser of applies when negotiated rates exceed charges less addons.",2760.59,,,,,,,Case Rate,"100% Medicare OPPS FS. ",6487,,,,,,,Case Rate,". MPL 100/50/25% maxmium of 3 procedures. All add ons apply, and lesser of 100% of billed charges",2760.59,,,,,,,Case Rate,"100% Medicare OPPS FS. ",6487,,,,,,,Case Rate,". MPL 100/50/25% maxmium of 3 procedures. All add ons apply, and lesser of 100% of billed charges",8442,,,,,,,Case Rate,". Primary procedure pays at 100%, secondary at 50%, all subsequent at 25%.  Lesser of applies when negotiated rates exceed charges less addons.",6487,,,,,,,Case Rate,". MPL 100/50/25% maxmium of 3 procedures. All add ons apply, and lesser of 100% of billed charges",2760.59,,,,,,,Case Rate,"100% Medicare OPPS FS. ",1620.43,,,,,,,Case Rate,"100 Percent of Medicaid APG. ",2760.59,,,,,,,Case Rate,"100% Medicare OPPS FS. ",6487,,,,,,,Case Rate,". MPL 100/50/25% maxmium of 3 procedures. All add ons apply, and lesser of 100% of billed charges",9024.56,,,,,,,Case Rate,". MPL 100/50/25% all add ons apply, and lesser of 100% of billed charges",1620.43,,,,,,,Case Rate,"100 Percent of Medicaid APG. ",10351,,,,,,,Case Rate,". MPL 100/50/25% all add ons apply, and lesser of 100% of billed charges",1944.51,,,,,,,Fee Schedule,"120 Percent of Medicaid APG. ",1944.51,,,,,,,Fee Schedule,"120 Percent of Medicaid APG. ",10351,,,,,,,Case Rate,". MPL 100/50/25% all add ons apply, and lesser of 100% of billed charges",10351,,,,,,,Case Rate,". MPL 100/50/25% all add ons apply, and lesser of 100% of billed charges",10351,,,,,,,Case Rate,". MPL 100/50/25% all add ons apply, and lesser of 100% of billed charges",9024.56,,,,,,,Case Rate,". MPL 100/50/25% all add ons apply, and lesser of 100% of billed charges",10351,,,,,,,Case Rate,". MPL 100/50/25% all add ons apply, and lesser of 100% of billed charges",10351,,,,,,,Case Rate,". MPL 100/50/25% all add ons apply, and lesser of 100% of billed charges",10351,,,,,,,Case Rate,". MPL 100/50/25% all add ons apply, and lesser of 100% of billed charges",7163,,,,,,,Case Rate,". ",7163,,,,,,,Case Rate,". ",5465.97,,,,,,,Case Rate,198 Percent of Medicare OPPS. Metroplus will reimburse unlisted codes and described codes with no Medicare rate at 50 percent of charges.,1620.43,,,,,,,Case Rate,"100 Percent of Medicaid APG. ",9024.56,,,,,,,Case Rate,". MPL 100/50/25% all add ons apply, and lesser of 100% of billed charges",6487,,,,,,,Case Rate,". MPL 100/50/25% maxmium of 3 procedures. All add ons apply, and lesser of 100% of billed charges",8442,,,,,,,Case Rate,". Primary procedure pays at 100%, secondary at 50%, all subsequent at 25%.  Lesser of applies when negotiated rates exceed charges less addons.",9024.56,,,,,,,Case Rate,". MPL 100/50/25% all add ons apply, and lesser of 100% of billed charges",8442,,,,,,,Case Rate,". Primary procedure pays at 100%, secondary at 50%, all subsequent at 25%.  Lesser of applies when negotiated rates exceed charges less addons.",9024.56,,,,,,,Case Rate,". MPL 100/50/25% all add ons apply, and lesser of 100% of billed charges",10351,,,,,,,Case Rate,". MPL 100/50/25% all add ons apply, and lesser of 100% of billed charges",10351,,,,,,,Case Rate,". MPL 100/50/25% all add ons apply, and lesser of 100% of billed charges",10351,,,,,,,Case Rate,". MPL 100/50/25% all add ons apply, and lesser of 100% of billed charges",10351,,,,,,,Case Rate,". MPL 100/50/25% all add ons apply, and lesser of 100% of billed charges",2760.59,,,,,,,Case Rate,"100% Medicare OPPS FS. ",916.89,25798,
69641,CPT,,,490,RC,REVISE MIDDLE EAR & MASTOID,,,both,,,,15878,,,,,,,Case Rate,". MPL 1st 100% of Payment Rate 50% of all others, all add ons apply, and lesser of 100% of billed charges.",15878,,,,,,,Case Rate,". MPL 1st 100% of Payment Rate 50% of all others, all add ons apply, and lesser of 100% of billed charges.",15563,,,,,,,Case Rate,". Primary procedure pays at 100%, secondary at 50%, all subsequent at 25%.  Lesser of applies when negotiated rates exceed charges less addons.",,100,,,,,0,percent of total billed charges,100 percent of billed charges. ; No services were performed during the 15 month look back period.,7000,,,,,,,Case Rate,"100% Medicare OPPS FS. ",15563,,,,,,,Case Rate,". Primary procedure pays at 100%, secondary at 50%, all subsequent at 25%.  Lesser of applies when negotiated rates exceed charges less addons.",15563,,,,,,,Case Rate,". Primary procedure pays at 100%, secondary at 50%, all subsequent at 25%.  Lesser of applies when negotiated rates exceed charges less addons.",15563,,,,,,,Case Rate,". Primary procedure pays at 100%, secondary at 50%, all subsequent at 25%.  Lesser of applies when negotiated rates exceed charges less addons.",5320,,,,,,,Case Rate,"100 Percent of Medicaid APG. ",4433.33,,,,,,,Case Rate,"100 Percent of Medicaid APG. ",,78,,,,,0,percent of total billed charges,78% of Billed Charges. Lesser of 100% of billed charges applies.; No services were performed during the 15 month look back period.,16383.1,,,,,,,Case Rate,". MPL 100/50/25% all add ons apply, and lesser of 100% of billed charges",4433.33,,,,,,,Case Rate,"100 Percent of Medicaid APG. ",7000,,,,,,,Case Rate,"100% Medicare OPPS FS. ",16716,,,,,,,Case Rate,". MPL 100/50/25% maxmium of 3 procedures. All add ons apply, and lesser of 100% of billed charges",16716,,,,,,,Case Rate,". MPL 100/50/25% maxmium of 3 procedures. All add ons apply, and lesser of 100% of billed charges",16716,,,,,,,Case Rate,". MPL 100/50/25% maxmium of 3 procedures. All add ons apply, and lesser of 100% of billed charges",16716,,,,,,,Case Rate,". MPL 100/50/25% maxmium of 3 procedures. All add ons apply, and lesser of 100% of billed charges",4433.33,,,,,,,Case rate,124 Percent of Medicaid APG. Covered services not payable under Medicaid Fee Schedules default to a payment of 50 percent of charges.,7000,,,,,,,Case Rate,"100% Medicare OPPS FS. ",4433.33,,,,,,,Case rate,124 Percent of Medicaid APG. Covered services not payable under Medicaid Fee Schedules default to a payment of 50 percent of charges.,,78,,,,,0,percent of total billed charges,78% of Billed Charges. Lesser of 100% of billed charges applies.; No services were performed during the 15 month look back period.,15563,,,,,,,Case Rate,". Primary procedure pays at 100%, secondary at 50%, all subsequent at 25%.  Lesser of applies when negotiated rates exceed charges less addons.",7000,,,,,,,Case Rate,"100%Medicare OPPS FS. ",37948,,,,,,,Case Rate,". Primary procedure pays at 100%, all subsequent at 50%.",7000,,,,,,,Case Rate,"100%Medicare OPPS FS. ",7000,,,,,,,Case Rate,"100%Medicare OPPS FS. ",,78,,,,,0,percent of total billed charges,78% of Billed Charges. Lesser of 100% of billed charges applies.; No services were performed during the 15 month look back period.,2478.14,,,,,,,Case Rate,100% of PAS. Lesser of 100% of billed charges applies.,2478.14,,,,,,,Case Rate,100% of PAS. Lesser of 100% of billed charges applies.,4433.33,,,,,,,Case rate,"100 Percent of Medicaid APG. ",4433.33,,,,,,,Case rate,"100 Percent of Medicaid APG. ",37948,,,,,,,Case Rate,". Primary procedure pays at 100%, all subsequent at 50%.",37948,,,,,,,Case Rate,". Primary procedure pays at 100%, all subsequent at 50%.",4433.33,,,,,,,Case Rate,"100 Percent of Medicaid APG. Not APG payable, or payable under another fee schedule like ASP/AWP pays at 30% of charges",37948,,,,,,,Case Rate,". Primary procedure pays at 100%, all subsequent at 50%.",4433.33,,,,,,,Case Rate,"100 Percent of Medicaid APG. Not APG payable, or payable under another fee schedule like ASP/AWP pays at 30% of charges",7000,,,,,,,Case Rate,"100%Medicare OPPS FS. ",37948,,,,,,,Case Rate,". Primary procedure pays at 100%, all subsequent at 50%.",,78,,,,,0,percent of total billed charges,78% of Billed Charges. Lesser of 100% of billed charges applies.; No services were performed during the 15 month look back period.,4433.33,,,,,,,Case Rate,"100 Percent of Medicaid APG. ",4433.33,,,,,,,Case Rate,"100 Percent of Medicaid APG. ",,78,,,,,0,percent of total billed charges,78% of Billed Charges. Lesser of 100% of billed charges applies.; No services were performed during the 15 month look back period.,16716,,,,,,,Case Rate,". MPL 100/50/25% maxmium of 3 procedures. All add ons apply, and lesser of 100% of billed charges",14572,,,,,,,Case Rate,". MPL 100/50/25% all add ons apply, and lesser of 100% of billed charges",14572,,,,,,,Case Rate,". MPL 100/50/25% all add ons apply, and lesser of 100% of billed charges",,78,,,,,0,percent of total billed charges,78% of Billed Charges. Lesser of 100% of billed charges applies.; No services were performed during the 15 month look back period.,7000,,,,,,,Case Rate,"100% Medicare OPPS FS. ",16383.1,,,,,,,Case Rate,". MPL 100/50/25% all add ons apply, and lesser of 100% of billed charges",16383.1,,,,,,,Case Rate,". MPL 100/50/25% all add ons apply, and lesser of 100% of billed charges",16383.1,,,,,,,Case Rate,". MPL 100/50/25% all add ons apply, and lesser of 100% of billed charges",7000,,,,,,,Case Rate,"100% Medicare OPPS FS. ",16383.1,,,,,,,Case Rate,". MPL 100/50/25% all add ons apply, and lesser of 100% of billed charges",16383.1,,,,,,,Case Rate,". MPL 100/50/25% all add ons apply, and lesser of 100% of billed charges",7000,,,,,,,Case Rate,"100% of Medicare OPPS. ",25798,,,,,,,Case Rate,". MPL 100/75/50% all add ons apply, and lesser of 100% of billed charges",14557,,,,,,,Case Rate,". MPL 100/50/25% all add ons apply, and lesser of 100% of billed charges",14557,,,,,,,Case Rate,". MPL 100/50/25% all add ons apply, and lesser of 100% of billed charges",14557,,,,,,,Case Rate,". MPL 100/50/25% all add ons apply, and lesser of 100% of billed charges",14557,,,,,,,Case Rate,". MPL 100/50/25% all add ons apply, and lesser of 100% of billed charges",14557,,,,,,,Case Rate,". MPL 100/50/25% all add ons apply, and lesser of 100% of billed charges",14557,,,,,,,Case Rate,". MPL 100/50/25% all add ons apply, and lesser of 100% of billed charges",7000,,,,,,,Case Rate,"100% Medicare OPPS FS. ",7000,,,,,,,Case Rate,"100% Medicare OPPS FS. ",14557,,,,,,,Case Rate,". MPL 100/50/25% all add ons apply, and lesser of 100% of billed charges",,78,,,,,0,percent of total billed charges,78% of Billed Charges. Lesser of 100% of billed charges applies.; No services were performed during the 15 month look back period.,,78,,,,,0,percent of total billed charges,78% of Billed Charges. Lesser of 100% of billed charges applies.; No services were performed during the 15 month look back period.,,78,,,,,0,percent of total billed charges,78% of Billed Charges. Lesser of 100% of billed charges applies.; No services were performed during the 15 month look back period.,,78,,,,,0,percent of total billed charges,78% of Billed Charges. Lesser of 100% of billed charges applies.; No services were performed during the 15 month look back period.,,78,,,,,0,percent of total billed charges,78% of Billed Charges. Lesser of 100% of billed charges applies.; No services were performed during the 15 month look back period.,,78,,,,,0,percent of total billed charges,78% of Billed Charges. Lesser of 100% of billed charges applies.; No services were performed during the 15 month look back period.,,78,,,,,0,percent of total billed charges,78% of Billed Charges. Lesser of 100% of billed charges applies.; No services were performed during the 15 month look back period.,,78,,,,,0,percent of total billed charges,78% of Billed Charges. Lesser of 100% of billed charges applies.; No services were performed during the 15 month look back period.,,78,,,,,0,percent of total billed charges,78% of Billed Charges. Lesser of 100% of billed charges applies.; No services were performed during the 15 month look back period.,,78,,,,,0,percent of total billed charges,78% of Billed Charges. Lesser of 100% of billed charges applies.; No services were performed during the 15 month look back period.,,78,,,,,0,percent of total billed charges,78% of Billed Charges. Lesser of 100% of billed charges applies.; No services were performed during the 15 month look back period.,,78,,,,,0,percent of total billed charges,78% of Billed Charges. Lesser of 100% of billed charges applies.; No services were performed during the 15 month look back period.,,78,,,,,0,percent of total billed charges,78% of Billed Charges. Lesser of 100% of billed charges applies.; No services were performed during the 15 month look back period.,,78,,,,,0,percent of total billed charges,78% of Billed Charges. Lesser of 100% of billed charges applies.; No services were performed during the 15 month look back period.,,78,,,,,0,percent of total billed charges,78% of Billed Charges. Lesser of 100% of billed charges applies.; No services were performed during the 15 month look back period.,,78,,,,,0,percent of total billed charges,78% of Billed Charges. Lesser of 100% of billed charges applies.; No services were performed during the 15 month look back period.,,78,,,,,0,percent of total billed charges,78% of Billed Charges. Lesser of 100% of billed charges applies.; No services were performed during the 15 month look back period.,,78,,,,,0,percent of total billed charges,78% of Billed Charges. Lesser of 100% of billed charges applies.; No services were performed during the 15 month look back period.,,78,,,,,0,percent of total billed charges,78% of Billed Charges. Lesser of 100% of billed charges applies.; No services were performed during the 15 month look back period.,,78,,,,,0,percent of total billed charges,78% of Billed Charges. Lesser of 100% of billed charges applies.; No services were performed during the 15 month look back period.,,78,,,,,0,percent of total billed charges,78% of Billed Charges. Lesser of 100% of billed charges applies.; No services were performed during the 15 month look back period.,,78,,,,,0,percent of total billed charges,78% of Billed Charges. Lesser of 100% of billed charges applies.; No services were performed during the 15 month look back period.,,78,,,,,0,percent of total billed charges,78% of Billed Charges. Lesser of 100% of billed charges applies.; No services were performed during the 15 month look back period.,,78,,,,,0,percent of total billed charges,78% of Billed Charges. Lesser of 100% of billed charges applies.; No services were performed during the 15 month look back period.,,78,,,,,0,percent of total billed charges,78% of Billed Charges. Lesser of 100% of billed charges applies.; No services were performed during the 15 month look back period.,,78,,,,,0,percent of total billed charges,78% of Billed Charges. Lesser of 100% of billed charges applies.; No services were performed during the 15 month look back period.,37948,,,,,,,Case Rate,". Primary procedure pays at 100%, all subsequent at 50%.",37948,,,,,,,Case Rate,". Primary procedure pays at 100%, all subsequent at 50%.",37948,,,,,,,Case Rate,". Primary procedure pays at 100%, all subsequent at 50%.",37948,,,,,,,Case Rate,". Primary procedure pays at 100%, all subsequent at 50%.",48669,,,,,,,Case Rate,". Primary procedure pays at 100%, all subsequent at 50%.",48669,,,,,,,Case Rate,". Primary procedure pays at 100%, all subsequent at 50%.",16716,,,,,,,Case Rate,". MPL 100/50/25% maxmium of 3 procedures. All add ons apply, and lesser of 100% of billed charges",14557,,,,,,,Case Rate,". MPL 100/50/25% all add ons apply, and lesser of 100% of billed charges",16383.1,,,,,,,Case Rate,". MPL 100/50/25% all add ons apply, and lesser of 100% of billed charges",14557,,,,,,,Case Rate,". MPL 100/50/25% all add ons apply, and lesser of 100% of billed charges",,78,,,,,0,percent of total billed charges,78% of Billed Charges. Lesser of 100% of billed charges applies.; No services were performed during the 15 month look back period.,48669,,,,,,,Case Rate,". Primary procedure pays at 100%, all subsequent at 50%.",14557,,,,,,,Case Rate,". MPL 100/50/25% all add ons apply, and lesser of 100% of billed charges",16383.1,,,,,,,Case Rate,". MPL 100/50/25% all add ons apply, and lesser of 100% of billed charges",16716,,,,,,,Case Rate,". MPL 100/50/25% maxmium of 3 procedures. All add ons apply, and lesser of 100% of billed charges",,,,,,,,,"NA. ",,78,,,,,0,percent of total billed charges,78% of Billed Charges. Lesser of 100% of billed charges applies.; No services were performed during the 15 month look back period.,4433.33,,,,,,,Case Rate,"100 Percent of Medicaid APG. ",37948,,,,,,,Case Rate,". Primary procedure pays at 100%, all subsequent at 50%.",4433.33,,,,,,,Case Rate,"100 Percent of Medicaid APG. Not APG payable, or payable under another fee schedule like ASP/AWP pays at 30% of charges",7000,,,,,,,Case Rate,"100%Medicare OPPS FS. ",7000,,,,,,,Case Rate,"100% Medicare OPPS FS. ",25798,,,,,,,Case Rate,". MPL 100/75/50% all add ons apply, and lesser of 100% of billed charges",7000,,,,,,,Case Rate,"100% Medicare OPPS FS. ",7000,,,,,,,Case Rate,"100% Medicare OPPS FS. ",4433.33,,,,,,,Case Rate,"100 Percent of Medicaid APG. ",7000,,,,,,,Case Rate,"100% Medicare OPPS FS. ",7000,,,,,,,Case Rate,"100% Medicare OPPS FS. ",15563,,,,,,,Case Rate,". Primary procedure pays at 100%, secondary at 50%, all subsequent at 25%.  Lesser of applies when negotiated rates exceed charges less addons.",15563,,,,,,,Case Rate,". Primary procedure pays at 100%, secondary at 50%, all subsequent at 25%.  Lesser of applies when negotiated rates exceed charges less addons.",7000,,,,,,,Case Rate,"100% Medicare OPPS FS. ",16716,,,,,,,Case Rate,". MPL 100/50/25% maxmium of 3 procedures. All add ons apply, and lesser of 100% of billed charges",16383.1,,,,,,,Case Rate,". MPL 100/50/25% all add ons apply, and lesser of 100% of billed charges",16383.1,,,,,,,Case Rate,". MPL 100/50/25% all add ons apply, and lesser of 100% of billed charges",7000,,,,,,,Case Rate,"100% Medicare OPPS FS. ",16716,,,,,,,Case Rate,". MPL 100/50/25% maxmium of 3 procedures. All add ons apply, and lesser of 100% of billed charges",15563,,,,,,,Case Rate,". Primary procedure pays at 100%, secondary at 50%, all subsequent at 25%.  Lesser of applies when negotiated rates exceed charges less addons.",15563,,,,,,,Case Rate,". Primary procedure pays at 100%, secondary at 50%, all subsequent at 25%.  Lesser of applies when negotiated rates exceed charges less addons.",15563,,,,,,,Case Rate,". Primary procedure pays at 100%, secondary at 50%, all subsequent at 25%.  Lesser of applies when negotiated rates exceed charges less addons.",,78,,,,,0,percent of total billed charges,78% of Billed Charges. Lesser of 100% of billed charges applies.; No services were performed during the 15 month look back period.,,78,,,,,0,percent of total billed charges,78% of Billed Charges. Lesser of 100% of billed charges applies.; No services were performed during the 15 month look back period.,,78,,,,,0,percent of total billed charges,78% of Billed Charges. Lesser of 100% of billed charges applies.; No services were performed during the 15 month look back period.,,78,,,,,0,percent of total billed charges,78% of Billed Charges. Lesser of 100% of billed charges applies.; No services were performed during the 15 month look back period.,,78,,,,,0,percent of total billed charges,78% of Billed Charges. Lesser of 100% of billed charges applies.; No services were performed during the 15 month look back period.,,78,,,,,0,percent of total billed charges,78% of Billed Charges. Lesser of 100% of billed charges applies.; No services were performed during the 15 month look back period.,,78,,,,,0,percent of total billed charges,78% of Billed Charges. Lesser of 100% of billed charges applies.; No services were performed during the 15 month look back period.,,78,,,,,0,percent of total billed charges,78% of Billed Charges. Lesser of 100% of billed charges applies.; No services were performed during the 15 month look back period.,,78,,,,,0,percent of total billed charges,78% of Billed Charges. Lesser of 100% of billed charges applies.; No services were performed during the 15 month look back period.,,78,,,,,0,percent of total billed charges,78% of Billed Charges. Lesser of 100% of billed charges applies.; No services were performed during the 15 month look back period.,,78,,,,,0,percent of total billed charges,78% of Billed Charges. Lesser of 100% of billed charges applies.; No services were performed during the 15 month look back period.,48669,,,,,,,Case Rate,". Primary procedure pays at 100%, all subsequent at 50%.",14557,,,,,,,Case Rate,". MPL 100/50/25% all add ons apply, and lesser of 100% of billed charges",16716,,,,,,,Case Rate,". MPL 100/50/25% maxmium of 3 procedures. All add ons apply, and lesser of 100% of billed charges",7000,,,,,,,Case Rate,"100% Medicare OPPS FS. ",15563,,,,,,,Case Rate,". Primary procedure pays at 100%, secondary at 50%, all subsequent at 25%.  Lesser of applies when negotiated rates exceed charges less addons.",16716,,,,,,,Case Rate,". MPL 100/50/25% maxmium of 3 procedures. All add ons apply, and lesser of 100% of billed charges",16716,,,,,,,Case Rate,". MPL 100/50/25% maxmium of 3 procedures. All add ons apply, and lesser of 100% of billed charges",,78,,,,,0,percent of total billed charges,78% of Billed Charges. Lesser of 100% of billed charges applies.; No services were performed during the 15 month look back period.,9487.33,,,,,,,Case Rate,"214 Percent of Medicaid APG. Drugs not priced under APG, billed with revenue code 636 and not priced by Medicare ASP FeeSched will be reimbursed at 20% of charges.",16716,,,,,,,Case Rate,". MPL 100/50/25% maxmium of 3 procedures. All add ons apply, and lesser of 100% of billed charges",4433.33,,,,,,,Case Rate,"100 Percent of Medicaid APG. ",7000,,,,,,,Case Rate,"100% Medicare OPPS FS. ",7000,,,,,,,Case Rate,"100% Medicare OPPS FS. ",7000,,,,,,,Case Rate,"100% Medicare OPPS FS. ",7000,,,,,,,Case Rate,"100% Medicare OPPS FS. ",7000,,,,,,,Case Rate,"100% Medicare OPPS FS. ",7000,,,,,,,Case Rate,"100% Medicare OPPS FS. ",16716,,,,,,,Case Rate,". MPL 100/50/25% maxmium of 3 procedures. All add ons apply, and lesser of 100% of billed charges",25798,,,,,,,Case Rate,". MPL 100/75/50% all add ons apply, and lesser of 100% of billed charges",7980,,,,,,,Fee Schedule,"180 Percent of Medicaid APG. ",7980,,,,,,,Fee Schedule,"180 Percent of Medicaid APG. ",7980,,,,,,,Fee Schedule,"180 Percent of Medicaid APG. ",7980,,,,,,,Fee Schedule,"180 Percent of Medicaid APG. ",7980,,,,,,,Fee Schedule,"180 Percent of Medicaid APG. ",,,,,,,,,"NA. ",25798,,,,,,,Case Rate,". MPL 100/75/50% all add ons apply, and lesser of 100% of billed charges",13860,,,,,,,Case Rate,198 Percent of Medicare OPPS. Metroplus will reimburse unlisted codes and described codes with no Medicare rate at 50 percent of charges.,13860,,,,,,,Case Rate,198 Percent of Medicare OPPS. Metroplus will reimburse unlisted codes and described codes with no Medicare rate at 50 percent of charges.,13860,,,,,,,Case Rate,198 Percent of Medicare OPPS. Metroplus will reimburse unlisted codes and described codes with no Medicare rate at 50 percent of charges.,13860,,,,,,,Case Rate,198 Percent of Medicare OPPS. Metroplus will reimburse unlisted codes and described codes with no Medicare rate at 50 percent of charges.,13860,,,,,,,Case Rate,198 Percent of Medicare OPPS. Metroplus will reimburse unlisted codes and described codes with no Medicare rate at 50 percent of charges.,7000,,,,,,,Case Rate,"100% Medicare OPPS FS. ",48669,,,,,,,Case Rate,". Primary procedure pays at 100%, all subsequent at 50%.",48669,,,,,,,Case Rate,". Primary procedure pays at 100%, all subsequent at 50%.",48669,,,,,,,Case Rate,". Primary procedure pays at 100%, all subsequent at 50%.",48669,,,,,,,Case Rate,". Primary procedure pays at 100%, all subsequent at 50%.",15563,,,,,,,Case Rate,". Primary procedure pays at 100%, secondary at 50%, all subsequent at 25%.  Lesser of applies when negotiated rates exceed charges less addons.",15563,,,,,,,Case Rate,". Primary procedure pays at 100%, secondary at 50%, all subsequent at 25%.  Lesser of applies when negotiated rates exceed charges less addons.",15563,,,,,,,Case Rate,". Primary procedure pays at 100%, secondary at 50%, all subsequent at 25%.  Lesser of applies when negotiated rates exceed charges less addons.",15563,,,,,,,Case Rate,". Primary procedure pays at 100%, secondary at 50%, all subsequent at 25%.  Lesser of applies when negotiated rates exceed charges less addons.",25798,,,,,,,Case Rate,". MPL 100/75/50% all add ons apply, and lesser of 100% of billed charges",25798,,,,,,,Case Rate,". MPL 100/75/50% all add ons apply, and lesser of 100% of billed charges",7000,,,,,,,Case Rate,"100% Medicare OPPS FS. ",7000,,,,,,,Case Rate,"100% Medicare OPPS FS. ",7000,,,,,,,Case Rate,"100% Medicare OPPS FS. ",14557,,,,,,,Case Rate,". MPL 100/50/25% all add ons apply, and lesser of 100% of billed charges",14557,,,,,,,Case Rate,". MPL 100/50/25% all add ons apply, and lesser of 100% of billed charges",14557,,,,,,,Case Rate,". MPL 100/50/25% all add ons apply, and lesser of 100% of billed charges",25798,,,,,,,Case Rate,". MPL 100/75/50% all add ons apply, and lesser of 100% of billed charges",15563,,,,,,,Case Rate,". Primary procedure pays at 100%, secondary at 50%, all subsequent at 25%.  Lesser of applies when negotiated rates exceed charges less addons.",7000,,,,,,,Case Rate,"100% Medicare OPPS FS. ",14557,,,,,,,Case Rate,". MPL 100/50/25% all add ons apply, and lesser of 100% of billed charges",4433.33,,,,,,,Case Rate,"100 Percent of Medicaid APG. ",7140,,,,,,,Case Rate,"102% of Medicare OPPS. ",7140,,,,,,,Case Rate,"102% of Medicare OPPS. ",7140,,,,,,,Case Rate,"102% of Medicare OPPS. ",4433.33,,,,,,,Case rate,"100 Percent of Medicaid APG. ",9975,,,,,,,Case Rate,225% of NYS APG. Lesser of 100% of billed charges applies.,9975,,,,,,,Case Rate,225% of NYS APG. Lesser of 100% of billed charges applies.,9975,,,,,,,Case Rate,225% of NYS APG. Lesser of 100% of billed charges applies.,9975,,,,,,,Case Rate,225% of NYS APG. Lesser of 100% of billed charges applies.,9975,,,,,,,Case Rate,225% of NYS APG. Lesser of 100% of billed charges applies.,7140,,,,,,,Case Rate,"102% of Medicare OPPS. ",4433.33,,,,,,,Case Rate,"100 Percent of Medicaid APG. ",2478.14,,,,,,,Case Rate,100% of PAS. Lesser of 100% of billed charges applies.,9975,,,,,,,Case Rate,225% of NYS APG. Lesser of 100% of billed charges applies.,9975,,,,,,,Case Rate,225% of NYS APG. Lesser of 100% of billed charges applies.,2478.14,,,,,,,Case Rate,100% of PAS. Lesser of 100% of billed charges applies.,2478.14,,,,,,,Case Rate,100% of PAS. Lesser of 100% of billed charges applies.,7980,,,,,,,Fee Schedule,"180 Percent of Medicaid APG. ",7000,,,,,,,Case Rate,"100% Medicare OPPS FS. ",7000,,,,,,,Case Rate,"100% Medicare OPPS FS. ",15563,,,,,,,Case Rate,". Primary procedure pays at 100%, secondary at 50%, all subsequent at 25%.  Lesser of applies when negotiated rates exceed charges less addons.",7000,,,,,,,Case Rate,"100% Medicare OPPS FS. ",9975,,,,,,,Case Rate,"225 Percent of Medicaid APG. ",9975,,,,,,,Case Rate,"225 Percent of Medicaid APG. ",4433.33,,,,,,,Case rate,"100 Percent of Medicaid APG. ",4433.33,,,,,,,Case rate,"100 Percent of Medicaid APG. ",9975,,,,,,,Case Rate,225 Percent of Medicaid APG. Covered services not payable under Medicaid Fee Schedules default to a payment of 87.5 percent of charges.,4433.33,,,,,,,Case rate,124 Percent of Medicaid APG. Covered services not payable under Medicaid Fee Schedules default to a payment of 50 percent of charges.,9975,,,,,,,Case Rate,"100 Percent of Medicaid APG. ",9975,,,,,,,Case Rate,"100 Percent of Medicaid APG. ",9975,,,,,,,Case Rate,"100 Percent of Medicaid APG. ",9975,,,,,,,Case Rate,"100 Percent of Medicaid APG. ",13453,,,,,,,Case Rate,". MPL 100/75/50% all add ons apply, and lesser of 100% of billed charges",25798,,,,,,,Case Rate,". MPL 100/75/50% all add ons apply, and lesser of 100% of billed charges",5320,,,,,,,Case Rate,"120 Percent of Medicaid APG. Not APG payable, or payable under another fee schedule like ASP/AWP pays at 30% of charges",5320,,,,,,,Case Rate,"120 Percent of Medicaid APG. Not APG payable, or payable under another fee schedule like ASP/AWP pays at 30% of charges",4433.33,,,,,,,Case Rate,"100 Percent of Medicaid APG. Not APG payable, or payable under another fee schedule like ASP/AWP pays at 30% of charges",4433.33,,,,,,,Case Rate,"100 Percent of Medicaid APG. Not APG payable, or payable under another fee schedule like ASP/AWP pays at 30% of charges",14557,,,,,,,Case Rate,". MPL 100/50/25% all add ons apply, and lesser of 100% of billed charges",14557,,,,,,,Case Rate,". MPL 100/50/25% all add ons apply, and lesser of 100% of billed charges",7000,,,,,,,Case Rate,"100% Medicare OPPS FS. ",14557,,,,,,,Case Rate,". MPL 100/50/25% all add ons apply, and lesser of 100% of billed charges",14557,,,,,,,Case Rate,". MPL 100/50/25% all add ons apply, and lesser of 100% of billed charges",14557,,,,,,,Case Rate,". MPL 100/50/25% all add ons apply, and lesser of 100% of billed charges",14557,,,,,,,Case Rate,". MPL 100/50/25% all add ons apply, and lesser of 100% of billed charges",7000,,,,,,,Case Rate,"100% Medicare OPPS FS. ",14557,,,,,,,Case Rate,". MPL 100/50/25% all add ons apply, and lesser of 100% of billed charges",14557,,,,,,,Case Rate,". MPL 100/50/25% all add ons apply, and lesser of 100% of billed charges",15563,,,,,,,Case Rate,". Primary procedure pays at 100%, secondary at 50%, all subsequent at 25%.  Lesser of applies when negotiated rates exceed charges less addons.",4433.33,,,,,,,Fee Schedule,100% APG. Lesser of 100% of billed charges applies.,4433.33,,,,,,,Case rate,124 Percent of Medicaid APG. Covered services not payable under Medicaid Fee Schedules default to a payment of 50 percent of charges.,9975,,,,,,,Case Rate,225% of NYS APG. Lesser of 100% of billed charges applies.,9975,,,,,,,Case Rate,225 Percent of Medicaid APG. Covered services not payable under Medicaid Fee Schedules default to a payment of 87.5 percent of charges.,4433.33,,,,,,,Case rate,124 Percent of Medicaid APG. Covered services not payable under Medicaid Fee Schedules default to a payment of 50 percent of charges.,9975,,,,,,,Case Rate,225% of NYS APG. Lesser of 100% of billed charges applies.,9975,,,,,,,Case Rate,225% of NYS APG. Lesser of 100% of billed charges applies.,9975,,,,,,,Case Rate,225% of NYS APG. Lesser of 100% of billed charges applies.,9975,,,,,,,Case Rate,225% of NYS APG. Lesser of 100% of billed charges applies.,9975,,,,,,,Case Rate,225% of NYS APG. Lesser of 100% of billed charges applies.,9975,,,,,,,Case Rate,225% of NYS APG. Lesser of 100% of billed charges applies.,,,,,,,,,"NA. ",,,,,,,,,"NA. ",,,,,,,,,"NA. ",16716,,,,,,,Case Rate,". MPL 100/50/25% maxmium of 3 procedures. All add ons apply, and lesser of 100% of billed charges",,,,,,,,,"NA. ",7000,,,,,,,Case Rate,"100% Medicare OPPS FS. ",15878,,,,,,,Case Rate,". MPL 1st 100% of Payment Rate 50% of all others, all add ons apply, and lesser of 100% of billed charges.",7000,,,,,,,Case Rate,"100% Medicare OPPS FS. ",7000,,,,,,,Case Rate,"100% Medicare OPPS FS. ",5320,,,,,,,Case Rate,"120 Percent of Medicaid APG. Not APG payable, or payable under another fee schedule like ASP/AWP pays at 30% of charges",5320,,,,,,,Case Rate,"120 Percent of Medicaid APG. Not APG payable, or payable under another fee schedule like ASP/AWP pays at 30% of charges",4433.33,,,,,,,Case Rate,"100 Percent of Medicaid APG. Not APG payable, or payable under another fee schedule like ASP/AWP pays at 30% of charges",4433.33,,,,,,,Case Rate,"100 Percent of Medicaid APG. Not APG payable, or payable under another fee schedule like ASP/AWP pays at 30% of charges",4433.33,,,,,,,Case Rate,"100 Percent of Medicaid APG. ",32255,,,,,,,Case Rate,". ",15563,,,,,,,Case Rate,". Primary procedure pays at 100%, secondary at 50%, all subsequent at 25%.  Lesser of applies when negotiated rates exceed charges less addons.",37948,,,,,,,Case Rate,". Primary procedure pays at 100%, all subsequent at 50%.",16716,,,,,,,Case Rate,". MPL 100/50/25% maxmium of 3 procedures. All add ons apply, and lesser of 100% of billed charges",7000,,,,,,,Case Rate,"100%Medicare OPPS FS. ",7000,,,,,,,Case Rate,"100% Medicare OPPS FS. ",7000,,,,,,,Case Rate,"100% Medicare OPPS FS. ",7000,,,,,,,Case Rate,"100% Medicare OPPS FS. ",7000,,,,,,,Case Rate,"100%Medicare OPPS FS. ",7000,,,,,,,Case Rate,"100% Medicare OPPS FS. ",,,,,,,,,"NA. ",9975,,,,,,,Case Rate,225% of NYS APG. Lesser of 100% of billed charges applies.,2478.14,,,,,,,Case Rate,100% of PAS. Lesser of 100% of billed charges applies.,14557,,,,,,,Case Rate,". MPL 100/50/25% all add ons apply, and lesser of 100% of billed charges",32255,,,,,,,Case Rate,". ",32255,,,,,,,Case Rate,". ",32255,,,,,,,Case Rate,". ",32255,,,,,,,Case Rate,". ",7000,,,,,,,Case Rate,"100% Medicare OPPS FS. ",4433.33,,,,,,,Case Rate,"100 Percent of Medicaid APG. ",14557,,,,,,,Case Rate,". MPL 100/50/25% all add ons apply, and lesser of 100% of billed charges",4433.33,,,,,,,Case Rate,"100 Percent of Medicaid APG. ",7000,,,,,,,Case Rate,"100% Medicare OPPS FS. ",4433.33,,,,,,,Case Rate,"100 Percent of Medicaid APG. ",7000,,,,,,,Case Rate,"100% Medicare OPPS FS. ",7000,,,,,,,Case Rate,"100% Medicare OPPS FS. ",4433.33,,,,,,,Case Rate,"100 Percent of Medicaid APG. ",4433.33,,,,,,,Case Rate,"100 Percent of Medicaid APG. ",32255,,,,,,,Case Rate,". ",16716,,,,,,,Case Rate,". MPL 100/50/25% maxmium of 3 procedures. All add ons apply, and lesser of 100% of billed charges",,78,,,,,0,percent of total billed charges,78% of Billed Charges. Lesser of 100% of billed charges applies.; No services were performed during the 15 month look back period.,16383.1,,,,,,,Case Rate,". MPL 100/50/25% all add ons apply, and lesser of 100% of billed charges",16383.1,,,,,,,Case Rate,". MPL 100/50/25% all add ons apply, and lesser of 100% of billed charges",15563,,,,,,,Case Rate,". Primary procedure pays at 100%, secondary at 50%, all subsequent at 25%.  Lesser of applies when negotiated rates exceed charges less addons.",2801.32,,,,,,,Case Rate,"83% HF Fee schedule. ",48669,,,,,,,Case Rate,". Primary procedure pays at 100%, all subsequent at 50%.",48669,,,,,,,Case Rate,". Primary procedure pays at 100%, all subsequent at 50%.",11646,,,,,,,Case Rate,". MPL 100/50/25% all add ons apply, and lesser of 100% of billed charges",11646,,,,,,,Case Rate,". MPL 100/50/25% all add ons apply, and lesser of 100% of billed charges",7000,,,,,,,Case Rate,"100% Medicare OPPS FS. ",7000,,,,,,,Case Rate,"100% Medicare OPPS FS. ",7000,,,,,,,Case Rate,"100% Medicare OPPS FS. ",7000,,,,,,,Case Rate,"100% Medicare OPPS FS. ",16383.1,,,,,,,Case Rate,". MPL 100/50/25% all add ons apply, and lesser of 100% of billed charges",14557,,,,,,,Case Rate,". MPL 100/50/25% all add ons apply, and lesser of 100% of billed charges",14557,,,,,,,Case Rate,". MPL 100/50/25% all add ons apply, and lesser of 100% of billed charges",7000,,,,,,,Case Rate,"100% Medicare OPPS FS. ",11646,,,,,,,Case Rate,". MPL 100/50/25% all add ons apply, and lesser of 100% of billed charges",37948,,,,,,,Case Rate,". Primary procedure pays at 100%, all subsequent at 50%.",5320,,,,,,,Fee Schedule,"120 Percent of Medicaid APG. ",4433.33,,,,,,,Case Rate,"100 Percent of Medicaid APG. ",32255,,,,,,,Case Rate,". ",13101,,,,,,,Case Rate,". MPL 100/50/25% all add ons apply, and lesser of 100% of billed charges",13101,,,,,,,Case Rate,". MPL 100/50/25% all add ons apply, and lesser of 100% of billed charges",14557,,,,,,,Case Rate,". MPL 100/50/25% all add ons apply, and lesser of 100% of billed charges",14948,,,,,,,Case Rate,". MPL 100/75/50% all add ons apply, and lesser of 100% of billed charges",7000,,,,,,,Case Rate,"100%Medicare OPPS FS. ",4655,,,,,,,Fee Schedule,105 percent of Medicaid APG. otherwise 105% of Ordered NYS MCD FS or 105% of ASP+6%,4655,,,,,,,Fee Schedule,105 percent of Medicaid APG. otherwise 105% of Ordered NYS MCD FS or 105% of ASP+6%,4655,,,,,,,Fee Schedule,105 percent of Medicaid APG. otherwise 105% of Ordered NYS MCD FS or 105% of ASP+6%,5985,,,,,,,Fee Schedule,135 percent of Medicaid APG. otherwise 135% of Ordered NYS MCD FS or 135% of ASP+6%,16383.1,,,,,,,Case Rate,". MPL 100/50/25% all add ons apply, and lesser of 100% of billed charges",4655,,,,,,,Fee Schedule,105 percent of Medicaid APG. otherwise 105% of Ordered NYS MCD FS or 105% of ASP+6%,4655,,,,,,,Fee Schedule,105 percent of Medicaid APG. otherwise 105% of Ordered NYS MCD FS or 105% of ASP+6%,4655,,,,,,,Fee Schedule,105 percent of Medicaid APG. otherwise 105% of Ordered NYS MCD FS or 105% of ASP+6%,4655,,,,,,,Fee Schedule,105 percent of Medicaid APG. otherwise 105% of Ordered NYS MCD FS or 105% of ASP+6%,4655,,,,,,,Fee Schedule,105 percent of Medicaid APG. otherwise 105% of Ordered NYS MCD FS or 105% of ASP+6%,5985,,,,,,,Fee Schedule,135 percent of Medicaid APG. otherwise 135% of Ordered NYS MCD FS or 135% of ASP+6%,5985,,,,,,,Fee Schedule,135 percent of Medicaid APG. otherwise 135% of Ordered NYS MCD FS or 135% of ASP+6%,7000,,,,,,,Case Rate,"100% Medicare OPPS FS. ",16383.1,,,,,,,Case Rate,". MPL 100/50/25% all add ons apply, and lesser of 100% of billed charges",7000,,,,,,,Case Rate,"100% Medicare OPPS FS. ",4655,,,,,,,Fee Schedule,105 percent of Medicaid APG. otherwise 105% of Ordered NYS MCD FS or 105% of ASP+6%,14557,,,,,,,Case Rate,". MPL 100/50/25% all add ons apply, and lesser of 100% of billed charges",7000,,,,,,,Case Rate,"100% Medicare OPPS FS. ",14557,,,,,,,Case Rate,". MPL 100/50/25% all add ons apply, and lesser of 100% of billed charges",14557,,,,,,,Case Rate,". MPL 100/50/25% all add ons apply, and lesser of 100% of billed charges",14557,,,,,,,Case Rate,". MPL 100/50/25% all add ons apply, and lesser of 100% of billed charges",4655,,,,,,,Fee Schedule,105 percent of Medicaid APG. otherwise 105% of Ordered NYS MCD FS or 105% of ASP+6%,7000,,,,,,,Case Rate,"100% Medicare OPPS FS. ",14557,,,,,,,Case Rate,". MPL 100/50/25% all add ons apply, and lesser of 100% of billed charges",5985,,,,,,,Fee Schedule,135 percent of Medicaid APG. otherwise 135% of Ordered NYS MCD FS or 135% of ASP+6%,14557,,,,,,,Case Rate,". MPL 100/50/25% all add ons apply, and lesser of 100% of billed charges",,200,,,,,0,Case Rate,200% of Medicare OPPS. ; No services were performed during the 15 month look back period.,7000,,,,,,,Case Rate,"100%Medicare OPPS FS. ",32255,,,,,,,Case Rate,". ",32255,,,,,,,Case Rate,". ",32255,,,,,,,Case Rate,". ",32255,,,,,,,Case Rate,". ",32255,,,,,,,Case Rate,". ",37948,,,,,,,Case Rate,". Primary procedure pays at 100%, all subsequent at 50%.",37948,,,,,,,Case Rate,". Primary procedure pays at 100%, all subsequent at 50%.",32255,,,,,,,Case Rate,". ",32255,,,,,,,Case Rate,". ",32255,,,,,,,Case Rate,". ",32255,,,,,,,Case Rate,". ",32255,,,,,,,Case Rate,". ",7000,,,,,,,Case Rate,"100% Medicare OPPS FS. ",37948,,,,,,,Case Rate,". Primary procedure pays at 100%, all subsequent at 50%.",7000,,,,,,,Case Rate,"100% Medicare OPPS FS. ",9975,,,,,,,Case Rate,"225 Percent of Medicaid APG. If not included in Medicaid APG, then 100 Percent of Manhattan Medicare",4433.33,,,,,,,Case Rate,"100 Percent of Medicaid APG. ",16383.1,,,,,,,Case Rate,". MPL 100/50/25% all add ons apply, and lesser of 100% of billed charges",16383.1,,,,,,,Case Rate,". MPL 100/50/25% all add ons apply, and lesser of 100% of billed charges",7000,,,,,,,Case Rate,"100% Medicare OPPS FS. ",48669,,,,,,,Case Rate,". Primary procedure pays at 100%, all subsequent at 50%.",7000,,,,,,,Case Rate,"100% Medicare OPPS FS. ",7000,,,,,,,Case Rate,"100% Medicare OPPS FS. ",15563,,,,,,,Case Rate,". Primary procedure pays at 100%, secondary at 50%, all subsequent at 25%.  Lesser of applies when negotiated rates exceed charges less addons.",7000,,,,,,,Case Rate,"100% Medicare OPPS FS. ",16716,,,,,,,Case Rate,". MPL 100/50/25% maxmium of 3 procedures. All add ons apply, and lesser of 100% of billed charges",7000,,,,,,,Case Rate,"100% Medicare OPPS FS. ",16716,,,,,,,Case Rate,". MPL 100/50/25% maxmium of 3 procedures. All add ons apply, and lesser of 100% of billed charges",15563,,,,,,,Case Rate,". Primary procedure pays at 100%, secondary at 50%, all subsequent at 25%.  Lesser of applies when negotiated rates exceed charges less addons.",16716,,,,,,,Case Rate,". MPL 100/50/25% maxmium of 3 procedures. All add ons apply, and lesser of 100% of billed charges",7000,,,,,,,Case Rate,"100% Medicare OPPS FS. ",4433.33,,,,,,,Case Rate,"100 Percent of Medicaid APG. ",7000,,,,,,,Case Rate,"100% Medicare OPPS FS. ",16716,,,,,,,Case Rate,". MPL 100/50/25% maxmium of 3 procedures. All add ons apply, and lesser of 100% of billed charges",16383.1,,,,,,,Case Rate,". MPL 100/50/25% all add ons apply, and lesser of 100% of billed charges",4433.33,,,,,,,Case Rate,"100 Percent of Medicaid APG. ",14557,,,,,,,Case Rate,". MPL 100/50/25% all add ons apply, and lesser of 100% of billed charges",5320,,,,,,,Fee Schedule,"120 Percent of Medicaid APG. ",5320,,,,,,,Fee Schedule,"120 Percent of Medicaid APG. ",14557,,,,,,,Case Rate,". MPL 100/50/25% all add ons apply, and lesser of 100% of billed charges",14557,,,,,,,Case Rate,". MPL 100/50/25% all add ons apply, and lesser of 100% of billed charges",14557,,,,,,,Case Rate,". MPL 100/50/25% all add ons apply, and lesser of 100% of billed charges",16383.1,,,,,,,Case Rate,". MPL 100/50/25% all add ons apply, and lesser of 100% of billed charges",14557,,,,,,,Case Rate,". MPL 100/50/25% all add ons apply, and lesser of 100% of billed charges",14557,,,,,,,Case Rate,". MPL 100/50/25% all add ons apply, and lesser of 100% of billed charges",14557,,,,,,,Case Rate,". MPL 100/50/25% all add ons apply, and lesser of 100% of billed charges",32255,,,,,,,Case Rate,". ",32255,,,,,,,Case Rate,". ",13860,,,,,,,Case Rate,198 Percent of Medicare OPPS. Metroplus will reimburse unlisted codes and described codes with no Medicare rate at 50 percent of charges.,4433.33,,,,,,,Case Rate,"100 Percent of Medicaid APG. ",16383.1,,,,,,,Case Rate,". MPL 100/50/25% all add ons apply, and lesser of 100% of billed charges",16716,,,,,,,Case Rate,". MPL 100/50/25% maxmium of 3 procedures. All add ons apply, and lesser of 100% of billed charges",15563,,,,,,,Case Rate,". Primary procedure pays at 100%, secondary at 50%, all subsequent at 25%.  Lesser of applies when negotiated rates exceed charges less addons.",16383.1,,,,,,,Case Rate,". MPL 100/50/25% all add ons apply, and lesser of 100% of billed charges",15563,,,,,,,Case Rate,". Primary procedure pays at 100%, secondary at 50%, all subsequent at 25%.  Lesser of applies when negotiated rates exceed charges less addons.",16383.1,,,,,,,Case Rate,". MPL 100/50/25% all add ons apply, and lesser of 100% of billed charges",14557,,,,,,,Case Rate,". MPL 100/50/25% all add ons apply, and lesser of 100% of billed charges",14557,,,,,,,Case Rate,". MPL 100/50/25% all add ons apply, and lesser of 100% of billed charges",14557,,,,,,,Case Rate,". MPL 100/50/25% all add ons apply, and lesser of 100% of billed charges",14557,,,,,,,Case Rate,". MPL 100/50/25% all add ons apply, and lesser of 100% of billed charges",7000,,,,,,,Case Rate,"100% Medicare OPPS FS. ",2478.14,48669,
69905,CPT,,,490,RC,REMOVE INNER EAR,,,both,,,,15878,,,,,,,Case Rate,". MPL 1st 100% of Payment Rate 50% of all others, all add ons apply, and lesser of 100% of billed charges.",15878,,,,,,,Case Rate,". MPL 1st 100% of Payment Rate 50% of all others, all add ons apply, and lesser of 100% of billed charges.",42546,,,,,,,Case Rate,". Primary procedure pays at 100%, secondary at 50%, all subsequent at 25%.  Lesser of applies when negotiated rates exceed charges less addons.",,100,,,,,0,percent of total billed charges,100 percent of billed charges; No services were performed during the 15 month look back period.,7000,,,,,,,Case Rate,"100% Medicare OPPS FS. ",42546,,,,,,,Case Rate,". Primary procedure pays at 100%, secondary at 50%, all subsequent at 25%.  Lesser of applies when negotiated rates exceed charges less addons.",42546,,,,,,,Case Rate,". Primary procedure pays at 100%, secondary at 50%, all subsequent at 25%.  Lesser of applies when negotiated rates exceed charges less addons.",42546,,,,,,,Case Rate,". Primary procedure pays at 100%, secondary at 50%, all subsequent at 25%.  Lesser of applies when negotiated rates exceed charges less addons.",3737.56,,,,,,,Case Rate,"100 Percent of Medicaid APG. ",3114.63,,,,,,,Case Rate,"100 Percent of Medicaid APG. ",,78,,,,,0,percent of total billed charges,78 percent of billed charges; No services were performed during the 15 month look back period.,16383.1,,,,,,,Case Rate,". MPL 100/50/25% all add ons apply, and lesser of 100% of billed charges",3114.63,,,,,,,Case Rate,"100 Percent of Medicaid APG. ",7000,,,,,,,Case Rate,"100% Medicare OPPS FS. ",16716,,,,,,,Case Rate,". MPL 100/50/25% maxmium of 3 procedures. All add ons apply, and lesser of 100% of billed charges",16716,,,,,,,Case Rate,". MPL 100/50/25% maxmium of 3 procedures. All add ons apply, and lesser of 100% of billed charges",16716,,,,,,,Case Rate,". MPL 100/50/25% maxmium of 3 procedures. All add ons apply, and lesser of 100% of billed charges",16716,,,,,,,Case Rate,". MPL 100/50/25% maxmium of 3 procedures. All add ons apply, and lesser of 100% of billed charges",3114.63,,,,,,,Case rate,124 Percent of Medicaid APG. Covered services not payable under Medicaid Fee Schedules default to a payment of 50 percent of charges.,7000,,,,,,,Case Rate,"100% Medicare OPPS FS. ",3114.63,,,,,,,Case rate,124 Percent of Medicaid APG. Covered services not payable under Medicaid Fee Schedules default to a payment of 50 percent of charges.,,78,,,,,0,percent of total billed charges,78 percent of billed charges; No services were performed during the 15 month look back period.,42546,,,,,,,Case Rate,". Primary procedure pays at 100%, secondary at 50%, all subsequent at 25%.  Lesser of applies when negotiated rates exceed charges less addons.",7000,,,,,,,Case Rate,"100%Medicare OPPS FS. ",37948,,,,,,,Case Rate,". Primary procedure pays at 100%, all subsequent at 50%.",7000,,,,,,,Case Rate,"100%Medicare OPPS FS. ",7000,,,,,,,Case Rate,"100%Medicare OPPS FS. ",,78,,,,,0,percent of total billed charges,78 percent of billed charges; No services were performed during the 15 month look back period.,2478.14,,,,,,,Case Rate,100% of PAS. Lesser of 100% of billed charges applies.,2478.14,,,,,,,Case Rate,100% of PAS. Lesser of 100% of billed charges applies.,3114.63,,,,,,,Case rate,"100 Percent of Medicaid APG. ",3114.63,,,,,,,Case rate,"100 Percent of Medicaid APG. ",37948,,,,,,,Case Rate,". Primary procedure pays at 100%, all subsequent at 50%.",37948,,,,,,,Case Rate,". Primary procedure pays at 100%, all subsequent at 50%.",3114.63,,,,,,,Case Rate,"100 Percent of Medicaid APG. Not APG payable, or payable under another fee schedule like ASP/AWP pays at 30% of charges",37948,,,,,,,Case Rate,". Primary procedure pays at 100%, all subsequent at 50%.",3114.63,,,,,,,Case Rate,"100 Percent of Medicaid APG. Not APG payable, or payable under another fee schedule like ASP/AWP pays at 30% of charges",7000,,,,,,,Case Rate,"100%Medicare OPPS FS. ",37948,,,,,,,Case Rate,". Primary procedure pays at 100%, all subsequent at 50%.",,78,,,,,0,percent of total billed charges,78 percent of billed charges; No services were performed during the 15 month look back period.,3114.63,,,,,,,Case Rate,"100 Percent of Medicaid APG. ",3114.63,,,,,,,Case Rate,"100 Percent of Medicaid APG. ",,78,,,,,0,percent of total billed charges,78 percent of billed charges; No services were performed during the 15 month look back period.,16716,,,,,,,Case Rate,". MPL 100/50/25% maxmium of 3 procedures. All add ons apply, and lesser of 100% of billed charges",14572,,,,,,,Case Rate,". MPL 100/50/25% all add ons apply, and lesser of 100% of billed charges",14572,,,,,,,Case Rate,". MPL 100/50/25% all add ons apply, and lesser of 100% of billed charges",,78,,,,,0,percent of total billed charges,78 percent of billed charges; No services were performed during the 15 month look back period.,7000,,,,,,,Case Rate,"100% Medicare OPPS FS. ",16383.1,,,,,,,Case Rate,". MPL 100/50/25% all add ons apply, and lesser of 100% of billed charges",16383.1,,,,,,,Case Rate,". MPL 100/50/25% all add ons apply, and lesser of 100% of billed charges",16383.1,,,,,,,Case Rate,". MPL 100/50/25% all add ons apply, and lesser of 100% of billed charges",7000,,,,,,,Case Rate,"100% Medicare OPPS FS. ",16383.1,,,,,,,Case Rate,". MPL 100/50/25% all add ons apply, and lesser of 100% of billed charges",16383.1,,,,,,,Case Rate,". MPL 100/50/25% all add ons apply, and lesser of 100% of billed charges",7000,,,,,,,Case Rate,"100% of Medicare OPPS. ",25798,,,,,,,Case Rate,". MPL 100/75/50% all add ons apply, and lesser of 100% of billed charges",14557,,,,,,,Case Rate,". MPL 100/50/25% all add ons apply, and lesser of 100% of billed charges",14557,,,,,,,Case Rate,". MPL 100/50/25% all add ons apply, and lesser of 100% of billed charges",14557,,,,,,,Case Rate,". MPL 100/50/25% all add ons apply, and lesser of 100% of billed charges",14557,,,,,,,Case Rate,". MPL 100/50/25% all add ons apply, and lesser of 100% of billed charges",14557,,,,,,,Case Rate,". MPL 100/50/25% all add ons apply, and lesser of 100% of billed charges",14557,,,,,,,Case Rate,". MPL 100/50/25% all add ons apply, and lesser of 100% of billed charges",7000,,,,,,,Case Rate,"100% Medicare OPPS FS. ",7000,,,,,,,Case Rate,"100% Medicare OPPS FS. ",14557,,,,,,,Case Rate,". MPL 100/50/25% all add ons apply, and lesser of 100% of billed charges",,78,,,,,0,percent of total billed charges,78 percent of billed charges; No services were performed during the 15 month look back period.,,78,,,,,0,percent of total billed charges,78 percent of billed charges; No services were performed during the 15 month look back period.,,78,,,,,0,percent of total billed charges,78 percent of billed charges; No services were performed during the 15 month look back period.,,78,,,,,0,percent of total billed charges,78 percent of billed charges; No services were performed during the 15 month look back period.,,78,,,,,0,percent of total billed charges,78 percent of billed charges; No services were performed during the 15 month look back period.,,78,,,,,0,percent of total billed charges,78 percent of billed charges; No services were performed during the 15 month look back period.,,78,,,,,0,percent of total billed charges,78 percent of billed charges; No services were performed during the 15 month look back period.,,78,,,,,0,percent of total billed charges,78 percent of billed charges; No services were performed during the 15 month look back period.,,78,,,,,0,percent of total billed charges,78 percent of billed charges; No services were performed during the 15 month look back period.,,78,,,,,0,percent of total billed charges,78 percent of billed charges; No services were performed during the 15 month look back period.,,78,,,,,0,percent of total billed charges,78 percent of billed charges; No services were performed during the 15 month look back period.,,78,,,,,0,percent of total billed charges,78 percent of billed charges; No services were performed during the 15 month look back period.,,78,,,,,0,percent of total billed charges,78 percent of billed charges; No services were performed during the 15 month look back period.,,78,,,,,0,percent of total billed charges,78 percent of billed charges; No services were performed during the 15 month look back period.,,78,,,,,0,percent of total billed charges,78 percent of billed charges; No services were performed during the 15 month look back period.,,78,,,,,0,percent of total billed charges,78 percent of billed charges; No services were performed during the 15 month look back period.,,78,,,,,0,percent of total billed charges,78 percent of billed charges; No services were performed during the 15 month look back period.,,78,,,,,0,percent of total billed charges,78 percent of billed charges; No services were performed during the 15 month look back period.,,78,,,,,0,percent of total billed charges,78 percent of billed charges; No services were performed during the 15 month look back period.,,78,,,,,0,percent of total billed charges,78 percent of billed charges; No services were performed during the 15 month look back period.,,78,,,,,0,percent of total billed charges,78 percent of billed charges; No services were performed during the 15 month look back period.,,78,,,,,0,percent of total billed charges,78 percent of billed charges; No services were performed during the 15 month look back period.,,78,,,,,0,percent of total billed charges,78 percent of billed charges; No services were performed during the 15 month look back period.,,78,,,,,0,percent of total billed charges,78 percent of billed charges; No services were performed during the 15 month look back period.,,78,,,,,0,percent of total billed charges,78 percent of billed charges; No services were performed during the 15 month look back period.,,78,,,,,0,percent of total billed charges,78 percent of billed charges; No services were performed during the 15 month look back period.,37948,,,,,,,Case Rate,". Primary procedure pays at 100%, all subsequent at 50%.",37948,,,,,,,Case Rate,". Primary procedure pays at 100%, all subsequent at 50%.",37948,,,,,,,Case Rate,". Primary procedure pays at 100%, all subsequent at 50%.",37948,,,,,,,Case Rate,". Primary procedure pays at 100%, all subsequent at 50%.",48669,,,,,,,Case Rate,". Primary procedure pays at 100%, all subsequent at 50%.",48669,,,,,,,Case Rate,". Primary procedure pays at 100%, all subsequent at 50%.",16716,,,,,,,Case Rate,". MPL 100/50/25% maxmium of 3 procedures. All add ons apply, and lesser of 100% of billed charges",14557,,,,,,,Case Rate,". MPL 100/50/25% all add ons apply, and lesser of 100% of billed charges",16383.1,,,,,,,Case Rate,". MPL 100/50/25% all add ons apply, and lesser of 100% of billed charges",14557,,,,,,,Case Rate,". MPL 100/50/25% all add ons apply, and lesser of 100% of billed charges",,78,,,,,0,percent of total billed charges,78 percent of billed charges; No services were performed during the 15 month look back period.,48669,,,,,,,Case Rate,". Primary procedure pays at 100%, all subsequent at 50%.",14557,,,,,,,Case Rate,". MPL 100/50/25% all add ons apply, and lesser of 100% of billed charges",16383.1,,,,,,,Case Rate,". MPL 100/50/25% all add ons apply, and lesser of 100% of billed charges",16716,,,,,,,Case Rate,". MPL 100/50/25% maxmium of 3 procedures. All add ons apply, and lesser of 100% of billed charges",,,,,,,,,,,78,,,,,0,percent of total billed charges,78 percent of billed charges; No services were performed during the 15 month look back period.,3114.63,,,,,,,Case Rate,"100 Percent of Medicaid APG. ",37948,,,,,,,Case Rate,". Primary procedure pays at 100%, all subsequent at 50%.",3114.63,,,,,,,Case Rate,"100 Percent of Medicaid APG. Not APG payable, or payable under another fee schedule like ASP/AWP pays at 30% of charges",7000,,,,,,,Case Rate,"100%Medicare OPPS FS. ",7000,,,,,,,Case Rate,"100% Medicare OPPS FS. ",25798,,,,,,,Case Rate,". MPL 100/75/50% all add ons apply, and lesser of 100% of billed charges",7000,,,,,,,Case Rate,"100% Medicare OPPS FS. ",7000,,,,,,,Case Rate,"100% Medicare OPPS FS. ",3114.63,,,,,,,Case Rate,"100 Percent of Medicaid APG. ",7000,,,,,,,Case Rate,"100% Medicare OPPS FS. ",7000,,,,,,,Case Rate,"100% Medicare OPPS FS. ",42546,,,,,,,Case Rate,". Primary procedure pays at 100%, secondary at 50%, all subsequent at 25%.  Lesser of applies when negotiated rates exceed charges less addons.",42546,,,,,,,Case Rate,". Primary procedure pays at 100%, secondary at 50%, all subsequent at 25%.  Lesser of applies when negotiated rates exceed charges less addons.",7000,,,,,,,Case Rate,"100% Medicare OPPS FS. ",16716,,,,,,,Case Rate,". MPL 100/50/25% maxmium of 3 procedures. All add ons apply, and lesser of 100% of billed charges",16383.1,,,,,,,Case Rate,". MPL 100/50/25% all add ons apply, and lesser of 100% of billed charges",16383.1,,,,,,,Case Rate,". MPL 100/50/25% all add ons apply, and lesser of 100% of billed charges",7000,,,,,,,Case Rate,"100% Medicare OPPS FS. ",16716,,,,,,,Case Rate,". MPL 100/50/25% maxmium of 3 procedures. All add ons apply, and lesser of 100% of billed charges",42546,,,,,,,Case Rate,". Primary procedure pays at 100%, secondary at 50%, all subsequent at 25%.  Lesser of applies when negotiated rates exceed charges less addons.",42546,,,,,,,Case Rate,". Primary procedure pays at 100%, secondary at 50%, all subsequent at 25%.  Lesser of applies when negotiated rates exceed charges less addons.",42546,,,,,,,Case Rate,". Primary procedure pays at 100%, secondary at 50%, all subsequent at 25%.  Lesser of applies when negotiated rates exceed charges less addons.",,78,,,,,0,percent of total billed charges,78 percent of billed charges; No services were performed during the 15 month look back period.,,78,,,,,0,percent of total billed charges,78 percent of billed charges; No services were performed during the 15 month look back period.,,78,,,,,0,percent of total billed charges,78 percent of billed charges; No services were performed during the 15 month look back period.,,78,,,,,0,percent of total billed charges,78 percent of billed charges; No services were performed during the 15 month look back period.,,78,,,,,0,percent of total billed charges,78 percent of billed charges; No services were performed during the 15 month look back period.,,78,,,,,0,percent of total billed charges,78 percent of billed charges; No services were performed during the 15 month look back period.,,78,,,,,0,percent of total billed charges,78 percent of billed charges; No services were performed during the 15 month look back period.,,78,,,,,0,percent of total billed charges,78 percent of billed charges; No services were performed during the 15 month look back period.,,78,,,,,0,percent of total billed charges,78 percent of billed charges; No services were performed during the 15 month look back period.,,78,,,,,0,percent of total billed charges,78 percent of billed charges; No services were performed during the 15 month look back period.,,78,,,,,0,percent of total billed charges,78 percent of billed charges; No services were performed during the 15 month look back period.,48669,,,,,,,Case Rate,". Primary procedure pays at 100%, all subsequent at 50%.",14557,,,,,,,Case Rate,". MPL 100/50/25% all add ons apply, and lesser of 100% of billed charges",16716,,,,,,,Case Rate,". MPL 100/50/25% maxmium of 3 procedures. All add ons apply, and lesser of 100% of billed charges",7000,,,,,,,Case Rate,"100% Medicare OPPS FS. ",42546,,,,,,,Case Rate,". Primary procedure pays at 100%, secondary at 50%, all subsequent at 25%.  Lesser of applies when negotiated rates exceed charges less addons.",16716,,,,,,,Case Rate,". MPL 100/50/25% maxmium of 3 procedures. All add ons apply, and lesser of 100% of billed charges",16716,,,,,,,Case Rate,". MPL 100/50/25% maxmium of 3 procedures. All add ons apply, and lesser of 100% of billed charges",,78,,,,,0,percent of total billed charges,78 percent of billed charges; No services were performed during the 15 month look back period.,6665.31,,,,,,,Case Rate,"214 Percent of Medicaid APG. Drugs not priced under APG, billed with revenue code 636 and not priced by Medicare ASP FeeSched will be reimbursed at 20% of charges.",16716,,,,,,,Case Rate,". MPL 100/50/25% maxmium of 3 procedures. All add ons apply, and lesser of 100% of billed charges",3114.63,,,,,,,Case Rate,"100 Percent of Medicaid APG. ",7000,,,,,,,Case Rate,"100% Medicare OPPS FS. ",7000,,,,,,,Case Rate,"100% Medicare OPPS FS. ",7000,,,,,,,Case Rate,"100% Medicare OPPS FS. ",7000,,,,,,,Case Rate,"100% Medicare OPPS FS. ",7000,,,,,,,Case Rate,"100% Medicare OPPS FS. ",7000,,,,,,,Case Rate,"100% Medicare OPPS FS. ",16716,,,,,,,Case Rate,". MPL 100/50/25% maxmium of 3 procedures. All add ons apply, and lesser of 100% of billed charges",25798,,,,,,,Case Rate,". MPL 100/75/50% all add ons apply, and lesser of 100% of billed charges",5606.33,,,,,,,Fee Schedule,"180 Percent of Medicaid APG. ",5606.33,,,,,,,Fee Schedule,"180 Percent of Medicaid APG. ",5606.33,,,,,,,Fee Schedule,"180 Percent of Medicaid APG. ",5606.33,,,,,,,Fee Schedule,"180 Percent of Medicaid APG. ",5606.33,,,,,,,Fee Schedule,"180 Percent of Medicaid APG. ",,,,,,,,,,25798,,,,,,,Case Rate,". MPL 100/75/50% all add ons apply, and lesser of 100% of billed charges",13860,,,,,,,Case Rate,198 Percent of Medicare OPPS. Metroplus will reimburse unlisted codes and described codes with no Medicare rate at 50 percent of charges.,13860,,,,,,,Case Rate,198 Percent of Medicare OPPS. Metroplus will reimburse unlisted codes and described codes with no Medicare rate at 50 percent of charges.,13860,,,,,,,Case Rate,198 Percent of Medicare OPPS. Metroplus will reimburse unlisted codes and described codes with no Medicare rate at 50 percent of charges.,13860,,,,,,,Case Rate,198 Percent of Medicare OPPS. Metroplus will reimburse unlisted codes and described codes with no Medicare rate at 50 percent of charges.,13860,,,,,,,Case Rate,198 Percent of Medicare OPPS. Metroplus will reimburse unlisted codes and described codes with no Medicare rate at 50 percent of charges.,7000,,,,,,,Case Rate,"100% Medicare OPPS FS. ",48669,,,,,,,Case Rate,". Primary procedure pays at 100%, all subsequent at 50%.",48669,,,,,,,Case Rate,". Primary procedure pays at 100%, all subsequent at 50%.",48669,,,,,,,Case Rate,". Primary procedure pays at 100%, all subsequent at 50%.",48669,,,,,,,Case Rate,". Primary procedure pays at 100%, all subsequent at 50%.",42546,,,,,,,Case Rate,". Primary procedure pays at 100%, secondary at 50%, all subsequent at 25%.  Lesser of applies when negotiated rates exceed charges less addons.",42546,,,,,,,Case Rate,". Primary procedure pays at 100%, secondary at 50%, all subsequent at 25%.  Lesser of applies when negotiated rates exceed charges less addons.",42546,,,,,,,Case Rate,". Primary procedure pays at 100%, secondary at 50%, all subsequent at 25%.  Lesser of applies when negotiated rates exceed charges less addons.",42546,,,,,,,Case Rate,". Primary procedure pays at 100%, secondary at 50%, all subsequent at 25%.  Lesser of applies when negotiated rates exceed charges less addons.",25798,,,,,,,Case Rate,". MPL 100/75/50% all add ons apply, and lesser of 100% of billed charges",25798,,,,,,,Case Rate,". MPL 100/75/50% all add ons apply, and lesser of 100% of billed charges",7000,,,,,,,Case Rate,"100% Medicare OPPS FS. ",7000,,,,,,,Case Rate,"100% Medicare OPPS FS. ",7000,,,,,,,Case Rate,"100% Medicare OPPS FS. ",14557,,,,,,,Case Rate,". MPL 100/50/25% all add ons apply, and lesser of 100% of billed charges",14557,,,,,,,Case Rate,". MPL 100/50/25% all add ons apply, and lesser of 100% of billed charges",14557,,,,,,,Case Rate,". MPL 100/50/25% all add ons apply, and lesser of 100% of billed charges",25798,,,,,,,Case Rate,". MPL 100/75/50% all add ons apply, and lesser of 100% of billed charges",42546,,,,,,,Case Rate,". Primary procedure pays at 100%, secondary at 50%, all subsequent at 25%.  Lesser of applies when negotiated rates exceed charges less addons.",7000,,,,,,,Case Rate,"100% Medicare OPPS FS. ",14557,,,,,,,Case Rate,". MPL 100/50/25% all add ons apply, and lesser of 100% of billed charges",3114.63,,,,,,,Case Rate,"100 Percent of Medicaid APG. ",7140,,,,,,,Case Rate,"102% of Medicare OPPS. ",7140,,,,,,,Case Rate,"102% of Medicare OPPS. ",7140,,,,,,,Case Rate,"102% of Medicare OPPS. ",3114.63,,,,,,,Case rate,"100 Percent of Medicaid APG. ",7007.92,,,,,,,Case Rate,225% of NYS APG. Lesser of 100% of billed charges applies.,7007.92,,,,,,,Case Rate,225% of NYS APG. Lesser of 100% of billed charges applies.,7007.92,,,,,,,Case Rate,225% of NYS APG. Lesser of 100% of billed charges applies.,7007.92,,,,,,,Case Rate,225% of NYS APG. Lesser of 100% of billed charges applies.,7007.92,,,,,,,Case Rate,225% of NYS APG. Lesser of 100% of billed charges applies.,7140,,,,,,,Case Rate,"102% of Medicare OPPS. ",3114.63,,,,,,,Case Rate,"100 Percent of Medicaid APG. ",2478.14,,,,,,,Case Rate,100% of PAS. Lesser of 100% of billed charges applies.,7007.92,,,,,,,Case Rate,225% of NYS APG. Lesser of 100% of billed charges applies.,7007.92,,,,,,,Case Rate,225% of NYS APG. Lesser of 100% of billed charges applies.,2478.14,,,,,,,Case Rate,100% of PAS. Lesser of 100% of billed charges applies.,2478.14,,,,,,,Case Rate,100% of PAS. Lesser of 100% of billed charges applies.,5606.33,,,,,,,Fee Schedule,"180 Percent of Medicaid APG. ",7000,,,,,,,Case Rate,"100% Medicare OPPS FS. ",7000,,,,,,,Case Rate,"100% Medicare OPPS FS. ",42546,,,,,,,Case Rate,". Primary procedure pays at 100%, secondary at 50%, all subsequent at 25%.  Lesser of applies when negotiated rates exceed charges less addons.",7000,,,,,,,Case Rate,"100% Medicare OPPS FS. ",7007.92,,,,,,,Case Rate,"225 Percent of Medicaid APG. ",7007.92,,,,,,,Case Rate,"225 Percent of Medicaid APG. ",3114.63,,,,,,,Case rate,"100 Percent of Medicaid APG. ",3114.63,,,,,,,Case rate,"100 Percent of Medicaid APG. ",7007.92,,,,,,,Case Rate,225 Percent of Medicaid APG. Covered services not payable under Medicaid Fee Schedules default to a payment of 87.5 percent of charges.,3114.63,,,,,,,Case rate,124 Percent of Medicaid APG. Covered services not payable under Medicaid Fee Schedules default to a payment of 50 percent of charges.,7007.92,,,,,,,Case Rate,"100 Percent of Medicaid APG. ",7007.92,,,,,,,Case Rate,"100 Percent of Medicaid APG. ",7007.92,,,,,,,Case Rate,"100 Percent of Medicaid APG. ",7007.92,,,,,,,Case Rate,"100 Percent of Medicaid APG. ",13453,,,,,,,Case Rate,". MPL 100/75/50% all add ons apply, and lesser of 100% of billed charges",25798,,,,,,,Case Rate,". MPL 100/75/50% all add ons apply, and lesser of 100% of billed charges",3737.56,,,,,,,Case Rate,"120 Percent of Medicaid APG. Not APG payable, or payable under another fee schedule like ASP/AWP pays at 30% of charges",3737.56,,,,,,,Case Rate,"120 Percent of Medicaid APG. Not APG payable, or payable under another fee schedule like ASP/AWP pays at 30% of charges",3114.63,,,,,,,Case Rate,"100 Percent of Medicaid APG. Not APG payable, or payable under another fee schedule like ASP/AWP pays at 30% of charges",3114.63,,,,,,,Case Rate,"100 Percent of Medicaid APG. Not APG payable, or payable under another fee schedule like ASP/AWP pays at 30% of charges",14557,,,,,,,Case Rate,". MPL 100/50/25% all add ons apply, and lesser of 100% of billed charges",14557,,,,,,,Case Rate,". MPL 100/50/25% all add ons apply, and lesser of 100% of billed charges",7000,,,,,,,Case Rate,"100% Medicare OPPS FS. ",14557,,,,,,,Case Rate,". MPL 100/50/25% all add ons apply, and lesser of 100% of billed charges",14557,,,,,,,Case Rate,". MPL 100/50/25% all add ons apply, and lesser of 100% of billed charges",14557,,,,,,,Case Rate,". MPL 100/50/25% all add ons apply, and lesser of 100% of billed charges",14557,,,,,,,Case Rate,". MPL 100/50/25% all add ons apply, and lesser of 100% of billed charges",7000,,,,,,,Case Rate,"100% Medicare OPPS FS. ",14557,,,,,,,Case Rate,". MPL 100/50/25% all add ons apply, and lesser of 100% of billed charges",14557,,,,,,,Case Rate,". MPL 100/50/25% all add ons apply, and lesser of 100% of billed charges",42546,,,,,,,Case Rate,". Primary procedure pays at 100%, secondary at 50%, all subsequent at 25%.  Lesser of applies when negotiated rates exceed charges less addons.",3114.63,,,,,,,Fee Schedule,100% APG. Lesser of 100% of billed charges applies.,3114.63,,,,,,,Case rate,124 Percent of Medicaid APG. Covered services not payable under Medicaid Fee Schedules default to a payment of 50 percent of charges.,7007.92,,,,,,,Case Rate,225% of NYS APG. Lesser of 100% of billed charges applies.,7007.92,,,,,,,Case Rate,225 Percent of Medicaid APG. Covered services not payable under Medicaid Fee Schedules default to a payment of 87.5 percent of charges.,3114.63,,,,,,,Case rate,124 Percent of Medicaid APG. Covered services not payable under Medicaid Fee Schedules default to a payment of 50 percent of charges.,7007.92,,,,,,,Case Rate,225% of NYS APG. Lesser of 100% of billed charges applies.,7007.92,,,,,,,Case Rate,225% of NYS APG. Lesser of 100% of billed charges applies.,7007.92,,,,,,,Case Rate,225% of NYS APG. Lesser of 100% of billed charges applies.,7007.92,,,,,,,Case Rate,225% of NYS APG. Lesser of 100% of billed charges applies.,7007.92,,,,,,,Case Rate,225% of NYS APG. Lesser of 100% of billed charges applies.,7007.92,,,,,,,Case Rate,225% of NYS APG. Lesser of 100% of billed charges applies.,,,,,,,,,,,,,,,,,,,,,,,,,,,,16716,,,,,,,Case Rate,". MPL 100/50/25% maxmium of 3 procedures. All add ons apply, and lesser of 100% of billed charges",,,,,,,,,,7000,,,,,,,Case Rate,"100% Medicare OPPS FS. ",15878,,,,,,,Case Rate,". MPL 1st 100% of Payment Rate 50% of all others, all add ons apply, and lesser of 100% of billed charges.",7000,,,,,,,Case Rate,"100% Medicare OPPS FS. ",7000,,,,,,,Case Rate,"100% Medicare OPPS FS. ",3737.56,,,,,,,Case Rate,"120 Percent of Medicaid APG. Not APG payable, or payable under another fee schedule like ASP/AWP pays at 30% of charges",3737.56,,,,,,,Case Rate,"120 Percent of Medicaid APG. Not APG payable, or payable under another fee schedule like ASP/AWP pays at 30% of charges",3114.63,,,,,,,Case Rate,"100 Percent of Medicaid APG. Not APG payable, or payable under another fee schedule like ASP/AWP pays at 30% of charges",3114.63,,,,,,,Case Rate,"100 Percent of Medicaid APG. Not APG payable, or payable under another fee schedule like ASP/AWP pays at 30% of charges",3114.63,,,,,,,Case Rate,"100 Percent of Medicaid APG. ",32255,,,,,,,Case Rate,". ",42546,,,,,,,Case Rate,". Primary procedure pays at 100%, secondary at 50%, all subsequent at 25%.  Lesser of applies when negotiated rates exceed charges less addons.",37948,,,,,,,Case Rate,". Primary procedure pays at 100%, all subsequent at 50%.",16716,,,,,,,Case Rate,". MPL 100/50/25% maxmium of 3 procedures. All add ons apply, and lesser of 100% of billed charges",7000,,,,,,,Case Rate,"100%Medicare OPPS FS. ",7000,,,,,,,Case Rate,"100% Medicare OPPS FS. ",7000,,,,,,,Case Rate,"100% Medicare OPPS FS. ",7000,,,,,,,Case Rate,"100% Medicare OPPS FS. ",7000,,,,,,,Case Rate,"100%Medicare OPPS FS. ",7000,,,,,,,Case Rate,"100% Medicare OPPS FS. ",,,,,,,,,,7007.92,,,,,,,Case Rate,225% of NYS APG. Lesser of 100% of billed charges applies.,2478.14,,,,,,,Case Rate,100% of PAS. Lesser of 100% of billed charges applies.,14557,,,,,,,Case Rate,". MPL 100/50/25% all add ons apply, and lesser of 100% of billed charges",32255,,,,,,,Case Rate,". ",32255,,,,,,,Case Rate,". ",32255,,,,,,,Case Rate,". ",32255,,,,,,,Case Rate,". ",7000,,,,,,,Case Rate,"100% Medicare OPPS FS. ",3114.63,,,,,,,Case Rate,"100 Percent of Medicaid APG. ",14557,,,,,,,Case Rate,". MPL 100/50/25% all add ons apply, and lesser of 100% of billed charges",3114.63,,,,,,,Case Rate,"100 Percent of Medicaid APG. ",7000,,,,,,,Case Rate,"100% Medicare OPPS FS. ",3114.63,,,,,,,Case Rate,"100 Percent of Medicaid APG. ",7000,,,,,,,Case Rate,"100% Medicare OPPS FS. ",7000,,,,,,,Case Rate,"100% Medicare OPPS FS. ",3114.63,,,,,,,Case Rate,"100 Percent of Medicaid APG. ",3114.63,,,,,,,Case Rate,"100 Percent of Medicaid APG. ",32255,,,,,,,Case Rate,". ",16716,,,,,,,Case Rate,". MPL 100/50/25% maxmium of 3 procedures. All add ons apply, and lesser of 100% of billed charges",,78,,,,,0,percent of total billed charges,78 percent of billed charges; No services were performed during the 15 month look back period.,16383.1,,,,,,,Case Rate,". MPL 100/50/25% all add ons apply, and lesser of 100% of billed charges",16383.1,,,,,,,Case Rate,". MPL 100/50/25% all add ons apply, and lesser of 100% of billed charges",42546,,,,,,,Case Rate,". Primary procedure pays at 100%, secondary at 50%, all subsequent at 25%.  Lesser of applies when negotiated rates exceed charges less addons.",2801.32,,,,,,,Case Rate,"83% HF Fee schedule. ",48669,,,,,,,Case Rate,". Primary procedure pays at 100%, all subsequent at 50%.",48669,,,,,,,Case Rate,". Primary procedure pays at 100%, all subsequent at 50%.",11646,,,,,,,Case Rate,". MPL 100/50/25% all add ons apply, and lesser of 100% of billed charges",11646,,,,,,,Case Rate,". MPL 100/50/25% all add ons apply, and lesser of 100% of billed charges",7000,,,,,,,Case Rate,"100% Medicare OPPS FS. ",7000,,,,,,,Case Rate,"100% Medicare OPPS FS. ",7000,,,,,,,Case Rate,"100% Medicare OPPS FS. ",7000,,,,,,,Case Rate,"100% Medicare OPPS FS. ",16383.1,,,,,,,Case Rate,". MPL 100/50/25% all add ons apply, and lesser of 100% of billed charges",14557,,,,,,,Case Rate,". MPL 100/50/25% all add ons apply, and lesser of 100% of billed charges",14557,,,,,,,Case Rate,". MPL 100/50/25% all add ons apply, and lesser of 100% of billed charges",7000,,,,,,,Case Rate,"100% Medicare OPPS FS. ",11646,,,,,,,Case Rate,". MPL 100/50/25% all add ons apply, and lesser of 100% of billed charges",37948,,,,,,,Case Rate,". Primary procedure pays at 100%, all subsequent at 50%.",3737.56,,,,,,,Fee Schedule,"120 Percent of Medicaid APG. ",3114.63,,,,,,,Case Rate,"100 Percent of Medicaid APG. ",32255,,,,,,,Case Rate,". ",13101,,,,,,,Case Rate,". MPL 100/50/25% all add ons apply, and lesser of 100% of billed charges",13101,,,,,,,Case Rate,". MPL 100/50/25% all add ons apply, and lesser of 100% of billed charges",14557,,,,,,,Case Rate,". MPL 100/50/25% all add ons apply, and lesser of 100% of billed charges",14948,,,,,,,Case Rate,". MPL 100/75/50% all add ons apply, and lesser of 100% of billed charges",7000,,,,,,,Case Rate,"100%Medicare OPPS FS. ",3270.36,,,,,,,Fee Schedule,105 percent of Medicaid APG. otherwise 105% of Ordered NYS MCD FS or 105% of ASP+6%,3270.36,,,,,,,Fee Schedule,105 percent of Medicaid APG. otherwise 105% of Ordered NYS MCD FS or 105% of ASP+6%,3270.36,,,,,,,Fee Schedule,105 percent of Medicaid APG. otherwise 105% of Ordered NYS MCD FS or 105% of ASP+6%,4204.75,,,,,,,Fee Schedule,135 percent of Medicaid APG. otherwise 135% of Ordered NYS MCD FS or 135% of ASP+6%,16383.1,,,,,,,Case Rate,". MPL 100/50/25% all add ons apply, and lesser of 100% of billed charges",3270.36,,,,,,,Fee Schedule,105 percent of Medicaid APG. otherwise 105% of Ordered NYS MCD FS or 105% of ASP+6%,3270.36,,,,,,,Fee Schedule,105 percent of Medicaid APG. otherwise 105% of Ordered NYS MCD FS or 105% of ASP+6%,3270.36,,,,,,,Fee Schedule,105 percent of Medicaid APG. otherwise 105% of Ordered NYS MCD FS or 105% of ASP+6%,3270.36,,,,,,,Fee Schedule,105 percent of Medicaid APG. otherwise 105% of Ordered NYS MCD FS or 105% of ASP+6%,3270.36,,,,,,,Fee Schedule,105 percent of Medicaid APG. otherwise 105% of Ordered NYS MCD FS or 105% of ASP+6%,4204.75,,,,,,,Fee Schedule,135 percent of Medicaid APG. otherwise 135% of Ordered NYS MCD FS or 135% of ASP+6%,4204.75,,,,,,,Fee Schedule,135 percent of Medicaid APG. otherwise 135% of Ordered NYS MCD FS or 135% of ASP+6%,7000,,,,,,,Case Rate,"100% Medicare OPPS FS. ",16383.1,,,,,,,Case Rate,". MPL 100/50/25% all add ons apply, and lesser of 100% of billed charges",7000,,,,,,,Case Rate,"100% Medicare OPPS FS. ",3270.36,,,,,,,Fee Schedule,105 percent of Medicaid APG. otherwise 105% of Ordered NYS MCD FS or 105% of ASP+6%,14557,,,,,,,Case Rate,". MPL 100/50/25% all add ons apply, and lesser of 100% of billed charges",7000,,,,,,,Case Rate,"100% Medicare OPPS FS. ",14557,,,,,,,Case Rate,". MPL 100/50/25% all add ons apply, and lesser of 100% of billed charges",14557,,,,,,,Case Rate,". MPL 100/50/25% all add ons apply, and lesser of 100% of billed charges",14557,,,,,,,Case Rate,". MPL 100/50/25% all add ons apply, and lesser of 100% of billed charges",3270.36,,,,,,,Fee Schedule,105 percent of Medicaid APG. otherwise 105% of Ordered NYS MCD FS or 105% of ASP+6%,7000,,,,,,,Case Rate,"100% Medicare OPPS FS. ",14557,,,,,,,Case Rate,". MPL 100/50/25% all add ons apply, and lesser of 100% of billed charges",4204.75,,,,,,,Fee Schedule,135 percent of Medicaid APG. otherwise 135% of Ordered NYS MCD FS or 135% of ASP+6%,14557,,,,,,,Case Rate,". MPL 100/50/25% all add ons apply, and lesser of 100% of billed charges",,200,,,,,0,Case Rate,200% of Medicare OPPS. ; No services were performed during the 15 month look back period.,7000,,,,,,,Case Rate,"100%Medicare OPPS FS. ",32255,,,,,,,Case Rate,". ",32255,,,,,,,Case Rate,". ",32255,,,,,,,Case Rate,". ",32255,,,,,,,Case Rate,". ",32255,,,,,,,Case Rate,". ",37948,,,,,,,Case Rate,". Primary procedure pays at 100%, all subsequent at 50%.",37948,,,,,,,Case Rate,". Primary procedure pays at 100%, all subsequent at 50%.",32255,,,,,,,Case Rate,". ",32255,,,,,,,Case Rate,". ",32255,,,,,,,Case Rate,". ",32255,,,,,,,Case Rate,". ",32255,,,,,,,Case Rate,". ",7000,,,,,,,Case Rate,"100% Medicare OPPS FS. ",37948,,,,,,,Case Rate,". Primary procedure pays at 100%, all subsequent at 50%.",7000,,,,,,,Case Rate,"100% Medicare OPPS FS. ",7007.92,,,,,,,Case Rate,"225 Percent of Medicaid APG. If not included in Medicaid APG, then 100 Percent of Manhattan Medicare",3114.63,,,,,,,Case Rate,"100 Percent of Medicaid APG. ",16383.1,,,,,,,Case Rate,". MPL 100/50/25% all add ons apply, and lesser of 100% of billed charges",16383.1,,,,,,,Case Rate,". MPL 100/50/25% all add ons apply, and lesser of 100% of billed charges",7000,,,,,,,Case Rate,"100% Medicare OPPS FS. ",48669,,,,,,,Case Rate,". Primary procedure pays at 100%, all subsequent at 50%.",7000,,,,,,,Case Rate,"100% Medicare OPPS FS. ",7000,,,,,,,Case Rate,"100% Medicare OPPS FS. ",42546,,,,,,,Case Rate,". Primary procedure pays at 100%, secondary at 50%, all subsequent at 25%.  Lesser of applies when negotiated rates exceed charges less addons.",7000,,,,,,,Case Rate,"100% Medicare OPPS FS. ",16716,,,,,,,Case Rate,". MPL 100/50/25% maxmium of 3 procedures. All add ons apply, and lesser of 100% of billed charges",7000,,,,,,,Case Rate,"100% Medicare OPPS FS. ",16716,,,,,,,Case Rate,". MPL 100/50/25% maxmium of 3 procedures. All add ons apply, and lesser of 100% of billed charges",42546,,,,,,,Case Rate,". Primary procedure pays at 100%, secondary at 50%, all subsequent at 25%.  Lesser of applies when negotiated rates exceed charges less addons.",16716,,,,,,,Case Rate,". MPL 100/50/25% maxmium of 3 procedures. All add ons apply, and lesser of 100% of billed charges",7000,,,,,,,Case Rate,"100% Medicare OPPS FS. ",3114.63,,,,,,,Case Rate,"100 Percent of Medicaid APG. ",7000,,,,,,,Case Rate,"100% Medicare OPPS FS. ",16716,,,,,,,Case Rate,". MPL 100/50/25% maxmium of 3 procedures. All add ons apply, and lesser of 100% of billed charges",16383.1,,,,,,,Case Rate,". MPL 100/50/25% all add ons apply, and lesser of 100% of billed charges",3114.63,,,,,,,Case Rate,"100 Percent of Medicaid APG. ",14557,,,,,,,Case Rate,". MPL 100/50/25% all add ons apply, and lesser of 100% of billed charges",3737.56,,,,,,,Fee Schedule,"120 Percent of Medicaid APG. ",3737.56,,,,,,,Fee Schedule,"120 Percent of Medicaid APG. ",14557,,,,,,,Case Rate,". MPL 100/50/25% all add ons apply, and lesser of 100% of billed charges",14557,,,,,,,Case Rate,". MPL 100/50/25% all add ons apply, and lesser of 100% of billed charges",14557,,,,,,,Case Rate,". MPL 100/50/25% all add ons apply, and lesser of 100% of billed charges",16383.1,,,,,,,Case Rate,". MPL 100/50/25% all add ons apply, and lesser of 100% of billed charges",14557,,,,,,,Case Rate,". MPL 100/50/25% all add ons apply, and lesser of 100% of billed charges",14557,,,,,,,Case Rate,". MPL 100/50/25% all add ons apply, and lesser of 100% of billed charges",14557,,,,,,,Case Rate,". MPL 100/50/25% all add ons apply, and lesser of 100% of billed charges",32255,,,,,,,Case Rate,". ",32255,,,,,,,Case Rate,". ",13860,,,,,,,Case Rate,198 Percent of Medicare OPPS. Metroplus will reimburse unlisted codes and described codes with no Medicare rate at 50 percent of charges.,3114.63,,,,,,,Case Rate,"100 Percent of Medicaid APG. ",16383.1,,,,,,,Case Rate,". MPL 100/50/25% all add ons apply, and lesser of 100% of billed charges",16716,,,,,,,Case Rate,". MPL 100/50/25% maxmium of 3 procedures. All add ons apply, and lesser of 100% of billed charges",42546,,,,,,,Case Rate,". Primary procedure pays at 100%, secondary at 50%, all subsequent at 25%.  Lesser of applies when negotiated rates exceed charges less addons.",16383.1,,,,,,,Case Rate,". MPL 100/50/25% all add ons apply, and lesser of 100% of billed charges",42546,,,,,,,Case Rate,". Primary procedure pays at 100%, secondary at 50%, all subsequent at 25%.  Lesser of applies when negotiated rates exceed charges less addons.",16383.1,,,,,,,Case Rate,". MPL 100/50/25% all add ons apply, and lesser of 100% of billed charges",14557,,,,,,,Case Rate,". MPL 100/50/25% all add ons apply, and lesser of 100% of billed charges",14557,,,,,,,Case Rate,". MPL 100/50/25% all add ons apply, and lesser of 100% of billed charges",14557,,,,,,,Case Rate,". MPL 100/50/25% all add ons apply, and lesser of 100% of billed charges",14557,,,,,,,Case Rate,". MPL 100/50/25% all add ons apply, and lesser of 100% of billed charges",7000,,,,,,,Case Rate,"100% Medicare OPPS FS. ",2478.14,48669,
70030,CPT,2022583,LOCAL,320,RC,HC XR EYE/FOR.BODY,184.75,35.1025,both,,,,22,,,,,,,Fee Schedule,"100 % 1199 Fee Schedule. ",22,,,,,,,Fee Schedule,"100 % 1199 Fee Schedule. ",138.73,,,,,,,Fee Schedule,"501.011195377392 % Medicare Physician FS TC Rates Only. ",184.75,100,,,,,0,percent of total billed charges,100 percent of billed charges. ; No services were performed during the 15 month look back period.,104.19,,,,,,,Case Rate,"100% Medicare OPPS FS. ",138.73,,,,,,,Fee Schedule,"501.011195377392 % Medicare Physician FS TC Rates Only. ",138.73,,,,,,,Fee Schedule,"501.011195377392 % Medicare Physician FS TC Rates Only. ",138.73,,,,,,,Fee Schedule,"501.011195377392 % Medicare Physician FS TC Rates Only. ",114.25,,,,,,,Case Rate,"100 Percent of Medicaid APG. ",95.21,,,,,,,Case Rate,"100 Percent of Medicaid APG. ",144.105,78,,,,,0,percent of total billed charges,78% of Billed Charges. Lesser of 100% of billed charges applies.; No services were performed during the 15 month look back period.,225.93,,,,,,,Other,. Paid once per unit per revenue code and lesser of 100% of billed charges.,95.21,,,,,,,Case Rate,"100 Percent of Medicaid APG. ",104.19,,,,,,,Case Rate,"100% Medicare OPPS FS. ",58.8,,,,,,,Fee Schedule,"250 % 2018 Cigna RBRVS fee schedule. ",58.8,,,,,,,Fee Schedule,"250 % 2018 Cigna RBRVS fee schedule. ",58.8,,,,,,,Fee Schedule,"250 % 2018 Cigna RBRVS fee schedule. ",58.8,,,,,,,Fee Schedule,"250 % 2018 Cigna RBRVS fee schedule. ",25.71,,,,,,,Fee schedule,90 Percent of Medicare RBRVS. Covered services not payable under Medicaid Fee Schedules default to a payment of 50 percent of charges.,104.19,,,,,,,Case Rate,"100% Medicare OPPS FS. ",25.71,,,,,,,Fee schedule,90 Percent of Medicare RBRVS. Covered services not payable under Medicaid Fee Schedules default to a payment of 50 percent of charges.,144.105,78,,,,,0,percent of total billed charges,78% of Billed Charges. Lesser of 100% of billed charges applies.; No services were performed during the 15 month look back period.,138.73,,,,,,,Fee Schedule,"501.011195377392 % Medicare Physician FS TC Rates Only. ",104.19,,,,,,,Case Rate,"100%Medicare OPPS FS. ",70.61,,,,,,,Fee Schedule,"255 % Medicare RBRVS. ",104.19,,,,,,,Case Rate,"100%Medicare OPPS FS. ",104.19,,,,,,,Case Rate,"100%Medicare OPPS FS. ",144.105,78,,,,,0,percent of total billed charges,78% of Billed Charges. Lesser of 100% of billed charges applies.; No services were performed during the 15 month look back period.,24.41,,,,,,,Case Rate,100% of PAS. Lesser of 100% of billed charges applies.,24.41,,,,,,,Case Rate,100% of PAS. Lesser of 100% of billed charges applies.,25.71,,,,,,,Fee schedule,"90 Percent of Medicare RBRVS. ",25.71,,,,,,,Fee schedule,"90 Percent of Medicare RBRVS. ",70.61,,,,,,,Fee Schedule,"255 % Medicare RBRVS. ",70.61,,,,,,,Fee Schedule,"255 % Medicare RBRVS. ",95.21,,,,,,,Case Rate,"100 Percent of Medicaid APG. Not APG payable, or payable under another fee schedule like ASP/AWP pays at 30% of charges",70.61,,,,,,,Fee Schedule,"255 % Medicare RBRVS. ",95.21,,,,,,,Case Rate,"100 Percent of Medicaid APG. Not APG payable, or payable under another fee schedule like ASP/AWP pays at 30% of charges",104.19,,,,,,,Case Rate,"100%Medicare OPPS FS. ",70.61,,,,,,,Fee Schedule,"255 % Medicare RBRVS. ",144.105,78,,,,,0,percent of total billed charges,78% of Billed Charges. Lesser of 100% of billed charges applies.; No services were performed during the 15 month look back period.,95.21,,,,,,,Case Rate,"100 Percent of Medicaid APG. If not priced under APG, then Metroplus FeeSched",95.21,,,,,,,Case Rate,"100 Percent of Medicaid APG. If not priced under APG, then Metroplus FeeSched",144.105,78,,,,,0,percent of total billed charges,78% of Billed Charges. Lesser of 100% of billed charges applies.; No services were performed during the 15 month look back period.,58.8,,,,,,,Fee Schedule,"250 % 2018 Cigna RBRVS fee schedule. ",223,,,,,,,Other,. Paid once per unit per revenue code and lesser of 100% of billed charges.,223,,,,,,,Other,. Paid once per unit per revenue code and lesser of 100% of billed charges.,144.105,78,,,,,0,percent of total billed charges,78% of Billed Charges. Lesser of 100% of billed charges applies.; No services were performed during the 15 month look back period.,104.19,,,,,,,Case Rate,"100% Medicare OPPS FS. ",225.93,,,,,,,Other,. Paid once per unit per revenue code and lesser of 100% of billed charges.,225.93,,,,,,,Other,. Paid once per unit per revenue code and lesser of 100% of billed charges.,225.93,,,,,,,Other,. Paid once per unit per revenue code and lesser of 100% of billed charges.,104.19,,,,,,,Case Rate,"100% Medicare OPPS FS. ",225.93,,,,,,,Other,. Paid once per unit per revenue code and lesser of 100% of billed charges.,225.93,,,,,,,Other,. Paid once per unit per revenue code and lesser of 100% of billed charges.,104.19,,,,,,,Case Rate,"100% of Medicare OPPS. ",92.375,50,,,,,0,percent of total billed charges,50 percent of billed charges; No services were performed during the 15 month look back period.,192.1,,,,,,,Fee Schedule,"758.1 % 2013 Manhattan Medicare. ",192.1,,,,,,,Fee Schedule,"758.1 % 2013 Manhattan Medicare. ",192.1,,,,,,,Fee Schedule,"758.1 % 2013 Manhattan Medicare. ",192.1,,,,,,,Fee Schedule,"758.1 % 2013 Manhattan Medicare. ",192.1,,,,,,,Fee Schedule,"758.1 % 2013 Manhattan Medicare. ",192.1,,,,,,,Fee Schedule,"758.1 % 2013 Manhattan Medicare. ",104.19,,,,,,,Case Rate,"100% Medicare OPPS FS. ",104.19,,,,,,,Case Rate,"100% Medicare OPPS FS. ",192.1,,,,,,,Fee Schedule,"758.1 % 2013 Manhattan Medicare. ",144.105,78,,,,,0,percent of total billed charges,78% of Billed Charges. Lesser of 100% of billed charges applies.; No services were performed during the 15 month look back period.,144.105,78,,,,,0,percent of total billed charges,78% of Billed Charges. Lesser of 100% of billed charges applies.; No services were performed during the 15 month look back period.,144.105,78,,,,,0,percent of total billed charges,78% of Billed Charges. Lesser of 100% of billed charges applies.; No services were performed during the 15 month look back period.,144.105,78,,,,,0,percent of total billed charges,78% of Billed Charges. Lesser of 100% of billed charges applies.; No services were performed during the 15 month look back period.,144.105,78,,,,,0,percent of total billed charges,78% of Billed Charges. Lesser of 100% of billed charges applies.; No services were performed during the 15 month look back period.,144.105,78,,,,,0,percent of total billed charges,78% of Billed Charges. Lesser of 100% of billed charges applies.; No services were performed during the 15 month look back period.,144.105,78,,,,,0,percent of total billed charges,78% of Billed Charges. Lesser of 100% of billed charges applies.; No services were performed during the 15 month look back period.,144.105,78,,,,,0,percent of total billed charges,78% of Billed Charges. Lesser of 100% of billed charges applies.; No services were performed during the 15 month look back period.,144.105,78,,,,,0,percent of total billed charges,78% of Billed Charges. Lesser of 100% of billed charges applies.; No services were performed during the 15 month look back period.,144.105,78,,,,,0,percent of total billed charges,78% of Billed Charges. Lesser of 100% of billed charges applies.; No services were performed during the 15 month look back period.,144.105,78,,,,,0,percent of total billed charges,78% of Billed Charges. Lesser of 100% of billed charges applies.; No services were performed during the 15 month look back period.,144.105,78,,,,,0,percent of total billed charges,78% of Billed Charges. Lesser of 100% of billed charges applies.; No services were performed during the 15 month look back period.,144.105,78,,,,,0,percent of total billed charges,78% of Billed Charges. Lesser of 100% of billed charges applies.; No services were performed during the 15 month look back period.,144.105,78,,,,,0,percent of total billed charges,78% of Billed Charges. Lesser of 100% of billed charges applies.; No services were performed during the 15 month look back period.,144.105,78,,,,,0,percent of total billed charges,78% of Billed Charges. Lesser of 100% of billed charges applies.; No services were performed during the 15 month look back period.,144.105,78,,,,,0,percent of total billed charges,78% of Billed Charges. Lesser of 100% of billed charges applies.; No services were performed during the 15 month look back period.,144.105,78,,,,,0,percent of total billed charges,78% of Billed Charges. Lesser of 100% of billed charges applies.; No services were performed during the 15 month look back period.,144.105,78,,,,,0,percent of total billed charges,78% of Billed Charges. Lesser of 100% of billed charges applies.; No services were performed during the 15 month look back period.,144.105,78,,,,,0,percent of total billed charges,78% of Billed Charges. Lesser of 100% of billed charges applies.; No services were performed during the 15 month look back period.,144.105,78,,,,,0,percent of total billed charges,78% of Billed Charges. Lesser of 100% of billed charges applies.; No services were performed during the 15 month look back period.,144.105,78,,,,,0,percent of total billed charges,78% of Billed Charges. Lesser of 100% of billed charges applies.; No services were performed during the 15 month look back period.,144.105,78,,,,,0,percent of total billed charges,78% of Billed Charges. Lesser of 100% of billed charges applies.; No services were performed during the 15 month look back period.,144.105,78,,,,,0,percent of total billed charges,78% of Billed Charges. Lesser of 100% of billed charges applies.; No services were performed during the 15 month look back period.,144.105,78,,,,,0,percent of total billed charges,78% of Billed Charges. Lesser of 100% of billed charges applies.; No services were performed during the 15 month look back period.,144.105,78,,,,,0,percent of total billed charges,78% of Billed Charges. Lesser of 100% of billed charges applies.; No services were performed during the 15 month look back period.,144.105,78,,,,,0,percent of total billed charges,78% of Billed Charges. Lesser of 100% of billed charges applies.; No services were performed during the 15 month look back period.,70.61,,,,,,,Fee Schedule,"255 % Medicare RBRVS. ",70.61,,,,,,,Fee Schedule,"255 % Medicare RBRVS. ",70.61,,,,,,,Fee Schedule,"255 % Medicare RBRVS. ",70.61,,,,,,,Fee Schedule,"255 % Medicare RBRVS. ",53.44,,,,,,,Fee Schedule,"193 % Medicare RBRVS. ",53.44,,,,,,,Fee Schedule,"193 % Medicare RBRVS. ",58.8,,,,,,,Fee Schedule,"250 % 2018 Cigna RBRVS fee schedule. ",192.1,,,,,,,Fee Schedule,"758.1 % 2013 Manhattan Medicare. ",225.93,,,,,,,Other,. Paid once per unit per revenue code and lesser of 100% of billed charges.,192.1,,,,,,,Fee Schedule,"758.1 % 2013 Manhattan Medicare. ",144.105,78,,,,,0,percent of total billed charges,78% of Billed Charges. Lesser of 100% of billed charges applies.; No services were performed during the 15 month look back period.,53.44,,,,,,,Fee Schedule,"193 % Medicare RBRVS. ",192.1,,,,,,,Fee Schedule,"758.1 % 2013 Manhattan Medicare. ",225.93,,,,,,,Other,. Paid once per unit per revenue code and lesser of 100% of billed charges.,58.8,,,,,,,Fee Schedule,"250 % 2018 Cigna RBRVS fee schedule. ",,,,,,,,,"NA. ",144.105,78,,,,,0,percent of total billed charges,78% of Billed Charges. Lesser of 100% of billed charges applies.; No services were performed during the 15 month look back period.,95.21,,,,,,,Case Rate,"100 Percent of Medicaid APG. ",70.61,,,,,,,Fee Schedule,"255 % Medicare RBRVS. ",95.21,,,,,,,Case Rate,"100 Percent of Medicaid APG. Not APG payable, or payable under another fee schedule like ASP/AWP pays at 30% of charges",104.19,,,,,,,Case Rate,"100%Medicare OPPS FS. ",104.19,,,,,,,Case Rate,"100% Medicare OPPS FS. ",92.375,50,,,,,0,percent of total billed charges,50 percent of billed charges; No services were performed during the 15 month look back period.,104.19,,,,,,,Case Rate,"100% Medicare OPPS FS. ",104.19,,,,,,,Case Rate,"100% Medicare OPPS FS. ",95.21,,,,,,,Case Rate,"100 Percent of Medicaid APG. ",104.19,,,,,,,Case Rate,"100% Medicare OPPS FS. ",104.19,,,,,,,Case Rate,"100% Medicare OPPS FS. ",138.73,,,,,,,Fee Schedule,"501.011195377392 % Medicare Physician FS TC Rates Only. ",138.73,,,,,,,Fee Schedule,"501.011195377392 % Medicare Physician FS TC Rates Only. ",104.19,,,,,,,Case Rate,"100% Medicare OPPS FS. ",58.8,,,,,,,Fee Schedule,"250 % 2018 Cigna RBRVS fee schedule. ",225.93,,,,,,,Other,. Paid once per unit per revenue code and lesser of 100% of billed charges.,225.93,,,,,,,Other,. Paid once per unit per revenue code and lesser of 100% of billed charges.,104.19,,,,,,,Case Rate,"100% Medicare OPPS FS. ",58.8,,,,,,,Fee Schedule,"250 % 2018 Cigna RBRVS fee schedule. ",138.73,,,,,,,Fee Schedule,"501.011195377392 % Medicare Physician FS TC Rates Only. ",138.73,,,,,,,Fee Schedule,"501.011195377392 % Medicare Physician FS TC Rates Only. ",138.73,,,,,,,Fee Schedule,"501.011195377392 % Medicare Physician FS TC Rates Only. ",144.105,78,,,,,0,percent of total billed charges,78% of Billed Charges. Lesser of 100% of billed charges applies.; No services were performed during the 15 month look back period.,144.105,78,,,,,0,percent of total billed charges,78% of Billed Charges. Lesser of 100% of billed charges applies.; No services were performed during the 15 month look back period.,144.105,78,,,,,0,percent of total billed charges,78% of Billed Charges. Lesser of 100% of billed charges applies.; No services were performed during the 15 month look back period.,144.105,78,,,,,0,percent of total billed charges,78% of Billed Charges. Lesser of 100% of billed charges applies.; No services were performed during the 15 month look back period.,144.105,78,,,,,0,percent of total billed charges,78% of Billed Charges. Lesser of 100% of billed charges applies.; No services were performed during the 15 month look back period.,144.105,78,,,,,0,percent of total billed charges,78% of Billed Charges. Lesser of 100% of billed charges applies.; No services were performed during the 15 month look back period.,144.105,78,,,,,0,percent of total billed charges,78% of Billed Charges. Lesser of 100% of billed charges applies.; No services were performed during the 15 month look back period.,144.105,78,,,,,0,percent of total billed charges,78% of Billed Charges. Lesser of 100% of billed charges applies.; No services were performed during the 15 month look back period.,144.105,78,,,,,0,percent of total billed charges,78% of Billed Charges. Lesser of 100% of billed charges applies.; No services were performed during the 15 month look back period.,144.105,78,,,,,0,percent of total billed charges,78% of Billed Charges. Lesser of 100% of billed charges applies.; No services were performed during the 15 month look back period.,144.105,78,,,,,0,percent of total billed charges,78% of Billed Charges. Lesser of 100% of billed charges applies.; No services were performed during the 15 month look back period.,53.44,,,,,,,Fee Schedule,"193 % Medicare RBRVS. ",192.1,,,,,,,Fee Schedule,"758.1 % 2013 Manhattan Medicare. ",58.8,,,,,,,Fee Schedule,"250 % 2018 Cigna RBRVS fee schedule. ",104.19,,,,,,,Case Rate,"100% Medicare OPPS FS. ",138.73,,,,,,,Fee Schedule,"501.011195377392 % Medicare Physician FS TC Rates Only. ",58.8,,,,,,,Fee Schedule,"250 % 2018 Cigna RBRVS fee schedule. ",58.8,,,,,,,Fee Schedule,"250 % 2018 Cigna RBRVS fee schedule. ",144.105,78,,,,,0,percent of total billed charges,78% of Billed Charges. Lesser of 100% of billed charges applies.; No services were performed during the 15 month look back period.,203.74,,,,,,,Case Rate,"141 Percent of current Medicare RBRVS FeeSched. ",58.8,,,,,,,Fee Schedule,"250 % 2018 Cigna RBRVS fee schedule. ",95.21,,,,,,,Case Rate,"100 Percent of Medicaid APG. ",104.19,,,,,,,Case Rate,"100% Medicare OPPS FS. ",104.19,,,,,,,Case Rate,"100% Medicare OPPS FS. ",104.19,,,,,,,Case Rate,"100% Medicare OPPS FS. ",104.19,,,,,,,Case Rate,"100% Medicare OPPS FS. ",104.19,,,,,,,Case Rate,"100% Medicare OPPS FS. ",104.19,,,,,,,Case Rate,"100% Medicare OPPS FS. ",58.8,,,,,,,Fee Schedule,"250 % 2018 Cigna RBRVS fee schedule. ",92.375,50,,,,,0,percent of total billed charges,50 percent of billed charges; No services were performed during the 15 month look back period.,45.71,,,,,,,Fee Schedule,"160 Percent of Medicare RBRVS. ",45.71,,,,,,,Fee Schedule,"160 Percent of Medicare RBRVS. ",45.71,,,,,,,Fee Schedule,"160 Percent of Medicare RBRVS. ",45.71,,,,,,,Fee Schedule,"160 Percent of Medicare RBRVS. ",45.71,,,,,,,Fee Schedule,"160 Percent of Medicare RBRVS. ",,,,,,,,,"NA. ",92.375,50,,,,,0,percent of total billed charges,50 percent of billed charges; No services were performed during the 15 month look back period.,206.3,,,,,,,Case Rate,198 Percent of Medicare OPPS. Metroplus will reimburse unlisted codes and described codes with no Medicare rate at 50 percent of charges.,206.3,,,,,,,Case Rate,198 Percent of Medicare OPPS. Metroplus will reimburse unlisted codes and described codes with no Medicare rate at 50 percent of charges.,206.3,,,,,,,Case Rate,198 Percent of Medicare OPPS. Metroplus will reimburse unlisted codes and described codes with no Medicare rate at 50 percent of charges.,206.3,,,,,,,Case Rate,198 Percent of Medicare OPPS. Metroplus will reimburse unlisted codes and described codes with no Medicare rate at 50 percent of charges.,206.3,,,,,,,Case Rate,198 Percent of Medicare OPPS. Metroplus will reimburse unlisted codes and described codes with no Medicare rate at 50 percent of charges.,104.19,,,,,,,Case Rate,"100% Medicare OPPS FS. ",53.44,,,,,,,Fee Schedule,"193 % Medicare RBRVS. ",53.44,,,,,,,Fee Schedule,"193 % Medicare RBRVS. ",53.44,,,,,,,Fee Schedule,"193 % Medicare RBRVS. ",53.44,,,,,,,Fee Schedule,"193 % Medicare RBRVS. ",138.73,,,,,,,Fee Schedule,"501.011195377392 % Medicare Physician FS TC Rates Only. ",138.73,,,,,,,Fee Schedule,"501.011195377392 % Medicare Physician FS TC Rates Only. ",138.73,,,,,,,Fee Schedule,"501.011195377392 % Medicare Physician FS TC Rates Only. ",138.73,,,,,,,Fee Schedule,"501.011195377392 % Medicare Physician FS TC Rates Only. ",92.375,50,,,,,0,percent of total billed charges,50 percent of billed charges; No services were performed during the 15 month look back period.,92.375,50,,,,,0,percent of total billed charges,50 percent of billed charges; No services were performed during the 15 month look back period.,104.19,,,,,,,Case Rate,"100% Medicare OPPS FS. ",104.19,,,,,,,Case Rate,"100% Medicare OPPS FS. ",104.19,,,,,,,Case Rate,"100% Medicare OPPS FS. ",192.1,,,,,,,Fee Schedule,"758.1 % 2013 Manhattan Medicare. ",192.1,,,,,,,Fee Schedule,"758.1 % 2013 Manhattan Medicare. ",192.1,,,,,,,Fee Schedule,"758.1 % 2013 Manhattan Medicare. ",92.375,50,,,,,0,percent of total billed charges,50 percent of billed charges; No services were performed during the 15 month look back period.,138.73,,,,,,,Fee Schedule,"501.011195377392 % Medicare Physician FS TC Rates Only. ",104.19,,,,,,,Case Rate,"100% Medicare OPPS FS. ",192.1,,,,,,,Fee Schedule,"758.1 % 2013 Manhattan Medicare. ",95.21,,,,,,,Case Rate,"100 Percent of Medicaid APG. ",106.27,,,,,,,Case Rate,"102% of Medicare OPPS. ",106.27,,,,,,,Case Rate,"102% of Medicare OPPS. ",106.27,,,,,,,Case Rate,"102% of Medicare OPPS. ",25.71,,,,,,,Fee schedule,"90 Percent of Medicare RBRVS. ",214.22,,,,,,,Case Rate,225% of NYS APG. Lesser of 100% of billed charges applies.,214.22,,,,,,,Case Rate,225% of NYS APG. Lesser of 100% of billed charges applies.,214.22,,,,,,,Case Rate,225% of NYS APG. Lesser of 100% of billed charges applies.,214.22,,,,,,,Case Rate,225% of NYS APG. Lesser of 100% of billed charges applies.,214.22,,,,,,,Case Rate,225% of NYS APG. Lesser of 100% of billed charges applies.,106.27,,,,,,,Case Rate,"102% of Medicare OPPS. ",95.21,,,,,,,Case Rate,"100 Percent of Medicaid APG. ",24.41,,,,,,,Case Rate,100% of PAS. Lesser of 100% of billed charges applies.,214.22,,,,,,,Case Rate,225% of NYS APG. Lesser of 100% of billed charges applies.,214.22,,,,,,,Case Rate,225% of NYS APG. Lesser of 100% of billed charges applies.,24.41,,,,,,,Case Rate,100% of PAS. Lesser of 100% of billed charges applies.,24.41,,,,,,,Case Rate,100% of PAS. Lesser of 100% of billed charges applies.,45.71,,,,,,,Fee Schedule,"160 Percent of Medicare RBRVS. ",104.19,,,,,,,Case Rate,"100% Medicare OPPS FS. ",104.19,,,,,,,Case Rate,"100% Medicare OPPS FS. ",138.73,,,,,,,Fee Schedule,"501.011195377392 % Medicare Physician FS TC Rates Only. ",104.19,,,,,,,Case Rate,"100% Medicare OPPS FS. ",214.22,,,,,,,Fee Schedule,"225 Percent of Medicaid APG. ",214.22,,,,,,,Fee Schedule,"225 Percent of Medicaid APG. ",25.71,,,,,,,Fee schedule,"90 Percent of Medicare RBRVS. ",25.71,,,,,,,Fee schedule,"90 Percent of Medicare RBRVS. ",214.22,,,,,,,Case Rate,225 Percent of Medicaid APG. Covered services not payable under Medicaid Fee Schedules default to a payment of 87.5 percent of charges.,25.71,,,,,,,Fee schedule,90 Percent of Medicare RBRVS. Covered services not payable under Medicaid Fee Schedules default to a payment of 50 percent of charges.,214.22,,,,,,,Case Rate,"100 Percent of Medicaid APG. ",214.22,,,,,,,Case Rate,"100 Percent of Medicaid APG. ",214.22,,,,,,,Case Rate,"100 Percent of Medicaid APG. ",214.22,,,,,,,Case Rate,"100 Percent of Medicaid APG. ",285.63,,,,,,,Fee Schedule,"1019 % Manhattan Facility Rate. ",92.375,50,,,,,0,percent of total billed charges,50 percent of billed charges; No services were performed during the 15 month look back period.,114.25,,,,,,,Case Rate,"120 Percent of Medicaid APG. Not APG payable, or payable under another fee schedule like ASP/AWP pays at 30% of charges",114.25,,,,,,,Case Rate,"120 Percent of Medicaid APG. Not APG payable, or payable under another fee schedule like ASP/AWP pays at 30% of charges",95.21,,,,,,,Case Rate,"100 Percent of Medicaid APG. Not APG payable, or payable under another fee schedule like ASP/AWP pays at 30% of charges",95.21,,,,,,,Case Rate,"100 Percent of Medicaid APG. Not APG payable, or payable under another fee schedule like ASP/AWP pays at 30% of charges",192.1,,,,,,,Fee Schedule,"758.1 % 2013 Manhattan Medicare. ",192.1,,,,,,,Fee Schedule,"758.1 % 2013 Manhattan Medicare. ",104.19,,,,,,,Case Rate,"100% Medicare OPPS FS. ",192.1,,,,,,,Fee Schedule,"758.1 % 2013 Manhattan Medicare. ",192.1,,,,,,,Fee Schedule,"758.1 % 2013 Manhattan Medicare. ",192.1,,,,,,,Fee Schedule,"758.1 % 2013 Manhattan Medicare. ",192.1,,,,,,,Fee Schedule,"758.1 % 2013 Manhattan Medicare. ",104.19,,,,,,,Case Rate,"100% Medicare OPPS FS. ",192.1,,,,,,,Fee Schedule,"758.1 % 2013 Manhattan Medicare. ",192.1,,,,,,,Fee Schedule,"758.1 % 2013 Manhattan Medicare. ",138.73,,,,,,,Fee Schedule,"501.011195377392 % Medicare Physician FS TC Rates Only. ",104.73,,,,,,,Fee Schedule,110% of APG. Lesser of 100% of billed charges applies.,25.71,,,,,,,Fee schedule,90 Percent of Medicare RBRVS. Covered services not payable under Medicaid Fee Schedules default to a payment of 50 percent of charges.,214.22,,,,,,,Case Rate,225% of NYS APG. Lesser of 100% of billed charges applies.,214.22,,,,,,,Case Rate,225 Percent of Medicaid APG. Covered services not payable under Medicaid Fee Schedules default to a payment of 87.5 percent of charges.,25.71,,,,,,,Fee schedule,90 Percent of Medicare RBRVS. Covered services not payable under Medicaid Fee Schedules default to a payment of 50 percent of charges.,214.22,,,,,,,Case Rate,225% of NYS APG. Lesser of 100% of billed charges applies.,214.22,,,,,,,Case Rate,225% of NYS APG. Lesser of 100% of billed charges applies.,214.22,,,,,,,Case Rate,225% of NYS APG. Lesser of 100% of billed charges applies.,214.22,,,,,,,Case Rate,225% of NYS APG. Lesser of 100% of billed charges applies.,214.22,,,,,,,Case Rate,225% of NYS APG. Lesser of 100% of billed charges applies.,214.22,,,,,,,Case Rate,225% of NYS APG. Lesser of 100% of billed charges applies.,,,,,,,,,"NA. ",,,,,,,,,"NA. ",,,,,,,,,"NA. ",58.8,,,,,,,Fee Schedule,"250 % 2018 Cigna RBRVS fee schedule. ",,,,,,,,,"NA. ",104.19,,,,,,,Case Rate,"100% Medicare OPPS FS. ",22,,,,,,,Fee Schedule,"100 % 1199 Fee Schedule. ",104.19,,,,,,,Case Rate,"100% Medicare OPPS FS. ",104.19,,,,,,,Case Rate,"100% Medicare OPPS FS. ",114.25,,,,,,,Case Rate,"120 Percent of Medicaid APG. Not APG payable, or payable under another fee schedule like ASP/AWP pays at 30% of charges",114.25,,,,,,,Case Rate,"120 Percent of Medicaid APG. Not APG payable, or payable under another fee schedule like ASP/AWP pays at 30% of charges",95.21,,,,,,,Case Rate,"100 Percent of Medicaid APG. Not APG payable, or payable under another fee schedule like ASP/AWP pays at 30% of charges",95.21,,,,,,,Case Rate,"100 Percent of Medicaid APG. Not APG payable, or payable under another fee schedule like ASP/AWP pays at 30% of charges",95.21,,,,,,,Case Rate,"100 Percent of Medicaid APG. ",60.09,,,,,,,Fee Schedule,"217 % Medicare RBRVS. ",138.73,,,,,,,Fee Schedule,"501.011195377392 % Medicare Physician FS TC Rates Only. ",70.61,,,,,,,Fee Schedule,"255 % Medicare RBRVS. ",58.8,,,,,,,Fee Schedule,"250 % 2018 Cigna RBRVS fee schedule. ",104.19,,,,,,,Case Rate,"100%Medicare OPPS FS. ",104.19,,,,,,,Case Rate,"100% Medicare OPPS FS. ",104.19,,,,,,,Case Rate,"100% Medicare OPPS FS. ",104.19,,,,,,,Case Rate,"100% Medicare OPPS FS. ",104.19,,,,,,,Case Rate,"100%Medicare OPPS FS. ",104.19,,,,,,,Case Rate,"100% Medicare OPPS FS. ",,,,,,,,,"NA. ",214.22,,,,,,,Case Rate,225% of NYS APG. Lesser of 100% of billed charges applies.,24.41,,,,,,,Case Rate,100% of PAS. Lesser of 100% of billed charges applies.,192.1,,,,,,,Fee Schedule,"758.1 % 2013 Manhattan Medicare. ",60.09,,,,,,,Fee Schedule,"217 % Medicare RBRVS. ",60.09,,,,,,,Fee Schedule,"217 % Medicare RBRVS. ",60.09,,,,,,,Fee Schedule,"217 % Medicare RBRVS. ",60.09,,,,,,,Fee Schedule,"217 % Medicare RBRVS. ",104.19,,,,,,,Case Rate,"100% Medicare OPPS FS. ",95.21,,,,,,,Case Rate,"100 Percent of Medicaid APG. ",192.1,,,,,,,Fee Schedule,"758.1 % 2013 Manhattan Medicare. ",95.21,,,,,,,Case Rate,"100 Percent of Medicaid APG. ",104.19,,,,,,,Case Rate,"100% Medicare OPPS FS. ",95.21,,,,,,,Case Rate,"100 Percent of Medicaid APG. ",104.19,,,,,,,Case Rate,"100% Medicare OPPS FS. ",104.19,,,,,,,Case Rate,"100% Medicare OPPS FS. ",95.21,,,,,,,Case Rate,"100 Percent of Medicaid APG. ",95.21,,,,,,,Case Rate,"100 Percent of Medicaid APG. ",60.09,,,,,,,Fee Schedule,"217 % Medicare RBRVS. ",58.8,,,,,,,Fee Schedule,"250 % 2018 Cigna RBRVS fee schedule. ",144.105,78,,,,,0,percent of total billed charges,78% of Billed Charges. Lesser of 100% of billed charges applies.; No services were performed during the 15 month look back period.,225.93,,,,,,,Other,. Paid once per unit per revenue code and lesser of 100% of billed charges.,225.93,,,,,,,Other,. Paid once per unit per revenue code and lesser of 100% of billed charges.,138.73,,,,,,,Fee Schedule,"501.011195377392 % Medicare Physician FS TC Rates Only. ",102.11,,,,,,,Case Rate,"98% of RBRVS. ",53.44,,,,,,,Fee Schedule,"193 % Medicare RBRVS. ",53.44,,,,,,,Fee Schedule,"193 % Medicare RBRVS. ",153.69,,,,,,,Fee Schedule,"606.5 % 2013 Manhattan Medicare. ",153.69,,,,,,,Fee Schedule,"606.5 % 2013 Manhattan Medicare. ",104.19,,,,,,,Case Rate,"100% Medicare OPPS FS. ",104.19,,,,,,,Case Rate,"100% Medicare OPPS FS. ",104.19,,,,,,,Case Rate,"100% Medicare OPPS FS. ",104.19,,,,,,,Case Rate,"100% Medicare OPPS FS. ",225.93,,,,,,,Other,. Paid once per unit per revenue code and lesser of 100% of billed charges.,192.1,,,,,,,Fee Schedule,"758.1 % 2013 Manhattan Medicare. ",192.1,,,,,,,Fee Schedule,"758.1 % 2013 Manhattan Medicare. ",104.19,,,,,,,Case Rate,"100% Medicare OPPS FS. ",153.69,,,,,,,Fee Schedule,"606.5 % 2013 Manhattan Medicare. ",70.61,,,,,,,Fee Schedule,"255 % Medicare RBRVS. ",114.25,,,,,,,Fee Schedule,"120 Percent of Medicaid APG. ",95.21,,,,,,,Case Rate,"100 Percent of Medicaid APG. ",60.09,,,,,,,Fee Schedule,"217 % Medicare RBRVS. ",172.89,,,,,,,Fee Schedule,"682.3 % 2013 Manhattan Medicare. ",172.89,,,,,,,Fee Schedule,"682.3 % 2013 Manhattan Medicare. ",192.1,,,,,,,Fee Schedule,"758.1 % 2013 Manhattan Medicare. ",92.375,50,,,,,0,percent of total billed charges,50 percent of billed charges; No services were performed during the 15 month look back period.,104.19,,,,,,,Case Rate,"100%Medicare OPPS FS. ",99.97,,,,,,,Fee Schedule,105 percent of Medicaid APG. otherwise 105% of Ordered NYS MCD FS or 105% of ASP+6%,99.97,,,,,,,Fee Schedule,105 percent of Medicaid APG. otherwise 105% of Ordered NYS MCD FS or 105% of ASP+6%,99.97,,,,,,,Fee Schedule,105 percent of Medicaid APG. otherwise 105% of Ordered NYS MCD FS or 105% of ASP+6%,128.53,,,,,,,Fee Schedule,135 percent of Medicaid APG. otherwise 135% of Ordered NYS MCD FS or 135% of ASP+6%,225.93,,,,,,,Other,. Paid once per unit per revenue code and lesser of 100% of billed charges.,99.97,,,,,,,Fee Schedule,105 percent of Medicaid APG. otherwise 105% of Ordered NYS MCD FS or 105% of ASP+6%,99.97,,,,,,,Fee Schedule,105 percent of Medicaid APG. otherwise 105% of Ordered NYS MCD FS or 105% of ASP+6%,99.97,,,,,,,Fee Schedule,105 percent of Medicaid APG. otherwise 105% of Ordered NYS MCD FS or 105% of ASP+6%,99.97,,,,,,,Fee Schedule,105 percent of Medicaid APG. otherwise 105% of Ordered NYS MCD FS or 105% of ASP+6%,99.97,,,,,,,Fee Schedule,105 percent of Medicaid APG. otherwise 105% of Ordered NYS MCD FS or 105% of ASP+6%,128.53,,,,,,,Fee Schedule,135 percent of Medicaid APG. otherwise 135% of Ordered NYS MCD FS or 135% of ASP+6%,128.53,,,,,,,Fee Schedule,135 percent of Medicaid APG. otherwise 135% of Ordered NYS MCD FS or 135% of ASP+6%,104.19,,,,,,,Case Rate,"100% Medicare OPPS FS. ",225.93,,,,,,,Other,. Paid once per unit per revenue code and lesser of 100% of billed charges.,104.19,,,,,,,Case Rate,"100% Medicare OPPS FS. ",99.97,,,,,,,Fee Schedule,105 percent of Medicaid APG. otherwise 105% of Ordered NYS MCD FS or 105% of ASP+6%,192.1,,,,,,,Fee Schedule,"758.1 % 2013 Manhattan Medicare. ",104.19,,,,,,,Case Rate,"100% Medicare OPPS FS. ",192.1,,,,,,,Fee Schedule,"758.1 % 2013 Manhattan Medicare. ",192.1,,,,,,,Fee Schedule,"758.1 % 2013 Manhattan Medicare. ",192.1,,,,,,,Fee Schedule,"758.1 % 2013 Manhattan Medicare. ",99.97,,,,,,,Fee Schedule,105 percent of Medicaid APG. otherwise 105% of Ordered NYS MCD FS or 105% of ASP+6%,104.19,,,,,,,Case Rate,"100% Medicare OPPS FS. ",192.1,,,,,,,Fee Schedule,"758.1 % 2013 Manhattan Medicare. ",128.53,,,,,,,Fee Schedule,135 percent of Medicaid APG. otherwise 135% of Ordered NYS MCD FS or 135% of ASP+6%,192.1,,,,,,,Fee Schedule,"758.1 % 2013 Manhattan Medicare. ",156.28,,,,,,,Case Rate,"150% of Medicare OPPS. ",104.19,,,,,,,Case Rate,"100%Medicare OPPS FS. ",60.09,,,,,,,Fee Schedule,"217 % Medicare RBRVS. ",60.09,,,,,,,Fee Schedule,"217 % Medicare RBRVS. ",60.09,,,,,,,Fee Schedule,"217 % Medicare RBRVS. ",60.09,,,,,,,Fee Schedule,"217 % Medicare RBRVS. ",60.09,,,,,,,Fee Schedule,"217 % Medicare RBRVS. ",70.61,,,,,,,Fee Schedule,"255 % Medicare RBRVS. ",70.61,,,,,,,Fee Schedule,"255 % Medicare RBRVS. ",60.09,,,,,,,Fee Schedule,"217 % Medicare RBRVS. ",60.09,,,,,,,Fee Schedule,"217 % Medicare RBRVS. ",60.09,,,,,,,Fee Schedule,"217 % Medicare RBRVS. ",60.09,,,,,,,Fee Schedule,"217 % Medicare RBRVS. ",60.09,,,,,,,Fee Schedule,"217 % Medicare RBRVS. ",104.19,,,,,,,Case Rate,"100% Medicare OPPS FS. ",70.61,,,,,,,Fee Schedule,"255 % Medicare RBRVS. ",104.19,,,,,,,Case Rate,"100% Medicare OPPS FS. ",214.22,,,,,,,Case Rate,"225 Percent of Medicaid APG. If not included in Medicaid APG, then 100 Percent of Manhattan Medicare",95.21,,,,,,,Case Rate,"100 Percent of Medicaid APG. If not priced under APG, then Metroplus FeeSched",225.93,,,,,,,Other,. Paid once per unit per revenue code and lesser of 100% of billed charges.,225.93,,,,,,,Other,. Paid once per unit per revenue code and lesser of 100% of billed charges.,104.19,,,,,,,Case Rate,"100% Medicare OPPS FS. ",53.44,,,,,,,Fee Schedule,"193 % Medicare RBRVS. ",104.19,,,,,,,Case Rate,"100% Medicare OPPS FS. ",104.19,,,,,,,Case Rate,"100% Medicare OPPS FS. ",138.73,,,,,,,Fee Schedule,"501.011195377392 % Medicare Physician FS TC Rates Only. ",104.19,,,,,,,Case Rate,"100% Medicare OPPS FS. ",58.8,,,,,,,Fee Schedule,"250 % 2018 Cigna RBRVS fee schedule. ",104.19,,,,,,,Case Rate,"100% Medicare OPPS FS. ",58.8,,,,,,,Fee Schedule,"250 % 2018 Cigna RBRVS fee schedule. ",138.73,,,,,,,Fee Schedule,"501.011195377392 % Medicare Physician FS TC Rates Only. ",58.8,,,,,,,Fee Schedule,"250 % 2018 Cigna RBRVS fee schedule. ",104.19,,,,,,,Case Rate,"100% Medicare OPPS FS. ",95.21,,,,,,,Case Rate,"100 Percent of Medicaid APG. ",104.19,,,,,,,Case Rate,"100% Medicare OPPS FS. ",58.8,,,,,,,Fee Schedule,"250 % 2018 Cigna RBRVS fee schedule. ",225.93,,,,,,,Other,. Paid once per unit per revenue code and lesser of 100% of billed charges.,95.21,,,,,,,Case Rate,"100 Percent of Medicaid APG. ",192.1,,,,,,,Fee Schedule,"758.1 % 2013 Manhattan Medicare. ",114.25,,,,,,,Fee Schedule,"120 Percent of Medicaid APG. ",114.25,,,,,,,Fee Schedule,"120 Percent of Medicaid APG. ",192.1,,,,,,,Fee Schedule,"758.1 % 2013 Manhattan Medicare. ",192.1,,,,,,,Fee Schedule,"758.1 % 2013 Manhattan Medicare. ",192.1,,,,,,,Fee Schedule,"758.1 % 2013 Manhattan Medicare. ",225.93,,,,,,,Other,. Paid once per unit per revenue code and lesser of 100% of billed charges.,192.1,,,,,,,Fee Schedule,"758.1 % 2013 Manhattan Medicare. ",192.1,,,,,,,Fee Schedule,"758.1 % 2013 Manhattan Medicare. ",192.1,,,,,,,Fee Schedule,"758.1 % 2013 Manhattan Medicare. ",60.09,,,,,,,Fee Schedule,"217 % Medicare RBRVS. ",60.09,,,,,,,Fee Schedule,"217 % Medicare RBRVS. ",206.3,,,,,,,Case Rate,198 Percent of Medicare OPPS. Metroplus will reimburse unlisted codes and described codes with no Medicare rate at 50 percent of charges.,95.21,,,,,,,Case Rate,"100 Percent of Medicaid APG. ",225.93,,,,,,,Other,. Paid once per unit per revenue code and lesser of 100% of billed charges.,58.8,,,,,,,Fee Schedule,"250 % 2018 Cigna RBRVS fee schedule. ",138.73,,,,,,,Fee Schedule,"501.011195377392 % Medicare Physician FS TC Rates Only. ",225.93,,,,,,,Other,. Paid once per unit per revenue code and lesser of 100% of billed charges.,138.73,,,,,,,Fee Schedule,"501.011195377392 % Medicare Physician FS TC Rates Only. ",225.93,,,,,,,Other,. Paid once per unit per revenue code and lesser of 100% of billed charges.,192.1,,,,,,,Fee Schedule,"758.1 % 2013 Manhattan Medicare. ",192.1,,,,,,,Fee Schedule,"758.1 % 2013 Manhattan Medicare. ",192.1,,,,,,,Fee Schedule,"758.1 % 2013 Manhattan Medicare. ",192.1,,,,,,,Fee Schedule,"758.1 % 2013 Manhattan Medicare. ",104.19,,,,,,,Case Rate,"100% Medicare OPPS FS. ",22,285.63,
70240,CPT,2022581,LOCAL,320,RC,HC SELLA TURCICA,184.75,35.1025,both,,,,22,,,,,,,Fee Schedule,"100 % 1199 Fee Schedule. ",22,,,,,,,Fee Schedule,"100 % 1199 Fee Schedule. ",134.97,,,,,,,Fee Schedule,"501.002227171492 % Medicare Physician FS TC Rates Only. ",184.75,100,,,,,0,percent of total billed charges,100 percent of billed charges. ; No services were performed during the 15 month look back period.,104.19,,,,,,,Case Rate,"100% Medicare OPPS FS. ",134.97,,,,,,,Fee Schedule,"501.002227171492 % Medicare Physician FS TC Rates Only. ",134.97,,,,,,,Fee Schedule,"501.002227171492 % Medicare Physician FS TC Rates Only. ",134.97,,,,,,,Fee Schedule,"501.002227171492 % Medicare Physician FS TC Rates Only. ",114.25,,,,,,,Case Rate,"100 Percent of Medicaid APG. ",95.21,,,,,,,Case Rate,"100 Percent of Medicaid APG. ",144.105,78,,,,,0,percent of total billed charges,78% of Billed Charges. Lesser of 100% of billed charges applies.; No services were performed during the 15 month look back period.,225.93,,,,,,,Other,. Paid once per unit per revenue code and lesser of 100% of billed charges.,95.21,,,,,,,Case Rate,"100 Percent of Medicaid APG. ",104.19,,,,,,,Case Rate,"100% Medicare OPPS FS. ",63.05,,,,,,,Fee Schedule,"250 % 2018 Cigna RBRVS fee schedule. ",63.05,,,,,,,Fee Schedule,"250 % 2018 Cigna RBRVS fee schedule. ",63.05,,,,,,,Fee Schedule,"250 % 2018 Cigna RBRVS fee schedule. ",63.05,,,,,,,Fee Schedule,"250 % 2018 Cigna RBRVS fee schedule. ",25.01,,,,,,,Fee schedule,90 Percent of Medicare RBRVS. Covered services not payable under Medicaid Fee Schedules default to a payment of 50 percent of charges.,104.19,,,,,,,Case Rate,"100% Medicare OPPS FS. ",25.01,,,,,,,Fee schedule,90 Percent of Medicare RBRVS. Covered services not payable under Medicaid Fee Schedules default to a payment of 50 percent of charges.,144.105,78,,,,,0,percent of total billed charges,78% of Billed Charges. Lesser of 100% of billed charges applies.; No services were performed during the 15 month look back period.,134.97,,,,,,,Fee Schedule,"501.002227171492 % Medicare Physician FS TC Rates Only. ",104.19,,,,,,,Case Rate,"100%Medicare OPPS FS. ",68.7,,,,,,,Fee Schedule,"255 % Medicare RBRVS. ",104.19,,,,,,,Case Rate,"100%Medicare OPPS FS. ",104.19,,,,,,,Case Rate,"100%Medicare OPPS FS. ",144.105,78,,,,,0,percent of total billed charges,78% of Billed Charges. Lesser of 100% of billed charges applies.; No services were performed during the 15 month look back period.,24.41,,,,,,,Case Rate,100% of PAS. Lesser of 100% of billed charges applies.,24.41,,,,,,,Case Rate,100% of PAS. Lesser of 100% of billed charges applies.,25.01,,,,,,,Fee schedule,"90 Percent of Medicare RBRVS. ",25.01,,,,,,,Fee schedule,"90 Percent of Medicare RBRVS. ",68.7,,,,,,,Fee Schedule,"255 % Medicare RBRVS. ",68.7,,,,,,,Fee Schedule,"255 % Medicare RBRVS. ",95.21,,,,,,,Case Rate,"100 Percent of Medicaid APG. Not APG payable, or payable under another fee schedule like ASP/AWP pays at 30% of charges",68.7,,,,,,,Fee Schedule,"255 % Medicare RBRVS. ",95.21,,,,,,,Case Rate,"100 Percent of Medicaid APG. Not APG payable, or payable under another fee schedule like ASP/AWP pays at 30% of charges",104.19,,,,,,,Case Rate,"100%Medicare OPPS FS. ",68.7,,,,,,,Fee Schedule,"255 % Medicare RBRVS. ",144.105,78,,,,,0,percent of total billed charges,78% of Billed Charges. Lesser of 100% of billed charges applies.; No services were performed during the 15 month look back period.,95.21,,,,,,,Case Rate,"100 Percent of Medicaid APG. If not priced under APG, then Metroplus FeeSched",95.21,,,,,,,Case Rate,"100 Percent of Medicaid APG. If not priced under APG, then Metroplus FeeSched",144.105,78,,,,,0,percent of total billed charges,78% of Billed Charges. Lesser of 100% of billed charges applies.; No services were performed during the 15 month look back period.,63.05,,,,,,,Fee Schedule,"250 % 2018 Cigna RBRVS fee schedule. ",223,,,,,,,Other,. Paid once per unit per revenue code and lesser of 100% of billed charges.,223,,,,,,,Other,. Paid once per unit per revenue code and lesser of 100% of billed charges.,144.105,78,,,,,0,percent of total billed charges,78% of Billed Charges. Lesser of 100% of billed charges applies.; No services were performed during the 15 month look back period.,104.19,,,,,,,Case Rate,"100% Medicare OPPS FS. ",225.93,,,,,,,Other,. Paid once per unit per revenue code and lesser of 100% of billed charges.,225.93,,,,,,,Other,. Paid once per unit per revenue code and lesser of 100% of billed charges.,225.93,,,,,,,Other,. Paid once per unit per revenue code and lesser of 100% of billed charges.,104.19,,,,,,,Case Rate,"100% Medicare OPPS FS. ",225.93,,,,,,,Other,. Paid once per unit per revenue code and lesser of 100% of billed charges.,225.93,,,,,,,Other,. Paid once per unit per revenue code and lesser of 100% of billed charges.,104.19,,,,,,,Case Rate,"100% of Medicare OPPS. ",92.375,50,,,,,0,percent of total billed charges,50 percent of billed charges; No services were performed during the 15 month look back period.,189.07,,,,,,,Fee Schedule,"758.1 % 2013 Manhattan Medicare. ",189.07,,,,,,,Fee Schedule,"758.1 % 2013 Manhattan Medicare. ",189.07,,,,,,,Fee Schedule,"758.1 % 2013 Manhattan Medicare. ",189.07,,,,,,,Fee Schedule,"758.1 % 2013 Manhattan Medicare. ",189.07,,,,,,,Fee Schedule,"758.1 % 2013 Manhattan Medicare. ",189.07,,,,,,,Fee Schedule,"758.1 % 2013 Manhattan Medicare. ",104.19,,,,,,,Case Rate,"100% Medicare OPPS FS. ",104.19,,,,,,,Case Rate,"100% Medicare OPPS FS. ",189.07,,,,,,,Fee Schedule,"758.1 % 2013 Manhattan Medicare. ",144.105,78,,,,,0,percent of total billed charges,78% of Billed Charges. Lesser of 100% of billed charges applies.; No services were performed during the 15 month look back period.,144.105,78,,,,,0,percent of total billed charges,78% of Billed Charges. Lesser of 100% of billed charges applies.; No services were performed during the 15 month look back period.,144.105,78,,,,,0,percent of total billed charges,78% of Billed Charges. Lesser of 100% of billed charges applies.; No services were performed during the 15 month look back period.,144.105,78,,,,,0,percent of total billed charges,78% of Billed Charges. Lesser of 100% of billed charges applies.; No services were performed during the 15 month look back period.,144.105,78,,,,,0,percent of total billed charges,78% of Billed Charges. Lesser of 100% of billed charges applies.; No services were performed during the 15 month look back period.,144.105,78,,,,,0,percent of total billed charges,78% of Billed Charges. Lesser of 100% of billed charges applies.; No services were performed during the 15 month look back period.,144.105,78,,,,,0,percent of total billed charges,78% of Billed Charges. Lesser of 100% of billed charges applies.; No services were performed during the 15 month look back period.,144.105,78,,,,,0,percent of total billed charges,78% of Billed Charges. Lesser of 100% of billed charges applies.; No services were performed during the 15 month look back period.,144.105,78,,,,,0,percent of total billed charges,78% of Billed Charges. Lesser of 100% of billed charges applies.; No services were performed during the 15 month look back period.,144.105,78,,,,,0,percent of total billed charges,78% of Billed Charges. Lesser of 100% of billed charges applies.; No services were performed during the 15 month look back period.,144.105,78,,,,,0,percent of total billed charges,78% of Billed Charges. Lesser of 100% of billed charges applies.; No services were performed during the 15 month look back period.,144.105,78,,,,,0,percent of total billed charges,78% of Billed Charges. Lesser of 100% of billed charges applies.; No services were performed during the 15 month look back period.,144.105,78,,,,,0,percent of total billed charges,78% of Billed Charges. Lesser of 100% of billed charges applies.; No services were performed during the 15 month look back period.,144.105,78,,,,,0,percent of total billed charges,78% of Billed Charges. Lesser of 100% of billed charges applies.; No services were performed during the 15 month look back period.,144.105,78,,,,,0,percent of total billed charges,78% of Billed Charges. Lesser of 100% of billed charges applies.; No services were performed during the 15 month look back period.,144.105,78,,,,,0,percent of total billed charges,78% of Billed Charges. Lesser of 100% of billed charges applies.; No services were performed during the 15 month look back period.,144.105,78,,,,,0,percent of total billed charges,78% of Billed Charges. Lesser of 100% of billed charges applies.; No services were performed during the 15 month look back period.,144.105,78,,,,,0,percent of total billed charges,78% of Billed Charges. Lesser of 100% of billed charges applies.; No services were performed during the 15 month look back period.,144.105,78,,,,,0,percent of total billed charges,78% of Billed Charges. Lesser of 100% of billed charges applies.; No services were performed during the 15 month look back period.,144.105,78,,,,,0,percent of total billed charges,78% of Billed Charges. Lesser of 100% of billed charges applies.; No services were performed during the 15 month look back period.,144.105,78,,,,,0,percent of total billed charges,78% of Billed Charges. Lesser of 100% of billed charges applies.; No services were performed during the 15 month look back period.,144.105,78,,,,,0,percent of total billed charges,78% of Billed Charges. Lesser of 100% of billed charges applies.; No services were performed during the 15 month look back period.,144.105,78,,,,,0,percent of total billed charges,78% of Billed Charges. Lesser of 100% of billed charges applies.; No services were performed during the 15 month look back period.,144.105,78,,,,,0,percent of total billed charges,78% of Billed Charges. Lesser of 100% of billed charges applies.; No services were performed during the 15 month look back period.,144.105,78,,,,,0,percent of total billed charges,78% of Billed Charges. Lesser of 100% of billed charges applies.; No services were performed during the 15 month look back period.,144.105,78,,,,,0,percent of total billed charges,78% of Billed Charges. Lesser of 100% of billed charges applies.; No services were performed during the 15 month look back period.,68.7,,,,,,,Fee Schedule,"255 % Medicare RBRVS. ",68.7,,,,,,,Fee Schedule,"255 % Medicare RBRVS. ",68.7,,,,,,,Fee Schedule,"255 % Medicare RBRVS. ",68.7,,,,,,,Fee Schedule,"255 % Medicare RBRVS. ",51.99,,,,,,,Fee Schedule,"193 % Medicare RBRVS. ",51.99,,,,,,,Fee Schedule,"193 % Medicare RBRVS. ",63.05,,,,,,,Fee Schedule,"250 % 2018 Cigna RBRVS fee schedule. ",189.07,,,,,,,Fee Schedule,"758.1 % 2013 Manhattan Medicare. ",225.93,,,,,,,Other,. Paid once per unit per revenue code and lesser of 100% of billed charges.,189.07,,,,,,,Fee Schedule,"758.1 % 2013 Manhattan Medicare. ",144.105,78,,,,,0,percent of total billed charges,78% of Billed Charges. Lesser of 100% of billed charges applies.; No services were performed during the 15 month look back period.,51.99,,,,,,,Fee Schedule,"193 % Medicare RBRVS. ",189.07,,,,,,,Fee Schedule,"758.1 % 2013 Manhattan Medicare. ",225.93,,,,,,,Other,. Paid once per unit per revenue code and lesser of 100% of billed charges.,63.05,,,,,,,Fee Schedule,"250 % 2018 Cigna RBRVS fee schedule. ",,,,,,,,,"NA. ",144.105,78,,,,,0,percent of total billed charges,78% of Billed Charges. Lesser of 100% of billed charges applies.; No services were performed during the 15 month look back period.,95.21,,,,,,,Case Rate,"100 Percent of Medicaid APG. ",68.7,,,,,,,Fee Schedule,"255 % Medicare RBRVS. ",95.21,,,,,,,Case Rate,"100 Percent of Medicaid APG. Not APG payable, or payable under another fee schedule like ASP/AWP pays at 30% of charges",104.19,,,,,,,Case Rate,"100%Medicare OPPS FS. ",104.19,,,,,,,Case Rate,"100% Medicare OPPS FS. ",92.375,50,,,,,0,percent of total billed charges,50 percent of billed charges; No services were performed during the 15 month look back period.,104.19,,,,,,,Case Rate,"100% Medicare OPPS FS. ",104.19,,,,,,,Case Rate,"100% Medicare OPPS FS. ",95.21,,,,,,,Case Rate,"100 Percent of Medicaid APG. ",104.19,,,,,,,Case Rate,"100% Medicare OPPS FS. ",104.19,,,,,,,Case Rate,"100% Medicare OPPS FS. ",134.97,,,,,,,Fee Schedule,"501.002227171492 % Medicare Physician FS TC Rates Only. ",134.97,,,,,,,Fee Schedule,"501.002227171492 % Medicare Physician FS TC Rates Only. ",104.19,,,,,,,Case Rate,"100% Medicare OPPS FS. ",63.05,,,,,,,Fee Schedule,"250 % 2018 Cigna RBRVS fee schedule. ",225.93,,,,,,,Other,. Paid once per unit per revenue code and lesser of 100% of billed charges.,225.93,,,,,,,Other,. Paid once per unit per revenue code and lesser of 100% of billed charges.,104.19,,,,,,,Case Rate,"100% Medicare OPPS FS. ",63.05,,,,,,,Fee Schedule,"250 % 2018 Cigna RBRVS fee schedule. ",134.97,,,,,,,Fee Schedule,"501.002227171492 % Medicare Physician FS TC Rates Only. ",134.97,,,,,,,Fee Schedule,"501.002227171492 % Medicare Physician FS TC Rates Only. ",134.97,,,,,,,Fee Schedule,"501.002227171492 % Medicare Physician FS TC Rates Only. ",144.105,78,,,,,0,percent of total billed charges,78% of Billed Charges. Lesser of 100% of billed charges applies.; No services were performed during the 15 month look back period.,144.105,78,,,,,0,percent of total billed charges,78% of Billed Charges. Lesser of 100% of billed charges applies.; No services were performed during the 15 month look back period.,144.105,78,,,,,0,percent of total billed charges,78% of Billed Charges. Lesser of 100% of billed charges applies.; No services were performed during the 15 month look back period.,144.105,78,,,,,0,percent of total billed charges,78% of Billed Charges. Lesser of 100% of billed charges applies.; No services were performed during the 15 month look back period.,144.105,78,,,,,0,percent of total billed charges,78% of Billed Charges. Lesser of 100% of billed charges applies.; No services were performed during the 15 month look back period.,144.105,78,,,,,0,percent of total billed charges,78% of Billed Charges. Lesser of 100% of billed charges applies.; No services were performed during the 15 month look back period.,144.105,78,,,,,0,percent of total billed charges,78% of Billed Charges. Lesser of 100% of billed charges applies.; No services were performed during the 15 month look back period.,144.105,78,,,,,0,percent of total billed charges,78% of Billed Charges. Lesser of 100% of billed charges applies.; No services were performed during the 15 month look back period.,144.105,78,,,,,0,percent of total billed charges,78% of Billed Charges. Lesser of 100% of billed charges applies.; No services were performed during the 15 month look back period.,144.105,78,,,,,0,percent of total billed charges,78% of Billed Charges. Lesser of 100% of billed charges applies.; No services were performed during the 15 month look back period.,144.105,78,,,,,0,percent of total billed charges,78% of Billed Charges. Lesser of 100% of billed charges applies.; No services were performed during the 15 month look back period.,51.99,,,,,,,Fee Schedule,"193 % Medicare RBRVS. ",189.07,,,,,,,Fee Schedule,"758.1 % 2013 Manhattan Medicare. ",63.05,,,,,,,Fee Schedule,"250 % 2018 Cigna RBRVS fee schedule. ",104.19,,,,,,,Case Rate,"100% Medicare OPPS FS. ",134.97,,,,,,,Fee Schedule,"501.002227171492 % Medicare Physician FS TC Rates Only. ",63.05,,,,,,,Fee Schedule,"250 % 2018 Cigna RBRVS fee schedule. ",63.05,,,,,,,Fee Schedule,"250 % 2018 Cigna RBRVS fee schedule. ",144.105,78,,,,,0,percent of total billed charges,78% of Billed Charges. Lesser of 100% of billed charges applies.; No services were performed during the 15 month look back period.,203.74,,,,,,,Case Rate,"141 Percent of current Medicare RBRVS FeeSched. ",63.05,,,,,,,Fee Schedule,"250 % 2018 Cigna RBRVS fee schedule. ",95.21,,,,,,,Case Rate,"100 Percent of Medicaid APG. ",104.19,,,,,,,Case Rate,"100% Medicare OPPS FS. ",104.19,,,,,,,Case Rate,"100% Medicare OPPS FS. ",104.19,,,,,,,Case Rate,"100% Medicare OPPS FS. ",104.19,,,,,,,Case Rate,"100% Medicare OPPS FS. ",104.19,,,,,,,Case Rate,"100% Medicare OPPS FS. ",104.19,,,,,,,Case Rate,"100% Medicare OPPS FS. ",63.05,,,,,,,Fee Schedule,"250 % 2018 Cigna RBRVS fee schedule. ",92.375,50,,,,,0,percent of total billed charges,50 percent of billed charges; No services were performed during the 15 month look back period.,44.46,,,,,,,Fee Schedule,"160 Percent of Medicare RBRVS. ",44.46,,,,,,,Fee Schedule,"160 Percent of Medicare RBRVS. ",44.46,,,,,,,Fee Schedule,"160 Percent of Medicare RBRVS. ",44.46,,,,,,,Fee Schedule,"160 Percent of Medicare RBRVS. ",44.46,,,,,,,Fee Schedule,"160 Percent of Medicare RBRVS. ",,,,,,,,,"NA. ",92.375,50,,,,,0,percent of total billed charges,50 percent of billed charges; No services were performed during the 15 month look back period.,206.3,,,,,,,Case Rate,198 Percent of Medicare OPPS. Metroplus will reimburse unlisted codes and described codes with no Medicare rate at 50 percent of charges.,206.3,,,,,,,Case Rate,198 Percent of Medicare OPPS. Metroplus will reimburse unlisted codes and described codes with no Medicare rate at 50 percent of charges.,206.3,,,,,,,Case Rate,198 Percent of Medicare OPPS. Metroplus will reimburse unlisted codes and described codes with no Medicare rate at 50 percent of charges.,206.3,,,,,,,Case Rate,198 Percent of Medicare OPPS. Metroplus will reimburse unlisted codes and described codes with no Medicare rate at 50 percent of charges.,206.3,,,,,,,Case Rate,198 Percent of Medicare OPPS. Metroplus will reimburse unlisted codes and described codes with no Medicare rate at 50 percent of charges.,104.19,,,,,,,Case Rate,"100% Medicare OPPS FS. ",51.99,,,,,,,Fee Schedule,"193 % Medicare RBRVS. ",51.99,,,,,,,Fee Schedule,"193 % Medicare RBRVS. ",51.99,,,,,,,Fee Schedule,"193 % Medicare RBRVS. ",51.99,,,,,,,Fee Schedule,"193 % Medicare RBRVS. ",134.97,,,,,,,Fee Schedule,"501.002227171492 % Medicare Physician FS TC Rates Only. ",134.97,,,,,,,Fee Schedule,"501.002227171492 % Medicare Physician FS TC Rates Only. ",134.97,,,,,,,Fee Schedule,"501.002227171492 % Medicare Physician FS TC Rates Only. ",134.97,,,,,,,Fee Schedule,"501.002227171492 % Medicare Physician FS TC Rates Only. ",92.375,50,,,,,0,percent of total billed charges,50 percent of billed charges; No services were performed during the 15 month look back period.,92.375,50,,,,,0,percent of total billed charges,50 percent of billed charges; No services were performed during the 15 month look back period.,104.19,,,,,,,Case Rate,"100% Medicare OPPS FS. ",104.19,,,,,,,Case Rate,"100% Medicare OPPS FS. ",104.19,,,,,,,Case Rate,"100% Medicare OPPS FS. ",189.07,,,,,,,Fee Schedule,"758.1 % 2013 Manhattan Medicare. ",189.07,,,,,,,Fee Schedule,"758.1 % 2013 Manhattan Medicare. ",189.07,,,,,,,Fee Schedule,"758.1 % 2013 Manhattan Medicare. ",92.375,50,,,,,0,percent of total billed charges,50 percent of billed charges; No services were performed during the 15 month look back period.,134.97,,,,,,,Fee Schedule,"501.002227171492 % Medicare Physician FS TC Rates Only. ",104.19,,,,,,,Case Rate,"100% Medicare OPPS FS. ",189.07,,,,,,,Fee Schedule,"758.1 % 2013 Manhattan Medicare. ",95.21,,,,,,,Case Rate,"100 Percent of Medicaid APG. ",106.27,,,,,,,Case Rate,"102% of Medicare OPPS. ",106.27,,,,,,,Case Rate,"102% of Medicare OPPS. ",106.27,,,,,,,Case Rate,"102% of Medicare OPPS. ",25.01,,,,,,,Fee schedule,"90 Percent of Medicare RBRVS. ",214.22,,,,,,,Case Rate,225% of NYS APG. Lesser of 100% of billed charges applies.,214.22,,,,,,,Case Rate,225% of NYS APG. Lesser of 100% of billed charges applies.,214.22,,,,,,,Case Rate,225% of NYS APG. Lesser of 100% of billed charges applies.,214.22,,,,,,,Case Rate,225% of NYS APG. Lesser of 100% of billed charges applies.,214.22,,,,,,,Case Rate,225% of NYS APG. Lesser of 100% of billed charges applies.,106.27,,,,,,,Case Rate,"102% of Medicare OPPS. ",95.21,,,,,,,Case Rate,"100 Percent of Medicaid APG. ",24.41,,,,,,,Case Rate,100% of PAS. Lesser of 100% of billed charges applies.,214.22,,,,,,,Case Rate,225% of NYS APG. Lesser of 100% of billed charges applies.,214.22,,,,,,,Case Rate,225% of NYS APG. Lesser of 100% of billed charges applies.,24.41,,,,,,,Case Rate,100% of PAS. Lesser of 100% of billed charges applies.,24.41,,,,,,,Case Rate,100% of PAS. Lesser of 100% of billed charges applies.,44.46,,,,,,,Fee Schedule,"160 Percent of Medicare RBRVS. ",104.19,,,,,,,Case Rate,"100% Medicare OPPS FS. ",104.19,,,,,,,Case Rate,"100% Medicare OPPS FS. ",134.97,,,,,,,Fee Schedule,"501.002227171492 % Medicare Physician FS TC Rates Only. ",104.19,,,,,,,Case Rate,"100% Medicare OPPS FS. ",214.22,,,,,,,Fee Schedule,"225 Percent of Medicaid APG. ",214.22,,,,,,,Fee Schedule,"225 Percent of Medicaid APG. ",25.01,,,,,,,Fee schedule,"90 Percent of Medicare RBRVS. ",25.01,,,,,,,Fee schedule,"90 Percent of Medicare RBRVS. ",214.22,,,,,,,Case Rate,225 Percent of Medicaid APG. Covered services not payable under Medicaid Fee Schedules default to a payment of 87.5 percent of charges.,25.01,,,,,,,Fee schedule,90 Percent of Medicare RBRVS. Covered services not payable under Medicaid Fee Schedules default to a payment of 50 percent of charges.,214.22,,,,,,,Case Rate,"100 Percent of Medicaid APG. ",214.22,,,,,,,Case Rate,"100 Percent of Medicaid APG. ",214.22,,,,,,,Case Rate,"100 Percent of Medicaid APG. ",214.22,,,,,,,Case Rate,"100 Percent of Medicaid APG. ",281.75,,,,,,,Fee Schedule,"1019 % Manhattan Facility Rate. ",92.375,50,,,,,0,percent of total billed charges,50 percent of billed charges; No services were performed during the 15 month look back period.,114.25,,,,,,,Case Rate,"120 Percent of Medicaid APG. Not APG payable, or payable under another fee schedule like ASP/AWP pays at 30% of charges",114.25,,,,,,,Case Rate,"120 Percent of Medicaid APG. Not APG payable, or payable under another fee schedule like ASP/AWP pays at 30% of charges",95.21,,,,,,,Case Rate,"100 Percent of Medicaid APG. Not APG payable, or payable under another fee schedule like ASP/AWP pays at 30% of charges",95.21,,,,,,,Case Rate,"100 Percent of Medicaid APG. Not APG payable, or payable under another fee schedule like ASP/AWP pays at 30% of charges",189.07,,,,,,,Fee Schedule,"758.1 % 2013 Manhattan Medicare. ",189.07,,,,,,,Fee Schedule,"758.1 % 2013 Manhattan Medicare. ",104.19,,,,,,,Case Rate,"100% Medicare OPPS FS. ",189.07,,,,,,,Fee Schedule,"758.1 % 2013 Manhattan Medicare. ",189.07,,,,,,,Fee Schedule,"758.1 % 2013 Manhattan Medicare. ",189.07,,,,,,,Fee Schedule,"758.1 % 2013 Manhattan Medicare. ",189.07,,,,,,,Fee Schedule,"758.1 % 2013 Manhattan Medicare. ",104.19,,,,,,,Case Rate,"100% Medicare OPPS FS. ",189.07,,,,,,,Fee Schedule,"758.1 % 2013 Manhattan Medicare. ",189.07,,,,,,,Fee Schedule,"758.1 % 2013 Manhattan Medicare. ",134.97,,,,,,,Fee Schedule,"501.002227171492 % Medicare Physician FS TC Rates Only. ",104.73,,,,,,,Fee Schedule,110% of APG. Lesser of 100% of billed charges applies.,25.01,,,,,,,Fee schedule,90 Percent of Medicare RBRVS. Covered services not payable under Medicaid Fee Schedules default to a payment of 50 percent of charges.,214.22,,,,,,,Case Rate,225% of NYS APG. Lesser of 100% of billed charges applies.,214.22,,,,,,,Case Rate,225 Percent of Medicaid APG. Covered services not payable under Medicaid Fee Schedules default to a payment of 87.5 percent of charges.,25.01,,,,,,,Fee schedule,90 Percent of Medicare RBRVS. Covered services not payable under Medicaid Fee Schedules default to a payment of 50 percent of charges.,214.22,,,,,,,Case Rate,225% of NYS APG. Lesser of 100% of billed charges applies.,214.22,,,,,,,Case Rate,225% of NYS APG. Lesser of 100% of billed charges applies.,214.22,,,,,,,Case Rate,225% of NYS APG. Lesser of 100% of billed charges applies.,214.22,,,,,,,Case Rate,225% of NYS APG. Lesser of 100% of billed charges applies.,214.22,,,,,,,Case Rate,225% of NYS APG. Lesser of 100% of billed charges applies.,214.22,,,,,,,Case Rate,225% of NYS APG. Lesser of 100% of billed charges applies.,,,,,,,,,"NA. ",,,,,,,,,"NA. ",,,,,,,,,"NA. ",63.05,,,,,,,Fee Schedule,"250 % 2018 Cigna RBRVS fee schedule. ",,,,,,,,,"NA. ",104.19,,,,,,,Case Rate,"100% Medicare OPPS FS. ",22,,,,,,,Fee Schedule,"100 % 1199 Fee Schedule. ",104.19,,,,,,,Case Rate,"100% Medicare OPPS FS. ",104.19,,,,,,,Case Rate,"100% Medicare OPPS FS. ",114.25,,,,,,,Case Rate,"120 Percent of Medicaid APG. Not APG payable, or payable under another fee schedule like ASP/AWP pays at 30% of charges",114.25,,,,,,,Case Rate,"120 Percent of Medicaid APG. Not APG payable, or payable under another fee schedule like ASP/AWP pays at 30% of charges",95.21,,,,,,,Case Rate,"100 Percent of Medicaid APG. Not APG payable, or payable under another fee schedule like ASP/AWP pays at 30% of charges",95.21,,,,,,,Case Rate,"100 Percent of Medicaid APG. Not APG payable, or payable under another fee schedule like ASP/AWP pays at 30% of charges",95.21,,,,,,,Case Rate,"100 Percent of Medicaid APG. ",58.46,,,,,,,Fee Schedule,"217 % Medicare RBRVS. ",134.97,,,,,,,Fee Schedule,"501.002227171492 % Medicare Physician FS TC Rates Only. ",68.7,,,,,,,Fee Schedule,"255 % Medicare RBRVS. ",63.05,,,,,,,Fee Schedule,"250 % 2018 Cigna RBRVS fee schedule. ",104.19,,,,,,,Case Rate,"100%Medicare OPPS FS. ",104.19,,,,,,,Case Rate,"100% Medicare OPPS FS. ",104.19,,,,,,,Case Rate,"100% Medicare OPPS FS. ",104.19,,,,,,,Case Rate,"100% Medicare OPPS FS. ",104.19,,,,,,,Case Rate,"100%Medicare OPPS FS. ",104.19,,,,,,,Case Rate,"100% Medicare OPPS FS. ",,,,,,,,,"NA. ",214.22,,,,,,,Case Rate,225% of NYS APG. Lesser of 100% of billed charges applies.,24.41,,,,,,,Case Rate,100% of PAS. Lesser of 100% of billed charges applies.,189.07,,,,,,,Fee Schedule,"758.1 % 2013 Manhattan Medicare. ",58.46,,,,,,,Fee Schedule,"217 % Medicare RBRVS. ",58.46,,,,,,,Fee Schedule,"217 % Medicare RBRVS. ",58.46,,,,,,,Fee Schedule,"217 % Medicare RBRVS. ",58.46,,,,,,,Fee Schedule,"217 % Medicare RBRVS. ",104.19,,,,,,,Case Rate,"100% Medicare OPPS FS. ",95.21,,,,,,,Case Rate,"100 Percent of Medicaid APG. ",189.07,,,,,,,Fee Schedule,"758.1 % 2013 Manhattan Medicare. ",95.21,,,,,,,Case Rate,"100 Percent of Medicaid APG. ",104.19,,,,,,,Case Rate,"100% Medicare OPPS FS. ",95.21,,,,,,,Case Rate,"100 Percent of Medicaid APG. ",104.19,,,,,,,Case Rate,"100% Medicare OPPS FS. ",104.19,,,,,,,Case Rate,"100% Medicare OPPS FS. ",95.21,,,,,,,Case Rate,"100 Percent of Medicaid APG. ",95.21,,,,,,,Case Rate,"100 Percent of Medicaid APG. ",58.46,,,,,,,Fee Schedule,"217 % Medicare RBRVS. ",63.05,,,,,,,Fee Schedule,"250 % 2018 Cigna RBRVS fee schedule. ",144.105,78,,,,,0,percent of total billed charges,78% of Billed Charges. Lesser of 100% of billed charges applies.; No services were performed during the 15 month look back period.,225.93,,,,,,,Other,. Paid once per unit per revenue code and lesser of 100% of billed charges.,225.93,,,,,,,Other,. Paid once per unit per revenue code and lesser of 100% of billed charges.,134.97,,,,,,,Fee Schedule,"501.002227171492 % Medicare Physician FS TC Rates Only. ",102.11,,,,,,,Case Rate,"98% of RBRVS. ",51.99,,,,,,,Fee Schedule,"193 % Medicare RBRVS. ",51.99,,,,,,,Fee Schedule,"193 % Medicare RBRVS. ",151.26,,,,,,,Fee Schedule,"606.5 % 2013 Manhattan Medicare. ",151.26,,,,,,,Fee Schedule,"606.5 % 2013 Manhattan Medicare. ",104.19,,,,,,,Case Rate,"100% Medicare OPPS FS. ",104.19,,,,,,,Case Rate,"100% Medicare OPPS FS. ",104.19,,,,,,,Case Rate,"100% Medicare OPPS FS. ",104.19,,,,,,,Case Rate,"100% Medicare OPPS FS. ",225.93,,,,,,,Other,. Paid once per unit per revenue code and lesser of 100% of billed charges.,189.07,,,,,,,Fee Schedule,"758.1 % 2013 Manhattan Medicare. ",189.07,,,,,,,Fee Schedule,"758.1 % 2013 Manhattan Medicare. ",104.19,,,,,,,Case Rate,"100% Medicare OPPS FS. ",151.26,,,,,,,Fee Schedule,"606.5 % 2013 Manhattan Medicare. ",68.7,,,,,,,Fee Schedule,"255 % Medicare RBRVS. ",114.25,,,,,,,Fee Schedule,"120 Percent of Medicaid APG. ",95.21,,,,,,,Case Rate,"100 Percent of Medicaid APG. ",58.46,,,,,,,Fee Schedule,"217 % Medicare RBRVS. ",170.17,,,,,,,Fee Schedule,"682.3 % 2013 Manhattan Medicare. ",170.17,,,,,,,Fee Schedule,"682.3 % 2013 Manhattan Medicare. ",189.07,,,,,,,Fee Schedule,"758.1 % 2013 Manhattan Medicare. ",92.375,50,,,,,0,percent of total billed charges,50 percent of billed charges; No services were performed during the 15 month look back period.,104.19,,,,,,,Case Rate,"100%Medicare OPPS FS. ",99.97,,,,,,,Fee Schedule,105 percent of Medicaid APG. otherwise 105% of Ordered NYS MCD FS or 105% of ASP+6%,99.97,,,,,,,Fee Schedule,105 percent of Medicaid APG. otherwise 105% of Ordered NYS MCD FS or 105% of ASP+6%,99.97,,,,,,,Fee Schedule,105 percent of Medicaid APG. otherwise 105% of Ordered NYS MCD FS or 105% of ASP+6%,128.53,,,,,,,Fee Schedule,135 percent of Medicaid APG. otherwise 135% of Ordered NYS MCD FS or 135% of ASP+6%,225.93,,,,,,,Other,. Paid once per unit per revenue code and lesser of 100% of billed charges.,99.97,,,,,,,Fee Schedule,105 percent of Medicaid APG. otherwise 105% of Ordered NYS MCD FS or 105% of ASP+6%,99.97,,,,,,,Fee Schedule,105 percent of Medicaid APG. otherwise 105% of Ordered NYS MCD FS or 105% of ASP+6%,99.97,,,,,,,Fee Schedule,105 percent of Medicaid APG. otherwise 105% of Ordered NYS MCD FS or 105% of ASP+6%,99.97,,,,,,,Fee Schedule,105 percent of Medicaid APG. otherwise 105% of Ordered NYS MCD FS or 105% of ASP+6%,99.97,,,,,,,Fee Schedule,105 percent of Medicaid APG. otherwise 105% of Ordered NYS MCD FS or 105% of ASP+6%,128.53,,,,,,,Fee Schedule,135 percent of Medicaid APG. otherwise 135% of Ordered NYS MCD FS or 135% of ASP+6%,128.53,,,,,,,Fee Schedule,135 percent of Medicaid APG. otherwise 135% of Ordered NYS MCD FS or 135% of ASP+6%,104.19,,,,,,,Case Rate,"100% Medicare OPPS FS. ",225.93,,,,,,,Other,. Paid once per unit per revenue code and lesser of 100% of billed charges.,104.19,,,,,,,Case Rate,"100% Medicare OPPS FS. ",99.97,,,,,,,Fee Schedule,105 percent of Medicaid APG. otherwise 105% of Ordered NYS MCD FS or 105% of ASP+6%,189.07,,,,,,,Fee Schedule,"758.1 % 2013 Manhattan Medicare. ",104.19,,,,,,,Case Rate,"100% Medicare OPPS FS. ",189.07,,,,,,,Fee Schedule,"758.1 % 2013 Manhattan Medicare. ",189.07,,,,,,,Fee Schedule,"758.1 % 2013 Manhattan Medicare. ",189.07,,,,,,,Fee Schedule,"758.1 % 2013 Manhattan Medicare. ",99.97,,,,,,,Fee Schedule,105 percent of Medicaid APG. otherwise 105% of Ordered NYS MCD FS or 105% of ASP+6%,104.19,,,,,,,Case Rate,"100% Medicare OPPS FS. ",189.07,,,,,,,Fee Schedule,"758.1 % 2013 Manhattan Medicare. ",128.53,,,,,,,Fee Schedule,135 percent of Medicaid APG. otherwise 135% of Ordered NYS MCD FS or 135% of ASP+6%,189.07,,,,,,,Fee Schedule,"758.1 % 2013 Manhattan Medicare. ",156.28,,,,,,,Case Rate,"150% of Medicare OPPS. ",104.19,,,,,,,Case Rate,"100%Medicare OPPS FS. ",58.46,,,,,,,Fee Schedule,"217 % Medicare RBRVS. ",58.46,,,,,,,Fee Schedule,"217 % Medicare RBRVS. ",58.46,,,,,,,Fee Schedule,"217 % Medicare RBRVS. ",58.46,,,,,,,Fee Schedule,"217 % Medicare RBRVS. ",58.46,,,,,,,Fee Schedule,"217 % Medicare RBRVS. ",68.7,,,,,,,Fee Schedule,"255 % Medicare RBRVS. ",68.7,,,,,,,Fee Schedule,"255 % Medicare RBRVS. ",58.46,,,,,,,Fee Schedule,"217 % Medicare RBRVS. ",58.46,,,,,,,Fee Schedule,"217 % Medicare RBRVS. ",58.46,,,,,,,Fee Schedule,"217 % Medicare RBRVS. ",58.46,,,,,,,Fee Schedule,"217 % Medicare RBRVS. ",58.46,,,,,,,Fee Schedule,"217 % Medicare RBRVS. ",104.19,,,,,,,Case Rate,"100% Medicare OPPS FS. ",68.7,,,,,,,Fee Schedule,"255 % Medicare RBRVS. ",104.19,,,,,,,Case Rate,"100% Medicare OPPS FS. ",214.22,,,,,,,Case Rate,"225 Percent of Medicaid APG. If not included in Medicaid APG, then 100 Percent of Manhattan Medicare",95.21,,,,,,,Case Rate,"100 Percent of Medicaid APG. If not priced under APG, then Metroplus FeeSched",225.93,,,,,,,Other,. Paid once per unit per revenue code and lesser of 100% of billed charges.,225.93,,,,,,,Other,. Paid once per unit per revenue code and lesser of 100% of billed charges.,104.19,,,,,,,Case Rate,"100% Medicare OPPS FS. ",51.99,,,,,,,Fee Schedule,"193 % Medicare RBRVS. ",104.19,,,,,,,Case Rate,"100% Medicare OPPS FS. ",104.19,,,,,,,Case Rate,"100% Medicare OPPS FS. ",134.97,,,,,,,Fee Schedule,"501.002227171492 % Medicare Physician FS TC Rates Only. ",104.19,,,,,,,Case Rate,"100% Medicare OPPS FS. ",63.05,,,,,,,Fee Schedule,"250 % 2018 Cigna RBRVS fee schedule. ",104.19,,,,,,,Case Rate,"100% Medicare OPPS FS. ",63.05,,,,,,,Fee Schedule,"250 % 2018 Cigna RBRVS fee schedule. ",134.97,,,,,,,Fee Schedule,"501.002227171492 % Medicare Physician FS TC Rates Only. ",63.05,,,,,,,Fee Schedule,"250 % 2018 Cigna RBRVS fee schedule. ",104.19,,,,,,,Case Rate,"100% Medicare OPPS FS. ",95.21,,,,,,,Case Rate,"100 Percent of Medicaid APG. ",104.19,,,,,,,Case Rate,"100% Medicare OPPS FS. ",63.05,,,,,,,Fee Schedule,"250 % 2018 Cigna RBRVS fee schedule. ",225.93,,,,,,,Other,. Paid once per unit per revenue code and lesser of 100% of billed charges.,95.21,,,,,,,Case Rate,"100 Percent of Medicaid APG. ",189.07,,,,,,,Fee Schedule,"758.1 % 2013 Manhattan Medicare. ",114.25,,,,,,,Fee Schedule,"120 Percent of Medicaid APG. ",114.25,,,,,,,Fee Schedule,"120 Percent of Medicaid APG. ",189.07,,,,,,,Fee Schedule,"758.1 % 2013 Manhattan Medicare. ",189.07,,,,,,,Fee Schedule,"758.1 % 2013 Manhattan Medicare. ",189.07,,,,,,,Fee Schedule,"758.1 % 2013 Manhattan Medicare. ",225.93,,,,,,,Other,. Paid once per unit per revenue code and lesser of 100% of billed charges.,189.07,,,,,,,Fee Schedule,"758.1 % 2013 Manhattan Medicare. ",189.07,,,,,,,Fee Schedule,"758.1 % 2013 Manhattan Medicare. ",189.07,,,,,,,Fee Schedule,"758.1 % 2013 Manhattan Medicare. ",58.46,,,,,,,Fee Schedule,"217 % Medicare RBRVS. ",58.46,,,,,,,Fee Schedule,"217 % Medicare RBRVS. ",206.3,,,,,,,Case Rate,198 Percent of Medicare OPPS. Metroplus will reimburse unlisted codes and described codes with no Medicare rate at 50 percent of charges.,95.21,,,,,,,Case Rate,"100 Percent of Medicaid APG. ",225.93,,,,,,,Other,. Paid once per unit per revenue code and lesser of 100% of billed charges.,63.05,,,,,,,Fee Schedule,"250 % 2018 Cigna RBRVS fee schedule. ",134.97,,,,,,,Fee Schedule,"501.002227171492 % Medicare Physician FS TC Rates Only. ",225.93,,,,,,,Other,. Paid once per unit per revenue code and lesser of 100% of billed charges.,134.97,,,,,,,Fee Schedule,"501.002227171492 % Medicare Physician FS TC Rates Only. ",225.93,,,,,,,Other,. Paid once per unit per revenue code and lesser of 100% of billed charges.,189.07,,,,,,,Fee Schedule,"758.1 % 2013 Manhattan Medicare. ",189.07,,,,,,,Fee Schedule,"758.1 % 2013 Manhattan Medicare. ",189.07,,,,,,,Fee Schedule,"758.1 % 2013 Manhattan Medicare. ",189.07,,,,,,,Fee Schedule,"758.1 % 2013 Manhattan Medicare. ",104.19,,,,,,,Case Rate,"100% Medicare OPPS FS. ",22,281.75,
70250,CPT,2020639,LOCAL,320,RC,HC X-RAY EXAM OF SKULL,313.95,59.6505,both,,,,32,,,,,,,Fee Schedule,"100 % 1199 Fee Schedule. ",32,,,,,,,Fee Schedule,"100 % 1199 Fee Schedule. ",155.76,,,,,,,Fee Schedule,"500.997105178514 % Medicare Physician FS TC Rates Only. ",313.95,100,,313.95,313.95,313.95,1 through 10,percent of total billed charges,"100 percent of billed charges. ",125.83,,,,,,,Case Rate,"100% Medicare OPPS FS. ",155.76,,,,,,,Fee Schedule,"500.997105178514 % Medicare Physician FS TC Rates Only. ",155.76,,,,,,,Fee Schedule,"500.997105178514 % Medicare Physician FS TC Rates Only. ",155.76,,,,,,,Fee Schedule,"500.997105178514 % Medicare Physician FS TC Rates Only. ",114.25,,,,,,,Case Rate,"100 Percent of Medicaid APG. ",95.21,,,,,,,Case Rate,"100 Percent of Medicaid APG. ",244.881,78,,,,,0,percent of total billed charges,78% of Billed Charges. Lesser of 100% of billed charges applies.; No services were performed during the 15 month look back period.,225.93,,,,,,,Other,. Paid once per unit per revenue code and lesser of 100% of billed charges.,95.21,,,,,,,Case Rate,"100 Percent of Medicaid APG. ",125.83,,,,,,,Case Rate,"100% Medicare OPPS FS. ",71.54,,,,,,,Fee Schedule,"250 % 2018 Cigna RBRVS fee schedule. ",71.54,,,,,,,Fee Schedule,"250 % 2018 Cigna RBRVS fee schedule. ",71.54,,,,,,,Fee Schedule,"250 % 2018 Cigna RBRVS fee schedule. ",71.54,,,,,,,Fee Schedule,"250 % 2018 Cigna RBRVS fee schedule. ",28.85,,,,,,,Fee schedule,90 Percent of Medicare RBRVS. Covered services not payable under Medicaid Fee Schedules default to a payment of 50 percent of charges.,125.83,,,,,,,Case Rate,"100% Medicare OPPS FS. ",28.85,,,,,,,Fee schedule,90 Percent of Medicare RBRVS. Covered services not payable under Medicaid Fee Schedules default to a payment of 50 percent of charges.,244.881,78,,,,,0,percent of total billed charges,78% of Billed Charges. Lesser of 100% of billed charges applies.; No services were performed during the 15 month look back period.,155.76,,,,,,,Fee Schedule,"500.997105178514 % Medicare Physician FS TC Rates Only. ",125.83,,,,,,,Case Rate,"100%Medicare OPPS FS. ",79.28,,,,,,,Fee Schedule,"255 % Medicare RBRVS. ",125.83,,,,,,,Case Rate,"100%Medicare OPPS FS. ",125.83,,,,,,,Case Rate,"100%Medicare OPPS FS. ",244.881,78,,,,,0,percent of total billed charges,78% of Billed Charges. Lesser of 100% of billed charges applies.; No services were performed during the 15 month look back period.,28.95,,,,,,,Case Rate,100% of PAS. Lesser of 100% of billed charges applies.,28.95,,,,,,,Case Rate,100% of PAS. Lesser of 100% of billed charges applies.,28.85,,,,,,,Fee schedule,"90 Percent of Medicare RBRVS. ",28.85,,,,,,,Fee schedule,"90 Percent of Medicare RBRVS. ",79.28,,,,,,,Fee Schedule,"255 % Medicare RBRVS. ",79.28,,,,,,,Fee Schedule,"255 % Medicare RBRVS. ",95.21,,,,,,,Case Rate,"100 Percent of Medicaid APG. Not APG payable, or payable under another fee schedule like ASP/AWP pays at 30% of charges",79.28,,,,,,,Fee Schedule,"255 % Medicare RBRVS. ",95.21,,,,,,,Case Rate,"100 Percent of Medicaid APG. Not APG payable, or payable under another fee schedule like ASP/AWP pays at 30% of charges",125.83,,,,,,,Case Rate,"100%Medicare OPPS FS. ",79.28,,,,,,,Fee Schedule,"255 % Medicare RBRVS. ",244.881,78,,,,,0,percent of total billed charges,78% of Billed Charges. Lesser of 100% of billed charges applies.; No services were performed during the 15 month look back period.,95.21,,,,,,,Case Rate,"100 Percent of Medicaid APG. If not priced under APG, then Metroplus FeeSched",95.21,,,,,,,Case Rate,"100 Percent of Medicaid APG. If not priced under APG, then Metroplus FeeSched",244.881,78,,,,,0,percent of total billed charges,78% of Billed Charges. Lesser of 100% of billed charges applies.; No services were performed during the 15 month look back period.,71.54,,,,,,,Fee Schedule,"250 % 2018 Cigna RBRVS fee schedule. ",223,,,,,,,Other,. Paid once per unit per revenue code and lesser of 100% of billed charges.,223,,,,,,,Other,. Paid once per unit per revenue code and lesser of 100% of billed charges.,244.881,78,,,,,0,percent of total billed charges,78% of Billed Charges. Lesser of 100% of billed charges applies.; No services were performed during the 15 month look back period.,125.83,,,,,,,Case Rate,"100% Medicare OPPS FS. ",225.93,,,,,,,Other,. Paid once per unit per revenue code and lesser of 100% of billed charges.,225.93,,,,,,,Other,. Paid once per unit per revenue code and lesser of 100% of billed charges.,225.93,,,,,,,Other,. Paid once per unit per revenue code and lesser of 100% of billed charges.,125.83,,,,,,,Case Rate,"100% Medicare OPPS FS. ",225.93,,,,,,,Other,. Paid once per unit per revenue code and lesser of 100% of billed charges.,225.93,,,,,,,Other,. Paid once per unit per revenue code and lesser of 100% of billed charges.,125.83,,,,,,,Case Rate,"100% of Medicare OPPS. ",156.975,50,,,,,0,percent of total billed charges,50 percent of billed charges; No services were performed during the 15 month look back period.,231.07,,,,,,,Fee Schedule,"758.1 % 2013 Manhattan Medicare. ",231.07,,,,,,,Fee Schedule,"758.1 % 2013 Manhattan Medicare. ",231.07,,,,,,,Fee Schedule,"758.1 % 2013 Manhattan Medicare. ",231.07,,,,,,,Fee Schedule,"758.1 % 2013 Manhattan Medicare. ",231.07,,,,,,,Fee Schedule,"758.1 % 2013 Manhattan Medicare. ",231.07,,,,,,,Fee Schedule,"758.1 % 2013 Manhattan Medicare. ",125.83,,,,,,,Case Rate,"100% Medicare OPPS FS. ",125.83,,,,,,,Case Rate,"100% Medicare OPPS FS. ",231.07,,,,,,,Fee Schedule,"758.1 % 2013 Manhattan Medicare. ",244.881,78,,,,,0,percent of total billed charges,78% of Billed Charges. Lesser of 100% of billed charges applies.; No services were performed during the 15 month look back period.,244.881,78,,,,,0,percent of total billed charges,78% of Billed Charges. Lesser of 100% of billed charges applies.; No services were performed during the 15 month look back period.,244.881,78,,,,,0,percent of total billed charges,78% of Billed Charges. Lesser of 100% of billed charges applies.; No services were performed during the 15 month look back period.,244.881,78,,,,,0,percent of total billed charges,78% of Billed Charges. Lesser of 100% of billed charges applies.; No services were performed during the 15 month look back period.,244.881,78,,,,,0,percent of total billed charges,78% of Billed Charges. Lesser of 100% of billed charges applies.; No services were performed during the 15 month look back period.,244.881,78,,,,,0,percent of total billed charges,78% of Billed Charges. Lesser of 100% of billed charges applies.; No services were performed during the 15 month look back period.,244.881,78,,,,,0,percent of total billed charges,78% of Billed Charges. Lesser of 100% of billed charges applies.; No services were performed during the 15 month look back period.,244.881,78,,,,,0,percent of total billed charges,78% of Billed Charges. Lesser of 100% of billed charges applies.; No services were performed during the 15 month look back period.,244.881,78,,,,,0,percent of total billed charges,78% of Billed Charges. Lesser of 100% of billed charges applies.; No services were performed during the 15 month look back period.,244.881,78,,,,,0,percent of total billed charges,78% of Billed Charges. Lesser of 100% of billed charges applies.; No services were performed during the 15 month look back period.,244.881,78,,,,,0,percent of total billed charges,78% of Billed Charges. Lesser of 100% of billed charges applies.; No services were performed during the 15 month look back period.,244.881,78,,,,,0,percent of total billed charges,78% of Billed Charges. Lesser of 100% of billed charges applies.; No services were performed during the 15 month look back period.,244.881,78,,,,,0,percent of total billed charges,78% of Billed Charges. Lesser of 100% of billed charges applies.; No services were performed during the 15 month look back period.,244.881,78,,,,,0,percent of total billed charges,78% of Billed Charges. Lesser of 100% of billed charges applies.; No services were performed during the 15 month look back period.,244.881,78,,,,,0,percent of total billed charges,78% of Billed Charges. Lesser of 100% of billed charges applies.; No services were performed during the 15 month look back period.,244.881,78,,,,,0,percent of total billed charges,78% of Billed Charges. Lesser of 100% of billed charges applies.; No services were performed during the 15 month look back period.,244.881,78,,,,,0,percent of total billed charges,78% of Billed Charges. Lesser of 100% of billed charges applies.; No services were performed during the 15 month look back period.,244.881,78,,,,,0,percent of total billed charges,78% of Billed Charges. Lesser of 100% of billed charges applies.; No services were performed during the 15 month look back period.,244.881,78,,,,,0,percent of total billed charges,78% of Billed Charges. Lesser of 100% of billed charges applies.; No services were performed during the 15 month look back period.,244.881,78,,,,,0,percent of total billed charges,78% of Billed Charges. Lesser of 100% of billed charges applies.; No services were performed during the 15 month look back period.,244.881,78,,,,,0,percent of total billed charges,78% of Billed Charges. Lesser of 100% of billed charges applies.; No services were performed during the 15 month look back period.,244.881,78,,,,,0,percent of total billed charges,78% of Billed Charges. Lesser of 100% of billed charges applies.; No services were performed during the 15 month look back period.,244.881,78,,,,,0,percent of total billed charges,78% of Billed Charges. Lesser of 100% of billed charges applies.; No services were performed during the 15 month look back period.,244.881,78,,,,,0,percent of total billed charges,78% of Billed Charges. Lesser of 100% of billed charges applies.; No services were performed during the 15 month look back period.,244.881,78,,,,,0,percent of total billed charges,78% of Billed Charges. Lesser of 100% of billed charges applies.; No services were performed during the 15 month look back period.,244.881,78,,,,,0,percent of total billed charges,78% of Billed Charges. Lesser of 100% of billed charges applies.; No services were performed during the 15 month look back period.,79.28,,,,,,,Fee Schedule,"255 % Medicare RBRVS. ",79.28,,,,,,,Fee Schedule,"255 % Medicare RBRVS. ",79.28,,,,,,,Fee Schedule,"255 % Medicare RBRVS. ",79.28,,,,,,,Fee Schedule,"255 % Medicare RBRVS. ",60,,,,,,,Fee Schedule,"193 % Medicare RBRVS. ",60,,,,,,,Fee Schedule,"193 % Medicare RBRVS. ",71.54,,,,,,,Fee Schedule,"250 % 2018 Cigna RBRVS fee schedule. ",231.07,,,,,,,Fee Schedule,"758.1 % 2013 Manhattan Medicare. ",225.93,,,,,,,Other,. Paid once per unit per revenue code and lesser of 100% of billed charges.,231.07,,,,,,,Fee Schedule,"758.1 % 2013 Manhattan Medicare. ",244.881,78,,,,,0,percent of total billed charges,78% of Billed Charges. Lesser of 100% of billed charges applies.; No services were performed during the 15 month look back period.,60,,,,,,,Fee Schedule,"193 % Medicare RBRVS. ",231.07,,,,,,,Fee Schedule,"758.1 % 2013 Manhattan Medicare. ",225.93,,,,,,,Other,. Paid once per unit per revenue code and lesser of 100% of billed charges.,71.54,,,,,,,Fee Schedule,"250 % 2018 Cigna RBRVS fee schedule. ",,,,,,,,,"NA. ",244.881,78,,,,,0,percent of total billed charges,78% of Billed Charges. Lesser of 100% of billed charges applies.; No services were performed during the 15 month look back period.,95.21,,,,,,,Case Rate,"100 Percent of Medicaid APG. ",79.28,,,,,,,Fee Schedule,"255 % Medicare RBRVS. ",95.21,,,,,,,Case Rate,"100 Percent of Medicaid APG. Not APG payable, or payable under another fee schedule like ASP/AWP pays at 30% of charges",125.83,,,,,,,Case Rate,"100%Medicare OPPS FS. ",125.83,,,,,,,Case Rate,"100% Medicare OPPS FS. ",156.975,50,,,,,0,percent of total billed charges,50 percent of billed charges; No services were performed during the 15 month look back period.,125.83,,,,,,,Case Rate,"100% Medicare OPPS FS. ",125.83,,,,,,,Case Rate,"100% Medicare OPPS FS. ",95.21,,,,,,,Case Rate,"100 Percent of Medicaid APG. ",125.83,,,,,,,Case Rate,"100% Medicare OPPS FS. ",125.83,,,,,,,Case Rate,"100% Medicare OPPS FS. ",155.76,,,,,,,Fee Schedule,"500.997105178514 % Medicare Physician FS TC Rates Only. ",155.76,,,,,,,Fee Schedule,"500.997105178514 % Medicare Physician FS TC Rates Only. ",125.83,,,,,,,Case Rate,"100% Medicare OPPS FS. ",71.54,,,,,,,Fee Schedule,"250 % 2018 Cigna RBRVS fee schedule. ",225.93,,,,,,,Other,. Paid once per unit per revenue code and lesser of 100% of billed charges.,225.93,,,,,,,Other,. Paid once per unit per revenue code and lesser of 100% of billed charges.,125.83,,,,,,,Case Rate,"100% Medicare OPPS FS. ",71.54,,,,,,,Fee Schedule,"250 % 2018 Cigna RBRVS fee schedule. ",155.76,,,,,,,Fee Schedule,"500.997105178514 % Medicare Physician FS TC Rates Only. ",155.76,,,,,,,Fee Schedule,"500.997105178514 % Medicare Physician FS TC Rates Only. ",155.76,,,,,,,Fee Schedule,"500.997105178514 % Medicare Physician FS TC Rates Only. ",244.881,78,,,,,0,percent of total billed charges,78% of Billed Charges. Lesser of 100% of billed charges applies.; No services were performed during the 15 month look back period.,244.881,78,,,,,0,percent of total billed charges,78% of Billed Charges. Lesser of 100% of billed charges applies.; No services were performed during the 15 month look back period.,244.881,78,,,,,0,percent of total billed charges,78% of Billed Charges. Lesser of 100% of billed charges applies.; No services were performed during the 15 month look back period.,244.881,78,,,,,0,percent of total billed charges,78% of Billed Charges. Lesser of 100% of billed charges applies.; No services were performed during the 15 month look back period.,244.881,78,,,,,0,percent of total billed charges,78% of Billed Charges. Lesser of 100% of billed charges applies.; No services were performed during the 15 month look back period.,244.881,78,,,,,0,percent of total billed charges,78% of Billed Charges. Lesser of 100% of billed charges applies.; No services were performed during the 15 month look back period.,244.881,78,,,,,0,percent of total billed charges,78% of Billed Charges. Lesser of 100% of billed charges applies.; No services were performed during the 15 month look back period.,244.881,78,,,,,0,percent of total billed charges,78% of Billed Charges. Lesser of 100% of billed charges applies.; No services were performed during the 15 month look back period.,244.881,78,,,,,0,percent of total billed charges,78% of Billed Charges. Lesser of 100% of billed charges applies.; No services were performed during the 15 month look back period.,244.881,78,,,,,0,percent of total billed charges,78% of Billed Charges. Lesser of 100% of billed charges applies.; No services were performed during the 15 month look back period.,244.881,78,,,,,0,percent of total billed charges,78% of Billed Charges. Lesser of 100% of billed charges applies.; No services were performed during the 15 month look back period.,60,,,,,,,Fee Schedule,"193 % Medicare RBRVS. ",231.07,,,,,,,Fee Schedule,"758.1 % 2013 Manhattan Medicare. ",71.54,,,,,,,Fee Schedule,"250 % 2018 Cigna RBRVS fee schedule. ",125.83,,,,,,,Case Rate,"100% Medicare OPPS FS. ",155.76,,,,,,,Fee Schedule,"500.997105178514 % Medicare Physician FS TC Rates Only. ",71.54,,,,,,,Fee Schedule,"250 % 2018 Cigna RBRVS fee schedule. ",71.54,,,,,,,Fee Schedule,"250 % 2018 Cigna RBRVS fee schedule. ",244.881,78,,,,,0,percent of total billed charges,78% of Billed Charges. Lesser of 100% of billed charges applies.; No services were performed during the 15 month look back period.,203.74,,,,,,,Case Rate,"141 Percent of current Medicare RBRVS FeeSched. ",71.54,,,,,,,Fee Schedule,"250 % 2018 Cigna RBRVS fee schedule. ",95.21,,,,,,,Case Rate,"100 Percent of Medicaid APG. ",125.83,,,,,,,Case Rate,"100% Medicare OPPS FS. ",125.83,,,,,,,Case Rate,"100% Medicare OPPS FS. ",125.83,,,,,,,Case Rate,"100% Medicare OPPS FS. ",125.83,,,,,,,Case Rate,"100% Medicare OPPS FS. ",125.83,,,,,,,Case Rate,"100% Medicare OPPS FS. ",125.83,,,,,,,Case Rate,"100% Medicare OPPS FS. ",71.54,,,,,,,Fee Schedule,"250 % 2018 Cigna RBRVS fee schedule. ",156.975,50,,,,,0,percent of total billed charges,50 percent of billed charges; No services were performed during the 15 month look back period.,51.3,,,,,,,Fee Schedule,"160 Percent of Medicare RBRVS. ",51.3,,,,,,,Fee Schedule,"160 Percent of Medicare RBRVS. ",51.3,,,,,,,Fee Schedule,"160 Percent of Medicare RBRVS. ",51.3,,,,,,,Fee Schedule,"160 Percent of Medicare RBRVS. ",51.3,,,,,,,Fee Schedule,"160 Percent of Medicare RBRVS. ",,,,,,,,,"NA. ",156.975,50,,,,,0,percent of total billed charges,50 percent of billed charges; No services were performed during the 15 month look back period.,249.15,,,,,,,Case Rate,198 Percent of Medicare OPPS. Metroplus will reimburse unlisted codes and described codes with no Medicare rate at 50 percent of charges.,249.15,,,,,,,Case Rate,198 Percent of Medicare OPPS. Metroplus will reimburse unlisted codes and described codes with no Medicare rate at 50 percent of charges.,249.15,,,,,,,Case Rate,198 Percent of Medicare OPPS. Metroplus will reimburse unlisted codes and described codes with no Medicare rate at 50 percent of charges.,249.15,,,,,,,Case Rate,198 Percent of Medicare OPPS. Metroplus will reimburse unlisted codes and described codes with no Medicare rate at 50 percent of charges.,249.15,,,,,,,Case Rate,198 Percent of Medicare OPPS. Metroplus will reimburse unlisted codes and described codes with no Medicare rate at 50 percent of charges.,125.83,,,,,,,Case Rate,"100% Medicare OPPS FS. ",60,,,,,,,Fee Schedule,"193 % Medicare RBRVS. ",60,,,,,,,Fee Schedule,"193 % Medicare RBRVS. ",60,,,,,,,Fee Schedule,"193 % Medicare RBRVS. ",60,,,,,,,Fee Schedule,"193 % Medicare RBRVS. ",155.76,,,,,,,Fee Schedule,"500.997105178514 % Medicare Physician FS TC Rates Only. ",155.76,,,,,,,Fee Schedule,"500.997105178514 % Medicare Physician FS TC Rates Only. ",155.76,,,,,,,Fee Schedule,"500.997105178514 % Medicare Physician FS TC Rates Only. ",155.76,,,,,,,Fee Schedule,"500.997105178514 % Medicare Physician FS TC Rates Only. ",156.975,50,,,,,0,percent of total billed charges,50 percent of billed charges; No services were performed during the 15 month look back period.,156.975,50,,,,,0,percent of total billed charges,50 percent of billed charges; No services were performed during the 15 month look back period.,125.83,,,,,,,Case Rate,"100% Medicare OPPS FS. ",125.83,,,,,,,Case Rate,"100% Medicare OPPS FS. ",125.83,,,,,,,Case Rate,"100% Medicare OPPS FS. ",231.07,,,,,,,Fee Schedule,"758.1 % 2013 Manhattan Medicare. ",231.07,,,,,,,Fee Schedule,"758.1 % 2013 Manhattan Medicare. ",231.07,,,,,,,Fee Schedule,"758.1 % 2013 Manhattan Medicare. ",156.975,50,,,,,0,percent of total billed charges,50 percent of billed charges; No services were performed during the 15 month look back period.,155.76,,,,,,,Fee Schedule,"500.997105178514 % Medicare Physician FS TC Rates Only. ",125.83,,,,,,,Case Rate,"100% Medicare OPPS FS. ",231.07,,,,,,,Fee Schedule,"758.1 % 2013 Manhattan Medicare. ",95.21,,,,,,,Case Rate,"100 Percent of Medicaid APG. ",128.35,,,,,,,Case Rate,"102% of Medicare OPPS. ",128.35,,,,,,,Case Rate,"102% of Medicare OPPS. ",128.35,,,,,,,Case Rate,"102% of Medicare OPPS. ",28.85,,,,,,,Fee schedule,"90 Percent of Medicare RBRVS. ",214.22,,,,,,,Case Rate,225% of NYS APG. Lesser of 100% of billed charges applies.,214.22,,,,,,,Case Rate,225% of NYS APG. Lesser of 100% of billed charges applies.,214.22,,,,,,,Case Rate,225% of NYS APG. Lesser of 100% of billed charges applies.,214.22,,,,,,,Case Rate,225% of NYS APG. Lesser of 100% of billed charges applies.,214.22,,,,,,,Case Rate,225% of NYS APG. Lesser of 100% of billed charges applies.,128.35,,,,,,,Case Rate,"102% of Medicare OPPS. ",95.21,,,,,,,Case Rate,"100 Percent of Medicaid APG. ",28.95,,,,,,,Case Rate,100% of PAS. Lesser of 100% of billed charges applies.,214.22,,,,,,,Case Rate,225% of NYS APG. Lesser of 100% of billed charges applies.,214.22,,,,,,,Case Rate,225% of NYS APG. Lesser of 100% of billed charges applies.,28.95,,,,,,,Case Rate,100% of PAS. Lesser of 100% of billed charges applies.,28.95,,,,,,,Case Rate,100% of PAS. Lesser of 100% of billed charges applies.,51.3,,,,,,,Fee Schedule,"160 Percent of Medicare RBRVS. ",125.83,,,,,,,Case Rate,"100% Medicare OPPS FS. ",125.83,,,,,,,Case Rate,"100% Medicare OPPS FS. ",155.76,,,,,,,Fee Schedule,"500.997105178514 % Medicare Physician FS TC Rates Only. ",125.83,,,,,,,Case Rate,"100% Medicare OPPS FS. ",214.22,,,,,,,Fee Schedule,"225 Percent of Medicaid APG. ",214.22,,,,,,,Fee Schedule,"225 Percent of Medicaid APG. ",28.85,,,,,,,Fee schedule,"90 Percent of Medicare RBRVS. ",28.85,,,,,,,Fee schedule,"90 Percent of Medicare RBRVS. ",214.22,,,,,,,Case Rate,225 Percent of Medicaid APG. Covered services not payable under Medicaid Fee Schedules default to a payment of 87.5 percent of charges.,28.85,,,,,,,Fee schedule,90 Percent of Medicare RBRVS. Covered services not payable under Medicaid Fee Schedules default to a payment of 50 percent of charges.,214.22,,,,,,,Case Rate,"100 Percent of Medicaid APG. ",214.22,,,,,,,Case Rate,"100 Percent of Medicaid APG. ",214.22,,,,,,,Case Rate,"100 Percent of Medicaid APG. ",214.22,,,,,,,Case Rate,"100 Percent of Medicaid APG. ",320.68,,,,,,,Fee Schedule,"1019 % Manhattan Facility Rate. ",156.975,50,,,,,0,percent of total billed charges,50 percent of billed charges; No services were performed during the 15 month look back period.,114.25,,,,,,,Case Rate,"120 Percent of Medicaid APG. Not APG payable, or payable under another fee schedule like ASP/AWP pays at 30% of charges",114.25,,,,,,,Case Rate,"120 Percent of Medicaid APG. Not APG payable, or payable under another fee schedule like ASP/AWP pays at 30% of charges",95.21,,,,,,,Case Rate,"100 Percent of Medicaid APG. Not APG payable, or payable under another fee schedule like ASP/AWP pays at 30% of charges",95.21,,,,,,,Case Rate,"100 Percent of Medicaid APG. Not APG payable, or payable under another fee schedule like ASP/AWP pays at 30% of charges",231.07,,,,,,,Fee Schedule,"758.1 % 2013 Manhattan Medicare. ",231.07,,,,,,,Fee Schedule,"758.1 % 2013 Manhattan Medicare. ",125.83,,,,,,,Case Rate,"100% Medicare OPPS FS. ",231.07,,,,,,,Fee Schedule,"758.1 % 2013 Manhattan Medicare. ",231.07,,,,,,,Fee Schedule,"758.1 % 2013 Manhattan Medicare. ",231.07,,,,,,,Fee Schedule,"758.1 % 2013 Manhattan Medicare. ",231.07,,,,,,,Fee Schedule,"758.1 % 2013 Manhattan Medicare. ",125.83,,,,,,,Case Rate,"100% Medicare OPPS FS. ",231.07,,,,,,,Fee Schedule,"758.1 % 2013 Manhattan Medicare. ",231.07,,,,,,,Fee Schedule,"758.1 % 2013 Manhattan Medicare. ",155.76,,,,,,,Fee Schedule,"500.997105178514 % Medicare Physician FS TC Rates Only. ",104.73,,,,,,,Fee Schedule,110% of APG. Lesser of 100% of billed charges applies.,28.85,,,,,,,Fee schedule,90 Percent of Medicare RBRVS. Covered services not payable under Medicaid Fee Schedules default to a payment of 50 percent of charges.,214.22,,,,,,,Case Rate,225% of NYS APG. Lesser of 100% of billed charges applies.,214.22,,,,,,,Case Rate,225 Percent of Medicaid APG. Covered services not payable under Medicaid Fee Schedules default to a payment of 87.5 percent of charges.,28.85,,,,,,,Fee schedule,90 Percent of Medicare RBRVS. Covered services not payable under Medicaid Fee Schedules default to a payment of 50 percent of charges.,214.22,,,,,,,Case Rate,225% of NYS APG. Lesser of 100% of billed charges applies.,214.22,,,,,,,Case Rate,225% of NYS APG. Lesser of 100% of billed charges applies.,214.22,,,,,,,Case Rate,225% of NYS APG. Lesser of 100% of billed charges applies.,214.22,,,,,,,Case Rate,225% of NYS APG. Lesser of 100% of billed charges applies.,214.22,,,,,,,Case Rate,225% of NYS APG. Lesser of 100% of billed charges applies.,214.22,,,,,,,Case Rate,225% of NYS APG. Lesser of 100% of billed charges applies.,,,,,,,,,"NA. ",,,,,,,,,"NA. ",,,,,,,,,"NA. ",71.54,,,,,,,Fee Schedule,"250 % 2018 Cigna RBRVS fee schedule. ",,,,,,,,,"NA. ",125.83,,,,,,,Case Rate,"100% Medicare OPPS FS. ",32,,,,,,,Fee Schedule,"100 % 1199 Fee Schedule. ",125.83,,,,,,,Case Rate,"100% Medicare OPPS FS. ",125.83,,,,,,,Case Rate,"100% Medicare OPPS FS. ",114.25,,,,,,,Case Rate,"120 Percent of Medicaid APG. Not APG payable, or payable under another fee schedule like ASP/AWP pays at 30% of charges",114.25,,,,,,,Case Rate,"120 Percent of Medicaid APG. Not APG payable, or payable under another fee schedule like ASP/AWP pays at 30% of charges",95.21,,,,,,,Case Rate,"100 Percent of Medicaid APG. Not APG payable, or payable under another fee schedule like ASP/AWP pays at 30% of charges",95.21,,,,,,,Case Rate,"100 Percent of Medicaid APG. Not APG payable, or payable under another fee schedule like ASP/AWP pays at 30% of charges",95.21,,,,,,,Case Rate,"100 Percent of Medicaid APG. ",67.47,,,,,,,Fee Schedule,"217 % Medicare RBRVS. ",155.76,,,,,,,Fee Schedule,"500.997105178514 % Medicare Physician FS TC Rates Only. ",79.28,,,,,,,Fee Schedule,"255 % Medicare RBRVS. ",71.54,,,,,,,Fee Schedule,"250 % 2018 Cigna RBRVS fee schedule. ",125.83,,,,,,,Case Rate,"100%Medicare OPPS FS. ",125.83,,,,,,,Case Rate,"100% Medicare OPPS FS. ",125.83,,,,,,,Case Rate,"100% Medicare OPPS FS. ",125.83,,,,,,,Case Rate,"100% Medicare OPPS FS. ",125.83,,,,,,,Case Rate,"100%Medicare OPPS FS. ",125.83,,,,,,,Case Rate,"100% Medicare OPPS FS. ",,,,,,,,,"NA. ",214.22,,,,,,,Case Rate,225% of NYS APG. Lesser of 100% of billed charges applies.,28.95,,,,,,,Case Rate,100% of PAS. Lesser of 100% of billed charges applies.,231.07,,,,,,,Fee Schedule,"758.1 % 2013 Manhattan Medicare. ",67.47,,,,,,,Fee Schedule,"217 % Medicare RBRVS. ",67.47,,,,,,,Fee Schedule,"217 % Medicare RBRVS. ",67.47,,,,,,,Fee Schedule,"217 % Medicare RBRVS. ",67.47,,,,,,,Fee Schedule,"217 % Medicare RBRVS. ",125.83,,,,,,,Case Rate,"100% Medicare OPPS FS. ",95.21,,,,,,,Case Rate,"100 Percent of Medicaid APG. ",231.07,,,,,,,Fee Schedule,"758.1 % 2013 Manhattan Medicare. ",95.21,,,,,,,Case Rate,"100 Percent of Medicaid APG. ",125.83,,,,,,,Case Rate,"100% Medicare OPPS FS. ",95.21,,,,,,,Case Rate,"100 Percent of Medicaid APG. ",125.83,,,,,,,Case Rate,"100% Medicare OPPS FS. ",125.83,,,,,,,Case Rate,"100% Medicare OPPS FS. ",95.21,,,,,,,Case Rate,"100 Percent of Medicaid APG. ",95.21,,,,,,,Case Rate,"100 Percent of Medicaid APG. ",67.47,,,,,,,Fee Schedule,"217 % Medicare RBRVS. ",71.54,,,,,,,Fee Schedule,"250 % 2018 Cigna RBRVS fee schedule. ",244.881,78,,,,,0,percent of total billed charges,78% of Billed Charges. Lesser of 100% of billed charges applies.; No services were performed during the 15 month look back period.,225.93,,,,,,,Other,. Paid once per unit per revenue code and lesser of 100% of billed charges.,225.93,,,,,,,Other,. Paid once per unit per revenue code and lesser of 100% of billed charges.,155.76,,,,,,,Fee Schedule,"500.997105178514 % Medicare Physician FS TC Rates Only. ",123.32,,,,,,,Case Rate,"98% of RBRVS. ",60,,,,,,,Fee Schedule,"193 % Medicare RBRVS. ",60,,,,,,,Fee Schedule,"193 % Medicare RBRVS. ",184.86,,,,,,,Fee Schedule,"606.5 % 2013 Manhattan Medicare. ",184.86,,,,,,,Fee Schedule,"606.5 % 2013 Manhattan Medicare. ",125.83,,,,,,,Case Rate,"100% Medicare OPPS FS. ",125.83,,,,,,,Case Rate,"100% Medicare OPPS FS. ",125.83,,,,,,,Case Rate,"100% Medicare OPPS FS. ",125.83,,,,,,,Case Rate,"100% Medicare OPPS FS. ",225.93,,,,,,,Other,. Paid once per unit per revenue code and lesser of 100% of billed charges.,231.07,,,,,,,Fee Schedule,"758.1 % 2013 Manhattan Medicare. ",231.07,,,,,,,Fee Schedule,"758.1 % 2013 Manhattan Medicare. ",125.83,,,,,,,Case Rate,"100% Medicare OPPS FS. ",184.86,,,,,,,Fee Schedule,"606.5 % 2013 Manhattan Medicare. ",79.28,,,,,,,Fee Schedule,"255 % Medicare RBRVS. ",114.25,,,,,,,Fee Schedule,"120 Percent of Medicaid APG. ",95.21,,,,,,,Case Rate,"100 Percent of Medicaid APG. ",67.47,,,,,,,Fee Schedule,"217 % Medicare RBRVS. ",207.97,,,,,,,Fee Schedule,"682.3 % 2013 Manhattan Medicare. ",207.97,,,,,,,Fee Schedule,"682.3 % 2013 Manhattan Medicare. ",231.07,,,,,,,Fee Schedule,"758.1 % 2013 Manhattan Medicare. ",156.975,50,,,,,0,percent of total billed charges,50 percent of billed charges; No services were performed during the 15 month look back period.,125.83,,,,,,,Case Rate,"100%Medicare OPPS FS. ",99.97,,,,,,,Fee Schedule,105 percent of Medicaid APG. otherwise 105% of Ordered NYS MCD FS or 105% of ASP+6%,99.97,,,,,,,Fee Schedule,105 percent of Medicaid APG. otherwise 105% of Ordered NYS MCD FS or 105% of ASP+6%,99.97,,,,,,,Fee Schedule,105 percent of Medicaid APG. otherwise 105% of Ordered NYS MCD FS or 105% of ASP+6%,128.53,,,,,,,Fee Schedule,135 percent of Medicaid APG. otherwise 135% of Ordered NYS MCD FS or 135% of ASP+6%,225.93,,,,,,,Other,. Paid once per unit per revenue code and lesser of 100% of billed charges.,99.97,,,,,,,Fee Schedule,105 percent of Medicaid APG. otherwise 105% of Ordered NYS MCD FS or 105% of ASP+6%,99.97,,,,,,,Fee Schedule,105 percent of Medicaid APG. otherwise 105% of Ordered NYS MCD FS or 105% of ASP+6%,99.97,,,,,,,Fee Schedule,105 percent of Medicaid APG. otherwise 105% of Ordered NYS MCD FS or 105% of ASP+6%,99.97,,,,,,,Fee Schedule,105 percent of Medicaid APG. otherwise 105% of Ordered NYS MCD FS or 105% of ASP+6%,99.97,,,,,,,Fee Schedule,105 percent of Medicaid APG. otherwise 105% of Ordered NYS MCD FS or 105% of ASP+6%,128.53,,,,,,,Fee Schedule,135 percent of Medicaid APG. otherwise 135% of Ordered NYS MCD FS or 135% of ASP+6%,128.53,,,,,,,Fee Schedule,135 percent of Medicaid APG. otherwise 135% of Ordered NYS MCD FS or 135% of ASP+6%,125.83,,,,,,,Case Rate,"100% Medicare OPPS FS. ",225.93,,,,,,,Other,. Paid once per unit per revenue code and lesser of 100% of billed charges.,125.83,,,,,,,Case Rate,"100% Medicare OPPS FS. ",99.97,,,,,,,Fee Schedule,105 percent of Medicaid APG. otherwise 105% of Ordered NYS MCD FS or 105% of ASP+6%,231.07,,,,,,,Fee Schedule,"758.1 % 2013 Manhattan Medicare. ",125.83,,,,,,,Case Rate,"100% Medicare OPPS FS. ",231.07,,,,,,,Fee Schedule,"758.1 % 2013 Manhattan Medicare. ",231.07,,,,,,,Fee Schedule,"758.1 % 2013 Manhattan Medicare. ",231.07,,,,,,,Fee Schedule,"758.1 % 2013 Manhattan Medicare. ",99.97,,,,,,,Fee Schedule,105 percent of Medicaid APG. otherwise 105% of Ordered NYS MCD FS or 105% of ASP+6%,125.83,,,,,,,Case Rate,"100% Medicare OPPS FS. ",231.07,,,,,,,Fee Schedule,"758.1 % 2013 Manhattan Medicare. ",128.53,,,,,,,Fee Schedule,135 percent of Medicaid APG. otherwise 135% of Ordered NYS MCD FS or 135% of ASP+6%,231.07,,,,,,,Fee Schedule,"758.1 % 2013 Manhattan Medicare. ",188.75,,,,,,,Case Rate,"150% of Medicare OPPS. ",125.83,,,,,,,Case Rate,"100%Medicare OPPS FS. ",67.47,,,,,,,Fee Schedule,"217 % Medicare RBRVS. ",67.47,,,,,,,Fee Schedule,"217 % Medicare RBRVS. ",67.47,,,,,,,Fee Schedule,"217 % Medicare RBRVS. ",67.47,,,,,,,Fee Schedule,"217 % Medicare RBRVS. ",67.47,,,,,,,Fee Schedule,"217 % Medicare RBRVS. ",79.28,,,,,,,Fee Schedule,"255 % Medicare RBRVS. ",79.28,,,,,,,Fee Schedule,"255 % Medicare RBRVS. ",67.47,,,,,,,Fee Schedule,"217 % Medicare RBRVS. ",67.47,,,,,,,Fee Schedule,"217 % Medicare RBRVS. ",67.47,,,,,,,Fee Schedule,"217 % Medicare RBRVS. ",67.47,,,,,,,Fee Schedule,"217 % Medicare RBRVS. ",67.47,,,,,,,Fee Schedule,"217 % Medicare RBRVS. ",125.83,,,,,,,Case Rate,"100% Medicare OPPS FS. ",79.28,,,,,,,Fee Schedule,"255 % Medicare RBRVS. ",125.83,,,,,,,Case Rate,"100% Medicare OPPS FS. ",214.22,,,,,,,Case Rate,"225 Percent of Medicaid APG. If not included in Medicaid APG, then 100 Percent of Manhattan Medicare",95.21,,,,,,,Case Rate,"100 Percent of Medicaid APG. If not priced under APG, then Metroplus FeeSched",225.93,,,,,,,Other,. Paid once per unit per revenue code and lesser of 100% of billed charges.,225.93,,,,,,,Other,. Paid once per unit per revenue code and lesser of 100% of billed charges.,125.83,,,,,,,Case Rate,"100% Medicare OPPS FS. ",60,,,,,,,Fee Schedule,"193 % Medicare RBRVS. ",125.83,,,,,,,Case Rate,"100% Medicare OPPS FS. ",125.83,,,,,,,Case Rate,"100% Medicare OPPS FS. ",155.76,,,,,,,Fee Schedule,"500.997105178514 % Medicare Physician FS TC Rates Only. ",125.83,,,,,,,Case Rate,"100% Medicare OPPS FS. ",71.54,,,,,,,Fee Schedule,"250 % 2018 Cigna RBRVS fee schedule. ",125.83,,,,,,,Case Rate,"100% Medicare OPPS FS. ",71.54,,,,,,,Fee Schedule,"250 % 2018 Cigna RBRVS fee schedule. ",155.76,,,,,,,Fee Schedule,"500.997105178514 % Medicare Physician FS TC Rates Only. ",71.54,,,,,,,Fee Schedule,"250 % 2018 Cigna RBRVS fee schedule. ",125.83,,,,,,,Case Rate,"100% Medicare OPPS FS. ",95.21,,,,,,,Case Rate,"100 Percent of Medicaid APG. ",125.83,,,,,,,Case Rate,"100% Medicare OPPS FS. ",71.54,,,,,,,Fee Schedule,"250 % 2018 Cigna RBRVS fee schedule. ",225.93,,,,,,,Other,. Paid once per unit per revenue code and lesser of 100% of billed charges.,95.21,,,,,,,Case Rate,"100 Percent of Medicaid APG. ",231.07,,,,,,,Fee Schedule,"758.1 % 2013 Manhattan Medicare. ",114.25,,,,,,,Fee Schedule,"120 Percent of Medicaid APG. ",114.25,,,,,,,Fee Schedule,"120 Percent of Medicaid APG. ",231.07,,,,,,,Fee Schedule,"758.1 % 2013 Manhattan Medicare. ",231.07,,,,,,,Fee Schedule,"758.1 % 2013 Manhattan Medicare. ",231.07,,,,,,,Fee Schedule,"758.1 % 2013 Manhattan Medicare. ",225.93,,,,,,,Other,. Paid once per unit per revenue code and lesser of 100% of billed charges.,231.07,,,,,,,Fee Schedule,"758.1 % 2013 Manhattan Medicare. ",231.07,,,,,,,Fee Schedule,"758.1 % 2013 Manhattan Medicare. ",231.07,,,,,,,Fee Schedule,"758.1 % 2013 Manhattan Medicare. ",67.47,,,,,,,Fee Schedule,"217 % Medicare RBRVS. ",67.47,,,,,,,Fee Schedule,"217 % Medicare RBRVS. ",249.15,,,,,,,Case Rate,198 Percent of Medicare OPPS. Metroplus will reimburse unlisted codes and described codes with no Medicare rate at 50 percent of charges.,95.21,,,,,,,Case Rate,"100 Percent of Medicaid APG. ",225.93,,,,,,,Other,. Paid once per unit per revenue code and lesser of 100% of billed charges.,71.54,,,,,,,Fee Schedule,"250 % 2018 Cigna RBRVS fee schedule. ",155.76,,,,,,,Fee Schedule,"500.997105178514 % Medicare Physician FS TC Rates Only. ",225.93,,,,,,,Other,. Paid once per unit per revenue code and lesser of 100% of billed charges.,155.76,,,,,,,Fee Schedule,"500.997105178514 % Medicare Physician FS TC Rates Only. ",225.93,,,,,,,Other,. Paid once per unit per revenue code and lesser of 100% of billed charges.,231.07,,,,,,,Fee Schedule,"758.1 % 2013 Manhattan Medicare. ",231.07,,,,,,,Fee Schedule,"758.1 % 2013 Manhattan Medicare. ",231.07,,,,,,,Fee Schedule,"758.1 % 2013 Manhattan Medicare. ",231.07,,,,,,,Fee Schedule,"758.1 % 2013 Manhattan Medicare. ",125.83,,,,,,,Case Rate,"100% Medicare OPPS FS. ",28.85,329.65,
71555,CPT,2020703,LOCAL,618,RC,HC MRA CHEST W/O FOL W/CONT,6637.82,1261.1858,both,,,,360,,,,,,,Fee Schedule,"100 % 1199 Fee Schedule. ",360,,,,,,,Fee Schedule,"100 % 1199 Fee Schedule. ",1441.13,,,,,,,Fee Schedule,"501.001216756475 % Medicare Physician FS TC Rates Only. ",6637.82,100,,,,,0,percent of total billed charges,100 percent of billed charges. ; No services were performed during the 15 month look back period.,378.05,,,,,,,Other,"Not Payable. ",1441.13,,,,,,,Fee Schedule,"501.001216756475 % Medicare Physician FS TC Rates Only. ",1441.13,,,,,,,Fee Schedule,"501.001216756475 % Medicare Physician FS TC Rates Only. ",1441.13,,,,,,,Fee Schedule,"501.001216756475 % Medicare Physician FS TC Rates Only. ",668.91,,,,,,,Case Rate,"100 Percent of Medicaid APG. ",557.43,,,,,,,Case Rate,"100 Percent of Medicaid APG. ",5177.4996,78,,,,,0,percent of total billed charges,78% of Billed Charges. Lesser of 100% of billed charges applies.; No services were performed during the 15 month look back period.,2510.81,,,,,,,Other,. Paid once per unit per revenue code and lesser of 100% of billed charges.,557.43,,,,,,,Case Rate,"100 Percent of Medicaid APG. ",378.05,,,,,,,Other,"Not Payable. ",932.15,,,,,,,Fee Schedule,"250 % 2018 Cigna RBRVS fee schedule. ",932.15,,,,,,,Fee Schedule,"250 % 2018 Cigna RBRVS fee schedule. ",932.15,,,,,,,Fee Schedule,"250 % 2018 Cigna RBRVS fee schedule. ",932.15,,,,,,,Fee Schedule,"250 % 2018 Cigna RBRVS fee schedule. ",266.68,,,,,,,Fee schedule,90 Percent of Medicare RBRVS. Covered services not payable under Medicaid Fee Schedules default to a payment of 50 percent of charges.,378.05,,,,,,,Other,"Not Payable. ",266.68,,,,,,,Fee schedule,90 Percent of Medicare RBRVS. Covered services not payable under Medicaid Fee Schedules default to a payment of 50 percent of charges.,5177.4996,78,,,,,0,percent of total billed charges,78% of Billed Charges. Lesser of 100% of billed charges applies.; No services were performed during the 15 month look back period.,1441.13,,,,,,,Fee Schedule,"501.001216756475 % Medicare Physician FS TC Rates Only. ",378.05,,,,,,,Other,"Not Payable. ",733.51,,,,,,,Fee Schedule,"255 % Medicare RBRVS. ",378.05,,,,,,,Other,"Not Payable. ",378.05,,,,,,,Other,"Not Payable. ",5177.4996,78,,,,,0,percent of total billed charges,78% of Billed Charges. Lesser of 100% of billed charges applies.; No services were performed during the 15 month look back period.,266.68,,,,,,,Fee Schedule,90 Percent of Medicare RBRVS. Lesser of 100% of billed charges applies.,266.68,,,,,,,Fee Schedule,90 Percent of Medicare RBRVS. Lesser of 100% of billed charges applies.,557.43,,,,,,,Case rate,"100 Percent of Medicaid APG. ",557.43,,,,,,,Case rate,"100 Percent of Medicaid APG. ",733.51,,,,,,,Fee Schedule,"255 % Medicare RBRVS. ",733.51,,,,,,,Fee Schedule,"255 % Medicare RBRVS. ",557.43,,,,,,,Case Rate,"100 Percent of Medicaid APG. Not APG payable, or payable under another fee schedule like ASP/AWP pays at 30% of charges",733.51,,,,,,,Fee Schedule,"255 % Medicare RBRVS. ",557.43,,,,,,,Case Rate,"100 Percent of Medicaid APG. Not APG payable, or payable under another fee schedule like ASP/AWP pays at 30% of charges",378.05,,,,,,,Other,"Not Payable. ",733.51,,,,,,,Fee Schedule,"255 % Medicare RBRVS. ",5177.4996,78,,,,,0,percent of total billed charges,78% of Billed Charges. Lesser of 100% of billed charges applies.; No services were performed during the 15 month look back period.,557.43,,,,,,,Case Rate,"100 Percent of Medicaid APG. ",557.43,,,,,,,Case Rate,"100 Percent of Medicaid APG. ",5177.4996,78,,,,,0,percent of total billed charges,78% of Billed Charges. Lesser of 100% of billed charges applies.; No services were performed during the 15 month look back period.,932.15,,,,,,,Fee Schedule,"250 % 2018 Cigna RBRVS fee schedule. ",2426,,,,,,,Other,. Paid once per unit per revenue code and lesser of 100% of billed charges.,2426,,,,,,,Other,. Paid once per unit per revenue code and lesser of 100% of billed charges.,5177.4996,78,,,,,0,percent of total billed charges,78% of Billed Charges. Lesser of 100% of billed charges applies.; No services were performed during the 15 month look back period.,378.05,,,,,,,Other,"Not Payable. ",2510.81,,,,,,,Other,. Paid once per unit per revenue code and lesser of 100% of billed charges.,2510.81,,,,,,,Other,. Paid once per unit per revenue code and lesser of 100% of billed charges.,2510.81,,,,,,,Other,. Paid once per unit per revenue code and lesser of 100% of billed charges.,378.05,,,,,,,Other,"Not Payable. ",2510.81,,,,,,,Other,. Paid once per unit per revenue code and lesser of 100% of billed charges.,2510.81,,,,,,,Other,. Paid once per unit per revenue code and lesser of 100% of billed charges.,378.05,,,,,,,Other,"Not Payable. ",3318.91,50,,,,,0,percent of total billed charges,50 percent of billed charges; No services were performed during the 15 month look back period.,3381.05,,,,,,,Fee Schedule,"758.1 % 2013 Manhattan Medicare. ",3381.05,,,,,,,Fee Schedule,"758.1 % 2013 Manhattan Medicare. ",3381.05,,,,,,,Fee Schedule,"758.1 % 2013 Manhattan Medicare. ",3381.05,,,,,,,Fee Schedule,"758.1 % 2013 Manhattan Medicare. ",3381.05,,,,,,,Fee Schedule,"758.1 % 2013 Manhattan Medicare. ",3381.05,,,,,,,Fee Schedule,"758.1 % 2013 Manhattan Medicare. ",378.05,,,,,,,Other,"Not Payable. ",378.05,,,,,,,Other,"Not Payable. ",3381.05,,,,,,,Fee Schedule,"758.1 % 2013 Manhattan Medicare. ",5177.4996,78,,,,,0,percent of total billed charges,78% of Billed Charges. Lesser of 100% of billed charges applies.; No services were performed during the 15 month look back period.,5177.4996,78,,,,,0,percent of total billed charges,78% of Billed Charges. Lesser of 100% of billed charges applies.; No services were performed during the 15 month look back period.,5177.4996,78,,,,,0,percent of total billed charges,78% of Billed Charges. Lesser of 100% of billed charges applies.; No services were performed during the 15 month look back period.,5177.4996,78,,,,,0,percent of total billed charges,78% of Billed Charges. Lesser of 100% of billed charges applies.; No services were performed during the 15 month look back period.,5177.4996,78,,,,,0,percent of total billed charges,78% of Billed Charges. Lesser of 100% of billed charges applies.; No services were performed during the 15 month look back period.,5177.4996,78,,,,,0,percent of total billed charges,78% of Billed Charges. Lesser of 100% of billed charges applies.; No services were performed during the 15 month look back period.,5177.4996,78,,,,,0,percent of total billed charges,78% of Billed Charges. Lesser of 100% of billed charges applies.; No services were performed during the 15 month look back period.,5177.4996,78,,,,,0,percent of total billed charges,78% of Billed Charges. Lesser of 100% of billed charges applies.; No services were performed during the 15 month look back period.,5177.4996,78,,,,,0,percent of total billed charges,78% of Billed Charges. Lesser of 100% of billed charges applies.; No services were performed during the 15 month look back period.,5177.4996,78,,,,,0,percent of total billed charges,78% of Billed Charges. Lesser of 100% of billed charges applies.; No services were performed during the 15 month look back period.,5177.4996,78,,,,,0,percent of total billed charges,78% of Billed Charges. Lesser of 100% of billed charges applies.; No services were performed during the 15 month look back period.,5177.4996,78,,,,,0,percent of total billed charges,78% of Billed Charges. Lesser of 100% of billed charges applies.; No services were performed during the 15 month look back period.,5177.4996,78,,,,,0,percent of total billed charges,78% of Billed Charges. Lesser of 100% of billed charges applies.; No services were performed during the 15 month look back period.,5177.4996,78,,,,,0,percent of total billed charges,78% of Billed Charges. Lesser of 100% of billed charges applies.; No services were performed during the 15 month look back period.,5177.4996,78,,,,,0,percent of total billed charges,78% of Billed Charges. Lesser of 100% of billed charges applies.; No services were performed during the 15 month look back period.,5177.4996,78,,,,,0,percent of total billed charges,78% of Billed Charges. Lesser of 100% of billed charges applies.; No services were performed during the 15 month look back period.,5177.4996,78,,,,,0,percent of total billed charges,78% of Billed Charges. Lesser of 100% of billed charges applies.; No services were performed during the 15 month look back period.,5177.4996,78,,,,,0,percent of total billed charges,78% of Billed Charges. Lesser of 100% of billed charges applies.; No services were performed during the 15 month look back period.,5177.4996,78,,,,,0,percent of total billed charges,78% of Billed Charges. Lesser of 100% of billed charges applies.; No services were performed during the 15 month look back period.,5177.4996,78,,,,,0,percent of total billed charges,78% of Billed Charges. Lesser of 100% of billed charges applies.; No services were performed during the 15 month look back period.,5177.4996,78,,,,,0,percent of total billed charges,78% of Billed Charges. Lesser of 100% of billed charges applies.; No services were performed during the 15 month look back period.,5177.4996,78,,,,,0,percent of total billed charges,78% of Billed Charges. Lesser of 100% of billed charges applies.; No services were performed during the 15 month look back period.,5177.4996,78,,,,,0,percent of total billed charges,78% of Billed Charges. Lesser of 100% of billed charges applies.; No services were performed during the 15 month look back period.,5177.4996,78,,,,,0,percent of total billed charges,78% of Billed Charges. Lesser of 100% of billed charges applies.; No services were performed during the 15 month look back period.,5177.4996,78,,,,,0,percent of total billed charges,78% of Billed Charges. Lesser of 100% of billed charges applies.; No services were performed during the 15 month look back period.,5177.4996,78,,,,,0,percent of total billed charges,78% of Billed Charges. Lesser of 100% of billed charges applies.; No services were performed during the 15 month look back period.,733.51,,,,,,,Fee Schedule,"255 % Medicare RBRVS. ",733.51,,,,,,,Fee Schedule,"255 % Medicare RBRVS. ",733.51,,,,,,,Fee Schedule,"255 % Medicare RBRVS. ",733.51,,,,,,,Fee Schedule,"255 % Medicare RBRVS. ",555.16,,,,,,,Fee Schedule,"193 % Medicare RBRVS. ",555.16,,,,,,,Fee Schedule,"193 % Medicare RBRVS. ",932.15,,,,,,,Fee Schedule,"250 % 2018 Cigna RBRVS fee schedule. ",3381.05,,,,,,,Fee Schedule,"758.1 % 2013 Manhattan Medicare. ",2510.81,,,,,,,Other,. Paid once per unit per revenue code and lesser of 100% of billed charges.,3381.05,,,,,,,Fee Schedule,"758.1 % 2013 Manhattan Medicare. ",5177.4996,78,,,,,0,percent of total billed charges,78% of Billed Charges. Lesser of 100% of billed charges applies.; No services were performed during the 15 month look back period.,555.16,,,,,,,Fee Schedule,"193 % Medicare RBRVS. ",3381.05,,,,,,,Fee Schedule,"758.1 % 2013 Manhattan Medicare. ",2510.81,,,,,,,Other,. Paid once per unit per revenue code and lesser of 100% of billed charges.,932.15,,,,,,,Fee Schedule,"250 % 2018 Cigna RBRVS fee schedule. ",,,,,,,,,"NA. ",5177.4996,78,,,,,0,percent of total billed charges,78% of Billed Charges. Lesser of 100% of billed charges applies.; No services were performed during the 15 month look back period.,557.43,,,,,,,Case Rate,"100 Percent of Medicaid APG. ",733.51,,,,,,,Fee Schedule,"255 % Medicare RBRVS. ",557.43,,,,,,,Case Rate,"100 Percent of Medicaid APG. Not APG payable, or payable under another fee schedule like ASP/AWP pays at 30% of charges",378.05,,,,,,,Other,"Not Payable. ",378.05,,,,,,,Other,"Not Payable. ",3318.91,50,,,,,0,percent of total billed charges,50 percent of billed charges; No services were performed during the 15 month look back period.,378.05,,,,,,,Other,"Not Payable. ",378.05,,,,,,,Other,"Not Payable. ",557.43,,,,,,,Case Rate,"100 Percent of Medicaid APG. ",378.05,,,,,,,Other,"Not Payable. ",378.05,,,,,,,Other,"Not Payable. ",1441.13,,,,,,,Fee Schedule,"501.001216756475 % Medicare Physician FS TC Rates Only. ",1441.13,,,,,,,Fee Schedule,"501.001216756475 % Medicare Physician FS TC Rates Only. ",378.05,,,,,,,Other,"Not Payable. ",932.15,,,,,,,Fee Schedule,"250 % 2018 Cigna RBRVS fee schedule. ",2510.81,,,,,,,Other,. Paid once per unit per revenue code and lesser of 100% of billed charges.,2510.81,,,,,,,Other,. Paid once per unit per revenue code and lesser of 100% of billed charges.,378.05,,,,,,,Other,"Not Payable. ",932.15,,,,,,,Fee Schedule,"250 % 2018 Cigna RBRVS fee schedule. ",1441.13,,,,,,,Fee Schedule,"501.001216756475 % Medicare Physician FS TC Rates Only. ",1441.13,,,,,,,Fee Schedule,"501.001216756475 % Medicare Physician FS TC Rates Only. ",1441.13,,,,,,,Fee Schedule,"501.001216756475 % Medicare Physician FS TC Rates Only. ",5177.4996,78,,,,,0,percent of total billed charges,78% of Billed Charges. Lesser of 100% of billed charges applies.; No services were performed during the 15 month look back period.,5177.4996,78,,,,,0,percent of total billed charges,78% of Billed Charges. Lesser of 100% of billed charges applies.; No services were performed during the 15 month look back period.,5177.4996,78,,,,,0,percent of total billed charges,78% of Billed Charges. Lesser of 100% of billed charges applies.; No services were performed during the 15 month look back period.,5177.4996,78,,,,,0,percent of total billed charges,78% of Billed Charges. Lesser of 100% of billed charges applies.; No services were performed during the 15 month look back period.,5177.4996,78,,,,,0,percent of total billed charges,78% of Billed Charges. Lesser of 100% of billed charges applies.; No services were performed during the 15 month look back period.,5177.4996,78,,,,,0,percent of total billed charges,78% of Billed Charges. Lesser of 100% of billed charges applies.; No services were performed during the 15 month look back period.,5177.4996,78,,,,,0,percent of total billed charges,78% of Billed Charges. Lesser of 100% of billed charges applies.; No services were performed during the 15 month look back period.,5177.4996,78,,,,,0,percent of total billed charges,78% of Billed Charges. Lesser of 100% of billed charges applies.; No services were performed during the 15 month look back period.,5177.4996,78,,,,,0,percent of total billed charges,78% of Billed Charges. Lesser of 100% of billed charges applies.; No services were performed during the 15 month look back period.,5177.4996,78,,,,,0,percent of total billed charges,78% of Billed Charges. Lesser of 100% of billed charges applies.; No services were performed during the 15 month look back period.,5177.4996,78,,,,,0,percent of total billed charges,78% of Billed Charges. Lesser of 100% of billed charges applies.; No services were performed during the 15 month look back period.,555.16,,,,,,,Fee Schedule,"193 % Medicare RBRVS. ",3381.05,,,,,,,Fee Schedule,"758.1 % 2013 Manhattan Medicare. ",932.15,,,,,,,Fee Schedule,"250 % 2018 Cigna RBRVS fee schedule. ",378.05,,,,,,,Other,"Not Payable. ",1441.13,,,,,,,Fee Schedule,"501.001216756475 % Medicare Physician FS TC Rates Only. ",932.15,,,,,,,Fee Schedule,"250 % 2018 Cigna RBRVS fee schedule. ",932.15,,,,,,,Fee Schedule,"250 % 2018 Cigna RBRVS fee schedule. ",5177.4996,78,,,,,0,percent of total billed charges,78% of Billed Charges. Lesser of 100% of billed charges applies.; No services were performed during the 15 month look back period.,1192.89,,,,,,,Case Rate,"214 Percent of Medicaid APG. Drugs not priced under APG, billed with revenue code 636 and not priced by Medicare ASP FeeSched will be reimbursed at 20% of charges.",932.15,,,,,,,Fee Schedule,"250 % 2018 Cigna RBRVS fee schedule. ",557.43,,,,,,,Case Rate,"100 Percent of Medicaid APG. ",378.05,,,,,,,Other,"Not Payable. ",378.05,,,,,,,Other,"Not Payable. ",378.05,,,,,,,Other,"Not Payable. ",378.05,,,,,,,Other,"Not Payable. ",378.05,,,,,,,Other,"Not Payable. ",378.05,,,,,,,Other,"Not Payable. ",932.15,,,,,,,Fee Schedule,"250 % 2018 Cigna RBRVS fee schedule. ",3318.91,50,,,,,0,percent of total billed charges,50 percent of billed charges; No services were performed during the 15 month look back period.,474.1,,,,,,,Fee Schedule,"160 Percent of Medicare RBRVS. ",474.1,,,,,,,Fee Schedule,"160 Percent of Medicare RBRVS. ",474.1,,,,,,,Fee Schedule,"160 Percent of Medicare RBRVS. ",474.1,,,,,,,Fee Schedule,"160 Percent of Medicare RBRVS. ",474.1,,,,,,,Fee Schedule,"160 Percent of Medicare RBRVS. ",,,,,,,,,"NA. ",3318.91,50,,,,,0,percent of total billed charges,50 percent of billed charges; No services were performed during the 15 month look back period.,,,,,,,,Fee Schedule,"Not Payable. ",,,,,,,,Fee Schedule,"Not Payable. ",,,,,,,,Fee Schedule,"Not Payable. ",,,,,,,,Fee Schedule,"Not Payable. ",,,,,,,,Fee Schedule,"Not Payable. ",378.05,,,,,,,Other,"Not Payable. ",555.16,,,,,,,Fee Schedule,"193 % Medicare RBRVS. ",555.16,,,,,,,Fee Schedule,"193 % Medicare RBRVS. ",555.16,,,,,,,Fee Schedule,"193 % Medicare RBRVS. ",555.16,,,,,,,Fee Schedule,"193 % Medicare RBRVS. ",1441.13,,,,,,,Fee Schedule,"501.001216756475 % Medicare Physician FS TC Rates Only. ",1441.13,,,,,,,Fee Schedule,"501.001216756475 % Medicare Physician FS TC Rates Only. ",1441.13,,,,,,,Fee Schedule,"501.001216756475 % Medicare Physician FS TC Rates Only. ",1441.13,,,,,,,Fee Schedule,"501.001216756475 % Medicare Physician FS TC Rates Only. ",3318.91,50,,,,,0,percent of total billed charges,50 percent of billed charges; No services were performed during the 15 month look back period.,3318.91,50,,,,,0,percent of total billed charges,50 percent of billed charges; No services were performed during the 15 month look back period.,378.05,,,,,,,Other,"Not Payable. ",378.05,,,,,,,Other,"Not Payable. ",378.05,,,,,,,Other,"Not Payable. ",3381.05,,,,,,,Fee Schedule,"758.1 % 2013 Manhattan Medicare. ",3381.05,,,,,,,Fee Schedule,"758.1 % 2013 Manhattan Medicare. ",3381.05,,,,,,,Fee Schedule,"758.1 % 2013 Manhattan Medicare. ",3318.91,50,,,,,0,percent of total billed charges,50 percent of billed charges; No services were performed during the 15 month look back period.,1441.13,,,,,,,Fee Schedule,"501.001216756475 % Medicare Physician FS TC Rates Only. ",378.05,,,,,,,Other,"Not Payable. ",3381.05,,,,,,,Fee Schedule,"758.1 % 2013 Manhattan Medicare. ",557.43,,,,,,,Case Rate,"100 Percent of Medicaid APG. ",385.61,,,,,,,Other,"Not Payable. ",385.61,,,,,,,Other,"Not Payable. ",385.61,,,,,,,Other,"Not Payable. ",557.43,,,,,,,Case rate,"100 Percent of Medicaid APG. ",1254.21,,,,,,,Case Rate,225% of NYS APG. Lesser of 100% of billed charges applies.,1254.21,,,,,,,Case Rate,225% of NYS APG. Lesser of 100% of billed charges applies.,1254.21,,,,,,,Case Rate,225% of NYS APG. Lesser of 100% of billed charges applies.,1254.21,,,,,,,Case Rate,225% of NYS APG. Lesser of 100% of billed charges applies.,1254.21,,,,,,,Case Rate,225% of NYS APG. Lesser of 100% of billed charges applies.,385.61,,,,,,,Other,"Not Payable. ",557.43,,,,,,,Case Rate,"100 Percent of Medicaid APG. ",266.68,,,,,,,Fee Schedule,90 Percent of Medicare RBRVS. Lesser of 100% of billed charges applies.,1254.21,,,,,,,Case Rate,225% of NYS APG. Lesser of 100% of billed charges applies.,1254.21,,,,,,,Case Rate,225% of NYS APG. Lesser of 100% of billed charges applies.,266.68,,,,,,,Fee Schedule,90 Percent of Medicare RBRVS. Lesser of 100% of billed charges applies.,266.68,,,,,,,Fee Schedule,90 Percent of Medicare RBRVS. Lesser of 100% of billed charges applies.,474.1,,,,,,,Fee Schedule,"160 Percent of Medicare RBRVS. ",378.05,,,,,,,Other,"Not Payable. ",378.05,,,,,,,Other,"Not Payable. ",1441.13,,,,,,,Fee Schedule,"501.001216756475 % Medicare Physician FS TC Rates Only. ",378.05,,,,,,,Other,"Not Payable. ",1254.21,,,,,,,Case Rate,"225 Percent of Medicaid APG. ",1254.21,,,,,,,Case Rate,"225 Percent of Medicaid APG. ",557.43,,,,,,,Case rate,"100 Percent of Medicaid APG. ",557.43,,,,,,,Case rate,"100 Percent of Medicaid APG. ",1254.21,,,,,,,Case Rate,225 Percent of Medicaid APG. Covered services not payable under Medicaid Fee Schedules default to a payment of 87.5 percent of charges.,266.68,,,,,,,Fee schedule,90 Percent of Medicare RBRVS. Covered services not payable under Medicaid Fee Schedules default to a payment of 50 percent of charges.,1254.21,,,,,,,Case Rate,"100 Percent of Medicaid APG. ",1254.21,,,,,,,Case Rate,"100 Percent of Medicaid APG. ",1254.21,,,,,,,Case Rate,"100 Percent of Medicaid APG. ",1254.21,,,,,,,Case Rate,"100 Percent of Medicaid APG. ",3037.23,,,,,,,Fee Schedule,"1019 % Manhattan Facility Rate. ",3318.91,50,,,,,0,percent of total billed charges,50 percent of billed charges; No services were performed during the 15 month look back period.,668.91,,,,,,,Case Rate,"120 Percent of Medicaid APG. Not APG payable, or payable under another fee schedule like ASP/AWP pays at 30% of charges",668.91,,,,,,,Case Rate,"120 Percent of Medicaid APG. Not APG payable, or payable under another fee schedule like ASP/AWP pays at 30% of charges",557.43,,,,,,,Case Rate,"100 Percent of Medicaid APG. Not APG payable, or payable under another fee schedule like ASP/AWP pays at 30% of charges",557.43,,,,,,,Case Rate,"100 Percent of Medicaid APG. Not APG payable, or payable under another fee schedule like ASP/AWP pays at 30% of charges",3381.05,,,,,,,Fee Schedule,"758.1 % 2013 Manhattan Medicare. ",3381.05,,,,,,,Fee Schedule,"758.1 % 2013 Manhattan Medicare. ",378.05,,,,,,,Other,"Not Payable. ",3381.05,,,,,,,Fee Schedule,"758.1 % 2013 Manhattan Medicare. ",3381.05,,,,,,,Fee Schedule,"758.1 % 2013 Manhattan Medicare. ",3381.05,,,,,,,Fee Schedule,"758.1 % 2013 Manhattan Medicare. ",3381.05,,,,,,,Fee Schedule,"758.1 % 2013 Manhattan Medicare. ",378.05,,,,,,,Other,"Not Payable. ",3381.05,,,,,,,Fee Schedule,"758.1 % 2013 Manhattan Medicare. ",3381.05,,,,,,,Fee Schedule,"758.1 % 2013 Manhattan Medicare. ",1441.13,,,,,,,Fee Schedule,"501.001216756475 % Medicare Physician FS TC Rates Only. ",557.43,,,,,,,Fee Schedule,100% APG. Lesser of 100% of billed charges applies.,266.68,,,,,,,Fee schedule,90 Percent of Medicare RBRVS. Covered services not payable under Medicaid Fee Schedules default to a payment of 50 percent of charges.,1254.21,,,,,,,Case Rate,225% of NYS APG. Lesser of 100% of billed charges applies.,1254.21,,,,,,,Case Rate,225 Percent of Medicaid APG. Covered services not payable under Medicaid Fee Schedules default to a payment of 87.5 percent of charges.,266.68,,,,,,,Fee schedule,90 Percent of Medicare RBRVS. Covered services not payable under Medicaid Fee Schedules default to a payment of 50 percent of charges.,1254.21,,,,,,,Case Rate,225% of NYS APG. Lesser of 100% of billed charges applies.,1254.21,,,,,,,Case Rate,225% of NYS APG. Lesser of 100% of billed charges applies.,1254.21,,,,,,,Case Rate,225% of NYS APG. Lesser of 100% of billed charges applies.,1254.21,,,,,,,Case Rate,225% of NYS APG. Lesser of 100% of billed charges applies.,1254.21,,,,,,,Case Rate,225% of NYS APG. Lesser of 100% of billed charges applies.,1254.21,,,,,,,Case Rate,225% of NYS APG. Lesser of 100% of billed charges applies.,,,,,,,,,"NA. ",,,,,,,,,"NA. ",,,,,,,,,"NA. ",932.15,,,,,,,Fee Schedule,"250 % 2018 Cigna RBRVS fee schedule. ",,,,,,,,,"NA. ",378.05,,,,,,,Other,"Not Payable. ",360,,,,,,,Fee Schedule,"100 % 1199 Fee Schedule. ",378.05,,,,,,,Other,"Not Payable. ",378.05,,,,,,,Other,"Not Payable. ",668.91,,,,,,,Case Rate,"120 Percent of Medicaid APG. Not APG payable, or payable under another fee schedule like ASP/AWP pays at 30% of charges",668.91,,,,,,,Case Rate,"120 Percent of Medicaid APG. Not APG payable, or payable under another fee schedule like ASP/AWP pays at 30% of charges",557.43,,,,,,,Case Rate,"100 Percent of Medicaid APG. Not APG payable, or payable under another fee schedule like ASP/AWP pays at 30% of charges",557.43,,,,,,,Case Rate,"100 Percent of Medicaid APG. Not APG payable, or payable under another fee schedule like ASP/AWP pays at 30% of charges",557.43,,,,,,,Case Rate,"100 Percent of Medicaid APG. ",624.2,,,,,,,Fee Schedule,"217 % Medicare RBRVS. ",1441.13,,,,,,,Fee Schedule,"501.001216756475 % Medicare Physician FS TC Rates Only. ",733.51,,,,,,,Fee Schedule,"255 % Medicare RBRVS. ",932.15,,,,,,,Fee Schedule,"250 % 2018 Cigna RBRVS fee schedule. ",378.05,,,,,,,Other,"Not Payable. ",378.05,,,,,,,Other,"Not Payable. ",378.05,,,,,,,Other,"Not Payable. ",378.05,,,,,,,Other,"Not Payable. ",378.05,,,,,,,Other,"Not Payable. ",378.05,,,,,,,Other,"Not Payable. ",,,,,,,,,"NA. ",1254.21,,,,,,,Case Rate,225% of NYS APG. Lesser of 100% of billed charges applies.,266.68,,,,,,,Fee Schedule,90 Percent of Medicare RBRVS. Lesser of 100% of billed charges applies.,3381.05,,,,,,,Fee Schedule,"758.1 % 2013 Manhattan Medicare. ",624.2,,,,,,,Fee Schedule,"217 % Medicare RBRVS. ",624.2,,,,,,,Fee Schedule,"217 % Medicare RBRVS. ",624.2,,,,,,,Fee Schedule,"217 % Medicare RBRVS. ",624.2,,,,,,,Fee Schedule,"217 % Medicare RBRVS. ",378.05,,,,,,,Other,"Not Payable. ",557.43,,,,,,,Case Rate,"100 Percent of Medicaid APG. ",3381.05,,,,,,,Fee Schedule,"758.1 % 2013 Manhattan Medicare. ",557.43,,,,,,,Case Rate,"100 Percent of Medicaid APG. ",378.05,,,,,,,Other,"Not Payable. ",557.43,,,,,,,Case Rate,"100 Percent of Medicaid APG. ",378.05,,,,,,,Other,"Not Payable. ",378.05,,,,,,,Other,"Not Payable. ",557.43,,,,,,,Case Rate,"100 Percent of Medicaid APG. ",557.43,,,,,,,Case Rate,"100 Percent of Medicaid APG. ",624.2,,,,,,,Fee Schedule,"217 % Medicare RBRVS. ",932.15,,,,,,,Fee Schedule,"250 % 2018 Cigna RBRVS fee schedule. ",5177.4996,78,,,,,0,percent of total billed charges,78% of Billed Charges. Lesser of 100% of billed charges applies.; No services were performed during the 15 month look back period.,2510.81,,,,,,,Other,. Paid once per unit per revenue code and lesser of 100% of billed charges.,2510.81,,,,,,,Other,. Paid once per unit per revenue code and lesser of 100% of billed charges.,1441.13,,,,,,,Fee Schedule,"501.001216756475 % Medicare Physician FS TC Rates Only. ",370.49,,,,,,,Other,"Not Payable. ",555.16,,,,,,,Fee Schedule,"193 % Medicare RBRVS. ",555.16,,,,,,,Fee Schedule,"193 % Medicare RBRVS. ",2704.93,,,,,,,Fee Schedule,"606.5 % 2013 Manhattan Medicare. ",2704.93,,,,,,,Fee Schedule,"606.5 % 2013 Manhattan Medicare. ",378.05,,,,,,,Other,"Not Payable. ",378.05,,,,,,,Other,"Not Payable. ",378.05,,,,,,,Other,"Not Payable. ",378.05,,,,,,,Other,"Not Payable. ",2510.81,,,,,,,Other,. Paid once per unit per revenue code and lesser of 100% of billed charges.,3381.05,,,,,,,Fee Schedule,"758.1 % 2013 Manhattan Medicare. ",3381.05,,,,,,,Fee Schedule,"758.1 % 2013 Manhattan Medicare. ",378.05,,,,,,,Other,"Not Payable. ",2704.93,,,,,,,Fee Schedule,"606.5 % 2013 Manhattan Medicare. ",733.51,,,,,,,Fee Schedule,"255 % Medicare RBRVS. ",668.91,,,,,,,Fee Schedule,"120 Percent of Medicaid APG. ",557.43,,,,,,,Case Rate,"100 Percent of Medicaid APG. ",624.2,,,,,,,Fee Schedule,"217 % Medicare RBRVS. ",3042.99,,,,,,,Fee Schedule,"682.3 % 2013 Manhattan Medicare. ",3042.99,,,,,,,Fee Schedule,"682.3 % 2013 Manhattan Medicare. ",3381.05,,,,,,,Fee Schedule,"758.1 % 2013 Manhattan Medicare. ",3318.91,50,,,,,0,percent of total billed charges,50 percent of billed charges; No services were performed during the 15 month look back period.,378.05,,,,,,,Other,"Not Payable. ",585.3,,,,,,,Fee Schedule,105 percent of Medicaid APG. otherwise 105% of Ordered NYS MCD FS or 105% of ASP+6%,585.3,,,,,,,Fee Schedule,105 percent of Medicaid APG. otherwise 105% of Ordered NYS MCD FS or 105% of ASP+6%,585.3,,,,,,,Fee Schedule,105 percent of Medicaid APG. otherwise 105% of Ordered NYS MCD FS or 105% of ASP+6%,752.53,,,,,,,Fee Schedule,135 percent of Medicaid APG. otherwise 135% of Ordered NYS MCD FS or 135% of ASP+6%,2510.81,,,,,,,Other,. Paid once per unit per revenue code and lesser of 100% of billed charges.,585.3,,,,,,,Fee Schedule,105 percent of Medicaid APG. otherwise 105% of Ordered NYS MCD FS or 105% of ASP+6%,585.3,,,,,,,Fee Schedule,105 percent of Medicaid APG. otherwise 105% of Ordered NYS MCD FS or 105% of ASP+6%,585.3,,,,,,,Fee Schedule,105 percent of Medicaid APG. otherwise 105% of Ordered NYS MCD FS or 105% of ASP+6%,585.3,,,,,,,Fee Schedule,105 percent of Medicaid APG. otherwise 105% of Ordered NYS MCD FS or 105% of ASP+6%,585.3,,,,,,,Fee Schedule,105 percent of Medicaid APG. otherwise 105% of Ordered NYS MCD FS or 105% of ASP+6%,752.53,,,,,,,Fee Schedule,135 percent of Medicaid APG. otherwise 135% of Ordered NYS MCD FS or 135% of ASP+6%,752.53,,,,,,,Fee Schedule,135 percent of Medicaid APG. otherwise 135% of Ordered NYS MCD FS or 135% of ASP+6%,378.05,,,,,,,Other,"Not Payable. ",2510.81,,,,,,,Other,. Paid once per unit per revenue code and lesser of 100% of billed charges.,378.05,,,,,,,Other,"Not Payable. ",585.3,,,,,,,Fee Schedule,105 percent of Medicaid APG. otherwise 105% of Ordered NYS MCD FS or 105% of ASP+6%,3381.05,,,,,,,Fee Schedule,"758.1 % 2013 Manhattan Medicare. ",378.05,,,,,,,Other,"Not Payable. ",3381.05,,,,,,,Fee Schedule,"758.1 % 2013 Manhattan Medicare. ",3381.05,,,,,,,Fee Schedule,"758.1 % 2013 Manhattan Medicare. ",3381.05,,,,,,,Fee Schedule,"758.1 % 2013 Manhattan Medicare. ",585.3,,,,,,,Fee Schedule,105 percent of Medicaid APG. otherwise 105% of Ordered NYS MCD FS or 105% of ASP+6%,378.05,,,,,,,Other,"Not Payable. ",3381.05,,,,,,,Fee Schedule,"758.1 % 2013 Manhattan Medicare. ",752.53,,,,,,,Fee Schedule,135 percent of Medicaid APG. otherwise 135% of Ordered NYS MCD FS or 135% of ASP+6%,3381.05,,,,,,,Fee Schedule,"758.1 % 2013 Manhattan Medicare. ",567.08,,,,,,,Other,"Not Payable. ",378.05,,,,,,,Other,"Not Payable. ",624.2,,,,,,,Fee Schedule,"217 % Medicare RBRVS. ",624.2,,,,,,,Fee Schedule,"217 % Medicare RBRVS. ",624.2,,,,,,,Fee Schedule,"217 % Medicare RBRVS. ",624.2,,,,,,,Fee Schedule,"217 % Medicare RBRVS. ",624.2,,,,,,,Fee Schedule,"217 % Medicare RBRVS. ",733.51,,,,,,,Fee Schedule,"255 % Medicare RBRVS. ",733.51,,,,,,,Fee Schedule,"255 % Medicare RBRVS. ",624.2,,,,,,,Fee Schedule,"217 % Medicare RBRVS. ",624.2,,,,,,,Fee Schedule,"217 % Medicare RBRVS. ",624.2,,,,,,,Fee Schedule,"217 % Medicare RBRVS. ",624.2,,,,,,,Fee Schedule,"217 % Medicare RBRVS. ",624.2,,,,,,,Fee Schedule,"217 % Medicare RBRVS. ",378.05,,,,,,,Other,"Not Payable. ",733.51,,,,,,,Fee Schedule,"255 % Medicare RBRVS. ",378.05,,,,,,,Other,"Not Payable. ",1254.21,,,,,,,Case Rate,"225 Percent of Medicaid APG. If not included in Medicaid APG, then 100 Percent of Manhattan Medicare",557.43,,,,,,,Case Rate,"100 Percent of Medicaid APG. ",2510.81,,,,,,,Other,. Paid once per unit per revenue code and lesser of 100% of billed charges.,2510.81,,,,,,,Other,. Paid once per unit per revenue code and lesser of 100% of billed charges.,378.05,,,,,,,Other,"Not Payable. ",555.16,,,,,,,Fee Schedule,"193 % Medicare RBRVS. ",378.05,,,,,,,Other,"Not Payable. ",378.05,,,,,,,Other,"Not Payable. ",1441.13,,,,,,,Fee Schedule,"501.001216756475 % Medicare Physician FS TC Rates Only. ",378.05,,,,,,,Other,"Not Payable. ",932.15,,,,,,,Fee Schedule,"250 % 2018 Cigna RBRVS fee schedule. ",378.05,,,,,,,Other,"Not Payable. ",932.15,,,,,,,Fee Schedule,"250 % 2018 Cigna RBRVS fee schedule. ",1441.13,,,,,,,Fee Schedule,"501.001216756475 % Medicare Physician FS TC Rates Only. ",932.15,,,,,,,Fee Schedule,"250 % 2018 Cigna RBRVS fee schedule. ",378.05,,,,,,,Other,"Not Payable. ",557.43,,,,,,,Case Rate,"100 Percent of Medicaid APG. ",378.05,,,,,,,Other,"Not Payable. ",932.15,,,,,,,Fee Schedule,"250 % 2018 Cigna RBRVS fee schedule. ",2510.81,,,,,,,Other,. Paid once per unit per revenue code and lesser of 100% of billed charges.,557.43,,,,,,,Case Rate,"100 Percent of Medicaid APG. ",3381.05,,,,,,,Fee Schedule,"758.1 % 2013 Manhattan Medicare. ",668.91,,,,,,,Fee Schedule,"120 Percent of Medicaid APG. ",668.91,,,,,,,Fee Schedule,"120 Percent of Medicaid APG. ",3381.05,,,,,,,Fee Schedule,"758.1 % 2013 Manhattan Medicare. ",3381.05,,,,,,,Fee Schedule,"758.1 % 2013 Manhattan Medicare. ",3381.05,,,,,,,Fee Schedule,"758.1 % 2013 Manhattan Medicare. ",2510.81,,,,,,,Other,. Paid once per unit per revenue code and lesser of 100% of billed charges.,3381.05,,,,,,,Fee Schedule,"758.1 % 2013 Manhattan Medicare. ",3381.05,,,,,,,Fee Schedule,"758.1 % 2013 Manhattan Medicare. ",3381.05,,,,,,,Fee Schedule,"758.1 % 2013 Manhattan Medicare. ",624.2,,,,,,,Fee Schedule,"217 % Medicare RBRVS. ",624.2,,,,,,,Fee Schedule,"217 % Medicare RBRVS. ",,,,,,,,Fee Schedule,"Not Payable. ",557.43,,,,,,,Case Rate,"100 Percent of Medicaid APG. ",2510.81,,,,,,,Other,. Paid once per unit per revenue code and lesser of 100% of billed charges.,932.15,,,,,,,Fee Schedule,"250 % 2018 Cigna RBRVS fee schedule. ",1441.13,,,,,,,Fee Schedule,"501.001216756475 % Medicare Physician FS TC Rates Only. ",2510.81,,,,,,,Other,. Paid once per unit per revenue code and lesser of 100% of billed charges.,1441.13,,,,,,,Fee Schedule,"501.001216756475 % Medicare Physician FS TC Rates Only. ",2510.81,,,,,,,Other,. Paid once per unit per revenue code and lesser of 100% of billed charges.,3381.05,,,,,,,Fee Schedule,"758.1 % 2013 Manhattan Medicare. ",3381.05,,,,,,,Fee Schedule,"758.1 % 2013 Manhattan Medicare. ",3381.05,,,,,,,Fee Schedule,"758.1 % 2013 Manhattan Medicare. ",3381.05,,,,,,,Fee Schedule,"758.1 % 2013 Manhattan Medicare. ",378.05,,,,,,,Other,"Not Payable. ",266.68,6637.82,
72202,CPT,2020755,LOCAL,320,RC,HC RADEX SI JTS 3/MORE VIEWS,291.61,55.4059,both,,,,32,,,,,,,Fee Schedule,"100 % 1199 Fee Schedule. ",32,,,,,,,Fee Schedule,"100 % 1199 Fee Schedule. ",163.28,,,,,,,Fee Schedule,"501.01258054618 % Medicare Physician FS TC Rates Only. ",291.61,100,,,,,0,percent of total billed charges,100 percent of billed charges. ; No services were performed during the 15 month look back period.,125.83,,,,,,,Case Rate,"100% Medicare OPPS FS. ",163.28,,,,,,,Fee Schedule,"501.01258054618 % Medicare Physician FS TC Rates Only. ",163.28,,,,,,,Fee Schedule,"501.01258054618 % Medicare Physician FS TC Rates Only. ",163.28,,,,,,,Fee Schedule,"501.01258054618 % Medicare Physician FS TC Rates Only. ",114.25,,,,,,,Case Rate,"100 Percent of Medicaid APG. ",95.21,,,,,,,Case Rate,"100 Percent of Medicaid APG. ",227.4558,78,,,,,0,percent of total billed charges,78% of Billed Charges. Lesser of 100% of billed charges applies.; No services were performed during the 15 month look back period.,225.93,,,,,,,Other,. Paid once per unit per revenue code and lesser of 100% of billed charges.,95.21,,,,,,,Case Rate,"100 Percent of Medicaid APG. ",125.83,,,,,,,Case Rate,"100% Medicare OPPS FS. ",70.48,,,,,,,Fee Schedule,"250 % 2018 Cigna RBRVS fee schedule. ",70.48,,,,,,,Fee Schedule,"250 % 2018 Cigna RBRVS fee schedule. ",70.48,,,,,,,Fee Schedule,"250 % 2018 Cigna RBRVS fee schedule. ",70.48,,,,,,,Fee Schedule,"250 % 2018 Cigna RBRVS fee schedule. ",30.25,,,,,,,Fee schedule,90 Percent of Medicare RBRVS. Covered services not payable under Medicaid Fee Schedules default to a payment of 50 percent of charges.,125.83,,,,,,,Case Rate,"100% Medicare OPPS FS. ",30.25,,,,,,,Fee schedule,90 Percent of Medicare RBRVS. Covered services not payable under Medicaid Fee Schedules default to a payment of 50 percent of charges.,227.4558,78,,,,,0,percent of total billed charges,78% of Billed Charges. Lesser of 100% of billed charges applies.; No services were performed during the 15 month look back period.,163.28,,,,,,,Fee Schedule,"501.01258054618 % Medicare Physician FS TC Rates Only. ",125.83,,,,,,,Case Rate,"100%Medicare OPPS FS. ",83.1,,,,,,,Fee Schedule,"255 % Medicare RBRVS. ",125.83,,,,,,,Case Rate,"100%Medicare OPPS FS. ",125.83,,,,,,,Case Rate,"100%Medicare OPPS FS. ",227.4558,78,,,,,0,percent of total billed charges,78% of Billed Charges. Lesser of 100% of billed charges applies.; No services were performed during the 15 month look back period.,29.77,,,,,,,Case Rate,100% of PAS. Lesser of 100% of billed charges applies.,29.77,,,,,,,Case Rate,100% of PAS. Lesser of 100% of billed charges applies.,30.25,,,,,,,Fee schedule,"90 Percent of Medicare RBRVS. ",30.25,,,,,,,Fee schedule,"90 Percent of Medicare RBRVS. ",83.1,,,,,,,Fee Schedule,"255 % Medicare RBRVS. ",83.1,,,,,,,Fee Schedule,"255 % Medicare RBRVS. ",95.21,,,,,,,Case Rate,"100 Percent of Medicaid APG. Not APG payable, or payable under another fee schedule like ASP/AWP pays at 30% of charges",83.1,,,,,,,Fee Schedule,"255 % Medicare RBRVS. ",95.21,,,,,,,Case Rate,"100 Percent of Medicaid APG. Not APG payable, or payable under another fee schedule like ASP/AWP pays at 30% of charges",125.83,,,,,,,Case Rate,"100%Medicare OPPS FS. ",83.1,,,,,,,Fee Schedule,"255 % Medicare RBRVS. ",227.4558,78,,25.17,25.17,25.17,1 through 10,percent of total billed charges,78% of Billed Charges. Lesser of 100% of billed charges applies.,95.21,,,,,,,Case Rate,"100 Percent of Medicaid APG. If not priced under APG, then Metroplus FeeSched",95.21,,,,,,,Case Rate,"100 Percent of Medicaid APG. If not priced under APG, then Metroplus FeeSched",227.4558,78,,,,,0,percent of total billed charges,78% of Billed Charges. Lesser of 100% of billed charges applies.; No services were performed during the 15 month look back period.,70.48,,,,,,,Fee Schedule,"250 % 2018 Cigna RBRVS fee schedule. ",223,,,,,,,Other,. Paid once per unit per revenue code and lesser of 100% of billed charges.,223,,,,,,,Other,. Paid once per unit per revenue code and lesser of 100% of billed charges.,227.4558,78,,,,,0,percent of total billed charges,78% of Billed Charges. Lesser of 100% of billed charges applies.; No services were performed during the 15 month look back period.,125.83,,,,,,,Case Rate,"100% Medicare OPPS FS. ",225.93,,,,,,,Other,. Paid once per unit per revenue code and lesser of 100% of billed charges.,225.93,,,,,,,Other,. Paid once per unit per revenue code and lesser of 100% of billed charges.,225.93,,,,,,,Other,. Paid once per unit per revenue code and lesser of 100% of billed charges.,125.83,,,,,,,Case Rate,"100% Medicare OPPS FS. ",225.93,,,,,,,Other,. Paid once per unit per revenue code and lesser of 100% of billed charges.,225.93,,,,,,,Other,. Paid once per unit per revenue code and lesser of 100% of billed charges.,125.83,,,,,,,Case Rate,"100% of Medicare OPPS. ",145.805,50,,,,,0,percent of total billed charges,50 percent of billed charges; No services were performed during the 15 month look back period.,234.03,,,,,,,Fee Schedule,"758.1 % 2013 Manhattan Medicare. ",234.03,,,,,,,Fee Schedule,"758.1 % 2013 Manhattan Medicare. ",234.03,,,,,,,Fee Schedule,"758.1 % 2013 Manhattan Medicare. ",234.03,,,,,,,Fee Schedule,"758.1 % 2013 Manhattan Medicare. ",234.03,,,,,,,Fee Schedule,"758.1 % 2013 Manhattan Medicare. ",234.03,,,,,,,Fee Schedule,"758.1 % 2013 Manhattan Medicare. ",125.83,,,,,,,Case Rate,"100% Medicare OPPS FS. ",125.83,,,,,,,Case Rate,"100% Medicare OPPS FS. ",234.03,,,,,,,Fee Schedule,"758.1 % 2013 Manhattan Medicare. ",227.4558,78,,,,,0,percent of total billed charges,78% of Billed Charges. Lesser of 100% of billed charges applies.; No services were performed during the 15 month look back period.,227.4558,78,,,,,0,percent of total billed charges,78% of Billed Charges. Lesser of 100% of billed charges applies.; No services were performed during the 15 month look back period.,227.4558,78,,,,,0,percent of total billed charges,78% of Billed Charges. Lesser of 100% of billed charges applies.; No services were performed during the 15 month look back period.,227.4558,78,,,,,0,percent of total billed charges,78% of Billed Charges. Lesser of 100% of billed charges applies.; No services were performed during the 15 month look back period.,227.4558,78,,,,,0,percent of total billed charges,78% of Billed Charges. Lesser of 100% of billed charges applies.; No services were performed during the 15 month look back period.,227.4558,78,,,,,0,percent of total billed charges,78% of Billed Charges. Lesser of 100% of billed charges applies.; No services were performed during the 15 month look back period.,227.4558,78,,,,,0,percent of total billed charges,78% of Billed Charges. Lesser of 100% of billed charges applies.; No services were performed during the 15 month look back period.,227.4558,78,,,,,0,percent of total billed charges,78% of Billed Charges. Lesser of 100% of billed charges applies.; No services were performed during the 15 month look back period.,227.4558,78,,,,,0,percent of total billed charges,78% of Billed Charges. Lesser of 100% of billed charges applies.; No services were performed during the 15 month look back period.,227.4558,78,,,,,0,percent of total billed charges,78% of Billed Charges. Lesser of 100% of billed charges applies.; No services were performed during the 15 month look back period.,227.4558,78,,,,,0,percent of total billed charges,78% of Billed Charges. Lesser of 100% of billed charges applies.; No services were performed during the 15 month look back period.,227.4558,78,,,,,0,percent of total billed charges,78% of Billed Charges. Lesser of 100% of billed charges applies.; No services were performed during the 15 month look back period.,227.4558,78,,,,,0,percent of total billed charges,78% of Billed Charges. Lesser of 100% of billed charges applies.; No services were performed during the 15 month look back period.,227.4558,78,,,,,0,percent of total billed charges,78% of Billed Charges. Lesser of 100% of billed charges applies.; No services were performed during the 15 month look back period.,227.4558,78,,,,,0,percent of total billed charges,78% of Billed Charges. Lesser of 100% of billed charges applies.; No services were performed during the 15 month look back period.,227.4558,78,,,,,0,percent of total billed charges,78% of Billed Charges. Lesser of 100% of billed charges applies.; No services were performed during the 15 month look back period.,227.4558,78,,,,,0,percent of total billed charges,78% of Billed Charges. Lesser of 100% of billed charges applies.; No services were performed during the 15 month look back period.,227.4558,78,,,,,0,percent of total billed charges,78% of Billed Charges. Lesser of 100% of billed charges applies.; No services were performed during the 15 month look back period.,227.4558,78,,,,,0,percent of total billed charges,78% of Billed Charges. Lesser of 100% of billed charges applies.; No services were performed during the 15 month look back period.,227.4558,78,,,,,0,percent of total billed charges,78% of Billed Charges. Lesser of 100% of billed charges applies.; No services were performed during the 15 month look back period.,227.4558,78,,,,,0,percent of total billed charges,78% of Billed Charges. Lesser of 100% of billed charges applies.; No services were performed during the 15 month look back period.,227.4558,78,,,,,0,percent of total billed charges,78% of Billed Charges. Lesser of 100% of billed charges applies.; No services were performed during the 15 month look back period.,227.4558,78,,,,,0,percent of total billed charges,78% of Billed Charges. Lesser of 100% of billed charges applies.; No services were performed during the 15 month look back period.,227.4558,78,,,,,0,percent of total billed charges,78% of Billed Charges. Lesser of 100% of billed charges applies.; No services were performed during the 15 month look back period.,227.4558,78,,,,,0,percent of total billed charges,78% of Billed Charges. Lesser of 100% of billed charges applies.; No services were performed during the 15 month look back period.,227.4558,78,,,,,0,percent of total billed charges,78% of Billed Charges. Lesser of 100% of billed charges applies.; No services were performed during the 15 month look back period.,83.1,,,,,,,Fee Schedule,"255 % Medicare RBRVS. ",83.1,,,,,,,Fee Schedule,"255 % Medicare RBRVS. ",83.1,,,,,,,Fee Schedule,"255 % Medicare RBRVS. ",83.1,,,,,,,Fee Schedule,"255 % Medicare RBRVS. ",62.9,,,,,,,Fee Schedule,"193 % Medicare RBRVS. ",62.9,,,,,,,Fee Schedule,"193 % Medicare RBRVS. ",70.48,,,,,,,Fee Schedule,"250 % 2018 Cigna RBRVS fee schedule. ",234.03,,,,,,,Fee Schedule,"758.1 % 2013 Manhattan Medicare. ",225.93,,,,,,,Other,. Paid once per unit per revenue code and lesser of 100% of billed charges.,234.03,,,,,,,Fee Schedule,"758.1 % 2013 Manhattan Medicare. ",227.4558,78,,,,,0,percent of total billed charges,78% of Billed Charges. Lesser of 100% of billed charges applies.; No services were performed during the 15 month look back period.,62.9,,,,,,,Fee Schedule,"193 % Medicare RBRVS. ",234.03,,,,,,,Fee Schedule,"758.1 % 2013 Manhattan Medicare. ",225.93,,,,,,,Other,. Paid once per unit per revenue code and lesser of 100% of billed charges.,70.48,,,,,,,Fee Schedule,"250 % 2018 Cigna RBRVS fee schedule. ",,,,,,,,,"NA. ",227.4558,78,,,,,0,percent of total billed charges,78% of Billed Charges. Lesser of 100% of billed charges applies.; No services were performed during the 15 month look back period.,95.21,,,,,,,Case Rate,"100 Percent of Medicaid APG. ",83.1,,,,,,,Fee Schedule,"255 % Medicare RBRVS. ",95.21,,,,,,,Case Rate,"100 Percent of Medicaid APG. Not APG payable, or payable under another fee schedule like ASP/AWP pays at 30% of charges",125.83,,,,,,,Case Rate,"100%Medicare OPPS FS. ",125.83,,,,,,,Case Rate,"100% Medicare OPPS FS. ",145.805,50,,,,,0,percent of total billed charges,50 percent of billed charges; No services were performed during the 15 month look back period.,125.83,,,,,,,Case Rate,"100% Medicare OPPS FS. ",125.83,,,,,,,Case Rate,"100% Medicare OPPS FS. ",95.21,,,,,,,Case Rate,"100 Percent of Medicaid APG. ",125.83,,,,,,,Case Rate,"100% Medicare OPPS FS. ",125.83,,,,,,,Case Rate,"100% Medicare OPPS FS. ",163.28,,,,,,,Fee Schedule,"501.01258054618 % Medicare Physician FS TC Rates Only. ",163.28,,,,,,,Fee Schedule,"501.01258054618 % Medicare Physician FS TC Rates Only. ",125.83,,,,,,,Case Rate,"100% Medicare OPPS FS. ",70.48,,,,,,,Fee Schedule,"250 % 2018 Cigna RBRVS fee schedule. ",225.93,,,,,,,Other,. Paid once per unit per revenue code and lesser of 100% of billed charges.,225.93,,,,,,,Other,. Paid once per unit per revenue code and lesser of 100% of billed charges.,125.83,,,,,,,Case Rate,"100% Medicare OPPS FS. ",70.48,,,,,,,Fee Schedule,"250 % 2018 Cigna RBRVS fee schedule. ",163.28,,,,,,,Fee Schedule,"501.01258054618 % Medicare Physician FS TC Rates Only. ",163.28,,,,,,,Fee Schedule,"501.01258054618 % Medicare Physician FS TC Rates Only. ",163.28,,,,,,,Fee Schedule,"501.01258054618 % Medicare Physician FS TC Rates Only. ",227.4558,78,,,,,0,percent of total billed charges,78% of Billed Charges. Lesser of 100% of billed charges applies.; No services were performed during the 15 month look back period.,227.4558,78,,,,,0,percent of total billed charges,78% of Billed Charges. Lesser of 100% of billed charges applies.; No services were performed during the 15 month look back period.,227.4558,78,,,,,0,percent of total billed charges,78% of Billed Charges. Lesser of 100% of billed charges applies.; No services were performed during the 15 month look back period.,227.4558,78,,,,,0,percent of total billed charges,78% of Billed Charges. Lesser of 100% of billed charges applies.; No services were performed during the 15 month look back period.,227.4558,78,,,,,0,percent of total billed charges,78% of Billed Charges. Lesser of 100% of billed charges applies.; No services were performed during the 15 month look back period.,227.4558,78,,,,,0,percent of total billed charges,78% of Billed Charges. Lesser of 100% of billed charges applies.; No services were performed during the 15 month look back period.,227.4558,78,,,,,0,percent of total billed charges,78% of Billed Charges. Lesser of 100% of billed charges applies.; No services were performed during the 15 month look back period.,227.4558,78,,,,,0,percent of total billed charges,78% of Billed Charges. Lesser of 100% of billed charges applies.; No services were performed during the 15 month look back period.,227.4558,78,,,,,0,percent of total billed charges,78% of Billed Charges. Lesser of 100% of billed charges applies.; No services were performed during the 15 month look back period.,227.4558,78,,,,,0,percent of total billed charges,78% of Billed Charges. Lesser of 100% of billed charges applies.; No services were performed during the 15 month look back period.,227.4558,78,,,,,0,percent of total billed charges,78% of Billed Charges. Lesser of 100% of billed charges applies.; No services were performed during the 15 month look back period.,62.9,,,,,,,Fee Schedule,"193 % Medicare RBRVS. ",234.03,,,,,,,Fee Schedule,"758.1 % 2013 Manhattan Medicare. ",70.48,,,,,,,Fee Schedule,"250 % 2018 Cigna RBRVS fee schedule. ",125.83,,,,,,,Case Rate,"100% Medicare OPPS FS. ",163.28,,,,,,,Fee Schedule,"501.01258054618 % Medicare Physician FS TC Rates Only. ",70.48,,,,,,,Fee Schedule,"250 % 2018 Cigna RBRVS fee schedule. ",70.48,,,,,,,Fee Schedule,"250 % 2018 Cigna RBRVS fee schedule. ",227.4558,78,,,,,0,percent of total billed charges,78% of Billed Charges. Lesser of 100% of billed charges applies.; No services were performed during the 15 month look back period.,203.74,,,,,,,Case Rate,"141 Percent of current Medicare RBRVS FeeSched. ",70.48,,,,,,,Fee Schedule,"250 % 2018 Cigna RBRVS fee schedule. ",95.21,,,,,,,Case Rate,"100 Percent of Medicaid APG. ",125.83,,,,,,,Case Rate,"100% Medicare OPPS FS. ",125.83,,,,,,,Case Rate,"100% Medicare OPPS FS. ",125.83,,,,,,,Case Rate,"100% Medicare OPPS FS. ",125.83,,,,,,,Case Rate,"100% Medicare OPPS FS. ",125.83,,,,,,,Case Rate,"100% Medicare OPPS FS. ",125.83,,,,,,,Case Rate,"100% Medicare OPPS FS. ",70.48,,,,,,,Fee Schedule,"250 % 2018 Cigna RBRVS fee schedule. ",145.805,50,,,,,0,percent of total billed charges,50 percent of billed charges; No services were performed during the 15 month look back period.,53.78,,,,,,,Fee Schedule,"160 Percent of Medicare RBRVS. ",53.78,,,,,,,Fee Schedule,"160 Percent of Medicare RBRVS. ",53.78,,,,,,,Fee Schedule,"160 Percent of Medicare RBRVS. ",53.78,,,,,,,Fee Schedule,"160 Percent of Medicare RBRVS. ",53.78,,,,,,,Fee Schedule,"160 Percent of Medicare RBRVS. ",,,,,,,,,"NA. ",145.805,50,,,,,0,percent of total billed charges,50 percent of billed charges; No services were performed during the 15 month look back period.,249.15,,,,,,,Case Rate,198 Percent of Medicare OPPS. Metroplus will reimburse unlisted codes and described codes with no Medicare rate at 50 percent of charges.,249.15,,,,,,,Case Rate,198 Percent of Medicare OPPS. Metroplus will reimburse unlisted codes and described codes with no Medicare rate at 50 percent of charges.,249.15,,,,,,,Case Rate,198 Percent of Medicare OPPS. Metroplus will reimburse unlisted codes and described codes with no Medicare rate at 50 percent of charges.,249.15,,,,,,,Case Rate,198 Percent of Medicare OPPS. Metroplus will reimburse unlisted codes and described codes with no Medicare rate at 50 percent of charges.,249.15,,,,,,,Case Rate,198 Percent of Medicare OPPS. Metroplus will reimburse unlisted codes and described codes with no Medicare rate at 50 percent of charges.,125.83,,,,,,,Case Rate,"100% Medicare OPPS FS. ",62.9,,,,,,,Fee Schedule,"193 % Medicare RBRVS. ",62.9,,,,,,,Fee Schedule,"193 % Medicare RBRVS. ",62.9,,,,,,,Fee Schedule,"193 % Medicare RBRVS. ",62.9,,,,,,,Fee Schedule,"193 % Medicare RBRVS. ",163.28,,,,,,,Fee Schedule,"501.01258054618 % Medicare Physician FS TC Rates Only. ",163.28,,,,,,,Fee Schedule,"501.01258054618 % Medicare Physician FS TC Rates Only. ",163.28,,,,,,,Fee Schedule,"501.01258054618 % Medicare Physician FS TC Rates Only. ",163.28,,,,,,,Fee Schedule,"501.01258054618 % Medicare Physician FS TC Rates Only. ",145.805,50,,,,,0,percent of total billed charges,50 percent of billed charges; No services were performed during the 15 month look back period.,145.805,50,,,,,0,percent of total billed charges,50 percent of billed charges; No services were performed during the 15 month look back period.,125.83,,,,,,,Case Rate,"100% Medicare OPPS FS. ",125.83,,,,,,,Case Rate,"100% Medicare OPPS FS. ",125.83,,,,,,,Case Rate,"100% Medicare OPPS FS. ",234.03,,,,,,,Fee Schedule,"758.1 % 2013 Manhattan Medicare. ",234.03,,,,,,,Fee Schedule,"758.1 % 2013 Manhattan Medicare. ",234.03,,,,,,,Fee Schedule,"758.1 % 2013 Manhattan Medicare. ",145.805,50,,,,,0,percent of total billed charges,50 percent of billed charges; No services were performed during the 15 month look back period.,163.28,,,,,,,Fee Schedule,"501.01258054618 % Medicare Physician FS TC Rates Only. ",125.83,,,,,,,Case Rate,"100% Medicare OPPS FS. ",234.03,,,,,,,Fee Schedule,"758.1 % 2013 Manhattan Medicare. ",95.21,,,,,,,Case Rate,"100 Percent of Medicaid APG. ",128.35,,,,,,,Case Rate,"102% of Medicare OPPS. ",128.35,,,,,,,Case Rate,"102% of Medicare OPPS. ",128.35,,,,,,,Case Rate,"102% of Medicare OPPS. ",30.25,,,,,,,Fee schedule,"90 Percent of Medicare RBRVS. ",214.22,,,,,,,Case Rate,225% of NYS APG. Lesser of 100% of billed charges applies.,214.22,,,,,,,Case Rate,225% of NYS APG. Lesser of 100% of billed charges applies.,214.22,,,,,,,Case Rate,225% of NYS APG. Lesser of 100% of billed charges applies.,214.22,,,,,,,Case Rate,225% of NYS APG. Lesser of 100% of billed charges applies.,214.22,,,,,,,Case Rate,225% of NYS APG. Lesser of 100% of billed charges applies.,128.35,,,,,,,Case Rate,"102% of Medicare OPPS. ",95.21,,,,,,,Case Rate,"100 Percent of Medicaid APG. ",29.77,,,,,,,Case Rate,100% of PAS. Lesser of 100% of billed charges applies.,214.22,,,,,,,Case Rate,225% of NYS APG. Lesser of 100% of billed charges applies.,214.22,,,,,,,Case Rate,225% of NYS APG. Lesser of 100% of billed charges applies.,29.77,,,,,,,Case Rate,100% of PAS. Lesser of 100% of billed charges applies.,29.77,,,,,,,Case Rate,100% of PAS. Lesser of 100% of billed charges applies.,53.78,,,,,,,Fee Schedule,"160 Percent of Medicare RBRVS. ",125.83,,,,,,,Case Rate,"100% Medicare OPPS FS. ",125.83,,,,,,,Case Rate,"100% Medicare OPPS FS. ",163.28,,,,,,,Fee Schedule,"501.01258054618 % Medicare Physician FS TC Rates Only. ",125.83,,,,,,,Case Rate,"100% Medicare OPPS FS. ",214.22,,,,,,,Fee Schedule,"225 Percent of Medicaid APG. ",214.22,,,,,,,Fee Schedule,"225 Percent of Medicaid APG. ",30.25,,,,,,,Fee schedule,"90 Percent of Medicare RBRVS. ",30.25,,,,,,,Fee schedule,"90 Percent of Medicare RBRVS. ",214.22,,,,,,,Case Rate,225 Percent of Medicaid APG. Covered services not payable under Medicaid Fee Schedules default to a payment of 87.5 percent of charges.,30.25,,,,,,,Fee schedule,90 Percent of Medicare RBRVS. Covered services not payable under Medicaid Fee Schedules default to a payment of 50 percent of charges.,214.22,,,,,,,Case Rate,"100 Percent of Medicaid APG. ",214.22,,,,,,,Case Rate,"100 Percent of Medicaid APG. ",214.22,,,,,,,Case Rate,"100 Percent of Medicaid APG. ",214.22,,,,,,,Case Rate,"100 Percent of Medicaid APG. ",336.27,,,,,,,Fee Schedule,"1019 % Manhattan Facility Rate. ",145.805,50,,,,,0,percent of total billed charges,50 percent of billed charges; No services were performed during the 15 month look back period.,114.25,,,,,,,Case Rate,"120 Percent of Medicaid APG. Not APG payable, or payable under another fee schedule like ASP/AWP pays at 30% of charges",114.25,,,,,,,Case Rate,"120 Percent of Medicaid APG. Not APG payable, or payable under another fee schedule like ASP/AWP pays at 30% of charges",95.21,,,,,,,Case Rate,"100 Percent of Medicaid APG. Not APG payable, or payable under another fee schedule like ASP/AWP pays at 30% of charges",95.21,,,,,,,Case Rate,"100 Percent of Medicaid APG. Not APG payable, or payable under another fee schedule like ASP/AWP pays at 30% of charges",234.03,,,,,,,Fee Schedule,"758.1 % 2013 Manhattan Medicare. ",234.03,,,,,,,Fee Schedule,"758.1 % 2013 Manhattan Medicare. ",125.83,,,,,,,Case Rate,"100% Medicare OPPS FS. ",234.03,,,,,,,Fee Schedule,"758.1 % 2013 Manhattan Medicare. ",234.03,,,,,,,Fee Schedule,"758.1 % 2013 Manhattan Medicare. ",234.03,,,,,,,Fee Schedule,"758.1 % 2013 Manhattan Medicare. ",234.03,,,,,,,Fee Schedule,"758.1 % 2013 Manhattan Medicare. ",125.83,,,,,,,Case Rate,"100% Medicare OPPS FS. ",234.03,,,,,,,Fee Schedule,"758.1 % 2013 Manhattan Medicare. ",234.03,,,,,,,Fee Schedule,"758.1 % 2013 Manhattan Medicare. ",163.28,,,,,,,Fee Schedule,"501.01258054618 % Medicare Physician FS TC Rates Only. ",104.73,,,,,,,Fee Schedule,110% of APG. Lesser of 100% of billed charges applies.,30.25,,,,,,,Fee schedule,90 Percent of Medicare RBRVS. Covered services not payable under Medicaid Fee Schedules default to a payment of 50 percent of charges.,214.22,,,,,,,Case Rate,225% of NYS APG. Lesser of 100% of billed charges applies.,214.22,,,,,,,Case Rate,225 Percent of Medicaid APG. Covered services not payable under Medicaid Fee Schedules default to a payment of 87.5 percent of charges.,30.25,,,,,,,Fee schedule,90 Percent of Medicare RBRVS. Covered services not payable under Medicaid Fee Schedules default to a payment of 50 percent of charges.,214.22,,,,,,,Case Rate,225% of NYS APG. Lesser of 100% of billed charges applies.,214.22,,,,,,,Case Rate,225% of NYS APG. Lesser of 100% of billed charges applies.,214.22,,,,,,,Case Rate,225% of NYS APG. Lesser of 100% of billed charges applies.,214.22,,,,,,,Case Rate,225% of NYS APG. Lesser of 100% of billed charges applies.,214.22,,,,,,,Case Rate,225% of NYS APG. Lesser of 100% of billed charges applies.,214.22,,,,,,,Case Rate,225% of NYS APG. Lesser of 100% of billed charges applies.,,,,,,,,,"NA. ",,,,,,,,,"NA. ",,,,,,,,,"NA. ",70.48,,,,,,,Fee Schedule,"250 % 2018 Cigna RBRVS fee schedule. ",,,,,,,,,"NA. ",125.83,,,,,,,Case Rate,"100% Medicare OPPS FS. ",32,,,,,,,Fee Schedule,"100 % 1199 Fee Schedule. ",125.83,,,,,,,Case Rate,"100% Medicare OPPS FS. ",125.83,,,,,,,Case Rate,"100% Medicare OPPS FS. ",114.25,,,,,,,Case Rate,"120 Percent of Medicaid APG. Not APG payable, or payable under another fee schedule like ASP/AWP pays at 30% of charges",114.25,,,,,,,Case Rate,"120 Percent of Medicaid APG. Not APG payable, or payable under another fee schedule like ASP/AWP pays at 30% of charges",95.21,,,,,,,Case Rate,"100 Percent of Medicaid APG. Not APG payable, or payable under another fee schedule like ASP/AWP pays at 30% of charges",95.21,,,,,,,Case Rate,"100 Percent of Medicaid APG. Not APG payable, or payable under another fee schedule like ASP/AWP pays at 30% of charges",95.21,,,,,,,Case Rate,"100 Percent of Medicaid APG. ",70.72,,,,,,,Fee Schedule,"217 % Medicare RBRVS. ",163.28,,,,,,,Fee Schedule,"501.01258054618 % Medicare Physician FS TC Rates Only. ",83.1,,,,,,,Fee Schedule,"255 % Medicare RBRVS. ",70.48,,,,,,,Fee Schedule,"250 % 2018 Cigna RBRVS fee schedule. ",125.83,,,,,,,Case Rate,"100%Medicare OPPS FS. ",125.83,,,,,,,Case Rate,"100% Medicare OPPS FS. ",125.83,,,,,,,Case Rate,"100% Medicare OPPS FS. ",125.83,,,,,,,Case Rate,"100% Medicare OPPS FS. ",125.83,,,,,,,Case Rate,"100%Medicare OPPS FS. ",125.83,,,,,,,Case Rate,"100% Medicare OPPS FS. ",,,,,,,,,"NA. ",214.22,,,,,,,Case Rate,225% of NYS APG. Lesser of 100% of billed charges applies.,29.77,,,,,,,Case Rate,100% of PAS. Lesser of 100% of billed charges applies.,234.03,,,,,,,Fee Schedule,"758.1 % 2013 Manhattan Medicare. ",70.72,,,,,,,Fee Schedule,"217 % Medicare RBRVS. ",70.72,,,,,,,Fee Schedule,"217 % Medicare RBRVS. ",70.72,,,,,,,Fee Schedule,"217 % Medicare RBRVS. ",70.72,,,,,,,Fee Schedule,"217 % Medicare RBRVS. ",125.83,,,,,,,Case Rate,"100% Medicare OPPS FS. ",95.21,,,,,,,Case Rate,"100 Percent of Medicaid APG. ",234.03,,,,,,,Fee Schedule,"758.1 % 2013 Manhattan Medicare. ",95.21,,,,,,,Case Rate,"100 Percent of Medicaid APG. ",125.83,,,,,,,Case Rate,"100% Medicare OPPS FS. ",95.21,,,,,,,Case Rate,"100 Percent of Medicaid APG. ",125.83,,,,,,,Case Rate,"100% Medicare OPPS FS. ",125.83,,,,,,,Case Rate,"100% Medicare OPPS FS. ",95.21,,,,,,,Case Rate,"100 Percent of Medicaid APG. ",95.21,,,,,,,Case Rate,"100 Percent of Medicaid APG. ",70.72,,,,,,,Fee Schedule,"217 % Medicare RBRVS. ",70.48,,,,,,,Fee Schedule,"250 % 2018 Cigna RBRVS fee schedule. ",227.4558,78,,,,,0,percent of total billed charges,78% of Billed Charges. Lesser of 100% of billed charges applies.; No services were performed during the 15 month look back period.,225.93,,,,,,,Other,. Paid once per unit per revenue code and lesser of 100% of billed charges.,225.93,,,,,,,Other,. Paid once per unit per revenue code and lesser of 100% of billed charges.,163.28,,,,,,,Fee Schedule,"501.01258054618 % Medicare Physician FS TC Rates Only. ",123.32,,,,,,,Case Rate,"98% of RBRVS. ",62.9,,,,,,,Fee Schedule,"193 % Medicare RBRVS. ",62.9,,,,,,,Fee Schedule,"193 % Medicare RBRVS. ",187.23,,,,,,,Fee Schedule,"606.5 % 2013 Manhattan Medicare. ",187.23,,,,,,,Fee Schedule,"606.5 % 2013 Manhattan Medicare. ",125.83,,,,,,,Case Rate,"100% Medicare OPPS FS. ",125.83,,,,,,,Case Rate,"100% Medicare OPPS FS. ",125.83,,,,,,,Case Rate,"100% Medicare OPPS FS. ",125.83,,,,,,,Case Rate,"100% Medicare OPPS FS. ",225.93,,,,,,,Other,. Paid once per unit per revenue code and lesser of 100% of billed charges.,234.03,,,,,,,Fee Schedule,"758.1 % 2013 Manhattan Medicare. ",234.03,,,,,,,Fee Schedule,"758.1 % 2013 Manhattan Medicare. ",125.83,,,,,,,Case Rate,"100% Medicare OPPS FS. ",187.23,,,,,,,Fee Schedule,"606.5 % 2013 Manhattan Medicare. ",83.1,,,,,,,Fee Schedule,"255 % Medicare RBRVS. ",114.25,,,,,,,Fee Schedule,"120 Percent of Medicaid APG. ",95.21,,,,,,,Case Rate,"100 Percent of Medicaid APG. ",70.72,,,,,,,Fee Schedule,"217 % Medicare RBRVS. ",210.63,,,,,,,Fee Schedule,"682.3 % 2013 Manhattan Medicare. ",210.63,,,,,,,Fee Schedule,"682.3 % 2013 Manhattan Medicare. ",234.03,,,,,,,Fee Schedule,"758.1 % 2013 Manhattan Medicare. ",145.805,50,,,,,0,percent of total billed charges,50 percent of billed charges; No services were performed during the 15 month look back period.,125.83,,,,,,,Case Rate,"100%Medicare OPPS FS. ",99.97,,,,,,,Fee Schedule,105 percent of Medicaid APG. otherwise 105% of Ordered NYS MCD FS or 105% of ASP+6%,99.97,,,,,,,Fee Schedule,105 percent of Medicaid APG. otherwise 105% of Ordered NYS MCD FS or 105% of ASP+6%,99.97,,,,,,,Fee Schedule,105 percent of Medicaid APG. otherwise 105% of Ordered NYS MCD FS or 105% of ASP+6%,128.53,,,,,,,Fee Schedule,135 percent of Medicaid APG. otherwise 135% of Ordered NYS MCD FS or 135% of ASP+6%,225.93,,,,,,,Other,. Paid once per unit per revenue code and lesser of 100% of billed charges.,99.97,,,,,,,Fee Schedule,105 percent of Medicaid APG. otherwise 105% of Ordered NYS MCD FS or 105% of ASP+6%,99.97,,,,,,,Fee Schedule,105 percent of Medicaid APG. otherwise 105% of Ordered NYS MCD FS or 105% of ASP+6%,99.97,,,,,,,Fee Schedule,105 percent of Medicaid APG. otherwise 105% of Ordered NYS MCD FS or 105% of ASP+6%,99.97,,,,,,,Fee Schedule,105 percent of Medicaid APG. otherwise 105% of Ordered NYS MCD FS or 105% of ASP+6%,99.97,,,,,,,Fee Schedule,105 percent of Medicaid APG. otherwise 105% of Ordered NYS MCD FS or 105% of ASP+6%,128.53,,,,,,,Fee Schedule,135 percent of Medicaid APG. otherwise 135% of Ordered NYS MCD FS or 135% of ASP+6%,128.53,,,,,,,Fee Schedule,135 percent of Medicaid APG. otherwise 135% of Ordered NYS MCD FS or 135% of ASP+6%,125.83,,,,,,,Case Rate,"100% Medicare OPPS FS. ",225.93,,,,,,,Other,. Paid once per unit per revenue code and lesser of 100% of billed charges.,125.83,,,,,,,Case Rate,"100% Medicare OPPS FS. ",99.97,,,,,,,Fee Schedule,105 percent of Medicaid APG. otherwise 105% of Ordered NYS MCD FS or 105% of ASP+6%,234.03,,,,,,,Fee Schedule,"758.1 % 2013 Manhattan Medicare. ",125.83,,,,,,,Case Rate,"100% Medicare OPPS FS. ",234.03,,,,,,,Fee Schedule,"758.1 % 2013 Manhattan Medicare. ",234.03,,,,,,,Fee Schedule,"758.1 % 2013 Manhattan Medicare. ",234.03,,,,,,,Fee Schedule,"758.1 % 2013 Manhattan Medicare. ",99.97,,,,,,,Fee Schedule,105 percent of Medicaid APG. otherwise 105% of Ordered NYS MCD FS or 105% of ASP+6%,125.83,,,,,,,Case Rate,"100% Medicare OPPS FS. ",234.03,,,,,,,Fee Schedule,"758.1 % 2013 Manhattan Medicare. ",128.53,,,,,,,Fee Schedule,135 percent of Medicaid APG. otherwise 135% of Ordered NYS MCD FS or 135% of ASP+6%,234.03,,,,,,,Fee Schedule,"758.1 % 2013 Manhattan Medicare. ",188.75,,,,,,,Case Rate,"150% of Medicare OPPS. ",125.83,,,,,,,Case Rate,"100%Medicare OPPS FS. ",70.72,,,,,,,Fee Schedule,"217 % Medicare RBRVS. ",70.72,,,,,,,Fee Schedule,"217 % Medicare RBRVS. ",70.72,,,,,,,Fee Schedule,"217 % Medicare RBRVS. ",70.72,,,,,,,Fee Schedule,"217 % Medicare RBRVS. ",70.72,,,,,,,Fee Schedule,"217 % Medicare RBRVS. ",83.1,,,,,,,Fee Schedule,"255 % Medicare RBRVS. ",83.1,,,,,,,Fee Schedule,"255 % Medicare RBRVS. ",70.72,,,,,,,Fee Schedule,"217 % Medicare RBRVS. ",70.72,,,,,,,Fee Schedule,"217 % Medicare RBRVS. ",70.72,,,,,,,Fee Schedule,"217 % Medicare RBRVS. ",70.72,,,,,,,Fee Schedule,"217 % Medicare RBRVS. ",70.72,,,,,,,Fee Schedule,"217 % Medicare RBRVS. ",125.83,,,,,,,Case Rate,"100% Medicare OPPS FS. ",83.1,,,,,,,Fee Schedule,"255 % Medicare RBRVS. ",125.83,,,,,,,Case Rate,"100% Medicare OPPS FS. ",214.22,,,,,,,Case Rate,"225 Percent of Medicaid APG. If not included in Medicaid APG, then 100 Percent of Manhattan Medicare",95.21,,,,,,,Case Rate,"100 Percent of Medicaid APG. If not priced under APG, then Metroplus FeeSched",225.93,,,,,,,Other,. Paid once per unit per revenue code and lesser of 100% of billed charges.,225.93,,,,,,,Other,. Paid once per unit per revenue code and lesser of 100% of billed charges.,125.83,,,,,,,Case Rate,"100% Medicare OPPS FS. ",62.9,,,,,,,Fee Schedule,"193 % Medicare RBRVS. ",125.83,,,,,,,Case Rate,"100% Medicare OPPS FS. ",125.83,,,,,,,Case Rate,"100% Medicare OPPS FS. ",163.28,,,,,,,Fee Schedule,"501.01258054618 % Medicare Physician FS TC Rates Only. ",125.83,,,,,,,Case Rate,"100% Medicare OPPS FS. ",70.48,,,,,,,Fee Schedule,"250 % 2018 Cigna RBRVS fee schedule. ",125.83,,,,,,,Case Rate,"100% Medicare OPPS FS. ",70.48,,,,,,,Fee Schedule,"250 % 2018 Cigna RBRVS fee schedule. ",163.28,,,,,,,Fee Schedule,"501.01258054618 % Medicare Physician FS TC Rates Only. ",70.48,,,,,,,Fee Schedule,"250 % 2018 Cigna RBRVS fee schedule. ",125.83,,,,,,,Case Rate,"100% Medicare OPPS FS. ",95.21,,,,,,,Case Rate,"100 Percent of Medicaid APG. ",125.83,,,,,,,Case Rate,"100% Medicare OPPS FS. ",70.48,,,,,,,Fee Schedule,"250 % 2018 Cigna RBRVS fee schedule. ",225.93,,,,,,,Other,. Paid once per unit per revenue code and lesser of 100% of billed charges.,95.21,,,,,,,Case Rate,"100 Percent of Medicaid APG. ",234.03,,,,,,,Fee Schedule,"758.1 % 2013 Manhattan Medicare. ",114.25,,,,,,,Fee Schedule,"120 Percent of Medicaid APG. ",114.25,,,,,,,Fee Schedule,"120 Percent of Medicaid APG. ",234.03,,,,,,,Fee Schedule,"758.1 % 2013 Manhattan Medicare. ",234.03,,,,,,,Fee Schedule,"758.1 % 2013 Manhattan Medicare. ",234.03,,,,,,,Fee Schedule,"758.1 % 2013 Manhattan Medicare. ",225.93,,,,,,,Other,. Paid once per unit per revenue code and lesser of 100% of billed charges.,234.03,,,,,,,Fee Schedule,"758.1 % 2013 Manhattan Medicare. ",234.03,,,,,,,Fee Schedule,"758.1 % 2013 Manhattan Medicare. ",234.03,,,,,,,Fee Schedule,"758.1 % 2013 Manhattan Medicare. ",70.72,,,,,,,Fee Schedule,"217 % Medicare RBRVS. ",70.72,,,,,,,Fee Schedule,"217 % Medicare RBRVS. ",249.15,,,,,,,Case Rate,198 Percent of Medicare OPPS. Metroplus will reimburse unlisted codes and described codes with no Medicare rate at 50 percent of charges.,95.21,,,,,,,Case Rate,"100 Percent of Medicaid APG. ",225.93,,,,,,,Other,. Paid once per unit per revenue code and lesser of 100% of billed charges.,70.48,,,,,,,Fee Schedule,"250 % 2018 Cigna RBRVS fee schedule. ",163.28,,,,,,,Fee Schedule,"501.01258054618 % Medicare Physician FS TC Rates Only. ",225.93,,,,,,,Other,. Paid once per unit per revenue code and lesser of 100% of billed charges.,163.28,,,,,,,Fee Schedule,"501.01258054618 % Medicare Physician FS TC Rates Only. ",225.93,,,,,,,Other,. Paid once per unit per revenue code and lesser of 100% of billed charges.,234.03,,,,,,,Fee Schedule,"758.1 % 2013 Manhattan Medicare. ",234.03,,,,,,,Fee Schedule,"758.1 % 2013 Manhattan Medicare. ",234.03,,,,,,,Fee Schedule,"758.1 % 2013 Manhattan Medicare. ",234.03,,,,,,,Fee Schedule,"758.1 % 2013 Manhattan Medicare. ",125.83,,,,,,,Case Rate,"100% Medicare OPPS FS. ",29.77,336.27,
72240,CPT,2020757,LOCAL,320,RC,HC CONTRAST X-RAY OF NECK SPINE,2200.07,418.0133,both,,,,242,,,,,,,Fee Schedule,"100 % 1199 Fee Schedule. ",242,,,,,,,Fee Schedule,"100 % 1199 Fee Schedule. ",386.27,,,,,,,Fee Schedule,"500.998702983139 % Medicare Physician FS TC Rates Only. ",2200.07,100,,,,,0,percent of total billed charges,100 percent of billed charges. ; No services were performed during the 15 month look back period.,934.88,,,,,,,Case Rate,"100% Medicare OPPS FS. ",386.27,,,,,,,Fee Schedule,"500.998702983139 % Medicare Physician FS TC Rates Only. ",386.27,,,,,,,Fee Schedule,"500.998702983139 % Medicare Physician FS TC Rates Only. ",386.27,,,,,,,Fee Schedule,"500.998702983139 % Medicare Physician FS TC Rates Only. ",925.05,,,,,,,Case Rate,"100 Percent of Medicaid APG. ",770.88,,,,,,,Case Rate,"100 Percent of Medicaid APG. ",1716.0546,78,,,,,0,percent of total billed charges,78% of Billed Charges. Lesser of 100% of billed charges applies.; No services were performed during the 15 month look back period.,225.93,,,,,,,Other,. Paid once per unit per revenue code and lesser of 100% of billed charges.,770.88,,,,,,,Case Rate,"100 Percent of Medicaid APG. ",934.88,,,,,,,Case Rate,"100% Medicare OPPS FS. ",157.57,,,,,,,Fee Schedule,"250 % 2018 Cigna RBRVS fee schedule. ",157.57,,,,,,,Fee Schedule,"250 % 2018 Cigna RBRVS fee schedule. ",157.57,,,,,,,Fee Schedule,"250 % 2018 Cigna RBRVS fee schedule. ",157.57,,,,,,,Fee Schedule,"250 % 2018 Cigna RBRVS fee schedule. ",71.47,,,,,,,Fee schedule,90 Percent of Medicare RBRVS. Covered services not payable under Medicaid Fee Schedules default to a payment of 50 percent of charges.,934.88,,,,,,,Case Rate,"100% Medicare OPPS FS. ",71.47,,,,,,,Fee schedule,90 Percent of Medicare RBRVS. Covered services not payable under Medicaid Fee Schedules default to a payment of 50 percent of charges.,1716.0546,78,,,,,0,percent of total billed charges,78% of Billed Charges. Lesser of 100% of billed charges applies.; No services were performed during the 15 month look back period.,386.27,,,,,,,Fee Schedule,"500.998702983139 % Medicare Physician FS TC Rates Only. ",934.88,,,,,,,Case Rate,"100%Medicare OPPS FS. ",196.6,,,,,,,Fee Schedule,"255 % Medicare RBRVS. ",934.88,,,,,,,Case Rate,"100%Medicare OPPS FS. ",934.88,,,,,,,Case Rate,"100%Medicare OPPS FS. ",1716.0546,78,,,,,0,percent of total billed charges,78% of Billed Charges. Lesser of 100% of billed charges applies.; No services were performed during the 15 month look back period.,71.47,,,,,,,Fee Schedule,"90 Percent of the Medicare technical component RBRVS. If no technical component exists, then 90 Percent of the Medicare RBRVS",71.47,,,,,,,Fee Schedule,"90 Percent of the Medicare technical component RBRVS. If no technical component exists, then 90 Percent of the Medicare RBRVS",71.47,,,,,,,Fee schedule,"90 Percent of Medicare RBRVS. ",71.47,,,,,,,Fee schedule,"90 Percent of Medicare RBRVS. ",196.6,,,,,,,Fee Schedule,"255 % Medicare RBRVS. ",196.6,,,,,,,Fee Schedule,"255 % Medicare RBRVS. ",770.88,,,,,,,Case Rate,"100 Percent of Medicaid APG. Not APG payable, or payable under another fee schedule like ASP/AWP pays at 30% of charges",196.6,,,,,,,Fee Schedule,"255 % Medicare RBRVS. ",770.88,,,,,,,Case Rate,"100 Percent of Medicaid APG. Not APG payable, or payable under another fee schedule like ASP/AWP pays at 30% of charges",934.88,,,,,,,Case Rate,"100%Medicare OPPS FS. ",196.6,,,,,,,Fee Schedule,"255 % Medicare RBRVS. ",1716.0546,78,,,,,0,percent of total billed charges,78% of Billed Charges. Lesser of 100% of billed charges applies.; No services were performed during the 15 month look back period.,770.88,,,,,,,Case Rate,"100 Percent of Medicaid APG. If not priced under APG, then Metroplus FeeSched",770.88,,,,,,,Case Rate,"100 Percent of Medicaid APG. If not priced under APG, then Metroplus FeeSched",1716.0546,78,,,,,0,percent of total billed charges,78% of Billed Charges. Lesser of 100% of billed charges applies.; No services were performed during the 15 month look back period.,157.57,,,,,,,Fee Schedule,"250 % 2018 Cigna RBRVS fee schedule. ",223,,,,,,,Other,. Paid once per unit per revenue code and lesser of 100% of billed charges.,223,,,,,,,Other,. Paid once per unit per revenue code and lesser of 100% of billed charges.,1716.0546,78,,,,,0,percent of total billed charges,78% of Billed Charges. Lesser of 100% of billed charges applies.; No services were performed during the 15 month look back period.,934.88,,,,,,,Case Rate,"100% Medicare OPPS FS. ",225.93,,,,,,,Other,. Paid once per unit per revenue code and lesser of 100% of billed charges.,225.93,,,,,,,Other,. Paid once per unit per revenue code and lesser of 100% of billed charges.,225.93,,,,,,,Other,. Paid once per unit per revenue code and lesser of 100% of billed charges.,934.88,,,,,,,Case Rate,"100% Medicare OPPS FS. ",225.93,,,,,,,Other,. Paid once per unit per revenue code and lesser of 100% of billed charges.,225.93,,,,,,,Other,. Paid once per unit per revenue code and lesser of 100% of billed charges.,934.88,,,,,,,Case Rate,"100% of Medicare OPPS. ",1100.035,50,,,,,0,percent of total billed charges,50 percent of billed charges; No services were performed during the 15 month look back period.,770.53,,,,,,,Fee Schedule,"758.1 % 2013 Manhattan Medicare. ",770.53,,,,,,,Fee Schedule,"758.1 % 2013 Manhattan Medicare. ",770.53,,,,,,,Fee Schedule,"758.1 % 2013 Manhattan Medicare. ",770.53,,,,,,,Fee Schedule,"758.1 % 2013 Manhattan Medicare. ",770.53,,,,,,,Fee Schedule,"758.1 % 2013 Manhattan Medicare. ",770.53,,,,,,,Fee Schedule,"758.1 % 2013 Manhattan Medicare. ",934.88,,,,,,,Case Rate,"100% Medicare OPPS FS. ",934.88,,,,,,,Case Rate,"100% Medicare OPPS FS. ",770.53,,,,,,,Fee Schedule,"758.1 % 2013 Manhattan Medicare. ",1716.0546,78,,,,,0,percent of total billed charges,78% of Billed Charges. Lesser of 100% of billed charges applies.; No services were performed during the 15 month look back period.,1716.0546,78,,,,,0,percent of total billed charges,78% of Billed Charges. Lesser of 100% of billed charges applies.; No services were performed during the 15 month look back period.,1716.0546,78,,,,,0,percent of total billed charges,78% of Billed Charges. Lesser of 100% of billed charges applies.; No services were performed during the 15 month look back period.,1716.0546,78,,,,,0,percent of total billed charges,78% of Billed Charges. Lesser of 100% of billed charges applies.; No services were performed during the 15 month look back period.,1716.0546,78,,,,,0,percent of total billed charges,78% of Billed Charges. Lesser of 100% of billed charges applies.; No services were performed during the 15 month look back period.,1716.0546,78,,,,,0,percent of total billed charges,78% of Billed Charges. Lesser of 100% of billed charges applies.; No services were performed during the 15 month look back period.,1716.0546,78,,,,,0,percent of total billed charges,78% of Billed Charges. Lesser of 100% of billed charges applies.; No services were performed during the 15 month look back period.,1716.0546,78,,,,,0,percent of total billed charges,78% of Billed Charges. Lesser of 100% of billed charges applies.; No services were performed during the 15 month look back period.,1716.0546,78,,,,,0,percent of total billed charges,78% of Billed Charges. Lesser of 100% of billed charges applies.; No services were performed during the 15 month look back period.,1716.0546,78,,,,,0,percent of total billed charges,78% of Billed Charges. Lesser of 100% of billed charges applies.; No services were performed during the 15 month look back period.,1716.0546,78,,,,,0,percent of total billed charges,78% of Billed Charges. Lesser of 100% of billed charges applies.; No services were performed during the 15 month look back period.,1716.0546,78,,,,,0,percent of total billed charges,78% of Billed Charges. Lesser of 100% of billed charges applies.; No services were performed during the 15 month look back period.,1716.0546,78,,,,,0,percent of total billed charges,78% of Billed Charges. Lesser of 100% of billed charges applies.; No services were performed during the 15 month look back period.,1716.0546,78,,,,,0,percent of total billed charges,78% of Billed Charges. Lesser of 100% of billed charges applies.; No services were performed during the 15 month look back period.,1716.0546,78,,,,,0,percent of total billed charges,78% of Billed Charges. Lesser of 100% of billed charges applies.; No services were performed during the 15 month look back period.,1716.0546,78,,,,,0,percent of total billed charges,78% of Billed Charges. Lesser of 100% of billed charges applies.; No services were performed during the 15 month look back period.,1716.0546,78,,,,,0,percent of total billed charges,78% of Billed Charges. Lesser of 100% of billed charges applies.; No services were performed during the 15 month look back period.,1716.0546,78,,,,,0,percent of total billed charges,78% of Billed Charges. Lesser of 100% of billed charges applies.; No services were performed during the 15 month look back period.,1716.0546,78,,,,,0,percent of total billed charges,78% of Billed Charges. Lesser of 100% of billed charges applies.; No services were performed during the 15 month look back period.,1716.0546,78,,,,,0,percent of total billed charges,78% of Billed Charges. Lesser of 100% of billed charges applies.; No services were performed during the 15 month look back period.,1716.0546,78,,,,,0,percent of total billed charges,78% of Billed Charges. Lesser of 100% of billed charges applies.; No services were performed during the 15 month look back period.,1716.0546,78,,,,,0,percent of total billed charges,78% of Billed Charges. Lesser of 100% of billed charges applies.; No services were performed during the 15 month look back period.,1716.0546,78,,,,,0,percent of total billed charges,78% of Billed Charges. Lesser of 100% of billed charges applies.; No services were performed during the 15 month look back period.,1716.0546,78,,,,,0,percent of total billed charges,78% of Billed Charges. Lesser of 100% of billed charges applies.; No services were performed during the 15 month look back period.,1716.0546,78,,,,,0,percent of total billed charges,78% of Billed Charges. Lesser of 100% of billed charges applies.; No services were performed during the 15 month look back period.,1716.0546,78,,,,,0,percent of total billed charges,78% of Billed Charges. Lesser of 100% of billed charges applies.; No services were performed during the 15 month look back period.,196.6,,,,,,,Fee Schedule,"255 % Medicare RBRVS. ",196.6,,,,,,,Fee Schedule,"255 % Medicare RBRVS. ",196.6,,,,,,,Fee Schedule,"255 % Medicare RBRVS. ",196.6,,,,,,,Fee Schedule,"255 % Medicare RBRVS. ",148.8,,,,,,,Fee Schedule,"193 % Medicare RBRVS. ",148.8,,,,,,,Fee Schedule,"193 % Medicare RBRVS. ",157.57,,,,,,,Fee Schedule,"250 % 2018 Cigna RBRVS fee schedule. ",770.53,,,,,,,Fee Schedule,"758.1 % 2013 Manhattan Medicare. ",225.93,,,,,,,Other,. Paid once per unit per revenue code and lesser of 100% of billed charges.,770.53,,,,,,,Fee Schedule,"758.1 % 2013 Manhattan Medicare. ",1716.0546,78,,,,,0,percent of total billed charges,78% of Billed Charges. Lesser of 100% of billed charges applies.; No services were performed during the 15 month look back period.,148.8,,,,,,,Fee Schedule,"193 % Medicare RBRVS. ",770.53,,,,,,,Fee Schedule,"758.1 % 2013 Manhattan Medicare. ",225.93,,,,,,,Other,. Paid once per unit per revenue code and lesser of 100% of billed charges.,157.57,,,,,,,Fee Schedule,"250 % 2018 Cigna RBRVS fee schedule. ",,,,,,,,,"NA. ",1716.0546,78,,,,,0,percent of total billed charges,78% of Billed Charges. Lesser of 100% of billed charges applies.; No services were performed during the 15 month look back period.,770.88,,,,,,,Case Rate,"100 Percent of Medicaid APG. ",196.6,,,,,,,Fee Schedule,"255 % Medicare RBRVS. ",770.88,,,,,,,Case Rate,"100 Percent of Medicaid APG. Not APG payable, or payable under another fee schedule like ASP/AWP pays at 30% of charges",934.88,,,,,,,Case Rate,"100%Medicare OPPS FS. ",934.88,,,,,,,Case Rate,"100% Medicare OPPS FS. ",1100.035,50,,,,,0,percent of total billed charges,50 percent of billed charges; No services were performed during the 15 month look back period.,934.88,,,,,,,Case Rate,"100% Medicare OPPS FS. ",934.88,,,,,,,Case Rate,"100% Medicare OPPS FS. ",770.88,,,,,,,Case Rate,"100 Percent of Medicaid APG. ",934.88,,,,,,,Case Rate,"100% Medicare OPPS FS. ",934.88,,,,,,,Case Rate,"100% Medicare OPPS FS. ",386.27,,,,,,,Fee Schedule,"500.998702983139 % Medicare Physician FS TC Rates Only. ",386.27,,,,,,,Fee Schedule,"500.998702983139 % Medicare Physician FS TC Rates Only. ",934.88,,,,,,,Case Rate,"100% Medicare OPPS FS. ",157.57,,,,,,,Fee Schedule,"250 % 2018 Cigna RBRVS fee schedule. ",225.93,,,,,,,Other,. Paid once per unit per revenue code and lesser of 100% of billed charges.,225.93,,,,,,,Other,. Paid once per unit per revenue code and lesser of 100% of billed charges.,934.88,,,,,,,Case Rate,"100% Medicare OPPS FS. ",157.57,,,,,,,Fee Schedule,"250 % 2018 Cigna RBRVS fee schedule. ",386.27,,,,,,,Fee Schedule,"500.998702983139 % Medicare Physician FS TC Rates Only. ",386.27,,,,,,,Fee Schedule,"500.998702983139 % Medicare Physician FS TC Rates Only. ",386.27,,,,,,,Fee Schedule,"500.998702983139 % Medicare Physician FS TC Rates Only. ",1716.0546,78,,,,,0,percent of total billed charges,78% of Billed Charges. Lesser of 100% of billed charges applies.; No services were performed during the 15 month look back period.,1716.0546,78,,,,,0,percent of total billed charges,78% of Billed Charges. Lesser of 100% of billed charges applies.; No services were performed during the 15 month look back period.,1716.0546,78,,,,,0,percent of total billed charges,78% of Billed Charges. Lesser of 100% of billed charges applies.; No services were performed during the 15 month look back period.,1716.0546,78,,,,,0,percent of total billed charges,78% of Billed Charges. Lesser of 100% of billed charges applies.; No services were performed during the 15 month look back period.,1716.0546,78,,,,,0,percent of total billed charges,78% of Billed Charges. Lesser of 100% of billed charges applies.; No services were performed during the 15 month look back period.,1716.0546,78,,,,,0,percent of total billed charges,78% of Billed Charges. Lesser of 100% of billed charges applies.; No services were performed during the 15 month look back period.,1716.0546,78,,,,,0,percent of total billed charges,78% of Billed Charges. Lesser of 100% of billed charges applies.; No services were performed during the 15 month look back period.,1716.0546,78,,,,,0,percent of total billed charges,78% of Billed Charges. Lesser of 100% of billed charges applies.; No services were performed during the 15 month look back period.,1716.0546,78,,,,,0,percent of total billed charges,78% of Billed Charges. Lesser of 100% of billed charges applies.; No services were performed during the 15 month look back period.,1716.0546,78,,,,,0,percent of total billed charges,78% of Billed Charges. Lesser of 100% of billed charges applies.; No services were performed during the 15 month look back period.,1716.0546,78,,,,,0,percent of total billed charges,78% of Billed Charges. Lesser of 100% of billed charges applies.; No services were performed during the 15 month look back period.,148.8,,,,,,,Fee Schedule,"193 % Medicare RBRVS. ",770.53,,,,,,,Fee Schedule,"758.1 % 2013 Manhattan Medicare. ",157.57,,,,,,,Fee Schedule,"250 % 2018 Cigna RBRVS fee schedule. ",934.88,,,,,,,Case Rate,"100% Medicare OPPS FS. ",386.27,,,,,,,Fee Schedule,"500.998702983139 % Medicare Physician FS TC Rates Only. ",157.57,,,,,,,Fee Schedule,"250 % 2018 Cigna RBRVS fee schedule. ",157.57,,,,,,,Fee Schedule,"250 % 2018 Cigna RBRVS fee schedule. ",1716.0546,78,,,,,0,percent of total billed charges,78% of Billed Charges. Lesser of 100% of billed charges applies.; No services were performed during the 15 month look back period.,1649.68,,,,,,,Case Rate,"141 Percent of current Medicare RBRVS FeeSched. ",157.57,,,,,,,Fee Schedule,"250 % 2018 Cigna RBRVS fee schedule. ",770.88,,,,,,,Case Rate,"100 Percent of Medicaid APG. ",934.88,,,,,,,Case Rate,"100% Medicare OPPS FS. ",934.88,,,,,,,Case Rate,"100% Medicare OPPS FS. ",934.88,,,,,,,Case Rate,"100% Medicare OPPS FS. ",934.88,,,,,,,Case Rate,"100% Medicare OPPS FS. ",934.88,,,,,,,Case Rate,"100% Medicare OPPS FS. ",934.88,,,,,,,Case Rate,"100% Medicare OPPS FS. ",157.57,,,,,,,Fee Schedule,"250 % 2018 Cigna RBRVS fee schedule. ",1100.035,50,,,,,0,percent of total billed charges,50 percent of billed charges; No services were performed during the 15 month look back period.,127.06,,,,,,,Fee Schedule,"160 Percent of Medicare RBRVS. ",127.06,,,,,,,Fee Schedule,"160 Percent of Medicare RBRVS. ",127.06,,,,,,,Fee Schedule,"160 Percent of Medicare RBRVS. ",127.06,,,,,,,Fee Schedule,"160 Percent of Medicare RBRVS. ",127.06,,,,,,,Fee Schedule,"160 Percent of Medicare RBRVS. ",,,,,,,,,"NA. ",1100.035,50,,,,,0,percent of total billed charges,50 percent of billed charges; No services were performed during the 15 month look back period.,1851.06,,,,,,,Case Rate,198 Percent of Medicare OPPS. Metroplus will reimburse unlisted codes and described codes with no Medicare rate at 50 percent of charges.,1851.06,,,,,,,Case Rate,198 Percent of Medicare OPPS. Metroplus will reimburse unlisted codes and described codes with no Medicare rate at 50 percent of charges.,1851.06,,,,,,,Case Rate,198 Percent of Medicare OPPS. Metroplus will reimburse unlisted codes and described codes with no Medicare rate at 50 percent of charges.,1851.06,,,,,,,Case Rate,198 Percent of Medicare OPPS. Metroplus will reimburse unlisted codes and described codes with no Medicare rate at 50 percent of charges.,1851.06,,,,,,,Case Rate,198 Percent of Medicare OPPS. Metroplus will reimburse unlisted codes and described codes with no Medicare rate at 50 percent of charges.,934.88,,,,,,,Case Rate,"100% Medicare OPPS FS. ",148.8,,,,,,,Fee Schedule,"193 % Medicare RBRVS. ",148.8,,,,,,,Fee Schedule,"193 % Medicare RBRVS. ",148.8,,,,,,,Fee Schedule,"193 % Medicare RBRVS. ",148.8,,,,,,,Fee Schedule,"193 % Medicare RBRVS. ",386.27,,,,,,,Fee Schedule,"500.998702983139 % Medicare Physician FS TC Rates Only. ",386.27,,,,,,,Fee Schedule,"500.998702983139 % Medicare Physician FS TC Rates Only. ",386.27,,,,,,,Fee Schedule,"500.998702983139 % Medicare Physician FS TC Rates Only. ",386.27,,,,,,,Fee Schedule,"500.998702983139 % Medicare Physician FS TC Rates Only. ",1100.035,50,,,,,0,percent of total billed charges,50 percent of billed charges; No services were performed during the 15 month look back period.,1100.035,50,,,,,0,percent of total billed charges,50 percent of billed charges; No services were performed during the 15 month look back period.,934.88,,,,,,,Case Rate,"100% Medicare OPPS FS. ",934.88,,,,,,,Case Rate,"100% Medicare OPPS FS. ",934.88,,,,,,,Case Rate,"100% Medicare OPPS FS. ",770.53,,,,,,,Fee Schedule,"758.1 % 2013 Manhattan Medicare. ",770.53,,,,,,,Fee Schedule,"758.1 % 2013 Manhattan Medicare. ",770.53,,,,,,,Fee Schedule,"758.1 % 2013 Manhattan Medicare. ",1100.035,50,,,,,0,percent of total billed charges,50 percent of billed charges; No services were performed during the 15 month look back period.,386.27,,,,,,,Fee Schedule,"500.998702983139 % Medicare Physician FS TC Rates Only. ",934.88,,,,,,,Case Rate,"100% Medicare OPPS FS. ",770.53,,,,,,,Fee Schedule,"758.1 % 2013 Manhattan Medicare. ",770.88,,,,,,,Case Rate,"100 Percent of Medicaid APG. ",953.58,,,,,,,Case Rate,"102% of Medicare OPPS. ",953.58,,,,,,,Case Rate,"102% of Medicare OPPS. ",953.58,,,,,,,Case Rate,"102% of Medicare OPPS. ",71.47,,,,,,,Fee schedule,"90 Percent of Medicare RBRVS. ",210.02,,,,,,,Fee Schedule,225% of NYS Medicaid fee schedule. Lesser of 100% of billed charges applies.,210.02,,,,,,,Fee Schedule,225% of NYS Medicaid fee schedule. Lesser of 100% of billed charges applies.,210.02,,,,,,,Fee Schedule,225% of NYS Medicaid fee schedule. Lesser of 100% of billed charges applies.,210.02,,,,,,,Fee Schedule,225% of NYS Medicaid fee schedule. Lesser of 100% of billed charges applies.,210.02,,,,,,,Fee Schedule,225% of NYS Medicaid fee schedule. Lesser of 100% of billed charges applies.,953.58,,,,,,,Case Rate,"102% of Medicare OPPS. ",770.88,,,,,,,Case Rate,"100 Percent of Medicaid APG. ",71.47,,,,,,,Fee Schedule,"90 Percent of the Medicare technical component RBRVS. If no technical component exists, then 90 Percent of the Medicare RBRVS",210.02,,,,,,,Fee Schedule,225% of NYS Medicaid fee schedule. Lesser of 100% of billed charges applies.,210.02,,,,,,,Fee Schedule,225% of NYS Medicaid fee schedule. Lesser of 100% of billed charges applies.,71.47,,,,,,,Fee Schedule,"90 Percent of the Medicare technical component RBRVS. If no technical component exists, then 90 Percent of the Medicare RBRVS",71.47,,,,,,,Fee Schedule,"90 Percent of the Medicare technical component RBRVS. If no technical component exists, then 90 Percent of the Medicare RBRVS",127.06,,,,,,,Fee Schedule,"160 Percent of Medicare RBRVS. ",934.88,,,,,,,Case Rate,"100% Medicare OPPS FS. ",934.88,,,,,,,Case Rate,"100% Medicare OPPS FS. ",386.27,,,,,,,Fee Schedule,"500.998702983139 % Medicare Physician FS TC Rates Only. ",934.88,,,,,,,Case Rate,"100% Medicare OPPS FS. ",1734.48,,,,,,,Fee Schedule,"225 Percent of Medicaid APG. ",1734.48,,,,,,,Fee Schedule,"225 Percent of Medicaid APG. ",71.47,,,,,,,Fee schedule,"90 Percent of Medicare RBRVS. ",71.47,,,,,,,Fee schedule,"90 Percent of Medicare RBRVS. ",1734.48,,,,,,,Case Rate,225 Percent of Medicaid APG. Covered services not payable under Medicaid Fee Schedules default to a payment of 87.5 percent of charges.,71.47,,,,,,,Fee schedule,90 Percent of Medicare RBRVS. Covered services not payable under Medicaid Fee Schedules default to a payment of 50 percent of charges.,1734.48,,,,,,,Case Rate,"100 Percent of Medicaid APG. ",1734.48,,,,,,,Case Rate,"100 Percent of Medicaid APG. ",1734.48,,,,,,,Case Rate,"100 Percent of Medicaid APG. ",1734.48,,,,,,,Case Rate,"100 Percent of Medicaid APG. ",806.95,,,,,,,Fee Schedule,"1019 % Manhattan Facility Rate. ",1100.035,50,,,,,0,percent of total billed charges,50 percent of billed charges; No services were performed during the 15 month look back period.,925.05,,,,,,,Case Rate,"120 Percent of Medicaid APG. Not APG payable, or payable under another fee schedule like ASP/AWP pays at 30% of charges",925.05,,,,,,,Case Rate,"120 Percent of Medicaid APG. Not APG payable, or payable under another fee schedule like ASP/AWP pays at 30% of charges",770.88,,,,,,,Case Rate,"100 Percent of Medicaid APG. Not APG payable, or payable under another fee schedule like ASP/AWP pays at 30% of charges",770.88,,,,,,,Case Rate,"100 Percent of Medicaid APG. Not APG payable, or payable under another fee schedule like ASP/AWP pays at 30% of charges",770.53,,,,,,,Fee Schedule,"758.1 % 2013 Manhattan Medicare. ",770.53,,,,,,,Fee Schedule,"758.1 % 2013 Manhattan Medicare. ",934.88,,,,,,,Case Rate,"100% Medicare OPPS FS. ",770.53,,,,,,,Fee Schedule,"758.1 % 2013 Manhattan Medicare. ",770.53,,,,,,,Fee Schedule,"758.1 % 2013 Manhattan Medicare. ",770.53,,,,,,,Fee Schedule,"758.1 % 2013 Manhattan Medicare. ",770.53,,,,,,,Fee Schedule,"758.1 % 2013 Manhattan Medicare. ",934.88,,,,,,,Case Rate,"100% Medicare OPPS FS. ",770.53,,,,,,,Fee Schedule,"758.1 % 2013 Manhattan Medicare. ",770.53,,,,,,,Fee Schedule,"758.1 % 2013 Manhattan Medicare. ",386.27,,,,,,,Fee Schedule,"500.998702983139 % Medicare Physician FS TC Rates Only. ",847.97,,,,,,,Fee Schedule,110% of APG. Lesser of 100% of billed charges applies.,71.47,,,,,,,Fee schedule,90 Percent of Medicare RBRVS. Covered services not payable under Medicaid Fee Schedules default to a payment of 50 percent of charges.,210.02,,,,,,,Fee Schedule,225% of NYS Medicaid fee schedule. Lesser of 100% of billed charges applies.,1734.48,,,,,,,Case Rate,225 Percent of Medicaid APG. Covered services not payable under Medicaid Fee Schedules default to a payment of 87.5 percent of charges.,71.47,,,,,,,Fee schedule,90 Percent of Medicare RBRVS. Covered services not payable under Medicaid Fee Schedules default to a payment of 50 percent of charges.,210.02,,,,,,,Fee Schedule,225% of NYS Medicaid fee schedule. Lesser of 100% of billed charges applies.,210.02,,,,,,,Fee Schedule,225% of NYS Medicaid fee schedule. Lesser of 100% of billed charges applies.,210.02,,,,,,,Fee Schedule,225% of NYS Medicaid fee schedule. Lesser of 100% of billed charges applies.,210.02,,,,,,,Fee Schedule,225% of NYS Medicaid fee schedule. Lesser of 100% of billed charges applies.,210.02,,,,,,,Fee Schedule,225% of NYS Medicaid fee schedule. Lesser of 100% of billed charges applies.,210.02,,,,,,,Fee Schedule,225% of NYS Medicaid fee schedule. Lesser of 100% of billed charges applies.,,,,,,,,,"NA. ",,,,,,,,,"NA. ",,,,,,,,,"NA. ",157.57,,,,,,,Fee Schedule,"250 % 2018 Cigna RBRVS fee schedule. ",,,,,,,,,"NA. ",934.88,,,,,,,Case Rate,"100% Medicare OPPS FS. ",242,,,,,,,Fee Schedule,"100 % 1199 Fee Schedule. ",934.88,,,,,,,Case Rate,"100% Medicare OPPS FS. ",934.88,,,,,,,Case Rate,"100% Medicare OPPS FS. ",925.05,,,,,,,Case Rate,"120 Percent of Medicaid APG. Not APG payable, or payable under another fee schedule like ASP/AWP pays at 30% of charges",925.05,,,,,,,Case Rate,"120 Percent of Medicaid APG. Not APG payable, or payable under another fee schedule like ASP/AWP pays at 30% of charges",770.88,,,,,,,Case Rate,"100 Percent of Medicaid APG. Not APG payable, or payable under another fee schedule like ASP/AWP pays at 30% of charges",770.88,,,,,,,Case Rate,"100 Percent of Medicaid APG. Not APG payable, or payable under another fee schedule like ASP/AWP pays at 30% of charges",770.88,,,,,,,Case Rate,"100 Percent of Medicaid APG. ",167.31,,,,,,,Fee Schedule,"217 % Medicare RBRVS. ",386.27,,,,,,,Fee Schedule,"500.998702983139 % Medicare Physician FS TC Rates Only. ",196.6,,,,,,,Fee Schedule,"255 % Medicare RBRVS. ",157.57,,,,,,,Fee Schedule,"250 % 2018 Cigna RBRVS fee schedule. ",934.88,,,,,,,Case Rate,"100%Medicare OPPS FS. ",934.88,,,,,,,Case Rate,"100% Medicare OPPS FS. ",934.88,,,,,,,Case Rate,"100% Medicare OPPS FS. ",934.88,,,,,,,Case Rate,"100% Medicare OPPS FS. ",934.88,,,,,,,Case Rate,"100%Medicare OPPS FS. ",934.88,,,,,,,Case Rate,"100% Medicare OPPS FS. ",,,,,,,,,"NA. ",210.02,,,,,,,Fee Schedule,225% of NYS Medicaid fee schedule. Lesser of 100% of billed charges applies.,71.47,,,,,,,Fee Schedule,"90 Percent of the Medicare technical component RBRVS. If no technical component exists, then 90 Percent of the Medicare RBRVS",770.53,,,,,,,Fee Schedule,"758.1 % 2013 Manhattan Medicare. ",167.31,,,,,,,Fee Schedule,"217 % Medicare RBRVS. ",167.31,,,,,,,Fee Schedule,"217 % Medicare RBRVS. ",167.31,,,,,,,Fee Schedule,"217 % Medicare RBRVS. ",167.31,,,,,,,Fee Schedule,"217 % Medicare RBRVS. ",934.88,,,,,,,Case Rate,"100% Medicare OPPS FS. ",770.88,,,,,,,Case Rate,"100 Percent of Medicaid APG. ",770.53,,,,,,,Fee Schedule,"758.1 % 2013 Manhattan Medicare. ",770.88,,,,,,,Case Rate,"100 Percent of Medicaid APG. ",934.88,,,,,,,Case Rate,"100% Medicare OPPS FS. ",770.88,,,,,,,Case Rate,"100 Percent of Medicaid APG. ",934.88,,,,,,,Case Rate,"100% Medicare OPPS FS. ",934.88,,,,,,,Case Rate,"100% Medicare OPPS FS. ",770.88,,,,,,,Case Rate,"100 Percent of Medicaid APG. ",770.88,,,,,,,Case Rate,"100 Percent of Medicaid APG. ",167.31,,,,,,,Fee Schedule,"217 % Medicare RBRVS. ",157.57,,,,,,,Fee Schedule,"250 % 2018 Cigna RBRVS fee schedule. ",1716.0546,78,,,,,0,percent of total billed charges,78% of Billed Charges. Lesser of 100% of billed charges applies.; No services were performed during the 15 month look back period.,225.93,,,,,,,Other,. Paid once per unit per revenue code and lesser of 100% of billed charges.,225.93,,,,,,,Other,. Paid once per unit per revenue code and lesser of 100% of billed charges.,386.27,,,,,,,Fee Schedule,"500.998702983139 % Medicare Physician FS TC Rates Only. ",916.18,,,,,,,Case Rate,"98% of RBRVS. ",148.8,,,,,,,Fee Schedule,"193 % Medicare RBRVS. ",148.8,,,,,,,Fee Schedule,"193 % Medicare RBRVS. ",616.45,,,,,,,Fee Schedule,"606.5 % 2013 Manhattan Medicare. ",616.45,,,,,,,Fee Schedule,"606.5 % 2013 Manhattan Medicare. ",934.88,,,,,,,Case Rate,"100% Medicare OPPS FS. ",934.88,,,,,,,Case Rate,"100% Medicare OPPS FS. ",934.88,,,,,,,Case Rate,"100% Medicare OPPS FS. ",934.88,,,,,,,Case Rate,"100% Medicare OPPS FS. ",225.93,,,,,,,Other,. Paid once per unit per revenue code and lesser of 100% of billed charges.,770.53,,,,,,,Fee Schedule,"758.1 % 2013 Manhattan Medicare. ",770.53,,,,,,,Fee Schedule,"758.1 % 2013 Manhattan Medicare. ",934.88,,,,,,,Case Rate,"100% Medicare OPPS FS. ",616.45,,,,,,,Fee Schedule,"606.5 % 2013 Manhattan Medicare. ",196.6,,,,,,,Fee Schedule,"255 % Medicare RBRVS. ",925.05,,,,,,,Fee Schedule,"120 Percent of Medicaid APG. ",770.88,,,,,,,Case Rate,"100 Percent of Medicaid APG. ",167.31,,,,,,,Fee Schedule,"217 % Medicare RBRVS. ",693.49,,,,,,,Fee Schedule,"682.3 % 2013 Manhattan Medicare. ",693.49,,,,,,,Fee Schedule,"682.3 % 2013 Manhattan Medicare. ",770.53,,,,,,,Fee Schedule,"758.1 % 2013 Manhattan Medicare. ",1100.035,50,,,,,0,percent of total billed charges,50 percent of billed charges; No services were performed during the 15 month look back period.,934.88,,,,,,,Case Rate,"100%Medicare OPPS FS. ",809.42,,,,,,,Fee Schedule,105 percent of Medicaid APG. otherwise 105% of Ordered NYS MCD FS or 105% of ASP+6%,809.42,,,,,,,Fee Schedule,105 percent of Medicaid APG. otherwise 105% of Ordered NYS MCD FS or 105% of ASP+6%,809.42,,,,,,,Fee Schedule,105 percent of Medicaid APG. otherwise 105% of Ordered NYS MCD FS or 105% of ASP+6%,1040.69,,,,,,,Fee Schedule,135 percent of Medicaid APG. otherwise 135% of Ordered NYS MCD FS or 135% of ASP+6%,225.93,,,,,,,Other,. Paid once per unit per revenue code and lesser of 100% of billed charges.,809.42,,,,,,,Fee Schedule,105 percent of Medicaid APG. otherwise 105% of Ordered NYS MCD FS or 105% of ASP+6%,809.42,,,,,,,Fee Schedule,105 percent of Medicaid APG. otherwise 105% of Ordered NYS MCD FS or 105% of ASP+6%,809.42,,,,,,,Fee Schedule,105 percent of Medicaid APG. otherwise 105% of Ordered NYS MCD FS or 105% of ASP+6%,809.42,,,,,,,Fee Schedule,105 percent of Medicaid APG. otherwise 105% of Ordered NYS MCD FS or 105% of ASP+6%,809.42,,,,,,,Fee Schedule,105 percent of Medicaid APG. otherwise 105% of Ordered NYS MCD FS or 105% of ASP+6%,1040.69,,,,,,,Fee Schedule,135 percent of Medicaid APG. otherwise 135% of Ordered NYS MCD FS or 135% of ASP+6%,1040.69,,,,,,,Fee Schedule,135 percent of Medicaid APG. otherwise 135% of Ordered NYS MCD FS or 135% of ASP+6%,934.88,,,,,,,Case Rate,"100% Medicare OPPS FS. ",225.93,,,,,,,Other,. Paid once per unit per revenue code and lesser of 100% of billed charges.,934.88,,,,,,,Case Rate,"100% Medicare OPPS FS. ",809.42,,,,,,,Fee Schedule,105 percent of Medicaid APG. otherwise 105% of Ordered NYS MCD FS or 105% of ASP+6%,770.53,,,,,,,Fee Schedule,"758.1 % 2013 Manhattan Medicare. ",934.88,,,,,,,Case Rate,"100% Medicare OPPS FS. ",770.53,,,,,,,Fee Schedule,"758.1 % 2013 Manhattan Medicare. ",770.53,,,,,,,Fee Schedule,"758.1 % 2013 Manhattan Medicare. ",770.53,,,,,,,Fee Schedule,"758.1 % 2013 Manhattan Medicare. ",809.42,,,,,,,Fee Schedule,105 percent of Medicaid APG. otherwise 105% of Ordered NYS MCD FS or 105% of ASP+6%,934.88,,,,,,,Case Rate,"100% Medicare OPPS FS. ",770.53,,,,,,,Fee Schedule,"758.1 % 2013 Manhattan Medicare. ",1040.69,,,,,,,Fee Schedule,135 percent of Medicaid APG. otherwise 135% of Ordered NYS MCD FS or 135% of ASP+6%,770.53,,,,,,,Fee Schedule,"758.1 % 2013 Manhattan Medicare. ",1402.32,,,,,,,Case Rate,"150% of Medicare OPPS. ",934.88,,,,,,,Case Rate,"100%Medicare OPPS FS. ",167.31,,,,,,,Fee Schedule,"217 % Medicare RBRVS. ",167.31,,,,,,,Fee Schedule,"217 % Medicare RBRVS. ",167.31,,,,,,,Fee Schedule,"217 % Medicare RBRVS. ",167.31,,,,,,,Fee Schedule,"217 % Medicare RBRVS. ",167.31,,,,,,,Fee Schedule,"217 % Medicare RBRVS. ",196.6,,,,,,,Fee Schedule,"255 % Medicare RBRVS. ",196.6,,,,,,,Fee Schedule,"255 % Medicare RBRVS. ",167.31,,,,,,,Fee Schedule,"217 % Medicare RBRVS. ",167.31,,,,,,,Fee Schedule,"217 % Medicare RBRVS. ",167.31,,,,,,,Fee Schedule,"217 % Medicare RBRVS. ",167.31,,,,,,,Fee Schedule,"217 % Medicare RBRVS. ",167.31,,,,,,,Fee Schedule,"217 % Medicare RBRVS. ",934.88,,,,,,,Case Rate,"100% Medicare OPPS FS. ",196.6,,,,,,,Fee Schedule,"255 % Medicare RBRVS. ",934.88,,,,,,,Case Rate,"100% Medicare OPPS FS. ",1734.48,,,,,,,Case Rate,"225 Percent of Medicaid APG. If not included in Medicaid APG, then 100 Percent of Manhattan Medicare",770.88,,,,,,,Case Rate,"100 Percent of Medicaid APG. If not priced under APG, then Metroplus FeeSched",225.93,,,,,,,Other,. Paid once per unit per revenue code and lesser of 100% of billed charges.,225.93,,,,,,,Other,. Paid once per unit per revenue code and lesser of 100% of billed charges.,934.88,,,,,,,Case Rate,"100% Medicare OPPS FS. ",148.8,,,,,,,Fee Schedule,"193 % Medicare RBRVS. ",934.88,,,,,,,Case Rate,"100% Medicare OPPS FS. ",934.88,,,,,,,Case Rate,"100% Medicare OPPS FS. ",386.27,,,,,,,Fee Schedule,"500.998702983139 % Medicare Physician FS TC Rates Only. ",934.88,,,,,,,Case Rate,"100% Medicare OPPS FS. ",157.57,,,,,,,Fee Schedule,"250 % 2018 Cigna RBRVS fee schedule. ",934.88,,,,,,,Case Rate,"100% Medicare OPPS FS. ",157.57,,,,,,,Fee Schedule,"250 % 2018 Cigna RBRVS fee schedule. ",386.27,,,,,,,Fee Schedule,"500.998702983139 % Medicare Physician FS TC Rates Only. ",157.57,,,,,,,Fee Schedule,"250 % 2018 Cigna RBRVS fee schedule. ",934.88,,,,,,,Case Rate,"100% Medicare OPPS FS. ",770.88,,,,,,,Case Rate,"100 Percent of Medicaid APG. ",934.88,,,,,,,Case Rate,"100% Medicare OPPS FS. ",157.57,,,,,,,Fee Schedule,"250 % 2018 Cigna RBRVS fee schedule. ",225.93,,,,,,,Other,. Paid once per unit per revenue code and lesser of 100% of billed charges.,770.88,,,,,,,Case Rate,"100 Percent of Medicaid APG. ",770.53,,,,,,,Fee Schedule,"758.1 % 2013 Manhattan Medicare. ",925.05,,,,,,,Fee Schedule,"120 Percent of Medicaid APG. ",925.05,,,,,,,Fee Schedule,"120 Percent of Medicaid APG. ",770.53,,,,,,,Fee Schedule,"758.1 % 2013 Manhattan Medicare. ",770.53,,,,,,,Fee Schedule,"758.1 % 2013 Manhattan Medicare. ",770.53,,,,,,,Fee Schedule,"758.1 % 2013 Manhattan Medicare. ",225.93,,,,,,,Other,. Paid once per unit per revenue code and lesser of 100% of billed charges.,770.53,,,,,,,Fee Schedule,"758.1 % 2013 Manhattan Medicare. ",770.53,,,,,,,Fee Schedule,"758.1 % 2013 Manhattan Medicare. ",770.53,,,,,,,Fee Schedule,"758.1 % 2013 Manhattan Medicare. ",167.31,,,,,,,Fee Schedule,"217 % Medicare RBRVS. ",167.31,,,,,,,Fee Schedule,"217 % Medicare RBRVS. ",1851.06,,,,,,,Case Rate,198 Percent of Medicare OPPS. Metroplus will reimburse unlisted codes and described codes with no Medicare rate at 50 percent of charges.,770.88,,,,,,,Case Rate,"100 Percent of Medicaid APG. ",225.93,,,,,,,Other,. Paid once per unit per revenue code and lesser of 100% of billed charges.,157.57,,,,,,,Fee Schedule,"250 % 2018 Cigna RBRVS fee schedule. ",386.27,,,,,,,Fee Schedule,"500.998702983139 % Medicare Physician FS TC Rates Only. ",225.93,,,,,,,Other,. Paid once per unit per revenue code and lesser of 100% of billed charges.,386.27,,,,,,,Fee Schedule,"500.998702983139 % Medicare Physician FS TC Rates Only. ",225.93,,,,,,,Other,. Paid once per unit per revenue code and lesser of 100% of billed charges.,770.53,,,,,,,Fee Schedule,"758.1 % 2013 Manhattan Medicare. ",770.53,,,,,,,Fee Schedule,"758.1 % 2013 Manhattan Medicare. ",770.53,,,,,,,Fee Schedule,"758.1 % 2013 Manhattan Medicare. ",770.53,,,,,,,Fee Schedule,"758.1 % 2013 Manhattan Medicare. ",934.88,,,,,,,Case Rate,"100% Medicare OPPS FS. ",71.47,2700,
73223,CPT,2023510,LOCAL,610,RC,HC MRI UE ANY JOINT W & WO CONTRAST,10690.14,2031.1266,both,,,,1323,,,,,,,Fee Schedule,"100 % 1199 Fee Schedule. ",1323,,,,,,,Fee Schedule,"100 % 1199 Fee Schedule. ",1636.87,,,,,,,Fee Schedule,"501.000857002938 % Medicare Physician FS TC Rates Only. ",10690.14,100,,,,,0,percent of total billed charges,100 percent of billed charges. ; No services were performed during the 15 month look back period.,422.59,,,,,,,Case Rate,"100% Medicare OPPS FS. ",1636.87,,,,,,,Fee Schedule,"501.000857002938 % Medicare Physician FS TC Rates Only. ",1636.87,,,,,,,Fee Schedule,"501.000857002938 % Medicare Physician FS TC Rates Only. ",1636.87,,,,,,,Fee Schedule,"501.000857002938 % Medicare Physician FS TC Rates Only. ",774.06,,,,,,,Case Rate,"100 Percent of Medicaid APG. ",645.05,,,,,,,Case Rate,"100 Percent of Medicaid APG. ",8338.3092,78,,,,,0,percent of total billed charges,78% of Billed Charges. Lesser of 100% of billed charges applies.; No services were performed during the 15 month look back period.,2510.81,,,,,,,Other,. Paid once per unit per revenue code and lesser of 100% of billed charges.,645.05,,,,,,,Case Rate,"100 Percent of Medicaid APG. ",422.59,,,,,,,Case Rate,"100% Medicare OPPS FS. ",1091.45,,,,,,,Fee Schedule,"250 % 2018 Cigna RBRVS fee schedule. ",1091.45,,,,,,,Fee Schedule,"250 % 2018 Cigna RBRVS fee schedule. ",1091.45,,,,,,,Fee Schedule,"250 % 2018 Cigna RBRVS fee schedule. ",1091.45,,,,,,,Fee Schedule,"250 % 2018 Cigna RBRVS fee schedule. ",302.8,,,,,,,Fee schedule,90 Percent of Medicare RBRVS. Covered services not payable under Medicaid Fee Schedules default to a payment of 50 percent of charges.,422.59,,,,,,,Case Rate,"100% Medicare OPPS FS. ",302.8,,,,,,,Fee schedule,90 Percent of Medicare RBRVS. Covered services not payable under Medicaid Fee Schedules default to a payment of 50 percent of charges.,8338.3092,78,,,,,0,percent of total billed charges,78% of Billed Charges. Lesser of 100% of billed charges applies.; No services were performed during the 15 month look back period.,1636.87,,,,,,,Fee Schedule,"501.000857002938 % Medicare Physician FS TC Rates Only. ",422.59,,,,,,,Case Rate,"100%Medicare OPPS FS. ",833.14,,,,,,,Fee Schedule,"255 % Medicare RBRVS. ",422.59,,,,,,,Case Rate,"100%Medicare OPPS FS. ",422.59,,,,,,,Case Rate,"100%Medicare OPPS FS. ",8338.3092,78,,,,,0,percent of total billed charges,78% of Billed Charges. Lesser of 100% of billed charges applies.; No services were performed during the 15 month look back period.,226.37,,,,,,,Case Rate,100% of PAS. Lesser of 100% of billed charges applies.,226.37,,,,,,,Case Rate,100% of PAS. Lesser of 100% of billed charges applies.,302.8,,,,,,,Fee schedule,"90 Percent of Medicare RBRVS. ",302.8,,,,,,,Fee schedule,"90 Percent of Medicare RBRVS. ",833.14,,,,,,,Fee Schedule,"255 % Medicare RBRVS. ",833.14,,,,,,,Fee Schedule,"255 % Medicare RBRVS. ",645.05,,,,,,,Case Rate,"100 Percent of Medicaid APG. Not APG payable, or payable under another fee schedule like ASP/AWP pays at 30% of charges",833.14,,,,,,,Fee Schedule,"255 % Medicare RBRVS. ",645.05,,,,,,,Case Rate,"100 Percent of Medicaid APG. Not APG payable, or payable under another fee schedule like ASP/AWP pays at 30% of charges",422.59,,,,,,,Case Rate,"100%Medicare OPPS FS. ",833.14,,,,,,,Fee Schedule,"255 % Medicare RBRVS. ",8338.3092,78,,,,,0,percent of total billed charges,78% of Billed Charges. Lesser of 100% of billed charges applies.; No services were performed during the 15 month look back period.,645.05,,,,,,,Case Rate,"100 Percent of Medicaid APG. If not priced under APG, then Metroplus FeeSched",645.05,,,,,,,Case Rate,"100 Percent of Medicaid APG. If not priced under APG, then Metroplus FeeSched",8338.3092,78,,,,,0,percent of total billed charges,78% of Billed Charges. Lesser of 100% of billed charges applies.; No services were performed during the 15 month look back period.,1091.45,,,,,,,Fee Schedule,"250 % 2018 Cigna RBRVS fee schedule. ",2426,,,,,,,Other,. Paid once per unit per revenue code and lesser of 100% of billed charges.,2426,,,,,,,Other,. Paid once per unit per revenue code and lesser of 100% of billed charges.,8338.3092,78,,,,,0,percent of total billed charges,78% of Billed Charges. Lesser of 100% of billed charges applies.; No services were performed during the 15 month look back period.,422.59,,,,,,,Case Rate,"100% Medicare OPPS FS. ",2510.81,,,,,,,Other,. Paid once per unit per revenue code and lesser of 100% of billed charges.,2510.81,,,,,,,Other,. Paid once per unit per revenue code and lesser of 100% of billed charges.,2510.81,,,,,,,Other,. Paid once per unit per revenue code and lesser of 100% of billed charges.,422.59,,,,,,,Case Rate,"100% Medicare OPPS FS. ",2510.81,,,,,,,Other,. Paid once per unit per revenue code and lesser of 100% of billed charges.,2510.81,,,,,,,Other,. Paid once per unit per revenue code and lesser of 100% of billed charges.,422.59,,,,,,,Case Rate,"100% of Medicare OPPS. ",5345.07,50,,,,,0,percent of total billed charges,50 percent of billed charges; No services were performed during the 15 month look back period.,3914.53,,,,,,,Fee Schedule,"758.1 % 2013 Manhattan Medicare. ",3914.53,,,,,,,Fee Schedule,"758.1 % 2013 Manhattan Medicare. ",3914.53,,,,,,,Fee Schedule,"758.1 % 2013 Manhattan Medicare. ",3914.53,,,,,,,Fee Schedule,"758.1 % 2013 Manhattan Medicare. ",3914.53,,,,,,,Fee Schedule,"758.1 % 2013 Manhattan Medicare. ",3914.53,,,,,,,Fee Schedule,"758.1 % 2013 Manhattan Medicare. ",422.59,,,,,,,Case Rate,"100% Medicare OPPS FS. ",422.59,,,,,,,Case Rate,"100% Medicare OPPS FS. ",3914.53,,,,,,,Fee Schedule,"758.1 % 2013 Manhattan Medicare. ",8338.3092,78,,,,,0,percent of total billed charges,78% of Billed Charges. Lesser of 100% of billed charges applies.; No services were performed during the 15 month look back period.,8338.3092,78,,,,,0,percent of total billed charges,78% of Billed Charges. Lesser of 100% of billed charges applies.; No services were performed during the 15 month look back period.,8338.3092,78,,,,,0,percent of total billed charges,78% of Billed Charges. Lesser of 100% of billed charges applies.; No services were performed during the 15 month look back period.,8338.3092,78,,,,,0,percent of total billed charges,78% of Billed Charges. Lesser of 100% of billed charges applies.; No services were performed during the 15 month look back period.,8338.3092,78,,,,,0,percent of total billed charges,78% of Billed Charges. Lesser of 100% of billed charges applies.; No services were performed during the 15 month look back period.,8338.3092,78,,,,,0,percent of total billed charges,78% of Billed Charges. Lesser of 100% of billed charges applies.; No services were performed during the 15 month look back period.,8338.3092,78,,,,,0,percent of total billed charges,78% of Billed Charges. Lesser of 100% of billed charges applies.; No services were performed during the 15 month look back period.,8338.3092,78,,,,,0,percent of total billed charges,78% of Billed Charges. Lesser of 100% of billed charges applies.; No services were performed during the 15 month look back period.,8338.3092,78,,,,,0,percent of total billed charges,78% of Billed Charges. Lesser of 100% of billed charges applies.; No services were performed during the 15 month look back period.,8338.3092,78,,,,,0,percent of total billed charges,78% of Billed Charges. Lesser of 100% of billed charges applies.; No services were performed during the 15 month look back period.,8338.3092,78,,,,,0,percent of total billed charges,78% of Billed Charges. Lesser of 100% of billed charges applies.; No services were performed during the 15 month look back period.,8338.3092,78,,,,,0,percent of total billed charges,78% of Billed Charges. Lesser of 100% of billed charges applies.; No services were performed during the 15 month look back period.,8338.3092,78,,,,,0,percent of total billed charges,78% of Billed Charges. Lesser of 100% of billed charges applies.; No services were performed during the 15 month look back period.,8338.3092,78,,,,,0,percent of total billed charges,78% of Billed Charges. Lesser of 100% of billed charges applies.; No services were performed during the 15 month look back period.,8338.3092,78,,,,,0,percent of total billed charges,78% of Billed Charges. Lesser of 100% of billed charges applies.; No services were performed during the 15 month look back period.,8338.3092,78,,,,,0,percent of total billed charges,78% of Billed Charges. Lesser of 100% of billed charges applies.; No services were performed during the 15 month look back period.,8338.3092,78,,,,,0,percent of total billed charges,78% of Billed Charges. Lesser of 100% of billed charges applies.; No services were performed during the 15 month look back period.,8338.3092,78,,,,,0,percent of total billed charges,78% of Billed Charges. Lesser of 100% of billed charges applies.; No services were performed during the 15 month look back period.,8338.3092,78,,,,,0,percent of total billed charges,78% of Billed Charges. Lesser of 100% of billed charges applies.; No services were performed during the 15 month look back period.,8338.3092,78,,,,,0,percent of total billed charges,78% of Billed Charges. Lesser of 100% of billed charges applies.; No services were performed during the 15 month look back period.,8338.3092,78,,,,,0,percent of total billed charges,78% of Billed Charges. Lesser of 100% of billed charges applies.; No services were performed during the 15 month look back period.,8338.3092,78,,,,,0,percent of total billed charges,78% of Billed Charges. Lesser of 100% of billed charges applies.; No services were performed during the 15 month look back period.,8338.3092,78,,,,,0,percent of total billed charges,78% of Billed Charges. Lesser of 100% of billed charges applies.; No services were performed during the 15 month look back period.,8338.3092,78,,,,,0,percent of total billed charges,78% of Billed Charges. Lesser of 100% of billed charges applies.; No services were performed during the 15 month look back period.,8338.3092,78,,,,,0,percent of total billed charges,78% of Billed Charges. Lesser of 100% of billed charges applies.; No services were performed during the 15 month look back period.,8338.3092,78,,,,,0,percent of total billed charges,78% of Billed Charges. Lesser of 100% of billed charges applies.; No services were performed during the 15 month look back period.,833.14,,,,,,,Fee Schedule,"255 % Medicare RBRVS. ",833.14,,,,,,,Fee Schedule,"255 % Medicare RBRVS. ",833.14,,,,,,,Fee Schedule,"255 % Medicare RBRVS. ",833.14,,,,,,,Fee Schedule,"255 % Medicare RBRVS. ",630.57,,,,,,,Fee Schedule,"193 % Medicare RBRVS. ",630.57,,,,,,,Fee Schedule,"193 % Medicare RBRVS. ",1091.45,,,,,,,Fee Schedule,"250 % 2018 Cigna RBRVS fee schedule. ",3914.53,,,,,,,Fee Schedule,"758.1 % 2013 Manhattan Medicare. ",2510.81,,,,,,,Other,. Paid once per unit per revenue code and lesser of 100% of billed charges.,3914.53,,,,,,,Fee Schedule,"758.1 % 2013 Manhattan Medicare. ",8338.3092,78,,,,,0,percent of total billed charges,78% of Billed Charges. Lesser of 100% of billed charges applies.; No services were performed during the 15 month look back period.,630.57,,,,,,,Fee Schedule,"193 % Medicare RBRVS. ",3914.53,,,,,,,Fee Schedule,"758.1 % 2013 Manhattan Medicare. ",2510.81,,,,,,,Other,. Paid once per unit per revenue code and lesser of 100% of billed charges.,1091.45,,,,,,,Fee Schedule,"250 % 2018 Cigna RBRVS fee schedule. ",,,,,,,,,"NA. ",8338.3092,78,,,,,0,percent of total billed charges,78% of Billed Charges. Lesser of 100% of billed charges applies.; No services were performed during the 15 month look back period.,645.05,,,,,,,Case Rate,"100 Percent of Medicaid APG. ",833.14,,,,,,,Fee Schedule,"255 % Medicare RBRVS. ",645.05,,,,,,,Case Rate,"100 Percent of Medicaid APG. Not APG payable, or payable under another fee schedule like ASP/AWP pays at 30% of charges",422.59,,,,,,,Case Rate,"100%Medicare OPPS FS. ",422.59,,,,,,,Case Rate,"100% Medicare OPPS FS. ",5345.07,50,,,,,0,percent of total billed charges,50 percent of billed charges; No services were performed during the 15 month look back period.,422.59,,,,,,,Case Rate,"100% Medicare OPPS FS. ",422.59,,,,,,,Case Rate,"100% Medicare OPPS FS. ",645.05,,,,,,,Case Rate,"100 Percent of Medicaid APG. ",422.59,,,,,,,Case Rate,"100% Medicare OPPS FS. ",422.59,,,,,,,Case Rate,"100% Medicare OPPS FS. ",1636.87,,,,,,,Fee Schedule,"501.000857002938 % Medicare Physician FS TC Rates Only. ",1636.87,,,,,,,Fee Schedule,"501.000857002938 % Medicare Physician FS TC Rates Only. ",422.59,,,,,,,Case Rate,"100% Medicare OPPS FS. ",1091.45,,,,,,,Fee Schedule,"250 % 2018 Cigna RBRVS fee schedule. ",2510.81,,,,,,,Other,. Paid once per unit per revenue code and lesser of 100% of billed charges.,2510.81,,,,,,,Other,. Paid once per unit per revenue code and lesser of 100% of billed charges.,422.59,,,,,,,Case Rate,"100% Medicare OPPS FS. ",1091.45,,,,,,,Fee Schedule,"250 % 2018 Cigna RBRVS fee schedule. ",1636.87,,,,,,,Fee Schedule,"501.000857002938 % Medicare Physician FS TC Rates Only. ",1636.87,,,,,,,Fee Schedule,"501.000857002938 % Medicare Physician FS TC Rates Only. ",1636.87,,,,,,,Fee Schedule,"501.000857002938 % Medicare Physician FS TC Rates Only. ",8338.3092,78,,,,,0,percent of total billed charges,78% of Billed Charges. Lesser of 100% of billed charges applies.; No services were performed during the 15 month look back period.,8338.3092,78,,,,,0,percent of total billed charges,78% of Billed Charges. Lesser of 100% of billed charges applies.; No services were performed during the 15 month look back period.,8338.3092,78,,,,,0,percent of total billed charges,78% of Billed Charges. Lesser of 100% of billed charges applies.; No services were performed during the 15 month look back period.,8338.3092,78,,,,,0,percent of total billed charges,78% of Billed Charges. Lesser of 100% of billed charges applies.; No services were performed during the 15 month look back period.,8338.3092,78,,,,,0,percent of total billed charges,78% of Billed Charges. Lesser of 100% of billed charges applies.; No services were performed during the 15 month look back period.,8338.3092,78,,,,,0,percent of total billed charges,78% of Billed Charges. Lesser of 100% of billed charges applies.; No services were performed during the 15 month look back period.,8338.3092,78,,,,,0,percent of total billed charges,78% of Billed Charges. Lesser of 100% of billed charges applies.; No services were performed during the 15 month look back period.,8338.3092,78,,,,,0,percent of total billed charges,78% of Billed Charges. Lesser of 100% of billed charges applies.; No services were performed during the 15 month look back period.,8338.3092,78,,,,,0,percent of total billed charges,78% of Billed Charges. Lesser of 100% of billed charges applies.; No services were performed during the 15 month look back period.,8338.3092,78,,,,,0,percent of total billed charges,78% of Billed Charges. Lesser of 100% of billed charges applies.; No services were performed during the 15 month look back period.,8338.3092,78,,,,,0,percent of total billed charges,78% of Billed Charges. Lesser of 100% of billed charges applies.; No services were performed during the 15 month look back period.,630.57,,,,,,,Fee Schedule,"193 % Medicare RBRVS. ",3914.53,,,,,,,Fee Schedule,"758.1 % 2013 Manhattan Medicare. ",1091.45,,,,,,,Fee Schedule,"250 % 2018 Cigna RBRVS fee schedule. ",422.59,,,,,,,Case Rate,"100% Medicare OPPS FS. ",1636.87,,,,,,,Fee Schedule,"501.000857002938 % Medicare Physician FS TC Rates Only. ",1091.45,,,,,,,Fee Schedule,"250 % 2018 Cigna RBRVS fee schedule. ",1091.45,,,,,,,Fee Schedule,"250 % 2018 Cigna RBRVS fee schedule. ",8338.3092,78,,,,,0,percent of total billed charges,78% of Billed Charges. Lesser of 100% of billed charges applies.; No services were performed during the 15 month look back period.,1380.4,,,,,,,Case Rate,"141 Percent of current Medicare RBRVS FeeSched. ",1091.45,,,,,,,Fee Schedule,"250 % 2018 Cigna RBRVS fee schedule. ",645.05,,,,,,,Case Rate,"100 Percent of Medicaid APG. ",422.59,,,,,,,Case Rate,"100% Medicare OPPS FS. ",422.59,,,,,,,Case Rate,"100% Medicare OPPS FS. ",422.59,,,,,,,Case Rate,"100% Medicare OPPS FS. ",422.59,,,,,,,Case Rate,"100% Medicare OPPS FS. ",422.59,,,,,,,Case Rate,"100% Medicare OPPS FS. ",422.59,,,,,,,Case Rate,"100% Medicare OPPS FS. ",1091.45,,,,,,,Fee Schedule,"250 % 2018 Cigna RBRVS fee schedule. ",5345.07,50,,,,,0,percent of total billed charges,50 percent of billed charges; No services were performed during the 15 month look back period.,538.32,,,,,,,Fee Schedule,"160 Percent of Medicare RBRVS. ",538.32,,,,,,,Fee Schedule,"160 Percent of Medicare RBRVS. ",538.32,,,,,,,Fee Schedule,"160 Percent of Medicare RBRVS. ",538.32,,,,,,,Fee Schedule,"160 Percent of Medicare RBRVS. ",538.32,,,,,,,Fee Schedule,"160 Percent of Medicare RBRVS. ",,,,,,,,,"NA. ",5345.07,50,,,,,0,percent of total billed charges,50 percent of billed charges; No services were performed during the 15 month look back period.,836.73,,,,,,,Case Rate,198 Percent of Medicare OPPS. Metroplus will reimburse unlisted codes and described codes with no Medicare rate at 50 percent of charges.,836.73,,,,,,,Case Rate,198 Percent of Medicare OPPS. Metroplus will reimburse unlisted codes and described codes with no Medicare rate at 50 percent of charges.,836.73,,,,,,,Case Rate,198 Percent of Medicare OPPS. Metroplus will reimburse unlisted codes and described codes with no Medicare rate at 50 percent of charges.,836.73,,,,,,,Case Rate,198 Percent of Medicare OPPS. Metroplus will reimburse unlisted codes and described codes with no Medicare rate at 50 percent of charges.,836.73,,,,,,,Case Rate,198 Percent of Medicare OPPS. Metroplus will reimburse unlisted codes and described codes with no Medicare rate at 50 percent of charges.,422.59,,,,,,,Case Rate,"100% Medicare OPPS FS. ",630.57,,,,,,,Fee Schedule,"193 % Medicare RBRVS. ",630.57,,,,,,,Fee Schedule,"193 % Medicare RBRVS. ",630.57,,,,,,,Fee Schedule,"193 % Medicare RBRVS. ",630.57,,,,,,,Fee Schedule,"193 % Medicare RBRVS. ",1636.87,,,,,,,Fee Schedule,"501.000857002938 % Medicare Physician FS TC Rates Only. ",1636.87,,,,,,,Fee Schedule,"501.000857002938 % Medicare Physician FS TC Rates Only. ",1636.87,,,,,,,Fee Schedule,"501.000857002938 % Medicare Physician FS TC Rates Only. ",1636.87,,,,,,,Fee Schedule,"501.000857002938 % Medicare Physician FS TC Rates Only. ",5345.07,50,,,,,0,percent of total billed charges,50 percent of billed charges; No services were performed during the 15 month look back period.,5345.07,50,,,,,0,percent of total billed charges,50 percent of billed charges; No services were performed during the 15 month look back period.,422.59,,,,,,,Case Rate,"100% Medicare OPPS FS. ",422.59,,,,,,,Case Rate,"100% Medicare OPPS FS. ",422.59,,,,,,,Case Rate,"100% Medicare OPPS FS. ",3914.53,,,,,,,Fee Schedule,"758.1 % 2013 Manhattan Medicare. ",3914.53,,,,,,,Fee Schedule,"758.1 % 2013 Manhattan Medicare. ",3914.53,,,,,,,Fee Schedule,"758.1 % 2013 Manhattan Medicare. ",5345.07,50,,,,,0,percent of total billed charges,50 percent of billed charges; No services were performed during the 15 month look back period.,1636.87,,,,,,,Fee Schedule,"501.000857002938 % Medicare Physician FS TC Rates Only. ",422.59,,,,,,,Case Rate,"100% Medicare OPPS FS. ",3914.53,,,,,,,Fee Schedule,"758.1 % 2013 Manhattan Medicare. ",645.05,,,,,,,Case Rate,"100 Percent of Medicaid APG. ",431.04,,,,,,,Case Rate,"102% of Medicare OPPS. ",431.04,,,,,,,Case Rate,"102% of Medicare OPPS. ",431.04,,,,,,,Case Rate,"102% of Medicare OPPS. ",302.8,,,,,,,Fee schedule,"90 Percent of Medicare RBRVS. ",1451.36,,,,,,,Case Rate,225% of NYS APG. Lesser of 100% of billed charges applies.,1451.36,,,,,,,Case Rate,225% of NYS APG. Lesser of 100% of billed charges applies.,1451.36,,,,,,,Case Rate,225% of NYS APG. Lesser of 100% of billed charges applies.,1451.36,,,,,,,Case Rate,225% of NYS APG. Lesser of 100% of billed charges applies.,1451.36,,,,,,,Case Rate,225% of NYS APG. Lesser of 100% of billed charges applies.,431.04,,,,,,,Case Rate,"102% of Medicare OPPS. ",645.05,,,,,,,Case Rate,"100 Percent of Medicaid APG. ",226.37,,,,,,,Case Rate,100% of PAS. Lesser of 100% of billed charges applies.,1451.36,,,,,,,Case Rate,225% of NYS APG. Lesser of 100% of billed charges applies.,1451.36,,,,,,,Case Rate,225% of NYS APG. Lesser of 100% of billed charges applies.,226.37,,,,,,,Case Rate,100% of PAS. Lesser of 100% of billed charges applies.,226.37,,,,,,,Case Rate,100% of PAS. Lesser of 100% of billed charges applies.,538.32,,,,,,,Fee Schedule,"160 Percent of Medicare RBRVS. ",422.59,,,,,,,Case Rate,"100% Medicare OPPS FS. ",422.59,,,,,,,Case Rate,"100% Medicare OPPS FS. ",1636.87,,,,,,,Fee Schedule,"501.000857002938 % Medicare Physician FS TC Rates Only. ",422.59,,,,,,,Case Rate,"100% Medicare OPPS FS. ",1451.36,,,,,,,Fee Schedule,"225 Percent of Medicaid APG. ",1451.36,,,,,,,Fee Schedule,"225 Percent of Medicaid APG. ",302.8,,,,,,,Fee schedule,"90 Percent of Medicare RBRVS. ",302.8,,,,,,,Fee schedule,"90 Percent of Medicare RBRVS. ",1451.36,,,,,,,Case Rate,225 Percent of Medicaid APG. Covered services not payable under Medicaid Fee Schedules default to a payment of 87.5 percent of charges.,302.8,,,,,,,Fee schedule,90 Percent of Medicare RBRVS. Covered services not payable under Medicaid Fee Schedules default to a payment of 50 percent of charges.,1451.36,,,,,,,Case Rate,"100 Percent of Medicaid APG. ",1451.36,,,,,,,Case Rate,"100 Percent of Medicaid APG. ",1451.36,,,,,,,Case Rate,"100 Percent of Medicaid APG. ",1451.36,,,,,,,Case Rate,"100 Percent of Medicaid APG. ",3475.2,,,,,,,Fee Schedule,"1019 % Manhattan Facility Rate. ",5345.07,50,,,,,0,percent of total billed charges,50 percent of billed charges; No services were performed during the 15 month look back period.,774.06,,,,,,,Case Rate,"120 Percent of Medicaid APG. Not APG payable, or payable under another fee schedule like ASP/AWP pays at 30% of charges",774.06,,,,,,,Case Rate,"120 Percent of Medicaid APG. Not APG payable, or payable under another fee schedule like ASP/AWP pays at 30% of charges",645.05,,,,,,,Case Rate,"100 Percent of Medicaid APG. Not APG payable, or payable under another fee schedule like ASP/AWP pays at 30% of charges",645.05,,,,,,,Case Rate,"100 Percent of Medicaid APG. Not APG payable, or payable under another fee schedule like ASP/AWP pays at 30% of charges",3914.53,,,,,,,Fee Schedule,"758.1 % 2013 Manhattan Medicare. ",3914.53,,,,,,,Fee Schedule,"758.1 % 2013 Manhattan Medicare. ",422.59,,,,,,,Case Rate,"100% Medicare OPPS FS. ",3914.53,,,,,,,Fee Schedule,"758.1 % 2013 Manhattan Medicare. ",3914.53,,,,,,,Fee Schedule,"758.1 % 2013 Manhattan Medicare. ",3914.53,,,,,,,Fee Schedule,"758.1 % 2013 Manhattan Medicare. ",3914.53,,,,,,,Fee Schedule,"758.1 % 2013 Manhattan Medicare. ",422.59,,,,,,,Case Rate,"100% Medicare OPPS FS. ",3914.53,,,,,,,Fee Schedule,"758.1 % 2013 Manhattan Medicare. ",3914.53,,,,,,,Fee Schedule,"758.1 % 2013 Manhattan Medicare. ",1636.87,,,,,,,Fee Schedule,"501.000857002938 % Medicare Physician FS TC Rates Only. ",709.55,,,,,,,Fee Schedule,110% of APG. Lesser of 100% of billed charges applies.,302.8,,,,,,,Fee schedule,90 Percent of Medicare RBRVS. Covered services not payable under Medicaid Fee Schedules default to a payment of 50 percent of charges.,1451.36,,,,,,,Case Rate,225% of NYS APG. Lesser of 100% of billed charges applies.,1451.36,,,,,,,Case Rate,225 Percent of Medicaid APG. Covered services not payable under Medicaid Fee Schedules default to a payment of 87.5 percent of charges.,302.8,,,,,,,Fee schedule,90 Percent of Medicare RBRVS. Covered services not payable under Medicaid Fee Schedules default to a payment of 50 percent of charges.,1451.36,,,,,,,Case Rate,225% of NYS APG. Lesser of 100% of billed charges applies.,1451.36,,,,,,,Case Rate,225% of NYS APG. Lesser of 100% of billed charges applies.,1451.36,,,,,,,Case Rate,225% of NYS APG. Lesser of 100% of billed charges applies.,1451.36,,,,,,,Case Rate,225% of NYS APG. Lesser of 100% of billed charges applies.,1451.36,,,,,,,Case Rate,225% of NYS APG. Lesser of 100% of billed charges applies.,1451.36,,,,,,,Case Rate,225% of NYS APG. Lesser of 100% of billed charges applies.,,,,,,,,,"NA. ",,,,,,,,,"NA. ",,,,,,,,,"NA. ",1091.45,,,,,,,Fee Schedule,"250 % 2018 Cigna RBRVS fee schedule. ",,,,,,,,,"NA. ",422.59,,,,,,,Case Rate,"100% Medicare OPPS FS. ",1323,,,,,,,Fee Schedule,"100 % 1199 Fee Schedule. ",422.59,,,,,,,Case Rate,"100% Medicare OPPS FS. ",422.59,,,,,,,Case Rate,"100% Medicare OPPS FS. ",774.06,,,,,,,Case Rate,"120 Percent of Medicaid APG. Not APG payable, or payable under another fee schedule like ASP/AWP pays at 30% of charges",774.06,,,,,,,Case Rate,"120 Percent of Medicaid APG. Not APG payable, or payable under another fee schedule like ASP/AWP pays at 30% of charges",645.05,,,,,,,Case Rate,"100 Percent of Medicaid APG. Not APG payable, or payable under another fee schedule like ASP/AWP pays at 30% of charges",645.05,,,,,,,Case Rate,"100 Percent of Medicaid APG. Not APG payable, or payable under another fee schedule like ASP/AWP pays at 30% of charges",645.05,,,,,,,Case Rate,"100 Percent of Medicaid APG. ",708.98,,,,,,,Fee Schedule,"217 % Medicare RBRVS. ",1636.87,,,,,,,Fee Schedule,"501.000857002938 % Medicare Physician FS TC Rates Only. ",833.14,,,,,,,Fee Schedule,"255 % Medicare RBRVS. ",1091.45,,,,,,,Fee Schedule,"250 % 2018 Cigna RBRVS fee schedule. ",422.59,,,,,,,Case Rate,"100%Medicare OPPS FS. ",422.59,,,,,,,Case Rate,"100% Medicare OPPS FS. ",422.59,,,,,,,Case Rate,"100% Medicare OPPS FS. ",422.59,,,,,,,Case Rate,"100% Medicare OPPS FS. ",422.59,,,,,,,Case Rate,"100%Medicare OPPS FS. ",422.59,,,,,,,Case Rate,"100% Medicare OPPS FS. ",,,,,,,,,"NA. ",1451.36,,,,,,,Case Rate,225% of NYS APG. Lesser of 100% of billed charges applies.,226.37,,,,,,,Case Rate,100% of PAS. Lesser of 100% of billed charges applies.,3914.53,,,,,,,Fee Schedule,"758.1 % 2013 Manhattan Medicare. ",708.98,,,,,,,Fee Schedule,"217 % Medicare RBRVS. ",708.98,,,,,,,Fee Schedule,"217 % Medicare RBRVS. ",708.98,,,,,,,Fee Schedule,"217 % Medicare RBRVS. ",708.98,,,,,,,Fee Schedule,"217 % Medicare RBRVS. ",422.59,,,,,,,Case Rate,"100% Medicare OPPS FS. ",645.05,,,,,,,Case Rate,"100 Percent of Medicaid APG. ",3914.53,,,,,,,Fee Schedule,"758.1 % 2013 Manhattan Medicare. ",645.05,,,,,,,Case Rate,"100 Percent of Medicaid APG. ",422.59,,,,,,,Case Rate,"100% Medicare OPPS FS. ",645.05,,,,,,,Case Rate,"100 Percent of Medicaid APG. ",422.59,,,,,,,Case Rate,"100% Medicare OPPS FS. ",422.59,,,,,,,Case Rate,"100% Medicare OPPS FS. ",645.05,,,,,,,Case Rate,"100 Percent of Medicaid APG. ",645.05,,,,,,,Case Rate,"100 Percent of Medicaid APG. ",708.98,,,,,,,Fee Schedule,"217 % Medicare RBRVS. ",1091.45,,,,,,,Fee Schedule,"250 % 2018 Cigna RBRVS fee schedule. ",8338.3092,78,,,,,0,percent of total billed charges,78% of Billed Charges. Lesser of 100% of billed charges applies.; No services were performed during the 15 month look back period.,2510.81,,,,,,,Other,. Paid once per unit per revenue code and lesser of 100% of billed charges.,2510.81,,,,,,,Other,. Paid once per unit per revenue code and lesser of 100% of billed charges.,1636.87,,,,,,,Fee Schedule,"501.000857002938 % Medicare Physician FS TC Rates Only. ",414.14,,,,,,,Case Rate,"98% of RBRVS. ",630.57,,,,,,,Fee Schedule,"193 % Medicare RBRVS. ",630.57,,,,,,,Fee Schedule,"193 % Medicare RBRVS. ",3131.72,,,,,,,Fee Schedule,"606.5 % 2013 Manhattan Medicare. ",3131.72,,,,,,,Fee Schedule,"606.5 % 2013 Manhattan Medicare. ",422.59,,,,,,,Case Rate,"100% Medicare OPPS FS. ",422.59,,,,,,,Case Rate,"100% Medicare OPPS FS. ",422.59,,,,,,,Case Rate,"100% Medicare OPPS FS. ",422.59,,,,,,,Case Rate,"100% Medicare OPPS FS. ",2510.81,,,,,,,Other,. Paid once per unit per revenue code and lesser of 100% of billed charges.,3914.53,,,,,,,Fee Schedule,"758.1 % 2013 Manhattan Medicare. ",3914.53,,,,,,,Fee Schedule,"758.1 % 2013 Manhattan Medicare. ",422.59,,,,,,,Case Rate,"100% Medicare OPPS FS. ",3131.72,,,,,,,Fee Schedule,"606.5 % 2013 Manhattan Medicare. ",833.14,,,,,,,Fee Schedule,"255 % Medicare RBRVS. ",774.06,,,,,,,Fee Schedule,"120 Percent of Medicaid APG. ",645.05,,,,,,,Case Rate,"100 Percent of Medicaid APG. ",708.98,,,,,,,Fee Schedule,"217 % Medicare RBRVS. ",3523.12,,,,,,,Fee Schedule,"682.3 % 2013 Manhattan Medicare. ",3523.12,,,,,,,Fee Schedule,"682.3 % 2013 Manhattan Medicare. ",3914.53,,,,,,,Fee Schedule,"758.1 % 2013 Manhattan Medicare. ",5345.07,50,,,,,0,percent of total billed charges,50 percent of billed charges; No services were performed during the 15 month look back period.,422.59,,,,,,,Case Rate,"100%Medicare OPPS FS. ",677.3,,,,,,,Fee Schedule,105 percent of Medicaid APG. otherwise 105% of Ordered NYS MCD FS or 105% of ASP+6%,677.3,,,,,,,Fee Schedule,105 percent of Medicaid APG. otherwise 105% of Ordered NYS MCD FS or 105% of ASP+6%,677.3,,,,,,,Fee Schedule,105 percent of Medicaid APG. otherwise 105% of Ordered NYS MCD FS or 105% of ASP+6%,870.81,,,,,,,Fee Schedule,135 percent of Medicaid APG. otherwise 135% of Ordered NYS MCD FS or 135% of ASP+6%,2510.81,,,,,,,Other,. Paid once per unit per revenue code and lesser of 100% of billed charges.,677.3,,,,,,,Fee Schedule,105 percent of Medicaid APG. otherwise 105% of Ordered NYS MCD FS or 105% of ASP+6%,677.3,,,,,,,Fee Schedule,105 percent of Medicaid APG. otherwise 105% of Ordered NYS MCD FS or 105% of ASP+6%,677.3,,,,,,,Fee Schedule,105 percent of Medicaid APG. otherwise 105% of Ordered NYS MCD FS or 105% of ASP+6%,677.3,,,,,,,Fee Schedule,105 percent of Medicaid APG. otherwise 105% of Ordered NYS MCD FS or 105% of ASP+6%,677.3,,,,,,,Fee Schedule,105 percent of Medicaid APG. otherwise 105% of Ordered NYS MCD FS or 105% of ASP+6%,870.81,,,,,,,Fee Schedule,135 percent of Medicaid APG. otherwise 135% of Ordered NYS MCD FS or 135% of ASP+6%,870.81,,,,,,,Fee Schedule,135 percent of Medicaid APG. otherwise 135% of Ordered NYS MCD FS or 135% of ASP+6%,422.59,,,,,,,Case Rate,"100% Medicare OPPS FS. ",2510.81,,,,,,,Other,. Paid once per unit per revenue code and lesser of 100% of billed charges.,422.59,,,,,,,Case Rate,"100% Medicare OPPS FS. ",677.3,,,,,,,Fee Schedule,105 percent of Medicaid APG. otherwise 105% of Ordered NYS MCD FS or 105% of ASP+6%,3914.53,,,,,,,Fee Schedule,"758.1 % 2013 Manhattan Medicare. ",422.59,,,,,,,Case Rate,"100% Medicare OPPS FS. ",3914.53,,,,,,,Fee Schedule,"758.1 % 2013 Manhattan Medicare. ",3914.53,,,,,,,Fee Schedule,"758.1 % 2013 Manhattan Medicare. ",3914.53,,,,,,,Fee Schedule,"758.1 % 2013 Manhattan Medicare. ",677.3,,,,,,,Fee Schedule,105 percent of Medicaid APG. otherwise 105% of Ordered NYS MCD FS or 105% of ASP+6%,422.59,,,,,,,Case Rate,"100% Medicare OPPS FS. ",3914.53,,,,,,,Fee Schedule,"758.1 % 2013 Manhattan Medicare. ",870.81,,,,,,,Fee Schedule,135 percent of Medicaid APG. otherwise 135% of Ordered NYS MCD FS or 135% of ASP+6%,3914.53,,,,,,,Fee Schedule,"758.1 % 2013 Manhattan Medicare. ",633.89,,,,,,,Case Rate,"150% of Medicare OPPS. ",422.59,,,,,,,Case Rate,"100%Medicare OPPS FS. ",708.98,,,,,,,Fee Schedule,"217 % Medicare RBRVS. ",708.98,,,,,,,Fee Schedule,"217 % Medicare RBRVS. ",708.98,,,,,,,Fee Schedule,"217 % Medicare RBRVS. ",708.98,,,,,,,Fee Schedule,"217 % Medicare RBRVS. ",708.98,,,,,,,Fee Schedule,"217 % Medicare RBRVS. ",833.14,,,,,,,Fee Schedule,"255 % Medicare RBRVS. ",833.14,,,,,,,Fee Schedule,"255 % Medicare RBRVS. ",708.98,,,,,,,Fee Schedule,"217 % Medicare RBRVS. ",708.98,,,,,,,Fee Schedule,"217 % Medicare RBRVS. ",708.98,,,,,,,Fee Schedule,"217 % Medicare RBRVS. ",708.98,,,,,,,Fee Schedule,"217 % Medicare RBRVS. ",708.98,,,,,,,Fee Schedule,"217 % Medicare RBRVS. ",422.59,,,,,,,Case Rate,"100% Medicare OPPS FS. ",833.14,,,,,,,Fee Schedule,"255 % Medicare RBRVS. ",422.59,,,,,,,Case Rate,"100% Medicare OPPS FS. ",1451.36,,,,,,,Case Rate,"225 Percent of Medicaid APG. If not included in Medicaid APG, then 100 Percent of Manhattan Medicare",645.05,,,,,,,Case Rate,"100 Percent of Medicaid APG. If not priced under APG, then Metroplus FeeSched",2510.81,,,,,,,Other,. Paid once per unit per revenue code and lesser of 100% of billed charges.,2510.81,,,,,,,Other,. Paid once per unit per revenue code and lesser of 100% of billed charges.,422.59,,,,,,,Case Rate,"100% Medicare OPPS FS. ",630.57,,,,,,,Fee Schedule,"193 % Medicare RBRVS. ",422.59,,,,,,,Case Rate,"100% Medicare OPPS FS. ",422.59,,,,,,,Case Rate,"100% Medicare OPPS FS. ",1636.87,,,,,,,Fee Schedule,"501.000857002938 % Medicare Physician FS TC Rates Only. ",422.59,,,,,,,Case Rate,"100% Medicare OPPS FS. ",1091.45,,,,,,,Fee Schedule,"250 % 2018 Cigna RBRVS fee schedule. ",422.59,,,,,,,Case Rate,"100% Medicare OPPS FS. ",1091.45,,,,,,,Fee Schedule,"250 % 2018 Cigna RBRVS fee schedule. ",1636.87,,,,,,,Fee Schedule,"501.000857002938 % Medicare Physician FS TC Rates Only. ",1091.45,,,,,,,Fee Schedule,"250 % 2018 Cigna RBRVS fee schedule. ",422.59,,,,,,,Case Rate,"100% Medicare OPPS FS. ",645.05,,,,,,,Case Rate,"100 Percent of Medicaid APG. ",422.59,,,,,,,Case Rate,"100% Medicare OPPS FS. ",1091.45,,,,,,,Fee Schedule,"250 % 2018 Cigna RBRVS fee schedule. ",2510.81,,,,,,,Other,. Paid once per unit per revenue code and lesser of 100% of billed charges.,645.05,,,,,,,Case Rate,"100 Percent of Medicaid APG. ",3914.53,,,,,,,Fee Schedule,"758.1 % 2013 Manhattan Medicare. ",774.06,,,,,,,Fee Schedule,"120 Percent of Medicaid APG. ",774.06,,,,,,,Fee Schedule,"120 Percent of Medicaid APG. ",3914.53,,,,,,,Fee Schedule,"758.1 % 2013 Manhattan Medicare. ",3914.53,,,,,,,Fee Schedule,"758.1 % 2013 Manhattan Medicare. ",3914.53,,,,,,,Fee Schedule,"758.1 % 2013 Manhattan Medicare. ",2510.81,,,,,,,Other,. Paid once per unit per revenue code and lesser of 100% of billed charges.,3914.53,,,,,,,Fee Schedule,"758.1 % 2013 Manhattan Medicare. ",3914.53,,,,,,,Fee Schedule,"758.1 % 2013 Manhattan Medicare. ",3914.53,,,,,,,Fee Schedule,"758.1 % 2013 Manhattan Medicare. ",708.98,,,,,,,Fee Schedule,"217 % Medicare RBRVS. ",708.98,,,,,,,Fee Schedule,"217 % Medicare RBRVS. ",836.73,,,,,,,Case Rate,198 Percent of Medicare OPPS. Metroplus will reimburse unlisted codes and described codes with no Medicare rate at 50 percent of charges.,645.05,,,,,,,Case Rate,"100 Percent of Medicaid APG. ",2510.81,,,,,,,Other,. Paid once per unit per revenue code and lesser of 100% of billed charges.,1091.45,,,,,,,Fee Schedule,"250 % 2018 Cigna RBRVS fee schedule. ",1636.87,,,,,,,Fee Schedule,"501.000857002938 % Medicare Physician FS TC Rates Only. ",2510.81,,,,,,,Other,. Paid once per unit per revenue code and lesser of 100% of billed charges.,1636.87,,,,,,,Fee Schedule,"501.000857002938 % Medicare Physician FS TC Rates Only. ",2510.81,,,,,,,Other,. Paid once per unit per revenue code and lesser of 100% of billed charges.,3914.53,,,,,,,Fee Schedule,"758.1 % 2013 Manhattan Medicare. ",3914.53,,,,,,,Fee Schedule,"758.1 % 2013 Manhattan Medicare. ",3914.53,,,,,,,Fee Schedule,"758.1 % 2013 Manhattan Medicare. ",3914.53,,,,,,,Fee Schedule,"758.1 % 2013 Manhattan Medicare. ",422.59,,,,,,,Case Rate,"100% Medicare OPPS FS. ",226.37,10690.14,
74177,CPT,2022918,LOCAL,350,RC,HC CT ABD & PEL W/CONT,8251.96,1567.8724,both,,,,318,,,,,,,Fee Schedule,"100 % 1199 Fee Schedule. ",318,,,,,,,Fee Schedule,"100 % 1199 Fee Schedule. ",1250.6,,,,,,,Fee Schedule,"501.001522313917 % Medicare Physician FS TC Rates Only. ",8251.96,100,,84.52,84.52,84.52,1 through 10,percent of total billed charges,"100 percent of billed charges. ",422.59,,,,,,,Case Rate,"100% Medicare OPPS FS. ",1250.6,,,,,,,Fee Schedule,"501.001522313917 % Medicare Physician FS TC Rates Only. ",1250.6,,,,,,,Fee Schedule,"501.001522313917 % Medicare Physician FS TC Rates Only. ",1250.6,,,,,,,Fee Schedule,"501.001522313917 % Medicare Physician FS TC Rates Only. ",454.63,,,,,,,Case Rate,"100 Percent of Medicaid APG. ",378.86,,,,,,,Case Rate,"100 Percent of Medicaid APG. ",6436.5288,78,,,,,0,percent of total billed charges,78% of Billed Charges. Lesser of 100% of billed charges applies.; No services were performed during the 15 month look back period.,1119.84,,,,,,,Other,. Paid once per unit per revenue code and lesser of 100% of billed charges.,378.86,,,,,,,Case Rate,"100 Percent of Medicaid APG. ",422.59,,,,,,,Case Rate,"100% Medicare OPPS FS. ",660.95,,,,,,,Fee Schedule,"250 % 2018 Cigna RBRVS fee schedule. ",660.95,,,,,,,Fee Schedule,"250 % 2018 Cigna RBRVS fee schedule. ",660.95,,,,,,,Fee Schedule,"250 % 2018 Cigna RBRVS fee schedule. ",660.95,,,,,,,Fee Schedule,"250 % 2018 Cigna RBRVS fee schedule. ",231.33,,,,,,,Fee schedule,90 Percent of Medicare RBRVS. Covered services not payable under Medicaid Fee Schedules default to a payment of 50 percent of charges.,422.59,,,,,,,Case Rate,"100% Medicare OPPS FS. ",231.33,,,,,,,Fee schedule,90 Percent of Medicare RBRVS. Covered services not payable under Medicaid Fee Schedules default to a payment of 50 percent of charges.,6436.5288,78,,8251.96,8251.96,8251.96,1 through 10,percent of total billed charges,78% of Billed Charges. Lesser of 100% of billed charges applies.,1250.6,,,,,,,Fee Schedule,"501.001522313917 % Medicare Physician FS TC Rates Only. ",422.59,,,,,,,Case Rate,"100%Medicare OPPS FS. ",636.53,,,,,,,Fee Schedule,"255 % Medicare RBRVS. ",422.59,,,,,,,Case Rate,"100%Medicare OPPS FS. ",422.59,,,,,,,Case Rate,"100%Medicare OPPS FS. ",6436.5288,78,,,,,0,percent of total billed charges,78% of Billed Charges. Lesser of 100% of billed charges applies.; No services were performed during the 15 month look back period.,226.37,,,,,,,Case Rate,100% of PAS. Lesser of 100% of billed charges applies.,226.37,,,,,,,Case Rate,100% of PAS. Lesser of 100% of billed charges applies.,231.33,,,,,,,Fee schedule,"90 Percent of Medicare RBRVS. ",231.33,,,,,,,Fee schedule,"90 Percent of Medicare RBRVS. ",636.53,,,,,,,Fee Schedule,"255 % Medicare RBRVS. ",636.53,,,,,,,Fee Schedule,"255 % Medicare RBRVS. ",378.86,,,,,,,Case Rate,"100 Percent of Medicaid APG. Not APG payable, or payable under another fee schedule like ASP/AWP pays at 30% of charges",636.53,,,,,,,Fee Schedule,"255 % Medicare RBRVS. ",378.86,,,,,,,Case Rate,"100 Percent of Medicaid APG. Not APG payable, or payable under another fee schedule like ASP/AWP pays at 30% of charges",422.59,,,,,,,Case Rate,"100%Medicare OPPS FS. ",636.53,,,,,,,Fee Schedule,"255 % Medicare RBRVS. ",6436.5288,78,,8251.96,33.81,8251.96,1 through 10,percent of total billed charges,78% of Billed Charges. Lesser of 100% of billed charges applies.,378.86,,,,,,,Case Rate,"100 Percent of Medicaid APG. If not priced under APG, then Metroplus FeeSched",378.86,,,,,,,Case Rate,"100 Percent of Medicaid APG. If not priced under APG, then Metroplus FeeSched",6436.5288,78,,,,,0,percent of total billed charges,78% of Billed Charges. Lesser of 100% of billed charges applies.; No services were performed during the 15 month look back period.,660.95,,,,,,,Fee Schedule,"250 % 2018 Cigna RBRVS fee schedule. ",1066,,,,,,,Other,. Paid once per unit per revenue code and lesser of 100% of billed charges.,1066,,,,,,,Other,. Paid once per unit per revenue code and lesser of 100% of billed charges.,6436.5288,78,,,,,0,percent of total billed charges,78% of Billed Charges. Lesser of 100% of billed charges applies.; No services were performed during the 15 month look back period.,422.59,,,,,,,Case Rate,"100% Medicare OPPS FS. ",1119.84,,,,,,,Other,. Paid once per unit per revenue code and lesser of 100% of billed charges.,1119.84,,,,,,,Other,. Paid once per unit per revenue code and lesser of 100% of billed charges.,1119.84,,,,,,,Other,. Paid once per unit per revenue code and lesser of 100% of billed charges.,422.59,,,,,,,Case Rate,"100% Medicare OPPS FS. ",1119.84,,,,,,,Other,. Paid once per unit per revenue code and lesser of 100% of billed charges.,1119.84,,,,,,,Other,. Paid once per unit per revenue code and lesser of 100% of billed charges.,422.59,,,,,,,Case Rate,"100% of Medicare OPPS. ",4125.98,50,,1707.23,1707.23,1707.23,12,percent of total billed charges,50 percent of billed charges,2308.04,,,,,,,Fee Schedule,"758.1 % 2013 Manhattan Medicare. ",2308.04,,,,,,,Fee Schedule,"758.1 % 2013 Manhattan Medicare. ",2308.04,,,,,,,Fee Schedule,"758.1 % 2013 Manhattan Medicare. ",2308.04,,,,,,,Fee Schedule,"758.1 % 2013 Manhattan Medicare. ",2308.04,,,,,,,Fee Schedule,"758.1 % 2013 Manhattan Medicare. ",2308.04,,,,,,,Fee Schedule,"758.1 % 2013 Manhattan Medicare. ",422.59,,,,,,,Case Rate,"100% Medicare OPPS FS. ",422.59,,,,,,,Case Rate,"100% Medicare OPPS FS. ",2308.04,,,,,,,Fee Schedule,"758.1 % 2013 Manhattan Medicare. ",6436.5288,78,,,,,0,percent of total billed charges,78% of Billed Charges. Lesser of 100% of billed charges applies.; No services were performed during the 15 month look back period.,6436.5288,78,,,,,0,percent of total billed charges,78% of Billed Charges. Lesser of 100% of billed charges applies.; No services were performed during the 15 month look back period.,6436.5288,78,,,,,0,percent of total billed charges,78% of Billed Charges. Lesser of 100% of billed charges applies.; No services were performed during the 15 month look back period.,6436.5288,78,,,,,0,percent of total billed charges,78% of Billed Charges. Lesser of 100% of billed charges applies.; No services were performed during the 15 month look back period.,6436.5288,78,,,,,0,percent of total billed charges,78% of Billed Charges. Lesser of 100% of billed charges applies.; No services were performed during the 15 month look back period.,6436.5288,78,,,,,0,percent of total billed charges,78% of Billed Charges. Lesser of 100% of billed charges applies.; No services were performed during the 15 month look back period.,6436.5288,78,,,,,0,percent of total billed charges,78% of Billed Charges. Lesser of 100% of billed charges applies.; No services were performed during the 15 month look back period.,6436.5288,78,,,,,0,percent of total billed charges,78% of Billed Charges. Lesser of 100% of billed charges applies.; No services were performed during the 15 month look back period.,6436.5288,78,,,,,0,percent of total billed charges,78% of Billed Charges. Lesser of 100% of billed charges applies.; No services were performed during the 15 month look back period.,6436.5288,78,,,,,0,percent of total billed charges,78% of Billed Charges. Lesser of 100% of billed charges applies.; No services were performed during the 15 month look back period.,6436.5288,78,,,,,0,percent of total billed charges,78% of Billed Charges. Lesser of 100% of billed charges applies.; No services were performed during the 15 month look back period.,6436.5288,78,,,,,0,percent of total billed charges,78% of Billed Charges. Lesser of 100% of billed charges applies.; No services were performed during the 15 month look back period.,6436.5288,78,,,,,0,percent of total billed charges,78% of Billed Charges. Lesser of 100% of billed charges applies.; No services were performed during the 15 month look back period.,6436.5288,78,,,,,0,percent of total billed charges,78% of Billed Charges. Lesser of 100% of billed charges applies.; No services were performed during the 15 month look back period.,6436.5288,78,,432.42,432.42,432.42,1 through 10,percent of total billed charges,78% of Billed Charges. Lesser of 100% of billed charges applies.,6436.5288,78,,1493.79,431.42,1907.14,15,percent of total billed charges,78% of Billed Charges. Lesser of 100% of billed charges applies.,6436.5288,78,,,,,0,percent of total billed charges,78% of Billed Charges. Lesser of 100% of billed charges applies.; No services were performed during the 15 month look back period.,6436.5288,78,,,,,0,percent of total billed charges,78% of Billed Charges. Lesser of 100% of billed charges applies.; No services were performed during the 15 month look back period.,6436.5288,78,,,,,0,percent of total billed charges,78% of Billed Charges. Lesser of 100% of billed charges applies.; No services were performed during the 15 month look back period.,6436.5288,78,,,,,0,percent of total billed charges,78% of Billed Charges. Lesser of 100% of billed charges applies.; No services were performed during the 15 month look back period.,6436.5288,78,,,,,0,percent of total billed charges,78% of Billed Charges. Lesser of 100% of billed charges applies.; No services were performed during the 15 month look back period.,6436.5288,78,,,,,0,percent of total billed charges,78% of Billed Charges. Lesser of 100% of billed charges applies.; No services were performed during the 15 month look back period.,6436.5288,78,,,,,0,percent of total billed charges,78% of Billed Charges. Lesser of 100% of billed charges applies.; No services were performed during the 15 month look back period.,6436.5288,78,,,,,0,percent of total billed charges,78% of Billed Charges. Lesser of 100% of billed charges applies.; No services were performed during the 15 month look back period.,6436.5288,78,,,,,0,percent of total billed charges,78% of Billed Charges. Lesser of 100% of billed charges applies.; No services were performed during the 15 month look back period.,6436.5288,78,,6436.53,6436.53,6436.53,1 through 10,percent of total billed charges,78% of Billed Charges. Lesser of 100% of billed charges applies.,636.53,,,,,,,Fee Schedule,"255 % Medicare RBRVS. ",636.53,,,,,,,Fee Schedule,"255 % Medicare RBRVS. ",636.53,,,,,,,Fee Schedule,"255 % Medicare RBRVS. ",636.53,,,,,,,Fee Schedule,"255 % Medicare RBRVS. ",481.77,,,,,,,Fee Schedule,"193 % Medicare RBRVS. ",481.77,,,,,,,Fee Schedule,"193 % Medicare RBRVS. ",660.95,,,,,,,Fee Schedule,"250 % 2018 Cigna RBRVS fee schedule. ",2308.04,,,,,,,Fee Schedule,"758.1 % 2013 Manhattan Medicare. ",1119.84,,,,,,,Other,. Paid once per unit per revenue code and lesser of 100% of billed charges.,2308.04,,,,,,,Fee Schedule,"758.1 % 2013 Manhattan Medicare. ",6436.5288,78,,,,,0,percent of total billed charges,78% of Billed Charges. Lesser of 100% of billed charges applies.; No services were performed during the 15 month look back period.,481.77,,,,,,,Fee Schedule,"193 % Medicare RBRVS. ",2308.04,,,,,,,Fee Schedule,"758.1 % 2013 Manhattan Medicare. ",1119.84,,,,,,,Other,. Paid once per unit per revenue code and lesser of 100% of billed charges.,660.95,,,,,,,Fee Schedule,"250 % 2018 Cigna RBRVS fee schedule. ",,,,,,,,,"NA. ",6436.5288,78,,,,,0,percent of total billed charges,78% of Billed Charges. Lesser of 100% of billed charges applies.; No services were performed during the 15 month look back period.,378.86,,,,,,,Case Rate,"100 Percent of Medicaid APG. ",636.53,,,,,,,Fee Schedule,"255 % Medicare RBRVS. ",378.86,,,,,,,Case Rate,"100 Percent of Medicaid APG. Not APG payable, or payable under another fee schedule like ASP/AWP pays at 30% of charges",422.59,,,,,,,Case Rate,"100%Medicare OPPS FS. ",422.59,,,,,,,Case Rate,"100% Medicare OPPS FS. ",4125.98,50,,8251.96,8251.96,8251.96,1 through 10,percent of total billed charges,50 percent of billed charges,422.59,,,,,,,Case Rate,"100% Medicare OPPS FS. ",422.59,,,,,,,Case Rate,"100% Medicare OPPS FS. ",378.86,,,,,,,Case Rate,"100 Percent of Medicaid APG. ",422.59,,,,,,,Case Rate,"100% Medicare OPPS FS. ",422.59,,,,,,,Case Rate,"100% Medicare OPPS FS. ",1250.6,,,,,,,Fee Schedule,"501.001522313917 % Medicare Physician FS TC Rates Only. ",1250.6,,,,,,,Fee Schedule,"501.001522313917 % Medicare Physician FS TC Rates Only. ",422.59,,,,,,,Case Rate,"100% Medicare OPPS FS. ",660.95,,,,,,,Fee Schedule,"250 % 2018 Cigna RBRVS fee schedule. ",1119.84,,,,,,,Other,. Paid once per unit per revenue code and lesser of 100% of billed charges.,1119.84,,,,,,,Other,. Paid once per unit per revenue code and lesser of 100% of billed charges.,422.59,,,,,,,Case Rate,"100% Medicare OPPS FS. ",660.95,,,,,,,Fee Schedule,"250 % 2018 Cigna RBRVS fee schedule. ",1250.6,,,,,,,Fee Schedule,"501.001522313917 % Medicare Physician FS TC Rates Only. ",1250.6,,,,,,,Fee Schedule,"501.001522313917 % Medicare Physician FS TC Rates Only. ",1250.6,,,,,,,Fee Schedule,"501.001522313917 % Medicare Physician FS TC Rates Only. ",6436.5288,78,,,,,0,percent of total billed charges,78% of Billed Charges. Lesser of 100% of billed charges applies.; No services were performed during the 15 month look back period.,6436.5288,78,,,,,0,percent of total billed charges,78% of Billed Charges. Lesser of 100% of billed charges applies.; No services were performed during the 15 month look back period.,6436.5288,78,,,,,0,percent of total billed charges,78% of Billed Charges. Lesser of 100% of billed charges applies.; No services were performed during the 15 month look back period.,6436.5288,78,,6436.53,6436.53,6436.53,1 through 10,percent of total billed charges,78% of Billed Charges. Lesser of 100% of billed charges applies.,6436.5288,78,,,,,0,percent of total billed charges,78% of Billed Charges. Lesser of 100% of billed charges applies.; No services were performed during the 15 month look back period.,6436.5288,78,,,,,0,percent of total billed charges,78% of Billed Charges. Lesser of 100% of billed charges applies.; No services were performed during the 15 month look back period.,6436.5288,78,,,,,0,percent of total billed charges,78% of Billed Charges. Lesser of 100% of billed charges applies.; No services were performed during the 15 month look back period.,6436.5288,78,,,,,0,percent of total billed charges,78% of Billed Charges. Lesser of 100% of billed charges applies.; No services were performed during the 15 month look back period.,6436.5288,78,,,,,0,percent of total billed charges,78% of Billed Charges. Lesser of 100% of billed charges applies.; No services were performed during the 15 month look back period.,6436.5288,78,,88.05,33.81,88.05,1 through 10,percent of total billed charges,78% of Billed Charges. Lesser of 100% of billed charges applies.,6436.5288,78,,,,,0,percent of total billed charges,78% of Billed Charges. Lesser of 100% of billed charges applies.; No services were performed during the 15 month look back period.,481.77,,,,,,,Fee Schedule,"193 % Medicare RBRVS. ",2308.04,,,,,,,Fee Schedule,"758.1 % 2013 Manhattan Medicare. ",660.95,,,,,,,Fee Schedule,"250 % 2018 Cigna RBRVS fee schedule. ",422.59,,,,,,,Case Rate,"100% Medicare OPPS FS. ",1250.6,,,,,,,Fee Schedule,"501.001522313917 % Medicare Physician FS TC Rates Only. ",660.95,,,,,,,Fee Schedule,"250 % 2018 Cigna RBRVS fee schedule. ",660.95,,,,,,,Fee Schedule,"250 % 2018 Cigna RBRVS fee schedule. ",6436.5288,78,,,,,0,percent of total billed charges,78% of Billed Charges. Lesser of 100% of billed charges applies.; No services were performed during the 15 month look back period.,810.76,,,,,,,Case Rate,"141 Percent of current Medicare RBRVS FeeSched. ",660.95,,,,,,,Fee Schedule,"250 % 2018 Cigna RBRVS fee schedule. ",378.86,,,,,,,Case Rate,"100 Percent of Medicaid APG. ",422.59,,,,,,,Case Rate,"100% Medicare OPPS FS. ",422.59,,,,,,,Case Rate,"100% Medicare OPPS FS. ",422.59,,,,,,,Case Rate,"100% Medicare OPPS FS. ",422.59,,,,,,,Case Rate,"100% Medicare OPPS FS. ",422.59,,,,,,,Case Rate,"100% Medicare OPPS FS. ",422.59,,,,,,,Case Rate,"100% Medicare OPPS FS. ",660.95,,,,,,,Fee Schedule,"250 % 2018 Cigna RBRVS fee schedule. ",4125.98,50,,,,,0,percent of total billed charges,50 percent of billed charges; No services were performed during the 15 month look back period.,411.25,,,,,,,Fee Schedule,"160 Percent of Medicare RBRVS. ",411.25,,,,,,,Fee Schedule,"160 Percent of Medicare RBRVS. ",411.25,,,,,,,Fee Schedule,"160 Percent of Medicare RBRVS. ",411.25,,,,,,,Fee Schedule,"160 Percent of Medicare RBRVS. ",411.25,,,,,,,Fee Schedule,"160 Percent of Medicare RBRVS. ",,,,,,,,,"NA. ",4125.98,50,,,,,0,percent of total billed charges,50 percent of billed charges; No services were performed during the 15 month look back period.,836.73,,,,,,,Case Rate,198 Percent of Medicare OPPS. Metroplus will reimburse unlisted codes and described codes with no Medicare rate at 50 percent of charges.,836.73,,,,,,,Case Rate,198 Percent of Medicare OPPS. Metroplus will reimburse unlisted codes and described codes with no Medicare rate at 50 percent of charges.,836.73,,,,,,,Case Rate,198 Percent of Medicare OPPS. Metroplus will reimburse unlisted codes and described codes with no Medicare rate at 50 percent of charges.,836.73,,,,,,,Case Rate,198 Percent of Medicare OPPS. Metroplus will reimburse unlisted codes and described codes with no Medicare rate at 50 percent of charges.,836.73,,,,,,,Case Rate,198 Percent of Medicare OPPS. Metroplus will reimburse unlisted codes and described codes with no Medicare rate at 50 percent of charges.,422.59,,,,,,,Case Rate,"100% Medicare OPPS FS. ",481.77,,,,,,,Fee Schedule,"193 % Medicare RBRVS. ",481.77,,,,,,,Fee Schedule,"193 % Medicare RBRVS. ",481.77,,,,,,,Fee Schedule,"193 % Medicare RBRVS. ",481.77,,,,,,,Fee Schedule,"193 % Medicare RBRVS. ",1250.6,,,,,,,Fee Schedule,"501.001522313917 % Medicare Physician FS TC Rates Only. ",1250.6,,,,,,,Fee Schedule,"501.001522313917 % Medicare Physician FS TC Rates Only. ",1250.6,,,,,,,Fee Schedule,"501.001522313917 % Medicare Physician FS TC Rates Only. ",1250.6,,,,,,,Fee Schedule,"501.001522313917 % Medicare Physician FS TC Rates Only. ",4125.98,50,,,,,0,percent of total billed charges,50 percent of billed charges; No services were performed during the 15 month look back period.,4125.98,50,,,,,0,percent of total billed charges,50 percent of billed charges; No services were performed during the 15 month look back period.,422.59,,,,,,,Case Rate,"100% Medicare OPPS FS. ",422.59,,,,,,,Case Rate,"100% Medicare OPPS FS. ",422.59,,,,,,,Case Rate,"100% Medicare OPPS FS. ",2308.04,,,,,,,Fee Schedule,"758.1 % 2013 Manhattan Medicare. ",2308.04,,,,,,,Fee Schedule,"758.1 % 2013 Manhattan Medicare. ",2308.04,,,,,,,Fee Schedule,"758.1 % 2013 Manhattan Medicare. ",4125.98,50,,,,,0,percent of total billed charges,50 percent of billed charges; No services were performed during the 15 month look back period.,1250.6,,,,,,,Fee Schedule,"501.001522313917 % Medicare Physician FS TC Rates Only. ",422.59,,,,,,,Case Rate,"100% Medicare OPPS FS. ",2308.04,,,,,,,Fee Schedule,"758.1 % 2013 Manhattan Medicare. ",378.86,,,,,,,Case Rate,"100 Percent of Medicaid APG. ",431.04,,,,,,,Case Rate,"102% of Medicare OPPS. ",431.04,,,,,,,Case Rate,"102% of Medicare OPPS. ",431.04,,,,,,,Case Rate,"102% of Medicare OPPS. ",231.33,,,,,,,Fee schedule,"90 Percent of Medicare RBRVS. ",852.43,,,,,,,Case Rate,225% of NYS APG. Lesser of 100% of billed charges applies.,852.43,,,,,,,Case Rate,225% of NYS APG. Lesser of 100% of billed charges applies.,852.43,,,,,,,Case Rate,225% of NYS APG. Lesser of 100% of billed charges applies.,852.43,,,,,,,Case Rate,225% of NYS APG. Lesser of 100% of billed charges applies.,852.43,,,,,,,Case Rate,225% of NYS APG. Lesser of 100% of billed charges applies.,431.04,,,,,,,Case Rate,"102% of Medicare OPPS. ",378.86,,,,,,,Case Rate,"100 Percent of Medicaid APG. ",226.37,,,,,,,Case Rate,100% of PAS. Lesser of 100% of billed charges applies.,852.43,,,,,,,Case Rate,225% of NYS APG. Lesser of 100% of billed charges applies.,852.43,,,,,,,Case Rate,225% of NYS APG. Lesser of 100% of billed charges applies.,226.37,,,,,,,Case Rate,100% of PAS. Lesser of 100% of billed charges applies.,226.37,,,,,,,Case Rate,100% of PAS. Lesser of 100% of billed charges applies.,411.25,,,,,,,Fee Schedule,"160 Percent of Medicare RBRVS. ",422.59,,,,,,,Case Rate,"100% Medicare OPPS FS. ",422.59,,,,,,,Case Rate,"100% Medicare OPPS FS. ",1250.6,,,,,,,Fee Schedule,"501.001522313917 % Medicare Physician FS TC Rates Only. ",422.59,,,,,,,Case Rate,"100% Medicare OPPS FS. ",852.43,,,,,,,Fee Schedule,"225 Percent of Medicaid APG. ",852.43,,,,,,,Fee Schedule,"225 Percent of Medicaid APG. ",231.33,,,,,,,Fee schedule,"90 Percent of Medicare RBRVS. ",231.33,,,,,,,Fee schedule,"90 Percent of Medicare RBRVS. ",852.43,,,,,,,Case Rate,225 Percent of Medicaid APG. Covered services not payable under Medicaid Fee Schedules default to a payment of 87.5 percent of charges.,231.33,,,,,,,Fee schedule,90 Percent of Medicare RBRVS. Covered services not payable under Medicaid Fee Schedules default to a payment of 50 percent of charges.,852.43,,,,,,,Case Rate,"100 Percent of Medicaid APG. ",852.43,,,,,,,Case Rate,"100 Percent of Medicaid APG. ",852.43,,,,,,,Case Rate,"100 Percent of Medicaid APG. ",852.43,,,,,,,Case Rate,"100 Percent of Medicaid APG. ",2644.92,,,,,,,Fee Schedule,"1019 % Manhattan Facility Rate. ",4125.98,50,,,,,0,percent of total billed charges,50 percent of billed charges; No services were performed during the 15 month look back period.,454.63,,,,,,,Case Rate,"120 Percent of Medicaid APG. Not APG payable, or payable under another fee schedule like ASP/AWP pays at 30% of charges",454.63,,,,,,,Case Rate,"120 Percent of Medicaid APG. Not APG payable, or payable under another fee schedule like ASP/AWP pays at 30% of charges",378.86,,,,,,,Case Rate,"100 Percent of Medicaid APG. Not APG payable, or payable under another fee schedule like ASP/AWP pays at 30% of charges",378.86,,,,,,,Case Rate,"100 Percent of Medicaid APG. Not APG payable, or payable under another fee schedule like ASP/AWP pays at 30% of charges",2308.04,,,,,,,Fee Schedule,"758.1 % 2013 Manhattan Medicare. ",2308.04,,,,,,,Fee Schedule,"758.1 % 2013 Manhattan Medicare. ",422.59,,,,,,,Case Rate,"100% Medicare OPPS FS. ",2308.04,,,,,,,Fee Schedule,"758.1 % 2013 Manhattan Medicare. ",2308.04,,,,,,,Fee Schedule,"758.1 % 2013 Manhattan Medicare. ",2308.04,,,,,,,Fee Schedule,"758.1 % 2013 Manhattan Medicare. ",2308.04,,,,,,,Fee Schedule,"758.1 % 2013 Manhattan Medicare. ",422.59,,,,,,,Case Rate,"100% Medicare OPPS FS. ",2308.04,,,,,,,Fee Schedule,"758.1 % 2013 Manhattan Medicare. ",2308.04,,,,,,,Fee Schedule,"758.1 % 2013 Manhattan Medicare. ",1250.6,,,,,,,Fee Schedule,"501.001522313917 % Medicare Physician FS TC Rates Only. ",416.75,,,,,,,Fee Schedule,110% of APG. Lesser of 100% of billed charges applies.,231.33,,,,,,,Fee schedule,90 Percent of Medicare RBRVS. Covered services not payable under Medicaid Fee Schedules default to a payment of 50 percent of charges.,852.43,,,,,,,Case Rate,225% of NYS APG. Lesser of 100% of billed charges applies.,852.43,,,,,,,Case Rate,225 Percent of Medicaid APG. Covered services not payable under Medicaid Fee Schedules default to a payment of 87.5 percent of charges.,231.33,,,,,,,Fee schedule,90 Percent of Medicare RBRVS. Covered services not payable under Medicaid Fee Schedules default to a payment of 50 percent of charges.,852.43,,,,,,,Case Rate,225% of NYS APG. Lesser of 100% of billed charges applies.,852.43,,,,,,,Case Rate,225% of NYS APG. Lesser of 100% of billed charges applies.,852.43,,,,,,,Case Rate,225% of NYS APG. Lesser of 100% of billed charges applies.,852.43,,,,,,,Case Rate,225% of NYS APG. Lesser of 100% of billed charges applies.,852.43,,,,,,,Case Rate,225% of NYS APG. Lesser of 100% of billed charges applies.,852.43,,,,,,,Case Rate,225% of NYS APG. Lesser of 100% of billed charges applies.,,,,,,,,,"NA. ",,,,,,,,,"NA. ",,,,,,,,,"NA. ",660.95,,,,,,,Fee Schedule,"250 % 2018 Cigna RBRVS fee schedule. ",,,,,,,,,"NA. ",422.59,,,,,,,Case Rate,"100% Medicare OPPS FS. ",318,,,,,,,Fee Schedule,"100 % 1199 Fee Schedule. ",422.59,,,,,,,Case Rate,"100% Medicare OPPS FS. ",422.59,,,,,,,Case Rate,"100% Medicare OPPS FS. ",454.63,,,,,,,Case Rate,"120 Percent of Medicaid APG. Not APG payable, or payable under another fee schedule like ASP/AWP pays at 30% of charges",454.63,,,,,,,Case Rate,"120 Percent of Medicaid APG. Not APG payable, or payable under another fee schedule like ASP/AWP pays at 30% of charges",378.86,,,,,,,Case Rate,"100 Percent of Medicaid APG. Not APG payable, or payable under another fee schedule like ASP/AWP pays at 30% of charges",378.86,,,,,,,Case Rate,"100 Percent of Medicaid APG. Not APG payable, or payable under another fee schedule like ASP/AWP pays at 30% of charges",378.86,,,,,,,Case Rate,"100 Percent of Medicaid APG. ",541.68,,,,,,,Fee Schedule,"217 % Medicare RBRVS. ",1250.6,,,,,,,Fee Schedule,"501.001522313917 % Medicare Physician FS TC Rates Only. ",636.53,,,,,,,Fee Schedule,"255 % Medicare RBRVS. ",660.95,,,,,,,Fee Schedule,"250 % 2018 Cigna RBRVS fee schedule. ",422.59,,,,,,,Case Rate,"100%Medicare OPPS FS. ",422.59,,,,,,,Case Rate,"100% Medicare OPPS FS. ",422.59,,,,,,,Case Rate,"100% Medicare OPPS FS. ",422.59,,,,,,,Case Rate,"100% Medicare OPPS FS. ",422.59,,,,,,,Case Rate,"100%Medicare OPPS FS. ",422.59,,,,,,,Case Rate,"100% Medicare OPPS FS. ",,,,,,,,,"NA. ",852.43,,,,,,,Case Rate,225% of NYS APG. Lesser of 100% of billed charges applies.,226.37,,,,,,,Case Rate,100% of PAS. Lesser of 100% of billed charges applies.,2308.04,,,,,,,Fee Schedule,"758.1 % 2013 Manhattan Medicare. ",541.68,,,,,,,Fee Schedule,"217 % Medicare RBRVS. ",541.68,,,,,,,Fee Schedule,"217 % Medicare RBRVS. ",541.68,,,,,,,Fee Schedule,"217 % Medicare RBRVS. ",541.68,,,,,,,Fee Schedule,"217 % Medicare RBRVS. ",422.59,,,,,,,Case Rate,"100% Medicare OPPS FS. ",378.86,,,,,,,Case Rate,"100 Percent of Medicaid APG. ",2308.04,,,,,,,Fee Schedule,"758.1 % 2013 Manhattan Medicare. ",378.86,,,,,,,Case Rate,"100 Percent of Medicaid APG. ",422.59,,,,,,,Case Rate,"100% Medicare OPPS FS. ",378.86,,,,,,,Case Rate,"100 Percent of Medicaid APG. ",422.59,,,,,,,Case Rate,"100% Medicare OPPS FS. ",422.59,,,,,,,Case Rate,"100% Medicare OPPS FS. ",378.86,,,,,,,Case Rate,"100 Percent of Medicaid APG. ",378.86,,,,,,,Case Rate,"100 Percent of Medicaid APG. ",541.68,,,,,,,Fee Schedule,"217 % Medicare RBRVS. ",660.95,,,,,,,Fee Schedule,"250 % 2018 Cigna RBRVS fee schedule. ",6436.5288,78,,8251.96,8251.96,8251.96,1 through 10,percent of total billed charges,78% of Billed Charges. Lesser of 100% of billed charges applies.,1119.84,,,,,,,Other,. Paid once per unit per revenue code and lesser of 100% of billed charges.,1119.84,,,,,,,Other,. Paid once per unit per revenue code and lesser of 100% of billed charges.,1250.6,,,,,,,Fee Schedule,"501.001522313917 % Medicare Physician FS TC Rates Only. ",414.14,,,,,,,Case Rate,"98% of RBRVS. ",481.77,,,,,,,Fee Schedule,"193 % Medicare RBRVS. ",481.77,,,,,,,Fee Schedule,"193 % Medicare RBRVS. ",1846.49,,,,,,,Fee Schedule,"606.5 % 2013 Manhattan Medicare. ",1846.49,,,,,,,Fee Schedule,"606.5 % 2013 Manhattan Medicare. ",422.59,,,,,,,Case Rate,"100% Medicare OPPS FS. ",422.59,,,,,,,Case Rate,"100% Medicare OPPS FS. ",422.59,,,,,,,Case Rate,"100% Medicare OPPS FS. ",422.59,,,,,,,Case Rate,"100% Medicare OPPS FS. ",1119.84,,,,,,,Other,. Paid once per unit per revenue code and lesser of 100% of billed charges.,2308.04,,,,,,,Fee Schedule,"758.1 % 2013 Manhattan Medicare. ",2308.04,,,,,,,Fee Schedule,"758.1 % 2013 Manhattan Medicare. ",422.59,,,,,,,Case Rate,"100% Medicare OPPS FS. ",1846.49,,,,,,,Fee Schedule,"606.5 % 2013 Manhattan Medicare. ",636.53,,,,,,,Fee Schedule,"255 % Medicare RBRVS. ",454.63,,,,,,,Fee Schedule,"120 Percent of Medicaid APG. ",378.86,,,,,,,Case Rate,"100 Percent of Medicaid APG. ",541.68,,,,,,,Fee Schedule,"217 % Medicare RBRVS. ",2077.26,,,,,,,Fee Schedule,"682.3 % 2013 Manhattan Medicare. ",2077.26,,,,,,,Fee Schedule,"682.3 % 2013 Manhattan Medicare. ",2308.04,,,,,,,Fee Schedule,"758.1 % 2013 Manhattan Medicare. ",4125.98,50,,1707.23,1707.23,8251.96,1 through 10,percent of total billed charges,50 percent of billed charges,422.59,,,,,,,Case Rate,"100%Medicare OPPS FS. ",397.8,,,,,,,Fee Schedule,105 percent of Medicaid APG. otherwise 105% of Ordered NYS MCD FS or 105% of ASP+6%,397.8,,,,,,,Fee Schedule,105 percent of Medicaid APG. otherwise 105% of Ordered NYS MCD FS or 105% of ASP+6%,397.8,,,,,,,Fee Schedule,105 percent of Medicaid APG. otherwise 105% of Ordered NYS MCD FS or 105% of ASP+6%,511.46,,,,,,,Fee Schedule,135 percent of Medicaid APG. otherwise 135% of Ordered NYS MCD FS or 135% of ASP+6%,1119.84,,,,,,,Other,. Paid once per unit per revenue code and lesser of 100% of billed charges.,397.8,,,,,,,Fee Schedule,105 percent of Medicaid APG. otherwise 105% of Ordered NYS MCD FS or 105% of ASP+6%,397.8,,,,,,,Fee Schedule,105 percent of Medicaid APG. otherwise 105% of Ordered NYS MCD FS or 105% of ASP+6%,397.8,,,,,,,Fee Schedule,105 percent of Medicaid APG. otherwise 105% of Ordered NYS MCD FS or 105% of ASP+6%,397.8,,,,,,,Fee Schedule,105 percent of Medicaid APG. otherwise 105% of Ordered NYS MCD FS or 105% of ASP+6%,397.8,,,,,,,Fee Schedule,105 percent of Medicaid APG. otherwise 105% of Ordered NYS MCD FS or 105% of ASP+6%,511.46,,,,,,,Fee Schedule,135 percent of Medicaid APG. otherwise 135% of Ordered NYS MCD FS or 135% of ASP+6%,511.46,,,,,,,Fee Schedule,135 percent of Medicaid APG. otherwise 135% of Ordered NYS MCD FS or 135% of ASP+6%,422.59,,,,,,,Case Rate,"100% Medicare OPPS FS. ",1119.84,,,,,,,Other,. Paid once per unit per revenue code and lesser of 100% of billed charges.,422.59,,,,,,,Case Rate,"100% Medicare OPPS FS. ",397.8,,,,,,,Fee Schedule,105 percent of Medicaid APG. otherwise 105% of Ordered NYS MCD FS or 105% of ASP+6%,2308.04,,,,,,,Fee Schedule,"758.1 % 2013 Manhattan Medicare. ",422.59,,,,,,,Case Rate,"100% Medicare OPPS FS. ",2308.04,,,,,,,Fee Schedule,"758.1 % 2013 Manhattan Medicare. ",2308.04,,,,,,,Fee Schedule,"758.1 % 2013 Manhattan Medicare. ",2308.04,,,,,,,Fee Schedule,"758.1 % 2013 Manhattan Medicare. ",397.8,,,,,,,Fee Schedule,105 percent of Medicaid APG. otherwise 105% of Ordered NYS MCD FS or 105% of ASP+6%,422.59,,,,,,,Case Rate,"100% Medicare OPPS FS. ",2308.04,,,,,,,Fee Schedule,"758.1 % 2013 Manhattan Medicare. ",511.46,,,,,,,Fee Schedule,135 percent of Medicaid APG. otherwise 135% of Ordered NYS MCD FS or 135% of ASP+6%,2308.04,,,,,,,Fee Schedule,"758.1 % 2013 Manhattan Medicare. ",633.89,,,,,,,Case Rate,"150% of Medicare OPPS. ",422.59,,,,,,,Case Rate,"100%Medicare OPPS FS. ",541.68,,,,,,,Fee Schedule,"217 % Medicare RBRVS. ",541.68,,,,,,,Fee Schedule,"217 % Medicare RBRVS. ",541.68,,,,,,,Fee Schedule,"217 % Medicare RBRVS. ",541.68,,,,,,,Fee Schedule,"217 % Medicare RBRVS. ",541.68,,,,,,,Fee Schedule,"217 % Medicare RBRVS. ",636.53,,,,,,,Fee Schedule,"255 % Medicare RBRVS. ",636.53,,,,,,,Fee Schedule,"255 % Medicare RBRVS. ",541.68,,,,,,,Fee Schedule,"217 % Medicare RBRVS. ",541.68,,,,,,,Fee Schedule,"217 % Medicare RBRVS. ",541.68,,,,,,,Fee Schedule,"217 % Medicare RBRVS. ",541.68,,,,,,,Fee Schedule,"217 % Medicare RBRVS. ",541.68,,,,,,,Fee Schedule,"217 % Medicare RBRVS. ",422.59,,,,,,,Case Rate,"100% Medicare OPPS FS. ",636.53,,,,,,,Fee Schedule,"255 % Medicare RBRVS. ",422.59,,,,,,,Case Rate,"100% Medicare OPPS FS. ",852.43,,,,,,,Case Rate,"225 Percent of Medicaid APG. If not included in Medicaid APG, then 100 Percent of Manhattan Medicare",378.86,,,,,,,Case Rate,"100 Percent of Medicaid APG. If not priced under APG, then Metroplus FeeSched",1119.84,,,,,,,Other,. Paid once per unit per revenue code and lesser of 100% of billed charges.,1119.84,,,,,,,Other,. Paid once per unit per revenue code and lesser of 100% of billed charges.,422.59,,,,,,,Case Rate,"100% Medicare OPPS FS. ",481.77,,,,,,,Fee Schedule,"193 % Medicare RBRVS. ",422.59,,,,,,,Case Rate,"100% Medicare OPPS FS. ",422.59,,,,,,,Case Rate,"100% Medicare OPPS FS. ",1250.6,,,,,,,Fee Schedule,"501.001522313917 % Medicare Physician FS TC Rates Only. ",422.59,,,,,,,Case Rate,"100% Medicare OPPS FS. ",660.95,,,,,,,Fee Schedule,"250 % 2018 Cigna RBRVS fee schedule. ",422.59,,,,,,,Case Rate,"100% Medicare OPPS FS. ",660.95,,,,,,,Fee Schedule,"250 % 2018 Cigna RBRVS fee schedule. ",1250.6,,,,,,,Fee Schedule,"501.001522313917 % Medicare Physician FS TC Rates Only. ",660.95,,,,,,,Fee Schedule,"250 % 2018 Cigna RBRVS fee schedule. ",422.59,,,,,,,Case Rate,"100% Medicare OPPS FS. ",378.86,,,,,,,Case Rate,"100 Percent of Medicaid APG. ",422.59,,,,,,,Case Rate,"100% Medicare OPPS FS. ",660.95,,,,,,,Fee Schedule,"250 % 2018 Cigna RBRVS fee schedule. ",1119.84,,,,,,,Other,. Paid once per unit per revenue code and lesser of 100% of billed charges.,378.86,,,,,,,Case Rate,"100 Percent of Medicaid APG. ",2308.04,,,,,,,Fee Schedule,"758.1 % 2013 Manhattan Medicare. ",454.63,,,,,,,Fee Schedule,"120 Percent of Medicaid APG. ",454.63,,,,,,,Fee Schedule,"120 Percent of Medicaid APG. ",2308.04,,,,,,,Fee Schedule,"758.1 % 2013 Manhattan Medicare. ",2308.04,,,,,,,Fee Schedule,"758.1 % 2013 Manhattan Medicare. ",2308.04,,,,,,,Fee Schedule,"758.1 % 2013 Manhattan Medicare. ",1119.84,,,,,,,Other,. Paid once per unit per revenue code and lesser of 100% of billed charges.,2308.04,,,,,,,Fee Schedule,"758.1 % 2013 Manhattan Medicare. ",2308.04,,,,,,,Fee Schedule,"758.1 % 2013 Manhattan Medicare. ",2308.04,,,,,,,Fee Schedule,"758.1 % 2013 Manhattan Medicare. ",541.68,,,,,,,Fee Schedule,"217 % Medicare RBRVS. ",541.68,,,,,,,Fee Schedule,"217 % Medicare RBRVS. ",836.73,,,,,,,Case Rate,198 Percent of Medicare OPPS. Metroplus will reimburse unlisted codes and described codes with no Medicare rate at 50 percent of charges.,378.86,,,,,,,Case Rate,"100 Percent of Medicaid APG. ",1119.84,,,,,,,Other,. Paid once per unit per revenue code and lesser of 100% of billed charges.,660.95,,,,,,,Fee Schedule,"250 % 2018 Cigna RBRVS fee schedule. ",1250.6,,,,,,,Fee Schedule,"501.001522313917 % Medicare Physician FS TC Rates Only. ",1119.84,,,,,,,Other,. Paid once per unit per revenue code and lesser of 100% of billed charges.,1250.6,,,,,,,Fee Schedule,"501.001522313917 % Medicare Physician FS TC Rates Only. ",1119.84,,,,,,,Other,. Paid once per unit per revenue code and lesser of 100% of billed charges.,2308.04,,,,,,,Fee Schedule,"758.1 % 2013 Manhattan Medicare. ",2308.04,,,,,,,Fee Schedule,"758.1 % 2013 Manhattan Medicare. ",2308.04,,,,,,,Fee Schedule,"758.1 % 2013 Manhattan Medicare. ",2308.04,,,,,,,Fee Schedule,"758.1 % 2013 Manhattan Medicare. ",422.59,,,,,,,Case Rate,"100% Medicare OPPS FS. ",226.37,10984,
74182,CPT,2020997,LOCAL,610,RC,HC MRI ABDOMEN W/CONTRAST,8589.74,1632.0506,both,,,,718,,,,,,,Fee Schedule,"100 % 1199 Fee Schedule. ",718,,,,,,,Fee Schedule,"100 % 1199 Fee Schedule. ",1279.75,,,,,,,Fee Schedule,"500.998277481992 % Medicare Physician FS TC Rates Only. ",8589.74,100,,,,,0,percent of total billed charges,100 percent of billed charges. ; No services were performed during the 15 month look back period.,422.59,,,,,,,Case Rate,"100% Medicare OPPS FS. ",1279.75,,,,,,,Fee Schedule,"500.998277481992 % Medicare Physician FS TC Rates Only. ",1279.75,,,,,,,Fee Schedule,"500.998277481992 % Medicare Physician FS TC Rates Only. ",1279.75,,,,,,,Fee Schedule,"500.998277481992 % Medicare Physician FS TC Rates Only. ",774.06,,,,,,,Case Rate,"100 Percent of Medicaid APG. ",645.05,,,,,,,Case Rate,"100 Percent of Medicaid APG. ",6699.9972,78,,,,,0,percent of total billed charges,78% of Billed Charges. Lesser of 100% of billed charges applies.; No services were performed during the 15 month look back period.,2510.81,,,,,,,Other,. Paid once per unit per revenue code and lesser of 100% of billed charges.,645.05,,,,,,,Case Rate,"100 Percent of Medicaid APG. ",422.59,,,,,,,Case Rate,"100% Medicare OPPS FS. ",890.72,,,,,,,Fee Schedule,"250 % 2018 Cigna RBRVS fee schedule. ",890.72,,,,,,,Fee Schedule,"250 % 2018 Cigna RBRVS fee schedule. ",890.72,,,,,,,Fee Schedule,"250 % 2018 Cigna RBRVS fee schedule. ",890.72,,,,,,,Fee Schedule,"250 % 2018 Cigna RBRVS fee schedule. ",236.77,,,,,,,Fee schedule,90 Percent of Medicare RBRVS. Covered services not payable under Medicaid Fee Schedules default to a payment of 50 percent of charges.,422.59,,,,,,,Case Rate,"100% Medicare OPPS FS. ",236.77,,,,,,,Fee schedule,90 Percent of Medicare RBRVS. Covered services not payable under Medicaid Fee Schedules default to a payment of 50 percent of charges.,6699.9972,78,,,,,0,percent of total billed charges,78% of Billed Charges. Lesser of 100% of billed charges applies.; No services were performed during the 15 month look back period.,1279.75,,,,,,,Fee Schedule,"500.998277481992 % Medicare Physician FS TC Rates Only. ",422.59,,,,,,,Case Rate,"100%Medicare OPPS FS. ",651.37,,,,,,,Fee Schedule,"255 % Medicare RBRVS. ",422.59,,,,,,,Case Rate,"100%Medicare OPPS FS. ",422.59,,,,,,,Case Rate,"100%Medicare OPPS FS. ",6699.9972,78,,,,,0,percent of total billed charges,78% of Billed Charges. Lesser of 100% of billed charges applies.; No services were performed during the 15 month look back period.,226.37,,,,,,,Case Rate,100% of PAS. Lesser of 100% of billed charges applies.,226.37,,,,,,,Case Rate,100% of PAS. Lesser of 100% of billed charges applies.,236.77,,,,,,,Fee schedule,"90 Percent of Medicare RBRVS. ",236.77,,,,,,,Fee schedule,"90 Percent of Medicare RBRVS. ",651.37,,,,,,,Fee Schedule,"255 % Medicare RBRVS. ",651.37,,,,,,,Fee Schedule,"255 % Medicare RBRVS. ",645.05,,,,,,,Case Rate,"100 Percent of Medicaid APG. Not APG payable, or payable under another fee schedule like ASP/AWP pays at 30% of charges",651.37,,,,,,,Fee Schedule,"255 % Medicare RBRVS. ",645.05,,,,,,,Case Rate,"100 Percent of Medicaid APG. Not APG payable, or payable under another fee schedule like ASP/AWP pays at 30% of charges",422.59,,,,,,,Case Rate,"100%Medicare OPPS FS. ",651.37,,,,,,,Fee Schedule,"255 % Medicare RBRVS. ",6699.9972,78,,,,,0,percent of total billed charges,78% of Billed Charges. Lesser of 100% of billed charges applies.; No services were performed during the 15 month look back period.,645.05,,,,,,,Case Rate,"100 Percent of Medicaid APG. If not priced under APG, then Metroplus FeeSched",645.05,,,,,,,Case Rate,"100 Percent of Medicaid APG. If not priced under APG, then Metroplus FeeSched",6699.9972,78,,,,,0,percent of total billed charges,78% of Billed Charges. Lesser of 100% of billed charges applies.; No services were performed during the 15 month look back period.,890.72,,,,,,,Fee Schedule,"250 % 2018 Cigna RBRVS fee schedule. ",2426,,,,,,,Other,. Paid once per unit per revenue code and lesser of 100% of billed charges.,2426,,,,,,,Other,. Paid once per unit per revenue code and lesser of 100% of billed charges.,6699.9972,78,,,,,0,percent of total billed charges,78% of Billed Charges. Lesser of 100% of billed charges applies.; No services were performed during the 15 month look back period.,422.59,,,,,,,Case Rate,"100% Medicare OPPS FS. ",2510.81,,,,,,,Other,. Paid once per unit per revenue code and lesser of 100% of billed charges.,2510.81,,,,,,,Other,. Paid once per unit per revenue code and lesser of 100% of billed charges.,2510.81,,,,,,,Other,. Paid once per unit per revenue code and lesser of 100% of billed charges.,422.59,,,,,,,Case Rate,"100% Medicare OPPS FS. ",2510.81,,,,,,,Other,. Paid once per unit per revenue code and lesser of 100% of billed charges.,2510.81,,,,,,,Other,. Paid once per unit per revenue code and lesser of 100% of billed charges.,422.59,,,,,,,Case Rate,"100% of Medicare OPPS. ",4294.87,50,,,,,0,percent of total billed charges,50 percent of billed charges; No services were performed during the 15 month look back period.,3917.56,,,,,,,Fee Schedule,"758.1 % 2013 Manhattan Medicare. ",3917.56,,,,,,,Fee Schedule,"758.1 % 2013 Manhattan Medicare. ",3917.56,,,,,,,Fee Schedule,"758.1 % 2013 Manhattan Medicare. ",3917.56,,,,,,,Fee Schedule,"758.1 % 2013 Manhattan Medicare. ",3917.56,,,,,,,Fee Schedule,"758.1 % 2013 Manhattan Medicare. ",3917.56,,,,,,,Fee Schedule,"758.1 % 2013 Manhattan Medicare. ",422.59,,,,,,,Case Rate,"100% Medicare OPPS FS. ",422.59,,,,,,,Case Rate,"100% Medicare OPPS FS. ",3917.56,,,,,,,Fee Schedule,"758.1 % 2013 Manhattan Medicare. ",6699.9972,78,,,,,0,percent of total billed charges,78% of Billed Charges. Lesser of 100% of billed charges applies.; No services were performed during the 15 month look back period.,6699.9972,78,,,,,0,percent of total billed charges,78% of Billed Charges. Lesser of 100% of billed charges applies.; No services were performed during the 15 month look back period.,6699.9972,78,,,,,0,percent of total billed charges,78% of Billed Charges. Lesser of 100% of billed charges applies.; No services were performed during the 15 month look back period.,6699.9972,78,,,,,0,percent of total billed charges,78% of Billed Charges. Lesser of 100% of billed charges applies.; No services were performed during the 15 month look back period.,6699.9972,78,,,,,0,percent of total billed charges,78% of Billed Charges. Lesser of 100% of billed charges applies.; No services were performed during the 15 month look back period.,6699.9972,78,,,,,0,percent of total billed charges,78% of Billed Charges. Lesser of 100% of billed charges applies.; No services were performed during the 15 month look back period.,6699.9972,78,,,,,0,percent of total billed charges,78% of Billed Charges. Lesser of 100% of billed charges applies.; No services were performed during the 15 month look back period.,6699.9972,78,,,,,0,percent of total billed charges,78% of Billed Charges. Lesser of 100% of billed charges applies.; No services were performed during the 15 month look back period.,6699.9972,78,,,,,0,percent of total billed charges,78% of Billed Charges. Lesser of 100% of billed charges applies.; No services were performed during the 15 month look back period.,6699.9972,78,,,,,0,percent of total billed charges,78% of Billed Charges. Lesser of 100% of billed charges applies.; No services were performed during the 15 month look back period.,6699.9972,78,,,,,0,percent of total billed charges,78% of Billed Charges. Lesser of 100% of billed charges applies.; No services were performed during the 15 month look back period.,6699.9972,78,,,,,0,percent of total billed charges,78% of Billed Charges. Lesser of 100% of billed charges applies.; No services were performed during the 15 month look back period.,6699.9972,78,,,,,0,percent of total billed charges,78% of Billed Charges. Lesser of 100% of billed charges applies.; No services were performed during the 15 month look back period.,6699.9972,78,,,,,0,percent of total billed charges,78% of Billed Charges. Lesser of 100% of billed charges applies.; No services were performed during the 15 month look back period.,6699.9972,78,,,,,0,percent of total billed charges,78% of Billed Charges. Lesser of 100% of billed charges applies.; No services were performed during the 15 month look back period.,6699.9972,78,,,,,0,percent of total billed charges,78% of Billed Charges. Lesser of 100% of billed charges applies.; No services were performed during the 15 month look back period.,6699.9972,78,,,,,0,percent of total billed charges,78% of Billed Charges. Lesser of 100% of billed charges applies.; No services were performed during the 15 month look back period.,6699.9972,78,,,,,0,percent of total billed charges,78% of Billed Charges. Lesser of 100% of billed charges applies.; No services were performed during the 15 month look back period.,6699.9972,78,,,,,0,percent of total billed charges,78% of Billed Charges. Lesser of 100% of billed charges applies.; No services were performed during the 15 month look back period.,6699.9972,78,,,,,0,percent of total billed charges,78% of Billed Charges. Lesser of 100% of billed charges applies.; No services were performed during the 15 month look back period.,6699.9972,78,,,,,0,percent of total billed charges,78% of Billed Charges. Lesser of 100% of billed charges applies.; No services were performed during the 15 month look back period.,6699.9972,78,,,,,0,percent of total billed charges,78% of Billed Charges. Lesser of 100% of billed charges applies.; No services were performed during the 15 month look back period.,6699.9972,78,,,,,0,percent of total billed charges,78% of Billed Charges. Lesser of 100% of billed charges applies.; No services were performed during the 15 month look back period.,6699.9972,78,,,,,0,percent of total billed charges,78% of Billed Charges. Lesser of 100% of billed charges applies.; No services were performed during the 15 month look back period.,6699.9972,78,,,,,0,percent of total billed charges,78% of Billed Charges. Lesser of 100% of billed charges applies.; No services were performed during the 15 month look back period.,6699.9972,78,,,,,0,percent of total billed charges,78% of Billed Charges. Lesser of 100% of billed charges applies.; No services were performed during the 15 month look back period.,651.37,,,,,,,Fee Schedule,"255 % Medicare RBRVS. ",651.37,,,,,,,Fee Schedule,"255 % Medicare RBRVS. ",651.37,,,,,,,Fee Schedule,"255 % Medicare RBRVS. ",651.37,,,,,,,Fee Schedule,"255 % Medicare RBRVS. ",493,,,,,,,Fee Schedule,"193 % Medicare RBRVS. ",493,,,,,,,Fee Schedule,"193 % Medicare RBRVS. ",890.72,,,,,,,Fee Schedule,"250 % 2018 Cigna RBRVS fee schedule. ",3917.56,,,,,,,Fee Schedule,"758.1 % 2013 Manhattan Medicare. ",2510.81,,,,,,,Other,. Paid once per unit per revenue code and lesser of 100% of billed charges.,3917.56,,,,,,,Fee Schedule,"758.1 % 2013 Manhattan Medicare. ",6699.9972,78,,,,,0,percent of total billed charges,78% of Billed Charges. Lesser of 100% of billed charges applies.; No services were performed during the 15 month look back period.,493,,,,,,,Fee Schedule,"193 % Medicare RBRVS. ",3917.56,,,,,,,Fee Schedule,"758.1 % 2013 Manhattan Medicare. ",2510.81,,,,,,,Other,. Paid once per unit per revenue code and lesser of 100% of billed charges.,890.72,,,,,,,Fee Schedule,"250 % 2018 Cigna RBRVS fee schedule. ",,,,,,,,,"NA. ",6699.9972,78,,,,,0,percent of total billed charges,78% of Billed Charges. Lesser of 100% of billed charges applies.; No services were performed during the 15 month look back period.,645.05,,,,,,,Case Rate,"100 Percent of Medicaid APG. ",651.37,,,,,,,Fee Schedule,"255 % Medicare RBRVS. ",645.05,,,,,,,Case Rate,"100 Percent of Medicaid APG. Not APG payable, or payable under another fee schedule like ASP/AWP pays at 30% of charges",422.59,,,,,,,Case Rate,"100%Medicare OPPS FS. ",422.59,,,,,,,Case Rate,"100% Medicare OPPS FS. ",4294.87,50,,,,,0,percent of total billed charges,50 percent of billed charges; No services were performed during the 15 month look back period.,422.59,,,,,,,Case Rate,"100% Medicare OPPS FS. ",422.59,,,,,,,Case Rate,"100% Medicare OPPS FS. ",645.05,,,,,,,Case Rate,"100 Percent of Medicaid APG. ",422.59,,,,,,,Case Rate,"100% Medicare OPPS FS. ",422.59,,,,,,,Case Rate,"100% Medicare OPPS FS. ",1279.75,,,,,,,Fee Schedule,"500.998277481992 % Medicare Physician FS TC Rates Only. ",1279.75,,,,,,,Fee Schedule,"500.998277481992 % Medicare Physician FS TC Rates Only. ",422.59,,,,,,,Case Rate,"100% Medicare OPPS FS. ",890.72,,,,,,,Fee Schedule,"250 % 2018 Cigna RBRVS fee schedule. ",2510.81,,,,,,,Other,. Paid once per unit per revenue code and lesser of 100% of billed charges.,2510.81,,,,,,,Other,. Paid once per unit per revenue code and lesser of 100% of billed charges.,422.59,,,,,,,Case Rate,"100% Medicare OPPS FS. ",890.72,,,,,,,Fee Schedule,"250 % 2018 Cigna RBRVS fee schedule. ",1279.75,,,,,,,Fee Schedule,"500.998277481992 % Medicare Physician FS TC Rates Only. ",1279.75,,,,,,,Fee Schedule,"500.998277481992 % Medicare Physician FS TC Rates Only. ",1279.75,,,,,,,Fee Schedule,"500.998277481992 % Medicare Physician FS TC Rates Only. ",6699.9972,78,,,,,0,percent of total billed charges,78% of Billed Charges. Lesser of 100% of billed charges applies.; No services were performed during the 15 month look back period.,6699.9972,78,,,,,0,percent of total billed charges,78% of Billed Charges. Lesser of 100% of billed charges applies.; No services were performed during the 15 month look back period.,6699.9972,78,,,,,0,percent of total billed charges,78% of Billed Charges. Lesser of 100% of billed charges applies.; No services were performed during the 15 month look back period.,6699.9972,78,,,,,0,percent of total billed charges,78% of Billed Charges. Lesser of 100% of billed charges applies.; No services were performed during the 15 month look back period.,6699.9972,78,,,,,0,percent of total billed charges,78% of Billed Charges. Lesser of 100% of billed charges applies.; No services were performed during the 15 month look back period.,6699.9972,78,,,,,0,percent of total billed charges,78% of Billed Charges. Lesser of 100% of billed charges applies.; No services were performed during the 15 month look back period.,6699.9972,78,,,,,0,percent of total billed charges,78% of Billed Charges. Lesser of 100% of billed charges applies.; No services were performed during the 15 month look back period.,6699.9972,78,,,,,0,percent of total billed charges,78% of Billed Charges. Lesser of 100% of billed charges applies.; No services were performed during the 15 month look back period.,6699.9972,78,,,,,0,percent of total billed charges,78% of Billed Charges. Lesser of 100% of billed charges applies.; No services were performed during the 15 month look back period.,6699.9972,78,,,,,0,percent of total billed charges,78% of Billed Charges. Lesser of 100% of billed charges applies.; No services were performed during the 15 month look back period.,6699.9972,78,,,,,0,percent of total billed charges,78% of Billed Charges. Lesser of 100% of billed charges applies.; No services were performed during the 15 month look back period.,493,,,,,,,Fee Schedule,"193 % Medicare RBRVS. ",3917.56,,,,,,,Fee Schedule,"758.1 % 2013 Manhattan Medicare. ",890.72,,,,,,,Fee Schedule,"250 % 2018 Cigna RBRVS fee schedule. ",422.59,,,,,,,Case Rate,"100% Medicare OPPS FS. ",1279.75,,,,,,,Fee Schedule,"500.998277481992 % Medicare Physician FS TC Rates Only. ",890.72,,,,,,,Fee Schedule,"250 % 2018 Cigna RBRVS fee schedule. ",890.72,,,,,,,Fee Schedule,"250 % 2018 Cigna RBRVS fee schedule. ",6699.9972,78,,,,,0,percent of total billed charges,78% of Billed Charges. Lesser of 100% of billed charges applies.; No services were performed during the 15 month look back period.,1380.4,,,,,,,Case Rate,"141 Percent of current Medicare RBRVS FeeSched. ",890.72,,,,,,,Fee Schedule,"250 % 2018 Cigna RBRVS fee schedule. ",645.05,,,,,,,Case Rate,"100 Percent of Medicaid APG. ",422.59,,,,,,,Case Rate,"100% Medicare OPPS FS. ",422.59,,,,,,,Case Rate,"100% Medicare OPPS FS. ",422.59,,,,,,,Case Rate,"100% Medicare OPPS FS. ",422.59,,,,,,,Case Rate,"100% Medicare OPPS FS. ",422.59,,,,,,,Case Rate,"100% Medicare OPPS FS. ",422.59,,,,,,,Case Rate,"100% Medicare OPPS FS. ",890.72,,,,,,,Fee Schedule,"250 % 2018 Cigna RBRVS fee schedule. ",4294.87,50,,,,,0,percent of total billed charges,50 percent of billed charges; No services were performed during the 15 month look back period.,420.93,,,,,,,Fee Schedule,"160 Percent of Medicare RBRVS. ",420.93,,,,,,,Fee Schedule,"160 Percent of Medicare RBRVS. ",420.93,,,,,,,Fee Schedule,"160 Percent of Medicare RBRVS. ",420.93,,,,,,,Fee Schedule,"160 Percent of Medicare RBRVS. ",420.93,,,,,,,Fee Schedule,"160 Percent of Medicare RBRVS. ",,,,,,,,,"NA. ",4294.87,50,,,,,0,percent of total billed charges,50 percent of billed charges; No services were performed during the 15 month look back period.,836.73,,,,,,,Case Rate,198 Percent of Medicare OPPS. Metroplus will reimburse unlisted codes and described codes with no Medicare rate at 50 percent of charges.,836.73,,,,,,,Case Rate,198 Percent of Medicare OPPS. Metroplus will reimburse unlisted codes and described codes with no Medicare rate at 50 percent of charges.,836.73,,,,,,,Case Rate,198 Percent of Medicare OPPS. Metroplus will reimburse unlisted codes and described codes with no Medicare rate at 50 percent of charges.,836.73,,,,,,,Case Rate,198 Percent of Medicare OPPS. Metroplus will reimburse unlisted codes and described codes with no Medicare rate at 50 percent of charges.,836.73,,,,,,,Case Rate,198 Percent of Medicare OPPS. Metroplus will reimburse unlisted codes and described codes with no Medicare rate at 50 percent of charges.,422.59,,,,,,,Case Rate,"100% Medicare OPPS FS. ",493,,,,,,,Fee Schedule,"193 % Medicare RBRVS. ",493,,,,,,,Fee Schedule,"193 % Medicare RBRVS. ",493,,,,,,,Fee Schedule,"193 % Medicare RBRVS. ",493,,,,,,,Fee Schedule,"193 % Medicare RBRVS. ",1279.75,,,,,,,Fee Schedule,"500.998277481992 % Medicare Physician FS TC Rates Only. ",1279.75,,,,,,,Fee Schedule,"500.998277481992 % Medicare Physician FS TC Rates Only. ",1279.75,,,,,,,Fee Schedule,"500.998277481992 % Medicare Physician FS TC Rates Only. ",1279.75,,,,,,,Fee Schedule,"500.998277481992 % Medicare Physician FS TC Rates Only. ",4294.87,50,,,,,0,percent of total billed charges,50 percent of billed charges; No services were performed during the 15 month look back period.,4294.87,50,,,,,0,percent of total billed charges,50 percent of billed charges; No services were performed during the 15 month look back period.,422.59,,,,,,,Case Rate,"100% Medicare OPPS FS. ",422.59,,,,,,,Case Rate,"100% Medicare OPPS FS. ",422.59,,,,,,,Case Rate,"100% Medicare OPPS FS. ",3917.56,,,,,,,Fee Schedule,"758.1 % 2013 Manhattan Medicare. ",3917.56,,,,,,,Fee Schedule,"758.1 % 2013 Manhattan Medicare. ",3917.56,,,,,,,Fee Schedule,"758.1 % 2013 Manhattan Medicare. ",4294.87,50,,,,,0,percent of total billed charges,50 percent of billed charges; No services were performed during the 15 month look back period.,1279.75,,,,,,,Fee Schedule,"500.998277481992 % Medicare Physician FS TC Rates Only. ",422.59,,,,,,,Case Rate,"100% Medicare OPPS FS. ",3917.56,,,,,,,Fee Schedule,"758.1 % 2013 Manhattan Medicare. ",645.05,,,,,,,Case Rate,"100 Percent of Medicaid APG. ",431.04,,,,,,,Case Rate,"102% of Medicare OPPS. ",431.04,,,,,,,Case Rate,"102% of Medicare OPPS. ",431.04,,,,,,,Case Rate,"102% of Medicare OPPS. ",236.77,,,,,,,Fee schedule,"90 Percent of Medicare RBRVS. ",1451.36,,,,,,,Case Rate,225% of NYS APG. Lesser of 100% of billed charges applies.,1451.36,,,,,,,Case Rate,225% of NYS APG. Lesser of 100% of billed charges applies.,1451.36,,,,,,,Case Rate,225% of NYS APG. Lesser of 100% of billed charges applies.,1451.36,,,,,,,Case Rate,225% of NYS APG. Lesser of 100% of billed charges applies.,1451.36,,,,,,,Case Rate,225% of NYS APG. Lesser of 100% of billed charges applies.,431.04,,,,,,,Case Rate,"102% of Medicare OPPS. ",645.05,,,,,,,Case Rate,"100 Percent of Medicaid APG. ",226.37,,,,,,,Case Rate,100% of PAS. Lesser of 100% of billed charges applies.,1451.36,,,,,,,Case Rate,225% of NYS APG. Lesser of 100% of billed charges applies.,1451.36,,,,,,,Case Rate,225% of NYS APG. Lesser of 100% of billed charges applies.,226.37,,,,,,,Case Rate,100% of PAS. Lesser of 100% of billed charges applies.,226.37,,,,,,,Case Rate,100% of PAS. Lesser of 100% of billed charges applies.,420.93,,,,,,,Fee Schedule,"160 Percent of Medicare RBRVS. ",422.59,,,,,,,Case Rate,"100% Medicare OPPS FS. ",422.59,,,,,,,Case Rate,"100% Medicare OPPS FS. ",1279.75,,,,,,,Fee Schedule,"500.998277481992 % Medicare Physician FS TC Rates Only. ",422.59,,,,,,,Case Rate,"100% Medicare OPPS FS. ",1451.36,,,,,,,Fee Schedule,"225 Percent of Medicaid APG. ",1451.36,,,,,,,Fee Schedule,"225 Percent of Medicaid APG. ",236.77,,,,,,,Fee schedule,"90 Percent of Medicare RBRVS. ",236.77,,,,,,,Fee schedule,"90 Percent of Medicare RBRVS. ",1451.36,,,,,,,Case Rate,225 Percent of Medicaid APG. Covered services not payable under Medicaid Fee Schedules default to a payment of 87.5 percent of charges.,236.77,,,,,,,Fee schedule,90 Percent of Medicare RBRVS. Covered services not payable under Medicaid Fee Schedules default to a payment of 50 percent of charges.,1451.36,,,,,,,Case Rate,"100 Percent of Medicaid APG. ",1451.36,,,,,,,Case Rate,"100 Percent of Medicaid APG. ",1451.36,,,,,,,Case Rate,"100 Percent of Medicaid APG. ",1451.36,,,,,,,Case Rate,"100 Percent of Medicaid APG. ",2693.22,,,,,,,Fee Schedule,"1019 % Manhattan Facility Rate. ",4294.87,50,,,,,0,percent of total billed charges,50 percent of billed charges; No services were performed during the 15 month look back period.,774.06,,,,,,,Case Rate,"120 Percent of Medicaid APG. Not APG payable, or payable under another fee schedule like ASP/AWP pays at 30% of charges",774.06,,,,,,,Case Rate,"120 Percent of Medicaid APG. Not APG payable, or payable under another fee schedule like ASP/AWP pays at 30% of charges",645.05,,,,,,,Case Rate,"100 Percent of Medicaid APG. Not APG payable, or payable under another fee schedule like ASP/AWP pays at 30% of charges",645.05,,,,,,,Case Rate,"100 Percent of Medicaid APG. Not APG payable, or payable under another fee schedule like ASP/AWP pays at 30% of charges",3917.56,,,,,,,Fee Schedule,"758.1 % 2013 Manhattan Medicare. ",3917.56,,,,,,,Fee Schedule,"758.1 % 2013 Manhattan Medicare. ",422.59,,,,,,,Case Rate,"100% Medicare OPPS FS. ",3917.56,,,,,,,Fee Schedule,"758.1 % 2013 Manhattan Medicare. ",3917.56,,,,,,,Fee Schedule,"758.1 % 2013 Manhattan Medicare. ",3917.56,,,,,,,Fee Schedule,"758.1 % 2013 Manhattan Medicare. ",3917.56,,,,,,,Fee Schedule,"758.1 % 2013 Manhattan Medicare. ",422.59,,,,,,,Case Rate,"100% Medicare OPPS FS. ",3917.56,,,,,,,Fee Schedule,"758.1 % 2013 Manhattan Medicare. ",3917.56,,,,,,,Fee Schedule,"758.1 % 2013 Manhattan Medicare. ",1279.75,,,,,,,Fee Schedule,"500.998277481992 % Medicare Physician FS TC Rates Only. ",709.55,,,,,,,Fee Schedule,110% of APG. Lesser of 100% of billed charges applies.,236.77,,,,,,,Fee schedule,90 Percent of Medicare RBRVS. Covered services not payable under Medicaid Fee Schedules default to a payment of 50 percent of charges.,1451.36,,,,,,,Case Rate,225% of NYS APG. Lesser of 100% of billed charges applies.,1451.36,,,,,,,Case Rate,225 Percent of Medicaid APG. Covered services not payable under Medicaid Fee Schedules default to a payment of 87.5 percent of charges.,236.77,,,,,,,Fee schedule,90 Percent of Medicare RBRVS. Covered services not payable under Medicaid Fee Schedules default to a payment of 50 percent of charges.,1451.36,,,,,,,Case Rate,225% of NYS APG. Lesser of 100% of billed charges applies.,1451.36,,,,,,,Case Rate,225% of NYS APG. Lesser of 100% of billed charges applies.,1451.36,,,,,,,Case Rate,225% of NYS APG. Lesser of 100% of billed charges applies.,1451.36,,,,,,,Case Rate,225% of NYS APG. Lesser of 100% of billed charges applies.,1451.36,,,,,,,Case Rate,225% of NYS APG. Lesser of 100% of billed charges applies.,1451.36,,,,,,,Case Rate,225% of NYS APG. Lesser of 100% of billed charges applies.,,,,,,,,,"NA. ",,,,,,,,,"NA. ",,,,,,,,,"NA. ",890.72,,,,,,,Fee Schedule,"250 % 2018 Cigna RBRVS fee schedule. ",,,,,,,,,"NA. ",422.59,,,,,,,Case Rate,"100% Medicare OPPS FS. ",718,,,,,,,Fee Schedule,"100 % 1199 Fee Schedule. ",422.59,,,,,,,Case Rate,"100% Medicare OPPS FS. ",422.59,,,,,,,Case Rate,"100% Medicare OPPS FS. ",774.06,,,,,,,Case Rate,"120 Percent of Medicaid APG. Not APG payable, or payable under another fee schedule like ASP/AWP pays at 30% of charges",774.06,,,,,,,Case Rate,"120 Percent of Medicaid APG. Not APG payable, or payable under another fee schedule like ASP/AWP pays at 30% of charges",645.05,,,,,,,Case Rate,"100 Percent of Medicaid APG. Not APG payable, or payable under another fee schedule like ASP/AWP pays at 30% of charges",645.05,,,,,,,Case Rate,"100 Percent of Medicaid APG. Not APG payable, or payable under another fee schedule like ASP/AWP pays at 30% of charges",645.05,,,,,,,Case Rate,"100 Percent of Medicaid APG. ",554.3,,,,,,,Fee Schedule,"217 % Medicare RBRVS. ",1279.75,,,,,,,Fee Schedule,"500.998277481992 % Medicare Physician FS TC Rates Only. ",651.37,,,,,,,Fee Schedule,"255 % Medicare RBRVS. ",890.72,,,,,,,Fee Schedule,"250 % 2018 Cigna RBRVS fee schedule. ",422.59,,,,,,,Case Rate,"100%Medicare OPPS FS. ",422.59,,,,,,,Case Rate,"100% Medicare OPPS FS. ",422.59,,,,,,,Case Rate,"100% Medicare OPPS FS. ",422.59,,,,,,,Case Rate,"100% Medicare OPPS FS. ",422.59,,,,,,,Case Rate,"100%Medicare OPPS FS. ",422.59,,,,,,,Case Rate,"100% Medicare OPPS FS. ",,,,,,,,,"NA. ",1451.36,,,,,,,Case Rate,225% of NYS APG. Lesser of 100% of billed charges applies.,226.37,,,,,,,Case Rate,100% of PAS. Lesser of 100% of billed charges applies.,3917.56,,,,,,,Fee Schedule,"758.1 % 2013 Manhattan Medicare. ",554.3,,,,,,,Fee Schedule,"217 % Medicare RBRVS. ",554.3,,,,,,,Fee Schedule,"217 % Medicare RBRVS. ",554.3,,,,,,,Fee Schedule,"217 % Medicare RBRVS. ",554.3,,,,,,,Fee Schedule,"217 % Medicare RBRVS. ",422.59,,,,,,,Case Rate,"100% Medicare OPPS FS. ",645.05,,,,,,,Case Rate,"100 Percent of Medicaid APG. ",3917.56,,,,,,,Fee Schedule,"758.1 % 2013 Manhattan Medicare. ",645.05,,,,,,,Case Rate,"100 Percent of Medicaid APG. ",422.59,,,,,,,Case Rate,"100% Medicare OPPS FS. ",645.05,,,,,,,Case Rate,"100 Percent of Medicaid APG. ",422.59,,,,,,,Case Rate,"100% Medicare OPPS FS. ",422.59,,,,,,,Case Rate,"100% Medicare OPPS FS. ",645.05,,,,,,,Case Rate,"100 Percent of Medicaid APG. ",645.05,,,,,,,Case Rate,"100 Percent of Medicaid APG. ",554.3,,,,,,,Fee Schedule,"217 % Medicare RBRVS. ",890.72,,,,,,,Fee Schedule,"250 % 2018 Cigna RBRVS fee schedule. ",6699.9972,78,,,,,0,percent of total billed charges,78% of Billed Charges. Lesser of 100% of billed charges applies.; No services were performed during the 15 month look back period.,2510.81,,,,,,,Other,. Paid once per unit per revenue code and lesser of 100% of billed charges.,2510.81,,,,,,,Other,. Paid once per unit per revenue code and lesser of 100% of billed charges.,1279.75,,,,,,,Fee Schedule,"500.998277481992 % Medicare Physician FS TC Rates Only. ",414.14,,,,,,,Case Rate,"98% of RBRVS. ",493,,,,,,,Fee Schedule,"193 % Medicare RBRVS. ",493,,,,,,,Fee Schedule,"193 % Medicare RBRVS. ",3134.15,,,,,,,Fee Schedule,"606.5 % 2013 Manhattan Medicare. ",3134.15,,,,,,,Fee Schedule,"606.5 % 2013 Manhattan Medicare. ",422.59,,,,,,,Case Rate,"100% Medicare OPPS FS. ",422.59,,,,,,,Case Rate,"100% Medicare OPPS FS. ",422.59,,,,,,,Case Rate,"100% Medicare OPPS FS. ",422.59,,,,,,,Case Rate,"100% Medicare OPPS FS. ",2510.81,,,,,,,Other,. Paid once per unit per revenue code and lesser of 100% of billed charges.,3917.56,,,,,,,Fee Schedule,"758.1 % 2013 Manhattan Medicare. ",3917.56,,,,,,,Fee Schedule,"758.1 % 2013 Manhattan Medicare. ",422.59,,,,,,,Case Rate,"100% Medicare OPPS FS. ",3134.15,,,,,,,Fee Schedule,"606.5 % 2013 Manhattan Medicare. ",651.37,,,,,,,Fee Schedule,"255 % Medicare RBRVS. ",774.06,,,,,,,Fee Schedule,"120 Percent of Medicaid APG. ",645.05,,,,,,,Case Rate,"100 Percent of Medicaid APG. ",554.3,,,,,,,Fee Schedule,"217 % Medicare RBRVS. ",3525.85,,,,,,,Fee Schedule,"682.3 % 2013 Manhattan Medicare. ",3525.85,,,,,,,Fee Schedule,"682.3 % 2013 Manhattan Medicare. ",3917.56,,,,,,,Fee Schedule,"758.1 % 2013 Manhattan Medicare. ",4294.87,50,,,,,0,percent of total billed charges,50 percent of billed charges; No services were performed during the 15 month look back period.,422.59,,,,,,,Case Rate,"100%Medicare OPPS FS. ",677.3,,,,,,,Fee Schedule,105 percent of Medicaid APG. otherwise 105% of Ordered NYS MCD FS or 105% of ASP+6%,677.3,,,,,,,Fee Schedule,105 percent of Medicaid APG. otherwise 105% of Ordered NYS MCD FS or 105% of ASP+6%,677.3,,,,,,,Fee Schedule,105 percent of Medicaid APG. otherwise 105% of Ordered NYS MCD FS or 105% of ASP+6%,870.81,,,,,,,Fee Schedule,135 percent of Medicaid APG. otherwise 135% of Ordered NYS MCD FS or 135% of ASP+6%,2510.81,,,,,,,Other,. Paid once per unit per revenue code and lesser of 100% of billed charges.,677.3,,,,,,,Fee Schedule,105 percent of Medicaid APG. otherwise 105% of Ordered NYS MCD FS or 105% of ASP+6%,677.3,,,,,,,Fee Schedule,105 percent of Medicaid APG. otherwise 105% of Ordered NYS MCD FS or 105% of ASP+6%,677.3,,,,,,,Fee Schedule,105 percent of Medicaid APG. otherwise 105% of Ordered NYS MCD FS or 105% of ASP+6%,677.3,,,,,,,Fee Schedule,105 percent of Medicaid APG. otherwise 105% of Ordered NYS MCD FS or 105% of ASP+6%,677.3,,,,,,,Fee Schedule,105 percent of Medicaid APG. otherwise 105% of Ordered NYS MCD FS or 105% of ASP+6%,870.81,,,,,,,Fee Schedule,135 percent of Medicaid APG. otherwise 135% of Ordered NYS MCD FS or 135% of ASP+6%,870.81,,,,,,,Fee Schedule,135 percent of Medicaid APG. otherwise 135% of Ordered NYS MCD FS or 135% of ASP+6%,422.59,,,,,,,Case Rate,"100% Medicare OPPS FS. ",2510.81,,,,,,,Other,. Paid once per unit per revenue code and lesser of 100% of billed charges.,422.59,,,,,,,Case Rate,"100% Medicare OPPS FS. ",677.3,,,,,,,Fee Schedule,105 percent of Medicaid APG. otherwise 105% of Ordered NYS MCD FS or 105% of ASP+6%,3917.56,,,,,,,Fee Schedule,"758.1 % 2013 Manhattan Medicare. ",422.59,,,,,,,Case Rate,"100% Medicare OPPS FS. ",3917.56,,,,,,,Fee Schedule,"758.1 % 2013 Manhattan Medicare. ",3917.56,,,,,,,Fee Schedule,"758.1 % 2013 Manhattan Medicare. ",3917.56,,,,,,,Fee Schedule,"758.1 % 2013 Manhattan Medicare. ",677.3,,,,,,,Fee Schedule,105 percent of Medicaid APG. otherwise 105% of Ordered NYS MCD FS or 105% of ASP+6%,422.59,,,,,,,Case Rate,"100% Medicare OPPS FS. ",3917.56,,,,,,,Fee Schedule,"758.1 % 2013 Manhattan Medicare. ",870.81,,,,,,,Fee Schedule,135 percent of Medicaid APG. otherwise 135% of Ordered NYS MCD FS or 135% of ASP+6%,3917.56,,,,,,,Fee Schedule,"758.1 % 2013 Manhattan Medicare. ",633.89,,,,,,,Case Rate,"150% of Medicare OPPS. ",422.59,,,,,,,Case Rate,"100%Medicare OPPS FS. ",554.3,,,,,,,Fee Schedule,"217 % Medicare RBRVS. ",554.3,,,,,,,Fee Schedule,"217 % Medicare RBRVS. ",554.3,,,,,,,Fee Schedule,"217 % Medicare RBRVS. ",554.3,,,,,,,Fee Schedule,"217 % Medicare RBRVS. ",554.3,,,,,,,Fee Schedule,"217 % Medicare RBRVS. ",651.37,,,,,,,Fee Schedule,"255 % Medicare RBRVS. ",651.37,,,,,,,Fee Schedule,"255 % Medicare RBRVS. ",554.3,,,,,,,Fee Schedule,"217 % Medicare RBRVS. ",554.3,,,,,,,Fee Schedule,"217 % Medicare RBRVS. ",554.3,,,,,,,Fee Schedule,"217 % Medicare RBRVS. ",554.3,,,,,,,Fee Schedule,"217 % Medicare RBRVS. ",554.3,,,,,,,Fee Schedule,"217 % Medicare RBRVS. ",422.59,,,,,,,Case Rate,"100% Medicare OPPS FS. ",651.37,,,,,,,Fee Schedule,"255 % Medicare RBRVS. ",422.59,,,,,,,Case Rate,"100% Medicare OPPS FS. ",1451.36,,,,,,,Case Rate,"225 Percent of Medicaid APG. If not included in Medicaid APG, then 100 Percent of Manhattan Medicare",645.05,,,,,,,Case Rate,"100 Percent of Medicaid APG. If not priced under APG, then Metroplus FeeSched",2510.81,,,,,,,Other,. Paid once per unit per revenue code and lesser of 100% of billed charges.,2510.81,,,,,,,Other,. Paid once per unit per revenue code and lesser of 100% of billed charges.,422.59,,,,,,,Case Rate,"100% Medicare OPPS FS. ",493,,,,,,,Fee Schedule,"193 % Medicare RBRVS. ",422.59,,,,,,,Case Rate,"100% Medicare OPPS FS. ",422.59,,,,,,,Case Rate,"100% Medicare OPPS FS. ",1279.75,,,,,,,Fee Schedule,"500.998277481992 % Medicare Physician FS TC Rates Only. ",422.59,,,,,,,Case Rate,"100% Medicare OPPS FS. ",890.72,,,,,,,Fee Schedule,"250 % 2018 Cigna RBRVS fee schedule. ",422.59,,,,,,,Case Rate,"100% Medicare OPPS FS. ",890.72,,,,,,,Fee Schedule,"250 % 2018 Cigna RBRVS fee schedule. ",1279.75,,,,,,,Fee Schedule,"500.998277481992 % Medicare Physician FS TC Rates Only. ",890.72,,,,,,,Fee Schedule,"250 % 2018 Cigna RBRVS fee schedule. ",422.59,,,,,,,Case Rate,"100% Medicare OPPS FS. ",645.05,,,,,,,Case Rate,"100 Percent of Medicaid APG. ",422.59,,,,,,,Case Rate,"100% Medicare OPPS FS. ",890.72,,,,,,,Fee Schedule,"250 % 2018 Cigna RBRVS fee schedule. ",2510.81,,,,,,,Other,. Paid once per unit per revenue code and lesser of 100% of billed charges.,645.05,,,,,,,Case Rate,"100 Percent of Medicaid APG. ",3917.56,,,,,,,Fee Schedule,"758.1 % 2013 Manhattan Medicare. ",774.06,,,,,,,Fee Schedule,"120 Percent of Medicaid APG. ",774.06,,,,,,,Fee Schedule,"120 Percent of Medicaid APG. ",3917.56,,,,,,,Fee Schedule,"758.1 % 2013 Manhattan Medicare. ",3917.56,,,,,,,Fee Schedule,"758.1 % 2013 Manhattan Medicare. ",3917.56,,,,,,,Fee Schedule,"758.1 % 2013 Manhattan Medicare. ",2510.81,,,,,,,Other,. Paid once per unit per revenue code and lesser of 100% of billed charges.,3917.56,,,,,,,Fee Schedule,"758.1 % 2013 Manhattan Medicare. ",3917.56,,,,,,,Fee Schedule,"758.1 % 2013 Manhattan Medicare. ",3917.56,,,,,,,Fee Schedule,"758.1 % 2013 Manhattan Medicare. ",554.3,,,,,,,Fee Schedule,"217 % Medicare RBRVS. ",554.3,,,,,,,Fee Schedule,"217 % Medicare RBRVS. ",836.73,,,,,,,Case Rate,198 Percent of Medicare OPPS. Metroplus will reimburse unlisted codes and described codes with no Medicare rate at 50 percent of charges.,645.05,,,,,,,Case Rate,"100 Percent of Medicaid APG. ",2510.81,,,,,,,Other,. Paid once per unit per revenue code and lesser of 100% of billed charges.,890.72,,,,,,,Fee Schedule,"250 % 2018 Cigna RBRVS fee schedule. ",1279.75,,,,,,,Fee Schedule,"500.998277481992 % Medicare Physician FS TC Rates Only. ",2510.81,,,,,,,Other,. Paid once per unit per revenue code and lesser of 100% of billed charges.,1279.75,,,,,,,Fee Schedule,"500.998277481992 % Medicare Physician FS TC Rates Only. ",2510.81,,,,,,,Other,. Paid once per unit per revenue code and lesser of 100% of billed charges.,3917.56,,,,,,,Fee Schedule,"758.1 % 2013 Manhattan Medicare. ",3917.56,,,,,,,Fee Schedule,"758.1 % 2013 Manhattan Medicare. ",3917.56,,,,,,,Fee Schedule,"758.1 % 2013 Manhattan Medicare. ",3917.56,,,,,,,Fee Schedule,"758.1 % 2013 Manhattan Medicare. ",422.59,,,,,,,Case Rate,"100% Medicare OPPS FS. ",226.37,9385.24,
74270,CPT,2021009,LOCAL,320,RC,HC X-RAY XM COLON 1CNTRST STD,793.33,150.7327,both,,,,88,,,,,,,Fee Schedule,"100 % 1199 Fee Schedule. ",88,,,,,,,Fee Schedule,"100 % 1199 Fee Schedule. ",580.91,,,,,,,Fee Schedule,"501.000431220354 % Medicare Physician FS TC Rates Only. ",793.33,100,,,,,0,percent of total billed charges,100 percent of billed charges. ; No services were performed during the 15 month look back period.,210.65,,,,,,,Case Rate,"100% Medicare OPPS FS. ",580.91,,,,,,,Fee Schedule,"501.000431220354 % Medicare Physician FS TC Rates Only. ",580.91,,,,,,,Fee Schedule,"501.000431220354 % Medicare Physician FS TC Rates Only. ",580.91,,,,,,,Fee Schedule,"501.000431220354 % Medicare Physician FS TC Rates Only. ",440.48,,,,,,,Case Rate,"100 Percent of Medicaid APG. ",367.07,,,,,,,Case Rate,"100 Percent of Medicaid APG. ",618.7974,78,,,,,0,percent of total billed charges,78% of Billed Charges. Lesser of 100% of billed charges applies.; No services were performed during the 15 month look back period.,225.93,,,,,,,Other,. Paid once per unit per revenue code and lesser of 100% of billed charges.,367.07,,,,,,,Case Rate,"100 Percent of Medicaid APG. ",210.65,,,,,,,Case Rate,"100% Medicare OPPS FS. ",346.6,,,,,,,Fee Schedule,"250 % 2018 Cigna RBRVS fee schedule. ",346.6,,,,,,,Fee Schedule,"250 % 2018 Cigna RBRVS fee schedule. ",346.6,,,,,,,Fee Schedule,"250 % 2018 Cigna RBRVS fee schedule. ",346.6,,,,,,,Fee Schedule,"250 % 2018 Cigna RBRVS fee schedule. ",107.45,,,,,,,Fee schedule,90 Percent of Medicare RBRVS. Covered services not payable under Medicaid Fee Schedules default to a payment of 50 percent of charges.,210.65,,,,,,,Case Rate,"100% Medicare OPPS FS. ",107.45,,,,,,,Fee schedule,90 Percent of Medicare RBRVS. Covered services not payable under Medicaid Fee Schedules default to a payment of 50 percent of charges.,618.7974,78,,,,,0,percent of total billed charges,78% of Billed Charges. Lesser of 100% of billed charges applies.; No services were performed during the 15 month look back period.,580.91,,,,,,,Fee Schedule,"501.000431220354 % Medicare Physician FS TC Rates Only. ",210.65,,,,,,,Case Rate,"100%Medicare OPPS FS. ",295.67,,,,,,,Fee Schedule,"255 % Medicare RBRVS. ",210.65,,,,,,,Case Rate,"100%Medicare OPPS FS. ",210.65,,,,,,,Case Rate,"100%Medicare OPPS FS. ",618.7974,78,,,,,0,percent of total billed charges,78% of Billed Charges. Lesser of 100% of billed charges applies.; No services were performed during the 15 month look back period.,95.04,,,,,,,Case Rate,100% of PAS. Lesser of 100% of billed charges applies.,95.04,,,,,,,Case Rate,100% of PAS. Lesser of 100% of billed charges applies.,107.45,,,,,,,Fee schedule,"90 Percent of Medicare RBRVS. ",107.45,,,,,,,Fee schedule,"90 Percent of Medicare RBRVS. ",295.67,,,,,,,Fee Schedule,"255 % Medicare RBRVS. ",295.67,,,,,,,Fee Schedule,"255 % Medicare RBRVS. ",367.07,,,,,,,Case Rate,"100 Percent of Medicaid APG. Not APG payable, or payable under another fee schedule like ASP/AWP pays at 30% of charges",295.67,,,,,,,Fee Schedule,"255 % Medicare RBRVS. ",367.07,,,,,,,Case Rate,"100 Percent of Medicaid APG. Not APG payable, or payable under another fee schedule like ASP/AWP pays at 30% of charges",210.65,,,,,,,Case Rate,"100%Medicare OPPS FS. ",295.67,,,,,,,Fee Schedule,"255 % Medicare RBRVS. ",618.7974,78,,,,,0,percent of total billed charges,78% of Billed Charges. Lesser of 100% of billed charges applies.; No services were performed during the 15 month look back period.,367.07,,,,,,,Case Rate,"100 Percent of Medicaid APG. If not priced under APG, then Metroplus FeeSched",367.07,,,,,,,Case Rate,"100 Percent of Medicaid APG. If not priced under APG, then Metroplus FeeSched",618.7974,78,,,,,0,percent of total billed charges,78% of Billed Charges. Lesser of 100% of billed charges applies.; No services were performed during the 15 month look back period.,346.6,,,,,,,Fee Schedule,"250 % 2018 Cigna RBRVS fee schedule. ",223,,,,,,,Other,. Paid once per unit per revenue code and lesser of 100% of billed charges.,223,,,,,,,Other,. Paid once per unit per revenue code and lesser of 100% of billed charges.,618.7974,78,,,,,0,percent of total billed charges,78% of Billed Charges. Lesser of 100% of billed charges applies.; No services were performed during the 15 month look back period.,210.65,,,,,,,Case Rate,"100% Medicare OPPS FS. ",225.93,,,,,,,Other,. Paid once per unit per revenue code and lesser of 100% of billed charges.,225.93,,,,,,,Other,. Paid once per unit per revenue code and lesser of 100% of billed charges.,225.93,,,,,,,Other,. Paid once per unit per revenue code and lesser of 100% of billed charges.,210.65,,,,,,,Case Rate,"100% Medicare OPPS FS. ",225.93,,,,,,,Other,. Paid once per unit per revenue code and lesser of 100% of billed charges.,225.93,,,,,,,Other,. Paid once per unit per revenue code and lesser of 100% of billed charges.,210.65,,,,,,,Case Rate,"100% of Medicare OPPS. ",396.665,50,,,,,0,percent of total billed charges,50 percent of billed charges; No services were performed during the 15 month look back period.,1082.26,,,,,,,Fee Schedule,"758.1 % 2013 Manhattan Medicare. ",1082.26,,,,,,,Fee Schedule,"758.1 % 2013 Manhattan Medicare. ",1082.26,,,,,,,Fee Schedule,"758.1 % 2013 Manhattan Medicare. ",1082.26,,,,,,,Fee Schedule,"758.1 % 2013 Manhattan Medicare. ",1082.26,,,,,,,Fee Schedule,"758.1 % 2013 Manhattan Medicare. ",1082.26,,,,,,,Fee Schedule,"758.1 % 2013 Manhattan Medicare. ",210.65,,,,,,,Case Rate,"100% Medicare OPPS FS. ",210.65,,,,,,,Case Rate,"100% Medicare OPPS FS. ",1082.26,,,,,,,Fee Schedule,"758.1 % 2013 Manhattan Medicare. ",618.7974,78,,,,,0,percent of total billed charges,78% of Billed Charges. Lesser of 100% of billed charges applies.; No services were performed during the 15 month look back period.,618.7974,78,,,,,0,percent of total billed charges,78% of Billed Charges. Lesser of 100% of billed charges applies.; No services were performed during the 15 month look back period.,618.7974,78,,,,,0,percent of total billed charges,78% of Billed Charges. Lesser of 100% of billed charges applies.; No services were performed during the 15 month look back period.,618.7974,78,,,,,0,percent of total billed charges,78% of Billed Charges. Lesser of 100% of billed charges applies.; No services were performed during the 15 month look back period.,618.7974,78,,,,,0,percent of total billed charges,78% of Billed Charges. Lesser of 100% of billed charges applies.; No services were performed during the 15 month look back period.,618.7974,78,,,,,0,percent of total billed charges,78% of Billed Charges. Lesser of 100% of billed charges applies.; No services were performed during the 15 month look back period.,618.7974,78,,,,,0,percent of total billed charges,78% of Billed Charges. Lesser of 100% of billed charges applies.; No services were performed during the 15 month look back period.,618.7974,78,,,,,0,percent of total billed charges,78% of Billed Charges. Lesser of 100% of billed charges applies.; No services were performed during the 15 month look back period.,618.7974,78,,,,,0,percent of total billed charges,78% of Billed Charges. Lesser of 100% of billed charges applies.; No services were performed during the 15 month look back period.,618.7974,78,,,,,0,percent of total billed charges,78% of Billed Charges. Lesser of 100% of billed charges applies.; No services were performed during the 15 month look back period.,618.7974,78,,,,,0,percent of total billed charges,78% of Billed Charges. Lesser of 100% of billed charges applies.; No services were performed during the 15 month look back period.,618.7974,78,,,,,0,percent of total billed charges,78% of Billed Charges. Lesser of 100% of billed charges applies.; No services were performed during the 15 month look back period.,618.7974,78,,,,,0,percent of total billed charges,78% of Billed Charges. Lesser of 100% of billed charges applies.; No services were performed during the 15 month look back period.,618.7974,78,,,,,0,percent of total billed charges,78% of Billed Charges. Lesser of 100% of billed charges applies.; No services were performed during the 15 month look back period.,618.7974,78,,,,,0,percent of total billed charges,78% of Billed Charges. Lesser of 100% of billed charges applies.; No services were performed during the 15 month look back period.,618.7974,78,,,,,0,percent of total billed charges,78% of Billed Charges. Lesser of 100% of billed charges applies.; No services were performed during the 15 month look back period.,618.7974,78,,,,,0,percent of total billed charges,78% of Billed Charges. Lesser of 100% of billed charges applies.; No services were performed during the 15 month look back period.,618.7974,78,,,,,0,percent of total billed charges,78% of Billed Charges. Lesser of 100% of billed charges applies.; No services were performed during the 15 month look back period.,618.7974,78,,,,,0,percent of total billed charges,78% of Billed Charges. Lesser of 100% of billed charges applies.; No services were performed during the 15 month look back period.,618.7974,78,,,,,0,percent of total billed charges,78% of Billed Charges. Lesser of 100% of billed charges applies.; No services were performed during the 15 month look back period.,618.7974,78,,,,,0,percent of total billed charges,78% of Billed Charges. Lesser of 100% of billed charges applies.; No services were performed during the 15 month look back period.,618.7974,78,,,,,0,percent of total billed charges,78% of Billed Charges. Lesser of 100% of billed charges applies.; No services were performed during the 15 month look back period.,618.7974,78,,,,,0,percent of total billed charges,78% of Billed Charges. Lesser of 100% of billed charges applies.; No services were performed during the 15 month look back period.,618.7974,78,,,,,0,percent of total billed charges,78% of Billed Charges. Lesser of 100% of billed charges applies.; No services were performed during the 15 month look back period.,618.7974,78,,,,,0,percent of total billed charges,78% of Billed Charges. Lesser of 100% of billed charges applies.; No services were performed during the 15 month look back period.,618.7974,78,,,,,0,percent of total billed charges,78% of Billed Charges. Lesser of 100% of billed charges applies.; No services were performed during the 15 month look back period.,295.67,,,,,,,Fee Schedule,"255 % Medicare RBRVS. ",295.67,,,,,,,Fee Schedule,"255 % Medicare RBRVS. ",295.67,,,,,,,Fee Schedule,"255 % Medicare RBRVS. ",295.67,,,,,,,Fee Schedule,"255 % Medicare RBRVS. ",223.78,,,,,,,Fee Schedule,"193 % Medicare RBRVS. ",223.78,,,,,,,Fee Schedule,"193 % Medicare RBRVS. ",346.6,,,,,,,Fee Schedule,"250 % 2018 Cigna RBRVS fee schedule. ",1082.26,,,,,,,Fee Schedule,"758.1 % 2013 Manhattan Medicare. ",225.93,,,,,,,Other,. Paid once per unit per revenue code and lesser of 100% of billed charges.,1082.26,,,,,,,Fee Schedule,"758.1 % 2013 Manhattan Medicare. ",618.7974,78,,,,,0,percent of total billed charges,78% of Billed Charges. Lesser of 100% of billed charges applies.; No services were performed during the 15 month look back period.,223.78,,,,,,,Fee Schedule,"193 % Medicare RBRVS. ",1082.26,,,,,,,Fee Schedule,"758.1 % 2013 Manhattan Medicare. ",225.93,,,,,,,Other,. Paid once per unit per revenue code and lesser of 100% of billed charges.,346.6,,,,,,,Fee Schedule,"250 % 2018 Cigna RBRVS fee schedule. ",,,,,,,,,"NA. ",618.7974,78,,,,,0,percent of total billed charges,78% of Billed Charges. Lesser of 100% of billed charges applies.; No services were performed during the 15 month look back period.,367.07,,,,,,,Case Rate,"100 Percent of Medicaid APG. ",295.67,,,,,,,Fee Schedule,"255 % Medicare RBRVS. ",367.07,,,,,,,Case Rate,"100 Percent of Medicaid APG. Not APG payable, or payable under another fee schedule like ASP/AWP pays at 30% of charges",210.65,,,,,,,Case Rate,"100%Medicare OPPS FS. ",210.65,,,,,,,Case Rate,"100% Medicare OPPS FS. ",396.665,50,,,,,0,percent of total billed charges,50 percent of billed charges; No services were performed during the 15 month look back period.,210.65,,,,,,,Case Rate,"100% Medicare OPPS FS. ",210.65,,,,,,,Case Rate,"100% Medicare OPPS FS. ",367.07,,,,,,,Case Rate,"100 Percent of Medicaid APG. ",210.65,,,,,,,Case Rate,"100% Medicare OPPS FS. ",210.65,,,,,,,Case Rate,"100% Medicare OPPS FS. ",580.91,,,,,,,Fee Schedule,"501.000431220354 % Medicare Physician FS TC Rates Only. ",580.91,,,,,,,Fee Schedule,"501.000431220354 % Medicare Physician FS TC Rates Only. ",210.65,,,,,,,Case Rate,"100% Medicare OPPS FS. ",346.6,,,,,,,Fee Schedule,"250 % 2018 Cigna RBRVS fee schedule. ",225.93,,,,,,,Other,. Paid once per unit per revenue code and lesser of 100% of billed charges.,225.93,,,,,,,Other,. Paid once per unit per revenue code and lesser of 100% of billed charges.,210.65,,,,,,,Case Rate,"100% Medicare OPPS FS. ",346.6,,,,,,,Fee Schedule,"250 % 2018 Cigna RBRVS fee schedule. ",580.91,,,,,,,Fee Schedule,"501.000431220354 % Medicare Physician FS TC Rates Only. ",580.91,,,,,,,Fee Schedule,"501.000431220354 % Medicare Physician FS TC Rates Only. ",580.91,,,,,,,Fee Schedule,"501.000431220354 % Medicare Physician FS TC Rates Only. ",618.7974,78,,,,,0,percent of total billed charges,78% of Billed Charges. Lesser of 100% of billed charges applies.; No services were performed during the 15 month look back period.,618.7974,78,,,,,0,percent of total billed charges,78% of Billed Charges. Lesser of 100% of billed charges applies.; No services were performed during the 15 month look back period.,618.7974,78,,,,,0,percent of total billed charges,78% of Billed Charges. Lesser of 100% of billed charges applies.; No services were performed during the 15 month look back period.,618.7974,78,,,,,0,percent of total billed charges,78% of Billed Charges. Lesser of 100% of billed charges applies.; No services were performed during the 15 month look back period.,618.7974,78,,,,,0,percent of total billed charges,78% of Billed Charges. Lesser of 100% of billed charges applies.; No services were performed during the 15 month look back period.,618.7974,78,,,,,0,percent of total billed charges,78% of Billed Charges. Lesser of 100% of billed charges applies.; No services were performed during the 15 month look back period.,618.7974,78,,,,,0,percent of total billed charges,78% of Billed Charges. Lesser of 100% of billed charges applies.; No services were performed during the 15 month look back period.,618.7974,78,,,,,0,percent of total billed charges,78% of Billed Charges. Lesser of 100% of billed charges applies.; No services were performed during the 15 month look back period.,618.7974,78,,,,,0,percent of total billed charges,78% of Billed Charges. Lesser of 100% of billed charges applies.; No services were performed during the 15 month look back period.,618.7974,78,,,,,0,percent of total billed charges,78% of Billed Charges. Lesser of 100% of billed charges applies.; No services were performed during the 15 month look back period.,618.7974,78,,,,,0,percent of total billed charges,78% of Billed Charges. Lesser of 100% of billed charges applies.; No services were performed during the 15 month look back period.,223.78,,,,,,,Fee Schedule,"193 % Medicare RBRVS. ",1082.26,,,,,,,Fee Schedule,"758.1 % 2013 Manhattan Medicare. ",346.6,,,,,,,Fee Schedule,"250 % 2018 Cigna RBRVS fee schedule. ",210.65,,,,,,,Case Rate,"100% Medicare OPPS FS. ",580.91,,,,,,,Fee Schedule,"501.000431220354 % Medicare Physician FS TC Rates Only. ",346.6,,,,,,,Fee Schedule,"250 % 2018 Cigna RBRVS fee schedule. ",346.6,,,,,,,Fee Schedule,"250 % 2018 Cigna RBRVS fee schedule. ",618.7974,78,,,,,0,percent of total billed charges,78% of Billed Charges. Lesser of 100% of billed charges applies.; No services were performed during the 15 month look back period.,785.52,,,,,,,Case Rate,"141 Percent of current Medicare RBRVS FeeSched. ",346.6,,,,,,,Fee Schedule,"250 % 2018 Cigna RBRVS fee schedule. ",367.07,,,,,,,Case Rate,"100 Percent of Medicaid APG. ",210.65,,,,,,,Case Rate,"100% Medicare OPPS FS. ",210.65,,,,,,,Case Rate,"100% Medicare OPPS FS. ",210.65,,,,,,,Case Rate,"100% Medicare OPPS FS. ",210.65,,,,,,,Case Rate,"100% Medicare OPPS FS. ",210.65,,,,,,,Case Rate,"100% Medicare OPPS FS. ",210.65,,,,,,,Case Rate,"100% Medicare OPPS FS. ",346.6,,,,,,,Fee Schedule,"250 % 2018 Cigna RBRVS fee schedule. ",396.665,50,,,,,0,percent of total billed charges,50 percent of billed charges; No services were performed during the 15 month look back period.,191.02,,,,,,,Fee Schedule,"160 Percent of Medicare RBRVS. ",191.02,,,,,,,Fee Schedule,"160 Percent of Medicare RBRVS. ",191.02,,,,,,,Fee Schedule,"160 Percent of Medicare RBRVS. ",191.02,,,,,,,Fee Schedule,"160 Percent of Medicare RBRVS. ",191.02,,,,,,,Fee Schedule,"160 Percent of Medicare RBRVS. ",,,,,,,,,"NA. ",396.665,50,,,,,0,percent of total billed charges,50 percent of billed charges; No services were performed during the 15 month look back period.,417.09,,,,,,,Case Rate,198 Percent of Medicare OPPS. Metroplus will reimburse unlisted codes and described codes with no Medicare rate at 50 percent of charges.,417.09,,,,,,,Case Rate,198 Percent of Medicare OPPS. Metroplus will reimburse unlisted codes and described codes with no Medicare rate at 50 percent of charges.,417.09,,,,,,,Case Rate,198 Percent of Medicare OPPS. Metroplus will reimburse unlisted codes and described codes with no Medicare rate at 50 percent of charges.,417.09,,,,,,,Case Rate,198 Percent of Medicare OPPS. Metroplus will reimburse unlisted codes and described codes with no Medicare rate at 50 percent of charges.,417.09,,,,,,,Case Rate,198 Percent of Medicare OPPS. Metroplus will reimburse unlisted codes and described codes with no Medicare rate at 50 percent of charges.,210.65,,,,,,,Case Rate,"100% Medicare OPPS FS. ",223.78,,,,,,,Fee Schedule,"193 % Medicare RBRVS. ",223.78,,,,,,,Fee Schedule,"193 % Medicare RBRVS. ",223.78,,,,,,,Fee Schedule,"193 % Medicare RBRVS. ",223.78,,,,,,,Fee Schedule,"193 % Medicare RBRVS. ",580.91,,,,,,,Fee Schedule,"501.000431220354 % Medicare Physician FS TC Rates Only. ",580.91,,,,,,,Fee Schedule,"501.000431220354 % Medicare Physician FS TC Rates Only. ",580.91,,,,,,,Fee Schedule,"501.000431220354 % Medicare Physician FS TC Rates Only. ",580.91,,,,,,,Fee Schedule,"501.000431220354 % Medicare Physician FS TC Rates Only. ",396.665,50,,,,,0,percent of total billed charges,50 percent of billed charges; No services were performed during the 15 month look back period.,396.665,50,,,,,0,percent of total billed charges,50 percent of billed charges; No services were performed during the 15 month look back period.,210.65,,,,,,,Case Rate,"100% Medicare OPPS FS. ",210.65,,,,,,,Case Rate,"100% Medicare OPPS FS. ",210.65,,,,,,,Case Rate,"100% Medicare OPPS FS. ",1082.26,,,,,,,Fee Schedule,"758.1 % 2013 Manhattan Medicare. ",1082.26,,,,,,,Fee Schedule,"758.1 % 2013 Manhattan Medicare. ",1082.26,,,,,,,Fee Schedule,"758.1 % 2013 Manhattan Medicare. ",396.665,50,,,,,0,percent of total billed charges,50 percent of billed charges; No services were performed during the 15 month look back period.,580.91,,,,,,,Fee Schedule,"501.000431220354 % Medicare Physician FS TC Rates Only. ",210.65,,,,,,,Case Rate,"100% Medicare OPPS FS. ",1082.26,,,,,,,Fee Schedule,"758.1 % 2013 Manhattan Medicare. ",367.07,,,,,,,Case Rate,"100 Percent of Medicaid APG. ",214.86,,,,,,,Case Rate,"102% of Medicare OPPS. ",214.86,,,,,,,Case Rate,"102% of Medicare OPPS. ",214.86,,,,,,,Case Rate,"102% of Medicare OPPS. ",107.45,,,,,,,Fee schedule,"90 Percent of Medicare RBRVS. ",825.9,,,,,,,Case Rate,225% of NYS APG. Lesser of 100% of billed charges applies.,825.9,,,,,,,Case Rate,225% of NYS APG. Lesser of 100% of billed charges applies.,825.9,,,,,,,Case Rate,225% of NYS APG. Lesser of 100% of billed charges applies.,825.9,,,,,,,Case Rate,225% of NYS APG. Lesser of 100% of billed charges applies.,825.9,,,,,,,Case Rate,225% of NYS APG. Lesser of 100% of billed charges applies.,214.86,,,,,,,Case Rate,"102% of Medicare OPPS. ",367.07,,,,,,,Case Rate,"100 Percent of Medicaid APG. ",95.04,,,,,,,Case Rate,100% of PAS. Lesser of 100% of billed charges applies.,825.9,,,,,,,Case Rate,225% of NYS APG. Lesser of 100% of billed charges applies.,825.9,,,,,,,Case Rate,225% of NYS APG. Lesser of 100% of billed charges applies.,95.04,,,,,,,Case Rate,100% of PAS. Lesser of 100% of billed charges applies.,95.04,,,,,,,Case Rate,100% of PAS. Lesser of 100% of billed charges applies.,191.02,,,,,,,Fee Schedule,"160 Percent of Medicare RBRVS. ",210.65,,,,,,,Case Rate,"100% Medicare OPPS FS. ",210.65,,,,,,,Case Rate,"100% Medicare OPPS FS. ",580.91,,,,,,,Fee Schedule,"501.000431220354 % Medicare Physician FS TC Rates Only. ",210.65,,,,,,,Case Rate,"100% Medicare OPPS FS. ",825.9,,,,,,,Fee Schedule,"225 Percent of Medicaid APG. ",825.9,,,,,,,Fee Schedule,"225 Percent of Medicaid APG. ",107.45,,,,,,,Fee schedule,"90 Percent of Medicare RBRVS. ",107.45,,,,,,,Fee schedule,"90 Percent of Medicare RBRVS. ",825.9,,,,,,,Case Rate,225 Percent of Medicaid APG. Covered services not payable under Medicaid Fee Schedules default to a payment of 87.5 percent of charges.,107.45,,,,,,,Fee schedule,90 Percent of Medicare RBRVS. Covered services not payable under Medicaid Fee Schedules default to a payment of 50 percent of charges.,825.9,,,,,,,Case Rate,"100 Percent of Medicaid APG. ",825.9,,,,,,,Case Rate,"100 Percent of Medicaid APG. ",825.9,,,,,,,Case Rate,"100 Percent of Medicaid APG. ",825.9,,,,,,,Case Rate,"100 Percent of Medicaid APG. ",1227.18,,,,,,,Fee Schedule,"1019 % Manhattan Facility Rate. ",396.665,50,,,,,0,percent of total billed charges,50 percent of billed charges; No services were performed during the 15 month look back period.,440.48,,,,,,,Case Rate,"120 Percent of Medicaid APG. Not APG payable, or payable under another fee schedule like ASP/AWP pays at 30% of charges",440.48,,,,,,,Case Rate,"120 Percent of Medicaid APG. Not APG payable, or payable under another fee schedule like ASP/AWP pays at 30% of charges",367.07,,,,,,,Case Rate,"100 Percent of Medicaid APG. Not APG payable, or payable under another fee schedule like ASP/AWP pays at 30% of charges",367.07,,,,,,,Case Rate,"100 Percent of Medicaid APG. Not APG payable, or payable under another fee schedule like ASP/AWP pays at 30% of charges",1082.26,,,,,,,Fee Schedule,"758.1 % 2013 Manhattan Medicare. ",1082.26,,,,,,,Fee Schedule,"758.1 % 2013 Manhattan Medicare. ",210.65,,,,,,,Case Rate,"100% Medicare OPPS FS. ",1082.26,,,,,,,Fee Schedule,"758.1 % 2013 Manhattan Medicare. ",1082.26,,,,,,,Fee Schedule,"758.1 % 2013 Manhattan Medicare. ",1082.26,,,,,,,Fee Schedule,"758.1 % 2013 Manhattan Medicare. ",1082.26,,,,,,,Fee Schedule,"758.1 % 2013 Manhattan Medicare. ",210.65,,,,,,,Case Rate,"100% Medicare OPPS FS. ",1082.26,,,,,,,Fee Schedule,"758.1 % 2013 Manhattan Medicare. ",1082.26,,,,,,,Fee Schedule,"758.1 % 2013 Manhattan Medicare. ",580.91,,,,,,,Fee Schedule,"501.000431220354 % Medicare Physician FS TC Rates Only. ",403.77,,,,,,,Fee Schedule,110% of APG. Lesser of 100% of billed charges applies.,107.45,,,,,,,Fee schedule,90 Percent of Medicare RBRVS. Covered services not payable under Medicaid Fee Schedules default to a payment of 50 percent of charges.,825.9,,,,,,,Case Rate,225% of NYS APG. Lesser of 100% of billed charges applies.,825.9,,,,,,,Case Rate,225 Percent of Medicaid APG. Covered services not payable under Medicaid Fee Schedules default to a payment of 87.5 percent of charges.,107.45,,,,,,,Fee schedule,90 Percent of Medicare RBRVS. Covered services not payable under Medicaid Fee Schedules default to a payment of 50 percent of charges.,825.9,,,,,,,Case Rate,225% of NYS APG. Lesser of 100% of billed charges applies.,825.9,,,,,,,Case Rate,225% of NYS APG. Lesser of 100% of billed charges applies.,825.9,,,,,,,Case Rate,225% of NYS APG. Lesser of 100% of billed charges applies.,825.9,,,,,,,Case Rate,225% of NYS APG. Lesser of 100% of billed charges applies.,825.9,,,,,,,Case Rate,225% of NYS APG. Lesser of 100% of billed charges applies.,825.9,,,,,,,Case Rate,225% of NYS APG. Lesser of 100% of billed charges applies.,,,,,,,,,"NA. ",,,,,,,,,"NA. ",,,,,,,,,"NA. ",346.6,,,,,,,Fee Schedule,"250 % 2018 Cigna RBRVS fee schedule. ",,,,,,,,,"NA. ",210.65,,,,,,,Case Rate,"100% Medicare OPPS FS. ",88,,,,,,,Fee Schedule,"100 % 1199 Fee Schedule. ",210.65,,,,,,,Case Rate,"100% Medicare OPPS FS. ",210.65,,,,,,,Case Rate,"100% Medicare OPPS FS. ",440.48,,,,,,,Case Rate,"120 Percent of Medicaid APG. Not APG payable, or payable under another fee schedule like ASP/AWP pays at 30% of charges",440.48,,,,,,,Case Rate,"120 Percent of Medicaid APG. Not APG payable, or payable under another fee schedule like ASP/AWP pays at 30% of charges",367.07,,,,,,,Case Rate,"100 Percent of Medicaid APG. Not APG payable, or payable under another fee schedule like ASP/AWP pays at 30% of charges",367.07,,,,,,,Case Rate,"100 Percent of Medicaid APG. Not APG payable, or payable under another fee schedule like ASP/AWP pays at 30% of charges",367.07,,,,,,,Case Rate,"100 Percent of Medicaid APG. ",251.61,,,,,,,Fee Schedule,"217 % Medicare RBRVS. ",580.91,,,,,,,Fee Schedule,"501.000431220354 % Medicare Physician FS TC Rates Only. ",295.67,,,,,,,Fee Schedule,"255 % Medicare RBRVS. ",346.6,,,,,,,Fee Schedule,"250 % 2018 Cigna RBRVS fee schedule. ",210.65,,,,,,,Case Rate,"100%Medicare OPPS FS. ",210.65,,,,,,,Case Rate,"100% Medicare OPPS FS. ",210.65,,,,,,,Case Rate,"100% Medicare OPPS FS. ",210.65,,,,,,,Case Rate,"100% Medicare OPPS FS. ",210.65,,,,,,,Case Rate,"100%Medicare OPPS FS. ",210.65,,,,,,,Case Rate,"100% Medicare OPPS FS. ",,,,,,,,,"NA. ",825.9,,,,,,,Case Rate,225% of NYS APG. Lesser of 100% of billed charges applies.,95.04,,,,,,,Case Rate,100% of PAS. Lesser of 100% of billed charges applies.,1082.26,,,,,,,Fee Schedule,"758.1 % 2013 Manhattan Medicare. ",251.61,,,,,,,Fee Schedule,"217 % Medicare RBRVS. ",251.61,,,,,,,Fee Schedule,"217 % Medicare RBRVS. ",251.61,,,,,,,Fee Schedule,"217 % Medicare RBRVS. ",251.61,,,,,,,Fee Schedule,"217 % Medicare RBRVS. ",210.65,,,,,,,Case Rate,"100% Medicare OPPS FS. ",367.07,,,,,,,Case Rate,"100 Percent of Medicaid APG. ",1082.26,,,,,,,Fee Schedule,"758.1 % 2013 Manhattan Medicare. ",367.07,,,,,,,Case Rate,"100 Percent of Medicaid APG. ",210.65,,,,,,,Case Rate,"100% Medicare OPPS FS. ",367.07,,,,,,,Case Rate,"100 Percent of Medicaid APG. ",210.65,,,,,,,Case Rate,"100% Medicare OPPS FS. ",210.65,,,,,,,Case Rate,"100% Medicare OPPS FS. ",367.07,,,,,,,Case Rate,"100 Percent of Medicaid APG. ",367.07,,,,,,,Case Rate,"100 Percent of Medicaid APG. ",251.61,,,,,,,Fee Schedule,"217 % Medicare RBRVS. ",346.6,,,,,,,Fee Schedule,"250 % 2018 Cigna RBRVS fee schedule. ",618.7974,78,,,,,0,percent of total billed charges,78% of Billed Charges. Lesser of 100% of billed charges applies.; No services were performed during the 15 month look back period.,225.93,,,,,,,Other,. Paid once per unit per revenue code and lesser of 100% of billed charges.,225.93,,,,,,,Other,. Paid once per unit per revenue code and lesser of 100% of billed charges.,580.91,,,,,,,Fee Schedule,"501.000431220354 % Medicare Physician FS TC Rates Only. ",206.44,,,,,,,Case Rate,"98% of RBRVS. ",223.78,,,,,,,Fee Schedule,"193 % Medicare RBRVS. ",223.78,,,,,,,Fee Schedule,"193 % Medicare RBRVS. ",865.84,,,,,,,Fee Schedule,"606.5 % 2013 Manhattan Medicare. ",865.84,,,,,,,Fee Schedule,"606.5 % 2013 Manhattan Medicare. ",210.65,,,,,,,Case Rate,"100% Medicare OPPS FS. ",210.65,,,,,,,Case Rate,"100% Medicare OPPS FS. ",210.65,,,,,,,Case Rate,"100% Medicare OPPS FS. ",210.65,,,,,,,Case Rate,"100% Medicare OPPS FS. ",225.93,,,,,,,Other,. Paid once per unit per revenue code and lesser of 100% of billed charges.,1082.26,,,,,,,Fee Schedule,"758.1 % 2013 Manhattan Medicare. ",1082.26,,,,,,,Fee Schedule,"758.1 % 2013 Manhattan Medicare. ",210.65,,,,,,,Case Rate,"100% Medicare OPPS FS. ",865.84,,,,,,,Fee Schedule,"606.5 % 2013 Manhattan Medicare. ",295.67,,,,,,,Fee Schedule,"255 % Medicare RBRVS. ",440.48,,,,,,,Fee Schedule,"120 Percent of Medicaid APG. ",367.07,,,,,,,Case Rate,"100 Percent of Medicaid APG. ",251.61,,,,,,,Fee Schedule,"217 % Medicare RBRVS. ",974.05,,,,,,,Fee Schedule,"682.3 % 2013 Manhattan Medicare. ",974.05,,,,,,,Fee Schedule,"682.3 % 2013 Manhattan Medicare. ",1082.26,,,,,,,Fee Schedule,"758.1 % 2013 Manhattan Medicare. ",396.665,50,,,,,0,percent of total billed charges,50 percent of billed charges; No services were performed during the 15 month look back period.,210.65,,,,,,,Case Rate,"100%Medicare OPPS FS. ",385.42,,,,,,,Fee Schedule,105 percent of Medicaid APG. otherwise 105% of Ordered NYS MCD FS or 105% of ASP+6%,385.42,,,,,,,Fee Schedule,105 percent of Medicaid APG. otherwise 105% of Ordered NYS MCD FS or 105% of ASP+6%,385.42,,,,,,,Fee Schedule,105 percent of Medicaid APG. otherwise 105% of Ordered NYS MCD FS or 105% of ASP+6%,495.54,,,,,,,Fee Schedule,135 percent of Medicaid APG. otherwise 135% of Ordered NYS MCD FS or 135% of ASP+6%,225.93,,,,,,,Other,. Paid once per unit per revenue code and lesser of 100% of billed charges.,385.42,,,,,,,Fee Schedule,105 percent of Medicaid APG. otherwise 105% of Ordered NYS MCD FS or 105% of ASP+6%,385.42,,,,,,,Fee Schedule,105 percent of Medicaid APG. otherwise 105% of Ordered NYS MCD FS or 105% of ASP+6%,385.42,,,,,,,Fee Schedule,105 percent of Medicaid APG. otherwise 105% of Ordered NYS MCD FS or 105% of ASP+6%,385.42,,,,,,,Fee Schedule,105 percent of Medicaid APG. otherwise 105% of Ordered NYS MCD FS or 105% of ASP+6%,385.42,,,,,,,Fee Schedule,105 percent of Medicaid APG. otherwise 105% of Ordered NYS MCD FS or 105% of ASP+6%,495.54,,,,,,,Fee Schedule,135 percent of Medicaid APG. otherwise 135% of Ordered NYS MCD FS or 135% of ASP+6%,495.54,,,,,,,Fee Schedule,135 percent of Medicaid APG. otherwise 135% of Ordered NYS MCD FS or 135% of ASP+6%,210.65,,,,,,,Case Rate,"100% Medicare OPPS FS. ",225.93,,,,,,,Other,. Paid once per unit per revenue code and lesser of 100% of billed charges.,210.65,,,,,,,Case Rate,"100% Medicare OPPS FS. ",385.42,,,,,,,Fee Schedule,105 percent of Medicaid APG. otherwise 105% of Ordered NYS MCD FS or 105% of ASP+6%,1082.26,,,,,,,Fee Schedule,"758.1 % 2013 Manhattan Medicare. ",210.65,,,,,,,Case Rate,"100% Medicare OPPS FS. ",1082.26,,,,,,,Fee Schedule,"758.1 % 2013 Manhattan Medicare. ",1082.26,,,,,,,Fee Schedule,"758.1 % 2013 Manhattan Medicare. ",1082.26,,,,,,,Fee Schedule,"758.1 % 2013 Manhattan Medicare. ",385.42,,,,,,,Fee Schedule,105 percent of Medicaid APG. otherwise 105% of Ordered NYS MCD FS or 105% of ASP+6%,210.65,,,,,,,Case Rate,"100% Medicare OPPS FS. ",1082.26,,,,,,,Fee Schedule,"758.1 % 2013 Manhattan Medicare. ",495.54,,,,,,,Fee Schedule,135 percent of Medicaid APG. otherwise 135% of Ordered NYS MCD FS or 135% of ASP+6%,1082.26,,,,,,,Fee Schedule,"758.1 % 2013 Manhattan Medicare. ",315.98,,,,,,,Case Rate,"150% of Medicare OPPS. ",210.65,,,,,,,Case Rate,"100%Medicare OPPS FS. ",251.61,,,,,,,Fee Schedule,"217 % Medicare RBRVS. ",251.61,,,,,,,Fee Schedule,"217 % Medicare RBRVS. ",251.61,,,,,,,Fee Schedule,"217 % Medicare RBRVS. ",251.61,,,,,,,Fee Schedule,"217 % Medicare RBRVS. ",251.61,,,,,,,Fee Schedule,"217 % Medicare RBRVS. ",295.67,,,,,,,Fee Schedule,"255 % Medicare RBRVS. ",295.67,,,,,,,Fee Schedule,"255 % Medicare RBRVS. ",251.61,,,,,,,Fee Schedule,"217 % Medicare RBRVS. ",251.61,,,,,,,Fee Schedule,"217 % Medicare RBRVS. ",251.61,,,,,,,Fee Schedule,"217 % Medicare RBRVS. ",251.61,,,,,,,Fee Schedule,"217 % Medicare RBRVS. ",251.61,,,,,,,Fee Schedule,"217 % Medicare RBRVS. ",210.65,,,,,,,Case Rate,"100% Medicare OPPS FS. ",295.67,,,,,,,Fee Schedule,"255 % Medicare RBRVS. ",210.65,,,,,,,Case Rate,"100% Medicare OPPS FS. ",825.9,,,,,,,Case Rate,"225 Percent of Medicaid APG. If not included in Medicaid APG, then 100 Percent of Manhattan Medicare",367.07,,,,,,,Case Rate,"100 Percent of Medicaid APG. If not priced under APG, then Metroplus FeeSched",225.93,,,,,,,Other,. Paid once per unit per revenue code and lesser of 100% of billed charges.,225.93,,,,,,,Other,. Paid once per unit per revenue code and lesser of 100% of billed charges.,210.65,,,,,,,Case Rate,"100% Medicare OPPS FS. ",223.78,,,,,,,Fee Schedule,"193 % Medicare RBRVS. ",210.65,,,,,,,Case Rate,"100% Medicare OPPS FS. ",210.65,,,,,,,Case Rate,"100% Medicare OPPS FS. ",580.91,,,,,,,Fee Schedule,"501.000431220354 % Medicare Physician FS TC Rates Only. ",210.65,,,,,,,Case Rate,"100% Medicare OPPS FS. ",346.6,,,,,,,Fee Schedule,"250 % 2018 Cigna RBRVS fee schedule. ",210.65,,,,,,,Case Rate,"100% Medicare OPPS FS. ",346.6,,,,,,,Fee Schedule,"250 % 2018 Cigna RBRVS fee schedule. ",580.91,,,,,,,Fee Schedule,"501.000431220354 % Medicare Physician FS TC Rates Only. ",346.6,,,,,,,Fee Schedule,"250 % 2018 Cigna RBRVS fee schedule. ",210.65,,,,,,,Case Rate,"100% Medicare OPPS FS. ",367.07,,,,,,,Case Rate,"100 Percent of Medicaid APG. ",210.65,,,,,,,Case Rate,"100% Medicare OPPS FS. ",346.6,,,,,,,Fee Schedule,"250 % 2018 Cigna RBRVS fee schedule. ",225.93,,,,,,,Other,. Paid once per unit per revenue code and lesser of 100% of billed charges.,367.07,,,,,,,Case Rate,"100 Percent of Medicaid APG. ",1082.26,,,,,,,Fee Schedule,"758.1 % 2013 Manhattan Medicare. ",440.48,,,,,,,Fee Schedule,"120 Percent of Medicaid APG. ",440.48,,,,,,,Fee Schedule,"120 Percent of Medicaid APG. ",1082.26,,,,,,,Fee Schedule,"758.1 % 2013 Manhattan Medicare. ",1082.26,,,,,,,Fee Schedule,"758.1 % 2013 Manhattan Medicare. ",1082.26,,,,,,,Fee Schedule,"758.1 % 2013 Manhattan Medicare. ",225.93,,,,,,,Other,. Paid once per unit per revenue code and lesser of 100% of billed charges.,1082.26,,,,,,,Fee Schedule,"758.1 % 2013 Manhattan Medicare. ",1082.26,,,,,,,Fee Schedule,"758.1 % 2013 Manhattan Medicare. ",1082.26,,,,,,,Fee Schedule,"758.1 % 2013 Manhattan Medicare. ",251.61,,,,,,,Fee Schedule,"217 % Medicare RBRVS. ",251.61,,,,,,,Fee Schedule,"217 % Medicare RBRVS. ",417.09,,,,,,,Case Rate,198 Percent of Medicare OPPS. Metroplus will reimburse unlisted codes and described codes with no Medicare rate at 50 percent of charges.,367.07,,,,,,,Case Rate,"100 Percent of Medicaid APG. ",225.93,,,,,,,Other,. Paid once per unit per revenue code and lesser of 100% of billed charges.,346.6,,,,,,,Fee Schedule,"250 % 2018 Cigna RBRVS fee schedule. ",580.91,,,,,,,Fee Schedule,"501.000431220354 % Medicare Physician FS TC Rates Only. ",225.93,,,,,,,Other,. Paid once per unit per revenue code and lesser of 100% of billed charges.,580.91,,,,,,,Fee Schedule,"501.000431220354 % Medicare Physician FS TC Rates Only. ",225.93,,,,,,,Other,. Paid once per unit per revenue code and lesser of 100% of billed charges.,1082.26,,,,,,,Fee Schedule,"758.1 % 2013 Manhattan Medicare. ",1082.26,,,,,,,Fee Schedule,"758.1 % 2013 Manhattan Medicare. ",1082.26,,,,,,,Fee Schedule,"758.1 % 2013 Manhattan Medicare. ",1082.26,,,,,,,Fee Schedule,"758.1 % 2013 Manhattan Medicare. ",210.65,,,,,,,Case Rate,"100% Medicare OPPS FS. ",88,1227.18,
74301,CPT,2025330,LOCAL,320,RC,HC CHOLANGIOGRAM ADDTL INTRAOP,467.3,88.787,both,,,,30,,,,,,,Fee Schedule,"100 % 1199 Fee Schedule. ",30,,,,,,,Fee Schedule,"100 % 1199 Fee Schedule. ",165.88,,,,,,,Fee Schedule,"500.996677740864 % Medicare Physician FS TC Rates Only. ",467.3,100,,,,,0,percent of total billed charges,100 percent of billed charges. ; No services were performed during the 15 month look back period.,,,,,,,,Other,"Not Payable. ",165.88,,,,,,,Fee Schedule,"500.996677740864 % Medicare Physician FS TC Rates Only. ",165.88,,,,,,,Fee Schedule,"500.996677740864 % Medicare Physician FS TC Rates Only. ",165.88,,,,,,,Fee Schedule,"500.996677740864 % Medicare Physician FS TC Rates Only. ",581.61,,,,,,,Case Rate,"100 Percent of Medicaid APG. ",484.68,,,,,,,Case Rate,"100 Percent of Medicaid APG. ",364.494,78,,,,,0,percent of total billed charges,78% of Billed Charges. Lesser of 100% of billed charges applies.; No services were performed during the 15 month look back period.,225.93,,,,,,,Other,. Paid once per unit per revenue code and lesser of 100% of billed charges.,484.68,,,,,,,Case Rate,"100 Percent of Medicaid APG. ",,,,,,,,Other,"Not Payable. ",280.38,60,,,,,0,percent of total billed charges,60 percent of billed charges; No services were performed during the 15 month look back period.,280.38,60,,,,,0,percent of total billed charges,60 percent of billed charges; No services were performed during the 15 month look back period.,280.38,60,,,,,0,percent of total billed charges,60 percent of billed charges; No services were performed during the 15 month look back period.,280.38,60,,,,,0,percent of total billed charges,60 percent of billed charges; No services were performed during the 15 month look back period.,4.673,1,,,,,0,percent of total billed charges,NA. Covered services not payable under Medicaid Fee Schedules default to a payment of 50 percent of charges.; No services were performed during the 15 month look back period.,,,,,,,,Other,"Not Payable. ",4.673,1,,,,,0,percent of total billed charges,NA. Covered services not payable under Medicaid Fee Schedules default to a payment of 50 percent of charges.; No services were performed during the 15 month look back period.,364.494,78,,,,,0,percent of total billed charges,78% of Billed Charges. Lesser of 100% of billed charges applies.; No services were performed during the 15 month look back period.,165.88,,,,,,,Fee Schedule,"500.996677740864 % Medicare Physician FS TC Rates Only. ",,,,,,,,Other,"Not Payable. ",84.43,,,,,,,Fee Schedule,"255 % Medicare RBRVS. ",,,,,,,,Other,"Not Payable. ",,,,,,,,Other,"Not Payable. ",364.494,78,,,,,0,percent of total billed charges,78% of Billed Charges. Lesser of 100% of billed charges applies.; No services were performed during the 15 month look back period.,29.59,,,,,,,Fee Schedule,"90 Percent of the Medicare technical component RBRVS. If no technical component exists, then 90 Percent of the Medicare RBRVS",29.59,,,,,,,Fee Schedule,"90 Percent of the Medicare technical component RBRVS. If no technical component exists, then 90 Percent of the Medicare RBRVS",29.59,,,,,,,Fee schedule,"90 Percent of Medicare RBRVS. ",29.59,,,,,,,Fee schedule,"90 Percent of Medicare RBRVS. ",84.43,,,,,,,Fee Schedule,"255 % Medicare RBRVS. ",84.43,,,,,,,Fee Schedule,"255 % Medicare RBRVS. ",484.68,,,,,,,Case Rate,"100 Percent of Medicaid APG. Not APG payable, or payable under another fee schedule like ASP/AWP pays at 30% of charges",84.43,,,,,,,Fee Schedule,"255 % Medicare RBRVS. ",484.68,,,,,,,Case Rate,"100 Percent of Medicaid APG. Not APG payable, or payable under another fee schedule like ASP/AWP pays at 30% of charges",,,,,,,,Other,"Not Payable. ",84.43,,,,,,,Fee Schedule,"255 % Medicare RBRVS. ",364.494,78,,,,,0,percent of total billed charges,78% of Billed Charges. Lesser of 100% of billed charges applies.; No services were performed during the 15 month look back period.,484.68,,,,,,,Case Rate,"100 Percent of Medicaid APG. If not priced under APG, then Metroplus FeeSched",484.68,,,,,,,Case Rate,"100 Percent of Medicaid APG. If not priced under APG, then Metroplus FeeSched",364.494,78,,,,,0,percent of total billed charges,78% of Billed Charges. Lesser of 100% of billed charges applies.; No services were performed during the 15 month look back period.,280.38,60,,,,,0,percent of total billed charges,60 percent of billed charges; No services were performed during the 15 month look back period.,223,,,,,,,Other,. Paid once per unit per revenue code and lesser of 100% of billed charges.,223,,,,,,,Other,. Paid once per unit per revenue code and lesser of 100% of billed charges.,364.494,78,,,,,0,percent of total billed charges,78% of Billed Charges. Lesser of 100% of billed charges applies.; No services were performed during the 15 month look back period.,,,,,,,,Other,"Not Payable. ",225.93,,,,,,,Other,. Paid once per unit per revenue code and lesser of 100% of billed charges.,225.93,,,,,,,Other,. Paid once per unit per revenue code and lesser of 100% of billed charges.,225.93,,,,,,,Other,. Paid once per unit per revenue code and lesser of 100% of billed charges.,,,,,,,,Other,"Not Payable. ",225.93,,,,,,,Other,. Paid once per unit per revenue code and lesser of 100% of billed charges.,225.93,,,,,,,Other,. Paid once per unit per revenue code and lesser of 100% of billed charges.,,,,,,,,Other,"Not Payable. ",233.65,50,,,,,0,percent of total billed charges,50 percent of billed charges; No services were performed during the 15 month look back period.,303.745,65,,,,,0,percent of total billed charges,65% of Billed Charges. Lesser of 100% of billed charges applies.; No services were performed during the 15 month look back period.,303.745,65,,,,,0,percent of total billed charges,65% of Billed Charges. Lesser of 100% of billed charges applies.; No services were performed during the 15 month look back period.,303.745,65,,,,,0,percent of total billed charges,65% of Billed Charges. Lesser of 100% of billed charges applies.; No services were performed during the 15 month look back period.,303.745,65,,,,,0,percent of total billed charges,65% of Billed Charges. Lesser of 100% of billed charges applies.; No services were performed during the 15 month look back period.,303.745,65,,,,,0,percent of total billed charges,65% of Billed Charges. Lesser of 100% of billed charges applies.; No services were performed during the 15 month look back period.,303.745,65,,,,,0,percent of total billed charges,65% of Billed Charges. Lesser of 100% of billed charges applies.; No services were performed during the 15 month look back period.,,,,,,,,Other,"Not Payable. ",,,,,,,,Other,"Not Payable. ",303.745,65,,,,,0,percent of total billed charges,65% of Billed Charges. Lesser of 100% of billed charges applies.; No services were performed during the 15 month look back period.,364.494,78,,,,,0,percent of total billed charges,78% of Billed Charges. Lesser of 100% of billed charges applies.; No services were performed during the 15 month look back period.,364.494,78,,,,,0,percent of total billed charges,78% of Billed Charges. Lesser of 100% of billed charges applies.; No services were performed during the 15 month look back period.,364.494,78,,,,,0,percent of total billed charges,78% of Billed Charges. Lesser of 100% of billed charges applies.; No services were performed during the 15 month look back period.,364.494,78,,,,,0,percent of total billed charges,78% of Billed Charges. Lesser of 100% of billed charges applies.; No services were performed during the 15 month look back period.,364.494,78,,,,,0,percent of total billed charges,78% of Billed Charges. Lesser of 100% of billed charges applies.; No services were performed during the 15 month look back period.,364.494,78,,,,,0,percent of total billed charges,78% of Billed Charges. Lesser of 100% of billed charges applies.; No services were performed during the 15 month look back period.,364.494,78,,,,,0,percent of total billed charges,78% of Billed Charges. Lesser of 100% of billed charges applies.; No services were performed during the 15 month look back period.,364.494,78,,,,,0,percent of total billed charges,78% of Billed Charges. Lesser of 100% of billed charges applies.; No services were performed during the 15 month look back period.,364.494,78,,,,,0,percent of total billed charges,78% of Billed Charges. Lesser of 100% of billed charges applies.; No services were performed during the 15 month look back period.,364.494,78,,,,,0,percent of total billed charges,78% of Billed Charges. Lesser of 100% of billed charges applies.; No services were performed during the 15 month look back period.,364.494,78,,,,,0,percent of total billed charges,78% of Billed Charges. Lesser of 100% of billed charges applies.; No services were performed during the 15 month look back period.,364.494,78,,,,,0,percent of total billed charges,78% of Billed Charges. Lesser of 100% of billed charges applies.; No services were performed during the 15 month look back period.,364.494,78,,,,,0,percent of total billed charges,78% of Billed Charges. Lesser of 100% of billed charges applies.; No services were performed during the 15 month look back period.,364.494,78,,,,,0,percent of total billed charges,78% of Billed Charges. Lesser of 100% of billed charges applies.; No services were performed during the 15 month look back period.,364.494,78,,,,,0,percent of total billed charges,78% of Billed Charges. Lesser of 100% of billed charges applies.; No services were performed during the 15 month look back period.,364.494,78,,,,,0,percent of total billed charges,78% of Billed Charges. Lesser of 100% of billed charges applies.; No services were performed during the 15 month look back period.,364.494,78,,,,,0,percent of total billed charges,78% of Billed Charges. Lesser of 100% of billed charges applies.; No services were performed during the 15 month look back period.,364.494,78,,,,,0,percent of total billed charges,78% of Billed Charges. Lesser of 100% of billed charges applies.; No services were performed during the 15 month look back period.,364.494,78,,,,,0,percent of total billed charges,78% of Billed Charges. Lesser of 100% of billed charges applies.; No services were performed during the 15 month look back period.,364.494,78,,,,,0,percent of total billed charges,78% of Billed Charges. Lesser of 100% of billed charges applies.; No services were performed during the 15 month look back period.,364.494,78,,,,,0,percent of total billed charges,78% of Billed Charges. Lesser of 100% of billed charges applies.; No services were performed during the 15 month look back period.,364.494,78,,,,,0,percent of total billed charges,78% of Billed Charges. Lesser of 100% of billed charges applies.; No services were performed during the 15 month look back period.,364.494,78,,,,,0,percent of total billed charges,78% of Billed Charges. Lesser of 100% of billed charges applies.; No services were performed during the 15 month look back period.,364.494,78,,,,,0,percent of total billed charges,78% of Billed Charges. Lesser of 100% of billed charges applies.; No services were performed during the 15 month look back period.,364.494,78,,,,,0,percent of total billed charges,78% of Billed Charges. Lesser of 100% of billed charges applies.; No services were performed during the 15 month look back period.,364.494,78,,,,,0,percent of total billed charges,78% of Billed Charges. Lesser of 100% of billed charges applies.; No services were performed during the 15 month look back period.,84.43,,,,,,,Fee Schedule,"255 % Medicare RBRVS. ",84.43,,,,,,,Fee Schedule,"255 % Medicare RBRVS. ",84.43,,,,,,,Fee Schedule,"255 % Medicare RBRVS. ",84.43,,,,,,,Fee Schedule,"255 % Medicare RBRVS. ",63.9,,,,,,,Fee Schedule,"193 % Medicare RBRVS. ",63.9,,,,,,,Fee Schedule,"193 % Medicare RBRVS. ",280.38,60,,,,,0,percent of total billed charges,60 percent of billed charges; No services were performed during the 15 month look back period.,303.745,65,,,,,0,percent of total billed charges,65% of Billed Charges. Lesser of 100% of billed charges applies.; No services were performed during the 15 month look back period.,225.93,,,,,,,Other,. Paid once per unit per revenue code and lesser of 100% of billed charges.,303.745,65,,,,,0,percent of total billed charges,65% of Billed Charges. Lesser of 100% of billed charges applies.; No services were performed during the 15 month look back period.,364.494,78,,,,,0,percent of total billed charges,78% of Billed Charges. Lesser of 100% of billed charges applies.; No services were performed during the 15 month look back period.,63.9,,,,,,,Fee Schedule,"193 % Medicare RBRVS. ",303.745,65,,,,,0,percent of total billed charges,65% of Billed Charges. Lesser of 100% of billed charges applies.; No services were performed during the 15 month look back period.,225.93,,,,,,,Other,. Paid once per unit per revenue code and lesser of 100% of billed charges.,280.38,60,,,,,0,percent of total billed charges,60 percent of billed charges; No services were performed during the 15 month look back period.,,,,,,,,,"NA. ",364.494,78,,,,,0,percent of total billed charges,78% of Billed Charges. Lesser of 100% of billed charges applies.; No services were performed during the 15 month look back period.,484.68,,,,,,,Case Rate,"100 Percent of Medicaid APG. ",84.43,,,,,,,Fee Schedule,"255 % Medicare RBRVS. ",484.68,,,,,,,Case Rate,"100 Percent of Medicaid APG. Not APG payable, or payable under another fee schedule like ASP/AWP pays at 30% of charges",,,,,,,,Other,"Not Payable. ",,,,,,,,Other,"Not Payable. ",233.65,50,,,,,0,percent of total billed charges,50 percent of billed charges; No services were performed during the 15 month look back period.,,,,,,,,Other,"Not Payable. ",,,,,,,,Other,"Not Payable. ",484.68,,,,,,,Case Rate,"100 Percent of Medicaid APG. ",,,,,,,,Other,"Not Payable. ",,,,,,,,Other,"Not Payable. ",165.88,,,,,,,Fee Schedule,"500.996677740864 % Medicare Physician FS TC Rates Only. ",165.88,,,,,,,Fee Schedule,"500.996677740864 % Medicare Physician FS TC Rates Only. ",,,,,,,,Other,"Not Payable. ",280.38,60,,,,,0,percent of total billed charges,60 percent of billed charges; No services were performed during the 15 month look back period.,225.93,,,,,,,Other,. Paid once per unit per revenue code and lesser of 100% of billed charges.,225.93,,,,,,,Other,. Paid once per unit per revenue code and lesser of 100% of billed charges.,,,,,,,,Other,"Not Payable. ",280.38,60,,,,,0,percent of total billed charges,60 percent of billed charges; No services were performed during the 15 month look back period.,165.88,,,,,,,Fee Schedule,"500.996677740864 % Medicare Physician FS TC Rates Only. ",165.88,,,,,,,Fee Schedule,"500.996677740864 % Medicare Physician FS TC Rates Only. ",165.88,,,,,,,Fee Schedule,"500.996677740864 % Medicare Physician FS TC Rates Only. ",364.494,78,,,,,0,percent of total billed charges,78% of Billed Charges. Lesser of 100% of billed charges applies.; No services were performed during the 15 month look back period.,364.494,78,,,,,0,percent of total billed charges,78% of Billed Charges. Lesser of 100% of billed charges applies.; No services were performed during the 15 month look back period.,364.494,78,,,,,0,percent of total billed charges,78% of Billed Charges. Lesser of 100% of billed charges applies.; No services were performed during the 15 month look back period.,364.494,78,,,,,0,percent of total billed charges,78% of Billed Charges. Lesser of 100% of billed charges applies.; No services were performed during the 15 month look back period.,364.494,78,,,,,0,percent of total billed charges,78% of Billed Charges. Lesser of 100% of billed charges applies.; No services were performed during the 15 month look back period.,364.494,78,,,,,0,percent of total billed charges,78% of Billed Charges. Lesser of 100% of billed charges applies.; No services were performed during the 15 month look back period.,364.494,78,,,,,0,percent of total billed charges,78% of Billed Charges. Lesser of 100% of billed charges applies.; No services were performed during the 15 month look back period.,364.494,78,,,,,0,percent of total billed charges,78% of Billed Charges. Lesser of 100% of billed charges applies.; No services were performed during the 15 month look back period.,364.494,78,,,,,0,percent of total billed charges,78% of Billed Charges. Lesser of 100% of billed charges applies.; No services were performed during the 15 month look back period.,364.494,78,,,,,0,percent of total billed charges,78% of Billed Charges. Lesser of 100% of billed charges applies.; No services were performed during the 15 month look back period.,364.494,78,,,,,0,percent of total billed charges,78% of Billed Charges. Lesser of 100% of billed charges applies.; No services were performed during the 15 month look back period.,63.9,,,,,,,Fee Schedule,"193 % Medicare RBRVS. ",303.745,65,,,,,0,percent of total billed charges,65% of Billed Charges. Lesser of 100% of billed charges applies.; No services were performed during the 15 month look back period.,280.38,60,,,,,0,percent of total billed charges,60 percent of billed charges; No services were performed during the 15 month look back period.,,,,,,,,Other,"Not Payable. ",165.88,,,,,,,Fee Schedule,"500.996677740864 % Medicare Physician FS TC Rates Only. ",280.38,60,,,,,0,percent of total billed charges,60 percent of billed charges; No services were performed during the 15 month look back period.,280.38,60,,,,,0,percent of total billed charges,60 percent of billed charges; No services were performed during the 15 month look back period.,364.494,78,,,,,0,percent of total billed charges,78% of Billed Charges. Lesser of 100% of billed charges applies.; No services were performed during the 15 month look back period.,1037.21,,,,,,,Case Rate,"141 Percent of current Medicare RBRVS FeeSched. ",280.38,60,,,,,0,percent of total billed charges,60 percent of billed charges; No services were performed during the 15 month look back period.,484.68,,,,,,,Case Rate,"100 Percent of Medicaid APG. ",,,,,,,,Other,"Not Payable. ",,,,,,,,Other,"Not Payable. ",,,,,,,,Other,"Not Payable. ",,,,,,,,Other,"Not Payable. ",,,,,,,,Other,"Not Payable. ",,,,,,,,Other,"Not Payable. ",280.38,60,,,,,0,percent of total billed charges,60 percent of billed charges; No services were performed during the 15 month look back period.,233.65,50,,,,,0,percent of total billed charges,50 percent of billed charges; No services were performed during the 15 month look back period.,4.673,1,,,,,0,percent of total billed charges,NA. ; No services were performed during the 15 month look back period.,4.673,1,,,,,0,percent of total billed charges,NA. ; No services were performed during the 15 month look back period.,4.673,1,,,,,0,percent of total billed charges,NA. ; No services were performed during the 15 month look back period.,4.673,1,,,,,0,percent of total billed charges,NA. ; No services were performed during the 15 month look back period.,4.673,1,,,,,0,percent of total billed charges,NA. ; No services were performed during the 15 month look back period.,,,,,,,,,"NA. ",233.65,50,,,,,0,percent of total billed charges,50 percent of billed charges; No services were performed during the 15 month look back period.,,,,,,,,Fee Schedule,"Not Payable. ",,,,,,,,Fee Schedule,"Not Payable. ",,,,,,,,Fee Schedule,"Not Payable. ",,,,,,,,Fee Schedule,"Not Payable. ",,,,,,,,Fee Schedule,"Not Payable. ",,,,,,,,Other,"Not Payable. ",63.9,,,,,,,Fee Schedule,"193 % Medicare RBRVS. ",63.9,,,,,,,Fee Schedule,"193 % Medicare RBRVS. ",63.9,,,,,,,Fee Schedule,"193 % Medicare RBRVS. ",63.9,,,,,,,Fee Schedule,"193 % Medicare RBRVS. ",165.88,,,,,,,Fee Schedule,"500.996677740864 % Medicare Physician FS TC Rates Only. ",165.88,,,,,,,Fee Schedule,"500.996677740864 % Medicare Physician FS TC Rates Only. ",165.88,,,,,,,Fee Schedule,"500.996677740864 % Medicare Physician FS TC Rates Only. ",165.88,,,,,,,Fee Schedule,"500.996677740864 % Medicare Physician FS TC Rates Only. ",233.65,50,,,,,0,percent of total billed charges,50 percent of billed charges; No services were performed during the 15 month look back period.,233.65,50,,,,,0,percent of total billed charges,50 percent of billed charges; No services were performed during the 15 month look back period.,,,,,,,,Other,"Not Payable. ",,,,,,,,Other,"Not Payable. ",,,,,,,,Other,"Not Payable. ",303.745,65,,,,,0,percent of total billed charges,65% of Billed Charges. Lesser of 100% of billed charges applies.; No services were performed during the 15 month look back period.,303.745,65,,,,,0,percent of total billed charges,65% of Billed Charges. Lesser of 100% of billed charges applies.; No services were performed during the 15 month look back period.,303.745,65,,,,,0,percent of total billed charges,65% of Billed Charges. Lesser of 100% of billed charges applies.; No services were performed during the 15 month look back period.,233.65,50,,,,,0,percent of total billed charges,50 percent of billed charges; No services were performed during the 15 month look back period.,165.88,,,,,,,Fee Schedule,"500.996677740864 % Medicare Physician FS TC Rates Only. ",,,,,,,,Other,"Not Payable. ",303.745,65,,,,,0,percent of total billed charges,65% of Billed Charges. Lesser of 100% of billed charges applies.; No services were performed during the 15 month look back period.,484.68,,,,,,,Case Rate,"100 Percent of Medicaid APG. ",,,,,,,,Other,"Not Payable. ",,,,,,,,Other,"Not Payable. ",,,,,,,,Other,"Not Payable. ",29.59,,,,,,,Fee schedule,"90 Percent of Medicare RBRVS. ",61.31,,,,,,,Fee Schedule,225% of NYS Medicaid fee schedule. Lesser of 100% of billed charges applies.,61.31,,,,,,,Fee Schedule,225% of NYS Medicaid fee schedule. Lesser of 100% of billed charges applies.,61.31,,,,,,,Fee Schedule,225% of NYS Medicaid fee schedule. Lesser of 100% of billed charges applies.,61.31,,,,,,,Fee Schedule,225% of NYS Medicaid fee schedule. Lesser of 100% of billed charges applies.,61.31,,,,,,,Fee Schedule,225% of NYS Medicaid fee schedule. Lesser of 100% of billed charges applies.,,,,,,,,Other,"Not Payable. ",484.68,,,,,,,Case Rate,"100 Percent of Medicaid APG. ",29.59,,,,,,,Fee Schedule,"90 Percent of the Medicare technical component RBRVS. If no technical component exists, then 90 Percent of the Medicare RBRVS",61.31,,,,,,,Fee Schedule,225% of NYS Medicaid fee schedule. Lesser of 100% of billed charges applies.,61.31,,,,,,,Fee Schedule,225% of NYS Medicaid fee schedule. Lesser of 100% of billed charges applies.,29.59,,,,,,,Fee Schedule,"90 Percent of the Medicare technical component RBRVS. If no technical component exists, then 90 Percent of the Medicare RBRVS",29.59,,,,,,,Fee Schedule,"90 Percent of the Medicare technical component RBRVS. If no technical component exists, then 90 Percent of the Medicare RBRVS",4.673,1,,,,,0,percent of total billed charges,NA. ; No services were performed during the 15 month look back period.,,,,,,,,Other,"Not Payable. ",,,,,,,,Other,"Not Payable. ",165.88,,,,,,,Fee Schedule,"500.996677740864 % Medicare Physician FS TC Rates Only. ",,,,,,,,Other,"Not Payable. ",1090.52,,,,,,,Fee Schedule,"225 Percent of Medicaid APG. ",1090.52,,,,,,,Fee Schedule,"225 Percent of Medicaid APG. ",29.59,,,,,,,Fee schedule,"90 Percent of Medicare RBRVS. ",29.59,,,,,,,Fee schedule,"90 Percent of Medicare RBRVS. ",1090.52,,,,,,,Case Rate,225 Percent of Medicaid APG. Covered services not payable under Medicaid Fee Schedules default to a payment of 87.5 percent of charges.,4.673,1,,,,,0,percent of total billed charges,NA. Covered services not payable under Medicaid Fee Schedules default to a payment of 50 percent of charges.; No services were performed during the 15 month look back period.,1090.52,,,,,,,Case Rate,"100 Percent of Medicaid APG. ",1090.52,,,,,,,Case Rate,"100 Percent of Medicaid APG. ",1090.52,,,,,,,Case Rate,"100 Percent of Medicaid APG. ",1090.52,,,,,,,Case Rate,"100 Percent of Medicaid APG. ",107.4,,,,,,,Fee Schedule,"1019 % Manhattan Facility Rate. ",233.65,50,,,,,0,percent of total billed charges,50 percent of billed charges; No services were performed during the 15 month look back period.,581.61,,,,,,,Case Rate,"120 Percent of Medicaid APG. Not APG payable, or payable under another fee schedule like ASP/AWP pays at 30% of charges",581.61,,,,,,,Case Rate,"120 Percent of Medicaid APG. Not APG payable, or payable under another fee schedule like ASP/AWP pays at 30% of charges",484.68,,,,,,,Case Rate,"100 Percent of Medicaid APG. Not APG payable, or payable under another fee schedule like ASP/AWP pays at 30% of charges",484.68,,,,,,,Case Rate,"100 Percent of Medicaid APG. Not APG payable, or payable under another fee schedule like ASP/AWP pays at 30% of charges",303.745,65,,,,,0,percent of total billed charges,65% of Billed Charges. Lesser of 100% of billed charges applies.; No services were performed during the 15 month look back period.,303.745,65,,,,,0,percent of total billed charges,65% of Billed Charges. Lesser of 100% of billed charges applies.; No services were performed during the 15 month look back period.,,,,,,,,Other,"Not Payable. ",303.745,65,,,,,0,percent of total billed charges,65% of Billed Charges. Lesser of 100% of billed charges applies.; No services were performed during the 15 month look back period.,303.745,65,,,,,0,percent of total billed charges,65% of Billed Charges. Lesser of 100% of billed charges applies.; No services were performed during the 15 month look back period.,303.745,65,,,,,0,percent of total billed charges,65% of Billed Charges. Lesser of 100% of billed charges applies.; No services were performed during the 15 month look back period.,303.745,65,,,,,0,percent of total billed charges,65% of Billed Charges. Lesser of 100% of billed charges applies.; No services were performed during the 15 month look back period.,,,,,,,,Other,"Not Payable. ",303.745,65,,,,,0,percent of total billed charges,65% of Billed Charges. Lesser of 100% of billed charges applies.; No services were performed during the 15 month look back period.,303.745,65,,,,,0,percent of total billed charges,65% of Billed Charges. Lesser of 100% of billed charges applies.; No services were performed during the 15 month look back period.,165.88,,,,,,,Fee Schedule,"500.996677740864 % Medicare Physician FS TC Rates Only. ",533.14,,,,,,,Fee Schedule,110% of APG. Lesser of 100% of billed charges applies.,4.673,1,,,,,0,percent of total billed charges,NA. Covered services not payable under Medicaid Fee Schedules default to a payment of 50 percent of charges.; No services were performed during the 15 month look back period.,61.31,,,,,,,Fee Schedule,225% of NYS Medicaid fee schedule. Lesser of 100% of billed charges applies.,1090.52,,,,,,,Case Rate,225 Percent of Medicaid APG. Covered services not payable under Medicaid Fee Schedules default to a payment of 87.5 percent of charges.,4.673,1,,,,,0,percent of total billed charges,NA. Covered services not payable under Medicaid Fee Schedules default to a payment of 50 percent of charges.; No services were performed during the 15 month look back period.,61.31,,,,,,,Fee Schedule,225% of NYS Medicaid fee schedule. Lesser of 100% of billed charges applies.,61.31,,,,,,,Fee Schedule,225% of NYS Medicaid fee schedule. Lesser of 100% of billed charges applies.,61.31,,,,,,,Fee Schedule,225% of NYS Medicaid fee schedule. Lesser of 100% of billed charges applies.,61.31,,,,,,,Fee Schedule,225% of NYS Medicaid fee schedule. Lesser of 100% of billed charges applies.,61.31,,,,,,,Fee Schedule,225% of NYS Medicaid fee schedule. Lesser of 100% of billed charges applies.,61.31,,,,,,,Fee Schedule,225% of NYS Medicaid fee schedule. Lesser of 100% of billed charges applies.,,,,,,,,,"NA. ",,,,,,,,,"NA. ",,,,,,,,,"NA. ",280.38,60,,,,,0,percent of total billed charges,60 percent of billed charges; No services were performed during the 15 month look back period.,,,,,,,,,"NA. ",,,,,,,,Other,"Not Payable. ",30,,,,,,,Fee Schedule,"100 % 1199 Fee Schedule. ",,,,,,,,Other,"Not Payable. ",,,,,,,,Other,"Not Payable. ",581.61,,,,,,,Case Rate,"120 Percent of Medicaid APG. Not APG payable, or payable under another fee schedule like ASP/AWP pays at 30% of charges",581.61,,,,,,,Case Rate,"120 Percent of Medicaid APG. Not APG payable, or payable under another fee schedule like ASP/AWP pays at 30% of charges",484.68,,,,,,,Case Rate,"100 Percent of Medicaid APG. Not APG payable, or payable under another fee schedule like ASP/AWP pays at 30% of charges",484.68,,,,,,,Case Rate,"100 Percent of Medicaid APG. Not APG payable, or payable under another fee schedule like ASP/AWP pays at 30% of charges",484.68,,,,,,,Case Rate,"100 Percent of Medicaid APG. ",71.85,,,,,,,Fee Schedule,"217 % Medicare RBRVS. ",165.88,,,,,,,Fee Schedule,"500.996677740864 % Medicare Physician FS TC Rates Only. ",84.43,,,,,,,Fee Schedule,"255 % Medicare RBRVS. ",280.38,60,,,,,0,percent of total billed charges,60 percent of billed charges; No services were performed during the 15 month look back period.,,,,,,,,Other,"Not Payable. ",,,,,,,,Other,"Not Payable. ",,,,,,,,Other,"Not Payable. ",,,,,,,,Other,"Not Payable. ",,,,,,,,Other,"Not Payable. ",,,,,,,,Other,"Not Payable. ",,,,,,,,,"NA. ",61.31,,,,,,,Fee Schedule,225% of NYS Medicaid fee schedule. Lesser of 100% of billed charges applies.,29.59,,,,,,,Fee Schedule,"90 Percent of the Medicare technical component RBRVS. If no technical component exists, then 90 Percent of the Medicare RBRVS",303.745,65,,,,,0,percent of total billed charges,65% of Billed Charges. Lesser of 100% of billed charges applies.; No services were performed during the 15 month look back period.,71.85,,,,,,,Fee Schedule,"217 % Medicare RBRVS. ",71.85,,,,,,,Fee Schedule,"217 % Medicare RBRVS. ",71.85,,,,,,,Fee Schedule,"217 % Medicare RBRVS. ",71.85,,,,,,,Fee Schedule,"217 % Medicare RBRVS. ",,,,,,,,Other,"Not Payable. ",484.68,,,,,,,Case Rate,"100 Percent of Medicaid APG. ",303.745,65,,,,,0,percent of total billed charges,65% of Billed Charges. Lesser of 100% of billed charges applies.; No services were performed during the 15 month look back period.,484.68,,,,,,,Case Rate,"100 Percent of Medicaid APG. ",,,,,,,,Other,"Not Payable. ",484.68,,,,,,,Case Rate,"100 Percent of Medicaid APG. ",,,,,,,,Other,"Not Payable. ",,,,,,,,Other,"Not Payable. ",484.68,,,,,,,Case Rate,"100 Percent of Medicaid APG. ",484.68,,,,,,,Case Rate,"100 Percent of Medicaid APG. ",71.85,,,,,,,Fee Schedule,"217 % Medicare RBRVS. ",280.38,60,,,,,0,percent of total billed charges,60 percent of billed charges; No services were performed during the 15 month look back period.,364.494,78,,,,,0,percent of total billed charges,78% of Billed Charges. Lesser of 100% of billed charges applies.; No services were performed during the 15 month look back period.,225.93,,,,,,,Other,. Paid once per unit per revenue code and lesser of 100% of billed charges.,225.93,,,,,,,Other,. Paid once per unit per revenue code and lesser of 100% of billed charges.,165.88,,,,,,,Fee Schedule,"500.996677740864 % Medicare Physician FS TC Rates Only. ",,,,,,,,Other,"Not Payable. ",63.9,,,,,,,Fee Schedule,"193 % Medicare RBRVS. ",63.9,,,,,,,Fee Schedule,"193 % Medicare RBRVS. ",242.996,52,,,,,0,percent of total billed charges,52% of Billed Charges. Lesser of 100% of billed charges applies.; No services were performed during the 15 month look back period.,242.996,52,,,,,0,percent of total billed charges,52% of Billed Charges. Lesser of 100% of billed charges applies.; No services were performed during the 15 month look back period.,,,,,,,,Other,"Not Payable. ",,,,,,,,Other,"Not Payable. ",,,,,,,,Other,"Not Payable. ",,,,,,,,Other,"Not Payable. ",225.93,,,,,,,Other,. Paid once per unit per revenue code and lesser of 100% of billed charges.,303.745,65,,,,,0,percent of total billed charges,65% of Billed Charges. Lesser of 100% of billed charges applies.; No services were performed during the 15 month look back period.,303.745,65,,,,,0,percent of total billed charges,65% of Billed Charges. Lesser of 100% of billed charges applies.; No services were performed during the 15 month look back period.,,,,,,,,Other,"Not Payable. ",242.996,52,,,,,0,percent of total billed charges,52% of Billed Charges. Lesser of 100% of billed charges applies.; No services were performed during the 15 month look back period.,84.43,,,,,,,Fee Schedule,"255 % Medicare RBRVS. ",581.61,,,,,,,Fee Schedule,"120 Percent of Medicaid APG. ",484.68,,,,,,,Case Rate,"100 Percent of Medicaid APG. ",71.85,,,,,,,Fee Schedule,"217 % Medicare RBRVS. ",275.707,59,,,,,0,percent of total billed charges,59% of Billed Charges. Lesser of 100% of billed charges applies.; No services were performed during the 15 month look back period.,275.707,59,,,,,0,percent of total billed charges,59% of Billed Charges. Lesser of 100% of billed charges applies.; No services were performed during the 15 month look back period.,303.745,65,,,,,0,percent of total billed charges,65% of Billed Charges. Lesser of 100% of billed charges applies.; No services were performed during the 15 month look back period.,233.65,50,,,,,0,percent of total billed charges,50 percent of billed charges; No services were performed during the 15 month look back period.,,,,,,,,Other,"Not Payable. ",508.91,,,,,,,Fee Schedule,105 percent of Medicaid APG. otherwise 105% of Ordered NYS MCD FS or 105% of ASP+6%,508.91,,,,,,,Fee Schedule,105 percent of Medicaid APG. otherwise 105% of Ordered NYS MCD FS or 105% of ASP+6%,508.91,,,,,,,Fee Schedule,105 percent of Medicaid APG. otherwise 105% of Ordered NYS MCD FS or 105% of ASP+6%,654.31,,,,,,,Fee Schedule,135 percent of Medicaid APG. otherwise 135% of Ordered NYS MCD FS or 135% of ASP+6%,225.93,,,,,,,Other,. Paid once per unit per revenue code and lesser of 100% of billed charges.,508.91,,,,,,,Fee Schedule,105 percent of Medicaid APG. otherwise 105% of Ordered NYS MCD FS or 105% of ASP+6%,508.91,,,,,,,Fee Schedule,105 percent of Medicaid APG. otherwise 105% of Ordered NYS MCD FS or 105% of ASP+6%,508.91,,,,,,,Fee Schedule,105 percent of Medicaid APG. otherwise 105% of Ordered NYS MCD FS or 105% of ASP+6%,508.91,,,,,,,Fee Schedule,105 percent of Medicaid APG. otherwise 105% of Ordered NYS MCD FS or 105% of ASP+6%,508.91,,,,,,,Fee Schedule,105 percent of Medicaid APG. otherwise 105% of Ordered NYS MCD FS or 105% of ASP+6%,654.31,,,,,,,Fee Schedule,135 percent of Medicaid APG. otherwise 135% of Ordered NYS MCD FS or 135% of ASP+6%,654.31,,,,,,,Fee Schedule,135 percent of Medicaid APG. otherwise 135% of Ordered NYS MCD FS or 135% of ASP+6%,,,,,,,,Other,"Not Payable. ",225.93,,,,,,,Other,. Paid once per unit per revenue code and lesser of 100% of billed charges.,,,,,,,,Other,"Not Payable. ",508.91,,,,,,,Fee Schedule,105 percent of Medicaid APG. otherwise 105% of Ordered NYS MCD FS or 105% of ASP+6%,303.745,65,,,,,0,percent of total billed charges,65% of Billed Charges. Lesser of 100% of billed charges applies.; No services were performed during the 15 month look back period.,,,,,,,,Other,"Not Payable. ",303.745,65,,,,,0,percent of total billed charges,65% of Billed Charges. Lesser of 100% of billed charges applies.; No services were performed during the 15 month look back period.,303.745,65,,,,,0,percent of total billed charges,65% of Billed Charges. Lesser of 100% of billed charges applies.; No services were performed during the 15 month look back period.,303.745,65,,,,,0,percent of total billed charges,65% of Billed Charges. Lesser of 100% of billed charges applies.; No services were performed during the 15 month look back period.,508.91,,,,,,,Fee Schedule,105 percent of Medicaid APG. otherwise 105% of Ordered NYS MCD FS or 105% of ASP+6%,,,,,,,,Other,"Not Payable. ",303.745,65,,,,,0,percent of total billed charges,65% of Billed Charges. Lesser of 100% of billed charges applies.; No services were performed during the 15 month look back period.,654.31,,,,,,,Fee Schedule,135 percent of Medicaid APG. otherwise 135% of Ordered NYS MCD FS or 135% of ASP+6%,303.745,65,,,,,0,percent of total billed charges,65% of Billed Charges. Lesser of 100% of billed charges applies.; No services were performed during the 15 month look back period.,,,,,,,,Other,"Not Payable. ",,,,,,,,Other,"Not Payable. ",71.85,,,,,,,Fee Schedule,"217 % Medicare RBRVS. ",71.85,,,,,,,Fee Schedule,"217 % Medicare RBRVS. ",71.85,,,,,,,Fee Schedule,"217 % Medicare RBRVS. ",71.85,,,,,,,Fee Schedule,"217 % Medicare RBRVS. ",71.85,,,,,,,Fee Schedule,"217 % Medicare RBRVS. ",84.43,,,,,,,Fee Schedule,"255 % Medicare RBRVS. ",84.43,,,,,,,Fee Schedule,"255 % Medicare RBRVS. ",71.85,,,,,,,Fee Schedule,"217 % Medicare RBRVS. ",71.85,,,,,,,Fee Schedule,"217 % Medicare RBRVS. ",71.85,,,,,,,Fee Schedule,"217 % Medicare RBRVS. ",71.85,,,,,,,Fee Schedule,"217 % Medicare RBRVS. ",71.85,,,,,,,Fee Schedule,"217 % Medicare RBRVS. ",,,,,,,,Other,"Not Payable. ",84.43,,,,,,,Fee Schedule,"255 % Medicare RBRVS. ",,,,,,,,Other,"Not Payable. ",1090.52,,,,,,,Case Rate,"225 Percent of Medicaid APG. If not included in Medicaid APG, then 100 Percent of Manhattan Medicare",484.68,,,,,,,Case Rate,"100 Percent of Medicaid APG. If not priced under APG, then Metroplus FeeSched",225.93,,,,,,,Other,. Paid once per unit per revenue code and lesser of 100% of billed charges.,225.93,,,,,,,Other,. Paid once per unit per revenue code and lesser of 100% of billed charges.,,,,,,,,Other,"Not Payable. ",63.9,,,,,,,Fee Schedule,"193 % Medicare RBRVS. ",,,,,,,,Other,"Not Payable. ",,,,,,,,Other,"Not Payable. ",165.88,,,,,,,Fee Schedule,"500.996677740864 % Medicare Physician FS TC Rates Only. ",,,,,,,,Other,"Not Payable. ",280.38,60,,,,,0,percent of total billed charges,60 percent of billed charges; No services were performed during the 15 month look back period.,,,,,,,,Other,"Not Payable. ",280.38,60,,,,,0,percent of total billed charges,60 percent of billed charges; No services were performed during the 15 month look back period.,165.88,,,,,,,Fee Schedule,"500.996677740864 % Medicare Physician FS TC Rates Only. ",280.38,60,,,,,0,percent of total billed charges,60 percent of billed charges; No services were performed during the 15 month look back period.,,,,,,,,Other,"Not Payable. ",484.68,,,,,,,Case Rate,"100 Percent of Medicaid APG. ",,,,,,,,Other,"Not Payable. ",280.38,60,,,,,0,percent of total billed charges,60 percent of billed charges; No services were performed during the 15 month look back period.,225.93,,,,,,,Other,. Paid once per unit per revenue code and lesser of 100% of billed charges.,484.68,,,,,,,Case Rate,"100 Percent of Medicaid APG. ",303.745,65,,,,,0,percent of total billed charges,65% of Billed Charges. Lesser of 100% of billed charges applies.; No services were performed during the 15 month look back period.,581.61,,,,,,,Fee Schedule,"120 Percent of Medicaid APG. ",581.61,,,,,,,Fee Schedule,"120 Percent of Medicaid APG. ",303.745,65,,,,,0,percent of total billed charges,65% of Billed Charges. Lesser of 100% of billed charges applies.; No services were performed during the 15 month look back period.,303.745,65,,,,,0,percent of total billed charges,65% of Billed Charges. Lesser of 100% of billed charges applies.; No services were performed during the 15 month look back period.,303.745,65,,,,,0,percent of total billed charges,65% of Billed Charges. Lesser of 100% of billed charges applies.; No services were performed during the 15 month look back period.,225.93,,,,,,,Other,. Paid once per unit per revenue code and lesser of 100% of billed charges.,303.745,65,,,,,0,percent of total billed charges,65% of Billed Charges. Lesser of 100% of billed charges applies.; No services were performed during the 15 month look back period.,303.745,65,,,,,0,percent of total billed charges,65% of Billed Charges. Lesser of 100% of billed charges applies.; No services were performed during the 15 month look back period.,303.745,65,,,,,0,percent of total billed charges,65% of Billed Charges. Lesser of 100% of billed charges applies.; No services were performed during the 15 month look back period.,71.85,,,,,,,Fee Schedule,"217 % Medicare RBRVS. ",71.85,,,,,,,Fee Schedule,"217 % Medicare RBRVS. ",,,,,,,,Fee Schedule,"Not Payable. ",484.68,,,,,,,Case Rate,"100 Percent of Medicaid APG. ",225.93,,,,,,,Other,. Paid once per unit per revenue code and lesser of 100% of billed charges.,280.38,60,,,,,0,percent of total billed charges,60 percent of billed charges; No services were performed during the 15 month look back period.,165.88,,,,,,,Fee Schedule,"500.996677740864 % Medicare Physician FS TC Rates Only. ",225.93,,,,,,,Other,. Paid once per unit per revenue code and lesser of 100% of billed charges.,165.88,,,,,,,Fee Schedule,"500.996677740864 % Medicare Physician FS TC Rates Only. ",225.93,,,,,,,Other,. Paid once per unit per revenue code and lesser of 100% of billed charges.,303.745,65,,,,,0,percent of total billed charges,65% of Billed Charges. Lesser of 100% of billed charges applies.; No services were performed during the 15 month look back period.,303.745,65,,,,,0,percent of total billed charges,65% of Billed Charges. Lesser of 100% of billed charges applies.; No services were performed during the 15 month look back period.,303.745,65,,,,,0,percent of total billed charges,65% of Billed Charges. Lesser of 100% of billed charges applies.; No services were performed during the 15 month look back period.,303.745,65,,,,,0,percent of total billed charges,65% of Billed Charges. Lesser of 100% of billed charges applies.; No services were performed during the 15 month look back period.,,,,,,,,Other,"Not Payable. ",4.673,1090.52,
74450,CPT,2022883,LOCAL,320,RC,HC URETHOGRAM RETRO,1769.7,336.243,both,,,,75,,,,,,,Fee Schedule,"100 % 1199 Fee Schedule. ",75,,,,,,,Fee Schedule,"100 % 1199 Fee Schedule. ",423.29,,,,,,,Fee Schedule,"500.9942004971 % Medicare Physician FS TC Rates Only. ",1769.7,100,,,,,0,percent of total billed charges,100 percent of billed charges. ; No services were performed during the 15 month look back period.,286.03,,,,,,,Case Rate,"100% Medicare OPPS FS. ",423.29,,,,,,,Fee Schedule,"500.9942004971 % Medicare Physician FS TC Rates Only. ",423.29,,,,,,,Fee Schedule,"500.9942004971 % Medicare Physician FS TC Rates Only. ",423.29,,,,,,,Fee Schedule,"500.9942004971 % Medicare Physician FS TC Rates Only. ",440.48,,,,,,,Case Rate,"100 Percent of Medicaid APG. ",367.07,,,,,,,Case Rate,"100 Percent of Medicaid APG. ",1380.366,78,,,,,0,percent of total billed charges,78% of Billed Charges. Lesser of 100% of billed charges applies.; No services were performed during the 15 month look back period.,225.93,,,,,,,Other,. Paid once per unit per revenue code and lesser of 100% of billed charges.,367.07,,,,,,,Case Rate,"100 Percent of Medicaid APG. ",286.03,,,,,,,Case Rate,"100% Medicare OPPS FS. ",169.86,,,,,,,Fee Schedule,"250 % 2018 Cigna RBRVS fee schedule. ",169.86,,,,,,,Fee Schedule,"250 % 2018 Cigna RBRVS fee schedule. ",169.86,,,,,,,Fee Schedule,"250 % 2018 Cigna RBRVS fee schedule. ",169.86,,,,,,,Fee Schedule,"250 % 2018 Cigna RBRVS fee schedule. ",17.697,1,,,,,0,percent of total billed charges,NA. Covered services not payable under Medicaid Fee Schedules default to a payment of 50 percent of charges.; No services were performed during the 15 month look back period.,286.03,,,,,,,Case Rate,"100% Medicare OPPS FS. ",17.697,1,,,,,0,percent of total billed charges,NA. Covered services not payable under Medicaid Fee Schedules default to a payment of 50 percent of charges.; No services were performed during the 15 month look back period.,1380.366,78,,,,,0,percent of total billed charges,78% of Billed Charges. Lesser of 100% of billed charges applies.; No services were performed during the 15 month look back period.,423.29,,,,,,,Fee Schedule,"500.9942004971 % Medicare Physician FS TC Rates Only. ",286.03,,,,,,,Case Rate,"100%Medicare OPPS FS. ",215.45,,,,,,,Fee Schedule,"255 % Medicare RBRVS. ",286.03,,,,,,,Case Rate,"100%Medicare OPPS FS. ",286.03,,,,,,,Case Rate,"100%Medicare OPPS FS. ",1380.366,78,,,,,0,percent of total billed charges,78% of Billed Charges. Lesser of 100% of billed charges applies.; No services were performed during the 15 month look back period.,75.89,,,,,,,Fee Schedule,"90 Percent of the Medicare technical component RBRVS. If no technical component exists, then 90 Percent of the Medicare RBRVS",75.89,,,,,,,Fee Schedule,"90 Percent of the Medicare technical component RBRVS. If no technical component exists, then 90 Percent of the Medicare RBRVS",75.89,,,,,,,Fee schedule,"90 Percent of Medicare RBRVS. ",75.89,,,,,,,Fee schedule,"90 Percent of Medicare RBRVS. ",215.45,,,,,,,Fee Schedule,"255 % Medicare RBRVS. ",215.45,,,,,,,Fee Schedule,"255 % Medicare RBRVS. ",367.07,,,,,,,Case Rate,"100 Percent of Medicaid APG. Not APG payable, or payable under another fee schedule like ASP/AWP pays at 30% of charges",215.45,,,,,,,Fee Schedule,"255 % Medicare RBRVS. ",367.07,,,,,,,Case Rate,"100 Percent of Medicaid APG. Not APG payable, or payable under another fee schedule like ASP/AWP pays at 30% of charges",286.03,,,,,,,Case Rate,"100%Medicare OPPS FS. ",215.45,,,,,,,Fee Schedule,"255 % Medicare RBRVS. ",1380.366,78,,,,,0,percent of total billed charges,78% of Billed Charges. Lesser of 100% of billed charges applies.; No services were performed during the 15 month look back period.,367.07,,,,,,,Case Rate,"100 Percent of Medicaid APG. If not priced under APG, then Metroplus FeeSched",367.07,,,,,,,Case Rate,"100 Percent of Medicaid APG. If not priced under APG, then Metroplus FeeSched",1380.366,78,,,,,0,percent of total billed charges,78% of Billed Charges. Lesser of 100% of billed charges applies.; No services were performed during the 15 month look back period.,169.86,,,,,,,Fee Schedule,"250 % 2018 Cigna RBRVS fee schedule. ",223,,,,,,,Other,. Paid once per unit per revenue code and lesser of 100% of billed charges.,223,,,,,,,Other,. Paid once per unit per revenue code and lesser of 100% of billed charges.,1380.366,78,,,,,0,percent of total billed charges,78% of Billed Charges. Lesser of 100% of billed charges applies.; No services were performed during the 15 month look back period.,286.03,,,,,,,Case Rate,"100% Medicare OPPS FS. ",225.93,,,,,,,Other,. Paid once per unit per revenue code and lesser of 100% of billed charges.,225.93,,,,,,,Other,. Paid once per unit per revenue code and lesser of 100% of billed charges.,225.93,,,,,,,Other,. Paid once per unit per revenue code and lesser of 100% of billed charges.,286.03,,,,,,,Case Rate,"100% Medicare OPPS FS. ",225.93,,,,,,,Other,. Paid once per unit per revenue code and lesser of 100% of billed charges.,225.93,,,,,,,Other,. Paid once per unit per revenue code and lesser of 100% of billed charges.,286.03,,,,,,,Case Rate,"100% of Medicare OPPS. ",884.85,50,,,,,0,percent of total billed charges,50 percent of billed charges; No services were performed during the 15 month look back period.,1832.33,,,,,,,Fee Schedule,"758.1 % 2013 Manhattan Medicare. ",1832.33,,,,,,,Fee Schedule,"758.1 % 2013 Manhattan Medicare. ",1832.33,,,,,,,Fee Schedule,"758.1 % 2013 Manhattan Medicare. ",1832.33,,,,,,,Fee Schedule,"758.1 % 2013 Manhattan Medicare. ",1832.33,,,,,,,Fee Schedule,"758.1 % 2013 Manhattan Medicare. ",1832.33,,,,,,,Fee Schedule,"758.1 % 2013 Manhattan Medicare. ",286.03,,,,,,,Case Rate,"100% Medicare OPPS FS. ",286.03,,,,,,,Case Rate,"100% Medicare OPPS FS. ",1832.33,,,,,,,Fee Schedule,"758.1 % 2013 Manhattan Medicare. ",1380.366,78,,,,,0,percent of total billed charges,78% of Billed Charges. Lesser of 100% of billed charges applies.; No services were performed during the 15 month look back period.,1380.366,78,,,,,0,percent of total billed charges,78% of Billed Charges. Lesser of 100% of billed charges applies.; No services were performed during the 15 month look back period.,1380.366,78,,,,,0,percent of total billed charges,78% of Billed Charges. Lesser of 100% of billed charges applies.; No services were performed during the 15 month look back period.,1380.366,78,,,,,0,percent of total billed charges,78% of Billed Charges. Lesser of 100% of billed charges applies.; No services were performed during the 15 month look back period.,1380.366,78,,,,,0,percent of total billed charges,78% of Billed Charges. Lesser of 100% of billed charges applies.; No services were performed during the 15 month look back period.,1380.366,78,,,,,0,percent of total billed charges,78% of Billed Charges. Lesser of 100% of billed charges applies.; No services were performed during the 15 month look back period.,1380.366,78,,,,,0,percent of total billed charges,78% of Billed Charges. Lesser of 100% of billed charges applies.; No services were performed during the 15 month look back period.,1380.366,78,,,,,0,percent of total billed charges,78% of Billed Charges. Lesser of 100% of billed charges applies.; No services were performed during the 15 month look back period.,1380.366,78,,,,,0,percent of total billed charges,78% of Billed Charges. Lesser of 100% of billed charges applies.; No services were performed during the 15 month look back period.,1380.366,78,,,,,0,percent of total billed charges,78% of Billed Charges. Lesser of 100% of billed charges applies.; No services were performed during the 15 month look back period.,1380.366,78,,,,,0,percent of total billed charges,78% of Billed Charges. Lesser of 100% of billed charges applies.; No services were performed during the 15 month look back period.,1380.366,78,,,,,0,percent of total billed charges,78% of Billed Charges. Lesser of 100% of billed charges applies.; No services were performed during the 15 month look back period.,1380.366,78,,,,,0,percent of total billed charges,78% of Billed Charges. Lesser of 100% of billed charges applies.; No services were performed during the 15 month look back period.,1380.366,78,,,,,0,percent of total billed charges,78% of Billed Charges. Lesser of 100% of billed charges applies.; No services were performed during the 15 month look back period.,1380.366,78,,,,,0,percent of total billed charges,78% of Billed Charges. Lesser of 100% of billed charges applies.; No services were performed during the 15 month look back period.,1380.366,78,,,,,0,percent of total billed charges,78% of Billed Charges. Lesser of 100% of billed charges applies.; No services were performed during the 15 month look back period.,1380.366,78,,,,,0,percent of total billed charges,78% of Billed Charges. Lesser of 100% of billed charges applies.; No services were performed during the 15 month look back period.,1380.366,78,,,,,0,percent of total billed charges,78% of Billed Charges. Lesser of 100% of billed charges applies.; No services were performed during the 15 month look back period.,1380.366,78,,,,,0,percent of total billed charges,78% of Billed Charges. Lesser of 100% of billed charges applies.; No services were performed during the 15 month look back period.,1380.366,78,,,,,0,percent of total billed charges,78% of Billed Charges. Lesser of 100% of billed charges applies.; No services were performed during the 15 month look back period.,1380.366,78,,,,,0,percent of total billed charges,78% of Billed Charges. Lesser of 100% of billed charges applies.; No services were performed during the 15 month look back period.,1380.366,78,,,,,0,percent of total billed charges,78% of Billed Charges. Lesser of 100% of billed charges applies.; No services were performed during the 15 month look back period.,1380.366,78,,,,,0,percent of total billed charges,78% of Billed Charges. Lesser of 100% of billed charges applies.; No services were performed during the 15 month look back period.,1380.366,78,,,,,0,percent of total billed charges,78% of Billed Charges. Lesser of 100% of billed charges applies.; No services were performed during the 15 month look back period.,1380.366,78,,,,,0,percent of total billed charges,78% of Billed Charges. Lesser of 100% of billed charges applies.; No services were performed during the 15 month look back period.,1380.366,78,,,,,0,percent of total billed charges,78% of Billed Charges. Lesser of 100% of billed charges applies.; No services were performed during the 15 month look back period.,215.45,,,,,,,Fee Schedule,"255 % Medicare RBRVS. ",215.45,,,,,,,Fee Schedule,"255 % Medicare RBRVS. ",215.45,,,,,,,Fee Schedule,"255 % Medicare RBRVS. ",215.45,,,,,,,Fee Schedule,"255 % Medicare RBRVS. ",163.07,,,,,,,Fee Schedule,"193 % Medicare RBRVS. ",163.07,,,,,,,Fee Schedule,"193 % Medicare RBRVS. ",169.86,,,,,,,Fee Schedule,"250 % 2018 Cigna RBRVS fee schedule. ",1832.33,,,,,,,Fee Schedule,"758.1 % 2013 Manhattan Medicare. ",225.93,,,,,,,Other,. Paid once per unit per revenue code and lesser of 100% of billed charges.,1832.33,,,,,,,Fee Schedule,"758.1 % 2013 Manhattan Medicare. ",1380.366,78,,,,,0,percent of total billed charges,78% of Billed Charges. Lesser of 100% of billed charges applies.; No services were performed during the 15 month look back period.,163.07,,,,,,,Fee Schedule,"193 % Medicare RBRVS. ",1832.33,,,,,,,Fee Schedule,"758.1 % 2013 Manhattan Medicare. ",225.93,,,,,,,Other,. Paid once per unit per revenue code and lesser of 100% of billed charges.,169.86,,,,,,,Fee Schedule,"250 % 2018 Cigna RBRVS fee schedule. ",,,,,,,,,"NA. ",1380.366,78,,,,,0,percent of total billed charges,78% of Billed Charges. Lesser of 100% of billed charges applies.; No services were performed during the 15 month look back period.,367.07,,,,,,,Case Rate,"100 Percent of Medicaid APG. ",215.45,,,,,,,Fee Schedule,"255 % Medicare RBRVS. ",367.07,,,,,,,Case Rate,"100 Percent of Medicaid APG. Not APG payable, or payable under another fee schedule like ASP/AWP pays at 30% of charges",286.03,,,,,,,Case Rate,"100%Medicare OPPS FS. ",286.03,,,,,,,Case Rate,"100% Medicare OPPS FS. ",884.85,50,,,,,0,percent of total billed charges,50 percent of billed charges; No services were performed during the 15 month look back period.,286.03,,,,,,,Case Rate,"100% Medicare OPPS FS. ",286.03,,,,,,,Case Rate,"100% Medicare OPPS FS. ",367.07,,,,,,,Case Rate,"100 Percent of Medicaid APG. ",286.03,,,,,,,Case Rate,"100% Medicare OPPS FS. ",286.03,,,,,,,Case Rate,"100% Medicare OPPS FS. ",423.29,,,,,,,Fee Schedule,"500.9942004971 % Medicare Physician FS TC Rates Only. ",423.29,,,,,,,Fee Schedule,"500.9942004971 % Medicare Physician FS TC Rates Only. ",286.03,,,,,,,Case Rate,"100% Medicare OPPS FS. ",169.86,,,,,,,Fee Schedule,"250 % 2018 Cigna RBRVS fee schedule. ",225.93,,,,,,,Other,. Paid once per unit per revenue code and lesser of 100% of billed charges.,225.93,,,,,,,Other,. Paid once per unit per revenue code and lesser of 100% of billed charges.,286.03,,,,,,,Case Rate,"100% Medicare OPPS FS. ",169.86,,,,,,,Fee Schedule,"250 % 2018 Cigna RBRVS fee schedule. ",423.29,,,,,,,Fee Schedule,"500.9942004971 % Medicare Physician FS TC Rates Only. ",423.29,,,,,,,Fee Schedule,"500.9942004971 % Medicare Physician FS TC Rates Only. ",423.29,,,,,,,Fee Schedule,"500.9942004971 % Medicare Physician FS TC Rates Only. ",1380.366,78,,,,,0,percent of total billed charges,78% of Billed Charges. Lesser of 100% of billed charges applies.; No services were performed during the 15 month look back period.,1380.366,78,,,,,0,percent of total billed charges,78% of Billed Charges. Lesser of 100% of billed charges applies.; No services were performed during the 15 month look back period.,1380.366,78,,,,,0,percent of total billed charges,78% of Billed Charges. Lesser of 100% of billed charges applies.; No services were performed during the 15 month look back period.,1380.366,78,,,,,0,percent of total billed charges,78% of Billed Charges. Lesser of 100% of billed charges applies.; No services were performed during the 15 month look back period.,1380.366,78,,,,,0,percent of total billed charges,78% of Billed Charges. Lesser of 100% of billed charges applies.; No services were performed during the 15 month look back period.,1380.366,78,,,,,0,percent of total billed charges,78% of Billed Charges. Lesser of 100% of billed charges applies.; No services were performed during the 15 month look back period.,1380.366,78,,,,,0,percent of total billed charges,78% of Billed Charges. Lesser of 100% of billed charges applies.; No services were performed during the 15 month look back period.,1380.366,78,,,,,0,percent of total billed charges,78% of Billed Charges. Lesser of 100% of billed charges applies.; No services were performed during the 15 month look back period.,1380.366,78,,,,,0,percent of total billed charges,78% of Billed Charges. Lesser of 100% of billed charges applies.; No services were performed during the 15 month look back period.,1380.366,78,,,,,0,percent of total billed charges,78% of Billed Charges. Lesser of 100% of billed charges applies.; No services were performed during the 15 month look back period.,1380.366,78,,,,,0,percent of total billed charges,78% of Billed Charges. Lesser of 100% of billed charges applies.; No services were performed during the 15 month look back period.,163.07,,,,,,,Fee Schedule,"193 % Medicare RBRVS. ",1832.33,,,,,,,Fee Schedule,"758.1 % 2013 Manhattan Medicare. ",169.86,,,,,,,Fee Schedule,"250 % 2018 Cigna RBRVS fee schedule. ",286.03,,,,,,,Case Rate,"100% Medicare OPPS FS. ",423.29,,,,,,,Fee Schedule,"500.9942004971 % Medicare Physician FS TC Rates Only. ",169.86,,,,,,,Fee Schedule,"250 % 2018 Cigna RBRVS fee schedule. ",169.86,,,,,,,Fee Schedule,"250 % 2018 Cigna RBRVS fee schedule. ",1380.366,78,,,,,0,percent of total billed charges,78% of Billed Charges. Lesser of 100% of billed charges applies.; No services were performed during the 15 month look back period.,785.52,,,,,,,Case Rate,"141 Percent of current Medicare RBRVS FeeSched. ",169.86,,,,,,,Fee Schedule,"250 % 2018 Cigna RBRVS fee schedule. ",367.07,,,,,,,Case Rate,"100 Percent of Medicaid APG. ",286.03,,,,,,,Case Rate,"100% Medicare OPPS FS. ",286.03,,,,,,,Case Rate,"100% Medicare OPPS FS. ",286.03,,,,,,,Case Rate,"100% Medicare OPPS FS. ",286.03,,,,,,,Case Rate,"100% Medicare OPPS FS. ",286.03,,,,,,,Case Rate,"100% Medicare OPPS FS. ",286.03,,,,,,,Case Rate,"100% Medicare OPPS FS. ",169.86,,,,,,,Fee Schedule,"250 % 2018 Cigna RBRVS fee schedule. ",884.85,50,,,,,0,percent of total billed charges,50 percent of billed charges; No services were performed during the 15 month look back period.,17.697,1,,,,,0,percent of total billed charges,NA. ; No services were performed during the 15 month look back period.,17.697,1,,,,,0,percent of total billed charges,NA. ; No services were performed during the 15 month look back period.,17.697,1,,,,,0,percent of total billed charges,NA. ; No services were performed during the 15 month look back period.,17.697,1,,,,,0,percent of total billed charges,NA. ; No services were performed during the 15 month look back period.,17.697,1,,,,,0,percent of total billed charges,NA. ; No services were performed during the 15 month look back period.,,,,,,,,,"NA. ",884.85,50,,,,,0,percent of total billed charges,50 percent of billed charges; No services were performed during the 15 month look back period.,566.33,,,,,,,Case Rate,198 Percent of Medicare OPPS. Metroplus will reimburse unlisted codes and described codes with no Medicare rate at 50 percent of charges.,566.33,,,,,,,Case Rate,198 Percent of Medicare OPPS. Metroplus will reimburse unlisted codes and described codes with no Medicare rate at 50 percent of charges.,566.33,,,,,,,Case Rate,198 Percent of Medicare OPPS. Metroplus will reimburse unlisted codes and described codes with no Medicare rate at 50 percent of charges.,566.33,,,,,,,Case Rate,198 Percent of Medicare OPPS. Metroplus will reimburse unlisted codes and described codes with no Medicare rate at 50 percent of charges.,566.33,,,,,,,Case Rate,198 Percent of Medicare OPPS. Metroplus will reimburse unlisted codes and described codes with no Medicare rate at 50 percent of charges.,286.03,,,,,,,Case Rate,"100% Medicare OPPS FS. ",163.07,,,,,,,Fee Schedule,"193 % Medicare RBRVS. ",163.07,,,,,,,Fee Schedule,"193 % Medicare RBRVS. ",163.07,,,,,,,Fee Schedule,"193 % Medicare RBRVS. ",163.07,,,,,,,Fee Schedule,"193 % Medicare RBRVS. ",423.29,,,,,,,Fee Schedule,"500.9942004971 % Medicare Physician FS TC Rates Only. ",423.29,,,,,,,Fee Schedule,"500.9942004971 % Medicare Physician FS TC Rates Only. ",423.29,,,,,,,Fee Schedule,"500.9942004971 % Medicare Physician FS TC Rates Only. ",423.29,,,,,,,Fee Schedule,"500.9942004971 % Medicare Physician FS TC Rates Only. ",884.85,50,,,,,0,percent of total billed charges,50 percent of billed charges; No services were performed during the 15 month look back period.,884.85,50,,,,,0,percent of total billed charges,50 percent of billed charges; No services were performed during the 15 month look back period.,286.03,,,,,,,Case Rate,"100% Medicare OPPS FS. ",286.03,,,,,,,Case Rate,"100% Medicare OPPS FS. ",286.03,,,,,,,Case Rate,"100% Medicare OPPS FS. ",1832.33,,,,,,,Fee Schedule,"758.1 % 2013 Manhattan Medicare. ",1832.33,,,,,,,Fee Schedule,"758.1 % 2013 Manhattan Medicare. ",1832.33,,,,,,,Fee Schedule,"758.1 % 2013 Manhattan Medicare. ",884.85,50,,,,,0,percent of total billed charges,50 percent of billed charges; No services were performed during the 15 month look back period.,423.29,,,,,,,Fee Schedule,"500.9942004971 % Medicare Physician FS TC Rates Only. ",286.03,,,,,,,Case Rate,"100% Medicare OPPS FS. ",1832.33,,,,,,,Fee Schedule,"758.1 % 2013 Manhattan Medicare. ",367.07,,,,,,,Case Rate,"100 Percent of Medicaid APG. ",291.75,,,,,,,Case Rate,"102% of Medicare OPPS. ",291.75,,,,,,,Case Rate,"102% of Medicare OPPS. ",291.75,,,,,,,Case Rate,"102% of Medicare OPPS. ",75.89,,,,,,,Fee schedule,"90 Percent of Medicare RBRVS. ",113.03,,,,,,,Fee Schedule,225% of NYS Medicaid fee schedule. Lesser of 100% of billed charges applies.,113.03,,,,,,,Fee Schedule,225% of NYS Medicaid fee schedule. Lesser of 100% of billed charges applies.,113.03,,,,,,,Fee Schedule,225% of NYS Medicaid fee schedule. Lesser of 100% of billed charges applies.,113.03,,,,,,,Fee Schedule,225% of NYS Medicaid fee schedule. Lesser of 100% of billed charges applies.,113.03,,,,,,,Fee Schedule,225% of NYS Medicaid fee schedule. Lesser of 100% of billed charges applies.,291.75,,,,,,,Case Rate,"102% of Medicare OPPS. ",367.07,,,,,,,Case Rate,"100 Percent of Medicaid APG. ",75.89,,,,,,,Fee Schedule,"90 Percent of the Medicare technical component RBRVS. If no technical component exists, then 90 Percent of the Medicare RBRVS",113.03,,,,,,,Fee Schedule,225% of NYS Medicaid fee schedule. Lesser of 100% of billed charges applies.,113.03,,,,,,,Fee Schedule,225% of NYS Medicaid fee schedule. Lesser of 100% of billed charges applies.,75.89,,,,,,,Fee Schedule,"90 Percent of the Medicare technical component RBRVS. If no technical component exists, then 90 Percent of the Medicare RBRVS",75.89,,,,,,,Fee Schedule,"90 Percent of the Medicare technical component RBRVS. If no technical component exists, then 90 Percent of the Medicare RBRVS",17.697,1,,,,,0,percent of total billed charges,NA. ; No services were performed during the 15 month look back period.,286.03,,,,,,,Case Rate,"100% Medicare OPPS FS. ",286.03,,,,,,,Case Rate,"100% Medicare OPPS FS. ",423.29,,,,,,,Fee Schedule,"500.9942004971 % Medicare Physician FS TC Rates Only. ",286.03,,,,,,,Case Rate,"100% Medicare OPPS FS. ",825.9,,,,,,,Fee Schedule,"225 Percent of Medicaid APG. ",825.9,,,,,,,Fee Schedule,"225 Percent of Medicaid APG. ",75.89,,,,,,,Fee schedule,"90 Percent of Medicare RBRVS. ",75.89,,,,,,,Fee schedule,"90 Percent of Medicare RBRVS. ",825.9,,,,,,,Case Rate,225 Percent of Medicaid APG. Covered services not payable under Medicaid Fee Schedules default to a payment of 87.5 percent of charges.,17.697,1,,,,,0,percent of total billed charges,NA. Covered services not payable under Medicaid Fee Schedules default to a payment of 50 percent of charges.; No services were performed during the 15 month look back period.,825.9,,,,,,,Case Rate,"100 Percent of Medicaid APG. ",825.9,,,,,,,Case Rate,"100 Percent of Medicaid APG. ",825.9,,,,,,,Case Rate,"100 Percent of Medicaid APG. ",825.9,,,,,,,Case Rate,"100 Percent of Medicaid APG. ",2775.55,,,,,,,Fee Schedule,"1019 % Manhattan Facility Rate. ",884.85,50,,,,,0,percent of total billed charges,50 percent of billed charges; No services were performed during the 15 month look back period.,440.48,,,,,,,Case Rate,"120 Percent of Medicaid APG. Not APG payable, or payable under another fee schedule like ASP/AWP pays at 30% of charges",440.48,,,,,,,Case Rate,"120 Percent of Medicaid APG. Not APG payable, or payable under another fee schedule like ASP/AWP pays at 30% of charges",367.07,,,,,,,Case Rate,"100 Percent of Medicaid APG. Not APG payable, or payable under another fee schedule like ASP/AWP pays at 30% of charges",367.07,,,,,,,Case Rate,"100 Percent of Medicaid APG. Not APG payable, or payable under another fee schedule like ASP/AWP pays at 30% of charges",1832.33,,,,,,,Fee Schedule,"758.1 % 2013 Manhattan Medicare. ",1832.33,,,,,,,Fee Schedule,"758.1 % 2013 Manhattan Medicare. ",286.03,,,,,,,Case Rate,"100% Medicare OPPS FS. ",1832.33,,,,,,,Fee Schedule,"758.1 % 2013 Manhattan Medicare. ",1832.33,,,,,,,Fee Schedule,"758.1 % 2013 Manhattan Medicare. ",1832.33,,,,,,,Fee Schedule,"758.1 % 2013 Manhattan Medicare. ",1832.33,,,,,,,Fee Schedule,"758.1 % 2013 Manhattan Medicare. ",286.03,,,,,,,Case Rate,"100% Medicare OPPS FS. ",1832.33,,,,,,,Fee Schedule,"758.1 % 2013 Manhattan Medicare. ",1832.33,,,,,,,Fee Schedule,"758.1 % 2013 Manhattan Medicare. ",423.29,,,,,,,Fee Schedule,"500.9942004971 % Medicare Physician FS TC Rates Only. ",403.77,,,,,,,Fee Schedule,110% of APG. Lesser of 100% of billed charges applies.,17.697,1,,,,,0,percent of total billed charges,NA. Covered services not payable under Medicaid Fee Schedules default to a payment of 50 percent of charges.; No services were performed during the 15 month look back period.,113.03,,,,,,,Fee Schedule,225% of NYS Medicaid fee schedule. Lesser of 100% of billed charges applies.,825.9,,,,,,,Case Rate,225 Percent of Medicaid APG. Covered services not payable under Medicaid Fee Schedules default to a payment of 87.5 percent of charges.,17.697,1,,,,,0,percent of total billed charges,NA. Covered services not payable under Medicaid Fee Schedules default to a payment of 50 percent of charges.; No services were performed during the 15 month look back period.,113.03,,,,,,,Fee Schedule,225% of NYS Medicaid fee schedule. Lesser of 100% of billed charges applies.,113.03,,,,,,,Fee Schedule,225% of NYS Medicaid fee schedule. Lesser of 100% of billed charges applies.,113.03,,,,,,,Fee Schedule,225% of NYS Medicaid fee schedule. Lesser of 100% of billed charges applies.,113.03,,,,,,,Fee Schedule,225% of NYS Medicaid fee schedule. Lesser of 100% of billed charges applies.,113.03,,,,,,,Fee Schedule,225% of NYS Medicaid fee schedule. Lesser of 100% of billed charges applies.,113.03,,,,,,,Fee Schedule,225% of NYS Medicaid fee schedule. Lesser of 100% of billed charges applies.,,,,,,,,,"NA. ",,,,,,,,,"NA. ",,,,,,,,,"NA. ",169.86,,,,,,,Fee Schedule,"250 % 2018 Cigna RBRVS fee schedule. ",,,,,,,,,"NA. ",286.03,,,,,,,Case Rate,"100% Medicare OPPS FS. ",75,,,,,,,Fee Schedule,"100 % 1199 Fee Schedule. ",286.03,,,,,,,Case Rate,"100% Medicare OPPS FS. ",286.03,,,,,,,Case Rate,"100% Medicare OPPS FS. ",440.48,,,,,,,Case Rate,"120 Percent of Medicaid APG. Not APG payable, or payable under another fee schedule like ASP/AWP pays at 30% of charges",440.48,,,,,,,Case Rate,"120 Percent of Medicaid APG. Not APG payable, or payable under another fee schedule like ASP/AWP pays at 30% of charges",367.07,,,,,,,Case Rate,"100 Percent of Medicaid APG. Not APG payable, or payable under another fee schedule like ASP/AWP pays at 30% of charges",367.07,,,,,,,Case Rate,"100 Percent of Medicaid APG. Not APG payable, or payable under another fee schedule like ASP/AWP pays at 30% of charges",367.07,,,,,,,Case Rate,"100 Percent of Medicaid APG. ",183.34,,,,,,,Fee Schedule,"217 % Medicare RBRVS. ",423.29,,,,,,,Fee Schedule,"500.9942004971 % Medicare Physician FS TC Rates Only. ",215.45,,,,,,,Fee Schedule,"255 % Medicare RBRVS. ",169.86,,,,,,,Fee Schedule,"250 % 2018 Cigna RBRVS fee schedule. ",286.03,,,,,,,Case Rate,"100%Medicare OPPS FS. ",286.03,,,,,,,Case Rate,"100% Medicare OPPS FS. ",286.03,,,,,,,Case Rate,"100% Medicare OPPS FS. ",286.03,,,,,,,Case Rate,"100% Medicare OPPS FS. ",286.03,,,,,,,Case Rate,"100%Medicare OPPS FS. ",286.03,,,,,,,Case Rate,"100% Medicare OPPS FS. ",,,,,,,,,"NA. ",113.03,,,,,,,Fee Schedule,225% of NYS Medicaid fee schedule. Lesser of 100% of billed charges applies.,75.89,,,,,,,Fee Schedule,"90 Percent of the Medicare technical component RBRVS. If no technical component exists, then 90 Percent of the Medicare RBRVS",1832.33,,,,,,,Fee Schedule,"758.1 % 2013 Manhattan Medicare. ",183.34,,,,,,,Fee Schedule,"217 % Medicare RBRVS. ",183.34,,,,,,,Fee Schedule,"217 % Medicare RBRVS. ",183.34,,,,,,,Fee Schedule,"217 % Medicare RBRVS. ",183.34,,,,,,,Fee Schedule,"217 % Medicare RBRVS. ",286.03,,,,,,,Case Rate,"100% Medicare OPPS FS. ",367.07,,,,,,,Case Rate,"100 Percent of Medicaid APG. ",1832.33,,,,,,,Fee Schedule,"758.1 % 2013 Manhattan Medicare. ",367.07,,,,,,,Case Rate,"100 Percent of Medicaid APG. ",286.03,,,,,,,Case Rate,"100% Medicare OPPS FS. ",367.07,,,,,,,Case Rate,"100 Percent of Medicaid APG. ",286.03,,,,,,,Case Rate,"100% Medicare OPPS FS. ",286.03,,,,,,,Case Rate,"100% Medicare OPPS FS. ",367.07,,,,,,,Case Rate,"100 Percent of Medicaid APG. ",367.07,,,,,,,Case Rate,"100 Percent of Medicaid APG. ",183.34,,,,,,,Fee Schedule,"217 % Medicare RBRVS. ",169.86,,,,,,,Fee Schedule,"250 % 2018 Cigna RBRVS fee schedule. ",1380.366,78,,,,,0,percent of total billed charges,78% of Billed Charges. Lesser of 100% of billed charges applies.; No services were performed during the 15 month look back period.,225.93,,,,,,,Other,. Paid once per unit per revenue code and lesser of 100% of billed charges.,225.93,,,,,,,Other,. Paid once per unit per revenue code and lesser of 100% of billed charges.,423.29,,,,,,,Fee Schedule,"500.9942004971 % Medicare Physician FS TC Rates Only. ",280.31,,,,,,,Case Rate,"98% of RBRVS. ",163.07,,,,,,,Fee Schedule,"193 % Medicare RBRVS. ",163.07,,,,,,,Fee Schedule,"193 % Medicare RBRVS. ",1465.91,,,,,,,Fee Schedule,"606.5 % 2013 Manhattan Medicare. ",1465.91,,,,,,,Fee Schedule,"606.5 % 2013 Manhattan Medicare. ",286.03,,,,,,,Case Rate,"100% Medicare OPPS FS. ",286.03,,,,,,,Case Rate,"100% Medicare OPPS FS. ",286.03,,,,,,,Case Rate,"100% Medicare OPPS FS. ",286.03,,,,,,,Case Rate,"100% Medicare OPPS FS. ",225.93,,,,,,,Other,. Paid once per unit per revenue code and lesser of 100% of billed charges.,1832.33,,,,,,,Fee Schedule,"758.1 % 2013 Manhattan Medicare. ",1832.33,,,,,,,Fee Schedule,"758.1 % 2013 Manhattan Medicare. ",286.03,,,,,,,Case Rate,"100% Medicare OPPS FS. ",1465.91,,,,,,,Fee Schedule,"606.5 % 2013 Manhattan Medicare. ",215.45,,,,,,,Fee Schedule,"255 % Medicare RBRVS. ",440.48,,,,,,,Fee Schedule,"120 Percent of Medicaid APG. ",367.07,,,,,,,Case Rate,"100 Percent of Medicaid APG. ",183.34,,,,,,,Fee Schedule,"217 % Medicare RBRVS. ",1649.12,,,,,,,Fee Schedule,"682.3 % 2013 Manhattan Medicare. ",1649.12,,,,,,,Fee Schedule,"682.3 % 2013 Manhattan Medicare. ",1832.33,,,,,,,Fee Schedule,"758.1 % 2013 Manhattan Medicare. ",884.85,50,,,,,0,percent of total billed charges,50 percent of billed charges; No services were performed during the 15 month look back period.,286.03,,,,,,,Case Rate,"100%Medicare OPPS FS. ",385.42,,,,,,,Fee Schedule,105 percent of Medicaid APG. otherwise 105% of Ordered NYS MCD FS or 105% of ASP+6%,385.42,,,,,,,Fee Schedule,105 percent of Medicaid APG. otherwise 105% of Ordered NYS MCD FS or 105% of ASP+6%,385.42,,,,,,,Fee Schedule,105 percent of Medicaid APG. otherwise 105% of Ordered NYS MCD FS or 105% of ASP+6%,495.54,,,,,,,Fee Schedule,135 percent of Medicaid APG. otherwise 135% of Ordered NYS MCD FS or 135% of ASP+6%,225.93,,,,,,,Other,. Paid once per unit per revenue code and lesser of 100% of billed charges.,385.42,,,,,,,Fee Schedule,105 percent of Medicaid APG. otherwise 105% of Ordered NYS MCD FS or 105% of ASP+6%,385.42,,,,,,,Fee Schedule,105 percent of Medicaid APG. otherwise 105% of Ordered NYS MCD FS or 105% of ASP+6%,385.42,,,,,,,Fee Schedule,105 percent of Medicaid APG. otherwise 105% of Ordered NYS MCD FS or 105% of ASP+6%,385.42,,,,,,,Fee Schedule,105 percent of Medicaid APG. otherwise 105% of Ordered NYS MCD FS or 105% of ASP+6%,385.42,,,,,,,Fee Schedule,105 percent of Medicaid APG. otherwise 105% of Ordered NYS MCD FS or 105% of ASP+6%,495.54,,,,,,,Fee Schedule,135 percent of Medicaid APG. otherwise 135% of Ordered NYS MCD FS or 135% of ASP+6%,495.54,,,,,,,Fee Schedule,135 percent of Medicaid APG. otherwise 135% of Ordered NYS MCD FS or 135% of ASP+6%,286.03,,,,,,,Case Rate,"100% Medicare OPPS FS. ",225.93,,,,,,,Other,. Paid once per unit per revenue code and lesser of 100% of billed charges.,286.03,,,,,,,Case Rate,"100% Medicare OPPS FS. ",385.42,,,,,,,Fee Schedule,105 percent of Medicaid APG. otherwise 105% of Ordered NYS MCD FS or 105% of ASP+6%,1832.33,,,,,,,Fee Schedule,"758.1 % 2013 Manhattan Medicare. ",286.03,,,,,,,Case Rate,"100% Medicare OPPS FS. ",1832.33,,,,,,,Fee Schedule,"758.1 % 2013 Manhattan Medicare. ",1832.33,,,,,,,Fee Schedule,"758.1 % 2013 Manhattan Medicare. ",1832.33,,,,,,,Fee Schedule,"758.1 % 2013 Manhattan Medicare. ",385.42,,,,,,,Fee Schedule,105 percent of Medicaid APG. otherwise 105% of Ordered NYS MCD FS or 105% of ASP+6%,286.03,,,,,,,Case Rate,"100% Medicare OPPS FS. ",1832.33,,,,,,,Fee Schedule,"758.1 % 2013 Manhattan Medicare. ",495.54,,,,,,,Fee Schedule,135 percent of Medicaid APG. otherwise 135% of Ordered NYS MCD FS or 135% of ASP+6%,1832.33,,,,,,,Fee Schedule,"758.1 % 2013 Manhattan Medicare. ",429.04,,,,,,,Case Rate,"150% of Medicare OPPS. ",286.03,,,,,,,Case Rate,"100%Medicare OPPS FS. ",183.34,,,,,,,Fee Schedule,"217 % Medicare RBRVS. ",183.34,,,,,,,Fee Schedule,"217 % Medicare RBRVS. ",183.34,,,,,,,Fee Schedule,"217 % Medicare RBRVS. ",183.34,,,,,,,Fee Schedule,"217 % Medicare RBRVS. ",183.34,,,,,,,Fee Schedule,"217 % Medicare RBRVS. ",215.45,,,,,,,Fee Schedule,"255 % Medicare RBRVS. ",215.45,,,,,,,Fee Schedule,"255 % Medicare RBRVS. ",183.34,,,,,,,Fee Schedule,"217 % Medicare RBRVS. ",183.34,,,,,,,Fee Schedule,"217 % Medicare RBRVS. ",183.34,,,,,,,Fee Schedule,"217 % Medicare RBRVS. ",183.34,,,,,,,Fee Schedule,"217 % Medicare RBRVS. ",183.34,,,,,,,Fee Schedule,"217 % Medicare RBRVS. ",286.03,,,,,,,Case Rate,"100% Medicare OPPS FS. ",215.45,,,,,,,Fee Schedule,"255 % Medicare RBRVS. ",286.03,,,,,,,Case Rate,"100% Medicare OPPS FS. ",825.9,,,,,,,Case Rate,"225 Percent of Medicaid APG. If not included in Medicaid APG, then 100 Percent of Manhattan Medicare",367.07,,,,,,,Case Rate,"100 Percent of Medicaid APG. If not priced under APG, then Metroplus FeeSched",225.93,,,,,,,Other,. Paid once per unit per revenue code and lesser of 100% of billed charges.,225.93,,,,,,,Other,. Paid once per unit per revenue code and lesser of 100% of billed charges.,286.03,,,,,,,Case Rate,"100% Medicare OPPS FS. ",163.07,,,,,,,Fee Schedule,"193 % Medicare RBRVS. ",286.03,,,,,,,Case Rate,"100% Medicare OPPS FS. ",286.03,,,,,,,Case Rate,"100% Medicare OPPS FS. ",423.29,,,,,,,Fee Schedule,"500.9942004971 % Medicare Physician FS TC Rates Only. ",286.03,,,,,,,Case Rate,"100% Medicare OPPS FS. ",169.86,,,,,,,Fee Schedule,"250 % 2018 Cigna RBRVS fee schedule. ",286.03,,,,,,,Case Rate,"100% Medicare OPPS FS. ",169.86,,,,,,,Fee Schedule,"250 % 2018 Cigna RBRVS fee schedule. ",423.29,,,,,,,Fee Schedule,"500.9942004971 % Medicare Physician FS TC Rates Only. ",169.86,,,,,,,Fee Schedule,"250 % 2018 Cigna RBRVS fee schedule. ",286.03,,,,,,,Case Rate,"100% Medicare OPPS FS. ",367.07,,,,,,,Case Rate,"100 Percent of Medicaid APG. ",286.03,,,,,,,Case Rate,"100% Medicare OPPS FS. ",169.86,,,,,,,Fee Schedule,"250 % 2018 Cigna RBRVS fee schedule. ",225.93,,,,,,,Other,. Paid once per unit per revenue code and lesser of 100% of billed charges.,367.07,,,,,,,Case Rate,"100 Percent of Medicaid APG. ",1832.33,,,,,,,Fee Schedule,"758.1 % 2013 Manhattan Medicare. ",440.48,,,,,,,Fee Schedule,"120 Percent of Medicaid APG. ",440.48,,,,,,,Fee Schedule,"120 Percent of Medicaid APG. ",1832.33,,,,,,,Fee Schedule,"758.1 % 2013 Manhattan Medicare. ",1832.33,,,,,,,Fee Schedule,"758.1 % 2013 Manhattan Medicare. ",1832.33,,,,,,,Fee Schedule,"758.1 % 2013 Manhattan Medicare. ",225.93,,,,,,,Other,. Paid once per unit per revenue code and lesser of 100% of billed charges.,1832.33,,,,,,,Fee Schedule,"758.1 % 2013 Manhattan Medicare. ",1832.33,,,,,,,Fee Schedule,"758.1 % 2013 Manhattan Medicare. ",1832.33,,,,,,,Fee Schedule,"758.1 % 2013 Manhattan Medicare. ",183.34,,,,,,,Fee Schedule,"217 % Medicare RBRVS. ",183.34,,,,,,,Fee Schedule,"217 % Medicare RBRVS. ",566.33,,,,,,,Case Rate,198 Percent of Medicare OPPS. Metroplus will reimburse unlisted codes and described codes with no Medicare rate at 50 percent of charges.,367.07,,,,,,,Case Rate,"100 Percent of Medicaid APG. ",225.93,,,,,,,Other,. Paid once per unit per revenue code and lesser of 100% of billed charges.,169.86,,,,,,,Fee Schedule,"250 % 2018 Cigna RBRVS fee schedule. ",423.29,,,,,,,Fee Schedule,"500.9942004971 % Medicare Physician FS TC Rates Only. ",225.93,,,,,,,Other,. Paid once per unit per revenue code and lesser of 100% of billed charges.,423.29,,,,,,,Fee Schedule,"500.9942004971 % Medicare Physician FS TC Rates Only. ",225.93,,,,,,,Other,. Paid once per unit per revenue code and lesser of 100% of billed charges.,1832.33,,,,,,,Fee Schedule,"758.1 % 2013 Manhattan Medicare. ",1832.33,,,,,,,Fee Schedule,"758.1 % 2013 Manhattan Medicare. ",1832.33,,,,,,,Fee Schedule,"758.1 % 2013 Manhattan Medicare. ",1832.33,,,,,,,Fee Schedule,"758.1 % 2013 Manhattan Medicare. ",286.03,,,,,,,Case Rate,"100% Medicare OPPS FS. ",17.697,2775.55,
75561,CPT,2021030,LOCAL,610,RC,HC CARDIAC MRI FOR MORPH W/DYE,10879.57,2067.1183,both,,,,680,,,,,,,Fee Schedule,"100 % 1199 Fee Schedule. ",680,,,,,,,Fee Schedule,"100 % 1199 Fee Schedule. ",1387.42,,,,,,,Fee Schedule,"501.000252771459 % Medicare Physician FS TC Rates Only. ",10879.57,100,,,,,0,percent of total billed charges,100 percent of billed charges. ; No services were performed during the 15 month look back period.,422.59,,,,,,,Case Rate,"100% Medicare OPPS FS. ",1387.42,,,,,,,Fee Schedule,"501.000252771459 % Medicare Physician FS TC Rates Only. ",1387.42,,,,,,,Fee Schedule,"501.000252771459 % Medicare Physician FS TC Rates Only. ",1387.42,,,,,,,Fee Schedule,"501.000252771459 % Medicare Physician FS TC Rates Only. ",774.06,,,,,,,Case Rate,"100 Percent of Medicaid APG. ",645.05,,,,,,,Case Rate,"100 Percent of Medicaid APG. ",8486.0646,78,,,,,0,percent of total billed charges,78% of Billed Charges. Lesser of 100% of billed charges applies.; No services were performed during the 15 month look back period.,2510.81,,,,,,,Other,. Paid once per unit per revenue code and lesser of 100% of billed charges.,645.05,,,,,,,Case Rate,"100 Percent of Medicaid APG. ",422.59,,,,,,,Case Rate,"100% Medicare OPPS FS. ",920.48,,,,,,,Fee Schedule,"250 % 2018 Cigna RBRVS fee schedule. ",920.48,,,,,,,Fee Schedule,"250 % 2018 Cigna RBRVS fee schedule. ",920.48,,,,,,,Fee Schedule,"250 % 2018 Cigna RBRVS fee schedule. ",920.48,,,,,,,Fee Schedule,"250 % 2018 Cigna RBRVS fee schedule. ",256.69,,,,,,,Fee schedule,90 Percent of Medicare RBRVS. Covered services not payable under Medicaid Fee Schedules default to a payment of 50 percent of charges.,422.59,,,,,,,Case Rate,"100% Medicare OPPS FS. ",256.69,,,,,,,Fee schedule,90 Percent of Medicare RBRVS. Covered services not payable under Medicaid Fee Schedules default to a payment of 50 percent of charges.,8486.0646,78,,,,,0,percent of total billed charges,78% of Billed Charges. Lesser of 100% of billed charges applies.; No services were performed during the 15 month look back period.,1387.42,,,,,,,Fee Schedule,"501.000252771459 % Medicare Physician FS TC Rates Only. ",422.59,,,,,,,Case Rate,"100%Medicare OPPS FS. ",706.17,,,,,,,Fee Schedule,"255 % Medicare RBRVS. ",422.59,,,,,,,Case Rate,"100%Medicare OPPS FS. ",422.59,,,,,,,Case Rate,"100%Medicare OPPS FS. ",8486.0646,78,,,,,0,percent of total billed charges,78% of Billed Charges. Lesser of 100% of billed charges applies.; No services were performed during the 15 month look back period.,226.37,,,,,,,Case Rate,100% of PAS. Lesser of 100% of billed charges applies.,226.37,,,,,,,Case Rate,100% of PAS. Lesser of 100% of billed charges applies.,256.69,,,,,,,Fee schedule,"90 Percent of Medicare RBRVS. ",256.69,,,,,,,Fee schedule,"90 Percent of Medicare RBRVS. ",706.17,,,,,,,Fee Schedule,"255 % Medicare RBRVS. ",706.17,,,,,,,Fee Schedule,"255 % Medicare RBRVS. ",645.05,,,,,,,Case Rate,"100 Percent of Medicaid APG. Not APG payable, or payable under another fee schedule like ASP/AWP pays at 30% of charges",706.17,,,,,,,Fee Schedule,"255 % Medicare RBRVS. ",645.05,,,,,,,Case Rate,"100 Percent of Medicaid APG. Not APG payable, or payable under another fee schedule like ASP/AWP pays at 30% of charges",422.59,,,,,,,Case Rate,"100%Medicare OPPS FS. ",706.17,,,,,,,Fee Schedule,"255 % Medicare RBRVS. ",8486.0646,78,,,,,0,percent of total billed charges,78% of Billed Charges. Lesser of 100% of billed charges applies.; No services were performed during the 15 month look back period.,645.05,,,,,,,Case Rate,"100 Percent of Medicaid APG. If not priced under APG, then Metroplus FeeSched",645.05,,,,,,,Case Rate,"100 Percent of Medicaid APG. If not priced under APG, then Metroplus FeeSched",8486.0646,78,,,,,0,percent of total billed charges,78% of Billed Charges. Lesser of 100% of billed charges applies.; No services were performed during the 15 month look back period.,920.48,,,,,,,Fee Schedule,"250 % 2018 Cigna RBRVS fee schedule. ",2426,,,,,,,Other,. Paid once per unit per revenue code and lesser of 100% of billed charges.,2426,,,,,,,Other,. Paid once per unit per revenue code and lesser of 100% of billed charges.,8486.0646,78,,,,,0,percent of total billed charges,78% of Billed Charges. Lesser of 100% of billed charges applies.; No services were performed during the 15 month look back period.,422.59,,,,,,,Case Rate,"100% Medicare OPPS FS. ",2510.81,,,,,,,Other,. Paid once per unit per revenue code and lesser of 100% of billed charges.,2510.81,,,,,,,Other,. Paid once per unit per revenue code and lesser of 100% of billed charges.,2510.81,,,,,,,Other,. Paid once per unit per revenue code and lesser of 100% of billed charges.,422.59,,,,,,,Case Rate,"100% Medicare OPPS FS. ",2510.81,,,,,,,Other,. Paid once per unit per revenue code and lesser of 100% of billed charges.,2510.81,,,,,,,Other,. Paid once per unit per revenue code and lesser of 100% of billed charges.,422.59,,,,,,,Case Rate,"100% of Medicare OPPS. ",5439.785,50,,,,,0,percent of total billed charges,50 percent of billed charges; No services were performed during the 15 month look back period.,3219.2,,,,,,,Fee Schedule,"758.1 % 2013 Manhattan Medicare. ",3219.2,,,,,,,Fee Schedule,"758.1 % 2013 Manhattan Medicare. ",3219.2,,,,,,,Fee Schedule,"758.1 % 2013 Manhattan Medicare. ",3219.2,,,,,,,Fee Schedule,"758.1 % 2013 Manhattan Medicare. ",3219.2,,,,,,,Fee Schedule,"758.1 % 2013 Manhattan Medicare. ",3219.2,,,,,,,Fee Schedule,"758.1 % 2013 Manhattan Medicare. ",422.59,,,,,,,Case Rate,"100% Medicare OPPS FS. ",422.59,,,,,,,Case Rate,"100% Medicare OPPS FS. ",3219.2,,,,,,,Fee Schedule,"758.1 % 2013 Manhattan Medicare. ",8486.0646,78,,,,,0,percent of total billed charges,78% of Billed Charges. Lesser of 100% of billed charges applies.; No services were performed during the 15 month look back period.,8486.0646,78,,,,,0,percent of total billed charges,78% of Billed Charges. Lesser of 100% of billed charges applies.; No services were performed during the 15 month look back period.,8486.0646,78,,,,,0,percent of total billed charges,78% of Billed Charges. Lesser of 100% of billed charges applies.; No services were performed during the 15 month look back period.,8486.0646,78,,,,,0,percent of total billed charges,78% of Billed Charges. Lesser of 100% of billed charges applies.; No services were performed during the 15 month look back period.,8486.0646,78,,,,,0,percent of total billed charges,78% of Billed Charges. Lesser of 100% of billed charges applies.; No services were performed during the 15 month look back period.,8486.0646,78,,,,,0,percent of total billed charges,78% of Billed Charges. Lesser of 100% of billed charges applies.; No services were performed during the 15 month look back period.,8486.0646,78,,,,,0,percent of total billed charges,78% of Billed Charges. Lesser of 100% of billed charges applies.; No services were performed during the 15 month look back period.,8486.0646,78,,,,,0,percent of total billed charges,78% of Billed Charges. Lesser of 100% of billed charges applies.; No services were performed during the 15 month look back period.,8486.0646,78,,,,,0,percent of total billed charges,78% of Billed Charges. Lesser of 100% of billed charges applies.; No services were performed during the 15 month look back period.,8486.0646,78,,,,,0,percent of total billed charges,78% of Billed Charges. Lesser of 100% of billed charges applies.; No services were performed during the 15 month look back period.,8486.0646,78,,,,,0,percent of total billed charges,78% of Billed Charges. Lesser of 100% of billed charges applies.; No services were performed during the 15 month look back period.,8486.0646,78,,,,,0,percent of total billed charges,78% of Billed Charges. Lesser of 100% of billed charges applies.; No services were performed during the 15 month look back period.,8486.0646,78,,,,,0,percent of total billed charges,78% of Billed Charges. Lesser of 100% of billed charges applies.; No services were performed during the 15 month look back period.,8486.0646,78,,,,,0,percent of total billed charges,78% of Billed Charges. Lesser of 100% of billed charges applies.; No services were performed during the 15 month look back period.,8486.0646,78,,,,,0,percent of total billed charges,78% of Billed Charges. Lesser of 100% of billed charges applies.; No services were performed during the 15 month look back period.,8486.0646,78,,,,,0,percent of total billed charges,78% of Billed Charges. Lesser of 100% of billed charges applies.; No services were performed during the 15 month look back period.,8486.0646,78,,,,,0,percent of total billed charges,78% of Billed Charges. Lesser of 100% of billed charges applies.; No services were performed during the 15 month look back period.,8486.0646,78,,,,,0,percent of total billed charges,78% of Billed Charges. Lesser of 100% of billed charges applies.; No services were performed during the 15 month look back period.,8486.0646,78,,,,,0,percent of total billed charges,78% of Billed Charges. Lesser of 100% of billed charges applies.; No services were performed during the 15 month look back period.,8486.0646,78,,,,,0,percent of total billed charges,78% of Billed Charges. Lesser of 100% of billed charges applies.; No services were performed during the 15 month look back period.,8486.0646,78,,,,,0,percent of total billed charges,78% of Billed Charges. Lesser of 100% of billed charges applies.; No services were performed during the 15 month look back period.,8486.0646,78,,,,,0,percent of total billed charges,78% of Billed Charges. Lesser of 100% of billed charges applies.; No services were performed during the 15 month look back period.,8486.0646,78,,,,,0,percent of total billed charges,78% of Billed Charges. Lesser of 100% of billed charges applies.; No services were performed during the 15 month look back period.,8486.0646,78,,,,,0,percent of total billed charges,78% of Billed Charges. Lesser of 100% of billed charges applies.; No services were performed during the 15 month look back period.,8486.0646,78,,,,,0,percent of total billed charges,78% of Billed Charges. Lesser of 100% of billed charges applies.; No services were performed during the 15 month look back period.,8486.0646,78,,,,,0,percent of total billed charges,78% of Billed Charges. Lesser of 100% of billed charges applies.; No services were performed during the 15 month look back period.,706.17,,,,,,,Fee Schedule,"255 % Medicare RBRVS. ",706.17,,,,,,,Fee Schedule,"255 % Medicare RBRVS. ",706.17,,,,,,,Fee Schedule,"255 % Medicare RBRVS. ",706.17,,,,,,,Fee Schedule,"255 % Medicare RBRVS. ",534.47,,,,,,,Fee Schedule,"193 % Medicare RBRVS. ",534.47,,,,,,,Fee Schedule,"193 % Medicare RBRVS. ",920.48,,,,,,,Fee Schedule,"250 % 2018 Cigna RBRVS fee schedule. ",3219.2,,,,,,,Fee Schedule,"758.1 % 2013 Manhattan Medicare. ",2510.81,,,,,,,Other,. Paid once per unit per revenue code and lesser of 100% of billed charges.,3219.2,,,,,,,Fee Schedule,"758.1 % 2013 Manhattan Medicare. ",8486.0646,78,,,,,0,percent of total billed charges,78% of Billed Charges. Lesser of 100% of billed charges applies.; No services were performed during the 15 month look back period.,534.47,,,,,,,Fee Schedule,"193 % Medicare RBRVS. ",3219.2,,,,,,,Fee Schedule,"758.1 % 2013 Manhattan Medicare. ",2510.81,,,,,,,Other,. Paid once per unit per revenue code and lesser of 100% of billed charges.,920.48,,,,,,,Fee Schedule,"250 % 2018 Cigna RBRVS fee schedule. ",,,,,,,,,"NA. ",8486.0646,78,,,,,0,percent of total billed charges,78% of Billed Charges. Lesser of 100% of billed charges applies.; No services were performed during the 15 month look back period.,645.05,,,,,,,Case Rate,"100 Percent of Medicaid APG. ",706.17,,,,,,,Fee Schedule,"255 % Medicare RBRVS. ",645.05,,,,,,,Case Rate,"100 Percent of Medicaid APG. Not APG payable, or payable under another fee schedule like ASP/AWP pays at 30% of charges",422.59,,,,,,,Case Rate,"100%Medicare OPPS FS. ",422.59,,,,,,,Case Rate,"100% Medicare OPPS FS. ",5439.785,50,,,,,0,percent of total billed charges,50 percent of billed charges; No services were performed during the 15 month look back period.,422.59,,,,,,,Case Rate,"100% Medicare OPPS FS. ",422.59,,,,,,,Case Rate,"100% Medicare OPPS FS. ",645.05,,,,,,,Case Rate,"100 Percent of Medicaid APG. ",422.59,,,,,,,Case Rate,"100% Medicare OPPS FS. ",422.59,,,,,,,Case Rate,"100% Medicare OPPS FS. ",1387.42,,,,,,,Fee Schedule,"501.000252771459 % Medicare Physician FS TC Rates Only. ",1387.42,,,,,,,Fee Schedule,"501.000252771459 % Medicare Physician FS TC Rates Only. ",422.59,,,,,,,Case Rate,"100% Medicare OPPS FS. ",920.48,,,,,,,Fee Schedule,"250 % 2018 Cigna RBRVS fee schedule. ",2510.81,,,,,,,Other,. Paid once per unit per revenue code and lesser of 100% of billed charges.,2510.81,,,,,,,Other,. Paid once per unit per revenue code and lesser of 100% of billed charges.,422.59,,,,,,,Case Rate,"100% Medicare OPPS FS. ",920.48,,,,,,,Fee Schedule,"250 % 2018 Cigna RBRVS fee schedule. ",1387.42,,,,,,,Fee Schedule,"501.000252771459 % Medicare Physician FS TC Rates Only. ",1387.42,,,,,,,Fee Schedule,"501.000252771459 % Medicare Physician FS TC Rates Only. ",1387.42,,,,,,,Fee Schedule,"501.000252771459 % Medicare Physician FS TC Rates Only. ",8486.0646,78,,,,,0,percent of total billed charges,78% of Billed Charges. Lesser of 100% of billed charges applies.; No services were performed during the 15 month look back period.,8486.0646,78,,,,,0,percent of total billed charges,78% of Billed Charges. Lesser of 100% of billed charges applies.; No services were performed during the 15 month look back period.,8486.0646,78,,,,,0,percent of total billed charges,78% of Billed Charges. Lesser of 100% of billed charges applies.; No services were performed during the 15 month look back period.,8486.0646,78,,,,,0,percent of total billed charges,78% of Billed Charges. Lesser of 100% of billed charges applies.; No services were performed during the 15 month look back period.,8486.0646,78,,,,,0,percent of total billed charges,78% of Billed Charges. Lesser of 100% of billed charges applies.; No services were performed during the 15 month look back period.,8486.0646,78,,,,,0,percent of total billed charges,78% of Billed Charges. Lesser of 100% of billed charges applies.; No services were performed during the 15 month look back period.,8486.0646,78,,,,,0,percent of total billed charges,78% of Billed Charges. Lesser of 100% of billed charges applies.; No services were performed during the 15 month look back period.,8486.0646,78,,,,,0,percent of total billed charges,78% of Billed Charges. Lesser of 100% of billed charges applies.; No services were performed during the 15 month look back period.,8486.0646,78,,,,,0,percent of total billed charges,78% of Billed Charges. Lesser of 100% of billed charges applies.; No services were performed during the 15 month look back period.,8486.0646,78,,,,,0,percent of total billed charges,78% of Billed Charges. Lesser of 100% of billed charges applies.; No services were performed during the 15 month look back period.,8486.0646,78,,,,,0,percent of total billed charges,78% of Billed Charges. Lesser of 100% of billed charges applies.; No services were performed during the 15 month look back period.,534.47,,,,,,,Fee Schedule,"193 % Medicare RBRVS. ",3219.2,,,,,,,Fee Schedule,"758.1 % 2013 Manhattan Medicare. ",920.48,,,,,,,Fee Schedule,"250 % 2018 Cigna RBRVS fee schedule. ",422.59,,,,,,,Case Rate,"100% Medicare OPPS FS. ",1387.42,,,,,,,Fee Schedule,"501.000252771459 % Medicare Physician FS TC Rates Only. ",920.48,,,,,,,Fee Schedule,"250 % 2018 Cigna RBRVS fee schedule. ",920.48,,,,,,,Fee Schedule,"250 % 2018 Cigna RBRVS fee schedule. ",8486.0646,78,,,,,0,percent of total billed charges,78% of Billed Charges. Lesser of 100% of billed charges applies.; No services were performed during the 15 month look back period.,1380.4,,,,,,,Case Rate,"141 Percent of current Medicare RBRVS FeeSched. ",920.48,,,,,,,Fee Schedule,"250 % 2018 Cigna RBRVS fee schedule. ",645.05,,,,,,,Case Rate,"100 Percent of Medicaid APG. ",422.59,,,,,,,Case Rate,"100% Medicare OPPS FS. ",422.59,,,,,,,Case Rate,"100% Medicare OPPS FS. ",422.59,,,,,,,Case Rate,"100% Medicare OPPS FS. ",422.59,,,,,,,Case Rate,"100% Medicare OPPS FS. ",422.59,,,,,,,Case Rate,"100% Medicare OPPS FS. ",422.59,,,,,,,Case Rate,"100% Medicare OPPS FS. ",920.48,,,,,,,Fee Schedule,"250 % 2018 Cigna RBRVS fee schedule. ",5439.785,50,,,,,0,percent of total billed charges,50 percent of billed charges; No services were performed during the 15 month look back period.,456.34,,,,,,,Fee Schedule,"160 Percent of Medicare RBRVS. ",456.34,,,,,,,Fee Schedule,"160 Percent of Medicare RBRVS. ",456.34,,,,,,,Fee Schedule,"160 Percent of Medicare RBRVS. ",456.34,,,,,,,Fee Schedule,"160 Percent of Medicare RBRVS. ",456.34,,,,,,,Fee Schedule,"160 Percent of Medicare RBRVS. ",,,,,,,,,"NA. ",5439.785,50,,,,,0,percent of total billed charges,50 percent of billed charges; No services were performed during the 15 month look back period.,836.73,,,,,,,Case Rate,198 Percent of Medicare OPPS. Metroplus will reimburse unlisted codes and described codes with no Medicare rate at 50 percent of charges.,836.73,,,,,,,Case Rate,198 Percent of Medicare OPPS. Metroplus will reimburse unlisted codes and described codes with no Medicare rate at 50 percent of charges.,836.73,,,,,,,Case Rate,198 Percent of Medicare OPPS. Metroplus will reimburse unlisted codes and described codes with no Medicare rate at 50 percent of charges.,836.73,,,,,,,Case Rate,198 Percent of Medicare OPPS. Metroplus will reimburse unlisted codes and described codes with no Medicare rate at 50 percent of charges.,836.73,,,,,,,Case Rate,198 Percent of Medicare OPPS. Metroplus will reimburse unlisted codes and described codes with no Medicare rate at 50 percent of charges.,422.59,,,,,,,Case Rate,"100% Medicare OPPS FS. ",534.47,,,,,,,Fee Schedule,"193 % Medicare RBRVS. ",534.47,,,,,,,Fee Schedule,"193 % Medicare RBRVS. ",534.47,,,,,,,Fee Schedule,"193 % Medicare RBRVS. ",534.47,,,,,,,Fee Schedule,"193 % Medicare RBRVS. ",1387.42,,,,,,,Fee Schedule,"501.000252771459 % Medicare Physician FS TC Rates Only. ",1387.42,,,,,,,Fee Schedule,"501.000252771459 % Medicare Physician FS TC Rates Only. ",1387.42,,,,,,,Fee Schedule,"501.000252771459 % Medicare Physician FS TC Rates Only. ",1387.42,,,,,,,Fee Schedule,"501.000252771459 % Medicare Physician FS TC Rates Only. ",5439.785,50,,,,,0,percent of total billed charges,50 percent of billed charges; No services were performed during the 15 month look back period.,5439.785,50,,,,,0,percent of total billed charges,50 percent of billed charges; No services were performed during the 15 month look back period.,422.59,,,,,,,Case Rate,"100% Medicare OPPS FS. ",422.59,,,,,,,Case Rate,"100% Medicare OPPS FS. ",422.59,,,,,,,Case Rate,"100% Medicare OPPS FS. ",3219.2,,,,,,,Fee Schedule,"758.1 % 2013 Manhattan Medicare. ",3219.2,,,,,,,Fee Schedule,"758.1 % 2013 Manhattan Medicare. ",3219.2,,,,,,,Fee Schedule,"758.1 % 2013 Manhattan Medicare. ",5439.785,50,,,,,0,percent of total billed charges,50 percent of billed charges; No services were performed during the 15 month look back period.,1387.42,,,,,,,Fee Schedule,"501.000252771459 % Medicare Physician FS TC Rates Only. ",422.59,,,,,,,Case Rate,"100% Medicare OPPS FS. ",3219.2,,,,,,,Fee Schedule,"758.1 % 2013 Manhattan Medicare. ",645.05,,,,,,,Case Rate,"100 Percent of Medicaid APG. ",431.04,,,,,,,Case Rate,"102% of Medicare OPPS. ",431.04,,,,,,,Case Rate,"102% of Medicare OPPS. ",431.04,,,,,,,Case Rate,"102% of Medicare OPPS. ",256.69,,,,,,,Fee schedule,"90 Percent of Medicare RBRVS. ",1451.36,,,,,,,Case Rate,225% of NYS APG. Lesser of 100% of billed charges applies.,1451.36,,,,,,,Case Rate,225% of NYS APG. Lesser of 100% of billed charges applies.,1451.36,,,,,,,Case Rate,225% of NYS APG. Lesser of 100% of billed charges applies.,1451.36,,,,,,,Case Rate,225% of NYS APG. Lesser of 100% of billed charges applies.,1451.36,,,,,,,Case Rate,225% of NYS APG. Lesser of 100% of billed charges applies.,431.04,,,,,,,Case Rate,"102% of Medicare OPPS. ",645.05,,,,,,,Case Rate,"100 Percent of Medicaid APG. ",226.37,,,,,,,Case Rate,100% of PAS. Lesser of 100% of billed charges applies.,1451.36,,,,,,,Case Rate,225% of NYS APG. Lesser of 100% of billed charges applies.,1451.36,,,,,,,Case Rate,225% of NYS APG. Lesser of 100% of billed charges applies.,226.37,,,,,,,Case Rate,100% of PAS. Lesser of 100% of billed charges applies.,226.37,,,,,,,Case Rate,100% of PAS. Lesser of 100% of billed charges applies.,456.34,,,,,,,Fee Schedule,"160 Percent of Medicare RBRVS. ",422.59,,,,,,,Case Rate,"100% Medicare OPPS FS. ",422.59,,,,,,,Case Rate,"100% Medicare OPPS FS. ",1387.42,,,,,,,Fee Schedule,"501.000252771459 % Medicare Physician FS TC Rates Only. ",422.59,,,,,,,Case Rate,"100% Medicare OPPS FS. ",1451.36,,,,,,,Fee Schedule,"225 Percent of Medicaid APG. ",1451.36,,,,,,,Fee Schedule,"225 Percent of Medicaid APG. ",256.69,,,,,,,Fee schedule,"90 Percent of Medicare RBRVS. ",256.69,,,,,,,Fee schedule,"90 Percent of Medicare RBRVS. ",1451.36,,,,,,,Case Rate,225 Percent of Medicaid APG. Covered services not payable under Medicaid Fee Schedules default to a payment of 87.5 percent of charges.,256.69,,,,,,,Fee schedule,90 Percent of Medicare RBRVS. Covered services not payable under Medicaid Fee Schedules default to a payment of 50 percent of charges.,1451.36,,,,,,,Case Rate,"100 Percent of Medicaid APG. ",1451.36,,,,,,,Case Rate,"100 Percent of Medicaid APG. ",1451.36,,,,,,,Case Rate,"100 Percent of Medicaid APG. ",1451.36,,,,,,,Case Rate,"100 Percent of Medicaid APG. ",2961.72,,,,,,,Fee Schedule,"1019 % Manhattan Facility Rate. ",5439.785,50,,,,,0,percent of total billed charges,50 percent of billed charges; No services were performed during the 15 month look back period.,774.06,,,,,,,Case Rate,"120 Percent of Medicaid APG. Not APG payable, or payable under another fee schedule like ASP/AWP pays at 30% of charges",774.06,,,,,,,Case Rate,"120 Percent of Medicaid APG. Not APG payable, or payable under another fee schedule like ASP/AWP pays at 30% of charges",645.05,,,,,,,Case Rate,"100 Percent of Medicaid APG. Not APG payable, or payable under another fee schedule like ASP/AWP pays at 30% of charges",645.05,,,,,,,Case Rate,"100 Percent of Medicaid APG. Not APG payable, or payable under another fee schedule like ASP/AWP pays at 30% of charges",3219.2,,,,,,,Fee Schedule,"758.1 % 2013 Manhattan Medicare. ",3219.2,,,,,,,Fee Schedule,"758.1 % 2013 Manhattan Medicare. ",422.59,,,,,,,Case Rate,"100% Medicare OPPS FS. ",3219.2,,,,,,,Fee Schedule,"758.1 % 2013 Manhattan Medicare. ",3219.2,,,,,,,Fee Schedule,"758.1 % 2013 Manhattan Medicare. ",3219.2,,,,,,,Fee Schedule,"758.1 % 2013 Manhattan Medicare. ",3219.2,,,,,,,Fee Schedule,"758.1 % 2013 Manhattan Medicare. ",422.59,,,,,,,Case Rate,"100% Medicare OPPS FS. ",3219.2,,,,,,,Fee Schedule,"758.1 % 2013 Manhattan Medicare. ",3219.2,,,,,,,Fee Schedule,"758.1 % 2013 Manhattan Medicare. ",1387.42,,,,,,,Fee Schedule,"501.000252771459 % Medicare Physician FS TC Rates Only. ",709.55,,,,,,,Fee Schedule,110% of APG. Lesser of 100% of billed charges applies.,256.69,,,,,,,Fee schedule,90 Percent of Medicare RBRVS. Covered services not payable under Medicaid Fee Schedules default to a payment of 50 percent of charges.,1451.36,,,,,,,Case Rate,225% of NYS APG. Lesser of 100% of billed charges applies.,1451.36,,,,,,,Case Rate,225 Percent of Medicaid APG. Covered services not payable under Medicaid Fee Schedules default to a payment of 87.5 percent of charges.,256.69,,,,,,,Fee schedule,90 Percent of Medicare RBRVS. Covered services not payable under Medicaid Fee Schedules default to a payment of 50 percent of charges.,1451.36,,,,,,,Case Rate,225% of NYS APG. Lesser of 100% of billed charges applies.,1451.36,,,,,,,Case Rate,225% of NYS APG. Lesser of 100% of billed charges applies.,1451.36,,,,,,,Case Rate,225% of NYS APG. Lesser of 100% of billed charges applies.,1451.36,,,,,,,Case Rate,225% of NYS APG. Lesser of 100% of billed charges applies.,1451.36,,,,,,,Case Rate,225% of NYS APG. Lesser of 100% of billed charges applies.,1451.36,,,,,,,Case Rate,225% of NYS APG. Lesser of 100% of billed charges applies.,,,,,,,,,"NA. ",,,,,,,,,"NA. ",,,,,,,,,"NA. ",920.48,,,,,,,Fee Schedule,"250 % 2018 Cigna RBRVS fee schedule. ",,,,,,,,,"NA. ",422.59,,,,,,,Case Rate,"100% Medicare OPPS FS. ",680,,,,,,,Fee Schedule,"100 % 1199 Fee Schedule. ",422.59,,,,,,,Case Rate,"100% Medicare OPPS FS. ",422.59,,,,,,,Case Rate,"100% Medicare OPPS FS. ",774.06,,,,,,,Case Rate,"120 Percent of Medicaid APG. Not APG payable, or payable under another fee schedule like ASP/AWP pays at 30% of charges",774.06,,,,,,,Case Rate,"120 Percent of Medicaid APG. Not APG payable, or payable under another fee schedule like ASP/AWP pays at 30% of charges",645.05,,,,,,,Case Rate,"100 Percent of Medicaid APG. Not APG payable, or payable under another fee schedule like ASP/AWP pays at 30% of charges",645.05,,,,,,,Case Rate,"100 Percent of Medicaid APG. Not APG payable, or payable under another fee schedule like ASP/AWP pays at 30% of charges",645.05,,,,,,,Case Rate,"100 Percent of Medicaid APG. ",600.94,,,,,,,Fee Schedule,"217 % Medicare RBRVS. ",1387.42,,,,,,,Fee Schedule,"501.000252771459 % Medicare Physician FS TC Rates Only. ",706.17,,,,,,,Fee Schedule,"255 % Medicare RBRVS. ",920.48,,,,,,,Fee Schedule,"250 % 2018 Cigna RBRVS fee schedule. ",422.59,,,,,,,Case Rate,"100%Medicare OPPS FS. ",422.59,,,,,,,Case Rate,"100% Medicare OPPS FS. ",422.59,,,,,,,Case Rate,"100% Medicare OPPS FS. ",422.59,,,,,,,Case Rate,"100% Medicare OPPS FS. ",422.59,,,,,,,Case Rate,"100%Medicare OPPS FS. ",422.59,,,,,,,Case Rate,"100% Medicare OPPS FS. ",,,,,,,,,"NA. ",1451.36,,,,,,,Case Rate,225% of NYS APG. Lesser of 100% of billed charges applies.,226.37,,,,,,,Case Rate,100% of PAS. Lesser of 100% of billed charges applies.,3219.2,,,,,,,Fee Schedule,"758.1 % 2013 Manhattan Medicare. ",600.94,,,,,,,Fee Schedule,"217 % Medicare RBRVS. ",600.94,,,,,,,Fee Schedule,"217 % Medicare RBRVS. ",600.94,,,,,,,Fee Schedule,"217 % Medicare RBRVS. ",600.94,,,,,,,Fee Schedule,"217 % Medicare RBRVS. ",422.59,,,,,,,Case Rate,"100% Medicare OPPS FS. ",645.05,,,,,,,Case Rate,"100 Percent of Medicaid APG. ",3219.2,,,,,,,Fee Schedule,"758.1 % 2013 Manhattan Medicare. ",645.05,,,,,,,Case Rate,"100 Percent of Medicaid APG. ",422.59,,,,,,,Case Rate,"100% Medicare OPPS FS. ",645.05,,,,,,,Case Rate,"100 Percent of Medicaid APG. ",422.59,,,,,,,Case Rate,"100% Medicare OPPS FS. ",422.59,,,,,,,Case Rate,"100% Medicare OPPS FS. ",645.05,,,,,,,Case Rate,"100 Percent of Medicaid APG. ",645.05,,,,,,,Case Rate,"100 Percent of Medicaid APG. ",600.94,,,,,,,Fee Schedule,"217 % Medicare RBRVS. ",920.48,,,,,,,Fee Schedule,"250 % 2018 Cigna RBRVS fee schedule. ",8486.0646,78,,1480.3,1480.3,1480.3,1 through 10,percent of total billed charges,78% of Billed Charges. Lesser of 100% of billed charges applies.,2510.81,,,,,,,Other,. Paid once per unit per revenue code and lesser of 100% of billed charges.,2510.81,,,,,,,Other,. Paid once per unit per revenue code and lesser of 100% of billed charges.,1387.42,,,,,,,Fee Schedule,"501.000252771459 % Medicare Physician FS TC Rates Only. ",414.14,,,,,,,Case Rate,"98% of RBRVS. ",534.47,,,,,,,Fee Schedule,"193 % Medicare RBRVS. ",534.47,,,,,,,Fee Schedule,"193 % Medicare RBRVS. ",2575.44,,,,,,,Fee Schedule,"606.5 % 2013 Manhattan Medicare. ",2575.44,,,,,,,Fee Schedule,"606.5 % 2013 Manhattan Medicare. ",422.59,,,,,,,Case Rate,"100% Medicare OPPS FS. ",422.59,,,,,,,Case Rate,"100% Medicare OPPS FS. ",422.59,,,,,,,Case Rate,"100% Medicare OPPS FS. ",422.59,,,,,,,Case Rate,"100% Medicare OPPS FS. ",2510.81,,,,,,,Other,. Paid once per unit per revenue code and lesser of 100% of billed charges.,3219.2,,,,,,,Fee Schedule,"758.1 % 2013 Manhattan Medicare. ",3219.2,,,,,,,Fee Schedule,"758.1 % 2013 Manhattan Medicare. ",422.59,,,,,,,Case Rate,"100% Medicare OPPS FS. ",2575.44,,,,,,,Fee Schedule,"606.5 % 2013 Manhattan Medicare. ",706.17,,,,,,,Fee Schedule,"255 % Medicare RBRVS. ",774.06,,,,,,,Fee Schedule,"120 Percent of Medicaid APG. ",645.05,,,,,,,Case Rate,"100 Percent of Medicaid APG. ",600.94,,,,,,,Fee Schedule,"217 % Medicare RBRVS. ",2897.32,,,,,,,Fee Schedule,"682.3 % 2013 Manhattan Medicare. ",2897.32,,,,,,,Fee Schedule,"682.3 % 2013 Manhattan Medicare. ",3219.2,,,,,,,Fee Schedule,"758.1 % 2013 Manhattan Medicare. ",5439.785,50,,,,,0,percent of total billed charges,50 percent of billed charges; No services were performed during the 15 month look back period.,422.59,,,,,,,Case Rate,"100%Medicare OPPS FS. ",677.3,,,,,,,Fee Schedule,105 percent of Medicaid APG. otherwise 105% of Ordered NYS MCD FS or 105% of ASP+6%,677.3,,,,,,,Fee Schedule,105 percent of Medicaid APG. otherwise 105% of Ordered NYS MCD FS or 105% of ASP+6%,677.3,,,,,,,Fee Schedule,105 percent of Medicaid APG. otherwise 105% of Ordered NYS MCD FS or 105% of ASP+6%,870.81,,,,,,,Fee Schedule,135 percent of Medicaid APG. otherwise 135% of Ordered NYS MCD FS or 135% of ASP+6%,2510.81,,,,,,,Other,. Paid once per unit per revenue code and lesser of 100% of billed charges.,677.3,,,,,,,Fee Schedule,105 percent of Medicaid APG. otherwise 105% of Ordered NYS MCD FS or 105% of ASP+6%,677.3,,,,,,,Fee Schedule,105 percent of Medicaid APG. otherwise 105% of Ordered NYS MCD FS or 105% of ASP+6%,677.3,,,,,,,Fee Schedule,105 percent of Medicaid APG. otherwise 105% of Ordered NYS MCD FS or 105% of ASP+6%,677.3,,,,,,,Fee Schedule,105 percent of Medicaid APG. otherwise 105% of Ordered NYS MCD FS or 105% of ASP+6%,677.3,,,,,,,Fee Schedule,105 percent of Medicaid APG. otherwise 105% of Ordered NYS MCD FS or 105% of ASP+6%,870.81,,,,,,,Fee Schedule,135 percent of Medicaid APG. otherwise 135% of Ordered NYS MCD FS or 135% of ASP+6%,870.81,,,,,,,Fee Schedule,135 percent of Medicaid APG. otherwise 135% of Ordered NYS MCD FS or 135% of ASP+6%,422.59,,,,,,,Case Rate,"100% Medicare OPPS FS. ",2510.81,,,,,,,Other,. Paid once per unit per revenue code and lesser of 100% of billed charges.,422.59,,,,,,,Case Rate,"100% Medicare OPPS FS. ",677.3,,,,,,,Fee Schedule,105 percent of Medicaid APG. otherwise 105% of Ordered NYS MCD FS or 105% of ASP+6%,3219.2,,,,,,,Fee Schedule,"758.1 % 2013 Manhattan Medicare. ",422.59,,,,,,,Case Rate,"100% Medicare OPPS FS. ",3219.2,,,,,,,Fee Schedule,"758.1 % 2013 Manhattan Medicare. ",3219.2,,,,,,,Fee Schedule,"758.1 % 2013 Manhattan Medicare. ",3219.2,,,,,,,Fee Schedule,"758.1 % 2013 Manhattan Medicare. ",677.3,,,,,,,Fee Schedule,105 percent of Medicaid APG. otherwise 105% of Ordered NYS MCD FS or 105% of ASP+6%,422.59,,,,,,,Case Rate,"100% Medicare OPPS FS. ",3219.2,,,,,,,Fee Schedule,"758.1 % 2013 Manhattan Medicare. ",870.81,,,,,,,Fee Schedule,135 percent of Medicaid APG. otherwise 135% of Ordered NYS MCD FS or 135% of ASP+6%,3219.2,,,,,,,Fee Schedule,"758.1 % 2013 Manhattan Medicare. ",633.89,,,,,,,Case Rate,"150% of Medicare OPPS. ",422.59,,,,,,,Case Rate,"100%Medicare OPPS FS. ",600.94,,,,,,,Fee Schedule,"217 % Medicare RBRVS. ",600.94,,,,,,,Fee Schedule,"217 % Medicare RBRVS. ",600.94,,,,,,,Fee Schedule,"217 % Medicare RBRVS. ",600.94,,,,,,,Fee Schedule,"217 % Medicare RBRVS. ",600.94,,,,,,,Fee Schedule,"217 % Medicare RBRVS. ",706.17,,,,,,,Fee Schedule,"255 % Medicare RBRVS. ",706.17,,,,,,,Fee Schedule,"255 % Medicare RBRVS. ",600.94,,,,,,,Fee Schedule,"217 % Medicare RBRVS. ",600.94,,,,,,,Fee Schedule,"217 % Medicare RBRVS. ",600.94,,,,,,,Fee Schedule,"217 % Medicare RBRVS. ",600.94,,,,,,,Fee Schedule,"217 % Medicare RBRVS. ",600.94,,,,,,,Fee Schedule,"217 % Medicare RBRVS. ",422.59,,,,,,,Case Rate,"100% Medicare OPPS FS. ",706.17,,,,,,,Fee Schedule,"255 % Medicare RBRVS. ",422.59,,,,,,,Case Rate,"100% Medicare OPPS FS. ",1451.36,,,,,,,Case Rate,"225 Percent of Medicaid APG. If not included in Medicaid APG, then 100 Percent of Manhattan Medicare",645.05,,,,,,,Case Rate,"100 Percent of Medicaid APG. If not priced under APG, then Metroplus FeeSched",2510.81,,,,,,,Other,. Paid once per unit per revenue code and lesser of 100% of billed charges.,2510.81,,,,,,,Other,. Paid once per unit per revenue code and lesser of 100% of billed charges.,422.59,,,,,,,Case Rate,"100% Medicare OPPS FS. ",534.47,,,,,,,Fee Schedule,"193 % Medicare RBRVS. ",422.59,,,,,,,Case Rate,"100% Medicare OPPS FS. ",422.59,,,,,,,Case Rate,"100% Medicare OPPS FS. ",1387.42,,,,,,,Fee Schedule,"501.000252771459 % Medicare Physician FS TC Rates Only. ",422.59,,,,,,,Case Rate,"100% Medicare OPPS FS. ",920.48,,,,,,,Fee Schedule,"250 % 2018 Cigna RBRVS fee schedule. ",422.59,,,,,,,Case Rate,"100% Medicare OPPS FS. ",920.48,,,,,,,Fee Schedule,"250 % 2018 Cigna RBRVS fee schedule. ",1387.42,,,,,,,Fee Schedule,"501.000252771459 % Medicare Physician FS TC Rates Only. ",920.48,,,,,,,Fee Schedule,"250 % 2018 Cigna RBRVS fee schedule. ",422.59,,,,,,,Case Rate,"100% Medicare OPPS FS. ",645.05,,,,,,,Case Rate,"100 Percent of Medicaid APG. ",422.59,,,,,,,Case Rate,"100% Medicare OPPS FS. ",920.48,,,,,,,Fee Schedule,"250 % 2018 Cigna RBRVS fee schedule. ",2510.81,,,,,,,Other,. Paid once per unit per revenue code and lesser of 100% of billed charges.,645.05,,,,,,,Case Rate,"100 Percent of Medicaid APG. ",3219.2,,,,,,,Fee Schedule,"758.1 % 2013 Manhattan Medicare. ",774.06,,,,,,,Fee Schedule,"120 Percent of Medicaid APG. ",774.06,,,,,,,Fee Schedule,"120 Percent of Medicaid APG. ",3219.2,,,,,,,Fee Schedule,"758.1 % 2013 Manhattan Medicare. ",3219.2,,,,,,,Fee Schedule,"758.1 % 2013 Manhattan Medicare. ",3219.2,,,,,,,Fee Schedule,"758.1 % 2013 Manhattan Medicare. ",2510.81,,,,,,,Other,. Paid once per unit per revenue code and lesser of 100% of billed charges.,3219.2,,,,,,,Fee Schedule,"758.1 % 2013 Manhattan Medicare. ",3219.2,,,,,,,Fee Schedule,"758.1 % 2013 Manhattan Medicare. ",3219.2,,,,,,,Fee Schedule,"758.1 % 2013 Manhattan Medicare. ",600.94,,,,,,,Fee Schedule,"217 % Medicare RBRVS. ",600.94,,,,,,,Fee Schedule,"217 % Medicare RBRVS. ",836.73,,,,,,,Case Rate,198 Percent of Medicare OPPS. Metroplus will reimburse unlisted codes and described codes with no Medicare rate at 50 percent of charges.,645.05,,,,,,,Case Rate,"100 Percent of Medicaid APG. ",2510.81,,,,,,,Other,. Paid once per unit per revenue code and lesser of 100% of billed charges.,920.48,,,,,,,Fee Schedule,"250 % 2018 Cigna RBRVS fee schedule. ",1387.42,,,,,,,Fee Schedule,"501.000252771459 % Medicare Physician FS TC Rates Only. ",2510.81,,,,,,,Other,. Paid once per unit per revenue code and lesser of 100% of billed charges.,1387.42,,,,,,,Fee Schedule,"501.000252771459 % Medicare Physician FS TC Rates Only. ",2510.81,,,,,,,Other,. Paid once per unit per revenue code and lesser of 100% of billed charges.,3219.2,,,,,,,Fee Schedule,"758.1 % 2013 Manhattan Medicare. ",3219.2,,,,,,,Fee Schedule,"758.1 % 2013 Manhattan Medicare. ",3219.2,,,,,,,Fee Schedule,"758.1 % 2013 Manhattan Medicare. ",3219.2,,,,,,,Fee Schedule,"758.1 % 2013 Manhattan Medicare. ",422.59,,,,,,,Case Rate,"100% Medicare OPPS FS. ",226.37,10879.57,
77062,CPT,2025274,LOCAL,401,RC,HC DIAG BREAST TOMOSYNTHESIS BI ADD-ON,136.75,25.9825,both,,,,64.56,,,,,,,Fee Schedule,"100 % 1199 Fee Schedule. ",64.56,,,,,,,Fee Schedule,"100 % 1199 Fee Schedule. ",82.05,60,,,,,0,percent of total billed charges,60 percent of billed charges; No services were performed during the 15 month look back period.,136.75,100,,,,,0,percent of total billed charges,100 percent of billed charges. ; No services were performed during the 15 month look back period.,,,,,,,,Other,"Not Payable. ",82.05,60,,,,,0,percent of total billed charges,60 percent of billed charges; No services were performed during the 15 month look back period.,82.05,60,,82.05,82.05,82.05,495,percent of total billed charges,60 percent of billed charges,82.05,60,,82.05,82.05,136.75,33,percent of total billed charges,60 percent of billed charges,207.16,,,,,,,Case Rate,"100 Percent of Medicaid APG. ",172.63,,,,,,,Case Rate,"100 Percent of Medicaid APG. ",106.665,78,,,,,0,percent of total billed charges,78% of Billed Charges. Lesser of 100% of billed charges applies.; No services were performed during the 15 month look back period.,721.02,,,,,,,Other,. Paid once per unit per revenue code and lesser of 100% of billed charges.,172.63,,,,,,,Case Rate,"100 Percent of Medicaid APG. ",,,,,,,,Other,"Not Payable. ",360.41,,,,,,,Fee Schedule,"250 % 2018 Cigna RBRVS fee schedule. ",360.41,,,,,,,Fee Schedule,"250 % 2018 Cigna RBRVS fee schedule. ",360.41,,,,,,,Fee Schedule,"250 % 2018 Cigna RBRVS fee schedule. ",360.41,,,,,,,Fee Schedule,"250 % 2018 Cigna RBRVS fee schedule. ",1.3675,1,,,,,0,percent of total billed charges,NA. Covered services not payable under Medicaid Fee Schedules default to a payment of 50 percent of charges.; No services were performed during the 15 month look back period.,,,,,,,,Other,"Not Payable. ",1.3675,1,,136.75,136.75,136.75,244,percent of total billed charges,NA. Covered services not payable under Medicaid Fee Schedules default to a payment of 50 percent of charges.,106.665,78,,,,,0,percent of total billed charges,78% of Billed Charges. Lesser of 100% of billed charges applies.; No services were performed during the 15 month look back period.,82.05,60,,108.76,108.76,108.76,1 through 10,percent of total billed charges,60 percent of billed charges,,,,,,,,Other,"Not Payable. ",99.8275,73,,0.99,0.99,0.99,1 through 10,percent of total billed charges,73 percent of billed charges,,,,,,,,Other,"Not Payable. ",,,,,,,,Other,"Not Payable. ",106.665,78,,,,,0,percent of total billed charges,78% of Billed Charges. Lesser of 100% of billed charges applies.; No services were performed during the 15 month look back period.,,,,,,,,Fee Schedule,"Not payable. ",,,,,,,,Fee Schedule,"Not payable. ",,,,,,,,Fee schedule,"90 Percent of Medicare RBRVS. ",,,,,,,,Fee schedule,"90 Percent of Medicare RBRVS. ",99.8275,73,,,,,0,percent of total billed charges,73 percent of billed charges; No services were performed during the 15 month look back period.,99.8275,73,,,,,0,percent of total billed charges,73 percent of billed charges; No services were performed during the 15 month look back period.,172.63,,,,,,,Case Rate,"100 Percent of Medicaid APG. Not APG payable, or payable under another fee schedule like ASP/AWP pays at 30% of charges",99.8275,73,,96.27,96.27,136.75,49,percent of total billed charges,73 percent of billed charges,172.63,,,,,,,Case Rate,"100 Percent of Medicaid APG. Not APG payable, or payable under another fee schedule like ASP/AWP pays at 30% of charges",,,,,,,,Other,"Not Payable. ",99.8275,73,,,,,0,percent of total billed charges,73 percent of billed charges; No services were performed during the 15 month look back period.,106.665,78,,,,,0,percent of total billed charges,78% of Billed Charges. Lesser of 100% of billed charges applies.; No services were performed during the 15 month look back period.,172.63,,,,,,,Case Rate,"100 Percent of Medicaid APG. If not priced under APG, then Metroplus FeeSched",172.63,,,,,,,Case Rate,"100 Percent of Medicaid APG. If not priced under APG, then Metroplus FeeSched",106.665,78,,,,,0,percent of total billed charges,78% of Billed Charges. Lesser of 100% of billed charges applies.; No services were performed during the 15 month look back period.,360.41,,,,,,,Fee Schedule,"250 % 2018 Cigna RBRVS fee schedule. ",497,,,,,,,Other,". ",497,,,,,,,Other,". ",106.665,78,,,,,0,percent of total billed charges,78% of Billed Charges. Lesser of 100% of billed charges applies.; No services were performed during the 15 month look back period.,,,,,,,,Other,"Not Payable. ",721.02,,,,,,,Other,. Paid once per unit per revenue code and lesser of 100% of billed charges.,721.02,,,,,,,Other,. Paid once per unit per revenue code and lesser of 100% of billed charges.,721.02,,,,,,,Other,. Paid once per unit per revenue code and lesser of 100% of billed charges.,,,,,,,,Other,"Not Payable. ",721.02,,,,,,,Other,. Paid once per unit per revenue code and lesser of 100% of billed charges.,721.02,,,,,,,Other,. Paid once per unit per revenue code and lesser of 100% of billed charges.,,,,,,,,Other,"Not Payable. ",68.375,50,,,,,0,percent of total billed charges,50 percent of billed charges; No services were performed during the 15 month look back period.,88.8875,65,,136.75,136.75,136.75,48,percent of total billed charges,65% of Billed Charges. Lesser of 100% of billed charges applies.,88.8875,65,,136.75,136.75,136.75,60,percent of total billed charges,65% of Billed Charges. Lesser of 100% of billed charges applies.,88.8875,65,,136.75,136.75,136.75,1 through 10,percent of total billed charges,65% of Billed Charges. Lesser of 100% of billed charges applies.,88.8875,65,,136.75,136.75,136.75,1 through 10,percent of total billed charges,65% of Billed Charges. Lesser of 100% of billed charges applies.,88.8875,65,,136.75,136.75,136.75,52,percent of total billed charges,65% of Billed Charges. Lesser of 100% of billed charges applies.,88.8875,65,,136.75,136.75,136.75,211,percent of total billed charges,65% of Billed Charges. Lesser of 100% of billed charges applies.,,,,,,,,Other,"Not Payable. ",,,,,,,,Other,"Not Payable. ",88.8875,65,,136.75,136.75,136.75,1 through 10,percent of total billed charges,65% of Billed Charges. Lesser of 100% of billed charges applies.,106.665,78,,,,,0,percent of total billed charges,78% of Billed Charges. Lesser of 100% of billed charges applies.; No services were performed during the 15 month look back period.,106.665,78,,,,,0,percent of total billed charges,78% of Billed Charges. Lesser of 100% of billed charges applies.; No services were performed during the 15 month look back period.,106.665,78,,,,,0,percent of total billed charges,78% of Billed Charges. Lesser of 100% of billed charges applies.; No services were performed during the 15 month look back period.,106.665,78,,,,,0,percent of total billed charges,78% of Billed Charges. Lesser of 100% of billed charges applies.; No services were performed during the 15 month look back period.,106.665,78,,,,,0,percent of total billed charges,78% of Billed Charges. Lesser of 100% of billed charges applies.; No services were performed during the 15 month look back period.,106.665,78,,,,,0,percent of total billed charges,78% of Billed Charges. Lesser of 100% of billed charges applies.; No services were performed during the 15 month look back period.,106.665,78,,,,,0,percent of total billed charges,78% of Billed Charges. Lesser of 100% of billed charges applies.; No services were performed during the 15 month look back period.,106.665,78,,,,,0,percent of total billed charges,78% of Billed Charges. Lesser of 100% of billed charges applies.; No services were performed during the 15 month look back period.,106.665,78,,,,,0,percent of total billed charges,78% of Billed Charges. Lesser of 100% of billed charges applies.; No services were performed during the 15 month look back period.,106.665,78,,,,,0,percent of total billed charges,78% of Billed Charges. Lesser of 100% of billed charges applies.; No services were performed during the 15 month look back period.,106.665,78,,,,,0,percent of total billed charges,78% of Billed Charges. Lesser of 100% of billed charges applies.; No services were performed during the 15 month look back period.,106.665,78,,,,,0,percent of total billed charges,78% of Billed Charges. Lesser of 100% of billed charges applies.; No services were performed during the 15 month look back period.,106.665,78,,,,,0,percent of total billed charges,78% of Billed Charges. Lesser of 100% of billed charges applies.; No services were performed during the 15 month look back period.,106.665,78,,,,,0,percent of total billed charges,78% of Billed Charges. Lesser of 100% of billed charges applies.; No services were performed during the 15 month look back period.,106.665,78,,,,,0,percent of total billed charges,78% of Billed Charges. Lesser of 100% of billed charges applies.; No services were performed during the 15 month look back period.,106.665,78,,,,,0,percent of total billed charges,78% of Billed Charges. Lesser of 100% of billed charges applies.; No services were performed during the 15 month look back period.,106.665,78,,,,,0,percent of total billed charges,78% of Billed Charges. Lesser of 100% of billed charges applies.; No services were performed during the 15 month look back period.,106.665,78,,,,,0,percent of total billed charges,78% of Billed Charges. Lesser of 100% of billed charges applies.; No services were performed during the 15 month look back period.,106.665,78,,,,,0,percent of total billed charges,78% of Billed Charges. Lesser of 100% of billed charges applies.; No services were performed during the 15 month look back period.,106.665,78,,,,,0,percent of total billed charges,78% of Billed Charges. Lesser of 100% of billed charges applies.; No services were performed during the 15 month look back period.,106.665,78,,,,,0,percent of total billed charges,78% of Billed Charges. Lesser of 100% of billed charges applies.; No services were performed during the 15 month look back period.,106.665,78,,,,,0,percent of total billed charges,78% of Billed Charges. Lesser of 100% of billed charges applies.; No services were performed during the 15 month look back period.,106.665,78,,,,,0,percent of total billed charges,78% of Billed Charges. Lesser of 100% of billed charges applies.; No services were performed during the 15 month look back period.,106.665,78,,,,,0,percent of total billed charges,78% of Billed Charges. Lesser of 100% of billed charges applies.; No services were performed during the 15 month look back period.,106.665,78,,,,,0,percent of total billed charges,78% of Billed Charges. Lesser of 100% of billed charges applies.; No services were performed during the 15 month look back period.,106.665,78,,136.75,136.75,136.75,1 through 10,percent of total billed charges,78% of Billed Charges. Lesser of 100% of billed charges applies.,99.8275,73,,,,,0,percent of total billed charges,73 percent of billed charges; No services were performed during the 15 month look back period.,99.8275,73,,96.27,96.27,96.27,1 through 10,percent of total billed charges,73 percent of billed charges,99.8275,73,,,,,0,percent of total billed charges,73 percent of billed charges; No services were performed during the 15 month look back period.,99.8275,73,,,,,0,percent of total billed charges,73 percent of billed charges; No services were performed during the 15 month look back period.,109.4,80,,,,,0,percent of total billed charges,80 percent of billed charges; No services were performed during the 15 month look back period.,109.4,80,,99.83,0.51,136.75,43,percent of total billed charges,80 percent of billed charges,360.41,,,,,,,Fee Schedule,"250 % 2018 Cigna RBRVS fee schedule. ",88.8875,65,,136.75,136.75,136.75,1 through 10,percent of total billed charges,65% of Billed Charges. Lesser of 100% of billed charges applies.,721.02,,,,,,,Other,. Paid once per unit per revenue code and lesser of 100% of billed charges.,88.8875,65,,136.75,136.75,136.75,26,percent of total billed charges,65% of Billed Charges. Lesser of 100% of billed charges applies.,106.665,78,,,,,0,percent of total billed charges,78% of Billed Charges. Lesser of 100% of billed charges applies.; No services were performed during the 15 month look back period.,109.4,80,,,,,0,percent of total billed charges,80 percent of billed charges; No services were performed during the 15 month look back period.,88.8875,65,,,,,0,percent of total billed charges,65% of Billed Charges. Lesser of 100% of billed charges applies.; No services were performed during the 15 month look back period.,721.02,,,,,,,Other,. Paid once per unit per revenue code and lesser of 100% of billed charges.,360.41,,,,,,,Fee Schedule,"250 % 2018 Cigna RBRVS fee schedule. ",,,,,,,,,"NA. ",106.665,78,,,,,0,percent of total billed charges,78% of Billed Charges. Lesser of 100% of billed charges applies.; No services were performed during the 15 month look back period.,172.63,,,,,,,Case Rate,"100 Percent of Medicaid APG. ",99.8275,73,,99.83,99.83,136.75,1 through 10,percent of total billed charges,73 percent of billed charges,172.63,,,,,,,Case Rate,"100 Percent of Medicaid APG. Not APG payable, or payable under another fee schedule like ASP/AWP pays at 30% of charges",,,,,,,,Other,"Not Payable. ",,,,,,,,Other,"Not Payable. ",68.375,50,,13.46,13.46,13.46,1 through 10,percent of total billed charges,50 percent of billed charges,,,,,,,,Other,"Not Payable. ",,,,,,,,Other,"Not Payable. ",172.63,,,,,,,Case Rate,"100 Percent of Medicaid APG. ",,,,,,,,Other,"Not Payable. ",,,,,,,,Other,"Not Payable. ",82.05,60,,82.05,82.05,82.05,1 through 10,percent of total billed charges,60 percent of billed charges,82.05,60,,,,,0,percent of total billed charges,60 percent of billed charges; No services were performed during the 15 month look back period.,,,,,,,,Other,"Not Payable. ",360.41,,,,,,,Fee Schedule,"250 % 2018 Cigna RBRVS fee schedule. ",721.02,,,,,,,Other,. Paid once per unit per revenue code and lesser of 100% of billed charges.,721.02,,,,,,,Other,. Paid once per unit per revenue code and lesser of 100% of billed charges.,,,,,,,,Other,"Not Payable. ",360.41,,,,,,,Fee Schedule,"250 % 2018 Cigna RBRVS fee schedule. ",82.05,60,,,,,0,percent of total billed charges,60 percent of billed charges; No services were performed during the 15 month look back period.,82.05,60,,82.05,82.05,82.05,135,percent of total billed charges,60 percent of billed charges,82.05,60,,82.05,43.18,82.05,1 through 10,percent of total billed charges,60 percent of billed charges,106.665,78,,,,,0,percent of total billed charges,78% of Billed Charges. Lesser of 100% of billed charges applies.; No services were performed during the 15 month look back period.,106.665,78,,,,,0,percent of total billed charges,78% of Billed Charges. Lesser of 100% of billed charges applies.; No services were performed during the 15 month look back period.,106.665,78,,,,,0,percent of total billed charges,78% of Billed Charges. Lesser of 100% of billed charges applies.; No services were performed during the 15 month look back period.,106.665,78,,,,,0,percent of total billed charges,78% of Billed Charges. Lesser of 100% of billed charges applies.; No services were performed during the 15 month look back period.,106.665,78,,,,,0,percent of total billed charges,78% of Billed Charges. Lesser of 100% of billed charges applies.; No services were performed during the 15 month look back period.,106.665,78,,,,,0,percent of total billed charges,78% of Billed Charges. Lesser of 100% of billed charges applies.; No services were performed during the 15 month look back period.,106.665,78,,,,,0,percent of total billed charges,78% of Billed Charges. Lesser of 100% of billed charges applies.; No services were performed during the 15 month look back period.,106.665,78,,,,,0,percent of total billed charges,78% of Billed Charges. Lesser of 100% of billed charges applies.; No services were performed during the 15 month look back period.,106.665,78,,,,,0,percent of total billed charges,78% of Billed Charges. Lesser of 100% of billed charges applies.; No services were performed during the 15 month look back period.,106.665,78,,,,,0,percent of total billed charges,78% of Billed Charges. Lesser of 100% of billed charges applies.; No services were performed during the 15 month look back period.,106.665,78,,,,,0,percent of total billed charges,78% of Billed Charges. Lesser of 100% of billed charges applies.; No services were performed during the 15 month look back period.,109.4,80,,106.77,106.77,109.4,473,percent of total billed charges,80 percent of billed charges,88.8875,65,,136.75,136.75,136.75,78,percent of total billed charges,65% of Billed Charges. Lesser of 100% of billed charges applies.,360.41,,,,,,,Fee Schedule,"250 % 2018 Cigna RBRVS fee schedule. ",,,,,,,,Other,"Not Payable. ",82.05,60,,,,,0,percent of total billed charges,60 percent of billed charges; No services were performed during the 15 month look back period.,360.41,,,,,,,Fee Schedule,"250 % 2018 Cigna RBRVS fee schedule. ",360.41,,,,,,,Fee Schedule,"250 % 2018 Cigna RBRVS fee schedule. ",106.665,78,,,,,0,percent of total billed charges,78% of Billed Charges. Lesser of 100% of billed charges applies.; No services were performed during the 15 month look back period.,369.44,,,,,,,Case Rate,"214 Percent of Medicaid APG. Drugs not priced under APG, billed with revenue code 636 and not priced by Medicare ASP FeeSched will be reimbursed at 20% of charges.",360.41,,,,,,,Fee Schedule,"250 % 2018 Cigna RBRVS fee schedule. ",172.63,,,,,,,Case Rate,"100 Percent of Medicaid APG. ",,,,,,,,Other,"Not Payable. ",,,,,,,,Other,"Not Payable. ",,,,,,,,Other,"Not Payable. ",,,,,,,,Other,"Not Payable. ",,,,,,,,Other,"Not Payable. ",,,,,,,,Other,"Not Payable. ",360.41,,,,,,,Fee Schedule,"250 % 2018 Cigna RBRVS fee schedule. ",68.375,50,,,,,0,percent of total billed charges,50 percent of billed charges; No services were performed during the 15 month look back period.,1.3675,1,,136.75,119.66,136.75,1 through 10,percent of total billed charges,"NA. ",1.3675,1,,136.75,136.75,136.75,1 through 10,percent of total billed charges,"NA. ",1.3675,1,,136.75,136.75,136.75,17,percent of total billed charges,"NA. ",1.3675,1,,,,,0,percent of total billed charges,NA. ; No services were performed during the 15 month look back period.,1.3675,1,,,,,0,percent of total billed charges,NA. ; No services were performed during the 15 month look back period.,,,,,,,,,"NA. ",68.375,50,,,,,0,percent of total billed charges,50 percent of billed charges; No services were performed during the 15 month look back period.,,,,,,,,Fee Schedule,"Not Payable. ",,,,,,,,Fee Schedule,"Not Payable. ",,,,,,,,Fee Schedule,"Not Payable. ",,,,,,,,Fee Schedule,"Not Payable. ",,,,,,,,Fee Schedule,"Not Payable. ",,,,,,,,Other,"Not Payable. ",109.4,80,,,,,0,percent of total billed charges,80 percent of billed charges; No services were performed during the 15 month look back period.,109.4,80,,,,,0,percent of total billed charges,80 percent of billed charges; No services were performed during the 15 month look back period.,109.4,80,,,,,0,percent of total billed charges,80 percent of billed charges; No services were performed during the 15 month look back period.,109.4,80,,,,,0,percent of total billed charges,80 percent of billed charges; No services were performed during the 15 month look back period.,82.05,60,,,,,0,percent of total billed charges,60 percent of billed charges; No services were performed during the 15 month look back period.,82.05,60,,,,,0,percent of total billed charges,60 percent of billed charges; No services were performed during the 15 month look back period.,82.05,60,,,,,0,percent of total billed charges,60 percent of billed charges; No services were performed during the 15 month look back period.,82.05,60,,,,,0,percent of total billed charges,60 percent of billed charges; No services were performed during the 15 month look back period.,68.375,50,,,,,0,percent of total billed charges,50 percent of billed charges; No services were performed during the 15 month look back period.,68.375,50,,,,,0,percent of total billed charges,50 percent of billed charges; No services were performed during the 15 month look back period.,,,,,,,,Other,"Not Payable. ",,,,,,,,Other,"Not Payable. ",,,,,,,,Other,"Not Payable. ",88.8875,65,,136.75,136.75,136.75,1 through 10,percent of total billed charges,65% of Billed Charges. Lesser of 100% of billed charges applies.,88.8875,65,,,,,0,percent of total billed charges,65% of Billed Charges. Lesser of 100% of billed charges applies.; No services were performed during the 15 month look back period.,88.8875,65,,,,,0,percent of total billed charges,65% of Billed Charges. Lesser of 100% of billed charges applies.; No services were performed during the 15 month look back period.,68.375,50,,,,,0,percent of total billed charges,50 percent of billed charges; No services were performed during the 15 month look back period.,82.05,60,,,,,0,percent of total billed charges,60 percent of billed charges; No services were performed during the 15 month look back period.,,,,,,,,Other,"Not Payable. ",88.8875,65,,,,,0,percent of total billed charges,65% of Billed Charges. Lesser of 100% of billed charges applies.; No services were performed during the 15 month look back period.,172.63,,,,,,,Case Rate,"100 Percent of Medicaid APG. ",,,,,,,,Other,"Not Payable. ",,,,,,,,Other,"Not Payable. ",,,,,,,,Other,"Not Payable. ",,,,,,,,Fee schedule,"90 Percent of Medicare RBRVS. ",388.43,,,,,,,Fee Schedule,225% of NYS APG. Lesser of 100% of billed charges applies.,388.43,,,,,,,Fee Schedule,225% of NYS APG. Lesser of 100% of billed charges applies.,388.43,,,,,,,Fee Schedule,225% of NYS APG. Lesser of 100% of billed charges applies.,388.43,,,,,,,Fee Schedule,225% of NYS APG. Lesser of 100% of billed charges applies.,388.43,,,,,,,Fee Schedule,225% of NYS APG. Lesser of 100% of billed charges applies.,,,,,,,,Other,"Not Payable. ",172.63,,,,,,,Case Rate,"100 Percent of Medicaid APG. ",,,,,,,,Fee Schedule,"Not payable. ",388.43,,,,,,,Fee Schedule,225% of NYS APG. Lesser of 100% of billed charges applies.,388.43,,,,,,,Fee Schedule,225% of NYS APG. Lesser of 100% of billed charges applies.,,,,,,,,Fee Schedule,"Not payable. ",,,,,,,,Fee Schedule,"Not payable. ",1.3675,1,,136.75,136.75,136.75,39,percent of total billed charges,"NA. ",,,,,,,,Other,"Not Payable. ",,,,,,,,Other,"Not Payable. ",82.05,60,,,,,0,percent of total billed charges,60 percent of billed charges; No services were performed during the 15 month look back period.,,,,,,,,Other,"Not Payable. ",388.43,,,,,,,Fee Schedule,"225 Percent of Medicaid APG. ",388.43,,,,,,,Fee Schedule,"225 Percent of Medicaid APG. ",,,,,,,,Fee schedule,"90 Percent of Medicare RBRVS. ",,,,,,,,Fee schedule,"90 Percent of Medicare RBRVS. ",388.43,,,,,,,Case Rate,225 Percent of Medicaid APG. Covered services not payable under Medicaid Fee Schedules default to a payment of 87.5 percent of charges.,1.3675,1,,119.66,119.66,119.66,22,percent of total billed charges,NA. Covered services not payable under Medicaid Fee Schedules default to a payment of 50 percent of charges.,388.43,,,,,,,Case Rate,"100 Percent of Medicaid APG. ",388.43,,,,,,,Case Rate,"100 Percent of Medicaid APG. ",388.43,,,,,,,Case Rate,"100 Percent of Medicaid APG. ",388.43,,,,,,,Case Rate,"100 Percent of Medicaid APG. ",,,,,,,,,,68.375,50,,,,,0,percent of total billed charges,50 percent of billed charges; No services were performed during the 15 month look back period.,207.16,,,,,,,Case Rate,"120 Percent of Medicaid APG. Not APG payable, or payable under another fee schedule like ASP/AWP pays at 30% of charges",207.16,,,,,,,Case Rate,"120 Percent of Medicaid APG. Not APG payable, or payable under another fee schedule like ASP/AWP pays at 30% of charges",172.63,,,,,,,Case Rate,"100 Percent of Medicaid APG. Not APG payable, or payable under another fee schedule like ASP/AWP pays at 30% of charges",172.63,,,,,,,Case Rate,"100 Percent of Medicaid APG. Not APG payable, or payable under another fee schedule like ASP/AWP pays at 30% of charges",88.8875,65,,136.75,136.75,136.75,1 through 10,percent of total billed charges,65% of Billed Charges. Lesser of 100% of billed charges applies.,88.8875,65,,,,,0,percent of total billed charges,65% of Billed Charges. Lesser of 100% of billed charges applies.; No services were performed during the 15 month look back period.,,,,,,,,Other,"Not Payable. ",88.8875,65,,136.75,136.75,136.75,23,percent of total billed charges,65% of Billed Charges. Lesser of 100% of billed charges applies.,88.8875,65,,136.75,136.75,136.75,341,percent of total billed charges,65% of Billed Charges. Lesser of 100% of billed charges applies.,88.8875,65,,,,,0,percent of total billed charges,65% of Billed Charges. Lesser of 100% of billed charges applies.; No services were performed during the 15 month look back period.,88.8875,65,,,,,0,percent of total billed charges,65% of Billed Charges. Lesser of 100% of billed charges applies.; No services were performed during the 15 month look back period.,,,,,,,,Other,"Not Payable. ",88.8875,65,,,,,0,percent of total billed charges,65% of Billed Charges. Lesser of 100% of billed charges applies.; No services were performed during the 15 month look back period.,88.8875,65,,,,,0,percent of total billed charges,65% of Billed Charges. Lesser of 100% of billed charges applies.; No services were performed during the 15 month look back period.,82.05,60,,,,,0,percent of total billed charges,60 percent of billed charges; No services were performed during the 15 month look back period.,,,,,,,,Fee Schedule,100% of RBRVS. Lesser of 100% of billed charges applies.,1.3675,1,,,,,0,percent of total billed charges,NA. Covered services not payable under Medicaid Fee Schedules default to a payment of 50 percent of charges.; No services were performed during the 15 month look back period.,388.43,,,,,,,Fee Schedule,225% of NYS APG. Lesser of 100% of billed charges applies.,388.43,,,,,,,Case Rate,225 Percent of Medicaid APG. Covered services not payable under Medicaid Fee Schedules default to a payment of 87.5 percent of charges.,1.3675,1,,119.66,119.66,119.66,12,percent of total billed charges,NA. Covered services not payable under Medicaid Fee Schedules default to a payment of 50 percent of charges.,388.43,,,,,,,Fee Schedule,225% of NYS APG. Lesser of 100% of billed charges applies.,388.43,,,,,,,Fee Schedule,225% of NYS APG. Lesser of 100% of billed charges applies.,388.43,,,,,,,Fee Schedule,225% of NYS APG. Lesser of 100% of billed charges applies.,388.43,,,,,,,Fee Schedule,225% of NYS APG. Lesser of 100% of billed charges applies.,388.43,,,,,,,Fee Schedule,225% of NYS APG. Lesser of 100% of billed charges applies.,388.43,,,,,,,Fee Schedule,225% of NYS APG. Lesser of 100% of billed charges applies.,,,,,,,,,"NA. ",,,,,,,,,"NA. ",,,,,,,,,"NA. ",360.41,,,,,,,Fee Schedule,"250 % 2018 Cigna RBRVS fee schedule. ",,,,,,,,,"NA. ",,,,,,,,Other,"Not Payable. ",64.56,,,,,,,Fee Schedule,"100 % 1199 Fee Schedule. ",,,,,,,,Other,"Not Payable. ",,,,,,,,Other,"Not Payable. ",207.16,,,,,,,Case Rate,"120 Percent of Medicaid APG. Not APG payable, or payable under another fee schedule like ASP/AWP pays at 30% of charges",207.16,,,,,,,Case Rate,"120 Percent of Medicaid APG. Not APG payable, or payable under another fee schedule like ASP/AWP pays at 30% of charges",172.63,,,,,,,Case Rate,"100 Percent of Medicaid APG. Not APG payable, or payable under another fee schedule like ASP/AWP pays at 30% of charges",172.63,,,,,,,Case Rate,"100 Percent of Medicaid APG. Not APG payable, or payable under another fee schedule like ASP/AWP pays at 30% of charges",172.63,,,,,,,Case Rate,"100 Percent of Medicaid APG. ",99.8275,73,,,,,0,percent of total billed charges,73 percent of billed charges; No services were performed during the 15 month look back period.,82.05,60,,136.75,51.44,136.75,1 through 10,percent of total billed charges,60 percent of billed charges,99.8275,73,,,,,0,percent of total billed charges,73 percent of billed charges; No services were performed during the 15 month look back period.,360.41,,,,,,,Fee Schedule,"250 % 2018 Cigna RBRVS fee schedule. ",,,,,,,,Other,"Not Payable. ",,,,,,,,Other,"Not Payable. ",,,,,,,,Other,"Not Payable. ",,,,,,,,Other,"Not Payable. ",,,,,,,,Other,"Not Payable. ",,,,,,,,Other,"Not Payable. ",,,,,,,,,"NA. ",388.43,,,,,,,Fee Schedule,225% of NYS APG. Lesser of 100% of billed charges applies.,,,,,,,,Fee Schedule,"Not payable. ",88.8875,65,,,,,0,percent of total billed charges,65% of Billed Charges. Lesser of 100% of billed charges applies.; No services were performed during the 15 month look back period.,99.8275,73,,,,,0,percent of total billed charges,73 percent of billed charges; No services were performed during the 15 month look back period.,99.8275,73,,,,,0,percent of total billed charges,73 percent of billed charges; No services were performed during the 15 month look back period.,99.8275,73,,,,,0,percent of total billed charges,73 percent of billed charges; No services were performed during the 15 month look back period.,99.8275,73,,,,,0,percent of total billed charges,73 percent of billed charges; No services were performed during the 15 month look back period.,,,,,,,,Other,"Not Payable. ",172.63,,,,,,,Case Rate,"100 Percent of Medicaid APG. ",88.8875,65,,,,,0,percent of total billed charges,65% of Billed Charges. Lesser of 100% of billed charges applies.; No services were performed during the 15 month look back period.,172.63,,,,,,,Case Rate,"100 Percent of Medicaid APG. ",,,,,,,,Other,"Not Payable. ",172.63,,,,,,,Case Rate,"100 Percent of Medicaid APG. ",,,,,,,,Other,"Not Payable. ",,,,,,,,Other,"Not Payable. ",172.63,,,,,,,Case Rate,"100 Percent of Medicaid APG. ",172.63,,,,,,,Case Rate,"100 Percent of Medicaid APG. ",99.8275,73,,,,,0,percent of total billed charges,73 percent of billed charges; No services were performed during the 15 month look back period.,360.41,,,,,,,Fee Schedule,"250 % 2018 Cigna RBRVS fee schedule. ",106.665,78,,,,,0,percent of total billed charges,78% of Billed Charges. Lesser of 100% of billed charges applies.; No services were performed during the 15 month look back period.,721.02,,,,,,,Other,. Paid once per unit per revenue code and lesser of 100% of billed charges.,721.02,,,,,,,Other,. Paid once per unit per revenue code and lesser of 100% of billed charges.,82.05,60,,82.05,82.05,82.05,1 through 10,percent of total billed charges,60 percent of billed charges,,,,,,,,Other,"Not Payable. ",109.4,80,,,,,0,percent of total billed charges,80 percent of billed charges; No services were performed during the 15 month look back period.,109.4,80,,,,,0,percent of total billed charges,80 percent of billed charges; No services were performed during the 15 month look back period.,71.11,52,,136.75,136.75,136.75,1 through 10,percent of total billed charges,52% of Billed Charges. Lesser of 100% of billed charges applies.,71.11,52,,136.75,136.75,136.75,14,percent of total billed charges,52% of Billed Charges. Lesser of 100% of billed charges applies.,,,,,,,,Other,"Not Payable. ",,,,,,,,Other,"Not Payable. ",,,,,,,,Other,"Not Payable. ",,,,,,,,Other,"Not Payable. ",721.02,,,,,,,Other,. Paid once per unit per revenue code and lesser of 100% of billed charges.,88.8875,65,,136.75,136.75,136.75,1 through 10,percent of total billed charges,65% of Billed Charges. Lesser of 100% of billed charges applies.,88.8875,65,,,,,0,percent of total billed charges,65% of Billed Charges. Lesser of 100% of billed charges applies.; No services were performed during the 15 month look back period.,,,,,,,,Other,"Not Payable. ",71.11,52,,136.75,136.75,136.75,1 through 10,percent of total billed charges,52% of Billed Charges. Lesser of 100% of billed charges applies.,99.8275,73,,99.83,96.27,136.75,1 through 10,percent of total billed charges,73 percent of billed charges,207.16,,,,,,,Fee Schedule,"120 Percent of Medicaid APG. ",172.63,,,,,,,Case Rate,"100 Percent of Medicaid APG. ",99.8275,73,,,,,0,percent of total billed charges,73 percent of billed charges; No services were performed during the 15 month look back period.,80.6825,59,,136.75,136.75,136.75,25,percent of total billed charges,59% of Billed Charges. Lesser of 100% of billed charges applies.,80.6825,59,,136.75,136.75,136.75,84,percent of total billed charges,59% of Billed Charges. Lesser of 100% of billed charges applies.,88.8875,65,,136.75,136.75,136.75,1 through 10,percent of total billed charges,65% of Billed Charges. Lesser of 100% of billed charges applies.,68.375,50,,,,,0,percent of total billed charges,50 percent of billed charges; No services were performed during the 15 month look back period.,,,,,,,,Other,"Not Payable. ",181.27,,,,,,,Fee Schedule,105 percent of Medicaid APG. otherwise 105% of Ordered NYS MCD FS or 105% of ASP+6%,181.27,,,,,,,Fee Schedule,105 percent of Medicaid APG. otherwise 105% of Ordered NYS MCD FS or 105% of ASP+6%,181.27,,,,,,,Fee Schedule,105 percent of Medicaid APG. otherwise 105% of Ordered NYS MCD FS or 105% of ASP+6%,233.06,,,,,,,Fee Schedule,135 percent of Medicaid APG. otherwise 135% of Ordered NYS MCD FS or 135% of ASP+6%,721.02,,,,,,,Other,. Paid once per unit per revenue code and lesser of 100% of billed charges.,181.27,,,,,,,Fee Schedule,105 percent of Medicaid APG. otherwise 105% of Ordered NYS MCD FS or 105% of ASP+6%,181.27,,,,,,,Fee Schedule,105 percent of Medicaid APG. otherwise 105% of Ordered NYS MCD FS or 105% of ASP+6%,181.27,,,,,,,Fee Schedule,105 percent of Medicaid APG. otherwise 105% of Ordered NYS MCD FS or 105% of ASP+6%,181.27,,,,,,,Fee Schedule,105 percent of Medicaid APG. otherwise 105% of Ordered NYS MCD FS or 105% of ASP+6%,181.27,,,,,,,Fee Schedule,105 percent of Medicaid APG. otherwise 105% of Ordered NYS MCD FS or 105% of ASP+6%,233.06,,,,,,,Fee Schedule,135 percent of Medicaid APG. otherwise 135% of Ordered NYS MCD FS or 135% of ASP+6%,233.06,,,,,,,Fee Schedule,135 percent of Medicaid APG. otherwise 135% of Ordered NYS MCD FS or 135% of ASP+6%,,,,,,,,Other,"Not Payable. ",721.02,,,,,,,Other,. Paid once per unit per revenue code and lesser of 100% of billed charges.,,,,,,,,Other,"Not Payable. ",181.27,,,,,,,Fee Schedule,105 percent of Medicaid APG. otherwise 105% of Ordered NYS MCD FS or 105% of ASP+6%,88.8875,65,,136.75,136.75,136.75,1 through 10,percent of total billed charges,65% of Billed Charges. Lesser of 100% of billed charges applies.,,,,,,,,Other,"Not Payable. ",88.8875,65,,,,,0,percent of total billed charges,65% of Billed Charges. Lesser of 100% of billed charges applies.; No services were performed during the 15 month look back period.,88.8875,65,,,,,0,percent of total billed charges,65% of Billed Charges. Lesser of 100% of billed charges applies.; No services were performed during the 15 month look back period.,88.8875,65,,,,,0,percent of total billed charges,65% of Billed Charges. Lesser of 100% of billed charges applies.; No services were performed during the 15 month look back period.,181.27,,,,,,,Fee Schedule,105 percent of Medicaid APG. otherwise 105% of Ordered NYS MCD FS or 105% of ASP+6%,,,,,,,,Other,"Not Payable. ",88.8875,65,,,,,0,percent of total billed charges,65% of Billed Charges. Lesser of 100% of billed charges applies.; No services were performed during the 15 month look back period.,233.06,,,,,,,Fee Schedule,135 percent of Medicaid APG. otherwise 135% of Ordered NYS MCD FS or 135% of ASP+6%,88.8875,65,,,,,0,percent of total billed charges,65% of Billed Charges. Lesser of 100% of billed charges applies.; No services were performed during the 15 month look back period.,,,,,,,,Other,"Not Payable. ",,,,,,,,Other,"Not Payable. ",99.8275,73,,,,,0,percent of total billed charges,73 percent of billed charges; No services were performed during the 15 month look back period.,99.8275,73,,,,,0,percent of total billed charges,73 percent of billed charges; No services were performed during the 15 month look back period.,99.8275,73,,,,,0,percent of total billed charges,73 percent of billed charges; No services were performed during the 15 month look back period.,99.8275,73,,,,,0,percent of total billed charges,73 percent of billed charges; No services were performed during the 15 month look back period.,99.8275,73,,,,,0,percent of total billed charges,73 percent of billed charges; No services were performed during the 15 month look back period.,99.8275,73,,,,,0,percent of total billed charges,73 percent of billed charges; No services were performed during the 15 month look back period.,99.8275,73,,,,,0,percent of total billed charges,73 percent of billed charges; No services were performed during the 15 month look back period.,99.8275,73,,,,,0,percent of total billed charges,73 percent of billed charges; No services were performed during the 15 month look back period.,99.8275,73,,61.12,0.96,61.12,1 through 10,percent of total billed charges,73 percent of billed charges,99.8275,73,,,,,0,percent of total billed charges,73 percent of billed charges; No services were performed during the 15 month look back period.,99.8275,73,,,,,0,percent of total billed charges,73 percent of billed charges; No services were performed during the 15 month look back period.,99.8275,73,,,,,0,percent of total billed charges,73 percent of billed charges; No services were performed during the 15 month look back period.,,,,,,,,Other,"Not Payable. ",99.8275,73,,,,,0,percent of total billed charges,73 percent of billed charges; No services were performed during the 15 month look back period.,,,,,,,,Other,"Not Payable. ",388.43,,,,,,,Case Rate,"225 Percent of Medicaid APG. If not included in Medicaid APG, then 100 Percent of Manhattan Medicare",172.63,,,,,,,Case Rate,"100 Percent of Medicaid APG. If not priced under APG, then Metroplus FeeSched",721.02,,,,,,,Other,. Paid once per unit per revenue code and lesser of 100% of billed charges.,721.02,,,,,,,Other,. Paid once per unit per revenue code and lesser of 100% of billed charges.,,,,,,,,Other,"Not Payable. ",109.4,80,,,,,0,percent of total billed charges,80 percent of billed charges; No services were performed during the 15 month look back period.,,,,,,,,Other,"Not Payable. ",,,,,,,,Other,"Not Payable. ",82.05,60,,,,,0,percent of total billed charges,60 percent of billed charges; No services were performed during the 15 month look back period.,,,,,,,,Other,"Not Payable. ",360.41,,,,,,,Fee Schedule,"250 % 2018 Cigna RBRVS fee schedule. ",,,,,,,,Other,"Not Payable. ",360.41,,,,,,,Fee Schedule,"250 % 2018 Cigna RBRVS fee schedule. ",82.05,60,,,,,0,percent of total billed charges,60 percent of billed charges; No services were performed during the 15 month look back period.,360.41,,,,,,,Fee Schedule,"250 % 2018 Cigna RBRVS fee schedule. ",,,,,,,,Other,"Not Payable. ",172.63,,,,,,,Case Rate,"100 Percent of Medicaid APG. ",,,,,,,,Other,"Not Payable. ",360.41,,,,,,,Fee Schedule,"250 % 2018 Cigna RBRVS fee schedule. ",721.02,,,,,,,Other,. Paid once per unit per revenue code and lesser of 100% of billed charges.,172.63,,,,,,,Case Rate,"100 Percent of Medicaid APG. ",88.8875,65,,136.75,136.75,136.75,20,percent of total billed charges,65% of Billed Charges. Lesser of 100% of billed charges applies.,207.16,,,,,,,Fee Schedule,"120 Percent of Medicaid APG. ",207.16,,,,,,,Fee Schedule,"120 Percent of Medicaid APG. ",88.8875,65,,136.75,136.75,136.75,1 through 10,percent of total billed charges,65% of Billed Charges. Lesser of 100% of billed charges applies.,88.8875,65,,,,,0,percent of total billed charges,65% of Billed Charges. Lesser of 100% of billed charges applies.; No services were performed during the 15 month look back period.,88.8875,65,,,,,0,percent of total billed charges,65% of Billed Charges. Lesser of 100% of billed charges applies.; No services were performed during the 15 month look back period.,721.02,,,,,,,Other,. Paid once per unit per revenue code and lesser of 100% of billed charges.,88.8875,65,,,,,0,percent of total billed charges,65% of Billed Charges. Lesser of 100% of billed charges applies.; No services were performed during the 15 month look back period.,88.8875,65,,,,,0,percent of total billed charges,65% of Billed Charges. Lesser of 100% of billed charges applies.; No services were performed during the 15 month look back period.,88.8875,65,,,,,0,percent of total billed charges,65% of Billed Charges. Lesser of 100% of billed charges applies.; No services were performed during the 15 month look back period.,99.8275,73,,,,,0,percent of total billed charges,73 percent of billed charges; No services were performed during the 15 month look back period.,99.8275,73,,,,,0,percent of total billed charges,73 percent of billed charges; No services were performed during the 15 month look back period.,,,,,,,,Fee Schedule,"Not Payable. ",172.63,,,,,,,Case Rate,"100 Percent of Medicaid APG. ",721.02,,,,,,,Other,. Paid once per unit per revenue code and lesser of 100% of billed charges.,360.41,,,,,,,Fee Schedule,"250 % 2018 Cigna RBRVS fee schedule. ",82.05,60,,,,,0,percent of total billed charges,60 percent of billed charges; No services were performed during the 15 month look back period.,721.02,,,,,,,Other,. Paid once per unit per revenue code and lesser of 100% of billed charges.,82.05,60,,,,,0,percent of total billed charges,60 percent of billed charges; No services were performed during the 15 month look back period.,721.02,,,,,,,Other,. Paid once per unit per revenue code and lesser of 100% of billed charges.,88.8875,65,,,,,0,percent of total billed charges,65% of Billed Charges. Lesser of 100% of billed charges applies.; No services were performed during the 15 month look back period.,88.8875,65,,,,,0,percent of total billed charges,65% of Billed Charges. Lesser of 100% of billed charges applies.; No services were performed during the 15 month look back period.,88.8875,65,,,,,0,percent of total billed charges,65% of Billed Charges. Lesser of 100% of billed charges applies.; No services were performed during the 15 month look back period.,88.8875,65,,,,,0,percent of total billed charges,65% of Billed Charges. Lesser of 100% of billed charges applies.; No services were performed during the 15 month look back period.,,,,,,,,Other,"Not Payable. ",1.3675,721.02,
77066,CPT,,,490,RC,DX MAMMO INCL CAD BI,,,both,,,,143,,,,,,,Fee Schedule,"100 % 1199 Fee Schedule. ",143,,,,,,,Fee Schedule,"100 % 1199 Fee Schedule. ",634.62,,,,,,,Fee Schedule,"501.0026051946 % Medicare Physician FS TC Rates Only. ",,100,,,,,0,percent of total billed charges,100 percent of billed charges. ; No services were performed during the 15 month look back period.,176.84,,,,,,,Fee Schedule,"100% RBRVS FS. ",634.62,,,,,,,Fee Schedule,"501.0026051946 % Medicare Physician FS TC Rates Only. ",634.62,,,,,,,Fee Schedule,"501.0026051946 % Medicare Physician FS TC Rates Only. ",634.62,,,,,,,Fee Schedule,"501.0026051946 % Medicare Physician FS TC Rates Only. ",207.16,,,,,,,Case Rate,"100 Percent of Medicaid APG. ",172.63,,,,,,,Case Rate,"100 Percent of Medicaid APG. ",,78,,,,,0,percent of total billed charges,78% of Billed Charges. Lesser of 100% of billed charges applies.; No services were performed during the 15 month look back period.,721.02,,,,,,,Other,. Paid once per unit per revenue code and lesser of 100% of billed charges.,172.63,,,,,,,Case Rate,"100 Percent of Medicaid APG. ",176.84,,,,,,,Fee Schedule,"100% RBRVS FS. ",6487,,,,,,,Case Rate,". MPL 100/50/25% maxmium of 3 procedures. All add ons apply, and lesser of 100% of billed charges",6487,,,,,,,Case Rate,". MPL 100/50/25% maxmium of 3 procedures. All add ons apply, and lesser of 100% of billed charges",6487,,,,,,,Case Rate,". MPL 100/50/25% maxmium of 3 procedures. All add ons apply, and lesser of 100% of billed charges",6487,,,,,,,Case Rate,". MPL 100/50/25% maxmium of 3 procedures. All add ons apply, and lesser of 100% of billed charges",117.44,,,,,,,Fee schedule,90 Percent of Medicare RBRVS. Covered services not payable under Medicaid Fee Schedules default to a payment of 50 percent of charges.,176.84,,,,,,,Fee Schedule,"100% RBRVS FS. ",117.44,,,,,,,Fee schedule,90 Percent of Medicare RBRVS. Covered services not payable under Medicaid Fee Schedules default to a payment of 50 percent of charges.,,78,,,,,0,percent of total billed charges,78% of Billed Charges. Lesser of 100% of billed charges applies.; No services were performed during the 15 month look back period.,634.62,,,,,,,Fee Schedule,"501.0026051946 % Medicare Physician FS TC Rates Only. ",176.84,,,,,,,Fee Schedule,"100% RBRVS FS. ",8427,,,,,,,Case Rate,". Primary procedure pays at 100%, all subsequent at 50%.",176.84,,,,,,,Fee Schedule,"100% RBRVS FS. ",176.84,,,,,,,Fee Schedule,"100% RBRVS FS. ",,78,,,,,0,percent of total billed charges,78% of Billed Charges. Lesser of 100% of billed charges applies.; No services were performed during the 15 month look back period.,117.44,,,,,,,Fee Schedule,"90 Percent of the Medicare technical component RBRVS. If no technical component exists, then 90 Percent of the Medicare RBRVS",117.44,,,,,,,Fee Schedule,"90 Percent of the Medicare technical component RBRVS. If no technical component exists, then 90 Percent of the Medicare RBRVS",117.44,,,,,,,Fee schedule,"90 Percent of Medicare RBRVS. ",117.44,,,,,,,Fee schedule,"90 Percent of Medicare RBRVS. ",8427,,,,,,,Case Rate,". Primary procedure pays at 100%, all subsequent at 50%.",8427,,,,,,,Case Rate,". Primary procedure pays at 100%, all subsequent at 50%.",172.63,,,,,,,Case Rate,"100 Percent of Medicaid APG. Not APG payable, or payable under another fee schedule like ASP/AWP pays at 30% of charges",8427,,,,,,,Case Rate,". Primary procedure pays at 100%, all subsequent at 50%.",172.63,,,,,,,Case Rate,"100 Percent of Medicaid APG. Not APG payable, or payable under another fee schedule like ASP/AWP pays at 30% of charges",176.84,,,,,,,Fee Schedule,"100% RBRVS FS. ",8427,,,,,,,Case Rate,". Primary procedure pays at 100%, all subsequent at 50%.",,78,,,,,0,percent of total billed charges,78% of Billed Charges. Lesser of 100% of billed charges applies.; No services were performed during the 15 month look back period.,172.63,,,,,,,Case Rate,"100 Percent of Medicaid APG. If not priced under APG, then Metroplus FeeSched",172.63,,,,,,,Case Rate,"100 Percent of Medicaid APG. If not priced under APG, then Metroplus FeeSched",,78,,,,,0,percent of total billed charges,78% of Billed Charges. Lesser of 100% of billed charges applies.; No services were performed during the 15 month look back period.,6487,,,,,,,Case Rate,". MPL 100/50/25% maxmium of 3 procedures. All add ons apply, and lesser of 100% of billed charges",497,,,,,,,Other,". ",497,,,,,,,Other,". ",,78,,,,,0,percent of total billed charges,78% of Billed Charges. Lesser of 100% of billed charges applies.; No services were performed during the 15 month look back period.,176.84,,,,,,,Fee Schedule,"100% RBRVS FS. ",721.02,,,,,,,Other,. Paid once per unit per revenue code and lesser of 100% of billed charges.,721.02,,,,,,,Other,. Paid once per unit per revenue code and lesser of 100% of billed charges.,721.02,,,,,,,Other,. Paid once per unit per revenue code and lesser of 100% of billed charges.,176.84,,,,,,,Fee Schedule,"100% RBRVS FS. ",721.02,,,,,,,Other,. Paid once per unit per revenue code and lesser of 100% of billed charges.,721.02,,,,,,,Other,. Paid once per unit per revenue code and lesser of 100% of billed charges.,176.84,,,,,,,Fee Schedule,"100% of RBRVS. ",25798,,,,,,,Case Rate,". MPL 100/75/50% all add ons apply, and lesser of 100% of billed charges",,65,,,,,0,percent of total billed charges,65% of Billed Charges. Lesser of 100% of billed charges applies.; No services were performed during the 15 month look back period.,,65,,,,,0,percent of total billed charges,65% of Billed Charges. Lesser of 100% of billed charges applies.; No services were performed during the 15 month look back period.,,65,,,,,0,percent of total billed charges,65% of Billed Charges. Lesser of 100% of billed charges applies.; No services were performed during the 15 month look back period.,,65,,,,,0,percent of total billed charges,65% of Billed Charges. Lesser of 100% of billed charges applies.; No services were performed during the 15 month look back period.,,65,,,,,0,percent of total billed charges,65% of Billed Charges. Lesser of 100% of billed charges applies.; No services were performed during the 15 month look back period.,,65,,,,,0,percent of total billed charges,65% of Billed Charges. Lesser of 100% of billed charges applies.; No services were performed during the 15 month look back period.,176.84,,,,,,,Fee Schedule,"100% RBRVS FS. ",176.84,,,,,,,Fee Schedule,"100% RBRVS FS. ",,65,,,,,0,percent of total billed charges,65% of Billed Charges. Lesser of 100% of billed charges applies.; No services were performed during the 15 month look back period.,,78,,,,,0,percent of total billed charges,78% of Billed Charges. Lesser of 100% of billed charges applies.; No services were performed during the 15 month look back period.,,78,,,,,0,percent of total billed charges,78% of Billed Charges. Lesser of 100% of billed charges applies.; No services were performed during the 15 month look back period.,,78,,,,,0,percent of total billed charges,78% of Billed Charges. Lesser of 100% of billed charges applies.; No services were performed during the 15 month look back period.,,78,,,,,0,percent of total billed charges,78% of Billed Charges. Lesser of 100% of billed charges applies.; No services were performed during the 15 month look back period.,,78,,,,,0,percent of total billed charges,78% of Billed Charges. Lesser of 100% of billed charges applies.; No services were performed during the 15 month look back period.,,78,,,,,0,percent of total billed charges,78% of Billed Charges. Lesser of 100% of billed charges applies.; No services were performed during the 15 month look back period.,,78,,,,,0,percent of total billed charges,78% of Billed Charges. Lesser of 100% of billed charges applies.; No services were performed during the 15 month look back period.,,78,,,,,0,percent of total billed charges,78% of Billed Charges. Lesser of 100% of billed charges applies.; No services were performed during the 15 month look back period.,,78,,,,,0,percent of total billed charges,78% of Billed Charges. Lesser of 100% of billed charges applies.; No services were performed during the 15 month look back period.,,78,,,,,0,percent of total billed charges,78% of Billed Charges. Lesser of 100% of billed charges applies.; No services were performed during the 15 month look back period.,,78,,,,,0,percent of total billed charges,78% of Billed Charges. Lesser of 100% of billed charges applies.; No services were performed during the 15 month look back period.,,78,,,,,0,percent of total billed charges,78% of Billed Charges. Lesser of 100% of billed charges applies.; No services were performed during the 15 month look back period.,,78,,,,,0,percent of total billed charges,78% of Billed Charges. Lesser of 100% of billed charges applies.; No services were performed during the 15 month look back period.,,78,,,,,0,percent of total billed charges,78% of Billed Charges. Lesser of 100% of billed charges applies.; No services were performed during the 15 month look back period.,,78,,,,,0,percent of total billed charges,78% of Billed Charges. Lesser of 100% of billed charges applies.; No services were performed during the 15 month look back period.,,78,,,,,0,percent of total billed charges,78% of Billed Charges. Lesser of 100% of billed charges applies.; No services were performed during the 15 month look back period.,,78,,,,,0,percent of total billed charges,78% of Billed Charges. Lesser of 100% of billed charges applies.; No services were performed during the 15 month look back period.,,78,,,,,0,percent of total billed charges,78% of Billed Charges. Lesser of 100% of billed charges applies.; No services were performed during the 15 month look back period.,,78,,,,,0,percent of total billed charges,78% of Billed Charges. Lesser of 100% of billed charges applies.; No services were performed during the 15 month look back period.,,78,,,,,0,percent of total billed charges,78% of Billed Charges. Lesser of 100% of billed charges applies.; No services were performed during the 15 month look back period.,,78,,,,,0,percent of total billed charges,78% of Billed Charges. Lesser of 100% of billed charges applies.; No services were performed during the 15 month look back period.,,78,,,,,0,percent of total billed charges,78% of Billed Charges. Lesser of 100% of billed charges applies.; No services were performed during the 15 month look back period.,,78,,,,,0,percent of total billed charges,78% of Billed Charges. Lesser of 100% of billed charges applies.; No services were performed during the 15 month look back period.,,78,,,,,0,percent of total billed charges,78% of Billed Charges. Lesser of 100% of billed charges applies.; No services were performed during the 15 month look back period.,,78,,,,,0,percent of total billed charges,78% of Billed Charges. Lesser of 100% of billed charges applies.; No services were performed during the 15 month look back period.,,78,,,,,0,percent of total billed charges,78% of Billed Charges. Lesser of 100% of billed charges applies.; No services were performed during the 15 month look back period.,8427,,,,,,,Case Rate,". Primary procedure pays at 100%, all subsequent at 50%.",8427,,,,,,,Case Rate,". Primary procedure pays at 100%, all subsequent at 50%.",8427,,,,,,,Case Rate,". Primary procedure pays at 100%, all subsequent at 50%.",8427,,,,,,,Case Rate,". Primary procedure pays at 100%, all subsequent at 50%.",12574,,,,,,,Case Rate,". Primary procedure pays at 100%, all subsequent at 50%.",12574,,,,,,,Case Rate,". Primary procedure pays at 100%, all subsequent at 50%.",6487,,,,,,,Case Rate,". MPL 100/50/25% maxmium of 3 procedures. All add ons apply, and lesser of 100% of billed charges",,65,,,,,0,percent of total billed charges,65% of Billed Charges. Lesser of 100% of billed charges applies.; No services were performed during the 15 month look back period.,721.02,,,,,,,Other,. Paid once per unit per revenue code and lesser of 100% of billed charges.,,65,,,,,0,percent of total billed charges,65% of Billed Charges. Lesser of 100% of billed charges applies.; No services were performed during the 15 month look back period.,,78,,,,,0,percent of total billed charges,78% of Billed Charges. Lesser of 100% of billed charges applies.; No services were performed during the 15 month look back period.,12574,,,,,,,Case Rate,". Primary procedure pays at 100%, all subsequent at 50%.",,65,,,,,0,percent of total billed charges,65% of Billed Charges. Lesser of 100% of billed charges applies.; No services were performed during the 15 month look back period.,721.02,,,,,,,Other,. Paid once per unit per revenue code and lesser of 100% of billed charges.,6487,,,,,,,Case Rate,". MPL 100/50/25% maxmium of 3 procedures. All add ons apply, and lesser of 100% of billed charges",,,,,,,,,"NA. ",,78,,,,,0,percent of total billed charges,78% of Billed Charges. Lesser of 100% of billed charges applies.; No services were performed during the 15 month look back period.,172.63,,,,,,,Case Rate,"100 Percent of Medicaid APG. ",8427,,,,,,,Case Rate,". Primary procedure pays at 100%, all subsequent at 50%.",172.63,,,,,,,Case Rate,"100 Percent of Medicaid APG. Not APG payable, or payable under another fee schedule like ASP/AWP pays at 30% of charges",176.84,,,,,,,Fee Schedule,"100% RBRVS FS. ",176.84,,,,,,,Fee Schedule,"100% RBRVS FS. ",25798,,,,,,,Case Rate,". MPL 100/75/50% all add ons apply, and lesser of 100% of billed charges",176.84,,,,,,,Fee Schedule,"100% RBRVS FS. ",176.84,,,,,,,Fee Schedule,"100% RBRVS FS. ",172.63,,,,,,,Case Rate,"100 Percent of Medicaid APG. ",176.84,,,,,,,Fee Schedule,"100% RBRVS FS. ",176.84,,,,,,,Fee Schedule,"100% RBRVS FS. ",634.62,,,,,,,Fee Schedule,"501.0026051946 % Medicare Physician FS TC Rates Only. ",634.62,,,,,,,Fee Schedule,"501.0026051946 % Medicare Physician FS TC Rates Only. ",176.84,,,,,,,Fee Schedule,"100% RBRVS FS. ",6487,,,,,,,Case Rate,". MPL 100/50/25% maxmium of 3 procedures. All add ons apply, and lesser of 100% of billed charges",721.02,,,,,,,Other,. Paid once per unit per revenue code and lesser of 100% of billed charges.,721.02,,,,,,,Other,. Paid once per unit per revenue code and lesser of 100% of billed charges.,176.84,,,,,,,Fee Schedule,"100% RBRVS FS. ",6487,,,,,,,Case Rate,". MPL 100/50/25% maxmium of 3 procedures. All add ons apply, and lesser of 100% of billed charges",634.62,,,,,,,Fee Schedule,"501.0026051946 % Medicare Physician FS TC Rates Only. ",634.62,,,,,,,Fee Schedule,"501.0026051946 % Medicare Physician FS TC Rates Only. ",634.62,,,,,,,Fee Schedule,"501.0026051946 % Medicare Physician FS TC Rates Only. ",,78,,,,,0,percent of total billed charges,78% of Billed Charges. Lesser of 100% of billed charges applies.; No services were performed during the 15 month look back period.,,78,,,,,0,percent of total billed charges,78% of Billed Charges. Lesser of 100% of billed charges applies.; No services were performed during the 15 month look back period.,,78,,,,,0,percent of total billed charges,78% of Billed Charges. Lesser of 100% of billed charges applies.; No services were performed during the 15 month look back period.,,78,,,,,0,percent of total billed charges,78% of Billed Charges. Lesser of 100% of billed charges applies.; No services were performed during the 15 month look back period.,,78,,,,,0,percent of total billed charges,78% of Billed Charges. Lesser of 100% of billed charges applies.; No services were performed during the 15 month look back period.,,78,,,,,0,percent of total billed charges,78% of Billed Charges. Lesser of 100% of billed charges applies.; No services were performed during the 15 month look back period.,,78,,,,,0,percent of total billed charges,78% of Billed Charges. Lesser of 100% of billed charges applies.; No services were performed during the 15 month look back period.,,78,,,,,0,percent of total billed charges,78% of Billed Charges. Lesser of 100% of billed charges applies.; No services were performed during the 15 month look back period.,,78,,,,,0,percent of total billed charges,78% of Billed Charges. Lesser of 100% of billed charges applies.; No services were performed during the 15 month look back period.,,78,,,,,0,percent of total billed charges,78% of Billed Charges. Lesser of 100% of billed charges applies.; No services were performed during the 15 month look back period.,,78,,,,,0,percent of total billed charges,78% of Billed Charges. Lesser of 100% of billed charges applies.; No services were performed during the 15 month look back period.,12574,,,,,,,Case Rate,". Primary procedure pays at 100%, all subsequent at 50%.",,65,,,,,0,percent of total billed charges,65% of Billed Charges. Lesser of 100% of billed charges applies.; No services were performed during the 15 month look back period.,6487,,,,,,,Case Rate,". MPL 100/50/25% maxmium of 3 procedures. All add ons apply, and lesser of 100% of billed charges",176.84,,,,,,,Fee Schedule,"100% RBRVS FS. ",634.62,,,,,,,Fee Schedule,"501.0026051946 % Medicare Physician FS TC Rates Only. ",6487,,,,,,,Case Rate,". MPL 100/50/25% maxmium of 3 procedures. All add ons apply, and lesser of 100% of billed charges",6487,,,,,,,Case Rate,". MPL 100/50/25% maxmium of 3 procedures. All add ons apply, and lesser of 100% of billed charges",,78,,,,,0,percent of total billed charges,78% of Billed Charges. Lesser of 100% of billed charges applies.; No services were performed during the 15 month look back period.,369.44,,,,,,,Case Rate,"141 Percent of current Medicare RBRVS FeeSched. ",6487,,,,,,,Case Rate,". MPL 100/50/25% maxmium of 3 procedures. All add ons apply, and lesser of 100% of billed charges",172.63,,,,,,,Case Rate,"100 Percent of Medicaid APG. ",176.84,,,,,,,Fee Schedule,"100% RBRVS FS. ",176.84,,,,,,,Fee Schedule,"100% RBRVS FS. ",176.84,,,,,,,Fee Schedule,"100% RBRVS FS. ",176.84,,,,,,,Fee Schedule,"100% RBRVS FS. ",176.84,,,,,,,Fee Schedule,"100% RBRVS FS. ",176.84,,,,,,,Fee Schedule,"100% RBRVS FS. ",6487,,,,,,,Case Rate,". MPL 100/50/25% maxmium of 3 procedures. All add ons apply, and lesser of 100% of billed charges",25798,,,,,,,Case Rate,". MPL 100/75/50% all add ons apply, and lesser of 100% of billed charges",208.78,,,,,,,Fee Schedule,"160 Percent of Medicare RBRVS. ",208.78,,,,,,,Fee Schedule,"160 Percent of Medicare RBRVS. ",208.78,,,,,,,Fee Schedule,"160 Percent of Medicare RBRVS. ",208.78,,,,,,,Fee Schedule,"160 Percent of Medicare RBRVS. ",208.78,,,,,,,Fee Schedule,"160 Percent of Medicare RBRVS. ",,,,,,,,,"NA. ",25798,,,,,,,Case Rate,". MPL 100/75/50% all add ons apply, and lesser of 100% of billed charges",249.34,,,,,,,Fee Schedule,141 Percent of current Medicare RBRVS fee schedule. Metroplus will reimburse unlisted codes and described codes with no Medicare rate at 50 percent of charges.,249.34,,,,,,,Fee Schedule,141 Percent of current Medicare RBRVS fee schedule. Metroplus will reimburse unlisted codes and described codes with no Medicare rate at 50 percent of charges.,249.34,,,,,,,Fee Schedule,141 Percent of current Medicare RBRVS fee schedule. Metroplus will reimburse unlisted codes and described codes with no Medicare rate at 50 percent of charges.,249.34,,,,,,,Fee Schedule,141 Percent of current Medicare RBRVS fee schedule. Metroplus will reimburse unlisted codes and described codes with no Medicare rate at 50 percent of charges.,249.34,,,,,,,Fee Schedule,141 Percent of current Medicare RBRVS fee schedule. Metroplus will reimburse unlisted codes and described codes with no Medicare rate at 50 percent of charges.,176.84,,,,,,,Fee Schedule,"100% RBRVS FS. ",12574,,,,,,,Case Rate,". Primary procedure pays at 100%, all subsequent at 50%.",12574,,,,,,,Case Rate,". Primary procedure pays at 100%, all subsequent at 50%.",12574,,,,,,,Case Rate,". Primary procedure pays at 100%, all subsequent at 50%.",12574,,,,,,,Case Rate,". Primary procedure pays at 100%, all subsequent at 50%.",634.62,,,,,,,Fee Schedule,"501.0026051946 % Medicare Physician FS TC Rates Only. ",634.62,,,,,,,Fee Schedule,"501.0026051946 % Medicare Physician FS TC Rates Only. ",634.62,,,,,,,Fee Schedule,"501.0026051946 % Medicare Physician FS TC Rates Only. ",634.62,,,,,,,Fee Schedule,"501.0026051946 % Medicare Physician FS TC Rates Only. ",25798,,,,,,,Case Rate,". MPL 100/75/50% all add ons apply, and lesser of 100% of billed charges",25798,,,,,,,Case Rate,". MPL 100/75/50% all add ons apply, and lesser of 100% of billed charges",176.84,,,,,,,Fee Schedule,"100% RBRVS FS. ",176.84,,,,,,,Fee Schedule,"100% RBRVS FS. ",176.84,,,,,,,Fee Schedule,"100% RBRVS FS. ",,65,,,,,0,percent of total billed charges,65% of Billed Charges. Lesser of 100% of billed charges applies.; No services were performed during the 15 month look back period.,,65,,,,,0,percent of total billed charges,65% of Billed Charges. Lesser of 100% of billed charges applies.; No services were performed during the 15 month look back period.,,65,,,,,0,percent of total billed charges,65% of Billed Charges. Lesser of 100% of billed charges applies.; No services were performed during the 15 month look back period.,25798,,,,,,,Case Rate,". MPL 100/75/50% all add ons apply, and lesser of 100% of billed charges",634.62,,,,,,,Fee Schedule,"501.0026051946 % Medicare Physician FS TC Rates Only. ",176.84,,,,,,,Fee Schedule,"100% RBRVS FS. ",,65,,,,,0,percent of total billed charges,65% of Billed Charges. Lesser of 100% of billed charges applies.; No services were performed during the 15 month look back period.,172.63,,,,,,,Case Rate,"100 Percent of Medicaid APG. ",180.37,,,,,,,Fee Schedule,"102% of RBRVS. ",180.37,,,,,,,Fee Schedule,"102% of RBRVS. ",180.37,,,,,,,Fee Schedule,"102% of RBRVS. ",117.44,,,,,,,Fee schedule,"90 Percent of Medicare RBRVS. ",286.24,,,,,,,Fee Schedule,225% of NYS Medicaid fee schedule. Lesser of 100% of billed charges applies.,286.24,,,,,,,Fee Schedule,225% of NYS Medicaid fee schedule. Lesser of 100% of billed charges applies.,286.24,,,,,,,Fee Schedule,225% of NYS Medicaid fee schedule. Lesser of 100% of billed charges applies.,286.24,,,,,,,Fee Schedule,225% of NYS Medicaid fee schedule. Lesser of 100% of billed charges applies.,286.24,,,,,,,Fee Schedule,225% of NYS Medicaid fee schedule. Lesser of 100% of billed charges applies.,180.37,,,,,,,Fee Schedule,"102% of RBRVS. ",172.63,,,,,,,Case Rate,"100 Percent of Medicaid APG. ",117.44,,,,,,,Fee Schedule,"90 Percent of the Medicare technical component RBRVS. If no technical component exists, then 90 Percent of the Medicare RBRVS",286.24,,,,,,,Fee Schedule,225% of NYS Medicaid fee schedule. Lesser of 100% of billed charges applies.,286.24,,,,,,,Fee Schedule,225% of NYS Medicaid fee schedule. Lesser of 100% of billed charges applies.,117.44,,,,,,,Fee Schedule,"90 Percent of the Medicare technical component RBRVS. If no technical component exists, then 90 Percent of the Medicare RBRVS",117.44,,,,,,,Fee Schedule,"90 Percent of the Medicare technical component RBRVS. If no technical component exists, then 90 Percent of the Medicare RBRVS",208.78,,,,,,,Fee Schedule,"160 Percent of Medicare RBRVS. ",176.84,,,,,,,Fee Schedule,"100% RBRVS FS. ",176.84,,,,,,,Fee Schedule,"100% RBRVS FS. ",634.62,,,,,,,Fee Schedule,"501.0026051946 % Medicare Physician FS TC Rates Only. ",176.84,,,,,,,Fee Schedule,"100% RBRVS FS. ",388.43,,,,,,,Fee Schedule,"225 Percent of Medicaid APG. ",388.43,,,,,,,Fee Schedule,"225 Percent of Medicaid APG. ",117.44,,,,,,,Fee schedule,"90 Percent of Medicare RBRVS. ",117.44,,,,,,,Fee schedule,"90 Percent of Medicare RBRVS. ",388.43,,,,,,,Case Rate,225 Percent of Medicaid APG. Covered services not payable under Medicaid Fee Schedules default to a payment of 87.5 percent of charges.,117.44,,,,,,,Fee schedule,90 Percent of Medicare RBRVS. Covered services not payable under Medicaid Fee Schedules default to a payment of 50 percent of charges.,388.43,,,,,,,Case Rate,"100 Percent of Medicaid APG. ",388.43,,,,,,,Case Rate,"100 Percent of Medicaid APG. ",388.43,,,,,,,Case Rate,"100 Percent of Medicaid APG. ",388.43,,,,,,,Case Rate,"100 Percent of Medicaid APG. ",13453,,,,,,,Case Rate,". MPL 100/75/50% all add ons apply, and lesser of 100% of billed charges",25798,,,,,,,Case Rate,". MPL 100/75/50% all add ons apply, and lesser of 100% of billed charges",207.16,,,,,,,Case Rate,"120 Percent of Medicaid APG. Not APG payable, or payable under another fee schedule like ASP/AWP pays at 30% of charges",207.16,,,,,,,Case Rate,"120 Percent of Medicaid APG. Not APG payable, or payable under another fee schedule like ASP/AWP pays at 30% of charges",172.63,,,,,,,Case Rate,"100 Percent of Medicaid APG. Not APG payable, or payable under another fee schedule like ASP/AWP pays at 30% of charges",172.63,,,,,,,Case Rate,"100 Percent of Medicaid APG. Not APG payable, or payable under another fee schedule like ASP/AWP pays at 30% of charges",,65,,,,,0,percent of total billed charges,65% of Billed Charges. Lesser of 100% of billed charges applies.; No services were performed during the 15 month look back period.,,65,,,,,0,percent of total billed charges,65% of Billed Charges. Lesser of 100% of billed charges applies.; No services were performed during the 15 month look back period.,176.84,,,,,,,Fee Schedule,"100% RBRVS FS. ",,65,,,,,0,percent of total billed charges,65% of Billed Charges. Lesser of 100% of billed charges applies.; No services were performed during the 15 month look back period.,,65,,,,,0,percent of total billed charges,65% of Billed Charges. Lesser of 100% of billed charges applies.; No services were performed during the 15 month look back period.,,65,,,,,0,percent of total billed charges,65% of Billed Charges. Lesser of 100% of billed charges applies.; No services were performed during the 15 month look back period.,,65,,,,,0,percent of total billed charges,65% of Billed Charges. Lesser of 100% of billed charges applies.; No services were performed during the 15 month look back period.,176.84,,,,,,,Fee Schedule,"100% RBRVS FS. ",,65,,,,,0,percent of total billed charges,65% of Billed Charges. Lesser of 100% of billed charges applies.; No services were performed during the 15 month look back period.,,65,,,,,0,percent of total billed charges,65% of Billed Charges. Lesser of 100% of billed charges applies.; No services were performed during the 15 month look back period.,634.62,,,,,,,Fee Schedule,"501.0026051946 % Medicare Physician FS TC Rates Only. ",189.9,,,,,,,Fee Schedule,110% of APG. Lesser of 100% of billed charges applies.,117.44,,,,,,,Fee schedule,90 Percent of Medicare RBRVS. Covered services not payable under Medicaid Fee Schedules default to a payment of 50 percent of charges.,286.24,,,,,,,Fee Schedule,225% of NYS Medicaid fee schedule. Lesser of 100% of billed charges applies.,388.43,,,,,,,Case Rate,225 Percent of Medicaid APG. Covered services not payable under Medicaid Fee Schedules default to a payment of 87.5 percent of charges.,117.44,,,,,,,Fee schedule,90 Percent of Medicare RBRVS. Covered services not payable under Medicaid Fee Schedules default to a payment of 50 percent of charges.,286.24,,,,,,,Fee Schedule,225% of NYS Medicaid fee schedule. Lesser of 100% of billed charges applies.,286.24,,,,,,,Fee Schedule,225% of NYS Medicaid fee schedule. Lesser of 100% of billed charges applies.,286.24,,,,,,,Fee Schedule,225% of NYS Medicaid fee schedule. Lesser of 100% of billed charges applies.,286.24,,,,,,,Fee Schedule,225% of NYS Medicaid fee schedule. Lesser of 100% of billed charges applies.,286.24,,,,,,,Fee Schedule,225% of NYS Medicaid fee schedule. Lesser of 100% of billed charges applies.,286.24,,,,,,,Fee Schedule,225% of NYS Medicaid fee schedule. Lesser of 100% of billed charges applies.,,,,,,,,,"NA. ",,,,,,,,,"NA. ",,,,,,,,,"NA. ",6487,,,,,,,Case Rate,". MPL 100/50/25% maxmium of 3 procedures. All add ons apply, and lesser of 100% of billed charges",,,,,,,,,"NA. ",176.84,,,,,,,Fee Schedule,"100% RBRVS FS. ",143,,,,,,,Fee Schedule,"100 % 1199 Fee Schedule. ",176.84,,,,,,,Fee Schedule,"100% RBRVS FS. ",176.84,,,,,,,Fee Schedule,"100% RBRVS FS. ",207.16,,,,,,,Case Rate,"120 Percent of Medicaid APG. Not APG payable, or payable under another fee schedule like ASP/AWP pays at 30% of charges",207.16,,,,,,,Case Rate,"120 Percent of Medicaid APG. Not APG payable, or payable under another fee schedule like ASP/AWP pays at 30% of charges",172.63,,,,,,,Case Rate,"100 Percent of Medicaid APG. Not APG payable, or payable under another fee schedule like ASP/AWP pays at 30% of charges",172.63,,,,,,,Case Rate,"100 Percent of Medicaid APG. Not APG payable, or payable under another fee schedule like ASP/AWP pays at 30% of charges",172.63,,,,,,,Case Rate,"100 Percent of Medicaid APG. ",7163,,,,,,,Case Rate,". ",634.62,,,,,,,Fee Schedule,"501.0026051946 % Medicare Physician FS TC Rates Only. ",8427,,,,,,,Case Rate,". Primary procedure pays at 100%, all subsequent at 50%.",6487,,,,,,,Case Rate,". MPL 100/50/25% maxmium of 3 procedures. All add ons apply, and lesser of 100% of billed charges",176.84,,,,,,,Fee Schedule,"100% RBRVS FS. ",176.84,,,,,,,Fee Schedule,"100% RBRVS FS. ",176.84,,,,,,,Fee Schedule,"100% RBRVS FS. ",176.84,,,,,,,Fee Schedule,"100% RBRVS FS. ",176.84,,,,,,,Fee Schedule,"100% RBRVS FS. ",176.84,,,,,,,Fee Schedule,"100% RBRVS FS. ",,,,,,,,,"NA. ",286.24,,,,,,,Fee Schedule,225% of NYS Medicaid fee schedule. Lesser of 100% of billed charges applies.,117.44,,,,,,,Fee Schedule,"90 Percent of the Medicare technical component RBRVS. If no technical component exists, then 90 Percent of the Medicare RBRVS",,65,,,,,0,percent of total billed charges,65% of Billed Charges. Lesser of 100% of billed charges applies.; No services were performed during the 15 month look back period.,7163,,,,,,,Case Rate,". ",7163,,,,,,,Case Rate,". ",7163,,,,,,,Case Rate,". ",7163,,,,,,,Case Rate,". ",176.84,,,,,,,Fee Schedule,"100% RBRVS FS. ",172.63,,,,,,,Case Rate,"100 Percent of Medicaid APG. ",,65,,,,,0,percent of total billed charges,65% of Billed Charges. Lesser of 100% of billed charges applies.; No services were performed during the 15 month look back period.,172.63,,,,,,,Case Rate,"100 Percent of Medicaid APG. ",176.84,,,,,,,Fee Schedule,"100% RBRVS FS. ",172.63,,,,,,,Case Rate,"100 Percent of Medicaid APG. ",176.84,,,,,,,Fee Schedule,"100% RBRVS FS. ",176.84,,,,,,,Fee Schedule,"100% RBRVS FS. ",172.63,,,,,,,Case Rate,"100 Percent of Medicaid APG. ",172.63,,,,,,,Case Rate,"100 Percent of Medicaid APG. ",7163,,,,,,,Case Rate,". ",6487,,,,,,,Case Rate,". MPL 100/50/25% maxmium of 3 procedures. All add ons apply, and lesser of 100% of billed charges",,78,,,,,0,percent of total billed charges,78% of Billed Charges. Lesser of 100% of billed charges applies.; No services were performed during the 15 month look back period.,721.02,,,,,,,Other,. Paid once per unit per revenue code and lesser of 100% of billed charges.,721.02,,,,,,,Other,. Paid once per unit per revenue code and lesser of 100% of billed charges.,634.62,,,,,,,Fee Schedule,"501.0026051946 % Medicare Physician FS TC Rates Only. ",173.3,,,,,,,Fee Schedule,"98% of RBRVS. ",12574,,,,,,,Case Rate,". Primary procedure pays at 100%, all subsequent at 50%.",12574,,,,,,,Case Rate,". Primary procedure pays at 100%, all subsequent at 50%.",,52,,,,,0,percent of total billed charges,52% of Billed Charges. Lesser of 100% of billed charges applies.; No services were performed during the 15 month look back period.,,52,,,,,0,percent of total billed charges,52% of Billed Charges. Lesser of 100% of billed charges applies.; No services were performed during the 15 month look back period.,176.84,,,,,,,Fee Schedule,"100% RBRVS FS. ",176.84,,,,,,,Fee Schedule,"100% RBRVS FS. ",176.84,,,,,,,Fee Schedule,"100% RBRVS FS. ",176.84,,,,,,,Fee Schedule,"100% RBRVS FS. ",721.02,,,,,,,Other,. Paid once per unit per revenue code and lesser of 100% of billed charges.,,65,,,,,0,percent of total billed charges,65% of Billed Charges. Lesser of 100% of billed charges applies.; No services were performed during the 15 month look back period.,,65,,,,,0,percent of total billed charges,65% of Billed Charges. Lesser of 100% of billed charges applies.; No services were performed during the 15 month look back period.,176.84,,,,,,,Fee Schedule,"100% RBRVS FS. ",,52,,,,,0,percent of total billed charges,52% of Billed Charges. Lesser of 100% of billed charges applies.; No services were performed during the 15 month look back period.,8427,,,,,,,Case Rate,". Primary procedure pays at 100%, all subsequent at 50%.",207.16,,,,,,,Fee Schedule,"120 Percent of Medicaid APG. ",172.63,,,,,,,Case Rate,"100 Percent of Medicaid APG. ",7163,,,,,,,Case Rate,". ",,59,,,,,0,percent of total billed charges,59% of Billed Charges. Lesser of 100% of billed charges applies.; No services were performed during the 15 month look back period.,,59,,,,,0,percent of total billed charges,59% of Billed Charges. Lesser of 100% of billed charges applies.; No services were performed during the 15 month look back period.,,65,,,,,0,percent of total billed charges,65% of Billed Charges. Lesser of 100% of billed charges applies.; No services were performed during the 15 month look back period.,14948,,,,,,,Case Rate,". MPL 100/75/50% all add ons apply, and lesser of 100% of billed charges",176.84,,,,,,,Fee Schedule,"100% RBRVS FS. ",181.27,,,,,,,Fee Schedule,105 percent of Medicaid APG. otherwise 105% of Ordered NYS MCD FS or 105% of ASP+6%,181.27,,,,,,,Fee Schedule,105 percent of Medicaid APG. otherwise 105% of Ordered NYS MCD FS or 105% of ASP+6%,181.27,,,,,,,Fee Schedule,105 percent of Medicaid APG. otherwise 105% of Ordered NYS MCD FS or 105% of ASP+6%,233.06,,,,,,,Fee Schedule,135 percent of Medicaid APG. otherwise 135% of Ordered NYS MCD FS or 135% of ASP+6%,721.02,,,,,,,Other,. Paid once per unit per revenue code and lesser of 100% of billed charges.,181.27,,,,,,,Fee Schedule,105 percent of Medicaid APG. otherwise 105% of Ordered NYS MCD FS or 105% of ASP+6%,181.27,,,,,,,Fee Schedule,105 percent of Medicaid APG. otherwise 105% of Ordered NYS MCD FS or 105% of ASP+6%,181.27,,,,,,,Fee Schedule,105 percent of Medicaid APG. otherwise 105% of Ordered NYS MCD FS or 105% of ASP+6%,181.27,,,,,,,Fee Schedule,105 percent of Medicaid APG. otherwise 105% of Ordered NYS MCD FS or 105% of ASP+6%,181.27,,,,,,,Fee Schedule,105 percent of Medicaid APG. otherwise 105% of Ordered NYS MCD FS or 105% of ASP+6%,233.06,,,,,,,Fee Schedule,135 percent of Medicaid APG. otherwise 135% of Ordered NYS MCD FS or 135% of ASP+6%,233.06,,,,,,,Fee Schedule,135 percent of Medicaid APG. otherwise 135% of Ordered NYS MCD FS or 135% of ASP+6%,176.84,,,,,,,Fee Schedule,"100% RBRVS FS. ",721.02,,,,,,,Other,. Paid once per unit per revenue code and lesser of 100% of billed charges.,176.84,,,,,,,Fee Schedule,"100% RBRVS FS. ",181.27,,,,,,,Fee Schedule,105 percent of Medicaid APG. otherwise 105% of Ordered NYS MCD FS or 105% of ASP+6%,,65,,,,,0,percent of total billed charges,65% of Billed Charges. Lesser of 100% of billed charges applies.; No services were performed during the 15 month look back period.,176.84,,,,,,,Fee Schedule,"100% RBRVS FS. ",,65,,,,,0,percent of total billed charges,65% of Billed Charges. Lesser of 100% of billed charges applies.; No services were performed during the 15 month look back period.,,65,,,,,0,percent of total billed charges,65% of Billed Charges. Lesser of 100% of billed charges applies.; No services were performed during the 15 month look back period.,,65,,,,,0,percent of total billed charges,65% of Billed Charges. Lesser of 100% of billed charges applies.; No services were performed during the 15 month look back period.,181.27,,,,,,,Fee Schedule,105 percent of Medicaid APG. otherwise 105% of Ordered NYS MCD FS or 105% of ASP+6%,176.84,,,,,,,Fee Schedule,"100% RBRVS FS. ",,65,,,,,0,percent of total billed charges,65% of Billed Charges. Lesser of 100% of billed charges applies.; No services were performed during the 15 month look back period.,233.06,,,,,,,Fee Schedule,135 percent of Medicaid APG. otherwise 135% of Ordered NYS MCD FS or 135% of ASP+6%,,65,,,,,0,percent of total billed charges,65% of Billed Charges. Lesser of 100% of billed charges applies.; No services were performed during the 15 month look back period.,265.25,,,,,,,Fee Schedule,"150% of RBRVS. ",176.84,,,,,,,Fee Schedule,"100% RBRVS FS. ",7163,,,,,,,Case Rate,". ",7163,,,,,,,Case Rate,". ",7163,,,,,,,Case Rate,". ",7163,,,,,,,Case Rate,". ",7163,,,,,,,Case Rate,". ",8427,,,,,,,Case Rate,". Primary procedure pays at 100%, all subsequent at 50%.",8427,,,,,,,Case Rate,". Primary procedure pays at 100%, all subsequent at 50%.",7163,,,,,,,Case Rate,". ",7163,,,,,,,Case Rate,". ",7163,,,,,,,Case Rate,". ",7163,,,,,,,Case Rate,". ",7163,,,,,,,Case Rate,". ",176.84,,,,,,,Fee Schedule,"100% RBRVS FS. ",8427,,,,,,,Case Rate,". Primary procedure pays at 100%, all subsequent at 50%.",176.84,,,,,,,Fee Schedule,"100% RBRVS FS. ",388.43,,,,,,,Case Rate,"225 Percent of Medicaid APG. If not included in Medicaid APG, then 100 Percent of Manhattan Medicare",172.63,,,,,,,Case Rate,"100 Percent of Medicaid APG. If not priced under APG, then Metroplus FeeSched",721.02,,,,,,,Other,. Paid once per unit per revenue code and lesser of 100% of billed charges.,721.02,,,,,,,Other,. Paid once per unit per revenue code and lesser of 100% of billed charges.,176.84,,,,,,,Fee Schedule,"100% RBRVS FS. ",12574,,,,,,,Case Rate,". Primary procedure pays at 100%, all subsequent at 50%.",176.84,,,,,,,Fee Schedule,"100% RBRVS FS. ",176.84,,,,,,,Fee Schedule,"100% RBRVS FS. ",634.62,,,,,,,Fee Schedule,"501.0026051946 % Medicare Physician FS TC Rates Only. ",176.84,,,,,,,Fee Schedule,"100% RBRVS FS. ",6487,,,,,,,Case Rate,". MPL 100/50/25% maxmium of 3 procedures. All add ons apply, and lesser of 100% of billed charges",176.84,,,,,,,Fee Schedule,"100% RBRVS FS. ",6487,,,,,,,Case Rate,". MPL 100/50/25% maxmium of 3 procedures. All add ons apply, and lesser of 100% of billed charges",634.62,,,,,,,Fee Schedule,"501.0026051946 % Medicare Physician FS TC Rates Only. ",6487,,,,,,,Case Rate,". MPL 100/50/25% maxmium of 3 procedures. All add ons apply, and lesser of 100% of billed charges",176.84,,,,,,,Fee Schedule,"100% RBRVS FS. ",172.63,,,,,,,Case Rate,"100 Percent of Medicaid APG. ",176.84,,,,,,,Fee Schedule,"100% RBRVS FS. ",6487,,,,,,,Case Rate,". MPL 100/50/25% maxmium of 3 procedures. All add ons apply, and lesser of 100% of billed charges",721.02,,,,,,,Other,. Paid once per unit per revenue code and lesser of 100% of billed charges.,172.63,,,,,,,Case Rate,"100 Percent of Medicaid APG. ",,65,,,,,0,percent of total billed charges,65% of Billed Charges. Lesser of 100% of billed charges applies.; No services were performed during the 15 month look back period.,207.16,,,,,,,Fee Schedule,"120 Percent of Medicaid APG. ",207.16,,,,,,,Fee Schedule,"120 Percent of Medicaid APG. ",,65,,,,,0,percent of total billed charges,65% of Billed Charges. Lesser of 100% of billed charges applies.; No services were performed during the 15 month look back period.,,65,,,,,0,percent of total billed charges,65% of Billed Charges. Lesser of 100% of billed charges applies.; No services were performed during the 15 month look back period.,,65,,,,,0,percent of total billed charges,65% of Billed Charges. Lesser of 100% of billed charges applies.; No services were performed during the 15 month look back period.,721.02,,,,,,,Other,. Paid once per unit per revenue code and lesser of 100% of billed charges.,,65,,,,,0,percent of total billed charges,65% of Billed Charges. Lesser of 100% of billed charges applies.; No services were performed during the 15 month look back period.,,65,,,,,0,percent of total billed charges,65% of Billed Charges. Lesser of 100% of billed charges applies.; No services were performed during the 15 month look back period.,,65,,,,,0,percent of total billed charges,65% of Billed Charges. Lesser of 100% of billed charges applies.; No services were performed during the 15 month look back period.,7163,,,,,,,Case Rate,". ",7163,,,,,,,Case Rate,". ",249.34,,,,,,,Fee Schedule,141 Percent of current Medicare RBRVS fee schedule. Metroplus will reimburse unlisted codes and described codes with no Medicare rate at 50 percent of charges.,172.63,,,,,,,Case Rate,"100 Percent of Medicaid APG. ",721.02,,,,,,,Other,. Paid once per unit per revenue code and lesser of 100% of billed charges.,6487,,,,,,,Case Rate,". MPL 100/50/25% maxmium of 3 procedures. All add ons apply, and lesser of 100% of billed charges",634.62,,,,,,,Fee Schedule,"501.0026051946 % Medicare Physician FS TC Rates Only. ",721.02,,,,,,,Other,. Paid once per unit per revenue code and lesser of 100% of billed charges.,634.62,,,,,,,Fee Schedule,"501.0026051946 % Medicare Physician FS TC Rates Only. ",721.02,,,,,,,Other,. Paid once per unit per revenue code and lesser of 100% of billed charges.,,65,,,,,0,percent of total billed charges,65% of Billed Charges. Lesser of 100% of billed charges applies.; No services were performed during the 15 month look back period.,,65,,,,,0,percent of total billed charges,65% of Billed Charges. Lesser of 100% of billed charges applies.; No services were performed during the 15 month look back period.,,65,,,,,0,percent of total billed charges,65% of Billed Charges. Lesser of 100% of billed charges applies.; No services were performed during the 15 month look back period.,,65,,,,,0,percent of total billed charges,65% of Billed Charges. Lesser of 100% of billed charges applies.; No services were performed during the 15 month look back period.,176.84,,,,,,,Fee Schedule,"100% RBRVS FS. ",117.44,25798,
77280,CPT,2021185,LOCAL,333,RC,HC THER RAD SIMULAJ-AIDED FLD SETTING SMPL,1819.7,345.743,both,,,,177,,,,,,,Fee Schedule,"100 % 1199 Fee Schedule. ",177,,,,,,,Fee Schedule,"100 % 1199 Fee Schedule. ",1307.26,,,,,,,Fee Schedule,"501.000268271184 % Medicare Physician FS TC Rates Only. ",1819.7,100,,1819.7,1819.7,1819.7,1 through 10,percent of total billed charges,"100 percent of billed charges. ",157.11,,,,,,,Case Rate,"100% Medicare OPPS FS. ",1307.26,,,,,,,Fee Schedule,"501.000268271184 % Medicare Physician FS TC Rates Only. ",1307.26,,,,,,,Fee Schedule,"501.000268271184 % Medicare Physician FS TC Rates Only. ",1307.26,,,,,,,Fee Schedule,"501.000268271184 % Medicare Physician FS TC Rates Only. ",742.02,,,,,,,Case Rate,"100 Percent of Medicaid APG. ",618.35,,,,,,,Case Rate,"100 Percent of Medicaid APG. ",1419.366,78,,,,,0,percent of total billed charges,78% of Billed Charges. Lesser of 100% of billed charges applies.; No services were performed during the 15 month look back period.,1453.96,,,,,,,Fee Schedule,". ",618.35,,,,,,,Case Rate,"100 Percent of Medicaid APG. ",157.11,,,,,,,Case Rate,"100% Medicare OPPS FS. ",1546.31,,,,,,,Fee Schedule,"100 % All Other Outpatient Discount. ",1546.31,,,,,,,Fee Schedule,"100 % All Other Outpatient Discount. ",1546.31,,,,,,,Fee Schedule,"100 % All Other Outpatient Discount. ",1546.31,,,,,,,Fee Schedule,"100 % All Other Outpatient Discount. ",241.81,,,,,,,Fee schedule,90 Percent of Medicare RBRVS. Covered services not payable under Medicaid Fee Schedules default to a payment of 50 percent of charges.,157.11,,,,,,,Case Rate,"100% Medicare OPPS FS. ",241.81,,,,,,,Fee schedule,90 Percent of Medicare RBRVS. Covered services not payable under Medicaid Fee Schedules default to a payment of 50 percent of charges.,1419.366,78,,,,,0,percent of total billed charges,78% of Billed Charges. Lesser of 100% of billed charges applies.; No services were performed during the 15 month look back period.,1307.26,,,,,,,Fee Schedule,"501.000268271184 % Medicare Physician FS TC Rates Only. ",157.11,,,,,,,Case Rate,"100%Medicare OPPS FS. ",1416.85,,,,,,,Fee Schedule,"543 % Medicare RBRVS. ",157.11,,,,,,,Case Rate,"100%Medicare OPPS FS. ",157.11,,,,,,,Case Rate,"100%Medicare OPPS FS. ",1419.366,78,,,,,0,percent of total billed charges,78% of Billed Charges. Lesser of 100% of billed charges applies.; No services were performed during the 15 month look back period.,72.61,,,,,,,Case Rate,100% of PAS. Lesser of 100% of billed charges applies.,72.61,,,,,,,Case Rate,100% of PAS. Lesser of 100% of billed charges applies.,241.81,,,,,,,Fee schedule,"90 Percent of Medicare RBRVS. ",241.81,,,,,,,Fee schedule,"90 Percent of Medicare RBRVS. ",1416.85,,,,,,,Fee Schedule,"543 % Medicare RBRVS. ",1416.85,,,,,,,Fee Schedule,"543 % Medicare RBRVS. ",618.35,,,,,,,Case Rate,"100 Percent of Medicaid APG. Not APG payable, or payable under another fee schedule like ASP/AWP pays at 30% of charges",1416.85,,,,,,,Fee Schedule,"543 % Medicare RBRVS. ",618.35,,,,,,,Case Rate,"100 Percent of Medicaid APG. Not APG payable, or payable under another fee schedule like ASP/AWP pays at 30% of charges",157.11,,,,,,,Case Rate,"100%Medicare OPPS FS. ",1416.85,,,,,,,Fee Schedule,"543 % Medicare RBRVS. ",1419.366,78,,173.28,2.83,1078.68,1 through 10,percent of total billed charges,78% of Billed Charges. Lesser of 100% of billed charges applies.,618.35,,,,,,,Case Rate,"100 Percent of Medicaid APG. If not priced under APG, then Metroplus FeeSched",618.35,,,,,,,Case Rate,"100 Percent of Medicaid APG. If not priced under APG, then Metroplus FeeSched",1419.366,78,,,,,0,percent of total billed charges,78% of Billed Charges. Lesser of 100% of billed charges applies.; No services were performed during the 15 month look back period.,1546.31,,,,,,,Fee Schedule,"100 % All Other Outpatient Discount. ",1479.03,,,,,,,Fee Schedule,". ",1479.03,,,,,,,Fee Schedule,". ",1419.366,78,,,,,0,percent of total billed charges,78% of Billed Charges. Lesser of 100% of billed charges applies.; No services were performed during the 15 month look back period.,157.11,,,,,,,Case Rate,"100% Medicare OPPS FS. ",1453.96,,,,,,,Fee Schedule,". ",1453.96,,,,,,,Fee Schedule,". ",1453.96,,,,,,,Fee Schedule,". ",157.11,,,,,,,Case Rate,"100% Medicare OPPS FS. ",1453.96,,,,,,,Fee Schedule,". ",1453.96,,,,,,,Fee Schedule,". ",157.11,,,,,,,Case Rate,"100% of Medicare OPPS. ",909.85,50,,,,,0,percent of total billed charges,50 percent of billed charges; No services were performed during the 15 month look back period.,1599.36,,,,,,,Fee Schedule,"100 % Hard Code. ",1599.36,,,,,,,Fee Schedule,"100 % Hard Code. ",1599.36,,,,,,,Fee Schedule,"100 % Hard Code. ",1599.36,,,,,,,Fee Schedule,"100 % Hard Code. ",1599.36,,,,,,,Fee Schedule,"100 % Hard Code. ",1599.36,,,,,,,Fee Schedule,"100 % Hard Code. ",157.11,,,,,,,Case Rate,"100% Medicare OPPS FS. ",157.11,,,,,,,Case Rate,"100% Medicare OPPS FS. ",1599.36,,,,,,,Fee Schedule,"100 % Hard Code. ",1419.366,78,,,,,0,percent of total billed charges,78% of Billed Charges. Lesser of 100% of billed charges applies.; No services were performed during the 15 month look back period.,1419.366,78,,,,,0,percent of total billed charges,78% of Billed Charges. Lesser of 100% of billed charges applies.; No services were performed during the 15 month look back period.,1419.366,78,,,,,0,percent of total billed charges,78% of Billed Charges. Lesser of 100% of billed charges applies.; No services were performed during the 15 month look back period.,1419.366,78,,,,,0,percent of total billed charges,78% of Billed Charges. Lesser of 100% of billed charges applies.; No services were performed during the 15 month look back period.,1419.366,78,,,,,0,percent of total billed charges,78% of Billed Charges. Lesser of 100% of billed charges applies.; No services were performed during the 15 month look back period.,1419.366,78,,,,,0,percent of total billed charges,78% of Billed Charges. Lesser of 100% of billed charges applies.; No services were performed during the 15 month look back period.,1419.366,78,,,,,0,percent of total billed charges,78% of Billed Charges. Lesser of 100% of billed charges applies.; No services were performed during the 15 month look back period.,1419.366,78,,,,,0,percent of total billed charges,78% of Billed Charges. Lesser of 100% of billed charges applies.; No services were performed during the 15 month look back period.,1419.366,78,,,,,0,percent of total billed charges,78% of Billed Charges. Lesser of 100% of billed charges applies.; No services were performed during the 15 month look back period.,1419.366,78,,,,,0,percent of total billed charges,78% of Billed Charges. Lesser of 100% of billed charges applies.; No services were performed during the 15 month look back period.,1419.366,78,,,,,0,percent of total billed charges,78% of Billed Charges. Lesser of 100% of billed charges applies.; No services were performed during the 15 month look back period.,1419.366,78,,,,,0,percent of total billed charges,78% of Billed Charges. Lesser of 100% of billed charges applies.; No services were performed during the 15 month look back period.,1419.366,78,,,,,0,percent of total billed charges,78% of Billed Charges. Lesser of 100% of billed charges applies.; No services were performed during the 15 month look back period.,1419.366,78,,,,,0,percent of total billed charges,78% of Billed Charges. Lesser of 100% of billed charges applies.; No services were performed during the 15 month look back period.,1419.366,78,,,,,0,percent of total billed charges,78% of Billed Charges. Lesser of 100% of billed charges applies.; No services were performed during the 15 month look back period.,1419.366,78,,,,,0,percent of total billed charges,78% of Billed Charges. Lesser of 100% of billed charges applies.; No services were performed during the 15 month look back period.,1419.366,78,,,,,0,percent of total billed charges,78% of Billed Charges. Lesser of 100% of billed charges applies.; No services were performed during the 15 month look back period.,1419.366,78,,,,,0,percent of total billed charges,78% of Billed Charges. Lesser of 100% of billed charges applies.; No services were performed during the 15 month look back period.,1419.366,78,,,,,0,percent of total billed charges,78% of Billed Charges. Lesser of 100% of billed charges applies.; No services were performed during the 15 month look back period.,1419.366,78,,,,,0,percent of total billed charges,78% of Billed Charges. Lesser of 100% of billed charges applies.; No services were performed during the 15 month look back period.,1419.366,78,,,,,0,percent of total billed charges,78% of Billed Charges. Lesser of 100% of billed charges applies.; No services were performed during the 15 month look back period.,1419.366,78,,,,,0,percent of total billed charges,78% of Billed Charges. Lesser of 100% of billed charges applies.; No services were performed during the 15 month look back period.,1419.366,78,,,,,0,percent of total billed charges,78% of Billed Charges. Lesser of 100% of billed charges applies.; No services were performed during the 15 month look back period.,1419.366,78,,,,,0,percent of total billed charges,78% of Billed Charges. Lesser of 100% of billed charges applies.; No services were performed during the 15 month look back period.,1419.366,78,,,,,0,percent of total billed charges,78% of Billed Charges. Lesser of 100% of billed charges applies.; No services were performed during the 15 month look back period.,1419.366,78,,,,,0,percent of total billed charges,78% of Billed Charges. Lesser of 100% of billed charges applies.; No services were performed during the 15 month look back period.,1416.85,,,,,,,Fee Schedule,"543 % Medicare RBRVS. ",1416.85,,,,,,,Fee Schedule,"543 % Medicare RBRVS. ",1416.85,,,,,,,Fee Schedule,"543 % Medicare RBRVS. ",1416.85,,,,,,,Fee Schedule,"543 % Medicare RBRVS. ",2168.33,,,,,,,Fee Schedule,"831 % Medicare RBRVS. ",2168.33,,,,,,,Fee Schedule,"831 % Medicare RBRVS. ",1546.31,,,,,,,Fee Schedule,"100 % All Other Outpatient Discount. ",1599.36,,,,,,,Fee Schedule,"100 % Hard Code. ",1453.96,,,,,,,Fee Schedule,". ",1599.36,,,,,,,Fee Schedule,"100 % Hard Code. ",1419.366,78,,,,,0,percent of total billed charges,78% of Billed Charges. Lesser of 100% of billed charges applies.; No services were performed during the 15 month look back period.,2168.33,,,,,,,Fee Schedule,"831 % Medicare RBRVS. ",1599.36,,,,,,,Fee Schedule,"100 % Hard Code. ",1453.96,,,,,,,Fee Schedule,". ",1546.31,,,,,,,Fee Schedule,"100 % All Other Outpatient Discount. ",,,,,,,,,"NA. ",1419.366,78,,,,,0,percent of total billed charges,78% of Billed Charges. Lesser of 100% of billed charges applies.; No services were performed during the 15 month look back period.,618.35,,,,,,,Case Rate,"100 Percent of Medicaid APG. ",1416.85,,,,,,,Fee Schedule,"543 % Medicare RBRVS. ",618.35,,,,,,,Case Rate,"100 Percent of Medicaid APG. Not APG payable, or payable under another fee schedule like ASP/AWP pays at 30% of charges",157.11,,,,,,,Case Rate,"100%Medicare OPPS FS. ",157.11,,,,,,,Case Rate,"100% Medicare OPPS FS. ",909.85,50,,,,,0,percent of total billed charges,50 percent of billed charges; No services were performed during the 15 month look back period.,157.11,,,,,,,Case Rate,"100% Medicare OPPS FS. ",157.11,,,,,,,Case Rate,"100% Medicare OPPS FS. ",618.35,,,,,,,Case Rate,"100 Percent of Medicaid APG. ",157.11,,,,,,,Case Rate,"100% Medicare OPPS FS. ",157.11,,,,,,,Case Rate,"100% Medicare OPPS FS. ",1307.26,,,,,,,Fee Schedule,"501.000268271184 % Medicare Physician FS TC Rates Only. ",1307.26,,,,,,,Fee Schedule,"501.000268271184 % Medicare Physician FS TC Rates Only. ",157.11,,,,,,,Case Rate,"100% Medicare OPPS FS. ",1546.31,,,,,,,Fee Schedule,"100 % All Other Outpatient Discount. ",1453.96,,,,,,,Fee Schedule,". ",1453.96,,,,,,,Fee Schedule,". ",157.11,,,,,,,Case Rate,"100% Medicare OPPS FS. ",1546.31,,,,,,,Fee Schedule,"100 % All Other Outpatient Discount. ",1307.26,,,,,,,Fee Schedule,"501.000268271184 % Medicare Physician FS TC Rates Only. ",1307.26,,,,,,,Fee Schedule,"501.000268271184 % Medicare Physician FS TC Rates Only. ",1307.26,,,,,,,Fee Schedule,"501.000268271184 % Medicare Physician FS TC Rates Only. ",1419.366,78,,,,,0,percent of total billed charges,78% of Billed Charges. Lesser of 100% of billed charges applies.; No services were performed during the 15 month look back period.,1419.366,78,,,,,0,percent of total billed charges,78% of Billed Charges. Lesser of 100% of billed charges applies.; No services were performed during the 15 month look back period.,1419.366,78,,,,,0,percent of total billed charges,78% of Billed Charges. Lesser of 100% of billed charges applies.; No services were performed during the 15 month look back period.,1419.366,78,,,,,0,percent of total billed charges,78% of Billed Charges. Lesser of 100% of billed charges applies.; No services were performed during the 15 month look back period.,1419.366,78,,,,,0,percent of total billed charges,78% of Billed Charges. Lesser of 100% of billed charges applies.; No services were performed during the 15 month look back period.,1419.366,78,,,,,0,percent of total billed charges,78% of Billed Charges. Lesser of 100% of billed charges applies.; No services were performed during the 15 month look back period.,1419.366,78,,,,,0,percent of total billed charges,78% of Billed Charges. Lesser of 100% of billed charges applies.; No services were performed during the 15 month look back period.,1419.366,78,,,,,0,percent of total billed charges,78% of Billed Charges. Lesser of 100% of billed charges applies.; No services were performed during the 15 month look back period.,1419.366,78,,,,,0,percent of total billed charges,78% of Billed Charges. Lesser of 100% of billed charges applies.; No services were performed during the 15 month look back period.,1419.366,78,,36.74,36.74,36.74,1 through 10,percent of total billed charges,78% of Billed Charges. Lesser of 100% of billed charges applies.,1419.366,78,,,,,0,percent of total billed charges,78% of Billed Charges. Lesser of 100% of billed charges applies.; No services were performed during the 15 month look back period.,2168.33,,,,,,,Fee Schedule,"831 % Medicare RBRVS. ",1599.36,,,,,,,Fee Schedule,"100 % Hard Code. ",1546.31,,,,,,,Fee Schedule,"100 % All Other Outpatient Discount. ",157.11,,,,,,,Case Rate,"100% Medicare OPPS FS. ",1307.26,,,,,,,Fee Schedule,"501.000268271184 % Medicare Physician FS TC Rates Only. ",1546.31,,,,,,,Fee Schedule,"100 % All Other Outpatient Discount. ",1546.31,,,,,,,Fee Schedule,"100 % All Other Outpatient Discount. ",1419.366,78,,,,,0,percent of total billed charges,78% of Billed Charges. Lesser of 100% of billed charges applies.; No services were performed during the 15 month look back period.,1323.27,,,,,,,Case Rate,"141 Percent of current Medicare RBRVS FeeSched. ",1546.31,,,,,,,Fee Schedule,"100 % All Other Outpatient Discount. ",618.35,,,,,,,Case Rate,"100 Percent of Medicaid APG. ",157.11,,,,,,,Case Rate,"100% Medicare OPPS FS. ",157.11,,,,,,,Case Rate,"100% Medicare OPPS FS. ",157.11,,,,,,,Case Rate,"100% Medicare OPPS FS. ",157.11,,,,,,,Case Rate,"100% Medicare OPPS FS. ",157.11,,,,,,,Case Rate,"100% Medicare OPPS FS. ",157.11,,,,,,,Case Rate,"100% Medicare OPPS FS. ",1546.31,,,,,,,Fee Schedule,"100 % All Other Outpatient Discount. ",909.85,50,,,,,0,percent of total billed charges,50 percent of billed charges; No services were performed during the 15 month look back period.,429.89,,,,,,,Fee Schedule,"160 Percent of Medicare RBRVS. ",429.89,,,,,,,Fee Schedule,"160 Percent of Medicare RBRVS. ",429.89,,,,,,,Fee Schedule,"160 Percent of Medicare RBRVS. ",429.89,,,,,,,Fee Schedule,"160 Percent of Medicare RBRVS. ",429.89,,,,,,,Fee Schedule,"160 Percent of Medicare RBRVS. ",,,,,,,,,"NA. ",909.85,50,,,,,0,percent of total billed charges,50 percent of billed charges; No services were performed during the 15 month look back period.,311.07,,,,,,,Case Rate,198 Percent of Medicare OPPS. Metroplus will reimburse unlisted codes and described codes with no Medicare rate at 50 percent of charges.,311.07,,,,,,,Case Rate,198 Percent of Medicare OPPS. Metroplus will reimburse unlisted codes and described codes with no Medicare rate at 50 percent of charges.,311.07,,,,,,,Case Rate,198 Percent of Medicare OPPS. Metroplus will reimburse unlisted codes and described codes with no Medicare rate at 50 percent of charges.,311.07,,,,,,,Case Rate,198 Percent of Medicare OPPS. Metroplus will reimburse unlisted codes and described codes with no Medicare rate at 50 percent of charges.,311.07,,,,,,,Case Rate,198 Percent of Medicare OPPS. Metroplus will reimburse unlisted codes and described codes with no Medicare rate at 50 percent of charges.,157.11,,,,,,,Case Rate,"100% Medicare OPPS FS. ",2168.33,,,,,,,Fee Schedule,"831 % Medicare RBRVS. ",2168.33,,,,,,,Fee Schedule,"831 % Medicare RBRVS. ",2168.33,,,,,,,Fee Schedule,"831 % Medicare RBRVS. ",2168.33,,,,,,,Fee Schedule,"831 % Medicare RBRVS. ",1307.26,,,,,,,Fee Schedule,"501.000268271184 % Medicare Physician FS TC Rates Only. ",1307.26,,,,,,,Fee Schedule,"501.000268271184 % Medicare Physician FS TC Rates Only. ",1307.26,,,,,,,Fee Schedule,"501.000268271184 % Medicare Physician FS TC Rates Only. ",1307.26,,,,,,,Fee Schedule,"501.000268271184 % Medicare Physician FS TC Rates Only. ",909.85,50,,,,,0,percent of total billed charges,50 percent of billed charges; No services were performed during the 15 month look back period.,909.85,50,,,,,0,percent of total billed charges,50 percent of billed charges; No services were performed during the 15 month look back period.,157.11,,,,,,,Case Rate,"100% Medicare OPPS FS. ",157.11,,,,,,,Case Rate,"100% Medicare OPPS FS. ",157.11,,,,,,,Case Rate,"100% Medicare OPPS FS. ",1599.36,,,,,,,Fee Schedule,"100 % Hard Code. ",1599.36,,,,,,,Fee Schedule,"100 % Hard Code. ",1599.36,,,,,,,Fee Schedule,"100 % Hard Code. ",909.85,50,,,,,0,percent of total billed charges,50 percent of billed charges; No services were performed during the 15 month look back period.,1307.26,,,,,,,Fee Schedule,"501.000268271184 % Medicare Physician FS TC Rates Only. ",157.11,,,,,,,Case Rate,"100% Medicare OPPS FS. ",1599.36,,,,,,,Fee Schedule,"100 % Hard Code. ",618.35,,,,,,,Case Rate,"100 Percent of Medicaid APG. ",160.25,,,,,,,Case Rate,"102% of Medicare OPPS. ",160.25,,,,,,,Case Rate,"102% of Medicare OPPS. ",160.25,,,,,,,Case Rate,"102% of Medicare OPPS. ",241.81,,,,,,,Fee schedule,"90 Percent of Medicare RBRVS. ",1391.29,,,,,,,Case Rate,225% of NYS APG. Lesser of 100% of billed charges applies.,1391.29,,,,,,,Case Rate,225% of NYS APG. Lesser of 100% of billed charges applies.,1391.29,,,,,,,Case Rate,225% of NYS APG. Lesser of 100% of billed charges applies.,1391.29,,,,,,,Case Rate,225% of NYS APG. Lesser of 100% of billed charges applies.,1391.29,,,,,,,Case Rate,225% of NYS APG. Lesser of 100% of billed charges applies.,160.25,,,,,,,Case Rate,"102% of Medicare OPPS. ",618.35,,,,,,,Case Rate,"100 Percent of Medicaid APG. ",72.61,,,,,,,Case Rate,100% of PAS. Lesser of 100% of billed charges applies.,1391.29,,,,,,,Case Rate,225% of NYS APG. Lesser of 100% of billed charges applies.,1391.29,,,,,,,Case Rate,225% of NYS APG. Lesser of 100% of billed charges applies.,72.61,,,,,,,Case Rate,100% of PAS. Lesser of 100% of billed charges applies.,72.61,,,,,,,Case Rate,100% of PAS. Lesser of 100% of billed charges applies.,429.89,,,,,,,Fee Schedule,"160 Percent of Medicare RBRVS. ",157.11,,,,,,,Case Rate,"100% Medicare OPPS FS. ",157.11,,,,,,,Case Rate,"100% Medicare OPPS FS. ",1307.26,,,,,,,Fee Schedule,"501.000268271184 % Medicare Physician FS TC Rates Only. ",157.11,,,,,,,Case Rate,"100% Medicare OPPS FS. ",1391.29,,,,,,,Fee Schedule,"225 Percent of Medicaid APG. ",1391.29,,,,,,,Fee Schedule,"225 Percent of Medicaid APG. ",241.81,,,,,,,Fee schedule,"90 Percent of Medicare RBRVS. ",241.81,,,,,,,Fee schedule,"90 Percent of Medicare RBRVS. ",1391.29,,,,,,,Case Rate,225 Percent of Medicaid APG. Covered services not payable under Medicaid Fee Schedules default to a payment of 87.5 percent of charges.,241.81,,,,,,,Fee schedule,90 Percent of Medicare RBRVS. Covered services not payable under Medicaid Fee Schedules default to a payment of 50 percent of charges.,1391.29,,,,,,,Case Rate,"100 Percent of Medicaid APG. ",1391.29,,,,,,,Case Rate,"100 Percent of Medicaid APG. ",1391.29,,,,,,,Case Rate,"100 Percent of Medicaid APG. ",1391.29,,,,,,,Case Rate,"100 Percent of Medicaid APG. ",2709.42,,,,,,,Fee Schedule,"1019 % Manhattan Facility Rate. ",909.85,50,,,,,0,percent of total billed charges,50 percent of billed charges; No services were performed during the 15 month look back period.,742.02,,,,,,,Case Rate,"120 Percent of Medicaid APG. Not APG payable, or payable under another fee schedule like ASP/AWP pays at 30% of charges",742.02,,,,,,,Case Rate,"120 Percent of Medicaid APG. Not APG payable, or payable under another fee schedule like ASP/AWP pays at 30% of charges",618.35,,,,,,,Case Rate,"100 Percent of Medicaid APG. Not APG payable, or payable under another fee schedule like ASP/AWP pays at 30% of charges",618.35,,,,,,,Case Rate,"100 Percent of Medicaid APG. Not APG payable, or payable under another fee schedule like ASP/AWP pays at 30% of charges",1599.36,,,,,,,Fee Schedule,"100 % Hard Code. ",1599.36,,,,,,,Fee Schedule,"100 % Hard Code. ",157.11,,,,,,,Case Rate,"100% Medicare OPPS FS. ",1599.36,,,,,,,Fee Schedule,"100 % Hard Code. ",1599.36,,,,,,,Fee Schedule,"100 % Hard Code. ",1599.36,,,,,,,Fee Schedule,"100 % Hard Code. ",1599.36,,,,,,,Fee Schedule,"100 % Hard Code. ",157.11,,,,,,,Case Rate,"100% Medicare OPPS FS. ",1599.36,,,,,,,Fee Schedule,"100 % Hard Code. ",1599.36,,,,,,,Fee Schedule,"100 % Hard Code. ",1307.26,,,,,,,Fee Schedule,"501.000268271184 % Medicare Physician FS TC Rates Only. ",680.18,,,,,,,Fee Schedule,110% of APG. Lesser of 100% of billed charges applies.,241.81,,,,,,,Fee schedule,90 Percent of Medicare RBRVS. Covered services not payable under Medicaid Fee Schedules default to a payment of 50 percent of charges.,1391.29,,,,,,,Case Rate,225% of NYS APG. Lesser of 100% of billed charges applies.,1391.29,,,,,,,Case Rate,225 Percent of Medicaid APG. Covered services not payable under Medicaid Fee Schedules default to a payment of 87.5 percent of charges.,241.81,,,,,,,Fee schedule,90 Percent of Medicare RBRVS. Covered services not payable under Medicaid Fee Schedules default to a payment of 50 percent of charges.,1391.29,,,,,,,Case Rate,225% of NYS APG. Lesser of 100% of billed charges applies.,1391.29,,,,,,,Case Rate,225% of NYS APG. Lesser of 100% of billed charges applies.,1391.29,,,,,,,Case Rate,225% of NYS APG. Lesser of 100% of billed charges applies.,1391.29,,,,,,,Case Rate,225% of NYS APG. Lesser of 100% of billed charges applies.,1391.29,,,,,,,Case Rate,225% of NYS APG. Lesser of 100% of billed charges applies.,1391.29,,,,,,,Case Rate,225% of NYS APG. Lesser of 100% of billed charges applies.,,,,,,,,,"NA. ",,,,,,,,,"NA. ",,,,,,,,,"NA. ",1546.31,,,,,,,Fee Schedule,"100 % All Other Outpatient Discount. ",,,,,,,,,"NA. ",157.11,,,,,,,Case Rate,"100% Medicare OPPS FS. ",177,,,,,,,Fee Schedule,"100 % 1199 Fee Schedule. ",157.11,,,,,,,Case Rate,"100% Medicare OPPS FS. ",157.11,,,,,,,Case Rate,"100% Medicare OPPS FS. ",742.02,,,,,,,Case Rate,"120 Percent of Medicaid APG. Not APG payable, or payable under another fee schedule like ASP/AWP pays at 30% of charges",742.02,,,,,,,Case Rate,"120 Percent of Medicaid APG. Not APG payable, or payable under another fee schedule like ASP/AWP pays at 30% of charges",618.35,,,,,,,Case Rate,"100 Percent of Medicaid APG. Not APG payable, or payable under another fee schedule like ASP/AWP pays at 30% of charges",618.35,,,,,,,Case Rate,"100 Percent of Medicaid APG. Not APG payable, or payable under another fee schedule like ASP/AWP pays at 30% of charges",618.35,,,,,,,Case Rate,"100 Percent of Medicaid APG. ",1328.381,73,,,,,0,percent of total billed charges,73 percent of billed charges. ; No services were performed during the 15 month look back period.,1307.26,,,,,,,Fee Schedule,"501.000268271184 % Medicare Physician FS TC Rates Only. ",1416.85,,,,,,,Fee Schedule,"543 % Medicare RBRVS. ",1546.31,,,,,,,Fee Schedule,"100 % All Other Outpatient Discount. ",157.11,,,,,,,Case Rate,"100%Medicare OPPS FS. ",157.11,,,,,,,Case Rate,"100% Medicare OPPS FS. ",157.11,,,,,,,Case Rate,"100% Medicare OPPS FS. ",157.11,,,,,,,Case Rate,"100% Medicare OPPS FS. ",157.11,,,,,,,Case Rate,"100%Medicare OPPS FS. ",157.11,,,,,,,Case Rate,"100% Medicare OPPS FS. ",,,,,,,,,"NA. ",1391.29,,,,,,,Case Rate,225% of NYS APG. Lesser of 100% of billed charges applies.,72.61,,,,,,,Case Rate,100% of PAS. Lesser of 100% of billed charges applies.,1599.36,,,,,,,Fee Schedule,"100 % Hard Code. ",1328.381,73,,,,,0,percent of total billed charges,73 percent of billed charges. ; No services were performed during the 15 month look back period.,1328.381,73,,,,,0,percent of total billed charges,73 percent of billed charges. ; No services were performed during the 15 month look back period.,1328.381,73,,,,,0,percent of total billed charges,73 percent of billed charges. ; No services were performed during the 15 month look back period.,1328.381,73,,,,,0,percent of total billed charges,73 percent of billed charges. ; No services were performed during the 15 month look back period.,157.11,,,,,,,Case Rate,"100% Medicare OPPS FS. ",618.35,,,,,,,Case Rate,"100 Percent of Medicaid APG. ",1599.36,,,,,,,Fee Schedule,"100 % Hard Code. ",618.35,,,,,,,Case Rate,"100 Percent of Medicaid APG. ",157.11,,,,,,,Case Rate,"100% Medicare OPPS FS. ",618.35,,,,,,,Case Rate,"100 Percent of Medicaid APG. ",157.11,,,,,,,Case Rate,"100% Medicare OPPS FS. ",157.11,,,,,,,Case Rate,"100% Medicare OPPS FS. ",618.35,,,,,,,Case Rate,"100 Percent of Medicaid APG. ",618.35,,,,,,,Case Rate,"100 Percent of Medicaid APG. ",1328.381,73,,,,,0,percent of total billed charges,73 percent of billed charges. ; No services were performed during the 15 month look back period.,1546.31,,,,,,,Fee Schedule,"100 % All Other Outpatient Discount. ",1419.366,78,,,,,0,percent of total billed charges,78% of Billed Charges. Lesser of 100% of billed charges applies.; No services were performed during the 15 month look back period.,1453.96,,,,,,,Fee Schedule,". ",1453.96,,,,,,,Fee Schedule,". ",1307.26,,,,,,,Fee Schedule,"501.000268271184 % Medicare Physician FS TC Rates Only. ",157.11,,,,,,,Case Rate,"98% of RBRVS. ",2168.33,,,,,,,Fee Schedule,"831 % Medicare RBRVS. ",2168.33,,,,,,,Fee Schedule,"831 % Medicare RBRVS. ",1279.48,,,,,,,Fee Schedule,"100 % Hard Code. ",1279.48,,,,,,,Fee Schedule,"100 % Hard Code. ",157.11,,,,,,,Case Rate,"100% Medicare OPPS FS. ",157.11,,,,,,,Case Rate,"100% Medicare OPPS FS. ",157.11,,,,,,,Case Rate,"100% Medicare OPPS FS. ",157.11,,,,,,,Case Rate,"100% Medicare OPPS FS. ",1453.96,,,,,,,Fee Schedule,". ",1599.36,,,,,,,Fee Schedule,"100 % Hard Code. ",1599.36,,,,,,,Fee Schedule,"100 % Hard Code. ",157.11,,,,,,,Case Rate,"100% Medicare OPPS FS. ",1279.48,,,,,,,Fee Schedule,"100 % Hard Code. ",1416.85,,,,,,,Fee Schedule,"543 % Medicare RBRVS. ",742.02,,,,,,,Fee Schedule,"120 Percent of Medicaid APG. ",618.35,,,,,,,Case Rate,"100 Percent of Medicaid APG. ",1328.381,73,,,,,0,percent of total billed charges,73 percent of billed charges. ; No services were performed during the 15 month look back period.,1439.42,,,,,,,Fee Schedule,"100 % Hard Code. ",1439.42,,,,,,,Fee Schedule,"100 % Hard Code. ",1599.36,,,,,,,Fee Schedule,"100 % Hard Code. ",909.85,50,,,,,0,percent of total billed charges,50 percent of billed charges; No services were performed during the 15 month look back period.,157.11,,,,,,,Case Rate,"100%Medicare OPPS FS. ",649.27,,,,,,,Fee Schedule,105 percent of Medicaid APG. otherwise 105% of Ordered NYS MCD FS or 105% of ASP+6%,649.27,,,,,,,Fee Schedule,105 percent of Medicaid APG. otherwise 105% of Ordered NYS MCD FS or 105% of ASP+6%,649.27,,,,,,,Fee Schedule,105 percent of Medicaid APG. otherwise 105% of Ordered NYS MCD FS or 105% of ASP+6%,834.77,,,,,,,Fee Schedule,135 percent of Medicaid APG. otherwise 135% of Ordered NYS MCD FS or 135% of ASP+6%,1453.96,,,,,,,Fee Schedule,". ",649.27,,,,,,,Fee Schedule,105 percent of Medicaid APG. otherwise 105% of Ordered NYS MCD FS or 105% of ASP+6%,649.27,,,,,,,Fee Schedule,105 percent of Medicaid APG. otherwise 105% of Ordered NYS MCD FS or 105% of ASP+6%,649.27,,,,,,,Fee Schedule,105 percent of Medicaid APG. otherwise 105% of Ordered NYS MCD FS or 105% of ASP+6%,649.27,,,,,,,Fee Schedule,105 percent of Medicaid APG. otherwise 105% of Ordered NYS MCD FS or 105% of ASP+6%,649.27,,,,,,,Fee Schedule,105 percent of Medicaid APG. otherwise 105% of Ordered NYS MCD FS or 105% of ASP+6%,834.77,,,,,,,Fee Schedule,135 percent of Medicaid APG. otherwise 135% of Ordered NYS MCD FS or 135% of ASP+6%,834.77,,,,,,,Fee Schedule,135 percent of Medicaid APG. otherwise 135% of Ordered NYS MCD FS or 135% of ASP+6%,157.11,,,,,,,Case Rate,"100% Medicare OPPS FS. ",1453.96,,,,,,,Fee Schedule,". ",157.11,,,,,,,Case Rate,"100% Medicare OPPS FS. ",649.27,,,,,,,Fee Schedule,105 percent of Medicaid APG. otherwise 105% of Ordered NYS MCD FS or 105% of ASP+6%,1599.36,,,,,,,Fee Schedule,"100 % Hard Code. ",157.11,,,,,,,Case Rate,"100% Medicare OPPS FS. ",1599.36,,,,,,,Fee Schedule,"100 % Hard Code. ",1599.36,,,,,,,Fee Schedule,"100 % Hard Code. ",1599.36,,,,,,,Fee Schedule,"100 % Hard Code. ",649.27,,,,,,,Fee Schedule,105 percent of Medicaid APG. otherwise 105% of Ordered NYS MCD FS or 105% of ASP+6%,157.11,,,,,,,Case Rate,"100% Medicare OPPS FS. ",1599.36,,,,,,,Fee Schedule,"100 % Hard Code. ",834.77,,,,,,,Fee Schedule,135 percent of Medicaid APG. otherwise 135% of Ordered NYS MCD FS or 135% of ASP+6%,1599.36,,,,,,,Fee Schedule,"100 % Hard Code. ",235.66,,,,,,,Case Rate,"150% of Medicare OPPS. ",157.11,,,,,,,Case Rate,"100%Medicare OPPS FS. ",1328.381,73,,,,,0,percent of total billed charges,73 percent of billed charges. ; No services were performed during the 15 month look back period.,1328.381,73,,,,,0,percent of total billed charges,73 percent of billed charges. ; No services were performed during the 15 month look back period.,1328.381,73,,,,,0,percent of total billed charges,73 percent of billed charges. ; No services were performed during the 15 month look back period.,1328.381,73,,,,,0,percent of total billed charges,73 percent of billed charges. ; No services were performed during the 15 month look back period.,1328.381,73,,,,,0,percent of total billed charges,73 percent of billed charges. ; No services were performed during the 15 month look back period.,1416.85,,,,,,,Fee Schedule,"543 % Medicare RBRVS. ",1416.85,,,,,,,Fee Schedule,"543 % Medicare RBRVS. ",1328.381,73,,,,,0,percent of total billed charges,73 percent of billed charges. ; No services were performed during the 15 month look back period.,1328.381,73,,,,,0,percent of total billed charges,73 percent of billed charges. ; No services were performed during the 15 month look back period.,1328.381,73,,,,,0,percent of total billed charges,73 percent of billed charges. ; No services were performed during the 15 month look back period.,1328.381,73,,,,,0,percent of total billed charges,73 percent of billed charges. ; No services were performed during the 15 month look back period.,1328.381,73,,,,,0,percent of total billed charges,73 percent of billed charges. ; No services were performed during the 15 month look back period.,157.11,,,,,,,Case Rate,"100% Medicare OPPS FS. ",1416.85,,,,,,,Fee Schedule,"543 % Medicare RBRVS. ",157.11,,,,,,,Case Rate,"100% Medicare OPPS FS. ",1391.29,,,,,,,Case Rate,"225 Percent of Medicaid APG. If not included in Medicaid APG, then 100 Percent of Manhattan Medicare",618.35,,,,,,,Case Rate,"100 Percent of Medicaid APG. If not priced under APG, then Metroplus FeeSched",1453.96,,,,,,,Fee Schedule,". ",1453.96,,,,,,,Fee Schedule,". ",157.11,,,,,,,Case Rate,"100% Medicare OPPS FS. ",2168.33,,,,,,,Fee Schedule,"831 % Medicare RBRVS. ",157.11,,,,,,,Case Rate,"100% Medicare OPPS FS. ",157.11,,,,,,,Case Rate,"100% Medicare OPPS FS. ",1307.26,,,,,,,Fee Schedule,"501.000268271184 % Medicare Physician FS TC Rates Only. ",157.11,,,,,,,Case Rate,"100% Medicare OPPS FS. ",1546.31,,,,,,,Fee Schedule,"100 % All Other Outpatient Discount. ",157.11,,,,,,,Case Rate,"100% Medicare OPPS FS. ",1546.31,,,,,,,Fee Schedule,"100 % All Other Outpatient Discount. ",1307.26,,,,,,,Fee Schedule,"501.000268271184 % Medicare Physician FS TC Rates Only. ",1546.31,,,,,,,Fee Schedule,"100 % All Other Outpatient Discount. ",157.11,,,,,,,Case Rate,"100% Medicare OPPS FS. ",618.35,,,,,,,Case Rate,"100 Percent of Medicaid APG. ",157.11,,,,,,,Case Rate,"100% Medicare OPPS FS. ",1546.31,,,,,,,Fee Schedule,"100 % All Other Outpatient Discount. ",1453.96,,,,,,,Fee Schedule,". ",618.35,,,,,,,Case Rate,"100 Percent of Medicaid APG. ",1599.36,,,,,,,Fee Schedule,"100 % Hard Code. ",742.02,,,,,,,Fee Schedule,"120 Percent of Medicaid APG. ",742.02,,,,,,,Fee Schedule,"120 Percent of Medicaid APG. ",1599.36,,,,,,,Fee Schedule,"100 % Hard Code. ",1599.36,,,,,,,Fee Schedule,"100 % Hard Code. ",1599.36,,,,,,,Fee Schedule,"100 % Hard Code. ",1453.96,,,,,,,Fee Schedule,". ",1599.36,,,,,,,Fee Schedule,"100 % Hard Code. ",1599.36,,,,,,,Fee Schedule,"100 % Hard Code. ",1599.36,,,,,,,Fee Schedule,"100 % Hard Code. ",1328.381,73,,,,,0,percent of total billed charges,73 percent of billed charges. ; No services were performed during the 15 month look back period.,1328.381,73,,,,,0,percent of total billed charges,73 percent of billed charges. ; No services were performed during the 15 month look back period.,311.07,,,,,,,Case Rate,198 Percent of Medicare OPPS. Metroplus will reimburse unlisted codes and described codes with no Medicare rate at 50 percent of charges.,618.35,,,,,,,Case Rate,"100 Percent of Medicaid APG. ",1453.96,,,,,,,Fee Schedule,". ",1546.31,,,,,,,Fee Schedule,"100 % All Other Outpatient Discount. ",1307.26,,,,,,,Fee Schedule,"501.000268271184 % Medicare Physician FS TC Rates Only. ",1453.96,,,,,,,Fee Schedule,". ",1307.26,,,,,,,Fee Schedule,"501.000268271184 % Medicare Physician FS TC Rates Only. ",1453.96,,,,,,,Fee Schedule,". ",1599.36,,,,,,,Fee Schedule,"100 % Hard Code. ",1599.36,,,,,,,Fee Schedule,"100 % Hard Code. ",1599.36,,,,,,,Fee Schedule,"100 % Hard Code. ",1599.36,,,,,,,Fee Schedule,"100 % Hard Code. ",157.11,,,,,,,Case Rate,"100% Medicare OPPS FS. ",72.61,3718.05,
77290,CPT,2021186,LOCAL,333,RC,HC THER RAD SIMULAJ-AIDED FLD SETTING CPLX,5351.64,1016.8116,both,,,,332,,,,,,,Fee Schedule,"100 % 1199 Fee Schedule. ",332,,,,,,,Fee Schedule,"100 % 1199 Fee Schedule. ",2031.81,,,,,,,Fee Schedule,"501.001109604241 % Medicare Physician FS TC Rates Only. ",5351.64,100,,5351.64,5351.64,5351.64,1 through 10,percent of total billed charges,"100 percent of billed charges. ",433.17,,,,,,,Case Rate,"100% Medicare OPPS FS. ",2031.81,,,,,,,Fee Schedule,"501.001109604241 % Medicare Physician FS TC Rates Only. ",2031.81,,,,,,,Fee Schedule,"501.001109604241 % Medicare Physician FS TC Rates Only. ",2031.81,,,,,,,Fee Schedule,"501.001109604241 % Medicare Physician FS TC Rates Only. ",705.08,,,,,,,Case Rate,"100 Percent of Medicaid APG. ",587.56,,,,,,,Case Rate,"100 Percent of Medicaid APG. ",4174.2792,78,,,,,0,percent of total billed charges,78% of Billed Charges. Lesser of 100% of billed charges applies.; No services were performed during the 15 month look back period.,4506.34,,,,,,,Fee Schedule,". ",587.56,,,,,,,Case Rate,"100 Percent of Medicaid APG. ",433.17,,,,,,,Case Rate,"100% Medicare OPPS FS. ",3408.2,,,,,,,Fee Schedule,"100 % All Other Outpatient Discount. ",3408.2,,,,,,,Fee Schedule,"100 % All Other Outpatient Discount. ",3408.2,,,,,,,Fee Schedule,"100 % All Other Outpatient Discount. ",3408.2,,,,,,,Fee Schedule,"100 % All Other Outpatient Discount. ",375.81,,,,,,,Fee schedule,90 Percent of Medicare RBRVS. Covered services not payable under Medicaid Fee Schedules default to a payment of 50 percent of charges.,433.17,,,,,,,Case Rate,"100% Medicare OPPS FS. ",375.81,,,,,,,Fee schedule,90 Percent of Medicare RBRVS. Covered services not payable under Medicaid Fee Schedules default to a payment of 50 percent of charges.,4174.2792,78,,,,,0,percent of total billed charges,78% of Billed Charges. Lesser of 100% of billed charges applies.; No services were performed during the 15 month look back period.,2031.81,,,,,,,Fee Schedule,"501.001109604241 % Medicare Physician FS TC Rates Only. ",433.17,,,,,,,Case Rate,"100%Medicare OPPS FS. ",2202.14,,,,,,,Fee Schedule,"543 % Medicare RBRVS. ",433.17,,,,,,,Case Rate,"100%Medicare OPPS FS. ",433.17,,,,,,,Case Rate,"100%Medicare OPPS FS. ",4174.2792,78,,,,,0,percent of total billed charges,78% of Billed Charges. Lesser of 100% of billed charges applies.; No services were performed during the 15 month look back period.,188.79,,,,,,,Case Rate,100% of PAS. Lesser of 100% of billed charges applies.,188.79,,,,,,,Case Rate,100% of PAS. Lesser of 100% of billed charges applies.,375.81,,,,,,,Fee schedule,"90 Percent of Medicare RBRVS. ",375.81,,,,,,,Fee schedule,"90 Percent of Medicare RBRVS. ",2202.14,,,,,,,Fee Schedule,"543 % Medicare RBRVS. ",2202.14,,,,,,,Fee Schedule,"543 % Medicare RBRVS. ",587.56,,,,,,,Case Rate,"100 Percent of Medicaid APG. Not APG payable, or payable under another fee schedule like ASP/AWP pays at 30% of charges",2202.14,,,,,,,Fee Schedule,"543 % Medicare RBRVS. ",587.56,,,,,,,Case Rate,"100 Percent of Medicaid APG. Not APG payable, or payable under another fee schedule like ASP/AWP pays at 30% of charges",433.17,,,,,,,Case Rate,"100%Medicare OPPS FS. ",2202.14,,,,,,,Fee Schedule,"543 % Medicare RBRVS. ",4174.2792,78,,173.28,173.28,173.28,1 through 10,percent of total billed charges,78% of Billed Charges. Lesser of 100% of billed charges applies.,587.56,,,,,,,Case Rate,"100 Percent of Medicaid APG. If not priced under APG, then Metroplus FeeSched",587.56,,,,,,,Case Rate,"100 Percent of Medicaid APG. If not priced under APG, then Metroplus FeeSched",4174.2792,78,,,,,0,percent of total billed charges,78% of Billed Charges. Lesser of 100% of billed charges applies.; No services were performed during the 15 month look back period.,3408.2,,,,,,,Fee Schedule,"100 % All Other Outpatient Discount. ",4584.07,,,,,,,Fee Schedule,". ",4584.07,,,,,,,Fee Schedule,". ",4174.2792,78,,,,,0,percent of total billed charges,78% of Billed Charges. Lesser of 100% of billed charges applies.; No services were performed during the 15 month look back period.,433.17,,,,,,,Case Rate,"100% Medicare OPPS FS. ",4506.34,,,,,,,Fee Schedule,". ",4506.34,,,,,,,Fee Schedule,". ",4506.34,,,,,,,Fee Schedule,". ",433.17,,,,,,,Case Rate,"100% Medicare OPPS FS. ",4506.34,,,,,,,Fee Schedule,". ",4506.34,,,,,,,Fee Schedule,". ",433.17,,,,,,,Case Rate,"100% of Medicare OPPS. ",2675.82,50,,,,,0,percent of total billed charges,50 percent of billed charges; No services were performed during the 15 month look back period.,4956.97,,,,,,,Fee Schedule,"100 % Hard Code. ",4956.97,,,,,,,Fee Schedule,"100 % Hard Code. ",4956.97,,,,,,,Fee Schedule,"100 % Hard Code. ",4956.97,,,,,,,Fee Schedule,"100 % Hard Code. ",4956.97,,,,,,,Fee Schedule,"100 % Hard Code. ",4956.97,,,,,,,Fee Schedule,"100 % Hard Code. ",433.17,,,,,,,Case Rate,"100% Medicare OPPS FS. ",433.17,,,,,,,Case Rate,"100% Medicare OPPS FS. ",4956.97,,,,,,,Fee Schedule,"100 % Hard Code. ",4174.2792,78,,,,,0,percent of total billed charges,78% of Billed Charges. Lesser of 100% of billed charges applies.; No services were performed during the 15 month look back period.,4174.2792,78,,,,,0,percent of total billed charges,78% of Billed Charges. Lesser of 100% of billed charges applies.; No services were performed during the 15 month look back period.,4174.2792,78,,,,,0,percent of total billed charges,78% of Billed Charges. Lesser of 100% of billed charges applies.; No services were performed during the 15 month look back period.,4174.2792,78,,,,,0,percent of total billed charges,78% of Billed Charges. Lesser of 100% of billed charges applies.; No services were performed during the 15 month look back period.,4174.2792,78,,,,,0,percent of total billed charges,78% of Billed Charges. Lesser of 100% of billed charges applies.; No services were performed during the 15 month look back period.,4174.2792,78,,,,,0,percent of total billed charges,78% of Billed Charges. Lesser of 100% of billed charges applies.; No services were performed during the 15 month look back period.,4174.2792,78,,,,,0,percent of total billed charges,78% of Billed Charges. Lesser of 100% of billed charges applies.; No services were performed during the 15 month look back period.,4174.2792,78,,,,,0,percent of total billed charges,78% of Billed Charges. Lesser of 100% of billed charges applies.; No services were performed during the 15 month look back period.,4174.2792,78,,,,,0,percent of total billed charges,78% of Billed Charges. Lesser of 100% of billed charges applies.; No services were performed during the 15 month look back period.,4174.2792,78,,,,,0,percent of total billed charges,78% of Billed Charges. Lesser of 100% of billed charges applies.; No services were performed during the 15 month look back period.,4174.2792,78,,,,,0,percent of total billed charges,78% of Billed Charges. Lesser of 100% of billed charges applies.; No services were performed during the 15 month look back period.,4174.2792,78,,,,,0,percent of total billed charges,78% of Billed Charges. Lesser of 100% of billed charges applies.; No services were performed during the 15 month look back period.,4174.2792,78,,,,,0,percent of total billed charges,78% of Billed Charges. Lesser of 100% of billed charges applies.; No services were performed during the 15 month look back period.,4174.2792,78,,,,,0,percent of total billed charges,78% of Billed Charges. Lesser of 100% of billed charges applies.; No services were performed during the 15 month look back period.,4174.2792,78,,,,,0,percent of total billed charges,78% of Billed Charges. Lesser of 100% of billed charges applies.; No services were performed during the 15 month look back period.,4174.2792,78,,,,,0,percent of total billed charges,78% of Billed Charges. Lesser of 100% of billed charges applies.; No services were performed during the 15 month look back period.,4174.2792,78,,,,,0,percent of total billed charges,78% of Billed Charges. Lesser of 100% of billed charges applies.; No services were performed during the 15 month look back period.,4174.2792,78,,,,,0,percent of total billed charges,78% of Billed Charges. Lesser of 100% of billed charges applies.; No services were performed during the 15 month look back period.,4174.2792,78,,,,,0,percent of total billed charges,78% of Billed Charges. Lesser of 100% of billed charges applies.; No services were performed during the 15 month look back period.,4174.2792,78,,,,,0,percent of total billed charges,78% of Billed Charges. Lesser of 100% of billed charges applies.; No services were performed during the 15 month look back period.,4174.2792,78,,,,,0,percent of total billed charges,78% of Billed Charges. Lesser of 100% of billed charges applies.; No services were performed during the 15 month look back period.,4174.2792,78,,,,,0,percent of total billed charges,78% of Billed Charges. Lesser of 100% of billed charges applies.; No services were performed during the 15 month look back period.,4174.2792,78,,,,,0,percent of total billed charges,78% of Billed Charges. Lesser of 100% of billed charges applies.; No services were performed during the 15 month look back period.,4174.2792,78,,,,,0,percent of total billed charges,78% of Billed Charges. Lesser of 100% of billed charges applies.; No services were performed during the 15 month look back period.,4174.2792,78,,,,,0,percent of total billed charges,78% of Billed Charges. Lesser of 100% of billed charges applies.; No services were performed during the 15 month look back period.,4174.2792,78,,,,,0,percent of total billed charges,78% of Billed Charges. Lesser of 100% of billed charges applies.; No services were performed during the 15 month look back period.,2202.14,,,,,,,Fee Schedule,"543 % Medicare RBRVS. ",2202.14,,,,,,,Fee Schedule,"543 % Medicare RBRVS. ",2202.14,,,,,,,Fee Schedule,"543 % Medicare RBRVS. ",2202.14,,,,,,,Fee Schedule,"543 % Medicare RBRVS. ",3370.12,,,,,,,Fee Schedule,"831 % Medicare RBRVS. ",3370.12,,,,,,,Fee Schedule,"831 % Medicare RBRVS. ",3408.2,,,,,,,Fee Schedule,"100 % All Other Outpatient Discount. ",4956.97,,,,,,,Fee Schedule,"100 % Hard Code. ",4506.34,,,,,,,Fee Schedule,". ",4956.97,,,,,,,Fee Schedule,"100 % Hard Code. ",4174.2792,78,,,,,0,percent of total billed charges,78% of Billed Charges. Lesser of 100% of billed charges applies.; No services were performed during the 15 month look back period.,3370.12,,,,,,,Fee Schedule,"831 % Medicare RBRVS. ",4956.97,,,,,,,Fee Schedule,"100 % Hard Code. ",4506.34,,,,,,,Fee Schedule,". ",3408.2,,,,,,,Fee Schedule,"100 % All Other Outpatient Discount. ",,,,,,,,,"NA. ",4174.2792,78,,,,,0,percent of total billed charges,78% of Billed Charges. Lesser of 100% of billed charges applies.; No services were performed during the 15 month look back period.,587.56,,,,,,,Case Rate,"100 Percent of Medicaid APG. ",2202.14,,,,,,,Fee Schedule,"543 % Medicare RBRVS. ",587.56,,,,,,,Case Rate,"100 Percent of Medicaid APG. Not APG payable, or payable under another fee schedule like ASP/AWP pays at 30% of charges",433.17,,,,,,,Case Rate,"100%Medicare OPPS FS. ",433.17,,,,,,,Case Rate,"100% Medicare OPPS FS. ",2675.82,50,,,,,0,percent of total billed charges,50 percent of billed charges; No services were performed during the 15 month look back period.,433.17,,,,,,,Case Rate,"100% Medicare OPPS FS. ",433.17,,,,,,,Case Rate,"100% Medicare OPPS FS. ",587.56,,,,,,,Case Rate,"100 Percent of Medicaid APG. ",433.17,,,,,,,Case Rate,"100% Medicare OPPS FS. ",433.17,,,,,,,Case Rate,"100% Medicare OPPS FS. ",2031.81,,,,,,,Fee Schedule,"501.001109604241 % Medicare Physician FS TC Rates Only. ",2031.81,,,,,,,Fee Schedule,"501.001109604241 % Medicare Physician FS TC Rates Only. ",433.17,,,,,,,Case Rate,"100% Medicare OPPS FS. ",3408.2,,,,,,,Fee Schedule,"100 % All Other Outpatient Discount. ",4506.34,,,,,,,Fee Schedule,". ",4506.34,,,,,,,Fee Schedule,". ",433.17,,,,,,,Case Rate,"100% Medicare OPPS FS. ",3408.2,,,,,,,Fee Schedule,"100 % All Other Outpatient Discount. ",2031.81,,,,,,,Fee Schedule,"501.001109604241 % Medicare Physician FS TC Rates Only. ",2031.81,,,,,,,Fee Schedule,"501.001109604241 % Medicare Physician FS TC Rates Only. ",2031.81,,,,,,,Fee Schedule,"501.001109604241 % Medicare Physician FS TC Rates Only. ",4174.2792,78,,,,,0,percent of total billed charges,78% of Billed Charges. Lesser of 100% of billed charges applies.; No services were performed during the 15 month look back period.,4174.2792,78,,,,,0,percent of total billed charges,78% of Billed Charges. Lesser of 100% of billed charges applies.; No services were performed during the 15 month look back period.,4174.2792,78,,,,,0,percent of total billed charges,78% of Billed Charges. Lesser of 100% of billed charges applies.; No services were performed during the 15 month look back period.,4174.2792,78,,,,,0,percent of total billed charges,78% of Billed Charges. Lesser of 100% of billed charges applies.; No services were performed during the 15 month look back period.,4174.2792,78,,,,,0,percent of total billed charges,78% of Billed Charges. Lesser of 100% of billed charges applies.; No services were performed during the 15 month look back period.,4174.2792,78,,,,,0,percent of total billed charges,78% of Billed Charges. Lesser of 100% of billed charges applies.; No services were performed during the 15 month look back period.,4174.2792,78,,,,,0,percent of total billed charges,78% of Billed Charges. Lesser of 100% of billed charges applies.; No services were performed during the 15 month look back period.,4174.2792,78,,,,,0,percent of total billed charges,78% of Billed Charges. Lesser of 100% of billed charges applies.; No services were performed during the 15 month look back period.,4174.2792,78,,,,,0,percent of total billed charges,78% of Billed Charges. Lesser of 100% of billed charges applies.; No services were performed during the 15 month look back period.,4174.2792,78,,86.64,86.64,86.64,1 through 10,percent of total billed charges,78% of Billed Charges. Lesser of 100% of billed charges applies.,4174.2792,78,,,,,0,percent of total billed charges,78% of Billed Charges. Lesser of 100% of billed charges applies.; No services were performed during the 15 month look back period.,3370.12,,,,,,,Fee Schedule,"831 % Medicare RBRVS. ",4956.97,,,,,,,Fee Schedule,"100 % Hard Code. ",3408.2,,,,,,,Fee Schedule,"100 % All Other Outpatient Discount. ",433.17,,,,,,,Case Rate,"100% Medicare OPPS FS. ",2031.81,,,,,,,Fee Schedule,"501.001109604241 % Medicare Physician FS TC Rates Only. ",3408.2,,,,,,,Fee Schedule,"100 % All Other Outpatient Discount. ",3408.2,,,,,,,Fee Schedule,"100 % All Other Outpatient Discount. ",4174.2792,78,,,,,0,percent of total billed charges,78% of Billed Charges. Lesser of 100% of billed charges applies.; No services were performed during the 15 month look back period.,1257.39,,,,,,,Case Rate,"141 Percent of current Medicare RBRVS FeeSched. ",3408.2,,,,,,,Fee Schedule,"100 % All Other Outpatient Discount. ",587.56,,,,,,,Case Rate,"100 Percent of Medicaid APG. ",433.17,,,,,,,Case Rate,"100% Medicare OPPS FS. ",433.17,,,,,,,Case Rate,"100% Medicare OPPS FS. ",433.17,,,,,,,Case Rate,"100% Medicare OPPS FS. ",433.17,,,,,,,Case Rate,"100% Medicare OPPS FS. ",433.17,,,,,,,Case Rate,"100% Medicare OPPS FS. ",433.17,,,,,,,Case Rate,"100% Medicare OPPS FS. ",3408.2,,,,,,,Fee Schedule,"100 % All Other Outpatient Discount. ",2675.82,50,,,,,0,percent of total billed charges,50 percent of billed charges; No services were performed during the 15 month look back period.,668.11,,,,,,,Fee Schedule,"160 Percent of Medicare RBRVS. ",668.11,,,,,,,Fee Schedule,"160 Percent of Medicare RBRVS. ",668.11,,,,,,,Fee Schedule,"160 Percent of Medicare RBRVS. ",668.11,,,,,,,Fee Schedule,"160 Percent of Medicare RBRVS. ",668.11,,,,,,,Fee Schedule,"160 Percent of Medicare RBRVS. ",,,,,,,,,"NA. ",2675.82,50,,,,,0,percent of total billed charges,50 percent of billed charges; No services were performed during the 15 month look back period.,857.68,,,,,,,Case Rate,198 Percent of Medicare OPPS. Metroplus will reimburse unlisted codes and described codes with no Medicare rate at 50 percent of charges.,857.68,,,,,,,Case Rate,198 Percent of Medicare OPPS. Metroplus will reimburse unlisted codes and described codes with no Medicare rate at 50 percent of charges.,857.68,,,,,,,Case Rate,198 Percent of Medicare OPPS. Metroplus will reimburse unlisted codes and described codes with no Medicare rate at 50 percent of charges.,857.68,,,,,,,Case Rate,198 Percent of Medicare OPPS. Metroplus will reimburse unlisted codes and described codes with no Medicare rate at 50 percent of charges.,857.68,,,,,,,Case Rate,198 Percent of Medicare OPPS. Metroplus will reimburse unlisted codes and described codes with no Medicare rate at 50 percent of charges.,433.17,,,,,,,Case Rate,"100% Medicare OPPS FS. ",3370.12,,,,,,,Fee Schedule,"831 % Medicare RBRVS. ",3370.12,,,,,,,Fee Schedule,"831 % Medicare RBRVS. ",3370.12,,,,,,,Fee Schedule,"831 % Medicare RBRVS. ",3370.12,,,,,,,Fee Schedule,"831 % Medicare RBRVS. ",2031.81,,,,,,,Fee Schedule,"501.001109604241 % Medicare Physician FS TC Rates Only. ",2031.81,,,,,,,Fee Schedule,"501.001109604241 % Medicare Physician FS TC Rates Only. ",2031.81,,,,,,,Fee Schedule,"501.001109604241 % Medicare Physician FS TC Rates Only. ",2031.81,,,,,,,Fee Schedule,"501.001109604241 % Medicare Physician FS TC Rates Only. ",2675.82,50,,,,,0,percent of total billed charges,50 percent of billed charges; No services were performed during the 15 month look back period.,2675.82,50,,,,,0,percent of total billed charges,50 percent of billed charges; No services were performed during the 15 month look back period.,433.17,,,,,,,Case Rate,"100% Medicare OPPS FS. ",433.17,,,,,,,Case Rate,"100% Medicare OPPS FS. ",433.17,,,,,,,Case Rate,"100% Medicare OPPS FS. ",4956.97,,,,,,,Fee Schedule,"100 % Hard Code. ",4956.97,,,,,,,Fee Schedule,"100 % Hard Code. ",4956.97,,,,,,,Fee Schedule,"100 % Hard Code. ",2675.82,50,,,,,0,percent of total billed charges,50 percent of billed charges; No services were performed during the 15 month look back period.,2031.81,,,,,,,Fee Schedule,"501.001109604241 % Medicare Physician FS TC Rates Only. ",433.17,,,,,,,Case Rate,"100% Medicare OPPS FS. ",4956.97,,,,,,,Fee Schedule,"100 % Hard Code. ",587.56,,,,,,,Case Rate,"100 Percent of Medicaid APG. ",441.83,,,,,,,Case Rate,"102% of Medicare OPPS. ",441.83,,,,,,,Case Rate,"102% of Medicare OPPS. ",441.83,,,,,,,Case Rate,"102% of Medicare OPPS. ",375.81,,,,,,,Fee schedule,"90 Percent of Medicare RBRVS. ",1322.02,,,,,,,Case Rate,225% of NYS APG. Lesser of 100% of billed charges applies.,1322.02,,,,,,,Case Rate,225% of NYS APG. Lesser of 100% of billed charges applies.,1322.02,,,,,,,Case Rate,225% of NYS APG. Lesser of 100% of billed charges applies.,1322.02,,,,,,,Case Rate,225% of NYS APG. Lesser of 100% of billed charges applies.,1322.02,,,,,,,Case Rate,225% of NYS APG. Lesser of 100% of billed charges applies.,441.83,,,,,,,Case Rate,"102% of Medicare OPPS. ",587.56,,,,,,,Case Rate,"100 Percent of Medicaid APG. ",188.79,,,,,,,Case Rate,100% of PAS. Lesser of 100% of billed charges applies.,1322.02,,,,,,,Case Rate,225% of NYS APG. Lesser of 100% of billed charges applies.,1322.02,,,,,,,Case Rate,225% of NYS APG. Lesser of 100% of billed charges applies.,188.79,,,,,,,Case Rate,100% of PAS. Lesser of 100% of billed charges applies.,188.79,,,,,,,Case Rate,100% of PAS. Lesser of 100% of billed charges applies.,668.11,,,,,,,Fee Schedule,"160 Percent of Medicare RBRVS. ",433.17,,,,,,,Case Rate,"100% Medicare OPPS FS. ",433.17,,,,,,,Case Rate,"100% Medicare OPPS FS. ",2031.81,,,,,,,Fee Schedule,"501.001109604241 % Medicare Physician FS TC Rates Only. ",433.17,,,,,,,Case Rate,"100% Medicare OPPS FS. ",1322.02,,,,,,,Fee Schedule,"225 Percent of Medicaid APG. ",1322.02,,,,,,,Fee Schedule,"225 Percent of Medicaid APG. ",375.81,,,,,,,Fee schedule,"90 Percent of Medicare RBRVS. ",375.81,,,,,,,Fee schedule,"90 Percent of Medicare RBRVS. ",1322.02,,,,,,,Case Rate,225 Percent of Medicaid APG. Covered services not payable under Medicaid Fee Schedules default to a payment of 87.5 percent of charges.,375.81,,,,,,,Fee schedule,90 Percent of Medicare RBRVS. Covered services not payable under Medicaid Fee Schedules default to a payment of 50 percent of charges.,1322.02,,,,,,,Case Rate,"100 Percent of Medicaid APG. ",1322.02,,,,,,,Case Rate,"100 Percent of Medicaid APG. ",1322.02,,,,,,,Case Rate,"100 Percent of Medicaid APG. ",1322.02,,,,,,,Case Rate,"100 Percent of Medicaid APG. ",4276.64,,,,,,,Fee Schedule,"1019 % Manhattan Facility Rate. ",2675.82,50,,,,,0,percent of total billed charges,50 percent of billed charges; No services were performed during the 15 month look back period.,705.08,,,,,,,Case Rate,"120 Percent of Medicaid APG. Not APG payable, or payable under another fee schedule like ASP/AWP pays at 30% of charges",705.08,,,,,,,Case Rate,"120 Percent of Medicaid APG. Not APG payable, or payable under another fee schedule like ASP/AWP pays at 30% of charges",587.56,,,,,,,Case Rate,"100 Percent of Medicaid APG. Not APG payable, or payable under another fee schedule like ASP/AWP pays at 30% of charges",587.56,,,,,,,Case Rate,"100 Percent of Medicaid APG. Not APG payable, or payable under another fee schedule like ASP/AWP pays at 30% of charges",4956.97,,,,,,,Fee Schedule,"100 % Hard Code. ",4956.97,,,,,,,Fee Schedule,"100 % Hard Code. ",433.17,,,,,,,Case Rate,"100% Medicare OPPS FS. ",4956.97,,,,,,,Fee Schedule,"100 % Hard Code. ",4956.97,,,,,,,Fee Schedule,"100 % Hard Code. ",4956.97,,,,,,,Fee Schedule,"100 % Hard Code. ",4956.97,,,,,,,Fee Schedule,"100 % Hard Code. ",433.17,,,,,,,Case Rate,"100% Medicare OPPS FS. ",4956.97,,,,,,,Fee Schedule,"100 % Hard Code. ",4956.97,,,,,,,Fee Schedule,"100 % Hard Code. ",2031.81,,,,,,,Fee Schedule,"501.001109604241 % Medicare Physician FS TC Rates Only. ",646.32,,,,,,,Fee Schedule,110% of APG. Lesser of 100% of billed charges applies.,375.81,,,,,,,Fee schedule,90 Percent of Medicare RBRVS. Covered services not payable under Medicaid Fee Schedules default to a payment of 50 percent of charges.,1322.02,,,,,,,Case Rate,225% of NYS APG. Lesser of 100% of billed charges applies.,1322.02,,,,,,,Case Rate,225 Percent of Medicaid APG. Covered services not payable under Medicaid Fee Schedules default to a payment of 87.5 percent of charges.,375.81,,,,,,,Fee schedule,90 Percent of Medicare RBRVS. Covered services not payable under Medicaid Fee Schedules default to a payment of 50 percent of charges.,1322.02,,,,,,,Case Rate,225% of NYS APG. Lesser of 100% of billed charges applies.,1322.02,,,,,,,Case Rate,225% of NYS APG. Lesser of 100% of billed charges applies.,1322.02,,,,,,,Case Rate,225% of NYS APG. Lesser of 100% of billed charges applies.,1322.02,,,,,,,Case Rate,225% of NYS APG. Lesser of 100% of billed charges applies.,1322.02,,,,,,,Case Rate,225% of NYS APG. Lesser of 100% of billed charges applies.,1322.02,,,,,,,Case Rate,225% of NYS APG. Lesser of 100% of billed charges applies.,,,,,,,,,"NA. ",,,,,,,,,"NA. ",,,,,,,,,"NA. ",3408.2,,,,,,,Fee Schedule,"100 % All Other Outpatient Discount. ",,,,,,,,,"NA. ",433.17,,,,,,,Case Rate,"100% Medicare OPPS FS. ",332,,,,,,,Fee Schedule,"100 % 1199 Fee Schedule. ",433.17,,,,,,,Case Rate,"100% Medicare OPPS FS. ",433.17,,,,,,,Case Rate,"100% Medicare OPPS FS. ",705.08,,,,,,,Case Rate,"120 Percent of Medicaid APG. Not APG payable, or payable under another fee schedule like ASP/AWP pays at 30% of charges",705.08,,,,,,,Case Rate,"120 Percent of Medicaid APG. Not APG payable, or payable under another fee schedule like ASP/AWP pays at 30% of charges",587.56,,,,,,,Case Rate,"100 Percent of Medicaid APG. Not APG payable, or payable under another fee schedule like ASP/AWP pays at 30% of charges",587.56,,,,,,,Case Rate,"100 Percent of Medicaid APG. Not APG payable, or payable under another fee schedule like ASP/AWP pays at 30% of charges",587.56,,,,,,,Case Rate,"100 Percent of Medicaid APG. ",3906.6972,73,,,,,0,percent of total billed charges,73 percent of billed charges. ; No services were performed during the 15 month look back period.,2031.81,,,,,,,Fee Schedule,"501.001109604241 % Medicare Physician FS TC Rates Only. ",2202.14,,,,,,,Fee Schedule,"543 % Medicare RBRVS. ",3408.2,,,,,,,Fee Schedule,"100 % All Other Outpatient Discount. ",433.17,,,,,,,Case Rate,"100%Medicare OPPS FS. ",433.17,,,,,,,Case Rate,"100% Medicare OPPS FS. ",433.17,,,,,,,Case Rate,"100% Medicare OPPS FS. ",433.17,,,,,,,Case Rate,"100% Medicare OPPS FS. ",433.17,,,,,,,Case Rate,"100%Medicare OPPS FS. ",433.17,,,,,,,Case Rate,"100% Medicare OPPS FS. ",,,,,,,,,"NA. ",1322.02,,,,,,,Case Rate,225% of NYS APG. Lesser of 100% of billed charges applies.,188.79,,,,,,,Case Rate,100% of PAS. Lesser of 100% of billed charges applies.,4956.97,,,,,,,Fee Schedule,"100 % Hard Code. ",3906.6972,73,,,,,0,percent of total billed charges,73 percent of billed charges. ; No services were performed during the 15 month look back period.,3906.6972,73,,,,,0,percent of total billed charges,73 percent of billed charges. ; No services were performed during the 15 month look back period.,3906.6972,73,,3180.85,3180.85,3180.85,1 through 10,percent of total billed charges,"73 percent of billed charges. ",3906.6972,73,,,,,0,percent of total billed charges,73 percent of billed charges. ; No services were performed during the 15 month look back period.,433.17,,,,,,,Case Rate,"100% Medicare OPPS FS. ",587.56,,,,,,,Case Rate,"100 Percent of Medicaid APG. ",4956.97,,,,,,,Fee Schedule,"100 % Hard Code. ",587.56,,,,,,,Case Rate,"100 Percent of Medicaid APG. ",433.17,,,,,,,Case Rate,"100% Medicare OPPS FS. ",587.56,,,,,,,Case Rate,"100 Percent of Medicaid APG. ",433.17,,,,,,,Case Rate,"100% Medicare OPPS FS. ",433.17,,,,,,,Case Rate,"100% Medicare OPPS FS. ",587.56,,,,,,,Case Rate,"100 Percent of Medicaid APG. ",587.56,,,,,,,Case Rate,"100 Percent of Medicaid APG. ",3906.6972,73,,,,,0,percent of total billed charges,73 percent of billed charges. ; No services were performed during the 15 month look back period.,3408.2,,,,,,,Fee Schedule,"100 % All Other Outpatient Discount. ",4174.2792,78,,,,,0,percent of total billed charges,78% of Billed Charges. Lesser of 100% of billed charges applies.; No services were performed during the 15 month look back period.,4506.34,,,,,,,Fee Schedule,". ",4506.34,,,,,,,Fee Schedule,". ",2031.81,,,,,,,Fee Schedule,"501.001109604241 % Medicare Physician FS TC Rates Only. ",433.17,,,,,,,Case Rate,"98% of RBRVS. ",3370.12,,,,,,,Fee Schedule,"831 % Medicare RBRVS. ",3370.12,,,,,,,Fee Schedule,"831 % Medicare RBRVS. ",3965.58,,,,,,,Fee Schedule,"100 % Hard Code. ",3965.58,,,,,,,Fee Schedule,"100 % Hard Code. ",433.17,,,,,,,Case Rate,"100% Medicare OPPS FS. ",433.17,,,,,,,Case Rate,"100% Medicare OPPS FS. ",433.17,,,,,,,Case Rate,"100% Medicare OPPS FS. ",433.17,,,,,,,Case Rate,"100% Medicare OPPS FS. ",4506.34,,,,,,,Fee Schedule,". ",4956.97,,,,,,,Fee Schedule,"100 % Hard Code. ",4956.97,,,,,,,Fee Schedule,"100 % Hard Code. ",433.17,,,,,,,Case Rate,"100% Medicare OPPS FS. ",3965.58,,,,,,,Fee Schedule,"100 % Hard Code. ",2202.14,,,,,,,Fee Schedule,"543 % Medicare RBRVS. ",705.08,,,,,,,Fee Schedule,"120 Percent of Medicaid APG. ",587.56,,,,,,,Case Rate,"100 Percent of Medicaid APG. ",3906.6972,73,,,,,0,percent of total billed charges,73 percent of billed charges. ; No services were performed during the 15 month look back period.,4461.28,,,,,,,Fee Schedule,"100 % Hard Code. ",4461.28,,,,,,,Fee Schedule,"100 % Hard Code. ",4956.97,,,,,,,Fee Schedule,"100 % Hard Code. ",2675.82,50,,,,,0,percent of total billed charges,50 percent of billed charges; No services were performed during the 15 month look back period.,433.17,,,,,,,Case Rate,"100%Medicare OPPS FS. ",616.94,,,,,,,Fee Schedule,105 percent of Medicaid APG. otherwise 105% of Ordered NYS MCD FS or 105% of ASP+6%,616.94,,,,,,,Fee Schedule,105 percent of Medicaid APG. otherwise 105% of Ordered NYS MCD FS or 105% of ASP+6%,616.94,,,,,,,Fee Schedule,105 percent of Medicaid APG. otherwise 105% of Ordered NYS MCD FS or 105% of ASP+6%,793.21,,,,,,,Fee Schedule,135 percent of Medicaid APG. otherwise 135% of Ordered NYS MCD FS or 135% of ASP+6%,4506.34,,,,,,,Fee Schedule,". ",616.94,,,,,,,Fee Schedule,105 percent of Medicaid APG. otherwise 105% of Ordered NYS MCD FS or 105% of ASP+6%,616.94,,,,,,,Fee Schedule,105 percent of Medicaid APG. otherwise 105% of Ordered NYS MCD FS or 105% of ASP+6%,616.94,,,,,,,Fee Schedule,105 percent of Medicaid APG. otherwise 105% of Ordered NYS MCD FS or 105% of ASP+6%,616.94,,,,,,,Fee Schedule,105 percent of Medicaid APG. otherwise 105% of Ordered NYS MCD FS or 105% of ASP+6%,616.94,,,,,,,Fee Schedule,105 percent of Medicaid APG. otherwise 105% of Ordered NYS MCD FS or 105% of ASP+6%,793.21,,,,,,,Fee Schedule,135 percent of Medicaid APG. otherwise 135% of Ordered NYS MCD FS or 135% of ASP+6%,793.21,,,,,,,Fee Schedule,135 percent of Medicaid APG. otherwise 135% of Ordered NYS MCD FS or 135% of ASP+6%,433.17,,,,,,,Case Rate,"100% Medicare OPPS FS. ",4506.34,,,,,,,Fee Schedule,". ",433.17,,,,,,,Case Rate,"100% Medicare OPPS FS. ",616.94,,,,,,,Fee Schedule,105 percent of Medicaid APG. otherwise 105% of Ordered NYS MCD FS or 105% of ASP+6%,4956.97,,,,,,,Fee Schedule,"100 % Hard Code. ",433.17,,,,,,,Case Rate,"100% Medicare OPPS FS. ",4956.97,,,,,,,Fee Schedule,"100 % Hard Code. ",4956.97,,,,,,,Fee Schedule,"100 % Hard Code. ",4956.97,,,,,,,Fee Schedule,"100 % Hard Code. ",616.94,,,,,,,Fee Schedule,105 percent of Medicaid APG. otherwise 105% of Ordered NYS MCD FS or 105% of ASP+6%,433.17,,,,,,,Case Rate,"100% Medicare OPPS FS. ",4956.97,,,,,,,Fee Schedule,"100 % Hard Code. ",793.21,,,,,,,Fee Schedule,135 percent of Medicaid APG. otherwise 135% of Ordered NYS MCD FS or 135% of ASP+6%,4956.97,,,,,,,Fee Schedule,"100 % Hard Code. ",649.76,,,,,,,Case Rate,"150% of Medicare OPPS. ",433.17,,,,,,,Case Rate,"100%Medicare OPPS FS. ",3906.6972,73,,,,,0,percent of total billed charges,73 percent of billed charges. ; No services were performed during the 15 month look back period.,3906.6972,73,,,,,0,percent of total billed charges,73 percent of billed charges. ; No services were performed during the 15 month look back period.,3906.6972,73,,,,,0,percent of total billed charges,73 percent of billed charges. ; No services were performed during the 15 month look back period.,3906.6972,73,,,,,0,percent of total billed charges,73 percent of billed charges. ; No services were performed during the 15 month look back period.,3906.6972,73,,,,,0,percent of total billed charges,73 percent of billed charges. ; No services were performed during the 15 month look back period.,2202.14,,,,,,,Fee Schedule,"543 % Medicare RBRVS. ",2202.14,,,,,,,Fee Schedule,"543 % Medicare RBRVS. ",3906.6972,73,,,,,0,percent of total billed charges,73 percent of billed charges. ; No services were performed during the 15 month look back period.,3906.6972,73,,,,,0,percent of total billed charges,73 percent of billed charges. ; No services were performed during the 15 month look back period.,3906.6972,73,,,,,0,percent of total billed charges,73 percent of billed charges. ; No services were performed during the 15 month look back period.,3906.6972,73,,,,,0,percent of total billed charges,73 percent of billed charges. ; No services were performed during the 15 month look back period.,3906.6972,73,,,,,0,percent of total billed charges,73 percent of billed charges. ; No services were performed during the 15 month look back period.,433.17,,,,,,,Case Rate,"100% Medicare OPPS FS. ",2202.14,,,,,,,Fee Schedule,"543 % Medicare RBRVS. ",433.17,,,,,,,Case Rate,"100% Medicare OPPS FS. ",1322.02,,,,,,,Case Rate,"225 Percent of Medicaid APG. If not included in Medicaid APG, then 100 Percent of Manhattan Medicare",587.56,,,,,,,Case Rate,"100 Percent of Medicaid APG. If not priced under APG, then Metroplus FeeSched",4506.34,,,,,,,Fee Schedule,". ",4506.34,,,,,,,Fee Schedule,". ",433.17,,,,,,,Case Rate,"100% Medicare OPPS FS. ",3370.12,,,,,,,Fee Schedule,"831 % Medicare RBRVS. ",433.17,,,,,,,Case Rate,"100% Medicare OPPS FS. ",433.17,,,,,,,Case Rate,"100% Medicare OPPS FS. ",2031.81,,,,,,,Fee Schedule,"501.001109604241 % Medicare Physician FS TC Rates Only. ",433.17,,,,,,,Case Rate,"100% Medicare OPPS FS. ",3408.2,,,,,,,Fee Schedule,"100 % All Other Outpatient Discount. ",433.17,,,,,,,Case Rate,"100% Medicare OPPS FS. ",3408.2,,,,,,,Fee Schedule,"100 % All Other Outpatient Discount. ",2031.81,,,,,,,Fee Schedule,"501.001109604241 % Medicare Physician FS TC Rates Only. ",3408.2,,,,,,,Fee Schedule,"100 % All Other Outpatient Discount. ",433.17,,,,,,,Case Rate,"100% Medicare OPPS FS. ",587.56,,,,,,,Case Rate,"100 Percent of Medicaid APG. ",433.17,,,,,,,Case Rate,"100% Medicare OPPS FS. ",3408.2,,,,,,,Fee Schedule,"100 % All Other Outpatient Discount. ",4506.34,,,,,,,Fee Schedule,". ",587.56,,,,,,,Case Rate,"100 Percent of Medicaid APG. ",4956.97,,,,,,,Fee Schedule,"100 % Hard Code. ",705.08,,,,,,,Fee Schedule,"120 Percent of Medicaid APG. ",705.08,,,,,,,Fee Schedule,"120 Percent of Medicaid APG. ",4956.97,,,,,,,Fee Schedule,"100 % Hard Code. ",4956.97,,,,,,,Fee Schedule,"100 % Hard Code. ",4956.97,,,,,,,Fee Schedule,"100 % Hard Code. ",4506.34,,,,,,,Fee Schedule,". ",4956.97,,,,,,,Fee Schedule,"100 % Hard Code. ",4956.97,,,,,,,Fee Schedule,"100 % Hard Code. ",4956.97,,,,,,,Fee Schedule,"100 % Hard Code. ",3906.6972,73,,,,,0,percent of total billed charges,73 percent of billed charges. ; No services were performed during the 15 month look back period.,3906.6972,73,,,,,0,percent of total billed charges,73 percent of billed charges. ; No services were performed during the 15 month look back period.,857.68,,,,,,,Case Rate,198 Percent of Medicare OPPS. Metroplus will reimburse unlisted codes and described codes with no Medicare rate at 50 percent of charges.,587.56,,,,,,,Case Rate,"100 Percent of Medicaid APG. ",4506.34,,,,,,,Fee Schedule,". ",3408.2,,,,,,,Fee Schedule,"100 % All Other Outpatient Discount. ",2031.81,,,,,,,Fee Schedule,"501.001109604241 % Medicare Physician FS TC Rates Only. ",4506.34,,,,,,,Fee Schedule,". ",2031.81,,,,,,,Fee Schedule,"501.001109604241 % Medicare Physician FS TC Rates Only. ",4506.34,,,,,,,Fee Schedule,". ",4956.97,,,,,,,Fee Schedule,"100 % Hard Code. ",4956.97,,,,,,,Fee Schedule,"100 % Hard Code. ",4956.97,,,,,,,Fee Schedule,"100 % Hard Code. ",4956.97,,,,,,,Fee Schedule,"100 % Hard Code. ",433.17,,,,,,,Case Rate,"100% Medicare OPPS FS. ",188.79,6983.55,
77300,CPT,2021188,LOCAL,333,RC,HC RADIATION THERAPY DOSE PLAN,935.8,177.802,both,,,,69,,,,,,,Fee Schedule,"100 % 1199 Fee Schedule. ",69,,,,,,,Fee Schedule,"100 % 1199 Fee Schedule. ",195.44,,,,,,,Fee Schedule,"500.999743655473 % Medicare Physician FS TC Rates Only. ",935.8,100,,1871.6,1871.6,1871.6,1 through 10,percent of total billed charges,"100 percent of billed charges. ",157.11,,,,,,,Case Rate,"100% Medicare OPPS FS. ",195.44,,,,,,,Fee Schedule,"500.999743655473 % Medicare Physician FS TC Rates Only. ",195.44,,,,,,,Fee Schedule,"500.999743655473 % Medicare Physician FS TC Rates Only. ",195.44,,,,,,,Fee Schedule,"500.999743655473 % Medicare Physician FS TC Rates Only. ",705.08,,,,,,,Case Rate,"100 Percent of Medicaid APG. ",587.56,,,,,,,Case Rate,"100 Percent of Medicaid APG. ",729.924,78,,,,,0,percent of total billed charges,78% of Billed Charges. Lesser of 100% of billed charges applies.; No services were performed during the 15 month look back period.,4628.68,,,,,,,Per Diem,. Paid once per unique code per service date and lesser of 100% of billed charges.,587.56,,,,,,,Case Rate,"100 Percent of Medicaid APG. ",157.11,,,,,,,Case Rate,"100% Medicare OPPS FS. ",532,,,,,,,Fee Schedule,"100 % All Other Outpatient Discount. ",532,,,,,,,Fee Schedule,"100 % All Other Outpatient Discount. ",532,,,,,,,Fee Schedule,"100 % All Other Outpatient Discount. ",532,,,,,,,Fee Schedule,"100 % All Other Outpatient Discount. ",36.19,,,,,,,Fee schedule,90 Percent of Medicare RBRVS. Covered services not payable under Medicaid Fee Schedules default to a payment of 50 percent of charges.,157.11,,,,,,,Case Rate,"100% Medicare OPPS FS. ",36.19,,,,,,,Fee schedule,90 Percent of Medicare RBRVS. Covered services not payable under Medicaid Fee Schedules default to a payment of 50 percent of charges.,729.924,78,,,,,0,percent of total billed charges,78% of Billed Charges. Lesser of 100% of billed charges applies.; No services were performed during the 15 month look back period.,195.44,,,,,,,Fee Schedule,"500.999743655473 % Medicare Physician FS TC Rates Only. ",157.11,,,,,,,Case Rate,"100%Medicare OPPS FS. ",211.82,,,,,,,Fee Schedule,"543 % Medicare RBRVS. ",157.11,,,,,,,Case Rate,"100%Medicare OPPS FS. ",157.11,,,,,,,Case Rate,"100%Medicare OPPS FS. ",729.924,78,,,,,0,percent of total billed charges,78% of Billed Charges. Lesser of 100% of billed charges applies.; No services were performed during the 15 month look back period.,38.98,,,,,,,Case Rate,100% of PAS. Lesser of 100% of billed charges applies.,38.98,,,,,,,Case Rate,100% of PAS. Lesser of 100% of billed charges applies.,36.19,,,,,,,Fee schedule,"90 Percent of Medicare RBRVS. ",36.19,,,,,,,Fee schedule,"90 Percent of Medicare RBRVS. ",211.82,,,,,,,Fee Schedule,"543 % Medicare RBRVS. ",211.82,,,,,,,Fee Schedule,"543 % Medicare RBRVS. ",587.56,,,,,,,Case Rate,"100 Percent of Medicaid APG. Not APG payable, or payable under another fee schedule like ASP/AWP pays at 30% of charges",211.82,,,,,,,Fee Schedule,"543 % Medicare RBRVS. ",587.56,,,,,,,Case Rate,"100 Percent of Medicaid APG. Not APG payable, or payable under another fee schedule like ASP/AWP pays at 30% of charges",157.11,,,,,,,Case Rate,"100%Medicare OPPS FS. ",211.82,,,,,,,Fee Schedule,"543 % Medicare RBRVS. ",729.924,78,,935.8,935.8,935.8,1 through 10,percent of total billed charges,78% of Billed Charges. Lesser of 100% of billed charges applies.,587.56,,,,,,,Case Rate,"100 Percent of Medicaid APG. If not priced under APG, then Metroplus FeeSched",587.56,,,,,,,Case Rate,"100 Percent of Medicaid APG. If not priced under APG, then Metroplus FeeSched",729.924,78,,,,,0,percent of total billed charges,78% of Billed Charges. Lesser of 100% of billed charges applies.; No services were performed during the 15 month look back period.,532,,,,,,,Fee Schedule,"100 % All Other Outpatient Discount. ",2649,,,,,,,Per Diem,. Paid once per unique code per service date and lesser of 100% of billed charges.,2649,,,,,,,Per Diem,. Paid once per unique code per service date and lesser of 100% of billed charges.,729.924,78,,,,,0,percent of total billed charges,78% of Billed Charges. Lesser of 100% of billed charges applies.; No services were performed during the 15 month look back period.,157.11,,,,,,,Case Rate,"100% Medicare OPPS FS. ",4628.68,,,,,,,Per Diem,. Paid once per unique code per service date and lesser of 100% of billed charges.,4628.68,,,,,,,Per Diem,. Paid once per unique code per service date and lesser of 100% of billed charges.,4628.68,,,,,,,Per Diem,. Paid once per unique code per service date and lesser of 100% of billed charges.,157.11,,,,,,,Case Rate,"100% Medicare OPPS FS. ",4628.68,,,,,,,Per Diem,. Paid once per unique code per service date and lesser of 100% of billed charges.,4628.68,,,,,,,Per Diem,. Paid once per unique code per service date and lesser of 100% of billed charges.,157.11,,,,,,,Case Rate,"100% of Medicare OPPS. ",467.9,50,,,,,0,percent of total billed charges,50 percent of billed charges; No services were performed during the 15 month look back period.,393.58,,,,,,,Fee Schedule,"100 % Hard Code. ",393.58,,,,,,,Fee Schedule,"100 % Hard Code. ",393.58,,,,,,,Fee Schedule,"100 % Hard Code. ",393.58,,,,,,,Fee Schedule,"100 % Hard Code. ",393.58,,,,,,,Fee Schedule,"100 % Hard Code. ",393.58,,,,,,,Fee Schedule,"100 % Hard Code. ",157.11,,,,,,,Case Rate,"100% Medicare OPPS FS. ",157.11,,,,,,,Case Rate,"100% Medicare OPPS FS. ",393.58,,,,,,,Fee Schedule,"100 % Hard Code. ",729.924,78,,,,,0,percent of total billed charges,78% of Billed Charges. Lesser of 100% of billed charges applies.; No services were performed during the 15 month look back period.,729.924,78,,,,,0,percent of total billed charges,78% of Billed Charges. Lesser of 100% of billed charges applies.; No services were performed during the 15 month look back period.,729.924,78,,,,,0,percent of total billed charges,78% of Billed Charges. Lesser of 100% of billed charges applies.; No services were performed during the 15 month look back period.,729.924,78,,,,,0,percent of total billed charges,78% of Billed Charges. Lesser of 100% of billed charges applies.; No services were performed during the 15 month look back period.,729.924,78,,,,,0,percent of total billed charges,78% of Billed Charges. Lesser of 100% of billed charges applies.; No services were performed during the 15 month look back period.,729.924,78,,,,,0,percent of total billed charges,78% of Billed Charges. Lesser of 100% of billed charges applies.; No services were performed during the 15 month look back period.,729.924,78,,,,,0,percent of total billed charges,78% of Billed Charges. Lesser of 100% of billed charges applies.; No services were performed during the 15 month look back period.,729.924,78,,,,,0,percent of total billed charges,78% of Billed Charges. Lesser of 100% of billed charges applies.; No services were performed during the 15 month look back period.,729.924,78,,,,,0,percent of total billed charges,78% of Billed Charges. Lesser of 100% of billed charges applies.; No services were performed during the 15 month look back period.,729.924,78,,,,,0,percent of total billed charges,78% of Billed Charges. Lesser of 100% of billed charges applies.; No services were performed during the 15 month look back period.,729.924,78,,,,,0,percent of total billed charges,78% of Billed Charges. Lesser of 100% of billed charges applies.; No services were performed during the 15 month look back period.,729.924,78,,,,,0,percent of total billed charges,78% of Billed Charges. Lesser of 100% of billed charges applies.; No services were performed during the 15 month look back period.,729.924,78,,,,,0,percent of total billed charges,78% of Billed Charges. Lesser of 100% of billed charges applies.; No services were performed during the 15 month look back period.,729.924,78,,,,,0,percent of total billed charges,78% of Billed Charges. Lesser of 100% of billed charges applies.; No services were performed during the 15 month look back period.,729.924,78,,,,,0,percent of total billed charges,78% of Billed Charges. Lesser of 100% of billed charges applies.; No services were performed during the 15 month look back period.,729.924,78,,,,,0,percent of total billed charges,78% of Billed Charges. Lesser of 100% of billed charges applies.; No services were performed during the 15 month look back period.,729.924,78,,,,,0,percent of total billed charges,78% of Billed Charges. Lesser of 100% of billed charges applies.; No services were performed during the 15 month look back period.,729.924,78,,,,,0,percent of total billed charges,78% of Billed Charges. Lesser of 100% of billed charges applies.; No services were performed during the 15 month look back period.,729.924,78,,,,,0,percent of total billed charges,78% of Billed Charges. Lesser of 100% of billed charges applies.; No services were performed during the 15 month look back period.,729.924,78,,,,,0,percent of total billed charges,78% of Billed Charges. Lesser of 100% of billed charges applies.; No services were performed during the 15 month look back period.,729.924,78,,,,,0,percent of total billed charges,78% of Billed Charges. Lesser of 100% of billed charges applies.; No services were performed during the 15 month look back period.,729.924,78,,,,,0,percent of total billed charges,78% of Billed Charges. Lesser of 100% of billed charges applies.; No services were performed during the 15 month look back period.,729.924,78,,,,,0,percent of total billed charges,78% of Billed Charges. Lesser of 100% of billed charges applies.; No services were performed during the 15 month look back period.,729.924,78,,,,,0,percent of total billed charges,78% of Billed Charges. Lesser of 100% of billed charges applies.; No services were performed during the 15 month look back period.,729.924,78,,,,,0,percent of total billed charges,78% of Billed Charges. Lesser of 100% of billed charges applies.; No services were performed during the 15 month look back period.,729.924,78,,,,,0,percent of total billed charges,78% of Billed Charges. Lesser of 100% of billed charges applies.; No services were performed during the 15 month look back period.,211.82,,,,,,,Fee Schedule,"543 % Medicare RBRVS. ",211.82,,,,,,,Fee Schedule,"543 % Medicare RBRVS. ",211.82,,,,,,,Fee Schedule,"543 % Medicare RBRVS. ",211.82,,,,,,,Fee Schedule,"543 % Medicare RBRVS. ",324.17,,,,,,,Fee Schedule,"831 % Medicare RBRVS. ",324.17,,,,,,,Fee Schedule,"831 % Medicare RBRVS. ",532,,,,,,,Fee Schedule,"100 % All Other Outpatient Discount. ",393.58,,,,,,,Fee Schedule,"100 % Hard Code. ",4628.68,,,,,,,Per Diem,. Paid once per unique code per service date and lesser of 100% of billed charges.,393.58,,,,,,,Fee Schedule,"100 % Hard Code. ",729.924,78,,,,,0,percent of total billed charges,78% of Billed Charges. Lesser of 100% of billed charges applies.; No services were performed during the 15 month look back period.,324.17,,,,,,,Fee Schedule,"831 % Medicare RBRVS. ",393.58,,,,,,,Fee Schedule,"100 % Hard Code. ",4628.68,,,,,,,Per Diem,. Paid once per unique code per service date and lesser of 100% of billed charges.,532,,,,,,,Fee Schedule,"100 % All Other Outpatient Discount. ",,,,,,,,,"NA. ",729.924,78,,,,,0,percent of total billed charges,78% of Billed Charges. Lesser of 100% of billed charges applies.; No services were performed during the 15 month look back period.,587.56,,,,,,,Case Rate,"100 Percent of Medicaid APG. ",211.82,,,,,,,Fee Schedule,"543 % Medicare RBRVS. ",587.56,,,,,,,Case Rate,"100 Percent of Medicaid APG. Not APG payable, or payable under another fee schedule like ASP/AWP pays at 30% of charges",157.11,,,,,,,Case Rate,"100%Medicare OPPS FS. ",157.11,,,,,,,Case Rate,"100% Medicare OPPS FS. ",467.9,50,,,,,0,percent of total billed charges,50 percent of billed charges; No services were performed during the 15 month look back period.,157.11,,,,,,,Case Rate,"100% Medicare OPPS FS. ",157.11,,,,,,,Case Rate,"100% Medicare OPPS FS. ",587.56,,,,,,,Case Rate,"100 Percent of Medicaid APG. ",157.11,,,,,,,Case Rate,"100% Medicare OPPS FS. ",157.11,,,,,,,Case Rate,"100% Medicare OPPS FS. ",195.44,,,,,,,Fee Schedule,"500.999743655473 % Medicare Physician FS TC Rates Only. ",195.44,,,,,,,Fee Schedule,"500.999743655473 % Medicare Physician FS TC Rates Only. ",157.11,,,,,,,Case Rate,"100% Medicare OPPS FS. ",532,,,,,,,Fee Schedule,"100 % All Other Outpatient Discount. ",4628.68,,,,,,,Per Diem,. Paid once per unique code per service date and lesser of 100% of billed charges.,4628.68,,,,,,,Per Diem,. Paid once per unique code per service date and lesser of 100% of billed charges.,157.11,,,,,,,Case Rate,"100% Medicare OPPS FS. ",532,,,,,,,Fee Schedule,"100 % All Other Outpatient Discount. ",195.44,,,,,,,Fee Schedule,"500.999743655473 % Medicare Physician FS TC Rates Only. ",195.44,,,,,,,Fee Schedule,"500.999743655473 % Medicare Physician FS TC Rates Only. ",195.44,,,,,,,Fee Schedule,"500.999743655473 % Medicare Physician FS TC Rates Only. ",729.924,78,,,,,0,percent of total billed charges,78% of Billed Charges. Lesser of 100% of billed charges applies.; No services were performed during the 15 month look back period.,729.924,78,,,,,0,percent of total billed charges,78% of Billed Charges. Lesser of 100% of billed charges applies.; No services were performed during the 15 month look back period.,729.924,78,,,,,0,percent of total billed charges,78% of Billed Charges. Lesser of 100% of billed charges applies.; No services were performed during the 15 month look back period.,729.924,78,,,,,0,percent of total billed charges,78% of Billed Charges. Lesser of 100% of billed charges applies.; No services were performed during the 15 month look back period.,729.924,78,,,,,0,percent of total billed charges,78% of Billed Charges. Lesser of 100% of billed charges applies.; No services were performed during the 15 month look back period.,729.924,78,,,,,0,percent of total billed charges,78% of Billed Charges. Lesser of 100% of billed charges applies.; No services were performed during the 15 month look back period.,729.924,78,,,,,0,percent of total billed charges,78% of Billed Charges. Lesser of 100% of billed charges applies.; No services were performed during the 15 month look back period.,729.924,78,,,,,0,percent of total billed charges,78% of Billed Charges. Lesser of 100% of billed charges applies.; No services were performed during the 15 month look back period.,729.924,78,,,,,0,percent of total billed charges,78% of Billed Charges. Lesser of 100% of billed charges applies.; No services were performed during the 15 month look back period.,729.924,78,,74.61,36.74,373.04,1 through 10,percent of total billed charges,78% of Billed Charges. Lesser of 100% of billed charges applies.,729.924,78,,,,,0,percent of total billed charges,78% of Billed Charges. Lesser of 100% of billed charges applies.; No services were performed during the 15 month look back period.,324.17,,,,,,,Fee Schedule,"831 % Medicare RBRVS. ",393.58,,,,,,,Fee Schedule,"100 % Hard Code. ",532,,,,,,,Fee Schedule,"100 % All Other Outpatient Discount. ",157.11,,,,,,,Case Rate,"100% Medicare OPPS FS. ",195.44,,,,,,,Fee Schedule,"500.999743655473 % Medicare Physician FS TC Rates Only. ",532,,,,,,,Fee Schedule,"100 % All Other Outpatient Discount. ",532,,,,,,,Fee Schedule,"100 % All Other Outpatient Discount. ",729.924,78,,,,,0,percent of total billed charges,78% of Billed Charges. Lesser of 100% of billed charges applies.; No services were performed during the 15 month look back period.,1257.39,,,,,,,Case Rate,"141 Percent of current Medicare RBRVS FeeSched. ",532,,,,,,,Fee Schedule,"100 % All Other Outpatient Discount. ",587.56,,,,,,,Case Rate,"100 Percent of Medicaid APG. ",157.11,,,,,,,Case Rate,"100% Medicare OPPS FS. ",157.11,,,,,,,Case Rate,"100% Medicare OPPS FS. ",157.11,,,,,,,Case Rate,"100% Medicare OPPS FS. ",157.11,,,,,,,Case Rate,"100% Medicare OPPS FS. ",157.11,,,,,,,Case Rate,"100% Medicare OPPS FS. ",157.11,,,,,,,Case Rate,"100% Medicare OPPS FS. ",532,,,,,,,Fee Schedule,"100 % All Other Outpatient Discount. ",467.9,50,,,,,0,percent of total billed charges,50 percent of billed charges; No services were performed during the 15 month look back period.,64.34,,,,,,,Fee Schedule,"160 Percent of Medicare RBRVS. ",64.34,,,,,,,Fee Schedule,"160 Percent of Medicare RBRVS. ",64.34,,,,,,,Fee Schedule,"160 Percent of Medicare RBRVS. ",64.34,,,,,,,Fee Schedule,"160 Percent of Medicare RBRVS. ",64.34,,,,,,,Fee Schedule,"160 Percent of Medicare RBRVS. ",,,,,,,,,"NA. ",467.9,50,,,,,0,percent of total billed charges,50 percent of billed charges; No services were performed during the 15 month look back period.,311.07,,,,,,,Case Rate,198 Percent of Medicare OPPS. Metroplus will reimburse unlisted codes and described codes with no Medicare rate at 50 percent of charges.,311.07,,,,,,,Case Rate,198 Percent of Medicare OPPS. Metroplus will reimburse unlisted codes and described codes with no Medicare rate at 50 percent of charges.,311.07,,,,,,,Case Rate,198 Percent of Medicare OPPS. Metroplus will reimburse unlisted codes and described codes with no Medicare rate at 50 percent of charges.,311.07,,,,,,,Case Rate,198 Percent of Medicare OPPS. Metroplus will reimburse unlisted codes and described codes with no Medicare rate at 50 percent of charges.,311.07,,,,,,,Case Rate,198 Percent of Medicare OPPS. Metroplus will reimburse unlisted codes and described codes with no Medicare rate at 50 percent of charges.,157.11,,,,,,,Case Rate,"100% Medicare OPPS FS. ",324.17,,,,,,,Fee Schedule,"831 % Medicare RBRVS. ",324.17,,,,,,,Fee Schedule,"831 % Medicare RBRVS. ",324.17,,,,,,,Fee Schedule,"831 % Medicare RBRVS. ",324.17,,,,,,,Fee Schedule,"831 % Medicare RBRVS. ",195.44,,,,,,,Fee Schedule,"500.999743655473 % Medicare Physician FS TC Rates Only. ",195.44,,,,,,,Fee Schedule,"500.999743655473 % Medicare Physician FS TC Rates Only. ",195.44,,,,,,,Fee Schedule,"500.999743655473 % Medicare Physician FS TC Rates Only. ",195.44,,,,,,,Fee Schedule,"500.999743655473 % Medicare Physician FS TC Rates Only. ",467.9,50,,,,,0,percent of total billed charges,50 percent of billed charges; No services were performed during the 15 month look back period.,467.9,50,,,,,0,percent of total billed charges,50 percent of billed charges; No services were performed during the 15 month look back period.,157.11,,,,,,,Case Rate,"100% Medicare OPPS FS. ",157.11,,,,,,,Case Rate,"100% Medicare OPPS FS. ",157.11,,,,,,,Case Rate,"100% Medicare OPPS FS. ",393.58,,,,,,,Fee Schedule,"100 % Hard Code. ",393.58,,,,,,,Fee Schedule,"100 % Hard Code. ",393.58,,,,,,,Fee Schedule,"100 % Hard Code. ",467.9,50,,,,,0,percent of total billed charges,50 percent of billed charges; No services were performed during the 15 month look back period.,195.44,,,,,,,Fee Schedule,"500.999743655473 % Medicare Physician FS TC Rates Only. ",157.11,,,,,,,Case Rate,"100% Medicare OPPS FS. ",393.58,,,,,,,Fee Schedule,"100 % Hard Code. ",587.56,,,,,,,Case Rate,"100 Percent of Medicaid APG. ",160.25,,,,,,,Case Rate,"102% of Medicare OPPS. ",160.25,,,,,,,Case Rate,"102% of Medicare OPPS. ",160.25,,,,,,,Case Rate,"102% of Medicare OPPS. ",36.19,,,,,,,Fee schedule,"90 Percent of Medicare RBRVS. ",1322.02,,,,,,,Case Rate,225% of NYS APG. Lesser of 100% of billed charges applies.,1322.02,,,,,,,Case Rate,225% of NYS APG. Lesser of 100% of billed charges applies.,1322.02,,,,,,,Case Rate,225% of NYS APG. Lesser of 100% of billed charges applies.,1322.02,,,,,,,Case Rate,225% of NYS APG. Lesser of 100% of billed charges applies.,1322.02,,,,,,,Case Rate,225% of NYS APG. Lesser of 100% of billed charges applies.,160.25,,,,,,,Case Rate,"102% of Medicare OPPS. ",587.56,,,,,,,Case Rate,"100 Percent of Medicaid APG. ",38.98,,,,,,,Case Rate,100% of PAS. Lesser of 100% of billed charges applies.,1322.02,,,,,,,Case Rate,225% of NYS APG. Lesser of 100% of billed charges applies.,1322.02,,,,,,,Case Rate,225% of NYS APG. Lesser of 100% of billed charges applies.,38.98,,,,,,,Case Rate,100% of PAS. Lesser of 100% of billed charges applies.,38.98,,,,,,,Case Rate,100% of PAS. Lesser of 100% of billed charges applies.,64.34,,,,,,,Fee Schedule,"160 Percent of Medicare RBRVS. ",157.11,,,,,,,Case Rate,"100% Medicare OPPS FS. ",157.11,,,,,,,Case Rate,"100% Medicare OPPS FS. ",195.44,,,,,,,Fee Schedule,"500.999743655473 % Medicare Physician FS TC Rates Only. ",157.11,,,,,,,Case Rate,"100% Medicare OPPS FS. ",1322.02,,,,,,,Fee Schedule,"225 Percent of Medicaid APG. ",1322.02,,,,,,,Fee Schedule,"225 Percent of Medicaid APG. ",36.19,,,,,,,Fee schedule,"90 Percent of Medicare RBRVS. ",36.19,,,,,,,Fee schedule,"90 Percent of Medicare RBRVS. ",1322.02,,,,,,,Case Rate,225 Percent of Medicaid APG. Covered services not payable under Medicaid Fee Schedules default to a payment of 87.5 percent of charges.,36.19,,,,,,,Fee schedule,90 Percent of Medicare RBRVS. Covered services not payable under Medicaid Fee Schedules default to a payment of 50 percent of charges.,1322.02,,,,,,,Case Rate,"100 Percent of Medicaid APG. ",1322.02,,,,,,,Case Rate,"100 Percent of Medicaid APG. ",1322.02,,,,,,,Case Rate,"100 Percent of Medicaid APG. ",1322.02,,,,,,,Case Rate,"100 Percent of Medicaid APG. ",394.56,,,,,,,Fee Schedule,"1019 % Manhattan Facility Rate. ",467.9,50,,,,,0,percent of total billed charges,50 percent of billed charges; No services were performed during the 15 month look back period.,705.08,,,,,,,Case Rate,"120 Percent of Medicaid APG. Not APG payable, or payable under another fee schedule like ASP/AWP pays at 30% of charges",705.08,,,,,,,Case Rate,"120 Percent of Medicaid APG. Not APG payable, or payable under another fee schedule like ASP/AWP pays at 30% of charges",587.56,,,,,,,Case Rate,"100 Percent of Medicaid APG. Not APG payable, or payable under another fee schedule like ASP/AWP pays at 30% of charges",587.56,,,,,,,Case Rate,"100 Percent of Medicaid APG. Not APG payable, or payable under another fee schedule like ASP/AWP pays at 30% of charges",393.58,,,,,,,Fee Schedule,"100 % Hard Code. ",393.58,,,,,,,Fee Schedule,"100 % Hard Code. ",157.11,,,,,,,Case Rate,"100% Medicare OPPS FS. ",393.58,,,,,,,Fee Schedule,"100 % Hard Code. ",393.58,,,,,,,Fee Schedule,"100 % Hard Code. ",393.58,,,,,,,Fee Schedule,"100 % Hard Code. ",393.58,,,,,,,Fee Schedule,"100 % Hard Code. ",157.11,,,,,,,Case Rate,"100% Medicare OPPS FS. ",393.58,,,,,,,Fee Schedule,"100 % Hard Code. ",393.58,,,,,,,Fee Schedule,"100 % Hard Code. ",195.44,,,,,,,Fee Schedule,"500.999743655473 % Medicare Physician FS TC Rates Only. ",646.32,,,,,,,Fee Schedule,110% of APG. Lesser of 100% of billed charges applies.,36.19,,,,,,,Fee schedule,90 Percent of Medicare RBRVS. Covered services not payable under Medicaid Fee Schedules default to a payment of 50 percent of charges.,1322.02,,,,,,,Case Rate,225% of NYS APG. Lesser of 100% of billed charges applies.,1322.02,,,,,,,Case Rate,225 Percent of Medicaid APG. Covered services not payable under Medicaid Fee Schedules default to a payment of 87.5 percent of charges.,36.19,,,,,,,Fee schedule,90 Percent of Medicare RBRVS. Covered services not payable under Medicaid Fee Schedules default to a payment of 50 percent of charges.,1322.02,,,,,,,Case Rate,225% of NYS APG. Lesser of 100% of billed charges applies.,1322.02,,,,,,,Case Rate,225% of NYS APG. Lesser of 100% of billed charges applies.,1322.02,,,,,,,Case Rate,225% of NYS APG. Lesser of 100% of billed charges applies.,1322.02,,,,,,,Case Rate,225% of NYS APG. Lesser of 100% of billed charges applies.,1322.02,,,,,,,Case Rate,225% of NYS APG. Lesser of 100% of billed charges applies.,1322.02,,,,,,,Case Rate,225% of NYS APG. Lesser of 100% of billed charges applies.,,,,,,,,,"NA. ",,,,,,,,,"NA. ",,,,,,,,,"NA. ",532,,,,,,,Fee Schedule,"100 % All Other Outpatient Discount. ",,,,,,,,,"NA. ",157.11,,,,,,,Case Rate,"100% Medicare OPPS FS. ",69,,,,,,,Fee Schedule,"100 % 1199 Fee Schedule. ",157.11,,,,,,,Case Rate,"100% Medicare OPPS FS. ",157.11,,,,,,,Case Rate,"100% Medicare OPPS FS. ",705.08,,,,,,,Case Rate,"120 Percent of Medicaid APG. Not APG payable, or payable under another fee schedule like ASP/AWP pays at 30% of charges",705.08,,,,,,,Case Rate,"120 Percent of Medicaid APG. Not APG payable, or payable under another fee schedule like ASP/AWP pays at 30% of charges",587.56,,,,,,,Case Rate,"100 Percent of Medicaid APG. Not APG payable, or payable under another fee schedule like ASP/AWP pays at 30% of charges",587.56,,,,,,,Case Rate,"100 Percent of Medicaid APG. Not APG payable, or payable under another fee schedule like ASP/AWP pays at 30% of charges",587.56,,,,,,,Case Rate,"100 Percent of Medicaid APG. ",683.134,73,,,,,0,percent of total billed charges,73 percent of billed charges. ; No services were performed during the 15 month look back period.,195.44,,,,,,,Fee Schedule,"500.999743655473 % Medicare Physician FS TC Rates Only. ",211.82,,,,,,,Fee Schedule,"543 % Medicare RBRVS. ",532,,,,,,,Fee Schedule,"100 % All Other Outpatient Discount. ",157.11,,,,,,,Case Rate,"100%Medicare OPPS FS. ",157.11,,,,,,,Case Rate,"100% Medicare OPPS FS. ",157.11,,,,,,,Case Rate,"100% Medicare OPPS FS. ",157.11,,,,,,,Case Rate,"100% Medicare OPPS FS. ",157.11,,,,,,,Case Rate,"100%Medicare OPPS FS. ",157.11,,,,,,,Case Rate,"100% Medicare OPPS FS. ",,,,,,,,,"NA. ",1322.02,,,,,,,Case Rate,225% of NYS APG. Lesser of 100% of billed charges applies.,38.98,,,,,,,Case Rate,100% of PAS. Lesser of 100% of billed charges applies.,393.58,,,,,,,Fee Schedule,"100 % Hard Code. ",683.134,73,,,,,0,percent of total billed charges,73 percent of billed charges. ; No services were performed during the 15 month look back period.,683.134,73,,,,,0,percent of total billed charges,73 percent of billed charges. ; No services were performed during the 15 month look back period.,683.134,73,,2807.4,80.74,10293.8,24,percent of total billed charges,"73 percent of billed charges. ",683.134,73,,,,,0,percent of total billed charges,73 percent of billed charges. ; No services were performed during the 15 month look back period.,157.11,,,,,,,Case Rate,"100% Medicare OPPS FS. ",587.56,,,,,,,Case Rate,"100 Percent of Medicaid APG. ",393.58,,,,,,,Fee Schedule,"100 % Hard Code. ",587.56,,,,,,,Case Rate,"100 Percent of Medicaid APG. ",157.11,,,,,,,Case Rate,"100% Medicare OPPS FS. ",587.56,,,,,,,Case Rate,"100 Percent of Medicaid APG. ",157.11,,,,,,,Case Rate,"100% Medicare OPPS FS. ",157.11,,,,,,,Case Rate,"100% Medicare OPPS FS. ",587.56,,,,,,,Case Rate,"100 Percent of Medicaid APG. ",587.56,,,,,,,Case Rate,"100 Percent of Medicaid APG. ",683.134,73,,,,,0,percent of total billed charges,73 percent of billed charges. ; No services were performed during the 15 month look back period.,532,,,,,,,Fee Schedule,"100 % All Other Outpatient Discount. ",729.924,78,,,,,0,percent of total billed charges,78% of Billed Charges. Lesser of 100% of billed charges applies.; No services were performed during the 15 month look back period.,4628.68,,,,,,,Per Diem,. Paid once per unique code per service date and lesser of 100% of billed charges.,4628.68,,,,,,,Per Diem,. Paid once per unique code per service date and lesser of 100% of billed charges.,195.44,,,,,,,Fee Schedule,"500.999743655473 % Medicare Physician FS TC Rates Only. ",157.11,,,,,,,Case Rate,"98% of RBRVS. ",324.17,,,,,,,Fee Schedule,"831 % Medicare RBRVS. ",324.17,,,,,,,Fee Schedule,"831 % Medicare RBRVS. ",314.86,,,,,,,Fee Schedule,"100 % Hard Code. ",314.86,,,,,,,Fee Schedule,"100 % Hard Code. ",157.11,,,,,,,Case Rate,"100% Medicare OPPS FS. ",157.11,,,,,,,Case Rate,"100% Medicare OPPS FS. ",157.11,,,,,,,Case Rate,"100% Medicare OPPS FS. ",157.11,,,,,,,Case Rate,"100% Medicare OPPS FS. ",4628.68,,,,,,,Per Diem,. Paid once per unique code per service date and lesser of 100% of billed charges.,393.58,,,,,,,Fee Schedule,"100 % Hard Code. ",393.58,,,,,,,Fee Schedule,"100 % Hard Code. ",157.11,,,,,,,Case Rate,"100% Medicare OPPS FS. ",314.86,,,,,,,Fee Schedule,"100 % Hard Code. ",211.82,,,,,,,Fee Schedule,"543 % Medicare RBRVS. ",705.08,,,,,,,Fee Schedule,"120 Percent of Medicaid APG. ",587.56,,,,,,,Case Rate,"100 Percent of Medicaid APG. ",683.134,73,,,,,0,percent of total billed charges,73 percent of billed charges. ; No services were performed during the 15 month look back period.,354.22,,,,,,,Fee Schedule,"100 % Hard Code. ",354.22,,,,,,,Fee Schedule,"100 % Hard Code. ",393.58,,,,,,,Fee Schedule,"100 % Hard Code. ",467.9,50,,,,,0,percent of total billed charges,50 percent of billed charges; No services were performed during the 15 month look back period.,157.11,,,,,,,Case Rate,"100%Medicare OPPS FS. ",616.94,,,,,,,Fee Schedule,105 percent of Medicaid APG. otherwise 105% of Ordered NYS MCD FS or 105% of ASP+6%,616.94,,,,,,,Fee Schedule,105 percent of Medicaid APG. otherwise 105% of Ordered NYS MCD FS or 105% of ASP+6%,616.94,,,,,,,Fee Schedule,105 percent of Medicaid APG. otherwise 105% of Ordered NYS MCD FS or 105% of ASP+6%,793.21,,,,,,,Fee Schedule,135 percent of Medicaid APG. otherwise 135% of Ordered NYS MCD FS or 135% of ASP+6%,4628.68,,,,,,,Per Diem,. Paid once per unique code per service date and lesser of 100% of billed charges.,616.94,,,,,,,Fee Schedule,105 percent of Medicaid APG. otherwise 105% of Ordered NYS MCD FS or 105% of ASP+6%,616.94,,,,,,,Fee Schedule,105 percent of Medicaid APG. otherwise 105% of Ordered NYS MCD FS or 105% of ASP+6%,616.94,,,,,,,Fee Schedule,105 percent of Medicaid APG. otherwise 105% of Ordered NYS MCD FS or 105% of ASP+6%,616.94,,,,,,,Fee Schedule,105 percent of Medicaid APG. otherwise 105% of Ordered NYS MCD FS or 105% of ASP+6%,616.94,,,,,,,Fee Schedule,105 percent of Medicaid APG. otherwise 105% of Ordered NYS MCD FS or 105% of ASP+6%,793.21,,,,,,,Fee Schedule,135 percent of Medicaid APG. otherwise 135% of Ordered NYS MCD FS or 135% of ASP+6%,793.21,,,,,,,Fee Schedule,135 percent of Medicaid APG. otherwise 135% of Ordered NYS MCD FS or 135% of ASP+6%,157.11,,,,,,,Case Rate,"100% Medicare OPPS FS. ",4628.68,,,,,,,Per Diem,. Paid once per unique code per service date and lesser of 100% of billed charges.,157.11,,,,,,,Case Rate,"100% Medicare OPPS FS. ",616.94,,,,,,,Fee Schedule,105 percent of Medicaid APG. otherwise 105% of Ordered NYS MCD FS or 105% of ASP+6%,393.58,,,,,,,Fee Schedule,"100 % Hard Code. ",157.11,,,,,,,Case Rate,"100% Medicare OPPS FS. ",393.58,,,,,,,Fee Schedule,"100 % Hard Code. ",393.58,,,,,,,Fee Schedule,"100 % Hard Code. ",393.58,,,,,,,Fee Schedule,"100 % Hard Code. ",616.94,,,,,,,Fee Schedule,105 percent of Medicaid APG. otherwise 105% of Ordered NYS MCD FS or 105% of ASP+6%,157.11,,,,,,,Case Rate,"100% Medicare OPPS FS. ",393.58,,,,,,,Fee Schedule,"100 % Hard Code. ",793.21,,,,,,,Fee Schedule,135 percent of Medicaid APG. otherwise 135% of Ordered NYS MCD FS or 135% of ASP+6%,393.58,,,,,,,Fee Schedule,"100 % Hard Code. ",235.66,,,,,,,Case Rate,"150% of Medicare OPPS. ",157.11,,,,,,,Case Rate,"100%Medicare OPPS FS. ",683.134,73,,,,,0,percent of total billed charges,73 percent of billed charges. ; No services were performed during the 15 month look back period.,683.134,73,,,,,0,percent of total billed charges,73 percent of billed charges. ; No services were performed during the 15 month look back period.,683.134,73,,,,,0,percent of total billed charges,73 percent of billed charges. ; No services were performed during the 15 month look back period.,683.134,73,,,,,0,percent of total billed charges,73 percent of billed charges. ; No services were performed during the 15 month look back period.,683.134,73,,,,,0,percent of total billed charges,73 percent of billed charges. ; No services were performed during the 15 month look back period.,211.82,,,,,,,Fee Schedule,"543 % Medicare RBRVS. ",211.82,,,,,,,Fee Schedule,"543 % Medicare RBRVS. ",683.134,73,,,,,0,percent of total billed charges,73 percent of billed charges. ; No services were performed during the 15 month look back period.,683.134,73,,,,,0,percent of total billed charges,73 percent of billed charges. ; No services were performed during the 15 month look back period.,683.134,73,,,,,0,percent of total billed charges,73 percent of billed charges. ; No services were performed during the 15 month look back period.,683.134,73,,,,,0,percent of total billed charges,73 percent of billed charges. ; No services were performed during the 15 month look back period.,683.134,73,,,,,0,percent of total billed charges,73 percent of billed charges. ; No services were performed during the 15 month look back period.,157.11,,,,,,,Case Rate,"100% Medicare OPPS FS. ",211.82,,,,,,,Fee Schedule,"543 % Medicare RBRVS. ",157.11,,,,,,,Case Rate,"100% Medicare OPPS FS. ",1322.02,,,,,,,Case Rate,"225 Percent of Medicaid APG. If not included in Medicaid APG, then 100 Percent of Manhattan Medicare",587.56,,,,,,,Case Rate,"100 Percent of Medicaid APG. If not priced under APG, then Metroplus FeeSched",4628.68,,,,,,,Per Diem,. Paid once per unique code per service date and lesser of 100% of billed charges.,4628.68,,,,,,,Per Diem,. Paid once per unique code per service date and lesser of 100% of billed charges.,157.11,,,,,,,Case Rate,"100% Medicare OPPS FS. ",324.17,,,,,,,Fee Schedule,"831 % Medicare RBRVS. ",157.11,,,,,,,Case Rate,"100% Medicare OPPS FS. ",157.11,,,,,,,Case Rate,"100% Medicare OPPS FS. ",195.44,,,,,,,Fee Schedule,"500.999743655473 % Medicare Physician FS TC Rates Only. ",157.11,,,,,,,Case Rate,"100% Medicare OPPS FS. ",532,,,,,,,Fee Schedule,"100 % All Other Outpatient Discount. ",157.11,,,,,,,Case Rate,"100% Medicare OPPS FS. ",532,,,,,,,Fee Schedule,"100 % All Other Outpatient Discount. ",195.44,,,,,,,Fee Schedule,"500.999743655473 % Medicare Physician FS TC Rates Only. ",532,,,,,,,Fee Schedule,"100 % All Other Outpatient Discount. ",157.11,,,,,,,Case Rate,"100% Medicare OPPS FS. ",587.56,,,,,,,Case Rate,"100 Percent of Medicaid APG. ",157.11,,,,,,,Case Rate,"100% Medicare OPPS FS. ",532,,,,,,,Fee Schedule,"100 % All Other Outpatient Discount. ",4628.68,,,,,,,Per Diem,. Paid once per unique code per service date and lesser of 100% of billed charges.,587.56,,,,,,,Case Rate,"100 Percent of Medicaid APG. ",393.58,,,,,,,Fee Schedule,"100 % Hard Code. ",705.08,,,,,,,Fee Schedule,"120 Percent of Medicaid APG. ",705.08,,,,,,,Fee Schedule,"120 Percent of Medicaid APG. ",393.58,,,,,,,Fee Schedule,"100 % Hard Code. ",393.58,,,,,,,Fee Schedule,"100 % Hard Code. ",393.58,,,,,,,Fee Schedule,"100 % Hard Code. ",4628.68,,,,,,,Per Diem,. Paid once per unique code per service date and lesser of 100% of billed charges.,393.58,,,,,,,Fee Schedule,"100 % Hard Code. ",393.58,,,,,,,Fee Schedule,"100 % Hard Code. ",393.58,,,,,,,Fee Schedule,"100 % Hard Code. ",683.134,73,,,,,0,percent of total billed charges,73 percent of billed charges. ; No services were performed during the 15 month look back period.,683.134,73,,,,,0,percent of total billed charges,73 percent of billed charges. ; No services were performed during the 15 month look back period.,311.07,,,,,,,Case Rate,198 Percent of Medicare OPPS. Metroplus will reimburse unlisted codes and described codes with no Medicare rate at 50 percent of charges.,587.56,,,,,,,Case Rate,"100 Percent of Medicaid APG. ",4628.68,,,,,,,Per Diem,. Paid once per unique code per service date and lesser of 100% of billed charges.,532,,,,,,,Fee Schedule,"100 % All Other Outpatient Discount. ",195.44,,,,,,,Fee Schedule,"500.999743655473 % Medicare Physician FS TC Rates Only. ",4628.68,,,,,,,Per Diem,. Paid once per unique code per service date and lesser of 100% of billed charges.,195.44,,,,,,,Fee Schedule,"500.999743655473 % Medicare Physician FS TC Rates Only. ",4628.68,,,,,,,Per Diem,. Paid once per unique code per service date and lesser of 100% of billed charges.,393.58,,,,,,,Fee Schedule,"100 % Hard Code. ",393.58,,,,,,,Fee Schedule,"100 % Hard Code. ",393.58,,,,,,,Fee Schedule,"100 % Hard Code. ",393.58,,,,,,,Fee Schedule,"100 % Hard Code. ",157.11,,,,,,,Case Rate,"100% Medicare OPPS FS. ",36.19,4628.68,
77771,CPT,2023329,LOCAL,342,RC,HC HDR RDNCL NTRSTL/ICAV BRCHTX 2-12 CHAN,7354.52,1397.3588,both,,,,474,,,,,,,Fee Schedule,"100 % 1199 Fee Schedule. ",474,,,,,,,Fee Schedule,"100 % 1199 Fee Schedule. ",2337.47,,,,,,,Fee Schedule,"501.000943072702 % Medicare Physician FS TC Rates Only. ",7354.52,100,,,,,0,percent of total billed charges,100 percent of billed charges. ; No services were performed during the 15 month look back period.,820.99,,,,,,,Case Rate,"100% Medicare OPPS FS. ",2337.47,,,,,,,Fee Schedule,"501.000943072702 % Medicare Physician FS TC Rates Only. ",2337.47,,,,,,,Fee Schedule,"501.000943072702 % Medicare Physician FS TC Rates Only. ",2337.47,,,,,,,Fee Schedule,"501.000943072702 % Medicare Physician FS TC Rates Only. ",1174.61,,,,,,,Case Rate,"100 Percent of Medicaid APG. ",978.84,,,,,,,Case Rate,"100 Percent of Medicaid APG. ",5736.5256,78,,,,,0,percent of total billed charges,78% of Billed Charges. Lesser of 100% of billed charges applies.; No services were performed during the 15 month look back period.,1904.72,,,,,,,Other,. Paid once per unit per revenue code and lesser of 100% of billed charges.,978.84,,,,,,,Case Rate,"100 Percent of Medicaid APG. ",820.99,,,,,,,Case Rate,"100% Medicare OPPS FS. ",6487,,,,,,,Case Rate,". MPL 100/50/25% maxmium of 3 procedures. All add ons apply, and lesser of 100% of billed charges",6487,,,,,,,Case Rate,". MPL 100/50/25% maxmium of 3 procedures. All add ons apply, and lesser of 100% of billed charges",6487,,,,,,,Case Rate,". MPL 100/50/25% maxmium of 3 procedures. All add ons apply, and lesser of 100% of billed charges",6487,,,,,,,Case Rate,". MPL 100/50/25% maxmium of 3 procedures. All add ons apply, and lesser of 100% of billed charges",432.87,,,,,,,Fee schedule,90 Percent of Medicare RBRVS. Covered services not payable under Medicaid Fee Schedules default to a payment of 50 percent of charges.,820.99,,,,,,,Case Rate,"100% Medicare OPPS FS. ",432.87,,,,,,,Fee schedule,90 Percent of Medicare RBRVS. Covered services not payable under Medicaid Fee Schedules default to a payment of 50 percent of charges.,5736.5256,78,,,,,0,percent of total billed charges,78% of Billed Charges. Lesser of 100% of billed charges applies.; No services were performed during the 15 month look back period.,2337.47,,,,,,,Fee Schedule,"501.000943072702 % Medicare Physician FS TC Rates Only. ",820.99,,,,,,,Case Rate,"100%Medicare OPPS FS. ",1189.73,,,,,,,Fee Schedule,"255 % Medicare RBRVS. ",820.99,,,,,,,Case Rate,"100%Medicare OPPS FS. ",820.99,,,,,,,Case Rate,"100%Medicare OPPS FS. ",5736.5256,78,,,,,0,percent of total billed charges,78% of Billed Charges. Lesser of 100% of billed charges applies.; No services were performed during the 15 month look back period.,413.41,,,,,,,Case Rate,100% of PAS. Lesser of 100% of billed charges applies.,413.41,,,,,,,Case Rate,100% of PAS. Lesser of 100% of billed charges applies.,432.87,,,,,,,Fee schedule,"90 Percent of Medicare RBRVS. ",432.87,,,,,,,Fee schedule,"90 Percent of Medicare RBRVS. ",1189.73,,,,,,,Fee Schedule,"255 % Medicare RBRVS. ",1189.73,,,,,,,Fee Schedule,"255 % Medicare RBRVS. ",978.84,,,,,,,Case Rate,"100 Percent of Medicaid APG. Not APG payable, or payable under another fee schedule like ASP/AWP pays at 30% of charges",1189.73,,,,,,,Fee Schedule,"255 % Medicare RBRVS. ",978.84,,,,,,,Case Rate,"100 Percent of Medicaid APG. Not APG payable, or payable under another fee schedule like ASP/AWP pays at 30% of charges",820.99,,,,,,,Case Rate,"100%Medicare OPPS FS. ",1189.73,,,,,,,Fee Schedule,"255 % Medicare RBRVS. ",5736.5256,78,,,,,0,percent of total billed charges,78% of Billed Charges. Lesser of 100% of billed charges applies.; No services were performed during the 15 month look back period.,978.84,,,,,,,Case Rate,"100 Percent of Medicaid APG. If not priced under APG, then Metroplus FeeSched",978.84,,,,,,,Case Rate,"100 Percent of Medicaid APG. If not priced under APG, then Metroplus FeeSched",5736.5256,78,,,,,0,percent of total billed charges,78% of Billed Charges. Lesser of 100% of billed charges applies.; No services were performed during the 15 month look back period.,6487,,,,,,,Case Rate,". MPL 100/50/25% maxmium of 3 procedures. All add ons apply, and lesser of 100% of billed charges",1812,,,,,,,Other,. Paid once per unit per revenue code and lesser of 100% of billed charges.,1812,,,,,,,Other,. Paid once per unit per revenue code and lesser of 100% of billed charges.,5736.5256,78,,,,,0,percent of total billed charges,78% of Billed Charges. Lesser of 100% of billed charges applies.; No services were performed during the 15 month look back period.,820.99,,,,,,,Case Rate,"100% Medicare OPPS FS. ",1904.72,,,,,,,Other,. Paid once per unit per revenue code and lesser of 100% of billed charges.,1904.72,,,,,,,Other,. Paid once per unit per revenue code and lesser of 100% of billed charges.,1904.72,,,,,,,Other,. Paid once per unit per revenue code and lesser of 100% of billed charges.,820.99,,,,,,,Case Rate,"100% Medicare OPPS FS. ",1904.72,,,,,,,Other,. Paid once per unit per revenue code and lesser of 100% of billed charges.,1904.72,,,,,,,Other,. Paid once per unit per revenue code and lesser of 100% of billed charges.,820.99,,,,,,,Case Rate,"100% of Medicare OPPS. ",3677.26,50,,,,,0,percent of total billed charges,50 percent of billed charges; No services were performed during the 15 month look back period.,4780.438,65,,,,,0,percent of total billed charges,65% of Billed Charges. Lesser of 100% of billed charges applies.; No services were performed during the 15 month look back period.,4780.438,65,,,,,0,percent of total billed charges,65% of Billed Charges. Lesser of 100% of billed charges applies.; No services were performed during the 15 month look back period.,4780.438,65,,,,,0,percent of total billed charges,65% of Billed Charges. Lesser of 100% of billed charges applies.; No services were performed during the 15 month look back period.,4780.438,65,,,,,0,percent of total billed charges,65% of Billed Charges. Lesser of 100% of billed charges applies.; No services were performed during the 15 month look back period.,4780.438,65,,,,,0,percent of total billed charges,65% of Billed Charges. Lesser of 100% of billed charges applies.; No services were performed during the 15 month look back period.,4780.438,65,,14709.04,7354.52,14709.04,1 through 10,percent of total billed charges,65% of Billed Charges. Lesser of 100% of billed charges applies.,820.99,,,,,,,Case Rate,"100% Medicare OPPS FS. ",820.99,,,,,,,Case Rate,"100% Medicare OPPS FS. ",4780.438,65,,,,,0,percent of total billed charges,65% of Billed Charges. Lesser of 100% of billed charges applies.; No services were performed during the 15 month look back period.,5736.5256,78,,,,,0,percent of total billed charges,78% of Billed Charges. Lesser of 100% of billed charges applies.; No services were performed during the 15 month look back period.,5736.5256,78,,,,,0,percent of total billed charges,78% of Billed Charges. Lesser of 100% of billed charges applies.; No services were performed during the 15 month look back period.,5736.5256,78,,,,,0,percent of total billed charges,78% of Billed Charges. Lesser of 100% of billed charges applies.; No services were performed during the 15 month look back period.,5736.5256,78,,,,,0,percent of total billed charges,78% of Billed Charges. Lesser of 100% of billed charges applies.; No services were performed during the 15 month look back period.,5736.5256,78,,,,,0,percent of total billed charges,78% of Billed Charges. Lesser of 100% of billed charges applies.; No services were performed during the 15 month look back period.,5736.5256,78,,,,,0,percent of total billed charges,78% of Billed Charges. Lesser of 100% of billed charges applies.; No services were performed during the 15 month look back period.,5736.5256,78,,,,,0,percent of total billed charges,78% of Billed Charges. Lesser of 100% of billed charges applies.; No services were performed during the 15 month look back period.,5736.5256,78,,,,,0,percent of total billed charges,78% of Billed Charges. Lesser of 100% of billed charges applies.; No services were performed during the 15 month look back period.,5736.5256,78,,,,,0,percent of total billed charges,78% of Billed Charges. Lesser of 100% of billed charges applies.; No services were performed during the 15 month look back period.,5736.5256,78,,,,,0,percent of total billed charges,78% of Billed Charges. Lesser of 100% of billed charges applies.; No services were performed during the 15 month look back period.,5736.5256,78,,,,,0,percent of total billed charges,78% of Billed Charges. Lesser of 100% of billed charges applies.; No services were performed during the 15 month look back period.,5736.5256,78,,,,,0,percent of total billed charges,78% of Billed Charges. Lesser of 100% of billed charges applies.; No services were performed during the 15 month look back period.,5736.5256,78,,,,,0,percent of total billed charges,78% of Billed Charges. Lesser of 100% of billed charges applies.; No services were performed during the 15 month look back period.,5736.5256,78,,,,,0,percent of total billed charges,78% of Billed Charges. Lesser of 100% of billed charges applies.; No services were performed during the 15 month look back period.,5736.5256,78,,,,,0,percent of total billed charges,78% of Billed Charges. Lesser of 100% of billed charges applies.; No services were performed during the 15 month look back period.,5736.5256,78,,,,,0,percent of total billed charges,78% of Billed Charges. Lesser of 100% of billed charges applies.; No services were performed during the 15 month look back period.,5736.5256,78,,,,,0,percent of total billed charges,78% of Billed Charges. Lesser of 100% of billed charges applies.; No services were performed during the 15 month look back period.,5736.5256,78,,,,,0,percent of total billed charges,78% of Billed Charges. Lesser of 100% of billed charges applies.; No services were performed during the 15 month look back period.,5736.5256,78,,,,,0,percent of total billed charges,78% of Billed Charges. Lesser of 100% of billed charges applies.; No services were performed during the 15 month look back period.,5736.5256,78,,,,,0,percent of total billed charges,78% of Billed Charges. Lesser of 100% of billed charges applies.; No services were performed during the 15 month look back period.,5736.5256,78,,,,,0,percent of total billed charges,78% of Billed Charges. Lesser of 100% of billed charges applies.; No services were performed during the 15 month look back period.,5736.5256,78,,,,,0,percent of total billed charges,78% of Billed Charges. Lesser of 100% of billed charges applies.; No services were performed during the 15 month look back period.,5736.5256,78,,,,,0,percent of total billed charges,78% of Billed Charges. Lesser of 100% of billed charges applies.; No services were performed during the 15 month look back period.,5736.5256,78,,,,,0,percent of total billed charges,78% of Billed Charges. Lesser of 100% of billed charges applies.; No services were performed during the 15 month look back period.,5736.5256,78,,,,,0,percent of total billed charges,78% of Billed Charges. Lesser of 100% of billed charges applies.; No services were performed during the 15 month look back period.,5736.5256,78,,,,,0,percent of total billed charges,78% of Billed Charges. Lesser of 100% of billed charges applies.; No services were performed during the 15 month look back period.,1189.73,,,,,,,Fee Schedule,"255 % Medicare RBRVS. ",1189.73,,,,,,,Fee Schedule,"255 % Medicare RBRVS. ",1189.73,,,,,,,Fee Schedule,"255 % Medicare RBRVS. ",1189.73,,,,,,,Fee Schedule,"255 % Medicare RBRVS. ",900.46,,,,,,,Fee Schedule,"193 % Medicare RBRVS. ",900.46,,,,,,,Fee Schedule,"193 % Medicare RBRVS. ",6487,,,,,,,Case Rate,". MPL 100/50/25% maxmium of 3 procedures. All add ons apply, and lesser of 100% of billed charges",4780.438,65,,,,,0,percent of total billed charges,65% of Billed Charges. Lesser of 100% of billed charges applies.; No services were performed during the 15 month look back period.,1904.72,,,,,,,Other,. Paid once per unit per revenue code and lesser of 100% of billed charges.,4780.438,65,,,,,0,percent of total billed charges,65% of Billed Charges. Lesser of 100% of billed charges applies.; No services were performed during the 15 month look back period.,5736.5256,78,,,,,0,percent of total billed charges,78% of Billed Charges. Lesser of 100% of billed charges applies.; No services were performed during the 15 month look back period.,900.46,,,,,,,Fee Schedule,"193 % Medicare RBRVS. ",4780.438,65,,,,,0,percent of total billed charges,65% of Billed Charges. Lesser of 100% of billed charges applies.; No services were performed during the 15 month look back period.,1904.72,,,,,,,Other,. Paid once per unit per revenue code and lesser of 100% of billed charges.,6487,,,,,,,Case Rate,". MPL 100/50/25% maxmium of 3 procedures. All add ons apply, and lesser of 100% of billed charges",,,,,,,,,"NA. ",5736.5256,78,,,,,0,percent of total billed charges,78% of Billed Charges. Lesser of 100% of billed charges applies.; No services were performed during the 15 month look back period.,978.84,,,,,,,Case Rate,"100 Percent of Medicaid APG. ",1189.73,,,,,,,Fee Schedule,"255 % Medicare RBRVS. ",978.84,,,,,,,Case Rate,"100 Percent of Medicaid APG. Not APG payable, or payable under another fee schedule like ASP/AWP pays at 30% of charges",820.99,,,,,,,Case Rate,"100%Medicare OPPS FS. ",820.99,,,,,,,Case Rate,"100% Medicare OPPS FS. ",3677.26,50,,,,,0,percent of total billed charges,50 percent of billed charges; No services were performed during the 15 month look back period.,820.99,,,,,,,Case Rate,"100% Medicare OPPS FS. ",820.99,,,,,,,Case Rate,"100% Medicare OPPS FS. ",978.84,,,,,,,Case Rate,"100 Percent of Medicaid APG. ",820.99,,,,,,,Case Rate,"100% Medicare OPPS FS. ",820.99,,,,,,,Case Rate,"100% Medicare OPPS FS. ",2337.47,,,,,,,Fee Schedule,"501.000943072702 % Medicare Physician FS TC Rates Only. ",2337.47,,,,,,,Fee Schedule,"501.000943072702 % Medicare Physician FS TC Rates Only. ",820.99,,,,,,,Case Rate,"100% Medicare OPPS FS. ",6487,,,,,,,Case Rate,". MPL 100/50/25% maxmium of 3 procedures. All add ons apply, and lesser of 100% of billed charges",1904.72,,,,,,,Other,. Paid once per unit per revenue code and lesser of 100% of billed charges.,1904.72,,,,,,,Other,. Paid once per unit per revenue code and lesser of 100% of billed charges.,820.99,,,,,,,Case Rate,"100% Medicare OPPS FS. ",6487,,,,,,,Case Rate,". MPL 100/50/25% maxmium of 3 procedures. All add ons apply, and lesser of 100% of billed charges",2337.47,,,,,,,Fee Schedule,"501.000943072702 % Medicare Physician FS TC Rates Only. ",2337.47,,,,,,,Fee Schedule,"501.000943072702 % Medicare Physician FS TC Rates Only. ",2337.47,,,,,,,Fee Schedule,"501.000943072702 % Medicare Physician FS TC Rates Only. ",5736.5256,78,,,,,0,percent of total billed charges,78% of Billed Charges. Lesser of 100% of billed charges applies.; No services were performed during the 15 month look back period.,5736.5256,78,,,,,0,percent of total billed charges,78% of Billed Charges. Lesser of 100% of billed charges applies.; No services were performed during the 15 month look back period.,5736.5256,78,,,,,0,percent of total billed charges,78% of Billed Charges. Lesser of 100% of billed charges applies.; No services were performed during the 15 month look back period.,5736.5256,78,,,,,0,percent of total billed charges,78% of Billed Charges. Lesser of 100% of billed charges applies.; No services were performed during the 15 month look back period.,5736.5256,78,,,,,0,percent of total billed charges,78% of Billed Charges. Lesser of 100% of billed charges applies.; No services were performed during the 15 month look back period.,5736.5256,78,,,,,0,percent of total billed charges,78% of Billed Charges. Lesser of 100% of billed charges applies.; No services were performed during the 15 month look back period.,5736.5256,78,,,,,0,percent of total billed charges,78% of Billed Charges. Lesser of 100% of billed charges applies.; No services were performed during the 15 month look back period.,5736.5256,78,,,,,0,percent of total billed charges,78% of Billed Charges. Lesser of 100% of billed charges applies.; No services were performed during the 15 month look back period.,5736.5256,78,,,,,0,percent of total billed charges,78% of Billed Charges. Lesser of 100% of billed charges applies.; No services were performed during the 15 month look back period.,5736.5256,78,,,,,0,percent of total billed charges,78% of Billed Charges. Lesser of 100% of billed charges applies.; No services were performed during the 15 month look back period.,5736.5256,78,,,,,0,percent of total billed charges,78% of Billed Charges. Lesser of 100% of billed charges applies.; No services were performed during the 15 month look back period.,900.46,,,,,,,Fee Schedule,"193 % Medicare RBRVS. ",4780.438,65,,7354.52,7354.52,7354.52,1 through 10,percent of total billed charges,65% of Billed Charges. Lesser of 100% of billed charges applies.,6487,,,,,,,Case Rate,". MPL 100/50/25% maxmium of 3 procedures. All add ons apply, and lesser of 100% of billed charges",820.99,,,,,,,Case Rate,"100% Medicare OPPS FS. ",2337.47,,,,,,,Fee Schedule,"501.000943072702 % Medicare Physician FS TC Rates Only. ",6487,,,,,,,Case Rate,". MPL 100/50/25% maxmium of 3 procedures. All add ons apply, and lesser of 100% of billed charges",6487,,,,,,,Case Rate,". MPL 100/50/25% maxmium of 3 procedures. All add ons apply, and lesser of 100% of billed charges",5736.5256,78,,,,,0,percent of total billed charges,78% of Billed Charges. Lesser of 100% of billed charges applies.; No services were performed during the 15 month look back period.,2094.72,,,,,,,Case Rate,"141 Percent of current Medicare RBRVS FeeSched. ",6487,,,,,,,Case Rate,". MPL 100/50/25% maxmium of 3 procedures. All add ons apply, and lesser of 100% of billed charges",978.84,,,,,,,Case Rate,"100 Percent of Medicaid APG. ",820.99,,,,,,,Case Rate,"100% Medicare OPPS FS. ",820.99,,,,,,,Case Rate,"100% Medicare OPPS FS. ",820.99,,,,,,,Case Rate,"100% Medicare OPPS FS. ",820.99,,,,,,,Case Rate,"100% Medicare OPPS FS. ",820.99,,,,,,,Case Rate,"100% Medicare OPPS FS. ",820.99,,,,,,,Case Rate,"100% Medicare OPPS FS. ",6487,,,,,,,Case Rate,". MPL 100/50/25% maxmium of 3 procedures. All add ons apply, and lesser of 100% of billed charges",3677.26,50,,,,,0,percent of total billed charges,50 percent of billed charges; No services were performed during the 15 month look back period.,769.55,,,,,,,Fee Schedule,"160 Percent of Medicare RBRVS. ",769.55,,,,,,,Fee Schedule,"160 Percent of Medicare RBRVS. ",769.55,,,,,,,Fee Schedule,"160 Percent of Medicare RBRVS. ",769.55,,,,,,,Fee Schedule,"160 Percent of Medicare RBRVS. ",769.55,,,,,,,Fee Schedule,"160 Percent of Medicare RBRVS. ",,,,,,,,,"NA. ",3677.26,50,,,,,0,percent of total billed charges,50 percent of billed charges; No services were performed during the 15 month look back period.,1625.55,,,,,,,Case Rate,198 Percent of Medicare OPPS. Metroplus will reimburse unlisted codes and described codes with no Medicare rate at 50 percent of charges.,1625.55,,,,,,,Case Rate,198 Percent of Medicare OPPS. Metroplus will reimburse unlisted codes and described codes with no Medicare rate at 50 percent of charges.,1625.55,,,,,,,Case Rate,198 Percent of Medicare OPPS. Metroplus will reimburse unlisted codes and described codes with no Medicare rate at 50 percent of charges.,1625.55,,,,,,,Case Rate,198 Percent of Medicare OPPS. Metroplus will reimburse unlisted codes and described codes with no Medicare rate at 50 percent of charges.,1625.55,,,,,,,Case Rate,198 Percent of Medicare OPPS. Metroplus will reimburse unlisted codes and described codes with no Medicare rate at 50 percent of charges.,820.99,,,,,,,Case Rate,"100% Medicare OPPS FS. ",900.46,,,,,,,Fee Schedule,"193 % Medicare RBRVS. ",900.46,,,,,,,Fee Schedule,"193 % Medicare RBRVS. ",900.46,,,,,,,Fee Schedule,"193 % Medicare RBRVS. ",900.46,,,,,,,Fee Schedule,"193 % Medicare RBRVS. ",2337.47,,,,,,,Fee Schedule,"501.000943072702 % Medicare Physician FS TC Rates Only. ",2337.47,,,,,,,Fee Schedule,"501.000943072702 % Medicare Physician FS TC Rates Only. ",2337.47,,,,,,,Fee Schedule,"501.000943072702 % Medicare Physician FS TC Rates Only. ",2337.47,,,,,,,Fee Schedule,"501.000943072702 % Medicare Physician FS TC Rates Only. ",3677.26,50,,,,,0,percent of total billed charges,50 percent of billed charges; No services were performed during the 15 month look back period.,3677.26,50,,,,,0,percent of total billed charges,50 percent of billed charges; No services were performed during the 15 month look back period.,820.99,,,,,,,Case Rate,"100% Medicare OPPS FS. ",820.99,,,,,,,Case Rate,"100% Medicare OPPS FS. ",820.99,,,,,,,Case Rate,"100% Medicare OPPS FS. ",4780.438,65,,,,,0,percent of total billed charges,65% of Billed Charges. Lesser of 100% of billed charges applies.; No services were performed during the 15 month look back period.,4780.438,65,,,,,0,percent of total billed charges,65% of Billed Charges. Lesser of 100% of billed charges applies.; No services were performed during the 15 month look back period.,4780.438,65,,,,,0,percent of total billed charges,65% of Billed Charges. Lesser of 100% of billed charges applies.; No services were performed during the 15 month look back period.,3677.26,50,,,,,0,percent of total billed charges,50 percent of billed charges; No services were performed during the 15 month look back period.,2337.47,,,,,,,Fee Schedule,"501.000943072702 % Medicare Physician FS TC Rates Only. ",820.99,,,,,,,Case Rate,"100% Medicare OPPS FS. ",4780.438,65,,,,,0,percent of total billed charges,65% of Billed Charges. Lesser of 100% of billed charges applies.; No services were performed during the 15 month look back period.,978.84,,,,,,,Case Rate,"100 Percent of Medicaid APG. ",837.41,,,,,,,Case Rate,"102% of Medicare OPPS. ",837.41,,,,,,,Case Rate,"102% of Medicare OPPS. ",837.41,,,,,,,Case Rate,"102% of Medicare OPPS. ",432.87,,,,,,,Fee schedule,"90 Percent of Medicare RBRVS. ",2202.39,,,,,,,Case Rate,225% of NYS APG. Lesser of 100% of billed charges applies.,2202.39,,,,,,,Case Rate,225% of NYS APG. Lesser of 100% of billed charges applies.,2202.39,,,,,,,Case Rate,225% of NYS APG. Lesser of 100% of billed charges applies.,2202.39,,,,,,,Case Rate,225% of NYS APG. Lesser of 100% of billed charges applies.,2202.39,,,,,,,Case Rate,225% of NYS APG. Lesser of 100% of billed charges applies.,837.41,,,,,,,Case Rate,"102% of Medicare OPPS. ",978.84,,,,,,,Case Rate,"100 Percent of Medicaid APG. ",413.41,,,,,,,Case Rate,100% of PAS. Lesser of 100% of billed charges applies.,2202.39,,,,,,,Case Rate,225% of NYS APG. Lesser of 100% of billed charges applies.,2202.39,,,,,,,Case Rate,225% of NYS APG. Lesser of 100% of billed charges applies.,413.41,,,,,,,Case Rate,100% of PAS. Lesser of 100% of billed charges applies.,413.41,,,,,,,Case Rate,100% of PAS. Lesser of 100% of billed charges applies.,769.55,,,,,,,Fee Schedule,"160 Percent of Medicare RBRVS. ",820.99,,,,,,,Case Rate,"100% Medicare OPPS FS. ",820.99,,,,,,,Case Rate,"100% Medicare OPPS FS. ",2337.47,,,,,,,Fee Schedule,"501.000943072702 % Medicare Physician FS TC Rates Only. ",820.99,,,,,,,Case Rate,"100% Medicare OPPS FS. ",2202.39,,,,,,,Fee Schedule,"225 Percent of Medicaid APG. ",2202.39,,,,,,,Fee Schedule,"225 Percent of Medicaid APG. ",432.87,,,,,,,Fee schedule,"90 Percent of Medicare RBRVS. ",432.87,,,,,,,Fee schedule,"90 Percent of Medicare RBRVS. ",2202.39,,,,,,,Case Rate,225 Percent of Medicaid APG. Covered services not payable under Medicaid Fee Schedules default to a payment of 87.5 percent of charges.,432.87,,,,,,,Fee schedule,90 Percent of Medicare RBRVS. Covered services not payable under Medicaid Fee Schedules default to a payment of 50 percent of charges.,2202.39,,,,,,,Case Rate,"100 Percent of Medicaid APG. ",2202.39,,,,,,,Case Rate,"100 Percent of Medicaid APG. ",2202.39,,,,,,,Case Rate,"100 Percent of Medicaid APG. ",2202.39,,,,,,,Case Rate,"100 Percent of Medicaid APG. ",4776.05,,,,,,,Fee Schedule,"1019 % Manhattan Facility Rate. ",3677.26,50,,,,,0,percent of total billed charges,50 percent of billed charges; No services were performed during the 15 month look back period.,1174.61,,,,,,,Case Rate,"120 Percent of Medicaid APG. Not APG payable, or payable under another fee schedule like ASP/AWP pays at 30% of charges",1174.61,,,,,,,Case Rate,"120 Percent of Medicaid APG. Not APG payable, or payable under another fee schedule like ASP/AWP pays at 30% of charges",978.84,,,,,,,Case Rate,"100 Percent of Medicaid APG. Not APG payable, or payable under another fee schedule like ASP/AWP pays at 30% of charges",978.84,,,,,,,Case Rate,"100 Percent of Medicaid APG. Not APG payable, or payable under another fee schedule like ASP/AWP pays at 30% of charges",4780.438,65,,,,,0,percent of total billed charges,65% of Billed Charges. Lesser of 100% of billed charges applies.; No services were performed during the 15 month look back period.,4780.438,65,,,,,0,percent of total billed charges,65% of Billed Charges. Lesser of 100% of billed charges applies.; No services were performed during the 15 month look back period.,820.99,,,,,,,Case Rate,"100% Medicare OPPS FS. ",4780.438,65,,,,,0,percent of total billed charges,65% of Billed Charges. Lesser of 100% of billed charges applies.; No services were performed during the 15 month look back period.,4780.438,65,,7354.52,7354.52,7354.52,1 through 10,percent of total billed charges,65% of Billed Charges. Lesser of 100% of billed charges applies.,4780.438,65,,,,,0,percent of total billed charges,65% of Billed Charges. Lesser of 100% of billed charges applies.; No services were performed during the 15 month look back period.,4780.438,65,,,,,0,percent of total billed charges,65% of Billed Charges. Lesser of 100% of billed charges applies.; No services were performed during the 15 month look back period.,820.99,,,,,,,Case Rate,"100% Medicare OPPS FS. ",4780.438,65,,,,,0,percent of total billed charges,65% of Billed Charges. Lesser of 100% of billed charges applies.; No services were performed during the 15 month look back period.,4780.438,65,,,,,0,percent of total billed charges,65% of Billed Charges. Lesser of 100% of billed charges applies.; No services were performed during the 15 month look back period.,2337.47,,,,,,,Fee Schedule,"501.000943072702 % Medicare Physician FS TC Rates Only. ",1076.72,,,,,,,Fee Schedule,110% of APG. Lesser of 100% of billed charges applies.,432.87,,,,,,,Fee schedule,90 Percent of Medicare RBRVS. Covered services not payable under Medicaid Fee Schedules default to a payment of 50 percent of charges.,2202.39,,,,,,,Case Rate,225% of NYS APG. Lesser of 100% of billed charges applies.,2202.39,,,,,,,Case Rate,225 Percent of Medicaid APG. Covered services not payable under Medicaid Fee Schedules default to a payment of 87.5 percent of charges.,432.87,,,,,,,Fee schedule,90 Percent of Medicare RBRVS. Covered services not payable under Medicaid Fee Schedules default to a payment of 50 percent of charges.,2202.39,,,,,,,Case Rate,225% of NYS APG. Lesser of 100% of billed charges applies.,2202.39,,,,,,,Case Rate,225% of NYS APG. Lesser of 100% of billed charges applies.,2202.39,,,,,,,Case Rate,225% of NYS APG. Lesser of 100% of billed charges applies.,2202.39,,,,,,,Case Rate,225% of NYS APG. Lesser of 100% of billed charges applies.,2202.39,,,,,,,Case Rate,225% of NYS APG. Lesser of 100% of billed charges applies.,2202.39,,,,,,,Case Rate,225% of NYS APG. Lesser of 100% of billed charges applies.,,,,,,,,,"NA. ",,,,,,,,,"NA. ",,,,,,,,,"NA. ",6487,,,,,,,Case Rate,". MPL 100/50/25% maxmium of 3 procedures. All add ons apply, and lesser of 100% of billed charges",,,,,,,,,"NA. ",820.99,,,,,,,Case Rate,"100% Medicare OPPS FS. ",474,,,,,,,Fee Schedule,"100 % 1199 Fee Schedule. ",820.99,,,,,,,Case Rate,"100% Medicare OPPS FS. ",820.99,,,,,,,Case Rate,"100% Medicare OPPS FS. ",1174.61,,,,,,,Case Rate,"120 Percent of Medicaid APG. Not APG payable, or payable under another fee schedule like ASP/AWP pays at 30% of charges",1174.61,,,,,,,Case Rate,"120 Percent of Medicaid APG. Not APG payable, or payable under another fee schedule like ASP/AWP pays at 30% of charges",978.84,,,,,,,Case Rate,"100 Percent of Medicaid APG. Not APG payable, or payable under another fee schedule like ASP/AWP pays at 30% of charges",978.84,,,,,,,Case Rate,"100 Percent of Medicaid APG. Not APG payable, or payable under another fee schedule like ASP/AWP pays at 30% of charges",978.84,,,,,,,Case Rate,"100 Percent of Medicaid APG. ",1012.44,,,,,,,Fee Schedule,"217 % Medicare RBRVS. ",2337.47,,,,,,,Fee Schedule,"501.000943072702 % Medicare Physician FS TC Rates Only. ",1189.73,,,,,,,Fee Schedule,"255 % Medicare RBRVS. ",6487,,,,,,,Case Rate,". MPL 100/50/25% maxmium of 3 procedures. All add ons apply, and lesser of 100% of billed charges",820.99,,,,,,,Case Rate,"100%Medicare OPPS FS. ",820.99,,,,,,,Case Rate,"100% Medicare OPPS FS. ",820.99,,,,,,,Case Rate,"100% Medicare OPPS FS. ",820.99,,,,,,,Case Rate,"100% Medicare OPPS FS. ",820.99,,,,,,,Case Rate,"100%Medicare OPPS FS. ",820.99,,,,,,,Case Rate,"100% Medicare OPPS FS. ",,,,,,,,,"NA. ",2202.39,,,,,,,Case Rate,225% of NYS APG. Lesser of 100% of billed charges applies.,413.41,,,,,,,Case Rate,100% of PAS. Lesser of 100% of billed charges applies.,4780.438,65,,,,,0,percent of total billed charges,65% of Billed Charges. Lesser of 100% of billed charges applies.; No services were performed during the 15 month look back period.,1012.44,,,,,,,Fee Schedule,"217 % Medicare RBRVS. ",1012.44,,,,,,,Fee Schedule,"217 % Medicare RBRVS. ",1012.44,,,,,,,Fee Schedule,"217 % Medicare RBRVS. ",1012.44,,,,,,,Fee Schedule,"217 % Medicare RBRVS. ",820.99,,,,,,,Case Rate,"100% Medicare OPPS FS. ",978.84,,,,,,,Case Rate,"100 Percent of Medicaid APG. ",4780.438,65,,,,,0,percent of total billed charges,65% of Billed Charges. Lesser of 100% of billed charges applies.; No services were performed during the 15 month look back period.,978.84,,,,,,,Case Rate,"100 Percent of Medicaid APG. ",820.99,,,,,,,Case Rate,"100% Medicare OPPS FS. ",978.84,,,,,,,Case Rate,"100 Percent of Medicaid APG. ",820.99,,,,,,,Case Rate,"100% Medicare OPPS FS. ",820.99,,,,,,,Case Rate,"100% Medicare OPPS FS. ",978.84,,,,,,,Case Rate,"100 Percent of Medicaid APG. ",978.84,,,,,,,Case Rate,"100 Percent of Medicaid APG. ",1012.44,,,,,,,Fee Schedule,"217 % Medicare RBRVS. ",6487,,,,,,,Case Rate,". MPL 100/50/25% maxmium of 3 procedures. All add ons apply, and lesser of 100% of billed charges",5736.5256,78,,,,,0,percent of total billed charges,78% of Billed Charges. Lesser of 100% of billed charges applies.; No services were performed during the 15 month look back period.,1904.72,,,,,,,Other,. Paid once per unit per revenue code and lesser of 100% of billed charges.,1904.72,,,,,,,Other,. Paid once per unit per revenue code and lesser of 100% of billed charges.,2337.47,,,,,,,Fee Schedule,"501.000943072702 % Medicare Physician FS TC Rates Only. ",820.99,,,,,,,Case Rate,"98% of RBRVS. ",900.46,,,,,,,Fee Schedule,"193 % Medicare RBRVS. ",900.46,,,,,,,Fee Schedule,"193 % Medicare RBRVS. ",3824.3504,52,,,,,0,percent of total billed charges,52% of Billed Charges. Lesser of 100% of billed charges applies.; No services were performed during the 15 month look back period.,3824.3504,52,,,,,0,percent of total billed charges,52% of Billed Charges. Lesser of 100% of billed charges applies.; No services were performed during the 15 month look back period.,820.99,,,,,,,Case Rate,"100% Medicare OPPS FS. ",820.99,,,,,,,Case Rate,"100% Medicare OPPS FS. ",820.99,,,,,,,Case Rate,"100% Medicare OPPS FS. ",820.99,,,,,,,Case Rate,"100% Medicare OPPS FS. ",1904.72,,,,,,,Other,. Paid once per unit per revenue code and lesser of 100% of billed charges.,4780.438,65,,,,,0,percent of total billed charges,65% of Billed Charges. Lesser of 100% of billed charges applies.; No services were performed during the 15 month look back period.,4780.438,65,,,,,0,percent of total billed charges,65% of Billed Charges. Lesser of 100% of billed charges applies.; No services were performed during the 15 month look back period.,820.99,,,,,,,Case Rate,"100% Medicare OPPS FS. ",3824.3504,52,,,,,0,percent of total billed charges,52% of Billed Charges. Lesser of 100% of billed charges applies.; No services were performed during the 15 month look back period.,1189.73,,,,,,,Fee Schedule,"255 % Medicare RBRVS. ",1174.61,,,,,,,Fee Schedule,"120 Percent of Medicaid APG. ",978.84,,,,,,,Case Rate,"100 Percent of Medicaid APG. ",1012.44,,,,,,,Fee Schedule,"217 % Medicare RBRVS. ",4339.1668,59,,,,,0,percent of total billed charges,59% of Billed Charges. Lesser of 100% of billed charges applies.; No services were performed during the 15 month look back period.,4339.1668,59,,,,,0,percent of total billed charges,59% of Billed Charges. Lesser of 100% of billed charges applies.; No services were performed during the 15 month look back period.,4780.438,65,,,,,0,percent of total billed charges,65% of Billed Charges. Lesser of 100% of billed charges applies.; No services were performed during the 15 month look back period.,3677.26,50,,,,,0,percent of total billed charges,50 percent of billed charges; No services were performed during the 15 month look back period.,820.99,,,,,,,Case Rate,"100%Medicare OPPS FS. ",1027.78,,,,,,,Fee Schedule,105 percent of Medicaid APG. otherwise 105% of Ordered NYS MCD FS or 105% of ASP+6%,1027.78,,,,,,,Fee Schedule,105 percent of Medicaid APG. otherwise 105% of Ordered NYS MCD FS or 105% of ASP+6%,1027.78,,,,,,,Fee Schedule,105 percent of Medicaid APG. otherwise 105% of Ordered NYS MCD FS or 105% of ASP+6%,1321.43,,,,,,,Fee Schedule,135 percent of Medicaid APG. otherwise 135% of Ordered NYS MCD FS or 135% of ASP+6%,1904.72,,,,,,,Other,. Paid once per unit per revenue code and lesser of 100% of billed charges.,1027.78,,,,,,,Fee Schedule,105 percent of Medicaid APG. otherwise 105% of Ordered NYS MCD FS or 105% of ASP+6%,1027.78,,,,,,,Fee Schedule,105 percent of Medicaid APG. otherwise 105% of Ordered NYS MCD FS or 105% of ASP+6%,1027.78,,,,,,,Fee Schedule,105 percent of Medicaid APG. otherwise 105% of Ordered NYS MCD FS or 105% of ASP+6%,1027.78,,,,,,,Fee Schedule,105 percent of Medicaid APG. otherwise 105% of Ordered NYS MCD FS or 105% of ASP+6%,1027.78,,,,,,,Fee Schedule,105 percent of Medicaid APG. otherwise 105% of Ordered NYS MCD FS or 105% of ASP+6%,1321.43,,,,,,,Fee Schedule,135 percent of Medicaid APG. otherwise 135% of Ordered NYS MCD FS or 135% of ASP+6%,1321.43,,,,,,,Fee Schedule,135 percent of Medicaid APG. otherwise 135% of Ordered NYS MCD FS or 135% of ASP+6%,820.99,,,,,,,Case Rate,"100% Medicare OPPS FS. ",1904.72,,,,,,,Other,. Paid once per unit per revenue code and lesser of 100% of billed charges.,820.99,,,,,,,Case Rate,"100% Medicare OPPS FS. ",1027.78,,,,,,,Fee Schedule,105 percent of Medicaid APG. otherwise 105% of Ordered NYS MCD FS or 105% of ASP+6%,4780.438,65,,,,,0,percent of total billed charges,65% of Billed Charges. Lesser of 100% of billed charges applies.; No services were performed during the 15 month look back period.,820.99,,,,,,,Case Rate,"100% Medicare OPPS FS. ",4780.438,65,,,,,0,percent of total billed charges,65% of Billed Charges. Lesser of 100% of billed charges applies.; No services were performed during the 15 month look back period.,4780.438,65,,,,,0,percent of total billed charges,65% of Billed Charges. Lesser of 100% of billed charges applies.; No services were performed during the 15 month look back period.,4780.438,65,,,,,0,percent of total billed charges,65% of Billed Charges. Lesser of 100% of billed charges applies.; No services were performed during the 15 month look back period.,1027.78,,,,,,,Fee Schedule,105 percent of Medicaid APG. otherwise 105% of Ordered NYS MCD FS or 105% of ASP+6%,820.99,,,,,,,Case Rate,"100% Medicare OPPS FS. ",4780.438,65,,,,,0,percent of total billed charges,65% of Billed Charges. Lesser of 100% of billed charges applies.; No services were performed during the 15 month look back period.,1321.43,,,,,,,Fee Schedule,135 percent of Medicaid APG. otherwise 135% of Ordered NYS MCD FS or 135% of ASP+6%,4780.438,65,,,,,0,percent of total billed charges,65% of Billed Charges. Lesser of 100% of billed charges applies.; No services were performed during the 15 month look back period.,1231.48,,,,,,,Case Rate,"150% of Medicare OPPS. ",820.99,,,,,,,Case Rate,"100%Medicare OPPS FS. ",1012.44,,,,,,,Fee Schedule,"217 % Medicare RBRVS. ",1012.44,,,,,,,Fee Schedule,"217 % Medicare RBRVS. ",1012.44,,,,,,,Fee Schedule,"217 % Medicare RBRVS. ",1012.44,,,,,,,Fee Schedule,"217 % Medicare RBRVS. ",1012.44,,,,,,,Fee Schedule,"217 % Medicare RBRVS. ",1189.73,,,,,,,Fee Schedule,"255 % Medicare RBRVS. ",1189.73,,,,,,,Fee Schedule,"255 % Medicare RBRVS. ",1012.44,,,,,,,Fee Schedule,"217 % Medicare RBRVS. ",1012.44,,,,,,,Fee Schedule,"217 % Medicare RBRVS. ",1012.44,,,,,,,Fee Schedule,"217 % Medicare RBRVS. ",1012.44,,,,,,,Fee Schedule,"217 % Medicare RBRVS. ",1012.44,,,,,,,Fee Schedule,"217 % Medicare RBRVS. ",820.99,,,,,,,Case Rate,"100% Medicare OPPS FS. ",1189.73,,,,,,,Fee Schedule,"255 % Medicare RBRVS. ",820.99,,,,,,,Case Rate,"100% Medicare OPPS FS. ",2202.39,,,,,,,Case Rate,"225 Percent of Medicaid APG. If not included in Medicaid APG, then 100 Percent of Manhattan Medicare",978.84,,,,,,,Case Rate,"100 Percent of Medicaid APG. If not priced under APG, then Metroplus FeeSched",1904.72,,,,,,,Other,. Paid once per unit per revenue code and lesser of 100% of billed charges.,1904.72,,,,,,,Other,. Paid once per unit per revenue code and lesser of 100% of billed charges.,820.99,,,,,,,Case Rate,"100% Medicare OPPS FS. ",900.46,,,,,,,Fee Schedule,"193 % Medicare RBRVS. ",820.99,,,,,,,Case Rate,"100% Medicare OPPS FS. ",820.99,,,,,,,Case Rate,"100% Medicare OPPS FS. ",2337.47,,,,,,,Fee Schedule,"501.000943072702 % Medicare Physician FS TC Rates Only. ",820.99,,,,,,,Case Rate,"100% Medicare OPPS FS. ",6487,,,,,,,Case Rate,". MPL 100/50/25% maxmium of 3 procedures. All add ons apply, and lesser of 100% of billed charges",820.99,,,,,,,Case Rate,"100% Medicare OPPS FS. ",6487,,,,,,,Case Rate,". MPL 100/50/25% maxmium of 3 procedures. All add ons apply, and lesser of 100% of billed charges",2337.47,,,,,,,Fee Schedule,"501.000943072702 % Medicare Physician FS TC Rates Only. ",6487,,,,,,,Case Rate,". MPL 100/50/25% maxmium of 3 procedures. All add ons apply, and lesser of 100% of billed charges",820.99,,,,,,,Case Rate,"100% Medicare OPPS FS. ",978.84,,,,,,,Case Rate,"100 Percent of Medicaid APG. ",820.99,,,,,,,Case Rate,"100% Medicare OPPS FS. ",6487,,,,,,,Case Rate,". MPL 100/50/25% maxmium of 3 procedures. All add ons apply, and lesser of 100% of billed charges",1904.72,,,,,,,Other,. Paid once per unit per revenue code and lesser of 100% of billed charges.,978.84,,,,,,,Case Rate,"100 Percent of Medicaid APG. ",4780.438,65,,,,,0,percent of total billed charges,65% of Billed Charges. Lesser of 100% of billed charges applies.; No services were performed during the 15 month look back period.,1174.61,,,,,,,Fee Schedule,"120 Percent of Medicaid APG. ",1174.61,,,,,,,Fee Schedule,"120 Percent of Medicaid APG. ",4780.438,65,,,,,0,percent of total billed charges,65% of Billed Charges. Lesser of 100% of billed charges applies.; No services were performed during the 15 month look back period.,4780.438,65,,,,,0,percent of total billed charges,65% of Billed Charges. Lesser of 100% of billed charges applies.; No services were performed during the 15 month look back period.,4780.438,65,,,,,0,percent of total billed charges,65% of Billed Charges. Lesser of 100% of billed charges applies.; No services were performed during the 15 month look back period.,1904.72,,,,,,,Other,. Paid once per unit per revenue code and lesser of 100% of billed charges.,4780.438,65,,,,,0,percent of total billed charges,65% of Billed Charges. Lesser of 100% of billed charges applies.; No services were performed during the 15 month look back period.,4780.438,65,,,,,0,percent of total billed charges,65% of Billed Charges. Lesser of 100% of billed charges applies.; No services were performed during the 15 month look back period.,4780.438,65,,,,,0,percent of total billed charges,65% of Billed Charges. Lesser of 100% of billed charges applies.; No services were performed during the 15 month look back period.,1012.44,,,,,,,Fee Schedule,"217 % Medicare RBRVS. ",1012.44,,,,,,,Fee Schedule,"217 % Medicare RBRVS. ",1625.55,,,,,,,Case Rate,198 Percent of Medicare OPPS. Metroplus will reimburse unlisted codes and described codes with no Medicare rate at 50 percent of charges.,978.84,,,,,,,Case Rate,"100 Percent of Medicaid APG. ",1904.72,,,,,,,Other,. Paid once per unit per revenue code and lesser of 100% of billed charges.,6487,,,,,,,Case Rate,". MPL 100/50/25% maxmium of 3 procedures. All add ons apply, and lesser of 100% of billed charges",2337.47,,,,,,,Fee Schedule,"501.000943072702 % Medicare Physician FS TC Rates Only. ",1904.72,,,,,,,Other,. Paid once per unit per revenue code and lesser of 100% of billed charges.,2337.47,,,,,,,Fee Schedule,"501.000943072702 % Medicare Physician FS TC Rates Only. ",1904.72,,,,,,,Other,. Paid once per unit per revenue code and lesser of 100% of billed charges.,4780.438,65,,,,,0,percent of total billed charges,65% of Billed Charges. Lesser of 100% of billed charges applies.; No services were performed during the 15 month look back period.,4780.438,65,,,,,0,percent of total billed charges,65% of Billed Charges. Lesser of 100% of billed charges applies.; No services were performed during the 15 month look back period.,4780.438,65,,,,,0,percent of total billed charges,65% of Billed Charges. Lesser of 100% of billed charges applies.; No services were performed during the 15 month look back period.,4780.438,65,,,,,0,percent of total billed charges,65% of Billed Charges. Lesser of 100% of billed charges applies.; No services were performed during the 15 month look back period.,820.99,,,,,,,Case Rate,"100% Medicare OPPS FS. ",413.41,7722.25,
78104,CPT,2021213,LOCAL,341,RC,"HC BONE MARROW IMAGING, BODY",2815.89,535.0191,both,,,,208,,,,,,,Fee Schedule,"100 % 1199 Fee Schedule. ",208,,,,,,,Fee Schedule,"100 % 1199 Fee Schedule. ",1072.69,,,,,,,Fee Schedule,"500.999486245388 % Medicare Physician FS TC Rates Only. ",2815.89,100,,,,,0,percent of total billed charges,100 percent of billed charges. ; No services were performed during the 15 month look back period.,475.49,,,,,,,Case Rate,"100% Medicare OPPS FS. ",1072.69,,,,,,,Fee Schedule,"500.999486245388 % Medicare Physician FS TC Rates Only. ",1072.69,,,,,,,Fee Schedule,"500.999486245388 % Medicare Physician FS TC Rates Only. ",1072.69,,,,,,,Fee Schedule,"500.999486245388 % Medicare Physician FS TC Rates Only. ",563.42,,,,,,,Case Rate,"100 Percent of Medicaid APG. ",469.52,,,,,,,Case Rate,"100 Percent of Medicaid APG. ",2196.3942,78,,,,,0,percent of total billed charges,78% of Billed Charges. Lesser of 100% of billed charges applies.; No services were performed during the 15 month look back period.,1904.72,,,,,,,Other,. Paid once per unit per revenue code and lesser of 100% of billed charges.,469.52,,,,,,,Case Rate,"100 Percent of Medicaid APG. ",475.49,,,,,,,Case Rate,"100% Medicare OPPS FS. ",653.22,,,,,,,Fee Schedule,"250 % 2018 Cigna RBRVS fee schedule. ",653.22,,,,,,,Fee Schedule,"250 % 2018 Cigna RBRVS fee schedule. ",653.22,,,,,,,Fee Schedule,"250 % 2018 Cigna RBRVS fee schedule. ",653.22,,,,,,,Fee Schedule,"250 % 2018 Cigna RBRVS fee schedule. ",198.56,,,,,,,Fee schedule,90 Percent of Medicare RBRVS. Covered services not payable under Medicaid Fee Schedules default to a payment of 50 percent of charges.,475.49,,,,,,,Case Rate,"100% Medicare OPPS FS. ",198.56,,,,,,,Fee schedule,90 Percent of Medicare RBRVS. Covered services not payable under Medicaid Fee Schedules default to a payment of 50 percent of charges.,2196.3942,78,,,,,0,percent of total billed charges,78% of Billed Charges. Lesser of 100% of billed charges applies.; No services were performed during the 15 month look back period.,1072.69,,,,,,,Fee Schedule,"500.999486245388 % Medicare Physician FS TC Rates Only. ",475.49,,,,,,,Case Rate,"100%Medicare OPPS FS. ",545.98,,,,,,,Fee Schedule,"255 % Medicare RBRVS. ",475.49,,,,,,,Case Rate,"100%Medicare OPPS FS. ",475.49,,,,,,,Case Rate,"100%Medicare OPPS FS. ",2196.3942,78,,,,,0,percent of total billed charges,78% of Billed Charges. Lesser of 100% of billed charges applies.; No services were performed during the 15 month look back period.,207.38,,,,,,,Case Rate,100% of PAS. Lesser of 100% of billed charges applies.,207.38,,,,,,,Case Rate,100% of PAS. Lesser of 100% of billed charges applies.,198.56,,,,,,,Fee schedule,"90 Percent of Medicare RBRVS. ",198.56,,,,,,,Fee schedule,"90 Percent of Medicare RBRVS. ",545.98,,,,,,,Fee Schedule,"255 % Medicare RBRVS. ",545.98,,,,,,,Fee Schedule,"255 % Medicare RBRVS. ",469.52,,,,,,,Case Rate,"100 Percent of Medicaid APG. Not APG payable, or payable under another fee schedule like ASP/AWP pays at 30% of charges",545.98,,,,,,,Fee Schedule,"255 % Medicare RBRVS. ",469.52,,,,,,,Case Rate,"100 Percent of Medicaid APG. Not APG payable, or payable under another fee schedule like ASP/AWP pays at 30% of charges",475.49,,,,,,,Case Rate,"100%Medicare OPPS FS. ",545.98,,,,,,,Fee Schedule,"255 % Medicare RBRVS. ",2196.3942,78,,,,,0,percent of total billed charges,78% of Billed Charges. Lesser of 100% of billed charges applies.; No services were performed during the 15 month look back period.,469.52,,,,,,,Case Rate,"100 Percent of Medicaid APG. If not priced under APG, then Metroplus FeeSched",469.52,,,,,,,Case Rate,"100 Percent of Medicaid APG. If not priced under APG, then Metroplus FeeSched",2196.3942,78,,,,,0,percent of total billed charges,78% of Billed Charges. Lesser of 100% of billed charges applies.; No services were performed during the 15 month look back period.,653.22,,,,,,,Fee Schedule,"250 % 2018 Cigna RBRVS fee schedule. ",1812,,,,,,,Other,. Paid once per unit per revenue code and lesser of 100% of billed charges.,1812,,,,,,,Other,. Paid once per unit per revenue code and lesser of 100% of billed charges.,2196.3942,78,,,,,0,percent of total billed charges,78% of Billed Charges. Lesser of 100% of billed charges applies.; No services were performed during the 15 month look back period.,475.49,,,,,,,Case Rate,"100% Medicare OPPS FS. ",1904.72,,,,,,,Other,. Paid once per unit per revenue code and lesser of 100% of billed charges.,1904.72,,,,,,,Other,. Paid once per unit per revenue code and lesser of 100% of billed charges.,1904.72,,,,,,,Other,. Paid once per unit per revenue code and lesser of 100% of billed charges.,475.49,,,,,,,Case Rate,"100% Medicare OPPS FS. ",1904.72,,,,,,,Other,. Paid once per unit per revenue code and lesser of 100% of billed charges.,1904.72,,,,,,,Other,. Paid once per unit per revenue code and lesser of 100% of billed charges.,475.49,,,,,,,Case Rate,"100% of Medicare OPPS. ",1407.945,50,,,,,0,percent of total billed charges,50 percent of billed charges; No services were performed during the 15 month look back period.,1922.01,,,,,,,Fee Schedule,"758.1 % 2013 Manhattan Medicare. ",1922.01,,,,,,,Fee Schedule,"758.1 % 2013 Manhattan Medicare. ",1922.01,,,,,,,Fee Schedule,"758.1 % 2013 Manhattan Medicare. ",1922.01,,,,,,,Fee Schedule,"758.1 % 2013 Manhattan Medicare. ",1922.01,,,,,,,Fee Schedule,"758.1 % 2013 Manhattan Medicare. ",1922.01,,,,,,,Fee Schedule,"758.1 % 2013 Manhattan Medicare. ",475.49,,,,,,,Case Rate,"100% Medicare OPPS FS. ",475.49,,,,,,,Case Rate,"100% Medicare OPPS FS. ",1922.01,,,,,,,Fee Schedule,"758.1 % 2013 Manhattan Medicare. ",2196.3942,78,,,,,0,percent of total billed charges,78% of Billed Charges. Lesser of 100% of billed charges applies.; No services were performed during the 15 month look back period.,2196.3942,78,,,,,0,percent of total billed charges,78% of Billed Charges. Lesser of 100% of billed charges applies.; No services were performed during the 15 month look back period.,2196.3942,78,,,,,0,percent of total billed charges,78% of Billed Charges. Lesser of 100% of billed charges applies.; No services were performed during the 15 month look back period.,2196.3942,78,,,,,0,percent of total billed charges,78% of Billed Charges. Lesser of 100% of billed charges applies.; No services were performed during the 15 month look back period.,2196.3942,78,,,,,0,percent of total billed charges,78% of Billed Charges. Lesser of 100% of billed charges applies.; No services were performed during the 15 month look back period.,2196.3942,78,,,,,0,percent of total billed charges,78% of Billed Charges. Lesser of 100% of billed charges applies.; No services were performed during the 15 month look back period.,2196.3942,78,,,,,0,percent of total billed charges,78% of Billed Charges. Lesser of 100% of billed charges applies.; No services were performed during the 15 month look back period.,2196.3942,78,,,,,0,percent of total billed charges,78% of Billed Charges. Lesser of 100% of billed charges applies.; No services were performed during the 15 month look back period.,2196.3942,78,,,,,0,percent of total billed charges,78% of Billed Charges. Lesser of 100% of billed charges applies.; No services were performed during the 15 month look back period.,2196.3942,78,,,,,0,percent of total billed charges,78% of Billed Charges. Lesser of 100% of billed charges applies.; No services were performed during the 15 month look back period.,2196.3942,78,,,,,0,percent of total billed charges,78% of Billed Charges. Lesser of 100% of billed charges applies.; No services were performed during the 15 month look back period.,2196.3942,78,,,,,0,percent of total billed charges,78% of Billed Charges. Lesser of 100% of billed charges applies.; No services were performed during the 15 month look back period.,2196.3942,78,,,,,0,percent of total billed charges,78% of Billed Charges. Lesser of 100% of billed charges applies.; No services were performed during the 15 month look back period.,2196.3942,78,,,,,0,percent of total billed charges,78% of Billed Charges. Lesser of 100% of billed charges applies.; No services were performed during the 15 month look back period.,2196.3942,78,,,,,0,percent of total billed charges,78% of Billed Charges. Lesser of 100% of billed charges applies.; No services were performed during the 15 month look back period.,2196.3942,78,,,,,0,percent of total billed charges,78% of Billed Charges. Lesser of 100% of billed charges applies.; No services were performed during the 15 month look back period.,2196.3942,78,,,,,0,percent of total billed charges,78% of Billed Charges. Lesser of 100% of billed charges applies.; No services were performed during the 15 month look back period.,2196.3942,78,,,,,0,percent of total billed charges,78% of Billed Charges. Lesser of 100% of billed charges applies.; No services were performed during the 15 month look back period.,2196.3942,78,,,,,0,percent of total billed charges,78% of Billed Charges. Lesser of 100% of billed charges applies.; No services were performed during the 15 month look back period.,2196.3942,78,,,,,0,percent of total billed charges,78% of Billed Charges. Lesser of 100% of billed charges applies.; No services were performed during the 15 month look back period.,2196.3942,78,,,,,0,percent of total billed charges,78% of Billed Charges. Lesser of 100% of billed charges applies.; No services were performed during the 15 month look back period.,2196.3942,78,,,,,0,percent of total billed charges,78% of Billed Charges. Lesser of 100% of billed charges applies.; No services were performed during the 15 month look back period.,2196.3942,78,,,,,0,percent of total billed charges,78% of Billed Charges. Lesser of 100% of billed charges applies.; No services were performed during the 15 month look back period.,2196.3942,78,,,,,0,percent of total billed charges,78% of Billed Charges. Lesser of 100% of billed charges applies.; No services were performed during the 15 month look back period.,2196.3942,78,,,,,0,percent of total billed charges,78% of Billed Charges. Lesser of 100% of billed charges applies.; No services were performed during the 15 month look back period.,2196.3942,78,,,,,0,percent of total billed charges,78% of Billed Charges. Lesser of 100% of billed charges applies.; No services were performed during the 15 month look back period.,545.98,,,,,,,Fee Schedule,"255 % Medicare RBRVS. ",545.98,,,,,,,Fee Schedule,"255 % Medicare RBRVS. ",545.98,,,,,,,Fee Schedule,"255 % Medicare RBRVS. ",545.98,,,,,,,Fee Schedule,"255 % Medicare RBRVS. ",413.23,,,,,,,Fee Schedule,"193 % Medicare RBRVS. ",413.23,,,,,,,Fee Schedule,"193 % Medicare RBRVS. ",653.22,,,,,,,Fee Schedule,"250 % 2018 Cigna RBRVS fee schedule. ",1922.01,,,,,,,Fee Schedule,"758.1 % 2013 Manhattan Medicare. ",1904.72,,,,,,,Other,. Paid once per unit per revenue code and lesser of 100% of billed charges.,1922.01,,,,,,,Fee Schedule,"758.1 % 2013 Manhattan Medicare. ",2196.3942,78,,,,,0,percent of total billed charges,78% of Billed Charges. Lesser of 100% of billed charges applies.; No services were performed during the 15 month look back period.,413.23,,,,,,,Fee Schedule,"193 % Medicare RBRVS. ",1922.01,,,,,,,Fee Schedule,"758.1 % 2013 Manhattan Medicare. ",1904.72,,,,,,,Other,. Paid once per unit per revenue code and lesser of 100% of billed charges.,653.22,,,,,,,Fee Schedule,"250 % 2018 Cigna RBRVS fee schedule. ",,,,,,,,,"NA. ",2196.3942,78,,,,,0,percent of total billed charges,78% of Billed Charges. Lesser of 100% of billed charges applies.; No services were performed during the 15 month look back period.,469.52,,,,,,,Case Rate,"100 Percent of Medicaid APG. ",545.98,,,,,,,Fee Schedule,"255 % Medicare RBRVS. ",469.52,,,,,,,Case Rate,"100 Percent of Medicaid APG. Not APG payable, or payable under another fee schedule like ASP/AWP pays at 30% of charges",475.49,,,,,,,Case Rate,"100%Medicare OPPS FS. ",475.49,,,,,,,Case Rate,"100% Medicare OPPS FS. ",1407.945,50,,,,,0,percent of total billed charges,50 percent of billed charges; No services were performed during the 15 month look back period.,475.49,,,,,,,Case Rate,"100% Medicare OPPS FS. ",475.49,,,,,,,Case Rate,"100% Medicare OPPS FS. ",469.52,,,,,,,Case Rate,"100 Percent of Medicaid APG. ",475.49,,,,,,,Case Rate,"100% Medicare OPPS FS. ",475.49,,,,,,,Case Rate,"100% Medicare OPPS FS. ",1072.69,,,,,,,Fee Schedule,"500.999486245388 % Medicare Physician FS TC Rates Only. ",1072.69,,,,,,,Fee Schedule,"500.999486245388 % Medicare Physician FS TC Rates Only. ",475.49,,,,,,,Case Rate,"100% Medicare OPPS FS. ",653.22,,,,,,,Fee Schedule,"250 % 2018 Cigna RBRVS fee schedule. ",1904.72,,,,,,,Other,. Paid once per unit per revenue code and lesser of 100% of billed charges.,1904.72,,,,,,,Other,. Paid once per unit per revenue code and lesser of 100% of billed charges.,475.49,,,,,,,Case Rate,"100% Medicare OPPS FS. ",653.22,,,,,,,Fee Schedule,"250 % 2018 Cigna RBRVS fee schedule. ",1072.69,,,,,,,Fee Schedule,"500.999486245388 % Medicare Physician FS TC Rates Only. ",1072.69,,,,,,,Fee Schedule,"500.999486245388 % Medicare Physician FS TC Rates Only. ",1072.69,,,,,,,Fee Schedule,"500.999486245388 % Medicare Physician FS TC Rates Only. ",2196.3942,78,,,,,0,percent of total billed charges,78% of Billed Charges. Lesser of 100% of billed charges applies.; No services were performed during the 15 month look back period.,2196.3942,78,,,,,0,percent of total billed charges,78% of Billed Charges. Lesser of 100% of billed charges applies.; No services were performed during the 15 month look back period.,2196.3942,78,,,,,0,percent of total billed charges,78% of Billed Charges. Lesser of 100% of billed charges applies.; No services were performed during the 15 month look back period.,2196.3942,78,,,,,0,percent of total billed charges,78% of Billed Charges. Lesser of 100% of billed charges applies.; No services were performed during the 15 month look back period.,2196.3942,78,,,,,0,percent of total billed charges,78% of Billed Charges. Lesser of 100% of billed charges applies.; No services were performed during the 15 month look back period.,2196.3942,78,,,,,0,percent of total billed charges,78% of Billed Charges. Lesser of 100% of billed charges applies.; No services were performed during the 15 month look back period.,2196.3942,78,,,,,0,percent of total billed charges,78% of Billed Charges. Lesser of 100% of billed charges applies.; No services were performed during the 15 month look back period.,2196.3942,78,,,,,0,percent of total billed charges,78% of Billed Charges. Lesser of 100% of billed charges applies.; No services were performed during the 15 month look back period.,2196.3942,78,,,,,0,percent of total billed charges,78% of Billed Charges. Lesser of 100% of billed charges applies.; No services were performed during the 15 month look back period.,2196.3942,78,,,,,0,percent of total billed charges,78% of Billed Charges. Lesser of 100% of billed charges applies.; No services were performed during the 15 month look back period.,2196.3942,78,,,,,0,percent of total billed charges,78% of Billed Charges. Lesser of 100% of billed charges applies.; No services were performed during the 15 month look back period.,413.23,,,,,,,Fee Schedule,"193 % Medicare RBRVS. ",1922.01,,,,,,,Fee Schedule,"758.1 % 2013 Manhattan Medicare. ",653.22,,,,,,,Fee Schedule,"250 % 2018 Cigna RBRVS fee schedule. ",475.49,,,,,,,Case Rate,"100% Medicare OPPS FS. ",1072.69,,,,,,,Fee Schedule,"500.999486245388 % Medicare Physician FS TC Rates Only. ",653.22,,,,,,,Fee Schedule,"250 % 2018 Cigna RBRVS fee schedule. ",653.22,,,,,,,Fee Schedule,"250 % 2018 Cigna RBRVS fee schedule. ",2196.3942,78,,,,,0,percent of total billed charges,78% of Billed Charges. Lesser of 100% of billed charges applies.; No services were performed during the 15 month look back period.,1004.77,,,,,,,Case Rate,"141 Percent of current Medicare RBRVS FeeSched. ",653.22,,,,,,,Fee Schedule,"250 % 2018 Cigna RBRVS fee schedule. ",469.52,,,,,,,Case Rate,"100 Percent of Medicaid APG. ",475.49,,,,,,,Case Rate,"100% Medicare OPPS FS. ",475.49,,,,,,,Case Rate,"100% Medicare OPPS FS. ",475.49,,,,,,,Case Rate,"100% Medicare OPPS FS. ",475.49,,,,,,,Case Rate,"100% Medicare OPPS FS. ",475.49,,,,,,,Case Rate,"100% Medicare OPPS FS. ",475.49,,,,,,,Case Rate,"100% Medicare OPPS FS. ",653.22,,,,,,,Fee Schedule,"250 % 2018 Cigna RBRVS fee schedule. ",1407.945,50,,,,,0,percent of total billed charges,50 percent of billed charges; No services were performed during the 15 month look back period.,352.99,,,,,,,Fee Schedule,"160 Percent of Medicare RBRVS. ",352.99,,,,,,,Fee Schedule,"160 Percent of Medicare RBRVS. ",352.99,,,,,,,Fee Schedule,"160 Percent of Medicare RBRVS. ",352.99,,,,,,,Fee Schedule,"160 Percent of Medicare RBRVS. ",352.99,,,,,,,Fee Schedule,"160 Percent of Medicare RBRVS. ",,,,,,,,,"NA. ",1407.945,50,,,,,0,percent of total billed charges,50 percent of billed charges; No services were performed during the 15 month look back period.,941.46,,,,,,,Case Rate,198 Percent of Medicare OPPS. Metroplus will reimburse unlisted codes and described codes with no Medicare rate at 50 percent of charges.,941.46,,,,,,,Case Rate,198 Percent of Medicare OPPS. Metroplus will reimburse unlisted codes and described codes with no Medicare rate at 50 percent of charges.,941.46,,,,,,,Case Rate,198 Percent of Medicare OPPS. Metroplus will reimburse unlisted codes and described codes with no Medicare rate at 50 percent of charges.,941.46,,,,,,,Case Rate,198 Percent of Medicare OPPS. Metroplus will reimburse unlisted codes and described codes with no Medicare rate at 50 percent of charges.,941.46,,,,,,,Case Rate,198 Percent of Medicare OPPS. Metroplus will reimburse unlisted codes and described codes with no Medicare rate at 50 percent of charges.,475.49,,,,,,,Case Rate,"100% Medicare OPPS FS. ",413.23,,,,,,,Fee Schedule,"193 % Medicare RBRVS. ",413.23,,,,,,,Fee Schedule,"193 % Medicare RBRVS. ",413.23,,,,,,,Fee Schedule,"193 % Medicare RBRVS. ",413.23,,,,,,,Fee Schedule,"193 % Medicare RBRVS. ",1072.69,,,,,,,Fee Schedule,"500.999486245388 % Medicare Physician FS TC Rates Only. ",1072.69,,,,,,,Fee Schedule,"500.999486245388 % Medicare Physician FS TC Rates Only. ",1072.69,,,,,,,Fee Schedule,"500.999486245388 % Medicare Physician FS TC Rates Only. ",1072.69,,,,,,,Fee Schedule,"500.999486245388 % Medicare Physician FS TC Rates Only. ",1407.945,50,,,,,0,percent of total billed charges,50 percent of billed charges; No services were performed during the 15 month look back period.,1407.945,50,,,,,0,percent of total billed charges,50 percent of billed charges; No services were performed during the 15 month look back period.,475.49,,,,,,,Case Rate,"100% Medicare OPPS FS. ",475.49,,,,,,,Case Rate,"100% Medicare OPPS FS. ",475.49,,,,,,,Case Rate,"100% Medicare OPPS FS. ",1922.01,,,,,,,Fee Schedule,"758.1 % 2013 Manhattan Medicare. ",1922.01,,,,,,,Fee Schedule,"758.1 % 2013 Manhattan Medicare. ",1922.01,,,,,,,Fee Schedule,"758.1 % 2013 Manhattan Medicare. ",1407.945,50,,,,,0,percent of total billed charges,50 percent of billed charges; No services were performed during the 15 month look back period.,1072.69,,,,,,,Fee Schedule,"500.999486245388 % Medicare Physician FS TC Rates Only. ",475.49,,,,,,,Case Rate,"100% Medicare OPPS FS. ",1922.01,,,,,,,Fee Schedule,"758.1 % 2013 Manhattan Medicare. ",469.52,,,,,,,Case Rate,"100 Percent of Medicaid APG. ",485,,,,,,,Case Rate,"102% of Medicare OPPS. ",485,,,,,,,Case Rate,"102% of Medicare OPPS. ",485,,,,,,,Case Rate,"102% of Medicare OPPS. ",198.56,,,,,,,Fee schedule,"90 Percent of Medicare RBRVS. ",1056.42,,,,,,,Case Rate,225% of NYS APG. Lesser of 100% of billed charges applies.,1056.42,,,,,,,Case Rate,225% of NYS APG. Lesser of 100% of billed charges applies.,1056.42,,,,,,,Case Rate,225% of NYS APG. Lesser of 100% of billed charges applies.,1056.42,,,,,,,Case Rate,225% of NYS APG. Lesser of 100% of billed charges applies.,1056.42,,,,,,,Case Rate,225% of NYS APG. Lesser of 100% of billed charges applies.,485,,,,,,,Case Rate,"102% of Medicare OPPS. ",469.52,,,,,,,Case Rate,"100 Percent of Medicaid APG. ",207.38,,,,,,,Case Rate,100% of PAS. Lesser of 100% of billed charges applies.,1056.42,,,,,,,Case Rate,225% of NYS APG. Lesser of 100% of billed charges applies.,1056.42,,,,,,,Case Rate,225% of NYS APG. Lesser of 100% of billed charges applies.,207.38,,,,,,,Case Rate,100% of PAS. Lesser of 100% of billed charges applies.,207.38,,,,,,,Case Rate,100% of PAS. Lesser of 100% of billed charges applies.,352.99,,,,,,,Fee Schedule,"160 Percent of Medicare RBRVS. ",475.49,,,,,,,Case Rate,"100% Medicare OPPS FS. ",475.49,,,,,,,Case Rate,"100% Medicare OPPS FS. ",1072.69,,,,,,,Fee Schedule,"500.999486245388 % Medicare Physician FS TC Rates Only. ",475.49,,,,,,,Case Rate,"100% Medicare OPPS FS. ",1056.42,,,,,,,Fee Schedule,"225 Percent of Medicaid APG. ",1056.42,,,,,,,Fee Schedule,"225 Percent of Medicaid APG. ",198.56,,,,,,,Fee schedule,"90 Percent of Medicare RBRVS. ",198.56,,,,,,,Fee schedule,"90 Percent of Medicare RBRVS. ",1056.42,,,,,,,Case Rate,225 Percent of Medicaid APG. Covered services not payable under Medicaid Fee Schedules default to a payment of 87.5 percent of charges.,198.56,,,,,,,Fee schedule,90 Percent of Medicare RBRVS. Covered services not payable under Medicaid Fee Schedules default to a payment of 50 percent of charges.,1056.42,,,,,,,Case Rate,"100 Percent of Medicaid APG. ",1056.42,,,,,,,Case Rate,"100 Percent of Medicaid APG. ",1056.42,,,,,,,Case Rate,"100 Percent of Medicaid APG. ",1056.42,,,,,,,Case Rate,"100 Percent of Medicaid APG. ",2268.6,,,,,,,Fee Schedule,"1019 % Manhattan Facility Rate. ",1407.945,50,,,,,0,percent of total billed charges,50 percent of billed charges; No services were performed during the 15 month look back period.,563.42,,,,,,,Case Rate,"120 Percent of Medicaid APG. Not APG payable, or payable under another fee schedule like ASP/AWP pays at 30% of charges",563.42,,,,,,,Case Rate,"120 Percent of Medicaid APG. Not APG payable, or payable under another fee schedule like ASP/AWP pays at 30% of charges",469.52,,,,,,,Case Rate,"100 Percent of Medicaid APG. Not APG payable, or payable under another fee schedule like ASP/AWP pays at 30% of charges",469.52,,,,,,,Case Rate,"100 Percent of Medicaid APG. Not APG payable, or payable under another fee schedule like ASP/AWP pays at 30% of charges",1922.01,,,,,,,Fee Schedule,"758.1 % 2013 Manhattan Medicare. ",1922.01,,,,,,,Fee Schedule,"758.1 % 2013 Manhattan Medicare. ",475.49,,,,,,,Case Rate,"100% Medicare OPPS FS. ",1922.01,,,,,,,Fee Schedule,"758.1 % 2013 Manhattan Medicare. ",1922.01,,,,,,,Fee Schedule,"758.1 % 2013 Manhattan Medicare. ",1922.01,,,,,,,Fee Schedule,"758.1 % 2013 Manhattan Medicare. ",1922.01,,,,,,,Fee Schedule,"758.1 % 2013 Manhattan Medicare. ",475.49,,,,,,,Case Rate,"100% Medicare OPPS FS. ",1922.01,,,,,,,Fee Schedule,"758.1 % 2013 Manhattan Medicare. ",1922.01,,,,,,,Fee Schedule,"758.1 % 2013 Manhattan Medicare. ",1072.69,,,,,,,Fee Schedule,"500.999486245388 % Medicare Physician FS TC Rates Only. ",516.47,,,,,,,Fee Schedule,110% of APG. Lesser of 100% of billed charges applies.,198.56,,,,,,,Fee schedule,90 Percent of Medicare RBRVS. Covered services not payable under Medicaid Fee Schedules default to a payment of 50 percent of charges.,1056.42,,,,,,,Case Rate,225% of NYS APG. Lesser of 100% of billed charges applies.,1056.42,,,,,,,Case Rate,225 Percent of Medicaid APG. Covered services not payable under Medicaid Fee Schedules default to a payment of 87.5 percent of charges.,198.56,,,,,,,Fee schedule,90 Percent of Medicare RBRVS. Covered services not payable under Medicaid Fee Schedules default to a payment of 50 percent of charges.,1056.42,,,,,,,Case Rate,225% of NYS APG. Lesser of 100% of billed charges applies.,1056.42,,,,,,,Case Rate,225% of NYS APG. Lesser of 100% of billed charges applies.,1056.42,,,,,,,Case Rate,225% of NYS APG. Lesser of 100% of billed charges applies.,1056.42,,,,,,,Case Rate,225% of NYS APG. Lesser of 100% of billed charges applies.,1056.42,,,,,,,Case Rate,225% of NYS APG. Lesser of 100% of billed charges applies.,1056.42,,,,,,,Case Rate,225% of NYS APG. Lesser of 100% of billed charges applies.,,,,,,,,,"NA. ",,,,,,,,,"NA. ",,,,,,,,,"NA. ",653.22,,,,,,,Fee Schedule,"250 % 2018 Cigna RBRVS fee schedule. ",,,,,,,,,"NA. ",475.49,,,,,,,Case Rate,"100% Medicare OPPS FS. ",208,,,,,,,Fee Schedule,"100 % 1199 Fee Schedule. ",475.49,,,,,,,Case Rate,"100% Medicare OPPS FS. ",475.49,,,,,,,Case Rate,"100% Medicare OPPS FS. ",563.42,,,,,,,Case Rate,"120 Percent of Medicaid APG. Not APG payable, or payable under another fee schedule like ASP/AWP pays at 30% of charges",563.42,,,,,,,Case Rate,"120 Percent of Medicaid APG. Not APG payable, or payable under another fee schedule like ASP/AWP pays at 30% of charges",469.52,,,,,,,Case Rate,"100 Percent of Medicaid APG. Not APG payable, or payable under another fee schedule like ASP/AWP pays at 30% of charges",469.52,,,,,,,Case Rate,"100 Percent of Medicaid APG. Not APG payable, or payable under another fee schedule like ASP/AWP pays at 30% of charges",469.52,,,,,,,Case Rate,"100 Percent of Medicaid APG. ",464.62,,,,,,,Fee Schedule,"217 % Medicare RBRVS. ",1072.69,,,,,,,Fee Schedule,"500.999486245388 % Medicare Physician FS TC Rates Only. ",545.98,,,,,,,Fee Schedule,"255 % Medicare RBRVS. ",653.22,,,,,,,Fee Schedule,"250 % 2018 Cigna RBRVS fee schedule. ",475.49,,,,,,,Case Rate,"100%Medicare OPPS FS. ",475.49,,,,,,,Case Rate,"100% Medicare OPPS FS. ",475.49,,,,,,,Case Rate,"100% Medicare OPPS FS. ",475.49,,,,,,,Case Rate,"100% Medicare OPPS FS. ",475.49,,,,,,,Case Rate,"100%Medicare OPPS FS. ",475.49,,,,,,,Case Rate,"100% Medicare OPPS FS. ",,,,,,,,,"NA. ",1056.42,,,,,,,Case Rate,225% of NYS APG. Lesser of 100% of billed charges applies.,207.38,,,,,,,Case Rate,100% of PAS. Lesser of 100% of billed charges applies.,1922.01,,,,,,,Fee Schedule,"758.1 % 2013 Manhattan Medicare. ",464.62,,,,,,,Fee Schedule,"217 % Medicare RBRVS. ",464.62,,,,,,,Fee Schedule,"217 % Medicare RBRVS. ",464.62,,,,,,,Fee Schedule,"217 % Medicare RBRVS. ",464.62,,,,,,,Fee Schedule,"217 % Medicare RBRVS. ",475.49,,,,,,,Case Rate,"100% Medicare OPPS FS. ",469.52,,,,,,,Case Rate,"100 Percent of Medicaid APG. ",1922.01,,,,,,,Fee Schedule,"758.1 % 2013 Manhattan Medicare. ",469.52,,,,,,,Case Rate,"100 Percent of Medicaid APG. ",475.49,,,,,,,Case Rate,"100% Medicare OPPS FS. ",469.52,,,,,,,Case Rate,"100 Percent of Medicaid APG. ",475.49,,,,,,,Case Rate,"100% Medicare OPPS FS. ",475.49,,,,,,,Case Rate,"100% Medicare OPPS FS. ",469.52,,,,,,,Case Rate,"100 Percent of Medicaid APG. ",469.52,,,,,,,Case Rate,"100 Percent of Medicaid APG. ",464.62,,,,,,,Fee Schedule,"217 % Medicare RBRVS. ",653.22,,,,,,,Fee Schedule,"250 % 2018 Cigna RBRVS fee schedule. ",2196.3942,78,,,,,0,percent of total billed charges,78% of Billed Charges. Lesser of 100% of billed charges applies.; No services were performed during the 15 month look back period.,1904.72,,,,,,,Other,. Paid once per unit per revenue code and lesser of 100% of billed charges.,1904.72,,,,,,,Other,. Paid once per unit per revenue code and lesser of 100% of billed charges.,1072.69,,,,,,,Fee Schedule,"500.999486245388 % Medicare Physician FS TC Rates Only. ",475.49,,,,,,,Case Rate,"98% of RBRVS. ",413.23,,,,,,,Fee Schedule,"193 % Medicare RBRVS. ",413.23,,,,,,,Fee Schedule,"193 % Medicare RBRVS. ",1537.66,,,,,,,Fee Schedule,"606.5 % 2013 Manhattan Medicare. ",1537.66,,,,,,,Fee Schedule,"606.5 % 2013 Manhattan Medicare. ",475.49,,,,,,,Case Rate,"100% Medicare OPPS FS. ",475.49,,,,,,,Case Rate,"100% Medicare OPPS FS. ",475.49,,,,,,,Case Rate,"100% Medicare OPPS FS. ",475.49,,,,,,,Case Rate,"100% Medicare OPPS FS. ",1904.72,,,,,,,Other,. Paid once per unit per revenue code and lesser of 100% of billed charges.,1922.01,,,,,,,Fee Schedule,"758.1 % 2013 Manhattan Medicare. ",1922.01,,,,,,,Fee Schedule,"758.1 % 2013 Manhattan Medicare. ",475.49,,,,,,,Case Rate,"100% Medicare OPPS FS. ",1537.66,,,,,,,Fee Schedule,"606.5 % 2013 Manhattan Medicare. ",545.98,,,,,,,Fee Schedule,"255 % Medicare RBRVS. ",563.42,,,,,,,Fee Schedule,"120 Percent of Medicaid APG. ",469.52,,,,,,,Case Rate,"100 Percent of Medicaid APG. ",464.62,,,,,,,Fee Schedule,"217 % Medicare RBRVS. ",1729.84,,,,,,,Fee Schedule,"682.3 % 2013 Manhattan Medicare. ",1729.84,,,,,,,Fee Schedule,"682.3 % 2013 Manhattan Medicare. ",1922.01,,,,,,,Fee Schedule,"758.1 % 2013 Manhattan Medicare. ",1407.945,50,,,,,0,percent of total billed charges,50 percent of billed charges; No services were performed during the 15 month look back period.,475.49,,,,,,,Case Rate,"100%Medicare OPPS FS. ",492.99,,,,,,,Fee Schedule,105 percent of Medicaid APG. otherwise 105% of Ordered NYS MCD FS or 105% of ASP+6%,492.99,,,,,,,Fee Schedule,105 percent of Medicaid APG. otherwise 105% of Ordered NYS MCD FS or 105% of ASP+6%,492.99,,,,,,,Fee Schedule,105 percent of Medicaid APG. otherwise 105% of Ordered NYS MCD FS or 105% of ASP+6%,633.85,,,,,,,Fee Schedule,135 percent of Medicaid APG. otherwise 135% of Ordered NYS MCD FS or 135% of ASP+6%,1904.72,,,,,,,Other,. Paid once per unit per revenue code and lesser of 100% of billed charges.,492.99,,,,,,,Fee Schedule,105 percent of Medicaid APG. otherwise 105% of Ordered NYS MCD FS or 105% of ASP+6%,492.99,,,,,,,Fee Schedule,105 percent of Medicaid APG. otherwise 105% of Ordered NYS MCD FS or 105% of ASP+6%,492.99,,,,,,,Fee Schedule,105 percent of Medicaid APG. otherwise 105% of Ordered NYS MCD FS or 105% of ASP+6%,492.99,,,,,,,Fee Schedule,105 percent of Medicaid APG. otherwise 105% of Ordered NYS MCD FS or 105% of ASP+6%,492.99,,,,,,,Fee Schedule,105 percent of Medicaid APG. otherwise 105% of Ordered NYS MCD FS or 105% of ASP+6%,633.85,,,,,,,Fee Schedule,135 percent of Medicaid APG. otherwise 135% of Ordered NYS MCD FS or 135% of ASP+6%,633.85,,,,,,,Fee Schedule,135 percent of Medicaid APG. otherwise 135% of Ordered NYS MCD FS or 135% of ASP+6%,475.49,,,,,,,Case Rate,"100% Medicare OPPS FS. ",1904.72,,,,,,,Other,. Paid once per unit per revenue code and lesser of 100% of billed charges.,475.49,,,,,,,Case Rate,"100% Medicare OPPS FS. ",492.99,,,,,,,Fee Schedule,105 percent of Medicaid APG. otherwise 105% of Ordered NYS MCD FS or 105% of ASP+6%,1922.01,,,,,,,Fee Schedule,"758.1 % 2013 Manhattan Medicare. ",475.49,,,,,,,Case Rate,"100% Medicare OPPS FS. ",1922.01,,,,,,,Fee Schedule,"758.1 % 2013 Manhattan Medicare. ",1922.01,,,,,,,Fee Schedule,"758.1 % 2013 Manhattan Medicare. ",1922.01,,,,,,,Fee Schedule,"758.1 % 2013 Manhattan Medicare. ",492.99,,,,,,,Fee Schedule,105 percent of Medicaid APG. otherwise 105% of Ordered NYS MCD FS or 105% of ASP+6%,475.49,,,,,,,Case Rate,"100% Medicare OPPS FS. ",1922.01,,,,,,,Fee Schedule,"758.1 % 2013 Manhattan Medicare. ",633.85,,,,,,,Fee Schedule,135 percent of Medicaid APG. otherwise 135% of Ordered NYS MCD FS or 135% of ASP+6%,1922.01,,,,,,,Fee Schedule,"758.1 % 2013 Manhattan Medicare. ",713.23,,,,,,,Case Rate,"150% of Medicare OPPS. ",475.49,,,,,,,Case Rate,"100%Medicare OPPS FS. ",464.62,,,,,,,Fee Schedule,"217 % Medicare RBRVS. ",464.62,,,,,,,Fee Schedule,"217 % Medicare RBRVS. ",464.62,,,,,,,Fee Schedule,"217 % Medicare RBRVS. ",464.62,,,,,,,Fee Schedule,"217 % Medicare RBRVS. ",464.62,,,,,,,Fee Schedule,"217 % Medicare RBRVS. ",545.98,,,,,,,Fee Schedule,"255 % Medicare RBRVS. ",545.98,,,,,,,Fee Schedule,"255 % Medicare RBRVS. ",464.62,,,,,,,Fee Schedule,"217 % Medicare RBRVS. ",464.62,,,,,,,Fee Schedule,"217 % Medicare RBRVS. ",464.62,,,,,,,Fee Schedule,"217 % Medicare RBRVS. ",464.62,,,,,,,Fee Schedule,"217 % Medicare RBRVS. ",464.62,,,,,,,Fee Schedule,"217 % Medicare RBRVS. ",475.49,,,,,,,Case Rate,"100% Medicare OPPS FS. ",545.98,,,,,,,Fee Schedule,"255 % Medicare RBRVS. ",475.49,,,,,,,Case Rate,"100% Medicare OPPS FS. ",1056.42,,,,,,,Case Rate,"225 Percent of Medicaid APG. If not included in Medicaid APG, then 100 Percent of Manhattan Medicare",469.52,,,,,,,Case Rate,"100 Percent of Medicaid APG. If not priced under APG, then Metroplus FeeSched",1904.72,,,,,,,Other,. Paid once per unit per revenue code and lesser of 100% of billed charges.,1904.72,,,,,,,Other,. Paid once per unit per revenue code and lesser of 100% of billed charges.,475.49,,,,,,,Case Rate,"100% Medicare OPPS FS. ",413.23,,,,,,,Fee Schedule,"193 % Medicare RBRVS. ",475.49,,,,,,,Case Rate,"100% Medicare OPPS FS. ",475.49,,,,,,,Case Rate,"100% Medicare OPPS FS. ",1072.69,,,,,,,Fee Schedule,"500.999486245388 % Medicare Physician FS TC Rates Only. ",475.49,,,,,,,Case Rate,"100% Medicare OPPS FS. ",653.22,,,,,,,Fee Schedule,"250 % 2018 Cigna RBRVS fee schedule. ",475.49,,,,,,,Case Rate,"100% Medicare OPPS FS. ",653.22,,,,,,,Fee Schedule,"250 % 2018 Cigna RBRVS fee schedule. ",1072.69,,,,,,,Fee Schedule,"500.999486245388 % Medicare Physician FS TC Rates Only. ",653.22,,,,,,,Fee Schedule,"250 % 2018 Cigna RBRVS fee schedule. ",475.49,,,,,,,Case Rate,"100% Medicare OPPS FS. ",469.52,,,,,,,Case Rate,"100 Percent of Medicaid APG. ",475.49,,,,,,,Case Rate,"100% Medicare OPPS FS. ",653.22,,,,,,,Fee Schedule,"250 % 2018 Cigna RBRVS fee schedule. ",1904.72,,,,,,,Other,. Paid once per unit per revenue code and lesser of 100% of billed charges.,469.52,,,,,,,Case Rate,"100 Percent of Medicaid APG. ",1922.01,,,,,,,Fee Schedule,"758.1 % 2013 Manhattan Medicare. ",563.42,,,,,,,Fee Schedule,"120 Percent of Medicaid APG. ",563.42,,,,,,,Fee Schedule,"120 Percent of Medicaid APG. ",1922.01,,,,,,,Fee Schedule,"758.1 % 2013 Manhattan Medicare. ",1922.01,,,,,,,Fee Schedule,"758.1 % 2013 Manhattan Medicare. ",1922.01,,,,,,,Fee Schedule,"758.1 % 2013 Manhattan Medicare. ",1904.72,,,,,,,Other,. Paid once per unit per revenue code and lesser of 100% of billed charges.,1922.01,,,,,,,Fee Schedule,"758.1 % 2013 Manhattan Medicare. ",1922.01,,,,,,,Fee Schedule,"758.1 % 2013 Manhattan Medicare. ",1922.01,,,,,,,Fee Schedule,"758.1 % 2013 Manhattan Medicare. ",464.62,,,,,,,Fee Schedule,"217 % Medicare RBRVS. ",464.62,,,,,,,Fee Schedule,"217 % Medicare RBRVS. ",941.46,,,,,,,Case Rate,198 Percent of Medicare OPPS. Metroplus will reimburse unlisted codes and described codes with no Medicare rate at 50 percent of charges.,469.52,,,,,,,Case Rate,"100 Percent of Medicaid APG. ",1904.72,,,,,,,Other,. Paid once per unit per revenue code and lesser of 100% of billed charges.,653.22,,,,,,,Fee Schedule,"250 % 2018 Cigna RBRVS fee schedule. ",1072.69,,,,,,,Fee Schedule,"500.999486245388 % Medicare Physician FS TC Rates Only. ",1904.72,,,,,,,Other,. Paid once per unit per revenue code and lesser of 100% of billed charges.,1072.69,,,,,,,Fee Schedule,"500.999486245388 % Medicare Physician FS TC Rates Only. ",1904.72,,,,,,,Other,. Paid once per unit per revenue code and lesser of 100% of billed charges.,1922.01,,,,,,,Fee Schedule,"758.1 % 2013 Manhattan Medicare. ",1922.01,,,,,,,Fee Schedule,"758.1 % 2013 Manhattan Medicare. ",1922.01,,,,,,,Fee Schedule,"758.1 % 2013 Manhattan Medicare. ",1922.01,,,,,,,Fee Schedule,"758.1 % 2013 Manhattan Medicare. ",475.49,,,,,,,Case Rate,"100% Medicare OPPS FS. ",198.56,2815.89,
78429,CPT,2027691,LOCAL,404,RC,HC MYOCRD IMG PET 1 STD W/CT,11314.04,2149.6676,both,,,,1787,,,,,,,Fee Schedule,"100 % 1199 Fee Schedule. ",1787,,,,,,,Fee Schedule,"100 % 1199 Fee Schedule. ",4751.32,,,,,,,Fee Schedule,"329.000048470748 % Medicare Physician FS TC Rates Only. ",11314.04,100,,,,,0,percent of total billed charges,100 percent of billed charges; No services were performed during the 15 month look back period.,1725.95,,,,,,,Case Rate,"100% Medicare OPPS FS. ",4751.32,,,,,,,Fee Schedule,"329.000048470748 % Medicare Physician FS TC Rates Only. ",4751.32,,,,,,,Fee Schedule,"329.000048470748 % Medicare Physician FS TC Rates Only. ",4751.32,,,,,,,Fee Schedule,"329.000048470748 % Medicare Physician FS TC Rates Only. ",1686.45,,,,,,,Case Rate,"100 Percent of Medicaid APG. ",1405.38,,,,,,,Case Rate,"100 Percent of Medicaid APG. ",8824.9512,78,,,,,0,percent of total billed charges,78% of Billed Charges. Lesser of 100% of billed charges applies.; No services were performed during the 15 month look back period.,6811.39,,,,,,,Other,. Paid once per unit per revenue code and lesser of 100% of billed charges.,1405.38,,,,,,,Case Rate,"100 Percent of Medicaid APG. ",1725.95,,,,,,,Case Rate,"100% Medicare OPPS FS. ",6788.424,60,,,,,0,percent of total billed charges,60 percent of billed charges; No services were performed during the 15 month look back period.,6788.424,60,,,,,0,percent of total billed charges,60 percent of billed charges; No services were performed during the 15 month look back period.,6788.424,60,,,,,0,percent of total billed charges,60 percent of billed charges; No services were performed during the 15 month look back period.,6788.424,60,,,,,0,percent of total billed charges,60 percent of billed charges; No services were performed during the 15 month look back period.,113.1404,1,,,,,0,percent of total billed charges,NA. Covered services not payable under Medicaid Fee Schedules default to a payment of 50 percent of charges.; No services were performed during the 15 month look back period.,1725.95,,,,,,,Case Rate,"100% Medicare OPPS FS. ",113.1404,1,,1610.31,1553.44,11314.04,11,percent of total billed charges,NA. Covered services not payable under Medicaid Fee Schedules default to a payment of 50 percent of charges.,8824.9512,78,,,,,0,percent of total billed charges,78% of Billed Charges. Lesser of 100% of billed charges applies.; No services were performed during the 15 month look back period.,4751.32,,,,,,,Fee Schedule,"329.000048470748 % Medicare Physician FS TC Rates Only. ",1725.95,,,,,,,Case Rate,"100%Medicare OPPS FS. ",3682.63,,,,,,,Fee Schedule,"255 % Medicare RBRVS. ",1725.95,,,,,,,Case Rate,"100%Medicare OPPS FS. ",1725.95,,,,,,,Case Rate,"100%Medicare OPPS FS. ",8824.9512,78,,,,,0,percent of total billed charges,78% of Billed Charges. Lesser of 100% of billed charges applies.; No services were performed during the 15 month look back period.,,,,,,,,,,,,,,,,,,,,,,,,,,,,,,,,,,,,,3682.63,,,,,,,Fee Schedule,"255 % Medicare RBRVS. ",3682.63,,,,,,,Fee Schedule,"255 % Medicare RBRVS. ",1405.38,,,,,,,Case Rate,"100 Percent of Medicaid APG. Not APG payable, or payable under another fee schedule like ASP/AWP pays at 30% of charges",3682.63,,,,,,,Fee Schedule,"255 % Medicare RBRVS. ",1405.38,,,,,,,Case Rate,"100 Percent of Medicaid APG. Not APG payable, or payable under another fee schedule like ASP/AWP pays at 30% of charges",1725.95,,,,,,,Case Rate,"100%Medicare OPPS FS. ",3682.63,,,,,,,Fee Schedule,"255 % Medicare RBRVS. ",8824.9512,78,,,,,0,percent of total billed charges,78% of Billed Charges. Lesser of 100% of billed charges applies.; No services were performed during the 15 month look back period.,1405.38,,,,,,,Case Rate,"100 Percent of Medicaid APG. If not priced under APG, then Metroplus FeeSched",1405.38,,,,,,,Case Rate,"100 Percent of Medicaid APG. If not priced under APG, then Metroplus FeeSched",8824.9512,78,,,,,0,percent of total billed charges,78% of Billed Charges. Lesser of 100% of billed charges applies.; No services were performed during the 15 month look back period.,6788.424,60,,,,,0,percent of total billed charges,60 percent of billed charges; No services were performed during the 15 month look back period.,6489,,,,,,,Other,. Paid once per unit per revenue code and lesser of 100% of billed charges.,6489,,,,,,,Other,. Paid once per unit per revenue code and lesser of 100% of billed charges.,8824.9512,78,,,,,0,percent of total billed charges,78% of Billed Charges. Lesser of 100% of billed charges applies.; No services were performed during the 15 month look back period.,1725.95,,,,,,,Case Rate,"100% Medicare OPPS FS. ",6811.39,,,,,,,Other,. Paid once per unit per revenue code and lesser of 100% of billed charges.,6811.39,,,,,,,Other,. Paid once per unit per revenue code and lesser of 100% of billed charges.,6811.39,,,,,,,Other,. Paid once per unit per revenue code and lesser of 100% of billed charges.,1725.95,,,,,,,Case Rate,"100% Medicare OPPS FS. ",6811.39,,,,,,,Other,. Paid once per unit per revenue code and lesser of 100% of billed charges.,6811.39,,,,,,,Other,. Paid once per unit per revenue code and lesser of 100% of billed charges.,1725.95,,,,,,,Case Rate,"100% of Medicare OPPS. ",5657.02,50,,,,,0,percent of total billed charges,50 percent of billed charges; No services were performed during the 15 month look back period.,8707.92,,,,,,,Fee Schedule,"758.1 % 2013 Manhattan Medicare. ",8707.92,,,,,,,Fee Schedule,"758.1 % 2013 Manhattan Medicare. ",8707.92,,,,,,,Fee Schedule,"758.1 % 2013 Manhattan Medicare. ",8707.92,,,,,,,Fee Schedule,"758.1 % 2013 Manhattan Medicare. ",8707.92,,,,,,,Fee Schedule,"758.1 % 2013 Manhattan Medicare. ",8707.92,,,,,,,Fee Schedule,"758.1 % 2013 Manhattan Medicare. ",1725.95,,,,,,,Case Rate,"100% Medicare OPPS FS. ",1725.95,,,,,,,Case Rate,"100% Medicare OPPS FS. ",8707.92,,,,,,,Fee Schedule,"758.1 % 2013 Manhattan Medicare. ",8824.9512,78,,,,,0,percent of total billed charges,78% of Billed Charges. Lesser of 100% of billed charges applies.; No services were performed during the 15 month look back period.,8824.9512,78,,,,,0,percent of total billed charges,78% of Billed Charges. Lesser of 100% of billed charges applies.; No services were performed during the 15 month look back period.,8824.9512,78,,,,,0,percent of total billed charges,78% of Billed Charges. Lesser of 100% of billed charges applies.; No services were performed during the 15 month look back period.,8824.9512,78,,,,,0,percent of total billed charges,78% of Billed Charges. Lesser of 100% of billed charges applies.; No services were performed during the 15 month look back period.,8824.9512,78,,,,,0,percent of total billed charges,78% of Billed Charges. Lesser of 100% of billed charges applies.; No services were performed during the 15 month look back period.,8824.9512,78,,,,,0,percent of total billed charges,78% of Billed Charges. Lesser of 100% of billed charges applies.; No services were performed during the 15 month look back period.,8824.9512,78,,,,,0,percent of total billed charges,78% of Billed Charges. Lesser of 100% of billed charges applies.; No services were performed during the 15 month look back period.,8824.9512,78,,,,,0,percent of total billed charges,78% of Billed Charges. Lesser of 100% of billed charges applies.; No services were performed during the 15 month look back period.,8824.9512,78,,,,,0,percent of total billed charges,78% of Billed Charges. Lesser of 100% of billed charges applies.; No services were performed during the 15 month look back period.,8824.9512,78,,,,,0,percent of total billed charges,78% of Billed Charges. Lesser of 100% of billed charges applies.; No services were performed during the 15 month look back period.,8824.9512,78,,,,,0,percent of total billed charges,78% of Billed Charges. Lesser of 100% of billed charges applies.; No services were performed during the 15 month look back period.,8824.9512,78,,,,,0,percent of total billed charges,78% of Billed Charges. Lesser of 100% of billed charges applies.; No services were performed during the 15 month look back period.,8824.9512,78,,,,,0,percent of total billed charges,78% of Billed Charges. Lesser of 100% of billed charges applies.; No services were performed during the 15 month look back period.,8824.9512,78,,,,,0,percent of total billed charges,78% of Billed Charges. Lesser of 100% of billed charges applies.; No services were performed during the 15 month look back period.,8824.9512,78,,,,,0,percent of total billed charges,78% of Billed Charges. Lesser of 100% of billed charges applies.; No services were performed during the 15 month look back period.,8824.9512,78,,,,,0,percent of total billed charges,78% of Billed Charges. Lesser of 100% of billed charges applies.; No services were performed during the 15 month look back period.,8824.9512,78,,,,,0,percent of total billed charges,78% of Billed Charges. Lesser of 100% of billed charges applies.; No services were performed during the 15 month look back period.,8824.9512,78,,,,,0,percent of total billed charges,78% of Billed Charges. Lesser of 100% of billed charges applies.; No services were performed during the 15 month look back period.,8824.9512,78,,,,,0,percent of total billed charges,78% of Billed Charges. Lesser of 100% of billed charges applies.; No services were performed during the 15 month look back period.,8824.9512,78,,,,,0,percent of total billed charges,78% of Billed Charges. Lesser of 100% of billed charges applies.; No services were performed during the 15 month look back period.,8824.9512,78,,,,,0,percent of total billed charges,78% of Billed Charges. Lesser of 100% of billed charges applies.; No services were performed during the 15 month look back period.,8824.9512,78,,,,,0,percent of total billed charges,78% of Billed Charges. Lesser of 100% of billed charges applies.; No services were performed during the 15 month look back period.,8824.9512,78,,,,,0,percent of total billed charges,78% of Billed Charges. Lesser of 100% of billed charges applies.; No services were performed during the 15 month look back period.,8824.9512,78,,,,,0,percent of total billed charges,78% of Billed Charges. Lesser of 100% of billed charges applies.; No services were performed during the 15 month look back period.,8824.9512,78,,,,,0,percent of total billed charges,78% of Billed Charges. Lesser of 100% of billed charges applies.; No services were performed during the 15 month look back period.,8824.9512,78,,,,,0,percent of total billed charges,78% of Billed Charges. Lesser of 100% of billed charges applies.; No services were performed during the 15 month look back period.,3682.63,,,,,,,Fee Schedule,"255 % Medicare RBRVS. ",3682.63,,,,,,,Fee Schedule,"255 % Medicare RBRVS. ",3682.63,,,,,,,Fee Schedule,"255 % Medicare RBRVS. ",3682.63,,,,,,,Fee Schedule,"255 % Medicare RBRVS. ",2787.25,,,,,,,Fee Schedule,"193 % Medicare RBRVS. ",2787.25,,,,,,,Fee Schedule,"193 % Medicare RBRVS. ",6788.424,60,,,,,0,percent of total billed charges,60 percent of billed charges; No services were performed during the 15 month look back period.,8707.92,,,,,,,Fee Schedule,"758.1 % 2013 Manhattan Medicare. ",6811.39,,,,,,,Other,. Paid once per unit per revenue code and lesser of 100% of billed charges.,8707.92,,,,,,,Fee Schedule,"758.1 % 2013 Manhattan Medicare. ",8824.9512,78,,,,,0,percent of total billed charges,78% of Billed Charges. Lesser of 100% of billed charges applies.; No services were performed during the 15 month look back period.,2787.25,,,,,,,Fee Schedule,"193 % Medicare RBRVS. ",8707.92,,,,,,,Fee Schedule,"758.1 % 2013 Manhattan Medicare. ",6811.39,,,,,,,Other,. Paid once per unit per revenue code and lesser of 100% of billed charges.,6788.424,60,,6788.42,6788.42,6788.42,1 through 10,percent of total billed charges,60 percent of billed charges,,,,,,,,,"NA. ",8824.9512,78,,,,,0,percent of total billed charges,78% of Billed Charges. Lesser of 100% of billed charges applies.; No services were performed during the 15 month look back period.,1405.38,,,,,,,Case Rate,"100 Percent of Medicaid APG. ",3682.63,,,,,,,Fee Schedule,"255 % Medicare RBRVS. ",1405.38,,,,,,,Case Rate,"100 Percent of Medicaid APG. Not APG payable, or payable under another fee schedule like ASP/AWP pays at 30% of charges",1725.95,,,,,,,Case Rate,"100%Medicare OPPS FS. ",1725.95,,,,,,,Case Rate,"100% Medicare OPPS FS. ",5657.02,50,,,,,0,percent of total billed charges,50 percent of billed charges; No services were performed during the 15 month look back period.,1725.95,,,,,,,Case Rate,"100% Medicare OPPS FS. ",1725.95,,,,,,,Case Rate,"100% Medicare OPPS FS. ",1405.38,,,,,,,Case Rate,"100 Percent of Medicaid APG. ",1725.95,,,,,,,Case Rate,"100% Medicare OPPS FS. ",1725.95,,,,,,,Case Rate,"100% Medicare OPPS FS. ",4751.32,,,,,,,Fee Schedule,"329.000048470748 % Medicare Physician FS TC Rates Only. ",4751.32,,,,,,,Fee Schedule,"329.000048470748 % Medicare Physician FS TC Rates Only. ",1725.95,,,,,,,Case Rate,"100% Medicare OPPS FS. ",6788.424,60,,,,,0,percent of total billed charges,60 percent of billed charges; No services were performed during the 15 month look back period.,6811.39,,,,,,,Other,. Paid once per unit per revenue code and lesser of 100% of billed charges.,6811.39,,,,,,,Other,. Paid once per unit per revenue code and lesser of 100% of billed charges.,1725.95,,,,,,,Case Rate,"100% Medicare OPPS FS. ",6788.424,60,,6788.42,6352.6,6788.42,1 through 10,percent of total billed charges,60 percent of billed charges,4751.32,,,,,,,Fee Schedule,"329.000048470748 % Medicare Physician FS TC Rates Only. ",4751.32,,,,,,,Fee Schedule,"329.000048470748 % Medicare Physician FS TC Rates Only. ",4751.32,,,,,,,Fee Schedule,"329.000048470748 % Medicare Physician FS TC Rates Only. ",8824.9512,78,,,,,0,percent of total billed charges,78% of Billed Charges. Lesser of 100% of billed charges applies.; No services were performed during the 15 month look back period.,8824.9512,78,,,,,0,percent of total billed charges,78% of Billed Charges. Lesser of 100% of billed charges applies.; No services were performed during the 15 month look back period.,8824.9512,78,,,,,0,percent of total billed charges,78% of Billed Charges. Lesser of 100% of billed charges applies.; No services were performed during the 15 month look back period.,8824.9512,78,,,,,0,percent of total billed charges,78% of Billed Charges. Lesser of 100% of billed charges applies.; No services were performed during the 15 month look back period.,8824.9512,78,,,,,0,percent of total billed charges,78% of Billed Charges. Lesser of 100% of billed charges applies.; No services were performed during the 15 month look back period.,8824.9512,78,,,,,0,percent of total billed charges,78% of Billed Charges. Lesser of 100% of billed charges applies.; No services were performed during the 15 month look back period.,8824.9512,78,,,,,0,percent of total billed charges,78% of Billed Charges. Lesser of 100% of billed charges applies.; No services were performed during the 15 month look back period.,8824.9512,78,,,,,0,percent of total billed charges,78% of Billed Charges. Lesser of 100% of billed charges applies.; No services were performed during the 15 month look back period.,8824.9512,78,,,,,0,percent of total billed charges,78% of Billed Charges. Lesser of 100% of billed charges applies.; No services were performed during the 15 month look back period.,8824.9512,78,,,,,0,percent of total billed charges,78% of Billed Charges. Lesser of 100% of billed charges applies.; No services were performed during the 15 month look back period.,8824.9512,78,,,,,0,percent of total billed charges,78% of Billed Charges. Lesser of 100% of billed charges applies.; No services were performed during the 15 month look back period.,2787.25,,,,,,,Fee Schedule,"193 % Medicare RBRVS. ",8707.92,,,,,,,Fee Schedule,"758.1 % 2013 Manhattan Medicare. ",6788.424,60,,,,,0,percent of total billed charges,60 percent of billed charges; No services were performed during the 15 month look back period.,1725.95,,,,,,,Case Rate,"100% Medicare OPPS FS. ",4751.32,,,,,,,Fee Schedule,"329.000048470748 % Medicare Physician FS TC Rates Only. ",6788.424,60,,,,,0,percent of total billed charges,60 percent of billed charges; No services were performed during the 15 month look back period.,6788.424,60,,,,,0,percent of total billed charges,60 percent of billed charges; No services were performed during the 15 month look back period.,8824.9512,78,,,,,0,percent of total billed charges,78% of Billed Charges. Lesser of 100% of billed charges applies.; No services were performed during the 15 month look back period.,3007.5,,,,,,,Case Rate,"214 Percent of Medicaid APG. Drugs not priced under APG, billed with revenue code 636 and not priced by Medicare ASP FeeSched will be reimbursed at 20% of charges.",6788.424,60,,,,,0,percent of total billed charges,60 percent of billed charges; No services were performed during the 15 month look back period.,1405.38,,,,,,,Case Rate,"100 Percent of Medicaid APG. ",1725.95,,,,,,,Case Rate,"100% Medicare OPPS FS. ",1725.95,,,,,,,Case Rate,"100% Medicare OPPS FS. ",1725.95,,,,,,,Case Rate,"100% Medicare OPPS FS. ",1725.95,,,,,,,Case Rate,"100% Medicare OPPS FS. ",1725.95,,,,,,,Case Rate,"100% Medicare OPPS FS. ",1725.95,,,,,,,Case Rate,"100% Medicare OPPS FS. ",6788.424,60,,,,,0,percent of total billed charges,60 percent of billed charges; No services were performed during the 15 month look back period.,5657.02,50,,,,,0,percent of total billed charges,50 percent of billed charges; No services were performed during the 15 month look back period.,113.1404,1,,,,,0,percent of total billed charges,NA. ; No services were performed during the 15 month look back period.,113.1404,1,,,,,0,percent of total billed charges,NA. ; No services were performed during the 15 month look back period.,113.1404,1,,2865.34,2865.34,2865.34,1 through 10,percent of total billed charges,"NA. ",113.1404,1,,,,,0,percent of total billed charges,NA. ; No services were performed during the 15 month look back period.,113.1404,1,,,,,0,percent of total billed charges,NA. ; No services were performed during the 15 month look back period.,,,,,,,,,"NA. ",5657.02,50,,,,,0,percent of total billed charges,50 percent of billed charges; No services were performed during the 15 month look back period.,3417.38,,,,,,,Case Rate,198 Percent of Medicare OPPS. Metroplus will reimburse unlisted codes and described codes with no Medicare rate at 50 percent of charges.,3417.38,,,,,,,Case Rate,198 Percent of Medicare OPPS. Metroplus will reimburse unlisted codes and described codes with no Medicare rate at 50 percent of charges.,3417.38,,,,,,,Case Rate,198 Percent of Medicare OPPS. Metroplus will reimburse unlisted codes and described codes with no Medicare rate at 50 percent of charges.,3417.38,,,,,,,Case Rate,198 Percent of Medicare OPPS. Metroplus will reimburse unlisted codes and described codes with no Medicare rate at 50 percent of charges.,3417.38,,,,,,,Case Rate,198 Percent of Medicare OPPS. Metroplus will reimburse unlisted codes and described codes with no Medicare rate at 50 percent of charges.,1725.95,,,,,,,Case Rate,"100% Medicare OPPS FS. ",2787.25,,,,,,,Fee Schedule,"193 % Medicare RBRVS. ",2787.25,,,,,,,Fee Schedule,"193 % Medicare RBRVS. ",2787.25,,,,,,,Fee Schedule,"193 % Medicare RBRVS. ",2787.25,,,,,,,Fee Schedule,"193 % Medicare RBRVS. ",4751.32,,,,,,,Fee Schedule,"329.000048470748 % Medicare Physician FS TC Rates Only. ",4751.32,,,,,,,Fee Schedule,"329.000048470748 % Medicare Physician FS TC Rates Only. ",4751.32,,,,,,,Fee Schedule,"329.000048470748 % Medicare Physician FS TC Rates Only. ",4751.32,,,,,,,Fee Schedule,"329.000048470748 % Medicare Physician FS TC Rates Only. ",5657.02,50,,,,,0,percent of total billed charges,50 percent of billed charges; No services were performed during the 15 month look back period.,5657.02,50,,,,,0,percent of total billed charges,50 percent of billed charges; No services were performed during the 15 month look back period.,1725.95,,,,,,,Case Rate,"100% Medicare OPPS FS. ",1725.95,,,,,,,Case Rate,"100% Medicare OPPS FS. ",1725.95,,,,,,,Case Rate,"100% Medicare OPPS FS. ",8707.92,,,,,,,Fee Schedule,"758.1 % 2013 Manhattan Medicare. ",8707.92,,,,,,,Fee Schedule,"758.1 % 2013 Manhattan Medicare. ",8707.92,,,,,,,Fee Schedule,"758.1 % 2013 Manhattan Medicare. ",5657.02,50,,,,,0,percent of total billed charges,50 percent of billed charges; No services were performed during the 15 month look back period.,4751.32,,,,,,,Fee Schedule,"329.000048470748 % Medicare Physician FS TC Rates Only. ",1725.95,,,,,,,Case Rate,"100% Medicare OPPS FS. ",8707.92,,,,,,,Fee Schedule,"758.1 % 2013 Manhattan Medicare. ",1405.38,,,,,,,Case Rate,"100 Percent of Medicaid APG. ",1760.47,,,,,,,Case Rate,"102% of Medicare OPPS. ",1760.47,,,,,,,Case Rate,"102% of Medicare OPPS. ",1760.47,,,,,,,Case Rate,"102% of Medicare OPPS. ",,,,,,,,,,,,,,,,,,,,,,,,,,,,,,,,,,,,,,,,,,,,,,,,,,,,,,,1760.47,,,,,,,Case Rate,"102% of Medicare OPPS. ",1405.38,,,,,,,Case Rate,"100 Percent of Medicaid APG. ",,,,,,,,,,,,,,,,,,,,,,,,,,,,,,,,,,,,,,,,,,,,,,113.1404,1,,,,,0,percent of total billed charges,NA. ; No services were performed during the 15 month look back period.,1725.95,,,,,,,Case Rate,"100% Medicare OPPS FS. ",1725.95,,,,,,,Case Rate,"100% Medicare OPPS FS. ",4751.32,,,,,,,Fee Schedule,"329.000048470748 % Medicare Physician FS TC Rates Only. ",1725.95,,,,,,,Case Rate,"100% Medicare OPPS FS. ",,,,,,,,,,,,,,,,,,,,,,,,,,,,,,,,,,,,,3162.1,,,,,,,Case Rate,225 Percent of Medicaid APG. Covered services not payable under Medicaid Fee Schedules default to a payment of 87.5 percent of charges.,113.1404,1,,,,,0,percent of total billed charges,NA. Covered services not payable under Medicaid Fee Schedules default to a payment of 50 percent of charges.; No services were performed during the 15 month look back period.,3162.1,,,,,,,Case Rate,"100 Percent of Medicaid APG. ",3162.1,,,,,,,Case Rate,"100 Percent of Medicaid APG. ",3162.1,,,,,,,Case Rate,"100 Percent of Medicaid APG. ",3162.1,,,,,,,Case Rate,"100 Percent of Medicaid APG. ",17711.24,,,,,,,Fee Schedule,"1019 % Manhattan Facility Rate. ",5657.02,50,,,,,0,percent of total billed charges,50 percent of billed charges; No services were performed during the 15 month look back period.,1686.45,,,,,,,Case Rate,"120 Percent of Medicaid APG. Not APG payable, or payable under another fee schedule like ASP/AWP pays at 30% of charges",1686.45,,,,,,,Case Rate,"120 Percent of Medicaid APG. Not APG payable, or payable under another fee schedule like ASP/AWP pays at 30% of charges",1405.38,,,,,,,Case Rate,"100 Percent of Medicaid APG. Not APG payable, or payable under another fee schedule like ASP/AWP pays at 30% of charges",1405.38,,,,,,,Case Rate,"100 Percent of Medicaid APG. Not APG payable, or payable under another fee schedule like ASP/AWP pays at 30% of charges",8707.92,,,,,,,Fee Schedule,"758.1 % 2013 Manhattan Medicare. ",8707.92,,,,,,,Fee Schedule,"758.1 % 2013 Manhattan Medicare. ",1725.95,,,,,,,Case Rate,"100% Medicare OPPS FS. ",8707.92,,,,,,,Fee Schedule,"758.1 % 2013 Manhattan Medicare. ",8707.92,,,,,,,Fee Schedule,"758.1 % 2013 Manhattan Medicare. ",8707.92,,,,,,,Fee Schedule,"758.1 % 2013 Manhattan Medicare. ",8707.92,,,,,,,Fee Schedule,"758.1 % 2013 Manhattan Medicare. ",1725.95,,,,,,,Case Rate,"100% Medicare OPPS FS. ",8707.92,,,,,,,Fee Schedule,"758.1 % 2013 Manhattan Medicare. ",8707.92,,,,,,,Fee Schedule,"758.1 % 2013 Manhattan Medicare. ",4751.32,,,,,,,Fee Schedule,"329.000048470748 % Medicare Physician FS TC Rates Only. ",1405.38,,,,,,,Fee Schedule,100% APG. Lesser of 100% of billed charges applies.,113.1404,1,,,,,0,percent of total billed charges,NA. Covered services not payable under Medicaid Fee Schedules default to a payment of 50 percent of charges.; No services were performed during the 15 month look back period.,,,,,,,,,,3162.1,,,,,,,Case Rate,225 Percent of Medicaid APG. Covered services not payable under Medicaid Fee Schedules default to a payment of 87.5 percent of charges.,113.1404,1,,,,,0,percent of total billed charges,NA. Covered services not payable under Medicaid Fee Schedules default to a payment of 50 percent of charges.; No services were performed during the 15 month look back period.,,,,,,,,,,,,,,,,,,,,,,,,,,,,,,,,,,,,,,,,,,,,,,,,,,,,,,,,,,,,,,,"NA. ",,,,,,,,,"NA. ",,,,,,,,,"NA. ",6788.424,60,,,,,0,percent of total billed charges,60 percent of billed charges; No services were performed during the 15 month look back period.,,,,,,,,,"NA. ",1725.95,,,,,,,Case Rate,"100% Medicare OPPS FS. ",1787,,,,,,,Fee Schedule,"100 % 1199 Fee Schedule. ",1725.95,,,,,,,Case Rate,"100% Medicare OPPS FS. ",1725.95,,,,,,,Case Rate,"100% Medicare OPPS FS. ",1686.45,,,,,,,Case Rate,"120 Percent of Medicaid APG. Not APG payable, or payable under another fee schedule like ASP/AWP pays at 30% of charges",1686.45,,,,,,,Case Rate,"120 Percent of Medicaid APG. Not APG payable, or payable under another fee schedule like ASP/AWP pays at 30% of charges",1405.38,,,,,,,Case Rate,"100 Percent of Medicaid APG. Not APG payable, or payable under another fee schedule like ASP/AWP pays at 30% of charges",1405.38,,,,,,,Case Rate,"100 Percent of Medicaid APG. Not APG payable, or payable under another fee schedule like ASP/AWP pays at 30% of charges",1405.38,,,,,,,Case Rate,"100 Percent of Medicaid APG. ",3133.85,,,,,,,Fee Schedule,"217 % Medicare RBRVS. ",4751.32,,,,,,,Fee Schedule,"329.000048470748 % Medicare Physician FS TC Rates Only. ",3682.63,,,,,,,Fee Schedule,"255 % Medicare RBRVS. ",6788.424,60,,,,,0,percent of total billed charges,60 percent of billed charges; No services were performed during the 15 month look back period.,1725.95,,,,,,,Case Rate,"100%Medicare OPPS FS. ",1725.95,,,,,,,Case Rate,"100% Medicare OPPS FS. ",1725.95,,,,,,,Case Rate,"100% Medicare OPPS FS. ",1725.95,,,,,,,Case Rate,"100% Medicare OPPS FS. ",1725.95,,,,,,,Case Rate,"100%Medicare OPPS FS. ",1725.95,,,,,,,Case Rate,"100% Medicare OPPS FS. ",,,,,,,,,"NA. ",,,,,,,,,,,,,,,,,,,8707.92,,,,,,,Fee Schedule,"758.1 % 2013 Manhattan Medicare. ",3133.85,,,,,,,Fee Schedule,"217 % Medicare RBRVS. ",3133.85,,,,,,,Fee Schedule,"217 % Medicare RBRVS. ",3133.85,,,,,,,Fee Schedule,"217 % Medicare RBRVS. ",3133.85,,,,,,,Fee Schedule,"217 % Medicare RBRVS. ",1725.95,,,,,,,Case Rate,"100% Medicare OPPS FS. ",1405.38,,,,,,,Case Rate,"100 Percent of Medicaid APG. ",8707.92,,,,,,,Fee Schedule,"758.1 % 2013 Manhattan Medicare. ",1405.38,,,,,,,Case Rate,"100 Percent of Medicaid APG. ",1725.95,,,,,,,Case Rate,"100% Medicare OPPS FS. ",1405.38,,,,,,,Case Rate,"100 Percent of Medicaid APG. ",1725.95,,,,,,,Case Rate,"100% Medicare OPPS FS. ",1725.95,,,,,,,Case Rate,"100% Medicare OPPS FS. ",1405.38,,,,,,,Case Rate,"100 Percent of Medicaid APG. ",1405.38,,,,,,,Case Rate,"100 Percent of Medicaid APG. ",3133.85,,,,,,,Fee Schedule,"217 % Medicare RBRVS. ",6788.424,60,,,,,0,percent of total billed charges,60 percent of billed charges; No services were performed during the 15 month look back period.,8824.9512,78,,,,,0,percent of total billed charges,78% of Billed Charges. Lesser of 100% of billed charges applies.; No services were performed during the 15 month look back period.,6811.39,,,,,,,Other,. Paid once per unit per revenue code and lesser of 100% of billed charges.,6811.39,,,,,,,Other,. Paid once per unit per revenue code and lesser of 100% of billed charges.,4751.32,,,,,,,Fee Schedule,"329.000048470748 % Medicare Physician FS TC Rates Only. ",1725.95,,,,,,,Case Rate,"98% of RBRVS. ",2787.25,,,,,,,Fee Schedule,"193 % Medicare RBRVS. ",2787.25,,,,,,,Fee Schedule,"193 % Medicare RBRVS. ",6966.56,,,,,,,Fee Schedule,"606.5 % 2013 Manhattan Medicare. ",6966.56,,,,,,,Fee Schedule,"606.5 % 2013 Manhattan Medicare. ",1725.95,,,,,,,Case Rate,"100% Medicare OPPS FS. ",1725.95,,,,,,,Case Rate,"100% Medicare OPPS FS. ",1725.95,,,,,,,Case Rate,"100% Medicare OPPS FS. ",1725.95,,,,,,,Case Rate,"100% Medicare OPPS FS. ",6811.39,,,,,,,Other,. Paid once per unit per revenue code and lesser of 100% of billed charges.,8707.92,,,,,,,Fee Schedule,"758.1 % 2013 Manhattan Medicare. ",8707.92,,,,,,,Fee Schedule,"758.1 % 2013 Manhattan Medicare. ",1725.95,,,,,,,Case Rate,"100% Medicare OPPS FS. ",6966.56,,,,,,,Fee Schedule,"606.5 % 2013 Manhattan Medicare. ",3682.63,,,,,,,Fee Schedule,"255 % Medicare RBRVS. ",,,,,,,,,,1405.38,,,,,,,Case Rate,"100 Percent of Medicaid APG. ",3133.85,,,,,,,Fee Schedule,"217 % Medicare RBRVS. ",7837.24,,,,,,,Fee Schedule,"682.3 % 2013 Manhattan Medicare. ",7837.24,,,,,,,Fee Schedule,"682.3 % 2013 Manhattan Medicare. ",8707.92,,,,,,,Fee Schedule,"758.1 % 2013 Manhattan Medicare. ",5657.02,50,,,,,0,percent of total billed charges,50 percent of billed charges; No services were performed during the 15 month look back period.,1725.95,,,,,,,Case Rate,"100%Medicare OPPS FS. ",1475.64,,,,,,,Fee Schedule,105 percent of Medicaid APG. otherwise 105% of Ordered NYS MCD FS or 105% of ASP+6%,1475.64,,,,,,,Fee Schedule,105 percent of Medicaid APG. otherwise 105% of Ordered NYS MCD FS or 105% of ASP+6%,1475.64,,,,,,,Fee Schedule,105 percent of Medicaid APG. otherwise 105% of Ordered NYS MCD FS or 105% of ASP+6%,1897.26,,,,,,,Fee Schedule,135 percent of Medicaid APG. otherwise 135% of Ordered NYS MCD FS or 135% of ASP+6%,6811.39,,,,,,,Other,. Paid once per unit per revenue code and lesser of 100% of billed charges.,1475.64,,,,,,,Fee Schedule,105 percent of Medicaid APG. otherwise 105% of Ordered NYS MCD FS or 105% of ASP+6%,1475.64,,,,,,,Fee Schedule,105 percent of Medicaid APG. otherwise 105% of Ordered NYS MCD FS or 105% of ASP+6%,1475.64,,,,,,,Fee Schedule,105 percent of Medicaid APG. otherwise 105% of Ordered NYS MCD FS or 105% of ASP+6%,1475.64,,,,,,,Fee Schedule,105 percent of Medicaid APG. otherwise 105% of Ordered NYS MCD FS or 105% of ASP+6%,1475.64,,,,,,,Fee Schedule,105 percent of Medicaid APG. otherwise 105% of Ordered NYS MCD FS or 105% of ASP+6%,1897.26,,,,,,,Fee Schedule,135 percent of Medicaid APG. otherwise 135% of Ordered NYS MCD FS or 135% of ASP+6%,1897.26,,,,,,,Fee Schedule,135 percent of Medicaid APG. otherwise 135% of Ordered NYS MCD FS or 135% of ASP+6%,1725.95,,,,,,,Case Rate,"100% Medicare OPPS FS. ",6811.39,,,,,,,Other,. Paid once per unit per revenue code and lesser of 100% of billed charges.,1725.95,,,,,,,Case Rate,"100% Medicare OPPS FS. ",1475.64,,,,,,,Fee Schedule,105 percent of Medicaid APG. otherwise 105% of Ordered NYS MCD FS or 105% of ASP+6%,8707.92,,,,,,,Fee Schedule,"758.1 % 2013 Manhattan Medicare. ",1725.95,,,,,,,Case Rate,"100% Medicare OPPS FS. ",8707.92,,,,,,,Fee Schedule,"758.1 % 2013 Manhattan Medicare. ",8707.92,,,,,,,Fee Schedule,"758.1 % 2013 Manhattan Medicare. ",8707.92,,,,,,,Fee Schedule,"758.1 % 2013 Manhattan Medicare. ",1475.64,,,,,,,Fee Schedule,105 percent of Medicaid APG. otherwise 105% of Ordered NYS MCD FS or 105% of ASP+6%,1725.95,,,,,,,Case Rate,"100% Medicare OPPS FS. ",8707.92,,,,,,,Fee Schedule,"758.1 % 2013 Manhattan Medicare. ",1897.26,,,,,,,Fee Schedule,135 percent of Medicaid APG. otherwise 135% of Ordered NYS MCD FS or 135% of ASP+6%,8707.92,,,,,,,Fee Schedule,"758.1 % 2013 Manhattan Medicare. ",2588.92,,,,,,,Case Rate,"150% of Medicare OPPS. ",1725.95,,,,,,,Case Rate,"100%Medicare OPPS FS. ",3133.85,,,,,,,Fee Schedule,"217 % Medicare RBRVS. ",3133.85,,,,,,,Fee Schedule,"217 % Medicare RBRVS. ",3133.85,,,,,,,Fee Schedule,"217 % Medicare RBRVS. ",3133.85,,,,,,,Fee Schedule,"217 % Medicare RBRVS. ",3133.85,,,,,,,Fee Schedule,"217 % Medicare RBRVS. ",3682.63,,,,,,,Fee Schedule,"255 % Medicare RBRVS. ",3682.63,,,,,,,Fee Schedule,"255 % Medicare RBRVS. ",3133.85,,,,,,,Fee Schedule,"217 % Medicare RBRVS. ",3133.85,,,,,,,Fee Schedule,"217 % Medicare RBRVS. ",3133.85,,,,,,,Fee Schedule,"217 % Medicare RBRVS. ",3133.85,,,,,,,Fee Schedule,"217 % Medicare RBRVS. ",3133.85,,,,,,,Fee Schedule,"217 % Medicare RBRVS. ",1725.95,,,,,,,Case Rate,"100% Medicare OPPS FS. ",3682.63,,,,,,,Fee Schedule,"255 % Medicare RBRVS. ",1725.95,,,,,,,Case Rate,"100% Medicare OPPS FS. ",3162.1,,,,,,,Case Rate,"225 Percent of Medicaid APG. If not included in Medicaid APG, then 100 Percent of Manhattan Medicare",1405.38,,,,,,,Case Rate,"100 Percent of Medicaid APG. If not priced under APG, then Metroplus FeeSched",6811.39,,,,,,,Other,. Paid once per unit per revenue code and lesser of 100% of billed charges.,6811.39,,,,,,,Other,. Paid once per unit per revenue code and lesser of 100% of billed charges.,1725.95,,,,,,,Case Rate,"100% Medicare OPPS FS. ",2787.25,,,,,,,Fee Schedule,"193 % Medicare RBRVS. ",1725.95,,,,,,,Case Rate,"100% Medicare OPPS FS. ",1725.95,,,,,,,Case Rate,"100% Medicare OPPS FS. ",4751.32,,,,,,,Fee Schedule,"329.000048470748 % Medicare Physician FS TC Rates Only. ",1725.95,,,,,,,Case Rate,"100% Medicare OPPS FS. ",6788.424,60,,,,,0,percent of total billed charges,60 percent of billed charges; No services were performed during the 15 month look back period.,1725.95,,,,,,,Case Rate,"100% Medicare OPPS FS. ",6788.424,60,,,,,0,percent of total billed charges,60 percent of billed charges; No services were performed during the 15 month look back period.,4751.32,,,,,,,Fee Schedule,"329.000048470748 % Medicare Physician FS TC Rates Only. ",6788.424,60,,,,,0,percent of total billed charges,60 percent of billed charges; No services were performed during the 15 month look back period.,1725.95,,,,,,,Case Rate,"100% Medicare OPPS FS. ",1405.38,,,,,,,Case Rate,"100 Percent of Medicaid APG. ",1725.95,,,,,,,Case Rate,"100% Medicare OPPS FS. ",6788.424,60,,,,,0,percent of total billed charges,60 percent of billed charges; No services were performed during the 15 month look back period.,6811.39,,,,,,,Other,. Paid once per unit per revenue code and lesser of 100% of billed charges.,1405.38,,,,,,,Case Rate,"100 Percent of Medicaid APG. ",8707.92,,,,,,,Fee Schedule,"758.1 % 2013 Manhattan Medicare. ",,,,,,,,,,,,,,,,,,,8707.92,,,,,,,Fee Schedule,"758.1 % 2013 Manhattan Medicare. ",8707.92,,,,,,,Fee Schedule,"758.1 % 2013 Manhattan Medicare. ",8707.92,,,,,,,Fee Schedule,"758.1 % 2013 Manhattan Medicare. ",6811.39,,,,,,,Other,. Paid once per unit per revenue code and lesser of 100% of billed charges.,8707.92,,,,,,,Fee Schedule,"758.1 % 2013 Manhattan Medicare. ",8707.92,,,,,,,Fee Schedule,"758.1 % 2013 Manhattan Medicare. ",8707.92,,,,,,,Fee Schedule,"758.1 % 2013 Manhattan Medicare. ",3133.85,,,,,,,Fee Schedule,"217 % Medicare RBRVS. ",3133.85,,,,,,,Fee Schedule,"217 % Medicare RBRVS. ",3417.38,,,,,,,Case Rate,198 Percent of Medicare OPPS. Metroplus will reimburse unlisted codes and described codes with no Medicare rate at 50 percent of charges.,1405.38,,,,,,,Case Rate,"100 Percent of Medicaid APG. ",6811.39,,,,,,,Other,. Paid once per unit per revenue code and lesser of 100% of billed charges.,6788.424,60,,,,,0,percent of total billed charges,60 percent of billed charges; No services were performed during the 15 month look back period.,4751.32,,,,,,,Fee Schedule,"329.000048470748 % Medicare Physician FS TC Rates Only. ",6811.39,,,,,,,Other,. Paid once per unit per revenue code and lesser of 100% of billed charges.,4751.32,,,,,,,Fee Schedule,"329.000048470748 % Medicare Physician FS TC Rates Only. ",6811.39,,,,,,,Other,. Paid once per unit per revenue code and lesser of 100% of billed charges.,8707.92,,,,,,,Fee Schedule,"758.1 % 2013 Manhattan Medicare. ",8707.92,,,,,,,Fee Schedule,"758.1 % 2013 Manhattan Medicare. ",8707.92,,,,,,,Fee Schedule,"758.1 % 2013 Manhattan Medicare. ",8707.92,,,,,,,Fee Schedule,"758.1 % 2013 Manhattan Medicare. ",1725.95,,,,,,,Case Rate,"100% Medicare OPPS FS. ",113.1404,17711.24,
78580,CPT,2021246,LOCAL,341,RC,HC LUNG PERFUSION IMAGING,2503.75,475.7125,both,,,,175,,,,,,,Fee Schedule,"100 % 1199 Fee Schedule. ",175,,,,,,,Fee Schedule,"100 % 1199 Fee Schedule. ",1015.98,,,,,,,Fee Schedule,"501.001035554021 % Medicare Physician FS TC Rates Only. ",2503.75,100,,,,,0,percent of total billed charges,100 percent of billed charges. ; No services were performed during the 15 month look back period.,475.49,,,,,,,Case Rate,"100% Medicare OPPS FS. ",1015.98,,,,,,,Fee Schedule,"501.001035554021 % Medicare Physician FS TC Rates Only. ",1015.98,,,,,,,Fee Schedule,"501.001035554021 % Medicare Physician FS TC Rates Only. ",1015.98,,,,,,,Fee Schedule,"501.001035554021 % Medicare Physician FS TC Rates Only. ",1138,,,,,,,Case Rate,"100 Percent of Medicaid APG. ",948.34,,,,,,,Case Rate,"100 Percent of Medicaid APG. ",1952.925,78,,,,,0,percent of total billed charges,78% of Billed Charges. Lesser of 100% of billed charges applies.; No services were performed during the 15 month look back period.,1904.72,,,,,,,Other,. Paid once per unit per revenue code and lesser of 100% of billed charges.,948.34,,,,,,,Case Rate,"100 Percent of Medicaid APG. ",475.49,,,,,,,Case Rate,"100% Medicare OPPS FS. ",1502.25,60,,,,,0,percent of total billed charges,60 percent of billed charges; No services were performed during the 15 month look back period.,1502.25,60,,,,,0,percent of total billed charges,60 percent of billed charges; No services were performed during the 15 month look back period.,1502.25,60,,,,,0,percent of total billed charges,60 percent of billed charges; No services were performed during the 15 month look back period.,1502.25,60,,,,,0,percent of total billed charges,60 percent of billed charges; No services were performed during the 15 month look back period.,188.07,,,,,,,Fee schedule,90 Percent of Medicare RBRVS. Covered services not payable under Medicaid Fee Schedules default to a payment of 50 percent of charges.,475.49,,,,,,,Case Rate,"100% Medicare OPPS FS. ",188.07,,,,,,,Fee schedule,90 Percent of Medicare RBRVS. Covered services not payable under Medicaid Fee Schedules default to a payment of 50 percent of charges.,1952.925,78,,,,,0,percent of total billed charges,78% of Billed Charges. Lesser of 100% of billed charges applies.; No services were performed during the 15 month look back period.,1015.98,,,,,,,Fee Schedule,"501.001035554021 % Medicare Physician FS TC Rates Only. ",475.49,,,,,,,Case Rate,"100%Medicare OPPS FS. ",517.11,,,,,,,Fee Schedule,"255 % Medicare RBRVS. ",475.49,,,,,,,Case Rate,"100%Medicare OPPS FS. ",475.49,,,,,,,Case Rate,"100%Medicare OPPS FS. ",1952.925,78,,,,,0,percent of total billed charges,78% of Billed Charges. Lesser of 100% of billed charges applies.; No services were performed during the 15 month look back period.,207.38,,,,,,,Case Rate,100% of PAS. Lesser of 100% of billed charges applies.,207.38,,,,,,,Case Rate,100% of PAS. Lesser of 100% of billed charges applies.,188.07,,,,,,,Fee schedule,"90 Percent of Medicare RBRVS. ",188.07,,,,,,,Fee schedule,"90 Percent of Medicare RBRVS. ",517.11,,,,,,,Fee Schedule,"255 % Medicare RBRVS. ",517.11,,,,,,,Fee Schedule,"255 % Medicare RBRVS. ",948.34,,,,,,,Case Rate,"100 Percent of Medicaid APG. Not APG payable, or payable under another fee schedule like ASP/AWP pays at 30% of charges",517.11,,,,,,,Fee Schedule,"255 % Medicare RBRVS. ",948.34,,,,,,,Case Rate,"100 Percent of Medicaid APG. Not APG payable, or payable under another fee schedule like ASP/AWP pays at 30% of charges",475.49,,,,,,,Case Rate,"100%Medicare OPPS FS. ",517.11,,,,,,,Fee Schedule,"255 % Medicare RBRVS. ",1952.925,78,,,,,0,percent of total billed charges,78% of Billed Charges. Lesser of 100% of billed charges applies.; No services were performed during the 15 month look back period.,948.34,,,,,,,Case Rate,"100 Percent of Medicaid APG. If not priced under APG, then Metroplus FeeSched",948.34,,,,,,,Case Rate,"100 Percent of Medicaid APG. If not priced under APG, then Metroplus FeeSched",1952.925,78,,,,,0,percent of total billed charges,78% of Billed Charges. Lesser of 100% of billed charges applies.; No services were performed during the 15 month look back period.,1502.25,60,,,,,0,percent of total billed charges,60 percent of billed charges; No services were performed during the 15 month look back period.,1812,,,,,,,Other,. Paid once per unit per revenue code and lesser of 100% of billed charges.,1812,,,,,,,Other,. Paid once per unit per revenue code and lesser of 100% of billed charges.,1952.925,78,,,,,0,percent of total billed charges,78% of Billed Charges. Lesser of 100% of billed charges applies.; No services were performed during the 15 month look back period.,475.49,,,,,,,Case Rate,"100% Medicare OPPS FS. ",1904.72,,,,,,,Other,. Paid once per unit per revenue code and lesser of 100% of billed charges.,1904.72,,,,,,,Other,. Paid once per unit per revenue code and lesser of 100% of billed charges.,1904.72,,,,,,,Other,. Paid once per unit per revenue code and lesser of 100% of billed charges.,475.49,,,,,,,Case Rate,"100% Medicare OPPS FS. ",1904.72,,,,,,,Other,. Paid once per unit per revenue code and lesser of 100% of billed charges.,1904.72,,,,,,,Other,. Paid once per unit per revenue code and lesser of 100% of billed charges.,475.49,,,,,,,Case Rate,"100% of Medicare OPPS. ",1251.875,50,,,,,0,percent of total billed charges,50 percent of billed charges; No services were performed during the 15 month look back period.,1850.07,,,,,,,Fee Schedule,"758.1 % 2013 Manhattan Medicare. ",1850.07,,,,,,,Fee Schedule,"758.1 % 2013 Manhattan Medicare. ",1850.07,,,,,,,Fee Schedule,"758.1 % 2013 Manhattan Medicare. ",1850.07,,,,,,,Fee Schedule,"758.1 % 2013 Manhattan Medicare. ",1850.07,,,,,,,Fee Schedule,"758.1 % 2013 Manhattan Medicare. ",1850.07,,,,,,,Fee Schedule,"758.1 % 2013 Manhattan Medicare. ",475.49,,,,,,,Case Rate,"100% Medicare OPPS FS. ",475.49,,,,,,,Case Rate,"100% Medicare OPPS FS. ",1850.07,,,,,,,Fee Schedule,"758.1 % 2013 Manhattan Medicare. ",1952.925,78,,,,,0,percent of total billed charges,78% of Billed Charges. Lesser of 100% of billed charges applies.; No services were performed during the 15 month look back period.,1952.925,78,,,,,0,percent of total billed charges,78% of Billed Charges. Lesser of 100% of billed charges applies.; No services were performed during the 15 month look back period.,1952.925,78,,,,,0,percent of total billed charges,78% of Billed Charges. Lesser of 100% of billed charges applies.; No services were performed during the 15 month look back period.,1952.925,78,,,,,0,percent of total billed charges,78% of Billed Charges. Lesser of 100% of billed charges applies.; No services were performed during the 15 month look back period.,1952.925,78,,,,,0,percent of total billed charges,78% of Billed Charges. Lesser of 100% of billed charges applies.; No services were performed during the 15 month look back period.,1952.925,78,,,,,0,percent of total billed charges,78% of Billed Charges. Lesser of 100% of billed charges applies.; No services were performed during the 15 month look back period.,1952.925,78,,,,,0,percent of total billed charges,78% of Billed Charges. Lesser of 100% of billed charges applies.; No services were performed during the 15 month look back period.,1952.925,78,,,,,0,percent of total billed charges,78% of Billed Charges. Lesser of 100% of billed charges applies.; No services were performed during the 15 month look back period.,1952.925,78,,,,,0,percent of total billed charges,78% of Billed Charges. Lesser of 100% of billed charges applies.; No services were performed during the 15 month look back period.,1952.925,78,,,,,0,percent of total billed charges,78% of Billed Charges. Lesser of 100% of billed charges applies.; No services were performed during the 15 month look back period.,1952.925,78,,,,,0,percent of total billed charges,78% of Billed Charges. Lesser of 100% of billed charges applies.; No services were performed during the 15 month look back period.,1952.925,78,,,,,0,percent of total billed charges,78% of Billed Charges. Lesser of 100% of billed charges applies.; No services were performed during the 15 month look back period.,1952.925,78,,,,,0,percent of total billed charges,78% of Billed Charges. Lesser of 100% of billed charges applies.; No services were performed during the 15 month look back period.,1952.925,78,,,,,0,percent of total billed charges,78% of Billed Charges. Lesser of 100% of billed charges applies.; No services were performed during the 15 month look back period.,1952.925,78,,,,,0,percent of total billed charges,78% of Billed Charges. Lesser of 100% of billed charges applies.; No services were performed during the 15 month look back period.,1952.925,78,,,,,0,percent of total billed charges,78% of Billed Charges. Lesser of 100% of billed charges applies.; No services were performed during the 15 month look back period.,1952.925,78,,,,,0,percent of total billed charges,78% of Billed Charges. Lesser of 100% of billed charges applies.; No services were performed during the 15 month look back period.,1952.925,78,,,,,0,percent of total billed charges,78% of Billed Charges. Lesser of 100% of billed charges applies.; No services were performed during the 15 month look back period.,1952.925,78,,,,,0,percent of total billed charges,78% of Billed Charges. Lesser of 100% of billed charges applies.; No services were performed during the 15 month look back period.,1952.925,78,,,,,0,percent of total billed charges,78% of Billed Charges. Lesser of 100% of billed charges applies.; No services were performed during the 15 month look back period.,1952.925,78,,,,,0,percent of total billed charges,78% of Billed Charges. Lesser of 100% of billed charges applies.; No services were performed during the 15 month look back period.,1952.925,78,,,,,0,percent of total billed charges,78% of Billed Charges. Lesser of 100% of billed charges applies.; No services were performed during the 15 month look back period.,1952.925,78,,,,,0,percent of total billed charges,78% of Billed Charges. Lesser of 100% of billed charges applies.; No services were performed during the 15 month look back period.,1952.925,78,,,,,0,percent of total billed charges,78% of Billed Charges. Lesser of 100% of billed charges applies.; No services were performed during the 15 month look back period.,1952.925,78,,,,,0,percent of total billed charges,78% of Billed Charges. Lesser of 100% of billed charges applies.; No services were performed during the 15 month look back period.,1952.925,78,,,,,0,percent of total billed charges,78% of Billed Charges. Lesser of 100% of billed charges applies.; No services were performed during the 15 month look back period.,517.11,,,,,,,Fee Schedule,"255 % Medicare RBRVS. ",517.11,,,,,,,Fee Schedule,"255 % Medicare RBRVS. ",517.11,,,,,,,Fee Schedule,"255 % Medicare RBRVS. ",517.11,,,,,,,Fee Schedule,"255 % Medicare RBRVS. ",391.38,,,,,,,Fee Schedule,"193 % Medicare RBRVS. ",391.38,,,,,,,Fee Schedule,"193 % Medicare RBRVS. ",1502.25,60,,,,,0,percent of total billed charges,60 percent of billed charges; No services were performed during the 15 month look back period.,1850.07,,,,,,,Fee Schedule,"758.1 % 2013 Manhattan Medicare. ",1904.72,,,,,,,Other,. Paid once per unit per revenue code and lesser of 100% of billed charges.,1850.07,,,,,,,Fee Schedule,"758.1 % 2013 Manhattan Medicare. ",1952.925,78,,,,,0,percent of total billed charges,78% of Billed Charges. Lesser of 100% of billed charges applies.; No services were performed during the 15 month look back period.,391.38,,,,,,,Fee Schedule,"193 % Medicare RBRVS. ",1850.07,,,,,,,Fee Schedule,"758.1 % 2013 Manhattan Medicare. ",1904.72,,,,,,,Other,. Paid once per unit per revenue code and lesser of 100% of billed charges.,1502.25,60,,,,,0,percent of total billed charges,60 percent of billed charges; No services were performed during the 15 month look back period.,,,,,,,,,"NA. ",1952.925,78,,,,,0,percent of total billed charges,78% of Billed Charges. Lesser of 100% of billed charges applies.; No services were performed during the 15 month look back period.,948.34,,,,,,,Case Rate,"100 Percent of Medicaid APG. ",517.11,,,,,,,Fee Schedule,"255 % Medicare RBRVS. ",948.34,,,,,,,Case Rate,"100 Percent of Medicaid APG. Not APG payable, or payable under another fee schedule like ASP/AWP pays at 30% of charges",475.49,,,,,,,Case Rate,"100%Medicare OPPS FS. ",475.49,,,,,,,Case Rate,"100% Medicare OPPS FS. ",1251.875,50,,,,,0,percent of total billed charges,50 percent of billed charges; No services were performed during the 15 month look back period.,475.49,,,,,,,Case Rate,"100% Medicare OPPS FS. ",475.49,,,,,,,Case Rate,"100% Medicare OPPS FS. ",948.34,,,,,,,Case Rate,"100 Percent of Medicaid APG. ",475.49,,,,,,,Case Rate,"100% Medicare OPPS FS. ",475.49,,,,,,,Case Rate,"100% Medicare OPPS FS. ",1015.98,,,,,,,Fee Schedule,"501.001035554021 % Medicare Physician FS TC Rates Only. ",1015.98,,,,,,,Fee Schedule,"501.001035554021 % Medicare Physician FS TC Rates Only. ",475.49,,,,,,,Case Rate,"100% Medicare OPPS FS. ",1502.25,60,,,,,0,percent of total billed charges,60 percent of billed charges; No services were performed during the 15 month look back period.,1904.72,,,,,,,Other,. Paid once per unit per revenue code and lesser of 100% of billed charges.,1904.72,,,,,,,Other,. Paid once per unit per revenue code and lesser of 100% of billed charges.,475.49,,,,,,,Case Rate,"100% Medicare OPPS FS. ",1502.25,60,,,,,0,percent of total billed charges,60 percent of billed charges; No services were performed during the 15 month look back period.,1015.98,,,,,,,Fee Schedule,"501.001035554021 % Medicare Physician FS TC Rates Only. ",1015.98,,,,,,,Fee Schedule,"501.001035554021 % Medicare Physician FS TC Rates Only. ",1015.98,,,,,,,Fee Schedule,"501.001035554021 % Medicare Physician FS TC Rates Only. ",1952.925,78,,,,,0,percent of total billed charges,78% of Billed Charges. Lesser of 100% of billed charges applies.; No services were performed during the 15 month look back period.,1952.925,78,,,,,0,percent of total billed charges,78% of Billed Charges. Lesser of 100% of billed charges applies.; No services were performed during the 15 month look back period.,1952.925,78,,,,,0,percent of total billed charges,78% of Billed Charges. Lesser of 100% of billed charges applies.; No services were performed during the 15 month look back period.,1952.925,78,,,,,0,percent of total billed charges,78% of Billed Charges. Lesser of 100% of billed charges applies.; No services were performed during the 15 month look back period.,1952.925,78,,,,,0,percent of total billed charges,78% of Billed Charges. Lesser of 100% of billed charges applies.; No services were performed during the 15 month look back period.,1952.925,78,,,,,0,percent of total billed charges,78% of Billed Charges. Lesser of 100% of billed charges applies.; No services were performed during the 15 month look back period.,1952.925,78,,,,,0,percent of total billed charges,78% of Billed Charges. Lesser of 100% of billed charges applies.; No services were performed during the 15 month look back period.,1952.925,78,,,,,0,percent of total billed charges,78% of Billed Charges. Lesser of 100% of billed charges applies.; No services were performed during the 15 month look back period.,1952.925,78,,,,,0,percent of total billed charges,78% of Billed Charges. Lesser of 100% of billed charges applies.; No services were performed during the 15 month look back period.,1952.925,78,,,,,0,percent of total billed charges,78% of Billed Charges. Lesser of 100% of billed charges applies.; No services were performed during the 15 month look back period.,1952.925,78,,,,,0,percent of total billed charges,78% of Billed Charges. Lesser of 100% of billed charges applies.; No services were performed during the 15 month look back period.,391.38,,,,,,,Fee Schedule,"193 % Medicare RBRVS. ",1850.07,,,,,,,Fee Schedule,"758.1 % 2013 Manhattan Medicare. ",1502.25,60,,,,,0,percent of total billed charges,60 percent of billed charges; No services were performed during the 15 month look back period.,475.49,,,,,,,Case Rate,"100% Medicare OPPS FS. ",1015.98,,,,,,,Fee Schedule,"501.001035554021 % Medicare Physician FS TC Rates Only. ",1502.25,60,,,,,0,percent of total billed charges,60 percent of billed charges; No services were performed during the 15 month look back period.,1502.25,60,,,,,0,percent of total billed charges,60 percent of billed charges; No services were performed during the 15 month look back period.,1952.925,78,,,,,0,percent of total billed charges,78% of Billed Charges. Lesser of 100% of billed charges applies.; No services were performed during the 15 month look back period.,2029.44,,,,,,,Case Rate,"141 Percent of current Medicare RBRVS FeeSched. ",1502.25,60,,,,,0,percent of total billed charges,60 percent of billed charges; No services were performed during the 15 month look back period.,948.34,,,,,,,Case Rate,"100 Percent of Medicaid APG. ",475.49,,,,,,,Case Rate,"100% Medicare OPPS FS. ",475.49,,,,,,,Case Rate,"100% Medicare OPPS FS. ",475.49,,,,,,,Case Rate,"100% Medicare OPPS FS. ",475.49,,,,,,,Case Rate,"100% Medicare OPPS FS. ",475.49,,,,,,,Case Rate,"100% Medicare OPPS FS. ",475.49,,,,,,,Case Rate,"100% Medicare OPPS FS. ",1502.25,60,,,,,0,percent of total billed charges,60 percent of billed charges; No services were performed during the 15 month look back period.,1251.875,50,,,,,0,percent of total billed charges,50 percent of billed charges; No services were performed during the 15 month look back period.,334.35,,,,,,,Fee Schedule,"160 Percent of Medicare RBRVS. ",334.35,,,,,,,Fee Schedule,"160 Percent of Medicare RBRVS. ",334.35,,,,,,,Fee Schedule,"160 Percent of Medicare RBRVS. ",334.35,,,,,,,Fee Schedule,"160 Percent of Medicare RBRVS. ",334.35,,,,,,,Fee Schedule,"160 Percent of Medicare RBRVS. ",,,,,,,,,"NA. ",1251.875,50,,,,,0,percent of total billed charges,50 percent of billed charges; No services were performed during the 15 month look back period.,941.46,,,,,,,Case Rate,198 Percent of Medicare OPPS. Metroplus will reimburse unlisted codes and described codes with no Medicare rate at 50 percent of charges.,941.46,,,,,,,Case Rate,198 Percent of Medicare OPPS. Metroplus will reimburse unlisted codes and described codes with no Medicare rate at 50 percent of charges.,941.46,,,,,,,Case Rate,198 Percent of Medicare OPPS. Metroplus will reimburse unlisted codes and described codes with no Medicare rate at 50 percent of charges.,941.46,,,,,,,Case Rate,198 Percent of Medicare OPPS. Metroplus will reimburse unlisted codes and described codes with no Medicare rate at 50 percent of charges.,941.46,,,,,,,Case Rate,198 Percent of Medicare OPPS. Metroplus will reimburse unlisted codes and described codes with no Medicare rate at 50 percent of charges.,475.49,,,,,,,Case Rate,"100% Medicare OPPS FS. ",391.38,,,,,,,Fee Schedule,"193 % Medicare RBRVS. ",391.38,,,,,,,Fee Schedule,"193 % Medicare RBRVS. ",391.38,,,,,,,Fee Schedule,"193 % Medicare RBRVS. ",391.38,,,,,,,Fee Schedule,"193 % Medicare RBRVS. ",1015.98,,,,,,,Fee Schedule,"501.001035554021 % Medicare Physician FS TC Rates Only. ",1015.98,,,,,,,Fee Schedule,"501.001035554021 % Medicare Physician FS TC Rates Only. ",1015.98,,,,,,,Fee Schedule,"501.001035554021 % Medicare Physician FS TC Rates Only. ",1015.98,,,,,,,Fee Schedule,"501.001035554021 % Medicare Physician FS TC Rates Only. ",1251.875,50,,,,,0,percent of total billed charges,50 percent of billed charges; No services were performed during the 15 month look back period.,1251.875,50,,,,,0,percent of total billed charges,50 percent of billed charges; No services were performed during the 15 month look back period.,475.49,,,,,,,Case Rate,"100% Medicare OPPS FS. ",475.49,,,,,,,Case Rate,"100% Medicare OPPS FS. ",475.49,,,,,,,Case Rate,"100% Medicare OPPS FS. ",1850.07,,,,,,,Fee Schedule,"758.1 % 2013 Manhattan Medicare. ",1850.07,,,,,,,Fee Schedule,"758.1 % 2013 Manhattan Medicare. ",1850.07,,,,,,,Fee Schedule,"758.1 % 2013 Manhattan Medicare. ",1251.875,50,,,,,0,percent of total billed charges,50 percent of billed charges; No services were performed during the 15 month look back period.,1015.98,,,,,,,Fee Schedule,"501.001035554021 % Medicare Physician FS TC Rates Only. ",475.49,,,,,,,Case Rate,"100% Medicare OPPS FS. ",1850.07,,,,,,,Fee Schedule,"758.1 % 2013 Manhattan Medicare. ",948.34,,,,,,,Case Rate,"100 Percent of Medicaid APG. ",485,,,,,,,Case Rate,"102% of Medicare OPPS. ",485,,,,,,,Case Rate,"102% of Medicare OPPS. ",485,,,,,,,Case Rate,"102% of Medicare OPPS. ",188.07,,,,,,,Fee schedule,"90 Percent of Medicare RBRVS. ",2133.75,,,,,,,Case Rate,225% of NYS APG. Lesser of 100% of billed charges applies.,2133.75,,,,,,,Case Rate,225% of NYS APG. Lesser of 100% of billed charges applies.,2133.75,,,,,,,Case Rate,225% of NYS APG. Lesser of 100% of billed charges applies.,2133.75,,,,,,,Case Rate,225% of NYS APG. Lesser of 100% of billed charges applies.,2133.75,,,,,,,Case Rate,225% of NYS APG. Lesser of 100% of billed charges applies.,485,,,,,,,Case Rate,"102% of Medicare OPPS. ",948.34,,,,,,,Case Rate,"100 Percent of Medicaid APG. ",207.38,,,,,,,Case Rate,100% of PAS. Lesser of 100% of billed charges applies.,2133.75,,,,,,,Case Rate,225% of NYS APG. Lesser of 100% of billed charges applies.,2133.75,,,,,,,Case Rate,225% of NYS APG. Lesser of 100% of billed charges applies.,207.38,,,,,,,Case Rate,100% of PAS. Lesser of 100% of billed charges applies.,207.38,,,,,,,Case Rate,100% of PAS. Lesser of 100% of billed charges applies.,334.35,,,,,,,Fee Schedule,"160 Percent of Medicare RBRVS. ",475.49,,,,,,,Case Rate,"100% Medicare OPPS FS. ",475.49,,,,,,,Case Rate,"100% Medicare OPPS FS. ",1015.98,,,,,,,Fee Schedule,"501.001035554021 % Medicare Physician FS TC Rates Only. ",475.49,,,,,,,Case Rate,"100% Medicare OPPS FS. ",2133.75,,,,,,,Fee Schedule,"225 Percent of Medicaid APG. ",2133.75,,,,,,,Fee Schedule,"225 Percent of Medicaid APG. ",188.07,,,,,,,Fee schedule,"90 Percent of Medicare RBRVS. ",188.07,,,,,,,Fee schedule,"90 Percent of Medicare RBRVS. ",2133.75,,,,,,,Case Rate,225 Percent of Medicaid APG. Covered services not payable under Medicaid Fee Schedules default to a payment of 87.5 percent of charges.,188.07,,,,,,,Fee schedule,90 Percent of Medicare RBRVS. Covered services not payable under Medicaid Fee Schedules default to a payment of 50 percent of charges.,2133.75,,,,,,,Case Rate,"100 Percent of Medicaid APG. ",2133.75,,,,,,,Case Rate,"100 Percent of Medicaid APG. ",2133.75,,,,,,,Case Rate,"100 Percent of Medicaid APG. ",2133.75,,,,,,,Case Rate,"100 Percent of Medicaid APG. ",2138.58,,,,,,,Fee Schedule,"1019 % Manhattan Facility Rate. ",1251.875,50,,,,,0,percent of total billed charges,50 percent of billed charges; No services were performed during the 15 month look back period.,1138,,,,,,,Case Rate,"120 Percent of Medicaid APG. Not APG payable, or payable under another fee schedule like ASP/AWP pays at 30% of charges",1138,,,,,,,Case Rate,"120 Percent of Medicaid APG. Not APG payable, or payable under another fee schedule like ASP/AWP pays at 30% of charges",948.34,,,,,,,Case Rate,"100 Percent of Medicaid APG. Not APG payable, or payable under another fee schedule like ASP/AWP pays at 30% of charges",948.34,,,,,,,Case Rate,"100 Percent of Medicaid APG. Not APG payable, or payable under another fee schedule like ASP/AWP pays at 30% of charges",1850.07,,,,,,,Fee Schedule,"758.1 % 2013 Manhattan Medicare. ",1850.07,,,,,,,Fee Schedule,"758.1 % 2013 Manhattan Medicare. ",475.49,,,,,,,Case Rate,"100% Medicare OPPS FS. ",1850.07,,,,,,,Fee Schedule,"758.1 % 2013 Manhattan Medicare. ",1850.07,,,,,,,Fee Schedule,"758.1 % 2013 Manhattan Medicare. ",1850.07,,,,,,,Fee Schedule,"758.1 % 2013 Manhattan Medicare. ",1850.07,,,,,,,Fee Schedule,"758.1 % 2013 Manhattan Medicare. ",475.49,,,,,,,Case Rate,"100% Medicare OPPS FS. ",1850.07,,,,,,,Fee Schedule,"758.1 % 2013 Manhattan Medicare. ",1850.07,,,,,,,Fee Schedule,"758.1 % 2013 Manhattan Medicare. ",1015.98,,,,,,,Fee Schedule,"501.001035554021 % Medicare Physician FS TC Rates Only. ",1043.17,,,,,,,Fee Schedule,110% of APG. Lesser of 100% of billed charges applies.,188.07,,,,,,,Fee schedule,90 Percent of Medicare RBRVS. Covered services not payable under Medicaid Fee Schedules default to a payment of 50 percent of charges.,2133.75,,,,,,,Case Rate,225% of NYS APG. Lesser of 100% of billed charges applies.,2133.75,,,,,,,Case Rate,225 Percent of Medicaid APG. Covered services not payable under Medicaid Fee Schedules default to a payment of 87.5 percent of charges.,188.07,,,,,,,Fee schedule,90 Percent of Medicare RBRVS. Covered services not payable under Medicaid Fee Schedules default to a payment of 50 percent of charges.,2133.75,,,,,,,Case Rate,225% of NYS APG. Lesser of 100% of billed charges applies.,2133.75,,,,,,,Case Rate,225% of NYS APG. Lesser of 100% of billed charges applies.,2133.75,,,,,,,Case Rate,225% of NYS APG. Lesser of 100% of billed charges applies.,2133.75,,,,,,,Case Rate,225% of NYS APG. Lesser of 100% of billed charges applies.,2133.75,,,,,,,Case Rate,225% of NYS APG. Lesser of 100% of billed charges applies.,2133.75,,,,,,,Case Rate,225% of NYS APG. Lesser of 100% of billed charges applies.,,,,,,,,,"NA. ",,,,,,,,,"NA. ",,,,,,,,,"NA. ",1502.25,60,,,,,0,percent of total billed charges,60 percent of billed charges; No services were performed during the 15 month look back period.,,,,,,,,,"NA. ",475.49,,,,,,,Case Rate,"100% Medicare OPPS FS. ",175,,,,,,,Fee Schedule,"100 % 1199 Fee Schedule. ",475.49,,,,,,,Case Rate,"100% Medicare OPPS FS. ",475.49,,,,,,,Case Rate,"100% Medicare OPPS FS. ",1138,,,,,,,Case Rate,"120 Percent of Medicaid APG. Not APG payable, or payable under another fee schedule like ASP/AWP pays at 30% of charges",1138,,,,,,,Case Rate,"120 Percent of Medicaid APG. Not APG payable, or payable under another fee schedule like ASP/AWP pays at 30% of charges",948.34,,,,,,,Case Rate,"100 Percent of Medicaid APG. Not APG payable, or payable under another fee schedule like ASP/AWP pays at 30% of charges",948.34,,,,,,,Case Rate,"100 Percent of Medicaid APG. Not APG payable, or payable under another fee schedule like ASP/AWP pays at 30% of charges",948.34,,,,,,,Case Rate,"100 Percent of Medicaid APG. ",440.05,,,,,,,Fee Schedule,"217 % Medicare RBRVS. ",1015.98,,,,,,,Fee Schedule,"501.001035554021 % Medicare Physician FS TC Rates Only. ",517.11,,,,,,,Fee Schedule,"255 % Medicare RBRVS. ",1502.25,60,,,,,0,percent of total billed charges,60 percent of billed charges; No services were performed during the 15 month look back period.,475.49,,,,,,,Case Rate,"100%Medicare OPPS FS. ",475.49,,,,,,,Case Rate,"100% Medicare OPPS FS. ",475.49,,,,,,,Case Rate,"100% Medicare OPPS FS. ",475.49,,,,,,,Case Rate,"100% Medicare OPPS FS. ",475.49,,,,,,,Case Rate,"100%Medicare OPPS FS. ",475.49,,,,,,,Case Rate,"100% Medicare OPPS FS. ",,,,,,,,,"NA. ",2133.75,,,,,,,Case Rate,225% of NYS APG. Lesser of 100% of billed charges applies.,207.38,,,,,,,Case Rate,100% of PAS. Lesser of 100% of billed charges applies.,1850.07,,,,,,,Fee Schedule,"758.1 % 2013 Manhattan Medicare. ",440.05,,,,,,,Fee Schedule,"217 % Medicare RBRVS. ",440.05,,,,,,,Fee Schedule,"217 % Medicare RBRVS. ",440.05,,,,,,,Fee Schedule,"217 % Medicare RBRVS. ",440.05,,,,,,,Fee Schedule,"217 % Medicare RBRVS. ",475.49,,,,,,,Case Rate,"100% Medicare OPPS FS. ",948.34,,,,,,,Case Rate,"100 Percent of Medicaid APG. ",1850.07,,,,,,,Fee Schedule,"758.1 % 2013 Manhattan Medicare. ",948.34,,,,,,,Case Rate,"100 Percent of Medicaid APG. ",475.49,,,,,,,Case Rate,"100% Medicare OPPS FS. ",948.34,,,,,,,Case Rate,"100 Percent of Medicaid APG. ",475.49,,,,,,,Case Rate,"100% Medicare OPPS FS. ",475.49,,,,,,,Case Rate,"100% Medicare OPPS FS. ",948.34,,,,,,,Case Rate,"100 Percent of Medicaid APG. ",948.34,,,,,,,Case Rate,"100 Percent of Medicaid APG. ",440.05,,,,,,,Fee Schedule,"217 % Medicare RBRVS. ",1502.25,60,,,,,0,percent of total billed charges,60 percent of billed charges; No services were performed during the 15 month look back period.,1952.925,78,,,,,0,percent of total billed charges,78% of Billed Charges. Lesser of 100% of billed charges applies.; No services were performed during the 15 month look back period.,1904.72,,,,,,,Other,. Paid once per unit per revenue code and lesser of 100% of billed charges.,1904.72,,,,,,,Other,. Paid once per unit per revenue code and lesser of 100% of billed charges.,1015.98,,,,,,,Fee Schedule,"501.001035554021 % Medicare Physician FS TC Rates Only. ",475.49,,,,,,,Case Rate,"98% of RBRVS. ",391.38,,,,,,,Fee Schedule,"193 % Medicare RBRVS. ",391.38,,,,,,,Fee Schedule,"193 % Medicare RBRVS. ",1480.1,,,,,,,Fee Schedule,"606.5 % 2013 Manhattan Medicare. ",1480.1,,,,,,,Fee Schedule,"606.5 % 2013 Manhattan Medicare. ",475.49,,,,,,,Case Rate,"100% Medicare OPPS FS. ",475.49,,,,,,,Case Rate,"100% Medicare OPPS FS. ",475.49,,,,,,,Case Rate,"100% Medicare OPPS FS. ",475.49,,,,,,,Case Rate,"100% Medicare OPPS FS. ",1904.72,,,,,,,Other,. Paid once per unit per revenue code and lesser of 100% of billed charges.,1850.07,,,,,,,Fee Schedule,"758.1 % 2013 Manhattan Medicare. ",1850.07,,,,,,,Fee Schedule,"758.1 % 2013 Manhattan Medicare. ",475.49,,,,,,,Case Rate,"100% Medicare OPPS FS. ",1480.1,,,,,,,Fee Schedule,"606.5 % 2013 Manhattan Medicare. ",517.11,,,,,,,Fee Schedule,"255 % Medicare RBRVS. ",1138,,,,,,,Fee Schedule,"120 Percent of Medicaid APG. ",948.34,,,,,,,Case Rate,"100 Percent of Medicaid APG. ",440.05,,,,,,,Fee Schedule,"217 % Medicare RBRVS. ",1665.08,,,,,,,Fee Schedule,"682.3 % 2013 Manhattan Medicare. ",1665.08,,,,,,,Fee Schedule,"682.3 % 2013 Manhattan Medicare. ",1850.07,,,,,,,Fee Schedule,"758.1 % 2013 Manhattan Medicare. ",1251.875,50,,,,,0,percent of total billed charges,50 percent of billed charges; No services were performed during the 15 month look back period.,475.49,,,,,,,Case Rate,"100%Medicare OPPS FS. ",995.75,,,,,,,Fee Schedule,105 percent of Medicaid APG. otherwise 105% of Ordered NYS MCD FS or 105% of ASP+6%,995.75,,,,,,,Fee Schedule,105 percent of Medicaid APG. otherwise 105% of Ordered NYS MCD FS or 105% of ASP+6%,995.75,,,,,,,Fee Schedule,105 percent of Medicaid APG. otherwise 105% of Ordered NYS MCD FS or 105% of ASP+6%,1280.25,,,,,,,Fee Schedule,135 percent of Medicaid APG. otherwise 135% of Ordered NYS MCD FS or 135% of ASP+6%,1904.72,,,,,,,Other,. Paid once per unit per revenue code and lesser of 100% of billed charges.,995.75,,,,,,,Fee Schedule,105 percent of Medicaid APG. otherwise 105% of Ordered NYS MCD FS or 105% of ASP+6%,995.75,,,,,,,Fee Schedule,105 percent of Medicaid APG. otherwise 105% of Ordered NYS MCD FS or 105% of ASP+6%,995.75,,,,,,,Fee Schedule,105 percent of Medicaid APG. otherwise 105% of Ordered NYS MCD FS or 105% of ASP+6%,995.75,,,,,,,Fee Schedule,105 percent of Medicaid APG. otherwise 105% of Ordered NYS MCD FS or 105% of ASP+6%,995.75,,,,,,,Fee Schedule,105 percent of Medicaid APG. otherwise 105% of Ordered NYS MCD FS or 105% of ASP+6%,1280.25,,,,,,,Fee Schedule,135 percent of Medicaid APG. otherwise 135% of Ordered NYS MCD FS or 135% of ASP+6%,1280.25,,,,,,,Fee Schedule,135 percent of Medicaid APG. otherwise 135% of Ordered NYS MCD FS or 135% of ASP+6%,475.49,,,,,,,Case Rate,"100% Medicare OPPS FS. ",1904.72,,,,,,,Other,. Paid once per unit per revenue code and lesser of 100% of billed charges.,475.49,,,,,,,Case Rate,"100% Medicare OPPS FS. ",995.75,,,,,,,Fee Schedule,105 percent of Medicaid APG. otherwise 105% of Ordered NYS MCD FS or 105% of ASP+6%,1850.07,,,,,,,Fee Schedule,"758.1 % 2013 Manhattan Medicare. ",475.49,,,,,,,Case Rate,"100% Medicare OPPS FS. ",1850.07,,,,,,,Fee Schedule,"758.1 % 2013 Manhattan Medicare. ",1850.07,,,,,,,Fee Schedule,"758.1 % 2013 Manhattan Medicare. ",1850.07,,,,,,,Fee Schedule,"758.1 % 2013 Manhattan Medicare. ",995.75,,,,,,,Fee Schedule,105 percent of Medicaid APG. otherwise 105% of Ordered NYS MCD FS or 105% of ASP+6%,475.49,,,,,,,Case Rate,"100% Medicare OPPS FS. ",1850.07,,,,,,,Fee Schedule,"758.1 % 2013 Manhattan Medicare. ",1280.25,,,,,,,Fee Schedule,135 percent of Medicaid APG. otherwise 135% of Ordered NYS MCD FS or 135% of ASP+6%,1850.07,,,,,,,Fee Schedule,"758.1 % 2013 Manhattan Medicare. ",713.23,,,,,,,Case Rate,"150% of Medicare OPPS. ",475.49,,,,,,,Case Rate,"100%Medicare OPPS FS. ",440.05,,,,,,,Fee Schedule,"217 % Medicare RBRVS. ",440.05,,,,,,,Fee Schedule,"217 % Medicare RBRVS. ",440.05,,,,,,,Fee Schedule,"217 % Medicare RBRVS. ",440.05,,,,,,,Fee Schedule,"217 % Medicare RBRVS. ",440.05,,,,,,,Fee Schedule,"217 % Medicare RBRVS. ",517.11,,,,,,,Fee Schedule,"255 % Medicare RBRVS. ",517.11,,,,,,,Fee Schedule,"255 % Medicare RBRVS. ",440.05,,,,,,,Fee Schedule,"217 % Medicare RBRVS. ",440.05,,,,,,,Fee Schedule,"217 % Medicare RBRVS. ",440.05,,,,,,,Fee Schedule,"217 % Medicare RBRVS. ",440.05,,,,,,,Fee Schedule,"217 % Medicare RBRVS. ",440.05,,,,,,,Fee Schedule,"217 % Medicare RBRVS. ",475.49,,,,,,,Case Rate,"100% Medicare OPPS FS. ",517.11,,,,,,,Fee Schedule,"255 % Medicare RBRVS. ",475.49,,,,,,,Case Rate,"100% Medicare OPPS FS. ",2133.75,,,,,,,Case Rate,"225 Percent of Medicaid APG. If not included in Medicaid APG, then 100 Percent of Manhattan Medicare",948.34,,,,,,,Case Rate,"100 Percent of Medicaid APG. If not priced under APG, then Metroplus FeeSched",1904.72,,,,,,,Other,. Paid once per unit per revenue code and lesser of 100% of billed charges.,1904.72,,,,,,,Other,. Paid once per unit per revenue code and lesser of 100% of billed charges.,475.49,,,,,,,Case Rate,"100% Medicare OPPS FS. ",391.38,,,,,,,Fee Schedule,"193 % Medicare RBRVS. ",475.49,,,,,,,Case Rate,"100% Medicare OPPS FS. ",475.49,,,,,,,Case Rate,"100% Medicare OPPS FS. ",1015.98,,,,,,,Fee Schedule,"501.001035554021 % Medicare Physician FS TC Rates Only. ",475.49,,,,,,,Case Rate,"100% Medicare OPPS FS. ",1502.25,60,,,,,0,percent of total billed charges,60 percent of billed charges; No services were performed during the 15 month look back period.,475.49,,,,,,,Case Rate,"100% Medicare OPPS FS. ",1502.25,60,,,,,0,percent of total billed charges,60 percent of billed charges; No services were performed during the 15 month look back period.,1015.98,,,,,,,Fee Schedule,"501.001035554021 % Medicare Physician FS TC Rates Only. ",1502.25,60,,,,,0,percent of total billed charges,60 percent of billed charges; No services were performed during the 15 month look back period.,475.49,,,,,,,Case Rate,"100% Medicare OPPS FS. ",948.34,,,,,,,Case Rate,"100 Percent of Medicaid APG. ",475.49,,,,,,,Case Rate,"100% Medicare OPPS FS. ",1502.25,60,,,,,0,percent of total billed charges,60 percent of billed charges; No services were performed during the 15 month look back period.,1904.72,,,,,,,Other,. Paid once per unit per revenue code and lesser of 100% of billed charges.,948.34,,,,,,,Case Rate,"100 Percent of Medicaid APG. ",1850.07,,,,,,,Fee Schedule,"758.1 % 2013 Manhattan Medicare. ",1138,,,,,,,Fee Schedule,"120 Percent of Medicaid APG. ",1138,,,,,,,Fee Schedule,"120 Percent of Medicaid APG. ",1850.07,,,,,,,Fee Schedule,"758.1 % 2013 Manhattan Medicare. ",1850.07,,,,,,,Fee Schedule,"758.1 % 2013 Manhattan Medicare. ",1850.07,,,,,,,Fee Schedule,"758.1 % 2013 Manhattan Medicare. ",1904.72,,,,,,,Other,. Paid once per unit per revenue code and lesser of 100% of billed charges.,1850.07,,,,,,,Fee Schedule,"758.1 % 2013 Manhattan Medicare. ",1850.07,,,,,,,Fee Schedule,"758.1 % 2013 Manhattan Medicare. ",1850.07,,,,,,,Fee Schedule,"758.1 % 2013 Manhattan Medicare. ",440.05,,,,,,,Fee Schedule,"217 % Medicare RBRVS. ",440.05,,,,,,,Fee Schedule,"217 % Medicare RBRVS. ",941.46,,,,,,,Case Rate,198 Percent of Medicare OPPS. Metroplus will reimburse unlisted codes and described codes with no Medicare rate at 50 percent of charges.,948.34,,,,,,,Case Rate,"100 Percent of Medicaid APG. ",1904.72,,,,,,,Other,. Paid once per unit per revenue code and lesser of 100% of billed charges.,1502.25,60,,,,,0,percent of total billed charges,60 percent of billed charges; No services were performed during the 15 month look back period.,1015.98,,,,,,,Fee Schedule,"501.001035554021 % Medicare Physician FS TC Rates Only. ",1904.72,,,,,,,Other,. Paid once per unit per revenue code and lesser of 100% of billed charges.,1015.98,,,,,,,Fee Schedule,"501.001035554021 % Medicare Physician FS TC Rates Only. ",1904.72,,,,,,,Other,. Paid once per unit per revenue code and lesser of 100% of billed charges.,1850.07,,,,,,,Fee Schedule,"758.1 % 2013 Manhattan Medicare. ",1850.07,,,,,,,Fee Schedule,"758.1 % 2013 Manhattan Medicare. ",1850.07,,,,,,,Fee Schedule,"758.1 % 2013 Manhattan Medicare. ",1850.07,,,,,,,Fee Schedule,"758.1 % 2013 Manhattan Medicare. ",475.49,,,,,,,Case Rate,"100% Medicare OPPS FS. ",175,2628.95,
80165,CPT,2025221,LOCAL,300,RC,HC DIPROPYLACETIC ACID FREE,94.46,16.25,both,,,,18.44,,,,,,,Fee Schedule,"100 % 1199 Fee Schedule. ",18.44,,,,,,,Fee Schedule,"100 % 1199 Fee Schedule. ",33.99,,,,,,,Fee Schedule,"251.033973412112 % Medicare Physician FS TC Rates Only. ",94.46,100,,,,,0,percent of total billed charges,100 percent of billed charges. ; No services were performed during the 15 month look back period.,13.54,,,,,,,Fee Schedule,"100% Medicare Lab FS. ",33.99,,,,,,,Fee Schedule,"251.033973412112 % Medicare Physician FS TC Rates Only. ",33.99,,,,,,,Fee Schedule,"251.033973412112 % Medicare Physician FS TC Rates Only. ",33.99,,,,,,,Fee Schedule,"251.033973412112 % Medicare Physician FS TC Rates Only. ",98.02,,,,,,,Case Rate,"100 Percent of Medicaid APG. ",81.69,,,,,,,Case Rate,"100 Percent of Medicaid APG. ",73.6788,78,,,,,0,percent of total billed charges,78% of Billed Charges. Lesser of 100% of billed charges applies.; No services were performed during the 15 month look back period.,15.05,,,,,,,Fee Schedule,"100 % 2019 CMS Clinical Lab National Limit Pub 20190115. ",81.69,,,,,,,Case Rate,"100 Percent of Medicaid APG. ",13.54,,,,,,,Fee Schedule,"100% Medicare Lab FS. ",29.31,,,,,,,Fee Schedule,"150 % 2018 Cigna RBRVS fee schedule. ",29.31,,,,,,,Fee Schedule,"150 % 2018 Cigna RBRVS fee schedule. ",29.31,,,,,,,Fee Schedule,"150 % 2018 Cigna RBRVS fee schedule. ",29.31,,,,,,,Fee Schedule,"150 % 2018 Cigna RBRVS fee schedule. ",12.19,,,,,,,Fee schedule,90 Percent of Medicare Laboratory. Covered services not payable under Medicaid Fee Schedules default to a payment of 50 percent of charges.,13.54,,,,,,,Fee Schedule,"100% Medicare Lab FS. ",12.19,,,,,,,Fee schedule,90 Percent of Medicare Laboratory. Covered services not payable under Medicaid Fee Schedules default to a payment of 50 percent of charges.,73.6788,78,,,,,0,percent of total billed charges,78% of Billed Charges. Lesser of 100% of billed charges applies.; No services were performed during the 15 month look back period.,33.99,,,,,,,Fee Schedule,"251.033973412112 % Medicare Physician FS TC Rates Only. ",13.54,,,,,,,Fee Schedule,"100% Medicare Lab FS. ",34.53,,,,,,,Fee Schedule,"255 % Medicare RBRVS. ",13.54,,,,,,,Fee Schedule,"100% Medicare Lab FS. ",13.54,,,,,,,Fee Schedule,"100% Medicare Lab FS. ",73.6788,78,,,,,0,percent of total billed charges,78% of Billed Charges. Lesser of 100% of billed charges applies.; No services were performed during the 15 month look back period.,10.61,,,,,,,Fee Schedule,100% Medicaid Fee Schedule. Lesser of 100% of billed charges applies.,10.61,,,,,,,Fee Schedule,100% Medicaid Fee Schedule. Lesser of 100% of billed charges applies.,12.19,,,,,,,Fee schedule,"90 Percent of Medicare RBRVS. ",12.19,,,,,,,Fee schedule,"90 Percent of Medicare RBRVS. ",34.53,,,,,,,Fee Schedule,"255 % Medicare RBRVS. ",34.53,,,,,,,Fee Schedule,"255 % Medicare RBRVS. ",81.69,,,,,,,Case Rate,"100 Percent of Medicaid APG. Not APG payable, or payable under another fee schedule like ASP/AWP pays at 30% of charges",34.53,,,,,,,Fee Schedule,"255 % Medicare RBRVS. ",81.69,,,,,,,Case Rate,"100 Percent of Medicaid APG. Not APG payable, or payable under another fee schedule like ASP/AWP pays at 30% of charges",13.54,,,,,,,Fee Schedule,"100% Medicare Lab FS. ",34.53,,,,,,,Fee Schedule,"255 % Medicare RBRVS. ",73.6788,78,,,,,0,percent of total billed charges,78% of Billed Charges. Lesser of 100% of billed charges applies.; No services were performed during the 15 month look back period.,81.69,,,,,,,Case Rate,"100 Percent of Medicaid APG. If not priced under APG, then Metroplus FeeSched",81.69,,,,,,,Case Rate,"100 Percent of Medicaid APG. If not priced under APG, then Metroplus FeeSched",73.6788,78,,,,,0,percent of total billed charges,78% of Billed Charges. Lesser of 100% of billed charges applies.; No services were performed during the 15 month look back period.,29.31,,,,,,,Fee Schedule,"150 % 2018 Cigna RBRVS fee schedule. ",15.05,,,,,,,Fee Schedule,"100 % 2019 CMS Clinical Lab National Limit Pub 20190115. ",15.05,,,,,,,Fee Schedule,"100 % 2019 CMS Clinical Lab National Limit Pub 20190115. ",73.6788,78,,,,,0,percent of total billed charges,78% of Billed Charges. Lesser of 100% of billed charges applies.; No services were performed during the 15 month look back period.,13.54,,,,,,,Fee Schedule,"100% Medicare Lab FS. ",15.05,,,,,,,Fee Schedule,"100 % 2019 CMS Clinical Lab National Limit Pub 20190115. ",15.05,,,,,,,Fee Schedule,"100 % 2019 CMS Clinical Lab National Limit Pub 20190115. ",15.05,,,,,,,Fee Schedule,"100 % 2019 CMS Clinical Lab National Limit Pub 20190115. ",13.54,,,,,,,Fee Schedule,"100% Medicare Lab FS. ",15.05,,,,,,,Fee Schedule,"100 % 2019 CMS Clinical Lab National Limit Pub 20190115. ",15.05,,,,,,,Fee Schedule,"100 % 2019 CMS Clinical Lab National Limit Pub 20190115. ",13.54,,,,,,,Fee Schedule,"100% of Medicare Lab FS. ",47.23,50,,,,,0,percent of total billed charges,50 percent of billed charges; No services were performed during the 15 month look back period.,17.56,,,,,,,Fee Schedule,"238 % BCBS Standard HMO. ",17.56,,,,,,,Fee Schedule,"238 % BCBS Standard HMO. ",17.56,,,,,,,Fee Schedule,"238 % BCBS Standard HMO. ",17.56,,,,,,,Fee Schedule,"238 % BCBS Standard HMO. ",17.56,,,,,,,Fee Schedule,"238 % BCBS Standard HMO. ",17.56,,,,,,,Fee Schedule,"238 % BCBS Standard HMO. ",13.54,,,,,,,Fee Schedule,"100% Medicare Lab FS. ",13.54,,,,,,,Fee Schedule,"100% Medicare Lab FS. ",17.56,,,,,,,Fee Schedule,"238 % BCBS Standard HMO. ",73.6788,78,,,,,0,percent of total billed charges,78% of Billed Charges. Lesser of 100% of billed charges applies.; No services were performed during the 15 month look back period.,73.6788,78,,,,,0,percent of total billed charges,78% of Billed Charges. Lesser of 100% of billed charges applies.; No services were performed during the 15 month look back period.,73.6788,78,,,,,0,percent of total billed charges,78% of Billed Charges. Lesser of 100% of billed charges applies.; No services were performed during the 15 month look back period.,73.6788,78,,,,,0,percent of total billed charges,78% of Billed Charges. Lesser of 100% of billed charges applies.; No services were performed during the 15 month look back period.,73.6788,78,,,,,0,percent of total billed charges,78% of Billed Charges. Lesser of 100% of billed charges applies.; No services were performed during the 15 month look back period.,73.6788,78,,,,,0,percent of total billed charges,78% of Billed Charges. Lesser of 100% of billed charges applies.; No services were performed during the 15 month look back period.,73.6788,78,,,,,0,percent of total billed charges,78% of Billed Charges. Lesser of 100% of billed charges applies.; No services were performed during the 15 month look back period.,73.6788,78,,,,,0,percent of total billed charges,78% of Billed Charges. Lesser of 100% of billed charges applies.; No services were performed during the 15 month look back period.,73.6788,78,,,,,0,percent of total billed charges,78% of Billed Charges. Lesser of 100% of billed charges applies.; No services were performed during the 15 month look back period.,73.6788,78,,,,,0,percent of total billed charges,78% of Billed Charges. Lesser of 100% of billed charges applies.; No services were performed during the 15 month look back period.,73.6788,78,,,,,0,percent of total billed charges,78% of Billed Charges. Lesser of 100% of billed charges applies.; No services were performed during the 15 month look back period.,73.6788,78,,,,,0,percent of total billed charges,78% of Billed Charges. Lesser of 100% of billed charges applies.; No services were performed during the 15 month look back period.,73.6788,78,,,,,0,percent of total billed charges,78% of Billed Charges. Lesser of 100% of billed charges applies.; No services were performed during the 15 month look back period.,73.6788,78,,,,,0,percent of total billed charges,78% of Billed Charges. Lesser of 100% of billed charges applies.; No services were performed during the 15 month look back period.,73.6788,78,,,,,0,percent of total billed charges,78% of Billed Charges. Lesser of 100% of billed charges applies.; No services were performed during the 15 month look back period.,73.6788,78,,,,,0,percent of total billed charges,78% of Billed Charges. Lesser of 100% of billed charges applies.; No services were performed during the 15 month look back period.,73.6788,78,,,,,0,percent of total billed charges,78% of Billed Charges. Lesser of 100% of billed charges applies.; No services were performed during the 15 month look back period.,73.6788,78,,,,,0,percent of total billed charges,78% of Billed Charges. Lesser of 100% of billed charges applies.; No services were performed during the 15 month look back period.,73.6788,78,,,,,0,percent of total billed charges,78% of Billed Charges. Lesser of 100% of billed charges applies.; No services were performed during the 15 month look back period.,73.6788,78,,,,,0,percent of total billed charges,78% of Billed Charges. Lesser of 100% of billed charges applies.; No services were performed during the 15 month look back period.,73.6788,78,,,,,0,percent of total billed charges,78% of Billed Charges. Lesser of 100% of billed charges applies.; No services were performed during the 15 month look back period.,73.6788,78,,,,,0,percent of total billed charges,78% of Billed Charges. Lesser of 100% of billed charges applies.; No services were performed during the 15 month look back period.,73.6788,78,,,,,0,percent of total billed charges,78% of Billed Charges. Lesser of 100% of billed charges applies.; No services were performed during the 15 month look back period.,73.6788,78,,,,,0,percent of total billed charges,78% of Billed Charges. Lesser of 100% of billed charges applies.; No services were performed during the 15 month look back period.,73.6788,78,,,,,0,percent of total billed charges,78% of Billed Charges. Lesser of 100% of billed charges applies.; No services were performed during the 15 month look back period.,73.6788,78,,,,,0,percent of total billed charges,78% of Billed Charges. Lesser of 100% of billed charges applies.; No services were performed during the 15 month look back period.,34.53,,,,,,,Fee Schedule,"255 % Medicare RBRVS. ",34.53,,,,,,,Fee Schedule,"255 % Medicare RBRVS. ",34.53,,,,,,,Fee Schedule,"255 % Medicare RBRVS. ",34.53,,,,,,,Fee Schedule,"255 % Medicare RBRVS. ",26.13,,,,,,,Fee Schedule,"193 % Medicare RBRVS. ",26.13,,,,,,,Fee Schedule,"193 % Medicare RBRVS. ",29.31,,,,,,,Fee Schedule,"150 % 2018 Cigna RBRVS fee schedule. ",17.56,,,,,,,Fee Schedule,"238 % BCBS Standard HMO. ",15.05,,,,,,,Fee Schedule,"100 % 2019 CMS Clinical Lab National Limit Pub 20190115. ",17.56,,,,,,,Fee Schedule,"238 % BCBS Standard HMO. ",73.6788,78,,,,,0,percent of total billed charges,78% of Billed Charges. Lesser of 100% of billed charges applies.; No services were performed during the 15 month look back period.,26.13,,,,,,,Fee Schedule,"193 % Medicare RBRVS. ",17.56,,,,,,,Fee Schedule,"238 % BCBS Standard HMO. ",15.05,,,,,,,Fee Schedule,"100 % 2019 CMS Clinical Lab National Limit Pub 20190115. ",29.31,,,,,,,Fee Schedule,"150 % 2018 Cigna RBRVS fee schedule. ",,,,,,,,,"NA. ",73.6788,78,,,,,0,percent of total billed charges,78% of Billed Charges. Lesser of 100% of billed charges applies.; No services were performed during the 15 month look back period.,81.69,,,,,,,Case Rate,"100 Percent of Medicaid APG. ",34.53,,,,,,,Fee Schedule,"255 % Medicare RBRVS. ",81.69,,,,,,,Case Rate,"100 Percent of Medicaid APG. Not APG payable, or payable under another fee schedule like ASP/AWP pays at 30% of charges",13.54,,,,,,,Fee Schedule,"100% Medicare Lab FS. ",13.54,,,,,,,Fee Schedule,"100% Medicare Lab FS. ",47.23,50,,,,,0,percent of total billed charges,50 percent of billed charges; No services were performed during the 15 month look back period.,13.54,,,,,,,Fee Schedule,"100% Medicare Lab FS. ",13.54,,,,,,,Fee Schedule,"100% Medicare Lab FS. ",81.69,,,,,,,Case Rate,"100 Percent of Medicaid APG. ",13.54,,,,,,,Fee Schedule,"100% Medicare Lab FS. ",13.54,,,,,,,Fee Schedule,"100% Medicare Lab FS. ",33.99,,,,,,,Fee Schedule,"251.033973412112 % Medicare Physician FS TC Rates Only. ",33.99,,,,,,,Fee Schedule,"251.033973412112 % Medicare Physician FS TC Rates Only. ",13.54,,,,,,,Fee Schedule,"100% Medicare Lab FS. ",29.31,,,,,,,Fee Schedule,"150 % 2018 Cigna RBRVS fee schedule. ",15.05,,,,,,,Fee Schedule,"100 % 2019 CMS Clinical Lab National Limit Pub 20190115. ",15.05,,,,,,,Fee Schedule,"100 % 2019 CMS Clinical Lab National Limit Pub 20190115. ",13.54,,,,,,,Fee Schedule,"100% Medicare Lab FS. ",29.31,,,,,,,Fee Schedule,"150 % 2018 Cigna RBRVS fee schedule. ",33.99,,,,,,,Fee Schedule,"251.033973412112 % Medicare Physician FS TC Rates Only. ",33.99,,,,,,,Fee Schedule,"251.033973412112 % Medicare Physician FS TC Rates Only. ",33.99,,,,,,,Fee Schedule,"251.033973412112 % Medicare Physician FS TC Rates Only. ",73.6788,78,,,,,0,percent of total billed charges,78% of Billed Charges. Lesser of 100% of billed charges applies.; No services were performed during the 15 month look back period.,73.6788,78,,,,,0,percent of total billed charges,78% of Billed Charges. Lesser of 100% of billed charges applies.; No services were performed during the 15 month look back period.,73.6788,78,,,,,0,percent of total billed charges,78% of Billed Charges. Lesser of 100% of billed charges applies.; No services were performed during the 15 month look back period.,73.6788,78,,,,,0,percent of total billed charges,78% of Billed Charges. Lesser of 100% of billed charges applies.; No services were performed during the 15 month look back period.,73.6788,78,,,,,0,percent of total billed charges,78% of Billed Charges. Lesser of 100% of billed charges applies.; No services were performed during the 15 month look back period.,73.6788,78,,,,,0,percent of total billed charges,78% of Billed Charges. Lesser of 100% of billed charges applies.; No services were performed during the 15 month look back period.,73.6788,78,,,,,0,percent of total billed charges,78% of Billed Charges. Lesser of 100% of billed charges applies.; No services were performed during the 15 month look back period.,73.6788,78,,,,,0,percent of total billed charges,78% of Billed Charges. Lesser of 100% of billed charges applies.; No services were performed during the 15 month look back period.,73.6788,78,,,,,0,percent of total billed charges,78% of Billed Charges. Lesser of 100% of billed charges applies.; No services were performed during the 15 month look back period.,73.6788,78,,,,,0,percent of total billed charges,78% of Billed Charges. Lesser of 100% of billed charges applies.; No services were performed during the 15 month look back period.,73.6788,78,,,,,0,percent of total billed charges,78% of Billed Charges. Lesser of 100% of billed charges applies.; No services were performed during the 15 month look back period.,26.13,,,,,,,Fee Schedule,"193 % Medicare RBRVS. ",17.56,,,,,,,Fee Schedule,"238 % BCBS Standard HMO. ",29.31,,,,,,,Fee Schedule,"150 % 2018 Cigna RBRVS fee schedule. ",13.54,,,,,,,Fee Schedule,"100% Medicare Lab FS. ",33.99,,,,,,,Fee Schedule,"251.033973412112 % Medicare Physician FS TC Rates Only. ",29.31,,,,,,,Fee Schedule,"150 % 2018 Cigna RBRVS fee schedule. ",29.31,,,,,,,Fee Schedule,"150 % 2018 Cigna RBRVS fee schedule. ",73.6788,78,,,,,0,percent of total billed charges,78% of Billed Charges. Lesser of 100% of billed charges applies.; No services were performed during the 15 month look back period.,174.81,,,,,,,Case Rate,"141 Percent of current Medicare RBRVS FeeSched. ",29.31,,,,,,,Fee Schedule,"150 % 2018 Cigna RBRVS fee schedule. ",81.69,,,,,,,Case Rate,"100 Percent of Medicaid APG. ",13.54,,,,,,,Fee Schedule,"100% Medicare Lab FS. ",13.54,,,,,,,Fee Schedule,"100% Medicare Lab FS. ",13.54,,,,,,,Fee Schedule,"100% Medicare Lab FS. ",13.54,,,,,,,Fee Schedule,"100% Medicare Lab FS. ",13.54,,,,,,,Fee Schedule,"100% Medicare Lab FS. ",13.54,,,,,,,Fee Schedule,"100% Medicare Lab FS. ",29.31,,,,,,,Fee Schedule,"150 % 2018 Cigna RBRVS fee schedule. ",47.23,50,,,,,0,percent of total billed charges,50 percent of billed charges; No services were performed during the 15 month look back period.,21.66,,,,,,,Fee Schedule,"160 Percent of Medicare Laboratory. ",21.66,,,,,,,Fee Schedule,"160 Percent of Medicare Laboratory. ",21.66,,,,,,,Fee Schedule,"160 Percent of Medicare Laboratory. ",21.66,,,,,,,Fee Schedule,"160 Percent of Medicare Laboratory. ",21.66,,,,,,,Fee Schedule,"160 Percent of Medicare Laboratory. ",,,,,,,,,"NA. ",47.23,50,,,,,0,percent of total billed charges,50 percent of billed charges; No services were performed during the 15 month look back period.,19.09,,,,,,,Fee Schedule,141 Percent of of Medicare Lab FS. Metroplus will reimburse unlisted codes and described codes with no Medicare rate at 50 percent of charges.,19.09,,,,,,,Fee Schedule,141 Percent of of Medicare Lab FS. Metroplus will reimburse unlisted codes and described codes with no Medicare rate at 50 percent of charges.,19.09,,,,,,,Fee Schedule,141 Percent of of Medicare Lab FS. Metroplus will reimburse unlisted codes and described codes with no Medicare rate at 50 percent of charges.,19.09,,,,,,,Fee Schedule,141 Percent of of Medicare Lab FS. Metroplus will reimburse unlisted codes and described codes with no Medicare rate at 50 percent of charges.,19.09,,,,,,,Fee Schedule,141 Percent of of Medicare Lab FS. Metroplus will reimburse unlisted codes and described codes with no Medicare rate at 50 percent of charges.,13.54,,,,,,,Fee Schedule,"100% Medicare Lab FS. ",26.13,,,,,,,Fee Schedule,"193 % Medicare RBRVS. ",26.13,,,,,,,Fee Schedule,"193 % Medicare RBRVS. ",26.13,,,,,,,Fee Schedule,"193 % Medicare RBRVS. ",26.13,,,,,,,Fee Schedule,"193 % Medicare RBRVS. ",33.99,,,,,,,Fee Schedule,"251.033973412112 % Medicare Physician FS TC Rates Only. ",33.99,,,,,,,Fee Schedule,"251.033973412112 % Medicare Physician FS TC Rates Only. ",33.99,,,,,,,Fee Schedule,"251.033973412112 % Medicare Physician FS TC Rates Only. ",33.99,,,,,,,Fee Schedule,"251.033973412112 % Medicare Physician FS TC Rates Only. ",47.23,50,,,,,0,percent of total billed charges,50 percent of billed charges; No services were performed during the 15 month look back period.,47.23,50,,,,,0,percent of total billed charges,50 percent of billed charges; No services were performed during the 15 month look back period.,13.54,,,,,,,Fee Schedule,"100% Medicare Lab FS. ",13.54,,,,,,,Fee Schedule,"100% Medicare Lab FS. ",13.54,,,,,,,Fee Schedule,"100% Medicare Lab FS. ",17.56,,,,,,,Fee Schedule,"238 % BCBS Standard HMO. ",17.56,,,,,,,Fee Schedule,"238 % BCBS Standard HMO. ",17.56,,,,,,,Fee Schedule,"238 % BCBS Standard HMO. ",47.23,50,,,,,0,percent of total billed charges,50 percent of billed charges; No services were performed during the 15 month look back period.,33.99,,,,,,,Fee Schedule,"251.033973412112 % Medicare Physician FS TC Rates Only. ",13.54,,,,,,,Fee Schedule,"100% Medicare Lab FS. ",17.56,,,,,,,Fee Schedule,"238 % BCBS Standard HMO. ",81.69,,,,,,,Case Rate,"100 Percent of Medicaid APG. ",13.81,,,,,,,Fee Schedule,"102% of Medicare Lab FS. ",13.81,,,,,,,Fee Schedule,"102% of Medicare Lab FS. ",13.81,,,,,,,Fee Schedule,"102% of Medicare Lab FS. ",12.19,,,,,,,Fee schedule,"90 Percent of Medicare RBRVS. ",183.79,,,,,,,Fee Schedule,225% of NYS APG. Lesser of 100% of billed charges applies.,183.79,,,,,,,Fee Schedule,225% of NYS APG. Lesser of 100% of billed charges applies.,183.79,,,,,,,Fee Schedule,225% of NYS APG. Lesser of 100% of billed charges applies.,183.79,,,,,,,Fee Schedule,225% of NYS APG. Lesser of 100% of billed charges applies.,183.79,,,,,,,Fee Schedule,225% of NYS APG. Lesser of 100% of billed charges applies.,13.81,,,,,,,Fee Schedule,"102% of Medicare Lab FS. ",81.69,,,,,,,Case Rate,"100 Percent of Medicaid APG. ",10.61,,,,,,,Fee Schedule,100% Medicaid Fee Schedule. Lesser of 100% of billed charges applies.,183.79,,,,,,,Fee Schedule,225% of NYS APG. Lesser of 100% of billed charges applies.,183.79,,,,,,,Fee Schedule,225% of NYS APG. Lesser of 100% of billed charges applies.,10.61,,,,,,,Fee Schedule,100% Medicaid Fee Schedule. Lesser of 100% of billed charges applies.,10.61,,,,,,,Fee Schedule,100% Medicaid Fee Schedule. Lesser of 100% of billed charges applies.,21.66,,,,,,,Fee Schedule,"160 Percent of Medicare Laboratory. ",13.54,,,,,,,Fee Schedule,"100% Medicare Lab FS. ",13.54,,,,,,,Fee Schedule,"100% Medicare Lab FS. ",33.99,,,,,,,Fee Schedule,"251.033973412112 % Medicare Physician FS TC Rates Only. ",13.54,,,,,,,Fee Schedule,"100% Medicare Lab FS. ",183.79,,,,,,,Fee Schedule,"225 Percent of Medicaid APG. ",183.79,,,,,,,Fee Schedule,"225 Percent of Medicaid APG. ",12.19,,,,,,,Fee schedule,"90 Percent of Medicare RBRVS. ",12.19,,,,,,,Fee schedule,"90 Percent of Medicare RBRVS. ",183.79,,,,,,,Case Rate,225 Percent of Medicaid APG. Covered services not payable under Medicaid Fee Schedules default to a payment of 87.5 percent of charges.,12.19,,,,,,,Fee schedule,90 Percent of Medicare Laboratory. Covered services not payable under Medicaid Fee Schedules default to a payment of 50 percent of charges.,183.79,,,,,,,Case Rate,"100 Percent of Medicaid APG. ",183.79,,,,,,,Case Rate,"100 Percent of Medicaid APG. ",183.79,,,,,,,Case Rate,"100 Percent of Medicaid APG. ",183.79,,,,,,,Case Rate,"100 Percent of Medicaid APG. ",137.97,,,,,,,Fee Schedule,"1019 % Manhattan Facility Rate. ",47.23,50,,,,,0,percent of total billed charges,50 percent of billed charges; No services were performed during the 15 month look back period.,98.02,,,,,,,Case Rate,"120 Percent of Medicaid APG. Not APG payable, or payable under another fee schedule like ASP/AWP pays at 30% of charges",98.02,,,,,,,Case Rate,"120 Percent of Medicaid APG. Not APG payable, or payable under another fee schedule like ASP/AWP pays at 30% of charges",81.69,,,,,,,Case Rate,"100 Percent of Medicaid APG. Not APG payable, or payable under another fee schedule like ASP/AWP pays at 30% of charges",81.69,,,,,,,Case Rate,"100 Percent of Medicaid APG. Not APG payable, or payable under another fee schedule like ASP/AWP pays at 30% of charges",17.56,,,,,,,Fee Schedule,"238 % BCBS Standard HMO. ",17.56,,,,,,,Fee Schedule,"238 % BCBS Standard HMO. ",13.54,,,,,,,Fee Schedule,"100% Medicare Lab FS. ",17.56,,,,,,,Fee Schedule,"238 % BCBS Standard HMO. ",17.56,,,,,,,Fee Schedule,"238 % BCBS Standard HMO. ",17.56,,,,,,,Fee Schedule,"238 % BCBS Standard HMO. ",17.56,,,,,,,Fee Schedule,"238 % BCBS Standard HMO. ",13.54,,,,,,,Fee Schedule,"100% Medicare Lab FS. ",17.56,,,,,,,Fee Schedule,"238 % BCBS Standard HMO. ",17.56,,,,,,,Fee Schedule,"238 % BCBS Standard HMO. ",33.99,,,,,,,Fee Schedule,"251.033973412112 % Medicare Physician FS TC Rates Only. ",89.85,,,,,,,Fee Schedule,110% of APG. Lesser of 100% of billed charges applies.,12.19,,,,,,,Fee schedule,90 Percent of Medicare Laboratory. Covered services not payable under Medicaid Fee Schedules default to a payment of 50 percent of charges.,183.79,,,,,,,Fee Schedule,225% of NYS APG. Lesser of 100% of billed charges applies.,183.79,,,,,,,Case Rate,225 Percent of Medicaid APG. Covered services not payable under Medicaid Fee Schedules default to a payment of 87.5 percent of charges.,12.19,,,,,,,Fee schedule,90 Percent of Medicare Laboratory. Covered services not payable under Medicaid Fee Schedules default to a payment of 50 percent of charges.,183.79,,,,,,,Fee Schedule,225% of NYS APG. Lesser of 100% of billed charges applies.,183.79,,,,,,,Fee Schedule,225% of NYS APG. Lesser of 100% of billed charges applies.,183.79,,,,,,,Fee Schedule,225% of NYS APG. Lesser of 100% of billed charges applies.,183.79,,,,,,,Fee Schedule,225% of NYS APG. Lesser of 100% of billed charges applies.,183.79,,,,,,,Fee Schedule,225% of NYS APG. Lesser of 100% of billed charges applies.,183.79,,,,,,,Fee Schedule,225% of NYS APG. Lesser of 100% of billed charges applies.,,,,,,,,,"NA. ",,,,,,,,,"NA. ",,,,,,,,,"NA. ",29.31,,,,,,,Fee Schedule,"150 % 2018 Cigna RBRVS fee schedule. ",,,,,,,,,"NA. ",13.54,,,,,,,Fee Schedule,"100% Medicare Lab FS. ",18.44,,,,,,,Fee Schedule,"100 % 1199 Fee Schedule. ",13.54,,,,,,,Fee Schedule,"100% Medicare Lab FS. ",13.54,,,,,,,Fee Schedule,"100% Medicare Lab FS. ",98.02,,,,,,,Case Rate,"120 Percent of Medicaid APG. Not APG payable, or payable under another fee schedule like ASP/AWP pays at 30% of charges",98.02,,,,,,,Case Rate,"120 Percent of Medicaid APG. Not APG payable, or payable under another fee schedule like ASP/AWP pays at 30% of charges",81.69,,,,,,,Case Rate,"100 Percent of Medicaid APG. Not APG payable, or payable under another fee schedule like ASP/AWP pays at 30% of charges",81.69,,,,,,,Case Rate,"100 Percent of Medicaid APG. Not APG payable, or payable under another fee schedule like ASP/AWP pays at 30% of charges",81.69,,,,,,,Case Rate,"100 Percent of Medicaid APG. ",29.38,,,,,,,Fee Schedule,"217 % Medicare RBRVS. ",33.99,,,,,,,Fee Schedule,"251.033973412112 % Medicare Physician FS TC Rates Only. ",34.53,,,,,,,Fee Schedule,"255 % Medicare RBRVS. ",29.31,,,,,,,Fee Schedule,"150 % 2018 Cigna RBRVS fee schedule. ",13.54,,,,,,,Fee Schedule,"100% Medicare Lab FS. ",13.54,,,,,,,Fee Schedule,"100% Medicare Lab FS. ",13.54,,,,,,,Fee Schedule,"100% Medicare Lab FS. ",13.54,,,,,,,Fee Schedule,"100% Medicare Lab FS. ",13.54,,,,,,,Fee Schedule,"100% Medicare Lab FS. ",13.54,,,,,,,Fee Schedule,"100% Medicare Lab FS. ",,,,,,,,,"NA. ",183.79,,,,,,,Fee Schedule,225% of NYS APG. Lesser of 100% of billed charges applies.,10.61,,,,,,,Fee Schedule,100% Medicaid Fee Schedule. Lesser of 100% of billed charges applies.,17.56,,,,,,,Fee Schedule,"238 % BCBS Standard HMO. ",29.38,,,,,,,Fee Schedule,"217 % Medicare RBRVS. ",29.38,,,,,,,Fee Schedule,"217 % Medicare RBRVS. ",29.38,,,,,,,Fee Schedule,"217 % Medicare RBRVS. ",29.38,,,,,,,Fee Schedule,"217 % Medicare RBRVS. ",13.54,,,,,,,Fee Schedule,"100% Medicare Lab FS. ",81.69,,,,,,,Case Rate,"100 Percent of Medicaid APG. ",17.56,,,,,,,Fee Schedule,"238 % BCBS Standard HMO. ",81.69,,,,,,,Case Rate,"100 Percent of Medicaid APG. ",13.54,,,,,,,Fee Schedule,"100% Medicare Lab FS. ",81.69,,,,,,,Case Rate,"100 Percent of Medicaid APG. ",13.54,,,,,,,Fee Schedule,"100% Medicare Lab FS. ",13.54,,,,,,,Fee Schedule,"100% Medicare Lab FS. ",81.69,,,,,,,Case Rate,"100 Percent of Medicaid APG. ",81.69,,,,,,,Case Rate,"100 Percent of Medicaid APG. ",29.38,,,,,,,Fee Schedule,"217 % Medicare RBRVS. ",29.31,,,,,,,Fee Schedule,"150 % 2018 Cigna RBRVS fee schedule. ",73.6788,78,,,,,0,percent of total billed charges,78% of Billed Charges. Lesser of 100% of billed charges applies.; No services were performed during the 15 month look back period.,15.05,,,,,,,Fee Schedule,"100 % 2019 CMS Clinical Lab National Limit Pub 20190115. ",15.05,,,,,,,Fee Schedule,"100 % 2019 CMS Clinical Lab National Limit Pub 20190115. ",33.99,,,,,,,Fee Schedule,"251.033973412112 % Medicare Physician FS TC Rates Only. ",13.27,,,,,,,Fee Schedule,"98% Lab FS. ",26.13,,,,,,,Fee Schedule,"193 % Medicare RBRVS. ",26.13,,,,,,,Fee Schedule,"193 % Medicare RBRVS. ",14.05,,,,,,,Fee Schedule,"190.4 % BCBS Standard HMO. ",14.05,,,,,,,Fee Schedule,"190.4 % BCBS Standard HMO. ",13.54,,,,,,,Fee Schedule,"100% Medicare Lab FS. ",13.54,,,,,,,Fee Schedule,"100% Medicare Lab FS. ",13.54,,,,,,,Fee Schedule,"100% Medicare Lab FS. ",13.54,,,,,,,Fee Schedule,"100% Medicare Lab FS. ",15.05,,,,,,,Fee Schedule,"100 % 2019 CMS Clinical Lab National Limit Pub 20190115. ",17.56,,,,,,,Fee Schedule,"238 % BCBS Standard HMO. ",17.56,,,,,,,Fee Schedule,"238 % BCBS Standard HMO. ",13.54,,,,,,,Fee Schedule,"100% Medicare Lab FS. ",14.05,,,,,,,Fee Schedule,"190.4 % BCBS Standard HMO. ",34.53,,,,,,,Fee Schedule,"255 % Medicare RBRVS. ",98.02,,,,,,,Fee Schedule,"120 Percent of Medicaid APG. ",81.69,,,,,,,Case Rate,"100 Percent of Medicaid APG. ",29.38,,,,,,,Fee Schedule,"217 % Medicare RBRVS. ",15.81,,,,,,,Fee Schedule,"214.2 % BCBS Standard HMO. ",15.81,,,,,,,Fee Schedule,"214.2 % BCBS Standard HMO. ",17.56,,,,,,,Fee Schedule,"238 % BCBS Standard HMO. ",47.23,50,,,,,0,percent of total billed charges,50 percent of billed charges; No services were performed during the 15 month look back period.,13.54,,,,,,,Fee Schedule,"100% Medicare Lab FS. ",85.77,,,,,,,Fee Schedule,105 percent of Medicaid APG. otherwise 105% of Ordered NYS MCD FS or 105% of ASP+6%,85.77,,,,,,,Fee Schedule,105 percent of Medicaid APG. otherwise 105% of Ordered NYS MCD FS or 105% of ASP+6%,85.77,,,,,,,Fee Schedule,105 percent of Medicaid APG. otherwise 105% of Ordered NYS MCD FS or 105% of ASP+6%,110.28,,,,,,,Fee Schedule,135 percent of Medicaid APG. otherwise 135% of Ordered NYS MCD FS or 135% of ASP+6%,15.05,,,,,,,Fee Schedule,"100 % 2019 CMS Clinical Lab National Limit Pub 20190115. ",85.77,,,,,,,Fee Schedule,105 percent of Medicaid APG. otherwise 105% of Ordered NYS MCD FS or 105% of ASP+6%,85.77,,,,,,,Fee Schedule,105 percent of Medicaid APG. otherwise 105% of Ordered NYS MCD FS or 105% of ASP+6%,85.77,,,,,,,Fee Schedule,105 percent of Medicaid APG. otherwise 105% of Ordered NYS MCD FS or 105% of ASP+6%,85.77,,,,,,,Fee Schedule,105 percent of Medicaid APG. otherwise 105% of Ordered NYS MCD FS or 105% of ASP+6%,85.77,,,,,,,Fee Schedule,105 percent of Medicaid APG. otherwise 105% of Ordered NYS MCD FS or 105% of ASP+6%,110.28,,,,,,,Fee Schedule,135 percent of Medicaid APG. otherwise 135% of Ordered NYS MCD FS or 135% of ASP+6%,110.28,,,,,,,Fee Schedule,135 percent of Medicaid APG. otherwise 135% of Ordered NYS MCD FS or 135% of ASP+6%,13.54,,,,,,,Fee Schedule,"100% Medicare Lab FS. ",15.05,,,,,,,Fee Schedule,"100 % 2019 CMS Clinical Lab National Limit Pub 20190115. ",13.54,,,,,,,Fee Schedule,"100% Medicare Lab FS. ",85.77,,,,,,,Fee Schedule,105 percent of Medicaid APG. otherwise 105% of Ordered NYS MCD FS or 105% of ASP+6%,17.56,,,,,,,Fee Schedule,"238 % BCBS Standard HMO. ",13.54,,,,,,,Fee Schedule,"100% Medicare Lab FS. ",17.56,,,,,,,Fee Schedule,"238 % BCBS Standard HMO. ",17.56,,,,,,,Fee Schedule,"238 % BCBS Standard HMO. ",17.56,,,,,,,Fee Schedule,"238 % BCBS Standard HMO. ",85.77,,,,,,,Fee Schedule,105 percent of Medicaid APG. otherwise 105% of Ordered NYS MCD FS or 105% of ASP+6%,13.54,,,,,,,Fee Schedule,"100% Medicare Lab FS. ",17.56,,,,,,,Fee Schedule,"238 % BCBS Standard HMO. ",110.28,,,,,,,Fee Schedule,135 percent of Medicaid APG. otherwise 135% of Ordered NYS MCD FS or 135% of ASP+6%,17.56,,,,,,,Fee Schedule,"238 % BCBS Standard HMO. ",20.31,,,,,,,Fee Schedule,"150% of Medicare Lab FS. ",13.54,,,,,,,Fee Schedule,"100% Medicare Lab FS. ",29.38,,,,,,,Fee Schedule,"217 % Medicare RBRVS. ",29.38,,,,,,,Fee Schedule,"217 % Medicare RBRVS. ",29.38,,,,,,,Fee Schedule,"217 % Medicare RBRVS. ",29.38,,,,,,,Fee Schedule,"217 % Medicare RBRVS. ",29.38,,,,,,,Fee Schedule,"217 % Medicare RBRVS. ",34.53,,,,,,,Fee Schedule,"255 % Medicare RBRVS. ",34.53,,,,,,,Fee Schedule,"255 % Medicare RBRVS. ",29.38,,,,,,,Fee Schedule,"217 % Medicare RBRVS. ",29.38,,,,,,,Fee Schedule,"217 % Medicare RBRVS. ",29.38,,,,,,,Fee Schedule,"217 % Medicare RBRVS. ",29.38,,,,,,,Fee Schedule,"217 % Medicare RBRVS. ",29.38,,,,,,,Fee Schedule,"217 % Medicare RBRVS. ",13.54,,,,,,,Fee Schedule,"100% Medicare Lab FS. ",34.53,,,,,,,Fee Schedule,"255 % Medicare RBRVS. ",13.54,,,,,,,Fee Schedule,"100% Medicare Lab FS. ",183.79,,,,,,,Case Rate,"225 Percent of Medicaid APG. If not included in Medicaid APG, then 100 Percent of Manhattan Medicare",81.69,,,,,,,Case Rate,"100 Percent of Medicaid APG. If not priced under APG, then Metroplus FeeSched",15.05,,,,,,,Fee Schedule,"100 % 2019 CMS Clinical Lab National Limit Pub 20190115. ",15.05,,,,,,,Fee Schedule,"100 % 2019 CMS Clinical Lab National Limit Pub 20190115. ",13.54,,,,,,,Fee Schedule,"100% Medicare Lab FS. ",26.13,,,,,,,Fee Schedule,"193 % Medicare RBRVS. ",13.54,,,,,,,Fee Schedule,"100% Medicare Lab FS. ",13.54,,,,,,,Fee Schedule,"100% Medicare Lab FS. ",33.99,,,,,,,Fee Schedule,"251.033973412112 % Medicare Physician FS TC Rates Only. ",13.54,,,,,,,Fee Schedule,"100% Medicare Lab FS. ",29.31,,,,,,,Fee Schedule,"150 % 2018 Cigna RBRVS fee schedule. ",13.54,,,,,,,Fee Schedule,"100% Medicare Lab FS. ",29.31,,,,,,,Fee Schedule,"150 % 2018 Cigna RBRVS fee schedule. ",33.99,,,,,,,Fee Schedule,"251.033973412112 % Medicare Physician FS TC Rates Only. ",29.31,,,,,,,Fee Schedule,"150 % 2018 Cigna RBRVS fee schedule. ",13.54,,,,,,,Fee Schedule,"100% Medicare Lab FS. ",81.69,,,,,,,Case Rate,"100 Percent of Medicaid APG. ",13.54,,,,,,,Fee Schedule,"100% Medicare Lab FS. ",29.31,,,,,,,Fee Schedule,"150 % 2018 Cigna RBRVS fee schedule. ",15.05,,,,,,,Fee Schedule,"100 % 2019 CMS Clinical Lab National Limit Pub 20190115. ",81.69,,,,,,,Case Rate,"100 Percent of Medicaid APG. ",17.56,,,,,,,Fee Schedule,"238 % BCBS Standard HMO. ",98.02,,,,,,,Fee Schedule,"120 Percent of Medicaid APG. ",98.02,,,,,,,Fee Schedule,"120 Percent of Medicaid APG. ",17.56,,,,,,,Fee Schedule,"238 % BCBS Standard HMO. ",17.56,,,,,,,Fee Schedule,"238 % BCBS Standard HMO. ",17.56,,,,,,,Fee Schedule,"238 % BCBS Standard HMO. ",15.05,,,,,,,Fee Schedule,"100 % 2019 CMS Clinical Lab National Limit Pub 20190115. ",17.56,,,,,,,Fee Schedule,"238 % BCBS Standard HMO. ",17.56,,,,,,,Fee Schedule,"238 % BCBS Standard HMO. ",17.56,,,,,,,Fee Schedule,"238 % BCBS Standard HMO. ",29.38,,,,,,,Fee Schedule,"217 % Medicare RBRVS. ",29.38,,,,,,,Fee Schedule,"217 % Medicare RBRVS. ",19.09,,,,,,,Fee Schedule,141 Percent of of Medicare Lab FS. Metroplus will reimburse unlisted codes and described codes with no Medicare rate at 50 percent of charges.,81.69,,,,,,,Case Rate,"100 Percent of Medicaid APG. ",15.05,,,,,,,Fee Schedule,"100 % 2019 CMS Clinical Lab National Limit Pub 20190115. ",29.31,,,,,,,Fee Schedule,"150 % 2018 Cigna RBRVS fee schedule. ",33.99,,,,,,,Fee Schedule,"251.033973412112 % Medicare Physician FS TC Rates Only. ",15.05,,,,,,,Fee Schedule,"100 % 2019 CMS Clinical Lab National Limit Pub 20190115. ",33.99,,,,,,,Fee Schedule,"251.033973412112 % Medicare Physician FS TC Rates Only. ",15.05,,,,,,,Fee Schedule,"100 % 2019 CMS Clinical Lab National Limit Pub 20190115. ",17.56,,,,,,,Fee Schedule,"238 % BCBS Standard HMO. ",17.56,,,,,,,Fee Schedule,"238 % BCBS Standard HMO. ",17.56,,,,,,,Fee Schedule,"238 % BCBS Standard HMO. ",17.56,,,,,,,Fee Schedule,"238 % BCBS Standard HMO. ",13.54,,,,,,,Fee Schedule,"100% Medicare Lab FS. ",10.61,183.79,
80364,CPT,2025116,LOCAL,301,RC,HC OPIOID &OPIATE ANALOG 5/MORE,102.7,19.513,both,,,,51.35,50,,,,,0,percent of total billed charges,50% of Billed Charges. Lesser of 100% of billed charges applies.; No services were performed during the 15 month look back period.,51.35,50,,,,,0,percent of total billed charges,50% of Billed Charges. Lesser of 100% of billed charges applies.; No services were performed during the 15 month look back period.,61.62,60,,,,,0,percent of total billed charges,60 percent of billed charges; No services were performed during the 15 month look back period.,102.7,100,,,,,0,percent of total billed charges,100 percent of billed charges. ; No services were performed during the 15 month look back period.,,,,,,,,Other,"Not Payable. ",61.62,60,,,,,0,percent of total billed charges,60 percent of billed charges; No services were performed during the 15 month look back period.,61.62,60,,,,,0,percent of total billed charges,60 percent of billed charges; No services were performed during the 15 month look back period.,61.62,60,,,,,0,percent of total billed charges,60 percent of billed charges; No services were performed during the 15 month look back period.,,,,,,,,Other,"100 Percent of Medicaid APG. ",,,,,,,,Other,"100 Percent of Medicaid APG. ",80.106,78,,,,,0,percent of total billed charges,78% of Billed Charges. Lesser of 100% of billed charges applies.; No services were performed during the 15 month look back period.,,,,,,,,Fee Schedule,"100 % Zero Pay Code. ",,,,,,,,Other,"100 Percent of Medicaid APG. ",,,,,,,,Other,"Not Payable. ",61.62,60,,,,,0,percent of total billed charges,60 percent of billed charges; No services were performed during the 15 month look back period.,61.62,60,,,,,0,percent of total billed charges,60 percent of billed charges; No services were performed during the 15 month look back period.,61.62,60,,,,,0,percent of total billed charges,60 percent of billed charges; No services were performed during the 15 month look back period.,61.62,60,,,,,0,percent of total billed charges,60 percent of billed charges; No services were performed during the 15 month look back period.,1.027,1,,,,,0,percent of total billed charges,NA. Covered services not payable under Medicaid Fee Schedules default to a payment of 50 percent of charges.; No services were performed during the 15 month look back period.,,,,,,,,Other,"Not Payable. ",1.027,1,,,,,0,percent of total billed charges,NA. Covered services not payable under Medicaid Fee Schedules default to a payment of 50 percent of charges.; No services were performed during the 15 month look back period.,80.106,78,,,,,0,percent of total billed charges,78% of Billed Charges. Lesser of 100% of billed charges applies.; No services were performed during the 15 month look back period.,61.62,60,,,,,0,percent of total billed charges,60 percent of billed charges; No services were performed during the 15 month look back period.,,,,,,,,Other,"Not Payable. ",74.971,73,,,,,0,percent of total billed charges,73 percent of billed charges; No services were performed during the 15 month look back period.,,,,,,,,Other,"Not Payable. ",,,,,,,,Other,"Not Payable. ",80.106,78,,,,,0,percent of total billed charges,78% of Billed Charges. Lesser of 100% of billed charges applies.; No services were performed during the 15 month look back period.,5.05,,,,,,,Fee Schedule,100% Medicaid Fee Schedule. Lesser of 100% of billed charges applies.,5.05,,,,,,,Fee Schedule,100% Medicaid Fee Schedule. Lesser of 100% of billed charges applies.,,,,,,,,Fee schedule,"90 Percent of Medicare RBRVS. ",,,,,,,,Fee schedule,"90 Percent of Medicare RBRVS. ",74.971,73,,,,,0,percent of total billed charges,73 percent of billed charges; No services were performed during the 15 month look back period.,74.971,73,,,,,0,percent of total billed charges,73 percent of billed charges; No services were performed during the 15 month look back period.,,,,,,,,Other,"100 Percent of Medicaid APG. Not APG payable, or payable under another fee schedule like ASP/AWP pays at 30% of charges",74.971,73,,,,,0,percent of total billed charges,73 percent of billed charges; No services were performed during the 15 month look back period.,,,,,,,,Other,"100 Percent of Medicaid APG. Not APG payable, or payable under another fee schedule like ASP/AWP pays at 30% of charges",,,,,,,,Other,"Not Payable. ",74.971,73,,,,,0,percent of total billed charges,73 percent of billed charges; No services were performed during the 15 month look back period.,80.106,78,,,,,0,percent of total billed charges,78% of Billed Charges. Lesser of 100% of billed charges applies.; No services were performed during the 15 month look back period.,,,,,,,,Other,"100 Percent of Medicaid APG. If not priced under APG, then Metroplus FeeSched",,,,,,,,Other,"100 Percent of Medicaid APG. If not priced under APG, then Metroplus FeeSched",80.106,78,,,,,0,percent of total billed charges,78% of Billed Charges. Lesser of 100% of billed charges applies.; No services were performed during the 15 month look back period.,61.62,60,,,,,0,percent of total billed charges,60 percent of billed charges; No services were performed during the 15 month look back period.,,,,,,,,Fee Schedule,"100 % Zero Pay Code. ",,,,,,,,Fee Schedule,"100 % Zero Pay Code. ",80.106,78,,,,,0,percent of total billed charges,78% of Billed Charges. Lesser of 100% of billed charges applies.; No services were performed during the 15 month look back period.,,,,,,,,Other,"Not Payable. ",,,,,,,,Fee Schedule,"100 % Zero Pay Code. ",,,,,,,,Fee Schedule,"100 % Zero Pay Code. ",,,,,,,,Fee Schedule,"100 % Zero Pay Code. ",,,,,,,,Other,"Not Payable. ",,,,,,,,Fee Schedule,"100 % Zero Pay Code. ",,,,,,,,Fee Schedule,"100 % Zero Pay Code. ",,,,,,,,Other,"Not Payable. ",51.35,50,,,,,0,percent of total billed charges,50 percent of billed charges; No services were performed during the 15 month look back period.,31.46,,,,,,,Fee Schedule,"238 % BCBS Standard HMO. ",31.46,,,,,,,Fee Schedule,"238 % BCBS Standard HMO. ",31.46,,,,,,,Fee Schedule,"238 % BCBS Standard HMO. ",31.46,,,,,,,Fee Schedule,"238 % BCBS Standard HMO. ",31.46,,,,,,,Fee Schedule,"238 % BCBS Standard HMO. ",31.46,,,,,,,Fee Schedule,"238 % BCBS Standard HMO. ",,,,,,,,Other,"Not Payable. ",,,,,,,,Other,"Not Payable. ",31.46,,,,,,,Fee Schedule,"238 % BCBS Standard HMO. ",80.106,78,,,,,0,percent of total billed charges,78% of Billed Charges. Lesser of 100% of billed charges applies.; No services were performed during the 15 month look back period.,80.106,78,,,,,0,percent of total billed charges,78% of Billed Charges. Lesser of 100% of billed charges applies.; No services were performed during the 15 month look back period.,80.106,78,,,,,0,percent of total billed charges,78% of Billed Charges. Lesser of 100% of billed charges applies.; No services were performed during the 15 month look back period.,80.106,78,,,,,0,percent of total billed charges,78% of Billed Charges. Lesser of 100% of billed charges applies.; No services were performed during the 15 month look back period.,80.106,78,,,,,0,percent of total billed charges,78% of Billed Charges. Lesser of 100% of billed charges applies.; No services were performed during the 15 month look back period.,80.106,78,,,,,0,percent of total billed charges,78% of Billed Charges. Lesser of 100% of billed charges applies.; No services were performed during the 15 month look back period.,80.106,78,,,,,0,percent of total billed charges,78% of Billed Charges. Lesser of 100% of billed charges applies.; No services were performed during the 15 month look back period.,80.106,78,,,,,0,percent of total billed charges,78% of Billed Charges. Lesser of 100% of billed charges applies.; No services were performed during the 15 month look back period.,80.106,78,,,,,0,percent of total billed charges,78% of Billed Charges. Lesser of 100% of billed charges applies.; No services were performed during the 15 month look back period.,80.106,78,,,,,0,percent of total billed charges,78% of Billed Charges. Lesser of 100% of billed charges applies.; No services were performed during the 15 month look back period.,80.106,78,,,,,0,percent of total billed charges,78% of Billed Charges. Lesser of 100% of billed charges applies.; No services were performed during the 15 month look back period.,80.106,78,,,,,0,percent of total billed charges,78% of Billed Charges. Lesser of 100% of billed charges applies.; No services were performed during the 15 month look back period.,80.106,78,,,,,0,percent of total billed charges,78% of Billed Charges. Lesser of 100% of billed charges applies.; No services were performed during the 15 month look back period.,80.106,78,,,,,0,percent of total billed charges,78% of Billed Charges. Lesser of 100% of billed charges applies.; No services were performed during the 15 month look back period.,80.106,78,,,,,0,percent of total billed charges,78% of Billed Charges. Lesser of 100% of billed charges applies.; No services were performed during the 15 month look back period.,80.106,78,,,,,0,percent of total billed charges,78% of Billed Charges. Lesser of 100% of billed charges applies.; No services were performed during the 15 month look back period.,80.106,78,,,,,0,percent of total billed charges,78% of Billed Charges. Lesser of 100% of billed charges applies.; No services were performed during the 15 month look back period.,80.106,78,,,,,0,percent of total billed charges,78% of Billed Charges. Lesser of 100% of billed charges applies.; No services were performed during the 15 month look back period.,80.106,78,,,,,0,percent of total billed charges,78% of Billed Charges. Lesser of 100% of billed charges applies.; No services were performed during the 15 month look back period.,80.106,78,,,,,0,percent of total billed charges,78% of Billed Charges. Lesser of 100% of billed charges applies.; No services were performed during the 15 month look back period.,80.106,78,,,,,0,percent of total billed charges,78% of Billed Charges. Lesser of 100% of billed charges applies.; No services were performed during the 15 month look back period.,80.106,78,,,,,0,percent of total billed charges,78% of Billed Charges. Lesser of 100% of billed charges applies.; No services were performed during the 15 month look back period.,80.106,78,,,,,0,percent of total billed charges,78% of Billed Charges. Lesser of 100% of billed charges applies.; No services were performed during the 15 month look back period.,80.106,78,,,,,0,percent of total billed charges,78% of Billed Charges. Lesser of 100% of billed charges applies.; No services were performed during the 15 month look back period.,80.106,78,,,,,0,percent of total billed charges,78% of Billed Charges. Lesser of 100% of billed charges applies.; No services were performed during the 15 month look back period.,80.106,78,,,,,0,percent of total billed charges,78% of Billed Charges. Lesser of 100% of billed charges applies.; No services were performed during the 15 month look back period.,74.971,73,,,,,0,percent of total billed charges,73 percent of billed charges; No services were performed during the 15 month look back period.,74.971,73,,,,,0,percent of total billed charges,73 percent of billed charges; No services were performed during the 15 month look back period.,74.971,73,,,,,0,percent of total billed charges,73 percent of billed charges; No services were performed during the 15 month look back period.,74.971,73,,,,,0,percent of total billed charges,73 percent of billed charges; No services were performed during the 15 month look back period.,82.16,80,,,,,0,percent of total billed charges,80 percent of billed charges; No services were performed during the 15 month look back period.,82.16,80,,,,,0,percent of total billed charges,80 percent of billed charges; No services were performed during the 15 month look back period.,61.62,60,,,,,0,percent of total billed charges,60 percent of billed charges; No services were performed during the 15 month look back period.,31.46,,,,,,,Fee Schedule,"238 % BCBS Standard HMO. ",,,,,,,,Fee Schedule,"100 % Zero Pay Code. ",31.46,,,,,,,Fee Schedule,"238 % BCBS Standard HMO. ",80.106,78,,,,,0,percent of total billed charges,78% of Billed Charges. Lesser of 100% of billed charges applies.; No services were performed during the 15 month look back period.,82.16,80,,,,,0,percent of total billed charges,80 percent of billed charges; No services were performed during the 15 month look back period.,31.46,,,,,,,Fee Schedule,"238 % BCBS Standard HMO. ",,,,,,,,Fee Schedule,"100 % Zero Pay Code. ",61.62,60,,,,,0,percent of total billed charges,60 percent of billed charges; No services were performed during the 15 month look back period.,,,,,,,,,"NA. ",80.106,78,,,,,0,percent of total billed charges,78% of Billed Charges. Lesser of 100% of billed charges applies.; No services were performed during the 15 month look back period.,,,,,,,,Other,"100 Percent of Medicaid APG. ",74.971,73,,,,,0,percent of total billed charges,73 percent of billed charges; No services were performed during the 15 month look back period.,,,,,,,,Other,"100 Percent of Medicaid APG. Not APG payable, or payable under another fee schedule like ASP/AWP pays at 30% of charges",,,,,,,,Other,"Not Payable. ",,,,,,,,Other,"Not Payable. ",51.35,50,,,,,0,percent of total billed charges,50 percent of billed charges; No services were performed during the 15 month look back period.,,,,,,,,Other,"Not Payable. ",,,,,,,,Other,"Not Payable. ",,,,,,,,Other,"100 Percent of Medicaid APG. ",,,,,,,,Other,"Not Payable. ",,,,,,,,Other,"Not Payable. ",61.62,60,,,,,0,percent of total billed charges,60 percent of billed charges; No services were performed during the 15 month look back period.,61.62,60,,,,,0,percent of total billed charges,60 percent of billed charges; No services were performed during the 15 month look back period.,,,,,,,,Other,"Not Payable. ",61.62,60,,,,,0,percent of total billed charges,60 percent of billed charges; No services were performed during the 15 month look back period.,,,,,,,,Fee Schedule,"100 % Zero Pay Code. ",,,,,,,,Fee Schedule,"100 % Zero Pay Code. ",,,,,,,,Other,"Not Payable. ",61.62,60,,,,,0,percent of total billed charges,60 percent of billed charges; No services were performed during the 15 month look back period.,61.62,60,,,,,0,percent of total billed charges,60 percent of billed charges; No services were performed during the 15 month look back period.,61.62,60,,,,,0,percent of total billed charges,60 percent of billed charges; No services were performed during the 15 month look back period.,61.62,60,,,,,0,percent of total billed charges,60 percent of billed charges; No services were performed during the 15 month look back period.,80.106,78,,,,,0,percent of total billed charges,78% of Billed Charges. Lesser of 100% of billed charges applies.; No services were performed during the 15 month look back period.,80.106,78,,,,,0,percent of total billed charges,78% of Billed Charges. Lesser of 100% of billed charges applies.; No services were performed during the 15 month look back period.,80.106,78,,,,,0,percent of total billed charges,78% of Billed Charges. Lesser of 100% of billed charges applies.; No services were performed during the 15 month look back period.,80.106,78,,,,,0,percent of total billed charges,78% of Billed Charges. Lesser of 100% of billed charges applies.; No services were performed during the 15 month look back period.,80.106,78,,,,,0,percent of total billed charges,78% of Billed Charges. Lesser of 100% of billed charges applies.; No services were performed during the 15 month look back period.,80.106,78,,,,,0,percent of total billed charges,78% of Billed Charges. Lesser of 100% of billed charges applies.; No services were performed during the 15 month look back period.,80.106,78,,,,,0,percent of total billed charges,78% of Billed Charges. Lesser of 100% of billed charges applies.; No services were performed during the 15 month look back period.,80.106,78,,,,,0,percent of total billed charges,78% of Billed Charges. Lesser of 100% of billed charges applies.; No services were performed during the 15 month look back period.,80.106,78,,,,,0,percent of total billed charges,78% of Billed Charges. Lesser of 100% of billed charges applies.; No services were performed during the 15 month look back period.,80.106,78,,,,,0,percent of total billed charges,78% of Billed Charges. Lesser of 100% of billed charges applies.; No services were performed during the 15 month look back period.,80.106,78,,,,,0,percent of total billed charges,78% of Billed Charges. Lesser of 100% of billed charges applies.; No services were performed during the 15 month look back period.,82.16,80,,,,,0,percent of total billed charges,80 percent of billed charges; No services were performed during the 15 month look back period.,31.46,,,,,,,Fee Schedule,"238 % BCBS Standard HMO. ",61.62,60,,,,,0,percent of total billed charges,60 percent of billed charges; No services were performed during the 15 month look back period.,,,,,,,,Other,"Not Payable. ",61.62,60,,,,,0,percent of total billed charges,60 percent of billed charges; No services were performed during the 15 month look back period.,61.62,60,,,,,0,percent of total billed charges,60 percent of billed charges; No services were performed during the 15 month look back period.,61.62,60,,,,,0,percent of total billed charges,60 percent of billed charges; No services were performed during the 15 month look back period.,80.106,78,,,,,0,percent of total billed charges,78% of Billed Charges. Lesser of 100% of billed charges applies.; No services were performed during the 15 month look back period.,,,,,,,,Other,"214 Percent of Medicaid APG. ",61.62,60,,,,,0,percent of total billed charges,60 percent of billed charges; No services were performed during the 15 month look back period.,,,,,,,,Other,"100 Percent of Medicaid APG. ",,,,,,,,Other,"Not Payable. ",,,,,,,,Other,"Not Payable. ",,,,,,,,Other,"Not Payable. ",,,,,,,,Other,"Not Payable. ",,,,,,,,Other,"Not Payable. ",,,,,,,,Other,"Not Payable. ",61.62,60,,,,,0,percent of total billed charges,60 percent of billed charges; No services were performed during the 15 month look back period.,51.35,50,,,,,0,percent of total billed charges,50 percent of billed charges; No services were performed during the 15 month look back period.,1.027,1,,,,,0,percent of total billed charges,NA. ; No services were performed during the 15 month look back period.,1.027,1,,,,,0,percent of total billed charges,NA. ; No services were performed during the 15 month look back period.,1.027,1,,,,,0,percent of total billed charges,NA. ; No services were performed during the 15 month look back period.,1.027,1,,,,,0,percent of total billed charges,NA. ; No services were performed during the 15 month look back period.,1.027,1,,,,,0,percent of total billed charges,NA. ; No services were performed during the 15 month look back period.,,,,,,,,,"NA. ",51.35,50,,,,,0,percent of total billed charges,50 percent of billed charges; No services were performed during the 15 month look back period.,,,,,,,,Fee Schedule,"Not Payable. ",,,,,,,,Fee Schedule,"Not Payable. ",,,,,,,,Fee Schedule,"Not Payable. ",,,,,,,,Fee Schedule,"Not Payable. ",,,,,,,,Fee Schedule,"Not Payable. ",,,,,,,,Other,"Not Payable. ",82.16,80,,,,,0,percent of total billed charges,80 percent of billed charges; No services were performed during the 15 month look back period.,82.16,80,,,,,0,percent of total billed charges,80 percent of billed charges; No services were performed during the 15 month look back period.,82.16,80,,,,,0,percent of total billed charges,80 percent of billed charges; No services were performed during the 15 month look back period.,82.16,80,,,,,0,percent of total billed charges,80 percent of billed charges; No services were performed during the 15 month look back period.,61.62,60,,,,,0,percent of total billed charges,60 percent of billed charges; No services were performed during the 15 month look back period.,61.62,60,,,,,0,percent of total billed charges,60 percent of billed charges; No services were performed during the 15 month look back period.,61.62,60,,,,,0,percent of total billed charges,60 percent of billed charges; No services were performed during the 15 month look back period.,61.62,60,,,,,0,percent of total billed charges,60 percent of billed charges; No services were performed during the 15 month look back period.,51.35,50,,,,,0,percent of total billed charges,50 percent of billed charges; No services were performed during the 15 month look back period.,51.35,50,,,,,0,percent of total billed charges,50 percent of billed charges; No services were performed during the 15 month look back period.,,,,,,,,Other,"Not Payable. ",,,,,,,,Other,"Not Payable. ",,,,,,,,Other,"Not Payable. ",31.46,,,,,,,Fee Schedule,"238 % BCBS Standard HMO. ",31.46,,,,,,,Fee Schedule,"238 % BCBS Standard HMO. ",31.46,,,,,,,Fee Schedule,"238 % BCBS Standard HMO. ",51.35,50,,,,,0,percent of total billed charges,50 percent of billed charges; No services were performed during the 15 month look back period.,61.62,60,,,,,0,percent of total billed charges,60 percent of billed charges; No services were performed during the 15 month look back period.,,,,,,,,Other,"Not Payable. ",31.46,,,,,,,Fee Schedule,"238 % BCBS Standard HMO. ",,,,,,,,Other,"100 Percent of Medicaid APG. ",,,,,,,,Other,"Not Payable. ",,,,,,,,Other,"Not Payable. ",,,,,,,,Other,"Not Payable. ",,,,,,,,Fee schedule,"90 Percent of Medicare RBRVS. ",,,,,,,,Fee Schedule,225% of NYS APG. Lesser of 100% of billed charges applies.,,,,,,,,Fee Schedule,225% of NYS APG. Lesser of 100% of billed charges applies.,,,,,,,,Fee Schedule,225% of NYS APG. Lesser of 100% of billed charges applies.,,,,,,,,Fee Schedule,225% of NYS APG. Lesser of 100% of billed charges applies.,,,,,,,,Fee Schedule,225% of NYS APG. Lesser of 100% of billed charges applies.,,,,,,,,Other,"Not Payable. ",,,,,,,,Other,"100 Percent of Medicaid APG. ",5.05,,,,,,,Fee Schedule,100% Medicaid Fee Schedule. Lesser of 100% of billed charges applies.,,,,,,,,Fee Schedule,225% of NYS APG. Lesser of 100% of billed charges applies.,,,,,,,,Fee Schedule,225% of NYS APG. Lesser of 100% of billed charges applies.,5.05,,,,,,,Fee Schedule,100% Medicaid Fee Schedule. Lesser of 100% of billed charges applies.,5.05,,,,,,,Fee Schedule,100% Medicaid Fee Schedule. Lesser of 100% of billed charges applies.,1.027,1,,,,,0,percent of total billed charges,NA. ; No services were performed during the 15 month look back period.,,,,,,,,Other,"Not Payable. ",,,,,,,,Other,"Not Payable. ",61.62,60,,,,,0,percent of total billed charges,60 percent of billed charges; No services were performed during the 15 month look back period.,,,,,,,,Other,"Not Payable. ",,,,,,,,Fee Schedule,"225 Percent of Medicaid APG. ",,,,,,,,Fee Schedule,"225 Percent of Medicaid APG. ",,,,,,,,Fee schedule,"90 Percent of Medicare RBRVS. ",,,,,,,,Fee schedule,"90 Percent of Medicare RBRVS. ",,,,,,,,Case Rate,Not Payable. Covered services not payable under Medicaid Fee Schedules default to a payment of 87.5 percent of charges.,1.027,1,,,,,0,percent of total billed charges,NA. Covered services not payable under Medicaid Fee Schedules default to a payment of 50 percent of charges.; No services were performed during the 15 month look back period.,,,,,,,,Other,"100 Percent of Medicaid APG. ",,,,,,,,Other,"100 Percent of Medicaid APG. ",,,,,,,,Other,"100 Percent of Medicaid APG. ",,,,,,,,Other,"100 Percent of Medicaid APG. ",,,,,,,,,,51.35,50,,,,,0,percent of total billed charges,50 percent of billed charges; No services were performed during the 15 month look back period.,,,,,,,,Other,"120 Percent of Medicaid APG. Not APG payable, or payable under another fee schedule like ASP/AWP pays at 30% of charges",,,,,,,,Other,"120 Percent of Medicaid APG. Not APG payable, or payable under another fee schedule like ASP/AWP pays at 30% of charges",,,,,,,,Other,"100 Percent of Medicaid APG. Not APG payable, or payable under another fee schedule like ASP/AWP pays at 30% of charges",,,,,,,,Other,"100 Percent of Medicaid APG. Not APG payable, or payable under another fee schedule like ASP/AWP pays at 30% of charges",31.46,,,,,,,Fee Schedule,"238 % BCBS Standard HMO. ",31.46,,,,,,,Fee Schedule,"238 % BCBS Standard HMO. ",,,,,,,,Other,"Not Payable. ",31.46,,,,,,,Fee Schedule,"238 % BCBS Standard HMO. ",31.46,,,,,,,Fee Schedule,"238 % BCBS Standard HMO. ",31.46,,,,,,,Fee Schedule,"238 % BCBS Standard HMO. ",31.46,,,,,,,Fee Schedule,"238 % BCBS Standard HMO. ",,,,,,,,Other,"Not Payable. ",31.46,,,,,,,Fee Schedule,"238 % BCBS Standard HMO. ",31.46,,,,,,,Fee Schedule,"238 % BCBS Standard HMO. ",61.62,60,,,,,0,percent of total billed charges,60 percent of billed charges; No services were performed during the 15 month look back period.,,,,,,,,Fee Schedule,110% of APG. Lesser of 100% of billed charges applies.,1.027,1,,,,,0,percent of total billed charges,NA. Covered services not payable under Medicaid Fee Schedules default to a payment of 50 percent of charges.; No services were performed during the 15 month look back period.,,,,,,,,Fee Schedule,225% of NYS APG. Lesser of 100% of billed charges applies.,,,,,,,,Case Rate,Not Payable. Covered services not payable under Medicaid Fee Schedules default to a payment of 87.5 percent of charges.,1.027,1,,,,,0,percent of total billed charges,NA. Covered services not payable under Medicaid Fee Schedules default to a payment of 50 percent of charges.; No services were performed during the 15 month look back period.,,,,,,,,Fee Schedule,225% of NYS APG. Lesser of 100% of billed charges applies.,,,,,,,,Fee Schedule,225% of NYS APG. Lesser of 100% of billed charges applies.,,,,,,,,Fee Schedule,225% of NYS APG. Lesser of 100% of billed charges applies.,,,,,,,,Fee Schedule,225% of NYS APG. Lesser of 100% of billed charges applies.,,,,,,,,Fee Schedule,225% of NYS APG. Lesser of 100% of billed charges applies.,,,,,,,,Fee Schedule,225% of NYS APG. Lesser of 100% of billed charges applies.,,,,,,,,,"NA. ",,,,,,,,,"NA. ",,,,,,,,,"NA. ",61.62,60,,,,,0,percent of total billed charges,60 percent of billed charges; No services were performed during the 15 month look back period.,,,,,,,,,"NA. ",,,,,,,,Other,"Not Payable. ",51.35,50,,,,,0,percent of total billed charges,50% of Billed Charges. Lesser of 100% of billed charges applies.; No services were performed during the 15 month look back period.,,,,,,,,Other,"Not Payable. ",,,,,,,,Other,"Not Payable. ",,,,,,,,Other,"120 Percent of Medicaid APG. Not APG payable, or payable under another fee schedule like ASP/AWP pays at 30% of charges",,,,,,,,Other,"120 Percent of Medicaid APG. Not APG payable, or payable under another fee schedule like ASP/AWP pays at 30% of charges",,,,,,,,Other,"100 Percent of Medicaid APG. Not APG payable, or payable under another fee schedule like ASP/AWP pays at 30% of charges",,,,,,,,Other,"100 Percent of Medicaid APG. Not APG payable, or payable under another fee schedule like ASP/AWP pays at 30% of charges",,,,,,,,Other,"100 Percent of Medicaid APG. ",74.971,73,,,,,0,percent of total billed charges,73 percent of billed charges; No services were performed during the 15 month look back period.,61.62,60,,,,,0,percent of total billed charges,60 percent of billed charges; No services were performed during the 15 month look back period.,74.971,73,,,,,0,percent of total billed charges,73 percent of billed charges; No services were performed during the 15 month look back period.,61.62,60,,,,,0,percent of total billed charges,60 percent of billed charges; No services were performed during the 15 month look back period.,,,,,,,,Other,"Not Payable. ",,,,,,,,Other,"Not Payable. ",,,,,,,,Other,"Not Payable. ",,,,,,,,Other,"Not Payable. ",,,,,,,,Other,"Not Payable. ",,,,,,,,Other,"Not Payable. ",,,,,,,,,"NA. ",,,,,,,,Fee Schedule,225% of NYS APG. Lesser of 100% of billed charges applies.,5.05,,,,,,,Fee Schedule,100% Medicaid Fee Schedule. Lesser of 100% of billed charges applies.,31.46,,,,,,,Fee Schedule,"238 % BCBS Standard HMO. ",74.971,73,,,,,0,percent of total billed charges,73 percent of billed charges; No services were performed during the 15 month look back period.,74.971,73,,,,,0,percent of total billed charges,73 percent of billed charges; No services were performed during the 15 month look back period.,74.971,73,,,,,0,percent of total billed charges,73 percent of billed charges; No services were performed during the 15 month look back period.,74.971,73,,,,,0,percent of total billed charges,73 percent of billed charges; No services were performed during the 15 month look back period.,,,,,,,,Other,"Not Payable. ",,,,,,,,Other,"100 Percent of Medicaid APG. ",31.46,,,,,,,Fee Schedule,"238 % BCBS Standard HMO. ",,,,,,,,Other,"100 Percent of Medicaid APG. ",,,,,,,,Other,"Not Payable. ",,,,,,,,Other,"100 Percent of Medicaid APG. ",,,,,,,,Other,"Not Payable. ",,,,,,,,Other,"Not Payable. ",,,,,,,,Other,"100 Percent of Medicaid APG. ",,,,,,,,Other,"100 Percent of Medicaid APG. ",74.971,73,,,,,0,percent of total billed charges,73 percent of billed charges; No services were performed during the 15 month look back period.,61.62,60,,,,,0,percent of total billed charges,60 percent of billed charges; No services were performed during the 15 month look back period.,80.106,78,,,,,0,percent of total billed charges,78% of Billed Charges. Lesser of 100% of billed charges applies.; No services were performed during the 15 month look back period.,,,,,,,,Fee Schedule,"100 % Zero Pay Code. ",,,,,,,,Fee Schedule,"100 % Zero Pay Code. ",61.62,60,,,,,0,percent of total billed charges,60 percent of billed charges; No services were performed during the 15 month look back period.,,,,,,,,Other,"Not Payable. ",82.16,80,,,,,0,percent of total billed charges,80 percent of billed charges; No services were performed during the 15 month look back period.,82.16,80,,,,,0,percent of total billed charges,80 percent of billed charges; No services were performed during the 15 month look back period.,25.17,,,,,,,Fee Schedule,"190.4 % BCBS Standard HMO. ",25.17,,,,,,,Fee Schedule,"190.4 % BCBS Standard HMO. ",,,,,,,,Other,"Not Payable. ",,,,,,,,Other,"Not Payable. ",,,,,,,,Other,"Not Payable. ",,,,,,,,Other,"Not Payable. ",,,,,,,,Fee Schedule,"100 % Zero Pay Code. ",31.46,,,,,,,Fee Schedule,"238 % BCBS Standard HMO. ",31.46,,,,,,,Fee Schedule,"238 % BCBS Standard HMO. ",,,,,,,,Other,"Not Payable. ",25.17,,,,,,,Fee Schedule,"190.4 % BCBS Standard HMO. ",74.971,73,,,,,0,percent of total billed charges,73 percent of billed charges; No services were performed during the 15 month look back period.,,,,,,,,Fee Schedule,"120 Percent of Medicaid APG. ",,,,,,,,Other,"100 Percent of Medicaid APG. ",74.971,73,,,,,0,percent of total billed charges,73 percent of billed charges; No services were performed during the 15 month look back period.,28.32,,,,,,,Fee Schedule,"214.2 % BCBS Standard HMO. ",28.32,,,,,,,Fee Schedule,"214.2 % BCBS Standard HMO. ",31.46,,,,,,,Fee Schedule,"238 % BCBS Standard HMO. ",51.35,50,,,,,0,percent of total billed charges,50 percent of billed charges; No services were performed during the 15 month look back period.,,,,,,,,Other,"Not Payable. ",,,,,,,,Fee Schedule,"Not payable. ",,,,,,,,Fee Schedule,"Not payable. ",,,,,,,,Fee Schedule,"Not payable. ",,,,,,,,Fee Schedule,"Not payable. ",,,,,,,,Fee Schedule,"100 % Zero Pay Code. ",,,,,,,,Fee Schedule,"Not payable. ",,,,,,,,Fee Schedule,"Not payable. ",,,,,,,,Fee Schedule,"Not payable. ",,,,,,,,Fee Schedule,"Not payable. ",,,,,,,,Fee Schedule,"Not payable. ",,,,,,,,Fee Schedule,"Not payable. ",,,,,,,,Fee Schedule,"Not payable. ",,,,,,,,Other,"Not Payable. ",,,,,,,,Fee Schedule,"100 % Zero Pay Code. ",,,,,,,,Other,"Not Payable. ",,,,,,,,Fee Schedule,"Not payable. ",31.46,,,,,,,Fee Schedule,"238 % BCBS Standard HMO. ",,,,,,,,Other,"Not Payable. ",31.46,,,,,,,Fee Schedule,"238 % BCBS Standard HMO. ",31.46,,,,,,,Fee Schedule,"238 % BCBS Standard HMO. ",31.46,,,,,,,Fee Schedule,"238 % BCBS Standard HMO. ",,,,,,,,Fee Schedule,"Not payable. ",,,,,,,,Other,"Not Payable. ",31.46,,,,,,,Fee Schedule,"238 % BCBS Standard HMO. ",,,,,,,,Fee Schedule,"Not payable. ",31.46,,,,,,,Fee Schedule,"238 % BCBS Standard HMO. ",,,,,,,,Other,"Not Payable. ",,,,,,,,Other,"Not Payable. ",74.971,73,,,,,0,percent of total billed charges,73 percent of billed charges; No services were performed during the 15 month look back period.,74.971,73,,,,,0,percent of total billed charges,73 percent of billed charges; No services were performed during the 15 month look back period.,74.971,73,,,,,0,percent of total billed charges,73 percent of billed charges; No services were performed during the 15 month look back period.,74.971,73,,,,,0,percent of total billed charges,73 percent of billed charges; No services were performed during the 15 month look back period.,74.971,73,,,,,0,percent of total billed charges,73 percent of billed charges; No services were performed during the 15 month look back period.,74.971,73,,,,,0,percent of total billed charges,73 percent of billed charges; No services were performed during the 15 month look back period.,74.971,73,,,,,0,percent of total billed charges,73 percent of billed charges; No services were performed during the 15 month look back period.,74.971,73,,,,,0,percent of total billed charges,73 percent of billed charges; No services were performed during the 15 month look back period.,74.971,73,,,,,0,percent of total billed charges,73 percent of billed charges; No services were performed during the 15 month look back period.,74.971,73,,,,,0,percent of total billed charges,73 percent of billed charges; No services were performed during the 15 month look back period.,74.971,73,,,,,0,percent of total billed charges,73 percent of billed charges; No services were performed during the 15 month look back period.,74.971,73,,,,,0,percent of total billed charges,73 percent of billed charges; No services were performed during the 15 month look back period.,,,,,,,,Other,"Not Payable. ",74.971,73,,,,,0,percent of total billed charges,73 percent of billed charges; No services were performed during the 15 month look back period.,,,,,,,,Other,"Not Payable. ",,,,,,,,Other,"225 Percent of Medicaid APG. If not included in Medicaid APG, then 100 Percent of Manhattan Medicare",,,,,,,,Other,"100 Percent of Medicaid APG. If not priced under APG, then Metroplus FeeSched",,,,,,,,Fee Schedule,"100 % Zero Pay Code. ",,,,,,,,Fee Schedule,"100 % Zero Pay Code. ",,,,,,,,Other,"Not Payable. ",82.16,80,,,,,0,percent of total billed charges,80 percent of billed charges; No services were performed during the 15 month look back period.,,,,,,,,Other,"Not Payable. ",,,,,,,,Other,"Not Payable. ",61.62,60,,,,,0,percent of total billed charges,60 percent of billed charges; No services were performed during the 15 month look back period.,,,,,,,,Other,"Not Payable. ",61.62,60,,,,,0,percent of total billed charges,60 percent of billed charges; No services were performed during the 15 month look back period.,,,,,,,,Other,"Not Payable. ",61.62,60,,,,,0,percent of total billed charges,60 percent of billed charges; No services were performed during the 15 month look back period.,61.62,60,,,,,0,percent of total billed charges,60 percent of billed charges; No services were performed during the 15 month look back period.,61.62,60,,,,,0,percent of total billed charges,60 percent of billed charges; No services were performed during the 15 month look back period.,,,,,,,,Other,"Not Payable. ",,,,,,,,Other,"100 Percent of Medicaid APG. ",,,,,,,,Other,"Not Payable. ",61.62,60,,,,,0,percent of total billed charges,60 percent of billed charges; No services were performed during the 15 month look back period.,,,,,,,,Fee Schedule,"100 % Zero Pay Code. ",,,,,,,,Other,"100 Percent of Medicaid APG. ",31.46,,,,,,,Fee Schedule,"238 % BCBS Standard HMO. ",,,,,,,,Fee Schedule,"120 Percent of Medicaid APG. ",,,,,,,,Fee Schedule,"120 Percent of Medicaid APG. ",31.46,,,,,,,Fee Schedule,"238 % BCBS Standard HMO. ",31.46,,,,,,,Fee Schedule,"238 % BCBS Standard HMO. ",31.46,,,,,,,Fee Schedule,"238 % BCBS Standard HMO. ",,,,,,,,Fee Schedule,"100 % Zero Pay Code. ",31.46,,,,,,,Fee Schedule,"238 % BCBS Standard HMO. ",31.46,,,,,,,Fee Schedule,"238 % BCBS Standard HMO. ",31.46,,,,,,,Fee Schedule,"238 % BCBS Standard HMO. ",74.971,73,,,,,0,percent of total billed charges,73 percent of billed charges; No services were performed during the 15 month look back period.,74.971,73,,,,,0,percent of total billed charges,73 percent of billed charges; No services were performed during the 15 month look back period.,,,,,,,,Fee Schedule,"Not Payable. ",,,,,,,,Other,"100 Percent of Medicaid APG. ",,,,,,,,Fee Schedule,"100 % Zero Pay Code. ",61.62,60,,,,,0,percent of total billed charges,60 percent of billed charges; No services were performed during the 15 month look back period.,61.62,60,,,,,0,percent of total billed charges,60 percent of billed charges; No services were performed during the 15 month look back period.,,,,,,,,Fee Schedule,"100 % Zero Pay Code. ",61.62,60,,,,,0,percent of total billed charges,60 percent of billed charges; No services were performed during the 15 month look back period.,,,,,,,,Fee Schedule,"100 % Zero Pay Code. ",31.46,,,,,,,Fee Schedule,"238 % BCBS Standard HMO. ",31.46,,,,,,,Fee Schedule,"238 % BCBS Standard HMO. ",31.46,,,,,,,Fee Schedule,"238 % BCBS Standard HMO. ",31.46,,,,,,,Fee Schedule,"238 % BCBS Standard HMO. ",,,,,,,,Other,"Not Payable. ",1.027,102.7,
80430,CPT,2027266,LOCAL,301,RC,HC GROWTH HORMONE PANEL,407.39,155.2,both,,,,109,,,,,,,Fee Schedule,"100 % 1199 Fee Schedule. ",109,,,,,,,Fee Schedule,"100 % 1199 Fee Schedule. ",324.62,,,,,,,Fee Schedule,"251.001314466868 % Medicare Physician FS TC Rates Only. ",407.39,100,,,,,0,percent of total billed charges,100 percent of billed charges. ; No services were performed during the 15 month look back period.,129.33,,,,,,,Fee Schedule,"100% Medicare Lab FS. ",324.62,,,,,,,Fee Schedule,"251.001314466868 % Medicare Physician FS TC Rates Only. ",324.62,,,,,,,Fee Schedule,"251.001314466868 % Medicare Physician FS TC Rates Only. ",324.62,,,,,,,Fee Schedule,"251.001314466868 % Medicare Physician FS TC Rates Only. ",120.54,,,,,,,Case Rate,"100 Percent of Medicaid APG. ",100.45,,,,,,,Case Rate,"100 Percent of Medicaid APG. ",317.7642,78,,,,,0,percent of total billed charges,78% of Billed Charges. Lesser of 100% of billed charges applies.; No services were performed during the 15 month look back period.,129.33,,,,,,,Fee Schedule,"100 % 2019 CMS Clinical Lab National Limit Pub 20190115. ",100.45,,,,,,,Case Rate,"100 Percent of Medicaid APG. ",129.33,,,,,,,Fee Schedule,"100% Medicare Lab FS. ",228.75,,,,,,,Fee Schedule,"150 % 2018 Cigna RBRVS fee schedule. ",228.75,,,,,,,Fee Schedule,"150 % 2018 Cigna RBRVS fee schedule. ",228.75,,,,,,,Fee Schedule,"150 % 2018 Cigna RBRVS fee schedule. ",228.75,,,,,,,Fee Schedule,"150 % 2018 Cigna RBRVS fee schedule. ",116.4,,,,,,,Fee schedule,90 Percent of Medicare Laboratory. Covered services not payable under Medicaid Fee Schedules default to a payment of 50 percent of charges.,129.33,,,,,,,Fee Schedule,"100% Medicare Lab FS. ",116.4,,,,,,,Fee schedule,90 Percent of Medicare Laboratory. Covered services not payable under Medicaid Fee Schedules default to a payment of 50 percent of charges.,317.7642,78,,,,,0,percent of total billed charges,78% of Billed Charges. Lesser of 100% of billed charges applies.; No services were performed during the 15 month look back period.,324.62,,,,,,,Fee Schedule,"251.001314466868 % Medicare Physician FS TC Rates Only. ",129.33,,,,,,,Fee Schedule,"100% Medicare Lab FS. ",329.79,,,,,,,Fee Schedule,"255 % Medicare RBRVS. ",129.33,,,,,,,Fee Schedule,"100% Medicare Lab FS. ",129.33,,,,,,,Fee Schedule,"100% Medicare Lab FS. ",317.7642,78,,,,,0,percent of total billed charges,78% of Billed Charges. Lesser of 100% of billed charges applies.; No services were performed during the 15 month look back period.,116.4,,,,,,,Fee Schedule,90 Percent of Medicare RBRVS. Lesser of 100% of billed charges applies.,116.4,,,,,,,Fee Schedule,90 Percent of Medicare RBRVS. Lesser of 100% of billed charges applies.,100.45,,,,,,,Case rate,"100 Percent of Medicaid APG. ",100.45,,,,,,,Case rate,"100 Percent of Medicaid APG. ",329.79,,,,,,,Fee Schedule,"255 % Medicare RBRVS. ",329.79,,,,,,,Fee Schedule,"255 % Medicare RBRVS. ",100.45,,,,,,,Case Rate,"100 Percent of Medicaid APG. Not APG payable, or payable under another fee schedule like ASP/AWP pays at 30% of charges",329.79,,,,,,,Fee Schedule,"255 % Medicare RBRVS. ",100.45,,,,,,,Case Rate,"100 Percent of Medicaid APG. Not APG payable, or payable under another fee schedule like ASP/AWP pays at 30% of charges",129.33,,,,,,,Fee Schedule,"100% Medicare Lab FS. ",329.79,,,,,,,Fee Schedule,"255 % Medicare RBRVS. ",317.7642,78,,,,,0,percent of total billed charges,78% of Billed Charges. Lesser of 100% of billed charges applies.; No services were performed during the 15 month look back period.,100.45,,,,,,,Case Rate,"100 Percent of Medicaid APG. ",100.45,,,,,,,Case Rate,"100 Percent of Medicaid APG. ",317.7642,78,,,,,0,percent of total billed charges,78% of Billed Charges. Lesser of 100% of billed charges applies.; No services were performed during the 15 month look back period.,228.75,,,,,,,Fee Schedule,"150 % 2018 Cigna RBRVS fee schedule. ",129.33,,,,,,,Fee Schedule,"100 % 2019 CMS Clinical Lab National Limit Pub 20190115. ",129.33,,,,,,,Fee Schedule,"100 % 2019 CMS Clinical Lab National Limit Pub 20190115. ",317.7642,78,,,,,0,percent of total billed charges,78% of Billed Charges. Lesser of 100% of billed charges applies.; No services were performed during the 15 month look back period.,129.33,,,,,,,Fee Schedule,"100% Medicare Lab FS. ",129.33,,,,,,,Fee Schedule,"100 % 2019 CMS Clinical Lab National Limit Pub 20190115. ",129.33,,,,,,,Fee Schedule,"100 % 2019 CMS Clinical Lab National Limit Pub 20190115. ",129.33,,,,,,,Fee Schedule,"100 % 2019 CMS Clinical Lab National Limit Pub 20190115. ",129.33,,,,,,,Fee Schedule,"100% Medicare Lab FS. ",129.33,,,,,,,Fee Schedule,"100 % 2019 CMS Clinical Lab National Limit Pub 20190115. ",129.33,,,,,,,Fee Schedule,"100 % 2019 CMS Clinical Lab National Limit Pub 20190115. ",129.33,,,,,,,Fee Schedule,"100% of Medicare Lab FS. ",203.695,50,,,,,0,percent of total billed charges,50 percent of billed charges; No services were performed during the 15 month look back period.,256.78,,,,,,,Fee Schedule,"238 % 2013 Manhattan Medicare. ",256.78,,,,,,,Fee Schedule,"238 % 2013 Manhattan Medicare. ",256.78,,,,,,,Fee Schedule,"238 % 2013 Manhattan Medicare. ",256.78,,,,,,,Fee Schedule,"238 % 2013 Manhattan Medicare. ",256.78,,,,,,,Fee Schedule,"238 % 2013 Manhattan Medicare. ",256.78,,,,,,,Fee Schedule,"238 % 2013 Manhattan Medicare. ",129.33,,,,,,,Fee Schedule,"100% Medicare Lab FS. ",129.33,,,,,,,Fee Schedule,"100% Medicare Lab FS. ",256.78,,,,,,,Fee Schedule,"238 % 2013 Manhattan Medicare. ",317.7642,78,,,,,0,percent of total billed charges,78% of Billed Charges. Lesser of 100% of billed charges applies.; No services were performed during the 15 month look back period.,317.7642,78,,,,,0,percent of total billed charges,78% of Billed Charges. Lesser of 100% of billed charges applies.; No services were performed during the 15 month look back period.,317.7642,78,,,,,0,percent of total billed charges,78% of Billed Charges. Lesser of 100% of billed charges applies.; No services were performed during the 15 month look back period.,317.7642,78,,,,,0,percent of total billed charges,78% of Billed Charges. Lesser of 100% of billed charges applies.; No services were performed during the 15 month look back period.,317.7642,78,,,,,0,percent of total billed charges,78% of Billed Charges. Lesser of 100% of billed charges applies.; No services were performed during the 15 month look back period.,317.7642,78,,,,,0,percent of total billed charges,78% of Billed Charges. Lesser of 100% of billed charges applies.; No services were performed during the 15 month look back period.,317.7642,78,,,,,0,percent of total billed charges,78% of Billed Charges. Lesser of 100% of billed charges applies.; No services were performed during the 15 month look back period.,317.7642,78,,,,,0,percent of total billed charges,78% of Billed Charges. Lesser of 100% of billed charges applies.; No services were performed during the 15 month look back period.,317.7642,78,,,,,0,percent of total billed charges,78% of Billed Charges. Lesser of 100% of billed charges applies.; No services were performed during the 15 month look back period.,317.7642,78,,,,,0,percent of total billed charges,78% of Billed Charges. Lesser of 100% of billed charges applies.; No services were performed during the 15 month look back period.,317.7642,78,,,,,0,percent of total billed charges,78% of Billed Charges. Lesser of 100% of billed charges applies.; No services were performed during the 15 month look back period.,317.7642,78,,,,,0,percent of total billed charges,78% of Billed Charges. Lesser of 100% of billed charges applies.; No services were performed during the 15 month look back period.,317.7642,78,,,,,0,percent of total billed charges,78% of Billed Charges. Lesser of 100% of billed charges applies.; No services were performed during the 15 month look back period.,317.7642,78,,,,,0,percent of total billed charges,78% of Billed Charges. Lesser of 100% of billed charges applies.; No services were performed during the 15 month look back period.,317.7642,78,,,,,0,percent of total billed charges,78% of Billed Charges. Lesser of 100% of billed charges applies.; No services were performed during the 15 month look back period.,317.7642,78,,,,,0,percent of total billed charges,78% of Billed Charges. Lesser of 100% of billed charges applies.; No services were performed during the 15 month look back period.,317.7642,78,,,,,0,percent of total billed charges,78% of Billed Charges. Lesser of 100% of billed charges applies.; No services were performed during the 15 month look back period.,317.7642,78,,,,,0,percent of total billed charges,78% of Billed Charges. Lesser of 100% of billed charges applies.; No services were performed during the 15 month look back period.,317.7642,78,,,,,0,percent of total billed charges,78% of Billed Charges. Lesser of 100% of billed charges applies.; No services were performed during the 15 month look back period.,317.7642,78,,,,,0,percent of total billed charges,78% of Billed Charges. Lesser of 100% of billed charges applies.; No services were performed during the 15 month look back period.,317.7642,78,,,,,0,percent of total billed charges,78% of Billed Charges. Lesser of 100% of billed charges applies.; No services were performed during the 15 month look back period.,317.7642,78,,,,,0,percent of total billed charges,78% of Billed Charges. Lesser of 100% of billed charges applies.; No services were performed during the 15 month look back period.,317.7642,78,,,,,0,percent of total billed charges,78% of Billed Charges. Lesser of 100% of billed charges applies.; No services were performed during the 15 month look back period.,317.7642,78,,,,,0,percent of total billed charges,78% of Billed Charges. Lesser of 100% of billed charges applies.; No services were performed during the 15 month look back period.,317.7642,78,,,,,0,percent of total billed charges,78% of Billed Charges. Lesser of 100% of billed charges applies.; No services were performed during the 15 month look back period.,317.7642,78,,,,,0,percent of total billed charges,78% of Billed Charges. Lesser of 100% of billed charges applies.; No services were performed during the 15 month look back period.,329.79,,,,,,,Fee Schedule,"255 % Medicare RBRVS. ",329.79,,,,,,,Fee Schedule,"255 % Medicare RBRVS. ",329.79,,,,,,,Fee Schedule,"255 % Medicare RBRVS. ",329.79,,,,,,,Fee Schedule,"255 % Medicare RBRVS. ",249.61,,,,,,,Fee Schedule,"193 % Medicare RBRVS. ",249.61,,,,,,,Fee Schedule,"193 % Medicare RBRVS. ",228.75,,,,,,,Fee Schedule,"150 % 2018 Cigna RBRVS fee schedule. ",256.78,,,,,,,Fee Schedule,"238 % 2013 Manhattan Medicare. ",129.33,,,,,,,Fee Schedule,"100 % 2019 CMS Clinical Lab National Limit Pub 20190115. ",256.78,,,,,,,Fee Schedule,"238 % 2013 Manhattan Medicare. ",317.7642,78,,,,,0,percent of total billed charges,78% of Billed Charges. Lesser of 100% of billed charges applies.; No services were performed during the 15 month look back period.,249.61,,,,,,,Fee Schedule,"193 % Medicare RBRVS. ",256.78,,,,,,,Fee Schedule,"238 % 2013 Manhattan Medicare. ",129.33,,,,,,,Fee Schedule,"100 % 2019 CMS Clinical Lab National Limit Pub 20190115. ",228.75,,,,,,,Fee Schedule,"150 % 2018 Cigna RBRVS fee schedule. ",,,,,,,,,"NA. ",317.7642,78,,,,,0,percent of total billed charges,78% of Billed Charges. Lesser of 100% of billed charges applies.; No services were performed during the 15 month look back period.,100.45,,,,,,,Case Rate,"100 Percent of Medicaid APG. ",329.79,,,,,,,Fee Schedule,"255 % Medicare RBRVS. ",100.45,,,,,,,Case Rate,"100 Percent of Medicaid APG. Not APG payable, or payable under another fee schedule like ASP/AWP pays at 30% of charges",129.33,,,,,,,Fee Schedule,"100% Medicare Lab FS. ",129.33,,,,,,,Fee Schedule,"100% Medicare Lab FS. ",203.695,50,,,,,0,percent of total billed charges,50 percent of billed charges; No services were performed during the 15 month look back period.,129.33,,,,,,,Fee Schedule,"100% Medicare Lab FS. ",129.33,,,,,,,Fee Schedule,"100% Medicare Lab FS. ",100.45,,,,,,,Case Rate,"100 Percent of Medicaid APG. ",129.33,,,,,,,Fee Schedule,"100% Medicare Lab FS. ",129.33,,,,,,,Fee Schedule,"100% Medicare Lab FS. ",324.62,,,,,,,Fee Schedule,"251.001314466868 % Medicare Physician FS TC Rates Only. ",324.62,,,,,,,Fee Schedule,"251.001314466868 % Medicare Physician FS TC Rates Only. ",129.33,,,,,,,Fee Schedule,"100% Medicare Lab FS. ",228.75,,,,,,,Fee Schedule,"150 % 2018 Cigna RBRVS fee schedule. ",129.33,,,,,,,Fee Schedule,"100 % 2019 CMS Clinical Lab National Limit Pub 20190115. ",129.33,,,,,,,Fee Schedule,"100 % 2019 CMS Clinical Lab National Limit Pub 20190115. ",129.33,,,,,,,Fee Schedule,"100% Medicare Lab FS. ",228.75,,,,,,,Fee Schedule,"150 % 2018 Cigna RBRVS fee schedule. ",324.62,,,,,,,Fee Schedule,"251.001314466868 % Medicare Physician FS TC Rates Only. ",324.62,,,,,,,Fee Schedule,"251.001314466868 % Medicare Physician FS TC Rates Only. ",324.62,,,,,,,Fee Schedule,"251.001314466868 % Medicare Physician FS TC Rates Only. ",317.7642,78,,,,,0,percent of total billed charges,78% of Billed Charges. Lesser of 100% of billed charges applies.; No services were performed during the 15 month look back period.,317.7642,78,,,,,0,percent of total billed charges,78% of Billed Charges. Lesser of 100% of billed charges applies.; No services were performed during the 15 month look back period.,317.7642,78,,,,,0,percent of total billed charges,78% of Billed Charges. Lesser of 100% of billed charges applies.; No services were performed during the 15 month look back period.,317.7642,78,,,,,0,percent of total billed charges,78% of Billed Charges. Lesser of 100% of billed charges applies.; No services were performed during the 15 month look back period.,317.7642,78,,,,,0,percent of total billed charges,78% of Billed Charges. Lesser of 100% of billed charges applies.; No services were performed during the 15 month look back period.,317.7642,78,,,,,0,percent of total billed charges,78% of Billed Charges. Lesser of 100% of billed charges applies.; No services were performed during the 15 month look back period.,317.7642,78,,,,,0,percent of total billed charges,78% of Billed Charges. Lesser of 100% of billed charges applies.; No services were performed during the 15 month look back period.,317.7642,78,,,,,0,percent of total billed charges,78% of Billed Charges. Lesser of 100% of billed charges applies.; No services were performed during the 15 month look back period.,317.7642,78,,,,,0,percent of total billed charges,78% of Billed Charges. Lesser of 100% of billed charges applies.; No services were performed during the 15 month look back period.,317.7642,78,,,,,0,percent of total billed charges,78% of Billed Charges. Lesser of 100% of billed charges applies.; No services were performed during the 15 month look back period.,317.7642,78,,,,,0,percent of total billed charges,78% of Billed Charges. Lesser of 100% of billed charges applies.; No services were performed during the 15 month look back period.,249.61,,,,,,,Fee Schedule,"193 % Medicare RBRVS. ",256.78,,,,,,,Fee Schedule,"238 % 2013 Manhattan Medicare. ",228.75,,,,,,,Fee Schedule,"150 % 2018 Cigna RBRVS fee schedule. ",129.33,,,,,,,Fee Schedule,"100% Medicare Lab FS. ",324.62,,,,,,,Fee Schedule,"251.001314466868 % Medicare Physician FS TC Rates Only. ",228.75,,,,,,,Fee Schedule,"150 % 2018 Cigna RBRVS fee schedule. ",228.75,,,,,,,Fee Schedule,"150 % 2018 Cigna RBRVS fee schedule. ",317.7642,78,,,,,0,percent of total billed charges,78% of Billed Charges. Lesser of 100% of billed charges applies.; No services were performed during the 15 month look back period.,214.96,,,,,,,Case Rate,"214 Percent of Medicaid APG. Drugs not priced under APG, billed with revenue code 636 and not priced by Medicare ASP FeeSched will be reimbursed at 20% of charges.",228.75,,,,,,,Fee Schedule,"150 % 2018 Cigna RBRVS fee schedule. ",100.45,,,,,,,Case Rate,"100 Percent of Medicaid APG. ",129.33,,,,,,,Fee Schedule,"100% Medicare Lab FS. ",129.33,,,,,,,Fee Schedule,"100% Medicare Lab FS. ",129.33,,,,,,,Fee Schedule,"100% Medicare Lab FS. ",129.33,,,,,,,Fee Schedule,"100% Medicare Lab FS. ",129.33,,,,,,,Fee Schedule,"100% Medicare Lab FS. ",129.33,,,,,,,Fee Schedule,"100% Medicare Lab FS. ",228.75,,,,,,,Fee Schedule,"150 % 2018 Cigna RBRVS fee schedule. ",203.695,50,,,,,0,percent of total billed charges,50 percent of billed charges; No services were performed during the 15 month look back period.,206.93,,,,,,,Fee Schedule,"160 Percent of Medicare Laboratory. ",206.93,,,,,,,Fee Schedule,"160 Percent of Medicare Laboratory. ",206.93,,,,,,,Fee Schedule,"160 Percent of Medicare Laboratory. ",206.93,,,,,,,Fee Schedule,"160 Percent of Medicare Laboratory. ",206.93,,,,,,,Fee Schedule,"160 Percent of Medicare Laboratory. ",,,,,,,,,"NA. ",203.695,50,,,,,0,percent of total billed charges,50 percent of billed charges; No services were performed during the 15 month look back period.,182.36,,,,,,,Fee Schedule,141 Percent of of Medicare Lab FS. Metroplus will reimburse unlisted codes and described codes with no Medicare rate at 50 percent of charges.,182.36,,,,,,,Fee Schedule,141 Percent of of Medicare Lab FS. Metroplus will reimburse unlisted codes and described codes with no Medicare rate at 50 percent of charges.,182.36,,,,,,,Fee Schedule,141 Percent of of Medicare Lab FS. Metroplus will reimburse unlisted codes and described codes with no Medicare rate at 50 percent of charges.,182.36,,,,,,,Fee Schedule,141 Percent of of Medicare Lab FS. Metroplus will reimburse unlisted codes and described codes with no Medicare rate at 50 percent of charges.,182.36,,,,,,,Fee Schedule,141 Percent of of Medicare Lab FS. Metroplus will reimburse unlisted codes and described codes with no Medicare rate at 50 percent of charges.,129.33,,,,,,,Fee Schedule,"100% Medicare Lab FS. ",249.61,,,,,,,Fee Schedule,"193 % Medicare RBRVS. ",249.61,,,,,,,Fee Schedule,"193 % Medicare RBRVS. ",249.61,,,,,,,Fee Schedule,"193 % Medicare RBRVS. ",249.61,,,,,,,Fee Schedule,"193 % Medicare RBRVS. ",324.62,,,,,,,Fee Schedule,"251.001314466868 % Medicare Physician FS TC Rates Only. ",324.62,,,,,,,Fee Schedule,"251.001314466868 % Medicare Physician FS TC Rates Only. ",324.62,,,,,,,Fee Schedule,"251.001314466868 % Medicare Physician FS TC Rates Only. ",324.62,,,,,,,Fee Schedule,"251.001314466868 % Medicare Physician FS TC Rates Only. ",203.695,50,,,,,0,percent of total billed charges,50 percent of billed charges; No services were performed during the 15 month look back period.,203.695,50,,,,,0,percent of total billed charges,50 percent of billed charges; No services were performed during the 15 month look back period.,129.33,,,,,,,Fee Schedule,"100% Medicare Lab FS. ",129.33,,,,,,,Fee Schedule,"100% Medicare Lab FS. ",129.33,,,,,,,Fee Schedule,"100% Medicare Lab FS. ",256.78,,,,,,,Fee Schedule,"238 % 2013 Manhattan Medicare. ",256.78,,,,,,,Fee Schedule,"238 % 2013 Manhattan Medicare. ",256.78,,,,,,,Fee Schedule,"238 % 2013 Manhattan Medicare. ",203.695,50,,,,,0,percent of total billed charges,50 percent of billed charges; No services were performed during the 15 month look back period.,324.62,,,,,,,Fee Schedule,"251.001314466868 % Medicare Physician FS TC Rates Only. ",129.33,,,,,,,Fee Schedule,"100% Medicare Lab FS. ",256.78,,,,,,,Fee Schedule,"238 % 2013 Manhattan Medicare. ",100.45,,,,,,,Case Rate,"100 Percent of Medicaid APG. ",131.92,,,,,,,Fee Schedule,"102% of Medicare Lab FS. ",131.92,,,,,,,Fee Schedule,"102% of Medicare Lab FS. ",131.92,,,,,,,Fee Schedule,"102% of Medicare Lab FS. ",100.45,,,,,,,Case rate,"100 Percent of Medicaid APG. ",226.01,,,,,,,Case Rate,225% of NYS APG. Lesser of 100% of billed charges applies.,226.01,,,,,,,Case Rate,225% of NYS APG. Lesser of 100% of billed charges applies.,226.01,,,,,,,Case Rate,225% of NYS APG. Lesser of 100% of billed charges applies.,226.01,,,,,,,Case Rate,225% of NYS APG. Lesser of 100% of billed charges applies.,226.01,,,,,,,Case Rate,225% of NYS APG. Lesser of 100% of billed charges applies.,131.92,,,,,,,Fee Schedule,"102% of Medicare Lab FS. ",100.45,,,,,,,Case Rate,"100 Percent of Medicaid APG. ",116.4,,,,,,,Fee Schedule,90 Percent of Medicare RBRVS. Lesser of 100% of billed charges applies.,226.01,,,,,,,Case Rate,225% of NYS APG. Lesser of 100% of billed charges applies.,226.01,,,,,,,Case Rate,225% of NYS APG. Lesser of 100% of billed charges applies.,116.4,,,,,,,Fee Schedule,90 Percent of Medicare RBRVS. Lesser of 100% of billed charges applies.,116.4,,,,,,,Fee Schedule,90 Percent of Medicare RBRVS. Lesser of 100% of billed charges applies.,206.93,,,,,,,Fee Schedule,"160 Percent of Medicare Laboratory. ",129.33,,,,,,,Fee Schedule,"100% Medicare Lab FS. ",129.33,,,,,,,Fee Schedule,"100% Medicare Lab FS. ",324.62,,,,,,,Fee Schedule,"251.001314466868 % Medicare Physician FS TC Rates Only. ",129.33,,,,,,,Fee Schedule,"100% Medicare Lab FS. ",226.01,,,,,,,Case Rate,"225 Percent of Medicaid APG. ",226.01,,,,,,,Case Rate,"225 Percent of Medicaid APG. ",100.45,,,,,,,Case rate,"100 Percent of Medicaid APG. ",100.45,,,,,,,Case rate,"100 Percent of Medicaid APG. ",226.01,,,,,,,Case Rate,225 Percent of Medicaid APG. Covered services not payable under Medicaid Fee Schedules default to a payment of 87.5 percent of charges.,116.4,,,,,,,Fee schedule,90 Percent of Medicare Laboratory. Covered services not payable under Medicaid Fee Schedules default to a payment of 50 percent of charges.,226.01,,,,,,,Case Rate,"100 Percent of Medicaid APG. ",226.01,,,,,,,Case Rate,"100 Percent of Medicaid APG. ",226.01,,,,,,,Case Rate,"100 Percent of Medicaid APG. ",226.01,,,,,,,Case Rate,"100 Percent of Medicaid APG. ",1317.87,,,,,,,Fee Schedule,"1019 % Manhattan Facility Rate. ",203.695,50,,,,,0,percent of total billed charges,50 percent of billed charges; No services were performed during the 15 month look back period.,120.54,,,,,,,Case Rate,"120 Percent of Medicaid APG. Not APG payable, or payable under another fee schedule like ASP/AWP pays at 30% of charges",120.54,,,,,,,Case Rate,"120 Percent of Medicaid APG. Not APG payable, or payable under another fee schedule like ASP/AWP pays at 30% of charges",100.45,,,,,,,Case Rate,"100 Percent of Medicaid APG. Not APG payable, or payable under another fee schedule like ASP/AWP pays at 30% of charges",100.45,,,,,,,Case Rate,"100 Percent of Medicaid APG. Not APG payable, or payable under another fee schedule like ASP/AWP pays at 30% of charges",256.78,,,,,,,Fee Schedule,"238 % 2013 Manhattan Medicare. ",256.78,,,,,,,Fee Schedule,"238 % 2013 Manhattan Medicare. ",129.33,,,,,,,Fee Schedule,"100% Medicare Lab FS. ",256.78,,,,,,,Fee Schedule,"238 % 2013 Manhattan Medicare. ",256.78,,,,,,,Fee Schedule,"238 % 2013 Manhattan Medicare. ",256.78,,,,,,,Fee Schedule,"238 % 2013 Manhattan Medicare. ",256.78,,,,,,,Fee Schedule,"238 % 2013 Manhattan Medicare. ",129.33,,,,,,,Fee Schedule,"100% Medicare Lab FS. ",256.78,,,,,,,Fee Schedule,"238 % 2013 Manhattan Medicare. ",256.78,,,,,,,Fee Schedule,"238 % 2013 Manhattan Medicare. ",324.62,,,,,,,Fee Schedule,"251.001314466868 % Medicare Physician FS TC Rates Only. ",100.45,,,,,,,Fee Schedule,100% APG. Lesser of 100% of billed charges applies.,116.4,,,,,,,Fee schedule,90 Percent of Medicare Laboratory. Covered services not payable under Medicaid Fee Schedules default to a payment of 50 percent of charges.,226.01,,,,,,,Case Rate,225% of NYS APG. Lesser of 100% of billed charges applies.,226.01,,,,,,,Case Rate,225 Percent of Medicaid APG. Covered services not payable under Medicaid Fee Schedules default to a payment of 87.5 percent of charges.,116.4,,,,,,,Fee schedule,90 Percent of Medicare Laboratory. Covered services not payable under Medicaid Fee Schedules default to a payment of 50 percent of charges.,226.01,,,,,,,Case Rate,225% of NYS APG. Lesser of 100% of billed charges applies.,226.01,,,,,,,Case Rate,225% of NYS APG. Lesser of 100% of billed charges applies.,226.01,,,,,,,Case Rate,225% of NYS APG. Lesser of 100% of billed charges applies.,226.01,,,,,,,Case Rate,225% of NYS APG. Lesser of 100% of billed charges applies.,226.01,,,,,,,Case Rate,225% of NYS APG. Lesser of 100% of billed charges applies.,226.01,,,,,,,Case Rate,225% of NYS APG. Lesser of 100% of billed charges applies.,,,,,,,,,"NA. ",,,,,,,,,"NA. ",,,,,,,,,"NA. ",228.75,,,,,,,Fee Schedule,"150 % 2018 Cigna RBRVS fee schedule. ",,,,,,,,,"NA. ",129.33,,,,,,,Fee Schedule,"100% Medicare Lab FS. ",109,,,,,,,Fee Schedule,"100 % 1199 Fee Schedule. ",129.33,,,,,,,Fee Schedule,"100% Medicare Lab FS. ",129.33,,,,,,,Fee Schedule,"100% Medicare Lab FS. ",120.54,,,,,,,Case Rate,"120 Percent of Medicaid APG. Not APG payable, or payable under another fee schedule like ASP/AWP pays at 30% of charges",120.54,,,,,,,Case Rate,"120 Percent of Medicaid APG. Not APG payable, or payable under another fee schedule like ASP/AWP pays at 30% of charges",100.45,,,,,,,Case Rate,"100 Percent of Medicaid APG. Not APG payable, or payable under another fee schedule like ASP/AWP pays at 30% of charges",100.45,,,,,,,Case Rate,"100 Percent of Medicaid APG. Not APG payable, or payable under another fee schedule like ASP/AWP pays at 30% of charges",100.45,,,,,,,Case Rate,"100 Percent of Medicaid APG. ",280.65,,,,,,,Fee Schedule,"217 % Medicare RBRVS. ",324.62,,,,,,,Fee Schedule,"251.001314466868 % Medicare Physician FS TC Rates Only. ",329.79,,,,,,,Fee Schedule,"255 % Medicare RBRVS. ",228.75,,,,,,,Fee Schedule,"150 % 2018 Cigna RBRVS fee schedule. ",129.33,,,,,,,Fee Schedule,"100% Medicare Lab FS. ",129.33,,,,,,,Fee Schedule,"100% Medicare Lab FS. ",129.33,,,,,,,Fee Schedule,"100% Medicare Lab FS. ",129.33,,,,,,,Fee Schedule,"100% Medicare Lab FS. ",129.33,,,,,,,Fee Schedule,"100% Medicare Lab FS. ",129.33,,,,,,,Fee Schedule,"100% Medicare Lab FS. ",,,,,,,,,"NA. ",226.01,,,,,,,Case Rate,225% of NYS APG. Lesser of 100% of billed charges applies.,116.4,,,,,,,Fee Schedule,90 Percent of Medicare RBRVS. Lesser of 100% of billed charges applies.,256.78,,,,,,,Fee Schedule,"238 % 2013 Manhattan Medicare. ",280.65,,,,,,,Fee Schedule,"217 % Medicare RBRVS. ",280.65,,,,,,,Fee Schedule,"217 % Medicare RBRVS. ",280.65,,,,,,,Fee Schedule,"217 % Medicare RBRVS. ",280.65,,,,,,,Fee Schedule,"217 % Medicare RBRVS. ",129.33,,,,,,,Fee Schedule,"100% Medicare Lab FS. ",100.45,,,,,,,Case Rate,"100 Percent of Medicaid APG. ",256.78,,,,,,,Fee Schedule,"238 % 2013 Manhattan Medicare. ",100.45,,,,,,,Case Rate,"100 Percent of Medicaid APG. ",129.33,,,,,,,Fee Schedule,"100% Medicare Lab FS. ",100.45,,,,,,,Case Rate,"100 Percent of Medicaid APG. ",129.33,,,,,,,Fee Schedule,"100% Medicare Lab FS. ",129.33,,,,,,,Fee Schedule,"100% Medicare Lab FS. ",100.45,,,,,,,Case Rate,"100 Percent of Medicaid APG. ",100.45,,,,,,,Case Rate,"100 Percent of Medicaid APG. ",280.65,,,,,,,Fee Schedule,"217 % Medicare RBRVS. ",228.75,,,,,,,Fee Schedule,"150 % 2018 Cigna RBRVS fee schedule. ",317.7642,78,,,,,0,percent of total billed charges,78% of Billed Charges. Lesser of 100% of billed charges applies.; No services were performed during the 15 month look back period.,129.33,,,,,,,Fee Schedule,"100 % 2019 CMS Clinical Lab National Limit Pub 20190115. ",129.33,,,,,,,Fee Schedule,"100 % 2019 CMS Clinical Lab National Limit Pub 20190115. ",324.62,,,,,,,Fee Schedule,"251.001314466868 % Medicare Physician FS TC Rates Only. ",126.74,,,,,,,Fee Schedule,"98% Lab FS. ",249.61,,,,,,,Fee Schedule,"193 % Medicare RBRVS. ",249.61,,,,,,,Fee Schedule,"193 % Medicare RBRVS. ",205.42,,,,,,,Fee Schedule,"190.4 % 2013 Manhattan Medicare. ",205.42,,,,,,,Fee Schedule,"190.4 % 2013 Manhattan Medicare. ",129.33,,,,,,,Fee Schedule,"100% Medicare Lab FS. ",129.33,,,,,,,Fee Schedule,"100% Medicare Lab FS. ",129.33,,,,,,,Fee Schedule,"100% Medicare Lab FS. ",129.33,,,,,,,Fee Schedule,"100% Medicare Lab FS. ",129.33,,,,,,,Fee Schedule,"100 % 2019 CMS Clinical Lab National Limit Pub 20190115. ",256.78,,,,,,,Fee Schedule,"238 % 2013 Manhattan Medicare. ",256.78,,,,,,,Fee Schedule,"238 % 2013 Manhattan Medicare. ",129.33,,,,,,,Fee Schedule,"100% Medicare Lab FS. ",205.42,,,,,,,Fee Schedule,"190.4 % 2013 Manhattan Medicare. ",329.79,,,,,,,Fee Schedule,"255 % Medicare RBRVS. ",120.54,,,,,,,Fee Schedule,"120 Percent of Medicaid APG. ",100.45,,,,,,,Case Rate,"100 Percent of Medicaid APG. ",280.65,,,,,,,Fee Schedule,"217 % Medicare RBRVS. ",231.1,,,,,,,Fee Schedule,"214.2 % 2013 Manhattan Medicare. ",231.1,,,,,,,Fee Schedule,"214.2 % 2013 Manhattan Medicare. ",256.78,,,,,,,Fee Schedule,"238 % 2013 Manhattan Medicare. ",203.695,50,,,,,0,percent of total billed charges,50 percent of billed charges; No services were performed during the 15 month look back period.,129.33,,,,,,,Fee Schedule,"100% Medicare Lab FS. ",105.47,,,,,,,Fee Schedule,105 percent of Medicaid APG. otherwise 105% of Ordered NYS MCD FS or 105% of ASP+6%,105.47,,,,,,,Fee Schedule,105 percent of Medicaid APG. otherwise 105% of Ordered NYS MCD FS or 105% of ASP+6%,105.47,,,,,,,Fee Schedule,105 percent of Medicaid APG. otherwise 105% of Ordered NYS MCD FS or 105% of ASP+6%,135.6,,,,,,,Fee Schedule,135 percent of Medicaid APG. otherwise 135% of Ordered NYS MCD FS or 135% of ASP+6%,129.33,,,,,,,Fee Schedule,"100 % 2019 CMS Clinical Lab National Limit Pub 20190115. ",105.47,,,,,,,Fee Schedule,105 percent of Medicaid APG. otherwise 105% of Ordered NYS MCD FS or 105% of ASP+6%,105.47,,,,,,,Fee Schedule,105 percent of Medicaid APG. otherwise 105% of Ordered NYS MCD FS or 105% of ASP+6%,105.47,,,,,,,Fee Schedule,105 percent of Medicaid APG. otherwise 105% of Ordered NYS MCD FS or 105% of ASP+6%,105.47,,,,,,,Fee Schedule,105 percent of Medicaid APG. otherwise 105% of Ordered NYS MCD FS or 105% of ASP+6%,105.47,,,,,,,Fee Schedule,105 percent of Medicaid APG. otherwise 105% of Ordered NYS MCD FS or 105% of ASP+6%,135.6,,,,,,,Fee Schedule,135 percent of Medicaid APG. otherwise 135% of Ordered NYS MCD FS or 135% of ASP+6%,135.6,,,,,,,Fee Schedule,135 percent of Medicaid APG. otherwise 135% of Ordered NYS MCD FS or 135% of ASP+6%,129.33,,,,,,,Fee Schedule,"100% Medicare Lab FS. ",129.33,,,,,,,Fee Schedule,"100 % 2019 CMS Clinical Lab National Limit Pub 20190115. ",129.33,,,,,,,Fee Schedule,"100% Medicare Lab FS. ",105.47,,,,,,,Fee Schedule,105 percent of Medicaid APG. otherwise 105% of Ordered NYS MCD FS or 105% of ASP+6%,256.78,,,,,,,Fee Schedule,"238 % 2013 Manhattan Medicare. ",129.33,,,,,,,Fee Schedule,"100% Medicare Lab FS. ",256.78,,,,,,,Fee Schedule,"238 % 2013 Manhattan Medicare. ",256.78,,,,,,,Fee Schedule,"238 % 2013 Manhattan Medicare. ",256.78,,,,,,,Fee Schedule,"238 % 2013 Manhattan Medicare. ",105.47,,,,,,,Fee Schedule,105 percent of Medicaid APG. otherwise 105% of Ordered NYS MCD FS or 105% of ASP+6%,129.33,,,,,,,Fee Schedule,"100% Medicare Lab FS. ",256.78,,,,,,,Fee Schedule,"238 % 2013 Manhattan Medicare. ",135.6,,,,,,,Fee Schedule,135 percent of Medicaid APG. otherwise 135% of Ordered NYS MCD FS or 135% of ASP+6%,256.78,,,,,,,Fee Schedule,"238 % 2013 Manhattan Medicare. ",194,,,,,,,Fee Schedule,"150% of Medicare Lab FS. ",129.33,,,,,,,Fee Schedule,"100% Medicare Lab FS. ",280.65,,,,,,,Fee Schedule,"217 % Medicare RBRVS. ",280.65,,,,,,,Fee Schedule,"217 % Medicare RBRVS. ",280.65,,,,,,,Fee Schedule,"217 % Medicare RBRVS. ",280.65,,,,,,,Fee Schedule,"217 % Medicare RBRVS. ",280.65,,,,,,,Fee Schedule,"217 % Medicare RBRVS. ",329.79,,,,,,,Fee Schedule,"255 % Medicare RBRVS. ",329.79,,,,,,,Fee Schedule,"255 % Medicare RBRVS. ",280.65,,,,,,,Fee Schedule,"217 % Medicare RBRVS. ",280.65,,,,,,,Fee Schedule,"217 % Medicare RBRVS. ",280.65,,,,,,,Fee Schedule,"217 % Medicare RBRVS. ",280.65,,,,,,,Fee Schedule,"217 % Medicare RBRVS. ",280.65,,,,,,,Fee Schedule,"217 % Medicare RBRVS. ",129.33,,,,,,,Fee Schedule,"100% Medicare Lab FS. ",329.79,,,,,,,Fee Schedule,"255 % Medicare RBRVS. ",129.33,,,,,,,Fee Schedule,"100% Medicare Lab FS. ",226.01,,,,,,,Case Rate,"225 Percent of Medicaid APG. If not included in Medicaid APG, then 100 Percent of Manhattan Medicare",100.45,,,,,,,Case Rate,"100 Percent of Medicaid APG. ",129.33,,,,,,,Fee Schedule,"100 % 2019 CMS Clinical Lab National Limit Pub 20190115. ",129.33,,,,,,,Fee Schedule,"100 % 2019 CMS Clinical Lab National Limit Pub 20190115. ",129.33,,,,,,,Fee Schedule,"100% Medicare Lab FS. ",249.61,,,,,,,Fee Schedule,"193 % Medicare RBRVS. ",129.33,,,,,,,Fee Schedule,"100% Medicare Lab FS. ",129.33,,,,,,,Fee Schedule,"100% Medicare Lab FS. ",324.62,,,,,,,Fee Schedule,"251.001314466868 % Medicare Physician FS TC Rates Only. ",129.33,,,,,,,Fee Schedule,"100% Medicare Lab FS. ",228.75,,,,,,,Fee Schedule,"150 % 2018 Cigna RBRVS fee schedule. ",129.33,,,,,,,Fee Schedule,"100% Medicare Lab FS. ",228.75,,,,,,,Fee Schedule,"150 % 2018 Cigna RBRVS fee schedule. ",324.62,,,,,,,Fee Schedule,"251.001314466868 % Medicare Physician FS TC Rates Only. ",228.75,,,,,,,Fee Schedule,"150 % 2018 Cigna RBRVS fee schedule. ",129.33,,,,,,,Fee Schedule,"100% Medicare Lab FS. ",100.45,,,,,,,Case Rate,"100 Percent of Medicaid APG. ",129.33,,,,,,,Fee Schedule,"100% Medicare Lab FS. ",228.75,,,,,,,Fee Schedule,"150 % 2018 Cigna RBRVS fee schedule. ",129.33,,,,,,,Fee Schedule,"100 % 2019 CMS Clinical Lab National Limit Pub 20190115. ",100.45,,,,,,,Case Rate,"100 Percent of Medicaid APG. ",256.78,,,,,,,Fee Schedule,"238 % 2013 Manhattan Medicare. ",120.54,,,,,,,Fee Schedule,"120 Percent of Medicaid APG. ",120.54,,,,,,,Fee Schedule,"120 Percent of Medicaid APG. ",256.78,,,,,,,Fee Schedule,"238 % 2013 Manhattan Medicare. ",256.78,,,,,,,Fee Schedule,"238 % 2013 Manhattan Medicare. ",256.78,,,,,,,Fee Schedule,"238 % 2013 Manhattan Medicare. ",129.33,,,,,,,Fee Schedule,"100 % 2019 CMS Clinical Lab National Limit Pub 20190115. ",256.78,,,,,,,Fee Schedule,"238 % 2013 Manhattan Medicare. ",256.78,,,,,,,Fee Schedule,"238 % 2013 Manhattan Medicare. ",256.78,,,,,,,Fee Schedule,"238 % 2013 Manhattan Medicare. ",280.65,,,,,,,Fee Schedule,"217 % Medicare RBRVS. ",280.65,,,,,,,Fee Schedule,"217 % Medicare RBRVS. ",182.36,,,,,,,Fee Schedule,141 Percent of of Medicare Lab FS. Metroplus will reimburse unlisted codes and described codes with no Medicare rate at 50 percent of charges.,100.45,,,,,,,Case Rate,"100 Percent of Medicaid APG. ",129.33,,,,,,,Fee Schedule,"100 % 2019 CMS Clinical Lab National Limit Pub 20190115. ",228.75,,,,,,,Fee Schedule,"150 % 2018 Cigna RBRVS fee schedule. ",324.62,,,,,,,Fee Schedule,"251.001314466868 % Medicare Physician FS TC Rates Only. ",129.33,,,,,,,Fee Schedule,"100 % 2019 CMS Clinical Lab National Limit Pub 20190115. ",324.62,,,,,,,Fee Schedule,"251.001314466868 % Medicare Physician FS TC Rates Only. ",129.33,,,,,,,Fee Schedule,"100 % 2019 CMS Clinical Lab National Limit Pub 20190115. ",256.78,,,,,,,Fee Schedule,"238 % 2013 Manhattan Medicare. ",256.78,,,,,,,Fee Schedule,"238 % 2013 Manhattan Medicare. ",256.78,,,,,,,Fee Schedule,"238 % 2013 Manhattan Medicare. ",256.78,,,,,,,Fee Schedule,"238 % 2013 Manhattan Medicare. ",129.33,,,,,,,Fee Schedule,"100% Medicare Lab FS. ",50.64,1317.87,
80438,CPT,2024705,LOCAL,301,RC,HC TRH STIMULATION PANEL 1 HOUR,198.88,60.49,both,,,,70,,,,,,,Fee Schedule,"100 % 1199 Fee Schedule. ",70,,,,,,,Fee Schedule,"100 % 1199 Fee Schedule. ",126.53,,,,,,,Fee Schedule,"251.001785360048 % Medicare Physician FS TC Rates Only. ",198.88,100,,,,,0,percent of total billed charges,100 percent of billed charges. ; No services were performed during the 15 month look back period.,50.41,,,,,,,Fee Schedule,"100% Medicare Lab FS. ",126.53,,,,,,,Fee Schedule,"251.001785360048 % Medicare Physician FS TC Rates Only. ",126.53,,,,,,,Fee Schedule,"251.001785360048 % Medicare Physician FS TC Rates Only. ",126.53,,,,,,,Fee Schedule,"251.001785360048 % Medicare Physician FS TC Rates Only. ",120.54,,,,,,,Case Rate,"100 Percent of Medicaid APG. ",100.45,,,,,,,Case Rate,"100 Percent of Medicaid APG. ",155.1264,78,,,,,0,percent of total billed charges,78% of Billed Charges. Lesser of 100% of billed charges applies.; No services were performed during the 15 month look back period.,56.01,,,,,,,Fee Schedule,"100 % 2019 CMS Clinical Lab National Limit Pub 20190115. ",100.45,,,,,,,Case Rate,"100 Percent of Medicaid APG. ",50.41,,,,,,,Fee Schedule,"100% Medicare Lab FS. ",110.23,,,,,,,Fee Schedule,"150 % 2018 Cigna RBRVS fee schedule. ",110.23,,,,,,,Fee Schedule,"150 % 2018 Cigna RBRVS fee schedule. ",110.23,,,,,,,Fee Schedule,"150 % 2018 Cigna RBRVS fee schedule. ",110.23,,,,,,,Fee Schedule,"150 % 2018 Cigna RBRVS fee schedule. ",45.37,,,,,,,Fee schedule,90 Percent of Medicare Laboratory. Covered services not payable under Medicaid Fee Schedules default to a payment of 50 percent of charges.,50.41,,,,,,,Fee Schedule,"100% Medicare Lab FS. ",45.37,,,,,,,Fee schedule,90 Percent of Medicare Laboratory. Covered services not payable under Medicaid Fee Schedules default to a payment of 50 percent of charges.,155.1264,78,,,,,0,percent of total billed charges,78% of Billed Charges. Lesser of 100% of billed charges applies.; No services were performed during the 15 month look back period.,126.53,,,,,,,Fee Schedule,"251.001785360048 % Medicare Physician FS TC Rates Only. ",50.41,,,,,,,Fee Schedule,"100% Medicare Lab FS. ",128.55,,,,,,,Fee Schedule,"255 % Medicare RBRVS. ",50.41,,,,,,,Fee Schedule,"100% Medicare Lab FS. ",50.41,,,,,,,Fee Schedule,"100% Medicare Lab FS. ",155.1264,78,,,,,0,percent of total billed charges,78% of Billed Charges. Lesser of 100% of billed charges applies.; No services were performed during the 15 month look back period.,18.18,,,,,,,Fee Schedule,100% Medicaid Fee Schedule. Lesser of 100% of billed charges applies.,18.18,,,,,,,Fee Schedule,100% Medicaid Fee Schedule. Lesser of 100% of billed charges applies.,45.37,,,,,,,Fee schedule,"90 Percent of Medicare RBRVS. ",45.37,,,,,,,Fee schedule,"90 Percent of Medicare RBRVS. ",128.55,,,,,,,Fee Schedule,"255 % Medicare RBRVS. ",128.55,,,,,,,Fee Schedule,"255 % Medicare RBRVS. ",100.45,,,,,,,Case Rate,"100 Percent of Medicaid APG. Not APG payable, or payable under another fee schedule like ASP/AWP pays at 30% of charges",128.55,,,,,,,Fee Schedule,"255 % Medicare RBRVS. ",100.45,,,,,,,Case Rate,"100 Percent of Medicaid APG. Not APG payable, or payable under another fee schedule like ASP/AWP pays at 30% of charges",50.41,,,,,,,Fee Schedule,"100% Medicare Lab FS. ",128.55,,,,,,,Fee Schedule,"255 % Medicare RBRVS. ",155.1264,78,,,,,0,percent of total billed charges,78% of Billed Charges. Lesser of 100% of billed charges applies.; No services were performed during the 15 month look back period.,100.45,,,,,,,Case Rate,"100 Percent of Medicaid APG. If not priced under APG, then Metroplus FeeSched",100.45,,,,,,,Case Rate,"100 Percent of Medicaid APG. If not priced under APG, then Metroplus FeeSched",155.1264,78,,,,,0,percent of total billed charges,78% of Billed Charges. Lesser of 100% of billed charges applies.; No services were performed during the 15 month look back period.,110.23,,,,,,,Fee Schedule,"150 % 2018 Cigna RBRVS fee schedule. ",56.01,,,,,,,Fee Schedule,"100 % 2019 CMS Clinical Lab National Limit Pub 20190115. ",56.01,,,,,,,Fee Schedule,"100 % 2019 CMS Clinical Lab National Limit Pub 20190115. ",155.1264,78,,,,,0,percent of total billed charges,78% of Billed Charges. Lesser of 100% of billed charges applies.; No services were performed during the 15 month look back period.,50.41,,,,,,,Fee Schedule,"100% Medicare Lab FS. ",56.01,,,,,,,Fee Schedule,"100 % 2019 CMS Clinical Lab National Limit Pub 20190115. ",56.01,,,,,,,Fee Schedule,"100 % 2019 CMS Clinical Lab National Limit Pub 20190115. ",56.01,,,,,,,Fee Schedule,"100 % 2019 CMS Clinical Lab National Limit Pub 20190115. ",50.41,,,,,,,Fee Schedule,"100% Medicare Lab FS. ",56.01,,,,,,,Fee Schedule,"100 % 2019 CMS Clinical Lab National Limit Pub 20190115. ",56.01,,,,,,,Fee Schedule,"100 % 2019 CMS Clinical Lab National Limit Pub 20190115. ",50.41,,,,,,,Fee Schedule,"100% of Medicare Lab FS. ",99.44,50,,,,,0,percent of total billed charges,50 percent of billed charges; No services were performed during the 15 month look back period.,164.93,,,,,,,Fee Schedule,"238 % 2013 Manhattan Medicare. ",164.93,,,,,,,Fee Schedule,"238 % 2013 Manhattan Medicare. ",164.93,,,,,,,Fee Schedule,"238 % 2013 Manhattan Medicare. ",164.93,,,,,,,Fee Schedule,"238 % 2013 Manhattan Medicare. ",164.93,,,,,,,Fee Schedule,"238 % 2013 Manhattan Medicare. ",164.93,,,,,,,Fee Schedule,"238 % 2013 Manhattan Medicare. ",50.41,,,,,,,Fee Schedule,"100% Medicare Lab FS. ",50.41,,,,,,,Fee Schedule,"100% Medicare Lab FS. ",164.93,,,,,,,Fee Schedule,"238 % 2013 Manhattan Medicare. ",155.1264,78,,,,,0,percent of total billed charges,78% of Billed Charges. Lesser of 100% of billed charges applies.; No services were performed during the 15 month look back period.,155.1264,78,,,,,0,percent of total billed charges,78% of Billed Charges. Lesser of 100% of billed charges applies.; No services were performed during the 15 month look back period.,155.1264,78,,,,,0,percent of total billed charges,78% of Billed Charges. Lesser of 100% of billed charges applies.; No services were performed during the 15 month look back period.,155.1264,78,,,,,0,percent of total billed charges,78% of Billed Charges. Lesser of 100% of billed charges applies.; No services were performed during the 15 month look back period.,155.1264,78,,,,,0,percent of total billed charges,78% of Billed Charges. Lesser of 100% of billed charges applies.; No services were performed during the 15 month look back period.,155.1264,78,,,,,0,percent of total billed charges,78% of Billed Charges. Lesser of 100% of billed charges applies.; No services were performed during the 15 month look back period.,155.1264,78,,,,,0,percent of total billed charges,78% of Billed Charges. Lesser of 100% of billed charges applies.; No services were performed during the 15 month look back period.,155.1264,78,,,,,0,percent of total billed charges,78% of Billed Charges. Lesser of 100% of billed charges applies.; No services were performed during the 15 month look back period.,155.1264,78,,,,,0,percent of total billed charges,78% of Billed Charges. Lesser of 100% of billed charges applies.; No services were performed during the 15 month look back period.,155.1264,78,,,,,0,percent of total billed charges,78% of Billed Charges. Lesser of 100% of billed charges applies.; No services were performed during the 15 month look back period.,155.1264,78,,,,,0,percent of total billed charges,78% of Billed Charges. Lesser of 100% of billed charges applies.; No services were performed during the 15 month look back period.,155.1264,78,,,,,0,percent of total billed charges,78% of Billed Charges. Lesser of 100% of billed charges applies.; No services were performed during the 15 month look back period.,155.1264,78,,,,,0,percent of total billed charges,78% of Billed Charges. Lesser of 100% of billed charges applies.; No services were performed during the 15 month look back period.,155.1264,78,,,,,0,percent of total billed charges,78% of Billed Charges. Lesser of 100% of billed charges applies.; No services were performed during the 15 month look back period.,155.1264,78,,,,,0,percent of total billed charges,78% of Billed Charges. Lesser of 100% of billed charges applies.; No services were performed during the 15 month look back period.,155.1264,78,,,,,0,percent of total billed charges,78% of Billed Charges. Lesser of 100% of billed charges applies.; No services were performed during the 15 month look back period.,155.1264,78,,,,,0,percent of total billed charges,78% of Billed Charges. Lesser of 100% of billed charges applies.; No services were performed during the 15 month look back period.,155.1264,78,,,,,0,percent of total billed charges,78% of Billed Charges. Lesser of 100% of billed charges applies.; No services were performed during the 15 month look back period.,155.1264,78,,,,,0,percent of total billed charges,78% of Billed Charges. Lesser of 100% of billed charges applies.; No services were performed during the 15 month look back period.,155.1264,78,,,,,0,percent of total billed charges,78% of Billed Charges. Lesser of 100% of billed charges applies.; No services were performed during the 15 month look back period.,155.1264,78,,,,,0,percent of total billed charges,78% of Billed Charges. Lesser of 100% of billed charges applies.; No services were performed during the 15 month look back period.,155.1264,78,,,,,0,percent of total billed charges,78% of Billed Charges. Lesser of 100% of billed charges applies.; No services were performed during the 15 month look back period.,155.1264,78,,,,,0,percent of total billed charges,78% of Billed Charges. Lesser of 100% of billed charges applies.; No services were performed during the 15 month look back period.,155.1264,78,,,,,0,percent of total billed charges,78% of Billed Charges. Lesser of 100% of billed charges applies.; No services were performed during the 15 month look back period.,155.1264,78,,,,,0,percent of total billed charges,78% of Billed Charges. Lesser of 100% of billed charges applies.; No services were performed during the 15 month look back period.,155.1264,78,,,,,0,percent of total billed charges,78% of Billed Charges. Lesser of 100% of billed charges applies.; No services were performed during the 15 month look back period.,128.55,,,,,,,Fee Schedule,"255 % Medicare RBRVS. ",128.55,,,,,,,Fee Schedule,"255 % Medicare RBRVS. ",128.55,,,,,,,Fee Schedule,"255 % Medicare RBRVS. ",128.55,,,,,,,Fee Schedule,"255 % Medicare RBRVS. ",97.29,,,,,,,Fee Schedule,"193 % Medicare RBRVS. ",97.29,,,,,,,Fee Schedule,"193 % Medicare RBRVS. ",110.23,,,,,,,Fee Schedule,"150 % 2018 Cigna RBRVS fee schedule. ",164.93,,,,,,,Fee Schedule,"238 % 2013 Manhattan Medicare. ",56.01,,,,,,,Fee Schedule,"100 % 2019 CMS Clinical Lab National Limit Pub 20190115. ",164.93,,,,,,,Fee Schedule,"238 % 2013 Manhattan Medicare. ",155.1264,78,,,,,0,percent of total billed charges,78% of Billed Charges. Lesser of 100% of billed charges applies.; No services were performed during the 15 month look back period.,97.29,,,,,,,Fee Schedule,"193 % Medicare RBRVS. ",164.93,,,,,,,Fee Schedule,"238 % 2013 Manhattan Medicare. ",56.01,,,,,,,Fee Schedule,"100 % 2019 CMS Clinical Lab National Limit Pub 20190115. ",110.23,,,,,,,Fee Schedule,"150 % 2018 Cigna RBRVS fee schedule. ",,,,,,,,,"NA. ",155.1264,78,,,,,0,percent of total billed charges,78% of Billed Charges. Lesser of 100% of billed charges applies.; No services were performed during the 15 month look back period.,100.45,,,,,,,Case Rate,"100 Percent of Medicaid APG. ",128.55,,,,,,,Fee Schedule,"255 % Medicare RBRVS. ",100.45,,,,,,,Case Rate,"100 Percent of Medicaid APG. Not APG payable, or payable under another fee schedule like ASP/AWP pays at 30% of charges",50.41,,,,,,,Fee Schedule,"100% Medicare Lab FS. ",50.41,,,,,,,Fee Schedule,"100% Medicare Lab FS. ",99.44,50,,,,,0,percent of total billed charges,50 percent of billed charges; No services were performed during the 15 month look back period.,50.41,,,,,,,Fee Schedule,"100% Medicare Lab FS. ",50.41,,,,,,,Fee Schedule,"100% Medicare Lab FS. ",100.45,,,,,,,Case Rate,"100 Percent of Medicaid APG. ",50.41,,,,,,,Fee Schedule,"100% Medicare Lab FS. ",50.41,,,,,,,Fee Schedule,"100% Medicare Lab FS. ",126.53,,,,,,,Fee Schedule,"251.001785360048 % Medicare Physician FS TC Rates Only. ",126.53,,,,,,,Fee Schedule,"251.001785360048 % Medicare Physician FS TC Rates Only. ",50.41,,,,,,,Fee Schedule,"100% Medicare Lab FS. ",110.23,,,,,,,Fee Schedule,"150 % 2018 Cigna RBRVS fee schedule. ",56.01,,,,,,,Fee Schedule,"100 % 2019 CMS Clinical Lab National Limit Pub 20190115. ",56.01,,,,,,,Fee Schedule,"100 % 2019 CMS Clinical Lab National Limit Pub 20190115. ",50.41,,,,,,,Fee Schedule,"100% Medicare Lab FS. ",110.23,,,,,,,Fee Schedule,"150 % 2018 Cigna RBRVS fee schedule. ",126.53,,,,,,,Fee Schedule,"251.001785360048 % Medicare Physician FS TC Rates Only. ",126.53,,,,,,,Fee Schedule,"251.001785360048 % Medicare Physician FS TC Rates Only. ",126.53,,,,,,,Fee Schedule,"251.001785360048 % Medicare Physician FS TC Rates Only. ",155.1264,78,,,,,0,percent of total billed charges,78% of Billed Charges. Lesser of 100% of billed charges applies.; No services were performed during the 15 month look back period.,155.1264,78,,,,,0,percent of total billed charges,78% of Billed Charges. Lesser of 100% of billed charges applies.; No services were performed during the 15 month look back period.,155.1264,78,,,,,0,percent of total billed charges,78% of Billed Charges. Lesser of 100% of billed charges applies.; No services were performed during the 15 month look back period.,155.1264,78,,,,,0,percent of total billed charges,78% of Billed Charges. Lesser of 100% of billed charges applies.; No services were performed during the 15 month look back period.,155.1264,78,,,,,0,percent of total billed charges,78% of Billed Charges. Lesser of 100% of billed charges applies.; No services were performed during the 15 month look back period.,155.1264,78,,,,,0,percent of total billed charges,78% of Billed Charges. Lesser of 100% of billed charges applies.; No services were performed during the 15 month look back period.,155.1264,78,,,,,0,percent of total billed charges,78% of Billed Charges. Lesser of 100% of billed charges applies.; No services were performed during the 15 month look back period.,155.1264,78,,,,,0,percent of total billed charges,78% of Billed Charges. Lesser of 100% of billed charges applies.; No services were performed during the 15 month look back period.,155.1264,78,,,,,0,percent of total billed charges,78% of Billed Charges. Lesser of 100% of billed charges applies.; No services were performed during the 15 month look back period.,155.1264,78,,,,,0,percent of total billed charges,78% of Billed Charges. Lesser of 100% of billed charges applies.; No services were performed during the 15 month look back period.,155.1264,78,,,,,0,percent of total billed charges,78% of Billed Charges. Lesser of 100% of billed charges applies.; No services were performed during the 15 month look back period.,97.29,,,,,,,Fee Schedule,"193 % Medicare RBRVS. ",164.93,,,,,,,Fee Schedule,"238 % 2013 Manhattan Medicare. ",110.23,,,,,,,Fee Schedule,"150 % 2018 Cigna RBRVS fee schedule. ",50.41,,,,,,,Fee Schedule,"100% Medicare Lab FS. ",126.53,,,,,,,Fee Schedule,"251.001785360048 % Medicare Physician FS TC Rates Only. ",110.23,,,,,,,Fee Schedule,"150 % 2018 Cigna RBRVS fee schedule. ",110.23,,,,,,,Fee Schedule,"150 % 2018 Cigna RBRVS fee schedule. ",155.1264,78,,,,,0,percent of total billed charges,78% of Billed Charges. Lesser of 100% of billed charges applies.; No services were performed during the 15 month look back period.,214.96,,,,,,,Case Rate,"141 Percent of current Medicare RBRVS FeeSched. ",110.23,,,,,,,Fee Schedule,"150 % 2018 Cigna RBRVS fee schedule. ",100.45,,,,,,,Case Rate,"100 Percent of Medicaid APG. ",50.41,,,,,,,Fee Schedule,"100% Medicare Lab FS. ",50.41,,,,,,,Fee Schedule,"100% Medicare Lab FS. ",50.41,,,,,,,Fee Schedule,"100% Medicare Lab FS. ",50.41,,,,,,,Fee Schedule,"100% Medicare Lab FS. ",50.41,,,,,,,Fee Schedule,"100% Medicare Lab FS. ",50.41,,,,,,,Fee Schedule,"100% Medicare Lab FS. ",110.23,,,,,,,Fee Schedule,"150 % 2018 Cigna RBRVS fee schedule. ",99.44,50,,,,,0,percent of total billed charges,50 percent of billed charges; No services were performed during the 15 month look back period.,80.66,,,,,,,Fee Schedule,"160 Percent of Medicare Laboratory. ",80.66,,,,,,,Fee Schedule,"160 Percent of Medicare Laboratory. ",80.66,,,,,,,Fee Schedule,"160 Percent of Medicare Laboratory. ",80.66,,,,,,,Fee Schedule,"160 Percent of Medicare Laboratory. ",80.66,,,,,,,Fee Schedule,"160 Percent of Medicare Laboratory. ",,,,,,,,,"NA. ",99.44,50,,,,,0,percent of total billed charges,50 percent of billed charges; No services were performed during the 15 month look back period.,71.08,,,,,,,Fee Schedule,141 Percent of of Medicare Lab FS. Metroplus will reimburse unlisted codes and described codes with no Medicare rate at 50 percent of charges.,71.08,,,,,,,Fee Schedule,141 Percent of of Medicare Lab FS. Metroplus will reimburse unlisted codes and described codes with no Medicare rate at 50 percent of charges.,71.08,,,,,,,Fee Schedule,141 Percent of of Medicare Lab FS. Metroplus will reimburse unlisted codes and described codes with no Medicare rate at 50 percent of charges.,71.08,,,,,,,Fee Schedule,141 Percent of of Medicare Lab FS. Metroplus will reimburse unlisted codes and described codes with no Medicare rate at 50 percent of charges.,71.08,,,,,,,Fee Schedule,141 Percent of of Medicare Lab FS. Metroplus will reimburse unlisted codes and described codes with no Medicare rate at 50 percent of charges.,50.41,,,,,,,Fee Schedule,"100% Medicare Lab FS. ",97.29,,,,,,,Fee Schedule,"193 % Medicare RBRVS. ",97.29,,,,,,,Fee Schedule,"193 % Medicare RBRVS. ",97.29,,,,,,,Fee Schedule,"193 % Medicare RBRVS. ",97.29,,,,,,,Fee Schedule,"193 % Medicare RBRVS. ",126.53,,,,,,,Fee Schedule,"251.001785360048 % Medicare Physician FS TC Rates Only. ",126.53,,,,,,,Fee Schedule,"251.001785360048 % Medicare Physician FS TC Rates Only. ",126.53,,,,,,,Fee Schedule,"251.001785360048 % Medicare Physician FS TC Rates Only. ",126.53,,,,,,,Fee Schedule,"251.001785360048 % Medicare Physician FS TC Rates Only. ",99.44,50,,,,,0,percent of total billed charges,50 percent of billed charges; No services were performed during the 15 month look back period.,99.44,50,,,,,0,percent of total billed charges,50 percent of billed charges; No services were performed during the 15 month look back period.,50.41,,,,,,,Fee Schedule,"100% Medicare Lab FS. ",50.41,,,,,,,Fee Schedule,"100% Medicare Lab FS. ",50.41,,,,,,,Fee Schedule,"100% Medicare Lab FS. ",164.93,,,,,,,Fee Schedule,"238 % 2013 Manhattan Medicare. ",164.93,,,,,,,Fee Schedule,"238 % 2013 Manhattan Medicare. ",164.93,,,,,,,Fee Schedule,"238 % 2013 Manhattan Medicare. ",99.44,50,,,,,0,percent of total billed charges,50 percent of billed charges; No services were performed during the 15 month look back period.,126.53,,,,,,,Fee Schedule,"251.001785360048 % Medicare Physician FS TC Rates Only. ",50.41,,,,,,,Fee Schedule,"100% Medicare Lab FS. ",164.93,,,,,,,Fee Schedule,"238 % 2013 Manhattan Medicare. ",100.45,,,,,,,Case Rate,"100 Percent of Medicaid APG. ",51.42,,,,,,,Fee Schedule,"102% of Medicare Lab FS. ",51.42,,,,,,,Fee Schedule,"102% of Medicare Lab FS. ",51.42,,,,,,,Fee Schedule,"102% of Medicare Lab FS. ",45.37,,,,,,,Fee schedule,"90 Percent of Medicare RBRVS. ",226.01,,,,,,,Fee Schedule,225% of NYS APG. Lesser of 100% of billed charges applies.,226.01,,,,,,,Fee Schedule,225% of NYS APG. Lesser of 100% of billed charges applies.,226.01,,,,,,,Fee Schedule,225% of NYS APG. Lesser of 100% of billed charges applies.,226.01,,,,,,,Fee Schedule,225% of NYS APG. Lesser of 100% of billed charges applies.,226.01,,,,,,,Fee Schedule,225% of NYS APG. Lesser of 100% of billed charges applies.,51.42,,,,,,,Fee Schedule,"102% of Medicare Lab FS. ",100.45,,,,,,,Case Rate,"100 Percent of Medicaid APG. ",18.18,,,,,,,Fee Schedule,100% Medicaid Fee Schedule. Lesser of 100% of billed charges applies.,226.01,,,,,,,Fee Schedule,225% of NYS APG. Lesser of 100% of billed charges applies.,226.01,,,,,,,Fee Schedule,225% of NYS APG. Lesser of 100% of billed charges applies.,18.18,,,,,,,Fee Schedule,100% Medicaid Fee Schedule. Lesser of 100% of billed charges applies.,18.18,,,,,,,Fee Schedule,100% Medicaid Fee Schedule. Lesser of 100% of billed charges applies.,80.66,,,,,,,Fee Schedule,"160 Percent of Medicare Laboratory. ",50.41,,,,,,,Fee Schedule,"100% Medicare Lab FS. ",50.41,,,,,,,Fee Schedule,"100% Medicare Lab FS. ",126.53,,,,,,,Fee Schedule,"251.001785360048 % Medicare Physician FS TC Rates Only. ",50.41,,,,,,,Fee Schedule,"100% Medicare Lab FS. ",226.01,,,,,,,Fee Schedule,"225 Percent of Medicaid APG. ",226.01,,,,,,,Fee Schedule,"225 Percent of Medicaid APG. ",45.37,,,,,,,Fee schedule,"90 Percent of Medicare RBRVS. ",45.37,,,,,,,Fee schedule,"90 Percent of Medicare RBRVS. ",226.01,,,,,,,Case Rate,225 Percent of Medicaid APG. Covered services not payable under Medicaid Fee Schedules default to a payment of 87.5 percent of charges.,45.37,,,,,,,Fee schedule,90 Percent of Medicare Laboratory. Covered services not payable under Medicaid Fee Schedules default to a payment of 50 percent of charges.,226.01,,,,,,,Case Rate,"100 Percent of Medicaid APG. ",226.01,,,,,,,Case Rate,"100 Percent of Medicaid APG. ",226.01,,,,,,,Case Rate,"100 Percent of Medicaid APG. ",226.01,,,,,,,Case Rate,"100 Percent of Medicaid APG. ",513.68,,,,,,,Fee Schedule,"1019 % Manhattan Facility Rate. ",99.44,50,,,,,0,percent of total billed charges,50 percent of billed charges; No services were performed during the 15 month look back period.,120.54,,,,,,,Case Rate,"120 Percent of Medicaid APG. Not APG payable, or payable under another fee schedule like ASP/AWP pays at 30% of charges",120.54,,,,,,,Case Rate,"120 Percent of Medicaid APG. Not APG payable, or payable under another fee schedule like ASP/AWP pays at 30% of charges",100.45,,,,,,,Case Rate,"100 Percent of Medicaid APG. Not APG payable, or payable under another fee schedule like ASP/AWP pays at 30% of charges",100.45,,,,,,,Case Rate,"100 Percent of Medicaid APG. Not APG payable, or payable under another fee schedule like ASP/AWP pays at 30% of charges",164.93,,,,,,,Fee Schedule,"238 % 2013 Manhattan Medicare. ",164.93,,,,,,,Fee Schedule,"238 % 2013 Manhattan Medicare. ",50.41,,,,,,,Fee Schedule,"100% Medicare Lab FS. ",164.93,,,,,,,Fee Schedule,"238 % 2013 Manhattan Medicare. ",164.93,,,,,,,Fee Schedule,"238 % 2013 Manhattan Medicare. ",164.93,,,,,,,Fee Schedule,"238 % 2013 Manhattan Medicare. ",164.93,,,,,,,Fee Schedule,"238 % 2013 Manhattan Medicare. ",50.41,,,,,,,Fee Schedule,"100% Medicare Lab FS. ",164.93,,,,,,,Fee Schedule,"238 % 2013 Manhattan Medicare. ",164.93,,,,,,,Fee Schedule,"238 % 2013 Manhattan Medicare. ",126.53,,,,,,,Fee Schedule,"251.001785360048 % Medicare Physician FS TC Rates Only. ",110.49,,,,,,,Fee Schedule,110% of APG. Lesser of 100% of billed charges applies.,45.37,,,,,,,Fee schedule,90 Percent of Medicare Laboratory. Covered services not payable under Medicaid Fee Schedules default to a payment of 50 percent of charges.,226.01,,,,,,,Fee Schedule,225% of NYS APG. Lesser of 100% of billed charges applies.,226.01,,,,,,,Case Rate,225 Percent of Medicaid APG. Covered services not payable under Medicaid Fee Schedules default to a payment of 87.5 percent of charges.,45.37,,,,,,,Fee schedule,90 Percent of Medicare Laboratory. Covered services not payable under Medicaid Fee Schedules default to a payment of 50 percent of charges.,226.01,,,,,,,Fee Schedule,225% of NYS APG. Lesser of 100% of billed charges applies.,226.01,,,,,,,Fee Schedule,225% of NYS APG. Lesser of 100% of billed charges applies.,226.01,,,,,,,Fee Schedule,225% of NYS APG. Lesser of 100% of billed charges applies.,226.01,,,,,,,Fee Schedule,225% of NYS APG. Lesser of 100% of billed charges applies.,226.01,,,,,,,Fee Schedule,225% of NYS APG. Lesser of 100% of billed charges applies.,226.01,,,,,,,Fee Schedule,225% of NYS APG. Lesser of 100% of billed charges applies.,,,,,,,,,"NA. ",,,,,,,,,"NA. ",,,,,,,,,"NA. ",110.23,,,,,,,Fee Schedule,"150 % 2018 Cigna RBRVS fee schedule. ",,,,,,,,,"NA. ",50.41,,,,,,,Fee Schedule,"100% Medicare Lab FS. ",70,,,,,,,Fee Schedule,"100 % 1199 Fee Schedule. ",50.41,,,,,,,Fee Schedule,"100% Medicare Lab FS. ",50.41,,,,,,,Fee Schedule,"100% Medicare Lab FS. ",120.54,,,,,,,Case Rate,"120 Percent of Medicaid APG. Not APG payable, or payable under another fee schedule like ASP/AWP pays at 30% of charges",120.54,,,,,,,Case Rate,"120 Percent of Medicaid APG. Not APG payable, or payable under another fee schedule like ASP/AWP pays at 30% of charges",100.45,,,,,,,Case Rate,"100 Percent of Medicaid APG. Not APG payable, or payable under another fee schedule like ASP/AWP pays at 30% of charges",100.45,,,,,,,Case Rate,"100 Percent of Medicaid APG. Not APG payable, or payable under another fee schedule like ASP/AWP pays at 30% of charges",100.45,,,,,,,Case Rate,"100 Percent of Medicaid APG. ",109.39,,,,,,,Fee Schedule,"217 % Medicare RBRVS. ",126.53,,,,,,,Fee Schedule,"251.001785360048 % Medicare Physician FS TC Rates Only. ",128.55,,,,,,,Fee Schedule,"255 % Medicare RBRVS. ",110.23,,,,,,,Fee Schedule,"150 % 2018 Cigna RBRVS fee schedule. ",50.41,,,,,,,Fee Schedule,"100% Medicare Lab FS. ",50.41,,,,,,,Fee Schedule,"100% Medicare Lab FS. ",50.41,,,,,,,Fee Schedule,"100% Medicare Lab FS. ",50.41,,,,,,,Fee Schedule,"100% Medicare Lab FS. ",50.41,,,,,,,Fee Schedule,"100% Medicare Lab FS. ",50.41,,,,,,,Fee Schedule,"100% Medicare Lab FS. ",,,,,,,,,"NA. ",226.01,,,,,,,Fee Schedule,225% of NYS APG. Lesser of 100% of billed charges applies.,18.18,,,,,,,Fee Schedule,100% Medicaid Fee Schedule. Lesser of 100% of billed charges applies.,164.93,,,,,,,Fee Schedule,"238 % 2013 Manhattan Medicare. ",109.39,,,,,,,Fee Schedule,"217 % Medicare RBRVS. ",109.39,,,,,,,Fee Schedule,"217 % Medicare RBRVS. ",109.39,,,,,,,Fee Schedule,"217 % Medicare RBRVS. ",109.39,,,,,,,Fee Schedule,"217 % Medicare RBRVS. ",50.41,,,,,,,Fee Schedule,"100% Medicare Lab FS. ",100.45,,,,,,,Case Rate,"100 Percent of Medicaid APG. ",164.93,,,,,,,Fee Schedule,"238 % 2013 Manhattan Medicare. ",100.45,,,,,,,Case Rate,"100 Percent of Medicaid APG. ",50.41,,,,,,,Fee Schedule,"100% Medicare Lab FS. ",100.45,,,,,,,Case Rate,"100 Percent of Medicaid APG. ",50.41,,,,,,,Fee Schedule,"100% Medicare Lab FS. ",50.41,,,,,,,Fee Schedule,"100% Medicare Lab FS. ",100.45,,,,,,,Case Rate,"100 Percent of Medicaid APG. ",100.45,,,,,,,Case Rate,"100 Percent of Medicaid APG. ",109.39,,,,,,,Fee Schedule,"217 % Medicare RBRVS. ",110.23,,,,,,,Fee Schedule,"150 % 2018 Cigna RBRVS fee schedule. ",155.1264,78,,,,,0,percent of total billed charges,78% of Billed Charges. Lesser of 100% of billed charges applies.; No services were performed during the 15 month look back period.,56.01,,,,,,,Fee Schedule,"100 % 2019 CMS Clinical Lab National Limit Pub 20190115. ",56.01,,,,,,,Fee Schedule,"100 % 2019 CMS Clinical Lab National Limit Pub 20190115. ",126.53,,,,,,,Fee Schedule,"251.001785360048 % Medicare Physician FS TC Rates Only. ",49.4,,,,,,,Fee Schedule,"98% Lab FS. ",97.29,,,,,,,Fee Schedule,"193 % Medicare RBRVS. ",97.29,,,,,,,Fee Schedule,"193 % Medicare RBRVS. ",131.95,,,,,,,Fee Schedule,"190.4 % 2013 Manhattan Medicare. ",131.95,,,,,,,Fee Schedule,"190.4 % 2013 Manhattan Medicare. ",50.41,,,,,,,Fee Schedule,"100% Medicare Lab FS. ",50.41,,,,,,,Fee Schedule,"100% Medicare Lab FS. ",50.41,,,,,,,Fee Schedule,"100% Medicare Lab FS. ",50.41,,,,,,,Fee Schedule,"100% Medicare Lab FS. ",56.01,,,,,,,Fee Schedule,"100 % 2019 CMS Clinical Lab National Limit Pub 20190115. ",164.93,,,,,,,Fee Schedule,"238 % 2013 Manhattan Medicare. ",164.93,,,,,,,Fee Schedule,"238 % 2013 Manhattan Medicare. ",50.41,,,,,,,Fee Schedule,"100% Medicare Lab FS. ",131.95,,,,,,,Fee Schedule,"190.4 % 2013 Manhattan Medicare. ",128.55,,,,,,,Fee Schedule,"255 % Medicare RBRVS. ",120.54,,,,,,,Fee Schedule,"120 Percent of Medicaid APG. ",100.45,,,,,,,Case Rate,"100 Percent of Medicaid APG. ",109.39,,,,,,,Fee Schedule,"217 % Medicare RBRVS. ",148.44,,,,,,,Fee Schedule,"214.2 % 2013 Manhattan Medicare. ",148.44,,,,,,,Fee Schedule,"214.2 % 2013 Manhattan Medicare. ",164.93,,,,,,,Fee Schedule,"238 % 2013 Manhattan Medicare. ",99.44,50,,,,,0,percent of total billed charges,50 percent of billed charges; No services were performed during the 15 month look back period.,50.41,,,,,,,Fee Schedule,"100% Medicare Lab FS. ",105.47,,,,,,,Fee Schedule,105 percent of Medicaid APG. otherwise 105% of Ordered NYS MCD FS or 105% of ASP+6%,105.47,,,,,,,Fee Schedule,105 percent of Medicaid APG. otherwise 105% of Ordered NYS MCD FS or 105% of ASP+6%,105.47,,,,,,,Fee Schedule,105 percent of Medicaid APG. otherwise 105% of Ordered NYS MCD FS or 105% of ASP+6%,135.6,,,,,,,Fee Schedule,135 percent of Medicaid APG. otherwise 135% of Ordered NYS MCD FS or 135% of ASP+6%,56.01,,,,,,,Fee Schedule,"100 % 2019 CMS Clinical Lab National Limit Pub 20190115. ",105.47,,,,,,,Fee Schedule,105 percent of Medicaid APG. otherwise 105% of Ordered NYS MCD FS or 105% of ASP+6%,105.47,,,,,,,Fee Schedule,105 percent of Medicaid APG. otherwise 105% of Ordered NYS MCD FS or 105% of ASP+6%,105.47,,,,,,,Fee Schedule,105 percent of Medicaid APG. otherwise 105% of Ordered NYS MCD FS or 105% of ASP+6%,105.47,,,,,,,Fee Schedule,105 percent of Medicaid APG. otherwise 105% of Ordered NYS MCD FS or 105% of ASP+6%,105.47,,,,,,,Fee Schedule,105 percent of Medicaid APG. otherwise 105% of Ordered NYS MCD FS or 105% of ASP+6%,135.6,,,,,,,Fee Schedule,135 percent of Medicaid APG. otherwise 135% of Ordered NYS MCD FS or 135% of ASP+6%,135.6,,,,,,,Fee Schedule,135 percent of Medicaid APG. otherwise 135% of Ordered NYS MCD FS or 135% of ASP+6%,50.41,,,,,,,Fee Schedule,"100% Medicare Lab FS. ",56.01,,,,,,,Fee Schedule,"100 % 2019 CMS Clinical Lab National Limit Pub 20190115. ",50.41,,,,,,,Fee Schedule,"100% Medicare Lab FS. ",105.47,,,,,,,Fee Schedule,105 percent of Medicaid APG. otherwise 105% of Ordered NYS MCD FS or 105% of ASP+6%,164.93,,,,,,,Fee Schedule,"238 % 2013 Manhattan Medicare. ",50.41,,,,,,,Fee Schedule,"100% Medicare Lab FS. ",164.93,,,,,,,Fee Schedule,"238 % 2013 Manhattan Medicare. ",164.93,,,,,,,Fee Schedule,"238 % 2013 Manhattan Medicare. ",164.93,,,,,,,Fee Schedule,"238 % 2013 Manhattan Medicare. ",105.47,,,,,,,Fee Schedule,105 percent of Medicaid APG. otherwise 105% of Ordered NYS MCD FS or 105% of ASP+6%,50.41,,,,,,,Fee Schedule,"100% Medicare Lab FS. ",164.93,,,,,,,Fee Schedule,"238 % 2013 Manhattan Medicare. ",135.6,,,,,,,Fee Schedule,135 percent of Medicaid APG. otherwise 135% of Ordered NYS MCD FS or 135% of ASP+6%,164.93,,,,,,,Fee Schedule,"238 % 2013 Manhattan Medicare. ",75.61,,,,,,,Fee Schedule,"150% of Medicare Lab FS. ",50.41,,,,,,,Fee Schedule,"100% Medicare Lab FS. ",109.39,,,,,,,Fee Schedule,"217 % Medicare RBRVS. ",109.39,,,,,,,Fee Schedule,"217 % Medicare RBRVS. ",109.39,,,,,,,Fee Schedule,"217 % Medicare RBRVS. ",109.39,,,,,,,Fee Schedule,"217 % Medicare RBRVS. ",109.39,,,,,,,Fee Schedule,"217 % Medicare RBRVS. ",128.55,,,,,,,Fee Schedule,"255 % Medicare RBRVS. ",128.55,,,,,,,Fee Schedule,"255 % Medicare RBRVS. ",109.39,,,,,,,Fee Schedule,"217 % Medicare RBRVS. ",109.39,,,,,,,Fee Schedule,"217 % Medicare RBRVS. ",109.39,,,,,,,Fee Schedule,"217 % Medicare RBRVS. ",109.39,,,,,,,Fee Schedule,"217 % Medicare RBRVS. ",109.39,,,,,,,Fee Schedule,"217 % Medicare RBRVS. ",50.41,,,,,,,Fee Schedule,"100% Medicare Lab FS. ",128.55,,,,,,,Fee Schedule,"255 % Medicare RBRVS. ",50.41,,,,,,,Fee Schedule,"100% Medicare Lab FS. ",226.01,,,,,,,Case Rate,"225 Percent of Medicaid APG. If not included in Medicaid APG, then 100 Percent of Manhattan Medicare",100.45,,,,,,,Case Rate,"100 Percent of Medicaid APG. If not priced under APG, then Metroplus FeeSched",56.01,,,,,,,Fee Schedule,"100 % 2019 CMS Clinical Lab National Limit Pub 20190115. ",56.01,,,,,,,Fee Schedule,"100 % 2019 CMS Clinical Lab National Limit Pub 20190115. ",50.41,,,,,,,Fee Schedule,"100% Medicare Lab FS. ",97.29,,,,,,,Fee Schedule,"193 % Medicare RBRVS. ",50.41,,,,,,,Fee Schedule,"100% Medicare Lab FS. ",50.41,,,,,,,Fee Schedule,"100% Medicare Lab FS. ",126.53,,,,,,,Fee Schedule,"251.001785360048 % Medicare Physician FS TC Rates Only. ",50.41,,,,,,,Fee Schedule,"100% Medicare Lab FS. ",110.23,,,,,,,Fee Schedule,"150 % 2018 Cigna RBRVS fee schedule. ",50.41,,,,,,,Fee Schedule,"100% Medicare Lab FS. ",110.23,,,,,,,Fee Schedule,"150 % 2018 Cigna RBRVS fee schedule. ",126.53,,,,,,,Fee Schedule,"251.001785360048 % Medicare Physician FS TC Rates Only. ",110.23,,,,,,,Fee Schedule,"150 % 2018 Cigna RBRVS fee schedule. ",50.41,,,,,,,Fee Schedule,"100% Medicare Lab FS. ",100.45,,,,,,,Case Rate,"100 Percent of Medicaid APG. ",50.41,,,,,,,Fee Schedule,"100% Medicare Lab FS. ",110.23,,,,,,,Fee Schedule,"150 % 2018 Cigna RBRVS fee schedule. ",56.01,,,,,,,Fee Schedule,"100 % 2019 CMS Clinical Lab National Limit Pub 20190115. ",100.45,,,,,,,Case Rate,"100 Percent of Medicaid APG. ",164.93,,,,,,,Fee Schedule,"238 % 2013 Manhattan Medicare. ",120.54,,,,,,,Fee Schedule,"120 Percent of Medicaid APG. ",120.54,,,,,,,Fee Schedule,"120 Percent of Medicaid APG. ",164.93,,,,,,,Fee Schedule,"238 % 2013 Manhattan Medicare. ",164.93,,,,,,,Fee Schedule,"238 % 2013 Manhattan Medicare. ",164.93,,,,,,,Fee Schedule,"238 % 2013 Manhattan Medicare. ",56.01,,,,,,,Fee Schedule,"100 % 2019 CMS Clinical Lab National Limit Pub 20190115. ",164.93,,,,,,,Fee Schedule,"238 % 2013 Manhattan Medicare. ",164.93,,,,,,,Fee Schedule,"238 % 2013 Manhattan Medicare. ",164.93,,,,,,,Fee Schedule,"238 % 2013 Manhattan Medicare. ",109.39,,,,,,,Fee Schedule,"217 % Medicare RBRVS. ",109.39,,,,,,,Fee Schedule,"217 % Medicare RBRVS. ",71.08,,,,,,,Fee Schedule,141 Percent of of Medicare Lab FS. Metroplus will reimburse unlisted codes and described codes with no Medicare rate at 50 percent of charges.,100.45,,,,,,,Case Rate,"100 Percent of Medicaid APG. ",56.01,,,,,,,Fee Schedule,"100 % 2019 CMS Clinical Lab National Limit Pub 20190115. ",110.23,,,,,,,Fee Schedule,"150 % 2018 Cigna RBRVS fee schedule. ",126.53,,,,,,,Fee Schedule,"251.001785360048 % Medicare Physician FS TC Rates Only. ",56.01,,,,,,,Fee Schedule,"100 % 2019 CMS Clinical Lab National Limit Pub 20190115. ",126.53,,,,,,,Fee Schedule,"251.001785360048 % Medicare Physician FS TC Rates Only. ",56.01,,,,,,,Fee Schedule,"100 % 2019 CMS Clinical Lab National Limit Pub 20190115. ",164.93,,,,,,,Fee Schedule,"238 % 2013 Manhattan Medicare. ",164.93,,,,,,,Fee Schedule,"238 % 2013 Manhattan Medicare. ",164.93,,,,,,,Fee Schedule,"238 % 2013 Manhattan Medicare. ",164.93,,,,,,,Fee Schedule,"238 % 2013 Manhattan Medicare. ",50.41,,,,,,,Fee Schedule,"100% Medicare Lab FS. ",18.18,513.68,
81165,CPT,2026296,LOCAL,310,RC,HC BRCA1 GENE FULL SEQ ALYS,7121.96,339.46,both,,,,282.88,,,,,,,Fee Schedule,"100 % 1199 Fee Schedule. ",282.88,,,,,,,Fee Schedule,"100 % 1199 Fee Schedule. ",710.03,,,,,,,Fee Schedule,"251.000424208145 % Medicare Physician FS TC Rates Only. ",7121.96,100,,,,,0,percent of total billed charges,100 percent of billed charges. ; No services were performed during the 15 month look back period.,282.88,,,,,,,Fee Schedule,"100% Medicare Lab FS. ",710.03,,,,,,,Fee Schedule,"251.000424208145 % Medicare Physician FS TC Rates Only. ",710.03,,,,,,,Fee Schedule,"251.000424208145 % Medicare Physician FS TC Rates Only. ",710.03,,,,,,,Fee Schedule,"251.000424208145 % Medicare Physician FS TC Rates Only. ",,,,,,,,Other,"100 Percent of Medicaid APG. ",,,,,,,,Other,"100 Percent of Medicaid APG. ",5555.1288,78,,,,,0,percent of total billed charges,78% of Billed Charges. Lesser of 100% of billed charges applies.; No services were performed during the 15 month look back period.,282.88,,,,,,,Fee Schedule,"100 % 2019 CMS Clinical Lab National Limit Pub 20190115. ",,,,,,,,Other,"100 Percent of Medicaid APG. ",282.88,,,,,,,Fee Schedule,"100% Medicare Lab FS. ",4273.176,60,,,,,0,percent of total billed charges,60 percent of billed charges; No services were performed during the 15 month look back period.,4273.176,60,,,,,0,percent of total billed charges,60 percent of billed charges; No services were performed during the 15 month look back period.,4273.176,60,,,,,0,percent of total billed charges,60 percent of billed charges; No services were performed during the 15 month look back period.,4273.176,60,,,,,0,percent of total billed charges,60 percent of billed charges; No services were performed during the 15 month look back period.,254.59,,,,,,,Fee schedule,90 Percent of Medicare Laboratory. Covered services not payable under Medicaid Fee Schedules default to a payment of 50 percent of charges.,282.88,,,,,,,Fee Schedule,"100% Medicare Lab FS. ",254.59,,,,,,,Fee schedule,90 Percent of Medicare Laboratory. Covered services not payable under Medicaid Fee Schedules default to a payment of 50 percent of charges.,5555.1288,78,,,,,0,percent of total billed charges,78% of Billed Charges. Lesser of 100% of billed charges applies.; No services were performed during the 15 month look back period.,710.03,,,,,,,Fee Schedule,"251.000424208145 % Medicare Physician FS TC Rates Only. ",282.88,,,,,,,Fee Schedule,"100% Medicare Lab FS. ",721.34,,,,,,,Fee Schedule,"255 % Medicare RBRVS. ",282.88,,,,,,,Fee Schedule,"100% Medicare Lab FS. ",282.88,,,,,,,Fee Schedule,"100% Medicare Lab FS. ",5555.1288,78,,,,,0,percent of total billed charges,78% of Billed Charges. Lesser of 100% of billed charges applies.; No services were performed during the 15 month look back period.,,,,,,,,Fee Schedule,100% Medicaid Fee Schedule. Lesser of 100% of billed charges applies.,,,,,,,,Fee Schedule,100% Medicaid Fee Schedule. Lesser of 100% of billed charges applies.,254.59,,,,,,,Fee schedule,"90 Percent of Medicare RBRVS. ",254.59,,,,,,,Fee schedule,"90 Percent of Medicare RBRVS. ",721.34,,,,,,,Fee Schedule,"255 % Medicare RBRVS. ",721.34,,,,,,,Fee Schedule,"255 % Medicare RBRVS. ",,,,,,,,Other,"100 Percent of Medicaid APG. Not APG payable, or payable under another fee schedule like ASP/AWP pays at 30% of charges",721.34,,,,,,,Fee Schedule,"255 % Medicare RBRVS. ",,,,,,,,Other,"100 Percent of Medicaid APG. Not APG payable, or payable under another fee schedule like ASP/AWP pays at 30% of charges",282.88,,,,,,,Fee Schedule,"100% Medicare Lab FS. ",721.34,,,,,,,Fee Schedule,"255 % Medicare RBRVS. ",5555.1288,78,,,,,0,percent of total billed charges,78% of Billed Charges. Lesser of 100% of billed charges applies.; No services were performed during the 15 month look back period.,,,,,,,,Other,"100 Percent of Medicaid APG. If not priced under APG, then Metroplus FeeSched",,,,,,,,Other,"100 Percent of Medicaid APG. If not priced under APG, then Metroplus FeeSched",5555.1288,78,,,,,0,percent of total billed charges,78% of Billed Charges. Lesser of 100% of billed charges applies.; No services were performed during the 15 month look back period.,4273.176,60,,,,,0,percent of total billed charges,60 percent of billed charges; No services were performed during the 15 month look back period.,282.88,,,,,,,Fee Schedule,"100 % 2019 CMS Clinical Lab National Limit Pub 20190115. ",282.88,,,,,,,Fee Schedule,"100 % 2019 CMS Clinical Lab National Limit Pub 20190115. ",5555.1288,78,,,,,0,percent of total billed charges,78% of Billed Charges. Lesser of 100% of billed charges applies.; No services were performed during the 15 month look back period.,282.88,,,,,,,Fee Schedule,"100% Medicare Lab FS. ",282.88,,,,,,,Fee Schedule,"100 % 2019 CMS Clinical Lab National Limit Pub 20190115. ",282.88,,,,,,,Fee Schedule,"100 % 2019 CMS Clinical Lab National Limit Pub 20190115. ",282.88,,,,,,,Fee Schedule,"100 % 2019 CMS Clinical Lab National Limit Pub 20190115. ",282.88,,,,,,,Fee Schedule,"100% Medicare Lab FS. ",282.88,,,,,,,Fee Schedule,"100 % 2019 CMS Clinical Lab National Limit Pub 20190115. ",282.88,,,,,,,Fee Schedule,"100 % 2019 CMS Clinical Lab National Limit Pub 20190115. ",282.88,,,,,,,Fee Schedule,"100% of Medicare Lab FS. ",3560.98,50,,,,,0,percent of total billed charges,50 percent of billed charges; No services were performed during the 15 month look back period.,673.25,,,,,,,Fee Schedule,"238 % BCBS Standard HMO. ",673.25,,,,,,,Fee Schedule,"238 % BCBS Standard HMO. ",673.25,,,,,,,Fee Schedule,"238 % BCBS Standard HMO. ",673.25,,,,,,,Fee Schedule,"238 % BCBS Standard HMO. ",673.25,,,,,,,Fee Schedule,"238 % BCBS Standard HMO. ",673.25,,,,,,,Fee Schedule,"238 % BCBS Standard HMO. ",282.88,,,,,,,Fee Schedule,"100% Medicare Lab FS. ",282.88,,,,,,,Fee Schedule,"100% Medicare Lab FS. ",673.25,,,,,,,Fee Schedule,"238 % BCBS Standard HMO. ",5555.1288,78,,,,,0,percent of total billed charges,78% of Billed Charges. Lesser of 100% of billed charges applies.; No services were performed during the 15 month look back period.,5555.1288,78,,,,,0,percent of total billed charges,78% of Billed Charges. Lesser of 100% of billed charges applies.; No services were performed during the 15 month look back period.,5555.1288,78,,,,,0,percent of total billed charges,78% of Billed Charges. Lesser of 100% of billed charges applies.; No services were performed during the 15 month look back period.,5555.1288,78,,,,,0,percent of total billed charges,78% of Billed Charges. Lesser of 100% of billed charges applies.; No services were performed during the 15 month look back period.,5555.1288,78,,,,,0,percent of total billed charges,78% of Billed Charges. Lesser of 100% of billed charges applies.; No services were performed during the 15 month look back period.,5555.1288,78,,,,,0,percent of total billed charges,78% of Billed Charges. Lesser of 100% of billed charges applies.; No services were performed during the 15 month look back period.,5555.1288,78,,,,,0,percent of total billed charges,78% of Billed Charges. Lesser of 100% of billed charges applies.; No services were performed during the 15 month look back period.,5555.1288,78,,,,,0,percent of total billed charges,78% of Billed Charges. Lesser of 100% of billed charges applies.; No services were performed during the 15 month look back period.,5555.1288,78,,,,,0,percent of total billed charges,78% of Billed Charges. Lesser of 100% of billed charges applies.; No services were performed during the 15 month look back period.,5555.1288,78,,,,,0,percent of total billed charges,78% of Billed Charges. Lesser of 100% of billed charges applies.; No services were performed during the 15 month look back period.,5555.1288,78,,,,,0,percent of total billed charges,78% of Billed Charges. Lesser of 100% of billed charges applies.; No services were performed during the 15 month look back period.,5555.1288,78,,,,,0,percent of total billed charges,78% of Billed Charges. Lesser of 100% of billed charges applies.; No services were performed during the 15 month look back period.,5555.1288,78,,,,,0,percent of total billed charges,78% of Billed Charges. Lesser of 100% of billed charges applies.; No services were performed during the 15 month look back period.,5555.1288,78,,,,,0,percent of total billed charges,78% of Billed Charges. Lesser of 100% of billed charges applies.; No services were performed during the 15 month look back period.,5555.1288,78,,,,,0,percent of total billed charges,78% of Billed Charges. Lesser of 100% of billed charges applies.; No services were performed during the 15 month look back period.,5555.1288,78,,,,,0,percent of total billed charges,78% of Billed Charges. Lesser of 100% of billed charges applies.; No services were performed during the 15 month look back period.,5555.1288,78,,,,,0,percent of total billed charges,78% of Billed Charges. Lesser of 100% of billed charges applies.; No services were performed during the 15 month look back period.,5555.1288,78,,,,,0,percent of total billed charges,78% of Billed Charges. Lesser of 100% of billed charges applies.; No services were performed during the 15 month look back period.,5555.1288,78,,,,,0,percent of total billed charges,78% of Billed Charges. Lesser of 100% of billed charges applies.; No services were performed during the 15 month look back period.,5555.1288,78,,,,,0,percent of total billed charges,78% of Billed Charges. Lesser of 100% of billed charges applies.; No services were performed during the 15 month look back period.,5555.1288,78,,,,,0,percent of total billed charges,78% of Billed Charges. Lesser of 100% of billed charges applies.; No services were performed during the 15 month look back period.,5555.1288,78,,,,,0,percent of total billed charges,78% of Billed Charges. Lesser of 100% of billed charges applies.; No services were performed during the 15 month look back period.,5555.1288,78,,,,,0,percent of total billed charges,78% of Billed Charges. Lesser of 100% of billed charges applies.; No services were performed during the 15 month look back period.,5555.1288,78,,,,,0,percent of total billed charges,78% of Billed Charges. Lesser of 100% of billed charges applies.; No services were performed during the 15 month look back period.,5555.1288,78,,,,,0,percent of total billed charges,78% of Billed Charges. Lesser of 100% of billed charges applies.; No services were performed during the 15 month look back period.,5555.1288,78,,,,,0,percent of total billed charges,78% of Billed Charges. Lesser of 100% of billed charges applies.; No services were performed during the 15 month look back period.,721.34,,,,,,,Fee Schedule,"255 % Medicare RBRVS. ",721.34,,,,,,,Fee Schedule,"255 % Medicare RBRVS. ",721.34,,,,,,,Fee Schedule,"255 % Medicare RBRVS. ",721.34,,,,,,,Fee Schedule,"255 % Medicare RBRVS. ",545.96,,,,,,,Fee Schedule,"193 % Medicare RBRVS. ",545.96,,,,,,,Fee Schedule,"193 % Medicare RBRVS. ",4273.176,60,,,,,0,percent of total billed charges,60 percent of billed charges; No services were performed during the 15 month look back period.,673.25,,,,,,,Fee Schedule,"238 % BCBS Standard HMO. ",282.88,,,,,,,Fee Schedule,"100 % 2019 CMS Clinical Lab National Limit Pub 20190115. ",673.25,,,,,,,Fee Schedule,"238 % BCBS Standard HMO. ",5555.1288,78,,,,,0,percent of total billed charges,78% of Billed Charges. Lesser of 100% of billed charges applies.; No services were performed during the 15 month look back period.,545.96,,,,,,,Fee Schedule,"193 % Medicare RBRVS. ",673.25,,,,,,,Fee Schedule,"238 % BCBS Standard HMO. ",282.88,,,,,,,Fee Schedule,"100 % 2019 CMS Clinical Lab National Limit Pub 20190115. ",4273.176,60,,,,,0,percent of total billed charges,60 percent of billed charges; No services were performed during the 15 month look back period.,,,,,,,,,"NA. ",5555.1288,78,,,,,0,percent of total billed charges,78% of Billed Charges. Lesser of 100% of billed charges applies.; No services were performed during the 15 month look back period.,,,,,,,,Other,"100 Percent of Medicaid APG. ",721.34,,,,,,,Fee Schedule,"255 % Medicare RBRVS. ",,,,,,,,Other,"100 Percent of Medicaid APG. Not APG payable, or payable under another fee schedule like ASP/AWP pays at 30% of charges",282.88,,,,,,,Fee Schedule,"100% Medicare Lab FS. ",282.88,,,,,,,Fee Schedule,"100% Medicare Lab FS. ",3560.98,50,,,,,0,percent of total billed charges,50 percent of billed charges; No services were performed during the 15 month look back period.,282.88,,,,,,,Fee Schedule,"100% Medicare Lab FS. ",282.88,,,,,,,Fee Schedule,"100% Medicare Lab FS. ",,,,,,,,Other,"100 Percent of Medicaid APG. ",282.88,,,,,,,Fee Schedule,"100% Medicare Lab FS. ",282.88,,,,,,,Fee Schedule,"100% Medicare Lab FS. ",710.03,,,,,,,Fee Schedule,"251.000424208145 % Medicare Physician FS TC Rates Only. ",710.03,,,,,,,Fee Schedule,"251.000424208145 % Medicare Physician FS TC Rates Only. ",282.88,,,,,,,Fee Schedule,"100% Medicare Lab FS. ",4273.176,60,,,,,0,percent of total billed charges,60 percent of billed charges; No services were performed during the 15 month look back period.,282.88,,,,,,,Fee Schedule,"100 % 2019 CMS Clinical Lab National Limit Pub 20190115. ",282.88,,,,,,,Fee Schedule,"100 % 2019 CMS Clinical Lab National Limit Pub 20190115. ",282.88,,,,,,,Fee Schedule,"100% Medicare Lab FS. ",4273.176,60,,,,,0,percent of total billed charges,60 percent of billed charges; No services were performed during the 15 month look back period.,710.03,,,,,,,Fee Schedule,"251.000424208145 % Medicare Physician FS TC Rates Only. ",710.03,,,,,,,Fee Schedule,"251.000424208145 % Medicare Physician FS TC Rates Only. ",710.03,,,,,,,Fee Schedule,"251.000424208145 % Medicare Physician FS TC Rates Only. ",5555.1288,78,,,,,0,percent of total billed charges,78% of Billed Charges. Lesser of 100% of billed charges applies.; No services were performed during the 15 month look back period.,5555.1288,78,,,,,0,percent of total billed charges,78% of Billed Charges. Lesser of 100% of billed charges applies.; No services were performed during the 15 month look back period.,5555.1288,78,,,,,0,percent of total billed charges,78% of Billed Charges. Lesser of 100% of billed charges applies.; No services were performed during the 15 month look back period.,5555.1288,78,,,,,0,percent of total billed charges,78% of Billed Charges. Lesser of 100% of billed charges applies.; No services were performed during the 15 month look back period.,5555.1288,78,,,,,0,percent of total billed charges,78% of Billed Charges. Lesser of 100% of billed charges applies.; No services were performed during the 15 month look back period.,5555.1288,78,,,,,0,percent of total billed charges,78% of Billed Charges. Lesser of 100% of billed charges applies.; No services were performed during the 15 month look back period.,5555.1288,78,,,,,0,percent of total billed charges,78% of Billed Charges. Lesser of 100% of billed charges applies.; No services were performed during the 15 month look back period.,5555.1288,78,,,,,0,percent of total billed charges,78% of Billed Charges. Lesser of 100% of billed charges applies.; No services were performed during the 15 month look back period.,5555.1288,78,,,,,0,percent of total billed charges,78% of Billed Charges. Lesser of 100% of billed charges applies.; No services were performed during the 15 month look back period.,5555.1288,78,,,,,0,percent of total billed charges,78% of Billed Charges. Lesser of 100% of billed charges applies.; No services were performed during the 15 month look back period.,5555.1288,78,,,,,0,percent of total billed charges,78% of Billed Charges. Lesser of 100% of billed charges applies.; No services were performed during the 15 month look back period.,545.96,,,,,,,Fee Schedule,"193 % Medicare RBRVS. ",673.25,,,,,,,Fee Schedule,"238 % BCBS Standard HMO. ",4273.176,60,,,,,0,percent of total billed charges,60 percent of billed charges; No services were performed during the 15 month look back period.,282.88,,,,,,,Fee Schedule,"100% Medicare Lab FS. ",710.03,,,,,,,Fee Schedule,"251.000424208145 % Medicare Physician FS TC Rates Only. ",4273.176,60,,,,,0,percent of total billed charges,60 percent of billed charges; No services were performed during the 15 month look back period.,4273.176,60,,,,,0,percent of total billed charges,60 percent of billed charges; No services were performed during the 15 month look back period.,5555.1288,78,,,,,0,percent of total billed charges,78% of Billed Charges. Lesser of 100% of billed charges applies.; No services were performed during the 15 month look back period.,,,,,,,,Other,"Not payable. ",4273.176,60,,,,,0,percent of total billed charges,60 percent of billed charges; No services were performed during the 15 month look back period.,,,,,,,,Other,"100 Percent of Medicaid APG. ",282.88,,,,,,,Fee Schedule,"100% Medicare Lab FS. ",282.88,,,,,,,Fee Schedule,"100% Medicare Lab FS. ",282.88,,,,,,,Fee Schedule,"100% Medicare Lab FS. ",282.88,,,,,,,Fee Schedule,"100% Medicare Lab FS. ",282.88,,,,,,,Fee Schedule,"100% Medicare Lab FS. ",282.88,,,,,,,Fee Schedule,"100% Medicare Lab FS. ",4273.176,60,,,,,0,percent of total billed charges,60 percent of billed charges; No services were performed during the 15 month look back period.,3560.98,50,,,,,0,percent of total billed charges,50 percent of billed charges; No services were performed during the 15 month look back period.,452.61,,,,,,,Fee Schedule,"160 Percent of Medicare Laboratory. ",452.61,,,,,,,Fee Schedule,"160 Percent of Medicare Laboratory. ",452.61,,,,,,,Fee Schedule,"160 Percent of Medicare Laboratory. ",452.61,,,,,,,Fee Schedule,"160 Percent of Medicare Laboratory. ",452.61,,,,,,,Fee Schedule,"160 Percent of Medicare Laboratory. ",,,,,,,,,"NA. ",3560.98,50,,,,,0,percent of total billed charges,50 percent of billed charges; No services were performed during the 15 month look back period.,398.86,,,,,,,Fee Schedule,141 Percent of of Medicare Lab FS. Metroplus will reimburse unlisted codes and described codes with no Medicare rate at 50 percent of charges.,398.86,,,,,,,Fee Schedule,141 Percent of of Medicare Lab FS. Metroplus will reimburse unlisted codes and described codes with no Medicare rate at 50 percent of charges.,398.86,,,,,,,Fee Schedule,141 Percent of of Medicare Lab FS. Metroplus will reimburse unlisted codes and described codes with no Medicare rate at 50 percent of charges.,398.86,,,,,,,Fee Schedule,141 Percent of of Medicare Lab FS. Metroplus will reimburse unlisted codes and described codes with no Medicare rate at 50 percent of charges.,398.86,,,,,,,Fee Schedule,141 Percent of of Medicare Lab FS. Metroplus will reimburse unlisted codes and described codes with no Medicare rate at 50 percent of charges.,282.88,,,,,,,Fee Schedule,"100% Medicare Lab FS. ",545.96,,,,,,,Fee Schedule,"193 % Medicare RBRVS. ",545.96,,,,,,,Fee Schedule,"193 % Medicare RBRVS. ",545.96,,,,,,,Fee Schedule,"193 % Medicare RBRVS. ",545.96,,,,,,,Fee Schedule,"193 % Medicare RBRVS. ",710.03,,,,,,,Fee Schedule,"251.000424208145 % Medicare Physician FS TC Rates Only. ",710.03,,,,,,,Fee Schedule,"251.000424208145 % Medicare Physician FS TC Rates Only. ",710.03,,,,,,,Fee Schedule,"251.000424208145 % Medicare Physician FS TC Rates Only. ",710.03,,,,,,,Fee Schedule,"251.000424208145 % Medicare Physician FS TC Rates Only. ",3560.98,50,,,,,0,percent of total billed charges,50 percent of billed charges; No services were performed during the 15 month look back period.,3560.98,50,,,,,0,percent of total billed charges,50 percent of billed charges; No services were performed during the 15 month look back period.,282.88,,,,,,,Fee Schedule,"100% Medicare Lab FS. ",282.88,,,,,,,Fee Schedule,"100% Medicare Lab FS. ",282.88,,,,,,,Fee Schedule,"100% Medicare Lab FS. ",673.25,,,,,,,Fee Schedule,"238 % BCBS Standard HMO. ",673.25,,,,,,,Fee Schedule,"238 % BCBS Standard HMO. ",673.25,,,,,,,Fee Schedule,"238 % BCBS Standard HMO. ",3560.98,50,,,,,0,percent of total billed charges,50 percent of billed charges; No services were performed during the 15 month look back period.,710.03,,,,,,,Fee Schedule,"251.000424208145 % Medicare Physician FS TC Rates Only. ",282.88,,,,,,,Fee Schedule,"100% Medicare Lab FS. ",673.25,,,,,,,Fee Schedule,"238 % BCBS Standard HMO. ",,,,,,,,Other,"100 Percent of Medicaid APG. ",288.54,,,,,,,Fee Schedule,"102% of Medicare Lab FS. ",288.54,,,,,,,Fee Schedule,"102% of Medicare Lab FS. ",288.54,,,,,,,Fee Schedule,"102% of Medicare Lab FS. ",254.59,,,,,,,Fee schedule,"90 Percent of Medicare RBRVS. ",,,,,,,,Fee Schedule,225% of NYS APG. Lesser of 100% of billed charges applies.,,,,,,,,Fee Schedule,225% of NYS APG. Lesser of 100% of billed charges applies.,,,,,,,,Fee Schedule,225% of NYS APG. Lesser of 100% of billed charges applies.,,,,,,,,Fee Schedule,225% of NYS APG. Lesser of 100% of billed charges applies.,,,,,,,,Fee Schedule,225% of NYS APG. Lesser of 100% of billed charges applies.,288.54,,,,,,,Fee Schedule,"102% of Medicare Lab FS. ",,,,,,,,Other,"100 Percent of Medicaid APG. ",,,,,,,,Fee Schedule,100% Medicaid Fee Schedule. Lesser of 100% of billed charges applies.,,,,,,,,Fee Schedule,225% of NYS APG. Lesser of 100% of billed charges applies.,,,,,,,,Fee Schedule,225% of NYS APG. Lesser of 100% of billed charges applies.,,,,,,,,Fee Schedule,100% Medicaid Fee Schedule. Lesser of 100% of billed charges applies.,,,,,,,,Fee Schedule,100% Medicaid Fee Schedule. Lesser of 100% of billed charges applies.,452.61,,,,,,,Fee Schedule,"160 Percent of Medicare Laboratory. ",282.88,,,,,,,Fee Schedule,"100% Medicare Lab FS. ",282.88,,,,,,,Fee Schedule,"100% Medicare Lab FS. ",710.03,,,,,,,Fee Schedule,"251.000424208145 % Medicare Physician FS TC Rates Only. ",282.88,,,,,,,Fee Schedule,"100% Medicare Lab FS. ",,,,,,,,Fee Schedule,"225 Percent of Medicaid APG. ",,,,,,,,Fee Schedule,"225 Percent of Medicaid APG. ",254.59,,,,,,,Fee schedule,"90 Percent of Medicare RBRVS. ",254.59,,,,,,,Fee schedule,"90 Percent of Medicare RBRVS. ",,,,,,,,Case Rate,Not Payable. Covered services not payable under Medicaid Fee Schedules default to a payment of 87.5 percent of charges.,254.59,,,,,,,Fee schedule,90 Percent of Medicare Laboratory. Covered services not payable under Medicaid Fee Schedules default to a payment of 50 percent of charges.,,,,,,,,Other,"100 Percent of Medicaid APG. ",,,,,,,,Other,"100 Percent of Medicaid APG. ",,,,,,,,Other,"100 Percent of Medicaid APG. ",,,,,,,,Other,"100 Percent of Medicaid APG. ",2882.55,,,,,,,Fee Schedule,"1019 % Manhattan Facility Rate. ",3560.98,50,,,,,0,percent of total billed charges,50 percent of billed charges; No services were performed during the 15 month look back period.,,,,,,,,Other,"120 Percent of Medicaid APG. Not APG payable, or payable under another fee schedule like ASP/AWP pays at 30% of charges",,,,,,,,Other,"120 Percent of Medicaid APG. Not APG payable, or payable under another fee schedule like ASP/AWP pays at 30% of charges",,,,,,,,Other,"100 Percent of Medicaid APG. Not APG payable, or payable under another fee schedule like ASP/AWP pays at 30% of charges",,,,,,,,Other,"100 Percent of Medicaid APG. Not APG payable, or payable under another fee schedule like ASP/AWP pays at 30% of charges",673.25,,,,,,,Fee Schedule,"238 % BCBS Standard HMO. ",673.25,,,,,,,Fee Schedule,"238 % BCBS Standard HMO. ",282.88,,,,,,,Fee Schedule,"100% Medicare Lab FS. ",673.25,,,,,,,Fee Schedule,"238 % BCBS Standard HMO. ",673.25,,,,,,,Fee Schedule,"238 % BCBS Standard HMO. ",673.25,,,,,,,Fee Schedule,"238 % BCBS Standard HMO. ",673.25,,,,,,,Fee Schedule,"238 % BCBS Standard HMO. ",282.88,,,,,,,Fee Schedule,"100% Medicare Lab FS. ",673.25,,,,,,,Fee Schedule,"238 % BCBS Standard HMO. ",673.25,,,,,,,Fee Schedule,"238 % BCBS Standard HMO. ",710.03,,,,,,,Fee Schedule,"251.000424208145 % Medicare Physician FS TC Rates Only. ",,,,,,,,Fee Schedule,110% of APG. Lesser of 100% of billed charges applies.,254.59,,,,,,,Fee schedule,90 Percent of Medicare Laboratory. Covered services not payable under Medicaid Fee Schedules default to a payment of 50 percent of charges.,,,,,,,,Fee Schedule,225% of NYS APG. Lesser of 100% of billed charges applies.,,,,,,,,Case Rate,Not Payable. Covered services not payable under Medicaid Fee Schedules default to a payment of 87.5 percent of charges.,254.59,,,,,,,Fee schedule,90 Percent of Medicare Laboratory. Covered services not payable under Medicaid Fee Schedules default to a payment of 50 percent of charges.,,,,,,,,Fee Schedule,225% of NYS APG. Lesser of 100% of billed charges applies.,,,,,,,,Fee Schedule,225% of NYS APG. Lesser of 100% of billed charges applies.,,,,,,,,Fee Schedule,225% of NYS APG. Lesser of 100% of billed charges applies.,,,,,,,,Fee Schedule,225% of NYS APG. Lesser of 100% of billed charges applies.,,,,,,,,Fee Schedule,225% of NYS APG. Lesser of 100% of billed charges applies.,,,,,,,,Fee Schedule,225% of NYS APG. Lesser of 100% of billed charges applies.,,,,,,,,,"NA. ",,,,,,,,,"NA. ",,,,,,,,,"NA. ",4273.176,60,,,,,0,percent of total billed charges,60 percent of billed charges; No services were performed during the 15 month look back period.,,,,,,,,,"NA. ",282.88,,,,,,,Fee Schedule,"100% Medicare Lab FS. ",282.88,,,,,,,Fee Schedule,"100 % 1199 Fee Schedule. ",282.88,,,,,,,Fee Schedule,"100% Medicare Lab FS. ",282.88,,,,,,,Fee Schedule,"100% Medicare Lab FS. ",,,,,,,,Other,"120 Percent of Medicaid APG. Not APG payable, or payable under another fee schedule like ASP/AWP pays at 30% of charges",,,,,,,,Other,"120 Percent of Medicaid APG. Not APG payable, or payable under another fee schedule like ASP/AWP pays at 30% of charges",,,,,,,,Other,"100 Percent of Medicaid APG. Not APG payable, or payable under another fee schedule like ASP/AWP pays at 30% of charges",,,,,,,,Other,"100 Percent of Medicaid APG. Not APG payable, or payable under another fee schedule like ASP/AWP pays at 30% of charges",,,,,,,,Other,"100 Percent of Medicaid APG. ",613.85,,,,,,,Fee Schedule,"217 % Medicare RBRVS. ",710.03,,,,,,,Fee Schedule,"251.000424208145 % Medicare Physician FS TC Rates Only. ",721.34,,,,,,,Fee Schedule,"255 % Medicare RBRVS. ",4273.176,60,,,,,0,percent of total billed charges,60 percent of billed charges; No services were performed during the 15 month look back period.,282.88,,,,,,,Fee Schedule,"100% Medicare Lab FS. ",282.88,,,,,,,Fee Schedule,"100% Medicare Lab FS. ",282.88,,,,,,,Fee Schedule,"100% Medicare Lab FS. ",282.88,,,,,,,Fee Schedule,"100% Medicare Lab FS. ",282.88,,,,,,,Fee Schedule,"100% Medicare Lab FS. ",282.88,,,,,,,Fee Schedule,"100% Medicare Lab FS. ",,,,,,,,,"NA. ",,,,,,,,Fee Schedule,225% of NYS APG. Lesser of 100% of billed charges applies.,,,,,,,,Fee Schedule,100% Medicaid Fee Schedule. Lesser of 100% of billed charges applies.,673.25,,,,,,,Fee Schedule,"238 % BCBS Standard HMO. ",613.85,,,,,,,Fee Schedule,"217 % Medicare RBRVS. ",613.85,,,,,,,Fee Schedule,"217 % Medicare RBRVS. ",613.85,,,,,,,Fee Schedule,"217 % Medicare RBRVS. ",613.85,,,,,,,Fee Schedule,"217 % Medicare RBRVS. ",282.88,,,,,,,Fee Schedule,"100% Medicare Lab FS. ",,,,,,,,Other,"100 Percent of Medicaid APG. ",673.25,,,,,,,Fee Schedule,"238 % BCBS Standard HMO. ",,,,,,,,Other,"100 Percent of Medicaid APG. ",282.88,,,,,,,Fee Schedule,"100% Medicare Lab FS. ",,,,,,,,Other,"100 Percent of Medicaid APG. ",282.88,,,,,,,Fee Schedule,"100% Medicare Lab FS. ",282.88,,,,,,,Fee Schedule,"100% Medicare Lab FS. ",,,,,,,,Other,"100 Percent of Medicaid APG. ",,,,,,,,Other,"100 Percent of Medicaid APG. ",613.85,,,,,,,Fee Schedule,"217 % Medicare RBRVS. ",4273.176,60,,,,,0,percent of total billed charges,60 percent of billed charges; No services were performed during the 15 month look back period.,5555.1288,78,,,,,0,percent of total billed charges,78% of Billed Charges. Lesser of 100% of billed charges applies.; No services were performed during the 15 month look back period.,282.88,,,,,,,Fee Schedule,"100 % 2019 CMS Clinical Lab National Limit Pub 20190115. ",282.88,,,,,,,Fee Schedule,"100 % 2019 CMS Clinical Lab National Limit Pub 20190115. ",710.03,,,,,,,Fee Schedule,"251.000424208145 % Medicare Physician FS TC Rates Only. ",277.22,,,,,,,Fee Schedule,"98% Lab FS. ",545.96,,,,,,,Fee Schedule,"193 % Medicare RBRVS. ",545.96,,,,,,,Fee Schedule,"193 % Medicare RBRVS. ",538.6,,,,,,,Fee Schedule,"190.4 % BCBS Standard HMO. ",538.6,,,,,,,Fee Schedule,"190.4 % BCBS Standard HMO. ",282.88,,,,,,,Fee Schedule,"100% Medicare Lab FS. ",282.88,,,,,,,Fee Schedule,"100% Medicare Lab FS. ",282.88,,,,,,,Fee Schedule,"100% Medicare Lab FS. ",282.88,,,,,,,Fee Schedule,"100% Medicare Lab FS. ",282.88,,,,,,,Fee Schedule,"100 % 2019 CMS Clinical Lab National Limit Pub 20190115. ",673.25,,,,,,,Fee Schedule,"238 % BCBS Standard HMO. ",673.25,,,,,,,Fee Schedule,"238 % BCBS Standard HMO. ",282.88,,,,,,,Fee Schedule,"100% Medicare Lab FS. ",538.6,,,,,,,Fee Schedule,"190.4 % BCBS Standard HMO. ",721.34,,,,,,,Fee Schedule,"255 % Medicare RBRVS. ",,,,,,,,Fee Schedule,"120 Percent of Medicaid APG. ",,,,,,,,Other,"100 Percent of Medicaid APG. ",613.85,,,,,,,Fee Schedule,"217 % Medicare RBRVS. ",605.93,,,,,,,Fee Schedule,"214.2 % BCBS Standard HMO. ",605.93,,,,,,,Fee Schedule,"214.2 % BCBS Standard HMO. ",673.25,,,,,,,Fee Schedule,"238 % BCBS Standard HMO. ",3560.98,50,,,,,0,percent of total billed charges,50 percent of billed charges; No services were performed during the 15 month look back period.,282.88,,,,,,,Fee Schedule,"100% Medicare Lab FS. ",,,,,,,,Fee Schedule,"Not payable. ",,,,,,,,Fee Schedule,"Not payable. ",,,,,,,,Fee Schedule,"Not payable. ",,,,,,,,Fee Schedule,"Not payable. ",282.88,,,,,,,Fee Schedule,"100 % 2019 CMS Clinical Lab National Limit Pub 20190115. ",,,,,,,,Fee Schedule,"Not payable. ",,,,,,,,Fee Schedule,"Not payable. ",,,,,,,,Fee Schedule,"Not payable. ",,,,,,,,Fee Schedule,"Not payable. ",,,,,,,,Fee Schedule,"Not payable. ",,,,,,,,Fee Schedule,"Not payable. ",,,,,,,,Fee Schedule,"Not payable. ",282.88,,,,,,,Fee Schedule,"100% Medicare Lab FS. ",282.88,,,,,,,Fee Schedule,"100 % 2019 CMS Clinical Lab National Limit Pub 20190115. ",282.88,,,,,,,Fee Schedule,"100% Medicare Lab FS. ",,,,,,,,Fee Schedule,"Not payable. ",673.25,,,,,,,Fee Schedule,"238 % BCBS Standard HMO. ",282.88,,,,,,,Fee Schedule,"100% Medicare Lab FS. ",673.25,,,,,,,Fee Schedule,"238 % BCBS Standard HMO. ",673.25,,,,,,,Fee Schedule,"238 % BCBS Standard HMO. ",673.25,,,,,,,Fee Schedule,"238 % BCBS Standard HMO. ",,,,,,,,Fee Schedule,"Not payable. ",282.88,,,,,,,Fee Schedule,"100% Medicare Lab FS. ",673.25,,,,,,,Fee Schedule,"238 % BCBS Standard HMO. ",,,,,,,,Fee Schedule,"Not payable. ",673.25,,,,,,,Fee Schedule,"238 % BCBS Standard HMO. ",424.32,,,,,,,Fee Schedule,"150% of Medicare Lab FS. ",282.88,,,,,,,Fee Schedule,"100% Medicare Lab FS. ",613.85,,,,,,,Fee Schedule,"217 % Medicare RBRVS. ",613.85,,,,,,,Fee Schedule,"217 % Medicare RBRVS. ",613.85,,,,,,,Fee Schedule,"217 % Medicare RBRVS. ",613.85,,,,,,,Fee Schedule,"217 % Medicare RBRVS. ",613.85,,,,,,,Fee Schedule,"217 % Medicare RBRVS. ",721.34,,,,,,,Fee Schedule,"255 % Medicare RBRVS. ",721.34,,,,,,,Fee Schedule,"255 % Medicare RBRVS. ",613.85,,,,,,,Fee Schedule,"217 % Medicare RBRVS. ",613.85,,,,,,,Fee Schedule,"217 % Medicare RBRVS. ",613.85,,,,,,,Fee Schedule,"217 % Medicare RBRVS. ",613.85,,,,,,,Fee Schedule,"217 % Medicare RBRVS. ",613.85,,,,,,,Fee Schedule,"217 % Medicare RBRVS. ",282.88,,,,,,,Fee Schedule,"100% Medicare Lab FS. ",721.34,,,,,,,Fee Schedule,"255 % Medicare RBRVS. ",282.88,,,,,,,Fee Schedule,"100% Medicare Lab FS. ",,,,,,,,Other,"225 Percent of Medicaid APG. If not included in Medicaid APG, then 100 Percent of Manhattan Medicare",,,,,,,,Other,"100 Percent of Medicaid APG. If not priced under APG, then Metroplus FeeSched",282.88,,,,,,,Fee Schedule,"100 % 2019 CMS Clinical Lab National Limit Pub 20190115. ",282.88,,,,,,,Fee Schedule,"100 % 2019 CMS Clinical Lab National Limit Pub 20190115. ",282.88,,,,,,,Fee Schedule,"100% Medicare Lab FS. ",545.96,,,,,,,Fee Schedule,"193 % Medicare RBRVS. ",282.88,,,,,,,Fee Schedule,"100% Medicare Lab FS. ",282.88,,,,,,,Fee Schedule,"100% Medicare Lab FS. ",710.03,,,,,,,Fee Schedule,"251.000424208145 % Medicare Physician FS TC Rates Only. ",282.88,,,,,,,Fee Schedule,"100% Medicare Lab FS. ",4273.176,60,,,,,0,percent of total billed charges,60 percent of billed charges; No services were performed during the 15 month look back period.,282.88,,,,,,,Fee Schedule,"100% Medicare Lab FS. ",4273.176,60,,,,,0,percent of total billed charges,60 percent of billed charges; No services were performed during the 15 month look back period.,710.03,,,,,,,Fee Schedule,"251.000424208145 % Medicare Physician FS TC Rates Only. ",4273.176,60,,,,,0,percent of total billed charges,60 percent of billed charges; No services were performed during the 15 month look back period.,282.88,,,,,,,Fee Schedule,"100% Medicare Lab FS. ",,,,,,,,Other,"100 Percent of Medicaid APG. ",282.88,,,,,,,Fee Schedule,"100% Medicare Lab FS. ",4273.176,60,,,,,0,percent of total billed charges,60 percent of billed charges; No services were performed during the 15 month look back period.,282.88,,,,,,,Fee Schedule,"100 % 2019 CMS Clinical Lab National Limit Pub 20190115. ",,,,,,,,Other,"100 Percent of Medicaid APG. ",673.25,,,,,,,Fee Schedule,"238 % BCBS Standard HMO. ",,,,,,,,Fee Schedule,"120 Percent of Medicaid APG. ",,,,,,,,Fee Schedule,"120 Percent of Medicaid APG. ",673.25,,,,,,,Fee Schedule,"238 % BCBS Standard HMO. ",673.25,,,,,,,Fee Schedule,"238 % BCBS Standard HMO. ",673.25,,,,,,,Fee Schedule,"238 % BCBS Standard HMO. ",282.88,,,,,,,Fee Schedule,"100 % 2019 CMS Clinical Lab National Limit Pub 20190115. ",673.25,,,,,,,Fee Schedule,"238 % BCBS Standard HMO. ",673.25,,,,,,,Fee Schedule,"238 % BCBS Standard HMO. ",673.25,,,,,,,Fee Schedule,"238 % BCBS Standard HMO. ",613.85,,,,,,,Fee Schedule,"217 % Medicare RBRVS. ",613.85,,,,,,,Fee Schedule,"217 % Medicare RBRVS. ",398.86,,,,,,,Fee Schedule,141 Percent of of Medicare Lab FS. Metroplus will reimburse unlisted codes and described codes with no Medicare rate at 50 percent of charges.,,,,,,,,Other,"100 Percent of Medicaid APG. ",282.88,,,,,,,Fee Schedule,"100 % 2019 CMS Clinical Lab National Limit Pub 20190115. ",4273.176,60,,,,,0,percent of total billed charges,60 percent of billed charges; No services were performed during the 15 month look back period.,710.03,,,,,,,Fee Schedule,"251.000424208145 % Medicare Physician FS TC Rates Only. ",282.88,,,,,,,Fee Schedule,"100 % 2019 CMS Clinical Lab National Limit Pub 20190115. ",710.03,,,,,,,Fee Schedule,"251.000424208145 % Medicare Physician FS TC Rates Only. ",282.88,,,,,,,Fee Schedule,"100 % 2019 CMS Clinical Lab National Limit Pub 20190115. ",673.25,,,,,,,Fee Schedule,"238 % BCBS Standard HMO. ",673.25,,,,,,,Fee Schedule,"238 % BCBS Standard HMO. ",673.25,,,,,,,Fee Schedule,"238 % BCBS Standard HMO. ",673.25,,,,,,,Fee Schedule,"238 % BCBS Standard HMO. ",282.88,,,,,,,Fee Schedule,"100% Medicare Lab FS. ",254.59,7121.96,
81168,CPT,2027072,LOCAL,310,RC,HC CCND1/IGH TRANSLOCATION ALYS,3007.75,248.77,both,,,,207.31,,,,,,,Fee Schedule,"100 % 1199 Fee Schedule. ",207.31,,,,,,,Fee Schedule,"100 % 1199 Fee Schedule. ",520.35,,,,,,,Fee Schedule,"251.000916501857 % Medicare Physician FS TC Rates Only. ",3007.75,100,,,,,0,percent of total billed charges,100 percent of billed charges. ; No services were performed during the 15 month look back period.,207.31,,,,,,,Fee Schedule,"100% Medicare Lab FS. ",520.35,,,,,,,Fee Schedule,"251.000916501857 % Medicare Physician FS TC Rates Only. ",520.35,,,,,,,Fee Schedule,"251.000916501857 % Medicare Physician FS TC Rates Only. ",520.35,,,,,,,Fee Schedule,"251.000916501857 % Medicare Physician FS TC Rates Only. ",,,,,,,,Other,"100 Percent of Medicaid APG. ",,,,,,,,Other,"100 Percent of Medicaid APG. ",2346.045,78,,,,,0,percent of total billed charges,78% of Billed Charges. Lesser of 100% of billed charges applies.; No services were performed during the 15 month look back period.,207.31,,,,,,,Fee Schedule,"100 % 2021 CMS Clinical Lab National Limit Pub 20201228. ",,,,,,,,Other,"100 Percent of Medicaid APG. ",207.31,,,,,,,Fee Schedule,"100% Medicare Lab FS. ",1804.65,60,,,,,0,percent of total billed charges,60 percent of billed charges; No services were performed during the 15 month look back period.,1804.65,60,,,,,0,percent of total billed charges,60 percent of billed charges; No services were performed during the 15 month look back period.,1804.65,60,,,,,0,percent of total billed charges,60 percent of billed charges; No services were performed during the 15 month look back period.,1804.65,60,,,,,0,percent of total billed charges,60 percent of billed charges; No services were performed during the 15 month look back period.,186.58,,,,,,,Fee schedule,90 Percent of Medicare Laboratory. Covered services not payable under Medicaid Fee Schedules default to a payment of 50 percent of charges.,207.31,,,,,,,Fee Schedule,"100% Medicare Lab FS. ",186.58,,,,,,,Fee schedule,90 Percent of Medicare Laboratory. Covered services not payable under Medicaid Fee Schedules default to a payment of 50 percent of charges.,2346.045,78,,,,,0,percent of total billed charges,78% of Billed Charges. Lesser of 100% of billed charges applies.; No services were performed during the 15 month look back period.,520.35,,,,,,,Fee Schedule,"251.000916501857 % Medicare Physician FS TC Rates Only. ",207.31,,,,,,,Fee Schedule,"100% Medicare Lab FS. ",528.64,,,,,,,Fee Schedule,"255 % Medicare RBRVS. ",207.31,,,,,,,Fee Schedule,"100% Medicare Lab FS. ",207.31,,,,,,,Fee Schedule,"100% Medicare Lab FS. ",2346.045,78,,,,,0,percent of total billed charges,78% of Billed Charges. Lesser of 100% of billed charges applies.; No services were performed during the 15 month look back period.,125.63,,,,,,,Fee Schedule,100% Medicaid Fee Schedule. Lesser of 100% of billed charges applies.,125.63,,,,,,,Fee Schedule,100% Medicaid Fee Schedule. Lesser of 100% of billed charges applies.,186.58,,,,,,,Fee schedule,"90 Percent of Medicare RBRVS. ",186.58,,,,,,,Fee schedule,"90 Percent of Medicare RBRVS. ",528.64,,,,,,,Fee Schedule,"255 % Medicare RBRVS. ",528.64,,,,,,,Fee Schedule,"255 % Medicare RBRVS. ",,,,,,,,Other,"100 Percent of Medicaid APG. Not APG payable, or payable under another fee schedule like ASP/AWP pays at 30% of charges",528.64,,,,,,,Fee Schedule,"255 % Medicare RBRVS. ",,,,,,,,Other,"100 Percent of Medicaid APG. Not APG payable, or payable under another fee schedule like ASP/AWP pays at 30% of charges",207.31,,,,,,,Fee Schedule,"100% Medicare Lab FS. ",528.64,,,,,,,Fee Schedule,"255 % Medicare RBRVS. ",2346.045,78,,,,,0,percent of total billed charges,78% of Billed Charges. Lesser of 100% of billed charges applies.; No services were performed during the 15 month look back period.,,,,,,,,Other,"100 Percent of Medicaid APG. If not priced under APG, then Metroplus FeeSched",,,,,,,,Other,"100 Percent of Medicaid APG. If not priced under APG, then Metroplus FeeSched",2346.045,78,,,,,0,percent of total billed charges,78% of Billed Charges. Lesser of 100% of billed charges applies.; No services were performed during the 15 month look back period.,1804.65,60,,,,,0,percent of total billed charges,60 percent of billed charges; No services were performed during the 15 month look back period.,207.31,,,,,,,Fee Schedule,"100 % 2021 CMS Clinical Lab National Limit Pub 20201228. ",207.31,,,,,,,Fee Schedule,"100 % 2021 CMS Clinical Lab National Limit Pub 20201228. ",2346.045,78,,,,,0,percent of total billed charges,78% of Billed Charges. Lesser of 100% of billed charges applies.; No services were performed during the 15 month look back period.,207.31,,,,,,,Fee Schedule,"100% Medicare Lab FS. ",207.31,,,,,,,Fee Schedule,"100 % 2021 CMS Clinical Lab National Limit Pub 20201228. ",207.31,,,,,,,Fee Schedule,"100 % 2021 CMS Clinical Lab National Limit Pub 20201228. ",207.31,,,,,,,Fee Schedule,"100 % 2021 CMS Clinical Lab National Limit Pub 20201228. ",207.31,,,,,,,Fee Schedule,"100% Medicare Lab FS. ",207.31,,,,,,,Fee Schedule,"100 % 2021 CMS Clinical Lab National Limit Pub 20201228. ",207.31,,,,,,,Fee Schedule,"100 % 2021 CMS Clinical Lab National Limit Pub 20201228. ",207.31,,,,,,,Fee Schedule,"100% of Medicare Lab FS. ",1503.875,50,,,,,0,percent of total billed charges,50 percent of billed charges; No services were performed during the 15 month look back period.,394.72,,,,,,,Fee Schedule,"238 % BCBS Standard HMO. ",394.72,,,,,,,Fee Schedule,"238 % BCBS Standard HMO. ",394.72,,,,,,,Fee Schedule,"238 % BCBS Standard HMO. ",394.72,,,,,,,Fee Schedule,"238 % BCBS Standard HMO. ",394.72,,,,,,,Fee Schedule,"238 % BCBS Standard HMO. ",394.72,,,,,,,Fee Schedule,"238 % BCBS Standard HMO. ",207.31,,,,,,,Fee Schedule,"100% Medicare Lab FS. ",207.31,,,,,,,Fee Schedule,"100% Medicare Lab FS. ",394.72,,,,,,,Fee Schedule,"238 % BCBS Standard HMO. ",2346.045,78,,,,,0,percent of total billed charges,78% of Billed Charges. Lesser of 100% of billed charges applies.; No services were performed during the 15 month look back period.,2346.045,78,,,,,0,percent of total billed charges,78% of Billed Charges. Lesser of 100% of billed charges applies.; No services were performed during the 15 month look back period.,2346.045,78,,,,,0,percent of total billed charges,78% of Billed Charges. Lesser of 100% of billed charges applies.; No services were performed during the 15 month look back period.,2346.045,78,,,,,0,percent of total billed charges,78% of Billed Charges. Lesser of 100% of billed charges applies.; No services were performed during the 15 month look back period.,2346.045,78,,,,,0,percent of total billed charges,78% of Billed Charges. Lesser of 100% of billed charges applies.; No services were performed during the 15 month look back period.,2346.045,78,,,,,0,percent of total billed charges,78% of Billed Charges. Lesser of 100% of billed charges applies.; No services were performed during the 15 month look back period.,2346.045,78,,,,,0,percent of total billed charges,78% of Billed Charges. Lesser of 100% of billed charges applies.; No services were performed during the 15 month look back period.,2346.045,78,,,,,0,percent of total billed charges,78% of Billed Charges. Lesser of 100% of billed charges applies.; No services were performed during the 15 month look back period.,2346.045,78,,,,,0,percent of total billed charges,78% of Billed Charges. Lesser of 100% of billed charges applies.; No services were performed during the 15 month look back period.,2346.045,78,,,,,0,percent of total billed charges,78% of Billed Charges. Lesser of 100% of billed charges applies.; No services were performed during the 15 month look back period.,2346.045,78,,,,,0,percent of total billed charges,78% of Billed Charges. Lesser of 100% of billed charges applies.; No services were performed during the 15 month look back period.,2346.045,78,,,,,0,percent of total billed charges,78% of Billed Charges. Lesser of 100% of billed charges applies.; No services were performed during the 15 month look back period.,2346.045,78,,,,,0,percent of total billed charges,78% of Billed Charges. Lesser of 100% of billed charges applies.; No services were performed during the 15 month look back period.,2346.045,78,,,,,0,percent of total billed charges,78% of Billed Charges. Lesser of 100% of billed charges applies.; No services were performed during the 15 month look back period.,2346.045,78,,,,,0,percent of total billed charges,78% of Billed Charges. Lesser of 100% of billed charges applies.; No services were performed during the 15 month look back period.,2346.045,78,,,,,0,percent of total billed charges,78% of Billed Charges. Lesser of 100% of billed charges applies.; No services were performed during the 15 month look back period.,2346.045,78,,,,,0,percent of total billed charges,78% of Billed Charges. Lesser of 100% of billed charges applies.; No services were performed during the 15 month look back period.,2346.045,78,,,,,0,percent of total billed charges,78% of Billed Charges. Lesser of 100% of billed charges applies.; No services were performed during the 15 month look back period.,2346.045,78,,,,,0,percent of total billed charges,78% of Billed Charges. Lesser of 100% of billed charges applies.; No services were performed during the 15 month look back period.,2346.045,78,,,,,0,percent of total billed charges,78% of Billed Charges. Lesser of 100% of billed charges applies.; No services were performed during the 15 month look back period.,2346.045,78,,,,,0,percent of total billed charges,78% of Billed Charges. Lesser of 100% of billed charges applies.; No services were performed during the 15 month look back period.,2346.045,78,,,,,0,percent of total billed charges,78% of Billed Charges. Lesser of 100% of billed charges applies.; No services were performed during the 15 month look back period.,2346.045,78,,,,,0,percent of total billed charges,78% of Billed Charges. Lesser of 100% of billed charges applies.; No services were performed during the 15 month look back period.,2346.045,78,,,,,0,percent of total billed charges,78% of Billed Charges. Lesser of 100% of billed charges applies.; No services were performed during the 15 month look back period.,2346.045,78,,,,,0,percent of total billed charges,78% of Billed Charges. Lesser of 100% of billed charges applies.; No services were performed during the 15 month look back period.,2346.045,78,,,,,0,percent of total billed charges,78% of Billed Charges. Lesser of 100% of billed charges applies.; No services were performed during the 15 month look back period.,528.64,,,,,,,Fee Schedule,"255 % Medicare RBRVS. ",528.64,,,,,,,Fee Schedule,"255 % Medicare RBRVS. ",528.64,,,,,,,Fee Schedule,"255 % Medicare RBRVS. ",528.64,,,,,,,Fee Schedule,"255 % Medicare RBRVS. ",400.11,,,,,,,Fee Schedule,"193 % Medicare RBRVS. ",400.11,,,,,,,Fee Schedule,"193 % Medicare RBRVS. ",1804.65,60,,,,,0,percent of total billed charges,60 percent of billed charges; No services were performed during the 15 month look back period.,394.72,,,,,,,Fee Schedule,"238 % BCBS Standard HMO. ",207.31,,,,,,,Fee Schedule,"100 % 2021 CMS Clinical Lab National Limit Pub 20201228. ",394.72,,,,,,,Fee Schedule,"238 % BCBS Standard HMO. ",2346.045,78,,,,,0,percent of total billed charges,78% of Billed Charges. Lesser of 100% of billed charges applies.; No services were performed during the 15 month look back period.,400.11,,,,,,,Fee Schedule,"193 % Medicare RBRVS. ",394.72,,,,,,,Fee Schedule,"238 % BCBS Standard HMO. ",207.31,,,,,,,Fee Schedule,"100 % 2021 CMS Clinical Lab National Limit Pub 20201228. ",1804.65,60,,,,,0,percent of total billed charges,60 percent of billed charges; No services were performed during the 15 month look back period.,,,,,,,,,"NA. ",2346.045,78,,,,,0,percent of total billed charges,78% of Billed Charges. Lesser of 100% of billed charges applies.; No services were performed during the 15 month look back period.,,,,,,,,Other,"100 Percent of Medicaid APG. ",528.64,,,,,,,Fee Schedule,"255 % Medicare RBRVS. ",,,,,,,,Other,"100 Percent of Medicaid APG. Not APG payable, or payable under another fee schedule like ASP/AWP pays at 30% of charges",207.31,,,,,,,Fee Schedule,"100% Medicare Lab FS. ",207.31,,,,,,,Fee Schedule,"100% Medicare Lab FS. ",1503.875,50,,,,,0,percent of total billed charges,50 percent of billed charges; No services were performed during the 15 month look back period.,207.31,,,,,,,Fee Schedule,"100% Medicare Lab FS. ",207.31,,,,,,,Fee Schedule,"100% Medicare Lab FS. ",,,,,,,,Other,"100 Percent of Medicaid APG. ",207.31,,,,,,,Fee Schedule,"100% Medicare Lab FS. ",207.31,,,,,,,Fee Schedule,"100% Medicare Lab FS. ",520.35,,,,,,,Fee Schedule,"251.000916501857 % Medicare Physician FS TC Rates Only. ",520.35,,,,,,,Fee Schedule,"251.000916501857 % Medicare Physician FS TC Rates Only. ",207.31,,,,,,,Fee Schedule,"100% Medicare Lab FS. ",1804.65,60,,,,,0,percent of total billed charges,60 percent of billed charges; No services were performed during the 15 month look back period.,207.31,,,,,,,Fee Schedule,"100 % 2021 CMS Clinical Lab National Limit Pub 20201228. ",207.31,,,,,,,Fee Schedule,"100 % 2021 CMS Clinical Lab National Limit Pub 20201228. ",207.31,,,,,,,Fee Schedule,"100% Medicare Lab FS. ",1804.65,60,,,,,0,percent of total billed charges,60 percent of billed charges; No services were performed during the 15 month look back period.,520.35,,,,,,,Fee Schedule,"251.000916501857 % Medicare Physician FS TC Rates Only. ",520.35,,,,,,,Fee Schedule,"251.000916501857 % Medicare Physician FS TC Rates Only. ",520.35,,,,,,,Fee Schedule,"251.000916501857 % Medicare Physician FS TC Rates Only. ",2346.045,78,,,,,0,percent of total billed charges,78% of Billed Charges. Lesser of 100% of billed charges applies.; No services were performed during the 15 month look back period.,2346.045,78,,,,,0,percent of total billed charges,78% of Billed Charges. Lesser of 100% of billed charges applies.; No services were performed during the 15 month look back period.,2346.045,78,,,,,0,percent of total billed charges,78% of Billed Charges. Lesser of 100% of billed charges applies.; No services were performed during the 15 month look back period.,2346.045,78,,,,,0,percent of total billed charges,78% of Billed Charges. Lesser of 100% of billed charges applies.; No services were performed during the 15 month look back period.,2346.045,78,,,,,0,percent of total billed charges,78% of Billed Charges. Lesser of 100% of billed charges applies.; No services were performed during the 15 month look back period.,2346.045,78,,,,,0,percent of total billed charges,78% of Billed Charges. Lesser of 100% of billed charges applies.; No services were performed during the 15 month look back period.,2346.045,78,,,,,0,percent of total billed charges,78% of Billed Charges. Lesser of 100% of billed charges applies.; No services were performed during the 15 month look back period.,2346.045,78,,,,,0,percent of total billed charges,78% of Billed Charges. Lesser of 100% of billed charges applies.; No services were performed during the 15 month look back period.,2346.045,78,,,,,0,percent of total billed charges,78% of Billed Charges. Lesser of 100% of billed charges applies.; No services were performed during the 15 month look back period.,2346.045,78,,,,,0,percent of total billed charges,78% of Billed Charges. Lesser of 100% of billed charges applies.; No services were performed during the 15 month look back period.,2346.045,78,,,,,0,percent of total billed charges,78% of Billed Charges. Lesser of 100% of billed charges applies.; No services were performed during the 15 month look back period.,400.11,,,,,,,Fee Schedule,"193 % Medicare RBRVS. ",394.72,,,,,,,Fee Schedule,"238 % BCBS Standard HMO. ",1804.65,60,,,,,0,percent of total billed charges,60 percent of billed charges; No services were performed during the 15 month look back period.,207.31,,,,,,,Fee Schedule,"100% Medicare Lab FS. ",520.35,,,,,,,Fee Schedule,"251.000916501857 % Medicare Physician FS TC Rates Only. ",1804.65,60,,,,,0,percent of total billed charges,60 percent of billed charges; No services were performed during the 15 month look back period.,1804.65,60,,,,,0,percent of total billed charges,60 percent of billed charges; No services were performed during the 15 month look back period.,2346.045,78,,,,,0,percent of total billed charges,78% of Billed Charges. Lesser of 100% of billed charges applies.; No services were performed during the 15 month look back period.,,,,,,,,Other,"Not payable. ",1804.65,60,,,,,0,percent of total billed charges,60 percent of billed charges; No services were performed during the 15 month look back period.,,,,,,,,Other,"100 Percent of Medicaid APG. ",207.31,,,,,,,Fee Schedule,"100% Medicare Lab FS. ",207.31,,,,,,,Fee Schedule,"100% Medicare Lab FS. ",207.31,,,,,,,Fee Schedule,"100% Medicare Lab FS. ",207.31,,,,,,,Fee Schedule,"100% Medicare Lab FS. ",207.31,,,,,,,Fee Schedule,"100% Medicare Lab FS. ",207.31,,,,,,,Fee Schedule,"100% Medicare Lab FS. ",1804.65,60,,,,,0,percent of total billed charges,60 percent of billed charges; No services were performed during the 15 month look back period.,1503.875,50,,,,,0,percent of total billed charges,50 percent of billed charges; No services were performed during the 15 month look back period.,331.7,,,,,,,Fee Schedule,"160 Percent of Medicare Laboratory. ",331.7,,,,,,,Fee Schedule,"160 Percent of Medicare Laboratory. ",331.7,,,,,,,Fee Schedule,"160 Percent of Medicare Laboratory. ",331.7,,,,,,,Fee Schedule,"160 Percent of Medicare Laboratory. ",331.7,,,,,,,Fee Schedule,"160 Percent of Medicare Laboratory. ",,,,,,,,,"NA. ",1503.875,50,,,,,0,percent of total billed charges,50 percent of billed charges; No services were performed during the 15 month look back period.,292.31,,,,,,,Fee Schedule,141 Percent of of Medicare Lab FS. Metroplus will reimburse unlisted codes and described codes with no Medicare rate at 50 percent of charges.,292.31,,,,,,,Fee Schedule,141 Percent of of Medicare Lab FS. Metroplus will reimburse unlisted codes and described codes with no Medicare rate at 50 percent of charges.,292.31,,,,,,,Fee Schedule,141 Percent of of Medicare Lab FS. Metroplus will reimburse unlisted codes and described codes with no Medicare rate at 50 percent of charges.,292.31,,,,,,,Fee Schedule,141 Percent of of Medicare Lab FS. Metroplus will reimburse unlisted codes and described codes with no Medicare rate at 50 percent of charges.,292.31,,,,,,,Fee Schedule,141 Percent of of Medicare Lab FS. Metroplus will reimburse unlisted codes and described codes with no Medicare rate at 50 percent of charges.,207.31,,,,,,,Fee Schedule,"100% Medicare Lab FS. ",400.11,,,,,,,Fee Schedule,"193 % Medicare RBRVS. ",400.11,,,,,,,Fee Schedule,"193 % Medicare RBRVS. ",400.11,,,,,,,Fee Schedule,"193 % Medicare RBRVS. ",400.11,,,,,,,Fee Schedule,"193 % Medicare RBRVS. ",520.35,,,,,,,Fee Schedule,"251.000916501857 % Medicare Physician FS TC Rates Only. ",520.35,,,,,,,Fee Schedule,"251.000916501857 % Medicare Physician FS TC Rates Only. ",520.35,,,,,,,Fee Schedule,"251.000916501857 % Medicare Physician FS TC Rates Only. ",520.35,,,,,,,Fee Schedule,"251.000916501857 % Medicare Physician FS TC Rates Only. ",1503.875,50,,,,,0,percent of total billed charges,50 percent of billed charges; No services were performed during the 15 month look back period.,1503.875,50,,,,,0,percent of total billed charges,50 percent of billed charges; No services were performed during the 15 month look back period.,207.31,,,,,,,Fee Schedule,"100% Medicare Lab FS. ",207.31,,,,,,,Fee Schedule,"100% Medicare Lab FS. ",207.31,,,,,,,Fee Schedule,"100% Medicare Lab FS. ",394.72,,,,,,,Fee Schedule,"238 % BCBS Standard HMO. ",394.72,,,,,,,Fee Schedule,"238 % BCBS Standard HMO. ",394.72,,,,,,,Fee Schedule,"238 % BCBS Standard HMO. ",1503.875,50,,,,,0,percent of total billed charges,50 percent of billed charges; No services were performed during the 15 month look back period.,520.35,,,,,,,Fee Schedule,"251.000916501857 % Medicare Physician FS TC Rates Only. ",207.31,,,,,,,Fee Schedule,"100% Medicare Lab FS. ",394.72,,,,,,,Fee Schedule,"238 % BCBS Standard HMO. ",,,,,,,,Other,"100 Percent of Medicaid APG. ",211.46,,,,,,,Fee Schedule,"102% of Medicare Lab FS. ",211.46,,,,,,,Fee Schedule,"102% of Medicare Lab FS. ",211.46,,,,,,,Fee Schedule,"102% of Medicare Lab FS. ",186.58,,,,,,,Fee schedule,"90 Percent of Medicare RBRVS. ",,,,,,,,Fee Schedule,225% of NYS APG. Lesser of 100% of billed charges applies.,,,,,,,,Fee Schedule,225% of NYS APG. Lesser of 100% of billed charges applies.,,,,,,,,Fee Schedule,225% of NYS APG. Lesser of 100% of billed charges applies.,,,,,,,,Fee Schedule,225% of NYS APG. Lesser of 100% of billed charges applies.,,,,,,,,Fee Schedule,225% of NYS APG. Lesser of 100% of billed charges applies.,211.46,,,,,,,Fee Schedule,"102% of Medicare Lab FS. ",,,,,,,,Other,"100 Percent of Medicaid APG. ",125.63,,,,,,,Fee Schedule,100% Medicaid Fee Schedule. Lesser of 100% of billed charges applies.,,,,,,,,Fee Schedule,225% of NYS APG. Lesser of 100% of billed charges applies.,,,,,,,,Fee Schedule,225% of NYS APG. Lesser of 100% of billed charges applies.,125.63,,,,,,,Fee Schedule,100% Medicaid Fee Schedule. Lesser of 100% of billed charges applies.,125.63,,,,,,,Fee Schedule,100% Medicaid Fee Schedule. Lesser of 100% of billed charges applies.,331.7,,,,,,,Fee Schedule,"160 Percent of Medicare Laboratory. ",207.31,,,,,,,Fee Schedule,"100% Medicare Lab FS. ",207.31,,,,,,,Fee Schedule,"100% Medicare Lab FS. ",520.35,,,,,,,Fee Schedule,"251.000916501857 % Medicare Physician FS TC Rates Only. ",207.31,,,,,,,Fee Schedule,"100% Medicare Lab FS. ",,,,,,,,Fee Schedule,"225 Percent of Medicaid APG. ",,,,,,,,Fee Schedule,"225 Percent of Medicaid APG. ",186.58,,,,,,,Fee schedule,"90 Percent of Medicare RBRVS. ",186.58,,,,,,,Fee schedule,"90 Percent of Medicare RBRVS. ",,,,,,,,Case Rate,Not Payable. Covered services not payable under Medicaid Fee Schedules default to a payment of 87.5 percent of charges.,186.58,,,,,,,Fee schedule,90 Percent of Medicare Laboratory. Covered services not payable under Medicaid Fee Schedules default to a payment of 50 percent of charges.,,,,,,,,Other,"100 Percent of Medicaid APG. ",,,,,,,,Other,"100 Percent of Medicaid APG. ",,,,,,,,Other,"100 Percent of Medicaid APG. ",,,,,,,,Other,"100 Percent of Medicaid APG. ",2112.49,,,,,,,Fee Schedule,"1019 % Manhattan Facility Rate. ",1503.875,50,,,,,0,percent of total billed charges,50 percent of billed charges; No services were performed during the 15 month look back period.,,,,,,,,Other,"120 Percent of Medicaid APG. Not APG payable, or payable under another fee schedule like ASP/AWP pays at 30% of charges",,,,,,,,Other,"120 Percent of Medicaid APG. Not APG payable, or payable under another fee schedule like ASP/AWP pays at 30% of charges",,,,,,,,Other,"100 Percent of Medicaid APG. Not APG payable, or payable under another fee schedule like ASP/AWP pays at 30% of charges",,,,,,,,Other,"100 Percent of Medicaid APG. Not APG payable, or payable under another fee schedule like ASP/AWP pays at 30% of charges",394.72,,,,,,,Fee Schedule,"238 % BCBS Standard HMO. ",394.72,,,,,,,Fee Schedule,"238 % BCBS Standard HMO. ",207.31,,,,,,,Fee Schedule,"100% Medicare Lab FS. ",394.72,,,,,,,Fee Schedule,"238 % BCBS Standard HMO. ",394.72,,,,,,,Fee Schedule,"238 % BCBS Standard HMO. ",394.72,,,,,,,Fee Schedule,"238 % BCBS Standard HMO. ",394.72,,,,,,,Fee Schedule,"238 % BCBS Standard HMO. ",207.31,,,,,,,Fee Schedule,"100% Medicare Lab FS. ",394.72,,,,,,,Fee Schedule,"238 % BCBS Standard HMO. ",394.72,,,,,,,Fee Schedule,"238 % BCBS Standard HMO. ",520.35,,,,,,,Fee Schedule,"251.000916501857 % Medicare Physician FS TC Rates Only. ",,,,,,,,Fee Schedule,110% of APG. Lesser of 100% of billed charges applies.,186.58,,,,,,,Fee schedule,90 Percent of Medicare Laboratory. Covered services not payable under Medicaid Fee Schedules default to a payment of 50 percent of charges.,,,,,,,,Fee Schedule,225% of NYS APG. Lesser of 100% of billed charges applies.,,,,,,,,Case Rate,Not Payable. Covered services not payable under Medicaid Fee Schedules default to a payment of 87.5 percent of charges.,186.58,,,,,,,Fee schedule,90 Percent of Medicare Laboratory. Covered services not payable under Medicaid Fee Schedules default to a payment of 50 percent of charges.,,,,,,,,Fee Schedule,225% of NYS APG. Lesser of 100% of billed charges applies.,,,,,,,,Fee Schedule,225% of NYS APG. Lesser of 100% of billed charges applies.,,,,,,,,Fee Schedule,225% of NYS APG. Lesser of 100% of billed charges applies.,,,,,,,,Fee Schedule,225% of NYS APG. Lesser of 100% of billed charges applies.,,,,,,,,Fee Schedule,225% of NYS APG. Lesser of 100% of billed charges applies.,,,,,,,,Fee Schedule,225% of NYS APG. Lesser of 100% of billed charges applies.,,,,,,,,,"NA. ",,,,,,,,,"NA. ",,,,,,,,,"NA. ",1804.65,60,,,,,0,percent of total billed charges,60 percent of billed charges; No services were performed during the 15 month look back period.,,,,,,,,,"NA. ",207.31,,,,,,,Fee Schedule,"100% Medicare Lab FS. ",207.31,,,,,,,Fee Schedule,"100 % 1199 Fee Schedule. ",207.31,,,,,,,Fee Schedule,"100% Medicare Lab FS. ",207.31,,,,,,,Fee Schedule,"100% Medicare Lab FS. ",,,,,,,,Other,"120 Percent of Medicaid APG. Not APG payable, or payable under another fee schedule like ASP/AWP pays at 30% of charges",,,,,,,,Other,"120 Percent of Medicaid APG. Not APG payable, or payable under another fee schedule like ASP/AWP pays at 30% of charges",,,,,,,,Other,"100 Percent of Medicaid APG. Not APG payable, or payable under another fee schedule like ASP/AWP pays at 30% of charges",,,,,,,,Other,"100 Percent of Medicaid APG. Not APG payable, or payable under another fee schedule like ASP/AWP pays at 30% of charges",,,,,,,,Other,"100 Percent of Medicaid APG. ",449.86,,,,,,,Fee Schedule,"217 % Medicare RBRVS. ",520.35,,,,,,,Fee Schedule,"251.000916501857 % Medicare Physician FS TC Rates Only. ",528.64,,,,,,,Fee Schedule,"255 % Medicare RBRVS. ",1804.65,60,,,,,0,percent of total billed charges,60 percent of billed charges; No services were performed during the 15 month look back period.,207.31,,,,,,,Fee Schedule,"100% Medicare Lab FS. ",207.31,,,,,,,Fee Schedule,"100% Medicare Lab FS. ",207.31,,,,,,,Fee Schedule,"100% Medicare Lab FS. ",207.31,,,,,,,Fee Schedule,"100% Medicare Lab FS. ",207.31,,,,,,,Fee Schedule,"100% Medicare Lab FS. ",207.31,,,,,,,Fee Schedule,"100% Medicare Lab FS. ",,,,,,,,,"NA. ",,,,,,,,Fee Schedule,225% of NYS APG. Lesser of 100% of billed charges applies.,125.63,,,,,,,Fee Schedule,100% Medicaid Fee Schedule. Lesser of 100% of billed charges applies.,394.72,,,,,,,Fee Schedule,"238 % BCBS Standard HMO. ",449.86,,,,,,,Fee Schedule,"217 % Medicare RBRVS. ",449.86,,,,,,,Fee Schedule,"217 % Medicare RBRVS. ",449.86,,,,,,,Fee Schedule,"217 % Medicare RBRVS. ",449.86,,,,,,,Fee Schedule,"217 % Medicare RBRVS. ",207.31,,,,,,,Fee Schedule,"100% Medicare Lab FS. ",,,,,,,,Other,"100 Percent of Medicaid APG. ",394.72,,,,,,,Fee Schedule,"238 % BCBS Standard HMO. ",,,,,,,,Other,"100 Percent of Medicaid APG. ",207.31,,,,,,,Fee Schedule,"100% Medicare Lab FS. ",,,,,,,,Other,"100 Percent of Medicaid APG. ",207.31,,,,,,,Fee Schedule,"100% Medicare Lab FS. ",207.31,,,,,,,Fee Schedule,"100% Medicare Lab FS. ",,,,,,,,Other,"100 Percent of Medicaid APG. ",,,,,,,,Other,"100 Percent of Medicaid APG. ",449.86,,,,,,,Fee Schedule,"217 % Medicare RBRVS. ",1804.65,60,,,,,0,percent of total billed charges,60 percent of billed charges; No services were performed during the 15 month look back period.,2346.045,78,,,,,0,percent of total billed charges,78% of Billed Charges. Lesser of 100% of billed charges applies.; No services were performed during the 15 month look back period.,207.31,,,,,,,Fee Schedule,"100 % 2021 CMS Clinical Lab National Limit Pub 20201228. ",207.31,,,,,,,Fee Schedule,"100 % 2021 CMS Clinical Lab National Limit Pub 20201228. ",520.35,,,,,,,Fee Schedule,"251.000916501857 % Medicare Physician FS TC Rates Only. ",203.16,,,,,,,Fee Schedule,"98% Lab FS. ",400.11,,,,,,,Fee Schedule,"193 % Medicare RBRVS. ",400.11,,,,,,,Fee Schedule,"193 % Medicare RBRVS. ",315.78,,,,,,,Fee Schedule,"190.4 % BCBS Standard HMO. ",315.78,,,,,,,Fee Schedule,"190.4 % BCBS Standard HMO. ",207.31,,,,,,,Fee Schedule,"100% Medicare Lab FS. ",207.31,,,,,,,Fee Schedule,"100% Medicare Lab FS. ",207.31,,,,,,,Fee Schedule,"100% Medicare Lab FS. ",207.31,,,,,,,Fee Schedule,"100% Medicare Lab FS. ",207.31,,,,,,,Fee Schedule,"100 % 2021 CMS Clinical Lab National Limit Pub 20201228. ",394.72,,,,,,,Fee Schedule,"238 % BCBS Standard HMO. ",394.72,,,,,,,Fee Schedule,"238 % BCBS Standard HMO. ",207.31,,,,,,,Fee Schedule,"100% Medicare Lab FS. ",315.78,,,,,,,Fee Schedule,"190.4 % BCBS Standard HMO. ",528.64,,,,,,,Fee Schedule,"255 % Medicare RBRVS. ",,,,,,,,Fee Schedule,"120 Percent of Medicaid APG. ",,,,,,,,Other,"100 Percent of Medicaid APG. ",449.86,,,,,,,Fee Schedule,"217 % Medicare RBRVS. ",355.25,,,,,,,Fee Schedule,"214.2 % BCBS Standard HMO. ",355.25,,,,,,,Fee Schedule,"214.2 % BCBS Standard HMO. ",394.72,,,,,,,Fee Schedule,"238 % BCBS Standard HMO. ",1503.875,50,,,,,0,percent of total billed charges,50 percent of billed charges; No services were performed during the 15 month look back period.,207.31,,,,,,,Fee Schedule,"100% Medicare Lab FS. ",,,,,,,,Fee Schedule,"Not payable. ",,,,,,,,Fee Schedule,"Not payable. ",,,,,,,,Fee Schedule,"Not payable. ",,,,,,,,Fee Schedule,"Not payable. ",207.31,,,,,,,Fee Schedule,"100 % 2021 CMS Clinical Lab National Limit Pub 20201228. ",,,,,,,,Fee Schedule,"Not payable. ",,,,,,,,Fee Schedule,"Not payable. ",,,,,,,,Fee Schedule,"Not payable. ",,,,,,,,Fee Schedule,"Not payable. ",,,,,,,,Fee Schedule,"Not payable. ",,,,,,,,Fee Schedule,"Not payable. ",,,,,,,,Fee Schedule,"Not payable. ",207.31,,,,,,,Fee Schedule,"100% Medicare Lab FS. ",207.31,,,,,,,Fee Schedule,"100 % 2021 CMS Clinical Lab National Limit Pub 20201228. ",207.31,,,,,,,Fee Schedule,"100% Medicare Lab FS. ",,,,,,,,Fee Schedule,"Not payable. ",394.72,,,,,,,Fee Schedule,"238 % BCBS Standard HMO. ",207.31,,,,,,,Fee Schedule,"100% Medicare Lab FS. ",394.72,,,,,,,Fee Schedule,"238 % BCBS Standard HMO. ",394.72,,,,,,,Fee Schedule,"238 % BCBS Standard HMO. ",394.72,,,,,,,Fee Schedule,"238 % BCBS Standard HMO. ",,,,,,,,Fee Schedule,"Not payable. ",207.31,,,,,,,Fee Schedule,"100% Medicare Lab FS. ",394.72,,,,,,,Fee Schedule,"238 % BCBS Standard HMO. ",,,,,,,,Fee Schedule,"Not payable. ",394.72,,,,,,,Fee Schedule,"238 % BCBS Standard HMO. ",310.97,,,,,,,Fee Schedule,"150% of Medicare Lab FS. ",207.31,,,,,,,Fee Schedule,"100% Medicare Lab FS. ",449.86,,,,,,,Fee Schedule,"217 % Medicare RBRVS. ",449.86,,,,,,,Fee Schedule,"217 % Medicare RBRVS. ",449.86,,,,,,,Fee Schedule,"217 % Medicare RBRVS. ",449.86,,,,,,,Fee Schedule,"217 % Medicare RBRVS. ",449.86,,,,,,,Fee Schedule,"217 % Medicare RBRVS. ",528.64,,,,,,,Fee Schedule,"255 % Medicare RBRVS. ",528.64,,,,,,,Fee Schedule,"255 % Medicare RBRVS. ",449.86,,,,,,,Fee Schedule,"217 % Medicare RBRVS. ",449.86,,,,,,,Fee Schedule,"217 % Medicare RBRVS. ",449.86,,,,,,,Fee Schedule,"217 % Medicare RBRVS. ",449.86,,,,,,,Fee Schedule,"217 % Medicare RBRVS. ",449.86,,,,,,,Fee Schedule,"217 % Medicare RBRVS. ",207.31,,,,,,,Fee Schedule,"100% Medicare Lab FS. ",528.64,,,,,,,Fee Schedule,"255 % Medicare RBRVS. ",207.31,,,,,,,Fee Schedule,"100% Medicare Lab FS. ",,,,,,,,Other,"225 Percent of Medicaid APG. If not included in Medicaid APG, then 100 Percent of Manhattan Medicare",,,,,,,,Other,"100 Percent of Medicaid APG. If not priced under APG, then Metroplus FeeSched",207.31,,,,,,,Fee Schedule,"100 % 2021 CMS Clinical Lab National Limit Pub 20201228. ",207.31,,,,,,,Fee Schedule,"100 % 2021 CMS Clinical Lab National Limit Pub 20201228. ",207.31,,,,,,,Fee Schedule,"100% Medicare Lab FS. ",400.11,,,,,,,Fee Schedule,"193 % Medicare RBRVS. ",207.31,,,,,,,Fee Schedule,"100% Medicare Lab FS. ",207.31,,,,,,,Fee Schedule,"100% Medicare Lab FS. ",520.35,,,,,,,Fee Schedule,"251.000916501857 % Medicare Physician FS TC Rates Only. ",207.31,,,,,,,Fee Schedule,"100% Medicare Lab FS. ",1804.65,60,,,,,0,percent of total billed charges,60 percent of billed charges; No services were performed during the 15 month look back period.,207.31,,,,,,,Fee Schedule,"100% Medicare Lab FS. ",1804.65,60,,,,,0,percent of total billed charges,60 percent of billed charges; No services were performed during the 15 month look back period.,520.35,,,,,,,Fee Schedule,"251.000916501857 % Medicare Physician FS TC Rates Only. ",1804.65,60,,,,,0,percent of total billed charges,60 percent of billed charges; No services were performed during the 15 month look back period.,207.31,,,,,,,Fee Schedule,"100% Medicare Lab FS. ",,,,,,,,Other,"100 Percent of Medicaid APG. ",207.31,,,,,,,Fee Schedule,"100% Medicare Lab FS. ",1804.65,60,,,,,0,percent of total billed charges,60 percent of billed charges; No services were performed during the 15 month look back period.,207.31,,,,,,,Fee Schedule,"100 % 2021 CMS Clinical Lab National Limit Pub 20201228. ",,,,,,,,Other,"100 Percent of Medicaid APG. ",394.72,,,,,,,Fee Schedule,"238 % BCBS Standard HMO. ",,,,,,,,Fee Schedule,"120 Percent of Medicaid APG. ",,,,,,,,Fee Schedule,"120 Percent of Medicaid APG. ",394.72,,,,,,,Fee Schedule,"238 % BCBS Standard HMO. ",394.72,,,,,,,Fee Schedule,"238 % BCBS Standard HMO. ",394.72,,,,,,,Fee Schedule,"238 % BCBS Standard HMO. ",207.31,,,,,,,Fee Schedule,"100 % 2021 CMS Clinical Lab National Limit Pub 20201228. ",394.72,,,,,,,Fee Schedule,"238 % BCBS Standard HMO. ",394.72,,,,,,,Fee Schedule,"238 % BCBS Standard HMO. ",394.72,,,,,,,Fee Schedule,"238 % BCBS Standard HMO. ",449.86,,,,,,,Fee Schedule,"217 % Medicare RBRVS. ",449.86,,,,,,,Fee Schedule,"217 % Medicare RBRVS. ",292.31,,,,,,,Fee Schedule,141 Percent of of Medicare Lab FS. Metroplus will reimburse unlisted codes and described codes with no Medicare rate at 50 percent of charges.,,,,,,,,Other,"100 Percent of Medicaid APG. ",207.31,,,,,,,Fee Schedule,"100 % 2021 CMS Clinical Lab National Limit Pub 20201228. ",1804.65,60,,,,,0,percent of total billed charges,60 percent of billed charges; No services were performed during the 15 month look back period.,520.35,,,,,,,Fee Schedule,"251.000916501857 % Medicare Physician FS TC Rates Only. ",207.31,,,,,,,Fee Schedule,"100 % 2021 CMS Clinical Lab National Limit Pub 20201228. ",520.35,,,,,,,Fee Schedule,"251.000916501857 % Medicare Physician FS TC Rates Only. ",207.31,,,,,,,Fee Schedule,"100 % 2021 CMS Clinical Lab National Limit Pub 20201228. ",394.72,,,,,,,Fee Schedule,"238 % BCBS Standard HMO. ",394.72,,,,,,,Fee Schedule,"238 % BCBS Standard HMO. ",394.72,,,,,,,Fee Schedule,"238 % BCBS Standard HMO. ",394.72,,,,,,,Fee Schedule,"238 % BCBS Standard HMO. ",207.31,,,,,,,Fee Schedule,"100% Medicare Lab FS. ",125.63,3007.75,
81210,CPT,2024506,LOCAL,310,RC,HC BRAF GENE,1987.95,210.48,both,,,,175.4,,,,,,,Fee Schedule,"100 % 1199 Fee Schedule. ",175.4,,,,,,,Fee Schedule,"100 % 1199 Fee Schedule. ",440.25,,,,,,,Fee Schedule,"250.99771949829 % Medicare Physician FS TC Rates Only. ",1987.95,100,,,,,0,percent of total billed charges,100 percent of billed charges. ; No services were performed during the 15 month look back period.,175.4,,,,,,,Fee Schedule,"100% Medicare Lab FS. ",440.25,,,,,,,Fee Schedule,"250.99771949829 % Medicare Physician FS TC Rates Only. ",440.25,,,,,,,Fee Schedule,"250.99771949829 % Medicare Physician FS TC Rates Only. ",440.25,,,,,,,Fee Schedule,"250.99771949829 % Medicare Physician FS TC Rates Only. ",,,,,,,,Other,"100 Percent of Medicaid APG. ",,,,,,,,Other,"100 Percent of Medicaid APG. ",1550.601,78,,,,,0,percent of total billed charges,78% of Billed Charges. Lesser of 100% of billed charges applies.; No services were performed during the 15 month look back period.,175.4,,,,,,,Fee Schedule,"100 % 2019 CMS Clinical Lab National Limit Pub 20190115. ",,,,,,,,Other,"100 Percent of Medicaid APG. ",175.4,,,,,,,Fee Schedule,"100% Medicare Lab FS. ",310.31,,,,,,,Fee Schedule,"150 % 2018 Cigna RBRVS fee schedule. ",310.31,,,,,,,Fee Schedule,"150 % 2018 Cigna RBRVS fee schedule. ",310.31,,,,,,,Fee Schedule,"150 % 2018 Cigna RBRVS fee schedule. ",310.31,,,,,,,Fee Schedule,"150 % 2018 Cigna RBRVS fee schedule. ",157.86,,,,,,,Fee schedule,90 Percent of Medicare Laboratory. Covered services not payable under Medicaid Fee Schedules default to a payment of 50 percent of charges.,175.4,,,,,,,Fee Schedule,"100% Medicare Lab FS. ",157.86,,,,,,,Fee schedule,90 Percent of Medicare Laboratory. Covered services not payable under Medicaid Fee Schedules default to a payment of 50 percent of charges.,1550.601,78,,,,,0,percent of total billed charges,78% of Billed Charges. Lesser of 100% of billed charges applies.; No services were performed during the 15 month look back period.,440.25,,,,,,,Fee Schedule,"250.99771949829 % Medicare Physician FS TC Rates Only. ",175.4,,,,,,,Fee Schedule,"100% Medicare Lab FS. ",447.27,,,,,,,Fee Schedule,"255 % Medicare RBRVS. ",175.4,,,,,,,Fee Schedule,"100% Medicare Lab FS. ",175.4,,,,,,,Fee Schedule,"100% Medicare Lab FS. ",1550.601,78,,,,,0,percent of total billed charges,78% of Billed Charges. Lesser of 100% of billed charges applies.; No services were performed during the 15 month look back period.,175.4,,,,,,,Fee Schedule,100% Medicaid Fee Schedule. Lesser of 100% of billed charges applies.,175.4,,,,,,,Fee Schedule,100% Medicaid Fee Schedule. Lesser of 100% of billed charges applies.,157.86,,,,,,,Fee schedule,"90 Percent of Medicare RBRVS. ",157.86,,,,,,,Fee schedule,"90 Percent of Medicare RBRVS. ",447.27,,,,,,,Fee Schedule,"255 % Medicare RBRVS. ",447.27,,,,,,,Fee Schedule,"255 % Medicare RBRVS. ",,,,,,,,Other,"100 Percent of Medicaid APG. Not APG payable, or payable under another fee schedule like ASP/AWP pays at 30% of charges",447.27,,,,,,,Fee Schedule,"255 % Medicare RBRVS. ",,,,,,,,Other,"100 Percent of Medicaid APG. Not APG payable, or payable under another fee schedule like ASP/AWP pays at 30% of charges",175.4,,,,,,,Fee Schedule,"100% Medicare Lab FS. ",447.27,,,,,,,Fee Schedule,"255 % Medicare RBRVS. ",1550.601,78,,,,,0,percent of total billed charges,78% of Billed Charges. Lesser of 100% of billed charges applies.; No services were performed during the 15 month look back period.,,,,,,,,Other,"100 Percent of Medicaid APG. If not priced under APG, then Metroplus FeeSched",,,,,,,,Other,"100 Percent of Medicaid APG. If not priced under APG, then Metroplus FeeSched",1550.601,78,,,,,0,percent of total billed charges,78% of Billed Charges. Lesser of 100% of billed charges applies.; No services were performed during the 15 month look back period.,310.31,,,,,,,Fee Schedule,"150 % 2018 Cigna RBRVS fee schedule. ",175.4,,,,,,,Fee Schedule,"100 % 2019 CMS Clinical Lab National Limit Pub 20190115. ",175.4,,,,,,,Fee Schedule,"100 % 2019 CMS Clinical Lab National Limit Pub 20190115. ",1550.601,78,,,,,0,percent of total billed charges,78% of Billed Charges. Lesser of 100% of billed charges applies.; No services were performed during the 15 month look back period.,175.4,,,,,,,Fee Schedule,"100% Medicare Lab FS. ",175.4,,,,,,,Fee Schedule,"100 % 2019 CMS Clinical Lab National Limit Pub 20190115. ",175.4,,,,,,,Fee Schedule,"100 % 2019 CMS Clinical Lab National Limit Pub 20190115. ",175.4,,,,,,,Fee Schedule,"100 % 2019 CMS Clinical Lab National Limit Pub 20190115. ",175.4,,,,,,,Fee Schedule,"100% Medicare Lab FS. ",175.4,,,,,,,Fee Schedule,"100 % 2019 CMS Clinical Lab National Limit Pub 20190115. ",175.4,,,,,,,Fee Schedule,"100 % 2019 CMS Clinical Lab National Limit Pub 20190115. ",175.4,,,,,,,Fee Schedule,"100% of Medicare Lab FS. ",993.975,50,,,,,0,percent of total billed charges,50 percent of billed charges; No services were performed during the 15 month look back period.,1292.1675,65,,,,,0,percent of total billed charges,65% of Billed Charges. Lesser of 100% of billed charges applies.; No services were performed during the 15 month look back period.,1292.1675,65,,,,,0,percent of total billed charges,65% of Billed Charges. Lesser of 100% of billed charges applies.; No services were performed during the 15 month look back period.,1292.1675,65,,,,,0,percent of total billed charges,65% of Billed Charges. Lesser of 100% of billed charges applies.; No services were performed during the 15 month look back period.,1292.1675,65,,,,,0,percent of total billed charges,65% of Billed Charges. Lesser of 100% of billed charges applies.; No services were performed during the 15 month look back period.,1292.1675,65,,,,,0,percent of total billed charges,65% of Billed Charges. Lesser of 100% of billed charges applies.; No services were performed during the 15 month look back period.,1292.1675,65,,,,,0,percent of total billed charges,65% of Billed Charges. Lesser of 100% of billed charges applies.; No services were performed during the 15 month look back period.,175.4,,,,,,,Fee Schedule,"100% Medicare Lab FS. ",175.4,,,,,,,Fee Schedule,"100% Medicare Lab FS. ",1292.1675,65,,,,,0,percent of total billed charges,65% of Billed Charges. Lesser of 100% of billed charges applies.; No services were performed during the 15 month look back period.,1550.601,78,,,,,0,percent of total billed charges,78% of Billed Charges. Lesser of 100% of billed charges applies.; No services were performed during the 15 month look back period.,1550.601,78,,,,,0,percent of total billed charges,78% of Billed Charges. Lesser of 100% of billed charges applies.; No services were performed during the 15 month look back period.,1550.601,78,,,,,0,percent of total billed charges,78% of Billed Charges. Lesser of 100% of billed charges applies.; No services were performed during the 15 month look back period.,1550.601,78,,,,,0,percent of total billed charges,78% of Billed Charges. Lesser of 100% of billed charges applies.; No services were performed during the 15 month look back period.,1550.601,78,,,,,0,percent of total billed charges,78% of Billed Charges. Lesser of 100% of billed charges applies.; No services were performed during the 15 month look back period.,1550.601,78,,,,,0,percent of total billed charges,78% of Billed Charges. Lesser of 100% of billed charges applies.; No services were performed during the 15 month look back period.,1550.601,78,,,,,0,percent of total billed charges,78% of Billed Charges. Lesser of 100% of billed charges applies.; No services were performed during the 15 month look back period.,1550.601,78,,,,,0,percent of total billed charges,78% of Billed Charges. Lesser of 100% of billed charges applies.; No services were performed during the 15 month look back period.,1550.601,78,,,,,0,percent of total billed charges,78% of Billed Charges. Lesser of 100% of billed charges applies.; No services were performed during the 15 month look back period.,1550.601,78,,,,,0,percent of total billed charges,78% of Billed Charges. Lesser of 100% of billed charges applies.; No services were performed during the 15 month look back period.,1550.601,78,,,,,0,percent of total billed charges,78% of Billed Charges. Lesser of 100% of billed charges applies.; No services were performed during the 15 month look back period.,1550.601,78,,,,,0,percent of total billed charges,78% of Billed Charges. Lesser of 100% of billed charges applies.; No services were performed during the 15 month look back period.,1550.601,78,,,,,0,percent of total billed charges,78% of Billed Charges. Lesser of 100% of billed charges applies.; No services were performed during the 15 month look back period.,1550.601,78,,,,,0,percent of total billed charges,78% of Billed Charges. Lesser of 100% of billed charges applies.; No services were performed during the 15 month look back period.,1550.601,78,,,,,0,percent of total billed charges,78% of Billed Charges. Lesser of 100% of billed charges applies.; No services were performed during the 15 month look back period.,1550.601,78,,,,,0,percent of total billed charges,78% of Billed Charges. Lesser of 100% of billed charges applies.; No services were performed during the 15 month look back period.,1550.601,78,,,,,0,percent of total billed charges,78% of Billed Charges. Lesser of 100% of billed charges applies.; No services were performed during the 15 month look back period.,1550.601,78,,,,,0,percent of total billed charges,78% of Billed Charges. Lesser of 100% of billed charges applies.; No services were performed during the 15 month look back period.,1550.601,78,,,,,0,percent of total billed charges,78% of Billed Charges. Lesser of 100% of billed charges applies.; No services were performed during the 15 month look back period.,1550.601,78,,,,,0,percent of total billed charges,78% of Billed Charges. Lesser of 100% of billed charges applies.; No services were performed during the 15 month look back period.,1550.601,78,,,,,0,percent of total billed charges,78% of Billed Charges. Lesser of 100% of billed charges applies.; No services were performed during the 15 month look back period.,1550.601,78,,,,,0,percent of total billed charges,78% of Billed Charges. Lesser of 100% of billed charges applies.; No services were performed during the 15 month look back period.,1550.601,78,,,,,0,percent of total billed charges,78% of Billed Charges. Lesser of 100% of billed charges applies.; No services were performed during the 15 month look back period.,1550.601,78,,,,,0,percent of total billed charges,78% of Billed Charges. Lesser of 100% of billed charges applies.; No services were performed during the 15 month look back period.,1550.601,78,,,,,0,percent of total billed charges,78% of Billed Charges. Lesser of 100% of billed charges applies.; No services were performed during the 15 month look back period.,1550.601,78,,,,,0,percent of total billed charges,78% of Billed Charges. Lesser of 100% of billed charges applies.; No services were performed during the 15 month look back period.,447.27,,,,,,,Fee Schedule,"255 % Medicare RBRVS. ",447.27,,,,,,,Fee Schedule,"255 % Medicare RBRVS. ",447.27,,,,,,,Fee Schedule,"255 % Medicare RBRVS. ",447.27,,,,,,,Fee Schedule,"255 % Medicare RBRVS. ",338.52,,,,,,,Fee Schedule,"193 % Medicare RBRVS. ",338.52,,,,,,,Fee Schedule,"193 % Medicare RBRVS. ",310.31,,,,,,,Fee Schedule,"150 % 2018 Cigna RBRVS fee schedule. ",1292.1675,65,,,,,0,percent of total billed charges,65% of Billed Charges. Lesser of 100% of billed charges applies.; No services were performed during the 15 month look back period.,175.4,,,,,,,Fee Schedule,"100 % 2019 CMS Clinical Lab National Limit Pub 20190115. ",1292.1675,65,,,,,0,percent of total billed charges,65% of Billed Charges. Lesser of 100% of billed charges applies.; No services were performed during the 15 month look back period.,1550.601,78,,,,,0,percent of total billed charges,78% of Billed Charges. Lesser of 100% of billed charges applies.; No services were performed during the 15 month look back period.,338.52,,,,,,,Fee Schedule,"193 % Medicare RBRVS. ",1292.1675,65,,,,,0,percent of total billed charges,65% of Billed Charges. Lesser of 100% of billed charges applies.; No services were performed during the 15 month look back period.,175.4,,,,,,,Fee Schedule,"100 % 2019 CMS Clinical Lab National Limit Pub 20190115. ",310.31,,,,,,,Fee Schedule,"150 % 2018 Cigna RBRVS fee schedule. ",,,,,,,,,"NA. ",1550.601,78,,,,,0,percent of total billed charges,78% of Billed Charges. Lesser of 100% of billed charges applies.; No services were performed during the 15 month look back period.,,,,,,,,Other,"100 Percent of Medicaid APG. ",447.27,,,,,,,Fee Schedule,"255 % Medicare RBRVS. ",,,,,,,,Other,"100 Percent of Medicaid APG. Not APG payable, or payable under another fee schedule like ASP/AWP pays at 30% of charges",175.4,,,,,,,Fee Schedule,"100% Medicare Lab FS. ",175.4,,,,,,,Fee Schedule,"100% Medicare Lab FS. ",993.975,50,,,,,0,percent of total billed charges,50 percent of billed charges; No services were performed during the 15 month look back period.,175.4,,,,,,,Fee Schedule,"100% Medicare Lab FS. ",175.4,,,,,,,Fee Schedule,"100% Medicare Lab FS. ",,,,,,,,Other,"100 Percent of Medicaid APG. ",175.4,,,,,,,Fee Schedule,"100% Medicare Lab FS. ",175.4,,,,,,,Fee Schedule,"100% Medicare Lab FS. ",440.25,,,,,,,Fee Schedule,"250.99771949829 % Medicare Physician FS TC Rates Only. ",440.25,,,,,,,Fee Schedule,"250.99771949829 % Medicare Physician FS TC Rates Only. ",175.4,,,,,,,Fee Schedule,"100% Medicare Lab FS. ",310.31,,,,,,,Fee Schedule,"150 % 2018 Cigna RBRVS fee schedule. ",175.4,,,,,,,Fee Schedule,"100 % 2019 CMS Clinical Lab National Limit Pub 20190115. ",175.4,,,,,,,Fee Schedule,"100 % 2019 CMS Clinical Lab National Limit Pub 20190115. ",175.4,,,,,,,Fee Schedule,"100% Medicare Lab FS. ",310.31,,,,,,,Fee Schedule,"150 % 2018 Cigna RBRVS fee schedule. ",440.25,,,,,,,Fee Schedule,"250.99771949829 % Medicare Physician FS TC Rates Only. ",440.25,,,,,,,Fee Schedule,"250.99771949829 % Medicare Physician FS TC Rates Only. ",440.25,,,,,,,Fee Schedule,"250.99771949829 % Medicare Physician FS TC Rates Only. ",1550.601,78,,,,,0,percent of total billed charges,78% of Billed Charges. Lesser of 100% of billed charges applies.; No services were performed during the 15 month look back period.,1550.601,78,,,,,0,percent of total billed charges,78% of Billed Charges. Lesser of 100% of billed charges applies.; No services were performed during the 15 month look back period.,1550.601,78,,,,,0,percent of total billed charges,78% of Billed Charges. Lesser of 100% of billed charges applies.; No services were performed during the 15 month look back period.,1550.601,78,,,,,0,percent of total billed charges,78% of Billed Charges. Lesser of 100% of billed charges applies.; No services were performed during the 15 month look back period.,1550.601,78,,,,,0,percent of total billed charges,78% of Billed Charges. Lesser of 100% of billed charges applies.; No services were performed during the 15 month look back period.,1550.601,78,,,,,0,percent of total billed charges,78% of Billed Charges. Lesser of 100% of billed charges applies.; No services were performed during the 15 month look back period.,1550.601,78,,,,,0,percent of total billed charges,78% of Billed Charges. Lesser of 100% of billed charges applies.; No services were performed during the 15 month look back period.,1550.601,78,,,,,0,percent of total billed charges,78% of Billed Charges. Lesser of 100% of billed charges applies.; No services were performed during the 15 month look back period.,1550.601,78,,,,,0,percent of total billed charges,78% of Billed Charges. Lesser of 100% of billed charges applies.; No services were performed during the 15 month look back period.,1550.601,78,,,,,0,percent of total billed charges,78% of Billed Charges. Lesser of 100% of billed charges applies.; No services were performed during the 15 month look back period.,1550.601,78,,,,,0,percent of total billed charges,78% of Billed Charges. Lesser of 100% of billed charges applies.; No services were performed during the 15 month look back period.,338.52,,,,,,,Fee Schedule,"193 % Medicare RBRVS. ",1292.1675,65,,,,,0,percent of total billed charges,65% of Billed Charges. Lesser of 100% of billed charges applies.; No services were performed during the 15 month look back period.,310.31,,,,,,,Fee Schedule,"150 % 2018 Cigna RBRVS fee schedule. ",175.4,,,,,,,Fee Schedule,"100% Medicare Lab FS. ",440.25,,,,,,,Fee Schedule,"250.99771949829 % Medicare Physician FS TC Rates Only. ",310.31,,,,,,,Fee Schedule,"150 % 2018 Cigna RBRVS fee schedule. ",310.31,,,,,,,Fee Schedule,"150 % 2018 Cigna RBRVS fee schedule. ",1550.601,78,,,,,0,percent of total billed charges,78% of Billed Charges. Lesser of 100% of billed charges applies.; No services were performed during the 15 month look back period.,,,,,,,,Other,"Not payable. ",310.31,,,,,,,Fee Schedule,"150 % 2018 Cigna RBRVS fee schedule. ",,,,,,,,Other,"100 Percent of Medicaid APG. ",175.4,,,,,,,Fee Schedule,"100% Medicare Lab FS. ",175.4,,,,,,,Fee Schedule,"100% Medicare Lab FS. ",175.4,,,,,,,Fee Schedule,"100% Medicare Lab FS. ",175.4,,,,,,,Fee Schedule,"100% Medicare Lab FS. ",175.4,,,,,,,Fee Schedule,"100% Medicare Lab FS. ",175.4,,,,,,,Fee Schedule,"100% Medicare Lab FS. ",310.31,,,,,,,Fee Schedule,"150 % 2018 Cigna RBRVS fee schedule. ",993.975,50,,,,,0,percent of total billed charges,50 percent of billed charges; No services were performed during the 15 month look back period.,280.64,,,,,,,Fee Schedule,"160 Percent of Medicare Laboratory. ",280.64,,,,,,,Fee Schedule,"160 Percent of Medicare Laboratory. ",280.64,,,,,,,Fee Schedule,"160 Percent of Medicare Laboratory. ",280.64,,,,,,,Fee Schedule,"160 Percent of Medicare Laboratory. ",280.64,,,,,,,Fee Schedule,"160 Percent of Medicare Laboratory. ",,,,,,,,,"NA. ",993.975,50,,,,,0,percent of total billed charges,50 percent of billed charges; No services were performed during the 15 month look back period.,247.31,,,,,,,Fee Schedule,141 Percent of of Medicare Lab FS. Metroplus will reimburse unlisted codes and described codes with no Medicare rate at 50 percent of charges.,247.31,,,,,,,Fee Schedule,141 Percent of of Medicare Lab FS. Metroplus will reimburse unlisted codes and described codes with no Medicare rate at 50 percent of charges.,247.31,,,,,,,Fee Schedule,141 Percent of of Medicare Lab FS. Metroplus will reimburse unlisted codes and described codes with no Medicare rate at 50 percent of charges.,247.31,,,,,,,Fee Schedule,141 Percent of of Medicare Lab FS. Metroplus will reimburse unlisted codes and described codes with no Medicare rate at 50 percent of charges.,247.31,,,,,,,Fee Schedule,141 Percent of of Medicare Lab FS. Metroplus will reimburse unlisted codes and described codes with no Medicare rate at 50 percent of charges.,175.4,,,,,,,Fee Schedule,"100% Medicare Lab FS. ",338.52,,,,,,,Fee Schedule,"193 % Medicare RBRVS. ",338.52,,,,,,,Fee Schedule,"193 % Medicare RBRVS. ",338.52,,,,,,,Fee Schedule,"193 % Medicare RBRVS. ",338.52,,,,,,,Fee Schedule,"193 % Medicare RBRVS. ",440.25,,,,,,,Fee Schedule,"250.99771949829 % Medicare Physician FS TC Rates Only. ",440.25,,,,,,,Fee Schedule,"250.99771949829 % Medicare Physician FS TC Rates Only. ",440.25,,,,,,,Fee Schedule,"250.99771949829 % Medicare Physician FS TC Rates Only. ",440.25,,,,,,,Fee Schedule,"250.99771949829 % Medicare Physician FS TC Rates Only. ",993.975,50,,,,,0,percent of total billed charges,50 percent of billed charges; No services were performed during the 15 month look back period.,993.975,50,,,,,0,percent of total billed charges,50 percent of billed charges; No services were performed during the 15 month look back period.,175.4,,,,,,,Fee Schedule,"100% Medicare Lab FS. ",175.4,,,,,,,Fee Schedule,"100% Medicare Lab FS. ",175.4,,,,,,,Fee Schedule,"100% Medicare Lab FS. ",1292.1675,65,,,,,0,percent of total billed charges,65% of Billed Charges. Lesser of 100% of billed charges applies.; No services were performed during the 15 month look back period.,1292.1675,65,,,,,0,percent of total billed charges,65% of Billed Charges. Lesser of 100% of billed charges applies.; No services were performed during the 15 month look back period.,1292.1675,65,,,,,0,percent of total billed charges,65% of Billed Charges. Lesser of 100% of billed charges applies.; No services were performed during the 15 month look back period.,993.975,50,,,,,0,percent of total billed charges,50 percent of billed charges; No services were performed during the 15 month look back period.,440.25,,,,,,,Fee Schedule,"250.99771949829 % Medicare Physician FS TC Rates Only. ",175.4,,,,,,,Fee Schedule,"100% Medicare Lab FS. ",1292.1675,65,,,,,0,percent of total billed charges,65% of Billed Charges. Lesser of 100% of billed charges applies.; No services were performed during the 15 month look back period.,,,,,,,,Other,"100 Percent of Medicaid APG. ",178.91,,,,,,,Fee Schedule,"102% of Medicare Lab FS. ",178.91,,,,,,,Fee Schedule,"102% of Medicare Lab FS. ",178.91,,,,,,,Fee Schedule,"102% of Medicare Lab FS. ",157.86,,,,,,,Fee schedule,"90 Percent of Medicare RBRVS. ",,,,,,,,Fee Schedule,225% of NYS APG. Lesser of 100% of billed charges applies.,,,,,,,,Fee Schedule,225% of NYS APG. Lesser of 100% of billed charges applies.,,,,,,,,Fee Schedule,225% of NYS APG. Lesser of 100% of billed charges applies.,,,,,,,,Fee Schedule,225% of NYS APG. Lesser of 100% of billed charges applies.,,,,,,,,Fee Schedule,225% of NYS APG. Lesser of 100% of billed charges applies.,178.91,,,,,,,Fee Schedule,"102% of Medicare Lab FS. ",,,,,,,,Other,"100 Percent of Medicaid APG. ",175.4,,,,,,,Fee Schedule,100% Medicaid Fee Schedule. Lesser of 100% of billed charges applies.,,,,,,,,Fee Schedule,225% of NYS APG. Lesser of 100% of billed charges applies.,,,,,,,,Fee Schedule,225% of NYS APG. Lesser of 100% of billed charges applies.,175.4,,,,,,,Fee Schedule,100% Medicaid Fee Schedule. Lesser of 100% of billed charges applies.,175.4,,,,,,,Fee Schedule,100% Medicaid Fee Schedule. Lesser of 100% of billed charges applies.,280.64,,,,,,,Fee Schedule,"160 Percent of Medicare Laboratory. ",175.4,,,,,,,Fee Schedule,"100% Medicare Lab FS. ",175.4,,,,,,,Fee Schedule,"100% Medicare Lab FS. ",440.25,,,,,,,Fee Schedule,"250.99771949829 % Medicare Physician FS TC Rates Only. ",175.4,,,,,,,Fee Schedule,"100% Medicare Lab FS. ",,,,,,,,Fee Schedule,"225 Percent of Medicaid APG. ",,,,,,,,Fee Schedule,"225 Percent of Medicaid APG. ",157.86,,,,,,,Fee schedule,"90 Percent of Medicare RBRVS. ",157.86,,,,,,,Fee schedule,"90 Percent of Medicare RBRVS. ",,,,,,,,Case Rate,Not Payable. Covered services not payable under Medicaid Fee Schedules default to a payment of 87.5 percent of charges.,157.86,,,,,,,Fee schedule,90 Percent of Medicare Laboratory. Covered services not payable under Medicaid Fee Schedules default to a payment of 50 percent of charges.,,,,,,,,Other,"100 Percent of Medicaid APG. ",,,,,,,,Other,"100 Percent of Medicaid APG. ",,,,,,,,Other,"100 Percent of Medicaid APG. ",,,,,,,,Other,"100 Percent of Medicaid APG. ",1787.33,,,,,,,Fee Schedule,"1019 % Manhattan Facility Rate. ",993.975,50,,,,,0,percent of total billed charges,50 percent of billed charges; No services were performed during the 15 month look back period.,,,,,,,,Other,"120 Percent of Medicaid APG. Not APG payable, or payable under another fee schedule like ASP/AWP pays at 30% of charges",,,,,,,,Other,"120 Percent of Medicaid APG. Not APG payable, or payable under another fee schedule like ASP/AWP pays at 30% of charges",,,,,,,,Other,"100 Percent of Medicaid APG. Not APG payable, or payable under another fee schedule like ASP/AWP pays at 30% of charges",,,,,,,,Other,"100 Percent of Medicaid APG. Not APG payable, or payable under another fee schedule like ASP/AWP pays at 30% of charges",1292.1675,65,,,,,0,percent of total billed charges,65% of Billed Charges. Lesser of 100% of billed charges applies.; No services were performed during the 15 month look back period.,1292.1675,65,,,,,0,percent of total billed charges,65% of Billed Charges. Lesser of 100% of billed charges applies.; No services were performed during the 15 month look back period.,175.4,,,,,,,Fee Schedule,"100% Medicare Lab FS. ",1292.1675,65,,,,,0,percent of total billed charges,65% of Billed Charges. Lesser of 100% of billed charges applies.; No services were performed during the 15 month look back period.,1292.1675,65,,,,,0,percent of total billed charges,65% of Billed Charges. Lesser of 100% of billed charges applies.; No services were performed during the 15 month look back period.,1292.1675,65,,,,,0,percent of total billed charges,65% of Billed Charges. Lesser of 100% of billed charges applies.; No services were performed during the 15 month look back period.,1292.1675,65,,,,,0,percent of total billed charges,65% of Billed Charges. Lesser of 100% of billed charges applies.; No services were performed during the 15 month look back period.,175.4,,,,,,,Fee Schedule,"100% Medicare Lab FS. ",1292.1675,65,,,,,0,percent of total billed charges,65% of Billed Charges. Lesser of 100% of billed charges applies.; No services were performed during the 15 month look back period.,1292.1675,65,,,,,0,percent of total billed charges,65% of Billed Charges. Lesser of 100% of billed charges applies.; No services were performed during the 15 month look back period.,440.25,,,,,,,Fee Schedule,"250.99771949829 % Medicare Physician FS TC Rates Only. ",,,,,,,,Fee Schedule,110% of APG. Lesser of 100% of billed charges applies.,157.86,,,,,,,Fee schedule,90 Percent of Medicare Laboratory. Covered services not payable under Medicaid Fee Schedules default to a payment of 50 percent of charges.,,,,,,,,Fee Schedule,225% of NYS APG. Lesser of 100% of billed charges applies.,,,,,,,,Case Rate,Not Payable. Covered services not payable under Medicaid Fee Schedules default to a payment of 87.5 percent of charges.,157.86,,,,,,,Fee schedule,90 Percent of Medicare Laboratory. Covered services not payable under Medicaid Fee Schedules default to a payment of 50 percent of charges.,,,,,,,,Fee Schedule,225% of NYS APG. Lesser of 100% of billed charges applies.,,,,,,,,Fee Schedule,225% of NYS APG. Lesser of 100% of billed charges applies.,,,,,,,,Fee Schedule,225% of NYS APG. Lesser of 100% of billed charges applies.,,,,,,,,Fee Schedule,225% of NYS APG. Lesser of 100% of billed charges applies.,,,,,,,,Fee Schedule,225% of NYS APG. Lesser of 100% of billed charges applies.,,,,,,,,Fee Schedule,225% of NYS APG. Lesser of 100% of billed charges applies.,,,,,,,,,"NA. ",,,,,,,,,"NA. ",,,,,,,,,"NA. ",310.31,,,,,,,Fee Schedule,"150 % 2018 Cigna RBRVS fee schedule. ",,,,,,,,,"NA. ",175.4,,,,,,,Fee Schedule,"100% Medicare Lab FS. ",175.4,,,,,,,Fee Schedule,"100 % 1199 Fee Schedule. ",175.4,,,,,,,Fee Schedule,"100% Medicare Lab FS. ",175.4,,,,,,,Fee Schedule,"100% Medicare Lab FS. ",,,,,,,,Other,"120 Percent of Medicaid APG. Not APG payable, or payable under another fee schedule like ASP/AWP pays at 30% of charges",,,,,,,,Other,"120 Percent of Medicaid APG. Not APG payable, or payable under another fee schedule like ASP/AWP pays at 30% of charges",,,,,,,,Other,"100 Percent of Medicaid APG. Not APG payable, or payable under another fee schedule like ASP/AWP pays at 30% of charges",,,,,,,,Other,"100 Percent of Medicaid APG. Not APG payable, or payable under another fee schedule like ASP/AWP pays at 30% of charges",,,,,,,,Other,"100 Percent of Medicaid APG. ",380.62,,,,,,,Fee Schedule,"217 % Medicare RBRVS. ",440.25,,,,,,,Fee Schedule,"250.99771949829 % Medicare Physician FS TC Rates Only. ",447.27,,,,,,,Fee Schedule,"255 % Medicare RBRVS. ",310.31,,,,,,,Fee Schedule,"150 % 2018 Cigna RBRVS fee schedule. ",175.4,,,,,,,Fee Schedule,"100% Medicare Lab FS. ",175.4,,,,,,,Fee Schedule,"100% Medicare Lab FS. ",175.4,,,,,,,Fee Schedule,"100% Medicare Lab FS. ",175.4,,,,,,,Fee Schedule,"100% Medicare Lab FS. ",175.4,,,,,,,Fee Schedule,"100% Medicare Lab FS. ",175.4,,,,,,,Fee Schedule,"100% Medicare Lab FS. ",,,,,,,,,"NA. ",,,,,,,,Fee Schedule,225% of NYS APG. Lesser of 100% of billed charges applies.,175.4,,,,,,,Fee Schedule,100% Medicaid Fee Schedule. Lesser of 100% of billed charges applies.,1292.1675,65,,,,,0,percent of total billed charges,65% of Billed Charges. Lesser of 100% of billed charges applies.; No services were performed during the 15 month look back period.,380.62,,,,,,,Fee Schedule,"217 % Medicare RBRVS. ",380.62,,,,,,,Fee Schedule,"217 % Medicare RBRVS. ",380.62,,,,,,,Fee Schedule,"217 % Medicare RBRVS. ",380.62,,,,,,,Fee Schedule,"217 % Medicare RBRVS. ",175.4,,,,,,,Fee Schedule,"100% Medicare Lab FS. ",,,,,,,,Other,"100 Percent of Medicaid APG. ",1292.1675,65,,,,,0,percent of total billed charges,65% of Billed Charges. Lesser of 100% of billed charges applies.; No services were performed during the 15 month look back period.,,,,,,,,Other,"100 Percent of Medicaid APG. ",175.4,,,,,,,Fee Schedule,"100% Medicare Lab FS. ",,,,,,,,Other,"100 Percent of Medicaid APG. ",175.4,,,,,,,Fee Schedule,"100% Medicare Lab FS. ",175.4,,,,,,,Fee Schedule,"100% Medicare Lab FS. ",,,,,,,,Other,"100 Percent of Medicaid APG. ",,,,,,,,Other,"100 Percent of Medicaid APG. ",380.62,,,,,,,Fee Schedule,"217 % Medicare RBRVS. ",310.31,,,,,,,Fee Schedule,"150 % 2018 Cigna RBRVS fee schedule. ",1550.601,78,,,,,0,percent of total billed charges,78% of Billed Charges. Lesser of 100% of billed charges applies.; No services were performed during the 15 month look back period.,175.4,,,,,,,Fee Schedule,"100 % 2019 CMS Clinical Lab National Limit Pub 20190115. ",175.4,,,,,,,Fee Schedule,"100 % 2019 CMS Clinical Lab National Limit Pub 20190115. ",440.25,,,,,,,Fee Schedule,"250.99771949829 % Medicare Physician FS TC Rates Only. ",171.89,,,,,,,Fee Schedule,"98% Lab FS. ",338.52,,,,,,,Fee Schedule,"193 % Medicare RBRVS. ",338.52,,,,,,,Fee Schedule,"193 % Medicare RBRVS. ",1033.734,52,,,,,0,percent of total billed charges,52% of Billed Charges. Lesser of 100% of billed charges applies.; No services were performed during the 15 month look back period.,1033.734,52,,,,,0,percent of total billed charges,52% of Billed Charges. Lesser of 100% of billed charges applies.; No services were performed during the 15 month look back period.,175.4,,,,,,,Fee Schedule,"100% Medicare Lab FS. ",175.4,,,,,,,Fee Schedule,"100% Medicare Lab FS. ",175.4,,,,,,,Fee Schedule,"100% Medicare Lab FS. ",175.4,,,,,,,Fee Schedule,"100% Medicare Lab FS. ",175.4,,,,,,,Fee Schedule,"100 % 2019 CMS Clinical Lab National Limit Pub 20190115. ",1292.1675,65,,,,,0,percent of total billed charges,65% of Billed Charges. Lesser of 100% of billed charges applies.; No services were performed during the 15 month look back period.,1292.1675,65,,,,,0,percent of total billed charges,65% of Billed Charges. Lesser of 100% of billed charges applies.; No services were performed during the 15 month look back period.,175.4,,,,,,,Fee Schedule,"100% Medicare Lab FS. ",1033.734,52,,,,,0,percent of total billed charges,52% of Billed Charges. Lesser of 100% of billed charges applies.; No services were performed during the 15 month look back period.,447.27,,,,,,,Fee Schedule,"255 % Medicare RBRVS. ",,,,,,,,Fee Schedule,"120 Percent of Medicaid APG. ",,,,,,,,Other,"100 Percent of Medicaid APG. ",380.62,,,,,,,Fee Schedule,"217 % Medicare RBRVS. ",1172.8905,59,,,,,0,percent of total billed charges,59% of Billed Charges. Lesser of 100% of billed charges applies.; No services were performed during the 15 month look back period.,1172.8905,59,,,,,0,percent of total billed charges,59% of Billed Charges. Lesser of 100% of billed charges applies.; No services were performed during the 15 month look back period.,1292.1675,65,,,,,0,percent of total billed charges,65% of Billed Charges. Lesser of 100% of billed charges applies.; No services were performed during the 15 month look back period.,993.975,50,,,,,0,percent of total billed charges,50 percent of billed charges; No services were performed during the 15 month look back period.,175.4,,,,,,,Fee Schedule,"100% Medicare Lab FS. ",,,,,,,,Fee Schedule,"Not payable. ",,,,,,,,Fee Schedule,"Not payable. ",,,,,,,,Fee Schedule,"Not payable. ",,,,,,,,Fee Schedule,"Not payable. ",175.4,,,,,,,Fee Schedule,"100 % 2019 CMS Clinical Lab National Limit Pub 20190115. ",,,,,,,,Fee Schedule,"Not payable. ",,,,,,,,Fee Schedule,"Not payable. ",,,,,,,,Fee Schedule,"Not payable. ",,,,,,,,Fee Schedule,"Not payable. ",,,,,,,,Fee Schedule,"Not payable. ",,,,,,,,Fee Schedule,"Not payable. ",,,,,,,,Fee Schedule,"Not payable. ",175.4,,,,,,,Fee Schedule,"100% Medicare Lab FS. ",175.4,,,,,,,Fee Schedule,"100 % 2019 CMS Clinical Lab National Limit Pub 20190115. ",175.4,,,,,,,Fee Schedule,"100% Medicare Lab FS. ",,,,,,,,Fee Schedule,"Not payable. ",1292.1675,65,,,,,0,percent of total billed charges,65% of Billed Charges. Lesser of 100% of billed charges applies.; No services were performed during the 15 month look back period.,175.4,,,,,,,Fee Schedule,"100% Medicare Lab FS. ",1292.1675,65,,,,,0,percent of total billed charges,65% of Billed Charges. Lesser of 100% of billed charges applies.; No services were performed during the 15 month look back period.,1292.1675,65,,,,,0,percent of total billed charges,65% of Billed Charges. Lesser of 100% of billed charges applies.; No services were performed during the 15 month look back period.,1292.1675,65,,,,,0,percent of total billed charges,65% of Billed Charges. Lesser of 100% of billed charges applies.; No services were performed during the 15 month look back period.,,,,,,,,Fee Schedule,"Not payable. ",175.4,,,,,,,Fee Schedule,"100% Medicare Lab FS. ",1292.1675,65,,,,,0,percent of total billed charges,65% of Billed Charges. Lesser of 100% of billed charges applies.; No services were performed during the 15 month look back period.,,,,,,,,Fee Schedule,"Not payable. ",1292.1675,65,,,,,0,percent of total billed charges,65% of Billed Charges. Lesser of 100% of billed charges applies.; No services were performed during the 15 month look back period.,263.1,,,,,,,Fee Schedule,"150% of Medicare Lab FS. ",175.4,,,,,,,Fee Schedule,"100% Medicare Lab FS. ",380.62,,,,,,,Fee Schedule,"217 % Medicare RBRVS. ",380.62,,,,,,,Fee Schedule,"217 % Medicare RBRVS. ",380.62,,,,,,,Fee Schedule,"217 % Medicare RBRVS. ",380.62,,,,,,,Fee Schedule,"217 % Medicare RBRVS. ",380.62,,,,,,,Fee Schedule,"217 % Medicare RBRVS. ",447.27,,,,,,,Fee Schedule,"255 % Medicare RBRVS. ",447.27,,,,,,,Fee Schedule,"255 % Medicare RBRVS. ",380.62,,,,,,,Fee Schedule,"217 % Medicare RBRVS. ",380.62,,,,,,,Fee Schedule,"217 % Medicare RBRVS. ",380.62,,,,,,,Fee Schedule,"217 % Medicare RBRVS. ",380.62,,,,,,,Fee Schedule,"217 % Medicare RBRVS. ",380.62,,,,,,,Fee Schedule,"217 % Medicare RBRVS. ",175.4,,,,,,,Fee Schedule,"100% Medicare Lab FS. ",447.27,,,,,,,Fee Schedule,"255 % Medicare RBRVS. ",175.4,,,,,,,Fee Schedule,"100% Medicare Lab FS. ",,,,,,,,Other,"225 Percent of Medicaid APG. If not included in Medicaid APG, then 100 Percent of Manhattan Medicare",,,,,,,,Other,"100 Percent of Medicaid APG. If not priced under APG, then Metroplus FeeSched",175.4,,,,,,,Fee Schedule,"100 % 2019 CMS Clinical Lab National Limit Pub 20190115. ",175.4,,,,,,,Fee Schedule,"100 % 2019 CMS Clinical Lab National Limit Pub 20190115. ",175.4,,,,,,,Fee Schedule,"100% Medicare Lab FS. ",338.52,,,,,,,Fee Schedule,"193 % Medicare RBRVS. ",175.4,,,,,,,Fee Schedule,"100% Medicare Lab FS. ",175.4,,,,,,,Fee Schedule,"100% Medicare Lab FS. ",440.25,,,,,,,Fee Schedule,"250.99771949829 % Medicare Physician FS TC Rates Only. ",175.4,,,,,,,Fee Schedule,"100% Medicare Lab FS. ",310.31,,,,,,,Fee Schedule,"150 % 2018 Cigna RBRVS fee schedule. ",175.4,,,,,,,Fee Schedule,"100% Medicare Lab FS. ",310.31,,,,,,,Fee Schedule,"150 % 2018 Cigna RBRVS fee schedule. ",440.25,,,,,,,Fee Schedule,"250.99771949829 % Medicare Physician FS TC Rates Only. ",310.31,,,,,,,Fee Schedule,"150 % 2018 Cigna RBRVS fee schedule. ",175.4,,,,,,,Fee Schedule,"100% Medicare Lab FS. ",,,,,,,,Other,"100 Percent of Medicaid APG. ",175.4,,,,,,,Fee Schedule,"100% Medicare Lab FS. ",310.31,,,,,,,Fee Schedule,"150 % 2018 Cigna RBRVS fee schedule. ",175.4,,,,,,,Fee Schedule,"100 % 2019 CMS Clinical Lab National Limit Pub 20190115. ",,,,,,,,Other,"100 Percent of Medicaid APG. ",1292.1675,65,,,,,0,percent of total billed charges,65% of Billed Charges. Lesser of 100% of billed charges applies.; No services were performed during the 15 month look back period.,,,,,,,,Fee Schedule,"120 Percent of Medicaid APG. ",,,,,,,,Fee Schedule,"120 Percent of Medicaid APG. ",1292.1675,65,,,,,0,percent of total billed charges,65% of Billed Charges. Lesser of 100% of billed charges applies.; No services were performed during the 15 month look back period.,1292.1675,65,,,,,0,percent of total billed charges,65% of Billed Charges. Lesser of 100% of billed charges applies.; No services were performed during the 15 month look back period.,1292.1675,65,,,,,0,percent of total billed charges,65% of Billed Charges. Lesser of 100% of billed charges applies.; No services were performed during the 15 month look back period.,175.4,,,,,,,Fee Schedule,"100 % 2019 CMS Clinical Lab National Limit Pub 20190115. ",1292.1675,65,,,,,0,percent of total billed charges,65% of Billed Charges. Lesser of 100% of billed charges applies.; No services were performed during the 15 month look back period.,1292.1675,65,,,,,0,percent of total billed charges,65% of Billed Charges. Lesser of 100% of billed charges applies.; No services were performed during the 15 month look back period.,1292.1675,65,,,,,0,percent of total billed charges,65% of Billed Charges. Lesser of 100% of billed charges applies.; No services were performed during the 15 month look back period.,380.62,,,,,,,Fee Schedule,"217 % Medicare RBRVS. ",380.62,,,,,,,Fee Schedule,"217 % Medicare RBRVS. ",247.31,,,,,,,Fee Schedule,141 Percent of of Medicare Lab FS. Metroplus will reimburse unlisted codes and described codes with no Medicare rate at 50 percent of charges.,,,,,,,,Other,"100 Percent of Medicaid APG. ",175.4,,,,,,,Fee Schedule,"100 % 2019 CMS Clinical Lab National Limit Pub 20190115. ",310.31,,,,,,,Fee Schedule,"150 % 2018 Cigna RBRVS fee schedule. ",440.25,,,,,,,Fee Schedule,"250.99771949829 % Medicare Physician FS TC Rates Only. ",175.4,,,,,,,Fee Schedule,"100 % 2019 CMS Clinical Lab National Limit Pub 20190115. ",440.25,,,,,,,Fee Schedule,"250.99771949829 % Medicare Physician FS TC Rates Only. ",175.4,,,,,,,Fee Schedule,"100 % 2019 CMS Clinical Lab National Limit Pub 20190115. ",1292.1675,65,,,,,0,percent of total billed charges,65% of Billed Charges. Lesser of 100% of billed charges applies.; No services were performed during the 15 month look back period.,1292.1675,65,,,,,0,percent of total billed charges,65% of Billed Charges. Lesser of 100% of billed charges applies.; No services were performed during the 15 month look back period.,1292.1675,65,,,,,0,percent of total billed charges,65% of Billed Charges. Lesser of 100% of billed charges applies.; No services were performed during the 15 month look back period.,1292.1675,65,,,,,0,percent of total billed charges,65% of Billed Charges. Lesser of 100% of billed charges applies.; No services were performed during the 15 month look back period.,175.4,,,,,,,Fee Schedule,"100% Medicare Lab FS. ",61.28,1987.95,
81240,CPT,2024535,LOCAL,310,RC,HC F2 GENE,531.33,78.83,both,,,,65.69,,,,,,,Fee Schedule,"100 % 1199 Fee Schedule. ",65.69,,,,,,,Fee Schedule,"100 % 1199 Fee Schedule. ",164.88,,,,,,,Fee Schedule,"250.997107626732 % Medicare Physician FS TC Rates Only. ",531.33,100,,,,,0,percent of total billed charges,100 percent of billed charges. ; No services were performed during the 15 month look back period.,65.69,,,,,,,Fee Schedule,"100% Medicare Lab FS. ",164.88,,,,,,,Fee Schedule,"250.997107626732 % Medicare Physician FS TC Rates Only. ",164.88,,,,,,,Fee Schedule,"250.997107626732 % Medicare Physician FS TC Rates Only. ",164.88,,,,,,,Fee Schedule,"250.997107626732 % Medicare Physician FS TC Rates Only. ",,,,,,,,Other,"100 Percent of Medicaid APG. ",,,,,,,,Other,"100 Percent of Medicaid APG. ",414.4374,78,,,,,0,percent of total billed charges,78% of Billed Charges. Lesser of 100% of billed charges applies.; No services were performed during the 15 month look back period.,65.69,,,,,,,Fee Schedule,"100 % 2019 CMS Clinical Lab National Limit Pub 20190115. ",,,,,,,,Other,"100 Percent of Medicaid APG. ",65.69,,,,,,,Fee Schedule,"100% Medicare Lab FS. ",115.97,,,,,,,Fee Schedule,"150 % 2018 Cigna RBRVS fee schedule. ",115.97,,,,,,,Fee Schedule,"150 % 2018 Cigna RBRVS fee schedule. ",115.97,,,,,,,Fee Schedule,"150 % 2018 Cigna RBRVS fee schedule. ",115.97,,,,,,,Fee Schedule,"150 % 2018 Cigna RBRVS fee schedule. ",59.12,,,,,,,Fee schedule,90 Percent of Medicare Laboratory. Covered services not payable under Medicaid Fee Schedules default to a payment of 50 percent of charges.,65.69,,,,,,,Fee Schedule,"100% Medicare Lab FS. ",59.12,,,,,,,Fee schedule,90 Percent of Medicare Laboratory. Covered services not payable under Medicaid Fee Schedules default to a payment of 50 percent of charges.,414.4374,78,,,,,0,percent of total billed charges,78% of Billed Charges. Lesser of 100% of billed charges applies.; No services were performed during the 15 month look back period.,164.88,,,,,,,Fee Schedule,"250.997107626732 % Medicare Physician FS TC Rates Only. ",65.69,,,,,,,Fee Schedule,"100% Medicare Lab FS. ",167.51,,,,,,,Fee Schedule,"255 % Medicare RBRVS. ",65.69,,,,,,,Fee Schedule,"100% Medicare Lab FS. ",65.69,,,,,,,Fee Schedule,"100% Medicare Lab FS. ",414.4374,78,,,,,0,percent of total billed charges,78% of Billed Charges. Lesser of 100% of billed charges applies.; No services were performed during the 15 month look back period.,65.69,,,,,,,Fee Schedule,100% Medicaid Fee Schedule. Lesser of 100% of billed charges applies.,65.69,,,,,,,Fee Schedule,100% Medicaid Fee Schedule. Lesser of 100% of billed charges applies.,59.12,,,,,,,Fee schedule,"90 Percent of Medicare RBRVS. ",59.12,,,,,,,Fee schedule,"90 Percent of Medicare RBRVS. ",167.51,,,,,,,Fee Schedule,"255 % Medicare RBRVS. ",167.51,,,,,,,Fee Schedule,"255 % Medicare RBRVS. ",,,,,,,,Other,"100 Percent of Medicaid APG. Not APG payable, or payable under another fee schedule like ASP/AWP pays at 30% of charges",167.51,,,,,,,Fee Schedule,"255 % Medicare RBRVS. ",,,,,,,,Other,"100 Percent of Medicaid APG. Not APG payable, or payable under another fee schedule like ASP/AWP pays at 30% of charges",65.69,,,,,,,Fee Schedule,"100% Medicare Lab FS. ",167.51,,,,,,,Fee Schedule,"255 % Medicare RBRVS. ",414.4374,78,,,,,0,percent of total billed charges,78% of Billed Charges. Lesser of 100% of billed charges applies.; No services were performed during the 15 month look back period.,,,,,,,,Other,"100 Percent of Medicaid APG. If not priced under APG, then Metroplus FeeSched",,,,,,,,Other,"100 Percent of Medicaid APG. If not priced under APG, then Metroplus FeeSched",414.4374,78,,,,,0,percent of total billed charges,78% of Billed Charges. Lesser of 100% of billed charges applies.; No services were performed during the 15 month look back period.,115.97,,,,,,,Fee Schedule,"150 % 2018 Cigna RBRVS fee schedule. ",65.69,,,,,,,Fee Schedule,"100 % 2019 CMS Clinical Lab National Limit Pub 20190115. ",65.69,,,,,,,Fee Schedule,"100 % 2019 CMS Clinical Lab National Limit Pub 20190115. ",414.4374,78,,,,,0,percent of total billed charges,78% of Billed Charges. Lesser of 100% of billed charges applies.; No services were performed during the 15 month look back period.,65.69,,,,,,,Fee Schedule,"100% Medicare Lab FS. ",65.69,,,,,,,Fee Schedule,"100 % 2019 CMS Clinical Lab National Limit Pub 20190115. ",65.69,,,,,,,Fee Schedule,"100 % 2019 CMS Clinical Lab National Limit Pub 20190115. ",65.69,,,,,,,Fee Schedule,"100 % 2019 CMS Clinical Lab National Limit Pub 20190115. ",65.69,,,,,,,Fee Schedule,"100% Medicare Lab FS. ",65.69,,,,,,,Fee Schedule,"100 % 2019 CMS Clinical Lab National Limit Pub 20190115. ",65.69,,,,,,,Fee Schedule,"100 % 2019 CMS Clinical Lab National Limit Pub 20190115. ",65.69,,,,,,,Fee Schedule,"100% of Medicare Lab FS. ",265.665,50,,,,,0,percent of total billed charges,50 percent of billed charges; No services were performed during the 15 month look back period.,345.3645,65,,87.09,48.24,531.33,1 through 10,percent of total billed charges,65% of Billed Charges. Lesser of 100% of billed charges applies.,345.3645,65,,531.33,531.33,531.33,14,percent of total billed charges,65% of Billed Charges. Lesser of 100% of billed charges applies.,345.3645,65,,78.83,78.83,78.83,1 through 10,percent of total billed charges,65% of Billed Charges. Lesser of 100% of billed charges applies.,345.3645,65,,531.33,531.33,531.33,1 through 10,percent of total billed charges,65% of Billed Charges. Lesser of 100% of billed charges applies.,345.3645,65,,48.24,48.24,531.33,1 through 10,percent of total billed charges,65% of Billed Charges. Lesser of 100% of billed charges applies.,345.3645,65,,531.33,48.24,531.33,22,percent of total billed charges,65% of Billed Charges. Lesser of 100% of billed charges applies.,65.69,,,,,,,Fee Schedule,"100% Medicare Lab FS. ",65.69,,,,,,,Fee Schedule,"100% Medicare Lab FS. ",345.3645,65,,,,,0,percent of total billed charges,65% of Billed Charges. Lesser of 100% of billed charges applies.; No services were performed during the 15 month look back period.,414.4374,78,,,,,0,percent of total billed charges,78% of Billed Charges. Lesser of 100% of billed charges applies.; No services were performed during the 15 month look back period.,414.4374,78,,,,,0,percent of total billed charges,78% of Billed Charges. Lesser of 100% of billed charges applies.; No services were performed during the 15 month look back period.,414.4374,78,,,,,0,percent of total billed charges,78% of Billed Charges. Lesser of 100% of billed charges applies.; No services were performed during the 15 month look back period.,414.4374,78,,,,,0,percent of total billed charges,78% of Billed Charges. Lesser of 100% of billed charges applies.; No services were performed during the 15 month look back period.,414.4374,78,,,,,0,percent of total billed charges,78% of Billed Charges. Lesser of 100% of billed charges applies.; No services were performed during the 15 month look back period.,414.4374,78,,,,,0,percent of total billed charges,78% of Billed Charges. Lesser of 100% of billed charges applies.; No services were performed during the 15 month look back period.,414.4374,78,,,,,0,percent of total billed charges,78% of Billed Charges. Lesser of 100% of billed charges applies.; No services were performed during the 15 month look back period.,414.4374,78,,,,,0,percent of total billed charges,78% of Billed Charges. Lesser of 100% of billed charges applies.; No services were performed during the 15 month look back period.,414.4374,78,,,,,0,percent of total billed charges,78% of Billed Charges. Lesser of 100% of billed charges applies.; No services were performed during the 15 month look back period.,414.4374,78,,,,,0,percent of total billed charges,78% of Billed Charges. Lesser of 100% of billed charges applies.; No services were performed during the 15 month look back period.,414.4374,78,,,,,0,percent of total billed charges,78% of Billed Charges. Lesser of 100% of billed charges applies.; No services were performed during the 15 month look back period.,414.4374,78,,,,,0,percent of total billed charges,78% of Billed Charges. Lesser of 100% of billed charges applies.; No services were performed during the 15 month look back period.,414.4374,78,,,,,0,percent of total billed charges,78% of Billed Charges. Lesser of 100% of billed charges applies.; No services were performed during the 15 month look back period.,414.4374,78,,,,,0,percent of total billed charges,78% of Billed Charges. Lesser of 100% of billed charges applies.; No services were performed during the 15 month look back period.,414.4374,78,,,,,0,percent of total billed charges,78% of Billed Charges. Lesser of 100% of billed charges applies.; No services were performed during the 15 month look back period.,414.4374,78,,,,,0,percent of total billed charges,78% of Billed Charges. Lesser of 100% of billed charges applies.; No services were performed during the 15 month look back period.,414.4374,78,,,,,0,percent of total billed charges,78% of Billed Charges. Lesser of 100% of billed charges applies.; No services were performed during the 15 month look back period.,414.4374,78,,,,,0,percent of total billed charges,78% of Billed Charges. Lesser of 100% of billed charges applies.; No services were performed during the 15 month look back period.,414.4374,78,,,,,0,percent of total billed charges,78% of Billed Charges. Lesser of 100% of billed charges applies.; No services were performed during the 15 month look back period.,414.4374,78,,,,,0,percent of total billed charges,78% of Billed Charges. Lesser of 100% of billed charges applies.; No services were performed during the 15 month look back period.,414.4374,78,,,,,0,percent of total billed charges,78% of Billed Charges. Lesser of 100% of billed charges applies.; No services were performed during the 15 month look back period.,414.4374,78,,,,,0,percent of total billed charges,78% of Billed Charges. Lesser of 100% of billed charges applies.; No services were performed during the 15 month look back period.,414.4374,78,,,,,0,percent of total billed charges,78% of Billed Charges. Lesser of 100% of billed charges applies.; No services were performed during the 15 month look back period.,414.4374,78,,,,,0,percent of total billed charges,78% of Billed Charges. Lesser of 100% of billed charges applies.; No services were performed during the 15 month look back period.,414.4374,78,,,,,0,percent of total billed charges,78% of Billed Charges. Lesser of 100% of billed charges applies.; No services were performed during the 15 month look back period.,414.4374,78,,531.33,531.33,531.33,1 through 10,percent of total billed charges,78% of Billed Charges. Lesser of 100% of billed charges applies.,167.51,,,,,,,Fee Schedule,"255 % Medicare RBRVS. ",167.51,,,,,,,Fee Schedule,"255 % Medicare RBRVS. ",167.51,,,,,,,Fee Schedule,"255 % Medicare RBRVS. ",167.51,,,,,,,Fee Schedule,"255 % Medicare RBRVS. ",126.78,,,,,,,Fee Schedule,"193 % Medicare RBRVS. ",126.78,,,,,,,Fee Schedule,"193 % Medicare RBRVS. ",115.97,,,,,,,Fee Schedule,"150 % 2018 Cigna RBRVS fee schedule. ",345.3645,65,,,,,0,percent of total billed charges,65% of Billed Charges. Lesser of 100% of billed charges applies.; No services were performed during the 15 month look back period.,65.69,,,,,,,Fee Schedule,"100 % 2019 CMS Clinical Lab National Limit Pub 20190115. ",345.3645,65,,48.24,48.24,48.24,1 through 10,percent of total billed charges,65% of Billed Charges. Lesser of 100% of billed charges applies.,414.4374,78,,,,,0,percent of total billed charges,78% of Billed Charges. Lesser of 100% of billed charges applies.; No services were performed during the 15 month look back period.,126.78,,,,,,,Fee Schedule,"193 % Medicare RBRVS. ",345.3645,65,,,,,0,percent of total billed charges,65% of Billed Charges. Lesser of 100% of billed charges applies.; No services were performed during the 15 month look back period.,65.69,,,,,,,Fee Schedule,"100 % 2019 CMS Clinical Lab National Limit Pub 20190115. ",115.97,,,,,,,Fee Schedule,"150 % 2018 Cigna RBRVS fee schedule. ",,,,,,,,,"NA. ",414.4374,78,,,,,0,percent of total billed charges,78% of Billed Charges. Lesser of 100% of billed charges applies.; No services were performed during the 15 month look back period.,,,,,,,,Other,"100 Percent of Medicaid APG. ",167.51,,,,,,,Fee Schedule,"255 % Medicare RBRVS. ",,,,,,,,Other,"100 Percent of Medicaid APG. Not APG payable, or payable under another fee schedule like ASP/AWP pays at 30% of charges",65.69,,,,,,,Fee Schedule,"100% Medicare Lab FS. ",65.69,,,,,,,Fee Schedule,"100% Medicare Lab FS. ",265.665,50,,,,,0,percent of total billed charges,50 percent of billed charges; No services were performed during the 15 month look back period.,65.69,,,,,,,Fee Schedule,"100% Medicare Lab FS. ",65.69,,,,,,,Fee Schedule,"100% Medicare Lab FS. ",,,,,,,,Other,"100 Percent of Medicaid APG. ",65.69,,,,,,,Fee Schedule,"100% Medicare Lab FS. ",65.69,,,,,,,Fee Schedule,"100% Medicare Lab FS. ",164.88,,,,,,,Fee Schedule,"250.997107626732 % Medicare Physician FS TC Rates Only. ",164.88,,,,,,,Fee Schedule,"250.997107626732 % Medicare Physician FS TC Rates Only. ",65.69,,,,,,,Fee Schedule,"100% Medicare Lab FS. ",115.97,,,,,,,Fee Schedule,"150 % 2018 Cigna RBRVS fee schedule. ",65.69,,,,,,,Fee Schedule,"100 % 2019 CMS Clinical Lab National Limit Pub 20190115. ",65.69,,,,,,,Fee Schedule,"100 % 2019 CMS Clinical Lab National Limit Pub 20190115. ",65.69,,,,,,,Fee Schedule,"100% Medicare Lab FS. ",115.97,,,,,,,Fee Schedule,"150 % 2018 Cigna RBRVS fee schedule. ",164.88,,,,,,,Fee Schedule,"250.997107626732 % Medicare Physician FS TC Rates Only. ",164.88,,,,,,,Fee Schedule,"250.997107626732 % Medicare Physician FS TC Rates Only. ",164.88,,,,,,,Fee Schedule,"250.997107626732 % Medicare Physician FS TC Rates Only. ",414.4374,78,,,,,0,percent of total billed charges,78% of Billed Charges. Lesser of 100% of billed charges applies.; No services were performed during the 15 month look back period.,414.4374,78,,,,,0,percent of total billed charges,78% of Billed Charges. Lesser of 100% of billed charges applies.; No services were performed during the 15 month look back period.,414.4374,78,,,,,0,percent of total billed charges,78% of Billed Charges. Lesser of 100% of billed charges applies.; No services were performed during the 15 month look back period.,414.4374,78,,,,,0,percent of total billed charges,78% of Billed Charges. Lesser of 100% of billed charges applies.; No services were performed during the 15 month look back period.,414.4374,78,,,,,0,percent of total billed charges,78% of Billed Charges. Lesser of 100% of billed charges applies.; No services were performed during the 15 month look back period.,414.4374,78,,,,,0,percent of total billed charges,78% of Billed Charges. Lesser of 100% of billed charges applies.; No services were performed during the 15 month look back period.,414.4374,78,,,,,0,percent of total billed charges,78% of Billed Charges. Lesser of 100% of billed charges applies.; No services were performed during the 15 month look back period.,414.4374,78,,,,,0,percent of total billed charges,78% of Billed Charges. Lesser of 100% of billed charges applies.; No services were performed during the 15 month look back period.,414.4374,78,,,,,0,percent of total billed charges,78% of Billed Charges. Lesser of 100% of billed charges applies.; No services were performed during the 15 month look back period.,414.4374,78,,,,,0,percent of total billed charges,78% of Billed Charges. Lesser of 100% of billed charges applies.; No services were performed during the 15 month look back period.,414.4374,78,,,,,0,percent of total billed charges,78% of Billed Charges. Lesser of 100% of billed charges applies.; No services were performed during the 15 month look back period.,126.78,,,,,,,Fee Schedule,"193 % Medicare RBRVS. ",345.3645,65,,531.33,531.33,531.33,1 through 10,percent of total billed charges,65% of Billed Charges. Lesser of 100% of billed charges applies.,115.97,,,,,,,Fee Schedule,"150 % 2018 Cigna RBRVS fee schedule. ",65.69,,,,,,,Fee Schedule,"100% Medicare Lab FS. ",164.88,,,,,,,Fee Schedule,"250.997107626732 % Medicare Physician FS TC Rates Only. ",115.97,,,,,,,Fee Schedule,"150 % 2018 Cigna RBRVS fee schedule. ",115.97,,,,,,,Fee Schedule,"150 % 2018 Cigna RBRVS fee schedule. ",414.4374,78,,,,,0,percent of total billed charges,78% of Billed Charges. Lesser of 100% of billed charges applies.; No services were performed during the 15 month look back period.,,,,,,,,Other,"Not payable. ",115.97,,,,,,,Fee Schedule,"150 % 2018 Cigna RBRVS fee schedule. ",,,,,,,,Other,"100 Percent of Medicaid APG. ",65.69,,,,,,,Fee Schedule,"100% Medicare Lab FS. ",65.69,,,,,,,Fee Schedule,"100% Medicare Lab FS. ",65.69,,,,,,,Fee Schedule,"100% Medicare Lab FS. ",65.69,,,,,,,Fee Schedule,"100% Medicare Lab FS. ",65.69,,,,,,,Fee Schedule,"100% Medicare Lab FS. ",65.69,,,,,,,Fee Schedule,"100% Medicare Lab FS. ",115.97,,,,,,,Fee Schedule,"150 % 2018 Cigna RBRVS fee schedule. ",265.665,50,,,,,0,percent of total billed charges,50 percent of billed charges; No services were performed during the 15 month look back period.,105.1,,,,,,,Fee Schedule,"160 Percent of Medicare Laboratory. ",105.1,,,,,,,Fee Schedule,"160 Percent of Medicare Laboratory. ",105.1,,,,,,,Fee Schedule,"160 Percent of Medicare Laboratory. ",105.1,,,,,,,Fee Schedule,"160 Percent of Medicare Laboratory. ",105.1,,,,,,,Fee Schedule,"160 Percent of Medicare Laboratory. ",,,,,,,,,"NA. ",265.665,50,,,,,0,percent of total billed charges,50 percent of billed charges; No services were performed during the 15 month look back period.,92.62,,,,,,,Fee Schedule,141 Percent of of Medicare Lab FS. Metroplus will reimburse unlisted codes and described codes with no Medicare rate at 50 percent of charges.,92.62,,,,,,,Fee Schedule,141 Percent of of Medicare Lab FS. Metroplus will reimburse unlisted codes and described codes with no Medicare rate at 50 percent of charges.,92.62,,,,,,,Fee Schedule,141 Percent of of Medicare Lab FS. Metroplus will reimburse unlisted codes and described codes with no Medicare rate at 50 percent of charges.,92.62,,,,,,,Fee Schedule,141 Percent of of Medicare Lab FS. Metroplus will reimburse unlisted codes and described codes with no Medicare rate at 50 percent of charges.,92.62,,,,,,,Fee Schedule,141 Percent of of Medicare Lab FS. Metroplus will reimburse unlisted codes and described codes with no Medicare rate at 50 percent of charges.,65.69,,,,,,,Fee Schedule,"100% Medicare Lab FS. ",126.78,,,,,,,Fee Schedule,"193 % Medicare RBRVS. ",126.78,,,,,,,Fee Schedule,"193 % Medicare RBRVS. ",126.78,,,,,,,Fee Schedule,"193 % Medicare RBRVS. ",126.78,,,,,,,Fee Schedule,"193 % Medicare RBRVS. ",164.88,,,,,,,Fee Schedule,"250.997107626732 % Medicare Physician FS TC Rates Only. ",164.88,,,,,,,Fee Schedule,"250.997107626732 % Medicare Physician FS TC Rates Only. ",164.88,,,,,,,Fee Schedule,"250.997107626732 % Medicare Physician FS TC Rates Only. ",164.88,,,,,,,Fee Schedule,"250.997107626732 % Medicare Physician FS TC Rates Only. ",265.665,50,,,,,0,percent of total billed charges,50 percent of billed charges; No services were performed during the 15 month look back period.,265.665,50,,,,,0,percent of total billed charges,50 percent of billed charges; No services were performed during the 15 month look back period.,65.69,,,,,,,Fee Schedule,"100% Medicare Lab FS. ",65.69,,,,,,,Fee Schedule,"100% Medicare Lab FS. ",65.69,,,,,,,Fee Schedule,"100% Medicare Lab FS. ",345.3645,65,,48.24,48.24,48.24,1 through 10,percent of total billed charges,65% of Billed Charges. Lesser of 100% of billed charges applies.,345.3645,65,,,,,0,percent of total billed charges,65% of Billed Charges. Lesser of 100% of billed charges applies.; No services were performed during the 15 month look back period.,345.3645,65,,,,,0,percent of total billed charges,65% of Billed Charges. Lesser of 100% of billed charges applies.; No services were performed during the 15 month look back period.,265.665,50,,,,,0,percent of total billed charges,50 percent of billed charges; No services were performed during the 15 month look back period.,164.88,,,,,,,Fee Schedule,"250.997107626732 % Medicare Physician FS TC Rates Only. ",65.69,,,,,,,Fee Schedule,"100% Medicare Lab FS. ",345.3645,65,,,,,0,percent of total billed charges,65% of Billed Charges. Lesser of 100% of billed charges applies.; No services were performed during the 15 month look back period.,,,,,,,,Other,"100 Percent of Medicaid APG. ",67,,,,,,,Fee Schedule,"102% of Medicare Lab FS. ",67,,,,,,,Fee Schedule,"102% of Medicare Lab FS. ",67,,,,,,,Fee Schedule,"102% of Medicare Lab FS. ",59.12,,,,,,,Fee schedule,"90 Percent of Medicare RBRVS. ",,,,,,,,Fee Schedule,225% of NYS APG. Lesser of 100% of billed charges applies.,,,,,,,,Fee Schedule,225% of NYS APG. Lesser of 100% of billed charges applies.,,,,,,,,Fee Schedule,225% of NYS APG. Lesser of 100% of billed charges applies.,,,,,,,,Fee Schedule,225% of NYS APG. Lesser of 100% of billed charges applies.,,,,,,,,Fee Schedule,225% of NYS APG. Lesser of 100% of billed charges applies.,67,,,,,,,Fee Schedule,"102% of Medicare Lab FS. ",,,,,,,,Other,"100 Percent of Medicaid APG. ",65.69,,,,,,,Fee Schedule,100% Medicaid Fee Schedule. Lesser of 100% of billed charges applies.,,,,,,,,Fee Schedule,225% of NYS APG. Lesser of 100% of billed charges applies.,,,,,,,,Fee Schedule,225% of NYS APG. Lesser of 100% of billed charges applies.,65.69,,,,,,,Fee Schedule,100% Medicaid Fee Schedule. Lesser of 100% of billed charges applies.,65.69,,,,,,,Fee Schedule,100% Medicaid Fee Schedule. Lesser of 100% of billed charges applies.,105.1,,,,,,,Fee Schedule,"160 Percent of Medicare Laboratory. ",65.69,,,,,,,Fee Schedule,"100% Medicare Lab FS. ",65.69,,,,,,,Fee Schedule,"100% Medicare Lab FS. ",164.88,,,,,,,Fee Schedule,"250.997107626732 % Medicare Physician FS TC Rates Only. ",65.69,,,,,,,Fee Schedule,"100% Medicare Lab FS. ",,,,,,,,Fee Schedule,"225 Percent of Medicaid APG. ",,,,,,,,Fee Schedule,"225 Percent of Medicaid APG. ",59.12,,,,,,,Fee schedule,"90 Percent of Medicare RBRVS. ",59.12,,,,,,,Fee schedule,"90 Percent of Medicare RBRVS. ",,,,,,,,Case Rate,Not Payable. Covered services not payable under Medicaid Fee Schedules default to a payment of 87.5 percent of charges.,59.12,,,,,,,Fee schedule,90 Percent of Medicare Laboratory. Covered services not payable under Medicaid Fee Schedules default to a payment of 50 percent of charges.,,,,,,,,Other,"100 Percent of Medicaid APG. ",,,,,,,,Other,"100 Percent of Medicaid APG. ",,,,,,,,Other,"100 Percent of Medicaid APG. ",,,,,,,,Other,"100 Percent of Medicaid APG. ",669.38,,,,,,,Fee Schedule,"1019 % Manhattan Facility Rate. ",265.665,50,,,,,0,percent of total billed charges,50 percent of billed charges; No services were performed during the 15 month look back period.,,,,,,,,Other,"120 Percent of Medicaid APG. Not APG payable, or payable under another fee schedule like ASP/AWP pays at 30% of charges",,,,,,,,Other,"120 Percent of Medicaid APG. Not APG payable, or payable under another fee schedule like ASP/AWP pays at 30% of charges",,,,,,,,Other,"100 Percent of Medicaid APG. Not APG payable, or payable under another fee schedule like ASP/AWP pays at 30% of charges",,,,,,,,Other,"100 Percent of Medicaid APG. Not APG payable, or payable under another fee schedule like ASP/AWP pays at 30% of charges",345.3645,65,,531.33,48.24,531.33,1 through 10,percent of total billed charges,65% of Billed Charges. Lesser of 100% of billed charges applies.,345.3645,65,,,,,0,percent of total billed charges,65% of Billed Charges. Lesser of 100% of billed charges applies.; No services were performed during the 15 month look back period.,65.69,,,,,,,Fee Schedule,"100% Medicare Lab FS. ",345.3645,65,,48.24,48.24,48.24,1 through 10,percent of total billed charges,65% of Billed Charges. Lesser of 100% of billed charges applies.,345.3645,65,,531.33,48.24,531.33,72,percent of total billed charges,65% of Billed Charges. Lesser of 100% of billed charges applies.,345.3645,65,,,,,0,percent of total billed charges,65% of Billed Charges. Lesser of 100% of billed charges applies.; No services were performed during the 15 month look back period.,345.3645,65,,,,,0,percent of total billed charges,65% of Billed Charges. Lesser of 100% of billed charges applies.; No services were performed during the 15 month look back period.,65.69,,,,,,,Fee Schedule,"100% Medicare Lab FS. ",345.3645,65,,,,,0,percent of total billed charges,65% of Billed Charges. Lesser of 100% of billed charges applies.; No services were performed during the 15 month look back period.,345.3645,65,,,,,0,percent of total billed charges,65% of Billed Charges. Lesser of 100% of billed charges applies.; No services were performed during the 15 month look back period.,164.88,,,,,,,Fee Schedule,"250.997107626732 % Medicare Physician FS TC Rates Only. ",,,,,,,,Fee Schedule,110% of APG. Lesser of 100% of billed charges applies.,59.12,,,,,,,Fee schedule,90 Percent of Medicare Laboratory. Covered services not payable under Medicaid Fee Schedules default to a payment of 50 percent of charges.,,,,,,,,Fee Schedule,225% of NYS APG. Lesser of 100% of billed charges applies.,,,,,,,,Case Rate,Not Payable. Covered services not payable under Medicaid Fee Schedules default to a payment of 87.5 percent of charges.,59.12,,,,,,,Fee schedule,90 Percent of Medicare Laboratory. Covered services not payable under Medicaid Fee Schedules default to a payment of 50 percent of charges.,,,,,,,,Fee Schedule,225% of NYS APG. Lesser of 100% of billed charges applies.,,,,,,,,Fee Schedule,225% of NYS APG. Lesser of 100% of billed charges applies.,,,,,,,,Fee Schedule,225% of NYS APG. Lesser of 100% of billed charges applies.,,,,,,,,Fee Schedule,225% of NYS APG. Lesser of 100% of billed charges applies.,,,,,,,,Fee Schedule,225% of NYS APG. Lesser of 100% of billed charges applies.,,,,,,,,Fee Schedule,225% of NYS APG. Lesser of 100% of billed charges applies.,,,,,,,,,"NA. ",,,,,,,,,"NA. ",,,,,,,,,"NA. ",115.97,,,,,,,Fee Schedule,"150 % 2018 Cigna RBRVS fee schedule. ",,,,,,,,,"NA. ",65.69,,,,,,,Fee Schedule,"100% Medicare Lab FS. ",65.69,,,,,,,Fee Schedule,"100 % 1199 Fee Schedule. ",65.69,,,,,,,Fee Schedule,"100% Medicare Lab FS. ",65.69,,,,,,,Fee Schedule,"100% Medicare Lab FS. ",,,,,,,,Other,"120 Percent of Medicaid APG. Not APG payable, or payable under another fee schedule like ASP/AWP pays at 30% of charges",,,,,,,,Other,"120 Percent of Medicaid APG. Not APG payable, or payable under another fee schedule like ASP/AWP pays at 30% of charges",,,,,,,,Other,"100 Percent of Medicaid APG. Not APG payable, or payable under another fee schedule like ASP/AWP pays at 30% of charges",,,,,,,,Other,"100 Percent of Medicaid APG. Not APG payable, or payable under another fee schedule like ASP/AWP pays at 30% of charges",,,,,,,,Other,"100 Percent of Medicaid APG. ",142.55,,,,,,,Fee Schedule,"217 % Medicare RBRVS. ",164.88,,,,,,,Fee Schedule,"250.997107626732 % Medicare Physician FS TC Rates Only. ",167.51,,,,,,,Fee Schedule,"255 % Medicare RBRVS. ",115.97,,,,,,,Fee Schedule,"150 % 2018 Cigna RBRVS fee schedule. ",65.69,,,,,,,Fee Schedule,"100% Medicare Lab FS. ",65.69,,,,,,,Fee Schedule,"100% Medicare Lab FS. ",65.69,,,,,,,Fee Schedule,"100% Medicare Lab FS. ",65.69,,,,,,,Fee Schedule,"100% Medicare Lab FS. ",65.69,,,,,,,Fee Schedule,"100% Medicare Lab FS. ",65.69,,,,,,,Fee Schedule,"100% Medicare Lab FS. ",,,,,,,,,"NA. ",,,,,,,,Fee Schedule,225% of NYS APG. Lesser of 100% of billed charges applies.,65.69,,,,,,,Fee Schedule,100% Medicaid Fee Schedule. Lesser of 100% of billed charges applies.,345.3645,65,,,,,0,percent of total billed charges,65% of Billed Charges. Lesser of 100% of billed charges applies.; No services were performed during the 15 month look back period.,142.55,,,,,,,Fee Schedule,"217 % Medicare RBRVS. ",142.55,,,,,,,Fee Schedule,"217 % Medicare RBRVS. ",142.55,,,,,,,Fee Schedule,"217 % Medicare RBRVS. ",142.55,,,,,,,Fee Schedule,"217 % Medicare RBRVS. ",65.69,,,,,,,Fee Schedule,"100% Medicare Lab FS. ",,,,,,,,Other,"100 Percent of Medicaid APG. ",345.3645,65,,,,,0,percent of total billed charges,65% of Billed Charges. Lesser of 100% of billed charges applies.; No services were performed during the 15 month look back period.,,,,,,,,Other,"100 Percent of Medicaid APG. ",65.69,,,,,,,Fee Schedule,"100% Medicare Lab FS. ",,,,,,,,Other,"100 Percent of Medicaid APG. ",65.69,,,,,,,Fee Schedule,"100% Medicare Lab FS. ",65.69,,,,,,,Fee Schedule,"100% Medicare Lab FS. ",,,,,,,,Other,"100 Percent of Medicaid APG. ",,,,,,,,Other,"100 Percent of Medicaid APG. ",142.55,,,,,,,Fee Schedule,"217 % Medicare RBRVS. ",115.97,,,,,,,Fee Schedule,"150 % 2018 Cigna RBRVS fee schedule. ",414.4374,78,,,,,0,percent of total billed charges,78% of Billed Charges. Lesser of 100% of billed charges applies.; No services were performed during the 15 month look back period.,65.69,,,,,,,Fee Schedule,"100 % 2019 CMS Clinical Lab National Limit Pub 20190115. ",65.69,,,,,,,Fee Schedule,"100 % 2019 CMS Clinical Lab National Limit Pub 20190115. ",164.88,,,,,,,Fee Schedule,"250.997107626732 % Medicare Physician FS TC Rates Only. ",64.38,,,,,,,Fee Schedule,"98% Lab FS. ",126.78,,,,,,,Fee Schedule,"193 % Medicare RBRVS. ",126.78,,,,,,,Fee Schedule,"193 % Medicare RBRVS. ",276.2916,52,,,,,0,percent of total billed charges,52% of Billed Charges. Lesser of 100% of billed charges applies.; No services were performed during the 15 month look back period.,276.2916,52,,,,,0,percent of total billed charges,52% of Billed Charges. Lesser of 100% of billed charges applies.; No services were performed during the 15 month look back period.,65.69,,,,,,,Fee Schedule,"100% Medicare Lab FS. ",65.69,,,,,,,Fee Schedule,"100% Medicare Lab FS. ",65.69,,,,,,,Fee Schedule,"100% Medicare Lab FS. ",65.69,,,,,,,Fee Schedule,"100% Medicare Lab FS. ",65.69,,,,,,,Fee Schedule,"100 % 2019 CMS Clinical Lab National Limit Pub 20190115. ",345.3645,65,,,,,0,percent of total billed charges,65% of Billed Charges. Lesser of 100% of billed charges applies.; No services were performed during the 15 month look back period.,345.3645,65,,,,,0,percent of total billed charges,65% of Billed Charges. Lesser of 100% of billed charges applies.; No services were performed during the 15 month look back period.,65.69,,,,,,,Fee Schedule,"100% Medicare Lab FS. ",276.2916,52,,531.33,38.51,531.33,1 through 10,percent of total billed charges,52% of Billed Charges. Lesser of 100% of billed charges applies.,167.51,,,,,,,Fee Schedule,"255 % Medicare RBRVS. ",,,,,,,,Fee Schedule,"120 Percent of Medicaid APG. ",,,,,,,,Other,"100 Percent of Medicaid APG. ",142.55,,,,,,,Fee Schedule,"217 % Medicare RBRVS. ",313.4847,59,,,,,0,percent of total billed charges,59% of Billed Charges. Lesser of 100% of billed charges applies.; No services were performed during the 15 month look back period.,313.4847,59,,531.33,43.37,531.33,1 through 10,percent of total billed charges,59% of Billed Charges. Lesser of 100% of billed charges applies.,345.3645,65,,,,,0,percent of total billed charges,65% of Billed Charges. Lesser of 100% of billed charges applies.; No services were performed during the 15 month look back period.,265.665,50,,,,,0,percent of total billed charges,50 percent of billed charges; No services were performed during the 15 month look back period.,65.69,,,,,,,Fee Schedule,"100% Medicare Lab FS. ",,,,,,,,Fee Schedule,"Not payable. ",,,,,,,,Fee Schedule,"Not payable. ",,,,,,,,Fee Schedule,"Not payable. ",,,,,,,,Fee Schedule,"Not payable. ",65.69,,,,,,,Fee Schedule,"100 % 2019 CMS Clinical Lab National Limit Pub 20190115. ",,,,,,,,Fee Schedule,"Not payable. ",,,,,,,,Fee Schedule,"Not payable. ",,,,,,,,Fee Schedule,"Not payable. ",,,,,,,,Fee Schedule,"Not payable. ",,,,,,,,Fee Schedule,"Not payable. ",,,,,,,,Fee Schedule,"Not payable. ",,,,,,,,Fee Schedule,"Not payable. ",65.69,,,,,,,Fee Schedule,"100% Medicare Lab FS. ",65.69,,,,,,,Fee Schedule,"100 % 2019 CMS Clinical Lab National Limit Pub 20190115. ",65.69,,,,,,,Fee Schedule,"100% Medicare Lab FS. ",,,,,,,,Fee Schedule,"Not payable. ",345.3645,65,,,,,0,percent of total billed charges,65% of Billed Charges. Lesser of 100% of billed charges applies.; No services were performed during the 15 month look back period.,65.69,,,,,,,Fee Schedule,"100% Medicare Lab FS. ",345.3645,65,,,,,0,percent of total billed charges,65% of Billed Charges. Lesser of 100% of billed charges applies.; No services were performed during the 15 month look back period.,345.3645,65,,,,,0,percent of total billed charges,65% of Billed Charges. Lesser of 100% of billed charges applies.; No services were performed during the 15 month look back period.,345.3645,65,,,,,0,percent of total billed charges,65% of Billed Charges. Lesser of 100% of billed charges applies.; No services were performed during the 15 month look back period.,,,,,,,,Fee Schedule,"Not payable. ",65.69,,,,,,,Fee Schedule,"100% Medicare Lab FS. ",345.3645,65,,,,,0,percent of total billed charges,65% of Billed Charges. Lesser of 100% of billed charges applies.; No services were performed during the 15 month look back period.,,,,,,,,Fee Schedule,"Not payable. ",345.3645,65,,,,,0,percent of total billed charges,65% of Billed Charges. Lesser of 100% of billed charges applies.; No services were performed during the 15 month look back period.,98.53,,,,,,,Fee Schedule,"150% of Medicare Lab FS. ",65.69,,,,,,,Fee Schedule,"100% Medicare Lab FS. ",142.55,,,,,,,Fee Schedule,"217 % Medicare RBRVS. ",142.55,,,,,,,Fee Schedule,"217 % Medicare RBRVS. ",142.55,,,,,,,Fee Schedule,"217 % Medicare RBRVS. ",142.55,,,,,,,Fee Schedule,"217 % Medicare RBRVS. ",142.55,,,,,,,Fee Schedule,"217 % Medicare RBRVS. ",167.51,,,,,,,Fee Schedule,"255 % Medicare RBRVS. ",167.51,,,,,,,Fee Schedule,"255 % Medicare RBRVS. ",142.55,,,,,,,Fee Schedule,"217 % Medicare RBRVS. ",142.55,,,,,,,Fee Schedule,"217 % Medicare RBRVS. ",142.55,,,,,,,Fee Schedule,"217 % Medicare RBRVS. ",142.55,,,,,,,Fee Schedule,"217 % Medicare RBRVS. ",142.55,,,,,,,Fee Schedule,"217 % Medicare RBRVS. ",65.69,,,,,,,Fee Schedule,"100% Medicare Lab FS. ",167.51,,,,,,,Fee Schedule,"255 % Medicare RBRVS. ",65.69,,,,,,,Fee Schedule,"100% Medicare Lab FS. ",,,,,,,,Other,"225 Percent of Medicaid APG. If not included in Medicaid APG, then 100 Percent of Manhattan Medicare",,,,,,,,Other,"100 Percent of Medicaid APG. If not priced under APG, then Metroplus FeeSched",65.69,,,,,,,Fee Schedule,"100 % 2019 CMS Clinical Lab National Limit Pub 20190115. ",65.69,,,,,,,Fee Schedule,"100 % 2019 CMS Clinical Lab National Limit Pub 20190115. ",65.69,,,,,,,Fee Schedule,"100% Medicare Lab FS. ",126.78,,,,,,,Fee Schedule,"193 % Medicare RBRVS. ",65.69,,,,,,,Fee Schedule,"100% Medicare Lab FS. ",65.69,,,,,,,Fee Schedule,"100% Medicare Lab FS. ",164.88,,,,,,,Fee Schedule,"250.997107626732 % Medicare Physician FS TC Rates Only. ",65.69,,,,,,,Fee Schedule,"100% Medicare Lab FS. ",115.97,,,,,,,Fee Schedule,"150 % 2018 Cigna RBRVS fee schedule. ",65.69,,,,,,,Fee Schedule,"100% Medicare Lab FS. ",115.97,,,,,,,Fee Schedule,"150 % 2018 Cigna RBRVS fee schedule. ",164.88,,,,,,,Fee Schedule,"250.997107626732 % Medicare Physician FS TC Rates Only. ",115.97,,,,,,,Fee Schedule,"150 % 2018 Cigna RBRVS fee schedule. ",65.69,,,,,,,Fee Schedule,"100% Medicare Lab FS. ",,,,,,,,Other,"100 Percent of Medicaid APG. ",65.69,,,,,,,Fee Schedule,"100% Medicare Lab FS. ",115.97,,,,,,,Fee Schedule,"150 % 2018 Cigna RBRVS fee schedule. ",65.69,,,,,,,Fee Schedule,"100 % 2019 CMS Clinical Lab National Limit Pub 20190115. ",,,,,,,,Other,"100 Percent of Medicaid APG. ",345.3645,65,,,,,0,percent of total billed charges,65% of Billed Charges. Lesser of 100% of billed charges applies.; No services were performed during the 15 month look back period.,,,,,,,,Fee Schedule,"120 Percent of Medicaid APG. ",,,,,,,,Fee Schedule,"120 Percent of Medicaid APG. ",345.3645,65,,,,,0,percent of total billed charges,65% of Billed Charges. Lesser of 100% of billed charges applies.; No services were performed during the 15 month look back period.,345.3645,65,,,,,0,percent of total billed charges,65% of Billed Charges. Lesser of 100% of billed charges applies.; No services were performed during the 15 month look back period.,345.3645,65,,,,,0,percent of total billed charges,65% of Billed Charges. Lesser of 100% of billed charges applies.; No services were performed during the 15 month look back period.,65.69,,,,,,,Fee Schedule,"100 % 2019 CMS Clinical Lab National Limit Pub 20190115. ",345.3645,65,,,,,0,percent of total billed charges,65% of Billed Charges. Lesser of 100% of billed charges applies.; No services were performed during the 15 month look back period.,345.3645,65,,,,,0,percent of total billed charges,65% of Billed Charges. Lesser of 100% of billed charges applies.; No services were performed during the 15 month look back period.,345.3645,65,,,,,0,percent of total billed charges,65% of Billed Charges. Lesser of 100% of billed charges applies.; No services were performed during the 15 month look back period.,142.55,,,,,,,Fee Schedule,"217 % Medicare RBRVS. ",142.55,,,,,,,Fee Schedule,"217 % Medicare RBRVS. ",92.62,,,,,,,Fee Schedule,141 Percent of of Medicare Lab FS. Metroplus will reimburse unlisted codes and described codes with no Medicare rate at 50 percent of charges.,,,,,,,,Other,"100 Percent of Medicaid APG. ",65.69,,,,,,,Fee Schedule,"100 % 2019 CMS Clinical Lab National Limit Pub 20190115. ",115.97,,,,,,,Fee Schedule,"150 % 2018 Cigna RBRVS fee schedule. ",164.88,,,,,,,Fee Schedule,"250.997107626732 % Medicare Physician FS TC Rates Only. ",65.69,,,,,,,Fee Schedule,"100 % 2019 CMS Clinical Lab National Limit Pub 20190115. ",164.88,,,,,,,Fee Schedule,"250.997107626732 % Medicare Physician FS TC Rates Only. ",65.69,,,,,,,Fee Schedule,"100 % 2019 CMS Clinical Lab National Limit Pub 20190115. ",345.3645,65,,,,,0,percent of total billed charges,65% of Billed Charges. Lesser of 100% of billed charges applies.; No services were performed during the 15 month look back period.,345.3645,65,,,,,0,percent of total billed charges,65% of Billed Charges. Lesser of 100% of billed charges applies.; No services were performed during the 15 month look back period.,345.3645,65,,,,,0,percent of total billed charges,65% of Billed Charges. Lesser of 100% of billed charges applies.; No services were performed during the 15 month look back period.,345.3645,65,,,,,0,percent of total billed charges,65% of Billed Charges. Lesser of 100% of billed charges applies.; No services were performed during the 15 month look back period.,65.69,,,,,,,Fee Schedule,"100% Medicare Lab FS. ",34.56,669.38,
81253,CPT,2024542,LOCAL,310,RC,HC GJB2 GENE KNOWN FAM VARIANTS,1188.17,73.82,both,,,,61.52,,,,,,,Fee Schedule,"100 % 1199 Fee Schedule. ",61.52,,,,,,,Fee Schedule,"100 % 1199 Fee Schedule. ",154.42,,,,,,,Fee Schedule,"251.007802340702 % Medicare Physician FS TC Rates Only. ",1188.17,100,,,,,0,percent of total billed charges,100 percent of billed charges. ; No services were performed during the 15 month look back period.,61.52,,,,,,,Fee Schedule,"100% Medicare Lab FS. ",154.42,,,,,,,Fee Schedule,"251.007802340702 % Medicare Physician FS TC Rates Only. ",154.42,,,,,,,Fee Schedule,"251.007802340702 % Medicare Physician FS TC Rates Only. ",154.42,,,,,,,Fee Schedule,"251.007802340702 % Medicare Physician FS TC Rates Only. ",,,,,,,,Other,"100 Percent of Medicaid APG. ",,,,,,,,Other,"100 Percent of Medicaid APG. ",926.7726,78,,,,,0,percent of total billed charges,78% of Billed Charges. Lesser of 100% of billed charges applies.; No services were performed during the 15 month look back period.,61.52,,,,,,,Fee Schedule,"100 % 2019 CMS Clinical Lab National Limit Pub 20190115. ",,,,,,,,Other,"100 Percent of Medicaid APG. ",61.52,,,,,,,Fee Schedule,"100% Medicare Lab FS. ",108.96,,,,,,,Fee Schedule,"150 % 2018 Cigna RBRVS fee schedule. ",108.96,,,,,,,Fee Schedule,"150 % 2018 Cigna RBRVS fee schedule. ",108.96,,,,,,,Fee Schedule,"150 % 2018 Cigna RBRVS fee schedule. ",108.96,,,,,,,Fee Schedule,"150 % 2018 Cigna RBRVS fee schedule. ",55.37,,,,,,,Fee schedule,90 Percent of Medicare Laboratory. Covered services not payable under Medicaid Fee Schedules default to a payment of 50 percent of charges.,61.52,,,,,,,Fee Schedule,"100% Medicare Lab FS. ",55.37,,,,,,,Fee schedule,90 Percent of Medicare Laboratory. Covered services not payable under Medicaid Fee Schedules default to a payment of 50 percent of charges.,926.7726,78,,,,,0,percent of total billed charges,78% of Billed Charges. Lesser of 100% of billed charges applies.; No services were performed during the 15 month look back period.,154.42,,,,,,,Fee Schedule,"251.007802340702 % Medicare Physician FS TC Rates Only. ",61.52,,,,,,,Fee Schedule,"100% Medicare Lab FS. ",156.88,,,,,,,Fee Schedule,"255 % Medicare RBRVS. ",61.52,,,,,,,Fee Schedule,"100% Medicare Lab FS. ",61.52,,,,,,,Fee Schedule,"100% Medicare Lab FS. ",926.7726,78,,,,,0,percent of total billed charges,78% of Billed Charges. Lesser of 100% of billed charges applies.; No services were performed during the 15 month look back period.,,,,,,,,Fee Schedule,100% Medicaid Fee Schedule. Lesser of 100% of billed charges applies.,,,,,,,,Fee Schedule,100% Medicaid Fee Schedule. Lesser of 100% of billed charges applies.,55.37,,,,,,,Fee schedule,"90 Percent of Medicare RBRVS. ",55.37,,,,,,,Fee schedule,"90 Percent of Medicare RBRVS. ",156.88,,,,,,,Fee Schedule,"255 % Medicare RBRVS. ",156.88,,,,,,,Fee Schedule,"255 % Medicare RBRVS. ",,,,,,,,Other,"100 Percent of Medicaid APG. Not APG payable, or payable under another fee schedule like ASP/AWP pays at 30% of charges",156.88,,,,,,,Fee Schedule,"255 % Medicare RBRVS. ",,,,,,,,Other,"100 Percent of Medicaid APG. Not APG payable, or payable under another fee schedule like ASP/AWP pays at 30% of charges",61.52,,,,,,,Fee Schedule,"100% Medicare Lab FS. ",156.88,,,,,,,Fee Schedule,"255 % Medicare RBRVS. ",926.7726,78,,,,,0,percent of total billed charges,78% of Billed Charges. Lesser of 100% of billed charges applies.; No services were performed during the 15 month look back period.,,,,,,,,Other,"100 Percent of Medicaid APG. If not priced under APG, then Metroplus FeeSched",,,,,,,,Other,"100 Percent of Medicaid APG. If not priced under APG, then Metroplus FeeSched",926.7726,78,,,,,0,percent of total billed charges,78% of Billed Charges. Lesser of 100% of billed charges applies.; No services were performed during the 15 month look back period.,108.96,,,,,,,Fee Schedule,"150 % 2018 Cigna RBRVS fee schedule. ",61.52,,,,,,,Fee Schedule,"100 % 2019 CMS Clinical Lab National Limit Pub 20190115. ",61.52,,,,,,,Fee Schedule,"100 % 2019 CMS Clinical Lab National Limit Pub 20190115. ",926.7726,78,,,,,0,percent of total billed charges,78% of Billed Charges. Lesser of 100% of billed charges applies.; No services were performed during the 15 month look back period.,61.52,,,,,,,Fee Schedule,"100% Medicare Lab FS. ",61.52,,,,,,,Fee Schedule,"100 % 2019 CMS Clinical Lab National Limit Pub 20190115. ",61.52,,,,,,,Fee Schedule,"100 % 2019 CMS Clinical Lab National Limit Pub 20190115. ",61.52,,,,,,,Fee Schedule,"100 % 2019 CMS Clinical Lab National Limit Pub 20190115. ",61.52,,,,,,,Fee Schedule,"100% Medicare Lab FS. ",61.52,,,,,,,Fee Schedule,"100 % 2019 CMS Clinical Lab National Limit Pub 20190115. ",61.52,,,,,,,Fee Schedule,"100 % 2019 CMS Clinical Lab National Limit Pub 20190115. ",61.52,,,,,,,Fee Schedule,"100% of Medicare Lab FS. ",594.085,50,,,,,0,percent of total billed charges,50 percent of billed charges; No services were performed during the 15 month look back period.,772.3105,65,,,,,0,percent of total billed charges,65% of Billed Charges. Lesser of 100% of billed charges applies.; No services were performed during the 15 month look back period.,772.3105,65,,,,,0,percent of total billed charges,65% of Billed Charges. Lesser of 100% of billed charges applies.; No services were performed during the 15 month look back period.,772.3105,65,,,,,0,percent of total billed charges,65% of Billed Charges. Lesser of 100% of billed charges applies.; No services were performed during the 15 month look back period.,772.3105,65,,,,,0,percent of total billed charges,65% of Billed Charges. Lesser of 100% of billed charges applies.; No services were performed during the 15 month look back period.,772.3105,65,,,,,0,percent of total billed charges,65% of Billed Charges. Lesser of 100% of billed charges applies.; No services were performed during the 15 month look back period.,772.3105,65,,,,,0,percent of total billed charges,65% of Billed Charges. Lesser of 100% of billed charges applies.; No services were performed during the 15 month look back period.,61.52,,,,,,,Fee Schedule,"100% Medicare Lab FS. ",61.52,,,,,,,Fee Schedule,"100% Medicare Lab FS. ",772.3105,65,,,,,0,percent of total billed charges,65% of Billed Charges. Lesser of 100% of billed charges applies.; No services were performed during the 15 month look back period.,926.7726,78,,,,,0,percent of total billed charges,78% of Billed Charges. Lesser of 100% of billed charges applies.; No services were performed during the 15 month look back period.,926.7726,78,,,,,0,percent of total billed charges,78% of Billed Charges. Lesser of 100% of billed charges applies.; No services were performed during the 15 month look back period.,926.7726,78,,,,,0,percent of total billed charges,78% of Billed Charges. Lesser of 100% of billed charges applies.; No services were performed during the 15 month look back period.,926.7726,78,,,,,0,percent of total billed charges,78% of Billed Charges. Lesser of 100% of billed charges applies.; No services were performed during the 15 month look back period.,926.7726,78,,,,,0,percent of total billed charges,78% of Billed Charges. Lesser of 100% of billed charges applies.; No services were performed during the 15 month look back period.,926.7726,78,,,,,0,percent of total billed charges,78% of Billed Charges. Lesser of 100% of billed charges applies.; No services were performed during the 15 month look back period.,926.7726,78,,,,,0,percent of total billed charges,78% of Billed Charges. Lesser of 100% of billed charges applies.; No services were performed during the 15 month look back period.,926.7726,78,,,,,0,percent of total billed charges,78% of Billed Charges. Lesser of 100% of billed charges applies.; No services were performed during the 15 month look back period.,926.7726,78,,,,,0,percent of total billed charges,78% of Billed Charges. Lesser of 100% of billed charges applies.; No services were performed during the 15 month look back period.,926.7726,78,,,,,0,percent of total billed charges,78% of Billed Charges. Lesser of 100% of billed charges applies.; No services were performed during the 15 month look back period.,926.7726,78,,,,,0,percent of total billed charges,78% of Billed Charges. Lesser of 100% of billed charges applies.; No services were performed during the 15 month look back period.,926.7726,78,,,,,0,percent of total billed charges,78% of Billed Charges. Lesser of 100% of billed charges applies.; No services were performed during the 15 month look back period.,926.7726,78,,,,,0,percent of total billed charges,78% of Billed Charges. Lesser of 100% of billed charges applies.; No services were performed during the 15 month look back period.,926.7726,78,,,,,0,percent of total billed charges,78% of Billed Charges. Lesser of 100% of billed charges applies.; No services were performed during the 15 month look back period.,926.7726,78,,,,,0,percent of total billed charges,78% of Billed Charges. Lesser of 100% of billed charges applies.; No services were performed during the 15 month look back period.,926.7726,78,,,,,0,percent of total billed charges,78% of Billed Charges. Lesser of 100% of billed charges applies.; No services were performed during the 15 month look back period.,926.7726,78,,,,,0,percent of total billed charges,78% of Billed Charges. Lesser of 100% of billed charges applies.; No services were performed during the 15 month look back period.,926.7726,78,,,,,0,percent of total billed charges,78% of Billed Charges. Lesser of 100% of billed charges applies.; No services were performed during the 15 month look back period.,926.7726,78,,,,,0,percent of total billed charges,78% of Billed Charges. Lesser of 100% of billed charges applies.; No services were performed during the 15 month look back period.,926.7726,78,,,,,0,percent of total billed charges,78% of Billed Charges. Lesser of 100% of billed charges applies.; No services were performed during the 15 month look back period.,926.7726,78,,,,,0,percent of total billed charges,78% of Billed Charges. Lesser of 100% of billed charges applies.; No services were performed during the 15 month look back period.,926.7726,78,,,,,0,percent of total billed charges,78% of Billed Charges. Lesser of 100% of billed charges applies.; No services were performed during the 15 month look back period.,926.7726,78,,,,,0,percent of total billed charges,78% of Billed Charges. Lesser of 100% of billed charges applies.; No services were performed during the 15 month look back period.,926.7726,78,,,,,0,percent of total billed charges,78% of Billed Charges. Lesser of 100% of billed charges applies.; No services were performed during the 15 month look back period.,926.7726,78,,,,,0,percent of total billed charges,78% of Billed Charges. Lesser of 100% of billed charges applies.; No services were performed during the 15 month look back period.,926.7726,78,,,,,0,percent of total billed charges,78% of Billed Charges. Lesser of 100% of billed charges applies.; No services were performed during the 15 month look back period.,156.88,,,,,,,Fee Schedule,"255 % Medicare RBRVS. ",156.88,,,,,,,Fee Schedule,"255 % Medicare RBRVS. ",156.88,,,,,,,Fee Schedule,"255 % Medicare RBRVS. ",156.88,,,,,,,Fee Schedule,"255 % Medicare RBRVS. ",118.73,,,,,,,Fee Schedule,"193 % Medicare RBRVS. ",118.73,,,,,,,Fee Schedule,"193 % Medicare RBRVS. ",108.96,,,,,,,Fee Schedule,"150 % 2018 Cigna RBRVS fee schedule. ",772.3105,65,,,,,0,percent of total billed charges,65% of Billed Charges. Lesser of 100% of billed charges applies.; No services were performed during the 15 month look back period.,61.52,,,,,,,Fee Schedule,"100 % 2019 CMS Clinical Lab National Limit Pub 20190115. ",772.3105,65,,,,,0,percent of total billed charges,65% of Billed Charges. Lesser of 100% of billed charges applies.; No services were performed during the 15 month look back period.,926.7726,78,,,,,0,percent of total billed charges,78% of Billed Charges. Lesser of 100% of billed charges applies.; No services were performed during the 15 month look back period.,118.73,,,,,,,Fee Schedule,"193 % Medicare RBRVS. ",772.3105,65,,,,,0,percent of total billed charges,65% of Billed Charges. Lesser of 100% of billed charges applies.; No services were performed during the 15 month look back period.,61.52,,,,,,,Fee Schedule,"100 % 2019 CMS Clinical Lab National Limit Pub 20190115. ",108.96,,,,,,,Fee Schedule,"150 % 2018 Cigna RBRVS fee schedule. ",,,,,,,,,"NA. ",926.7726,78,,,,,0,percent of total billed charges,78% of Billed Charges. Lesser of 100% of billed charges applies.; No services were performed during the 15 month look back period.,,,,,,,,Other,"100 Percent of Medicaid APG. ",156.88,,,,,,,Fee Schedule,"255 % Medicare RBRVS. ",,,,,,,,Other,"100 Percent of Medicaid APG. Not APG payable, or payable under another fee schedule like ASP/AWP pays at 30% of charges",61.52,,,,,,,Fee Schedule,"100% Medicare Lab FS. ",61.52,,,,,,,Fee Schedule,"100% Medicare Lab FS. ",594.085,50,,,,,0,percent of total billed charges,50 percent of billed charges; No services were performed during the 15 month look back period.,61.52,,,,,,,Fee Schedule,"100% Medicare Lab FS. ",61.52,,,,,,,Fee Schedule,"100% Medicare Lab FS. ",,,,,,,,Other,"100 Percent of Medicaid APG. ",61.52,,,,,,,Fee Schedule,"100% Medicare Lab FS. ",61.52,,,,,,,Fee Schedule,"100% Medicare Lab FS. ",154.42,,,,,,,Fee Schedule,"251.007802340702 % Medicare Physician FS TC Rates Only. ",154.42,,,,,,,Fee Schedule,"251.007802340702 % Medicare Physician FS TC Rates Only. ",61.52,,,,,,,Fee Schedule,"100% Medicare Lab FS. ",108.96,,,,,,,Fee Schedule,"150 % 2018 Cigna RBRVS fee schedule. ",61.52,,,,,,,Fee Schedule,"100 % 2019 CMS Clinical Lab National Limit Pub 20190115. ",61.52,,,,,,,Fee Schedule,"100 % 2019 CMS Clinical Lab National Limit Pub 20190115. ",61.52,,,,,,,Fee Schedule,"100% Medicare Lab FS. ",108.96,,,,,,,Fee Schedule,"150 % 2018 Cigna RBRVS fee schedule. ",154.42,,,,,,,Fee Schedule,"251.007802340702 % Medicare Physician FS TC Rates Only. ",154.42,,,,,,,Fee Schedule,"251.007802340702 % Medicare Physician FS TC Rates Only. ",154.42,,,,,,,Fee Schedule,"251.007802340702 % Medicare Physician FS TC Rates Only. ",926.7726,78,,,,,0,percent of total billed charges,78% of Billed Charges. Lesser of 100% of billed charges applies.; No services were performed during the 15 month look back period.,926.7726,78,,,,,0,percent of total billed charges,78% of Billed Charges. Lesser of 100% of billed charges applies.; No services were performed during the 15 month look back period.,926.7726,78,,,,,0,percent of total billed charges,78% of Billed Charges. Lesser of 100% of billed charges applies.; No services were performed during the 15 month look back period.,926.7726,78,,,,,0,percent of total billed charges,78% of Billed Charges. Lesser of 100% of billed charges applies.; No services were performed during the 15 month look back period.,926.7726,78,,,,,0,percent of total billed charges,78% of Billed Charges. Lesser of 100% of billed charges applies.; No services were performed during the 15 month look back period.,926.7726,78,,,,,0,percent of total billed charges,78% of Billed Charges. Lesser of 100% of billed charges applies.; No services were performed during the 15 month look back period.,926.7726,78,,,,,0,percent of total billed charges,78% of Billed Charges. Lesser of 100% of billed charges applies.; No services were performed during the 15 month look back period.,926.7726,78,,,,,0,percent of total billed charges,78% of Billed Charges. Lesser of 100% of billed charges applies.; No services were performed during the 15 month look back period.,926.7726,78,,,,,0,percent of total billed charges,78% of Billed Charges. Lesser of 100% of billed charges applies.; No services were performed during the 15 month look back period.,926.7726,78,,,,,0,percent of total billed charges,78% of Billed Charges. Lesser of 100% of billed charges applies.; No services were performed during the 15 month look back period.,926.7726,78,,,,,0,percent of total billed charges,78% of Billed Charges. Lesser of 100% of billed charges applies.; No services were performed during the 15 month look back period.,118.73,,,,,,,Fee Schedule,"193 % Medicare RBRVS. ",772.3105,65,,,,,0,percent of total billed charges,65% of Billed Charges. Lesser of 100% of billed charges applies.; No services were performed during the 15 month look back period.,108.96,,,,,,,Fee Schedule,"150 % 2018 Cigna RBRVS fee schedule. ",61.52,,,,,,,Fee Schedule,"100% Medicare Lab FS. ",154.42,,,,,,,Fee Schedule,"251.007802340702 % Medicare Physician FS TC Rates Only. ",108.96,,,,,,,Fee Schedule,"150 % 2018 Cigna RBRVS fee schedule. ",108.96,,,,,,,Fee Schedule,"150 % 2018 Cigna RBRVS fee schedule. ",926.7726,78,,,,,0,percent of total billed charges,78% of Billed Charges. Lesser of 100% of billed charges applies.; No services were performed during the 15 month look back period.,,,,,,,,Other,"Not payable. ",108.96,,,,,,,Fee Schedule,"150 % 2018 Cigna RBRVS fee schedule. ",,,,,,,,Other,"100 Percent of Medicaid APG. ",61.52,,,,,,,Fee Schedule,"100% Medicare Lab FS. ",61.52,,,,,,,Fee Schedule,"100% Medicare Lab FS. ",61.52,,,,,,,Fee Schedule,"100% Medicare Lab FS. ",61.52,,,,,,,Fee Schedule,"100% Medicare Lab FS. ",61.52,,,,,,,Fee Schedule,"100% Medicare Lab FS. ",61.52,,,,,,,Fee Schedule,"100% Medicare Lab FS. ",108.96,,,,,,,Fee Schedule,"150 % 2018 Cigna RBRVS fee schedule. ",594.085,50,,,,,0,percent of total billed charges,50 percent of billed charges; No services were performed during the 15 month look back period.,98.43,,,,,,,Fee Schedule,"160 Percent of Medicare Laboratory. ",98.43,,,,,,,Fee Schedule,"160 Percent of Medicare Laboratory. ",98.43,,,,,,,Fee Schedule,"160 Percent of Medicare Laboratory. ",98.43,,,,,,,Fee Schedule,"160 Percent of Medicare Laboratory. ",98.43,,,,,,,Fee Schedule,"160 Percent of Medicare Laboratory. ",,,,,,,,,"NA. ",594.085,50,,,,,0,percent of total billed charges,50 percent of billed charges; No services were performed during the 15 month look back period.,86.74,,,,,,,Fee Schedule,141 Percent of of Medicare Lab FS. Metroplus will reimburse unlisted codes and described codes with no Medicare rate at 50 percent of charges.,86.74,,,,,,,Fee Schedule,141 Percent of of Medicare Lab FS. Metroplus will reimburse unlisted codes and described codes with no Medicare rate at 50 percent of charges.,86.74,,,,,,,Fee Schedule,141 Percent of of Medicare Lab FS. Metroplus will reimburse unlisted codes and described codes with no Medicare rate at 50 percent of charges.,86.74,,,,,,,Fee Schedule,141 Percent of of Medicare Lab FS. Metroplus will reimburse unlisted codes and described codes with no Medicare rate at 50 percent of charges.,86.74,,,,,,,Fee Schedule,141 Percent of of Medicare Lab FS. Metroplus will reimburse unlisted codes and described codes with no Medicare rate at 50 percent of charges.,61.52,,,,,,,Fee Schedule,"100% Medicare Lab FS. ",118.73,,,,,,,Fee Schedule,"193 % Medicare RBRVS. ",118.73,,,,,,,Fee Schedule,"193 % Medicare RBRVS. ",118.73,,,,,,,Fee Schedule,"193 % Medicare RBRVS. ",118.73,,,,,,,Fee Schedule,"193 % Medicare RBRVS. ",154.42,,,,,,,Fee Schedule,"251.007802340702 % Medicare Physician FS TC Rates Only. ",154.42,,,,,,,Fee Schedule,"251.007802340702 % Medicare Physician FS TC Rates Only. ",154.42,,,,,,,Fee Schedule,"251.007802340702 % Medicare Physician FS TC Rates Only. ",154.42,,,,,,,Fee Schedule,"251.007802340702 % Medicare Physician FS TC Rates Only. ",594.085,50,,,,,0,percent of total billed charges,50 percent of billed charges; No services were performed during the 15 month look back period.,594.085,50,,,,,0,percent of total billed charges,50 percent of billed charges; No services were performed during the 15 month look back period.,61.52,,,,,,,Fee Schedule,"100% Medicare Lab FS. ",61.52,,,,,,,Fee Schedule,"100% Medicare Lab FS. ",61.52,,,,,,,Fee Schedule,"100% Medicare Lab FS. ",772.3105,65,,,,,0,percent of total billed charges,65% of Billed Charges. Lesser of 100% of billed charges applies.; No services were performed during the 15 month look back period.,772.3105,65,,,,,0,percent of total billed charges,65% of Billed Charges. Lesser of 100% of billed charges applies.; No services were performed during the 15 month look back period.,772.3105,65,,,,,0,percent of total billed charges,65% of Billed Charges. Lesser of 100% of billed charges applies.; No services were performed during the 15 month look back period.,594.085,50,,,,,0,percent of total billed charges,50 percent of billed charges; No services were performed during the 15 month look back period.,154.42,,,,,,,Fee Schedule,"251.007802340702 % Medicare Physician FS TC Rates Only. ",61.52,,,,,,,Fee Schedule,"100% Medicare Lab FS. ",772.3105,65,,,,,0,percent of total billed charges,65% of Billed Charges. Lesser of 100% of billed charges applies.; No services were performed during the 15 month look back period.,,,,,,,,Other,"100 Percent of Medicaid APG. ",62.75,,,,,,,Fee Schedule,"102% of Medicare Lab FS. ",62.75,,,,,,,Fee Schedule,"102% of Medicare Lab FS. ",62.75,,,,,,,Fee Schedule,"102% of Medicare Lab FS. ",55.37,,,,,,,Fee schedule,"90 Percent of Medicare RBRVS. ",,,,,,,,Fee Schedule,225% of NYS APG. Lesser of 100% of billed charges applies.,,,,,,,,Fee Schedule,225% of NYS APG. Lesser of 100% of billed charges applies.,,,,,,,,Fee Schedule,225% of NYS APG. Lesser of 100% of billed charges applies.,,,,,,,,Fee Schedule,225% of NYS APG. Lesser of 100% of billed charges applies.,,,,,,,,Fee Schedule,225% of NYS APG. Lesser of 100% of billed charges applies.,62.75,,,,,,,Fee Schedule,"102% of Medicare Lab FS. ",,,,,,,,Other,"100 Percent of Medicaid APG. ",,,,,,,,Fee Schedule,100% Medicaid Fee Schedule. Lesser of 100% of billed charges applies.,,,,,,,,Fee Schedule,225% of NYS APG. Lesser of 100% of billed charges applies.,,,,,,,,Fee Schedule,225% of NYS APG. Lesser of 100% of billed charges applies.,,,,,,,,Fee Schedule,100% Medicaid Fee Schedule. Lesser of 100% of billed charges applies.,,,,,,,,Fee Schedule,100% Medicaid Fee Schedule. Lesser of 100% of billed charges applies.,98.43,,,,,,,Fee Schedule,"160 Percent of Medicare Laboratory. ",61.52,,,,,,,Fee Schedule,"100% Medicare Lab FS. ",61.52,,,,,,,Fee Schedule,"100% Medicare Lab FS. ",154.42,,,,,,,Fee Schedule,"251.007802340702 % Medicare Physician FS TC Rates Only. ",61.52,,,,,,,Fee Schedule,"100% Medicare Lab FS. ",,,,,,,,Fee Schedule,"225 Percent of Medicaid APG. ",,,,,,,,Fee Schedule,"225 Percent of Medicaid APG. ",55.37,,,,,,,Fee schedule,"90 Percent of Medicare RBRVS. ",55.37,,,,,,,Fee schedule,"90 Percent of Medicare RBRVS. ",,,,,,,,Case Rate,Not Payable. Covered services not payable under Medicaid Fee Schedules default to a payment of 87.5 percent of charges.,55.37,,,,,,,Fee schedule,90 Percent of Medicare Laboratory. Covered services not payable under Medicaid Fee Schedules default to a payment of 50 percent of charges.,,,,,,,,Other,"100 Percent of Medicaid APG. ",,,,,,,,Other,"100 Percent of Medicaid APG. ",,,,,,,,Other,"100 Percent of Medicaid APG. ",,,,,,,,Other,"100 Percent of Medicaid APG. ",626.89,,,,,,,Fee Schedule,"1019 % Manhattan Facility Rate. ",594.085,50,,,,,0,percent of total billed charges,50 percent of billed charges; No services were performed during the 15 month look back period.,,,,,,,,Other,"120 Percent of Medicaid APG. Not APG payable, or payable under another fee schedule like ASP/AWP pays at 30% of charges",,,,,,,,Other,"120 Percent of Medicaid APG. Not APG payable, or payable under another fee schedule like ASP/AWP pays at 30% of charges",,,,,,,,Other,"100 Percent of Medicaid APG. Not APG payable, or payable under another fee schedule like ASP/AWP pays at 30% of charges",,,,,,,,Other,"100 Percent of Medicaid APG. Not APG payable, or payable under another fee schedule like ASP/AWP pays at 30% of charges",772.3105,65,,,,,0,percent of total billed charges,65% of Billed Charges. Lesser of 100% of billed charges applies.; No services were performed during the 15 month look back period.,772.3105,65,,,,,0,percent of total billed charges,65% of Billed Charges. Lesser of 100% of billed charges applies.; No services were performed during the 15 month look back period.,61.52,,,,,,,Fee Schedule,"100% Medicare Lab FS. ",772.3105,65,,,,,0,percent of total billed charges,65% of Billed Charges. Lesser of 100% of billed charges applies.; No services were performed during the 15 month look back period.,772.3105,65,,,,,0,percent of total billed charges,65% of Billed Charges. Lesser of 100% of billed charges applies.; No services were performed during the 15 month look back period.,772.3105,65,,,,,0,percent of total billed charges,65% of Billed Charges. Lesser of 100% of billed charges applies.; No services were performed during the 15 month look back period.,772.3105,65,,,,,0,percent of total billed charges,65% of Billed Charges. Lesser of 100% of billed charges applies.; No services were performed during the 15 month look back period.,61.52,,,,,,,Fee Schedule,"100% Medicare Lab FS. ",772.3105,65,,,,,0,percent of total billed charges,65% of Billed Charges. Lesser of 100% of billed charges applies.; No services were performed during the 15 month look back period.,772.3105,65,,,,,0,percent of total billed charges,65% of Billed Charges. Lesser of 100% of billed charges applies.; No services were performed during the 15 month look back period.,154.42,,,,,,,Fee Schedule,"251.007802340702 % Medicare Physician FS TC Rates Only. ",,,,,,,,Fee Schedule,110% of APG. Lesser of 100% of billed charges applies.,55.37,,,,,,,Fee schedule,90 Percent of Medicare Laboratory. Covered services not payable under Medicaid Fee Schedules default to a payment of 50 percent of charges.,,,,,,,,Fee Schedule,225% of NYS APG. Lesser of 100% of billed charges applies.,,,,,,,,Case Rate,Not Payable. Covered services not payable under Medicaid Fee Schedules default to a payment of 87.5 percent of charges.,55.37,,,,,,,Fee schedule,90 Percent of Medicare Laboratory. Covered services not payable under Medicaid Fee Schedules default to a payment of 50 percent of charges.,,,,,,,,Fee Schedule,225% of NYS APG. Lesser of 100% of billed charges applies.,,,,,,,,Fee Schedule,225% of NYS APG. Lesser of 100% of billed charges applies.,,,,,,,,Fee Schedule,225% of NYS APG. Lesser of 100% of billed charges applies.,,,,,,,,Fee Schedule,225% of NYS APG. Lesser of 100% of billed charges applies.,,,,,,,,Fee Schedule,225% of NYS APG. Lesser of 100% of billed charges applies.,,,,,,,,Fee Schedule,225% of NYS APG. Lesser of 100% of billed charges applies.,,,,,,,,,"NA. ",,,,,,,,,"NA. ",,,,,,,,,"NA. ",108.96,,,,,,,Fee Schedule,"150 % 2018 Cigna RBRVS fee schedule. ",,,,,,,,,"NA. ",61.52,,,,,,,Fee Schedule,"100% Medicare Lab FS. ",61.52,,,,,,,Fee Schedule,"100 % 1199 Fee Schedule. ",61.52,,,,,,,Fee Schedule,"100% Medicare Lab FS. ",61.52,,,,,,,Fee Schedule,"100% Medicare Lab FS. ",,,,,,,,Other,"120 Percent of Medicaid APG. Not APG payable, or payable under another fee schedule like ASP/AWP pays at 30% of charges",,,,,,,,Other,"120 Percent of Medicaid APG. Not APG payable, or payable under another fee schedule like ASP/AWP pays at 30% of charges",,,,,,,,Other,"100 Percent of Medicaid APG. Not APG payable, or payable under another fee schedule like ASP/AWP pays at 30% of charges",,,,,,,,Other,"100 Percent of Medicaid APG. Not APG payable, or payable under another fee schedule like ASP/AWP pays at 30% of charges",,,,,,,,Other,"100 Percent of Medicaid APG. ",133.5,,,,,,,Fee Schedule,"217 % Medicare RBRVS. ",154.42,,,,,,,Fee Schedule,"251.007802340702 % Medicare Physician FS TC Rates Only. ",156.88,,,,,,,Fee Schedule,"255 % Medicare RBRVS. ",108.96,,,,,,,Fee Schedule,"150 % 2018 Cigna RBRVS fee schedule. ",61.52,,,,,,,Fee Schedule,"100% Medicare Lab FS. ",61.52,,,,,,,Fee Schedule,"100% Medicare Lab FS. ",61.52,,,,,,,Fee Schedule,"100% Medicare Lab FS. ",61.52,,,,,,,Fee Schedule,"100% Medicare Lab FS. ",61.52,,,,,,,Fee Schedule,"100% Medicare Lab FS. ",61.52,,,,,,,Fee Schedule,"100% Medicare Lab FS. ",,,,,,,,,"NA. ",,,,,,,,Fee Schedule,225% of NYS APG. Lesser of 100% of billed charges applies.,,,,,,,,Fee Schedule,100% Medicaid Fee Schedule. Lesser of 100% of billed charges applies.,772.3105,65,,,,,0,percent of total billed charges,65% of Billed Charges. Lesser of 100% of billed charges applies.; No services were performed during the 15 month look back period.,133.5,,,,,,,Fee Schedule,"217 % Medicare RBRVS. ",133.5,,,,,,,Fee Schedule,"217 % Medicare RBRVS. ",133.5,,,,,,,Fee Schedule,"217 % Medicare RBRVS. ",133.5,,,,,,,Fee Schedule,"217 % Medicare RBRVS. ",61.52,,,,,,,Fee Schedule,"100% Medicare Lab FS. ",,,,,,,,Other,"100 Percent of Medicaid APG. ",772.3105,65,,,,,0,percent of total billed charges,65% of Billed Charges. Lesser of 100% of billed charges applies.; No services were performed during the 15 month look back period.,,,,,,,,Other,"100 Percent of Medicaid APG. ",61.52,,,,,,,Fee Schedule,"100% Medicare Lab FS. ",,,,,,,,Other,"100 Percent of Medicaid APG. ",61.52,,,,,,,Fee Schedule,"100% Medicare Lab FS. ",61.52,,,,,,,Fee Schedule,"100% Medicare Lab FS. ",,,,,,,,Other,"100 Percent of Medicaid APG. ",,,,,,,,Other,"100 Percent of Medicaid APG. ",133.5,,,,,,,Fee Schedule,"217 % Medicare RBRVS. ",108.96,,,,,,,Fee Schedule,"150 % 2018 Cigna RBRVS fee schedule. ",926.7726,78,,,,,0,percent of total billed charges,78% of Billed Charges. Lesser of 100% of billed charges applies.; No services were performed during the 15 month look back period.,61.52,,,,,,,Fee Schedule,"100 % 2019 CMS Clinical Lab National Limit Pub 20190115. ",61.52,,,,,,,Fee Schedule,"100 % 2019 CMS Clinical Lab National Limit Pub 20190115. ",154.42,,,,,,,Fee Schedule,"251.007802340702 % Medicare Physician FS TC Rates Only. ",60.29,,,,,,,Fee Schedule,"98% Lab FS. ",118.73,,,,,,,Fee Schedule,"193 % Medicare RBRVS. ",118.73,,,,,,,Fee Schedule,"193 % Medicare RBRVS. ",617.8484,52,,,,,0,percent of total billed charges,52% of Billed Charges. Lesser of 100% of billed charges applies.; No services were performed during the 15 month look back period.,617.8484,52,,,,,0,percent of total billed charges,52% of Billed Charges. Lesser of 100% of billed charges applies.; No services were performed during the 15 month look back period.,61.52,,,,,,,Fee Schedule,"100% Medicare Lab FS. ",61.52,,,,,,,Fee Schedule,"100% Medicare Lab FS. ",61.52,,,,,,,Fee Schedule,"100% Medicare Lab FS. ",61.52,,,,,,,Fee Schedule,"100% Medicare Lab FS. ",61.52,,,,,,,Fee Schedule,"100 % 2019 CMS Clinical Lab National Limit Pub 20190115. ",772.3105,65,,,,,0,percent of total billed charges,65% of Billed Charges. Lesser of 100% of billed charges applies.; No services were performed during the 15 month look back period.,772.3105,65,,,,,0,percent of total billed charges,65% of Billed Charges. Lesser of 100% of billed charges applies.; No services were performed during the 15 month look back period.,61.52,,,,,,,Fee Schedule,"100% Medicare Lab FS. ",617.8484,52,,,,,0,percent of total billed charges,52% of Billed Charges. Lesser of 100% of billed charges applies.; No services were performed during the 15 month look back period.,156.88,,,,,,,Fee Schedule,"255 % Medicare RBRVS. ",,,,,,,,Fee Schedule,"120 Percent of Medicaid APG. ",,,,,,,,Other,"100 Percent of Medicaid APG. ",133.5,,,,,,,Fee Schedule,"217 % Medicare RBRVS. ",701.0203,59,,,,,0,percent of total billed charges,59% of Billed Charges. Lesser of 100% of billed charges applies.; No services were performed during the 15 month look back period.,701.0203,59,,,,,0,percent of total billed charges,59% of Billed Charges. Lesser of 100% of billed charges applies.; No services were performed during the 15 month look back period.,772.3105,65,,,,,0,percent of total billed charges,65% of Billed Charges. Lesser of 100% of billed charges applies.; No services were performed during the 15 month look back period.,594.085,50,,,,,0,percent of total billed charges,50 percent of billed charges; No services were performed during the 15 month look back period.,61.52,,,,,,,Fee Schedule,"100% Medicare Lab FS. ",,,,,,,,Fee Schedule,"Not payable. ",,,,,,,,Fee Schedule,"Not payable. ",,,,,,,,Fee Schedule,"Not payable. ",,,,,,,,Fee Schedule,"Not payable. ",61.52,,,,,,,Fee Schedule,"100 % 2019 CMS Clinical Lab National Limit Pub 20190115. ",,,,,,,,Fee Schedule,"Not payable. ",,,,,,,,Fee Schedule,"Not payable. ",,,,,,,,Fee Schedule,"Not payable. ",,,,,,,,Fee Schedule,"Not payable. ",,,,,,,,Fee Schedule,"Not payable. ",,,,,,,,Fee Schedule,"Not payable. ",,,,,,,,Fee Schedule,"Not payable. ",61.52,,,,,,,Fee Schedule,"100% Medicare Lab FS. ",61.52,,,,,,,Fee Schedule,"100 % 2019 CMS Clinical Lab National Limit Pub 20190115. ",61.52,,,,,,,Fee Schedule,"100% Medicare Lab FS. ",,,,,,,,Fee Schedule,"Not payable. ",772.3105,65,,,,,0,percent of total billed charges,65% of Billed Charges. Lesser of 100% of billed charges applies.; No services were performed during the 15 month look back period.,61.52,,,,,,,Fee Schedule,"100% Medicare Lab FS. ",772.3105,65,,,,,0,percent of total billed charges,65% of Billed Charges. Lesser of 100% of billed charges applies.; No services were performed during the 15 month look back period.,772.3105,65,,,,,0,percent of total billed charges,65% of Billed Charges. Lesser of 100% of billed charges applies.; No services were performed during the 15 month look back period.,772.3105,65,,,,,0,percent of total billed charges,65% of Billed Charges. Lesser of 100% of billed charges applies.; No services were performed during the 15 month look back period.,,,,,,,,Fee Schedule,"Not payable. ",61.52,,,,,,,Fee Schedule,"100% Medicare Lab FS. ",772.3105,65,,,,,0,percent of total billed charges,65% of Billed Charges. Lesser of 100% of billed charges applies.; No services were performed during the 15 month look back period.,,,,,,,,Fee Schedule,"Not payable. ",772.3105,65,,,,,0,percent of total billed charges,65% of Billed Charges. Lesser of 100% of billed charges applies.; No services were performed during the 15 month look back period.,92.28,,,,,,,Fee Schedule,"150% of Medicare Lab FS. ",61.52,,,,,,,Fee Schedule,"100% Medicare Lab FS. ",133.5,,,,,,,Fee Schedule,"217 % Medicare RBRVS. ",133.5,,,,,,,Fee Schedule,"217 % Medicare RBRVS. ",133.5,,,,,,,Fee Schedule,"217 % Medicare RBRVS. ",133.5,,,,,,,Fee Schedule,"217 % Medicare RBRVS. ",133.5,,,,,,,Fee Schedule,"217 % Medicare RBRVS. ",156.88,,,,,,,Fee Schedule,"255 % Medicare RBRVS. ",156.88,,,,,,,Fee Schedule,"255 % Medicare RBRVS. ",133.5,,,,,,,Fee Schedule,"217 % Medicare RBRVS. ",133.5,,,,,,,Fee Schedule,"217 % Medicare RBRVS. ",133.5,,,,,,,Fee Schedule,"217 % Medicare RBRVS. ",133.5,,,,,,,Fee Schedule,"217 % Medicare RBRVS. ",133.5,,,,,,,Fee Schedule,"217 % Medicare RBRVS. ",61.52,,,,,,,Fee Schedule,"100% Medicare Lab FS. ",156.88,,,,,,,Fee Schedule,"255 % Medicare RBRVS. ",61.52,,,,,,,Fee Schedule,"100% Medicare Lab FS. ",,,,,,,,Other,"225 Percent of Medicaid APG. If not included in Medicaid APG, then 100 Percent of Manhattan Medicare",,,,,,,,Other,"100 Percent of Medicaid APG. If not priced under APG, then Metroplus FeeSched",61.52,,,,,,,Fee Schedule,"100 % 2019 CMS Clinical Lab National Limit Pub 20190115. ",61.52,,,,,,,Fee Schedule,"100 % 2019 CMS Clinical Lab National Limit Pub 20190115. ",61.52,,,,,,,Fee Schedule,"100% Medicare Lab FS. ",118.73,,,,,,,Fee Schedule,"193 % Medicare RBRVS. ",61.52,,,,,,,Fee Schedule,"100% Medicare Lab FS. ",61.52,,,,,,,Fee Schedule,"100% Medicare Lab FS. ",154.42,,,,,,,Fee Schedule,"251.007802340702 % Medicare Physician FS TC Rates Only. ",61.52,,,,,,,Fee Schedule,"100% Medicare Lab FS. ",108.96,,,,,,,Fee Schedule,"150 % 2018 Cigna RBRVS fee schedule. ",61.52,,,,,,,Fee Schedule,"100% Medicare Lab FS. ",108.96,,,,,,,Fee Schedule,"150 % 2018 Cigna RBRVS fee schedule. ",154.42,,,,,,,Fee Schedule,"251.007802340702 % Medicare Physician FS TC Rates Only. ",108.96,,,,,,,Fee Schedule,"150 % 2018 Cigna RBRVS fee schedule. ",61.52,,,,,,,Fee Schedule,"100% Medicare Lab FS. ",,,,,,,,Other,"100 Percent of Medicaid APG. ",61.52,,,,,,,Fee Schedule,"100% Medicare Lab FS. ",108.96,,,,,,,Fee Schedule,"150 % 2018 Cigna RBRVS fee schedule. ",61.52,,,,,,,Fee Schedule,"100 % 2019 CMS Clinical Lab National Limit Pub 20190115. ",,,,,,,,Other,"100 Percent of Medicaid APG. ",772.3105,65,,,,,0,percent of total billed charges,65% of Billed Charges. Lesser of 100% of billed charges applies.; No services were performed during the 15 month look back period.,,,,,,,,Fee Schedule,"120 Percent of Medicaid APG. ",,,,,,,,Fee Schedule,"120 Percent of Medicaid APG. ",772.3105,65,,,,,0,percent of total billed charges,65% of Billed Charges. Lesser of 100% of billed charges applies.; No services were performed during the 15 month look back period.,772.3105,65,,,,,0,percent of total billed charges,65% of Billed Charges. Lesser of 100% of billed charges applies.; No services were performed during the 15 month look back period.,772.3105,65,,,,,0,percent of total billed charges,65% of Billed Charges. Lesser of 100% of billed charges applies.; No services were performed during the 15 month look back period.,61.52,,,,,,,Fee Schedule,"100 % 2019 CMS Clinical Lab National Limit Pub 20190115. ",772.3105,65,,,,,0,percent of total billed charges,65% of Billed Charges. Lesser of 100% of billed charges applies.; No services were performed during the 15 month look back period.,772.3105,65,,,,,0,percent of total billed charges,65% of Billed Charges. Lesser of 100% of billed charges applies.; No services were performed during the 15 month look back period.,772.3105,65,,,,,0,percent of total billed charges,65% of Billed Charges. Lesser of 100% of billed charges applies.; No services were performed during the 15 month look back period.,133.5,,,,,,,Fee Schedule,"217 % Medicare RBRVS. ",133.5,,,,,,,Fee Schedule,"217 % Medicare RBRVS. ",86.74,,,,,,,Fee Schedule,141 Percent of of Medicare Lab FS. Metroplus will reimburse unlisted codes and described codes with no Medicare rate at 50 percent of charges.,,,,,,,,Other,"100 Percent of Medicaid APG. ",61.52,,,,,,,Fee Schedule,"100 % 2019 CMS Clinical Lab National Limit Pub 20190115. ",108.96,,,,,,,Fee Schedule,"150 % 2018 Cigna RBRVS fee schedule. ",154.42,,,,,,,Fee Schedule,"251.007802340702 % Medicare Physician FS TC Rates Only. ",61.52,,,,,,,Fee Schedule,"100 % 2019 CMS Clinical Lab National Limit Pub 20190115. ",154.42,,,,,,,Fee Schedule,"251.007802340702 % Medicare Physician FS TC Rates Only. ",61.52,,,,,,,Fee Schedule,"100 % 2019 CMS Clinical Lab National Limit Pub 20190115. ",772.3105,65,,,,,0,percent of total billed charges,65% of Billed Charges. Lesser of 100% of billed charges applies.; No services were performed during the 15 month look back period.,772.3105,65,,,,,0,percent of total billed charges,65% of Billed Charges. Lesser of 100% of billed charges applies.; No services were performed during the 15 month look back period.,772.3105,65,,,,,0,percent of total billed charges,65% of Billed Charges. Lesser of 100% of billed charges applies.; No services were performed during the 15 month look back period.,772.3105,65,,,,,0,percent of total billed charges,65% of Billed Charges. Lesser of 100% of billed charges applies.; No services were performed during the 15 month look back period.,61.52,,,,,,,Fee Schedule,"100% Medicare Lab FS. ",55.37,1188.17,
81269,CPT,2027180,LOCAL,310,RC,HC HBA1/HBA2 GENE DUP/DEL VRNTS,318.78,242.88,both,,,,202.4,,,,,,,Fee Schedule,"100 % 1199 Fee Schedule. ",202.4,,,,,,,Fee Schedule,"100 % 1199 Fee Schedule. ",508.02,,,,,,,Fee Schedule,"250.998023715415 % Medicare Physician FS TC Rates Only. ",318.78,100,,,,,0,percent of total billed charges,100 percent of billed charges. ; No services were performed during the 15 month look back period.,202.4,,,,,,,Fee Schedule,"100% Medicare Lab FS. ",508.02,,,,,,,Fee Schedule,"250.998023715415 % Medicare Physician FS TC Rates Only. ",508.02,,,,,,,Fee Schedule,"250.998023715415 % Medicare Physician FS TC Rates Only. ",508.02,,,,,,,Fee Schedule,"250.998023715415 % Medicare Physician FS TC Rates Only. ",,,,,,,,Other,"100 Percent of Medicaid APG. ",,,,,,,,Other,"100 Percent of Medicaid APG. ",248.6484,78,,,,,0,percent of total billed charges,78% of Billed Charges. Lesser of 100% of billed charges applies.; No services were performed during the 15 month look back period.,202.4,,,,,,,Fee Schedule,"100 % 2019 CMS Clinical Lab National Limit Pub 20190115. ",,,,,,,,Other,"100 Percent of Medicaid APG. ",202.4,,,,,,,Fee Schedule,"100% Medicare Lab FS. ",358.1,,,,,,,Fee Schedule,"150 % 2018 Cigna RBRVS fee schedule. ",358.1,,,,,,,Fee Schedule,"150 % 2018 Cigna RBRVS fee schedule. ",358.1,,,,,,,Fee Schedule,"150 % 2018 Cigna RBRVS fee schedule. ",358.1,,,,,,,Fee Schedule,"150 % 2018 Cigna RBRVS fee schedule. ",182.16,,,,,,,Fee schedule,90 Percent of Medicare Laboratory. Covered services not payable under Medicaid Fee Schedules default to a payment of 50 percent of charges.,202.4,,,,,,,Fee Schedule,"100% Medicare Lab FS. ",182.16,,,,,,,Fee schedule,90 Percent of Medicare Laboratory. Covered services not payable under Medicaid Fee Schedules default to a payment of 50 percent of charges.,248.6484,78,,,,,0,percent of total billed charges,78% of Billed Charges. Lesser of 100% of billed charges applies.; No services were performed during the 15 month look back period.,508.02,,,,,,,Fee Schedule,"250.998023715415 % Medicare Physician FS TC Rates Only. ",202.4,,,,,,,Fee Schedule,"100% Medicare Lab FS. ",516.12,,,,,,,Fee Schedule,"255 % Medicare RBRVS. ",202.4,,,,,,,Fee Schedule,"100% Medicare Lab FS. ",202.4,,,,,,,Fee Schedule,"100% Medicare Lab FS. ",248.6484,78,,,,,0,percent of total billed charges,78% of Billed Charges. Lesser of 100% of billed charges applies.; No services were performed during the 15 month look back period.,192.59,,,,,,,Fee Schedule,100% Medicaid Fee Schedule. Lesser of 100% of billed charges applies.,192.59,,,,,,,Fee Schedule,100% Medicaid Fee Schedule. Lesser of 100% of billed charges applies.,182.16,,,,,,,Fee schedule,"90 Percent of Medicare RBRVS. ",182.16,,,,,,,Fee schedule,"90 Percent of Medicare RBRVS. ",516.12,,,,,,,Fee Schedule,"255 % Medicare RBRVS. ",516.12,,,,,,,Fee Schedule,"255 % Medicare RBRVS. ",,,,,,,,Other,"100 Percent of Medicaid APG. Not APG payable, or payable under another fee schedule like ASP/AWP pays at 30% of charges",516.12,,,,,,,Fee Schedule,"255 % Medicare RBRVS. ",,,,,,,,Other,"100 Percent of Medicaid APG. Not APG payable, or payable under another fee schedule like ASP/AWP pays at 30% of charges",202.4,,,,,,,Fee Schedule,"100% Medicare Lab FS. ",516.12,,,,,,,Fee Schedule,"255 % Medicare RBRVS. ",248.6484,78,,,,,0,percent of total billed charges,78% of Billed Charges. Lesser of 100% of billed charges applies.; No services were performed during the 15 month look back period.,,,,,,,,Other,"100 Percent of Medicaid APG. If not priced under APG, then Metroplus FeeSched",,,,,,,,Other,"100 Percent of Medicaid APG. If not priced under APG, then Metroplus FeeSched",248.6484,78,,,,,0,percent of total billed charges,78% of Billed Charges. Lesser of 100% of billed charges applies.; No services were performed during the 15 month look back period.,358.1,,,,,,,Fee Schedule,"150 % 2018 Cigna RBRVS fee schedule. ",202.4,,,,,,,Fee Schedule,"100 % 2019 CMS Clinical Lab National Limit Pub 20190115. ",202.4,,,,,,,Fee Schedule,"100 % 2019 CMS Clinical Lab National Limit Pub 20190115. ",248.6484,78,,,,,0,percent of total billed charges,78% of Billed Charges. Lesser of 100% of billed charges applies.; No services were performed during the 15 month look back period.,202.4,,,,,,,Fee Schedule,"100% Medicare Lab FS. ",202.4,,,,,,,Fee Schedule,"100 % 2019 CMS Clinical Lab National Limit Pub 20190115. ",202.4,,,,,,,Fee Schedule,"100 % 2019 CMS Clinical Lab National Limit Pub 20190115. ",202.4,,,,,,,Fee Schedule,"100 % 2019 CMS Clinical Lab National Limit Pub 20190115. ",202.4,,,,,,,Fee Schedule,"100% Medicare Lab FS. ",202.4,,,,,,,Fee Schedule,"100 % 2019 CMS Clinical Lab National Limit Pub 20190115. ",202.4,,,,,,,Fee Schedule,"100 % 2019 CMS Clinical Lab National Limit Pub 20190115. ",202.4,,,,,,,Fee Schedule,"100% of Medicare Lab FS. ",159.39,50,,,,,0,percent of total billed charges,50 percent of billed charges; No services were performed during the 15 month look back period.,192.68,,,,,,,Fee Schedule,"238 % BCBS Standard HMO. ",192.68,,,,,,,Fee Schedule,"238 % BCBS Standard HMO. ",192.68,,,,,,,Fee Schedule,"238 % BCBS Standard HMO. ",192.68,,,,,,,Fee Schedule,"238 % BCBS Standard HMO. ",192.68,,,,,,,Fee Schedule,"238 % BCBS Standard HMO. ",192.68,,,,,,,Fee Schedule,"238 % BCBS Standard HMO. ",202.4,,,,,,,Fee Schedule,"100% Medicare Lab FS. ",202.4,,,,,,,Fee Schedule,"100% Medicare Lab FS. ",192.68,,,,,,,Fee Schedule,"238 % BCBS Standard HMO. ",248.6484,78,,,,,0,percent of total billed charges,78% of Billed Charges. Lesser of 100% of billed charges applies.; No services were performed during the 15 month look back period.,248.6484,78,,,,,0,percent of total billed charges,78% of Billed Charges. Lesser of 100% of billed charges applies.; No services were performed during the 15 month look back period.,248.6484,78,,,,,0,percent of total billed charges,78% of Billed Charges. Lesser of 100% of billed charges applies.; No services were performed during the 15 month look back period.,248.6484,78,,,,,0,percent of total billed charges,78% of Billed Charges. Lesser of 100% of billed charges applies.; No services were performed during the 15 month look back period.,248.6484,78,,,,,0,percent of total billed charges,78% of Billed Charges. Lesser of 100% of billed charges applies.; No services were performed during the 15 month look back period.,248.6484,78,,,,,0,percent of total billed charges,78% of Billed Charges. Lesser of 100% of billed charges applies.; No services were performed during the 15 month look back period.,248.6484,78,,,,,0,percent of total billed charges,78% of Billed Charges. Lesser of 100% of billed charges applies.; No services were performed during the 15 month look back period.,248.6484,78,,,,,0,percent of total billed charges,78% of Billed Charges. Lesser of 100% of billed charges applies.; No services were performed during the 15 month look back period.,248.6484,78,,,,,0,percent of total billed charges,78% of Billed Charges. Lesser of 100% of billed charges applies.; No services were performed during the 15 month look back period.,248.6484,78,,,,,0,percent of total billed charges,78% of Billed Charges. Lesser of 100% of billed charges applies.; No services were performed during the 15 month look back period.,248.6484,78,,,,,0,percent of total billed charges,78% of Billed Charges. Lesser of 100% of billed charges applies.; No services were performed during the 15 month look back period.,248.6484,78,,,,,0,percent of total billed charges,78% of Billed Charges. Lesser of 100% of billed charges applies.; No services were performed during the 15 month look back period.,248.6484,78,,,,,0,percent of total billed charges,78% of Billed Charges. Lesser of 100% of billed charges applies.; No services were performed during the 15 month look back period.,248.6484,78,,,,,0,percent of total billed charges,78% of Billed Charges. Lesser of 100% of billed charges applies.; No services were performed during the 15 month look back period.,248.6484,78,,,,,0,percent of total billed charges,78% of Billed Charges. Lesser of 100% of billed charges applies.; No services were performed during the 15 month look back period.,248.6484,78,,,,,0,percent of total billed charges,78% of Billed Charges. Lesser of 100% of billed charges applies.; No services were performed during the 15 month look back period.,248.6484,78,,,,,0,percent of total billed charges,78% of Billed Charges. Lesser of 100% of billed charges applies.; No services were performed during the 15 month look back period.,248.6484,78,,,,,0,percent of total billed charges,78% of Billed Charges. Lesser of 100% of billed charges applies.; No services were performed during the 15 month look back period.,248.6484,78,,,,,0,percent of total billed charges,78% of Billed Charges. Lesser of 100% of billed charges applies.; No services were performed during the 15 month look back period.,248.6484,78,,,,,0,percent of total billed charges,78% of Billed Charges. Lesser of 100% of billed charges applies.; No services were performed during the 15 month look back period.,248.6484,78,,,,,0,percent of total billed charges,78% of Billed Charges. Lesser of 100% of billed charges applies.; No services were performed during the 15 month look back period.,248.6484,78,,,,,0,percent of total billed charges,78% of Billed Charges. Lesser of 100% of billed charges applies.; No services were performed during the 15 month look back period.,248.6484,78,,,,,0,percent of total billed charges,78% of Billed Charges. Lesser of 100% of billed charges applies.; No services were performed during the 15 month look back period.,248.6484,78,,,,,0,percent of total billed charges,78% of Billed Charges. Lesser of 100% of billed charges applies.; No services were performed during the 15 month look back period.,248.6484,78,,,,,0,percent of total billed charges,78% of Billed Charges. Lesser of 100% of billed charges applies.; No services were performed during the 15 month look back period.,248.6484,78,,,,,0,percent of total billed charges,78% of Billed Charges. Lesser of 100% of billed charges applies.; No services were performed during the 15 month look back period.,516.12,,,,,,,Fee Schedule,"255 % Medicare RBRVS. ",516.12,,,,,,,Fee Schedule,"255 % Medicare RBRVS. ",516.12,,,,,,,Fee Schedule,"255 % Medicare RBRVS. ",516.12,,,,,,,Fee Schedule,"255 % Medicare RBRVS. ",390.63,,,,,,,Fee Schedule,"193 % Medicare RBRVS. ",390.63,,,,,,,Fee Schedule,"193 % Medicare RBRVS. ",358.1,,,,,,,Fee Schedule,"150 % 2018 Cigna RBRVS fee schedule. ",192.68,,,,,,,Fee Schedule,"238 % BCBS Standard HMO. ",202.4,,,,,,,Fee Schedule,"100 % 2019 CMS Clinical Lab National Limit Pub 20190115. ",192.68,,,,,,,Fee Schedule,"238 % BCBS Standard HMO. ",248.6484,78,,,,,0,percent of total billed charges,78% of Billed Charges. Lesser of 100% of billed charges applies.; No services were performed during the 15 month look back period.,390.63,,,,,,,Fee Schedule,"193 % Medicare RBRVS. ",192.68,,,,,,,Fee Schedule,"238 % BCBS Standard HMO. ",202.4,,,,,,,Fee Schedule,"100 % 2019 CMS Clinical Lab National Limit Pub 20190115. ",358.1,,,,,,,Fee Schedule,"150 % 2018 Cigna RBRVS fee schedule. ",,,,,,,,,"NA. ",248.6484,78,,,,,0,percent of total billed charges,78% of Billed Charges. Lesser of 100% of billed charges applies.; No services were performed during the 15 month look back period.,,,,,,,,Other,"100 Percent of Medicaid APG. ",516.12,,,,,,,Fee Schedule,"255 % Medicare RBRVS. ",,,,,,,,Other,"100 Percent of Medicaid APG. Not APG payable, or payable under another fee schedule like ASP/AWP pays at 30% of charges",202.4,,,,,,,Fee Schedule,"100% Medicare Lab FS. ",202.4,,,,,,,Fee Schedule,"100% Medicare Lab FS. ",159.39,50,,,,,0,percent of total billed charges,50 percent of billed charges; No services were performed during the 15 month look back period.,202.4,,,,,,,Fee Schedule,"100% Medicare Lab FS. ",202.4,,,,,,,Fee Schedule,"100% Medicare Lab FS. ",,,,,,,,Other,"100 Percent of Medicaid APG. ",202.4,,,,,,,Fee Schedule,"100% Medicare Lab FS. ",202.4,,,,,,,Fee Schedule,"100% Medicare Lab FS. ",508.02,,,,,,,Fee Schedule,"250.998023715415 % Medicare Physician FS TC Rates Only. ",508.02,,,,,,,Fee Schedule,"250.998023715415 % Medicare Physician FS TC Rates Only. ",202.4,,,,,,,Fee Schedule,"100% Medicare Lab FS. ",358.1,,,,,,,Fee Schedule,"150 % 2018 Cigna RBRVS fee schedule. ",202.4,,,,,,,Fee Schedule,"100 % 2019 CMS Clinical Lab National Limit Pub 20190115. ",202.4,,,,,,,Fee Schedule,"100 % 2019 CMS Clinical Lab National Limit Pub 20190115. ",202.4,,,,,,,Fee Schedule,"100% Medicare Lab FS. ",358.1,,,,,,,Fee Schedule,"150 % 2018 Cigna RBRVS fee schedule. ",508.02,,,,,,,Fee Schedule,"250.998023715415 % Medicare Physician FS TC Rates Only. ",508.02,,,,,,,Fee Schedule,"250.998023715415 % Medicare Physician FS TC Rates Only. ",508.02,,,,,,,Fee Schedule,"250.998023715415 % Medicare Physician FS TC Rates Only. ",248.6484,78,,,,,0,percent of total billed charges,78% of Billed Charges. Lesser of 100% of billed charges applies.; No services were performed during the 15 month look back period.,248.6484,78,,,,,0,percent of total billed charges,78% of Billed Charges. Lesser of 100% of billed charges applies.; No services were performed during the 15 month look back period.,248.6484,78,,,,,0,percent of total billed charges,78% of Billed Charges. Lesser of 100% of billed charges applies.; No services were performed during the 15 month look back period.,248.6484,78,,,,,0,percent of total billed charges,78% of Billed Charges. Lesser of 100% of billed charges applies.; No services were performed during the 15 month look back period.,248.6484,78,,,,,0,percent of total billed charges,78% of Billed Charges. Lesser of 100% of billed charges applies.; No services were performed during the 15 month look back period.,248.6484,78,,,,,0,percent of total billed charges,78% of Billed Charges. Lesser of 100% of billed charges applies.; No services were performed during the 15 month look back period.,248.6484,78,,,,,0,percent of total billed charges,78% of Billed Charges. Lesser of 100% of billed charges applies.; No services were performed during the 15 month look back period.,248.6484,78,,,,,0,percent of total billed charges,78% of Billed Charges. Lesser of 100% of billed charges applies.; No services were performed during the 15 month look back period.,248.6484,78,,,,,0,percent of total billed charges,78% of Billed Charges. Lesser of 100% of billed charges applies.; No services were performed during the 15 month look back period.,248.6484,78,,,,,0,percent of total billed charges,78% of Billed Charges. Lesser of 100% of billed charges applies.; No services were performed during the 15 month look back period.,248.6484,78,,,,,0,percent of total billed charges,78% of Billed Charges. Lesser of 100% of billed charges applies.; No services were performed during the 15 month look back period.,390.63,,,,,,,Fee Schedule,"193 % Medicare RBRVS. ",192.68,,,,,,,Fee Schedule,"238 % BCBS Standard HMO. ",358.1,,,,,,,Fee Schedule,"150 % 2018 Cigna RBRVS fee schedule. ",202.4,,,,,,,Fee Schedule,"100% Medicare Lab FS. ",508.02,,,,,,,Fee Schedule,"250.998023715415 % Medicare Physician FS TC Rates Only. ",358.1,,,,,,,Fee Schedule,"150 % 2018 Cigna RBRVS fee schedule. ",358.1,,,,,,,Fee Schedule,"150 % 2018 Cigna RBRVS fee schedule. ",248.6484,78,,,,,0,percent of total billed charges,78% of Billed Charges. Lesser of 100% of billed charges applies.; No services were performed during the 15 month look back period.,,,,,,,,Other,"Not payable. ",358.1,,,,,,,Fee Schedule,"150 % 2018 Cigna RBRVS fee schedule. ",,,,,,,,Other,"100 Percent of Medicaid APG. ",202.4,,,,,,,Fee Schedule,"100% Medicare Lab FS. ",202.4,,,,,,,Fee Schedule,"100% Medicare Lab FS. ",202.4,,,,,,,Fee Schedule,"100% Medicare Lab FS. ",202.4,,,,,,,Fee Schedule,"100% Medicare Lab FS. ",202.4,,,,,,,Fee Schedule,"100% Medicare Lab FS. ",202.4,,,,,,,Fee Schedule,"100% Medicare Lab FS. ",358.1,,,,,,,Fee Schedule,"150 % 2018 Cigna RBRVS fee schedule. ",159.39,50,,,,,0,percent of total billed charges,50 percent of billed charges; No services were performed during the 15 month look back period.,323.84,,,,,,,Fee Schedule,"160 Percent of Medicare Laboratory. ",323.84,,,,,,,Fee Schedule,"160 Percent of Medicare Laboratory. ",323.84,,,,,,,Fee Schedule,"160 Percent of Medicare Laboratory. ",323.84,,,,,,,Fee Schedule,"160 Percent of Medicare Laboratory. ",323.84,,,,,,,Fee Schedule,"160 Percent of Medicare Laboratory. ",,,,,,,,,"NA. ",159.39,50,,,,,0,percent of total billed charges,50 percent of billed charges; No services were performed during the 15 month look back period.,285.38,,,,,,,Fee Schedule,141 Percent of of Medicare Lab FS. Metroplus will reimburse unlisted codes and described codes with no Medicare rate at 50 percent of charges.,285.38,,,,,,,Fee Schedule,141 Percent of of Medicare Lab FS. Metroplus will reimburse unlisted codes and described codes with no Medicare rate at 50 percent of charges.,285.38,,,,,,,Fee Schedule,141 Percent of of Medicare Lab FS. Metroplus will reimburse unlisted codes and described codes with no Medicare rate at 50 percent of charges.,285.38,,,,,,,Fee Schedule,141 Percent of of Medicare Lab FS. Metroplus will reimburse unlisted codes and described codes with no Medicare rate at 50 percent of charges.,285.38,,,,,,,Fee Schedule,141 Percent of of Medicare Lab FS. Metroplus will reimburse unlisted codes and described codes with no Medicare rate at 50 percent of charges.,202.4,,,,,,,Fee Schedule,"100% Medicare Lab FS. ",390.63,,,,,,,Fee Schedule,"193 % Medicare RBRVS. ",390.63,,,,,,,Fee Schedule,"193 % Medicare RBRVS. ",390.63,,,,,,,Fee Schedule,"193 % Medicare RBRVS. ",390.63,,,,,,,Fee Schedule,"193 % Medicare RBRVS. ",508.02,,,,,,,Fee Schedule,"250.998023715415 % Medicare Physician FS TC Rates Only. ",508.02,,,,,,,Fee Schedule,"250.998023715415 % Medicare Physician FS TC Rates Only. ",508.02,,,,,,,Fee Schedule,"250.998023715415 % Medicare Physician FS TC Rates Only. ",508.02,,,,,,,Fee Schedule,"250.998023715415 % Medicare Physician FS TC Rates Only. ",159.39,50,,,,,0,percent of total billed charges,50 percent of billed charges; No services were performed during the 15 month look back period.,159.39,50,,,,,0,percent of total billed charges,50 percent of billed charges; No services were performed during the 15 month look back period.,202.4,,,,,,,Fee Schedule,"100% Medicare Lab FS. ",202.4,,,,,,,Fee Schedule,"100% Medicare Lab FS. ",202.4,,,,,,,Fee Schedule,"100% Medicare Lab FS. ",192.68,,,,,,,Fee Schedule,"238 % BCBS Standard HMO. ",192.68,,,,,,,Fee Schedule,"238 % BCBS Standard HMO. ",192.68,,,,,,,Fee Schedule,"238 % BCBS Standard HMO. ",159.39,50,,,,,0,percent of total billed charges,50 percent of billed charges; No services were performed during the 15 month look back period.,508.02,,,,,,,Fee Schedule,"250.998023715415 % Medicare Physician FS TC Rates Only. ",202.4,,,,,,,Fee Schedule,"100% Medicare Lab FS. ",192.68,,,,,,,Fee Schedule,"238 % BCBS Standard HMO. ",,,,,,,,Other,"100 Percent of Medicaid APG. ",206.45,,,,,,,Fee Schedule,"102% of Medicare Lab FS. ",206.45,,,,,,,Fee Schedule,"102% of Medicare Lab FS. ",206.45,,,,,,,Fee Schedule,"102% of Medicare Lab FS. ",182.16,,,,,,,Fee schedule,"90 Percent of Medicare RBRVS. ",,,,,,,,Fee Schedule,225% of NYS APG. Lesser of 100% of billed charges applies.,,,,,,,,Fee Schedule,225% of NYS APG. Lesser of 100% of billed charges applies.,,,,,,,,Fee Schedule,225% of NYS APG. Lesser of 100% of billed charges applies.,,,,,,,,Fee Schedule,225% of NYS APG. Lesser of 100% of billed charges applies.,,,,,,,,Fee Schedule,225% of NYS APG. Lesser of 100% of billed charges applies.,206.45,,,,,,,Fee Schedule,"102% of Medicare Lab FS. ",,,,,,,,Other,"100 Percent of Medicaid APG. ",192.59,,,,,,,Fee Schedule,100% Medicaid Fee Schedule. Lesser of 100% of billed charges applies.,,,,,,,,Fee Schedule,225% of NYS APG. Lesser of 100% of billed charges applies.,,,,,,,,Fee Schedule,225% of NYS APG. Lesser of 100% of billed charges applies.,192.59,,,,,,,Fee Schedule,100% Medicaid Fee Schedule. Lesser of 100% of billed charges applies.,192.59,,,,,,,Fee Schedule,100% Medicaid Fee Schedule. Lesser of 100% of billed charges applies.,323.84,,,,,,,Fee Schedule,"160 Percent of Medicare Laboratory. ",202.4,,,,,,,Fee Schedule,"100% Medicare Lab FS. ",202.4,,,,,,,Fee Schedule,"100% Medicare Lab FS. ",508.02,,,,,,,Fee Schedule,"250.998023715415 % Medicare Physician FS TC Rates Only. ",202.4,,,,,,,Fee Schedule,"100% Medicare Lab FS. ",,,,,,,,Fee Schedule,"225 Percent of Medicaid APG. ",,,,,,,,Fee Schedule,"225 Percent of Medicaid APG. ",182.16,,,,,,,Fee schedule,"90 Percent of Medicare RBRVS. ",182.16,,,,,,,Fee schedule,"90 Percent of Medicare RBRVS. ",,,,,,,,Case Rate,Not Payable. Covered services not payable under Medicaid Fee Schedules default to a payment of 87.5 percent of charges.,182.16,,,,,,,Fee schedule,90 Percent of Medicare Laboratory. Covered services not payable under Medicaid Fee Schedules default to a payment of 50 percent of charges.,,,,,,,,Other,"100 Percent of Medicaid APG. ",,,,,,,,Other,"100 Percent of Medicaid APG. ",,,,,,,,Other,"100 Percent of Medicaid APG. ",,,,,,,,Other,"100 Percent of Medicaid APG. ",2062.46,,,,,,,Fee Schedule,"1019 % Manhattan Facility Rate. ",159.39,50,,,,,0,percent of total billed charges,50 percent of billed charges; No services were performed during the 15 month look back period.,,,,,,,,Other,"120 Percent of Medicaid APG. Not APG payable, or payable under another fee schedule like ASP/AWP pays at 30% of charges",,,,,,,,Other,"120 Percent of Medicaid APG. Not APG payable, or payable under another fee schedule like ASP/AWP pays at 30% of charges",,,,,,,,Other,"100 Percent of Medicaid APG. Not APG payable, or payable under another fee schedule like ASP/AWP pays at 30% of charges",,,,,,,,Other,"100 Percent of Medicaid APG. Not APG payable, or payable under another fee schedule like ASP/AWP pays at 30% of charges",192.68,,,,,,,Fee Schedule,"238 % BCBS Standard HMO. ",192.68,,,,,,,Fee Schedule,"238 % BCBS Standard HMO. ",202.4,,,,,,,Fee Schedule,"100% Medicare Lab FS. ",192.68,,,,,,,Fee Schedule,"238 % BCBS Standard HMO. ",192.68,,,,,,,Fee Schedule,"238 % BCBS Standard HMO. ",192.68,,,,,,,Fee Schedule,"238 % BCBS Standard HMO. ",192.68,,,,,,,Fee Schedule,"238 % BCBS Standard HMO. ",202.4,,,,,,,Fee Schedule,"100% Medicare Lab FS. ",192.68,,,,,,,Fee Schedule,"238 % BCBS Standard HMO. ",192.68,,,,,,,Fee Schedule,"238 % BCBS Standard HMO. ",508.02,,,,,,,Fee Schedule,"250.998023715415 % Medicare Physician FS TC Rates Only. ",,,,,,,,Fee Schedule,110% of APG. Lesser of 100% of billed charges applies.,182.16,,,,,,,Fee schedule,90 Percent of Medicare Laboratory. Covered services not payable under Medicaid Fee Schedules default to a payment of 50 percent of charges.,,,,,,,,Fee Schedule,225% of NYS APG. Lesser of 100% of billed charges applies.,,,,,,,,Case Rate,Not Payable. Covered services not payable under Medicaid Fee Schedules default to a payment of 87.5 percent of charges.,182.16,,,,,,,Fee schedule,90 Percent of Medicare Laboratory. Covered services not payable under Medicaid Fee Schedules default to a payment of 50 percent of charges.,,,,,,,,Fee Schedule,225% of NYS APG. Lesser of 100% of billed charges applies.,,,,,,,,Fee Schedule,225% of NYS APG. Lesser of 100% of billed charges applies.,,,,,,,,Fee Schedule,225% of NYS APG. Lesser of 100% of billed charges applies.,,,,,,,,Fee Schedule,225% of NYS APG. Lesser of 100% of billed charges applies.,,,,,,,,Fee Schedule,225% of NYS APG. Lesser of 100% of billed charges applies.,,,,,,,,Fee Schedule,225% of NYS APG. Lesser of 100% of billed charges applies.,,,,,,,,,"NA. ",,,,,,,,,"NA. ",,,,,,,,,"NA. ",358.1,,,,,,,Fee Schedule,"150 % 2018 Cigna RBRVS fee schedule. ",,,,,,,,,"NA. ",202.4,,,,,,,Fee Schedule,"100% Medicare Lab FS. ",202.4,,,,,,,Fee Schedule,"100 % 1199 Fee Schedule. ",202.4,,,,,,,Fee Schedule,"100% Medicare Lab FS. ",202.4,,,,,,,Fee Schedule,"100% Medicare Lab FS. ",,,,,,,,Other,"120 Percent of Medicaid APG. Not APG payable, or payable under another fee schedule like ASP/AWP pays at 30% of charges",,,,,,,,Other,"120 Percent of Medicaid APG. Not APG payable, or payable under another fee schedule like ASP/AWP pays at 30% of charges",,,,,,,,Other,"100 Percent of Medicaid APG. Not APG payable, or payable under another fee schedule like ASP/AWP pays at 30% of charges",,,,,,,,Other,"100 Percent of Medicaid APG. Not APG payable, or payable under another fee schedule like ASP/AWP pays at 30% of charges",,,,,,,,Other,"100 Percent of Medicaid APG. ",439.21,,,,,,,Fee Schedule,"217 % Medicare RBRVS. ",508.02,,,,,,,Fee Schedule,"250.998023715415 % Medicare Physician FS TC Rates Only. ",516.12,,,,,,,Fee Schedule,"255 % Medicare RBRVS. ",358.1,,,,,,,Fee Schedule,"150 % 2018 Cigna RBRVS fee schedule. ",202.4,,,,,,,Fee Schedule,"100% Medicare Lab FS. ",202.4,,,,,,,Fee Schedule,"100% Medicare Lab FS. ",202.4,,,,,,,Fee Schedule,"100% Medicare Lab FS. ",202.4,,,,,,,Fee Schedule,"100% Medicare Lab FS. ",202.4,,,,,,,Fee Schedule,"100% Medicare Lab FS. ",202.4,,,,,,,Fee Schedule,"100% Medicare Lab FS. ",,,,,,,,,"NA. ",,,,,,,,Fee Schedule,225% of NYS APG. Lesser of 100% of billed charges applies.,192.59,,,,,,,Fee Schedule,100% Medicaid Fee Schedule. Lesser of 100% of billed charges applies.,192.68,,,,,,,Fee Schedule,"238 % BCBS Standard HMO. ",439.21,,,,,,,Fee Schedule,"217 % Medicare RBRVS. ",439.21,,,,,,,Fee Schedule,"217 % Medicare RBRVS. ",439.21,,,,,,,Fee Schedule,"217 % Medicare RBRVS. ",439.21,,,,,,,Fee Schedule,"217 % Medicare RBRVS. ",202.4,,,,,,,Fee Schedule,"100% Medicare Lab FS. ",,,,,,,,Other,"100 Percent of Medicaid APG. ",192.68,,,,,,,Fee Schedule,"238 % BCBS Standard HMO. ",,,,,,,,Other,"100 Percent of Medicaid APG. ",202.4,,,,,,,Fee Schedule,"100% Medicare Lab FS. ",,,,,,,,Other,"100 Percent of Medicaid APG. ",202.4,,,,,,,Fee Schedule,"100% Medicare Lab FS. ",202.4,,,,,,,Fee Schedule,"100% Medicare Lab FS. ",,,,,,,,Other,"100 Percent of Medicaid APG. ",,,,,,,,Other,"100 Percent of Medicaid APG. ",439.21,,,,,,,Fee Schedule,"217 % Medicare RBRVS. ",358.1,,,,,,,Fee Schedule,"150 % 2018 Cigna RBRVS fee schedule. ",248.6484,78,,,,,0,percent of total billed charges,78% of Billed Charges. Lesser of 100% of billed charges applies.; No services were performed during the 15 month look back period.,202.4,,,,,,,Fee Schedule,"100 % 2019 CMS Clinical Lab National Limit Pub 20190115. ",202.4,,,,,,,Fee Schedule,"100 % 2019 CMS Clinical Lab National Limit Pub 20190115. ",508.02,,,,,,,Fee Schedule,"250.998023715415 % Medicare Physician FS TC Rates Only. ",198.35,,,,,,,Fee Schedule,"98% Lab FS. ",390.63,,,,,,,Fee Schedule,"193 % Medicare RBRVS. ",390.63,,,,,,,Fee Schedule,"193 % Medicare RBRVS. ",154.15,,,,,,,Fee Schedule,"190.4 % BCBS Standard HMO. ",154.15,,,,,,,Fee Schedule,"190.4 % BCBS Standard HMO. ",202.4,,,,,,,Fee Schedule,"100% Medicare Lab FS. ",202.4,,,,,,,Fee Schedule,"100% Medicare Lab FS. ",202.4,,,,,,,Fee Schedule,"100% Medicare Lab FS. ",202.4,,,,,,,Fee Schedule,"100% Medicare Lab FS. ",202.4,,,,,,,Fee Schedule,"100 % 2019 CMS Clinical Lab National Limit Pub 20190115. ",192.68,,,,,,,Fee Schedule,"238 % BCBS Standard HMO. ",192.68,,,,,,,Fee Schedule,"238 % BCBS Standard HMO. ",202.4,,,,,,,Fee Schedule,"100% Medicare Lab FS. ",154.15,,,,,,,Fee Schedule,"190.4 % BCBS Standard HMO. ",516.12,,,,,,,Fee Schedule,"255 % Medicare RBRVS. ",,,,,,,,Fee Schedule,"120 Percent of Medicaid APG. ",,,,,,,,Other,"100 Percent of Medicaid APG. ",439.21,,,,,,,Fee Schedule,"217 % Medicare RBRVS. ",173.42,,,,,,,Fee Schedule,"214.2 % BCBS Standard HMO. ",173.42,,,,,,,Fee Schedule,"214.2 % BCBS Standard HMO. ",192.68,,,,,,,Fee Schedule,"238 % BCBS Standard HMO. ",159.39,50,,,,,0,percent of total billed charges,50 percent of billed charges; No services were performed during the 15 month look back period.,202.4,,,,,,,Fee Schedule,"100% Medicare Lab FS. ",,,,,,,,Fee Schedule,"Not payable. ",,,,,,,,Fee Schedule,"Not payable. ",,,,,,,,Fee Schedule,"Not payable. ",,,,,,,,Fee Schedule,"Not payable. ",202.4,,,,,,,Fee Schedule,"100 % 2019 CMS Clinical Lab National Limit Pub 20190115. ",,,,,,,,Fee Schedule,"Not payable. ",,,,,,,,Fee Schedule,"Not payable. ",,,,,,,,Fee Schedule,"Not payable. ",,,,,,,,Fee Schedule,"Not payable. ",,,,,,,,Fee Schedule,"Not payable. ",,,,,,,,Fee Schedule,"Not payable. ",,,,,,,,Fee Schedule,"Not payable. ",202.4,,,,,,,Fee Schedule,"100% Medicare Lab FS. ",202.4,,,,,,,Fee Schedule,"100 % 2019 CMS Clinical Lab National Limit Pub 20190115. ",202.4,,,,,,,Fee Schedule,"100% Medicare Lab FS. ",,,,,,,,Fee Schedule,"Not payable. ",192.68,,,,,,,Fee Schedule,"238 % BCBS Standard HMO. ",202.4,,,,,,,Fee Schedule,"100% Medicare Lab FS. ",192.68,,,,,,,Fee Schedule,"238 % BCBS Standard HMO. ",192.68,,,,,,,Fee Schedule,"238 % BCBS Standard HMO. ",192.68,,,,,,,Fee Schedule,"238 % BCBS Standard HMO. ",,,,,,,,Fee Schedule,"Not payable. ",202.4,,,,,,,Fee Schedule,"100% Medicare Lab FS. ",192.68,,,,,,,Fee Schedule,"238 % BCBS Standard HMO. ",,,,,,,,Fee Schedule,"Not payable. ",192.68,,,,,,,Fee Schedule,"238 % BCBS Standard HMO. ",303.6,,,,,,,Fee Schedule,"150% of Medicare Lab FS. ",202.4,,,,,,,Fee Schedule,"100% Medicare Lab FS. ",439.21,,,,,,,Fee Schedule,"217 % Medicare RBRVS. ",439.21,,,,,,,Fee Schedule,"217 % Medicare RBRVS. ",439.21,,,,,,,Fee Schedule,"217 % Medicare RBRVS. ",439.21,,,,,,,Fee Schedule,"217 % Medicare RBRVS. ",439.21,,,,,,,Fee Schedule,"217 % Medicare RBRVS. ",516.12,,,,,,,Fee Schedule,"255 % Medicare RBRVS. ",516.12,,,,,,,Fee Schedule,"255 % Medicare RBRVS. ",439.21,,,,,,,Fee Schedule,"217 % Medicare RBRVS. ",439.21,,,,,,,Fee Schedule,"217 % Medicare RBRVS. ",439.21,,,,,,,Fee Schedule,"217 % Medicare RBRVS. ",439.21,,,,,,,Fee Schedule,"217 % Medicare RBRVS. ",439.21,,,,,,,Fee Schedule,"217 % Medicare RBRVS. ",202.4,,,,,,,Fee Schedule,"100% Medicare Lab FS. ",516.12,,,,,,,Fee Schedule,"255 % Medicare RBRVS. ",202.4,,,,,,,Fee Schedule,"100% Medicare Lab FS. ",,,,,,,,Other,"225 Percent of Medicaid APG. If not included in Medicaid APG, then 100 Percent of Manhattan Medicare",,,,,,,,Other,"100 Percent of Medicaid APG. If not priced under APG, then Metroplus FeeSched",202.4,,,,,,,Fee Schedule,"100 % 2019 CMS Clinical Lab National Limit Pub 20190115. ",202.4,,,,,,,Fee Schedule,"100 % 2019 CMS Clinical Lab National Limit Pub 20190115. ",202.4,,,,,,,Fee Schedule,"100% Medicare Lab FS. ",390.63,,,,,,,Fee Schedule,"193 % Medicare RBRVS. ",202.4,,,,,,,Fee Schedule,"100% Medicare Lab FS. ",202.4,,,,,,,Fee Schedule,"100% Medicare Lab FS. ",508.02,,,,,,,Fee Schedule,"250.998023715415 % Medicare Physician FS TC Rates Only. ",202.4,,,,,,,Fee Schedule,"100% Medicare Lab FS. ",358.1,,,,,,,Fee Schedule,"150 % 2018 Cigna RBRVS fee schedule. ",202.4,,,,,,,Fee Schedule,"100% Medicare Lab FS. ",358.1,,,,,,,Fee Schedule,"150 % 2018 Cigna RBRVS fee schedule. ",508.02,,,,,,,Fee Schedule,"250.998023715415 % Medicare Physician FS TC Rates Only. ",358.1,,,,,,,Fee Schedule,"150 % 2018 Cigna RBRVS fee schedule. ",202.4,,,,,,,Fee Schedule,"100% Medicare Lab FS. ",,,,,,,,Other,"100 Percent of Medicaid APG. ",202.4,,,,,,,Fee Schedule,"100% Medicare Lab FS. ",358.1,,,,,,,Fee Schedule,"150 % 2018 Cigna RBRVS fee schedule. ",202.4,,,,,,,Fee Schedule,"100 % 2019 CMS Clinical Lab National Limit Pub 20190115. ",,,,,,,,Other,"100 Percent of Medicaid APG. ",192.68,,,,,,,Fee Schedule,"238 % BCBS Standard HMO. ",,,,,,,,Fee Schedule,"120 Percent of Medicaid APG. ",,,,,,,,Fee Schedule,"120 Percent of Medicaid APG. ",192.68,,,,,,,Fee Schedule,"238 % BCBS Standard HMO. ",192.68,,,,,,,Fee Schedule,"238 % BCBS Standard HMO. ",192.68,,,,,,,Fee Schedule,"238 % BCBS Standard HMO. ",202.4,,,,,,,Fee Schedule,"100 % 2019 CMS Clinical Lab National Limit Pub 20190115. ",192.68,,,,,,,Fee Schedule,"238 % BCBS Standard HMO. ",192.68,,,,,,,Fee Schedule,"238 % BCBS Standard HMO. ",192.68,,,,,,,Fee Schedule,"238 % BCBS Standard HMO. ",439.21,,,,,,,Fee Schedule,"217 % Medicare RBRVS. ",439.21,,,,,,,Fee Schedule,"217 % Medicare RBRVS. ",285.38,,,,,,,Fee Schedule,141 Percent of of Medicare Lab FS. Metroplus will reimburse unlisted codes and described codes with no Medicare rate at 50 percent of charges.,,,,,,,,Other,"100 Percent of Medicaid APG. ",202.4,,,,,,,Fee Schedule,"100 % 2019 CMS Clinical Lab National Limit Pub 20190115. ",358.1,,,,,,,Fee Schedule,"150 % 2018 Cigna RBRVS fee schedule. ",508.02,,,,,,,Fee Schedule,"250.998023715415 % Medicare Physician FS TC Rates Only. ",202.4,,,,,,,Fee Schedule,"100 % 2019 CMS Clinical Lab National Limit Pub 20190115. ",508.02,,,,,,,Fee Schedule,"250.998023715415 % Medicare Physician FS TC Rates Only. ",202.4,,,,,,,Fee Schedule,"100 % 2019 CMS Clinical Lab National Limit Pub 20190115. ",192.68,,,,,,,Fee Schedule,"238 % BCBS Standard HMO. ",192.68,,,,,,,Fee Schedule,"238 % BCBS Standard HMO. ",192.68,,,,,,,Fee Schedule,"238 % BCBS Standard HMO. ",192.68,,,,,,,Fee Schedule,"238 % BCBS Standard HMO. ",202.4,,,,,,,Fee Schedule,"100% Medicare Lab FS. ",138.04,2062.46,
81276,CPT,2025649,LOCAL,310,RC,HC KRAS GENE ADDL VARIANTS,602.1,231.9,both,,,,193.25,,,,,,,Fee Schedule,"100 % 1199 Fee Schedule. ",193.25,,,,,,,Fee Schedule,"100 % 1199 Fee Schedule. ",485.06,,,,,,,Fee Schedule,"251.001293661061 % Medicare Physician FS TC Rates Only. ",602.1,100,,,,,0,percent of total billed charges,100 percent of billed charges. ; No services were performed during the 15 month look back period.,193.25,,,,,,,Fee Schedule,"100% Medicare Lab FS. ",485.06,,,,,,,Fee Schedule,"251.001293661061 % Medicare Physician FS TC Rates Only. ",485.06,,,,,,,Fee Schedule,"251.001293661061 % Medicare Physician FS TC Rates Only. ",485.06,,,,,,,Fee Schedule,"251.001293661061 % Medicare Physician FS TC Rates Only. ",,,,,,,,Other,"100 Percent of Medicaid APG. ",,,,,,,,Other,"100 Percent of Medicaid APG. ",469.638,78,,,,,0,percent of total billed charges,78% of Billed Charges. Lesser of 100% of billed charges applies.; No services were performed during the 15 month look back period.,193.25,,,,,,,Fee Schedule,"100 % 2019 CMS Clinical Lab National Limit Pub 20190115. ",,,,,,,,Other,"100 Percent of Medicaid APG. ",193.25,,,,,,,Fee Schedule,"100% Medicare Lab FS. ",342.17,,,,,,,Fee Schedule,"150 % 2018 Cigna RBRVS fee schedule. ",342.17,,,,,,,Fee Schedule,"150 % 2018 Cigna RBRVS fee schedule. ",342.17,,,,,,,Fee Schedule,"150 % 2018 Cigna RBRVS fee schedule. ",342.17,,,,,,,Fee Schedule,"150 % 2018 Cigna RBRVS fee schedule. ",173.93,,,,,,,Fee schedule,90 Percent of Medicare Laboratory. Covered services not payable under Medicaid Fee Schedules default to a payment of 50 percent of charges.,193.25,,,,,,,Fee Schedule,"100% Medicare Lab FS. ",173.93,,,,,,,Fee schedule,90 Percent of Medicare Laboratory. Covered services not payable under Medicaid Fee Schedules default to a payment of 50 percent of charges.,469.638,78,,,,,0,percent of total billed charges,78% of Billed Charges. Lesser of 100% of billed charges applies.; No services were performed during the 15 month look back period.,485.06,,,,,,,Fee Schedule,"251.001293661061 % Medicare Physician FS TC Rates Only. ",193.25,,,,,,,Fee Schedule,"100% Medicare Lab FS. ",492.79,,,,,,,Fee Schedule,"255 % Medicare RBRVS. ",193.25,,,,,,,Fee Schedule,"100% Medicare Lab FS. ",193.25,,,,,,,Fee Schedule,"100% Medicare Lab FS. ",469.638,78,,,,,0,percent of total billed charges,78% of Billed Charges. Lesser of 100% of billed charges applies.; No services were performed during the 15 month look back period.,119.49,,,,,,,Fee Schedule,100% Medicaid Fee Schedule. Lesser of 100% of billed charges applies.,119.49,,,,,,,Fee Schedule,100% Medicaid Fee Schedule. Lesser of 100% of billed charges applies.,173.93,,,,,,,Fee schedule,"90 Percent of Medicare RBRVS. ",173.93,,,,,,,Fee schedule,"90 Percent of Medicare RBRVS. ",492.79,,,,,,,Fee Schedule,"255 % Medicare RBRVS. ",492.79,,,,,,,Fee Schedule,"255 % Medicare RBRVS. ",,,,,,,,Other,"100 Percent of Medicaid APG. Not APG payable, or payable under another fee schedule like ASP/AWP pays at 30% of charges",492.79,,,,,,,Fee Schedule,"255 % Medicare RBRVS. ",,,,,,,,Other,"100 Percent of Medicaid APG. Not APG payable, or payable under another fee schedule like ASP/AWP pays at 30% of charges",193.25,,,,,,,Fee Schedule,"100% Medicare Lab FS. ",492.79,,,,,,,Fee Schedule,"255 % Medicare RBRVS. ",469.638,78,,,,,0,percent of total billed charges,78% of Billed Charges. Lesser of 100% of billed charges applies.; No services were performed during the 15 month look back period.,,,,,,,,Other,"100 Percent of Medicaid APG. If not priced under APG, then Metroplus FeeSched",,,,,,,,Other,"100 Percent of Medicaid APG. If not priced under APG, then Metroplus FeeSched",469.638,78,,,,,0,percent of total billed charges,78% of Billed Charges. Lesser of 100% of billed charges applies.; No services were performed during the 15 month look back period.,342.17,,,,,,,Fee Schedule,"150 % 2018 Cigna RBRVS fee schedule. ",193.25,,,,,,,Fee Schedule,"100 % 2019 CMS Clinical Lab National Limit Pub 20190115. ",193.25,,,,,,,Fee Schedule,"100 % 2019 CMS Clinical Lab National Limit Pub 20190115. ",469.638,78,,,,,0,percent of total billed charges,78% of Billed Charges. Lesser of 100% of billed charges applies.; No services were performed during the 15 month look back period.,193.25,,,,,,,Fee Schedule,"100% Medicare Lab FS. ",193.25,,,,,,,Fee Schedule,"100 % 2019 CMS Clinical Lab National Limit Pub 20190115. ",193.25,,,,,,,Fee Schedule,"100 % 2019 CMS Clinical Lab National Limit Pub 20190115. ",193.25,,,,,,,Fee Schedule,"100 % 2019 CMS Clinical Lab National Limit Pub 20190115. ",193.25,,,,,,,Fee Schedule,"100% Medicare Lab FS. ",193.25,,,,,,,Fee Schedule,"100 % 2019 CMS Clinical Lab National Limit Pub 20190115. ",193.25,,,,,,,Fee Schedule,"100 % 2019 CMS Clinical Lab National Limit Pub 20190115. ",193.25,,,,,,,Fee Schedule,"100% of Medicare Lab FS. ",301.05,50,,,,,0,percent of total billed charges,50 percent of billed charges; No services were performed during the 15 month look back period.,187.73,,,,,,,Fee Schedule,"238 % BCBS Standard HMO. ",187.73,,,,,,,Fee Schedule,"238 % BCBS Standard HMO. ",187.73,,,,,,,Fee Schedule,"238 % BCBS Standard HMO. ",187.73,,,,,,,Fee Schedule,"238 % BCBS Standard HMO. ",187.73,,,,,,,Fee Schedule,"238 % BCBS Standard HMO. ",187.73,,,,,,,Fee Schedule,"238 % BCBS Standard HMO. ",193.25,,,,,,,Fee Schedule,"100% Medicare Lab FS. ",193.25,,,,,,,Fee Schedule,"100% Medicare Lab FS. ",187.73,,,,,,,Fee Schedule,"238 % BCBS Standard HMO. ",469.638,78,,,,,0,percent of total billed charges,78% of Billed Charges. Lesser of 100% of billed charges applies.; No services were performed during the 15 month look back period.,469.638,78,,,,,0,percent of total billed charges,78% of Billed Charges. Lesser of 100% of billed charges applies.; No services were performed during the 15 month look back period.,469.638,78,,,,,0,percent of total billed charges,78% of Billed Charges. Lesser of 100% of billed charges applies.; No services were performed during the 15 month look back period.,469.638,78,,,,,0,percent of total billed charges,78% of Billed Charges. Lesser of 100% of billed charges applies.; No services were performed during the 15 month look back period.,469.638,78,,,,,0,percent of total billed charges,78% of Billed Charges. Lesser of 100% of billed charges applies.; No services were performed during the 15 month look back period.,469.638,78,,,,,0,percent of total billed charges,78% of Billed Charges. Lesser of 100% of billed charges applies.; No services were performed during the 15 month look back period.,469.638,78,,,,,0,percent of total billed charges,78% of Billed Charges. Lesser of 100% of billed charges applies.; No services were performed during the 15 month look back period.,469.638,78,,,,,0,percent of total billed charges,78% of Billed Charges. Lesser of 100% of billed charges applies.; No services were performed during the 15 month look back period.,469.638,78,,,,,0,percent of total billed charges,78% of Billed Charges. Lesser of 100% of billed charges applies.; No services were performed during the 15 month look back period.,469.638,78,,,,,0,percent of total billed charges,78% of Billed Charges. Lesser of 100% of billed charges applies.; No services were performed during the 15 month look back period.,469.638,78,,,,,0,percent of total billed charges,78% of Billed Charges. Lesser of 100% of billed charges applies.; No services were performed during the 15 month look back period.,469.638,78,,,,,0,percent of total billed charges,78% of Billed Charges. Lesser of 100% of billed charges applies.; No services were performed during the 15 month look back period.,469.638,78,,,,,0,percent of total billed charges,78% of Billed Charges. Lesser of 100% of billed charges applies.; No services were performed during the 15 month look back period.,469.638,78,,,,,0,percent of total billed charges,78% of Billed Charges. Lesser of 100% of billed charges applies.; No services were performed during the 15 month look back period.,469.638,78,,,,,0,percent of total billed charges,78% of Billed Charges. Lesser of 100% of billed charges applies.; No services were performed during the 15 month look back period.,469.638,78,,,,,0,percent of total billed charges,78% of Billed Charges. Lesser of 100% of billed charges applies.; No services were performed during the 15 month look back period.,469.638,78,,,,,0,percent of total billed charges,78% of Billed Charges. Lesser of 100% of billed charges applies.; No services were performed during the 15 month look back period.,469.638,78,,,,,0,percent of total billed charges,78% of Billed Charges. Lesser of 100% of billed charges applies.; No services were performed during the 15 month look back period.,469.638,78,,,,,0,percent of total billed charges,78% of Billed Charges. Lesser of 100% of billed charges applies.; No services were performed during the 15 month look back period.,469.638,78,,,,,0,percent of total billed charges,78% of Billed Charges. Lesser of 100% of billed charges applies.; No services were performed during the 15 month look back period.,469.638,78,,,,,0,percent of total billed charges,78% of Billed Charges. Lesser of 100% of billed charges applies.; No services were performed during the 15 month look back period.,469.638,78,,,,,0,percent of total billed charges,78% of Billed Charges. Lesser of 100% of billed charges applies.; No services were performed during the 15 month look back period.,469.638,78,,,,,0,percent of total billed charges,78% of Billed Charges. Lesser of 100% of billed charges applies.; No services were performed during the 15 month look back period.,469.638,78,,,,,0,percent of total billed charges,78% of Billed Charges. Lesser of 100% of billed charges applies.; No services were performed during the 15 month look back period.,469.638,78,,,,,0,percent of total billed charges,78% of Billed Charges. Lesser of 100% of billed charges applies.; No services were performed during the 15 month look back period.,469.638,78,,,,,0,percent of total billed charges,78% of Billed Charges. Lesser of 100% of billed charges applies.; No services were performed during the 15 month look back period.,492.79,,,,,,,Fee Schedule,"255 % Medicare RBRVS. ",492.79,,,,,,,Fee Schedule,"255 % Medicare RBRVS. ",492.79,,,,,,,Fee Schedule,"255 % Medicare RBRVS. ",492.79,,,,,,,Fee Schedule,"255 % Medicare RBRVS. ",372.97,,,,,,,Fee Schedule,"193 % Medicare RBRVS. ",372.97,,,,,,,Fee Schedule,"193 % Medicare RBRVS. ",342.17,,,,,,,Fee Schedule,"150 % 2018 Cigna RBRVS fee schedule. ",187.73,,,,,,,Fee Schedule,"238 % BCBS Standard HMO. ",193.25,,,,,,,Fee Schedule,"100 % 2019 CMS Clinical Lab National Limit Pub 20190115. ",187.73,,,,,,,Fee Schedule,"238 % BCBS Standard HMO. ",469.638,78,,,,,0,percent of total billed charges,78% of Billed Charges. Lesser of 100% of billed charges applies.; No services were performed during the 15 month look back period.,372.97,,,,,,,Fee Schedule,"193 % Medicare RBRVS. ",187.73,,,,,,,Fee Schedule,"238 % BCBS Standard HMO. ",193.25,,,,,,,Fee Schedule,"100 % 2019 CMS Clinical Lab National Limit Pub 20190115. ",342.17,,,,,,,Fee Schedule,"150 % 2018 Cigna RBRVS fee schedule. ",,,,,,,,,"NA. ",469.638,78,,,,,0,percent of total billed charges,78% of Billed Charges. Lesser of 100% of billed charges applies.; No services were performed during the 15 month look back period.,,,,,,,,Other,"100 Percent of Medicaid APG. ",492.79,,,,,,,Fee Schedule,"255 % Medicare RBRVS. ",,,,,,,,Other,"100 Percent of Medicaid APG. Not APG payable, or payable under another fee schedule like ASP/AWP pays at 30% of charges",193.25,,,,,,,Fee Schedule,"100% Medicare Lab FS. ",193.25,,,,,,,Fee Schedule,"100% Medicare Lab FS. ",301.05,50,,,,,0,percent of total billed charges,50 percent of billed charges; No services were performed during the 15 month look back period.,193.25,,,,,,,Fee Schedule,"100% Medicare Lab FS. ",193.25,,,,,,,Fee Schedule,"100% Medicare Lab FS. ",,,,,,,,Other,"100 Percent of Medicaid APG. ",193.25,,,,,,,Fee Schedule,"100% Medicare Lab FS. ",193.25,,,,,,,Fee Schedule,"100% Medicare Lab FS. ",485.06,,,,,,,Fee Schedule,"251.001293661061 % Medicare Physician FS TC Rates Only. ",485.06,,,,,,,Fee Schedule,"251.001293661061 % Medicare Physician FS TC Rates Only. ",193.25,,,,,,,Fee Schedule,"100% Medicare Lab FS. ",342.17,,,,,,,Fee Schedule,"150 % 2018 Cigna RBRVS fee schedule. ",193.25,,,,,,,Fee Schedule,"100 % 2019 CMS Clinical Lab National Limit Pub 20190115. ",193.25,,,,,,,Fee Schedule,"100 % 2019 CMS Clinical Lab National Limit Pub 20190115. ",193.25,,,,,,,Fee Schedule,"100% Medicare Lab FS. ",342.17,,,,,,,Fee Schedule,"150 % 2018 Cigna RBRVS fee schedule. ",485.06,,,,,,,Fee Schedule,"251.001293661061 % Medicare Physician FS TC Rates Only. ",485.06,,,,,,,Fee Schedule,"251.001293661061 % Medicare Physician FS TC Rates Only. ",485.06,,,,,,,Fee Schedule,"251.001293661061 % Medicare Physician FS TC Rates Only. ",469.638,78,,,,,0,percent of total billed charges,78% of Billed Charges. Lesser of 100% of billed charges applies.; No services were performed during the 15 month look back period.,469.638,78,,,,,0,percent of total billed charges,78% of Billed Charges. Lesser of 100% of billed charges applies.; No services were performed during the 15 month look back period.,469.638,78,,,,,0,percent of total billed charges,78% of Billed Charges. Lesser of 100% of billed charges applies.; No services were performed during the 15 month look back period.,469.638,78,,,,,0,percent of total billed charges,78% of Billed Charges. Lesser of 100% of billed charges applies.; No services were performed during the 15 month look back period.,469.638,78,,,,,0,percent of total billed charges,78% of Billed Charges. Lesser of 100% of billed charges applies.; No services were performed during the 15 month look back period.,469.638,78,,,,,0,percent of total billed charges,78% of Billed Charges. Lesser of 100% of billed charges applies.; No services were performed during the 15 month look back period.,469.638,78,,,,,0,percent of total billed charges,78% of Billed Charges. Lesser of 100% of billed charges applies.; No services were performed during the 15 month look back period.,469.638,78,,,,,0,percent of total billed charges,78% of Billed Charges. Lesser of 100% of billed charges applies.; No services were performed during the 15 month look back period.,469.638,78,,,,,0,percent of total billed charges,78% of Billed Charges. Lesser of 100% of billed charges applies.; No services were performed during the 15 month look back period.,469.638,78,,,,,0,percent of total billed charges,78% of Billed Charges. Lesser of 100% of billed charges applies.; No services were performed during the 15 month look back period.,469.638,78,,,,,0,percent of total billed charges,78% of Billed Charges. Lesser of 100% of billed charges applies.; No services were performed during the 15 month look back period.,372.97,,,,,,,Fee Schedule,"193 % Medicare RBRVS. ",187.73,,,,,,,Fee Schedule,"238 % BCBS Standard HMO. ",342.17,,,,,,,Fee Schedule,"150 % 2018 Cigna RBRVS fee schedule. ",193.25,,,,,,,Fee Schedule,"100% Medicare Lab FS. ",485.06,,,,,,,Fee Schedule,"251.001293661061 % Medicare Physician FS TC Rates Only. ",342.17,,,,,,,Fee Schedule,"150 % 2018 Cigna RBRVS fee schedule. ",342.17,,,,,,,Fee Schedule,"150 % 2018 Cigna RBRVS fee schedule. ",469.638,78,,,,,0,percent of total billed charges,78% of Billed Charges. Lesser of 100% of billed charges applies.; No services were performed during the 15 month look back period.,,,,,,,,Other,"Not payable. ",342.17,,,,,,,Fee Schedule,"150 % 2018 Cigna RBRVS fee schedule. ",,,,,,,,Other,"100 Percent of Medicaid APG. ",193.25,,,,,,,Fee Schedule,"100% Medicare Lab FS. ",193.25,,,,,,,Fee Schedule,"100% Medicare Lab FS. ",193.25,,,,,,,Fee Schedule,"100% Medicare Lab FS. ",193.25,,,,,,,Fee Schedule,"100% Medicare Lab FS. ",193.25,,,,,,,Fee Schedule,"100% Medicare Lab FS. ",193.25,,,,,,,Fee Schedule,"100% Medicare Lab FS. ",342.17,,,,,,,Fee Schedule,"150 % 2018 Cigna RBRVS fee schedule. ",301.05,50,,,,,0,percent of total billed charges,50 percent of billed charges; No services were performed during the 15 month look back period.,309.2,,,,,,,Fee Schedule,"160 Percent of Medicare Laboratory. ",309.2,,,,,,,Fee Schedule,"160 Percent of Medicare Laboratory. ",309.2,,,,,,,Fee Schedule,"160 Percent of Medicare Laboratory. ",309.2,,,,,,,Fee Schedule,"160 Percent of Medicare Laboratory. ",309.2,,,,,,,Fee Schedule,"160 Percent of Medicare Laboratory. ",,,,,,,,,"NA. ",301.05,50,,,,,0,percent of total billed charges,50 percent of billed charges; No services were performed during the 15 month look back period.,272.48,,,,,,,Fee Schedule,141 Percent of of Medicare Lab FS. Metroplus will reimburse unlisted codes and described codes with no Medicare rate at 50 percent of charges.,272.48,,,,,,,Fee Schedule,141 Percent of of Medicare Lab FS. Metroplus will reimburse unlisted codes and described codes with no Medicare rate at 50 percent of charges.,272.48,,,,,,,Fee Schedule,141 Percent of of Medicare Lab FS. Metroplus will reimburse unlisted codes and described codes with no Medicare rate at 50 percent of charges.,272.48,,,,,,,Fee Schedule,141 Percent of of Medicare Lab FS. Metroplus will reimburse unlisted codes and described codes with no Medicare rate at 50 percent of charges.,272.48,,,,,,,Fee Schedule,141 Percent of of Medicare Lab FS. Metroplus will reimburse unlisted codes and described codes with no Medicare rate at 50 percent of charges.,193.25,,,,,,,Fee Schedule,"100% Medicare Lab FS. ",372.97,,,,,,,Fee Schedule,"193 % Medicare RBRVS. ",372.97,,,,,,,Fee Schedule,"193 % Medicare RBRVS. ",372.97,,,,,,,Fee Schedule,"193 % Medicare RBRVS. ",372.97,,,,,,,Fee Schedule,"193 % Medicare RBRVS. ",485.06,,,,,,,Fee Schedule,"251.001293661061 % Medicare Physician FS TC Rates Only. ",485.06,,,,,,,Fee Schedule,"251.001293661061 % Medicare Physician FS TC Rates Only. ",485.06,,,,,,,Fee Schedule,"251.001293661061 % Medicare Physician FS TC Rates Only. ",485.06,,,,,,,Fee Schedule,"251.001293661061 % Medicare Physician FS TC Rates Only. ",301.05,50,,,,,0,percent of total billed charges,50 percent of billed charges; No services were performed during the 15 month look back period.,301.05,50,,,,,0,percent of total billed charges,50 percent of billed charges; No services were performed during the 15 month look back period.,193.25,,,,,,,Fee Schedule,"100% Medicare Lab FS. ",193.25,,,,,,,Fee Schedule,"100% Medicare Lab FS. ",193.25,,,,,,,Fee Schedule,"100% Medicare Lab FS. ",187.73,,,,,,,Fee Schedule,"238 % BCBS Standard HMO. ",187.73,,,,,,,Fee Schedule,"238 % BCBS Standard HMO. ",187.73,,,,,,,Fee Schedule,"238 % BCBS Standard HMO. ",301.05,50,,,,,0,percent of total billed charges,50 percent of billed charges; No services were performed during the 15 month look back period.,485.06,,,,,,,Fee Schedule,"251.001293661061 % Medicare Physician FS TC Rates Only. ",193.25,,,,,,,Fee Schedule,"100% Medicare Lab FS. ",187.73,,,,,,,Fee Schedule,"238 % BCBS Standard HMO. ",,,,,,,,Other,"100 Percent of Medicaid APG. ",197.12,,,,,,,Fee Schedule,"102% of Medicare Lab FS. ",197.12,,,,,,,Fee Schedule,"102% of Medicare Lab FS. ",197.12,,,,,,,Fee Schedule,"102% of Medicare Lab FS. ",173.93,,,,,,,Fee schedule,"90 Percent of Medicare RBRVS. ",,,,,,,,Fee Schedule,225% of NYS APG. Lesser of 100% of billed charges applies.,,,,,,,,Fee Schedule,225% of NYS APG. Lesser of 100% of billed charges applies.,,,,,,,,Fee Schedule,225% of NYS APG. Lesser of 100% of billed charges applies.,,,,,,,,Fee Schedule,225% of NYS APG. Lesser of 100% of billed charges applies.,,,,,,,,Fee Schedule,225% of NYS APG. Lesser of 100% of billed charges applies.,197.12,,,,,,,Fee Schedule,"102% of Medicare Lab FS. ",,,,,,,,Other,"100 Percent of Medicaid APG. ",119.49,,,,,,,Fee Schedule,100% Medicaid Fee Schedule. Lesser of 100% of billed charges applies.,,,,,,,,Fee Schedule,225% of NYS APG. Lesser of 100% of billed charges applies.,,,,,,,,Fee Schedule,225% of NYS APG. Lesser of 100% of billed charges applies.,119.49,,,,,,,Fee Schedule,100% Medicaid Fee Schedule. Lesser of 100% of billed charges applies.,119.49,,,,,,,Fee Schedule,100% Medicaid Fee Schedule. Lesser of 100% of billed charges applies.,309.2,,,,,,,Fee Schedule,"160 Percent of Medicare Laboratory. ",193.25,,,,,,,Fee Schedule,"100% Medicare Lab FS. ",193.25,,,,,,,Fee Schedule,"100% Medicare Lab FS. ",485.06,,,,,,,Fee Schedule,"251.001293661061 % Medicare Physician FS TC Rates Only. ",193.25,,,,,,,Fee Schedule,"100% Medicare Lab FS. ",,,,,,,,Fee Schedule,"225 Percent of Medicaid APG. ",,,,,,,,Fee Schedule,"225 Percent of Medicaid APG. ",173.93,,,,,,,Fee schedule,"90 Percent of Medicare RBRVS. ",173.93,,,,,,,Fee schedule,"90 Percent of Medicare RBRVS. ",,,,,,,,Case Rate,Not Payable. Covered services not payable under Medicaid Fee Schedules default to a payment of 87.5 percent of charges.,173.93,,,,,,,Fee schedule,90 Percent of Medicare Laboratory. Covered services not payable under Medicaid Fee Schedules default to a payment of 50 percent of charges.,,,,,,,,Other,"100 Percent of Medicaid APG. ",,,,,,,,Other,"100 Percent of Medicaid APG. ",,,,,,,,Other,"100 Percent of Medicaid APG. ",,,,,,,,Other,"100 Percent of Medicaid APG. ",1969.22,,,,,,,Fee Schedule,"1019 % Manhattan Facility Rate. ",301.05,50,,,,,0,percent of total billed charges,50 percent of billed charges; No services were performed during the 15 month look back period.,,,,,,,,Other,"120 Percent of Medicaid APG. Not APG payable, or payable under another fee schedule like ASP/AWP pays at 30% of charges",,,,,,,,Other,"120 Percent of Medicaid APG. Not APG payable, or payable under another fee schedule like ASP/AWP pays at 30% of charges",,,,,,,,Other,"100 Percent of Medicaid APG. Not APG payable, or payable under another fee schedule like ASP/AWP pays at 30% of charges",,,,,,,,Other,"100 Percent of Medicaid APG. Not APG payable, or payable under another fee schedule like ASP/AWP pays at 30% of charges",187.73,,,,,,,Fee Schedule,"238 % BCBS Standard HMO. ",187.73,,,,,,,Fee Schedule,"238 % BCBS Standard HMO. ",193.25,,,,,,,Fee Schedule,"100% Medicare Lab FS. ",187.73,,,,,,,Fee Schedule,"238 % BCBS Standard HMO. ",187.73,,,,,,,Fee Schedule,"238 % BCBS Standard HMO. ",187.73,,,,,,,Fee Schedule,"238 % BCBS Standard HMO. ",187.73,,,,,,,Fee Schedule,"238 % BCBS Standard HMO. ",193.25,,,,,,,Fee Schedule,"100% Medicare Lab FS. ",187.73,,,,,,,Fee Schedule,"238 % BCBS Standard HMO. ",187.73,,,,,,,Fee Schedule,"238 % BCBS Standard HMO. ",485.06,,,,,,,Fee Schedule,"251.001293661061 % Medicare Physician FS TC Rates Only. ",,,,,,,,Fee Schedule,110% of APG. Lesser of 100% of billed charges applies.,173.93,,,,,,,Fee schedule,90 Percent of Medicare Laboratory. Covered services not payable under Medicaid Fee Schedules default to a payment of 50 percent of charges.,,,,,,,,Fee Schedule,225% of NYS APG. Lesser of 100% of billed charges applies.,,,,,,,,Case Rate,Not Payable. Covered services not payable under Medicaid Fee Schedules default to a payment of 87.5 percent of charges.,173.93,,,,,,,Fee schedule,90 Percent of Medicare Laboratory. Covered services not payable under Medicaid Fee Schedules default to a payment of 50 percent of charges.,,,,,,,,Fee Schedule,225% of NYS APG. Lesser of 100% of billed charges applies.,,,,,,,,Fee Schedule,225% of NYS APG. Lesser of 100% of billed charges applies.,,,,,,,,Fee Schedule,225% of NYS APG. Lesser of 100% of billed charges applies.,,,,,,,,Fee Schedule,225% of NYS APG. Lesser of 100% of billed charges applies.,,,,,,,,Fee Schedule,225% of NYS APG. Lesser of 100% of billed charges applies.,,,,,,,,Fee Schedule,225% of NYS APG. Lesser of 100% of billed charges applies.,,,,,,,,,"NA. ",,,,,,,,,"NA. ",,,,,,,,,"NA. ",342.17,,,,,,,Fee Schedule,"150 % 2018 Cigna RBRVS fee schedule. ",,,,,,,,,"NA. ",193.25,,,,,,,Fee Schedule,"100% Medicare Lab FS. ",193.25,,,,,,,Fee Schedule,"100 % 1199 Fee Schedule. ",193.25,,,,,,,Fee Schedule,"100% Medicare Lab FS. ",193.25,,,,,,,Fee Schedule,"100% Medicare Lab FS. ",,,,,,,,Other,"120 Percent of Medicaid APG. Not APG payable, or payable under another fee schedule like ASP/AWP pays at 30% of charges",,,,,,,,Other,"120 Percent of Medicaid APG. Not APG payable, or payable under another fee schedule like ASP/AWP pays at 30% of charges",,,,,,,,Other,"100 Percent of Medicaid APG. Not APG payable, or payable under another fee schedule like ASP/AWP pays at 30% of charges",,,,,,,,Other,"100 Percent of Medicaid APG. Not APG payable, or payable under another fee schedule like ASP/AWP pays at 30% of charges",,,,,,,,Other,"100 Percent of Medicaid APG. ",419.35,,,,,,,Fee Schedule,"217 % Medicare RBRVS. ",485.06,,,,,,,Fee Schedule,"251.001293661061 % Medicare Physician FS TC Rates Only. ",492.79,,,,,,,Fee Schedule,"255 % Medicare RBRVS. ",342.17,,,,,,,Fee Schedule,"150 % 2018 Cigna RBRVS fee schedule. ",193.25,,,,,,,Fee Schedule,"100% Medicare Lab FS. ",193.25,,,,,,,Fee Schedule,"100% Medicare Lab FS. ",193.25,,,,,,,Fee Schedule,"100% Medicare Lab FS. ",193.25,,,,,,,Fee Schedule,"100% Medicare Lab FS. ",193.25,,,,,,,Fee Schedule,"100% Medicare Lab FS. ",193.25,,,,,,,Fee Schedule,"100% Medicare Lab FS. ",,,,,,,,,"NA. ",,,,,,,,Fee Schedule,225% of NYS APG. Lesser of 100% of billed charges applies.,119.49,,,,,,,Fee Schedule,100% Medicaid Fee Schedule. Lesser of 100% of billed charges applies.,187.73,,,,,,,Fee Schedule,"238 % BCBS Standard HMO. ",419.35,,,,,,,Fee Schedule,"217 % Medicare RBRVS. ",419.35,,,,,,,Fee Schedule,"217 % Medicare RBRVS. ",419.35,,,,,,,Fee Schedule,"217 % Medicare RBRVS. ",419.35,,,,,,,Fee Schedule,"217 % Medicare RBRVS. ",193.25,,,,,,,Fee Schedule,"100% Medicare Lab FS. ",,,,,,,,Other,"100 Percent of Medicaid APG. ",187.73,,,,,,,Fee Schedule,"238 % BCBS Standard HMO. ",,,,,,,,Other,"100 Percent of Medicaid APG. ",193.25,,,,,,,Fee Schedule,"100% Medicare Lab FS. ",,,,,,,,Other,"100 Percent of Medicaid APG. ",193.25,,,,,,,Fee Schedule,"100% Medicare Lab FS. ",193.25,,,,,,,Fee Schedule,"100% Medicare Lab FS. ",,,,,,,,Other,"100 Percent of Medicaid APG. ",,,,,,,,Other,"100 Percent of Medicaid APG. ",419.35,,,,,,,Fee Schedule,"217 % Medicare RBRVS. ",342.17,,,,,,,Fee Schedule,"150 % 2018 Cigna RBRVS fee schedule. ",469.638,78,,,,,0,percent of total billed charges,78% of Billed Charges. Lesser of 100% of billed charges applies.; No services were performed during the 15 month look back period.,193.25,,,,,,,Fee Schedule,"100 % 2019 CMS Clinical Lab National Limit Pub 20190115. ",193.25,,,,,,,Fee Schedule,"100 % 2019 CMS Clinical Lab National Limit Pub 20190115. ",485.06,,,,,,,Fee Schedule,"251.001293661061 % Medicare Physician FS TC Rates Only. ",189.38,,,,,,,Fee Schedule,"98% Lab FS. ",372.97,,,,,,,Fee Schedule,"193 % Medicare RBRVS. ",372.97,,,,,,,Fee Schedule,"193 % Medicare RBRVS. ",150.19,,,,,,,Fee Schedule,"190.4 % BCBS Standard HMO. ",150.19,,,,,,,Fee Schedule,"190.4 % BCBS Standard HMO. ",193.25,,,,,,,Fee Schedule,"100% Medicare Lab FS. ",193.25,,,,,,,Fee Schedule,"100% Medicare Lab FS. ",193.25,,,,,,,Fee Schedule,"100% Medicare Lab FS. ",193.25,,,,,,,Fee Schedule,"100% Medicare Lab FS. ",193.25,,,,,,,Fee Schedule,"100 % 2019 CMS Clinical Lab National Limit Pub 20190115. ",187.73,,,,,,,Fee Schedule,"238 % BCBS Standard HMO. ",187.73,,,,,,,Fee Schedule,"238 % BCBS Standard HMO. ",193.25,,,,,,,Fee Schedule,"100% Medicare Lab FS. ",150.19,,,,,,,Fee Schedule,"190.4 % BCBS Standard HMO. ",492.79,,,,,,,Fee Schedule,"255 % Medicare RBRVS. ",,,,,,,,Fee Schedule,"120 Percent of Medicaid APG. ",,,,,,,,Other,"100 Percent of Medicaid APG. ",419.35,,,,,,,Fee Schedule,"217 % Medicare RBRVS. ",168.96,,,,,,,Fee Schedule,"214.2 % BCBS Standard HMO. ",168.96,,,,,,,Fee Schedule,"214.2 % BCBS Standard HMO. ",187.73,,,,,,,Fee Schedule,"238 % BCBS Standard HMO. ",301.05,50,,,,,0,percent of total billed charges,50 percent of billed charges; No services were performed during the 15 month look back period.,193.25,,,,,,,Fee Schedule,"100% Medicare Lab FS. ",,,,,,,,Fee Schedule,"Not payable. ",,,,,,,,Fee Schedule,"Not payable. ",,,,,,,,Fee Schedule,"Not payable. ",,,,,,,,Fee Schedule,"Not payable. ",193.25,,,,,,,Fee Schedule,"100 % 2019 CMS Clinical Lab National Limit Pub 20190115. ",,,,,,,,Fee Schedule,"Not payable. ",,,,,,,,Fee Schedule,"Not payable. ",,,,,,,,Fee Schedule,"Not payable. ",,,,,,,,Fee Schedule,"Not payable. ",,,,,,,,Fee Schedule,"Not payable. ",,,,,,,,Fee Schedule,"Not payable. ",,,,,,,,Fee Schedule,"Not payable. ",193.25,,,,,,,Fee Schedule,"100% Medicare Lab FS. ",193.25,,,,,,,Fee Schedule,"100 % 2019 CMS Clinical Lab National Limit Pub 20190115. ",193.25,,,,,,,Fee Schedule,"100% Medicare Lab FS. ",,,,,,,,Fee Schedule,"Not payable. ",187.73,,,,,,,Fee Schedule,"238 % BCBS Standard HMO. ",193.25,,,,,,,Fee Schedule,"100% Medicare Lab FS. ",187.73,,,,,,,Fee Schedule,"238 % BCBS Standard HMO. ",187.73,,,,,,,Fee Schedule,"238 % BCBS Standard HMO. ",187.73,,,,,,,Fee Schedule,"238 % BCBS Standard HMO. ",,,,,,,,Fee Schedule,"Not payable. ",193.25,,,,,,,Fee Schedule,"100% Medicare Lab FS. ",187.73,,,,,,,Fee Schedule,"238 % BCBS Standard HMO. ",,,,,,,,Fee Schedule,"Not payable. ",187.73,,,,,,,Fee Schedule,"238 % BCBS Standard HMO. ",289.88,,,,,,,Fee Schedule,"150% of Medicare Lab FS. ",193.25,,,,,,,Fee Schedule,"100% Medicare Lab FS. ",419.35,,,,,,,Fee Schedule,"217 % Medicare RBRVS. ",419.35,,,,,,,Fee Schedule,"217 % Medicare RBRVS. ",419.35,,,,,,,Fee Schedule,"217 % Medicare RBRVS. ",419.35,,,,,,,Fee Schedule,"217 % Medicare RBRVS. ",419.35,,,,,,,Fee Schedule,"217 % Medicare RBRVS. ",492.79,,,,,,,Fee Schedule,"255 % Medicare RBRVS. ",492.79,,,,,,,Fee Schedule,"255 % Medicare RBRVS. ",419.35,,,,,,,Fee Schedule,"217 % Medicare RBRVS. ",419.35,,,,,,,Fee Schedule,"217 % Medicare RBRVS. ",419.35,,,,,,,Fee Schedule,"217 % Medicare RBRVS. ",419.35,,,,,,,Fee Schedule,"217 % Medicare RBRVS. ",419.35,,,,,,,Fee Schedule,"217 % Medicare RBRVS. ",193.25,,,,,,,Fee Schedule,"100% Medicare Lab FS. ",492.79,,,,,,,Fee Schedule,"255 % Medicare RBRVS. ",193.25,,,,,,,Fee Schedule,"100% Medicare Lab FS. ",,,,,,,,Other,"225 Percent of Medicaid APG. If not included in Medicaid APG, then 100 Percent of Manhattan Medicare",,,,,,,,Other,"100 Percent of Medicaid APG. If not priced under APG, then Metroplus FeeSched",193.25,,,,,,,Fee Schedule,"100 % 2019 CMS Clinical Lab National Limit Pub 20190115. ",193.25,,,,,,,Fee Schedule,"100 % 2019 CMS Clinical Lab National Limit Pub 20190115. ",193.25,,,,,,,Fee Schedule,"100% Medicare Lab FS. ",372.97,,,,,,,Fee Schedule,"193 % Medicare RBRVS. ",193.25,,,,,,,Fee Schedule,"100% Medicare Lab FS. ",193.25,,,,,,,Fee Schedule,"100% Medicare Lab FS. ",485.06,,,,,,,Fee Schedule,"251.001293661061 % Medicare Physician FS TC Rates Only. ",193.25,,,,,,,Fee Schedule,"100% Medicare Lab FS. ",342.17,,,,,,,Fee Schedule,"150 % 2018 Cigna RBRVS fee schedule. ",193.25,,,,,,,Fee Schedule,"100% Medicare Lab FS. ",342.17,,,,,,,Fee Schedule,"150 % 2018 Cigna RBRVS fee schedule. ",485.06,,,,,,,Fee Schedule,"251.001293661061 % Medicare Physician FS TC Rates Only. ",342.17,,,,,,,Fee Schedule,"150 % 2018 Cigna RBRVS fee schedule. ",193.25,,,,,,,Fee Schedule,"100% Medicare Lab FS. ",,,,,,,,Other,"100 Percent of Medicaid APG. ",193.25,,,,,,,Fee Schedule,"100% Medicare Lab FS. ",342.17,,,,,,,Fee Schedule,"150 % 2018 Cigna RBRVS fee schedule. ",193.25,,,,,,,Fee Schedule,"100 % 2019 CMS Clinical Lab National Limit Pub 20190115. ",,,,,,,,Other,"100 Percent of Medicaid APG. ",187.73,,,,,,,Fee Schedule,"238 % BCBS Standard HMO. ",,,,,,,,Fee Schedule,"120 Percent of Medicaid APG. ",,,,,,,,Fee Schedule,"120 Percent of Medicaid APG. ",187.73,,,,,,,Fee Schedule,"238 % BCBS Standard HMO. ",187.73,,,,,,,Fee Schedule,"238 % BCBS Standard HMO. ",187.73,,,,,,,Fee Schedule,"238 % BCBS Standard HMO. ",193.25,,,,,,,Fee Schedule,"100 % 2019 CMS Clinical Lab National Limit Pub 20190115. ",187.73,,,,,,,Fee Schedule,"238 % BCBS Standard HMO. ",187.73,,,,,,,Fee Schedule,"238 % BCBS Standard HMO. ",187.73,,,,,,,Fee Schedule,"238 % BCBS Standard HMO. ",419.35,,,,,,,Fee Schedule,"217 % Medicare RBRVS. ",419.35,,,,,,,Fee Schedule,"217 % Medicare RBRVS. ",272.48,,,,,,,Fee Schedule,141 Percent of of Medicare Lab FS. Metroplus will reimburse unlisted codes and described codes with no Medicare rate at 50 percent of charges.,,,,,,,,Other,"100 Percent of Medicaid APG. ",193.25,,,,,,,Fee Schedule,"100 % 2019 CMS Clinical Lab National Limit Pub 20190115. ",342.17,,,,,,,Fee Schedule,"150 % 2018 Cigna RBRVS fee schedule. ",485.06,,,,,,,Fee Schedule,"251.001293661061 % Medicare Physician FS TC Rates Only. ",193.25,,,,,,,Fee Schedule,"100 % 2019 CMS Clinical Lab National Limit Pub 20190115. ",485.06,,,,,,,Fee Schedule,"251.001293661061 % Medicare Physician FS TC Rates Only. ",193.25,,,,,,,Fee Schedule,"100 % 2019 CMS Clinical Lab National Limit Pub 20190115. ",187.73,,,,,,,Fee Schedule,"238 % BCBS Standard HMO. ",187.73,,,,,,,Fee Schedule,"238 % BCBS Standard HMO. ",187.73,,,,,,,Fee Schedule,"238 % BCBS Standard HMO. ",187.73,,,,,,,Fee Schedule,"238 % BCBS Standard HMO. ",193.25,,,,,,,Fee Schedule,"100% Medicare Lab FS. ",119.49,1969.22,
81285,CPT,2026326,LOCAL,310,RC,HC FXN GENE CHARAC ALLELES,3006.1,329.8,both,,,,274.83,,,,,,,Fee Schedule,"100 % 1199 Fee Schedule. ",274.83,,,,,,,Fee Schedule,"100 % 1199 Fee Schedule. ",689.82,,,,,,,Fee Schedule,"250.998799257723 % Medicare Physician FS TC Rates Only. ",3006.1,100,,,,,0,percent of total billed charges,100 percent of billed charges. ; No services were performed during the 15 month look back period.,274.83,,,,,,,Fee Schedule,"100% Medicare Lab FS. ",689.82,,,,,,,Fee Schedule,"250.998799257723 % Medicare Physician FS TC Rates Only. ",689.82,,,,,,,Fee Schedule,"250.998799257723 % Medicare Physician FS TC Rates Only. ",689.82,,,,,,,Fee Schedule,"250.998799257723 % Medicare Physician FS TC Rates Only. ",,,,,,,,Other,"100 Percent of Medicaid APG. ",,,,,,,,Other,"100 Percent of Medicaid APG. ",2344.758,78,,,,,0,percent of total billed charges,78% of Billed Charges. Lesser of 100% of billed charges applies.; No services were performed during the 15 month look back period.,274.83,,,,,,,Fee Schedule,"100 % 2019 CMS Clinical Lab National Limit Pub 20190115. ",,,,,,,,Other,"100 Percent of Medicaid APG. ",274.83,,,,,,,Fee Schedule,"100% Medicare Lab FS. ",1803.66,60,,,,,0,percent of total billed charges,60 percent of billed charges; No services were performed during the 15 month look back period.,1803.66,60,,,,,0,percent of total billed charges,60 percent of billed charges; No services were performed during the 15 month look back period.,1803.66,60,,,,,0,percent of total billed charges,60 percent of billed charges; No services were performed during the 15 month look back period.,1803.66,60,,,,,0,percent of total billed charges,60 percent of billed charges; No services were performed during the 15 month look back period.,247.35,,,,,,,Fee schedule,90 Percent of Medicare Laboratory. Covered services not payable under Medicaid Fee Schedules default to a payment of 50 percent of charges.,274.83,,,,,,,Fee Schedule,"100% Medicare Lab FS. ",247.35,,,,,,,Fee schedule,90 Percent of Medicare Laboratory. Covered services not payable under Medicaid Fee Schedules default to a payment of 50 percent of charges.,2344.758,78,,,,,0,percent of total billed charges,78% of Billed Charges. Lesser of 100% of billed charges applies.; No services were performed during the 15 month look back period.,689.82,,,,,,,Fee Schedule,"250.998799257723 % Medicare Physician FS TC Rates Only. ",274.83,,,,,,,Fee Schedule,"100% Medicare Lab FS. ",700.82,,,,,,,Fee Schedule,"255 % Medicare RBRVS. ",274.83,,,,,,,Fee Schedule,"100% Medicare Lab FS. ",274.83,,,,,,,Fee Schedule,"100% Medicare Lab FS. ",2344.758,78,,,,,0,percent of total billed charges,78% of Billed Charges. Lesser of 100% of billed charges applies.; No services were performed during the 15 month look back period.,166.55,,,,,,,Fee Schedule,100% Medicaid Fee Schedule. Lesser of 100% of billed charges applies.,166.55,,,,,,,Fee Schedule,100% Medicaid Fee Schedule. Lesser of 100% of billed charges applies.,247.35,,,,,,,Fee schedule,"90 Percent of Medicare RBRVS. ",247.35,,,,,,,Fee schedule,"90 Percent of Medicare RBRVS. ",700.82,,,,,,,Fee Schedule,"255 % Medicare RBRVS. ",700.82,,,,,,,Fee Schedule,"255 % Medicare RBRVS. ",,,,,,,,Other,"100 Percent of Medicaid APG. Not APG payable, or payable under another fee schedule like ASP/AWP pays at 30% of charges",700.82,,,,,,,Fee Schedule,"255 % Medicare RBRVS. ",,,,,,,,Other,"100 Percent of Medicaid APG. Not APG payable, or payable under another fee schedule like ASP/AWP pays at 30% of charges",274.83,,,,,,,Fee Schedule,"100% Medicare Lab FS. ",700.82,,,,,,,Fee Schedule,"255 % Medicare RBRVS. ",2344.758,78,,,,,0,percent of total billed charges,78% of Billed Charges. Lesser of 100% of billed charges applies.; No services were performed during the 15 month look back period.,,,,,,,,Other,"100 Percent of Medicaid APG. If not priced under APG, then Metroplus FeeSched",,,,,,,,Other,"100 Percent of Medicaid APG. If not priced under APG, then Metroplus FeeSched",2344.758,78,,,,,0,percent of total billed charges,78% of Billed Charges. Lesser of 100% of billed charges applies.; No services were performed during the 15 month look back period.,1803.66,60,,,,,0,percent of total billed charges,60 percent of billed charges; No services were performed during the 15 month look back period.,274.83,,,,,,,Fee Schedule,"100 % 2019 CMS Clinical Lab National Limit Pub 20190115. ",274.83,,,,,,,Fee Schedule,"100 % 2019 CMS Clinical Lab National Limit Pub 20190115. ",2344.758,78,,,,,0,percent of total billed charges,78% of Billed Charges. Lesser of 100% of billed charges applies.; No services were performed during the 15 month look back period.,274.83,,,,,,,Fee Schedule,"100% Medicare Lab FS. ",274.83,,,,,,,Fee Schedule,"100 % 2019 CMS Clinical Lab National Limit Pub 20190115. ",274.83,,,,,,,Fee Schedule,"100 % 2019 CMS Clinical Lab National Limit Pub 20190115. ",274.83,,,,,,,Fee Schedule,"100 % 2019 CMS Clinical Lab National Limit Pub 20190115. ",274.83,,,,,,,Fee Schedule,"100% Medicare Lab FS. ",274.83,,,,,,,Fee Schedule,"100 % 2019 CMS Clinical Lab National Limit Pub 20190115. ",274.83,,,,,,,Fee Schedule,"100 % 2019 CMS Clinical Lab National Limit Pub 20190115. ",274.83,,,,,,,Fee Schedule,"100% of Medicare Lab FS. ",1503.05,50,,,,,0,percent of total billed charges,50 percent of billed charges; No services were performed during the 15 month look back period.,654.1,,,,,,,Fee Schedule,"238 % BCBS Standard HMO. ",654.1,,,,,,,Fee Schedule,"238 % BCBS Standard HMO. ",654.1,,,,,,,Fee Schedule,"238 % BCBS Standard HMO. ",654.1,,,,,,,Fee Schedule,"238 % BCBS Standard HMO. ",654.1,,,,,,,Fee Schedule,"238 % BCBS Standard HMO. ",654.1,,,,,,,Fee Schedule,"238 % BCBS Standard HMO. ",274.83,,,,,,,Fee Schedule,"100% Medicare Lab FS. ",274.83,,,,,,,Fee Schedule,"100% Medicare Lab FS. ",654.1,,,,,,,Fee Schedule,"238 % BCBS Standard HMO. ",2344.758,78,,,,,0,percent of total billed charges,78% of Billed Charges. Lesser of 100% of billed charges applies.; No services were performed during the 15 month look back period.,2344.758,78,,,,,0,percent of total billed charges,78% of Billed Charges. Lesser of 100% of billed charges applies.; No services were performed during the 15 month look back period.,2344.758,78,,,,,0,percent of total billed charges,78% of Billed Charges. Lesser of 100% of billed charges applies.; No services were performed during the 15 month look back period.,2344.758,78,,,,,0,percent of total billed charges,78% of Billed Charges. Lesser of 100% of billed charges applies.; No services were performed during the 15 month look back period.,2344.758,78,,,,,0,percent of total billed charges,78% of Billed Charges. Lesser of 100% of billed charges applies.; No services were performed during the 15 month look back period.,2344.758,78,,,,,0,percent of total billed charges,78% of Billed Charges. Lesser of 100% of billed charges applies.; No services were performed during the 15 month look back period.,2344.758,78,,,,,0,percent of total billed charges,78% of Billed Charges. Lesser of 100% of billed charges applies.; No services were performed during the 15 month look back period.,2344.758,78,,,,,0,percent of total billed charges,78% of Billed Charges. Lesser of 100% of billed charges applies.; No services were performed during the 15 month look back period.,2344.758,78,,,,,0,percent of total billed charges,78% of Billed Charges. Lesser of 100% of billed charges applies.; No services were performed during the 15 month look back period.,2344.758,78,,,,,0,percent of total billed charges,78% of Billed Charges. Lesser of 100% of billed charges applies.; No services were performed during the 15 month look back period.,2344.758,78,,,,,0,percent of total billed charges,78% of Billed Charges. Lesser of 100% of billed charges applies.; No services were performed during the 15 month look back period.,2344.758,78,,,,,0,percent of total billed charges,78% of Billed Charges. Lesser of 100% of billed charges applies.; No services were performed during the 15 month look back period.,2344.758,78,,,,,0,percent of total billed charges,78% of Billed Charges. Lesser of 100% of billed charges applies.; No services were performed during the 15 month look back period.,2344.758,78,,,,,0,percent of total billed charges,78% of Billed Charges. Lesser of 100% of billed charges applies.; No services were performed during the 15 month look back period.,2344.758,78,,,,,0,percent of total billed charges,78% of Billed Charges. Lesser of 100% of billed charges applies.; No services were performed during the 15 month look back period.,2344.758,78,,,,,0,percent of total billed charges,78% of Billed Charges. Lesser of 100% of billed charges applies.; No services were performed during the 15 month look back period.,2344.758,78,,,,,0,percent of total billed charges,78% of Billed Charges. Lesser of 100% of billed charges applies.; No services were performed during the 15 month look back period.,2344.758,78,,,,,0,percent of total billed charges,78% of Billed Charges. Lesser of 100% of billed charges applies.; No services were performed during the 15 month look back period.,2344.758,78,,,,,0,percent of total billed charges,78% of Billed Charges. Lesser of 100% of billed charges applies.; No services were performed during the 15 month look back period.,2344.758,78,,,,,0,percent of total billed charges,78% of Billed Charges. Lesser of 100% of billed charges applies.; No services were performed during the 15 month look back period.,2344.758,78,,,,,0,percent of total billed charges,78% of Billed Charges. Lesser of 100% of billed charges applies.; No services were performed during the 15 month look back period.,2344.758,78,,,,,0,percent of total billed charges,78% of Billed Charges. Lesser of 100% of billed charges applies.; No services were performed during the 15 month look back period.,2344.758,78,,,,,0,percent of total billed charges,78% of Billed Charges. Lesser of 100% of billed charges applies.; No services were performed during the 15 month look back period.,2344.758,78,,,,,0,percent of total billed charges,78% of Billed Charges. Lesser of 100% of billed charges applies.; No services were performed during the 15 month look back period.,2344.758,78,,,,,0,percent of total billed charges,78% of Billed Charges. Lesser of 100% of billed charges applies.; No services were performed during the 15 month look back period.,2344.758,78,,,,,0,percent of total billed charges,78% of Billed Charges. Lesser of 100% of billed charges applies.; No services were performed during the 15 month look back period.,700.82,,,,,,,Fee Schedule,"255 % Medicare RBRVS. ",700.82,,,,,,,Fee Schedule,"255 % Medicare RBRVS. ",700.82,,,,,,,Fee Schedule,"255 % Medicare RBRVS. ",700.82,,,,,,,Fee Schedule,"255 % Medicare RBRVS. ",530.42,,,,,,,Fee Schedule,"193 % Medicare RBRVS. ",530.42,,,,,,,Fee Schedule,"193 % Medicare RBRVS. ",1803.66,60,,,,,0,percent of total billed charges,60 percent of billed charges; No services were performed during the 15 month look back period.,654.1,,,,,,,Fee Schedule,"238 % BCBS Standard HMO. ",274.83,,,,,,,Fee Schedule,"100 % 2019 CMS Clinical Lab National Limit Pub 20190115. ",654.1,,,,,,,Fee Schedule,"238 % BCBS Standard HMO. ",2344.758,78,,,,,0,percent of total billed charges,78% of Billed Charges. Lesser of 100% of billed charges applies.; No services were performed during the 15 month look back period.,530.42,,,,,,,Fee Schedule,"193 % Medicare RBRVS. ",654.1,,,,,,,Fee Schedule,"238 % BCBS Standard HMO. ",274.83,,,,,,,Fee Schedule,"100 % 2019 CMS Clinical Lab National Limit Pub 20190115. ",1803.66,60,,,,,0,percent of total billed charges,60 percent of billed charges; No services were performed during the 15 month look back period.,,,,,,,,,"NA. ",2344.758,78,,,,,0,percent of total billed charges,78% of Billed Charges. Lesser of 100% of billed charges applies.; No services were performed during the 15 month look back period.,,,,,,,,Other,"100 Percent of Medicaid APG. ",700.82,,,,,,,Fee Schedule,"255 % Medicare RBRVS. ",,,,,,,,Other,"100 Percent of Medicaid APG. Not APG payable, or payable under another fee schedule like ASP/AWP pays at 30% of charges",274.83,,,,,,,Fee Schedule,"100% Medicare Lab FS. ",274.83,,,,,,,Fee Schedule,"100% Medicare Lab FS. ",1503.05,50,,,,,0,percent of total billed charges,50 percent of billed charges; No services were performed during the 15 month look back period.,274.83,,,,,,,Fee Schedule,"100% Medicare Lab FS. ",274.83,,,,,,,Fee Schedule,"100% Medicare Lab FS. ",,,,,,,,Other,"100 Percent of Medicaid APG. ",274.83,,,,,,,Fee Schedule,"100% Medicare Lab FS. ",274.83,,,,,,,Fee Schedule,"100% Medicare Lab FS. ",689.82,,,,,,,Fee Schedule,"250.998799257723 % Medicare Physician FS TC Rates Only. ",689.82,,,,,,,Fee Schedule,"250.998799257723 % Medicare Physician FS TC Rates Only. ",274.83,,,,,,,Fee Schedule,"100% Medicare Lab FS. ",1803.66,60,,,,,0,percent of total billed charges,60 percent of billed charges; No services were performed during the 15 month look back period.,274.83,,,,,,,Fee Schedule,"100 % 2019 CMS Clinical Lab National Limit Pub 20190115. ",274.83,,,,,,,Fee Schedule,"100 % 2019 CMS Clinical Lab National Limit Pub 20190115. ",274.83,,,,,,,Fee Schedule,"100% Medicare Lab FS. ",1803.66,60,,,,,0,percent of total billed charges,60 percent of billed charges; No services were performed during the 15 month look back period.,689.82,,,,,,,Fee Schedule,"250.998799257723 % Medicare Physician FS TC Rates Only. ",689.82,,,,,,,Fee Schedule,"250.998799257723 % Medicare Physician FS TC Rates Only. ",689.82,,,,,,,Fee Schedule,"250.998799257723 % Medicare Physician FS TC Rates Only. ",2344.758,78,,,,,0,percent of total billed charges,78% of Billed Charges. Lesser of 100% of billed charges applies.; No services were performed during the 15 month look back period.,2344.758,78,,,,,0,percent of total billed charges,78% of Billed Charges. Lesser of 100% of billed charges applies.; No services were performed during the 15 month look back period.,2344.758,78,,,,,0,percent of total billed charges,78% of Billed Charges. Lesser of 100% of billed charges applies.; No services were performed during the 15 month look back period.,2344.758,78,,,,,0,percent of total billed charges,78% of Billed Charges. Lesser of 100% of billed charges applies.; No services were performed during the 15 month look back period.,2344.758,78,,,,,0,percent of total billed charges,78% of Billed Charges. Lesser of 100% of billed charges applies.; No services were performed during the 15 month look back period.,2344.758,78,,,,,0,percent of total billed charges,78% of Billed Charges. Lesser of 100% of billed charges applies.; No services were performed during the 15 month look back period.,2344.758,78,,,,,0,percent of total billed charges,78% of Billed Charges. Lesser of 100% of billed charges applies.; No services were performed during the 15 month look back period.,2344.758,78,,,,,0,percent of total billed charges,78% of Billed Charges. Lesser of 100% of billed charges applies.; No services were performed during the 15 month look back period.,2344.758,78,,,,,0,percent of total billed charges,78% of Billed Charges. Lesser of 100% of billed charges applies.; No services were performed during the 15 month look back period.,2344.758,78,,,,,0,percent of total billed charges,78% of Billed Charges. Lesser of 100% of billed charges applies.; No services were performed during the 15 month look back period.,2344.758,78,,,,,0,percent of total billed charges,78% of Billed Charges. Lesser of 100% of billed charges applies.; No services were performed during the 15 month look back period.,530.42,,,,,,,Fee Schedule,"193 % Medicare RBRVS. ",654.1,,,,,,,Fee Schedule,"238 % BCBS Standard HMO. ",1803.66,60,,,,,0,percent of total billed charges,60 percent of billed charges; No services were performed during the 15 month look back period.,274.83,,,,,,,Fee Schedule,"100% Medicare Lab FS. ",689.82,,,,,,,Fee Schedule,"250.998799257723 % Medicare Physician FS TC Rates Only. ",1803.66,60,,,,,0,percent of total billed charges,60 percent of billed charges; No services were performed during the 15 month look back period.,1803.66,60,,,,,0,percent of total billed charges,60 percent of billed charges; No services were performed during the 15 month look back period.,2344.758,78,,,,,0,percent of total billed charges,78% of Billed Charges. Lesser of 100% of billed charges applies.; No services were performed during the 15 month look back period.,,,,,,,,Other,"Not payable. ",1803.66,60,,,,,0,percent of total billed charges,60 percent of billed charges; No services were performed during the 15 month look back period.,,,,,,,,Other,"100 Percent of Medicaid APG. ",274.83,,,,,,,Fee Schedule,"100% Medicare Lab FS. ",274.83,,,,,,,Fee Schedule,"100% Medicare Lab FS. ",274.83,,,,,,,Fee Schedule,"100% Medicare Lab FS. ",274.83,,,,,,,Fee Schedule,"100% Medicare Lab FS. ",274.83,,,,,,,Fee Schedule,"100% Medicare Lab FS. ",274.83,,,,,,,Fee Schedule,"100% Medicare Lab FS. ",1803.66,60,,,,,0,percent of total billed charges,60 percent of billed charges; No services were performed during the 15 month look back period.,1503.05,50,,,,,0,percent of total billed charges,50 percent of billed charges; No services were performed during the 15 month look back period.,439.73,,,,,,,Fee Schedule,"160 Percent of Medicare Laboratory. ",439.73,,,,,,,Fee Schedule,"160 Percent of Medicare Laboratory. ",439.73,,,,,,,Fee Schedule,"160 Percent of Medicare Laboratory. ",439.73,,,,,,,Fee Schedule,"160 Percent of Medicare Laboratory. ",439.73,,,,,,,Fee Schedule,"160 Percent of Medicare Laboratory. ",,,,,,,,,"NA. ",1503.05,50,,,,,0,percent of total billed charges,50 percent of billed charges; No services were performed during the 15 month look back period.,387.51,,,,,,,Fee Schedule,141 Percent of of Medicare Lab FS. Metroplus will reimburse unlisted codes and described codes with no Medicare rate at 50 percent of charges.,387.51,,,,,,,Fee Schedule,141 Percent of of Medicare Lab FS. Metroplus will reimburse unlisted codes and described codes with no Medicare rate at 50 percent of charges.,387.51,,,,,,,Fee Schedule,141 Percent of of Medicare Lab FS. Metroplus will reimburse unlisted codes and described codes with no Medicare rate at 50 percent of charges.,387.51,,,,,,,Fee Schedule,141 Percent of of Medicare Lab FS. Metroplus will reimburse unlisted codes and described codes with no Medicare rate at 50 percent of charges.,387.51,,,,,,,Fee Schedule,141 Percent of of Medicare Lab FS. Metroplus will reimburse unlisted codes and described codes with no Medicare rate at 50 percent of charges.,274.83,,,,,,,Fee Schedule,"100% Medicare Lab FS. ",530.42,,,,,,,Fee Schedule,"193 % Medicare RBRVS. ",530.42,,,,,,,Fee Schedule,"193 % Medicare RBRVS. ",530.42,,,,,,,Fee Schedule,"193 % Medicare RBRVS. ",530.42,,,,,,,Fee Schedule,"193 % Medicare RBRVS. ",689.82,,,,,,,Fee Schedule,"250.998799257723 % Medicare Physician FS TC Rates Only. ",689.82,,,,,,,Fee Schedule,"250.998799257723 % Medicare Physician FS TC Rates Only. ",689.82,,,,,,,Fee Schedule,"250.998799257723 % Medicare Physician FS TC Rates Only. ",689.82,,,,,,,Fee Schedule,"250.998799257723 % Medicare Physician FS TC Rates Only. ",1503.05,50,,,,,0,percent of total billed charges,50 percent of billed charges; No services were performed during the 15 month look back period.,1503.05,50,,,,,0,percent of total billed charges,50 percent of billed charges; No services were performed during the 15 month look back period.,274.83,,,,,,,Fee Schedule,"100% Medicare Lab FS. ",274.83,,,,,,,Fee Schedule,"100% Medicare Lab FS. ",274.83,,,,,,,Fee Schedule,"100% Medicare Lab FS. ",654.1,,,,,,,Fee Schedule,"238 % BCBS Standard HMO. ",654.1,,,,,,,Fee Schedule,"238 % BCBS Standard HMO. ",654.1,,,,,,,Fee Schedule,"238 % BCBS Standard HMO. ",1503.05,50,,,,,0,percent of total billed charges,50 percent of billed charges; No services were performed during the 15 month look back period.,689.82,,,,,,,Fee Schedule,"250.998799257723 % Medicare Physician FS TC Rates Only. ",274.83,,,,,,,Fee Schedule,"100% Medicare Lab FS. ",654.1,,,,,,,Fee Schedule,"238 % BCBS Standard HMO. ",,,,,,,,Other,"100 Percent of Medicaid APG. ",280.33,,,,,,,Fee Schedule,"102% of Medicare Lab FS. ",280.33,,,,,,,Fee Schedule,"102% of Medicare Lab FS. ",280.33,,,,,,,Fee Schedule,"102% of Medicare Lab FS. ",247.35,,,,,,,Fee schedule,"90 Percent of Medicare RBRVS. ",,,,,,,,Fee Schedule,225% of NYS APG. Lesser of 100% of billed charges applies.,,,,,,,,Fee Schedule,225% of NYS APG. Lesser of 100% of billed charges applies.,,,,,,,,Fee Schedule,225% of NYS APG. Lesser of 100% of billed charges applies.,,,,,,,,Fee Schedule,225% of NYS APG. Lesser of 100% of billed charges applies.,,,,,,,,Fee Schedule,225% of NYS APG. Lesser of 100% of billed charges applies.,280.33,,,,,,,Fee Schedule,"102% of Medicare Lab FS. ",,,,,,,,Other,"100 Percent of Medicaid APG. ",166.55,,,,,,,Fee Schedule,100% Medicaid Fee Schedule. Lesser of 100% of billed charges applies.,,,,,,,,Fee Schedule,225% of NYS APG. Lesser of 100% of billed charges applies.,,,,,,,,Fee Schedule,225% of NYS APG. Lesser of 100% of billed charges applies.,166.55,,,,,,,Fee Schedule,100% Medicaid Fee Schedule. Lesser of 100% of billed charges applies.,166.55,,,,,,,Fee Schedule,100% Medicaid Fee Schedule. Lesser of 100% of billed charges applies.,439.73,,,,,,,Fee Schedule,"160 Percent of Medicare Laboratory. ",274.83,,,,,,,Fee Schedule,"100% Medicare Lab FS. ",274.83,,,,,,,Fee Schedule,"100% Medicare Lab FS. ",689.82,,,,,,,Fee Schedule,"250.998799257723 % Medicare Physician FS TC Rates Only. ",274.83,,,,,,,Fee Schedule,"100% Medicare Lab FS. ",,,,,,,,Fee Schedule,"225 Percent of Medicaid APG. ",,,,,,,,Fee Schedule,"225 Percent of Medicaid APG. ",247.35,,,,,,,Fee schedule,"90 Percent of Medicare RBRVS. ",247.35,,,,,,,Fee schedule,"90 Percent of Medicare RBRVS. ",,,,,,,,Case Rate,Not Payable. Covered services not payable under Medicaid Fee Schedules default to a payment of 87.5 percent of charges.,247.35,,,,,,,Fee schedule,90 Percent of Medicare Laboratory. Covered services not payable under Medicaid Fee Schedules default to a payment of 50 percent of charges.,,,,,,,,Other,"100 Percent of Medicaid APG. ",,,,,,,,Other,"100 Percent of Medicaid APG. ",,,,,,,,Other,"100 Percent of Medicaid APG. ",,,,,,,,Other,"100 Percent of Medicaid APG. ",2800.52,,,,,,,Fee Schedule,"1019 % Manhattan Facility Rate. ",1503.05,50,,,,,0,percent of total billed charges,50 percent of billed charges; No services were performed during the 15 month look back period.,,,,,,,,Other,"120 Percent of Medicaid APG. Not APG payable, or payable under another fee schedule like ASP/AWP pays at 30% of charges",,,,,,,,Other,"120 Percent of Medicaid APG. Not APG payable, or payable under another fee schedule like ASP/AWP pays at 30% of charges",,,,,,,,Other,"100 Percent of Medicaid APG. Not APG payable, or payable under another fee schedule like ASP/AWP pays at 30% of charges",,,,,,,,Other,"100 Percent of Medicaid APG. Not APG payable, or payable under another fee schedule like ASP/AWP pays at 30% of charges",654.1,,,,,,,Fee Schedule,"238 % BCBS Standard HMO. ",654.1,,,,,,,Fee Schedule,"238 % BCBS Standard HMO. ",274.83,,,,,,,Fee Schedule,"100% Medicare Lab FS. ",654.1,,,,,,,Fee Schedule,"238 % BCBS Standard HMO. ",654.1,,,,,,,Fee Schedule,"238 % BCBS Standard HMO. ",654.1,,,,,,,Fee Schedule,"238 % BCBS Standard HMO. ",654.1,,,,,,,Fee Schedule,"238 % BCBS Standard HMO. ",274.83,,,,,,,Fee Schedule,"100% Medicare Lab FS. ",654.1,,,,,,,Fee Schedule,"238 % BCBS Standard HMO. ",654.1,,,,,,,Fee Schedule,"238 % BCBS Standard HMO. ",689.82,,,,,,,Fee Schedule,"250.998799257723 % Medicare Physician FS TC Rates Only. ",,,,,,,,Fee Schedule,110% of APG. Lesser of 100% of billed charges applies.,247.35,,,,,,,Fee schedule,90 Percent of Medicare Laboratory. Covered services not payable under Medicaid Fee Schedules default to a payment of 50 percent of charges.,,,,,,,,Fee Schedule,225% of NYS APG. Lesser of 100% of billed charges applies.,,,,,,,,Case Rate,Not Payable. Covered services not payable under Medicaid Fee Schedules default to a payment of 87.5 percent of charges.,247.35,,,,,,,Fee schedule,90 Percent of Medicare Laboratory. Covered services not payable under Medicaid Fee Schedules default to a payment of 50 percent of charges.,,,,,,,,Fee Schedule,225% of NYS APG. Lesser of 100% of billed charges applies.,,,,,,,,Fee Schedule,225% of NYS APG. Lesser of 100% of billed charges applies.,,,,,,,,Fee Schedule,225% of NYS APG. Lesser of 100% of billed charges applies.,,,,,,,,Fee Schedule,225% of NYS APG. Lesser of 100% of billed charges applies.,,,,,,,,Fee Schedule,225% of NYS APG. Lesser of 100% of billed charges applies.,,,,,,,,Fee Schedule,225% of NYS APG. Lesser of 100% of billed charges applies.,,,,,,,,,"NA. ",,,,,,,,,"NA. ",,,,,,,,,"NA. ",1803.66,60,,,,,0,percent of total billed charges,60 percent of billed charges; No services were performed during the 15 month look back period.,,,,,,,,,"NA. ",274.83,,,,,,,Fee Schedule,"100% Medicare Lab FS. ",274.83,,,,,,,Fee Schedule,"100 % 1199 Fee Schedule. ",274.83,,,,,,,Fee Schedule,"100% Medicare Lab FS. ",274.83,,,,,,,Fee Schedule,"100% Medicare Lab FS. ",,,,,,,,Other,"120 Percent of Medicaid APG. Not APG payable, or payable under another fee schedule like ASP/AWP pays at 30% of charges",,,,,,,,Other,"120 Percent of Medicaid APG. Not APG payable, or payable under another fee schedule like ASP/AWP pays at 30% of charges",,,,,,,,Other,"100 Percent of Medicaid APG. Not APG payable, or payable under another fee schedule like ASP/AWP pays at 30% of charges",,,,,,,,Other,"100 Percent of Medicaid APG. Not APG payable, or payable under another fee schedule like ASP/AWP pays at 30% of charges",,,,,,,,Other,"100 Percent of Medicaid APG. ",596.38,,,,,,,Fee Schedule,"217 % Medicare RBRVS. ",689.82,,,,,,,Fee Schedule,"250.998799257723 % Medicare Physician FS TC Rates Only. ",700.82,,,,,,,Fee Schedule,"255 % Medicare RBRVS. ",1803.66,60,,,,,0,percent of total billed charges,60 percent of billed charges; No services were performed during the 15 month look back period.,274.83,,,,,,,Fee Schedule,"100% Medicare Lab FS. ",274.83,,,,,,,Fee Schedule,"100% Medicare Lab FS. ",274.83,,,,,,,Fee Schedule,"100% Medicare Lab FS. ",274.83,,,,,,,Fee Schedule,"100% Medicare Lab FS. ",274.83,,,,,,,Fee Schedule,"100% Medicare Lab FS. ",274.83,,,,,,,Fee Schedule,"100% Medicare Lab FS. ",,,,,,,,,"NA. ",,,,,,,,Fee Schedule,225% of NYS APG. Lesser of 100% of billed charges applies.,166.55,,,,,,,Fee Schedule,100% Medicaid Fee Schedule. Lesser of 100% of billed charges applies.,654.1,,,,,,,Fee Schedule,"238 % BCBS Standard HMO. ",596.38,,,,,,,Fee Schedule,"217 % Medicare RBRVS. ",596.38,,,,,,,Fee Schedule,"217 % Medicare RBRVS. ",596.38,,,,,,,Fee Schedule,"217 % Medicare RBRVS. ",596.38,,,,,,,Fee Schedule,"217 % Medicare RBRVS. ",274.83,,,,,,,Fee Schedule,"100% Medicare Lab FS. ",,,,,,,,Other,"100 Percent of Medicaid APG. ",654.1,,,,,,,Fee Schedule,"238 % BCBS Standard HMO. ",,,,,,,,Other,"100 Percent of Medicaid APG. ",274.83,,,,,,,Fee Schedule,"100% Medicare Lab FS. ",,,,,,,,Other,"100 Percent of Medicaid APG. ",274.83,,,,,,,Fee Schedule,"100% Medicare Lab FS. ",274.83,,,,,,,Fee Schedule,"100% Medicare Lab FS. ",,,,,,,,Other,"100 Percent of Medicaid APG. ",,,,,,,,Other,"100 Percent of Medicaid APG. ",596.38,,,,,,,Fee Schedule,"217 % Medicare RBRVS. ",1803.66,60,,,,,0,percent of total billed charges,60 percent of billed charges; No services were performed during the 15 month look back period.,2344.758,78,,,,,0,percent of total billed charges,78% of Billed Charges. Lesser of 100% of billed charges applies.; No services were performed during the 15 month look back period.,274.83,,,,,,,Fee Schedule,"100 % 2019 CMS Clinical Lab National Limit Pub 20190115. ",274.83,,,,,,,Fee Schedule,"100 % 2019 CMS Clinical Lab National Limit Pub 20190115. ",689.82,,,,,,,Fee Schedule,"250.998799257723 % Medicare Physician FS TC Rates Only. ",269.33,,,,,,,Fee Schedule,"98% Lab FS. ",530.42,,,,,,,Fee Schedule,"193 % Medicare RBRVS. ",530.42,,,,,,,Fee Schedule,"193 % Medicare RBRVS. ",523.28,,,,,,,Fee Schedule,"190.4 % BCBS Standard HMO. ",523.28,,,,,,,Fee Schedule,"190.4 % BCBS Standard HMO. ",274.83,,,,,,,Fee Schedule,"100% Medicare Lab FS. ",274.83,,,,,,,Fee Schedule,"100% Medicare Lab FS. ",274.83,,,,,,,Fee Schedule,"100% Medicare Lab FS. ",274.83,,,,,,,Fee Schedule,"100% Medicare Lab FS. ",274.83,,,,,,,Fee Schedule,"100 % 2019 CMS Clinical Lab National Limit Pub 20190115. ",654.1,,,,,,,Fee Schedule,"238 % BCBS Standard HMO. ",654.1,,,,,,,Fee Schedule,"238 % BCBS Standard HMO. ",274.83,,,,,,,Fee Schedule,"100% Medicare Lab FS. ",523.28,,,,,,,Fee Schedule,"190.4 % BCBS Standard HMO. ",700.82,,,,,,,Fee Schedule,"255 % Medicare RBRVS. ",,,,,,,,Fee Schedule,"120 Percent of Medicaid APG. ",,,,,,,,Other,"100 Percent of Medicaid APG. ",596.38,,,,,,,Fee Schedule,"217 % Medicare RBRVS. ",588.69,,,,,,,Fee Schedule,"214.2 % BCBS Standard HMO. ",588.69,,,,,,,Fee Schedule,"214.2 % BCBS Standard HMO. ",654.1,,,,,,,Fee Schedule,"238 % BCBS Standard HMO. ",1503.05,50,,,,,0,percent of total billed charges,50 percent of billed charges; No services were performed during the 15 month look back period.,274.83,,,,,,,Fee Schedule,"100% Medicare Lab FS. ",,,,,,,,Fee Schedule,"Not payable. ",,,,,,,,Fee Schedule,"Not payable. ",,,,,,,,Fee Schedule,"Not payable. ",,,,,,,,Fee Schedule,"Not payable. ",274.83,,,,,,,Fee Schedule,"100 % 2019 CMS Clinical Lab National Limit Pub 20190115. ",,,,,,,,Fee Schedule,"Not payable. ",,,,,,,,Fee Schedule,"Not payable. ",,,,,,,,Fee Schedule,"Not payable. ",,,,,,,,Fee Schedule,"Not payable. ",,,,,,,,Fee Schedule,"Not payable. ",,,,,,,,Fee Schedule,"Not payable. ",,,,,,,,Fee Schedule,"Not payable. ",274.83,,,,,,,Fee Schedule,"100% Medicare Lab FS. ",274.83,,,,,,,Fee Schedule,"100 % 2019 CMS Clinical Lab National Limit Pub 20190115. ",274.83,,,,,,,Fee Schedule,"100% Medicare Lab FS. ",,,,,,,,Fee Schedule,"Not payable. ",654.1,,,,,,,Fee Schedule,"238 % BCBS Standard HMO. ",274.83,,,,,,,Fee Schedule,"100% Medicare Lab FS. ",654.1,,,,,,,Fee Schedule,"238 % BCBS Standard HMO. ",654.1,,,,,,,Fee Schedule,"238 % BCBS Standard HMO. ",654.1,,,,,,,Fee Schedule,"238 % BCBS Standard HMO. ",,,,,,,,Fee Schedule,"Not payable. ",274.83,,,,,,,Fee Schedule,"100% Medicare Lab FS. ",654.1,,,,,,,Fee Schedule,"238 % BCBS Standard HMO. ",,,,,,,,Fee Schedule,"Not payable. ",654.1,,,,,,,Fee Schedule,"238 % BCBS Standard HMO. ",412.24,,,,,,,Fee Schedule,"150% of Medicare Lab FS. ",274.83,,,,,,,Fee Schedule,"100% Medicare Lab FS. ",596.38,,,,,,,Fee Schedule,"217 % Medicare RBRVS. ",596.38,,,,,,,Fee Schedule,"217 % Medicare RBRVS. ",596.38,,,,,,,Fee Schedule,"217 % Medicare RBRVS. ",596.38,,,,,,,Fee Schedule,"217 % Medicare RBRVS. ",596.38,,,,,,,Fee Schedule,"217 % Medicare RBRVS. ",700.82,,,,,,,Fee Schedule,"255 % Medicare RBRVS. ",700.82,,,,,,,Fee Schedule,"255 % Medicare RBRVS. ",596.38,,,,,,,Fee Schedule,"217 % Medicare RBRVS. ",596.38,,,,,,,Fee Schedule,"217 % Medicare RBRVS. ",596.38,,,,,,,Fee Schedule,"217 % Medicare RBRVS. ",596.38,,,,,,,Fee Schedule,"217 % Medicare RBRVS. ",596.38,,,,,,,Fee Schedule,"217 % Medicare RBRVS. ",274.83,,,,,,,Fee Schedule,"100% Medicare Lab FS. ",700.82,,,,,,,Fee Schedule,"255 % Medicare RBRVS. ",274.83,,,,,,,Fee Schedule,"100% Medicare Lab FS. ",,,,,,,,Other,"225 Percent of Medicaid APG. If not included in Medicaid APG, then 100 Percent of Manhattan Medicare",,,,,,,,Other,"100 Percent of Medicaid APG. If not priced under APG, then Metroplus FeeSched",274.83,,,,,,,Fee Schedule,"100 % 2019 CMS Clinical Lab National Limit Pub 20190115. ",274.83,,,,,,,Fee Schedule,"100 % 2019 CMS Clinical Lab National Limit Pub 20190115. ",274.83,,,,,,,Fee Schedule,"100% Medicare Lab FS. ",530.42,,,,,,,Fee Schedule,"193 % Medicare RBRVS. ",274.83,,,,,,,Fee Schedule,"100% Medicare Lab FS. ",274.83,,,,,,,Fee Schedule,"100% Medicare Lab FS. ",689.82,,,,,,,Fee Schedule,"250.998799257723 % Medicare Physician FS TC Rates Only. ",274.83,,,,,,,Fee Schedule,"100% Medicare Lab FS. ",1803.66,60,,,,,0,percent of total billed charges,60 percent of billed charges; No services were performed during the 15 month look back period.,274.83,,,,,,,Fee Schedule,"100% Medicare Lab FS. ",1803.66,60,,,,,0,percent of total billed charges,60 percent of billed charges; No services were performed during the 15 month look back period.,689.82,,,,,,,Fee Schedule,"250.998799257723 % Medicare Physician FS TC Rates Only. ",1803.66,60,,,,,0,percent of total billed charges,60 percent of billed charges; No services were performed during the 15 month look back period.,274.83,,,,,,,Fee Schedule,"100% Medicare Lab FS. ",,,,,,,,Other,"100 Percent of Medicaid APG. ",274.83,,,,,,,Fee Schedule,"100% Medicare Lab FS. ",1803.66,60,,,,,0,percent of total billed charges,60 percent of billed charges; No services were performed during the 15 month look back period.,274.83,,,,,,,Fee Schedule,"100 % 2019 CMS Clinical Lab National Limit Pub 20190115. ",,,,,,,,Other,"100 Percent of Medicaid APG. ",654.1,,,,,,,Fee Schedule,"238 % BCBS Standard HMO. ",,,,,,,,Fee Schedule,"120 Percent of Medicaid APG. ",,,,,,,,Fee Schedule,"120 Percent of Medicaid APG. ",654.1,,,,,,,Fee Schedule,"238 % BCBS Standard HMO. ",654.1,,,,,,,Fee Schedule,"238 % BCBS Standard HMO. ",654.1,,,,,,,Fee Schedule,"238 % BCBS Standard HMO. ",274.83,,,,,,,Fee Schedule,"100 % 2019 CMS Clinical Lab National Limit Pub 20190115. ",654.1,,,,,,,Fee Schedule,"238 % BCBS Standard HMO. ",654.1,,,,,,,Fee Schedule,"238 % BCBS Standard HMO. ",654.1,,,,,,,Fee Schedule,"238 % BCBS Standard HMO. ",596.38,,,,,,,Fee Schedule,"217 % Medicare RBRVS. ",596.38,,,,,,,Fee Schedule,"217 % Medicare RBRVS. ",387.51,,,,,,,Fee Schedule,141 Percent of of Medicare Lab FS. Metroplus will reimburse unlisted codes and described codes with no Medicare rate at 50 percent of charges.,,,,,,,,Other,"100 Percent of Medicaid APG. ",274.83,,,,,,,Fee Schedule,"100 % 2019 CMS Clinical Lab National Limit Pub 20190115. ",1803.66,60,,,,,0,percent of total billed charges,60 percent of billed charges; No services were performed during the 15 month look back period.,689.82,,,,,,,Fee Schedule,"250.998799257723 % Medicare Physician FS TC Rates Only. ",274.83,,,,,,,Fee Schedule,"100 % 2019 CMS Clinical Lab National Limit Pub 20190115. ",689.82,,,,,,,Fee Schedule,"250.998799257723 % Medicare Physician FS TC Rates Only. ",274.83,,,,,,,Fee Schedule,"100 % 2019 CMS Clinical Lab National Limit Pub 20190115. ",654.1,,,,,,,Fee Schedule,"238 % BCBS Standard HMO. ",654.1,,,,,,,Fee Schedule,"238 % BCBS Standard HMO. ",654.1,,,,,,,Fee Schedule,"238 % BCBS Standard HMO. ",654.1,,,,,,,Fee Schedule,"238 % BCBS Standard HMO. ",274.83,,,,,,,Fee Schedule,"100% Medicare Lab FS. ",166.55,3006.1,
81287,CPT,2025518,LOCAL,300,RC,HC MGMT GENE PRMTR MTHYLTN ALYS,549.15,149.57,both,,,,124.64,,,,,,,Fee Schedule,"100 % 1199 Fee Schedule. ",124.64,,,,,,,Fee Schedule,"100 % 1199 Fee Schedule. ",312.85,,,,,,,Fee Schedule,"251.002888318357 % Medicare Physician FS TC Rates Only. ",549.15,100,,,,,0,percent of total billed charges,100 percent of billed charges. ; No services were performed during the 15 month look back period.,124.64,,,,,,,Fee Schedule,"100% Medicare Lab FS. ",312.85,,,,,,,Fee Schedule,"251.002888318357 % Medicare Physician FS TC Rates Only. ",312.85,,,,,,,Fee Schedule,"251.002888318357 % Medicare Physician FS TC Rates Only. ",312.85,,,,,,,Fee Schedule,"251.002888318357 % Medicare Physician FS TC Rates Only. ",,,,,,,,Other,"100 Percent of Medicaid APG. ",,,,,,,,Other,"100 Percent of Medicaid APG. ",428.337,78,,,,,0,percent of total billed charges,78% of Billed Charges. Lesser of 100% of billed charges applies.; No services were performed during the 15 month look back period.,124.64,,,,,,,Fee Schedule,"100 % 2019 CMS Clinical Lab National Limit Pub 20190115. ",,,,,,,,Other,"100 Percent of Medicaid APG. ",124.64,,,,,,,Fee Schedule,"100% Medicare Lab FS. ",329.49,60,,,,,0,percent of total billed charges,60 percent of billed charges; No services were performed during the 15 month look back period.,329.49,60,,,,,0,percent of total billed charges,60 percent of billed charges; No services were performed during the 15 month look back period.,329.49,60,,,,,0,percent of total billed charges,60 percent of billed charges; No services were performed during the 15 month look back period.,329.49,60,,,,,0,percent of total billed charges,60 percent of billed charges; No services were performed during the 15 month look back period.,112.18,,,,,,,Fee schedule,90 Percent of Medicare Laboratory. Covered services not payable under Medicaid Fee Schedules default to a payment of 50 percent of charges.,124.64,,,,,,,Fee Schedule,"100% Medicare Lab FS. ",112.18,,,,,,,Fee schedule,90 Percent of Medicare Laboratory. Covered services not payable under Medicaid Fee Schedules default to a payment of 50 percent of charges.,428.337,78,,,,,0,percent of total billed charges,78% of Billed Charges. Lesser of 100% of billed charges applies.; No services were performed during the 15 month look back period.,312.85,,,,,,,Fee Schedule,"251.002888318357 % Medicare Physician FS TC Rates Only. ",124.64,,,,,,,Fee Schedule,"100% Medicare Lab FS. ",317.83,,,,,,,Fee Schedule,"255 % Medicare RBRVS. ",124.64,,,,,,,Fee Schedule,"100% Medicare Lab FS. ",124.64,,,,,,,Fee Schedule,"100% Medicare Lab FS. ",428.337,78,,,,,0,percent of total billed charges,78% of Billed Charges. Lesser of 100% of billed charges applies.; No services were performed during the 15 month look back period.,,,,,,,,Fee Schedule,100% Medicaid Fee Schedule. Lesser of 100% of billed charges applies.,,,,,,,,Fee Schedule,100% Medicaid Fee Schedule. Lesser of 100% of billed charges applies.,112.18,,,,,,,Fee schedule,"90 Percent of Medicare RBRVS. ",112.18,,,,,,,Fee schedule,"90 Percent of Medicare RBRVS. ",317.83,,,,,,,Fee Schedule,"255 % Medicare RBRVS. ",317.83,,,,,,,Fee Schedule,"255 % Medicare RBRVS. ",,,,,,,,Other,"100 Percent of Medicaid APG. Not APG payable, or payable under another fee schedule like ASP/AWP pays at 30% of charges",317.83,,,,,,,Fee Schedule,"255 % Medicare RBRVS. ",,,,,,,,Other,"100 Percent of Medicaid APG. Not APG payable, or payable under another fee schedule like ASP/AWP pays at 30% of charges",124.64,,,,,,,Fee Schedule,"100% Medicare Lab FS. ",317.83,,,,,,,Fee Schedule,"255 % Medicare RBRVS. ",428.337,78,,,,,0,percent of total billed charges,78% of Billed Charges. Lesser of 100% of billed charges applies.; No services were performed during the 15 month look back period.,,,,,,,,Other,"100 Percent of Medicaid APG. If not priced under APG, then Metroplus FeeSched",,,,,,,,Other,"100 Percent of Medicaid APG. If not priced under APG, then Metroplus FeeSched",428.337,78,,,,,0,percent of total billed charges,78% of Billed Charges. Lesser of 100% of billed charges applies.; No services were performed during the 15 month look back period.,329.49,60,,,,,0,percent of total billed charges,60 percent of billed charges; No services were performed during the 15 month look back period.,124.64,,,,,,,Fee Schedule,"100 % 2019 CMS Clinical Lab National Limit Pub 20190115. ",124.64,,,,,,,Fee Schedule,"100 % 2019 CMS Clinical Lab National Limit Pub 20190115. ",428.337,78,,,,,0,percent of total billed charges,78% of Billed Charges. Lesser of 100% of billed charges applies.; No services were performed during the 15 month look back period.,124.64,,,,,,,Fee Schedule,"100% Medicare Lab FS. ",124.64,,,,,,,Fee Schedule,"100 % 2019 CMS Clinical Lab National Limit Pub 20190115. ",124.64,,,,,,,Fee Schedule,"100 % 2019 CMS Clinical Lab National Limit Pub 20190115. ",124.64,,,,,,,Fee Schedule,"100 % 2019 CMS Clinical Lab National Limit Pub 20190115. ",124.64,,,,,,,Fee Schedule,"100% Medicare Lab FS. ",124.64,,,,,,,Fee Schedule,"100 % 2019 CMS Clinical Lab National Limit Pub 20190115. ",124.64,,,,,,,Fee Schedule,"100 % 2019 CMS Clinical Lab National Limit Pub 20190115. ",124.64,,,,,,,Fee Schedule,"100% of Medicare Lab FS. ",274.575,50,,,,,0,percent of total billed charges,50 percent of billed charges; No services were performed during the 15 month look back period.,85.54,,,,,,,Fee Schedule,"238 % BCBS Standard HMO. ",85.54,,,,,,,Fee Schedule,"238 % BCBS Standard HMO. ",85.54,,,,,,,Fee Schedule,"238 % BCBS Standard HMO. ",85.54,,,,,,,Fee Schedule,"238 % BCBS Standard HMO. ",85.54,,,,,,,Fee Schedule,"238 % BCBS Standard HMO. ",85.54,,,,,,,Fee Schedule,"238 % BCBS Standard HMO. ",124.64,,,,,,,Fee Schedule,"100% Medicare Lab FS. ",124.64,,,,,,,Fee Schedule,"100% Medicare Lab FS. ",85.54,,,,,,,Fee Schedule,"238 % BCBS Standard HMO. ",428.337,78,,,,,0,percent of total billed charges,78% of Billed Charges. Lesser of 100% of billed charges applies.; No services were performed during the 15 month look back period.,428.337,78,,,,,0,percent of total billed charges,78% of Billed Charges. Lesser of 100% of billed charges applies.; No services were performed during the 15 month look back period.,428.337,78,,,,,0,percent of total billed charges,78% of Billed Charges. Lesser of 100% of billed charges applies.; No services were performed during the 15 month look back period.,428.337,78,,,,,0,percent of total billed charges,78% of Billed Charges. Lesser of 100% of billed charges applies.; No services were performed during the 15 month look back period.,428.337,78,,,,,0,percent of total billed charges,78% of Billed Charges. Lesser of 100% of billed charges applies.; No services were performed during the 15 month look back period.,428.337,78,,,,,0,percent of total billed charges,78% of Billed Charges. Lesser of 100% of billed charges applies.; No services were performed during the 15 month look back period.,428.337,78,,,,,0,percent of total billed charges,78% of Billed Charges. Lesser of 100% of billed charges applies.; No services were performed during the 15 month look back period.,428.337,78,,,,,0,percent of total billed charges,78% of Billed Charges. Lesser of 100% of billed charges applies.; No services were performed during the 15 month look back period.,428.337,78,,,,,0,percent of total billed charges,78% of Billed Charges. Lesser of 100% of billed charges applies.; No services were performed during the 15 month look back period.,428.337,78,,,,,0,percent of total billed charges,78% of Billed Charges. Lesser of 100% of billed charges applies.; No services were performed during the 15 month look back period.,428.337,78,,,,,0,percent of total billed charges,78% of Billed Charges. Lesser of 100% of billed charges applies.; No services were performed during the 15 month look back period.,428.337,78,,,,,0,percent of total billed charges,78% of Billed Charges. Lesser of 100% of billed charges applies.; No services were performed during the 15 month look back period.,428.337,78,,,,,0,percent of total billed charges,78% of Billed Charges. Lesser of 100% of billed charges applies.; No services were performed during the 15 month look back period.,428.337,78,,,,,0,percent of total billed charges,78% of Billed Charges. Lesser of 100% of billed charges applies.; No services were performed during the 15 month look back period.,428.337,78,,,,,0,percent of total billed charges,78% of Billed Charges. Lesser of 100% of billed charges applies.; No services were performed during the 15 month look back period.,428.337,78,,,,,0,percent of total billed charges,78% of Billed Charges. Lesser of 100% of billed charges applies.; No services were performed during the 15 month look back period.,428.337,78,,,,,0,percent of total billed charges,78% of Billed Charges. Lesser of 100% of billed charges applies.; No services were performed during the 15 month look back period.,428.337,78,,,,,0,percent of total billed charges,78% of Billed Charges. Lesser of 100% of billed charges applies.; No services were performed during the 15 month look back period.,428.337,78,,,,,0,percent of total billed charges,78% of Billed Charges. Lesser of 100% of billed charges applies.; No services were performed during the 15 month look back period.,428.337,78,,,,,0,percent of total billed charges,78% of Billed Charges. Lesser of 100% of billed charges applies.; No services were performed during the 15 month look back period.,428.337,78,,,,,0,percent of total billed charges,78% of Billed Charges. Lesser of 100% of billed charges applies.; No services were performed during the 15 month look back period.,428.337,78,,,,,0,percent of total billed charges,78% of Billed Charges. Lesser of 100% of billed charges applies.; No services were performed during the 15 month look back period.,428.337,78,,,,,0,percent of total billed charges,78% of Billed Charges. Lesser of 100% of billed charges applies.; No services were performed during the 15 month look back period.,428.337,78,,,,,0,percent of total billed charges,78% of Billed Charges. Lesser of 100% of billed charges applies.; No services were performed during the 15 month look back period.,428.337,78,,,,,0,percent of total billed charges,78% of Billed Charges. Lesser of 100% of billed charges applies.; No services were performed during the 15 month look back period.,428.337,78,,,,,0,percent of total billed charges,78% of Billed Charges. Lesser of 100% of billed charges applies.; No services were performed during the 15 month look back period.,317.83,,,,,,,Fee Schedule,"255 % Medicare RBRVS. ",317.83,,,,,,,Fee Schedule,"255 % Medicare RBRVS. ",317.83,,,,,,,Fee Schedule,"255 % Medicare RBRVS. ",317.83,,,,,,,Fee Schedule,"255 % Medicare RBRVS. ",240.56,,,,,,,Fee Schedule,"193 % Medicare RBRVS. ",240.56,,,,,,,Fee Schedule,"193 % Medicare RBRVS. ",329.49,60,,,,,0,percent of total billed charges,60 percent of billed charges; No services were performed during the 15 month look back period.,85.54,,,,,,,Fee Schedule,"238 % BCBS Standard HMO. ",124.64,,,,,,,Fee Schedule,"100 % 2019 CMS Clinical Lab National Limit Pub 20190115. ",85.54,,,,,,,Fee Schedule,"238 % BCBS Standard HMO. ",428.337,78,,,,,0,percent of total billed charges,78% of Billed Charges. Lesser of 100% of billed charges applies.; No services were performed during the 15 month look back period.,240.56,,,,,,,Fee Schedule,"193 % Medicare RBRVS. ",85.54,,,,,,,Fee Schedule,"238 % BCBS Standard HMO. ",124.64,,,,,,,Fee Schedule,"100 % 2019 CMS Clinical Lab National Limit Pub 20190115. ",329.49,60,,,,,0,percent of total billed charges,60 percent of billed charges; No services were performed during the 15 month look back period.,,,,,,,,,"NA. ",428.337,78,,,,,0,percent of total billed charges,78% of Billed Charges. Lesser of 100% of billed charges applies.; No services were performed during the 15 month look back period.,,,,,,,,Other,"100 Percent of Medicaid APG. ",317.83,,,,,,,Fee Schedule,"255 % Medicare RBRVS. ",,,,,,,,Other,"100 Percent of Medicaid APG. Not APG payable, or payable under another fee schedule like ASP/AWP pays at 30% of charges",124.64,,,,,,,Fee Schedule,"100% Medicare Lab FS. ",124.64,,,,,,,Fee Schedule,"100% Medicare Lab FS. ",274.575,50,,,,,0,percent of total billed charges,50 percent of billed charges; No services were performed during the 15 month look back period.,124.64,,,,,,,Fee Schedule,"100% Medicare Lab FS. ",124.64,,,,,,,Fee Schedule,"100% Medicare Lab FS. ",,,,,,,,Other,"100 Percent of Medicaid APG. ",124.64,,,,,,,Fee Schedule,"100% Medicare Lab FS. ",124.64,,,,,,,Fee Schedule,"100% Medicare Lab FS. ",312.85,,,,,,,Fee Schedule,"251.002888318357 % Medicare Physician FS TC Rates Only. ",312.85,,,,,,,Fee Schedule,"251.002888318357 % Medicare Physician FS TC Rates Only. ",124.64,,,,,,,Fee Schedule,"100% Medicare Lab FS. ",329.49,60,,,,,0,percent of total billed charges,60 percent of billed charges; No services were performed during the 15 month look back period.,124.64,,,,,,,Fee Schedule,"100 % 2019 CMS Clinical Lab National Limit Pub 20190115. ",124.64,,,,,,,Fee Schedule,"100 % 2019 CMS Clinical Lab National Limit Pub 20190115. ",124.64,,,,,,,Fee Schedule,"100% Medicare Lab FS. ",329.49,60,,,,,0,percent of total billed charges,60 percent of billed charges; No services were performed during the 15 month look back period.,312.85,,,,,,,Fee Schedule,"251.002888318357 % Medicare Physician FS TC Rates Only. ",312.85,,,,,,,Fee Schedule,"251.002888318357 % Medicare Physician FS TC Rates Only. ",312.85,,,,,,,Fee Schedule,"251.002888318357 % Medicare Physician FS TC Rates Only. ",428.337,78,,,,,0,percent of total billed charges,78% of Billed Charges. Lesser of 100% of billed charges applies.; No services were performed during the 15 month look back period.,428.337,78,,,,,0,percent of total billed charges,78% of Billed Charges. Lesser of 100% of billed charges applies.; No services were performed during the 15 month look back period.,428.337,78,,,,,0,percent of total billed charges,78% of Billed Charges. Lesser of 100% of billed charges applies.; No services were performed during the 15 month look back period.,428.337,78,,,,,0,percent of total billed charges,78% of Billed Charges. Lesser of 100% of billed charges applies.; No services were performed during the 15 month look back period.,428.337,78,,,,,0,percent of total billed charges,78% of Billed Charges. Lesser of 100% of billed charges applies.; No services were performed during the 15 month look back period.,428.337,78,,,,,0,percent of total billed charges,78% of Billed Charges. Lesser of 100% of billed charges applies.; No services were performed during the 15 month look back period.,428.337,78,,,,,0,percent of total billed charges,78% of Billed Charges. Lesser of 100% of billed charges applies.; No services were performed during the 15 month look back period.,428.337,78,,,,,0,percent of total billed charges,78% of Billed Charges. Lesser of 100% of billed charges applies.; No services were performed during the 15 month look back period.,428.337,78,,,,,0,percent of total billed charges,78% of Billed Charges. Lesser of 100% of billed charges applies.; No services were performed during the 15 month look back period.,428.337,78,,,,,0,percent of total billed charges,78% of Billed Charges. Lesser of 100% of billed charges applies.; No services were performed during the 15 month look back period.,428.337,78,,,,,0,percent of total billed charges,78% of Billed Charges. Lesser of 100% of billed charges applies.; No services were performed during the 15 month look back period.,240.56,,,,,,,Fee Schedule,"193 % Medicare RBRVS. ",85.54,,,,,,,Fee Schedule,"238 % BCBS Standard HMO. ",329.49,60,,,,,0,percent of total billed charges,60 percent of billed charges; No services were performed during the 15 month look back period.,124.64,,,,,,,Fee Schedule,"100% Medicare Lab FS. ",312.85,,,,,,,Fee Schedule,"251.002888318357 % Medicare Physician FS TC Rates Only. ",329.49,60,,,,,0,percent of total billed charges,60 percent of billed charges; No services were performed during the 15 month look back period.,329.49,60,,,,,0,percent of total billed charges,60 percent of billed charges; No services were performed during the 15 month look back period.,428.337,78,,,,,0,percent of total billed charges,78% of Billed Charges. Lesser of 100% of billed charges applies.; No services were performed during the 15 month look back period.,,,,,,,,Other,"Not payable. ",329.49,60,,,,,0,percent of total billed charges,60 percent of billed charges; No services were performed during the 15 month look back period.,,,,,,,,Other,"100 Percent of Medicaid APG. ",124.64,,,,,,,Fee Schedule,"100% Medicare Lab FS. ",124.64,,,,,,,Fee Schedule,"100% Medicare Lab FS. ",124.64,,,,,,,Fee Schedule,"100% Medicare Lab FS. ",124.64,,,,,,,Fee Schedule,"100% Medicare Lab FS. ",124.64,,,,,,,Fee Schedule,"100% Medicare Lab FS. ",124.64,,,,,,,Fee Schedule,"100% Medicare Lab FS. ",329.49,60,,,,,0,percent of total billed charges,60 percent of billed charges; No services were performed during the 15 month look back period.,274.575,50,,,,,0,percent of total billed charges,50 percent of billed charges; No services were performed during the 15 month look back period.,199.42,,,,,,,Fee Schedule,"160 Percent of Medicare Laboratory. ",199.42,,,,,,,Fee Schedule,"160 Percent of Medicare Laboratory. ",199.42,,,,,,,Fee Schedule,"160 Percent of Medicare Laboratory. ",199.42,,,,,,,Fee Schedule,"160 Percent of Medicare Laboratory. ",199.42,,,,,,,Fee Schedule,"160 Percent of Medicare Laboratory. ",,,,,,,,,"NA. ",274.575,50,,,,,0,percent of total billed charges,50 percent of billed charges; No services were performed during the 15 month look back period.,175.74,,,,,,,Fee Schedule,141 Percent of of Medicare Lab FS. Metroplus will reimburse unlisted codes and described codes with no Medicare rate at 50 percent of charges.,175.74,,,,,,,Fee Schedule,141 Percent of of Medicare Lab FS. Metroplus will reimburse unlisted codes and described codes with no Medicare rate at 50 percent of charges.,175.74,,,,,,,Fee Schedule,141 Percent of of Medicare Lab FS. Metroplus will reimburse unlisted codes and described codes with no Medicare rate at 50 percent of charges.,175.74,,,,,,,Fee Schedule,141 Percent of of Medicare Lab FS. Metroplus will reimburse unlisted codes and described codes with no Medicare rate at 50 percent of charges.,175.74,,,,,,,Fee Schedule,141 Percent of of Medicare Lab FS. Metroplus will reimburse unlisted codes and described codes with no Medicare rate at 50 percent of charges.,124.64,,,,,,,Fee Schedule,"100% Medicare Lab FS. ",240.56,,,,,,,Fee Schedule,"193 % Medicare RBRVS. ",240.56,,,,,,,Fee Schedule,"193 % Medicare RBRVS. ",240.56,,,,,,,Fee Schedule,"193 % Medicare RBRVS. ",240.56,,,,,,,Fee Schedule,"193 % Medicare RBRVS. ",312.85,,,,,,,Fee Schedule,"251.002888318357 % Medicare Physician FS TC Rates Only. ",312.85,,,,,,,Fee Schedule,"251.002888318357 % Medicare Physician FS TC Rates Only. ",312.85,,,,,,,Fee Schedule,"251.002888318357 % Medicare Physician FS TC Rates Only. ",312.85,,,,,,,Fee Schedule,"251.002888318357 % Medicare Physician FS TC Rates Only. ",274.575,50,,,,,0,percent of total billed charges,50 percent of billed charges; No services were performed during the 15 month look back period.,274.575,50,,,,,0,percent of total billed charges,50 percent of billed charges; No services were performed during the 15 month look back period.,124.64,,,,,,,Fee Schedule,"100% Medicare Lab FS. ",124.64,,,,,,,Fee Schedule,"100% Medicare Lab FS. ",124.64,,,,,,,Fee Schedule,"100% Medicare Lab FS. ",85.54,,,,,,,Fee Schedule,"238 % BCBS Standard HMO. ",85.54,,,,,,,Fee Schedule,"238 % BCBS Standard HMO. ",85.54,,,,,,,Fee Schedule,"238 % BCBS Standard HMO. ",274.575,50,,,,,0,percent of total billed charges,50 percent of billed charges; No services were performed during the 15 month look back period.,312.85,,,,,,,Fee Schedule,"251.002888318357 % Medicare Physician FS TC Rates Only. ",124.64,,,,,,,Fee Schedule,"100% Medicare Lab FS. ",85.54,,,,,,,Fee Schedule,"238 % BCBS Standard HMO. ",,,,,,,,Other,"100 Percent of Medicaid APG. ",127.13,,,,,,,Fee Schedule,"102% of Medicare Lab FS. ",127.13,,,,,,,Fee Schedule,"102% of Medicare Lab FS. ",127.13,,,,,,,Fee Schedule,"102% of Medicare Lab FS. ",112.18,,,,,,,Fee schedule,"90 Percent of Medicare RBRVS. ",,,,,,,,Fee Schedule,225% of NYS APG. Lesser of 100% of billed charges applies.,,,,,,,,Fee Schedule,225% of NYS APG. Lesser of 100% of billed charges applies.,,,,,,,,Fee Schedule,225% of NYS APG. Lesser of 100% of billed charges applies.,,,,,,,,Fee Schedule,225% of NYS APG. Lesser of 100% of billed charges applies.,,,,,,,,Fee Schedule,225% of NYS APG. Lesser of 100% of billed charges applies.,127.13,,,,,,,Fee Schedule,"102% of Medicare Lab FS. ",,,,,,,,Other,"100 Percent of Medicaid APG. ",,,,,,,,Fee Schedule,100% Medicaid Fee Schedule. Lesser of 100% of billed charges applies.,,,,,,,,Fee Schedule,225% of NYS APG. Lesser of 100% of billed charges applies.,,,,,,,,Fee Schedule,225% of NYS APG. Lesser of 100% of billed charges applies.,,,,,,,,Fee Schedule,100% Medicaid Fee Schedule. Lesser of 100% of billed charges applies.,,,,,,,,Fee Schedule,100% Medicaid Fee Schedule. Lesser of 100% of billed charges applies.,199.42,,,,,,,Fee Schedule,"160 Percent of Medicare Laboratory. ",124.64,,,,,,,Fee Schedule,"100% Medicare Lab FS. ",124.64,,,,,,,Fee Schedule,"100% Medicare Lab FS. ",312.85,,,,,,,Fee Schedule,"251.002888318357 % Medicare Physician FS TC Rates Only. ",124.64,,,,,,,Fee Schedule,"100% Medicare Lab FS. ",,,,,,,,Fee Schedule,"225 Percent of Medicaid APG. ",,,,,,,,Fee Schedule,"225 Percent of Medicaid APG. ",112.18,,,,,,,Fee schedule,"90 Percent of Medicare RBRVS. ",112.18,,,,,,,Fee schedule,"90 Percent of Medicare RBRVS. ",,,,,,,,Case Rate,Not Payable. Covered services not payable under Medicaid Fee Schedules default to a payment of 87.5 percent of charges.,112.18,,,,,,,Fee schedule,90 Percent of Medicare Laboratory. Covered services not payable under Medicaid Fee Schedules default to a payment of 50 percent of charges.,,,,,,,,Other,"100 Percent of Medicaid APG. ",,,,,,,,Other,"100 Percent of Medicaid APG. ",,,,,,,,Other,"100 Percent of Medicaid APG. ",,,,,,,,Other,"100 Percent of Medicaid APG. ",1270.08,,,,,,,Fee Schedule,"1019 % Manhattan Facility Rate. ",274.575,50,,,,,0,percent of total billed charges,50 percent of billed charges; No services were performed during the 15 month look back period.,,,,,,,,Other,"120 Percent of Medicaid APG. Not APG payable, or payable under another fee schedule like ASP/AWP pays at 30% of charges",,,,,,,,Other,"120 Percent of Medicaid APG. Not APG payable, or payable under another fee schedule like ASP/AWP pays at 30% of charges",,,,,,,,Other,"100 Percent of Medicaid APG. Not APG payable, or payable under another fee schedule like ASP/AWP pays at 30% of charges",,,,,,,,Other,"100 Percent of Medicaid APG. Not APG payable, or payable under another fee schedule like ASP/AWP pays at 30% of charges",85.54,,,,,,,Fee Schedule,"238 % BCBS Standard HMO. ",85.54,,,,,,,Fee Schedule,"238 % BCBS Standard HMO. ",124.64,,,,,,,Fee Schedule,"100% Medicare Lab FS. ",85.54,,,,,,,Fee Schedule,"238 % BCBS Standard HMO. ",85.54,,,,,,,Fee Schedule,"238 % BCBS Standard HMO. ",85.54,,,,,,,Fee Schedule,"238 % BCBS Standard HMO. ",85.54,,,,,,,Fee Schedule,"238 % BCBS Standard HMO. ",124.64,,,,,,,Fee Schedule,"100% Medicare Lab FS. ",85.54,,,,,,,Fee Schedule,"238 % BCBS Standard HMO. ",85.54,,,,,,,Fee Schedule,"238 % BCBS Standard HMO. ",312.85,,,,,,,Fee Schedule,"251.002888318357 % Medicare Physician FS TC Rates Only. ",,,,,,,,Fee Schedule,110% of APG. Lesser of 100% of billed charges applies.,112.18,,,,,,,Fee schedule,90 Percent of Medicare Laboratory. Covered services not payable under Medicaid Fee Schedules default to a payment of 50 percent of charges.,,,,,,,,Fee Schedule,225% of NYS APG. Lesser of 100% of billed charges applies.,,,,,,,,Case Rate,Not Payable. Covered services not payable under Medicaid Fee Schedules default to a payment of 87.5 percent of charges.,112.18,,,,,,,Fee schedule,90 Percent of Medicare Laboratory. Covered services not payable under Medicaid Fee Schedules default to a payment of 50 percent of charges.,,,,,,,,Fee Schedule,225% of NYS APG. Lesser of 100% of billed charges applies.,,,,,,,,Fee Schedule,225% of NYS APG. Lesser of 100% of billed charges applies.,,,,,,,,Fee Schedule,225% of NYS APG. Lesser of 100% of billed charges applies.,,,,,,,,Fee Schedule,225% of NYS APG. Lesser of 100% of billed charges applies.,,,,,,,,Fee Schedule,225% of NYS APG. Lesser of 100% of billed charges applies.,,,,,,,,Fee Schedule,225% of NYS APG. Lesser of 100% of billed charges applies.,,,,,,,,,"NA. ",,,,,,,,,"NA. ",,,,,,,,,"NA. ",329.49,60,,,,,0,percent of total billed charges,60 percent of billed charges; No services were performed during the 15 month look back period.,,,,,,,,,"NA. ",124.64,,,,,,,Fee Schedule,"100% Medicare Lab FS. ",124.64,,,,,,,Fee Schedule,"100 % 1199 Fee Schedule. ",124.64,,,,,,,Fee Schedule,"100% Medicare Lab FS. ",124.64,,,,,,,Fee Schedule,"100% Medicare Lab FS. ",,,,,,,,Other,"120 Percent of Medicaid APG. Not APG payable, or payable under another fee schedule like ASP/AWP pays at 30% of charges",,,,,,,,Other,"120 Percent of Medicaid APG. Not APG payable, or payable under another fee schedule like ASP/AWP pays at 30% of charges",,,,,,,,Other,"100 Percent of Medicaid APG. Not APG payable, or payable under another fee schedule like ASP/AWP pays at 30% of charges",,,,,,,,Other,"100 Percent of Medicaid APG. Not APG payable, or payable under another fee schedule like ASP/AWP pays at 30% of charges",,,,,,,,Other,"100 Percent of Medicaid APG. ",270.47,,,,,,,Fee Schedule,"217 % Medicare RBRVS. ",312.85,,,,,,,Fee Schedule,"251.002888318357 % Medicare Physician FS TC Rates Only. ",317.83,,,,,,,Fee Schedule,"255 % Medicare RBRVS. ",329.49,60,,,,,0,percent of total billed charges,60 percent of billed charges; No services were performed during the 15 month look back period.,124.64,,,,,,,Fee Schedule,"100% Medicare Lab FS. ",124.64,,,,,,,Fee Schedule,"100% Medicare Lab FS. ",124.64,,,,,,,Fee Schedule,"100% Medicare Lab FS. ",124.64,,,,,,,Fee Schedule,"100% Medicare Lab FS. ",124.64,,,,,,,Fee Schedule,"100% Medicare Lab FS. ",124.64,,,,,,,Fee Schedule,"100% Medicare Lab FS. ",,,,,,,,,"NA. ",,,,,,,,Fee Schedule,225% of NYS APG. Lesser of 100% of billed charges applies.,,,,,,,,Fee Schedule,100% Medicaid Fee Schedule. Lesser of 100% of billed charges applies.,85.54,,,,,,,Fee Schedule,"238 % BCBS Standard HMO. ",270.47,,,,,,,Fee Schedule,"217 % Medicare RBRVS. ",270.47,,,,,,,Fee Schedule,"217 % Medicare RBRVS. ",270.47,,,,,,,Fee Schedule,"217 % Medicare RBRVS. ",270.47,,,,,,,Fee Schedule,"217 % Medicare RBRVS. ",124.64,,,,,,,Fee Schedule,"100% Medicare Lab FS. ",,,,,,,,Other,"100 Percent of Medicaid APG. ",85.54,,,,,,,Fee Schedule,"238 % BCBS Standard HMO. ",,,,,,,,Other,"100 Percent of Medicaid APG. ",124.64,,,,,,,Fee Schedule,"100% Medicare Lab FS. ",,,,,,,,Other,"100 Percent of Medicaid APG. ",124.64,,,,,,,Fee Schedule,"100% Medicare Lab FS. ",124.64,,,,,,,Fee Schedule,"100% Medicare Lab FS. ",,,,,,,,Other,"100 Percent of Medicaid APG. ",,,,,,,,Other,"100 Percent of Medicaid APG. ",270.47,,,,,,,Fee Schedule,"217 % Medicare RBRVS. ",329.49,60,,,,,0,percent of total billed charges,60 percent of billed charges; No services were performed during the 15 month look back period.,428.337,78,,,,,0,percent of total billed charges,78% of Billed Charges. Lesser of 100% of billed charges applies.; No services were performed during the 15 month look back period.,124.64,,,,,,,Fee Schedule,"100 % 2019 CMS Clinical Lab National Limit Pub 20190115. ",124.64,,,,,,,Fee Schedule,"100 % 2019 CMS Clinical Lab National Limit Pub 20190115. ",312.85,,,,,,,Fee Schedule,"251.002888318357 % Medicare Physician FS TC Rates Only. ",122.15,,,,,,,Fee Schedule,"98% Lab FS. ",240.56,,,,,,,Fee Schedule,"193 % Medicare RBRVS. ",240.56,,,,,,,Fee Schedule,"193 % Medicare RBRVS. ",68.43,,,,,,,Fee Schedule,"190.4 % BCBS Standard HMO. ",68.43,,,,,,,Fee Schedule,"190.4 % BCBS Standard HMO. ",124.64,,,,,,,Fee Schedule,"100% Medicare Lab FS. ",124.64,,,,,,,Fee Schedule,"100% Medicare Lab FS. ",124.64,,,,,,,Fee Schedule,"100% Medicare Lab FS. ",124.64,,,,,,,Fee Schedule,"100% Medicare Lab FS. ",124.64,,,,,,,Fee Schedule,"100 % 2019 CMS Clinical Lab National Limit Pub 20190115. ",85.54,,,,,,,Fee Schedule,"238 % BCBS Standard HMO. ",85.54,,,,,,,Fee Schedule,"238 % BCBS Standard HMO. ",124.64,,,,,,,Fee Schedule,"100% Medicare Lab FS. ",68.43,,,,,,,Fee Schedule,"190.4 % BCBS Standard HMO. ",317.83,,,,,,,Fee Schedule,"255 % Medicare RBRVS. ",,,,,,,,Fee Schedule,"120 Percent of Medicaid APG. ",,,,,,,,Other,"100 Percent of Medicaid APG. ",270.47,,,,,,,Fee Schedule,"217 % Medicare RBRVS. ",76.98,,,,,,,Fee Schedule,"214.2 % BCBS Standard HMO. ",76.98,,,,,,,Fee Schedule,"214.2 % BCBS Standard HMO. ",85.54,,,,,,,Fee Schedule,"238 % BCBS Standard HMO. ",274.575,50,,,,,0,percent of total billed charges,50 percent of billed charges; No services were performed during the 15 month look back period.,124.64,,,,,,,Fee Schedule,"100% Medicare Lab FS. ",,,,,,,,Fee Schedule,"Not payable. ",,,,,,,,Fee Schedule,"Not payable. ",,,,,,,,Fee Schedule,"Not payable. ",,,,,,,,Fee Schedule,"Not payable. ",124.64,,,,,,,Fee Schedule,"100 % 2019 CMS Clinical Lab National Limit Pub 20190115. ",,,,,,,,Fee Schedule,"Not payable. ",,,,,,,,Fee Schedule,"Not payable. ",,,,,,,,Fee Schedule,"Not payable. ",,,,,,,,Fee Schedule,"Not payable. ",,,,,,,,Fee Schedule,"Not payable. ",,,,,,,,Fee Schedule,"Not payable. ",,,,,,,,Fee Schedule,"Not payable. ",124.64,,,,,,,Fee Schedule,"100% Medicare Lab FS. ",124.64,,,,,,,Fee Schedule,"100 % 2019 CMS Clinical Lab National Limit Pub 20190115. ",124.64,,,,,,,Fee Schedule,"100% Medicare Lab FS. ",,,,,,,,Fee Schedule,"Not payable. ",85.54,,,,,,,Fee Schedule,"238 % BCBS Standard HMO. ",124.64,,,,,,,Fee Schedule,"100% Medicare Lab FS. ",85.54,,,,,,,Fee Schedule,"238 % BCBS Standard HMO. ",85.54,,,,,,,Fee Schedule,"238 % BCBS Standard HMO. ",85.54,,,,,,,Fee Schedule,"238 % BCBS Standard HMO. ",,,,,,,,Fee Schedule,"Not payable. ",124.64,,,,,,,Fee Schedule,"100% Medicare Lab FS. ",85.54,,,,,,,Fee Schedule,"238 % BCBS Standard HMO. ",,,,,,,,Fee Schedule,"Not payable. ",85.54,,,,,,,Fee Schedule,"238 % BCBS Standard HMO. ",186.96,,,,,,,Fee Schedule,"150% of Medicare Lab FS. ",124.64,,,,,,,Fee Schedule,"100% Medicare Lab FS. ",270.47,,,,,,,Fee Schedule,"217 % Medicare RBRVS. ",270.47,,,,,,,Fee Schedule,"217 % Medicare RBRVS. ",270.47,,,,,,,Fee Schedule,"217 % Medicare RBRVS. ",270.47,,,,,,,Fee Schedule,"217 % Medicare RBRVS. ",270.47,,,,,,,Fee Schedule,"217 % Medicare RBRVS. ",317.83,,,,,,,Fee Schedule,"255 % Medicare RBRVS. ",317.83,,,,,,,Fee Schedule,"255 % Medicare RBRVS. ",270.47,,,,,,,Fee Schedule,"217 % Medicare RBRVS. ",270.47,,,,,,,Fee Schedule,"217 % Medicare RBRVS. ",270.47,,,,,,,Fee Schedule,"217 % Medicare RBRVS. ",270.47,,,,,,,Fee Schedule,"217 % Medicare RBRVS. ",270.47,,,,,,,Fee Schedule,"217 % Medicare RBRVS. ",124.64,,,,,,,Fee Schedule,"100% Medicare Lab FS. ",317.83,,,,,,,Fee Schedule,"255 % Medicare RBRVS. ",124.64,,,,,,,Fee Schedule,"100% Medicare Lab FS. ",,,,,,,,Other,"225 Percent of Medicaid APG. If not included in Medicaid APG, then 100 Percent of Manhattan Medicare",,,,,,,,Other,"100 Percent of Medicaid APG. If not priced under APG, then Metroplus FeeSched",124.64,,,,,,,Fee Schedule,"100 % 2019 CMS Clinical Lab National Limit Pub 20190115. ",124.64,,,,,,,Fee Schedule,"100 % 2019 CMS Clinical Lab National Limit Pub 20190115. ",124.64,,,,,,,Fee Schedule,"100% Medicare Lab FS. ",240.56,,,,,,,Fee Schedule,"193 % Medicare RBRVS. ",124.64,,,,,,,Fee Schedule,"100% Medicare Lab FS. ",124.64,,,,,,,Fee Schedule,"100% Medicare Lab FS. ",312.85,,,,,,,Fee Schedule,"251.002888318357 % Medicare Physician FS TC Rates Only. ",124.64,,,,,,,Fee Schedule,"100% Medicare Lab FS. ",329.49,60,,,,,0,percent of total billed charges,60 percent of billed charges; No services were performed during the 15 month look back period.,124.64,,,,,,,Fee Schedule,"100% Medicare Lab FS. ",329.49,60,,,,,0,percent of total billed charges,60 percent of billed charges; No services were performed during the 15 month look back period.,312.85,,,,,,,Fee Schedule,"251.002888318357 % Medicare Physician FS TC Rates Only. ",329.49,60,,,,,0,percent of total billed charges,60 percent of billed charges; No services were performed during the 15 month look back period.,124.64,,,,,,,Fee Schedule,"100% Medicare Lab FS. ",,,,,,,,Other,"100 Percent of Medicaid APG. ",124.64,,,,,,,Fee Schedule,"100% Medicare Lab FS. ",329.49,60,,,,,0,percent of total billed charges,60 percent of billed charges; No services were performed during the 15 month look back period.,124.64,,,,,,,Fee Schedule,"100 % 2019 CMS Clinical Lab National Limit Pub 20190115. ",,,,,,,,Other,"100 Percent of Medicaid APG. ",85.54,,,,,,,Fee Schedule,"238 % BCBS Standard HMO. ",,,,,,,,Fee Schedule,"120 Percent of Medicaid APG. ",,,,,,,,Fee Schedule,"120 Percent of Medicaid APG. ",85.54,,,,,,,Fee Schedule,"238 % BCBS Standard HMO. ",85.54,,,,,,,Fee Schedule,"238 % BCBS Standard HMO. ",85.54,,,,,,,Fee Schedule,"238 % BCBS Standard HMO. ",124.64,,,,,,,Fee Schedule,"100 % 2019 CMS Clinical Lab National Limit Pub 20190115. ",85.54,,,,,,,Fee Schedule,"238 % BCBS Standard HMO. ",85.54,,,,,,,Fee Schedule,"238 % BCBS Standard HMO. ",85.54,,,,,,,Fee Schedule,"238 % BCBS Standard HMO. ",270.47,,,,,,,Fee Schedule,"217 % Medicare RBRVS. ",270.47,,,,,,,Fee Schedule,"217 % Medicare RBRVS. ",175.74,,,,,,,Fee Schedule,141 Percent of of Medicare Lab FS. Metroplus will reimburse unlisted codes and described codes with no Medicare rate at 50 percent of charges.,,,,,,,,Other,"100 Percent of Medicaid APG. ",124.64,,,,,,,Fee Schedule,"100 % 2019 CMS Clinical Lab National Limit Pub 20190115. ",329.49,60,,,,,0,percent of total billed charges,60 percent of billed charges; No services were performed during the 15 month look back period.,312.85,,,,,,,Fee Schedule,"251.002888318357 % Medicare Physician FS TC Rates Only. ",124.64,,,,,,,Fee Schedule,"100 % 2019 CMS Clinical Lab National Limit Pub 20190115. ",312.85,,,,,,,Fee Schedule,"251.002888318357 % Medicare Physician FS TC Rates Only. ",124.64,,,,,,,Fee Schedule,"100 % 2019 CMS Clinical Lab National Limit Pub 20190115. ",85.54,,,,,,,Fee Schedule,"238 % BCBS Standard HMO. ",85.54,,,,,,,Fee Schedule,"238 % BCBS Standard HMO. ",85.54,,,,,,,Fee Schedule,"238 % BCBS Standard HMO. ",85.54,,,,,,,Fee Schedule,"238 % BCBS Standard HMO. ",124.64,,,,,,,Fee Schedule,"100% Medicare Lab FS. ",61.28,1270.08,
81400,CPT,2024575,LOCAL,310,RC,HC MOPATH PROCEDURE LEVEL 1,1330.36,76.75,both,,,,63.96,,,,,,,Fee Schedule,"100 % 1199 Fee Schedule. ",63.96,,,,,,,Fee Schedule,"100 % 1199 Fee Schedule. ",160.54,,,,,,,Fee Schedule,"251.000625390869 % Medicare Physician FS TC Rates Only. ",1330.36,100,,,,,0,percent of total billed charges,100 percent of billed charges. ; No services were performed during the 15 month look back period.,63.96,,,,,,,Fee Schedule,"100% Medicare Lab FS. ",160.54,,,,,,,Fee Schedule,"251.000625390869 % Medicare Physician FS TC Rates Only. ",160.54,,,,,,,Fee Schedule,"251.000625390869 % Medicare Physician FS TC Rates Only. ",160.54,,,,,,,Fee Schedule,"251.000625390869 % Medicare Physician FS TC Rates Only. ",,,,,,,,Other,"100 Percent of Medicaid APG. ",,,,,,,,Other,"100 Percent of Medicaid APG. ",1037.6808,78,,,,,0,percent of total billed charges,78% of Billed Charges. Lesser of 100% of billed charges applies.; No services were performed during the 15 month look back period.,63.96,,,,,,,Fee Schedule,"100 % 2019 CMS Clinical Lab National Limit Pub 20190115. ",,,,,,,,Other,"100 Percent of Medicaid APG. ",63.96,,,,,,,Fee Schedule,"100% Medicare Lab FS. ",113.42,,,,,,,Fee Schedule,"150 % 2018 Cigna RBRVS fee schedule. ",113.42,,,,,,,Fee Schedule,"150 % 2018 Cigna RBRVS fee schedule. ",113.42,,,,,,,Fee Schedule,"150 % 2018 Cigna RBRVS fee schedule. ",113.42,,,,,,,Fee Schedule,"150 % 2018 Cigna RBRVS fee schedule. ",57.56,,,,,,,Fee schedule,90 Percent of Medicare Laboratory. Covered services not payable under Medicaid Fee Schedules default to a payment of 50 percent of charges.,63.96,,,,,,,Fee Schedule,"100% Medicare Lab FS. ",57.56,,,,,,,Fee schedule,90 Percent of Medicare Laboratory. Covered services not payable under Medicaid Fee Schedules default to a payment of 50 percent of charges.,1037.6808,78,,,,,0,percent of total billed charges,78% of Billed Charges. Lesser of 100% of billed charges applies.; No services were performed during the 15 month look back period.,160.54,,,,,,,Fee Schedule,"251.000625390869 % Medicare Physician FS TC Rates Only. ",63.96,,,,,,,Fee Schedule,"100% Medicare Lab FS. ",163.1,,,,,,,Fee Schedule,"255 % Medicare RBRVS. ",63.96,,,,,,,Fee Schedule,"100% Medicare Lab FS. ",63.96,,,,,,,Fee Schedule,"100% Medicare Lab FS. ",1037.6808,78,,,,,0,percent of total billed charges,78% of Billed Charges. Lesser of 100% of billed charges applies.; No services were performed during the 15 month look back period.,,,,,,,,Fee Schedule,100% Medicaid Fee Schedule. Lesser of 100% of billed charges applies.,,,,,,,,Fee Schedule,100% Medicaid Fee Schedule. Lesser of 100% of billed charges applies.,57.56,,,,,,,Fee schedule,"90 Percent of Medicare RBRVS. ",57.56,,,,,,,Fee schedule,"90 Percent of Medicare RBRVS. ",163.1,,,,,,,Fee Schedule,"255 % Medicare RBRVS. ",163.1,,,,,,,Fee Schedule,"255 % Medicare RBRVS. ",,,,,,,,Other,"100 Percent of Medicaid APG. Not APG payable, or payable under another fee schedule like ASP/AWP pays at 30% of charges",163.1,,,,,,,Fee Schedule,"255 % Medicare RBRVS. ",,,,,,,,Other,"100 Percent of Medicaid APG. Not APG payable, or payable under another fee schedule like ASP/AWP pays at 30% of charges",63.96,,,,,,,Fee Schedule,"100% Medicare Lab FS. ",163.1,,,,,,,Fee Schedule,"255 % Medicare RBRVS. ",1037.6808,78,,,,,0,percent of total billed charges,78% of Billed Charges. Lesser of 100% of billed charges applies.; No services were performed during the 15 month look back period.,,,,,,,,Other,"100 Percent of Medicaid APG. If not priced under APG, then Metroplus FeeSched",,,,,,,,Other,"100 Percent of Medicaid APG. If not priced under APG, then Metroplus FeeSched",1037.6808,78,,,,,0,percent of total billed charges,78% of Billed Charges. Lesser of 100% of billed charges applies.; No services were performed during the 15 month look back period.,113.42,,,,,,,Fee Schedule,"150 % 2018 Cigna RBRVS fee schedule. ",63.96,,,,,,,Fee Schedule,"100 % 2019 CMS Clinical Lab National Limit Pub 20190115. ",63.96,,,,,,,Fee Schedule,"100 % 2019 CMS Clinical Lab National Limit Pub 20190115. ",1037.6808,78,,,,,0,percent of total billed charges,78% of Billed Charges. Lesser of 100% of billed charges applies.; No services were performed during the 15 month look back period.,63.96,,,,,,,Fee Schedule,"100% Medicare Lab FS. ",63.96,,,,,,,Fee Schedule,"100 % 2019 CMS Clinical Lab National Limit Pub 20190115. ",63.96,,,,,,,Fee Schedule,"100 % 2019 CMS Clinical Lab National Limit Pub 20190115. ",63.96,,,,,,,Fee Schedule,"100 % 2019 CMS Clinical Lab National Limit Pub 20190115. ",63.96,,,,,,,Fee Schedule,"100% Medicare Lab FS. ",63.96,,,,,,,Fee Schedule,"100 % 2019 CMS Clinical Lab National Limit Pub 20190115. ",63.96,,,,,,,Fee Schedule,"100 % 2019 CMS Clinical Lab National Limit Pub 20190115. ",63.96,,,,,,,Fee Schedule,"100% of Medicare Lab FS. ",665.18,50,,,,,0,percent of total billed charges,50 percent of billed charges; No services were performed during the 15 month look back period.,864.734,65,,,,,0,percent of total billed charges,65% of Billed Charges. Lesser of 100% of billed charges applies.; No services were performed during the 15 month look back period.,864.734,65,,,,,0,percent of total billed charges,65% of Billed Charges. Lesser of 100% of billed charges applies.; No services were performed during the 15 month look back period.,864.734,65,,,,,0,percent of total billed charges,65% of Billed Charges. Lesser of 100% of billed charges applies.; No services were performed during the 15 month look back period.,864.734,65,,,,,0,percent of total billed charges,65% of Billed Charges. Lesser of 100% of billed charges applies.; No services were performed during the 15 month look back period.,864.734,65,,48.81,48.81,48.81,1 through 10,percent of total billed charges,65% of Billed Charges. Lesser of 100% of billed charges applies.,864.734,65,,,,,0,percent of total billed charges,65% of Billed Charges. Lesser of 100% of billed charges applies.; No services were performed during the 15 month look back period.,63.96,,,,,,,Fee Schedule,"100% Medicare Lab FS. ",63.96,,,,,,,Fee Schedule,"100% Medicare Lab FS. ",864.734,65,,,,,0,percent of total billed charges,65% of Billed Charges. Lesser of 100% of billed charges applies.; No services were performed during the 15 month look back period.,1037.6808,78,,,,,0,percent of total billed charges,78% of Billed Charges. Lesser of 100% of billed charges applies.; No services were performed during the 15 month look back period.,1037.6808,78,,,,,0,percent of total billed charges,78% of Billed Charges. Lesser of 100% of billed charges applies.; No services were performed during the 15 month look back period.,1037.6808,78,,,,,0,percent of total billed charges,78% of Billed Charges. Lesser of 100% of billed charges applies.; No services were performed during the 15 month look back period.,1037.6808,78,,,,,0,percent of total billed charges,78% of Billed Charges. Lesser of 100% of billed charges applies.; No services were performed during the 15 month look back period.,1037.6808,78,,,,,0,percent of total billed charges,78% of Billed Charges. Lesser of 100% of billed charges applies.; No services were performed during the 15 month look back period.,1037.6808,78,,,,,0,percent of total billed charges,78% of Billed Charges. Lesser of 100% of billed charges applies.; No services were performed during the 15 month look back period.,1037.6808,78,,,,,0,percent of total billed charges,78% of Billed Charges. Lesser of 100% of billed charges applies.; No services were performed during the 15 month look back period.,1037.6808,78,,,,,0,percent of total billed charges,78% of Billed Charges. Lesser of 100% of billed charges applies.; No services were performed during the 15 month look back period.,1037.6808,78,,,,,0,percent of total billed charges,78% of Billed Charges. Lesser of 100% of billed charges applies.; No services were performed during the 15 month look back period.,1037.6808,78,,,,,0,percent of total billed charges,78% of Billed Charges. Lesser of 100% of billed charges applies.; No services were performed during the 15 month look back period.,1037.6808,78,,,,,0,percent of total billed charges,78% of Billed Charges. Lesser of 100% of billed charges applies.; No services were performed during the 15 month look back period.,1037.6808,78,,,,,0,percent of total billed charges,78% of Billed Charges. Lesser of 100% of billed charges applies.; No services were performed during the 15 month look back period.,1037.6808,78,,,,,0,percent of total billed charges,78% of Billed Charges. Lesser of 100% of billed charges applies.; No services were performed during the 15 month look back period.,1037.6808,78,,,,,0,percent of total billed charges,78% of Billed Charges. Lesser of 100% of billed charges applies.; No services were performed during the 15 month look back period.,1037.6808,78,,,,,0,percent of total billed charges,78% of Billed Charges. Lesser of 100% of billed charges applies.; No services were performed during the 15 month look back period.,1037.6808,78,,,,,0,percent of total billed charges,78% of Billed Charges. Lesser of 100% of billed charges applies.; No services were performed during the 15 month look back period.,1037.6808,78,,,,,0,percent of total billed charges,78% of Billed Charges. Lesser of 100% of billed charges applies.; No services were performed during the 15 month look back period.,1037.6808,78,,,,,0,percent of total billed charges,78% of Billed Charges. Lesser of 100% of billed charges applies.; No services were performed during the 15 month look back period.,1037.6808,78,,,,,0,percent of total billed charges,78% of Billed Charges. Lesser of 100% of billed charges applies.; No services were performed during the 15 month look back period.,1037.6808,78,,,,,0,percent of total billed charges,78% of Billed Charges. Lesser of 100% of billed charges applies.; No services were performed during the 15 month look back period.,1037.6808,78,,,,,0,percent of total billed charges,78% of Billed Charges. Lesser of 100% of billed charges applies.; No services were performed during the 15 month look back period.,1037.6808,78,,,,,0,percent of total billed charges,78% of Billed Charges. Lesser of 100% of billed charges applies.; No services were performed during the 15 month look back period.,1037.6808,78,,,,,0,percent of total billed charges,78% of Billed Charges. Lesser of 100% of billed charges applies.; No services were performed during the 15 month look back period.,1037.6808,78,,,,,0,percent of total billed charges,78% of Billed Charges. Lesser of 100% of billed charges applies.; No services were performed during the 15 month look back period.,1037.6808,78,,,,,0,percent of total billed charges,78% of Billed Charges. Lesser of 100% of billed charges applies.; No services were performed during the 15 month look back period.,1037.6808,78,,,,,0,percent of total billed charges,78% of Billed Charges. Lesser of 100% of billed charges applies.; No services were performed during the 15 month look back period.,163.1,,,,,,,Fee Schedule,"255 % Medicare RBRVS. ",163.1,,,,,,,Fee Schedule,"255 % Medicare RBRVS. ",163.1,,,,,,,Fee Schedule,"255 % Medicare RBRVS. ",163.1,,,,,,,Fee Schedule,"255 % Medicare RBRVS. ",123.44,,,,,,,Fee Schedule,"193 % Medicare RBRVS. ",123.44,,,,,,,Fee Schedule,"193 % Medicare RBRVS. ",113.42,,,,,,,Fee Schedule,"150 % 2018 Cigna RBRVS fee schedule. ",864.734,65,,,,,0,percent of total billed charges,65% of Billed Charges. Lesser of 100% of billed charges applies.; No services were performed during the 15 month look back period.,63.96,,,,,,,Fee Schedule,"100 % 2019 CMS Clinical Lab National Limit Pub 20190115. ",864.734,65,,,,,0,percent of total billed charges,65% of Billed Charges. Lesser of 100% of billed charges applies.; No services were performed during the 15 month look back period.,1037.6808,78,,,,,0,percent of total billed charges,78% of Billed Charges. Lesser of 100% of billed charges applies.; No services were performed during the 15 month look back period.,123.44,,,,,,,Fee Schedule,"193 % Medicare RBRVS. ",864.734,65,,,,,0,percent of total billed charges,65% of Billed Charges. Lesser of 100% of billed charges applies.; No services were performed during the 15 month look back period.,63.96,,,,,,,Fee Schedule,"100 % 2019 CMS Clinical Lab National Limit Pub 20190115. ",113.42,,,,,,,Fee Schedule,"150 % 2018 Cigna RBRVS fee schedule. ",,,,,,,,,"NA. ",1037.6808,78,,,,,0,percent of total billed charges,78% of Billed Charges. Lesser of 100% of billed charges applies.; No services were performed during the 15 month look back period.,,,,,,,,Other,"100 Percent of Medicaid APG. ",163.1,,,,,,,Fee Schedule,"255 % Medicare RBRVS. ",,,,,,,,Other,"100 Percent of Medicaid APG. Not APG payable, or payable under another fee schedule like ASP/AWP pays at 30% of charges",63.96,,,,,,,Fee Schedule,"100% Medicare Lab FS. ",63.96,,,,,,,Fee Schedule,"100% Medicare Lab FS. ",665.18,50,,,,,0,percent of total billed charges,50 percent of billed charges; No services were performed during the 15 month look back period.,63.96,,,,,,,Fee Schedule,"100% Medicare Lab FS. ",63.96,,,,,,,Fee Schedule,"100% Medicare Lab FS. ",,,,,,,,Other,"100 Percent of Medicaid APG. ",63.96,,,,,,,Fee Schedule,"100% Medicare Lab FS. ",63.96,,,,,,,Fee Schedule,"100% Medicare Lab FS. ",160.54,,,,,,,Fee Schedule,"251.000625390869 % Medicare Physician FS TC Rates Only. ",160.54,,,,,,,Fee Schedule,"251.000625390869 % Medicare Physician FS TC Rates Only. ",63.96,,,,,,,Fee Schedule,"100% Medicare Lab FS. ",113.42,,,,,,,Fee Schedule,"150 % 2018 Cigna RBRVS fee schedule. ",63.96,,,,,,,Fee Schedule,"100 % 2019 CMS Clinical Lab National Limit Pub 20190115. ",63.96,,,,,,,Fee Schedule,"100 % 2019 CMS Clinical Lab National Limit Pub 20190115. ",63.96,,,,,,,Fee Schedule,"100% Medicare Lab FS. ",113.42,,,,,,,Fee Schedule,"150 % 2018 Cigna RBRVS fee schedule. ",160.54,,,,,,,Fee Schedule,"251.000625390869 % Medicare Physician FS TC Rates Only. ",160.54,,,,,,,Fee Schedule,"251.000625390869 % Medicare Physician FS TC Rates Only. ",160.54,,,,,,,Fee Schedule,"251.000625390869 % Medicare Physician FS TC Rates Only. ",1037.6808,78,,,,,0,percent of total billed charges,78% of Billed Charges. Lesser of 100% of billed charges applies.; No services were performed during the 15 month look back period.,1037.6808,78,,,,,0,percent of total billed charges,78% of Billed Charges. Lesser of 100% of billed charges applies.; No services were performed during the 15 month look back period.,1037.6808,78,,,,,0,percent of total billed charges,78% of Billed Charges. Lesser of 100% of billed charges applies.; No services were performed during the 15 month look back period.,1037.6808,78,,,,,0,percent of total billed charges,78% of Billed Charges. Lesser of 100% of billed charges applies.; No services were performed during the 15 month look back period.,1037.6808,78,,,,,0,percent of total billed charges,78% of Billed Charges. Lesser of 100% of billed charges applies.; No services were performed during the 15 month look back period.,1037.6808,78,,,,,0,percent of total billed charges,78% of Billed Charges. Lesser of 100% of billed charges applies.; No services were performed during the 15 month look back period.,1037.6808,78,,,,,0,percent of total billed charges,78% of Billed Charges. Lesser of 100% of billed charges applies.; No services were performed during the 15 month look back period.,1037.6808,78,,,,,0,percent of total billed charges,78% of Billed Charges. Lesser of 100% of billed charges applies.; No services were performed during the 15 month look back period.,1037.6808,78,,,,,0,percent of total billed charges,78% of Billed Charges. Lesser of 100% of billed charges applies.; No services were performed during the 15 month look back period.,1037.6808,78,,,,,0,percent of total billed charges,78% of Billed Charges. Lesser of 100% of billed charges applies.; No services were performed during the 15 month look back period.,1037.6808,78,,,,,0,percent of total billed charges,78% of Billed Charges. Lesser of 100% of billed charges applies.; No services were performed during the 15 month look back period.,123.44,,,,,,,Fee Schedule,"193 % Medicare RBRVS. ",864.734,65,,,,,0,percent of total billed charges,65% of Billed Charges. Lesser of 100% of billed charges applies.; No services were performed during the 15 month look back period.,113.42,,,,,,,Fee Schedule,"150 % 2018 Cigna RBRVS fee schedule. ",63.96,,,,,,,Fee Schedule,"100% Medicare Lab FS. ",160.54,,,,,,,Fee Schedule,"251.000625390869 % Medicare Physician FS TC Rates Only. ",113.42,,,,,,,Fee Schedule,"150 % 2018 Cigna RBRVS fee schedule. ",113.42,,,,,,,Fee Schedule,"150 % 2018 Cigna RBRVS fee schedule. ",1037.6808,78,,,,,0,percent of total billed charges,78% of Billed Charges. Lesser of 100% of billed charges applies.; No services were performed during the 15 month look back period.,,,,,,,,Other,"Not payable. ",113.42,,,,,,,Fee Schedule,"150 % 2018 Cigna RBRVS fee schedule. ",,,,,,,,Other,"100 Percent of Medicaid APG. ",63.96,,,,,,,Fee Schedule,"100% Medicare Lab FS. ",63.96,,,,,,,Fee Schedule,"100% Medicare Lab FS. ",63.96,,,,,,,Fee Schedule,"100% Medicare Lab FS. ",63.96,,,,,,,Fee Schedule,"100% Medicare Lab FS. ",63.96,,,,,,,Fee Schedule,"100% Medicare Lab FS. ",63.96,,,,,,,Fee Schedule,"100% Medicare Lab FS. ",113.42,,,,,,,Fee Schedule,"150 % 2018 Cigna RBRVS fee schedule. ",665.18,50,,,,,0,percent of total billed charges,50 percent of billed charges; No services were performed during the 15 month look back period.,102.34,,,,,,,Fee Schedule,"160 Percent of Medicare Laboratory. ",102.34,,,,,,,Fee Schedule,"160 Percent of Medicare Laboratory. ",102.34,,,,,,,Fee Schedule,"160 Percent of Medicare Laboratory. ",102.34,,,,,,,Fee Schedule,"160 Percent of Medicare Laboratory. ",102.34,,,,,,,Fee Schedule,"160 Percent of Medicare Laboratory. ",,,,,,,,,"NA. ",665.18,50,,,,,0,percent of total billed charges,50 percent of billed charges; No services were performed during the 15 month look back period.,90.18,,,,,,,Fee Schedule,141 Percent of of Medicare Lab FS. Metroplus will reimburse unlisted codes and described codes with no Medicare rate at 50 percent of charges.,90.18,,,,,,,Fee Schedule,141 Percent of of Medicare Lab FS. Metroplus will reimburse unlisted codes and described codes with no Medicare rate at 50 percent of charges.,90.18,,,,,,,Fee Schedule,141 Percent of of Medicare Lab FS. Metroplus will reimburse unlisted codes and described codes with no Medicare rate at 50 percent of charges.,90.18,,,,,,,Fee Schedule,141 Percent of of Medicare Lab FS. Metroplus will reimburse unlisted codes and described codes with no Medicare rate at 50 percent of charges.,90.18,,,,,,,Fee Schedule,141 Percent of of Medicare Lab FS. Metroplus will reimburse unlisted codes and described codes with no Medicare rate at 50 percent of charges.,63.96,,,,,,,Fee Schedule,"100% Medicare Lab FS. ",123.44,,,,,,,Fee Schedule,"193 % Medicare RBRVS. ",123.44,,,,,,,Fee Schedule,"193 % Medicare RBRVS. ",123.44,,,,,,,Fee Schedule,"193 % Medicare RBRVS. ",123.44,,,,,,,Fee Schedule,"193 % Medicare RBRVS. ",160.54,,,,,,,Fee Schedule,"251.000625390869 % Medicare Physician FS TC Rates Only. ",160.54,,,,,,,Fee Schedule,"251.000625390869 % Medicare Physician FS TC Rates Only. ",160.54,,,,,,,Fee Schedule,"251.000625390869 % Medicare Physician FS TC Rates Only. ",160.54,,,,,,,Fee Schedule,"251.000625390869 % Medicare Physician FS TC Rates Only. ",665.18,50,,,,,0,percent of total billed charges,50 percent of billed charges; No services were performed during the 15 month look back period.,665.18,50,,,,,0,percent of total billed charges,50 percent of billed charges; No services were performed during the 15 month look back period.,63.96,,,,,,,Fee Schedule,"100% Medicare Lab FS. ",63.96,,,,,,,Fee Schedule,"100% Medicare Lab FS. ",63.96,,,,,,,Fee Schedule,"100% Medicare Lab FS. ",864.734,65,,,,,0,percent of total billed charges,65% of Billed Charges. Lesser of 100% of billed charges applies.; No services were performed during the 15 month look back period.,864.734,65,,,,,0,percent of total billed charges,65% of Billed Charges. Lesser of 100% of billed charges applies.; No services were performed during the 15 month look back period.,864.734,65,,,,,0,percent of total billed charges,65% of Billed Charges. Lesser of 100% of billed charges applies.; No services were performed during the 15 month look back period.,665.18,50,,,,,0,percent of total billed charges,50 percent of billed charges; No services were performed during the 15 month look back period.,160.54,,,,,,,Fee Schedule,"251.000625390869 % Medicare Physician FS TC Rates Only. ",63.96,,,,,,,Fee Schedule,"100% Medicare Lab FS. ",864.734,65,,,,,0,percent of total billed charges,65% of Billed Charges. Lesser of 100% of billed charges applies.; No services were performed during the 15 month look back period.,,,,,,,,Other,"100 Percent of Medicaid APG. ",65.24,,,,,,,Fee Schedule,"102% of Medicare Lab FS. ",65.24,,,,,,,Fee Schedule,"102% of Medicare Lab FS. ",65.24,,,,,,,Fee Schedule,"102% of Medicare Lab FS. ",57.56,,,,,,,Fee schedule,"90 Percent of Medicare RBRVS. ",,,,,,,,Fee Schedule,225% of NYS APG. Lesser of 100% of billed charges applies.,,,,,,,,Fee Schedule,225% of NYS APG. Lesser of 100% of billed charges applies.,,,,,,,,Fee Schedule,225% of NYS APG. Lesser of 100% of billed charges applies.,,,,,,,,Fee Schedule,225% of NYS APG. Lesser of 100% of billed charges applies.,,,,,,,,Fee Schedule,225% of NYS APG. Lesser of 100% of billed charges applies.,65.24,,,,,,,Fee Schedule,"102% of Medicare Lab FS. ",,,,,,,,Other,"100 Percent of Medicaid APG. ",,,,,,,,Fee Schedule,100% Medicaid Fee Schedule. Lesser of 100% of billed charges applies.,,,,,,,,Fee Schedule,225% of NYS APG. Lesser of 100% of billed charges applies.,,,,,,,,Fee Schedule,225% of NYS APG. Lesser of 100% of billed charges applies.,,,,,,,,Fee Schedule,100% Medicaid Fee Schedule. Lesser of 100% of billed charges applies.,,,,,,,,Fee Schedule,100% Medicaid Fee Schedule. Lesser of 100% of billed charges applies.,102.34,,,,,,,Fee Schedule,"160 Percent of Medicare Laboratory. ",63.96,,,,,,,Fee Schedule,"100% Medicare Lab FS. ",63.96,,,,,,,Fee Schedule,"100% Medicare Lab FS. ",160.54,,,,,,,Fee Schedule,"251.000625390869 % Medicare Physician FS TC Rates Only. ",63.96,,,,,,,Fee Schedule,"100% Medicare Lab FS. ",,,,,,,,Fee Schedule,"225 Percent of Medicaid APG. ",,,,,,,,Fee Schedule,"225 Percent of Medicaid APG. ",57.56,,,,,,,Fee schedule,"90 Percent of Medicare RBRVS. ",57.56,,,,,,,Fee schedule,"90 Percent of Medicare RBRVS. ",,,,,,,,Case Rate,Not Payable. Covered services not payable under Medicaid Fee Schedules default to a payment of 87.5 percent of charges.,57.56,,,,,,,Fee schedule,90 Percent of Medicare Laboratory. Covered services not payable under Medicaid Fee Schedules default to a payment of 50 percent of charges.,,,,,,,,Other,"100 Percent of Medicaid APG. ",,,,,,,,Other,"100 Percent of Medicaid APG. ",,,,,,,,Other,"100 Percent of Medicaid APG. ",,,,,,,,Other,"100 Percent of Medicaid APG. ",651.75,,,,,,,Fee Schedule,"1019 % Manhattan Facility Rate. ",665.18,50,,,,,0,percent of total billed charges,50 percent of billed charges; No services were performed during the 15 month look back period.,,,,,,,,Other,"120 Percent of Medicaid APG. Not APG payable, or payable under another fee schedule like ASP/AWP pays at 30% of charges",,,,,,,,Other,"120 Percent of Medicaid APG. Not APG payable, or payable under another fee schedule like ASP/AWP pays at 30% of charges",,,,,,,,Other,"100 Percent of Medicaid APG. Not APG payable, or payable under another fee schedule like ASP/AWP pays at 30% of charges",,,,,,,,Other,"100 Percent of Medicaid APG. Not APG payable, or payable under another fee schedule like ASP/AWP pays at 30% of charges",864.734,65,,,,,0,percent of total billed charges,65% of Billed Charges. Lesser of 100% of billed charges applies.; No services were performed during the 15 month look back period.,864.734,65,,,,,0,percent of total billed charges,65% of Billed Charges. Lesser of 100% of billed charges applies.; No services were performed during the 15 month look back period.,63.96,,,,,,,Fee Schedule,"100% Medicare Lab FS. ",864.734,65,,,,,0,percent of total billed charges,65% of Billed Charges. Lesser of 100% of billed charges applies.; No services were performed during the 15 month look back period.,864.734,65,,,,,0,percent of total billed charges,65% of Billed Charges. Lesser of 100% of billed charges applies.; No services were performed during the 15 month look back period.,864.734,65,,,,,0,percent of total billed charges,65% of Billed Charges. Lesser of 100% of billed charges applies.; No services were performed during the 15 month look back period.,864.734,65,,,,,0,percent of total billed charges,65% of Billed Charges. Lesser of 100% of billed charges applies.; No services were performed during the 15 month look back period.,63.96,,,,,,,Fee Schedule,"100% Medicare Lab FS. ",864.734,65,,,,,0,percent of total billed charges,65% of Billed Charges. Lesser of 100% of billed charges applies.; No services were performed during the 15 month look back period.,864.734,65,,,,,0,percent of total billed charges,65% of Billed Charges. Lesser of 100% of billed charges applies.; No services were performed during the 15 month look back period.,160.54,,,,,,,Fee Schedule,"251.000625390869 % Medicare Physician FS TC Rates Only. ",,,,,,,,Fee Schedule,110% of APG. Lesser of 100% of billed charges applies.,57.56,,,,,,,Fee schedule,90 Percent of Medicare Laboratory. Covered services not payable under Medicaid Fee Schedules default to a payment of 50 percent of charges.,,,,,,,,Fee Schedule,225% of NYS APG. Lesser of 100% of billed charges applies.,,,,,,,,Case Rate,Not Payable. Covered services not payable under Medicaid Fee Schedules default to a payment of 87.5 percent of charges.,57.56,,,,,,,Fee schedule,90 Percent of Medicare Laboratory. Covered services not payable under Medicaid Fee Schedules default to a payment of 50 percent of charges.,,,,,,,,Fee Schedule,225% of NYS APG. Lesser of 100% of billed charges applies.,,,,,,,,Fee Schedule,225% of NYS APG. Lesser of 100% of billed charges applies.,,,,,,,,Fee Schedule,225% of NYS APG. Lesser of 100% of billed charges applies.,,,,,,,,Fee Schedule,225% of NYS APG. Lesser of 100% of billed charges applies.,,,,,,,,Fee Schedule,225% of NYS APG. Lesser of 100% of billed charges applies.,,,,,,,,Fee Schedule,225% of NYS APG. Lesser of 100% of billed charges applies.,,,,,,,,,"NA. ",,,,,,,,,"NA. ",,,,,,,,,"NA. ",113.42,,,,,,,Fee Schedule,"150 % 2018 Cigna RBRVS fee schedule. ",,,,,,,,,"NA. ",63.96,,,,,,,Fee Schedule,"100% Medicare Lab FS. ",63.96,,,,,,,Fee Schedule,"100 % 1199 Fee Schedule. ",63.96,,,,,,,Fee Schedule,"100% Medicare Lab FS. ",63.96,,,,,,,Fee Schedule,"100% Medicare Lab FS. ",,,,,,,,Other,"120 Percent of Medicaid APG. Not APG payable, or payable under another fee schedule like ASP/AWP pays at 30% of charges",,,,,,,,Other,"120 Percent of Medicaid APG. Not APG payable, or payable under another fee schedule like ASP/AWP pays at 30% of charges",,,,,,,,Other,"100 Percent of Medicaid APG. Not APG payable, or payable under another fee schedule like ASP/AWP pays at 30% of charges",,,,,,,,Other,"100 Percent of Medicaid APG. Not APG payable, or payable under another fee schedule like ASP/AWP pays at 30% of charges",,,,,,,,Other,"100 Percent of Medicaid APG. ",138.79,,,,,,,Fee Schedule,"217 % Medicare RBRVS. ",160.54,,,,,,,Fee Schedule,"251.000625390869 % Medicare Physician FS TC Rates Only. ",163.1,,,,,,,Fee Schedule,"255 % Medicare RBRVS. ",113.42,,,,,,,Fee Schedule,"150 % 2018 Cigna RBRVS fee schedule. ",63.96,,,,,,,Fee Schedule,"100% Medicare Lab FS. ",63.96,,,,,,,Fee Schedule,"100% Medicare Lab FS. ",63.96,,,,,,,Fee Schedule,"100% Medicare Lab FS. ",63.96,,,,,,,Fee Schedule,"100% Medicare Lab FS. ",63.96,,,,,,,Fee Schedule,"100% Medicare Lab FS. ",63.96,,,,,,,Fee Schedule,"100% Medicare Lab FS. ",,,,,,,,,"NA. ",,,,,,,,Fee Schedule,225% of NYS APG. Lesser of 100% of billed charges applies.,,,,,,,,Fee Schedule,100% Medicaid Fee Schedule. Lesser of 100% of billed charges applies.,864.734,65,,,,,0,percent of total billed charges,65% of Billed Charges. Lesser of 100% of billed charges applies.; No services were performed during the 15 month look back period.,138.79,,,,,,,Fee Schedule,"217 % Medicare RBRVS. ",138.79,,,,,,,Fee Schedule,"217 % Medicare RBRVS. ",138.79,,,,,,,Fee Schedule,"217 % Medicare RBRVS. ",138.79,,,,,,,Fee Schedule,"217 % Medicare RBRVS. ",63.96,,,,,,,Fee Schedule,"100% Medicare Lab FS. ",,,,,,,,Other,"100 Percent of Medicaid APG. ",864.734,65,,,,,0,percent of total billed charges,65% of Billed Charges. Lesser of 100% of billed charges applies.; No services were performed during the 15 month look back period.,,,,,,,,Other,"100 Percent of Medicaid APG. ",63.96,,,,,,,Fee Schedule,"100% Medicare Lab FS. ",,,,,,,,Other,"100 Percent of Medicaid APG. ",63.96,,,,,,,Fee Schedule,"100% Medicare Lab FS. ",63.96,,,,,,,Fee Schedule,"100% Medicare Lab FS. ",,,,,,,,Other,"100 Percent of Medicaid APG. ",,,,,,,,Other,"100 Percent of Medicaid APG. ",138.79,,,,,,,Fee Schedule,"217 % Medicare RBRVS. ",113.42,,,,,,,Fee Schedule,"150 % 2018 Cigna RBRVS fee schedule. ",1037.6808,78,,,,,0,percent of total billed charges,78% of Billed Charges. Lesser of 100% of billed charges applies.; No services were performed during the 15 month look back period.,63.96,,,,,,,Fee Schedule,"100 % 2019 CMS Clinical Lab National Limit Pub 20190115. ",63.96,,,,,,,Fee Schedule,"100 % 2019 CMS Clinical Lab National Limit Pub 20190115. ",160.54,,,,,,,Fee Schedule,"251.000625390869 % Medicare Physician FS TC Rates Only. ",62.68,,,,,,,Fee Schedule,"98% Lab FS. ",123.44,,,,,,,Fee Schedule,"193 % Medicare RBRVS. ",123.44,,,,,,,Fee Schedule,"193 % Medicare RBRVS. ",691.7872,52,,,,,0,percent of total billed charges,52% of Billed Charges. Lesser of 100% of billed charges applies.; No services were performed during the 15 month look back period.,691.7872,52,,,,,0,percent of total billed charges,52% of Billed Charges. Lesser of 100% of billed charges applies.; No services were performed during the 15 month look back period.,63.96,,,,,,,Fee Schedule,"100% Medicare Lab FS. ",63.96,,,,,,,Fee Schedule,"100% Medicare Lab FS. ",63.96,,,,,,,Fee Schedule,"100% Medicare Lab FS. ",63.96,,,,,,,Fee Schedule,"100% Medicare Lab FS. ",63.96,,,,,,,Fee Schedule,"100 % 2019 CMS Clinical Lab National Limit Pub 20190115. ",864.734,65,,,,,0,percent of total billed charges,65% of Billed Charges. Lesser of 100% of billed charges applies.; No services were performed during the 15 month look back period.,864.734,65,,,,,0,percent of total billed charges,65% of Billed Charges. Lesser of 100% of billed charges applies.; No services were performed during the 15 month look back period.,63.96,,,,,,,Fee Schedule,"100% Medicare Lab FS. ",691.7872,52,,,,,0,percent of total billed charges,52% of Billed Charges. Lesser of 100% of billed charges applies.; No services were performed during the 15 month look back period.,163.1,,,,,,,Fee Schedule,"255 % Medicare RBRVS. ",,,,,,,,Fee Schedule,"120 Percent of Medicaid APG. ",,,,,,,,Other,"100 Percent of Medicaid APG. ",138.79,,,,,,,Fee Schedule,"217 % Medicare RBRVS. ",784.9124,59,,,,,0,percent of total billed charges,59% of Billed Charges. Lesser of 100% of billed charges applies.; No services were performed during the 15 month look back period.,784.9124,59,,,,,0,percent of total billed charges,59% of Billed Charges. Lesser of 100% of billed charges applies.; No services were performed during the 15 month look back period.,864.734,65,,,,,0,percent of total billed charges,65% of Billed Charges. Lesser of 100% of billed charges applies.; No services were performed during the 15 month look back period.,665.18,50,,,,,0,percent of total billed charges,50 percent of billed charges; No services were performed during the 15 month look back period.,63.96,,,,,,,Fee Schedule,"100% Medicare Lab FS. ",,,,,,,,Fee Schedule,"Not payable. ",,,,,,,,Fee Schedule,"Not payable. ",,,,,,,,Fee Schedule,"Not payable. ",,,,,,,,Fee Schedule,"Not payable. ",63.96,,,,,,,Fee Schedule,"100 % 2019 CMS Clinical Lab National Limit Pub 20190115. ",,,,,,,,Fee Schedule,"Not payable. ",,,,,,,,Fee Schedule,"Not payable. ",,,,,,,,Fee Schedule,"Not payable. ",,,,,,,,Fee Schedule,"Not payable. ",,,,,,,,Fee Schedule,"Not payable. ",,,,,,,,Fee Schedule,"Not payable. ",,,,,,,,Fee Schedule,"Not payable. ",63.96,,,,,,,Fee Schedule,"100% Medicare Lab FS. ",63.96,,,,,,,Fee Schedule,"100 % 2019 CMS Clinical Lab National Limit Pub 20190115. ",63.96,,,,,,,Fee Schedule,"100% Medicare Lab FS. ",,,,,,,,Fee Schedule,"Not payable. ",864.734,65,,,,,0,percent of total billed charges,65% of Billed Charges. Lesser of 100% of billed charges applies.; No services were performed during the 15 month look back period.,63.96,,,,,,,Fee Schedule,"100% Medicare Lab FS. ",864.734,65,,,,,0,percent of total billed charges,65% of Billed Charges. Lesser of 100% of billed charges applies.; No services were performed during the 15 month look back period.,864.734,65,,,,,0,percent of total billed charges,65% of Billed Charges. Lesser of 100% of billed charges applies.; No services were performed during the 15 month look back period.,864.734,65,,,,,0,percent of total billed charges,65% of Billed Charges. Lesser of 100% of billed charges applies.; No services were performed during the 15 month look back period.,,,,,,,,Fee Schedule,"Not payable. ",63.96,,,,,,,Fee Schedule,"100% Medicare Lab FS. ",864.734,65,,,,,0,percent of total billed charges,65% of Billed Charges. Lesser of 100% of billed charges applies.; No services were performed during the 15 month look back period.,,,,,,,,Fee Schedule,"Not payable. ",864.734,65,,,,,0,percent of total billed charges,65% of Billed Charges. Lesser of 100% of billed charges applies.; No services were performed during the 15 month look back period.,95.94,,,,,,,Fee Schedule,"150% of Medicare Lab FS. ",63.96,,,,,,,Fee Schedule,"100% Medicare Lab FS. ",138.79,,,,,,,Fee Schedule,"217 % Medicare RBRVS. ",138.79,,,,,,,Fee Schedule,"217 % Medicare RBRVS. ",138.79,,,,,,,Fee Schedule,"217 % Medicare RBRVS. ",138.79,,,,,,,Fee Schedule,"217 % Medicare RBRVS. ",138.79,,,,,,,Fee Schedule,"217 % Medicare RBRVS. ",163.1,,,,,,,Fee Schedule,"255 % Medicare RBRVS. ",163.1,,,,,,,Fee Schedule,"255 % Medicare RBRVS. ",138.79,,,,,,,Fee Schedule,"217 % Medicare RBRVS. ",138.79,,,,,,,Fee Schedule,"217 % Medicare RBRVS. ",138.79,,,,,,,Fee Schedule,"217 % Medicare RBRVS. ",138.79,,,,,,,Fee Schedule,"217 % Medicare RBRVS. ",138.79,,,,,,,Fee Schedule,"217 % Medicare RBRVS. ",63.96,,,,,,,Fee Schedule,"100% Medicare Lab FS. ",163.1,,,,,,,Fee Schedule,"255 % Medicare RBRVS. ",63.96,,,,,,,Fee Schedule,"100% Medicare Lab FS. ",,,,,,,,Other,"225 Percent of Medicaid APG. If not included in Medicaid APG, then 100 Percent of Manhattan Medicare",,,,,,,,Other,"100 Percent of Medicaid APG. If not priced under APG, then Metroplus FeeSched",63.96,,,,,,,Fee Schedule,"100 % 2019 CMS Clinical Lab National Limit Pub 20190115. ",63.96,,,,,,,Fee Schedule,"100 % 2019 CMS Clinical Lab National Limit Pub 20190115. ",63.96,,,,,,,Fee Schedule,"100% Medicare Lab FS. ",123.44,,,,,,,Fee Schedule,"193 % Medicare RBRVS. ",63.96,,,,,,,Fee Schedule,"100% Medicare Lab FS. ",63.96,,,,,,,Fee Schedule,"100% Medicare Lab FS. ",160.54,,,,,,,Fee Schedule,"251.000625390869 % Medicare Physician FS TC Rates Only. ",63.96,,,,,,,Fee Schedule,"100% Medicare Lab FS. ",113.42,,,,,,,Fee Schedule,"150 % 2018 Cigna RBRVS fee schedule. ",63.96,,,,,,,Fee Schedule,"100% Medicare Lab FS. ",113.42,,,,,,,Fee Schedule,"150 % 2018 Cigna RBRVS fee schedule. ",160.54,,,,,,,Fee Schedule,"251.000625390869 % Medicare Physician FS TC Rates Only. ",113.42,,,,,,,Fee Schedule,"150 % 2018 Cigna RBRVS fee schedule. ",63.96,,,,,,,Fee Schedule,"100% Medicare Lab FS. ",,,,,,,,Other,"100 Percent of Medicaid APG. ",63.96,,,,,,,Fee Schedule,"100% Medicare Lab FS. ",113.42,,,,,,,Fee Schedule,"150 % 2018 Cigna RBRVS fee schedule. ",63.96,,,,,,,Fee Schedule,"100 % 2019 CMS Clinical Lab National Limit Pub 20190115. ",,,,,,,,Other,"100 Percent of Medicaid APG. ",864.734,65,,,,,0,percent of total billed charges,65% of Billed Charges. Lesser of 100% of billed charges applies.; No services were performed during the 15 month look back period.,,,,,,,,Fee Schedule,"120 Percent of Medicaid APG. ",,,,,,,,Fee Schedule,"120 Percent of Medicaid APG. ",864.734,65,,,,,0,percent of total billed charges,65% of Billed Charges. Lesser of 100% of billed charges applies.; No services were performed during the 15 month look back period.,864.734,65,,,,,0,percent of total billed charges,65% of Billed Charges. Lesser of 100% of billed charges applies.; No services were performed during the 15 month look back period.,864.734,65,,,,,0,percent of total billed charges,65% of Billed Charges. Lesser of 100% of billed charges applies.; No services were performed during the 15 month look back period.,63.96,,,,,,,Fee Schedule,"100 % 2019 CMS Clinical Lab National Limit Pub 20190115. ",864.734,65,,,,,0,percent of total billed charges,65% of Billed Charges. Lesser of 100% of billed charges applies.; No services were performed during the 15 month look back period.,864.734,65,,,,,0,percent of total billed charges,65% of Billed Charges. Lesser of 100% of billed charges applies.; No services were performed during the 15 month look back period.,864.734,65,,,,,0,percent of total billed charges,65% of Billed Charges. Lesser of 100% of billed charges applies.; No services were performed during the 15 month look back period.,138.79,,,,,,,Fee Schedule,"217 % Medicare RBRVS. ",138.79,,,,,,,Fee Schedule,"217 % Medicare RBRVS. ",90.18,,,,,,,Fee Schedule,141 Percent of of Medicare Lab FS. Metroplus will reimburse unlisted codes and described codes with no Medicare rate at 50 percent of charges.,,,,,,,,Other,"100 Percent of Medicaid APG. ",63.96,,,,,,,Fee Schedule,"100 % 2019 CMS Clinical Lab National Limit Pub 20190115. ",113.42,,,,,,,Fee Schedule,"150 % 2018 Cigna RBRVS fee schedule. ",160.54,,,,,,,Fee Schedule,"251.000625390869 % Medicare Physician FS TC Rates Only. ",63.96,,,,,,,Fee Schedule,"100 % 2019 CMS Clinical Lab National Limit Pub 20190115. ",160.54,,,,,,,Fee Schedule,"251.000625390869 % Medicare Physician FS TC Rates Only. ",63.96,,,,,,,Fee Schedule,"100 % 2019 CMS Clinical Lab National Limit Pub 20190115. ",864.734,65,,,,,0,percent of total billed charges,65% of Billed Charges. Lesser of 100% of billed charges applies.; No services were performed during the 15 month look back period.,864.734,65,,,,,0,percent of total billed charges,65% of Billed Charges. Lesser of 100% of billed charges applies.; No services were performed during the 15 month look back period.,864.734,65,,,,,0,percent of total billed charges,65% of Billed Charges. Lesser of 100% of billed charges applies.; No services were performed during the 15 month look back period.,864.734,65,,,,,0,percent of total billed charges,65% of Billed Charges. Lesser of 100% of billed charges applies.; No services were performed during the 15 month look back period.,63.96,,,,,,,Fee Schedule,"100% Medicare Lab FS. ",34.97,1330.36,
81599,CPT,2025177,LOCAL,300,RC,"HC LIVER FIBROSIS, VIRAL HEP",816.51,155.1369,both,,,,408.255,50,,,,,0,percent of total billed charges,50% of Billed Charges. Lesser of 100% of billed charges applies.; No services were performed during the 15 month look back period.,408.255,50,,,,,0,percent of total billed charges,50% of Billed Charges. Lesser of 100% of billed charges applies.; No services were performed during the 15 month look back period.,489.906,60,,,,,0,percent of total billed charges,60 percent of billed charges; No services were performed during the 15 month look back period.,816.51,100,,,,,0,percent of total billed charges,100 percent of billed charges. ; No services were performed during the 15 month look back period.,,,,,,,,Other,"Not Payable. ",489.906,60,,,,,0,percent of total billed charges,60 percent of billed charges; No services were performed during the 15 month look back period.,489.906,60,,,,,0,percent of total billed charges,60 percent of billed charges; No services were performed during the 15 month look back period.,489.906,60,,,,,0,percent of total billed charges,60 percent of billed charges; No services were performed during the 15 month look back period.,,,,,,,,Other,"100 Percent of Medicaid APG. ",,,,,,,,Other,"100 Percent of Medicaid APG. ",636.8778,78,,,,,0,percent of total billed charges,78% of Billed Charges. Lesser of 100% of billed charges applies.; No services were performed during the 15 month look back period.,,,,,,,,Fee Schedule,"100 % Fee Schedule Default PPR. ",,,,,,,,Other,"100 Percent of Medicaid APG. ",,,,,,,,Other,"Not Payable. ",350.05,,,,,,,Fee Schedule,"150 % 2018 Cigna RBRVS fee schedule. ",350.05,,,,,,,Fee Schedule,"150 % 2018 Cigna RBRVS fee schedule. ",350.05,,,,,,,Fee Schedule,"150 % 2018 Cigna RBRVS fee schedule. ",350.05,,,,,,,Fee Schedule,"150 % 2018 Cigna RBRVS fee schedule. ",8.1651,1,,,,,0,percent of total billed charges,NA. Covered services not payable under Medicaid Fee Schedules default to a payment of 50 percent of charges.; No services were performed during the 15 month look back period.,,,,,,,,Other,"Not Payable. ",8.1651,1,,,,,0,percent of total billed charges,NA. Covered services not payable under Medicaid Fee Schedules default to a payment of 50 percent of charges.; No services were performed during the 15 month look back period.,636.8778,78,,,,,0,percent of total billed charges,78% of Billed Charges. Lesser of 100% of billed charges applies.; No services were performed during the 15 month look back period.,489.906,60,,,,,0,percent of total billed charges,60 percent of billed charges; No services were performed during the 15 month look back period.,,,,,,,,Other,"Not Payable. ",596.0523,73,,,,,0,percent of total billed charges,73 percent of billed charges; No services were performed during the 15 month look back period.,,,,,,,,Other,"Not Payable. ",,,,,,,,Other,"Not Payable. ",636.8778,78,,,,,0,percent of total billed charges,78% of Billed Charges. Lesser of 100% of billed charges applies.; No services were performed during the 15 month look back period.,,,,,,,,Fee Schedule,100% Medicaid Fee Schedule. Lesser of 100% of billed charges applies.,,,,,,,,Fee Schedule,100% Medicaid Fee Schedule. Lesser of 100% of billed charges applies.,,,,,,,,Fee schedule,"90 Percent of Medicare RBRVS. ",,,,,,,,Fee schedule,"90 Percent of Medicare RBRVS. ",596.0523,73,,,,,0,percent of total billed charges,73 percent of billed charges; No services were performed during the 15 month look back period.,596.0523,73,,,,,0,percent of total billed charges,73 percent of billed charges; No services were performed during the 15 month look back period.,,,,,,,,Other,"100 Percent of Medicaid APG. Not APG payable, or payable under another fee schedule like ASP/AWP pays at 30% of charges",596.0523,73,,,,,0,percent of total billed charges,73 percent of billed charges; No services were performed during the 15 month look back period.,,,,,,,,Other,"100 Percent of Medicaid APG. Not APG payable, or payable under another fee schedule like ASP/AWP pays at 30% of charges",,,,,,,,Other,"Not Payable. ",596.0523,73,,,,,0,percent of total billed charges,73 percent of billed charges; No services were performed during the 15 month look back period.,636.8778,78,,,,,0,percent of total billed charges,78% of Billed Charges. Lesser of 100% of billed charges applies.; No services were performed during the 15 month look back period.,,,,,,,,Other,"100 Percent of Medicaid APG. If not priced under APG, then Metroplus FeeSched",,,,,,,,Other,"100 Percent of Medicaid APG. If not priced under APG, then Metroplus FeeSched",636.8778,78,,,,,0,percent of total billed charges,78% of Billed Charges. Lesser of 100% of billed charges applies.; No services were performed during the 15 month look back period.,350.05,,,,,,,Fee Schedule,"150 % 2018 Cigna RBRVS fee schedule. ",,,,,,,,Fee Schedule,"100 % Fee Schedule Default PPR. ",,,,,,,,Fee Schedule,"100 % Fee Schedule Default PPR. ",636.8778,78,,,,,0,percent of total billed charges,78% of Billed Charges. Lesser of 100% of billed charges applies.; No services were performed during the 15 month look back period.,,,,,,,,Other,"Not Payable. ",,,,,,,,Fee Schedule,"100 % Fee Schedule Default PPR. ",,,,,,,,Fee Schedule,"100 % Fee Schedule Default PPR. ",,,,,,,,Fee Schedule,"100 % Fee Schedule Default PPR. ",,,,,,,,Other,"Not Payable. ",,,,,,,,Fee Schedule,"100 % Fee Schedule Default PPR. ",,,,,,,,Fee Schedule,"100 % Fee Schedule Default PPR. ",,,,,,,,Other,"Not Payable. ",408.255,50,,,,,0,percent of total billed charges,50 percent of billed charges; No services were performed during the 15 month look back period.,0.02,,,,,,,Fee Schedule,"238 % BCBS Standard HMO. ",0.02,,,,,,,Fee Schedule,"238 % BCBS Standard HMO. ",0.02,,,,,,,Fee Schedule,"238 % BCBS Standard HMO. ",0.02,,,,,,,Fee Schedule,"238 % BCBS Standard HMO. ",0.02,,,,,,,Fee Schedule,"238 % BCBS Standard HMO. ",0.02,,,,,,,Fee Schedule,"238 % BCBS Standard HMO. ",,,,,,,,Other,"Not Payable. ",,,,,,,,Other,"Not Payable. ",0.02,,,,,,,Fee Schedule,"238 % BCBS Standard HMO. ",636.8778,78,,,,,0,percent of total billed charges,78% of Billed Charges. Lesser of 100% of billed charges applies.; No services were performed during the 15 month look back period.,636.8778,78,,,,,0,percent of total billed charges,78% of Billed Charges. Lesser of 100% of billed charges applies.; No services were performed during the 15 month look back period.,636.8778,78,,,,,0,percent of total billed charges,78% of Billed Charges. Lesser of 100% of billed charges applies.; No services were performed during the 15 month look back period.,636.8778,78,,,,,0,percent of total billed charges,78% of Billed Charges. Lesser of 100% of billed charges applies.; No services were performed during the 15 month look back period.,636.8778,78,,,,,0,percent of total billed charges,78% of Billed Charges. Lesser of 100% of billed charges applies.; No services were performed during the 15 month look back period.,636.8778,78,,,,,0,percent of total billed charges,78% of Billed Charges. Lesser of 100% of billed charges applies.; No services were performed during the 15 month look back period.,636.8778,78,,,,,0,percent of total billed charges,78% of Billed Charges. Lesser of 100% of billed charges applies.; No services were performed during the 15 month look back period.,636.8778,78,,,,,0,percent of total billed charges,78% of Billed Charges. Lesser of 100% of billed charges applies.; No services were performed during the 15 month look back period.,636.8778,78,,,,,0,percent of total billed charges,78% of Billed Charges. Lesser of 100% of billed charges applies.; No services were performed during the 15 month look back period.,636.8778,78,,,,,0,percent of total billed charges,78% of Billed Charges. Lesser of 100% of billed charges applies.; No services were performed during the 15 month look back period.,636.8778,78,,,,,0,percent of total billed charges,78% of Billed Charges. Lesser of 100% of billed charges applies.; No services were performed during the 15 month look back period.,636.8778,78,,,,,0,percent of total billed charges,78% of Billed Charges. Lesser of 100% of billed charges applies.; No services were performed during the 15 month look back period.,636.8778,78,,,,,0,percent of total billed charges,78% of Billed Charges. Lesser of 100% of billed charges applies.; No services were performed during the 15 month look back period.,636.8778,78,,,,,0,percent of total billed charges,78% of Billed Charges. Lesser of 100% of billed charges applies.; No services were performed during the 15 month look back period.,636.8778,78,,,,,0,percent of total billed charges,78% of Billed Charges. Lesser of 100% of billed charges applies.; No services were performed during the 15 month look back period.,636.8778,78,,,,,0,percent of total billed charges,78% of Billed Charges. Lesser of 100% of billed charges applies.; No services were performed during the 15 month look back period.,636.8778,78,,,,,0,percent of total billed charges,78% of Billed Charges. Lesser of 100% of billed charges applies.; No services were performed during the 15 month look back period.,636.8778,78,,,,,0,percent of total billed charges,78% of Billed Charges. Lesser of 100% of billed charges applies.; No services were performed during the 15 month look back period.,636.8778,78,,,,,0,percent of total billed charges,78% of Billed Charges. Lesser of 100% of billed charges applies.; No services were performed during the 15 month look back period.,636.8778,78,,,,,0,percent of total billed charges,78% of Billed Charges. Lesser of 100% of billed charges applies.; No services were performed during the 15 month look back period.,636.8778,78,,,,,0,percent of total billed charges,78% of Billed Charges. Lesser of 100% of billed charges applies.; No services were performed during the 15 month look back period.,636.8778,78,,,,,0,percent of total billed charges,78% of Billed Charges. Lesser of 100% of billed charges applies.; No services were performed during the 15 month look back period.,636.8778,78,,,,,0,percent of total billed charges,78% of Billed Charges. Lesser of 100% of billed charges applies.; No services were performed during the 15 month look back period.,636.8778,78,,,,,0,percent of total billed charges,78% of Billed Charges. Lesser of 100% of billed charges applies.; No services were performed during the 15 month look back period.,636.8778,78,,,,,0,percent of total billed charges,78% of Billed Charges. Lesser of 100% of billed charges applies.; No services were performed during the 15 month look back period.,636.8778,78,,,,,0,percent of total billed charges,78% of Billed Charges. Lesser of 100% of billed charges applies.; No services were performed during the 15 month look back period.,596.0523,73,,,,,0,percent of total billed charges,73 percent of billed charges; No services were performed during the 15 month look back period.,596.0523,73,,,,,0,percent of total billed charges,73 percent of billed charges; No services were performed during the 15 month look back period.,596.0523,73,,,,,0,percent of total billed charges,73 percent of billed charges; No services were performed during the 15 month look back period.,596.0523,73,,,,,0,percent of total billed charges,73 percent of billed charges; No services were performed during the 15 month look back period.,653.208,80,,,,,0,percent of total billed charges,80 percent of billed charges; No services were performed during the 15 month look back period.,653.208,80,,,,,0,percent of total billed charges,80 percent of billed charges; No services were performed during the 15 month look back period.,350.05,,,,,,,Fee Schedule,"150 % 2018 Cigna RBRVS fee schedule. ",0.02,,,,,,,Fee Schedule,"238 % BCBS Standard HMO. ",,,,,,,,Fee Schedule,"100 % Fee Schedule Default PPR. ",0.02,,,,,,,Fee Schedule,"238 % BCBS Standard HMO. ",636.8778,78,,,,,0,percent of total billed charges,78% of Billed Charges. Lesser of 100% of billed charges applies.; No services were performed during the 15 month look back period.,653.208,80,,,,,0,percent of total billed charges,80 percent of billed charges; No services were performed during the 15 month look back period.,0.02,,,,,,,Fee Schedule,"238 % BCBS Standard HMO. ",,,,,,,,Fee Schedule,"100 % Fee Schedule Default PPR. ",350.05,,,,,,,Fee Schedule,"150 % 2018 Cigna RBRVS fee schedule. ",,,,,,,,,"NA. ",636.8778,78,,,,,0,percent of total billed charges,78% of Billed Charges. Lesser of 100% of billed charges applies.; No services were performed during the 15 month look back period.,,,,,,,,Other,"100 Percent of Medicaid APG. ",596.0523,73,,,,,0,percent of total billed charges,73 percent of billed charges; No services were performed during the 15 month look back period.,,,,,,,,Other,"100 Percent of Medicaid APG. Not APG payable, or payable under another fee schedule like ASP/AWP pays at 30% of charges",,,,,,,,Other,"Not Payable. ",,,,,,,,Other,"Not Payable. ",408.255,50,,,,,0,percent of total billed charges,50 percent of billed charges; No services were performed during the 15 month look back period.,,,,,,,,Other,"Not Payable. ",,,,,,,,Other,"Not Payable. ",,,,,,,,Other,"100 Percent of Medicaid APG. ",,,,,,,,Other,"Not Payable. ",,,,,,,,Other,"Not Payable. ",489.906,60,,,,,0,percent of total billed charges,60 percent of billed charges; No services were performed during the 15 month look back period.,489.906,60,,,,,0,percent of total billed charges,60 percent of billed charges; No services were performed during the 15 month look back period.,,,,,,,,Other,"Not Payable. ",350.05,,,,,,,Fee Schedule,"150 % 2018 Cigna RBRVS fee schedule. ",,,,,,,,Fee Schedule,"100 % Fee Schedule Default PPR. ",,,,,,,,Fee Schedule,"100 % Fee Schedule Default PPR. ",,,,,,,,Other,"Not Payable. ",350.05,,,,,,,Fee Schedule,"150 % 2018 Cigna RBRVS fee schedule. ",489.906,60,,,,,0,percent of total billed charges,60 percent of billed charges; No services were performed during the 15 month look back period.,489.906,60,,,,,0,percent of total billed charges,60 percent of billed charges; No services were performed during the 15 month look back period.,489.906,60,,,,,0,percent of total billed charges,60 percent of billed charges; No services were performed during the 15 month look back period.,636.8778,78,,,,,0,percent of total billed charges,78% of Billed Charges. Lesser of 100% of billed charges applies.; No services were performed during the 15 month look back period.,636.8778,78,,,,,0,percent of total billed charges,78% of Billed Charges. Lesser of 100% of billed charges applies.; No services were performed during the 15 month look back period.,636.8778,78,,,,,0,percent of total billed charges,78% of Billed Charges. Lesser of 100% of billed charges applies.; No services were performed during the 15 month look back period.,636.8778,78,,,,,0,percent of total billed charges,78% of Billed Charges. Lesser of 100% of billed charges applies.; No services were performed during the 15 month look back period.,636.8778,78,,,,,0,percent of total billed charges,78% of Billed Charges. Lesser of 100% of billed charges applies.; No services were performed during the 15 month look back period.,636.8778,78,,,,,0,percent of total billed charges,78% of Billed Charges. Lesser of 100% of billed charges applies.; No services were performed during the 15 month look back period.,636.8778,78,,,,,0,percent of total billed charges,78% of Billed Charges. Lesser of 100% of billed charges applies.; No services were performed during the 15 month look back period.,636.8778,78,,,,,0,percent of total billed charges,78% of Billed Charges. Lesser of 100% of billed charges applies.; No services were performed during the 15 month look back period.,636.8778,78,,,,,0,percent of total billed charges,78% of Billed Charges. Lesser of 100% of billed charges applies.; No services were performed during the 15 month look back period.,636.8778,78,,,,,0,percent of total billed charges,78% of Billed Charges. Lesser of 100% of billed charges applies.; No services were performed during the 15 month look back period.,636.8778,78,,,,,0,percent of total billed charges,78% of Billed Charges. Lesser of 100% of billed charges applies.; No services were performed during the 15 month look back period.,653.208,80,,,,,0,percent of total billed charges,80 percent of billed charges; No services were performed during the 15 month look back period.,0.02,,,,,,,Fee Schedule,"238 % BCBS Standard HMO. ",350.05,,,,,,,Fee Schedule,"150 % 2018 Cigna RBRVS fee schedule. ",,,,,,,,Other,"Not Payable. ",489.906,60,,,,,0,percent of total billed charges,60 percent of billed charges; No services were performed during the 15 month look back period.,350.05,,,,,,,Fee Schedule,"150 % 2018 Cigna RBRVS fee schedule. ",350.05,,,,,,,Fee Schedule,"150 % 2018 Cigna RBRVS fee schedule. ",636.8778,78,,,,,0,percent of total billed charges,78% of Billed Charges. Lesser of 100% of billed charges applies.; No services were performed during the 15 month look back period.,,,,,,,,Other,"Not payable. ",350.05,,,,,,,Fee Schedule,"150 % 2018 Cigna RBRVS fee schedule. ",,,,,,,,Other,"100 Percent of Medicaid APG. ",,,,,,,,Other,"Not Payable. ",,,,,,,,Other,"Not Payable. ",,,,,,,,Other,"Not Payable. ",,,,,,,,Other,"Not Payable. ",,,,,,,,Other,"Not Payable. ",,,,,,,,Other,"Not Payable. ",350.05,,,,,,,Fee Schedule,"150 % 2018 Cigna RBRVS fee schedule. ",408.255,50,,,,,0,percent of total billed charges,50 percent of billed charges; No services were performed during the 15 month look back period.,8.1651,1,,,,,0,percent of total billed charges,NA. ; No services were performed during the 15 month look back period.,8.1651,1,,,,,0,percent of total billed charges,NA. ; No services were performed during the 15 month look back period.,8.1651,1,,,,,0,percent of total billed charges,NA. ; No services were performed during the 15 month look back period.,8.1651,1,,,,,0,percent of total billed charges,NA. ; No services were performed during the 15 month look back period.,8.1651,1,,,,,0,percent of total billed charges,NA. ; No services were performed during the 15 month look back period.,,,,,,,,,"NA. ",408.255,50,,,,,0,percent of total billed charges,50 percent of billed charges; No services were performed during the 15 month look back period.,,,,,,,,Fee Schedule,"Not Payable. ",,,,,,,,Fee Schedule,"Not Payable. ",,,,,,,,Fee Schedule,"Not Payable. ",,,,,,,,Fee Schedule,"Not Payable. ",,,,,,,,Fee Schedule,"Not Payable. ",,,,,,,,Other,"Not Payable. ",653.208,80,,,,,0,percent of total billed charges,80 percent of billed charges; No services were performed during the 15 month look back period.,653.208,80,,,,,0,percent of total billed charges,80 percent of billed charges; No services were performed during the 15 month look back period.,653.208,80,,,,,0,percent of total billed charges,80 percent of billed charges; No services were performed during the 15 month look back period.,653.208,80,,,,,0,percent of total billed charges,80 percent of billed charges; No services were performed during the 15 month look back period.,489.906,60,,,,,0,percent of total billed charges,60 percent of billed charges; No services were performed during the 15 month look back period.,489.906,60,,,,,0,percent of total billed charges,60 percent of billed charges; No services were performed during the 15 month look back period.,489.906,60,,,,,0,percent of total billed charges,60 percent of billed charges; No services were performed during the 15 month look back period.,489.906,60,,,,,0,percent of total billed charges,60 percent of billed charges; No services were performed during the 15 month look back period.,408.255,50,,,,,0,percent of total billed charges,50 percent of billed charges; No services were performed during the 15 month look back period.,408.255,50,,,,,0,percent of total billed charges,50 percent of billed charges; No services were performed during the 15 month look back period.,,,,,,,,Other,"Not Payable. ",,,,,,,,Other,"Not Payable. ",,,,,,,,Other,"Not Payable. ",0.02,,,,,,,Fee Schedule,"238 % BCBS Standard HMO. ",0.02,,,,,,,Fee Schedule,"238 % BCBS Standard HMO. ",0.02,,,,,,,Fee Schedule,"238 % BCBS Standard HMO. ",408.255,50,,,,,0,percent of total billed charges,50 percent of billed charges; No services were performed during the 15 month look back period.,489.906,60,,,,,0,percent of total billed charges,60 percent of billed charges; No services were performed during the 15 month look back period.,,,,,,,,Other,"Not Payable. ",0.02,,,,,,,Fee Schedule,"238 % BCBS Standard HMO. ",,,,,,,,Other,"100 Percent of Medicaid APG. ",,,,,,,,Other,"Not Payable. ",,,,,,,,Other,"Not Payable. ",,,,,,,,Other,"Not Payable. ",,,,,,,,Fee schedule,"90 Percent of Medicare RBRVS. ",,,,,,,,Fee Schedule,225% of NYS APG. Lesser of 100% of billed charges applies.,,,,,,,,Fee Schedule,225% of NYS APG. Lesser of 100% of billed charges applies.,,,,,,,,Fee Schedule,225% of NYS APG. Lesser of 100% of billed charges applies.,,,,,,,,Fee Schedule,225% of NYS APG. Lesser of 100% of billed charges applies.,,,,,,,,Fee Schedule,225% of NYS APG. Lesser of 100% of billed charges applies.,,,,,,,,Other,"Not Payable. ",,,,,,,,Other,"100 Percent of Medicaid APG. ",,,,,,,,Fee Schedule,100% Medicaid Fee Schedule. Lesser of 100% of billed charges applies.,,,,,,,,Fee Schedule,225% of NYS APG. Lesser of 100% of billed charges applies.,,,,,,,,Fee Schedule,225% of NYS APG. Lesser of 100% of billed charges applies.,,,,,,,,Fee Schedule,100% Medicaid Fee Schedule. Lesser of 100% of billed charges applies.,,,,,,,,Fee Schedule,100% Medicaid Fee Schedule. Lesser of 100% of billed charges applies.,8.1651,1,,,,,0,percent of total billed charges,NA. ; No services were performed during the 15 month look back period.,,,,,,,,Other,"Not Payable. ",,,,,,,,Other,"Not Payable. ",489.906,60,,,,,0,percent of total billed charges,60 percent of billed charges; No services were performed during the 15 month look back period.,,,,,,,,Other,"Not Payable. ",,,,,,,,Fee Schedule,"225 Percent of Medicaid APG. ",,,,,,,,Fee Schedule,"225 Percent of Medicaid APG. ",,,,,,,,Fee schedule,"90 Percent of Medicare RBRVS. ",,,,,,,,Fee schedule,"90 Percent of Medicare RBRVS. ",,,,,,,,Case Rate,Not Payable. Covered services not payable under Medicaid Fee Schedules default to a payment of 87.5 percent of charges.,8.1651,1,,,,,0,percent of total billed charges,NA. Covered services not payable under Medicaid Fee Schedules default to a payment of 50 percent of charges.; No services were performed during the 15 month look back period.,,,,,,,,Other,"100 Percent of Medicaid APG. ",,,,,,,,Other,"100 Percent of Medicaid APG. ",,,,,,,,Other,"100 Percent of Medicaid APG. ",,,,,,,,Other,"100 Percent of Medicaid APG. ",,,,,,,,,,408.255,50,,,,,0,percent of total billed charges,50 percent of billed charges; No services were performed during the 15 month look back period.,,,,,,,,Other,"120 Percent of Medicaid APG. Not APG payable, or payable under another fee schedule like ASP/AWP pays at 30% of charges",,,,,,,,Other,"120 Percent of Medicaid APG. Not APG payable, or payable under another fee schedule like ASP/AWP pays at 30% of charges",,,,,,,,Other,"100 Percent of Medicaid APG. Not APG payable, or payable under another fee schedule like ASP/AWP pays at 30% of charges",,,,,,,,Other,"100 Percent of Medicaid APG. Not APG payable, or payable under another fee schedule like ASP/AWP pays at 30% of charges",0.02,,,,,,,Fee Schedule,"238 % BCBS Standard HMO. ",0.02,,,,,,,Fee Schedule,"238 % BCBS Standard HMO. ",,,,,,,,Other,"Not Payable. ",0.02,,,,,,,Fee Schedule,"238 % BCBS Standard HMO. ",0.02,,,,,,,Fee Schedule,"238 % BCBS Standard HMO. ",0.02,,,,,,,Fee Schedule,"238 % BCBS Standard HMO. ",0.02,,,,,,,Fee Schedule,"238 % BCBS Standard HMO. ",,,,,,,,Other,"Not Payable. ",0.02,,,,,,,Fee Schedule,"238 % BCBS Standard HMO. ",0.02,,,,,,,Fee Schedule,"238 % BCBS Standard HMO. ",489.906,60,,,,,0,percent of total billed charges,60 percent of billed charges; No services were performed during the 15 month look back period.,,,,,,,,Fee Schedule,110% of APG. Lesser of 100% of billed charges applies.,8.1651,1,,,,,0,percent of total billed charges,NA. Covered services not payable under Medicaid Fee Schedules default to a payment of 50 percent of charges.; No services were performed during the 15 month look back period.,,,,,,,,Fee Schedule,225% of NYS APG. Lesser of 100% of billed charges applies.,,,,,,,,Case Rate,Not Payable. Covered services not payable under Medicaid Fee Schedules default to a payment of 87.5 percent of charges.,8.1651,1,,,,,0,percent of total billed charges,NA. Covered services not payable under Medicaid Fee Schedules default to a payment of 50 percent of charges.; No services were performed during the 15 month look back period.,,,,,,,,Fee Schedule,225% of NYS APG. Lesser of 100% of billed charges applies.,,,,,,,,Fee Schedule,225% of NYS APG. Lesser of 100% of billed charges applies.,,,,,,,,Fee Schedule,225% of NYS APG. Lesser of 100% of billed charges applies.,,,,,,,,Fee Schedule,225% of NYS APG. Lesser of 100% of billed charges applies.,,,,,,,,Fee Schedule,225% of NYS APG. Lesser of 100% of billed charges applies.,,,,,,,,Fee Schedule,225% of NYS APG. Lesser of 100% of billed charges applies.,,,,,,,,,"NA. ",,,,,,,,,"NA. ",,,,,,,,,"NA. ",350.05,,,,,,,Fee Schedule,"150 % 2018 Cigna RBRVS fee schedule. ",,,,,,,,,"NA. ",,,,,,,,Other,"Not Payable. ",408.255,50,,,,,0,percent of total billed charges,50% of Billed Charges. Lesser of 100% of billed charges applies.; No services were performed during the 15 month look back period.,,,,,,,,Other,"Not Payable. ",,,,,,,,Other,"Not Payable. ",,,,,,,,Other,"120 Percent of Medicaid APG. Not APG payable, or payable under another fee schedule like ASP/AWP pays at 30% of charges",,,,,,,,Other,"120 Percent of Medicaid APG. Not APG payable, or payable under another fee schedule like ASP/AWP pays at 30% of charges",,,,,,,,Other,"100 Percent of Medicaid APG. Not APG payable, or payable under another fee schedule like ASP/AWP pays at 30% of charges",,,,,,,,Other,"100 Percent of Medicaid APG. Not APG payable, or payable under another fee schedule like ASP/AWP pays at 30% of charges",,,,,,,,Other,"100 Percent of Medicaid APG. ",596.0523,73,,,,,0,percent of total billed charges,73 percent of billed charges; No services were performed during the 15 month look back period.,489.906,60,,,,,0,percent of total billed charges,60 percent of billed charges; No services were performed during the 15 month look back period.,596.0523,73,,,,,0,percent of total billed charges,73 percent of billed charges; No services were performed during the 15 month look back period.,350.05,,,,,,,Fee Schedule,"150 % 2018 Cigna RBRVS fee schedule. ",,,,,,,,Other,"Not Payable. ",,,,,,,,Other,"Not Payable. ",,,,,,,,Other,"Not Payable. ",,,,,,,,Other,"Not Payable. ",,,,,,,,Other,"Not Payable. ",,,,,,,,Other,"Not Payable. ",,,,,,,,,"NA. ",,,,,,,,Fee Schedule,225% of NYS APG. Lesser of 100% of billed charges applies.,,,,,,,,Fee Schedule,100% Medicaid Fee Schedule. Lesser of 100% of billed charges applies.,0.02,,,,,,,Fee Schedule,"238 % BCBS Standard HMO. ",596.0523,73,,,,,0,percent of total billed charges,73 percent of billed charges; No services were performed during the 15 month look back period.,596.0523,73,,,,,0,percent of total billed charges,73 percent of billed charges; No services were performed during the 15 month look back period.,596.0523,73,,,,,0,percent of total billed charges,73 percent of billed charges; No services were performed during the 15 month look back period.,596.0523,73,,,,,0,percent of total billed charges,73 percent of billed charges; No services were performed during the 15 month look back period.,,,,,,,,Other,"Not Payable. ",,,,,,,,Other,"100 Percent of Medicaid APG. ",0.02,,,,,,,Fee Schedule,"238 % BCBS Standard HMO. ",,,,,,,,Other,"100 Percent of Medicaid APG. ",,,,,,,,Other,"Not Payable. ",,,,,,,,Other,"100 Percent of Medicaid APG. ",,,,,,,,Other,"Not Payable. ",,,,,,,,Other,"Not Payable. ",,,,,,,,Other,"100 Percent of Medicaid APG. ",,,,,,,,Other,"100 Percent of Medicaid APG. ",596.0523,73,,,,,0,percent of total billed charges,73 percent of billed charges; No services were performed during the 15 month look back period.,350.05,,,,,,,Fee Schedule,"150 % 2018 Cigna RBRVS fee schedule. ",636.8778,78,,,,,0,percent of total billed charges,78% of Billed Charges. Lesser of 100% of billed charges applies.; No services were performed during the 15 month look back period.,,,,,,,,Fee Schedule,"100 % Fee Schedule Default PPR. ",,,,,,,,Fee Schedule,"100 % Fee Schedule Default PPR. ",489.906,60,,,,,0,percent of total billed charges,60 percent of billed charges; No services were performed during the 15 month look back period.,,,,,,,,Other,"Not Payable. ",653.208,80,,,,,0,percent of total billed charges,80 percent of billed charges; No services were performed during the 15 month look back period.,653.208,80,,,,,0,percent of total billed charges,80 percent of billed charges; No services were performed during the 15 month look back period.,0.02,,,,,,,Fee Schedule,"190.4 % BCBS Standard HMO. ",0.02,,,,,,,Fee Schedule,"190.4 % BCBS Standard HMO. ",,,,,,,,Other,"Not Payable. ",,,,,,,,Other,"Not Payable. ",,,,,,,,Other,"Not Payable. ",,,,,,,,Other,"Not Payable. ",,,,,,,,Fee Schedule,"100 % Fee Schedule Default PPR. ",0.02,,,,,,,Fee Schedule,"238 % BCBS Standard HMO. ",0.02,,,,,,,Fee Schedule,"238 % BCBS Standard HMO. ",,,,,,,,Other,"Not Payable. ",0.02,,,,,,,Fee Schedule,"190.4 % BCBS Standard HMO. ",596.0523,73,,,,,0,percent of total billed charges,73 percent of billed charges; No services were performed during the 15 month look back period.,,,,,,,,Fee Schedule,"120 Percent of Medicaid APG. ",,,,,,,,Other,"100 Percent of Medicaid APG. ",596.0523,73,,,,,0,percent of total billed charges,73 percent of billed charges; No services were performed during the 15 month look back period.,0.02,,,,,,,Fee Schedule,"214.2 % BCBS Standard HMO. ",0.02,,,,,,,Fee Schedule,"214.2 % BCBS Standard HMO. ",0.02,,,,,,,Fee Schedule,"238 % BCBS Standard HMO. ",408.255,50,,,,,0,percent of total billed charges,50 percent of billed charges; No services were performed during the 15 month look back period.,,,,,,,,Other,"Not Payable. ",,,,,,,,Fee Schedule,"Not payable. ",,,,,,,,Fee Schedule,"Not payable. ",,,,,,,,Fee Schedule,"Not payable. ",,,,,,,,Fee Schedule,"Not payable. ",,,,,,,,Fee Schedule,"100 % Fee Schedule Default PPR. ",,,,,,,,Fee Schedule,"Not payable. ",,,,,,,,Fee Schedule,"Not payable. ",,,,,,,,Fee Schedule,"Not payable. ",,,,,,,,Fee Schedule,"Not payable. ",,,,,,,,Fee Schedule,"Not payable. ",,,,,,,,Fee Schedule,"Not payable. ",,,,,,,,Fee Schedule,"Not payable. ",,,,,,,,Other,"Not Payable. ",,,,,,,,Fee Schedule,"100 % Fee Schedule Default PPR. ",,,,,,,,Other,"Not Payable. ",,,,,,,,Fee Schedule,"Not payable. ",0.02,,,,,,,Fee Schedule,"238 % BCBS Standard HMO. ",,,,,,,,Other,"Not Payable. ",0.02,,,,,,,Fee Schedule,"238 % BCBS Standard HMO. ",0.02,,,,,,,Fee Schedule,"238 % BCBS Standard HMO. ",0.02,,,,,,,Fee Schedule,"238 % BCBS Standard HMO. ",,,,,,,,Fee Schedule,"Not payable. ",,,,,,,,Other,"Not Payable. ",0.02,,,,,,,Fee Schedule,"238 % BCBS Standard HMO. ",,,,,,,,Fee Schedule,"Not payable. ",0.02,,,,,,,Fee Schedule,"238 % BCBS Standard HMO. ",,,,,,,,Other,"Not Payable. ",,,,,,,,Other,"Not Payable. ",596.0523,73,,,,,0,percent of total billed charges,73 percent of billed charges; No services were performed during the 15 month look back period.,596.0523,73,,,,,0,percent of total billed charges,73 percent of billed charges; No services were performed during the 15 month look back period.,596.0523,73,,,,,0,percent of total billed charges,73 percent of billed charges; No services were performed during the 15 month look back period.,596.0523,73,,,,,0,percent of total billed charges,73 percent of billed charges; No services were performed during the 15 month look back period.,596.0523,73,,,,,0,percent of total billed charges,73 percent of billed charges; No services were performed during the 15 month look back period.,596.0523,73,,,,,0,percent of total billed charges,73 percent of billed charges; No services were performed during the 15 month look back period.,596.0523,73,,,,,0,percent of total billed charges,73 percent of billed charges; No services were performed during the 15 month look back period.,596.0523,73,,,,,0,percent of total billed charges,73 percent of billed charges; No services were performed during the 15 month look back period.,596.0523,73,,,,,0,percent of total billed charges,73 percent of billed charges; No services were performed during the 15 month look back period.,596.0523,73,,,,,0,percent of total billed charges,73 percent of billed charges; No services were performed during the 15 month look back period.,596.0523,73,,,,,0,percent of total billed charges,73 percent of billed charges; No services were performed during the 15 month look back period.,596.0523,73,,,,,0,percent of total billed charges,73 percent of billed charges; No services were performed during the 15 month look back period.,,,,,,,,Other,"Not Payable. ",596.0523,73,,,,,0,percent of total billed charges,73 percent of billed charges; No services were performed during the 15 month look back period.,,,,,,,,Other,"Not Payable. ",,,,,,,,Other,"225 Percent of Medicaid APG. If not included in Medicaid APG, then 100 Percent of Manhattan Medicare",,,,,,,,Other,"100 Percent of Medicaid APG. If not priced under APG, then Metroplus FeeSched",,,,,,,,Fee Schedule,"100 % Fee Schedule Default PPR. ",,,,,,,,Fee Schedule,"100 % Fee Schedule Default PPR. ",,,,,,,,Other,"Not Payable. ",653.208,80,,,,,0,percent of total billed charges,80 percent of billed charges; No services were performed during the 15 month look back period.,,,,,,,,Other,"Not Payable. ",,,,,,,,Other,"Not Payable. ",489.906,60,,,,,0,percent of total billed charges,60 percent of billed charges; No services were performed during the 15 month look back period.,,,,,,,,Other,"Not Payable. ",350.05,,,,,,,Fee Schedule,"150 % 2018 Cigna RBRVS fee schedule. ",,,,,,,,Other,"Not Payable. ",350.05,,,,,,,Fee Schedule,"150 % 2018 Cigna RBRVS fee schedule. ",489.906,60,,,,,0,percent of total billed charges,60 percent of billed charges; No services were performed during the 15 month look back period.,350.05,,,,,,,Fee Schedule,"150 % 2018 Cigna RBRVS fee schedule. ",,,,,,,,Other,"Not Payable. ",,,,,,,,Other,"100 Percent of Medicaid APG. ",,,,,,,,Other,"Not Payable. ",350.05,,,,,,,Fee Schedule,"150 % 2018 Cigna RBRVS fee schedule. ",,,,,,,,Fee Schedule,"100 % Fee Schedule Default PPR. ",,,,,,,,Other,"100 Percent of Medicaid APG. ",0.02,,,,,,,Fee Schedule,"238 % BCBS Standard HMO. ",,,,,,,,Fee Schedule,"120 Percent of Medicaid APG. ",,,,,,,,Fee Schedule,"120 Percent of Medicaid APG. ",0.02,,,,,,,Fee Schedule,"238 % BCBS Standard HMO. ",0.02,,,,,,,Fee Schedule,"238 % BCBS Standard HMO. ",0.02,,,,,,,Fee Schedule,"238 % BCBS Standard HMO. ",,,,,,,,Fee Schedule,"100 % Fee Schedule Default PPR. ",0.02,,,,,,,Fee Schedule,"238 % BCBS Standard HMO. ",0.02,,,,,,,Fee Schedule,"238 % BCBS Standard HMO. ",0.02,,,,,,,Fee Schedule,"238 % BCBS Standard HMO. ",596.0523,73,,,,,0,percent of total billed charges,73 percent of billed charges; No services were performed during the 15 month look back period.,596.0523,73,,,,,0,percent of total billed charges,73 percent of billed charges; No services were performed during the 15 month look back period.,,,,,,,,Fee Schedule,"Not Payable. ",,,,,,,,Other,"100 Percent of Medicaid APG. ",,,,,,,,Fee Schedule,"100 % Fee Schedule Default PPR. ",350.05,,,,,,,Fee Schedule,"150 % 2018 Cigna RBRVS fee schedule. ",489.906,60,,,,,0,percent of total billed charges,60 percent of billed charges; No services were performed during the 15 month look back period.,,,,,,,,Fee Schedule,"100 % Fee Schedule Default PPR. ",489.906,60,,,,,0,percent of total billed charges,60 percent of billed charges; No services were performed during the 15 month look back period.,,,,,,,,Fee Schedule,"100 % Fee Schedule Default PPR. ",0.02,,,,,,,Fee Schedule,"238 % BCBS Standard HMO. ",0.02,,,,,,,Fee Schedule,"238 % BCBS Standard HMO. ",0.02,,,,,,,Fee Schedule,"238 % BCBS Standard HMO. ",0.02,,,,,,,Fee Schedule,"238 % BCBS Standard HMO. ",,,,,,,,Other,"Not Payable. ",0.02,816.51,
82017,CPT,2021333,LOCAL,300,RC,"HC ACYLCARNITINES, QUANT",123.62,20.24,both,,,,30,,,,,,,Fee Schedule,"100 % 1199 Fee Schedule. ",30,,,,,,,Fee Schedule,"100 % 1199 Fee Schedule. ",42.34,,,,,,,Fee Schedule,"250.978067575578 % Medicare Physician FS TC Rates Only. ",123.62,100,,,,,0,percent of total billed charges,100 percent of billed charges. ; No services were performed during the 15 month look back period.,16.87,,,,,,,Fee Schedule,"100% Medicare Lab FS. ",42.34,,,,,,,Fee Schedule,"250.978067575578 % Medicare Physician FS TC Rates Only. ",42.34,,,,,,,Fee Schedule,"250.978067575578 % Medicare Physician FS TC Rates Only. ",42.34,,,,,,,Fee Schedule,"250.978067575578 % Medicare Physician FS TC Rates Only. ",90.5,,,,,,,Case Rate,"100 Percent of Medicaid APG. ",75.42,,,,,,,Case Rate,"100 Percent of Medicaid APG. ",96.4236,78,,,,,0,percent of total billed charges,78% of Billed Charges. Lesser of 100% of billed charges applies.; No services were performed during the 15 month look back period.,18.74,,,,,,,Fee Schedule,"100 % 2019 CMS Clinical Lab National Limit Pub 20190115. ",75.42,,,,,,,Case Rate,"100 Percent of Medicaid APG. ",16.87,,,,,,,Fee Schedule,"100% Medicare Lab FS. ",36.96,,,,,,,Fee Schedule,"150 % 2018 Cigna RBRVS fee schedule. ",36.96,,,,,,,Fee Schedule,"150 % 2018 Cigna RBRVS fee schedule. ",36.96,,,,,,,Fee Schedule,"150 % 2018 Cigna RBRVS fee schedule. ",36.96,,,,,,,Fee Schedule,"150 % 2018 Cigna RBRVS fee schedule. ",15.18,,,,,,,Fee schedule,90 Percent of Medicare Laboratory. Covered services not payable under Medicaid Fee Schedules default to a payment of 50 percent of charges.,16.87,,,,,,,Fee Schedule,"100% Medicare Lab FS. ",15.18,,,,,,,Fee schedule,90 Percent of Medicare Laboratory. Covered services not payable under Medicaid Fee Schedules default to a payment of 50 percent of charges.,96.4236,78,,,,,0,percent of total billed charges,78% of Billed Charges. Lesser of 100% of billed charges applies.; No services were performed during the 15 month look back period.,42.34,,,,,,,Fee Schedule,"250.978067575578 % Medicare Physician FS TC Rates Only. ",16.87,,,,,,,Fee Schedule,"100% Medicare Lab FS. ",43.02,,,,,,,Fee Schedule,"255 % Medicare RBRVS. ",16.87,,,,,,,Fee Schedule,"100% Medicare Lab FS. ",16.87,,,,,,,Fee Schedule,"100% Medicare Lab FS. ",96.4236,78,,,,,0,percent of total billed charges,78% of Billed Charges. Lesser of 100% of billed charges applies.; No services were performed during the 15 month look back period.,16.87,,,,,,,Fee Schedule,100% Medicaid Fee Schedule. Lesser of 100% of billed charges applies.,16.87,,,,,,,Fee Schedule,100% Medicaid Fee Schedule. Lesser of 100% of billed charges applies.,15.18,,,,,,,Fee schedule,"90 Percent of Medicare RBRVS. ",15.18,,,,,,,Fee schedule,"90 Percent of Medicare RBRVS. ",43.02,,,,,,,Fee Schedule,"255 % Medicare RBRVS. ",43.02,,,,,,,Fee Schedule,"255 % Medicare RBRVS. ",75.42,,,,,,,Case Rate,"100 Percent of Medicaid APG. Not APG payable, or payable under another fee schedule like ASP/AWP pays at 30% of charges",43.02,,,,,,,Fee Schedule,"255 % Medicare RBRVS. ",75.42,,,,,,,Case Rate,"100 Percent of Medicaid APG. Not APG payable, or payable under another fee schedule like ASP/AWP pays at 30% of charges",16.87,,,,,,,Fee Schedule,"100% Medicare Lab FS. ",43.02,,,,,,,Fee Schedule,"255 % Medicare RBRVS. ",96.4236,78,,,,,0,percent of total billed charges,78% of Billed Charges. Lesser of 100% of billed charges applies.; No services were performed during the 15 month look back period.,75.42,,,,,,,Case Rate,"100 Percent of Medicaid APG. If not priced under APG, then Metroplus FeeSched",75.42,,,,,,,Case Rate,"100 Percent of Medicaid APG. If not priced under APG, then Metroplus FeeSched",96.4236,78,,,,,0,percent of total billed charges,78% of Billed Charges. Lesser of 100% of billed charges applies.; No services were performed during the 15 month look back period.,36.96,,,,,,,Fee Schedule,"150 % 2018 Cigna RBRVS fee schedule. ",18.74,,,,,,,Fee Schedule,"100 % 2019 CMS Clinical Lab National Limit Pub 20190115. ",18.74,,,,,,,Fee Schedule,"100 % 2019 CMS Clinical Lab National Limit Pub 20190115. ",96.4236,78,,,,,0,percent of total billed charges,78% of Billed Charges. Lesser of 100% of billed charges applies.; No services were performed during the 15 month look back period.,16.87,,,,,,,Fee Schedule,"100% Medicare Lab FS. ",18.74,,,,,,,Fee Schedule,"100 % 2019 CMS Clinical Lab National Limit Pub 20190115. ",18.74,,,,,,,Fee Schedule,"100 % 2019 CMS Clinical Lab National Limit Pub 20190115. ",18.74,,,,,,,Fee Schedule,"100 % 2019 CMS Clinical Lab National Limit Pub 20190115. ",16.87,,,,,,,Fee Schedule,"100% Medicare Lab FS. ",18.74,,,,,,,Fee Schedule,"100 % 2019 CMS Clinical Lab National Limit Pub 20190115. ",18.74,,,,,,,Fee Schedule,"100 % 2019 CMS Clinical Lab National Limit Pub 20190115. ",16.87,,,,,,,Fee Schedule,"100% of Medicare Lab FS. ",61.81,50,,,,,0,percent of total billed charges,50 percent of billed charges; No services were performed during the 15 month look back period.,47.15,,,,,,,Fee Schedule,"238 % 2013 Manhattan Medicare. ",47.15,,,,,,,Fee Schedule,"238 % 2013 Manhattan Medicare. ",47.15,,,,,,,Fee Schedule,"238 % 2013 Manhattan Medicare. ",47.15,,,,,,,Fee Schedule,"238 % 2013 Manhattan Medicare. ",47.15,,,,,,,Fee Schedule,"238 % 2013 Manhattan Medicare. ",47.15,,,,,,,Fee Schedule,"238 % 2013 Manhattan Medicare. ",16.87,,,,,,,Fee Schedule,"100% Medicare Lab FS. ",16.87,,,,,,,Fee Schedule,"100% Medicare Lab FS. ",47.15,,,,,,,Fee Schedule,"238 % 2013 Manhattan Medicare. ",96.4236,78,,,,,0,percent of total billed charges,78% of Billed Charges. Lesser of 100% of billed charges applies.; No services were performed during the 15 month look back period.,96.4236,78,,,,,0,percent of total billed charges,78% of Billed Charges. Lesser of 100% of billed charges applies.; No services were performed during the 15 month look back period.,96.4236,78,,,,,0,percent of total billed charges,78% of Billed Charges. Lesser of 100% of billed charges applies.; No services were performed during the 15 month look back period.,96.4236,78,,,,,0,percent of total billed charges,78% of Billed Charges. Lesser of 100% of billed charges applies.; No services were performed during the 15 month look back period.,96.4236,78,,,,,0,percent of total billed charges,78% of Billed Charges. Lesser of 100% of billed charges applies.; No services were performed during the 15 month look back period.,96.4236,78,,,,,0,percent of total billed charges,78% of Billed Charges. Lesser of 100% of billed charges applies.; No services were performed during the 15 month look back period.,96.4236,78,,,,,0,percent of total billed charges,78% of Billed Charges. Lesser of 100% of billed charges applies.; No services were performed during the 15 month look back period.,96.4236,78,,,,,0,percent of total billed charges,78% of Billed Charges. Lesser of 100% of billed charges applies.; No services were performed during the 15 month look back period.,96.4236,78,,,,,0,percent of total billed charges,78% of Billed Charges. Lesser of 100% of billed charges applies.; No services were performed during the 15 month look back period.,96.4236,78,,,,,0,percent of total billed charges,78% of Billed Charges. Lesser of 100% of billed charges applies.; No services were performed during the 15 month look back period.,96.4236,78,,,,,0,percent of total billed charges,78% of Billed Charges. Lesser of 100% of billed charges applies.; No services were performed during the 15 month look back period.,96.4236,78,,,,,0,percent of total billed charges,78% of Billed Charges. Lesser of 100% of billed charges applies.; No services were performed during the 15 month look back period.,96.4236,78,,,,,0,percent of total billed charges,78% of Billed Charges. Lesser of 100% of billed charges applies.; No services were performed during the 15 month look back period.,96.4236,78,,,,,0,percent of total billed charges,78% of Billed Charges. Lesser of 100% of billed charges applies.; No services were performed during the 15 month look back period.,96.4236,78,,,,,0,percent of total billed charges,78% of Billed Charges. Lesser of 100% of billed charges applies.; No services were performed during the 15 month look back period.,96.4236,78,,,,,0,percent of total billed charges,78% of Billed Charges. Lesser of 100% of billed charges applies.; No services were performed during the 15 month look back period.,96.4236,78,,,,,0,percent of total billed charges,78% of Billed Charges. Lesser of 100% of billed charges applies.; No services were performed during the 15 month look back period.,96.4236,78,,,,,0,percent of total billed charges,78% of Billed Charges. Lesser of 100% of billed charges applies.; No services were performed during the 15 month look back period.,96.4236,78,,,,,0,percent of total billed charges,78% of Billed Charges. Lesser of 100% of billed charges applies.; No services were performed during the 15 month look back period.,96.4236,78,,,,,0,percent of total billed charges,78% of Billed Charges. Lesser of 100% of billed charges applies.; No services were performed during the 15 month look back period.,96.4236,78,,,,,0,percent of total billed charges,78% of Billed Charges. Lesser of 100% of billed charges applies.; No services were performed during the 15 month look back period.,96.4236,78,,,,,0,percent of total billed charges,78% of Billed Charges. Lesser of 100% of billed charges applies.; No services were performed during the 15 month look back period.,96.4236,78,,,,,0,percent of total billed charges,78% of Billed Charges. Lesser of 100% of billed charges applies.; No services were performed during the 15 month look back period.,96.4236,78,,,,,0,percent of total billed charges,78% of Billed Charges. Lesser of 100% of billed charges applies.; No services were performed during the 15 month look back period.,96.4236,78,,,,,0,percent of total billed charges,78% of Billed Charges. Lesser of 100% of billed charges applies.; No services were performed during the 15 month look back period.,96.4236,78,,,,,0,percent of total billed charges,78% of Billed Charges. Lesser of 100% of billed charges applies.; No services were performed during the 15 month look back period.,43.02,,,,,,,Fee Schedule,"255 % Medicare RBRVS. ",43.02,,,,,,,Fee Schedule,"255 % Medicare RBRVS. ",43.02,,,,,,,Fee Schedule,"255 % Medicare RBRVS. ",43.02,,,,,,,Fee Schedule,"255 % Medicare RBRVS. ",32.56,,,,,,,Fee Schedule,"193 % Medicare RBRVS. ",32.56,,,,,,,Fee Schedule,"193 % Medicare RBRVS. ",36.96,,,,,,,Fee Schedule,"150 % 2018 Cigna RBRVS fee schedule. ",47.15,,,,,,,Fee Schedule,"238 % 2013 Manhattan Medicare. ",18.74,,,,,,,Fee Schedule,"100 % 2019 CMS Clinical Lab National Limit Pub 20190115. ",47.15,,,,,,,Fee Schedule,"238 % 2013 Manhattan Medicare. ",96.4236,78,,,,,0,percent of total billed charges,78% of Billed Charges. Lesser of 100% of billed charges applies.; No services were performed during the 15 month look back period.,32.56,,,,,,,Fee Schedule,"193 % Medicare RBRVS. ",47.15,,,,,,,Fee Schedule,"238 % 2013 Manhattan Medicare. ",18.74,,,,,,,Fee Schedule,"100 % 2019 CMS Clinical Lab National Limit Pub 20190115. ",36.96,,,,,,,Fee Schedule,"150 % 2018 Cigna RBRVS fee schedule. ",,,,,,,,,"NA. ",96.4236,78,,,,,0,percent of total billed charges,78% of Billed Charges. Lesser of 100% of billed charges applies.; No services were performed during the 15 month look back period.,75.42,,,,,,,Case Rate,"100 Percent of Medicaid APG. ",43.02,,,,,,,Fee Schedule,"255 % Medicare RBRVS. ",75.42,,,,,,,Case Rate,"100 Percent of Medicaid APG. Not APG payable, or payable under another fee schedule like ASP/AWP pays at 30% of charges",16.87,,,,,,,Fee Schedule,"100% Medicare Lab FS. ",16.87,,,,,,,Fee Schedule,"100% Medicare Lab FS. ",61.81,50,,,,,0,percent of total billed charges,50 percent of billed charges; No services were performed during the 15 month look back period.,16.87,,,,,,,Fee Schedule,"100% Medicare Lab FS. ",16.87,,,,,,,Fee Schedule,"100% Medicare Lab FS. ",75.42,,,,,,,Case Rate,"100 Percent of Medicaid APG. ",16.87,,,,,,,Fee Schedule,"100% Medicare Lab FS. ",16.87,,,,,,,Fee Schedule,"100% Medicare Lab FS. ",42.34,,,,,,,Fee Schedule,"250.978067575578 % Medicare Physician FS TC Rates Only. ",42.34,,,,,,,Fee Schedule,"250.978067575578 % Medicare Physician FS TC Rates Only. ",16.87,,,,,,,Fee Schedule,"100% Medicare Lab FS. ",36.96,,,,,,,Fee Schedule,"150 % 2018 Cigna RBRVS fee schedule. ",18.74,,,,,,,Fee Schedule,"100 % 2019 CMS Clinical Lab National Limit Pub 20190115. ",18.74,,,,,,,Fee Schedule,"100 % 2019 CMS Clinical Lab National Limit Pub 20190115. ",16.87,,,,,,,Fee Schedule,"100% Medicare Lab FS. ",36.96,,,,,,,Fee Schedule,"150 % 2018 Cigna RBRVS fee schedule. ",42.34,,,,,,,Fee Schedule,"250.978067575578 % Medicare Physician FS TC Rates Only. ",42.34,,,,,,,Fee Schedule,"250.978067575578 % Medicare Physician FS TC Rates Only. ",42.34,,,,,,,Fee Schedule,"250.978067575578 % Medicare Physician FS TC Rates Only. ",96.4236,78,,,,,0,percent of total billed charges,78% of Billed Charges. Lesser of 100% of billed charges applies.; No services were performed during the 15 month look back period.,96.4236,78,,,,,0,percent of total billed charges,78% of Billed Charges. Lesser of 100% of billed charges applies.; No services were performed during the 15 month look back period.,96.4236,78,,,,,0,percent of total billed charges,78% of Billed Charges. Lesser of 100% of billed charges applies.; No services were performed during the 15 month look back period.,96.4236,78,,,,,0,percent of total billed charges,78% of Billed Charges. Lesser of 100% of billed charges applies.; No services were performed during the 15 month look back period.,96.4236,78,,,,,0,percent of total billed charges,78% of Billed Charges. Lesser of 100% of billed charges applies.; No services were performed during the 15 month look back period.,96.4236,78,,,,,0,percent of total billed charges,78% of Billed Charges. Lesser of 100% of billed charges applies.; No services were performed during the 15 month look back period.,96.4236,78,,,,,0,percent of total billed charges,78% of Billed Charges. Lesser of 100% of billed charges applies.; No services were performed during the 15 month look back period.,96.4236,78,,,,,0,percent of total billed charges,78% of Billed Charges. Lesser of 100% of billed charges applies.; No services were performed during the 15 month look back period.,96.4236,78,,,,,0,percent of total billed charges,78% of Billed Charges. Lesser of 100% of billed charges applies.; No services were performed during the 15 month look back period.,96.4236,78,,,,,0,percent of total billed charges,78% of Billed Charges. Lesser of 100% of billed charges applies.; No services were performed during the 15 month look back period.,96.4236,78,,,,,0,percent of total billed charges,78% of Billed Charges. Lesser of 100% of billed charges applies.; No services were performed during the 15 month look back period.,32.56,,,,,,,Fee Schedule,"193 % Medicare RBRVS. ",47.15,,,,,,,Fee Schedule,"238 % 2013 Manhattan Medicare. ",36.96,,,,,,,Fee Schedule,"150 % 2018 Cigna RBRVS fee schedule. ",16.87,,,,,,,Fee Schedule,"100% Medicare Lab FS. ",42.34,,,,,,,Fee Schedule,"250.978067575578 % Medicare Physician FS TC Rates Only. ",36.96,,,,,,,Fee Schedule,"150 % 2018 Cigna RBRVS fee schedule. ",36.96,,,,,,,Fee Schedule,"150 % 2018 Cigna RBRVS fee schedule. ",96.4236,78,,,,,0,percent of total billed charges,78% of Billed Charges. Lesser of 100% of billed charges applies.; No services were performed during the 15 month look back period.,161.39,,,,,,,Case Rate,"141 Percent of current Medicare RBRVS FeeSched. ",36.96,,,,,,,Fee Schedule,"150 % 2018 Cigna RBRVS fee schedule. ",75.42,,,,,,,Case Rate,"100 Percent of Medicaid APG. ",16.87,,,,,,,Fee Schedule,"100% Medicare Lab FS. ",16.87,,,,,,,Fee Schedule,"100% Medicare Lab FS. ",16.87,,,,,,,Fee Schedule,"100% Medicare Lab FS. ",16.87,,,,,,,Fee Schedule,"100% Medicare Lab FS. ",16.87,,,,,,,Fee Schedule,"100% Medicare Lab FS. ",16.87,,,,,,,Fee Schedule,"100% Medicare Lab FS. ",36.96,,,,,,,Fee Schedule,"150 % 2018 Cigna RBRVS fee schedule. ",61.81,50,,,,,0,percent of total billed charges,50 percent of billed charges; No services were performed during the 15 month look back period.,26.99,,,,,,,Fee Schedule,"160 Percent of Medicare Laboratory. ",26.99,,,,,,,Fee Schedule,"160 Percent of Medicare Laboratory. ",26.99,,,,,,,Fee Schedule,"160 Percent of Medicare Laboratory. ",26.99,,,,,,,Fee Schedule,"160 Percent of Medicare Laboratory. ",26.99,,,,,,,Fee Schedule,"160 Percent of Medicare Laboratory. ",,,,,,,,,"NA. ",61.81,50,,,,,0,percent of total billed charges,50 percent of billed charges; No services were performed during the 15 month look back period.,23.79,,,,,,,Fee Schedule,141 Percent of of Medicare Lab FS. Metroplus will reimburse unlisted codes and described codes with no Medicare rate at 50 percent of charges.,23.79,,,,,,,Fee Schedule,141 Percent of of Medicare Lab FS. Metroplus will reimburse unlisted codes and described codes with no Medicare rate at 50 percent of charges.,23.79,,,,,,,Fee Schedule,141 Percent of of Medicare Lab FS. Metroplus will reimburse unlisted codes and described codes with no Medicare rate at 50 percent of charges.,23.79,,,,,,,Fee Schedule,141 Percent of of Medicare Lab FS. Metroplus will reimburse unlisted codes and described codes with no Medicare rate at 50 percent of charges.,23.79,,,,,,,Fee Schedule,141 Percent of of Medicare Lab FS. Metroplus will reimburse unlisted codes and described codes with no Medicare rate at 50 percent of charges.,16.87,,,,,,,Fee Schedule,"100% Medicare Lab FS. ",32.56,,,,,,,Fee Schedule,"193 % Medicare RBRVS. ",32.56,,,,,,,Fee Schedule,"193 % Medicare RBRVS. ",32.56,,,,,,,Fee Schedule,"193 % Medicare RBRVS. ",32.56,,,,,,,Fee Schedule,"193 % Medicare RBRVS. ",42.34,,,,,,,Fee Schedule,"250.978067575578 % Medicare Physician FS TC Rates Only. ",42.34,,,,,,,Fee Schedule,"250.978067575578 % Medicare Physician FS TC Rates Only. ",42.34,,,,,,,Fee Schedule,"250.978067575578 % Medicare Physician FS TC Rates Only. ",42.34,,,,,,,Fee Schedule,"250.978067575578 % Medicare Physician FS TC Rates Only. ",61.81,50,,,,,0,percent of total billed charges,50 percent of billed charges; No services were performed during the 15 month look back period.,61.81,50,,,,,0,percent of total billed charges,50 percent of billed charges; No services were performed during the 15 month look back period.,16.87,,,,,,,Fee Schedule,"100% Medicare Lab FS. ",16.87,,,,,,,Fee Schedule,"100% Medicare Lab FS. ",16.87,,,,,,,Fee Schedule,"100% Medicare Lab FS. ",47.15,,,,,,,Fee Schedule,"238 % 2013 Manhattan Medicare. ",47.15,,,,,,,Fee Schedule,"238 % 2013 Manhattan Medicare. ",47.15,,,,,,,Fee Schedule,"238 % 2013 Manhattan Medicare. ",61.81,50,,,,,0,percent of total billed charges,50 percent of billed charges; No services were performed during the 15 month look back period.,42.34,,,,,,,Fee Schedule,"250.978067575578 % Medicare Physician FS TC Rates Only. ",16.87,,,,,,,Fee Schedule,"100% Medicare Lab FS. ",47.15,,,,,,,Fee Schedule,"238 % 2013 Manhattan Medicare. ",75.42,,,,,,,Case Rate,"100 Percent of Medicaid APG. ",17.21,,,,,,,Fee Schedule,"102% of Medicare Lab FS. ",17.21,,,,,,,Fee Schedule,"102% of Medicare Lab FS. ",17.21,,,,,,,Fee Schedule,"102% of Medicare Lab FS. ",15.18,,,,,,,Fee schedule,"90 Percent of Medicare RBRVS. ",169.69,,,,,,,Fee Schedule,225% of NYS APG. Lesser of 100% of billed charges applies.,169.69,,,,,,,Fee Schedule,225% of NYS APG. Lesser of 100% of billed charges applies.,169.69,,,,,,,Fee Schedule,225% of NYS APG. Lesser of 100% of billed charges applies.,169.69,,,,,,,Fee Schedule,225% of NYS APG. Lesser of 100% of billed charges applies.,169.69,,,,,,,Fee Schedule,225% of NYS APG. Lesser of 100% of billed charges applies.,17.21,,,,,,,Fee Schedule,"102% of Medicare Lab FS. ",75.42,,,,,,,Case Rate,"100 Percent of Medicaid APG. ",16.87,,,,,,,Fee Schedule,100% Medicaid Fee Schedule. Lesser of 100% of billed charges applies.,169.69,,,,,,,Fee Schedule,225% of NYS APG. Lesser of 100% of billed charges applies.,169.69,,,,,,,Fee Schedule,225% of NYS APG. Lesser of 100% of billed charges applies.,16.87,,,,,,,Fee Schedule,100% Medicaid Fee Schedule. Lesser of 100% of billed charges applies.,16.87,,,,,,,Fee Schedule,100% Medicaid Fee Schedule. Lesser of 100% of billed charges applies.,26.99,,,,,,,Fee Schedule,"160 Percent of Medicare Laboratory. ",16.87,,,,,,,Fee Schedule,"100% Medicare Lab FS. ",16.87,,,,,,,Fee Schedule,"100% Medicare Lab FS. ",42.34,,,,,,,Fee Schedule,"250.978067575578 % Medicare Physician FS TC Rates Only. ",16.87,,,,,,,Fee Schedule,"100% Medicare Lab FS. ",169.69,,,,,,,Fee Schedule,"225 Percent of Medicaid APG. ",169.69,,,,,,,Fee Schedule,"225 Percent of Medicaid APG. ",15.18,,,,,,,Fee schedule,"90 Percent of Medicare RBRVS. ",15.18,,,,,,,Fee schedule,"90 Percent of Medicare RBRVS. ",169.69,,,,,,,Case Rate,225 Percent of Medicaid APG. Covered services not payable under Medicaid Fee Schedules default to a payment of 87.5 percent of charges.,15.18,,,,,,,Fee schedule,90 Percent of Medicare Laboratory. Covered services not payable under Medicaid Fee Schedules default to a payment of 50 percent of charges.,169.69,,,,,,,Case Rate,"100 Percent of Medicaid APG. ",169.69,,,,,,,Case Rate,"100 Percent of Medicaid APG. ",169.69,,,,,,,Case Rate,"100 Percent of Medicaid APG. ",169.69,,,,,,,Case Rate,"100 Percent of Medicaid APG. ",171.91,,,,,,,Fee Schedule,"1019 % Manhattan Facility Rate. ",61.81,50,,,,,0,percent of total billed charges,50 percent of billed charges; No services were performed during the 15 month look back period.,90.5,,,,,,,Case Rate,"120 Percent of Medicaid APG. Not APG payable, or payable under another fee schedule like ASP/AWP pays at 30% of charges",90.5,,,,,,,Case Rate,"120 Percent of Medicaid APG. Not APG payable, or payable under another fee schedule like ASP/AWP pays at 30% of charges",75.42,,,,,,,Case Rate,"100 Percent of Medicaid APG. Not APG payable, or payable under another fee schedule like ASP/AWP pays at 30% of charges",75.42,,,,,,,Case Rate,"100 Percent of Medicaid APG. Not APG payable, or payable under another fee schedule like ASP/AWP pays at 30% of charges",47.15,,,,,,,Fee Schedule,"238 % 2013 Manhattan Medicare. ",47.15,,,,,,,Fee Schedule,"238 % 2013 Manhattan Medicare. ",16.87,,,,,,,Fee Schedule,"100% Medicare Lab FS. ",47.15,,,,,,,Fee Schedule,"238 % 2013 Manhattan Medicare. ",47.15,,,,,,,Fee Schedule,"238 % 2013 Manhattan Medicare. ",47.15,,,,,,,Fee Schedule,"238 % 2013 Manhattan Medicare. ",47.15,,,,,,,Fee Schedule,"238 % 2013 Manhattan Medicare. ",16.87,,,,,,,Fee Schedule,"100% Medicare Lab FS. ",47.15,,,,,,,Fee Schedule,"238 % 2013 Manhattan Medicare. ",47.15,,,,,,,Fee Schedule,"238 % 2013 Manhattan Medicare. ",42.34,,,,,,,Fee Schedule,"250.978067575578 % Medicare Physician FS TC Rates Only. ",82.96,,,,,,,Fee Schedule,110% of APG. Lesser of 100% of billed charges applies.,15.18,,,,,,,Fee schedule,90 Percent of Medicare Laboratory. Covered services not payable under Medicaid Fee Schedules default to a payment of 50 percent of charges.,169.69,,,,,,,Fee Schedule,225% of NYS APG. Lesser of 100% of billed charges applies.,169.69,,,,,,,Case Rate,225 Percent of Medicaid APG. Covered services not payable under Medicaid Fee Schedules default to a payment of 87.5 percent of charges.,15.18,,,,,,,Fee schedule,90 Percent of Medicare Laboratory. Covered services not payable under Medicaid Fee Schedules default to a payment of 50 percent of charges.,169.69,,,,,,,Fee Schedule,225% of NYS APG. Lesser of 100% of billed charges applies.,169.69,,,,,,,Fee Schedule,225% of NYS APG. Lesser of 100% of billed charges applies.,169.69,,,,,,,Fee Schedule,225% of NYS APG. Lesser of 100% of billed charges applies.,169.69,,,,,,,Fee Schedule,225% of NYS APG. Lesser of 100% of billed charges applies.,169.69,,,,,,,Fee Schedule,225% of NYS APG. Lesser of 100% of billed charges applies.,169.69,,,,,,,Fee Schedule,225% of NYS APG. Lesser of 100% of billed charges applies.,,,,,,,,,"NA. ",,,,,,,,,"NA. ",,,,,,,,,"NA. ",36.96,,,,,,,Fee Schedule,"150 % 2018 Cigna RBRVS fee schedule. ",,,,,,,,,"NA. ",16.87,,,,,,,Fee Schedule,"100% Medicare Lab FS. ",30,,,,,,,Fee Schedule,"100 % 1199 Fee Schedule. ",16.87,,,,,,,Fee Schedule,"100% Medicare Lab FS. ",16.87,,,,,,,Fee Schedule,"100% Medicare Lab FS. ",90.5,,,,,,,Case Rate,"120 Percent of Medicaid APG. Not APG payable, or payable under another fee schedule like ASP/AWP pays at 30% of charges",90.5,,,,,,,Case Rate,"120 Percent of Medicaid APG. Not APG payable, or payable under another fee schedule like ASP/AWP pays at 30% of charges",75.42,,,,,,,Case Rate,"100 Percent of Medicaid APG. Not APG payable, or payable under another fee schedule like ASP/AWP pays at 30% of charges",75.42,,,,,,,Case Rate,"100 Percent of Medicaid APG. Not APG payable, or payable under another fee schedule like ASP/AWP pays at 30% of charges",75.42,,,,,,,Case Rate,"100 Percent of Medicaid APG. ",36.61,,,,,,,Fee Schedule,"217 % Medicare RBRVS. ",42.34,,,,,,,Fee Schedule,"250.978067575578 % Medicare Physician FS TC Rates Only. ",43.02,,,,,,,Fee Schedule,"255 % Medicare RBRVS. ",36.96,,,,,,,Fee Schedule,"150 % 2018 Cigna RBRVS fee schedule. ",16.87,,,,,,,Fee Schedule,"100% Medicare Lab FS. ",16.87,,,,,,,Fee Schedule,"100% Medicare Lab FS. ",16.87,,,,,,,Fee Schedule,"100% Medicare Lab FS. ",16.87,,,,,,,Fee Schedule,"100% Medicare Lab FS. ",16.87,,,,,,,Fee Schedule,"100% Medicare Lab FS. ",16.87,,,,,,,Fee Schedule,"100% Medicare Lab FS. ",,,,,,,,,"NA. ",169.69,,,,,,,Fee Schedule,225% of NYS APG. Lesser of 100% of billed charges applies.,16.87,,,,,,,Fee Schedule,100% Medicaid Fee Schedule. Lesser of 100% of billed charges applies.,47.15,,,,,,,Fee Schedule,"238 % 2013 Manhattan Medicare. ",36.61,,,,,,,Fee Schedule,"217 % Medicare RBRVS. ",36.61,,,,,,,Fee Schedule,"217 % Medicare RBRVS. ",36.61,,,,,,,Fee Schedule,"217 % Medicare RBRVS. ",36.61,,,,,,,Fee Schedule,"217 % Medicare RBRVS. ",16.87,,,,,,,Fee Schedule,"100% Medicare Lab FS. ",75.42,,,,,,,Case Rate,"100 Percent of Medicaid APG. ",47.15,,,,,,,Fee Schedule,"238 % 2013 Manhattan Medicare. ",75.42,,,,,,,Case Rate,"100 Percent of Medicaid APG. ",16.87,,,,,,,Fee Schedule,"100% Medicare Lab FS. ",75.42,,,,,,,Case Rate,"100 Percent of Medicaid APG. ",16.87,,,,,,,Fee Schedule,"100% Medicare Lab FS. ",16.87,,,,,,,Fee Schedule,"100% Medicare Lab FS. ",75.42,,,,,,,Case Rate,"100 Percent of Medicaid APG. ",75.42,,,,,,,Case Rate,"100 Percent of Medicaid APG. ",36.61,,,,,,,Fee Schedule,"217 % Medicare RBRVS. ",36.96,,,,,,,Fee Schedule,"150 % 2018 Cigna RBRVS fee schedule. ",96.4236,78,,,,,0,percent of total billed charges,78% of Billed Charges. Lesser of 100% of billed charges applies.; No services were performed during the 15 month look back period.,18.74,,,,,,,Fee Schedule,"100 % 2019 CMS Clinical Lab National Limit Pub 20190115. ",18.74,,,,,,,Fee Schedule,"100 % 2019 CMS Clinical Lab National Limit Pub 20190115. ",42.34,,,,,,,Fee Schedule,"250.978067575578 % Medicare Physician FS TC Rates Only. ",16.53,,,,,,,Fee Schedule,"98% Lab FS. ",32.56,,,,,,,Fee Schedule,"193 % Medicare RBRVS. ",32.56,,,,,,,Fee Schedule,"193 % Medicare RBRVS. ",37.72,,,,,,,Fee Schedule,"190.4 % 2013 Manhattan Medicare. ",37.72,,,,,,,Fee Schedule,"190.4 % 2013 Manhattan Medicare. ",16.87,,,,,,,Fee Schedule,"100% Medicare Lab FS. ",16.87,,,,,,,Fee Schedule,"100% Medicare Lab FS. ",16.87,,,,,,,Fee Schedule,"100% Medicare Lab FS. ",16.87,,,,,,,Fee Schedule,"100% Medicare Lab FS. ",18.74,,,,,,,Fee Schedule,"100 % 2019 CMS Clinical Lab National Limit Pub 20190115. ",47.15,,,,,,,Fee Schedule,"238 % 2013 Manhattan Medicare. ",47.15,,,,,,,Fee Schedule,"238 % 2013 Manhattan Medicare. ",16.87,,,,,,,Fee Schedule,"100% Medicare Lab FS. ",37.72,,,,,,,Fee Schedule,"190.4 % 2013 Manhattan Medicare. ",43.02,,,,,,,Fee Schedule,"255 % Medicare RBRVS. ",90.5,,,,,,,Fee Schedule,"120 Percent of Medicaid APG. ",75.42,,,,,,,Case Rate,"100 Percent of Medicaid APG. ",36.61,,,,,,,Fee Schedule,"217 % Medicare RBRVS. ",42.43,,,,,,,Fee Schedule,"214.2 % 2013 Manhattan Medicare. ",42.43,,,,,,,Fee Schedule,"214.2 % 2013 Manhattan Medicare. ",47.15,,,,,,,Fee Schedule,"238 % 2013 Manhattan Medicare. ",61.81,50,,,,,0,percent of total billed charges,50 percent of billed charges; No services were performed during the 15 month look back period.,16.87,,,,,,,Fee Schedule,"100% Medicare Lab FS. ",79.19,,,,,,,Fee Schedule,105 percent of Medicaid APG. otherwise 105% of Ordered NYS MCD FS or 105% of ASP+6%,79.19,,,,,,,Fee Schedule,105 percent of Medicaid APG. otherwise 105% of Ordered NYS MCD FS or 105% of ASP+6%,79.19,,,,,,,Fee Schedule,105 percent of Medicaid APG. otherwise 105% of Ordered NYS MCD FS or 105% of ASP+6%,101.81,,,,,,,Fee Schedule,135 percent of Medicaid APG. otherwise 135% of Ordered NYS MCD FS or 135% of ASP+6%,18.74,,,,,,,Fee Schedule,"100 % 2019 CMS Clinical Lab National Limit Pub 20190115. ",79.19,,,,,,,Fee Schedule,105 percent of Medicaid APG. otherwise 105% of Ordered NYS MCD FS or 105% of ASP+6%,79.19,,,,,,,Fee Schedule,105 percent of Medicaid APG. otherwise 105% of Ordered NYS MCD FS or 105% of ASP+6%,79.19,,,,,,,Fee Schedule,105 percent of Medicaid APG. otherwise 105% of Ordered NYS MCD FS or 105% of ASP+6%,79.19,,,,,,,Fee Schedule,105 percent of Medicaid APG. otherwise 105% of Ordered NYS MCD FS or 105% of ASP+6%,79.19,,,,,,,Fee Schedule,105 percent of Medicaid APG. otherwise 105% of Ordered NYS MCD FS or 105% of ASP+6%,101.81,,,,,,,Fee Schedule,135 percent of Medicaid APG. otherwise 135% of Ordered NYS MCD FS or 135% of ASP+6%,101.81,,,,,,,Fee Schedule,135 percent of Medicaid APG. otherwise 135% of Ordered NYS MCD FS or 135% of ASP+6%,16.87,,,,,,,Fee Schedule,"100% Medicare Lab FS. ",18.74,,,,,,,Fee Schedule,"100 % 2019 CMS Clinical Lab National Limit Pub 20190115. ",16.87,,,,,,,Fee Schedule,"100% Medicare Lab FS. ",79.19,,,,,,,Fee Schedule,105 percent of Medicaid APG. otherwise 105% of Ordered NYS MCD FS or 105% of ASP+6%,47.15,,,,,,,Fee Schedule,"238 % 2013 Manhattan Medicare. ",16.87,,,,,,,Fee Schedule,"100% Medicare Lab FS. ",47.15,,,,,,,Fee Schedule,"238 % 2013 Manhattan Medicare. ",47.15,,,,,,,Fee Schedule,"238 % 2013 Manhattan Medicare. ",47.15,,,,,,,Fee Schedule,"238 % 2013 Manhattan Medicare. ",79.19,,,,,,,Fee Schedule,105 percent of Medicaid APG. otherwise 105% of Ordered NYS MCD FS or 105% of ASP+6%,16.87,,,,,,,Fee Schedule,"100% Medicare Lab FS. ",47.15,,,,,,,Fee Schedule,"238 % 2013 Manhattan Medicare. ",101.81,,,,,,,Fee Schedule,135 percent of Medicaid APG. otherwise 135% of Ordered NYS MCD FS or 135% of ASP+6%,47.15,,,,,,,Fee Schedule,"238 % 2013 Manhattan Medicare. ",25.3,,,,,,,Fee Schedule,"150% of Medicare Lab FS. ",16.87,,,,,,,Fee Schedule,"100% Medicare Lab FS. ",36.61,,,,,,,Fee Schedule,"217 % Medicare RBRVS. ",36.61,,,,,,,Fee Schedule,"217 % Medicare RBRVS. ",36.61,,,,,,,Fee Schedule,"217 % Medicare RBRVS. ",36.61,,,,,,,Fee Schedule,"217 % Medicare RBRVS. ",36.61,,,,,,,Fee Schedule,"217 % Medicare RBRVS. ",43.02,,,,,,,Fee Schedule,"255 % Medicare RBRVS. ",43.02,,,,,,,Fee Schedule,"255 % Medicare RBRVS. ",36.61,,,,,,,Fee Schedule,"217 % Medicare RBRVS. ",36.61,,,,,,,Fee Schedule,"217 % Medicare RBRVS. ",36.61,,,,,,,Fee Schedule,"217 % Medicare RBRVS. ",36.61,,,,,,,Fee Schedule,"217 % Medicare RBRVS. ",36.61,,,,,,,Fee Schedule,"217 % Medicare RBRVS. ",16.87,,,,,,,Fee Schedule,"100% Medicare Lab FS. ",43.02,,,,,,,Fee Schedule,"255 % Medicare RBRVS. ",16.87,,,,,,,Fee Schedule,"100% Medicare Lab FS. ",169.69,,,,,,,Case Rate,"225 Percent of Medicaid APG. If not included in Medicaid APG, then 100 Percent of Manhattan Medicare",75.42,,,,,,,Case Rate,"100 Percent of Medicaid APG. If not priced under APG, then Metroplus FeeSched",18.74,,,,,,,Fee Schedule,"100 % 2019 CMS Clinical Lab National Limit Pub 20190115. ",18.74,,,,,,,Fee Schedule,"100 % 2019 CMS Clinical Lab National Limit Pub 20190115. ",16.87,,,,,,,Fee Schedule,"100% Medicare Lab FS. ",32.56,,,,,,,Fee Schedule,"193 % Medicare RBRVS. ",16.87,,,,,,,Fee Schedule,"100% Medicare Lab FS. ",16.87,,,,,,,Fee Schedule,"100% Medicare Lab FS. ",42.34,,,,,,,Fee Schedule,"250.978067575578 % Medicare Physician FS TC Rates Only. ",16.87,,,,,,,Fee Schedule,"100% Medicare Lab FS. ",36.96,,,,,,,Fee Schedule,"150 % 2018 Cigna RBRVS fee schedule. ",16.87,,,,,,,Fee Schedule,"100% Medicare Lab FS. ",36.96,,,,,,,Fee Schedule,"150 % 2018 Cigna RBRVS fee schedule. ",42.34,,,,,,,Fee Schedule,"250.978067575578 % Medicare Physician FS TC Rates Only. ",36.96,,,,,,,Fee Schedule,"150 % 2018 Cigna RBRVS fee schedule. ",16.87,,,,,,,Fee Schedule,"100% Medicare Lab FS. ",75.42,,,,,,,Case Rate,"100 Percent of Medicaid APG. ",16.87,,,,,,,Fee Schedule,"100% Medicare Lab FS. ",36.96,,,,,,,Fee Schedule,"150 % 2018 Cigna RBRVS fee schedule. ",18.74,,,,,,,Fee Schedule,"100 % 2019 CMS Clinical Lab National Limit Pub 20190115. ",75.42,,,,,,,Case Rate,"100 Percent of Medicaid APG. ",47.15,,,,,,,Fee Schedule,"238 % 2013 Manhattan Medicare. ",90.5,,,,,,,Fee Schedule,"120 Percent of Medicaid APG. ",90.5,,,,,,,Fee Schedule,"120 Percent of Medicaid APG. ",47.15,,,,,,,Fee Schedule,"238 % 2013 Manhattan Medicare. ",47.15,,,,,,,Fee Schedule,"238 % 2013 Manhattan Medicare. ",47.15,,,,,,,Fee Schedule,"238 % 2013 Manhattan Medicare. ",18.74,,,,,,,Fee Schedule,"100 % 2019 CMS Clinical Lab National Limit Pub 20190115. ",47.15,,,,,,,Fee Schedule,"238 % 2013 Manhattan Medicare. ",47.15,,,,,,,Fee Schedule,"238 % 2013 Manhattan Medicare. ",47.15,,,,,,,Fee Schedule,"238 % 2013 Manhattan Medicare. ",36.61,,,,,,,Fee Schedule,"217 % Medicare RBRVS. ",36.61,,,,,,,Fee Schedule,"217 % Medicare RBRVS. ",23.79,,,,,,,Fee Schedule,141 Percent of of Medicare Lab FS. Metroplus will reimburse unlisted codes and described codes with no Medicare rate at 50 percent of charges.,75.42,,,,,,,Case Rate,"100 Percent of Medicaid APG. ",18.74,,,,,,,Fee Schedule,"100 % 2019 CMS Clinical Lab National Limit Pub 20190115. ",36.96,,,,,,,Fee Schedule,"150 % 2018 Cigna RBRVS fee schedule. ",42.34,,,,,,,Fee Schedule,"250.978067575578 % Medicare Physician FS TC Rates Only. ",18.74,,,,,,,Fee Schedule,"100 % 2019 CMS Clinical Lab National Limit Pub 20190115. ",42.34,,,,,,,Fee Schedule,"250.978067575578 % Medicare Physician FS TC Rates Only. ",18.74,,,,,,,Fee Schedule,"100 % 2019 CMS Clinical Lab National Limit Pub 20190115. ",47.15,,,,,,,Fee Schedule,"238 % 2013 Manhattan Medicare. ",47.15,,,,,,,Fee Schedule,"238 % 2013 Manhattan Medicare. ",47.15,,,,,,,Fee Schedule,"238 % 2013 Manhattan Medicare. ",47.15,,,,,,,Fee Schedule,"238 % 2013 Manhattan Medicare. ",16.87,,,,,,,Fee Schedule,"100% Medicare Lab FS. ",15.18,171.91,
82234,CPT,2027761,LOCAL,301,RC,HC BETA-AMYLOID 1-42 (ABETA 42),2985,,both,,,,1492.5,50,,,,,0,percent of total billed charges,50 percent of billed charges; No services were performed during the 15 month look back period.,1492.5,50,,,,,0,percent of total billed charges,50 percent of billed charges; No services were performed during the 15 month look back period.,,,,,,,,Fee Schedule,"251 % Clab. ",2985,100,,,,,0,percent of total billed charges,100 percent of billed charges; No services were performed during the 15 month look back period.,,,,,,,,Fee Schedule,"100% Medicare Lab FS. ",,,,,,,,Fee Schedule,"251 % Clab. ",,,,,,,,Fee Schedule,"251 % Clab. ",,,,,,,,Fee Schedule,"251 % Clab. ",,,,,,,,Other,"100 Percent of Medicaid APG. ",,,,,,,,Other,"100 Percent of Medicaid APG. ",2328.3,78,,,,,0,percent of total billed charges,78% of Billed Charges. Lesser of 100% of billed charges applies.; No services were performed during the 15 month look back period.,,,,,,,,Fee Schedule,"100 % Fee Schedule Default PPR. ",,,,,,,,Other,"100 Percent of Medicaid APG. ",,,,,,,,Fee Schedule,"100% Medicare Lab FS. ",1791,60,,,,,0,percent of total billed charges,60 percent of billed charges; No services were performed during the 15 month look back period.,1791,60,,,,,0,percent of total billed charges,60 percent of billed charges; No services were performed during the 15 month look back period.,1791,60,,,,,0,percent of total billed charges,60 percent of billed charges; No services were performed during the 15 month look back period.,1791,60,,,,,0,percent of total billed charges,60 percent of billed charges; No services were performed during the 15 month look back period.,2611.875,87.5,,,,,0,percent of total billed charges,87.5 percent of billed charges; No services were performed during the 15 month look back period.,,,,,,,,Fee Schedule,"100% Medicare Lab FS. ",2611.875,87.5,,,,,0,percent of total billed charges,87.5 percent of billed charges; No services were performed during the 15 month look back period.,2328.3,78,,,,,0,percent of total billed charges,78% of Billed Charges. Lesser of 100% of billed charges applies.; No services were performed during the 15 month look back period.,,,,,,,,Fee Schedule,"251 % Clab. ",,,,,,,,Fee Schedule,"100% Medicare Lab FS. ",2179.05,73,,,,,0,percent of total billed charges,73 percent of billed charges; No services were performed during the 15 month look back period.,,,,,,,,Fee Schedule,"100% Medicare Lab FS. ",,,,,,,,Fee Schedule,"100% Medicare Lab FS. ",2328.3,78,,,,,0,percent of total billed charges,78% of Billed Charges. Lesser of 100% of billed charges applies.; No services were performed during the 15 month look back period.,,,,,,,,,,,,,,,,,,,,,,,,,,,,,,,,,,,,,2179.05,73,,,,,0,percent of total billed charges,73 percent of billed charges; No services were performed during the 15 month look back period.,2179.05,73,,,,,0,percent of total billed charges,73 percent of billed charges; No services were performed during the 15 month look back period.,,,,,,,,Other,"100 Percent of Medicaid APG. Not APG payable, or payable under another fee schedule like ASP/AWP pays at 30% of charges",2179.05,73,,,,,0,percent of total billed charges,73 percent of billed charges; No services were performed during the 15 month look back period.,,,,,,,,Other,"100 Percent of Medicaid APG. Not APG payable, or payable under another fee schedule like ASP/AWP pays at 30% of charges",,,,,,,,Fee Schedule,"100% Medicare Lab FS. ",2179.05,73,,,,,0,percent of total billed charges,73 percent of billed charges; No services were performed during the 15 month look back period.,2328.3,78,,,,,0,percent of total billed charges,78% of Billed Charges. Lesser of 100% of billed charges applies.; No services were performed during the 15 month look back period.,,,,,,,,Fee Schedule,"Not payable. ",,,,,,,,Fee Schedule,"Not payable. ",2328.3,78,,,,,0,percent of total billed charges,78% of Billed Charges. Lesser of 100% of billed charges applies.; No services were performed during the 15 month look back period.,1791,60,,,,,0,percent of total billed charges,60 percent of billed charges; No services were performed during the 15 month look back period.,,,,,,,,Fee Schedule,"100 % Fee Schedule Default PPR. ",,,,,,,,Fee Schedule,"100 % Fee Schedule Default PPR. ",2328.3,78,,,,,0,percent of total billed charges,78% of Billed Charges. Lesser of 100% of billed charges applies.; No services were performed during the 15 month look back period.,,,,,,,,Fee Schedule,"100% Medicare Lab FS. ",,,,,,,,Fee Schedule,"100 % Fee Schedule Default PPR. ",,,,,,,,Fee Schedule,"100 % Fee Schedule Default PPR. ",,,,,,,,Fee Schedule,"100 % Fee Schedule Default PPR. ",,,,,,,,Fee Schedule,"100% Medicare Lab FS. ",,,,,,,,Fee Schedule,"100 % Fee Schedule Default PPR. ",,,,,,,,Fee Schedule,"100 % Fee Schedule Default PPR. ",,,,,,,,Fee Schedule,"100% of Medicare Lab FS. ",1492.5,50,,,,,0,percent of total billed charges,50 percent of billed charges; No services were performed during the 15 month look back period.,108.93,,,,,,,Fee Schedule,"238 % BCBS Standard HMO. ",108.93,,,,,,,Fee Schedule,"238 % BCBS Standard HMO. ",108.93,,,,,,,Fee Schedule,"238 % BCBS Standard HMO. ",108.93,,,,,,,Fee Schedule,"238 % BCBS Standard HMO. ",108.93,,,,,,,Fee Schedule,"238 % BCBS Standard HMO. ",108.93,,,,,,,Fee Schedule,"238 % BCBS Standard HMO. ",,,,,,,,Fee Schedule,"100% Medicare Lab FS. ",,,,,,,,Fee Schedule,"100% Medicare Lab FS. ",108.93,,,,,,,Fee Schedule,"238 % BCBS Standard HMO. ",2328.3,78,,,,,0,percent of total billed charges,78% of Billed Charges. Lesser of 100% of billed charges applies.; No services were performed during the 15 month look back period.,2328.3,78,,,,,0,percent of total billed charges,78% of Billed Charges. Lesser of 100% of billed charges applies.; No services were performed during the 15 month look back period.,2328.3,78,,,,,0,percent of total billed charges,78% of Billed Charges. Lesser of 100% of billed charges applies.; No services were performed during the 15 month look back period.,2328.3,78,,,,,0,percent of total billed charges,78% of Billed Charges. Lesser of 100% of billed charges applies.; No services were performed during the 15 month look back period.,2328.3,78,,,,,0,percent of total billed charges,78% of Billed Charges. Lesser of 100% of billed charges applies.; No services were performed during the 15 month look back period.,2328.3,78,,,,,0,percent of total billed charges,78% of Billed Charges. Lesser of 100% of billed charges applies.; No services were performed during the 15 month look back period.,2328.3,78,,,,,0,percent of total billed charges,78% of Billed Charges. Lesser of 100% of billed charges applies.; No services were performed during the 15 month look back period.,2328.3,78,,,,,0,percent of total billed charges,78% of Billed Charges. Lesser of 100% of billed charges applies.; No services were performed during the 15 month look back period.,2328.3,78,,,,,0,percent of total billed charges,78% of Billed Charges. Lesser of 100% of billed charges applies.; No services were performed during the 15 month look back period.,2328.3,78,,,,,0,percent of total billed charges,78% of Billed Charges. Lesser of 100% of billed charges applies.; No services were performed during the 15 month look back period.,2328.3,78,,,,,0,percent of total billed charges,78% of Billed Charges. Lesser of 100% of billed charges applies.; No services were performed during the 15 month look back period.,2328.3,78,,,,,0,percent of total billed charges,78% of Billed Charges. Lesser of 100% of billed charges applies.; No services were performed during the 15 month look back period.,2328.3,78,,,,,0,percent of total billed charges,78% of Billed Charges. Lesser of 100% of billed charges applies.; No services were performed during the 15 month look back period.,2328.3,78,,,,,0,percent of total billed charges,78% of Billed Charges. Lesser of 100% of billed charges applies.; No services were performed during the 15 month look back period.,2328.3,78,,,,,0,percent of total billed charges,78% of Billed Charges. Lesser of 100% of billed charges applies.; No services were performed during the 15 month look back period.,2328.3,78,,,,,0,percent of total billed charges,78% of Billed Charges. Lesser of 100% of billed charges applies.; No services were performed during the 15 month look back period.,2328.3,78,,,,,0,percent of total billed charges,78% of Billed Charges. Lesser of 100% of billed charges applies.; No services were performed during the 15 month look back period.,2328.3,78,,,,,0,percent of total billed charges,78% of Billed Charges. Lesser of 100% of billed charges applies.; No services were performed during the 15 month look back period.,2328.3,78,,,,,0,percent of total billed charges,78% of Billed Charges. Lesser of 100% of billed charges applies.; No services were performed during the 15 month look back period.,2328.3,78,,,,,0,percent of total billed charges,78% of Billed Charges. Lesser of 100% of billed charges applies.; No services were performed during the 15 month look back period.,2328.3,78,,,,,0,percent of total billed charges,78% of Billed Charges. Lesser of 100% of billed charges applies.; No services were performed during the 15 month look back period.,2328.3,78,,,,,0,percent of total billed charges,78% of Billed Charges. Lesser of 100% of billed charges applies.; No services were performed during the 15 month look back period.,2328.3,78,,,,,0,percent of total billed charges,78% of Billed Charges. Lesser of 100% of billed charges applies.; No services were performed during the 15 month look back period.,2328.3,78,,,,,0,percent of total billed charges,78% of Billed Charges. Lesser of 100% of billed charges applies.; No services were performed during the 15 month look back period.,2328.3,78,,,,,0,percent of total billed charges,78% of Billed Charges. Lesser of 100% of billed charges applies.; No services were performed during the 15 month look back period.,2328.3,78,,,,,0,percent of total billed charges,78% of Billed Charges. Lesser of 100% of billed charges applies.; No services were performed during the 15 month look back period.,2179.05,73,,,,,0,percent of total billed charges,73 percent of billed charges; No services were performed during the 15 month look back period.,2179.05,73,,,,,0,percent of total billed charges,73 percent of billed charges; No services were performed during the 15 month look back period.,2179.05,73,,,,,0,percent of total billed charges,73 percent of billed charges; No services were performed during the 15 month look back period.,2179.05,73,,,,,0,percent of total billed charges,73 percent of billed charges; No services were performed during the 15 month look back period.,2388,80,,,,,0,percent of total billed charges,80 percent of billed charges; No services were performed during the 15 month look back period.,2388,80,,,,,0,percent of total billed charges,80 percent of billed charges; No services were performed during the 15 month look back period.,1791,60,,,,,0,percent of total billed charges,60 percent of billed charges; No services were performed during the 15 month look back period.,108.93,,,,,,,Fee Schedule,"238 % BCBS Standard HMO. ",,,,,,,,Fee Schedule,"100 % Fee Schedule Default PPR. ",108.93,,,,,,,Fee Schedule,"238 % BCBS Standard HMO. ",2328.3,78,,,,,0,percent of total billed charges,78% of Billed Charges. Lesser of 100% of billed charges applies.; No services were performed during the 15 month look back period.,2388,80,,,,,0,percent of total billed charges,80 percent of billed charges; No services were performed during the 15 month look back period.,108.93,,,,,,,Fee Schedule,"238 % BCBS Standard HMO. ",,,,,,,,Fee Schedule,"100 % Fee Schedule Default PPR. ",1791,60,,,,,0,percent of total billed charges,60 percent of billed charges; No services were performed during the 15 month look back period.,,,,,,,,,"NA. ",2328.3,78,,,,,0,percent of total billed charges,78% of Billed Charges. Lesser of 100% of billed charges applies.; No services were performed during the 15 month look back period.,,,,,,,,Other,"100 Percent of Medicaid APG. ",2179.05,73,,,,,0,percent of total billed charges,73 percent of billed charges; No services were performed during the 15 month look back period.,,,,,,,,Other,"100 Percent of Medicaid APG. Not APG payable, or payable under another fee schedule like ASP/AWP pays at 30% of charges",,,,,,,,Fee Schedule,"100% Medicare Lab FS. ",,,,,,,,Fee Schedule,"100% Medicare Lab FS. ",1492.5,50,,,,,0,percent of total billed charges,50 percent of billed charges; No services were performed during the 15 month look back period.,,,,,,,,Fee Schedule,"100% Medicare Lab FS. ",,,,,,,,Fee Schedule,"100% Medicare Lab FS. ",,,,,,,,Other,"100 Percent of Medicaid APG. ",,,,,,,,Fee Schedule,"100% Medicare Lab FS. ",,,,,,,,Fee Schedule,"100% Medicare Lab FS. ",,,,,,,,Fee Schedule,"251 % Clab. ",,,,,,,,Fee Schedule,"251 % Clab. ",,,,,,,,Fee Schedule,"100% Medicare Lab FS. ",1791,60,,,,,0,percent of total billed charges,60 percent of billed charges; No services were performed during the 15 month look back period.,,,,,,,,Fee Schedule,"100 % Fee Schedule Default PPR. ",,,,,,,,Fee Schedule,"100 % Fee Schedule Default PPR. ",,,,,,,,Fee Schedule,"100% Medicare Lab FS. ",1791,60,,,,,0,percent of total billed charges,60 percent of billed charges; No services were performed during the 15 month look back period.,,,,,,,,Fee Schedule,"251 % Clab. ",,,,,,,,Fee Schedule,"251 % Clab. ",,,,,,,,Fee Schedule,"251 % Clab. ",2328.3,78,,,,,0,percent of total billed charges,78% of Billed Charges. Lesser of 100% of billed charges applies.; No services were performed during the 15 month look back period.,2328.3,78,,,,,0,percent of total billed charges,78% of Billed Charges. Lesser of 100% of billed charges applies.; No services were performed during the 15 month look back period.,2328.3,78,,,,,0,percent of total billed charges,78% of Billed Charges. Lesser of 100% of billed charges applies.; No services were performed during the 15 month look back period.,2328.3,78,,,,,0,percent of total billed charges,78% of Billed Charges. Lesser of 100% of billed charges applies.; No services were performed during the 15 month look back period.,2328.3,78,,,,,0,percent of total billed charges,78% of Billed Charges. Lesser of 100% of billed charges applies.; No services were performed during the 15 month look back period.,2328.3,78,,,,,0,percent of total billed charges,78% of Billed Charges. Lesser of 100% of billed charges applies.; No services were performed during the 15 month look back period.,2328.3,78,,,,,0,percent of total billed charges,78% of Billed Charges. Lesser of 100% of billed charges applies.; No services were performed during the 15 month look back period.,2328.3,78,,,,,0,percent of total billed charges,78% of Billed Charges. Lesser of 100% of billed charges applies.; No services were performed during the 15 month look back period.,2328.3,78,,,,,0,percent of total billed charges,78% of Billed Charges. Lesser of 100% of billed charges applies.; No services were performed during the 15 month look back period.,2328.3,78,,,,,0,percent of total billed charges,78% of Billed Charges. Lesser of 100% of billed charges applies.; No services were performed during the 15 month look back period.,2328.3,78,,,,,0,percent of total billed charges,78% of Billed Charges. Lesser of 100% of billed charges applies.; No services were performed during the 15 month look back period.,2388,80,,,,,0,percent of total billed charges,80 percent of billed charges; No services were performed during the 15 month look back period.,108.93,,,,,,,Fee Schedule,"238 % BCBS Standard HMO. ",1791,60,,,,,0,percent of total billed charges,60 percent of billed charges; No services were performed during the 15 month look back period.,,,,,,,,Fee Schedule,"100% Medicare Lab FS. ",,,,,,,,Fee Schedule,"251 % Clab. ",1791,60,,,,,0,percent of total billed charges,60 percent of billed charges; No services were performed during the 15 month look back period.,1791,60,,,,,0,percent of total billed charges,60 percent of billed charges; No services were performed during the 15 month look back period.,2328.3,78,,,,,0,percent of total billed charges,78% of Billed Charges. Lesser of 100% of billed charges applies.; No services were performed during the 15 month look back period.,,,,,,,,Other,"Not payable. ",1791,60,,,,,0,percent of total billed charges,60 percent of billed charges; No services were performed during the 15 month look back period.,,,,,,,,Other,"100 Percent of Medicaid APG. ",,,,,,,,Fee Schedule,"100% Medicare Lab FS. ",,,,,,,,Fee Schedule,"100% Medicare Lab FS. ",,,,,,,,Fee Schedule,"100% Medicare Lab FS. ",,,,,,,,Fee Schedule,"100% Medicare Lab FS. ",,,,,,,,Fee Schedule,"100% Medicare Lab FS. ",,,,,,,,Fee Schedule,"100% Medicare Lab FS. ",1791,60,,,,,0,percent of total billed charges,60 percent of billed charges; No services were performed during the 15 month look back period.,1492.5,50,,,,,0,percent of total billed charges,50 percent of billed charges; No services were performed during the 15 month look back period.,,,,,,,,,,,,,,,,,,,,,,,,,,,,,,,,,,,,,,,,,,,,,,,,,,,,,,"NA. ",1492.5,50,,,,,0,percent of total billed charges,50 percent of billed charges; No services were performed during the 15 month look back period.,1492.5,50,,,,,0,percent of total billed charges,50 percent of billed charges; No services were performed during the 15 month look back period.,1492.5,50,,,,,0,percent of total billed charges,50 percent of billed charges; No services were performed during the 15 month look back period.,1492.5,50,,,,,0,percent of total billed charges,50 percent of billed charges; No services were performed during the 15 month look back period.,1492.5,50,,,,,0,percent of total billed charges,50 percent of billed charges; No services were performed during the 15 month look back period.,1492.5,50,,,,,0,percent of total billed charges,50 percent of billed charges; No services were performed during the 15 month look back period.,,,,,,,,Fee Schedule,"100% Medicare Lab FS. ",2388,80,,,,,0,percent of total billed charges,80 percent of billed charges; No services were performed during the 15 month look back period.,2388,80,,,,,0,percent of total billed charges,80 percent of billed charges; No services were performed during the 15 month look back period.,2388,80,,,,,0,percent of total billed charges,80 percent of billed charges; No services were performed during the 15 month look back period.,2388,80,,,,,0,percent of total billed charges,80 percent of billed charges; No services were performed during the 15 month look back period.,,,,,,,,Fee Schedule,"251 % Clab. ",,,,,,,,Fee Schedule,"251 % Clab. ",,,,,,,,Fee Schedule,"251 % Clab. ",,,,,,,,Fee Schedule,"251 % Clab. ",1492.5,50,,,,,0,percent of total billed charges,50 percent of billed charges; No services were performed during the 15 month look back period.,1492.5,50,,,,,0,percent of total billed charges,50 percent of billed charges; No services were performed during the 15 month look back period.,,,,,,,,Fee Schedule,"100% Medicare Lab FS. ",,,,,,,,Fee Schedule,"100% Medicare Lab FS. ",,,,,,,,Fee Schedule,"100% Medicare Lab FS. ",108.93,,,,,,,Fee Schedule,"238 % BCBS Standard HMO. ",108.93,,,,,,,Fee Schedule,"238 % BCBS Standard HMO. ",108.93,,,,,,,Fee Schedule,"238 % BCBS Standard HMO. ",1492.5,50,,,,,0,percent of total billed charges,50 percent of billed charges; No services were performed during the 15 month look back period.,,,,,,,,Fee Schedule,"251 % Clab. ",,,,,,,,Fee Schedule,"100% Medicare Lab FS. ",108.93,,,,,,,Fee Schedule,"238 % BCBS Standard HMO. ",,,,,,,,Other,"100 Percent of Medicaid APG. ",,,,,,,,Fee Schedule,"102% of Medicare Lab FS. ",,,,,,,,Fee Schedule,"102% of Medicare Lab FS. ",,,,,,,,Fee Schedule,"102% of Medicare Lab FS. ",,,,,,,,,,,,,,,,,,,,,,,,,,,,,,,,,,,,,,,,,,,,,,,,,,,,,,,,,,,,,,Fee Schedule,"102% of Medicare Lab FS. ",,,,,,,,Other,"100 Percent of Medicaid APG. ",,,,,,,,,,,,,,,,,,,,,,,,,,,,,,,,,,,,,,,,,,,,,,,,,,,,,,,,,,,,,,Fee Schedule,"100% Medicare Lab FS. ",,,,,,,,Fee Schedule,"100% Medicare Lab FS. ",,,,,,,,Fee Schedule,"251 % Clab. ",,,,,,,,Fee Schedule,"100% Medicare Lab FS. ",,,,,,,,,,,,,,,,,,,,,,,,,,,,,,,,,,,,,2611.875,87.5,,,,,0,percent of total billed charges,87.5 percent of billed charges; No services were performed during the 15 month look back period.,2611.875,87.5,,,,,0,percent of total billed charges,87.5 percent of billed charges; No services were performed during the 15 month look back period.,,,,,,,,Other,"100 Percent of Medicaid APG. ",,,,,,,,Other,"100 Percent of Medicaid APG. ",,,,,,,,Other,"100 Percent of Medicaid APG. ",,,,,,,,Other,"100 Percent of Medicaid APG. ",,,,,,,,,,1492.5,50,,,,,0,percent of total billed charges,50 percent of billed charges; No services were performed during the 15 month look back period.,,,,,,,,Other,"120 Percent of Medicaid APG. Not APG payable, or payable under another fee schedule like ASP/AWP pays at 30% of charges",,,,,,,,Other,"120 Percent of Medicaid APG. Not APG payable, or payable under another fee schedule like ASP/AWP pays at 30% of charges",,,,,,,,Other,"100 Percent of Medicaid APG. Not APG payable, or payable under another fee schedule like ASP/AWP pays at 30% of charges",,,,,,,,Other,"100 Percent of Medicaid APG. Not APG payable, or payable under another fee schedule like ASP/AWP pays at 30% of charges",108.93,,,,,,,Fee Schedule,"238 % BCBS Standard HMO. ",108.93,,,,,,,Fee Schedule,"238 % BCBS Standard HMO. ",,,,,,,,Fee Schedule,"100% Medicare Lab FS. ",108.93,,,,,,,Fee Schedule,"238 % BCBS Standard HMO. ",108.93,,,,,,,Fee Schedule,"238 % BCBS Standard HMO. ",108.93,,,,,,,Fee Schedule,"238 % BCBS Standard HMO. ",108.93,,,,,,,Fee Schedule,"238 % BCBS Standard HMO. ",,,,,,,,Fee Schedule,"100% Medicare Lab FS. ",108.93,,,,,,,Fee Schedule,"238 % BCBS Standard HMO. ",108.93,,,,,,,Fee Schedule,"238 % BCBS Standard HMO. ",,,,,,,,Fee Schedule,"251 % Clab. ",,,,,,,,Fee Schedule,100% APG. Lesser of 100% of billed charges applies.,2611.875,87.5,,,,,0,percent of total billed charges,87.5 percent of billed charges; No services were performed during the 15 month look back period.,,,,,,,,,,2611.875,87.5,,,,,0,percent of total billed charges,87.5 percent of billed charges; No services were performed during the 15 month look back period.,2611.875,87.5,,,,,0,percent of total billed charges,87.5 percent of billed charges; No services were performed during the 15 month look back period.,,,,,,,,,,,,,,,,,,,,,,,,,,,,,,,,,,,,,,,,,,,,,,,,,,,,,,,,,,,,,,,"NA. ",,,,,,,,,"NA. ",,,,,,,,,"NA. ",1791,60,,,,,0,percent of total billed charges,60 percent of billed charges; No services were performed during the 15 month look back period.,,,,,,,,,"NA. ",,,,,,,,Fee Schedule,"100% Medicare Lab FS. ",1492.5,50,,,,,0,percent of total billed charges,50 percent of billed charges; No services were performed during the 15 month look back period.,,,,,,,,Fee Schedule,"100% Medicare Lab FS. ",,,,,,,,Fee Schedule,"100% Medicare Lab FS. ",,,,,,,,Other,"120 Percent of Medicaid APG. Not APG payable, or payable under another fee schedule like ASP/AWP pays at 30% of charges",,,,,,,,Other,"120 Percent of Medicaid APG. Not APG payable, or payable under another fee schedule like ASP/AWP pays at 30% of charges",,,,,,,,Other,"100 Percent of Medicaid APG. Not APG payable, or payable under another fee schedule like ASP/AWP pays at 30% of charges",,,,,,,,Other,"100 Percent of Medicaid APG. Not APG payable, or payable under another fee schedule like ASP/AWP pays at 30% of charges",,,,,,,,Other,"100 Percent of Medicaid APG. ",2179.05,73,,,,,0,percent of total billed charges,73 percent of billed charges; No services were performed during the 15 month look back period.,,,,,,,,Fee Schedule,"251 % Clab. ",2179.05,73,,,,,0,percent of total billed charges,73 percent of billed charges; No services were performed during the 15 month look back period.,1791,60,,,,,0,percent of total billed charges,60 percent of billed charges; No services were performed during the 15 month look back period.,,,,,,,,Fee Schedule,"100% Medicare Lab FS. ",,,,,,,,Fee Schedule,"100% Medicare Lab FS. ",,,,,,,,Fee Schedule,"100% Medicare Lab FS. ",,,,,,,,Fee Schedule,"100% Medicare Lab FS. ",,,,,,,,Fee Schedule,"100% Medicare Lab FS. ",,,,,,,,Fee Schedule,"100% Medicare Lab FS. ",,,,,,,,,"NA. ",,,,,,,,,,,,,,,,,,,108.93,,,,,,,Fee Schedule,"238 % BCBS Standard HMO. ",2179.05,73,,,,,0,percent of total billed charges,73 percent of billed charges; No services were performed during the 15 month look back period.,2179.05,73,,,,,0,percent of total billed charges,73 percent of billed charges; No services were performed during the 15 month look back period.,2179.05,73,,,,,0,percent of total billed charges,73 percent of billed charges; No services were performed during the 15 month look back period.,2179.05,73,,,,,0,percent of total billed charges,73 percent of billed charges; No services were performed during the 15 month look back period.,,,,,,,,Fee Schedule,"100% Medicare Lab FS. ",,,,,,,,Other,"100 Percent of Medicaid APG. ",108.93,,,,,,,Fee Schedule,"238 % BCBS Standard HMO. ",,,,,,,,Other,"100 Percent of Medicaid APG. ",,,,,,,,Fee Schedule,"100% Medicare Lab FS. ",,,,,,,,Other,"100 Percent of Medicaid APG. ",,,,,,,,Fee Schedule,"100% Medicare Lab FS. ",,,,,,,,Fee Schedule,"100% Medicare Lab FS. ",,,,,,,,Other,"100 Percent of Medicaid APG. ",,,,,,,,Other,"100 Percent of Medicaid APG. ",2179.05,73,,,,,0,percent of total billed charges,73 percent of billed charges; No services were performed during the 15 month look back period.,1791,60,,,,,0,percent of total billed charges,60 percent of billed charges; No services were performed during the 15 month look back period.,2328.3,78,,,,,0,percent of total billed charges,78% of Billed Charges. Lesser of 100% of billed charges applies.; No services were performed during the 15 month look back period.,,,,,,,,Fee Schedule,"100 % Fee Schedule Default PPR. ",,,,,,,,Fee Schedule,"100 % Fee Schedule Default PPR. ",,,,,,,,Fee Schedule,"251 % Clab. ",,,,,,,,Fee Schedule,"98% Lab FS. ",2388,80,,,,,0,percent of total billed charges,80 percent of billed charges; No services were performed during the 15 month look back period.,2388,80,,,,,0,percent of total billed charges,80 percent of billed charges; No services were performed during the 15 month look back period.,87.15,,,,,,,Fee Schedule,"190.4 % BCBS Standard HMO. ",87.15,,,,,,,Fee Schedule,"190.4 % BCBS Standard HMO. ",,,,,,,,Fee Schedule,"100% Medicare Lab FS. ",,,,,,,,Fee Schedule,"100% Medicare Lab FS. ",,,,,,,,Fee Schedule,"100% Medicare Lab FS. ",,,,,,,,Fee Schedule,"100% Medicare Lab FS. ",,,,,,,,Fee Schedule,"100 % Fee Schedule Default PPR. ",108.93,,,,,,,Fee Schedule,"238 % BCBS Standard HMO. ",108.93,,,,,,,Fee Schedule,"238 % BCBS Standard HMO. ",,,,,,,,Fee Schedule,"100% Medicare Lab FS. ",87.15,,,,,,,Fee Schedule,"190.4 % BCBS Standard HMO. ",2179.05,73,,,,,0,percent of total billed charges,73 percent of billed charges; No services were performed during the 15 month look back period.,,,,,,,,,,,,,,,,,Other,"100 Percent of Medicaid APG. ",2179.05,73,,,,,0,percent of total billed charges,73 percent of billed charges; No services were performed during the 15 month look back period.,98.04,,,,,,,Fee Schedule,"214.2 % BCBS Standard HMO. ",98.04,,,,,,,Fee Schedule,"214.2 % BCBS Standard HMO. ",108.93,,,,,,,Fee Schedule,"238 % BCBS Standard HMO. ",1492.5,50,,,,,0,percent of total billed charges,50 percent of billed charges; No services were performed during the 15 month look back period.,,,,,,,,Fee Schedule,"100% Medicare Lab FS. ",,,,,,,,Fee Schedule,"Not payable. ",,,,,,,,Fee Schedule,"Not payable. ",,,,,,,,Fee Schedule,"Not payable. ",,,,,,,,Fee Schedule,"Not payable. ",,,,,,,,Fee Schedule,"100 % Fee Schedule Default PPR. ",,,,,,,,Fee Schedule,"Not payable. ",,,,,,,,Fee Schedule,"Not payable. ",,,,,,,,Fee Schedule,"Not payable. ",,,,,,,,Fee Schedule,"Not payable. ",,,,,,,,Fee Schedule,"Not payable. ",,,,,,,,Fee Schedule,"Not payable. ",,,,,,,,Fee Schedule,"Not payable. ",,,,,,,,Fee Schedule,"100% Medicare Lab FS. ",,,,,,,,Fee Schedule,"100 % Fee Schedule Default PPR. ",,,,,,,,Fee Schedule,"100% Medicare Lab FS. ",,,,,,,,Fee Schedule,"Not payable. ",108.93,,,,,,,Fee Schedule,"238 % BCBS Standard HMO. ",,,,,,,,Fee Schedule,"100% Medicare Lab FS. ",108.93,,,,,,,Fee Schedule,"238 % BCBS Standard HMO. ",108.93,,,,,,,Fee Schedule,"238 % BCBS Standard HMO. ",108.93,,,,,,,Fee Schedule,"238 % BCBS Standard HMO. ",,,,,,,,Fee Schedule,"Not payable. ",,,,,,,,Fee Schedule,"100% Medicare Lab FS. ",108.93,,,,,,,Fee Schedule,"238 % BCBS Standard HMO. ",,,,,,,,Fee Schedule,"Not payable. ",108.93,,,,,,,Fee Schedule,"238 % BCBS Standard HMO. ",,,,,,,,Fee Schedule,"150% of Medicare Lab FS. ",,,,,,,,Fee Schedule,"100% Medicare Lab FS. ",2179.05,73,,,,,0,percent of total billed charges,73 percent of billed charges; No services were performed during the 15 month look back period.,2179.05,73,,,,,0,percent of total billed charges,73 percent of billed charges; No services were performed during the 15 month look back period.,2179.05,73,,,,,0,percent of total billed charges,73 percent of billed charges; No services were performed during the 15 month look back period.,2179.05,73,,,,,0,percent of total billed charges,73 percent of billed charges; No services were performed during the 15 month look back period.,2179.05,73,,,,,0,percent of total billed charges,73 percent of billed charges; No services were performed during the 15 month look back period.,2179.05,73,,,,,0,percent of total billed charges,73 percent of billed charges; No services were performed during the 15 month look back period.,2179.05,73,,,,,0,percent of total billed charges,73 percent of billed charges; No services were performed during the 15 month look back period.,2179.05,73,,,,,0,percent of total billed charges,73 percent of billed charges; No services were performed during the 15 month look back period.,2179.05,73,,,,,0,percent of total billed charges,73 percent of billed charges; No services were performed during the 15 month look back period.,2179.05,73,,,,,0,percent of total billed charges,73 percent of billed charges; No services were performed during the 15 month look back period.,2179.05,73,,,,,0,percent of total billed charges,73 percent of billed charges; No services were performed during the 15 month look back period.,2179.05,73,,,,,0,percent of total billed charges,73 percent of billed charges; No services were performed during the 15 month look back period.,,,,,,,,Fee Schedule,"100% Medicare Lab FS. ",2179.05,73,,,,,0,percent of total billed charges,73 percent of billed charges; No services were performed during the 15 month look back period.,,,,,,,,Fee Schedule,"100% Medicare Lab FS. ",,,,,,,,Other,"Not payable. ",,,,,,,,Fee Schedule,"Not payable. ",,,,,,,,Fee Schedule,"100 % Fee Schedule Default PPR. ",,,,,,,,Fee Schedule,"100 % Fee Schedule Default PPR. ",,,,,,,,Fee Schedule,"100% Medicare Lab FS. ",2388,80,,,,,0,percent of total billed charges,80 percent of billed charges; No services were performed during the 15 month look back period.,,,,,,,,Fee Schedule,"100% Medicare Lab FS. ",,,,,,,,Fee Schedule,"100% Medicare Lab FS. ",,,,,,,,Fee Schedule,"251 % Clab. ",,,,,,,,Fee Schedule,"100% Medicare Lab FS. ",1791,60,,,,,0,percent of total billed charges,60 percent of billed charges; No services were performed during the 15 month look back period.,,,,,,,,Fee Schedule,"100% Medicare Lab FS. ",1791,60,,,,,0,percent of total billed charges,60 percent of billed charges; No services were performed during the 15 month look back period.,,,,,,,,Fee Schedule,"251 % Clab. ",1791,60,,,,,0,percent of total billed charges,60 percent of billed charges; No services were performed during the 15 month look back period.,,,,,,,,Fee Schedule,"100% Medicare Lab FS. ",,,,,,,,Other,"100 Percent of Medicaid APG. ",,,,,,,,Fee Schedule,"100% Medicare Lab FS. ",1791,60,,,,,0,percent of total billed charges,60 percent of billed charges; No services were performed during the 15 month look back period.,,,,,,,,Fee Schedule,"100 % Fee Schedule Default PPR. ",,,,,,,,Other,"100 Percent of Medicaid APG. ",108.93,,,,,,,Fee Schedule,"238 % BCBS Standard HMO. ",,,,,,,,,,,,,,,,,,,108.93,,,,,,,Fee Schedule,"238 % BCBS Standard HMO. ",108.93,,,,,,,Fee Schedule,"238 % BCBS Standard HMO. ",108.93,,,,,,,Fee Schedule,"238 % BCBS Standard HMO. ",,,,,,,,Fee Schedule,"100 % Fee Schedule Default PPR. ",108.93,,,,,,,Fee Schedule,"238 % BCBS Standard HMO. ",108.93,,,,,,,Fee Schedule,"238 % BCBS Standard HMO. ",108.93,,,,,,,Fee Schedule,"238 % BCBS Standard HMO. ",2179.05,73,,,,,0,percent of total billed charges,73 percent of billed charges; No services were performed during the 15 month look back period.,2179.05,73,,,,,0,percent of total billed charges,73 percent of billed charges; No services were performed during the 15 month look back period.,1492.5,50,,,,,0,percent of total billed charges,50 percent of billed charges; No services were performed during the 15 month look back period.,,,,,,,,Other,"100 Percent of Medicaid APG. ",,,,,,,,Fee Schedule,"100 % Fee Schedule Default PPR. ",1791,60,,,,,0,percent of total billed charges,60 percent of billed charges; No services were performed during the 15 month look back period.,,,,,,,,Fee Schedule,"251 % Clab. ",,,,,,,,Fee Schedule,"100 % Fee Schedule Default PPR. ",,,,,,,,Fee Schedule,"251 % Clab. ",,,,,,,,Fee Schedule,"100 % Fee Schedule Default PPR. ",108.93,,,,,,,Fee Schedule,"238 % BCBS Standard HMO. ",108.93,,,,,,,Fee Schedule,"238 % BCBS Standard HMO. ",108.93,,,,,,,Fee Schedule,"238 % BCBS Standard HMO. ",108.93,,,,,,,Fee Schedule,"238 % BCBS Standard HMO. ",,,,,,,,Fee Schedule,"100% Medicare Lab FS. ",78.04,2985,
82485,CPT,2021388,LOCAL,300,RC,"HC ASSAY, CHONDROITIN SULFATE",84.95,24.78,both,,,,20,,,,,,,Fee Schedule,"100 % 1199 Fee Schedule. ",20,,,,,,,Fee Schedule,"100 % 1199 Fee Schedule. ",51.83,,,,,,,Fee Schedule,"250.992736077482 % Medicare Physician FS TC Rates Only. ",84.95,100,,,,,0,percent of total billed charges,100 percent of billed charges. ; No services were performed during the 15 month look back period.,20.65,,,,,,,Fee Schedule,"100% Medicare Lab FS. ",51.83,,,,,,,Fee Schedule,"250.992736077482 % Medicare Physician FS TC Rates Only. ",51.83,,,,,,,Fee Schedule,"250.992736077482 % Medicare Physician FS TC Rates Only. ",51.83,,,,,,,Fee Schedule,"250.992736077482 % Medicare Physician FS TC Rates Only. ",108.05,,,,,,,Case Rate,"100 Percent of Medicaid APG. ",90.05,,,,,,,Case Rate,"100 Percent of Medicaid APG. ",66.261,78,,,,,0,percent of total billed charges,78% of Billed Charges. Lesser of 100% of billed charges applies.; No services were performed during the 15 month look back period.,22.95,,,,,,,Fee Schedule,"100 % 2019 CMS Clinical Lab National Limit Pub 20190115. ",90.05,,,,,,,Case Rate,"100 Percent of Medicaid APG. ",20.65,,,,,,,Fee Schedule,"100% Medicare Lab FS. ",45.24,,,,,,,Fee Schedule,"150 % 2018 Cigna RBRVS fee schedule. ",45.24,,,,,,,Fee Schedule,"150 % 2018 Cigna RBRVS fee schedule. ",45.24,,,,,,,Fee Schedule,"150 % 2018 Cigna RBRVS fee schedule. ",45.24,,,,,,,Fee Schedule,"150 % 2018 Cigna RBRVS fee schedule. ",18.59,,,,,,,Fee schedule,90 Percent of Medicare Laboratory. Covered services not payable under Medicaid Fee Schedules default to a payment of 50 percent of charges.,20.65,,,,,,,Fee Schedule,"100% Medicare Lab FS. ",18.59,,,,,,,Fee schedule,90 Percent of Medicare Laboratory. Covered services not payable under Medicaid Fee Schedules default to a payment of 50 percent of charges.,66.261,78,,,,,0,percent of total billed charges,78% of Billed Charges. Lesser of 100% of billed charges applies.; No services were performed during the 15 month look back period.,51.83,,,,,,,Fee Schedule,"250.992736077482 % Medicare Physician FS TC Rates Only. ",20.65,,,,,,,Fee Schedule,"100% Medicare Lab FS. ",52.66,,,,,,,Fee Schedule,"255 % Medicare RBRVS. ",20.65,,,,,,,Fee Schedule,"100% Medicare Lab FS. ",20.65,,,,,,,Fee Schedule,"100% Medicare Lab FS. ",66.261,78,,,,,0,percent of total billed charges,78% of Billed Charges. Lesser of 100% of billed charges applies.; No services were performed during the 15 month look back period.,18.59,,,,,,,Fee Schedule,90 Percent of Medicare RBRVS. Lesser of 100% of billed charges applies.,18.59,,,,,,,Fee Schedule,90 Percent of Medicare RBRVS. Lesser of 100% of billed charges applies.,18.59,,,,,,,Fee schedule,"90 Percent of Medicare RBRVS. ",18.59,,,,,,,Fee schedule,"90 Percent of Medicare RBRVS. ",52.66,,,,,,,Fee Schedule,"255 % Medicare RBRVS. ",52.66,,,,,,,Fee Schedule,"255 % Medicare RBRVS. ",90.05,,,,,,,Case Rate,"100 Percent of Medicaid APG. Not APG payable, or payable under another fee schedule like ASP/AWP pays at 30% of charges",52.66,,,,,,,Fee Schedule,"255 % Medicare RBRVS. ",90.05,,,,,,,Case Rate,"100 Percent of Medicaid APG. Not APG payable, or payable under another fee schedule like ASP/AWP pays at 30% of charges",20.65,,,,,,,Fee Schedule,"100% Medicare Lab FS. ",52.66,,,,,,,Fee Schedule,"255 % Medicare RBRVS. ",66.261,78,,,,,0,percent of total billed charges,78% of Billed Charges. Lesser of 100% of billed charges applies.; No services were performed during the 15 month look back period.,90.05,,,,,,,Case Rate,"100 Percent of Medicaid APG. If not priced under APG, then Metroplus FeeSched",90.05,,,,,,,Case Rate,"100 Percent of Medicaid APG. If not priced under APG, then Metroplus FeeSched",66.261,78,,,,,0,percent of total billed charges,78% of Billed Charges. Lesser of 100% of billed charges applies.; No services were performed during the 15 month look back period.,45.24,,,,,,,Fee Schedule,"150 % 2018 Cigna RBRVS fee schedule. ",22.95,,,,,,,Fee Schedule,"100 % 2019 CMS Clinical Lab National Limit Pub 20190115. ",22.95,,,,,,,Fee Schedule,"100 % 2019 CMS Clinical Lab National Limit Pub 20190115. ",66.261,78,,,,,0,percent of total billed charges,78% of Billed Charges. Lesser of 100% of billed charges applies.; No services were performed during the 15 month look back period.,20.65,,,,,,,Fee Schedule,"100% Medicare Lab FS. ",22.95,,,,,,,Fee Schedule,"100 % 2019 CMS Clinical Lab National Limit Pub 20190115. ",22.95,,,,,,,Fee Schedule,"100 % 2019 CMS Clinical Lab National Limit Pub 20190115. ",22.95,,,,,,,Fee Schedule,"100 % 2019 CMS Clinical Lab National Limit Pub 20190115. ",20.65,,,,,,,Fee Schedule,"100% Medicare Lab FS. ",22.95,,,,,,,Fee Schedule,"100 % 2019 CMS Clinical Lab National Limit Pub 20190115. ",22.95,,,,,,,Fee Schedule,"100 % 2019 CMS Clinical Lab National Limit Pub 20190115. ",20.65,,,,,,,Fee Schedule,"100% of Medicare Lab FS. ",42.475,50,,,,,0,percent of total billed charges,50 percent of billed charges; No services were performed during the 15 month look back period.,46.86,,,,,,,Fee Schedule,"238 % 2013 Manhattan Medicare. ",46.86,,,,,,,Fee Schedule,"238 % 2013 Manhattan Medicare. ",46.86,,,,,,,Fee Schedule,"238 % 2013 Manhattan Medicare. ",46.86,,,,,,,Fee Schedule,"238 % 2013 Manhattan Medicare. ",46.86,,,,,,,Fee Schedule,"238 % 2013 Manhattan Medicare. ",46.86,,,,,,,Fee Schedule,"238 % 2013 Manhattan Medicare. ",20.65,,,,,,,Fee Schedule,"100% Medicare Lab FS. ",20.65,,,,,,,Fee Schedule,"100% Medicare Lab FS. ",46.86,,,,,,,Fee Schedule,"238 % 2013 Manhattan Medicare. ",66.261,78,,,,,0,percent of total billed charges,78% of Billed Charges. Lesser of 100% of billed charges applies.; No services were performed during the 15 month look back period.,66.261,78,,,,,0,percent of total billed charges,78% of Billed Charges. Lesser of 100% of billed charges applies.; No services were performed during the 15 month look back period.,66.261,78,,,,,0,percent of total billed charges,78% of Billed Charges. Lesser of 100% of billed charges applies.; No services were performed during the 15 month look back period.,66.261,78,,,,,0,percent of total billed charges,78% of Billed Charges. Lesser of 100% of billed charges applies.; No services were performed during the 15 month look back period.,66.261,78,,,,,0,percent of total billed charges,78% of Billed Charges. Lesser of 100% of billed charges applies.; No services were performed during the 15 month look back period.,66.261,78,,,,,0,percent of total billed charges,78% of Billed Charges. Lesser of 100% of billed charges applies.; No services were performed during the 15 month look back period.,66.261,78,,,,,0,percent of total billed charges,78% of Billed Charges. Lesser of 100% of billed charges applies.; No services were performed during the 15 month look back period.,66.261,78,,,,,0,percent of total billed charges,78% of Billed Charges. Lesser of 100% of billed charges applies.; No services were performed during the 15 month look back period.,66.261,78,,,,,0,percent of total billed charges,78% of Billed Charges. Lesser of 100% of billed charges applies.; No services were performed during the 15 month look back period.,66.261,78,,,,,0,percent of total billed charges,78% of Billed Charges. Lesser of 100% of billed charges applies.; No services were performed during the 15 month look back period.,66.261,78,,,,,0,percent of total billed charges,78% of Billed Charges. Lesser of 100% of billed charges applies.; No services were performed during the 15 month look back period.,66.261,78,,,,,0,percent of total billed charges,78% of Billed Charges. Lesser of 100% of billed charges applies.; No services were performed during the 15 month look back period.,66.261,78,,,,,0,percent of total billed charges,78% of Billed Charges. Lesser of 100% of billed charges applies.; No services were performed during the 15 month look back period.,66.261,78,,,,,0,percent of total billed charges,78% of Billed Charges. Lesser of 100% of billed charges applies.; No services were performed during the 15 month look back period.,66.261,78,,,,,0,percent of total billed charges,78% of Billed Charges. Lesser of 100% of billed charges applies.; No services were performed during the 15 month look back period.,66.261,78,,,,,0,percent of total billed charges,78% of Billed Charges. Lesser of 100% of billed charges applies.; No services were performed during the 15 month look back period.,66.261,78,,,,,0,percent of total billed charges,78% of Billed Charges. Lesser of 100% of billed charges applies.; No services were performed during the 15 month look back period.,66.261,78,,,,,0,percent of total billed charges,78% of Billed Charges. Lesser of 100% of billed charges applies.; No services were performed during the 15 month look back period.,66.261,78,,,,,0,percent of total billed charges,78% of Billed Charges. Lesser of 100% of billed charges applies.; No services were performed during the 15 month look back period.,66.261,78,,,,,0,percent of total billed charges,78% of Billed Charges. Lesser of 100% of billed charges applies.; No services were performed during the 15 month look back period.,66.261,78,,,,,0,percent of total billed charges,78% of Billed Charges. Lesser of 100% of billed charges applies.; No services were performed during the 15 month look back period.,66.261,78,,,,,0,percent of total billed charges,78% of Billed Charges. Lesser of 100% of billed charges applies.; No services were performed during the 15 month look back period.,66.261,78,,,,,0,percent of total billed charges,78% of Billed Charges. Lesser of 100% of billed charges applies.; No services were performed during the 15 month look back period.,66.261,78,,,,,0,percent of total billed charges,78% of Billed Charges. Lesser of 100% of billed charges applies.; No services were performed during the 15 month look back period.,66.261,78,,,,,0,percent of total billed charges,78% of Billed Charges. Lesser of 100% of billed charges applies.; No services were performed during the 15 month look back period.,66.261,78,,,,,0,percent of total billed charges,78% of Billed Charges. Lesser of 100% of billed charges applies.; No services were performed during the 15 month look back period.,52.66,,,,,,,Fee Schedule,"255 % Medicare RBRVS. ",52.66,,,,,,,Fee Schedule,"255 % Medicare RBRVS. ",52.66,,,,,,,Fee Schedule,"255 % Medicare RBRVS. ",52.66,,,,,,,Fee Schedule,"255 % Medicare RBRVS. ",39.85,,,,,,,Fee Schedule,"193 % Medicare RBRVS. ",39.85,,,,,,,Fee Schedule,"193 % Medicare RBRVS. ",45.24,,,,,,,Fee Schedule,"150 % 2018 Cigna RBRVS fee schedule. ",46.86,,,,,,,Fee Schedule,"238 % 2013 Manhattan Medicare. ",22.95,,,,,,,Fee Schedule,"100 % 2019 CMS Clinical Lab National Limit Pub 20190115. ",46.86,,,,,,,Fee Schedule,"238 % 2013 Manhattan Medicare. ",66.261,78,,,,,0,percent of total billed charges,78% of Billed Charges. Lesser of 100% of billed charges applies.; No services were performed during the 15 month look back period.,39.85,,,,,,,Fee Schedule,"193 % Medicare RBRVS. ",46.86,,,,,,,Fee Schedule,"238 % 2013 Manhattan Medicare. ",22.95,,,,,,,Fee Schedule,"100 % 2019 CMS Clinical Lab National Limit Pub 20190115. ",45.24,,,,,,,Fee Schedule,"150 % 2018 Cigna RBRVS fee schedule. ",,,,,,,,,"NA. ",66.261,78,,,,,0,percent of total billed charges,78% of Billed Charges. Lesser of 100% of billed charges applies.; No services were performed during the 15 month look back period.,90.05,,,,,,,Case Rate,"100 Percent of Medicaid APG. ",52.66,,,,,,,Fee Schedule,"255 % Medicare RBRVS. ",90.05,,,,,,,Case Rate,"100 Percent of Medicaid APG. Not APG payable, or payable under another fee schedule like ASP/AWP pays at 30% of charges",20.65,,,,,,,Fee Schedule,"100% Medicare Lab FS. ",20.65,,,,,,,Fee Schedule,"100% Medicare Lab FS. ",42.475,50,,,,,0,percent of total billed charges,50 percent of billed charges; No services were performed during the 15 month look back period.,20.65,,,,,,,Fee Schedule,"100% Medicare Lab FS. ",20.65,,,,,,,Fee Schedule,"100% Medicare Lab FS. ",90.05,,,,,,,Case Rate,"100 Percent of Medicaid APG. ",20.65,,,,,,,Fee Schedule,"100% Medicare Lab FS. ",20.65,,,,,,,Fee Schedule,"100% Medicare Lab FS. ",51.83,,,,,,,Fee Schedule,"250.992736077482 % Medicare Physician FS TC Rates Only. ",51.83,,,,,,,Fee Schedule,"250.992736077482 % Medicare Physician FS TC Rates Only. ",20.65,,,,,,,Fee Schedule,"100% Medicare Lab FS. ",45.24,,,,,,,Fee Schedule,"150 % 2018 Cigna RBRVS fee schedule. ",22.95,,,,,,,Fee Schedule,"100 % 2019 CMS Clinical Lab National Limit Pub 20190115. ",22.95,,,,,,,Fee Schedule,"100 % 2019 CMS Clinical Lab National Limit Pub 20190115. ",20.65,,,,,,,Fee Schedule,"100% Medicare Lab FS. ",45.24,,,,,,,Fee Schedule,"150 % 2018 Cigna RBRVS fee schedule. ",51.83,,,,,,,Fee Schedule,"250.992736077482 % Medicare Physician FS TC Rates Only. ",51.83,,,,,,,Fee Schedule,"250.992736077482 % Medicare Physician FS TC Rates Only. ",51.83,,,,,,,Fee Schedule,"250.992736077482 % Medicare Physician FS TC Rates Only. ",66.261,78,,,,,0,percent of total billed charges,78% of Billed Charges. Lesser of 100% of billed charges applies.; No services were performed during the 15 month look back period.,66.261,78,,,,,0,percent of total billed charges,78% of Billed Charges. Lesser of 100% of billed charges applies.; No services were performed during the 15 month look back period.,66.261,78,,,,,0,percent of total billed charges,78% of Billed Charges. Lesser of 100% of billed charges applies.; No services were performed during the 15 month look back period.,66.261,78,,,,,0,percent of total billed charges,78% of Billed Charges. Lesser of 100% of billed charges applies.; No services were performed during the 15 month look back period.,66.261,78,,,,,0,percent of total billed charges,78% of Billed Charges. Lesser of 100% of billed charges applies.; No services were performed during the 15 month look back period.,66.261,78,,,,,0,percent of total billed charges,78% of Billed Charges. Lesser of 100% of billed charges applies.; No services were performed during the 15 month look back period.,66.261,78,,,,,0,percent of total billed charges,78% of Billed Charges. Lesser of 100% of billed charges applies.; No services were performed during the 15 month look back period.,66.261,78,,,,,0,percent of total billed charges,78% of Billed Charges. Lesser of 100% of billed charges applies.; No services were performed during the 15 month look back period.,66.261,78,,,,,0,percent of total billed charges,78% of Billed Charges. Lesser of 100% of billed charges applies.; No services were performed during the 15 month look back period.,66.261,78,,,,,0,percent of total billed charges,78% of Billed Charges. Lesser of 100% of billed charges applies.; No services were performed during the 15 month look back period.,66.261,78,,,,,0,percent of total billed charges,78% of Billed Charges. Lesser of 100% of billed charges applies.; No services were performed during the 15 month look back period.,39.85,,,,,,,Fee Schedule,"193 % Medicare RBRVS. ",46.86,,,,,,,Fee Schedule,"238 % 2013 Manhattan Medicare. ",45.24,,,,,,,Fee Schedule,"150 % 2018 Cigna RBRVS fee schedule. ",20.65,,,,,,,Fee Schedule,"100% Medicare Lab FS. ",51.83,,,,,,,Fee Schedule,"250.992736077482 % Medicare Physician FS TC Rates Only. ",45.24,,,,,,,Fee Schedule,"150 % 2018 Cigna RBRVS fee schedule. ",45.24,,,,,,,Fee Schedule,"150 % 2018 Cigna RBRVS fee schedule. ",66.261,78,,,,,0,percent of total billed charges,78% of Billed Charges. Lesser of 100% of billed charges applies.; No services were performed during the 15 month look back period.,192.7,,,,,,,Case Rate,"141 Percent of current Medicare RBRVS FeeSched. ",45.24,,,,,,,Fee Schedule,"150 % 2018 Cigna RBRVS fee schedule. ",90.05,,,,,,,Case Rate,"100 Percent of Medicaid APG. ",20.65,,,,,,,Fee Schedule,"100% Medicare Lab FS. ",20.65,,,,,,,Fee Schedule,"100% Medicare Lab FS. ",20.65,,,,,,,Fee Schedule,"100% Medicare Lab FS. ",20.65,,,,,,,Fee Schedule,"100% Medicare Lab FS. ",20.65,,,,,,,Fee Schedule,"100% Medicare Lab FS. ",20.65,,,,,,,Fee Schedule,"100% Medicare Lab FS. ",45.24,,,,,,,Fee Schedule,"150 % 2018 Cigna RBRVS fee schedule. ",42.475,50,,,,,0,percent of total billed charges,50 percent of billed charges; No services were performed during the 15 month look back period.,33.04,,,,,,,Fee Schedule,"160 Percent of Medicare Laboratory. ",33.04,,,,,,,Fee Schedule,"160 Percent of Medicare Laboratory. ",33.04,,,,,,,Fee Schedule,"160 Percent of Medicare Laboratory. ",33.04,,,,,,,Fee Schedule,"160 Percent of Medicare Laboratory. ",33.04,,,,,,,Fee Schedule,"160 Percent of Medicare Laboratory. ",,,,,,,,,"NA. ",42.475,50,,,,,0,percent of total billed charges,50 percent of billed charges; No services were performed during the 15 month look back period.,29.12,,,,,,,Fee Schedule,141 Percent of of Medicare Lab FS. Metroplus will reimburse unlisted codes and described codes with no Medicare rate at 50 percent of charges.,29.12,,,,,,,Fee Schedule,141 Percent of of Medicare Lab FS. Metroplus will reimburse unlisted codes and described codes with no Medicare rate at 50 percent of charges.,29.12,,,,,,,Fee Schedule,141 Percent of of Medicare Lab FS. Metroplus will reimburse unlisted codes and described codes with no Medicare rate at 50 percent of charges.,29.12,,,,,,,Fee Schedule,141 Percent of of Medicare Lab FS. Metroplus will reimburse unlisted codes and described codes with no Medicare rate at 50 percent of charges.,29.12,,,,,,,Fee Schedule,141 Percent of of Medicare Lab FS. Metroplus will reimburse unlisted codes and described codes with no Medicare rate at 50 percent of charges.,20.65,,,,,,,Fee Schedule,"100% Medicare Lab FS. ",39.85,,,,,,,Fee Schedule,"193 % Medicare RBRVS. ",39.85,,,,,,,Fee Schedule,"193 % Medicare RBRVS. ",39.85,,,,,,,Fee Schedule,"193 % Medicare RBRVS. ",39.85,,,,,,,Fee Schedule,"193 % Medicare RBRVS. ",51.83,,,,,,,Fee Schedule,"250.992736077482 % Medicare Physician FS TC Rates Only. ",51.83,,,,,,,Fee Schedule,"250.992736077482 % Medicare Physician FS TC Rates Only. ",51.83,,,,,,,Fee Schedule,"250.992736077482 % Medicare Physician FS TC Rates Only. ",51.83,,,,,,,Fee Schedule,"250.992736077482 % Medicare Physician FS TC Rates Only. ",42.475,50,,,,,0,percent of total billed charges,50 percent of billed charges; No services were performed during the 15 month look back period.,42.475,50,,,,,0,percent of total billed charges,50 percent of billed charges; No services were performed during the 15 month look back period.,20.65,,,,,,,Fee Schedule,"100% Medicare Lab FS. ",20.65,,,,,,,Fee Schedule,"100% Medicare Lab FS. ",20.65,,,,,,,Fee Schedule,"100% Medicare Lab FS. ",46.86,,,,,,,Fee Schedule,"238 % 2013 Manhattan Medicare. ",46.86,,,,,,,Fee Schedule,"238 % 2013 Manhattan Medicare. ",46.86,,,,,,,Fee Schedule,"238 % 2013 Manhattan Medicare. ",42.475,50,,,,,0,percent of total billed charges,50 percent of billed charges; No services were performed during the 15 month look back period.,51.83,,,,,,,Fee Schedule,"250.992736077482 % Medicare Physician FS TC Rates Only. ",20.65,,,,,,,Fee Schedule,"100% Medicare Lab FS. ",46.86,,,,,,,Fee Schedule,"238 % 2013 Manhattan Medicare. ",90.05,,,,,,,Case Rate,"100 Percent of Medicaid APG. ",21.06,,,,,,,Fee Schedule,"102% of Medicare Lab FS. ",21.06,,,,,,,Fee Schedule,"102% of Medicare Lab FS. ",21.06,,,,,,,Fee Schedule,"102% of Medicare Lab FS. ",18.59,,,,,,,Fee schedule,"90 Percent of Medicare RBRVS. ",202.6,,,,,,,Fee Schedule,225% of NYS APG. Lesser of 100% of billed charges applies.,202.6,,,,,,,Fee Schedule,225% of NYS APG. Lesser of 100% of billed charges applies.,202.6,,,,,,,Fee Schedule,225% of NYS APG. Lesser of 100% of billed charges applies.,202.6,,,,,,,Fee Schedule,225% of NYS APG. Lesser of 100% of billed charges applies.,202.6,,,,,,,Fee Schedule,225% of NYS APG. Lesser of 100% of billed charges applies.,21.06,,,,,,,Fee Schedule,"102% of Medicare Lab FS. ",90.05,,,,,,,Case Rate,"100 Percent of Medicaid APG. ",18.59,,,,,,,Fee Schedule,90 Percent of Medicare RBRVS. Lesser of 100% of billed charges applies.,202.6,,,,,,,Fee Schedule,225% of NYS APG. Lesser of 100% of billed charges applies.,202.6,,,,,,,Fee Schedule,225% of NYS APG. Lesser of 100% of billed charges applies.,18.59,,,,,,,Fee Schedule,90 Percent of Medicare RBRVS. Lesser of 100% of billed charges applies.,18.59,,,,,,,Fee Schedule,90 Percent of Medicare RBRVS. Lesser of 100% of billed charges applies.,33.04,,,,,,,Fee Schedule,"160 Percent of Medicare Laboratory. ",20.65,,,,,,,Fee Schedule,"100% Medicare Lab FS. ",20.65,,,,,,,Fee Schedule,"100% Medicare Lab FS. ",51.83,,,,,,,Fee Schedule,"250.992736077482 % Medicare Physician FS TC Rates Only. ",20.65,,,,,,,Fee Schedule,"100% Medicare Lab FS. ",202.6,,,,,,,Fee Schedule,"225 Percent of Medicaid APG. ",202.6,,,,,,,Fee Schedule,"225 Percent of Medicaid APG. ",18.59,,,,,,,Fee schedule,"90 Percent of Medicare RBRVS. ",18.59,,,,,,,Fee schedule,"90 Percent of Medicare RBRVS. ",202.6,,,,,,,Case Rate,225 Percent of Medicaid APG. Covered services not payable under Medicaid Fee Schedules default to a payment of 87.5 percent of charges.,18.59,,,,,,,Fee schedule,90 Percent of Medicare Laboratory. Covered services not payable under Medicaid Fee Schedules default to a payment of 50 percent of charges.,202.6,,,,,,,Case Rate,"100 Percent of Medicaid APG. ",202.6,,,,,,,Case Rate,"100 Percent of Medicaid APG. ",202.6,,,,,,,Case Rate,"100 Percent of Medicaid APG. ",202.6,,,,,,,Case Rate,"100 Percent of Medicaid APG. ",210.42,,,,,,,Fee Schedule,"1019 % Manhattan Facility Rate. ",42.475,50,,,,,0,percent of total billed charges,50 percent of billed charges; No services were performed during the 15 month look back period.,108.05,,,,,,,Case Rate,"120 Percent of Medicaid APG. Not APG payable, or payable under another fee schedule like ASP/AWP pays at 30% of charges",108.05,,,,,,,Case Rate,"120 Percent of Medicaid APG. Not APG payable, or payable under another fee schedule like ASP/AWP pays at 30% of charges",90.05,,,,,,,Case Rate,"100 Percent of Medicaid APG. Not APG payable, or payable under another fee schedule like ASP/AWP pays at 30% of charges",90.05,,,,,,,Case Rate,"100 Percent of Medicaid APG. Not APG payable, or payable under another fee schedule like ASP/AWP pays at 30% of charges",46.86,,,,,,,Fee Schedule,"238 % 2013 Manhattan Medicare. ",46.86,,,,,,,Fee Schedule,"238 % 2013 Manhattan Medicare. ",20.65,,,,,,,Fee Schedule,"100% Medicare Lab FS. ",46.86,,,,,,,Fee Schedule,"238 % 2013 Manhattan Medicare. ",46.86,,,,,,,Fee Schedule,"238 % 2013 Manhattan Medicare. ",46.86,,,,,,,Fee Schedule,"238 % 2013 Manhattan Medicare. ",46.86,,,,,,,Fee Schedule,"238 % 2013 Manhattan Medicare. ",20.65,,,,,,,Fee Schedule,"100% Medicare Lab FS. ",46.86,,,,,,,Fee Schedule,"238 % 2013 Manhattan Medicare. ",46.86,,,,,,,Fee Schedule,"238 % 2013 Manhattan Medicare. ",51.83,,,,,,,Fee Schedule,"250.992736077482 % Medicare Physician FS TC Rates Only. ",20.65,,,,,,,Fee Schedule,100% of RBRVS. Lesser of 100% of billed charges applies.,18.59,,,,,,,Fee schedule,90 Percent of Medicare Laboratory. Covered services not payable under Medicaid Fee Schedules default to a payment of 50 percent of charges.,202.6,,,,,,,Fee Schedule,225% of NYS APG. Lesser of 100% of billed charges applies.,202.6,,,,,,,Case Rate,225 Percent of Medicaid APG. Covered services not payable under Medicaid Fee Schedules default to a payment of 87.5 percent of charges.,18.59,,,,,,,Fee schedule,90 Percent of Medicare Laboratory. Covered services not payable under Medicaid Fee Schedules default to a payment of 50 percent of charges.,202.6,,,,,,,Fee Schedule,225% of NYS APG. Lesser of 100% of billed charges applies.,202.6,,,,,,,Fee Schedule,225% of NYS APG. Lesser of 100% of billed charges applies.,202.6,,,,,,,Fee Schedule,225% of NYS APG. Lesser of 100% of billed charges applies.,202.6,,,,,,,Fee Schedule,225% of NYS APG. Lesser of 100% of billed charges applies.,202.6,,,,,,,Fee Schedule,225% of NYS APG. Lesser of 100% of billed charges applies.,202.6,,,,,,,Fee Schedule,225% of NYS APG. Lesser of 100% of billed charges applies.,,,,,,,,,"NA. ",,,,,,,,,"NA. ",,,,,,,,,"NA. ",45.24,,,,,,,Fee Schedule,"150 % 2018 Cigna RBRVS fee schedule. ",,,,,,,,,"NA. ",20.65,,,,,,,Fee Schedule,"100% Medicare Lab FS. ",20,,,,,,,Fee Schedule,"100 % 1199 Fee Schedule. ",20.65,,,,,,,Fee Schedule,"100% Medicare Lab FS. ",20.65,,,,,,,Fee Schedule,"100% Medicare Lab FS. ",108.05,,,,,,,Case Rate,"120 Percent of Medicaid APG. Not APG payable, or payable under another fee schedule like ASP/AWP pays at 30% of charges",108.05,,,,,,,Case Rate,"120 Percent of Medicaid APG. Not APG payable, or payable under another fee schedule like ASP/AWP pays at 30% of charges",90.05,,,,,,,Case Rate,"100 Percent of Medicaid APG. Not APG payable, or payable under another fee schedule like ASP/AWP pays at 30% of charges",90.05,,,,,,,Case Rate,"100 Percent of Medicaid APG. Not APG payable, or payable under another fee schedule like ASP/AWP pays at 30% of charges",90.05,,,,,,,Case Rate,"100 Percent of Medicaid APG. ",44.81,,,,,,,Fee Schedule,"217 % Medicare RBRVS. ",51.83,,,,,,,Fee Schedule,"250.992736077482 % Medicare Physician FS TC Rates Only. ",52.66,,,,,,,Fee Schedule,"255 % Medicare RBRVS. ",45.24,,,,,,,Fee Schedule,"150 % 2018 Cigna RBRVS fee schedule. ",20.65,,,,,,,Fee Schedule,"100% Medicare Lab FS. ",20.65,,,,,,,Fee Schedule,"100% Medicare Lab FS. ",20.65,,,,,,,Fee Schedule,"100% Medicare Lab FS. ",20.65,,,,,,,Fee Schedule,"100% Medicare Lab FS. ",20.65,,,,,,,Fee Schedule,"100% Medicare Lab FS. ",20.65,,,,,,,Fee Schedule,"100% Medicare Lab FS. ",,,,,,,,,"NA. ",202.6,,,,,,,Fee Schedule,225% of NYS APG. Lesser of 100% of billed charges applies.,18.59,,,,,,,Fee Schedule,90 Percent of Medicare RBRVS. Lesser of 100% of billed charges applies.,46.86,,,,,,,Fee Schedule,"238 % 2013 Manhattan Medicare. ",44.81,,,,,,,Fee Schedule,"217 % Medicare RBRVS. ",44.81,,,,,,,Fee Schedule,"217 % Medicare RBRVS. ",44.81,,,,,,,Fee Schedule,"217 % Medicare RBRVS. ",44.81,,,,,,,Fee Schedule,"217 % Medicare RBRVS. ",20.65,,,,,,,Fee Schedule,"100% Medicare Lab FS. ",90.05,,,,,,,Case Rate,"100 Percent of Medicaid APG. ",46.86,,,,,,,Fee Schedule,"238 % 2013 Manhattan Medicare. ",90.05,,,,,,,Case Rate,"100 Percent of Medicaid APG. ",20.65,,,,,,,Fee Schedule,"100% Medicare Lab FS. ",90.05,,,,,,,Case Rate,"100 Percent of Medicaid APG. ",20.65,,,,,,,Fee Schedule,"100% Medicare Lab FS. ",20.65,,,,,,,Fee Schedule,"100% Medicare Lab FS. ",90.05,,,,,,,Case Rate,"100 Percent of Medicaid APG. ",90.05,,,,,,,Case Rate,"100 Percent of Medicaid APG. ",44.81,,,,,,,Fee Schedule,"217 % Medicare RBRVS. ",45.24,,,,,,,Fee Schedule,"150 % 2018 Cigna RBRVS fee schedule. ",66.261,78,,,,,0,percent of total billed charges,78% of Billed Charges. Lesser of 100% of billed charges applies.; No services were performed during the 15 month look back period.,22.95,,,,,,,Fee Schedule,"100 % 2019 CMS Clinical Lab National Limit Pub 20190115. ",22.95,,,,,,,Fee Schedule,"100 % 2019 CMS Clinical Lab National Limit Pub 20190115. ",51.83,,,,,,,Fee Schedule,"250.992736077482 % Medicare Physician FS TC Rates Only. ",20.24,,,,,,,Fee Schedule,"98% Lab FS. ",39.85,,,,,,,Fee Schedule,"193 % Medicare RBRVS. ",39.85,,,,,,,Fee Schedule,"193 % Medicare RBRVS. ",37.49,,,,,,,Fee Schedule,"190.4 % 2013 Manhattan Medicare. ",37.49,,,,,,,Fee Schedule,"190.4 % 2013 Manhattan Medicare. ",20.65,,,,,,,Fee Schedule,"100% Medicare Lab FS. ",20.65,,,,,,,Fee Schedule,"100% Medicare Lab FS. ",20.65,,,,,,,Fee Schedule,"100% Medicare Lab FS. ",20.65,,,,,,,Fee Schedule,"100% Medicare Lab FS. ",22.95,,,,,,,Fee Schedule,"100 % 2019 CMS Clinical Lab National Limit Pub 20190115. ",46.86,,,,,,,Fee Schedule,"238 % 2013 Manhattan Medicare. ",46.86,,,,,,,Fee Schedule,"238 % 2013 Manhattan Medicare. ",20.65,,,,,,,Fee Schedule,"100% Medicare Lab FS. ",37.49,,,,,,,Fee Schedule,"190.4 % 2013 Manhattan Medicare. ",52.66,,,,,,,Fee Schedule,"255 % Medicare RBRVS. ",108.05,,,,,,,Fee Schedule,"120 Percent of Medicaid APG. ",90.05,,,,,,,Case Rate,"100 Percent of Medicaid APG. ",44.81,,,,,,,Fee Schedule,"217 % Medicare RBRVS. ",42.18,,,,,,,Fee Schedule,"214.2 % 2013 Manhattan Medicare. ",42.18,,,,,,,Fee Schedule,"214.2 % 2013 Manhattan Medicare. ",46.86,,,,,,,Fee Schedule,"238 % 2013 Manhattan Medicare. ",42.475,50,,,,,0,percent of total billed charges,50 percent of billed charges; No services were performed during the 15 month look back period.,20.65,,,,,,,Fee Schedule,"100% Medicare Lab FS. ",94.55,,,,,,,Fee Schedule,105 percent of Medicaid APG. otherwise 105% of Ordered NYS MCD FS or 105% of ASP+6%,94.55,,,,,,,Fee Schedule,105 percent of Medicaid APG. otherwise 105% of Ordered NYS MCD FS or 105% of ASP+6%,94.55,,,,,,,Fee Schedule,105 percent of Medicaid APG. otherwise 105% of Ordered NYS MCD FS or 105% of ASP+6%,121.56,,,,,,,Fee Schedule,135 percent of Medicaid APG. otherwise 135% of Ordered NYS MCD FS or 135% of ASP+6%,22.95,,,,,,,Fee Schedule,"100 % 2019 CMS Clinical Lab National Limit Pub 20190115. ",94.55,,,,,,,Fee Schedule,105 percent of Medicaid APG. otherwise 105% of Ordered NYS MCD FS or 105% of ASP+6%,94.55,,,,,,,Fee Schedule,105 percent of Medicaid APG. otherwise 105% of Ordered NYS MCD FS or 105% of ASP+6%,94.55,,,,,,,Fee Schedule,105 percent of Medicaid APG. otherwise 105% of Ordered NYS MCD FS or 105% of ASP+6%,94.55,,,,,,,Fee Schedule,105 percent of Medicaid APG. otherwise 105% of Ordered NYS MCD FS or 105% of ASP+6%,94.55,,,,,,,Fee Schedule,105 percent of Medicaid APG. otherwise 105% of Ordered NYS MCD FS or 105% of ASP+6%,121.56,,,,,,,Fee Schedule,135 percent of Medicaid APG. otherwise 135% of Ordered NYS MCD FS or 135% of ASP+6%,121.56,,,,,,,Fee Schedule,135 percent of Medicaid APG. otherwise 135% of Ordered NYS MCD FS or 135% of ASP+6%,20.65,,,,,,,Fee Schedule,"100% Medicare Lab FS. ",22.95,,,,,,,Fee Schedule,"100 % 2019 CMS Clinical Lab National Limit Pub 20190115. ",20.65,,,,,,,Fee Schedule,"100% Medicare Lab FS. ",94.55,,,,,,,Fee Schedule,105 percent of Medicaid APG. otherwise 105% of Ordered NYS MCD FS or 105% of ASP+6%,46.86,,,,,,,Fee Schedule,"238 % 2013 Manhattan Medicare. ",20.65,,,,,,,Fee Schedule,"100% Medicare Lab FS. ",46.86,,,,,,,Fee Schedule,"238 % 2013 Manhattan Medicare. ",46.86,,,,,,,Fee Schedule,"238 % 2013 Manhattan Medicare. ",46.86,,,,,,,Fee Schedule,"238 % 2013 Manhattan Medicare. ",94.55,,,,,,,Fee Schedule,105 percent of Medicaid APG. otherwise 105% of Ordered NYS MCD FS or 105% of ASP+6%,20.65,,,,,,,Fee Schedule,"100% Medicare Lab FS. ",46.86,,,,,,,Fee Schedule,"238 % 2013 Manhattan Medicare. ",121.56,,,,,,,Fee Schedule,135 percent of Medicaid APG. otherwise 135% of Ordered NYS MCD FS or 135% of ASP+6%,46.86,,,,,,,Fee Schedule,"238 % 2013 Manhattan Medicare. ",30.97,,,,,,,Fee Schedule,"150% of Medicare Lab FS. ",20.65,,,,,,,Fee Schedule,"100% Medicare Lab FS. ",44.81,,,,,,,Fee Schedule,"217 % Medicare RBRVS. ",44.81,,,,,,,Fee Schedule,"217 % Medicare RBRVS. ",44.81,,,,,,,Fee Schedule,"217 % Medicare RBRVS. ",44.81,,,,,,,Fee Schedule,"217 % Medicare RBRVS. ",44.81,,,,,,,Fee Schedule,"217 % Medicare RBRVS. ",52.66,,,,,,,Fee Schedule,"255 % Medicare RBRVS. ",52.66,,,,,,,Fee Schedule,"255 % Medicare RBRVS. ",44.81,,,,,,,Fee Schedule,"217 % Medicare RBRVS. ",44.81,,,,,,,Fee Schedule,"217 % Medicare RBRVS. ",44.81,,,,,,,Fee Schedule,"217 % Medicare RBRVS. ",44.81,,,,,,,Fee Schedule,"217 % Medicare RBRVS. ",44.81,,,,,,,Fee Schedule,"217 % Medicare RBRVS. ",20.65,,,,,,,Fee Schedule,"100% Medicare Lab FS. ",52.66,,,,,,,Fee Schedule,"255 % Medicare RBRVS. ",20.65,,,,,,,Fee Schedule,"100% Medicare Lab FS. ",202.6,,,,,,,Case Rate,"225 Percent of Medicaid APG. If not included in Medicaid APG, then 100 Percent of Manhattan Medicare",90.05,,,,,,,Case Rate,"100 Percent of Medicaid APG. If not priced under APG, then Metroplus FeeSched",22.95,,,,,,,Fee Schedule,"100 % 2019 CMS Clinical Lab National Limit Pub 20190115. ",22.95,,,,,,,Fee Schedule,"100 % 2019 CMS Clinical Lab National Limit Pub 20190115. ",20.65,,,,,,,Fee Schedule,"100% Medicare Lab FS. ",39.85,,,,,,,Fee Schedule,"193 % Medicare RBRVS. ",20.65,,,,,,,Fee Schedule,"100% Medicare Lab FS. ",20.65,,,,,,,Fee Schedule,"100% Medicare Lab FS. ",51.83,,,,,,,Fee Schedule,"250.992736077482 % Medicare Physician FS TC Rates Only. ",20.65,,,,,,,Fee Schedule,"100% Medicare Lab FS. ",45.24,,,,,,,Fee Schedule,"150 % 2018 Cigna RBRVS fee schedule. ",20.65,,,,,,,Fee Schedule,"100% Medicare Lab FS. ",45.24,,,,,,,Fee Schedule,"150 % 2018 Cigna RBRVS fee schedule. ",51.83,,,,,,,Fee Schedule,"250.992736077482 % Medicare Physician FS TC Rates Only. ",45.24,,,,,,,Fee Schedule,"150 % 2018 Cigna RBRVS fee schedule. ",20.65,,,,,,,Fee Schedule,"100% Medicare Lab FS. ",90.05,,,,,,,Case Rate,"100 Percent of Medicaid APG. ",20.65,,,,,,,Fee Schedule,"100% Medicare Lab FS. ",45.24,,,,,,,Fee Schedule,"150 % 2018 Cigna RBRVS fee schedule. ",22.95,,,,,,,Fee Schedule,"100 % 2019 CMS Clinical Lab National Limit Pub 20190115. ",90.05,,,,,,,Case Rate,"100 Percent of Medicaid APG. ",46.86,,,,,,,Fee Schedule,"238 % 2013 Manhattan Medicare. ",108.05,,,,,,,Fee Schedule,"120 Percent of Medicaid APG. ",108.05,,,,,,,Fee Schedule,"120 Percent of Medicaid APG. ",46.86,,,,,,,Fee Schedule,"238 % 2013 Manhattan Medicare. ",46.86,,,,,,,Fee Schedule,"238 % 2013 Manhattan Medicare. ",46.86,,,,,,,Fee Schedule,"238 % 2013 Manhattan Medicare. ",22.95,,,,,,,Fee Schedule,"100 % 2019 CMS Clinical Lab National Limit Pub 20190115. ",46.86,,,,,,,Fee Schedule,"238 % 2013 Manhattan Medicare. ",46.86,,,,,,,Fee Schedule,"238 % 2013 Manhattan Medicare. ",46.86,,,,,,,Fee Schedule,"238 % 2013 Manhattan Medicare. ",44.81,,,,,,,Fee Schedule,"217 % Medicare RBRVS. ",44.81,,,,,,,Fee Schedule,"217 % Medicare RBRVS. ",29.12,,,,,,,Fee Schedule,141 Percent of of Medicare Lab FS. Metroplus will reimburse unlisted codes and described codes with no Medicare rate at 50 percent of charges.,90.05,,,,,,,Case Rate,"100 Percent of Medicaid APG. ",22.95,,,,,,,Fee Schedule,"100 % 2019 CMS Clinical Lab National Limit Pub 20190115. ",45.24,,,,,,,Fee Schedule,"150 % 2018 Cigna RBRVS fee schedule. ",51.83,,,,,,,Fee Schedule,"250.992736077482 % Medicare Physician FS TC Rates Only. ",22.95,,,,,,,Fee Schedule,"100 % 2019 CMS Clinical Lab National Limit Pub 20190115. ",51.83,,,,,,,Fee Schedule,"250.992736077482 % Medicare Physician FS TC Rates Only. ",22.95,,,,,,,Fee Schedule,"100 % 2019 CMS Clinical Lab National Limit Pub 20190115. ",46.86,,,,,,,Fee Schedule,"238 % 2013 Manhattan Medicare. ",46.86,,,,,,,Fee Schedule,"238 % 2013 Manhattan Medicare. ",46.86,,,,,,,Fee Schedule,"238 % 2013 Manhattan Medicare. ",46.86,,,,,,,Fee Schedule,"238 % 2013 Manhattan Medicare. ",20.65,,,,,,,Fee Schedule,"100% Medicare Lab FS. ",18.59,210.42,
82523,CPT,2021393,LOCAL,301,RC,HC COLLAGEN CROSSLINKS,140.74,22.42,both,,,,26,,,,,,,Fee Schedule,"100 % 1199 Fee Schedule. ",26,,,,,,,Fee Schedule,"100 % 1199 Fee Schedule. ",46.89,,,,,,,Fee Schedule,"251.017130620985 % Medicare Physician FS TC Rates Only. ",140.74,100,,,,,0,percent of total billed charges,100 percent of billed charges. ; No services were performed during the 15 month look back period.,18.68,,,,,,,Fee Schedule,"100% Medicare Lab FS. ",46.89,,,,,,,Fee Schedule,"251.017130620985 % Medicare Physician FS TC Rates Only. ",46.89,,,,,,,Fee Schedule,"251.017130620985 % Medicare Physician FS TC Rates Only. ",46.89,,,,,,,Fee Schedule,"251.017130620985 % Medicare Physician FS TC Rates Only. ",90.5,,,,,,,Case Rate,"100 Percent of Medicaid APG. ",75.42,,,,,,,Case Rate,"100 Percent of Medicaid APG. ",109.7772,78,,,,,0,percent of total billed charges,78% of Billed Charges. Lesser of 100% of billed charges applies.; No services were performed during the 15 month look back period.,20.76,,,,,,,Fee Schedule,"100 % 2019 CMS Clinical Lab National Limit Pub 20190115. ",75.42,,,,,,,Case Rate,"100 Percent of Medicaid APG. ",18.68,,,,,,,Fee Schedule,"100% Medicare Lab FS. ",40.78,,,,,,,Fee Schedule,"150 % 2018 Cigna RBRVS fee schedule. ",40.78,,,,,,,Fee Schedule,"150 % 2018 Cigna RBRVS fee schedule. ",40.78,,,,,,,Fee Schedule,"150 % 2018 Cigna RBRVS fee schedule. ",40.78,,,,,,,Fee Schedule,"150 % 2018 Cigna RBRVS fee schedule. ",16.81,,,,,,,Fee schedule,90 Percent of Medicare Laboratory. Covered services not payable under Medicaid Fee Schedules default to a payment of 50 percent of charges.,18.68,,,,,,,Fee Schedule,"100% Medicare Lab FS. ",16.81,,,,,,,Fee schedule,90 Percent of Medicare Laboratory. Covered services not payable under Medicaid Fee Schedules default to a payment of 50 percent of charges.,109.7772,78,,,,,0,percent of total billed charges,78% of Billed Charges. Lesser of 100% of billed charges applies.; No services were performed during the 15 month look back period.,46.89,,,,,,,Fee Schedule,"251.017130620985 % Medicare Physician FS TC Rates Only. ",18.68,,,,,,,Fee Schedule,"100% Medicare Lab FS. ",47.63,,,,,,,Fee Schedule,"255 % Medicare RBRVS. ",18.68,,,,,,,Fee Schedule,"100% Medicare Lab FS. ",18.68,,,,,,,Fee Schedule,"100% Medicare Lab FS. ",109.7772,78,,,,,0,percent of total billed charges,78% of Billed Charges. Lesser of 100% of billed charges applies.; No services were performed during the 15 month look back period.,18.68,,,,,,,Fee Schedule,100% Medicaid Fee Schedule. Lesser of 100% of billed charges applies.,18.68,,,,,,,Fee Schedule,100% Medicaid Fee Schedule. Lesser of 100% of billed charges applies.,16.81,,,,,,,Fee schedule,"90 Percent of Medicare RBRVS. ",16.81,,,,,,,Fee schedule,"90 Percent of Medicare RBRVS. ",47.63,,,,,,,Fee Schedule,"255 % Medicare RBRVS. ",47.63,,,,,,,Fee Schedule,"255 % Medicare RBRVS. ",75.42,,,,,,,Case Rate,"100 Percent of Medicaid APG. Not APG payable, or payable under another fee schedule like ASP/AWP pays at 30% of charges",47.63,,,,,,,Fee Schedule,"255 % Medicare RBRVS. ",75.42,,,,,,,Case Rate,"100 Percent of Medicaid APG. Not APG payable, or payable under another fee schedule like ASP/AWP pays at 30% of charges",18.68,,,,,,,Fee Schedule,"100% Medicare Lab FS. ",47.63,,,,,,,Fee Schedule,"255 % Medicare RBRVS. ",109.7772,78,,,,,0,percent of total billed charges,78% of Billed Charges. Lesser of 100% of billed charges applies.; No services were performed during the 15 month look back period.,75.42,,,,,,,Case Rate,"100 Percent of Medicaid APG. If not priced under APG, then Metroplus FeeSched",75.42,,,,,,,Case Rate,"100 Percent of Medicaid APG. If not priced under APG, then Metroplus FeeSched",109.7772,78,,,,,0,percent of total billed charges,78% of Billed Charges. Lesser of 100% of billed charges applies.; No services were performed during the 15 month look back period.,40.78,,,,,,,Fee Schedule,"150 % 2018 Cigna RBRVS fee schedule. ",20.76,,,,,,,Fee Schedule,"100 % 2019 CMS Clinical Lab National Limit Pub 20190115. ",20.76,,,,,,,Fee Schedule,"100 % 2019 CMS Clinical Lab National Limit Pub 20190115. ",109.7772,78,,,,,0,percent of total billed charges,78% of Billed Charges. Lesser of 100% of billed charges applies.; No services were performed during the 15 month look back period.,18.68,,,,,,,Fee Schedule,"100% Medicare Lab FS. ",20.76,,,,,,,Fee Schedule,"100 % 2019 CMS Clinical Lab National Limit Pub 20190115. ",20.76,,,,,,,Fee Schedule,"100 % 2019 CMS Clinical Lab National Limit Pub 20190115. ",20.76,,,,,,,Fee Schedule,"100 % 2019 CMS Clinical Lab National Limit Pub 20190115. ",18.68,,,,,,,Fee Schedule,"100% Medicare Lab FS. ",20.76,,,,,,,Fee Schedule,"100 % 2019 CMS Clinical Lab National Limit Pub 20190115. ",20.76,,,,,,,Fee Schedule,"100 % 2019 CMS Clinical Lab National Limit Pub 20190115. ",18.68,,,,,,,Fee Schedule,"100% of Medicare Lab FS. ",70.37,50,,,,,0,percent of total billed charges,50 percent of billed charges; No services were performed during the 15 month look back period.,61.14,,,,,,,Fee Schedule,"238 % 2013 Manhattan Medicare. ",61.14,,,,,,,Fee Schedule,"238 % 2013 Manhattan Medicare. ",61.14,,,,,,,Fee Schedule,"238 % 2013 Manhattan Medicare. ",61.14,,,,,,,Fee Schedule,"238 % 2013 Manhattan Medicare. ",61.14,,,,,,,Fee Schedule,"238 % 2013 Manhattan Medicare. ",61.14,,,,,,,Fee Schedule,"238 % 2013 Manhattan Medicare. ",18.68,,,,,,,Fee Schedule,"100% Medicare Lab FS. ",18.68,,,,,,,Fee Schedule,"100% Medicare Lab FS. ",61.14,,,,,,,Fee Schedule,"238 % 2013 Manhattan Medicare. ",109.7772,78,,,,,0,percent of total billed charges,78% of Billed Charges. Lesser of 100% of billed charges applies.; No services were performed during the 15 month look back period.,109.7772,78,,,,,0,percent of total billed charges,78% of Billed Charges. Lesser of 100% of billed charges applies.; No services were performed during the 15 month look back period.,109.7772,78,,,,,0,percent of total billed charges,78% of Billed Charges. Lesser of 100% of billed charges applies.; No services were performed during the 15 month look back period.,109.7772,78,,,,,0,percent of total billed charges,78% of Billed Charges. Lesser of 100% of billed charges applies.; No services were performed during the 15 month look back period.,109.7772,78,,,,,0,percent of total billed charges,78% of Billed Charges. Lesser of 100% of billed charges applies.; No services were performed during the 15 month look back period.,109.7772,78,,,,,0,percent of total billed charges,78% of Billed Charges. Lesser of 100% of billed charges applies.; No services were performed during the 15 month look back period.,109.7772,78,,,,,0,percent of total billed charges,78% of Billed Charges. Lesser of 100% of billed charges applies.; No services were performed during the 15 month look back period.,109.7772,78,,,,,0,percent of total billed charges,78% of Billed Charges. Lesser of 100% of billed charges applies.; No services were performed during the 15 month look back period.,109.7772,78,,,,,0,percent of total billed charges,78% of Billed Charges. Lesser of 100% of billed charges applies.; No services were performed during the 15 month look back period.,109.7772,78,,,,,0,percent of total billed charges,78% of Billed Charges. Lesser of 100% of billed charges applies.; No services were performed during the 15 month look back period.,109.7772,78,,,,,0,percent of total billed charges,78% of Billed Charges. Lesser of 100% of billed charges applies.; No services were performed during the 15 month look back period.,109.7772,78,,,,,0,percent of total billed charges,78% of Billed Charges. Lesser of 100% of billed charges applies.; No services were performed during the 15 month look back period.,109.7772,78,,,,,0,percent of total billed charges,78% of Billed Charges. Lesser of 100% of billed charges applies.; No services were performed during the 15 month look back period.,109.7772,78,,,,,0,percent of total billed charges,78% of Billed Charges. Lesser of 100% of billed charges applies.; No services were performed during the 15 month look back period.,109.7772,78,,,,,0,percent of total billed charges,78% of Billed Charges. Lesser of 100% of billed charges applies.; No services were performed during the 15 month look back period.,109.7772,78,,,,,0,percent of total billed charges,78% of Billed Charges. Lesser of 100% of billed charges applies.; No services were performed during the 15 month look back period.,109.7772,78,,,,,0,percent of total billed charges,78% of Billed Charges. Lesser of 100% of billed charges applies.; No services were performed during the 15 month look back period.,109.7772,78,,,,,0,percent of total billed charges,78% of Billed Charges. Lesser of 100% of billed charges applies.; No services were performed during the 15 month look back period.,109.7772,78,,,,,0,percent of total billed charges,78% of Billed Charges. Lesser of 100% of billed charges applies.; No services were performed during the 15 month look back period.,109.7772,78,,,,,0,percent of total billed charges,78% of Billed Charges. Lesser of 100% of billed charges applies.; No services were performed during the 15 month look back period.,109.7772,78,,,,,0,percent of total billed charges,78% of Billed Charges. Lesser of 100% of billed charges applies.; No services were performed during the 15 month look back period.,109.7772,78,,,,,0,percent of total billed charges,78% of Billed Charges. Lesser of 100% of billed charges applies.; No services were performed during the 15 month look back period.,109.7772,78,,,,,0,percent of total billed charges,78% of Billed Charges. Lesser of 100% of billed charges applies.; No services were performed during the 15 month look back period.,109.7772,78,,,,,0,percent of total billed charges,78% of Billed Charges. Lesser of 100% of billed charges applies.; No services were performed during the 15 month look back period.,109.7772,78,,,,,0,percent of total billed charges,78% of Billed Charges. Lesser of 100% of billed charges applies.; No services were performed during the 15 month look back period.,109.7772,78,,,,,0,percent of total billed charges,78% of Billed Charges. Lesser of 100% of billed charges applies.; No services were performed during the 15 month look back period.,47.63,,,,,,,Fee Schedule,"255 % Medicare RBRVS. ",47.63,,,,,,,Fee Schedule,"255 % Medicare RBRVS. ",47.63,,,,,,,Fee Schedule,"255 % Medicare RBRVS. ",47.63,,,,,,,Fee Schedule,"255 % Medicare RBRVS. ",36.05,,,,,,,Fee Schedule,"193 % Medicare RBRVS. ",36.05,,,,,,,Fee Schedule,"193 % Medicare RBRVS. ",40.78,,,,,,,Fee Schedule,"150 % 2018 Cigna RBRVS fee schedule. ",61.14,,,,,,,Fee Schedule,"238 % 2013 Manhattan Medicare. ",20.76,,,,,,,Fee Schedule,"100 % 2019 CMS Clinical Lab National Limit Pub 20190115. ",61.14,,,,,,,Fee Schedule,"238 % 2013 Manhattan Medicare. ",109.7772,78,,,,,0,percent of total billed charges,78% of Billed Charges. Lesser of 100% of billed charges applies.; No services were performed during the 15 month look back period.,36.05,,,,,,,Fee Schedule,"193 % Medicare RBRVS. ",61.14,,,,,,,Fee Schedule,"238 % 2013 Manhattan Medicare. ",20.76,,,,,,,Fee Schedule,"100 % 2019 CMS Clinical Lab National Limit Pub 20190115. ",40.78,,,,,,,Fee Schedule,"150 % 2018 Cigna RBRVS fee schedule. ",,,,,,,,,"NA. ",109.7772,78,,,,,0,percent of total billed charges,78% of Billed Charges. Lesser of 100% of billed charges applies.; No services were performed during the 15 month look back period.,75.42,,,,,,,Case Rate,"100 Percent of Medicaid APG. ",47.63,,,,,,,Fee Schedule,"255 % Medicare RBRVS. ",75.42,,,,,,,Case Rate,"100 Percent of Medicaid APG. Not APG payable, or payable under another fee schedule like ASP/AWP pays at 30% of charges",18.68,,,,,,,Fee Schedule,"100% Medicare Lab FS. ",18.68,,,,,,,Fee Schedule,"100% Medicare Lab FS. ",70.37,50,,,,,0,percent of total billed charges,50 percent of billed charges; No services were performed during the 15 month look back period.,18.68,,,,,,,Fee Schedule,"100% Medicare Lab FS. ",18.68,,,,,,,Fee Schedule,"100% Medicare Lab FS. ",75.42,,,,,,,Case Rate,"100 Percent of Medicaid APG. ",18.68,,,,,,,Fee Schedule,"100% Medicare Lab FS. ",18.68,,,,,,,Fee Schedule,"100% Medicare Lab FS. ",46.89,,,,,,,Fee Schedule,"251.017130620985 % Medicare Physician FS TC Rates Only. ",46.89,,,,,,,Fee Schedule,"251.017130620985 % Medicare Physician FS TC Rates Only. ",18.68,,,,,,,Fee Schedule,"100% Medicare Lab FS. ",40.78,,,,,,,Fee Schedule,"150 % 2018 Cigna RBRVS fee schedule. ",20.76,,,,,,,Fee Schedule,"100 % 2019 CMS Clinical Lab National Limit Pub 20190115. ",20.76,,,,,,,Fee Schedule,"100 % 2019 CMS Clinical Lab National Limit Pub 20190115. ",18.68,,,,,,,Fee Schedule,"100% Medicare Lab FS. ",40.78,,,,,,,Fee Schedule,"150 % 2018 Cigna RBRVS fee schedule. ",46.89,,,,,,,Fee Schedule,"251.017130620985 % Medicare Physician FS TC Rates Only. ",46.89,,,,,,,Fee Schedule,"251.017130620985 % Medicare Physician FS TC Rates Only. ",46.89,,,,,,,Fee Schedule,"251.017130620985 % Medicare Physician FS TC Rates Only. ",109.7772,78,,,,,0,percent of total billed charges,78% of Billed Charges. Lesser of 100% of billed charges applies.; No services were performed during the 15 month look back period.,109.7772,78,,,,,0,percent of total billed charges,78% of Billed Charges. Lesser of 100% of billed charges applies.; No services were performed during the 15 month look back period.,109.7772,78,,,,,0,percent of total billed charges,78% of Billed Charges. Lesser of 100% of billed charges applies.; No services were performed during the 15 month look back period.,109.7772,78,,,,,0,percent of total billed charges,78% of Billed Charges. Lesser of 100% of billed charges applies.; No services were performed during the 15 month look back period.,109.7772,78,,,,,0,percent of total billed charges,78% of Billed Charges. Lesser of 100% of billed charges applies.; No services were performed during the 15 month look back period.,109.7772,78,,,,,0,percent of total billed charges,78% of Billed Charges. Lesser of 100% of billed charges applies.; No services were performed during the 15 month look back period.,109.7772,78,,,,,0,percent of total billed charges,78% of Billed Charges. Lesser of 100% of billed charges applies.; No services were performed during the 15 month look back period.,109.7772,78,,,,,0,percent of total billed charges,78% of Billed Charges. Lesser of 100% of billed charges applies.; No services were performed during the 15 month look back period.,109.7772,78,,,,,0,percent of total billed charges,78% of Billed Charges. Lesser of 100% of billed charges applies.; No services were performed during the 15 month look back period.,109.7772,78,,,,,0,percent of total billed charges,78% of Billed Charges. Lesser of 100% of billed charges applies.; No services were performed during the 15 month look back period.,109.7772,78,,,,,0,percent of total billed charges,78% of Billed Charges. Lesser of 100% of billed charges applies.; No services were performed during the 15 month look back period.,36.05,,,,,,,Fee Schedule,"193 % Medicare RBRVS. ",61.14,,,,,,,Fee Schedule,"238 % 2013 Manhattan Medicare. ",40.78,,,,,,,Fee Schedule,"150 % 2018 Cigna RBRVS fee schedule. ",18.68,,,,,,,Fee Schedule,"100% Medicare Lab FS. ",46.89,,,,,,,Fee Schedule,"251.017130620985 % Medicare Physician FS TC Rates Only. ",40.78,,,,,,,Fee Schedule,"150 % 2018 Cigna RBRVS fee schedule. ",40.78,,,,,,,Fee Schedule,"150 % 2018 Cigna RBRVS fee schedule. ",109.7772,78,,,,,0,percent of total billed charges,78% of Billed Charges. Lesser of 100% of billed charges applies.; No services were performed during the 15 month look back period.,161.39,,,,,,,Case Rate,"141 Percent of current Medicare RBRVS FeeSched. ",40.78,,,,,,,Fee Schedule,"150 % 2018 Cigna RBRVS fee schedule. ",75.42,,,,,,,Case Rate,"100 Percent of Medicaid APG. ",18.68,,,,,,,Fee Schedule,"100% Medicare Lab FS. ",18.68,,,,,,,Fee Schedule,"100% Medicare Lab FS. ",18.68,,,,,,,Fee Schedule,"100% Medicare Lab FS. ",18.68,,,,,,,Fee Schedule,"100% Medicare Lab FS. ",18.68,,,,,,,Fee Schedule,"100% Medicare Lab FS. ",18.68,,,,,,,Fee Schedule,"100% Medicare Lab FS. ",40.78,,,,,,,Fee Schedule,"150 % 2018 Cigna RBRVS fee schedule. ",70.37,50,,,,,0,percent of total billed charges,50 percent of billed charges; No services were performed during the 15 month look back period.,29.89,,,,,,,Fee Schedule,"160 Percent of Medicare Laboratory. ",29.89,,,,,,,Fee Schedule,"160 Percent of Medicare Laboratory. ",29.89,,,,,,,Fee Schedule,"160 Percent of Medicare Laboratory. ",29.89,,,,,,,Fee Schedule,"160 Percent of Medicare Laboratory. ",29.89,,,,,,,Fee Schedule,"160 Percent of Medicare Laboratory. ",,,,,,,,,"NA. ",70.37,50,,,,,0,percent of total billed charges,50 percent of billed charges; No services were performed during the 15 month look back period.,26.34,,,,,,,Fee Schedule,141 Percent of of Medicare Lab FS. Metroplus will reimburse unlisted codes and described codes with no Medicare rate at 50 percent of charges.,26.34,,,,,,,Fee Schedule,141 Percent of of Medicare Lab FS. Metroplus will reimburse unlisted codes and described codes with no Medicare rate at 50 percent of charges.,26.34,,,,,,,Fee Schedule,141 Percent of of Medicare Lab FS. Metroplus will reimburse unlisted codes and described codes with no Medicare rate at 50 percent of charges.,26.34,,,,,,,Fee Schedule,141 Percent of of Medicare Lab FS. Metroplus will reimburse unlisted codes and described codes with no Medicare rate at 50 percent of charges.,26.34,,,,,,,Fee Schedule,141 Percent of of Medicare Lab FS. Metroplus will reimburse unlisted codes and described codes with no Medicare rate at 50 percent of charges.,18.68,,,,,,,Fee Schedule,"100% Medicare Lab FS. ",36.05,,,,,,,Fee Schedule,"193 % Medicare RBRVS. ",36.05,,,,,,,Fee Schedule,"193 % Medicare RBRVS. ",36.05,,,,,,,Fee Schedule,"193 % Medicare RBRVS. ",36.05,,,,,,,Fee Schedule,"193 % Medicare RBRVS. ",46.89,,,,,,,Fee Schedule,"251.017130620985 % Medicare Physician FS TC Rates Only. ",46.89,,,,,,,Fee Schedule,"251.017130620985 % Medicare Physician FS TC Rates Only. ",46.89,,,,,,,Fee Schedule,"251.017130620985 % Medicare Physician FS TC Rates Only. ",46.89,,,,,,,Fee Schedule,"251.017130620985 % Medicare Physician FS TC Rates Only. ",70.37,50,,,,,0,percent of total billed charges,50 percent of billed charges; No services were performed during the 15 month look back period.,70.37,50,,,,,0,percent of total billed charges,50 percent of billed charges; No services were performed during the 15 month look back period.,18.68,,,,,,,Fee Schedule,"100% Medicare Lab FS. ",18.68,,,,,,,Fee Schedule,"100% Medicare Lab FS. ",18.68,,,,,,,Fee Schedule,"100% Medicare Lab FS. ",61.14,,,,,,,Fee Schedule,"238 % 2013 Manhattan Medicare. ",61.14,,,,,,,Fee Schedule,"238 % 2013 Manhattan Medicare. ",61.14,,,,,,,Fee Schedule,"238 % 2013 Manhattan Medicare. ",70.37,50,,,,,0,percent of total billed charges,50 percent of billed charges; No services were performed during the 15 month look back period.,46.89,,,,,,,Fee Schedule,"251.017130620985 % Medicare Physician FS TC Rates Only. ",18.68,,,,,,,Fee Schedule,"100% Medicare Lab FS. ",61.14,,,,,,,Fee Schedule,"238 % 2013 Manhattan Medicare. ",75.42,,,,,,,Case Rate,"100 Percent of Medicaid APG. ",19.05,,,,,,,Fee Schedule,"102% of Medicare Lab FS. ",19.05,,,,,,,Fee Schedule,"102% of Medicare Lab FS. ",19.05,,,,,,,Fee Schedule,"102% of Medicare Lab FS. ",16.81,,,,,,,Fee schedule,"90 Percent of Medicare RBRVS. ",169.69,,,,,,,Fee Schedule,225% of NYS APG. Lesser of 100% of billed charges applies.,169.69,,,,,,,Fee Schedule,225% of NYS APG. Lesser of 100% of billed charges applies.,169.69,,,,,,,Fee Schedule,225% of NYS APG. Lesser of 100% of billed charges applies.,169.69,,,,,,,Fee Schedule,225% of NYS APG. Lesser of 100% of billed charges applies.,169.69,,,,,,,Fee Schedule,225% of NYS APG. Lesser of 100% of billed charges applies.,19.05,,,,,,,Fee Schedule,"102% of Medicare Lab FS. ",75.42,,,,,,,Case Rate,"100 Percent of Medicaid APG. ",18.68,,,,,,,Fee Schedule,100% Medicaid Fee Schedule. Lesser of 100% of billed charges applies.,169.69,,,,,,,Fee Schedule,225% of NYS APG. Lesser of 100% of billed charges applies.,169.69,,,,,,,Fee Schedule,225% of NYS APG. Lesser of 100% of billed charges applies.,18.68,,,,,,,Fee Schedule,100% Medicaid Fee Schedule. Lesser of 100% of billed charges applies.,18.68,,,,,,,Fee Schedule,100% Medicaid Fee Schedule. Lesser of 100% of billed charges applies.,29.89,,,,,,,Fee Schedule,"160 Percent of Medicare Laboratory. ",18.68,,,,,,,Fee Schedule,"100% Medicare Lab FS. ",18.68,,,,,,,Fee Schedule,"100% Medicare Lab FS. ",46.89,,,,,,,Fee Schedule,"251.017130620985 % Medicare Physician FS TC Rates Only. ",18.68,,,,,,,Fee Schedule,"100% Medicare Lab FS. ",169.69,,,,,,,Fee Schedule,"225 Percent of Medicaid APG. ",169.69,,,,,,,Fee Schedule,"225 Percent of Medicaid APG. ",16.81,,,,,,,Fee schedule,"90 Percent of Medicare RBRVS. ",16.81,,,,,,,Fee schedule,"90 Percent of Medicare RBRVS. ",169.69,,,,,,,Case Rate,225 Percent of Medicaid APG. Covered services not payable under Medicaid Fee Schedules default to a payment of 87.5 percent of charges.,16.81,,,,,,,Fee schedule,90 Percent of Medicare Laboratory. Covered services not payable under Medicaid Fee Schedules default to a payment of 50 percent of charges.,169.69,,,,,,,Case Rate,"100 Percent of Medicaid APG. ",169.69,,,,,,,Case Rate,"100 Percent of Medicaid APG. ",169.69,,,,,,,Case Rate,"100 Percent of Medicaid APG. ",169.69,,,,,,,Case Rate,"100 Percent of Medicaid APG. ",190.35,,,,,,,Fee Schedule,"1019 % Manhattan Facility Rate. ",70.37,50,,,,,0,percent of total billed charges,50 percent of billed charges; No services were performed during the 15 month look back period.,90.5,,,,,,,Case Rate,"120 Percent of Medicaid APG. Not APG payable, or payable under another fee schedule like ASP/AWP pays at 30% of charges",90.5,,,,,,,Case Rate,"120 Percent of Medicaid APG. Not APG payable, or payable under another fee schedule like ASP/AWP pays at 30% of charges",75.42,,,,,,,Case Rate,"100 Percent of Medicaid APG. Not APG payable, or payable under another fee schedule like ASP/AWP pays at 30% of charges",75.42,,,,,,,Case Rate,"100 Percent of Medicaid APG. Not APG payable, or payable under another fee schedule like ASP/AWP pays at 30% of charges",61.14,,,,,,,Fee Schedule,"238 % 2013 Manhattan Medicare. ",61.14,,,,,,,Fee Schedule,"238 % 2013 Manhattan Medicare. ",18.68,,,,,,,Fee Schedule,"100% Medicare Lab FS. ",61.14,,,,,,,Fee Schedule,"238 % 2013 Manhattan Medicare. ",61.14,,,,,,,Fee Schedule,"238 % 2013 Manhattan Medicare. ",61.14,,,,,,,Fee Schedule,"238 % 2013 Manhattan Medicare. ",61.14,,,,,,,Fee Schedule,"238 % 2013 Manhattan Medicare. ",18.68,,,,,,,Fee Schedule,"100% Medicare Lab FS. ",61.14,,,,,,,Fee Schedule,"238 % 2013 Manhattan Medicare. ",61.14,,,,,,,Fee Schedule,"238 % 2013 Manhattan Medicare. ",46.89,,,,,,,Fee Schedule,"251.017130620985 % Medicare Physician FS TC Rates Only. ",82.96,,,,,,,Fee Schedule,110% of APG. Lesser of 100% of billed charges applies.,16.81,,,,,,,Fee schedule,90 Percent of Medicare Laboratory. Covered services not payable under Medicaid Fee Schedules default to a payment of 50 percent of charges.,169.69,,,,,,,Fee Schedule,225% of NYS APG. Lesser of 100% of billed charges applies.,169.69,,,,,,,Case Rate,225 Percent of Medicaid APG. Covered services not payable under Medicaid Fee Schedules default to a payment of 87.5 percent of charges.,16.81,,,,,,,Fee schedule,90 Percent of Medicare Laboratory. Covered services not payable under Medicaid Fee Schedules default to a payment of 50 percent of charges.,169.69,,,,,,,Fee Schedule,225% of NYS APG. Lesser of 100% of billed charges applies.,169.69,,,,,,,Fee Schedule,225% of NYS APG. Lesser of 100% of billed charges applies.,169.69,,,,,,,Fee Schedule,225% of NYS APG. Lesser of 100% of billed charges applies.,169.69,,,,,,,Fee Schedule,225% of NYS APG. Lesser of 100% of billed charges applies.,169.69,,,,,,,Fee Schedule,225% of NYS APG. Lesser of 100% of billed charges applies.,169.69,,,,,,,Fee Schedule,225% of NYS APG. Lesser of 100% of billed charges applies.,,,,,,,,,"NA. ",,,,,,,,,"NA. ",,,,,,,,,"NA. ",40.78,,,,,,,Fee Schedule,"150 % 2018 Cigna RBRVS fee schedule. ",,,,,,,,,"NA. ",18.68,,,,,,,Fee Schedule,"100% Medicare Lab FS. ",26,,,,,,,Fee Schedule,"100 % 1199 Fee Schedule. ",18.68,,,,,,,Fee Schedule,"100% Medicare Lab FS. ",18.68,,,,,,,Fee Schedule,"100% Medicare Lab FS. ",90.5,,,,,,,Case Rate,"120 Percent of Medicaid APG. Not APG payable, or payable under another fee schedule like ASP/AWP pays at 30% of charges",90.5,,,,,,,Case Rate,"120 Percent of Medicaid APG. Not APG payable, or payable under another fee schedule like ASP/AWP pays at 30% of charges",75.42,,,,,,,Case Rate,"100 Percent of Medicaid APG. Not APG payable, or payable under another fee schedule like ASP/AWP pays at 30% of charges",75.42,,,,,,,Case Rate,"100 Percent of Medicaid APG. Not APG payable, or payable under another fee schedule like ASP/AWP pays at 30% of charges",75.42,,,,,,,Case Rate,"100 Percent of Medicaid APG. ",40.54,,,,,,,Fee Schedule,"217 % Medicare RBRVS. ",46.89,,,,,,,Fee Schedule,"251.017130620985 % Medicare Physician FS TC Rates Only. ",47.63,,,,,,,Fee Schedule,"255 % Medicare RBRVS. ",40.78,,,,,,,Fee Schedule,"150 % 2018 Cigna RBRVS fee schedule. ",18.68,,,,,,,Fee Schedule,"100% Medicare Lab FS. ",18.68,,,,,,,Fee Schedule,"100% Medicare Lab FS. ",18.68,,,,,,,Fee Schedule,"100% Medicare Lab FS. ",18.68,,,,,,,Fee Schedule,"100% Medicare Lab FS. ",18.68,,,,,,,Fee Schedule,"100% Medicare Lab FS. ",18.68,,,,,,,Fee Schedule,"100% Medicare Lab FS. ",,,,,,,,,"NA. ",169.69,,,,,,,Fee Schedule,225% of NYS APG. Lesser of 100% of billed charges applies.,18.68,,,,,,,Fee Schedule,100% Medicaid Fee Schedule. Lesser of 100% of billed charges applies.,61.14,,,,,,,Fee Schedule,"238 % 2013 Manhattan Medicare. ",40.54,,,,,,,Fee Schedule,"217 % Medicare RBRVS. ",40.54,,,,,,,Fee Schedule,"217 % Medicare RBRVS. ",40.54,,,,,,,Fee Schedule,"217 % Medicare RBRVS. ",40.54,,,,,,,Fee Schedule,"217 % Medicare RBRVS. ",18.68,,,,,,,Fee Schedule,"100% Medicare Lab FS. ",75.42,,,,,,,Case Rate,"100 Percent of Medicaid APG. ",61.14,,,,,,,Fee Schedule,"238 % 2013 Manhattan Medicare. ",75.42,,,,,,,Case Rate,"100 Percent of Medicaid APG. ",18.68,,,,,,,Fee Schedule,"100% Medicare Lab FS. ",75.42,,,,,,,Case Rate,"100 Percent of Medicaid APG. ",18.68,,,,,,,Fee Schedule,"100% Medicare Lab FS. ",18.68,,,,,,,Fee Schedule,"100% Medicare Lab FS. ",75.42,,,,,,,Case Rate,"100 Percent of Medicaid APG. ",75.42,,,,,,,Case Rate,"100 Percent of Medicaid APG. ",40.54,,,,,,,Fee Schedule,"217 % Medicare RBRVS. ",40.78,,,,,,,Fee Schedule,"150 % 2018 Cigna RBRVS fee schedule. ",109.7772,78,,,,,0,percent of total billed charges,78% of Billed Charges. Lesser of 100% of billed charges applies.; No services were performed during the 15 month look back period.,20.76,,,,,,,Fee Schedule,"100 % 2019 CMS Clinical Lab National Limit Pub 20190115. ",20.76,,,,,,,Fee Schedule,"100 % 2019 CMS Clinical Lab National Limit Pub 20190115. ",46.89,,,,,,,Fee Schedule,"251.017130620985 % Medicare Physician FS TC Rates Only. ",18.31,,,,,,,Fee Schedule,"98% Lab FS. ",36.05,,,,,,,Fee Schedule,"193 % Medicare RBRVS. ",36.05,,,,,,,Fee Schedule,"193 % Medicare RBRVS. ",48.91,,,,,,,Fee Schedule,"190.4 % 2013 Manhattan Medicare. ",48.91,,,,,,,Fee Schedule,"190.4 % 2013 Manhattan Medicare. ",18.68,,,,,,,Fee Schedule,"100% Medicare Lab FS. ",18.68,,,,,,,Fee Schedule,"100% Medicare Lab FS. ",18.68,,,,,,,Fee Schedule,"100% Medicare Lab FS. ",18.68,,,,,,,Fee Schedule,"100% Medicare Lab FS. ",20.76,,,,,,,Fee Schedule,"100 % 2019 CMS Clinical Lab National Limit Pub 20190115. ",61.14,,,,,,,Fee Schedule,"238 % 2013 Manhattan Medicare. ",61.14,,,,,,,Fee Schedule,"238 % 2013 Manhattan Medicare. ",18.68,,,,,,,Fee Schedule,"100% Medicare Lab FS. ",48.91,,,,,,,Fee Schedule,"190.4 % 2013 Manhattan Medicare. ",47.63,,,,,,,Fee Schedule,"255 % Medicare RBRVS. ",90.5,,,,,,,Fee Schedule,"120 Percent of Medicaid APG. ",75.42,,,,,,,Case Rate,"100 Percent of Medicaid APG. ",40.54,,,,,,,Fee Schedule,"217 % Medicare RBRVS. ",55.03,,,,,,,Fee Schedule,"214.2 % 2013 Manhattan Medicare. ",55.03,,,,,,,Fee Schedule,"214.2 % 2013 Manhattan Medicare. ",61.14,,,,,,,Fee Schedule,"238 % 2013 Manhattan Medicare. ",70.37,50,,,,,0,percent of total billed charges,50 percent of billed charges; No services were performed during the 15 month look back period.,18.68,,,,,,,Fee Schedule,"100% Medicare Lab FS. ",79.19,,,,,,,Fee Schedule,105 percent of Medicaid APG. otherwise 105% of Ordered NYS MCD FS or 105% of ASP+6%,79.19,,,,,,,Fee Schedule,105 percent of Medicaid APG. otherwise 105% of Ordered NYS MCD FS or 105% of ASP+6%,79.19,,,,,,,Fee Schedule,105 percent of Medicaid APG. otherwise 105% of Ordered NYS MCD FS or 105% of ASP+6%,101.81,,,,,,,Fee Schedule,135 percent of Medicaid APG. otherwise 135% of Ordered NYS MCD FS or 135% of ASP+6%,20.76,,,,,,,Fee Schedule,"100 % 2019 CMS Clinical Lab National Limit Pub 20190115. ",79.19,,,,,,,Fee Schedule,105 percent of Medicaid APG. otherwise 105% of Ordered NYS MCD FS or 105% of ASP+6%,79.19,,,,,,,Fee Schedule,105 percent of Medicaid APG. otherwise 105% of Ordered NYS MCD FS or 105% of ASP+6%,79.19,,,,,,,Fee Schedule,105 percent of Medicaid APG. otherwise 105% of Ordered NYS MCD FS or 105% of ASP+6%,79.19,,,,,,,Fee Schedule,105 percent of Medicaid APG. otherwise 105% of Ordered NYS MCD FS or 105% of ASP+6%,79.19,,,,,,,Fee Schedule,105 percent of Medicaid APG. otherwise 105% of Ordered NYS MCD FS or 105% of ASP+6%,101.81,,,,,,,Fee Schedule,135 percent of Medicaid APG. otherwise 135% of Ordered NYS MCD FS or 135% of ASP+6%,101.81,,,,,,,Fee Schedule,135 percent of Medicaid APG. otherwise 135% of Ordered NYS MCD FS or 135% of ASP+6%,18.68,,,,,,,Fee Schedule,"100% Medicare Lab FS. ",20.76,,,,,,,Fee Schedule,"100 % 2019 CMS Clinical Lab National Limit Pub 20190115. ",18.68,,,,,,,Fee Schedule,"100% Medicare Lab FS. ",79.19,,,,,,,Fee Schedule,105 percent of Medicaid APG. otherwise 105% of Ordered NYS MCD FS or 105% of ASP+6%,61.14,,,,,,,Fee Schedule,"238 % 2013 Manhattan Medicare. ",18.68,,,,,,,Fee Schedule,"100% Medicare Lab FS. ",61.14,,,,,,,Fee Schedule,"238 % 2013 Manhattan Medicare. ",61.14,,,,,,,Fee Schedule,"238 % 2013 Manhattan Medicare. ",61.14,,,,,,,Fee Schedule,"238 % 2013 Manhattan Medicare. ",79.19,,,,,,,Fee Schedule,105 percent of Medicaid APG. otherwise 105% of Ordered NYS MCD FS or 105% of ASP+6%,18.68,,,,,,,Fee Schedule,"100% Medicare Lab FS. ",61.14,,,,,,,Fee Schedule,"238 % 2013 Manhattan Medicare. ",101.81,,,,,,,Fee Schedule,135 percent of Medicaid APG. otherwise 135% of Ordered NYS MCD FS or 135% of ASP+6%,61.14,,,,,,,Fee Schedule,"238 % 2013 Manhattan Medicare. ",28.02,,,,,,,Fee Schedule,"150% of Medicare Lab FS. ",18.68,,,,,,,Fee Schedule,"100% Medicare Lab FS. ",40.54,,,,,,,Fee Schedule,"217 % Medicare RBRVS. ",40.54,,,,,,,Fee Schedule,"217 % Medicare RBRVS. ",40.54,,,,,,,Fee Schedule,"217 % Medicare RBRVS. ",40.54,,,,,,,Fee Schedule,"217 % Medicare RBRVS. ",40.54,,,,,,,Fee Schedule,"217 % Medicare RBRVS. ",47.63,,,,,,,Fee Schedule,"255 % Medicare RBRVS. ",47.63,,,,,,,Fee Schedule,"255 % Medicare RBRVS. ",40.54,,,,,,,Fee Schedule,"217 % Medicare RBRVS. ",40.54,,,,,,,Fee Schedule,"217 % Medicare RBRVS. ",40.54,,,,,,,Fee Schedule,"217 % Medicare RBRVS. ",40.54,,,,,,,Fee Schedule,"217 % Medicare RBRVS. ",40.54,,,,,,,Fee Schedule,"217 % Medicare RBRVS. ",18.68,,,,,,,Fee Schedule,"100% Medicare Lab FS. ",47.63,,,,,,,Fee Schedule,"255 % Medicare RBRVS. ",18.68,,,,,,,Fee Schedule,"100% Medicare Lab FS. ",169.69,,,,,,,Case Rate,"225 Percent of Medicaid APG. If not included in Medicaid APG, then 100 Percent of Manhattan Medicare",75.42,,,,,,,Case Rate,"100 Percent of Medicaid APG. If not priced under APG, then Metroplus FeeSched",20.76,,,,,,,Fee Schedule,"100 % 2019 CMS Clinical Lab National Limit Pub 20190115. ",20.76,,,,,,,Fee Schedule,"100 % 2019 CMS Clinical Lab National Limit Pub 20190115. ",18.68,,,,,,,Fee Schedule,"100% Medicare Lab FS. ",36.05,,,,,,,Fee Schedule,"193 % Medicare RBRVS. ",18.68,,,,,,,Fee Schedule,"100% Medicare Lab FS. ",18.68,,,,,,,Fee Schedule,"100% Medicare Lab FS. ",46.89,,,,,,,Fee Schedule,"251.017130620985 % Medicare Physician FS TC Rates Only. ",18.68,,,,,,,Fee Schedule,"100% Medicare Lab FS. ",40.78,,,,,,,Fee Schedule,"150 % 2018 Cigna RBRVS fee schedule. ",18.68,,,,,,,Fee Schedule,"100% Medicare Lab FS. ",40.78,,,,,,,Fee Schedule,"150 % 2018 Cigna RBRVS fee schedule. ",46.89,,,,,,,Fee Schedule,"251.017130620985 % Medicare Physician FS TC Rates Only. ",40.78,,,,,,,Fee Schedule,"150 % 2018 Cigna RBRVS fee schedule. ",18.68,,,,,,,Fee Schedule,"100% Medicare Lab FS. ",75.42,,,,,,,Case Rate,"100 Percent of Medicaid APG. ",18.68,,,,,,,Fee Schedule,"100% Medicare Lab FS. ",40.78,,,,,,,Fee Schedule,"150 % 2018 Cigna RBRVS fee schedule. ",20.76,,,,,,,Fee Schedule,"100 % 2019 CMS Clinical Lab National Limit Pub 20190115. ",75.42,,,,,,,Case Rate,"100 Percent of Medicaid APG. ",61.14,,,,,,,Fee Schedule,"238 % 2013 Manhattan Medicare. ",90.5,,,,,,,Fee Schedule,"120 Percent of Medicaid APG. ",90.5,,,,,,,Fee Schedule,"120 Percent of Medicaid APG. ",61.14,,,,,,,Fee Schedule,"238 % 2013 Manhattan Medicare. ",61.14,,,,,,,Fee Schedule,"238 % 2013 Manhattan Medicare. ",61.14,,,,,,,Fee Schedule,"238 % 2013 Manhattan Medicare. ",20.76,,,,,,,Fee Schedule,"100 % 2019 CMS Clinical Lab National Limit Pub 20190115. ",61.14,,,,,,,Fee Schedule,"238 % 2013 Manhattan Medicare. ",61.14,,,,,,,Fee Schedule,"238 % 2013 Manhattan Medicare. ",61.14,,,,,,,Fee Schedule,"238 % 2013 Manhattan Medicare. ",40.54,,,,,,,Fee Schedule,"217 % Medicare RBRVS. ",40.54,,,,,,,Fee Schedule,"217 % Medicare RBRVS. ",26.34,,,,,,,Fee Schedule,141 Percent of of Medicare Lab FS. Metroplus will reimburse unlisted codes and described codes with no Medicare rate at 50 percent of charges.,75.42,,,,,,,Case Rate,"100 Percent of Medicaid APG. ",20.76,,,,,,,Fee Schedule,"100 % 2019 CMS Clinical Lab National Limit Pub 20190115. ",40.78,,,,,,,Fee Schedule,"150 % 2018 Cigna RBRVS fee schedule. ",46.89,,,,,,,Fee Schedule,"251.017130620985 % Medicare Physician FS TC Rates Only. ",20.76,,,,,,,Fee Schedule,"100 % 2019 CMS Clinical Lab National Limit Pub 20190115. ",46.89,,,,,,,Fee Schedule,"251.017130620985 % Medicare Physician FS TC Rates Only. ",20.76,,,,,,,Fee Schedule,"100 % 2019 CMS Clinical Lab National Limit Pub 20190115. ",61.14,,,,,,,Fee Schedule,"238 % 2013 Manhattan Medicare. ",61.14,,,,,,,Fee Schedule,"238 % 2013 Manhattan Medicare. ",61.14,,,,,,,Fee Schedule,"238 % 2013 Manhattan Medicare. ",61.14,,,,,,,Fee Schedule,"238 % 2013 Manhattan Medicare. ",18.68,,,,,,,Fee Schedule,"100% Medicare Lab FS. ",16.81,190.35,
82528,CPT,2023078,LOCAL,301,RC,HC CORTICOSTERONE,129.33,27.02,both,,,,32,,,,,,,Fee Schedule,"100 % 1199 Fee Schedule. ",32,,,,,,,Fee Schedule,"100 % 1199 Fee Schedule. ",56.53,,,,,,,Fee Schedule,"251.021314387211 % Medicare Physician FS TC Rates Only. ",129.33,100,,,,,0,percent of total billed charges,100 percent of billed charges. ; No services were performed during the 15 month look back period.,22.52,,,,,,,Fee Schedule,"100% Medicare Lab FS. ",56.53,,,,,,,Fee Schedule,"251.021314387211 % Medicare Physician FS TC Rates Only. ",56.53,,,,,,,Fee Schedule,"251.021314387211 % Medicare Physician FS TC Rates Only. ",56.53,,,,,,,Fee Schedule,"251.021314387211 % Medicare Physician FS TC Rates Only. ",108.05,,,,,,,Case Rate,"100 Percent of Medicaid APG. ",90.05,,,,,,,Case Rate,"100 Percent of Medicaid APG. ",100.8774,78,,,,,0,percent of total billed charges,78% of Billed Charges. Lesser of 100% of billed charges applies.; No services were performed during the 15 month look back period.,25.02,,,,,,,Fee Schedule,"100 % 2019 CMS Clinical Lab National Limit Pub 20190115. ",90.05,,,,,,,Case Rate,"100 Percent of Medicaid APG. ",22.52,,,,,,,Fee Schedule,"100% Medicare Lab FS. ",49.06,,,,,,,Fee Schedule,"150 % 2018 Cigna RBRVS fee schedule. ",49.06,,,,,,,Fee Schedule,"150 % 2018 Cigna RBRVS fee schedule. ",49.06,,,,,,,Fee Schedule,"150 % 2018 Cigna RBRVS fee schedule. ",49.06,,,,,,,Fee Schedule,"150 % 2018 Cigna RBRVS fee schedule. ",20.27,,,,,,,Fee schedule,90 Percent of Medicare Laboratory. Covered services not payable under Medicaid Fee Schedules default to a payment of 50 percent of charges.,22.52,,,,,,,Fee Schedule,"100% Medicare Lab FS. ",20.27,,,,,,,Fee schedule,90 Percent of Medicare Laboratory. Covered services not payable under Medicaid Fee Schedules default to a payment of 50 percent of charges.,100.8774,78,,,,,0,percent of total billed charges,78% of Billed Charges. Lesser of 100% of billed charges applies.; No services were performed during the 15 month look back period.,56.53,,,,,,,Fee Schedule,"251.021314387211 % Medicare Physician FS TC Rates Only. ",22.52,,,,,,,Fee Schedule,"100% Medicare Lab FS. ",57.43,,,,,,,Fee Schedule,"255 % Medicare RBRVS. ",22.52,,,,,,,Fee Schedule,"100% Medicare Lab FS. ",22.52,,,,,,,Fee Schedule,"100% Medicare Lab FS. ",100.8774,78,,,,,0,percent of total billed charges,78% of Billed Charges. Lesser of 100% of billed charges applies.; No services were performed during the 15 month look back period.,20.27,,,,,,,Fee Schedule,90 Percent of Medicare RBRVS. Lesser of 100% of billed charges applies.,20.27,,,,,,,Fee Schedule,90 Percent of Medicare RBRVS. Lesser of 100% of billed charges applies.,20.27,,,,,,,Fee schedule,"90 Percent of Medicare RBRVS. ",20.27,,,,,,,Fee schedule,"90 Percent of Medicare RBRVS. ",57.43,,,,,,,Fee Schedule,"255 % Medicare RBRVS. ",57.43,,,,,,,Fee Schedule,"255 % Medicare RBRVS. ",90.05,,,,,,,Case Rate,"100 Percent of Medicaid APG. Not APG payable, or payable under another fee schedule like ASP/AWP pays at 30% of charges",57.43,,,,,,,Fee Schedule,"255 % Medicare RBRVS. ",90.05,,,,,,,Case Rate,"100 Percent of Medicaid APG. Not APG payable, or payable under another fee schedule like ASP/AWP pays at 30% of charges",22.52,,,,,,,Fee Schedule,"100% Medicare Lab FS. ",57.43,,,,,,,Fee Schedule,"255 % Medicare RBRVS. ",100.8774,78,,,,,0,percent of total billed charges,78% of Billed Charges. Lesser of 100% of billed charges applies.; No services were performed during the 15 month look back period.,90.05,,,,,,,Case Rate,"100 Percent of Medicaid APG. If not priced under APG, then Metroplus FeeSched",90.05,,,,,,,Case Rate,"100 Percent of Medicaid APG. If not priced under APG, then Metroplus FeeSched",100.8774,78,,,,,0,percent of total billed charges,78% of Billed Charges. Lesser of 100% of billed charges applies.; No services were performed during the 15 month look back period.,49.06,,,,,,,Fee Schedule,"150 % 2018 Cigna RBRVS fee schedule. ",25.02,,,,,,,Fee Schedule,"100 % 2019 CMS Clinical Lab National Limit Pub 20190115. ",25.02,,,,,,,Fee Schedule,"100 % 2019 CMS Clinical Lab National Limit Pub 20190115. ",100.8774,78,,,,,0,percent of total billed charges,78% of Billed Charges. Lesser of 100% of billed charges applies.; No services were performed during the 15 month look back period.,22.52,,,,,,,Fee Schedule,"100% Medicare Lab FS. ",25.02,,,,,,,Fee Schedule,"100 % 2019 CMS Clinical Lab National Limit Pub 20190115. ",25.02,,,,,,,Fee Schedule,"100 % 2019 CMS Clinical Lab National Limit Pub 20190115. ",25.02,,,,,,,Fee Schedule,"100 % 2019 CMS Clinical Lab National Limit Pub 20190115. ",22.52,,,,,,,Fee Schedule,"100% Medicare Lab FS. ",25.02,,,,,,,Fee Schedule,"100 % 2019 CMS Clinical Lab National Limit Pub 20190115. ",25.02,,,,,,,Fee Schedule,"100 % 2019 CMS Clinical Lab National Limit Pub 20190115. ",22.52,,,,,,,Fee Schedule,"100% of Medicare Lab FS. ",64.665,50,,,,,0,percent of total billed charges,50 percent of billed charges; No services were performed during the 15 month look back period.,73.66,,,,,,,Fee Schedule,"238 % 2013 Manhattan Medicare. ",73.66,,,,,,,Fee Schedule,"238 % 2013 Manhattan Medicare. ",73.66,,,,,,,Fee Schedule,"238 % 2013 Manhattan Medicare. ",73.66,,,,,,,Fee Schedule,"238 % 2013 Manhattan Medicare. ",73.66,,,,,,,Fee Schedule,"238 % 2013 Manhattan Medicare. ",73.66,,,,,,,Fee Schedule,"238 % 2013 Manhattan Medicare. ",22.52,,,,,,,Fee Schedule,"100% Medicare Lab FS. ",22.52,,,,,,,Fee Schedule,"100% Medicare Lab FS. ",73.66,,,,,,,Fee Schedule,"238 % 2013 Manhattan Medicare. ",100.8774,78,,,,,0,percent of total billed charges,78% of Billed Charges. Lesser of 100% of billed charges applies.; No services were performed during the 15 month look back period.,100.8774,78,,,,,0,percent of total billed charges,78% of Billed Charges. Lesser of 100% of billed charges applies.; No services were performed during the 15 month look back period.,100.8774,78,,,,,0,percent of total billed charges,78% of Billed Charges. Lesser of 100% of billed charges applies.; No services were performed during the 15 month look back period.,100.8774,78,,,,,0,percent of total billed charges,78% of Billed Charges. Lesser of 100% of billed charges applies.; No services were performed during the 15 month look back period.,100.8774,78,,,,,0,percent of total billed charges,78% of Billed Charges. Lesser of 100% of billed charges applies.; No services were performed during the 15 month look back period.,100.8774,78,,,,,0,percent of total billed charges,78% of Billed Charges. Lesser of 100% of billed charges applies.; No services were performed during the 15 month look back period.,100.8774,78,,,,,0,percent of total billed charges,78% of Billed Charges. Lesser of 100% of billed charges applies.; No services were performed during the 15 month look back period.,100.8774,78,,,,,0,percent of total billed charges,78% of Billed Charges. Lesser of 100% of billed charges applies.; No services were performed during the 15 month look back period.,100.8774,78,,,,,0,percent of total billed charges,78% of Billed Charges. Lesser of 100% of billed charges applies.; No services were performed during the 15 month look back period.,100.8774,78,,,,,0,percent of total billed charges,78% of Billed Charges. Lesser of 100% of billed charges applies.; No services were performed during the 15 month look back period.,100.8774,78,,,,,0,percent of total billed charges,78% of Billed Charges. Lesser of 100% of billed charges applies.; No services were performed during the 15 month look back period.,100.8774,78,,,,,0,percent of total billed charges,78% of Billed Charges. Lesser of 100% of billed charges applies.; No services were performed during the 15 month look back period.,100.8774,78,,,,,0,percent of total billed charges,78% of Billed Charges. Lesser of 100% of billed charges applies.; No services were performed during the 15 month look back period.,100.8774,78,,,,,0,percent of total billed charges,78% of Billed Charges. Lesser of 100% of billed charges applies.; No services were performed during the 15 month look back period.,100.8774,78,,,,,0,percent of total billed charges,78% of Billed Charges. Lesser of 100% of billed charges applies.; No services were performed during the 15 month look back period.,100.8774,78,,,,,0,percent of total billed charges,78% of Billed Charges. Lesser of 100% of billed charges applies.; No services were performed during the 15 month look back period.,100.8774,78,,,,,0,percent of total billed charges,78% of Billed Charges. Lesser of 100% of billed charges applies.; No services were performed during the 15 month look back period.,100.8774,78,,,,,0,percent of total billed charges,78% of Billed Charges. Lesser of 100% of billed charges applies.; No services were performed during the 15 month look back period.,100.8774,78,,,,,0,percent of total billed charges,78% of Billed Charges. Lesser of 100% of billed charges applies.; No services were performed during the 15 month look back period.,100.8774,78,,,,,0,percent of total billed charges,78% of Billed Charges. Lesser of 100% of billed charges applies.; No services were performed during the 15 month look back period.,100.8774,78,,,,,0,percent of total billed charges,78% of Billed Charges. Lesser of 100% of billed charges applies.; No services were performed during the 15 month look back period.,100.8774,78,,,,,0,percent of total billed charges,78% of Billed Charges. Lesser of 100% of billed charges applies.; No services were performed during the 15 month look back period.,100.8774,78,,,,,0,percent of total billed charges,78% of Billed Charges. Lesser of 100% of billed charges applies.; No services were performed during the 15 month look back period.,100.8774,78,,,,,0,percent of total billed charges,78% of Billed Charges. Lesser of 100% of billed charges applies.; No services were performed during the 15 month look back period.,100.8774,78,,,,,0,percent of total billed charges,78% of Billed Charges. Lesser of 100% of billed charges applies.; No services were performed during the 15 month look back period.,100.8774,78,,,,,0,percent of total billed charges,78% of Billed Charges. Lesser of 100% of billed charges applies.; No services were performed during the 15 month look back period.,57.43,,,,,,,Fee Schedule,"255 % Medicare RBRVS. ",57.43,,,,,,,Fee Schedule,"255 % Medicare RBRVS. ",57.43,,,,,,,Fee Schedule,"255 % Medicare RBRVS. ",57.43,,,,,,,Fee Schedule,"255 % Medicare RBRVS. ",43.46,,,,,,,Fee Schedule,"193 % Medicare RBRVS. ",43.46,,,,,,,Fee Schedule,"193 % Medicare RBRVS. ",49.06,,,,,,,Fee Schedule,"150 % 2018 Cigna RBRVS fee schedule. ",73.66,,,,,,,Fee Schedule,"238 % 2013 Manhattan Medicare. ",25.02,,,,,,,Fee Schedule,"100 % 2019 CMS Clinical Lab National Limit Pub 20190115. ",73.66,,,,,,,Fee Schedule,"238 % 2013 Manhattan Medicare. ",100.8774,78,,,,,0,percent of total billed charges,78% of Billed Charges. Lesser of 100% of billed charges applies.; No services were performed during the 15 month look back period.,43.46,,,,,,,Fee Schedule,"193 % Medicare RBRVS. ",73.66,,,,,,,Fee Schedule,"238 % 2013 Manhattan Medicare. ",25.02,,,,,,,Fee Schedule,"100 % 2019 CMS Clinical Lab National Limit Pub 20190115. ",49.06,,,,,,,Fee Schedule,"150 % 2018 Cigna RBRVS fee schedule. ",,,,,,,,,"NA. ",100.8774,78,,,,,0,percent of total billed charges,78% of Billed Charges. Lesser of 100% of billed charges applies.; No services were performed during the 15 month look back period.,90.05,,,,,,,Case Rate,"100 Percent of Medicaid APG. ",57.43,,,,,,,Fee Schedule,"255 % Medicare RBRVS. ",90.05,,,,,,,Case Rate,"100 Percent of Medicaid APG. Not APG payable, or payable under another fee schedule like ASP/AWP pays at 30% of charges",22.52,,,,,,,Fee Schedule,"100% Medicare Lab FS. ",22.52,,,,,,,Fee Schedule,"100% Medicare Lab FS. ",64.665,50,,,,,0,percent of total billed charges,50 percent of billed charges; No services were performed during the 15 month look back period.,22.52,,,,,,,Fee Schedule,"100% Medicare Lab FS. ",22.52,,,,,,,Fee Schedule,"100% Medicare Lab FS. ",90.05,,,,,,,Case Rate,"100 Percent of Medicaid APG. ",22.52,,,,,,,Fee Schedule,"100% Medicare Lab FS. ",22.52,,,,,,,Fee Schedule,"100% Medicare Lab FS. ",56.53,,,,,,,Fee Schedule,"251.021314387211 % Medicare Physician FS TC Rates Only. ",56.53,,,,,,,Fee Schedule,"251.021314387211 % Medicare Physician FS TC Rates Only. ",22.52,,,,,,,Fee Schedule,"100% Medicare Lab FS. ",49.06,,,,,,,Fee Schedule,"150 % 2018 Cigna RBRVS fee schedule. ",25.02,,,,,,,Fee Schedule,"100 % 2019 CMS Clinical Lab National Limit Pub 20190115. ",25.02,,,,,,,Fee Schedule,"100 % 2019 CMS Clinical Lab National Limit Pub 20190115. ",22.52,,,,,,,Fee Schedule,"100% Medicare Lab FS. ",49.06,,,,,,,Fee Schedule,"150 % 2018 Cigna RBRVS fee schedule. ",56.53,,,,,,,Fee Schedule,"251.021314387211 % Medicare Physician FS TC Rates Only. ",56.53,,,,,,,Fee Schedule,"251.021314387211 % Medicare Physician FS TC Rates Only. ",56.53,,,,,,,Fee Schedule,"251.021314387211 % Medicare Physician FS TC Rates Only. ",100.8774,78,,,,,0,percent of total billed charges,78% of Billed Charges. Lesser of 100% of billed charges applies.; No services were performed during the 15 month look back period.,100.8774,78,,,,,0,percent of total billed charges,78% of Billed Charges. Lesser of 100% of billed charges applies.; No services were performed during the 15 month look back period.,100.8774,78,,,,,0,percent of total billed charges,78% of Billed Charges. Lesser of 100% of billed charges applies.; No services were performed during the 15 month look back period.,100.8774,78,,,,,0,percent of total billed charges,78% of Billed Charges. Lesser of 100% of billed charges applies.; No services were performed during the 15 month look back period.,100.8774,78,,,,,0,percent of total billed charges,78% of Billed Charges. Lesser of 100% of billed charges applies.; No services were performed during the 15 month look back period.,100.8774,78,,,,,0,percent of total billed charges,78% of Billed Charges. Lesser of 100% of billed charges applies.; No services were performed during the 15 month look back period.,100.8774,78,,,,,0,percent of total billed charges,78% of Billed Charges. Lesser of 100% of billed charges applies.; No services were performed during the 15 month look back period.,100.8774,78,,,,,0,percent of total billed charges,78% of Billed Charges. Lesser of 100% of billed charges applies.; No services were performed during the 15 month look back period.,100.8774,78,,,,,0,percent of total billed charges,78% of Billed Charges. Lesser of 100% of billed charges applies.; No services were performed during the 15 month look back period.,100.8774,78,,,,,0,percent of total billed charges,78% of Billed Charges. Lesser of 100% of billed charges applies.; No services were performed during the 15 month look back period.,100.8774,78,,,,,0,percent of total billed charges,78% of Billed Charges. Lesser of 100% of billed charges applies.; No services were performed during the 15 month look back period.,43.46,,,,,,,Fee Schedule,"193 % Medicare RBRVS. ",73.66,,,,,,,Fee Schedule,"238 % 2013 Manhattan Medicare. ",49.06,,,,,,,Fee Schedule,"150 % 2018 Cigna RBRVS fee schedule. ",22.52,,,,,,,Fee Schedule,"100% Medicare Lab FS. ",56.53,,,,,,,Fee Schedule,"251.021314387211 % Medicare Physician FS TC Rates Only. ",49.06,,,,,,,Fee Schedule,"150 % 2018 Cigna RBRVS fee schedule. ",49.06,,,,,,,Fee Schedule,"150 % 2018 Cigna RBRVS fee schedule. ",100.8774,78,,,,,0,percent of total billed charges,78% of Billed Charges. Lesser of 100% of billed charges applies.; No services were performed during the 15 month look back period.,192.7,,,,,,,Case Rate,"141 Percent of current Medicare RBRVS FeeSched. ",49.06,,,,,,,Fee Schedule,"150 % 2018 Cigna RBRVS fee schedule. ",90.05,,,,,,,Case Rate,"100 Percent of Medicaid APG. ",22.52,,,,,,,Fee Schedule,"100% Medicare Lab FS. ",22.52,,,,,,,Fee Schedule,"100% Medicare Lab FS. ",22.52,,,,,,,Fee Schedule,"100% Medicare Lab FS. ",22.52,,,,,,,Fee Schedule,"100% Medicare Lab FS. ",22.52,,,,,,,Fee Schedule,"100% Medicare Lab FS. ",22.52,,,,,,,Fee Schedule,"100% Medicare Lab FS. ",49.06,,,,,,,Fee Schedule,"150 % 2018 Cigna RBRVS fee schedule. ",64.665,50,,,,,0,percent of total billed charges,50 percent of billed charges; No services were performed during the 15 month look back period.,36.03,,,,,,,Fee Schedule,"160 Percent of Medicare Laboratory. ",36.03,,,,,,,Fee Schedule,"160 Percent of Medicare Laboratory. ",36.03,,,,,,,Fee Schedule,"160 Percent of Medicare Laboratory. ",36.03,,,,,,,Fee Schedule,"160 Percent of Medicare Laboratory. ",36.03,,,,,,,Fee Schedule,"160 Percent of Medicare Laboratory. ",,,,,,,,,"NA. ",64.665,50,,,,,0,percent of total billed charges,50 percent of billed charges; No services were performed during the 15 month look back period.,31.75,,,,,,,Fee Schedule,141 Percent of of Medicare Lab FS. Metroplus will reimburse unlisted codes and described codes with no Medicare rate at 50 percent of charges.,31.75,,,,,,,Fee Schedule,141 Percent of of Medicare Lab FS. Metroplus will reimburse unlisted codes and described codes with no Medicare rate at 50 percent of charges.,31.75,,,,,,,Fee Schedule,141 Percent of of Medicare Lab FS. Metroplus will reimburse unlisted codes and described codes with no Medicare rate at 50 percent of charges.,31.75,,,,,,,Fee Schedule,141 Percent of of Medicare Lab FS. Metroplus will reimburse unlisted codes and described codes with no Medicare rate at 50 percent of charges.,31.75,,,,,,,Fee Schedule,141 Percent of of Medicare Lab FS. Metroplus will reimburse unlisted codes and described codes with no Medicare rate at 50 percent of charges.,22.52,,,,,,,Fee Schedule,"100% Medicare Lab FS. ",43.46,,,,,,,Fee Schedule,"193 % Medicare RBRVS. ",43.46,,,,,,,Fee Schedule,"193 % Medicare RBRVS. ",43.46,,,,,,,Fee Schedule,"193 % Medicare RBRVS. ",43.46,,,,,,,Fee Schedule,"193 % Medicare RBRVS. ",56.53,,,,,,,Fee Schedule,"251.021314387211 % Medicare Physician FS TC Rates Only. ",56.53,,,,,,,Fee Schedule,"251.021314387211 % Medicare Physician FS TC Rates Only. ",56.53,,,,,,,Fee Schedule,"251.021314387211 % Medicare Physician FS TC Rates Only. ",56.53,,,,,,,Fee Schedule,"251.021314387211 % Medicare Physician FS TC Rates Only. ",64.665,50,,,,,0,percent of total billed charges,50 percent of billed charges; No services were performed during the 15 month look back period.,64.665,50,,,,,0,percent of total billed charges,50 percent of billed charges; No services were performed during the 15 month look back period.,22.52,,,,,,,Fee Schedule,"100% Medicare Lab FS. ",22.52,,,,,,,Fee Schedule,"100% Medicare Lab FS. ",22.52,,,,,,,Fee Schedule,"100% Medicare Lab FS. ",73.66,,,,,,,Fee Schedule,"238 % 2013 Manhattan Medicare. ",73.66,,,,,,,Fee Schedule,"238 % 2013 Manhattan Medicare. ",73.66,,,,,,,Fee Schedule,"238 % 2013 Manhattan Medicare. ",64.665,50,,,,,0,percent of total billed charges,50 percent of billed charges; No services were performed during the 15 month look back period.,56.53,,,,,,,Fee Schedule,"251.021314387211 % Medicare Physician FS TC Rates Only. ",22.52,,,,,,,Fee Schedule,"100% Medicare Lab FS. ",73.66,,,,,,,Fee Schedule,"238 % 2013 Manhattan Medicare. ",90.05,,,,,,,Case Rate,"100 Percent of Medicaid APG. ",22.97,,,,,,,Fee Schedule,"102% of Medicare Lab FS. ",22.97,,,,,,,Fee Schedule,"102% of Medicare Lab FS. ",22.97,,,,,,,Fee Schedule,"102% of Medicare Lab FS. ",20.27,,,,,,,Fee schedule,"90 Percent of Medicare RBRVS. ",202.6,,,,,,,Fee Schedule,225% of NYS APG. Lesser of 100% of billed charges applies.,202.6,,,,,,,Fee Schedule,225% of NYS APG. Lesser of 100% of billed charges applies.,202.6,,,,,,,Fee Schedule,225% of NYS APG. Lesser of 100% of billed charges applies.,202.6,,,,,,,Fee Schedule,225% of NYS APG. Lesser of 100% of billed charges applies.,202.6,,,,,,,Fee Schedule,225% of NYS APG. Lesser of 100% of billed charges applies.,22.97,,,,,,,Fee Schedule,"102% of Medicare Lab FS. ",90.05,,,,,,,Case Rate,"100 Percent of Medicaid APG. ",20.27,,,,,,,Fee Schedule,90 Percent of Medicare RBRVS. Lesser of 100% of billed charges applies.,202.6,,,,,,,Fee Schedule,225% of NYS APG. Lesser of 100% of billed charges applies.,202.6,,,,,,,Fee Schedule,225% of NYS APG. Lesser of 100% of billed charges applies.,20.27,,,,,,,Fee Schedule,90 Percent of Medicare RBRVS. Lesser of 100% of billed charges applies.,20.27,,,,,,,Fee Schedule,90 Percent of Medicare RBRVS. Lesser of 100% of billed charges applies.,36.03,,,,,,,Fee Schedule,"160 Percent of Medicare Laboratory. ",22.52,,,,,,,Fee Schedule,"100% Medicare Lab FS. ",22.52,,,,,,,Fee Schedule,"100% Medicare Lab FS. ",56.53,,,,,,,Fee Schedule,"251.021314387211 % Medicare Physician FS TC Rates Only. ",22.52,,,,,,,Fee Schedule,"100% Medicare Lab FS. ",202.6,,,,,,,Fee Schedule,"225 Percent of Medicaid APG. ",202.6,,,,,,,Fee Schedule,"225 Percent of Medicaid APG. ",20.27,,,,,,,Fee schedule,"90 Percent of Medicare RBRVS. ",20.27,,,,,,,Fee schedule,"90 Percent of Medicare RBRVS. ",202.6,,,,,,,Case Rate,225 Percent of Medicaid APG. Covered services not payable under Medicaid Fee Schedules default to a payment of 87.5 percent of charges.,20.27,,,,,,,Fee schedule,90 Percent of Medicare Laboratory. Covered services not payable under Medicaid Fee Schedules default to a payment of 50 percent of charges.,202.6,,,,,,,Case Rate,"100 Percent of Medicaid APG. ",202.6,,,,,,,Case Rate,"100 Percent of Medicaid APG. ",202.6,,,,,,,Case Rate,"100 Percent of Medicaid APG. ",202.6,,,,,,,Case Rate,"100 Percent of Medicaid APG. ",229.48,,,,,,,Fee Schedule,"1019 % Manhattan Facility Rate. ",64.665,50,,,,,0,percent of total billed charges,50 percent of billed charges; No services were performed during the 15 month look back period.,108.05,,,,,,,Case Rate,"120 Percent of Medicaid APG. Not APG payable, or payable under another fee schedule like ASP/AWP pays at 30% of charges",108.05,,,,,,,Case Rate,"120 Percent of Medicaid APG. Not APG payable, or payable under another fee schedule like ASP/AWP pays at 30% of charges",90.05,,,,,,,Case Rate,"100 Percent of Medicaid APG. Not APG payable, or payable under another fee schedule like ASP/AWP pays at 30% of charges",90.05,,,,,,,Case Rate,"100 Percent of Medicaid APG. Not APG payable, or payable under another fee schedule like ASP/AWP pays at 30% of charges",73.66,,,,,,,Fee Schedule,"238 % 2013 Manhattan Medicare. ",73.66,,,,,,,Fee Schedule,"238 % 2013 Manhattan Medicare. ",22.52,,,,,,,Fee Schedule,"100% Medicare Lab FS. ",73.66,,,,,,,Fee Schedule,"238 % 2013 Manhattan Medicare. ",73.66,,,,,,,Fee Schedule,"238 % 2013 Manhattan Medicare. ",73.66,,,,,,,Fee Schedule,"238 % 2013 Manhattan Medicare. ",73.66,,,,,,,Fee Schedule,"238 % 2013 Manhattan Medicare. ",22.52,,,,,,,Fee Schedule,"100% Medicare Lab FS. ",73.66,,,,,,,Fee Schedule,"238 % 2013 Manhattan Medicare. ",73.66,,,,,,,Fee Schedule,"238 % 2013 Manhattan Medicare. ",56.53,,,,,,,Fee Schedule,"251.021314387211 % Medicare Physician FS TC Rates Only. ",22.52,,,,,,,Fee Schedule,100% of RBRVS. Lesser of 100% of billed charges applies.,20.27,,,,,,,Fee schedule,90 Percent of Medicare Laboratory. Covered services not payable under Medicaid Fee Schedules default to a payment of 50 percent of charges.,202.6,,,,,,,Fee Schedule,225% of NYS APG. Lesser of 100% of billed charges applies.,202.6,,,,,,,Case Rate,225 Percent of Medicaid APG. Covered services not payable under Medicaid Fee Schedules default to a payment of 87.5 percent of charges.,20.27,,,,,,,Fee schedule,90 Percent of Medicare Laboratory. Covered services not payable under Medicaid Fee Schedules default to a payment of 50 percent of charges.,202.6,,,,,,,Fee Schedule,225% of NYS APG. Lesser of 100% of billed charges applies.,202.6,,,,,,,Fee Schedule,225% of NYS APG. Lesser of 100% of billed charges applies.,202.6,,,,,,,Fee Schedule,225% of NYS APG. Lesser of 100% of billed charges applies.,202.6,,,,,,,Fee Schedule,225% of NYS APG. Lesser of 100% of billed charges applies.,202.6,,,,,,,Fee Schedule,225% of NYS APG. Lesser of 100% of billed charges applies.,202.6,,,,,,,Fee Schedule,225% of NYS APG. Lesser of 100% of billed charges applies.,,,,,,,,,"NA. ",,,,,,,,,"NA. ",,,,,,,,,"NA. ",49.06,,,,,,,Fee Schedule,"150 % 2018 Cigna RBRVS fee schedule. ",,,,,,,,,"NA. ",22.52,,,,,,,Fee Schedule,"100% Medicare Lab FS. ",32,,,,,,,Fee Schedule,"100 % 1199 Fee Schedule. ",22.52,,,,,,,Fee Schedule,"100% Medicare Lab FS. ",22.52,,,,,,,Fee Schedule,"100% Medicare Lab FS. ",108.05,,,,,,,Case Rate,"120 Percent of Medicaid APG. Not APG payable, or payable under another fee schedule like ASP/AWP pays at 30% of charges",108.05,,,,,,,Case Rate,"120 Percent of Medicaid APG. Not APG payable, or payable under another fee schedule like ASP/AWP pays at 30% of charges",90.05,,,,,,,Case Rate,"100 Percent of Medicaid APG. Not APG payable, or payable under another fee schedule like ASP/AWP pays at 30% of charges",90.05,,,,,,,Case Rate,"100 Percent of Medicaid APG. Not APG payable, or payable under another fee schedule like ASP/AWP pays at 30% of charges",90.05,,,,,,,Case Rate,"100 Percent of Medicaid APG. ",48.87,,,,,,,Fee Schedule,"217 % Medicare RBRVS. ",56.53,,,,,,,Fee Schedule,"251.021314387211 % Medicare Physician FS TC Rates Only. ",57.43,,,,,,,Fee Schedule,"255 % Medicare RBRVS. ",49.06,,,,,,,Fee Schedule,"150 % 2018 Cigna RBRVS fee schedule. ",22.52,,,,,,,Fee Schedule,"100% Medicare Lab FS. ",22.52,,,,,,,Fee Schedule,"100% Medicare Lab FS. ",22.52,,,,,,,Fee Schedule,"100% Medicare Lab FS. ",22.52,,,,,,,Fee Schedule,"100% Medicare Lab FS. ",22.52,,,,,,,Fee Schedule,"100% Medicare Lab FS. ",22.52,,,,,,,Fee Schedule,"100% Medicare Lab FS. ",,,,,,,,,"NA. ",202.6,,,,,,,Fee Schedule,225% of NYS APG. Lesser of 100% of billed charges applies.,20.27,,,,,,,Fee Schedule,90 Percent of Medicare RBRVS. Lesser of 100% of billed charges applies.,73.66,,,,,,,Fee Schedule,"238 % 2013 Manhattan Medicare. ",48.87,,,,,,,Fee Schedule,"217 % Medicare RBRVS. ",48.87,,,,,,,Fee Schedule,"217 % Medicare RBRVS. ",48.87,,,,,,,Fee Schedule,"217 % Medicare RBRVS. ",48.87,,,,,,,Fee Schedule,"217 % Medicare RBRVS. ",22.52,,,,,,,Fee Schedule,"100% Medicare Lab FS. ",90.05,,,,,,,Case Rate,"100 Percent of Medicaid APG. ",73.66,,,,,,,Fee Schedule,"238 % 2013 Manhattan Medicare. ",90.05,,,,,,,Case Rate,"100 Percent of Medicaid APG. ",22.52,,,,,,,Fee Schedule,"100% Medicare Lab FS. ",90.05,,,,,,,Case Rate,"100 Percent of Medicaid APG. ",22.52,,,,,,,Fee Schedule,"100% Medicare Lab FS. ",22.52,,,,,,,Fee Schedule,"100% Medicare Lab FS. ",90.05,,,,,,,Case Rate,"100 Percent of Medicaid APG. ",90.05,,,,,,,Case Rate,"100 Percent of Medicaid APG. ",48.87,,,,,,,Fee Schedule,"217 % Medicare RBRVS. ",49.06,,,,,,,Fee Schedule,"150 % 2018 Cigna RBRVS fee schedule. ",100.8774,78,,,,,0,percent of total billed charges,78% of Billed Charges. Lesser of 100% of billed charges applies.; No services were performed during the 15 month look back period.,25.02,,,,,,,Fee Schedule,"100 % 2019 CMS Clinical Lab National Limit Pub 20190115. ",25.02,,,,,,,Fee Schedule,"100 % 2019 CMS Clinical Lab National Limit Pub 20190115. ",56.53,,,,,,,Fee Schedule,"251.021314387211 % Medicare Physician FS TC Rates Only. ",22.07,,,,,,,Fee Schedule,"98% Lab FS. ",43.46,,,,,,,Fee Schedule,"193 % Medicare RBRVS. ",43.46,,,,,,,Fee Schedule,"193 % Medicare RBRVS. ",58.93,,,,,,,Fee Schedule,"190.4 % 2013 Manhattan Medicare. ",58.93,,,,,,,Fee Schedule,"190.4 % 2013 Manhattan Medicare. ",22.52,,,,,,,Fee Schedule,"100% Medicare Lab FS. ",22.52,,,,,,,Fee Schedule,"100% Medicare Lab FS. ",22.52,,,,,,,Fee Schedule,"100% Medicare Lab FS. ",22.52,,,,,,,Fee Schedule,"100% Medicare Lab FS. ",25.02,,,,,,,Fee Schedule,"100 % 2019 CMS Clinical Lab National Limit Pub 20190115. ",73.66,,,,,,,Fee Schedule,"238 % 2013 Manhattan Medicare. ",73.66,,,,,,,Fee Schedule,"238 % 2013 Manhattan Medicare. ",22.52,,,,,,,Fee Schedule,"100% Medicare Lab FS. ",58.93,,,,,,,Fee Schedule,"190.4 % 2013 Manhattan Medicare. ",57.43,,,,,,,Fee Schedule,"255 % Medicare RBRVS. ",108.05,,,,,,,Fee Schedule,"120 Percent of Medicaid APG. ",90.05,,,,,,,Case Rate,"100 Percent of Medicaid APG. ",48.87,,,,,,,Fee Schedule,"217 % Medicare RBRVS. ",66.29,,,,,,,Fee Schedule,"214.2 % 2013 Manhattan Medicare. ",66.29,,,,,,,Fee Schedule,"214.2 % 2013 Manhattan Medicare. ",73.66,,,,,,,Fee Schedule,"238 % 2013 Manhattan Medicare. ",64.665,50,,,,,0,percent of total billed charges,50 percent of billed charges; No services were performed during the 15 month look back period.,22.52,,,,,,,Fee Schedule,"100% Medicare Lab FS. ",94.55,,,,,,,Fee Schedule,105 percent of Medicaid APG. otherwise 105% of Ordered NYS MCD FS or 105% of ASP+6%,94.55,,,,,,,Fee Schedule,105 percent of Medicaid APG. otherwise 105% of Ordered NYS MCD FS or 105% of ASP+6%,94.55,,,,,,,Fee Schedule,105 percent of Medicaid APG. otherwise 105% of Ordered NYS MCD FS or 105% of ASP+6%,121.56,,,,,,,Fee Schedule,135 percent of Medicaid APG. otherwise 135% of Ordered NYS MCD FS or 135% of ASP+6%,25.02,,,,,,,Fee Schedule,"100 % 2019 CMS Clinical Lab National Limit Pub 20190115. ",94.55,,,,,,,Fee Schedule,105 percent of Medicaid APG. otherwise 105% of Ordered NYS MCD FS or 105% of ASP+6%,94.55,,,,,,,Fee Schedule,105 percent of Medicaid APG. otherwise 105% of Ordered NYS MCD FS or 105% of ASP+6%,94.55,,,,,,,Fee Schedule,105 percent of Medicaid APG. otherwise 105% of Ordered NYS MCD FS or 105% of ASP+6%,94.55,,,,,,,Fee Schedule,105 percent of Medicaid APG. otherwise 105% of Ordered NYS MCD FS or 105% of ASP+6%,94.55,,,,,,,Fee Schedule,105 percent of Medicaid APG. otherwise 105% of Ordered NYS MCD FS or 105% of ASP+6%,121.56,,,,,,,Fee Schedule,135 percent of Medicaid APG. otherwise 135% of Ordered NYS MCD FS or 135% of ASP+6%,121.56,,,,,,,Fee Schedule,135 percent of Medicaid APG. otherwise 135% of Ordered NYS MCD FS or 135% of ASP+6%,22.52,,,,,,,Fee Schedule,"100% Medicare Lab FS. ",25.02,,,,,,,Fee Schedule,"100 % 2019 CMS Clinical Lab National Limit Pub 20190115. ",22.52,,,,,,,Fee Schedule,"100% Medicare Lab FS. ",94.55,,,,,,,Fee Schedule,105 percent of Medicaid APG. otherwise 105% of Ordered NYS MCD FS or 105% of ASP+6%,73.66,,,,,,,Fee Schedule,"238 % 2013 Manhattan Medicare. ",22.52,,,,,,,Fee Schedule,"100% Medicare Lab FS. ",73.66,,,,,,,Fee Schedule,"238 % 2013 Manhattan Medicare. ",73.66,,,,,,,Fee Schedule,"238 % 2013 Manhattan Medicare. ",73.66,,,,,,,Fee Schedule,"238 % 2013 Manhattan Medicare. ",94.55,,,,,,,Fee Schedule,105 percent of Medicaid APG. otherwise 105% of Ordered NYS MCD FS or 105% of ASP+6%,22.52,,,,,,,Fee Schedule,"100% Medicare Lab FS. ",73.66,,,,,,,Fee Schedule,"238 % 2013 Manhattan Medicare. ",121.56,,,,,,,Fee Schedule,135 percent of Medicaid APG. otherwise 135% of Ordered NYS MCD FS or 135% of ASP+6%,73.66,,,,,,,Fee Schedule,"238 % 2013 Manhattan Medicare. ",33.78,,,,,,,Fee Schedule,"150% of Medicare Lab FS. ",22.52,,,,,,,Fee Schedule,"100% Medicare Lab FS. ",48.87,,,,,,,Fee Schedule,"217 % Medicare RBRVS. ",48.87,,,,,,,Fee Schedule,"217 % Medicare RBRVS. ",48.87,,,,,,,Fee Schedule,"217 % Medicare RBRVS. ",48.87,,,,,,,Fee Schedule,"217 % Medicare RBRVS. ",48.87,,,,,,,Fee Schedule,"217 % Medicare RBRVS. ",57.43,,,,,,,Fee Schedule,"255 % Medicare RBRVS. ",57.43,,,,,,,Fee Schedule,"255 % Medicare RBRVS. ",48.87,,,,,,,Fee Schedule,"217 % Medicare RBRVS. ",48.87,,,,,,,Fee Schedule,"217 % Medicare RBRVS. ",48.87,,,,,,,Fee Schedule,"217 % Medicare RBRVS. ",48.87,,,,,,,Fee Schedule,"217 % Medicare RBRVS. ",48.87,,,,,,,Fee Schedule,"217 % Medicare RBRVS. ",22.52,,,,,,,Fee Schedule,"100% Medicare Lab FS. ",57.43,,,,,,,Fee Schedule,"255 % Medicare RBRVS. ",22.52,,,,,,,Fee Schedule,"100% Medicare Lab FS. ",202.6,,,,,,,Case Rate,"225 Percent of Medicaid APG. If not included in Medicaid APG, then 100 Percent of Manhattan Medicare",90.05,,,,,,,Case Rate,"100 Percent of Medicaid APG. If not priced under APG, then Metroplus FeeSched",25.02,,,,,,,Fee Schedule,"100 % 2019 CMS Clinical Lab National Limit Pub 20190115. ",25.02,,,,,,,Fee Schedule,"100 % 2019 CMS Clinical Lab National Limit Pub 20190115. ",22.52,,,,,,,Fee Schedule,"100% Medicare Lab FS. ",43.46,,,,,,,Fee Schedule,"193 % Medicare RBRVS. ",22.52,,,,,,,Fee Schedule,"100% Medicare Lab FS. ",22.52,,,,,,,Fee Schedule,"100% Medicare Lab FS. ",56.53,,,,,,,Fee Schedule,"251.021314387211 % Medicare Physician FS TC Rates Only. ",22.52,,,,,,,Fee Schedule,"100% Medicare Lab FS. ",49.06,,,,,,,Fee Schedule,"150 % 2018 Cigna RBRVS fee schedule. ",22.52,,,,,,,Fee Schedule,"100% Medicare Lab FS. ",49.06,,,,,,,Fee Schedule,"150 % 2018 Cigna RBRVS fee schedule. ",56.53,,,,,,,Fee Schedule,"251.021314387211 % Medicare Physician FS TC Rates Only. ",49.06,,,,,,,Fee Schedule,"150 % 2018 Cigna RBRVS fee schedule. ",22.52,,,,,,,Fee Schedule,"100% Medicare Lab FS. ",90.05,,,,,,,Case Rate,"100 Percent of Medicaid APG. ",22.52,,,,,,,Fee Schedule,"100% Medicare Lab FS. ",49.06,,,,,,,Fee Schedule,"150 % 2018 Cigna RBRVS fee schedule. ",25.02,,,,,,,Fee Schedule,"100 % 2019 CMS Clinical Lab National Limit Pub 20190115. ",90.05,,,,,,,Case Rate,"100 Percent of Medicaid APG. ",73.66,,,,,,,Fee Schedule,"238 % 2013 Manhattan Medicare. ",108.05,,,,,,,Fee Schedule,"120 Percent of Medicaid APG. ",108.05,,,,,,,Fee Schedule,"120 Percent of Medicaid APG. ",73.66,,,,,,,Fee Schedule,"238 % 2013 Manhattan Medicare. ",73.66,,,,,,,Fee Schedule,"238 % 2013 Manhattan Medicare. ",73.66,,,,,,,Fee Schedule,"238 % 2013 Manhattan Medicare. ",25.02,,,,,,,Fee Schedule,"100 % 2019 CMS Clinical Lab National Limit Pub 20190115. ",73.66,,,,,,,Fee Schedule,"238 % 2013 Manhattan Medicare. ",73.66,,,,,,,Fee Schedule,"238 % 2013 Manhattan Medicare. ",73.66,,,,,,,Fee Schedule,"238 % 2013 Manhattan Medicare. ",48.87,,,,,,,Fee Schedule,"217 % Medicare RBRVS. ",48.87,,,,,,,Fee Schedule,"217 % Medicare RBRVS. ",31.75,,,,,,,Fee Schedule,141 Percent of of Medicare Lab FS. Metroplus will reimburse unlisted codes and described codes with no Medicare rate at 50 percent of charges.,90.05,,,,,,,Case Rate,"100 Percent of Medicaid APG. ",25.02,,,,,,,Fee Schedule,"100 % 2019 CMS Clinical Lab National Limit Pub 20190115. ",49.06,,,,,,,Fee Schedule,"150 % 2018 Cigna RBRVS fee schedule. ",56.53,,,,,,,Fee Schedule,"251.021314387211 % Medicare Physician FS TC Rates Only. ",25.02,,,,,,,Fee Schedule,"100 % 2019 CMS Clinical Lab National Limit Pub 20190115. ",56.53,,,,,,,Fee Schedule,"251.021314387211 % Medicare Physician FS TC Rates Only. ",25.02,,,,,,,Fee Schedule,"100 % 2019 CMS Clinical Lab National Limit Pub 20190115. ",73.66,,,,,,,Fee Schedule,"238 % 2013 Manhattan Medicare. ",73.66,,,,,,,Fee Schedule,"238 % 2013 Manhattan Medicare. ",73.66,,,,,,,Fee Schedule,"238 % 2013 Manhattan Medicare. ",73.66,,,,,,,Fee Schedule,"238 % 2013 Manhattan Medicare. ",22.52,,,,,,,Fee Schedule,"100% Medicare Lab FS. ",20.27,229.48,
83615,CPT,2021473,LOCAL,300,RC,HC LACTATE (LD) (LDH) ENZYME,132.23,7.25,both,,,,9,,,,,,,Fee Schedule,"100 % 1199 Fee Schedule. ",9,,,,,,,Fee Schedule,"100 % 1199 Fee Schedule. ",15.16,,,,,,,Fee Schedule,"250.993377483444 % Medicare Physician FS TC Rates Only. ",132.23,100,,132.23,132.23,132.23,1 through 10,percent of total billed charges,"100 percent of billed charges. ",6.04,,,,,,,Fee Schedule,"100% Medicare Lab FS. ",15.16,,,,,,,Fee Schedule,"250.993377483444 % Medicare Physician FS TC Rates Only. ",15.16,,,,,,,Fee Schedule,"250.993377483444 % Medicare Physician FS TC Rates Only. ",15.16,,,,,,,Fee Schedule,"250.993377483444 % Medicare Physician FS TC Rates Only. ",85.57,,,,,,,Case Rate,"100 Percent of Medicaid APG. ",71.31,,,,,,,Case Rate,"100 Percent of Medicaid APG. ",103.1394,78,,,,,0,percent of total billed charges,78% of Billed Charges. Lesser of 100% of billed charges applies.; No services were performed during the 15 month look back period.,6.71,,,,,,,Fee Schedule,"100 % 2019 CMS Clinical Lab National Limit Pub 20190115. ",71.31,,,,,,,Case Rate,"100 Percent of Medicaid APG. ",6.04,,,,,,,Fee Schedule,"100% Medicare Lab FS. ",13.38,,,,,,,Fee Schedule,"150 % 2018 Cigna RBRVS fee schedule. ",13.38,,,,,,,Fee Schedule,"150 % 2018 Cigna RBRVS fee schedule. ",13.38,,,,,,,Fee Schedule,"150 % 2018 Cigna RBRVS fee schedule. ",13.38,,,,,,,Fee Schedule,"150 % 2018 Cigna RBRVS fee schedule. ",5.44,,,,,,,Fee schedule,90 Percent of Medicare Laboratory. Covered services not payable under Medicaid Fee Schedules default to a payment of 50 percent of charges.,6.04,,,,,,,Fee Schedule,"100% Medicare Lab FS. ",5.44,,,,,,,Fee schedule,90 Percent of Medicare Laboratory. Covered services not payable under Medicaid Fee Schedules default to a payment of 50 percent of charges.,103.1394,78,,,,,0,percent of total billed charges,78% of Billed Charges. Lesser of 100% of billed charges applies.; No services were performed during the 15 month look back period.,15.16,,,,,,,Fee Schedule,"250.993377483444 % Medicare Physician FS TC Rates Only. ",6.04,,,,,,,Fee Schedule,"100% Medicare Lab FS. ",15.4,,,,,,,Fee Schedule,"255 % Medicare RBRVS. ",6.04,,,,,,,Fee Schedule,"100% Medicare Lab FS. ",6.04,,,,,,,Fee Schedule,"100% Medicare Lab FS. ",103.1394,78,,,,,0,percent of total billed charges,78% of Billed Charges. Lesser of 100% of billed charges applies.; No services were performed during the 15 month look back period.,5.08,,,,,,,Fee Schedule,100% Medicaid Fee Schedule. Lesser of 100% of billed charges applies.,5.08,,,,,,,Fee Schedule,100% Medicaid Fee Schedule. Lesser of 100% of billed charges applies.,5.44,,,,,,,Fee schedule,"90 Percent of Medicare RBRVS. ",5.44,,,,,,,Fee schedule,"90 Percent of Medicare RBRVS. ",15.4,,,,,,,Fee Schedule,"255 % Medicare RBRVS. ",15.4,,,,,,,Fee Schedule,"255 % Medicare RBRVS. ",71.31,,,,,,,Case Rate,"100 Percent of Medicaid APG. Not APG payable, or payable under another fee schedule like ASP/AWP pays at 30% of charges",15.4,,,,,,,Fee Schedule,"255 % Medicare RBRVS. ",71.31,,,,,,,Case Rate,"100 Percent of Medicaid APG. Not APG payable, or payable under another fee schedule like ASP/AWP pays at 30% of charges",6.04,,,,,,,Fee Schedule,"100% Medicare Lab FS. ",15.4,,,,,,,Fee Schedule,"255 % Medicare RBRVS. ",103.1394,78,,132.23,132.23,132.23,41,percent of total billed charges,78% of Billed Charges. Lesser of 100% of billed charges applies.,71.31,,,,,,,Case Rate,"100 Percent of Medicaid APG. If not priced under APG, then Metroplus FeeSched",71.31,,,,,,,Case Rate,"100 Percent of Medicaid APG. If not priced under APG, then Metroplus FeeSched",103.1394,78,,132.23,22.52,132.23,12,percent of total billed charges,78% of Billed Charges. Lesser of 100% of billed charges applies.,13.38,,,,,,,Fee Schedule,"150 % 2018 Cigna RBRVS fee schedule. ",6.71,,,,,,,Fee Schedule,"100 % 2019 CMS Clinical Lab National Limit Pub 20190115. ",6.71,,,,,,,Fee Schedule,"100 % 2019 CMS Clinical Lab National Limit Pub 20190115. ",103.1394,78,,,,,0,percent of total billed charges,78% of Billed Charges. Lesser of 100% of billed charges applies.; No services were performed during the 15 month look back period.,6.04,,,,,,,Fee Schedule,"100% Medicare Lab FS. ",6.71,,,,,,,Fee Schedule,"100 % 2019 CMS Clinical Lab National Limit Pub 20190115. ",6.71,,,,,,,Fee Schedule,"100 % 2019 CMS Clinical Lab National Limit Pub 20190115. ",6.71,,,,,,,Fee Schedule,"100 % 2019 CMS Clinical Lab National Limit Pub 20190115. ",6.04,,,,,,,Fee Schedule,"100% Medicare Lab FS. ",6.71,,,,,,,Fee Schedule,"100 % 2019 CMS Clinical Lab National Limit Pub 20190115. ",6.71,,,,,,,Fee Schedule,"100 % 2019 CMS Clinical Lab National Limit Pub 20190115. ",6.04,,,,,,,Fee Schedule,"100% of Medicare Lab FS. ",66.115,50,,,,,0,percent of total billed charges,50 percent of billed charges; No services were performed during the 15 month look back period.,19.75,,,,,,,Fee Schedule,"238 % 2013 Manhattan Medicare. ",19.75,,,,,,,Fee Schedule,"238 % 2013 Manhattan Medicare. ",19.75,,,,,,,Fee Schedule,"238 % 2013 Manhattan Medicare. ",19.75,,,,,,,Fee Schedule,"238 % 2013 Manhattan Medicare. ",19.75,,,,,,,Fee Schedule,"238 % 2013 Manhattan Medicare. ",19.75,,,,,,,Fee Schedule,"238 % 2013 Manhattan Medicare. ",6.04,,,,,,,Fee Schedule,"100% Medicare Lab FS. ",6.04,,,,,,,Fee Schedule,"100% Medicare Lab FS. ",19.75,,,,,,,Fee Schedule,"238 % 2013 Manhattan Medicare. ",103.1394,78,,,,,0,percent of total billed charges,78% of Billed Charges. Lesser of 100% of billed charges applies.; No services were performed during the 15 month look back period.,103.1394,78,,,,,0,percent of total billed charges,78% of Billed Charges. Lesser of 100% of billed charges applies.; No services were performed during the 15 month look back period.,103.1394,78,,,,,0,percent of total billed charges,78% of Billed Charges. Lesser of 100% of billed charges applies.; No services were performed during the 15 month look back period.,103.1394,78,,,,,0,percent of total billed charges,78% of Billed Charges. Lesser of 100% of billed charges applies.; No services were performed during the 15 month look back period.,103.1394,78,,,,,0,percent of total billed charges,78% of Billed Charges. Lesser of 100% of billed charges applies.; No services were performed during the 15 month look back period.,103.1394,78,,,,,0,percent of total billed charges,78% of Billed Charges. Lesser of 100% of billed charges applies.; No services were performed during the 15 month look back period.,103.1394,78,,,,,0,percent of total billed charges,78% of Billed Charges. Lesser of 100% of billed charges applies.; No services were performed during the 15 month look back period.,103.1394,78,,,,,0,percent of total billed charges,78% of Billed Charges. Lesser of 100% of billed charges applies.; No services were performed during the 15 month look back period.,103.1394,78,,,,,0,percent of total billed charges,78% of Billed Charges. Lesser of 100% of billed charges applies.; No services were performed during the 15 month look back period.,103.1394,78,,,,,0,percent of total billed charges,78% of Billed Charges. Lesser of 100% of billed charges applies.; No services were performed during the 15 month look back period.,103.1394,78,,,,,0,percent of total billed charges,78% of Billed Charges. Lesser of 100% of billed charges applies.; No services were performed during the 15 month look back period.,103.1394,78,,,,,0,percent of total billed charges,78% of Billed Charges. Lesser of 100% of billed charges applies.; No services were performed during the 15 month look back period.,103.1394,78,,,,,0,percent of total billed charges,78% of Billed Charges. Lesser of 100% of billed charges applies.; No services were performed during the 15 month look back period.,103.1394,78,,,,,0,percent of total billed charges,78% of Billed Charges. Lesser of 100% of billed charges applies.; No services were performed during the 15 month look back period.,103.1394,78,,,,,0,percent of total billed charges,78% of Billed Charges. Lesser of 100% of billed charges applies.; No services were performed during the 15 month look back period.,103.1394,78,,,,,0,percent of total billed charges,78% of Billed Charges. Lesser of 100% of billed charges applies.; No services were performed during the 15 month look back period.,103.1394,78,,,,,0,percent of total billed charges,78% of Billed Charges. Lesser of 100% of billed charges applies.; No services were performed during the 15 month look back period.,103.1394,78,,,,,0,percent of total billed charges,78% of Billed Charges. Lesser of 100% of billed charges applies.; No services were performed during the 15 month look back period.,103.1394,78,,,,,0,percent of total billed charges,78% of Billed Charges. Lesser of 100% of billed charges applies.; No services were performed during the 15 month look back period.,103.1394,78,,,,,0,percent of total billed charges,78% of Billed Charges. Lesser of 100% of billed charges applies.; No services were performed during the 15 month look back period.,103.1394,78,,,,,0,percent of total billed charges,78% of Billed Charges. Lesser of 100% of billed charges applies.; No services were performed during the 15 month look back period.,103.1394,78,,,,,0,percent of total billed charges,78% of Billed Charges. Lesser of 100% of billed charges applies.; No services were performed during the 15 month look back period.,103.1394,78,,,,,0,percent of total billed charges,78% of Billed Charges. Lesser of 100% of billed charges applies.; No services were performed during the 15 month look back period.,103.1394,78,,,,,0,percent of total billed charges,78% of Billed Charges. Lesser of 100% of billed charges applies.; No services were performed during the 15 month look back period.,103.1394,78,,,,,0,percent of total billed charges,78% of Billed Charges. Lesser of 100% of billed charges applies.; No services were performed during the 15 month look back period.,103.1394,78,,,,,0,percent of total billed charges,78% of Billed Charges. Lesser of 100% of billed charges applies.; No services were performed during the 15 month look back period.,15.4,,,,,,,Fee Schedule,"255 % Medicare RBRVS. ",15.4,,,,,,,Fee Schedule,"255 % Medicare RBRVS. ",15.4,,,,,,,Fee Schedule,"255 % Medicare RBRVS. ",15.4,,,,,,,Fee Schedule,"255 % Medicare RBRVS. ",11.66,,,,,,,Fee Schedule,"193 % Medicare RBRVS. ",11.66,,,,,,,Fee Schedule,"193 % Medicare RBRVS. ",13.38,,,,,,,Fee Schedule,"150 % 2018 Cigna RBRVS fee schedule. ",19.75,,,,,,,Fee Schedule,"238 % 2013 Manhattan Medicare. ",6.71,,,,,,,Fee Schedule,"100 % 2019 CMS Clinical Lab National Limit Pub 20190115. ",19.75,,,,,,,Fee Schedule,"238 % 2013 Manhattan Medicare. ",103.1394,78,,,,,0,percent of total billed charges,78% of Billed Charges. Lesser of 100% of billed charges applies.; No services were performed during the 15 month look back period.,11.66,,,,,,,Fee Schedule,"193 % Medicare RBRVS. ",19.75,,,,,,,Fee Schedule,"238 % 2013 Manhattan Medicare. ",6.71,,,,,,,Fee Schedule,"100 % 2019 CMS Clinical Lab National Limit Pub 20190115. ",13.38,,,,,,,Fee Schedule,"150 % 2018 Cigna RBRVS fee schedule. ",,,,,,,,,"NA. ",103.1394,78,,,,,0,percent of total billed charges,78% of Billed Charges. Lesser of 100% of billed charges applies.; No services were performed during the 15 month look back period.,71.31,,,,,,,Case Rate,"100 Percent of Medicaid APG. ",15.4,,,,,,,Fee Schedule,"255 % Medicare RBRVS. ",71.31,,,,,,,Case Rate,"100 Percent of Medicaid APG. Not APG payable, or payable under another fee schedule like ASP/AWP pays at 30% of charges",6.04,,,,,,,Fee Schedule,"100% Medicare Lab FS. ",6.04,,,,,,,Fee Schedule,"100% Medicare Lab FS. ",66.115,50,,132.23,132.23,132.23,13,percent of total billed charges,50 percent of billed charges,6.04,,,,,,,Fee Schedule,"100% Medicare Lab FS. ",6.04,,,,,,,Fee Schedule,"100% Medicare Lab FS. ",71.31,,,,,,,Case Rate,"100 Percent of Medicaid APG. ",6.04,,,,,,,Fee Schedule,"100% Medicare Lab FS. ",6.04,,,,,,,Fee Schedule,"100% Medicare Lab FS. ",15.16,,,,,,,Fee Schedule,"250.993377483444 % Medicare Physician FS TC Rates Only. ",15.16,,,,,,,Fee Schedule,"250.993377483444 % Medicare Physician FS TC Rates Only. ",6.04,,,,,,,Fee Schedule,"100% Medicare Lab FS. ",13.38,,,,,,,Fee Schedule,"150 % 2018 Cigna RBRVS fee schedule. ",6.71,,,,,,,Fee Schedule,"100 % 2019 CMS Clinical Lab National Limit Pub 20190115. ",6.71,,,,,,,Fee Schedule,"100 % 2019 CMS Clinical Lab National Limit Pub 20190115. ",6.04,,,,,,,Fee Schedule,"100% Medicare Lab FS. ",13.38,,,,,,,Fee Schedule,"150 % 2018 Cigna RBRVS fee schedule. ",15.16,,,,,,,Fee Schedule,"250.993377483444 % Medicare Physician FS TC Rates Only. ",15.16,,,,,,,Fee Schedule,"250.993377483444 % Medicare Physician FS TC Rates Only. ",15.16,,,,,,,Fee Schedule,"250.993377483444 % Medicare Physician FS TC Rates Only. ",103.1394,78,,,,,0,percent of total billed charges,78% of Billed Charges. Lesser of 100% of billed charges applies.; No services were performed during the 15 month look back period.,103.1394,78,,,,,0,percent of total billed charges,78% of Billed Charges. Lesser of 100% of billed charges applies.; No services were performed during the 15 month look back period.,103.1394,78,,,,,0,percent of total billed charges,78% of Billed Charges. Lesser of 100% of billed charges applies.; No services were performed during the 15 month look back period.,103.1394,78,,,,,0,percent of total billed charges,78% of Billed Charges. Lesser of 100% of billed charges applies.; No services were performed during the 15 month look back period.,103.1394,78,,,,,0,percent of total billed charges,78% of Billed Charges. Lesser of 100% of billed charges applies.; No services were performed during the 15 month look back period.,103.1394,78,,,,,0,percent of total billed charges,78% of Billed Charges. Lesser of 100% of billed charges applies.; No services were performed during the 15 month look back period.,103.1394,78,,,,,0,percent of total billed charges,78% of Billed Charges. Lesser of 100% of billed charges applies.; No services were performed during the 15 month look back period.,103.1394,78,,,,,0,percent of total billed charges,78% of Billed Charges. Lesser of 100% of billed charges applies.; No services were performed during the 15 month look back period.,103.1394,78,,,,,0,percent of total billed charges,78% of Billed Charges. Lesser of 100% of billed charges applies.; No services were performed during the 15 month look back period.,103.1394,78,,,,,0,percent of total billed charges,78% of Billed Charges. Lesser of 100% of billed charges applies.; No services were performed during the 15 month look back period.,103.1394,78,,,,,0,percent of total billed charges,78% of Billed Charges. Lesser of 100% of billed charges applies.; No services were performed during the 15 month look back period.,11.66,,,,,,,Fee Schedule,"193 % Medicare RBRVS. ",19.75,,,,,,,Fee Schedule,"238 % 2013 Manhattan Medicare. ",13.38,,,,,,,Fee Schedule,"150 % 2018 Cigna RBRVS fee schedule. ",6.04,,,,,,,Fee Schedule,"100% Medicare Lab FS. ",15.16,,,,,,,Fee Schedule,"250.993377483444 % Medicare Physician FS TC Rates Only. ",13.38,,,,,,,Fee Schedule,"150 % 2018 Cigna RBRVS fee schedule. ",13.38,,,,,,,Fee Schedule,"150 % 2018 Cigna RBRVS fee schedule. ",103.1394,78,,,,,0,percent of total billed charges,78% of Billed Charges. Lesser of 100% of billed charges applies.; No services were performed during the 15 month look back period.,152.6,,,,,,,Case Rate,"141 Percent of current Medicare RBRVS FeeSched. ",13.38,,,,,,,Fee Schedule,"150 % 2018 Cigna RBRVS fee schedule. ",71.31,,,,,,,Case Rate,"100 Percent of Medicaid APG. ",6.04,,,,,,,Fee Schedule,"100% Medicare Lab FS. ",6.04,,,,,,,Fee Schedule,"100% Medicare Lab FS. ",6.04,,,,,,,Fee Schedule,"100% Medicare Lab FS. ",6.04,,,,,,,Fee Schedule,"100% Medicare Lab FS. ",6.04,,,,,,,Fee Schedule,"100% Medicare Lab FS. ",6.04,,,,,,,Fee Schedule,"100% Medicare Lab FS. ",13.38,,,,,,,Fee Schedule,"150 % 2018 Cigna RBRVS fee schedule. ",66.115,50,,,,,0,percent of total billed charges,50 percent of billed charges; No services were performed during the 15 month look back period.,9.66,,,,,,,Fee Schedule,"160 Percent of Medicare Laboratory. ",9.66,,,,,,,Fee Schedule,"160 Percent of Medicare Laboratory. ",9.66,,,,,,,Fee Schedule,"160 Percent of Medicare Laboratory. ",9.66,,,,,,,Fee Schedule,"160 Percent of Medicare Laboratory. ",9.66,,,,,,,Fee Schedule,"160 Percent of Medicare Laboratory. ",,,,,,,,,"NA. ",66.115,50,,,,,0,percent of total billed charges,50 percent of billed charges; No services were performed during the 15 month look back period.,8.52,,,,,,,Fee Schedule,141 Percent of of Medicare Lab FS. Metroplus will reimburse unlisted codes and described codes with no Medicare rate at 50 percent of charges.,8.52,,,,,,,Fee Schedule,141 Percent of of Medicare Lab FS. Metroplus will reimburse unlisted codes and described codes with no Medicare rate at 50 percent of charges.,8.52,,,,,,,Fee Schedule,141 Percent of of Medicare Lab FS. Metroplus will reimburse unlisted codes and described codes with no Medicare rate at 50 percent of charges.,8.52,,,,,,,Fee Schedule,141 Percent of of Medicare Lab FS. Metroplus will reimburse unlisted codes and described codes with no Medicare rate at 50 percent of charges.,8.52,,,,,,,Fee Schedule,141 Percent of of Medicare Lab FS. Metroplus will reimburse unlisted codes and described codes with no Medicare rate at 50 percent of charges.,6.04,,,,,,,Fee Schedule,"100% Medicare Lab FS. ",11.66,,,,,,,Fee Schedule,"193 % Medicare RBRVS. ",11.66,,,,,,,Fee Schedule,"193 % Medicare RBRVS. ",11.66,,,,,,,Fee Schedule,"193 % Medicare RBRVS. ",11.66,,,,,,,Fee Schedule,"193 % Medicare RBRVS. ",15.16,,,,,,,Fee Schedule,"250.993377483444 % Medicare Physician FS TC Rates Only. ",15.16,,,,,,,Fee Schedule,"250.993377483444 % Medicare Physician FS TC Rates Only. ",15.16,,,,,,,Fee Schedule,"250.993377483444 % Medicare Physician FS TC Rates Only. ",15.16,,,,,,,Fee Schedule,"250.993377483444 % Medicare Physician FS TC Rates Only. ",66.115,50,,,,,0,percent of total billed charges,50 percent of billed charges; No services were performed during the 15 month look back period.,66.115,50,,,,,0,percent of total billed charges,50 percent of billed charges; No services were performed during the 15 month look back period.,6.04,,,,,,,Fee Schedule,"100% Medicare Lab FS. ",6.04,,,,,,,Fee Schedule,"100% Medicare Lab FS. ",6.04,,,,,,,Fee Schedule,"100% Medicare Lab FS. ",19.75,,,,,,,Fee Schedule,"238 % 2013 Manhattan Medicare. ",19.75,,,,,,,Fee Schedule,"238 % 2013 Manhattan Medicare. ",19.75,,,,,,,Fee Schedule,"238 % 2013 Manhattan Medicare. ",66.115,50,,,,,0,percent of total billed charges,50 percent of billed charges; No services were performed during the 15 month look back period.,15.16,,,,,,,Fee Schedule,"250.993377483444 % Medicare Physician FS TC Rates Only. ",6.04,,,,,,,Fee Schedule,"100% Medicare Lab FS. ",19.75,,,,,,,Fee Schedule,"238 % 2013 Manhattan Medicare. ",71.31,,,,,,,Case Rate,"100 Percent of Medicaid APG. ",6.16,,,,,,,Fee Schedule,"102% of Medicare Lab FS. ",6.16,,,,,,,Fee Schedule,"102% of Medicare Lab FS. ",6.16,,,,,,,Fee Schedule,"102% of Medicare Lab FS. ",5.44,,,,,,,Fee schedule,"90 Percent of Medicare RBRVS. ",160.44,,,,,,,Fee Schedule,225% of NYS APG. Lesser of 100% of billed charges applies.,160.44,,,,,,,Fee Schedule,225% of NYS APG. Lesser of 100% of billed charges applies.,160.44,,,,,,,Fee Schedule,225% of NYS APG. Lesser of 100% of billed charges applies.,160.44,,,,,,,Fee Schedule,225% of NYS APG. Lesser of 100% of billed charges applies.,160.44,,,,,,,Fee Schedule,225% of NYS APG. Lesser of 100% of billed charges applies.,6.16,,,,,,,Fee Schedule,"102% of Medicare Lab FS. ",71.31,,,,,,,Case Rate,"100 Percent of Medicaid APG. ",5.08,,,,,,,Fee Schedule,100% Medicaid Fee Schedule. Lesser of 100% of billed charges applies.,160.44,,,,,,,Fee Schedule,225% of NYS APG. Lesser of 100% of billed charges applies.,160.44,,,,,,,Fee Schedule,225% of NYS APG. Lesser of 100% of billed charges applies.,5.08,,,,,,,Fee Schedule,100% Medicaid Fee Schedule. Lesser of 100% of billed charges applies.,5.08,,,,,,,Fee Schedule,100% Medicaid Fee Schedule. Lesser of 100% of billed charges applies.,9.66,,,,,,,Fee Schedule,"160 Percent of Medicare Laboratory. ",6.04,,,,,,,Fee Schedule,"100% Medicare Lab FS. ",6.04,,,,,,,Fee Schedule,"100% Medicare Lab FS. ",15.16,,,,,,,Fee Schedule,"250.993377483444 % Medicare Physician FS TC Rates Only. ",6.04,,,,,,,Fee Schedule,"100% Medicare Lab FS. ",160.44,,,,,,,Fee Schedule,"225 Percent of Medicaid APG. ",160.44,,,,,,,Fee Schedule,"225 Percent of Medicaid APG. ",5.44,,,,,,,Fee schedule,"90 Percent of Medicare RBRVS. ",5.44,,,,,,,Fee schedule,"90 Percent of Medicare RBRVS. ",160.44,,,,,,,Case Rate,225 Percent of Medicaid APG. Covered services not payable under Medicaid Fee Schedules default to a payment of 87.5 percent of charges.,5.44,,,,,,,Fee schedule,90 Percent of Medicare Laboratory. Covered services not payable under Medicaid Fee Schedules default to a payment of 50 percent of charges.,160.44,,,,,,,Case Rate,"100 Percent of Medicaid APG. ",160.44,,,,,,,Case Rate,"100 Percent of Medicaid APG. ",160.44,,,,,,,Case Rate,"100 Percent of Medicaid APG. ",160.44,,,,,,,Case Rate,"100 Percent of Medicaid APG. ",61.55,,,,,,,Fee Schedule,"1019 % Manhattan Facility Rate. ",66.115,50,,,,,0,percent of total billed charges,50 percent of billed charges; No services were performed during the 15 month look back period.,85.57,,,,,,,Case Rate,"120 Percent of Medicaid APG. Not APG payable, or payable under another fee schedule like ASP/AWP pays at 30% of charges",85.57,,,,,,,Case Rate,"120 Percent of Medicaid APG. Not APG payable, or payable under another fee schedule like ASP/AWP pays at 30% of charges",71.31,,,,,,,Case Rate,"100 Percent of Medicaid APG. Not APG payable, or payable under another fee schedule like ASP/AWP pays at 30% of charges",71.31,,,,,,,Case Rate,"100 Percent of Medicaid APG. Not APG payable, or payable under another fee schedule like ASP/AWP pays at 30% of charges",19.75,,,,,,,Fee Schedule,"238 % 2013 Manhattan Medicare. ",19.75,,,,,,,Fee Schedule,"238 % 2013 Manhattan Medicare. ",6.04,,,,,,,Fee Schedule,"100% Medicare Lab FS. ",19.75,,,,,,,Fee Schedule,"238 % 2013 Manhattan Medicare. ",19.75,,,,,,,Fee Schedule,"238 % 2013 Manhattan Medicare. ",19.75,,,,,,,Fee Schedule,"238 % 2013 Manhattan Medicare. ",19.75,,,,,,,Fee Schedule,"238 % 2013 Manhattan Medicare. ",6.04,,,,,,,Fee Schedule,"100% Medicare Lab FS. ",19.75,,,,,,,Fee Schedule,"238 % 2013 Manhattan Medicare. ",19.75,,,,,,,Fee Schedule,"238 % 2013 Manhattan Medicare. ",15.16,,,,,,,Fee Schedule,"250.993377483444 % Medicare Physician FS TC Rates Only. ",78.44,,,,,,,Fee Schedule,110% of APG. Lesser of 100% of billed charges applies.,5.44,,,,,,,Fee schedule,90 Percent of Medicare Laboratory. Covered services not payable under Medicaid Fee Schedules default to a payment of 50 percent of charges.,160.44,,,,,,,Fee Schedule,225% of NYS APG. Lesser of 100% of billed charges applies.,160.44,,,,,,,Case Rate,225 Percent of Medicaid APG. Covered services not payable under Medicaid Fee Schedules default to a payment of 87.5 percent of charges.,5.44,,,,,,,Fee schedule,90 Percent of Medicare Laboratory. Covered services not payable under Medicaid Fee Schedules default to a payment of 50 percent of charges.,160.44,,,,,,,Fee Schedule,225% of NYS APG. Lesser of 100% of billed charges applies.,160.44,,,,,,,Fee Schedule,225% of NYS APG. Lesser of 100% of billed charges applies.,160.44,,,,,,,Fee Schedule,225% of NYS APG. Lesser of 100% of billed charges applies.,160.44,,,,,,,Fee Schedule,225% of NYS APG. Lesser of 100% of billed charges applies.,160.44,,,,,,,Fee Schedule,225% of NYS APG. Lesser of 100% of billed charges applies.,160.44,,,,,,,Fee Schedule,225% of NYS APG. Lesser of 100% of billed charges applies.,,,,,,,,,"NA. ",,,,,,,,,"NA. ",,,,,,,,,"NA. ",13.38,,,,,,,Fee Schedule,"150 % 2018 Cigna RBRVS fee schedule. ",,,,,,,,,"NA. ",6.04,,,,,,,Fee Schedule,"100% Medicare Lab FS. ",9,,,,,,,Fee Schedule,"100 % 1199 Fee Schedule. ",6.04,,,,,,,Fee Schedule,"100% Medicare Lab FS. ",6.04,,,,,,,Fee Schedule,"100% Medicare Lab FS. ",85.57,,,,,,,Case Rate,"120 Percent of Medicaid APG. Not APG payable, or payable under another fee schedule like ASP/AWP pays at 30% of charges",85.57,,,,,,,Case Rate,"120 Percent of Medicaid APG. Not APG payable, or payable under another fee schedule like ASP/AWP pays at 30% of charges",71.31,,,,,,,Case Rate,"100 Percent of Medicaid APG. Not APG payable, or payable under another fee schedule like ASP/AWP pays at 30% of charges",71.31,,,,,,,Case Rate,"100 Percent of Medicaid APG. Not APG payable, or payable under another fee schedule like ASP/AWP pays at 30% of charges",71.31,,,,,,,Case Rate,"100 Percent of Medicaid APG. ",13.11,,,,,,,Fee Schedule,"217 % Medicare RBRVS. ",15.16,,,,,,,Fee Schedule,"250.993377483444 % Medicare Physician FS TC Rates Only. ",15.4,,,,,,,Fee Schedule,"255 % Medicare RBRVS. ",13.38,,,,,,,Fee Schedule,"150 % 2018 Cigna RBRVS fee schedule. ",6.04,,,,,,,Fee Schedule,"100% Medicare Lab FS. ",6.04,,,,,,,Fee Schedule,"100% Medicare Lab FS. ",6.04,,,,,,,Fee Schedule,"100% Medicare Lab FS. ",6.04,,,,,,,Fee Schedule,"100% Medicare Lab FS. ",6.04,,,,,,,Fee Schedule,"100% Medicare Lab FS. ",6.04,,,,,,,Fee Schedule,"100% Medicare Lab FS. ",,,,,,,,,"NA. ",160.44,,,,,,,Fee Schedule,225% of NYS APG. Lesser of 100% of billed charges applies.,5.08,,,,,,,Fee Schedule,100% Medicaid Fee Schedule. Lesser of 100% of billed charges applies.,19.75,,,,,,,Fee Schedule,"238 % 2013 Manhattan Medicare. ",13.11,,,,,,,Fee Schedule,"217 % Medicare RBRVS. ",13.11,,,,,,,Fee Schedule,"217 % Medicare RBRVS. ",13.11,,,,,,,Fee Schedule,"217 % Medicare RBRVS. ",13.11,,,,,,,Fee Schedule,"217 % Medicare RBRVS. ",6.04,,,,,,,Fee Schedule,"100% Medicare Lab FS. ",71.31,,,,,,,Case Rate,"100 Percent of Medicaid APG. ",19.75,,,,,,,Fee Schedule,"238 % 2013 Manhattan Medicare. ",71.31,,,,,,,Case Rate,"100 Percent of Medicaid APG. ",6.04,,,,,,,Fee Schedule,"100% Medicare Lab FS. ",71.31,,,,,,,Case Rate,"100 Percent of Medicaid APG. ",6.04,,,,,,,Fee Schedule,"100% Medicare Lab FS. ",6.04,,,,,,,Fee Schedule,"100% Medicare Lab FS. ",71.31,,,,,,,Case Rate,"100 Percent of Medicaid APG. ",71.31,,,,,,,Case Rate,"100 Percent of Medicaid APG. ",13.11,,,,,,,Fee Schedule,"217 % Medicare RBRVS. ",13.38,,,,,,,Fee Schedule,"150 % 2018 Cigna RBRVS fee schedule. ",103.1394,78,,,,,0,percent of total billed charges,78% of Billed Charges. Lesser of 100% of billed charges applies.; No services were performed during the 15 month look back period.,6.71,,,,,,,Fee Schedule,"100 % 2019 CMS Clinical Lab National Limit Pub 20190115. ",6.71,,,,,,,Fee Schedule,"100 % 2019 CMS Clinical Lab National Limit Pub 20190115. ",15.16,,,,,,,Fee Schedule,"250.993377483444 % Medicare Physician FS TC Rates Only. ",5.92,,,,,,,Fee Schedule,"98% Lab FS. ",11.66,,,,,,,Fee Schedule,"193 % Medicare RBRVS. ",11.66,,,,,,,Fee Schedule,"193 % Medicare RBRVS. ",15.8,,,,,,,Fee Schedule,"190.4 % 2013 Manhattan Medicare. ",15.8,,,,,,,Fee Schedule,"190.4 % 2013 Manhattan Medicare. ",6.04,,,,,,,Fee Schedule,"100% Medicare Lab FS. ",6.04,,,,,,,Fee Schedule,"100% Medicare Lab FS. ",6.04,,,,,,,Fee Schedule,"100% Medicare Lab FS. ",6.04,,,,,,,Fee Schedule,"100% Medicare Lab FS. ",6.71,,,,,,,Fee Schedule,"100 % 2019 CMS Clinical Lab National Limit Pub 20190115. ",19.75,,,,,,,Fee Schedule,"238 % 2013 Manhattan Medicare. ",19.75,,,,,,,Fee Schedule,"238 % 2013 Manhattan Medicare. ",6.04,,,,,,,Fee Schedule,"100% Medicare Lab FS. ",15.8,,,,,,,Fee Schedule,"190.4 % 2013 Manhattan Medicare. ",15.4,,,,,,,Fee Schedule,"255 % Medicare RBRVS. ",85.57,,,,,,,Fee Schedule,"120 Percent of Medicaid APG. ",71.31,,,,,,,Case Rate,"100 Percent of Medicaid APG. ",13.11,,,,,,,Fee Schedule,"217 % Medicare RBRVS. ",17.78,,,,,,,Fee Schedule,"214.2 % 2013 Manhattan Medicare. ",17.78,,,,,,,Fee Schedule,"214.2 % 2013 Manhattan Medicare. ",19.75,,,,,,,Fee Schedule,"238 % 2013 Manhattan Medicare. ",66.115,50,,39.08,39.08,39.08,1 through 10,percent of total billed charges,50 percent of billed charges,6.04,,,,,,,Fee Schedule,"100% Medicare Lab FS. ",74.87,,,,,,,Fee Schedule,105 percent of Medicaid APG. otherwise 105% of Ordered NYS MCD FS or 105% of ASP+6%,74.87,,,,,,,Fee Schedule,105 percent of Medicaid APG. otherwise 105% of Ordered NYS MCD FS or 105% of ASP+6%,74.87,,,,,,,Fee Schedule,105 percent of Medicaid APG. otherwise 105% of Ordered NYS MCD FS or 105% of ASP+6%,96.26,,,,,,,Fee Schedule,135 percent of Medicaid APG. otherwise 135% of Ordered NYS MCD FS or 135% of ASP+6%,6.71,,,,,,,Fee Schedule,"100 % 2019 CMS Clinical Lab National Limit Pub 20190115. ",74.87,,,,,,,Fee Schedule,105 percent of Medicaid APG. otherwise 105% of Ordered NYS MCD FS or 105% of ASP+6%,74.87,,,,,,,Fee Schedule,105 percent of Medicaid APG. otherwise 105% of Ordered NYS MCD FS or 105% of ASP+6%,74.87,,,,,,,Fee Schedule,105 percent of Medicaid APG. otherwise 105% of Ordered NYS MCD FS or 105% of ASP+6%,74.87,,,,,,,Fee Schedule,105 percent of Medicaid APG. otherwise 105% of Ordered NYS MCD FS or 105% of ASP+6%,74.87,,,,,,,Fee Schedule,105 percent of Medicaid APG. otherwise 105% of Ordered NYS MCD FS or 105% of ASP+6%,96.26,,,,,,,Fee Schedule,135 percent of Medicaid APG. otherwise 135% of Ordered NYS MCD FS or 135% of ASP+6%,96.26,,,,,,,Fee Schedule,135 percent of Medicaid APG. otherwise 135% of Ordered NYS MCD FS or 135% of ASP+6%,6.04,,,,,,,Fee Schedule,"100% Medicare Lab FS. ",6.71,,,,,,,Fee Schedule,"100 % 2019 CMS Clinical Lab National Limit Pub 20190115. ",6.04,,,,,,,Fee Schedule,"100% Medicare Lab FS. ",74.87,,,,,,,Fee Schedule,105 percent of Medicaid APG. otherwise 105% of Ordered NYS MCD FS or 105% of ASP+6%,19.75,,,,,,,Fee Schedule,"238 % 2013 Manhattan Medicare. ",6.04,,,,,,,Fee Schedule,"100% Medicare Lab FS. ",19.75,,,,,,,Fee Schedule,"238 % 2013 Manhattan Medicare. ",19.75,,,,,,,Fee Schedule,"238 % 2013 Manhattan Medicare. ",19.75,,,,,,,Fee Schedule,"238 % 2013 Manhattan Medicare. ",74.87,,,,,,,Fee Schedule,105 percent of Medicaid APG. otherwise 105% of Ordered NYS MCD FS or 105% of ASP+6%,6.04,,,,,,,Fee Schedule,"100% Medicare Lab FS. ",19.75,,,,,,,Fee Schedule,"238 % 2013 Manhattan Medicare. ",96.26,,,,,,,Fee Schedule,135 percent of Medicaid APG. otherwise 135% of Ordered NYS MCD FS or 135% of ASP+6%,19.75,,,,,,,Fee Schedule,"238 % 2013 Manhattan Medicare. ",9.06,,,,,,,Fee Schedule,"150% of Medicare Lab FS. ",6.04,,,,,,,Fee Schedule,"100% Medicare Lab FS. ",13.11,,,,,,,Fee Schedule,"217 % Medicare RBRVS. ",13.11,,,,,,,Fee Schedule,"217 % Medicare RBRVS. ",13.11,,,,,,,Fee Schedule,"217 % Medicare RBRVS. ",13.11,,,,,,,Fee Schedule,"217 % Medicare RBRVS. ",13.11,,,,,,,Fee Schedule,"217 % Medicare RBRVS. ",15.4,,,,,,,Fee Schedule,"255 % Medicare RBRVS. ",15.4,,,,,,,Fee Schedule,"255 % Medicare RBRVS. ",13.11,,,,,,,Fee Schedule,"217 % Medicare RBRVS. ",13.11,,,,,,,Fee Schedule,"217 % Medicare RBRVS. ",13.11,,,,,,,Fee Schedule,"217 % Medicare RBRVS. ",13.11,,,,,,,Fee Schedule,"217 % Medicare RBRVS. ",13.11,,,,,,,Fee Schedule,"217 % Medicare RBRVS. ",6.04,,,,,,,Fee Schedule,"100% Medicare Lab FS. ",15.4,,,,,,,Fee Schedule,"255 % Medicare RBRVS. ",6.04,,,,,,,Fee Schedule,"100% Medicare Lab FS. ",160.44,,,,,,,Case Rate,"225 Percent of Medicaid APG. If not included in Medicaid APG, then 100 Percent of Manhattan Medicare",71.31,,,,,,,Case Rate,"100 Percent of Medicaid APG. If not priced under APG, then Metroplus FeeSched",6.71,,,,,,,Fee Schedule,"100 % 2019 CMS Clinical Lab National Limit Pub 20190115. ",6.71,,,,,,,Fee Schedule,"100 % 2019 CMS Clinical Lab National Limit Pub 20190115. ",6.04,,,,,,,Fee Schedule,"100% Medicare Lab FS. ",11.66,,,,,,,Fee Schedule,"193 % Medicare RBRVS. ",6.04,,,,,,,Fee Schedule,"100% Medicare Lab FS. ",6.04,,,,,,,Fee Schedule,"100% Medicare Lab FS. ",15.16,,,,,,,Fee Schedule,"250.993377483444 % Medicare Physician FS TC Rates Only. ",6.04,,,,,,,Fee Schedule,"100% Medicare Lab FS. ",13.38,,,,,,,Fee Schedule,"150 % 2018 Cigna RBRVS fee schedule. ",6.04,,,,,,,Fee Schedule,"100% Medicare Lab FS. ",13.38,,,,,,,Fee Schedule,"150 % 2018 Cigna RBRVS fee schedule. ",15.16,,,,,,,Fee Schedule,"250.993377483444 % Medicare Physician FS TC Rates Only. ",13.38,,,,,,,Fee Schedule,"150 % 2018 Cigna RBRVS fee schedule. ",6.04,,,,,,,Fee Schedule,"100% Medicare Lab FS. ",71.31,,,,,,,Case Rate,"100 Percent of Medicaid APG. ",6.04,,,,,,,Fee Schedule,"100% Medicare Lab FS. ",13.38,,,,,,,Fee Schedule,"150 % 2018 Cigna RBRVS fee schedule. ",6.71,,,,,,,Fee Schedule,"100 % 2019 CMS Clinical Lab National Limit Pub 20190115. ",71.31,,,,,,,Case Rate,"100 Percent of Medicaid APG. ",19.75,,,,,,,Fee Schedule,"238 % 2013 Manhattan Medicare. ",85.57,,,,,,,Fee Schedule,"120 Percent of Medicaid APG. ",85.57,,,,,,,Fee Schedule,"120 Percent of Medicaid APG. ",19.75,,,,,,,Fee Schedule,"238 % 2013 Manhattan Medicare. ",19.75,,,,,,,Fee Schedule,"238 % 2013 Manhattan Medicare. ",19.75,,,,,,,Fee Schedule,"238 % 2013 Manhattan Medicare. ",6.71,,,,,,,Fee Schedule,"100 % 2019 CMS Clinical Lab National Limit Pub 20190115. ",19.75,,,,,,,Fee Schedule,"238 % 2013 Manhattan Medicare. ",19.75,,,,,,,Fee Schedule,"238 % 2013 Manhattan Medicare. ",19.75,,,,,,,Fee Schedule,"238 % 2013 Manhattan Medicare. ",13.11,,,,,,,Fee Schedule,"217 % Medicare RBRVS. ",13.11,,,,,,,Fee Schedule,"217 % Medicare RBRVS. ",8.52,,,,,,,Fee Schedule,141 Percent of of Medicare Lab FS. Metroplus will reimburse unlisted codes and described codes with no Medicare rate at 50 percent of charges.,71.31,,,,,,,Case Rate,"100 Percent of Medicaid APG. ",6.71,,,,,,,Fee Schedule,"100 % 2019 CMS Clinical Lab National Limit Pub 20190115. ",13.38,,,,,,,Fee Schedule,"150 % 2018 Cigna RBRVS fee schedule. ",15.16,,,,,,,Fee Schedule,"250.993377483444 % Medicare Physician FS TC Rates Only. ",6.71,,,,,,,Fee Schedule,"100 % 2019 CMS Clinical Lab National Limit Pub 20190115. ",15.16,,,,,,,Fee Schedule,"250.993377483444 % Medicare Physician FS TC Rates Only. ",6.71,,,,,,,Fee Schedule,"100 % 2019 CMS Clinical Lab National Limit Pub 20190115. ",19.75,,,,,,,Fee Schedule,"238 % 2013 Manhattan Medicare. ",19.75,,,,,,,Fee Schedule,"238 % 2013 Manhattan Medicare. ",19.75,,,,,,,Fee Schedule,"238 % 2013 Manhattan Medicare. ",19.75,,,,,,,Fee Schedule,"238 % 2013 Manhattan Medicare. ",6.04,,,,,,,Fee Schedule,"100% Medicare Lab FS. ",5.08,160.44,
83630,CPT,2021475,LOCAL,300,RC,"HC LACTOFERRIN, FECAL (QUAL)",151.1,23.64,both,,,,11,,,,,,,Fee Schedule,"100 % 1199 Fee Schedule. ",11,,,,,,,Fee Schedule,"100 % 1199 Fee Schedule. ",49.45,,,,,,,Fee Schedule,"251.015228426396 % Medicare Physician FS TC Rates Only. ",151.1,100,,,,,0,percent of total billed charges,100 percent of billed charges. ; No services were performed during the 15 month look back period.,19.7,,,,,,,Fee Schedule,"100% Medicare Lab FS. ",49.45,,,,,,,Fee Schedule,"251.015228426396 % Medicare Physician FS TC Rates Only. ",49.45,,,,,,,Fee Schedule,"251.015228426396 % Medicare Physician FS TC Rates Only. ",49.45,,,,,,,Fee Schedule,"251.015228426396 % Medicare Physician FS TC Rates Only. ",90.5,,,,,,,Case Rate,"100 Percent of Medicaid APG. ",75.42,,,,,,,Case Rate,"100 Percent of Medicaid APG. ",117.858,78,,,,,0,percent of total billed charges,78% of Billed Charges. Lesser of 100% of billed charges applies.; No services were performed during the 15 month look back period.,21.81,,,,,,,Fee Schedule,"100 % 2019 CMS Clinical Lab National Limit Pub 20190115. ",75.42,,,,,,,Case Rate,"100 Percent of Medicaid APG. ",19.7,,,,,,,Fee Schedule,"100% Medicare Lab FS. ",42.69,,,,,,,Fee Schedule,"150 % 2018 Cigna RBRVS fee schedule. ",42.69,,,,,,,Fee Schedule,"150 % 2018 Cigna RBRVS fee schedule. ",42.69,,,,,,,Fee Schedule,"150 % 2018 Cigna RBRVS fee schedule. ",42.69,,,,,,,Fee Schedule,"150 % 2018 Cigna RBRVS fee schedule. ",17.73,,,,,,,Fee schedule,90 Percent of Medicare Laboratory. Covered services not payable under Medicaid Fee Schedules default to a payment of 50 percent of charges.,19.7,,,,,,,Fee Schedule,"100% Medicare Lab FS. ",17.73,,,,,,,Fee schedule,90 Percent of Medicare Laboratory. Covered services not payable under Medicaid Fee Schedules default to a payment of 50 percent of charges.,117.858,78,,,,,0,percent of total billed charges,78% of Billed Charges. Lesser of 100% of billed charges applies.; No services were performed during the 15 month look back period.,49.45,,,,,,,Fee Schedule,"251.015228426396 % Medicare Physician FS TC Rates Only. ",19.7,,,,,,,Fee Schedule,"100% Medicare Lab FS. ",50.23,,,,,,,Fee Schedule,"255 % Medicare RBRVS. ",19.7,,,,,,,Fee Schedule,"100% Medicare Lab FS. ",19.7,,,,,,,Fee Schedule,"100% Medicare Lab FS. ",117.858,78,,,,,0,percent of total billed charges,78% of Billed Charges. Lesser of 100% of billed charges applies.; No services were performed during the 15 month look back period.,5.25,,,,,,,Fee Schedule,100% Medicaid Fee Schedule. Lesser of 100% of billed charges applies.,5.25,,,,,,,Fee Schedule,100% Medicaid Fee Schedule. Lesser of 100% of billed charges applies.,17.73,,,,,,,Fee schedule,"90 Percent of Medicare RBRVS. ",17.73,,,,,,,Fee schedule,"90 Percent of Medicare RBRVS. ",50.23,,,,,,,Fee Schedule,"255 % Medicare RBRVS. ",50.23,,,,,,,Fee Schedule,"255 % Medicare RBRVS. ",75.42,,,,,,,Case Rate,"100 Percent of Medicaid APG. Not APG payable, or payable under another fee schedule like ASP/AWP pays at 30% of charges",50.23,,,,,,,Fee Schedule,"255 % Medicare RBRVS. ",75.42,,,,,,,Case Rate,"100 Percent of Medicaid APG. Not APG payable, or payable under another fee schedule like ASP/AWP pays at 30% of charges",19.7,,,,,,,Fee Schedule,"100% Medicare Lab FS. ",50.23,,,,,,,Fee Schedule,"255 % Medicare RBRVS. ",117.858,78,,,,,0,percent of total billed charges,78% of Billed Charges. Lesser of 100% of billed charges applies.; No services were performed during the 15 month look back period.,75.42,,,,,,,Case Rate,"100 Percent of Medicaid APG. If not priced under APG, then Metroplus FeeSched",75.42,,,,,,,Case Rate,"100 Percent of Medicaid APG. If not priced under APG, then Metroplus FeeSched",117.858,78,,,,,0,percent of total billed charges,78% of Billed Charges. Lesser of 100% of billed charges applies.; No services were performed during the 15 month look back period.,42.69,,,,,,,Fee Schedule,"150 % 2018 Cigna RBRVS fee schedule. ",21.81,,,,,,,Fee Schedule,"100 % 2019 CMS Clinical Lab National Limit Pub 20190115. ",21.81,,,,,,,Fee Schedule,"100 % 2019 CMS Clinical Lab National Limit Pub 20190115. ",117.858,78,,,,,0,percent of total billed charges,78% of Billed Charges. Lesser of 100% of billed charges applies.; No services were performed during the 15 month look back period.,19.7,,,,,,,Fee Schedule,"100% Medicare Lab FS. ",21.81,,,,,,,Fee Schedule,"100 % 2019 CMS Clinical Lab National Limit Pub 20190115. ",21.81,,,,,,,Fee Schedule,"100 % 2019 CMS Clinical Lab National Limit Pub 20190115. ",21.81,,,,,,,Fee Schedule,"100 % 2019 CMS Clinical Lab National Limit Pub 20190115. ",19.7,,,,,,,Fee Schedule,"100% Medicare Lab FS. ",21.81,,,,,,,Fee Schedule,"100 % 2019 CMS Clinical Lab National Limit Pub 20190115. ",21.81,,,,,,,Fee Schedule,"100 % 2019 CMS Clinical Lab National Limit Pub 20190115. ",19.7,,,,,,,Fee Schedule,"100% of Medicare Lab FS. ",75.55,50,,,,,0,percent of total billed charges,50 percent of billed charges; No services were performed during the 15 month look back period.,64.21,,,,,,,Fee Schedule,"238 % 2013 Manhattan Medicare. ",64.21,,,,,,,Fee Schedule,"238 % 2013 Manhattan Medicare. ",64.21,,,,,,,Fee Schedule,"238 % 2013 Manhattan Medicare. ",64.21,,,,,,,Fee Schedule,"238 % 2013 Manhattan Medicare. ",64.21,,,,,,,Fee Schedule,"238 % 2013 Manhattan Medicare. ",64.21,,,,,,,Fee Schedule,"238 % 2013 Manhattan Medicare. ",19.7,,,,,,,Fee Schedule,"100% Medicare Lab FS. ",19.7,,,,,,,Fee Schedule,"100% Medicare Lab FS. ",64.21,,,,,,,Fee Schedule,"238 % 2013 Manhattan Medicare. ",117.858,78,,,,,0,percent of total billed charges,78% of Billed Charges. Lesser of 100% of billed charges applies.; No services were performed during the 15 month look back period.,117.858,78,,,,,0,percent of total billed charges,78% of Billed Charges. Lesser of 100% of billed charges applies.; No services were performed during the 15 month look back period.,117.858,78,,,,,0,percent of total billed charges,78% of Billed Charges. Lesser of 100% of billed charges applies.; No services were performed during the 15 month look back period.,117.858,78,,,,,0,percent of total billed charges,78% of Billed Charges. Lesser of 100% of billed charges applies.; No services were performed during the 15 month look back period.,117.858,78,,,,,0,percent of total billed charges,78% of Billed Charges. Lesser of 100% of billed charges applies.; No services were performed during the 15 month look back period.,117.858,78,,,,,0,percent of total billed charges,78% of Billed Charges. Lesser of 100% of billed charges applies.; No services were performed during the 15 month look back period.,117.858,78,,,,,0,percent of total billed charges,78% of Billed Charges. Lesser of 100% of billed charges applies.; No services were performed during the 15 month look back period.,117.858,78,,,,,0,percent of total billed charges,78% of Billed Charges. Lesser of 100% of billed charges applies.; No services were performed during the 15 month look back period.,117.858,78,,,,,0,percent of total billed charges,78% of Billed Charges. Lesser of 100% of billed charges applies.; No services were performed during the 15 month look back period.,117.858,78,,,,,0,percent of total billed charges,78% of Billed Charges. Lesser of 100% of billed charges applies.; No services were performed during the 15 month look back period.,117.858,78,,,,,0,percent of total billed charges,78% of Billed Charges. Lesser of 100% of billed charges applies.; No services were performed during the 15 month look back period.,117.858,78,,,,,0,percent of total billed charges,78% of Billed Charges. Lesser of 100% of billed charges applies.; No services were performed during the 15 month look back period.,117.858,78,,,,,0,percent of total billed charges,78% of Billed Charges. Lesser of 100% of billed charges applies.; No services were performed during the 15 month look back period.,117.858,78,,,,,0,percent of total billed charges,78% of Billed Charges. Lesser of 100% of billed charges applies.; No services were performed during the 15 month look back period.,117.858,78,,,,,0,percent of total billed charges,78% of Billed Charges. Lesser of 100% of billed charges applies.; No services were performed during the 15 month look back period.,117.858,78,,,,,0,percent of total billed charges,78% of Billed Charges. Lesser of 100% of billed charges applies.; No services were performed during the 15 month look back period.,117.858,78,,,,,0,percent of total billed charges,78% of Billed Charges. Lesser of 100% of billed charges applies.; No services were performed during the 15 month look back period.,117.858,78,,,,,0,percent of total billed charges,78% of Billed Charges. Lesser of 100% of billed charges applies.; No services were performed during the 15 month look back period.,117.858,78,,,,,0,percent of total billed charges,78% of Billed Charges. Lesser of 100% of billed charges applies.; No services were performed during the 15 month look back period.,117.858,78,,,,,0,percent of total billed charges,78% of Billed Charges. Lesser of 100% of billed charges applies.; No services were performed during the 15 month look back period.,117.858,78,,,,,0,percent of total billed charges,78% of Billed Charges. Lesser of 100% of billed charges applies.; No services were performed during the 15 month look back period.,117.858,78,,,,,0,percent of total billed charges,78% of Billed Charges. Lesser of 100% of billed charges applies.; No services were performed during the 15 month look back period.,117.858,78,,,,,0,percent of total billed charges,78% of Billed Charges. Lesser of 100% of billed charges applies.; No services were performed during the 15 month look back period.,117.858,78,,,,,0,percent of total billed charges,78% of Billed Charges. Lesser of 100% of billed charges applies.; No services were performed during the 15 month look back period.,117.858,78,,,,,0,percent of total billed charges,78% of Billed Charges. Lesser of 100% of billed charges applies.; No services were performed during the 15 month look back period.,117.858,78,,,,,0,percent of total billed charges,78% of Billed Charges. Lesser of 100% of billed charges applies.; No services were performed during the 15 month look back period.,50.23,,,,,,,Fee Schedule,"255 % Medicare RBRVS. ",50.23,,,,,,,Fee Schedule,"255 % Medicare RBRVS. ",50.23,,,,,,,Fee Schedule,"255 % Medicare RBRVS. ",50.23,,,,,,,Fee Schedule,"255 % Medicare RBRVS. ",38.02,,,,,,,Fee Schedule,"193 % Medicare RBRVS. ",38.02,,,,,,,Fee Schedule,"193 % Medicare RBRVS. ",42.69,,,,,,,Fee Schedule,"150 % 2018 Cigna RBRVS fee schedule. ",64.21,,,,,,,Fee Schedule,"238 % 2013 Manhattan Medicare. ",21.81,,,,,,,Fee Schedule,"100 % 2019 CMS Clinical Lab National Limit Pub 20190115. ",64.21,,,,,,,Fee Schedule,"238 % 2013 Manhattan Medicare. ",117.858,78,,,,,0,percent of total billed charges,78% of Billed Charges. Lesser of 100% of billed charges applies.; No services were performed during the 15 month look back period.,38.02,,,,,,,Fee Schedule,"193 % Medicare RBRVS. ",64.21,,,,,,,Fee Schedule,"238 % 2013 Manhattan Medicare. ",21.81,,,,,,,Fee Schedule,"100 % 2019 CMS Clinical Lab National Limit Pub 20190115. ",42.69,,,,,,,Fee Schedule,"150 % 2018 Cigna RBRVS fee schedule. ",,,,,,,,,"NA. ",117.858,78,,,,,0,percent of total billed charges,78% of Billed Charges. Lesser of 100% of billed charges applies.; No services were performed during the 15 month look back period.,75.42,,,,,,,Case Rate,"100 Percent of Medicaid APG. ",50.23,,,,,,,Fee Schedule,"255 % Medicare RBRVS. ",75.42,,,,,,,Case Rate,"100 Percent of Medicaid APG. Not APG payable, or payable under another fee schedule like ASP/AWP pays at 30% of charges",19.7,,,,,,,Fee Schedule,"100% Medicare Lab FS. ",19.7,,,,,,,Fee Schedule,"100% Medicare Lab FS. ",75.55,50,,,,,0,percent of total billed charges,50 percent of billed charges; No services were performed during the 15 month look back period.,19.7,,,,,,,Fee Schedule,"100% Medicare Lab FS. ",19.7,,,,,,,Fee Schedule,"100% Medicare Lab FS. ",75.42,,,,,,,Case Rate,"100 Percent of Medicaid APG. ",19.7,,,,,,,Fee Schedule,"100% Medicare Lab FS. ",19.7,,,,,,,Fee Schedule,"100% Medicare Lab FS. ",49.45,,,,,,,Fee Schedule,"251.015228426396 % Medicare Physician FS TC Rates Only. ",49.45,,,,,,,Fee Schedule,"251.015228426396 % Medicare Physician FS TC Rates Only. ",19.7,,,,,,,Fee Schedule,"100% Medicare Lab FS. ",42.69,,,,,,,Fee Schedule,"150 % 2018 Cigna RBRVS fee schedule. ",21.81,,,,,,,Fee Schedule,"100 % 2019 CMS Clinical Lab National Limit Pub 20190115. ",21.81,,,,,,,Fee Schedule,"100 % 2019 CMS Clinical Lab National Limit Pub 20190115. ",19.7,,,,,,,Fee Schedule,"100% Medicare Lab FS. ",42.69,,,,,,,Fee Schedule,"150 % 2018 Cigna RBRVS fee schedule. ",49.45,,,,,,,Fee Schedule,"251.015228426396 % Medicare Physician FS TC Rates Only. ",49.45,,,,,,,Fee Schedule,"251.015228426396 % Medicare Physician FS TC Rates Only. ",49.45,,,,,,,Fee Schedule,"251.015228426396 % Medicare Physician FS TC Rates Only. ",117.858,78,,,,,0,percent of total billed charges,78% of Billed Charges. Lesser of 100% of billed charges applies.; No services were performed during the 15 month look back period.,117.858,78,,,,,0,percent of total billed charges,78% of Billed Charges. Lesser of 100% of billed charges applies.; No services were performed during the 15 month look back period.,117.858,78,,,,,0,percent of total billed charges,78% of Billed Charges. Lesser of 100% of billed charges applies.; No services were performed during the 15 month look back period.,117.858,78,,,,,0,percent of total billed charges,78% of Billed Charges. Lesser of 100% of billed charges applies.; No services were performed during the 15 month look back period.,117.858,78,,,,,0,percent of total billed charges,78% of Billed Charges. Lesser of 100% of billed charges applies.; No services were performed during the 15 month look back period.,117.858,78,,,,,0,percent of total billed charges,78% of Billed Charges. Lesser of 100% of billed charges applies.; No services were performed during the 15 month look back period.,117.858,78,,,,,0,percent of total billed charges,78% of Billed Charges. Lesser of 100% of billed charges applies.; No services were performed during the 15 month look back period.,117.858,78,,,,,0,percent of total billed charges,78% of Billed Charges. Lesser of 100% of billed charges applies.; No services were performed during the 15 month look back period.,117.858,78,,,,,0,percent of total billed charges,78% of Billed Charges. Lesser of 100% of billed charges applies.; No services were performed during the 15 month look back period.,117.858,78,,,,,0,percent of total billed charges,78% of Billed Charges. Lesser of 100% of billed charges applies.; No services were performed during the 15 month look back period.,117.858,78,,,,,0,percent of total billed charges,78% of Billed Charges. Lesser of 100% of billed charges applies.; No services were performed during the 15 month look back period.,38.02,,,,,,,Fee Schedule,"193 % Medicare RBRVS. ",64.21,,,,,,,Fee Schedule,"238 % 2013 Manhattan Medicare. ",42.69,,,,,,,Fee Schedule,"150 % 2018 Cigna RBRVS fee schedule. ",19.7,,,,,,,Fee Schedule,"100% Medicare Lab FS. ",49.45,,,,,,,Fee Schedule,"251.015228426396 % Medicare Physician FS TC Rates Only. ",42.69,,,,,,,Fee Schedule,"150 % 2018 Cigna RBRVS fee schedule. ",42.69,,,,,,,Fee Schedule,"150 % 2018 Cigna RBRVS fee schedule. ",117.858,78,,,,,0,percent of total billed charges,78% of Billed Charges. Lesser of 100% of billed charges applies.; No services were performed during the 15 month look back period.,161.39,,,,,,,Case Rate,"141 Percent of current Medicare RBRVS FeeSched. ",42.69,,,,,,,Fee Schedule,"150 % 2018 Cigna RBRVS fee schedule. ",75.42,,,,,,,Case Rate,"100 Percent of Medicaid APG. ",19.7,,,,,,,Fee Schedule,"100% Medicare Lab FS. ",19.7,,,,,,,Fee Schedule,"100% Medicare Lab FS. ",19.7,,,,,,,Fee Schedule,"100% Medicare Lab FS. ",19.7,,,,,,,Fee Schedule,"100% Medicare Lab FS. ",19.7,,,,,,,Fee Schedule,"100% Medicare Lab FS. ",19.7,,,,,,,Fee Schedule,"100% Medicare Lab FS. ",42.69,,,,,,,Fee Schedule,"150 % 2018 Cigna RBRVS fee schedule. ",75.55,50,,,,,0,percent of total billed charges,50 percent of billed charges; No services were performed during the 15 month look back period.,31.52,,,,,,,Fee Schedule,"160 Percent of Medicare Laboratory. ",31.52,,,,,,,Fee Schedule,"160 Percent of Medicare Laboratory. ",31.52,,,,,,,Fee Schedule,"160 Percent of Medicare Laboratory. ",31.52,,,,,,,Fee Schedule,"160 Percent of Medicare Laboratory. ",31.52,,,,,,,Fee Schedule,"160 Percent of Medicare Laboratory. ",,,,,,,,,"NA. ",75.55,50,,,,,0,percent of total billed charges,50 percent of billed charges; No services were performed during the 15 month look back period.,27.78,,,,,,,Fee Schedule,141 Percent of of Medicare Lab FS. Metroplus will reimburse unlisted codes and described codes with no Medicare rate at 50 percent of charges.,27.78,,,,,,,Fee Schedule,141 Percent of of Medicare Lab FS. Metroplus will reimburse unlisted codes and described codes with no Medicare rate at 50 percent of charges.,27.78,,,,,,,Fee Schedule,141 Percent of of Medicare Lab FS. Metroplus will reimburse unlisted codes and described codes with no Medicare rate at 50 percent of charges.,27.78,,,,,,,Fee Schedule,141 Percent of of Medicare Lab FS. Metroplus will reimburse unlisted codes and described codes with no Medicare rate at 50 percent of charges.,27.78,,,,,,,Fee Schedule,141 Percent of of Medicare Lab FS. Metroplus will reimburse unlisted codes and described codes with no Medicare rate at 50 percent of charges.,19.7,,,,,,,Fee Schedule,"100% Medicare Lab FS. ",38.02,,,,,,,Fee Schedule,"193 % Medicare RBRVS. ",38.02,,,,,,,Fee Schedule,"193 % Medicare RBRVS. ",38.02,,,,,,,Fee Schedule,"193 % Medicare RBRVS. ",38.02,,,,,,,Fee Schedule,"193 % Medicare RBRVS. ",49.45,,,,,,,Fee Schedule,"251.015228426396 % Medicare Physician FS TC Rates Only. ",49.45,,,,,,,Fee Schedule,"251.015228426396 % Medicare Physician FS TC Rates Only. ",49.45,,,,,,,Fee Schedule,"251.015228426396 % Medicare Physician FS TC Rates Only. ",49.45,,,,,,,Fee Schedule,"251.015228426396 % Medicare Physician FS TC Rates Only. ",75.55,50,,,,,0,percent of total billed charges,50 percent of billed charges; No services were performed during the 15 month look back period.,75.55,50,,,,,0,percent of total billed charges,50 percent of billed charges; No services were performed during the 15 month look back period.,19.7,,,,,,,Fee Schedule,"100% Medicare Lab FS. ",19.7,,,,,,,Fee Schedule,"100% Medicare Lab FS. ",19.7,,,,,,,Fee Schedule,"100% Medicare Lab FS. ",64.21,,,,,,,Fee Schedule,"238 % 2013 Manhattan Medicare. ",64.21,,,,,,,Fee Schedule,"238 % 2013 Manhattan Medicare. ",64.21,,,,,,,Fee Schedule,"238 % 2013 Manhattan Medicare. ",75.55,50,,,,,0,percent of total billed charges,50 percent of billed charges; No services were performed during the 15 month look back period.,49.45,,,,,,,Fee Schedule,"251.015228426396 % Medicare Physician FS TC Rates Only. ",19.7,,,,,,,Fee Schedule,"100% Medicare Lab FS. ",64.21,,,,,,,Fee Schedule,"238 % 2013 Manhattan Medicare. ",75.42,,,,,,,Case Rate,"100 Percent of Medicaid APG. ",20.09,,,,,,,Fee Schedule,"102% of Medicare Lab FS. ",20.09,,,,,,,Fee Schedule,"102% of Medicare Lab FS. ",20.09,,,,,,,Fee Schedule,"102% of Medicare Lab FS. ",17.73,,,,,,,Fee schedule,"90 Percent of Medicare RBRVS. ",169.69,,,,,,,Fee Schedule,225% of NYS APG. Lesser of 100% of billed charges applies.,169.69,,,,,,,Fee Schedule,225% of NYS APG. Lesser of 100% of billed charges applies.,169.69,,,,,,,Fee Schedule,225% of NYS APG. Lesser of 100% of billed charges applies.,169.69,,,,,,,Fee Schedule,225% of NYS APG. Lesser of 100% of billed charges applies.,169.69,,,,,,,Fee Schedule,225% of NYS APG. Lesser of 100% of billed charges applies.,20.09,,,,,,,Fee Schedule,"102% of Medicare Lab FS. ",75.42,,,,,,,Case Rate,"100 Percent of Medicaid APG. ",5.25,,,,,,,Fee Schedule,100% Medicaid Fee Schedule. Lesser of 100% of billed charges applies.,169.69,,,,,,,Fee Schedule,225% of NYS APG. Lesser of 100% of billed charges applies.,169.69,,,,,,,Fee Schedule,225% of NYS APG. Lesser of 100% of billed charges applies.,5.25,,,,,,,Fee Schedule,100% Medicaid Fee Schedule. Lesser of 100% of billed charges applies.,5.25,,,,,,,Fee Schedule,100% Medicaid Fee Schedule. Lesser of 100% of billed charges applies.,31.52,,,,,,,Fee Schedule,"160 Percent of Medicare Laboratory. ",19.7,,,,,,,Fee Schedule,"100% Medicare Lab FS. ",19.7,,,,,,,Fee Schedule,"100% Medicare Lab FS. ",49.45,,,,,,,Fee Schedule,"251.015228426396 % Medicare Physician FS TC Rates Only. ",19.7,,,,,,,Fee Schedule,"100% Medicare Lab FS. ",169.69,,,,,,,Fee Schedule,"225 Percent of Medicaid APG. ",169.69,,,,,,,Fee Schedule,"225 Percent of Medicaid APG. ",17.73,,,,,,,Fee schedule,"90 Percent of Medicare RBRVS. ",17.73,,,,,,,Fee schedule,"90 Percent of Medicare RBRVS. ",169.69,,,,,,,Case Rate,225 Percent of Medicaid APG. Covered services not payable under Medicaid Fee Schedules default to a payment of 87.5 percent of charges.,17.73,,,,,,,Fee schedule,90 Percent of Medicare Laboratory. Covered services not payable under Medicaid Fee Schedules default to a payment of 50 percent of charges.,169.69,,,,,,,Case Rate,"100 Percent of Medicaid APG. ",169.69,,,,,,,Case Rate,"100 Percent of Medicaid APG. ",169.69,,,,,,,Case Rate,"100 Percent of Medicaid APG. ",169.69,,,,,,,Case Rate,"100 Percent of Medicaid APG. ",200.74,,,,,,,Fee Schedule,"1019 % Manhattan Facility Rate. ",75.55,50,,,,,0,percent of total billed charges,50 percent of billed charges; No services were performed during the 15 month look back period.,90.5,,,,,,,Case Rate,"120 Percent of Medicaid APG. Not APG payable, or payable under another fee schedule like ASP/AWP pays at 30% of charges",90.5,,,,,,,Case Rate,"120 Percent of Medicaid APG. Not APG payable, or payable under another fee schedule like ASP/AWP pays at 30% of charges",75.42,,,,,,,Case Rate,"100 Percent of Medicaid APG. Not APG payable, or payable under another fee schedule like ASP/AWP pays at 30% of charges",75.42,,,,,,,Case Rate,"100 Percent of Medicaid APG. Not APG payable, or payable under another fee schedule like ASP/AWP pays at 30% of charges",64.21,,,,,,,Fee Schedule,"238 % 2013 Manhattan Medicare. ",64.21,,,,,,,Fee Schedule,"238 % 2013 Manhattan Medicare. ",19.7,,,,,,,Fee Schedule,"100% Medicare Lab FS. ",64.21,,,,,,,Fee Schedule,"238 % 2013 Manhattan Medicare. ",64.21,,,,,,,Fee Schedule,"238 % 2013 Manhattan Medicare. ",64.21,,,,,,,Fee Schedule,"238 % 2013 Manhattan Medicare. ",64.21,,,,,,,Fee Schedule,"238 % 2013 Manhattan Medicare. ",19.7,,,,,,,Fee Schedule,"100% Medicare Lab FS. ",64.21,,,,,,,Fee Schedule,"238 % 2013 Manhattan Medicare. ",64.21,,,,,,,Fee Schedule,"238 % 2013 Manhattan Medicare. ",49.45,,,,,,,Fee Schedule,"251.015228426396 % Medicare Physician FS TC Rates Only. ",82.96,,,,,,,Fee Schedule,110% of APG. Lesser of 100% of billed charges applies.,17.73,,,,,,,Fee schedule,90 Percent of Medicare Laboratory. Covered services not payable under Medicaid Fee Schedules default to a payment of 50 percent of charges.,169.69,,,,,,,Fee Schedule,225% of NYS APG. Lesser of 100% of billed charges applies.,169.69,,,,,,,Case Rate,225 Percent of Medicaid APG. Covered services not payable under Medicaid Fee Schedules default to a payment of 87.5 percent of charges.,17.73,,,,,,,Fee schedule,90 Percent of Medicare Laboratory. Covered services not payable under Medicaid Fee Schedules default to a payment of 50 percent of charges.,169.69,,,,,,,Fee Schedule,225% of NYS APG. Lesser of 100% of billed charges applies.,169.69,,,,,,,Fee Schedule,225% of NYS APG. Lesser of 100% of billed charges applies.,169.69,,,,,,,Fee Schedule,225% of NYS APG. Lesser of 100% of billed charges applies.,169.69,,,,,,,Fee Schedule,225% of NYS APG. Lesser of 100% of billed charges applies.,169.69,,,,,,,Fee Schedule,225% of NYS APG. Lesser of 100% of billed charges applies.,169.69,,,,,,,Fee Schedule,225% of NYS APG. Lesser of 100% of billed charges applies.,,,,,,,,,"NA. ",,,,,,,,,"NA. ",,,,,,,,,"NA. ",42.69,,,,,,,Fee Schedule,"150 % 2018 Cigna RBRVS fee schedule. ",,,,,,,,,"NA. ",19.7,,,,,,,Fee Schedule,"100% Medicare Lab FS. ",11,,,,,,,Fee Schedule,"100 % 1199 Fee Schedule. ",19.7,,,,,,,Fee Schedule,"100% Medicare Lab FS. ",19.7,,,,,,,Fee Schedule,"100% Medicare Lab FS. ",90.5,,,,,,,Case Rate,"120 Percent of Medicaid APG. Not APG payable, or payable under another fee schedule like ASP/AWP pays at 30% of charges",90.5,,,,,,,Case Rate,"120 Percent of Medicaid APG. Not APG payable, or payable under another fee schedule like ASP/AWP pays at 30% of charges",75.42,,,,,,,Case Rate,"100 Percent of Medicaid APG. Not APG payable, or payable under another fee schedule like ASP/AWP pays at 30% of charges",75.42,,,,,,,Case Rate,"100 Percent of Medicaid APG. Not APG payable, or payable under another fee schedule like ASP/AWP pays at 30% of charges",75.42,,,,,,,Case Rate,"100 Percent of Medicaid APG. ",42.75,,,,,,,Fee Schedule,"217 % Medicare RBRVS. ",49.45,,,,,,,Fee Schedule,"251.015228426396 % Medicare Physician FS TC Rates Only. ",50.23,,,,,,,Fee Schedule,"255 % Medicare RBRVS. ",42.69,,,,,,,Fee Schedule,"150 % 2018 Cigna RBRVS fee schedule. ",19.7,,,,,,,Fee Schedule,"100% Medicare Lab FS. ",19.7,,,,,,,Fee Schedule,"100% Medicare Lab FS. ",19.7,,,,,,,Fee Schedule,"100% Medicare Lab FS. ",19.7,,,,,,,Fee Schedule,"100% Medicare Lab FS. ",19.7,,,,,,,Fee Schedule,"100% Medicare Lab FS. ",19.7,,,,,,,Fee Schedule,"100% Medicare Lab FS. ",,,,,,,,,"NA. ",169.69,,,,,,,Fee Schedule,225% of NYS APG. Lesser of 100% of billed charges applies.,5.25,,,,,,,Fee Schedule,100% Medicaid Fee Schedule. Lesser of 100% of billed charges applies.,64.21,,,,,,,Fee Schedule,"238 % 2013 Manhattan Medicare. ",42.75,,,,,,,Fee Schedule,"217 % Medicare RBRVS. ",42.75,,,,,,,Fee Schedule,"217 % Medicare RBRVS. ",42.75,,,,,,,Fee Schedule,"217 % Medicare RBRVS. ",42.75,,,,,,,Fee Schedule,"217 % Medicare RBRVS. ",19.7,,,,,,,Fee Schedule,"100% Medicare Lab FS. ",75.42,,,,,,,Case Rate,"100 Percent of Medicaid APG. ",64.21,,,,,,,Fee Schedule,"238 % 2013 Manhattan Medicare. ",75.42,,,,,,,Case Rate,"100 Percent of Medicaid APG. ",19.7,,,,,,,Fee Schedule,"100% Medicare Lab FS. ",75.42,,,,,,,Case Rate,"100 Percent of Medicaid APG. ",19.7,,,,,,,Fee Schedule,"100% Medicare Lab FS. ",19.7,,,,,,,Fee Schedule,"100% Medicare Lab FS. ",75.42,,,,,,,Case Rate,"100 Percent of Medicaid APG. ",75.42,,,,,,,Case Rate,"100 Percent of Medicaid APG. ",42.75,,,,,,,Fee Schedule,"217 % Medicare RBRVS. ",42.69,,,,,,,Fee Schedule,"150 % 2018 Cigna RBRVS fee schedule. ",117.858,78,,,,,0,percent of total billed charges,78% of Billed Charges. Lesser of 100% of billed charges applies.; No services were performed during the 15 month look back period.,21.81,,,,,,,Fee Schedule,"100 % 2019 CMS Clinical Lab National Limit Pub 20190115. ",21.81,,,,,,,Fee Schedule,"100 % 2019 CMS Clinical Lab National Limit Pub 20190115. ",49.45,,,,,,,Fee Schedule,"251.015228426396 % Medicare Physician FS TC Rates Only. ",19.31,,,,,,,Fee Schedule,"98% Lab FS. ",38.02,,,,,,,Fee Schedule,"193 % Medicare RBRVS. ",38.02,,,,,,,Fee Schedule,"193 % Medicare RBRVS. ",51.37,,,,,,,Fee Schedule,"190.4 % 2013 Manhattan Medicare. ",51.37,,,,,,,Fee Schedule,"190.4 % 2013 Manhattan Medicare. ",19.7,,,,,,,Fee Schedule,"100% Medicare Lab FS. ",19.7,,,,,,,Fee Schedule,"100% Medicare Lab FS. ",19.7,,,,,,,Fee Schedule,"100% Medicare Lab FS. ",19.7,,,,,,,Fee Schedule,"100% Medicare Lab FS. ",21.81,,,,,,,Fee Schedule,"100 % 2019 CMS Clinical Lab National Limit Pub 20190115. ",64.21,,,,,,,Fee Schedule,"238 % 2013 Manhattan Medicare. ",64.21,,,,,,,Fee Schedule,"238 % 2013 Manhattan Medicare. ",19.7,,,,,,,Fee Schedule,"100% Medicare Lab FS. ",51.37,,,,,,,Fee Schedule,"190.4 % 2013 Manhattan Medicare. ",50.23,,,,,,,Fee Schedule,"255 % Medicare RBRVS. ",90.5,,,,,,,Fee Schedule,"120 Percent of Medicaid APG. ",75.42,,,,,,,Case Rate,"100 Percent of Medicaid APG. ",42.75,,,,,,,Fee Schedule,"217 % Medicare RBRVS. ",57.79,,,,,,,Fee Schedule,"214.2 % 2013 Manhattan Medicare. ",57.79,,,,,,,Fee Schedule,"214.2 % 2013 Manhattan Medicare. ",64.21,,,,,,,Fee Schedule,"238 % 2013 Manhattan Medicare. ",75.55,50,,,,,0,percent of total billed charges,50 percent of billed charges; No services were performed during the 15 month look back period.,19.7,,,,,,,Fee Schedule,"100% Medicare Lab FS. ",79.19,,,,,,,Fee Schedule,105 percent of Medicaid APG. otherwise 105% of Ordered NYS MCD FS or 105% of ASP+6%,79.19,,,,,,,Fee Schedule,105 percent of Medicaid APG. otherwise 105% of Ordered NYS MCD FS or 105% of ASP+6%,79.19,,,,,,,Fee Schedule,105 percent of Medicaid APG. otherwise 105% of Ordered NYS MCD FS or 105% of ASP+6%,101.81,,,,,,,Fee Schedule,135 percent of Medicaid APG. otherwise 135% of Ordered NYS MCD FS or 135% of ASP+6%,21.81,,,,,,,Fee Schedule,"100 % 2019 CMS Clinical Lab National Limit Pub 20190115. ",79.19,,,,,,,Fee Schedule,105 percent of Medicaid APG. otherwise 105% of Ordered NYS MCD FS or 105% of ASP+6%,79.19,,,,,,,Fee Schedule,105 percent of Medicaid APG. otherwise 105% of Ordered NYS MCD FS or 105% of ASP+6%,79.19,,,,,,,Fee Schedule,105 percent of Medicaid APG. otherwise 105% of Ordered NYS MCD FS or 105% of ASP+6%,79.19,,,,,,,Fee Schedule,105 percent of Medicaid APG. otherwise 105% of Ordered NYS MCD FS or 105% of ASP+6%,79.19,,,,,,,Fee Schedule,105 percent of Medicaid APG. otherwise 105% of Ordered NYS MCD FS or 105% of ASP+6%,101.81,,,,,,,Fee Schedule,135 percent of Medicaid APG. otherwise 135% of Ordered NYS MCD FS or 135% of ASP+6%,101.81,,,,,,,Fee Schedule,135 percent of Medicaid APG. otherwise 135% of Ordered NYS MCD FS or 135% of ASP+6%,19.7,,,,,,,Fee Schedule,"100% Medicare Lab FS. ",21.81,,,,,,,Fee Schedule,"100 % 2019 CMS Clinical Lab National Limit Pub 20190115. ",19.7,,,,,,,Fee Schedule,"100% Medicare Lab FS. ",79.19,,,,,,,Fee Schedule,105 percent of Medicaid APG. otherwise 105% of Ordered NYS MCD FS or 105% of ASP+6%,64.21,,,,,,,Fee Schedule,"238 % 2013 Manhattan Medicare. ",19.7,,,,,,,Fee Schedule,"100% Medicare Lab FS. ",64.21,,,,,,,Fee Schedule,"238 % 2013 Manhattan Medicare. ",64.21,,,,,,,Fee Schedule,"238 % 2013 Manhattan Medicare. ",64.21,,,,,,,Fee Schedule,"238 % 2013 Manhattan Medicare. ",79.19,,,,,,,Fee Schedule,105 percent of Medicaid APG. otherwise 105% of Ordered NYS MCD FS or 105% of ASP+6%,19.7,,,,,,,Fee Schedule,"100% Medicare Lab FS. ",64.21,,,,,,,Fee Schedule,"238 % 2013 Manhattan Medicare. ",101.81,,,,,,,Fee Schedule,135 percent of Medicaid APG. otherwise 135% of Ordered NYS MCD FS or 135% of ASP+6%,64.21,,,,,,,Fee Schedule,"238 % 2013 Manhattan Medicare. ",29.55,,,,,,,Fee Schedule,"150% of Medicare Lab FS. ",19.7,,,,,,,Fee Schedule,"100% Medicare Lab FS. ",42.75,,,,,,,Fee Schedule,"217 % Medicare RBRVS. ",42.75,,,,,,,Fee Schedule,"217 % Medicare RBRVS. ",42.75,,,,,,,Fee Schedule,"217 % Medicare RBRVS. ",42.75,,,,,,,Fee Schedule,"217 % Medicare RBRVS. ",42.75,,,,,,,Fee Schedule,"217 % Medicare RBRVS. ",50.23,,,,,,,Fee Schedule,"255 % Medicare RBRVS. ",50.23,,,,,,,Fee Schedule,"255 % Medicare RBRVS. ",42.75,,,,,,,Fee Schedule,"217 % Medicare RBRVS. ",42.75,,,,,,,Fee Schedule,"217 % Medicare RBRVS. ",42.75,,,,,,,Fee Schedule,"217 % Medicare RBRVS. ",42.75,,,,,,,Fee Schedule,"217 % Medicare RBRVS. ",42.75,,,,,,,Fee Schedule,"217 % Medicare RBRVS. ",19.7,,,,,,,Fee Schedule,"100% Medicare Lab FS. ",50.23,,,,,,,Fee Schedule,"255 % Medicare RBRVS. ",19.7,,,,,,,Fee Schedule,"100% Medicare Lab FS. ",169.69,,,,,,,Case Rate,"225 Percent of Medicaid APG. If not included in Medicaid APG, then 100 Percent of Manhattan Medicare",75.42,,,,,,,Case Rate,"100 Percent of Medicaid APG. If not priced under APG, then Metroplus FeeSched",21.81,,,,,,,Fee Schedule,"100 % 2019 CMS Clinical Lab National Limit Pub 20190115. ",21.81,,,,,,,Fee Schedule,"100 % 2019 CMS Clinical Lab National Limit Pub 20190115. ",19.7,,,,,,,Fee Schedule,"100% Medicare Lab FS. ",38.02,,,,,,,Fee Schedule,"193 % Medicare RBRVS. ",19.7,,,,,,,Fee Schedule,"100% Medicare Lab FS. ",19.7,,,,,,,Fee Schedule,"100% Medicare Lab FS. ",49.45,,,,,,,Fee Schedule,"251.015228426396 % Medicare Physician FS TC Rates Only. ",19.7,,,,,,,Fee Schedule,"100% Medicare Lab FS. ",42.69,,,,,,,Fee Schedule,"150 % 2018 Cigna RBRVS fee schedule. ",19.7,,,,,,,Fee Schedule,"100% Medicare Lab FS. ",42.69,,,,,,,Fee Schedule,"150 % 2018 Cigna RBRVS fee schedule. ",49.45,,,,,,,Fee Schedule,"251.015228426396 % Medicare Physician FS TC Rates Only. ",42.69,,,,,,,Fee Schedule,"150 % 2018 Cigna RBRVS fee schedule. ",19.7,,,,,,,Fee Schedule,"100% Medicare Lab FS. ",75.42,,,,,,,Case Rate,"100 Percent of Medicaid APG. ",19.7,,,,,,,Fee Schedule,"100% Medicare Lab FS. ",42.69,,,,,,,Fee Schedule,"150 % 2018 Cigna RBRVS fee schedule. ",21.81,,,,,,,Fee Schedule,"100 % 2019 CMS Clinical Lab National Limit Pub 20190115. ",75.42,,,,,,,Case Rate,"100 Percent of Medicaid APG. ",64.21,,,,,,,Fee Schedule,"238 % 2013 Manhattan Medicare. ",90.5,,,,,,,Fee Schedule,"120 Percent of Medicaid APG. ",90.5,,,,,,,Fee Schedule,"120 Percent of Medicaid APG. ",64.21,,,,,,,Fee Schedule,"238 % 2013 Manhattan Medicare. ",64.21,,,,,,,Fee Schedule,"238 % 2013 Manhattan Medicare. ",64.21,,,,,,,Fee Schedule,"238 % 2013 Manhattan Medicare. ",21.81,,,,,,,Fee Schedule,"100 % 2019 CMS Clinical Lab National Limit Pub 20190115. ",64.21,,,,,,,Fee Schedule,"238 % 2013 Manhattan Medicare. ",64.21,,,,,,,Fee Schedule,"238 % 2013 Manhattan Medicare. ",64.21,,,,,,,Fee Schedule,"238 % 2013 Manhattan Medicare. ",42.75,,,,,,,Fee Schedule,"217 % Medicare RBRVS. ",42.75,,,,,,,Fee Schedule,"217 % Medicare RBRVS. ",27.78,,,,,,,Fee Schedule,141 Percent of of Medicare Lab FS. Metroplus will reimburse unlisted codes and described codes with no Medicare rate at 50 percent of charges.,75.42,,,,,,,Case Rate,"100 Percent of Medicaid APG. ",21.81,,,,,,,Fee Schedule,"100 % 2019 CMS Clinical Lab National Limit Pub 20190115. ",42.69,,,,,,,Fee Schedule,"150 % 2018 Cigna RBRVS fee schedule. ",49.45,,,,,,,Fee Schedule,"251.015228426396 % Medicare Physician FS TC Rates Only. ",21.81,,,,,,,Fee Schedule,"100 % 2019 CMS Clinical Lab National Limit Pub 20190115. ",49.45,,,,,,,Fee Schedule,"251.015228426396 % Medicare Physician FS TC Rates Only. ",21.81,,,,,,,Fee Schedule,"100 % 2019 CMS Clinical Lab National Limit Pub 20190115. ",64.21,,,,,,,Fee Schedule,"238 % 2013 Manhattan Medicare. ",64.21,,,,,,,Fee Schedule,"238 % 2013 Manhattan Medicare. ",64.21,,,,,,,Fee Schedule,"238 % 2013 Manhattan Medicare. ",64.21,,,,,,,Fee Schedule,"238 % 2013 Manhattan Medicare. ",19.7,,,,,,,Fee Schedule,"100% Medicare Lab FS. ",5.25,284,
83921,CPT,2021514,LOCAL,301,RC,"HC ORGANIC ACID,  SINGLE, QUANT",221.88,25.45,both,,,,27,,,,,,,Fee Schedule,"100 % 1199 Fee Schedule. ",27,,,,,,,Fee Schedule,"100 % 1199 Fee Schedule. ",53.24,,,,,,,Fee Schedule,"251.013672795851 % Medicare Physician FS TC Rates Only. ",221.88,100,,,,,0,percent of total billed charges,100 percent of billed charges. ; No services were performed during the 15 month look back period.,21.21,,,,,,,Fee Schedule,"100% Medicare Lab FS. ",53.24,,,,,,,Fee Schedule,"251.013672795851 % Medicare Physician FS TC Rates Only. ",53.24,,,,,,,Fee Schedule,"251.013672795851 % Medicare Physician FS TC Rates Only. ",53.24,,,,,,,Fee Schedule,"251.013672795851 % Medicare Physician FS TC Rates Only. ",90.5,,,,,,,Case Rate,"100 Percent of Medicaid APG. ",75.42,,,,,,,Case Rate,"100 Percent of Medicaid APG. ",173.0664,78,,,,,0,percent of total billed charges,78% of Billed Charges. Lesser of 100% of billed charges applies.; No services were performed during the 15 month look back period.,21.21,,,,,,,Fee Schedule,"100 % 2019 CMS Clinical Lab National Limit Pub 20190115. ",75.42,,,,,,,Case Rate,"100 Percent of Medicaid APG. ",21.21,,,,,,,Fee Schedule,"100% Medicare Lab FS. ",37.59,,,,,,,Fee Schedule,"150 % 2018 Cigna RBRVS fee schedule. ",37.59,,,,,,,Fee Schedule,"150 % 2018 Cigna RBRVS fee schedule. ",37.59,,,,,,,Fee Schedule,"150 % 2018 Cigna RBRVS fee schedule. ",37.59,,,,,,,Fee Schedule,"150 % 2018 Cigna RBRVS fee schedule. ",19.09,,,,,,,Fee schedule,90 Percent of Medicare Laboratory. Covered services not payable under Medicaid Fee Schedules default to a payment of 50 percent of charges.,21.21,,,,,,,Fee Schedule,"100% Medicare Lab FS. ",19.09,,,,,,,Fee schedule,90 Percent of Medicare Laboratory. Covered services not payable under Medicaid Fee Schedules default to a payment of 50 percent of charges.,173.0664,78,,,,,0,percent of total billed charges,78% of Billed Charges. Lesser of 100% of billed charges applies.; No services were performed during the 15 month look back period.,53.24,,,,,,,Fee Schedule,"251.013672795851 % Medicare Physician FS TC Rates Only. ",21.21,,,,,,,Fee Schedule,"100% Medicare Lab FS. ",54.09,,,,,,,Fee Schedule,"255 % Medicare RBRVS. ",21.21,,,,,,,Fee Schedule,"100% Medicare Lab FS. ",21.21,,,,,,,Fee Schedule,"100% Medicare Lab FS. ",173.0664,78,,,,,0,percent of total billed charges,78% of Billed Charges. Lesser of 100% of billed charges applies.; No services were performed during the 15 month look back period.,21.21,,,,,,,Fee Schedule,100% Medicaid Fee Schedule. Lesser of 100% of billed charges applies.,21.21,,,,,,,Fee Schedule,100% Medicaid Fee Schedule. Lesser of 100% of billed charges applies.,19.09,,,,,,,Fee schedule,"90 Percent of Medicare RBRVS. ",19.09,,,,,,,Fee schedule,"90 Percent of Medicare RBRVS. ",54.09,,,,,,,Fee Schedule,"255 % Medicare RBRVS. ",54.09,,,,,,,Fee Schedule,"255 % Medicare RBRVS. ",75.42,,,,,,,Case Rate,"100 Percent of Medicaid APG. Not APG payable, or payable under another fee schedule like ASP/AWP pays at 30% of charges",54.09,,,,,,,Fee Schedule,"255 % Medicare RBRVS. ",75.42,,,,,,,Case Rate,"100 Percent of Medicaid APG. Not APG payable, or payable under another fee schedule like ASP/AWP pays at 30% of charges",21.21,,,,,,,Fee Schedule,"100% Medicare Lab FS. ",54.09,,,,,,,Fee Schedule,"255 % Medicare RBRVS. ",173.0664,78,,,,,0,percent of total billed charges,78% of Billed Charges. Lesser of 100% of billed charges applies.; No services were performed during the 15 month look back period.,75.42,,,,,,,Case Rate,"100 Percent of Medicaid APG. If not priced under APG, then Metroplus FeeSched",75.42,,,,,,,Case Rate,"100 Percent of Medicaid APG. If not priced under APG, then Metroplus FeeSched",173.0664,78,,,,,0,percent of total billed charges,78% of Billed Charges. Lesser of 100% of billed charges applies.; No services were performed during the 15 month look back period.,37.59,,,,,,,Fee Schedule,"150 % 2018 Cigna RBRVS fee schedule. ",21.21,,,,,,,Fee Schedule,"100 % 2019 CMS Clinical Lab National Limit Pub 20190115. ",21.21,,,,,,,Fee Schedule,"100 % 2019 CMS Clinical Lab National Limit Pub 20190115. ",173.0664,78,,,,,0,percent of total billed charges,78% of Billed Charges. Lesser of 100% of billed charges applies.; No services were performed during the 15 month look back period.,21.21,,,,,,,Fee Schedule,"100% Medicare Lab FS. ",21.21,,,,,,,Fee Schedule,"100 % 2019 CMS Clinical Lab National Limit Pub 20190115. ",21.21,,,,,,,Fee Schedule,"100 % 2019 CMS Clinical Lab National Limit Pub 20190115. ",21.21,,,,,,,Fee Schedule,"100 % 2019 CMS Clinical Lab National Limit Pub 20190115. ",21.21,,,,,,,Fee Schedule,"100% Medicare Lab FS. ",21.21,,,,,,,Fee Schedule,"100 % 2019 CMS Clinical Lab National Limit Pub 20190115. ",21.21,,,,,,,Fee Schedule,"100 % 2019 CMS Clinical Lab National Limit Pub 20190115. ",21.21,,,,,,,Fee Schedule,"100% of Medicare Lab FS. ",110.94,50,,,,,0,percent of total billed charges,50 percent of billed charges; No services were performed during the 15 month look back period.,53.84,,,,,,,Fee Schedule,"238 % 2013 Manhattan Medicare. ",53.84,,,,,,,Fee Schedule,"238 % 2013 Manhattan Medicare. ",53.84,,,,,,,Fee Schedule,"238 % 2013 Manhattan Medicare. ",53.84,,,,,,,Fee Schedule,"238 % 2013 Manhattan Medicare. ",53.84,,,,,,,Fee Schedule,"238 % 2013 Manhattan Medicare. ",53.84,,,,,,,Fee Schedule,"238 % 2013 Manhattan Medicare. ",21.21,,,,,,,Fee Schedule,"100% Medicare Lab FS. ",21.21,,,,,,,Fee Schedule,"100% Medicare Lab FS. ",53.84,,,,,,,Fee Schedule,"238 % 2013 Manhattan Medicare. ",173.0664,78,,,,,0,percent of total billed charges,78% of Billed Charges. Lesser of 100% of billed charges applies.; No services were performed during the 15 month look back period.,173.0664,78,,,,,0,percent of total billed charges,78% of Billed Charges. Lesser of 100% of billed charges applies.; No services were performed during the 15 month look back period.,173.0664,78,,,,,0,percent of total billed charges,78% of Billed Charges. Lesser of 100% of billed charges applies.; No services were performed during the 15 month look back period.,173.0664,78,,,,,0,percent of total billed charges,78% of Billed Charges. Lesser of 100% of billed charges applies.; No services were performed during the 15 month look back period.,173.0664,78,,,,,0,percent of total billed charges,78% of Billed Charges. Lesser of 100% of billed charges applies.; No services were performed during the 15 month look back period.,173.0664,78,,,,,0,percent of total billed charges,78% of Billed Charges. Lesser of 100% of billed charges applies.; No services were performed during the 15 month look back period.,173.0664,78,,,,,0,percent of total billed charges,78% of Billed Charges. Lesser of 100% of billed charges applies.; No services were performed during the 15 month look back period.,173.0664,78,,,,,0,percent of total billed charges,78% of Billed Charges. Lesser of 100% of billed charges applies.; No services were performed during the 15 month look back period.,173.0664,78,,,,,0,percent of total billed charges,78% of Billed Charges. Lesser of 100% of billed charges applies.; No services were performed during the 15 month look back period.,173.0664,78,,,,,0,percent of total billed charges,78% of Billed Charges. Lesser of 100% of billed charges applies.; No services were performed during the 15 month look back period.,173.0664,78,,,,,0,percent of total billed charges,78% of Billed Charges. Lesser of 100% of billed charges applies.; No services were performed during the 15 month look back period.,173.0664,78,,,,,0,percent of total billed charges,78% of Billed Charges. Lesser of 100% of billed charges applies.; No services were performed during the 15 month look back period.,173.0664,78,,,,,0,percent of total billed charges,78% of Billed Charges. Lesser of 100% of billed charges applies.; No services were performed during the 15 month look back period.,173.0664,78,,,,,0,percent of total billed charges,78% of Billed Charges. Lesser of 100% of billed charges applies.; No services were performed during the 15 month look back period.,173.0664,78,,,,,0,percent of total billed charges,78% of Billed Charges. Lesser of 100% of billed charges applies.; No services were performed during the 15 month look back period.,173.0664,78,,,,,0,percent of total billed charges,78% of Billed Charges. Lesser of 100% of billed charges applies.; No services were performed during the 15 month look back period.,173.0664,78,,,,,0,percent of total billed charges,78% of Billed Charges. Lesser of 100% of billed charges applies.; No services were performed during the 15 month look back period.,173.0664,78,,,,,0,percent of total billed charges,78% of Billed Charges. Lesser of 100% of billed charges applies.; No services were performed during the 15 month look back period.,173.0664,78,,,,,0,percent of total billed charges,78% of Billed Charges. Lesser of 100% of billed charges applies.; No services were performed during the 15 month look back period.,173.0664,78,,,,,0,percent of total billed charges,78% of Billed Charges. Lesser of 100% of billed charges applies.; No services were performed during the 15 month look back period.,173.0664,78,,,,,0,percent of total billed charges,78% of Billed Charges. Lesser of 100% of billed charges applies.; No services were performed during the 15 month look back period.,173.0664,78,,,,,0,percent of total billed charges,78% of Billed Charges. Lesser of 100% of billed charges applies.; No services were performed during the 15 month look back period.,173.0664,78,,,,,0,percent of total billed charges,78% of Billed Charges. Lesser of 100% of billed charges applies.; No services were performed during the 15 month look back period.,173.0664,78,,,,,0,percent of total billed charges,78% of Billed Charges. Lesser of 100% of billed charges applies.; No services were performed during the 15 month look back period.,173.0664,78,,,,,0,percent of total billed charges,78% of Billed Charges. Lesser of 100% of billed charges applies.; No services were performed during the 15 month look back period.,173.0664,78,,,,,0,percent of total billed charges,78% of Billed Charges. Lesser of 100% of billed charges applies.; No services were performed during the 15 month look back period.,54.09,,,,,,,Fee Schedule,"255 % Medicare RBRVS. ",54.09,,,,,,,Fee Schedule,"255 % Medicare RBRVS. ",54.09,,,,,,,Fee Schedule,"255 % Medicare RBRVS. ",54.09,,,,,,,Fee Schedule,"255 % Medicare RBRVS. ",40.94,,,,,,,Fee Schedule,"193 % Medicare RBRVS. ",40.94,,,,,,,Fee Schedule,"193 % Medicare RBRVS. ",37.59,,,,,,,Fee Schedule,"150 % 2018 Cigna RBRVS fee schedule. ",53.84,,,,,,,Fee Schedule,"238 % 2013 Manhattan Medicare. ",21.21,,,,,,,Fee Schedule,"100 % 2019 CMS Clinical Lab National Limit Pub 20190115. ",53.84,,,,,,,Fee Schedule,"238 % 2013 Manhattan Medicare. ",173.0664,78,,,,,0,percent of total billed charges,78% of Billed Charges. Lesser of 100% of billed charges applies.; No services were performed during the 15 month look back period.,40.94,,,,,,,Fee Schedule,"193 % Medicare RBRVS. ",53.84,,,,,,,Fee Schedule,"238 % 2013 Manhattan Medicare. ",21.21,,,,,,,Fee Schedule,"100 % 2019 CMS Clinical Lab National Limit Pub 20190115. ",37.59,,,,,,,Fee Schedule,"150 % 2018 Cigna RBRVS fee schedule. ",,,,,,,,,"NA. ",173.0664,78,,,,,0,percent of total billed charges,78% of Billed Charges. Lesser of 100% of billed charges applies.; No services were performed during the 15 month look back period.,75.42,,,,,,,Case Rate,"100 Percent of Medicaid APG. ",54.09,,,,,,,Fee Schedule,"255 % Medicare RBRVS. ",75.42,,,,,,,Case Rate,"100 Percent of Medicaid APG. Not APG payable, or payable under another fee schedule like ASP/AWP pays at 30% of charges",21.21,,,,,,,Fee Schedule,"100% Medicare Lab FS. ",21.21,,,,,,,Fee Schedule,"100% Medicare Lab FS. ",110.94,50,,,,,0,percent of total billed charges,50 percent of billed charges; No services were performed during the 15 month look back period.,21.21,,,,,,,Fee Schedule,"100% Medicare Lab FS. ",21.21,,,,,,,Fee Schedule,"100% Medicare Lab FS. ",75.42,,,,,,,Case Rate,"100 Percent of Medicaid APG. ",21.21,,,,,,,Fee Schedule,"100% Medicare Lab FS. ",21.21,,,,,,,Fee Schedule,"100% Medicare Lab FS. ",53.24,,,,,,,Fee Schedule,"251.013672795851 % Medicare Physician FS TC Rates Only. ",53.24,,,,,,,Fee Schedule,"251.013672795851 % Medicare Physician FS TC Rates Only. ",21.21,,,,,,,Fee Schedule,"100% Medicare Lab FS. ",37.59,,,,,,,Fee Schedule,"150 % 2018 Cigna RBRVS fee schedule. ",21.21,,,,,,,Fee Schedule,"100 % 2019 CMS Clinical Lab National Limit Pub 20190115. ",21.21,,,,,,,Fee Schedule,"100 % 2019 CMS Clinical Lab National Limit Pub 20190115. ",21.21,,,,,,,Fee Schedule,"100% Medicare Lab FS. ",37.59,,,,,,,Fee Schedule,"150 % 2018 Cigna RBRVS fee schedule. ",53.24,,,,,,,Fee Schedule,"251.013672795851 % Medicare Physician FS TC Rates Only. ",53.24,,,,,,,Fee Schedule,"251.013672795851 % Medicare Physician FS TC Rates Only. ",53.24,,,,,,,Fee Schedule,"251.013672795851 % Medicare Physician FS TC Rates Only. ",173.0664,78,,,,,0,percent of total billed charges,78% of Billed Charges. Lesser of 100% of billed charges applies.; No services were performed during the 15 month look back period.,173.0664,78,,,,,0,percent of total billed charges,78% of Billed Charges. Lesser of 100% of billed charges applies.; No services were performed during the 15 month look back period.,173.0664,78,,,,,0,percent of total billed charges,78% of Billed Charges. Lesser of 100% of billed charges applies.; No services were performed during the 15 month look back period.,173.0664,78,,,,,0,percent of total billed charges,78% of Billed Charges. Lesser of 100% of billed charges applies.; No services were performed during the 15 month look back period.,173.0664,78,,,,,0,percent of total billed charges,78% of Billed Charges. Lesser of 100% of billed charges applies.; No services were performed during the 15 month look back period.,173.0664,78,,,,,0,percent of total billed charges,78% of Billed Charges. Lesser of 100% of billed charges applies.; No services were performed during the 15 month look back period.,173.0664,78,,,,,0,percent of total billed charges,78% of Billed Charges. Lesser of 100% of billed charges applies.; No services were performed during the 15 month look back period.,173.0664,78,,,,,0,percent of total billed charges,78% of Billed Charges. Lesser of 100% of billed charges applies.; No services were performed during the 15 month look back period.,173.0664,78,,,,,0,percent of total billed charges,78% of Billed Charges. Lesser of 100% of billed charges applies.; No services were performed during the 15 month look back period.,173.0664,78,,,,,0,percent of total billed charges,78% of Billed Charges. Lesser of 100% of billed charges applies.; No services were performed during the 15 month look back period.,173.0664,78,,,,,0,percent of total billed charges,78% of Billed Charges. Lesser of 100% of billed charges applies.; No services were performed during the 15 month look back period.,40.94,,,,,,,Fee Schedule,"193 % Medicare RBRVS. ",53.84,,,,,,,Fee Schedule,"238 % 2013 Manhattan Medicare. ",37.59,,,,,,,Fee Schedule,"150 % 2018 Cigna RBRVS fee schedule. ",21.21,,,,,,,Fee Schedule,"100% Medicare Lab FS. ",53.24,,,,,,,Fee Schedule,"251.013672795851 % Medicare Physician FS TC Rates Only. ",37.59,,,,,,,Fee Schedule,"150 % 2018 Cigna RBRVS fee schedule. ",37.59,,,,,,,Fee Schedule,"150 % 2018 Cigna RBRVS fee schedule. ",173.0664,78,,,,,0,percent of total billed charges,78% of Billed Charges. Lesser of 100% of billed charges applies.; No services were performed during the 15 month look back period.,161.39,,,,,,,Case Rate,"141 Percent of current Medicare RBRVS FeeSched. ",37.59,,,,,,,Fee Schedule,"150 % 2018 Cigna RBRVS fee schedule. ",75.42,,,,,,,Case Rate,"100 Percent of Medicaid APG. ",21.21,,,,,,,Fee Schedule,"100% Medicare Lab FS. ",21.21,,,,,,,Fee Schedule,"100% Medicare Lab FS. ",21.21,,,,,,,Fee Schedule,"100% Medicare Lab FS. ",21.21,,,,,,,Fee Schedule,"100% Medicare Lab FS. ",21.21,,,,,,,Fee Schedule,"100% Medicare Lab FS. ",21.21,,,,,,,Fee Schedule,"100% Medicare Lab FS. ",37.59,,,,,,,Fee Schedule,"150 % 2018 Cigna RBRVS fee schedule. ",110.94,50,,,,,0,percent of total billed charges,50 percent of billed charges; No services were performed during the 15 month look back period.,33.94,,,,,,,Fee Schedule,"160 Percent of Medicare Laboratory. ",33.94,,,,,,,Fee Schedule,"160 Percent of Medicare Laboratory. ",33.94,,,,,,,Fee Schedule,"160 Percent of Medicare Laboratory. ",33.94,,,,,,,Fee Schedule,"160 Percent of Medicare Laboratory. ",33.94,,,,,,,Fee Schedule,"160 Percent of Medicare Laboratory. ",,,,,,,,,"NA. ",110.94,50,,,,,0,percent of total billed charges,50 percent of billed charges; No services were performed during the 15 month look back period.,29.91,,,,,,,Fee Schedule,141 Percent of of Medicare Lab FS. Metroplus will reimburse unlisted codes and described codes with no Medicare rate at 50 percent of charges.,29.91,,,,,,,Fee Schedule,141 Percent of of Medicare Lab FS. Metroplus will reimburse unlisted codes and described codes with no Medicare rate at 50 percent of charges.,29.91,,,,,,,Fee Schedule,141 Percent of of Medicare Lab FS. Metroplus will reimburse unlisted codes and described codes with no Medicare rate at 50 percent of charges.,29.91,,,,,,,Fee Schedule,141 Percent of of Medicare Lab FS. Metroplus will reimburse unlisted codes and described codes with no Medicare rate at 50 percent of charges.,29.91,,,,,,,Fee Schedule,141 Percent of of Medicare Lab FS. Metroplus will reimburse unlisted codes and described codes with no Medicare rate at 50 percent of charges.,21.21,,,,,,,Fee Schedule,"100% Medicare Lab FS. ",40.94,,,,,,,Fee Schedule,"193 % Medicare RBRVS. ",40.94,,,,,,,Fee Schedule,"193 % Medicare RBRVS. ",40.94,,,,,,,Fee Schedule,"193 % Medicare RBRVS. ",40.94,,,,,,,Fee Schedule,"193 % Medicare RBRVS. ",53.24,,,,,,,Fee Schedule,"251.013672795851 % Medicare Physician FS TC Rates Only. ",53.24,,,,,,,Fee Schedule,"251.013672795851 % Medicare Physician FS TC Rates Only. ",53.24,,,,,,,Fee Schedule,"251.013672795851 % Medicare Physician FS TC Rates Only. ",53.24,,,,,,,Fee Schedule,"251.013672795851 % Medicare Physician FS TC Rates Only. ",110.94,50,,,,,0,percent of total billed charges,50 percent of billed charges; No services were performed during the 15 month look back period.,110.94,50,,,,,0,percent of total billed charges,50 percent of billed charges; No services were performed during the 15 month look back period.,21.21,,,,,,,Fee Schedule,"100% Medicare Lab FS. ",21.21,,,,,,,Fee Schedule,"100% Medicare Lab FS. ",21.21,,,,,,,Fee Schedule,"100% Medicare Lab FS. ",53.84,,,,,,,Fee Schedule,"238 % 2013 Manhattan Medicare. ",53.84,,,,,,,Fee Schedule,"238 % 2013 Manhattan Medicare. ",53.84,,,,,,,Fee Schedule,"238 % 2013 Manhattan Medicare. ",110.94,50,,,,,0,percent of total billed charges,50 percent of billed charges; No services were performed during the 15 month look back period.,53.24,,,,,,,Fee Schedule,"251.013672795851 % Medicare Physician FS TC Rates Only. ",21.21,,,,,,,Fee Schedule,"100% Medicare Lab FS. ",53.84,,,,,,,Fee Schedule,"238 % 2013 Manhattan Medicare. ",75.42,,,,,,,Case Rate,"100 Percent of Medicaid APG. ",21.63,,,,,,,Fee Schedule,"102% of Medicare Lab FS. ",21.63,,,,,,,Fee Schedule,"102% of Medicare Lab FS. ",21.63,,,,,,,Fee Schedule,"102% of Medicare Lab FS. ",19.09,,,,,,,Fee schedule,"90 Percent of Medicare RBRVS. ",169.69,,,,,,,Fee Schedule,225% of NYS APG. Lesser of 100% of billed charges applies.,169.69,,,,,,,Fee Schedule,225% of NYS APG. Lesser of 100% of billed charges applies.,169.69,,,,,,,Fee Schedule,225% of NYS APG. Lesser of 100% of billed charges applies.,169.69,,,,,,,Fee Schedule,225% of NYS APG. Lesser of 100% of billed charges applies.,169.69,,,,,,,Fee Schedule,225% of NYS APG. Lesser of 100% of billed charges applies.,21.63,,,,,,,Fee Schedule,"102% of Medicare Lab FS. ",75.42,,,,,,,Case Rate,"100 Percent of Medicaid APG. ",21.21,,,,,,,Fee Schedule,100% Medicaid Fee Schedule. Lesser of 100% of billed charges applies.,169.69,,,,,,,Fee Schedule,225% of NYS APG. Lesser of 100% of billed charges applies.,169.69,,,,,,,Fee Schedule,225% of NYS APG. Lesser of 100% of billed charges applies.,21.21,,,,,,,Fee Schedule,100% Medicaid Fee Schedule. Lesser of 100% of billed charges applies.,21.21,,,,,,,Fee Schedule,100% Medicaid Fee Schedule. Lesser of 100% of billed charges applies.,33.94,,,,,,,Fee Schedule,"160 Percent of Medicare Laboratory. ",21.21,,,,,,,Fee Schedule,"100% Medicare Lab FS. ",21.21,,,,,,,Fee Schedule,"100% Medicare Lab FS. ",53.24,,,,,,,Fee Schedule,"251.013672795851 % Medicare Physician FS TC Rates Only. ",21.21,,,,,,,Fee Schedule,"100% Medicare Lab FS. ",169.69,,,,,,,Fee Schedule,"225 Percent of Medicaid APG. ",169.69,,,,,,,Fee Schedule,"225 Percent of Medicaid APG. ",19.09,,,,,,,Fee schedule,"90 Percent of Medicare RBRVS. ",19.09,,,,,,,Fee schedule,"90 Percent of Medicare RBRVS. ",169.69,,,,,,,Case Rate,225 Percent of Medicaid APG. Covered services not payable under Medicaid Fee Schedules default to a payment of 87.5 percent of charges.,19.09,,,,,,,Fee schedule,90 Percent of Medicare Laboratory. Covered services not payable under Medicaid Fee Schedules default to a payment of 50 percent of charges.,169.69,,,,,,,Case Rate,"100 Percent of Medicaid APG. ",169.69,,,,,,,Case Rate,"100 Percent of Medicaid APG. ",169.69,,,,,,,Case Rate,"100 Percent of Medicaid APG. ",169.69,,,,,,,Case Rate,"100 Percent of Medicaid APG. ",216.13,,,,,,,Fee Schedule,"1019 % Manhattan Facility Rate. ",110.94,50,,,,,0,percent of total billed charges,50 percent of billed charges; No services were performed during the 15 month look back period.,90.5,,,,,,,Case Rate,"120 Percent of Medicaid APG. Not APG payable, or payable under another fee schedule like ASP/AWP pays at 30% of charges",90.5,,,,,,,Case Rate,"120 Percent of Medicaid APG. Not APG payable, or payable under another fee schedule like ASP/AWP pays at 30% of charges",75.42,,,,,,,Case Rate,"100 Percent of Medicaid APG. Not APG payable, or payable under another fee schedule like ASP/AWP pays at 30% of charges",75.42,,,,,,,Case Rate,"100 Percent of Medicaid APG. Not APG payable, or payable under another fee schedule like ASP/AWP pays at 30% of charges",53.84,,,,,,,Fee Schedule,"238 % 2013 Manhattan Medicare. ",53.84,,,,,,,Fee Schedule,"238 % 2013 Manhattan Medicare. ",21.21,,,,,,,Fee Schedule,"100% Medicare Lab FS. ",53.84,,,,,,,Fee Schedule,"238 % 2013 Manhattan Medicare. ",53.84,,,,,,,Fee Schedule,"238 % 2013 Manhattan Medicare. ",53.84,,,,,,,Fee Schedule,"238 % 2013 Manhattan Medicare. ",53.84,,,,,,,Fee Schedule,"238 % 2013 Manhattan Medicare. ",21.21,,,,,,,Fee Schedule,"100% Medicare Lab FS. ",53.84,,,,,,,Fee Schedule,"238 % 2013 Manhattan Medicare. ",53.84,,,,,,,Fee Schedule,"238 % 2013 Manhattan Medicare. ",53.24,,,,,,,Fee Schedule,"251.013672795851 % Medicare Physician FS TC Rates Only. ",82.96,,,,,,,Fee Schedule,110% of APG. Lesser of 100% of billed charges applies.,19.09,,,,,,,Fee schedule,90 Percent of Medicare Laboratory. Covered services not payable under Medicaid Fee Schedules default to a payment of 50 percent of charges.,169.69,,,,,,,Fee Schedule,225% of NYS APG. Lesser of 100% of billed charges applies.,169.69,,,,,,,Case Rate,225 Percent of Medicaid APG. Covered services not payable under Medicaid Fee Schedules default to a payment of 87.5 percent of charges.,19.09,,,,,,,Fee schedule,90 Percent of Medicare Laboratory. Covered services not payable under Medicaid Fee Schedules default to a payment of 50 percent of charges.,169.69,,,,,,,Fee Schedule,225% of NYS APG. Lesser of 100% of billed charges applies.,169.69,,,,,,,Fee Schedule,225% of NYS APG. Lesser of 100% of billed charges applies.,169.69,,,,,,,Fee Schedule,225% of NYS APG. Lesser of 100% of billed charges applies.,169.69,,,,,,,Fee Schedule,225% of NYS APG. Lesser of 100% of billed charges applies.,169.69,,,,,,,Fee Schedule,225% of NYS APG. Lesser of 100% of billed charges applies.,169.69,,,,,,,Fee Schedule,225% of NYS APG. Lesser of 100% of billed charges applies.,,,,,,,,,"NA. ",,,,,,,,,"NA. ",,,,,,,,,"NA. ",37.59,,,,,,,Fee Schedule,"150 % 2018 Cigna RBRVS fee schedule. ",,,,,,,,,"NA. ",21.21,,,,,,,Fee Schedule,"100% Medicare Lab FS. ",27,,,,,,,Fee Schedule,"100 % 1199 Fee Schedule. ",21.21,,,,,,,Fee Schedule,"100% Medicare Lab FS. ",21.21,,,,,,,Fee Schedule,"100% Medicare Lab FS. ",90.5,,,,,,,Case Rate,"120 Percent of Medicaid APG. Not APG payable, or payable under another fee schedule like ASP/AWP pays at 30% of charges",90.5,,,,,,,Case Rate,"120 Percent of Medicaid APG. Not APG payable, or payable under another fee schedule like ASP/AWP pays at 30% of charges",75.42,,,,,,,Case Rate,"100 Percent of Medicaid APG. Not APG payable, or payable under another fee schedule like ASP/AWP pays at 30% of charges",75.42,,,,,,,Case Rate,"100 Percent of Medicaid APG. Not APG payable, or payable under another fee schedule like ASP/AWP pays at 30% of charges",75.42,,,,,,,Case Rate,"100 Percent of Medicaid APG. ",46.03,,,,,,,Fee Schedule,"217 % Medicare RBRVS. ",53.24,,,,,,,Fee Schedule,"251.013672795851 % Medicare Physician FS TC Rates Only. ",54.09,,,,,,,Fee Schedule,"255 % Medicare RBRVS. ",37.59,,,,,,,Fee Schedule,"150 % 2018 Cigna RBRVS fee schedule. ",21.21,,,,,,,Fee Schedule,"100% Medicare Lab FS. ",21.21,,,,,,,Fee Schedule,"100% Medicare Lab FS. ",21.21,,,,,,,Fee Schedule,"100% Medicare Lab FS. ",21.21,,,,,,,Fee Schedule,"100% Medicare Lab FS. ",21.21,,,,,,,Fee Schedule,"100% Medicare Lab FS. ",21.21,,,,,,,Fee Schedule,"100% Medicare Lab FS. ",,,,,,,,,"NA. ",169.69,,,,,,,Fee Schedule,225% of NYS APG. Lesser of 100% of billed charges applies.,21.21,,,,,,,Fee Schedule,100% Medicaid Fee Schedule. Lesser of 100% of billed charges applies.,53.84,,,,,,,Fee Schedule,"238 % 2013 Manhattan Medicare. ",46.03,,,,,,,Fee Schedule,"217 % Medicare RBRVS. ",46.03,,,,,,,Fee Schedule,"217 % Medicare RBRVS. ",46.03,,,,,,,Fee Schedule,"217 % Medicare RBRVS. ",46.03,,,,,,,Fee Schedule,"217 % Medicare RBRVS. ",21.21,,,,,,,Fee Schedule,"100% Medicare Lab FS. ",75.42,,,,,,,Case Rate,"100 Percent of Medicaid APG. ",53.84,,,,,,,Fee Schedule,"238 % 2013 Manhattan Medicare. ",75.42,,,,,,,Case Rate,"100 Percent of Medicaid APG. ",21.21,,,,,,,Fee Schedule,"100% Medicare Lab FS. ",75.42,,,,,,,Case Rate,"100 Percent of Medicaid APG. ",21.21,,,,,,,Fee Schedule,"100% Medicare Lab FS. ",21.21,,,,,,,Fee Schedule,"100% Medicare Lab FS. ",75.42,,,,,,,Case Rate,"100 Percent of Medicaid APG. ",75.42,,,,,,,Case Rate,"100 Percent of Medicaid APG. ",46.03,,,,,,,Fee Schedule,"217 % Medicare RBRVS. ",37.59,,,,,,,Fee Schedule,"150 % 2018 Cigna RBRVS fee schedule. ",173.0664,78,,,,,0,percent of total billed charges,78% of Billed Charges. Lesser of 100% of billed charges applies.; No services were performed during the 15 month look back period.,21.21,,,,,,,Fee Schedule,"100 % 2019 CMS Clinical Lab National Limit Pub 20190115. ",21.21,,,,,,,Fee Schedule,"100 % 2019 CMS Clinical Lab National Limit Pub 20190115. ",53.24,,,,,,,Fee Schedule,"251.013672795851 % Medicare Physician FS TC Rates Only. ",20.79,,,,,,,Fee Schedule,"98% Lab FS. ",40.94,,,,,,,Fee Schedule,"193 % Medicare RBRVS. ",40.94,,,,,,,Fee Schedule,"193 % Medicare RBRVS. ",43.07,,,,,,,Fee Schedule,"190.4 % 2013 Manhattan Medicare. ",43.07,,,,,,,Fee Schedule,"190.4 % 2013 Manhattan Medicare. ",21.21,,,,,,,Fee Schedule,"100% Medicare Lab FS. ",21.21,,,,,,,Fee Schedule,"100% Medicare Lab FS. ",21.21,,,,,,,Fee Schedule,"100% Medicare Lab FS. ",21.21,,,,,,,Fee Schedule,"100% Medicare Lab FS. ",21.21,,,,,,,Fee Schedule,"100 % 2019 CMS Clinical Lab National Limit Pub 20190115. ",53.84,,,,,,,Fee Schedule,"238 % 2013 Manhattan Medicare. ",53.84,,,,,,,Fee Schedule,"238 % 2013 Manhattan Medicare. ",21.21,,,,,,,Fee Schedule,"100% Medicare Lab FS. ",43.07,,,,,,,Fee Schedule,"190.4 % 2013 Manhattan Medicare. ",54.09,,,,,,,Fee Schedule,"255 % Medicare RBRVS. ",90.5,,,,,,,Fee Schedule,"120 Percent of Medicaid APG. ",75.42,,,,,,,Case Rate,"100 Percent of Medicaid APG. ",46.03,,,,,,,Fee Schedule,"217 % Medicare RBRVS. ",48.45,,,,,,,Fee Schedule,"214.2 % 2013 Manhattan Medicare. ",48.45,,,,,,,Fee Schedule,"214.2 % 2013 Manhattan Medicare. ",53.84,,,,,,,Fee Schedule,"238 % 2013 Manhattan Medicare. ",110.94,50,,,,,0,percent of total billed charges,50 percent of billed charges; No services were performed during the 15 month look back period.,21.21,,,,,,,Fee Schedule,"100% Medicare Lab FS. ",79.19,,,,,,,Fee Schedule,105 percent of Medicaid APG. otherwise 105% of Ordered NYS MCD FS or 105% of ASP+6%,79.19,,,,,,,Fee Schedule,105 percent of Medicaid APG. otherwise 105% of Ordered NYS MCD FS or 105% of ASP+6%,79.19,,,,,,,Fee Schedule,105 percent of Medicaid APG. otherwise 105% of Ordered NYS MCD FS or 105% of ASP+6%,101.81,,,,,,,Fee Schedule,135 percent of Medicaid APG. otherwise 135% of Ordered NYS MCD FS or 135% of ASP+6%,21.21,,,,,,,Fee Schedule,"100 % 2019 CMS Clinical Lab National Limit Pub 20190115. ",79.19,,,,,,,Fee Schedule,105 percent of Medicaid APG. otherwise 105% of Ordered NYS MCD FS or 105% of ASP+6%,79.19,,,,,,,Fee Schedule,105 percent of Medicaid APG. otherwise 105% of Ordered NYS MCD FS or 105% of ASP+6%,79.19,,,,,,,Fee Schedule,105 percent of Medicaid APG. otherwise 105% of Ordered NYS MCD FS or 105% of ASP+6%,79.19,,,,,,,Fee Schedule,105 percent of Medicaid APG. otherwise 105% of Ordered NYS MCD FS or 105% of ASP+6%,79.19,,,,,,,Fee Schedule,105 percent of Medicaid APG. otherwise 105% of Ordered NYS MCD FS or 105% of ASP+6%,101.81,,,,,,,Fee Schedule,135 percent of Medicaid APG. otherwise 135% of Ordered NYS MCD FS or 135% of ASP+6%,101.81,,,,,,,Fee Schedule,135 percent of Medicaid APG. otherwise 135% of Ordered NYS MCD FS or 135% of ASP+6%,21.21,,,,,,,Fee Schedule,"100% Medicare Lab FS. ",21.21,,,,,,,Fee Schedule,"100 % 2019 CMS Clinical Lab National Limit Pub 20190115. ",21.21,,,,,,,Fee Schedule,"100% Medicare Lab FS. ",79.19,,,,,,,Fee Schedule,105 percent of Medicaid APG. otherwise 105% of Ordered NYS MCD FS or 105% of ASP+6%,53.84,,,,,,,Fee Schedule,"238 % 2013 Manhattan Medicare. ",21.21,,,,,,,Fee Schedule,"100% Medicare Lab FS. ",53.84,,,,,,,Fee Schedule,"238 % 2013 Manhattan Medicare. ",53.84,,,,,,,Fee Schedule,"238 % 2013 Manhattan Medicare. ",53.84,,,,,,,Fee Schedule,"238 % 2013 Manhattan Medicare. ",79.19,,,,,,,Fee Schedule,105 percent of Medicaid APG. otherwise 105% of Ordered NYS MCD FS or 105% of ASP+6%,21.21,,,,,,,Fee Schedule,"100% Medicare Lab FS. ",53.84,,,,,,,Fee Schedule,"238 % 2013 Manhattan Medicare. ",101.81,,,,,,,Fee Schedule,135 percent of Medicaid APG. otherwise 135% of Ordered NYS MCD FS or 135% of ASP+6%,53.84,,,,,,,Fee Schedule,"238 % 2013 Manhattan Medicare. ",31.82,,,,,,,Fee Schedule,"150% of Medicare Lab FS. ",21.21,,,,,,,Fee Schedule,"100% Medicare Lab FS. ",46.03,,,,,,,Fee Schedule,"217 % Medicare RBRVS. ",46.03,,,,,,,Fee Schedule,"217 % Medicare RBRVS. ",46.03,,,,,,,Fee Schedule,"217 % Medicare RBRVS. ",46.03,,,,,,,Fee Schedule,"217 % Medicare RBRVS. ",46.03,,,,,,,Fee Schedule,"217 % Medicare RBRVS. ",54.09,,,,,,,Fee Schedule,"255 % Medicare RBRVS. ",54.09,,,,,,,Fee Schedule,"255 % Medicare RBRVS. ",46.03,,,,,,,Fee Schedule,"217 % Medicare RBRVS. ",46.03,,,,,,,Fee Schedule,"217 % Medicare RBRVS. ",46.03,,,,,,,Fee Schedule,"217 % Medicare RBRVS. ",46.03,,,,,,,Fee Schedule,"217 % Medicare RBRVS. ",46.03,,,,,,,Fee Schedule,"217 % Medicare RBRVS. ",21.21,,,,,,,Fee Schedule,"100% Medicare Lab FS. ",54.09,,,,,,,Fee Schedule,"255 % Medicare RBRVS. ",21.21,,,,,,,Fee Schedule,"100% Medicare Lab FS. ",169.69,,,,,,,Case Rate,"225 Percent of Medicaid APG. If not included in Medicaid APG, then 100 Percent of Manhattan Medicare",75.42,,,,,,,Case Rate,"100 Percent of Medicaid APG. If not priced under APG, then Metroplus FeeSched",21.21,,,,,,,Fee Schedule,"100 % 2019 CMS Clinical Lab National Limit Pub 20190115. ",21.21,,,,,,,Fee Schedule,"100 % 2019 CMS Clinical Lab National Limit Pub 20190115. ",21.21,,,,,,,Fee Schedule,"100% Medicare Lab FS. ",40.94,,,,,,,Fee Schedule,"193 % Medicare RBRVS. ",21.21,,,,,,,Fee Schedule,"100% Medicare Lab FS. ",21.21,,,,,,,Fee Schedule,"100% Medicare Lab FS. ",53.24,,,,,,,Fee Schedule,"251.013672795851 % Medicare Physician FS TC Rates Only. ",21.21,,,,,,,Fee Schedule,"100% Medicare Lab FS. ",37.59,,,,,,,Fee Schedule,"150 % 2018 Cigna RBRVS fee schedule. ",21.21,,,,,,,Fee Schedule,"100% Medicare Lab FS. ",37.59,,,,,,,Fee Schedule,"150 % 2018 Cigna RBRVS fee schedule. ",53.24,,,,,,,Fee Schedule,"251.013672795851 % Medicare Physician FS TC Rates Only. ",37.59,,,,,,,Fee Schedule,"150 % 2018 Cigna RBRVS fee schedule. ",21.21,,,,,,,Fee Schedule,"100% Medicare Lab FS. ",75.42,,,,,,,Case Rate,"100 Percent of Medicaid APG. ",21.21,,,,,,,Fee Schedule,"100% Medicare Lab FS. ",37.59,,,,,,,Fee Schedule,"150 % 2018 Cigna RBRVS fee schedule. ",21.21,,,,,,,Fee Schedule,"100 % 2019 CMS Clinical Lab National Limit Pub 20190115. ",75.42,,,,,,,Case Rate,"100 Percent of Medicaid APG. ",53.84,,,,,,,Fee Schedule,"238 % 2013 Manhattan Medicare. ",90.5,,,,,,,Fee Schedule,"120 Percent of Medicaid APG. ",90.5,,,,,,,Fee Schedule,"120 Percent of Medicaid APG. ",53.84,,,,,,,Fee Schedule,"238 % 2013 Manhattan Medicare. ",53.84,,,,,,,Fee Schedule,"238 % 2013 Manhattan Medicare. ",53.84,,,,,,,Fee Schedule,"238 % 2013 Manhattan Medicare. ",21.21,,,,,,,Fee Schedule,"100 % 2019 CMS Clinical Lab National Limit Pub 20190115. ",53.84,,,,,,,Fee Schedule,"238 % 2013 Manhattan Medicare. ",53.84,,,,,,,Fee Schedule,"238 % 2013 Manhattan Medicare. ",53.84,,,,,,,Fee Schedule,"238 % 2013 Manhattan Medicare. ",46.03,,,,,,,Fee Schedule,"217 % Medicare RBRVS. ",46.03,,,,,,,Fee Schedule,"217 % Medicare RBRVS. ",29.91,,,,,,,Fee Schedule,141 Percent of of Medicare Lab FS. Metroplus will reimburse unlisted codes and described codes with no Medicare rate at 50 percent of charges.,75.42,,,,,,,Case Rate,"100 Percent of Medicaid APG. ",21.21,,,,,,,Fee Schedule,"100 % 2019 CMS Clinical Lab National Limit Pub 20190115. ",37.59,,,,,,,Fee Schedule,"150 % 2018 Cigna RBRVS fee schedule. ",53.24,,,,,,,Fee Schedule,"251.013672795851 % Medicare Physician FS TC Rates Only. ",21.21,,,,,,,Fee Schedule,"100 % 2019 CMS Clinical Lab National Limit Pub 20190115. ",53.24,,,,,,,Fee Schedule,"251.013672795851 % Medicare Physician FS TC Rates Only. ",21.21,,,,,,,Fee Schedule,"100 % 2019 CMS Clinical Lab National Limit Pub 20190115. ",53.84,,,,,,,Fee Schedule,"238 % 2013 Manhattan Medicare. ",53.84,,,,,,,Fee Schedule,"238 % 2013 Manhattan Medicare. ",53.84,,,,,,,Fee Schedule,"238 % 2013 Manhattan Medicare. ",53.84,,,,,,,Fee Schedule,"238 % 2013 Manhattan Medicare. ",21.21,,,,,,,Fee Schedule,"100% Medicare Lab FS. ",19.09,244,
84100,CPT,2021526,LOCAL,300,RC,HC ASSAY OF PHOSPHORUS,42.48,5.69,both,,,,7,,,,,,,Fee Schedule,"100 % 1199 Fee Schedule. ",7,,,,,,,Fee Schedule,"100 % 1199 Fee Schedule. ",11.9,,,,,,,Fee Schedule,"251.054852320675 % Medicare Physician FS TC Rates Only. ",42.48,100,,42.48,42.48,42.48,1 through 10,percent of total billed charges,"100 percent of billed charges. ",4.74,,,,,,,Fee Schedule,"100% Medicare Lab FS. ",11.9,,,,,,,Fee Schedule,"251.054852320675 % Medicare Physician FS TC Rates Only. ",11.9,,,,,,,Fee Schedule,"251.054852320675 % Medicare Physician FS TC Rates Only. ",11.9,,,,,,,Fee Schedule,"251.054852320675 % Medicare Physician FS TC Rates Only. ",85.57,,,,,,,Case Rate,"100 Percent of Medicaid APG. ",71.31,,,,,,,Case Rate,"100 Percent of Medicaid APG. ",33.1344,78,,,,,0,percent of total billed charges,78% of Billed Charges. Lesser of 100% of billed charges applies.; No services were performed during the 15 month look back period.,5.27,,,,,,,Fee Schedule,"100 % 2019 CMS Clinical Lab National Limit Pub 20190115. ",71.31,,,,,,,Case Rate,"100 Percent of Medicaid APG. ",4.74,,,,,,,Fee Schedule,"100% Medicare Lab FS. ",10.2,,,,,,,Fee Schedule,"150 % 2018 Cigna RBRVS fee schedule. ",10.2,,,,,,,Fee Schedule,"150 % 2018 Cigna RBRVS fee schedule. ",10.2,,,,,,,Fee Schedule,"150 % 2018 Cigna RBRVS fee schedule. ",10.2,,,,,,,Fee Schedule,"150 % 2018 Cigna RBRVS fee schedule. ",4.27,,,,,,,Fee schedule,90 Percent of Medicare Laboratory. Covered services not payable under Medicaid Fee Schedules default to a payment of 50 percent of charges.,4.74,,,,,,,Fee Schedule,"100% Medicare Lab FS. ",4.27,,,,,,,Fee schedule,90 Percent of Medicare Laboratory. Covered services not payable under Medicaid Fee Schedules default to a payment of 50 percent of charges.,33.1344,78,,,,,0,percent of total billed charges,78% of Billed Charges. Lesser of 100% of billed charges applies.; No services were performed during the 15 month look back period.,11.9,,,,,,,Fee Schedule,"251.054852320675 % Medicare Physician FS TC Rates Only. ",4.74,,,,,,,Fee Schedule,"100% Medicare Lab FS. ",12.09,,,,,,,Fee Schedule,"255 % Medicare RBRVS. ",4.74,,,,,,,Fee Schedule,"100% Medicare Lab FS. ",4.74,,,,,,,Fee Schedule,"100% Medicare Lab FS. ",33.1344,78,,,,,0,percent of total billed charges,78% of Billed Charges. Lesser of 100% of billed charges applies.; No services were performed during the 15 month look back period.,4.74,,,,,,,Fee Schedule,100% Medicaid Fee Schedule. Lesser of 100% of billed charges applies.,4.74,,,,,,,Fee Schedule,100% Medicaid Fee Schedule. Lesser of 100% of billed charges applies.,4.27,,,,,,,Fee schedule,"90 Percent of Medicare RBRVS. ",4.27,,,,,,,Fee schedule,"90 Percent of Medicare RBRVS. ",12.09,,,,,,,Fee Schedule,"255 % Medicare RBRVS. ",12.09,,,,,,,Fee Schedule,"255 % Medicare RBRVS. ",71.31,,,,,,,Case Rate,"100 Percent of Medicaid APG. Not APG payable, or payable under another fee schedule like ASP/AWP pays at 30% of charges",12.09,,,,,,,Fee Schedule,"255 % Medicare RBRVS. ",71.31,,,,,,,Case Rate,"100 Percent of Medicaid APG. Not APG payable, or payable under another fee schedule like ASP/AWP pays at 30% of charges",4.74,,,,,,,Fee Schedule,"100% Medicare Lab FS. ",12.09,,,,,,,Fee Schedule,"255 % Medicare RBRVS. ",33.1344,78,,42.48,42.48,42.48,21,percent of total billed charges,78% of Billed Charges. Lesser of 100% of billed charges applies.,71.31,,,,,,,Case Rate,"100 Percent of Medicaid APG. If not priced under APG, then Metroplus FeeSched",71.31,,,,,,,Case Rate,"100 Percent of Medicaid APG. If not priced under APG, then Metroplus FeeSched",33.1344,78,,,,,0,percent of total billed charges,78% of Billed Charges. Lesser of 100% of billed charges applies.; No services were performed during the 15 month look back period.,10.2,,,,,,,Fee Schedule,"150 % 2018 Cigna RBRVS fee schedule. ",5.27,,,,,,,Fee Schedule,"100 % 2019 CMS Clinical Lab National Limit Pub 20190115. ",5.27,,,,,,,Fee Schedule,"100 % 2019 CMS Clinical Lab National Limit Pub 20190115. ",33.1344,78,,,,,0,percent of total billed charges,78% of Billed Charges. Lesser of 100% of billed charges applies.; No services were performed during the 15 month look back period.,4.74,,,,,,,Fee Schedule,"100% Medicare Lab FS. ",5.27,,,,,,,Fee Schedule,"100 % 2019 CMS Clinical Lab National Limit Pub 20190115. ",5.27,,,,,,,Fee Schedule,"100 % 2019 CMS Clinical Lab National Limit Pub 20190115. ",5.27,,,,,,,Fee Schedule,"100 % 2019 CMS Clinical Lab National Limit Pub 20190115. ",4.74,,,,,,,Fee Schedule,"100% Medicare Lab FS. ",5.27,,,,,,,Fee Schedule,"100 % 2019 CMS Clinical Lab National Limit Pub 20190115. ",5.27,,,,,,,Fee Schedule,"100 % 2019 CMS Clinical Lab National Limit Pub 20190115. ",4.74,,,,,,,Fee Schedule,"100% of Medicare Lab FS. ",21.24,50,,,,,0,percent of total billed charges,50 percent of billed charges; No services were performed during the 15 month look back period.,15.52,,,,,,,Fee Schedule,"238 % 2013 Manhattan Medicare. ",15.52,,,,,,,Fee Schedule,"238 % 2013 Manhattan Medicare. ",15.52,,,,,,,Fee Schedule,"238 % 2013 Manhattan Medicare. ",15.52,,,,,,,Fee Schedule,"238 % 2013 Manhattan Medicare. ",15.52,,,,,,,Fee Schedule,"238 % 2013 Manhattan Medicare. ",15.52,,,,,,,Fee Schedule,"238 % 2013 Manhattan Medicare. ",4.74,,,,,,,Fee Schedule,"100% Medicare Lab FS. ",4.74,,,,,,,Fee Schedule,"100% Medicare Lab FS. ",15.52,,,,,,,Fee Schedule,"238 % 2013 Manhattan Medicare. ",33.1344,78,,,,,0,percent of total billed charges,78% of Billed Charges. Lesser of 100% of billed charges applies.; No services were performed during the 15 month look back period.,33.1344,78,,,,,0,percent of total billed charges,78% of Billed Charges. Lesser of 100% of billed charges applies.; No services were performed during the 15 month look back period.,33.1344,78,,,,,0,percent of total billed charges,78% of Billed Charges. Lesser of 100% of billed charges applies.; No services were performed during the 15 month look back period.,33.1344,78,,,,,0,percent of total billed charges,78% of Billed Charges. Lesser of 100% of billed charges applies.; No services were performed during the 15 month look back period.,33.1344,78,,,,,0,percent of total billed charges,78% of Billed Charges. Lesser of 100% of billed charges applies.; No services were performed during the 15 month look back period.,33.1344,78,,,,,0,percent of total billed charges,78% of Billed Charges. Lesser of 100% of billed charges applies.; No services were performed during the 15 month look back period.,33.1344,78,,,,,0,percent of total billed charges,78% of Billed Charges. Lesser of 100% of billed charges applies.; No services were performed during the 15 month look back period.,33.1344,78,,,,,0,percent of total billed charges,78% of Billed Charges. Lesser of 100% of billed charges applies.; No services were performed during the 15 month look back period.,33.1344,78,,,,,0,percent of total billed charges,78% of Billed Charges. Lesser of 100% of billed charges applies.; No services were performed during the 15 month look back period.,33.1344,78,,,,,0,percent of total billed charges,78% of Billed Charges. Lesser of 100% of billed charges applies.; No services were performed during the 15 month look back period.,33.1344,78,,,,,0,percent of total billed charges,78% of Billed Charges. Lesser of 100% of billed charges applies.; No services were performed during the 15 month look back period.,33.1344,78,,,,,0,percent of total billed charges,78% of Billed Charges. Lesser of 100% of billed charges applies.; No services were performed during the 15 month look back period.,33.1344,78,,,,,0,percent of total billed charges,78% of Billed Charges. Lesser of 100% of billed charges applies.; No services were performed during the 15 month look back period.,33.1344,78,,,,,0,percent of total billed charges,78% of Billed Charges. Lesser of 100% of billed charges applies.; No services were performed during the 15 month look back period.,33.1344,78,,,,,0,percent of total billed charges,78% of Billed Charges. Lesser of 100% of billed charges applies.; No services were performed during the 15 month look back period.,33.1344,78,,42.48,42.48,42.48,1 through 10,percent of total billed charges,78% of Billed Charges. Lesser of 100% of billed charges applies.,33.1344,78,,,,,0,percent of total billed charges,78% of Billed Charges. Lesser of 100% of billed charges applies.; No services were performed during the 15 month look back period.,33.1344,78,,,,,0,percent of total billed charges,78% of Billed Charges. Lesser of 100% of billed charges applies.; No services were performed during the 15 month look back period.,33.1344,78,,,,,0,percent of total billed charges,78% of Billed Charges. Lesser of 100% of billed charges applies.; No services were performed during the 15 month look back period.,33.1344,78,,,,,0,percent of total billed charges,78% of Billed Charges. Lesser of 100% of billed charges applies.; No services were performed during the 15 month look back period.,33.1344,78,,,,,0,percent of total billed charges,78% of Billed Charges. Lesser of 100% of billed charges applies.; No services were performed during the 15 month look back period.,33.1344,78,,,,,0,percent of total billed charges,78% of Billed Charges. Lesser of 100% of billed charges applies.; No services were performed during the 15 month look back period.,33.1344,78,,,,,0,percent of total billed charges,78% of Billed Charges. Lesser of 100% of billed charges applies.; No services were performed during the 15 month look back period.,33.1344,78,,,,,0,percent of total billed charges,78% of Billed Charges. Lesser of 100% of billed charges applies.; No services were performed during the 15 month look back period.,33.1344,78,,,,,0,percent of total billed charges,78% of Billed Charges. Lesser of 100% of billed charges applies.; No services were performed during the 15 month look back period.,33.1344,78,,,,,0,percent of total billed charges,78% of Billed Charges. Lesser of 100% of billed charges applies.; No services were performed during the 15 month look back period.,12.09,,,,,,,Fee Schedule,"255 % Medicare RBRVS. ",12.09,,,,,,,Fee Schedule,"255 % Medicare RBRVS. ",12.09,,,,,,,Fee Schedule,"255 % Medicare RBRVS. ",12.09,,,,,,,Fee Schedule,"255 % Medicare RBRVS. ",9.15,,,,,,,Fee Schedule,"193 % Medicare RBRVS. ",9.15,,,,,,,Fee Schedule,"193 % Medicare RBRVS. ",10.2,,,,,,,Fee Schedule,"150 % 2018 Cigna RBRVS fee schedule. ",15.52,,,,,,,Fee Schedule,"238 % 2013 Manhattan Medicare. ",5.27,,,,,,,Fee Schedule,"100 % 2019 CMS Clinical Lab National Limit Pub 20190115. ",15.52,,,,,,,Fee Schedule,"238 % 2013 Manhattan Medicare. ",33.1344,78,,,,,0,percent of total billed charges,78% of Billed Charges. Lesser of 100% of billed charges applies.; No services were performed during the 15 month look back period.,9.15,,,,,,,Fee Schedule,"193 % Medicare RBRVS. ",15.52,,,,,,,Fee Schedule,"238 % 2013 Manhattan Medicare. ",5.27,,,,,,,Fee Schedule,"100 % 2019 CMS Clinical Lab National Limit Pub 20190115. ",10.2,,,,,,,Fee Schedule,"150 % 2018 Cigna RBRVS fee schedule. ",,,,,,,,,"NA. ",33.1344,78,,,,,0,percent of total billed charges,78% of Billed Charges. Lesser of 100% of billed charges applies.; No services were performed during the 15 month look back period.,71.31,,,,,,,Case Rate,"100 Percent of Medicaid APG. ",12.09,,,,,,,Fee Schedule,"255 % Medicare RBRVS. ",71.31,,,,,,,Case Rate,"100 Percent of Medicaid APG. Not APG payable, or payable under another fee schedule like ASP/AWP pays at 30% of charges",4.74,,,,,,,Fee Schedule,"100% Medicare Lab FS. ",4.74,,,,,,,Fee Schedule,"100% Medicare Lab FS. ",21.24,50,,,,,0,percent of total billed charges,50 percent of billed charges; No services were performed during the 15 month look back period.,4.74,,,,,,,Fee Schedule,"100% Medicare Lab FS. ",4.74,,,,,,,Fee Schedule,"100% Medicare Lab FS. ",71.31,,,,,,,Case Rate,"100 Percent of Medicaid APG. ",4.74,,,,,,,Fee Schedule,"100% Medicare Lab FS. ",4.74,,,,,,,Fee Schedule,"100% Medicare Lab FS. ",11.9,,,,,,,Fee Schedule,"251.054852320675 % Medicare Physician FS TC Rates Only. ",11.9,,,,,,,Fee Schedule,"251.054852320675 % Medicare Physician FS TC Rates Only. ",4.74,,,,,,,Fee Schedule,"100% Medicare Lab FS. ",10.2,,,,,,,Fee Schedule,"150 % 2018 Cigna RBRVS fee schedule. ",5.27,,,,,,,Fee Schedule,"100 % 2019 CMS Clinical Lab National Limit Pub 20190115. ",5.27,,,,,,,Fee Schedule,"100 % 2019 CMS Clinical Lab National Limit Pub 20190115. ",4.74,,,,,,,Fee Schedule,"100% Medicare Lab FS. ",10.2,,,,,,,Fee Schedule,"150 % 2018 Cigna RBRVS fee schedule. ",11.9,,,,,,,Fee Schedule,"251.054852320675 % Medicare Physician FS TC Rates Only. ",11.9,,,,,,,Fee Schedule,"251.054852320675 % Medicare Physician FS TC Rates Only. ",11.9,,,,,,,Fee Schedule,"251.054852320675 % Medicare Physician FS TC Rates Only. ",33.1344,78,,,,,0,percent of total billed charges,78% of Billed Charges. Lesser of 100% of billed charges applies.; No services were performed during the 15 month look back period.,33.1344,78,,,,,0,percent of total billed charges,78% of Billed Charges. Lesser of 100% of billed charges applies.; No services were performed during the 15 month look back period.,33.1344,78,,,,,0,percent of total billed charges,78% of Billed Charges. Lesser of 100% of billed charges applies.; No services were performed during the 15 month look back period.,33.1344,78,,,,,0,percent of total billed charges,78% of Billed Charges. Lesser of 100% of billed charges applies.; No services were performed during the 15 month look back period.,33.1344,78,,,,,0,percent of total billed charges,78% of Billed Charges. Lesser of 100% of billed charges applies.; No services were performed during the 15 month look back period.,33.1344,78,,,,,0,percent of total billed charges,78% of Billed Charges. Lesser of 100% of billed charges applies.; No services were performed during the 15 month look back period.,33.1344,78,,,,,0,percent of total billed charges,78% of Billed Charges. Lesser of 100% of billed charges applies.; No services were performed during the 15 month look back period.,33.1344,78,,,,,0,percent of total billed charges,78% of Billed Charges. Lesser of 100% of billed charges applies.; No services were performed during the 15 month look back period.,33.1344,78,,,,,0,percent of total billed charges,78% of Billed Charges. Lesser of 100% of billed charges applies.; No services were performed during the 15 month look back period.,33.1344,78,,,,,0,percent of total billed charges,78% of Billed Charges. Lesser of 100% of billed charges applies.; No services were performed during the 15 month look back period.,33.1344,78,,,,,0,percent of total billed charges,78% of Billed Charges. Lesser of 100% of billed charges applies.; No services were performed during the 15 month look back period.,9.15,,,,,,,Fee Schedule,"193 % Medicare RBRVS. ",15.52,,,,,,,Fee Schedule,"238 % 2013 Manhattan Medicare. ",10.2,,,,,,,Fee Schedule,"150 % 2018 Cigna RBRVS fee schedule. ",4.74,,,,,,,Fee Schedule,"100% Medicare Lab FS. ",11.9,,,,,,,Fee Schedule,"251.054852320675 % Medicare Physician FS TC Rates Only. ",10.2,,,,,,,Fee Schedule,"150 % 2018 Cigna RBRVS fee schedule. ",10.2,,,,,,,Fee Schedule,"150 % 2018 Cigna RBRVS fee schedule. ",33.1344,78,,,,,0,percent of total billed charges,78% of Billed Charges. Lesser of 100% of billed charges applies.; No services were performed during the 15 month look back period.,152.6,,,,,,,Case Rate,"141 Percent of current Medicare RBRVS FeeSched. ",10.2,,,,,,,Fee Schedule,"150 % 2018 Cigna RBRVS fee schedule. ",71.31,,,,,,,Case Rate,"100 Percent of Medicaid APG. ",4.74,,,,,,,Fee Schedule,"100% Medicare Lab FS. ",4.74,,,,,,,Fee Schedule,"100% Medicare Lab FS. ",4.74,,,,,,,Fee Schedule,"100% Medicare Lab FS. ",4.74,,,,,,,Fee Schedule,"100% Medicare Lab FS. ",4.74,,,,,,,Fee Schedule,"100% Medicare Lab FS. ",4.74,,,,,,,Fee Schedule,"100% Medicare Lab FS. ",10.2,,,,,,,Fee Schedule,"150 % 2018 Cigna RBRVS fee schedule. ",21.24,50,,,,,0,percent of total billed charges,50 percent of billed charges; No services were performed during the 15 month look back period.,7.58,,,,,,,Fee Schedule,"160 Percent of Medicare Laboratory. ",7.58,,,,,,,Fee Schedule,"160 Percent of Medicare Laboratory. ",7.58,,,,,,,Fee Schedule,"160 Percent of Medicare Laboratory. ",7.58,,,,,,,Fee Schedule,"160 Percent of Medicare Laboratory. ",7.58,,,,,,,Fee Schedule,"160 Percent of Medicare Laboratory. ",,,,,,,,,"NA. ",21.24,50,,,,,0,percent of total billed charges,50 percent of billed charges; No services were performed during the 15 month look back period.,6.68,,,,,,,Fee Schedule,141 Percent of of Medicare Lab FS. Metroplus will reimburse unlisted codes and described codes with no Medicare rate at 50 percent of charges.,6.68,,,,,,,Fee Schedule,141 Percent of of Medicare Lab FS. Metroplus will reimburse unlisted codes and described codes with no Medicare rate at 50 percent of charges.,6.68,,,,,,,Fee Schedule,141 Percent of of Medicare Lab FS. Metroplus will reimburse unlisted codes and described codes with no Medicare rate at 50 percent of charges.,6.68,,,,,,,Fee Schedule,141 Percent of of Medicare Lab FS. Metroplus will reimburse unlisted codes and described codes with no Medicare rate at 50 percent of charges.,6.68,,,,,,,Fee Schedule,141 Percent of of Medicare Lab FS. Metroplus will reimburse unlisted codes and described codes with no Medicare rate at 50 percent of charges.,4.74,,,,,,,Fee Schedule,"100% Medicare Lab FS. ",9.15,,,,,,,Fee Schedule,"193 % Medicare RBRVS. ",9.15,,,,,,,Fee Schedule,"193 % Medicare RBRVS. ",9.15,,,,,,,Fee Schedule,"193 % Medicare RBRVS. ",9.15,,,,,,,Fee Schedule,"193 % Medicare RBRVS. ",11.9,,,,,,,Fee Schedule,"251.054852320675 % Medicare Physician FS TC Rates Only. ",11.9,,,,,,,Fee Schedule,"251.054852320675 % Medicare Physician FS TC Rates Only. ",11.9,,,,,,,Fee Schedule,"251.054852320675 % Medicare Physician FS TC Rates Only. ",11.9,,,,,,,Fee Schedule,"251.054852320675 % Medicare Physician FS TC Rates Only. ",21.24,50,,,,,0,percent of total billed charges,50 percent of billed charges; No services were performed during the 15 month look back period.,21.24,50,,,,,0,percent of total billed charges,50 percent of billed charges; No services were performed during the 15 month look back period.,4.74,,,,,,,Fee Schedule,"100% Medicare Lab FS. ",4.74,,,,,,,Fee Schedule,"100% Medicare Lab FS. ",4.74,,,,,,,Fee Schedule,"100% Medicare Lab FS. ",15.52,,,,,,,Fee Schedule,"238 % 2013 Manhattan Medicare. ",15.52,,,,,,,Fee Schedule,"238 % 2013 Manhattan Medicare. ",15.52,,,,,,,Fee Schedule,"238 % 2013 Manhattan Medicare. ",21.24,50,,42.48,42.48,42.48,1 through 10,percent of total billed charges,50 percent of billed charges,11.9,,,,,,,Fee Schedule,"251.054852320675 % Medicare Physician FS TC Rates Only. ",4.74,,,,,,,Fee Schedule,"100% Medicare Lab FS. ",15.52,,,,,,,Fee Schedule,"238 % 2013 Manhattan Medicare. ",71.31,,,,,,,Case Rate,"100 Percent of Medicaid APG. ",4.83,,,,,,,Fee Schedule,"102% of Medicare Lab FS. ",4.83,,,,,,,Fee Schedule,"102% of Medicare Lab FS. ",4.83,,,,,,,Fee Schedule,"102% of Medicare Lab FS. ",4.27,,,,,,,Fee schedule,"90 Percent of Medicare RBRVS. ",160.44,,,,,,,Fee Schedule,225% of NYS APG. Lesser of 100% of billed charges applies.,160.44,,,,,,,Fee Schedule,225% of NYS APG. Lesser of 100% of billed charges applies.,160.44,,,,,,,Fee Schedule,225% of NYS APG. Lesser of 100% of billed charges applies.,160.44,,,,,,,Fee Schedule,225% of NYS APG. Lesser of 100% of billed charges applies.,160.44,,,,,,,Fee Schedule,225% of NYS APG. Lesser of 100% of billed charges applies.,4.83,,,,,,,Fee Schedule,"102% of Medicare Lab FS. ",71.31,,,,,,,Case Rate,"100 Percent of Medicaid APG. ",4.74,,,,,,,Fee Schedule,100% Medicaid Fee Schedule. Lesser of 100% of billed charges applies.,160.44,,,,,,,Fee Schedule,225% of NYS APG. Lesser of 100% of billed charges applies.,160.44,,,,,,,Fee Schedule,225% of NYS APG. Lesser of 100% of billed charges applies.,4.74,,,,,,,Fee Schedule,100% Medicaid Fee Schedule. Lesser of 100% of billed charges applies.,4.74,,,,,,,Fee Schedule,100% Medicaid Fee Schedule. Lesser of 100% of billed charges applies.,7.58,,,,,,,Fee Schedule,"160 Percent of Medicare Laboratory. ",4.74,,,,,,,Fee Schedule,"100% Medicare Lab FS. ",4.74,,,,,,,Fee Schedule,"100% Medicare Lab FS. ",11.9,,,,,,,Fee Schedule,"251.054852320675 % Medicare Physician FS TC Rates Only. ",4.74,,,,,,,Fee Schedule,"100% Medicare Lab FS. ",160.44,,,,,,,Fee Schedule,"225 Percent of Medicaid APG. ",160.44,,,,,,,Fee Schedule,"225 Percent of Medicaid APG. ",4.27,,,,,,,Fee schedule,"90 Percent of Medicare RBRVS. ",4.27,,,,,,,Fee schedule,"90 Percent of Medicare RBRVS. ",160.44,,,,,,,Case Rate,225 Percent of Medicaid APG. Covered services not payable under Medicaid Fee Schedules default to a payment of 87.5 percent of charges.,4.27,,,,,,,Fee schedule,90 Percent of Medicare Laboratory. Covered services not payable under Medicaid Fee Schedules default to a payment of 50 percent of charges.,160.44,,,,,,,Case Rate,"100 Percent of Medicaid APG. ",160.44,,,,,,,Case Rate,"100 Percent of Medicaid APG. ",160.44,,,,,,,Case Rate,"100 Percent of Medicaid APG. ",160.44,,,,,,,Case Rate,"100 Percent of Medicaid APG. ",48.3,,,,,,,Fee Schedule,"1019 % Manhattan Facility Rate. ",21.24,50,,,,,0,percent of total billed charges,50 percent of billed charges; No services were performed during the 15 month look back period.,85.57,,,,,,,Case Rate,"120 Percent of Medicaid APG. Not APG payable, or payable under another fee schedule like ASP/AWP pays at 30% of charges",85.57,,,,,,,Case Rate,"120 Percent of Medicaid APG. Not APG payable, or payable under another fee schedule like ASP/AWP pays at 30% of charges",71.31,,,,,,,Case Rate,"100 Percent of Medicaid APG. Not APG payable, or payable under another fee schedule like ASP/AWP pays at 30% of charges",71.31,,,,,,,Case Rate,"100 Percent of Medicaid APG. Not APG payable, or payable under another fee schedule like ASP/AWP pays at 30% of charges",15.52,,,,,,,Fee Schedule,"238 % 2013 Manhattan Medicare. ",15.52,,,,,,,Fee Schedule,"238 % 2013 Manhattan Medicare. ",4.74,,,,,,,Fee Schedule,"100% Medicare Lab FS. ",15.52,,,,,,,Fee Schedule,"238 % 2013 Manhattan Medicare. ",15.52,,,,,,,Fee Schedule,"238 % 2013 Manhattan Medicare. ",15.52,,,,,,,Fee Schedule,"238 % 2013 Manhattan Medicare. ",15.52,,,,,,,Fee Schedule,"238 % 2013 Manhattan Medicare. ",4.74,,,,,,,Fee Schedule,"100% Medicare Lab FS. ",15.52,,,,,,,Fee Schedule,"238 % 2013 Manhattan Medicare. ",15.52,,,,,,,Fee Schedule,"238 % 2013 Manhattan Medicare. ",11.9,,,,,,,Fee Schedule,"251.054852320675 % Medicare Physician FS TC Rates Only. ",78.44,,,,,,,Fee Schedule,110% of APG. Lesser of 100% of billed charges applies.,4.27,,,,,,,Fee schedule,90 Percent of Medicare Laboratory. Covered services not payable under Medicaid Fee Schedules default to a payment of 50 percent of charges.,160.44,,,,,,,Fee Schedule,225% of NYS APG. Lesser of 100% of billed charges applies.,160.44,,,,,,,Case Rate,225 Percent of Medicaid APG. Covered services not payable under Medicaid Fee Schedules default to a payment of 87.5 percent of charges.,4.27,,,,,,,Fee schedule,90 Percent of Medicare Laboratory. Covered services not payable under Medicaid Fee Schedules default to a payment of 50 percent of charges.,160.44,,,,,,,Fee Schedule,225% of NYS APG. Lesser of 100% of billed charges applies.,160.44,,,,,,,Fee Schedule,225% of NYS APG. Lesser of 100% of billed charges applies.,160.44,,,,,,,Fee Schedule,225% of NYS APG. Lesser of 100% of billed charges applies.,160.44,,,,,,,Fee Schedule,225% of NYS APG. Lesser of 100% of billed charges applies.,160.44,,,,,,,Fee Schedule,225% of NYS APG. Lesser of 100% of billed charges applies.,160.44,,,,,,,Fee Schedule,225% of NYS APG. Lesser of 100% of billed charges applies.,,,,,,,,,"NA. ",,,,,,,,,"NA. ",,,,,,,,,"NA. ",10.2,,,,,,,Fee Schedule,"150 % 2018 Cigna RBRVS fee schedule. ",,,,,,,,,"NA. ",4.74,,,,,,,Fee Schedule,"100% Medicare Lab FS. ",7,,,,,,,Fee Schedule,"100 % 1199 Fee Schedule. ",4.74,,,,,,,Fee Schedule,"100% Medicare Lab FS. ",4.74,,,,,,,Fee Schedule,"100% Medicare Lab FS. ",85.57,,,,,,,Case Rate,"120 Percent of Medicaid APG. Not APG payable, or payable under another fee schedule like ASP/AWP pays at 30% of charges",85.57,,,,,,,Case Rate,"120 Percent of Medicaid APG. Not APG payable, or payable under another fee schedule like ASP/AWP pays at 30% of charges",71.31,,,,,,,Case Rate,"100 Percent of Medicaid APG. Not APG payable, or payable under another fee schedule like ASP/AWP pays at 30% of charges",71.31,,,,,,,Case Rate,"100 Percent of Medicaid APG. Not APG payable, or payable under another fee schedule like ASP/AWP pays at 30% of charges",71.31,,,,,,,Case Rate,"100 Percent of Medicaid APG. ",10.29,,,,,,,Fee Schedule,"217 % Medicare RBRVS. ",11.9,,,,,,,Fee Schedule,"251.054852320675 % Medicare Physician FS TC Rates Only. ",12.09,,,,,,,Fee Schedule,"255 % Medicare RBRVS. ",10.2,,,,,,,Fee Schedule,"150 % 2018 Cigna RBRVS fee schedule. ",4.74,,,,,,,Fee Schedule,"100% Medicare Lab FS. ",4.74,,,,,,,Fee Schedule,"100% Medicare Lab FS. ",4.74,,,,,,,Fee Schedule,"100% Medicare Lab FS. ",4.74,,,,,,,Fee Schedule,"100% Medicare Lab FS. ",4.74,,,,,,,Fee Schedule,"100% Medicare Lab FS. ",4.74,,,,,,,Fee Schedule,"100% Medicare Lab FS. ",,,,,,,,,"NA. ",160.44,,,,,,,Fee Schedule,225% of NYS APG. Lesser of 100% of billed charges applies.,4.74,,,,,,,Fee Schedule,100% Medicaid Fee Schedule. Lesser of 100% of billed charges applies.,15.52,,,,,,,Fee Schedule,"238 % 2013 Manhattan Medicare. ",10.29,,,,,,,Fee Schedule,"217 % Medicare RBRVS. ",10.29,,,,,,,Fee Schedule,"217 % Medicare RBRVS. ",10.29,,,,,,,Fee Schedule,"217 % Medicare RBRVS. ",10.29,,,,,,,Fee Schedule,"217 % Medicare RBRVS. ",4.74,,,,,,,Fee Schedule,"100% Medicare Lab FS. ",71.31,,,,,,,Case Rate,"100 Percent of Medicaid APG. ",15.52,,,,,,,Fee Schedule,"238 % 2013 Manhattan Medicare. ",71.31,,,,,,,Case Rate,"100 Percent of Medicaid APG. ",4.74,,,,,,,Fee Schedule,"100% Medicare Lab FS. ",71.31,,,,,,,Case Rate,"100 Percent of Medicaid APG. ",4.74,,,,,,,Fee Schedule,"100% Medicare Lab FS. ",4.74,,,,,,,Fee Schedule,"100% Medicare Lab FS. ",71.31,,,,,,,Case Rate,"100 Percent of Medicaid APG. ",71.31,,,,,,,Case Rate,"100 Percent of Medicaid APG. ",10.29,,,,,,,Fee Schedule,"217 % Medicare RBRVS. ",10.2,,,,,,,Fee Schedule,"150 % 2018 Cigna RBRVS fee schedule. ",33.1344,78,,,,,0,percent of total billed charges,78% of Billed Charges. Lesser of 100% of billed charges applies.; No services were performed during the 15 month look back period.,5.27,,,,,,,Fee Schedule,"100 % 2019 CMS Clinical Lab National Limit Pub 20190115. ",5.27,,,,,,,Fee Schedule,"100 % 2019 CMS Clinical Lab National Limit Pub 20190115. ",11.9,,,,,,,Fee Schedule,"251.054852320675 % Medicare Physician FS TC Rates Only. ",4.65,,,,,,,Fee Schedule,"98% Lab FS. ",9.15,,,,,,,Fee Schedule,"193 % Medicare RBRVS. ",9.15,,,,,,,Fee Schedule,"193 % Medicare RBRVS. ",12.41,,,,,,,Fee Schedule,"190.4 % 2013 Manhattan Medicare. ",12.41,,,,,,,Fee Schedule,"190.4 % 2013 Manhattan Medicare. ",4.74,,,,,,,Fee Schedule,"100% Medicare Lab FS. ",4.74,,,,,,,Fee Schedule,"100% Medicare Lab FS. ",4.74,,,,,,,Fee Schedule,"100% Medicare Lab FS. ",4.74,,,,,,,Fee Schedule,"100% Medicare Lab FS. ",5.27,,,,,,,Fee Schedule,"100 % 2019 CMS Clinical Lab National Limit Pub 20190115. ",15.52,,,,,,,Fee Schedule,"238 % 2013 Manhattan Medicare. ",15.52,,,,,,,Fee Schedule,"238 % 2013 Manhattan Medicare. ",4.74,,,,,,,Fee Schedule,"100% Medicare Lab FS. ",12.41,,,,,,,Fee Schedule,"190.4 % 2013 Manhattan Medicare. ",12.09,,,,,,,Fee Schedule,"255 % Medicare RBRVS. ",85.57,,,,,,,Fee Schedule,"120 Percent of Medicaid APG. ",71.31,,,,,,,Case Rate,"100 Percent of Medicaid APG. ",10.29,,,,,,,Fee Schedule,"217 % Medicare RBRVS. ",13.97,,,,,,,Fee Schedule,"214.2 % 2013 Manhattan Medicare. ",13.97,,,,,,,Fee Schedule,"214.2 % 2013 Manhattan Medicare. ",15.52,,,,,,,Fee Schedule,"238 % 2013 Manhattan Medicare. ",21.24,50,,,,,0,percent of total billed charges,50 percent of billed charges; No services were performed during the 15 month look back period.,4.74,,,,,,,Fee Schedule,"100% Medicare Lab FS. ",74.87,,,,,,,Fee Schedule,105 percent of Medicaid APG. otherwise 105% of Ordered NYS MCD FS or 105% of ASP+6%,74.87,,,,,,,Fee Schedule,105 percent of Medicaid APG. otherwise 105% of Ordered NYS MCD FS or 105% of ASP+6%,74.87,,,,,,,Fee Schedule,105 percent of Medicaid APG. otherwise 105% of Ordered NYS MCD FS or 105% of ASP+6%,96.26,,,,,,,Fee Schedule,135 percent of Medicaid APG. otherwise 135% of Ordered NYS MCD FS or 135% of ASP+6%,5.27,,,,,,,Fee Schedule,"100 % 2019 CMS Clinical Lab National Limit Pub 20190115. ",74.87,,,,,,,Fee Schedule,105 percent of Medicaid APG. otherwise 105% of Ordered NYS MCD FS or 105% of ASP+6%,74.87,,,,,,,Fee Schedule,105 percent of Medicaid APG. otherwise 105% of Ordered NYS MCD FS or 105% of ASP+6%,74.87,,,,,,,Fee Schedule,105 percent of Medicaid APG. otherwise 105% of Ordered NYS MCD FS or 105% of ASP+6%,74.87,,,,,,,Fee Schedule,105 percent of Medicaid APG. otherwise 105% of Ordered NYS MCD FS or 105% of ASP+6%,74.87,,,,,,,Fee Schedule,105 percent of Medicaid APG. otherwise 105% of Ordered NYS MCD FS or 105% of ASP+6%,96.26,,,,,,,Fee Schedule,135 percent of Medicaid APG. otherwise 135% of Ordered NYS MCD FS or 135% of ASP+6%,96.26,,,,,,,Fee Schedule,135 percent of Medicaid APG. otherwise 135% of Ordered NYS MCD FS or 135% of ASP+6%,4.74,,,,,,,Fee Schedule,"100% Medicare Lab FS. ",5.27,,,,,,,Fee Schedule,"100 % 2019 CMS Clinical Lab National Limit Pub 20190115. ",4.74,,,,,,,Fee Schedule,"100% Medicare Lab FS. ",74.87,,,,,,,Fee Schedule,105 percent of Medicaid APG. otherwise 105% of Ordered NYS MCD FS or 105% of ASP+6%,15.52,,,,,,,Fee Schedule,"238 % 2013 Manhattan Medicare. ",4.74,,,,,,,Fee Schedule,"100% Medicare Lab FS. ",15.52,,,,,,,Fee Schedule,"238 % 2013 Manhattan Medicare. ",15.52,,,,,,,Fee Schedule,"238 % 2013 Manhattan Medicare. ",15.52,,,,,,,Fee Schedule,"238 % 2013 Manhattan Medicare. ",74.87,,,,,,,Fee Schedule,105 percent of Medicaid APG. otherwise 105% of Ordered NYS MCD FS or 105% of ASP+6%,4.74,,,,,,,Fee Schedule,"100% Medicare Lab FS. ",15.52,,,,,,,Fee Schedule,"238 % 2013 Manhattan Medicare. ",96.26,,,,,,,Fee Schedule,135 percent of Medicaid APG. otherwise 135% of Ordered NYS MCD FS or 135% of ASP+6%,15.52,,,,,,,Fee Schedule,"238 % 2013 Manhattan Medicare. ",7.11,,,,,,,Fee Schedule,"150% of Medicare Lab FS. ",4.74,,,,,,,Fee Schedule,"100% Medicare Lab FS. ",10.29,,,,,,,Fee Schedule,"217 % Medicare RBRVS. ",10.29,,,,,,,Fee Schedule,"217 % Medicare RBRVS. ",10.29,,,,,,,Fee Schedule,"217 % Medicare RBRVS. ",10.29,,,,,,,Fee Schedule,"217 % Medicare RBRVS. ",10.29,,,,,,,Fee Schedule,"217 % Medicare RBRVS. ",12.09,,,,,,,Fee Schedule,"255 % Medicare RBRVS. ",12.09,,,,,,,Fee Schedule,"255 % Medicare RBRVS. ",10.29,,,,,,,Fee Schedule,"217 % Medicare RBRVS. ",10.29,,,,,,,Fee Schedule,"217 % Medicare RBRVS. ",10.29,,,,,,,Fee Schedule,"217 % Medicare RBRVS. ",10.29,,,,,,,Fee Schedule,"217 % Medicare RBRVS. ",10.29,,,,,,,Fee Schedule,"217 % Medicare RBRVS. ",4.74,,,,,,,Fee Schedule,"100% Medicare Lab FS. ",12.09,,,,,,,Fee Schedule,"255 % Medicare RBRVS. ",4.74,,,,,,,Fee Schedule,"100% Medicare Lab FS. ",160.44,,,,,,,Case Rate,"225 Percent of Medicaid APG. If not included in Medicaid APG, then 100 Percent of Manhattan Medicare",71.31,,,,,,,Case Rate,"100 Percent of Medicaid APG. If not priced under APG, then Metroplus FeeSched",5.27,,,,,,,Fee Schedule,"100 % 2019 CMS Clinical Lab National Limit Pub 20190115. ",5.27,,,,,,,Fee Schedule,"100 % 2019 CMS Clinical Lab National Limit Pub 20190115. ",4.74,,,,,,,Fee Schedule,"100% Medicare Lab FS. ",9.15,,,,,,,Fee Schedule,"193 % Medicare RBRVS. ",4.74,,,,,,,Fee Schedule,"100% Medicare Lab FS. ",4.74,,,,,,,Fee Schedule,"100% Medicare Lab FS. ",11.9,,,,,,,Fee Schedule,"251.054852320675 % Medicare Physician FS TC Rates Only. ",4.74,,,,,,,Fee Schedule,"100% Medicare Lab FS. ",10.2,,,,,,,Fee Schedule,"150 % 2018 Cigna RBRVS fee schedule. ",4.74,,,,,,,Fee Schedule,"100% Medicare Lab FS. ",10.2,,,,,,,Fee Schedule,"150 % 2018 Cigna RBRVS fee schedule. ",11.9,,,,,,,Fee Schedule,"251.054852320675 % Medicare Physician FS TC Rates Only. ",10.2,,,,,,,Fee Schedule,"150 % 2018 Cigna RBRVS fee schedule. ",4.74,,,,,,,Fee Schedule,"100% Medicare Lab FS. ",71.31,,,,,,,Case Rate,"100 Percent of Medicaid APG. ",4.74,,,,,,,Fee Schedule,"100% Medicare Lab FS. ",10.2,,,,,,,Fee Schedule,"150 % 2018 Cigna RBRVS fee schedule. ",5.27,,,,,,,Fee Schedule,"100 % 2019 CMS Clinical Lab National Limit Pub 20190115. ",71.31,,,,,,,Case Rate,"100 Percent of Medicaid APG. ",15.52,,,,,,,Fee Schedule,"238 % 2013 Manhattan Medicare. ",85.57,,,,,,,Fee Schedule,"120 Percent of Medicaid APG. ",85.57,,,,,,,Fee Schedule,"120 Percent of Medicaid APG. ",15.52,,,,,,,Fee Schedule,"238 % 2013 Manhattan Medicare. ",15.52,,,,,,,Fee Schedule,"238 % 2013 Manhattan Medicare. ",15.52,,,,,,,Fee Schedule,"238 % 2013 Manhattan Medicare. ",5.27,,,,,,,Fee Schedule,"100 % 2019 CMS Clinical Lab National Limit Pub 20190115. ",15.52,,,,,,,Fee Schedule,"238 % 2013 Manhattan Medicare. ",15.52,,,,,,,Fee Schedule,"238 % 2013 Manhattan Medicare. ",15.52,,,,,,,Fee Schedule,"238 % 2013 Manhattan Medicare. ",10.29,,,,,,,Fee Schedule,"217 % Medicare RBRVS. ",10.29,,,,,,,Fee Schedule,"217 % Medicare RBRVS. ",6.68,,,,,,,Fee Schedule,141 Percent of of Medicare Lab FS. Metroplus will reimburse unlisted codes and described codes with no Medicare rate at 50 percent of charges.,71.31,,,,,,,Case Rate,"100 Percent of Medicaid APG. ",5.27,,,,,,,Fee Schedule,"100 % 2019 CMS Clinical Lab National Limit Pub 20190115. ",10.2,,,,,,,Fee Schedule,"150 % 2018 Cigna RBRVS fee schedule. ",11.9,,,,,,,Fee Schedule,"251.054852320675 % Medicare Physician FS TC Rates Only. ",5.27,,,,,,,Fee Schedule,"100 % 2019 CMS Clinical Lab National Limit Pub 20190115. ",11.9,,,,,,,Fee Schedule,"251.054852320675 % Medicare Physician FS TC Rates Only. ",5.27,,,,,,,Fee Schedule,"100 % 2019 CMS Clinical Lab National Limit Pub 20190115. ",15.52,,,,,,,Fee Schedule,"238 % 2013 Manhattan Medicare. ",15.52,,,,,,,Fee Schedule,"238 % 2013 Manhattan Medicare. ",15.52,,,,,,,Fee Schedule,"238 % 2013 Manhattan Medicare. ",15.52,,,,,,,Fee Schedule,"238 % 2013 Manhattan Medicare. ",4.74,,,,,,,Fee Schedule,"100% Medicare Lab FS. ",4.27,160.44,
84132,CPT,2021530,LOCAL,300,RC,HC ASSAY OF SERUM POTASSIUM,32.33,5.71,both,,,,7,,,,,,,Fee Schedule,"100 % 1199 Fee Schedule. ",7,,,,,,,Fee Schedule,"100 % 1199 Fee Schedule. ",11.95,,,,,,,Fee Schedule,"251.050420168067 % Medicare Physician FS TC Rates Only. ",32.33,100,,,,,0,percent of total billed charges,100 percent of billed charges. ; No services were performed during the 15 month look back period.,4.76,,,,,,,Fee Schedule,"100% Medicare Lab FS. ",11.95,,,,,,,Fee Schedule,"251.050420168067 % Medicare Physician FS TC Rates Only. ",11.95,,,,,,,Fee Schedule,"251.050420168067 % Medicare Physician FS TC Rates Only. ",11.95,,,,,,,Fee Schedule,"251.050420168067 % Medicare Physician FS TC Rates Only. ",85.57,,,,,,,Case Rate,"100 Percent of Medicaid APG. ",71.31,,,,,,,Case Rate,"100 Percent of Medicaid APG. ",25.2174,78,,,,,0,percent of total billed charges,78% of Billed Charges. Lesser of 100% of billed charges applies.; No services were performed during the 15 month look back period.,5.11,,,,,,,Fee Schedule,"100 % 2019 CMS Clinical Lab National Limit Pub 20190115. ",71.31,,,,,,,Case Rate,"100 Percent of Medicaid APG. ",4.76,,,,,,,Fee Schedule,"100% Medicare Lab FS. ",10.2,,,,,,,Fee Schedule,"150 % 2018 Cigna RBRVS fee schedule. ",10.2,,,,,,,Fee Schedule,"150 % 2018 Cigna RBRVS fee schedule. ",10.2,,,,,,,Fee Schedule,"150 % 2018 Cigna RBRVS fee schedule. ",10.2,,,,,,,Fee Schedule,"150 % 2018 Cigna RBRVS fee schedule. ",4.28,,,,,,,Fee schedule,90 Percent of Medicare Laboratory. Covered services not payable under Medicaid Fee Schedules default to a payment of 50 percent of charges.,4.76,,,,,,,Fee Schedule,"100% Medicare Lab FS. ",4.28,,,,,,,Fee schedule,90 Percent of Medicare Laboratory. Covered services not payable under Medicaid Fee Schedules default to a payment of 50 percent of charges.,25.2174,78,,,,,0,percent of total billed charges,78% of Billed Charges. Lesser of 100% of billed charges applies.; No services were performed during the 15 month look back period.,11.95,,,,,,,Fee Schedule,"251.050420168067 % Medicare Physician FS TC Rates Only. ",4.76,,,,,,,Fee Schedule,"100% Medicare Lab FS. ",8427,,,,,,,Case Rate,". Primary procedure pays at 100%, all subsequent at 50%.",4.76,,,,,,,Fee Schedule,"100% Medicare Lab FS. ",4.76,,,,,,,Fee Schedule,"100% Medicare Lab FS. ",25.2174,78,,,,,0,percent of total billed charges,78% of Billed Charges. Lesser of 100% of billed charges applies.; No services were performed during the 15 month look back period.,4.76,,,,,,,Fee Schedule,100% Medicaid Fee Schedule. Lesser of 100% of billed charges applies.,4.76,,,,,,,Fee Schedule,100% Medicaid Fee Schedule. Lesser of 100% of billed charges applies.,4.28,,,,,,,Fee schedule,"90 Percent of Medicare RBRVS. ",4.28,,,,,,,Fee schedule,"90 Percent of Medicare RBRVS. ",8427,,,,,,,Case Rate,". Primary procedure pays at 100%, all subsequent at 50%.",8427,,,,,,,Case Rate,". Primary procedure pays at 100%, all subsequent at 50%.",71.31,,,,,,,Case Rate,"100 Percent of Medicaid APG. Not APG payable, or payable under another fee schedule like ASP/AWP pays at 30% of charges",8427,,,,,,,Case Rate,". Primary procedure pays at 100%, all subsequent at 50%.",71.31,,,,,,,Case Rate,"100 Percent of Medicaid APG. Not APG payable, or payable under another fee schedule like ASP/AWP pays at 30% of charges",4.76,,,,,,,Fee Schedule,"100% Medicare Lab FS. ",8427,,,,,,,Case Rate,". Primary procedure pays at 100%, all subsequent at 50%.",25.2174,78,,,,,0,percent of total billed charges,78% of Billed Charges. Lesser of 100% of billed charges applies.; No services were performed during the 15 month look back period.,71.31,,,,,,,Case Rate,"100 Percent of Medicaid APG. If not priced under APG, then Metroplus FeeSched",71.31,,,,,,,Case Rate,"100 Percent of Medicaid APG. If not priced under APG, then Metroplus FeeSched",25.2174,78,,,,,0,percent of total billed charges,78% of Billed Charges. Lesser of 100% of billed charges applies.; No services were performed during the 15 month look back period.,10.2,,,,,,,Fee Schedule,"150 % 2018 Cigna RBRVS fee schedule. ",5.11,,,,,,,Fee Schedule,"100 % 2019 CMS Clinical Lab National Limit Pub 20190115. ",5.11,,,,,,,Fee Schedule,"100 % 2019 CMS Clinical Lab National Limit Pub 20190115. ",25.2174,78,,,,,0,percent of total billed charges,78% of Billed Charges. Lesser of 100% of billed charges applies.; No services were performed during the 15 month look back period.,4.76,,,,,,,Fee Schedule,"100% Medicare Lab FS. ",5.11,,,,,,,Fee Schedule,"100 % 2019 CMS Clinical Lab National Limit Pub 20190115. ",5.11,,,,,,,Fee Schedule,"100 % 2019 CMS Clinical Lab National Limit Pub 20190115. ",5.11,,,,,,,Fee Schedule,"100 % 2019 CMS Clinical Lab National Limit Pub 20190115. ",4.76,,,,,,,Fee Schedule,"100% Medicare Lab FS. ",5.11,,,,,,,Fee Schedule,"100 % 2019 CMS Clinical Lab National Limit Pub 20190115. ",5.11,,,,,,,Fee Schedule,"100 % 2019 CMS Clinical Lab National Limit Pub 20190115. ",4.76,,,,,,,Fee Schedule,"100% of Medicare Lab FS. ",25798,,,,,,,Case Rate,". MPL 100/75/50% all add ons apply, and lesser of 100% of billed charges",15.04,,,,,,,Fee Schedule,"238 % 2013 Manhattan Medicare. ",15.04,,,,,,,Fee Schedule,"238 % 2013 Manhattan Medicare. ",15.04,,,,,,,Fee Schedule,"238 % 2013 Manhattan Medicare. ",15.04,,,,,,,Fee Schedule,"238 % 2013 Manhattan Medicare. ",15.04,,,,,,,Fee Schedule,"238 % 2013 Manhattan Medicare. ",15.04,,,,,,,Fee Schedule,"238 % 2013 Manhattan Medicare. ",4.76,,,,,,,Fee Schedule,"100% Medicare Lab FS. ",4.76,,,,,,,Fee Schedule,"100% Medicare Lab FS. ",15.04,,,,,,,Fee Schedule,"238 % 2013 Manhattan Medicare. ",25.2174,78,,,,,0,percent of total billed charges,78% of Billed Charges. Lesser of 100% of billed charges applies.; No services were performed during the 15 month look back period.,25.2174,78,,,,,0,percent of total billed charges,78% of Billed Charges. Lesser of 100% of billed charges applies.; No services were performed during the 15 month look back period.,25.2174,78,,,,,0,percent of total billed charges,78% of Billed Charges. Lesser of 100% of billed charges applies.; No services were performed during the 15 month look back period.,25.2174,78,,,,,0,percent of total billed charges,78% of Billed Charges. Lesser of 100% of billed charges applies.; No services were performed during the 15 month look back period.,25.2174,78,,,,,0,percent of total billed charges,78% of Billed Charges. Lesser of 100% of billed charges applies.; No services were performed during the 15 month look back period.,25.2174,78,,,,,0,percent of total billed charges,78% of Billed Charges. Lesser of 100% of billed charges applies.; No services were performed during the 15 month look back period.,25.2174,78,,,,,0,percent of total billed charges,78% of Billed Charges. Lesser of 100% of billed charges applies.; No services were performed during the 15 month look back period.,25.2174,78,,,,,0,percent of total billed charges,78% of Billed Charges. Lesser of 100% of billed charges applies.; No services were performed during the 15 month look back period.,25.2174,78,,,,,0,percent of total billed charges,78% of Billed Charges. Lesser of 100% of billed charges applies.; No services were performed during the 15 month look back period.,25.2174,78,,,,,0,percent of total billed charges,78% of Billed Charges. Lesser of 100% of billed charges applies.; No services were performed during the 15 month look back period.,25.2174,78,,,,,0,percent of total billed charges,78% of Billed Charges. Lesser of 100% of billed charges applies.; No services were performed during the 15 month look back period.,25.2174,78,,,,,0,percent of total billed charges,78% of Billed Charges. Lesser of 100% of billed charges applies.; No services were performed during the 15 month look back period.,25.2174,78,,,,,0,percent of total billed charges,78% of Billed Charges. Lesser of 100% of billed charges applies.; No services were performed during the 15 month look back period.,25.2174,78,,,,,0,percent of total billed charges,78% of Billed Charges. Lesser of 100% of billed charges applies.; No services were performed during the 15 month look back period.,25.2174,78,,,,,0,percent of total billed charges,78% of Billed Charges. Lesser of 100% of billed charges applies.; No services were performed during the 15 month look back period.,25.2174,78,,,,,0,percent of total billed charges,78% of Billed Charges. Lesser of 100% of billed charges applies.; No services were performed during the 15 month look back period.,25.2174,78,,,,,0,percent of total billed charges,78% of Billed Charges. Lesser of 100% of billed charges applies.; No services were performed during the 15 month look back period.,25.2174,78,,,,,0,percent of total billed charges,78% of Billed Charges. Lesser of 100% of billed charges applies.; No services were performed during the 15 month look back period.,25.2174,78,,,,,0,percent of total billed charges,78% of Billed Charges. Lesser of 100% of billed charges applies.; No services were performed during the 15 month look back period.,25.2174,78,,,,,0,percent of total billed charges,78% of Billed Charges. Lesser of 100% of billed charges applies.; No services were performed during the 15 month look back period.,25.2174,78,,,,,0,percent of total billed charges,78% of Billed Charges. Lesser of 100% of billed charges applies.; No services were performed during the 15 month look back period.,25.2174,78,,,,,0,percent of total billed charges,78% of Billed Charges. Lesser of 100% of billed charges applies.; No services were performed during the 15 month look back period.,25.2174,78,,,,,0,percent of total billed charges,78% of Billed Charges. Lesser of 100% of billed charges applies.; No services were performed during the 15 month look back period.,25.2174,78,,,,,0,percent of total billed charges,78% of Billed Charges. Lesser of 100% of billed charges applies.; No services were performed during the 15 month look back period.,25.2174,78,,,,,0,percent of total billed charges,78% of Billed Charges. Lesser of 100% of billed charges applies.; No services were performed during the 15 month look back period.,25.2174,78,,,,,0,percent of total billed charges,78% of Billed Charges. Lesser of 100% of billed charges applies.; No services were performed during the 15 month look back period.,8427,,,,,,,Case Rate,". Primary procedure pays at 100%, all subsequent at 50%.",8427,,,,,,,Case Rate,". Primary procedure pays at 100%, all subsequent at 50%.",8427,,,,,,,Case Rate,". Primary procedure pays at 100%, all subsequent at 50%.",8427,,,,,,,Case Rate,". Primary procedure pays at 100%, all subsequent at 50%.",12574,,,,,,,Case Rate,". Primary procedure pays at 100%, all subsequent at 50%.",12574,,,,,,,Case Rate,". Primary procedure pays at 100%, all subsequent at 50%.",10.2,,,,,,,Fee Schedule,"150 % 2018 Cigna RBRVS fee schedule. ",15.04,,,,,,,Fee Schedule,"238 % 2013 Manhattan Medicare. ",5.11,,,,,,,Fee Schedule,"100 % 2019 CMS Clinical Lab National Limit Pub 20190115. ",15.04,,,,,,,Fee Schedule,"238 % 2013 Manhattan Medicare. ",25.2174,78,,,,,0,percent of total billed charges,78% of Billed Charges. Lesser of 100% of billed charges applies.; No services were performed during the 15 month look back period.,12574,,,,,,,Case Rate,". Primary procedure pays at 100%, all subsequent at 50%.",15.04,,,,,,,Fee Schedule,"238 % 2013 Manhattan Medicare. ",5.11,,,,,,,Fee Schedule,"100 % 2019 CMS Clinical Lab National Limit Pub 20190115. ",10.2,,,,,,,Fee Schedule,"150 % 2018 Cigna RBRVS fee schedule. ",,,,,,,,,"NA. ",25.2174,78,,,,,0,percent of total billed charges,78% of Billed Charges. Lesser of 100% of billed charges applies.; No services were performed during the 15 month look back period.,71.31,,,,,,,Case Rate,"100 Percent of Medicaid APG. ",8427,,,,,,,Case Rate,". Primary procedure pays at 100%, all subsequent at 50%.",71.31,,,,,,,Case Rate,"100 Percent of Medicaid APG. Not APG payable, or payable under another fee schedule like ASP/AWP pays at 30% of charges",4.76,,,,,,,Fee Schedule,"100% Medicare Lab FS. ",4.76,,,,,,,Fee Schedule,"100% Medicare Lab FS. ",25798,,,,,,,Case Rate,". MPL 100/75/50% all add ons apply, and lesser of 100% of billed charges",4.76,,,,,,,Fee Schedule,"100% Medicare Lab FS. ",4.76,,,,,,,Fee Schedule,"100% Medicare Lab FS. ",71.31,,,,,,,Case Rate,"100 Percent of Medicaid APG. ",4.76,,,,,,,Fee Schedule,"100% Medicare Lab FS. ",4.76,,,,,,,Fee Schedule,"100% Medicare Lab FS. ",11.95,,,,,,,Fee Schedule,"251.050420168067 % Medicare Physician FS TC Rates Only. ",11.95,,,,,,,Fee Schedule,"251.050420168067 % Medicare Physician FS TC Rates Only. ",4.76,,,,,,,Fee Schedule,"100% Medicare Lab FS. ",10.2,,,,,,,Fee Schedule,"150 % 2018 Cigna RBRVS fee schedule. ",5.11,,,,,,,Fee Schedule,"100 % 2019 CMS Clinical Lab National Limit Pub 20190115. ",5.11,,,,,,,Fee Schedule,"100 % 2019 CMS Clinical Lab National Limit Pub 20190115. ",4.76,,,,,,,Fee Schedule,"100% Medicare Lab FS. ",10.2,,,,,,,Fee Schedule,"150 % 2018 Cigna RBRVS fee schedule. ",11.95,,,,,,,Fee Schedule,"251.050420168067 % Medicare Physician FS TC Rates Only. ",11.95,,,,,,,Fee Schedule,"251.050420168067 % Medicare Physician FS TC Rates Only. ",11.95,,,,,,,Fee Schedule,"251.050420168067 % Medicare Physician FS TC Rates Only. ",25.2174,78,,,,,0,percent of total billed charges,78% of Billed Charges. Lesser of 100% of billed charges applies.; No services were performed during the 15 month look back period.,25.2174,78,,,,,0,percent of total billed charges,78% of Billed Charges. Lesser of 100% of billed charges applies.; No services were performed during the 15 month look back period.,25.2174,78,,,,,0,percent of total billed charges,78% of Billed Charges. Lesser of 100% of billed charges applies.; No services were performed during the 15 month look back period.,25.2174,78,,,,,0,percent of total billed charges,78% of Billed Charges. Lesser of 100% of billed charges applies.; No services were performed during the 15 month look back period.,25.2174,78,,,,,0,percent of total billed charges,78% of Billed Charges. Lesser of 100% of billed charges applies.; No services were performed during the 15 month look back period.,25.2174,78,,,,,0,percent of total billed charges,78% of Billed Charges. Lesser of 100% of billed charges applies.; No services were performed during the 15 month look back period.,25.2174,78,,,,,0,percent of total billed charges,78% of Billed Charges. Lesser of 100% of billed charges applies.; No services were performed during the 15 month look back period.,25.2174,78,,,,,0,percent of total billed charges,78% of Billed Charges. Lesser of 100% of billed charges applies.; No services were performed during the 15 month look back period.,25.2174,78,,,,,0,percent of total billed charges,78% of Billed Charges. Lesser of 100% of billed charges applies.; No services were performed during the 15 month look back period.,25.2174,78,,,,,0,percent of total billed charges,78% of Billed Charges. Lesser of 100% of billed charges applies.; No services were performed during the 15 month look back period.,25.2174,78,,,,,0,percent of total billed charges,78% of Billed Charges. Lesser of 100% of billed charges applies.; No services were performed during the 15 month look back period.,12574,,,,,,,Case Rate,". Primary procedure pays at 100%, all subsequent at 50%.",15.04,,,,,,,Fee Schedule,"238 % 2013 Manhattan Medicare. ",10.2,,,,,,,Fee Schedule,"150 % 2018 Cigna RBRVS fee schedule. ",4.76,,,,,,,Fee Schedule,"100% Medicare Lab FS. ",11.95,,,,,,,Fee Schedule,"251.050420168067 % Medicare Physician FS TC Rates Only. ",10.2,,,,,,,Fee Schedule,"150 % 2018 Cigna RBRVS fee schedule. ",10.2,,,,,,,Fee Schedule,"150 % 2018 Cigna RBRVS fee schedule. ",25.2174,78,,,,,0,percent of total billed charges,78% of Billed Charges. Lesser of 100% of billed charges applies.; No services were performed during the 15 month look back period.,152.6,,,,,,,Case Rate,"141 Percent of current Medicare RBRVS FeeSched. ",10.2,,,,,,,Fee Schedule,"150 % 2018 Cigna RBRVS fee schedule. ",71.31,,,,,,,Case Rate,"100 Percent of Medicaid APG. ",4.76,,,,,,,Fee Schedule,"100% Medicare Lab FS. ",4.76,,,,,,,Fee Schedule,"100% Medicare Lab FS. ",4.76,,,,,,,Fee Schedule,"100% Medicare Lab FS. ",4.76,,,,,,,Fee Schedule,"100% Medicare Lab FS. ",4.76,,,,,,,Fee Schedule,"100% Medicare Lab FS. ",4.76,,,,,,,Fee Schedule,"100% Medicare Lab FS. ",10.2,,,,,,,Fee Schedule,"150 % 2018 Cigna RBRVS fee schedule. ",25798,,,,,,,Case Rate,". MPL 100/75/50% all add ons apply, and lesser of 100% of billed charges",7.62,,,,,,,Fee Schedule,"160 Percent of Medicare Laboratory. ",7.62,,,,,,,Fee Schedule,"160 Percent of Medicare Laboratory. ",7.62,,,,,,,Fee Schedule,"160 Percent of Medicare Laboratory. ",7.62,,,,,,,Fee Schedule,"160 Percent of Medicare Laboratory. ",7.62,,,,,,,Fee Schedule,"160 Percent of Medicare Laboratory. ",,,,,,,,,"NA. ",25798,,,,,,,Case Rate,". MPL 100/75/50% all add ons apply, and lesser of 100% of billed charges",6.71,,,,,,,Fee Schedule,141 Percent of of Medicare Lab FS. Metroplus will reimburse unlisted codes and described codes with no Medicare rate at 50 percent of charges.,6.71,,,,,,,Fee Schedule,141 Percent of of Medicare Lab FS. Metroplus will reimburse unlisted codes and described codes with no Medicare rate at 50 percent of charges.,6.71,,,,,,,Fee Schedule,141 Percent of of Medicare Lab FS. Metroplus will reimburse unlisted codes and described codes with no Medicare rate at 50 percent of charges.,6.71,,,,,,,Fee Schedule,141 Percent of of Medicare Lab FS. Metroplus will reimburse unlisted codes and described codes with no Medicare rate at 50 percent of charges.,6.71,,,,,,,Fee Schedule,141 Percent of of Medicare Lab FS. Metroplus will reimburse unlisted codes and described codes with no Medicare rate at 50 percent of charges.,4.76,,,,,,,Fee Schedule,"100% Medicare Lab FS. ",12574,,,,,,,Case Rate,". Primary procedure pays at 100%, all subsequent at 50%.",12574,,,,,,,Case Rate,". Primary procedure pays at 100%, all subsequent at 50%.",12574,,,,,,,Case Rate,". Primary procedure pays at 100%, all subsequent at 50%.",12574,,,,,,,Case Rate,". Primary procedure pays at 100%, all subsequent at 50%.",11.95,,,,,,,Fee Schedule,"251.050420168067 % Medicare Physician FS TC Rates Only. ",11.95,,,,,,,Fee Schedule,"251.050420168067 % Medicare Physician FS TC Rates Only. ",11.95,,,,,,,Fee Schedule,"251.050420168067 % Medicare Physician FS TC Rates Only. ",11.95,,,,,,,Fee Schedule,"251.050420168067 % Medicare Physician FS TC Rates Only. ",25798,,,,,,,Case Rate,". MPL 100/75/50% all add ons apply, and lesser of 100% of billed charges",25798,,,,,,,Case Rate,". MPL 100/75/50% all add ons apply, and lesser of 100% of billed charges",4.76,,,,,,,Fee Schedule,"100% Medicare Lab FS. ",4.76,,,,,,,Fee Schedule,"100% Medicare Lab FS. ",4.76,,,,,,,Fee Schedule,"100% Medicare Lab FS. ",15.04,,,,,,,Fee Schedule,"238 % 2013 Manhattan Medicare. ",15.04,,,,,,,Fee Schedule,"238 % 2013 Manhattan Medicare. ",15.04,,,,,,,Fee Schedule,"238 % 2013 Manhattan Medicare. ",25798,,,,,,,Case Rate,". MPL 100/75/50% all add ons apply, and lesser of 100% of billed charges",11.95,,,,,,,Fee Schedule,"251.050420168067 % Medicare Physician FS TC Rates Only. ",4.76,,,,,,,Fee Schedule,"100% Medicare Lab FS. ",15.04,,,,,,,Fee Schedule,"238 % 2013 Manhattan Medicare. ",71.31,,,,,,,Case Rate,"100 Percent of Medicaid APG. ",4.86,,,,,,,Fee Schedule,"102% of Medicare Lab FS. ",4.86,,,,,,,Fee Schedule,"102% of Medicare Lab FS. ",4.86,,,,,,,Fee Schedule,"102% of Medicare Lab FS. ",4.28,,,,,,,Fee schedule,"90 Percent of Medicare RBRVS. ",160.44,,,,,,,Fee Schedule,225% of NYS APG. Lesser of 100% of billed charges applies.,160.44,,,,,,,Fee Schedule,225% of NYS APG. Lesser of 100% of billed charges applies.,160.44,,,,,,,Fee Schedule,225% of NYS APG. Lesser of 100% of billed charges applies.,160.44,,,,,,,Fee Schedule,225% of NYS APG. Lesser of 100% of billed charges applies.,160.44,,,,,,,Fee Schedule,225% of NYS APG. Lesser of 100% of billed charges applies.,4.86,,,,,,,Fee Schedule,"102% of Medicare Lab FS. ",71.31,,,,,,,Case Rate,"100 Percent of Medicaid APG. ",4.76,,,,,,,Fee Schedule,100% Medicaid Fee Schedule. Lesser of 100% of billed charges applies.,160.44,,,,,,,Fee Schedule,225% of NYS APG. Lesser of 100% of billed charges applies.,160.44,,,,,,,Fee Schedule,225% of NYS APG. Lesser of 100% of billed charges applies.,4.76,,,,,,,Fee Schedule,100% Medicaid Fee Schedule. Lesser of 100% of billed charges applies.,4.76,,,,,,,Fee Schedule,100% Medicaid Fee Schedule. Lesser of 100% of billed charges applies.,7.62,,,,,,,Fee Schedule,"160 Percent of Medicare Laboratory. ",4.76,,,,,,,Fee Schedule,"100% Medicare Lab FS. ",4.76,,,,,,,Fee Schedule,"100% Medicare Lab FS. ",11.95,,,,,,,Fee Schedule,"251.050420168067 % Medicare Physician FS TC Rates Only. ",4.76,,,,,,,Fee Schedule,"100% Medicare Lab FS. ",160.44,,,,,,,Fee Schedule,"225 Percent of Medicaid APG. ",160.44,,,,,,,Fee Schedule,"225 Percent of Medicaid APG. ",4.28,,,,,,,Fee schedule,"90 Percent of Medicare RBRVS. ",4.28,,,,,,,Fee schedule,"90 Percent of Medicare RBRVS. ",160.44,,,,,,,Case Rate,225 Percent of Medicaid APG. Covered services not payable under Medicaid Fee Schedules default to a payment of 87.5 percent of charges.,4.28,,,,,,,Fee schedule,90 Percent of Medicare Laboratory. Covered services not payable under Medicaid Fee Schedules default to a payment of 50 percent of charges.,160.44,,,,,,,Case Rate,"100 Percent of Medicaid APG. ",160.44,,,,,,,Case Rate,"100 Percent of Medicaid APG. ",160.44,,,,,,,Case Rate,"100 Percent of Medicaid APG. ",160.44,,,,,,,Case Rate,"100 Percent of Medicaid APG. ",13453,,,,,,,Case Rate,". MPL 100/75/50% all add ons apply, and lesser of 100% of billed charges",25798,,,,,,,Case Rate,". MPL 100/75/50% all add ons apply, and lesser of 100% of billed charges",85.57,,,,,,,Case Rate,"120 Percent of Medicaid APG. Not APG payable, or payable under another fee schedule like ASP/AWP pays at 30% of charges",85.57,,,,,,,Case Rate,"120 Percent of Medicaid APG. Not APG payable, or payable under another fee schedule like ASP/AWP pays at 30% of charges",71.31,,,,,,,Case Rate,"100 Percent of Medicaid APG. Not APG payable, or payable under another fee schedule like ASP/AWP pays at 30% of charges",71.31,,,,,,,Case Rate,"100 Percent of Medicaid APG. Not APG payable, or payable under another fee schedule like ASP/AWP pays at 30% of charges",15.04,,,,,,,Fee Schedule,"238 % 2013 Manhattan Medicare. ",15.04,,,,,,,Fee Schedule,"238 % 2013 Manhattan Medicare. ",4.76,,,,,,,Fee Schedule,"100% Medicare Lab FS. ",15.04,,,,,,,Fee Schedule,"238 % 2013 Manhattan Medicare. ",15.04,,,,,,,Fee Schedule,"238 % 2013 Manhattan Medicare. ",15.04,,,,,,,Fee Schedule,"238 % 2013 Manhattan Medicare. ",15.04,,,,,,,Fee Schedule,"238 % 2013 Manhattan Medicare. ",4.76,,,,,,,Fee Schedule,"100% Medicare Lab FS. ",15.04,,,,,,,Fee Schedule,"238 % 2013 Manhattan Medicare. ",15.04,,,,,,,Fee Schedule,"238 % 2013 Manhattan Medicare. ",11.95,,,,,,,Fee Schedule,"251.050420168067 % Medicare Physician FS TC Rates Only. ",78.44,,,,,,,Fee Schedule,110% of APG. Lesser of 100% of billed charges applies.,4.28,,,,,,,Fee schedule,90 Percent of Medicare Laboratory. Covered services not payable under Medicaid Fee Schedules default to a payment of 50 percent of charges.,160.44,,,,,,,Fee Schedule,225% of NYS APG. Lesser of 100% of billed charges applies.,160.44,,,,,,,Case Rate,225 Percent of Medicaid APG. Covered services not payable under Medicaid Fee Schedules default to a payment of 87.5 percent of charges.,4.28,,,,,,,Fee schedule,90 Percent of Medicare Laboratory. Covered services not payable under Medicaid Fee Schedules default to a payment of 50 percent of charges.,160.44,,,,,,,Fee Schedule,225% of NYS APG. Lesser of 100% of billed charges applies.,160.44,,,,,,,Fee Schedule,225% of NYS APG. Lesser of 100% of billed charges applies.,160.44,,,,,,,Fee Schedule,225% of NYS APG. Lesser of 100% of billed charges applies.,160.44,,,,,,,Fee Schedule,225% of NYS APG. Lesser of 100% of billed charges applies.,160.44,,,,,,,Fee Schedule,225% of NYS APG. Lesser of 100% of billed charges applies.,160.44,,,,,,,Fee Schedule,225% of NYS APG. Lesser of 100% of billed charges applies.,,,,,,,,,"NA. ",,,,,,,,,"NA. ",,,,,,,,,"NA. ",10.2,,,,,,,Fee Schedule,"150 % 2018 Cigna RBRVS fee schedule. ",,,,,,,,,"NA. ",4.76,,,,,,,Fee Schedule,"100% Medicare Lab FS. ",7,,,,,,,Fee Schedule,"100 % 1199 Fee Schedule. ",4.76,,,,,,,Fee Schedule,"100% Medicare Lab FS. ",4.76,,,,,,,Fee Schedule,"100% Medicare Lab FS. ",85.57,,,,,,,Case Rate,"120 Percent of Medicaid APG. Not APG payable, or payable under another fee schedule like ASP/AWP pays at 30% of charges",85.57,,,,,,,Case Rate,"120 Percent of Medicaid APG. Not APG payable, or payable under another fee schedule like ASP/AWP pays at 30% of charges",71.31,,,,,,,Case Rate,"100 Percent of Medicaid APG. Not APG payable, or payable under another fee schedule like ASP/AWP pays at 30% of charges",71.31,,,,,,,Case Rate,"100 Percent of Medicaid APG. Not APG payable, or payable under another fee schedule like ASP/AWP pays at 30% of charges",71.31,,,,,,,Case Rate,"100 Percent of Medicaid APG. ",7163,,,,,,,Case Rate,". ",11.95,,,,,,,Fee Schedule,"251.050420168067 % Medicare Physician FS TC Rates Only. ",8427,,,,,,,Case Rate,". Primary procedure pays at 100%, all subsequent at 50%.",10.2,,,,,,,Fee Schedule,"150 % 2018 Cigna RBRVS fee schedule. ",4.76,,,,,,,Fee Schedule,"100% Medicare Lab FS. ",4.76,,,,,,,Fee Schedule,"100% Medicare Lab FS. ",4.76,,,,,,,Fee Schedule,"100% Medicare Lab FS. ",4.76,,,,,,,Fee Schedule,"100% Medicare Lab FS. ",4.76,,,,,,,Fee Schedule,"100% Medicare Lab FS. ",4.76,,,,,,,Fee Schedule,"100% Medicare Lab FS. ",,,,,,,,,"NA. ",160.44,,,,,,,Fee Schedule,225% of NYS APG. Lesser of 100% of billed charges applies.,4.76,,,,,,,Fee Schedule,100% Medicaid Fee Schedule. Lesser of 100% of billed charges applies.,15.04,,,,,,,Fee Schedule,"238 % 2013 Manhattan Medicare. ",7163,,,,,,,Case Rate,". ",7163,,,,,,,Case Rate,". ",7163,,,,,,,Case Rate,". ",7163,,,,,,,Case Rate,". ",4.76,,,,,,,Fee Schedule,"100% Medicare Lab FS. ",71.31,,,,,,,Case Rate,"100 Percent of Medicaid APG. ",15.04,,,,,,,Fee Schedule,"238 % 2013 Manhattan Medicare. ",71.31,,,,,,,Case Rate,"100 Percent of Medicaid APG. ",4.76,,,,,,,Fee Schedule,"100% Medicare Lab FS. ",71.31,,,,,,,Case Rate,"100 Percent of Medicaid APG. ",4.76,,,,,,,Fee Schedule,"100% Medicare Lab FS. ",4.76,,,,,,,Fee Schedule,"100% Medicare Lab FS. ",71.31,,,,,,,Case Rate,"100 Percent of Medicaid APG. ",71.31,,,,,,,Case Rate,"100 Percent of Medicaid APG. ",7163,,,,,,,Case Rate,". ",10.2,,,,,,,Fee Schedule,"150 % 2018 Cigna RBRVS fee schedule. ",25.2174,78,,,,,0,percent of total billed charges,78% of Billed Charges. Lesser of 100% of billed charges applies.; No services were performed during the 15 month look back period.,5.11,,,,,,,Fee Schedule,"100 % 2019 CMS Clinical Lab National Limit Pub 20190115. ",5.11,,,,,,,Fee Schedule,"100 % 2019 CMS Clinical Lab National Limit Pub 20190115. ",11.95,,,,,,,Fee Schedule,"251.050420168067 % Medicare Physician FS TC Rates Only. ",4.66,,,,,,,Fee Schedule,"98% Lab FS. ",12574,,,,,,,Case Rate,". Primary procedure pays at 100%, all subsequent at 50%.",12574,,,,,,,Case Rate,". Primary procedure pays at 100%, all subsequent at 50%.",12.03,,,,,,,Fee Schedule,"190.4 % 2013 Manhattan Medicare. ",12.03,,,,,,,Fee Schedule,"190.4 % 2013 Manhattan Medicare. ",4.76,,,,,,,Fee Schedule,"100% Medicare Lab FS. ",4.76,,,,,,,Fee Schedule,"100% Medicare Lab FS. ",4.76,,,,,,,Fee Schedule,"100% Medicare Lab FS. ",4.76,,,,,,,Fee Schedule,"100% Medicare Lab FS. ",5.11,,,,,,,Fee Schedule,"100 % 2019 CMS Clinical Lab National Limit Pub 20190115. ",15.04,,,,,,,Fee Schedule,"238 % 2013 Manhattan Medicare. ",15.04,,,,,,,Fee Schedule,"238 % 2013 Manhattan Medicare. ",4.76,,,,,,,Fee Schedule,"100% Medicare Lab FS. ",12.03,,,,,,,Fee Schedule,"190.4 % 2013 Manhattan Medicare. ",8427,,,,,,,Case Rate,". Primary procedure pays at 100%, all subsequent at 50%.",85.57,,,,,,,Fee Schedule,"120 Percent of Medicaid APG. ",71.31,,,,,,,Case Rate,"100 Percent of Medicaid APG. ",7163,,,,,,,Case Rate,". ",13.54,,,,,,,Fee Schedule,"214.2 % 2013 Manhattan Medicare. ",13.54,,,,,,,Fee Schedule,"214.2 % 2013 Manhattan Medicare. ",15.04,,,,,,,Fee Schedule,"238 % 2013 Manhattan Medicare. ",14948,,,,,,,Case Rate,". MPL 100/75/50% all add ons apply, and lesser of 100% of billed charges",4.76,,,,,,,Fee Schedule,"100% Medicare Lab FS. ",74.87,,,,,,,Fee Schedule,105 percent of Medicaid APG. otherwise 105% of Ordered NYS MCD FS or 105% of ASP+6%,74.87,,,,,,,Fee Schedule,105 percent of Medicaid APG. otherwise 105% of Ordered NYS MCD FS or 105% of ASP+6%,74.87,,,,,,,Fee Schedule,105 percent of Medicaid APG. otherwise 105% of Ordered NYS MCD FS or 105% of ASP+6%,96.26,,,,,,,Fee Schedule,135 percent of Medicaid APG. otherwise 135% of Ordered NYS MCD FS or 135% of ASP+6%,5.11,,,,,,,Fee Schedule,"100 % 2019 CMS Clinical Lab National Limit Pub 20190115. ",74.87,,,,,,,Fee Schedule,105 percent of Medicaid APG. otherwise 105% of Ordered NYS MCD FS or 105% of ASP+6%,74.87,,,,,,,Fee Schedule,105 percent of Medicaid APG. otherwise 105% of Ordered NYS MCD FS or 105% of ASP+6%,74.87,,,,,,,Fee Schedule,105 percent of Medicaid APG. otherwise 105% of Ordered NYS MCD FS or 105% of ASP+6%,74.87,,,,,,,Fee Schedule,105 percent of Medicaid APG. otherwise 105% of Ordered NYS MCD FS or 105% of ASP+6%,74.87,,,,,,,Fee Schedule,105 percent of Medicaid APG. otherwise 105% of Ordered NYS MCD FS or 105% of ASP+6%,96.26,,,,,,,Fee Schedule,135 percent of Medicaid APG. otherwise 135% of Ordered NYS MCD FS or 135% of ASP+6%,96.26,,,,,,,Fee Schedule,135 percent of Medicaid APG. otherwise 135% of Ordered NYS MCD FS or 135% of ASP+6%,4.76,,,,,,,Fee Schedule,"100% Medicare Lab FS. ",5.11,,,,,,,Fee Schedule,"100 % 2019 CMS Clinical Lab National Limit Pub 20190115. ",4.76,,,,,,,Fee Schedule,"100% Medicare Lab FS. ",74.87,,,,,,,Fee Schedule,105 percent of Medicaid APG. otherwise 105% of Ordered NYS MCD FS or 105% of ASP+6%,15.04,,,,,,,Fee Schedule,"238 % 2013 Manhattan Medicare. ",4.76,,,,,,,Fee Schedule,"100% Medicare Lab FS. ",15.04,,,,,,,Fee Schedule,"238 % 2013 Manhattan Medicare. ",15.04,,,,,,,Fee Schedule,"238 % 2013 Manhattan Medicare. ",15.04,,,,,,,Fee Schedule,"238 % 2013 Manhattan Medicare. ",74.87,,,,,,,Fee Schedule,105 percent of Medicaid APG. otherwise 105% of Ordered NYS MCD FS or 105% of ASP+6%,4.76,,,,,,,Fee Schedule,"100% Medicare Lab FS. ",15.04,,,,,,,Fee Schedule,"238 % 2013 Manhattan Medicare. ",96.26,,,,,,,Fee Schedule,135 percent of Medicaid APG. otherwise 135% of Ordered NYS MCD FS or 135% of ASP+6%,15.04,,,,,,,Fee Schedule,"238 % 2013 Manhattan Medicare. ",7.14,,,,,,,Fee Schedule,"150% of Medicare Lab FS. ",4.76,,,,,,,Fee Schedule,"100% Medicare Lab FS. ",7163,,,,,,,Case Rate,". ",7163,,,,,,,Case Rate,". ",7163,,,,,,,Case Rate,". ",7163,,,,,,,Case Rate,". ",7163,,,,,,,Case Rate,". ",8427,,,,,,,Case Rate,". Primary procedure pays at 100%, all subsequent at 50%.",8427,,,,,,,Case Rate,". Primary procedure pays at 100%, all subsequent at 50%.",7163,,,,,,,Case Rate,". ",7163,,,,,,,Case Rate,". ",7163,,,,,,,Case Rate,". ",7163,,,,,,,Case Rate,". ",7163,,,,,,,Case Rate,". ",4.76,,,,,,,Fee Schedule,"100% Medicare Lab FS. ",8427,,,,,,,Case Rate,". Primary procedure pays at 100%, all subsequent at 50%.",4.76,,,,,,,Fee Schedule,"100% Medicare Lab FS. ",160.44,,,,,,,Case Rate,"225 Percent of Medicaid APG. If not included in Medicaid APG, then 100 Percent of Manhattan Medicare",71.31,,,,,,,Case Rate,"100 Percent of Medicaid APG. If not priced under APG, then Metroplus FeeSched",5.11,,,,,,,Fee Schedule,"100 % 2019 CMS Clinical Lab National Limit Pub 20190115. ",5.11,,,,,,,Fee Schedule,"100 % 2019 CMS Clinical Lab National Limit Pub 20190115. ",4.76,,,,,,,Fee Schedule,"100% Medicare Lab FS. ",12574,,,,,,,Case Rate,". Primary procedure pays at 100%, all subsequent at 50%.",4.76,,,,,,,Fee Schedule,"100% Medicare Lab FS. ",4.76,,,,,,,Fee Schedule,"100% Medicare Lab FS. ",11.95,,,,,,,Fee Schedule,"251.050420168067 % Medicare Physician FS TC Rates Only. ",4.76,,,,,,,Fee Schedule,"100% Medicare Lab FS. ",10.2,,,,,,,Fee Schedule,"150 % 2018 Cigna RBRVS fee schedule. ",4.76,,,,,,,Fee Schedule,"100% Medicare Lab FS. ",10.2,,,,,,,Fee Schedule,"150 % 2018 Cigna RBRVS fee schedule. ",11.95,,,,,,,Fee Schedule,"251.050420168067 % Medicare Physician FS TC Rates Only. ",10.2,,,,,,,Fee Schedule,"150 % 2018 Cigna RBRVS fee schedule. ",4.76,,,,,,,Fee Schedule,"100% Medicare Lab FS. ",71.31,,,,,,,Case Rate,"100 Percent of Medicaid APG. ",4.76,,,,,,,Fee Schedule,"100% Medicare Lab FS. ",10.2,,,,,,,Fee Schedule,"150 % 2018 Cigna RBRVS fee schedule. ",5.11,,,,,,,Fee Schedule,"100 % 2019 CMS Clinical Lab National Limit Pub 20190115. ",71.31,,,,,,,Case Rate,"100 Percent of Medicaid APG. ",15.04,,,,,,,Fee Schedule,"238 % 2013 Manhattan Medicare. ",85.57,,,,,,,Fee Schedule,"120 Percent of Medicaid APG. ",85.57,,,,,,,Fee Schedule,"120 Percent of Medicaid APG. ",15.04,,,,,,,Fee Schedule,"238 % 2013 Manhattan Medicare. ",15.04,,,,,,,Fee Schedule,"238 % 2013 Manhattan Medicare. ",15.04,,,,,,,Fee Schedule,"238 % 2013 Manhattan Medicare. ",5.11,,,,,,,Fee Schedule,"100 % 2019 CMS Clinical Lab National Limit Pub 20190115. ",15.04,,,,,,,Fee Schedule,"238 % 2013 Manhattan Medicare. ",15.04,,,,,,,Fee Schedule,"238 % 2013 Manhattan Medicare. ",15.04,,,,,,,Fee Schedule,"238 % 2013 Manhattan Medicare. ",7163,,,,,,,Case Rate,". ",7163,,,,,,,Case Rate,". ",6.71,,,,,,,Fee Schedule,141 Percent of of Medicare Lab FS. Metroplus will reimburse unlisted codes and described codes with no Medicare rate at 50 percent of charges.,71.31,,,,,,,Case Rate,"100 Percent of Medicaid APG. ",5.11,,,,,,,Fee Schedule,"100 % 2019 CMS Clinical Lab National Limit Pub 20190115. ",10.2,,,,,,,Fee Schedule,"150 % 2018 Cigna RBRVS fee schedule. ",11.95,,,,,,,Fee Schedule,"251.050420168067 % Medicare Physician FS TC Rates Only. ",5.11,,,,,,,Fee Schedule,"100 % 2019 CMS Clinical Lab National Limit Pub 20190115. ",11.95,,,,,,,Fee Schedule,"251.050420168067 % Medicare Physician FS TC Rates Only. ",5.11,,,,,,,Fee Schedule,"100 % 2019 CMS Clinical Lab National Limit Pub 20190115. ",15.04,,,,,,,Fee Schedule,"238 % 2013 Manhattan Medicare. ",15.04,,,,,,,Fee Schedule,"238 % 2013 Manhattan Medicare. ",15.04,,,,,,,Fee Schedule,"238 % 2013 Manhattan Medicare. ",15.04,,,,,,,Fee Schedule,"238 % 2013 Manhattan Medicare. ",4.76,,,,,,,Fee Schedule,"100% Medicare Lab FS. ",4.28,25798,
84150,CPT,2025259,LOCAL,300,RC,HC PROSTAGLANDIN EACH,129.17,50.12,both,,,,35,,,,,,,Fee Schedule,"100 % 1199 Fee Schedule. ",35,,,,,,,Fee Schedule,"100 % 1199 Fee Schedule. ",104.84,,,,,,,Fee Schedule,"250.993536030644 % Medicare Physician FS TC Rates Only. ",129.17,100,,,,,0,percent of total billed charges,100 percent of billed charges. ; No services were performed during the 15 month look back period.,41.77,,,,,,,Fee Schedule,"100% Medicare Lab FS. ",104.84,,,,,,,Fee Schedule,"250.993536030644 % Medicare Physician FS TC Rates Only. ",104.84,,,,,,,Fee Schedule,"250.993536030644 % Medicare Physician FS TC Rates Only. ",104.84,,,,,,,Fee Schedule,"250.993536030644 % Medicare Physician FS TC Rates Only. ",120.54,,,,,,,Case Rate,"100 Percent of Medicaid APG. ",100.45,,,,,,,Case Rate,"100 Percent of Medicaid APG. ",100.7526,78,,,,,0,percent of total billed charges,78% of Billed Charges. Lesser of 100% of billed charges applies.; No services were performed during the 15 month look back period.,41.77,,,,,,,Fee Schedule,"100 % 2019 CMS Clinical Lab National Limit Pub 20190115. ",100.45,,,,,,,Case Rate,"100 Percent of Medicaid APG. ",41.77,,,,,,,Fee Schedule,"100% Medicare Lab FS. ",73.91,,,,,,,Fee Schedule,"150 % 2018 Cigna RBRVS fee schedule. ",73.91,,,,,,,Fee Schedule,"150 % 2018 Cigna RBRVS fee schedule. ",73.91,,,,,,,Fee Schedule,"150 % 2018 Cigna RBRVS fee schedule. ",73.91,,,,,,,Fee Schedule,"150 % 2018 Cigna RBRVS fee schedule. ",37.59,,,,,,,Fee schedule,90 Percent of Medicare Laboratory. Covered services not payable under Medicaid Fee Schedules default to a payment of 50 percent of charges.,41.77,,,,,,,Fee Schedule,"100% Medicare Lab FS. ",37.59,,,,,,,Fee schedule,90 Percent of Medicare Laboratory. Covered services not payable under Medicaid Fee Schedules default to a payment of 50 percent of charges.,100.7526,78,,,,,0,percent of total billed charges,78% of Billed Charges. Lesser of 100% of billed charges applies.; No services were performed during the 15 month look back period.,104.84,,,,,,,Fee Schedule,"250.993536030644 % Medicare Physician FS TC Rates Only. ",41.77,,,,,,,Fee Schedule,"100% Medicare Lab FS. ",106.51,,,,,,,Fee Schedule,"255 % Medicare RBRVS. ",41.77,,,,,,,Fee Schedule,"100% Medicare Lab FS. ",41.77,,,,,,,Fee Schedule,"100% Medicare Lab FS. ",100.7526,78,,,,,0,percent of total billed charges,78% of Billed Charges. Lesser of 100% of billed charges applies.; No services were performed during the 15 month look back period.,37.59,,,,,,,Fee Schedule,90 Percent of Medicare RBRVS. Lesser of 100% of billed charges applies.,37.59,,,,,,,Fee Schedule,90 Percent of Medicare RBRVS. Lesser of 100% of billed charges applies.,37.59,,,,,,,Fee schedule,"90 Percent of Medicare RBRVS. ",37.59,,,,,,,Fee schedule,"90 Percent of Medicare RBRVS. ",106.51,,,,,,,Fee Schedule,"255 % Medicare RBRVS. ",106.51,,,,,,,Fee Schedule,"255 % Medicare RBRVS. ",100.45,,,,,,,Case Rate,"100 Percent of Medicaid APG. Not APG payable, or payable under another fee schedule like ASP/AWP pays at 30% of charges",106.51,,,,,,,Fee Schedule,"255 % Medicare RBRVS. ",100.45,,,,,,,Case Rate,"100 Percent of Medicaid APG. Not APG payable, or payable under another fee schedule like ASP/AWP pays at 30% of charges",41.77,,,,,,,Fee Schedule,"100% Medicare Lab FS. ",106.51,,,,,,,Fee Schedule,"255 % Medicare RBRVS. ",100.7526,78,,,,,0,percent of total billed charges,78% of Billed Charges. Lesser of 100% of billed charges applies.; No services were performed during the 15 month look back period.,100.45,,,,,,,Case Rate,"100 Percent of Medicaid APG. If not priced under APG, then Metroplus FeeSched",100.45,,,,,,,Case Rate,"100 Percent of Medicaid APG. If not priced under APG, then Metroplus FeeSched",100.7526,78,,,,,0,percent of total billed charges,78% of Billed Charges. Lesser of 100% of billed charges applies.; No services were performed during the 15 month look back period.,73.91,,,,,,,Fee Schedule,"150 % 2018 Cigna RBRVS fee schedule. ",41.77,,,,,,,Fee Schedule,"100 % 2019 CMS Clinical Lab National Limit Pub 20190115. ",41.77,,,,,,,Fee Schedule,"100 % 2019 CMS Clinical Lab National Limit Pub 20190115. ",100.7526,78,,,,,0,percent of total billed charges,78% of Billed Charges. Lesser of 100% of billed charges applies.; No services were performed during the 15 month look back period.,41.77,,,,,,,Fee Schedule,"100% Medicare Lab FS. ",41.77,,,,,,,Fee Schedule,"100 % 2019 CMS Clinical Lab National Limit Pub 20190115. ",41.77,,,,,,,Fee Schedule,"100 % 2019 CMS Clinical Lab National Limit Pub 20190115. ",41.77,,,,,,,Fee Schedule,"100 % 2019 CMS Clinical Lab National Limit Pub 20190115. ",41.77,,,,,,,Fee Schedule,"100% Medicare Lab FS. ",41.77,,,,,,,Fee Schedule,"100 % 2019 CMS Clinical Lab National Limit Pub 20190115. ",41.77,,,,,,,Fee Schedule,"100 % 2019 CMS Clinical Lab National Limit Pub 20190115. ",41.77,,,,,,,Fee Schedule,"100% of Medicare Lab FS. ",64.585,50,,,,,0,percent of total billed charges,50 percent of billed charges; No services were performed during the 15 month look back period.,81.66,,,,,,,Fee Schedule,"238 % 2013 Manhattan Medicare. ",81.66,,,,,,,Fee Schedule,"238 % 2013 Manhattan Medicare. ",81.66,,,,,,,Fee Schedule,"238 % 2013 Manhattan Medicare. ",81.66,,,,,,,Fee Schedule,"238 % 2013 Manhattan Medicare. ",81.66,,,,,,,Fee Schedule,"238 % 2013 Manhattan Medicare. ",81.66,,,,,,,Fee Schedule,"238 % 2013 Manhattan Medicare. ",41.77,,,,,,,Fee Schedule,"100% Medicare Lab FS. ",41.77,,,,,,,Fee Schedule,"100% Medicare Lab FS. ",81.66,,,,,,,Fee Schedule,"238 % 2013 Manhattan Medicare. ",100.7526,78,,,,,0,percent of total billed charges,78% of Billed Charges. Lesser of 100% of billed charges applies.; No services were performed during the 15 month look back period.,100.7526,78,,,,,0,percent of total billed charges,78% of Billed Charges. Lesser of 100% of billed charges applies.; No services were performed during the 15 month look back period.,100.7526,78,,,,,0,percent of total billed charges,78% of Billed Charges. Lesser of 100% of billed charges applies.; No services were performed during the 15 month look back period.,100.7526,78,,,,,0,percent of total billed charges,78% of Billed Charges. Lesser of 100% of billed charges applies.; No services were performed during the 15 month look back period.,100.7526,78,,,,,0,percent of total billed charges,78% of Billed Charges. Lesser of 100% of billed charges applies.; No services were performed during the 15 month look back period.,100.7526,78,,,,,0,percent of total billed charges,78% of Billed Charges. Lesser of 100% of billed charges applies.; No services were performed during the 15 month look back period.,100.7526,78,,,,,0,percent of total billed charges,78% of Billed Charges. Lesser of 100% of billed charges applies.; No services were performed during the 15 month look back period.,100.7526,78,,,,,0,percent of total billed charges,78% of Billed Charges. Lesser of 100% of billed charges applies.; No services were performed during the 15 month look back period.,100.7526,78,,,,,0,percent of total billed charges,78% of Billed Charges. Lesser of 100% of billed charges applies.; No services were performed during the 15 month look back period.,100.7526,78,,,,,0,percent of total billed charges,78% of Billed Charges. Lesser of 100% of billed charges applies.; No services were performed during the 15 month look back period.,100.7526,78,,,,,0,percent of total billed charges,78% of Billed Charges. Lesser of 100% of billed charges applies.; No services were performed during the 15 month look back period.,100.7526,78,,,,,0,percent of total billed charges,78% of Billed Charges. Lesser of 100% of billed charges applies.; No services were performed during the 15 month look back period.,100.7526,78,,,,,0,percent of total billed charges,78% of Billed Charges. Lesser of 100% of billed charges applies.; No services were performed during the 15 month look back period.,100.7526,78,,,,,0,percent of total billed charges,78% of Billed Charges. Lesser of 100% of billed charges applies.; No services were performed during the 15 month look back period.,100.7526,78,,,,,0,percent of total billed charges,78% of Billed Charges. Lesser of 100% of billed charges applies.; No services were performed during the 15 month look back period.,100.7526,78,,,,,0,percent of total billed charges,78% of Billed Charges. Lesser of 100% of billed charges applies.; No services were performed during the 15 month look back period.,100.7526,78,,,,,0,percent of total billed charges,78% of Billed Charges. Lesser of 100% of billed charges applies.; No services were performed during the 15 month look back period.,100.7526,78,,,,,0,percent of total billed charges,78% of Billed Charges. Lesser of 100% of billed charges applies.; No services were performed during the 15 month look back period.,100.7526,78,,,,,0,percent of total billed charges,78% of Billed Charges. Lesser of 100% of billed charges applies.; No services were performed during the 15 month look back period.,100.7526,78,,,,,0,percent of total billed charges,78% of Billed Charges. Lesser of 100% of billed charges applies.; No services were performed during the 15 month look back period.,100.7526,78,,,,,0,percent of total billed charges,78% of Billed Charges. Lesser of 100% of billed charges applies.; No services were performed during the 15 month look back period.,100.7526,78,,,,,0,percent of total billed charges,78% of Billed Charges. Lesser of 100% of billed charges applies.; No services were performed during the 15 month look back period.,100.7526,78,,,,,0,percent of total billed charges,78% of Billed Charges. Lesser of 100% of billed charges applies.; No services were performed during the 15 month look back period.,100.7526,78,,,,,0,percent of total billed charges,78% of Billed Charges. Lesser of 100% of billed charges applies.; No services were performed during the 15 month look back period.,100.7526,78,,,,,0,percent of total billed charges,78% of Billed Charges. Lesser of 100% of billed charges applies.; No services were performed during the 15 month look back period.,100.7526,78,,,,,0,percent of total billed charges,78% of Billed Charges. Lesser of 100% of billed charges applies.; No services were performed during the 15 month look back period.,106.51,,,,,,,Fee Schedule,"255 % Medicare RBRVS. ",106.51,,,,,,,Fee Schedule,"255 % Medicare RBRVS. ",106.51,,,,,,,Fee Schedule,"255 % Medicare RBRVS. ",106.51,,,,,,,Fee Schedule,"255 % Medicare RBRVS. ",80.62,,,,,,,Fee Schedule,"193 % Medicare RBRVS. ",80.62,,,,,,,Fee Schedule,"193 % Medicare RBRVS. ",73.91,,,,,,,Fee Schedule,"150 % 2018 Cigna RBRVS fee schedule. ",81.66,,,,,,,Fee Schedule,"238 % 2013 Manhattan Medicare. ",41.77,,,,,,,Fee Schedule,"100 % 2019 CMS Clinical Lab National Limit Pub 20190115. ",81.66,,,,,,,Fee Schedule,"238 % 2013 Manhattan Medicare. ",100.7526,78,,,,,0,percent of total billed charges,78% of Billed Charges. Lesser of 100% of billed charges applies.; No services were performed during the 15 month look back period.,80.62,,,,,,,Fee Schedule,"193 % Medicare RBRVS. ",81.66,,,,,,,Fee Schedule,"238 % 2013 Manhattan Medicare. ",41.77,,,,,,,Fee Schedule,"100 % 2019 CMS Clinical Lab National Limit Pub 20190115. ",73.91,,,,,,,Fee Schedule,"150 % 2018 Cigna RBRVS fee schedule. ",,,,,,,,,"NA. ",100.7526,78,,,,,0,percent of total billed charges,78% of Billed Charges. Lesser of 100% of billed charges applies.; No services were performed during the 15 month look back period.,100.45,,,,,,,Case Rate,"100 Percent of Medicaid APG. ",106.51,,,,,,,Fee Schedule,"255 % Medicare RBRVS. ",100.45,,,,,,,Case Rate,"100 Percent of Medicaid APG. Not APG payable, or payable under another fee schedule like ASP/AWP pays at 30% of charges",41.77,,,,,,,Fee Schedule,"100% Medicare Lab FS. ",41.77,,,,,,,Fee Schedule,"100% Medicare Lab FS. ",64.585,50,,,,,0,percent of total billed charges,50 percent of billed charges; No services were performed during the 15 month look back period.,41.77,,,,,,,Fee Schedule,"100% Medicare Lab FS. ",41.77,,,,,,,Fee Schedule,"100% Medicare Lab FS. ",100.45,,,,,,,Case Rate,"100 Percent of Medicaid APG. ",41.77,,,,,,,Fee Schedule,"100% Medicare Lab FS. ",41.77,,,,,,,Fee Schedule,"100% Medicare Lab FS. ",104.84,,,,,,,Fee Schedule,"250.993536030644 % Medicare Physician FS TC Rates Only. ",104.84,,,,,,,Fee Schedule,"250.993536030644 % Medicare Physician FS TC Rates Only. ",41.77,,,,,,,Fee Schedule,"100% Medicare Lab FS. ",73.91,,,,,,,Fee Schedule,"150 % 2018 Cigna RBRVS fee schedule. ",41.77,,,,,,,Fee Schedule,"100 % 2019 CMS Clinical Lab National Limit Pub 20190115. ",41.77,,,,,,,Fee Schedule,"100 % 2019 CMS Clinical Lab National Limit Pub 20190115. ",41.77,,,,,,,Fee Schedule,"100% Medicare Lab FS. ",73.91,,,,,,,Fee Schedule,"150 % 2018 Cigna RBRVS fee schedule. ",104.84,,,,,,,Fee Schedule,"250.993536030644 % Medicare Physician FS TC Rates Only. ",104.84,,,,,,,Fee Schedule,"250.993536030644 % Medicare Physician FS TC Rates Only. ",104.84,,,,,,,Fee Schedule,"250.993536030644 % Medicare Physician FS TC Rates Only. ",100.7526,78,,,,,0,percent of total billed charges,78% of Billed Charges. Lesser of 100% of billed charges applies.; No services were performed during the 15 month look back period.,100.7526,78,,,,,0,percent of total billed charges,78% of Billed Charges. Lesser of 100% of billed charges applies.; No services were performed during the 15 month look back period.,100.7526,78,,,,,0,percent of total billed charges,78% of Billed Charges. Lesser of 100% of billed charges applies.; No services were performed during the 15 month look back period.,100.7526,78,,,,,0,percent of total billed charges,78% of Billed Charges. Lesser of 100% of billed charges applies.; No services were performed during the 15 month look back period.,100.7526,78,,,,,0,percent of total billed charges,78% of Billed Charges. Lesser of 100% of billed charges applies.; No services were performed during the 15 month look back period.,100.7526,78,,,,,0,percent of total billed charges,78% of Billed Charges. Lesser of 100% of billed charges applies.; No services were performed during the 15 month look back period.,100.7526,78,,,,,0,percent of total billed charges,78% of Billed Charges. Lesser of 100% of billed charges applies.; No services were performed during the 15 month look back period.,100.7526,78,,,,,0,percent of total billed charges,78% of Billed Charges. Lesser of 100% of billed charges applies.; No services were performed during the 15 month look back period.,100.7526,78,,,,,0,percent of total billed charges,78% of Billed Charges. Lesser of 100% of billed charges applies.; No services were performed during the 15 month look back period.,100.7526,78,,,,,0,percent of total billed charges,78% of Billed Charges. Lesser of 100% of billed charges applies.; No services were performed during the 15 month look back period.,100.7526,78,,,,,0,percent of total billed charges,78% of Billed Charges. Lesser of 100% of billed charges applies.; No services were performed during the 15 month look back period.,80.62,,,,,,,Fee Schedule,"193 % Medicare RBRVS. ",81.66,,,,,,,Fee Schedule,"238 % 2013 Manhattan Medicare. ",73.91,,,,,,,Fee Schedule,"150 % 2018 Cigna RBRVS fee schedule. ",41.77,,,,,,,Fee Schedule,"100% Medicare Lab FS. ",104.84,,,,,,,Fee Schedule,"250.993536030644 % Medicare Physician FS TC Rates Only. ",73.91,,,,,,,Fee Schedule,"150 % 2018 Cigna RBRVS fee schedule. ",73.91,,,,,,,Fee Schedule,"150 % 2018 Cigna RBRVS fee schedule. ",100.7526,78,,,,,0,percent of total billed charges,78% of Billed Charges. Lesser of 100% of billed charges applies.; No services were performed during the 15 month look back period.,214.96,,,,,,,Case Rate,"141 Percent of current Medicare RBRVS FeeSched. ",73.91,,,,,,,Fee Schedule,"150 % 2018 Cigna RBRVS fee schedule. ",100.45,,,,,,,Case Rate,"100 Percent of Medicaid APG. ",41.77,,,,,,,Fee Schedule,"100% Medicare Lab FS. ",41.77,,,,,,,Fee Schedule,"100% Medicare Lab FS. ",41.77,,,,,,,Fee Schedule,"100% Medicare Lab FS. ",41.77,,,,,,,Fee Schedule,"100% Medicare Lab FS. ",41.77,,,,,,,Fee Schedule,"100% Medicare Lab FS. ",41.77,,,,,,,Fee Schedule,"100% Medicare Lab FS. ",73.91,,,,,,,Fee Schedule,"150 % 2018 Cigna RBRVS fee schedule. ",64.585,50,,,,,0,percent of total billed charges,50 percent of billed charges; No services were performed during the 15 month look back period.,66.83,,,,,,,Fee Schedule,"160 Percent of Medicare Laboratory. ",66.83,,,,,,,Fee Schedule,"160 Percent of Medicare Laboratory. ",66.83,,,,,,,Fee Schedule,"160 Percent of Medicare Laboratory. ",66.83,,,,,,,Fee Schedule,"160 Percent of Medicare Laboratory. ",66.83,,,,,,,Fee Schedule,"160 Percent of Medicare Laboratory. ",,,,,,,,,"NA. ",64.585,50,,,,,0,percent of total billed charges,50 percent of billed charges; No services were performed during the 15 month look back period.,58.9,,,,,,,Fee Schedule,141 Percent of of Medicare Lab FS. Metroplus will reimburse unlisted codes and described codes with no Medicare rate at 50 percent of charges.,58.9,,,,,,,Fee Schedule,141 Percent of of Medicare Lab FS. Metroplus will reimburse unlisted codes and described codes with no Medicare rate at 50 percent of charges.,58.9,,,,,,,Fee Schedule,141 Percent of of Medicare Lab FS. Metroplus will reimburse unlisted codes and described codes with no Medicare rate at 50 percent of charges.,58.9,,,,,,,Fee Schedule,141 Percent of of Medicare Lab FS. Metroplus will reimburse unlisted codes and described codes with no Medicare rate at 50 percent of charges.,58.9,,,,,,,Fee Schedule,141 Percent of of Medicare Lab FS. Metroplus will reimburse unlisted codes and described codes with no Medicare rate at 50 percent of charges.,41.77,,,,,,,Fee Schedule,"100% Medicare Lab FS. ",80.62,,,,,,,Fee Schedule,"193 % Medicare RBRVS. ",80.62,,,,,,,Fee Schedule,"193 % Medicare RBRVS. ",80.62,,,,,,,Fee Schedule,"193 % Medicare RBRVS. ",80.62,,,,,,,Fee Schedule,"193 % Medicare RBRVS. ",104.84,,,,,,,Fee Schedule,"250.993536030644 % Medicare Physician FS TC Rates Only. ",104.84,,,,,,,Fee Schedule,"250.993536030644 % Medicare Physician FS TC Rates Only. ",104.84,,,,,,,Fee Schedule,"250.993536030644 % Medicare Physician FS TC Rates Only. ",104.84,,,,,,,Fee Schedule,"250.993536030644 % Medicare Physician FS TC Rates Only. ",64.585,50,,,,,0,percent of total billed charges,50 percent of billed charges; No services were performed during the 15 month look back period.,64.585,50,,,,,0,percent of total billed charges,50 percent of billed charges; No services were performed during the 15 month look back period.,41.77,,,,,,,Fee Schedule,"100% Medicare Lab FS. ",41.77,,,,,,,Fee Schedule,"100% Medicare Lab FS. ",41.77,,,,,,,Fee Schedule,"100% Medicare Lab FS. ",81.66,,,,,,,Fee Schedule,"238 % 2013 Manhattan Medicare. ",81.66,,,,,,,Fee Schedule,"238 % 2013 Manhattan Medicare. ",81.66,,,,,,,Fee Schedule,"238 % 2013 Manhattan Medicare. ",64.585,50,,,,,0,percent of total billed charges,50 percent of billed charges; No services were performed during the 15 month look back period.,104.84,,,,,,,Fee Schedule,"250.993536030644 % Medicare Physician FS TC Rates Only. ",41.77,,,,,,,Fee Schedule,"100% Medicare Lab FS. ",81.66,,,,,,,Fee Schedule,"238 % 2013 Manhattan Medicare. ",100.45,,,,,,,Case Rate,"100 Percent of Medicaid APG. ",42.61,,,,,,,Fee Schedule,"102% of Medicare Lab FS. ",42.61,,,,,,,Fee Schedule,"102% of Medicare Lab FS. ",42.61,,,,,,,Fee Schedule,"102% of Medicare Lab FS. ",37.59,,,,,,,Fee schedule,"90 Percent of Medicare RBRVS. ",226.01,,,,,,,Fee Schedule,225% of NYS APG. Lesser of 100% of billed charges applies.,226.01,,,,,,,Fee Schedule,225% of NYS APG. Lesser of 100% of billed charges applies.,226.01,,,,,,,Fee Schedule,225% of NYS APG. Lesser of 100% of billed charges applies.,226.01,,,,,,,Fee Schedule,225% of NYS APG. Lesser of 100% of billed charges applies.,226.01,,,,,,,Fee Schedule,225% of NYS APG. Lesser of 100% of billed charges applies.,42.61,,,,,,,Fee Schedule,"102% of Medicare Lab FS. ",100.45,,,,,,,Case Rate,"100 Percent of Medicaid APG. ",37.59,,,,,,,Fee Schedule,90 Percent of Medicare RBRVS. Lesser of 100% of billed charges applies.,226.01,,,,,,,Fee Schedule,225% of NYS APG. Lesser of 100% of billed charges applies.,226.01,,,,,,,Fee Schedule,225% of NYS APG. Lesser of 100% of billed charges applies.,37.59,,,,,,,Fee Schedule,90 Percent of Medicare RBRVS. Lesser of 100% of billed charges applies.,37.59,,,,,,,Fee Schedule,90 Percent of Medicare RBRVS. Lesser of 100% of billed charges applies.,66.83,,,,,,,Fee Schedule,"160 Percent of Medicare Laboratory. ",41.77,,,,,,,Fee Schedule,"100% Medicare Lab FS. ",41.77,,,,,,,Fee Schedule,"100% Medicare Lab FS. ",104.84,,,,,,,Fee Schedule,"250.993536030644 % Medicare Physician FS TC Rates Only. ",41.77,,,,,,,Fee Schedule,"100% Medicare Lab FS. ",226.01,,,,,,,Fee Schedule,"225 Percent of Medicaid APG. ",226.01,,,,,,,Fee Schedule,"225 Percent of Medicaid APG. ",37.59,,,,,,,Fee schedule,"90 Percent of Medicare RBRVS. ",37.59,,,,,,,Fee schedule,"90 Percent of Medicare RBRVS. ",226.01,,,,,,,Case Rate,225 Percent of Medicaid APG. Covered services not payable under Medicaid Fee Schedules default to a payment of 87.5 percent of charges.,37.59,,,,,,,Fee schedule,90 Percent of Medicare Laboratory. Covered services not payable under Medicaid Fee Schedules default to a payment of 50 percent of charges.,226.01,,,,,,,Case Rate,"100 Percent of Medicaid APG. ",226.01,,,,,,,Case Rate,"100 Percent of Medicaid APG. ",226.01,,,,,,,Case Rate,"100 Percent of Medicaid APG. ",226.01,,,,,,,Case Rate,"100 Percent of Medicaid APG. ",425.64,,,,,,,Fee Schedule,"1019 % Manhattan Facility Rate. ",64.585,50,,,,,0,percent of total billed charges,50 percent of billed charges; No services were performed during the 15 month look back period.,120.54,,,,,,,Case Rate,"120 Percent of Medicaid APG. Not APG payable, or payable under another fee schedule like ASP/AWP pays at 30% of charges",120.54,,,,,,,Case Rate,"120 Percent of Medicaid APG. Not APG payable, or payable under another fee schedule like ASP/AWP pays at 30% of charges",100.45,,,,,,,Case Rate,"100 Percent of Medicaid APG. Not APG payable, or payable under another fee schedule like ASP/AWP pays at 30% of charges",100.45,,,,,,,Case Rate,"100 Percent of Medicaid APG. Not APG payable, or payable under another fee schedule like ASP/AWP pays at 30% of charges",81.66,,,,,,,Fee Schedule,"238 % 2013 Manhattan Medicare. ",81.66,,,,,,,Fee Schedule,"238 % 2013 Manhattan Medicare. ",41.77,,,,,,,Fee Schedule,"100% Medicare Lab FS. ",81.66,,,,,,,Fee Schedule,"238 % 2013 Manhattan Medicare. ",81.66,,,,,,,Fee Schedule,"238 % 2013 Manhattan Medicare. ",81.66,,,,,,,Fee Schedule,"238 % 2013 Manhattan Medicare. ",81.66,,,,,,,Fee Schedule,"238 % 2013 Manhattan Medicare. ",41.77,,,,,,,Fee Schedule,"100% Medicare Lab FS. ",81.66,,,,,,,Fee Schedule,"238 % 2013 Manhattan Medicare. ",81.66,,,,,,,Fee Schedule,"238 % 2013 Manhattan Medicare. ",104.84,,,,,,,Fee Schedule,"250.993536030644 % Medicare Physician FS TC Rates Only. ",41.77,,,,,,,Fee Schedule,100% of RBRVS. Lesser of 100% of billed charges applies.,37.59,,,,,,,Fee schedule,90 Percent of Medicare Laboratory. Covered services not payable under Medicaid Fee Schedules default to a payment of 50 percent of charges.,226.01,,,,,,,Fee Schedule,225% of NYS APG. Lesser of 100% of billed charges applies.,226.01,,,,,,,Case Rate,225 Percent of Medicaid APG. Covered services not payable under Medicaid Fee Schedules default to a payment of 87.5 percent of charges.,37.59,,,,,,,Fee schedule,90 Percent of Medicare Laboratory. Covered services not payable under Medicaid Fee Schedules default to a payment of 50 percent of charges.,226.01,,,,,,,Fee Schedule,225% of NYS APG. Lesser of 100% of billed charges applies.,226.01,,,,,,,Fee Schedule,225% of NYS APG. Lesser of 100% of billed charges applies.,226.01,,,,,,,Fee Schedule,225% of NYS APG. Lesser of 100% of billed charges applies.,226.01,,,,,,,Fee Schedule,225% of NYS APG. Lesser of 100% of billed charges applies.,226.01,,,,,,,Fee Schedule,225% of NYS APG. Lesser of 100% of billed charges applies.,226.01,,,,,,,Fee Schedule,225% of NYS APG. Lesser of 100% of billed charges applies.,,,,,,,,,"NA. ",,,,,,,,,"NA. ",,,,,,,,,"NA. ",73.91,,,,,,,Fee Schedule,"150 % 2018 Cigna RBRVS fee schedule. ",,,,,,,,,"NA. ",41.77,,,,,,,Fee Schedule,"100% Medicare Lab FS. ",35,,,,,,,Fee Schedule,"100 % 1199 Fee Schedule. ",41.77,,,,,,,Fee Schedule,"100% Medicare Lab FS. ",41.77,,,,,,,Fee Schedule,"100% Medicare Lab FS. ",120.54,,,,,,,Case Rate,"120 Percent of Medicaid APG. Not APG payable, or payable under another fee schedule like ASP/AWP pays at 30% of charges",120.54,,,,,,,Case Rate,"120 Percent of Medicaid APG. Not APG payable, or payable under another fee schedule like ASP/AWP pays at 30% of charges",100.45,,,,,,,Case Rate,"100 Percent of Medicaid APG. Not APG payable, or payable under another fee schedule like ASP/AWP pays at 30% of charges",100.45,,,,,,,Case Rate,"100 Percent of Medicaid APG. Not APG payable, or payable under another fee schedule like ASP/AWP pays at 30% of charges",100.45,,,,,,,Case Rate,"100 Percent of Medicaid APG. ",90.64,,,,,,,Fee Schedule,"217 % Medicare RBRVS. ",104.84,,,,,,,Fee Schedule,"250.993536030644 % Medicare Physician FS TC Rates Only. ",106.51,,,,,,,Fee Schedule,"255 % Medicare RBRVS. ",73.91,,,,,,,Fee Schedule,"150 % 2018 Cigna RBRVS fee schedule. ",41.77,,,,,,,Fee Schedule,"100% Medicare Lab FS. ",41.77,,,,,,,Fee Schedule,"100% Medicare Lab FS. ",41.77,,,,,,,Fee Schedule,"100% Medicare Lab FS. ",41.77,,,,,,,Fee Schedule,"100% Medicare Lab FS. ",41.77,,,,,,,Fee Schedule,"100% Medicare Lab FS. ",41.77,,,,,,,Fee Schedule,"100% Medicare Lab FS. ",,,,,,,,,"NA. ",226.01,,,,,,,Fee Schedule,225% of NYS APG. Lesser of 100% of billed charges applies.,37.59,,,,,,,Fee Schedule,90 Percent of Medicare RBRVS. Lesser of 100% of billed charges applies.,81.66,,,,,,,Fee Schedule,"238 % 2013 Manhattan Medicare. ",90.64,,,,,,,Fee Schedule,"217 % Medicare RBRVS. ",90.64,,,,,,,Fee Schedule,"217 % Medicare RBRVS. ",90.64,,,,,,,Fee Schedule,"217 % Medicare RBRVS. ",90.64,,,,,,,Fee Schedule,"217 % Medicare RBRVS. ",41.77,,,,,,,Fee Schedule,"100% Medicare Lab FS. ",100.45,,,,,,,Case Rate,"100 Percent of Medicaid APG. ",81.66,,,,,,,Fee Schedule,"238 % 2013 Manhattan Medicare. ",100.45,,,,,,,Case Rate,"100 Percent of Medicaid APG. ",41.77,,,,,,,Fee Schedule,"100% Medicare Lab FS. ",100.45,,,,,,,Case Rate,"100 Percent of Medicaid APG. ",41.77,,,,,,,Fee Schedule,"100% Medicare Lab FS. ",41.77,,,,,,,Fee Schedule,"100% Medicare Lab FS. ",100.45,,,,,,,Case Rate,"100 Percent of Medicaid APG. ",100.45,,,,,,,Case Rate,"100 Percent of Medicaid APG. ",90.64,,,,,,,Fee Schedule,"217 % Medicare RBRVS. ",73.91,,,,,,,Fee Schedule,"150 % 2018 Cigna RBRVS fee schedule. ",100.7526,78,,,,,0,percent of total billed charges,78% of Billed Charges. Lesser of 100% of billed charges applies.; No services were performed during the 15 month look back period.,41.77,,,,,,,Fee Schedule,"100 % 2019 CMS Clinical Lab National Limit Pub 20190115. ",41.77,,,,,,,Fee Schedule,"100 % 2019 CMS Clinical Lab National Limit Pub 20190115. ",104.84,,,,,,,Fee Schedule,"250.993536030644 % Medicare Physician FS TC Rates Only. ",40.93,,,,,,,Fee Schedule,"98% Lab FS. ",80.62,,,,,,,Fee Schedule,"193 % Medicare RBRVS. ",80.62,,,,,,,Fee Schedule,"193 % Medicare RBRVS. ",65.33,,,,,,,Fee Schedule,"190.4 % 2013 Manhattan Medicare. ",65.33,,,,,,,Fee Schedule,"190.4 % 2013 Manhattan Medicare. ",41.77,,,,,,,Fee Schedule,"100% Medicare Lab FS. ",41.77,,,,,,,Fee Schedule,"100% Medicare Lab FS. ",41.77,,,,,,,Fee Schedule,"100% Medicare Lab FS. ",41.77,,,,,,,Fee Schedule,"100% Medicare Lab FS. ",41.77,,,,,,,Fee Schedule,"100 % 2019 CMS Clinical Lab National Limit Pub 20190115. ",81.66,,,,,,,Fee Schedule,"238 % 2013 Manhattan Medicare. ",81.66,,,,,,,Fee Schedule,"238 % 2013 Manhattan Medicare. ",41.77,,,,,,,Fee Schedule,"100% Medicare Lab FS. ",65.33,,,,,,,Fee Schedule,"190.4 % 2013 Manhattan Medicare. ",106.51,,,,,,,Fee Schedule,"255 % Medicare RBRVS. ",120.54,,,,,,,Fee Schedule,"120 Percent of Medicaid APG. ",100.45,,,,,,,Case Rate,"100 Percent of Medicaid APG. ",90.64,,,,,,,Fee Schedule,"217 % Medicare RBRVS. ",73.49,,,,,,,Fee Schedule,"214.2 % 2013 Manhattan Medicare. ",73.49,,,,,,,Fee Schedule,"214.2 % 2013 Manhattan Medicare. ",81.66,,,,,,,Fee Schedule,"238 % 2013 Manhattan Medicare. ",64.585,50,,,,,0,percent of total billed charges,50 percent of billed charges; No services were performed during the 15 month look back period.,41.77,,,,,,,Fee Schedule,"100% Medicare Lab FS. ",105.47,,,,,,,Fee Schedule,105 percent of Medicaid APG. otherwise 105% of Ordered NYS MCD FS or 105% of ASP+6%,105.47,,,,,,,Fee Schedule,105 percent of Medicaid APG. otherwise 105% of Ordered NYS MCD FS or 105% of ASP+6%,105.47,,,,,,,Fee Schedule,105 percent of Medicaid APG. otherwise 105% of Ordered NYS MCD FS or 105% of ASP+6%,135.6,,,,,,,Fee Schedule,135 percent of Medicaid APG. otherwise 135% of Ordered NYS MCD FS or 135% of ASP+6%,41.77,,,,,,,Fee Schedule,"100 % 2019 CMS Clinical Lab National Limit Pub 20190115. ",105.47,,,,,,,Fee Schedule,105 percent of Medicaid APG. otherwise 105% of Ordered NYS MCD FS or 105% of ASP+6%,105.47,,,,,,,Fee Schedule,105 percent of Medicaid APG. otherwise 105% of Ordered NYS MCD FS or 105% of ASP+6%,105.47,,,,,,,Fee Schedule,105 percent of Medicaid APG. otherwise 105% of Ordered NYS MCD FS or 105% of ASP+6%,105.47,,,,,,,Fee Schedule,105 percent of Medicaid APG. otherwise 105% of Ordered NYS MCD FS or 105% of ASP+6%,105.47,,,,,,,Fee Schedule,105 percent of Medicaid APG. otherwise 105% of Ordered NYS MCD FS or 105% of ASP+6%,135.6,,,,,,,Fee Schedule,135 percent of Medicaid APG. otherwise 135% of Ordered NYS MCD FS or 135% of ASP+6%,135.6,,,,,,,Fee Schedule,135 percent of Medicaid APG. otherwise 135% of Ordered NYS MCD FS or 135% of ASP+6%,41.77,,,,,,,Fee Schedule,"100% Medicare Lab FS. ",41.77,,,,,,,Fee Schedule,"100 % 2019 CMS Clinical Lab National Limit Pub 20190115. ",41.77,,,,,,,Fee Schedule,"100% Medicare Lab FS. ",105.47,,,,,,,Fee Schedule,105 percent of Medicaid APG. otherwise 105% of Ordered NYS MCD FS or 105% of ASP+6%,81.66,,,,,,,Fee Schedule,"238 % 2013 Manhattan Medicare. ",41.77,,,,,,,Fee Schedule,"100% Medicare Lab FS. ",81.66,,,,,,,Fee Schedule,"238 % 2013 Manhattan Medicare. ",81.66,,,,,,,Fee Schedule,"238 % 2013 Manhattan Medicare. ",81.66,,,,,,,Fee Schedule,"238 % 2013 Manhattan Medicare. ",105.47,,,,,,,Fee Schedule,105 percent of Medicaid APG. otherwise 105% of Ordered NYS MCD FS or 105% of ASP+6%,41.77,,,,,,,Fee Schedule,"100% Medicare Lab FS. ",81.66,,,,,,,Fee Schedule,"238 % 2013 Manhattan Medicare. ",135.6,,,,,,,Fee Schedule,135 percent of Medicaid APG. otherwise 135% of Ordered NYS MCD FS or 135% of ASP+6%,81.66,,,,,,,Fee Schedule,"238 % 2013 Manhattan Medicare. ",62.66,,,,,,,Fee Schedule,"150% of Medicare Lab FS. ",41.77,,,,,,,Fee Schedule,"100% Medicare Lab FS. ",90.64,,,,,,,Fee Schedule,"217 % Medicare RBRVS. ",90.64,,,,,,,Fee Schedule,"217 % Medicare RBRVS. ",90.64,,,,,,,Fee Schedule,"217 % Medicare RBRVS. ",90.64,,,,,,,Fee Schedule,"217 % Medicare RBRVS. ",90.64,,,,,,,Fee Schedule,"217 % Medicare RBRVS. ",106.51,,,,,,,Fee Schedule,"255 % Medicare RBRVS. ",106.51,,,,,,,Fee Schedule,"255 % Medicare RBRVS. ",90.64,,,,,,,Fee Schedule,"217 % Medicare RBRVS. ",90.64,,,,,,,Fee Schedule,"217 % Medicare RBRVS. ",90.64,,,,,,,Fee Schedule,"217 % Medicare RBRVS. ",90.64,,,,,,,Fee Schedule,"217 % Medicare RBRVS. ",90.64,,,,,,,Fee Schedule,"217 % Medicare RBRVS. ",41.77,,,,,,,Fee Schedule,"100% Medicare Lab FS. ",106.51,,,,,,,Fee Schedule,"255 % Medicare RBRVS. ",41.77,,,,,,,Fee Schedule,"100% Medicare Lab FS. ",226.01,,,,,,,Case Rate,"225 Percent of Medicaid APG. If not included in Medicaid APG, then 100 Percent of Manhattan Medicare",100.45,,,,,,,Case Rate,"100 Percent of Medicaid APG. If not priced under APG, then Metroplus FeeSched",41.77,,,,,,,Fee Schedule,"100 % 2019 CMS Clinical Lab National Limit Pub 20190115. ",41.77,,,,,,,Fee Schedule,"100 % 2019 CMS Clinical Lab National Limit Pub 20190115. ",41.77,,,,,,,Fee Schedule,"100% Medicare Lab FS. ",80.62,,,,,,,Fee Schedule,"193 % Medicare RBRVS. ",41.77,,,,,,,Fee Schedule,"100% Medicare Lab FS. ",41.77,,,,,,,Fee Schedule,"100% Medicare Lab FS. ",104.84,,,,,,,Fee Schedule,"250.993536030644 % Medicare Physician FS TC Rates Only. ",41.77,,,,,,,Fee Schedule,"100% Medicare Lab FS. ",73.91,,,,,,,Fee Schedule,"150 % 2018 Cigna RBRVS fee schedule. ",41.77,,,,,,,Fee Schedule,"100% Medicare Lab FS. ",73.91,,,,,,,Fee Schedule,"150 % 2018 Cigna RBRVS fee schedule. ",104.84,,,,,,,Fee Schedule,"250.993536030644 % Medicare Physician FS TC Rates Only. ",73.91,,,,,,,Fee Schedule,"150 % 2018 Cigna RBRVS fee schedule. ",41.77,,,,,,,Fee Schedule,"100% Medicare Lab FS. ",100.45,,,,,,,Case Rate,"100 Percent of Medicaid APG. ",41.77,,,,,,,Fee Schedule,"100% Medicare Lab FS. ",73.91,,,,,,,Fee Schedule,"150 % 2018 Cigna RBRVS fee schedule. ",41.77,,,,,,,Fee Schedule,"100 % 2019 CMS Clinical Lab National Limit Pub 20190115. ",100.45,,,,,,,Case Rate,"100 Percent of Medicaid APG. ",81.66,,,,,,,Fee Schedule,"238 % 2013 Manhattan Medicare. ",120.54,,,,,,,Fee Schedule,"120 Percent of Medicaid APG. ",120.54,,,,,,,Fee Schedule,"120 Percent of Medicaid APG. ",81.66,,,,,,,Fee Schedule,"238 % 2013 Manhattan Medicare. ",81.66,,,,,,,Fee Schedule,"238 % 2013 Manhattan Medicare. ",81.66,,,,,,,Fee Schedule,"238 % 2013 Manhattan Medicare. ",41.77,,,,,,,Fee Schedule,"100 % 2019 CMS Clinical Lab National Limit Pub 20190115. ",81.66,,,,,,,Fee Schedule,"238 % 2013 Manhattan Medicare. ",81.66,,,,,,,Fee Schedule,"238 % 2013 Manhattan Medicare. ",81.66,,,,,,,Fee Schedule,"238 % 2013 Manhattan Medicare. ",90.64,,,,,,,Fee Schedule,"217 % Medicare RBRVS. ",90.64,,,,,,,Fee Schedule,"217 % Medicare RBRVS. ",58.9,,,,,,,Fee Schedule,141 Percent of of Medicare Lab FS. Metroplus will reimburse unlisted codes and described codes with no Medicare rate at 50 percent of charges.,100.45,,,,,,,Case Rate,"100 Percent of Medicaid APG. ",41.77,,,,,,,Fee Schedule,"100 % 2019 CMS Clinical Lab National Limit Pub 20190115. ",73.91,,,,,,,Fee Schedule,"150 % 2018 Cigna RBRVS fee schedule. ",104.84,,,,,,,Fee Schedule,"250.993536030644 % Medicare Physician FS TC Rates Only. ",41.77,,,,,,,Fee Schedule,"100 % 2019 CMS Clinical Lab National Limit Pub 20190115. ",104.84,,,,,,,Fee Schedule,"250.993536030644 % Medicare Physician FS TC Rates Only. ",41.77,,,,,,,Fee Schedule,"100 % 2019 CMS Clinical Lab National Limit Pub 20190115. ",81.66,,,,,,,Fee Schedule,"238 % 2013 Manhattan Medicare. ",81.66,,,,,,,Fee Schedule,"238 % 2013 Manhattan Medicare. ",81.66,,,,,,,Fee Schedule,"238 % 2013 Manhattan Medicare. ",81.66,,,,,,,Fee Schedule,"238 % 2013 Manhattan Medicare. ",41.77,,,,,,,Fee Schedule,"100% Medicare Lab FS. ",35,425.64,
84156,CPT,2021541,LOCAL,300,RC,"HC ASSAY OF PROTEIN, URINE",59.6,4.4,both,,,,5,,,,,,,Fee Schedule,"100 % 1199 Fee Schedule. ",5,,,,,,,Fee Schedule,"100 % 1199 Fee Schedule. ",9.21,,,,,,,Fee Schedule,"250.953678474114 % Medicare Physician FS TC Rates Only. ",59.6,100,,,,,0,percent of total billed charges,100 percent of billed charges. ; No services were performed during the 15 month look back period.,3.67,,,,,,,Fee Schedule,"100% Medicare Lab FS. ",9.21,,,,,,,Fee Schedule,"250.953678474114 % Medicare Physician FS TC Rates Only. ",9.21,,,,,,,Fee Schedule,"250.953678474114 % Medicare Physician FS TC Rates Only. ",9.21,,,,,,,Fee Schedule,"250.953678474114 % Medicare Physician FS TC Rates Only. ",85.57,,,,,,,Case Rate,"100 Percent of Medicaid APG. ",71.31,,,,,,,Case Rate,"100 Percent of Medicaid APG. ",46.488,78,,,,,0,percent of total billed charges,78% of Billed Charges. Lesser of 100% of billed charges applies.; No services were performed during the 15 month look back period.,4.07,,,,,,,Fee Schedule,"100 % 2019 CMS Clinical Lab National Limit Pub 20190115. ",71.31,,,,,,,Case Rate,"100 Percent of Medicaid APG. ",3.67,,,,,,,Fee Schedule,"100% Medicare Lab FS. ",8.28,,,,,,,Fee Schedule,"150 % 2018 Cigna RBRVS fee schedule. ",8.28,,,,,,,Fee Schedule,"150 % 2018 Cigna RBRVS fee schedule. ",8.28,,,,,,,Fee Schedule,"150 % 2018 Cigna RBRVS fee schedule. ",8.28,,,,,,,Fee Schedule,"150 % 2018 Cigna RBRVS fee schedule. ",3.3,,,,,,,Fee schedule,90 Percent of Medicare Laboratory. Covered services not payable under Medicaid Fee Schedules default to a payment of 50 percent of charges.,3.67,,,,,,,Fee Schedule,"100% Medicare Lab FS. ",3.3,,,,,,,Fee schedule,90 Percent of Medicare Laboratory. Covered services not payable under Medicaid Fee Schedules default to a payment of 50 percent of charges.,46.488,78,,,,,0,percent of total billed charges,78% of Billed Charges. Lesser of 100% of billed charges applies.; No services were performed during the 15 month look back period.,9.21,,,,,,,Fee Schedule,"250.953678474114 % Medicare Physician FS TC Rates Only. ",3.67,,,,,,,Fee Schedule,"100% Medicare Lab FS. ",9.36,,,,,,,Fee Schedule,"255 % Medicare RBRVS. ",3.67,,,,,,,Fee Schedule,"100% Medicare Lab FS. ",3.67,,,,,,,Fee Schedule,"100% Medicare Lab FS. ",46.488,78,,,,,0,percent of total billed charges,78% of Billed Charges. Lesser of 100% of billed charges applies.; No services were performed during the 15 month look back period.,3.67,,,,,,,Fee Schedule,100% Medicaid Fee Schedule. Lesser of 100% of billed charges applies.,3.67,,,,,,,Fee Schedule,100% Medicaid Fee Schedule. Lesser of 100% of billed charges applies.,3.3,,,,,,,Fee schedule,"90 Percent of Medicare RBRVS. ",3.3,,,,,,,Fee schedule,"90 Percent of Medicare RBRVS. ",9.36,,,,,,,Fee Schedule,"255 % Medicare RBRVS. ",9.36,,,,,,,Fee Schedule,"255 % Medicare RBRVS. ",71.31,,,,,,,Case Rate,"100 Percent of Medicaid APG. Not APG payable, or payable under another fee schedule like ASP/AWP pays at 30% of charges",9.36,,,,,,,Fee Schedule,"255 % Medicare RBRVS. ",71.31,,,,,,,Case Rate,"100 Percent of Medicaid APG. Not APG payable, or payable under another fee schedule like ASP/AWP pays at 30% of charges",3.67,,,,,,,Fee Schedule,"100% Medicare Lab FS. ",9.36,,,,,,,Fee Schedule,"255 % Medicare RBRVS. ",46.488,78,,59.6,59.6,59.6,1 through 10,percent of total billed charges,78% of Billed Charges. Lesser of 100% of billed charges applies.,71.31,,,,,,,Case Rate,"100 Percent of Medicaid APG. If not priced under APG, then Metroplus FeeSched",71.31,,,,,,,Case Rate,"100 Percent of Medicaid APG. If not priced under APG, then Metroplus FeeSched",46.488,78,,,,,0,percent of total billed charges,78% of Billed Charges. Lesser of 100% of billed charges applies.; No services were performed during the 15 month look back period.,8.28,,,,,,,Fee Schedule,"150 % 2018 Cigna RBRVS fee schedule. ",4.07,,,,,,,Fee Schedule,"100 % 2019 CMS Clinical Lab National Limit Pub 20190115. ",4.07,,,,,,,Fee Schedule,"100 % 2019 CMS Clinical Lab National Limit Pub 20190115. ",46.488,78,,,,,0,percent of total billed charges,78% of Billed Charges. Lesser of 100% of billed charges applies.; No services were performed during the 15 month look back period.,3.67,,,,,,,Fee Schedule,"100% Medicare Lab FS. ",4.07,,,,,,,Fee Schedule,"100 % 2019 CMS Clinical Lab National Limit Pub 20190115. ",4.07,,,,,,,Fee Schedule,"100 % 2019 CMS Clinical Lab National Limit Pub 20190115. ",4.07,,,,,,,Fee Schedule,"100 % 2019 CMS Clinical Lab National Limit Pub 20190115. ",3.67,,,,,,,Fee Schedule,"100% Medicare Lab FS. ",4.07,,,,,,,Fee Schedule,"100 % 2019 CMS Clinical Lab National Limit Pub 20190115. ",4.07,,,,,,,Fee Schedule,"100 % 2019 CMS Clinical Lab National Limit Pub 20190115. ",3.67,,,,,,,Fee Schedule,"100% of Medicare Lab FS. ",29.8,50,,,,,0,percent of total billed charges,50 percent of billed charges; No services were performed during the 15 month look back period.,12,,,,,,,Fee Schedule,"238 % 2013 Manhattan Medicare. ",12,,,,,,,Fee Schedule,"238 % 2013 Manhattan Medicare. ",12,,,,,,,Fee Schedule,"238 % 2013 Manhattan Medicare. ",12,,,,,,,Fee Schedule,"238 % 2013 Manhattan Medicare. ",12,,,,,,,Fee Schedule,"238 % 2013 Manhattan Medicare. ",12,,,,,,,Fee Schedule,"238 % 2013 Manhattan Medicare. ",3.67,,,,,,,Fee Schedule,"100% Medicare Lab FS. ",3.67,,,,,,,Fee Schedule,"100% Medicare Lab FS. ",12,,,,,,,Fee Schedule,"238 % 2013 Manhattan Medicare. ",46.488,78,,,,,0,percent of total billed charges,78% of Billed Charges. Lesser of 100% of billed charges applies.; No services were performed during the 15 month look back period.,46.488,78,,,,,0,percent of total billed charges,78% of Billed Charges. Lesser of 100% of billed charges applies.; No services were performed during the 15 month look back period.,46.488,78,,,,,0,percent of total billed charges,78% of Billed Charges. Lesser of 100% of billed charges applies.; No services were performed during the 15 month look back period.,46.488,78,,,,,0,percent of total billed charges,78% of Billed Charges. Lesser of 100% of billed charges applies.; No services were performed during the 15 month look back period.,46.488,78,,,,,0,percent of total billed charges,78% of Billed Charges. Lesser of 100% of billed charges applies.; No services were performed during the 15 month look back period.,46.488,78,,,,,0,percent of total billed charges,78% of Billed Charges. Lesser of 100% of billed charges applies.; No services were performed during the 15 month look back period.,46.488,78,,,,,0,percent of total billed charges,78% of Billed Charges. Lesser of 100% of billed charges applies.; No services were performed during the 15 month look back period.,46.488,78,,,,,0,percent of total billed charges,78% of Billed Charges. Lesser of 100% of billed charges applies.; No services were performed during the 15 month look back period.,46.488,78,,,,,0,percent of total billed charges,78% of Billed Charges. Lesser of 100% of billed charges applies.; No services were performed during the 15 month look back period.,46.488,78,,,,,0,percent of total billed charges,78% of Billed Charges. Lesser of 100% of billed charges applies.; No services were performed during the 15 month look back period.,46.488,78,,,,,0,percent of total billed charges,78% of Billed Charges. Lesser of 100% of billed charges applies.; No services were performed during the 15 month look back period.,46.488,78,,,,,0,percent of total billed charges,78% of Billed Charges. Lesser of 100% of billed charges applies.; No services were performed during the 15 month look back period.,46.488,78,,,,,0,percent of total billed charges,78% of Billed Charges. Lesser of 100% of billed charges applies.; No services were performed during the 15 month look back period.,46.488,78,,,,,0,percent of total billed charges,78% of Billed Charges. Lesser of 100% of billed charges applies.; No services were performed during the 15 month look back period.,46.488,78,,,,,0,percent of total billed charges,78% of Billed Charges. Lesser of 100% of billed charges applies.; No services were performed during the 15 month look back period.,46.488,78,,,,,0,percent of total billed charges,78% of Billed Charges. Lesser of 100% of billed charges applies.; No services were performed during the 15 month look back period.,46.488,78,,,,,0,percent of total billed charges,78% of Billed Charges. Lesser of 100% of billed charges applies.; No services were performed during the 15 month look back period.,46.488,78,,,,,0,percent of total billed charges,78% of Billed Charges. Lesser of 100% of billed charges applies.; No services were performed during the 15 month look back period.,46.488,78,,,,,0,percent of total billed charges,78% of Billed Charges. Lesser of 100% of billed charges applies.; No services were performed during the 15 month look back period.,46.488,78,,,,,0,percent of total billed charges,78% of Billed Charges. Lesser of 100% of billed charges applies.; No services were performed during the 15 month look back period.,46.488,78,,,,,0,percent of total billed charges,78% of Billed Charges. Lesser of 100% of billed charges applies.; No services were performed during the 15 month look back period.,46.488,78,,,,,0,percent of total billed charges,78% of Billed Charges. Lesser of 100% of billed charges applies.; No services were performed during the 15 month look back period.,46.488,78,,,,,0,percent of total billed charges,78% of Billed Charges. Lesser of 100% of billed charges applies.; No services were performed during the 15 month look back period.,46.488,78,,,,,0,percent of total billed charges,78% of Billed Charges. Lesser of 100% of billed charges applies.; No services were performed during the 15 month look back period.,46.488,78,,,,,0,percent of total billed charges,78% of Billed Charges. Lesser of 100% of billed charges applies.; No services were performed during the 15 month look back period.,46.488,78,,,,,0,percent of total billed charges,78% of Billed Charges. Lesser of 100% of billed charges applies.; No services were performed during the 15 month look back period.,9.36,,,,,,,Fee Schedule,"255 % Medicare RBRVS. ",9.36,,,,,,,Fee Schedule,"255 % Medicare RBRVS. ",9.36,,,,,,,Fee Schedule,"255 % Medicare RBRVS. ",9.36,,,,,,,Fee Schedule,"255 % Medicare RBRVS. ",7.08,,,,,,,Fee Schedule,"193 % Medicare RBRVS. ",7.08,,,,,,,Fee Schedule,"193 % Medicare RBRVS. ",8.28,,,,,,,Fee Schedule,"150 % 2018 Cigna RBRVS fee schedule. ",12,,,,,,,Fee Schedule,"238 % 2013 Manhattan Medicare. ",4.07,,,,,,,Fee Schedule,"100 % 2019 CMS Clinical Lab National Limit Pub 20190115. ",12,,,,,,,Fee Schedule,"238 % 2013 Manhattan Medicare. ",46.488,78,,,,,0,percent of total billed charges,78% of Billed Charges. Lesser of 100% of billed charges applies.; No services were performed during the 15 month look back period.,7.08,,,,,,,Fee Schedule,"193 % Medicare RBRVS. ",12,,,,,,,Fee Schedule,"238 % 2013 Manhattan Medicare. ",4.07,,,,,,,Fee Schedule,"100 % 2019 CMS Clinical Lab National Limit Pub 20190115. ",8.28,,,,,,,Fee Schedule,"150 % 2018 Cigna RBRVS fee schedule. ",,,,,,,,,"NA. ",46.488,78,,,,,0,percent of total billed charges,78% of Billed Charges. Lesser of 100% of billed charges applies.; No services were performed during the 15 month look back period.,71.31,,,,,,,Case Rate,"100 Percent of Medicaid APG. ",9.36,,,,,,,Fee Schedule,"255 % Medicare RBRVS. ",71.31,,,,,,,Case Rate,"100 Percent of Medicaid APG. Not APG payable, or payable under another fee schedule like ASP/AWP pays at 30% of charges",3.67,,,,,,,Fee Schedule,"100% Medicare Lab FS. ",3.67,,,,,,,Fee Schedule,"100% Medicare Lab FS. ",29.8,50,,,,,0,percent of total billed charges,50 percent of billed charges; No services were performed during the 15 month look back period.,3.67,,,,,,,Fee Schedule,"100% Medicare Lab FS. ",3.67,,,,,,,Fee Schedule,"100% Medicare Lab FS. ",71.31,,,,,,,Case Rate,"100 Percent of Medicaid APG. ",3.67,,,,,,,Fee Schedule,"100% Medicare Lab FS. ",3.67,,,,,,,Fee Schedule,"100% Medicare Lab FS. ",9.21,,,,,,,Fee Schedule,"250.953678474114 % Medicare Physician FS TC Rates Only. ",9.21,,,,,,,Fee Schedule,"250.953678474114 % Medicare Physician FS TC Rates Only. ",3.67,,,,,,,Fee Schedule,"100% Medicare Lab FS. ",8.28,,,,,,,Fee Schedule,"150 % 2018 Cigna RBRVS fee schedule. ",4.07,,,,,,,Fee Schedule,"100 % 2019 CMS Clinical Lab National Limit Pub 20190115. ",4.07,,,,,,,Fee Schedule,"100 % 2019 CMS Clinical Lab National Limit Pub 20190115. ",3.67,,,,,,,Fee Schedule,"100% Medicare Lab FS. ",8.28,,,,,,,Fee Schedule,"150 % 2018 Cigna RBRVS fee schedule. ",9.21,,,,,,,Fee Schedule,"250.953678474114 % Medicare Physician FS TC Rates Only. ",9.21,,,,,,,Fee Schedule,"250.953678474114 % Medicare Physician FS TC Rates Only. ",9.21,,,,,,,Fee Schedule,"250.953678474114 % Medicare Physician FS TC Rates Only. ",46.488,78,,,,,0,percent of total billed charges,78% of Billed Charges. Lesser of 100% of billed charges applies.; No services were performed during the 15 month look back period.,46.488,78,,,,,0,percent of total billed charges,78% of Billed Charges. Lesser of 100% of billed charges applies.; No services were performed during the 15 month look back period.,46.488,78,,,,,0,percent of total billed charges,78% of Billed Charges. Lesser of 100% of billed charges applies.; No services were performed during the 15 month look back period.,46.488,78,,,,,0,percent of total billed charges,78% of Billed Charges. Lesser of 100% of billed charges applies.; No services were performed during the 15 month look back period.,46.488,78,,,,,0,percent of total billed charges,78% of Billed Charges. Lesser of 100% of billed charges applies.; No services were performed during the 15 month look back period.,46.488,78,,,,,0,percent of total billed charges,78% of Billed Charges. Lesser of 100% of billed charges applies.; No services were performed during the 15 month look back period.,46.488,78,,,,,0,percent of total billed charges,78% of Billed Charges. Lesser of 100% of billed charges applies.; No services were performed during the 15 month look back period.,46.488,78,,,,,0,percent of total billed charges,78% of Billed Charges. Lesser of 100% of billed charges applies.; No services were performed during the 15 month look back period.,46.488,78,,,,,0,percent of total billed charges,78% of Billed Charges. Lesser of 100% of billed charges applies.; No services were performed during the 15 month look back period.,46.488,78,,,,,0,percent of total billed charges,78% of Billed Charges. Lesser of 100% of billed charges applies.; No services were performed during the 15 month look back period.,46.488,78,,,,,0,percent of total billed charges,78% of Billed Charges. Lesser of 100% of billed charges applies.; No services were performed during the 15 month look back period.,7.08,,,,,,,Fee Schedule,"193 % Medicare RBRVS. ",12,,,,,,,Fee Schedule,"238 % 2013 Manhattan Medicare. ",8.28,,,,,,,Fee Schedule,"150 % 2018 Cigna RBRVS fee schedule. ",3.67,,,,,,,Fee Schedule,"100% Medicare Lab FS. ",9.21,,,,,,,Fee Schedule,"250.953678474114 % Medicare Physician FS TC Rates Only. ",8.28,,,,,,,Fee Schedule,"150 % 2018 Cigna RBRVS fee schedule. ",8.28,,,,,,,Fee Schedule,"150 % 2018 Cigna RBRVS fee schedule. ",46.488,78,,,,,0,percent of total billed charges,78% of Billed Charges. Lesser of 100% of billed charges applies.; No services were performed during the 15 month look back period.,152.6,,,,,,,Case Rate,"141 Percent of current Medicare RBRVS FeeSched. ",8.28,,,,,,,Fee Schedule,"150 % 2018 Cigna RBRVS fee schedule. ",71.31,,,,,,,Case Rate,"100 Percent of Medicaid APG. ",3.67,,,,,,,Fee Schedule,"100% Medicare Lab FS. ",3.67,,,,,,,Fee Schedule,"100% Medicare Lab FS. ",3.67,,,,,,,Fee Schedule,"100% Medicare Lab FS. ",3.67,,,,,,,Fee Schedule,"100% Medicare Lab FS. ",3.67,,,,,,,Fee Schedule,"100% Medicare Lab FS. ",3.67,,,,,,,Fee Schedule,"100% Medicare Lab FS. ",8.28,,,,,,,Fee Schedule,"150 % 2018 Cigna RBRVS fee schedule. ",29.8,50,,,,,0,percent of total billed charges,50 percent of billed charges; No services were performed during the 15 month look back period.,5.87,,,,,,,Fee Schedule,"160 Percent of Medicare Laboratory. ",5.87,,,,,,,Fee Schedule,"160 Percent of Medicare Laboratory. ",5.87,,,,,,,Fee Schedule,"160 Percent of Medicare Laboratory. ",5.87,,,,,,,Fee Schedule,"160 Percent of Medicare Laboratory. ",5.87,,,,,,,Fee Schedule,"160 Percent of Medicare Laboratory. ",,,,,,,,,"NA. ",29.8,50,,,,,0,percent of total billed charges,50 percent of billed charges; No services were performed during the 15 month look back period.,5.17,,,,,,,Fee Schedule,141 Percent of of Medicare Lab FS. Metroplus will reimburse unlisted codes and described codes with no Medicare rate at 50 percent of charges.,5.17,,,,,,,Fee Schedule,141 Percent of of Medicare Lab FS. Metroplus will reimburse unlisted codes and described codes with no Medicare rate at 50 percent of charges.,5.17,,,,,,,Fee Schedule,141 Percent of of Medicare Lab FS. Metroplus will reimburse unlisted codes and described codes with no Medicare rate at 50 percent of charges.,5.17,,,,,,,Fee Schedule,141 Percent of of Medicare Lab FS. Metroplus will reimburse unlisted codes and described codes with no Medicare rate at 50 percent of charges.,5.17,,,,,,,Fee Schedule,141 Percent of of Medicare Lab FS. Metroplus will reimburse unlisted codes and described codes with no Medicare rate at 50 percent of charges.,3.67,,,,,,,Fee Schedule,"100% Medicare Lab FS. ",7.08,,,,,,,Fee Schedule,"193 % Medicare RBRVS. ",7.08,,,,,,,Fee Schedule,"193 % Medicare RBRVS. ",7.08,,,,,,,Fee Schedule,"193 % Medicare RBRVS. ",7.08,,,,,,,Fee Schedule,"193 % Medicare RBRVS. ",9.21,,,,,,,Fee Schedule,"250.953678474114 % Medicare Physician FS TC Rates Only. ",9.21,,,,,,,Fee Schedule,"250.953678474114 % Medicare Physician FS TC Rates Only. ",9.21,,,,,,,Fee Schedule,"250.953678474114 % Medicare Physician FS TC Rates Only. ",9.21,,,,,,,Fee Schedule,"250.953678474114 % Medicare Physician FS TC Rates Only. ",29.8,50,,,,,0,percent of total billed charges,50 percent of billed charges; No services were performed during the 15 month look back period.,29.8,50,,,,,0,percent of total billed charges,50 percent of billed charges; No services were performed during the 15 month look back period.,3.67,,,,,,,Fee Schedule,"100% Medicare Lab FS. ",3.67,,,,,,,Fee Schedule,"100% Medicare Lab FS. ",3.67,,,,,,,Fee Schedule,"100% Medicare Lab FS. ",12,,,,,,,Fee Schedule,"238 % 2013 Manhattan Medicare. ",12,,,,,,,Fee Schedule,"238 % 2013 Manhattan Medicare. ",12,,,,,,,Fee Schedule,"238 % 2013 Manhattan Medicare. ",29.8,50,,,,,0,percent of total billed charges,50 percent of billed charges; No services were performed during the 15 month look back period.,9.21,,,,,,,Fee Schedule,"250.953678474114 % Medicare Physician FS TC Rates Only. ",3.67,,,,,,,Fee Schedule,"100% Medicare Lab FS. ",12,,,,,,,Fee Schedule,"238 % 2013 Manhattan Medicare. ",71.31,,,,,,,Case Rate,"100 Percent of Medicaid APG. ",3.74,,,,,,,Fee Schedule,"102% of Medicare Lab FS. ",3.74,,,,,,,Fee Schedule,"102% of Medicare Lab FS. ",3.74,,,,,,,Fee Schedule,"102% of Medicare Lab FS. ",3.3,,,,,,,Fee schedule,"90 Percent of Medicare RBRVS. ",160.44,,,,,,,Fee Schedule,225% of NYS APG. Lesser of 100% of billed charges applies.,160.44,,,,,,,Fee Schedule,225% of NYS APG. Lesser of 100% of billed charges applies.,160.44,,,,,,,Fee Schedule,225% of NYS APG. Lesser of 100% of billed charges applies.,160.44,,,,,,,Fee Schedule,225% of NYS APG. Lesser of 100% of billed charges applies.,160.44,,,,,,,Fee Schedule,225% of NYS APG. Lesser of 100% of billed charges applies.,3.74,,,,,,,Fee Schedule,"102% of Medicare Lab FS. ",71.31,,,,,,,Case Rate,"100 Percent of Medicaid APG. ",3.67,,,,,,,Fee Schedule,100% Medicaid Fee Schedule. Lesser of 100% of billed charges applies.,160.44,,,,,,,Fee Schedule,225% of NYS APG. Lesser of 100% of billed charges applies.,160.44,,,,,,,Fee Schedule,225% of NYS APG. Lesser of 100% of billed charges applies.,3.67,,,,,,,Fee Schedule,100% Medicaid Fee Schedule. Lesser of 100% of billed charges applies.,3.67,,,,,,,Fee Schedule,100% Medicaid Fee Schedule. Lesser of 100% of billed charges applies.,5.87,,,,,,,Fee Schedule,"160 Percent of Medicare Laboratory. ",3.67,,,,,,,Fee Schedule,"100% Medicare Lab FS. ",3.67,,,,,,,Fee Schedule,"100% Medicare Lab FS. ",9.21,,,,,,,Fee Schedule,"250.953678474114 % Medicare Physician FS TC Rates Only. ",3.67,,,,,,,Fee Schedule,"100% Medicare Lab FS. ",160.44,,,,,,,Fee Schedule,"225 Percent of Medicaid APG. ",160.44,,,,,,,Fee Schedule,"225 Percent of Medicaid APG. ",3.3,,,,,,,Fee schedule,"90 Percent of Medicare RBRVS. ",3.3,,,,,,,Fee schedule,"90 Percent of Medicare RBRVS. ",160.44,,,,,,,Case Rate,225 Percent of Medicaid APG. Covered services not payable under Medicaid Fee Schedules default to a payment of 87.5 percent of charges.,3.3,,,,,,,Fee schedule,90 Percent of Medicare Laboratory. Covered services not payable under Medicaid Fee Schedules default to a payment of 50 percent of charges.,160.44,,,,,,,Case Rate,"100 Percent of Medicaid APG. ",160.44,,,,,,,Case Rate,"100 Percent of Medicaid APG. ",160.44,,,,,,,Case Rate,"100 Percent of Medicaid APG. ",160.44,,,,,,,Case Rate,"100 Percent of Medicaid APG. ",37.4,,,,,,,Fee Schedule,"1019 % Manhattan Facility Rate. ",29.8,50,,,,,0,percent of total billed charges,50 percent of billed charges; No services were performed during the 15 month look back period.,85.57,,,,,,,Case Rate,"120 Percent of Medicaid APG. Not APG payable, or payable under another fee schedule like ASP/AWP pays at 30% of charges",85.57,,,,,,,Case Rate,"120 Percent of Medicaid APG. Not APG payable, or payable under another fee schedule like ASP/AWP pays at 30% of charges",71.31,,,,,,,Case Rate,"100 Percent of Medicaid APG. Not APG payable, or payable under another fee schedule like ASP/AWP pays at 30% of charges",71.31,,,,,,,Case Rate,"100 Percent of Medicaid APG. Not APG payable, or payable under another fee schedule like ASP/AWP pays at 30% of charges",12,,,,,,,Fee Schedule,"238 % 2013 Manhattan Medicare. ",12,,,,,,,Fee Schedule,"238 % 2013 Manhattan Medicare. ",3.67,,,,,,,Fee Schedule,"100% Medicare Lab FS. ",12,,,,,,,Fee Schedule,"238 % 2013 Manhattan Medicare. ",12,,,,,,,Fee Schedule,"238 % 2013 Manhattan Medicare. ",12,,,,,,,Fee Schedule,"238 % 2013 Manhattan Medicare. ",12,,,,,,,Fee Schedule,"238 % 2013 Manhattan Medicare. ",3.67,,,,,,,Fee Schedule,"100% Medicare Lab FS. ",12,,,,,,,Fee Schedule,"238 % 2013 Manhattan Medicare. ",12,,,,,,,Fee Schedule,"238 % 2013 Manhattan Medicare. ",9.21,,,,,,,Fee Schedule,"250.953678474114 % Medicare Physician FS TC Rates Only. ",78.44,,,,,,,Fee Schedule,110% of APG. Lesser of 100% of billed charges applies.,3.3,,,,,,,Fee schedule,90 Percent of Medicare Laboratory. Covered services not payable under Medicaid Fee Schedules default to a payment of 50 percent of charges.,160.44,,,,,,,Fee Schedule,225% of NYS APG. Lesser of 100% of billed charges applies.,160.44,,,,,,,Case Rate,225 Percent of Medicaid APG. Covered services not payable under Medicaid Fee Schedules default to a payment of 87.5 percent of charges.,3.3,,,,,,,Fee schedule,90 Percent of Medicare Laboratory. Covered services not payable under Medicaid Fee Schedules default to a payment of 50 percent of charges.,160.44,,,,,,,Fee Schedule,225% of NYS APG. Lesser of 100% of billed charges applies.,160.44,,,,,,,Fee Schedule,225% of NYS APG. Lesser of 100% of billed charges applies.,160.44,,,,,,,Fee Schedule,225% of NYS APG. Lesser of 100% of billed charges applies.,160.44,,,,,,,Fee Schedule,225% of NYS APG. Lesser of 100% of billed charges applies.,160.44,,,,,,,Fee Schedule,225% of NYS APG. Lesser of 100% of billed charges applies.,160.44,,,,,,,Fee Schedule,225% of NYS APG. Lesser of 100% of billed charges applies.,,,,,,,,,"NA. ",,,,,,,,,"NA. ",,,,,,,,,"NA. ",8.28,,,,,,,Fee Schedule,"150 % 2018 Cigna RBRVS fee schedule. ",,,,,,,,,"NA. ",3.67,,,,,,,Fee Schedule,"100% Medicare Lab FS. ",5,,,,,,,Fee Schedule,"100 % 1199 Fee Schedule. ",3.67,,,,,,,Fee Schedule,"100% Medicare Lab FS. ",3.67,,,,,,,Fee Schedule,"100% Medicare Lab FS. ",85.57,,,,,,,Case Rate,"120 Percent of Medicaid APG. Not APG payable, or payable under another fee schedule like ASP/AWP pays at 30% of charges",85.57,,,,,,,Case Rate,"120 Percent of Medicaid APG. Not APG payable, or payable under another fee schedule like ASP/AWP pays at 30% of charges",71.31,,,,,,,Case Rate,"100 Percent of Medicaid APG. Not APG payable, or payable under another fee schedule like ASP/AWP pays at 30% of charges",71.31,,,,,,,Case Rate,"100 Percent of Medicaid APG. Not APG payable, or payable under another fee schedule like ASP/AWP pays at 30% of charges",71.31,,,,,,,Case Rate,"100 Percent of Medicaid APG. ",7.96,,,,,,,Fee Schedule,"217 % Medicare RBRVS. ",9.21,,,,,,,Fee Schedule,"250.953678474114 % Medicare Physician FS TC Rates Only. ",9.36,,,,,,,Fee Schedule,"255 % Medicare RBRVS. ",8.28,,,,,,,Fee Schedule,"150 % 2018 Cigna RBRVS fee schedule. ",3.67,,,,,,,Fee Schedule,"100% Medicare Lab FS. ",3.67,,,,,,,Fee Schedule,"100% Medicare Lab FS. ",3.67,,,,,,,Fee Schedule,"100% Medicare Lab FS. ",3.67,,,,,,,Fee Schedule,"100% Medicare Lab FS. ",3.67,,,,,,,Fee Schedule,"100% Medicare Lab FS. ",3.67,,,,,,,Fee Schedule,"100% Medicare Lab FS. ",,,,,,,,,"NA. ",160.44,,,,,,,Fee Schedule,225% of NYS APG. Lesser of 100% of billed charges applies.,3.67,,,,,,,Fee Schedule,100% Medicaid Fee Schedule. Lesser of 100% of billed charges applies.,12,,,,,,,Fee Schedule,"238 % 2013 Manhattan Medicare. ",7.96,,,,,,,Fee Schedule,"217 % Medicare RBRVS. ",7.96,,,,,,,Fee Schedule,"217 % Medicare RBRVS. ",7.96,,,,,,,Fee Schedule,"217 % Medicare RBRVS. ",7.96,,,,,,,Fee Schedule,"217 % Medicare RBRVS. ",3.67,,,,,,,Fee Schedule,"100% Medicare Lab FS. ",71.31,,,,,,,Case Rate,"100 Percent of Medicaid APG. ",12,,,,,,,Fee Schedule,"238 % 2013 Manhattan Medicare. ",71.31,,,,,,,Case Rate,"100 Percent of Medicaid APG. ",3.67,,,,,,,Fee Schedule,"100% Medicare Lab FS. ",71.31,,,,,,,Case Rate,"100 Percent of Medicaid APG. ",3.67,,,,,,,Fee Schedule,"100% Medicare Lab FS. ",3.67,,,,,,,Fee Schedule,"100% Medicare Lab FS. ",71.31,,,,,,,Case Rate,"100 Percent of Medicaid APG. ",71.31,,,,,,,Case Rate,"100 Percent of Medicaid APG. ",7.96,,,,,,,Fee Schedule,"217 % Medicare RBRVS. ",8.28,,,,,,,Fee Schedule,"150 % 2018 Cigna RBRVS fee schedule. ",46.488,78,,,,,0,percent of total billed charges,78% of Billed Charges. Lesser of 100% of billed charges applies.; No services were performed during the 15 month look back period.,4.07,,,,,,,Fee Schedule,"100 % 2019 CMS Clinical Lab National Limit Pub 20190115. ",4.07,,,,,,,Fee Schedule,"100 % 2019 CMS Clinical Lab National Limit Pub 20190115. ",9.21,,,,,,,Fee Schedule,"250.953678474114 % Medicare Physician FS TC Rates Only. ",3.6,,,,,,,Fee Schedule,"98% Lab FS. ",7.08,,,,,,,Fee Schedule,"193 % Medicare RBRVS. ",7.08,,,,,,,Fee Schedule,"193 % Medicare RBRVS. ",9.6,,,,,,,Fee Schedule,"190.4 % 2013 Manhattan Medicare. ",9.6,,,,,,,Fee Schedule,"190.4 % 2013 Manhattan Medicare. ",3.67,,,,,,,Fee Schedule,"100% Medicare Lab FS. ",3.67,,,,,,,Fee Schedule,"100% Medicare Lab FS. ",3.67,,,,,,,Fee Schedule,"100% Medicare Lab FS. ",3.67,,,,,,,Fee Schedule,"100% Medicare Lab FS. ",4.07,,,,,,,Fee Schedule,"100 % 2019 CMS Clinical Lab National Limit Pub 20190115. ",12,,,,,,,Fee Schedule,"238 % 2013 Manhattan Medicare. ",12,,,,,,,Fee Schedule,"238 % 2013 Manhattan Medicare. ",3.67,,,,,,,Fee Schedule,"100% Medicare Lab FS. ",9.6,,,,,,,Fee Schedule,"190.4 % 2013 Manhattan Medicare. ",9.36,,,,,,,Fee Schedule,"255 % Medicare RBRVS. ",85.57,,,,,,,Fee Schedule,"120 Percent of Medicaid APG. ",71.31,,,,,,,Case Rate,"100 Percent of Medicaid APG. ",7.96,,,,,,,Fee Schedule,"217 % Medicare RBRVS. ",10.8,,,,,,,Fee Schedule,"214.2 % 2013 Manhattan Medicare. ",10.8,,,,,,,Fee Schedule,"214.2 % 2013 Manhattan Medicare. ",12,,,,,,,Fee Schedule,"238 % 2013 Manhattan Medicare. ",29.8,50,,,,,0,percent of total billed charges,50 percent of billed charges; No services were performed during the 15 month look back period.,3.67,,,,,,,Fee Schedule,"100% Medicare Lab FS. ",74.87,,,,,,,Fee Schedule,105 percent of Medicaid APG. otherwise 105% of Ordered NYS MCD FS or 105% of ASP+6%,74.87,,,,,,,Fee Schedule,105 percent of Medicaid APG. otherwise 105% of Ordered NYS MCD FS or 105% of ASP+6%,74.87,,,,,,,Fee Schedule,105 percent of Medicaid APG. otherwise 105% of Ordered NYS MCD FS or 105% of ASP+6%,96.26,,,,,,,Fee Schedule,135 percent of Medicaid APG. otherwise 135% of Ordered NYS MCD FS or 135% of ASP+6%,4.07,,,,,,,Fee Schedule,"100 % 2019 CMS Clinical Lab National Limit Pub 20190115. ",74.87,,,,,,,Fee Schedule,105 percent of Medicaid APG. otherwise 105% of Ordered NYS MCD FS or 105% of ASP+6%,74.87,,,,,,,Fee Schedule,105 percent of Medicaid APG. otherwise 105% of Ordered NYS MCD FS or 105% of ASP+6%,74.87,,,,,,,Fee Schedule,105 percent of Medicaid APG. otherwise 105% of Ordered NYS MCD FS or 105% of ASP+6%,74.87,,,,,,,Fee Schedule,105 percent of Medicaid APG. otherwise 105% of Ordered NYS MCD FS or 105% of ASP+6%,74.87,,,,,,,Fee Schedule,105 percent of Medicaid APG. otherwise 105% of Ordered NYS MCD FS or 105% of ASP+6%,96.26,,,,,,,Fee Schedule,135 percent of Medicaid APG. otherwise 135% of Ordered NYS MCD FS or 135% of ASP+6%,96.26,,,,,,,Fee Schedule,135 percent of Medicaid APG. otherwise 135% of Ordered NYS MCD FS or 135% of ASP+6%,3.67,,,,,,,Fee Schedule,"100% Medicare Lab FS. ",4.07,,,,,,,Fee Schedule,"100 % 2019 CMS Clinical Lab National Limit Pub 20190115. ",3.67,,,,,,,Fee Schedule,"100% Medicare Lab FS. ",74.87,,,,,,,Fee Schedule,105 percent of Medicaid APG. otherwise 105% of Ordered NYS MCD FS or 105% of ASP+6%,12,,,,,,,Fee Schedule,"238 % 2013 Manhattan Medicare. ",3.67,,,,,,,Fee Schedule,"100% Medicare Lab FS. ",12,,,,,,,Fee Schedule,"238 % 2013 Manhattan Medicare. ",12,,,,,,,Fee Schedule,"238 % 2013 Manhattan Medicare. ",12,,,,,,,Fee Schedule,"238 % 2013 Manhattan Medicare. ",74.87,,,,,,,Fee Schedule,105 percent of Medicaid APG. otherwise 105% of Ordered NYS MCD FS or 105% of ASP+6%,3.67,,,,,,,Fee Schedule,"100% Medicare Lab FS. ",12,,,,,,,Fee Schedule,"238 % 2013 Manhattan Medicare. ",96.26,,,,,,,Fee Schedule,135 percent of Medicaid APG. otherwise 135% of Ordered NYS MCD FS or 135% of ASP+6%,12,,,,,,,Fee Schedule,"238 % 2013 Manhattan Medicare. ",5.5,,,,,,,Fee Schedule,"150% of Medicare Lab FS. ",3.67,,,,,,,Fee Schedule,"100% Medicare Lab FS. ",7.96,,,,,,,Fee Schedule,"217 % Medicare RBRVS. ",7.96,,,,,,,Fee Schedule,"217 % Medicare RBRVS. ",7.96,,,,,,,Fee Schedule,"217 % Medicare RBRVS. ",7.96,,,,,,,Fee Schedule,"217 % Medicare RBRVS. ",7.96,,,,,,,Fee Schedule,"217 % Medicare RBRVS. ",9.36,,,,,,,Fee Schedule,"255 % Medicare RBRVS. ",9.36,,,,,,,Fee Schedule,"255 % Medicare RBRVS. ",7.96,,,,,,,Fee Schedule,"217 % Medicare RBRVS. ",7.96,,,,,,,Fee Schedule,"217 % Medicare RBRVS. ",7.96,,,,,,,Fee Schedule,"217 % Medicare RBRVS. ",7.96,,,,,,,Fee Schedule,"217 % Medicare RBRVS. ",7.96,,,,,,,Fee Schedule,"217 % Medicare RBRVS. ",3.67,,,,,,,Fee Schedule,"100% Medicare Lab FS. ",9.36,,,,,,,Fee Schedule,"255 % Medicare RBRVS. ",3.67,,,,,,,Fee Schedule,"100% Medicare Lab FS. ",160.44,,,,,,,Case Rate,"225 Percent of Medicaid APG. If not included in Medicaid APG, then 100 Percent of Manhattan Medicare",71.31,,,,,,,Case Rate,"100 Percent of Medicaid APG. If not priced under APG, then Metroplus FeeSched",4.07,,,,,,,Fee Schedule,"100 % 2019 CMS Clinical Lab National Limit Pub 20190115. ",4.07,,,,,,,Fee Schedule,"100 % 2019 CMS Clinical Lab National Limit Pub 20190115. ",3.67,,,,,,,Fee Schedule,"100% Medicare Lab FS. ",7.08,,,,,,,Fee Schedule,"193 % Medicare RBRVS. ",3.67,,,,,,,Fee Schedule,"100% Medicare Lab FS. ",3.67,,,,,,,Fee Schedule,"100% Medicare Lab FS. ",9.21,,,,,,,Fee Schedule,"250.953678474114 % Medicare Physician FS TC Rates Only. ",3.67,,,,,,,Fee Schedule,"100% Medicare Lab FS. ",8.28,,,,,,,Fee Schedule,"150 % 2018 Cigna RBRVS fee schedule. ",3.67,,,,,,,Fee Schedule,"100% Medicare Lab FS. ",8.28,,,,,,,Fee Schedule,"150 % 2018 Cigna RBRVS fee schedule. ",9.21,,,,,,,Fee Schedule,"250.953678474114 % Medicare Physician FS TC Rates Only. ",8.28,,,,,,,Fee Schedule,"150 % 2018 Cigna RBRVS fee schedule. ",3.67,,,,,,,Fee Schedule,"100% Medicare Lab FS. ",71.31,,,,,,,Case Rate,"100 Percent of Medicaid APG. ",3.67,,,,,,,Fee Schedule,"100% Medicare Lab FS. ",8.28,,,,,,,Fee Schedule,"150 % 2018 Cigna RBRVS fee schedule. ",4.07,,,,,,,Fee Schedule,"100 % 2019 CMS Clinical Lab National Limit Pub 20190115. ",71.31,,,,,,,Case Rate,"100 Percent of Medicaid APG. ",12,,,,,,,Fee Schedule,"238 % 2013 Manhattan Medicare. ",85.57,,,,,,,Fee Schedule,"120 Percent of Medicaid APG. ",85.57,,,,,,,Fee Schedule,"120 Percent of Medicaid APG. ",12,,,,,,,Fee Schedule,"238 % 2013 Manhattan Medicare. ",12,,,,,,,Fee Schedule,"238 % 2013 Manhattan Medicare. ",12,,,,,,,Fee Schedule,"238 % 2013 Manhattan Medicare. ",4.07,,,,,,,Fee Schedule,"100 % 2019 CMS Clinical Lab National Limit Pub 20190115. ",12,,,,,,,Fee Schedule,"238 % 2013 Manhattan Medicare. ",12,,,,,,,Fee Schedule,"238 % 2013 Manhattan Medicare. ",12,,,,,,,Fee Schedule,"238 % 2013 Manhattan Medicare. ",7.96,,,,,,,Fee Schedule,"217 % Medicare RBRVS. ",7.96,,,,,,,Fee Schedule,"217 % Medicare RBRVS. ",5.17,,,,,,,Fee Schedule,141 Percent of of Medicare Lab FS. Metroplus will reimburse unlisted codes and described codes with no Medicare rate at 50 percent of charges.,71.31,,,,,,,Case Rate,"100 Percent of Medicaid APG. ",4.07,,,,,,,Fee Schedule,"100 % 2019 CMS Clinical Lab National Limit Pub 20190115. ",8.28,,,,,,,Fee Schedule,"150 % 2018 Cigna RBRVS fee schedule. ",9.21,,,,,,,Fee Schedule,"250.953678474114 % Medicare Physician FS TC Rates Only. ",4.07,,,,,,,Fee Schedule,"100 % 2019 CMS Clinical Lab National Limit Pub 20190115. ",9.21,,,,,,,Fee Schedule,"250.953678474114 % Medicare Physician FS TC Rates Only. ",4.07,,,,,,,Fee Schedule,"100 % 2019 CMS Clinical Lab National Limit Pub 20190115. ",12,,,,,,,Fee Schedule,"238 % 2013 Manhattan Medicare. ",12,,,,,,,Fee Schedule,"238 % 2013 Manhattan Medicare. ",12,,,,,,,Fee Schedule,"238 % 2013 Manhattan Medicare. ",12,,,,,,,Fee Schedule,"238 % 2013 Manhattan Medicare. ",3.67,,,,,,,Fee Schedule,"100% Medicare Lab FS. ",3.3,160.44,
84520,CPT,2026699,LOCAL,300,RC,HC UREA NITROGEN; QUAN - 91,72.27,13.7313,both,,,,12.75,,,,,,,Fee Schedule,"100 % 1199 Fee Schedule. ",12.75,,,,,,,Fee Schedule,"100 % 1199 Fee Schedule. ",9.91,,,,,,,Fee Schedule,"250.886075949367 % Medicare Physician FS TC Rates Only. ",72.27,100,,,,,0,percent of total billed charges,100 percent of billed charges. ; No services were performed during the 15 month look back period.,3.95,,,,,,,Fee Schedule,"100% Medicare Lab FS. ",9.91,,,,,,,Fee Schedule,"250.886075949367 % Medicare Physician FS TC Rates Only. ",9.91,,,,,,,Fee Schedule,"250.886075949367 % Medicare Physician FS TC Rates Only. ",9.91,,,,,,,Fee Schedule,"250.886075949367 % Medicare Physician FS TC Rates Only. ",85.57,,,,,,,Case Rate,"100 Percent of Medicaid APG. ",71.31,,,,,,,Case Rate,"100 Percent of Medicaid APG. ",56.3706,78,,,,,0,percent of total billed charges,78% of Billed Charges. Lesser of 100% of billed charges applies.; No services were performed during the 15 month look back period.,4.39,,,,,,,Fee Schedule,"100 % 2019 CMS Clinical Lab National Limit Pub 20190115. ",71.31,,,,,,,Case Rate,"100 Percent of Medicaid APG. ",3.95,,,,,,,Fee Schedule,"100% Medicare Lab FS. ",8.92,,,,,,,Fee Schedule,"150 % 2018 Cigna RBRVS fee schedule. ",8.92,,,,,,,Fee Schedule,"150 % 2018 Cigna RBRVS fee schedule. ",8.92,,,,,,,Fee Schedule,"150 % 2018 Cigna RBRVS fee schedule. ",8.92,,,,,,,Fee Schedule,"150 % 2018 Cigna RBRVS fee schedule. ",3.56,,,,,,,Fee schedule,90 Percent of Medicare Laboratory. Covered services not payable under Medicaid Fee Schedules default to a payment of 50 percent of charges.,3.95,,,,,,,Fee Schedule,"100% Medicare Lab FS. ",3.56,,,,,,,Fee schedule,90 Percent of Medicare Laboratory. Covered services not payable under Medicaid Fee Schedules default to a payment of 50 percent of charges.,56.3706,78,,,,,0,percent of total billed charges,78% of Billed Charges. Lesser of 100% of billed charges applies.; No services were performed during the 15 month look back period.,9.91,,,,,,,Fee Schedule,"250.886075949367 % Medicare Physician FS TC Rates Only. ",3.95,,,,,,,Fee Schedule,"100% Medicare Lab FS. ",10.07,,,,,,,Fee Schedule,"255 % Medicare RBRVS. ",3.95,,,,,,,Fee Schedule,"100% Medicare Lab FS. ",3.95,,,,,,,Fee Schedule,"100% Medicare Lab FS. ",56.3706,78,,,,,0,percent of total billed charges,78% of Billed Charges. Lesser of 100% of billed charges applies.; No services were performed during the 15 month look back period.,3.95,,,,,,,Fee Schedule,100% Medicaid Fee Schedule. Lesser of 100% of billed charges applies.,3.95,,,,,,,Fee Schedule,100% Medicaid Fee Schedule. Lesser of 100% of billed charges applies.,3.56,,,,,,,Fee schedule,"90 Percent of Medicare RBRVS. ",3.56,,,,,,,Fee schedule,"90 Percent of Medicare RBRVS. ",10.07,,,,,,,Fee Schedule,"255 % Medicare RBRVS. ",10.07,,,,,,,Fee Schedule,"255 % Medicare RBRVS. ",71.31,,,,,,,Case Rate,"100 Percent of Medicaid APG. Not APG payable, or payable under another fee schedule like ASP/AWP pays at 30% of charges",10.07,,,,,,,Fee Schedule,"255 % Medicare RBRVS. ",71.31,,,,,,,Case Rate,"100 Percent of Medicaid APG. Not APG payable, or payable under another fee schedule like ASP/AWP pays at 30% of charges",3.95,,,,,,,Fee Schedule,"100% Medicare Lab FS. ",10.07,,,,,,,Fee Schedule,"255 % Medicare RBRVS. ",56.3706,78,,,,,0,percent of total billed charges,78% of Billed Charges. Lesser of 100% of billed charges applies.; No services were performed during the 15 month look back period.,71.31,,,,,,,Case Rate,"100 Percent of Medicaid APG. If not priced under APG, then Metroplus FeeSched",71.31,,,,,,,Case Rate,"100 Percent of Medicaid APG. If not priced under APG, then Metroplus FeeSched",56.3706,78,,,,,0,percent of total billed charges,78% of Billed Charges. Lesser of 100% of billed charges applies.; No services were performed during the 15 month look back period.,8.92,,,,,,,Fee Schedule,"150 % 2018 Cigna RBRVS fee schedule. ",4.39,,,,,,,Fee Schedule,"100 % 2019 CMS Clinical Lab National Limit Pub 20190115. ",4.39,,,,,,,Fee Schedule,"100 % 2019 CMS Clinical Lab National Limit Pub 20190115. ",56.3706,78,,,,,0,percent of total billed charges,78% of Billed Charges. Lesser of 100% of billed charges applies.; No services were performed during the 15 month look back period.,3.95,,,,,,,Fee Schedule,"100% Medicare Lab FS. ",4.39,,,,,,,Fee Schedule,"100 % 2019 CMS Clinical Lab National Limit Pub 20190115. ",4.39,,,,,,,Fee Schedule,"100 % 2019 CMS Clinical Lab National Limit Pub 20190115. ",4.39,,,,,,,Fee Schedule,"100 % 2019 CMS Clinical Lab National Limit Pub 20190115. ",3.95,,,,,,,Fee Schedule,"100% Medicare Lab FS. ",4.39,,,,,,,Fee Schedule,"100 % 2019 CMS Clinical Lab National Limit Pub 20190115. ",4.39,,,,,,,Fee Schedule,"100 % 2019 CMS Clinical Lab National Limit Pub 20190115. ",3.95,,,,,,,Fee Schedule,"100% of Medicare Lab FS. ",36.135,50,,,,,0,percent of total billed charges,50 percent of billed charges; No services were performed during the 15 month look back period.,12.92,,,,,,,Fee Schedule,"238 % 2013 Manhattan Medicare. ",12.92,,,,,,,Fee Schedule,"238 % 2013 Manhattan Medicare. ",12.92,,,,,,,Fee Schedule,"238 % 2013 Manhattan Medicare. ",12.92,,,,,,,Fee Schedule,"238 % 2013 Manhattan Medicare. ",12.92,,,,,,,Fee Schedule,"238 % 2013 Manhattan Medicare. ",12.92,,,,,,,Fee Schedule,"238 % 2013 Manhattan Medicare. ",3.95,,,,,,,Fee Schedule,"100% Medicare Lab FS. ",3.95,,,,,,,Fee Schedule,"100% Medicare Lab FS. ",12.92,,,,,,,Fee Schedule,"238 % 2013 Manhattan Medicare. ",56.3706,78,,,,,0,percent of total billed charges,78% of Billed Charges. Lesser of 100% of billed charges applies.; No services were performed during the 15 month look back period.,56.3706,78,,,,,0,percent of total billed charges,78% of Billed Charges. Lesser of 100% of billed charges applies.; No services were performed during the 15 month look back period.,56.3706,78,,,,,0,percent of total billed charges,78% of Billed Charges. Lesser of 100% of billed charges applies.; No services were performed during the 15 month look back period.,56.3706,78,,,,,0,percent of total billed charges,78% of Billed Charges. Lesser of 100% of billed charges applies.; No services were performed during the 15 month look back period.,56.3706,78,,,,,0,percent of total billed charges,78% of Billed Charges. Lesser of 100% of billed charges applies.; No services were performed during the 15 month look back period.,56.3706,78,,,,,0,percent of total billed charges,78% of Billed Charges. Lesser of 100% of billed charges applies.; No services were performed during the 15 month look back period.,56.3706,78,,,,,0,percent of total billed charges,78% of Billed Charges. Lesser of 100% of billed charges applies.; No services were performed during the 15 month look back period.,56.3706,78,,,,,0,percent of total billed charges,78% of Billed Charges. Lesser of 100% of billed charges applies.; No services were performed during the 15 month look back period.,56.3706,78,,,,,0,percent of total billed charges,78% of Billed Charges. Lesser of 100% of billed charges applies.; No services were performed during the 15 month look back period.,56.3706,78,,,,,0,percent of total billed charges,78% of Billed Charges. Lesser of 100% of billed charges applies.; No services were performed during the 15 month look back period.,56.3706,78,,,,,0,percent of total billed charges,78% of Billed Charges. Lesser of 100% of billed charges applies.; No services were performed during the 15 month look back period.,56.3706,78,,,,,0,percent of total billed charges,78% of Billed Charges. Lesser of 100% of billed charges applies.; No services were performed during the 15 month look back period.,56.3706,78,,,,,0,percent of total billed charges,78% of Billed Charges. Lesser of 100% of billed charges applies.; No services were performed during the 15 month look back period.,56.3706,78,,,,,0,percent of total billed charges,78% of Billed Charges. Lesser of 100% of billed charges applies.; No services were performed during the 15 month look back period.,56.3706,78,,,,,0,percent of total billed charges,78% of Billed Charges. Lesser of 100% of billed charges applies.; No services were performed during the 15 month look back period.,56.3706,78,,,,,0,percent of total billed charges,78% of Billed Charges. Lesser of 100% of billed charges applies.; No services were performed during the 15 month look back period.,56.3706,78,,,,,0,percent of total billed charges,78% of Billed Charges. Lesser of 100% of billed charges applies.; No services were performed during the 15 month look back period.,56.3706,78,,,,,0,percent of total billed charges,78% of Billed Charges. Lesser of 100% of billed charges applies.; No services were performed during the 15 month look back period.,56.3706,78,,,,,0,percent of total billed charges,78% of Billed Charges. Lesser of 100% of billed charges applies.; No services were performed during the 15 month look back period.,56.3706,78,,,,,0,percent of total billed charges,78% of Billed Charges. Lesser of 100% of billed charges applies.; No services were performed during the 15 month look back period.,56.3706,78,,,,,0,percent of total billed charges,78% of Billed Charges. Lesser of 100% of billed charges applies.; No services were performed during the 15 month look back period.,56.3706,78,,,,,0,percent of total billed charges,78% of Billed Charges. Lesser of 100% of billed charges applies.; No services were performed during the 15 month look back period.,56.3706,78,,,,,0,percent of total billed charges,78% of Billed Charges. Lesser of 100% of billed charges applies.; No services were performed during the 15 month look back period.,56.3706,78,,,,,0,percent of total billed charges,78% of Billed Charges. Lesser of 100% of billed charges applies.; No services were performed during the 15 month look back period.,56.3706,78,,,,,0,percent of total billed charges,78% of Billed Charges. Lesser of 100% of billed charges applies.; No services were performed during the 15 month look back period.,56.3706,78,,,,,0,percent of total billed charges,78% of Billed Charges. Lesser of 100% of billed charges applies.; No services were performed during the 15 month look back period.,10.07,,,,,,,Fee Schedule,"255 % Medicare RBRVS. ",10.07,,,,,,,Fee Schedule,"255 % Medicare RBRVS. ",10.07,,,,,,,Fee Schedule,"255 % Medicare RBRVS. ",10.07,,,,,,,Fee Schedule,"255 % Medicare RBRVS. ",7.62,,,,,,,Fee Schedule,"193 % Medicare RBRVS. ",7.62,,,,,,,Fee Schedule,"193 % Medicare RBRVS. ",8.92,,,,,,,Fee Schedule,"150 % 2018 Cigna RBRVS fee schedule. ",12.92,,,,,,,Fee Schedule,"238 % 2013 Manhattan Medicare. ",4.39,,,,,,,Fee Schedule,"100 % 2019 CMS Clinical Lab National Limit Pub 20190115. ",12.92,,,,,,,Fee Schedule,"238 % 2013 Manhattan Medicare. ",56.3706,78,,,,,0,percent of total billed charges,78% of Billed Charges. Lesser of 100% of billed charges applies.; No services were performed during the 15 month look back period.,7.62,,,,,,,Fee Schedule,"193 % Medicare RBRVS. ",12.92,,,,,,,Fee Schedule,"238 % 2013 Manhattan Medicare. ",4.39,,,,,,,Fee Schedule,"100 % 2019 CMS Clinical Lab National Limit Pub 20190115. ",8.92,,,,,,,Fee Schedule,"150 % 2018 Cigna RBRVS fee schedule. ",,,,,,,,,"NA. ",56.3706,78,,,,,0,percent of total billed charges,78% of Billed Charges. Lesser of 100% of billed charges applies.; No services were performed during the 15 month look back period.,71.31,,,,,,,Case Rate,"100 Percent of Medicaid APG. ",10.07,,,,,,,Fee Schedule,"255 % Medicare RBRVS. ",71.31,,,,,,,Case Rate,"100 Percent of Medicaid APG. Not APG payable, or payable under another fee schedule like ASP/AWP pays at 30% of charges",3.95,,,,,,,Fee Schedule,"100% Medicare Lab FS. ",3.95,,,,,,,Fee Schedule,"100% Medicare Lab FS. ",36.135,50,,,,,0,percent of total billed charges,50 percent of billed charges; No services were performed during the 15 month look back period.,3.95,,,,,,,Fee Schedule,"100% Medicare Lab FS. ",3.95,,,,,,,Fee Schedule,"100% Medicare Lab FS. ",71.31,,,,,,,Case Rate,"100 Percent of Medicaid APG. ",3.95,,,,,,,Fee Schedule,"100% Medicare Lab FS. ",3.95,,,,,,,Fee Schedule,"100% Medicare Lab FS. ",9.91,,,,,,,Fee Schedule,"250.886075949367 % Medicare Physician FS TC Rates Only. ",9.91,,,,,,,Fee Schedule,"250.886075949367 % Medicare Physician FS TC Rates Only. ",3.95,,,,,,,Fee Schedule,"100% Medicare Lab FS. ",8.92,,,,,,,Fee Schedule,"150 % 2018 Cigna RBRVS fee schedule. ",4.39,,,,,,,Fee Schedule,"100 % 2019 CMS Clinical Lab National Limit Pub 20190115. ",4.39,,,,,,,Fee Schedule,"100 % 2019 CMS Clinical Lab National Limit Pub 20190115. ",3.95,,,,,,,Fee Schedule,"100% Medicare Lab FS. ",8.92,,,,,,,Fee Schedule,"150 % 2018 Cigna RBRVS fee schedule. ",9.91,,,,,,,Fee Schedule,"250.886075949367 % Medicare Physician FS TC Rates Only. ",9.91,,,,,,,Fee Schedule,"250.886075949367 % Medicare Physician FS TC Rates Only. ",9.91,,,,,,,Fee Schedule,"250.886075949367 % Medicare Physician FS TC Rates Only. ",56.3706,78,,,,,0,percent of total billed charges,78% of Billed Charges. Lesser of 100% of billed charges applies.; No services were performed during the 15 month look back period.,56.3706,78,,,,,0,percent of total billed charges,78% of Billed Charges. Lesser of 100% of billed charges applies.; No services were performed during the 15 month look back period.,56.3706,78,,,,,0,percent of total billed charges,78% of Billed Charges. Lesser of 100% of billed charges applies.; No services were performed during the 15 month look back period.,56.3706,78,,,,,0,percent of total billed charges,78% of Billed Charges. Lesser of 100% of billed charges applies.; No services were performed during the 15 month look back period.,56.3706,78,,,,,0,percent of total billed charges,78% of Billed Charges. Lesser of 100% of billed charges applies.; No services were performed during the 15 month look back period.,56.3706,78,,,,,0,percent of total billed charges,78% of Billed Charges. Lesser of 100% of billed charges applies.; No services were performed during the 15 month look back period.,56.3706,78,,,,,0,percent of total billed charges,78% of Billed Charges. Lesser of 100% of billed charges applies.; No services were performed during the 15 month look back period.,56.3706,78,,,,,0,percent of total billed charges,78% of Billed Charges. Lesser of 100% of billed charges applies.; No services were performed during the 15 month look back period.,56.3706,78,,,,,0,percent of total billed charges,78% of Billed Charges. Lesser of 100% of billed charges applies.; No services were performed during the 15 month look back period.,56.3706,78,,,,,0,percent of total billed charges,78% of Billed Charges. Lesser of 100% of billed charges applies.; No services were performed during the 15 month look back period.,56.3706,78,,,,,0,percent of total billed charges,78% of Billed Charges. Lesser of 100% of billed charges applies.; No services were performed during the 15 month look back period.,7.62,,,,,,,Fee Schedule,"193 % Medicare RBRVS. ",12.92,,,,,,,Fee Schedule,"238 % 2013 Manhattan Medicare. ",8.92,,,,,,,Fee Schedule,"150 % 2018 Cigna RBRVS fee schedule. ",3.95,,,,,,,Fee Schedule,"100% Medicare Lab FS. ",9.91,,,,,,,Fee Schedule,"250.886075949367 % Medicare Physician FS TC Rates Only. ",8.92,,,,,,,Fee Schedule,"150 % 2018 Cigna RBRVS fee schedule. ",8.92,,,,,,,Fee Schedule,"150 % 2018 Cigna RBRVS fee schedule. ",56.3706,78,,,,,0,percent of total billed charges,78% of Billed Charges. Lesser of 100% of billed charges applies.; No services were performed during the 15 month look back period.,152.6,,,,,,,Case Rate,"141 Percent of current Medicare RBRVS FeeSched. ",8.92,,,,,,,Fee Schedule,"150 % 2018 Cigna RBRVS fee schedule. ",71.31,,,,,,,Case Rate,"100 Percent of Medicaid APG. ",3.95,,,,,,,Fee Schedule,"100% Medicare Lab FS. ",3.95,,,,,,,Fee Schedule,"100% Medicare Lab FS. ",3.95,,,,,,,Fee Schedule,"100% Medicare Lab FS. ",3.95,,,,,,,Fee Schedule,"100% Medicare Lab FS. ",3.95,,,,,,,Fee Schedule,"100% Medicare Lab FS. ",3.95,,,,,,,Fee Schedule,"100% Medicare Lab FS. ",8.92,,,,,,,Fee Schedule,"150 % 2018 Cigna RBRVS fee schedule. ",36.135,50,,,,,0,percent of total billed charges,50 percent of billed charges; No services were performed during the 15 month look back period.,6.32,,,,,,,Fee Schedule,"160 Percent of Medicare Laboratory. ",6.32,,,,,,,Fee Schedule,"160 Percent of Medicare Laboratory. ",6.32,,,,,,,Fee Schedule,"160 Percent of Medicare Laboratory. ",6.32,,,,,,,Fee Schedule,"160 Percent of Medicare Laboratory. ",6.32,,,,,,,Fee Schedule,"160 Percent of Medicare Laboratory. ",,,,,,,,,"NA. ",36.135,50,,,,,0,percent of total billed charges,50 percent of billed charges; No services were performed during the 15 month look back period.,5.57,,,,,,,Fee Schedule,141 Percent of of Medicare Lab FS. Metroplus will reimburse unlisted codes and described codes with no Medicare rate at 50 percent of charges.,5.57,,,,,,,Fee Schedule,141 Percent of of Medicare Lab FS. Metroplus will reimburse unlisted codes and described codes with no Medicare rate at 50 percent of charges.,5.57,,,,,,,Fee Schedule,141 Percent of of Medicare Lab FS. Metroplus will reimburse unlisted codes and described codes with no Medicare rate at 50 percent of charges.,5.57,,,,,,,Fee Schedule,141 Percent of of Medicare Lab FS. Metroplus will reimburse unlisted codes and described codes with no Medicare rate at 50 percent of charges.,5.57,,,,,,,Fee Schedule,141 Percent of of Medicare Lab FS. Metroplus will reimburse unlisted codes and described codes with no Medicare rate at 50 percent of charges.,3.95,,,,,,,Fee Schedule,"100% Medicare Lab FS. ",7.62,,,,,,,Fee Schedule,"193 % Medicare RBRVS. ",7.62,,,,,,,Fee Schedule,"193 % Medicare RBRVS. ",7.62,,,,,,,Fee Schedule,"193 % Medicare RBRVS. ",7.62,,,,,,,Fee Schedule,"193 % Medicare RBRVS. ",9.91,,,,,,,Fee Schedule,"250.886075949367 % Medicare Physician FS TC Rates Only. ",9.91,,,,,,,Fee Schedule,"250.886075949367 % Medicare Physician FS TC Rates Only. ",9.91,,,,,,,Fee Schedule,"250.886075949367 % Medicare Physician FS TC Rates Only. ",9.91,,,,,,,Fee Schedule,"250.886075949367 % Medicare Physician FS TC Rates Only. ",36.135,50,,,,,0,percent of total billed charges,50 percent of billed charges; No services were performed during the 15 month look back period.,36.135,50,,,,,0,percent of total billed charges,50 percent of billed charges; No services were performed during the 15 month look back period.,3.95,,,,,,,Fee Schedule,"100% Medicare Lab FS. ",3.95,,,,,,,Fee Schedule,"100% Medicare Lab FS. ",3.95,,,,,,,Fee Schedule,"100% Medicare Lab FS. ",12.92,,,,,,,Fee Schedule,"238 % 2013 Manhattan Medicare. ",12.92,,,,,,,Fee Schedule,"238 % 2013 Manhattan Medicare. ",12.92,,,,,,,Fee Schedule,"238 % 2013 Manhattan Medicare. ",36.135,50,,,,,0,percent of total billed charges,50 percent of billed charges; No services were performed during the 15 month look back period.,9.91,,,,,,,Fee Schedule,"250.886075949367 % Medicare Physician FS TC Rates Only. ",3.95,,,,,,,Fee Schedule,"100% Medicare Lab FS. ",12.92,,,,,,,Fee Schedule,"238 % 2013 Manhattan Medicare. ",71.31,,,,,,,Case Rate,"100 Percent of Medicaid APG. ",4.03,,,,,,,Fee Schedule,"102% of Medicare Lab FS. ",4.03,,,,,,,Fee Schedule,"102% of Medicare Lab FS. ",4.03,,,,,,,Fee Schedule,"102% of Medicare Lab FS. ",3.56,,,,,,,Fee schedule,"90 Percent of Medicare RBRVS. ",160.44,,,,,,,Fee Schedule,225% of NYS APG. Lesser of 100% of billed charges applies.,160.44,,,,,,,Fee Schedule,225% of NYS APG. Lesser of 100% of billed charges applies.,160.44,,,,,,,Fee Schedule,225% of NYS APG. Lesser of 100% of billed charges applies.,160.44,,,,,,,Fee Schedule,225% of NYS APG. Lesser of 100% of billed charges applies.,160.44,,,,,,,Fee Schedule,225% of NYS APG. Lesser of 100% of billed charges applies.,4.03,,,,,,,Fee Schedule,"102% of Medicare Lab FS. ",71.31,,,,,,,Case Rate,"100 Percent of Medicaid APG. ",3.95,,,,,,,Fee Schedule,100% Medicaid Fee Schedule. Lesser of 100% of billed charges applies.,160.44,,,,,,,Fee Schedule,225% of NYS APG. Lesser of 100% of billed charges applies.,160.44,,,,,,,Fee Schedule,225% of NYS APG. Lesser of 100% of billed charges applies.,3.95,,,,,,,Fee Schedule,100% Medicaid Fee Schedule. Lesser of 100% of billed charges applies.,3.95,,,,,,,Fee Schedule,100% Medicaid Fee Schedule. Lesser of 100% of billed charges applies.,6.32,,,,,,,Fee Schedule,"160 Percent of Medicare Laboratory. ",3.95,,,,,,,Fee Schedule,"100% Medicare Lab FS. ",3.95,,,,,,,Fee Schedule,"100% Medicare Lab FS. ",9.91,,,,,,,Fee Schedule,"250.886075949367 % Medicare Physician FS TC Rates Only. ",3.95,,,,,,,Fee Schedule,"100% Medicare Lab FS. ",160.44,,,,,,,Fee Schedule,"225 Percent of Medicaid APG. ",160.44,,,,,,,Fee Schedule,"225 Percent of Medicaid APG. ",3.56,,,,,,,Fee schedule,"90 Percent of Medicare RBRVS. ",3.56,,,,,,,Fee schedule,"90 Percent of Medicare RBRVS. ",160.44,,,,,,,Case Rate,225 Percent of Medicaid APG. Covered services not payable under Medicaid Fee Schedules default to a payment of 87.5 percent of charges.,3.56,,,,,,,Fee schedule,90 Percent of Medicare Laboratory. Covered services not payable under Medicaid Fee Schedules default to a payment of 50 percent of charges.,160.44,,,,,,,Case Rate,"100 Percent of Medicaid APG. ",160.44,,,,,,,Case Rate,"100 Percent of Medicaid APG. ",160.44,,,,,,,Case Rate,"100 Percent of Medicaid APG. ",160.44,,,,,,,Case Rate,"100 Percent of Medicaid APG. ",40.25,,,,,,,Fee Schedule,"1019 % Manhattan Facility Rate. ",36.135,50,,,,,0,percent of total billed charges,50 percent of billed charges; No services were performed during the 15 month look back period.,85.57,,,,,,,Case Rate,"120 Percent of Medicaid APG. Not APG payable, or payable under another fee schedule like ASP/AWP pays at 30% of charges",85.57,,,,,,,Case Rate,"120 Percent of Medicaid APG. Not APG payable, or payable under another fee schedule like ASP/AWP pays at 30% of charges",71.31,,,,,,,Case Rate,"100 Percent of Medicaid APG. Not APG payable, or payable under another fee schedule like ASP/AWP pays at 30% of charges",71.31,,,,,,,Case Rate,"100 Percent of Medicaid APG. Not APG payable, or payable under another fee schedule like ASP/AWP pays at 30% of charges",12.92,,,,,,,Fee Schedule,"238 % 2013 Manhattan Medicare. ",12.92,,,,,,,Fee Schedule,"238 % 2013 Manhattan Medicare. ",3.95,,,,,,,Fee Schedule,"100% Medicare Lab FS. ",12.92,,,,,,,Fee Schedule,"238 % 2013 Manhattan Medicare. ",12.92,,,,,,,Fee Schedule,"238 % 2013 Manhattan Medicare. ",12.92,,,,,,,Fee Schedule,"238 % 2013 Manhattan Medicare. ",12.92,,,,,,,Fee Schedule,"238 % 2013 Manhattan Medicare. ",3.95,,,,,,,Fee Schedule,"100% Medicare Lab FS. ",12.92,,,,,,,Fee Schedule,"238 % 2013 Manhattan Medicare. ",12.92,,,,,,,Fee Schedule,"238 % 2013 Manhattan Medicare. ",9.91,,,,,,,Fee Schedule,"250.886075949367 % Medicare Physician FS TC Rates Only. ",78.44,,,,,,,Fee Schedule,110% of APG. Lesser of 100% of billed charges applies.,3.56,,,,,,,Fee schedule,90 Percent of Medicare Laboratory. Covered services not payable under Medicaid Fee Schedules default to a payment of 50 percent of charges.,160.44,,,,,,,Fee Schedule,225% of NYS APG. Lesser of 100% of billed charges applies.,160.44,,,,,,,Case Rate,225 Percent of Medicaid APG. Covered services not payable under Medicaid Fee Schedules default to a payment of 87.5 percent of charges.,3.56,,,,,,,Fee schedule,90 Percent of Medicare Laboratory. Covered services not payable under Medicaid Fee Schedules default to a payment of 50 percent of charges.,160.44,,,,,,,Fee Schedule,225% of NYS APG. Lesser of 100% of billed charges applies.,160.44,,,,,,,Fee Schedule,225% of NYS APG. Lesser of 100% of billed charges applies.,160.44,,,,,,,Fee Schedule,225% of NYS APG. Lesser of 100% of billed charges applies.,160.44,,,,,,,Fee Schedule,225% of NYS APG. Lesser of 100% of billed charges applies.,160.44,,,,,,,Fee Schedule,225% of NYS APG. Lesser of 100% of billed charges applies.,160.44,,,,,,,Fee Schedule,225% of NYS APG. Lesser of 100% of billed charges applies.,,,,,,,,,"NA. ",,,,,,,,,"NA. ",,,,,,,,,"NA. ",8.92,,,,,,,Fee Schedule,"150 % 2018 Cigna RBRVS fee schedule. ",,,,,,,,,"NA. ",3.95,,,,,,,Fee Schedule,"100% Medicare Lab FS. ",12.75,,,,,,,Fee Schedule,"100 % 1199 Fee Schedule. ",3.95,,,,,,,Fee Schedule,"100% Medicare Lab FS. ",3.95,,,,,,,Fee Schedule,"100% Medicare Lab FS. ",85.57,,,,,,,Case Rate,"120 Percent of Medicaid APG. Not APG payable, or payable under another fee schedule like ASP/AWP pays at 30% of charges",85.57,,,,,,,Case Rate,"120 Percent of Medicaid APG. Not APG payable, or payable under another fee schedule like ASP/AWP pays at 30% of charges",71.31,,,,,,,Case Rate,"100 Percent of Medicaid APG. Not APG payable, or payable under another fee schedule like ASP/AWP pays at 30% of charges",71.31,,,,,,,Case Rate,"100 Percent of Medicaid APG. Not APG payable, or payable under another fee schedule like ASP/AWP pays at 30% of charges",71.31,,,,,,,Case Rate,"100 Percent of Medicaid APG. ",8.57,,,,,,,Fee Schedule,"217 % Medicare RBRVS. ",9.91,,,,,,,Fee Schedule,"250.886075949367 % Medicare Physician FS TC Rates Only. ",10.07,,,,,,,Fee Schedule,"255 % Medicare RBRVS. ",8.92,,,,,,,Fee Schedule,"150 % 2018 Cigna RBRVS fee schedule. ",3.95,,,,,,,Fee Schedule,"100% Medicare Lab FS. ",3.95,,,,,,,Fee Schedule,"100% Medicare Lab FS. ",3.95,,,,,,,Fee Schedule,"100% Medicare Lab FS. ",3.95,,,,,,,Fee Schedule,"100% Medicare Lab FS. ",3.95,,,,,,,Fee Schedule,"100% Medicare Lab FS. ",3.95,,,,,,,Fee Schedule,"100% Medicare Lab FS. ",,,,,,,,,"NA. ",160.44,,,,,,,Fee Schedule,225% of NYS APG. Lesser of 100% of billed charges applies.,3.95,,,,,,,Fee Schedule,100% Medicaid Fee Schedule. Lesser of 100% of billed charges applies.,12.92,,,,,,,Fee Schedule,"238 % 2013 Manhattan Medicare. ",8.57,,,,,,,Fee Schedule,"217 % Medicare RBRVS. ",8.57,,,,,,,Fee Schedule,"217 % Medicare RBRVS. ",8.57,,,,,,,Fee Schedule,"217 % Medicare RBRVS. ",8.57,,,,,,,Fee Schedule,"217 % Medicare RBRVS. ",3.95,,,,,,,Fee Schedule,"100% Medicare Lab FS. ",71.31,,,,,,,Case Rate,"100 Percent of Medicaid APG. ",12.92,,,,,,,Fee Schedule,"238 % 2013 Manhattan Medicare. ",71.31,,,,,,,Case Rate,"100 Percent of Medicaid APG. ",3.95,,,,,,,Fee Schedule,"100% Medicare Lab FS. ",71.31,,,,,,,Case Rate,"100 Percent of Medicaid APG. ",3.95,,,,,,,Fee Schedule,"100% Medicare Lab FS. ",3.95,,,,,,,Fee Schedule,"100% Medicare Lab FS. ",71.31,,,,,,,Case Rate,"100 Percent of Medicaid APG. ",71.31,,,,,,,Case Rate,"100 Percent of Medicaid APG. ",8.57,,,,,,,Fee Schedule,"217 % Medicare RBRVS. ",8.92,,,,,,,Fee Schedule,"150 % 2018 Cigna RBRVS fee schedule. ",56.3706,78,,,,,0,percent of total billed charges,78% of Billed Charges. Lesser of 100% of billed charges applies.; No services were performed during the 15 month look back period.,4.39,,,,,,,Fee Schedule,"100 % 2019 CMS Clinical Lab National Limit Pub 20190115. ",4.39,,,,,,,Fee Schedule,"100 % 2019 CMS Clinical Lab National Limit Pub 20190115. ",9.91,,,,,,,Fee Schedule,"250.886075949367 % Medicare Physician FS TC Rates Only. ",3.87,,,,,,,Fee Schedule,"98% Lab FS. ",7.62,,,,,,,Fee Schedule,"193 % Medicare RBRVS. ",7.62,,,,,,,Fee Schedule,"193 % Medicare RBRVS. ",10.34,,,,,,,Fee Schedule,"190.4 % 2013 Manhattan Medicare. ",10.34,,,,,,,Fee Schedule,"190.4 % 2013 Manhattan Medicare. ",3.95,,,,,,,Fee Schedule,"100% Medicare Lab FS. ",3.95,,,,,,,Fee Schedule,"100% Medicare Lab FS. ",3.95,,,,,,,Fee Schedule,"100% Medicare Lab FS. ",3.95,,,,,,,Fee Schedule,"100% Medicare Lab FS. ",4.39,,,,,,,Fee Schedule,"100 % 2019 CMS Clinical Lab National Limit Pub 20190115. ",12.92,,,,,,,Fee Schedule,"238 % 2013 Manhattan Medicare. ",12.92,,,,,,,Fee Schedule,"238 % 2013 Manhattan Medicare. ",3.95,,,,,,,Fee Schedule,"100% Medicare Lab FS. ",10.34,,,,,,,Fee Schedule,"190.4 % 2013 Manhattan Medicare. ",10.07,,,,,,,Fee Schedule,"255 % Medicare RBRVS. ",85.57,,,,,,,Fee Schedule,"120 Percent of Medicaid APG. ",71.31,,,,,,,Case Rate,"100 Percent of Medicaid APG. ",8.57,,,,,,,Fee Schedule,"217 % Medicare RBRVS. ",11.63,,,,,,,Fee Schedule,"214.2 % 2013 Manhattan Medicare. ",11.63,,,,,,,Fee Schedule,"214.2 % 2013 Manhattan Medicare. ",12.92,,,,,,,Fee Schedule,"238 % 2013 Manhattan Medicare. ",36.135,50,,,,,0,percent of total billed charges,50 percent of billed charges; No services were performed during the 15 month look back period.,3.95,,,,,,,Fee Schedule,"100% Medicare Lab FS. ",74.87,,,,,,,Fee Schedule,105 percent of Medicaid APG. otherwise 105% of Ordered NYS MCD FS or 105% of ASP+6%,74.87,,,,,,,Fee Schedule,105 percent of Medicaid APG. otherwise 105% of Ordered NYS MCD FS or 105% of ASP+6%,74.87,,,,,,,Fee Schedule,105 percent of Medicaid APG. otherwise 105% of Ordered NYS MCD FS or 105% of ASP+6%,96.26,,,,,,,Fee Schedule,135 percent of Medicaid APG. otherwise 135% of Ordered NYS MCD FS or 135% of ASP+6%,4.39,,,,,,,Fee Schedule,"100 % 2019 CMS Clinical Lab National Limit Pub 20190115. ",74.87,,,,,,,Fee Schedule,105 percent of Medicaid APG. otherwise 105% of Ordered NYS MCD FS or 105% of ASP+6%,74.87,,,,,,,Fee Schedule,105 percent of Medicaid APG. otherwise 105% of Ordered NYS MCD FS or 105% of ASP+6%,74.87,,,,,,,Fee Schedule,105 percent of Medicaid APG. otherwise 105% of Ordered NYS MCD FS or 105% of ASP+6%,74.87,,,,,,,Fee Schedule,105 percent of Medicaid APG. otherwise 105% of Ordered NYS MCD FS or 105% of ASP+6%,74.87,,,,,,,Fee Schedule,105 percent of Medicaid APG. otherwise 105% of Ordered NYS MCD FS or 105% of ASP+6%,96.26,,,,,,,Fee Schedule,135 percent of Medicaid APG. otherwise 135% of Ordered NYS MCD FS or 135% of ASP+6%,96.26,,,,,,,Fee Schedule,135 percent of Medicaid APG. otherwise 135% of Ordered NYS MCD FS or 135% of ASP+6%,3.95,,,,,,,Fee Schedule,"100% Medicare Lab FS. ",4.39,,,,,,,Fee Schedule,"100 % 2019 CMS Clinical Lab National Limit Pub 20190115. ",3.95,,,,,,,Fee Schedule,"100% Medicare Lab FS. ",74.87,,,,,,,Fee Schedule,105 percent of Medicaid APG. otherwise 105% of Ordered NYS MCD FS or 105% of ASP+6%,12.92,,,,,,,Fee Schedule,"238 % 2013 Manhattan Medicare. ",3.95,,,,,,,Fee Schedule,"100% Medicare Lab FS. ",12.92,,,,,,,Fee Schedule,"238 % 2013 Manhattan Medicare. ",12.92,,,,,,,Fee Schedule,"238 % 2013 Manhattan Medicare. ",12.92,,,,,,,Fee Schedule,"238 % 2013 Manhattan Medicare. ",74.87,,,,,,,Fee Schedule,105 percent of Medicaid APG. otherwise 105% of Ordered NYS MCD FS or 105% of ASP+6%,3.95,,,,,,,Fee Schedule,"100% Medicare Lab FS. ",12.92,,,,,,,Fee Schedule,"238 % 2013 Manhattan Medicare. ",96.26,,,,,,,Fee Schedule,135 percent of Medicaid APG. otherwise 135% of Ordered NYS MCD FS or 135% of ASP+6%,12.92,,,,,,,Fee Schedule,"238 % 2013 Manhattan Medicare. ",5.93,,,,,,,Fee Schedule,"150% of Medicare Lab FS. ",3.95,,,,,,,Fee Schedule,"100% Medicare Lab FS. ",8.57,,,,,,,Fee Schedule,"217 % Medicare RBRVS. ",8.57,,,,,,,Fee Schedule,"217 % Medicare RBRVS. ",8.57,,,,,,,Fee Schedule,"217 % Medicare RBRVS. ",8.57,,,,,,,Fee Schedule,"217 % Medicare RBRVS. ",8.57,,,,,,,Fee Schedule,"217 % Medicare RBRVS. ",10.07,,,,,,,Fee Schedule,"255 % Medicare RBRVS. ",10.07,,,,,,,Fee Schedule,"255 % Medicare RBRVS. ",8.57,,,,,,,Fee Schedule,"217 % Medicare RBRVS. ",8.57,,,,,,,Fee Schedule,"217 % Medicare RBRVS. ",8.57,,,,,,,Fee Schedule,"217 % Medicare RBRVS. ",8.57,,,,,,,Fee Schedule,"217 % Medicare RBRVS. ",8.57,,,,,,,Fee Schedule,"217 % Medicare RBRVS. ",3.95,,,,,,,Fee Schedule,"100% Medicare Lab FS. ",10.07,,,,,,,Fee Schedule,"255 % Medicare RBRVS. ",3.95,,,,,,,Fee Schedule,"100% Medicare Lab FS. ",160.44,,,,,,,Case Rate,"225 Percent of Medicaid APG. If not included in Medicaid APG, then 100 Percent of Manhattan Medicare",71.31,,,,,,,Case Rate,"100 Percent of Medicaid APG. If not priced under APG, then Metroplus FeeSched",4.39,,,,,,,Fee Schedule,"100 % 2019 CMS Clinical Lab National Limit Pub 20190115. ",4.39,,,,,,,Fee Schedule,"100 % 2019 CMS Clinical Lab National Limit Pub 20190115. ",3.95,,,,,,,Fee Schedule,"100% Medicare Lab FS. ",7.62,,,,,,,Fee Schedule,"193 % Medicare RBRVS. ",3.95,,,,,,,Fee Schedule,"100% Medicare Lab FS. ",3.95,,,,,,,Fee Schedule,"100% Medicare Lab FS. ",9.91,,,,,,,Fee Schedule,"250.886075949367 % Medicare Physician FS TC Rates Only. ",3.95,,,,,,,Fee Schedule,"100% Medicare Lab FS. ",8.92,,,,,,,Fee Schedule,"150 % 2018 Cigna RBRVS fee schedule. ",3.95,,,,,,,Fee Schedule,"100% Medicare Lab FS. ",8.92,,,,,,,Fee Schedule,"150 % 2018 Cigna RBRVS fee schedule. ",9.91,,,,,,,Fee Schedule,"250.886075949367 % Medicare Physician FS TC Rates Only. ",8.92,,,,,,,Fee Schedule,"150 % 2018 Cigna RBRVS fee schedule. ",3.95,,,,,,,Fee Schedule,"100% Medicare Lab FS. ",71.31,,,,,,,Case Rate,"100 Percent of Medicaid APG. ",3.95,,,,,,,Fee Schedule,"100% Medicare Lab FS. ",8.92,,,,,,,Fee Schedule,"150 % 2018 Cigna RBRVS fee schedule. ",4.39,,,,,,,Fee Schedule,"100 % 2019 CMS Clinical Lab National Limit Pub 20190115. ",71.31,,,,,,,Case Rate,"100 Percent of Medicaid APG. ",12.92,,,,,,,Fee Schedule,"238 % 2013 Manhattan Medicare. ",85.57,,,,,,,Fee Schedule,"120 Percent of Medicaid APG. ",85.57,,,,,,,Fee Schedule,"120 Percent of Medicaid APG. ",12.92,,,,,,,Fee Schedule,"238 % 2013 Manhattan Medicare. ",12.92,,,,,,,Fee Schedule,"238 % 2013 Manhattan Medicare. ",12.92,,,,,,,Fee Schedule,"238 % 2013 Manhattan Medicare. ",4.39,,,,,,,Fee Schedule,"100 % 2019 CMS Clinical Lab National Limit Pub 20190115. ",12.92,,,,,,,Fee Schedule,"238 % 2013 Manhattan Medicare. ",12.92,,,,,,,Fee Schedule,"238 % 2013 Manhattan Medicare. ",12.92,,,,,,,Fee Schedule,"238 % 2013 Manhattan Medicare. ",8.57,,,,,,,Fee Schedule,"217 % Medicare RBRVS. ",8.57,,,,,,,Fee Schedule,"217 % Medicare RBRVS. ",5.57,,,,,,,Fee Schedule,141 Percent of of Medicare Lab FS. Metroplus will reimburse unlisted codes and described codes with no Medicare rate at 50 percent of charges.,71.31,,,,,,,Case Rate,"100 Percent of Medicaid APG. ",4.39,,,,,,,Fee Schedule,"100 % 2019 CMS Clinical Lab National Limit Pub 20190115. ",8.92,,,,,,,Fee Schedule,"150 % 2018 Cigna RBRVS fee schedule. ",9.91,,,,,,,Fee Schedule,"250.886075949367 % Medicare Physician FS TC Rates Only. ",4.39,,,,,,,Fee Schedule,"100 % 2019 CMS Clinical Lab National Limit Pub 20190115. ",9.91,,,,,,,Fee Schedule,"250.886075949367 % Medicare Physician FS TC Rates Only. ",4.39,,,,,,,Fee Schedule,"100 % 2019 CMS Clinical Lab National Limit Pub 20190115. ",12.92,,,,,,,Fee Schedule,"238 % 2013 Manhattan Medicare. ",12.92,,,,,,,Fee Schedule,"238 % 2013 Manhattan Medicare. ",12.92,,,,,,,Fee Schedule,"238 % 2013 Manhattan Medicare. ",12.92,,,,,,,Fee Schedule,"238 % 2013 Manhattan Medicare. ",3.95,,,,,,,Fee Schedule,"100% Medicare Lab FS. ",3.56,160.44,
85306,CPT,2021627,LOCAL,305,RC,HC CLTNG NHBTORS PROTEIN S FR,230.12,18.38,both,,,,20,,,,,,,Fee Schedule,"100 % 1199 Fee Schedule. ",20,,,,,,,Fee Schedule,"100 % 1199 Fee Schedule. ",38.45,,,,,,,Fee Schedule,"250.97911227154 % Medicare Physician FS TC Rates Only. ",230.12,100,,,,,0,percent of total billed charges,100 percent of billed charges. ; No services were performed during the 15 month look back period.,15.32,,,,,,,Fee Schedule,"100% Medicare Lab FS. ",38.45,,,,,,,Fee Schedule,"250.97911227154 % Medicare Physician FS TC Rates Only. ",38.45,,,,,,,Fee Schedule,"250.97911227154 % Medicare Physician FS TC Rates Only. ",38.45,,,,,,,Fee Schedule,"250.97911227154 % Medicare Physician FS TC Rates Only. ",93.59,,,,,,,Case Rate,"100 Percent of Medicaid APG. ",77.99,,,,,,,Case Rate,"100 Percent of Medicaid APG. ",179.4936,78,,,,,0,percent of total billed charges,78% of Billed Charges. Lesser of 100% of billed charges applies.; No services were performed during the 15 month look back period.,17.03,,,,,,,Fee Schedule,"100 % 2019 CMS Clinical Lab National Limit Pub 20190115. ",77.99,,,,,,,Case Rate,"100 Percent of Medicaid APG. ",15.32,,,,,,,Fee Schedule,"100% Medicare Lab FS. ",33.77,,,,,,,Fee Schedule,"150 % 2018 Cigna RBRVS fee schedule. ",33.77,,,,,,,Fee Schedule,"150 % 2018 Cigna RBRVS fee schedule. ",33.77,,,,,,,Fee Schedule,"150 % 2018 Cigna RBRVS fee schedule. ",33.77,,,,,,,Fee Schedule,"150 % 2018 Cigna RBRVS fee schedule. ",13.79,,,,,,,Fee schedule,90 Percent of Medicare Laboratory. Covered services not payable under Medicaid Fee Schedules default to a payment of 50 percent of charges.,15.32,,,,,,,Fee Schedule,"100% Medicare Lab FS. ",13.79,,,,,,,Fee schedule,90 Percent of Medicare Laboratory. Covered services not payable under Medicaid Fee Schedules default to a payment of 50 percent of charges.,179.4936,78,,,,,0,percent of total billed charges,78% of Billed Charges. Lesser of 100% of billed charges applies.; No services were performed during the 15 month look back period.,38.45,,,,,,,Fee Schedule,"250.97911227154 % Medicare Physician FS TC Rates Only. ",15.32,,,,,,,Fee Schedule,"100% Medicare Lab FS. ",39.07,,,,,,,Fee Schedule,"255 % Medicare RBRVS. ",15.32,,,,,,,Fee Schedule,"100% Medicare Lab FS. ",15.32,,,,,,,Fee Schedule,"100% Medicare Lab FS. ",179.4936,78,,,,,0,percent of total billed charges,78% of Billed Charges. Lesser of 100% of billed charges applies.; No services were performed during the 15 month look back period.,15.32,,,,,,,Fee Schedule,100% Medicaid Fee Schedule. Lesser of 100% of billed charges applies.,15.32,,,,,,,Fee Schedule,100% Medicaid Fee Schedule. Lesser of 100% of billed charges applies.,13.79,,,,,,,Fee schedule,"90 Percent of Medicare RBRVS. ",13.79,,,,,,,Fee schedule,"90 Percent of Medicare RBRVS. ",39.07,,,,,,,Fee Schedule,"255 % Medicare RBRVS. ",39.07,,,,,,,Fee Schedule,"255 % Medicare RBRVS. ",77.99,,,,,,,Case Rate,"100 Percent of Medicaid APG. Not APG payable, or payable under another fee schedule like ASP/AWP pays at 30% of charges",39.07,,,,,,,Fee Schedule,"255 % Medicare RBRVS. ",77.99,,,,,,,Case Rate,"100 Percent of Medicaid APG. Not APG payable, or payable under another fee schedule like ASP/AWP pays at 30% of charges",15.32,,,,,,,Fee Schedule,"100% Medicare Lab FS. ",39.07,,,,,,,Fee Schedule,"255 % Medicare RBRVS. ",179.4936,78,,,,,0,percent of total billed charges,78% of Billed Charges. Lesser of 100% of billed charges applies.; No services were performed during the 15 month look back period.,77.99,,,,,,,Case Rate,"100 Percent of Medicaid APG. If not priced under APG, then Metroplus FeeSched",77.99,,,,,,,Case Rate,"100 Percent of Medicaid APG. If not priced under APG, then Metroplus FeeSched",179.4936,78,,,,,0,percent of total billed charges,78% of Billed Charges. Lesser of 100% of billed charges applies.; No services were performed during the 15 month look back period.,33.77,,,,,,,Fee Schedule,"150 % 2018 Cigna RBRVS fee schedule. ",17.03,,,,,,,Fee Schedule,"100 % 2019 CMS Clinical Lab National Limit Pub 20190115. ",17.03,,,,,,,Fee Schedule,"100 % 2019 CMS Clinical Lab National Limit Pub 20190115. ",179.4936,78,,,,,0,percent of total billed charges,78% of Billed Charges. Lesser of 100% of billed charges applies.; No services were performed during the 15 month look back period.,15.32,,,,,,,Fee Schedule,"100% Medicare Lab FS. ",17.03,,,,,,,Fee Schedule,"100 % 2019 CMS Clinical Lab National Limit Pub 20190115. ",17.03,,,,,,,Fee Schedule,"100 % 2019 CMS Clinical Lab National Limit Pub 20190115. ",17.03,,,,,,,Fee Schedule,"100 % 2019 CMS Clinical Lab National Limit Pub 20190115. ",15.32,,,,,,,Fee Schedule,"100% Medicare Lab FS. ",17.03,,,,,,,Fee Schedule,"100 % 2019 CMS Clinical Lab National Limit Pub 20190115. ",17.03,,,,,,,Fee Schedule,"100 % 2019 CMS Clinical Lab National Limit Pub 20190115. ",15.32,,,,,,,Fee Schedule,"100% of Medicare Lab FS. ",115.06,50,,,,,0,percent of total billed charges,50 percent of billed charges; No services were performed during the 15 month look back period.,46.74,,,,,,,Fee Schedule,"238 % 2013 Manhattan Medicare. ",46.74,,,,,,,Fee Schedule,"238 % 2013 Manhattan Medicare. ",46.74,,,,,,,Fee Schedule,"238 % 2013 Manhattan Medicare. ",46.74,,,,,,,Fee Schedule,"238 % 2013 Manhattan Medicare. ",46.74,,,,,,,Fee Schedule,"238 % 2013 Manhattan Medicare. ",46.74,,,,,,,Fee Schedule,"238 % 2013 Manhattan Medicare. ",15.32,,,,,,,Fee Schedule,"100% Medicare Lab FS. ",15.32,,,,,,,Fee Schedule,"100% Medicare Lab FS. ",46.74,,,,,,,Fee Schedule,"238 % 2013 Manhattan Medicare. ",179.4936,78,,,,,0,percent of total billed charges,78% of Billed Charges. Lesser of 100% of billed charges applies.; No services were performed during the 15 month look back period.,179.4936,78,,,,,0,percent of total billed charges,78% of Billed Charges. Lesser of 100% of billed charges applies.; No services were performed during the 15 month look back period.,179.4936,78,,,,,0,percent of total billed charges,78% of Billed Charges. Lesser of 100% of billed charges applies.; No services were performed during the 15 month look back period.,179.4936,78,,,,,0,percent of total billed charges,78% of Billed Charges. Lesser of 100% of billed charges applies.; No services were performed during the 15 month look back period.,179.4936,78,,,,,0,percent of total billed charges,78% of Billed Charges. Lesser of 100% of billed charges applies.; No services were performed during the 15 month look back period.,179.4936,78,,,,,0,percent of total billed charges,78% of Billed Charges. Lesser of 100% of billed charges applies.; No services were performed during the 15 month look back period.,179.4936,78,,,,,0,percent of total billed charges,78% of Billed Charges. Lesser of 100% of billed charges applies.; No services were performed during the 15 month look back period.,179.4936,78,,,,,0,percent of total billed charges,78% of Billed Charges. Lesser of 100% of billed charges applies.; No services were performed during the 15 month look back period.,179.4936,78,,,,,0,percent of total billed charges,78% of Billed Charges. Lesser of 100% of billed charges applies.; No services were performed during the 15 month look back period.,179.4936,78,,,,,0,percent of total billed charges,78% of Billed Charges. Lesser of 100% of billed charges applies.; No services were performed during the 15 month look back period.,179.4936,78,,,,,0,percent of total billed charges,78% of Billed Charges. Lesser of 100% of billed charges applies.; No services were performed during the 15 month look back period.,179.4936,78,,,,,0,percent of total billed charges,78% of Billed Charges. Lesser of 100% of billed charges applies.; No services were performed during the 15 month look back period.,179.4936,78,,,,,0,percent of total billed charges,78% of Billed Charges. Lesser of 100% of billed charges applies.; No services were performed during the 15 month look back period.,179.4936,78,,,,,0,percent of total billed charges,78% of Billed Charges. Lesser of 100% of billed charges applies.; No services were performed during the 15 month look back period.,179.4936,78,,,,,0,percent of total billed charges,78% of Billed Charges. Lesser of 100% of billed charges applies.; No services were performed during the 15 month look back period.,179.4936,78,,,,,0,percent of total billed charges,78% of Billed Charges. Lesser of 100% of billed charges applies.; No services were performed during the 15 month look back period.,179.4936,78,,,,,0,percent of total billed charges,78% of Billed Charges. Lesser of 100% of billed charges applies.; No services were performed during the 15 month look back period.,179.4936,78,,,,,0,percent of total billed charges,78% of Billed Charges. Lesser of 100% of billed charges applies.; No services were performed during the 15 month look back period.,179.4936,78,,,,,0,percent of total billed charges,78% of Billed Charges. Lesser of 100% of billed charges applies.; No services were performed during the 15 month look back period.,179.4936,78,,,,,0,percent of total billed charges,78% of Billed Charges. Lesser of 100% of billed charges applies.; No services were performed during the 15 month look back period.,179.4936,78,,,,,0,percent of total billed charges,78% of Billed Charges. Lesser of 100% of billed charges applies.; No services were performed during the 15 month look back period.,179.4936,78,,,,,0,percent of total billed charges,78% of Billed Charges. Lesser of 100% of billed charges applies.; No services were performed during the 15 month look back period.,179.4936,78,,,,,0,percent of total billed charges,78% of Billed Charges. Lesser of 100% of billed charges applies.; No services were performed during the 15 month look back period.,179.4936,78,,,,,0,percent of total billed charges,78% of Billed Charges. Lesser of 100% of billed charges applies.; No services were performed during the 15 month look back period.,179.4936,78,,,,,0,percent of total billed charges,78% of Billed Charges. Lesser of 100% of billed charges applies.; No services were performed during the 15 month look back period.,179.4936,78,,179.49,179.49,179.49,1 through 10,percent of total billed charges,78% of Billed Charges. Lesser of 100% of billed charges applies.,39.07,,,,,,,Fee Schedule,"255 % Medicare RBRVS. ",39.07,,,,,,,Fee Schedule,"255 % Medicare RBRVS. ",39.07,,,,,,,Fee Schedule,"255 % Medicare RBRVS. ",39.07,,,,,,,Fee Schedule,"255 % Medicare RBRVS. ",29.57,,,,,,,Fee Schedule,"193 % Medicare RBRVS. ",29.57,,,,,,,Fee Schedule,"193 % Medicare RBRVS. ",33.77,,,,,,,Fee Schedule,"150 % 2018 Cigna RBRVS fee schedule. ",46.74,,,,,,,Fee Schedule,"238 % 2013 Manhattan Medicare. ",17.03,,,,,,,Fee Schedule,"100 % 2019 CMS Clinical Lab National Limit Pub 20190115. ",46.74,,,,,,,Fee Schedule,"238 % 2013 Manhattan Medicare. ",179.4936,78,,,,,0,percent of total billed charges,78% of Billed Charges. Lesser of 100% of billed charges applies.; No services were performed during the 15 month look back period.,29.57,,,,,,,Fee Schedule,"193 % Medicare RBRVS. ",46.74,,,,,,,Fee Schedule,"238 % 2013 Manhattan Medicare. ",17.03,,,,,,,Fee Schedule,"100 % 2019 CMS Clinical Lab National Limit Pub 20190115. ",33.77,,,,,,,Fee Schedule,"150 % 2018 Cigna RBRVS fee schedule. ",,,,,,,,,"NA. ",179.4936,78,,,,,0,percent of total billed charges,78% of Billed Charges. Lesser of 100% of billed charges applies.; No services were performed during the 15 month look back period.,77.99,,,,,,,Case Rate,"100 Percent of Medicaid APG. ",39.07,,,,,,,Fee Schedule,"255 % Medicare RBRVS. ",77.99,,,,,,,Case Rate,"100 Percent of Medicaid APG. Not APG payable, or payable under another fee schedule like ASP/AWP pays at 30% of charges",15.32,,,,,,,Fee Schedule,"100% Medicare Lab FS. ",15.32,,,,,,,Fee Schedule,"100% Medicare Lab FS. ",115.06,50,,,,,0,percent of total billed charges,50 percent of billed charges; No services were performed during the 15 month look back period.,15.32,,,,,,,Fee Schedule,"100% Medicare Lab FS. ",15.32,,,,,,,Fee Schedule,"100% Medicare Lab FS. ",77.99,,,,,,,Case Rate,"100 Percent of Medicaid APG. ",15.32,,,,,,,Fee Schedule,"100% Medicare Lab FS. ",15.32,,,,,,,Fee Schedule,"100% Medicare Lab FS. ",38.45,,,,,,,Fee Schedule,"250.97911227154 % Medicare Physician FS TC Rates Only. ",38.45,,,,,,,Fee Schedule,"250.97911227154 % Medicare Physician FS TC Rates Only. ",15.32,,,,,,,Fee Schedule,"100% Medicare Lab FS. ",33.77,,,,,,,Fee Schedule,"150 % 2018 Cigna RBRVS fee schedule. ",17.03,,,,,,,Fee Schedule,"100 % 2019 CMS Clinical Lab National Limit Pub 20190115. ",17.03,,,,,,,Fee Schedule,"100 % 2019 CMS Clinical Lab National Limit Pub 20190115. ",15.32,,,,,,,Fee Schedule,"100% Medicare Lab FS. ",33.77,,,,,,,Fee Schedule,"150 % 2018 Cigna RBRVS fee schedule. ",38.45,,,,,,,Fee Schedule,"250.97911227154 % Medicare Physician FS TC Rates Only. ",38.45,,,,,,,Fee Schedule,"250.97911227154 % Medicare Physician FS TC Rates Only. ",38.45,,,,,,,Fee Schedule,"250.97911227154 % Medicare Physician FS TC Rates Only. ",179.4936,78,,,,,0,percent of total billed charges,78% of Billed Charges. Lesser of 100% of billed charges applies.; No services were performed during the 15 month look back period.,179.4936,78,,,,,0,percent of total billed charges,78% of Billed Charges. Lesser of 100% of billed charges applies.; No services were performed during the 15 month look back period.,179.4936,78,,,,,0,percent of total billed charges,78% of Billed Charges. Lesser of 100% of billed charges applies.; No services were performed during the 15 month look back period.,179.4936,78,,,,,0,percent of total billed charges,78% of Billed Charges. Lesser of 100% of billed charges applies.; No services were performed during the 15 month look back period.,179.4936,78,,,,,0,percent of total billed charges,78% of Billed Charges. Lesser of 100% of billed charges applies.; No services were performed during the 15 month look back period.,179.4936,78,,,,,0,percent of total billed charges,78% of Billed Charges. Lesser of 100% of billed charges applies.; No services were performed during the 15 month look back period.,179.4936,78,,,,,0,percent of total billed charges,78% of Billed Charges. Lesser of 100% of billed charges applies.; No services were performed during the 15 month look back period.,179.4936,78,,,,,0,percent of total billed charges,78% of Billed Charges. Lesser of 100% of billed charges applies.; No services were performed during the 15 month look back period.,179.4936,78,,,,,0,percent of total billed charges,78% of Billed Charges. Lesser of 100% of billed charges applies.; No services were performed during the 15 month look back period.,179.4936,78,,,,,0,percent of total billed charges,78% of Billed Charges. Lesser of 100% of billed charges applies.; No services were performed during the 15 month look back period.,179.4936,78,,,,,0,percent of total billed charges,78% of Billed Charges. Lesser of 100% of billed charges applies.; No services were performed during the 15 month look back period.,29.57,,,,,,,Fee Schedule,"193 % Medicare RBRVS. ",46.74,,,,,,,Fee Schedule,"238 % 2013 Manhattan Medicare. ",33.77,,,,,,,Fee Schedule,"150 % 2018 Cigna RBRVS fee schedule. ",15.32,,,,,,,Fee Schedule,"100% Medicare Lab FS. ",38.45,,,,,,,Fee Schedule,"250.97911227154 % Medicare Physician FS TC Rates Only. ",33.77,,,,,,,Fee Schedule,"150 % 2018 Cigna RBRVS fee schedule. ",33.77,,,,,,,Fee Schedule,"150 % 2018 Cigna RBRVS fee schedule. ",179.4936,78,,,,,0,percent of total billed charges,78% of Billed Charges. Lesser of 100% of billed charges applies.; No services were performed during the 15 month look back period.,166.9,,,,,,,Case Rate,"141 Percent of current Medicare RBRVS FeeSched. ",33.77,,,,,,,Fee Schedule,"150 % 2018 Cigna RBRVS fee schedule. ",77.99,,,,,,,Case Rate,"100 Percent of Medicaid APG. ",15.32,,,,,,,Fee Schedule,"100% Medicare Lab FS. ",15.32,,,,,,,Fee Schedule,"100% Medicare Lab FS. ",15.32,,,,,,,Fee Schedule,"100% Medicare Lab FS. ",15.32,,,,,,,Fee Schedule,"100% Medicare Lab FS. ",15.32,,,,,,,Fee Schedule,"100% Medicare Lab FS. ",15.32,,,,,,,Fee Schedule,"100% Medicare Lab FS. ",33.77,,,,,,,Fee Schedule,"150 % 2018 Cigna RBRVS fee schedule. ",115.06,50,,,,,0,percent of total billed charges,50 percent of billed charges; No services were performed during the 15 month look back period.,24.51,,,,,,,Fee Schedule,"160 Percent of Medicare Laboratory. ",24.51,,,,,,,Fee Schedule,"160 Percent of Medicare Laboratory. ",24.51,,,,,,,Fee Schedule,"160 Percent of Medicare Laboratory. ",24.51,,,,,,,Fee Schedule,"160 Percent of Medicare Laboratory. ",24.51,,,,,,,Fee Schedule,"160 Percent of Medicare Laboratory. ",,,,,,,,,"NA. ",115.06,50,,,,,0,percent of total billed charges,50 percent of billed charges; No services were performed during the 15 month look back period.,21.6,,,,,,,Fee Schedule,141 Percent of of Medicare Lab FS. Metroplus will reimburse unlisted codes and described codes with no Medicare rate at 50 percent of charges.,21.6,,,,,,,Fee Schedule,141 Percent of of Medicare Lab FS. Metroplus will reimburse unlisted codes and described codes with no Medicare rate at 50 percent of charges.,21.6,,,,,,,Fee Schedule,141 Percent of of Medicare Lab FS. Metroplus will reimburse unlisted codes and described codes with no Medicare rate at 50 percent of charges.,21.6,,,,,,,Fee Schedule,141 Percent of of Medicare Lab FS. Metroplus will reimburse unlisted codes and described codes with no Medicare rate at 50 percent of charges.,21.6,,,,,,,Fee Schedule,141 Percent of of Medicare Lab FS. Metroplus will reimburse unlisted codes and described codes with no Medicare rate at 50 percent of charges.,15.32,,,,,,,Fee Schedule,"100% Medicare Lab FS. ",29.57,,,,,,,Fee Schedule,"193 % Medicare RBRVS. ",29.57,,,,,,,Fee Schedule,"193 % Medicare RBRVS. ",29.57,,,,,,,Fee Schedule,"193 % Medicare RBRVS. ",29.57,,,,,,,Fee Schedule,"193 % Medicare RBRVS. ",38.45,,,,,,,Fee Schedule,"250.97911227154 % Medicare Physician FS TC Rates Only. ",38.45,,,,,,,Fee Schedule,"250.97911227154 % Medicare Physician FS TC Rates Only. ",38.45,,,,,,,Fee Schedule,"250.97911227154 % Medicare Physician FS TC Rates Only. ",38.45,,,,,,,Fee Schedule,"250.97911227154 % Medicare Physician FS TC Rates Only. ",115.06,50,,,,,0,percent of total billed charges,50 percent of billed charges; No services were performed during the 15 month look back period.,115.06,50,,,,,0,percent of total billed charges,50 percent of billed charges; No services were performed during the 15 month look back period.,15.32,,,,,,,Fee Schedule,"100% Medicare Lab FS. ",15.32,,,,,,,Fee Schedule,"100% Medicare Lab FS. ",15.32,,,,,,,Fee Schedule,"100% Medicare Lab FS. ",46.74,,,,,,,Fee Schedule,"238 % 2013 Manhattan Medicare. ",46.74,,,,,,,Fee Schedule,"238 % 2013 Manhattan Medicare. ",46.74,,,,,,,Fee Schedule,"238 % 2013 Manhattan Medicare. ",115.06,50,,,,,0,percent of total billed charges,50 percent of billed charges; No services were performed during the 15 month look back period.,38.45,,,,,,,Fee Schedule,"250.97911227154 % Medicare Physician FS TC Rates Only. ",15.32,,,,,,,Fee Schedule,"100% Medicare Lab FS. ",46.74,,,,,,,Fee Schedule,"238 % 2013 Manhattan Medicare. ",77.99,,,,,,,Case Rate,"100 Percent of Medicaid APG. ",15.63,,,,,,,Fee Schedule,"102% of Medicare Lab FS. ",15.63,,,,,,,Fee Schedule,"102% of Medicare Lab FS. ",15.63,,,,,,,Fee Schedule,"102% of Medicare Lab FS. ",13.79,,,,,,,Fee schedule,"90 Percent of Medicare RBRVS. ",175.48,,,,,,,Fee Schedule,225% of NYS APG. Lesser of 100% of billed charges applies.,175.48,,,,,,,Fee Schedule,225% of NYS APG. Lesser of 100% of billed charges applies.,175.48,,,,,,,Fee Schedule,225% of NYS APG. Lesser of 100% of billed charges applies.,175.48,,,,,,,Fee Schedule,225% of NYS APG. Lesser of 100% of billed charges applies.,175.48,,,,,,,Fee Schedule,225% of NYS APG. Lesser of 100% of billed charges applies.,15.63,,,,,,,Fee Schedule,"102% of Medicare Lab FS. ",77.99,,,,,,,Case Rate,"100 Percent of Medicaid APG. ",15.32,,,,,,,Fee Schedule,100% Medicaid Fee Schedule. Lesser of 100% of billed charges applies.,175.48,,,,,,,Fee Schedule,225% of NYS APG. Lesser of 100% of billed charges applies.,175.48,,,,,,,Fee Schedule,225% of NYS APG. Lesser of 100% of billed charges applies.,15.32,,,,,,,Fee Schedule,100% Medicaid Fee Schedule. Lesser of 100% of billed charges applies.,15.32,,,,,,,Fee Schedule,100% Medicaid Fee Schedule. Lesser of 100% of billed charges applies.,24.51,,,,,,,Fee Schedule,"160 Percent of Medicare Laboratory. ",15.32,,,,,,,Fee Schedule,"100% Medicare Lab FS. ",15.32,,,,,,,Fee Schedule,"100% Medicare Lab FS. ",38.45,,,,,,,Fee Schedule,"250.97911227154 % Medicare Physician FS TC Rates Only. ",15.32,,,,,,,Fee Schedule,"100% Medicare Lab FS. ",175.48,,,,,,,Fee Schedule,"225 Percent of Medicaid APG. ",175.48,,,,,,,Fee Schedule,"225 Percent of Medicaid APG. ",13.79,,,,,,,Fee schedule,"90 Percent of Medicare RBRVS. ",13.79,,,,,,,Fee schedule,"90 Percent of Medicare RBRVS. ",175.48,,,,,,,Case Rate,225 Percent of Medicaid APG. Covered services not payable under Medicaid Fee Schedules default to a payment of 87.5 percent of charges.,13.79,,,,,,,Fee schedule,90 Percent of Medicare Laboratory. Covered services not payable under Medicaid Fee Schedules default to a payment of 50 percent of charges.,175.48,,,,,,,Case Rate,"100 Percent of Medicaid APG. ",175.48,,,,,,,Case Rate,"100 Percent of Medicaid APG. ",175.48,,,,,,,Case Rate,"100 Percent of Medicaid APG. ",175.48,,,,,,,Case Rate,"100 Percent of Medicaid APG. ",156.11,,,,,,,Fee Schedule,"1019 % Manhattan Facility Rate. ",115.06,50,,,,,0,percent of total billed charges,50 percent of billed charges; No services were performed during the 15 month look back period.,93.59,,,,,,,Case Rate,"120 Percent of Medicaid APG. Not APG payable, or payable under another fee schedule like ASP/AWP pays at 30% of charges",93.59,,,,,,,Case Rate,"120 Percent of Medicaid APG. Not APG payable, or payable under another fee schedule like ASP/AWP pays at 30% of charges",77.99,,,,,,,Case Rate,"100 Percent of Medicaid APG. Not APG payable, or payable under another fee schedule like ASP/AWP pays at 30% of charges",77.99,,,,,,,Case Rate,"100 Percent of Medicaid APG. Not APG payable, or payable under another fee schedule like ASP/AWP pays at 30% of charges",46.74,,,,,,,Fee Schedule,"238 % 2013 Manhattan Medicare. ",46.74,,,,,,,Fee Schedule,"238 % 2013 Manhattan Medicare. ",15.32,,,,,,,Fee Schedule,"100% Medicare Lab FS. ",46.74,,,,,,,Fee Schedule,"238 % 2013 Manhattan Medicare. ",46.74,,,,,,,Fee Schedule,"238 % 2013 Manhattan Medicare. ",46.74,,,,,,,Fee Schedule,"238 % 2013 Manhattan Medicare. ",46.74,,,,,,,Fee Schedule,"238 % 2013 Manhattan Medicare. ",15.32,,,,,,,Fee Schedule,"100% Medicare Lab FS. ",46.74,,,,,,,Fee Schedule,"238 % 2013 Manhattan Medicare. ",46.74,,,,,,,Fee Schedule,"238 % 2013 Manhattan Medicare. ",38.45,,,,,,,Fee Schedule,"250.97911227154 % Medicare Physician FS TC Rates Only. ",85.79,,,,,,,Fee Schedule,110% of APG. Lesser of 100% of billed charges applies.,13.79,,,,,,,Fee schedule,90 Percent of Medicare Laboratory. Covered services not payable under Medicaid Fee Schedules default to a payment of 50 percent of charges.,175.48,,,,,,,Fee Schedule,225% of NYS APG. Lesser of 100% of billed charges applies.,175.48,,,,,,,Case Rate,225 Percent of Medicaid APG. Covered services not payable under Medicaid Fee Schedules default to a payment of 87.5 percent of charges.,13.79,,,,,,,Fee schedule,90 Percent of Medicare Laboratory. Covered services not payable under Medicaid Fee Schedules default to a payment of 50 percent of charges.,175.48,,,,,,,Fee Schedule,225% of NYS APG. Lesser of 100% of billed charges applies.,175.48,,,,,,,Fee Schedule,225% of NYS APG. Lesser of 100% of billed charges applies.,175.48,,,,,,,Fee Schedule,225% of NYS APG. Lesser of 100% of billed charges applies.,175.48,,,,,,,Fee Schedule,225% of NYS APG. Lesser of 100% of billed charges applies.,175.48,,,,,,,Fee Schedule,225% of NYS APG. Lesser of 100% of billed charges applies.,175.48,,,,,,,Fee Schedule,225% of NYS APG. Lesser of 100% of billed charges applies.,,,,,,,,,"NA. ",,,,,,,,,"NA. ",,,,,,,,,"NA. ",33.77,,,,,,,Fee Schedule,"150 % 2018 Cigna RBRVS fee schedule. ",,,,,,,,,"NA. ",15.32,,,,,,,Fee Schedule,"100% Medicare Lab FS. ",20,,,,,,,Fee Schedule,"100 % 1199 Fee Schedule. ",15.32,,,,,,,Fee Schedule,"100% Medicare Lab FS. ",15.32,,,,,,,Fee Schedule,"100% Medicare Lab FS. ",93.59,,,,,,,Case Rate,"120 Percent of Medicaid APG. Not APG payable, or payable under another fee schedule like ASP/AWP pays at 30% of charges",93.59,,,,,,,Case Rate,"120 Percent of Medicaid APG. Not APG payable, or payable under another fee schedule like ASP/AWP pays at 30% of charges",77.99,,,,,,,Case Rate,"100 Percent of Medicaid APG. Not APG payable, or payable under another fee schedule like ASP/AWP pays at 30% of charges",77.99,,,,,,,Case Rate,"100 Percent of Medicaid APG. Not APG payable, or payable under another fee schedule like ASP/AWP pays at 30% of charges",77.99,,,,,,,Case Rate,"100 Percent of Medicaid APG. ",33.24,,,,,,,Fee Schedule,"217 % Medicare RBRVS. ",38.45,,,,,,,Fee Schedule,"250.97911227154 % Medicare Physician FS TC Rates Only. ",39.07,,,,,,,Fee Schedule,"255 % Medicare RBRVS. ",33.77,,,,,,,Fee Schedule,"150 % 2018 Cigna RBRVS fee schedule. ",15.32,,,,,,,Fee Schedule,"100% Medicare Lab FS. ",15.32,,,,,,,Fee Schedule,"100% Medicare Lab FS. ",15.32,,,,,,,Fee Schedule,"100% Medicare Lab FS. ",15.32,,,,,,,Fee Schedule,"100% Medicare Lab FS. ",15.32,,,,,,,Fee Schedule,"100% Medicare Lab FS. ",15.32,,,,,,,Fee Schedule,"100% Medicare Lab FS. ",,,,,,,,,"NA. ",175.48,,,,,,,Fee Schedule,225% of NYS APG. Lesser of 100% of billed charges applies.,15.32,,,,,,,Fee Schedule,100% Medicaid Fee Schedule. Lesser of 100% of billed charges applies.,46.74,,,,,,,Fee Schedule,"238 % 2013 Manhattan Medicare. ",33.24,,,,,,,Fee Schedule,"217 % Medicare RBRVS. ",33.24,,,,,,,Fee Schedule,"217 % Medicare RBRVS. ",33.24,,,,,,,Fee Schedule,"217 % Medicare RBRVS. ",33.24,,,,,,,Fee Schedule,"217 % Medicare RBRVS. ",15.32,,,,,,,Fee Schedule,"100% Medicare Lab FS. ",77.99,,,,,,,Case Rate,"100 Percent of Medicaid APG. ",46.74,,,,,,,Fee Schedule,"238 % 2013 Manhattan Medicare. ",77.99,,,,,,,Case Rate,"100 Percent of Medicaid APG. ",15.32,,,,,,,Fee Schedule,"100% Medicare Lab FS. ",77.99,,,,,,,Case Rate,"100 Percent of Medicaid APG. ",15.32,,,,,,,Fee Schedule,"100% Medicare Lab FS. ",15.32,,,,,,,Fee Schedule,"100% Medicare Lab FS. ",77.99,,,,,,,Case Rate,"100 Percent of Medicaid APG. ",77.99,,,,,,,Case Rate,"100 Percent of Medicaid APG. ",33.24,,,,,,,Fee Schedule,"217 % Medicare RBRVS. ",33.77,,,,,,,Fee Schedule,"150 % 2018 Cigna RBRVS fee schedule. ",179.4936,78,,,,,0,percent of total billed charges,78% of Billed Charges. Lesser of 100% of billed charges applies.; No services were performed during the 15 month look back period.,17.03,,,,,,,Fee Schedule,"100 % 2019 CMS Clinical Lab National Limit Pub 20190115. ",17.03,,,,,,,Fee Schedule,"100 % 2019 CMS Clinical Lab National Limit Pub 20190115. ",38.45,,,,,,,Fee Schedule,"250.97911227154 % Medicare Physician FS TC Rates Only. ",15.01,,,,,,,Fee Schedule,"98% Lab FS. ",29.57,,,,,,,Fee Schedule,"193 % Medicare RBRVS. ",29.57,,,,,,,Fee Schedule,"193 % Medicare RBRVS. ",37.39,,,,,,,Fee Schedule,"190.4 % 2013 Manhattan Medicare. ",37.39,,,,,,,Fee Schedule,"190.4 % 2013 Manhattan Medicare. ",15.32,,,,,,,Fee Schedule,"100% Medicare Lab FS. ",15.32,,,,,,,Fee Schedule,"100% Medicare Lab FS. ",15.32,,,,,,,Fee Schedule,"100% Medicare Lab FS. ",15.32,,,,,,,Fee Schedule,"100% Medicare Lab FS. ",17.03,,,,,,,Fee Schedule,"100 % 2019 CMS Clinical Lab National Limit Pub 20190115. ",46.74,,,,,,,Fee Schedule,"238 % 2013 Manhattan Medicare. ",46.74,,,,,,,Fee Schedule,"238 % 2013 Manhattan Medicare. ",15.32,,,,,,,Fee Schedule,"100% Medicare Lab FS. ",37.39,,,,,,,Fee Schedule,"190.4 % 2013 Manhattan Medicare. ",39.07,,,,,,,Fee Schedule,"255 % Medicare RBRVS. ",93.59,,,,,,,Fee Schedule,"120 Percent of Medicaid APG. ",77.99,,,,,,,Case Rate,"100 Percent of Medicaid APG. ",33.24,,,,,,,Fee Schedule,"217 % Medicare RBRVS. ",42.07,,,,,,,Fee Schedule,"214.2 % 2013 Manhattan Medicare. ",42.07,,,,,,,Fee Schedule,"214.2 % 2013 Manhattan Medicare. ",46.74,,,,,,,Fee Schedule,"238 % 2013 Manhattan Medicare. ",115.06,50,,,,,0,percent of total billed charges,50 percent of billed charges; No services were performed during the 15 month look back period.,15.32,,,,,,,Fee Schedule,"100% Medicare Lab FS. ",81.89,,,,,,,Fee Schedule,105 percent of Medicaid APG. otherwise 105% of Ordered NYS MCD FS or 105% of ASP+6%,81.89,,,,,,,Fee Schedule,105 percent of Medicaid APG. otherwise 105% of Ordered NYS MCD FS or 105% of ASP+6%,81.89,,,,,,,Fee Schedule,105 percent of Medicaid APG. otherwise 105% of Ordered NYS MCD FS or 105% of ASP+6%,105.29,,,,,,,Fee Schedule,135 percent of Medicaid APG. otherwise 135% of Ordered NYS MCD FS or 135% of ASP+6%,17.03,,,,,,,Fee Schedule,"100 % 2019 CMS Clinical Lab National Limit Pub 20190115. ",81.89,,,,,,,Fee Schedule,105 percent of Medicaid APG. otherwise 105% of Ordered NYS MCD FS or 105% of ASP+6%,81.89,,,,,,,Fee Schedule,105 percent of Medicaid APG. otherwise 105% of Ordered NYS MCD FS or 105% of ASP+6%,81.89,,,,,,,Fee Schedule,105 percent of Medicaid APG. otherwise 105% of Ordered NYS MCD FS or 105% of ASP+6%,81.89,,,,,,,Fee Schedule,105 percent of Medicaid APG. otherwise 105% of Ordered NYS MCD FS or 105% of ASP+6%,81.89,,,,,,,Fee Schedule,105 percent of Medicaid APG. otherwise 105% of Ordered NYS MCD FS or 105% of ASP+6%,105.29,,,,,,,Fee Schedule,135 percent of Medicaid APG. otherwise 135% of Ordered NYS MCD FS or 135% of ASP+6%,105.29,,,,,,,Fee Schedule,135 percent of Medicaid APG. otherwise 135% of Ordered NYS MCD FS or 135% of ASP+6%,15.32,,,,,,,Fee Schedule,"100% Medicare Lab FS. ",17.03,,,,,,,Fee Schedule,"100 % 2019 CMS Clinical Lab National Limit Pub 20190115. ",15.32,,,,,,,Fee Schedule,"100% Medicare Lab FS. ",81.89,,,,,,,Fee Schedule,105 percent of Medicaid APG. otherwise 105% of Ordered NYS MCD FS or 105% of ASP+6%,46.74,,,,,,,Fee Schedule,"238 % 2013 Manhattan Medicare. ",15.32,,,,,,,Fee Schedule,"100% Medicare Lab FS. ",46.74,,,,,,,Fee Schedule,"238 % 2013 Manhattan Medicare. ",46.74,,,,,,,Fee Schedule,"238 % 2013 Manhattan Medicare. ",46.74,,,,,,,Fee Schedule,"238 % 2013 Manhattan Medicare. ",81.89,,,,,,,Fee Schedule,105 percent of Medicaid APG. otherwise 105% of Ordered NYS MCD FS or 105% of ASP+6%,15.32,,,,,,,Fee Schedule,"100% Medicare Lab FS. ",46.74,,,,,,,Fee Schedule,"238 % 2013 Manhattan Medicare. ",105.29,,,,,,,Fee Schedule,135 percent of Medicaid APG. otherwise 135% of Ordered NYS MCD FS or 135% of ASP+6%,46.74,,,,,,,Fee Schedule,"238 % 2013 Manhattan Medicare. ",22.98,,,,,,,Fee Schedule,"150% of Medicare Lab FS. ",15.32,,,,,,,Fee Schedule,"100% Medicare Lab FS. ",33.24,,,,,,,Fee Schedule,"217 % Medicare RBRVS. ",33.24,,,,,,,Fee Schedule,"217 % Medicare RBRVS. ",33.24,,,,,,,Fee Schedule,"217 % Medicare RBRVS. ",33.24,,,,,,,Fee Schedule,"217 % Medicare RBRVS. ",33.24,,,,,,,Fee Schedule,"217 % Medicare RBRVS. ",39.07,,,,,,,Fee Schedule,"255 % Medicare RBRVS. ",39.07,,,,,,,Fee Schedule,"255 % Medicare RBRVS. ",33.24,,,,,,,Fee Schedule,"217 % Medicare RBRVS. ",33.24,,,,,,,Fee Schedule,"217 % Medicare RBRVS. ",33.24,,,,,,,Fee Schedule,"217 % Medicare RBRVS. ",33.24,,,,,,,Fee Schedule,"217 % Medicare RBRVS. ",33.24,,,,,,,Fee Schedule,"217 % Medicare RBRVS. ",15.32,,,,,,,Fee Schedule,"100% Medicare Lab FS. ",39.07,,,,,,,Fee Schedule,"255 % Medicare RBRVS. ",15.32,,,,,,,Fee Schedule,"100% Medicare Lab FS. ",175.48,,,,,,,Case Rate,"225 Percent of Medicaid APG. If not included in Medicaid APG, then 100 Percent of Manhattan Medicare",77.99,,,,,,,Case Rate,"100 Percent of Medicaid APG. If not priced under APG, then Metroplus FeeSched",17.03,,,,,,,Fee Schedule,"100 % 2019 CMS Clinical Lab National Limit Pub 20190115. ",17.03,,,,,,,Fee Schedule,"100 % 2019 CMS Clinical Lab National Limit Pub 20190115. ",15.32,,,,,,,Fee Schedule,"100% Medicare Lab FS. ",29.57,,,,,,,Fee Schedule,"193 % Medicare RBRVS. ",15.32,,,,,,,Fee Schedule,"100% Medicare Lab FS. ",15.32,,,,,,,Fee Schedule,"100% Medicare Lab FS. ",38.45,,,,,,,Fee Schedule,"250.97911227154 % Medicare Physician FS TC Rates Only. ",15.32,,,,,,,Fee Schedule,"100% Medicare Lab FS. ",33.77,,,,,,,Fee Schedule,"150 % 2018 Cigna RBRVS fee schedule. ",15.32,,,,,,,Fee Schedule,"100% Medicare Lab FS. ",33.77,,,,,,,Fee Schedule,"150 % 2018 Cigna RBRVS fee schedule. ",38.45,,,,,,,Fee Schedule,"250.97911227154 % Medicare Physician FS TC Rates Only. ",33.77,,,,,,,Fee Schedule,"150 % 2018 Cigna RBRVS fee schedule. ",15.32,,,,,,,Fee Schedule,"100% Medicare Lab FS. ",77.99,,,,,,,Case Rate,"100 Percent of Medicaid APG. ",15.32,,,,,,,Fee Schedule,"100% Medicare Lab FS. ",33.77,,,,,,,Fee Schedule,"150 % 2018 Cigna RBRVS fee schedule. ",17.03,,,,,,,Fee Schedule,"100 % 2019 CMS Clinical Lab National Limit Pub 20190115. ",77.99,,,,,,,Case Rate,"100 Percent of Medicaid APG. ",46.74,,,,,,,Fee Schedule,"238 % 2013 Manhattan Medicare. ",93.59,,,,,,,Fee Schedule,"120 Percent of Medicaid APG. ",93.59,,,,,,,Fee Schedule,"120 Percent of Medicaid APG. ",46.74,,,,,,,Fee Schedule,"238 % 2013 Manhattan Medicare. ",46.74,,,,,,,Fee Schedule,"238 % 2013 Manhattan Medicare. ",46.74,,,,,,,Fee Schedule,"238 % 2013 Manhattan Medicare. ",17.03,,,,,,,Fee Schedule,"100 % 2019 CMS Clinical Lab National Limit Pub 20190115. ",46.74,,,,,,,Fee Schedule,"238 % 2013 Manhattan Medicare. ",46.74,,,,,,,Fee Schedule,"238 % 2013 Manhattan Medicare. ",46.74,,,,,,,Fee Schedule,"238 % 2013 Manhattan Medicare. ",33.24,,,,,,,Fee Schedule,"217 % Medicare RBRVS. ",33.24,,,,,,,Fee Schedule,"217 % Medicare RBRVS. ",21.6,,,,,,,Fee Schedule,141 Percent of of Medicare Lab FS. Metroplus will reimburse unlisted codes and described codes with no Medicare rate at 50 percent of charges.,77.99,,,,,,,Case Rate,"100 Percent of Medicaid APG. ",17.03,,,,,,,Fee Schedule,"100 % 2019 CMS Clinical Lab National Limit Pub 20190115. ",33.77,,,,,,,Fee Schedule,"150 % 2018 Cigna RBRVS fee schedule. ",38.45,,,,,,,Fee Schedule,"250.97911227154 % Medicare Physician FS TC Rates Only. ",17.03,,,,,,,Fee Schedule,"100 % 2019 CMS Clinical Lab National Limit Pub 20190115. ",38.45,,,,,,,Fee Schedule,"250.97911227154 % Medicare Physician FS TC Rates Only. ",17.03,,,,,,,Fee Schedule,"100 % 2019 CMS Clinical Lab National Limit Pub 20190115. ",46.74,,,,,,,Fee Schedule,"238 % 2013 Manhattan Medicare. ",46.74,,,,,,,Fee Schedule,"238 % 2013 Manhattan Medicare. ",46.74,,,,,,,Fee Schedule,"238 % 2013 Manhattan Medicare. ",46.74,,,,,,,Fee Schedule,"238 % 2013 Manhattan Medicare. ",15.32,,,,,,,Fee Schedule,"100% Medicare Lab FS. ",13.79,360.15,
85385,CPT,2023653,LOCAL,300,RC,HC FIBRINOGEN; ANTIGEN,49.44,17.35,both,,,,12,,,,,,,Fee Schedule,"100 % 1199 Fee Schedule. ",12,,,,,,,Fee Schedule,"100 % 1199 Fee Schedule. ",36.29,,,,,,,Fee Schedule,"250.968188105118 % Medicare Physician FS TC Rates Only. ",49.44,100,,,,,0,percent of total billed charges,100 percent of billed charges. ; No services were performed during the 15 month look back period.,14.46,,,,,,,Fee Schedule,"100% Medicare Lab FS. ",36.29,,,,,,,Fee Schedule,"250.968188105118 % Medicare Physician FS TC Rates Only. ",36.29,,,,,,,Fee Schedule,"250.968188105118 % Medicare Physician FS TC Rates Only. ",36.29,,,,,,,Fee Schedule,"250.968188105118 % Medicare Physician FS TC Rates Only. ",93.59,,,,,,,Case Rate,"100 Percent of Medicaid APG. ",77.99,,,,,,,Case Rate,"100 Percent of Medicaid APG. ",38.5632,78,,,,,0,percent of total billed charges,78% of Billed Charges. Lesser of 100% of billed charges applies.; No services were performed during the 15 month look back period.,14.46,,,,,,,Fee Schedule,"100 % 2019 CMS Clinical Lab National Limit Pub 20190115. ",77.99,,,,,,,Case Rate,"100 Percent of Medicaid APG. ",14.46,,,,,,,Fee Schedule,"100% Medicare Lab FS. ",25.49,,,,,,,Fee Schedule,"150 % 2018 Cigna RBRVS fee schedule. ",25.49,,,,,,,Fee Schedule,"150 % 2018 Cigna RBRVS fee schedule. ",25.49,,,,,,,Fee Schedule,"150 % 2018 Cigna RBRVS fee schedule. ",25.49,,,,,,,Fee Schedule,"150 % 2018 Cigna RBRVS fee schedule. ",13.01,,,,,,,Fee schedule,90 Percent of Medicare Laboratory. Covered services not payable under Medicaid Fee Schedules default to a payment of 50 percent of charges.,14.46,,,,,,,Fee Schedule,"100% Medicare Lab FS. ",13.01,,,,,,,Fee schedule,90 Percent of Medicare Laboratory. Covered services not payable under Medicaid Fee Schedules default to a payment of 50 percent of charges.,38.5632,78,,,,,0,percent of total billed charges,78% of Billed Charges. Lesser of 100% of billed charges applies.; No services were performed during the 15 month look back period.,36.29,,,,,,,Fee Schedule,"250.968188105118 % Medicare Physician FS TC Rates Only. ",14.46,,,,,,,Fee Schedule,"100% Medicare Lab FS. ",36.87,,,,,,,Fee Schedule,"255 % Medicare RBRVS. ",14.46,,,,,,,Fee Schedule,"100% Medicare Lab FS. ",14.46,,,,,,,Fee Schedule,"100% Medicare Lab FS. ",38.5632,78,,,,,0,percent of total billed charges,78% of Billed Charges. Lesser of 100% of billed charges applies.; No services were performed during the 15 month look back period.,6.97,,,,,,,Fee Schedule,100% Medicaid Fee Schedule. Lesser of 100% of billed charges applies.,6.97,,,,,,,Fee Schedule,100% Medicaid Fee Schedule. Lesser of 100% of billed charges applies.,13.01,,,,,,,Fee schedule,"90 Percent of Medicare RBRVS. ",13.01,,,,,,,Fee schedule,"90 Percent of Medicare RBRVS. ",36.87,,,,,,,Fee Schedule,"255 % Medicare RBRVS. ",36.87,,,,,,,Fee Schedule,"255 % Medicare RBRVS. ",77.99,,,,,,,Case Rate,"100 Percent of Medicaid APG. Not APG payable, or payable under another fee schedule like ASP/AWP pays at 30% of charges",36.87,,,,,,,Fee Schedule,"255 % Medicare RBRVS. ",77.99,,,,,,,Case Rate,"100 Percent of Medicaid APG. Not APG payable, or payable under another fee schedule like ASP/AWP pays at 30% of charges",14.46,,,,,,,Fee Schedule,"100% Medicare Lab FS. ",36.87,,,,,,,Fee Schedule,"255 % Medicare RBRVS. ",38.5632,78,,,,,0,percent of total billed charges,78% of Billed Charges. Lesser of 100% of billed charges applies.; No services were performed during the 15 month look back period.,77.99,,,,,,,Case Rate,"100 Percent of Medicaid APG. If not priced under APG, then Metroplus FeeSched",77.99,,,,,,,Case Rate,"100 Percent of Medicaid APG. If not priced under APG, then Metroplus FeeSched",38.5632,78,,,,,0,percent of total billed charges,78% of Billed Charges. Lesser of 100% of billed charges applies.; No services were performed during the 15 month look back period.,25.49,,,,,,,Fee Schedule,"150 % 2018 Cigna RBRVS fee schedule. ",14.46,,,,,,,Fee Schedule,"100 % 2019 CMS Clinical Lab National Limit Pub 20190115. ",14.46,,,,,,,Fee Schedule,"100 % 2019 CMS Clinical Lab National Limit Pub 20190115. ",38.5632,78,,,,,0,percent of total billed charges,78% of Billed Charges. Lesser of 100% of billed charges applies.; No services were performed during the 15 month look back period.,14.46,,,,,,,Fee Schedule,"100% Medicare Lab FS. ",14.46,,,,,,,Fee Schedule,"100 % 2019 CMS Clinical Lab National Limit Pub 20190115. ",14.46,,,,,,,Fee Schedule,"100 % 2019 CMS Clinical Lab National Limit Pub 20190115. ",14.46,,,,,,,Fee Schedule,"100 % 2019 CMS Clinical Lab National Limit Pub 20190115. ",14.46,,,,,,,Fee Schedule,"100% Medicare Lab FS. ",14.46,,,,,,,Fee Schedule,"100 % 2019 CMS Clinical Lab National Limit Pub 20190115. ",14.46,,,,,,,Fee Schedule,"100 % 2019 CMS Clinical Lab National Limit Pub 20190115. ",14.46,,,,,,,Fee Schedule,"100% of Medicare Lab FS. ",24.72,50,,,,,0,percent of total billed charges,50 percent of billed charges; No services were performed during the 15 month look back period.,27.8,,,,,,,Fee Schedule,"238 % 2013 Manhattan Medicare. ",27.8,,,,,,,Fee Schedule,"238 % 2013 Manhattan Medicare. ",27.8,,,,,,,Fee Schedule,"238 % 2013 Manhattan Medicare. ",27.8,,,,,,,Fee Schedule,"238 % 2013 Manhattan Medicare. ",27.8,,,,,,,Fee Schedule,"238 % 2013 Manhattan Medicare. ",27.8,,,,,,,Fee Schedule,"238 % 2013 Manhattan Medicare. ",14.46,,,,,,,Fee Schedule,"100% Medicare Lab FS. ",14.46,,,,,,,Fee Schedule,"100% Medicare Lab FS. ",27.8,,,,,,,Fee Schedule,"238 % 2013 Manhattan Medicare. ",38.5632,78,,,,,0,percent of total billed charges,78% of Billed Charges. Lesser of 100% of billed charges applies.; No services were performed during the 15 month look back period.,38.5632,78,,,,,0,percent of total billed charges,78% of Billed Charges. Lesser of 100% of billed charges applies.; No services were performed during the 15 month look back period.,38.5632,78,,,,,0,percent of total billed charges,78% of Billed Charges. Lesser of 100% of billed charges applies.; No services were performed during the 15 month look back period.,38.5632,78,,,,,0,percent of total billed charges,78% of Billed Charges. Lesser of 100% of billed charges applies.; No services were performed during the 15 month look back period.,38.5632,78,,,,,0,percent of total billed charges,78% of Billed Charges. Lesser of 100% of billed charges applies.; No services were performed during the 15 month look back period.,38.5632,78,,,,,0,percent of total billed charges,78% of Billed Charges. Lesser of 100% of billed charges applies.; No services were performed during the 15 month look back period.,38.5632,78,,,,,0,percent of total billed charges,78% of Billed Charges. Lesser of 100% of billed charges applies.; No services were performed during the 15 month look back period.,38.5632,78,,,,,0,percent of total billed charges,78% of Billed Charges. Lesser of 100% of billed charges applies.; No services were performed during the 15 month look back period.,38.5632,78,,,,,0,percent of total billed charges,78% of Billed Charges. Lesser of 100% of billed charges applies.; No services were performed during the 15 month look back period.,38.5632,78,,,,,0,percent of total billed charges,78% of Billed Charges. Lesser of 100% of billed charges applies.; No services were performed during the 15 month look back period.,38.5632,78,,,,,0,percent of total billed charges,78% of Billed Charges. Lesser of 100% of billed charges applies.; No services were performed during the 15 month look back period.,38.5632,78,,,,,0,percent of total billed charges,78% of Billed Charges. Lesser of 100% of billed charges applies.; No services were performed during the 15 month look back period.,38.5632,78,,,,,0,percent of total billed charges,78% of Billed Charges. Lesser of 100% of billed charges applies.; No services were performed during the 15 month look back period.,38.5632,78,,,,,0,percent of total billed charges,78% of Billed Charges. Lesser of 100% of billed charges applies.; No services were performed during the 15 month look back period.,38.5632,78,,,,,0,percent of total billed charges,78% of Billed Charges. Lesser of 100% of billed charges applies.; No services were performed during the 15 month look back period.,38.5632,78,,,,,0,percent of total billed charges,78% of Billed Charges. Lesser of 100% of billed charges applies.; No services were performed during the 15 month look back period.,38.5632,78,,,,,0,percent of total billed charges,78% of Billed Charges. Lesser of 100% of billed charges applies.; No services were performed during the 15 month look back period.,38.5632,78,,,,,0,percent of total billed charges,78% of Billed Charges. Lesser of 100% of billed charges applies.; No services were performed during the 15 month look back period.,38.5632,78,,,,,0,percent of total billed charges,78% of Billed Charges. Lesser of 100% of billed charges applies.; No services were performed during the 15 month look back period.,38.5632,78,,,,,0,percent of total billed charges,78% of Billed Charges. Lesser of 100% of billed charges applies.; No services were performed during the 15 month look back period.,38.5632,78,,,,,0,percent of total billed charges,78% of Billed Charges. Lesser of 100% of billed charges applies.; No services were performed during the 15 month look back period.,38.5632,78,,,,,0,percent of total billed charges,78% of Billed Charges. Lesser of 100% of billed charges applies.; No services were performed during the 15 month look back period.,38.5632,78,,,,,0,percent of total billed charges,78% of Billed Charges. Lesser of 100% of billed charges applies.; No services were performed during the 15 month look back period.,38.5632,78,,,,,0,percent of total billed charges,78% of Billed Charges. Lesser of 100% of billed charges applies.; No services were performed during the 15 month look back period.,38.5632,78,,,,,0,percent of total billed charges,78% of Billed Charges. Lesser of 100% of billed charges applies.; No services were performed during the 15 month look back period.,38.5632,78,,,,,0,percent of total billed charges,78% of Billed Charges. Lesser of 100% of billed charges applies.; No services were performed during the 15 month look back period.,36.87,,,,,,,Fee Schedule,"255 % Medicare RBRVS. ",36.87,,,,,,,Fee Schedule,"255 % Medicare RBRVS. ",36.87,,,,,,,Fee Schedule,"255 % Medicare RBRVS. ",36.87,,,,,,,Fee Schedule,"255 % Medicare RBRVS. ",27.91,,,,,,,Fee Schedule,"193 % Medicare RBRVS. ",27.91,,,,,,,Fee Schedule,"193 % Medicare RBRVS. ",25.49,,,,,,,Fee Schedule,"150 % 2018 Cigna RBRVS fee schedule. ",27.8,,,,,,,Fee Schedule,"238 % 2013 Manhattan Medicare. ",14.46,,,,,,,Fee Schedule,"100 % 2019 CMS Clinical Lab National Limit Pub 20190115. ",27.8,,,,,,,Fee Schedule,"238 % 2013 Manhattan Medicare. ",38.5632,78,,,,,0,percent of total billed charges,78% of Billed Charges. Lesser of 100% of billed charges applies.; No services were performed during the 15 month look back period.,27.91,,,,,,,Fee Schedule,"193 % Medicare RBRVS. ",27.8,,,,,,,Fee Schedule,"238 % 2013 Manhattan Medicare. ",14.46,,,,,,,Fee Schedule,"100 % 2019 CMS Clinical Lab National Limit Pub 20190115. ",25.49,,,,,,,Fee Schedule,"150 % 2018 Cigna RBRVS fee schedule. ",,,,,,,,,"NA. ",38.5632,78,,,,,0,percent of total billed charges,78% of Billed Charges. Lesser of 100% of billed charges applies.; No services were performed during the 15 month look back period.,77.99,,,,,,,Case Rate,"100 Percent of Medicaid APG. ",36.87,,,,,,,Fee Schedule,"255 % Medicare RBRVS. ",77.99,,,,,,,Case Rate,"100 Percent of Medicaid APG. Not APG payable, or payable under another fee schedule like ASP/AWP pays at 30% of charges",14.46,,,,,,,Fee Schedule,"100% Medicare Lab FS. ",14.46,,,,,,,Fee Schedule,"100% Medicare Lab FS. ",24.72,50,,,,,0,percent of total billed charges,50 percent of billed charges; No services were performed during the 15 month look back period.,14.46,,,,,,,Fee Schedule,"100% Medicare Lab FS. ",14.46,,,,,,,Fee Schedule,"100% Medicare Lab FS. ",77.99,,,,,,,Case Rate,"100 Percent of Medicaid APG. ",14.46,,,,,,,Fee Schedule,"100% Medicare Lab FS. ",14.46,,,,,,,Fee Schedule,"100% Medicare Lab FS. ",36.29,,,,,,,Fee Schedule,"250.968188105118 % Medicare Physician FS TC Rates Only. ",36.29,,,,,,,Fee Schedule,"250.968188105118 % Medicare Physician FS TC Rates Only. ",14.46,,,,,,,Fee Schedule,"100% Medicare Lab FS. ",25.49,,,,,,,Fee Schedule,"150 % 2018 Cigna RBRVS fee schedule. ",14.46,,,,,,,Fee Schedule,"100 % 2019 CMS Clinical Lab National Limit Pub 20190115. ",14.46,,,,,,,Fee Schedule,"100 % 2019 CMS Clinical Lab National Limit Pub 20190115. ",14.46,,,,,,,Fee Schedule,"100% Medicare Lab FS. ",25.49,,,,,,,Fee Schedule,"150 % 2018 Cigna RBRVS fee schedule. ",36.29,,,,,,,Fee Schedule,"250.968188105118 % Medicare Physician FS TC Rates Only. ",36.29,,,,,,,Fee Schedule,"250.968188105118 % Medicare Physician FS TC Rates Only. ",36.29,,,,,,,Fee Schedule,"250.968188105118 % Medicare Physician FS TC Rates Only. ",38.5632,78,,,,,0,percent of total billed charges,78% of Billed Charges. Lesser of 100% of billed charges applies.; No services were performed during the 15 month look back period.,38.5632,78,,,,,0,percent of total billed charges,78% of Billed Charges. Lesser of 100% of billed charges applies.; No services were performed during the 15 month look back period.,38.5632,78,,,,,0,percent of total billed charges,78% of Billed Charges. Lesser of 100% of billed charges applies.; No services were performed during the 15 month look back period.,38.5632,78,,,,,0,percent of total billed charges,78% of Billed Charges. Lesser of 100% of billed charges applies.; No services were performed during the 15 month look back period.,38.5632,78,,,,,0,percent of total billed charges,78% of Billed Charges. Lesser of 100% of billed charges applies.; No services were performed during the 15 month look back period.,38.5632,78,,,,,0,percent of total billed charges,78% of Billed Charges. Lesser of 100% of billed charges applies.; No services were performed during the 15 month look back period.,38.5632,78,,,,,0,percent of total billed charges,78% of Billed Charges. Lesser of 100% of billed charges applies.; No services were performed during the 15 month look back period.,38.5632,78,,,,,0,percent of total billed charges,78% of Billed Charges. Lesser of 100% of billed charges applies.; No services were performed during the 15 month look back period.,38.5632,78,,,,,0,percent of total billed charges,78% of Billed Charges. Lesser of 100% of billed charges applies.; No services were performed during the 15 month look back period.,38.5632,78,,,,,0,percent of total billed charges,78% of Billed Charges. Lesser of 100% of billed charges applies.; No services were performed during the 15 month look back period.,38.5632,78,,,,,0,percent of total billed charges,78% of Billed Charges. Lesser of 100% of billed charges applies.; No services were performed during the 15 month look back period.,27.91,,,,,,,Fee Schedule,"193 % Medicare RBRVS. ",27.8,,,,,,,Fee Schedule,"238 % 2013 Manhattan Medicare. ",25.49,,,,,,,Fee Schedule,"150 % 2018 Cigna RBRVS fee schedule. ",14.46,,,,,,,Fee Schedule,"100% Medicare Lab FS. ",36.29,,,,,,,Fee Schedule,"250.968188105118 % Medicare Physician FS TC Rates Only. ",25.49,,,,,,,Fee Schedule,"150 % 2018 Cigna RBRVS fee schedule. ",25.49,,,,,,,Fee Schedule,"150 % 2018 Cigna RBRVS fee schedule. ",38.5632,78,,,,,0,percent of total billed charges,78% of Billed Charges. Lesser of 100% of billed charges applies.; No services were performed during the 15 month look back period.,166.9,,,,,,,Case Rate,"141 Percent of current Medicare RBRVS FeeSched. ",25.49,,,,,,,Fee Schedule,"150 % 2018 Cigna RBRVS fee schedule. ",77.99,,,,,,,Case Rate,"100 Percent of Medicaid APG. ",14.46,,,,,,,Fee Schedule,"100% Medicare Lab FS. ",14.46,,,,,,,Fee Schedule,"100% Medicare Lab FS. ",14.46,,,,,,,Fee Schedule,"100% Medicare Lab FS. ",14.46,,,,,,,Fee Schedule,"100% Medicare Lab FS. ",14.46,,,,,,,Fee Schedule,"100% Medicare Lab FS. ",14.46,,,,,,,Fee Schedule,"100% Medicare Lab FS. ",25.49,,,,,,,Fee Schedule,"150 % 2018 Cigna RBRVS fee schedule. ",24.72,50,,,,,0,percent of total billed charges,50 percent of billed charges; No services were performed during the 15 month look back period.,23.14,,,,,,,Fee Schedule,"160 Percent of Medicare Laboratory. ",23.14,,,,,,,Fee Schedule,"160 Percent of Medicare Laboratory. ",23.14,,,,,,,Fee Schedule,"160 Percent of Medicare Laboratory. ",23.14,,,,,,,Fee Schedule,"160 Percent of Medicare Laboratory. ",23.14,,,,,,,Fee Schedule,"160 Percent of Medicare Laboratory. ",,,,,,,,,"NA. ",24.72,50,,,,,0,percent of total billed charges,50 percent of billed charges; No services were performed during the 15 month look back period.,20.39,,,,,,,Fee Schedule,141 Percent of of Medicare Lab FS. Metroplus will reimburse unlisted codes and described codes with no Medicare rate at 50 percent of charges.,20.39,,,,,,,Fee Schedule,141 Percent of of Medicare Lab FS. Metroplus will reimburse unlisted codes and described codes with no Medicare rate at 50 percent of charges.,20.39,,,,,,,Fee Schedule,141 Percent of of Medicare Lab FS. Metroplus will reimburse unlisted codes and described codes with no Medicare rate at 50 percent of charges.,20.39,,,,,,,Fee Schedule,141 Percent of of Medicare Lab FS. Metroplus will reimburse unlisted codes and described codes with no Medicare rate at 50 percent of charges.,20.39,,,,,,,Fee Schedule,141 Percent of of Medicare Lab FS. Metroplus will reimburse unlisted codes and described codes with no Medicare rate at 50 percent of charges.,14.46,,,,,,,Fee Schedule,"100% Medicare Lab FS. ",27.91,,,,,,,Fee Schedule,"193 % Medicare RBRVS. ",27.91,,,,,,,Fee Schedule,"193 % Medicare RBRVS. ",27.91,,,,,,,Fee Schedule,"193 % Medicare RBRVS. ",27.91,,,,,,,Fee Schedule,"193 % Medicare RBRVS. ",36.29,,,,,,,Fee Schedule,"250.968188105118 % Medicare Physician FS TC Rates Only. ",36.29,,,,,,,Fee Schedule,"250.968188105118 % Medicare Physician FS TC Rates Only. ",36.29,,,,,,,Fee Schedule,"250.968188105118 % Medicare Physician FS TC Rates Only. ",36.29,,,,,,,Fee Schedule,"250.968188105118 % Medicare Physician FS TC Rates Only. ",24.72,50,,,,,0,percent of total billed charges,50 percent of billed charges; No services were performed during the 15 month look back period.,24.72,50,,,,,0,percent of total billed charges,50 percent of billed charges; No services were performed during the 15 month look back period.,14.46,,,,,,,Fee Schedule,"100% Medicare Lab FS. ",14.46,,,,,,,Fee Schedule,"100% Medicare Lab FS. ",14.46,,,,,,,Fee Schedule,"100% Medicare Lab FS. ",27.8,,,,,,,Fee Schedule,"238 % 2013 Manhattan Medicare. ",27.8,,,,,,,Fee Schedule,"238 % 2013 Manhattan Medicare. ",27.8,,,,,,,Fee Schedule,"238 % 2013 Manhattan Medicare. ",24.72,50,,,,,0,percent of total billed charges,50 percent of billed charges; No services were performed during the 15 month look back period.,36.29,,,,,,,Fee Schedule,"250.968188105118 % Medicare Physician FS TC Rates Only. ",14.46,,,,,,,Fee Schedule,"100% Medicare Lab FS. ",27.8,,,,,,,Fee Schedule,"238 % 2013 Manhattan Medicare. ",77.99,,,,,,,Case Rate,"100 Percent of Medicaid APG. ",14.75,,,,,,,Fee Schedule,"102% of Medicare Lab FS. ",14.75,,,,,,,Fee Schedule,"102% of Medicare Lab FS. ",14.75,,,,,,,Fee Schedule,"102% of Medicare Lab FS. ",13.01,,,,,,,Fee schedule,"90 Percent of Medicare RBRVS. ",175.48,,,,,,,Fee Schedule,225% of NYS APG. Lesser of 100% of billed charges applies.,175.48,,,,,,,Fee Schedule,225% of NYS APG. Lesser of 100% of billed charges applies.,175.48,,,,,,,Fee Schedule,225% of NYS APG. Lesser of 100% of billed charges applies.,175.48,,,,,,,Fee Schedule,225% of NYS APG. Lesser of 100% of billed charges applies.,175.48,,,,,,,Fee Schedule,225% of NYS APG. Lesser of 100% of billed charges applies.,14.75,,,,,,,Fee Schedule,"102% of Medicare Lab FS. ",77.99,,,,,,,Case Rate,"100 Percent of Medicaid APG. ",6.97,,,,,,,Fee Schedule,100% Medicaid Fee Schedule. Lesser of 100% of billed charges applies.,175.48,,,,,,,Fee Schedule,225% of NYS APG. Lesser of 100% of billed charges applies.,175.48,,,,,,,Fee Schedule,225% of NYS APG. Lesser of 100% of billed charges applies.,6.97,,,,,,,Fee Schedule,100% Medicaid Fee Schedule. Lesser of 100% of billed charges applies.,6.97,,,,,,,Fee Schedule,100% Medicaid Fee Schedule. Lesser of 100% of billed charges applies.,23.14,,,,,,,Fee Schedule,"160 Percent of Medicare Laboratory. ",14.46,,,,,,,Fee Schedule,"100% Medicare Lab FS. ",14.46,,,,,,,Fee Schedule,"100% Medicare Lab FS. ",36.29,,,,,,,Fee Schedule,"250.968188105118 % Medicare Physician FS TC Rates Only. ",14.46,,,,,,,Fee Schedule,"100% Medicare Lab FS. ",175.48,,,,,,,Fee Schedule,"225 Percent of Medicaid APG. ",175.48,,,,,,,Fee Schedule,"225 Percent of Medicaid APG. ",13.01,,,,,,,Fee schedule,"90 Percent of Medicare RBRVS. ",13.01,,,,,,,Fee schedule,"90 Percent of Medicare RBRVS. ",175.48,,,,,,,Case Rate,225 Percent of Medicaid APG. Covered services not payable under Medicaid Fee Schedules default to a payment of 87.5 percent of charges.,13.01,,,,,,,Fee schedule,90 Percent of Medicare Laboratory. Covered services not payable under Medicaid Fee Schedules default to a payment of 50 percent of charges.,175.48,,,,,,,Case Rate,"100 Percent of Medicaid APG. ",175.48,,,,,,,Case Rate,"100 Percent of Medicaid APG. ",175.48,,,,,,,Case Rate,"100 Percent of Medicaid APG. ",175.48,,,,,,,Case Rate,"100 Percent of Medicaid APG. ",147.35,,,,,,,Fee Schedule,"1019 % Manhattan Facility Rate. ",24.72,50,,,,,0,percent of total billed charges,50 percent of billed charges; No services were performed during the 15 month look back period.,93.59,,,,,,,Case Rate,"120 Percent of Medicaid APG. Not APG payable, or payable under another fee schedule like ASP/AWP pays at 30% of charges",93.59,,,,,,,Case Rate,"120 Percent of Medicaid APG. Not APG payable, or payable under another fee schedule like ASP/AWP pays at 30% of charges",77.99,,,,,,,Case Rate,"100 Percent of Medicaid APG. Not APG payable, or payable under another fee schedule like ASP/AWP pays at 30% of charges",77.99,,,,,,,Case Rate,"100 Percent of Medicaid APG. Not APG payable, or payable under another fee schedule like ASP/AWP pays at 30% of charges",27.8,,,,,,,Fee Schedule,"238 % 2013 Manhattan Medicare. ",27.8,,,,,,,Fee Schedule,"238 % 2013 Manhattan Medicare. ",14.46,,,,,,,Fee Schedule,"100% Medicare Lab FS. ",27.8,,,,,,,Fee Schedule,"238 % 2013 Manhattan Medicare. ",27.8,,,,,,,Fee Schedule,"238 % 2013 Manhattan Medicare. ",27.8,,,,,,,Fee Schedule,"238 % 2013 Manhattan Medicare. ",27.8,,,,,,,Fee Schedule,"238 % 2013 Manhattan Medicare. ",14.46,,,,,,,Fee Schedule,"100% Medicare Lab FS. ",27.8,,,,,,,Fee Schedule,"238 % 2013 Manhattan Medicare. ",27.8,,,,,,,Fee Schedule,"238 % 2013 Manhattan Medicare. ",36.29,,,,,,,Fee Schedule,"250.968188105118 % Medicare Physician FS TC Rates Only. ",85.79,,,,,,,Fee Schedule,110% of APG. Lesser of 100% of billed charges applies.,13.01,,,,,,,Fee schedule,90 Percent of Medicare Laboratory. Covered services not payable under Medicaid Fee Schedules default to a payment of 50 percent of charges.,175.48,,,,,,,Fee Schedule,225% of NYS APG. Lesser of 100% of billed charges applies.,175.48,,,,,,,Case Rate,225 Percent of Medicaid APG. Covered services not payable under Medicaid Fee Schedules default to a payment of 87.5 percent of charges.,13.01,,,,,,,Fee schedule,90 Percent of Medicare Laboratory. Covered services not payable under Medicaid Fee Schedules default to a payment of 50 percent of charges.,175.48,,,,,,,Fee Schedule,225% of NYS APG. Lesser of 100% of billed charges applies.,175.48,,,,,,,Fee Schedule,225% of NYS APG. Lesser of 100% of billed charges applies.,175.48,,,,,,,Fee Schedule,225% of NYS APG. Lesser of 100% of billed charges applies.,175.48,,,,,,,Fee Schedule,225% of NYS APG. Lesser of 100% of billed charges applies.,175.48,,,,,,,Fee Schedule,225% of NYS APG. Lesser of 100% of billed charges applies.,175.48,,,,,,,Fee Schedule,225% of NYS APG. Lesser of 100% of billed charges applies.,,,,,,,,,"NA. ",,,,,,,,,"NA. ",,,,,,,,,"NA. ",25.49,,,,,,,Fee Schedule,"150 % 2018 Cigna RBRVS fee schedule. ",,,,,,,,,"NA. ",14.46,,,,,,,Fee Schedule,"100% Medicare Lab FS. ",12,,,,,,,Fee Schedule,"100 % 1199 Fee Schedule. ",14.46,,,,,,,Fee Schedule,"100% Medicare Lab FS. ",14.46,,,,,,,Fee Schedule,"100% Medicare Lab FS. ",93.59,,,,,,,Case Rate,"120 Percent of Medicaid APG. Not APG payable, or payable under another fee schedule like ASP/AWP pays at 30% of charges",93.59,,,,,,,Case Rate,"120 Percent of Medicaid APG. Not APG payable, or payable under another fee schedule like ASP/AWP pays at 30% of charges",77.99,,,,,,,Case Rate,"100 Percent of Medicaid APG. Not APG payable, or payable under another fee schedule like ASP/AWP pays at 30% of charges",77.99,,,,,,,Case Rate,"100 Percent of Medicaid APG. Not APG payable, or payable under another fee schedule like ASP/AWP pays at 30% of charges",77.99,,,,,,,Case Rate,"100 Percent of Medicaid APG. ",31.38,,,,,,,Fee Schedule,"217 % Medicare RBRVS. ",36.29,,,,,,,Fee Schedule,"250.968188105118 % Medicare Physician FS TC Rates Only. ",36.87,,,,,,,Fee Schedule,"255 % Medicare RBRVS. ",25.49,,,,,,,Fee Schedule,"150 % 2018 Cigna RBRVS fee schedule. ",14.46,,,,,,,Fee Schedule,"100% Medicare Lab FS. ",14.46,,,,,,,Fee Schedule,"100% Medicare Lab FS. ",14.46,,,,,,,Fee Schedule,"100% Medicare Lab FS. ",14.46,,,,,,,Fee Schedule,"100% Medicare Lab FS. ",14.46,,,,,,,Fee Schedule,"100% Medicare Lab FS. ",14.46,,,,,,,Fee Schedule,"100% Medicare Lab FS. ",,,,,,,,,"NA. ",175.48,,,,,,,Fee Schedule,225% of NYS APG. Lesser of 100% of billed charges applies.,6.97,,,,,,,Fee Schedule,100% Medicaid Fee Schedule. Lesser of 100% of billed charges applies.,27.8,,,,,,,Fee Schedule,"238 % 2013 Manhattan Medicare. ",31.38,,,,,,,Fee Schedule,"217 % Medicare RBRVS. ",31.38,,,,,,,Fee Schedule,"217 % Medicare RBRVS. ",31.38,,,,,,,Fee Schedule,"217 % Medicare RBRVS. ",31.38,,,,,,,Fee Schedule,"217 % Medicare RBRVS. ",14.46,,,,,,,Fee Schedule,"100% Medicare Lab FS. ",77.99,,,,,,,Case Rate,"100 Percent of Medicaid APG. ",27.8,,,,,,,Fee Schedule,"238 % 2013 Manhattan Medicare. ",77.99,,,,,,,Case Rate,"100 Percent of Medicaid APG. ",14.46,,,,,,,Fee Schedule,"100% Medicare Lab FS. ",77.99,,,,,,,Case Rate,"100 Percent of Medicaid APG. ",14.46,,,,,,,Fee Schedule,"100% Medicare Lab FS. ",14.46,,,,,,,Fee Schedule,"100% Medicare Lab FS. ",77.99,,,,,,,Case Rate,"100 Percent of Medicaid APG. ",77.99,,,,,,,Case Rate,"100 Percent of Medicaid APG. ",31.38,,,,,,,Fee Schedule,"217 % Medicare RBRVS. ",25.49,,,,,,,Fee Schedule,"150 % 2018 Cigna RBRVS fee schedule. ",38.5632,78,,,,,0,percent of total billed charges,78% of Billed Charges. Lesser of 100% of billed charges applies.; No services were performed during the 15 month look back period.,14.46,,,,,,,Fee Schedule,"100 % 2019 CMS Clinical Lab National Limit Pub 20190115. ",14.46,,,,,,,Fee Schedule,"100 % 2019 CMS Clinical Lab National Limit Pub 20190115. ",36.29,,,,,,,Fee Schedule,"250.968188105118 % Medicare Physician FS TC Rates Only. ",14.17,,,,,,,Fee Schedule,"98% Lab FS. ",27.91,,,,,,,Fee Schedule,"193 % Medicare RBRVS. ",27.91,,,,,,,Fee Schedule,"193 % Medicare RBRVS. ",22.24,,,,,,,Fee Schedule,"190.4 % 2013 Manhattan Medicare. ",22.24,,,,,,,Fee Schedule,"190.4 % 2013 Manhattan Medicare. ",14.46,,,,,,,Fee Schedule,"100% Medicare Lab FS. ",14.46,,,,,,,Fee Schedule,"100% Medicare Lab FS. ",14.46,,,,,,,Fee Schedule,"100% Medicare Lab FS. ",14.46,,,,,,,Fee Schedule,"100% Medicare Lab FS. ",14.46,,,,,,,Fee Schedule,"100 % 2019 CMS Clinical Lab National Limit Pub 20190115. ",27.8,,,,,,,Fee Schedule,"238 % 2013 Manhattan Medicare. ",27.8,,,,,,,Fee Schedule,"238 % 2013 Manhattan Medicare. ",14.46,,,,,,,Fee Schedule,"100% Medicare Lab FS. ",22.24,,,,,,,Fee Schedule,"190.4 % 2013 Manhattan Medicare. ",36.87,,,,,,,Fee Schedule,"255 % Medicare RBRVS. ",93.59,,,,,,,Fee Schedule,"120 Percent of Medicaid APG. ",77.99,,,,,,,Case Rate,"100 Percent of Medicaid APG. ",31.38,,,,,,,Fee Schedule,"217 % Medicare RBRVS. ",25.02,,,,,,,Fee Schedule,"214.2 % 2013 Manhattan Medicare. ",25.02,,,,,,,Fee Schedule,"214.2 % 2013 Manhattan Medicare. ",27.8,,,,,,,Fee Schedule,"238 % 2013 Manhattan Medicare. ",24.72,50,,,,,0,percent of total billed charges,50 percent of billed charges; No services were performed during the 15 month look back period.,14.46,,,,,,,Fee Schedule,"100% Medicare Lab FS. ",81.89,,,,,,,Fee Schedule,105 percent of Medicaid APG. otherwise 105% of Ordered NYS MCD FS or 105% of ASP+6%,81.89,,,,,,,Fee Schedule,105 percent of Medicaid APG. otherwise 105% of Ordered NYS MCD FS or 105% of ASP+6%,81.89,,,,,,,Fee Schedule,105 percent of Medicaid APG. otherwise 105% of Ordered NYS MCD FS or 105% of ASP+6%,105.29,,,,,,,Fee Schedule,135 percent of Medicaid APG. otherwise 135% of Ordered NYS MCD FS or 135% of ASP+6%,14.46,,,,,,,Fee Schedule,"100 % 2019 CMS Clinical Lab National Limit Pub 20190115. ",81.89,,,,,,,Fee Schedule,105 percent of Medicaid APG. otherwise 105% of Ordered NYS MCD FS or 105% of ASP+6%,81.89,,,,,,,Fee Schedule,105 percent of Medicaid APG. otherwise 105% of Ordered NYS MCD FS or 105% of ASP+6%,81.89,,,,,,,Fee Schedule,105 percent of Medicaid APG. otherwise 105% of Ordered NYS MCD FS or 105% of ASP+6%,81.89,,,,,,,Fee Schedule,105 percent of Medicaid APG. otherwise 105% of Ordered NYS MCD FS or 105% of ASP+6%,81.89,,,,,,,Fee Schedule,105 percent of Medicaid APG. otherwise 105% of Ordered NYS MCD FS or 105% of ASP+6%,105.29,,,,,,,Fee Schedule,135 percent of Medicaid APG. otherwise 135% of Ordered NYS MCD FS or 135% of ASP+6%,105.29,,,,,,,Fee Schedule,135 percent of Medicaid APG. otherwise 135% of Ordered NYS MCD FS or 135% of ASP+6%,14.46,,,,,,,Fee Schedule,"100% Medicare Lab FS. ",14.46,,,,,,,Fee Schedule,"100 % 2019 CMS Clinical Lab National Limit Pub 20190115. ",14.46,,,,,,,Fee Schedule,"100% Medicare Lab FS. ",81.89,,,,,,,Fee Schedule,105 percent of Medicaid APG. otherwise 105% of Ordered NYS MCD FS or 105% of ASP+6%,27.8,,,,,,,Fee Schedule,"238 % 2013 Manhattan Medicare. ",14.46,,,,,,,Fee Schedule,"100% Medicare Lab FS. ",27.8,,,,,,,Fee Schedule,"238 % 2013 Manhattan Medicare. ",27.8,,,,,,,Fee Schedule,"238 % 2013 Manhattan Medicare. ",27.8,,,,,,,Fee Schedule,"238 % 2013 Manhattan Medicare. ",81.89,,,,,,,Fee Schedule,105 percent of Medicaid APG. otherwise 105% of Ordered NYS MCD FS or 105% of ASP+6%,14.46,,,,,,,Fee Schedule,"100% Medicare Lab FS. ",27.8,,,,,,,Fee Schedule,"238 % 2013 Manhattan Medicare. ",105.29,,,,,,,Fee Schedule,135 percent of Medicaid APG. otherwise 135% of Ordered NYS MCD FS or 135% of ASP+6%,27.8,,,,,,,Fee Schedule,"238 % 2013 Manhattan Medicare. ",21.69,,,,,,,Fee Schedule,"150% of Medicare Lab FS. ",14.46,,,,,,,Fee Schedule,"100% Medicare Lab FS. ",31.38,,,,,,,Fee Schedule,"217 % Medicare RBRVS. ",31.38,,,,,,,Fee Schedule,"217 % Medicare RBRVS. ",31.38,,,,,,,Fee Schedule,"217 % Medicare RBRVS. ",31.38,,,,,,,Fee Schedule,"217 % Medicare RBRVS. ",31.38,,,,,,,Fee Schedule,"217 % Medicare RBRVS. ",36.87,,,,,,,Fee Schedule,"255 % Medicare RBRVS. ",36.87,,,,,,,Fee Schedule,"255 % Medicare RBRVS. ",31.38,,,,,,,Fee Schedule,"217 % Medicare RBRVS. ",31.38,,,,,,,Fee Schedule,"217 % Medicare RBRVS. ",31.38,,,,,,,Fee Schedule,"217 % Medicare RBRVS. ",31.38,,,,,,,Fee Schedule,"217 % Medicare RBRVS. ",31.38,,,,,,,Fee Schedule,"217 % Medicare RBRVS. ",14.46,,,,,,,Fee Schedule,"100% Medicare Lab FS. ",36.87,,,,,,,Fee Schedule,"255 % Medicare RBRVS. ",14.46,,,,,,,Fee Schedule,"100% Medicare Lab FS. ",175.48,,,,,,,Case Rate,"225 Percent of Medicaid APG. If not included in Medicaid APG, then 100 Percent of Manhattan Medicare",77.99,,,,,,,Case Rate,"100 Percent of Medicaid APG. If not priced under APG, then Metroplus FeeSched",14.46,,,,,,,Fee Schedule,"100 % 2019 CMS Clinical Lab National Limit Pub 20190115. ",14.46,,,,,,,Fee Schedule,"100 % 2019 CMS Clinical Lab National Limit Pub 20190115. ",14.46,,,,,,,Fee Schedule,"100% Medicare Lab FS. ",27.91,,,,,,,Fee Schedule,"193 % Medicare RBRVS. ",14.46,,,,,,,Fee Schedule,"100% Medicare Lab FS. ",14.46,,,,,,,Fee Schedule,"100% Medicare Lab FS. ",36.29,,,,,,,Fee Schedule,"250.968188105118 % Medicare Physician FS TC Rates Only. ",14.46,,,,,,,Fee Schedule,"100% Medicare Lab FS. ",25.49,,,,,,,Fee Schedule,"150 % 2018 Cigna RBRVS fee schedule. ",14.46,,,,,,,Fee Schedule,"100% Medicare Lab FS. ",25.49,,,,,,,Fee Schedule,"150 % 2018 Cigna RBRVS fee schedule. ",36.29,,,,,,,Fee Schedule,"250.968188105118 % Medicare Physician FS TC Rates Only. ",25.49,,,,,,,Fee Schedule,"150 % 2018 Cigna RBRVS fee schedule. ",14.46,,,,,,,Fee Schedule,"100% Medicare Lab FS. ",77.99,,,,,,,Case Rate,"100 Percent of Medicaid APG. ",14.46,,,,,,,Fee Schedule,"100% Medicare Lab FS. ",25.49,,,,,,,Fee Schedule,"150 % 2018 Cigna RBRVS fee schedule. ",14.46,,,,,,,Fee Schedule,"100 % 2019 CMS Clinical Lab National Limit Pub 20190115. ",77.99,,,,,,,Case Rate,"100 Percent of Medicaid APG. ",27.8,,,,,,,Fee Schedule,"238 % 2013 Manhattan Medicare. ",93.59,,,,,,,Fee Schedule,"120 Percent of Medicaid APG. ",93.59,,,,,,,Fee Schedule,"120 Percent of Medicaid APG. ",27.8,,,,,,,Fee Schedule,"238 % 2013 Manhattan Medicare. ",27.8,,,,,,,Fee Schedule,"238 % 2013 Manhattan Medicare. ",27.8,,,,,,,Fee Schedule,"238 % 2013 Manhattan Medicare. ",14.46,,,,,,,Fee Schedule,"100 % 2019 CMS Clinical Lab National Limit Pub 20190115. ",27.8,,,,,,,Fee Schedule,"238 % 2013 Manhattan Medicare. ",27.8,,,,,,,Fee Schedule,"238 % 2013 Manhattan Medicare. ",27.8,,,,,,,Fee Schedule,"238 % 2013 Manhattan Medicare. ",31.38,,,,,,,Fee Schedule,"217 % Medicare RBRVS. ",31.38,,,,,,,Fee Schedule,"217 % Medicare RBRVS. ",20.39,,,,,,,Fee Schedule,141 Percent of of Medicare Lab FS. Metroplus will reimburse unlisted codes and described codes with no Medicare rate at 50 percent of charges.,77.99,,,,,,,Case Rate,"100 Percent of Medicaid APG. ",14.46,,,,,,,Fee Schedule,"100 % 2019 CMS Clinical Lab National Limit Pub 20190115. ",25.49,,,,,,,Fee Schedule,"150 % 2018 Cigna RBRVS fee schedule. ",36.29,,,,,,,Fee Schedule,"250.968188105118 % Medicare Physician FS TC Rates Only. ",14.46,,,,,,,Fee Schedule,"100 % 2019 CMS Clinical Lab National Limit Pub 20190115. ",36.29,,,,,,,Fee Schedule,"250.968188105118 % Medicare Physician FS TC Rates Only. ",14.46,,,,,,,Fee Schedule,"100 % 2019 CMS Clinical Lab National Limit Pub 20190115. ",27.8,,,,,,,Fee Schedule,"238 % 2013 Manhattan Medicare. ",27.8,,,,,,,Fee Schedule,"238 % 2013 Manhattan Medicare. ",27.8,,,,,,,Fee Schedule,"238 % 2013 Manhattan Medicare. ",27.8,,,,,,,Fee Schedule,"238 % 2013 Manhattan Medicare. ",14.46,,,,,,,Fee Schedule,"100% Medicare Lab FS. ",6.97,175.48,
85547,CPT,2021640,LOCAL,305,RC,HC RBC MECHANICAL FRAGILITY,36.77,10.32,both,,,,10,,,,,,,Fee Schedule,"100 % 1199 Fee Schedule. ",10,,,,,,,Fee Schedule,"100 % 1199 Fee Schedule. ",21.59,,,,,,,Fee Schedule,"251.046511627907 % Medicare Physician FS TC Rates Only. ",36.77,100,,,,,0,percent of total billed charges,100 percent of billed charges. ; No services were performed during the 15 month look back period.,8.6,,,,,,,Fee Schedule,"100% Medicare Lab FS. ",21.59,,,,,,,Fee Schedule,"251.046511627907 % Medicare Physician FS TC Rates Only. ",21.59,,,,,,,Fee Schedule,"251.046511627907 % Medicare Physician FS TC Rates Only. ",21.59,,,,,,,Fee Schedule,"251.046511627907 % Medicare Physician FS TC Rates Only. ",90.88,,,,,,,Case Rate,"100 Percent of Medicaid APG. ",75.73,,,,,,,Case Rate,"100 Percent of Medicaid APG. ",28.6806,78,,,,,0,percent of total billed charges,78% of Billed Charges. Lesser of 100% of billed charges applies.; No services were performed during the 15 month look back period.,9.56,,,,,,,Fee Schedule,"100 % 2019 CMS Clinical Lab National Limit Pub 20190115. ",75.73,,,,,,,Case Rate,"100 Percent of Medicaid APG. ",8.6,,,,,,,Fee Schedule,"100% Medicare Lab FS. ",19.12,,,,,,,Fee Schedule,"150 % 2018 Cigna RBRVS fee schedule. ",19.12,,,,,,,Fee Schedule,"150 % 2018 Cigna RBRVS fee schedule. ",19.12,,,,,,,Fee Schedule,"150 % 2018 Cigna RBRVS fee schedule. ",19.12,,,,,,,Fee Schedule,"150 % 2018 Cigna RBRVS fee schedule. ",7.74,,,,,,,Fee schedule,90 Percent of Medicare Laboratory. Covered services not payable under Medicaid Fee Schedules default to a payment of 50 percent of charges.,8.6,,,,,,,Fee Schedule,"100% Medicare Lab FS. ",7.74,,,,,,,Fee schedule,90 Percent of Medicare Laboratory. Covered services not payable under Medicaid Fee Schedules default to a payment of 50 percent of charges.,28.6806,78,,,,,0,percent of total billed charges,78% of Billed Charges. Lesser of 100% of billed charges applies.; No services were performed during the 15 month look back period.,21.59,,,,,,,Fee Schedule,"251.046511627907 % Medicare Physician FS TC Rates Only. ",8.6,,,,,,,Fee Schedule,"100% Medicare Lab FS. ",21.93,,,,,,,Fee Schedule,"255 % Medicare RBRVS. ",8.6,,,,,,,Fee Schedule,"100% Medicare Lab FS. ",8.6,,,,,,,Fee Schedule,"100% Medicare Lab FS. ",28.6806,78,,,,,0,percent of total billed charges,78% of Billed Charges. Lesser of 100% of billed charges applies.; No services were performed during the 15 month look back period.,7.74,,,,,,,Fee Schedule,90 Percent of Medicare RBRVS. Lesser of 100% of billed charges applies.,7.74,,,,,,,Fee Schedule,90 Percent of Medicare RBRVS. Lesser of 100% of billed charges applies.,7.74,,,,,,,Fee schedule,"90 Percent of Medicare RBRVS. ",7.74,,,,,,,Fee schedule,"90 Percent of Medicare RBRVS. ",21.93,,,,,,,Fee Schedule,"255 % Medicare RBRVS. ",21.93,,,,,,,Fee Schedule,"255 % Medicare RBRVS. ",75.73,,,,,,,Case Rate,"100 Percent of Medicaid APG. Not APG payable, or payable under another fee schedule like ASP/AWP pays at 30% of charges",21.93,,,,,,,Fee Schedule,"255 % Medicare RBRVS. ",75.73,,,,,,,Case Rate,"100 Percent of Medicaid APG. Not APG payable, or payable under another fee schedule like ASP/AWP pays at 30% of charges",8.6,,,,,,,Fee Schedule,"100% Medicare Lab FS. ",21.93,,,,,,,Fee Schedule,"255 % Medicare RBRVS. ",28.6806,78,,,,,0,percent of total billed charges,78% of Billed Charges. Lesser of 100% of billed charges applies.; No services were performed during the 15 month look back period.,75.73,,,,,,,Case Rate,"100 Percent of Medicaid APG. If not priced under APG, then Metroplus FeeSched",75.73,,,,,,,Case Rate,"100 Percent of Medicaid APG. If not priced under APG, then Metroplus FeeSched",28.6806,78,,,,,0,percent of total billed charges,78% of Billed Charges. Lesser of 100% of billed charges applies.; No services were performed during the 15 month look back period.,19.12,,,,,,,Fee Schedule,"150 % 2018 Cigna RBRVS fee schedule. ",9.56,,,,,,,Fee Schedule,"100 % 2019 CMS Clinical Lab National Limit Pub 20190115. ",9.56,,,,,,,Fee Schedule,"100 % 2019 CMS Clinical Lab National Limit Pub 20190115. ",28.6806,78,,,,,0,percent of total billed charges,78% of Billed Charges. Lesser of 100% of billed charges applies.; No services were performed during the 15 month look back period.,8.6,,,,,,,Fee Schedule,"100% Medicare Lab FS. ",9.56,,,,,,,Fee Schedule,"100 % 2019 CMS Clinical Lab National Limit Pub 20190115. ",9.56,,,,,,,Fee Schedule,"100 % 2019 CMS Clinical Lab National Limit Pub 20190115. ",9.56,,,,,,,Fee Schedule,"100 % 2019 CMS Clinical Lab National Limit Pub 20190115. ",8.6,,,,,,,Fee Schedule,"100% Medicare Lab FS. ",9.56,,,,,,,Fee Schedule,"100 % 2019 CMS Clinical Lab National Limit Pub 20190115. ",9.56,,,,,,,Fee Schedule,"100 % 2019 CMS Clinical Lab National Limit Pub 20190115. ",8.6,,,,,,,Fee Schedule,"100% of Medicare Lab FS. ",18.385,50,,,,,0,percent of total billed charges,50 percent of billed charges; No services were performed during the 15 month look back period.,21.35,,,,,,,Fee Schedule,"238 % 2013 Manhattan Medicare. ",21.35,,,,,,,Fee Schedule,"238 % 2013 Manhattan Medicare. ",21.35,,,,,,,Fee Schedule,"238 % 2013 Manhattan Medicare. ",21.35,,,,,,,Fee Schedule,"238 % 2013 Manhattan Medicare. ",21.35,,,,,,,Fee Schedule,"238 % 2013 Manhattan Medicare. ",21.35,,,,,,,Fee Schedule,"238 % 2013 Manhattan Medicare. ",8.6,,,,,,,Fee Schedule,"100% Medicare Lab FS. ",8.6,,,,,,,Fee Schedule,"100% Medicare Lab FS. ",21.35,,,,,,,Fee Schedule,"238 % 2013 Manhattan Medicare. ",28.6806,78,,,,,0,percent of total billed charges,78% of Billed Charges. Lesser of 100% of billed charges applies.; No services were performed during the 15 month look back period.,28.6806,78,,,,,0,percent of total billed charges,78% of Billed Charges. Lesser of 100% of billed charges applies.; No services were performed during the 15 month look back period.,28.6806,78,,,,,0,percent of total billed charges,78% of Billed Charges. Lesser of 100% of billed charges applies.; No services were performed during the 15 month look back period.,28.6806,78,,,,,0,percent of total billed charges,78% of Billed Charges. Lesser of 100% of billed charges applies.; No services were performed during the 15 month look back period.,28.6806,78,,,,,0,percent of total billed charges,78% of Billed Charges. Lesser of 100% of billed charges applies.; No services were performed during the 15 month look back period.,28.6806,78,,,,,0,percent of total billed charges,78% of Billed Charges. Lesser of 100% of billed charges applies.; No services were performed during the 15 month look back period.,28.6806,78,,,,,0,percent of total billed charges,78% of Billed Charges. Lesser of 100% of billed charges applies.; No services were performed during the 15 month look back period.,28.6806,78,,,,,0,percent of total billed charges,78% of Billed Charges. Lesser of 100% of billed charges applies.; No services were performed during the 15 month look back period.,28.6806,78,,,,,0,percent of total billed charges,78% of Billed Charges. Lesser of 100% of billed charges applies.; No services were performed during the 15 month look back period.,28.6806,78,,,,,0,percent of total billed charges,78% of Billed Charges. Lesser of 100% of billed charges applies.; No services were performed during the 15 month look back period.,28.6806,78,,,,,0,percent of total billed charges,78% of Billed Charges. Lesser of 100% of billed charges applies.; No services were performed during the 15 month look back period.,28.6806,78,,,,,0,percent of total billed charges,78% of Billed Charges. Lesser of 100% of billed charges applies.; No services were performed during the 15 month look back period.,28.6806,78,,,,,0,percent of total billed charges,78% of Billed Charges. Lesser of 100% of billed charges applies.; No services were performed during the 15 month look back period.,28.6806,78,,,,,0,percent of total billed charges,78% of Billed Charges. Lesser of 100% of billed charges applies.; No services were performed during the 15 month look back period.,28.6806,78,,,,,0,percent of total billed charges,78% of Billed Charges. Lesser of 100% of billed charges applies.; No services were performed during the 15 month look back period.,28.6806,78,,,,,0,percent of total billed charges,78% of Billed Charges. Lesser of 100% of billed charges applies.; No services were performed during the 15 month look back period.,28.6806,78,,,,,0,percent of total billed charges,78% of Billed Charges. Lesser of 100% of billed charges applies.; No services were performed during the 15 month look back period.,28.6806,78,,,,,0,percent of total billed charges,78% of Billed Charges. Lesser of 100% of billed charges applies.; No services were performed during the 15 month look back period.,28.6806,78,,,,,0,percent of total billed charges,78% of Billed Charges. Lesser of 100% of billed charges applies.; No services were performed during the 15 month look back period.,28.6806,78,,,,,0,percent of total billed charges,78% of Billed Charges. Lesser of 100% of billed charges applies.; No services were performed during the 15 month look back period.,28.6806,78,,,,,0,percent of total billed charges,78% of Billed Charges. Lesser of 100% of billed charges applies.; No services were performed during the 15 month look back period.,28.6806,78,,,,,0,percent of total billed charges,78% of Billed Charges. Lesser of 100% of billed charges applies.; No services were performed during the 15 month look back period.,28.6806,78,,,,,0,percent of total billed charges,78% of Billed Charges. Lesser of 100% of billed charges applies.; No services were performed during the 15 month look back period.,28.6806,78,,,,,0,percent of total billed charges,78% of Billed Charges. Lesser of 100% of billed charges applies.; No services were performed during the 15 month look back period.,28.6806,78,,,,,0,percent of total billed charges,78% of Billed Charges. Lesser of 100% of billed charges applies.; No services were performed during the 15 month look back period.,28.6806,78,,,,,0,percent of total billed charges,78% of Billed Charges. Lesser of 100% of billed charges applies.; No services were performed during the 15 month look back period.,21.93,,,,,,,Fee Schedule,"255 % Medicare RBRVS. ",21.93,,,,,,,Fee Schedule,"255 % Medicare RBRVS. ",21.93,,,,,,,Fee Schedule,"255 % Medicare RBRVS. ",21.93,,,,,,,Fee Schedule,"255 % Medicare RBRVS. ",16.6,,,,,,,Fee Schedule,"193 % Medicare RBRVS. ",16.6,,,,,,,Fee Schedule,"193 % Medicare RBRVS. ",19.12,,,,,,,Fee Schedule,"150 % 2018 Cigna RBRVS fee schedule. ",21.35,,,,,,,Fee Schedule,"238 % 2013 Manhattan Medicare. ",9.56,,,,,,,Fee Schedule,"100 % 2019 CMS Clinical Lab National Limit Pub 20190115. ",21.35,,,,,,,Fee Schedule,"238 % 2013 Manhattan Medicare. ",28.6806,78,,,,,0,percent of total billed charges,78% of Billed Charges. Lesser of 100% of billed charges applies.; No services were performed during the 15 month look back period.,16.6,,,,,,,Fee Schedule,"193 % Medicare RBRVS. ",21.35,,,,,,,Fee Schedule,"238 % 2013 Manhattan Medicare. ",9.56,,,,,,,Fee Schedule,"100 % 2019 CMS Clinical Lab National Limit Pub 20190115. ",19.12,,,,,,,Fee Schedule,"150 % 2018 Cigna RBRVS fee schedule. ",,,,,,,,,"NA. ",28.6806,78,,,,,0,percent of total billed charges,78% of Billed Charges. Lesser of 100% of billed charges applies.; No services were performed during the 15 month look back period.,75.73,,,,,,,Case Rate,"100 Percent of Medicaid APG. ",21.93,,,,,,,Fee Schedule,"255 % Medicare RBRVS. ",75.73,,,,,,,Case Rate,"100 Percent of Medicaid APG. Not APG payable, or payable under another fee schedule like ASP/AWP pays at 30% of charges",8.6,,,,,,,Fee Schedule,"100% Medicare Lab FS. ",8.6,,,,,,,Fee Schedule,"100% Medicare Lab FS. ",18.385,50,,,,,0,percent of total billed charges,50 percent of billed charges; No services were performed during the 15 month look back period.,8.6,,,,,,,Fee Schedule,"100% Medicare Lab FS. ",8.6,,,,,,,Fee Schedule,"100% Medicare Lab FS. ",75.73,,,,,,,Case Rate,"100 Percent of Medicaid APG. ",8.6,,,,,,,Fee Schedule,"100% Medicare Lab FS. ",8.6,,,,,,,Fee Schedule,"100% Medicare Lab FS. ",21.59,,,,,,,Fee Schedule,"251.046511627907 % Medicare Physician FS TC Rates Only. ",21.59,,,,,,,Fee Schedule,"251.046511627907 % Medicare Physician FS TC Rates Only. ",8.6,,,,,,,Fee Schedule,"100% Medicare Lab FS. ",19.12,,,,,,,Fee Schedule,"150 % 2018 Cigna RBRVS fee schedule. ",9.56,,,,,,,Fee Schedule,"100 % 2019 CMS Clinical Lab National Limit Pub 20190115. ",9.56,,,,,,,Fee Schedule,"100 % 2019 CMS Clinical Lab National Limit Pub 20190115. ",8.6,,,,,,,Fee Schedule,"100% Medicare Lab FS. ",19.12,,,,,,,Fee Schedule,"150 % 2018 Cigna RBRVS fee schedule. ",21.59,,,,,,,Fee Schedule,"251.046511627907 % Medicare Physician FS TC Rates Only. ",21.59,,,,,,,Fee Schedule,"251.046511627907 % Medicare Physician FS TC Rates Only. ",21.59,,,,,,,Fee Schedule,"251.046511627907 % Medicare Physician FS TC Rates Only. ",28.6806,78,,,,,0,percent of total billed charges,78% of Billed Charges. Lesser of 100% of billed charges applies.; No services were performed during the 15 month look back period.,28.6806,78,,,,,0,percent of total billed charges,78% of Billed Charges. Lesser of 100% of billed charges applies.; No services were performed during the 15 month look back period.,28.6806,78,,,,,0,percent of total billed charges,78% of Billed Charges. Lesser of 100% of billed charges applies.; No services were performed during the 15 month look back period.,28.6806,78,,,,,0,percent of total billed charges,78% of Billed Charges. Lesser of 100% of billed charges applies.; No services were performed during the 15 month look back period.,28.6806,78,,,,,0,percent of total billed charges,78% of Billed Charges. Lesser of 100% of billed charges applies.; No services were performed during the 15 month look back period.,28.6806,78,,,,,0,percent of total billed charges,78% of Billed Charges. Lesser of 100% of billed charges applies.; No services were performed during the 15 month look back period.,28.6806,78,,,,,0,percent of total billed charges,78% of Billed Charges. Lesser of 100% of billed charges applies.; No services were performed during the 15 month look back period.,28.6806,78,,,,,0,percent of total billed charges,78% of Billed Charges. Lesser of 100% of billed charges applies.; No services were performed during the 15 month look back period.,28.6806,78,,,,,0,percent of total billed charges,78% of Billed Charges. Lesser of 100% of billed charges applies.; No services were performed during the 15 month look back period.,28.6806,78,,,,,0,percent of total billed charges,78% of Billed Charges. Lesser of 100% of billed charges applies.; No services were performed during the 15 month look back period.,28.6806,78,,,,,0,percent of total billed charges,78% of Billed Charges. Lesser of 100% of billed charges applies.; No services were performed during the 15 month look back period.,16.6,,,,,,,Fee Schedule,"193 % Medicare RBRVS. ",21.35,,,,,,,Fee Schedule,"238 % 2013 Manhattan Medicare. ",19.12,,,,,,,Fee Schedule,"150 % 2018 Cigna RBRVS fee schedule. ",8.6,,,,,,,Fee Schedule,"100% Medicare Lab FS. ",21.59,,,,,,,Fee Schedule,"251.046511627907 % Medicare Physician FS TC Rates Only. ",19.12,,,,,,,Fee Schedule,"150 % 2018 Cigna RBRVS fee schedule. ",19.12,,,,,,,Fee Schedule,"150 % 2018 Cigna RBRVS fee schedule. ",28.6806,78,,,,,0,percent of total billed charges,78% of Billed Charges. Lesser of 100% of billed charges applies.; No services were performed during the 15 month look back period.,162.06,,,,,,,Case Rate,"141 Percent of current Medicare RBRVS FeeSched. ",19.12,,,,,,,Fee Schedule,"150 % 2018 Cigna RBRVS fee schedule. ",75.73,,,,,,,Case Rate,"100 Percent of Medicaid APG. ",8.6,,,,,,,Fee Schedule,"100% Medicare Lab FS. ",8.6,,,,,,,Fee Schedule,"100% Medicare Lab FS. ",8.6,,,,,,,Fee Schedule,"100% Medicare Lab FS. ",8.6,,,,,,,Fee Schedule,"100% Medicare Lab FS. ",8.6,,,,,,,Fee Schedule,"100% Medicare Lab FS. ",8.6,,,,,,,Fee Schedule,"100% Medicare Lab FS. ",19.12,,,,,,,Fee Schedule,"150 % 2018 Cigna RBRVS fee schedule. ",18.385,50,,,,,0,percent of total billed charges,50 percent of billed charges; No services were performed during the 15 month look back period.,13.76,,,,,,,Fee Schedule,"160 Percent of Medicare Laboratory. ",13.76,,,,,,,Fee Schedule,"160 Percent of Medicare Laboratory. ",13.76,,,,,,,Fee Schedule,"160 Percent of Medicare Laboratory. ",13.76,,,,,,,Fee Schedule,"160 Percent of Medicare Laboratory. ",13.76,,,,,,,Fee Schedule,"160 Percent of Medicare Laboratory. ",,,,,,,,,"NA. ",18.385,50,,,,,0,percent of total billed charges,50 percent of billed charges; No services were performed during the 15 month look back period.,12.13,,,,,,,Fee Schedule,141 Percent of of Medicare Lab FS. Metroplus will reimburse unlisted codes and described codes with no Medicare rate at 50 percent of charges.,12.13,,,,,,,Fee Schedule,141 Percent of of Medicare Lab FS. Metroplus will reimburse unlisted codes and described codes with no Medicare rate at 50 percent of charges.,12.13,,,,,,,Fee Schedule,141 Percent of of Medicare Lab FS. Metroplus will reimburse unlisted codes and described codes with no Medicare rate at 50 percent of charges.,12.13,,,,,,,Fee Schedule,141 Percent of of Medicare Lab FS. Metroplus will reimburse unlisted codes and described codes with no Medicare rate at 50 percent of charges.,12.13,,,,,,,Fee Schedule,141 Percent of of Medicare Lab FS. Metroplus will reimburse unlisted codes and described codes with no Medicare rate at 50 percent of charges.,8.6,,,,,,,Fee Schedule,"100% Medicare Lab FS. ",16.6,,,,,,,Fee Schedule,"193 % Medicare RBRVS. ",16.6,,,,,,,Fee Schedule,"193 % Medicare RBRVS. ",16.6,,,,,,,Fee Schedule,"193 % Medicare RBRVS. ",16.6,,,,,,,Fee Schedule,"193 % Medicare RBRVS. ",21.59,,,,,,,Fee Schedule,"251.046511627907 % Medicare Physician FS TC Rates Only. ",21.59,,,,,,,Fee Schedule,"251.046511627907 % Medicare Physician FS TC Rates Only. ",21.59,,,,,,,Fee Schedule,"251.046511627907 % Medicare Physician FS TC Rates Only. ",21.59,,,,,,,Fee Schedule,"251.046511627907 % Medicare Physician FS TC Rates Only. ",18.385,50,,,,,0,percent of total billed charges,50 percent of billed charges; No services were performed during the 15 month look back period.,18.385,50,,,,,0,percent of total billed charges,50 percent of billed charges; No services were performed during the 15 month look back period.,8.6,,,,,,,Fee Schedule,"100% Medicare Lab FS. ",8.6,,,,,,,Fee Schedule,"100% Medicare Lab FS. ",8.6,,,,,,,Fee Schedule,"100% Medicare Lab FS. ",21.35,,,,,,,Fee Schedule,"238 % 2013 Manhattan Medicare. ",21.35,,,,,,,Fee Schedule,"238 % 2013 Manhattan Medicare. ",21.35,,,,,,,Fee Schedule,"238 % 2013 Manhattan Medicare. ",18.385,50,,,,,0,percent of total billed charges,50 percent of billed charges; No services were performed during the 15 month look back period.,21.59,,,,,,,Fee Schedule,"251.046511627907 % Medicare Physician FS TC Rates Only. ",8.6,,,,,,,Fee Schedule,"100% Medicare Lab FS. ",21.35,,,,,,,Fee Schedule,"238 % 2013 Manhattan Medicare. ",75.73,,,,,,,Case Rate,"100 Percent of Medicaid APG. ",8.77,,,,,,,Fee Schedule,"102% of Medicare Lab FS. ",8.77,,,,,,,Fee Schedule,"102% of Medicare Lab FS. ",8.77,,,,,,,Fee Schedule,"102% of Medicare Lab FS. ",7.74,,,,,,,Fee schedule,"90 Percent of Medicare RBRVS. ",170.39,,,,,,,Fee Schedule,225% of NYS APG. Lesser of 100% of billed charges applies.,170.39,,,,,,,Fee Schedule,225% of NYS APG. Lesser of 100% of billed charges applies.,170.39,,,,,,,Fee Schedule,225% of NYS APG. Lesser of 100% of billed charges applies.,170.39,,,,,,,Fee Schedule,225% of NYS APG. Lesser of 100% of billed charges applies.,170.39,,,,,,,Fee Schedule,225% of NYS APG. Lesser of 100% of billed charges applies.,8.77,,,,,,,Fee Schedule,"102% of Medicare Lab FS. ",75.73,,,,,,,Case Rate,"100 Percent of Medicaid APG. ",7.74,,,,,,,Fee Schedule,90 Percent of Medicare RBRVS. Lesser of 100% of billed charges applies.,170.39,,,,,,,Fee Schedule,225% of NYS APG. Lesser of 100% of billed charges applies.,170.39,,,,,,,Fee Schedule,225% of NYS APG. Lesser of 100% of billed charges applies.,7.74,,,,,,,Fee Schedule,90 Percent of Medicare RBRVS. Lesser of 100% of billed charges applies.,7.74,,,,,,,Fee Schedule,90 Percent of Medicare RBRVS. Lesser of 100% of billed charges applies.,13.76,,,,,,,Fee Schedule,"160 Percent of Medicare Laboratory. ",8.6,,,,,,,Fee Schedule,"100% Medicare Lab FS. ",8.6,,,,,,,Fee Schedule,"100% Medicare Lab FS. ",21.59,,,,,,,Fee Schedule,"251.046511627907 % Medicare Physician FS TC Rates Only. ",8.6,,,,,,,Fee Schedule,"100% Medicare Lab FS. ",170.39,,,,,,,Fee Schedule,"225 Percent of Medicaid APG. ",170.39,,,,,,,Fee Schedule,"225 Percent of Medicaid APG. ",7.74,,,,,,,Fee schedule,"90 Percent of Medicare RBRVS. ",7.74,,,,,,,Fee schedule,"90 Percent of Medicare RBRVS. ",170.39,,,,,,,Case Rate,225 Percent of Medicaid APG. Covered services not payable under Medicaid Fee Schedules default to a payment of 87.5 percent of charges.,7.74,,,,,,,Fee schedule,90 Percent of Medicare Laboratory. Covered services not payable under Medicaid Fee Schedules default to a payment of 50 percent of charges.,170.39,,,,,,,Case Rate,"100 Percent of Medicaid APG. ",170.39,,,,,,,Case Rate,"100 Percent of Medicaid APG. ",170.39,,,,,,,Case Rate,"100 Percent of Medicaid APG. ",170.39,,,,,,,Case Rate,"100 Percent of Medicaid APG. ",87.63,,,,,,,Fee Schedule,"1019 % Manhattan Facility Rate. ",18.385,50,,,,,0,percent of total billed charges,50 percent of billed charges; No services were performed during the 15 month look back period.,90.88,,,,,,,Case Rate,"120 Percent of Medicaid APG. Not APG payable, or payable under another fee schedule like ASP/AWP pays at 30% of charges",90.88,,,,,,,Case Rate,"120 Percent of Medicaid APG. Not APG payable, or payable under another fee schedule like ASP/AWP pays at 30% of charges",75.73,,,,,,,Case Rate,"100 Percent of Medicaid APG. Not APG payable, or payable under another fee schedule like ASP/AWP pays at 30% of charges",75.73,,,,,,,Case Rate,"100 Percent of Medicaid APG. Not APG payable, or payable under another fee schedule like ASP/AWP pays at 30% of charges",21.35,,,,,,,Fee Schedule,"238 % 2013 Manhattan Medicare. ",21.35,,,,,,,Fee Schedule,"238 % 2013 Manhattan Medicare. ",8.6,,,,,,,Fee Schedule,"100% Medicare Lab FS. ",21.35,,,,,,,Fee Schedule,"238 % 2013 Manhattan Medicare. ",21.35,,,,,,,Fee Schedule,"238 % 2013 Manhattan Medicare. ",21.35,,,,,,,Fee Schedule,"238 % 2013 Manhattan Medicare. ",21.35,,,,,,,Fee Schedule,"238 % 2013 Manhattan Medicare. ",8.6,,,,,,,Fee Schedule,"100% Medicare Lab FS. ",21.35,,,,,,,Fee Schedule,"238 % 2013 Manhattan Medicare. ",21.35,,,,,,,Fee Schedule,"238 % 2013 Manhattan Medicare. ",21.59,,,,,,,Fee Schedule,"251.046511627907 % Medicare Physician FS TC Rates Only. ",8.6,,,,,,,Fee Schedule,100% of RBRVS. Lesser of 100% of billed charges applies.,7.74,,,,,,,Fee schedule,90 Percent of Medicare Laboratory. Covered services not payable under Medicaid Fee Schedules default to a payment of 50 percent of charges.,170.39,,,,,,,Fee Schedule,225% of NYS APG. Lesser of 100% of billed charges applies.,170.39,,,,,,,Case Rate,225 Percent of Medicaid APG. Covered services not payable under Medicaid Fee Schedules default to a payment of 87.5 percent of charges.,7.74,,,,,,,Fee schedule,90 Percent of Medicare Laboratory. Covered services not payable under Medicaid Fee Schedules default to a payment of 50 percent of charges.,170.39,,,,,,,Fee Schedule,225% of NYS APG. Lesser of 100% of billed charges applies.,170.39,,,,,,,Fee Schedule,225% of NYS APG. Lesser of 100% of billed charges applies.,170.39,,,,,,,Fee Schedule,225% of NYS APG. Lesser of 100% of billed charges applies.,170.39,,,,,,,Fee Schedule,225% of NYS APG. Lesser of 100% of billed charges applies.,170.39,,,,,,,Fee Schedule,225% of NYS APG. Lesser of 100% of billed charges applies.,170.39,,,,,,,Fee Schedule,225% of NYS APG. Lesser of 100% of billed charges applies.,,,,,,,,,"NA. ",,,,,,,,,"NA. ",,,,,,,,,"NA. ",19.12,,,,,,,Fee Schedule,"150 % 2018 Cigna RBRVS fee schedule. ",,,,,,,,,"NA. ",8.6,,,,,,,Fee Schedule,"100% Medicare Lab FS. ",10,,,,,,,Fee Schedule,"100 % 1199 Fee Schedule. ",8.6,,,,,,,Fee Schedule,"100% Medicare Lab FS. ",8.6,,,,,,,Fee Schedule,"100% Medicare Lab FS. ",90.88,,,,,,,Case Rate,"120 Percent of Medicaid APG. Not APG payable, or payable under another fee schedule like ASP/AWP pays at 30% of charges",90.88,,,,,,,Case Rate,"120 Percent of Medicaid APG. Not APG payable, or payable under another fee schedule like ASP/AWP pays at 30% of charges",75.73,,,,,,,Case Rate,"100 Percent of Medicaid APG. Not APG payable, or payable under another fee schedule like ASP/AWP pays at 30% of charges",75.73,,,,,,,Case Rate,"100 Percent of Medicaid APG. Not APG payable, or payable under another fee schedule like ASP/AWP pays at 30% of charges",75.73,,,,,,,Case Rate,"100 Percent of Medicaid APG. ",18.66,,,,,,,Fee Schedule,"217 % Medicare RBRVS. ",21.59,,,,,,,Fee Schedule,"251.046511627907 % Medicare Physician FS TC Rates Only. ",21.93,,,,,,,Fee Schedule,"255 % Medicare RBRVS. ",19.12,,,,,,,Fee Schedule,"150 % 2018 Cigna RBRVS fee schedule. ",8.6,,,,,,,Fee Schedule,"100% Medicare Lab FS. ",8.6,,,,,,,Fee Schedule,"100% Medicare Lab FS. ",8.6,,,,,,,Fee Schedule,"100% Medicare Lab FS. ",8.6,,,,,,,Fee Schedule,"100% Medicare Lab FS. ",8.6,,,,,,,Fee Schedule,"100% Medicare Lab FS. ",8.6,,,,,,,Fee Schedule,"100% Medicare Lab FS. ",,,,,,,,,"NA. ",170.39,,,,,,,Fee Schedule,225% of NYS APG. Lesser of 100% of billed charges applies.,7.74,,,,,,,Fee Schedule,90 Percent of Medicare RBRVS. Lesser of 100% of billed charges applies.,21.35,,,,,,,Fee Schedule,"238 % 2013 Manhattan Medicare. ",18.66,,,,,,,Fee Schedule,"217 % Medicare RBRVS. ",18.66,,,,,,,Fee Schedule,"217 % Medicare RBRVS. ",18.66,,,,,,,Fee Schedule,"217 % Medicare RBRVS. ",18.66,,,,,,,Fee Schedule,"217 % Medicare RBRVS. ",8.6,,,,,,,Fee Schedule,"100% Medicare Lab FS. ",75.73,,,,,,,Case Rate,"100 Percent of Medicaid APG. ",21.35,,,,,,,Fee Schedule,"238 % 2013 Manhattan Medicare. ",75.73,,,,,,,Case Rate,"100 Percent of Medicaid APG. ",8.6,,,,,,,Fee Schedule,"100% Medicare Lab FS. ",75.73,,,,,,,Case Rate,"100 Percent of Medicaid APG. ",8.6,,,,,,,Fee Schedule,"100% Medicare Lab FS. ",8.6,,,,,,,Fee Schedule,"100% Medicare Lab FS. ",75.73,,,,,,,Case Rate,"100 Percent of Medicaid APG. ",75.73,,,,,,,Case Rate,"100 Percent of Medicaid APG. ",18.66,,,,,,,Fee Schedule,"217 % Medicare RBRVS. ",19.12,,,,,,,Fee Schedule,"150 % 2018 Cigna RBRVS fee schedule. ",28.6806,78,,,,,0,percent of total billed charges,78% of Billed Charges. Lesser of 100% of billed charges applies.; No services were performed during the 15 month look back period.,9.56,,,,,,,Fee Schedule,"100 % 2019 CMS Clinical Lab National Limit Pub 20190115. ",9.56,,,,,,,Fee Schedule,"100 % 2019 CMS Clinical Lab National Limit Pub 20190115. ",21.59,,,,,,,Fee Schedule,"251.046511627907 % Medicare Physician FS TC Rates Only. ",8.43,,,,,,,Fee Schedule,"98% Lab FS. ",16.6,,,,,,,Fee Schedule,"193 % Medicare RBRVS. ",16.6,,,,,,,Fee Schedule,"193 % Medicare RBRVS. ",17.08,,,,,,,Fee Schedule,"190.4 % 2013 Manhattan Medicare. ",17.08,,,,,,,Fee Schedule,"190.4 % 2013 Manhattan Medicare. ",8.6,,,,,,,Fee Schedule,"100% Medicare Lab FS. ",8.6,,,,,,,Fee Schedule,"100% Medicare Lab FS. ",8.6,,,,,,,Fee Schedule,"100% Medicare Lab FS. ",8.6,,,,,,,Fee Schedule,"100% Medicare Lab FS. ",9.56,,,,,,,Fee Schedule,"100 % 2019 CMS Clinical Lab National Limit Pub 20190115. ",21.35,,,,,,,Fee Schedule,"238 % 2013 Manhattan Medicare. ",21.35,,,,,,,Fee Schedule,"238 % 2013 Manhattan Medicare. ",8.6,,,,,,,Fee Schedule,"100% Medicare Lab FS. ",17.08,,,,,,,Fee Schedule,"190.4 % 2013 Manhattan Medicare. ",21.93,,,,,,,Fee Schedule,"255 % Medicare RBRVS. ",90.88,,,,,,,Fee Schedule,"120 Percent of Medicaid APG. ",75.73,,,,,,,Case Rate,"100 Percent of Medicaid APG. ",18.66,,,,,,,Fee Schedule,"217 % Medicare RBRVS. ",19.21,,,,,,,Fee Schedule,"214.2 % 2013 Manhattan Medicare. ",19.21,,,,,,,Fee Schedule,"214.2 % 2013 Manhattan Medicare. ",21.35,,,,,,,Fee Schedule,"238 % 2013 Manhattan Medicare. ",18.385,50,,,,,0,percent of total billed charges,50 percent of billed charges; No services were performed during the 15 month look back period.,8.6,,,,,,,Fee Schedule,"100% Medicare Lab FS. ",79.52,,,,,,,Fee Schedule,105 percent of Medicaid APG. otherwise 105% of Ordered NYS MCD FS or 105% of ASP+6%,79.52,,,,,,,Fee Schedule,105 percent of Medicaid APG. otherwise 105% of Ordered NYS MCD FS or 105% of ASP+6%,79.52,,,,,,,Fee Schedule,105 percent of Medicaid APG. otherwise 105% of Ordered NYS MCD FS or 105% of ASP+6%,102.23,,,,,,,Fee Schedule,135 percent of Medicaid APG. otherwise 135% of Ordered NYS MCD FS or 135% of ASP+6%,9.56,,,,,,,Fee Schedule,"100 % 2019 CMS Clinical Lab National Limit Pub 20190115. ",79.52,,,,,,,Fee Schedule,105 percent of Medicaid APG. otherwise 105% of Ordered NYS MCD FS or 105% of ASP+6%,79.52,,,,,,,Fee Schedule,105 percent of Medicaid APG. otherwise 105% of Ordered NYS MCD FS or 105% of ASP+6%,79.52,,,,,,,Fee Schedule,105 percent of Medicaid APG. otherwise 105% of Ordered NYS MCD FS or 105% of ASP+6%,79.52,,,,,,,Fee Schedule,105 percent of Medicaid APG. otherwise 105% of Ordered NYS MCD FS or 105% of ASP+6%,79.52,,,,,,,Fee Schedule,105 percent of Medicaid APG. otherwise 105% of Ordered NYS MCD FS or 105% of ASP+6%,102.23,,,,,,,Fee Schedule,135 percent of Medicaid APG. otherwise 135% of Ordered NYS MCD FS or 135% of ASP+6%,102.23,,,,,,,Fee Schedule,135 percent of Medicaid APG. otherwise 135% of Ordered NYS MCD FS or 135% of ASP+6%,8.6,,,,,,,Fee Schedule,"100% Medicare Lab FS. ",9.56,,,,,,,Fee Schedule,"100 % 2019 CMS Clinical Lab National Limit Pub 20190115. ",8.6,,,,,,,Fee Schedule,"100% Medicare Lab FS. ",79.52,,,,,,,Fee Schedule,105 percent of Medicaid APG. otherwise 105% of Ordered NYS MCD FS or 105% of ASP+6%,21.35,,,,,,,Fee Schedule,"238 % 2013 Manhattan Medicare. ",8.6,,,,,,,Fee Schedule,"100% Medicare Lab FS. ",21.35,,,,,,,Fee Schedule,"238 % 2013 Manhattan Medicare. ",21.35,,,,,,,Fee Schedule,"238 % 2013 Manhattan Medicare. ",21.35,,,,,,,Fee Schedule,"238 % 2013 Manhattan Medicare. ",79.52,,,,,,,Fee Schedule,105 percent of Medicaid APG. otherwise 105% of Ordered NYS MCD FS or 105% of ASP+6%,8.6,,,,,,,Fee Schedule,"100% Medicare Lab FS. ",21.35,,,,,,,Fee Schedule,"238 % 2013 Manhattan Medicare. ",102.23,,,,,,,Fee Schedule,135 percent of Medicaid APG. otherwise 135% of Ordered NYS MCD FS or 135% of ASP+6%,21.35,,,,,,,Fee Schedule,"238 % 2013 Manhattan Medicare. ",12.9,,,,,,,Fee Schedule,"150% of Medicare Lab FS. ",8.6,,,,,,,Fee Schedule,"100% Medicare Lab FS. ",18.66,,,,,,,Fee Schedule,"217 % Medicare RBRVS. ",18.66,,,,,,,Fee Schedule,"217 % Medicare RBRVS. ",18.66,,,,,,,Fee Schedule,"217 % Medicare RBRVS. ",18.66,,,,,,,Fee Schedule,"217 % Medicare RBRVS. ",18.66,,,,,,,Fee Schedule,"217 % Medicare RBRVS. ",21.93,,,,,,,Fee Schedule,"255 % Medicare RBRVS. ",21.93,,,,,,,Fee Schedule,"255 % Medicare RBRVS. ",18.66,,,,,,,Fee Schedule,"217 % Medicare RBRVS. ",18.66,,,,,,,Fee Schedule,"217 % Medicare RBRVS. ",18.66,,,,,,,Fee Schedule,"217 % Medicare RBRVS. ",18.66,,,,,,,Fee Schedule,"217 % Medicare RBRVS. ",18.66,,,,,,,Fee Schedule,"217 % Medicare RBRVS. ",8.6,,,,,,,Fee Schedule,"100% Medicare Lab FS. ",21.93,,,,,,,Fee Schedule,"255 % Medicare RBRVS. ",8.6,,,,,,,Fee Schedule,"100% Medicare Lab FS. ",170.39,,,,,,,Case Rate,"225 Percent of Medicaid APG. If not included in Medicaid APG, then 100 Percent of Manhattan Medicare",75.73,,,,,,,Case Rate,"100 Percent of Medicaid APG. If not priced under APG, then Metroplus FeeSched",9.56,,,,,,,Fee Schedule,"100 % 2019 CMS Clinical Lab National Limit Pub 20190115. ",9.56,,,,,,,Fee Schedule,"100 % 2019 CMS Clinical Lab National Limit Pub 20190115. ",8.6,,,,,,,Fee Schedule,"100% Medicare Lab FS. ",16.6,,,,,,,Fee Schedule,"193 % Medicare RBRVS. ",8.6,,,,,,,Fee Schedule,"100% Medicare Lab FS. ",8.6,,,,,,,Fee Schedule,"100% Medicare Lab FS. ",21.59,,,,,,,Fee Schedule,"251.046511627907 % Medicare Physician FS TC Rates Only. ",8.6,,,,,,,Fee Schedule,"100% Medicare Lab FS. ",19.12,,,,,,,Fee Schedule,"150 % 2018 Cigna RBRVS fee schedule. ",8.6,,,,,,,Fee Schedule,"100% Medicare Lab FS. ",19.12,,,,,,,Fee Schedule,"150 % 2018 Cigna RBRVS fee schedule. ",21.59,,,,,,,Fee Schedule,"251.046511627907 % Medicare Physician FS TC Rates Only. ",19.12,,,,,,,Fee Schedule,"150 % 2018 Cigna RBRVS fee schedule. ",8.6,,,,,,,Fee Schedule,"100% Medicare Lab FS. ",75.73,,,,,,,Case Rate,"100 Percent of Medicaid APG. ",8.6,,,,,,,Fee Schedule,"100% Medicare Lab FS. ",19.12,,,,,,,Fee Schedule,"150 % 2018 Cigna RBRVS fee schedule. ",9.56,,,,,,,Fee Schedule,"100 % 2019 CMS Clinical Lab National Limit Pub 20190115. ",75.73,,,,,,,Case Rate,"100 Percent of Medicaid APG. ",21.35,,,,,,,Fee Schedule,"238 % 2013 Manhattan Medicare. ",90.88,,,,,,,Fee Schedule,"120 Percent of Medicaid APG. ",90.88,,,,,,,Fee Schedule,"120 Percent of Medicaid APG. ",21.35,,,,,,,Fee Schedule,"238 % 2013 Manhattan Medicare. ",21.35,,,,,,,Fee Schedule,"238 % 2013 Manhattan Medicare. ",21.35,,,,,,,Fee Schedule,"238 % 2013 Manhattan Medicare. ",9.56,,,,,,,Fee Schedule,"100 % 2019 CMS Clinical Lab National Limit Pub 20190115. ",21.35,,,,,,,Fee Schedule,"238 % 2013 Manhattan Medicare. ",21.35,,,,,,,Fee Schedule,"238 % 2013 Manhattan Medicare. ",21.35,,,,,,,Fee Schedule,"238 % 2013 Manhattan Medicare. ",18.66,,,,,,,Fee Schedule,"217 % Medicare RBRVS. ",18.66,,,,,,,Fee Schedule,"217 % Medicare RBRVS. ",12.13,,,,,,,Fee Schedule,141 Percent of of Medicare Lab FS. Metroplus will reimburse unlisted codes and described codes with no Medicare rate at 50 percent of charges.,75.73,,,,,,,Case Rate,"100 Percent of Medicaid APG. ",9.56,,,,,,,Fee Schedule,"100 % 2019 CMS Clinical Lab National Limit Pub 20190115. ",19.12,,,,,,,Fee Schedule,"150 % 2018 Cigna RBRVS fee schedule. ",21.59,,,,,,,Fee Schedule,"251.046511627907 % Medicare Physician FS TC Rates Only. ",9.56,,,,,,,Fee Schedule,"100 % 2019 CMS Clinical Lab National Limit Pub 20190115. ",21.59,,,,,,,Fee Schedule,"251.046511627907 % Medicare Physician FS TC Rates Only. ",9.56,,,,,,,Fee Schedule,"100 % 2019 CMS Clinical Lab National Limit Pub 20190115. ",21.35,,,,,,,Fee Schedule,"238 % 2013 Manhattan Medicare. ",21.35,,,,,,,Fee Schedule,"238 % 2013 Manhattan Medicare. ",21.35,,,,,,,Fee Schedule,"238 % 2013 Manhattan Medicare. ",21.35,,,,,,,Fee Schedule,"238 % 2013 Manhattan Medicare. ",8.6,,,,,,,Fee Schedule,"100% Medicare Lab FS. ",7.74,170.39,
86141,CPT,2021666,LOCAL,300,RC,"HC C-REACTIVE PROTEIN, HS",137.57,15.54,both,,,,12,,,,,,,Fee Schedule,"100 % 1199 Fee Schedule. ",12,,,,,,,Fee Schedule,"100 % 1199 Fee Schedule. ",32.5,,,,,,,Fee Schedule,"250.965250965251 % Medicare Physician FS TC Rates Only. ",137.57,100,,,,,0,percent of total billed charges,100 percent of billed charges. ; No services were performed during the 15 month look back period.,12.95,,,,,,,Fee Schedule,"100% Medicare Lab FS. ",32.5,,,,,,,Fee Schedule,"250.965250965251 % Medicare Physician FS TC Rates Only. ",32.5,,,,,,,Fee Schedule,"250.965250965251 % Medicare Physician FS TC Rates Only. ",32.5,,,,,,,Fee Schedule,"250.965250965251 % Medicare Physician FS TC Rates Only. ",90.14,,,,,,,Case Rate,"100 Percent of Medicaid APG. ",75.12,,,,,,,Case Rate,"100 Percent of Medicaid APG. ",107.3046,78,,,,,0,percent of total billed charges,78% of Billed Charges. Lesser of 100% of billed charges applies.; No services were performed during the 15 month look back period.,14.39,,,,,,,Fee Schedule,"100 % 2019 CMS Clinical Lab National Limit Pub 20190115. ",75.12,,,,,,,Case Rate,"100 Percent of Medicaid APG. ",12.95,,,,,,,Fee Schedule,"100% Medicare Lab FS. ",28.04,,,,,,,Fee Schedule,"150 % 2018 Cigna RBRVS fee schedule. ",28.04,,,,,,,Fee Schedule,"150 % 2018 Cigna RBRVS fee schedule. ",28.04,,,,,,,Fee Schedule,"150 % 2018 Cigna RBRVS fee schedule. ",28.04,,,,,,,Fee Schedule,"150 % 2018 Cigna RBRVS fee schedule. ",11.65,,,,,,,Fee schedule,90 Percent of Medicare Laboratory. Covered services not payable under Medicaid Fee Schedules default to a payment of 50 percent of charges.,12.95,,,,,,,Fee Schedule,"100% Medicare Lab FS. ",11.65,,,,,,,Fee schedule,90 Percent of Medicare Laboratory. Covered services not payable under Medicaid Fee Schedules default to a payment of 50 percent of charges.,107.3046,78,,,,,0,percent of total billed charges,78% of Billed Charges. Lesser of 100% of billed charges applies.; No services were performed during the 15 month look back period.,32.5,,,,,,,Fee Schedule,"250.965250965251 % Medicare Physician FS TC Rates Only. ",12.95,,,,,,,Fee Schedule,"100% Medicare Lab FS. ",33.02,,,,,,,Fee Schedule,"255 % Medicare RBRVS. ",12.95,,,,,,,Fee Schedule,"100% Medicare Lab FS. ",12.95,,,,,,,Fee Schedule,"100% Medicare Lab FS. ",107.3046,78,,,,,0,percent of total billed charges,78% of Billed Charges. Lesser of 100% of billed charges applies.; No services were performed during the 15 month look back period.,10.35,,,,,,,Fee Schedule,100% Medicaid Fee Schedule. Lesser of 100% of billed charges applies.,10.35,,,,,,,Fee Schedule,100% Medicaid Fee Schedule. Lesser of 100% of billed charges applies.,11.65,,,,,,,Fee schedule,"90 Percent of Medicare RBRVS. ",11.65,,,,,,,Fee schedule,"90 Percent of Medicare RBRVS. ",33.02,,,,,,,Fee Schedule,"255 % Medicare RBRVS. ",33.02,,,,,,,Fee Schedule,"255 % Medicare RBRVS. ",75.12,,,,,,,Case Rate,"100 Percent of Medicaid APG. Not APG payable, or payable under another fee schedule like ASP/AWP pays at 30% of charges",33.02,,,,,,,Fee Schedule,"255 % Medicare RBRVS. ",75.12,,,,,,,Case Rate,"100 Percent of Medicaid APG. Not APG payable, or payable under another fee schedule like ASP/AWP pays at 30% of charges",12.95,,,,,,,Fee Schedule,"100% Medicare Lab FS. ",33.02,,,,,,,Fee Schedule,"255 % Medicare RBRVS. ",107.3046,78,,,,,0,percent of total billed charges,78% of Billed Charges. Lesser of 100% of billed charges applies.; No services were performed during the 15 month look back period.,75.12,,,,,,,Case Rate,"100 Percent of Medicaid APG. If not priced under APG, then Metroplus FeeSched",75.12,,,,,,,Case Rate,"100 Percent of Medicaid APG. If not priced under APG, then Metroplus FeeSched",107.3046,78,,,,,0,percent of total billed charges,78% of Billed Charges. Lesser of 100% of billed charges applies.; No services were performed during the 15 month look back period.,28.04,,,,,,,Fee Schedule,"150 % 2018 Cigna RBRVS fee schedule. ",14.39,,,,,,,Fee Schedule,"100 % 2019 CMS Clinical Lab National Limit Pub 20190115. ",14.39,,,,,,,Fee Schedule,"100 % 2019 CMS Clinical Lab National Limit Pub 20190115. ",107.3046,78,,,,,0,percent of total billed charges,78% of Billed Charges. Lesser of 100% of billed charges applies.; No services were performed during the 15 month look back period.,12.95,,,,,,,Fee Schedule,"100% Medicare Lab FS. ",14.39,,,,,,,Fee Schedule,"100 % 2019 CMS Clinical Lab National Limit Pub 20190115. ",14.39,,,,,,,Fee Schedule,"100 % 2019 CMS Clinical Lab National Limit Pub 20190115. ",14.39,,,,,,,Fee Schedule,"100 % 2019 CMS Clinical Lab National Limit Pub 20190115. ",12.95,,,,,,,Fee Schedule,"100% Medicare Lab FS. ",14.39,,,,,,,Fee Schedule,"100 % 2019 CMS Clinical Lab National Limit Pub 20190115. ",14.39,,,,,,,Fee Schedule,"100 % 2019 CMS Clinical Lab National Limit Pub 20190115. ",12.95,,,,,,,Fee Schedule,"100% of Medicare Lab FS. ",68.785,50,,,,,0,percent of total billed charges,50 percent of billed charges; No services were performed during the 15 month look back period.,42.36,,,,,,,Fee Schedule,"238 % 2013 Manhattan Medicare. ",42.36,,,,,,,Fee Schedule,"238 % 2013 Manhattan Medicare. ",42.36,,,,,,,Fee Schedule,"238 % 2013 Manhattan Medicare. ",42.36,,,,,,,Fee Schedule,"238 % 2013 Manhattan Medicare. ",42.36,,,,,,,Fee Schedule,"238 % 2013 Manhattan Medicare. ",42.36,,,,,,,Fee Schedule,"238 % 2013 Manhattan Medicare. ",12.95,,,,,,,Fee Schedule,"100% Medicare Lab FS. ",12.95,,,,,,,Fee Schedule,"100% Medicare Lab FS. ",42.36,,,,,,,Fee Schedule,"238 % 2013 Manhattan Medicare. ",107.3046,78,,,,,0,percent of total billed charges,78% of Billed Charges. Lesser of 100% of billed charges applies.; No services were performed during the 15 month look back period.,107.3046,78,,,,,0,percent of total billed charges,78% of Billed Charges. Lesser of 100% of billed charges applies.; No services were performed during the 15 month look back period.,107.3046,78,,,,,0,percent of total billed charges,78% of Billed Charges. Lesser of 100% of billed charges applies.; No services were performed during the 15 month look back period.,107.3046,78,,,,,0,percent of total billed charges,78% of Billed Charges. Lesser of 100% of billed charges applies.; No services were performed during the 15 month look back period.,107.3046,78,,,,,0,percent of total billed charges,78% of Billed Charges. Lesser of 100% of billed charges applies.; No services were performed during the 15 month look back period.,107.3046,78,,,,,0,percent of total billed charges,78% of Billed Charges. Lesser of 100% of billed charges applies.; No services were performed during the 15 month look back period.,107.3046,78,,,,,0,percent of total billed charges,78% of Billed Charges. Lesser of 100% of billed charges applies.; No services were performed during the 15 month look back period.,107.3046,78,,,,,0,percent of total billed charges,78% of Billed Charges. Lesser of 100% of billed charges applies.; No services were performed during the 15 month look back period.,107.3046,78,,,,,0,percent of total billed charges,78% of Billed Charges. Lesser of 100% of billed charges applies.; No services were performed during the 15 month look back period.,107.3046,78,,,,,0,percent of total billed charges,78% of Billed Charges. Lesser of 100% of billed charges applies.; No services were performed during the 15 month look back period.,107.3046,78,,,,,0,percent of total billed charges,78% of Billed Charges. Lesser of 100% of billed charges applies.; No services were performed during the 15 month look back period.,107.3046,78,,,,,0,percent of total billed charges,78% of Billed Charges. Lesser of 100% of billed charges applies.; No services were performed during the 15 month look back period.,107.3046,78,,,,,0,percent of total billed charges,78% of Billed Charges. Lesser of 100% of billed charges applies.; No services were performed during the 15 month look back period.,107.3046,78,,,,,0,percent of total billed charges,78% of Billed Charges. Lesser of 100% of billed charges applies.; No services were performed during the 15 month look back period.,107.3046,78,,,,,0,percent of total billed charges,78% of Billed Charges. Lesser of 100% of billed charges applies.; No services were performed during the 15 month look back period.,107.3046,78,,,,,0,percent of total billed charges,78% of Billed Charges. Lesser of 100% of billed charges applies.; No services were performed during the 15 month look back period.,107.3046,78,,,,,0,percent of total billed charges,78% of Billed Charges. Lesser of 100% of billed charges applies.; No services were performed during the 15 month look back period.,107.3046,78,,,,,0,percent of total billed charges,78% of Billed Charges. Lesser of 100% of billed charges applies.; No services were performed during the 15 month look back period.,107.3046,78,,,,,0,percent of total billed charges,78% of Billed Charges. Lesser of 100% of billed charges applies.; No services were performed during the 15 month look back period.,107.3046,78,,,,,0,percent of total billed charges,78% of Billed Charges. Lesser of 100% of billed charges applies.; No services were performed during the 15 month look back period.,107.3046,78,,,,,0,percent of total billed charges,78% of Billed Charges. Lesser of 100% of billed charges applies.; No services were performed during the 15 month look back period.,107.3046,78,,,,,0,percent of total billed charges,78% of Billed Charges. Lesser of 100% of billed charges applies.; No services were performed during the 15 month look back period.,107.3046,78,,,,,0,percent of total billed charges,78% of Billed Charges. Lesser of 100% of billed charges applies.; No services were performed during the 15 month look back period.,107.3046,78,,,,,0,percent of total billed charges,78% of Billed Charges. Lesser of 100% of billed charges applies.; No services were performed during the 15 month look back period.,107.3046,78,,,,,0,percent of total billed charges,78% of Billed Charges. Lesser of 100% of billed charges applies.; No services were performed during the 15 month look back period.,107.3046,78,,,,,0,percent of total billed charges,78% of Billed Charges. Lesser of 100% of billed charges applies.; No services were performed during the 15 month look back period.,33.02,,,,,,,Fee Schedule,"255 % Medicare RBRVS. ",33.02,,,,,,,Fee Schedule,"255 % Medicare RBRVS. ",33.02,,,,,,,Fee Schedule,"255 % Medicare RBRVS. ",33.02,,,,,,,Fee Schedule,"255 % Medicare RBRVS. ",24.99,,,,,,,Fee Schedule,"193 % Medicare RBRVS. ",24.99,,,,,,,Fee Schedule,"193 % Medicare RBRVS. ",28.04,,,,,,,Fee Schedule,"150 % 2018 Cigna RBRVS fee schedule. ",42.36,,,,,,,Fee Schedule,"238 % 2013 Manhattan Medicare. ",14.39,,,,,,,Fee Schedule,"100 % 2019 CMS Clinical Lab National Limit Pub 20190115. ",42.36,,,,,,,Fee Schedule,"238 % 2013 Manhattan Medicare. ",107.3046,78,,,,,0,percent of total billed charges,78% of Billed Charges. Lesser of 100% of billed charges applies.; No services were performed during the 15 month look back period.,24.99,,,,,,,Fee Schedule,"193 % Medicare RBRVS. ",42.36,,,,,,,Fee Schedule,"238 % 2013 Manhattan Medicare. ",14.39,,,,,,,Fee Schedule,"100 % 2019 CMS Clinical Lab National Limit Pub 20190115. ",28.04,,,,,,,Fee Schedule,"150 % 2018 Cigna RBRVS fee schedule. ",,,,,,,,,"NA. ",107.3046,78,,,,,0,percent of total billed charges,78% of Billed Charges. Lesser of 100% of billed charges applies.; No services were performed during the 15 month look back period.,75.12,,,,,,,Case Rate,"100 Percent of Medicaid APG. ",33.02,,,,,,,Fee Schedule,"255 % Medicare RBRVS. ",75.12,,,,,,,Case Rate,"100 Percent of Medicaid APG. Not APG payable, or payable under another fee schedule like ASP/AWP pays at 30% of charges",12.95,,,,,,,Fee Schedule,"100% Medicare Lab FS. ",12.95,,,,,,,Fee Schedule,"100% Medicare Lab FS. ",68.785,50,,,,,0,percent of total billed charges,50 percent of billed charges; No services were performed during the 15 month look back period.,12.95,,,,,,,Fee Schedule,"100% Medicare Lab FS. ",12.95,,,,,,,Fee Schedule,"100% Medicare Lab FS. ",75.12,,,,,,,Case Rate,"100 Percent of Medicaid APG. ",12.95,,,,,,,Fee Schedule,"100% Medicare Lab FS. ",12.95,,,,,,,Fee Schedule,"100% Medicare Lab FS. ",32.5,,,,,,,Fee Schedule,"250.965250965251 % Medicare Physician FS TC Rates Only. ",32.5,,,,,,,Fee Schedule,"250.965250965251 % Medicare Physician FS TC Rates Only. ",12.95,,,,,,,Fee Schedule,"100% Medicare Lab FS. ",28.04,,,,,,,Fee Schedule,"150 % 2018 Cigna RBRVS fee schedule. ",14.39,,,,,,,Fee Schedule,"100 % 2019 CMS Clinical Lab National Limit Pub 20190115. ",14.39,,,,,,,Fee Schedule,"100 % 2019 CMS Clinical Lab National Limit Pub 20190115. ",12.95,,,,,,,Fee Schedule,"100% Medicare Lab FS. ",28.04,,,,,,,Fee Schedule,"150 % 2018 Cigna RBRVS fee schedule. ",32.5,,,,,,,Fee Schedule,"250.965250965251 % Medicare Physician FS TC Rates Only. ",32.5,,,,,,,Fee Schedule,"250.965250965251 % Medicare Physician FS TC Rates Only. ",32.5,,,,,,,Fee Schedule,"250.965250965251 % Medicare Physician FS TC Rates Only. ",107.3046,78,,,,,0,percent of total billed charges,78% of Billed Charges. Lesser of 100% of billed charges applies.; No services were performed during the 15 month look back period.,107.3046,78,,,,,0,percent of total billed charges,78% of Billed Charges. Lesser of 100% of billed charges applies.; No services were performed during the 15 month look back period.,107.3046,78,,,,,0,percent of total billed charges,78% of Billed Charges. Lesser of 100% of billed charges applies.; No services were performed during the 15 month look back period.,107.3046,78,,,,,0,percent of total billed charges,78% of Billed Charges. Lesser of 100% of billed charges applies.; No services were performed during the 15 month look back period.,107.3046,78,,,,,0,percent of total billed charges,78% of Billed Charges. Lesser of 100% of billed charges applies.; No services were performed during the 15 month look back period.,107.3046,78,,,,,0,percent of total billed charges,78% of Billed Charges. Lesser of 100% of billed charges applies.; No services were performed during the 15 month look back period.,107.3046,78,,,,,0,percent of total billed charges,78% of Billed Charges. Lesser of 100% of billed charges applies.; No services were performed during the 15 month look back period.,107.3046,78,,,,,0,percent of total billed charges,78% of Billed Charges. Lesser of 100% of billed charges applies.; No services were performed during the 15 month look back period.,107.3046,78,,,,,0,percent of total billed charges,78% of Billed Charges. Lesser of 100% of billed charges applies.; No services were performed during the 15 month look back period.,107.3046,78,,,,,0,percent of total billed charges,78% of Billed Charges. Lesser of 100% of billed charges applies.; No services were performed during the 15 month look back period.,107.3046,78,,,,,0,percent of total billed charges,78% of Billed Charges. Lesser of 100% of billed charges applies.; No services were performed during the 15 month look back period.,24.99,,,,,,,Fee Schedule,"193 % Medicare RBRVS. ",42.36,,,,,,,Fee Schedule,"238 % 2013 Manhattan Medicare. ",28.04,,,,,,,Fee Schedule,"150 % 2018 Cigna RBRVS fee schedule. ",12.95,,,,,,,Fee Schedule,"100% Medicare Lab FS. ",32.5,,,,,,,Fee Schedule,"250.965250965251 % Medicare Physician FS TC Rates Only. ",28.04,,,,,,,Fee Schedule,"150 % 2018 Cigna RBRVS fee schedule. ",28.04,,,,,,,Fee Schedule,"150 % 2018 Cigna RBRVS fee schedule. ",107.3046,78,,,,,0,percent of total billed charges,78% of Billed Charges. Lesser of 100% of billed charges applies.; No services were performed during the 15 month look back period.,160.76,,,,,,,Case Rate,"141 Percent of current Medicare RBRVS FeeSched. ",28.04,,,,,,,Fee Schedule,"150 % 2018 Cigna RBRVS fee schedule. ",75.12,,,,,,,Case Rate,"100 Percent of Medicaid APG. ",12.95,,,,,,,Fee Schedule,"100% Medicare Lab FS. ",12.95,,,,,,,Fee Schedule,"100% Medicare Lab FS. ",12.95,,,,,,,Fee Schedule,"100% Medicare Lab FS. ",12.95,,,,,,,Fee Schedule,"100% Medicare Lab FS. ",12.95,,,,,,,Fee Schedule,"100% Medicare Lab FS. ",12.95,,,,,,,Fee Schedule,"100% Medicare Lab FS. ",28.04,,,,,,,Fee Schedule,"150 % 2018 Cigna RBRVS fee schedule. ",68.785,50,,,,,0,percent of total billed charges,50 percent of billed charges; No services were performed during the 15 month look back period.,20.72,,,,,,,Fee Schedule,"160 Percent of Medicare Laboratory. ",20.72,,,,,,,Fee Schedule,"160 Percent of Medicare Laboratory. ",20.72,,,,,,,Fee Schedule,"160 Percent of Medicare Laboratory. ",20.72,,,,,,,Fee Schedule,"160 Percent of Medicare Laboratory. ",20.72,,,,,,,Fee Schedule,"160 Percent of Medicare Laboratory. ",,,,,,,,,"NA. ",68.785,50,,,,,0,percent of total billed charges,50 percent of billed charges; No services were performed during the 15 month look back period.,18.26,,,,,,,Fee Schedule,141 Percent of of Medicare Lab FS. Metroplus will reimburse unlisted codes and described codes with no Medicare rate at 50 percent of charges.,18.26,,,,,,,Fee Schedule,141 Percent of of Medicare Lab FS. Metroplus will reimburse unlisted codes and described codes with no Medicare rate at 50 percent of charges.,18.26,,,,,,,Fee Schedule,141 Percent of of Medicare Lab FS. Metroplus will reimburse unlisted codes and described codes with no Medicare rate at 50 percent of charges.,18.26,,,,,,,Fee Schedule,141 Percent of of Medicare Lab FS. Metroplus will reimburse unlisted codes and described codes with no Medicare rate at 50 percent of charges.,18.26,,,,,,,Fee Schedule,141 Percent of of Medicare Lab FS. Metroplus will reimburse unlisted codes and described codes with no Medicare rate at 50 percent of charges.,12.95,,,,,,,Fee Schedule,"100% Medicare Lab FS. ",24.99,,,,,,,Fee Schedule,"193 % Medicare RBRVS. ",24.99,,,,,,,Fee Schedule,"193 % Medicare RBRVS. ",24.99,,,,,,,Fee Schedule,"193 % Medicare RBRVS. ",24.99,,,,,,,Fee Schedule,"193 % Medicare RBRVS. ",32.5,,,,,,,Fee Schedule,"250.965250965251 % Medicare Physician FS TC Rates Only. ",32.5,,,,,,,Fee Schedule,"250.965250965251 % Medicare Physician FS TC Rates Only. ",32.5,,,,,,,Fee Schedule,"250.965250965251 % Medicare Physician FS TC Rates Only. ",32.5,,,,,,,Fee Schedule,"250.965250965251 % Medicare Physician FS TC Rates Only. ",68.785,50,,,,,0,percent of total billed charges,50 percent of billed charges; No services were performed during the 15 month look back period.,68.785,50,,,,,0,percent of total billed charges,50 percent of billed charges; No services were performed during the 15 month look back period.,12.95,,,,,,,Fee Schedule,"100% Medicare Lab FS. ",12.95,,,,,,,Fee Schedule,"100% Medicare Lab FS. ",12.95,,,,,,,Fee Schedule,"100% Medicare Lab FS. ",42.36,,,,,,,Fee Schedule,"238 % 2013 Manhattan Medicare. ",42.36,,,,,,,Fee Schedule,"238 % 2013 Manhattan Medicare. ",42.36,,,,,,,Fee Schedule,"238 % 2013 Manhattan Medicare. ",68.785,50,,,,,0,percent of total billed charges,50 percent of billed charges; No services were performed during the 15 month look back period.,32.5,,,,,,,Fee Schedule,"250.965250965251 % Medicare Physician FS TC Rates Only. ",12.95,,,,,,,Fee Schedule,"100% Medicare Lab FS. ",42.36,,,,,,,Fee Schedule,"238 % 2013 Manhattan Medicare. ",75.12,,,,,,,Case Rate,"100 Percent of Medicaid APG. ",13.21,,,,,,,Fee Schedule,"102% of Medicare Lab FS. ",13.21,,,,,,,Fee Schedule,"102% of Medicare Lab FS. ",13.21,,,,,,,Fee Schedule,"102% of Medicare Lab FS. ",11.65,,,,,,,Fee schedule,"90 Percent of Medicare RBRVS. ",169.02,,,,,,,Fee Schedule,225% of NYS APG. Lesser of 100% of billed charges applies.,169.02,,,,,,,Fee Schedule,225% of NYS APG. Lesser of 100% of billed charges applies.,169.02,,,,,,,Fee Schedule,225% of NYS APG. Lesser of 100% of billed charges applies.,169.02,,,,,,,Fee Schedule,225% of NYS APG. Lesser of 100% of billed charges applies.,169.02,,,,,,,Fee Schedule,225% of NYS APG. Lesser of 100% of billed charges applies.,13.21,,,,,,,Fee Schedule,"102% of Medicare Lab FS. ",75.12,,,,,,,Case Rate,"100 Percent of Medicaid APG. ",10.35,,,,,,,Fee Schedule,100% Medicaid Fee Schedule. Lesser of 100% of billed charges applies.,169.02,,,,,,,Fee Schedule,225% of NYS APG. Lesser of 100% of billed charges applies.,169.02,,,,,,,Fee Schedule,225% of NYS APG. Lesser of 100% of billed charges applies.,10.35,,,,,,,Fee Schedule,100% Medicaid Fee Schedule. Lesser of 100% of billed charges applies.,10.35,,,,,,,Fee Schedule,100% Medicaid Fee Schedule. Lesser of 100% of billed charges applies.,20.72,,,,,,,Fee Schedule,"160 Percent of Medicare Laboratory. ",12.95,,,,,,,Fee Schedule,"100% Medicare Lab FS. ",12.95,,,,,,,Fee Schedule,"100% Medicare Lab FS. ",32.5,,,,,,,Fee Schedule,"250.965250965251 % Medicare Physician FS TC Rates Only. ",12.95,,,,,,,Fee Schedule,"100% Medicare Lab FS. ",169.02,,,,,,,Fee Schedule,"225 Percent of Medicaid APG. ",169.02,,,,,,,Fee Schedule,"225 Percent of Medicaid APG. ",11.65,,,,,,,Fee schedule,"90 Percent of Medicare RBRVS. ",11.65,,,,,,,Fee schedule,"90 Percent of Medicare RBRVS. ",169.02,,,,,,,Case Rate,225 Percent of Medicaid APG. Covered services not payable under Medicaid Fee Schedules default to a payment of 87.5 percent of charges.,11.65,,,,,,,Fee schedule,90 Percent of Medicare Laboratory. Covered services not payable under Medicaid Fee Schedules default to a payment of 50 percent of charges.,169.02,,,,,,,Case Rate,"100 Percent of Medicaid APG. ",169.02,,,,,,,Case Rate,"100 Percent of Medicaid APG. ",169.02,,,,,,,Case Rate,"100 Percent of Medicaid APG. ",169.02,,,,,,,Case Rate,"100 Percent of Medicaid APG. ",131.96,,,,,,,Fee Schedule,"1019 % Manhattan Facility Rate. ",68.785,50,,,,,0,percent of total billed charges,50 percent of billed charges; No services were performed during the 15 month look back period.,90.14,,,,,,,Case Rate,"120 Percent of Medicaid APG. Not APG payable, or payable under another fee schedule like ASP/AWP pays at 30% of charges",90.14,,,,,,,Case Rate,"120 Percent of Medicaid APG. Not APG payable, or payable under another fee schedule like ASP/AWP pays at 30% of charges",75.12,,,,,,,Case Rate,"100 Percent of Medicaid APG. Not APG payable, or payable under another fee schedule like ASP/AWP pays at 30% of charges",75.12,,,,,,,Case Rate,"100 Percent of Medicaid APG. Not APG payable, or payable under another fee schedule like ASP/AWP pays at 30% of charges",42.36,,,,,,,Fee Schedule,"238 % 2013 Manhattan Medicare. ",42.36,,,,,,,Fee Schedule,"238 % 2013 Manhattan Medicare. ",12.95,,,,,,,Fee Schedule,"100% Medicare Lab FS. ",42.36,,,,,,,Fee Schedule,"238 % 2013 Manhattan Medicare. ",42.36,,,,,,,Fee Schedule,"238 % 2013 Manhattan Medicare. ",42.36,,,,,,,Fee Schedule,"238 % 2013 Manhattan Medicare. ",42.36,,,,,,,Fee Schedule,"238 % 2013 Manhattan Medicare. ",12.95,,,,,,,Fee Schedule,"100% Medicare Lab FS. ",42.36,,,,,,,Fee Schedule,"238 % 2013 Manhattan Medicare. ",42.36,,,,,,,Fee Schedule,"238 % 2013 Manhattan Medicare. ",32.5,,,,,,,Fee Schedule,"250.965250965251 % Medicare Physician FS TC Rates Only. ",82.63,,,,,,,Fee Schedule,110% of APG. Lesser of 100% of billed charges applies.,11.65,,,,,,,Fee schedule,90 Percent of Medicare Laboratory. Covered services not payable under Medicaid Fee Schedules default to a payment of 50 percent of charges.,169.02,,,,,,,Fee Schedule,225% of NYS APG. Lesser of 100% of billed charges applies.,169.02,,,,,,,Case Rate,225 Percent of Medicaid APG. Covered services not payable under Medicaid Fee Schedules default to a payment of 87.5 percent of charges.,11.65,,,,,,,Fee schedule,90 Percent of Medicare Laboratory. Covered services not payable under Medicaid Fee Schedules default to a payment of 50 percent of charges.,169.02,,,,,,,Fee Schedule,225% of NYS APG. Lesser of 100% of billed charges applies.,169.02,,,,,,,Fee Schedule,225% of NYS APG. Lesser of 100% of billed charges applies.,169.02,,,,,,,Fee Schedule,225% of NYS APG. Lesser of 100% of billed charges applies.,169.02,,,,,,,Fee Schedule,225% of NYS APG. Lesser of 100% of billed charges applies.,169.02,,,,,,,Fee Schedule,225% of NYS APG. Lesser of 100% of billed charges applies.,169.02,,,,,,,Fee Schedule,225% of NYS APG. Lesser of 100% of billed charges applies.,,,,,,,,,"NA. ",,,,,,,,,"NA. ",,,,,,,,,"NA. ",28.04,,,,,,,Fee Schedule,"150 % 2018 Cigna RBRVS fee schedule. ",,,,,,,,,"NA. ",12.95,,,,,,,Fee Schedule,"100% Medicare Lab FS. ",12,,,,,,,Fee Schedule,"100 % 1199 Fee Schedule. ",12.95,,,,,,,Fee Schedule,"100% Medicare Lab FS. ",12.95,,,,,,,Fee Schedule,"100% Medicare Lab FS. ",90.14,,,,,,,Case Rate,"120 Percent of Medicaid APG. Not APG payable, or payable under another fee schedule like ASP/AWP pays at 30% of charges",90.14,,,,,,,Case Rate,"120 Percent of Medicaid APG. Not APG payable, or payable under another fee schedule like ASP/AWP pays at 30% of charges",75.12,,,,,,,Case Rate,"100 Percent of Medicaid APG. Not APG payable, or payable under another fee schedule like ASP/AWP pays at 30% of charges",75.12,,,,,,,Case Rate,"100 Percent of Medicaid APG. Not APG payable, or payable under another fee schedule like ASP/AWP pays at 30% of charges",75.12,,,,,,,Case Rate,"100 Percent of Medicaid APG. ",28.1,,,,,,,Fee Schedule,"217 % Medicare RBRVS. ",32.5,,,,,,,Fee Schedule,"250.965250965251 % Medicare Physician FS TC Rates Only. ",33.02,,,,,,,Fee Schedule,"255 % Medicare RBRVS. ",28.04,,,,,,,Fee Schedule,"150 % 2018 Cigna RBRVS fee schedule. ",12.95,,,,,,,Fee Schedule,"100% Medicare Lab FS. ",12.95,,,,,,,Fee Schedule,"100% Medicare Lab FS. ",12.95,,,,,,,Fee Schedule,"100% Medicare Lab FS. ",12.95,,,,,,,Fee Schedule,"100% Medicare Lab FS. ",12.95,,,,,,,Fee Schedule,"100% Medicare Lab FS. ",12.95,,,,,,,Fee Schedule,"100% Medicare Lab FS. ",,,,,,,,,"NA. ",169.02,,,,,,,Fee Schedule,225% of NYS APG. Lesser of 100% of billed charges applies.,10.35,,,,,,,Fee Schedule,100% Medicaid Fee Schedule. Lesser of 100% of billed charges applies.,42.36,,,,,,,Fee Schedule,"238 % 2013 Manhattan Medicare. ",28.1,,,,,,,Fee Schedule,"217 % Medicare RBRVS. ",28.1,,,,,,,Fee Schedule,"217 % Medicare RBRVS. ",28.1,,,,,,,Fee Schedule,"217 % Medicare RBRVS. ",28.1,,,,,,,Fee Schedule,"217 % Medicare RBRVS. ",12.95,,,,,,,Fee Schedule,"100% Medicare Lab FS. ",75.12,,,,,,,Case Rate,"100 Percent of Medicaid APG. ",42.36,,,,,,,Fee Schedule,"238 % 2013 Manhattan Medicare. ",75.12,,,,,,,Case Rate,"100 Percent of Medicaid APG. ",12.95,,,,,,,Fee Schedule,"100% Medicare Lab FS. ",75.12,,,,,,,Case Rate,"100 Percent of Medicaid APG. ",12.95,,,,,,,Fee Schedule,"100% Medicare Lab FS. ",12.95,,,,,,,Fee Schedule,"100% Medicare Lab FS. ",75.12,,,,,,,Case Rate,"100 Percent of Medicaid APG. ",75.12,,,,,,,Case Rate,"100 Percent of Medicaid APG. ",28.1,,,,,,,Fee Schedule,"217 % Medicare RBRVS. ",28.04,,,,,,,Fee Schedule,"150 % 2018 Cigna RBRVS fee schedule. ",107.3046,78,,,,,0,percent of total billed charges,78% of Billed Charges. Lesser of 100% of billed charges applies.; No services were performed during the 15 month look back period.,14.39,,,,,,,Fee Schedule,"100 % 2019 CMS Clinical Lab National Limit Pub 20190115. ",14.39,,,,,,,Fee Schedule,"100 % 2019 CMS Clinical Lab National Limit Pub 20190115. ",32.5,,,,,,,Fee Schedule,"250.965250965251 % Medicare Physician FS TC Rates Only. ",12.69,,,,,,,Fee Schedule,"98% Lab FS. ",24.99,,,,,,,Fee Schedule,"193 % Medicare RBRVS. ",24.99,,,,,,,Fee Schedule,"193 % Medicare RBRVS. ",33.89,,,,,,,Fee Schedule,"190.4 % 2013 Manhattan Medicare. ",33.89,,,,,,,Fee Schedule,"190.4 % 2013 Manhattan Medicare. ",12.95,,,,,,,Fee Schedule,"100% Medicare Lab FS. ",12.95,,,,,,,Fee Schedule,"100% Medicare Lab FS. ",12.95,,,,,,,Fee Schedule,"100% Medicare Lab FS. ",12.95,,,,,,,Fee Schedule,"100% Medicare Lab FS. ",14.39,,,,,,,Fee Schedule,"100 % 2019 CMS Clinical Lab National Limit Pub 20190115. ",42.36,,,,,,,Fee Schedule,"238 % 2013 Manhattan Medicare. ",42.36,,,,,,,Fee Schedule,"238 % 2013 Manhattan Medicare. ",12.95,,,,,,,Fee Schedule,"100% Medicare Lab FS. ",33.89,,,,,,,Fee Schedule,"190.4 % 2013 Manhattan Medicare. ",33.02,,,,,,,Fee Schedule,"255 % Medicare RBRVS. ",90.14,,,,,,,Fee Schedule,"120 Percent of Medicaid APG. ",75.12,,,,,,,Case Rate,"100 Percent of Medicaid APG. ",28.1,,,,,,,Fee Schedule,"217 % Medicare RBRVS. ",38.13,,,,,,,Fee Schedule,"214.2 % 2013 Manhattan Medicare. ",38.13,,,,,,,Fee Schedule,"214.2 % 2013 Manhattan Medicare. ",42.36,,,,,,,Fee Schedule,"238 % 2013 Manhattan Medicare. ",68.785,50,,,,,0,percent of total billed charges,50 percent of billed charges; No services were performed during the 15 month look back period.,12.95,,,,,,,Fee Schedule,"100% Medicare Lab FS. ",78.88,,,,,,,Fee Schedule,105 percent of Medicaid APG. otherwise 105% of Ordered NYS MCD FS or 105% of ASP+6%,78.88,,,,,,,Fee Schedule,105 percent of Medicaid APG. otherwise 105% of Ordered NYS MCD FS or 105% of ASP+6%,78.88,,,,,,,Fee Schedule,105 percent of Medicaid APG. otherwise 105% of Ordered NYS MCD FS or 105% of ASP+6%,101.41,,,,,,,Fee Schedule,135 percent of Medicaid APG. otherwise 135% of Ordered NYS MCD FS or 135% of ASP+6%,14.39,,,,,,,Fee Schedule,"100 % 2019 CMS Clinical Lab National Limit Pub 20190115. ",78.88,,,,,,,Fee Schedule,105 percent of Medicaid APG. otherwise 105% of Ordered NYS MCD FS or 105% of ASP+6%,78.88,,,,,,,Fee Schedule,105 percent of Medicaid APG. otherwise 105% of Ordered NYS MCD FS or 105% of ASP+6%,78.88,,,,,,,Fee Schedule,105 percent of Medicaid APG. otherwise 105% of Ordered NYS MCD FS or 105% of ASP+6%,78.88,,,,,,,Fee Schedule,105 percent of Medicaid APG. otherwise 105% of Ordered NYS MCD FS or 105% of ASP+6%,78.88,,,,,,,Fee Schedule,105 percent of Medicaid APG. otherwise 105% of Ordered NYS MCD FS or 105% of ASP+6%,101.41,,,,,,,Fee Schedule,135 percent of Medicaid APG. otherwise 135% of Ordered NYS MCD FS or 135% of ASP+6%,101.41,,,,,,,Fee Schedule,135 percent of Medicaid APG. otherwise 135% of Ordered NYS MCD FS or 135% of ASP+6%,12.95,,,,,,,Fee Schedule,"100% Medicare Lab FS. ",14.39,,,,,,,Fee Schedule,"100 % 2019 CMS Clinical Lab National Limit Pub 20190115. ",12.95,,,,,,,Fee Schedule,"100% Medicare Lab FS. ",78.88,,,,,,,Fee Schedule,105 percent of Medicaid APG. otherwise 105% of Ordered NYS MCD FS or 105% of ASP+6%,42.36,,,,,,,Fee Schedule,"238 % 2013 Manhattan Medicare. ",12.95,,,,,,,Fee Schedule,"100% Medicare Lab FS. ",42.36,,,,,,,Fee Schedule,"238 % 2013 Manhattan Medicare. ",42.36,,,,,,,Fee Schedule,"238 % 2013 Manhattan Medicare. ",42.36,,,,,,,Fee Schedule,"238 % 2013 Manhattan Medicare. ",78.88,,,,,,,Fee Schedule,105 percent of Medicaid APG. otherwise 105% of Ordered NYS MCD FS or 105% of ASP+6%,12.95,,,,,,,Fee Schedule,"100% Medicare Lab FS. ",42.36,,,,,,,Fee Schedule,"238 % 2013 Manhattan Medicare. ",101.41,,,,,,,Fee Schedule,135 percent of Medicaid APG. otherwise 135% of Ordered NYS MCD FS or 135% of ASP+6%,42.36,,,,,,,Fee Schedule,"238 % 2013 Manhattan Medicare. ",19.42,,,,,,,Fee Schedule,"150% of Medicare Lab FS. ",12.95,,,,,,,Fee Schedule,"100% Medicare Lab FS. ",28.1,,,,,,,Fee Schedule,"217 % Medicare RBRVS. ",28.1,,,,,,,Fee Schedule,"217 % Medicare RBRVS. ",28.1,,,,,,,Fee Schedule,"217 % Medicare RBRVS. ",28.1,,,,,,,Fee Schedule,"217 % Medicare RBRVS. ",28.1,,,,,,,Fee Schedule,"217 % Medicare RBRVS. ",33.02,,,,,,,Fee Schedule,"255 % Medicare RBRVS. ",33.02,,,,,,,Fee Schedule,"255 % Medicare RBRVS. ",28.1,,,,,,,Fee Schedule,"217 % Medicare RBRVS. ",28.1,,,,,,,Fee Schedule,"217 % Medicare RBRVS. ",28.1,,,,,,,Fee Schedule,"217 % Medicare RBRVS. ",28.1,,,,,,,Fee Schedule,"217 % Medicare RBRVS. ",28.1,,,,,,,Fee Schedule,"217 % Medicare RBRVS. ",12.95,,,,,,,Fee Schedule,"100% Medicare Lab FS. ",33.02,,,,,,,Fee Schedule,"255 % Medicare RBRVS. ",12.95,,,,,,,Fee Schedule,"100% Medicare Lab FS. ",169.02,,,,,,,Case Rate,"225 Percent of Medicaid APG. If not included in Medicaid APG, then 100 Percent of Manhattan Medicare",75.12,,,,,,,Case Rate,"100 Percent of Medicaid APG. If not priced under APG, then Metroplus FeeSched",14.39,,,,,,,Fee Schedule,"100 % 2019 CMS Clinical Lab National Limit Pub 20190115. ",14.39,,,,,,,Fee Schedule,"100 % 2019 CMS Clinical Lab National Limit Pub 20190115. ",12.95,,,,,,,Fee Schedule,"100% Medicare Lab FS. ",24.99,,,,,,,Fee Schedule,"193 % Medicare RBRVS. ",12.95,,,,,,,Fee Schedule,"100% Medicare Lab FS. ",12.95,,,,,,,Fee Schedule,"100% Medicare Lab FS. ",32.5,,,,,,,Fee Schedule,"250.965250965251 % Medicare Physician FS TC Rates Only. ",12.95,,,,,,,Fee Schedule,"100% Medicare Lab FS. ",28.04,,,,,,,Fee Schedule,"150 % 2018 Cigna RBRVS fee schedule. ",12.95,,,,,,,Fee Schedule,"100% Medicare Lab FS. ",28.04,,,,,,,Fee Schedule,"150 % 2018 Cigna RBRVS fee schedule. ",32.5,,,,,,,Fee Schedule,"250.965250965251 % Medicare Physician FS TC Rates Only. ",28.04,,,,,,,Fee Schedule,"150 % 2018 Cigna RBRVS fee schedule. ",12.95,,,,,,,Fee Schedule,"100% Medicare Lab FS. ",75.12,,,,,,,Case Rate,"100 Percent of Medicaid APG. ",12.95,,,,,,,Fee Schedule,"100% Medicare Lab FS. ",28.04,,,,,,,Fee Schedule,"150 % 2018 Cigna RBRVS fee schedule. ",14.39,,,,,,,Fee Schedule,"100 % 2019 CMS Clinical Lab National Limit Pub 20190115. ",75.12,,,,,,,Case Rate,"100 Percent of Medicaid APG. ",42.36,,,,,,,Fee Schedule,"238 % 2013 Manhattan Medicare. ",90.14,,,,,,,Fee Schedule,"120 Percent of Medicaid APG. ",90.14,,,,,,,Fee Schedule,"120 Percent of Medicaid APG. ",42.36,,,,,,,Fee Schedule,"238 % 2013 Manhattan Medicare. ",42.36,,,,,,,Fee Schedule,"238 % 2013 Manhattan Medicare. ",42.36,,,,,,,Fee Schedule,"238 % 2013 Manhattan Medicare. ",14.39,,,,,,,Fee Schedule,"100 % 2019 CMS Clinical Lab National Limit Pub 20190115. ",42.36,,,,,,,Fee Schedule,"238 % 2013 Manhattan Medicare. ",42.36,,,,,,,Fee Schedule,"238 % 2013 Manhattan Medicare. ",42.36,,,,,,,Fee Schedule,"238 % 2013 Manhattan Medicare. ",28.1,,,,,,,Fee Schedule,"217 % Medicare RBRVS. ",28.1,,,,,,,Fee Schedule,"217 % Medicare RBRVS. ",18.26,,,,,,,Fee Schedule,141 Percent of of Medicare Lab FS. Metroplus will reimburse unlisted codes and described codes with no Medicare rate at 50 percent of charges.,75.12,,,,,,,Case Rate,"100 Percent of Medicaid APG. ",14.39,,,,,,,Fee Schedule,"100 % 2019 CMS Clinical Lab National Limit Pub 20190115. ",28.04,,,,,,,Fee Schedule,"150 % 2018 Cigna RBRVS fee schedule. ",32.5,,,,,,,Fee Schedule,"250.965250965251 % Medicare Physician FS TC Rates Only. ",14.39,,,,,,,Fee Schedule,"100 % 2019 CMS Clinical Lab National Limit Pub 20190115. ",32.5,,,,,,,Fee Schedule,"250.965250965251 % Medicare Physician FS TC Rates Only. ",14.39,,,,,,,Fee Schedule,"100 % 2019 CMS Clinical Lab National Limit Pub 20190115. ",42.36,,,,,,,Fee Schedule,"238 % 2013 Manhattan Medicare. ",42.36,,,,,,,Fee Schedule,"238 % 2013 Manhattan Medicare. ",42.36,,,,,,,Fee Schedule,"238 % 2013 Manhattan Medicare. ",42.36,,,,,,,Fee Schedule,"238 % 2013 Manhattan Medicare. ",12.95,,,,,,,Fee Schedule,"100% Medicare Lab FS. ",10.35,169.02,
86146,CPT,2021667,LOCAL,302,RC,HC GLYCOPROTEIN ANTIBODY,172.43,30.54,both,,,,12,,,,,,,Fee Schedule,"100 % 1199 Fee Schedule. ",12,,,,,,,Fee Schedule,"100 % 1199 Fee Schedule. ",63.88,,,,,,,Fee Schedule,"251.001964636542 % Medicare Physician FS TC Rates Only. ",172.43,100,,,,,0,percent of total billed charges,100 percent of billed charges. ; No services were performed during the 15 month look back period.,25.45,,,,,,,Fee Schedule,"100% Medicare Lab FS. ",63.88,,,,,,,Fee Schedule,"251.001964636542 % Medicare Physician FS TC Rates Only. ",63.88,,,,,,,Fee Schedule,"251.001964636542 % Medicare Physician FS TC Rates Only. ",63.88,,,,,,,Fee Schedule,"251.001964636542 % Medicare Physician FS TC Rates Only. ",90.14,,,,,,,Case Rate,"100 Percent of Medicaid APG. ",75.12,,,,,,,Case Rate,"100 Percent of Medicaid APG. ",134.4954,78,,,,,0,percent of total billed charges,78% of Billed Charges. Lesser of 100% of billed charges applies.; No services were performed during the 15 month look back period.,28.28,,,,,,,Fee Schedule,"100 % 2019 CMS Clinical Lab National Limit Pub 20190115. ",75.12,,,,,,,Case Rate,"100 Percent of Medicaid APG. ",25.45,,,,,,,Fee Schedule,"100% Medicare Lab FS. ",55.44,,,,,,,Fee Schedule,"150 % 2018 Cigna RBRVS fee schedule. ",55.44,,,,,,,Fee Schedule,"150 % 2018 Cigna RBRVS fee schedule. ",55.44,,,,,,,Fee Schedule,"150 % 2018 Cigna RBRVS fee schedule. ",55.44,,,,,,,Fee Schedule,"150 % 2018 Cigna RBRVS fee schedule. ",22.91,,,,,,,Fee schedule,90 Percent of Medicare Laboratory. Covered services not payable under Medicaid Fee Schedules default to a payment of 50 percent of charges.,25.45,,,,,,,Fee Schedule,"100% Medicare Lab FS. ",22.91,,,,,,,Fee schedule,90 Percent of Medicare Laboratory. Covered services not payable under Medicaid Fee Schedules default to a payment of 50 percent of charges.,134.4954,78,,,,,0,percent of total billed charges,78% of Billed Charges. Lesser of 100% of billed charges applies.; No services were performed during the 15 month look back period.,63.88,,,,,,,Fee Schedule,"251.001964636542 % Medicare Physician FS TC Rates Only. ",25.45,,,,,,,Fee Schedule,"100% Medicare Lab FS. ",64.9,,,,,,,Fee Schedule,"255 % Medicare RBRVS. ",25.45,,,,,,,Fee Schedule,"100% Medicare Lab FS. ",25.45,,,,,,,Fee Schedule,"100% Medicare Lab FS. ",134.4954,78,,,,,0,percent of total billed charges,78% of Billed Charges. Lesser of 100% of billed charges applies.; No services were performed during the 15 month look back period.,7.9,,,,,,,Fee Schedule,100% Medicaid Fee Schedule. Lesser of 100% of billed charges applies.,7.9,,,,,,,Fee Schedule,100% Medicaid Fee Schedule. Lesser of 100% of billed charges applies.,22.91,,,,,,,Fee schedule,"90 Percent of Medicare RBRVS. ",22.91,,,,,,,Fee schedule,"90 Percent of Medicare RBRVS. ",64.9,,,,,,,Fee Schedule,"255 % Medicare RBRVS. ",64.9,,,,,,,Fee Schedule,"255 % Medicare RBRVS. ",75.12,,,,,,,Case Rate,"100 Percent of Medicaid APG. Not APG payable, or payable under another fee schedule like ASP/AWP pays at 30% of charges",64.9,,,,,,,Fee Schedule,"255 % Medicare RBRVS. ",75.12,,,,,,,Case Rate,"100 Percent of Medicaid APG. Not APG payable, or payable under another fee schedule like ASP/AWP pays at 30% of charges",25.45,,,,,,,Fee Schedule,"100% Medicare Lab FS. ",64.9,,,,,,,Fee Schedule,"255 % Medicare RBRVS. ",134.4954,78,,,,,0,percent of total billed charges,78% of Billed Charges. Lesser of 100% of billed charges applies.; No services were performed during the 15 month look back period.,75.12,,,,,,,Case Rate,"100 Percent of Medicaid APG. If not priced under APG, then Metroplus FeeSched",75.12,,,,,,,Case Rate,"100 Percent of Medicaid APG. If not priced under APG, then Metroplus FeeSched",134.4954,78,,,,,0,percent of total billed charges,78% of Billed Charges. Lesser of 100% of billed charges applies.; No services were performed during the 15 month look back period.,55.44,,,,,,,Fee Schedule,"150 % 2018 Cigna RBRVS fee schedule. ",28.28,,,,,,,Fee Schedule,"100 % 2019 CMS Clinical Lab National Limit Pub 20190115. ",28.28,,,,,,,Fee Schedule,"100 % 2019 CMS Clinical Lab National Limit Pub 20190115. ",134.4954,78,,,,,0,percent of total billed charges,78% of Billed Charges. Lesser of 100% of billed charges applies.; No services were performed during the 15 month look back period.,25.45,,,,,,,Fee Schedule,"100% Medicare Lab FS. ",28.28,,,,,,,Fee Schedule,"100 % 2019 CMS Clinical Lab National Limit Pub 20190115. ",28.28,,,,,,,Fee Schedule,"100 % 2019 CMS Clinical Lab National Limit Pub 20190115. ",28.28,,,,,,,Fee Schedule,"100 % 2019 CMS Clinical Lab National Limit Pub 20190115. ",25.45,,,,,,,Fee Schedule,"100% Medicare Lab FS. ",28.28,,,,,,,Fee Schedule,"100 % 2019 CMS Clinical Lab National Limit Pub 20190115. ",28.28,,,,,,,Fee Schedule,"100 % 2019 CMS Clinical Lab National Limit Pub 20190115. ",25.45,,,,,,,Fee Schedule,"100% of Medicare Lab FS. ",86.215,50,,,,,0,percent of total billed charges,50 percent of billed charges; No services were performed during the 15 month look back period.,19.02,,,,,,,Fee Schedule,"238 % 2013 Manhattan Medicare. ",19.02,,,,,,,Fee Schedule,"238 % 2013 Manhattan Medicare. ",19.02,,,,,,,Fee Schedule,"238 % 2013 Manhattan Medicare. ",19.02,,,,,,,Fee Schedule,"238 % 2013 Manhattan Medicare. ",19.02,,,,,,,Fee Schedule,"238 % 2013 Manhattan Medicare. ",19.02,,,,,,,Fee Schedule,"238 % 2013 Manhattan Medicare. ",25.45,,,,,,,Fee Schedule,"100% Medicare Lab FS. ",25.45,,,,,,,Fee Schedule,"100% Medicare Lab FS. ",19.02,,,,,,,Fee Schedule,"238 % 2013 Manhattan Medicare. ",134.4954,78,,,,,0,percent of total billed charges,78% of Billed Charges. Lesser of 100% of billed charges applies.; No services were performed during the 15 month look back period.,134.4954,78,,,,,0,percent of total billed charges,78% of Billed Charges. Lesser of 100% of billed charges applies.; No services were performed during the 15 month look back period.,134.4954,78,,,,,0,percent of total billed charges,78% of Billed Charges. Lesser of 100% of billed charges applies.; No services were performed during the 15 month look back period.,134.4954,78,,,,,0,percent of total billed charges,78% of Billed Charges. Lesser of 100% of billed charges applies.; No services were performed during the 15 month look back period.,134.4954,78,,,,,0,percent of total billed charges,78% of Billed Charges. Lesser of 100% of billed charges applies.; No services were performed during the 15 month look back period.,134.4954,78,,,,,0,percent of total billed charges,78% of Billed Charges. Lesser of 100% of billed charges applies.; No services were performed during the 15 month look back period.,134.4954,78,,,,,0,percent of total billed charges,78% of Billed Charges. Lesser of 100% of billed charges applies.; No services were performed during the 15 month look back period.,134.4954,78,,,,,0,percent of total billed charges,78% of Billed Charges. Lesser of 100% of billed charges applies.; No services were performed during the 15 month look back period.,134.4954,78,,,,,0,percent of total billed charges,78% of Billed Charges. Lesser of 100% of billed charges applies.; No services were performed during the 15 month look back period.,134.4954,78,,,,,0,percent of total billed charges,78% of Billed Charges. Lesser of 100% of billed charges applies.; No services were performed during the 15 month look back period.,134.4954,78,,,,,0,percent of total billed charges,78% of Billed Charges. Lesser of 100% of billed charges applies.; No services were performed during the 15 month look back period.,134.4954,78,,,,,0,percent of total billed charges,78% of Billed Charges. Lesser of 100% of billed charges applies.; No services were performed during the 15 month look back period.,134.4954,78,,,,,0,percent of total billed charges,78% of Billed Charges. Lesser of 100% of billed charges applies.; No services were performed during the 15 month look back period.,134.4954,78,,,,,0,percent of total billed charges,78% of Billed Charges. Lesser of 100% of billed charges applies.; No services were performed during the 15 month look back period.,134.4954,78,,,,,0,percent of total billed charges,78% of Billed Charges. Lesser of 100% of billed charges applies.; No services were performed during the 15 month look back period.,134.4954,78,,,,,0,percent of total billed charges,78% of Billed Charges. Lesser of 100% of billed charges applies.; No services were performed during the 15 month look back period.,134.4954,78,,,,,0,percent of total billed charges,78% of Billed Charges. Lesser of 100% of billed charges applies.; No services were performed during the 15 month look back period.,134.4954,78,,,,,0,percent of total billed charges,78% of Billed Charges. Lesser of 100% of billed charges applies.; No services were performed during the 15 month look back period.,134.4954,78,,,,,0,percent of total billed charges,78% of Billed Charges. Lesser of 100% of billed charges applies.; No services were performed during the 15 month look back period.,134.4954,78,,,,,0,percent of total billed charges,78% of Billed Charges. Lesser of 100% of billed charges applies.; No services were performed during the 15 month look back period.,134.4954,78,,,,,0,percent of total billed charges,78% of Billed Charges. Lesser of 100% of billed charges applies.; No services were performed during the 15 month look back period.,134.4954,78,,,,,0,percent of total billed charges,78% of Billed Charges. Lesser of 100% of billed charges applies.; No services were performed during the 15 month look back period.,134.4954,78,,,,,0,percent of total billed charges,78% of Billed Charges. Lesser of 100% of billed charges applies.; No services were performed during the 15 month look back period.,134.4954,78,,,,,0,percent of total billed charges,78% of Billed Charges. Lesser of 100% of billed charges applies.; No services were performed during the 15 month look back period.,134.4954,78,,,,,0,percent of total billed charges,78% of Billed Charges. Lesser of 100% of billed charges applies.; No services were performed during the 15 month look back period.,134.4954,78,,,,,0,percent of total billed charges,78% of Billed Charges. Lesser of 100% of billed charges applies.; No services were performed during the 15 month look back period.,64.9,,,,,,,Fee Schedule,"255 % Medicare RBRVS. ",64.9,,,,,,,Fee Schedule,"255 % Medicare RBRVS. ",64.9,,,,,,,Fee Schedule,"255 % Medicare RBRVS. ",64.9,,,,,,,Fee Schedule,"255 % Medicare RBRVS. ",49.12,,,,,,,Fee Schedule,"193 % Medicare RBRVS. ",49.12,,,,,,,Fee Schedule,"193 % Medicare RBRVS. ",55.44,,,,,,,Fee Schedule,"150 % 2018 Cigna RBRVS fee schedule. ",19.02,,,,,,,Fee Schedule,"238 % 2013 Manhattan Medicare. ",28.28,,,,,,,Fee Schedule,"100 % 2019 CMS Clinical Lab National Limit Pub 20190115. ",19.02,,,,,,,Fee Schedule,"238 % 2013 Manhattan Medicare. ",134.4954,78,,,,,0,percent of total billed charges,78% of Billed Charges. Lesser of 100% of billed charges applies.; No services were performed during the 15 month look back period.,49.12,,,,,,,Fee Schedule,"193 % Medicare RBRVS. ",19.02,,,,,,,Fee Schedule,"238 % 2013 Manhattan Medicare. ",28.28,,,,,,,Fee Schedule,"100 % 2019 CMS Clinical Lab National Limit Pub 20190115. ",55.44,,,,,,,Fee Schedule,"150 % 2018 Cigna RBRVS fee schedule. ",,,,,,,,,"NA. ",134.4954,78,,,,,0,percent of total billed charges,78% of Billed Charges. Lesser of 100% of billed charges applies.; No services were performed during the 15 month look back period.,75.12,,,,,,,Case Rate,"100 Percent of Medicaid APG. ",64.9,,,,,,,Fee Schedule,"255 % Medicare RBRVS. ",75.12,,,,,,,Case Rate,"100 Percent of Medicaid APG. Not APG payable, or payable under another fee schedule like ASP/AWP pays at 30% of charges",25.45,,,,,,,Fee Schedule,"100% Medicare Lab FS. ",25.45,,,,,,,Fee Schedule,"100% Medicare Lab FS. ",86.215,50,,,,,0,percent of total billed charges,50 percent of billed charges; No services were performed during the 15 month look back period.,25.45,,,,,,,Fee Schedule,"100% Medicare Lab FS. ",25.45,,,,,,,Fee Schedule,"100% Medicare Lab FS. ",75.12,,,,,,,Case Rate,"100 Percent of Medicaid APG. ",25.45,,,,,,,Fee Schedule,"100% Medicare Lab FS. ",25.45,,,,,,,Fee Schedule,"100% Medicare Lab FS. ",63.88,,,,,,,Fee Schedule,"251.001964636542 % Medicare Physician FS TC Rates Only. ",63.88,,,,,,,Fee Schedule,"251.001964636542 % Medicare Physician FS TC Rates Only. ",25.45,,,,,,,Fee Schedule,"100% Medicare Lab FS. ",55.44,,,,,,,Fee Schedule,"150 % 2018 Cigna RBRVS fee schedule. ",28.28,,,,,,,Fee Schedule,"100 % 2019 CMS Clinical Lab National Limit Pub 20190115. ",28.28,,,,,,,Fee Schedule,"100 % 2019 CMS Clinical Lab National Limit Pub 20190115. ",25.45,,,,,,,Fee Schedule,"100% Medicare Lab FS. ",55.44,,,,,,,Fee Schedule,"150 % 2018 Cigna RBRVS fee schedule. ",63.88,,,,,,,Fee Schedule,"251.001964636542 % Medicare Physician FS TC Rates Only. ",63.88,,,,,,,Fee Schedule,"251.001964636542 % Medicare Physician FS TC Rates Only. ",63.88,,,,,,,Fee Schedule,"251.001964636542 % Medicare Physician FS TC Rates Only. ",134.4954,78,,,,,0,percent of total billed charges,78% of Billed Charges. Lesser of 100% of billed charges applies.; No services were performed during the 15 month look back period.,134.4954,78,,,,,0,percent of total billed charges,78% of Billed Charges. Lesser of 100% of billed charges applies.; No services were performed during the 15 month look back period.,134.4954,78,,,,,0,percent of total billed charges,78% of Billed Charges. Lesser of 100% of billed charges applies.; No services were performed during the 15 month look back period.,134.4954,78,,,,,0,percent of total billed charges,78% of Billed Charges. Lesser of 100% of billed charges applies.; No services were performed during the 15 month look back period.,134.4954,78,,,,,0,percent of total billed charges,78% of Billed Charges. Lesser of 100% of billed charges applies.; No services were performed during the 15 month look back period.,134.4954,78,,,,,0,percent of total billed charges,78% of Billed Charges. Lesser of 100% of billed charges applies.; No services were performed during the 15 month look back period.,134.4954,78,,,,,0,percent of total billed charges,78% of Billed Charges. Lesser of 100% of billed charges applies.; No services were performed during the 15 month look back period.,134.4954,78,,,,,0,percent of total billed charges,78% of Billed Charges. Lesser of 100% of billed charges applies.; No services were performed during the 15 month look back period.,134.4954,78,,,,,0,percent of total billed charges,78% of Billed Charges. Lesser of 100% of billed charges applies.; No services were performed during the 15 month look back period.,134.4954,78,,,,,0,percent of total billed charges,78% of Billed Charges. Lesser of 100% of billed charges applies.; No services were performed during the 15 month look back period.,134.4954,78,,,,,0,percent of total billed charges,78% of Billed Charges. Lesser of 100% of billed charges applies.; No services were performed during the 15 month look back period.,49.12,,,,,,,Fee Schedule,"193 % Medicare RBRVS. ",19.02,,,,,,,Fee Schedule,"238 % 2013 Manhattan Medicare. ",55.44,,,,,,,Fee Schedule,"150 % 2018 Cigna RBRVS fee schedule. ",25.45,,,,,,,Fee Schedule,"100% Medicare Lab FS. ",63.88,,,,,,,Fee Schedule,"251.001964636542 % Medicare Physician FS TC Rates Only. ",55.44,,,,,,,Fee Schedule,"150 % 2018 Cigna RBRVS fee schedule. ",55.44,,,,,,,Fee Schedule,"150 % 2018 Cigna RBRVS fee schedule. ",134.4954,78,,,,,0,percent of total billed charges,78% of Billed Charges. Lesser of 100% of billed charges applies.; No services were performed during the 15 month look back period.,160.76,,,,,,,Case Rate,"141 Percent of current Medicare RBRVS FeeSched. ",55.44,,,,,,,Fee Schedule,"150 % 2018 Cigna RBRVS fee schedule. ",75.12,,,,,,,Case Rate,"100 Percent of Medicaid APG. ",25.45,,,,,,,Fee Schedule,"100% Medicare Lab FS. ",25.45,,,,,,,Fee Schedule,"100% Medicare Lab FS. ",25.45,,,,,,,Fee Schedule,"100% Medicare Lab FS. ",25.45,,,,,,,Fee Schedule,"100% Medicare Lab FS. ",25.45,,,,,,,Fee Schedule,"100% Medicare Lab FS. ",25.45,,,,,,,Fee Schedule,"100% Medicare Lab FS. ",55.44,,,,,,,Fee Schedule,"150 % 2018 Cigna RBRVS fee schedule. ",86.215,50,,,,,0,percent of total billed charges,50 percent of billed charges; No services were performed during the 15 month look back period.,40.72,,,,,,,Fee Schedule,"160 Percent of Medicare Laboratory. ",40.72,,,,,,,Fee Schedule,"160 Percent of Medicare Laboratory. ",40.72,,,,,,,Fee Schedule,"160 Percent of Medicare Laboratory. ",40.72,,,,,,,Fee Schedule,"160 Percent of Medicare Laboratory. ",40.72,,,,,,,Fee Schedule,"160 Percent of Medicare Laboratory. ",,,,,,,,,"NA. ",86.215,50,,,,,0,percent of total billed charges,50 percent of billed charges; No services were performed during the 15 month look back period.,35.88,,,,,,,Fee Schedule,141 Percent of of Medicare Lab FS. Metroplus will reimburse unlisted codes and described codes with no Medicare rate at 50 percent of charges.,35.88,,,,,,,Fee Schedule,141 Percent of of Medicare Lab FS. Metroplus will reimburse unlisted codes and described codes with no Medicare rate at 50 percent of charges.,35.88,,,,,,,Fee Schedule,141 Percent of of Medicare Lab FS. Metroplus will reimburse unlisted codes and described codes with no Medicare rate at 50 percent of charges.,35.88,,,,,,,Fee Schedule,141 Percent of of Medicare Lab FS. Metroplus will reimburse unlisted codes and described codes with no Medicare rate at 50 percent of charges.,35.88,,,,,,,Fee Schedule,141 Percent of of Medicare Lab FS. Metroplus will reimburse unlisted codes and described codes with no Medicare rate at 50 percent of charges.,25.45,,,,,,,Fee Schedule,"100% Medicare Lab FS. ",49.12,,,,,,,Fee Schedule,"193 % Medicare RBRVS. ",49.12,,,,,,,Fee Schedule,"193 % Medicare RBRVS. ",49.12,,,,,,,Fee Schedule,"193 % Medicare RBRVS. ",49.12,,,,,,,Fee Schedule,"193 % Medicare RBRVS. ",63.88,,,,,,,Fee Schedule,"251.001964636542 % Medicare Physician FS TC Rates Only. ",63.88,,,,,,,Fee Schedule,"251.001964636542 % Medicare Physician FS TC Rates Only. ",63.88,,,,,,,Fee Schedule,"251.001964636542 % Medicare Physician FS TC Rates Only. ",63.88,,,,,,,Fee Schedule,"251.001964636542 % Medicare Physician FS TC Rates Only. ",86.215,50,,,,,0,percent of total billed charges,50 percent of billed charges; No services were performed during the 15 month look back period.,86.215,50,,,,,0,percent of total billed charges,50 percent of billed charges; No services were performed during the 15 month look back period.,25.45,,,,,,,Fee Schedule,"100% Medicare Lab FS. ",25.45,,,,,,,Fee Schedule,"100% Medicare Lab FS. ",25.45,,,,,,,Fee Schedule,"100% Medicare Lab FS. ",19.02,,,,,,,Fee Schedule,"238 % 2013 Manhattan Medicare. ",19.02,,,,,,,Fee Schedule,"238 % 2013 Manhattan Medicare. ",19.02,,,,,,,Fee Schedule,"238 % 2013 Manhattan Medicare. ",86.215,50,,,,,0,percent of total billed charges,50 percent of billed charges; No services were performed during the 15 month look back period.,63.88,,,,,,,Fee Schedule,"251.001964636542 % Medicare Physician FS TC Rates Only. ",25.45,,,,,,,Fee Schedule,"100% Medicare Lab FS. ",19.02,,,,,,,Fee Schedule,"238 % 2013 Manhattan Medicare. ",75.12,,,,,,,Case Rate,"100 Percent of Medicaid APG. ",25.96,,,,,,,Fee Schedule,"102% of Medicare Lab FS. ",25.96,,,,,,,Fee Schedule,"102% of Medicare Lab FS. ",25.96,,,,,,,Fee Schedule,"102% of Medicare Lab FS. ",22.91,,,,,,,Fee schedule,"90 Percent of Medicare RBRVS. ",169.02,,,,,,,Fee Schedule,225% of NYS APG. Lesser of 100% of billed charges applies.,169.02,,,,,,,Fee Schedule,225% of NYS APG. Lesser of 100% of billed charges applies.,169.02,,,,,,,Fee Schedule,225% of NYS APG. Lesser of 100% of billed charges applies.,169.02,,,,,,,Fee Schedule,225% of NYS APG. Lesser of 100% of billed charges applies.,169.02,,,,,,,Fee Schedule,225% of NYS APG. Lesser of 100% of billed charges applies.,25.96,,,,,,,Fee Schedule,"102% of Medicare Lab FS. ",75.12,,,,,,,Case Rate,"100 Percent of Medicaid APG. ",7.9,,,,,,,Fee Schedule,100% Medicaid Fee Schedule. Lesser of 100% of billed charges applies.,169.02,,,,,,,Fee Schedule,225% of NYS APG. Lesser of 100% of billed charges applies.,169.02,,,,,,,Fee Schedule,225% of NYS APG. Lesser of 100% of billed charges applies.,7.9,,,,,,,Fee Schedule,100% Medicaid Fee Schedule. Lesser of 100% of billed charges applies.,7.9,,,,,,,Fee Schedule,100% Medicaid Fee Schedule. Lesser of 100% of billed charges applies.,40.72,,,,,,,Fee Schedule,"160 Percent of Medicare Laboratory. ",25.45,,,,,,,Fee Schedule,"100% Medicare Lab FS. ",25.45,,,,,,,Fee Schedule,"100% Medicare Lab FS. ",63.88,,,,,,,Fee Schedule,"251.001964636542 % Medicare Physician FS TC Rates Only. ",25.45,,,,,,,Fee Schedule,"100% Medicare Lab FS. ",169.02,,,,,,,Fee Schedule,"225 Percent of Medicaid APG. ",169.02,,,,,,,Fee Schedule,"225 Percent of Medicaid APG. ",22.91,,,,,,,Fee schedule,"90 Percent of Medicare RBRVS. ",22.91,,,,,,,Fee schedule,"90 Percent of Medicare RBRVS. ",169.02,,,,,,,Case Rate,225 Percent of Medicaid APG. Covered services not payable under Medicaid Fee Schedules default to a payment of 87.5 percent of charges.,22.91,,,,,,,Fee schedule,90 Percent of Medicare Laboratory. Covered services not payable under Medicaid Fee Schedules default to a payment of 50 percent of charges.,169.02,,,,,,,Case Rate,"100 Percent of Medicaid APG. ",169.02,,,,,,,Case Rate,"100 Percent of Medicaid APG. ",169.02,,,,,,,Case Rate,"100 Percent of Medicaid APG. ",169.02,,,,,,,Case Rate,"100 Percent of Medicaid APG. ",259.34,,,,,,,Fee Schedule,"1019 % Manhattan Facility Rate. ",86.215,50,,,,,0,percent of total billed charges,50 percent of billed charges; No services were performed during the 15 month look back period.,90.14,,,,,,,Case Rate,"120 Percent of Medicaid APG. Not APG payable, or payable under another fee schedule like ASP/AWP pays at 30% of charges",90.14,,,,,,,Case Rate,"120 Percent of Medicaid APG. Not APG payable, or payable under another fee schedule like ASP/AWP pays at 30% of charges",75.12,,,,,,,Case Rate,"100 Percent of Medicaid APG. Not APG payable, or payable under another fee schedule like ASP/AWP pays at 30% of charges",75.12,,,,,,,Case Rate,"100 Percent of Medicaid APG. Not APG payable, or payable under another fee schedule like ASP/AWP pays at 30% of charges",19.02,,,,,,,Fee Schedule,"238 % 2013 Manhattan Medicare. ",19.02,,,,,,,Fee Schedule,"238 % 2013 Manhattan Medicare. ",25.45,,,,,,,Fee Schedule,"100% Medicare Lab FS. ",19.02,,,,,,,Fee Schedule,"238 % 2013 Manhattan Medicare. ",19.02,,,,,,,Fee Schedule,"238 % 2013 Manhattan Medicare. ",19.02,,,,,,,Fee Schedule,"238 % 2013 Manhattan Medicare. ",19.02,,,,,,,Fee Schedule,"238 % 2013 Manhattan Medicare. ",25.45,,,,,,,Fee Schedule,"100% Medicare Lab FS. ",19.02,,,,,,,Fee Schedule,"238 % 2013 Manhattan Medicare. ",19.02,,,,,,,Fee Schedule,"238 % 2013 Manhattan Medicare. ",63.88,,,,,,,Fee Schedule,"251.001964636542 % Medicare Physician FS TC Rates Only. ",82.63,,,,,,,Fee Schedule,110% of APG. Lesser of 100% of billed charges applies.,22.91,,,,,,,Fee schedule,90 Percent of Medicare Laboratory. Covered services not payable under Medicaid Fee Schedules default to a payment of 50 percent of charges.,169.02,,,,,,,Fee Schedule,225% of NYS APG. Lesser of 100% of billed charges applies.,169.02,,,,,,,Case Rate,225 Percent of Medicaid APG. Covered services not payable under Medicaid Fee Schedules default to a payment of 87.5 percent of charges.,22.91,,,,,,,Fee schedule,90 Percent of Medicare Laboratory. Covered services not payable under Medicaid Fee Schedules default to a payment of 50 percent of charges.,169.02,,,,,,,Fee Schedule,225% of NYS APG. Lesser of 100% of billed charges applies.,169.02,,,,,,,Fee Schedule,225% of NYS APG. Lesser of 100% of billed charges applies.,169.02,,,,,,,Fee Schedule,225% of NYS APG. Lesser of 100% of billed charges applies.,169.02,,,,,,,Fee Schedule,225% of NYS APG. Lesser of 100% of billed charges applies.,169.02,,,,,,,Fee Schedule,225% of NYS APG. Lesser of 100% of billed charges applies.,169.02,,,,,,,Fee Schedule,225% of NYS APG. Lesser of 100% of billed charges applies.,,,,,,,,,"NA. ",,,,,,,,,"NA. ",,,,,,,,,"NA. ",55.44,,,,,,,Fee Schedule,"150 % 2018 Cigna RBRVS fee schedule. ",,,,,,,,,"NA. ",25.45,,,,,,,Fee Schedule,"100% Medicare Lab FS. ",12,,,,,,,Fee Schedule,"100 % 1199 Fee Schedule. ",25.45,,,,,,,Fee Schedule,"100% Medicare Lab FS. ",25.45,,,,,,,Fee Schedule,"100% Medicare Lab FS. ",90.14,,,,,,,Case Rate,"120 Percent of Medicaid APG. Not APG payable, or payable under another fee schedule like ASP/AWP pays at 30% of charges",90.14,,,,,,,Case Rate,"120 Percent of Medicaid APG. Not APG payable, or payable under another fee schedule like ASP/AWP pays at 30% of charges",75.12,,,,,,,Case Rate,"100 Percent of Medicaid APG. Not APG payable, or payable under another fee schedule like ASP/AWP pays at 30% of charges",75.12,,,,,,,Case Rate,"100 Percent of Medicaid APG. Not APG payable, or payable under another fee schedule like ASP/AWP pays at 30% of charges",75.12,,,,,,,Case Rate,"100 Percent of Medicaid APG. ",55.23,,,,,,,Fee Schedule,"217 % Medicare RBRVS. ",63.88,,,,,,,Fee Schedule,"251.001964636542 % Medicare Physician FS TC Rates Only. ",64.9,,,,,,,Fee Schedule,"255 % Medicare RBRVS. ",55.44,,,,,,,Fee Schedule,"150 % 2018 Cigna RBRVS fee schedule. ",25.45,,,,,,,Fee Schedule,"100% Medicare Lab FS. ",25.45,,,,,,,Fee Schedule,"100% Medicare Lab FS. ",25.45,,,,,,,Fee Schedule,"100% Medicare Lab FS. ",25.45,,,,,,,Fee Schedule,"100% Medicare Lab FS. ",25.45,,,,,,,Fee Schedule,"100% Medicare Lab FS. ",25.45,,,,,,,Fee Schedule,"100% Medicare Lab FS. ",,,,,,,,,"NA. ",169.02,,,,,,,Fee Schedule,225% of NYS APG. Lesser of 100% of billed charges applies.,7.9,,,,,,,Fee Schedule,100% Medicaid Fee Schedule. Lesser of 100% of billed charges applies.,19.02,,,,,,,Fee Schedule,"238 % 2013 Manhattan Medicare. ",55.23,,,,,,,Fee Schedule,"217 % Medicare RBRVS. ",55.23,,,,,,,Fee Schedule,"217 % Medicare RBRVS. ",55.23,,,,,,,Fee Schedule,"217 % Medicare RBRVS. ",55.23,,,,,,,Fee Schedule,"217 % Medicare RBRVS. ",25.45,,,,,,,Fee Schedule,"100% Medicare Lab FS. ",75.12,,,,,,,Case Rate,"100 Percent of Medicaid APG. ",19.02,,,,,,,Fee Schedule,"238 % 2013 Manhattan Medicare. ",75.12,,,,,,,Case Rate,"100 Percent of Medicaid APG. ",25.45,,,,,,,Fee Schedule,"100% Medicare Lab FS. ",75.12,,,,,,,Case Rate,"100 Percent of Medicaid APG. ",25.45,,,,,,,Fee Schedule,"100% Medicare Lab FS. ",25.45,,,,,,,Fee Schedule,"100% Medicare Lab FS. ",75.12,,,,,,,Case Rate,"100 Percent of Medicaid APG. ",75.12,,,,,,,Case Rate,"100 Percent of Medicaid APG. ",55.23,,,,,,,Fee Schedule,"217 % Medicare RBRVS. ",55.44,,,,,,,Fee Schedule,"150 % 2018 Cigna RBRVS fee schedule. ",134.4954,78,,,,,0,percent of total billed charges,78% of Billed Charges. Lesser of 100% of billed charges applies.; No services were performed during the 15 month look back period.,28.28,,,,,,,Fee Schedule,"100 % 2019 CMS Clinical Lab National Limit Pub 20190115. ",28.28,,,,,,,Fee Schedule,"100 % 2019 CMS Clinical Lab National Limit Pub 20190115. ",63.88,,,,,,,Fee Schedule,"251.001964636542 % Medicare Physician FS TC Rates Only. ",24.94,,,,,,,Fee Schedule,"98% Lab FS. ",49.12,,,,,,,Fee Schedule,"193 % Medicare RBRVS. ",49.12,,,,,,,Fee Schedule,"193 % Medicare RBRVS. ",15.21,,,,,,,Fee Schedule,"190.4 % 2013 Manhattan Medicare. ",15.21,,,,,,,Fee Schedule,"190.4 % 2013 Manhattan Medicare. ",25.45,,,,,,,Fee Schedule,"100% Medicare Lab FS. ",25.45,,,,,,,Fee Schedule,"100% Medicare Lab FS. ",25.45,,,,,,,Fee Schedule,"100% Medicare Lab FS. ",25.45,,,,,,,Fee Schedule,"100% Medicare Lab FS. ",28.28,,,,,,,Fee Schedule,"100 % 2019 CMS Clinical Lab National Limit Pub 20190115. ",19.02,,,,,,,Fee Schedule,"238 % 2013 Manhattan Medicare. ",19.02,,,,,,,Fee Schedule,"238 % 2013 Manhattan Medicare. ",25.45,,,,,,,Fee Schedule,"100% Medicare Lab FS. ",15.21,,,,,,,Fee Schedule,"190.4 % 2013 Manhattan Medicare. ",64.9,,,,,,,Fee Schedule,"255 % Medicare RBRVS. ",90.14,,,,,,,Fee Schedule,"120 Percent of Medicaid APG. ",75.12,,,,,,,Case Rate,"100 Percent of Medicaid APG. ",55.23,,,,,,,Fee Schedule,"217 % Medicare RBRVS. ",17.11,,,,,,,Fee Schedule,"214.2 % 2013 Manhattan Medicare. ",17.11,,,,,,,Fee Schedule,"214.2 % 2013 Manhattan Medicare. ",19.02,,,,,,,Fee Schedule,"238 % 2013 Manhattan Medicare. ",86.215,50,,,,,0,percent of total billed charges,50 percent of billed charges; No services were performed during the 15 month look back period.,25.45,,,,,,,Fee Schedule,"100% Medicare Lab FS. ",78.88,,,,,,,Fee Schedule,105 percent of Medicaid APG. otherwise 105% of Ordered NYS MCD FS or 105% of ASP+6%,78.88,,,,,,,Fee Schedule,105 percent of Medicaid APG. otherwise 105% of Ordered NYS MCD FS or 105% of ASP+6%,78.88,,,,,,,Fee Schedule,105 percent of Medicaid APG. otherwise 105% of Ordered NYS MCD FS or 105% of ASP+6%,101.41,,,,,,,Fee Schedule,135 percent of Medicaid APG. otherwise 135% of Ordered NYS MCD FS or 135% of ASP+6%,28.28,,,,,,,Fee Schedule,"100 % 2019 CMS Clinical Lab National Limit Pub 20190115. ",78.88,,,,,,,Fee Schedule,105 percent of Medicaid APG. otherwise 105% of Ordered NYS MCD FS or 105% of ASP+6%,78.88,,,,,,,Fee Schedule,105 percent of Medicaid APG. otherwise 105% of Ordered NYS MCD FS or 105% of ASP+6%,78.88,,,,,,,Fee Schedule,105 percent of Medicaid APG. otherwise 105% of Ordered NYS MCD FS or 105% of ASP+6%,78.88,,,,,,,Fee Schedule,105 percent of Medicaid APG. otherwise 105% of Ordered NYS MCD FS or 105% of ASP+6%,78.88,,,,,,,Fee Schedule,105 percent of Medicaid APG. otherwise 105% of Ordered NYS MCD FS or 105% of ASP+6%,101.41,,,,,,,Fee Schedule,135 percent of Medicaid APG. otherwise 135% of Ordered NYS MCD FS or 135% of ASP+6%,101.41,,,,,,,Fee Schedule,135 percent of Medicaid APG. otherwise 135% of Ordered NYS MCD FS or 135% of ASP+6%,25.45,,,,,,,Fee Schedule,"100% Medicare Lab FS. ",28.28,,,,,,,Fee Schedule,"100 % 2019 CMS Clinical Lab National Limit Pub 20190115. ",25.45,,,,,,,Fee Schedule,"100% Medicare Lab FS. ",78.88,,,,,,,Fee Schedule,105 percent of Medicaid APG. otherwise 105% of Ordered NYS MCD FS or 105% of ASP+6%,19.02,,,,,,,Fee Schedule,"238 % 2013 Manhattan Medicare. ",25.45,,,,,,,Fee Schedule,"100% Medicare Lab FS. ",19.02,,,,,,,Fee Schedule,"238 % 2013 Manhattan Medicare. ",19.02,,,,,,,Fee Schedule,"238 % 2013 Manhattan Medicare. ",19.02,,,,,,,Fee Schedule,"238 % 2013 Manhattan Medicare. ",78.88,,,,,,,Fee Schedule,105 percent of Medicaid APG. otherwise 105% of Ordered NYS MCD FS or 105% of ASP+6%,25.45,,,,,,,Fee Schedule,"100% Medicare Lab FS. ",19.02,,,,,,,Fee Schedule,"238 % 2013 Manhattan Medicare. ",101.41,,,,,,,Fee Schedule,135 percent of Medicaid APG. otherwise 135% of Ordered NYS MCD FS or 135% of ASP+6%,19.02,,,,,,,Fee Schedule,"238 % 2013 Manhattan Medicare. ",38.17,,,,,,,Fee Schedule,"150% of Medicare Lab FS. ",25.45,,,,,,,Fee Schedule,"100% Medicare Lab FS. ",55.23,,,,,,,Fee Schedule,"217 % Medicare RBRVS. ",55.23,,,,,,,Fee Schedule,"217 % Medicare RBRVS. ",55.23,,,,,,,Fee Schedule,"217 % Medicare RBRVS. ",55.23,,,,,,,Fee Schedule,"217 % Medicare RBRVS. ",55.23,,,,,,,Fee Schedule,"217 % Medicare RBRVS. ",64.9,,,,,,,Fee Schedule,"255 % Medicare RBRVS. ",64.9,,,,,,,Fee Schedule,"255 % Medicare RBRVS. ",55.23,,,,,,,Fee Schedule,"217 % Medicare RBRVS. ",55.23,,,,,,,Fee Schedule,"217 % Medicare RBRVS. ",55.23,,,,,,,Fee Schedule,"217 % Medicare RBRVS. ",55.23,,,,,,,Fee Schedule,"217 % Medicare RBRVS. ",55.23,,,,,,,Fee Schedule,"217 % Medicare RBRVS. ",25.45,,,,,,,Fee Schedule,"100% Medicare Lab FS. ",64.9,,,,,,,Fee Schedule,"255 % Medicare RBRVS. ",25.45,,,,,,,Fee Schedule,"100% Medicare Lab FS. ",169.02,,,,,,,Case Rate,"225 Percent of Medicaid APG. If not included in Medicaid APG, then 100 Percent of Manhattan Medicare",75.12,,,,,,,Case Rate,"100 Percent of Medicaid APG. If not priced under APG, then Metroplus FeeSched",28.28,,,,,,,Fee Schedule,"100 % 2019 CMS Clinical Lab National Limit Pub 20190115. ",28.28,,,,,,,Fee Schedule,"100 % 2019 CMS Clinical Lab National Limit Pub 20190115. ",25.45,,,,,,,Fee Schedule,"100% Medicare Lab FS. ",49.12,,,,,,,Fee Schedule,"193 % Medicare RBRVS. ",25.45,,,,,,,Fee Schedule,"100% Medicare Lab FS. ",25.45,,,,,,,Fee Schedule,"100% Medicare Lab FS. ",63.88,,,,,,,Fee Schedule,"251.001964636542 % Medicare Physician FS TC Rates Only. ",25.45,,,,,,,Fee Schedule,"100% Medicare Lab FS. ",55.44,,,,,,,Fee Schedule,"150 % 2018 Cigna RBRVS fee schedule. ",25.45,,,,,,,Fee Schedule,"100% Medicare Lab FS. ",55.44,,,,,,,Fee Schedule,"150 % 2018 Cigna RBRVS fee schedule. ",63.88,,,,,,,Fee Schedule,"251.001964636542 % Medicare Physician FS TC Rates Only. ",55.44,,,,,,,Fee Schedule,"150 % 2018 Cigna RBRVS fee schedule. ",25.45,,,,,,,Fee Schedule,"100% Medicare Lab FS. ",75.12,,,,,,,Case Rate,"100 Percent of Medicaid APG. ",25.45,,,,,,,Fee Schedule,"100% Medicare Lab FS. ",55.44,,,,,,,Fee Schedule,"150 % 2018 Cigna RBRVS fee schedule. ",28.28,,,,,,,Fee Schedule,"100 % 2019 CMS Clinical Lab National Limit Pub 20190115. ",75.12,,,,,,,Case Rate,"100 Percent of Medicaid APG. ",19.02,,,,,,,Fee Schedule,"238 % 2013 Manhattan Medicare. ",90.14,,,,,,,Fee Schedule,"120 Percent of Medicaid APG. ",90.14,,,,,,,Fee Schedule,"120 Percent of Medicaid APG. ",19.02,,,,,,,Fee Schedule,"238 % 2013 Manhattan Medicare. ",19.02,,,,,,,Fee Schedule,"238 % 2013 Manhattan Medicare. ",19.02,,,,,,,Fee Schedule,"238 % 2013 Manhattan Medicare. ",28.28,,,,,,,Fee Schedule,"100 % 2019 CMS Clinical Lab National Limit Pub 20190115. ",19.02,,,,,,,Fee Schedule,"238 % 2013 Manhattan Medicare. ",19.02,,,,,,,Fee Schedule,"238 % 2013 Manhattan Medicare. ",19.02,,,,,,,Fee Schedule,"238 % 2013 Manhattan Medicare. ",55.23,,,,,,,Fee Schedule,"217 % Medicare RBRVS. ",55.23,,,,,,,Fee Schedule,"217 % Medicare RBRVS. ",35.88,,,,,,,Fee Schedule,141 Percent of of Medicare Lab FS. Metroplus will reimburse unlisted codes and described codes with no Medicare rate at 50 percent of charges.,75.12,,,,,,,Case Rate,"100 Percent of Medicaid APG. ",28.28,,,,,,,Fee Schedule,"100 % 2019 CMS Clinical Lab National Limit Pub 20190115. ",55.44,,,,,,,Fee Schedule,"150 % 2018 Cigna RBRVS fee schedule. ",63.88,,,,,,,Fee Schedule,"251.001964636542 % Medicare Physician FS TC Rates Only. ",28.28,,,,,,,Fee Schedule,"100 % 2019 CMS Clinical Lab National Limit Pub 20190115. ",63.88,,,,,,,Fee Schedule,"251.001964636542 % Medicare Physician FS TC Rates Only. ",28.28,,,,,,,Fee Schedule,"100 % 2019 CMS Clinical Lab National Limit Pub 20190115. ",19.02,,,,,,,Fee Schedule,"238 % 2013 Manhattan Medicare. ",19.02,,,,,,,Fee Schedule,"238 % 2013 Manhattan Medicare. ",19.02,,,,,,,Fee Schedule,"238 % 2013 Manhattan Medicare. ",19.02,,,,,,,Fee Schedule,"238 % 2013 Manhattan Medicare. ",25.45,,,,,,,Fee Schedule,"100% Medicare Lab FS. ",7.9,259.34,
86200,CPT,2021673,LOCAL,302,RC,HC CCP ANTIBODY,178.14,15.54,both,,,,18,,,,,,,Fee Schedule,"100 % 1199 Fee Schedule. ",18,,,,,,,Fee Schedule,"100 % 1199 Fee Schedule. ",32.5,,,,,,,Fee Schedule,"250.965250965251 % Medicare Physician FS TC Rates Only. ",178.14,100,,,,,0,percent of total billed charges,100 percent of billed charges. ; No services were performed during the 15 month look back period.,12.95,,,,,,,Fee Schedule,"100% Medicare Lab FS. ",32.5,,,,,,,Fee Schedule,"250.965250965251 % Medicare Physician FS TC Rates Only. ",32.5,,,,,,,Fee Schedule,"250.965250965251 % Medicare Physician FS TC Rates Only. ",32.5,,,,,,,Fee Schedule,"250.965250965251 % Medicare Physician FS TC Rates Only. ",90.14,,,,,,,Case Rate,"100 Percent of Medicaid APG. ",75.12,,,,,,,Case Rate,"100 Percent of Medicaid APG. ",138.9492,78,,,,,0,percent of total billed charges,78% of Billed Charges. Lesser of 100% of billed charges applies.; No services were performed during the 15 month look back period.,14.39,,,,,,,Fee Schedule,"100 % 2019 CMS Clinical Lab National Limit Pub 20190115. ",75.12,,,,,,,Case Rate,"100 Percent of Medicaid APG. ",12.95,,,,,,,Fee Schedule,"100% Medicare Lab FS. ",28.04,,,,,,,Fee Schedule,"150 % 2018 Cigna RBRVS fee schedule. ",28.04,,,,,,,Fee Schedule,"150 % 2018 Cigna RBRVS fee schedule. ",28.04,,,,,,,Fee Schedule,"150 % 2018 Cigna RBRVS fee schedule. ",28.04,,,,,,,Fee Schedule,"150 % 2018 Cigna RBRVS fee schedule. ",11.65,,,,,,,Fee schedule,90 Percent of Medicare Laboratory. Covered services not payable under Medicaid Fee Schedules default to a payment of 50 percent of charges.,12.95,,,,,,,Fee Schedule,"100% Medicare Lab FS. ",11.65,,,,,,,Fee schedule,90 Percent of Medicare Laboratory. Covered services not payable under Medicaid Fee Schedules default to a payment of 50 percent of charges.,138.9492,78,,,,,0,percent of total billed charges,78% of Billed Charges. Lesser of 100% of billed charges applies.; No services were performed during the 15 month look back period.,32.5,,,,,,,Fee Schedule,"250.965250965251 % Medicare Physician FS TC Rates Only. ",12.95,,,,,,,Fee Schedule,"100% Medicare Lab FS. ",33.02,,,,,,,Fee Schedule,"255 % Medicare RBRVS. ",12.95,,,,,,,Fee Schedule,"100% Medicare Lab FS. ",12.95,,,,,,,Fee Schedule,"100% Medicare Lab FS. ",138.9492,78,,,,,0,percent of total billed charges,78% of Billed Charges. Lesser of 100% of billed charges applies.; No services were performed during the 15 month look back period.,11.65,,,,,,,Fee Schedule,90 Percent of Medicare RBRVS. Lesser of 100% of billed charges applies.,11.65,,,,,,,Fee Schedule,90 Percent of Medicare RBRVS. Lesser of 100% of billed charges applies.,11.65,,,,,,,Fee schedule,"90 Percent of Medicare RBRVS. ",11.65,,,,,,,Fee schedule,"90 Percent of Medicare RBRVS. ",33.02,,,,,,,Fee Schedule,"255 % Medicare RBRVS. ",33.02,,,,,,,Fee Schedule,"255 % Medicare RBRVS. ",75.12,,,,,,,Case Rate,"100 Percent of Medicaid APG. Not APG payable, or payable under another fee schedule like ASP/AWP pays at 30% of charges",33.02,,,,,,,Fee Schedule,"255 % Medicare RBRVS. ",75.12,,,,,,,Case Rate,"100 Percent of Medicaid APG. Not APG payable, or payable under another fee schedule like ASP/AWP pays at 30% of charges",12.95,,,,,,,Fee Schedule,"100% Medicare Lab FS. ",33.02,,,,,,,Fee Schedule,"255 % Medicare RBRVS. ",138.9492,78,,,,,0,percent of total billed charges,78% of Billed Charges. Lesser of 100% of billed charges applies.; No services were performed during the 15 month look back period.,75.12,,,,,,,Case Rate,"100 Percent of Medicaid APG. If not priced under APG, then Metroplus FeeSched",75.12,,,,,,,Case Rate,"100 Percent of Medicaid APG. If not priced under APG, then Metroplus FeeSched",138.9492,78,,,,,0,percent of total billed charges,78% of Billed Charges. Lesser of 100% of billed charges applies.; No services were performed during the 15 month look back period.,28.04,,,,,,,Fee Schedule,"150 % 2018 Cigna RBRVS fee schedule. ",14.39,,,,,,,Fee Schedule,"100 % 2019 CMS Clinical Lab National Limit Pub 20190115. ",14.39,,,,,,,Fee Schedule,"100 % 2019 CMS Clinical Lab National Limit Pub 20190115. ",138.9492,78,,,,,0,percent of total billed charges,78% of Billed Charges. Lesser of 100% of billed charges applies.; No services were performed during the 15 month look back period.,12.95,,,,,,,Fee Schedule,"100% Medicare Lab FS. ",14.39,,,,,,,Fee Schedule,"100 % 2019 CMS Clinical Lab National Limit Pub 20190115. ",14.39,,,,,,,Fee Schedule,"100 % 2019 CMS Clinical Lab National Limit Pub 20190115. ",14.39,,,,,,,Fee Schedule,"100 % 2019 CMS Clinical Lab National Limit Pub 20190115. ",12.95,,,,,,,Fee Schedule,"100% Medicare Lab FS. ",14.39,,,,,,,Fee Schedule,"100 % 2019 CMS Clinical Lab National Limit Pub 20190115. ",14.39,,,,,,,Fee Schedule,"100 % 2019 CMS Clinical Lab National Limit Pub 20190115. ",12.95,,,,,,,Fee Schedule,"100% of Medicare Lab FS. ",89.07,50,,,,,0,percent of total billed charges,50 percent of billed charges; No services were performed during the 15 month look back period.,42.36,,,,,,,Fee Schedule,"238 % 2013 Manhattan Medicare. ",42.36,,,,,,,Fee Schedule,"238 % 2013 Manhattan Medicare. ",42.36,,,,,,,Fee Schedule,"238 % 2013 Manhattan Medicare. ",42.36,,,,,,,Fee Schedule,"238 % 2013 Manhattan Medicare. ",42.36,,,,,,,Fee Schedule,"238 % 2013 Manhattan Medicare. ",42.36,,,,,,,Fee Schedule,"238 % 2013 Manhattan Medicare. ",12.95,,,,,,,Fee Schedule,"100% Medicare Lab FS. ",12.95,,,,,,,Fee Schedule,"100% Medicare Lab FS. ",42.36,,,,,,,Fee Schedule,"238 % 2013 Manhattan Medicare. ",138.9492,78,,,,,0,percent of total billed charges,78% of Billed Charges. Lesser of 100% of billed charges applies.; No services were performed during the 15 month look back period.,138.9492,78,,,,,0,percent of total billed charges,78% of Billed Charges. Lesser of 100% of billed charges applies.; No services were performed during the 15 month look back period.,138.9492,78,,,,,0,percent of total billed charges,78% of Billed Charges. Lesser of 100% of billed charges applies.; No services were performed during the 15 month look back period.,138.9492,78,,,,,0,percent of total billed charges,78% of Billed Charges. Lesser of 100% of billed charges applies.; No services were performed during the 15 month look back period.,138.9492,78,,,,,0,percent of total billed charges,78% of Billed Charges. Lesser of 100% of billed charges applies.; No services were performed during the 15 month look back period.,138.9492,78,,,,,0,percent of total billed charges,78% of Billed Charges. Lesser of 100% of billed charges applies.; No services were performed during the 15 month look back period.,138.9492,78,,,,,0,percent of total billed charges,78% of Billed Charges. Lesser of 100% of billed charges applies.; No services were performed during the 15 month look back period.,138.9492,78,,,,,0,percent of total billed charges,78% of Billed Charges. Lesser of 100% of billed charges applies.; No services were performed during the 15 month look back period.,138.9492,78,,,,,0,percent of total billed charges,78% of Billed Charges. Lesser of 100% of billed charges applies.; No services were performed during the 15 month look back period.,138.9492,78,,,,,0,percent of total billed charges,78% of Billed Charges. Lesser of 100% of billed charges applies.; No services were performed during the 15 month look back period.,138.9492,78,,,,,0,percent of total billed charges,78% of Billed Charges. Lesser of 100% of billed charges applies.; No services were performed during the 15 month look back period.,138.9492,78,,,,,0,percent of total billed charges,78% of Billed Charges. Lesser of 100% of billed charges applies.; No services were performed during the 15 month look back period.,138.9492,78,,,,,0,percent of total billed charges,78% of Billed Charges. Lesser of 100% of billed charges applies.; No services were performed during the 15 month look back period.,138.9492,78,,,,,0,percent of total billed charges,78% of Billed Charges. Lesser of 100% of billed charges applies.; No services were performed during the 15 month look back period.,138.9492,78,,,,,0,percent of total billed charges,78% of Billed Charges. Lesser of 100% of billed charges applies.; No services were performed during the 15 month look back period.,138.9492,78,,,,,0,percent of total billed charges,78% of Billed Charges. Lesser of 100% of billed charges applies.; No services were performed during the 15 month look back period.,138.9492,78,,,,,0,percent of total billed charges,78% of Billed Charges. Lesser of 100% of billed charges applies.; No services were performed during the 15 month look back period.,138.9492,78,,,,,0,percent of total billed charges,78% of Billed Charges. Lesser of 100% of billed charges applies.; No services were performed during the 15 month look back period.,138.9492,78,,,,,0,percent of total billed charges,78% of Billed Charges. Lesser of 100% of billed charges applies.; No services were performed during the 15 month look back period.,138.9492,78,,,,,0,percent of total billed charges,78% of Billed Charges. Lesser of 100% of billed charges applies.; No services were performed during the 15 month look back period.,138.9492,78,,,,,0,percent of total billed charges,78% of Billed Charges. Lesser of 100% of billed charges applies.; No services were performed during the 15 month look back period.,138.9492,78,,,,,0,percent of total billed charges,78% of Billed Charges. Lesser of 100% of billed charges applies.; No services were performed during the 15 month look back period.,138.9492,78,,,,,0,percent of total billed charges,78% of Billed Charges. Lesser of 100% of billed charges applies.; No services were performed during the 15 month look back period.,138.9492,78,,,,,0,percent of total billed charges,78% of Billed Charges. Lesser of 100% of billed charges applies.; No services were performed during the 15 month look back period.,138.9492,78,,,,,0,percent of total billed charges,78% of Billed Charges. Lesser of 100% of billed charges applies.; No services were performed during the 15 month look back period.,138.9492,78,,,,,0,percent of total billed charges,78% of Billed Charges. Lesser of 100% of billed charges applies.; No services were performed during the 15 month look back period.,33.02,,,,,,,Fee Schedule,"255 % Medicare RBRVS. ",33.02,,,,,,,Fee Schedule,"255 % Medicare RBRVS. ",33.02,,,,,,,Fee Schedule,"255 % Medicare RBRVS. ",33.02,,,,,,,Fee Schedule,"255 % Medicare RBRVS. ",24.99,,,,,,,Fee Schedule,"193 % Medicare RBRVS. ",24.99,,,,,,,Fee Schedule,"193 % Medicare RBRVS. ",28.04,,,,,,,Fee Schedule,"150 % 2018 Cigna RBRVS fee schedule. ",42.36,,,,,,,Fee Schedule,"238 % 2013 Manhattan Medicare. ",14.39,,,,,,,Fee Schedule,"100 % 2019 CMS Clinical Lab National Limit Pub 20190115. ",42.36,,,,,,,Fee Schedule,"238 % 2013 Manhattan Medicare. ",138.9492,78,,,,,0,percent of total billed charges,78% of Billed Charges. Lesser of 100% of billed charges applies.; No services were performed during the 15 month look back period.,24.99,,,,,,,Fee Schedule,"193 % Medicare RBRVS. ",42.36,,,,,,,Fee Schedule,"238 % 2013 Manhattan Medicare. ",14.39,,,,,,,Fee Schedule,"100 % 2019 CMS Clinical Lab National Limit Pub 20190115. ",28.04,,,,,,,Fee Schedule,"150 % 2018 Cigna RBRVS fee schedule. ",,,,,,,,,"NA. ",138.9492,78,,,,,0,percent of total billed charges,78% of Billed Charges. Lesser of 100% of billed charges applies.; No services were performed during the 15 month look back period.,75.12,,,,,,,Case Rate,"100 Percent of Medicaid APG. ",33.02,,,,,,,Fee Schedule,"255 % Medicare RBRVS. ",75.12,,,,,,,Case Rate,"100 Percent of Medicaid APG. Not APG payable, or payable under another fee schedule like ASP/AWP pays at 30% of charges",12.95,,,,,,,Fee Schedule,"100% Medicare Lab FS. ",12.95,,,,,,,Fee Schedule,"100% Medicare Lab FS. ",89.07,50,,,,,0,percent of total billed charges,50 percent of billed charges; No services were performed during the 15 month look back period.,12.95,,,,,,,Fee Schedule,"100% Medicare Lab FS. ",12.95,,,,,,,Fee Schedule,"100% Medicare Lab FS. ",75.12,,,,,,,Case Rate,"100 Percent of Medicaid APG. ",12.95,,,,,,,Fee Schedule,"100% Medicare Lab FS. ",12.95,,,,,,,Fee Schedule,"100% Medicare Lab FS. ",32.5,,,,,,,Fee Schedule,"250.965250965251 % Medicare Physician FS TC Rates Only. ",32.5,,,,,,,Fee Schedule,"250.965250965251 % Medicare Physician FS TC Rates Only. ",12.95,,,,,,,Fee Schedule,"100% Medicare Lab FS. ",28.04,,,,,,,Fee Schedule,"150 % 2018 Cigna RBRVS fee schedule. ",14.39,,,,,,,Fee Schedule,"100 % 2019 CMS Clinical Lab National Limit Pub 20190115. ",14.39,,,,,,,Fee Schedule,"100 % 2019 CMS Clinical Lab National Limit Pub 20190115. ",12.95,,,,,,,Fee Schedule,"100% Medicare Lab FS. ",28.04,,,,,,,Fee Schedule,"150 % 2018 Cigna RBRVS fee schedule. ",32.5,,,,,,,Fee Schedule,"250.965250965251 % Medicare Physician FS TC Rates Only. ",32.5,,,,,,,Fee Schedule,"250.965250965251 % Medicare Physician FS TC Rates Only. ",32.5,,,,,,,Fee Schedule,"250.965250965251 % Medicare Physician FS TC Rates Only. ",138.9492,78,,,,,0,percent of total billed charges,78% of Billed Charges. Lesser of 100% of billed charges applies.; No services were performed during the 15 month look back period.,138.9492,78,,,,,0,percent of total billed charges,78% of Billed Charges. Lesser of 100% of billed charges applies.; No services were performed during the 15 month look back period.,138.9492,78,,,,,0,percent of total billed charges,78% of Billed Charges. Lesser of 100% of billed charges applies.; No services were performed during the 15 month look back period.,138.9492,78,,,,,0,percent of total billed charges,78% of Billed Charges. Lesser of 100% of billed charges applies.; No services were performed during the 15 month look back period.,138.9492,78,,,,,0,percent of total billed charges,78% of Billed Charges. Lesser of 100% of billed charges applies.; No services were performed during the 15 month look back period.,138.9492,78,,,,,0,percent of total billed charges,78% of Billed Charges. Lesser of 100% of billed charges applies.; No services were performed during the 15 month look back period.,138.9492,78,,,,,0,percent of total billed charges,78% of Billed Charges. Lesser of 100% of billed charges applies.; No services were performed during the 15 month look back period.,138.9492,78,,,,,0,percent of total billed charges,78% of Billed Charges. Lesser of 100% of billed charges applies.; No services were performed during the 15 month look back period.,138.9492,78,,,,,0,percent of total billed charges,78% of Billed Charges. Lesser of 100% of billed charges applies.; No services were performed during the 15 month look back period.,138.9492,78,,,,,0,percent of total billed charges,78% of Billed Charges. Lesser of 100% of billed charges applies.; No services were performed during the 15 month look back period.,138.9492,78,,,,,0,percent of total billed charges,78% of Billed Charges. Lesser of 100% of billed charges applies.; No services were performed during the 15 month look back period.,24.99,,,,,,,Fee Schedule,"193 % Medicare RBRVS. ",42.36,,,,,,,Fee Schedule,"238 % 2013 Manhattan Medicare. ",28.04,,,,,,,Fee Schedule,"150 % 2018 Cigna RBRVS fee schedule. ",12.95,,,,,,,Fee Schedule,"100% Medicare Lab FS. ",32.5,,,,,,,Fee Schedule,"250.965250965251 % Medicare Physician FS TC Rates Only. ",28.04,,,,,,,Fee Schedule,"150 % 2018 Cigna RBRVS fee schedule. ",28.04,,,,,,,Fee Schedule,"150 % 2018 Cigna RBRVS fee schedule. ",138.9492,78,,,,,0,percent of total billed charges,78% of Billed Charges. Lesser of 100% of billed charges applies.; No services were performed during the 15 month look back period.,160.76,,,,,,,Case Rate,"141 Percent of current Medicare RBRVS FeeSched. ",28.04,,,,,,,Fee Schedule,"150 % 2018 Cigna RBRVS fee schedule. ",75.12,,,,,,,Case Rate,"100 Percent of Medicaid APG. ",12.95,,,,,,,Fee Schedule,"100% Medicare Lab FS. ",12.95,,,,,,,Fee Schedule,"100% Medicare Lab FS. ",12.95,,,,,,,Fee Schedule,"100% Medicare Lab FS. ",12.95,,,,,,,Fee Schedule,"100% Medicare Lab FS. ",12.95,,,,,,,Fee Schedule,"100% Medicare Lab FS. ",12.95,,,,,,,Fee Schedule,"100% Medicare Lab FS. ",28.04,,,,,,,Fee Schedule,"150 % 2018 Cigna RBRVS fee schedule. ",89.07,50,,,,,0,percent of total billed charges,50 percent of billed charges; No services were performed during the 15 month look back period.,20.72,,,,,,,Fee Schedule,"160 Percent of Medicare Laboratory. ",20.72,,,,,,,Fee Schedule,"160 Percent of Medicare Laboratory. ",20.72,,,,,,,Fee Schedule,"160 Percent of Medicare Laboratory. ",20.72,,,,,,,Fee Schedule,"160 Percent of Medicare Laboratory. ",20.72,,,,,,,Fee Schedule,"160 Percent of Medicare Laboratory. ",,,,,,,,,"NA. ",89.07,50,,,,,0,percent of total billed charges,50 percent of billed charges; No services were performed during the 15 month look back period.,18.26,,,,,,,Fee Schedule,141 Percent of of Medicare Lab FS. Metroplus will reimburse unlisted codes and described codes with no Medicare rate at 50 percent of charges.,18.26,,,,,,,Fee Schedule,141 Percent of of Medicare Lab FS. Metroplus will reimburse unlisted codes and described codes with no Medicare rate at 50 percent of charges.,18.26,,,,,,,Fee Schedule,141 Percent of of Medicare Lab FS. Metroplus will reimburse unlisted codes and described codes with no Medicare rate at 50 percent of charges.,18.26,,,,,,,Fee Schedule,141 Percent of of Medicare Lab FS. Metroplus will reimburse unlisted codes and described codes with no Medicare rate at 50 percent of charges.,18.26,,,,,,,Fee Schedule,141 Percent of of Medicare Lab FS. Metroplus will reimburse unlisted codes and described codes with no Medicare rate at 50 percent of charges.,12.95,,,,,,,Fee Schedule,"100% Medicare Lab FS. ",24.99,,,,,,,Fee Schedule,"193 % Medicare RBRVS. ",24.99,,,,,,,Fee Schedule,"193 % Medicare RBRVS. ",24.99,,,,,,,Fee Schedule,"193 % Medicare RBRVS. ",24.99,,,,,,,Fee Schedule,"193 % Medicare RBRVS. ",32.5,,,,,,,Fee Schedule,"250.965250965251 % Medicare Physician FS TC Rates Only. ",32.5,,,,,,,Fee Schedule,"250.965250965251 % Medicare Physician FS TC Rates Only. ",32.5,,,,,,,Fee Schedule,"250.965250965251 % Medicare Physician FS TC Rates Only. ",32.5,,,,,,,Fee Schedule,"250.965250965251 % Medicare Physician FS TC Rates Only. ",89.07,50,,,,,0,percent of total billed charges,50 percent of billed charges; No services were performed during the 15 month look back period.,89.07,50,,,,,0,percent of total billed charges,50 percent of billed charges; No services were performed during the 15 month look back period.,12.95,,,,,,,Fee Schedule,"100% Medicare Lab FS. ",12.95,,,,,,,Fee Schedule,"100% Medicare Lab FS. ",12.95,,,,,,,Fee Schedule,"100% Medicare Lab FS. ",42.36,,,,,,,Fee Schedule,"238 % 2013 Manhattan Medicare. ",42.36,,,,,,,Fee Schedule,"238 % 2013 Manhattan Medicare. ",42.36,,,,,,,Fee Schedule,"238 % 2013 Manhattan Medicare. ",89.07,50,,,,,0,percent of total billed charges,50 percent of billed charges; No services were performed during the 15 month look back period.,32.5,,,,,,,Fee Schedule,"250.965250965251 % Medicare Physician FS TC Rates Only. ",12.95,,,,,,,Fee Schedule,"100% Medicare Lab FS. ",42.36,,,,,,,Fee Schedule,"238 % 2013 Manhattan Medicare. ",75.12,,,,,,,Case Rate,"100 Percent of Medicaid APG. ",13.21,,,,,,,Fee Schedule,"102% of Medicare Lab FS. ",13.21,,,,,,,Fee Schedule,"102% of Medicare Lab FS. ",13.21,,,,,,,Fee Schedule,"102% of Medicare Lab FS. ",11.65,,,,,,,Fee schedule,"90 Percent of Medicare RBRVS. ",169.02,,,,,,,Fee Schedule,225% of NYS APG. Lesser of 100% of billed charges applies.,169.02,,,,,,,Fee Schedule,225% of NYS APG. Lesser of 100% of billed charges applies.,169.02,,,,,,,Fee Schedule,225% of NYS APG. Lesser of 100% of billed charges applies.,169.02,,,,,,,Fee Schedule,225% of NYS APG. Lesser of 100% of billed charges applies.,169.02,,,,,,,Fee Schedule,225% of NYS APG. Lesser of 100% of billed charges applies.,13.21,,,,,,,Fee Schedule,"102% of Medicare Lab FS. ",75.12,,,,,,,Case Rate,"100 Percent of Medicaid APG. ",11.65,,,,,,,Fee Schedule,90 Percent of Medicare RBRVS. Lesser of 100% of billed charges applies.,169.02,,,,,,,Fee Schedule,225% of NYS APG. Lesser of 100% of billed charges applies.,169.02,,,,,,,Fee Schedule,225% of NYS APG. Lesser of 100% of billed charges applies.,11.65,,,,,,,Fee Schedule,90 Percent of Medicare RBRVS. Lesser of 100% of billed charges applies.,11.65,,,,,,,Fee Schedule,90 Percent of Medicare RBRVS. Lesser of 100% of billed charges applies.,20.72,,,,,,,Fee Schedule,"160 Percent of Medicare Laboratory. ",12.95,,,,,,,Fee Schedule,"100% Medicare Lab FS. ",12.95,,,,,,,Fee Schedule,"100% Medicare Lab FS. ",32.5,,,,,,,Fee Schedule,"250.965250965251 % Medicare Physician FS TC Rates Only. ",12.95,,,,,,,Fee Schedule,"100% Medicare Lab FS. ",169.02,,,,,,,Fee Schedule,"225 Percent of Medicaid APG. ",169.02,,,,,,,Fee Schedule,"225 Percent of Medicaid APG. ",11.65,,,,,,,Fee schedule,"90 Percent of Medicare RBRVS. ",11.65,,,,,,,Fee schedule,"90 Percent of Medicare RBRVS. ",169.02,,,,,,,Case Rate,225 Percent of Medicaid APG. Covered services not payable under Medicaid Fee Schedules default to a payment of 87.5 percent of charges.,11.65,,,,,,,Fee schedule,90 Percent of Medicare Laboratory. Covered services not payable under Medicaid Fee Schedules default to a payment of 50 percent of charges.,169.02,,,,,,,Case Rate,"100 Percent of Medicaid APG. ",169.02,,,,,,,Case Rate,"100 Percent of Medicaid APG. ",169.02,,,,,,,Case Rate,"100 Percent of Medicaid APG. ",169.02,,,,,,,Case Rate,"100 Percent of Medicaid APG. ",131.96,,,,,,,Fee Schedule,"1019 % Manhattan Facility Rate. ",89.07,50,,,,,0,percent of total billed charges,50 percent of billed charges; No services were performed during the 15 month look back period.,90.14,,,,,,,Case Rate,"120 Percent of Medicaid APG. Not APG payable, or payable under another fee schedule like ASP/AWP pays at 30% of charges",90.14,,,,,,,Case Rate,"120 Percent of Medicaid APG. Not APG payable, or payable under another fee schedule like ASP/AWP pays at 30% of charges",75.12,,,,,,,Case Rate,"100 Percent of Medicaid APG. Not APG payable, or payable under another fee schedule like ASP/AWP pays at 30% of charges",75.12,,,,,,,Case Rate,"100 Percent of Medicaid APG. Not APG payable, or payable under another fee schedule like ASP/AWP pays at 30% of charges",42.36,,,,,,,Fee Schedule,"238 % 2013 Manhattan Medicare. ",42.36,,,,,,,Fee Schedule,"238 % 2013 Manhattan Medicare. ",12.95,,,,,,,Fee Schedule,"100% Medicare Lab FS. ",42.36,,,,,,,Fee Schedule,"238 % 2013 Manhattan Medicare. ",42.36,,,,,,,Fee Schedule,"238 % 2013 Manhattan Medicare. ",42.36,,,,,,,Fee Schedule,"238 % 2013 Manhattan Medicare. ",42.36,,,,,,,Fee Schedule,"238 % 2013 Manhattan Medicare. ",12.95,,,,,,,Fee Schedule,"100% Medicare Lab FS. ",42.36,,,,,,,Fee Schedule,"238 % 2013 Manhattan Medicare. ",42.36,,,,,,,Fee Schedule,"238 % 2013 Manhattan Medicare. ",32.5,,,,,,,Fee Schedule,"250.965250965251 % Medicare Physician FS TC Rates Only. ",12.95,,,,,,,Fee Schedule,100% of RBRVS. Lesser of 100% of billed charges applies.,11.65,,,,,,,Fee schedule,90 Percent of Medicare Laboratory. Covered services not payable under Medicaid Fee Schedules default to a payment of 50 percent of charges.,169.02,,,,,,,Fee Schedule,225% of NYS APG. Lesser of 100% of billed charges applies.,169.02,,,,,,,Case Rate,225 Percent of Medicaid APG. Covered services not payable under Medicaid Fee Schedules default to a payment of 87.5 percent of charges.,11.65,,,,,,,Fee schedule,90 Percent of Medicare Laboratory. Covered services not payable under Medicaid Fee Schedules default to a payment of 50 percent of charges.,169.02,,,,,,,Fee Schedule,225% of NYS APG. Lesser of 100% of billed charges applies.,169.02,,,,,,,Fee Schedule,225% of NYS APG. Lesser of 100% of billed charges applies.,169.02,,,,,,,Fee Schedule,225% of NYS APG. Lesser of 100% of billed charges applies.,169.02,,,,,,,Fee Schedule,225% of NYS APG. Lesser of 100% of billed charges applies.,169.02,,,,,,,Fee Schedule,225% of NYS APG. Lesser of 100% of billed charges applies.,169.02,,,,,,,Fee Schedule,225% of NYS APG. Lesser of 100% of billed charges applies.,,,,,,,,,"NA. ",,,,,,,,,"NA. ",,,,,,,,,"NA. ",28.04,,,,,,,Fee Schedule,"150 % 2018 Cigna RBRVS fee schedule. ",,,,,,,,,"NA. ",12.95,,,,,,,Fee Schedule,"100% Medicare Lab FS. ",18,,,,,,,Fee Schedule,"100 % 1199 Fee Schedule. ",12.95,,,,,,,Fee Schedule,"100% Medicare Lab FS. ",12.95,,,,,,,Fee Schedule,"100% Medicare Lab FS. ",90.14,,,,,,,Case Rate,"120 Percent of Medicaid APG. Not APG payable, or payable under another fee schedule like ASP/AWP pays at 30% of charges",90.14,,,,,,,Case Rate,"120 Percent of Medicaid APG. Not APG payable, or payable under another fee schedule like ASP/AWP pays at 30% of charges",75.12,,,,,,,Case Rate,"100 Percent of Medicaid APG. Not APG payable, or payable under another fee schedule like ASP/AWP pays at 30% of charges",75.12,,,,,,,Case Rate,"100 Percent of Medicaid APG. Not APG payable, or payable under another fee schedule like ASP/AWP pays at 30% of charges",75.12,,,,,,,Case Rate,"100 Percent of Medicaid APG. ",28.1,,,,,,,Fee Schedule,"217 % Medicare RBRVS. ",32.5,,,,,,,Fee Schedule,"250.965250965251 % Medicare Physician FS TC Rates Only. ",33.02,,,,,,,Fee Schedule,"255 % Medicare RBRVS. ",28.04,,,,,,,Fee Schedule,"150 % 2018 Cigna RBRVS fee schedule. ",12.95,,,,,,,Fee Schedule,"100% Medicare Lab FS. ",12.95,,,,,,,Fee Schedule,"100% Medicare Lab FS. ",12.95,,,,,,,Fee Schedule,"100% Medicare Lab FS. ",12.95,,,,,,,Fee Schedule,"100% Medicare Lab FS. ",12.95,,,,,,,Fee Schedule,"100% Medicare Lab FS. ",12.95,,,,,,,Fee Schedule,"100% Medicare Lab FS. ",,,,,,,,,"NA. ",169.02,,,,,,,Fee Schedule,225% of NYS APG. Lesser of 100% of billed charges applies.,11.65,,,,,,,Fee Schedule,90 Percent of Medicare RBRVS. Lesser of 100% of billed charges applies.,42.36,,,,,,,Fee Schedule,"238 % 2013 Manhattan Medicare. ",28.1,,,,,,,Fee Schedule,"217 % Medicare RBRVS. ",28.1,,,,,,,Fee Schedule,"217 % Medicare RBRVS. ",28.1,,,,,,,Fee Schedule,"217 % Medicare RBRVS. ",28.1,,,,,,,Fee Schedule,"217 % Medicare RBRVS. ",12.95,,,,,,,Fee Schedule,"100% Medicare Lab FS. ",75.12,,,,,,,Case Rate,"100 Percent of Medicaid APG. ",42.36,,,,,,,Fee Schedule,"238 % 2013 Manhattan Medicare. ",75.12,,,,,,,Case Rate,"100 Percent of Medicaid APG. ",12.95,,,,,,,Fee Schedule,"100% Medicare Lab FS. ",75.12,,,,,,,Case Rate,"100 Percent of Medicaid APG. ",12.95,,,,,,,Fee Schedule,"100% Medicare Lab FS. ",12.95,,,,,,,Fee Schedule,"100% Medicare Lab FS. ",75.12,,,,,,,Case Rate,"100 Percent of Medicaid APG. ",75.12,,,,,,,Case Rate,"100 Percent of Medicaid APG. ",28.1,,,,,,,Fee Schedule,"217 % Medicare RBRVS. ",28.04,,,,,,,Fee Schedule,"150 % 2018 Cigna RBRVS fee schedule. ",138.9492,78,,,,,0,percent of total billed charges,78% of Billed Charges. Lesser of 100% of billed charges applies.; No services were performed during the 15 month look back period.,14.39,,,,,,,Fee Schedule,"100 % 2019 CMS Clinical Lab National Limit Pub 20190115. ",14.39,,,,,,,Fee Schedule,"100 % 2019 CMS Clinical Lab National Limit Pub 20190115. ",32.5,,,,,,,Fee Schedule,"250.965250965251 % Medicare Physician FS TC Rates Only. ",12.69,,,,,,,Fee Schedule,"98% Lab FS. ",24.99,,,,,,,Fee Schedule,"193 % Medicare RBRVS. ",24.99,,,,,,,Fee Schedule,"193 % Medicare RBRVS. ",33.89,,,,,,,Fee Schedule,"190.4 % 2013 Manhattan Medicare. ",33.89,,,,,,,Fee Schedule,"190.4 % 2013 Manhattan Medicare. ",12.95,,,,,,,Fee Schedule,"100% Medicare Lab FS. ",12.95,,,,,,,Fee Schedule,"100% Medicare Lab FS. ",12.95,,,,,,,Fee Schedule,"100% Medicare Lab FS. ",12.95,,,,,,,Fee Schedule,"100% Medicare Lab FS. ",14.39,,,,,,,Fee Schedule,"100 % 2019 CMS Clinical Lab National Limit Pub 20190115. ",42.36,,,,,,,Fee Schedule,"238 % 2013 Manhattan Medicare. ",42.36,,,,,,,Fee Schedule,"238 % 2013 Manhattan Medicare. ",12.95,,,,,,,Fee Schedule,"100% Medicare Lab FS. ",33.89,,,,,,,Fee Schedule,"190.4 % 2013 Manhattan Medicare. ",33.02,,,,,,,Fee Schedule,"255 % Medicare RBRVS. ",90.14,,,,,,,Fee Schedule,"120 Percent of Medicaid APG. ",75.12,,,,,,,Case Rate,"100 Percent of Medicaid APG. ",28.1,,,,,,,Fee Schedule,"217 % Medicare RBRVS. ",38.13,,,,,,,Fee Schedule,"214.2 % 2013 Manhattan Medicare. ",38.13,,,,,,,Fee Schedule,"214.2 % 2013 Manhattan Medicare. ",42.36,,,,,,,Fee Schedule,"238 % 2013 Manhattan Medicare. ",89.07,50,,,,,0,percent of total billed charges,50 percent of billed charges; No services were performed during the 15 month look back period.,12.95,,,,,,,Fee Schedule,"100% Medicare Lab FS. ",78.88,,,,,,,Fee Schedule,105 percent of Medicaid APG. otherwise 105% of Ordered NYS MCD FS or 105% of ASP+6%,78.88,,,,,,,Fee Schedule,105 percent of Medicaid APG. otherwise 105% of Ordered NYS MCD FS or 105% of ASP+6%,78.88,,,,,,,Fee Schedule,105 percent of Medicaid APG. otherwise 105% of Ordered NYS MCD FS or 105% of ASP+6%,101.41,,,,,,,Fee Schedule,135 percent of Medicaid APG. otherwise 135% of Ordered NYS MCD FS or 135% of ASP+6%,14.39,,,,,,,Fee Schedule,"100 % 2019 CMS Clinical Lab National Limit Pub 20190115. ",78.88,,,,,,,Fee Schedule,105 percent of Medicaid APG. otherwise 105% of Ordered NYS MCD FS or 105% of ASP+6%,78.88,,,,,,,Fee Schedule,105 percent of Medicaid APG. otherwise 105% of Ordered NYS MCD FS or 105% of ASP+6%,78.88,,,,,,,Fee Schedule,105 percent of Medicaid APG. otherwise 105% of Ordered NYS MCD FS or 105% of ASP+6%,78.88,,,,,,,Fee Schedule,105 percent of Medicaid APG. otherwise 105% of Ordered NYS MCD FS or 105% of ASP+6%,78.88,,,,,,,Fee Schedule,105 percent of Medicaid APG. otherwise 105% of Ordered NYS MCD FS or 105% of ASP+6%,101.41,,,,,,,Fee Schedule,135 percent of Medicaid APG. otherwise 135% of Ordered NYS MCD FS or 135% of ASP+6%,101.41,,,,,,,Fee Schedule,135 percent of Medicaid APG. otherwise 135% of Ordered NYS MCD FS or 135% of ASP+6%,12.95,,,,,,,Fee Schedule,"100% Medicare Lab FS. ",14.39,,,,,,,Fee Schedule,"100 % 2019 CMS Clinical Lab National Limit Pub 20190115. ",12.95,,,,,,,Fee Schedule,"100% Medicare Lab FS. ",78.88,,,,,,,Fee Schedule,105 percent of Medicaid APG. otherwise 105% of Ordered NYS MCD FS or 105% of ASP+6%,42.36,,,,,,,Fee Schedule,"238 % 2013 Manhattan Medicare. ",12.95,,,,,,,Fee Schedule,"100% Medicare Lab FS. ",42.36,,,,,,,Fee Schedule,"238 % 2013 Manhattan Medicare. ",42.36,,,,,,,Fee Schedule,"238 % 2013 Manhattan Medicare. ",42.36,,,,,,,Fee Schedule,"238 % 2013 Manhattan Medicare. ",78.88,,,,,,,Fee Schedule,105 percent of Medicaid APG. otherwise 105% of Ordered NYS MCD FS or 105% of ASP+6%,12.95,,,,,,,Fee Schedule,"100% Medicare Lab FS. ",42.36,,,,,,,Fee Schedule,"238 % 2013 Manhattan Medicare. ",101.41,,,,,,,Fee Schedule,135 percent of Medicaid APG. otherwise 135% of Ordered NYS MCD FS or 135% of ASP+6%,42.36,,,,,,,Fee Schedule,"238 % 2013 Manhattan Medicare. ",19.42,,,,,,,Fee Schedule,"150% of Medicare Lab FS. ",12.95,,,,,,,Fee Schedule,"100% Medicare Lab FS. ",28.1,,,,,,,Fee Schedule,"217 % Medicare RBRVS. ",28.1,,,,,,,Fee Schedule,"217 % Medicare RBRVS. ",28.1,,,,,,,Fee Schedule,"217 % Medicare RBRVS. ",28.1,,,,,,,Fee Schedule,"217 % Medicare RBRVS. ",28.1,,,,,,,Fee Schedule,"217 % Medicare RBRVS. ",33.02,,,,,,,Fee Schedule,"255 % Medicare RBRVS. ",33.02,,,,,,,Fee Schedule,"255 % Medicare RBRVS. ",28.1,,,,,,,Fee Schedule,"217 % Medicare RBRVS. ",28.1,,,,,,,Fee Schedule,"217 % Medicare RBRVS. ",28.1,,,,,,,Fee Schedule,"217 % Medicare RBRVS. ",28.1,,,,,,,Fee Schedule,"217 % Medicare RBRVS. ",28.1,,,,,,,Fee Schedule,"217 % Medicare RBRVS. ",12.95,,,,,,,Fee Schedule,"100% Medicare Lab FS. ",33.02,,,,,,,Fee Schedule,"255 % Medicare RBRVS. ",12.95,,,,,,,Fee Schedule,"100% Medicare Lab FS. ",169.02,,,,,,,Case Rate,"225 Percent of Medicaid APG. If not included in Medicaid APG, then 100 Percent of Manhattan Medicare",75.12,,,,,,,Case Rate,"100 Percent of Medicaid APG. If not priced under APG, then Metroplus FeeSched",14.39,,,,,,,Fee Schedule,"100 % 2019 CMS Clinical Lab National Limit Pub 20190115. ",14.39,,,,,,,Fee Schedule,"100 % 2019 CMS Clinical Lab National Limit Pub 20190115. ",12.95,,,,,,,Fee Schedule,"100% Medicare Lab FS. ",24.99,,,,,,,Fee Schedule,"193 % Medicare RBRVS. ",12.95,,,,,,,Fee Schedule,"100% Medicare Lab FS. ",12.95,,,,,,,Fee Schedule,"100% Medicare Lab FS. ",32.5,,,,,,,Fee Schedule,"250.965250965251 % Medicare Physician FS TC Rates Only. ",12.95,,,,,,,Fee Schedule,"100% Medicare Lab FS. ",28.04,,,,,,,Fee Schedule,"150 % 2018 Cigna RBRVS fee schedule. ",12.95,,,,,,,Fee Schedule,"100% Medicare Lab FS. ",28.04,,,,,,,Fee Schedule,"150 % 2018 Cigna RBRVS fee schedule. ",32.5,,,,,,,Fee Schedule,"250.965250965251 % Medicare Physician FS TC Rates Only. ",28.04,,,,,,,Fee Schedule,"150 % 2018 Cigna RBRVS fee schedule. ",12.95,,,,,,,Fee Schedule,"100% Medicare Lab FS. ",75.12,,,,,,,Case Rate,"100 Percent of Medicaid APG. ",12.95,,,,,,,Fee Schedule,"100% Medicare Lab FS. ",28.04,,,,,,,Fee Schedule,"150 % 2018 Cigna RBRVS fee schedule. ",14.39,,,,,,,Fee Schedule,"100 % 2019 CMS Clinical Lab National Limit Pub 20190115. ",75.12,,,,,,,Case Rate,"100 Percent of Medicaid APG. ",42.36,,,,,,,Fee Schedule,"238 % 2013 Manhattan Medicare. ",90.14,,,,,,,Fee Schedule,"120 Percent of Medicaid APG. ",90.14,,,,,,,Fee Schedule,"120 Percent of Medicaid APG. ",42.36,,,,,,,Fee Schedule,"238 % 2013 Manhattan Medicare. ",42.36,,,,,,,Fee Schedule,"238 % 2013 Manhattan Medicare. ",42.36,,,,,,,Fee Schedule,"238 % 2013 Manhattan Medicare. ",14.39,,,,,,,Fee Schedule,"100 % 2019 CMS Clinical Lab National Limit Pub 20190115. ",42.36,,,,,,,Fee Schedule,"238 % 2013 Manhattan Medicare. ",42.36,,,,,,,Fee Schedule,"238 % 2013 Manhattan Medicare. ",42.36,,,,,,,Fee Schedule,"238 % 2013 Manhattan Medicare. ",28.1,,,,,,,Fee Schedule,"217 % Medicare RBRVS. ",28.1,,,,,,,Fee Schedule,"217 % Medicare RBRVS. ",18.26,,,,,,,Fee Schedule,141 Percent of of Medicare Lab FS. Metroplus will reimburse unlisted codes and described codes with no Medicare rate at 50 percent of charges.,75.12,,,,,,,Case Rate,"100 Percent of Medicaid APG. ",14.39,,,,,,,Fee Schedule,"100 % 2019 CMS Clinical Lab National Limit Pub 20190115. ",28.04,,,,,,,Fee Schedule,"150 % 2018 Cigna RBRVS fee schedule. ",32.5,,,,,,,Fee Schedule,"250.965250965251 % Medicare Physician FS TC Rates Only. ",14.39,,,,,,,Fee Schedule,"100 % 2019 CMS Clinical Lab National Limit Pub 20190115. ",32.5,,,,,,,Fee Schedule,"250.965250965251 % Medicare Physician FS TC Rates Only. ",14.39,,,,,,,Fee Schedule,"100 % 2019 CMS Clinical Lab National Limit Pub 20190115. ",42.36,,,,,,,Fee Schedule,"238 % 2013 Manhattan Medicare. ",42.36,,,,,,,Fee Schedule,"238 % 2013 Manhattan Medicare. ",42.36,,,,,,,Fee Schedule,"238 % 2013 Manhattan Medicare. ",42.36,,,,,,,Fee Schedule,"238 % 2013 Manhattan Medicare. ",12.95,,,,,,,Fee Schedule,"100% Medicare Lab FS. ",11.65,178.14,
86316,CPT,2021684,LOCAL,302,RC,"HC IMMUNOASSAY, TUMOR OTHER",159.75,24.97,both,,,,29,,,,,,,Fee Schedule,"100 % 1199 Fee Schedule. ",29,,,,,,,Fee Schedule,"100 % 1199 Fee Schedule. ",52.23,,,,,,,Fee Schedule,"250.985103315714 % Medicare Physician FS TC Rates Only. ",159.75,100,,,,,0,percent of total billed charges,100 percent of billed charges. ; No services were performed during the 15 month look back period.,20.81,,,,,,,Fee Schedule,"100% Medicare Lab FS. ",52.23,,,,,,,Fee Schedule,"250.985103315714 % Medicare Physician FS TC Rates Only. ",52.23,,,,,,,Fee Schedule,"250.985103315714 % Medicare Physician FS TC Rates Only. ",52.23,,,,,,,Fee Schedule,"250.985103315714 % Medicare Physician FS TC Rates Only. ",90.14,,,,,,,Case Rate,"100 Percent of Medicaid APG. ",75.12,,,,,,,Case Rate,"100 Percent of Medicaid APG. ",124.605,78,,,,,0,percent of total billed charges,78% of Billed Charges. Lesser of 100% of billed charges applies.; No services were performed during the 15 month look back period.,23.13,,,,,,,Fee Schedule,"100 % 2019 CMS Clinical Lab National Limit Pub 20190115. ",75.12,,,,,,,Case Rate,"100 Percent of Medicaid APG. ",20.81,,,,,,,Fee Schedule,"100% Medicare Lab FS. ",45.24,,,,,,,Fee Schedule,"150 % 2018 Cigna RBRVS fee schedule. ",45.24,,,,,,,Fee Schedule,"150 % 2018 Cigna RBRVS fee schedule. ",45.24,,,,,,,Fee Schedule,"150 % 2018 Cigna RBRVS fee schedule. ",45.24,,,,,,,Fee Schedule,"150 % 2018 Cigna RBRVS fee schedule. ",18.73,,,,,,,Fee schedule,90 Percent of Medicare Laboratory. Covered services not payable under Medicaid Fee Schedules default to a payment of 50 percent of charges.,20.81,,,,,,,Fee Schedule,"100% Medicare Lab FS. ",18.73,,,,,,,Fee schedule,90 Percent of Medicare Laboratory. Covered services not payable under Medicaid Fee Schedules default to a payment of 50 percent of charges.,124.605,78,,,,,0,percent of total billed charges,78% of Billed Charges. Lesser of 100% of billed charges applies.; No services were performed during the 15 month look back period.,52.23,,,,,,,Fee Schedule,"250.985103315714 % Medicare Physician FS TC Rates Only. ",20.81,,,,,,,Fee Schedule,"100% Medicare Lab FS. ",53.07,,,,,,,Fee Schedule,"255 % Medicare RBRVS. ",20.81,,,,,,,Fee Schedule,"100% Medicare Lab FS. ",20.81,,,,,,,Fee Schedule,"100% Medicare Lab FS. ",124.605,78,,,,,0,percent of total billed charges,78% of Billed Charges. Lesser of 100% of billed charges applies.; No services were performed during the 15 month look back period.,,,,,,,,Fee Schedule,100% Medicaid Fee Schedule. Lesser of 100% of billed charges applies.,,,,,,,,Fee Schedule,100% Medicaid Fee Schedule. Lesser of 100% of billed charges applies.,18.73,,,,,,,Fee schedule,"90 Percent of Medicare RBRVS. ",18.73,,,,,,,Fee schedule,"90 Percent of Medicare RBRVS. ",53.07,,,,,,,Fee Schedule,"255 % Medicare RBRVS. ",53.07,,,,,,,Fee Schedule,"255 % Medicare RBRVS. ",75.12,,,,,,,Case Rate,"100 Percent of Medicaid APG. Not APG payable, or payable under another fee schedule like ASP/AWP pays at 30% of charges",53.07,,,,,,,Fee Schedule,"255 % Medicare RBRVS. ",75.12,,,,,,,Case Rate,"100 Percent of Medicaid APG. Not APG payable, or payable under another fee schedule like ASP/AWP pays at 30% of charges",20.81,,,,,,,Fee Schedule,"100% Medicare Lab FS. ",53.07,,,,,,,Fee Schedule,"255 % Medicare RBRVS. ",124.605,78,,,,,0,percent of total billed charges,78% of Billed Charges. Lesser of 100% of billed charges applies.; No services were performed during the 15 month look back period.,75.12,,,,,,,Case Rate,"100 Percent of Medicaid APG. If not priced under APG, then Metroplus FeeSched",75.12,,,,,,,Case Rate,"100 Percent of Medicaid APG. If not priced under APG, then Metroplus FeeSched",124.605,78,,,,,0,percent of total billed charges,78% of Billed Charges. Lesser of 100% of billed charges applies.; No services were performed during the 15 month look back period.,45.24,,,,,,,Fee Schedule,"150 % 2018 Cigna RBRVS fee schedule. ",23.13,,,,,,,Fee Schedule,"100 % 2019 CMS Clinical Lab National Limit Pub 20190115. ",23.13,,,,,,,Fee Schedule,"100 % 2019 CMS Clinical Lab National Limit Pub 20190115. ",124.605,78,,,,,0,percent of total billed charges,78% of Billed Charges. Lesser of 100% of billed charges applies.; No services were performed during the 15 month look back period.,20.81,,,,,,,Fee Schedule,"100% Medicare Lab FS. ",23.13,,,,,,,Fee Schedule,"100 % 2019 CMS Clinical Lab National Limit Pub 20190115. ",23.13,,,,,,,Fee Schedule,"100 % 2019 CMS Clinical Lab National Limit Pub 20190115. ",23.13,,,,,,,Fee Schedule,"100 % 2019 CMS Clinical Lab National Limit Pub 20190115. ",20.81,,,,,,,Fee Schedule,"100% Medicare Lab FS. ",23.13,,,,,,,Fee Schedule,"100 % 2019 CMS Clinical Lab National Limit Pub 20190115. ",23.13,,,,,,,Fee Schedule,"100 % 2019 CMS Clinical Lab National Limit Pub 20190115. ",20.81,,,,,,,Fee Schedule,"100% of Medicare Lab FS. ",79.875,50,,,,,0,percent of total billed charges,50 percent of billed charges; No services were performed during the 15 month look back period.,68.09,,,,,,,Fee Schedule,"238 % 2013 Manhattan Medicare. ",68.09,,,,,,,Fee Schedule,"238 % 2013 Manhattan Medicare. ",68.09,,,,,,,Fee Schedule,"238 % 2013 Manhattan Medicare. ",68.09,,,,,,,Fee Schedule,"238 % 2013 Manhattan Medicare. ",68.09,,,,,,,Fee Schedule,"238 % 2013 Manhattan Medicare. ",68.09,,,,,,,Fee Schedule,"238 % 2013 Manhattan Medicare. ",20.81,,,,,,,Fee Schedule,"100% Medicare Lab FS. ",20.81,,,,,,,Fee Schedule,"100% Medicare Lab FS. ",68.09,,,,,,,Fee Schedule,"238 % 2013 Manhattan Medicare. ",124.605,78,,,,,0,percent of total billed charges,78% of Billed Charges. Lesser of 100% of billed charges applies.; No services were performed during the 15 month look back period.,124.605,78,,,,,0,percent of total billed charges,78% of Billed Charges. Lesser of 100% of billed charges applies.; No services were performed during the 15 month look back period.,124.605,78,,,,,0,percent of total billed charges,78% of Billed Charges. Lesser of 100% of billed charges applies.; No services were performed during the 15 month look back period.,124.605,78,,,,,0,percent of total billed charges,78% of Billed Charges. Lesser of 100% of billed charges applies.; No services were performed during the 15 month look back period.,124.605,78,,,,,0,percent of total billed charges,78% of Billed Charges. Lesser of 100% of billed charges applies.; No services were performed during the 15 month look back period.,124.605,78,,,,,0,percent of total billed charges,78% of Billed Charges. Lesser of 100% of billed charges applies.; No services were performed during the 15 month look back period.,124.605,78,,,,,0,percent of total billed charges,78% of Billed Charges. Lesser of 100% of billed charges applies.; No services were performed during the 15 month look back period.,124.605,78,,,,,0,percent of total billed charges,78% of Billed Charges. Lesser of 100% of billed charges applies.; No services were performed during the 15 month look back period.,124.605,78,,,,,0,percent of total billed charges,78% of Billed Charges. Lesser of 100% of billed charges applies.; No services were performed during the 15 month look back period.,124.605,78,,,,,0,percent of total billed charges,78% of Billed Charges. Lesser of 100% of billed charges applies.; No services were performed during the 15 month look back period.,124.605,78,,,,,0,percent of total billed charges,78% of Billed Charges. Lesser of 100% of billed charges applies.; No services were performed during the 15 month look back period.,124.605,78,,,,,0,percent of total billed charges,78% of Billed Charges. Lesser of 100% of billed charges applies.; No services were performed during the 15 month look back period.,124.605,78,,,,,0,percent of total billed charges,78% of Billed Charges. Lesser of 100% of billed charges applies.; No services were performed during the 15 month look back period.,124.605,78,,,,,0,percent of total billed charges,78% of Billed Charges. Lesser of 100% of billed charges applies.; No services were performed during the 15 month look back period.,124.605,78,,,,,0,percent of total billed charges,78% of Billed Charges. Lesser of 100% of billed charges applies.; No services were performed during the 15 month look back period.,124.605,78,,,,,0,percent of total billed charges,78% of Billed Charges. Lesser of 100% of billed charges applies.; No services were performed during the 15 month look back period.,124.605,78,,,,,0,percent of total billed charges,78% of Billed Charges. Lesser of 100% of billed charges applies.; No services were performed during the 15 month look back period.,124.605,78,,,,,0,percent of total billed charges,78% of Billed Charges. Lesser of 100% of billed charges applies.; No services were performed during the 15 month look back period.,124.605,78,,,,,0,percent of total billed charges,78% of Billed Charges. Lesser of 100% of billed charges applies.; No services were performed during the 15 month look back period.,124.605,78,,,,,0,percent of total billed charges,78% of Billed Charges. Lesser of 100% of billed charges applies.; No services were performed during the 15 month look back period.,124.605,78,,,,,0,percent of total billed charges,78% of Billed Charges. Lesser of 100% of billed charges applies.; No services were performed during the 15 month look back period.,124.605,78,,,,,0,percent of total billed charges,78% of Billed Charges. Lesser of 100% of billed charges applies.; No services were performed during the 15 month look back period.,124.605,78,,,,,0,percent of total billed charges,78% of Billed Charges. Lesser of 100% of billed charges applies.; No services were performed during the 15 month look back period.,124.605,78,,,,,0,percent of total billed charges,78% of Billed Charges. Lesser of 100% of billed charges applies.; No services were performed during the 15 month look back period.,124.605,78,,,,,0,percent of total billed charges,78% of Billed Charges. Lesser of 100% of billed charges applies.; No services were performed during the 15 month look back period.,124.605,78,,,,,0,percent of total billed charges,78% of Billed Charges. Lesser of 100% of billed charges applies.; No services were performed during the 15 month look back period.,53.07,,,,,,,Fee Schedule,"255 % Medicare RBRVS. ",53.07,,,,,,,Fee Schedule,"255 % Medicare RBRVS. ",53.07,,,,,,,Fee Schedule,"255 % Medicare RBRVS. ",53.07,,,,,,,Fee Schedule,"255 % Medicare RBRVS. ",40.16,,,,,,,Fee Schedule,"193 % Medicare RBRVS. ",40.16,,,,,,,Fee Schedule,"193 % Medicare RBRVS. ",45.24,,,,,,,Fee Schedule,"150 % 2018 Cigna RBRVS fee schedule. ",68.09,,,,,,,Fee Schedule,"238 % 2013 Manhattan Medicare. ",23.13,,,,,,,Fee Schedule,"100 % 2019 CMS Clinical Lab National Limit Pub 20190115. ",68.09,,,,,,,Fee Schedule,"238 % 2013 Manhattan Medicare. ",124.605,78,,,,,0,percent of total billed charges,78% of Billed Charges. Lesser of 100% of billed charges applies.; No services were performed during the 15 month look back period.,40.16,,,,,,,Fee Schedule,"193 % Medicare RBRVS. ",68.09,,,,,,,Fee Schedule,"238 % 2013 Manhattan Medicare. ",23.13,,,,,,,Fee Schedule,"100 % 2019 CMS Clinical Lab National Limit Pub 20190115. ",45.24,,,,,,,Fee Schedule,"150 % 2018 Cigna RBRVS fee schedule. ",,,,,,,,,"NA. ",124.605,78,,,,,0,percent of total billed charges,78% of Billed Charges. Lesser of 100% of billed charges applies.; No services were performed during the 15 month look back period.,75.12,,,,,,,Case Rate,"100 Percent of Medicaid APG. ",53.07,,,,,,,Fee Schedule,"255 % Medicare RBRVS. ",75.12,,,,,,,Case Rate,"100 Percent of Medicaid APG. Not APG payable, or payable under another fee schedule like ASP/AWP pays at 30% of charges",20.81,,,,,,,Fee Schedule,"100% Medicare Lab FS. ",20.81,,,,,,,Fee Schedule,"100% Medicare Lab FS. ",79.875,50,,,,,0,percent of total billed charges,50 percent of billed charges; No services were performed during the 15 month look back period.,20.81,,,,,,,Fee Schedule,"100% Medicare Lab FS. ",20.81,,,,,,,Fee Schedule,"100% Medicare Lab FS. ",75.12,,,,,,,Case Rate,"100 Percent of Medicaid APG. ",20.81,,,,,,,Fee Schedule,"100% Medicare Lab FS. ",20.81,,,,,,,Fee Schedule,"100% Medicare Lab FS. ",52.23,,,,,,,Fee Schedule,"250.985103315714 % Medicare Physician FS TC Rates Only. ",52.23,,,,,,,Fee Schedule,"250.985103315714 % Medicare Physician FS TC Rates Only. ",20.81,,,,,,,Fee Schedule,"100% Medicare Lab FS. ",45.24,,,,,,,Fee Schedule,"150 % 2018 Cigna RBRVS fee schedule. ",23.13,,,,,,,Fee Schedule,"100 % 2019 CMS Clinical Lab National Limit Pub 20190115. ",23.13,,,,,,,Fee Schedule,"100 % 2019 CMS Clinical Lab National Limit Pub 20190115. ",20.81,,,,,,,Fee Schedule,"100% Medicare Lab FS. ",45.24,,,,,,,Fee Schedule,"150 % 2018 Cigna RBRVS fee schedule. ",52.23,,,,,,,Fee Schedule,"250.985103315714 % Medicare Physician FS TC Rates Only. ",52.23,,,,,,,Fee Schedule,"250.985103315714 % Medicare Physician FS TC Rates Only. ",52.23,,,,,,,Fee Schedule,"250.985103315714 % Medicare Physician FS TC Rates Only. ",124.605,78,,,,,0,percent of total billed charges,78% of Billed Charges. Lesser of 100% of billed charges applies.; No services were performed during the 15 month look back period.,124.605,78,,,,,0,percent of total billed charges,78% of Billed Charges. Lesser of 100% of billed charges applies.; No services were performed during the 15 month look back period.,124.605,78,,,,,0,percent of total billed charges,78% of Billed Charges. Lesser of 100% of billed charges applies.; No services were performed during the 15 month look back period.,124.605,78,,,,,0,percent of total billed charges,78% of Billed Charges. Lesser of 100% of billed charges applies.; No services were performed during the 15 month look back period.,124.605,78,,,,,0,percent of total billed charges,78% of Billed Charges. Lesser of 100% of billed charges applies.; No services were performed during the 15 month look back period.,124.605,78,,,,,0,percent of total billed charges,78% of Billed Charges. Lesser of 100% of billed charges applies.; No services were performed during the 15 month look back period.,124.605,78,,,,,0,percent of total billed charges,78% of Billed Charges. Lesser of 100% of billed charges applies.; No services were performed during the 15 month look back period.,124.605,78,,,,,0,percent of total billed charges,78% of Billed Charges. Lesser of 100% of billed charges applies.; No services were performed during the 15 month look back period.,124.605,78,,,,,0,percent of total billed charges,78% of Billed Charges. Lesser of 100% of billed charges applies.; No services were performed during the 15 month look back period.,124.605,78,,,,,0,percent of total billed charges,78% of Billed Charges. Lesser of 100% of billed charges applies.; No services were performed during the 15 month look back period.,124.605,78,,,,,0,percent of total billed charges,78% of Billed Charges. Lesser of 100% of billed charges applies.; No services were performed during the 15 month look back period.,40.16,,,,,,,Fee Schedule,"193 % Medicare RBRVS. ",68.09,,,,,,,Fee Schedule,"238 % 2013 Manhattan Medicare. ",45.24,,,,,,,Fee Schedule,"150 % 2018 Cigna RBRVS fee schedule. ",20.81,,,,,,,Fee Schedule,"100% Medicare Lab FS. ",52.23,,,,,,,Fee Schedule,"250.985103315714 % Medicare Physician FS TC Rates Only. ",45.24,,,,,,,Fee Schedule,"150 % 2018 Cigna RBRVS fee schedule. ",45.24,,,,,,,Fee Schedule,"150 % 2018 Cigna RBRVS fee schedule. ",124.605,78,,,,,0,percent of total billed charges,78% of Billed Charges. Lesser of 100% of billed charges applies.; No services were performed during the 15 month look back period.,160.76,,,,,,,Case Rate,"141 Percent of current Medicare RBRVS FeeSched. ",45.24,,,,,,,Fee Schedule,"150 % 2018 Cigna RBRVS fee schedule. ",75.12,,,,,,,Case Rate,"100 Percent of Medicaid APG. ",20.81,,,,,,,Fee Schedule,"100% Medicare Lab FS. ",20.81,,,,,,,Fee Schedule,"100% Medicare Lab FS. ",20.81,,,,,,,Fee Schedule,"100% Medicare Lab FS. ",20.81,,,,,,,Fee Schedule,"100% Medicare Lab FS. ",20.81,,,,,,,Fee Schedule,"100% Medicare Lab FS. ",20.81,,,,,,,Fee Schedule,"100% Medicare Lab FS. ",45.24,,,,,,,Fee Schedule,"150 % 2018 Cigna RBRVS fee schedule. ",79.875,50,,,,,0,percent of total billed charges,50 percent of billed charges; No services were performed during the 15 month look back period.,33.3,,,,,,,Fee Schedule,"160 Percent of Medicare Laboratory. ",33.3,,,,,,,Fee Schedule,"160 Percent of Medicare Laboratory. ",33.3,,,,,,,Fee Schedule,"160 Percent of Medicare Laboratory. ",33.3,,,,,,,Fee Schedule,"160 Percent of Medicare Laboratory. ",33.3,,,,,,,Fee Schedule,"160 Percent of Medicare Laboratory. ",,,,,,,,,"NA. ",79.875,50,,,,,0,percent of total billed charges,50 percent of billed charges; No services were performed during the 15 month look back period.,29.34,,,,,,,Fee Schedule,141 Percent of of Medicare Lab FS. Metroplus will reimburse unlisted codes and described codes with no Medicare rate at 50 percent of charges.,29.34,,,,,,,Fee Schedule,141 Percent of of Medicare Lab FS. Metroplus will reimburse unlisted codes and described codes with no Medicare rate at 50 percent of charges.,29.34,,,,,,,Fee Schedule,141 Percent of of Medicare Lab FS. Metroplus will reimburse unlisted codes and described codes with no Medicare rate at 50 percent of charges.,29.34,,,,,,,Fee Schedule,141 Percent of of Medicare Lab FS. Metroplus will reimburse unlisted codes and described codes with no Medicare rate at 50 percent of charges.,29.34,,,,,,,Fee Schedule,141 Percent of of Medicare Lab FS. Metroplus will reimburse unlisted codes and described codes with no Medicare rate at 50 percent of charges.,20.81,,,,,,,Fee Schedule,"100% Medicare Lab FS. ",40.16,,,,,,,Fee Schedule,"193 % Medicare RBRVS. ",40.16,,,,,,,Fee Schedule,"193 % Medicare RBRVS. ",40.16,,,,,,,Fee Schedule,"193 % Medicare RBRVS. ",40.16,,,,,,,Fee Schedule,"193 % Medicare RBRVS. ",52.23,,,,,,,Fee Schedule,"250.985103315714 % Medicare Physician FS TC Rates Only. ",52.23,,,,,,,Fee Schedule,"250.985103315714 % Medicare Physician FS TC Rates Only. ",52.23,,,,,,,Fee Schedule,"250.985103315714 % Medicare Physician FS TC Rates Only. ",52.23,,,,,,,Fee Schedule,"250.985103315714 % Medicare Physician FS TC Rates Only. ",79.875,50,,,,,0,percent of total billed charges,50 percent of billed charges; No services were performed during the 15 month look back period.,79.875,50,,,,,0,percent of total billed charges,50 percent of billed charges; No services were performed during the 15 month look back period.,20.81,,,,,,,Fee Schedule,"100% Medicare Lab FS. ",20.81,,,,,,,Fee Schedule,"100% Medicare Lab FS. ",20.81,,,,,,,Fee Schedule,"100% Medicare Lab FS. ",68.09,,,,,,,Fee Schedule,"238 % 2013 Manhattan Medicare. ",68.09,,,,,,,Fee Schedule,"238 % 2013 Manhattan Medicare. ",68.09,,,,,,,Fee Schedule,"238 % 2013 Manhattan Medicare. ",79.875,50,,,,,0,percent of total billed charges,50 percent of billed charges; No services were performed during the 15 month look back period.,52.23,,,,,,,Fee Schedule,"250.985103315714 % Medicare Physician FS TC Rates Only. ",20.81,,,,,,,Fee Schedule,"100% Medicare Lab FS. ",68.09,,,,,,,Fee Schedule,"238 % 2013 Manhattan Medicare. ",75.12,,,,,,,Case Rate,"100 Percent of Medicaid APG. ",21.23,,,,,,,Fee Schedule,"102% of Medicare Lab FS. ",21.23,,,,,,,Fee Schedule,"102% of Medicare Lab FS. ",21.23,,,,,,,Fee Schedule,"102% of Medicare Lab FS. ",18.73,,,,,,,Fee schedule,"90 Percent of Medicare RBRVS. ",169.02,,,,,,,Fee Schedule,225% of NYS APG. Lesser of 100% of billed charges applies.,169.02,,,,,,,Fee Schedule,225% of NYS APG. Lesser of 100% of billed charges applies.,169.02,,,,,,,Fee Schedule,225% of NYS APG. Lesser of 100% of billed charges applies.,169.02,,,,,,,Fee Schedule,225% of NYS APG. Lesser of 100% of billed charges applies.,169.02,,,,,,,Fee Schedule,225% of NYS APG. Lesser of 100% of billed charges applies.,21.23,,,,,,,Fee Schedule,"102% of Medicare Lab FS. ",75.12,,,,,,,Case Rate,"100 Percent of Medicaid APG. ",,,,,,,,Fee Schedule,100% Medicaid Fee Schedule. Lesser of 100% of billed charges applies.,169.02,,,,,,,Fee Schedule,225% of NYS APG. Lesser of 100% of billed charges applies.,169.02,,,,,,,Fee Schedule,225% of NYS APG. Lesser of 100% of billed charges applies.,,,,,,,,Fee Schedule,100% Medicaid Fee Schedule. Lesser of 100% of billed charges applies.,,,,,,,,Fee Schedule,100% Medicaid Fee Schedule. Lesser of 100% of billed charges applies.,33.3,,,,,,,Fee Schedule,"160 Percent of Medicare Laboratory. ",20.81,,,,,,,Fee Schedule,"100% Medicare Lab FS. ",20.81,,,,,,,Fee Schedule,"100% Medicare Lab FS. ",52.23,,,,,,,Fee Schedule,"250.985103315714 % Medicare Physician FS TC Rates Only. ",20.81,,,,,,,Fee Schedule,"100% Medicare Lab FS. ",169.02,,,,,,,Fee Schedule,"225 Percent of Medicaid APG. ",169.02,,,,,,,Fee Schedule,"225 Percent of Medicaid APG. ",18.73,,,,,,,Fee schedule,"90 Percent of Medicare RBRVS. ",18.73,,,,,,,Fee schedule,"90 Percent of Medicare RBRVS. ",169.02,,,,,,,Case Rate,225 Percent of Medicaid APG. Covered services not payable under Medicaid Fee Schedules default to a payment of 87.5 percent of charges.,18.73,,,,,,,Fee schedule,90 Percent of Medicare Laboratory. Covered services not payable under Medicaid Fee Schedules default to a payment of 50 percent of charges.,169.02,,,,,,,Case Rate,"100 Percent of Medicaid APG. ",169.02,,,,,,,Case Rate,"100 Percent of Medicaid APG. ",169.02,,,,,,,Case Rate,"100 Percent of Medicaid APG. ",169.02,,,,,,,Case Rate,"100 Percent of Medicaid APG. ",212.05,,,,,,,Fee Schedule,"1019 % Manhattan Facility Rate. ",79.875,50,,,,,0,percent of total billed charges,50 percent of billed charges; No services were performed during the 15 month look back period.,90.14,,,,,,,Case Rate,"120 Percent of Medicaid APG. Not APG payable, or payable under another fee schedule like ASP/AWP pays at 30% of charges",90.14,,,,,,,Case Rate,"120 Percent of Medicaid APG. Not APG payable, or payable under another fee schedule like ASP/AWP pays at 30% of charges",75.12,,,,,,,Case Rate,"100 Percent of Medicaid APG. Not APG payable, or payable under another fee schedule like ASP/AWP pays at 30% of charges",75.12,,,,,,,Case Rate,"100 Percent of Medicaid APG. Not APG payable, or payable under another fee schedule like ASP/AWP pays at 30% of charges",68.09,,,,,,,Fee Schedule,"238 % 2013 Manhattan Medicare. ",68.09,,,,,,,Fee Schedule,"238 % 2013 Manhattan Medicare. ",20.81,,,,,,,Fee Schedule,"100% Medicare Lab FS. ",68.09,,,,,,,Fee Schedule,"238 % 2013 Manhattan Medicare. ",68.09,,,,,,,Fee Schedule,"238 % 2013 Manhattan Medicare. ",68.09,,,,,,,Fee Schedule,"238 % 2013 Manhattan Medicare. ",68.09,,,,,,,Fee Schedule,"238 % 2013 Manhattan Medicare. ",20.81,,,,,,,Fee Schedule,"100% Medicare Lab FS. ",68.09,,,,,,,Fee Schedule,"238 % 2013 Manhattan Medicare. ",68.09,,,,,,,Fee Schedule,"238 % 2013 Manhattan Medicare. ",52.23,,,,,,,Fee Schedule,"250.985103315714 % Medicare Physician FS TC Rates Only. ",82.63,,,,,,,Fee Schedule,110% of APG. Lesser of 100% of billed charges applies.,18.73,,,,,,,Fee schedule,90 Percent of Medicare Laboratory. Covered services not payable under Medicaid Fee Schedules default to a payment of 50 percent of charges.,169.02,,,,,,,Fee Schedule,225% of NYS APG. Lesser of 100% of billed charges applies.,169.02,,,,,,,Case Rate,225 Percent of Medicaid APG. Covered services not payable under Medicaid Fee Schedules default to a payment of 87.5 percent of charges.,18.73,,,,,,,Fee schedule,90 Percent of Medicare Laboratory. Covered services not payable under Medicaid Fee Schedules default to a payment of 50 percent of charges.,169.02,,,,,,,Fee Schedule,225% of NYS APG. Lesser of 100% of billed charges applies.,169.02,,,,,,,Fee Schedule,225% of NYS APG. Lesser of 100% of billed charges applies.,169.02,,,,,,,Fee Schedule,225% of NYS APG. Lesser of 100% of billed charges applies.,169.02,,,,,,,Fee Schedule,225% of NYS APG. Lesser of 100% of billed charges applies.,169.02,,,,,,,Fee Schedule,225% of NYS APG. Lesser of 100% of billed charges applies.,169.02,,,,,,,Fee Schedule,225% of NYS APG. Lesser of 100% of billed charges applies.,,,,,,,,,"NA. ",,,,,,,,,"NA. ",,,,,,,,,"NA. ",45.24,,,,,,,Fee Schedule,"150 % 2018 Cigna RBRVS fee schedule. ",,,,,,,,,"NA. ",20.81,,,,,,,Fee Schedule,"100% Medicare Lab FS. ",29,,,,,,,Fee Schedule,"100 % 1199 Fee Schedule. ",20.81,,,,,,,Fee Schedule,"100% Medicare Lab FS. ",20.81,,,,,,,Fee Schedule,"100% Medicare Lab FS. ",90.14,,,,,,,Case Rate,"120 Percent of Medicaid APG. Not APG payable, or payable under another fee schedule like ASP/AWP pays at 30% of charges",90.14,,,,,,,Case Rate,"120 Percent of Medicaid APG. Not APG payable, or payable under another fee schedule like ASP/AWP pays at 30% of charges",75.12,,,,,,,Case Rate,"100 Percent of Medicaid APG. Not APG payable, or payable under another fee schedule like ASP/AWP pays at 30% of charges",75.12,,,,,,,Case Rate,"100 Percent of Medicaid APG. Not APG payable, or payable under another fee schedule like ASP/AWP pays at 30% of charges",75.12,,,,,,,Case Rate,"100 Percent of Medicaid APG. ",45.16,,,,,,,Fee Schedule,"217 % Medicare RBRVS. ",52.23,,,,,,,Fee Schedule,"250.985103315714 % Medicare Physician FS TC Rates Only. ",53.07,,,,,,,Fee Schedule,"255 % Medicare RBRVS. ",45.24,,,,,,,Fee Schedule,"150 % 2018 Cigna RBRVS fee schedule. ",20.81,,,,,,,Fee Schedule,"100% Medicare Lab FS. ",20.81,,,,,,,Fee Schedule,"100% Medicare Lab FS. ",20.81,,,,,,,Fee Schedule,"100% Medicare Lab FS. ",20.81,,,,,,,Fee Schedule,"100% Medicare Lab FS. ",20.81,,,,,,,Fee Schedule,"100% Medicare Lab FS. ",20.81,,,,,,,Fee Schedule,"100% Medicare Lab FS. ",,,,,,,,,"NA. ",169.02,,,,,,,Fee Schedule,225% of NYS APG. Lesser of 100% of billed charges applies.,,,,,,,,Fee Schedule,100% Medicaid Fee Schedule. Lesser of 100% of billed charges applies.,68.09,,,,,,,Fee Schedule,"238 % 2013 Manhattan Medicare. ",45.16,,,,,,,Fee Schedule,"217 % Medicare RBRVS. ",45.16,,,,,,,Fee Schedule,"217 % Medicare RBRVS. ",45.16,,,,,,,Fee Schedule,"217 % Medicare RBRVS. ",45.16,,,,,,,Fee Schedule,"217 % Medicare RBRVS. ",20.81,,,,,,,Fee Schedule,"100% Medicare Lab FS. ",75.12,,,,,,,Case Rate,"100 Percent of Medicaid APG. ",68.09,,,,,,,Fee Schedule,"238 % 2013 Manhattan Medicare. ",75.12,,,,,,,Case Rate,"100 Percent of Medicaid APG. ",20.81,,,,,,,Fee Schedule,"100% Medicare Lab FS. ",75.12,,,,,,,Case Rate,"100 Percent of Medicaid APG. ",20.81,,,,,,,Fee Schedule,"100% Medicare Lab FS. ",20.81,,,,,,,Fee Schedule,"100% Medicare Lab FS. ",75.12,,,,,,,Case Rate,"100 Percent of Medicaid APG. ",75.12,,,,,,,Case Rate,"100 Percent of Medicaid APG. ",45.16,,,,,,,Fee Schedule,"217 % Medicare RBRVS. ",45.24,,,,,,,Fee Schedule,"150 % 2018 Cigna RBRVS fee schedule. ",124.605,78,,,,,0,percent of total billed charges,78% of Billed Charges. Lesser of 100% of billed charges applies.; No services were performed during the 15 month look back period.,23.13,,,,,,,Fee Schedule,"100 % 2019 CMS Clinical Lab National Limit Pub 20190115. ",23.13,,,,,,,Fee Schedule,"100 % 2019 CMS Clinical Lab National Limit Pub 20190115. ",52.23,,,,,,,Fee Schedule,"250.985103315714 % Medicare Physician FS TC Rates Only. ",20.39,,,,,,,Fee Schedule,"98% Lab FS. ",40.16,,,,,,,Fee Schedule,"193 % Medicare RBRVS. ",40.16,,,,,,,Fee Schedule,"193 % Medicare RBRVS. ",54.47,,,,,,,Fee Schedule,"190.4 % 2013 Manhattan Medicare. ",54.47,,,,,,,Fee Schedule,"190.4 % 2013 Manhattan Medicare. ",20.81,,,,,,,Fee Schedule,"100% Medicare Lab FS. ",20.81,,,,,,,Fee Schedule,"100% Medicare Lab FS. ",20.81,,,,,,,Fee Schedule,"100% Medicare Lab FS. ",20.81,,,,,,,Fee Schedule,"100% Medicare Lab FS. ",23.13,,,,,,,Fee Schedule,"100 % 2019 CMS Clinical Lab National Limit Pub 20190115. ",68.09,,,,,,,Fee Schedule,"238 % 2013 Manhattan Medicare. ",68.09,,,,,,,Fee Schedule,"238 % 2013 Manhattan Medicare. ",20.81,,,,,,,Fee Schedule,"100% Medicare Lab FS. ",54.47,,,,,,,Fee Schedule,"190.4 % 2013 Manhattan Medicare. ",53.07,,,,,,,Fee Schedule,"255 % Medicare RBRVS. ",90.14,,,,,,,Fee Schedule,"120 Percent of Medicaid APG. ",75.12,,,,,,,Case Rate,"100 Percent of Medicaid APG. ",45.16,,,,,,,Fee Schedule,"217 % Medicare RBRVS. ",61.28,,,,,,,Fee Schedule,"214.2 % 2013 Manhattan Medicare. ",61.28,,,,,,,Fee Schedule,"214.2 % 2013 Manhattan Medicare. ",68.09,,,,,,,Fee Schedule,"238 % 2013 Manhattan Medicare. ",79.875,50,,,,,0,percent of total billed charges,50 percent of billed charges; No services were performed during the 15 month look back period.,20.81,,,,,,,Fee Schedule,"100% Medicare Lab FS. ",78.88,,,,,,,Fee Schedule,105 percent of Medicaid APG. otherwise 105% of Ordered NYS MCD FS or 105% of ASP+6%,78.88,,,,,,,Fee Schedule,105 percent of Medicaid APG. otherwise 105% of Ordered NYS MCD FS or 105% of ASP+6%,78.88,,,,,,,Fee Schedule,105 percent of Medicaid APG. otherwise 105% of Ordered NYS MCD FS or 105% of ASP+6%,101.41,,,,,,,Fee Schedule,135 percent of Medicaid APG. otherwise 135% of Ordered NYS MCD FS or 135% of ASP+6%,23.13,,,,,,,Fee Schedule,"100 % 2019 CMS Clinical Lab National Limit Pub 20190115. ",78.88,,,,,,,Fee Schedule,105 percent of Medicaid APG. otherwise 105% of Ordered NYS MCD FS or 105% of ASP+6%,78.88,,,,,,,Fee Schedule,105 percent of Medicaid APG. otherwise 105% of Ordered NYS MCD FS or 105% of ASP+6%,78.88,,,,,,,Fee Schedule,105 percent of Medicaid APG. otherwise 105% of Ordered NYS MCD FS or 105% of ASP+6%,78.88,,,,,,,Fee Schedule,105 percent of Medicaid APG. otherwise 105% of Ordered NYS MCD FS or 105% of ASP+6%,78.88,,,,,,,Fee Schedule,105 percent of Medicaid APG. otherwise 105% of Ordered NYS MCD FS or 105% of ASP+6%,101.41,,,,,,,Fee Schedule,135 percent of Medicaid APG. otherwise 135% of Ordered NYS MCD FS or 135% of ASP+6%,101.41,,,,,,,Fee Schedule,135 percent of Medicaid APG. otherwise 135% of Ordered NYS MCD FS or 135% of ASP+6%,20.81,,,,,,,Fee Schedule,"100% Medicare Lab FS. ",23.13,,,,,,,Fee Schedule,"100 % 2019 CMS Clinical Lab National Limit Pub 20190115. ",20.81,,,,,,,Fee Schedule,"100% Medicare Lab FS. ",78.88,,,,,,,Fee Schedule,105 percent of Medicaid APG. otherwise 105% of Ordered NYS MCD FS or 105% of ASP+6%,68.09,,,,,,,Fee Schedule,"238 % 2013 Manhattan Medicare. ",20.81,,,,,,,Fee Schedule,"100% Medicare Lab FS. ",68.09,,,,,,,Fee Schedule,"238 % 2013 Manhattan Medicare. ",68.09,,,,,,,Fee Schedule,"238 % 2013 Manhattan Medicare. ",68.09,,,,,,,Fee Schedule,"238 % 2013 Manhattan Medicare. ",78.88,,,,,,,Fee Schedule,105 percent of Medicaid APG. otherwise 105% of Ordered NYS MCD FS or 105% of ASP+6%,20.81,,,,,,,Fee Schedule,"100% Medicare Lab FS. ",68.09,,,,,,,Fee Schedule,"238 % 2013 Manhattan Medicare. ",101.41,,,,,,,Fee Schedule,135 percent of Medicaid APG. otherwise 135% of Ordered NYS MCD FS or 135% of ASP+6%,68.09,,,,,,,Fee Schedule,"238 % 2013 Manhattan Medicare. ",31.21,,,,,,,Fee Schedule,"150% of Medicare Lab FS. ",20.81,,,,,,,Fee Schedule,"100% Medicare Lab FS. ",45.16,,,,,,,Fee Schedule,"217 % Medicare RBRVS. ",45.16,,,,,,,Fee Schedule,"217 % Medicare RBRVS. ",45.16,,,,,,,Fee Schedule,"217 % Medicare RBRVS. ",45.16,,,,,,,Fee Schedule,"217 % Medicare RBRVS. ",45.16,,,,,,,Fee Schedule,"217 % Medicare RBRVS. ",53.07,,,,,,,Fee Schedule,"255 % Medicare RBRVS. ",53.07,,,,,,,Fee Schedule,"255 % Medicare RBRVS. ",45.16,,,,,,,Fee Schedule,"217 % Medicare RBRVS. ",45.16,,,,,,,Fee Schedule,"217 % Medicare RBRVS. ",45.16,,,,,,,Fee Schedule,"217 % Medicare RBRVS. ",45.16,,,,,,,Fee Schedule,"217 % Medicare RBRVS. ",45.16,,,,,,,Fee Schedule,"217 % Medicare RBRVS. ",20.81,,,,,,,Fee Schedule,"100% Medicare Lab FS. ",53.07,,,,,,,Fee Schedule,"255 % Medicare RBRVS. ",20.81,,,,,,,Fee Schedule,"100% Medicare Lab FS. ",169.02,,,,,,,Case Rate,"225 Percent of Medicaid APG. If not included in Medicaid APG, then 100 Percent of Manhattan Medicare",75.12,,,,,,,Case Rate,"100 Percent of Medicaid APG. If not priced under APG, then Metroplus FeeSched",23.13,,,,,,,Fee Schedule,"100 % 2019 CMS Clinical Lab National Limit Pub 20190115. ",23.13,,,,,,,Fee Schedule,"100 % 2019 CMS Clinical Lab National Limit Pub 20190115. ",20.81,,,,,,,Fee Schedule,"100% Medicare Lab FS. ",40.16,,,,,,,Fee Schedule,"193 % Medicare RBRVS. ",20.81,,,,,,,Fee Schedule,"100% Medicare Lab FS. ",20.81,,,,,,,Fee Schedule,"100% Medicare Lab FS. ",52.23,,,,,,,Fee Schedule,"250.985103315714 % Medicare Physician FS TC Rates Only. ",20.81,,,,,,,Fee Schedule,"100% Medicare Lab FS. ",45.24,,,,,,,Fee Schedule,"150 % 2018 Cigna RBRVS fee schedule. ",20.81,,,,,,,Fee Schedule,"100% Medicare Lab FS. ",45.24,,,,,,,Fee Schedule,"150 % 2018 Cigna RBRVS fee schedule. ",52.23,,,,,,,Fee Schedule,"250.985103315714 % Medicare Physician FS TC Rates Only. ",45.24,,,,,,,Fee Schedule,"150 % 2018 Cigna RBRVS fee schedule. ",20.81,,,,,,,Fee Schedule,"100% Medicare Lab FS. ",75.12,,,,,,,Case Rate,"100 Percent of Medicaid APG. ",20.81,,,,,,,Fee Schedule,"100% Medicare Lab FS. ",45.24,,,,,,,Fee Schedule,"150 % 2018 Cigna RBRVS fee schedule. ",23.13,,,,,,,Fee Schedule,"100 % 2019 CMS Clinical Lab National Limit Pub 20190115. ",75.12,,,,,,,Case Rate,"100 Percent of Medicaid APG. ",68.09,,,,,,,Fee Schedule,"238 % 2013 Manhattan Medicare. ",90.14,,,,,,,Fee Schedule,"120 Percent of Medicaid APG. ",90.14,,,,,,,Fee Schedule,"120 Percent of Medicaid APG. ",68.09,,,,,,,Fee Schedule,"238 % 2013 Manhattan Medicare. ",68.09,,,,,,,Fee Schedule,"238 % 2013 Manhattan Medicare. ",68.09,,,,,,,Fee Schedule,"238 % 2013 Manhattan Medicare. ",23.13,,,,,,,Fee Schedule,"100 % 2019 CMS Clinical Lab National Limit Pub 20190115. ",68.09,,,,,,,Fee Schedule,"238 % 2013 Manhattan Medicare. ",68.09,,,,,,,Fee Schedule,"238 % 2013 Manhattan Medicare. ",68.09,,,,,,,Fee Schedule,"238 % 2013 Manhattan Medicare. ",45.16,,,,,,,Fee Schedule,"217 % Medicare RBRVS. ",45.16,,,,,,,Fee Schedule,"217 % Medicare RBRVS. ",29.34,,,,,,,Fee Schedule,141 Percent of of Medicare Lab FS. Metroplus will reimburse unlisted codes and described codes with no Medicare rate at 50 percent of charges.,75.12,,,,,,,Case Rate,"100 Percent of Medicaid APG. ",23.13,,,,,,,Fee Schedule,"100 % 2019 CMS Clinical Lab National Limit Pub 20190115. ",45.24,,,,,,,Fee Schedule,"150 % 2018 Cigna RBRVS fee schedule. ",52.23,,,,,,,Fee Schedule,"250.985103315714 % Medicare Physician FS TC Rates Only. ",23.13,,,,,,,Fee Schedule,"100 % 2019 CMS Clinical Lab National Limit Pub 20190115. ",52.23,,,,,,,Fee Schedule,"250.985103315714 % Medicare Physician FS TC Rates Only. ",23.13,,,,,,,Fee Schedule,"100 % 2019 CMS Clinical Lab National Limit Pub 20190115. ",68.09,,,,,,,Fee Schedule,"238 % 2013 Manhattan Medicare. ",68.09,,,,,,,Fee Schedule,"238 % 2013 Manhattan Medicare. ",68.09,,,,,,,Fee Schedule,"238 % 2013 Manhattan Medicare. ",68.09,,,,,,,Fee Schedule,"238 % 2013 Manhattan Medicare. ",20.81,,,,,,,Fee Schedule,"100% Medicare Lab FS. ",18.73,417.38,
86706,CPT,2021742,LOCAL,300,RC,HC HEP B SURFACE ANTIBODY,107.77,12.89,both,,,,15,,,,,,,Fee Schedule,"100 % 1199 Fee Schedule. ",15,,,,,,,Fee Schedule,"100 % 1199 Fee Schedule. ",26.96,,,,,,,Fee Schedule,"251.024208566108 % Medicare Physician FS TC Rates Only. ",107.77,100,,107.77,107.77,107.77,1 through 10,percent of total billed charges,"100 percent of billed charges. ",10.74,,,,,,,Fee Schedule,"100% Medicare Lab FS. ",26.96,,,,,,,Fee Schedule,"251.024208566108 % Medicare Physician FS TC Rates Only. ",26.96,,,,,,,Fee Schedule,"251.024208566108 % Medicare Physician FS TC Rates Only. ",26.96,,,,,,,Fee Schedule,"251.024208566108 % Medicare Physician FS TC Rates Only. ",90.14,,,,,,,Case Rate,"100 Percent of Medicaid APG. ",75.12,,,,,,,Case Rate,"100 Percent of Medicaid APG. ",84.0606,78,,,,,0,percent of total billed charges,78% of Billed Charges. Lesser of 100% of billed charges applies.; No services were performed during the 15 month look back period.,11.93,,,,,,,Fee Schedule,"100 % 2019 CMS Clinical Lab National Limit Pub 20190115. ",75.12,,,,,,,Case Rate,"100 Percent of Medicaid APG. ",10.74,,,,,,,Fee Schedule,"100% Medicare Lab FS. ",23.58,,,,,,,Fee Schedule,"150 % 2018 Cigna RBRVS fee schedule. ",23.58,,,,,,,Fee Schedule,"150 % 2018 Cigna RBRVS fee schedule. ",23.58,,,,,,,Fee Schedule,"150 % 2018 Cigna RBRVS fee schedule. ",23.58,,,,,,,Fee Schedule,"150 % 2018 Cigna RBRVS fee schedule. ",9.67,,,,,,,Fee schedule,90 Percent of Medicare Laboratory. Covered services not payable under Medicaid Fee Schedules default to a payment of 50 percent of charges.,10.74,,,,,,,Fee Schedule,"100% Medicare Lab FS. ",9.67,,,,,,,Fee schedule,90 Percent of Medicare Laboratory. Covered services not payable under Medicaid Fee Schedules default to a payment of 50 percent of charges.,84.0606,78,,48.6,48.6,48.6,1 through 10,percent of total billed charges,78% of Billed Charges. Lesser of 100% of billed charges applies.,26.96,,,,,,,Fee Schedule,"251.024208566108 % Medicare Physician FS TC Rates Only. ",10.74,,,,,,,Fee Schedule,"100% Medicare Lab FS. ",27.39,,,,,,,Fee Schedule,"255 % Medicare RBRVS. ",10.74,,,,,,,Fee Schedule,"100% Medicare Lab FS. ",10.74,,,,,,,Fee Schedule,"100% Medicare Lab FS. ",84.0606,78,,,,,0,percent of total billed charges,78% of Billed Charges. Lesser of 100% of billed charges applies.; No services were performed during the 15 month look back period.,10.2,,,,,,,Fee Schedule,100% Medicaid Fee Schedule. Lesser of 100% of billed charges applies.,10.2,,,,,,,Fee Schedule,100% Medicaid Fee Schedule. Lesser of 100% of billed charges applies.,9.67,,,,,,,Fee schedule,"90 Percent of Medicare RBRVS. ",9.67,,,,,,,Fee schedule,"90 Percent of Medicare RBRVS. ",27.39,,,,,,,Fee Schedule,"255 % Medicare RBRVS. ",27.39,,,,,,,Fee Schedule,"255 % Medicare RBRVS. ",75.12,,,,,,,Case Rate,"100 Percent of Medicaid APG. Not APG payable, or payable under another fee schedule like ASP/AWP pays at 30% of charges",27.39,,,,,,,Fee Schedule,"255 % Medicare RBRVS. ",75.12,,,,,,,Case Rate,"100 Percent of Medicaid APG. Not APG payable, or payable under another fee schedule like ASP/AWP pays at 30% of charges",10.74,,,,,,,Fee Schedule,"100% Medicare Lab FS. ",27.39,,,,,,,Fee Schedule,"255 % Medicare RBRVS. ",84.0606,78,,107.77,107.77,107.77,1 through 10,percent of total billed charges,78% of Billed Charges. Lesser of 100% of billed charges applies.,75.12,,,,,,,Case Rate,"100 Percent of Medicaid APG. If not priced under APG, then Metroplus FeeSched",75.12,,,,,,,Case Rate,"100 Percent of Medicaid APG. If not priced under APG, then Metroplus FeeSched",84.0606,78,,,,,0,percent of total billed charges,78% of Billed Charges. Lesser of 100% of billed charges applies.; No services were performed during the 15 month look back period.,23.58,,,,,,,Fee Schedule,"150 % 2018 Cigna RBRVS fee schedule. ",11.93,,,,,,,Fee Schedule,"100 % 2019 CMS Clinical Lab National Limit Pub 20190115. ",11.93,,,,,,,Fee Schedule,"100 % 2019 CMS Clinical Lab National Limit Pub 20190115. ",84.0606,78,,,,,0,percent of total billed charges,78% of Billed Charges. Lesser of 100% of billed charges applies.; No services were performed during the 15 month look back period.,10.74,,,,,,,Fee Schedule,"100% Medicare Lab FS. ",11.93,,,,,,,Fee Schedule,"100 % 2019 CMS Clinical Lab National Limit Pub 20190115. ",11.93,,,,,,,Fee Schedule,"100 % 2019 CMS Clinical Lab National Limit Pub 20190115. ",11.93,,,,,,,Fee Schedule,"100 % 2019 CMS Clinical Lab National Limit Pub 20190115. ",10.74,,,,,,,Fee Schedule,"100% Medicare Lab FS. ",11.93,,,,,,,Fee Schedule,"100 % 2019 CMS Clinical Lab National Limit Pub 20190115. ",11.93,,,,,,,Fee Schedule,"100 % 2019 CMS Clinical Lab National Limit Pub 20190115. ",10.74,,,,,,,Fee Schedule,"100% of Medicare Lab FS. ",53.885,50,,107.77,107.77,107.77,1 through 10,percent of total billed charges,50 percent of billed charges,35.13,,,,,,,Fee Schedule,"238 % 2013 Manhattan Medicare. ",35.13,,,,,,,Fee Schedule,"238 % 2013 Manhattan Medicare. ",35.13,,,,,,,Fee Schedule,"238 % 2013 Manhattan Medicare. ",35.13,,,,,,,Fee Schedule,"238 % 2013 Manhattan Medicare. ",35.13,,,,,,,Fee Schedule,"238 % 2013 Manhattan Medicare. ",35.13,,,,,,,Fee Schedule,"238 % 2013 Manhattan Medicare. ",10.74,,,,,,,Fee Schedule,"100% Medicare Lab FS. ",10.74,,,,,,,Fee Schedule,"100% Medicare Lab FS. ",35.13,,,,,,,Fee Schedule,"238 % 2013 Manhattan Medicare. ",84.0606,78,,,,,0,percent of total billed charges,78% of Billed Charges. Lesser of 100% of billed charges applies.; No services were performed during the 15 month look back period.,84.0606,78,,,,,0,percent of total billed charges,78% of Billed Charges. Lesser of 100% of billed charges applies.; No services were performed during the 15 month look back period.,84.0606,78,,,,,0,percent of total billed charges,78% of Billed Charges. Lesser of 100% of billed charges applies.; No services were performed during the 15 month look back period.,84.0606,78,,,,,0,percent of total billed charges,78% of Billed Charges. Lesser of 100% of billed charges applies.; No services were performed during the 15 month look back period.,84.0606,78,,,,,0,percent of total billed charges,78% of Billed Charges. Lesser of 100% of billed charges applies.; No services were performed during the 15 month look back period.,84.0606,78,,,,,0,percent of total billed charges,78% of Billed Charges. Lesser of 100% of billed charges applies.; No services were performed during the 15 month look back period.,84.0606,78,,,,,0,percent of total billed charges,78% of Billed Charges. Lesser of 100% of billed charges applies.; No services were performed during the 15 month look back period.,84.0606,78,,,,,0,percent of total billed charges,78% of Billed Charges. Lesser of 100% of billed charges applies.; No services were performed during the 15 month look back period.,84.0606,78,,,,,0,percent of total billed charges,78% of Billed Charges. Lesser of 100% of billed charges applies.; No services were performed during the 15 month look back period.,84.0606,78,,,,,0,percent of total billed charges,78% of Billed Charges. Lesser of 100% of billed charges applies.; No services were performed during the 15 month look back period.,84.0606,78,,,,,0,percent of total billed charges,78% of Billed Charges. Lesser of 100% of billed charges applies.; No services were performed during the 15 month look back period.,84.0606,78,,,,,0,percent of total billed charges,78% of Billed Charges. Lesser of 100% of billed charges applies.; No services were performed during the 15 month look back period.,84.0606,78,,,,,0,percent of total billed charges,78% of Billed Charges. Lesser of 100% of billed charges applies.; No services were performed during the 15 month look back period.,84.0606,78,,,,,0,percent of total billed charges,78% of Billed Charges. Lesser of 100% of billed charges applies.; No services were performed during the 15 month look back period.,84.0606,78,,,,,0,percent of total billed charges,78% of Billed Charges. Lesser of 100% of billed charges applies.; No services were performed during the 15 month look back period.,84.0606,78,,25.38,24.44,25.38,1 through 10,percent of total billed charges,78% of Billed Charges. Lesser of 100% of billed charges applies.,84.0606,78,,,,,0,percent of total billed charges,78% of Billed Charges. Lesser of 100% of billed charges applies.; No services were performed during the 15 month look back period.,84.0606,78,,,,,0,percent of total billed charges,78% of Billed Charges. Lesser of 100% of billed charges applies.; No services were performed during the 15 month look back period.,84.0606,78,,,,,0,percent of total billed charges,78% of Billed Charges. Lesser of 100% of billed charges applies.; No services were performed during the 15 month look back period.,84.0606,78,,,,,0,percent of total billed charges,78% of Billed Charges. Lesser of 100% of billed charges applies.; No services were performed during the 15 month look back period.,84.0606,78,,,,,0,percent of total billed charges,78% of Billed Charges. Lesser of 100% of billed charges applies.; No services were performed during the 15 month look back period.,84.0606,78,,,,,0,percent of total billed charges,78% of Billed Charges. Lesser of 100% of billed charges applies.; No services were performed during the 15 month look back period.,84.0606,78,,,,,0,percent of total billed charges,78% of Billed Charges. Lesser of 100% of billed charges applies.; No services were performed during the 15 month look back period.,84.0606,78,,,,,0,percent of total billed charges,78% of Billed Charges. Lesser of 100% of billed charges applies.; No services were performed during the 15 month look back period.,84.0606,78,,,,,0,percent of total billed charges,78% of Billed Charges. Lesser of 100% of billed charges applies.; No services were performed during the 15 month look back period.,84.0606,78,,84.06,84.06,84.06,1 through 10,percent of total billed charges,78% of Billed Charges. Lesser of 100% of billed charges applies.,27.39,,,,,,,Fee Schedule,"255 % Medicare RBRVS. ",27.39,,,,,,,Fee Schedule,"255 % Medicare RBRVS. ",27.39,,,,,,,Fee Schedule,"255 % Medicare RBRVS. ",27.39,,,,,,,Fee Schedule,"255 % Medicare RBRVS. ",20.73,,,,,,,Fee Schedule,"193 % Medicare RBRVS. ",20.73,,,,,,,Fee Schedule,"193 % Medicare RBRVS. ",23.58,,,,,,,Fee Schedule,"150 % 2018 Cigna RBRVS fee schedule. ",35.13,,,,,,,Fee Schedule,"238 % 2013 Manhattan Medicare. ",11.93,,,,,,,Fee Schedule,"100 % 2019 CMS Clinical Lab National Limit Pub 20190115. ",35.13,,,,,,,Fee Schedule,"238 % 2013 Manhattan Medicare. ",84.0606,78,,,,,0,percent of total billed charges,78% of Billed Charges. Lesser of 100% of billed charges applies.; No services were performed during the 15 month look back period.,20.73,,,,,,,Fee Schedule,"193 % Medicare RBRVS. ",35.13,,,,,,,Fee Schedule,"238 % 2013 Manhattan Medicare. ",11.93,,,,,,,Fee Schedule,"100 % 2019 CMS Clinical Lab National Limit Pub 20190115. ",23.58,,,,,,,Fee Schedule,"150 % 2018 Cigna RBRVS fee schedule. ",,,,,,,,,"NA. ",84.0606,78,,,,,0,percent of total billed charges,78% of Billed Charges. Lesser of 100% of billed charges applies.; No services were performed during the 15 month look back period.,75.12,,,,,,,Case Rate,"100 Percent of Medicaid APG. ",27.39,,,,,,,Fee Schedule,"255 % Medicare RBRVS. ",75.12,,,,,,,Case Rate,"100 Percent of Medicaid APG. Not APG payable, or payable under another fee schedule like ASP/AWP pays at 30% of charges",10.74,,,,,,,Fee Schedule,"100% Medicare Lab FS. ",10.74,,,,,,,Fee Schedule,"100% Medicare Lab FS. ",53.885,50,,48.6,48.6,48.6,1 through 10,percent of total billed charges,50 percent of billed charges,10.74,,,,,,,Fee Schedule,"100% Medicare Lab FS. ",10.74,,,,,,,Fee Schedule,"100% Medicare Lab FS. ",75.12,,,,,,,Case Rate,"100 Percent of Medicaid APG. ",10.74,,,,,,,Fee Schedule,"100% Medicare Lab FS. ",10.74,,,,,,,Fee Schedule,"100% Medicare Lab FS. ",26.96,,,,,,,Fee Schedule,"251.024208566108 % Medicare Physician FS TC Rates Only. ",26.96,,,,,,,Fee Schedule,"251.024208566108 % Medicare Physician FS TC Rates Only. ",10.74,,,,,,,Fee Schedule,"100% Medicare Lab FS. ",23.58,,,,,,,Fee Schedule,"150 % 2018 Cigna RBRVS fee schedule. ",11.93,,,,,,,Fee Schedule,"100 % 2019 CMS Clinical Lab National Limit Pub 20190115. ",11.93,,,,,,,Fee Schedule,"100 % 2019 CMS Clinical Lab National Limit Pub 20190115. ",10.74,,,,,,,Fee Schedule,"100% Medicare Lab FS. ",23.58,,,,,,,Fee Schedule,"150 % 2018 Cigna RBRVS fee schedule. ",26.96,,,,,,,Fee Schedule,"251.024208566108 % Medicare Physician FS TC Rates Only. ",26.96,,,,,,,Fee Schedule,"251.024208566108 % Medicare Physician FS TC Rates Only. ",26.96,,,,,,,Fee Schedule,"251.024208566108 % Medicare Physician FS TC Rates Only. ",84.0606,78,,,,,0,percent of total billed charges,78% of Billed Charges. Lesser of 100% of billed charges applies.; No services were performed during the 15 month look back period.,84.0606,78,,,,,0,percent of total billed charges,78% of Billed Charges. Lesser of 100% of billed charges applies.; No services were performed during the 15 month look back period.,84.0606,78,,,,,0,percent of total billed charges,78% of Billed Charges. Lesser of 100% of billed charges applies.; No services were performed during the 15 month look back period.,84.0606,78,,,,,0,percent of total billed charges,78% of Billed Charges. Lesser of 100% of billed charges applies.; No services were performed during the 15 month look back period.,84.0606,78,,,,,0,percent of total billed charges,78% of Billed Charges. Lesser of 100% of billed charges applies.; No services were performed during the 15 month look back period.,84.0606,78,,,,,0,percent of total billed charges,78% of Billed Charges. Lesser of 100% of billed charges applies.; No services were performed during the 15 month look back period.,84.0606,78,,,,,0,percent of total billed charges,78% of Billed Charges. Lesser of 100% of billed charges applies.; No services were performed during the 15 month look back period.,84.0606,78,,,,,0,percent of total billed charges,78% of Billed Charges. Lesser of 100% of billed charges applies.; No services were performed during the 15 month look back period.,84.0606,78,,,,,0,percent of total billed charges,78% of Billed Charges. Lesser of 100% of billed charges applies.; No services were performed during the 15 month look back period.,84.0606,78,,,,,0,percent of total billed charges,78% of Billed Charges. Lesser of 100% of billed charges applies.; No services were performed during the 15 month look back period.,84.0606,78,,,,,0,percent of total billed charges,78% of Billed Charges. Lesser of 100% of billed charges applies.; No services were performed during the 15 month look back period.,20.73,,,,,,,Fee Schedule,"193 % Medicare RBRVS. ",35.13,,,,,,,Fee Schedule,"238 % 2013 Manhattan Medicare. ",23.58,,,,,,,Fee Schedule,"150 % 2018 Cigna RBRVS fee schedule. ",10.74,,,,,,,Fee Schedule,"100% Medicare Lab FS. ",26.96,,,,,,,Fee Schedule,"251.024208566108 % Medicare Physician FS TC Rates Only. ",23.58,,,,,,,Fee Schedule,"150 % 2018 Cigna RBRVS fee schedule. ",23.58,,,,,,,Fee Schedule,"150 % 2018 Cigna RBRVS fee schedule. ",84.0606,78,,,,,0,percent of total billed charges,78% of Billed Charges. Lesser of 100% of billed charges applies.; No services were performed during the 15 month look back period.,160.76,,,,,,,Case Rate,"141 Percent of current Medicare RBRVS FeeSched. ",23.58,,,,,,,Fee Schedule,"150 % 2018 Cigna RBRVS fee schedule. ",75.12,,,,,,,Case Rate,"100 Percent of Medicaid APG. ",10.74,,,,,,,Fee Schedule,"100% Medicare Lab FS. ",10.74,,,,,,,Fee Schedule,"100% Medicare Lab FS. ",10.74,,,,,,,Fee Schedule,"100% Medicare Lab FS. ",10.74,,,,,,,Fee Schedule,"100% Medicare Lab FS. ",10.74,,,,,,,Fee Schedule,"100% Medicare Lab FS. ",10.74,,,,,,,Fee Schedule,"100% Medicare Lab FS. ",23.58,,,,,,,Fee Schedule,"150 % 2018 Cigna RBRVS fee schedule. ",53.885,50,,,,,0,percent of total billed charges,50 percent of billed charges; No services were performed during the 15 month look back period.,17.18,,,,,,,Fee Schedule,"160 Percent of Medicare Laboratory. ",17.18,,,,,,,Fee Schedule,"160 Percent of Medicare Laboratory. ",17.18,,,,,,,Fee Schedule,"160 Percent of Medicare Laboratory. ",17.18,,,,,,,Fee Schedule,"160 Percent of Medicare Laboratory. ",17.18,,,,,,,Fee Schedule,"160 Percent of Medicare Laboratory. ",,,,,,,,,"NA. ",53.885,50,,,,,0,percent of total billed charges,50 percent of billed charges; No services were performed during the 15 month look back period.,15.14,,,,,,,Fee Schedule,141 Percent of of Medicare Lab FS. Metroplus will reimburse unlisted codes and described codes with no Medicare rate at 50 percent of charges.,15.14,,,,,,,Fee Schedule,141 Percent of of Medicare Lab FS. Metroplus will reimburse unlisted codes and described codes with no Medicare rate at 50 percent of charges.,15.14,,,,,,,Fee Schedule,141 Percent of of Medicare Lab FS. Metroplus will reimburse unlisted codes and described codes with no Medicare rate at 50 percent of charges.,15.14,,,,,,,Fee Schedule,141 Percent of of Medicare Lab FS. Metroplus will reimburse unlisted codes and described codes with no Medicare rate at 50 percent of charges.,15.14,,,,,,,Fee Schedule,141 Percent of of Medicare Lab FS. Metroplus will reimburse unlisted codes and described codes with no Medicare rate at 50 percent of charges.,10.74,,,,,,,Fee Schedule,"100% Medicare Lab FS. ",20.73,,,,,,,Fee Schedule,"193 % Medicare RBRVS. ",20.73,,,,,,,Fee Schedule,"193 % Medicare RBRVS. ",20.73,,,,,,,Fee Schedule,"193 % Medicare RBRVS. ",20.73,,,,,,,Fee Schedule,"193 % Medicare RBRVS. ",26.96,,,,,,,Fee Schedule,"251.024208566108 % Medicare Physician FS TC Rates Only. ",26.96,,,,,,,Fee Schedule,"251.024208566108 % Medicare Physician FS TC Rates Only. ",26.96,,,,,,,Fee Schedule,"251.024208566108 % Medicare Physician FS TC Rates Only. ",26.96,,,,,,,Fee Schedule,"251.024208566108 % Medicare Physician FS TC Rates Only. ",53.885,50,,,,,0,percent of total billed charges,50 percent of billed charges; No services were performed during the 15 month look back period.,53.885,50,,,,,0,percent of total billed charges,50 percent of billed charges; No services were performed during the 15 month look back period.,10.74,,,,,,,Fee Schedule,"100% Medicare Lab FS. ",10.74,,,,,,,Fee Schedule,"100% Medicare Lab FS. ",10.74,,,,,,,Fee Schedule,"100% Medicare Lab FS. ",35.13,,,,,,,Fee Schedule,"238 % 2013 Manhattan Medicare. ",35.13,,,,,,,Fee Schedule,"238 % 2013 Manhattan Medicare. ",35.13,,,,,,,Fee Schedule,"238 % 2013 Manhattan Medicare. ",53.885,50,,,,,0,percent of total billed charges,50 percent of billed charges; No services were performed during the 15 month look back period.,26.96,,,,,,,Fee Schedule,"251.024208566108 % Medicare Physician FS TC Rates Only. ",10.74,,,,,,,Fee Schedule,"100% Medicare Lab FS. ",35.13,,,,,,,Fee Schedule,"238 % 2013 Manhattan Medicare. ",75.12,,,,,,,Case Rate,"100 Percent of Medicaid APG. ",10.95,,,,,,,Fee Schedule,"102% of Medicare Lab FS. ",10.95,,,,,,,Fee Schedule,"102% of Medicare Lab FS. ",10.95,,,,,,,Fee Schedule,"102% of Medicare Lab FS. ",9.67,,,,,,,Fee schedule,"90 Percent of Medicare RBRVS. ",169.02,,,,,,,Fee Schedule,225% of NYS APG. Lesser of 100% of billed charges applies.,169.02,,,,,,,Fee Schedule,225% of NYS APG. Lesser of 100% of billed charges applies.,169.02,,,,,,,Fee Schedule,225% of NYS APG. Lesser of 100% of billed charges applies.,169.02,,,,,,,Fee Schedule,225% of NYS APG. Lesser of 100% of billed charges applies.,169.02,,,,,,,Fee Schedule,225% of NYS APG. Lesser of 100% of billed charges applies.,10.95,,,,,,,Fee Schedule,"102% of Medicare Lab FS. ",75.12,,,,,,,Case Rate,"100 Percent of Medicaid APG. ",10.2,,,,,,,Fee Schedule,100% Medicaid Fee Schedule. Lesser of 100% of billed charges applies.,169.02,,,,,,,Fee Schedule,225% of NYS APG. Lesser of 100% of billed charges applies.,169.02,,,,,,,Fee Schedule,225% of NYS APG. Lesser of 100% of billed charges applies.,10.2,,,,,,,Fee Schedule,100% Medicaid Fee Schedule. Lesser of 100% of billed charges applies.,10.2,,,,,,,Fee Schedule,100% Medicaid Fee Schedule. Lesser of 100% of billed charges applies.,17.18,,,,,,,Fee Schedule,"160 Percent of Medicare Laboratory. ",10.74,,,,,,,Fee Schedule,"100% Medicare Lab FS. ",10.74,,,,,,,Fee Schedule,"100% Medicare Lab FS. ",26.96,,,,,,,Fee Schedule,"251.024208566108 % Medicare Physician FS TC Rates Only. ",10.74,,,,,,,Fee Schedule,"100% Medicare Lab FS. ",169.02,,,,,,,Fee Schedule,"225 Percent of Medicaid APG. ",169.02,,,,,,,Fee Schedule,"225 Percent of Medicaid APG. ",9.67,,,,,,,Fee schedule,"90 Percent of Medicare RBRVS. ",9.67,,,,,,,Fee schedule,"90 Percent of Medicare RBRVS. ",169.02,,,,,,,Case Rate,225 Percent of Medicaid APG. Covered services not payable under Medicaid Fee Schedules default to a payment of 87.5 percent of charges.,9.67,,,,,,,Fee schedule,90 Percent of Medicare Laboratory. Covered services not payable under Medicaid Fee Schedules default to a payment of 50 percent of charges.,169.02,,,,,,,Case Rate,"100 Percent of Medicaid APG. ",169.02,,,,,,,Case Rate,"100 Percent of Medicaid APG. ",169.02,,,,,,,Case Rate,"100 Percent of Medicaid APG. ",169.02,,,,,,,Case Rate,"100 Percent of Medicaid APG. ",109.44,,,,,,,Fee Schedule,"1019 % Manhattan Facility Rate. ",53.885,50,,,,,0,percent of total billed charges,50 percent of billed charges; No services were performed during the 15 month look back period.,90.14,,,,,,,Case Rate,"120 Percent of Medicaid APG. Not APG payable, or payable under another fee schedule like ASP/AWP pays at 30% of charges",90.14,,,,,,,Case Rate,"120 Percent of Medicaid APG. Not APG payable, or payable under another fee schedule like ASP/AWP pays at 30% of charges",75.12,,,,,,,Case Rate,"100 Percent of Medicaid APG. Not APG payable, or payable under another fee schedule like ASP/AWP pays at 30% of charges",75.12,,,,,,,Case Rate,"100 Percent of Medicaid APG. Not APG payable, or payable under another fee schedule like ASP/AWP pays at 30% of charges",35.13,,,,,,,Fee Schedule,"238 % 2013 Manhattan Medicare. ",35.13,,,,,,,Fee Schedule,"238 % 2013 Manhattan Medicare. ",10.74,,,,,,,Fee Schedule,"100% Medicare Lab FS. ",35.13,,,,,,,Fee Schedule,"238 % 2013 Manhattan Medicare. ",35.13,,,,,,,Fee Schedule,"238 % 2013 Manhattan Medicare. ",35.13,,,,,,,Fee Schedule,"238 % 2013 Manhattan Medicare. ",35.13,,,,,,,Fee Schedule,"238 % 2013 Manhattan Medicare. ",10.74,,,,,,,Fee Schedule,"100% Medicare Lab FS. ",35.13,,,,,,,Fee Schedule,"238 % 2013 Manhattan Medicare. ",35.13,,,,,,,Fee Schedule,"238 % 2013 Manhattan Medicare. ",26.96,,,,,,,Fee Schedule,"251.024208566108 % Medicare Physician FS TC Rates Only. ",82.63,,,,,,,Fee Schedule,110% of APG. Lesser of 100% of billed charges applies.,9.67,,,,,,,Fee schedule,90 Percent of Medicare Laboratory. Covered services not payable under Medicaid Fee Schedules default to a payment of 50 percent of charges.,169.02,,,,,,,Fee Schedule,225% of NYS APG. Lesser of 100% of billed charges applies.,169.02,,,,,,,Case Rate,225 Percent of Medicaid APG. Covered services not payable under Medicaid Fee Schedules default to a payment of 87.5 percent of charges.,9.67,,,,,,,Fee schedule,90 Percent of Medicare Laboratory. Covered services not payable under Medicaid Fee Schedules default to a payment of 50 percent of charges.,169.02,,,,,,,Fee Schedule,225% of NYS APG. Lesser of 100% of billed charges applies.,169.02,,,,,,,Fee Schedule,225% of NYS APG. Lesser of 100% of billed charges applies.,169.02,,,,,,,Fee Schedule,225% of NYS APG. Lesser of 100% of billed charges applies.,169.02,,,,,,,Fee Schedule,225% of NYS APG. Lesser of 100% of billed charges applies.,169.02,,,,,,,Fee Schedule,225% of NYS APG. Lesser of 100% of billed charges applies.,169.02,,,,,,,Fee Schedule,225% of NYS APG. Lesser of 100% of billed charges applies.,,,,,,,,,"NA. ",,,,,,,,,"NA. ",,,,,,,,,"NA. ",23.58,,,,,,,Fee Schedule,"150 % 2018 Cigna RBRVS fee schedule. ",,,,,,,,,"NA. ",10.74,,,,,,,Fee Schedule,"100% Medicare Lab FS. ",15,,,,,,,Fee Schedule,"100 % 1199 Fee Schedule. ",10.74,,,,,,,Fee Schedule,"100% Medicare Lab FS. ",10.74,,,,,,,Fee Schedule,"100% Medicare Lab FS. ",90.14,,,,,,,Case Rate,"120 Percent of Medicaid APG. Not APG payable, or payable under another fee schedule like ASP/AWP pays at 30% of charges",90.14,,,,,,,Case Rate,"120 Percent of Medicaid APG. Not APG payable, or payable under another fee schedule like ASP/AWP pays at 30% of charges",75.12,,,,,,,Case Rate,"100 Percent of Medicaid APG. Not APG payable, or payable under another fee schedule like ASP/AWP pays at 30% of charges",75.12,,,,,,,Case Rate,"100 Percent of Medicaid APG. Not APG payable, or payable under another fee schedule like ASP/AWP pays at 30% of charges",75.12,,,,,,,Case Rate,"100 Percent of Medicaid APG. ",23.31,,,,,,,Fee Schedule,"217 % Medicare RBRVS. ",26.96,,,,,,,Fee Schedule,"251.024208566108 % Medicare Physician FS TC Rates Only. ",27.39,,,,,,,Fee Schedule,"255 % Medicare RBRVS. ",23.58,,,,,,,Fee Schedule,"150 % 2018 Cigna RBRVS fee schedule. ",10.74,,,,,,,Fee Schedule,"100% Medicare Lab FS. ",10.74,,,,,,,Fee Schedule,"100% Medicare Lab FS. ",10.74,,,,,,,Fee Schedule,"100% Medicare Lab FS. ",10.74,,,,,,,Fee Schedule,"100% Medicare Lab FS. ",10.74,,,,,,,Fee Schedule,"100% Medicare Lab FS. ",10.74,,,,,,,Fee Schedule,"100% Medicare Lab FS. ",,,,,,,,,"NA. ",169.02,,,,,,,Fee Schedule,225% of NYS APG. Lesser of 100% of billed charges applies.,10.2,,,,,,,Fee Schedule,100% Medicaid Fee Schedule. Lesser of 100% of billed charges applies.,35.13,,,,,,,Fee Schedule,"238 % 2013 Manhattan Medicare. ",23.31,,,,,,,Fee Schedule,"217 % Medicare RBRVS. ",23.31,,,,,,,Fee Schedule,"217 % Medicare RBRVS. ",23.31,,,,,,,Fee Schedule,"217 % Medicare RBRVS. ",23.31,,,,,,,Fee Schedule,"217 % Medicare RBRVS. ",10.74,,,,,,,Fee Schedule,"100% Medicare Lab FS. ",75.12,,,,,,,Case Rate,"100 Percent of Medicaid APG. ",35.13,,,,,,,Fee Schedule,"238 % 2013 Manhattan Medicare. ",75.12,,,,,,,Case Rate,"100 Percent of Medicaid APG. ",10.74,,,,,,,Fee Schedule,"100% Medicare Lab FS. ",75.12,,,,,,,Case Rate,"100 Percent of Medicaid APG. ",10.74,,,,,,,Fee Schedule,"100% Medicare Lab FS. ",10.74,,,,,,,Fee Schedule,"100% Medicare Lab FS. ",75.12,,,,,,,Case Rate,"100 Percent of Medicaid APG. ",75.12,,,,,,,Case Rate,"100 Percent of Medicaid APG. ",23.31,,,,,,,Fee Schedule,"217 % Medicare RBRVS. ",23.58,,,,,,,Fee Schedule,"150 % 2018 Cigna RBRVS fee schedule. ",84.0606,78,,,,,0,percent of total billed charges,78% of Billed Charges. Lesser of 100% of billed charges applies.; No services were performed during the 15 month look back period.,11.93,,,,,,,Fee Schedule,"100 % 2019 CMS Clinical Lab National Limit Pub 20190115. ",11.93,,,,,,,Fee Schedule,"100 % 2019 CMS Clinical Lab National Limit Pub 20190115. ",26.96,,,,,,,Fee Schedule,"251.024208566108 % Medicare Physician FS TC Rates Only. ",10.53,,,,,,,Fee Schedule,"98% Lab FS. ",20.73,,,,,,,Fee Schedule,"193 % Medicare RBRVS. ",20.73,,,,,,,Fee Schedule,"193 % Medicare RBRVS. ",28.1,,,,,,,Fee Schedule,"190.4 % 2013 Manhattan Medicare. ",28.1,,,,,,,Fee Schedule,"190.4 % 2013 Manhattan Medicare. ",10.74,,,,,,,Fee Schedule,"100% Medicare Lab FS. ",10.74,,,,,,,Fee Schedule,"100% Medicare Lab FS. ",10.74,,,,,,,Fee Schedule,"100% Medicare Lab FS. ",10.74,,,,,,,Fee Schedule,"100% Medicare Lab FS. ",11.93,,,,,,,Fee Schedule,"100 % 2019 CMS Clinical Lab National Limit Pub 20190115. ",35.13,,,,,,,Fee Schedule,"238 % 2013 Manhattan Medicare. ",35.13,,,,,,,Fee Schedule,"238 % 2013 Manhattan Medicare. ",10.74,,,,,,,Fee Schedule,"100% Medicare Lab FS. ",28.1,,,,,,,Fee Schedule,"190.4 % 2013 Manhattan Medicare. ",27.39,,,,,,,Fee Schedule,"255 % Medicare RBRVS. ",90.14,,,,,,,Fee Schedule,"120 Percent of Medicaid APG. ",75.12,,,,,,,Case Rate,"100 Percent of Medicaid APG. ",23.31,,,,,,,Fee Schedule,"217 % Medicare RBRVS. ",31.62,,,,,,,Fee Schedule,"214.2 % 2013 Manhattan Medicare. ",31.62,,,,,,,Fee Schedule,"214.2 % 2013 Manhattan Medicare. ",35.13,,,,,,,Fee Schedule,"238 % 2013 Manhattan Medicare. ",53.885,50,,107.77,107.77,107.77,1 through 10,percent of total billed charges,50 percent of billed charges,10.74,,,,,,,Fee Schedule,"100% Medicare Lab FS. ",78.88,,,,,,,Fee Schedule,105 percent of Medicaid APG. otherwise 105% of Ordered NYS MCD FS or 105% of ASP+6%,78.88,,,,,,,Fee Schedule,105 percent of Medicaid APG. otherwise 105% of Ordered NYS MCD FS or 105% of ASP+6%,78.88,,,,,,,Fee Schedule,105 percent of Medicaid APG. otherwise 105% of Ordered NYS MCD FS or 105% of ASP+6%,101.41,,,,,,,Fee Schedule,135 percent of Medicaid APG. otherwise 135% of Ordered NYS MCD FS or 135% of ASP+6%,11.93,,,,,,,Fee Schedule,"100 % 2019 CMS Clinical Lab National Limit Pub 20190115. ",78.88,,,,,,,Fee Schedule,105 percent of Medicaid APG. otherwise 105% of Ordered NYS MCD FS or 105% of ASP+6%,78.88,,,,,,,Fee Schedule,105 percent of Medicaid APG. otherwise 105% of Ordered NYS MCD FS or 105% of ASP+6%,78.88,,,,,,,Fee Schedule,105 percent of Medicaid APG. otherwise 105% of Ordered NYS MCD FS or 105% of ASP+6%,78.88,,,,,,,Fee Schedule,105 percent of Medicaid APG. otherwise 105% of Ordered NYS MCD FS or 105% of ASP+6%,78.88,,,,,,,Fee Schedule,105 percent of Medicaid APG. otherwise 105% of Ordered NYS MCD FS or 105% of ASP+6%,101.41,,,,,,,Fee Schedule,135 percent of Medicaid APG. otherwise 135% of Ordered NYS MCD FS or 135% of ASP+6%,101.41,,,,,,,Fee Schedule,135 percent of Medicaid APG. otherwise 135% of Ordered NYS MCD FS or 135% of ASP+6%,10.74,,,,,,,Fee Schedule,"100% Medicare Lab FS. ",11.93,,,,,,,Fee Schedule,"100 % 2019 CMS Clinical Lab National Limit Pub 20190115. ",10.74,,,,,,,Fee Schedule,"100% Medicare Lab FS. ",78.88,,,,,,,Fee Schedule,105 percent of Medicaid APG. otherwise 105% of Ordered NYS MCD FS or 105% of ASP+6%,35.13,,,,,,,Fee Schedule,"238 % 2013 Manhattan Medicare. ",10.74,,,,,,,Fee Schedule,"100% Medicare Lab FS. ",35.13,,,,,,,Fee Schedule,"238 % 2013 Manhattan Medicare. ",35.13,,,,,,,Fee Schedule,"238 % 2013 Manhattan Medicare. ",35.13,,,,,,,Fee Schedule,"238 % 2013 Manhattan Medicare. ",78.88,,,,,,,Fee Schedule,105 percent of Medicaid APG. otherwise 105% of Ordered NYS MCD FS or 105% of ASP+6%,10.74,,,,,,,Fee Schedule,"100% Medicare Lab FS. ",35.13,,,,,,,Fee Schedule,"238 % 2013 Manhattan Medicare. ",101.41,,,,,,,Fee Schedule,135 percent of Medicaid APG. otherwise 135% of Ordered NYS MCD FS or 135% of ASP+6%,35.13,,,,,,,Fee Schedule,"238 % 2013 Manhattan Medicare. ",16.11,,,,,,,Fee Schedule,"150% of Medicare Lab FS. ",10.74,,,,,,,Fee Schedule,"100% Medicare Lab FS. ",23.31,,,,,,,Fee Schedule,"217 % Medicare RBRVS. ",23.31,,,,,,,Fee Schedule,"217 % Medicare RBRVS. ",23.31,,,,,,,Fee Schedule,"217 % Medicare RBRVS. ",23.31,,,,,,,Fee Schedule,"217 % Medicare RBRVS. ",23.31,,,,,,,Fee Schedule,"217 % Medicare RBRVS. ",27.39,,,,,,,Fee Schedule,"255 % Medicare RBRVS. ",27.39,,,,,,,Fee Schedule,"255 % Medicare RBRVS. ",23.31,,,,,,,Fee Schedule,"217 % Medicare RBRVS. ",23.31,,,,,,,Fee Schedule,"217 % Medicare RBRVS. ",23.31,,,,,,,Fee Schedule,"217 % Medicare RBRVS. ",23.31,,,,,,,Fee Schedule,"217 % Medicare RBRVS. ",23.31,,,,,,,Fee Schedule,"217 % Medicare RBRVS. ",10.74,,,,,,,Fee Schedule,"100% Medicare Lab FS. ",27.39,,,,,,,Fee Schedule,"255 % Medicare RBRVS. ",10.74,,,,,,,Fee Schedule,"100% Medicare Lab FS. ",169.02,,,,,,,Case Rate,"225 Percent of Medicaid APG. If not included in Medicaid APG, then 100 Percent of Manhattan Medicare",75.12,,,,,,,Case Rate,"100 Percent of Medicaid APG. If not priced under APG, then Metroplus FeeSched",11.93,,,,,,,Fee Schedule,"100 % 2019 CMS Clinical Lab National Limit Pub 20190115. ",11.93,,,,,,,Fee Schedule,"100 % 2019 CMS Clinical Lab National Limit Pub 20190115. ",10.74,,,,,,,Fee Schedule,"100% Medicare Lab FS. ",20.73,,,,,,,Fee Schedule,"193 % Medicare RBRVS. ",10.74,,,,,,,Fee Schedule,"100% Medicare Lab FS. ",10.74,,,,,,,Fee Schedule,"100% Medicare Lab FS. ",26.96,,,,,,,Fee Schedule,"251.024208566108 % Medicare Physician FS TC Rates Only. ",10.74,,,,,,,Fee Schedule,"100% Medicare Lab FS. ",23.58,,,,,,,Fee Schedule,"150 % 2018 Cigna RBRVS fee schedule. ",10.74,,,,,,,Fee Schedule,"100% Medicare Lab FS. ",23.58,,,,,,,Fee Schedule,"150 % 2018 Cigna RBRVS fee schedule. ",26.96,,,,,,,Fee Schedule,"251.024208566108 % Medicare Physician FS TC Rates Only. ",23.58,,,,,,,Fee Schedule,"150 % 2018 Cigna RBRVS fee schedule. ",10.74,,,,,,,Fee Schedule,"100% Medicare Lab FS. ",75.12,,,,,,,Case Rate,"100 Percent of Medicaid APG. ",10.74,,,,,,,Fee Schedule,"100% Medicare Lab FS. ",23.58,,,,,,,Fee Schedule,"150 % 2018 Cigna RBRVS fee schedule. ",11.93,,,,,,,Fee Schedule,"100 % 2019 CMS Clinical Lab National Limit Pub 20190115. ",75.12,,,,,,,Case Rate,"100 Percent of Medicaid APG. ",35.13,,,,,,,Fee Schedule,"238 % 2013 Manhattan Medicare. ",90.14,,,,,,,Fee Schedule,"120 Percent of Medicaid APG. ",90.14,,,,,,,Fee Schedule,"120 Percent of Medicaid APG. ",35.13,,,,,,,Fee Schedule,"238 % 2013 Manhattan Medicare. ",35.13,,,,,,,Fee Schedule,"238 % 2013 Manhattan Medicare. ",35.13,,,,,,,Fee Schedule,"238 % 2013 Manhattan Medicare. ",11.93,,,,,,,Fee Schedule,"100 % 2019 CMS Clinical Lab National Limit Pub 20190115. ",35.13,,,,,,,Fee Schedule,"238 % 2013 Manhattan Medicare. ",35.13,,,,,,,Fee Schedule,"238 % 2013 Manhattan Medicare. ",35.13,,,,,,,Fee Schedule,"238 % 2013 Manhattan Medicare. ",23.31,,,,,,,Fee Schedule,"217 % Medicare RBRVS. ",23.31,,,,,,,Fee Schedule,"217 % Medicare RBRVS. ",15.14,,,,,,,Fee Schedule,141 Percent of of Medicare Lab FS. Metroplus will reimburse unlisted codes and described codes with no Medicare rate at 50 percent of charges.,75.12,,,,,,,Case Rate,"100 Percent of Medicaid APG. ",11.93,,,,,,,Fee Schedule,"100 % 2019 CMS Clinical Lab National Limit Pub 20190115. ",23.58,,,,,,,Fee Schedule,"150 % 2018 Cigna RBRVS fee schedule. ",26.96,,,,,,,Fee Schedule,"251.024208566108 % Medicare Physician FS TC Rates Only. ",11.93,,,,,,,Fee Schedule,"100 % 2019 CMS Clinical Lab National Limit Pub 20190115. ",26.96,,,,,,,Fee Schedule,"251.024208566108 % Medicare Physician FS TC Rates Only. ",11.93,,,,,,,Fee Schedule,"100 % 2019 CMS Clinical Lab National Limit Pub 20190115. ",35.13,,,,,,,Fee Schedule,"238 % 2013 Manhattan Medicare. ",35.13,,,,,,,Fee Schedule,"238 % 2013 Manhattan Medicare. ",35.13,,,,,,,Fee Schedule,"238 % 2013 Manhattan Medicare. ",35.13,,,,,,,Fee Schedule,"238 % 2013 Manhattan Medicare. ",10.74,,,,,,,Fee Schedule,"100% Medicare Lab FS. ",9.67,169.02,
86711,CPT,2024641,LOCAL,302,RC,HC JOHN CUNNINGHAM ANTIBODY,37.24,20.27,both,,,,12.99,,,,,,,Fee Schedule,"100 % 1199 Fee Schedule. ",12.99,,,,,,,Fee Schedule,"100 % 1199 Fee Schedule. ",42.39,,,,,,,Fee Schedule,"250.976909413854 % Medicare Physician FS TC Rates Only. ",37.24,100,,,,,0,percent of total billed charges,100 percent of billed charges. ; No services were performed during the 15 month look back period.,16.89,,,,,,,Fee Schedule,"100% Medicare Lab FS. ",42.39,,,,,,,Fee Schedule,"250.976909413854 % Medicare Physician FS TC Rates Only. ",42.39,,,,,,,Fee Schedule,"250.976909413854 % Medicare Physician FS TC Rates Only. ",42.39,,,,,,,Fee Schedule,"250.976909413854 % Medicare Physician FS TC Rates Only. ",90.14,,,,,,,Case Rate,"100 Percent of Medicaid APG. ",75.12,,,,,,,Case Rate,"100 Percent of Medicaid APG. ",29.0472,78,,,,,0,percent of total billed charges,78% of Billed Charges. Lesser of 100% of billed charges applies.; No services were performed during the 15 month look back period.,16.89,,,,,,,Fee Schedule,"100 % 2019 CMS Clinical Lab National Limit Pub 20190115. ",75.12,,,,,,,Case Rate,"100 Percent of Medicaid APG. ",16.89,,,,,,,Fee Schedule,"100% Medicare Lab FS. ",31.22,,,,,,,Fee Schedule,"150 % 2018 Cigna RBRVS fee schedule. ",31.22,,,,,,,Fee Schedule,"150 % 2018 Cigna RBRVS fee schedule. ",31.22,,,,,,,Fee Schedule,"150 % 2018 Cigna RBRVS fee schedule. ",31.22,,,,,,,Fee Schedule,"150 % 2018 Cigna RBRVS fee schedule. ",15.2,,,,,,,Fee schedule,90 Percent of Medicare Laboratory. Covered services not payable under Medicaid Fee Schedules default to a payment of 50 percent of charges.,16.89,,,,,,,Fee Schedule,"100% Medicare Lab FS. ",15.2,,,,,,,Fee schedule,90 Percent of Medicare Laboratory. Covered services not payable under Medicaid Fee Schedules default to a payment of 50 percent of charges.,29.0472,78,,,,,0,percent of total billed charges,78% of Billed Charges. Lesser of 100% of billed charges applies.; No services were performed during the 15 month look back period.,42.39,,,,,,,Fee Schedule,"250.976909413854 % Medicare Physician FS TC Rates Only. ",16.89,,,,,,,Fee Schedule,"100% Medicare Lab FS. ",43.07,,,,,,,Fee Schedule,"255 % Medicare RBRVS. ",16.89,,,,,,,Fee Schedule,"100% Medicare Lab FS. ",16.89,,,,,,,Fee Schedule,"100% Medicare Lab FS. ",29.0472,78,,,,,0,percent of total billed charges,78% of Billed Charges. Lesser of 100% of billed charges applies.; No services were performed during the 15 month look back period.,15.2,,,,,,,Fee Schedule,90 Percent of Medicare RBRVS. Lesser of 100% of billed charges applies.,15.2,,,,,,,Fee Schedule,90 Percent of Medicare RBRVS. Lesser of 100% of billed charges applies.,15.2,,,,,,,Fee schedule,"90 Percent of Medicare RBRVS. ",15.2,,,,,,,Fee schedule,"90 Percent of Medicare RBRVS. ",43.07,,,,,,,Fee Schedule,"255 % Medicare RBRVS. ",43.07,,,,,,,Fee Schedule,"255 % Medicare RBRVS. ",75.12,,,,,,,Case Rate,"100 Percent of Medicaid APG. Not APG payable, or payable under another fee schedule like ASP/AWP pays at 30% of charges",43.07,,,,,,,Fee Schedule,"255 % Medicare RBRVS. ",75.12,,,,,,,Case Rate,"100 Percent of Medicaid APG. Not APG payable, or payable under another fee schedule like ASP/AWP pays at 30% of charges",16.89,,,,,,,Fee Schedule,"100% Medicare Lab FS. ",43.07,,,,,,,Fee Schedule,"255 % Medicare RBRVS. ",29.0472,78,,,,,0,percent of total billed charges,78% of Billed Charges. Lesser of 100% of billed charges applies.; No services were performed during the 15 month look back period.,75.12,,,,,,,Case Rate,"100 Percent of Medicaid APG. If not priced under APG, then Metroplus FeeSched",75.12,,,,,,,Case Rate,"100 Percent of Medicaid APG. If not priced under APG, then Metroplus FeeSched",29.0472,78,,,,,0,percent of total billed charges,78% of Billed Charges. Lesser of 100% of billed charges applies.; No services were performed during the 15 month look back period.,31.22,,,,,,,Fee Schedule,"150 % 2018 Cigna RBRVS fee schedule. ",16.89,,,,,,,Fee Schedule,"100 % 2019 CMS Clinical Lab National Limit Pub 20190115. ",16.89,,,,,,,Fee Schedule,"100 % 2019 CMS Clinical Lab National Limit Pub 20190115. ",29.0472,78,,,,,0,percent of total billed charges,78% of Billed Charges. Lesser of 100% of billed charges applies.; No services were performed during the 15 month look back period.,16.89,,,,,,,Fee Schedule,"100% Medicare Lab FS. ",16.89,,,,,,,Fee Schedule,"100 % 2019 CMS Clinical Lab National Limit Pub 20190115. ",16.89,,,,,,,Fee Schedule,"100 % 2019 CMS Clinical Lab National Limit Pub 20190115. ",16.89,,,,,,,Fee Schedule,"100 % 2019 CMS Clinical Lab National Limit Pub 20190115. ",16.89,,,,,,,Fee Schedule,"100% Medicare Lab FS. ",16.89,,,,,,,Fee Schedule,"100 % 2019 CMS Clinical Lab National Limit Pub 20190115. ",16.89,,,,,,,Fee Schedule,"100 % 2019 CMS Clinical Lab National Limit Pub 20190115. ",16.89,,,,,,,Fee Schedule,"100% of Medicare Lab FS. ",18.62,50,,,,,0,percent of total billed charges,50 percent of billed charges; No services were performed during the 15 month look back period.,47.1,,,,,,,Fee Schedule,"238 % 2013 Manhattan Medicare. ",47.1,,,,,,,Fee Schedule,"238 % 2013 Manhattan Medicare. ",47.1,,,,,,,Fee Schedule,"238 % 2013 Manhattan Medicare. ",47.1,,,,,,,Fee Schedule,"238 % 2013 Manhattan Medicare. ",47.1,,,,,,,Fee Schedule,"238 % 2013 Manhattan Medicare. ",47.1,,,,,,,Fee Schedule,"238 % 2013 Manhattan Medicare. ",16.89,,,,,,,Fee Schedule,"100% Medicare Lab FS. ",16.89,,,,,,,Fee Schedule,"100% Medicare Lab FS. ",47.1,,,,,,,Fee Schedule,"238 % 2013 Manhattan Medicare. ",29.0472,78,,,,,0,percent of total billed charges,78% of Billed Charges. Lesser of 100% of billed charges applies.; No services were performed during the 15 month look back period.,29.0472,78,,,,,0,percent of total billed charges,78% of Billed Charges. Lesser of 100% of billed charges applies.; No services were performed during the 15 month look back period.,29.0472,78,,,,,0,percent of total billed charges,78% of Billed Charges. Lesser of 100% of billed charges applies.; No services were performed during the 15 month look back period.,29.0472,78,,,,,0,percent of total billed charges,78% of Billed Charges. Lesser of 100% of billed charges applies.; No services were performed during the 15 month look back period.,29.0472,78,,,,,0,percent of total billed charges,78% of Billed Charges. Lesser of 100% of billed charges applies.; No services were performed during the 15 month look back period.,29.0472,78,,,,,0,percent of total billed charges,78% of Billed Charges. Lesser of 100% of billed charges applies.; No services were performed during the 15 month look back period.,29.0472,78,,,,,0,percent of total billed charges,78% of Billed Charges. Lesser of 100% of billed charges applies.; No services were performed during the 15 month look back period.,29.0472,78,,,,,0,percent of total billed charges,78% of Billed Charges. Lesser of 100% of billed charges applies.; No services were performed during the 15 month look back period.,29.0472,78,,,,,0,percent of total billed charges,78% of Billed Charges. Lesser of 100% of billed charges applies.; No services were performed during the 15 month look back period.,29.0472,78,,,,,0,percent of total billed charges,78% of Billed Charges. Lesser of 100% of billed charges applies.; No services were performed during the 15 month look back period.,29.0472,78,,,,,0,percent of total billed charges,78% of Billed Charges. Lesser of 100% of billed charges applies.; No services were performed during the 15 month look back period.,29.0472,78,,,,,0,percent of total billed charges,78% of Billed Charges. Lesser of 100% of billed charges applies.; No services were performed during the 15 month look back period.,29.0472,78,,,,,0,percent of total billed charges,78% of Billed Charges. Lesser of 100% of billed charges applies.; No services were performed during the 15 month look back period.,29.0472,78,,,,,0,percent of total billed charges,78% of Billed Charges. Lesser of 100% of billed charges applies.; No services were performed during the 15 month look back period.,29.0472,78,,,,,0,percent of total billed charges,78% of Billed Charges. Lesser of 100% of billed charges applies.; No services were performed during the 15 month look back period.,29.0472,78,,,,,0,percent of total billed charges,78% of Billed Charges. Lesser of 100% of billed charges applies.; No services were performed during the 15 month look back period.,29.0472,78,,,,,0,percent of total billed charges,78% of Billed Charges. Lesser of 100% of billed charges applies.; No services were performed during the 15 month look back period.,29.0472,78,,,,,0,percent of total billed charges,78% of Billed Charges. Lesser of 100% of billed charges applies.; No services were performed during the 15 month look back period.,29.0472,78,,,,,0,percent of total billed charges,78% of Billed Charges. Lesser of 100% of billed charges applies.; No services were performed during the 15 month look back period.,29.0472,78,,,,,0,percent of total billed charges,78% of Billed Charges. Lesser of 100% of billed charges applies.; No services were performed during the 15 month look back period.,29.0472,78,,,,,0,percent of total billed charges,78% of Billed Charges. Lesser of 100% of billed charges applies.; No services were performed during the 15 month look back period.,29.0472,78,,,,,0,percent of total billed charges,78% of Billed Charges. Lesser of 100% of billed charges applies.; No services were performed during the 15 month look back period.,29.0472,78,,,,,0,percent of total billed charges,78% of Billed Charges. Lesser of 100% of billed charges applies.; No services were performed during the 15 month look back period.,29.0472,78,,,,,0,percent of total billed charges,78% of Billed Charges. Lesser of 100% of billed charges applies.; No services were performed during the 15 month look back period.,29.0472,78,,,,,0,percent of total billed charges,78% of Billed Charges. Lesser of 100% of billed charges applies.; No services were performed during the 15 month look back period.,29.0472,78,,,,,0,percent of total billed charges,78% of Billed Charges. Lesser of 100% of billed charges applies.; No services were performed during the 15 month look back period.,43.07,,,,,,,Fee Schedule,"255 % Medicare RBRVS. ",43.07,,,,,,,Fee Schedule,"255 % Medicare RBRVS. ",43.07,,,,,,,Fee Schedule,"255 % Medicare RBRVS. ",43.07,,,,,,,Fee Schedule,"255 % Medicare RBRVS. ",32.6,,,,,,,Fee Schedule,"193 % Medicare RBRVS. ",32.6,,,,,,,Fee Schedule,"193 % Medicare RBRVS. ",31.22,,,,,,,Fee Schedule,"150 % 2018 Cigna RBRVS fee schedule. ",47.1,,,,,,,Fee Schedule,"238 % 2013 Manhattan Medicare. ",16.89,,,,,,,Fee Schedule,"100 % 2019 CMS Clinical Lab National Limit Pub 20190115. ",47.1,,,,,,,Fee Schedule,"238 % 2013 Manhattan Medicare. ",29.0472,78,,,,,0,percent of total billed charges,78% of Billed Charges. Lesser of 100% of billed charges applies.; No services were performed during the 15 month look back period.,32.6,,,,,,,Fee Schedule,"193 % Medicare RBRVS. ",47.1,,,,,,,Fee Schedule,"238 % 2013 Manhattan Medicare. ",16.89,,,,,,,Fee Schedule,"100 % 2019 CMS Clinical Lab National Limit Pub 20190115. ",31.22,,,,,,,Fee Schedule,"150 % 2018 Cigna RBRVS fee schedule. ",,,,,,,,,"NA. ",29.0472,78,,,,,0,percent of total billed charges,78% of Billed Charges. Lesser of 100% of billed charges applies.; No services were performed during the 15 month look back period.,75.12,,,,,,,Case Rate,"100 Percent of Medicaid APG. ",43.07,,,,,,,Fee Schedule,"255 % Medicare RBRVS. ",75.12,,,,,,,Case Rate,"100 Percent of Medicaid APG. Not APG payable, or payable under another fee schedule like ASP/AWP pays at 30% of charges",16.89,,,,,,,Fee Schedule,"100% Medicare Lab FS. ",16.89,,,,,,,Fee Schedule,"100% Medicare Lab FS. ",18.62,50,,,,,0,percent of total billed charges,50 percent of billed charges; No services were performed during the 15 month look back period.,16.89,,,,,,,Fee Schedule,"100% Medicare Lab FS. ",16.89,,,,,,,Fee Schedule,"100% Medicare Lab FS. ",75.12,,,,,,,Case Rate,"100 Percent of Medicaid APG. ",16.89,,,,,,,Fee Schedule,"100% Medicare Lab FS. ",16.89,,,,,,,Fee Schedule,"100% Medicare Lab FS. ",42.39,,,,,,,Fee Schedule,"250.976909413854 % Medicare Physician FS TC Rates Only. ",42.39,,,,,,,Fee Schedule,"250.976909413854 % Medicare Physician FS TC Rates Only. ",16.89,,,,,,,Fee Schedule,"100% Medicare Lab FS. ",31.22,,,,,,,Fee Schedule,"150 % 2018 Cigna RBRVS fee schedule. ",16.89,,,,,,,Fee Schedule,"100 % 2019 CMS Clinical Lab National Limit Pub 20190115. ",16.89,,,,,,,Fee Schedule,"100 % 2019 CMS Clinical Lab National Limit Pub 20190115. ",16.89,,,,,,,Fee Schedule,"100% Medicare Lab FS. ",31.22,,,,,,,Fee Schedule,"150 % 2018 Cigna RBRVS fee schedule. ",42.39,,,,,,,Fee Schedule,"250.976909413854 % Medicare Physician FS TC Rates Only. ",42.39,,,,,,,Fee Schedule,"250.976909413854 % Medicare Physician FS TC Rates Only. ",42.39,,,,,,,Fee Schedule,"250.976909413854 % Medicare Physician FS TC Rates Only. ",29.0472,78,,,,,0,percent of total billed charges,78% of Billed Charges. Lesser of 100% of billed charges applies.; No services were performed during the 15 month look back period.,29.0472,78,,,,,0,percent of total billed charges,78% of Billed Charges. Lesser of 100% of billed charges applies.; No services were performed during the 15 month look back period.,29.0472,78,,,,,0,percent of total billed charges,78% of Billed Charges. Lesser of 100% of billed charges applies.; No services were performed during the 15 month look back period.,29.0472,78,,,,,0,percent of total billed charges,78% of Billed Charges. Lesser of 100% of billed charges applies.; No services were performed during the 15 month look back period.,29.0472,78,,,,,0,percent of total billed charges,78% of Billed Charges. Lesser of 100% of billed charges applies.; No services were performed during the 15 month look back period.,29.0472,78,,,,,0,percent of total billed charges,78% of Billed Charges. Lesser of 100% of billed charges applies.; No services were performed during the 15 month look back period.,29.0472,78,,,,,0,percent of total billed charges,78% of Billed Charges. Lesser of 100% of billed charges applies.; No services were performed during the 15 month look back period.,29.0472,78,,,,,0,percent of total billed charges,78% of Billed Charges. Lesser of 100% of billed charges applies.; No services were performed during the 15 month look back period.,29.0472,78,,,,,0,percent of total billed charges,78% of Billed Charges. Lesser of 100% of billed charges applies.; No services were performed during the 15 month look back period.,29.0472,78,,,,,0,percent of total billed charges,78% of Billed Charges. Lesser of 100% of billed charges applies.; No services were performed during the 15 month look back period.,29.0472,78,,,,,0,percent of total billed charges,78% of Billed Charges. Lesser of 100% of billed charges applies.; No services were performed during the 15 month look back period.,32.6,,,,,,,Fee Schedule,"193 % Medicare RBRVS. ",47.1,,,,,,,Fee Schedule,"238 % 2013 Manhattan Medicare. ",31.22,,,,,,,Fee Schedule,"150 % 2018 Cigna RBRVS fee schedule. ",16.89,,,,,,,Fee Schedule,"100% Medicare Lab FS. ",42.39,,,,,,,Fee Schedule,"250.976909413854 % Medicare Physician FS TC Rates Only. ",31.22,,,,,,,Fee Schedule,"150 % 2018 Cigna RBRVS fee schedule. ",31.22,,,,,,,Fee Schedule,"150 % 2018 Cigna RBRVS fee schedule. ",29.0472,78,,,,,0,percent of total billed charges,78% of Billed Charges. Lesser of 100% of billed charges applies.; No services were performed during the 15 month look back period.,160.76,,,,,,,Case Rate,"141 Percent of current Medicare RBRVS FeeSched. ",31.22,,,,,,,Fee Schedule,"150 % 2018 Cigna RBRVS fee schedule. ",75.12,,,,,,,Case Rate,"100 Percent of Medicaid APG. ",16.89,,,,,,,Fee Schedule,"100% Medicare Lab FS. ",16.89,,,,,,,Fee Schedule,"100% Medicare Lab FS. ",16.89,,,,,,,Fee Schedule,"100% Medicare Lab FS. ",16.89,,,,,,,Fee Schedule,"100% Medicare Lab FS. ",16.89,,,,,,,Fee Schedule,"100% Medicare Lab FS. ",16.89,,,,,,,Fee Schedule,"100% Medicare Lab FS. ",31.22,,,,,,,Fee Schedule,"150 % 2018 Cigna RBRVS fee schedule. ",18.62,50,,,,,0,percent of total billed charges,50 percent of billed charges; No services were performed during the 15 month look back period.,27.02,,,,,,,Fee Schedule,"160 Percent of Medicare Laboratory. ",27.02,,,,,,,Fee Schedule,"160 Percent of Medicare Laboratory. ",27.02,,,,,,,Fee Schedule,"160 Percent of Medicare Laboratory. ",27.02,,,,,,,Fee Schedule,"160 Percent of Medicare Laboratory. ",27.02,,,,,,,Fee Schedule,"160 Percent of Medicare Laboratory. ",,,,,,,,,"NA. ",18.62,50,,,,,0,percent of total billed charges,50 percent of billed charges; No services were performed during the 15 month look back period.,23.81,,,,,,,Fee Schedule,141 Percent of of Medicare Lab FS. Metroplus will reimburse unlisted codes and described codes with no Medicare rate at 50 percent of charges.,23.81,,,,,,,Fee Schedule,141 Percent of of Medicare Lab FS. Metroplus will reimburse unlisted codes and described codes with no Medicare rate at 50 percent of charges.,23.81,,,,,,,Fee Schedule,141 Percent of of Medicare Lab FS. Metroplus will reimburse unlisted codes and described codes with no Medicare rate at 50 percent of charges.,23.81,,,,,,,Fee Schedule,141 Percent of of Medicare Lab FS. Metroplus will reimburse unlisted codes and described codes with no Medicare rate at 50 percent of charges.,23.81,,,,,,,Fee Schedule,141 Percent of of Medicare Lab FS. Metroplus will reimburse unlisted codes and described codes with no Medicare rate at 50 percent of charges.,16.89,,,,,,,Fee Schedule,"100% Medicare Lab FS. ",32.6,,,,,,,Fee Schedule,"193 % Medicare RBRVS. ",32.6,,,,,,,Fee Schedule,"193 % Medicare RBRVS. ",32.6,,,,,,,Fee Schedule,"193 % Medicare RBRVS. ",32.6,,,,,,,Fee Schedule,"193 % Medicare RBRVS. ",42.39,,,,,,,Fee Schedule,"250.976909413854 % Medicare Physician FS TC Rates Only. ",42.39,,,,,,,Fee Schedule,"250.976909413854 % Medicare Physician FS TC Rates Only. ",42.39,,,,,,,Fee Schedule,"250.976909413854 % Medicare Physician FS TC Rates Only. ",42.39,,,,,,,Fee Schedule,"250.976909413854 % Medicare Physician FS TC Rates Only. ",18.62,50,,,,,0,percent of total billed charges,50 percent of billed charges; No services were performed during the 15 month look back period.,18.62,50,,,,,0,percent of total billed charges,50 percent of billed charges; No services were performed during the 15 month look back period.,16.89,,,,,,,Fee Schedule,"100% Medicare Lab FS. ",16.89,,,,,,,Fee Schedule,"100% Medicare Lab FS. ",16.89,,,,,,,Fee Schedule,"100% Medicare Lab FS. ",47.1,,,,,,,Fee Schedule,"238 % 2013 Manhattan Medicare. ",47.1,,,,,,,Fee Schedule,"238 % 2013 Manhattan Medicare. ",47.1,,,,,,,Fee Schedule,"238 % 2013 Manhattan Medicare. ",18.62,50,,,,,0,percent of total billed charges,50 percent of billed charges; No services were performed during the 15 month look back period.,42.39,,,,,,,Fee Schedule,"250.976909413854 % Medicare Physician FS TC Rates Only. ",16.89,,,,,,,Fee Schedule,"100% Medicare Lab FS. ",47.1,,,,,,,Fee Schedule,"238 % 2013 Manhattan Medicare. ",75.12,,,,,,,Case Rate,"100 Percent of Medicaid APG. ",17.23,,,,,,,Fee Schedule,"102% of Medicare Lab FS. ",17.23,,,,,,,Fee Schedule,"102% of Medicare Lab FS. ",17.23,,,,,,,Fee Schedule,"102% of Medicare Lab FS. ",15.2,,,,,,,Fee schedule,"90 Percent of Medicare RBRVS. ",169.02,,,,,,,Fee Schedule,225% of NYS APG. Lesser of 100% of billed charges applies.,169.02,,,,,,,Fee Schedule,225% of NYS APG. Lesser of 100% of billed charges applies.,169.02,,,,,,,Fee Schedule,225% of NYS APG. Lesser of 100% of billed charges applies.,169.02,,,,,,,Fee Schedule,225% of NYS APG. Lesser of 100% of billed charges applies.,169.02,,,,,,,Fee Schedule,225% of NYS APG. Lesser of 100% of billed charges applies.,17.23,,,,,,,Fee Schedule,"102% of Medicare Lab FS. ",75.12,,,,,,,Case Rate,"100 Percent of Medicaid APG. ",15.2,,,,,,,Fee Schedule,90 Percent of Medicare RBRVS. Lesser of 100% of billed charges applies.,169.02,,,,,,,Fee Schedule,225% of NYS APG. Lesser of 100% of billed charges applies.,169.02,,,,,,,Fee Schedule,225% of NYS APG. Lesser of 100% of billed charges applies.,15.2,,,,,,,Fee Schedule,90 Percent of Medicare RBRVS. Lesser of 100% of billed charges applies.,15.2,,,,,,,Fee Schedule,90 Percent of Medicare RBRVS. Lesser of 100% of billed charges applies.,27.02,,,,,,,Fee Schedule,"160 Percent of Medicare Laboratory. ",16.89,,,,,,,Fee Schedule,"100% Medicare Lab FS. ",16.89,,,,,,,Fee Schedule,"100% Medicare Lab FS. ",42.39,,,,,,,Fee Schedule,"250.976909413854 % Medicare Physician FS TC Rates Only. ",16.89,,,,,,,Fee Schedule,"100% Medicare Lab FS. ",169.02,,,,,,,Fee Schedule,"225 Percent of Medicaid APG. ",169.02,,,,,,,Fee Schedule,"225 Percent of Medicaid APG. ",15.2,,,,,,,Fee schedule,"90 Percent of Medicare RBRVS. ",15.2,,,,,,,Fee schedule,"90 Percent of Medicare RBRVS. ",169.02,,,,,,,Case Rate,225 Percent of Medicaid APG. Covered services not payable under Medicaid Fee Schedules default to a payment of 87.5 percent of charges.,15.2,,,,,,,Fee schedule,90 Percent of Medicare Laboratory. Covered services not payable under Medicaid Fee Schedules default to a payment of 50 percent of charges.,169.02,,,,,,,Case Rate,"100 Percent of Medicaid APG. ",169.02,,,,,,,Case Rate,"100 Percent of Medicaid APG. ",169.02,,,,,,,Case Rate,"100 Percent of Medicaid APG. ",169.02,,,,,,,Case Rate,"100 Percent of Medicaid APG. ",172.11,,,,,,,Fee Schedule,"1019 % Manhattan Facility Rate. ",18.62,50,,,,,0,percent of total billed charges,50 percent of billed charges; No services were performed during the 15 month look back period.,90.14,,,,,,,Case Rate,"120 Percent of Medicaid APG. Not APG payable, or payable under another fee schedule like ASP/AWP pays at 30% of charges",90.14,,,,,,,Case Rate,"120 Percent of Medicaid APG. Not APG payable, or payable under another fee schedule like ASP/AWP pays at 30% of charges",75.12,,,,,,,Case Rate,"100 Percent of Medicaid APG. Not APG payable, or payable under another fee schedule like ASP/AWP pays at 30% of charges",75.12,,,,,,,Case Rate,"100 Percent of Medicaid APG. Not APG payable, or payable under another fee schedule like ASP/AWP pays at 30% of charges",47.1,,,,,,,Fee Schedule,"238 % 2013 Manhattan Medicare. ",47.1,,,,,,,Fee Schedule,"238 % 2013 Manhattan Medicare. ",16.89,,,,,,,Fee Schedule,"100% Medicare Lab FS. ",47.1,,,,,,,Fee Schedule,"238 % 2013 Manhattan Medicare. ",47.1,,,,,,,Fee Schedule,"238 % 2013 Manhattan Medicare. ",47.1,,,,,,,Fee Schedule,"238 % 2013 Manhattan Medicare. ",47.1,,,,,,,Fee Schedule,"238 % 2013 Manhattan Medicare. ",16.89,,,,,,,Fee Schedule,"100% Medicare Lab FS. ",47.1,,,,,,,Fee Schedule,"238 % 2013 Manhattan Medicare. ",47.1,,,,,,,Fee Schedule,"238 % 2013 Manhattan Medicare. ",42.39,,,,,,,Fee Schedule,"250.976909413854 % Medicare Physician FS TC Rates Only. ",16.89,,,,,,,Fee Schedule,100% of RBRVS. Lesser of 100% of billed charges applies.,15.2,,,,,,,Fee schedule,90 Percent of Medicare Laboratory. Covered services not payable under Medicaid Fee Schedules default to a payment of 50 percent of charges.,169.02,,,,,,,Fee Schedule,225% of NYS APG. Lesser of 100% of billed charges applies.,169.02,,,,,,,Case Rate,225 Percent of Medicaid APG. Covered services not payable under Medicaid Fee Schedules default to a payment of 87.5 percent of charges.,15.2,,,,,,,Fee schedule,90 Percent of Medicare Laboratory. Covered services not payable under Medicaid Fee Schedules default to a payment of 50 percent of charges.,169.02,,,,,,,Fee Schedule,225% of NYS APG. Lesser of 100% of billed charges applies.,169.02,,,,,,,Fee Schedule,225% of NYS APG. Lesser of 100% of billed charges applies.,169.02,,,,,,,Fee Schedule,225% of NYS APG. Lesser of 100% of billed charges applies.,169.02,,,,,,,Fee Schedule,225% of NYS APG. Lesser of 100% of billed charges applies.,169.02,,,,,,,Fee Schedule,225% of NYS APG. Lesser of 100% of billed charges applies.,169.02,,,,,,,Fee Schedule,225% of NYS APG. Lesser of 100% of billed charges applies.,,,,,,,,,"NA. ",,,,,,,,,"NA. ",,,,,,,,,"NA. ",31.22,,,,,,,Fee Schedule,"150 % 2018 Cigna RBRVS fee schedule. ",,,,,,,,,"NA. ",16.89,,,,,,,Fee Schedule,"100% Medicare Lab FS. ",12.99,,,,,,,Fee Schedule,"100 % 1199 Fee Schedule. ",16.89,,,,,,,Fee Schedule,"100% Medicare Lab FS. ",16.89,,,,,,,Fee Schedule,"100% Medicare Lab FS. ",90.14,,,,,,,Case Rate,"120 Percent of Medicaid APG. Not APG payable, or payable under another fee schedule like ASP/AWP pays at 30% of charges",90.14,,,,,,,Case Rate,"120 Percent of Medicaid APG. Not APG payable, or payable under another fee schedule like ASP/AWP pays at 30% of charges",75.12,,,,,,,Case Rate,"100 Percent of Medicaid APG. Not APG payable, or payable under another fee schedule like ASP/AWP pays at 30% of charges",75.12,,,,,,,Case Rate,"100 Percent of Medicaid APG. Not APG payable, or payable under another fee schedule like ASP/AWP pays at 30% of charges",75.12,,,,,,,Case Rate,"100 Percent of Medicaid APG. ",36.65,,,,,,,Fee Schedule,"217 % Medicare RBRVS. ",42.39,,,,,,,Fee Schedule,"250.976909413854 % Medicare Physician FS TC Rates Only. ",43.07,,,,,,,Fee Schedule,"255 % Medicare RBRVS. ",31.22,,,,,,,Fee Schedule,"150 % 2018 Cigna RBRVS fee schedule. ",16.89,,,,,,,Fee Schedule,"100% Medicare Lab FS. ",16.89,,,,,,,Fee Schedule,"100% Medicare Lab FS. ",16.89,,,,,,,Fee Schedule,"100% Medicare Lab FS. ",16.89,,,,,,,Fee Schedule,"100% Medicare Lab FS. ",16.89,,,,,,,Fee Schedule,"100% Medicare Lab FS. ",16.89,,,,,,,Fee Schedule,"100% Medicare Lab FS. ",,,,,,,,,"NA. ",169.02,,,,,,,Fee Schedule,225% of NYS APG. Lesser of 100% of billed charges applies.,15.2,,,,,,,Fee Schedule,90 Percent of Medicare RBRVS. Lesser of 100% of billed charges applies.,47.1,,,,,,,Fee Schedule,"238 % 2013 Manhattan Medicare. ",36.65,,,,,,,Fee Schedule,"217 % Medicare RBRVS. ",36.65,,,,,,,Fee Schedule,"217 % Medicare RBRVS. ",36.65,,,,,,,Fee Schedule,"217 % Medicare RBRVS. ",36.65,,,,,,,Fee Schedule,"217 % Medicare RBRVS. ",16.89,,,,,,,Fee Schedule,"100% Medicare Lab FS. ",75.12,,,,,,,Case Rate,"100 Percent of Medicaid APG. ",47.1,,,,,,,Fee Schedule,"238 % 2013 Manhattan Medicare. ",75.12,,,,,,,Case Rate,"100 Percent of Medicaid APG. ",16.89,,,,,,,Fee Schedule,"100% Medicare Lab FS. ",75.12,,,,,,,Case Rate,"100 Percent of Medicaid APG. ",16.89,,,,,,,Fee Schedule,"100% Medicare Lab FS. ",16.89,,,,,,,Fee Schedule,"100% Medicare Lab FS. ",75.12,,,,,,,Case Rate,"100 Percent of Medicaid APG. ",75.12,,,,,,,Case Rate,"100 Percent of Medicaid APG. ",36.65,,,,,,,Fee Schedule,"217 % Medicare RBRVS. ",31.22,,,,,,,Fee Schedule,"150 % 2018 Cigna RBRVS fee schedule. ",29.0472,78,,,,,0,percent of total billed charges,78% of Billed Charges. Lesser of 100% of billed charges applies.; No services were performed during the 15 month look back period.,16.89,,,,,,,Fee Schedule,"100 % 2019 CMS Clinical Lab National Limit Pub 20190115. ",16.89,,,,,,,Fee Schedule,"100 % 2019 CMS Clinical Lab National Limit Pub 20190115. ",42.39,,,,,,,Fee Schedule,"250.976909413854 % Medicare Physician FS TC Rates Only. ",16.55,,,,,,,Fee Schedule,"98% Lab FS. ",32.6,,,,,,,Fee Schedule,"193 % Medicare RBRVS. ",32.6,,,,,,,Fee Schedule,"193 % Medicare RBRVS. ",37.68,,,,,,,Fee Schedule,"190.4 % 2013 Manhattan Medicare. ",37.68,,,,,,,Fee Schedule,"190.4 % 2013 Manhattan Medicare. ",16.89,,,,,,,Fee Schedule,"100% Medicare Lab FS. ",16.89,,,,,,,Fee Schedule,"100% Medicare Lab FS. ",16.89,,,,,,,Fee Schedule,"100% Medicare Lab FS. ",16.89,,,,,,,Fee Schedule,"100% Medicare Lab FS. ",16.89,,,,,,,Fee Schedule,"100 % 2019 CMS Clinical Lab National Limit Pub 20190115. ",47.1,,,,,,,Fee Schedule,"238 % 2013 Manhattan Medicare. ",47.1,,,,,,,Fee Schedule,"238 % 2013 Manhattan Medicare. ",16.89,,,,,,,Fee Schedule,"100% Medicare Lab FS. ",37.68,,,,,,,Fee Schedule,"190.4 % 2013 Manhattan Medicare. ",43.07,,,,,,,Fee Schedule,"255 % Medicare RBRVS. ",90.14,,,,,,,Fee Schedule,"120 Percent of Medicaid APG. ",75.12,,,,,,,Case Rate,"100 Percent of Medicaid APG. ",36.65,,,,,,,Fee Schedule,"217 % Medicare RBRVS. ",42.39,,,,,,,Fee Schedule,"214.2 % 2013 Manhattan Medicare. ",42.39,,,,,,,Fee Schedule,"214.2 % 2013 Manhattan Medicare. ",47.1,,,,,,,Fee Schedule,"238 % 2013 Manhattan Medicare. ",18.62,50,,,,,0,percent of total billed charges,50 percent of billed charges; No services were performed during the 15 month look back period.,16.89,,,,,,,Fee Schedule,"100% Medicare Lab FS. ",78.88,,,,,,,Fee Schedule,105 percent of Medicaid APG. otherwise 105% of Ordered NYS MCD FS or 105% of ASP+6%,78.88,,,,,,,Fee Schedule,105 percent of Medicaid APG. otherwise 105% of Ordered NYS MCD FS or 105% of ASP+6%,78.88,,,,,,,Fee Schedule,105 percent of Medicaid APG. otherwise 105% of Ordered NYS MCD FS or 105% of ASP+6%,101.41,,,,,,,Fee Schedule,135 percent of Medicaid APG. otherwise 135% of Ordered NYS MCD FS or 135% of ASP+6%,16.89,,,,,,,Fee Schedule,"100 % 2019 CMS Clinical Lab National Limit Pub 20190115. ",78.88,,,,,,,Fee Schedule,105 percent of Medicaid APG. otherwise 105% of Ordered NYS MCD FS or 105% of ASP+6%,78.88,,,,,,,Fee Schedule,105 percent of Medicaid APG. otherwise 105% of Ordered NYS MCD FS or 105% of ASP+6%,78.88,,,,,,,Fee Schedule,105 percent of Medicaid APG. otherwise 105% of Ordered NYS MCD FS or 105% of ASP+6%,78.88,,,,,,,Fee Schedule,105 percent of Medicaid APG. otherwise 105% of Ordered NYS MCD FS or 105% of ASP+6%,78.88,,,,,,,Fee Schedule,105 percent of Medicaid APG. otherwise 105% of Ordered NYS MCD FS or 105% of ASP+6%,101.41,,,,,,,Fee Schedule,135 percent of Medicaid APG. otherwise 135% of Ordered NYS MCD FS or 135% of ASP+6%,101.41,,,,,,,Fee Schedule,135 percent of Medicaid APG. otherwise 135% of Ordered NYS MCD FS or 135% of ASP+6%,16.89,,,,,,,Fee Schedule,"100% Medicare Lab FS. ",16.89,,,,,,,Fee Schedule,"100 % 2019 CMS Clinical Lab National Limit Pub 20190115. ",16.89,,,,,,,Fee Schedule,"100% Medicare Lab FS. ",78.88,,,,,,,Fee Schedule,105 percent of Medicaid APG. otherwise 105% of Ordered NYS MCD FS or 105% of ASP+6%,47.1,,,,,,,Fee Schedule,"238 % 2013 Manhattan Medicare. ",16.89,,,,,,,Fee Schedule,"100% Medicare Lab FS. ",47.1,,,,,,,Fee Schedule,"238 % 2013 Manhattan Medicare. ",47.1,,,,,,,Fee Schedule,"238 % 2013 Manhattan Medicare. ",47.1,,,,,,,Fee Schedule,"238 % 2013 Manhattan Medicare. ",78.88,,,,,,,Fee Schedule,105 percent of Medicaid APG. otherwise 105% of Ordered NYS MCD FS or 105% of ASP+6%,16.89,,,,,,,Fee Schedule,"100% Medicare Lab FS. ",47.1,,,,,,,Fee Schedule,"238 % 2013 Manhattan Medicare. ",101.41,,,,,,,Fee Schedule,135 percent of Medicaid APG. otherwise 135% of Ordered NYS MCD FS or 135% of ASP+6%,47.1,,,,,,,Fee Schedule,"238 % 2013 Manhattan Medicare. ",25.34,,,,,,,Fee Schedule,"150% of Medicare Lab FS. ",16.89,,,,,,,Fee Schedule,"100% Medicare Lab FS. ",36.65,,,,,,,Fee Schedule,"217 % Medicare RBRVS. ",36.65,,,,,,,Fee Schedule,"217 % Medicare RBRVS. ",36.65,,,,,,,Fee Schedule,"217 % Medicare RBRVS. ",36.65,,,,,,,Fee Schedule,"217 % Medicare RBRVS. ",36.65,,,,,,,Fee Schedule,"217 % Medicare RBRVS. ",43.07,,,,,,,Fee Schedule,"255 % Medicare RBRVS. ",43.07,,,,,,,Fee Schedule,"255 % Medicare RBRVS. ",36.65,,,,,,,Fee Schedule,"217 % Medicare RBRVS. ",36.65,,,,,,,Fee Schedule,"217 % Medicare RBRVS. ",36.65,,,,,,,Fee Schedule,"217 % Medicare RBRVS. ",36.65,,,,,,,Fee Schedule,"217 % Medicare RBRVS. ",36.65,,,,,,,Fee Schedule,"217 % Medicare RBRVS. ",16.89,,,,,,,Fee Schedule,"100% Medicare Lab FS. ",43.07,,,,,,,Fee Schedule,"255 % Medicare RBRVS. ",16.89,,,,,,,Fee Schedule,"100% Medicare Lab FS. ",169.02,,,,,,,Case Rate,"225 Percent of Medicaid APG. If not included in Medicaid APG, then 100 Percent of Manhattan Medicare",75.12,,,,,,,Case Rate,"100 Percent of Medicaid APG. If not priced under APG, then Metroplus FeeSched",16.89,,,,,,,Fee Schedule,"100 % 2019 CMS Clinical Lab National Limit Pub 20190115. ",16.89,,,,,,,Fee Schedule,"100 % 2019 CMS Clinical Lab National Limit Pub 20190115. ",16.89,,,,,,,Fee Schedule,"100% Medicare Lab FS. ",32.6,,,,,,,Fee Schedule,"193 % Medicare RBRVS. ",16.89,,,,,,,Fee Schedule,"100% Medicare Lab FS. ",16.89,,,,,,,Fee Schedule,"100% Medicare Lab FS. ",42.39,,,,,,,Fee Schedule,"250.976909413854 % Medicare Physician FS TC Rates Only. ",16.89,,,,,,,Fee Schedule,"100% Medicare Lab FS. ",31.22,,,,,,,Fee Schedule,"150 % 2018 Cigna RBRVS fee schedule. ",16.89,,,,,,,Fee Schedule,"100% Medicare Lab FS. ",31.22,,,,,,,Fee Schedule,"150 % 2018 Cigna RBRVS fee schedule. ",42.39,,,,,,,Fee Schedule,"250.976909413854 % Medicare Physician FS TC Rates Only. ",31.22,,,,,,,Fee Schedule,"150 % 2018 Cigna RBRVS fee schedule. ",16.89,,,,,,,Fee Schedule,"100% Medicare Lab FS. ",75.12,,,,,,,Case Rate,"100 Percent of Medicaid APG. ",16.89,,,,,,,Fee Schedule,"100% Medicare Lab FS. ",31.22,,,,,,,Fee Schedule,"150 % 2018 Cigna RBRVS fee schedule. ",16.89,,,,,,,Fee Schedule,"100 % 2019 CMS Clinical Lab National Limit Pub 20190115. ",75.12,,,,,,,Case Rate,"100 Percent of Medicaid APG. ",47.1,,,,,,,Fee Schedule,"238 % 2013 Manhattan Medicare. ",90.14,,,,,,,Fee Schedule,"120 Percent of Medicaid APG. ",90.14,,,,,,,Fee Schedule,"120 Percent of Medicaid APG. ",47.1,,,,,,,Fee Schedule,"238 % 2013 Manhattan Medicare. ",47.1,,,,,,,Fee Schedule,"238 % 2013 Manhattan Medicare. ",47.1,,,,,,,Fee Schedule,"238 % 2013 Manhattan Medicare. ",16.89,,,,,,,Fee Schedule,"100 % 2019 CMS Clinical Lab National Limit Pub 20190115. ",47.1,,,,,,,Fee Schedule,"238 % 2013 Manhattan Medicare. ",47.1,,,,,,,Fee Schedule,"238 % 2013 Manhattan Medicare. ",47.1,,,,,,,Fee Schedule,"238 % 2013 Manhattan Medicare. ",36.65,,,,,,,Fee Schedule,"217 % Medicare RBRVS. ",36.65,,,,,,,Fee Schedule,"217 % Medicare RBRVS. ",23.81,,,,,,,Fee Schedule,141 Percent of of Medicare Lab FS. Metroplus will reimburse unlisted codes and described codes with no Medicare rate at 50 percent of charges.,75.12,,,,,,,Case Rate,"100 Percent of Medicaid APG. ",16.89,,,,,,,Fee Schedule,"100 % 2019 CMS Clinical Lab National Limit Pub 20190115. ",31.22,,,,,,,Fee Schedule,"150 % 2018 Cigna RBRVS fee schedule. ",42.39,,,,,,,Fee Schedule,"250.976909413854 % Medicare Physician FS TC Rates Only. ",16.89,,,,,,,Fee Schedule,"100 % 2019 CMS Clinical Lab National Limit Pub 20190115. ",42.39,,,,,,,Fee Schedule,"250.976909413854 % Medicare Physician FS TC Rates Only. ",16.89,,,,,,,Fee Schedule,"100 % 2019 CMS Clinical Lab National Limit Pub 20190115. ",47.1,,,,,,,Fee Schedule,"238 % 2013 Manhattan Medicare. ",47.1,,,,,,,Fee Schedule,"238 % 2013 Manhattan Medicare. ",47.1,,,,,,,Fee Schedule,"238 % 2013 Manhattan Medicare. ",47.1,,,,,,,Fee Schedule,"238 % 2013 Manhattan Medicare. ",16.89,,,,,,,Fee Schedule,"100% Medicare Lab FS. ",12.99,172.11,
86790,CPT,2021763,LOCAL,302,RC,HC VIRUS ANTIBODY NOS,131.23,15.46,both,,,,9,,,,,,,Fee Schedule,"100 % 1199 Fee Schedule. ",9,,,,,,,Fee Schedule,"100 % 1199 Fee Schedule. ",32.33,,,,,,,Fee Schedule,"251.009316770186 % Medicare Physician FS TC Rates Only. ",131.23,100,,,,,0,percent of total billed charges,100 percent of billed charges. ; No services were performed during the 15 month look back period.,12.88,,,,,,,Fee Schedule,"100% Medicare Lab FS. ",32.33,,,,,,,Fee Schedule,"251.009316770186 % Medicare Physician FS TC Rates Only. ",32.33,,,,,,,Fee Schedule,"251.009316770186 % Medicare Physician FS TC Rates Only. ",32.33,,,,,,,Fee Schedule,"251.009316770186 % Medicare Physician FS TC Rates Only. ",90.14,,,,,,,Case Rate,"100 Percent of Medicaid APG. ",75.12,,,,,,,Case Rate,"100 Percent of Medicaid APG. ",102.3594,78,,,,,0,percent of total billed charges,78% of Billed Charges. Lesser of 100% of billed charges applies.; No services were performed during the 15 month look back period.,14.31,,,,,,,Fee Schedule,"100 % 2019 CMS Clinical Lab National Limit Pub 20190115. ",75.12,,,,,,,Case Rate,"100 Percent of Medicaid APG. ",12.88,,,,,,,Fee Schedule,"100% Medicare Lab FS. ",28.04,,,,,,,Fee Schedule,"150 % 2018 Cigna RBRVS fee schedule. ",28.04,,,,,,,Fee Schedule,"150 % 2018 Cigna RBRVS fee schedule. ",28.04,,,,,,,Fee Schedule,"150 % 2018 Cigna RBRVS fee schedule. ",28.04,,,,,,,Fee Schedule,"150 % 2018 Cigna RBRVS fee schedule. ",11.59,,,,,,,Fee schedule,90 Percent of Medicare Laboratory. Covered services not payable under Medicaid Fee Schedules default to a payment of 50 percent of charges.,12.88,,,,,,,Fee Schedule,"100% Medicare Lab FS. ",11.59,,,,,,,Fee schedule,90 Percent of Medicare Laboratory. Covered services not payable under Medicaid Fee Schedules default to a payment of 50 percent of charges.,102.3594,78,,,,,0,percent of total billed charges,78% of Billed Charges. Lesser of 100% of billed charges applies.; No services were performed during the 15 month look back period.,32.33,,,,,,,Fee Schedule,"251.009316770186 % Medicare Physician FS TC Rates Only. ",12.88,,,,,,,Fee Schedule,"100% Medicare Lab FS. ",32.84,,,,,,,Fee Schedule,"255 % Medicare RBRVS. ",12.88,,,,,,,Fee Schedule,"100% Medicare Lab FS. ",12.88,,,,,,,Fee Schedule,"100% Medicare Lab FS. ",102.3594,78,,,,,0,percent of total billed charges,78% of Billed Charges. Lesser of 100% of billed charges applies.; No services were performed during the 15 month look back period.,,,,,,,,Fee Schedule,100% Medicaid Fee Schedule. Lesser of 100% of billed charges applies.,,,,,,,,Fee Schedule,100% Medicaid Fee Schedule. Lesser of 100% of billed charges applies.,11.59,,,,,,,Fee schedule,"90 Percent of Medicare RBRVS. ",11.59,,,,,,,Fee schedule,"90 Percent of Medicare RBRVS. ",32.84,,,,,,,Fee Schedule,"255 % Medicare RBRVS. ",32.84,,,,,,,Fee Schedule,"255 % Medicare RBRVS. ",75.12,,,,,,,Case Rate,"100 Percent of Medicaid APG. Not APG payable, or payable under another fee schedule like ASP/AWP pays at 30% of charges",32.84,,,,,,,Fee Schedule,"255 % Medicare RBRVS. ",75.12,,,,,,,Case Rate,"100 Percent of Medicaid APG. Not APG payable, or payable under another fee schedule like ASP/AWP pays at 30% of charges",12.88,,,,,,,Fee Schedule,"100% Medicare Lab FS. ",32.84,,,,,,,Fee Schedule,"255 % Medicare RBRVS. ",102.3594,78,,,,,0,percent of total billed charges,78% of Billed Charges. Lesser of 100% of billed charges applies.; No services were performed during the 15 month look back period.,75.12,,,,,,,Case Rate,"100 Percent of Medicaid APG. If not priced under APG, then Metroplus FeeSched",75.12,,,,,,,Case Rate,"100 Percent of Medicaid APG. If not priced under APG, then Metroplus FeeSched",102.3594,78,,,,,0,percent of total billed charges,78% of Billed Charges. Lesser of 100% of billed charges applies.; No services were performed during the 15 month look back period.,28.04,,,,,,,Fee Schedule,"150 % 2018 Cigna RBRVS fee schedule. ",14.31,,,,,,,Fee Schedule,"100 % 2019 CMS Clinical Lab National Limit Pub 20190115. ",14.31,,,,,,,Fee Schedule,"100 % 2019 CMS Clinical Lab National Limit Pub 20190115. ",102.3594,78,,,,,0,percent of total billed charges,78% of Billed Charges. Lesser of 100% of billed charges applies.; No services were performed during the 15 month look back period.,12.88,,,,,,,Fee Schedule,"100% Medicare Lab FS. ",14.31,,,,,,,Fee Schedule,"100 % 2019 CMS Clinical Lab National Limit Pub 20190115. ",14.31,,,,,,,Fee Schedule,"100 % 2019 CMS Clinical Lab National Limit Pub 20190115. ",14.31,,,,,,,Fee Schedule,"100 % 2019 CMS Clinical Lab National Limit Pub 20190115. ",12.88,,,,,,,Fee Schedule,"100% Medicare Lab FS. ",14.31,,,,,,,Fee Schedule,"100 % 2019 CMS Clinical Lab National Limit Pub 20190115. ",14.31,,,,,,,Fee Schedule,"100 % 2019 CMS Clinical Lab National Limit Pub 20190115. ",12.88,,,,,,,Fee Schedule,"100% of Medicare Lab FS. ",65.615,50,,,,,0,percent of total billed charges,50 percent of billed charges; No services were performed during the 15 month look back period.,19.02,,,,,,,Fee Schedule,"238 % 2013 Manhattan Medicare. ",19.02,,,,,,,Fee Schedule,"238 % 2013 Manhattan Medicare. ",19.02,,,,,,,Fee Schedule,"238 % 2013 Manhattan Medicare. ",19.02,,,,,,,Fee Schedule,"238 % 2013 Manhattan Medicare. ",19.02,,,,,,,Fee Schedule,"238 % 2013 Manhattan Medicare. ",19.02,,,,,,,Fee Schedule,"238 % 2013 Manhattan Medicare. ",12.88,,,,,,,Fee Schedule,"100% Medicare Lab FS. ",12.88,,,,,,,Fee Schedule,"100% Medicare Lab FS. ",19.02,,,,,,,Fee Schedule,"238 % 2013 Manhattan Medicare. ",102.3594,78,,,,,0,percent of total billed charges,78% of Billed Charges. Lesser of 100% of billed charges applies.; No services were performed during the 15 month look back period.,102.3594,78,,,,,0,percent of total billed charges,78% of Billed Charges. Lesser of 100% of billed charges applies.; No services were performed during the 15 month look back period.,102.3594,78,,,,,0,percent of total billed charges,78% of Billed Charges. Lesser of 100% of billed charges applies.; No services were performed during the 15 month look back period.,102.3594,78,,,,,0,percent of total billed charges,78% of Billed Charges. Lesser of 100% of billed charges applies.; No services were performed during the 15 month look back period.,102.3594,78,,,,,0,percent of total billed charges,78% of Billed Charges. Lesser of 100% of billed charges applies.; No services were performed during the 15 month look back period.,102.3594,78,,,,,0,percent of total billed charges,78% of Billed Charges. Lesser of 100% of billed charges applies.; No services were performed during the 15 month look back period.,102.3594,78,,,,,0,percent of total billed charges,78% of Billed Charges. Lesser of 100% of billed charges applies.; No services were performed during the 15 month look back period.,102.3594,78,,,,,0,percent of total billed charges,78% of Billed Charges. Lesser of 100% of billed charges applies.; No services were performed during the 15 month look back period.,102.3594,78,,,,,0,percent of total billed charges,78% of Billed Charges. Lesser of 100% of billed charges applies.; No services were performed during the 15 month look back period.,102.3594,78,,,,,0,percent of total billed charges,78% of Billed Charges. Lesser of 100% of billed charges applies.; No services were performed during the 15 month look back period.,102.3594,78,,,,,0,percent of total billed charges,78% of Billed Charges. Lesser of 100% of billed charges applies.; No services were performed during the 15 month look back period.,102.3594,78,,,,,0,percent of total billed charges,78% of Billed Charges. Lesser of 100% of billed charges applies.; No services were performed during the 15 month look back period.,102.3594,78,,,,,0,percent of total billed charges,78% of Billed Charges. Lesser of 100% of billed charges applies.; No services were performed during the 15 month look back period.,102.3594,78,,,,,0,percent of total billed charges,78% of Billed Charges. Lesser of 100% of billed charges applies.; No services were performed during the 15 month look back period.,102.3594,78,,,,,0,percent of total billed charges,78% of Billed Charges. Lesser of 100% of billed charges applies.; No services were performed during the 15 month look back period.,102.3594,78,,,,,0,percent of total billed charges,78% of Billed Charges. Lesser of 100% of billed charges applies.; No services were performed during the 15 month look back period.,102.3594,78,,,,,0,percent of total billed charges,78% of Billed Charges. Lesser of 100% of billed charges applies.; No services were performed during the 15 month look back period.,102.3594,78,,,,,0,percent of total billed charges,78% of Billed Charges. Lesser of 100% of billed charges applies.; No services were performed during the 15 month look back period.,102.3594,78,,,,,0,percent of total billed charges,78% of Billed Charges. Lesser of 100% of billed charges applies.; No services were performed during the 15 month look back period.,102.3594,78,,,,,0,percent of total billed charges,78% of Billed Charges. Lesser of 100% of billed charges applies.; No services were performed during the 15 month look back period.,102.3594,78,,,,,0,percent of total billed charges,78% of Billed Charges. Lesser of 100% of billed charges applies.; No services were performed during the 15 month look back period.,102.3594,78,,,,,0,percent of total billed charges,78% of Billed Charges. Lesser of 100% of billed charges applies.; No services were performed during the 15 month look back period.,102.3594,78,,,,,0,percent of total billed charges,78% of Billed Charges. Lesser of 100% of billed charges applies.; No services were performed during the 15 month look back period.,102.3594,78,,,,,0,percent of total billed charges,78% of Billed Charges. Lesser of 100% of billed charges applies.; No services were performed during the 15 month look back period.,102.3594,78,,,,,0,percent of total billed charges,78% of Billed Charges. Lesser of 100% of billed charges applies.; No services were performed during the 15 month look back period.,102.3594,78,,,,,0,percent of total billed charges,78% of Billed Charges. Lesser of 100% of billed charges applies.; No services were performed during the 15 month look back period.,32.84,,,,,,,Fee Schedule,"255 % Medicare RBRVS. ",32.84,,,,,,,Fee Schedule,"255 % Medicare RBRVS. ",32.84,,,,,,,Fee Schedule,"255 % Medicare RBRVS. ",32.84,,,,,,,Fee Schedule,"255 % Medicare RBRVS. ",24.86,,,,,,,Fee Schedule,"193 % Medicare RBRVS. ",24.86,,,,,,,Fee Schedule,"193 % Medicare RBRVS. ",28.04,,,,,,,Fee Schedule,"150 % 2018 Cigna RBRVS fee schedule. ",19.02,,,,,,,Fee Schedule,"238 % 2013 Manhattan Medicare. ",14.31,,,,,,,Fee Schedule,"100 % 2019 CMS Clinical Lab National Limit Pub 20190115. ",19.02,,,,,,,Fee Schedule,"238 % 2013 Manhattan Medicare. ",102.3594,78,,,,,0,percent of total billed charges,78% of Billed Charges. Lesser of 100% of billed charges applies.; No services were performed during the 15 month look back period.,24.86,,,,,,,Fee Schedule,"193 % Medicare RBRVS. ",19.02,,,,,,,Fee Schedule,"238 % 2013 Manhattan Medicare. ",14.31,,,,,,,Fee Schedule,"100 % 2019 CMS Clinical Lab National Limit Pub 20190115. ",28.04,,,,,,,Fee Schedule,"150 % 2018 Cigna RBRVS fee schedule. ",,,,,,,,,"NA. ",102.3594,78,,,,,0,percent of total billed charges,78% of Billed Charges. Lesser of 100% of billed charges applies.; No services were performed during the 15 month look back period.,75.12,,,,,,,Case Rate,"100 Percent of Medicaid APG. ",32.84,,,,,,,Fee Schedule,"255 % Medicare RBRVS. ",75.12,,,,,,,Case Rate,"100 Percent of Medicaid APG. Not APG payable, or payable under another fee schedule like ASP/AWP pays at 30% of charges",12.88,,,,,,,Fee Schedule,"100% Medicare Lab FS. ",12.88,,,,,,,Fee Schedule,"100% Medicare Lab FS. ",65.615,50,,,,,0,percent of total billed charges,50 percent of billed charges; No services were performed during the 15 month look back period.,12.88,,,,,,,Fee Schedule,"100% Medicare Lab FS. ",12.88,,,,,,,Fee Schedule,"100% Medicare Lab FS. ",75.12,,,,,,,Case Rate,"100 Percent of Medicaid APG. ",12.88,,,,,,,Fee Schedule,"100% Medicare Lab FS. ",12.88,,,,,,,Fee Schedule,"100% Medicare Lab FS. ",32.33,,,,,,,Fee Schedule,"251.009316770186 % Medicare Physician FS TC Rates Only. ",32.33,,,,,,,Fee Schedule,"251.009316770186 % Medicare Physician FS TC Rates Only. ",12.88,,,,,,,Fee Schedule,"100% Medicare Lab FS. ",28.04,,,,,,,Fee Schedule,"150 % 2018 Cigna RBRVS fee schedule. ",14.31,,,,,,,Fee Schedule,"100 % 2019 CMS Clinical Lab National Limit Pub 20190115. ",14.31,,,,,,,Fee Schedule,"100 % 2019 CMS Clinical Lab National Limit Pub 20190115. ",12.88,,,,,,,Fee Schedule,"100% Medicare Lab FS. ",28.04,,,,,,,Fee Schedule,"150 % 2018 Cigna RBRVS fee schedule. ",32.33,,,,,,,Fee Schedule,"251.009316770186 % Medicare Physician FS TC Rates Only. ",32.33,,,,,,,Fee Schedule,"251.009316770186 % Medicare Physician FS TC Rates Only. ",32.33,,,,,,,Fee Schedule,"251.009316770186 % Medicare Physician FS TC Rates Only. ",102.3594,78,,,,,0,percent of total billed charges,78% of Billed Charges. Lesser of 100% of billed charges applies.; No services were performed during the 15 month look back period.,102.3594,78,,,,,0,percent of total billed charges,78% of Billed Charges. Lesser of 100% of billed charges applies.; No services were performed during the 15 month look back period.,102.3594,78,,,,,0,percent of total billed charges,78% of Billed Charges. Lesser of 100% of billed charges applies.; No services were performed during the 15 month look back period.,102.3594,78,,,,,0,percent of total billed charges,78% of Billed Charges. Lesser of 100% of billed charges applies.; No services were performed during the 15 month look back period.,102.3594,78,,,,,0,percent of total billed charges,78% of Billed Charges. Lesser of 100% of billed charges applies.; No services were performed during the 15 month look back period.,102.3594,78,,,,,0,percent of total billed charges,78% of Billed Charges. Lesser of 100% of billed charges applies.; No services were performed during the 15 month look back period.,102.3594,78,,,,,0,percent of total billed charges,78% of Billed Charges. Lesser of 100% of billed charges applies.; No services were performed during the 15 month look back period.,102.3594,78,,,,,0,percent of total billed charges,78% of Billed Charges. Lesser of 100% of billed charges applies.; No services were performed during the 15 month look back period.,102.3594,78,,,,,0,percent of total billed charges,78% of Billed Charges. Lesser of 100% of billed charges applies.; No services were performed during the 15 month look back period.,102.3594,78,,,,,0,percent of total billed charges,78% of Billed Charges. Lesser of 100% of billed charges applies.; No services were performed during the 15 month look back period.,102.3594,78,,,,,0,percent of total billed charges,78% of Billed Charges. Lesser of 100% of billed charges applies.; No services were performed during the 15 month look back period.,24.86,,,,,,,Fee Schedule,"193 % Medicare RBRVS. ",19.02,,,,,,,Fee Schedule,"238 % 2013 Manhattan Medicare. ",28.04,,,,,,,Fee Schedule,"150 % 2018 Cigna RBRVS fee schedule. ",12.88,,,,,,,Fee Schedule,"100% Medicare Lab FS. ",32.33,,,,,,,Fee Schedule,"251.009316770186 % Medicare Physician FS TC Rates Only. ",28.04,,,,,,,Fee Schedule,"150 % 2018 Cigna RBRVS fee schedule. ",28.04,,,,,,,Fee Schedule,"150 % 2018 Cigna RBRVS fee schedule. ",102.3594,78,,,,,0,percent of total billed charges,78% of Billed Charges. Lesser of 100% of billed charges applies.; No services were performed during the 15 month look back period.,160.76,,,,,,,Case Rate,"141 Percent of current Medicare RBRVS FeeSched. ",28.04,,,,,,,Fee Schedule,"150 % 2018 Cigna RBRVS fee schedule. ",75.12,,,,,,,Case Rate,"100 Percent of Medicaid APG. ",12.88,,,,,,,Fee Schedule,"100% Medicare Lab FS. ",12.88,,,,,,,Fee Schedule,"100% Medicare Lab FS. ",12.88,,,,,,,Fee Schedule,"100% Medicare Lab FS. ",12.88,,,,,,,Fee Schedule,"100% Medicare Lab FS. ",12.88,,,,,,,Fee Schedule,"100% Medicare Lab FS. ",12.88,,,,,,,Fee Schedule,"100% Medicare Lab FS. ",28.04,,,,,,,Fee Schedule,"150 % 2018 Cigna RBRVS fee schedule. ",65.615,50,,,,,0,percent of total billed charges,50 percent of billed charges; No services were performed during the 15 month look back period.,20.61,,,,,,,Fee Schedule,"160 Percent of Medicare Laboratory. ",20.61,,,,,,,Fee Schedule,"160 Percent of Medicare Laboratory. ",20.61,,,,,,,Fee Schedule,"160 Percent of Medicare Laboratory. ",20.61,,,,,,,Fee Schedule,"160 Percent of Medicare Laboratory. ",20.61,,,,,,,Fee Schedule,"160 Percent of Medicare Laboratory. ",,,,,,,,,"NA. ",65.615,50,,,,,0,percent of total billed charges,50 percent of billed charges; No services were performed during the 15 month look back period.,18.16,,,,,,,Fee Schedule,141 Percent of of Medicare Lab FS. Metroplus will reimburse unlisted codes and described codes with no Medicare rate at 50 percent of charges.,18.16,,,,,,,Fee Schedule,141 Percent of of Medicare Lab FS. Metroplus will reimburse unlisted codes and described codes with no Medicare rate at 50 percent of charges.,18.16,,,,,,,Fee Schedule,141 Percent of of Medicare Lab FS. Metroplus will reimburse unlisted codes and described codes with no Medicare rate at 50 percent of charges.,18.16,,,,,,,Fee Schedule,141 Percent of of Medicare Lab FS. Metroplus will reimburse unlisted codes and described codes with no Medicare rate at 50 percent of charges.,18.16,,,,,,,Fee Schedule,141 Percent of of Medicare Lab FS. Metroplus will reimburse unlisted codes and described codes with no Medicare rate at 50 percent of charges.,12.88,,,,,,,Fee Schedule,"100% Medicare Lab FS. ",24.86,,,,,,,Fee Schedule,"193 % Medicare RBRVS. ",24.86,,,,,,,Fee Schedule,"193 % Medicare RBRVS. ",24.86,,,,,,,Fee Schedule,"193 % Medicare RBRVS. ",24.86,,,,,,,Fee Schedule,"193 % Medicare RBRVS. ",32.33,,,,,,,Fee Schedule,"251.009316770186 % Medicare Physician FS TC Rates Only. ",32.33,,,,,,,Fee Schedule,"251.009316770186 % Medicare Physician FS TC Rates Only. ",32.33,,,,,,,Fee Schedule,"251.009316770186 % Medicare Physician FS TC Rates Only. ",32.33,,,,,,,Fee Schedule,"251.009316770186 % Medicare Physician FS TC Rates Only. ",65.615,50,,,,,0,percent of total billed charges,50 percent of billed charges; No services were performed during the 15 month look back period.,65.615,50,,,,,0,percent of total billed charges,50 percent of billed charges; No services were performed during the 15 month look back period.,12.88,,,,,,,Fee Schedule,"100% Medicare Lab FS. ",12.88,,,,,,,Fee Schedule,"100% Medicare Lab FS. ",12.88,,,,,,,Fee Schedule,"100% Medicare Lab FS. ",19.02,,,,,,,Fee Schedule,"238 % 2013 Manhattan Medicare. ",19.02,,,,,,,Fee Schedule,"238 % 2013 Manhattan Medicare. ",19.02,,,,,,,Fee Schedule,"238 % 2013 Manhattan Medicare. ",65.615,50,,,,,0,percent of total billed charges,50 percent of billed charges; No services were performed during the 15 month look back period.,32.33,,,,,,,Fee Schedule,"251.009316770186 % Medicare Physician FS TC Rates Only. ",12.88,,,,,,,Fee Schedule,"100% Medicare Lab FS. ",19.02,,,,,,,Fee Schedule,"238 % 2013 Manhattan Medicare. ",75.12,,,,,,,Case Rate,"100 Percent of Medicaid APG. ",13.14,,,,,,,Fee Schedule,"102% of Medicare Lab FS. ",13.14,,,,,,,Fee Schedule,"102% of Medicare Lab FS. ",13.14,,,,,,,Fee Schedule,"102% of Medicare Lab FS. ",11.59,,,,,,,Fee schedule,"90 Percent of Medicare RBRVS. ",169.02,,,,,,,Fee Schedule,225% of NYS APG. Lesser of 100% of billed charges applies.,169.02,,,,,,,Fee Schedule,225% of NYS APG. Lesser of 100% of billed charges applies.,169.02,,,,,,,Fee Schedule,225% of NYS APG. Lesser of 100% of billed charges applies.,169.02,,,,,,,Fee Schedule,225% of NYS APG. Lesser of 100% of billed charges applies.,169.02,,,,,,,Fee Schedule,225% of NYS APG. Lesser of 100% of billed charges applies.,13.14,,,,,,,Fee Schedule,"102% of Medicare Lab FS. ",75.12,,,,,,,Case Rate,"100 Percent of Medicaid APG. ",,,,,,,,Fee Schedule,100% Medicaid Fee Schedule. Lesser of 100% of billed charges applies.,169.02,,,,,,,Fee Schedule,225% of NYS APG. Lesser of 100% of billed charges applies.,169.02,,,,,,,Fee Schedule,225% of NYS APG. Lesser of 100% of billed charges applies.,,,,,,,,Fee Schedule,100% Medicaid Fee Schedule. Lesser of 100% of billed charges applies.,,,,,,,,Fee Schedule,100% Medicaid Fee Schedule. Lesser of 100% of billed charges applies.,20.61,,,,,,,Fee Schedule,"160 Percent of Medicare Laboratory. ",12.88,,,,,,,Fee Schedule,"100% Medicare Lab FS. ",12.88,,,,,,,Fee Schedule,"100% Medicare Lab FS. ",32.33,,,,,,,Fee Schedule,"251.009316770186 % Medicare Physician FS TC Rates Only. ",12.88,,,,,,,Fee Schedule,"100% Medicare Lab FS. ",169.02,,,,,,,Fee Schedule,"225 Percent of Medicaid APG. ",169.02,,,,,,,Fee Schedule,"225 Percent of Medicaid APG. ",11.59,,,,,,,Fee schedule,"90 Percent of Medicare RBRVS. ",11.59,,,,,,,Fee schedule,"90 Percent of Medicare RBRVS. ",169.02,,,,,,,Case Rate,225 Percent of Medicaid APG. Covered services not payable under Medicaid Fee Schedules default to a payment of 87.5 percent of charges.,11.59,,,,,,,Fee schedule,90 Percent of Medicare Laboratory. Covered services not payable under Medicaid Fee Schedules default to a payment of 50 percent of charges.,169.02,,,,,,,Case Rate,"100 Percent of Medicaid APG. ",169.02,,,,,,,Case Rate,"100 Percent of Medicaid APG. ",169.02,,,,,,,Case Rate,"100 Percent of Medicaid APG. ",169.02,,,,,,,Case Rate,"100 Percent of Medicaid APG. ",131.25,,,,,,,Fee Schedule,"1019 % Manhattan Facility Rate. ",65.615,50,,,,,0,percent of total billed charges,50 percent of billed charges; No services were performed during the 15 month look back period.,90.14,,,,,,,Case Rate,"120 Percent of Medicaid APG. Not APG payable, or payable under another fee schedule like ASP/AWP pays at 30% of charges",90.14,,,,,,,Case Rate,"120 Percent of Medicaid APG. Not APG payable, or payable under another fee schedule like ASP/AWP pays at 30% of charges",75.12,,,,,,,Case Rate,"100 Percent of Medicaid APG. Not APG payable, or payable under another fee schedule like ASP/AWP pays at 30% of charges",75.12,,,,,,,Case Rate,"100 Percent of Medicaid APG. Not APG payable, or payable under another fee schedule like ASP/AWP pays at 30% of charges",19.02,,,,,,,Fee Schedule,"238 % 2013 Manhattan Medicare. ",19.02,,,,,,,Fee Schedule,"238 % 2013 Manhattan Medicare. ",12.88,,,,,,,Fee Schedule,"100% Medicare Lab FS. ",19.02,,,,,,,Fee Schedule,"238 % 2013 Manhattan Medicare. ",19.02,,,,,,,Fee Schedule,"238 % 2013 Manhattan Medicare. ",19.02,,,,,,,Fee Schedule,"238 % 2013 Manhattan Medicare. ",19.02,,,,,,,Fee Schedule,"238 % 2013 Manhattan Medicare. ",12.88,,,,,,,Fee Schedule,"100% Medicare Lab FS. ",19.02,,,,,,,Fee Schedule,"238 % 2013 Manhattan Medicare. ",19.02,,,,,,,Fee Schedule,"238 % 2013 Manhattan Medicare. ",32.33,,,,,,,Fee Schedule,"251.009316770186 % Medicare Physician FS TC Rates Only. ",82.63,,,,,,,Fee Schedule,110% of APG. Lesser of 100% of billed charges applies.,11.59,,,,,,,Fee schedule,90 Percent of Medicare Laboratory. Covered services not payable under Medicaid Fee Schedules default to a payment of 50 percent of charges.,169.02,,,,,,,Fee Schedule,225% of NYS APG. Lesser of 100% of billed charges applies.,169.02,,,,,,,Case Rate,225 Percent of Medicaid APG. Covered services not payable under Medicaid Fee Schedules default to a payment of 87.5 percent of charges.,11.59,,,,,,,Fee schedule,90 Percent of Medicare Laboratory. Covered services not payable under Medicaid Fee Schedules default to a payment of 50 percent of charges.,169.02,,,,,,,Fee Schedule,225% of NYS APG. Lesser of 100% of billed charges applies.,169.02,,,,,,,Fee Schedule,225% of NYS APG. Lesser of 100% of billed charges applies.,169.02,,,,,,,Fee Schedule,225% of NYS APG. Lesser of 100% of billed charges applies.,169.02,,,,,,,Fee Schedule,225% of NYS APG. Lesser of 100% of billed charges applies.,169.02,,,,,,,Fee Schedule,225% of NYS APG. Lesser of 100% of billed charges applies.,169.02,,,,,,,Fee Schedule,225% of NYS APG. Lesser of 100% of billed charges applies.,,,,,,,,,"NA. ",,,,,,,,,"NA. ",,,,,,,,,"NA. ",28.04,,,,,,,Fee Schedule,"150 % 2018 Cigna RBRVS fee schedule. ",,,,,,,,,"NA. ",12.88,,,,,,,Fee Schedule,"100% Medicare Lab FS. ",9,,,,,,,Fee Schedule,"100 % 1199 Fee Schedule. ",12.88,,,,,,,Fee Schedule,"100% Medicare Lab FS. ",12.88,,,,,,,Fee Schedule,"100% Medicare Lab FS. ",90.14,,,,,,,Case Rate,"120 Percent of Medicaid APG. Not APG payable, or payable under another fee schedule like ASP/AWP pays at 30% of charges",90.14,,,,,,,Case Rate,"120 Percent of Medicaid APG. Not APG payable, or payable under another fee schedule like ASP/AWP pays at 30% of charges",75.12,,,,,,,Case Rate,"100 Percent of Medicaid APG. Not APG payable, or payable under another fee schedule like ASP/AWP pays at 30% of charges",75.12,,,,,,,Case Rate,"100 Percent of Medicaid APG. Not APG payable, or payable under another fee schedule like ASP/AWP pays at 30% of charges",75.12,,,,,,,Case Rate,"100 Percent of Medicaid APG. ",27.95,,,,,,,Fee Schedule,"217 % Medicare RBRVS. ",32.33,,,,,,,Fee Schedule,"251.009316770186 % Medicare Physician FS TC Rates Only. ",32.84,,,,,,,Fee Schedule,"255 % Medicare RBRVS. ",28.04,,,,,,,Fee Schedule,"150 % 2018 Cigna RBRVS fee schedule. ",12.88,,,,,,,Fee Schedule,"100% Medicare Lab FS. ",12.88,,,,,,,Fee Schedule,"100% Medicare Lab FS. ",12.88,,,,,,,Fee Schedule,"100% Medicare Lab FS. ",12.88,,,,,,,Fee Schedule,"100% Medicare Lab FS. ",12.88,,,,,,,Fee Schedule,"100% Medicare Lab FS. ",12.88,,,,,,,Fee Schedule,"100% Medicare Lab FS. ",,,,,,,,,"NA. ",169.02,,,,,,,Fee Schedule,225% of NYS APG. Lesser of 100% of billed charges applies.,,,,,,,,Fee Schedule,100% Medicaid Fee Schedule. Lesser of 100% of billed charges applies.,19.02,,,,,,,Fee Schedule,"238 % 2013 Manhattan Medicare. ",27.95,,,,,,,Fee Schedule,"217 % Medicare RBRVS. ",27.95,,,,,,,Fee Schedule,"217 % Medicare RBRVS. ",27.95,,,,,,,Fee Schedule,"217 % Medicare RBRVS. ",27.95,,,,,,,Fee Schedule,"217 % Medicare RBRVS. ",12.88,,,,,,,Fee Schedule,"100% Medicare Lab FS. ",75.12,,,,,,,Case Rate,"100 Percent of Medicaid APG. ",19.02,,,,,,,Fee Schedule,"238 % 2013 Manhattan Medicare. ",75.12,,,,,,,Case Rate,"100 Percent of Medicaid APG. ",12.88,,,,,,,Fee Schedule,"100% Medicare Lab FS. ",75.12,,,,,,,Case Rate,"100 Percent of Medicaid APG. ",12.88,,,,,,,Fee Schedule,"100% Medicare Lab FS. ",12.88,,,,,,,Fee Schedule,"100% Medicare Lab FS. ",75.12,,,,,,,Case Rate,"100 Percent of Medicaid APG. ",75.12,,,,,,,Case Rate,"100 Percent of Medicaid APG. ",27.95,,,,,,,Fee Schedule,"217 % Medicare RBRVS. ",28.04,,,,,,,Fee Schedule,"150 % 2018 Cigna RBRVS fee schedule. ",102.3594,78,,,,,0,percent of total billed charges,78% of Billed Charges. Lesser of 100% of billed charges applies.; No services were performed during the 15 month look back period.,14.31,,,,,,,Fee Schedule,"100 % 2019 CMS Clinical Lab National Limit Pub 20190115. ",14.31,,,,,,,Fee Schedule,"100 % 2019 CMS Clinical Lab National Limit Pub 20190115. ",32.33,,,,,,,Fee Schedule,"251.009316770186 % Medicare Physician FS TC Rates Only. ",12.62,,,,,,,Fee Schedule,"98% Lab FS. ",24.86,,,,,,,Fee Schedule,"193 % Medicare RBRVS. ",24.86,,,,,,,Fee Schedule,"193 % Medicare RBRVS. ",15.21,,,,,,,Fee Schedule,"190.4 % 2013 Manhattan Medicare. ",15.21,,,,,,,Fee Schedule,"190.4 % 2013 Manhattan Medicare. ",12.88,,,,,,,Fee Schedule,"100% Medicare Lab FS. ",12.88,,,,,,,Fee Schedule,"100% Medicare Lab FS. ",12.88,,,,,,,Fee Schedule,"100% Medicare Lab FS. ",12.88,,,,,,,Fee Schedule,"100% Medicare Lab FS. ",14.31,,,,,,,Fee Schedule,"100 % 2019 CMS Clinical Lab National Limit Pub 20190115. ",19.02,,,,,,,Fee Schedule,"238 % 2013 Manhattan Medicare. ",19.02,,,,,,,Fee Schedule,"238 % 2013 Manhattan Medicare. ",12.88,,,,,,,Fee Schedule,"100% Medicare Lab FS. ",15.21,,,,,,,Fee Schedule,"190.4 % 2013 Manhattan Medicare. ",32.84,,,,,,,Fee Schedule,"255 % Medicare RBRVS. ",90.14,,,,,,,Fee Schedule,"120 Percent of Medicaid APG. ",75.12,,,,,,,Case Rate,"100 Percent of Medicaid APG. ",27.95,,,,,,,Fee Schedule,"217 % Medicare RBRVS. ",17.11,,,,,,,Fee Schedule,"214.2 % 2013 Manhattan Medicare. ",17.11,,,,,,,Fee Schedule,"214.2 % 2013 Manhattan Medicare. ",19.02,,,,,,,Fee Schedule,"238 % 2013 Manhattan Medicare. ",65.615,50,,,,,0,percent of total billed charges,50 percent of billed charges; No services were performed during the 15 month look back period.,12.88,,,,,,,Fee Schedule,"100% Medicare Lab FS. ",78.88,,,,,,,Fee Schedule,105 percent of Medicaid APG. otherwise 105% of Ordered NYS MCD FS or 105% of ASP+6%,78.88,,,,,,,Fee Schedule,105 percent of Medicaid APG. otherwise 105% of Ordered NYS MCD FS or 105% of ASP+6%,78.88,,,,,,,Fee Schedule,105 percent of Medicaid APG. otherwise 105% of Ordered NYS MCD FS or 105% of ASP+6%,101.41,,,,,,,Fee Schedule,135 percent of Medicaid APG. otherwise 135% of Ordered NYS MCD FS or 135% of ASP+6%,14.31,,,,,,,Fee Schedule,"100 % 2019 CMS Clinical Lab National Limit Pub 20190115. ",78.88,,,,,,,Fee Schedule,105 percent of Medicaid APG. otherwise 105% of Ordered NYS MCD FS or 105% of ASP+6%,78.88,,,,,,,Fee Schedule,105 percent of Medicaid APG. otherwise 105% of Ordered NYS MCD FS or 105% of ASP+6%,78.88,,,,,,,Fee Schedule,105 percent of Medicaid APG. otherwise 105% of Ordered NYS MCD FS or 105% of ASP+6%,78.88,,,,,,,Fee Schedule,105 percent of Medicaid APG. otherwise 105% of Ordered NYS MCD FS or 105% of ASP+6%,78.88,,,,,,,Fee Schedule,105 percent of Medicaid APG. otherwise 105% of Ordered NYS MCD FS or 105% of ASP+6%,101.41,,,,,,,Fee Schedule,135 percent of Medicaid APG. otherwise 135% of Ordered NYS MCD FS or 135% of ASP+6%,101.41,,,,,,,Fee Schedule,135 percent of Medicaid APG. otherwise 135% of Ordered NYS MCD FS or 135% of ASP+6%,12.88,,,,,,,Fee Schedule,"100% Medicare Lab FS. ",14.31,,,,,,,Fee Schedule,"100 % 2019 CMS Clinical Lab National Limit Pub 20190115. ",12.88,,,,,,,Fee Schedule,"100% Medicare Lab FS. ",78.88,,,,,,,Fee Schedule,105 percent of Medicaid APG. otherwise 105% of Ordered NYS MCD FS or 105% of ASP+6%,19.02,,,,,,,Fee Schedule,"238 % 2013 Manhattan Medicare. ",12.88,,,,,,,Fee Schedule,"100% Medicare Lab FS. ",19.02,,,,,,,Fee Schedule,"238 % 2013 Manhattan Medicare. ",19.02,,,,,,,Fee Schedule,"238 % 2013 Manhattan Medicare. ",19.02,,,,,,,Fee Schedule,"238 % 2013 Manhattan Medicare. ",78.88,,,,,,,Fee Schedule,105 percent of Medicaid APG. otherwise 105% of Ordered NYS MCD FS or 105% of ASP+6%,12.88,,,,,,,Fee Schedule,"100% Medicare Lab FS. ",19.02,,,,,,,Fee Schedule,"238 % 2013 Manhattan Medicare. ",101.41,,,,,,,Fee Schedule,135 percent of Medicaid APG. otherwise 135% of Ordered NYS MCD FS or 135% of ASP+6%,19.02,,,,,,,Fee Schedule,"238 % 2013 Manhattan Medicare. ",19.32,,,,,,,Fee Schedule,"150% of Medicare Lab FS. ",12.88,,,,,,,Fee Schedule,"100% Medicare Lab FS. ",27.95,,,,,,,Fee Schedule,"217 % Medicare RBRVS. ",27.95,,,,,,,Fee Schedule,"217 % Medicare RBRVS. ",27.95,,,,,,,Fee Schedule,"217 % Medicare RBRVS. ",27.95,,,,,,,Fee Schedule,"217 % Medicare RBRVS. ",27.95,,,,,,,Fee Schedule,"217 % Medicare RBRVS. ",32.84,,,,,,,Fee Schedule,"255 % Medicare RBRVS. ",32.84,,,,,,,Fee Schedule,"255 % Medicare RBRVS. ",27.95,,,,,,,Fee Schedule,"217 % Medicare RBRVS. ",27.95,,,,,,,Fee Schedule,"217 % Medicare RBRVS. ",27.95,,,,,,,Fee Schedule,"217 % Medicare RBRVS. ",27.95,,,,,,,Fee Schedule,"217 % Medicare RBRVS. ",27.95,,,,,,,Fee Schedule,"217 % Medicare RBRVS. ",12.88,,,,,,,Fee Schedule,"100% Medicare Lab FS. ",32.84,,,,,,,Fee Schedule,"255 % Medicare RBRVS. ",12.88,,,,,,,Fee Schedule,"100% Medicare Lab FS. ",169.02,,,,,,,Case Rate,"225 Percent of Medicaid APG. If not included in Medicaid APG, then 100 Percent of Manhattan Medicare",75.12,,,,,,,Case Rate,"100 Percent of Medicaid APG. If not priced under APG, then Metroplus FeeSched",14.31,,,,,,,Fee Schedule,"100 % 2019 CMS Clinical Lab National Limit Pub 20190115. ",14.31,,,,,,,Fee Schedule,"100 % 2019 CMS Clinical Lab National Limit Pub 20190115. ",12.88,,,,,,,Fee Schedule,"100% Medicare Lab FS. ",24.86,,,,,,,Fee Schedule,"193 % Medicare RBRVS. ",12.88,,,,,,,Fee Schedule,"100% Medicare Lab FS. ",12.88,,,,,,,Fee Schedule,"100% Medicare Lab FS. ",32.33,,,,,,,Fee Schedule,"251.009316770186 % Medicare Physician FS TC Rates Only. ",12.88,,,,,,,Fee Schedule,"100% Medicare Lab FS. ",28.04,,,,,,,Fee Schedule,"150 % 2018 Cigna RBRVS fee schedule. ",12.88,,,,,,,Fee Schedule,"100% Medicare Lab FS. ",28.04,,,,,,,Fee Schedule,"150 % 2018 Cigna RBRVS fee schedule. ",32.33,,,,,,,Fee Schedule,"251.009316770186 % Medicare Physician FS TC Rates Only. ",28.04,,,,,,,Fee Schedule,"150 % 2018 Cigna RBRVS fee schedule. ",12.88,,,,,,,Fee Schedule,"100% Medicare Lab FS. ",75.12,,,,,,,Case Rate,"100 Percent of Medicaid APG. ",12.88,,,,,,,Fee Schedule,"100% Medicare Lab FS. ",28.04,,,,,,,Fee Schedule,"150 % 2018 Cigna RBRVS fee schedule. ",14.31,,,,,,,Fee Schedule,"100 % 2019 CMS Clinical Lab National Limit Pub 20190115. ",75.12,,,,,,,Case Rate,"100 Percent of Medicaid APG. ",19.02,,,,,,,Fee Schedule,"238 % 2013 Manhattan Medicare. ",90.14,,,,,,,Fee Schedule,"120 Percent of Medicaid APG. ",90.14,,,,,,,Fee Schedule,"120 Percent of Medicaid APG. ",19.02,,,,,,,Fee Schedule,"238 % 2013 Manhattan Medicare. ",19.02,,,,,,,Fee Schedule,"238 % 2013 Manhattan Medicare. ",19.02,,,,,,,Fee Schedule,"238 % 2013 Manhattan Medicare. ",14.31,,,,,,,Fee Schedule,"100 % 2019 CMS Clinical Lab National Limit Pub 20190115. ",19.02,,,,,,,Fee Schedule,"238 % 2013 Manhattan Medicare. ",19.02,,,,,,,Fee Schedule,"238 % 2013 Manhattan Medicare. ",19.02,,,,,,,Fee Schedule,"238 % 2013 Manhattan Medicare. ",27.95,,,,,,,Fee Schedule,"217 % Medicare RBRVS. ",27.95,,,,,,,Fee Schedule,"217 % Medicare RBRVS. ",18.16,,,,,,,Fee Schedule,141 Percent of of Medicare Lab FS. Metroplus will reimburse unlisted codes and described codes with no Medicare rate at 50 percent of charges.,75.12,,,,,,,Case Rate,"100 Percent of Medicaid APG. ",14.31,,,,,,,Fee Schedule,"100 % 2019 CMS Clinical Lab National Limit Pub 20190115. ",28.04,,,,,,,Fee Schedule,"150 % 2018 Cigna RBRVS fee schedule. ",32.33,,,,,,,Fee Schedule,"251.009316770186 % Medicare Physician FS TC Rates Only. ",14.31,,,,,,,Fee Schedule,"100 % 2019 CMS Clinical Lab National Limit Pub 20190115. ",32.33,,,,,,,Fee Schedule,"251.009316770186 % Medicare Physician FS TC Rates Only. ",14.31,,,,,,,Fee Schedule,"100 % 2019 CMS Clinical Lab National Limit Pub 20190115. ",19.02,,,,,,,Fee Schedule,"238 % 2013 Manhattan Medicare. ",19.02,,,,,,,Fee Schedule,"238 % 2013 Manhattan Medicare. ",19.02,,,,,,,Fee Schedule,"238 % 2013 Manhattan Medicare. ",19.02,,,,,,,Fee Schedule,"238 % 2013 Manhattan Medicare. ",12.88,,,,,,,Fee Schedule,"100% Medicare Lab FS. ",9,169.02,
87106,CPT,2024753,LOCAL,302,RC,HC FUNGI IDENTIFICATION YEAST,40.73,12.38,both,,,,15,,,,,,,Fee Schedule,"100 % 1199 Fee Schedule. ",15,,,,,,,Fee Schedule,"100 % 1199 Fee Schedule. ",25.9,,,,,,,Fee Schedule,"250.968992248062 % Medicare Physician FS TC Rates Only. ",40.73,100,,,,,0,percent of total billed charges,100 percent of billed charges. ; No services were performed during the 15 month look back period.,10.32,,,,,,,Fee Schedule,"100% Medicare Lab FS. ",25.9,,,,,,,Fee Schedule,"250.968992248062 % Medicare Physician FS TC Rates Only. ",25.9,,,,,,,Fee Schedule,"250.968992248062 % Medicare Physician FS TC Rates Only. ",25.9,,,,,,,Fee Schedule,"250.968992248062 % Medicare Physician FS TC Rates Only. ",89.19,,,,,,,Case Rate,"100 Percent of Medicaid APG. ",74.33,,,,,,,Case Rate,"100 Percent of Medicaid APG. ",31.7694,78,,,,,0,percent of total billed charges,78% of Billed Charges. Lesser of 100% of billed charges applies.; No services were performed during the 15 month look back period.,11.47,,,,,,,Fee Schedule,"100 % 2019 CMS Clinical Lab National Limit Pub 20190115. ",74.33,,,,,,,Case Rate,"100 Percent of Medicaid APG. ",10.32,,,,,,,Fee Schedule,"100% Medicare Lab FS. ",22.3,,,,,,,Fee Schedule,"150 % 2018 Cigna RBRVS fee schedule. ",22.3,,,,,,,Fee Schedule,"150 % 2018 Cigna RBRVS fee schedule. ",22.3,,,,,,,Fee Schedule,"150 % 2018 Cigna RBRVS fee schedule. ",22.3,,,,,,,Fee Schedule,"150 % 2018 Cigna RBRVS fee schedule. ",9.29,,,,,,,Fee schedule,90 Percent of Medicare Laboratory. Covered services not payable under Medicaid Fee Schedules default to a payment of 50 percent of charges.,10.32,,,,,,,Fee Schedule,"100% Medicare Lab FS. ",9.29,,,,,,,Fee schedule,90 Percent of Medicare Laboratory. Covered services not payable under Medicaid Fee Schedules default to a payment of 50 percent of charges.,31.7694,78,,,,,0,percent of total billed charges,78% of Billed Charges. Lesser of 100% of billed charges applies.; No services were performed during the 15 month look back period.,25.9,,,,,,,Fee Schedule,"250.968992248062 % Medicare Physician FS TC Rates Only. ",10.32,,,,,,,Fee Schedule,"100% Medicare Lab FS. ",26.32,,,,,,,Fee Schedule,"255 % Medicare RBRVS. ",10.32,,,,,,,Fee Schedule,"100% Medicare Lab FS. ",10.32,,,,,,,Fee Schedule,"100% Medicare Lab FS. ",31.7694,78,,,,,0,percent of total billed charges,78% of Billed Charges. Lesser of 100% of billed charges applies.; No services were performed during the 15 month look back period.,9.8,,,,,,,Fee Schedule,100% Medicaid Fee Schedule. Lesser of 100% of billed charges applies.,9.8,,,,,,,Fee Schedule,100% Medicaid Fee Schedule. Lesser of 100% of billed charges applies.,9.29,,,,,,,Fee schedule,"90 Percent of Medicare RBRVS. ",9.29,,,,,,,Fee schedule,"90 Percent of Medicare RBRVS. ",26.32,,,,,,,Fee Schedule,"255 % Medicare RBRVS. ",26.32,,,,,,,Fee Schedule,"255 % Medicare RBRVS. ",74.33,,,,,,,Case Rate,"100 Percent of Medicaid APG. Not APG payable, or payable under another fee schedule like ASP/AWP pays at 30% of charges",26.32,,,,,,,Fee Schedule,"255 % Medicare RBRVS. ",74.33,,,,,,,Case Rate,"100 Percent of Medicaid APG. Not APG payable, or payable under another fee schedule like ASP/AWP pays at 30% of charges",10.32,,,,,,,Fee Schedule,"100% Medicare Lab FS. ",26.32,,,,,,,Fee Schedule,"255 % Medicare RBRVS. ",31.7694,78,,,,,0,percent of total billed charges,78% of Billed Charges. Lesser of 100% of billed charges applies.; No services were performed during the 15 month look back period.,74.33,,,,,,,Case Rate,"100 Percent of Medicaid APG. If not priced under APG, then Metroplus FeeSched",74.33,,,,,,,Case Rate,"100 Percent of Medicaid APG. If not priced under APG, then Metroplus FeeSched",31.7694,78,,,,,0,percent of total billed charges,78% of Billed Charges. Lesser of 100% of billed charges applies.; No services were performed during the 15 month look back period.,22.3,,,,,,,Fee Schedule,"150 % 2018 Cigna RBRVS fee schedule. ",11.47,,,,,,,Fee Schedule,"100 % 2019 CMS Clinical Lab National Limit Pub 20190115. ",11.47,,,,,,,Fee Schedule,"100 % 2019 CMS Clinical Lab National Limit Pub 20190115. ",31.7694,78,,,,,0,percent of total billed charges,78% of Billed Charges. Lesser of 100% of billed charges applies.; No services were performed during the 15 month look back period.,10.32,,,,,,,Fee Schedule,"100% Medicare Lab FS. ",11.47,,,,,,,Fee Schedule,"100 % 2019 CMS Clinical Lab National Limit Pub 20190115. ",11.47,,,,,,,Fee Schedule,"100 % 2019 CMS Clinical Lab National Limit Pub 20190115. ",11.47,,,,,,,Fee Schedule,"100 % 2019 CMS Clinical Lab National Limit Pub 20190115. ",10.32,,,,,,,Fee Schedule,"100% Medicare Lab FS. ",11.47,,,,,,,Fee Schedule,"100 % 2019 CMS Clinical Lab National Limit Pub 20190115. ",11.47,,,,,,,Fee Schedule,"100 % 2019 CMS Clinical Lab National Limit Pub 20190115. ",10.32,,,,,,,Fee Schedule,"100% of Medicare Lab FS. ",20.365,50,,,,,0,percent of total billed charges,50 percent of billed charges; No services were performed during the 15 month look back period.,33.77,,,,,,,Fee Schedule,"238 % 2013 Manhattan Medicare. ",33.77,,,,,,,Fee Schedule,"238 % 2013 Manhattan Medicare. ",33.77,,,,,,,Fee Schedule,"238 % 2013 Manhattan Medicare. ",33.77,,,,,,,Fee Schedule,"238 % 2013 Manhattan Medicare. ",33.77,,,,,,,Fee Schedule,"238 % 2013 Manhattan Medicare. ",33.77,,,,,,,Fee Schedule,"238 % 2013 Manhattan Medicare. ",10.32,,,,,,,Fee Schedule,"100% Medicare Lab FS. ",10.32,,,,,,,Fee Schedule,"100% Medicare Lab FS. ",33.77,,,,,,,Fee Schedule,"238 % 2013 Manhattan Medicare. ",31.7694,78,,,,,0,percent of total billed charges,78% of Billed Charges. Lesser of 100% of billed charges applies.; No services were performed during the 15 month look back period.,31.7694,78,,,,,0,percent of total billed charges,78% of Billed Charges. Lesser of 100% of billed charges applies.; No services were performed during the 15 month look back period.,31.7694,78,,,,,0,percent of total billed charges,78% of Billed Charges. Lesser of 100% of billed charges applies.; No services were performed during the 15 month look back period.,31.7694,78,,,,,0,percent of total billed charges,78% of Billed Charges. Lesser of 100% of billed charges applies.; No services were performed during the 15 month look back period.,31.7694,78,,,,,0,percent of total billed charges,78% of Billed Charges. Lesser of 100% of billed charges applies.; No services were performed during the 15 month look back period.,31.7694,78,,,,,0,percent of total billed charges,78% of Billed Charges. Lesser of 100% of billed charges applies.; No services were performed during the 15 month look back period.,31.7694,78,,,,,0,percent of total billed charges,78% of Billed Charges. Lesser of 100% of billed charges applies.; No services were performed during the 15 month look back period.,31.7694,78,,,,,0,percent of total billed charges,78% of Billed Charges. Lesser of 100% of billed charges applies.; No services were performed during the 15 month look back period.,31.7694,78,,,,,0,percent of total billed charges,78% of Billed Charges. Lesser of 100% of billed charges applies.; No services were performed during the 15 month look back period.,31.7694,78,,,,,0,percent of total billed charges,78% of Billed Charges. Lesser of 100% of billed charges applies.; No services were performed during the 15 month look back period.,31.7694,78,,,,,0,percent of total billed charges,78% of Billed Charges. Lesser of 100% of billed charges applies.; No services were performed during the 15 month look back period.,31.7694,78,,,,,0,percent of total billed charges,78% of Billed Charges. Lesser of 100% of billed charges applies.; No services were performed during the 15 month look back period.,31.7694,78,,,,,0,percent of total billed charges,78% of Billed Charges. Lesser of 100% of billed charges applies.; No services were performed during the 15 month look back period.,31.7694,78,,,,,0,percent of total billed charges,78% of Billed Charges. Lesser of 100% of billed charges applies.; No services were performed during the 15 month look back period.,31.7694,78,,,,,0,percent of total billed charges,78% of Billed Charges. Lesser of 100% of billed charges applies.; No services were performed during the 15 month look back period.,31.7694,78,,,,,0,percent of total billed charges,78% of Billed Charges. Lesser of 100% of billed charges applies.; No services were performed during the 15 month look back period.,31.7694,78,,,,,0,percent of total billed charges,78% of Billed Charges. Lesser of 100% of billed charges applies.; No services were performed during the 15 month look back period.,31.7694,78,,,,,0,percent of total billed charges,78% of Billed Charges. Lesser of 100% of billed charges applies.; No services were performed during the 15 month look back period.,31.7694,78,,,,,0,percent of total billed charges,78% of Billed Charges. Lesser of 100% of billed charges applies.; No services were performed during the 15 month look back period.,31.7694,78,,,,,0,percent of total billed charges,78% of Billed Charges. Lesser of 100% of billed charges applies.; No services were performed during the 15 month look back period.,31.7694,78,,,,,0,percent of total billed charges,78% of Billed Charges. Lesser of 100% of billed charges applies.; No services were performed during the 15 month look back period.,31.7694,78,,,,,0,percent of total billed charges,78% of Billed Charges. Lesser of 100% of billed charges applies.; No services were performed during the 15 month look back period.,31.7694,78,,,,,0,percent of total billed charges,78% of Billed Charges. Lesser of 100% of billed charges applies.; No services were performed during the 15 month look back period.,31.7694,78,,,,,0,percent of total billed charges,78% of Billed Charges. Lesser of 100% of billed charges applies.; No services were performed during the 15 month look back period.,31.7694,78,,,,,0,percent of total billed charges,78% of Billed Charges. Lesser of 100% of billed charges applies.; No services were performed during the 15 month look back period.,31.7694,78,,,,,0,percent of total billed charges,78% of Billed Charges. Lesser of 100% of billed charges applies.; No services were performed during the 15 month look back period.,26.32,,,,,,,Fee Schedule,"255 % Medicare RBRVS. ",26.32,,,,,,,Fee Schedule,"255 % Medicare RBRVS. ",26.32,,,,,,,Fee Schedule,"255 % Medicare RBRVS. ",26.32,,,,,,,Fee Schedule,"255 % Medicare RBRVS. ",19.92,,,,,,,Fee Schedule,"193 % Medicare RBRVS. ",19.92,,,,,,,Fee Schedule,"193 % Medicare RBRVS. ",22.3,,,,,,,Fee Schedule,"150 % 2018 Cigna RBRVS fee schedule. ",33.77,,,,,,,Fee Schedule,"238 % 2013 Manhattan Medicare. ",11.47,,,,,,,Fee Schedule,"100 % 2019 CMS Clinical Lab National Limit Pub 20190115. ",33.77,,,,,,,Fee Schedule,"238 % 2013 Manhattan Medicare. ",31.7694,78,,,,,0,percent of total billed charges,78% of Billed Charges. Lesser of 100% of billed charges applies.; No services were performed during the 15 month look back period.,19.92,,,,,,,Fee Schedule,"193 % Medicare RBRVS. ",33.77,,,,,,,Fee Schedule,"238 % 2013 Manhattan Medicare. ",11.47,,,,,,,Fee Schedule,"100 % 2019 CMS Clinical Lab National Limit Pub 20190115. ",22.3,,,,,,,Fee Schedule,"150 % 2018 Cigna RBRVS fee schedule. ",,,,,,,,,"NA. ",31.7694,78,,,,,0,percent of total billed charges,78% of Billed Charges. Lesser of 100% of billed charges applies.; No services were performed during the 15 month look back period.,74.33,,,,,,,Case Rate,"100 Percent of Medicaid APG. ",26.32,,,,,,,Fee Schedule,"255 % Medicare RBRVS. ",74.33,,,,,,,Case Rate,"100 Percent of Medicaid APG. Not APG payable, or payable under another fee schedule like ASP/AWP pays at 30% of charges",10.32,,,,,,,Fee Schedule,"100% Medicare Lab FS. ",10.32,,,,,,,Fee Schedule,"100% Medicare Lab FS. ",20.365,50,,,,,0,percent of total billed charges,50 percent of billed charges; No services were performed during the 15 month look back period.,10.32,,,,,,,Fee Schedule,"100% Medicare Lab FS. ",10.32,,,,,,,Fee Schedule,"100% Medicare Lab FS. ",74.33,,,,,,,Case Rate,"100 Percent of Medicaid APG. ",10.32,,,,,,,Fee Schedule,"100% Medicare Lab FS. ",10.32,,,,,,,Fee Schedule,"100% Medicare Lab FS. ",25.9,,,,,,,Fee Schedule,"250.968992248062 % Medicare Physician FS TC Rates Only. ",25.9,,,,,,,Fee Schedule,"250.968992248062 % Medicare Physician FS TC Rates Only. ",10.32,,,,,,,Fee Schedule,"100% Medicare Lab FS. ",22.3,,,,,,,Fee Schedule,"150 % 2018 Cigna RBRVS fee schedule. ",11.47,,,,,,,Fee Schedule,"100 % 2019 CMS Clinical Lab National Limit Pub 20190115. ",11.47,,,,,,,Fee Schedule,"100 % 2019 CMS Clinical Lab National Limit Pub 20190115. ",10.32,,,,,,,Fee Schedule,"100% Medicare Lab FS. ",22.3,,,,,,,Fee Schedule,"150 % 2018 Cigna RBRVS fee schedule. ",25.9,,,,,,,Fee Schedule,"250.968992248062 % Medicare Physician FS TC Rates Only. ",25.9,,,,,,,Fee Schedule,"250.968992248062 % Medicare Physician FS TC Rates Only. ",25.9,,,,,,,Fee Schedule,"250.968992248062 % Medicare Physician FS TC Rates Only. ",31.7694,78,,,,,0,percent of total billed charges,78% of Billed Charges. Lesser of 100% of billed charges applies.; No services were performed during the 15 month look back period.,31.7694,78,,,,,0,percent of total billed charges,78% of Billed Charges. Lesser of 100% of billed charges applies.; No services were performed during the 15 month look back period.,31.7694,78,,,,,0,percent of total billed charges,78% of Billed Charges. Lesser of 100% of billed charges applies.; No services were performed during the 15 month look back period.,31.7694,78,,,,,0,percent of total billed charges,78% of Billed Charges. Lesser of 100% of billed charges applies.; No services were performed during the 15 month look back period.,31.7694,78,,,,,0,percent of total billed charges,78% of Billed Charges. Lesser of 100% of billed charges applies.; No services were performed during the 15 month look back period.,31.7694,78,,,,,0,percent of total billed charges,78% of Billed Charges. Lesser of 100% of billed charges applies.; No services were performed during the 15 month look back period.,31.7694,78,,,,,0,percent of total billed charges,78% of Billed Charges. Lesser of 100% of billed charges applies.; No services were performed during the 15 month look back period.,31.7694,78,,,,,0,percent of total billed charges,78% of Billed Charges. Lesser of 100% of billed charges applies.; No services were performed during the 15 month look back period.,31.7694,78,,,,,0,percent of total billed charges,78% of Billed Charges. Lesser of 100% of billed charges applies.; No services were performed during the 15 month look back period.,31.7694,78,,,,,0,percent of total billed charges,78% of Billed Charges. Lesser of 100% of billed charges applies.; No services were performed during the 15 month look back period.,31.7694,78,,,,,0,percent of total billed charges,78% of Billed Charges. Lesser of 100% of billed charges applies.; No services were performed during the 15 month look back period.,19.92,,,,,,,Fee Schedule,"193 % Medicare RBRVS. ",33.77,,,,,,,Fee Schedule,"238 % 2013 Manhattan Medicare. ",22.3,,,,,,,Fee Schedule,"150 % 2018 Cigna RBRVS fee schedule. ",10.32,,,,,,,Fee Schedule,"100% Medicare Lab FS. ",25.9,,,,,,,Fee Schedule,"250.968992248062 % Medicare Physician FS TC Rates Only. ",22.3,,,,,,,Fee Schedule,"150 % 2018 Cigna RBRVS fee schedule. ",22.3,,,,,,,Fee Schedule,"150 % 2018 Cigna RBRVS fee schedule. ",31.7694,78,,,,,0,percent of total billed charges,78% of Billed Charges. Lesser of 100% of billed charges applies.; No services were performed during the 15 month look back period.,159.06,,,,,,,Case Rate,"141 Percent of current Medicare RBRVS FeeSched. ",22.3,,,,,,,Fee Schedule,"150 % 2018 Cigna RBRVS fee schedule. ",74.33,,,,,,,Case Rate,"100 Percent of Medicaid APG. ",10.32,,,,,,,Fee Schedule,"100% Medicare Lab FS. ",10.32,,,,,,,Fee Schedule,"100% Medicare Lab FS. ",10.32,,,,,,,Fee Schedule,"100% Medicare Lab FS. ",10.32,,,,,,,Fee Schedule,"100% Medicare Lab FS. ",10.32,,,,,,,Fee Schedule,"100% Medicare Lab FS. ",10.32,,,,,,,Fee Schedule,"100% Medicare Lab FS. ",22.3,,,,,,,Fee Schedule,"150 % 2018 Cigna RBRVS fee schedule. ",20.365,50,,,,,0,percent of total billed charges,50 percent of billed charges; No services were performed during the 15 month look back period.,16.51,,,,,,,Fee Schedule,"160 Percent of Medicare Laboratory. ",16.51,,,,,,,Fee Schedule,"160 Percent of Medicare Laboratory. ",16.51,,,,,,,Fee Schedule,"160 Percent of Medicare Laboratory. ",16.51,,,,,,,Fee Schedule,"160 Percent of Medicare Laboratory. ",16.51,,,,,,,Fee Schedule,"160 Percent of Medicare Laboratory. ",,,,,,,,,"NA. ",20.365,50,,,,,0,percent of total billed charges,50 percent of billed charges; No services were performed during the 15 month look back period.,14.55,,,,,,,Fee Schedule,141 Percent of of Medicare Lab FS. Metroplus will reimburse unlisted codes and described codes with no Medicare rate at 50 percent of charges.,14.55,,,,,,,Fee Schedule,141 Percent of of Medicare Lab FS. Metroplus will reimburse unlisted codes and described codes with no Medicare rate at 50 percent of charges.,14.55,,,,,,,Fee Schedule,141 Percent of of Medicare Lab FS. Metroplus will reimburse unlisted codes and described codes with no Medicare rate at 50 percent of charges.,14.55,,,,,,,Fee Schedule,141 Percent of of Medicare Lab FS. Metroplus will reimburse unlisted codes and described codes with no Medicare rate at 50 percent of charges.,14.55,,,,,,,Fee Schedule,141 Percent of of Medicare Lab FS. Metroplus will reimburse unlisted codes and described codes with no Medicare rate at 50 percent of charges.,10.32,,,,,,,Fee Schedule,"100% Medicare Lab FS. ",19.92,,,,,,,Fee Schedule,"193 % Medicare RBRVS. ",19.92,,,,,,,Fee Schedule,"193 % Medicare RBRVS. ",19.92,,,,,,,Fee Schedule,"193 % Medicare RBRVS. ",19.92,,,,,,,Fee Schedule,"193 % Medicare RBRVS. ",25.9,,,,,,,Fee Schedule,"250.968992248062 % Medicare Physician FS TC Rates Only. ",25.9,,,,,,,Fee Schedule,"250.968992248062 % Medicare Physician FS TC Rates Only. ",25.9,,,,,,,Fee Schedule,"250.968992248062 % Medicare Physician FS TC Rates Only. ",25.9,,,,,,,Fee Schedule,"250.968992248062 % Medicare Physician FS TC Rates Only. ",20.365,50,,,,,0,percent of total billed charges,50 percent of billed charges; No services were performed during the 15 month look back period.,20.365,50,,,,,0,percent of total billed charges,50 percent of billed charges; No services were performed during the 15 month look back period.,10.32,,,,,,,Fee Schedule,"100% Medicare Lab FS. ",10.32,,,,,,,Fee Schedule,"100% Medicare Lab FS. ",10.32,,,,,,,Fee Schedule,"100% Medicare Lab FS. ",33.77,,,,,,,Fee Schedule,"238 % 2013 Manhattan Medicare. ",33.77,,,,,,,Fee Schedule,"238 % 2013 Manhattan Medicare. ",33.77,,,,,,,Fee Schedule,"238 % 2013 Manhattan Medicare. ",20.365,50,,,,,0,percent of total billed charges,50 percent of billed charges; No services were performed during the 15 month look back period.,25.9,,,,,,,Fee Schedule,"250.968992248062 % Medicare Physician FS TC Rates Only. ",10.32,,,,,,,Fee Schedule,"100% Medicare Lab FS. ",33.77,,,,,,,Fee Schedule,"238 % 2013 Manhattan Medicare. ",74.33,,,,,,,Case Rate,"100 Percent of Medicaid APG. ",10.53,,,,,,,Fee Schedule,"102% of Medicare Lab FS. ",10.53,,,,,,,Fee Schedule,"102% of Medicare Lab FS. ",10.53,,,,,,,Fee Schedule,"102% of Medicare Lab FS. ",9.29,,,,,,,Fee schedule,"90 Percent of Medicare RBRVS. ",167.24,,,,,,,Fee Schedule,225% of NYS APG. Lesser of 100% of billed charges applies.,167.24,,,,,,,Fee Schedule,225% of NYS APG. Lesser of 100% of billed charges applies.,167.24,,,,,,,Fee Schedule,225% of NYS APG. Lesser of 100% of billed charges applies.,167.24,,,,,,,Fee Schedule,225% of NYS APG. Lesser of 100% of billed charges applies.,167.24,,,,,,,Fee Schedule,225% of NYS APG. Lesser of 100% of billed charges applies.,10.53,,,,,,,Fee Schedule,"102% of Medicare Lab FS. ",74.33,,,,,,,Case Rate,"100 Percent of Medicaid APG. ",9.8,,,,,,,Fee Schedule,100% Medicaid Fee Schedule. Lesser of 100% of billed charges applies.,167.24,,,,,,,Fee Schedule,225% of NYS APG. Lesser of 100% of billed charges applies.,167.24,,,,,,,Fee Schedule,225% of NYS APG. Lesser of 100% of billed charges applies.,9.8,,,,,,,Fee Schedule,100% Medicaid Fee Schedule. Lesser of 100% of billed charges applies.,9.8,,,,,,,Fee Schedule,100% Medicaid Fee Schedule. Lesser of 100% of billed charges applies.,16.51,,,,,,,Fee Schedule,"160 Percent of Medicare Laboratory. ",10.32,,,,,,,Fee Schedule,"100% Medicare Lab FS. ",10.32,,,,,,,Fee Schedule,"100% Medicare Lab FS. ",25.9,,,,,,,Fee Schedule,"250.968992248062 % Medicare Physician FS TC Rates Only. ",10.32,,,,,,,Fee Schedule,"100% Medicare Lab FS. ",167.24,,,,,,,Fee Schedule,"225 Percent of Medicaid APG. ",167.24,,,,,,,Fee Schedule,"225 Percent of Medicaid APG. ",9.29,,,,,,,Fee schedule,"90 Percent of Medicare RBRVS. ",9.29,,,,,,,Fee schedule,"90 Percent of Medicare RBRVS. ",167.24,,,,,,,Case Rate,225 Percent of Medicaid APG. Covered services not payable under Medicaid Fee Schedules default to a payment of 87.5 percent of charges.,9.29,,,,,,,Fee schedule,90 Percent of Medicare Laboratory. Covered services not payable under Medicaid Fee Schedules default to a payment of 50 percent of charges.,167.24,,,,,,,Case Rate,"100 Percent of Medicaid APG. ",167.24,,,,,,,Case Rate,"100 Percent of Medicaid APG. ",167.24,,,,,,,Case Rate,"100 Percent of Medicaid APG. ",167.24,,,,,,,Case Rate,"100 Percent of Medicaid APG. ",105.16,,,,,,,Fee Schedule,"1019 % Manhattan Facility Rate. ",20.365,50,,,,,0,percent of total billed charges,50 percent of billed charges; No services were performed during the 15 month look back period.,89.19,,,,,,,Case Rate,"120 Percent of Medicaid APG. Not APG payable, or payable under another fee schedule like ASP/AWP pays at 30% of charges",89.19,,,,,,,Case Rate,"120 Percent of Medicaid APG. Not APG payable, or payable under another fee schedule like ASP/AWP pays at 30% of charges",74.33,,,,,,,Case Rate,"100 Percent of Medicaid APG. Not APG payable, or payable under another fee schedule like ASP/AWP pays at 30% of charges",74.33,,,,,,,Case Rate,"100 Percent of Medicaid APG. Not APG payable, or payable under another fee schedule like ASP/AWP pays at 30% of charges",33.77,,,,,,,Fee Schedule,"238 % 2013 Manhattan Medicare. ",33.77,,,,,,,Fee Schedule,"238 % 2013 Manhattan Medicare. ",10.32,,,,,,,Fee Schedule,"100% Medicare Lab FS. ",33.77,,,,,,,Fee Schedule,"238 % 2013 Manhattan Medicare. ",33.77,,,,,,,Fee Schedule,"238 % 2013 Manhattan Medicare. ",33.77,,,,,,,Fee Schedule,"238 % 2013 Manhattan Medicare. ",33.77,,,,,,,Fee Schedule,"238 % 2013 Manhattan Medicare. ",10.32,,,,,,,Fee Schedule,"100% Medicare Lab FS. ",33.77,,,,,,,Fee Schedule,"238 % 2013 Manhattan Medicare. ",33.77,,,,,,,Fee Schedule,"238 % 2013 Manhattan Medicare. ",25.9,,,,,,,Fee Schedule,"250.968992248062 % Medicare Physician FS TC Rates Only. ",81.76,,,,,,,Fee Schedule,110% of APG. Lesser of 100% of billed charges applies.,9.29,,,,,,,Fee schedule,90 Percent of Medicare Laboratory. Covered services not payable under Medicaid Fee Schedules default to a payment of 50 percent of charges.,167.24,,,,,,,Fee Schedule,225% of NYS APG. Lesser of 100% of billed charges applies.,167.24,,,,,,,Case Rate,225 Percent of Medicaid APG. Covered services not payable under Medicaid Fee Schedules default to a payment of 87.5 percent of charges.,9.29,,,,,,,Fee schedule,90 Percent of Medicare Laboratory. Covered services not payable under Medicaid Fee Schedules default to a payment of 50 percent of charges.,167.24,,,,,,,Fee Schedule,225% of NYS APG. Lesser of 100% of billed charges applies.,167.24,,,,,,,Fee Schedule,225% of NYS APG. Lesser of 100% of billed charges applies.,167.24,,,,,,,Fee Schedule,225% of NYS APG. Lesser of 100% of billed charges applies.,167.24,,,,,,,Fee Schedule,225% of NYS APG. Lesser of 100% of billed charges applies.,167.24,,,,,,,Fee Schedule,225% of NYS APG. Lesser of 100% of billed charges applies.,167.24,,,,,,,Fee Schedule,225% of NYS APG. Lesser of 100% of billed charges applies.,,,,,,,,,"NA. ",,,,,,,,,"NA. ",,,,,,,,,"NA. ",22.3,,,,,,,Fee Schedule,"150 % 2018 Cigna RBRVS fee schedule. ",,,,,,,,,"NA. ",10.32,,,,,,,Fee Schedule,"100% Medicare Lab FS. ",15,,,,,,,Fee Schedule,"100 % 1199 Fee Schedule. ",10.32,,,,,,,Fee Schedule,"100% Medicare Lab FS. ",10.32,,,,,,,Fee Schedule,"100% Medicare Lab FS. ",89.19,,,,,,,Case Rate,"120 Percent of Medicaid APG. Not APG payable, or payable under another fee schedule like ASP/AWP pays at 30% of charges",89.19,,,,,,,Case Rate,"120 Percent of Medicaid APG. Not APG payable, or payable under another fee schedule like ASP/AWP pays at 30% of charges",74.33,,,,,,,Case Rate,"100 Percent of Medicaid APG. Not APG payable, or payable under another fee schedule like ASP/AWP pays at 30% of charges",74.33,,,,,,,Case Rate,"100 Percent of Medicaid APG. Not APG payable, or payable under another fee schedule like ASP/AWP pays at 30% of charges",74.33,,,,,,,Case Rate,"100 Percent of Medicaid APG. ",22.39,,,,,,,Fee Schedule,"217 % Medicare RBRVS. ",25.9,,,,,,,Fee Schedule,"250.968992248062 % Medicare Physician FS TC Rates Only. ",26.32,,,,,,,Fee Schedule,"255 % Medicare RBRVS. ",22.3,,,,,,,Fee Schedule,"150 % 2018 Cigna RBRVS fee schedule. ",10.32,,,,,,,Fee Schedule,"100% Medicare Lab FS. ",10.32,,,,,,,Fee Schedule,"100% Medicare Lab FS. ",10.32,,,,,,,Fee Schedule,"100% Medicare Lab FS. ",10.32,,,,,,,Fee Schedule,"100% Medicare Lab FS. ",10.32,,,,,,,Fee Schedule,"100% Medicare Lab FS. ",10.32,,,,,,,Fee Schedule,"100% Medicare Lab FS. ",,,,,,,,,"NA. ",167.24,,,,,,,Fee Schedule,225% of NYS APG. Lesser of 100% of billed charges applies.,9.8,,,,,,,Fee Schedule,100% Medicaid Fee Schedule. Lesser of 100% of billed charges applies.,33.77,,,,,,,Fee Schedule,"238 % 2013 Manhattan Medicare. ",22.39,,,,,,,Fee Schedule,"217 % Medicare RBRVS. ",22.39,,,,,,,Fee Schedule,"217 % Medicare RBRVS. ",22.39,,,,,,,Fee Schedule,"217 % Medicare RBRVS. ",22.39,,,,,,,Fee Schedule,"217 % Medicare RBRVS. ",10.32,,,,,,,Fee Schedule,"100% Medicare Lab FS. ",74.33,,,,,,,Case Rate,"100 Percent of Medicaid APG. ",33.77,,,,,,,Fee Schedule,"238 % 2013 Manhattan Medicare. ",74.33,,,,,,,Case Rate,"100 Percent of Medicaid APG. ",10.32,,,,,,,Fee Schedule,"100% Medicare Lab FS. ",74.33,,,,,,,Case Rate,"100 Percent of Medicaid APG. ",10.32,,,,,,,Fee Schedule,"100% Medicare Lab FS. ",10.32,,,,,,,Fee Schedule,"100% Medicare Lab FS. ",74.33,,,,,,,Case Rate,"100 Percent of Medicaid APG. ",74.33,,,,,,,Case Rate,"100 Percent of Medicaid APG. ",22.39,,,,,,,Fee Schedule,"217 % Medicare RBRVS. ",22.3,,,,,,,Fee Schedule,"150 % 2018 Cigna RBRVS fee schedule. ",31.7694,78,,,,,0,percent of total billed charges,78% of Billed Charges. Lesser of 100% of billed charges applies.; No services were performed during the 15 month look back period.,11.47,,,,,,,Fee Schedule,"100 % 2019 CMS Clinical Lab National Limit Pub 20190115. ",11.47,,,,,,,Fee Schedule,"100 % 2019 CMS Clinical Lab National Limit Pub 20190115. ",25.9,,,,,,,Fee Schedule,"250.968992248062 % Medicare Physician FS TC Rates Only. ",10.11,,,,,,,Fee Schedule,"98% Lab FS. ",19.92,,,,,,,Fee Schedule,"193 % Medicare RBRVS. ",19.92,,,,,,,Fee Schedule,"193 % Medicare RBRVS. ",27.02,,,,,,,Fee Schedule,"190.4 % 2013 Manhattan Medicare. ",27.02,,,,,,,Fee Schedule,"190.4 % 2013 Manhattan Medicare. ",10.32,,,,,,,Fee Schedule,"100% Medicare Lab FS. ",10.32,,,,,,,Fee Schedule,"100% Medicare Lab FS. ",10.32,,,,,,,Fee Schedule,"100% Medicare Lab FS. ",10.32,,,,,,,Fee Schedule,"100% Medicare Lab FS. ",11.47,,,,,,,Fee Schedule,"100 % 2019 CMS Clinical Lab National Limit Pub 20190115. ",33.77,,,,,,,Fee Schedule,"238 % 2013 Manhattan Medicare. ",33.77,,,,,,,Fee Schedule,"238 % 2013 Manhattan Medicare. ",10.32,,,,,,,Fee Schedule,"100% Medicare Lab FS. ",27.02,,,,,,,Fee Schedule,"190.4 % 2013 Manhattan Medicare. ",26.32,,,,,,,Fee Schedule,"255 % Medicare RBRVS. ",89.19,,,,,,,Fee Schedule,"120 Percent of Medicaid APG. ",74.33,,,,,,,Case Rate,"100 Percent of Medicaid APG. ",22.39,,,,,,,Fee Schedule,"217 % Medicare RBRVS. ",30.39,,,,,,,Fee Schedule,"214.2 % 2013 Manhattan Medicare. ",30.39,,,,,,,Fee Schedule,"214.2 % 2013 Manhattan Medicare. ",33.77,,,,,,,Fee Schedule,"238 % 2013 Manhattan Medicare. ",20.365,50,,,,,0,percent of total billed charges,50 percent of billed charges; No services were performed during the 15 month look back period.,10.32,,,,,,,Fee Schedule,"100% Medicare Lab FS. ",78.04,,,,,,,Fee Schedule,105 percent of Medicaid APG. otherwise 105% of Ordered NYS MCD FS or 105% of ASP+6%,78.04,,,,,,,Fee Schedule,105 percent of Medicaid APG. otherwise 105% of Ordered NYS MCD FS or 105% of ASP+6%,78.04,,,,,,,Fee Schedule,105 percent of Medicaid APG. otherwise 105% of Ordered NYS MCD FS or 105% of ASP+6%,100.34,,,,,,,Fee Schedule,135 percent of Medicaid APG. otherwise 135% of Ordered NYS MCD FS or 135% of ASP+6%,11.47,,,,,,,Fee Schedule,"100 % 2019 CMS Clinical Lab National Limit Pub 20190115. ",78.04,,,,,,,Fee Schedule,105 percent of Medicaid APG. otherwise 105% of Ordered NYS MCD FS or 105% of ASP+6%,78.04,,,,,,,Fee Schedule,105 percent of Medicaid APG. otherwise 105% of Ordered NYS MCD FS or 105% of ASP+6%,78.04,,,,,,,Fee Schedule,105 percent of Medicaid APG. otherwise 105% of Ordered NYS MCD FS or 105% of ASP+6%,78.04,,,,,,,Fee Schedule,105 percent of Medicaid APG. otherwise 105% of Ordered NYS MCD FS or 105% of ASP+6%,78.04,,,,,,,Fee Schedule,105 percent of Medicaid APG. otherwise 105% of Ordered NYS MCD FS or 105% of ASP+6%,100.34,,,,,,,Fee Schedule,135 percent of Medicaid APG. otherwise 135% of Ordered NYS MCD FS or 135% of ASP+6%,100.34,,,,,,,Fee Schedule,135 percent of Medicaid APG. otherwise 135% of Ordered NYS MCD FS or 135% of ASP+6%,10.32,,,,,,,Fee Schedule,"100% Medicare Lab FS. ",11.47,,,,,,,Fee Schedule,"100 % 2019 CMS Clinical Lab National Limit Pub 20190115. ",10.32,,,,,,,Fee Schedule,"100% Medicare Lab FS. ",78.04,,,,,,,Fee Schedule,105 percent of Medicaid APG. otherwise 105% of Ordered NYS MCD FS or 105% of ASP+6%,33.77,,,,,,,Fee Schedule,"238 % 2013 Manhattan Medicare. ",10.32,,,,,,,Fee Schedule,"100% Medicare Lab FS. ",33.77,,,,,,,Fee Schedule,"238 % 2013 Manhattan Medicare. ",33.77,,,,,,,Fee Schedule,"238 % 2013 Manhattan Medicare. ",33.77,,,,,,,Fee Schedule,"238 % 2013 Manhattan Medicare. ",78.04,,,,,,,Fee Schedule,105 percent of Medicaid APG. otherwise 105% of Ordered NYS MCD FS or 105% of ASP+6%,10.32,,,,,,,Fee Schedule,"100% Medicare Lab FS. ",33.77,,,,,,,Fee Schedule,"238 % 2013 Manhattan Medicare. ",100.34,,,,,,,Fee Schedule,135 percent of Medicaid APG. otherwise 135% of Ordered NYS MCD FS or 135% of ASP+6%,33.77,,,,,,,Fee Schedule,"238 % 2013 Manhattan Medicare. ",15.48,,,,,,,Fee Schedule,"150% of Medicare Lab FS. ",10.32,,,,,,,Fee Schedule,"100% Medicare Lab FS. ",22.39,,,,,,,Fee Schedule,"217 % Medicare RBRVS. ",22.39,,,,,,,Fee Schedule,"217 % Medicare RBRVS. ",22.39,,,,,,,Fee Schedule,"217 % Medicare RBRVS. ",22.39,,,,,,,Fee Schedule,"217 % Medicare RBRVS. ",22.39,,,,,,,Fee Schedule,"217 % Medicare RBRVS. ",26.32,,,,,,,Fee Schedule,"255 % Medicare RBRVS. ",26.32,,,,,,,Fee Schedule,"255 % Medicare RBRVS. ",22.39,,,,,,,Fee Schedule,"217 % Medicare RBRVS. ",22.39,,,,,,,Fee Schedule,"217 % Medicare RBRVS. ",22.39,,,,,,,Fee Schedule,"217 % Medicare RBRVS. ",22.39,,,,,,,Fee Schedule,"217 % Medicare RBRVS. ",22.39,,,,,,,Fee Schedule,"217 % Medicare RBRVS. ",10.32,,,,,,,Fee Schedule,"100% Medicare Lab FS. ",26.32,,,,,,,Fee Schedule,"255 % Medicare RBRVS. ",10.32,,,,,,,Fee Schedule,"100% Medicare Lab FS. ",167.24,,,,,,,Case Rate,"225 Percent of Medicaid APG. If not included in Medicaid APG, then 100 Percent of Manhattan Medicare",74.33,,,,,,,Case Rate,"100 Percent of Medicaid APG. If not priced under APG, then Metroplus FeeSched",11.47,,,,,,,Fee Schedule,"100 % 2019 CMS Clinical Lab National Limit Pub 20190115. ",11.47,,,,,,,Fee Schedule,"100 % 2019 CMS Clinical Lab National Limit Pub 20190115. ",10.32,,,,,,,Fee Schedule,"100% Medicare Lab FS. ",19.92,,,,,,,Fee Schedule,"193 % Medicare RBRVS. ",10.32,,,,,,,Fee Schedule,"100% Medicare Lab FS. ",10.32,,,,,,,Fee Schedule,"100% Medicare Lab FS. ",25.9,,,,,,,Fee Schedule,"250.968992248062 % Medicare Physician FS TC Rates Only. ",10.32,,,,,,,Fee Schedule,"100% Medicare Lab FS. ",22.3,,,,,,,Fee Schedule,"150 % 2018 Cigna RBRVS fee schedule. ",10.32,,,,,,,Fee Schedule,"100% Medicare Lab FS. ",22.3,,,,,,,Fee Schedule,"150 % 2018 Cigna RBRVS fee schedule. ",25.9,,,,,,,Fee Schedule,"250.968992248062 % Medicare Physician FS TC Rates Only. ",22.3,,,,,,,Fee Schedule,"150 % 2018 Cigna RBRVS fee schedule. ",10.32,,,,,,,Fee Schedule,"100% Medicare Lab FS. ",74.33,,,,,,,Case Rate,"100 Percent of Medicaid APG. ",10.32,,,,,,,Fee Schedule,"100% Medicare Lab FS. ",22.3,,,,,,,Fee Schedule,"150 % 2018 Cigna RBRVS fee schedule. ",11.47,,,,,,,Fee Schedule,"100 % 2019 CMS Clinical Lab National Limit Pub 20190115. ",74.33,,,,,,,Case Rate,"100 Percent of Medicaid APG. ",33.77,,,,,,,Fee Schedule,"238 % 2013 Manhattan Medicare. ",89.19,,,,,,,Fee Schedule,"120 Percent of Medicaid APG. ",89.19,,,,,,,Fee Schedule,"120 Percent of Medicaid APG. ",33.77,,,,,,,Fee Schedule,"238 % 2013 Manhattan Medicare. ",33.77,,,,,,,Fee Schedule,"238 % 2013 Manhattan Medicare. ",33.77,,,,,,,Fee Schedule,"238 % 2013 Manhattan Medicare. ",11.47,,,,,,,Fee Schedule,"100 % 2019 CMS Clinical Lab National Limit Pub 20190115. ",33.77,,,,,,,Fee Schedule,"238 % 2013 Manhattan Medicare. ",33.77,,,,,,,Fee Schedule,"238 % 2013 Manhattan Medicare. ",33.77,,,,,,,Fee Schedule,"238 % 2013 Manhattan Medicare. ",22.39,,,,,,,Fee Schedule,"217 % Medicare RBRVS. ",22.39,,,,,,,Fee Schedule,"217 % Medicare RBRVS. ",14.55,,,,,,,Fee Schedule,141 Percent of of Medicare Lab FS. Metroplus will reimburse unlisted codes and described codes with no Medicare rate at 50 percent of charges.,74.33,,,,,,,Case Rate,"100 Percent of Medicaid APG. ",11.47,,,,,,,Fee Schedule,"100 % 2019 CMS Clinical Lab National Limit Pub 20190115. ",22.3,,,,,,,Fee Schedule,"150 % 2018 Cigna RBRVS fee schedule. ",25.9,,,,,,,Fee Schedule,"250.968992248062 % Medicare Physician FS TC Rates Only. ",11.47,,,,,,,Fee Schedule,"100 % 2019 CMS Clinical Lab National Limit Pub 20190115. ",25.9,,,,,,,Fee Schedule,"250.968992248062 % Medicare Physician FS TC Rates Only. ",11.47,,,,,,,Fee Schedule,"100 % 2019 CMS Clinical Lab National Limit Pub 20190115. ",33.77,,,,,,,Fee Schedule,"238 % 2013 Manhattan Medicare. ",33.77,,,,,,,Fee Schedule,"238 % 2013 Manhattan Medicare. ",33.77,,,,,,,Fee Schedule,"238 % 2013 Manhattan Medicare. ",33.77,,,,,,,Fee Schedule,"238 % 2013 Manhattan Medicare. ",10.32,,,,,,,Fee Schedule,"100% Medicare Lab FS. ",9.29,167.24,
87168,CPT,2023655,LOCAL,300,RC,HC MACROSCOPIC EXAM ARTHROPOD,71,5.12,both,,,,10,,,,,,,Fee Schedule,"100 % 1199 Fee Schedule. ",10,,,,,,,Fee Schedule,"100 % 1199 Fee Schedule. ",10.72,,,,,,,Fee Schedule,"251.053864168618 % Medicare Physician FS TC Rates Only. ",71,100,,,,,0,percent of total billed charges,100 percent of billed charges. ; No services were performed during the 15 month look back period.,4.27,,,,,,,Fee Schedule,"100% Medicare Lab FS. ",10.72,,,,,,,Fee Schedule,"251.053864168618 % Medicare Physician FS TC Rates Only. ",10.72,,,,,,,Fee Schedule,"251.053864168618 % Medicare Physician FS TC Rates Only. ",10.72,,,,,,,Fee Schedule,"251.053864168618 % Medicare Physician FS TC Rates Only. ",89.19,,,,,,,Case Rate,"100 Percent of Medicaid APG. ",74.33,,,,,,,Case Rate,"100 Percent of Medicaid APG. ",55.38,78,,,,,0,percent of total billed charges,78% of Billed Charges. Lesser of 100% of billed charges applies.; No services were performed during the 15 month look back period.,4.75,,,,,,,Fee Schedule,"100 % 2019 CMS Clinical Lab National Limit Pub 20190115. ",74.33,,,,,,,Case Rate,"100 Percent of Medicaid APG. ",4.27,,,,,,,Fee Schedule,"100% Medicare Lab FS. ",9.56,,,,,,,Fee Schedule,"150 % 2018 Cigna RBRVS fee schedule. ",9.56,,,,,,,Fee Schedule,"150 % 2018 Cigna RBRVS fee schedule. ",9.56,,,,,,,Fee Schedule,"150 % 2018 Cigna RBRVS fee schedule. ",9.56,,,,,,,Fee Schedule,"150 % 2018 Cigna RBRVS fee schedule. ",3.84,,,,,,,Fee schedule,90 Percent of Medicare Laboratory. Covered services not payable under Medicaid Fee Schedules default to a payment of 50 percent of charges.,4.27,,,,,,,Fee Schedule,"100% Medicare Lab FS. ",3.84,,,,,,,Fee schedule,90 Percent of Medicare Laboratory. Covered services not payable under Medicaid Fee Schedules default to a payment of 50 percent of charges.,55.38,78,,,,,0,percent of total billed charges,78% of Billed Charges. Lesser of 100% of billed charges applies.; No services were performed during the 15 month look back period.,10.72,,,,,,,Fee Schedule,"251.053864168618 % Medicare Physician FS TC Rates Only. ",4.27,,,,,,,Fee Schedule,"100% Medicare Lab FS. ",10.89,,,,,,,Fee Schedule,"255 % Medicare RBRVS. ",4.27,,,,,,,Fee Schedule,"100% Medicare Lab FS. ",4.27,,,,,,,Fee Schedule,"100% Medicare Lab FS. ",55.38,78,,,,,0,percent of total billed charges,78% of Billed Charges. Lesser of 100% of billed charges applies.; No services were performed during the 15 month look back period.,3.84,,,,,,,Fee Schedule,90 Percent of Medicare RBRVS. Lesser of 100% of billed charges applies.,3.84,,,,,,,Fee Schedule,90 Percent of Medicare RBRVS. Lesser of 100% of billed charges applies.,3.84,,,,,,,Fee schedule,"90 Percent of Medicare RBRVS. ",3.84,,,,,,,Fee schedule,"90 Percent of Medicare RBRVS. ",10.89,,,,,,,Fee Schedule,"255 % Medicare RBRVS. ",10.89,,,,,,,Fee Schedule,"255 % Medicare RBRVS. ",74.33,,,,,,,Case Rate,"100 Percent of Medicaid APG. Not APG payable, or payable under another fee schedule like ASP/AWP pays at 30% of charges",10.89,,,,,,,Fee Schedule,"255 % Medicare RBRVS. ",74.33,,,,,,,Case Rate,"100 Percent of Medicaid APG. Not APG payable, or payable under another fee schedule like ASP/AWP pays at 30% of charges",4.27,,,,,,,Fee Schedule,"100% Medicare Lab FS. ",10.89,,,,,,,Fee Schedule,"255 % Medicare RBRVS. ",55.38,78,,,,,0,percent of total billed charges,78% of Billed Charges. Lesser of 100% of billed charges applies.; No services were performed during the 15 month look back period.,74.33,,,,,,,Case Rate,"100 Percent of Medicaid APG. If not priced under APG, then Metroplus FeeSched",74.33,,,,,,,Case Rate,"100 Percent of Medicaid APG. If not priced under APG, then Metroplus FeeSched",55.38,78,,,,,0,percent of total billed charges,78% of Billed Charges. Lesser of 100% of billed charges applies.; No services were performed during the 15 month look back period.,9.56,,,,,,,Fee Schedule,"150 % 2018 Cigna RBRVS fee schedule. ",4.75,,,,,,,Fee Schedule,"100 % 2019 CMS Clinical Lab National Limit Pub 20190115. ",4.75,,,,,,,Fee Schedule,"100 % 2019 CMS Clinical Lab National Limit Pub 20190115. ",55.38,78,,,,,0,percent of total billed charges,78% of Billed Charges. Lesser of 100% of billed charges applies.; No services were performed during the 15 month look back period.,4.27,,,,,,,Fee Schedule,"100% Medicare Lab FS. ",4.75,,,,,,,Fee Schedule,"100 % 2019 CMS Clinical Lab National Limit Pub 20190115. ",4.75,,,,,,,Fee Schedule,"100 % 2019 CMS Clinical Lab National Limit Pub 20190115. ",4.75,,,,,,,Fee Schedule,"100 % 2019 CMS Clinical Lab National Limit Pub 20190115. ",4.27,,,,,,,Fee Schedule,"100% Medicare Lab FS. ",4.75,,,,,,,Fee Schedule,"100 % 2019 CMS Clinical Lab National Limit Pub 20190115. ",4.75,,,,,,,Fee Schedule,"100 % 2019 CMS Clinical Lab National Limit Pub 20190115. ",4.27,,,,,,,Fee Schedule,"100% of Medicare Lab FS. ",35.5,50,,,,,0,percent of total billed charges,50 percent of billed charges; No services were performed during the 15 month look back period.,13.97,,,,,,,Fee Schedule,"238 % 2013 Manhattan Medicare. ",13.97,,,,,,,Fee Schedule,"238 % 2013 Manhattan Medicare. ",13.97,,,,,,,Fee Schedule,"238 % 2013 Manhattan Medicare. ",13.97,,,,,,,Fee Schedule,"238 % 2013 Manhattan Medicare. ",13.97,,,,,,,Fee Schedule,"238 % 2013 Manhattan Medicare. ",13.97,,,,,,,Fee Schedule,"238 % 2013 Manhattan Medicare. ",4.27,,,,,,,Fee Schedule,"100% Medicare Lab FS. ",4.27,,,,,,,Fee Schedule,"100% Medicare Lab FS. ",13.97,,,,,,,Fee Schedule,"238 % 2013 Manhattan Medicare. ",55.38,78,,,,,0,percent of total billed charges,78% of Billed Charges. Lesser of 100% of billed charges applies.; No services were performed during the 15 month look back period.,55.38,78,,,,,0,percent of total billed charges,78% of Billed Charges. Lesser of 100% of billed charges applies.; No services were performed during the 15 month look back period.,55.38,78,,,,,0,percent of total billed charges,78% of Billed Charges. Lesser of 100% of billed charges applies.; No services were performed during the 15 month look back period.,55.38,78,,,,,0,percent of total billed charges,78% of Billed Charges. Lesser of 100% of billed charges applies.; No services were performed during the 15 month look back period.,55.38,78,,,,,0,percent of total billed charges,78% of Billed Charges. Lesser of 100% of billed charges applies.; No services were performed during the 15 month look back period.,55.38,78,,,,,0,percent of total billed charges,78% of Billed Charges. Lesser of 100% of billed charges applies.; No services were performed during the 15 month look back period.,55.38,78,,,,,0,percent of total billed charges,78% of Billed Charges. Lesser of 100% of billed charges applies.; No services were performed during the 15 month look back period.,55.38,78,,,,,0,percent of total billed charges,78% of Billed Charges. Lesser of 100% of billed charges applies.; No services were performed during the 15 month look back period.,55.38,78,,,,,0,percent of total billed charges,78% of Billed Charges. Lesser of 100% of billed charges applies.; No services were performed during the 15 month look back period.,55.38,78,,,,,0,percent of total billed charges,78% of Billed Charges. Lesser of 100% of billed charges applies.; No services were performed during the 15 month look back period.,55.38,78,,,,,0,percent of total billed charges,78% of Billed Charges. Lesser of 100% of billed charges applies.; No services were performed during the 15 month look back period.,55.38,78,,,,,0,percent of total billed charges,78% of Billed Charges. Lesser of 100% of billed charges applies.; No services were performed during the 15 month look back period.,55.38,78,,,,,0,percent of total billed charges,78% of Billed Charges. Lesser of 100% of billed charges applies.; No services were performed during the 15 month look back period.,55.38,78,,,,,0,percent of total billed charges,78% of Billed Charges. Lesser of 100% of billed charges applies.; No services were performed during the 15 month look back period.,55.38,78,,,,,0,percent of total billed charges,78% of Billed Charges. Lesser of 100% of billed charges applies.; No services were performed during the 15 month look back period.,55.38,78,,,,,0,percent of total billed charges,78% of Billed Charges. Lesser of 100% of billed charges applies.; No services were performed during the 15 month look back period.,55.38,78,,,,,0,percent of total billed charges,78% of Billed Charges. Lesser of 100% of billed charges applies.; No services were performed during the 15 month look back period.,55.38,78,,,,,0,percent of total billed charges,78% of Billed Charges. Lesser of 100% of billed charges applies.; No services were performed during the 15 month look back period.,55.38,78,,,,,0,percent of total billed charges,78% of Billed Charges. Lesser of 100% of billed charges applies.; No services were performed during the 15 month look back period.,55.38,78,,,,,0,percent of total billed charges,78% of Billed Charges. Lesser of 100% of billed charges applies.; No services were performed during the 15 month look back period.,55.38,78,,,,,0,percent of total billed charges,78% of Billed Charges. Lesser of 100% of billed charges applies.; No services were performed during the 15 month look back period.,55.38,78,,,,,0,percent of total billed charges,78% of Billed Charges. Lesser of 100% of billed charges applies.; No services were performed during the 15 month look back period.,55.38,78,,,,,0,percent of total billed charges,78% of Billed Charges. Lesser of 100% of billed charges applies.; No services were performed during the 15 month look back period.,55.38,78,,,,,0,percent of total billed charges,78% of Billed Charges. Lesser of 100% of billed charges applies.; No services were performed during the 15 month look back period.,55.38,78,,,,,0,percent of total billed charges,78% of Billed Charges. Lesser of 100% of billed charges applies.; No services were performed during the 15 month look back period.,55.38,78,,,,,0,percent of total billed charges,78% of Billed Charges. Lesser of 100% of billed charges applies.; No services were performed during the 15 month look back period.,10.89,,,,,,,Fee Schedule,"255 % Medicare RBRVS. ",10.89,,,,,,,Fee Schedule,"255 % Medicare RBRVS. ",10.89,,,,,,,Fee Schedule,"255 % Medicare RBRVS. ",10.89,,,,,,,Fee Schedule,"255 % Medicare RBRVS. ",8.24,,,,,,,Fee Schedule,"193 % Medicare RBRVS. ",8.24,,,,,,,Fee Schedule,"193 % Medicare RBRVS. ",9.56,,,,,,,Fee Schedule,"150 % 2018 Cigna RBRVS fee schedule. ",13.97,,,,,,,Fee Schedule,"238 % 2013 Manhattan Medicare. ",4.75,,,,,,,Fee Schedule,"100 % 2019 CMS Clinical Lab National Limit Pub 20190115. ",13.97,,,,,,,Fee Schedule,"238 % 2013 Manhattan Medicare. ",55.38,78,,,,,0,percent of total billed charges,78% of Billed Charges. Lesser of 100% of billed charges applies.; No services were performed during the 15 month look back period.,8.24,,,,,,,Fee Schedule,"193 % Medicare RBRVS. ",13.97,,,,,,,Fee Schedule,"238 % 2013 Manhattan Medicare. ",4.75,,,,,,,Fee Schedule,"100 % 2019 CMS Clinical Lab National Limit Pub 20190115. ",9.56,,,,,,,Fee Schedule,"150 % 2018 Cigna RBRVS fee schedule. ",,,,,,,,,"NA. ",55.38,78,,,,,0,percent of total billed charges,78% of Billed Charges. Lesser of 100% of billed charges applies.; No services were performed during the 15 month look back period.,74.33,,,,,,,Case Rate,"100 Percent of Medicaid APG. ",10.89,,,,,,,Fee Schedule,"255 % Medicare RBRVS. ",74.33,,,,,,,Case Rate,"100 Percent of Medicaid APG. Not APG payable, or payable under another fee schedule like ASP/AWP pays at 30% of charges",4.27,,,,,,,Fee Schedule,"100% Medicare Lab FS. ",4.27,,,,,,,Fee Schedule,"100% Medicare Lab FS. ",35.5,50,,,,,0,percent of total billed charges,50 percent of billed charges; No services were performed during the 15 month look back period.,4.27,,,,,,,Fee Schedule,"100% Medicare Lab FS. ",4.27,,,,,,,Fee Schedule,"100% Medicare Lab FS. ",74.33,,,,,,,Case Rate,"100 Percent of Medicaid APG. ",4.27,,,,,,,Fee Schedule,"100% Medicare Lab FS. ",4.27,,,,,,,Fee Schedule,"100% Medicare Lab FS. ",10.72,,,,,,,Fee Schedule,"251.053864168618 % Medicare Physician FS TC Rates Only. ",10.72,,,,,,,Fee Schedule,"251.053864168618 % Medicare Physician FS TC Rates Only. ",4.27,,,,,,,Fee Schedule,"100% Medicare Lab FS. ",9.56,,,,,,,Fee Schedule,"150 % 2018 Cigna RBRVS fee schedule. ",4.75,,,,,,,Fee Schedule,"100 % 2019 CMS Clinical Lab National Limit Pub 20190115. ",4.75,,,,,,,Fee Schedule,"100 % 2019 CMS Clinical Lab National Limit Pub 20190115. ",4.27,,,,,,,Fee Schedule,"100% Medicare Lab FS. ",9.56,,,,,,,Fee Schedule,"150 % 2018 Cigna RBRVS fee schedule. ",10.72,,,,,,,Fee Schedule,"251.053864168618 % Medicare Physician FS TC Rates Only. ",10.72,,,,,,,Fee Schedule,"251.053864168618 % Medicare Physician FS TC Rates Only. ",10.72,,,,,,,Fee Schedule,"251.053864168618 % Medicare Physician FS TC Rates Only. ",55.38,78,,,,,0,percent of total billed charges,78% of Billed Charges. Lesser of 100% of billed charges applies.; No services were performed during the 15 month look back period.,55.38,78,,,,,0,percent of total billed charges,78% of Billed Charges. Lesser of 100% of billed charges applies.; No services were performed during the 15 month look back period.,55.38,78,,,,,0,percent of total billed charges,78% of Billed Charges. Lesser of 100% of billed charges applies.; No services were performed during the 15 month look back period.,55.38,78,,,,,0,percent of total billed charges,78% of Billed Charges. Lesser of 100% of billed charges applies.; No services were performed during the 15 month look back period.,55.38,78,,,,,0,percent of total billed charges,78% of Billed Charges. Lesser of 100% of billed charges applies.; No services were performed during the 15 month look back period.,55.38,78,,,,,0,percent of total billed charges,78% of Billed Charges. Lesser of 100% of billed charges applies.; No services were performed during the 15 month look back period.,55.38,78,,,,,0,percent of total billed charges,78% of Billed Charges. Lesser of 100% of billed charges applies.; No services were performed during the 15 month look back period.,55.38,78,,,,,0,percent of total billed charges,78% of Billed Charges. Lesser of 100% of billed charges applies.; No services were performed during the 15 month look back period.,55.38,78,,,,,0,percent of total billed charges,78% of Billed Charges. Lesser of 100% of billed charges applies.; No services were performed during the 15 month look back period.,55.38,78,,,,,0,percent of total billed charges,78% of Billed Charges. Lesser of 100% of billed charges applies.; No services were performed during the 15 month look back period.,55.38,78,,,,,0,percent of total billed charges,78% of Billed Charges. Lesser of 100% of billed charges applies.; No services were performed during the 15 month look back period.,8.24,,,,,,,Fee Schedule,"193 % Medicare RBRVS. ",13.97,,,,,,,Fee Schedule,"238 % 2013 Manhattan Medicare. ",9.56,,,,,,,Fee Schedule,"150 % 2018 Cigna RBRVS fee schedule. ",4.27,,,,,,,Fee Schedule,"100% Medicare Lab FS. ",10.72,,,,,,,Fee Schedule,"251.053864168618 % Medicare Physician FS TC Rates Only. ",9.56,,,,,,,Fee Schedule,"150 % 2018 Cigna RBRVS fee schedule. ",9.56,,,,,,,Fee Schedule,"150 % 2018 Cigna RBRVS fee schedule. ",55.38,78,,,,,0,percent of total billed charges,78% of Billed Charges. Lesser of 100% of billed charges applies.; No services were performed during the 15 month look back period.,159.06,,,,,,,Case Rate,"141 Percent of current Medicare RBRVS FeeSched. ",9.56,,,,,,,Fee Schedule,"150 % 2018 Cigna RBRVS fee schedule. ",74.33,,,,,,,Case Rate,"100 Percent of Medicaid APG. ",4.27,,,,,,,Fee Schedule,"100% Medicare Lab FS. ",4.27,,,,,,,Fee Schedule,"100% Medicare Lab FS. ",4.27,,,,,,,Fee Schedule,"100% Medicare Lab FS. ",4.27,,,,,,,Fee Schedule,"100% Medicare Lab FS. ",4.27,,,,,,,Fee Schedule,"100% Medicare Lab FS. ",4.27,,,,,,,Fee Schedule,"100% Medicare Lab FS. ",9.56,,,,,,,Fee Schedule,"150 % 2018 Cigna RBRVS fee schedule. ",35.5,50,,,,,0,percent of total billed charges,50 percent of billed charges; No services were performed during the 15 month look back period.,6.83,,,,,,,Fee Schedule,"160 Percent of Medicare Laboratory. ",6.83,,,,,,,Fee Schedule,"160 Percent of Medicare Laboratory. ",6.83,,,,,,,Fee Schedule,"160 Percent of Medicare Laboratory. ",6.83,,,,,,,Fee Schedule,"160 Percent of Medicare Laboratory. ",6.83,,,,,,,Fee Schedule,"160 Percent of Medicare Laboratory. ",,,,,,,,,"NA. ",35.5,50,,,,,0,percent of total billed charges,50 percent of billed charges; No services were performed during the 15 month look back period.,6.02,,,,,,,Fee Schedule,141 Percent of of Medicare Lab FS. Metroplus will reimburse unlisted codes and described codes with no Medicare rate at 50 percent of charges.,6.02,,,,,,,Fee Schedule,141 Percent of of Medicare Lab FS. Metroplus will reimburse unlisted codes and described codes with no Medicare rate at 50 percent of charges.,6.02,,,,,,,Fee Schedule,141 Percent of of Medicare Lab FS. Metroplus will reimburse unlisted codes and described codes with no Medicare rate at 50 percent of charges.,6.02,,,,,,,Fee Schedule,141 Percent of of Medicare Lab FS. Metroplus will reimburse unlisted codes and described codes with no Medicare rate at 50 percent of charges.,6.02,,,,,,,Fee Schedule,141 Percent of of Medicare Lab FS. Metroplus will reimburse unlisted codes and described codes with no Medicare rate at 50 percent of charges.,4.27,,,,,,,Fee Schedule,"100% Medicare Lab FS. ",8.24,,,,,,,Fee Schedule,"193 % Medicare RBRVS. ",8.24,,,,,,,Fee Schedule,"193 % Medicare RBRVS. ",8.24,,,,,,,Fee Schedule,"193 % Medicare RBRVS. ",8.24,,,,,,,Fee Schedule,"193 % Medicare RBRVS. ",10.72,,,,,,,Fee Schedule,"251.053864168618 % Medicare Physician FS TC Rates Only. ",10.72,,,,,,,Fee Schedule,"251.053864168618 % Medicare Physician FS TC Rates Only. ",10.72,,,,,,,Fee Schedule,"251.053864168618 % Medicare Physician FS TC Rates Only. ",10.72,,,,,,,Fee Schedule,"251.053864168618 % Medicare Physician FS TC Rates Only. ",35.5,50,,,,,0,percent of total billed charges,50 percent of billed charges; No services were performed during the 15 month look back period.,35.5,50,,,,,0,percent of total billed charges,50 percent of billed charges; No services were performed during the 15 month look back period.,4.27,,,,,,,Fee Schedule,"100% Medicare Lab FS. ",4.27,,,,,,,Fee Schedule,"100% Medicare Lab FS. ",4.27,,,,,,,Fee Schedule,"100% Medicare Lab FS. ",13.97,,,,,,,Fee Schedule,"238 % 2013 Manhattan Medicare. ",13.97,,,,,,,Fee Schedule,"238 % 2013 Manhattan Medicare. ",13.97,,,,,,,Fee Schedule,"238 % 2013 Manhattan Medicare. ",35.5,50,,,,,0,percent of total billed charges,50 percent of billed charges; No services were performed during the 15 month look back period.,10.72,,,,,,,Fee Schedule,"251.053864168618 % Medicare Physician FS TC Rates Only. ",4.27,,,,,,,Fee Schedule,"100% Medicare Lab FS. ",13.97,,,,,,,Fee Schedule,"238 % 2013 Manhattan Medicare. ",74.33,,,,,,,Case Rate,"100 Percent of Medicaid APG. ",4.36,,,,,,,Fee Schedule,"102% of Medicare Lab FS. ",4.36,,,,,,,Fee Schedule,"102% of Medicare Lab FS. ",4.36,,,,,,,Fee Schedule,"102% of Medicare Lab FS. ",3.84,,,,,,,Fee schedule,"90 Percent of Medicare RBRVS. ",167.24,,,,,,,Fee Schedule,225% of NYS APG. Lesser of 100% of billed charges applies.,167.24,,,,,,,Fee Schedule,225% of NYS APG. Lesser of 100% of billed charges applies.,167.24,,,,,,,Fee Schedule,225% of NYS APG. Lesser of 100% of billed charges applies.,167.24,,,,,,,Fee Schedule,225% of NYS APG. Lesser of 100% of billed charges applies.,167.24,,,,,,,Fee Schedule,225% of NYS APG. Lesser of 100% of billed charges applies.,4.36,,,,,,,Fee Schedule,"102% of Medicare Lab FS. ",74.33,,,,,,,Case Rate,"100 Percent of Medicaid APG. ",3.84,,,,,,,Fee Schedule,90 Percent of Medicare RBRVS. Lesser of 100% of billed charges applies.,167.24,,,,,,,Fee Schedule,225% of NYS APG. Lesser of 100% of billed charges applies.,167.24,,,,,,,Fee Schedule,225% of NYS APG. Lesser of 100% of billed charges applies.,3.84,,,,,,,Fee Schedule,90 Percent of Medicare RBRVS. Lesser of 100% of billed charges applies.,3.84,,,,,,,Fee Schedule,90 Percent of Medicare RBRVS. Lesser of 100% of billed charges applies.,6.83,,,,,,,Fee Schedule,"160 Percent of Medicare Laboratory. ",4.27,,,,,,,Fee Schedule,"100% Medicare Lab FS. ",4.27,,,,,,,Fee Schedule,"100% Medicare Lab FS. ",10.72,,,,,,,Fee Schedule,"251.053864168618 % Medicare Physician FS TC Rates Only. ",4.27,,,,,,,Fee Schedule,"100% Medicare Lab FS. ",167.24,,,,,,,Fee Schedule,"225 Percent of Medicaid APG. ",167.24,,,,,,,Fee Schedule,"225 Percent of Medicaid APG. ",3.84,,,,,,,Fee schedule,"90 Percent of Medicare RBRVS. ",3.84,,,,,,,Fee schedule,"90 Percent of Medicare RBRVS. ",167.24,,,,,,,Case Rate,225 Percent of Medicaid APG. Covered services not payable under Medicaid Fee Schedules default to a payment of 87.5 percent of charges.,3.84,,,,,,,Fee schedule,90 Percent of Medicare Laboratory. Covered services not payable under Medicaid Fee Schedules default to a payment of 50 percent of charges.,167.24,,,,,,,Case Rate,"100 Percent of Medicaid APG. ",167.24,,,,,,,Case Rate,"100 Percent of Medicaid APG. ",167.24,,,,,,,Case Rate,"100 Percent of Medicaid APG. ",167.24,,,,,,,Case Rate,"100 Percent of Medicaid APG. ",43.51,,,,,,,Fee Schedule,"1019 % Manhattan Facility Rate. ",35.5,50,,,,,0,percent of total billed charges,50 percent of billed charges; No services were performed during the 15 month look back period.,89.19,,,,,,,Case Rate,"120 Percent of Medicaid APG. Not APG payable, or payable under another fee schedule like ASP/AWP pays at 30% of charges",89.19,,,,,,,Case Rate,"120 Percent of Medicaid APG. Not APG payable, or payable under another fee schedule like ASP/AWP pays at 30% of charges",74.33,,,,,,,Case Rate,"100 Percent of Medicaid APG. Not APG payable, or payable under another fee schedule like ASP/AWP pays at 30% of charges",74.33,,,,,,,Case Rate,"100 Percent of Medicaid APG. Not APG payable, or payable under another fee schedule like ASP/AWP pays at 30% of charges",13.97,,,,,,,Fee Schedule,"238 % 2013 Manhattan Medicare. ",13.97,,,,,,,Fee Schedule,"238 % 2013 Manhattan Medicare. ",4.27,,,,,,,Fee Schedule,"100% Medicare Lab FS. ",13.97,,,,,,,Fee Schedule,"238 % 2013 Manhattan Medicare. ",13.97,,,,,,,Fee Schedule,"238 % 2013 Manhattan Medicare. ",13.97,,,,,,,Fee Schedule,"238 % 2013 Manhattan Medicare. ",13.97,,,,,,,Fee Schedule,"238 % 2013 Manhattan Medicare. ",4.27,,,,,,,Fee Schedule,"100% Medicare Lab FS. ",13.97,,,,,,,Fee Schedule,"238 % 2013 Manhattan Medicare. ",13.97,,,,,,,Fee Schedule,"238 % 2013 Manhattan Medicare. ",10.72,,,,,,,Fee Schedule,"251.053864168618 % Medicare Physician FS TC Rates Only. ",4.27,,,,,,,Fee Schedule,100% of RBRVS. Lesser of 100% of billed charges applies.,3.84,,,,,,,Fee schedule,90 Percent of Medicare Laboratory. Covered services not payable under Medicaid Fee Schedules default to a payment of 50 percent of charges.,167.24,,,,,,,Fee Schedule,225% of NYS APG. Lesser of 100% of billed charges applies.,167.24,,,,,,,Case Rate,225 Percent of Medicaid APG. Covered services not payable under Medicaid Fee Schedules default to a payment of 87.5 percent of charges.,3.84,,,,,,,Fee schedule,90 Percent of Medicare Laboratory. Covered services not payable under Medicaid Fee Schedules default to a payment of 50 percent of charges.,167.24,,,,,,,Fee Schedule,225% of NYS APG. Lesser of 100% of billed charges applies.,167.24,,,,,,,Fee Schedule,225% of NYS APG. Lesser of 100% of billed charges applies.,167.24,,,,,,,Fee Schedule,225% of NYS APG. Lesser of 100% of billed charges applies.,167.24,,,,,,,Fee Schedule,225% of NYS APG. Lesser of 100% of billed charges applies.,167.24,,,,,,,Fee Schedule,225% of NYS APG. Lesser of 100% of billed charges applies.,167.24,,,,,,,Fee Schedule,225% of NYS APG. Lesser of 100% of billed charges applies.,,,,,,,,,"NA. ",,,,,,,,,"NA. ",,,,,,,,,"NA. ",9.56,,,,,,,Fee Schedule,"150 % 2018 Cigna RBRVS fee schedule. ",,,,,,,,,"NA. ",4.27,,,,,,,Fee Schedule,"100% Medicare Lab FS. ",10,,,,,,,Fee Schedule,"100 % 1199 Fee Schedule. ",4.27,,,,,,,Fee Schedule,"100% Medicare Lab FS. ",4.27,,,,,,,Fee Schedule,"100% Medicare Lab FS. ",89.19,,,,,,,Case Rate,"120 Percent of Medicaid APG. Not APG payable, or payable under another fee schedule like ASP/AWP pays at 30% of charges",89.19,,,,,,,Case Rate,"120 Percent of Medicaid APG. Not APG payable, or payable under another fee schedule like ASP/AWP pays at 30% of charges",74.33,,,,,,,Case Rate,"100 Percent of Medicaid APG. Not APG payable, or payable under another fee schedule like ASP/AWP pays at 30% of charges",74.33,,,,,,,Case Rate,"100 Percent of Medicaid APG. Not APG payable, or payable under another fee schedule like ASP/AWP pays at 30% of charges",74.33,,,,,,,Case Rate,"100 Percent of Medicaid APG. ",9.27,,,,,,,Fee Schedule,"217 % Medicare RBRVS. ",10.72,,,,,,,Fee Schedule,"251.053864168618 % Medicare Physician FS TC Rates Only. ",10.89,,,,,,,Fee Schedule,"255 % Medicare RBRVS. ",9.56,,,,,,,Fee Schedule,"150 % 2018 Cigna RBRVS fee schedule. ",4.27,,,,,,,Fee Schedule,"100% Medicare Lab FS. ",4.27,,,,,,,Fee Schedule,"100% Medicare Lab FS. ",4.27,,,,,,,Fee Schedule,"100% Medicare Lab FS. ",4.27,,,,,,,Fee Schedule,"100% Medicare Lab FS. ",4.27,,,,,,,Fee Schedule,"100% Medicare Lab FS. ",4.27,,,,,,,Fee Schedule,"100% Medicare Lab FS. ",,,,,,,,,"NA. ",167.24,,,,,,,Fee Schedule,225% of NYS APG. Lesser of 100% of billed charges applies.,3.84,,,,,,,Fee Schedule,90 Percent of Medicare RBRVS. Lesser of 100% of billed charges applies.,13.97,,,,,,,Fee Schedule,"238 % 2013 Manhattan Medicare. ",9.27,,,,,,,Fee Schedule,"217 % Medicare RBRVS. ",9.27,,,,,,,Fee Schedule,"217 % Medicare RBRVS. ",9.27,,,,,,,Fee Schedule,"217 % Medicare RBRVS. ",9.27,,,,,,,Fee Schedule,"217 % Medicare RBRVS. ",4.27,,,,,,,Fee Schedule,"100% Medicare Lab FS. ",74.33,,,,,,,Case Rate,"100 Percent of Medicaid APG. ",13.97,,,,,,,Fee Schedule,"238 % 2013 Manhattan Medicare. ",74.33,,,,,,,Case Rate,"100 Percent of Medicaid APG. ",4.27,,,,,,,Fee Schedule,"100% Medicare Lab FS. ",74.33,,,,,,,Case Rate,"100 Percent of Medicaid APG. ",4.27,,,,,,,Fee Schedule,"100% Medicare Lab FS. ",4.27,,,,,,,Fee Schedule,"100% Medicare Lab FS. ",74.33,,,,,,,Case Rate,"100 Percent of Medicaid APG. ",74.33,,,,,,,Case Rate,"100 Percent of Medicaid APG. ",9.27,,,,,,,Fee Schedule,"217 % Medicare RBRVS. ",9.56,,,,,,,Fee Schedule,"150 % 2018 Cigna RBRVS fee schedule. ",55.38,78,,,,,0,percent of total billed charges,78% of Billed Charges. Lesser of 100% of billed charges applies.; No services were performed during the 15 month look back period.,4.75,,,,,,,Fee Schedule,"100 % 2019 CMS Clinical Lab National Limit Pub 20190115. ",4.75,,,,,,,Fee Schedule,"100 % 2019 CMS Clinical Lab National Limit Pub 20190115. ",10.72,,,,,,,Fee Schedule,"251.053864168618 % Medicare Physician FS TC Rates Only. ",4.18,,,,,,,Fee Schedule,"98% Lab FS. ",8.24,,,,,,,Fee Schedule,"193 % Medicare RBRVS. ",8.24,,,,,,,Fee Schedule,"193 % Medicare RBRVS. ",11.18,,,,,,,Fee Schedule,"190.4 % 2013 Manhattan Medicare. ",11.18,,,,,,,Fee Schedule,"190.4 % 2013 Manhattan Medicare. ",4.27,,,,,,,Fee Schedule,"100% Medicare Lab FS. ",4.27,,,,,,,Fee Schedule,"100% Medicare Lab FS. ",4.27,,,,,,,Fee Schedule,"100% Medicare Lab FS. ",4.27,,,,,,,Fee Schedule,"100% Medicare Lab FS. ",4.75,,,,,,,Fee Schedule,"100 % 2019 CMS Clinical Lab National Limit Pub 20190115. ",13.97,,,,,,,Fee Schedule,"238 % 2013 Manhattan Medicare. ",13.97,,,,,,,Fee Schedule,"238 % 2013 Manhattan Medicare. ",4.27,,,,,,,Fee Schedule,"100% Medicare Lab FS. ",11.18,,,,,,,Fee Schedule,"190.4 % 2013 Manhattan Medicare. ",10.89,,,,,,,Fee Schedule,"255 % Medicare RBRVS. ",89.19,,,,,,,Fee Schedule,"120 Percent of Medicaid APG. ",74.33,,,,,,,Case Rate,"100 Percent of Medicaid APG. ",9.27,,,,,,,Fee Schedule,"217 % Medicare RBRVS. ",12.57,,,,,,,Fee Schedule,"214.2 % 2013 Manhattan Medicare. ",12.57,,,,,,,Fee Schedule,"214.2 % 2013 Manhattan Medicare. ",13.97,,,,,,,Fee Schedule,"238 % 2013 Manhattan Medicare. ",35.5,50,,,,,0,percent of total billed charges,50 percent of billed charges; No services were performed during the 15 month look back period.,4.27,,,,,,,Fee Schedule,"100% Medicare Lab FS. ",78.04,,,,,,,Fee Schedule,105 percent of Medicaid APG. otherwise 105% of Ordered NYS MCD FS or 105% of ASP+6%,78.04,,,,,,,Fee Schedule,105 percent of Medicaid APG. otherwise 105% of Ordered NYS MCD FS or 105% of ASP+6%,78.04,,,,,,,Fee Schedule,105 percent of Medicaid APG. otherwise 105% of Ordered NYS MCD FS or 105% of ASP+6%,100.34,,,,,,,Fee Schedule,135 percent of Medicaid APG. otherwise 135% of Ordered NYS MCD FS or 135% of ASP+6%,4.75,,,,,,,Fee Schedule,"100 % 2019 CMS Clinical Lab National Limit Pub 20190115. ",78.04,,,,,,,Fee Schedule,105 percent of Medicaid APG. otherwise 105% of Ordered NYS MCD FS or 105% of ASP+6%,78.04,,,,,,,Fee Schedule,105 percent of Medicaid APG. otherwise 105% of Ordered NYS MCD FS or 105% of ASP+6%,78.04,,,,,,,Fee Schedule,105 percent of Medicaid APG. otherwise 105% of Ordered NYS MCD FS or 105% of ASP+6%,78.04,,,,,,,Fee Schedule,105 percent of Medicaid APG. otherwise 105% of Ordered NYS MCD FS or 105% of ASP+6%,78.04,,,,,,,Fee Schedule,105 percent of Medicaid APG. otherwise 105% of Ordered NYS MCD FS or 105% of ASP+6%,100.34,,,,,,,Fee Schedule,135 percent of Medicaid APG. otherwise 135% of Ordered NYS MCD FS or 135% of ASP+6%,100.34,,,,,,,Fee Schedule,135 percent of Medicaid APG. otherwise 135% of Ordered NYS MCD FS or 135% of ASP+6%,4.27,,,,,,,Fee Schedule,"100% Medicare Lab FS. ",4.75,,,,,,,Fee Schedule,"100 % 2019 CMS Clinical Lab National Limit Pub 20190115. ",4.27,,,,,,,Fee Schedule,"100% Medicare Lab FS. ",78.04,,,,,,,Fee Schedule,105 percent of Medicaid APG. otherwise 105% of Ordered NYS MCD FS or 105% of ASP+6%,13.97,,,,,,,Fee Schedule,"238 % 2013 Manhattan Medicare. ",4.27,,,,,,,Fee Schedule,"100% Medicare Lab FS. ",13.97,,,,,,,Fee Schedule,"238 % 2013 Manhattan Medicare. ",13.97,,,,,,,Fee Schedule,"238 % 2013 Manhattan Medicare. ",13.97,,,,,,,Fee Schedule,"238 % 2013 Manhattan Medicare. ",78.04,,,,,,,Fee Schedule,105 percent of Medicaid APG. otherwise 105% of Ordered NYS MCD FS or 105% of ASP+6%,4.27,,,,,,,Fee Schedule,"100% Medicare Lab FS. ",13.97,,,,,,,Fee Schedule,"238 % 2013 Manhattan Medicare. ",100.34,,,,,,,Fee Schedule,135 percent of Medicaid APG. otherwise 135% of Ordered NYS MCD FS or 135% of ASP+6%,13.97,,,,,,,Fee Schedule,"238 % 2013 Manhattan Medicare. ",6.4,,,,,,,Fee Schedule,"150% of Medicare Lab FS. ",4.27,,,,,,,Fee Schedule,"100% Medicare Lab FS. ",9.27,,,,,,,Fee Schedule,"217 % Medicare RBRVS. ",9.27,,,,,,,Fee Schedule,"217 % Medicare RBRVS. ",9.27,,,,,,,Fee Schedule,"217 % Medicare RBRVS. ",9.27,,,,,,,Fee Schedule,"217 % Medicare RBRVS. ",9.27,,,,,,,Fee Schedule,"217 % Medicare RBRVS. ",10.89,,,,,,,Fee Schedule,"255 % Medicare RBRVS. ",10.89,,,,,,,Fee Schedule,"255 % Medicare RBRVS. ",9.27,,,,,,,Fee Schedule,"217 % Medicare RBRVS. ",9.27,,,,,,,Fee Schedule,"217 % Medicare RBRVS. ",9.27,,,,,,,Fee Schedule,"217 % Medicare RBRVS. ",9.27,,,,,,,Fee Schedule,"217 % Medicare RBRVS. ",9.27,,,,,,,Fee Schedule,"217 % Medicare RBRVS. ",4.27,,,,,,,Fee Schedule,"100% Medicare Lab FS. ",10.89,,,,,,,Fee Schedule,"255 % Medicare RBRVS. ",4.27,,,,,,,Fee Schedule,"100% Medicare Lab FS. ",167.24,,,,,,,Case Rate,"225 Percent of Medicaid APG. If not included in Medicaid APG, then 100 Percent of Manhattan Medicare",74.33,,,,,,,Case Rate,"100 Percent of Medicaid APG. If not priced under APG, then Metroplus FeeSched",4.75,,,,,,,Fee Schedule,"100 % 2019 CMS Clinical Lab National Limit Pub 20190115. ",4.75,,,,,,,Fee Schedule,"100 % 2019 CMS Clinical Lab National Limit Pub 20190115. ",4.27,,,,,,,Fee Schedule,"100% Medicare Lab FS. ",8.24,,,,,,,Fee Schedule,"193 % Medicare RBRVS. ",4.27,,,,,,,Fee Schedule,"100% Medicare Lab FS. ",4.27,,,,,,,Fee Schedule,"100% Medicare Lab FS. ",10.72,,,,,,,Fee Schedule,"251.053864168618 % Medicare Physician FS TC Rates Only. ",4.27,,,,,,,Fee Schedule,"100% Medicare Lab FS. ",9.56,,,,,,,Fee Schedule,"150 % 2018 Cigna RBRVS fee schedule. ",4.27,,,,,,,Fee Schedule,"100% Medicare Lab FS. ",9.56,,,,,,,Fee Schedule,"150 % 2018 Cigna RBRVS fee schedule. ",10.72,,,,,,,Fee Schedule,"251.053864168618 % Medicare Physician FS TC Rates Only. ",9.56,,,,,,,Fee Schedule,"150 % 2018 Cigna RBRVS fee schedule. ",4.27,,,,,,,Fee Schedule,"100% Medicare Lab FS. ",74.33,,,,,,,Case Rate,"100 Percent of Medicaid APG. ",4.27,,,,,,,Fee Schedule,"100% Medicare Lab FS. ",9.56,,,,,,,Fee Schedule,"150 % 2018 Cigna RBRVS fee schedule. ",4.75,,,,,,,Fee Schedule,"100 % 2019 CMS Clinical Lab National Limit Pub 20190115. ",74.33,,,,,,,Case Rate,"100 Percent of Medicaid APG. ",13.97,,,,,,,Fee Schedule,"238 % 2013 Manhattan Medicare. ",89.19,,,,,,,Fee Schedule,"120 Percent of Medicaid APG. ",89.19,,,,,,,Fee Schedule,"120 Percent of Medicaid APG. ",13.97,,,,,,,Fee Schedule,"238 % 2013 Manhattan Medicare. ",13.97,,,,,,,Fee Schedule,"238 % 2013 Manhattan Medicare. ",13.97,,,,,,,Fee Schedule,"238 % 2013 Manhattan Medicare. ",4.75,,,,,,,Fee Schedule,"100 % 2019 CMS Clinical Lab National Limit Pub 20190115. ",13.97,,,,,,,Fee Schedule,"238 % 2013 Manhattan Medicare. ",13.97,,,,,,,Fee Schedule,"238 % 2013 Manhattan Medicare. ",13.97,,,,,,,Fee Schedule,"238 % 2013 Manhattan Medicare. ",9.27,,,,,,,Fee Schedule,"217 % Medicare RBRVS. ",9.27,,,,,,,Fee Schedule,"217 % Medicare RBRVS. ",6.02,,,,,,,Fee Schedule,141 Percent of of Medicare Lab FS. Metroplus will reimburse unlisted codes and described codes with no Medicare rate at 50 percent of charges.,74.33,,,,,,,Case Rate,"100 Percent of Medicaid APG. ",4.75,,,,,,,Fee Schedule,"100 % 2019 CMS Clinical Lab National Limit Pub 20190115. ",9.56,,,,,,,Fee Schedule,"150 % 2018 Cigna RBRVS fee schedule. ",10.72,,,,,,,Fee Schedule,"251.053864168618 % Medicare Physician FS TC Rates Only. ",4.75,,,,,,,Fee Schedule,"100 % 2019 CMS Clinical Lab National Limit Pub 20190115. ",10.72,,,,,,,Fee Schedule,"251.053864168618 % Medicare Physician FS TC Rates Only. ",4.75,,,,,,,Fee Schedule,"100 % 2019 CMS Clinical Lab National Limit Pub 20190115. ",13.97,,,,,,,Fee Schedule,"238 % 2013 Manhattan Medicare. ",13.97,,,,,,,Fee Schedule,"238 % 2013 Manhattan Medicare. ",13.97,,,,,,,Fee Schedule,"238 % 2013 Manhattan Medicare. ",13.97,,,,,,,Fee Schedule,"238 % 2013 Manhattan Medicare. ",4.27,,,,,,,Fee Schedule,"100% Medicare Lab FS. ",3.84,167.24,
87299,CPT,2023649,LOCAL,300,RC,HC NOS INFECT AGNT BY IMMUNOFLUORES TECHN; EA ORG,50.72,19.32,both,,,,13,,,,,,,Fee Schedule,"100 % 1199 Fee Schedule. ",13,,,,,,,Fee Schedule,"100 % 1199 Fee Schedule. ",40.41,,,,,,,Fee Schedule,"250.993788819876 % Medicare Physician FS TC Rates Only. ",50.72,100,,,,,0,percent of total billed charges,100 percent of billed charges. ; No services were performed during the 15 month look back period.,16.1,,,,,,,Fee Schedule,"100% Medicare Lab FS. ",40.41,,,,,,,Fee Schedule,"250.993788819876 % Medicare Physician FS TC Rates Only. ",40.41,,,,,,,Fee Schedule,"250.993788819876 % Medicare Physician FS TC Rates Only. ",40.41,,,,,,,Fee Schedule,"250.993788819876 % Medicare Physician FS TC Rates Only. ",89.19,,,,,,,Case Rate,"100 Percent of Medicaid APG. ",74.33,,,,,,,Case Rate,"100 Percent of Medicaid APG. ",39.5616,78,,,,,0,percent of total billed charges,78% of Billed Charges. Lesser of 100% of billed charges applies.; No services were performed during the 15 month look back period.,16.1,,,,,,,Fee Schedule,"100 % 2019 CMS Clinical Lab National Limit Pub 20190115. ",74.33,,,,,,,Case Rate,"100 Percent of Medicaid APG. ",16.1,,,,,,,Fee Schedule,"100% Medicare Lab FS. ",28.67,,,,,,,Fee Schedule,"150 % 2018 Cigna RBRVS fee schedule. ",28.67,,,,,,,Fee Schedule,"150 % 2018 Cigna RBRVS fee schedule. ",28.67,,,,,,,Fee Schedule,"150 % 2018 Cigna RBRVS fee schedule. ",28.67,,,,,,,Fee Schedule,"150 % 2018 Cigna RBRVS fee schedule. ",14.49,,,,,,,Fee schedule,90 Percent of Medicare Laboratory. Covered services not payable under Medicaid Fee Schedules default to a payment of 50 percent of charges.,16.1,,,,,,,Fee Schedule,"100% Medicare Lab FS. ",14.49,,,,,,,Fee schedule,90 Percent of Medicare Laboratory. Covered services not payable under Medicaid Fee Schedules default to a payment of 50 percent of charges.,39.5616,78,,,,,0,percent of total billed charges,78% of Billed Charges. Lesser of 100% of billed charges applies.; No services were performed during the 15 month look back period.,40.41,,,,,,,Fee Schedule,"250.993788819876 % Medicare Physician FS TC Rates Only. ",16.1,,,,,,,Fee Schedule,"100% Medicare Lab FS. ",41.06,,,,,,,Fee Schedule,"255 % Medicare RBRVS. ",16.1,,,,,,,Fee Schedule,"100% Medicare Lab FS. ",16.1,,,,,,,Fee Schedule,"100% Medicare Lab FS. ",39.5616,78,,,,,0,percent of total billed charges,78% of Billed Charges. Lesser of 100% of billed charges applies.; No services were performed during the 15 month look back period.,,,,,,,,Fee Schedule,100% Medicaid Fee Schedule. Lesser of 100% of billed charges applies.,,,,,,,,Fee Schedule,100% Medicaid Fee Schedule. Lesser of 100% of billed charges applies.,14.49,,,,,,,Fee schedule,"90 Percent of Medicare RBRVS. ",14.49,,,,,,,Fee schedule,"90 Percent of Medicare RBRVS. ",41.06,,,,,,,Fee Schedule,"255 % Medicare RBRVS. ",41.06,,,,,,,Fee Schedule,"255 % Medicare RBRVS. ",74.33,,,,,,,Case Rate,"100 Percent of Medicaid APG. Not APG payable, or payable under another fee schedule like ASP/AWP pays at 30% of charges",41.06,,,,,,,Fee Schedule,"255 % Medicare RBRVS. ",74.33,,,,,,,Case Rate,"100 Percent of Medicaid APG. Not APG payable, or payable under another fee schedule like ASP/AWP pays at 30% of charges",16.1,,,,,,,Fee Schedule,"100% Medicare Lab FS. ",41.06,,,,,,,Fee Schedule,"255 % Medicare RBRVS. ",39.5616,78,,,,,0,percent of total billed charges,78% of Billed Charges. Lesser of 100% of billed charges applies.; No services were performed during the 15 month look back period.,74.33,,,,,,,Case Rate,"100 Percent of Medicaid APG. If not priced under APG, then Metroplus FeeSched",74.33,,,,,,,Case Rate,"100 Percent of Medicaid APG. If not priced under APG, then Metroplus FeeSched",39.5616,78,,,,,0,percent of total billed charges,78% of Billed Charges. Lesser of 100% of billed charges applies.; No services were performed during the 15 month look back period.,28.67,,,,,,,Fee Schedule,"150 % 2018 Cigna RBRVS fee schedule. ",16.1,,,,,,,Fee Schedule,"100 % 2019 CMS Clinical Lab National Limit Pub 20190115. ",16.1,,,,,,,Fee Schedule,"100 % 2019 CMS Clinical Lab National Limit Pub 20190115. ",39.5616,78,,,,,0,percent of total billed charges,78% of Billed Charges. Lesser of 100% of billed charges applies.; No services were performed during the 15 month look back period.,16.1,,,,,,,Fee Schedule,"100% Medicare Lab FS. ",16.1,,,,,,,Fee Schedule,"100 % 2019 CMS Clinical Lab National Limit Pub 20190115. ",16.1,,,,,,,Fee Schedule,"100 % 2019 CMS Clinical Lab National Limit Pub 20190115. ",16.1,,,,,,,Fee Schedule,"100 % 2019 CMS Clinical Lab National Limit Pub 20190115. ",16.1,,,,,,,Fee Schedule,"100% Medicare Lab FS. ",16.1,,,,,,,Fee Schedule,"100 % 2019 CMS Clinical Lab National Limit Pub 20190115. ",16.1,,,,,,,Fee Schedule,"100 % 2019 CMS Clinical Lab National Limit Pub 20190115. ",16.1,,,,,,,Fee Schedule,"100% of Medicare Lab FS. ",25.36,50,,,,,0,percent of total billed charges,50 percent of billed charges; No services were performed during the 15 month look back period.,28.61,,,,,,,Fee Schedule,"238 % 2013 Manhattan Medicare. ",28.61,,,,,,,Fee Schedule,"238 % 2013 Manhattan Medicare. ",28.61,,,,,,,Fee Schedule,"238 % 2013 Manhattan Medicare. ",28.61,,,,,,,Fee Schedule,"238 % 2013 Manhattan Medicare. ",28.61,,,,,,,Fee Schedule,"238 % 2013 Manhattan Medicare. ",28.61,,,,,,,Fee Schedule,"238 % 2013 Manhattan Medicare. ",16.1,,,,,,,Fee Schedule,"100% Medicare Lab FS. ",16.1,,,,,,,Fee Schedule,"100% Medicare Lab FS. ",28.61,,,,,,,Fee Schedule,"238 % 2013 Manhattan Medicare. ",39.5616,78,,,,,0,percent of total billed charges,78% of Billed Charges. Lesser of 100% of billed charges applies.; No services were performed during the 15 month look back period.,39.5616,78,,,,,0,percent of total billed charges,78% of Billed Charges. Lesser of 100% of billed charges applies.; No services were performed during the 15 month look back period.,39.5616,78,,,,,0,percent of total billed charges,78% of Billed Charges. Lesser of 100% of billed charges applies.; No services were performed during the 15 month look back period.,39.5616,78,,,,,0,percent of total billed charges,78% of Billed Charges. Lesser of 100% of billed charges applies.; No services were performed during the 15 month look back period.,39.5616,78,,,,,0,percent of total billed charges,78% of Billed Charges. Lesser of 100% of billed charges applies.; No services were performed during the 15 month look back period.,39.5616,78,,,,,0,percent of total billed charges,78% of Billed Charges. Lesser of 100% of billed charges applies.; No services were performed during the 15 month look back period.,39.5616,78,,,,,0,percent of total billed charges,78% of Billed Charges. Lesser of 100% of billed charges applies.; No services were performed during the 15 month look back period.,39.5616,78,,,,,0,percent of total billed charges,78% of Billed Charges. Lesser of 100% of billed charges applies.; No services were performed during the 15 month look back period.,39.5616,78,,,,,0,percent of total billed charges,78% of Billed Charges. Lesser of 100% of billed charges applies.; No services were performed during the 15 month look back period.,39.5616,78,,,,,0,percent of total billed charges,78% of Billed Charges. Lesser of 100% of billed charges applies.; No services were performed during the 15 month look back period.,39.5616,78,,,,,0,percent of total billed charges,78% of Billed Charges. Lesser of 100% of billed charges applies.; No services were performed during the 15 month look back period.,39.5616,78,,,,,0,percent of total billed charges,78% of Billed Charges. Lesser of 100% of billed charges applies.; No services were performed during the 15 month look back period.,39.5616,78,,,,,0,percent of total billed charges,78% of Billed Charges. Lesser of 100% of billed charges applies.; No services were performed during the 15 month look back period.,39.5616,78,,,,,0,percent of total billed charges,78% of Billed Charges. Lesser of 100% of billed charges applies.; No services were performed during the 15 month look back period.,39.5616,78,,,,,0,percent of total billed charges,78% of Billed Charges. Lesser of 100% of billed charges applies.; No services were performed during the 15 month look back period.,39.5616,78,,,,,0,percent of total billed charges,78% of Billed Charges. Lesser of 100% of billed charges applies.; No services were performed during the 15 month look back period.,39.5616,78,,,,,0,percent of total billed charges,78% of Billed Charges. Lesser of 100% of billed charges applies.; No services were performed during the 15 month look back period.,39.5616,78,,,,,0,percent of total billed charges,78% of Billed Charges. Lesser of 100% of billed charges applies.; No services were performed during the 15 month look back period.,39.5616,78,,,,,0,percent of total billed charges,78% of Billed Charges. Lesser of 100% of billed charges applies.; No services were performed during the 15 month look back period.,39.5616,78,,,,,0,percent of total billed charges,78% of Billed Charges. Lesser of 100% of billed charges applies.; No services were performed during the 15 month look back period.,39.5616,78,,,,,0,percent of total billed charges,78% of Billed Charges. Lesser of 100% of billed charges applies.; No services were performed during the 15 month look back period.,39.5616,78,,,,,0,percent of total billed charges,78% of Billed Charges. Lesser of 100% of billed charges applies.; No services were performed during the 15 month look back period.,39.5616,78,,,,,0,percent of total billed charges,78% of Billed Charges. Lesser of 100% of billed charges applies.; No services were performed during the 15 month look back period.,39.5616,78,,,,,0,percent of total billed charges,78% of Billed Charges. Lesser of 100% of billed charges applies.; No services were performed during the 15 month look back period.,39.5616,78,,,,,0,percent of total billed charges,78% of Billed Charges. Lesser of 100% of billed charges applies.; No services were performed during the 15 month look back period.,39.5616,78,,,,,0,percent of total billed charges,78% of Billed Charges. Lesser of 100% of billed charges applies.; No services were performed during the 15 month look back period.,41.06,,,,,,,Fee Schedule,"255 % Medicare RBRVS. ",41.06,,,,,,,Fee Schedule,"255 % Medicare RBRVS. ",41.06,,,,,,,Fee Schedule,"255 % Medicare RBRVS. ",41.06,,,,,,,Fee Schedule,"255 % Medicare RBRVS. ",31.07,,,,,,,Fee Schedule,"193 % Medicare RBRVS. ",31.07,,,,,,,Fee Schedule,"193 % Medicare RBRVS. ",28.67,,,,,,,Fee Schedule,"150 % 2018 Cigna RBRVS fee schedule. ",28.61,,,,,,,Fee Schedule,"238 % 2013 Manhattan Medicare. ",16.1,,,,,,,Fee Schedule,"100 % 2019 CMS Clinical Lab National Limit Pub 20190115. ",28.61,,,,,,,Fee Schedule,"238 % 2013 Manhattan Medicare. ",39.5616,78,,,,,0,percent of total billed charges,78% of Billed Charges. Lesser of 100% of billed charges applies.; No services were performed during the 15 month look back period.,31.07,,,,,,,Fee Schedule,"193 % Medicare RBRVS. ",28.61,,,,,,,Fee Schedule,"238 % 2013 Manhattan Medicare. ",16.1,,,,,,,Fee Schedule,"100 % 2019 CMS Clinical Lab National Limit Pub 20190115. ",28.67,,,,,,,Fee Schedule,"150 % 2018 Cigna RBRVS fee schedule. ",,,,,,,,,"NA. ",39.5616,78,,,,,0,percent of total billed charges,78% of Billed Charges. Lesser of 100% of billed charges applies.; No services were performed during the 15 month look back period.,74.33,,,,,,,Case Rate,"100 Percent of Medicaid APG. ",41.06,,,,,,,Fee Schedule,"255 % Medicare RBRVS. ",74.33,,,,,,,Case Rate,"100 Percent of Medicaid APG. Not APG payable, or payable under another fee schedule like ASP/AWP pays at 30% of charges",16.1,,,,,,,Fee Schedule,"100% Medicare Lab FS. ",16.1,,,,,,,Fee Schedule,"100% Medicare Lab FS. ",25.36,50,,,,,0,percent of total billed charges,50 percent of billed charges; No services were performed during the 15 month look back period.,16.1,,,,,,,Fee Schedule,"100% Medicare Lab FS. ",16.1,,,,,,,Fee Schedule,"100% Medicare Lab FS. ",74.33,,,,,,,Case Rate,"100 Percent of Medicaid APG. ",16.1,,,,,,,Fee Schedule,"100% Medicare Lab FS. ",16.1,,,,,,,Fee Schedule,"100% Medicare Lab FS. ",40.41,,,,,,,Fee Schedule,"250.993788819876 % Medicare Physician FS TC Rates Only. ",40.41,,,,,,,Fee Schedule,"250.993788819876 % Medicare Physician FS TC Rates Only. ",16.1,,,,,,,Fee Schedule,"100% Medicare Lab FS. ",28.67,,,,,,,Fee Schedule,"150 % 2018 Cigna RBRVS fee schedule. ",16.1,,,,,,,Fee Schedule,"100 % 2019 CMS Clinical Lab National Limit Pub 20190115. ",16.1,,,,,,,Fee Schedule,"100 % 2019 CMS Clinical Lab National Limit Pub 20190115. ",16.1,,,,,,,Fee Schedule,"100% Medicare Lab FS. ",28.67,,,,,,,Fee Schedule,"150 % 2018 Cigna RBRVS fee schedule. ",40.41,,,,,,,Fee Schedule,"250.993788819876 % Medicare Physician FS TC Rates Only. ",40.41,,,,,,,Fee Schedule,"250.993788819876 % Medicare Physician FS TC Rates Only. ",40.41,,,,,,,Fee Schedule,"250.993788819876 % Medicare Physician FS TC Rates Only. ",39.5616,78,,,,,0,percent of total billed charges,78% of Billed Charges. Lesser of 100% of billed charges applies.; No services were performed during the 15 month look back period.,39.5616,78,,,,,0,percent of total billed charges,78% of Billed Charges. Lesser of 100% of billed charges applies.; No services were performed during the 15 month look back period.,39.5616,78,,,,,0,percent of total billed charges,78% of Billed Charges. Lesser of 100% of billed charges applies.; No services were performed during the 15 month look back period.,39.5616,78,,,,,0,percent of total billed charges,78% of Billed Charges. Lesser of 100% of billed charges applies.; No services were performed during the 15 month look back period.,39.5616,78,,,,,0,percent of total billed charges,78% of Billed Charges. Lesser of 100% of billed charges applies.; No services were performed during the 15 month look back period.,39.5616,78,,,,,0,percent of total billed charges,78% of Billed Charges. Lesser of 100% of billed charges applies.; No services were performed during the 15 month look back period.,39.5616,78,,,,,0,percent of total billed charges,78% of Billed Charges. Lesser of 100% of billed charges applies.; No services were performed during the 15 month look back period.,39.5616,78,,,,,0,percent of total billed charges,78% of Billed Charges. Lesser of 100% of billed charges applies.; No services were performed during the 15 month look back period.,39.5616,78,,,,,0,percent of total billed charges,78% of Billed Charges. Lesser of 100% of billed charges applies.; No services were performed during the 15 month look back period.,39.5616,78,,,,,0,percent of total billed charges,78% of Billed Charges. Lesser of 100% of billed charges applies.; No services were performed during the 15 month look back period.,39.5616,78,,,,,0,percent of total billed charges,78% of Billed Charges. Lesser of 100% of billed charges applies.; No services were performed during the 15 month look back period.,31.07,,,,,,,Fee Schedule,"193 % Medicare RBRVS. ",28.61,,,,,,,Fee Schedule,"238 % 2013 Manhattan Medicare. ",28.67,,,,,,,Fee Schedule,"150 % 2018 Cigna RBRVS fee schedule. ",16.1,,,,,,,Fee Schedule,"100% Medicare Lab FS. ",40.41,,,,,,,Fee Schedule,"250.993788819876 % Medicare Physician FS TC Rates Only. ",28.67,,,,,,,Fee Schedule,"150 % 2018 Cigna RBRVS fee schedule. ",28.67,,,,,,,Fee Schedule,"150 % 2018 Cigna RBRVS fee schedule. ",39.5616,78,,,,,0,percent of total billed charges,78% of Billed Charges. Lesser of 100% of billed charges applies.; No services were performed during the 15 month look back period.,159.06,,,,,,,Case Rate,"141 Percent of current Medicare RBRVS FeeSched. ",28.67,,,,,,,Fee Schedule,"150 % 2018 Cigna RBRVS fee schedule. ",74.33,,,,,,,Case Rate,"100 Percent of Medicaid APG. ",16.1,,,,,,,Fee Schedule,"100% Medicare Lab FS. ",16.1,,,,,,,Fee Schedule,"100% Medicare Lab FS. ",16.1,,,,,,,Fee Schedule,"100% Medicare Lab FS. ",16.1,,,,,,,Fee Schedule,"100% Medicare Lab FS. ",16.1,,,,,,,Fee Schedule,"100% Medicare Lab FS. ",16.1,,,,,,,Fee Schedule,"100% Medicare Lab FS. ",28.67,,,,,,,Fee Schedule,"150 % 2018 Cigna RBRVS fee schedule. ",25.36,50,,,,,0,percent of total billed charges,50 percent of billed charges; No services were performed during the 15 month look back period.,25.76,,,,,,,Fee Schedule,"160 Percent of Medicare Laboratory. ",25.76,,,,,,,Fee Schedule,"160 Percent of Medicare Laboratory. ",25.76,,,,,,,Fee Schedule,"160 Percent of Medicare Laboratory. ",25.76,,,,,,,Fee Schedule,"160 Percent of Medicare Laboratory. ",25.76,,,,,,,Fee Schedule,"160 Percent of Medicare Laboratory. ",,,,,,,,,"NA. ",25.36,50,,,,,0,percent of total billed charges,50 percent of billed charges; No services were performed during the 15 month look back period.,22.7,,,,,,,Fee Schedule,141 Percent of of Medicare Lab FS. Metroplus will reimburse unlisted codes and described codes with no Medicare rate at 50 percent of charges.,22.7,,,,,,,Fee Schedule,141 Percent of of Medicare Lab FS. Metroplus will reimburse unlisted codes and described codes with no Medicare rate at 50 percent of charges.,22.7,,,,,,,Fee Schedule,141 Percent of of Medicare Lab FS. Metroplus will reimburse unlisted codes and described codes with no Medicare rate at 50 percent of charges.,22.7,,,,,,,Fee Schedule,141 Percent of of Medicare Lab FS. Metroplus will reimburse unlisted codes and described codes with no Medicare rate at 50 percent of charges.,22.7,,,,,,,Fee Schedule,141 Percent of of Medicare Lab FS. Metroplus will reimburse unlisted codes and described codes with no Medicare rate at 50 percent of charges.,16.1,,,,,,,Fee Schedule,"100% Medicare Lab FS. ",31.07,,,,,,,Fee Schedule,"193 % Medicare RBRVS. ",31.07,,,,,,,Fee Schedule,"193 % Medicare RBRVS. ",31.07,,,,,,,Fee Schedule,"193 % Medicare RBRVS. ",31.07,,,,,,,Fee Schedule,"193 % Medicare RBRVS. ",40.41,,,,,,,Fee Schedule,"250.993788819876 % Medicare Physician FS TC Rates Only. ",40.41,,,,,,,Fee Schedule,"250.993788819876 % Medicare Physician FS TC Rates Only. ",40.41,,,,,,,Fee Schedule,"250.993788819876 % Medicare Physician FS TC Rates Only. ",40.41,,,,,,,Fee Schedule,"250.993788819876 % Medicare Physician FS TC Rates Only. ",25.36,50,,,,,0,percent of total billed charges,50 percent of billed charges; No services were performed during the 15 month look back period.,25.36,50,,,,,0,percent of total billed charges,50 percent of billed charges; No services were performed during the 15 month look back period.,16.1,,,,,,,Fee Schedule,"100% Medicare Lab FS. ",16.1,,,,,,,Fee Schedule,"100% Medicare Lab FS. ",16.1,,,,,,,Fee Schedule,"100% Medicare Lab FS. ",28.61,,,,,,,Fee Schedule,"238 % 2013 Manhattan Medicare. ",28.61,,,,,,,Fee Schedule,"238 % 2013 Manhattan Medicare. ",28.61,,,,,,,Fee Schedule,"238 % 2013 Manhattan Medicare. ",25.36,50,,,,,0,percent of total billed charges,50 percent of billed charges; No services were performed during the 15 month look back period.,40.41,,,,,,,Fee Schedule,"250.993788819876 % Medicare Physician FS TC Rates Only. ",16.1,,,,,,,Fee Schedule,"100% Medicare Lab FS. ",28.61,,,,,,,Fee Schedule,"238 % 2013 Manhattan Medicare. ",74.33,,,,,,,Case Rate,"100 Percent of Medicaid APG. ",16.42,,,,,,,Fee Schedule,"102% of Medicare Lab FS. ",16.42,,,,,,,Fee Schedule,"102% of Medicare Lab FS. ",16.42,,,,,,,Fee Schedule,"102% of Medicare Lab FS. ",14.49,,,,,,,Fee schedule,"90 Percent of Medicare RBRVS. ",167.24,,,,,,,Fee Schedule,225% of NYS APG. Lesser of 100% of billed charges applies.,167.24,,,,,,,Fee Schedule,225% of NYS APG. Lesser of 100% of billed charges applies.,167.24,,,,,,,Fee Schedule,225% of NYS APG. Lesser of 100% of billed charges applies.,167.24,,,,,,,Fee Schedule,225% of NYS APG. Lesser of 100% of billed charges applies.,167.24,,,,,,,Fee Schedule,225% of NYS APG. Lesser of 100% of billed charges applies.,16.42,,,,,,,Fee Schedule,"102% of Medicare Lab FS. ",74.33,,,,,,,Case Rate,"100 Percent of Medicaid APG. ",,,,,,,,Fee Schedule,100% Medicaid Fee Schedule. Lesser of 100% of billed charges applies.,167.24,,,,,,,Fee Schedule,225% of NYS APG. Lesser of 100% of billed charges applies.,167.24,,,,,,,Fee Schedule,225% of NYS APG. Lesser of 100% of billed charges applies.,,,,,,,,Fee Schedule,100% Medicaid Fee Schedule. Lesser of 100% of billed charges applies.,,,,,,,,Fee Schedule,100% Medicaid Fee Schedule. Lesser of 100% of billed charges applies.,25.76,,,,,,,Fee Schedule,"160 Percent of Medicare Laboratory. ",16.1,,,,,,,Fee Schedule,"100% Medicare Lab FS. ",16.1,,,,,,,Fee Schedule,"100% Medicare Lab FS. ",40.41,,,,,,,Fee Schedule,"250.993788819876 % Medicare Physician FS TC Rates Only. ",16.1,,,,,,,Fee Schedule,"100% Medicare Lab FS. ",167.24,,,,,,,Fee Schedule,"225 Percent of Medicaid APG. ",167.24,,,,,,,Fee Schedule,"225 Percent of Medicaid APG. ",14.49,,,,,,,Fee schedule,"90 Percent of Medicare RBRVS. ",14.49,,,,,,,Fee schedule,"90 Percent of Medicare RBRVS. ",167.24,,,,,,,Case Rate,225 Percent of Medicaid APG. Covered services not payable under Medicaid Fee Schedules default to a payment of 87.5 percent of charges.,14.49,,,,,,,Fee schedule,90 Percent of Medicare Laboratory. Covered services not payable under Medicaid Fee Schedules default to a payment of 50 percent of charges.,167.24,,,,,,,Case Rate,"100 Percent of Medicaid APG. ",167.24,,,,,,,Case Rate,"100 Percent of Medicaid APG. ",167.24,,,,,,,Case Rate,"100 Percent of Medicaid APG. ",167.24,,,,,,,Case Rate,"100 Percent of Medicaid APG. ",164.06,,,,,,,Fee Schedule,"1019 % Manhattan Facility Rate. ",25.36,50,,,,,0,percent of total billed charges,50 percent of billed charges; No services were performed during the 15 month look back period.,89.19,,,,,,,Case Rate,"120 Percent of Medicaid APG. Not APG payable, or payable under another fee schedule like ASP/AWP pays at 30% of charges",89.19,,,,,,,Case Rate,"120 Percent of Medicaid APG. Not APG payable, or payable under another fee schedule like ASP/AWP pays at 30% of charges",74.33,,,,,,,Case Rate,"100 Percent of Medicaid APG. Not APG payable, or payable under another fee schedule like ASP/AWP pays at 30% of charges",74.33,,,,,,,Case Rate,"100 Percent of Medicaid APG. Not APG payable, or payable under another fee schedule like ASP/AWP pays at 30% of charges",28.61,,,,,,,Fee Schedule,"238 % 2013 Manhattan Medicare. ",28.61,,,,,,,Fee Schedule,"238 % 2013 Manhattan Medicare. ",16.1,,,,,,,Fee Schedule,"100% Medicare Lab FS. ",28.61,,,,,,,Fee Schedule,"238 % 2013 Manhattan Medicare. ",28.61,,,,,,,Fee Schedule,"238 % 2013 Manhattan Medicare. ",28.61,,,,,,,Fee Schedule,"238 % 2013 Manhattan Medicare. ",28.61,,,,,,,Fee Schedule,"238 % 2013 Manhattan Medicare. ",16.1,,,,,,,Fee Schedule,"100% Medicare Lab FS. ",28.61,,,,,,,Fee Schedule,"238 % 2013 Manhattan Medicare. ",28.61,,,,,,,Fee Schedule,"238 % 2013 Manhattan Medicare. ",40.41,,,,,,,Fee Schedule,"250.993788819876 % Medicare Physician FS TC Rates Only. ",81.76,,,,,,,Fee Schedule,110% of APG. Lesser of 100% of billed charges applies.,14.49,,,,,,,Fee schedule,90 Percent of Medicare Laboratory. Covered services not payable under Medicaid Fee Schedules default to a payment of 50 percent of charges.,167.24,,,,,,,Fee Schedule,225% of NYS APG. Lesser of 100% of billed charges applies.,167.24,,,,,,,Case Rate,225 Percent of Medicaid APG. Covered services not payable under Medicaid Fee Schedules default to a payment of 87.5 percent of charges.,14.49,,,,,,,Fee schedule,90 Percent of Medicare Laboratory. Covered services not payable under Medicaid Fee Schedules default to a payment of 50 percent of charges.,167.24,,,,,,,Fee Schedule,225% of NYS APG. Lesser of 100% of billed charges applies.,167.24,,,,,,,Fee Schedule,225% of NYS APG. Lesser of 100% of billed charges applies.,167.24,,,,,,,Fee Schedule,225% of NYS APG. Lesser of 100% of billed charges applies.,167.24,,,,,,,Fee Schedule,225% of NYS APG. Lesser of 100% of billed charges applies.,167.24,,,,,,,Fee Schedule,225% of NYS APG. Lesser of 100% of billed charges applies.,167.24,,,,,,,Fee Schedule,225% of NYS APG. Lesser of 100% of billed charges applies.,,,,,,,,,"NA. ",,,,,,,,,"NA. ",,,,,,,,,"NA. ",28.67,,,,,,,Fee Schedule,"150 % 2018 Cigna RBRVS fee schedule. ",,,,,,,,,"NA. ",16.1,,,,,,,Fee Schedule,"100% Medicare Lab FS. ",13,,,,,,,Fee Schedule,"100 % 1199 Fee Schedule. ",16.1,,,,,,,Fee Schedule,"100% Medicare Lab FS. ",16.1,,,,,,,Fee Schedule,"100% Medicare Lab FS. ",89.19,,,,,,,Case Rate,"120 Percent of Medicaid APG. Not APG payable, or payable under another fee schedule like ASP/AWP pays at 30% of charges",89.19,,,,,,,Case Rate,"120 Percent of Medicaid APG. Not APG payable, or payable under another fee schedule like ASP/AWP pays at 30% of charges",74.33,,,,,,,Case Rate,"100 Percent of Medicaid APG. Not APG payable, or payable under another fee schedule like ASP/AWP pays at 30% of charges",74.33,,,,,,,Case Rate,"100 Percent of Medicaid APG. Not APG payable, or payable under another fee schedule like ASP/AWP pays at 30% of charges",74.33,,,,,,,Case Rate,"100 Percent of Medicaid APG. ",34.94,,,,,,,Fee Schedule,"217 % Medicare RBRVS. ",40.41,,,,,,,Fee Schedule,"250.993788819876 % Medicare Physician FS TC Rates Only. ",41.06,,,,,,,Fee Schedule,"255 % Medicare RBRVS. ",28.67,,,,,,,Fee Schedule,"150 % 2018 Cigna RBRVS fee schedule. ",16.1,,,,,,,Fee Schedule,"100% Medicare Lab FS. ",16.1,,,,,,,Fee Schedule,"100% Medicare Lab FS. ",16.1,,,,,,,Fee Schedule,"100% Medicare Lab FS. ",16.1,,,,,,,Fee Schedule,"100% Medicare Lab FS. ",16.1,,,,,,,Fee Schedule,"100% Medicare Lab FS. ",16.1,,,,,,,Fee Schedule,"100% Medicare Lab FS. ",,,,,,,,,"NA. ",167.24,,,,,,,Fee Schedule,225% of NYS APG. Lesser of 100% of billed charges applies.,,,,,,,,Fee Schedule,100% Medicaid Fee Schedule. Lesser of 100% of billed charges applies.,28.61,,,,,,,Fee Schedule,"238 % 2013 Manhattan Medicare. ",34.94,,,,,,,Fee Schedule,"217 % Medicare RBRVS. ",34.94,,,,,,,Fee Schedule,"217 % Medicare RBRVS. ",34.94,,,,,,,Fee Schedule,"217 % Medicare RBRVS. ",34.94,,,,,,,Fee Schedule,"217 % Medicare RBRVS. ",16.1,,,,,,,Fee Schedule,"100% Medicare Lab FS. ",74.33,,,,,,,Case Rate,"100 Percent of Medicaid APG. ",28.61,,,,,,,Fee Schedule,"238 % 2013 Manhattan Medicare. ",74.33,,,,,,,Case Rate,"100 Percent of Medicaid APG. ",16.1,,,,,,,Fee Schedule,"100% Medicare Lab FS. ",74.33,,,,,,,Case Rate,"100 Percent of Medicaid APG. ",16.1,,,,,,,Fee Schedule,"100% Medicare Lab FS. ",16.1,,,,,,,Fee Schedule,"100% Medicare Lab FS. ",74.33,,,,,,,Case Rate,"100 Percent of Medicaid APG. ",74.33,,,,,,,Case Rate,"100 Percent of Medicaid APG. ",34.94,,,,,,,Fee Schedule,"217 % Medicare RBRVS. ",28.67,,,,,,,Fee Schedule,"150 % 2018 Cigna RBRVS fee schedule. ",39.5616,78,,,,,0,percent of total billed charges,78% of Billed Charges. Lesser of 100% of billed charges applies.; No services were performed during the 15 month look back period.,16.1,,,,,,,Fee Schedule,"100 % 2019 CMS Clinical Lab National Limit Pub 20190115. ",16.1,,,,,,,Fee Schedule,"100 % 2019 CMS Clinical Lab National Limit Pub 20190115. ",40.41,,,,,,,Fee Schedule,"250.993788819876 % Medicare Physician FS TC Rates Only. ",15.78,,,,,,,Fee Schedule,"98% Lab FS. ",31.07,,,,,,,Fee Schedule,"193 % Medicare RBRVS. ",31.07,,,,,,,Fee Schedule,"193 % Medicare RBRVS. ",22.89,,,,,,,Fee Schedule,"190.4 % 2013 Manhattan Medicare. ",22.89,,,,,,,Fee Schedule,"190.4 % 2013 Manhattan Medicare. ",16.1,,,,,,,Fee Schedule,"100% Medicare Lab FS. ",16.1,,,,,,,Fee Schedule,"100% Medicare Lab FS. ",16.1,,,,,,,Fee Schedule,"100% Medicare Lab FS. ",16.1,,,,,,,Fee Schedule,"100% Medicare Lab FS. ",16.1,,,,,,,Fee Schedule,"100 % 2019 CMS Clinical Lab National Limit Pub 20190115. ",28.61,,,,,,,Fee Schedule,"238 % 2013 Manhattan Medicare. ",28.61,,,,,,,Fee Schedule,"238 % 2013 Manhattan Medicare. ",16.1,,,,,,,Fee Schedule,"100% Medicare Lab FS. ",22.89,,,,,,,Fee Schedule,"190.4 % 2013 Manhattan Medicare. ",41.06,,,,,,,Fee Schedule,"255 % Medicare RBRVS. ",89.19,,,,,,,Fee Schedule,"120 Percent of Medicaid APG. ",74.33,,,,,,,Case Rate,"100 Percent of Medicaid APG. ",34.94,,,,,,,Fee Schedule,"217 % Medicare RBRVS. ",25.75,,,,,,,Fee Schedule,"214.2 % 2013 Manhattan Medicare. ",25.75,,,,,,,Fee Schedule,"214.2 % 2013 Manhattan Medicare. ",28.61,,,,,,,Fee Schedule,"238 % 2013 Manhattan Medicare. ",25.36,50,,,,,0,percent of total billed charges,50 percent of billed charges; No services were performed during the 15 month look back period.,16.1,,,,,,,Fee Schedule,"100% Medicare Lab FS. ",78.04,,,,,,,Fee Schedule,105 percent of Medicaid APG. otherwise 105% of Ordered NYS MCD FS or 105% of ASP+6%,78.04,,,,,,,Fee Schedule,105 percent of Medicaid APG. otherwise 105% of Ordered NYS MCD FS or 105% of ASP+6%,78.04,,,,,,,Fee Schedule,105 percent of Medicaid APG. otherwise 105% of Ordered NYS MCD FS or 105% of ASP+6%,100.34,,,,,,,Fee Schedule,135 percent of Medicaid APG. otherwise 135% of Ordered NYS MCD FS or 135% of ASP+6%,16.1,,,,,,,Fee Schedule,"100 % 2019 CMS Clinical Lab National Limit Pub 20190115. ",78.04,,,,,,,Fee Schedule,105 percent of Medicaid APG. otherwise 105% of Ordered NYS MCD FS or 105% of ASP+6%,78.04,,,,,,,Fee Schedule,105 percent of Medicaid APG. otherwise 105% of Ordered NYS MCD FS or 105% of ASP+6%,78.04,,,,,,,Fee Schedule,105 percent of Medicaid APG. otherwise 105% of Ordered NYS MCD FS or 105% of ASP+6%,78.04,,,,,,,Fee Schedule,105 percent of Medicaid APG. otherwise 105% of Ordered NYS MCD FS or 105% of ASP+6%,78.04,,,,,,,Fee Schedule,105 percent of Medicaid APG. otherwise 105% of Ordered NYS MCD FS or 105% of ASP+6%,100.34,,,,,,,Fee Schedule,135 percent of Medicaid APG. otherwise 135% of Ordered NYS MCD FS or 135% of ASP+6%,100.34,,,,,,,Fee Schedule,135 percent of Medicaid APG. otherwise 135% of Ordered NYS MCD FS or 135% of ASP+6%,16.1,,,,,,,Fee Schedule,"100% Medicare Lab FS. ",16.1,,,,,,,Fee Schedule,"100 % 2019 CMS Clinical Lab National Limit Pub 20190115. ",16.1,,,,,,,Fee Schedule,"100% Medicare Lab FS. ",78.04,,,,,,,Fee Schedule,105 percent of Medicaid APG. otherwise 105% of Ordered NYS MCD FS or 105% of ASP+6%,28.61,,,,,,,Fee Schedule,"238 % 2013 Manhattan Medicare. ",16.1,,,,,,,Fee Schedule,"100% Medicare Lab FS. ",28.61,,,,,,,Fee Schedule,"238 % 2013 Manhattan Medicare. ",28.61,,,,,,,Fee Schedule,"238 % 2013 Manhattan Medicare. ",28.61,,,,,,,Fee Schedule,"238 % 2013 Manhattan Medicare. ",78.04,,,,,,,Fee Schedule,105 percent of Medicaid APG. otherwise 105% of Ordered NYS MCD FS or 105% of ASP+6%,16.1,,,,,,,Fee Schedule,"100% Medicare Lab FS. ",28.61,,,,,,,Fee Schedule,"238 % 2013 Manhattan Medicare. ",100.34,,,,,,,Fee Schedule,135 percent of Medicaid APG. otherwise 135% of Ordered NYS MCD FS or 135% of ASP+6%,28.61,,,,,,,Fee Schedule,"238 % 2013 Manhattan Medicare. ",24.15,,,,,,,Fee Schedule,"150% of Medicare Lab FS. ",16.1,,,,,,,Fee Schedule,"100% Medicare Lab FS. ",34.94,,,,,,,Fee Schedule,"217 % Medicare RBRVS. ",34.94,,,,,,,Fee Schedule,"217 % Medicare RBRVS. ",34.94,,,,,,,Fee Schedule,"217 % Medicare RBRVS. ",34.94,,,,,,,Fee Schedule,"217 % Medicare RBRVS. ",34.94,,,,,,,Fee Schedule,"217 % Medicare RBRVS. ",41.06,,,,,,,Fee Schedule,"255 % Medicare RBRVS. ",41.06,,,,,,,Fee Schedule,"255 % Medicare RBRVS. ",34.94,,,,,,,Fee Schedule,"217 % Medicare RBRVS. ",34.94,,,,,,,Fee Schedule,"217 % Medicare RBRVS. ",34.94,,,,,,,Fee Schedule,"217 % Medicare RBRVS. ",34.94,,,,,,,Fee Schedule,"217 % Medicare RBRVS. ",34.94,,,,,,,Fee Schedule,"217 % Medicare RBRVS. ",16.1,,,,,,,Fee Schedule,"100% Medicare Lab FS. ",41.06,,,,,,,Fee Schedule,"255 % Medicare RBRVS. ",16.1,,,,,,,Fee Schedule,"100% Medicare Lab FS. ",167.24,,,,,,,Case Rate,"225 Percent of Medicaid APG. If not included in Medicaid APG, then 100 Percent of Manhattan Medicare",74.33,,,,,,,Case Rate,"100 Percent of Medicaid APG. If not priced under APG, then Metroplus FeeSched",16.1,,,,,,,Fee Schedule,"100 % 2019 CMS Clinical Lab National Limit Pub 20190115. ",16.1,,,,,,,Fee Schedule,"100 % 2019 CMS Clinical Lab National Limit Pub 20190115. ",16.1,,,,,,,Fee Schedule,"100% Medicare Lab FS. ",31.07,,,,,,,Fee Schedule,"193 % Medicare RBRVS. ",16.1,,,,,,,Fee Schedule,"100% Medicare Lab FS. ",16.1,,,,,,,Fee Schedule,"100% Medicare Lab FS. ",40.41,,,,,,,Fee Schedule,"250.993788819876 % Medicare Physician FS TC Rates Only. ",16.1,,,,,,,Fee Schedule,"100% Medicare Lab FS. ",28.67,,,,,,,Fee Schedule,"150 % 2018 Cigna RBRVS fee schedule. ",16.1,,,,,,,Fee Schedule,"100% Medicare Lab FS. ",28.67,,,,,,,Fee Schedule,"150 % 2018 Cigna RBRVS fee schedule. ",40.41,,,,,,,Fee Schedule,"250.993788819876 % Medicare Physician FS TC Rates Only. ",28.67,,,,,,,Fee Schedule,"150 % 2018 Cigna RBRVS fee schedule. ",16.1,,,,,,,Fee Schedule,"100% Medicare Lab FS. ",74.33,,,,,,,Case Rate,"100 Percent of Medicaid APG. ",16.1,,,,,,,Fee Schedule,"100% Medicare Lab FS. ",28.67,,,,,,,Fee Schedule,"150 % 2018 Cigna RBRVS fee schedule. ",16.1,,,,,,,Fee Schedule,"100 % 2019 CMS Clinical Lab National Limit Pub 20190115. ",74.33,,,,,,,Case Rate,"100 Percent of Medicaid APG. ",28.61,,,,,,,Fee Schedule,"238 % 2013 Manhattan Medicare. ",89.19,,,,,,,Fee Schedule,"120 Percent of Medicaid APG. ",89.19,,,,,,,Fee Schedule,"120 Percent of Medicaid APG. ",28.61,,,,,,,Fee Schedule,"238 % 2013 Manhattan Medicare. ",28.61,,,,,,,Fee Schedule,"238 % 2013 Manhattan Medicare. ",28.61,,,,,,,Fee Schedule,"238 % 2013 Manhattan Medicare. ",16.1,,,,,,,Fee Schedule,"100 % 2019 CMS Clinical Lab National Limit Pub 20190115. ",28.61,,,,,,,Fee Schedule,"238 % 2013 Manhattan Medicare. ",28.61,,,,,,,Fee Schedule,"238 % 2013 Manhattan Medicare. ",28.61,,,,,,,Fee Schedule,"238 % 2013 Manhattan Medicare. ",34.94,,,,,,,Fee Schedule,"217 % Medicare RBRVS. ",34.94,,,,,,,Fee Schedule,"217 % Medicare RBRVS. ",22.7,,,,,,,Fee Schedule,141 Percent of of Medicare Lab FS. Metroplus will reimburse unlisted codes and described codes with no Medicare rate at 50 percent of charges.,74.33,,,,,,,Case Rate,"100 Percent of Medicaid APG. ",16.1,,,,,,,Fee Schedule,"100 % 2019 CMS Clinical Lab National Limit Pub 20190115. ",28.67,,,,,,,Fee Schedule,"150 % 2018 Cigna RBRVS fee schedule. ",40.41,,,,,,,Fee Schedule,"250.993788819876 % Medicare Physician FS TC Rates Only. ",16.1,,,,,,,Fee Schedule,"100 % 2019 CMS Clinical Lab National Limit Pub 20190115. ",40.41,,,,,,,Fee Schedule,"250.993788819876 % Medicare Physician FS TC Rates Only. ",16.1,,,,,,,Fee Schedule,"100 % 2019 CMS Clinical Lab National Limit Pub 20190115. ",28.61,,,,,,,Fee Schedule,"238 % 2013 Manhattan Medicare. ",28.61,,,,,,,Fee Schedule,"238 % 2013 Manhattan Medicare. ",28.61,,,,,,,Fee Schedule,"238 % 2013 Manhattan Medicare. ",28.61,,,,,,,Fee Schedule,"238 % 2013 Manhattan Medicare. ",16.1,,,,,,,Fee Schedule,"100% Medicare Lab FS. ",13,167.24,
87337,CPT,2021831,LOCAL,300,RC,"HC ENTAMOEB HIST GROUP, AG, EIA",119.82,14.38,both,,,,13,,,,,,,Fee Schedule,"100 % 1199 Fee Schedule. ",13,,,,,,,Fee Schedule,"100 % 1199 Fee Schedule. ",30.07,,,,,,,Fee Schedule,"251.001669449082 % Medicare Physician FS TC Rates Only. ",119.82,100,,,,,0,percent of total billed charges,100 percent of billed charges. ; No services were performed during the 15 month look back period.,11.98,,,,,,,Fee Schedule,"100% Medicare Lab FS. ",30.07,,,,,,,Fee Schedule,"251.001669449082 % Medicare Physician FS TC Rates Only. ",30.07,,,,,,,Fee Schedule,"251.001669449082 % Medicare Physician FS TC Rates Only. ",30.07,,,,,,,Fee Schedule,"251.001669449082 % Medicare Physician FS TC Rates Only. ",89.19,,,,,,,Case Rate,"100 Percent of Medicaid APG. ",74.33,,,,,,,Case Rate,"100 Percent of Medicaid APG. ",93.4596,78,,,,,0,percent of total billed charges,78% of Billed Charges. Lesser of 100% of billed charges applies.; No services were performed during the 15 month look back period.,13.32,,,,,,,Fee Schedule,"100 % 2019 CMS Clinical Lab National Limit Pub 20190115. ",74.33,,,,,,,Case Rate,"100 Percent of Medicaid APG. ",11.98,,,,,,,Fee Schedule,"100% Medicare Lab FS. ",26.12,,,,,,,Fee Schedule,"150 % 2018 Cigna RBRVS fee schedule. ",26.12,,,,,,,Fee Schedule,"150 % 2018 Cigna RBRVS fee schedule. ",26.12,,,,,,,Fee Schedule,"150 % 2018 Cigna RBRVS fee schedule. ",26.12,,,,,,,Fee Schedule,"150 % 2018 Cigna RBRVS fee schedule. ",10.78,,,,,,,Fee schedule,90 Percent of Medicare Laboratory. Covered services not payable under Medicaid Fee Schedules default to a payment of 50 percent of charges.,11.98,,,,,,,Fee Schedule,"100% Medicare Lab FS. ",10.78,,,,,,,Fee schedule,90 Percent of Medicare Laboratory. Covered services not payable under Medicaid Fee Schedules default to a payment of 50 percent of charges.,93.4596,78,,,,,0,percent of total billed charges,78% of Billed Charges. Lesser of 100% of billed charges applies.; No services were performed during the 15 month look back period.,30.07,,,,,,,Fee Schedule,"251.001669449082 % Medicare Physician FS TC Rates Only. ",11.98,,,,,,,Fee Schedule,"100% Medicare Lab FS. ",30.55,,,,,,,Fee Schedule,"255 % Medicare RBRVS. ",11.98,,,,,,,Fee Schedule,"100% Medicare Lab FS. ",11.98,,,,,,,Fee Schedule,"100% Medicare Lab FS. ",93.4596,78,,,,,0,percent of total billed charges,78% of Billed Charges. Lesser of 100% of billed charges applies.; No services were performed during the 15 month look back period.,8.11,,,,,,,Fee Schedule,100% Medicaid Fee Schedule. Lesser of 100% of billed charges applies.,8.11,,,,,,,Fee Schedule,100% Medicaid Fee Schedule. Lesser of 100% of billed charges applies.,10.78,,,,,,,Fee schedule,"90 Percent of Medicare RBRVS. ",10.78,,,,,,,Fee schedule,"90 Percent of Medicare RBRVS. ",30.55,,,,,,,Fee Schedule,"255 % Medicare RBRVS. ",30.55,,,,,,,Fee Schedule,"255 % Medicare RBRVS. ",74.33,,,,,,,Case Rate,"100 Percent of Medicaid APG. Not APG payable, or payable under another fee schedule like ASP/AWP pays at 30% of charges",30.55,,,,,,,Fee Schedule,"255 % Medicare RBRVS. ",74.33,,,,,,,Case Rate,"100 Percent of Medicaid APG. Not APG payable, or payable under another fee schedule like ASP/AWP pays at 30% of charges",11.98,,,,,,,Fee Schedule,"100% Medicare Lab FS. ",30.55,,,,,,,Fee Schedule,"255 % Medicare RBRVS. ",93.4596,78,,,,,0,percent of total billed charges,78% of Billed Charges. Lesser of 100% of billed charges applies.; No services were performed during the 15 month look back period.,74.33,,,,,,,Case Rate,"100 Percent of Medicaid APG. If not priced under APG, then Metroplus FeeSched",74.33,,,,,,,Case Rate,"100 Percent of Medicaid APG. If not priced under APG, then Metroplus FeeSched",93.4596,78,,,,,0,percent of total billed charges,78% of Billed Charges. Lesser of 100% of billed charges applies.; No services were performed during the 15 month look back period.,26.12,,,,,,,Fee Schedule,"150 % 2018 Cigna RBRVS fee schedule. ",13.32,,,,,,,Fee Schedule,"100 % 2019 CMS Clinical Lab National Limit Pub 20190115. ",13.32,,,,,,,Fee Schedule,"100 % 2019 CMS Clinical Lab National Limit Pub 20190115. ",93.4596,78,,,,,0,percent of total billed charges,78% of Billed Charges. Lesser of 100% of billed charges applies.; No services were performed during the 15 month look back period.,11.98,,,,,,,Fee Schedule,"100% Medicare Lab FS. ",13.32,,,,,,,Fee Schedule,"100 % 2019 CMS Clinical Lab National Limit Pub 20190115. ",13.32,,,,,,,Fee Schedule,"100 % 2019 CMS Clinical Lab National Limit Pub 20190115. ",13.32,,,,,,,Fee Schedule,"100 % 2019 CMS Clinical Lab National Limit Pub 20190115. ",11.98,,,,,,,Fee Schedule,"100% Medicare Lab FS. ",13.32,,,,,,,Fee Schedule,"100 % 2019 CMS Clinical Lab National Limit Pub 20190115. ",13.32,,,,,,,Fee Schedule,"100 % 2019 CMS Clinical Lab National Limit Pub 20190115. ",11.98,,,,,,,Fee Schedule,"100% of Medicare Lab FS. ",59.91,50,,,,,0,percent of total billed charges,50 percent of billed charges; No services were performed during the 15 month look back period.,28.61,,,,,,,Fee Schedule,"238 % 2013 Manhattan Medicare. ",28.61,,,,,,,Fee Schedule,"238 % 2013 Manhattan Medicare. ",28.61,,,,,,,Fee Schedule,"238 % 2013 Manhattan Medicare. ",28.61,,,,,,,Fee Schedule,"238 % 2013 Manhattan Medicare. ",28.61,,,,,,,Fee Schedule,"238 % 2013 Manhattan Medicare. ",28.61,,,,,,,Fee Schedule,"238 % 2013 Manhattan Medicare. ",11.98,,,,,,,Fee Schedule,"100% Medicare Lab FS. ",11.98,,,,,,,Fee Schedule,"100% Medicare Lab FS. ",28.61,,,,,,,Fee Schedule,"238 % 2013 Manhattan Medicare. ",93.4596,78,,,,,0,percent of total billed charges,78% of Billed Charges. Lesser of 100% of billed charges applies.; No services were performed during the 15 month look back period.,93.4596,78,,,,,0,percent of total billed charges,78% of Billed Charges. Lesser of 100% of billed charges applies.; No services were performed during the 15 month look back period.,93.4596,78,,,,,0,percent of total billed charges,78% of Billed Charges. Lesser of 100% of billed charges applies.; No services were performed during the 15 month look back period.,93.4596,78,,,,,0,percent of total billed charges,78% of Billed Charges. Lesser of 100% of billed charges applies.; No services were performed during the 15 month look back period.,93.4596,78,,,,,0,percent of total billed charges,78% of Billed Charges. Lesser of 100% of billed charges applies.; No services were performed during the 15 month look back period.,93.4596,78,,,,,0,percent of total billed charges,78% of Billed Charges. Lesser of 100% of billed charges applies.; No services were performed during the 15 month look back period.,93.4596,78,,,,,0,percent of total billed charges,78% of Billed Charges. Lesser of 100% of billed charges applies.; No services were performed during the 15 month look back period.,93.4596,78,,,,,0,percent of total billed charges,78% of Billed Charges. Lesser of 100% of billed charges applies.; No services were performed during the 15 month look back period.,93.4596,78,,,,,0,percent of total billed charges,78% of Billed Charges. Lesser of 100% of billed charges applies.; No services were performed during the 15 month look back period.,93.4596,78,,,,,0,percent of total billed charges,78% of Billed Charges. Lesser of 100% of billed charges applies.; No services were performed during the 15 month look back period.,93.4596,78,,,,,0,percent of total billed charges,78% of Billed Charges. Lesser of 100% of billed charges applies.; No services were performed during the 15 month look back period.,93.4596,78,,,,,0,percent of total billed charges,78% of Billed Charges. Lesser of 100% of billed charges applies.; No services were performed during the 15 month look back period.,93.4596,78,,,,,0,percent of total billed charges,78% of Billed Charges. Lesser of 100% of billed charges applies.; No services were performed during the 15 month look back period.,93.4596,78,,,,,0,percent of total billed charges,78% of Billed Charges. Lesser of 100% of billed charges applies.; No services were performed during the 15 month look back period.,93.4596,78,,,,,0,percent of total billed charges,78% of Billed Charges. Lesser of 100% of billed charges applies.; No services were performed during the 15 month look back period.,93.4596,78,,,,,0,percent of total billed charges,78% of Billed Charges. Lesser of 100% of billed charges applies.; No services were performed during the 15 month look back period.,93.4596,78,,,,,0,percent of total billed charges,78% of Billed Charges. Lesser of 100% of billed charges applies.; No services were performed during the 15 month look back period.,93.4596,78,,,,,0,percent of total billed charges,78% of Billed Charges. Lesser of 100% of billed charges applies.; No services were performed during the 15 month look back period.,93.4596,78,,,,,0,percent of total billed charges,78% of Billed Charges. Lesser of 100% of billed charges applies.; No services were performed during the 15 month look back period.,93.4596,78,,,,,0,percent of total billed charges,78% of Billed Charges. Lesser of 100% of billed charges applies.; No services were performed during the 15 month look back period.,93.4596,78,,,,,0,percent of total billed charges,78% of Billed Charges. Lesser of 100% of billed charges applies.; No services were performed during the 15 month look back period.,93.4596,78,,,,,0,percent of total billed charges,78% of Billed Charges. Lesser of 100% of billed charges applies.; No services were performed during the 15 month look back period.,93.4596,78,,,,,0,percent of total billed charges,78% of Billed Charges. Lesser of 100% of billed charges applies.; No services were performed during the 15 month look back period.,93.4596,78,,,,,0,percent of total billed charges,78% of Billed Charges. Lesser of 100% of billed charges applies.; No services were performed during the 15 month look back period.,93.4596,78,,,,,0,percent of total billed charges,78% of Billed Charges. Lesser of 100% of billed charges applies.; No services were performed during the 15 month look back period.,93.4596,78,,,,,0,percent of total billed charges,78% of Billed Charges. Lesser of 100% of billed charges applies.; No services were performed during the 15 month look back period.,30.55,,,,,,,Fee Schedule,"255 % Medicare RBRVS. ",30.55,,,,,,,Fee Schedule,"255 % Medicare RBRVS. ",30.55,,,,,,,Fee Schedule,"255 % Medicare RBRVS. ",30.55,,,,,,,Fee Schedule,"255 % Medicare RBRVS. ",23.12,,,,,,,Fee Schedule,"193 % Medicare RBRVS. ",23.12,,,,,,,Fee Schedule,"193 % Medicare RBRVS. ",26.12,,,,,,,Fee Schedule,"150 % 2018 Cigna RBRVS fee schedule. ",28.61,,,,,,,Fee Schedule,"238 % 2013 Manhattan Medicare. ",13.32,,,,,,,Fee Schedule,"100 % 2019 CMS Clinical Lab National Limit Pub 20190115. ",28.61,,,,,,,Fee Schedule,"238 % 2013 Manhattan Medicare. ",93.4596,78,,,,,0,percent of total billed charges,78% of Billed Charges. Lesser of 100% of billed charges applies.; No services were performed during the 15 month look back period.,23.12,,,,,,,Fee Schedule,"193 % Medicare RBRVS. ",28.61,,,,,,,Fee Schedule,"238 % 2013 Manhattan Medicare. ",13.32,,,,,,,Fee Schedule,"100 % 2019 CMS Clinical Lab National Limit Pub 20190115. ",26.12,,,,,,,Fee Schedule,"150 % 2018 Cigna RBRVS fee schedule. ",,,,,,,,,"NA. ",93.4596,78,,,,,0,percent of total billed charges,78% of Billed Charges. Lesser of 100% of billed charges applies.; No services were performed during the 15 month look back period.,74.33,,,,,,,Case Rate,"100 Percent of Medicaid APG. ",30.55,,,,,,,Fee Schedule,"255 % Medicare RBRVS. ",74.33,,,,,,,Case Rate,"100 Percent of Medicaid APG. Not APG payable, or payable under another fee schedule like ASP/AWP pays at 30% of charges",11.98,,,,,,,Fee Schedule,"100% Medicare Lab FS. ",11.98,,,,,,,Fee Schedule,"100% Medicare Lab FS. ",59.91,50,,,,,0,percent of total billed charges,50 percent of billed charges; No services were performed during the 15 month look back period.,11.98,,,,,,,Fee Schedule,"100% Medicare Lab FS. ",11.98,,,,,,,Fee Schedule,"100% Medicare Lab FS. ",74.33,,,,,,,Case Rate,"100 Percent of Medicaid APG. ",11.98,,,,,,,Fee Schedule,"100% Medicare Lab FS. ",11.98,,,,,,,Fee Schedule,"100% Medicare Lab FS. ",30.07,,,,,,,Fee Schedule,"251.001669449082 % Medicare Physician FS TC Rates Only. ",30.07,,,,,,,Fee Schedule,"251.001669449082 % Medicare Physician FS TC Rates Only. ",11.98,,,,,,,Fee Schedule,"100% Medicare Lab FS. ",26.12,,,,,,,Fee Schedule,"150 % 2018 Cigna RBRVS fee schedule. ",13.32,,,,,,,Fee Schedule,"100 % 2019 CMS Clinical Lab National Limit Pub 20190115. ",13.32,,,,,,,Fee Schedule,"100 % 2019 CMS Clinical Lab National Limit Pub 20190115. ",11.98,,,,,,,Fee Schedule,"100% Medicare Lab FS. ",26.12,,,,,,,Fee Schedule,"150 % 2018 Cigna RBRVS fee schedule. ",30.07,,,,,,,Fee Schedule,"251.001669449082 % Medicare Physician FS TC Rates Only. ",30.07,,,,,,,Fee Schedule,"251.001669449082 % Medicare Physician FS TC Rates Only. ",30.07,,,,,,,Fee Schedule,"251.001669449082 % Medicare Physician FS TC Rates Only. ",93.4596,78,,,,,0,percent of total billed charges,78% of Billed Charges. Lesser of 100% of billed charges applies.; No services were performed during the 15 month look back period.,93.4596,78,,,,,0,percent of total billed charges,78% of Billed Charges. Lesser of 100% of billed charges applies.; No services were performed during the 15 month look back period.,93.4596,78,,,,,0,percent of total billed charges,78% of Billed Charges. Lesser of 100% of billed charges applies.; No services were performed during the 15 month look back period.,93.4596,78,,,,,0,percent of total billed charges,78% of Billed Charges. Lesser of 100% of billed charges applies.; No services were performed during the 15 month look back period.,93.4596,78,,,,,0,percent of total billed charges,78% of Billed Charges. Lesser of 100% of billed charges applies.; No services were performed during the 15 month look back period.,93.4596,78,,,,,0,percent of total billed charges,78% of Billed Charges. Lesser of 100% of billed charges applies.; No services were performed during the 15 month look back period.,93.4596,78,,,,,0,percent of total billed charges,78% of Billed Charges. Lesser of 100% of billed charges applies.; No services were performed during the 15 month look back period.,93.4596,78,,,,,0,percent of total billed charges,78% of Billed Charges. Lesser of 100% of billed charges applies.; No services were performed during the 15 month look back period.,93.4596,78,,,,,0,percent of total billed charges,78% of Billed Charges. Lesser of 100% of billed charges applies.; No services were performed during the 15 month look back period.,93.4596,78,,,,,0,percent of total billed charges,78% of Billed Charges. Lesser of 100% of billed charges applies.; No services were performed during the 15 month look back period.,93.4596,78,,,,,0,percent of total billed charges,78% of Billed Charges. Lesser of 100% of billed charges applies.; No services were performed during the 15 month look back period.,23.12,,,,,,,Fee Schedule,"193 % Medicare RBRVS. ",28.61,,,,,,,Fee Schedule,"238 % 2013 Manhattan Medicare. ",26.12,,,,,,,Fee Schedule,"150 % 2018 Cigna RBRVS fee schedule. ",11.98,,,,,,,Fee Schedule,"100% Medicare Lab FS. ",30.07,,,,,,,Fee Schedule,"251.001669449082 % Medicare Physician FS TC Rates Only. ",26.12,,,,,,,Fee Schedule,"150 % 2018 Cigna RBRVS fee schedule. ",26.12,,,,,,,Fee Schedule,"150 % 2018 Cigna RBRVS fee schedule. ",93.4596,78,,,,,0,percent of total billed charges,78% of Billed Charges. Lesser of 100% of billed charges applies.; No services were performed during the 15 month look back period.,159.06,,,,,,,Case Rate,"141 Percent of current Medicare RBRVS FeeSched. ",26.12,,,,,,,Fee Schedule,"150 % 2018 Cigna RBRVS fee schedule. ",74.33,,,,,,,Case Rate,"100 Percent of Medicaid APG. ",11.98,,,,,,,Fee Schedule,"100% Medicare Lab FS. ",11.98,,,,,,,Fee Schedule,"100% Medicare Lab FS. ",11.98,,,,,,,Fee Schedule,"100% Medicare Lab FS. ",11.98,,,,,,,Fee Schedule,"100% Medicare Lab FS. ",11.98,,,,,,,Fee Schedule,"100% Medicare Lab FS. ",11.98,,,,,,,Fee Schedule,"100% Medicare Lab FS. ",26.12,,,,,,,Fee Schedule,"150 % 2018 Cigna RBRVS fee schedule. ",59.91,50,,,,,0,percent of total billed charges,50 percent of billed charges; No services were performed during the 15 month look back period.,19.17,,,,,,,Fee Schedule,"160 Percent of Medicare Laboratory. ",19.17,,,,,,,Fee Schedule,"160 Percent of Medicare Laboratory. ",19.17,,,,,,,Fee Schedule,"160 Percent of Medicare Laboratory. ",19.17,,,,,,,Fee Schedule,"160 Percent of Medicare Laboratory. ",19.17,,,,,,,Fee Schedule,"160 Percent of Medicare Laboratory. ",,,,,,,,,"NA. ",59.91,50,,,,,0,percent of total billed charges,50 percent of billed charges; No services were performed during the 15 month look back period.,16.89,,,,,,,Fee Schedule,141 Percent of of Medicare Lab FS. Metroplus will reimburse unlisted codes and described codes with no Medicare rate at 50 percent of charges.,16.89,,,,,,,Fee Schedule,141 Percent of of Medicare Lab FS. Metroplus will reimburse unlisted codes and described codes with no Medicare rate at 50 percent of charges.,16.89,,,,,,,Fee Schedule,141 Percent of of Medicare Lab FS. Metroplus will reimburse unlisted codes and described codes with no Medicare rate at 50 percent of charges.,16.89,,,,,,,Fee Schedule,141 Percent of of Medicare Lab FS. Metroplus will reimburse unlisted codes and described codes with no Medicare rate at 50 percent of charges.,16.89,,,,,,,Fee Schedule,141 Percent of of Medicare Lab FS. Metroplus will reimburse unlisted codes and described codes with no Medicare rate at 50 percent of charges.,11.98,,,,,,,Fee Schedule,"100% Medicare Lab FS. ",23.12,,,,,,,Fee Schedule,"193 % Medicare RBRVS. ",23.12,,,,,,,Fee Schedule,"193 % Medicare RBRVS. ",23.12,,,,,,,Fee Schedule,"193 % Medicare RBRVS. ",23.12,,,,,,,Fee Schedule,"193 % Medicare RBRVS. ",30.07,,,,,,,Fee Schedule,"251.001669449082 % Medicare Physician FS TC Rates Only. ",30.07,,,,,,,Fee Schedule,"251.001669449082 % Medicare Physician FS TC Rates Only. ",30.07,,,,,,,Fee Schedule,"251.001669449082 % Medicare Physician FS TC Rates Only. ",30.07,,,,,,,Fee Schedule,"251.001669449082 % Medicare Physician FS TC Rates Only. ",59.91,50,,,,,0,percent of total billed charges,50 percent of billed charges; No services were performed during the 15 month look back period.,59.91,50,,,,,0,percent of total billed charges,50 percent of billed charges; No services were performed during the 15 month look back period.,11.98,,,,,,,Fee Schedule,"100% Medicare Lab FS. ",11.98,,,,,,,Fee Schedule,"100% Medicare Lab FS. ",11.98,,,,,,,Fee Schedule,"100% Medicare Lab FS. ",28.61,,,,,,,Fee Schedule,"238 % 2013 Manhattan Medicare. ",28.61,,,,,,,Fee Schedule,"238 % 2013 Manhattan Medicare. ",28.61,,,,,,,Fee Schedule,"238 % 2013 Manhattan Medicare. ",59.91,50,,,,,0,percent of total billed charges,50 percent of billed charges; No services were performed during the 15 month look back period.,30.07,,,,,,,Fee Schedule,"251.001669449082 % Medicare Physician FS TC Rates Only. ",11.98,,,,,,,Fee Schedule,"100% Medicare Lab FS. ",28.61,,,,,,,Fee Schedule,"238 % 2013 Manhattan Medicare. ",74.33,,,,,,,Case Rate,"100 Percent of Medicaid APG. ",12.22,,,,,,,Fee Schedule,"102% of Medicare Lab FS. ",12.22,,,,,,,Fee Schedule,"102% of Medicare Lab FS. ",12.22,,,,,,,Fee Schedule,"102% of Medicare Lab FS. ",10.78,,,,,,,Fee schedule,"90 Percent of Medicare RBRVS. ",167.24,,,,,,,Fee Schedule,225% of NYS APG. Lesser of 100% of billed charges applies.,167.24,,,,,,,Fee Schedule,225% of NYS APG. Lesser of 100% of billed charges applies.,167.24,,,,,,,Fee Schedule,225% of NYS APG. Lesser of 100% of billed charges applies.,167.24,,,,,,,Fee Schedule,225% of NYS APG. Lesser of 100% of billed charges applies.,167.24,,,,,,,Fee Schedule,225% of NYS APG. Lesser of 100% of billed charges applies.,12.22,,,,,,,Fee Schedule,"102% of Medicare Lab FS. ",74.33,,,,,,,Case Rate,"100 Percent of Medicaid APG. ",8.11,,,,,,,Fee Schedule,100% Medicaid Fee Schedule. Lesser of 100% of billed charges applies.,167.24,,,,,,,Fee Schedule,225% of NYS APG. Lesser of 100% of billed charges applies.,167.24,,,,,,,Fee Schedule,225% of NYS APG. Lesser of 100% of billed charges applies.,8.11,,,,,,,Fee Schedule,100% Medicaid Fee Schedule. Lesser of 100% of billed charges applies.,8.11,,,,,,,Fee Schedule,100% Medicaid Fee Schedule. Lesser of 100% of billed charges applies.,19.17,,,,,,,Fee Schedule,"160 Percent of Medicare Laboratory. ",11.98,,,,,,,Fee Schedule,"100% Medicare Lab FS. ",11.98,,,,,,,Fee Schedule,"100% Medicare Lab FS. ",30.07,,,,,,,Fee Schedule,"251.001669449082 % Medicare Physician FS TC Rates Only. ",11.98,,,,,,,Fee Schedule,"100% Medicare Lab FS. ",167.24,,,,,,,Fee Schedule,"225 Percent of Medicaid APG. ",167.24,,,,,,,Fee Schedule,"225 Percent of Medicaid APG. ",10.78,,,,,,,Fee schedule,"90 Percent of Medicare RBRVS. ",10.78,,,,,,,Fee schedule,"90 Percent of Medicare RBRVS. ",167.24,,,,,,,Case Rate,225 Percent of Medicaid APG. Covered services not payable under Medicaid Fee Schedules default to a payment of 87.5 percent of charges.,10.78,,,,,,,Fee schedule,90 Percent of Medicare Laboratory. Covered services not payable under Medicaid Fee Schedules default to a payment of 50 percent of charges.,167.24,,,,,,,Case Rate,"100 Percent of Medicaid APG. ",167.24,,,,,,,Case Rate,"100 Percent of Medicaid APG. ",167.24,,,,,,,Case Rate,"100 Percent of Medicaid APG. ",167.24,,,,,,,Case Rate,"100 Percent of Medicaid APG. ",122.08,,,,,,,Fee Schedule,"1019 % Manhattan Facility Rate. ",59.91,50,,,,,0,percent of total billed charges,50 percent of billed charges; No services were performed during the 15 month look back period.,89.19,,,,,,,Case Rate,"120 Percent of Medicaid APG. Not APG payable, or payable under another fee schedule like ASP/AWP pays at 30% of charges",89.19,,,,,,,Case Rate,"120 Percent of Medicaid APG. Not APG payable, or payable under another fee schedule like ASP/AWP pays at 30% of charges",74.33,,,,,,,Case Rate,"100 Percent of Medicaid APG. Not APG payable, or payable under another fee schedule like ASP/AWP pays at 30% of charges",74.33,,,,,,,Case Rate,"100 Percent of Medicaid APG. Not APG payable, or payable under another fee schedule like ASP/AWP pays at 30% of charges",28.61,,,,,,,Fee Schedule,"238 % 2013 Manhattan Medicare. ",28.61,,,,,,,Fee Schedule,"238 % 2013 Manhattan Medicare. ",11.98,,,,,,,Fee Schedule,"100% Medicare Lab FS. ",28.61,,,,,,,Fee Schedule,"238 % 2013 Manhattan Medicare. ",28.61,,,,,,,Fee Schedule,"238 % 2013 Manhattan Medicare. ",28.61,,,,,,,Fee Schedule,"238 % 2013 Manhattan Medicare. ",28.61,,,,,,,Fee Schedule,"238 % 2013 Manhattan Medicare. ",11.98,,,,,,,Fee Schedule,"100% Medicare Lab FS. ",28.61,,,,,,,Fee Schedule,"238 % 2013 Manhattan Medicare. ",28.61,,,,,,,Fee Schedule,"238 % 2013 Manhattan Medicare. ",30.07,,,,,,,Fee Schedule,"251.001669449082 % Medicare Physician FS TC Rates Only. ",81.76,,,,,,,Fee Schedule,110% of APG. Lesser of 100% of billed charges applies.,10.78,,,,,,,Fee schedule,90 Percent of Medicare Laboratory. Covered services not payable under Medicaid Fee Schedules default to a payment of 50 percent of charges.,167.24,,,,,,,Fee Schedule,225% of NYS APG. Lesser of 100% of billed charges applies.,167.24,,,,,,,Case Rate,225 Percent of Medicaid APG. Covered services not payable under Medicaid Fee Schedules default to a payment of 87.5 percent of charges.,10.78,,,,,,,Fee schedule,90 Percent of Medicare Laboratory. Covered services not payable under Medicaid Fee Schedules default to a payment of 50 percent of charges.,167.24,,,,,,,Fee Schedule,225% of NYS APG. Lesser of 100% of billed charges applies.,167.24,,,,,,,Fee Schedule,225% of NYS APG. Lesser of 100% of billed charges applies.,167.24,,,,,,,Fee Schedule,225% of NYS APG. Lesser of 100% of billed charges applies.,167.24,,,,,,,Fee Schedule,225% of NYS APG. Lesser of 100% of billed charges applies.,167.24,,,,,,,Fee Schedule,225% of NYS APG. Lesser of 100% of billed charges applies.,167.24,,,,,,,Fee Schedule,225% of NYS APG. Lesser of 100% of billed charges applies.,,,,,,,,,"NA. ",,,,,,,,,"NA. ",,,,,,,,,"NA. ",26.12,,,,,,,Fee Schedule,"150 % 2018 Cigna RBRVS fee schedule. ",,,,,,,,,"NA. ",11.98,,,,,,,Fee Schedule,"100% Medicare Lab FS. ",13,,,,,,,Fee Schedule,"100 % 1199 Fee Schedule. ",11.98,,,,,,,Fee Schedule,"100% Medicare Lab FS. ",11.98,,,,,,,Fee Schedule,"100% Medicare Lab FS. ",89.19,,,,,,,Case Rate,"120 Percent of Medicaid APG. Not APG payable, or payable under another fee schedule like ASP/AWP pays at 30% of charges",89.19,,,,,,,Case Rate,"120 Percent of Medicaid APG. Not APG payable, or payable under another fee schedule like ASP/AWP pays at 30% of charges",74.33,,,,,,,Case Rate,"100 Percent of Medicaid APG. Not APG payable, or payable under another fee schedule like ASP/AWP pays at 30% of charges",74.33,,,,,,,Case Rate,"100 Percent of Medicaid APG. Not APG payable, or payable under another fee schedule like ASP/AWP pays at 30% of charges",74.33,,,,,,,Case Rate,"100 Percent of Medicaid APG. ",26,,,,,,,Fee Schedule,"217 % Medicare RBRVS. ",30.07,,,,,,,Fee Schedule,"251.001669449082 % Medicare Physician FS TC Rates Only. ",30.55,,,,,,,Fee Schedule,"255 % Medicare RBRVS. ",26.12,,,,,,,Fee Schedule,"150 % 2018 Cigna RBRVS fee schedule. ",11.98,,,,,,,Fee Schedule,"100% Medicare Lab FS. ",11.98,,,,,,,Fee Schedule,"100% Medicare Lab FS. ",11.98,,,,,,,Fee Schedule,"100% Medicare Lab FS. ",11.98,,,,,,,Fee Schedule,"100% Medicare Lab FS. ",11.98,,,,,,,Fee Schedule,"100% Medicare Lab FS. ",11.98,,,,,,,Fee Schedule,"100% Medicare Lab FS. ",,,,,,,,,"NA. ",167.24,,,,,,,Fee Schedule,225% of NYS APG. Lesser of 100% of billed charges applies.,8.11,,,,,,,Fee Schedule,100% Medicaid Fee Schedule. Lesser of 100% of billed charges applies.,28.61,,,,,,,Fee Schedule,"238 % 2013 Manhattan Medicare. ",26,,,,,,,Fee Schedule,"217 % Medicare RBRVS. ",26,,,,,,,Fee Schedule,"217 % Medicare RBRVS. ",26,,,,,,,Fee Schedule,"217 % Medicare RBRVS. ",26,,,,,,,Fee Schedule,"217 % Medicare RBRVS. ",11.98,,,,,,,Fee Schedule,"100% Medicare Lab FS. ",74.33,,,,,,,Case Rate,"100 Percent of Medicaid APG. ",28.61,,,,,,,Fee Schedule,"238 % 2013 Manhattan Medicare. ",74.33,,,,,,,Case Rate,"100 Percent of Medicaid APG. ",11.98,,,,,,,Fee Schedule,"100% Medicare Lab FS. ",74.33,,,,,,,Case Rate,"100 Percent of Medicaid APG. ",11.98,,,,,,,Fee Schedule,"100% Medicare Lab FS. ",11.98,,,,,,,Fee Schedule,"100% Medicare Lab FS. ",74.33,,,,,,,Case Rate,"100 Percent of Medicaid APG. ",74.33,,,,,,,Case Rate,"100 Percent of Medicaid APG. ",26,,,,,,,Fee Schedule,"217 % Medicare RBRVS. ",26.12,,,,,,,Fee Schedule,"150 % 2018 Cigna RBRVS fee schedule. ",93.4596,78,,,,,0,percent of total billed charges,78% of Billed Charges. Lesser of 100% of billed charges applies.; No services were performed during the 15 month look back period.,13.32,,,,,,,Fee Schedule,"100 % 2019 CMS Clinical Lab National Limit Pub 20190115. ",13.32,,,,,,,Fee Schedule,"100 % 2019 CMS Clinical Lab National Limit Pub 20190115. ",30.07,,,,,,,Fee Schedule,"251.001669449082 % Medicare Physician FS TC Rates Only. ",11.74,,,,,,,Fee Schedule,"98% Lab FS. ",23.12,,,,,,,Fee Schedule,"193 % Medicare RBRVS. ",23.12,,,,,,,Fee Schedule,"193 % Medicare RBRVS. ",22.89,,,,,,,Fee Schedule,"190.4 % 2013 Manhattan Medicare. ",22.89,,,,,,,Fee Schedule,"190.4 % 2013 Manhattan Medicare. ",11.98,,,,,,,Fee Schedule,"100% Medicare Lab FS. ",11.98,,,,,,,Fee Schedule,"100% Medicare Lab FS. ",11.98,,,,,,,Fee Schedule,"100% Medicare Lab FS. ",11.98,,,,,,,Fee Schedule,"100% Medicare Lab FS. ",13.32,,,,,,,Fee Schedule,"100 % 2019 CMS Clinical Lab National Limit Pub 20190115. ",28.61,,,,,,,Fee Schedule,"238 % 2013 Manhattan Medicare. ",28.61,,,,,,,Fee Schedule,"238 % 2013 Manhattan Medicare. ",11.98,,,,,,,Fee Schedule,"100% Medicare Lab FS. ",22.89,,,,,,,Fee Schedule,"190.4 % 2013 Manhattan Medicare. ",30.55,,,,,,,Fee Schedule,"255 % Medicare RBRVS. ",89.19,,,,,,,Fee Schedule,"120 Percent of Medicaid APG. ",74.33,,,,,,,Case Rate,"100 Percent of Medicaid APG. ",26,,,,,,,Fee Schedule,"217 % Medicare RBRVS. ",25.75,,,,,,,Fee Schedule,"214.2 % 2013 Manhattan Medicare. ",25.75,,,,,,,Fee Schedule,"214.2 % 2013 Manhattan Medicare. ",28.61,,,,,,,Fee Schedule,"238 % 2013 Manhattan Medicare. ",59.91,50,,,,,0,percent of total billed charges,50 percent of billed charges; No services were performed during the 15 month look back period.,11.98,,,,,,,Fee Schedule,"100% Medicare Lab FS. ",78.04,,,,,,,Fee Schedule,105 percent of Medicaid APG. otherwise 105% of Ordered NYS MCD FS or 105% of ASP+6%,78.04,,,,,,,Fee Schedule,105 percent of Medicaid APG. otherwise 105% of Ordered NYS MCD FS or 105% of ASP+6%,78.04,,,,,,,Fee Schedule,105 percent of Medicaid APG. otherwise 105% of Ordered NYS MCD FS or 105% of ASP+6%,100.34,,,,,,,Fee Schedule,135 percent of Medicaid APG. otherwise 135% of Ordered NYS MCD FS or 135% of ASP+6%,13.32,,,,,,,Fee Schedule,"100 % 2019 CMS Clinical Lab National Limit Pub 20190115. ",78.04,,,,,,,Fee Schedule,105 percent of Medicaid APG. otherwise 105% of Ordered NYS MCD FS or 105% of ASP+6%,78.04,,,,,,,Fee Schedule,105 percent of Medicaid APG. otherwise 105% of Ordered NYS MCD FS or 105% of ASP+6%,78.04,,,,,,,Fee Schedule,105 percent of Medicaid APG. otherwise 105% of Ordered NYS MCD FS or 105% of ASP+6%,78.04,,,,,,,Fee Schedule,105 percent of Medicaid APG. otherwise 105% of Ordered NYS MCD FS or 105% of ASP+6%,78.04,,,,,,,Fee Schedule,105 percent of Medicaid APG. otherwise 105% of Ordered NYS MCD FS or 105% of ASP+6%,100.34,,,,,,,Fee Schedule,135 percent of Medicaid APG. otherwise 135% of Ordered NYS MCD FS or 135% of ASP+6%,100.34,,,,,,,Fee Schedule,135 percent of Medicaid APG. otherwise 135% of Ordered NYS MCD FS or 135% of ASP+6%,11.98,,,,,,,Fee Schedule,"100% Medicare Lab FS. ",13.32,,,,,,,Fee Schedule,"100 % 2019 CMS Clinical Lab National Limit Pub 20190115. ",11.98,,,,,,,Fee Schedule,"100% Medicare Lab FS. ",78.04,,,,,,,Fee Schedule,105 percent of Medicaid APG. otherwise 105% of Ordered NYS MCD FS or 105% of ASP+6%,28.61,,,,,,,Fee Schedule,"238 % 2013 Manhattan Medicare. ",11.98,,,,,,,Fee Schedule,"100% Medicare Lab FS. ",28.61,,,,,,,Fee Schedule,"238 % 2013 Manhattan Medicare. ",28.61,,,,,,,Fee Schedule,"238 % 2013 Manhattan Medicare. ",28.61,,,,,,,Fee Schedule,"238 % 2013 Manhattan Medicare. ",78.04,,,,,,,Fee Schedule,105 percent of Medicaid APG. otherwise 105% of Ordered NYS MCD FS or 105% of ASP+6%,11.98,,,,,,,Fee Schedule,"100% Medicare Lab FS. ",28.61,,,,,,,Fee Schedule,"238 % 2013 Manhattan Medicare. ",100.34,,,,,,,Fee Schedule,135 percent of Medicaid APG. otherwise 135% of Ordered NYS MCD FS or 135% of ASP+6%,28.61,,,,,,,Fee Schedule,"238 % 2013 Manhattan Medicare. ",17.97,,,,,,,Fee Schedule,"150% of Medicare Lab FS. ",11.98,,,,,,,Fee Schedule,"100% Medicare Lab FS. ",26,,,,,,,Fee Schedule,"217 % Medicare RBRVS. ",26,,,,,,,Fee Schedule,"217 % Medicare RBRVS. ",26,,,,,,,Fee Schedule,"217 % Medicare RBRVS. ",26,,,,,,,Fee Schedule,"217 % Medicare RBRVS. ",26,,,,,,,Fee Schedule,"217 % Medicare RBRVS. ",30.55,,,,,,,Fee Schedule,"255 % Medicare RBRVS. ",30.55,,,,,,,Fee Schedule,"255 % Medicare RBRVS. ",26,,,,,,,Fee Schedule,"217 % Medicare RBRVS. ",26,,,,,,,Fee Schedule,"217 % Medicare RBRVS. ",26,,,,,,,Fee Schedule,"217 % Medicare RBRVS. ",26,,,,,,,Fee Schedule,"217 % Medicare RBRVS. ",26,,,,,,,Fee Schedule,"217 % Medicare RBRVS. ",11.98,,,,,,,Fee Schedule,"100% Medicare Lab FS. ",30.55,,,,,,,Fee Schedule,"255 % Medicare RBRVS. ",11.98,,,,,,,Fee Schedule,"100% Medicare Lab FS. ",167.24,,,,,,,Case Rate,"225 Percent of Medicaid APG. If not included in Medicaid APG, then 100 Percent of Manhattan Medicare",74.33,,,,,,,Case Rate,"100 Percent of Medicaid APG. If not priced under APG, then Metroplus FeeSched",13.32,,,,,,,Fee Schedule,"100 % 2019 CMS Clinical Lab National Limit Pub 20190115. ",13.32,,,,,,,Fee Schedule,"100 % 2019 CMS Clinical Lab National Limit Pub 20190115. ",11.98,,,,,,,Fee Schedule,"100% Medicare Lab FS. ",23.12,,,,,,,Fee Schedule,"193 % Medicare RBRVS. ",11.98,,,,,,,Fee Schedule,"100% Medicare Lab FS. ",11.98,,,,,,,Fee Schedule,"100% Medicare Lab FS. ",30.07,,,,,,,Fee Schedule,"251.001669449082 % Medicare Physician FS TC Rates Only. ",11.98,,,,,,,Fee Schedule,"100% Medicare Lab FS. ",26.12,,,,,,,Fee Schedule,"150 % 2018 Cigna RBRVS fee schedule. ",11.98,,,,,,,Fee Schedule,"100% Medicare Lab FS. ",26.12,,,,,,,Fee Schedule,"150 % 2018 Cigna RBRVS fee schedule. ",30.07,,,,,,,Fee Schedule,"251.001669449082 % Medicare Physician FS TC Rates Only. ",26.12,,,,,,,Fee Schedule,"150 % 2018 Cigna RBRVS fee schedule. ",11.98,,,,,,,Fee Schedule,"100% Medicare Lab FS. ",74.33,,,,,,,Case Rate,"100 Percent of Medicaid APG. ",11.98,,,,,,,Fee Schedule,"100% Medicare Lab FS. ",26.12,,,,,,,Fee Schedule,"150 % 2018 Cigna RBRVS fee schedule. ",13.32,,,,,,,Fee Schedule,"100 % 2019 CMS Clinical Lab National Limit Pub 20190115. ",74.33,,,,,,,Case Rate,"100 Percent of Medicaid APG. ",28.61,,,,,,,Fee Schedule,"238 % 2013 Manhattan Medicare. ",89.19,,,,,,,Fee Schedule,"120 Percent of Medicaid APG. ",89.19,,,,,,,Fee Schedule,"120 Percent of Medicaid APG. ",28.61,,,,,,,Fee Schedule,"238 % 2013 Manhattan Medicare. ",28.61,,,,,,,Fee Schedule,"238 % 2013 Manhattan Medicare. ",28.61,,,,,,,Fee Schedule,"238 % 2013 Manhattan Medicare. ",13.32,,,,,,,Fee Schedule,"100 % 2019 CMS Clinical Lab National Limit Pub 20190115. ",28.61,,,,,,,Fee Schedule,"238 % 2013 Manhattan Medicare. ",28.61,,,,,,,Fee Schedule,"238 % 2013 Manhattan Medicare. ",28.61,,,,,,,Fee Schedule,"238 % 2013 Manhattan Medicare. ",26,,,,,,,Fee Schedule,"217 % Medicare RBRVS. ",26,,,,,,,Fee Schedule,"217 % Medicare RBRVS. ",16.89,,,,,,,Fee Schedule,141 Percent of of Medicare Lab FS. Metroplus will reimburse unlisted codes and described codes with no Medicare rate at 50 percent of charges.,74.33,,,,,,,Case Rate,"100 Percent of Medicaid APG. ",13.32,,,,,,,Fee Schedule,"100 % 2019 CMS Clinical Lab National Limit Pub 20190115. ",26.12,,,,,,,Fee Schedule,"150 % 2018 Cigna RBRVS fee schedule. ",30.07,,,,,,,Fee Schedule,"251.001669449082 % Medicare Physician FS TC Rates Only. ",13.32,,,,,,,Fee Schedule,"100 % 2019 CMS Clinical Lab National Limit Pub 20190115. ",30.07,,,,,,,Fee Schedule,"251.001669449082 % Medicare Physician FS TC Rates Only. ",13.32,,,,,,,Fee Schedule,"100 % 2019 CMS Clinical Lab National Limit Pub 20190115. ",28.61,,,,,,,Fee Schedule,"238 % 2013 Manhattan Medicare. ",28.61,,,,,,,Fee Schedule,"238 % 2013 Manhattan Medicare. ",28.61,,,,,,,Fee Schedule,"238 % 2013 Manhattan Medicare. ",28.61,,,,,,,Fee Schedule,"238 % 2013 Manhattan Medicare. ",11.98,,,,,,,Fee Schedule,"100% Medicare Lab FS. ",8.11,167.24,
87486,CPT,2023069,LOCAL,306,RC,HC CHLAMYDIA P AMPLIF NA PROBE,285.28,42.11,both,,,,58,,,,,,,Fee Schedule,"100 % 1199 Fee Schedule. ",58,,,,,,,Fee Schedule,"100 % 1199 Fee Schedule. ",88.08,,,,,,,Fee Schedule,"251.011684240524 % Medicare Physician FS TC Rates Only. ",285.28,100,,,,,0,percent of total billed charges,100 percent of billed charges. ; No services were performed during the 15 month look back period.,35.09,,,,,,,Fee Schedule,"100% Medicare Lab FS. ",88.08,,,,,,,Fee Schedule,"251.011684240524 % Medicare Physician FS TC Rates Only. ",88.08,,,,,,,Fee Schedule,"251.011684240524 % Medicare Physician FS TC Rates Only. ",88.08,,,,,,,Fee Schedule,"251.011684240524 % Medicare Physician FS TC Rates Only. ",123.87,,,,,,,Case Rate,"100 Percent of Medicaid APG. ",103.23,,,,,,,Case Rate,"100 Percent of Medicaid APG. ",222.5184,78,,,,,0,percent of total billed charges,78% of Billed Charges. Lesser of 100% of billed charges applies.; No services were performed during the 15 month look back period.,38.99,,,,,,,Fee Schedule,"100 % 2019 CMS Clinical Lab National Limit Pub 20190115. ",103.23,,,,,,,Case Rate,"100 Percent of Medicaid APG. ",35.09,,,,,,,Fee Schedule,"100% Medicare Lab FS. ",76.46,,,,,,,Fee Schedule,"150 % 2018 Cigna RBRVS fee schedule. ",76.46,,,,,,,Fee Schedule,"150 % 2018 Cigna RBRVS fee schedule. ",76.46,,,,,,,Fee Schedule,"150 % 2018 Cigna RBRVS fee schedule. ",76.46,,,,,,,Fee Schedule,"150 % 2018 Cigna RBRVS fee schedule. ",31.58,,,,,,,Fee schedule,90 Percent of Medicare Laboratory. Covered services not payable under Medicaid Fee Schedules default to a payment of 50 percent of charges.,35.09,,,,,,,Fee Schedule,"100% Medicare Lab FS. ",31.58,,,,,,,Fee schedule,90 Percent of Medicare Laboratory. Covered services not payable under Medicaid Fee Schedules default to a payment of 50 percent of charges.,222.5184,78,,,,,0,percent of total billed charges,78% of Billed Charges. Lesser of 100% of billed charges applies.; No services were performed during the 15 month look back period.,88.08,,,,,,,Fee Schedule,"251.011684240524 % Medicare Physician FS TC Rates Only. ",35.09,,,,,,,Fee Schedule,"100% Medicare Lab FS. ",89.48,,,,,,,Fee Schedule,"255 % Medicare RBRVS. ",35.09,,,,,,,Fee Schedule,"100% Medicare Lab FS. ",35.09,,,,,,,Fee Schedule,"100% Medicare Lab FS. ",222.5184,78,,,,,0,percent of total billed charges,78% of Billed Charges. Lesser of 100% of billed charges applies.; No services were performed during the 15 month look back period.,21.64,,,,,,,Fee Schedule,100% Medicaid Fee Schedule. Lesser of 100% of billed charges applies.,21.64,,,,,,,Fee Schedule,100% Medicaid Fee Schedule. Lesser of 100% of billed charges applies.,31.58,,,,,,,Fee schedule,"90 Percent of Medicare RBRVS. ",31.58,,,,,,,Fee schedule,"90 Percent of Medicare RBRVS. ",89.48,,,,,,,Fee Schedule,"255 % Medicare RBRVS. ",89.48,,,,,,,Fee Schedule,"255 % Medicare RBRVS. ",103.23,,,,,,,Case Rate,"100 Percent of Medicaid APG. Not APG payable, or payable under another fee schedule like ASP/AWP pays at 30% of charges",89.48,,,,,,,Fee Schedule,"255 % Medicare RBRVS. ",103.23,,,,,,,Case Rate,"100 Percent of Medicaid APG. Not APG payable, or payable under another fee schedule like ASP/AWP pays at 30% of charges",35.09,,,,,,,Fee Schedule,"100% Medicare Lab FS. ",89.48,,,,,,,Fee Schedule,"255 % Medicare RBRVS. ",222.5184,78,,,,,0,percent of total billed charges,78% of Billed Charges. Lesser of 100% of billed charges applies.; No services were performed during the 15 month look back period.,103.23,,,,,,,Case Rate,"100 Percent of Medicaid APG. If not priced under APG, then Metroplus FeeSched",103.23,,,,,,,Case Rate,"100 Percent of Medicaid APG. If not priced under APG, then Metroplus FeeSched",222.5184,78,,,,,0,percent of total billed charges,78% of Billed Charges. Lesser of 100% of billed charges applies.; No services were performed during the 15 month look back period.,76.46,,,,,,,Fee Schedule,"150 % 2018 Cigna RBRVS fee schedule. ",38.99,,,,,,,Fee Schedule,"100 % 2019 CMS Clinical Lab National Limit Pub 20190115. ",38.99,,,,,,,Fee Schedule,"100 % 2019 CMS Clinical Lab National Limit Pub 20190115. ",222.5184,78,,,,,0,percent of total billed charges,78% of Billed Charges. Lesser of 100% of billed charges applies.; No services were performed during the 15 month look back period.,35.09,,,,,,,Fee Schedule,"100% Medicare Lab FS. ",38.99,,,,,,,Fee Schedule,"100 % 2019 CMS Clinical Lab National Limit Pub 20190115. ",38.99,,,,,,,Fee Schedule,"100 % 2019 CMS Clinical Lab National Limit Pub 20190115. ",38.99,,,,,,,Fee Schedule,"100 % 2019 CMS Clinical Lab National Limit Pub 20190115. ",35.09,,,,,,,Fee Schedule,"100% Medicare Lab FS. ",38.99,,,,,,,Fee Schedule,"100 % 2019 CMS Clinical Lab National Limit Pub 20190115. ",38.99,,,,,,,Fee Schedule,"100 % 2019 CMS Clinical Lab National Limit Pub 20190115. ",35.09,,,,,,,Fee Schedule,"100% of Medicare Lab FS. ",142.64,50,,,,,0,percent of total billed charges,50 percent of billed charges; No services were performed during the 15 month look back period.,114.81,,,,,,,Fee Schedule,"238 % 2013 Manhattan Medicare. ",114.81,,,,,,,Fee Schedule,"238 % 2013 Manhattan Medicare. ",114.81,,,,,,,Fee Schedule,"238 % 2013 Manhattan Medicare. ",114.81,,,,,,,Fee Schedule,"238 % 2013 Manhattan Medicare. ",114.81,,,,,,,Fee Schedule,"238 % 2013 Manhattan Medicare. ",114.81,,,,,,,Fee Schedule,"238 % 2013 Manhattan Medicare. ",35.09,,,,,,,Fee Schedule,"100% Medicare Lab FS. ",35.09,,,,,,,Fee Schedule,"100% Medicare Lab FS. ",114.81,,,,,,,Fee Schedule,"238 % 2013 Manhattan Medicare. ",222.5184,78,,,,,0,percent of total billed charges,78% of Billed Charges. Lesser of 100% of billed charges applies.; No services were performed during the 15 month look back period.,222.5184,78,,,,,0,percent of total billed charges,78% of Billed Charges. Lesser of 100% of billed charges applies.; No services were performed during the 15 month look back period.,222.5184,78,,,,,0,percent of total billed charges,78% of Billed Charges. Lesser of 100% of billed charges applies.; No services were performed during the 15 month look back period.,222.5184,78,,,,,0,percent of total billed charges,78% of Billed Charges. Lesser of 100% of billed charges applies.; No services were performed during the 15 month look back period.,222.5184,78,,,,,0,percent of total billed charges,78% of Billed Charges. Lesser of 100% of billed charges applies.; No services were performed during the 15 month look back period.,222.5184,78,,,,,0,percent of total billed charges,78% of Billed Charges. Lesser of 100% of billed charges applies.; No services were performed during the 15 month look back period.,222.5184,78,,,,,0,percent of total billed charges,78% of Billed Charges. Lesser of 100% of billed charges applies.; No services were performed during the 15 month look back period.,222.5184,78,,,,,0,percent of total billed charges,78% of Billed Charges. Lesser of 100% of billed charges applies.; No services were performed during the 15 month look back period.,222.5184,78,,,,,0,percent of total billed charges,78% of Billed Charges. Lesser of 100% of billed charges applies.; No services were performed during the 15 month look back period.,222.5184,78,,,,,0,percent of total billed charges,78% of Billed Charges. Lesser of 100% of billed charges applies.; No services were performed during the 15 month look back period.,222.5184,78,,,,,0,percent of total billed charges,78% of Billed Charges. Lesser of 100% of billed charges applies.; No services were performed during the 15 month look back period.,222.5184,78,,,,,0,percent of total billed charges,78% of Billed Charges. Lesser of 100% of billed charges applies.; No services were performed during the 15 month look back period.,222.5184,78,,,,,0,percent of total billed charges,78% of Billed Charges. Lesser of 100% of billed charges applies.; No services were performed during the 15 month look back period.,222.5184,78,,,,,0,percent of total billed charges,78% of Billed Charges. Lesser of 100% of billed charges applies.; No services were performed during the 15 month look back period.,222.5184,78,,,,,0,percent of total billed charges,78% of Billed Charges. Lesser of 100% of billed charges applies.; No services were performed during the 15 month look back period.,222.5184,78,,,,,0,percent of total billed charges,78% of Billed Charges. Lesser of 100% of billed charges applies.; No services were performed during the 15 month look back period.,222.5184,78,,,,,0,percent of total billed charges,78% of Billed Charges. Lesser of 100% of billed charges applies.; No services were performed during the 15 month look back period.,222.5184,78,,,,,0,percent of total billed charges,78% of Billed Charges. Lesser of 100% of billed charges applies.; No services were performed during the 15 month look back period.,222.5184,78,,,,,0,percent of total billed charges,78% of Billed Charges. Lesser of 100% of billed charges applies.; No services were performed during the 15 month look back period.,222.5184,78,,,,,0,percent of total billed charges,78% of Billed Charges. Lesser of 100% of billed charges applies.; No services were performed during the 15 month look back period.,222.5184,78,,,,,0,percent of total billed charges,78% of Billed Charges. Lesser of 100% of billed charges applies.; No services were performed during the 15 month look back period.,222.5184,78,,,,,0,percent of total billed charges,78% of Billed Charges. Lesser of 100% of billed charges applies.; No services were performed during the 15 month look back period.,222.5184,78,,,,,0,percent of total billed charges,78% of Billed Charges. Lesser of 100% of billed charges applies.; No services were performed during the 15 month look back period.,222.5184,78,,,,,0,percent of total billed charges,78% of Billed Charges. Lesser of 100% of billed charges applies.; No services were performed during the 15 month look back period.,222.5184,78,,,,,0,percent of total billed charges,78% of Billed Charges. Lesser of 100% of billed charges applies.; No services were performed during the 15 month look back period.,222.5184,78,,,,,0,percent of total billed charges,78% of Billed Charges. Lesser of 100% of billed charges applies.; No services were performed during the 15 month look back period.,89.48,,,,,,,Fee Schedule,"255 % Medicare RBRVS. ",89.48,,,,,,,Fee Schedule,"255 % Medicare RBRVS. ",89.48,,,,,,,Fee Schedule,"255 % Medicare RBRVS. ",89.48,,,,,,,Fee Schedule,"255 % Medicare RBRVS. ",67.72,,,,,,,Fee Schedule,"193 % Medicare RBRVS. ",67.72,,,,,,,Fee Schedule,"193 % Medicare RBRVS. ",76.46,,,,,,,Fee Schedule,"150 % 2018 Cigna RBRVS fee schedule. ",114.81,,,,,,,Fee Schedule,"238 % 2013 Manhattan Medicare. ",38.99,,,,,,,Fee Schedule,"100 % 2019 CMS Clinical Lab National Limit Pub 20190115. ",114.81,,,,,,,Fee Schedule,"238 % 2013 Manhattan Medicare. ",222.5184,78,,,,,0,percent of total billed charges,78% of Billed Charges. Lesser of 100% of billed charges applies.; No services were performed during the 15 month look back period.,67.72,,,,,,,Fee Schedule,"193 % Medicare RBRVS. ",114.81,,,,,,,Fee Schedule,"238 % 2013 Manhattan Medicare. ",38.99,,,,,,,Fee Schedule,"100 % 2019 CMS Clinical Lab National Limit Pub 20190115. ",76.46,,,,,,,Fee Schedule,"150 % 2018 Cigna RBRVS fee schedule. ",,,,,,,,,"NA. ",222.5184,78,,,,,0,percent of total billed charges,78% of Billed Charges. Lesser of 100% of billed charges applies.; No services were performed during the 15 month look back period.,103.23,,,,,,,Case Rate,"100 Percent of Medicaid APG. ",89.48,,,,,,,Fee Schedule,"255 % Medicare RBRVS. ",103.23,,,,,,,Case Rate,"100 Percent of Medicaid APG. Not APG payable, or payable under another fee schedule like ASP/AWP pays at 30% of charges",35.09,,,,,,,Fee Schedule,"100% Medicare Lab FS. ",35.09,,,,,,,Fee Schedule,"100% Medicare Lab FS. ",142.64,50,,,,,0,percent of total billed charges,50 percent of billed charges; No services were performed during the 15 month look back period.,35.09,,,,,,,Fee Schedule,"100% Medicare Lab FS. ",35.09,,,,,,,Fee Schedule,"100% Medicare Lab FS. ",103.23,,,,,,,Case Rate,"100 Percent of Medicaid APG. ",35.09,,,,,,,Fee Schedule,"100% Medicare Lab FS. ",35.09,,,,,,,Fee Schedule,"100% Medicare Lab FS. ",88.08,,,,,,,Fee Schedule,"251.011684240524 % Medicare Physician FS TC Rates Only. ",88.08,,,,,,,Fee Schedule,"251.011684240524 % Medicare Physician FS TC Rates Only. ",35.09,,,,,,,Fee Schedule,"100% Medicare Lab FS. ",76.46,,,,,,,Fee Schedule,"150 % 2018 Cigna RBRVS fee schedule. ",38.99,,,,,,,Fee Schedule,"100 % 2019 CMS Clinical Lab National Limit Pub 20190115. ",38.99,,,,,,,Fee Schedule,"100 % 2019 CMS Clinical Lab National Limit Pub 20190115. ",35.09,,,,,,,Fee Schedule,"100% Medicare Lab FS. ",76.46,,,,,,,Fee Schedule,"150 % 2018 Cigna RBRVS fee schedule. ",88.08,,,,,,,Fee Schedule,"251.011684240524 % Medicare Physician FS TC Rates Only. ",88.08,,,,,,,Fee Schedule,"251.011684240524 % Medicare Physician FS TC Rates Only. ",88.08,,,,,,,Fee Schedule,"251.011684240524 % Medicare Physician FS TC Rates Only. ",222.5184,78,,,,,0,percent of total billed charges,78% of Billed Charges. Lesser of 100% of billed charges applies.; No services were performed during the 15 month look back period.,222.5184,78,,,,,0,percent of total billed charges,78% of Billed Charges. Lesser of 100% of billed charges applies.; No services were performed during the 15 month look back period.,222.5184,78,,,,,0,percent of total billed charges,78% of Billed Charges. Lesser of 100% of billed charges applies.; No services were performed during the 15 month look back period.,222.5184,78,,,,,0,percent of total billed charges,78% of Billed Charges. Lesser of 100% of billed charges applies.; No services were performed during the 15 month look back period.,222.5184,78,,,,,0,percent of total billed charges,78% of Billed Charges. Lesser of 100% of billed charges applies.; No services were performed during the 15 month look back period.,222.5184,78,,,,,0,percent of total billed charges,78% of Billed Charges. Lesser of 100% of billed charges applies.; No services were performed during the 15 month look back period.,222.5184,78,,,,,0,percent of total billed charges,78% of Billed Charges. Lesser of 100% of billed charges applies.; No services were performed during the 15 month look back period.,222.5184,78,,,,,0,percent of total billed charges,78% of Billed Charges. Lesser of 100% of billed charges applies.; No services were performed during the 15 month look back period.,222.5184,78,,,,,0,percent of total billed charges,78% of Billed Charges. Lesser of 100% of billed charges applies.; No services were performed during the 15 month look back period.,222.5184,78,,,,,0,percent of total billed charges,78% of Billed Charges. Lesser of 100% of billed charges applies.; No services were performed during the 15 month look back period.,222.5184,78,,,,,0,percent of total billed charges,78% of Billed Charges. Lesser of 100% of billed charges applies.; No services were performed during the 15 month look back period.,67.72,,,,,,,Fee Schedule,"193 % Medicare RBRVS. ",114.81,,,,,,,Fee Schedule,"238 % 2013 Manhattan Medicare. ",76.46,,,,,,,Fee Schedule,"150 % 2018 Cigna RBRVS fee schedule. ",35.09,,,,,,,Fee Schedule,"100% Medicare Lab FS. ",88.08,,,,,,,Fee Schedule,"251.011684240524 % Medicare Physician FS TC Rates Only. ",76.46,,,,,,,Fee Schedule,"150 % 2018 Cigna RBRVS fee schedule. ",76.46,,,,,,,Fee Schedule,"150 % 2018 Cigna RBRVS fee schedule. ",222.5184,78,,,,,0,percent of total billed charges,78% of Billed Charges. Lesser of 100% of billed charges applies.; No services were performed during the 15 month look back period.,220.91,,,,,,,Case Rate,"141 Percent of current Medicare RBRVS FeeSched. ",76.46,,,,,,,Fee Schedule,"150 % 2018 Cigna RBRVS fee schedule. ",103.23,,,,,,,Case Rate,"100 Percent of Medicaid APG. ",35.09,,,,,,,Fee Schedule,"100% Medicare Lab FS. ",35.09,,,,,,,Fee Schedule,"100% Medicare Lab FS. ",35.09,,,,,,,Fee Schedule,"100% Medicare Lab FS. ",35.09,,,,,,,Fee Schedule,"100% Medicare Lab FS. ",35.09,,,,,,,Fee Schedule,"100% Medicare Lab FS. ",35.09,,,,,,,Fee Schedule,"100% Medicare Lab FS. ",76.46,,,,,,,Fee Schedule,"150 % 2018 Cigna RBRVS fee schedule. ",142.64,50,,,,,0,percent of total billed charges,50 percent of billed charges; No services were performed during the 15 month look back period.,56.14,,,,,,,Fee Schedule,"160 Percent of Medicare Laboratory. ",56.14,,,,,,,Fee Schedule,"160 Percent of Medicare Laboratory. ",56.14,,,,,,,Fee Schedule,"160 Percent of Medicare Laboratory. ",56.14,,,,,,,Fee Schedule,"160 Percent of Medicare Laboratory. ",56.14,,,,,,,Fee Schedule,"160 Percent of Medicare Laboratory. ",,,,,,,,,"NA. ",142.64,50,,,,,0,percent of total billed charges,50 percent of billed charges; No services were performed during the 15 month look back period.,49.48,,,,,,,Fee Schedule,141 Percent of of Medicare Lab FS. Metroplus will reimburse unlisted codes and described codes with no Medicare rate at 50 percent of charges.,49.48,,,,,,,Fee Schedule,141 Percent of of Medicare Lab FS. Metroplus will reimburse unlisted codes and described codes with no Medicare rate at 50 percent of charges.,49.48,,,,,,,Fee Schedule,141 Percent of of Medicare Lab FS. Metroplus will reimburse unlisted codes and described codes with no Medicare rate at 50 percent of charges.,49.48,,,,,,,Fee Schedule,141 Percent of of Medicare Lab FS. Metroplus will reimburse unlisted codes and described codes with no Medicare rate at 50 percent of charges.,49.48,,,,,,,Fee Schedule,141 Percent of of Medicare Lab FS. Metroplus will reimburse unlisted codes and described codes with no Medicare rate at 50 percent of charges.,35.09,,,,,,,Fee Schedule,"100% Medicare Lab FS. ",67.72,,,,,,,Fee Schedule,"193 % Medicare RBRVS. ",67.72,,,,,,,Fee Schedule,"193 % Medicare RBRVS. ",67.72,,,,,,,Fee Schedule,"193 % Medicare RBRVS. ",67.72,,,,,,,Fee Schedule,"193 % Medicare RBRVS. ",88.08,,,,,,,Fee Schedule,"251.011684240524 % Medicare Physician FS TC Rates Only. ",88.08,,,,,,,Fee Schedule,"251.011684240524 % Medicare Physician FS TC Rates Only. ",88.08,,,,,,,Fee Schedule,"251.011684240524 % Medicare Physician FS TC Rates Only. ",88.08,,,,,,,Fee Schedule,"251.011684240524 % Medicare Physician FS TC Rates Only. ",142.64,50,,,,,0,percent of total billed charges,50 percent of billed charges; No services were performed during the 15 month look back period.,142.64,50,,,,,0,percent of total billed charges,50 percent of billed charges; No services were performed during the 15 month look back period.,35.09,,,,,,,Fee Schedule,"100% Medicare Lab FS. ",35.09,,,,,,,Fee Schedule,"100% Medicare Lab FS. ",35.09,,,,,,,Fee Schedule,"100% Medicare Lab FS. ",114.81,,,,,,,Fee Schedule,"238 % 2013 Manhattan Medicare. ",114.81,,,,,,,Fee Schedule,"238 % 2013 Manhattan Medicare. ",114.81,,,,,,,Fee Schedule,"238 % 2013 Manhattan Medicare. ",142.64,50,,,,,0,percent of total billed charges,50 percent of billed charges; No services were performed during the 15 month look back period.,88.08,,,,,,,Fee Schedule,"251.011684240524 % Medicare Physician FS TC Rates Only. ",35.09,,,,,,,Fee Schedule,"100% Medicare Lab FS. ",114.81,,,,,,,Fee Schedule,"238 % 2013 Manhattan Medicare. ",103.23,,,,,,,Case Rate,"100 Percent of Medicaid APG. ",35.79,,,,,,,Fee Schedule,"102% of Medicare Lab FS. ",35.79,,,,,,,Fee Schedule,"102% of Medicare Lab FS. ",35.79,,,,,,,Fee Schedule,"102% of Medicare Lab FS. ",31.58,,,,,,,Fee schedule,"90 Percent of Medicare RBRVS. ",232.27,,,,,,,Fee Schedule,225% of NYS APG. Lesser of 100% of billed charges applies.,232.27,,,,,,,Fee Schedule,225% of NYS APG. Lesser of 100% of billed charges applies.,232.27,,,,,,,Fee Schedule,225% of NYS APG. Lesser of 100% of billed charges applies.,232.27,,,,,,,Fee Schedule,225% of NYS APG. Lesser of 100% of billed charges applies.,232.27,,,,,,,Fee Schedule,225% of NYS APG. Lesser of 100% of billed charges applies.,35.79,,,,,,,Fee Schedule,"102% of Medicare Lab FS. ",103.23,,,,,,,Case Rate,"100 Percent of Medicaid APG. ",21.64,,,,,,,Fee Schedule,100% Medicaid Fee Schedule. Lesser of 100% of billed charges applies.,232.27,,,,,,,Fee Schedule,225% of NYS APG. Lesser of 100% of billed charges applies.,232.27,,,,,,,Fee Schedule,225% of NYS APG. Lesser of 100% of billed charges applies.,21.64,,,,,,,Fee Schedule,100% Medicaid Fee Schedule. Lesser of 100% of billed charges applies.,21.64,,,,,,,Fee Schedule,100% Medicaid Fee Schedule. Lesser of 100% of billed charges applies.,56.14,,,,,,,Fee Schedule,"160 Percent of Medicare Laboratory. ",35.09,,,,,,,Fee Schedule,"100% Medicare Lab FS. ",35.09,,,,,,,Fee Schedule,"100% Medicare Lab FS. ",88.08,,,,,,,Fee Schedule,"251.011684240524 % Medicare Physician FS TC Rates Only. ",35.09,,,,,,,Fee Schedule,"100% Medicare Lab FS. ",232.27,,,,,,,Fee Schedule,"225 Percent of Medicaid APG. ",232.27,,,,,,,Fee Schedule,"225 Percent of Medicaid APG. ",31.58,,,,,,,Fee schedule,"90 Percent of Medicare RBRVS. ",31.58,,,,,,,Fee schedule,"90 Percent of Medicare RBRVS. ",232.27,,,,,,,Case Rate,225 Percent of Medicaid APG. Covered services not payable under Medicaid Fee Schedules default to a payment of 87.5 percent of charges.,31.58,,,,,,,Fee schedule,90 Percent of Medicare Laboratory. Covered services not payable under Medicaid Fee Schedules default to a payment of 50 percent of charges.,232.27,,,,,,,Case Rate,"100 Percent of Medicaid APG. ",232.27,,,,,,,Case Rate,"100 Percent of Medicaid APG. ",232.27,,,,,,,Case Rate,"100 Percent of Medicaid APG. ",232.27,,,,,,,Case Rate,"100 Percent of Medicaid APG. ",357.57,,,,,,,Fee Schedule,"1019 % Manhattan Facility Rate. ",142.64,50,,,,,0,percent of total billed charges,50 percent of billed charges; No services were performed during the 15 month look back period.,123.87,,,,,,,Case Rate,"120 Percent of Medicaid APG. Not APG payable, or payable under another fee schedule like ASP/AWP pays at 30% of charges",123.87,,,,,,,Case Rate,"120 Percent of Medicaid APG. Not APG payable, or payable under another fee schedule like ASP/AWP pays at 30% of charges",103.23,,,,,,,Case Rate,"100 Percent of Medicaid APG. Not APG payable, or payable under another fee schedule like ASP/AWP pays at 30% of charges",103.23,,,,,,,Case Rate,"100 Percent of Medicaid APG. Not APG payable, or payable under another fee schedule like ASP/AWP pays at 30% of charges",114.81,,,,,,,Fee Schedule,"238 % 2013 Manhattan Medicare. ",114.81,,,,,,,Fee Schedule,"238 % 2013 Manhattan Medicare. ",35.09,,,,,,,Fee Schedule,"100% Medicare Lab FS. ",114.81,,,,,,,Fee Schedule,"238 % 2013 Manhattan Medicare. ",114.81,,,,,,,Fee Schedule,"238 % 2013 Manhattan Medicare. ",114.81,,,,,,,Fee Schedule,"238 % 2013 Manhattan Medicare. ",114.81,,,,,,,Fee Schedule,"238 % 2013 Manhattan Medicare. ",35.09,,,,,,,Fee Schedule,"100% Medicare Lab FS. ",114.81,,,,,,,Fee Schedule,"238 % 2013 Manhattan Medicare. ",114.81,,,,,,,Fee Schedule,"238 % 2013 Manhattan Medicare. ",88.08,,,,,,,Fee Schedule,"251.011684240524 % Medicare Physician FS TC Rates Only. ",113.55,,,,,,,Fee Schedule,110% of APG. Lesser of 100% of billed charges applies.,31.58,,,,,,,Fee schedule,90 Percent of Medicare Laboratory. Covered services not payable under Medicaid Fee Schedules default to a payment of 50 percent of charges.,232.27,,,,,,,Fee Schedule,225% of NYS APG. Lesser of 100% of billed charges applies.,232.27,,,,,,,Case Rate,225 Percent of Medicaid APG. Covered services not payable under Medicaid Fee Schedules default to a payment of 87.5 percent of charges.,31.58,,,,,,,Fee schedule,90 Percent of Medicare Laboratory. Covered services not payable under Medicaid Fee Schedules default to a payment of 50 percent of charges.,232.27,,,,,,,Fee Schedule,225% of NYS APG. Lesser of 100% of billed charges applies.,232.27,,,,,,,Fee Schedule,225% of NYS APG. Lesser of 100% of billed charges applies.,232.27,,,,,,,Fee Schedule,225% of NYS APG. Lesser of 100% of billed charges applies.,232.27,,,,,,,Fee Schedule,225% of NYS APG. Lesser of 100% of billed charges applies.,232.27,,,,,,,Fee Schedule,225% of NYS APG. Lesser of 100% of billed charges applies.,232.27,,,,,,,Fee Schedule,225% of NYS APG. Lesser of 100% of billed charges applies.,,,,,,,,,"NA. ",,,,,,,,,"NA. ",,,,,,,,,"NA. ",76.46,,,,,,,Fee Schedule,"150 % 2018 Cigna RBRVS fee schedule. ",,,,,,,,,"NA. ",35.09,,,,,,,Fee Schedule,"100% Medicare Lab FS. ",58,,,,,,,Fee Schedule,"100 % 1199 Fee Schedule. ",35.09,,,,,,,Fee Schedule,"100% Medicare Lab FS. ",35.09,,,,,,,Fee Schedule,"100% Medicare Lab FS. ",123.87,,,,,,,Case Rate,"120 Percent of Medicaid APG. Not APG payable, or payable under another fee schedule like ASP/AWP pays at 30% of charges",123.87,,,,,,,Case Rate,"120 Percent of Medicaid APG. Not APG payable, or payable under another fee schedule like ASP/AWP pays at 30% of charges",103.23,,,,,,,Case Rate,"100 Percent of Medicaid APG. Not APG payable, or payable under another fee schedule like ASP/AWP pays at 30% of charges",103.23,,,,,,,Case Rate,"100 Percent of Medicaid APG. Not APG payable, or payable under another fee schedule like ASP/AWP pays at 30% of charges",103.23,,,,,,,Case Rate,"100 Percent of Medicaid APG. ",76.15,,,,,,,Fee Schedule,"217 % Medicare RBRVS. ",88.08,,,,,,,Fee Schedule,"251.011684240524 % Medicare Physician FS TC Rates Only. ",89.48,,,,,,,Fee Schedule,"255 % Medicare RBRVS. ",76.46,,,,,,,Fee Schedule,"150 % 2018 Cigna RBRVS fee schedule. ",35.09,,,,,,,Fee Schedule,"100% Medicare Lab FS. ",35.09,,,,,,,Fee Schedule,"100% Medicare Lab FS. ",35.09,,,,,,,Fee Schedule,"100% Medicare Lab FS. ",35.09,,,,,,,Fee Schedule,"100% Medicare Lab FS. ",35.09,,,,,,,Fee Schedule,"100% Medicare Lab FS. ",35.09,,,,,,,Fee Schedule,"100% Medicare Lab FS. ",,,,,,,,,"NA. ",232.27,,,,,,,Fee Schedule,225% of NYS APG. Lesser of 100% of billed charges applies.,21.64,,,,,,,Fee Schedule,100% Medicaid Fee Schedule. Lesser of 100% of billed charges applies.,114.81,,,,,,,Fee Schedule,"238 % 2013 Manhattan Medicare. ",76.15,,,,,,,Fee Schedule,"217 % Medicare RBRVS. ",76.15,,,,,,,Fee Schedule,"217 % Medicare RBRVS. ",76.15,,,,,,,Fee Schedule,"217 % Medicare RBRVS. ",76.15,,,,,,,Fee Schedule,"217 % Medicare RBRVS. ",35.09,,,,,,,Fee Schedule,"100% Medicare Lab FS. ",103.23,,,,,,,Case Rate,"100 Percent of Medicaid APG. ",114.81,,,,,,,Fee Schedule,"238 % 2013 Manhattan Medicare. ",103.23,,,,,,,Case Rate,"100 Percent of Medicaid APG. ",35.09,,,,,,,Fee Schedule,"100% Medicare Lab FS. ",103.23,,,,,,,Case Rate,"100 Percent of Medicaid APG. ",35.09,,,,,,,Fee Schedule,"100% Medicare Lab FS. ",35.09,,,,,,,Fee Schedule,"100% Medicare Lab FS. ",103.23,,,,,,,Case Rate,"100 Percent of Medicaid APG. ",103.23,,,,,,,Case Rate,"100 Percent of Medicaid APG. ",76.15,,,,,,,Fee Schedule,"217 % Medicare RBRVS. ",76.46,,,,,,,Fee Schedule,"150 % 2018 Cigna RBRVS fee schedule. ",222.5184,78,,,,,0,percent of total billed charges,78% of Billed Charges. Lesser of 100% of billed charges applies.; No services were performed during the 15 month look back period.,38.99,,,,,,,Fee Schedule,"100 % 2019 CMS Clinical Lab National Limit Pub 20190115. ",38.99,,,,,,,Fee Schedule,"100 % 2019 CMS Clinical Lab National Limit Pub 20190115. ",88.08,,,,,,,Fee Schedule,"251.011684240524 % Medicare Physician FS TC Rates Only. ",34.39,,,,,,,Fee Schedule,"98% Lab FS. ",67.72,,,,,,,Fee Schedule,"193 % Medicare RBRVS. ",67.72,,,,,,,Fee Schedule,"193 % Medicare RBRVS. ",91.85,,,,,,,Fee Schedule,"190.4 % 2013 Manhattan Medicare. ",91.85,,,,,,,Fee Schedule,"190.4 % 2013 Manhattan Medicare. ",35.09,,,,,,,Fee Schedule,"100% Medicare Lab FS. ",35.09,,,,,,,Fee Schedule,"100% Medicare Lab FS. ",35.09,,,,,,,Fee Schedule,"100% Medicare Lab FS. ",35.09,,,,,,,Fee Schedule,"100% Medicare Lab FS. ",38.99,,,,,,,Fee Schedule,"100 % 2019 CMS Clinical Lab National Limit Pub 20190115. ",114.81,,,,,,,Fee Schedule,"238 % 2013 Manhattan Medicare. ",114.81,,,,,,,Fee Schedule,"238 % 2013 Manhattan Medicare. ",35.09,,,,,,,Fee Schedule,"100% Medicare Lab FS. ",91.85,,,,,,,Fee Schedule,"190.4 % 2013 Manhattan Medicare. ",89.48,,,,,,,Fee Schedule,"255 % Medicare RBRVS. ",123.87,,,,,,,Fee Schedule,"120 Percent of Medicaid APG. ",103.23,,,,,,,Case Rate,"100 Percent of Medicaid APG. ",76.15,,,,,,,Fee Schedule,"217 % Medicare RBRVS. ",103.33,,,,,,,Fee Schedule,"214.2 % 2013 Manhattan Medicare. ",103.33,,,,,,,Fee Schedule,"214.2 % 2013 Manhattan Medicare. ",114.81,,,,,,,Fee Schedule,"238 % 2013 Manhattan Medicare. ",142.64,50,,,,,0,percent of total billed charges,50 percent of billed charges; No services were performed during the 15 month look back period.,35.09,,,,,,,Fee Schedule,"100% Medicare Lab FS. ",108.39,,,,,,,Fee Schedule,105 percent of Medicaid APG. otherwise 105% of Ordered NYS MCD FS or 105% of ASP+6%,108.39,,,,,,,Fee Schedule,105 percent of Medicaid APG. otherwise 105% of Ordered NYS MCD FS or 105% of ASP+6%,108.39,,,,,,,Fee Schedule,105 percent of Medicaid APG. otherwise 105% of Ordered NYS MCD FS or 105% of ASP+6%,139.36,,,,,,,Fee Schedule,135 percent of Medicaid APG. otherwise 135% of Ordered NYS MCD FS or 135% of ASP+6%,38.99,,,,,,,Fee Schedule,"100 % 2019 CMS Clinical Lab National Limit Pub 20190115. ",108.39,,,,,,,Fee Schedule,105 percent of Medicaid APG. otherwise 105% of Ordered NYS MCD FS or 105% of ASP+6%,108.39,,,,,,,Fee Schedule,105 percent of Medicaid APG. otherwise 105% of Ordered NYS MCD FS or 105% of ASP+6%,108.39,,,,,,,Fee Schedule,105 percent of Medicaid APG. otherwise 105% of Ordered NYS MCD FS or 105% of ASP+6%,108.39,,,,,,,Fee Schedule,105 percent of Medicaid APG. otherwise 105% of Ordered NYS MCD FS or 105% of ASP+6%,108.39,,,,,,,Fee Schedule,105 percent of Medicaid APG. otherwise 105% of Ordered NYS MCD FS or 105% of ASP+6%,139.36,,,,,,,Fee Schedule,135 percent of Medicaid APG. otherwise 135% of Ordered NYS MCD FS or 135% of ASP+6%,139.36,,,,,,,Fee Schedule,135 percent of Medicaid APG. otherwise 135% of Ordered NYS MCD FS or 135% of ASP+6%,35.09,,,,,,,Fee Schedule,"100% Medicare Lab FS. ",38.99,,,,,,,Fee Schedule,"100 % 2019 CMS Clinical Lab National Limit Pub 20190115. ",35.09,,,,,,,Fee Schedule,"100% Medicare Lab FS. ",108.39,,,,,,,Fee Schedule,105 percent of Medicaid APG. otherwise 105% of Ordered NYS MCD FS or 105% of ASP+6%,114.81,,,,,,,Fee Schedule,"238 % 2013 Manhattan Medicare. ",35.09,,,,,,,Fee Schedule,"100% Medicare Lab FS. ",114.81,,,,,,,Fee Schedule,"238 % 2013 Manhattan Medicare. ",114.81,,,,,,,Fee Schedule,"238 % 2013 Manhattan Medicare. ",114.81,,,,,,,Fee Schedule,"238 % 2013 Manhattan Medicare. ",108.39,,,,,,,Fee Schedule,105 percent of Medicaid APG. otherwise 105% of Ordered NYS MCD FS or 105% of ASP+6%,35.09,,,,,,,Fee Schedule,"100% Medicare Lab FS. ",114.81,,,,,,,Fee Schedule,"238 % 2013 Manhattan Medicare. ",139.36,,,,,,,Fee Schedule,135 percent of Medicaid APG. otherwise 135% of Ordered NYS MCD FS or 135% of ASP+6%,114.81,,,,,,,Fee Schedule,"238 % 2013 Manhattan Medicare. ",52.64,,,,,,,Fee Schedule,"150% of Medicare Lab FS. ",35.09,,,,,,,Fee Schedule,"100% Medicare Lab FS. ",76.15,,,,,,,Fee Schedule,"217 % Medicare RBRVS. ",76.15,,,,,,,Fee Schedule,"217 % Medicare RBRVS. ",76.15,,,,,,,Fee Schedule,"217 % Medicare RBRVS. ",76.15,,,,,,,Fee Schedule,"217 % Medicare RBRVS. ",76.15,,,,,,,Fee Schedule,"217 % Medicare RBRVS. ",89.48,,,,,,,Fee Schedule,"255 % Medicare RBRVS. ",89.48,,,,,,,Fee Schedule,"255 % Medicare RBRVS. ",76.15,,,,,,,Fee Schedule,"217 % Medicare RBRVS. ",76.15,,,,,,,Fee Schedule,"217 % Medicare RBRVS. ",76.15,,,,,,,Fee Schedule,"217 % Medicare RBRVS. ",76.15,,,,,,,Fee Schedule,"217 % Medicare RBRVS. ",76.15,,,,,,,Fee Schedule,"217 % Medicare RBRVS. ",35.09,,,,,,,Fee Schedule,"100% Medicare Lab FS. ",89.48,,,,,,,Fee Schedule,"255 % Medicare RBRVS. ",35.09,,,,,,,Fee Schedule,"100% Medicare Lab FS. ",232.27,,,,,,,Case Rate,"225 Percent of Medicaid APG. If not included in Medicaid APG, then 100 Percent of Manhattan Medicare",103.23,,,,,,,Case Rate,"100 Percent of Medicaid APG. If not priced under APG, then Metroplus FeeSched",38.99,,,,,,,Fee Schedule,"100 % 2019 CMS Clinical Lab National Limit Pub 20190115. ",38.99,,,,,,,Fee Schedule,"100 % 2019 CMS Clinical Lab National Limit Pub 20190115. ",35.09,,,,,,,Fee Schedule,"100% Medicare Lab FS. ",67.72,,,,,,,Fee Schedule,"193 % Medicare RBRVS. ",35.09,,,,,,,Fee Schedule,"100% Medicare Lab FS. ",35.09,,,,,,,Fee Schedule,"100% Medicare Lab FS. ",88.08,,,,,,,Fee Schedule,"251.011684240524 % Medicare Physician FS TC Rates Only. ",35.09,,,,,,,Fee Schedule,"100% Medicare Lab FS. ",76.46,,,,,,,Fee Schedule,"150 % 2018 Cigna RBRVS fee schedule. ",35.09,,,,,,,Fee Schedule,"100% Medicare Lab FS. ",76.46,,,,,,,Fee Schedule,"150 % 2018 Cigna RBRVS fee schedule. ",88.08,,,,,,,Fee Schedule,"251.011684240524 % Medicare Physician FS TC Rates Only. ",76.46,,,,,,,Fee Schedule,"150 % 2018 Cigna RBRVS fee schedule. ",35.09,,,,,,,Fee Schedule,"100% Medicare Lab FS. ",103.23,,,,,,,Case Rate,"100 Percent of Medicaid APG. ",35.09,,,,,,,Fee Schedule,"100% Medicare Lab FS. ",76.46,,,,,,,Fee Schedule,"150 % 2018 Cigna RBRVS fee schedule. ",38.99,,,,,,,Fee Schedule,"100 % 2019 CMS Clinical Lab National Limit Pub 20190115. ",103.23,,,,,,,Case Rate,"100 Percent of Medicaid APG. ",114.81,,,,,,,Fee Schedule,"238 % 2013 Manhattan Medicare. ",123.87,,,,,,,Fee Schedule,"120 Percent of Medicaid APG. ",123.87,,,,,,,Fee Schedule,"120 Percent of Medicaid APG. ",114.81,,,,,,,Fee Schedule,"238 % 2013 Manhattan Medicare. ",114.81,,,,,,,Fee Schedule,"238 % 2013 Manhattan Medicare. ",114.81,,,,,,,Fee Schedule,"238 % 2013 Manhattan Medicare. ",38.99,,,,,,,Fee Schedule,"100 % 2019 CMS Clinical Lab National Limit Pub 20190115. ",114.81,,,,,,,Fee Schedule,"238 % 2013 Manhattan Medicare. ",114.81,,,,,,,Fee Schedule,"238 % 2013 Manhattan Medicare. ",114.81,,,,,,,Fee Schedule,"238 % 2013 Manhattan Medicare. ",76.15,,,,,,,Fee Schedule,"217 % Medicare RBRVS. ",76.15,,,,,,,Fee Schedule,"217 % Medicare RBRVS. ",49.48,,,,,,,Fee Schedule,141 Percent of of Medicare Lab FS. Metroplus will reimburse unlisted codes and described codes with no Medicare rate at 50 percent of charges.,103.23,,,,,,,Case Rate,"100 Percent of Medicaid APG. ",38.99,,,,,,,Fee Schedule,"100 % 2019 CMS Clinical Lab National Limit Pub 20190115. ",76.46,,,,,,,Fee Schedule,"150 % 2018 Cigna RBRVS fee schedule. ",88.08,,,,,,,Fee Schedule,"251.011684240524 % Medicare Physician FS TC Rates Only. ",38.99,,,,,,,Fee Schedule,"100 % 2019 CMS Clinical Lab National Limit Pub 20190115. ",88.08,,,,,,,Fee Schedule,"251.011684240524 % Medicare Physician FS TC Rates Only. ",38.99,,,,,,,Fee Schedule,"100 % 2019 CMS Clinical Lab National Limit Pub 20190115. ",114.81,,,,,,,Fee Schedule,"238 % 2013 Manhattan Medicare. ",114.81,,,,,,,Fee Schedule,"238 % 2013 Manhattan Medicare. ",114.81,,,,,,,Fee Schedule,"238 % 2013 Manhattan Medicare. ",114.81,,,,,,,Fee Schedule,"238 % 2013 Manhattan Medicare. ",35.09,,,,,,,Fee Schedule,"100% Medicare Lab FS. ",21.64,357.57,
87498,CPT,2021845,LOCAL,306,RC,"HC ENTEROVIRUS, DNA, AMP PROBE",251.04,42.11,both,,,,49.04,,,,,,,Fee Schedule,"100 % 1199 Fee Schedule. ",49.04,,,,,,,Fee Schedule,"100 % 1199 Fee Schedule. ",88.08,,,,,,,Fee Schedule,"251.011684240524 % Medicare Physician FS TC Rates Only. ",251.04,100,,,,,0,percent of total billed charges,100 percent of billed charges. ; No services were performed during the 15 month look back period.,35.09,,,,,,,Fee Schedule,"100% Medicare Lab FS. ",88.08,,,,,,,Fee Schedule,"251.011684240524 % Medicare Physician FS TC Rates Only. ",88.08,,,,,,,Fee Schedule,"251.011684240524 % Medicare Physician FS TC Rates Only. ",88.08,,,,,,,Fee Schedule,"251.011684240524 % Medicare Physician FS TC Rates Only. ",123.87,,,,,,,Case Rate,"100 Percent of Medicaid APG. ",103.23,,,,,,,Case Rate,"100 Percent of Medicaid APG. ",195.8112,78,,,,,0,percent of total billed charges,78% of Billed Charges. Lesser of 100% of billed charges applies.; No services were performed during the 15 month look back period.,38.99,,,,,,,Fee Schedule,"100 % 2019 CMS Clinical Lab National Limit Pub 20190115. ",103.23,,,,,,,Case Rate,"100 Percent of Medicaid APG. ",35.09,,,,,,,Fee Schedule,"100% Medicare Lab FS. ",76.46,,,,,,,Fee Schedule,"150 % 2018 Cigna RBRVS fee schedule. ",76.46,,,,,,,Fee Schedule,"150 % 2018 Cigna RBRVS fee schedule. ",76.46,,,,,,,Fee Schedule,"150 % 2018 Cigna RBRVS fee schedule. ",76.46,,,,,,,Fee Schedule,"150 % 2018 Cigna RBRVS fee schedule. ",31.58,,,,,,,Fee schedule,90 Percent of Medicare Laboratory. Covered services not payable under Medicaid Fee Schedules default to a payment of 50 percent of charges.,35.09,,,,,,,Fee Schedule,"100% Medicare Lab FS. ",31.58,,,,,,,Fee schedule,90 Percent of Medicare Laboratory. Covered services not payable under Medicaid Fee Schedules default to a payment of 50 percent of charges.,195.8112,78,,,,,0,percent of total billed charges,78% of Billed Charges. Lesser of 100% of billed charges applies.; No services were performed during the 15 month look back period.,88.08,,,,,,,Fee Schedule,"251.011684240524 % Medicare Physician FS TC Rates Only. ",35.09,,,,,,,Fee Schedule,"100% Medicare Lab FS. ",89.48,,,,,,,Fee Schedule,"255 % Medicare RBRVS. ",35.09,,,,,,,Fee Schedule,"100% Medicare Lab FS. ",35.09,,,,,,,Fee Schedule,"100% Medicare Lab FS. ",195.8112,78,,,,,0,percent of total billed charges,78% of Billed Charges. Lesser of 100% of billed charges applies.; No services were performed during the 15 month look back period.,21.64,,,,,,,Fee Schedule,100% Medicaid Fee Schedule. Lesser of 100% of billed charges applies.,21.64,,,,,,,Fee Schedule,100% Medicaid Fee Schedule. Lesser of 100% of billed charges applies.,31.58,,,,,,,Fee schedule,"90 Percent of Medicare RBRVS. ",31.58,,,,,,,Fee schedule,"90 Percent of Medicare RBRVS. ",89.48,,,,,,,Fee Schedule,"255 % Medicare RBRVS. ",89.48,,,,,,,Fee Schedule,"255 % Medicare RBRVS. ",103.23,,,,,,,Case Rate,"100 Percent of Medicaid APG. Not APG payable, or payable under another fee schedule like ASP/AWP pays at 30% of charges",89.48,,,,,,,Fee Schedule,"255 % Medicare RBRVS. ",103.23,,,,,,,Case Rate,"100 Percent of Medicaid APG. Not APG payable, or payable under another fee schedule like ASP/AWP pays at 30% of charges",35.09,,,,,,,Fee Schedule,"100% Medicare Lab FS. ",89.48,,,,,,,Fee Schedule,"255 % Medicare RBRVS. ",195.8112,78,,,,,0,percent of total billed charges,78% of Billed Charges. Lesser of 100% of billed charges applies.; No services were performed during the 15 month look back period.,103.23,,,,,,,Case Rate,"100 Percent of Medicaid APG. If not priced under APG, then Metroplus FeeSched",103.23,,,,,,,Case Rate,"100 Percent of Medicaid APG. If not priced under APG, then Metroplus FeeSched",195.8112,78,,,,,0,percent of total billed charges,78% of Billed Charges. Lesser of 100% of billed charges applies.; No services were performed during the 15 month look back period.,76.46,,,,,,,Fee Schedule,"150 % 2018 Cigna RBRVS fee schedule. ",38.99,,,,,,,Fee Schedule,"100 % 2019 CMS Clinical Lab National Limit Pub 20190115. ",38.99,,,,,,,Fee Schedule,"100 % 2019 CMS Clinical Lab National Limit Pub 20190115. ",195.8112,78,,,,,0,percent of total billed charges,78% of Billed Charges. Lesser of 100% of billed charges applies.; No services were performed during the 15 month look back period.,35.09,,,,,,,Fee Schedule,"100% Medicare Lab FS. ",38.99,,,,,,,Fee Schedule,"100 % 2019 CMS Clinical Lab National Limit Pub 20190115. ",38.99,,,,,,,Fee Schedule,"100 % 2019 CMS Clinical Lab National Limit Pub 20190115. ",38.99,,,,,,,Fee Schedule,"100 % 2019 CMS Clinical Lab National Limit Pub 20190115. ",35.09,,,,,,,Fee Schedule,"100% Medicare Lab FS. ",38.99,,,,,,,Fee Schedule,"100 % 2019 CMS Clinical Lab National Limit Pub 20190115. ",38.99,,,,,,,Fee Schedule,"100 % 2019 CMS Clinical Lab National Limit Pub 20190115. ",35.09,,,,,,,Fee Schedule,"100% of Medicare Lab FS. ",125.52,50,,,,,0,percent of total billed charges,50 percent of billed charges; No services were performed during the 15 month look back period.,114.81,,,,,,,Fee Schedule,"238 % 2013 Manhattan Medicare. ",114.81,,,,,,,Fee Schedule,"238 % 2013 Manhattan Medicare. ",114.81,,,,,,,Fee Schedule,"238 % 2013 Manhattan Medicare. ",114.81,,,,,,,Fee Schedule,"238 % 2013 Manhattan Medicare. ",114.81,,,,,,,Fee Schedule,"238 % 2013 Manhattan Medicare. ",114.81,,,,,,,Fee Schedule,"238 % 2013 Manhattan Medicare. ",35.09,,,,,,,Fee Schedule,"100% Medicare Lab FS. ",35.09,,,,,,,Fee Schedule,"100% Medicare Lab FS. ",114.81,,,,,,,Fee Schedule,"238 % 2013 Manhattan Medicare. ",195.8112,78,,,,,0,percent of total billed charges,78% of Billed Charges. Lesser of 100% of billed charges applies.; No services were performed during the 15 month look back period.,195.8112,78,,,,,0,percent of total billed charges,78% of Billed Charges. Lesser of 100% of billed charges applies.; No services were performed during the 15 month look back period.,195.8112,78,,,,,0,percent of total billed charges,78% of Billed Charges. Lesser of 100% of billed charges applies.; No services were performed during the 15 month look back period.,195.8112,78,,,,,0,percent of total billed charges,78% of Billed Charges. Lesser of 100% of billed charges applies.; No services were performed during the 15 month look back period.,195.8112,78,,,,,0,percent of total billed charges,78% of Billed Charges. Lesser of 100% of billed charges applies.; No services were performed during the 15 month look back period.,195.8112,78,,,,,0,percent of total billed charges,78% of Billed Charges. Lesser of 100% of billed charges applies.; No services were performed during the 15 month look back period.,195.8112,78,,,,,0,percent of total billed charges,78% of Billed Charges. Lesser of 100% of billed charges applies.; No services were performed during the 15 month look back period.,195.8112,78,,,,,0,percent of total billed charges,78% of Billed Charges. Lesser of 100% of billed charges applies.; No services were performed during the 15 month look back period.,195.8112,78,,,,,0,percent of total billed charges,78% of Billed Charges. Lesser of 100% of billed charges applies.; No services were performed during the 15 month look back period.,195.8112,78,,,,,0,percent of total billed charges,78% of Billed Charges. Lesser of 100% of billed charges applies.; No services were performed during the 15 month look back period.,195.8112,78,,,,,0,percent of total billed charges,78% of Billed Charges. Lesser of 100% of billed charges applies.; No services were performed during the 15 month look back period.,195.8112,78,,,,,0,percent of total billed charges,78% of Billed Charges. Lesser of 100% of billed charges applies.; No services were performed during the 15 month look back period.,195.8112,78,,,,,0,percent of total billed charges,78% of Billed Charges. Lesser of 100% of billed charges applies.; No services were performed during the 15 month look back period.,195.8112,78,,,,,0,percent of total billed charges,78% of Billed Charges. Lesser of 100% of billed charges applies.; No services were performed during the 15 month look back period.,195.8112,78,,,,,0,percent of total billed charges,78% of Billed Charges. Lesser of 100% of billed charges applies.; No services were performed during the 15 month look back period.,195.8112,78,,,,,0,percent of total billed charges,78% of Billed Charges. Lesser of 100% of billed charges applies.; No services were performed during the 15 month look back period.,195.8112,78,,,,,0,percent of total billed charges,78% of Billed Charges. Lesser of 100% of billed charges applies.; No services were performed during the 15 month look back period.,195.8112,78,,,,,0,percent of total billed charges,78% of Billed Charges. Lesser of 100% of billed charges applies.; No services were performed during the 15 month look back period.,195.8112,78,,,,,0,percent of total billed charges,78% of Billed Charges. Lesser of 100% of billed charges applies.; No services were performed during the 15 month look back period.,195.8112,78,,,,,0,percent of total billed charges,78% of Billed Charges. Lesser of 100% of billed charges applies.; No services were performed during the 15 month look back period.,195.8112,78,,,,,0,percent of total billed charges,78% of Billed Charges. Lesser of 100% of billed charges applies.; No services were performed during the 15 month look back period.,195.8112,78,,,,,0,percent of total billed charges,78% of Billed Charges. Lesser of 100% of billed charges applies.; No services were performed during the 15 month look back period.,195.8112,78,,,,,0,percent of total billed charges,78% of Billed Charges. Lesser of 100% of billed charges applies.; No services were performed during the 15 month look back period.,195.8112,78,,,,,0,percent of total billed charges,78% of Billed Charges. Lesser of 100% of billed charges applies.; No services were performed during the 15 month look back period.,195.8112,78,,,,,0,percent of total billed charges,78% of Billed Charges. Lesser of 100% of billed charges applies.; No services were performed during the 15 month look back period.,195.8112,78,,,,,0,percent of total billed charges,78% of Billed Charges. Lesser of 100% of billed charges applies.; No services were performed during the 15 month look back period.,89.48,,,,,,,Fee Schedule,"255 % Medicare RBRVS. ",89.48,,,,,,,Fee Schedule,"255 % Medicare RBRVS. ",89.48,,,,,,,Fee Schedule,"255 % Medicare RBRVS. ",89.48,,,,,,,Fee Schedule,"255 % Medicare RBRVS. ",67.72,,,,,,,Fee Schedule,"193 % Medicare RBRVS. ",67.72,,,,,,,Fee Schedule,"193 % Medicare RBRVS. ",76.46,,,,,,,Fee Schedule,"150 % 2018 Cigna RBRVS fee schedule. ",114.81,,,,,,,Fee Schedule,"238 % 2013 Manhattan Medicare. ",38.99,,,,,,,Fee Schedule,"100 % 2019 CMS Clinical Lab National Limit Pub 20190115. ",114.81,,,,,,,Fee Schedule,"238 % 2013 Manhattan Medicare. ",195.8112,78,,,,,0,percent of total billed charges,78% of Billed Charges. Lesser of 100% of billed charges applies.; No services were performed during the 15 month look back period.,67.72,,,,,,,Fee Schedule,"193 % Medicare RBRVS. ",114.81,,,,,,,Fee Schedule,"238 % 2013 Manhattan Medicare. ",38.99,,,,,,,Fee Schedule,"100 % 2019 CMS Clinical Lab National Limit Pub 20190115. ",76.46,,,,,,,Fee Schedule,"150 % 2018 Cigna RBRVS fee schedule. ",,,,,,,,,"NA. ",195.8112,78,,,,,0,percent of total billed charges,78% of Billed Charges. Lesser of 100% of billed charges applies.; No services were performed during the 15 month look back period.,103.23,,,,,,,Case Rate,"100 Percent of Medicaid APG. ",89.48,,,,,,,Fee Schedule,"255 % Medicare RBRVS. ",103.23,,,,,,,Case Rate,"100 Percent of Medicaid APG. Not APG payable, or payable under another fee schedule like ASP/AWP pays at 30% of charges",35.09,,,,,,,Fee Schedule,"100% Medicare Lab FS. ",35.09,,,,,,,Fee Schedule,"100% Medicare Lab FS. ",125.52,50,,,,,0,percent of total billed charges,50 percent of billed charges; No services were performed during the 15 month look back period.,35.09,,,,,,,Fee Schedule,"100% Medicare Lab FS. ",35.09,,,,,,,Fee Schedule,"100% Medicare Lab FS. ",103.23,,,,,,,Case Rate,"100 Percent of Medicaid APG. ",35.09,,,,,,,Fee Schedule,"100% Medicare Lab FS. ",35.09,,,,,,,Fee Schedule,"100% Medicare Lab FS. ",88.08,,,,,,,Fee Schedule,"251.011684240524 % Medicare Physician FS TC Rates Only. ",88.08,,,,,,,Fee Schedule,"251.011684240524 % Medicare Physician FS TC Rates Only. ",35.09,,,,,,,Fee Schedule,"100% Medicare Lab FS. ",76.46,,,,,,,Fee Schedule,"150 % 2018 Cigna RBRVS fee schedule. ",38.99,,,,,,,Fee Schedule,"100 % 2019 CMS Clinical Lab National Limit Pub 20190115. ",38.99,,,,,,,Fee Schedule,"100 % 2019 CMS Clinical Lab National Limit Pub 20190115. ",35.09,,,,,,,Fee Schedule,"100% Medicare Lab FS. ",76.46,,,,,,,Fee Schedule,"150 % 2018 Cigna RBRVS fee schedule. ",88.08,,,,,,,Fee Schedule,"251.011684240524 % Medicare Physician FS TC Rates Only. ",88.08,,,,,,,Fee Schedule,"251.011684240524 % Medicare Physician FS TC Rates Only. ",88.08,,,,,,,Fee Schedule,"251.011684240524 % Medicare Physician FS TC Rates Only. ",195.8112,78,,,,,0,percent of total billed charges,78% of Billed Charges. Lesser of 100% of billed charges applies.; No services were performed during the 15 month look back period.,195.8112,78,,,,,0,percent of total billed charges,78% of Billed Charges. Lesser of 100% of billed charges applies.; No services were performed during the 15 month look back period.,195.8112,78,,,,,0,percent of total billed charges,78% of Billed Charges. Lesser of 100% of billed charges applies.; No services were performed during the 15 month look back period.,195.8112,78,,,,,0,percent of total billed charges,78% of Billed Charges. Lesser of 100% of billed charges applies.; No services were performed during the 15 month look back period.,195.8112,78,,,,,0,percent of total billed charges,78% of Billed Charges. Lesser of 100% of billed charges applies.; No services were performed during the 15 month look back period.,195.8112,78,,,,,0,percent of total billed charges,78% of Billed Charges. Lesser of 100% of billed charges applies.; No services were performed during the 15 month look back period.,195.8112,78,,,,,0,percent of total billed charges,78% of Billed Charges. Lesser of 100% of billed charges applies.; No services were performed during the 15 month look back period.,195.8112,78,,,,,0,percent of total billed charges,78% of Billed Charges. Lesser of 100% of billed charges applies.; No services were performed during the 15 month look back period.,195.8112,78,,,,,0,percent of total billed charges,78% of Billed Charges. Lesser of 100% of billed charges applies.; No services were performed during the 15 month look back period.,195.8112,78,,,,,0,percent of total billed charges,78% of Billed Charges. Lesser of 100% of billed charges applies.; No services were performed during the 15 month look back period.,195.8112,78,,,,,0,percent of total billed charges,78% of Billed Charges. Lesser of 100% of billed charges applies.; No services were performed during the 15 month look back period.,67.72,,,,,,,Fee Schedule,"193 % Medicare RBRVS. ",114.81,,,,,,,Fee Schedule,"238 % 2013 Manhattan Medicare. ",76.46,,,,,,,Fee Schedule,"150 % 2018 Cigna RBRVS fee schedule. ",35.09,,,,,,,Fee Schedule,"100% Medicare Lab FS. ",88.08,,,,,,,Fee Schedule,"251.011684240524 % Medicare Physician FS TC Rates Only. ",76.46,,,,,,,Fee Schedule,"150 % 2018 Cigna RBRVS fee schedule. ",76.46,,,,,,,Fee Schedule,"150 % 2018 Cigna RBRVS fee schedule. ",195.8112,78,,,,,0,percent of total billed charges,78% of Billed Charges. Lesser of 100% of billed charges applies.; No services were performed during the 15 month look back period.,220.91,,,,,,,Case Rate,"141 Percent of current Medicare RBRVS FeeSched. ",76.46,,,,,,,Fee Schedule,"150 % 2018 Cigna RBRVS fee schedule. ",103.23,,,,,,,Case Rate,"100 Percent of Medicaid APG. ",35.09,,,,,,,Fee Schedule,"100% Medicare Lab FS. ",35.09,,,,,,,Fee Schedule,"100% Medicare Lab FS. ",35.09,,,,,,,Fee Schedule,"100% Medicare Lab FS. ",35.09,,,,,,,Fee Schedule,"100% Medicare Lab FS. ",35.09,,,,,,,Fee Schedule,"100% Medicare Lab FS. ",35.09,,,,,,,Fee Schedule,"100% Medicare Lab FS. ",76.46,,,,,,,Fee Schedule,"150 % 2018 Cigna RBRVS fee schedule. ",125.52,50,,,,,0,percent of total billed charges,50 percent of billed charges; No services were performed during the 15 month look back period.,56.14,,,,,,,Fee Schedule,"160 Percent of Medicare Laboratory. ",56.14,,,,,,,Fee Schedule,"160 Percent of Medicare Laboratory. ",56.14,,,,,,,Fee Schedule,"160 Percent of Medicare Laboratory. ",56.14,,,,,,,Fee Schedule,"160 Percent of Medicare Laboratory. ",56.14,,,,,,,Fee Schedule,"160 Percent of Medicare Laboratory. ",,,,,,,,,"NA. ",125.52,50,,,,,0,percent of total billed charges,50 percent of billed charges; No services were performed during the 15 month look back period.,49.48,,,,,,,Fee Schedule,141 Percent of of Medicare Lab FS. Metroplus will reimburse unlisted codes and described codes with no Medicare rate at 50 percent of charges.,49.48,,,,,,,Fee Schedule,141 Percent of of Medicare Lab FS. Metroplus will reimburse unlisted codes and described codes with no Medicare rate at 50 percent of charges.,49.48,,,,,,,Fee Schedule,141 Percent of of Medicare Lab FS. Metroplus will reimburse unlisted codes and described codes with no Medicare rate at 50 percent of charges.,49.48,,,,,,,Fee Schedule,141 Percent of of Medicare Lab FS. Metroplus will reimburse unlisted codes and described codes with no Medicare rate at 50 percent of charges.,49.48,,,,,,,Fee Schedule,141 Percent of of Medicare Lab FS. Metroplus will reimburse unlisted codes and described codes with no Medicare rate at 50 percent of charges.,35.09,,,,,,,Fee Schedule,"100% Medicare Lab FS. ",67.72,,,,,,,Fee Schedule,"193 % Medicare RBRVS. ",67.72,,,,,,,Fee Schedule,"193 % Medicare RBRVS. ",67.72,,,,,,,Fee Schedule,"193 % Medicare RBRVS. ",67.72,,,,,,,Fee Schedule,"193 % Medicare RBRVS. ",88.08,,,,,,,Fee Schedule,"251.011684240524 % Medicare Physician FS TC Rates Only. ",88.08,,,,,,,Fee Schedule,"251.011684240524 % Medicare Physician FS TC Rates Only. ",88.08,,,,,,,Fee Schedule,"251.011684240524 % Medicare Physician FS TC Rates Only. ",88.08,,,,,,,Fee Schedule,"251.011684240524 % Medicare Physician FS TC Rates Only. ",125.52,50,,,,,0,percent of total billed charges,50 percent of billed charges; No services were performed during the 15 month look back period.,125.52,50,,,,,0,percent of total billed charges,50 percent of billed charges; No services were performed during the 15 month look back period.,35.09,,,,,,,Fee Schedule,"100% Medicare Lab FS. ",35.09,,,,,,,Fee Schedule,"100% Medicare Lab FS. ",35.09,,,,,,,Fee Schedule,"100% Medicare Lab FS. ",114.81,,,,,,,Fee Schedule,"238 % 2013 Manhattan Medicare. ",114.81,,,,,,,Fee Schedule,"238 % 2013 Manhattan Medicare. ",114.81,,,,,,,Fee Schedule,"238 % 2013 Manhattan Medicare. ",125.52,50,,,,,0,percent of total billed charges,50 percent of billed charges; No services were performed during the 15 month look back period.,88.08,,,,,,,Fee Schedule,"251.011684240524 % Medicare Physician FS TC Rates Only. ",35.09,,,,,,,Fee Schedule,"100% Medicare Lab FS. ",114.81,,,,,,,Fee Schedule,"238 % 2013 Manhattan Medicare. ",103.23,,,,,,,Case Rate,"100 Percent of Medicaid APG. ",35.79,,,,,,,Fee Schedule,"102% of Medicare Lab FS. ",35.79,,,,,,,Fee Schedule,"102% of Medicare Lab FS. ",35.79,,,,,,,Fee Schedule,"102% of Medicare Lab FS. ",31.58,,,,,,,Fee schedule,"90 Percent of Medicare RBRVS. ",232.27,,,,,,,Fee Schedule,225% of NYS APG. Lesser of 100% of billed charges applies.,232.27,,,,,,,Fee Schedule,225% of NYS APG. Lesser of 100% of billed charges applies.,232.27,,,,,,,Fee Schedule,225% of NYS APG. Lesser of 100% of billed charges applies.,232.27,,,,,,,Fee Schedule,225% of NYS APG. Lesser of 100% of billed charges applies.,232.27,,,,,,,Fee Schedule,225% of NYS APG. Lesser of 100% of billed charges applies.,35.79,,,,,,,Fee Schedule,"102% of Medicare Lab FS. ",103.23,,,,,,,Case Rate,"100 Percent of Medicaid APG. ",21.64,,,,,,,Fee Schedule,100% Medicaid Fee Schedule. Lesser of 100% of billed charges applies.,232.27,,,,,,,Fee Schedule,225% of NYS APG. Lesser of 100% of billed charges applies.,232.27,,,,,,,Fee Schedule,225% of NYS APG. Lesser of 100% of billed charges applies.,21.64,,,,,,,Fee Schedule,100% Medicaid Fee Schedule. Lesser of 100% of billed charges applies.,21.64,,,,,,,Fee Schedule,100% Medicaid Fee Schedule. Lesser of 100% of billed charges applies.,56.14,,,,,,,Fee Schedule,"160 Percent of Medicare Laboratory. ",35.09,,,,,,,Fee Schedule,"100% Medicare Lab FS. ",35.09,,,,,,,Fee Schedule,"100% Medicare Lab FS. ",88.08,,,,,,,Fee Schedule,"251.011684240524 % Medicare Physician FS TC Rates Only. ",35.09,,,,,,,Fee Schedule,"100% Medicare Lab FS. ",232.27,,,,,,,Fee Schedule,"225 Percent of Medicaid APG. ",232.27,,,,,,,Fee Schedule,"225 Percent of Medicaid APG. ",31.58,,,,,,,Fee schedule,"90 Percent of Medicare RBRVS. ",31.58,,,,,,,Fee schedule,"90 Percent of Medicare RBRVS. ",232.27,,,,,,,Case Rate,225 Percent of Medicaid APG. Covered services not payable under Medicaid Fee Schedules default to a payment of 87.5 percent of charges.,31.58,,,,,,,Fee schedule,90 Percent of Medicare Laboratory. Covered services not payable under Medicaid Fee Schedules default to a payment of 50 percent of charges.,232.27,,,,,,,Case Rate,"100 Percent of Medicaid APG. ",232.27,,,,,,,Case Rate,"100 Percent of Medicaid APG. ",232.27,,,,,,,Case Rate,"100 Percent of Medicaid APG. ",232.27,,,,,,,Case Rate,"100 Percent of Medicaid APG. ",357.57,,,,,,,Fee Schedule,"1019 % Manhattan Facility Rate. ",125.52,50,,,,,0,percent of total billed charges,50 percent of billed charges; No services were performed during the 15 month look back period.,123.87,,,,,,,Case Rate,"120 Percent of Medicaid APG. Not APG payable, or payable under another fee schedule like ASP/AWP pays at 30% of charges",123.87,,,,,,,Case Rate,"120 Percent of Medicaid APG. Not APG payable, or payable under another fee schedule like ASP/AWP pays at 30% of charges",103.23,,,,,,,Case Rate,"100 Percent of Medicaid APG. Not APG payable, or payable under another fee schedule like ASP/AWP pays at 30% of charges",103.23,,,,,,,Case Rate,"100 Percent of Medicaid APG. Not APG payable, or payable under another fee schedule like ASP/AWP pays at 30% of charges",114.81,,,,,,,Fee Schedule,"238 % 2013 Manhattan Medicare. ",114.81,,,,,,,Fee Schedule,"238 % 2013 Manhattan Medicare. ",35.09,,,,,,,Fee Schedule,"100% Medicare Lab FS. ",114.81,,,,,,,Fee Schedule,"238 % 2013 Manhattan Medicare. ",114.81,,,,,,,Fee Schedule,"238 % 2013 Manhattan Medicare. ",114.81,,,,,,,Fee Schedule,"238 % 2013 Manhattan Medicare. ",114.81,,,,,,,Fee Schedule,"238 % 2013 Manhattan Medicare. ",35.09,,,,,,,Fee Schedule,"100% Medicare Lab FS. ",114.81,,,,,,,Fee Schedule,"238 % 2013 Manhattan Medicare. ",114.81,,,,,,,Fee Schedule,"238 % 2013 Manhattan Medicare. ",88.08,,,,,,,Fee Schedule,"251.011684240524 % Medicare Physician FS TC Rates Only. ",113.55,,,,,,,Fee Schedule,110% of APG. Lesser of 100% of billed charges applies.,31.58,,,,,,,Fee schedule,90 Percent of Medicare Laboratory. Covered services not payable under Medicaid Fee Schedules default to a payment of 50 percent of charges.,232.27,,,,,,,Fee Schedule,225% of NYS APG. Lesser of 100% of billed charges applies.,232.27,,,,,,,Case Rate,225 Percent of Medicaid APG. Covered services not payable under Medicaid Fee Schedules default to a payment of 87.5 percent of charges.,31.58,,,,,,,Fee schedule,90 Percent of Medicare Laboratory. Covered services not payable under Medicaid Fee Schedules default to a payment of 50 percent of charges.,232.27,,,,,,,Fee Schedule,225% of NYS APG. Lesser of 100% of billed charges applies.,232.27,,,,,,,Fee Schedule,225% of NYS APG. Lesser of 100% of billed charges applies.,232.27,,,,,,,Fee Schedule,225% of NYS APG. Lesser of 100% of billed charges applies.,232.27,,,,,,,Fee Schedule,225% of NYS APG. Lesser of 100% of billed charges applies.,232.27,,,,,,,Fee Schedule,225% of NYS APG. Lesser of 100% of billed charges applies.,232.27,,,,,,,Fee Schedule,225% of NYS APG. Lesser of 100% of billed charges applies.,,,,,,,,,"NA. ",,,,,,,,,"NA. ",,,,,,,,,"NA. ",76.46,,,,,,,Fee Schedule,"150 % 2018 Cigna RBRVS fee schedule. ",,,,,,,,,"NA. ",35.09,,,,,,,Fee Schedule,"100% Medicare Lab FS. ",49.04,,,,,,,Fee Schedule,"100 % 1199 Fee Schedule. ",35.09,,,,,,,Fee Schedule,"100% Medicare Lab FS. ",35.09,,,,,,,Fee Schedule,"100% Medicare Lab FS. ",123.87,,,,,,,Case Rate,"120 Percent of Medicaid APG. Not APG payable, or payable under another fee schedule like ASP/AWP pays at 30% of charges",123.87,,,,,,,Case Rate,"120 Percent of Medicaid APG. Not APG payable, or payable under another fee schedule like ASP/AWP pays at 30% of charges",103.23,,,,,,,Case Rate,"100 Percent of Medicaid APG. Not APG payable, or payable under another fee schedule like ASP/AWP pays at 30% of charges",103.23,,,,,,,Case Rate,"100 Percent of Medicaid APG. Not APG payable, or payable under another fee schedule like ASP/AWP pays at 30% of charges",103.23,,,,,,,Case Rate,"100 Percent of Medicaid APG. ",76.15,,,,,,,Fee Schedule,"217 % Medicare RBRVS. ",88.08,,,,,,,Fee Schedule,"251.011684240524 % Medicare Physician FS TC Rates Only. ",89.48,,,,,,,Fee Schedule,"255 % Medicare RBRVS. ",76.46,,,,,,,Fee Schedule,"150 % 2018 Cigna RBRVS fee schedule. ",35.09,,,,,,,Fee Schedule,"100% Medicare Lab FS. ",35.09,,,,,,,Fee Schedule,"100% Medicare Lab FS. ",35.09,,,,,,,Fee Schedule,"100% Medicare Lab FS. ",35.09,,,,,,,Fee Schedule,"100% Medicare Lab FS. ",35.09,,,,,,,Fee Schedule,"100% Medicare Lab FS. ",35.09,,,,,,,Fee Schedule,"100% Medicare Lab FS. ",,,,,,,,,"NA. ",232.27,,,,,,,Fee Schedule,225% of NYS APG. Lesser of 100% of billed charges applies.,21.64,,,,,,,Fee Schedule,100% Medicaid Fee Schedule. Lesser of 100% of billed charges applies.,114.81,,,,,,,Fee Schedule,"238 % 2013 Manhattan Medicare. ",76.15,,,,,,,Fee Schedule,"217 % Medicare RBRVS. ",76.15,,,,,,,Fee Schedule,"217 % Medicare RBRVS. ",76.15,,,,,,,Fee Schedule,"217 % Medicare RBRVS. ",76.15,,,,,,,Fee Schedule,"217 % Medicare RBRVS. ",35.09,,,,,,,Fee Schedule,"100% Medicare Lab FS. ",103.23,,,,,,,Case Rate,"100 Percent of Medicaid APG. ",114.81,,,,,,,Fee Schedule,"238 % 2013 Manhattan Medicare. ",103.23,,,,,,,Case Rate,"100 Percent of Medicaid APG. ",35.09,,,,,,,Fee Schedule,"100% Medicare Lab FS. ",103.23,,,,,,,Case Rate,"100 Percent of Medicaid APG. ",35.09,,,,,,,Fee Schedule,"100% Medicare Lab FS. ",35.09,,,,,,,Fee Schedule,"100% Medicare Lab FS. ",103.23,,,,,,,Case Rate,"100 Percent of Medicaid APG. ",103.23,,,,,,,Case Rate,"100 Percent of Medicaid APG. ",76.15,,,,,,,Fee Schedule,"217 % Medicare RBRVS. ",76.46,,,,,,,Fee Schedule,"150 % 2018 Cigna RBRVS fee schedule. ",195.8112,78,,,,,0,percent of total billed charges,78% of Billed Charges. Lesser of 100% of billed charges applies.; No services were performed during the 15 month look back period.,38.99,,,,,,,Fee Schedule,"100 % 2019 CMS Clinical Lab National Limit Pub 20190115. ",38.99,,,,,,,Fee Schedule,"100 % 2019 CMS Clinical Lab National Limit Pub 20190115. ",88.08,,,,,,,Fee Schedule,"251.011684240524 % Medicare Physician FS TC Rates Only. ",34.39,,,,,,,Fee Schedule,"98% Lab FS. ",67.72,,,,,,,Fee Schedule,"193 % Medicare RBRVS. ",67.72,,,,,,,Fee Schedule,"193 % Medicare RBRVS. ",91.85,,,,,,,Fee Schedule,"190.4 % 2013 Manhattan Medicare. ",91.85,,,,,,,Fee Schedule,"190.4 % 2013 Manhattan Medicare. ",35.09,,,,,,,Fee Schedule,"100% Medicare Lab FS. ",35.09,,,,,,,Fee Schedule,"100% Medicare Lab FS. ",35.09,,,,,,,Fee Schedule,"100% Medicare Lab FS. ",35.09,,,,,,,Fee Schedule,"100% Medicare Lab FS. ",38.99,,,,,,,Fee Schedule,"100 % 2019 CMS Clinical Lab National Limit Pub 20190115. ",114.81,,,,,,,Fee Schedule,"238 % 2013 Manhattan Medicare. ",114.81,,,,,,,Fee Schedule,"238 % 2013 Manhattan Medicare. ",35.09,,,,,,,Fee Schedule,"100% Medicare Lab FS. ",91.85,,,,,,,Fee Schedule,"190.4 % 2013 Manhattan Medicare. ",89.48,,,,,,,Fee Schedule,"255 % Medicare RBRVS. ",123.87,,,,,,,Fee Schedule,"120 Percent of Medicaid APG. ",103.23,,,,,,,Case Rate,"100 Percent of Medicaid APG. ",76.15,,,,,,,Fee Schedule,"217 % Medicare RBRVS. ",103.33,,,,,,,Fee Schedule,"214.2 % 2013 Manhattan Medicare. ",103.33,,,,,,,Fee Schedule,"214.2 % 2013 Manhattan Medicare. ",114.81,,,,,,,Fee Schedule,"238 % 2013 Manhattan Medicare. ",125.52,50,,,,,0,percent of total billed charges,50 percent of billed charges; No services were performed during the 15 month look back period.,35.09,,,,,,,Fee Schedule,"100% Medicare Lab FS. ",108.39,,,,,,,Fee Schedule,105 percent of Medicaid APG. otherwise 105% of Ordered NYS MCD FS or 105% of ASP+6%,108.39,,,,,,,Fee Schedule,105 percent of Medicaid APG. otherwise 105% of Ordered NYS MCD FS or 105% of ASP+6%,108.39,,,,,,,Fee Schedule,105 percent of Medicaid APG. otherwise 105% of Ordered NYS MCD FS or 105% of ASP+6%,139.36,,,,,,,Fee Schedule,135 percent of Medicaid APG. otherwise 135% of Ordered NYS MCD FS or 135% of ASP+6%,38.99,,,,,,,Fee Schedule,"100 % 2019 CMS Clinical Lab National Limit Pub 20190115. ",108.39,,,,,,,Fee Schedule,105 percent of Medicaid APG. otherwise 105% of Ordered NYS MCD FS or 105% of ASP+6%,108.39,,,,,,,Fee Schedule,105 percent of Medicaid APG. otherwise 105% of Ordered NYS MCD FS or 105% of ASP+6%,108.39,,,,,,,Fee Schedule,105 percent of Medicaid APG. otherwise 105% of Ordered NYS MCD FS or 105% of ASP+6%,108.39,,,,,,,Fee Schedule,105 percent of Medicaid APG. otherwise 105% of Ordered NYS MCD FS or 105% of ASP+6%,108.39,,,,,,,Fee Schedule,105 percent of Medicaid APG. otherwise 105% of Ordered NYS MCD FS or 105% of ASP+6%,139.36,,,,,,,Fee Schedule,135 percent of Medicaid APG. otherwise 135% of Ordered NYS MCD FS or 135% of ASP+6%,139.36,,,,,,,Fee Schedule,135 percent of Medicaid APG. otherwise 135% of Ordered NYS MCD FS or 135% of ASP+6%,35.09,,,,,,,Fee Schedule,"100% Medicare Lab FS. ",38.99,,,,,,,Fee Schedule,"100 % 2019 CMS Clinical Lab National Limit Pub 20190115. ",35.09,,,,,,,Fee Schedule,"100% Medicare Lab FS. ",108.39,,,,,,,Fee Schedule,105 percent of Medicaid APG. otherwise 105% of Ordered NYS MCD FS or 105% of ASP+6%,114.81,,,,,,,Fee Schedule,"238 % 2013 Manhattan Medicare. ",35.09,,,,,,,Fee Schedule,"100% Medicare Lab FS. ",114.81,,,,,,,Fee Schedule,"238 % 2013 Manhattan Medicare. ",114.81,,,,,,,Fee Schedule,"238 % 2013 Manhattan Medicare. ",114.81,,,,,,,Fee Schedule,"238 % 2013 Manhattan Medicare. ",108.39,,,,,,,Fee Schedule,105 percent of Medicaid APG. otherwise 105% of Ordered NYS MCD FS or 105% of ASP+6%,35.09,,,,,,,Fee Schedule,"100% Medicare Lab FS. ",114.81,,,,,,,Fee Schedule,"238 % 2013 Manhattan Medicare. ",139.36,,,,,,,Fee Schedule,135 percent of Medicaid APG. otherwise 135% of Ordered NYS MCD FS or 135% of ASP+6%,114.81,,,,,,,Fee Schedule,"238 % 2013 Manhattan Medicare. ",52.64,,,,,,,Fee Schedule,"150% of Medicare Lab FS. ",35.09,,,,,,,Fee Schedule,"100% Medicare Lab FS. ",76.15,,,,,,,Fee Schedule,"217 % Medicare RBRVS. ",76.15,,,,,,,Fee Schedule,"217 % Medicare RBRVS. ",76.15,,,,,,,Fee Schedule,"217 % Medicare RBRVS. ",76.15,,,,,,,Fee Schedule,"217 % Medicare RBRVS. ",76.15,,,,,,,Fee Schedule,"217 % Medicare RBRVS. ",89.48,,,,,,,Fee Schedule,"255 % Medicare RBRVS. ",89.48,,,,,,,Fee Schedule,"255 % Medicare RBRVS. ",76.15,,,,,,,Fee Schedule,"217 % Medicare RBRVS. ",76.15,,,,,,,Fee Schedule,"217 % Medicare RBRVS. ",76.15,,,,,,,Fee Schedule,"217 % Medicare RBRVS. ",76.15,,,,,,,Fee Schedule,"217 % Medicare RBRVS. ",76.15,,,,,,,Fee Schedule,"217 % Medicare RBRVS. ",35.09,,,,,,,Fee Schedule,"100% Medicare Lab FS. ",89.48,,,,,,,Fee Schedule,"255 % Medicare RBRVS. ",35.09,,,,,,,Fee Schedule,"100% Medicare Lab FS. ",232.27,,,,,,,Case Rate,"225 Percent of Medicaid APG. If not included in Medicaid APG, then 100 Percent of Manhattan Medicare",103.23,,,,,,,Case Rate,"100 Percent of Medicaid APG. If not priced under APG, then Metroplus FeeSched",38.99,,,,,,,Fee Schedule,"100 % 2019 CMS Clinical Lab National Limit Pub 20190115. ",38.99,,,,,,,Fee Schedule,"100 % 2019 CMS Clinical Lab National Limit Pub 20190115. ",35.09,,,,,,,Fee Schedule,"100% Medicare Lab FS. ",67.72,,,,,,,Fee Schedule,"193 % Medicare RBRVS. ",35.09,,,,,,,Fee Schedule,"100% Medicare Lab FS. ",35.09,,,,,,,Fee Schedule,"100% Medicare Lab FS. ",88.08,,,,,,,Fee Schedule,"251.011684240524 % Medicare Physician FS TC Rates Only. ",35.09,,,,,,,Fee Schedule,"100% Medicare Lab FS. ",76.46,,,,,,,Fee Schedule,"150 % 2018 Cigna RBRVS fee schedule. ",35.09,,,,,,,Fee Schedule,"100% Medicare Lab FS. ",76.46,,,,,,,Fee Schedule,"150 % 2018 Cigna RBRVS fee schedule. ",88.08,,,,,,,Fee Schedule,"251.011684240524 % Medicare Physician FS TC Rates Only. ",76.46,,,,,,,Fee Schedule,"150 % 2018 Cigna RBRVS fee schedule. ",35.09,,,,,,,Fee Schedule,"100% Medicare Lab FS. ",103.23,,,,,,,Case Rate,"100 Percent of Medicaid APG. ",35.09,,,,,,,Fee Schedule,"100% Medicare Lab FS. ",76.46,,,,,,,Fee Schedule,"150 % 2018 Cigna RBRVS fee schedule. ",38.99,,,,,,,Fee Schedule,"100 % 2019 CMS Clinical Lab National Limit Pub 20190115. ",103.23,,,,,,,Case Rate,"100 Percent of Medicaid APG. ",114.81,,,,,,,Fee Schedule,"238 % 2013 Manhattan Medicare. ",123.87,,,,,,,Fee Schedule,"120 Percent of Medicaid APG. ",123.87,,,,,,,Fee Schedule,"120 Percent of Medicaid APG. ",114.81,,,,,,,Fee Schedule,"238 % 2013 Manhattan Medicare. ",114.81,,,,,,,Fee Schedule,"238 % 2013 Manhattan Medicare. ",114.81,,,,,,,Fee Schedule,"238 % 2013 Manhattan Medicare. ",38.99,,,,,,,Fee Schedule,"100 % 2019 CMS Clinical Lab National Limit Pub 20190115. ",114.81,,,,,,,Fee Schedule,"238 % 2013 Manhattan Medicare. ",114.81,,,,,,,Fee Schedule,"238 % 2013 Manhattan Medicare. ",114.81,,,,,,,Fee Schedule,"238 % 2013 Manhattan Medicare. ",76.15,,,,,,,Fee Schedule,"217 % Medicare RBRVS. ",76.15,,,,,,,Fee Schedule,"217 % Medicare RBRVS. ",49.48,,,,,,,Fee Schedule,141 Percent of of Medicare Lab FS. Metroplus will reimburse unlisted codes and described codes with no Medicare rate at 50 percent of charges.,103.23,,,,,,,Case Rate,"100 Percent of Medicaid APG. ",38.99,,,,,,,Fee Schedule,"100 % 2019 CMS Clinical Lab National Limit Pub 20190115. ",76.46,,,,,,,Fee Schedule,"150 % 2018 Cigna RBRVS fee schedule. ",88.08,,,,,,,Fee Schedule,"251.011684240524 % Medicare Physician FS TC Rates Only. ",38.99,,,,,,,Fee Schedule,"100 % 2019 CMS Clinical Lab National Limit Pub 20190115. ",88.08,,,,,,,Fee Schedule,"251.011684240524 % Medicare Physician FS TC Rates Only. ",38.99,,,,,,,Fee Schedule,"100 % 2019 CMS Clinical Lab National Limit Pub 20190115. ",114.81,,,,,,,Fee Schedule,"238 % 2013 Manhattan Medicare. ",114.81,,,,,,,Fee Schedule,"238 % 2013 Manhattan Medicare. ",114.81,,,,,,,Fee Schedule,"238 % 2013 Manhattan Medicare. ",114.81,,,,,,,Fee Schedule,"238 % 2013 Manhattan Medicare. ",35.09,,,,,,,Fee Schedule,"100% Medicare Lab FS. ",21.64,357.57,
87502,CPT,2023035,LOCAL,306,RC,HC HC INFLUENZA DNA AMP PROBE,3006.13,114.96,both,,,,120,,,,,,,Fee Schedule,"100 % 1199 Fee Schedule. ",120,,,,,,,Fee Schedule,"100 % 1199 Fee Schedule. ",240.46,,,,,,,Fee Schedule,"251.002087682672 % Medicare Physician FS TC Rates Only. ",3006.13,100,,,,,0,percent of total billed charges,100 percent of billed charges. ; No services were performed during the 15 month look back period.,95.8,,,,,,,Fee Schedule,"100% Medicare Lab FS. ",240.46,,,,,,,Fee Schedule,"251.002087682672 % Medicare Physician FS TC Rates Only. ",240.46,,,,,,,Fee Schedule,"251.002087682672 % Medicare Physician FS TC Rates Only. ",240.46,,,,,,,Fee Schedule,"251.002087682672 % Medicare Physician FS TC Rates Only. ",164.3,,,,,,,Case Rate,"100 Percent of Medicaid APG. ",136.92,,,,,,,Case Rate,"100 Percent of Medicaid APG. ",2344.7814,78,,,,,0,percent of total billed charges,78% of Billed Charges. Lesser of 100% of billed charges applies.; No services were performed during the 15 month look back period.,95.8,,,,,,,Fee Schedule,"100 % 2019 CMS Clinical Lab National Limit Pub 20190115. ",136.92,,,,,,,Case Rate,"100 Percent of Medicaid APG. ",95.8,,,,,,,Fee Schedule,"100% Medicare Lab FS. ",186.06,,,,,,,Fee Schedule,"150 % 2018 Cigna RBRVS fee schedule. ",186.06,,,,,,,Fee Schedule,"150 % 2018 Cigna RBRVS fee schedule. ",186.06,,,,,,,Fee Schedule,"150 % 2018 Cigna RBRVS fee schedule. ",186.06,,,,,,,Fee Schedule,"150 % 2018 Cigna RBRVS fee schedule. ",86.22,,,,,,,Fee schedule,90 Percent of Medicare Laboratory. Covered services not payable under Medicaid Fee Schedules default to a payment of 50 percent of charges.,95.8,,,,,,,Fee Schedule,"100% Medicare Lab FS. ",86.22,,,,,,,Fee schedule,90 Percent of Medicare Laboratory. Covered services not payable under Medicaid Fee Schedules default to a payment of 50 percent of charges.,2344.7814,78,,,,,0,percent of total billed charges,78% of Billed Charges. Lesser of 100% of billed charges applies.; No services were performed during the 15 month look back period.,240.46,,,,,,,Fee Schedule,"251.002087682672 % Medicare Physician FS TC Rates Only. ",95.8,,,,,,,Fee Schedule,"100% Medicare Lab FS. ",244.29,,,,,,,Fee Schedule,"255 % Medicare RBRVS. ",95.8,,,,,,,Fee Schedule,"100% Medicare Lab FS. ",95.8,,,,,,,Fee Schedule,"100% Medicare Lab FS. ",2344.7814,78,,,,,0,percent of total billed charges,78% of Billed Charges. Lesser of 100% of billed charges applies.; No services were performed during the 15 month look back period.,53.98,,,,,,,Fee Schedule,100% Medicaid Fee Schedule. Lesser of 100% of billed charges applies.,53.98,,,,,,,Fee Schedule,100% Medicaid Fee Schedule. Lesser of 100% of billed charges applies.,86.22,,,,,,,Fee schedule,"90 Percent of Medicare RBRVS. ",86.22,,,,,,,Fee schedule,"90 Percent of Medicare RBRVS. ",244.29,,,,,,,Fee Schedule,"255 % Medicare RBRVS. ",244.29,,,,,,,Fee Schedule,"255 % Medicare RBRVS. ",136.92,,,,,,,Case Rate,"100 Percent of Medicaid APG. Not APG payable, or payable under another fee schedule like ASP/AWP pays at 30% of charges",244.29,,,,,,,Fee Schedule,"255 % Medicare RBRVS. ",136.92,,,,,,,Case Rate,"100 Percent of Medicaid APG. Not APG payable, or payable under another fee schedule like ASP/AWP pays at 30% of charges",95.8,,,,,,,Fee Schedule,"100% Medicare Lab FS. ",244.29,,,,,,,Fee Schedule,"255 % Medicare RBRVS. ",2344.7814,78,,,,,0,percent of total billed charges,78% of Billed Charges. Lesser of 100% of billed charges applies.; No services were performed during the 15 month look back period.,136.92,,,,,,,Case Rate,"100 Percent of Medicaid APG. If not priced under APG, then Metroplus FeeSched",136.92,,,,,,,Case Rate,"100 Percent of Medicaid APG. If not priced under APG, then Metroplus FeeSched",2344.7814,78,,,,,0,percent of total billed charges,78% of Billed Charges. Lesser of 100% of billed charges applies.; No services were performed during the 15 month look back period.,186.06,,,,,,,Fee Schedule,"150 % 2018 Cigna RBRVS fee schedule. ",95.8,,,,,,,Fee Schedule,"100 % 2019 CMS Clinical Lab National Limit Pub 20190115. ",95.8,,,,,,,Fee Schedule,"100 % 2019 CMS Clinical Lab National Limit Pub 20190115. ",2344.7814,78,,,,,0,percent of total billed charges,78% of Billed Charges. Lesser of 100% of billed charges applies.; No services were performed during the 15 month look back period.,95.8,,,,,,,Fee Schedule,"100% Medicare Lab FS. ",95.8,,,,,,,Fee Schedule,"100 % 2019 CMS Clinical Lab National Limit Pub 20190115. ",95.8,,,,,,,Fee Schedule,"100 % 2019 CMS Clinical Lab National Limit Pub 20190115. ",95.8,,,,,,,Fee Schedule,"100 % 2019 CMS Clinical Lab National Limit Pub 20190115. ",95.8,,,,,,,Fee Schedule,"100% Medicare Lab FS. ",95.8,,,,,,,Fee Schedule,"100 % 2019 CMS Clinical Lab National Limit Pub 20190115. ",95.8,,,,,,,Fee Schedule,"100 % 2019 CMS Clinical Lab National Limit Pub 20190115. ",95.8,,,,,,,Fee Schedule,"100% of Medicare Lab FS. ",1503.065,50,,,,,0,percent of total billed charges,50 percent of billed charges; No services were performed during the 15 month look back period.,278.36,,,,,,,Fee Schedule,"238 % 2013 Manhattan Medicare. ",278.36,,,,,,,Fee Schedule,"238 % 2013 Manhattan Medicare. ",278.36,,,,,,,Fee Schedule,"238 % 2013 Manhattan Medicare. ",278.36,,,,,,,Fee Schedule,"238 % 2013 Manhattan Medicare. ",278.36,,,,,,,Fee Schedule,"238 % 2013 Manhattan Medicare. ",278.36,,,,,,,Fee Schedule,"238 % 2013 Manhattan Medicare. ",95.8,,,,,,,Fee Schedule,"100% Medicare Lab FS. ",95.8,,,,,,,Fee Schedule,"100% Medicare Lab FS. ",278.36,,,,,,,Fee Schedule,"238 % 2013 Manhattan Medicare. ",2344.7814,78,,,,,0,percent of total billed charges,78% of Billed Charges. Lesser of 100% of billed charges applies.; No services were performed during the 15 month look back period.,2344.7814,78,,,,,0,percent of total billed charges,78% of Billed Charges. Lesser of 100% of billed charges applies.; No services were performed during the 15 month look back period.,2344.7814,78,,,,,0,percent of total billed charges,78% of Billed Charges. Lesser of 100% of billed charges applies.; No services were performed during the 15 month look back period.,2344.7814,78,,,,,0,percent of total billed charges,78% of Billed Charges. Lesser of 100% of billed charges applies.; No services were performed during the 15 month look back period.,2344.7814,78,,,,,0,percent of total billed charges,78% of Billed Charges. Lesser of 100% of billed charges applies.; No services were performed during the 15 month look back period.,2344.7814,78,,,,,0,percent of total billed charges,78% of Billed Charges. Lesser of 100% of billed charges applies.; No services were performed during the 15 month look back period.,2344.7814,78,,,,,0,percent of total billed charges,78% of Billed Charges. Lesser of 100% of billed charges applies.; No services were performed during the 15 month look back period.,2344.7814,78,,,,,0,percent of total billed charges,78% of Billed Charges. Lesser of 100% of billed charges applies.; No services were performed during the 15 month look back period.,2344.7814,78,,,,,0,percent of total billed charges,78% of Billed Charges. Lesser of 100% of billed charges applies.; No services were performed during the 15 month look back period.,2344.7814,78,,,,,0,percent of total billed charges,78% of Billed Charges. Lesser of 100% of billed charges applies.; No services were performed during the 15 month look back period.,2344.7814,78,,,,,0,percent of total billed charges,78% of Billed Charges. Lesser of 100% of billed charges applies.; No services were performed during the 15 month look back period.,2344.7814,78,,,,,0,percent of total billed charges,78% of Billed Charges. Lesser of 100% of billed charges applies.; No services were performed during the 15 month look back period.,2344.7814,78,,,,,0,percent of total billed charges,78% of Billed Charges. Lesser of 100% of billed charges applies.; No services were performed during the 15 month look back period.,2344.7814,78,,,,,0,percent of total billed charges,78% of Billed Charges. Lesser of 100% of billed charges applies.; No services were performed during the 15 month look back period.,2344.7814,78,,,,,0,percent of total billed charges,78% of Billed Charges. Lesser of 100% of billed charges applies.; No services were performed during the 15 month look back period.,2344.7814,78,,,,,0,percent of total billed charges,78% of Billed Charges. Lesser of 100% of billed charges applies.; No services were performed during the 15 month look back period.,2344.7814,78,,,,,0,percent of total billed charges,78% of Billed Charges. Lesser of 100% of billed charges applies.; No services were performed during the 15 month look back period.,2344.7814,78,,,,,0,percent of total billed charges,78% of Billed Charges. Lesser of 100% of billed charges applies.; No services were performed during the 15 month look back period.,2344.7814,78,,,,,0,percent of total billed charges,78% of Billed Charges. Lesser of 100% of billed charges applies.; No services were performed during the 15 month look back period.,2344.7814,78,,,,,0,percent of total billed charges,78% of Billed Charges. Lesser of 100% of billed charges applies.; No services were performed during the 15 month look back period.,2344.7814,78,,,,,0,percent of total billed charges,78% of Billed Charges. Lesser of 100% of billed charges applies.; No services were performed during the 15 month look back period.,2344.7814,78,,,,,0,percent of total billed charges,78% of Billed Charges. Lesser of 100% of billed charges applies.; No services were performed during the 15 month look back period.,2344.7814,78,,,,,0,percent of total billed charges,78% of Billed Charges. Lesser of 100% of billed charges applies.; No services were performed during the 15 month look back period.,2344.7814,78,,,,,0,percent of total billed charges,78% of Billed Charges. Lesser of 100% of billed charges applies.; No services were performed during the 15 month look back period.,2344.7814,78,,,,,0,percent of total billed charges,78% of Billed Charges. Lesser of 100% of billed charges applies.; No services were performed during the 15 month look back period.,2344.7814,78,,,,,0,percent of total billed charges,78% of Billed Charges. Lesser of 100% of billed charges applies.; No services were performed during the 15 month look back period.,244.29,,,,,,,Fee Schedule,"255 % Medicare RBRVS. ",244.29,,,,,,,Fee Schedule,"255 % Medicare RBRVS. ",244.29,,,,,,,Fee Schedule,"255 % Medicare RBRVS. ",244.29,,,,,,,Fee Schedule,"255 % Medicare RBRVS. ",184.89,,,,,,,Fee Schedule,"193 % Medicare RBRVS. ",184.89,,,,,,,Fee Schedule,"193 % Medicare RBRVS. ",186.06,,,,,,,Fee Schedule,"150 % 2018 Cigna RBRVS fee schedule. ",278.36,,,,,,,Fee Schedule,"238 % 2013 Manhattan Medicare. ",95.8,,,,,,,Fee Schedule,"100 % 2019 CMS Clinical Lab National Limit Pub 20190115. ",278.36,,,,,,,Fee Schedule,"238 % 2013 Manhattan Medicare. ",2344.7814,78,,,,,0,percent of total billed charges,78% of Billed Charges. Lesser of 100% of billed charges applies.; No services were performed during the 15 month look back period.,184.89,,,,,,,Fee Schedule,"193 % Medicare RBRVS. ",278.36,,,,,,,Fee Schedule,"238 % 2013 Manhattan Medicare. ",95.8,,,,,,,Fee Schedule,"100 % 2019 CMS Clinical Lab National Limit Pub 20190115. ",186.06,,,,,,,Fee Schedule,"150 % 2018 Cigna RBRVS fee schedule. ",,,,,,,,,"NA. ",2344.7814,78,,,,,0,percent of total billed charges,78% of Billed Charges. Lesser of 100% of billed charges applies.; No services were performed during the 15 month look back period.,136.92,,,,,,,Case Rate,"100 Percent of Medicaid APG. ",244.29,,,,,,,Fee Schedule,"255 % Medicare RBRVS. ",136.92,,,,,,,Case Rate,"100 Percent of Medicaid APG. Not APG payable, or payable under another fee schedule like ASP/AWP pays at 30% of charges",95.8,,,,,,,Fee Schedule,"100% Medicare Lab FS. ",95.8,,,,,,,Fee Schedule,"100% Medicare Lab FS. ",1503.065,50,,,,,0,percent of total billed charges,50 percent of billed charges; No services were performed during the 15 month look back period.,95.8,,,,,,,Fee Schedule,"100% Medicare Lab FS. ",95.8,,,,,,,Fee Schedule,"100% Medicare Lab FS. ",136.92,,,,,,,Case Rate,"100 Percent of Medicaid APG. ",95.8,,,,,,,Fee Schedule,"100% Medicare Lab FS. ",95.8,,,,,,,Fee Schedule,"100% Medicare Lab FS. ",240.46,,,,,,,Fee Schedule,"251.002087682672 % Medicare Physician FS TC Rates Only. ",240.46,,,,,,,Fee Schedule,"251.002087682672 % Medicare Physician FS TC Rates Only. ",95.8,,,,,,,Fee Schedule,"100% Medicare Lab FS. ",186.06,,,,,,,Fee Schedule,"150 % 2018 Cigna RBRVS fee schedule. ",95.8,,,,,,,Fee Schedule,"100 % 2019 CMS Clinical Lab National Limit Pub 20190115. ",95.8,,,,,,,Fee Schedule,"100 % 2019 CMS Clinical Lab National Limit Pub 20190115. ",95.8,,,,,,,Fee Schedule,"100% Medicare Lab FS. ",186.06,,,,,,,Fee Schedule,"150 % 2018 Cigna RBRVS fee schedule. ",240.46,,,,,,,Fee Schedule,"251.002087682672 % Medicare Physician FS TC Rates Only. ",240.46,,,,,,,Fee Schedule,"251.002087682672 % Medicare Physician FS TC Rates Only. ",240.46,,,,,,,Fee Schedule,"251.002087682672 % Medicare Physician FS TC Rates Only. ",2344.7814,78,,,,,0,percent of total billed charges,78% of Billed Charges. Lesser of 100% of billed charges applies.; No services were performed during the 15 month look back period.,2344.7814,78,,,,,0,percent of total billed charges,78% of Billed Charges. Lesser of 100% of billed charges applies.; No services were performed during the 15 month look back period.,2344.7814,78,,,,,0,percent of total billed charges,78% of Billed Charges. Lesser of 100% of billed charges applies.; No services were performed during the 15 month look back period.,2344.7814,78,,,,,0,percent of total billed charges,78% of Billed Charges. Lesser of 100% of billed charges applies.; No services were performed during the 15 month look back period.,2344.7814,78,,,,,0,percent of total billed charges,78% of Billed Charges. Lesser of 100% of billed charges applies.; No services were performed during the 15 month look back period.,2344.7814,78,,,,,0,percent of total billed charges,78% of Billed Charges. Lesser of 100% of billed charges applies.; No services were performed during the 15 month look back period.,2344.7814,78,,,,,0,percent of total billed charges,78% of Billed Charges. Lesser of 100% of billed charges applies.; No services were performed during the 15 month look back period.,2344.7814,78,,,,,0,percent of total billed charges,78% of Billed Charges. Lesser of 100% of billed charges applies.; No services were performed during the 15 month look back period.,2344.7814,78,,,,,0,percent of total billed charges,78% of Billed Charges. Lesser of 100% of billed charges applies.; No services were performed during the 15 month look back period.,2344.7814,78,,,,,0,percent of total billed charges,78% of Billed Charges. Lesser of 100% of billed charges applies.; No services were performed during the 15 month look back period.,2344.7814,78,,,,,0,percent of total billed charges,78% of Billed Charges. Lesser of 100% of billed charges applies.; No services were performed during the 15 month look back period.,184.89,,,,,,,Fee Schedule,"193 % Medicare RBRVS. ",278.36,,,,,,,Fee Schedule,"238 % 2013 Manhattan Medicare. ",186.06,,,,,,,Fee Schedule,"150 % 2018 Cigna RBRVS fee schedule. ",95.8,,,,,,,Fee Schedule,"100% Medicare Lab FS. ",240.46,,,,,,,Fee Schedule,"251.002087682672 % Medicare Physician FS TC Rates Only. ",186.06,,,,,,,Fee Schedule,"150 % 2018 Cigna RBRVS fee schedule. ",186.06,,,,,,,Fee Schedule,"150 % 2018 Cigna RBRVS fee schedule. ",2344.7814,78,,,,,0,percent of total billed charges,78% of Billed Charges. Lesser of 100% of billed charges applies.; No services were performed during the 15 month look back period.,293.01,,,,,,,Case Rate,"141 Percent of current Medicare RBRVS FeeSched. ",186.06,,,,,,,Fee Schedule,"150 % 2018 Cigna RBRVS fee schedule. ",136.92,,,,,,,Case Rate,"100 Percent of Medicaid APG. ",95.8,,,,,,,Fee Schedule,"100% Medicare Lab FS. ",95.8,,,,,,,Fee Schedule,"100% Medicare Lab FS. ",95.8,,,,,,,Fee Schedule,"100% Medicare Lab FS. ",95.8,,,,,,,Fee Schedule,"100% Medicare Lab FS. ",95.8,,,,,,,Fee Schedule,"100% Medicare Lab FS. ",95.8,,,,,,,Fee Schedule,"100% Medicare Lab FS. ",186.06,,,,,,,Fee Schedule,"150 % 2018 Cigna RBRVS fee schedule. ",1503.065,50,,,,,0,percent of total billed charges,50 percent of billed charges; No services were performed during the 15 month look back period.,153.28,,,,,,,Fee Schedule,"160 Percent of Medicare Laboratory. ",153.28,,,,,,,Fee Schedule,"160 Percent of Medicare Laboratory. ",153.28,,,,,,,Fee Schedule,"160 Percent of Medicare Laboratory. ",153.28,,,,,,,Fee Schedule,"160 Percent of Medicare Laboratory. ",153.28,,,,,,,Fee Schedule,"160 Percent of Medicare Laboratory. ",,,,,,,,,"NA. ",1503.065,50,,,,,0,percent of total billed charges,50 percent of billed charges; No services were performed during the 15 month look back period.,135.08,,,,,,,Fee Schedule,141 Percent of of Medicare Lab FS. Metroplus will reimburse unlisted codes and described codes with no Medicare rate at 50 percent of charges.,135.08,,,,,,,Fee Schedule,141 Percent of of Medicare Lab FS. Metroplus will reimburse unlisted codes and described codes with no Medicare rate at 50 percent of charges.,135.08,,,,,,,Fee Schedule,141 Percent of of Medicare Lab FS. Metroplus will reimburse unlisted codes and described codes with no Medicare rate at 50 percent of charges.,135.08,,,,,,,Fee Schedule,141 Percent of of Medicare Lab FS. Metroplus will reimburse unlisted codes and described codes with no Medicare rate at 50 percent of charges.,135.08,,,,,,,Fee Schedule,141 Percent of of Medicare Lab FS. Metroplus will reimburse unlisted codes and described codes with no Medicare rate at 50 percent of charges.,95.8,,,,,,,Fee Schedule,"100% Medicare Lab FS. ",184.89,,,,,,,Fee Schedule,"193 % Medicare RBRVS. ",184.89,,,,,,,Fee Schedule,"193 % Medicare RBRVS. ",184.89,,,,,,,Fee Schedule,"193 % Medicare RBRVS. ",184.89,,,,,,,Fee Schedule,"193 % Medicare RBRVS. ",240.46,,,,,,,Fee Schedule,"251.002087682672 % Medicare Physician FS TC Rates Only. ",240.46,,,,,,,Fee Schedule,"251.002087682672 % Medicare Physician FS TC Rates Only. ",240.46,,,,,,,Fee Schedule,"251.002087682672 % Medicare Physician FS TC Rates Only. ",240.46,,,,,,,Fee Schedule,"251.002087682672 % Medicare Physician FS TC Rates Only. ",1503.065,50,,,,,0,percent of total billed charges,50 percent of billed charges; No services were performed during the 15 month look back period.,1503.065,50,,,,,0,percent of total billed charges,50 percent of billed charges; No services were performed during the 15 month look back period.,95.8,,,,,,,Fee Schedule,"100% Medicare Lab FS. ",95.8,,,,,,,Fee Schedule,"100% Medicare Lab FS. ",95.8,,,,,,,Fee Schedule,"100% Medicare Lab FS. ",278.36,,,,,,,Fee Schedule,"238 % 2013 Manhattan Medicare. ",278.36,,,,,,,Fee Schedule,"238 % 2013 Manhattan Medicare. ",278.36,,,,,,,Fee Schedule,"238 % 2013 Manhattan Medicare. ",1503.065,50,,,,,0,percent of total billed charges,50 percent of billed charges; No services were performed during the 15 month look back period.,240.46,,,,,,,Fee Schedule,"251.002087682672 % Medicare Physician FS TC Rates Only. ",95.8,,,,,,,Fee Schedule,"100% Medicare Lab FS. ",278.36,,,,,,,Fee Schedule,"238 % 2013 Manhattan Medicare. ",136.92,,,,,,,Case Rate,"100 Percent of Medicaid APG. ",97.72,,,,,,,Fee Schedule,"102% of Medicare Lab FS. ",97.72,,,,,,,Fee Schedule,"102% of Medicare Lab FS. ",97.72,,,,,,,Fee Schedule,"102% of Medicare Lab FS. ",86.22,,,,,,,Fee schedule,"90 Percent of Medicare RBRVS. ",308.07,,,,,,,Fee Schedule,225% of NYS APG. Lesser of 100% of billed charges applies.,308.07,,,,,,,Fee Schedule,225% of NYS APG. Lesser of 100% of billed charges applies.,308.07,,,,,,,Fee Schedule,225% of NYS APG. Lesser of 100% of billed charges applies.,308.07,,,,,,,Fee Schedule,225% of NYS APG. Lesser of 100% of billed charges applies.,308.07,,,,,,,Fee Schedule,225% of NYS APG. Lesser of 100% of billed charges applies.,97.72,,,,,,,Fee Schedule,"102% of Medicare Lab FS. ",136.92,,,,,,,Case Rate,"100 Percent of Medicaid APG. ",53.98,,,,,,,Fee Schedule,100% Medicaid Fee Schedule. Lesser of 100% of billed charges applies.,308.07,,,,,,,Fee Schedule,225% of NYS APG. Lesser of 100% of billed charges applies.,308.07,,,,,,,Fee Schedule,225% of NYS APG. Lesser of 100% of billed charges applies.,53.98,,,,,,,Fee Schedule,100% Medicaid Fee Schedule. Lesser of 100% of billed charges applies.,53.98,,,,,,,Fee Schedule,100% Medicaid Fee Schedule. Lesser of 100% of billed charges applies.,153.28,,,,,,,Fee Schedule,"160 Percent of Medicare Laboratory. ",95.8,,,,,,,Fee Schedule,"100% Medicare Lab FS. ",95.8,,,,,,,Fee Schedule,"100% Medicare Lab FS. ",240.46,,,,,,,Fee Schedule,"251.002087682672 % Medicare Physician FS TC Rates Only. ",95.8,,,,,,,Fee Schedule,"100% Medicare Lab FS. ",308.07,,,,,,,Fee Schedule,"225 Percent of Medicaid APG. ",308.07,,,,,,,Fee Schedule,"225 Percent of Medicaid APG. ",86.22,,,,,,,Fee schedule,"90 Percent of Medicare RBRVS. ",86.22,,,,,,,Fee schedule,"90 Percent of Medicare RBRVS. ",308.07,,,,,,,Case Rate,225 Percent of Medicaid APG. Covered services not payable under Medicaid Fee Schedules default to a payment of 87.5 percent of charges.,86.22,,,,,,,Fee schedule,90 Percent of Medicare Laboratory. Covered services not payable under Medicaid Fee Schedules default to a payment of 50 percent of charges.,308.07,,,,,,,Case Rate,"100 Percent of Medicaid APG. ",308.07,,,,,,,Case Rate,"100 Percent of Medicaid APG. ",308.07,,,,,,,Case Rate,"100 Percent of Medicaid APG. ",308.07,,,,,,,Case Rate,"100 Percent of Medicaid APG. ",976.2,,,,,,,Fee Schedule,"1019 % Manhattan Facility Rate. ",1503.065,50,,,,,0,percent of total billed charges,50 percent of billed charges; No services were performed during the 15 month look back period.,164.3,,,,,,,Case Rate,"120 Percent of Medicaid APG. Not APG payable, or payable under another fee schedule like ASP/AWP pays at 30% of charges",164.3,,,,,,,Case Rate,"120 Percent of Medicaid APG. Not APG payable, or payable under another fee schedule like ASP/AWP pays at 30% of charges",136.92,,,,,,,Case Rate,"100 Percent of Medicaid APG. Not APG payable, or payable under another fee schedule like ASP/AWP pays at 30% of charges",136.92,,,,,,,Case Rate,"100 Percent of Medicaid APG. Not APG payable, or payable under another fee schedule like ASP/AWP pays at 30% of charges",278.36,,,,,,,Fee Schedule,"238 % 2013 Manhattan Medicare. ",278.36,,,,,,,Fee Schedule,"238 % 2013 Manhattan Medicare. ",95.8,,,,,,,Fee Schedule,"100% Medicare Lab FS. ",278.36,,,,,,,Fee Schedule,"238 % 2013 Manhattan Medicare. ",278.36,,,,,,,Fee Schedule,"238 % 2013 Manhattan Medicare. ",278.36,,,,,,,Fee Schedule,"238 % 2013 Manhattan Medicare. ",278.36,,,,,,,Fee Schedule,"238 % 2013 Manhattan Medicare. ",95.8,,,,,,,Fee Schedule,"100% Medicare Lab FS. ",278.36,,,,,,,Fee Schedule,"238 % 2013 Manhattan Medicare. ",278.36,,,,,,,Fee Schedule,"238 % 2013 Manhattan Medicare. ",240.46,,,,,,,Fee Schedule,"251.002087682672 % Medicare Physician FS TC Rates Only. ",150.61,,,,,,,Fee Schedule,110% of APG. Lesser of 100% of billed charges applies.,86.22,,,,,,,Fee schedule,90 Percent of Medicare Laboratory. Covered services not payable under Medicaid Fee Schedules default to a payment of 50 percent of charges.,308.07,,,,,,,Fee Schedule,225% of NYS APG. Lesser of 100% of billed charges applies.,308.07,,,,,,,Case Rate,225 Percent of Medicaid APG. Covered services not payable under Medicaid Fee Schedules default to a payment of 87.5 percent of charges.,86.22,,,,,,,Fee schedule,90 Percent of Medicare Laboratory. Covered services not payable under Medicaid Fee Schedules default to a payment of 50 percent of charges.,308.07,,,,,,,Fee Schedule,225% of NYS APG. Lesser of 100% of billed charges applies.,308.07,,,,,,,Fee Schedule,225% of NYS APG. Lesser of 100% of billed charges applies.,308.07,,,,,,,Fee Schedule,225% of NYS APG. Lesser of 100% of billed charges applies.,308.07,,,,,,,Fee Schedule,225% of NYS APG. Lesser of 100% of billed charges applies.,308.07,,,,,,,Fee Schedule,225% of NYS APG. Lesser of 100% of billed charges applies.,308.07,,,,,,,Fee Schedule,225% of NYS APG. Lesser of 100% of billed charges applies.,,,,,,,,,"NA. ",,,,,,,,,"NA. ",,,,,,,,,"NA. ",186.06,,,,,,,Fee Schedule,"150 % 2018 Cigna RBRVS fee schedule. ",,,,,,,,,"NA. ",95.8,,,,,,,Fee Schedule,"100% Medicare Lab FS. ",120,,,,,,,Fee Schedule,"100 % 1199 Fee Schedule. ",95.8,,,,,,,Fee Schedule,"100% Medicare Lab FS. ",95.8,,,,,,,Fee Schedule,"100% Medicare Lab FS. ",164.3,,,,,,,Case Rate,"120 Percent of Medicaid APG. Not APG payable, or payable under another fee schedule like ASP/AWP pays at 30% of charges",164.3,,,,,,,Case Rate,"120 Percent of Medicaid APG. Not APG payable, or payable under another fee schedule like ASP/AWP pays at 30% of charges",136.92,,,,,,,Case Rate,"100 Percent of Medicaid APG. Not APG payable, or payable under another fee schedule like ASP/AWP pays at 30% of charges",136.92,,,,,,,Case Rate,"100 Percent of Medicaid APG. Not APG payable, or payable under another fee schedule like ASP/AWP pays at 30% of charges",136.92,,,,,,,Case Rate,"100 Percent of Medicaid APG. ",207.89,,,,,,,Fee Schedule,"217 % Medicare RBRVS. ",240.46,,,,,,,Fee Schedule,"251.002087682672 % Medicare Physician FS TC Rates Only. ",244.29,,,,,,,Fee Schedule,"255 % Medicare RBRVS. ",186.06,,,,,,,Fee Schedule,"150 % 2018 Cigna RBRVS fee schedule. ",95.8,,,,,,,Fee Schedule,"100% Medicare Lab FS. ",95.8,,,,,,,Fee Schedule,"100% Medicare Lab FS. ",95.8,,,,,,,Fee Schedule,"100% Medicare Lab FS. ",95.8,,,,,,,Fee Schedule,"100% Medicare Lab FS. ",95.8,,,,,,,Fee Schedule,"100% Medicare Lab FS. ",95.8,,,,,,,Fee Schedule,"100% Medicare Lab FS. ",,,,,,,,,"NA. ",308.07,,,,,,,Fee Schedule,225% of NYS APG. Lesser of 100% of billed charges applies.,53.98,,,,,,,Fee Schedule,100% Medicaid Fee Schedule. Lesser of 100% of billed charges applies.,278.36,,,,,,,Fee Schedule,"238 % 2013 Manhattan Medicare. ",207.89,,,,,,,Fee Schedule,"217 % Medicare RBRVS. ",207.89,,,,,,,Fee Schedule,"217 % Medicare RBRVS. ",207.89,,,,,,,Fee Schedule,"217 % Medicare RBRVS. ",207.89,,,,,,,Fee Schedule,"217 % Medicare RBRVS. ",95.8,,,,,,,Fee Schedule,"100% Medicare Lab FS. ",136.92,,,,,,,Case Rate,"100 Percent of Medicaid APG. ",278.36,,,,,,,Fee Schedule,"238 % 2013 Manhattan Medicare. ",136.92,,,,,,,Case Rate,"100 Percent of Medicaid APG. ",95.8,,,,,,,Fee Schedule,"100% Medicare Lab FS. ",136.92,,,,,,,Case Rate,"100 Percent of Medicaid APG. ",95.8,,,,,,,Fee Schedule,"100% Medicare Lab FS. ",95.8,,,,,,,Fee Schedule,"100% Medicare Lab FS. ",136.92,,,,,,,Case Rate,"100 Percent of Medicaid APG. ",136.92,,,,,,,Case Rate,"100 Percent of Medicaid APG. ",207.89,,,,,,,Fee Schedule,"217 % Medicare RBRVS. ",186.06,,,,,,,Fee Schedule,"150 % 2018 Cigna RBRVS fee schedule. ",2344.7814,78,,,,,0,percent of total billed charges,78% of Billed Charges. Lesser of 100% of billed charges applies.; No services were performed during the 15 month look back period.,95.8,,,,,,,Fee Schedule,"100 % 2019 CMS Clinical Lab National Limit Pub 20190115. ",95.8,,,,,,,Fee Schedule,"100 % 2019 CMS Clinical Lab National Limit Pub 20190115. ",240.46,,,,,,,Fee Schedule,"251.002087682672 % Medicare Physician FS TC Rates Only. ",93.88,,,,,,,Fee Schedule,"98% Lab FS. ",184.89,,,,,,,Fee Schedule,"193 % Medicare RBRVS. ",184.89,,,,,,,Fee Schedule,"193 % Medicare RBRVS. ",222.69,,,,,,,Fee Schedule,"190.4 % 2013 Manhattan Medicare. ",222.69,,,,,,,Fee Schedule,"190.4 % 2013 Manhattan Medicare. ",95.8,,,,,,,Fee Schedule,"100% Medicare Lab FS. ",95.8,,,,,,,Fee Schedule,"100% Medicare Lab FS. ",95.8,,,,,,,Fee Schedule,"100% Medicare Lab FS. ",95.8,,,,,,,Fee Schedule,"100% Medicare Lab FS. ",95.8,,,,,,,Fee Schedule,"100 % 2019 CMS Clinical Lab National Limit Pub 20190115. ",278.36,,,,,,,Fee Schedule,"238 % 2013 Manhattan Medicare. ",278.36,,,,,,,Fee Schedule,"238 % 2013 Manhattan Medicare. ",95.8,,,,,,,Fee Schedule,"100% Medicare Lab FS. ",222.69,,,,,,,Fee Schedule,"190.4 % 2013 Manhattan Medicare. ",244.29,,,,,,,Fee Schedule,"255 % Medicare RBRVS. ",164.3,,,,,,,Fee Schedule,"120 Percent of Medicaid APG. ",136.92,,,,,,,Case Rate,"100 Percent of Medicaid APG. ",207.89,,,,,,,Fee Schedule,"217 % Medicare RBRVS. ",250.53,,,,,,,Fee Schedule,"214.2 % 2013 Manhattan Medicare. ",250.53,,,,,,,Fee Schedule,"214.2 % 2013 Manhattan Medicare. ",278.36,,,,,,,Fee Schedule,"238 % 2013 Manhattan Medicare. ",1503.065,50,,,,,0,percent of total billed charges,50 percent of billed charges; No services were performed during the 15 month look back period.,95.8,,,,,,,Fee Schedule,"100% Medicare Lab FS. ",143.76,,,,,,,Fee Schedule,105 percent of Medicaid APG. otherwise 105% of Ordered NYS MCD FS or 105% of ASP+6%,143.76,,,,,,,Fee Schedule,105 percent of Medicaid APG. otherwise 105% of Ordered NYS MCD FS or 105% of ASP+6%,143.76,,,,,,,Fee Schedule,105 percent of Medicaid APG. otherwise 105% of Ordered NYS MCD FS or 105% of ASP+6%,184.84,,,,,,,Fee Schedule,135 percent of Medicaid APG. otherwise 135% of Ordered NYS MCD FS or 135% of ASP+6%,95.8,,,,,,,Fee Schedule,"100 % 2019 CMS Clinical Lab National Limit Pub 20190115. ",143.76,,,,,,,Fee Schedule,105 percent of Medicaid APG. otherwise 105% of Ordered NYS MCD FS or 105% of ASP+6%,143.76,,,,,,,Fee Schedule,105 percent of Medicaid APG. otherwise 105% of Ordered NYS MCD FS or 105% of ASP+6%,143.76,,,,,,,Fee Schedule,105 percent of Medicaid APG. otherwise 105% of Ordered NYS MCD FS or 105% of ASP+6%,143.76,,,,,,,Fee Schedule,105 percent of Medicaid APG. otherwise 105% of Ordered NYS MCD FS or 105% of ASP+6%,143.76,,,,,,,Fee Schedule,105 percent of Medicaid APG. otherwise 105% of Ordered NYS MCD FS or 105% of ASP+6%,184.84,,,,,,,Fee Schedule,135 percent of Medicaid APG. otherwise 135% of Ordered NYS MCD FS or 135% of ASP+6%,184.84,,,,,,,Fee Schedule,135 percent of Medicaid APG. otherwise 135% of Ordered NYS MCD FS or 135% of ASP+6%,95.8,,,,,,,Fee Schedule,"100% Medicare Lab FS. ",95.8,,,,,,,Fee Schedule,"100 % 2019 CMS Clinical Lab National Limit Pub 20190115. ",95.8,,,,,,,Fee Schedule,"100% Medicare Lab FS. ",143.76,,,,,,,Fee Schedule,105 percent of Medicaid APG. otherwise 105% of Ordered NYS MCD FS or 105% of ASP+6%,278.36,,,,,,,Fee Schedule,"238 % 2013 Manhattan Medicare. ",95.8,,,,,,,Fee Schedule,"100% Medicare Lab FS. ",278.36,,,,,,,Fee Schedule,"238 % 2013 Manhattan Medicare. ",278.36,,,,,,,Fee Schedule,"238 % 2013 Manhattan Medicare. ",278.36,,,,,,,Fee Schedule,"238 % 2013 Manhattan Medicare. ",143.76,,,,,,,Fee Schedule,105 percent of Medicaid APG. otherwise 105% of Ordered NYS MCD FS or 105% of ASP+6%,95.8,,,,,,,Fee Schedule,"100% Medicare Lab FS. ",278.36,,,,,,,Fee Schedule,"238 % 2013 Manhattan Medicare. ",184.84,,,,,,,Fee Schedule,135 percent of Medicaid APG. otherwise 135% of Ordered NYS MCD FS or 135% of ASP+6%,278.36,,,,,,,Fee Schedule,"238 % 2013 Manhattan Medicare. ",143.7,,,,,,,Fee Schedule,"150% of Medicare Lab FS. ",95.8,,,,,,,Fee Schedule,"100% Medicare Lab FS. ",207.89,,,,,,,Fee Schedule,"217 % Medicare RBRVS. ",207.89,,,,,,,Fee Schedule,"217 % Medicare RBRVS. ",207.89,,,,,,,Fee Schedule,"217 % Medicare RBRVS. ",207.89,,,,,,,Fee Schedule,"217 % Medicare RBRVS. ",207.89,,,,,,,Fee Schedule,"217 % Medicare RBRVS. ",244.29,,,,,,,Fee Schedule,"255 % Medicare RBRVS. ",244.29,,,,,,,Fee Schedule,"255 % Medicare RBRVS. ",207.89,,,,,,,Fee Schedule,"217 % Medicare RBRVS. ",207.89,,,,,,,Fee Schedule,"217 % Medicare RBRVS. ",207.89,,,,,,,Fee Schedule,"217 % Medicare RBRVS. ",207.89,,,,,,,Fee Schedule,"217 % Medicare RBRVS. ",207.89,,,,,,,Fee Schedule,"217 % Medicare RBRVS. ",95.8,,,,,,,Fee Schedule,"100% Medicare Lab FS. ",244.29,,,,,,,Fee Schedule,"255 % Medicare RBRVS. ",95.8,,,,,,,Fee Schedule,"100% Medicare Lab FS. ",308.07,,,,,,,Case Rate,"225 Percent of Medicaid APG. If not included in Medicaid APG, then 100 Percent of Manhattan Medicare",136.92,,,,,,,Case Rate,"100 Percent of Medicaid APG. If not priced under APG, then Metroplus FeeSched",95.8,,,,,,,Fee Schedule,"100 % 2019 CMS Clinical Lab National Limit Pub 20190115. ",95.8,,,,,,,Fee Schedule,"100 % 2019 CMS Clinical Lab National Limit Pub 20190115. ",95.8,,,,,,,Fee Schedule,"100% Medicare Lab FS. ",184.89,,,,,,,Fee Schedule,"193 % Medicare RBRVS. ",95.8,,,,,,,Fee Schedule,"100% Medicare Lab FS. ",95.8,,,,,,,Fee Schedule,"100% Medicare Lab FS. ",240.46,,,,,,,Fee Schedule,"251.002087682672 % Medicare Physician FS TC Rates Only. ",95.8,,,,,,,Fee Schedule,"100% Medicare Lab FS. ",186.06,,,,,,,Fee Schedule,"150 % 2018 Cigna RBRVS fee schedule. ",95.8,,,,,,,Fee Schedule,"100% Medicare Lab FS. ",186.06,,,,,,,Fee Schedule,"150 % 2018 Cigna RBRVS fee schedule. ",240.46,,,,,,,Fee Schedule,"251.002087682672 % Medicare Physician FS TC Rates Only. ",186.06,,,,,,,Fee Schedule,"150 % 2018 Cigna RBRVS fee schedule. ",95.8,,,,,,,Fee Schedule,"100% Medicare Lab FS. ",136.92,,,,,,,Case Rate,"100 Percent of Medicaid APG. ",95.8,,,,,,,Fee Schedule,"100% Medicare Lab FS. ",186.06,,,,,,,Fee Schedule,"150 % 2018 Cigna RBRVS fee schedule. ",95.8,,,,,,,Fee Schedule,"100 % 2019 CMS Clinical Lab National Limit Pub 20190115. ",136.92,,,,,,,Case Rate,"100 Percent of Medicaid APG. ",278.36,,,,,,,Fee Schedule,"238 % 2013 Manhattan Medicare. ",164.3,,,,,,,Fee Schedule,"120 Percent of Medicaid APG. ",164.3,,,,,,,Fee Schedule,"120 Percent of Medicaid APG. ",278.36,,,,,,,Fee Schedule,"238 % 2013 Manhattan Medicare. ",278.36,,,,,,,Fee Schedule,"238 % 2013 Manhattan Medicare. ",278.36,,,,,,,Fee Schedule,"238 % 2013 Manhattan Medicare. ",95.8,,,,,,,Fee Schedule,"100 % 2019 CMS Clinical Lab National Limit Pub 20190115. ",278.36,,,,,,,Fee Schedule,"238 % 2013 Manhattan Medicare. ",278.36,,,,,,,Fee Schedule,"238 % 2013 Manhattan Medicare. ",278.36,,,,,,,Fee Schedule,"238 % 2013 Manhattan Medicare. ",207.89,,,,,,,Fee Schedule,"217 % Medicare RBRVS. ",207.89,,,,,,,Fee Schedule,"217 % Medicare RBRVS. ",135.08,,,,,,,Fee Schedule,141 Percent of of Medicare Lab FS. Metroplus will reimburse unlisted codes and described codes with no Medicare rate at 50 percent of charges.,136.92,,,,,,,Case Rate,"100 Percent of Medicaid APG. ",95.8,,,,,,,Fee Schedule,"100 % 2019 CMS Clinical Lab National Limit Pub 20190115. ",186.06,,,,,,,Fee Schedule,"150 % 2018 Cigna RBRVS fee schedule. ",240.46,,,,,,,Fee Schedule,"251.002087682672 % Medicare Physician FS TC Rates Only. ",95.8,,,,,,,Fee Schedule,"100 % 2019 CMS Clinical Lab National Limit Pub 20190115. ",240.46,,,,,,,Fee Schedule,"251.002087682672 % Medicare Physician FS TC Rates Only. ",95.8,,,,,,,Fee Schedule,"100 % 2019 CMS Clinical Lab National Limit Pub 20190115. ",278.36,,,,,,,Fee Schedule,"238 % 2013 Manhattan Medicare. ",278.36,,,,,,,Fee Schedule,"238 % 2013 Manhattan Medicare. ",278.36,,,,,,,Fee Schedule,"238 % 2013 Manhattan Medicare. ",278.36,,,,,,,Fee Schedule,"238 % 2013 Manhattan Medicare. ",95.8,,,,,,,Fee Schedule,"100% Medicare Lab FS. ",53.98,3006.13,
88262,CPT,2021893,LOCAL,310,RC,"HC CHROMOSOME ANALYSIS, 15-20",959.79,150.59,both,,,,173,,,,,,,Fee Schedule,"100 % 1199 Fee Schedule. ",173,,,,,,,Fee Schedule,"100 % 1199 Fee Schedule. ",314.98,,,,,,,Fee Schedule,"251.000079687625 % Medicare Physician FS TC Rates Only. ",959.79,100,,959.79,959.79,959.79,1 through 10,percent of total billed charges,"100 percent of billed charges. ",125.49,,,,,,,Fee Schedule,"100% Medicare Lab FS. ",314.98,,,,,,,Fee Schedule,"251.000079687625 % Medicare Physician FS TC Rates Only. ",314.98,,,,,,,Fee Schedule,"251.000079687625 % Medicare Physician FS TC Rates Only. ",314.98,,,,,,,Fee Schedule,"251.000079687625 % Medicare Physician FS TC Rates Only. ",,,,,,,,Other,"100 Percent of Medicaid APG. ",,,,,,,,Other,"100 Percent of Medicaid APG. ",748.6362,78,,,,,0,percent of total billed charges,78% of Billed Charges. Lesser of 100% of billed charges applies.; No services were performed during the 15 month look back period.,138.49,,,,,,,Fee Schedule,"100 % 2019 CMS Clinical Lab National Limit Pub 20190115. ",,,,,,,,Other,"100 Percent of Medicaid APG. ",125.49,,,,,,,Fee Schedule,"100% Medicare Lab FS. ",272.08,,,,,,,Fee Schedule,"150 % 2018 Cigna RBRVS fee schedule. ",272.08,,,,,,,Fee Schedule,"150 % 2018 Cigna RBRVS fee schedule. ",272.08,,,,,,,Fee Schedule,"150 % 2018 Cigna RBRVS fee schedule. ",272.08,,,,,,,Fee Schedule,"150 % 2018 Cigna RBRVS fee schedule. ",112.94,,,,,,,Fee schedule,90 Percent of Medicare Laboratory. Covered services not payable under Medicaid Fee Schedules default to a payment of 50 percent of charges.,125.49,,,,,,,Fee Schedule,"100% Medicare Lab FS. ",112.94,,,,,,,Fee schedule,90 Percent of Medicare Laboratory. Covered services not payable under Medicaid Fee Schedules default to a payment of 50 percent of charges.,748.6362,78,,,,,0,percent of total billed charges,78% of Billed Charges. Lesser of 100% of billed charges applies.; No services were performed during the 15 month look back period.,314.98,,,,,,,Fee Schedule,"251.000079687625 % Medicare Physician FS TC Rates Only. ",125.49,,,,,,,Fee Schedule,"100% Medicare Lab FS. ",320,,,,,,,Fee Schedule,"255 % Medicare RBRVS. ",125.49,,,,,,,Fee Schedule,"100% Medicare Lab FS. ",125.49,,,,,,,Fee Schedule,"100% Medicare Lab FS. ",748.6362,78,,,,,0,percent of total billed charges,78% of Billed Charges. Lesser of 100% of billed charges applies.; No services were performed during the 15 month look back period.,101,,,,,,,Fee Schedule,100% Medicaid Fee Schedule. Lesser of 100% of billed charges applies.,101,,,,,,,Fee Schedule,100% Medicaid Fee Schedule. Lesser of 100% of billed charges applies.,112.94,,,,,,,Fee schedule,"90 Percent of Medicare RBRVS. ",112.94,,,,,,,Fee schedule,"90 Percent of Medicare RBRVS. ",320,,,,,,,Fee Schedule,"255 % Medicare RBRVS. ",320,,,,,,,Fee Schedule,"255 % Medicare RBRVS. ",,,,,,,,Other,"100 Percent of Medicaid APG. Not APG payable, or payable under another fee schedule like ASP/AWP pays at 30% of charges",320,,,,,,,Fee Schedule,"255 % Medicare RBRVS. ",,,,,,,,Other,"100 Percent of Medicaid APG. Not APG payable, or payable under another fee schedule like ASP/AWP pays at 30% of charges",125.49,,,,,,,Fee Schedule,"100% Medicare Lab FS. ",320,,,,,,,Fee Schedule,"255 % Medicare RBRVS. ",748.6362,78,,,,,0,percent of total billed charges,78% of Billed Charges. Lesser of 100% of billed charges applies.; No services were performed during the 15 month look back period.,,,,,,,,Other,"100 Percent of Medicaid APG. If not priced under APG, then Metroplus FeeSched",,,,,,,,Other,"100 Percent of Medicaid APG. If not priced under APG, then Metroplus FeeSched",748.6362,78,,,,,0,percent of total billed charges,78% of Billed Charges. Lesser of 100% of billed charges applies.; No services were performed during the 15 month look back period.,272.08,,,,,,,Fee Schedule,"150 % 2018 Cigna RBRVS fee schedule. ",138.49,,,,,,,Fee Schedule,"100 % 2019 CMS Clinical Lab National Limit Pub 20190115. ",138.49,,,,,,,Fee Schedule,"100 % 2019 CMS Clinical Lab National Limit Pub 20190115. ",748.6362,78,,,,,0,percent of total billed charges,78% of Billed Charges. Lesser of 100% of billed charges applies.; No services were performed during the 15 month look back period.,125.49,,,,,,,Fee Schedule,"100% Medicare Lab FS. ",138.49,,,,,,,Fee Schedule,"100 % 2019 CMS Clinical Lab National Limit Pub 20190115. ",138.49,,,,,,,Fee Schedule,"100 % 2019 CMS Clinical Lab National Limit Pub 20190115. ",138.49,,,,,,,Fee Schedule,"100 % 2019 CMS Clinical Lab National Limit Pub 20190115. ",125.49,,,,,,,Fee Schedule,"100% Medicare Lab FS. ",138.49,,,,,,,Fee Schedule,"100 % 2019 CMS Clinical Lab National Limit Pub 20190115. ",138.49,,,,,,,Fee Schedule,"100 % 2019 CMS Clinical Lab National Limit Pub 20190115. ",125.49,,,,,,,Fee Schedule,"100% of Medicare Lab FS. ",479.895,50,,,,,0,percent of total billed charges,50 percent of billed charges; No services were performed during the 15 month look back period.,407.77,,,,,,,Fee Schedule,"238 % 2013 Manhattan Medicare. ",407.77,,,,,,,Fee Schedule,"238 % 2013 Manhattan Medicare. ",407.77,,,,,,,Fee Schedule,"238 % 2013 Manhattan Medicare. ",407.77,,,,,,,Fee Schedule,"238 % 2013 Manhattan Medicare. ",407.77,,,,,,,Fee Schedule,"238 % 2013 Manhattan Medicare. ",407.77,,,,,,,Fee Schedule,"238 % 2013 Manhattan Medicare. ",125.49,,,,,,,Fee Schedule,"100% Medicare Lab FS. ",125.49,,,,,,,Fee Schedule,"100% Medicare Lab FS. ",407.77,,,,,,,Fee Schedule,"238 % 2013 Manhattan Medicare. ",748.6362,78,,,,,0,percent of total billed charges,78% of Billed Charges. Lesser of 100% of billed charges applies.; No services were performed during the 15 month look back period.,748.6362,78,,,,,0,percent of total billed charges,78% of Billed Charges. Lesser of 100% of billed charges applies.; No services were performed during the 15 month look back period.,748.6362,78,,,,,0,percent of total billed charges,78% of Billed Charges. Lesser of 100% of billed charges applies.; No services were performed during the 15 month look back period.,748.6362,78,,,,,0,percent of total billed charges,78% of Billed Charges. Lesser of 100% of billed charges applies.; No services were performed during the 15 month look back period.,748.6362,78,,,,,0,percent of total billed charges,78% of Billed Charges. Lesser of 100% of billed charges applies.; No services were performed during the 15 month look back period.,748.6362,78,,,,,0,percent of total billed charges,78% of Billed Charges. Lesser of 100% of billed charges applies.; No services were performed during the 15 month look back period.,748.6362,78,,,,,0,percent of total billed charges,78% of Billed Charges. Lesser of 100% of billed charges applies.; No services were performed during the 15 month look back period.,748.6362,78,,,,,0,percent of total billed charges,78% of Billed Charges. Lesser of 100% of billed charges applies.; No services were performed during the 15 month look back period.,748.6362,78,,,,,0,percent of total billed charges,78% of Billed Charges. Lesser of 100% of billed charges applies.; No services were performed during the 15 month look back period.,748.6362,78,,,,,0,percent of total billed charges,78% of Billed Charges. Lesser of 100% of billed charges applies.; No services were performed during the 15 month look back period.,748.6362,78,,,,,0,percent of total billed charges,78% of Billed Charges. Lesser of 100% of billed charges applies.; No services were performed during the 15 month look back period.,748.6362,78,,,,,0,percent of total billed charges,78% of Billed Charges. Lesser of 100% of billed charges applies.; No services were performed during the 15 month look back period.,748.6362,78,,,,,0,percent of total billed charges,78% of Billed Charges. Lesser of 100% of billed charges applies.; No services were performed during the 15 month look back period.,748.6362,78,,,,,0,percent of total billed charges,78% of Billed Charges. Lesser of 100% of billed charges applies.; No services were performed during the 15 month look back period.,748.6362,78,,,,,0,percent of total billed charges,78% of Billed Charges. Lesser of 100% of billed charges applies.; No services were performed during the 15 month look back period.,748.6362,78,,,,,0,percent of total billed charges,78% of Billed Charges. Lesser of 100% of billed charges applies.; No services were performed during the 15 month look back period.,748.6362,78,,,,,0,percent of total billed charges,78% of Billed Charges. Lesser of 100% of billed charges applies.; No services were performed during the 15 month look back period.,748.6362,78,,,,,0,percent of total billed charges,78% of Billed Charges. Lesser of 100% of billed charges applies.; No services were performed during the 15 month look back period.,748.6362,78,,,,,0,percent of total billed charges,78% of Billed Charges. Lesser of 100% of billed charges applies.; No services were performed during the 15 month look back period.,748.6362,78,,,,,0,percent of total billed charges,78% of Billed Charges. Lesser of 100% of billed charges applies.; No services were performed during the 15 month look back period.,748.6362,78,,,,,0,percent of total billed charges,78% of Billed Charges. Lesser of 100% of billed charges applies.; No services were performed during the 15 month look back period.,748.6362,78,,,,,0,percent of total billed charges,78% of Billed Charges. Lesser of 100% of billed charges applies.; No services were performed during the 15 month look back period.,748.6362,78,,,,,0,percent of total billed charges,78% of Billed Charges. Lesser of 100% of billed charges applies.; No services were performed during the 15 month look back period.,748.6362,78,,,,,0,percent of total billed charges,78% of Billed Charges. Lesser of 100% of billed charges applies.; No services were performed during the 15 month look back period.,748.6362,78,,,,,0,percent of total billed charges,78% of Billed Charges. Lesser of 100% of billed charges applies.; No services were performed during the 15 month look back period.,748.6362,78,,,,,0,percent of total billed charges,78% of Billed Charges. Lesser of 100% of billed charges applies.; No services were performed during the 15 month look back period.,320,,,,,,,Fee Schedule,"255 % Medicare RBRVS. ",320,,,,,,,Fee Schedule,"255 % Medicare RBRVS. ",320,,,,,,,Fee Schedule,"255 % Medicare RBRVS. ",320,,,,,,,Fee Schedule,"255 % Medicare RBRVS. ",242.2,,,,,,,Fee Schedule,"193 % Medicare RBRVS. ",242.2,,,,,,,Fee Schedule,"193 % Medicare RBRVS. ",272.08,,,,,,,Fee Schedule,"150 % 2018 Cigna RBRVS fee schedule. ",407.77,,,,,,,Fee Schedule,"238 % 2013 Manhattan Medicare. ",138.49,,,,,,,Fee Schedule,"100 % 2019 CMS Clinical Lab National Limit Pub 20190115. ",407.77,,,,,,,Fee Schedule,"238 % 2013 Manhattan Medicare. ",748.6362,78,,,,,0,percent of total billed charges,78% of Billed Charges. Lesser of 100% of billed charges applies.; No services were performed during the 15 month look back period.,242.2,,,,,,,Fee Schedule,"193 % Medicare RBRVS. ",407.77,,,,,,,Fee Schedule,"238 % 2013 Manhattan Medicare. ",138.49,,,,,,,Fee Schedule,"100 % 2019 CMS Clinical Lab National Limit Pub 20190115. ",272.08,,,,,,,Fee Schedule,"150 % 2018 Cigna RBRVS fee schedule. ",,,,,,,,,"NA. ",748.6362,78,,,,,0,percent of total billed charges,78% of Billed Charges. Lesser of 100% of billed charges applies.; No services were performed during the 15 month look back period.,,,,,,,,Other,"100 Percent of Medicaid APG. ",320,,,,,,,Fee Schedule,"255 % Medicare RBRVS. ",,,,,,,,Other,"100 Percent of Medicaid APG. Not APG payable, or payable under another fee schedule like ASP/AWP pays at 30% of charges",125.49,,,,,,,Fee Schedule,"100% Medicare Lab FS. ",125.49,,,,,,,Fee Schedule,"100% Medicare Lab FS. ",479.895,50,,,,,0,percent of total billed charges,50 percent of billed charges; No services were performed during the 15 month look back period.,125.49,,,,,,,Fee Schedule,"100% Medicare Lab FS. ",125.49,,,,,,,Fee Schedule,"100% Medicare Lab FS. ",,,,,,,,Other,"100 Percent of Medicaid APG. ",125.49,,,,,,,Fee Schedule,"100% Medicare Lab FS. ",125.49,,,,,,,Fee Schedule,"100% Medicare Lab FS. ",314.98,,,,,,,Fee Schedule,"251.000079687625 % Medicare Physician FS TC Rates Only. ",314.98,,,,,,,Fee Schedule,"251.000079687625 % Medicare Physician FS TC Rates Only. ",125.49,,,,,,,Fee Schedule,"100% Medicare Lab FS. ",272.08,,,,,,,Fee Schedule,"150 % 2018 Cigna RBRVS fee schedule. ",138.49,,,,,,,Fee Schedule,"100 % 2019 CMS Clinical Lab National Limit Pub 20190115. ",138.49,,,,,,,Fee Schedule,"100 % 2019 CMS Clinical Lab National Limit Pub 20190115. ",125.49,,,,,,,Fee Schedule,"100% Medicare Lab FS. ",272.08,,,,,,,Fee Schedule,"150 % 2018 Cigna RBRVS fee schedule. ",314.98,,,,,,,Fee Schedule,"251.000079687625 % Medicare Physician FS TC Rates Only. ",314.98,,,,,,,Fee Schedule,"251.000079687625 % Medicare Physician FS TC Rates Only. ",314.98,,,,,,,Fee Schedule,"251.000079687625 % Medicare Physician FS TC Rates Only. ",748.6362,78,,,,,0,percent of total billed charges,78% of Billed Charges. Lesser of 100% of billed charges applies.; No services were performed during the 15 month look back period.,748.6362,78,,,,,0,percent of total billed charges,78% of Billed Charges. Lesser of 100% of billed charges applies.; No services were performed during the 15 month look back period.,748.6362,78,,,,,0,percent of total billed charges,78% of Billed Charges. Lesser of 100% of billed charges applies.; No services were performed during the 15 month look back period.,748.6362,78,,,,,0,percent of total billed charges,78% of Billed Charges. Lesser of 100% of billed charges applies.; No services were performed during the 15 month look back period.,748.6362,78,,,,,0,percent of total billed charges,78% of Billed Charges. Lesser of 100% of billed charges applies.; No services were performed during the 15 month look back period.,748.6362,78,,,,,0,percent of total billed charges,78% of Billed Charges. Lesser of 100% of billed charges applies.; No services were performed during the 15 month look back period.,748.6362,78,,,,,0,percent of total billed charges,78% of Billed Charges. Lesser of 100% of billed charges applies.; No services were performed during the 15 month look back period.,748.6362,78,,,,,0,percent of total billed charges,78% of Billed Charges. Lesser of 100% of billed charges applies.; No services were performed during the 15 month look back period.,748.6362,78,,,,,0,percent of total billed charges,78% of Billed Charges. Lesser of 100% of billed charges applies.; No services were performed during the 15 month look back period.,748.6362,78,,,,,0,percent of total billed charges,78% of Billed Charges. Lesser of 100% of billed charges applies.; No services were performed during the 15 month look back period.,748.6362,78,,,,,0,percent of total billed charges,78% of Billed Charges. Lesser of 100% of billed charges applies.; No services were performed during the 15 month look back period.,242.2,,,,,,,Fee Schedule,"193 % Medicare RBRVS. ",407.77,,,,,,,Fee Schedule,"238 % 2013 Manhattan Medicare. ",272.08,,,,,,,Fee Schedule,"150 % 2018 Cigna RBRVS fee schedule. ",125.49,,,,,,,Fee Schedule,"100% Medicare Lab FS. ",314.98,,,,,,,Fee Schedule,"251.000079687625 % Medicare Physician FS TC Rates Only. ",272.08,,,,,,,Fee Schedule,"150 % 2018 Cigna RBRVS fee schedule. ",272.08,,,,,,,Fee Schedule,"150 % 2018 Cigna RBRVS fee schedule. ",748.6362,78,,,,,0,percent of total billed charges,78% of Billed Charges. Lesser of 100% of billed charges applies.; No services were performed during the 15 month look back period.,,,,,,,,Other,"Not payable. ",272.08,,,,,,,Fee Schedule,"150 % 2018 Cigna RBRVS fee schedule. ",,,,,,,,Other,"100 Percent of Medicaid APG. ",125.49,,,,,,,Fee Schedule,"100% Medicare Lab FS. ",125.49,,,,,,,Fee Schedule,"100% Medicare Lab FS. ",125.49,,,,,,,Fee Schedule,"100% Medicare Lab FS. ",125.49,,,,,,,Fee Schedule,"100% Medicare Lab FS. ",125.49,,,,,,,Fee Schedule,"100% Medicare Lab FS. ",125.49,,,,,,,Fee Schedule,"100% Medicare Lab FS. ",272.08,,,,,,,Fee Schedule,"150 % 2018 Cigna RBRVS fee schedule. ",479.895,50,,,,,0,percent of total billed charges,50 percent of billed charges; No services were performed during the 15 month look back period.,200.78,,,,,,,Fee Schedule,"160 Percent of Medicare Laboratory. ",200.78,,,,,,,Fee Schedule,"160 Percent of Medicare Laboratory. ",200.78,,,,,,,Fee Schedule,"160 Percent of Medicare Laboratory. ",200.78,,,,,,,Fee Schedule,"160 Percent of Medicare Laboratory. ",200.78,,,,,,,Fee Schedule,"160 Percent of Medicare Laboratory. ",,,,,,,,,"NA. ",479.895,50,,,,,0,percent of total billed charges,50 percent of billed charges; No services were performed during the 15 month look back period.,176.94,,,,,,,Fee Schedule,141 Percent of of Medicare Lab FS. Metroplus will reimburse unlisted codes and described codes with no Medicare rate at 50 percent of charges.,176.94,,,,,,,Fee Schedule,141 Percent of of Medicare Lab FS. Metroplus will reimburse unlisted codes and described codes with no Medicare rate at 50 percent of charges.,176.94,,,,,,,Fee Schedule,141 Percent of of Medicare Lab FS. Metroplus will reimburse unlisted codes and described codes with no Medicare rate at 50 percent of charges.,176.94,,,,,,,Fee Schedule,141 Percent of of Medicare Lab FS. Metroplus will reimburse unlisted codes and described codes with no Medicare rate at 50 percent of charges.,176.94,,,,,,,Fee Schedule,141 Percent of of Medicare Lab FS. Metroplus will reimburse unlisted codes and described codes with no Medicare rate at 50 percent of charges.,125.49,,,,,,,Fee Schedule,"100% Medicare Lab FS. ",242.2,,,,,,,Fee Schedule,"193 % Medicare RBRVS. ",242.2,,,,,,,Fee Schedule,"193 % Medicare RBRVS. ",242.2,,,,,,,Fee Schedule,"193 % Medicare RBRVS. ",242.2,,,,,,,Fee Schedule,"193 % Medicare RBRVS. ",314.98,,,,,,,Fee Schedule,"251.000079687625 % Medicare Physician FS TC Rates Only. ",314.98,,,,,,,Fee Schedule,"251.000079687625 % Medicare Physician FS TC Rates Only. ",314.98,,,,,,,Fee Schedule,"251.000079687625 % Medicare Physician FS TC Rates Only. ",314.98,,,,,,,Fee Schedule,"251.000079687625 % Medicare Physician FS TC Rates Only. ",479.895,50,,,,,0,percent of total billed charges,50 percent of billed charges; No services were performed during the 15 month look back period.,479.895,50,,,,,0,percent of total billed charges,50 percent of billed charges; No services were performed during the 15 month look back period.,125.49,,,,,,,Fee Schedule,"100% Medicare Lab FS. ",125.49,,,,,,,Fee Schedule,"100% Medicare Lab FS. ",125.49,,,,,,,Fee Schedule,"100% Medicare Lab FS. ",407.77,,,,,,,Fee Schedule,"238 % 2013 Manhattan Medicare. ",407.77,,,,,,,Fee Schedule,"238 % 2013 Manhattan Medicare. ",407.77,,,,,,,Fee Schedule,"238 % 2013 Manhattan Medicare. ",479.895,50,,,,,0,percent of total billed charges,50 percent of billed charges; No services were performed during the 15 month look back period.,314.98,,,,,,,Fee Schedule,"251.000079687625 % Medicare Physician FS TC Rates Only. ",125.49,,,,,,,Fee Schedule,"100% Medicare Lab FS. ",407.77,,,,,,,Fee Schedule,"238 % 2013 Manhattan Medicare. ",,,,,,,,Other,"100 Percent of Medicaid APG. ",128,,,,,,,Fee Schedule,"102% of Medicare Lab FS. ",128,,,,,,,Fee Schedule,"102% of Medicare Lab FS. ",128,,,,,,,Fee Schedule,"102% of Medicare Lab FS. ",112.94,,,,,,,Fee schedule,"90 Percent of Medicare RBRVS. ",,,,,,,,Fee Schedule,225% of NYS APG. Lesser of 100% of billed charges applies.,,,,,,,,Fee Schedule,225% of NYS APG. Lesser of 100% of billed charges applies.,,,,,,,,Fee Schedule,225% of NYS APG. Lesser of 100% of billed charges applies.,,,,,,,,Fee Schedule,225% of NYS APG. Lesser of 100% of billed charges applies.,,,,,,,,Fee Schedule,225% of NYS APG. Lesser of 100% of billed charges applies.,128,,,,,,,Fee Schedule,"102% of Medicare Lab FS. ",,,,,,,,Other,"100 Percent of Medicaid APG. ",101,,,,,,,Fee Schedule,100% Medicaid Fee Schedule. Lesser of 100% of billed charges applies.,,,,,,,,Fee Schedule,225% of NYS APG. Lesser of 100% of billed charges applies.,,,,,,,,Fee Schedule,225% of NYS APG. Lesser of 100% of billed charges applies.,101,,,,,,,Fee Schedule,100% Medicaid Fee Schedule. Lesser of 100% of billed charges applies.,101,,,,,,,Fee Schedule,100% Medicaid Fee Schedule. Lesser of 100% of billed charges applies.,200.78,,,,,,,Fee Schedule,"160 Percent of Medicare Laboratory. ",125.49,,,,,,,Fee Schedule,"100% Medicare Lab FS. ",125.49,,,,,,,Fee Schedule,"100% Medicare Lab FS. ",314.98,,,,,,,Fee Schedule,"251.000079687625 % Medicare Physician FS TC Rates Only. ",125.49,,,,,,,Fee Schedule,"100% Medicare Lab FS. ",,,,,,,,Fee Schedule,"225 Percent of Medicaid APG. ",,,,,,,,Fee Schedule,"225 Percent of Medicaid APG. ",112.94,,,,,,,Fee schedule,"90 Percent of Medicare RBRVS. ",112.94,,,,,,,Fee schedule,"90 Percent of Medicare RBRVS. ",,,,,,,,Case Rate,Not Payable. Covered services not payable under Medicaid Fee Schedules default to a payment of 87.5 percent of charges.,112.94,,,,,,,Fee schedule,90 Percent of Medicare Laboratory. Covered services not payable under Medicaid Fee Schedules default to a payment of 50 percent of charges.,,,,,,,,Other,"100 Percent of Medicaid APG. ",,,,,,,,Other,"100 Percent of Medicaid APG. ",,,,,,,,Other,"100 Percent of Medicaid APG. ",,,,,,,,Other,"100 Percent of Medicaid APG. ",1278.74,,,,,,,Fee Schedule,"1019 % Manhattan Facility Rate. ",479.895,50,,,,,0,percent of total billed charges,50 percent of billed charges; No services were performed during the 15 month look back period.,,,,,,,,Other,"120 Percent of Medicaid APG. Not APG payable, or payable under another fee schedule like ASP/AWP pays at 30% of charges",,,,,,,,Other,"120 Percent of Medicaid APG. Not APG payable, or payable under another fee schedule like ASP/AWP pays at 30% of charges",,,,,,,,Other,"100 Percent of Medicaid APG. Not APG payable, or payable under another fee schedule like ASP/AWP pays at 30% of charges",,,,,,,,Other,"100 Percent of Medicaid APG. Not APG payable, or payable under another fee schedule like ASP/AWP pays at 30% of charges",407.77,,,,,,,Fee Schedule,"238 % 2013 Manhattan Medicare. ",407.77,,,,,,,Fee Schedule,"238 % 2013 Manhattan Medicare. ",125.49,,,,,,,Fee Schedule,"100% Medicare Lab FS. ",407.77,,,,,,,Fee Schedule,"238 % 2013 Manhattan Medicare. ",407.77,,,,,,,Fee Schedule,"238 % 2013 Manhattan Medicare. ",407.77,,,,,,,Fee Schedule,"238 % 2013 Manhattan Medicare. ",407.77,,,,,,,Fee Schedule,"238 % 2013 Manhattan Medicare. ",125.49,,,,,,,Fee Schedule,"100% Medicare Lab FS. ",407.77,,,,,,,Fee Schedule,"238 % 2013 Manhattan Medicare. ",407.77,,,,,,,Fee Schedule,"238 % 2013 Manhattan Medicare. ",314.98,,,,,,,Fee Schedule,"251.000079687625 % Medicare Physician FS TC Rates Only. ",,,,,,,,Fee Schedule,110% of APG. Lesser of 100% of billed charges applies.,112.94,,,,,,,Fee schedule,90 Percent of Medicare Laboratory. Covered services not payable under Medicaid Fee Schedules default to a payment of 50 percent of charges.,,,,,,,,Fee Schedule,225% of NYS APG. Lesser of 100% of billed charges applies.,,,,,,,,Case Rate,Not Payable. Covered services not payable under Medicaid Fee Schedules default to a payment of 87.5 percent of charges.,112.94,,,,,,,Fee schedule,90 Percent of Medicare Laboratory. Covered services not payable under Medicaid Fee Schedules default to a payment of 50 percent of charges.,,,,,,,,Fee Schedule,225% of NYS APG. Lesser of 100% of billed charges applies.,,,,,,,,Fee Schedule,225% of NYS APG. Lesser of 100% of billed charges applies.,,,,,,,,Fee Schedule,225% of NYS APG. Lesser of 100% of billed charges applies.,,,,,,,,Fee Schedule,225% of NYS APG. Lesser of 100% of billed charges applies.,,,,,,,,Fee Schedule,225% of NYS APG. Lesser of 100% of billed charges applies.,,,,,,,,Fee Schedule,225% of NYS APG. Lesser of 100% of billed charges applies.,,,,,,,,,"NA. ",,,,,,,,,"NA. ",,,,,,,,,"NA. ",272.08,,,,,,,Fee Schedule,"150 % 2018 Cigna RBRVS fee schedule. ",,,,,,,,,"NA. ",125.49,,,,,,,Fee Schedule,"100% Medicare Lab FS. ",173,,,,,,,Fee Schedule,"100 % 1199 Fee Schedule. ",125.49,,,,,,,Fee Schedule,"100% Medicare Lab FS. ",125.49,,,,,,,Fee Schedule,"100% Medicare Lab FS. ",,,,,,,,Other,"120 Percent of Medicaid APG. Not APG payable, or payable under another fee schedule like ASP/AWP pays at 30% of charges",,,,,,,,Other,"120 Percent of Medicaid APG. Not APG payable, or payable under another fee schedule like ASP/AWP pays at 30% of charges",,,,,,,,Other,"100 Percent of Medicaid APG. Not APG payable, or payable under another fee schedule like ASP/AWP pays at 30% of charges",,,,,,,,Other,"100 Percent of Medicaid APG. Not APG payable, or payable under another fee schedule like ASP/AWP pays at 30% of charges",,,,,,,,Other,"100 Percent of Medicaid APG. ",272.31,,,,,,,Fee Schedule,"217 % Medicare RBRVS. ",314.98,,,,,,,Fee Schedule,"251.000079687625 % Medicare Physician FS TC Rates Only. ",320,,,,,,,Fee Schedule,"255 % Medicare RBRVS. ",272.08,,,,,,,Fee Schedule,"150 % 2018 Cigna RBRVS fee schedule. ",125.49,,,,,,,Fee Schedule,"100% Medicare Lab FS. ",125.49,,,,,,,Fee Schedule,"100% Medicare Lab FS. ",125.49,,,,,,,Fee Schedule,"100% Medicare Lab FS. ",125.49,,,,,,,Fee Schedule,"100% Medicare Lab FS. ",125.49,,,,,,,Fee Schedule,"100% Medicare Lab FS. ",125.49,,,,,,,Fee Schedule,"100% Medicare Lab FS. ",,,,,,,,,"NA. ",,,,,,,,Fee Schedule,225% of NYS APG. Lesser of 100% of billed charges applies.,101,,,,,,,Fee Schedule,100% Medicaid Fee Schedule. Lesser of 100% of billed charges applies.,407.77,,,,,,,Fee Schedule,"238 % 2013 Manhattan Medicare. ",272.31,,,,,,,Fee Schedule,"217 % Medicare RBRVS. ",272.31,,,,,,,Fee Schedule,"217 % Medicare RBRVS. ",272.31,,,,,,,Fee Schedule,"217 % Medicare RBRVS. ",272.31,,,,,,,Fee Schedule,"217 % Medicare RBRVS. ",125.49,,,,,,,Fee Schedule,"100% Medicare Lab FS. ",,,,,,,,Other,"100 Percent of Medicaid APG. ",407.77,,,,,,,Fee Schedule,"238 % 2013 Manhattan Medicare. ",,,,,,,,Other,"100 Percent of Medicaid APG. ",125.49,,,,,,,Fee Schedule,"100% Medicare Lab FS. ",,,,,,,,Other,"100 Percent of Medicaid APG. ",125.49,,,,,,,Fee Schedule,"100% Medicare Lab FS. ",125.49,,,,,,,Fee Schedule,"100% Medicare Lab FS. ",,,,,,,,Other,"100 Percent of Medicaid APG. ",,,,,,,,Other,"100 Percent of Medicaid APG. ",272.31,,,,,,,Fee Schedule,"217 % Medicare RBRVS. ",272.08,,,,,,,Fee Schedule,"150 % 2018 Cigna RBRVS fee schedule. ",748.6362,78,,,,,0,percent of total billed charges,78% of Billed Charges. Lesser of 100% of billed charges applies.; No services were performed during the 15 month look back period.,138.49,,,,,,,Fee Schedule,"100 % 2019 CMS Clinical Lab National Limit Pub 20190115. ",138.49,,,,,,,Fee Schedule,"100 % 2019 CMS Clinical Lab National Limit Pub 20190115. ",314.98,,,,,,,Fee Schedule,"251.000079687625 % Medicare Physician FS TC Rates Only. ",122.98,,,,,,,Fee Schedule,"98% Lab FS. ",242.2,,,,,,,Fee Schedule,"193 % Medicare RBRVS. ",242.2,,,,,,,Fee Schedule,"193 % Medicare RBRVS. ",326.21,,,,,,,Fee Schedule,"190.4 % 2013 Manhattan Medicare. ",326.21,,,,,,,Fee Schedule,"190.4 % 2013 Manhattan Medicare. ",125.49,,,,,,,Fee Schedule,"100% Medicare Lab FS. ",125.49,,,,,,,Fee Schedule,"100% Medicare Lab FS. ",125.49,,,,,,,Fee Schedule,"100% Medicare Lab FS. ",125.49,,,,,,,Fee Schedule,"100% Medicare Lab FS. ",138.49,,,,,,,Fee Schedule,"100 % 2019 CMS Clinical Lab National Limit Pub 20190115. ",407.77,,,,,,,Fee Schedule,"238 % 2013 Manhattan Medicare. ",407.77,,,,,,,Fee Schedule,"238 % 2013 Manhattan Medicare. ",125.49,,,,,,,Fee Schedule,"100% Medicare Lab FS. ",326.21,,,,,,,Fee Schedule,"190.4 % 2013 Manhattan Medicare. ",320,,,,,,,Fee Schedule,"255 % Medicare RBRVS. ",,,,,,,,Fee Schedule,"120 Percent of Medicaid APG. ",,,,,,,,Other,"100 Percent of Medicaid APG. ",272.31,,,,,,,Fee Schedule,"217 % Medicare RBRVS. ",366.99,,,,,,,Fee Schedule,"214.2 % 2013 Manhattan Medicare. ",366.99,,,,,,,Fee Schedule,"214.2 % 2013 Manhattan Medicare. ",407.77,,,,,,,Fee Schedule,"238 % 2013 Manhattan Medicare. ",479.895,50,,,,,0,percent of total billed charges,50 percent of billed charges; No services were performed during the 15 month look back period.,125.49,,,,,,,Fee Schedule,"100% Medicare Lab FS. ",,,,,,,,Fee Schedule,"Not payable. ",,,,,,,,Fee Schedule,"Not payable. ",,,,,,,,Fee Schedule,"Not payable. ",,,,,,,,Fee Schedule,"Not payable. ",138.49,,,,,,,Fee Schedule,"100 % 2019 CMS Clinical Lab National Limit Pub 20190115. ",,,,,,,,Fee Schedule,"Not payable. ",,,,,,,,Fee Schedule,"Not payable. ",,,,,,,,Fee Schedule,"Not payable. ",,,,,,,,Fee Schedule,"Not payable. ",,,,,,,,Fee Schedule,"Not payable. ",,,,,,,,Fee Schedule,"Not payable. ",,,,,,,,Fee Schedule,"Not payable. ",125.49,,,,,,,Fee Schedule,"100% Medicare Lab FS. ",138.49,,,,,,,Fee Schedule,"100 % 2019 CMS Clinical Lab National Limit Pub 20190115. ",125.49,,,,,,,Fee Schedule,"100% Medicare Lab FS. ",,,,,,,,Fee Schedule,"Not payable. ",407.77,,,,,,,Fee Schedule,"238 % 2013 Manhattan Medicare. ",125.49,,,,,,,Fee Schedule,"100% Medicare Lab FS. ",407.77,,,,,,,Fee Schedule,"238 % 2013 Manhattan Medicare. ",407.77,,,,,,,Fee Schedule,"238 % 2013 Manhattan Medicare. ",407.77,,,,,,,Fee Schedule,"238 % 2013 Manhattan Medicare. ",,,,,,,,Fee Schedule,"Not payable. ",125.49,,,,,,,Fee Schedule,"100% Medicare Lab FS. ",407.77,,,,,,,Fee Schedule,"238 % 2013 Manhattan Medicare. ",,,,,,,,Fee Schedule,"Not payable. ",407.77,,,,,,,Fee Schedule,"238 % 2013 Manhattan Medicare. ",188.23,,,,,,,Fee Schedule,"150% of Medicare Lab FS. ",125.49,,,,,,,Fee Schedule,"100% Medicare Lab FS. ",272.31,,,,,,,Fee Schedule,"217 % Medicare RBRVS. ",272.31,,,,,,,Fee Schedule,"217 % Medicare RBRVS. ",272.31,,,,,,,Fee Schedule,"217 % Medicare RBRVS. ",272.31,,,,,,,Fee Schedule,"217 % Medicare RBRVS. ",272.31,,,,,,,Fee Schedule,"217 % Medicare RBRVS. ",320,,,,,,,Fee Schedule,"255 % Medicare RBRVS. ",320,,,,,,,Fee Schedule,"255 % Medicare RBRVS. ",272.31,,,,,,,Fee Schedule,"217 % Medicare RBRVS. ",272.31,,,,,,,Fee Schedule,"217 % Medicare RBRVS. ",272.31,,,,,,,Fee Schedule,"217 % Medicare RBRVS. ",272.31,,,,,,,Fee Schedule,"217 % Medicare RBRVS. ",272.31,,,,,,,Fee Schedule,"217 % Medicare RBRVS. ",125.49,,,,,,,Fee Schedule,"100% Medicare Lab FS. ",320,,,,,,,Fee Schedule,"255 % Medicare RBRVS. ",125.49,,,,,,,Fee Schedule,"100% Medicare Lab FS. ",,,,,,,,Other,"225 Percent of Medicaid APG. If not included in Medicaid APG, then 100 Percent of Manhattan Medicare",,,,,,,,Other,"100 Percent of Medicaid APG. If not priced under APG, then Metroplus FeeSched",138.49,,,,,,,Fee Schedule,"100 % 2019 CMS Clinical Lab National Limit Pub 20190115. ",138.49,,,,,,,Fee Schedule,"100 % 2019 CMS Clinical Lab National Limit Pub 20190115. ",125.49,,,,,,,Fee Schedule,"100% Medicare Lab FS. ",242.2,,,,,,,Fee Schedule,"193 % Medicare RBRVS. ",125.49,,,,,,,Fee Schedule,"100% Medicare Lab FS. ",125.49,,,,,,,Fee Schedule,"100% Medicare Lab FS. ",314.98,,,,,,,Fee Schedule,"251.000079687625 % Medicare Physician FS TC Rates Only. ",125.49,,,,,,,Fee Schedule,"100% Medicare Lab FS. ",272.08,,,,,,,Fee Schedule,"150 % 2018 Cigna RBRVS fee schedule. ",125.49,,,,,,,Fee Schedule,"100% Medicare Lab FS. ",272.08,,,,,,,Fee Schedule,"150 % 2018 Cigna RBRVS fee schedule. ",314.98,,,,,,,Fee Schedule,"251.000079687625 % Medicare Physician FS TC Rates Only. ",272.08,,,,,,,Fee Schedule,"150 % 2018 Cigna RBRVS fee schedule. ",125.49,,,,,,,Fee Schedule,"100% Medicare Lab FS. ",,,,,,,,Other,"100 Percent of Medicaid APG. ",125.49,,,,,,,Fee Schedule,"100% Medicare Lab FS. ",272.08,,,,,,,Fee Schedule,"150 % 2018 Cigna RBRVS fee schedule. ",138.49,,,,,,,Fee Schedule,"100 % 2019 CMS Clinical Lab National Limit Pub 20190115. ",,,,,,,,Other,"100 Percent of Medicaid APG. ",407.77,,,,,,,Fee Schedule,"238 % 2013 Manhattan Medicare. ",,,,,,,,Fee Schedule,"120 Percent of Medicaid APG. ",,,,,,,,Fee Schedule,"120 Percent of Medicaid APG. ",407.77,,,,,,,Fee Schedule,"238 % 2013 Manhattan Medicare. ",407.77,,,,,,,Fee Schedule,"238 % 2013 Manhattan Medicare. ",407.77,,,,,,,Fee Schedule,"238 % 2013 Manhattan Medicare. ",138.49,,,,,,,Fee Schedule,"100 % 2019 CMS Clinical Lab National Limit Pub 20190115. ",407.77,,,,,,,Fee Schedule,"238 % 2013 Manhattan Medicare. ",407.77,,,,,,,Fee Schedule,"238 % 2013 Manhattan Medicare. ",407.77,,,,,,,Fee Schedule,"238 % 2013 Manhattan Medicare. ",272.31,,,,,,,Fee Schedule,"217 % Medicare RBRVS. ",272.31,,,,,,,Fee Schedule,"217 % Medicare RBRVS. ",176.94,,,,,,,Fee Schedule,141 Percent of of Medicare Lab FS. Metroplus will reimburse unlisted codes and described codes with no Medicare rate at 50 percent of charges.,,,,,,,,Other,"100 Percent of Medicaid APG. ",138.49,,,,,,,Fee Schedule,"100 % 2019 CMS Clinical Lab National Limit Pub 20190115. ",272.08,,,,,,,Fee Schedule,"150 % 2018 Cigna RBRVS fee schedule. ",314.98,,,,,,,Fee Schedule,"251.000079687625 % Medicare Physician FS TC Rates Only. ",138.49,,,,,,,Fee Schedule,"100 % 2019 CMS Clinical Lab National Limit Pub 20190115. ",314.98,,,,,,,Fee Schedule,"251.000079687625 % Medicare Physician FS TC Rates Only. ",138.49,,,,,,,Fee Schedule,"100 % 2019 CMS Clinical Lab National Limit Pub 20190115. ",407.77,,,,,,,Fee Schedule,"238 % 2013 Manhattan Medicare. ",407.77,,,,,,,Fee Schedule,"238 % 2013 Manhattan Medicare. ",407.77,,,,,,,Fee Schedule,"238 % 2013 Manhattan Medicare. ",407.77,,,,,,,Fee Schedule,"238 % 2013 Manhattan Medicare. ",125.49,,,,,,,Fee Schedule,"100% Medicare Lab FS. ",69.5,1278.74,
88304,CPT,2021909,LOCAL,310,RC,HC LEVEL III-SURG PATH GROSS&MICROSCOPIC XM,1428.87,271.4853,both,,,,18,,,,,,,Fee Schedule,"100 % 1199 Fee Schedule. ",18,,,,,,,Fee Schedule,"100 % 1199 Fee Schedule. ",90.33,,,,,,,Fee Schedule,"250.986385106974 % Medicare Physician FS TC Rates Only. ",1428.87,100,,,,,0,percent of total billed charges,100 percent of billed charges. ; No services were performed during the 15 month look back period.,63.22,,,,,,,Case Rate,"100% Medicare OPPS FS. ",90.33,,,,,,,Fee Schedule,"250.986385106974 % Medicare Physician FS TC Rates Only. ",90.33,,,,,,,Fee Schedule,"250.986385106974 % Medicare Physician FS TC Rates Only. ",90.33,,,,,,,Fee Schedule,"250.986385106974 % Medicare Physician FS TC Rates Only. ",158.1,,,,,,,Case Rate,"100 Percent of Medicaid APG. ",131.75,,,,,,,Case Rate,"100 Percent of Medicaid APG. ",1114.5186,78,,,,,0,percent of total billed charges,78% of Billed Charges. Lesser of 100% of billed charges applies.; No services were performed during the 15 month look back period.,50.98,,,,,,,Fee Schedule,"100 % 19 Q1 CMS APC Pub 20190102. ",131.75,,,,,,,Case Rate,"100 Percent of Medicaid APG. ",63.22,,,,,,,Case Rate,"100% Medicare OPPS FS. ",52.48,,,,,,,Fee Schedule,"150 % 2018 Cigna RBRVS fee schedule. ",52.48,,,,,,,Fee Schedule,"150 % 2018 Cigna RBRVS fee schedule. ",52.48,,,,,,,Fee Schedule,"150 % 2018 Cigna RBRVS fee schedule. ",52.48,,,,,,,Fee Schedule,"150 % 2018 Cigna RBRVS fee schedule. ",14.2887,1,,1428.87,1428.87,1428.87,1 through 10,percent of total billed charges,NA. Covered services not payable under Medicaid Fee Schedules default to a payment of 50 percent of charges.,63.22,,,,,,,Case Rate,"100% Medicare OPPS FS. ",14.2887,1,,1428.87,56.91,1428.87,187,percent of total billed charges,NA. Covered services not payable under Medicaid Fee Schedules default to a payment of 50 percent of charges.,1114.5186,78,,,,,0,percent of total billed charges,78% of Billed Charges. Lesser of 100% of billed charges applies.; No services were performed during the 15 month look back period.,90.33,,,,,,,Fee Schedule,"250.986385106974 % Medicare Physician FS TC Rates Only. ",63.22,,,,,,,Case Rate,"100%Medicare OPPS FS. ",91.77,,,,,,,Fee Schedule,"255 % Medicare RBRVS. ",63.22,,,,,,,Case Rate,"100%Medicare OPPS FS. ",63.22,,,,,,,Case Rate,"100%Medicare OPPS FS. ",1114.5186,78,,,,,0,percent of total billed charges,78% of Billed Charges. Lesser of 100% of billed charges applies.; No services were performed during the 15 month look back period.,25.58,,,,,,,Fee Schedule,100% Medicaid Fee Schedule. Lesser of 100% of billed charges applies.,25.58,,,,,,,Fee Schedule,100% Medicaid Fee Schedule. Lesser of 100% of billed charges applies.,33.39,,,,,,,Fee schedule,"90 Percent of Medicare RBRVS. ",33.39,,,,,,,Fee schedule,"90 Percent of Medicare RBRVS. ",91.77,,,,,,,Fee Schedule,"255 % Medicare RBRVS. ",91.77,,,,,,,Fee Schedule,"255 % Medicare RBRVS. ",131.75,,,,,,,Case Rate,"100 Percent of Medicaid APG. Not APG payable, or payable under another fee schedule like ASP/AWP pays at 30% of charges",91.77,,,,,,,Fee Schedule,"255 % Medicare RBRVS. ",131.75,,,,,,,Case Rate,"100 Percent of Medicaid APG. Not APG payable, or payable under another fee schedule like ASP/AWP pays at 30% of charges",63.22,,,,,,,Case Rate,"100%Medicare OPPS FS. ",91.77,,,,,,,Fee Schedule,"255 % Medicare RBRVS. ",1114.5186,78,,,,,0,percent of total billed charges,78% of Billed Charges. Lesser of 100% of billed charges applies.; No services were performed during the 15 month look back period.,131.75,,,,,,,Case Rate,"100 Percent of Medicaid APG. If not priced under APG, then Metroplus FeeSched",131.75,,,,,,,Case Rate,"100 Percent of Medicaid APG. If not priced under APG, then Metroplus FeeSched",1114.5186,78,,1114.52,1114.52,1114.52,1 through 10,percent of total billed charges,78% of Billed Charges. Lesser of 100% of billed charges applies.,52.48,,,,,,,Fee Schedule,"150 % 2018 Cigna RBRVS fee schedule. ",50.98,,,,,,,Fee Schedule,"100 % 19 Q1 CMS APC Pub 20190102. ",50.98,,,,,,,Fee Schedule,"100 % 19 Q1 CMS APC Pub 20190102. ",1114.5186,78,,,,,0,percent of total billed charges,78% of Billed Charges. Lesser of 100% of billed charges applies.; No services were performed during the 15 month look back period.,63.22,,,,,,,Case Rate,"100% Medicare OPPS FS. ",50.98,,,,,,,Fee Schedule,"100 % 19 Q1 CMS APC Pub 20190102. ",50.98,,,,,,,Fee Schedule,"100 % 19 Q1 CMS APC Pub 20190102. ",50.98,,,,,,,Fee Schedule,"100 % 19 Q1 CMS APC Pub 20190102. ",63.22,,,,,,,Case Rate,"100% Medicare OPPS FS. ",50.98,,,,,,,Fee Schedule,"100 % 19 Q1 CMS APC Pub 20190102. ",50.98,,,,,,,Fee Schedule,"100 % 19 Q1 CMS APC Pub 20190102. ",63.22,,,,,,,Case Rate,"100% of Medicare OPPS. ",714.435,50,,1428.87,1428.87,1428.87,1 through 10,percent of total billed charges,50 percent of billed charges,92.3,,,,,,,Fee Schedule,"238 % 2013 Manhattan Medicare. ",92.3,,,,,,,Fee Schedule,"238 % 2013 Manhattan Medicare. ",92.3,,,,,,,Fee Schedule,"238 % 2013 Manhattan Medicare. ",92.3,,,,,,,Fee Schedule,"238 % 2013 Manhattan Medicare. ",92.3,,,,,,,Fee Schedule,"238 % 2013 Manhattan Medicare. ",92.3,,,,,,,Fee Schedule,"238 % 2013 Manhattan Medicare. ",63.22,,,,,,,Case Rate,"100% Medicare OPPS FS. ",63.22,,,,,,,Case Rate,"100% Medicare OPPS FS. ",92.3,,,,,,,Fee Schedule,"238 % 2013 Manhattan Medicare. ",1114.5186,78,,,,,0,percent of total billed charges,78% of Billed Charges. Lesser of 100% of billed charges applies.; No services were performed during the 15 month look back period.,1114.5186,78,,,,,0,percent of total billed charges,78% of Billed Charges. Lesser of 100% of billed charges applies.; No services were performed during the 15 month look back period.,1114.5186,78,,,,,0,percent of total billed charges,78% of Billed Charges. Lesser of 100% of billed charges applies.; No services were performed during the 15 month look back period.,1114.5186,78,,,,,0,percent of total billed charges,78% of Billed Charges. Lesser of 100% of billed charges applies.; No services were performed during the 15 month look back period.,1114.5186,78,,,,,0,percent of total billed charges,78% of Billed Charges. Lesser of 100% of billed charges applies.; No services were performed during the 15 month look back period.,1114.5186,78,,,,,0,percent of total billed charges,78% of Billed Charges. Lesser of 100% of billed charges applies.; No services were performed during the 15 month look back period.,1114.5186,78,,,,,0,percent of total billed charges,78% of Billed Charges. Lesser of 100% of billed charges applies.; No services were performed during the 15 month look back period.,1114.5186,78,,,,,0,percent of total billed charges,78% of Billed Charges. Lesser of 100% of billed charges applies.; No services were performed during the 15 month look back period.,1114.5186,78,,,,,0,percent of total billed charges,78% of Billed Charges. Lesser of 100% of billed charges applies.; No services were performed during the 15 month look back period.,1114.5186,78,,,,,0,percent of total billed charges,78% of Billed Charges. Lesser of 100% of billed charges applies.; No services were performed during the 15 month look back period.,1114.5186,78,,,,,0,percent of total billed charges,78% of Billed Charges. Lesser of 100% of billed charges applies.; No services were performed during the 15 month look back period.,1114.5186,78,,,,,0,percent of total billed charges,78% of Billed Charges. Lesser of 100% of billed charges applies.; No services were performed during the 15 month look back period.,1114.5186,78,,,,,0,percent of total billed charges,78% of Billed Charges. Lesser of 100% of billed charges applies.; No services were performed during the 15 month look back period.,1114.5186,78,,,,,0,percent of total billed charges,78% of Billed Charges. Lesser of 100% of billed charges applies.; No services were performed during the 15 month look back period.,1114.5186,78,,,,,0,percent of total billed charges,78% of Billed Charges. Lesser of 100% of billed charges applies.; No services were performed during the 15 month look back period.,1114.5186,78,,,,,0,percent of total billed charges,78% of Billed Charges. Lesser of 100% of billed charges applies.; No services were performed during the 15 month look back period.,1114.5186,78,,,,,0,percent of total billed charges,78% of Billed Charges. Lesser of 100% of billed charges applies.; No services were performed during the 15 month look back period.,1114.5186,78,,,,,0,percent of total billed charges,78% of Billed Charges. Lesser of 100% of billed charges applies.; No services were performed during the 15 month look back period.,1114.5186,78,,,,,0,percent of total billed charges,78% of Billed Charges. Lesser of 100% of billed charges applies.; No services were performed during the 15 month look back period.,1114.5186,78,,,,,0,percent of total billed charges,78% of Billed Charges. Lesser of 100% of billed charges applies.; No services were performed during the 15 month look back period.,1114.5186,78,,,,,0,percent of total billed charges,78% of Billed Charges. Lesser of 100% of billed charges applies.; No services were performed during the 15 month look back period.,1114.5186,78,,,,,0,percent of total billed charges,78% of Billed Charges. Lesser of 100% of billed charges applies.; No services were performed during the 15 month look back period.,1114.5186,78,,,,,0,percent of total billed charges,78% of Billed Charges. Lesser of 100% of billed charges applies.; No services were performed during the 15 month look back period.,1114.5186,78,,,,,0,percent of total billed charges,78% of Billed Charges. Lesser of 100% of billed charges applies.; No services were performed during the 15 month look back period.,1114.5186,78,,,,,0,percent of total billed charges,78% of Billed Charges. Lesser of 100% of billed charges applies.; No services were performed during the 15 month look back period.,1114.5186,78,,,,,0,percent of total billed charges,78% of Billed Charges. Lesser of 100% of billed charges applies.; No services were performed during the 15 month look back period.,91.77,,,,,,,Fee Schedule,"255 % Medicare RBRVS. ",91.77,,,,,,,Fee Schedule,"255 % Medicare RBRVS. ",91.77,,,,,,,Fee Schedule,"255 % Medicare RBRVS. ",91.77,,,,,,,Fee Schedule,"255 % Medicare RBRVS. ",69.46,,,,,,,Fee Schedule,"193 % Medicare RBRVS. ",69.46,,,,,,,Fee Schedule,"193 % Medicare RBRVS. ",52.48,,,,,,,Fee Schedule,"150 % 2018 Cigna RBRVS fee schedule. ",92.3,,,,,,,Fee Schedule,"238 % 2013 Manhattan Medicare. ",50.98,,,,,,,Fee Schedule,"100 % 19 Q1 CMS APC Pub 20190102. ",92.3,,,,,,,Fee Schedule,"238 % 2013 Manhattan Medicare. ",1114.5186,78,,,,,0,percent of total billed charges,78% of Billed Charges. Lesser of 100% of billed charges applies.; No services were performed during the 15 month look back period.,69.46,,,,,,,Fee Schedule,"193 % Medicare RBRVS. ",92.3,,,,,,,Fee Schedule,"238 % 2013 Manhattan Medicare. ",50.98,,,,,,,Fee Schedule,"100 % 19 Q1 CMS APC Pub 20190102. ",52.48,,,,,,,Fee Schedule,"150 % 2018 Cigna RBRVS fee schedule. ",,,,,,,,,"NA. ",1114.5186,78,,,,,0,percent of total billed charges,78% of Billed Charges. Lesser of 100% of billed charges applies.; No services were performed during the 15 month look back period.,131.75,,,,,,,Case Rate,"100 Percent of Medicaid APG. ",91.77,,,,,,,Fee Schedule,"255 % Medicare RBRVS. ",131.75,,,,,,,Case Rate,"100 Percent of Medicaid APG. Not APG payable, or payable under another fee schedule like ASP/AWP pays at 30% of charges",63.22,,,,,,,Case Rate,"100%Medicare OPPS FS. ",63.22,,,,,,,Case Rate,"100% Medicare OPPS FS. ",714.435,50,,1428.87,1428.87,1428.87,1 through 10,percent of total billed charges,50 percent of billed charges,63.22,,,,,,,Case Rate,"100% Medicare OPPS FS. ",63.22,,,,,,,Case Rate,"100% Medicare OPPS FS. ",131.75,,,,,,,Case Rate,"100 Percent of Medicaid APG. ",63.22,,,,,,,Case Rate,"100% Medicare OPPS FS. ",63.22,,,,,,,Case Rate,"100% Medicare OPPS FS. ",90.33,,,,,,,Fee Schedule,"250.986385106974 % Medicare Physician FS TC Rates Only. ",90.33,,,,,,,Fee Schedule,"250.986385106974 % Medicare Physician FS TC Rates Only. ",63.22,,,,,,,Case Rate,"100% Medicare OPPS FS. ",52.48,,,,,,,Fee Schedule,"150 % 2018 Cigna RBRVS fee schedule. ",50.98,,,,,,,Fee Schedule,"100 % 19 Q1 CMS APC Pub 20190102. ",50.98,,,,,,,Fee Schedule,"100 % 19 Q1 CMS APC Pub 20190102. ",63.22,,,,,,,Case Rate,"100% Medicare OPPS FS. ",52.48,,,,,,,Fee Schedule,"150 % 2018 Cigna RBRVS fee schedule. ",90.33,,,,,,,Fee Schedule,"250.986385106974 % Medicare Physician FS TC Rates Only. ",90.33,,,,,,,Fee Schedule,"250.986385106974 % Medicare Physician FS TC Rates Only. ",90.33,,,,,,,Fee Schedule,"250.986385106974 % Medicare Physician FS TC Rates Only. ",1114.5186,78,,,,,0,percent of total billed charges,78% of Billed Charges. Lesser of 100% of billed charges applies.; No services were performed during the 15 month look back period.,1114.5186,78,,,,,0,percent of total billed charges,78% of Billed Charges. Lesser of 100% of billed charges applies.; No services were performed during the 15 month look back period.,1114.5186,78,,,,,0,percent of total billed charges,78% of Billed Charges. Lesser of 100% of billed charges applies.; No services were performed during the 15 month look back period.,1114.5186,78,,,,,0,percent of total billed charges,78% of Billed Charges. Lesser of 100% of billed charges applies.; No services were performed during the 15 month look back period.,1114.5186,78,,,,,0,percent of total billed charges,78% of Billed Charges. Lesser of 100% of billed charges applies.; No services were performed during the 15 month look back period.,1114.5186,78,,,,,0,percent of total billed charges,78% of Billed Charges. Lesser of 100% of billed charges applies.; No services were performed during the 15 month look back period.,1114.5186,78,,,,,0,percent of total billed charges,78% of Billed Charges. Lesser of 100% of billed charges applies.; No services were performed during the 15 month look back period.,1114.5186,78,,,,,0,percent of total billed charges,78% of Billed Charges. Lesser of 100% of billed charges applies.; No services were performed during the 15 month look back period.,1114.5186,78,,,,,0,percent of total billed charges,78% of Billed Charges. Lesser of 100% of billed charges applies.; No services were performed during the 15 month look back period.,1114.5186,78,,,,,0,percent of total billed charges,78% of Billed Charges. Lesser of 100% of billed charges applies.; No services were performed during the 15 month look back period.,1114.5186,78,,,,,0,percent of total billed charges,78% of Billed Charges. Lesser of 100% of billed charges applies.; No services were performed during the 15 month look back period.,69.46,,,,,,,Fee Schedule,"193 % Medicare RBRVS. ",92.3,,,,,,,Fee Schedule,"238 % 2013 Manhattan Medicare. ",52.48,,,,,,,Fee Schedule,"150 % 2018 Cigna RBRVS fee schedule. ",63.22,,,,,,,Case Rate,"100% Medicare OPPS FS. ",90.33,,,,,,,Fee Schedule,"250.986385106974 % Medicare Physician FS TC Rates Only. ",52.48,,,,,,,Fee Schedule,"150 % 2018 Cigna RBRVS fee schedule. ",52.48,,,,,,,Fee Schedule,"150 % 2018 Cigna RBRVS fee schedule. ",1114.5186,78,,,,,0,percent of total billed charges,78% of Billed Charges. Lesser of 100% of billed charges applies.; No services were performed during the 15 month look back period.,281.94,,,,,,,Case Rate,"141 Percent of current Medicare RBRVS FeeSched. ",52.48,,,,,,,Fee Schedule,"150 % 2018 Cigna RBRVS fee schedule. ",131.75,,,,,,,Case Rate,"100 Percent of Medicaid APG. ",63.22,,,,,,,Case Rate,"100% Medicare OPPS FS. ",63.22,,,,,,,Case Rate,"100% Medicare OPPS FS. ",63.22,,,,,,,Case Rate,"100% Medicare OPPS FS. ",63.22,,,,,,,Case Rate,"100% Medicare OPPS FS. ",63.22,,,,,,,Case Rate,"100% Medicare OPPS FS. ",63.22,,,,,,,Case Rate,"100% Medicare OPPS FS. ",52.48,,,,,,,Fee Schedule,"150 % 2018 Cigna RBRVS fee schedule. ",714.435,50,,,,,0,percent of total billed charges,50 percent of billed charges; No services were performed during the 15 month look back period.,14.2887,1,,1428.87,1428.87,1428.87,1 through 10,percent of total billed charges,"NA. ",14.2887,1,,101.17,101.17,101.17,1 through 10,percent of total billed charges,"NA. ",14.2887,1,,1428.87,1428.87,1428.87,1 through 10,percent of total billed charges,"NA. ",14.2887,1,,,,,0,percent of total billed charges,NA. ; No services were performed during the 15 month look back period.,14.2887,1,,,,,0,percent of total billed charges,NA. ; No services were performed during the 15 month look back period.,,,,,,,,,"NA. ",714.435,50,,,,,0,percent of total billed charges,50 percent of billed charges; No services were performed during the 15 month look back period.,125.18,,,,,,,Case Rate,198 Percent of Medicare OPPS. Metroplus will reimburse unlisted codes and described codes with no Medicare rate at 50 percent of charges.,125.18,,,,,,,Case Rate,198 Percent of Medicare OPPS. Metroplus will reimburse unlisted codes and described codes with no Medicare rate at 50 percent of charges.,125.18,,,,,,,Case Rate,198 Percent of Medicare OPPS. Metroplus will reimburse unlisted codes and described codes with no Medicare rate at 50 percent of charges.,125.18,,,,,,,Case Rate,198 Percent of Medicare OPPS. Metroplus will reimburse unlisted codes and described codes with no Medicare rate at 50 percent of charges.,125.18,,,,,,,Case Rate,198 Percent of Medicare OPPS. Metroplus will reimburse unlisted codes and described codes with no Medicare rate at 50 percent of charges.,63.22,,,,,,,Case Rate,"100% Medicare OPPS FS. ",69.46,,,,,,,Fee Schedule,"193 % Medicare RBRVS. ",69.46,,,,,,,Fee Schedule,"193 % Medicare RBRVS. ",69.46,,,,,,,Fee Schedule,"193 % Medicare RBRVS. ",69.46,,,,,,,Fee Schedule,"193 % Medicare RBRVS. ",90.33,,,,,,,Fee Schedule,"250.986385106974 % Medicare Physician FS TC Rates Only. ",90.33,,,,,,,Fee Schedule,"250.986385106974 % Medicare Physician FS TC Rates Only. ",90.33,,,,,,,Fee Schedule,"250.986385106974 % Medicare Physician FS TC Rates Only. ",90.33,,,,,,,Fee Schedule,"250.986385106974 % Medicare Physician FS TC Rates Only. ",714.435,50,,,,,0,percent of total billed charges,50 percent of billed charges; No services were performed during the 15 month look back period.,714.435,50,,,,,0,percent of total billed charges,50 percent of billed charges; No services were performed during the 15 month look back period.,63.22,,,,,,,Case Rate,"100% Medicare OPPS FS. ",63.22,,,,,,,Case Rate,"100% Medicare OPPS FS. ",63.22,,,,,,,Case Rate,"100% Medicare OPPS FS. ",92.3,,,,,,,Fee Schedule,"238 % 2013 Manhattan Medicare. ",92.3,,,,,,,Fee Schedule,"238 % 2013 Manhattan Medicare. ",92.3,,,,,,,Fee Schedule,"238 % 2013 Manhattan Medicare. ",714.435,50,,,,,0,percent of total billed charges,50 percent of billed charges; No services were performed during the 15 month look back period.,90.33,,,,,,,Fee Schedule,"250.986385106974 % Medicare Physician FS TC Rates Only. ",63.22,,,,,,,Case Rate,"100% Medicare OPPS FS. ",92.3,,,,,,,Fee Schedule,"238 % 2013 Manhattan Medicare. ",131.75,,,,,,,Case Rate,"100 Percent of Medicaid APG. ",64.49,,,,,,,Case Rate,"102% of Medicare OPPS. ",64.49,,,,,,,Case Rate,"102% of Medicare OPPS. ",64.49,,,,,,,Case Rate,"102% of Medicare OPPS. ",33.39,,,,,,,Fee schedule,"90 Percent of Medicare RBRVS. ",296.44,,,,,,,Fee Schedule,225% of NYS APG. Lesser of 100% of billed charges applies.,296.44,,,,,,,Fee Schedule,225% of NYS APG. Lesser of 100% of billed charges applies.,296.44,,,,,,,Fee Schedule,225% of NYS APG. Lesser of 100% of billed charges applies.,296.44,,,,,,,Fee Schedule,225% of NYS APG. Lesser of 100% of billed charges applies.,296.44,,,,,,,Fee Schedule,225% of NYS APG. Lesser of 100% of billed charges applies.,64.49,,,,,,,Case Rate,"102% of Medicare OPPS. ",131.75,,,,,,,Case Rate,"100 Percent of Medicaid APG. ",25.58,,,,,,,Fee Schedule,100% Medicaid Fee Schedule. Lesser of 100% of billed charges applies.,296.44,,,,,,,Fee Schedule,225% of NYS APG. Lesser of 100% of billed charges applies.,296.44,,,,,,,Fee Schedule,225% of NYS APG. Lesser of 100% of billed charges applies.,25.58,,,,,,,Fee Schedule,100% Medicaid Fee Schedule. Lesser of 100% of billed charges applies.,25.58,,,,,,,Fee Schedule,100% Medicaid Fee Schedule. Lesser of 100% of billed charges applies.,14.2887,1,,1428.87,57.56,1428.87,1 through 10,percent of total billed charges,"NA. ",63.22,,,,,,,Case Rate,"100% Medicare OPPS FS. ",63.22,,,,,,,Case Rate,"100% Medicare OPPS FS. ",90.33,,,,,,,Fee Schedule,"250.986385106974 % Medicare Physician FS TC Rates Only. ",63.22,,,,,,,Case Rate,"100% Medicare OPPS FS. ",296.44,,,,,,,Fee Schedule,"225 Percent of Medicaid APG. ",296.44,,,,,,,Fee Schedule,"225 Percent of Medicaid APG. ",33.39,,,,,,,Fee schedule,"90 Percent of Medicare RBRVS. ",33.39,,,,,,,Fee schedule,"90 Percent of Medicare RBRVS. ",,,,,,,,Case Rate,Not Payable. Covered services not payable under Medicaid Fee Schedules default to a payment of 87.5 percent of charges.,14.2887,1,,1428.87,1428.87,2857.74,11,percent of total billed charges,NA. Covered services not payable under Medicaid Fee Schedules default to a payment of 50 percent of charges.,296.44,,,,,,,Case Rate,"100 Percent of Medicaid APG. ",296.44,,,,,,,Case Rate,"100 Percent of Medicaid APG. ",296.44,,,,,,,Case Rate,"100 Percent of Medicaid APG. ",296.44,,,,,,,Case Rate,"100 Percent of Medicaid APG. ",375.09,,,,,,,Fee Schedule,"1019 % Manhattan Facility Rate. ",714.435,50,,,,,0,percent of total billed charges,50 percent of billed charges; No services were performed during the 15 month look back period.,158.1,,,,,,,Case Rate,"120 Percent of Medicaid APG. Not APG payable, or payable under another fee schedule like ASP/AWP pays at 30% of charges",158.1,,,,,,,Case Rate,"120 Percent of Medicaid APG. Not APG payable, or payable under another fee schedule like ASP/AWP pays at 30% of charges",131.75,,,,,,,Case Rate,"100 Percent of Medicaid APG. Not APG payable, or payable under another fee schedule like ASP/AWP pays at 30% of charges",131.75,,,,,,,Case Rate,"100 Percent of Medicaid APG. Not APG payable, or payable under another fee schedule like ASP/AWP pays at 30% of charges",92.3,,,,,,,Fee Schedule,"238 % 2013 Manhattan Medicare. ",92.3,,,,,,,Fee Schedule,"238 % 2013 Manhattan Medicare. ",63.22,,,,,,,Case Rate,"100% Medicare OPPS FS. ",92.3,,,,,,,Fee Schedule,"238 % 2013 Manhattan Medicare. ",92.3,,,,,,,Fee Schedule,"238 % 2013 Manhattan Medicare. ",92.3,,,,,,,Fee Schedule,"238 % 2013 Manhattan Medicare. ",92.3,,,,,,,Fee Schedule,"238 % 2013 Manhattan Medicare. ",63.22,,,,,,,Case Rate,"100% Medicare OPPS FS. ",92.3,,,,,,,Fee Schedule,"238 % 2013 Manhattan Medicare. ",92.3,,,,,,,Fee Schedule,"238 % 2013 Manhattan Medicare. ",90.33,,,,,,,Fee Schedule,"250.986385106974 % Medicare Physician FS TC Rates Only. ",144.92,,,,,,,Fee Schedule,110% of APG. Lesser of 100% of billed charges applies.,14.2887,1,,,,,0,percent of total billed charges,NA. Covered services not payable under Medicaid Fee Schedules default to a payment of 50 percent of charges.; No services were performed during the 15 month look back period.,296.44,,,,,,,Fee Schedule,225% of NYS APG. Lesser of 100% of billed charges applies.,,,,,,,,Case Rate,Not Payable. Covered services not payable under Medicaid Fee Schedules default to a payment of 87.5 percent of charges.,14.2887,1,,1428.87,1428.87,1428.87,1 through 10,percent of total billed charges,NA. Covered services not payable under Medicaid Fee Schedules default to a payment of 50 percent of charges.,296.44,,,,,,,Fee Schedule,225% of NYS APG. Lesser of 100% of billed charges applies.,296.44,,,,,,,Fee Schedule,225% of NYS APG. Lesser of 100% of billed charges applies.,296.44,,,,,,,Fee Schedule,225% of NYS APG. Lesser of 100% of billed charges applies.,296.44,,,,,,,Fee Schedule,225% of NYS APG. Lesser of 100% of billed charges applies.,296.44,,,,,,,Fee Schedule,225% of NYS APG. Lesser of 100% of billed charges applies.,296.44,,,,,,,Fee Schedule,225% of NYS APG. Lesser of 100% of billed charges applies.,,,,,,,,,"NA. ",,,,,,,,,"NA. ",,,,,,,,,"NA. ",52.48,,,,,,,Fee Schedule,"150 % 2018 Cigna RBRVS fee schedule. ",,,,,,,,,"NA. ",63.22,,,,,,,Case Rate,"100% Medicare OPPS FS. ",18,,,,,,,Fee Schedule,"100 % 1199 Fee Schedule. ",63.22,,,,,,,Case Rate,"100% Medicare OPPS FS. ",63.22,,,,,,,Case Rate,"100% Medicare OPPS FS. ",158.1,,,,,,,Case Rate,"120 Percent of Medicaid APG. Not APG payable, or payable under another fee schedule like ASP/AWP pays at 30% of charges",158.1,,,,,,,Case Rate,"120 Percent of Medicaid APG. Not APG payable, or payable under another fee schedule like ASP/AWP pays at 30% of charges",131.75,,,,,,,Case Rate,"100 Percent of Medicaid APG. Not APG payable, or payable under another fee schedule like ASP/AWP pays at 30% of charges",131.75,,,,,,,Case Rate,"100 Percent of Medicaid APG. Not APG payable, or payable under another fee schedule like ASP/AWP pays at 30% of charges",131.75,,,,,,,Case Rate,"100 Percent of Medicaid APG. ",78.1,,,,,,,Fee Schedule,"217 % Medicare RBRVS. ",90.33,,,,,,,Fee Schedule,"250.986385106974 % Medicare Physician FS TC Rates Only. ",91.77,,,,,,,Fee Schedule,"255 % Medicare RBRVS. ",52.48,,,,,,,Fee Schedule,"150 % 2018 Cigna RBRVS fee schedule. ",63.22,,,,,,,Case Rate,"100%Medicare OPPS FS. ",63.22,,,,,,,Case Rate,"100% Medicare OPPS FS. ",63.22,,,,,,,Case Rate,"100% Medicare OPPS FS. ",63.22,,,,,,,Case Rate,"100% Medicare OPPS FS. ",63.22,,,,,,,Case Rate,"100%Medicare OPPS FS. ",63.22,,,,,,,Case Rate,"100% Medicare OPPS FS. ",,,,,,,,,"NA. ",296.44,,,,,,,Fee Schedule,225% of NYS APG. Lesser of 100% of billed charges applies.,25.58,,,,,,,Fee Schedule,100% Medicaid Fee Schedule. Lesser of 100% of billed charges applies.,92.3,,,,,,,Fee Schedule,"238 % 2013 Manhattan Medicare. ",78.1,,,,,,,Fee Schedule,"217 % Medicare RBRVS. ",78.1,,,,,,,Fee Schedule,"217 % Medicare RBRVS. ",78.1,,,,,,,Fee Schedule,"217 % Medicare RBRVS. ",78.1,,,,,,,Fee Schedule,"217 % Medicare RBRVS. ",63.22,,,,,,,Case Rate,"100% Medicare OPPS FS. ",131.75,,,,,,,Case Rate,"100 Percent of Medicaid APG. ",92.3,,,,,,,Fee Schedule,"238 % 2013 Manhattan Medicare. ",131.75,,,,,,,Case Rate,"100 Percent of Medicaid APG. ",63.22,,,,,,,Case Rate,"100% Medicare OPPS FS. ",131.75,,,,,,,Case Rate,"100 Percent of Medicaid APG. ",63.22,,,,,,,Case Rate,"100% Medicare OPPS FS. ",63.22,,,,,,,Case Rate,"100% Medicare OPPS FS. ",131.75,,,,,,,Case Rate,"100 Percent of Medicaid APG. ",131.75,,,,,,,Case Rate,"100 Percent of Medicaid APG. ",78.1,,,,,,,Fee Schedule,"217 % Medicare RBRVS. ",52.48,,,,,,,Fee Schedule,"150 % 2018 Cigna RBRVS fee schedule. ",1114.5186,78,,,,,0,percent of total billed charges,78% of Billed Charges. Lesser of 100% of billed charges applies.; No services were performed during the 15 month look back period.,50.98,,,,,,,Fee Schedule,"100 % 19 Q1 CMS APC Pub 20190102. ",50.98,,,,,,,Fee Schedule,"100 % 19 Q1 CMS APC Pub 20190102. ",90.33,,,,,,,Fee Schedule,"250.986385106974 % Medicare Physician FS TC Rates Only. ",61.96,,,,,,,Case Rate,"98% of RBRVS. ",69.46,,,,,,,Fee Schedule,"193 % Medicare RBRVS. ",69.46,,,,,,,Fee Schedule,"193 % Medicare RBRVS. ",73.84,,,,,,,Fee Schedule,"190.4 % 2013 Manhattan Medicare. ",73.84,,,,,,,Fee Schedule,"190.4 % 2013 Manhattan Medicare. ",63.22,,,,,,,Case Rate,"100% Medicare OPPS FS. ",63.22,,,,,,,Case Rate,"100% Medicare OPPS FS. ",63.22,,,,,,,Case Rate,"100% Medicare OPPS FS. ",63.22,,,,,,,Case Rate,"100% Medicare OPPS FS. ",50.98,,,,,,,Fee Schedule,"100 % 19 Q1 CMS APC Pub 20190102. ",92.3,,,,,,,Fee Schedule,"238 % 2013 Manhattan Medicare. ",92.3,,,,,,,Fee Schedule,"238 % 2013 Manhattan Medicare. ",63.22,,,,,,,Case Rate,"100% Medicare OPPS FS. ",73.84,,,,,,,Fee Schedule,"190.4 % 2013 Manhattan Medicare. ",91.77,,,,,,,Fee Schedule,"255 % Medicare RBRVS. ",158.1,,,,,,,Fee Schedule,"120 Percent of Medicaid APG. ",131.75,,,,,,,Case Rate,"100 Percent of Medicaid APG. ",78.1,,,,,,,Fee Schedule,"217 % Medicare RBRVS. ",83.07,,,,,,,Fee Schedule,"214.2 % 2013 Manhattan Medicare. ",83.07,,,,,,,Fee Schedule,"214.2 % 2013 Manhattan Medicare. ",92.3,,,,,,,Fee Schedule,"238 % 2013 Manhattan Medicare. ",714.435,50,,1428.87,1428.87,1428.87,1 through 10,percent of total billed charges,50 percent of billed charges,63.22,,,,,,,Case Rate,"100%Medicare OPPS FS. ",138.34,,,,,,,Fee Schedule,105 percent of Medicaid APG. otherwise 105% of Ordered NYS MCD FS or 105% of ASP+6%,138.34,,,,,,,Fee Schedule,105 percent of Medicaid APG. otherwise 105% of Ordered NYS MCD FS or 105% of ASP+6%,138.34,,,,,,,Fee Schedule,105 percent of Medicaid APG. otherwise 105% of Ordered NYS MCD FS or 105% of ASP+6%,177.86,,,,,,,Fee Schedule,135 percent of Medicaid APG. otherwise 135% of Ordered NYS MCD FS or 135% of ASP+6%,50.98,,,,,,,Fee Schedule,"100 % 19 Q1 CMS APC Pub 20190102. ",138.34,,,,,,,Fee Schedule,105 percent of Medicaid APG. otherwise 105% of Ordered NYS MCD FS or 105% of ASP+6%,138.34,,,,,,,Fee Schedule,105 percent of Medicaid APG. otherwise 105% of Ordered NYS MCD FS or 105% of ASP+6%,138.34,,,,,,,Fee Schedule,105 percent of Medicaid APG. otherwise 105% of Ordered NYS MCD FS or 105% of ASP+6%,138.34,,,,,,,Fee Schedule,105 percent of Medicaid APG. otherwise 105% of Ordered NYS MCD FS or 105% of ASP+6%,138.34,,,,,,,Fee Schedule,105 percent of Medicaid APG. otherwise 105% of Ordered NYS MCD FS or 105% of ASP+6%,177.86,,,,,,,Fee Schedule,135 percent of Medicaid APG. otherwise 135% of Ordered NYS MCD FS or 135% of ASP+6%,177.86,,,,,,,Fee Schedule,135 percent of Medicaid APG. otherwise 135% of Ordered NYS MCD FS or 135% of ASP+6%,63.22,,,,,,,Case Rate,"100% Medicare OPPS FS. ",50.98,,,,,,,Fee Schedule,"100 % 19 Q1 CMS APC Pub 20190102. ",63.22,,,,,,,Case Rate,"100% Medicare OPPS FS. ",138.34,,,,,,,Fee Schedule,105 percent of Medicaid APG. otherwise 105% of Ordered NYS MCD FS or 105% of ASP+6%,92.3,,,,,,,Fee Schedule,"238 % 2013 Manhattan Medicare. ",63.22,,,,,,,Case Rate,"100% Medicare OPPS FS. ",92.3,,,,,,,Fee Schedule,"238 % 2013 Manhattan Medicare. ",92.3,,,,,,,Fee Schedule,"238 % 2013 Manhattan Medicare. ",92.3,,,,,,,Fee Schedule,"238 % 2013 Manhattan Medicare. ",138.34,,,,,,,Fee Schedule,105 percent of Medicaid APG. otherwise 105% of Ordered NYS MCD FS or 105% of ASP+6%,63.22,,,,,,,Case Rate,"100% Medicare OPPS FS. ",92.3,,,,,,,Fee Schedule,"238 % 2013 Manhattan Medicare. ",177.86,,,,,,,Fee Schedule,135 percent of Medicaid APG. otherwise 135% of Ordered NYS MCD FS or 135% of ASP+6%,92.3,,,,,,,Fee Schedule,"238 % 2013 Manhattan Medicare. ",94.84,,,,,,,Case Rate,"150% of Medicare OPPS. ",63.22,,,,,,,Case Rate,"100%Medicare OPPS FS. ",78.1,,,,,,,Fee Schedule,"217 % Medicare RBRVS. ",78.1,,,,,,,Fee Schedule,"217 % Medicare RBRVS. ",78.1,,,,,,,Fee Schedule,"217 % Medicare RBRVS. ",78.1,,,,,,,Fee Schedule,"217 % Medicare RBRVS. ",78.1,,,,,,,Fee Schedule,"217 % Medicare RBRVS. ",91.77,,,,,,,Fee Schedule,"255 % Medicare RBRVS. ",91.77,,,,,,,Fee Schedule,"255 % Medicare RBRVS. ",78.1,,,,,,,Fee Schedule,"217 % Medicare RBRVS. ",78.1,,,,,,,Fee Schedule,"217 % Medicare RBRVS. ",78.1,,,,,,,Fee Schedule,"217 % Medicare RBRVS. ",78.1,,,,,,,Fee Schedule,"217 % Medicare RBRVS. ",78.1,,,,,,,Fee Schedule,"217 % Medicare RBRVS. ",63.22,,,,,,,Case Rate,"100% Medicare OPPS FS. ",91.77,,,,,,,Fee Schedule,"255 % Medicare RBRVS. ",63.22,,,,,,,Case Rate,"100% Medicare OPPS FS. ",296.44,,,,,,,Case Rate,"225 Percent of Medicaid APG. If not included in Medicaid APG, then 100 Percent of Manhattan Medicare",131.75,,,,,,,Case Rate,"100 Percent of Medicaid APG. If not priced under APG, then Metroplus FeeSched",50.98,,,,,,,Fee Schedule,"100 % 19 Q1 CMS APC Pub 20190102. ",50.98,,,,,,,Fee Schedule,"100 % 19 Q1 CMS APC Pub 20190102. ",63.22,,,,,,,Case Rate,"100% Medicare OPPS FS. ",69.46,,,,,,,Fee Schedule,"193 % Medicare RBRVS. ",63.22,,,,,,,Case Rate,"100% Medicare OPPS FS. ",63.22,,,,,,,Case Rate,"100% Medicare OPPS FS. ",90.33,,,,,,,Fee Schedule,"250.986385106974 % Medicare Physician FS TC Rates Only. ",63.22,,,,,,,Case Rate,"100% Medicare OPPS FS. ",52.48,,,,,,,Fee Schedule,"150 % 2018 Cigna RBRVS fee schedule. ",63.22,,,,,,,Case Rate,"100% Medicare OPPS FS. ",52.48,,,,,,,Fee Schedule,"150 % 2018 Cigna RBRVS fee schedule. ",90.33,,,,,,,Fee Schedule,"250.986385106974 % Medicare Physician FS TC Rates Only. ",52.48,,,,,,,Fee Schedule,"150 % 2018 Cigna RBRVS fee schedule. ",63.22,,,,,,,Case Rate,"100% Medicare OPPS FS. ",131.75,,,,,,,Case Rate,"100 Percent of Medicaid APG. ",63.22,,,,,,,Case Rate,"100% Medicare OPPS FS. ",52.48,,,,,,,Fee Schedule,"150 % 2018 Cigna RBRVS fee schedule. ",50.98,,,,,,,Fee Schedule,"100 % 19 Q1 CMS APC Pub 20190102. ",131.75,,,,,,,Case Rate,"100 Percent of Medicaid APG. ",92.3,,,,,,,Fee Schedule,"238 % 2013 Manhattan Medicare. ",158.1,,,,,,,Fee Schedule,"120 Percent of Medicaid APG. ",158.1,,,,,,,Fee Schedule,"120 Percent of Medicaid APG. ",92.3,,,,,,,Fee Schedule,"238 % 2013 Manhattan Medicare. ",92.3,,,,,,,Fee Schedule,"238 % 2013 Manhattan Medicare. ",92.3,,,,,,,Fee Schedule,"238 % 2013 Manhattan Medicare. ",50.98,,,,,,,Fee Schedule,"100 % 19 Q1 CMS APC Pub 20190102. ",92.3,,,,,,,Fee Schedule,"238 % 2013 Manhattan Medicare. ",92.3,,,,,,,Fee Schedule,"238 % 2013 Manhattan Medicare. ",92.3,,,,,,,Fee Schedule,"238 % 2013 Manhattan Medicare. ",78.1,,,,,,,Fee Schedule,"217 % Medicare RBRVS. ",78.1,,,,,,,Fee Schedule,"217 % Medicare RBRVS. ",125.18,,,,,,,Case Rate,198 Percent of Medicare OPPS. Metroplus will reimburse unlisted codes and described codes with no Medicare rate at 50 percent of charges.,131.75,,,,,,,Case Rate,"100 Percent of Medicaid APG. ",50.98,,,,,,,Fee Schedule,"100 % 19 Q1 CMS APC Pub 20190102. ",52.48,,,,,,,Fee Schedule,"150 % 2018 Cigna RBRVS fee schedule. ",90.33,,,,,,,Fee Schedule,"250.986385106974 % Medicare Physician FS TC Rates Only. ",50.98,,,,,,,Fee Schedule,"100 % 19 Q1 CMS APC Pub 20190102. ",90.33,,,,,,,Fee Schedule,"250.986385106974 % Medicare Physician FS TC Rates Only. ",50.98,,,,,,,Fee Schedule,"100 % 19 Q1 CMS APC Pub 20190102. ",92.3,,,,,,,Fee Schedule,"238 % 2013 Manhattan Medicare. ",92.3,,,,,,,Fee Schedule,"238 % 2013 Manhattan Medicare. ",92.3,,,,,,,Fee Schedule,"238 % 2013 Manhattan Medicare. ",92.3,,,,,,,Fee Schedule,"238 % 2013 Manhattan Medicare. ",63.22,,,,,,,Case Rate,"100% Medicare OPPS FS. ",14.2887,1428.87,
88325,CPT,2025328,LOCAL,310,RC,HC COMPREHENSIVE CONSULT W REVIEW OF REFERRED MATERIAL,678.01,128.8219,both,,,,108,,,,,,,Fee Schedule,"100 % 1199 Fee Schedule. ",108,,,,,,,Fee Schedule,"100 % 1199 Fee Schedule. ",358.58,,,,,,,Fee Schedule,"251.0009799804 % Medicare Physician FS TC Rates Only. ",678.01,100,,,,,0,percent of total billed charges,100 percent of billed charges. ; No services were performed during the 15 month look back period.,202.77,,,,,,,Case Rate,"100% Medicare OPPS FS. ",358.58,,,,,,,Fee Schedule,"251.0009799804 % Medicare Physician FS TC Rates Only. ",358.58,,,,,,,Fee Schedule,"251.0009799804 % Medicare Physician FS TC Rates Only. ",358.58,,,,,,,Fee Schedule,"251.0009799804 % Medicare Physician FS TC Rates Only. ",,,,,,,,Other,"100 Percent of Medicaid APG. ",,,,,,,,Other,"100 Percent of Medicaid APG. ",528.8478,78,,,,,0,percent of total billed charges,78% of Billed Charges. Lesser of 100% of billed charges applies.; No services were performed during the 15 month look back period.,50.98,,,,,,,Fee Schedule,"100 % 19 Q1 CMS APC Pub 20190102. ",,,,,,,,Other,"100 Percent of Medicaid APG. ",202.77,,,,,,,Case Rate,"100% Medicare OPPS FS. ",153.39,,,,,,,Fee Schedule,"150 % 2018 Cigna RBRVS fee schedule. ",153.39,,,,,,,Fee Schedule,"150 % 2018 Cigna RBRVS fee schedule. ",153.39,,,,,,,Fee Schedule,"150 % 2018 Cigna RBRVS fee schedule. ",153.39,,,,,,,Fee Schedule,"150 % 2018 Cigna RBRVS fee schedule. ",6.7801,1,,,,,0,percent of total billed charges,NA. Covered services not payable under Medicaid Fee Schedules default to a payment of 50 percent of charges.; No services were performed during the 15 month look back period.,202.77,,,,,,,Case Rate,"100% Medicare OPPS FS. ",6.7801,1,,,,,0,percent of total billed charges,NA. Covered services not payable under Medicaid Fee Schedules default to a payment of 50 percent of charges.; No services were performed during the 15 month look back period.,528.8478,78,,,,,0,percent of total billed charges,78% of Billed Charges. Lesser of 100% of billed charges applies.; No services were performed during the 15 month look back period.,358.58,,,,,,,Fee Schedule,"251.0009799804 % Medicare Physician FS TC Rates Only. ",202.77,,,,,,,Case Rate,"100%Medicare OPPS FS. ",364.29,,,,,,,Fee Schedule,"255 % Medicare RBRVS. ",202.77,,,,,,,Case Rate,"100%Medicare OPPS FS. ",202.77,,,,,,,Case Rate,"100%Medicare OPPS FS. ",528.8478,78,,,,,0,percent of total billed charges,78% of Billed Charges. Lesser of 100% of billed charges applies.; No services were performed during the 15 month look back period.,130.53,,,,,,,Fee Schedule,90 Percent of Medicare RBRVS. Lesser of 100% of billed charges applies.,130.53,,,,,,,Fee Schedule,90 Percent of Medicare RBRVS. Lesser of 100% of billed charges applies.,130.53,,,,,,,Fee schedule,"90 Percent of Medicare RBRVS. ",130.53,,,,,,,Fee schedule,"90 Percent of Medicare RBRVS. ",364.29,,,,,,,Fee Schedule,"255 % Medicare RBRVS. ",364.29,,,,,,,Fee Schedule,"255 % Medicare RBRVS. ",,,,,,,,Other,"100 Percent of Medicaid APG. Not APG payable, or payable under another fee schedule like ASP/AWP pays at 30% of charges",364.29,,,,,,,Fee Schedule,"255 % Medicare RBRVS. ",,,,,,,,Other,"100 Percent of Medicaid APG. Not APG payable, or payable under another fee schedule like ASP/AWP pays at 30% of charges",202.77,,,,,,,Case Rate,"100%Medicare OPPS FS. ",364.29,,,,,,,Fee Schedule,"255 % Medicare RBRVS. ",528.8478,78,,,,,0,percent of total billed charges,78% of Billed Charges. Lesser of 100% of billed charges applies.; No services were performed during the 15 month look back period.,,,,,,,,Other,"100 Percent of Medicaid APG. If not priced under APG, then Metroplus FeeSched",,,,,,,,Other,"100 Percent of Medicaid APG. If not priced under APG, then Metroplus FeeSched",528.8478,78,,,,,0,percent of total billed charges,78% of Billed Charges. Lesser of 100% of billed charges applies.; No services were performed during the 15 month look back period.,153.39,,,,,,,Fee Schedule,"150 % 2018 Cigna RBRVS fee schedule. ",50.98,,,,,,,Fee Schedule,"100 % 19 Q1 CMS APC Pub 20190102. ",50.98,,,,,,,Fee Schedule,"100 % 19 Q1 CMS APC Pub 20190102. ",528.8478,78,,,,,0,percent of total billed charges,78% of Billed Charges. Lesser of 100% of billed charges applies.; No services were performed during the 15 month look back period.,202.77,,,,,,,Case Rate,"100% Medicare OPPS FS. ",50.98,,,,,,,Fee Schedule,"100 % 19 Q1 CMS APC Pub 20190102. ",50.98,,,,,,,Fee Schedule,"100 % 19 Q1 CMS APC Pub 20190102. ",50.98,,,,,,,Fee Schedule,"100 % 19 Q1 CMS APC Pub 20190102. ",202.77,,,,,,,Case Rate,"100% Medicare OPPS FS. ",50.98,,,,,,,Fee Schedule,"100 % 19 Q1 CMS APC Pub 20190102. ",50.98,,,,,,,Fee Schedule,"100 % 19 Q1 CMS APC Pub 20190102. ",202.77,,,,,,,Case Rate,"100% of Medicare OPPS. ",339.005,50,,,,,0,percent of total billed charges,50 percent of billed charges; No services were performed during the 15 month look back period.,562.3,,,,,,,Fee Schedule,"238 % 2013 Manhattan Medicare. ",562.3,,,,,,,Fee Schedule,"238 % 2013 Manhattan Medicare. ",562.3,,,,,,,Fee Schedule,"238 % 2013 Manhattan Medicare. ",562.3,,,,,,,Fee Schedule,"238 % 2013 Manhattan Medicare. ",562.3,,,,,,,Fee Schedule,"238 % 2013 Manhattan Medicare. ",562.3,,,,,,,Fee Schedule,"238 % 2013 Manhattan Medicare. ",202.77,,,,,,,Case Rate,"100% Medicare OPPS FS. ",202.77,,,,,,,Case Rate,"100% Medicare OPPS FS. ",562.3,,,,,,,Fee Schedule,"238 % 2013 Manhattan Medicare. ",528.8478,78,,,,,0,percent of total billed charges,78% of Billed Charges. Lesser of 100% of billed charges applies.; No services were performed during the 15 month look back period.,528.8478,78,,,,,0,percent of total billed charges,78% of Billed Charges. Lesser of 100% of billed charges applies.; No services were performed during the 15 month look back period.,528.8478,78,,,,,0,percent of total billed charges,78% of Billed Charges. Lesser of 100% of billed charges applies.; No services were performed during the 15 month look back period.,528.8478,78,,,,,0,percent of total billed charges,78% of Billed Charges. Lesser of 100% of billed charges applies.; No services were performed during the 15 month look back period.,528.8478,78,,,,,0,percent of total billed charges,78% of Billed Charges. Lesser of 100% of billed charges applies.; No services were performed during the 15 month look back period.,528.8478,78,,,,,0,percent of total billed charges,78% of Billed Charges. Lesser of 100% of billed charges applies.; No services were performed during the 15 month look back period.,528.8478,78,,,,,0,percent of total billed charges,78% of Billed Charges. Lesser of 100% of billed charges applies.; No services were performed during the 15 month look back period.,528.8478,78,,,,,0,percent of total billed charges,78% of Billed Charges. Lesser of 100% of billed charges applies.; No services were performed during the 15 month look back period.,528.8478,78,,,,,0,percent of total billed charges,78% of Billed Charges. Lesser of 100% of billed charges applies.; No services were performed during the 15 month look back period.,528.8478,78,,,,,0,percent of total billed charges,78% of Billed Charges. Lesser of 100% of billed charges applies.; No services were performed during the 15 month look back period.,528.8478,78,,,,,0,percent of total billed charges,78% of Billed Charges. Lesser of 100% of billed charges applies.; No services were performed during the 15 month look back period.,528.8478,78,,,,,0,percent of total billed charges,78% of Billed Charges. Lesser of 100% of billed charges applies.; No services were performed during the 15 month look back period.,528.8478,78,,,,,0,percent of total billed charges,78% of Billed Charges. Lesser of 100% of billed charges applies.; No services were performed during the 15 month look back period.,528.8478,78,,,,,0,percent of total billed charges,78% of Billed Charges. Lesser of 100% of billed charges applies.; No services were performed during the 15 month look back period.,528.8478,78,,,,,0,percent of total billed charges,78% of Billed Charges. Lesser of 100% of billed charges applies.; No services were performed during the 15 month look back period.,528.8478,78,,,,,0,percent of total billed charges,78% of Billed Charges. Lesser of 100% of billed charges applies.; No services were performed during the 15 month look back period.,528.8478,78,,,,,0,percent of total billed charges,78% of Billed Charges. Lesser of 100% of billed charges applies.; No services were performed during the 15 month look back period.,528.8478,78,,,,,0,percent of total billed charges,78% of Billed Charges. Lesser of 100% of billed charges applies.; No services were performed during the 15 month look back period.,528.8478,78,,,,,0,percent of total billed charges,78% of Billed Charges. Lesser of 100% of billed charges applies.; No services were performed during the 15 month look back period.,528.8478,78,,,,,0,percent of total billed charges,78% of Billed Charges. Lesser of 100% of billed charges applies.; No services were performed during the 15 month look back period.,528.8478,78,,,,,0,percent of total billed charges,78% of Billed Charges. Lesser of 100% of billed charges applies.; No services were performed during the 15 month look back period.,528.8478,78,,,,,0,percent of total billed charges,78% of Billed Charges. Lesser of 100% of billed charges applies.; No services were performed during the 15 month look back period.,528.8478,78,,,,,0,percent of total billed charges,78% of Billed Charges. Lesser of 100% of billed charges applies.; No services were performed during the 15 month look back period.,528.8478,78,,,,,0,percent of total billed charges,78% of Billed Charges. Lesser of 100% of billed charges applies.; No services were performed during the 15 month look back period.,528.8478,78,,,,,0,percent of total billed charges,78% of Billed Charges. Lesser of 100% of billed charges applies.; No services were performed during the 15 month look back period.,528.8478,78,,,,,0,percent of total billed charges,78% of Billed Charges. Lesser of 100% of billed charges applies.; No services were performed during the 15 month look back period.,364.29,,,,,,,Fee Schedule,"255 % Medicare RBRVS. ",364.29,,,,,,,Fee Schedule,"255 % Medicare RBRVS. ",364.29,,,,,,,Fee Schedule,"255 % Medicare RBRVS. ",364.29,,,,,,,Fee Schedule,"255 % Medicare RBRVS. ",275.72,,,,,,,Fee Schedule,"193 % Medicare RBRVS. ",275.72,,,,,,,Fee Schedule,"193 % Medicare RBRVS. ",153.39,,,,,,,Fee Schedule,"150 % 2018 Cigna RBRVS fee schedule. ",562.3,,,,,,,Fee Schedule,"238 % 2013 Manhattan Medicare. ",50.98,,,,,,,Fee Schedule,"100 % 19 Q1 CMS APC Pub 20190102. ",562.3,,,,,,,Fee Schedule,"238 % 2013 Manhattan Medicare. ",528.8478,78,,,,,0,percent of total billed charges,78% of Billed Charges. Lesser of 100% of billed charges applies.; No services were performed during the 15 month look back period.,275.72,,,,,,,Fee Schedule,"193 % Medicare RBRVS. ",562.3,,,,,,,Fee Schedule,"238 % 2013 Manhattan Medicare. ",50.98,,,,,,,Fee Schedule,"100 % 19 Q1 CMS APC Pub 20190102. ",153.39,,,,,,,Fee Schedule,"150 % 2018 Cigna RBRVS fee schedule. ",,,,,,,,,"NA. ",528.8478,78,,,,,0,percent of total billed charges,78% of Billed Charges. Lesser of 100% of billed charges applies.; No services were performed during the 15 month look back period.,,,,,,,,Other,"100 Percent of Medicaid APG. ",364.29,,,,,,,Fee Schedule,"255 % Medicare RBRVS. ",,,,,,,,Other,"100 Percent of Medicaid APG. Not APG payable, or payable under another fee schedule like ASP/AWP pays at 30% of charges",202.77,,,,,,,Case Rate,"100%Medicare OPPS FS. ",202.77,,,,,,,Case Rate,"100% Medicare OPPS FS. ",339.005,50,,,,,0,percent of total billed charges,50 percent of billed charges; No services were performed during the 15 month look back period.,202.77,,,,,,,Case Rate,"100% Medicare OPPS FS. ",202.77,,,,,,,Case Rate,"100% Medicare OPPS FS. ",,,,,,,,Other,"100 Percent of Medicaid APG. ",202.77,,,,,,,Case Rate,"100% Medicare OPPS FS. ",202.77,,,,,,,Case Rate,"100% Medicare OPPS FS. ",358.58,,,,,,,Fee Schedule,"251.0009799804 % Medicare Physician FS TC Rates Only. ",358.58,,,,,,,Fee Schedule,"251.0009799804 % Medicare Physician FS TC Rates Only. ",202.77,,,,,,,Case Rate,"100% Medicare OPPS FS. ",153.39,,,,,,,Fee Schedule,"150 % 2018 Cigna RBRVS fee schedule. ",50.98,,,,,,,Fee Schedule,"100 % 19 Q1 CMS APC Pub 20190102. ",50.98,,,,,,,Fee Schedule,"100 % 19 Q1 CMS APC Pub 20190102. ",202.77,,,,,,,Case Rate,"100% Medicare OPPS FS. ",153.39,,,,,,,Fee Schedule,"150 % 2018 Cigna RBRVS fee schedule. ",358.58,,,,,,,Fee Schedule,"251.0009799804 % Medicare Physician FS TC Rates Only. ",358.58,,,,,,,Fee Schedule,"251.0009799804 % Medicare Physician FS TC Rates Only. ",358.58,,,,,,,Fee Schedule,"251.0009799804 % Medicare Physician FS TC Rates Only. ",528.8478,78,,,,,0,percent of total billed charges,78% of Billed Charges. Lesser of 100% of billed charges applies.; No services were performed during the 15 month look back period.,528.8478,78,,,,,0,percent of total billed charges,78% of Billed Charges. Lesser of 100% of billed charges applies.; No services were performed during the 15 month look back period.,528.8478,78,,,,,0,percent of total billed charges,78% of Billed Charges. Lesser of 100% of billed charges applies.; No services were performed during the 15 month look back period.,528.8478,78,,,,,0,percent of total billed charges,78% of Billed Charges. Lesser of 100% of billed charges applies.; No services were performed during the 15 month look back period.,528.8478,78,,,,,0,percent of total billed charges,78% of Billed Charges. Lesser of 100% of billed charges applies.; No services were performed during the 15 month look back period.,528.8478,78,,,,,0,percent of total billed charges,78% of Billed Charges. Lesser of 100% of billed charges applies.; No services were performed during the 15 month look back period.,528.8478,78,,,,,0,percent of total billed charges,78% of Billed Charges. Lesser of 100% of billed charges applies.; No services were performed during the 15 month look back period.,528.8478,78,,,,,0,percent of total billed charges,78% of Billed Charges. Lesser of 100% of billed charges applies.; No services were performed during the 15 month look back period.,528.8478,78,,,,,0,percent of total billed charges,78% of Billed Charges. Lesser of 100% of billed charges applies.; No services were performed during the 15 month look back period.,528.8478,78,,,,,0,percent of total billed charges,78% of Billed Charges. Lesser of 100% of billed charges applies.; No services were performed during the 15 month look back period.,528.8478,78,,,,,0,percent of total billed charges,78% of Billed Charges. Lesser of 100% of billed charges applies.; No services were performed during the 15 month look back period.,275.72,,,,,,,Fee Schedule,"193 % Medicare RBRVS. ",562.3,,,,,,,Fee Schedule,"238 % 2013 Manhattan Medicare. ",153.39,,,,,,,Fee Schedule,"150 % 2018 Cigna RBRVS fee schedule. ",202.77,,,,,,,Case Rate,"100% Medicare OPPS FS. ",358.58,,,,,,,Fee Schedule,"251.0009799804 % Medicare Physician FS TC Rates Only. ",153.39,,,,,,,Fee Schedule,"150 % 2018 Cigna RBRVS fee schedule. ",153.39,,,,,,,Fee Schedule,"150 % 2018 Cigna RBRVS fee schedule. ",528.8478,78,,,,,0,percent of total billed charges,78% of Billed Charges. Lesser of 100% of billed charges applies.; No services were performed during the 15 month look back period.,,,,,,,,Other,"141 Percent of current Medicare RBRVS FeeSched. ",153.39,,,,,,,Fee Schedule,"150 % 2018 Cigna RBRVS fee schedule. ",,,,,,,,Other,"100 Percent of Medicaid APG. ",202.77,,,,,,,Case Rate,"100% Medicare OPPS FS. ",202.77,,,,,,,Case Rate,"100% Medicare OPPS FS. ",202.77,,,,,,,Case Rate,"100% Medicare OPPS FS. ",202.77,,,,,,,Case Rate,"100% Medicare OPPS FS. ",202.77,,,,,,,Case Rate,"100% Medicare OPPS FS. ",202.77,,,,,,,Case Rate,"100% Medicare OPPS FS. ",153.39,,,,,,,Fee Schedule,"150 % 2018 Cigna RBRVS fee schedule. ",339.005,50,,,,,0,percent of total billed charges,50 percent of billed charges; No services were performed during the 15 month look back period.,6.7801,1,,,,,0,percent of total billed charges,NA. ; No services were performed during the 15 month look back period.,6.7801,1,,,,,0,percent of total billed charges,NA. ; No services were performed during the 15 month look back period.,6.7801,1,,,,,0,percent of total billed charges,NA. ; No services were performed during the 15 month look back period.,6.7801,1,,,,,0,percent of total billed charges,NA. ; No services were performed during the 15 month look back period.,6.7801,1,,,,,0,percent of total billed charges,NA. ; No services were performed during the 15 month look back period.,,,,,,,,,"NA. ",339.005,50,,,,,0,percent of total billed charges,50 percent of billed charges; No services were performed during the 15 month look back period.,401.49,,,,,,,Case Rate,198 Percent of Medicare OPPS. Metroplus will reimburse unlisted codes and described codes with no Medicare rate at 50 percent of charges.,401.49,,,,,,,Case Rate,198 Percent of Medicare OPPS. Metroplus will reimburse unlisted codes and described codes with no Medicare rate at 50 percent of charges.,401.49,,,,,,,Case Rate,198 Percent of Medicare OPPS. Metroplus will reimburse unlisted codes and described codes with no Medicare rate at 50 percent of charges.,401.49,,,,,,,Case Rate,198 Percent of Medicare OPPS. Metroplus will reimburse unlisted codes and described codes with no Medicare rate at 50 percent of charges.,401.49,,,,,,,Case Rate,198 Percent of Medicare OPPS. Metroplus will reimburse unlisted codes and described codes with no Medicare rate at 50 percent of charges.,202.77,,,,,,,Case Rate,"100% Medicare OPPS FS. ",275.72,,,,,,,Fee Schedule,"193 % Medicare RBRVS. ",275.72,,,,,,,Fee Schedule,"193 % Medicare RBRVS. ",275.72,,,,,,,Fee Schedule,"193 % Medicare RBRVS. ",275.72,,,,,,,Fee Schedule,"193 % Medicare RBRVS. ",358.58,,,,,,,Fee Schedule,"251.0009799804 % Medicare Physician FS TC Rates Only. ",358.58,,,,,,,Fee Schedule,"251.0009799804 % Medicare Physician FS TC Rates Only. ",358.58,,,,,,,Fee Schedule,"251.0009799804 % Medicare Physician FS TC Rates Only. ",358.58,,,,,,,Fee Schedule,"251.0009799804 % Medicare Physician FS TC Rates Only. ",339.005,50,,,,,0,percent of total billed charges,50 percent of billed charges; No services were performed during the 15 month look back period.,339.005,50,,,,,0,percent of total billed charges,50 percent of billed charges; No services were performed during the 15 month look back period.,202.77,,,,,,,Case Rate,"100% Medicare OPPS FS. ",202.77,,,,,,,Case Rate,"100% Medicare OPPS FS. ",202.77,,,,,,,Case Rate,"100% Medicare OPPS FS. ",562.3,,,,,,,Fee Schedule,"238 % 2013 Manhattan Medicare. ",562.3,,,,,,,Fee Schedule,"238 % 2013 Manhattan Medicare. ",562.3,,,,,,,Fee Schedule,"238 % 2013 Manhattan Medicare. ",339.005,50,,,,,0,percent of total billed charges,50 percent of billed charges; No services were performed during the 15 month look back period.,358.58,,,,,,,Fee Schedule,"251.0009799804 % Medicare Physician FS TC Rates Only. ",202.77,,,,,,,Case Rate,"100% Medicare OPPS FS. ",562.3,,,,,,,Fee Schedule,"238 % 2013 Manhattan Medicare. ",,,,,,,,Other,"100 Percent of Medicaid APG. ",206.83,,,,,,,Case Rate,"102% of Medicare OPPS. ",206.83,,,,,,,Case Rate,"102% of Medicare OPPS. ",206.83,,,,,,,Case Rate,"102% of Medicare OPPS. ",130.53,,,,,,,Fee schedule,"90 Percent of Medicare RBRVS. ",,,,,,,,Fee Schedule,225% of NYS APG. Lesser of 100% of billed charges applies.,,,,,,,,Fee Schedule,225% of NYS APG. Lesser of 100% of billed charges applies.,,,,,,,,Fee Schedule,225% of NYS APG. Lesser of 100% of billed charges applies.,,,,,,,,Fee Schedule,225% of NYS APG. Lesser of 100% of billed charges applies.,,,,,,,,Fee Schedule,225% of NYS APG. Lesser of 100% of billed charges applies.,206.83,,,,,,,Case Rate,"102% of Medicare OPPS. ",,,,,,,,Other,"100 Percent of Medicaid APG. ",130.53,,,,,,,Fee Schedule,90 Percent of Medicare RBRVS. Lesser of 100% of billed charges applies.,,,,,,,,Fee Schedule,225% of NYS APG. Lesser of 100% of billed charges applies.,,,,,,,,Fee Schedule,225% of NYS APG. Lesser of 100% of billed charges applies.,130.53,,,,,,,Fee Schedule,90 Percent of Medicare RBRVS. Lesser of 100% of billed charges applies.,130.53,,,,,,,Fee Schedule,90 Percent of Medicare RBRVS. Lesser of 100% of billed charges applies.,6.7801,1,,,,,0,percent of total billed charges,NA. ; No services were performed during the 15 month look back period.,202.77,,,,,,,Case Rate,"100% Medicare OPPS FS. ",202.77,,,,,,,Case Rate,"100% Medicare OPPS FS. ",358.58,,,,,,,Fee Schedule,"251.0009799804 % Medicare Physician FS TC Rates Only. ",202.77,,,,,,,Case Rate,"100% Medicare OPPS FS. ",,,,,,,,Fee Schedule,"225 Percent of Medicaid APG. ",,,,,,,,Fee Schedule,"225 Percent of Medicaid APG. ",130.53,,,,,,,Fee schedule,"90 Percent of Medicare RBRVS. ",130.53,,,,,,,Fee schedule,"90 Percent of Medicare RBRVS. ",,,,,,,,Case Rate,Not Payable. Covered services not payable under Medicaid Fee Schedules default to a payment of 87.5 percent of charges.,6.7801,1,,,,,0,percent of total billed charges,NA. Covered services not payable under Medicaid Fee Schedules default to a payment of 50 percent of charges.; No services were performed during the 15 month look back period.,,,,,,,,Other,"100 Percent of Medicaid APG. ",,,,,,,,Other,"100 Percent of Medicaid APG. ",,,,,,,,Other,"100 Percent of Medicaid APG. ",,,,,,,,Other,"100 Percent of Medicaid APG. ",1448.61,,,,,,,Fee Schedule,"1019 % Manhattan Facility Rate. ",339.005,50,,,,,0,percent of total billed charges,50 percent of billed charges; No services were performed during the 15 month look back period.,,,,,,,,Other,"120 Percent of Medicaid APG. Not APG payable, or payable under another fee schedule like ASP/AWP pays at 30% of charges",,,,,,,,Other,"120 Percent of Medicaid APG. Not APG payable, or payable under another fee schedule like ASP/AWP pays at 30% of charges",,,,,,,,Other,"100 Percent of Medicaid APG. Not APG payable, or payable under another fee schedule like ASP/AWP pays at 30% of charges",,,,,,,,Other,"100 Percent of Medicaid APG. Not APG payable, or payable under another fee schedule like ASP/AWP pays at 30% of charges",562.3,,,,,,,Fee Schedule,"238 % 2013 Manhattan Medicare. ",562.3,,,,,,,Fee Schedule,"238 % 2013 Manhattan Medicare. ",202.77,,,,,,,Case Rate,"100% Medicare OPPS FS. ",562.3,,,,,,,Fee Schedule,"238 % 2013 Manhattan Medicare. ",562.3,,,,,,,Fee Schedule,"238 % 2013 Manhattan Medicare. ",562.3,,,,,,,Fee Schedule,"238 % 2013 Manhattan Medicare. ",562.3,,,,,,,Fee Schedule,"238 % 2013 Manhattan Medicare. ",202.77,,,,,,,Case Rate,"100% Medicare OPPS FS. ",562.3,,,,,,,Fee Schedule,"238 % 2013 Manhattan Medicare. ",562.3,,,,,,,Fee Schedule,"238 % 2013 Manhattan Medicare. ",358.58,,,,,,,Fee Schedule,"251.0009799804 % Medicare Physician FS TC Rates Only. ",145.03,,,,,,,Fee Schedule,100% of RBRVS. Lesser of 100% of billed charges applies.,6.7801,1,,,,,0,percent of total billed charges,NA. Covered services not payable under Medicaid Fee Schedules default to a payment of 50 percent of charges.; No services were performed during the 15 month look back period.,,,,,,,,Fee Schedule,225% of NYS APG. Lesser of 100% of billed charges applies.,,,,,,,,Case Rate,Not Payable. Covered services not payable under Medicaid Fee Schedules default to a payment of 87.5 percent of charges.,6.7801,1,,,,,0,percent of total billed charges,NA. Covered services not payable under Medicaid Fee Schedules default to a payment of 50 percent of charges.; No services were performed during the 15 month look back period.,,,,,,,,Fee Schedule,225% of NYS APG. Lesser of 100% of billed charges applies.,,,,,,,,Fee Schedule,225% of NYS APG. Lesser of 100% of billed charges applies.,,,,,,,,Fee Schedule,225% of NYS APG. Lesser of 100% of billed charges applies.,,,,,,,,Fee Schedule,225% of NYS APG. Lesser of 100% of billed charges applies.,,,,,,,,Fee Schedule,225% of NYS APG. Lesser of 100% of billed charges applies.,,,,,,,,Fee Schedule,225% of NYS APG. Lesser of 100% of billed charges applies.,,,,,,,,,"NA. ",,,,,,,,,"NA. ",,,,,,,,,"NA. ",153.39,,,,,,,Fee Schedule,"150 % 2018 Cigna RBRVS fee schedule. ",,,,,,,,,"NA. ",202.77,,,,,,,Case Rate,"100% Medicare OPPS FS. ",108,,,,,,,Fee Schedule,"100 % 1199 Fee Schedule. ",202.77,,,,,,,Case Rate,"100% Medicare OPPS FS. ",202.77,,,,,,,Case Rate,"100% Medicare OPPS FS. ",,,,,,,,Other,"120 Percent of Medicaid APG. Not APG payable, or payable under another fee schedule like ASP/AWP pays at 30% of charges",,,,,,,,Other,"120 Percent of Medicaid APG. Not APG payable, or payable under another fee schedule like ASP/AWP pays at 30% of charges",,,,,,,,Other,"100 Percent of Medicaid APG. Not APG payable, or payable under another fee schedule like ASP/AWP pays at 30% of charges",,,,,,,,Other,"100 Percent of Medicaid APG. Not APG payable, or payable under another fee schedule like ASP/AWP pays at 30% of charges",,,,,,,,Other,"100 Percent of Medicaid APG. ",310.01,,,,,,,Fee Schedule,"217 % Medicare RBRVS. ",358.58,,,,,,,Fee Schedule,"251.0009799804 % Medicare Physician FS TC Rates Only. ",364.29,,,,,,,Fee Schedule,"255 % Medicare RBRVS. ",153.39,,,,,,,Fee Schedule,"150 % 2018 Cigna RBRVS fee schedule. ",202.77,,,,,,,Case Rate,"100%Medicare OPPS FS. ",202.77,,,,,,,Case Rate,"100% Medicare OPPS FS. ",202.77,,,,,,,Case Rate,"100% Medicare OPPS FS. ",202.77,,,,,,,Case Rate,"100% Medicare OPPS FS. ",202.77,,,,,,,Case Rate,"100%Medicare OPPS FS. ",202.77,,,,,,,Case Rate,"100% Medicare OPPS FS. ",,,,,,,,,"NA. ",,,,,,,,Fee Schedule,225% of NYS APG. Lesser of 100% of billed charges applies.,130.53,,,,,,,Fee Schedule,90 Percent of Medicare RBRVS. Lesser of 100% of billed charges applies.,562.3,,,,,,,Fee Schedule,"238 % 2013 Manhattan Medicare. ",310.01,,,,,,,Fee Schedule,"217 % Medicare RBRVS. ",310.01,,,,,,,Fee Schedule,"217 % Medicare RBRVS. ",310.01,,,,,,,Fee Schedule,"217 % Medicare RBRVS. ",310.01,,,,,,,Fee Schedule,"217 % Medicare RBRVS. ",202.77,,,,,,,Case Rate,"100% Medicare OPPS FS. ",,,,,,,,Other,"100 Percent of Medicaid APG. ",562.3,,,,,,,Fee Schedule,"238 % 2013 Manhattan Medicare. ",,,,,,,,Other,"100 Percent of Medicaid APG. ",202.77,,,,,,,Case Rate,"100% Medicare OPPS FS. ",,,,,,,,Other,"100 Percent of Medicaid APG. ",202.77,,,,,,,Case Rate,"100% Medicare OPPS FS. ",202.77,,,,,,,Case Rate,"100% Medicare OPPS FS. ",,,,,,,,Other,"100 Percent of Medicaid APG. ",,,,,,,,Other,"100 Percent of Medicaid APG. ",310.01,,,,,,,Fee Schedule,"217 % Medicare RBRVS. ",153.39,,,,,,,Fee Schedule,"150 % 2018 Cigna RBRVS fee schedule. ",528.8478,78,,,,,0,percent of total billed charges,78% of Billed Charges. Lesser of 100% of billed charges applies.; No services were performed during the 15 month look back period.,50.98,,,,,,,Fee Schedule,"100 % 19 Q1 CMS APC Pub 20190102. ",50.98,,,,,,,Fee Schedule,"100 % 19 Q1 CMS APC Pub 20190102. ",358.58,,,,,,,Fee Schedule,"251.0009799804 % Medicare Physician FS TC Rates Only. ",198.71,,,,,,,Case Rate,"98% of RBRVS. ",275.72,,,,,,,Fee Schedule,"193 % Medicare RBRVS. ",275.72,,,,,,,Fee Schedule,"193 % Medicare RBRVS. ",449.84,,,,,,,Fee Schedule,"190.4 % 2013 Manhattan Medicare. ",449.84,,,,,,,Fee Schedule,"190.4 % 2013 Manhattan Medicare. ",202.77,,,,,,,Case Rate,"100% Medicare OPPS FS. ",202.77,,,,,,,Case Rate,"100% Medicare OPPS FS. ",202.77,,,,,,,Case Rate,"100% Medicare OPPS FS. ",202.77,,,,,,,Case Rate,"100% Medicare OPPS FS. ",50.98,,,,,,,Fee Schedule,"100 % 19 Q1 CMS APC Pub 20190102. ",562.3,,,,,,,Fee Schedule,"238 % 2013 Manhattan Medicare. ",562.3,,,,,,,Fee Schedule,"238 % 2013 Manhattan Medicare. ",202.77,,,,,,,Case Rate,"100% Medicare OPPS FS. ",449.84,,,,,,,Fee Schedule,"190.4 % 2013 Manhattan Medicare. ",364.29,,,,,,,Fee Schedule,"255 % Medicare RBRVS. ",,,,,,,,Fee Schedule,"120 Percent of Medicaid APG. ",,,,,,,,Other,"100 Percent of Medicaid APG. ",310.01,,,,,,,Fee Schedule,"217 % Medicare RBRVS. ",506.07,,,,,,,Fee Schedule,"214.2 % 2013 Manhattan Medicare. ",506.07,,,,,,,Fee Schedule,"214.2 % 2013 Manhattan Medicare. ",562.3,,,,,,,Fee Schedule,"238 % 2013 Manhattan Medicare. ",339.005,50,,,,,0,percent of total billed charges,50 percent of billed charges; No services were performed during the 15 month look back period.,202.77,,,,,,,Case Rate,"100%Medicare OPPS FS. ",,,,,,,,Fee Schedule,"Not payable. ",,,,,,,,Fee Schedule,"Not payable. ",,,,,,,,Fee Schedule,"Not payable. ",,,,,,,,Fee Schedule,"Not payable. ",50.98,,,,,,,Fee Schedule,"100 % 19 Q1 CMS APC Pub 20190102. ",,,,,,,,Fee Schedule,"Not payable. ",,,,,,,,Fee Schedule,"Not payable. ",,,,,,,,Fee Schedule,"Not payable. ",,,,,,,,Fee Schedule,"Not payable. ",,,,,,,,Fee Schedule,"Not payable. ",,,,,,,,Fee Schedule,"Not payable. ",,,,,,,,Fee Schedule,"Not payable. ",202.77,,,,,,,Case Rate,"100% Medicare OPPS FS. ",50.98,,,,,,,Fee Schedule,"100 % 19 Q1 CMS APC Pub 20190102. ",202.77,,,,,,,Case Rate,"100% Medicare OPPS FS. ",,,,,,,,Fee Schedule,"Not payable. ",562.3,,,,,,,Fee Schedule,"238 % 2013 Manhattan Medicare. ",202.77,,,,,,,Case Rate,"100% Medicare OPPS FS. ",562.3,,,,,,,Fee Schedule,"238 % 2013 Manhattan Medicare. ",562.3,,,,,,,Fee Schedule,"238 % 2013 Manhattan Medicare. ",562.3,,,,,,,Fee Schedule,"238 % 2013 Manhattan Medicare. ",,,,,,,,Fee Schedule,"Not payable. ",202.77,,,,,,,Case Rate,"100% Medicare OPPS FS. ",562.3,,,,,,,Fee Schedule,"238 % 2013 Manhattan Medicare. ",,,,,,,,Fee Schedule,"Not payable. ",562.3,,,,,,,Fee Schedule,"238 % 2013 Manhattan Medicare. ",304.16,,,,,,,Case Rate,"150% of Medicare OPPS. ",202.77,,,,,,,Case Rate,"100%Medicare OPPS FS. ",310.01,,,,,,,Fee Schedule,"217 % Medicare RBRVS. ",310.01,,,,,,,Fee Schedule,"217 % Medicare RBRVS. ",310.01,,,,,,,Fee Schedule,"217 % Medicare RBRVS. ",310.01,,,,,,,Fee Schedule,"217 % Medicare RBRVS. ",310.01,,,,,,,Fee Schedule,"217 % Medicare RBRVS. ",364.29,,,,,,,Fee Schedule,"255 % Medicare RBRVS. ",364.29,,,,,,,Fee Schedule,"255 % Medicare RBRVS. ",310.01,,,,,,,Fee Schedule,"217 % Medicare RBRVS. ",310.01,,,,,,,Fee Schedule,"217 % Medicare RBRVS. ",310.01,,,,,,,Fee Schedule,"217 % Medicare RBRVS. ",310.01,,,,,,,Fee Schedule,"217 % Medicare RBRVS. ",310.01,,,,,,,Fee Schedule,"217 % Medicare RBRVS. ",202.77,,,,,,,Case Rate,"100% Medicare OPPS FS. ",364.29,,,,,,,Fee Schedule,"255 % Medicare RBRVS. ",202.77,,,,,,,Case Rate,"100% Medicare OPPS FS. ",,,,,,,,Other,"225 Percent of Medicaid APG. If not included in Medicaid APG, then 100 Percent of Manhattan Medicare",,,,,,,,Other,"100 Percent of Medicaid APG. If not priced under APG, then Metroplus FeeSched",50.98,,,,,,,Fee Schedule,"100 % 19 Q1 CMS APC Pub 20190102. ",50.98,,,,,,,Fee Schedule,"100 % 19 Q1 CMS APC Pub 20190102. ",202.77,,,,,,,Case Rate,"100% Medicare OPPS FS. ",275.72,,,,,,,Fee Schedule,"193 % Medicare RBRVS. ",202.77,,,,,,,Case Rate,"100% Medicare OPPS FS. ",202.77,,,,,,,Case Rate,"100% Medicare OPPS FS. ",358.58,,,,,,,Fee Schedule,"251.0009799804 % Medicare Physician FS TC Rates Only. ",202.77,,,,,,,Case Rate,"100% Medicare OPPS FS. ",153.39,,,,,,,Fee Schedule,"150 % 2018 Cigna RBRVS fee schedule. ",202.77,,,,,,,Case Rate,"100% Medicare OPPS FS. ",153.39,,,,,,,Fee Schedule,"150 % 2018 Cigna RBRVS fee schedule. ",358.58,,,,,,,Fee Schedule,"251.0009799804 % Medicare Physician FS TC Rates Only. ",153.39,,,,,,,Fee Schedule,"150 % 2018 Cigna RBRVS fee schedule. ",202.77,,,,,,,Case Rate,"100% Medicare OPPS FS. ",,,,,,,,Other,"100 Percent of Medicaid APG. ",202.77,,,,,,,Case Rate,"100% Medicare OPPS FS. ",153.39,,,,,,,Fee Schedule,"150 % 2018 Cigna RBRVS fee schedule. ",50.98,,,,,,,Fee Schedule,"100 % 19 Q1 CMS APC Pub 20190102. ",,,,,,,,Other,"100 Percent of Medicaid APG. ",562.3,,,,,,,Fee Schedule,"238 % 2013 Manhattan Medicare. ",,,,,,,,Fee Schedule,"120 Percent of Medicaid APG. ",,,,,,,,Fee Schedule,"120 Percent of Medicaid APG. ",562.3,,,,,,,Fee Schedule,"238 % 2013 Manhattan Medicare. ",562.3,,,,,,,Fee Schedule,"238 % 2013 Manhattan Medicare. ",562.3,,,,,,,Fee Schedule,"238 % 2013 Manhattan Medicare. ",50.98,,,,,,,Fee Schedule,"100 % 19 Q1 CMS APC Pub 20190102. ",562.3,,,,,,,Fee Schedule,"238 % 2013 Manhattan Medicare. ",562.3,,,,,,,Fee Schedule,"238 % 2013 Manhattan Medicare. ",562.3,,,,,,,Fee Schedule,"238 % 2013 Manhattan Medicare. ",310.01,,,,,,,Fee Schedule,"217 % Medicare RBRVS. ",310.01,,,,,,,Fee Schedule,"217 % Medicare RBRVS. ",401.49,,,,,,,Case Rate,198 Percent of Medicare OPPS. Metroplus will reimburse unlisted codes and described codes with no Medicare rate at 50 percent of charges.,,,,,,,,Other,"100 Percent of Medicaid APG. ",50.98,,,,,,,Fee Schedule,"100 % 19 Q1 CMS APC Pub 20190102. ",153.39,,,,,,,Fee Schedule,"150 % 2018 Cigna RBRVS fee schedule. ",358.58,,,,,,,Fee Schedule,"251.0009799804 % Medicare Physician FS TC Rates Only. ",50.98,,,,,,,Fee Schedule,"100 % 19 Q1 CMS APC Pub 20190102. ",358.58,,,,,,,Fee Schedule,"251.0009799804 % Medicare Physician FS TC Rates Only. ",50.98,,,,,,,Fee Schedule,"100 % 19 Q1 CMS APC Pub 20190102. ",562.3,,,,,,,Fee Schedule,"238 % 2013 Manhattan Medicare. ",562.3,,,,,,,Fee Schedule,"238 % 2013 Manhattan Medicare. ",562.3,,,,,,,Fee Schedule,"238 % 2013 Manhattan Medicare. ",562.3,,,,,,,Fee Schedule,"238 % 2013 Manhattan Medicare. ",202.77,,,,,,,Case Rate,"100% Medicare OPPS FS. ",6.7801,1448.61,
88341,CPT,,,490,RC,IMHCHEM/IMCYTCHM EA ADD ANTB,,,both,,,,54,,,,,,,Fee Schedule,"100 % 1199 Fee Schedule. ",54,,,,,,,Fee Schedule,"100 % 1199 Fee Schedule. ",195.96,,,,,,,Fee Schedule,"251.005507877546 % Medicare Physician FS TC Rates Only. ",,100,,,,,0,percent of total billed charges,100 percent of billed charges. ; No services were performed during the 15 month look back period.,,,,,,,,Other,"Not Payable. ",195.96,,,,,,,Fee Schedule,"251.005507877546 % Medicare Physician FS TC Rates Only. ",195.96,,,,,,,Fee Schedule,"251.005507877546 % Medicare Physician FS TC Rates Only. ",195.96,,,,,,,Fee Schedule,"251.005507877546 % Medicare Physician FS TC Rates Only. ",158.1,,,,,,,Case Rate,"100 Percent of Medicaid APG. ",131.75,,,,,,,Case Rate,"100 Percent of Medicaid APG. ",,78,,,,,0,percent of total billed charges,78% of Billed Charges. Lesser of 100% of billed charges applies.; No services were performed during the 15 month look back period.,64.51,,,,,,,Fee Schedule,"100 % 19 Q1 CMS RBRVS Pub 20181220. ",131.75,,,,,,,Case Rate,"100 Percent of Medicaid APG. ",,,,,,,,Other,"Not Payable. ",114.69,,,,,,,Fee Schedule,"150 % 2018 Cigna RBRVS fee schedule. ",114.69,,,,,,,Fee Schedule,"150 % 2018 Cigna RBRVS fee schedule. ",114.69,,,,,,,Fee Schedule,"150 % 2018 Cigna RBRVS fee schedule. ",114.69,,,,,,,Fee Schedule,"150 % 2018 Cigna RBRVS fee schedule. ",,1,,,,,0,percent of total billed charges,NA. Covered services not payable under Medicaid Fee Schedules default to a payment of 50 percent of charges.; No services were performed during the 15 month look back period.,,,,,,,,Other,"Not Payable. ",,1,,,,,0,percent of total billed charges,NA. Covered services not payable under Medicaid Fee Schedules default to a payment of 50 percent of charges.; No services were performed during the 15 month look back period.,,78,,,,,0,percent of total billed charges,78% of Billed Charges. Lesser of 100% of billed charges applies.; No services were performed during the 15 month look back period.,195.96,,,,,,,Fee Schedule,"251.005507877546 % Medicare Physician FS TC Rates Only. ",,,,,,,,Other,"Not Payable. ",8427,,,,,,,Case Rate,". Primary procedure pays at 100%, all subsequent at 50%.",,,,,,,,Other,"Not Payable. ",,,,,,,,Other,"Not Payable. ",,78,,,,,0,percent of total billed charges,78% of Billed Charges. Lesser of 100% of billed charges applies.; No services were performed during the 15 month look back period.,25.62,,,,,,,Fee Schedule,100% Medicaid Fee Schedule. Lesser of 100% of billed charges applies.,25.62,,,,,,,Fee Schedule,100% Medicaid Fee Schedule. Lesser of 100% of billed charges applies.,72.32,,,,,,,Fee schedule,"90 Percent of Medicare RBRVS. ",72.32,,,,,,,Fee schedule,"90 Percent of Medicare RBRVS. ",8427,,,,,,,Case Rate,". Primary procedure pays at 100%, all subsequent at 50%.",8427,,,,,,,Case Rate,". Primary procedure pays at 100%, all subsequent at 50%.",131.75,,,,,,,Case Rate,"100 Percent of Medicaid APG. Not APG payable, or payable under another fee schedule like ASP/AWP pays at 30% of charges",8427,,,,,,,Case Rate,". Primary procedure pays at 100%, all subsequent at 50%.",131.75,,,,,,,Case Rate,"100 Percent of Medicaid APG. Not APG payable, or payable under another fee schedule like ASP/AWP pays at 30% of charges",,,,,,,,Other,"Not Payable. ",8427,,,,,,,Case Rate,". Primary procedure pays at 100%, all subsequent at 50%.",,78,,,,,0,percent of total billed charges,78% of Billed Charges. Lesser of 100% of billed charges applies.; No services were performed during the 15 month look back period.,131.75,,,,,,,Case Rate,"100 Percent of Medicaid APG. If not priced under APG, then Metroplus FeeSched",131.75,,,,,,,Case Rate,"100 Percent of Medicaid APG. If not priced under APG, then Metroplus FeeSched",,78,,,,,0,percent of total billed charges,78% of Billed Charges. Lesser of 100% of billed charges applies.; No services were performed during the 15 month look back period.,114.69,,,,,,,Fee Schedule,"150 % 2018 Cigna RBRVS fee schedule. ",64.51,,,,,,,Fee Schedule,"100 % 19 Q1 CMS RBRVS Pub 20181220. ",64.51,,,,,,,Fee Schedule,"100 % 19 Q1 CMS RBRVS Pub 20181220. ",,78,,,,,0,percent of total billed charges,78% of Billed Charges. Lesser of 100% of billed charges applies.; No services were performed during the 15 month look back period.,,,,,,,,Other,"Not Payable. ",64.51,,,,,,,Fee Schedule,"100 % 19 Q1 CMS RBRVS Pub 20181220. ",64.51,,,,,,,Fee Schedule,"100 % 19 Q1 CMS RBRVS Pub 20181220. ",64.51,,,,,,,Fee Schedule,"100 % 19 Q1 CMS RBRVS Pub 20181220. ",,,,,,,,Other,"Not Payable. ",64.51,,,,,,,Fee Schedule,"100 % 19 Q1 CMS RBRVS Pub 20181220. ",64.51,,,,,,,Fee Schedule,"100 % 19 Q1 CMS RBRVS Pub 20181220. ",,,,,,,,Other,"Not Payable. ",25798,,,,,,,Case Rate,". MPL 100/75/50% all add ons apply, and lesser of 100% of billed charges",43.58,,,,,,,Fee Schedule,"238 % BCBS Standard HMO. ",43.58,,,,,,,Fee Schedule,"238 % BCBS Standard HMO. ",43.58,,,,,,,Fee Schedule,"238 % BCBS Standard HMO. ",43.58,,,,,,,Fee Schedule,"238 % BCBS Standard HMO. ",43.58,,,,,,,Fee Schedule,"238 % BCBS Standard HMO. ",43.58,,,,,,,Fee Schedule,"238 % BCBS Standard HMO. ",,,,,,,,Other,"Not Payable. ",,,,,,,,Other,"Not Payable. ",43.58,,,,,,,Fee Schedule,"238 % BCBS Standard HMO. ",,78,,,,,0,percent of total billed charges,78% of Billed Charges. Lesser of 100% of billed charges applies.; No services were performed during the 15 month look back period.,,78,,,,,0,percent of total billed charges,78% of Billed Charges. Lesser of 100% of billed charges applies.; No services were performed during the 15 month look back period.,,78,,,,,0,percent of total billed charges,78% of Billed Charges. Lesser of 100% of billed charges applies.; No services were performed during the 15 month look back period.,,78,,,,,0,percent of total billed charges,78% of Billed Charges. Lesser of 100% of billed charges applies.; No services were performed during the 15 month look back period.,,78,,,,,0,percent of total billed charges,78% of Billed Charges. Lesser of 100% of billed charges applies.; No services were performed during the 15 month look back period.,,78,,,,,0,percent of total billed charges,78% of Billed Charges. Lesser of 100% of billed charges applies.; No services were performed during the 15 month look back period.,,78,,,,,0,percent of total billed charges,78% of Billed Charges. Lesser of 100% of billed charges applies.; No services were performed during the 15 month look back period.,,78,,,,,0,percent of total billed charges,78% of Billed Charges. Lesser of 100% of billed charges applies.; No services were performed during the 15 month look back period.,,78,,,,,0,percent of total billed charges,78% of Billed Charges. Lesser of 100% of billed charges applies.; No services were performed during the 15 month look back period.,,78,,,,,0,percent of total billed charges,78% of Billed Charges. Lesser of 100% of billed charges applies.; No services were performed during the 15 month look back period.,,78,,,,,0,percent of total billed charges,78% of Billed Charges. Lesser of 100% of billed charges applies.; No services were performed during the 15 month look back period.,,78,,,,,0,percent of total billed charges,78% of Billed Charges. Lesser of 100% of billed charges applies.; No services were performed during the 15 month look back period.,,78,,,,,0,percent of total billed charges,78% of Billed Charges. Lesser of 100% of billed charges applies.; No services were performed during the 15 month look back period.,,78,,,,,0,percent of total billed charges,78% of Billed Charges. Lesser of 100% of billed charges applies.; No services were performed during the 15 month look back period.,,78,,,,,0,percent of total billed charges,78% of Billed Charges. Lesser of 100% of billed charges applies.; No services were performed during the 15 month look back period.,,78,,,,,0,percent of total billed charges,78% of Billed Charges. Lesser of 100% of billed charges applies.; No services were performed during the 15 month look back period.,,78,,,,,0,percent of total billed charges,78% of Billed Charges. Lesser of 100% of billed charges applies.; No services were performed during the 15 month look back period.,,78,,,,,0,percent of total billed charges,78% of Billed Charges. Lesser of 100% of billed charges applies.; No services were performed during the 15 month look back period.,,78,,,,,0,percent of total billed charges,78% of Billed Charges. Lesser of 100% of billed charges applies.; No services were performed during the 15 month look back period.,,78,,,,,0,percent of total billed charges,78% of Billed Charges. Lesser of 100% of billed charges applies.; No services were performed during the 15 month look back period.,,78,,,,,0,percent of total billed charges,78% of Billed Charges. Lesser of 100% of billed charges applies.; No services were performed during the 15 month look back period.,,78,,,,,0,percent of total billed charges,78% of Billed Charges. Lesser of 100% of billed charges applies.; No services were performed during the 15 month look back period.,,78,,,,,0,percent of total billed charges,78% of Billed Charges. Lesser of 100% of billed charges applies.; No services were performed during the 15 month look back period.,,78,,,,,0,percent of total billed charges,78% of Billed Charges. Lesser of 100% of billed charges applies.; No services were performed during the 15 month look back period.,,78,,,,,0,percent of total billed charges,78% of Billed Charges. Lesser of 100% of billed charges applies.; No services were performed during the 15 month look back period.,,78,,,,,0,percent of total billed charges,78% of Billed Charges. Lesser of 100% of billed charges applies.; No services were performed during the 15 month look back period.,8427,,,,,,,Case Rate,". Primary procedure pays at 100%, all subsequent at 50%.",8427,,,,,,,Case Rate,". Primary procedure pays at 100%, all subsequent at 50%.",8427,,,,,,,Case Rate,". Primary procedure pays at 100%, all subsequent at 50%.",8427,,,,,,,Case Rate,". Primary procedure pays at 100%, all subsequent at 50%.",12574,,,,,,,Case Rate,". Primary procedure pays at 100%, all subsequent at 50%.",12574,,,,,,,Case Rate,". Primary procedure pays at 100%, all subsequent at 50%.",114.69,,,,,,,Fee Schedule,"150 % 2018 Cigna RBRVS fee schedule. ",43.58,,,,,,,Fee Schedule,"238 % BCBS Standard HMO. ",64.51,,,,,,,Fee Schedule,"100 % 19 Q1 CMS RBRVS Pub 20181220. ",43.58,,,,,,,Fee Schedule,"238 % BCBS Standard HMO. ",,78,,,,,0,percent of total billed charges,78% of Billed Charges. Lesser of 100% of billed charges applies.; No services were performed during the 15 month look back period.,12574,,,,,,,Case Rate,". Primary procedure pays at 100%, all subsequent at 50%.",43.58,,,,,,,Fee Schedule,"238 % BCBS Standard HMO. ",64.51,,,,,,,Fee Schedule,"100 % 19 Q1 CMS RBRVS Pub 20181220. ",114.69,,,,,,,Fee Schedule,"150 % 2018 Cigna RBRVS fee schedule. ",,,,,,,,,"NA. ",,78,,,,,0,percent of total billed charges,78% of Billed Charges. Lesser of 100% of billed charges applies.; No services were performed during the 15 month look back period.,131.75,,,,,,,Case Rate,"100 Percent of Medicaid APG. ",8427,,,,,,,Case Rate,". Primary procedure pays at 100%, all subsequent at 50%.",131.75,,,,,,,Case Rate,"100 Percent of Medicaid APG. Not APG payable, or payable under another fee schedule like ASP/AWP pays at 30% of charges",,,,,,,,Other,"Not Payable. ",,,,,,,,Other,"Not Payable. ",25798,,,,,,,Case Rate,". MPL 100/75/50% all add ons apply, and lesser of 100% of billed charges",,,,,,,,Other,"Not Payable. ",,,,,,,,Other,"Not Payable. ",131.75,,,,,,,Case Rate,"100 Percent of Medicaid APG. ",,,,,,,,Other,"Not Payable. ",,,,,,,,Other,"Not Payable. ",195.96,,,,,,,Fee Schedule,"251.005507877546 % Medicare Physician FS TC Rates Only. ",195.96,,,,,,,Fee Schedule,"251.005507877546 % Medicare Physician FS TC Rates Only. ",,,,,,,,Other,"Not Payable. ",114.69,,,,,,,Fee Schedule,"150 % 2018 Cigna RBRVS fee schedule. ",64.51,,,,,,,Fee Schedule,"100 % 19 Q1 CMS RBRVS Pub 20181220. ",64.51,,,,,,,Fee Schedule,"100 % 19 Q1 CMS RBRVS Pub 20181220. ",,,,,,,,Other,"Not Payable. ",114.69,,,,,,,Fee Schedule,"150 % 2018 Cigna RBRVS fee schedule. ",195.96,,,,,,,Fee Schedule,"251.005507877546 % Medicare Physician FS TC Rates Only. ",195.96,,,,,,,Fee Schedule,"251.005507877546 % Medicare Physician FS TC Rates Only. ",195.96,,,,,,,Fee Schedule,"251.005507877546 % Medicare Physician FS TC Rates Only. ",,78,,,,,0,percent of total billed charges,78% of Billed Charges. Lesser of 100% of billed charges applies.; No services were performed during the 15 month look back period.,,78,,,,,0,percent of total billed charges,78% of Billed Charges. Lesser of 100% of billed charges applies.; No services were performed during the 15 month look back period.,,78,,,,,0,percent of total billed charges,78% of Billed Charges. Lesser of 100% of billed charges applies.; No services were performed during the 15 month look back period.,,78,,,,,0,percent of total billed charges,78% of Billed Charges. Lesser of 100% of billed charges applies.; No services were performed during the 15 month look back period.,,78,,,,,0,percent of total billed charges,78% of Billed Charges. Lesser of 100% of billed charges applies.; No services were performed during the 15 month look back period.,,78,,,,,0,percent of total billed charges,78% of Billed Charges. Lesser of 100% of billed charges applies.; No services were performed during the 15 month look back period.,,78,,,,,0,percent of total billed charges,78% of Billed Charges. Lesser of 100% of billed charges applies.; No services were performed during the 15 month look back period.,,78,,,,,0,percent of total billed charges,78% of Billed Charges. Lesser of 100% of billed charges applies.; No services were performed during the 15 month look back period.,,78,,,,,0,percent of total billed charges,78% of Billed Charges. Lesser of 100% of billed charges applies.; No services were performed during the 15 month look back period.,,78,,,,,0,percent of total billed charges,78% of Billed Charges. Lesser of 100% of billed charges applies.; No services were performed during the 15 month look back period.,,78,,,,,0,percent of total billed charges,78% of Billed Charges. Lesser of 100% of billed charges applies.; No services were performed during the 15 month look back period.,12574,,,,,,,Case Rate,". Primary procedure pays at 100%, all subsequent at 50%.",43.58,,,,,,,Fee Schedule,"238 % BCBS Standard HMO. ",114.69,,,,,,,Fee Schedule,"150 % 2018 Cigna RBRVS fee schedule. ",,,,,,,,Other,"Not Payable. ",195.96,,,,,,,Fee Schedule,"251.005507877546 % Medicare Physician FS TC Rates Only. ",114.69,,,,,,,Fee Schedule,"150 % 2018 Cigna RBRVS fee schedule. ",114.69,,,,,,,Fee Schedule,"150 % 2018 Cigna RBRVS fee schedule. ",,78,,,,,0,percent of total billed charges,78% of Billed Charges. Lesser of 100% of billed charges applies.; No services were performed during the 15 month look back period.,281.94,,,,,,,Case Rate,"141 Percent of current Medicare RBRVS FeeSched. ",114.69,,,,,,,Fee Schedule,"150 % 2018 Cigna RBRVS fee schedule. ",131.75,,,,,,,Case Rate,"100 Percent of Medicaid APG. ",,,,,,,,Other,"Not Payable. ",,,,,,,,Other,"Not Payable. ",,,,,,,,Other,"Not Payable. ",,,,,,,,Other,"Not Payable. ",,,,,,,,Other,"Not Payable. ",,,,,,,,Other,"Not Payable. ",114.69,,,,,,,Fee Schedule,"150 % 2018 Cigna RBRVS fee schedule. ",25798,,,,,,,Case Rate,". MPL 100/75/50% all add ons apply, and lesser of 100% of billed charges",,1,,,,,0,percent of total billed charges,NA. ; No services were performed during the 15 month look back period.,,1,,,,,0,percent of total billed charges,NA. ; No services were performed during the 15 month look back period.,,1,,,,,0,percent of total billed charges,NA. ; No services were performed during the 15 month look back period.,,1,,,,,0,percent of total billed charges,NA. ; No services were performed during the 15 month look back period.,,1,,,,,0,percent of total billed charges,NA. ; No services were performed during the 15 month look back period.,,,,,,,,,"NA. ",25798,,,,,,,Case Rate,". MPL 100/75/50% all add ons apply, and lesser of 100% of billed charges",,,,,,,,Fee Schedule,"Not Payable. ",,,,,,,,Fee Schedule,"Not Payable. ",,,,,,,,Fee Schedule,"Not Payable. ",,,,,,,,Fee Schedule,"Not Payable. ",,,,,,,,Fee Schedule,"Not Payable. ",,,,,,,,Other,"Not Payable. ",12574,,,,,,,Case Rate,". Primary procedure pays at 100%, all subsequent at 50%.",12574,,,,,,,Case Rate,". Primary procedure pays at 100%, all subsequent at 50%.",12574,,,,,,,Case Rate,". Primary procedure pays at 100%, all subsequent at 50%.",12574,,,,,,,Case Rate,". Primary procedure pays at 100%, all subsequent at 50%.",195.96,,,,,,,Fee Schedule,"251.005507877546 % Medicare Physician FS TC Rates Only. ",195.96,,,,,,,Fee Schedule,"251.005507877546 % Medicare Physician FS TC Rates Only. ",195.96,,,,,,,Fee Schedule,"251.005507877546 % Medicare Physician FS TC Rates Only. ",195.96,,,,,,,Fee Schedule,"251.005507877546 % Medicare Physician FS TC Rates Only. ",25798,,,,,,,Case Rate,". MPL 100/75/50% all add ons apply, and lesser of 100% of billed charges",25798,,,,,,,Case Rate,". MPL 100/75/50% all add ons apply, and lesser of 100% of billed charges",,,,,,,,Other,"Not Payable. ",,,,,,,,Other,"Not Payable. ",,,,,,,,Other,"Not Payable. ",43.58,,,,,,,Fee Schedule,"238 % BCBS Standard HMO. ",43.58,,,,,,,Fee Schedule,"238 % BCBS Standard HMO. ",43.58,,,,,,,Fee Schedule,"238 % BCBS Standard HMO. ",25798,,,,,,,Case Rate,". MPL 100/75/50% all add ons apply, and lesser of 100% of billed charges",195.96,,,,,,,Fee Schedule,"251.005507877546 % Medicare Physician FS TC Rates Only. ",,,,,,,,Other,"Not Payable. ",43.58,,,,,,,Fee Schedule,"238 % BCBS Standard HMO. ",131.75,,,,,,,Case Rate,"100 Percent of Medicaid APG. ",,,,,,,,Other,"Not Payable. ",,,,,,,,Other,"Not Payable. ",,,,,,,,Other,"Not Payable. ",72.32,,,,,,,Fee schedule,"90 Percent of Medicare RBRVS. ",296.44,,,,,,,Fee Schedule,225% of NYS APG. Lesser of 100% of billed charges applies.,296.44,,,,,,,Fee Schedule,225% of NYS APG. Lesser of 100% of billed charges applies.,296.44,,,,,,,Fee Schedule,225% of NYS APG. Lesser of 100% of billed charges applies.,296.44,,,,,,,Fee Schedule,225% of NYS APG. Lesser of 100% of billed charges applies.,296.44,,,,,,,Fee Schedule,225% of NYS APG. Lesser of 100% of billed charges applies.,,,,,,,,Other,"Not Payable. ",131.75,,,,,,,Case Rate,"100 Percent of Medicaid APG. ",25.62,,,,,,,Fee Schedule,100% Medicaid Fee Schedule. Lesser of 100% of billed charges applies.,296.44,,,,,,,Fee Schedule,225% of NYS APG. Lesser of 100% of billed charges applies.,296.44,,,,,,,Fee Schedule,225% of NYS APG. Lesser of 100% of billed charges applies.,25.62,,,,,,,Fee Schedule,100% Medicaid Fee Schedule. Lesser of 100% of billed charges applies.,25.62,,,,,,,Fee Schedule,100% Medicaid Fee Schedule. Lesser of 100% of billed charges applies.,,1,,,,,0,percent of total billed charges,NA. ; No services were performed during the 15 month look back period.,,,,,,,,Other,"Not Payable. ",,,,,,,,Other,"Not Payable. ",195.96,,,,,,,Fee Schedule,"251.005507877546 % Medicare Physician FS TC Rates Only. ",,,,,,,,Other,"Not Payable. ",296.44,,,,,,,Fee Schedule,"225 Percent of Medicaid APG. ",296.44,,,,,,,Fee Schedule,"225 Percent of Medicaid APG. ",72.32,,,,,,,Fee schedule,"90 Percent of Medicare RBRVS. ",72.32,,,,,,,Fee schedule,"90 Percent of Medicare RBRVS. ",,,,,,,,Case Rate,Not Payable. Covered services not payable under Medicaid Fee Schedules default to a payment of 87.5 percent of charges.,,1,,,,,0,percent of total billed charges,NA. Covered services not payable under Medicaid Fee Schedules default to a payment of 50 percent of charges.; No services were performed during the 15 month look back period.,296.44,,,,,,,Case Rate,"100 Percent of Medicaid APG. ",296.44,,,,,,,Case Rate,"100 Percent of Medicaid APG. ",296.44,,,,,,,Case Rate,"100 Percent of Medicaid APG. ",296.44,,,,,,,Case Rate,"100 Percent of Medicaid APG. ",13453,,,,,,,Case Rate,". MPL 100/75/50% all add ons apply, and lesser of 100% of billed charges",25798,,,,,,,Case Rate,". MPL 100/75/50% all add ons apply, and lesser of 100% of billed charges",158.1,,,,,,,Case Rate,"120 Percent of Medicaid APG. Not APG payable, or payable under another fee schedule like ASP/AWP pays at 30% of charges",158.1,,,,,,,Case Rate,"120 Percent of Medicaid APG. Not APG payable, or payable under another fee schedule like ASP/AWP pays at 30% of charges",131.75,,,,,,,Case Rate,"100 Percent of Medicaid APG. Not APG payable, or payable under another fee schedule like ASP/AWP pays at 30% of charges",131.75,,,,,,,Case Rate,"100 Percent of Medicaid APG. Not APG payable, or payable under another fee schedule like ASP/AWP pays at 30% of charges",43.58,,,,,,,Fee Schedule,"238 % BCBS Standard HMO. ",43.58,,,,,,,Fee Schedule,"238 % BCBS Standard HMO. ",,,,,,,,Other,"Not Payable. ",43.58,,,,,,,Fee Schedule,"238 % BCBS Standard HMO. ",43.58,,,,,,,Fee Schedule,"238 % BCBS Standard HMO. ",43.58,,,,,,,Fee Schedule,"238 % BCBS Standard HMO. ",43.58,,,,,,,Fee Schedule,"238 % BCBS Standard HMO. ",,,,,,,,Other,"Not Payable. ",43.58,,,,,,,Fee Schedule,"238 % BCBS Standard HMO. ",43.58,,,,,,,Fee Schedule,"238 % BCBS Standard HMO. ",195.96,,,,,,,Fee Schedule,"251.005507877546 % Medicare Physician FS TC Rates Only. ",144.92,,,,,,,Fee Schedule,110% of APG. Lesser of 100% of billed charges applies.,,1,,,,,0,percent of total billed charges,NA. Covered services not payable under Medicaid Fee Schedules default to a payment of 50 percent of charges.; No services were performed during the 15 month look back period.,296.44,,,,,,,Fee Schedule,225% of NYS APG. Lesser of 100% of billed charges applies.,,,,,,,,Case Rate,Not Payable. Covered services not payable under Medicaid Fee Schedules default to a payment of 87.5 percent of charges.,,1,,,,,0,percent of total billed charges,NA. Covered services not payable under Medicaid Fee Schedules default to a payment of 50 percent of charges.; No services were performed during the 15 month look back period.,296.44,,,,,,,Fee Schedule,225% of NYS APG. Lesser of 100% of billed charges applies.,296.44,,,,,,,Fee Schedule,225% of NYS APG. Lesser of 100% of billed charges applies.,296.44,,,,,,,Fee Schedule,225% of NYS APG. Lesser of 100% of billed charges applies.,296.44,,,,,,,Fee Schedule,225% of NYS APG. Lesser of 100% of billed charges applies.,296.44,,,,,,,Fee Schedule,225% of NYS APG. Lesser of 100% of billed charges applies.,296.44,,,,,,,Fee Schedule,225% of NYS APG. Lesser of 100% of billed charges applies.,,,,,,,,,"NA. ",,,,,,,,,"NA. ",,,,,,,,,"NA. ",114.69,,,,,,,Fee Schedule,"150 % 2018 Cigna RBRVS fee schedule. ",,,,,,,,,"NA. ",,,,,,,,Other,"Not Payable. ",54,,,,,,,Fee Schedule,"100 % 1199 Fee Schedule. ",,,,,,,,Other,"Not Payable. ",,,,,,,,Other,"Not Payable. ",158.1,,,,,,,Case Rate,"120 Percent of Medicaid APG. Not APG payable, or payable under another fee schedule like ASP/AWP pays at 30% of charges",158.1,,,,,,,Case Rate,"120 Percent of Medicaid APG. Not APG payable, or payable under another fee schedule like ASP/AWP pays at 30% of charges",131.75,,,,,,,Case Rate,"100 Percent of Medicaid APG. Not APG payable, or payable under another fee schedule like ASP/AWP pays at 30% of charges",131.75,,,,,,,Case Rate,"100 Percent of Medicaid APG. Not APG payable, or payable under another fee schedule like ASP/AWP pays at 30% of charges",131.75,,,,,,,Case Rate,"100 Percent of Medicaid APG. ",7163,,,,,,,Case Rate,". ",195.96,,,,,,,Fee Schedule,"251.005507877546 % Medicare Physician FS TC Rates Only. ",8427,,,,,,,Case Rate,". Primary procedure pays at 100%, all subsequent at 50%.",114.69,,,,,,,Fee Schedule,"150 % 2018 Cigna RBRVS fee schedule. ",,,,,,,,Other,"Not Payable. ",,,,,,,,Other,"Not Payable. ",,,,,,,,Other,"Not Payable. ",,,,,,,,Other,"Not Payable. ",,,,,,,,Other,"Not Payable. ",,,,,,,,Other,"Not Payable. ",,,,,,,,,"NA. ",296.44,,,,,,,Fee Schedule,225% of NYS APG. Lesser of 100% of billed charges applies.,25.62,,,,,,,Fee Schedule,100% Medicaid Fee Schedule. Lesser of 100% of billed charges applies.,43.58,,,,,,,Fee Schedule,"238 % BCBS Standard HMO. ",7163,,,,,,,Case Rate,". ",7163,,,,,,,Case Rate,". ",7163,,,,,,,Case Rate,". ",7163,,,,,,,Case Rate,". ",,,,,,,,Other,"Not Payable. ",131.75,,,,,,,Case Rate,"100 Percent of Medicaid APG. ",43.58,,,,,,,Fee Schedule,"238 % BCBS Standard HMO. ",131.75,,,,,,,Case Rate,"100 Percent of Medicaid APG. ",,,,,,,,Other,"Not Payable. ",131.75,,,,,,,Case Rate,"100 Percent of Medicaid APG. ",,,,,,,,Other,"Not Payable. ",,,,,,,,Other,"Not Payable. ",131.75,,,,,,,Case Rate,"100 Percent of Medicaid APG. ",131.75,,,,,,,Case Rate,"100 Percent of Medicaid APG. ",7163,,,,,,,Case Rate,". ",114.69,,,,,,,Fee Schedule,"150 % 2018 Cigna RBRVS fee schedule. ",,78,,,,,0,percent of total billed charges,78% of Billed Charges. Lesser of 100% of billed charges applies.; No services were performed during the 15 month look back period.,64.51,,,,,,,Fee Schedule,"100 % 19 Q1 CMS RBRVS Pub 20181220. ",64.51,,,,,,,Fee Schedule,"100 % 19 Q1 CMS RBRVS Pub 20181220. ",195.96,,,,,,,Fee Schedule,"251.005507877546 % Medicare Physician FS TC Rates Only. ",105.18,,,,,,,Other,"Not Payable. ",12574,,,,,,,Case Rate,". Primary procedure pays at 100%, all subsequent at 50%.",12574,,,,,,,Case Rate,". Primary procedure pays at 100%, all subsequent at 50%.",34.86,,,,,,,Fee Schedule,"190.4 % BCBS Standard HMO. ",34.86,,,,,,,Fee Schedule,"190.4 % BCBS Standard HMO. ",,,,,,,,Other,"Not Payable. ",,,,,,,,Other,"Not Payable. ",,,,,,,,Other,"Not Payable. ",,,,,,,,Other,"Not Payable. ",64.51,,,,,,,Fee Schedule,"100 % 19 Q1 CMS RBRVS Pub 20181220. ",43.58,,,,,,,Fee Schedule,"238 % BCBS Standard HMO. ",43.58,,,,,,,Fee Schedule,"238 % BCBS Standard HMO. ",,,,,,,,Other,"Not Payable. ",34.86,,,,,,,Fee Schedule,"190.4 % BCBS Standard HMO. ",8427,,,,,,,Case Rate,". Primary procedure pays at 100%, all subsequent at 50%.",158.1,,,,,,,Fee Schedule,"120 Percent of Medicaid APG. ",131.75,,,,,,,Case Rate,"100 Percent of Medicaid APG. ",7163,,,,,,,Case Rate,". ",39.22,,,,,,,Fee Schedule,"214.2 % BCBS Standard HMO. ",39.22,,,,,,,Fee Schedule,"214.2 % BCBS Standard HMO. ",43.58,,,,,,,Fee Schedule,"238 % BCBS Standard HMO. ",14948,,,,,,,Case Rate,". MPL 100/75/50% all add ons apply, and lesser of 100% of billed charges",,,,,,,,Other,"Not Payable. ",138.34,,,,,,,Fee Schedule,105 percent of Medicaid APG. otherwise 105% of Ordered NYS MCD FS or 105% of ASP+6%,138.34,,,,,,,Fee Schedule,105 percent of Medicaid APG. otherwise 105% of Ordered NYS MCD FS or 105% of ASP+6%,138.34,,,,,,,Fee Schedule,105 percent of Medicaid APG. otherwise 105% of Ordered NYS MCD FS or 105% of ASP+6%,177.86,,,,,,,Fee Schedule,135 percent of Medicaid APG. otherwise 135% of Ordered NYS MCD FS or 135% of ASP+6%,64.51,,,,,,,Fee Schedule,"100 % 19 Q1 CMS RBRVS Pub 20181220. ",138.34,,,,,,,Fee Schedule,105 percent of Medicaid APG. otherwise 105% of Ordered NYS MCD FS or 105% of ASP+6%,138.34,,,,,,,Fee Schedule,105 percent of Medicaid APG. otherwise 105% of Ordered NYS MCD FS or 105% of ASP+6%,138.34,,,,,,,Fee Schedule,105 percent of Medicaid APG. otherwise 105% of Ordered NYS MCD FS or 105% of ASP+6%,138.34,,,,,,,Fee Schedule,105 percent of Medicaid APG. otherwise 105% of Ordered NYS MCD FS or 105% of ASP+6%,138.34,,,,,,,Fee Schedule,105 percent of Medicaid APG. otherwise 105% of Ordered NYS MCD FS or 105% of ASP+6%,177.86,,,,,,,Fee Schedule,135 percent of Medicaid APG. otherwise 135% of Ordered NYS MCD FS or 135% of ASP+6%,177.86,,,,,,,Fee Schedule,135 percent of Medicaid APG. otherwise 135% of Ordered NYS MCD FS or 135% of ASP+6%,,,,,,,,Other,"Not Payable. ",64.51,,,,,,,Fee Schedule,"100 % 19 Q1 CMS RBRVS Pub 20181220. ",,,,,,,,Other,"Not Payable. ",138.34,,,,,,,Fee Schedule,105 percent of Medicaid APG. otherwise 105% of Ordered NYS MCD FS or 105% of ASP+6%,43.58,,,,,,,Fee Schedule,"238 % BCBS Standard HMO. ",,,,,,,,Other,"Not Payable. ",43.58,,,,,,,Fee Schedule,"238 % BCBS Standard HMO. ",43.58,,,,,,,Fee Schedule,"238 % BCBS Standard HMO. ",43.58,,,,,,,Fee Schedule,"238 % BCBS Standard HMO. ",138.34,,,,,,,Fee Schedule,105 percent of Medicaid APG. otherwise 105% of Ordered NYS MCD FS or 105% of ASP+6%,,,,,,,,Other,"Not Payable. ",43.58,,,,,,,Fee Schedule,"238 % BCBS Standard HMO. ",177.86,,,,,,,Fee Schedule,135 percent of Medicaid APG. otherwise 135% of Ordered NYS MCD FS or 135% of ASP+6%,43.58,,,,,,,Fee Schedule,"238 % BCBS Standard HMO. ",,,,,,,,Other,"Not Payable. ",,,,,,,,Other,"Not Payable. ",7163,,,,,,,Case Rate,". ",7163,,,,,,,Case Rate,". ",7163,,,,,,,Case Rate,". ",7163,,,,,,,Case Rate,". ",7163,,,,,,,Case Rate,". ",8427,,,,,,,Case Rate,". Primary procedure pays at 100%, all subsequent at 50%.",8427,,,,,,,Case Rate,". Primary procedure pays at 100%, all subsequent at 50%.",7163,,,,,,,Case Rate,". ",7163,,,,,,,Case Rate,". ",7163,,,,,,,Case Rate,". ",7163,,,,,,,Case Rate,". ",7163,,,,,,,Case Rate,". ",,,,,,,,Other,"Not Payable. ",8427,,,,,,,Case Rate,". Primary procedure pays at 100%, all subsequent at 50%.",,,,,,,,Other,"Not Payable. ",296.44,,,,,,,Case Rate,"225 Percent of Medicaid APG. If not included in Medicaid APG, then 100 Percent of Manhattan Medicare",131.75,,,,,,,Case Rate,"100 Percent of Medicaid APG. If not priced under APG, then Metroplus FeeSched",64.51,,,,,,,Fee Schedule,"100 % 19 Q1 CMS RBRVS Pub 20181220. ",64.51,,,,,,,Fee Schedule,"100 % 19 Q1 CMS RBRVS Pub 20181220. ",,,,,,,,Other,"Not Payable. ",12574,,,,,,,Case Rate,". Primary procedure pays at 100%, all subsequent at 50%.",,,,,,,,Other,"Not Payable. ",,,,,,,,Other,"Not Payable. ",195.96,,,,,,,Fee Schedule,"251.005507877546 % Medicare Physician FS TC Rates Only. ",,,,,,,,Other,"Not Payable. ",114.69,,,,,,,Fee Schedule,"150 % 2018 Cigna RBRVS fee schedule. ",,,,,,,,Other,"Not Payable. ",114.69,,,,,,,Fee Schedule,"150 % 2018 Cigna RBRVS fee schedule. ",195.96,,,,,,,Fee Schedule,"251.005507877546 % Medicare Physician FS TC Rates Only. ",114.69,,,,,,,Fee Schedule,"150 % 2018 Cigna RBRVS fee schedule. ",,,,,,,,Other,"Not Payable. ",131.75,,,,,,,Case Rate,"100 Percent of Medicaid APG. ",,,,,,,,Other,"Not Payable. ",114.69,,,,,,,Fee Schedule,"150 % 2018 Cigna RBRVS fee schedule. ",64.51,,,,,,,Fee Schedule,"100 % 19 Q1 CMS RBRVS Pub 20181220. ",131.75,,,,,,,Case Rate,"100 Percent of Medicaid APG. ",43.58,,,,,,,Fee Schedule,"238 % BCBS Standard HMO. ",158.1,,,,,,,Fee Schedule,"120 Percent of Medicaid APG. ",158.1,,,,,,,Fee Schedule,"120 Percent of Medicaid APG. ",43.58,,,,,,,Fee Schedule,"238 % BCBS Standard HMO. ",43.58,,,,,,,Fee Schedule,"238 % BCBS Standard HMO. ",43.58,,,,,,,Fee Schedule,"238 % BCBS Standard HMO. ",64.51,,,,,,,Fee Schedule,"100 % 19 Q1 CMS RBRVS Pub 20181220. ",43.58,,,,,,,Fee Schedule,"238 % BCBS Standard HMO. ",43.58,,,,,,,Fee Schedule,"238 % BCBS Standard HMO. ",43.58,,,,,,,Fee Schedule,"238 % BCBS Standard HMO. ",7163,,,,,,,Case Rate,". ",7163,,,,,,,Case Rate,". ",,,,,,,,Fee Schedule,"Not Payable. ",131.75,,,,,,,Case Rate,"100 Percent of Medicaid APG. ",64.51,,,,,,,Fee Schedule,"100 % 19 Q1 CMS RBRVS Pub 20181220. ",114.69,,,,,,,Fee Schedule,"150 % 2018 Cigna RBRVS fee schedule. ",195.96,,,,,,,Fee Schedule,"251.005507877546 % Medicare Physician FS TC Rates Only. ",64.51,,,,,,,Fee Schedule,"100 % 19 Q1 CMS RBRVS Pub 20181220. ",195.96,,,,,,,Fee Schedule,"251.005507877546 % Medicare Physician FS TC Rates Only. ",64.51,,,,,,,Fee Schedule,"100 % 19 Q1 CMS RBRVS Pub 20181220. ",43.58,,,,,,,Fee Schedule,"238 % BCBS Standard HMO. ",43.58,,,,,,,Fee Schedule,"238 % BCBS Standard HMO. ",43.58,,,,,,,Fee Schedule,"238 % BCBS Standard HMO. ",43.58,,,,,,,Fee Schedule,"238 % BCBS Standard HMO. ",,,,,,,,Other,"Not Payable. ",25.62,25798,
88341,CPT,2025120,LOCAL,310,RC,HC IMMUNOHISTO ANTIBODY ADDL SLIDE,343.79,65.3201,both,,,,54,,,,,,,Fee Schedule,"100 % 1199 Fee Schedule. ",54,,,,,,,Fee Schedule,"100 % 1199 Fee Schedule. ",195.96,,,,,,,Fee Schedule,"251.005507877546 % Medicare Physician FS TC Rates Only. ",343.79,100,,,,,0,percent of total billed charges,100 percent of billed charges. ; No services were performed during the 15 month look back period.,,,,,,,,Other,"Not Payable. ",195.96,,,,,,,Fee Schedule,"251.005507877546 % Medicare Physician FS TC Rates Only. ",195.96,,,,,,,Fee Schedule,"251.005507877546 % Medicare Physician FS TC Rates Only. ",195.96,,,,,,,Fee Schedule,"251.005507877546 % Medicare Physician FS TC Rates Only. ",158.1,,,,,,,Case Rate,"100 Percent of Medicaid APG. ",131.75,,,,,,,Case Rate,"100 Percent of Medicaid APG. ",268.1562,78,,,,,0,percent of total billed charges,78% of Billed Charges. Lesser of 100% of billed charges applies.; No services were performed during the 15 month look back period.,64.51,,,,,,,Fee Schedule,"100 % 19 Q1 CMS RBRVS Pub 20181220. ",131.75,,,,,,,Case Rate,"100 Percent of Medicaid APG. ",,,,,,,,Other,"Not Payable. ",114.69,,,,,,,Fee Schedule,"150 % 2018 Cigna RBRVS fee schedule. ",114.69,,,,,,,Fee Schedule,"150 % 2018 Cigna RBRVS fee schedule. ",114.69,,,,,,,Fee Schedule,"150 % 2018 Cigna RBRVS fee schedule. ",114.69,,,,,,,Fee Schedule,"150 % 2018 Cigna RBRVS fee schedule. ",3.4379,1,,687.58,40.36,2750.32,1 through 10,percent of total billed charges,NA. Covered services not payable under Medicaid Fee Schedules default to a payment of 50 percent of charges.,,,,,,,,Other,"Not Payable. ",3.4379,1,,687.58,343.79,2062.74,363,percent of total billed charges,NA. Covered services not payable under Medicaid Fee Schedules default to a payment of 50 percent of charges.,268.1562,78,,,,,0,percent of total billed charges,78% of Billed Charges. Lesser of 100% of billed charges applies.; No services were performed during the 15 month look back period.,195.96,,,,,,,Fee Schedule,"251.005507877546 % Medicare Physician FS TC Rates Only. ",,,,,,,,Other,"Not Payable. ",8427,,,,,,,Case Rate,". Primary procedure pays at 100%, all subsequent at 50%.",,,,,,,,Other,"Not Payable. ",,,,,,,,Other,"Not Payable. ",268.1562,78,,,,,0,percent of total billed charges,78% of Billed Charges. Lesser of 100% of billed charges applies.; No services were performed during the 15 month look back period.,25.62,,,,,,,Fee Schedule,100% Medicaid Fee Schedule. Lesser of 100% of billed charges applies.,25.62,,,,,,,Fee Schedule,100% Medicaid Fee Schedule. Lesser of 100% of billed charges applies.,72.32,,,,,,,Fee schedule,"90 Percent of Medicare RBRVS. ",72.32,,,,,,,Fee schedule,"90 Percent of Medicare RBRVS. ",8427,,,,,,,Case Rate,". Primary procedure pays at 100%, all subsequent at 50%.",8427,,,,,,,Case Rate,". Primary procedure pays at 100%, all subsequent at 50%.",131.75,,,,,,,Case Rate,"100 Percent of Medicaid APG. Not APG payable, or payable under another fee schedule like ASP/AWP pays at 30% of charges",8427,,,,,,,Case Rate,". Primary procedure pays at 100%, all subsequent at 50%.",131.75,,,,,,,Case Rate,"100 Percent of Medicaid APG. Not APG payable, or payable under another fee schedule like ASP/AWP pays at 30% of charges",,,,,,,,Other,"Not Payable. ",8427,,,,,,,Case Rate,". Primary procedure pays at 100%, all subsequent at 50%.",268.1562,78,,,,,0,percent of total billed charges,78% of Billed Charges. Lesser of 100% of billed charges applies.; No services were performed during the 15 month look back period.,131.75,,,,,,,Case Rate,"100 Percent of Medicaid APG. If not priced under APG, then Metroplus FeeSched",131.75,,,,,,,Case Rate,"100 Percent of Medicaid APG. If not priced under APG, then Metroplus FeeSched",268.1562,78,,,,,0,percent of total billed charges,78% of Billed Charges. Lesser of 100% of billed charges applies.; No services were performed during the 15 month look back period.,114.69,,,,,,,Fee Schedule,"150 % 2018 Cigna RBRVS fee schedule. ",64.51,,,,,,,Fee Schedule,"100 % 19 Q1 CMS RBRVS Pub 20181220. ",64.51,,,,,,,Fee Schedule,"100 % 19 Q1 CMS RBRVS Pub 20181220. ",268.1562,78,,,,,0,percent of total billed charges,78% of Billed Charges. Lesser of 100% of billed charges applies.; No services were performed during the 15 month look back period.,,,,,,,,Other,"Not Payable. ",64.51,,,,,,,Fee Schedule,"100 % 19 Q1 CMS RBRVS Pub 20181220. ",64.51,,,,,,,Fee Schedule,"100 % 19 Q1 CMS RBRVS Pub 20181220. ",64.51,,,,,,,Fee Schedule,"100 % 19 Q1 CMS RBRVS Pub 20181220. ",,,,,,,,Other,"Not Payable. ",64.51,,,,,,,Fee Schedule,"100 % 19 Q1 CMS RBRVS Pub 20181220. ",64.51,,,,,,,Fee Schedule,"100 % 19 Q1 CMS RBRVS Pub 20181220. ",,,,,,,,Other,"Not Payable. ",25798,,,,,,,Case Rate,". MPL 100/75/50% all add ons apply, and lesser of 100% of billed charges",43.58,,,,,,,Fee Schedule,"238 % BCBS Standard HMO. ",43.58,,,,,,,Fee Schedule,"238 % BCBS Standard HMO. ",43.58,,,,,,,Fee Schedule,"238 % BCBS Standard HMO. ",43.58,,,,,,,Fee Schedule,"238 % BCBS Standard HMO. ",43.58,,,,,,,Fee Schedule,"238 % BCBS Standard HMO. ",43.58,,,,,,,Fee Schedule,"238 % BCBS Standard HMO. ",,,,,,,,Other,"Not Payable. ",,,,,,,,Other,"Not Payable. ",43.58,,,,,,,Fee Schedule,"238 % BCBS Standard HMO. ",268.1562,78,,,,,0,percent of total billed charges,78% of Billed Charges. Lesser of 100% of billed charges applies.; No services were performed during the 15 month look back period.,268.1562,78,,,,,0,percent of total billed charges,78% of Billed Charges. Lesser of 100% of billed charges applies.; No services were performed during the 15 month look back period.,268.1562,78,,,,,0,percent of total billed charges,78% of Billed Charges. Lesser of 100% of billed charges applies.; No services were performed during the 15 month look back period.,268.1562,78,,,,,0,percent of total billed charges,78% of Billed Charges. Lesser of 100% of billed charges applies.; No services were performed during the 15 month look back period.,268.1562,78,,,,,0,percent of total billed charges,78% of Billed Charges. Lesser of 100% of billed charges applies.; No services were performed during the 15 month look back period.,268.1562,78,,343.79,343.79,343.79,1 through 10,percent of total billed charges,78% of Billed Charges. Lesser of 100% of billed charges applies.,268.1562,78,,,,,0,percent of total billed charges,78% of Billed Charges. Lesser of 100% of billed charges applies.; No services were performed during the 15 month look back period.,268.1562,78,,,,,0,percent of total billed charges,78% of Billed Charges. Lesser of 100% of billed charges applies.; No services were performed during the 15 month look back period.,268.1562,78,,,,,0,percent of total billed charges,78% of Billed Charges. Lesser of 100% of billed charges applies.; No services were performed during the 15 month look back period.,268.1562,78,,,,,0,percent of total billed charges,78% of Billed Charges. Lesser of 100% of billed charges applies.; No services were performed during the 15 month look back period.,268.1562,78,,,,,0,percent of total billed charges,78% of Billed Charges. Lesser of 100% of billed charges applies.; No services were performed during the 15 month look back period.,268.1562,78,,,,,0,percent of total billed charges,78% of Billed Charges. Lesser of 100% of billed charges applies.; No services were performed during the 15 month look back period.,268.1562,78,,,,,0,percent of total billed charges,78% of Billed Charges. Lesser of 100% of billed charges applies.; No services were performed during the 15 month look back period.,268.1562,78,,,,,0,percent of total billed charges,78% of Billed Charges. Lesser of 100% of billed charges applies.; No services were performed during the 15 month look back period.,268.1562,78,,,,,0,percent of total billed charges,78% of Billed Charges. Lesser of 100% of billed charges applies.; No services were performed during the 15 month look back period.,268.1562,78,,,,,0,percent of total billed charges,78% of Billed Charges. Lesser of 100% of billed charges applies.; No services were performed during the 15 month look back period.,268.1562,78,,,,,0,percent of total billed charges,78% of Billed Charges. Lesser of 100% of billed charges applies.; No services were performed during the 15 month look back period.,268.1562,78,,,,,0,percent of total billed charges,78% of Billed Charges. Lesser of 100% of billed charges applies.; No services were performed during the 15 month look back period.,268.1562,78,,,,,0,percent of total billed charges,78% of Billed Charges. Lesser of 100% of billed charges applies.; No services were performed during the 15 month look back period.,268.1562,78,,,,,0,percent of total billed charges,78% of Billed Charges. Lesser of 100% of billed charges applies.; No services were performed during the 15 month look back period.,268.1562,78,,,,,0,percent of total billed charges,78% of Billed Charges. Lesser of 100% of billed charges applies.; No services were performed during the 15 month look back period.,268.1562,78,,,,,0,percent of total billed charges,78% of Billed Charges. Lesser of 100% of billed charges applies.; No services were performed during the 15 month look back period.,268.1562,78,,,,,0,percent of total billed charges,78% of Billed Charges. Lesser of 100% of billed charges applies.; No services were performed during the 15 month look back period.,268.1562,78,,,,,0,percent of total billed charges,78% of Billed Charges. Lesser of 100% of billed charges applies.; No services were performed during the 15 month look back period.,268.1562,78,,,,,0,percent of total billed charges,78% of Billed Charges. Lesser of 100% of billed charges applies.; No services were performed during the 15 month look back period.,268.1562,78,,,,,0,percent of total billed charges,78% of Billed Charges. Lesser of 100% of billed charges applies.; No services were performed during the 15 month look back period.,8427,,,,,,,Case Rate,". Primary procedure pays at 100%, all subsequent at 50%.",8427,,,,,,,Case Rate,". Primary procedure pays at 100%, all subsequent at 50%.",8427,,,,,,,Case Rate,". Primary procedure pays at 100%, all subsequent at 50%.",8427,,,,,,,Case Rate,". Primary procedure pays at 100%, all subsequent at 50%.",12574,,,,,,,Case Rate,". Primary procedure pays at 100%, all subsequent at 50%.",12574,,,,,,,Case Rate,". Primary procedure pays at 100%, all subsequent at 50%.",114.69,,,,,,,Fee Schedule,"150 % 2018 Cigna RBRVS fee schedule. ",43.58,,,,,,,Fee Schedule,"238 % BCBS Standard HMO. ",64.51,,,,,,,Fee Schedule,"100 % 19 Q1 CMS RBRVS Pub 20181220. ",43.58,,,,,,,Fee Schedule,"238 % BCBS Standard HMO. ",268.1562,78,,,,,0,percent of total billed charges,78% of Billed Charges. Lesser of 100% of billed charges applies.; No services were performed during the 15 month look back period.,12574,,,,,,,Case Rate,". Primary procedure pays at 100%, all subsequent at 50%.",43.58,,,,,,,Fee Schedule,"238 % BCBS Standard HMO. ",64.51,,,,,,,Fee Schedule,"100 % 19 Q1 CMS RBRVS Pub 20181220. ",114.69,,,,,,,Fee Schedule,"150 % 2018 Cigna RBRVS fee schedule. ",,,,,,,,,"NA. ",268.1562,78,,,,,0,percent of total billed charges,78% of Billed Charges. Lesser of 100% of billed charges applies.; No services were performed during the 15 month look back period.,131.75,,,,,,,Case Rate,"100 Percent of Medicaid APG. ",8427,,,,,,,Case Rate,". Primary procedure pays at 100%, all subsequent at 50%.",131.75,,,,,,,Case Rate,"100 Percent of Medicaid APG. Not APG payable, or payable under another fee schedule like ASP/AWP pays at 30% of charges",,,,,,,,Other,"Not Payable. ",,,,,,,,Other,"Not Payable. ",25798,,,,,,,Case Rate,". MPL 100/75/50% all add ons apply, and lesser of 100% of billed charges",,,,,,,,Other,"Not Payable. ",,,,,,,,Other,"Not Payable. ",131.75,,,,,,,Case Rate,"100 Percent of Medicaid APG. ",,,,,,,,Other,"Not Payable. ",,,,,,,,Other,"Not Payable. ",195.96,,,,,,,Fee Schedule,"251.005507877546 % Medicare Physician FS TC Rates Only. ",195.96,,,,,,,Fee Schedule,"251.005507877546 % Medicare Physician FS TC Rates Only. ",,,,,,,,Other,"Not Payable. ",114.69,,,,,,,Fee Schedule,"150 % 2018 Cigna RBRVS fee schedule. ",64.51,,,,,,,Fee Schedule,"100 % 19 Q1 CMS RBRVS Pub 20181220. ",64.51,,,,,,,Fee Schedule,"100 % 19 Q1 CMS RBRVS Pub 20181220. ",,,,,,,,Other,"Not Payable. ",114.69,,,,,,,Fee Schedule,"150 % 2018 Cigna RBRVS fee schedule. ",195.96,,,,,,,Fee Schedule,"251.005507877546 % Medicare Physician FS TC Rates Only. ",195.96,,,,,,,Fee Schedule,"251.005507877546 % Medicare Physician FS TC Rates Only. ",195.96,,,,,,,Fee Schedule,"251.005507877546 % Medicare Physician FS TC Rates Only. ",268.1562,78,,,,,0,percent of total billed charges,78% of Billed Charges. Lesser of 100% of billed charges applies.; No services were performed during the 15 month look back period.,268.1562,78,,,,,0,percent of total billed charges,78% of Billed Charges. Lesser of 100% of billed charges applies.; No services were performed during the 15 month look back period.,268.1562,78,,,,,0,percent of total billed charges,78% of Billed Charges. Lesser of 100% of billed charges applies.; No services were performed during the 15 month look back period.,268.1562,78,,,,,0,percent of total billed charges,78% of Billed Charges. Lesser of 100% of billed charges applies.; No services were performed during the 15 month look back period.,268.1562,78,,,,,0,percent of total billed charges,78% of Billed Charges. Lesser of 100% of billed charges applies.; No services were performed during the 15 month look back period.,268.1562,78,,,,,0,percent of total billed charges,78% of Billed Charges. Lesser of 100% of billed charges applies.; No services were performed during the 15 month look back period.,268.1562,78,,,,,0,percent of total billed charges,78% of Billed Charges. Lesser of 100% of billed charges applies.; No services were performed during the 15 month look back period.,268.1562,78,,,,,0,percent of total billed charges,78% of Billed Charges. Lesser of 100% of billed charges applies.; No services were performed during the 15 month look back period.,268.1562,78,,,,,0,percent of total billed charges,78% of Billed Charges. Lesser of 100% of billed charges applies.; No services were performed during the 15 month look back period.,268.1562,78,,,,,0,percent of total billed charges,78% of Billed Charges. Lesser of 100% of billed charges applies.; No services were performed during the 15 month look back period.,268.1562,78,,,,,0,percent of total billed charges,78% of Billed Charges. Lesser of 100% of billed charges applies.; No services were performed during the 15 month look back period.,12574,,,,,,,Case Rate,". Primary procedure pays at 100%, all subsequent at 50%.",43.58,,,,,,,Fee Schedule,"238 % BCBS Standard HMO. ",114.69,,,,,,,Fee Schedule,"150 % 2018 Cigna RBRVS fee schedule. ",,,,,,,,Other,"Not Payable. ",195.96,,,,,,,Fee Schedule,"251.005507877546 % Medicare Physician FS TC Rates Only. ",114.69,,,,,,,Fee Schedule,"150 % 2018 Cigna RBRVS fee schedule. ",114.69,,,,,,,Fee Schedule,"150 % 2018 Cigna RBRVS fee schedule. ",268.1562,78,,,,,0,percent of total billed charges,78% of Billed Charges. Lesser of 100% of billed charges applies.; No services were performed during the 15 month look back period.,281.94,,,,,,,Case Rate,"141 Percent of current Medicare RBRVS FeeSched. ",114.69,,,,,,,Fee Schedule,"150 % 2018 Cigna RBRVS fee schedule. ",131.75,,,,,,,Case Rate,"100 Percent of Medicaid APG. ",,,,,,,,Other,"Not Payable. ",,,,,,,,Other,"Not Payable. ",,,,,,,,Other,"Not Payable. ",,,,,,,,Other,"Not Payable. ",,,,,,,,Other,"Not Payable. ",,,,,,,,Other,"Not Payable. ",114.69,,,,,,,Fee Schedule,"150 % 2018 Cigna RBRVS fee schedule. ",25798,,,,,,,Case Rate,". MPL 100/75/50% all add ons apply, and lesser of 100% of billed charges",3.4379,1,,1718.95,1375.16,2406.53,12,percent of total billed charges,"NA. ",3.4379,1,,343.79,115.29,4469.27,1 through 10,percent of total billed charges,"NA. ",3.4379,1,,343.79,343.79,687.58,1 through 10,percent of total billed charges,"NA. ",3.4379,1,,,,,0,percent of total billed charges,NA. ; No services were performed during the 15 month look back period.,3.4379,1,,,,,0,percent of total billed charges,NA. ; No services were performed during the 15 month look back period.,,,,,,,,,"NA. ",25798,,,,,,,Case Rate,". MPL 100/75/50% all add ons apply, and lesser of 100% of billed charges",,,,,,,,Fee Schedule,"Not Payable. ",,,,,,,,Fee Schedule,"Not Payable. ",,,,,,,,Fee Schedule,"Not Payable. ",,,,,,,,Fee Schedule,"Not Payable. ",,,,,,,,Fee Schedule,"Not Payable. ",,,,,,,,Other,"Not Payable. ",12574,,,,,,,Case Rate,". Primary procedure pays at 100%, all subsequent at 50%.",12574,,,,,,,Case Rate,". Primary procedure pays at 100%, all subsequent at 50%.",12574,,,,,,,Case Rate,". Primary procedure pays at 100%, all subsequent at 50%.",12574,,,,,,,Case Rate,". Primary procedure pays at 100%, all subsequent at 50%.",195.96,,,,,,,Fee Schedule,"251.005507877546 % Medicare Physician FS TC Rates Only. ",195.96,,,,,,,Fee Schedule,"251.005507877546 % Medicare Physician FS TC Rates Only. ",195.96,,,,,,,Fee Schedule,"251.005507877546 % Medicare Physician FS TC Rates Only. ",195.96,,,,,,,Fee Schedule,"251.005507877546 % Medicare Physician FS TC Rates Only. ",25798,,,,,,,Case Rate,". MPL 100/75/50% all add ons apply, and lesser of 100% of billed charges",25798,,,,,,,Case Rate,". MPL 100/75/50% all add ons apply, and lesser of 100% of billed charges",,,,,,,,Other,"Not Payable. ",,,,,,,,Other,"Not Payable. ",,,,,,,,Other,"Not Payable. ",43.58,,,,,,,Fee Schedule,"238 % BCBS Standard HMO. ",43.58,,,,,,,Fee Schedule,"238 % BCBS Standard HMO. ",43.58,,,,,,,Fee Schedule,"238 % BCBS Standard HMO. ",25798,,,,,,,Case Rate,". MPL 100/75/50% all add ons apply, and lesser of 100% of billed charges",195.96,,,,,,,Fee Schedule,"251.005507877546 % Medicare Physician FS TC Rates Only. ",,,,,,,,Other,"Not Payable. ",43.58,,,,,,,Fee Schedule,"238 % BCBS Standard HMO. ",131.75,,,,,,,Case Rate,"100 Percent of Medicaid APG. ",,,,,,,,Other,"Not Payable. ",,,,,,,,Other,"Not Payable. ",,,,,,,,Other,"Not Payable. ",72.32,,,,,,,Fee schedule,"90 Percent of Medicare RBRVS. ",296.44,,,,,,,Fee Schedule,225% of NYS APG. Lesser of 100% of billed charges applies.,296.44,,,,,,,Fee Schedule,225% of NYS APG. Lesser of 100% of billed charges applies.,296.44,,,,,,,Fee Schedule,225% of NYS APG. Lesser of 100% of billed charges applies.,296.44,,,,,,,Fee Schedule,225% of NYS APG. Lesser of 100% of billed charges applies.,296.44,,,,,,,Fee Schedule,225% of NYS APG. Lesser of 100% of billed charges applies.,,,,,,,,Other,"Not Payable. ",131.75,,,,,,,Case Rate,"100 Percent of Medicaid APG. ",25.62,,,,,,,Fee Schedule,100% Medicaid Fee Schedule. Lesser of 100% of billed charges applies.,296.44,,,,,,,Fee Schedule,225% of NYS APG. Lesser of 100% of billed charges applies.,296.44,,,,,,,Fee Schedule,225% of NYS APG. Lesser of 100% of billed charges applies.,25.62,,,,,,,Fee Schedule,100% Medicaid Fee Schedule. Lesser of 100% of billed charges applies.,25.62,,,,,,,Fee Schedule,100% Medicaid Fee Schedule. Lesser of 100% of billed charges applies.,3.4379,1,,343.79,343.79,2062.74,25,percent of total billed charges,"NA. ",,,,,,,,Other,"Not Payable. ",,,,,,,,Other,"Not Payable. ",195.96,,,,,,,Fee Schedule,"251.005507877546 % Medicare Physician FS TC Rates Only. ",,,,,,,,Other,"Not Payable. ",296.44,,,,,,,Fee Schedule,"225 Percent of Medicaid APG. ",296.44,,,,,,,Fee Schedule,"225 Percent of Medicaid APG. ",72.32,,,,,,,Fee schedule,"90 Percent of Medicare RBRVS. ",72.32,,,,,,,Fee schedule,"90 Percent of Medicare RBRVS. ",,,,,,,,Case Rate,Not Payable. Covered services not payable under Medicaid Fee Schedules default to a payment of 87.5 percent of charges.,3.4379,1,,1031.37,57.65,3094.11,29,percent of total billed charges,NA. Covered services not payable under Medicaid Fee Schedules default to a payment of 50 percent of charges.,296.44,,,,,,,Case Rate,"100 Percent of Medicaid APG. ",296.44,,,,,,,Case Rate,"100 Percent of Medicaid APG. ",296.44,,,,,,,Case Rate,"100 Percent of Medicaid APG. ",296.44,,,,,,,Case Rate,"100 Percent of Medicaid APG. ",13453,,,,,,,Case Rate,". MPL 100/75/50% all add ons apply, and lesser of 100% of billed charges",25798,,,,,,,Case Rate,". MPL 100/75/50% all add ons apply, and lesser of 100% of billed charges",158.1,,,,,,,Case Rate,"120 Percent of Medicaid APG. Not APG payable, or payable under another fee schedule like ASP/AWP pays at 30% of charges",158.1,,,,,,,Case Rate,"120 Percent of Medicaid APG. Not APG payable, or payable under another fee schedule like ASP/AWP pays at 30% of charges",131.75,,,,,,,Case Rate,"100 Percent of Medicaid APG. Not APG payable, or payable under another fee schedule like ASP/AWP pays at 30% of charges",131.75,,,,,,,Case Rate,"100 Percent of Medicaid APG. Not APG payable, or payable under another fee schedule like ASP/AWP pays at 30% of charges",43.58,,,,,,,Fee Schedule,"238 % BCBS Standard HMO. ",43.58,,,,,,,Fee Schedule,"238 % BCBS Standard HMO. ",,,,,,,,Other,"Not Payable. ",43.58,,,,,,,Fee Schedule,"238 % BCBS Standard HMO. ",43.58,,,,,,,Fee Schedule,"238 % BCBS Standard HMO. ",43.58,,,,,,,Fee Schedule,"238 % BCBS Standard HMO. ",43.58,,,,,,,Fee Schedule,"238 % BCBS Standard HMO. ",,,,,,,,Other,"Not Payable. ",43.58,,,,,,,Fee Schedule,"238 % BCBS Standard HMO. ",43.58,,,,,,,Fee Schedule,"238 % BCBS Standard HMO. ",195.96,,,,,,,Fee Schedule,"251.005507877546 % Medicare Physician FS TC Rates Only. ",144.92,,,,,,,Fee Schedule,110% of APG. Lesser of 100% of billed charges applies.,3.4379,1,,,,,0,percent of total billed charges,NA. Covered services not payable under Medicaid Fee Schedules default to a payment of 50 percent of charges.; No services were performed during the 15 month look back period.,296.44,,,,,,,Fee Schedule,225% of NYS APG. Lesser of 100% of billed charges applies.,,,,,,,,Case Rate,Not Payable. Covered services not payable under Medicaid Fee Schedules default to a payment of 87.5 percent of charges.,3.4379,1,,687.58,57.65,1718.95,17,percent of total billed charges,NA. Covered services not payable under Medicaid Fee Schedules default to a payment of 50 percent of charges.,296.44,,,,,,,Fee Schedule,225% of NYS APG. Lesser of 100% of billed charges applies.,296.44,,,,,,,Fee Schedule,225% of NYS APG. Lesser of 100% of billed charges applies.,296.44,,,,,,,Fee Schedule,225% of NYS APG. Lesser of 100% of billed charges applies.,296.44,,,,,,,Fee Schedule,225% of NYS APG. Lesser of 100% of billed charges applies.,296.44,,,,,,,Fee Schedule,225% of NYS APG. Lesser of 100% of billed charges applies.,296.44,,,,,,,Fee Schedule,225% of NYS APG. Lesser of 100% of billed charges applies.,,,,,,,,,"NA. ",,,,,,,,,"NA. ",,,,,,,,,"NA. ",114.69,,,,,,,Fee Schedule,"150 % 2018 Cigna RBRVS fee schedule. ",,,,,,,,,"NA. ",,,,,,,,Other,"Not Payable. ",54,,,,,,,Fee Schedule,"100 % 1199 Fee Schedule. ",,,,,,,,Other,"Not Payable. ",,,,,,,,Other,"Not Payable. ",158.1,,,,,,,Case Rate,"120 Percent of Medicaid APG. Not APG payable, or payable under another fee schedule like ASP/AWP pays at 30% of charges",158.1,,,,,,,Case Rate,"120 Percent of Medicaid APG. Not APG payable, or payable under another fee schedule like ASP/AWP pays at 30% of charges",131.75,,,,,,,Case Rate,"100 Percent of Medicaid APG. Not APG payable, or payable under another fee schedule like ASP/AWP pays at 30% of charges",131.75,,,,,,,Case Rate,"100 Percent of Medicaid APG. Not APG payable, or payable under another fee schedule like ASP/AWP pays at 30% of charges",131.75,,,,,,,Case Rate,"100 Percent of Medicaid APG. ",7163,,,,,,,Case Rate,". ",195.96,,,,,,,Fee Schedule,"251.005507877546 % Medicare Physician FS TC Rates Only. ",8427,,,,,,,Case Rate,". Primary procedure pays at 100%, all subsequent at 50%.",114.69,,,,,,,Fee Schedule,"150 % 2018 Cigna RBRVS fee schedule. ",,,,,,,,Other,"Not Payable. ",,,,,,,,Other,"Not Payable. ",,,,,,,,Other,"Not Payable. ",,,,,,,,Other,"Not Payable. ",,,,,,,,Other,"Not Payable. ",,,,,,,,Other,"Not Payable. ",,,,,,,,,"NA. ",296.44,,,,,,,Fee Schedule,225% of NYS APG. Lesser of 100% of billed charges applies.,25.62,,,,,,,Fee Schedule,100% Medicaid Fee Schedule. Lesser of 100% of billed charges applies.,43.58,,,,,,,Fee Schedule,"238 % BCBS Standard HMO. ",7163,,,,,,,Case Rate,". ",7163,,,,,,,Case Rate,". ",7163,,,,,,,Case Rate,". ",7163,,,,,,,Case Rate,". ",,,,,,,,Other,"Not Payable. ",131.75,,,,,,,Case Rate,"100 Percent of Medicaid APG. ",43.58,,,,,,,Fee Schedule,"238 % BCBS Standard HMO. ",131.75,,,,,,,Case Rate,"100 Percent of Medicaid APG. ",,,,,,,,Other,"Not Payable. ",131.75,,,,,,,Case Rate,"100 Percent of Medicaid APG. ",,,,,,,,Other,"Not Payable. ",,,,,,,,Other,"Not Payable. ",131.75,,,,,,,Case Rate,"100 Percent of Medicaid APG. ",131.75,,,,,,,Case Rate,"100 Percent of Medicaid APG. ",7163,,,,,,,Case Rate,". ",114.69,,,,,,,Fee Schedule,"150 % 2018 Cigna RBRVS fee schedule. ",268.1562,78,,206.27,206.27,206.27,1 through 10,percent of total billed charges,78% of Billed Charges. Lesser of 100% of billed charges applies.,64.51,,,,,,,Fee Schedule,"100 % 19 Q1 CMS RBRVS Pub 20181220. ",64.51,,,,,,,Fee Schedule,"100 % 19 Q1 CMS RBRVS Pub 20181220. ",195.96,,,,,,,Fee Schedule,"251.005507877546 % Medicare Physician FS TC Rates Only. ",105.18,,,,,,,Other,"Not Payable. ",12574,,,,,,,Case Rate,". Primary procedure pays at 100%, all subsequent at 50%.",12574,,,,,,,Case Rate,". Primary procedure pays at 100%, all subsequent at 50%.",34.86,,,,,,,Fee Schedule,"190.4 % BCBS Standard HMO. ",34.86,,,,,,,Fee Schedule,"190.4 % BCBS Standard HMO. ",,,,,,,,Other,"Not Payable. ",,,,,,,,Other,"Not Payable. ",,,,,,,,Other,"Not Payable. ",,,,,,,,Other,"Not Payable. ",64.51,,,,,,,Fee Schedule,"100 % 19 Q1 CMS RBRVS Pub 20181220. ",43.58,,,,,,,Fee Schedule,"238 % BCBS Standard HMO. ",43.58,,,,,,,Fee Schedule,"238 % BCBS Standard HMO. ",,,,,,,,Other,"Not Payable. ",34.86,,,,,,,Fee Schedule,"190.4 % BCBS Standard HMO. ",8427,,,,,,,Case Rate,". Primary procedure pays at 100%, all subsequent at 50%.",158.1,,,,,,,Fee Schedule,"120 Percent of Medicaid APG. ",131.75,,,,,,,Case Rate,"100 Percent of Medicaid APG. ",7163,,,,,,,Case Rate,". ",39.22,,,,,,,Fee Schedule,"214.2 % BCBS Standard HMO. ",39.22,,,,,,,Fee Schedule,"214.2 % BCBS Standard HMO. ",43.58,,,,,,,Fee Schedule,"238 % BCBS Standard HMO. ",14948,,,,,,,Case Rate,". MPL 100/75/50% all add ons apply, and lesser of 100% of billed charges",,,,,,,,Other,"Not Payable. ",138.34,,,,,,,Fee Schedule,105 percent of Medicaid APG. otherwise 105% of Ordered NYS MCD FS or 105% of ASP+6%,138.34,,,,,,,Fee Schedule,105 percent of Medicaid APG. otherwise 105% of Ordered NYS MCD FS or 105% of ASP+6%,138.34,,,,,,,Fee Schedule,105 percent of Medicaid APG. otherwise 105% of Ordered NYS MCD FS or 105% of ASP+6%,177.86,,,,,,,Fee Schedule,135 percent of Medicaid APG. otherwise 135% of Ordered NYS MCD FS or 135% of ASP+6%,64.51,,,,,,,Fee Schedule,"100 % 19 Q1 CMS RBRVS Pub 20181220. ",138.34,,,,,,,Fee Schedule,105 percent of Medicaid APG. otherwise 105% of Ordered NYS MCD FS or 105% of ASP+6%,138.34,,,,,,,Fee Schedule,105 percent of Medicaid APG. otherwise 105% of Ordered NYS MCD FS or 105% of ASP+6%,138.34,,,,,,,Fee Schedule,105 percent of Medicaid APG. otherwise 105% of Ordered NYS MCD FS or 105% of ASP+6%,138.34,,,,,,,Fee Schedule,105 percent of Medicaid APG. otherwise 105% of Ordered NYS MCD FS or 105% of ASP+6%,138.34,,,,,,,Fee Schedule,105 percent of Medicaid APG. otherwise 105% of Ordered NYS MCD FS or 105% of ASP+6%,177.86,,,,,,,Fee Schedule,135 percent of Medicaid APG. otherwise 135% of Ordered NYS MCD FS or 135% of ASP+6%,177.86,,,,,,,Fee Schedule,135 percent of Medicaid APG. otherwise 135% of Ordered NYS MCD FS or 135% of ASP+6%,,,,,,,,Other,"Not Payable. ",64.51,,,,,,,Fee Schedule,"100 % 19 Q1 CMS RBRVS Pub 20181220. ",,,,,,,,Other,"Not Payable. ",138.34,,,,,,,Fee Schedule,105 percent of Medicaid APG. otherwise 105% of Ordered NYS MCD FS or 105% of ASP+6%,43.58,,,,,,,Fee Schedule,"238 % BCBS Standard HMO. ",,,,,,,,Other,"Not Payable. ",43.58,,,,,,,Fee Schedule,"238 % BCBS Standard HMO. ",43.58,,,,,,,Fee Schedule,"238 % BCBS Standard HMO. ",43.58,,,,,,,Fee Schedule,"238 % BCBS Standard HMO. ",138.34,,,,,,,Fee Schedule,105 percent of Medicaid APG. otherwise 105% of Ordered NYS MCD FS or 105% of ASP+6%,,,,,,,,Other,"Not Payable. ",43.58,,,,,,,Fee Schedule,"238 % BCBS Standard HMO. ",177.86,,,,,,,Fee Schedule,135 percent of Medicaid APG. otherwise 135% of Ordered NYS MCD FS or 135% of ASP+6%,43.58,,,,,,,Fee Schedule,"238 % BCBS Standard HMO. ",,,,,,,,Other,"Not Payable. ",,,,,,,,Other,"Not Payable. ",7163,,,,,,,Case Rate,". ",7163,,,,,,,Case Rate,". ",7163,,,,,,,Case Rate,". ",7163,,,,,,,Case Rate,". ",7163,,,,,,,Case Rate,". ",8427,,,,,,,Case Rate,". Primary procedure pays at 100%, all subsequent at 50%.",8427,,,,,,,Case Rate,". Primary procedure pays at 100%, all subsequent at 50%.",7163,,,,,,,Case Rate,". ",7163,,,,,,,Case Rate,". ",7163,,,,,,,Case Rate,". ",7163,,,,,,,Case Rate,". ",7163,,,,,,,Case Rate,". ",,,,,,,,Other,"Not Payable. ",8427,,,,,,,Case Rate,". Primary procedure pays at 100%, all subsequent at 50%.",,,,,,,,Other,"Not Payable. ",296.44,,,,,,,Case Rate,"225 Percent of Medicaid APG. If not included in Medicaid APG, then 100 Percent of Manhattan Medicare",131.75,,,,,,,Case Rate,"100 Percent of Medicaid APG. If not priced under APG, then Metroplus FeeSched",64.51,,,,,,,Fee Schedule,"100 % 19 Q1 CMS RBRVS Pub 20181220. ",64.51,,,,,,,Fee Schedule,"100 % 19 Q1 CMS RBRVS Pub 20181220. ",,,,,,,,Other,"Not Payable. ",12574,,,,,,,Case Rate,". Primary procedure pays at 100%, all subsequent at 50%.",,,,,,,,Other,"Not Payable. ",,,,,,,,Other,"Not Payable. ",195.96,,,,,,,Fee Schedule,"251.005507877546 % Medicare Physician FS TC Rates Only. ",,,,,,,,Other,"Not Payable. ",114.69,,,,,,,Fee Schedule,"150 % 2018 Cigna RBRVS fee schedule. ",,,,,,,,Other,"Not Payable. ",114.69,,,,,,,Fee Schedule,"150 % 2018 Cigna RBRVS fee schedule. ",195.96,,,,,,,Fee Schedule,"251.005507877546 % Medicare Physician FS TC Rates Only. ",114.69,,,,,,,Fee Schedule,"150 % 2018 Cigna RBRVS fee schedule. ",,,,,,,,Other,"Not Payable. ",131.75,,,,,,,Case Rate,"100 Percent of Medicaid APG. ",,,,,,,,Other,"Not Payable. ",114.69,,,,,,,Fee Schedule,"150 % 2018 Cigna RBRVS fee schedule. ",64.51,,,,,,,Fee Schedule,"100 % 19 Q1 CMS RBRVS Pub 20181220. ",131.75,,,,,,,Case Rate,"100 Percent of Medicaid APG. ",43.58,,,,,,,Fee Schedule,"238 % BCBS Standard HMO. ",158.1,,,,,,,Fee Schedule,"120 Percent of Medicaid APG. ",158.1,,,,,,,Fee Schedule,"120 Percent of Medicaid APG. ",43.58,,,,,,,Fee Schedule,"238 % BCBS Standard HMO. ",43.58,,,,,,,Fee Schedule,"238 % BCBS Standard HMO. ",43.58,,,,,,,Fee Schedule,"238 % BCBS Standard HMO. ",64.51,,,,,,,Fee Schedule,"100 % 19 Q1 CMS RBRVS Pub 20181220. ",43.58,,,,,,,Fee Schedule,"238 % BCBS Standard HMO. ",43.58,,,,,,,Fee Schedule,"238 % BCBS Standard HMO. ",43.58,,,,,,,Fee Schedule,"238 % BCBS Standard HMO. ",7163,,,,,,,Case Rate,". ",7163,,,,,,,Case Rate,". ",,,,,,,,Fee Schedule,"Not Payable. ",131.75,,,,,,,Case Rate,"100 Percent of Medicaid APG. ",64.51,,,,,,,Fee Schedule,"100 % 19 Q1 CMS RBRVS Pub 20181220. ",114.69,,,,,,,Fee Schedule,"150 % 2018 Cigna RBRVS fee schedule. ",195.96,,,,,,,Fee Schedule,"251.005507877546 % Medicare Physician FS TC Rates Only. ",64.51,,,,,,,Fee Schedule,"100 % 19 Q1 CMS RBRVS Pub 20181220. ",195.96,,,,,,,Fee Schedule,"251.005507877546 % Medicare Physician FS TC Rates Only. ",64.51,,,,,,,Fee Schedule,"100 % 19 Q1 CMS RBRVS Pub 20181220. ",43.58,,,,,,,Fee Schedule,"238 % BCBS Standard HMO. ",43.58,,,,,,,Fee Schedule,"238 % BCBS Standard HMO. ",43.58,,,,,,,Fee Schedule,"238 % BCBS Standard HMO. ",43.58,,,,,,,Fee Schedule,"238 % BCBS Standard HMO. ",,,,,,,,Other,"Not Payable. ",3.4379,25798,
88355,CPT,2021929,LOCAL,310,RC,HC MORPHOMETRIC ANALYSIS SKELETAL MUSCLE,792.42,150.5598,both,,,,45,,,,,,,Fee Schedule,"100 % 1199 Fee Schedule. ",45,,,,,,,Fee Schedule,"100 % 1199 Fee Schedule. ",176.88,,,,,,,Fee Schedule,"251.000425713069 % Medicare Physician FS TC Rates Only. ",792.42,100,,,,,0,percent of total billed charges,100 percent of billed charges. ; No services were performed during the 15 month look back period.,202.77,,,,,,,Case Rate,"100% Medicare OPPS FS. ",176.88,,,,,,,Fee Schedule,"251.000425713069 % Medicare Physician FS TC Rates Only. ",176.88,,,,,,,Fee Schedule,"251.000425713069 % Medicare Physician FS TC Rates Only. ",176.88,,,,,,,Fee Schedule,"251.000425713069 % Medicare Physician FS TC Rates Only. ",191.09,,,,,,,Case Rate,"100 Percent of Medicaid APG. ",159.24,,,,,,,Case Rate,"100 Percent of Medicaid APG. ",618.0876,78,,,,,0,percent of total billed charges,78% of Billed Charges. Lesser of 100% of billed charges applies.; No services were performed during the 15 month look back period.,144.73,,,,,,,Fee Schedule,"100 % 19 Q1 CMS APC Pub 20190102. ",159.24,,,,,,,Case Rate,"100 Percent of Medicaid APG. ",202.77,,,,,,,Case Rate,"100% Medicare OPPS FS. ",86.26,,,,,,,Fee Schedule,"150 % 2018 Cigna RBRVS fee schedule. ",86.26,,,,,,,Fee Schedule,"150 % 2018 Cigna RBRVS fee schedule. ",86.26,,,,,,,Fee Schedule,"150 % 2018 Cigna RBRVS fee schedule. ",86.26,,,,,,,Fee Schedule,"150 % 2018 Cigna RBRVS fee schedule. ",7.9242,1,,,,,0,percent of total billed charges,NA. Covered services not payable under Medicaid Fee Schedules default to a payment of 50 percent of charges.; No services were performed during the 15 month look back period.,202.77,,,,,,,Case Rate,"100% Medicare OPPS FS. ",7.9242,1,,,,,0,percent of total billed charges,NA. Covered services not payable under Medicaid Fee Schedules default to a payment of 50 percent of charges.; No services were performed during the 15 month look back period.,618.0876,78,,,,,0,percent of total billed charges,78% of Billed Charges. Lesser of 100% of billed charges applies.; No services were performed during the 15 month look back period.,176.88,,,,,,,Fee Schedule,"251.000425713069 % Medicare Physician FS TC Rates Only. ",202.77,,,,,,,Case Rate,"100%Medicare OPPS FS. ",179.7,,,,,,,Fee Schedule,"255 % Medicare RBRVS. ",202.77,,,,,,,Case Rate,"100%Medicare OPPS FS. ",202.77,,,,,,,Case Rate,"100%Medicare OPPS FS. ",618.0876,78,,,,,0,percent of total billed charges,78% of Billed Charges. Lesser of 100% of billed charges applies.; No services were performed during the 15 month look back period.,65.39,,,,,,,Fee Schedule,90 Percent of Medicare RBRVS. Lesser of 100% of billed charges applies.,65.39,,,,,,,Fee Schedule,90 Percent of Medicare RBRVS. Lesser of 100% of billed charges applies.,65.39,,,,,,,Fee schedule,"90 Percent of Medicare RBRVS. ",65.39,,,,,,,Fee schedule,"90 Percent of Medicare RBRVS. ",179.7,,,,,,,Fee Schedule,"255 % Medicare RBRVS. ",179.7,,,,,,,Fee Schedule,"255 % Medicare RBRVS. ",159.24,,,,,,,Case Rate,"100 Percent of Medicaid APG. Not APG payable, or payable under another fee schedule like ASP/AWP pays at 30% of charges",179.7,,,,,,,Fee Schedule,"255 % Medicare RBRVS. ",159.24,,,,,,,Case Rate,"100 Percent of Medicaid APG. Not APG payable, or payable under another fee schedule like ASP/AWP pays at 30% of charges",202.77,,,,,,,Case Rate,"100%Medicare OPPS FS. ",179.7,,,,,,,Fee Schedule,"255 % Medicare RBRVS. ",618.0876,78,,,,,0,percent of total billed charges,78% of Billed Charges. Lesser of 100% of billed charges applies.; No services were performed during the 15 month look back period.,159.24,,,,,,,Case Rate,"100 Percent of Medicaid APG. If not priced under APG, then Metroplus FeeSched",159.24,,,,,,,Case Rate,"100 Percent of Medicaid APG. If not priced under APG, then Metroplus FeeSched",618.0876,78,,,,,0,percent of total billed charges,78% of Billed Charges. Lesser of 100% of billed charges applies.; No services were performed during the 15 month look back period.,86.26,,,,,,,Fee Schedule,"150 % 2018 Cigna RBRVS fee schedule. ",144.73,,,,,,,Fee Schedule,"100 % 19 Q1 CMS APC Pub 20190102. ",144.73,,,,,,,Fee Schedule,"100 % 19 Q1 CMS APC Pub 20190102. ",618.0876,78,,,,,0,percent of total billed charges,78% of Billed Charges. Lesser of 100% of billed charges applies.; No services were performed during the 15 month look back period.,202.77,,,,,,,Case Rate,"100% Medicare OPPS FS. ",144.73,,,,,,,Fee Schedule,"100 % 19 Q1 CMS APC Pub 20190102. ",144.73,,,,,,,Fee Schedule,"100 % 19 Q1 CMS APC Pub 20190102. ",144.73,,,,,,,Fee Schedule,"100 % 19 Q1 CMS APC Pub 20190102. ",202.77,,,,,,,Case Rate,"100% Medicare OPPS FS. ",144.73,,,,,,,Fee Schedule,"100 % 19 Q1 CMS APC Pub 20190102. ",144.73,,,,,,,Fee Schedule,"100 % 19 Q1 CMS APC Pub 20190102. ",202.77,,,,,,,Case Rate,"100% of Medicare OPPS. ",396.21,50,,,,,0,percent of total billed charges,50 percent of billed charges; No services were performed during the 15 month look back period.,276.72,,,,,,,Fee Schedule,"238 % 2013 Manhattan Medicare. ",276.72,,,,,,,Fee Schedule,"238 % 2013 Manhattan Medicare. ",276.72,,,,,,,Fee Schedule,"238 % 2013 Manhattan Medicare. ",276.72,,,,,,,Fee Schedule,"238 % 2013 Manhattan Medicare. ",276.72,,,,,,,Fee Schedule,"238 % 2013 Manhattan Medicare. ",276.72,,,,,,,Fee Schedule,"238 % 2013 Manhattan Medicare. ",202.77,,,,,,,Case Rate,"100% Medicare OPPS FS. ",202.77,,,,,,,Case Rate,"100% Medicare OPPS FS. ",276.72,,,,,,,Fee Schedule,"238 % 2013 Manhattan Medicare. ",618.0876,78,,,,,0,percent of total billed charges,78% of Billed Charges. Lesser of 100% of billed charges applies.; No services were performed during the 15 month look back period.,618.0876,78,,,,,0,percent of total billed charges,78% of Billed Charges. Lesser of 100% of billed charges applies.; No services were performed during the 15 month look back period.,618.0876,78,,,,,0,percent of total billed charges,78% of Billed Charges. Lesser of 100% of billed charges applies.; No services were performed during the 15 month look back period.,618.0876,78,,,,,0,percent of total billed charges,78% of Billed Charges. Lesser of 100% of billed charges applies.; No services were performed during the 15 month look back period.,618.0876,78,,,,,0,percent of total billed charges,78% of Billed Charges. Lesser of 100% of billed charges applies.; No services were performed during the 15 month look back period.,618.0876,78,,,,,0,percent of total billed charges,78% of Billed Charges. Lesser of 100% of billed charges applies.; No services were performed during the 15 month look back period.,618.0876,78,,,,,0,percent of total billed charges,78% of Billed Charges. Lesser of 100% of billed charges applies.; No services were performed during the 15 month look back period.,618.0876,78,,,,,0,percent of total billed charges,78% of Billed Charges. Lesser of 100% of billed charges applies.; No services were performed during the 15 month look back period.,618.0876,78,,,,,0,percent of total billed charges,78% of Billed Charges. Lesser of 100% of billed charges applies.; No services were performed during the 15 month look back period.,618.0876,78,,,,,0,percent of total billed charges,78% of Billed Charges. Lesser of 100% of billed charges applies.; No services were performed during the 15 month look back period.,618.0876,78,,,,,0,percent of total billed charges,78% of Billed Charges. Lesser of 100% of billed charges applies.; No services were performed during the 15 month look back period.,618.0876,78,,,,,0,percent of total billed charges,78% of Billed Charges. Lesser of 100% of billed charges applies.; No services were performed during the 15 month look back period.,618.0876,78,,,,,0,percent of total billed charges,78% of Billed Charges. Lesser of 100% of billed charges applies.; No services were performed during the 15 month look back period.,618.0876,78,,,,,0,percent of total billed charges,78% of Billed Charges. Lesser of 100% of billed charges applies.; No services were performed during the 15 month look back period.,618.0876,78,,,,,0,percent of total billed charges,78% of Billed Charges. Lesser of 100% of billed charges applies.; No services were performed during the 15 month look back period.,618.0876,78,,,,,0,percent of total billed charges,78% of Billed Charges. Lesser of 100% of billed charges applies.; No services were performed during the 15 month look back period.,618.0876,78,,,,,0,percent of total billed charges,78% of Billed Charges. Lesser of 100% of billed charges applies.; No services were performed during the 15 month look back period.,618.0876,78,,,,,0,percent of total billed charges,78% of Billed Charges. Lesser of 100% of billed charges applies.; No services were performed during the 15 month look back period.,618.0876,78,,,,,0,percent of total billed charges,78% of Billed Charges. Lesser of 100% of billed charges applies.; No services were performed during the 15 month look back period.,618.0876,78,,,,,0,percent of total billed charges,78% of Billed Charges. Lesser of 100% of billed charges applies.; No services were performed during the 15 month look back period.,618.0876,78,,,,,0,percent of total billed charges,78% of Billed Charges. Lesser of 100% of billed charges applies.; No services were performed during the 15 month look back period.,618.0876,78,,,,,0,percent of total billed charges,78% of Billed Charges. Lesser of 100% of billed charges applies.; No services were performed during the 15 month look back period.,618.0876,78,,,,,0,percent of total billed charges,78% of Billed Charges. Lesser of 100% of billed charges applies.; No services were performed during the 15 month look back period.,618.0876,78,,,,,0,percent of total billed charges,78% of Billed Charges. Lesser of 100% of billed charges applies.; No services were performed during the 15 month look back period.,618.0876,78,,,,,0,percent of total billed charges,78% of Billed Charges. Lesser of 100% of billed charges applies.; No services were performed during the 15 month look back period.,618.0876,78,,,,,0,percent of total billed charges,78% of Billed Charges. Lesser of 100% of billed charges applies.; No services were performed during the 15 month look back period.,179.7,,,,,,,Fee Schedule,"255 % Medicare RBRVS. ",179.7,,,,,,,Fee Schedule,"255 % Medicare RBRVS. ",179.7,,,,,,,Fee Schedule,"255 % Medicare RBRVS. ",179.7,,,,,,,Fee Schedule,"255 % Medicare RBRVS. ",136.01,,,,,,,Fee Schedule,"193 % Medicare RBRVS. ",136.01,,,,,,,Fee Schedule,"193 % Medicare RBRVS. ",86.26,,,,,,,Fee Schedule,"150 % 2018 Cigna RBRVS fee schedule. ",276.72,,,,,,,Fee Schedule,"238 % 2013 Manhattan Medicare. ",144.73,,,,,,,Fee Schedule,"100 % 19 Q1 CMS APC Pub 20190102. ",276.72,,,,,,,Fee Schedule,"238 % 2013 Manhattan Medicare. ",618.0876,78,,,,,0,percent of total billed charges,78% of Billed Charges. Lesser of 100% of billed charges applies.; No services were performed during the 15 month look back period.,136.01,,,,,,,Fee Schedule,"193 % Medicare RBRVS. ",276.72,,,,,,,Fee Schedule,"238 % 2013 Manhattan Medicare. ",144.73,,,,,,,Fee Schedule,"100 % 19 Q1 CMS APC Pub 20190102. ",86.26,,,,,,,Fee Schedule,"150 % 2018 Cigna RBRVS fee schedule. ",,,,,,,,,"NA. ",618.0876,78,,,,,0,percent of total billed charges,78% of Billed Charges. Lesser of 100% of billed charges applies.; No services were performed during the 15 month look back period.,159.24,,,,,,,Case Rate,"100 Percent of Medicaid APG. ",179.7,,,,,,,Fee Schedule,"255 % Medicare RBRVS. ",159.24,,,,,,,Case Rate,"100 Percent of Medicaid APG. Not APG payable, or payable under another fee schedule like ASP/AWP pays at 30% of charges",202.77,,,,,,,Case Rate,"100%Medicare OPPS FS. ",202.77,,,,,,,Case Rate,"100% Medicare OPPS FS. ",396.21,50,,,,,0,percent of total billed charges,50 percent of billed charges; No services were performed during the 15 month look back period.,202.77,,,,,,,Case Rate,"100% Medicare OPPS FS. ",202.77,,,,,,,Case Rate,"100% Medicare OPPS FS. ",159.24,,,,,,,Case Rate,"100 Percent of Medicaid APG. ",202.77,,,,,,,Case Rate,"100% Medicare OPPS FS. ",202.77,,,,,,,Case Rate,"100% Medicare OPPS FS. ",176.88,,,,,,,Fee Schedule,"251.000425713069 % Medicare Physician FS TC Rates Only. ",176.88,,,,,,,Fee Schedule,"251.000425713069 % Medicare Physician FS TC Rates Only. ",202.77,,,,,,,Case Rate,"100% Medicare OPPS FS. ",86.26,,,,,,,Fee Schedule,"150 % 2018 Cigna RBRVS fee schedule. ",144.73,,,,,,,Fee Schedule,"100 % 19 Q1 CMS APC Pub 20190102. ",144.73,,,,,,,Fee Schedule,"100 % 19 Q1 CMS APC Pub 20190102. ",202.77,,,,,,,Case Rate,"100% Medicare OPPS FS. ",86.26,,,,,,,Fee Schedule,"150 % 2018 Cigna RBRVS fee schedule. ",176.88,,,,,,,Fee Schedule,"251.000425713069 % Medicare Physician FS TC Rates Only. ",176.88,,,,,,,Fee Schedule,"251.000425713069 % Medicare Physician FS TC Rates Only. ",176.88,,,,,,,Fee Schedule,"251.000425713069 % Medicare Physician FS TC Rates Only. ",618.0876,78,,,,,0,percent of total billed charges,78% of Billed Charges. Lesser of 100% of billed charges applies.; No services were performed during the 15 month look back period.,618.0876,78,,,,,0,percent of total billed charges,78% of Billed Charges. Lesser of 100% of billed charges applies.; No services were performed during the 15 month look back period.,618.0876,78,,,,,0,percent of total billed charges,78% of Billed Charges. Lesser of 100% of billed charges applies.; No services were performed during the 15 month look back period.,618.0876,78,,,,,0,percent of total billed charges,78% of Billed Charges. Lesser of 100% of billed charges applies.; No services were performed during the 15 month look back period.,618.0876,78,,,,,0,percent of total billed charges,78% of Billed Charges. Lesser of 100% of billed charges applies.; No services were performed during the 15 month look back period.,618.0876,78,,,,,0,percent of total billed charges,78% of Billed Charges. Lesser of 100% of billed charges applies.; No services were performed during the 15 month look back period.,618.0876,78,,,,,0,percent of total billed charges,78% of Billed Charges. Lesser of 100% of billed charges applies.; No services were performed during the 15 month look back period.,618.0876,78,,,,,0,percent of total billed charges,78% of Billed Charges. Lesser of 100% of billed charges applies.; No services were performed during the 15 month look back period.,618.0876,78,,,,,0,percent of total billed charges,78% of Billed Charges. Lesser of 100% of billed charges applies.; No services were performed during the 15 month look back period.,618.0876,78,,,,,0,percent of total billed charges,78% of Billed Charges. Lesser of 100% of billed charges applies.; No services were performed during the 15 month look back period.,618.0876,78,,,,,0,percent of total billed charges,78% of Billed Charges. Lesser of 100% of billed charges applies.; No services were performed during the 15 month look back period.,136.01,,,,,,,Fee Schedule,"193 % Medicare RBRVS. ",276.72,,,,,,,Fee Schedule,"238 % 2013 Manhattan Medicare. ",86.26,,,,,,,Fee Schedule,"150 % 2018 Cigna RBRVS fee schedule. ",202.77,,,,,,,Case Rate,"100% Medicare OPPS FS. ",176.88,,,,,,,Fee Schedule,"251.000425713069 % Medicare Physician FS TC Rates Only. ",86.26,,,,,,,Fee Schedule,"150 % 2018 Cigna RBRVS fee schedule. ",86.26,,,,,,,Fee Schedule,"150 % 2018 Cigna RBRVS fee schedule. ",618.0876,78,,,,,0,percent of total billed charges,78% of Billed Charges. Lesser of 100% of billed charges applies.; No services were performed during the 15 month look back period.,340.78,,,,,,,Case Rate,"141 Percent of current Medicare RBRVS FeeSched. ",86.26,,,,,,,Fee Schedule,"150 % 2018 Cigna RBRVS fee schedule. ",159.24,,,,,,,Case Rate,"100 Percent of Medicaid APG. ",202.77,,,,,,,Case Rate,"100% Medicare OPPS FS. ",202.77,,,,,,,Case Rate,"100% Medicare OPPS FS. ",202.77,,,,,,,Case Rate,"100% Medicare OPPS FS. ",202.77,,,,,,,Case Rate,"100% Medicare OPPS FS. ",202.77,,,,,,,Case Rate,"100% Medicare OPPS FS. ",202.77,,,,,,,Case Rate,"100% Medicare OPPS FS. ",86.26,,,,,,,Fee Schedule,"150 % 2018 Cigna RBRVS fee schedule. ",396.21,50,,,,,0,percent of total billed charges,50 percent of billed charges; No services were performed during the 15 month look back period.,7.9242,1,,,,,0,percent of total billed charges,NA. ; No services were performed during the 15 month look back period.,7.9242,1,,,,,0,percent of total billed charges,NA. ; No services were performed during the 15 month look back period.,7.9242,1,,,,,0,percent of total billed charges,NA. ; No services were performed during the 15 month look back period.,7.9242,1,,,,,0,percent of total billed charges,NA. ; No services were performed during the 15 month look back period.,7.9242,1,,,,,0,percent of total billed charges,NA. ; No services were performed during the 15 month look back period.,,,,,,,,,"NA. ",396.21,50,,,,,0,percent of total billed charges,50 percent of billed charges; No services were performed during the 15 month look back period.,401.49,,,,,,,Case Rate,198 Percent of Medicare OPPS. Metroplus will reimburse unlisted codes and described codes with no Medicare rate at 50 percent of charges.,401.49,,,,,,,Case Rate,198 Percent of Medicare OPPS. Metroplus will reimburse unlisted codes and described codes with no Medicare rate at 50 percent of charges.,401.49,,,,,,,Case Rate,198 Percent of Medicare OPPS. Metroplus will reimburse unlisted codes and described codes with no Medicare rate at 50 percent of charges.,401.49,,,,,,,Case Rate,198 Percent of Medicare OPPS. Metroplus will reimburse unlisted codes and described codes with no Medicare rate at 50 percent of charges.,401.49,,,,,,,Case Rate,198 Percent of Medicare OPPS. Metroplus will reimburse unlisted codes and described codes with no Medicare rate at 50 percent of charges.,202.77,,,,,,,Case Rate,"100% Medicare OPPS FS. ",136.01,,,,,,,Fee Schedule,"193 % Medicare RBRVS. ",136.01,,,,,,,Fee Schedule,"193 % Medicare RBRVS. ",136.01,,,,,,,Fee Schedule,"193 % Medicare RBRVS. ",136.01,,,,,,,Fee Schedule,"193 % Medicare RBRVS. ",176.88,,,,,,,Fee Schedule,"251.000425713069 % Medicare Physician FS TC Rates Only. ",176.88,,,,,,,Fee Schedule,"251.000425713069 % Medicare Physician FS TC Rates Only. ",176.88,,,,,,,Fee Schedule,"251.000425713069 % Medicare Physician FS TC Rates Only. ",176.88,,,,,,,Fee Schedule,"251.000425713069 % Medicare Physician FS TC Rates Only. ",396.21,50,,,,,0,percent of total billed charges,50 percent of billed charges; No services were performed during the 15 month look back period.,396.21,50,,,,,0,percent of total billed charges,50 percent of billed charges; No services were performed during the 15 month look back period.,202.77,,,,,,,Case Rate,"100% Medicare OPPS FS. ",202.77,,,,,,,Case Rate,"100% Medicare OPPS FS. ",202.77,,,,,,,Case Rate,"100% Medicare OPPS FS. ",276.72,,,,,,,Fee Schedule,"238 % 2013 Manhattan Medicare. ",276.72,,,,,,,Fee Schedule,"238 % 2013 Manhattan Medicare. ",276.72,,,,,,,Fee Schedule,"238 % 2013 Manhattan Medicare. ",396.21,50,,,,,0,percent of total billed charges,50 percent of billed charges; No services were performed during the 15 month look back period.,176.88,,,,,,,Fee Schedule,"251.000425713069 % Medicare Physician FS TC Rates Only. ",202.77,,,,,,,Case Rate,"100% Medicare OPPS FS. ",276.72,,,,,,,Fee Schedule,"238 % 2013 Manhattan Medicare. ",159.24,,,,,,,Case Rate,"100 Percent of Medicaid APG. ",206.83,,,,,,,Case Rate,"102% of Medicare OPPS. ",206.83,,,,,,,Case Rate,"102% of Medicare OPPS. ",206.83,,,,,,,Case Rate,"102% of Medicare OPPS. ",65.39,,,,,,,Fee schedule,"90 Percent of Medicare RBRVS. ",358.3,,,,,,,Fee Schedule,225% of NYS APG. Lesser of 100% of billed charges applies.,358.3,,,,,,,Fee Schedule,225% of NYS APG. Lesser of 100% of billed charges applies.,358.3,,,,,,,Fee Schedule,225% of NYS APG. Lesser of 100% of billed charges applies.,358.3,,,,,,,Fee Schedule,225% of NYS APG. Lesser of 100% of billed charges applies.,358.3,,,,,,,Fee Schedule,225% of NYS APG. Lesser of 100% of billed charges applies.,206.83,,,,,,,Case Rate,"102% of Medicare OPPS. ",159.24,,,,,,,Case Rate,"100 Percent of Medicaid APG. ",65.39,,,,,,,Fee Schedule,90 Percent of Medicare RBRVS. Lesser of 100% of billed charges applies.,358.3,,,,,,,Fee Schedule,225% of NYS APG. Lesser of 100% of billed charges applies.,358.3,,,,,,,Fee Schedule,225% of NYS APG. Lesser of 100% of billed charges applies.,65.39,,,,,,,Fee Schedule,90 Percent of Medicare RBRVS. Lesser of 100% of billed charges applies.,65.39,,,,,,,Fee Schedule,90 Percent of Medicare RBRVS. Lesser of 100% of billed charges applies.,7.9242,1,,,,,0,percent of total billed charges,NA. ; No services were performed during the 15 month look back period.,202.77,,,,,,,Case Rate,"100% Medicare OPPS FS. ",202.77,,,,,,,Case Rate,"100% Medicare OPPS FS. ",176.88,,,,,,,Fee Schedule,"251.000425713069 % Medicare Physician FS TC Rates Only. ",202.77,,,,,,,Case Rate,"100% Medicare OPPS FS. ",358.3,,,,,,,Fee Schedule,"225 Percent of Medicaid APG. ",358.3,,,,,,,Fee Schedule,"225 Percent of Medicaid APG. ",65.39,,,,,,,Fee schedule,"90 Percent of Medicare RBRVS. ",65.39,,,,,,,Fee schedule,"90 Percent of Medicare RBRVS. ",358.3,,,,,,,Case Rate,225 Percent of Medicaid APG. Covered services not payable under Medicaid Fee Schedules default to a payment of 87.5 percent of charges.,7.9242,1,,,,,0,percent of total billed charges,NA. Covered services not payable under Medicaid Fee Schedules default to a payment of 50 percent of charges.; No services were performed during the 15 month look back period.,358.3,,,,,,,Case Rate,"100 Percent of Medicaid APG. ",358.3,,,,,,,Case Rate,"100 Percent of Medicaid APG. ",358.3,,,,,,,Case Rate,"100 Percent of Medicaid APG. ",358.3,,,,,,,Case Rate,"100 Percent of Medicaid APG. ",617.92,,,,,,,Fee Schedule,"1019 % Manhattan Facility Rate. ",396.21,50,,,,,0,percent of total billed charges,50 percent of billed charges; No services were performed during the 15 month look back period.,191.09,,,,,,,Case Rate,"120 Percent of Medicaid APG. Not APG payable, or payable under another fee schedule like ASP/AWP pays at 30% of charges",191.09,,,,,,,Case Rate,"120 Percent of Medicaid APG. Not APG payable, or payable under another fee schedule like ASP/AWP pays at 30% of charges",159.24,,,,,,,Case Rate,"100 Percent of Medicaid APG. Not APG payable, or payable under another fee schedule like ASP/AWP pays at 30% of charges",159.24,,,,,,,Case Rate,"100 Percent of Medicaid APG. Not APG payable, or payable under another fee schedule like ASP/AWP pays at 30% of charges",276.72,,,,,,,Fee Schedule,"238 % 2013 Manhattan Medicare. ",276.72,,,,,,,Fee Schedule,"238 % 2013 Manhattan Medicare. ",202.77,,,,,,,Case Rate,"100% Medicare OPPS FS. ",276.72,,,,,,,Fee Schedule,"238 % 2013 Manhattan Medicare. ",276.72,,,,,,,Fee Schedule,"238 % 2013 Manhattan Medicare. ",276.72,,,,,,,Fee Schedule,"238 % 2013 Manhattan Medicare. ",276.72,,,,,,,Fee Schedule,"238 % 2013 Manhattan Medicare. ",202.77,,,,,,,Case Rate,"100% Medicare OPPS FS. ",276.72,,,,,,,Fee Schedule,"238 % 2013 Manhattan Medicare. ",276.72,,,,,,,Fee Schedule,"238 % 2013 Manhattan Medicare. ",176.88,,,,,,,Fee Schedule,"251.000425713069 % Medicare Physician FS TC Rates Only. ",72.66,,,,,,,Fee Schedule,100% of RBRVS. Lesser of 100% of billed charges applies.,7.9242,1,,,,,0,percent of total billed charges,NA. Covered services not payable under Medicaid Fee Schedules default to a payment of 50 percent of charges.; No services were performed during the 15 month look back period.,358.3,,,,,,,Fee Schedule,225% of NYS APG. Lesser of 100% of billed charges applies.,358.3,,,,,,,Case Rate,225 Percent of Medicaid APG. Covered services not payable under Medicaid Fee Schedules default to a payment of 87.5 percent of charges.,7.9242,1,,,,,0,percent of total billed charges,NA. Covered services not payable under Medicaid Fee Schedules default to a payment of 50 percent of charges.; No services were performed during the 15 month look back period.,358.3,,,,,,,Fee Schedule,225% of NYS APG. Lesser of 100% of billed charges applies.,358.3,,,,,,,Fee Schedule,225% of NYS APG. Lesser of 100% of billed charges applies.,358.3,,,,,,,Fee Schedule,225% of NYS APG. Lesser of 100% of billed charges applies.,358.3,,,,,,,Fee Schedule,225% of NYS APG. Lesser of 100% of billed charges applies.,358.3,,,,,,,Fee Schedule,225% of NYS APG. Lesser of 100% of billed charges applies.,358.3,,,,,,,Fee Schedule,225% of NYS APG. Lesser of 100% of billed charges applies.,,,,,,,,,"NA. ",,,,,,,,,"NA. ",,,,,,,,,"NA. ",86.26,,,,,,,Fee Schedule,"150 % 2018 Cigna RBRVS fee schedule. ",,,,,,,,,"NA. ",202.77,,,,,,,Case Rate,"100% Medicare OPPS FS. ",45,,,,,,,Fee Schedule,"100 % 1199 Fee Schedule. ",202.77,,,,,,,Case Rate,"100% Medicare OPPS FS. ",202.77,,,,,,,Case Rate,"100% Medicare OPPS FS. ",191.09,,,,,,,Case Rate,"120 Percent of Medicaid APG. Not APG payable, or payable under another fee schedule like ASP/AWP pays at 30% of charges",191.09,,,,,,,Case Rate,"120 Percent of Medicaid APG. Not APG payable, or payable under another fee schedule like ASP/AWP pays at 30% of charges",159.24,,,,,,,Case Rate,"100 Percent of Medicaid APG. Not APG payable, or payable under another fee schedule like ASP/AWP pays at 30% of charges",159.24,,,,,,,Case Rate,"100 Percent of Medicaid APG. Not APG payable, or payable under another fee schedule like ASP/AWP pays at 30% of charges",159.24,,,,,,,Case Rate,"100 Percent of Medicaid APG. ",152.92,,,,,,,Fee Schedule,"217 % Medicare RBRVS. ",176.88,,,,,,,Fee Schedule,"251.000425713069 % Medicare Physician FS TC Rates Only. ",179.7,,,,,,,Fee Schedule,"255 % Medicare RBRVS. ",86.26,,,,,,,Fee Schedule,"150 % 2018 Cigna RBRVS fee schedule. ",202.77,,,,,,,Case Rate,"100%Medicare OPPS FS. ",202.77,,,,,,,Case Rate,"100% Medicare OPPS FS. ",202.77,,,,,,,Case Rate,"100% Medicare OPPS FS. ",202.77,,,,,,,Case Rate,"100% Medicare OPPS FS. ",202.77,,,,,,,Case Rate,"100%Medicare OPPS FS. ",202.77,,,,,,,Case Rate,"100% Medicare OPPS FS. ",,,,,,,,,"NA. ",358.3,,,,,,,Fee Schedule,225% of NYS APG. Lesser of 100% of billed charges applies.,65.39,,,,,,,Fee Schedule,90 Percent of Medicare RBRVS. Lesser of 100% of billed charges applies.,276.72,,,,,,,Fee Schedule,"238 % 2013 Manhattan Medicare. ",152.92,,,,,,,Fee Schedule,"217 % Medicare RBRVS. ",152.92,,,,,,,Fee Schedule,"217 % Medicare RBRVS. ",152.92,,,,,,,Fee Schedule,"217 % Medicare RBRVS. ",152.92,,,,,,,Fee Schedule,"217 % Medicare RBRVS. ",202.77,,,,,,,Case Rate,"100% Medicare OPPS FS. ",159.24,,,,,,,Case Rate,"100 Percent of Medicaid APG. ",276.72,,,,,,,Fee Schedule,"238 % 2013 Manhattan Medicare. ",159.24,,,,,,,Case Rate,"100 Percent of Medicaid APG. ",202.77,,,,,,,Case Rate,"100% Medicare OPPS FS. ",159.24,,,,,,,Case Rate,"100 Percent of Medicaid APG. ",202.77,,,,,,,Case Rate,"100% Medicare OPPS FS. ",202.77,,,,,,,Case Rate,"100% Medicare OPPS FS. ",159.24,,,,,,,Case Rate,"100 Percent of Medicaid APG. ",159.24,,,,,,,Case Rate,"100 Percent of Medicaid APG. ",152.92,,,,,,,Fee Schedule,"217 % Medicare RBRVS. ",86.26,,,,,,,Fee Schedule,"150 % 2018 Cigna RBRVS fee schedule. ",618.0876,78,,,,,0,percent of total billed charges,78% of Billed Charges. Lesser of 100% of billed charges applies.; No services were performed during the 15 month look back period.,144.73,,,,,,,Fee Schedule,"100 % 19 Q1 CMS APC Pub 20190102. ",144.73,,,,,,,Fee Schedule,"100 % 19 Q1 CMS APC Pub 20190102. ",176.88,,,,,,,Fee Schedule,"251.000425713069 % Medicare Physician FS TC Rates Only. ",198.71,,,,,,,Case Rate,"98% of RBRVS. ",136.01,,,,,,,Fee Schedule,"193 % Medicare RBRVS. ",136.01,,,,,,,Fee Schedule,"193 % Medicare RBRVS. ",221.38,,,,,,,Fee Schedule,"190.4 % 2013 Manhattan Medicare. ",221.38,,,,,,,Fee Schedule,"190.4 % 2013 Manhattan Medicare. ",202.77,,,,,,,Case Rate,"100% Medicare OPPS FS. ",202.77,,,,,,,Case Rate,"100% Medicare OPPS FS. ",202.77,,,,,,,Case Rate,"100% Medicare OPPS FS. ",202.77,,,,,,,Case Rate,"100% Medicare OPPS FS. ",144.73,,,,,,,Fee Schedule,"100 % 19 Q1 CMS APC Pub 20190102. ",276.72,,,,,,,Fee Schedule,"238 % 2013 Manhattan Medicare. ",276.72,,,,,,,Fee Schedule,"238 % 2013 Manhattan Medicare. ",202.77,,,,,,,Case Rate,"100% Medicare OPPS FS. ",221.38,,,,,,,Fee Schedule,"190.4 % 2013 Manhattan Medicare. ",179.7,,,,,,,Fee Schedule,"255 % Medicare RBRVS. ",191.09,,,,,,,Fee Schedule,"120 Percent of Medicaid APG. ",159.24,,,,,,,Case Rate,"100 Percent of Medicaid APG. ",152.92,,,,,,,Fee Schedule,"217 % Medicare RBRVS. ",249.05,,,,,,,Fee Schedule,"214.2 % 2013 Manhattan Medicare. ",249.05,,,,,,,Fee Schedule,"214.2 % 2013 Manhattan Medicare. ",276.72,,,,,,,Fee Schedule,"238 % 2013 Manhattan Medicare. ",396.21,50,,,,,0,percent of total billed charges,50 percent of billed charges; No services were performed during the 15 month look back period.,202.77,,,,,,,Case Rate,"100%Medicare OPPS FS. ",167.2,,,,,,,Fee Schedule,105 percent of Medicaid APG. otherwise 105% of Ordered NYS MCD FS or 105% of ASP+6%,167.2,,,,,,,Fee Schedule,105 percent of Medicaid APG. otherwise 105% of Ordered NYS MCD FS or 105% of ASP+6%,167.2,,,,,,,Fee Schedule,105 percent of Medicaid APG. otherwise 105% of Ordered NYS MCD FS or 105% of ASP+6%,214.98,,,,,,,Fee Schedule,135 percent of Medicaid APG. otherwise 135% of Ordered NYS MCD FS or 135% of ASP+6%,144.73,,,,,,,Fee Schedule,"100 % 19 Q1 CMS APC Pub 20190102. ",167.2,,,,,,,Fee Schedule,105 percent of Medicaid APG. otherwise 105% of Ordered NYS MCD FS or 105% of ASP+6%,167.2,,,,,,,Fee Schedule,105 percent of Medicaid APG. otherwise 105% of Ordered NYS MCD FS or 105% of ASP+6%,167.2,,,,,,,Fee Schedule,105 percent of Medicaid APG. otherwise 105% of Ordered NYS MCD FS or 105% of ASP+6%,167.2,,,,,,,Fee Schedule,105 percent of Medicaid APG. otherwise 105% of Ordered NYS MCD FS or 105% of ASP+6%,167.2,,,,,,,Fee Schedule,105 percent of Medicaid APG. otherwise 105% of Ordered NYS MCD FS or 105% of ASP+6%,214.98,,,,,,,Fee Schedule,135 percent of Medicaid APG. otherwise 135% of Ordered NYS MCD FS or 135% of ASP+6%,214.98,,,,,,,Fee Schedule,135 percent of Medicaid APG. otherwise 135% of Ordered NYS MCD FS or 135% of ASP+6%,202.77,,,,,,,Case Rate,"100% Medicare OPPS FS. ",144.73,,,,,,,Fee Schedule,"100 % 19 Q1 CMS APC Pub 20190102. ",202.77,,,,,,,Case Rate,"100% Medicare OPPS FS. ",167.2,,,,,,,Fee Schedule,105 percent of Medicaid APG. otherwise 105% of Ordered NYS MCD FS or 105% of ASP+6%,276.72,,,,,,,Fee Schedule,"238 % 2013 Manhattan Medicare. ",202.77,,,,,,,Case Rate,"100% Medicare OPPS FS. ",276.72,,,,,,,Fee Schedule,"238 % 2013 Manhattan Medicare. ",276.72,,,,,,,Fee Schedule,"238 % 2013 Manhattan Medicare. ",276.72,,,,,,,Fee Schedule,"238 % 2013 Manhattan Medicare. ",167.2,,,,,,,Fee Schedule,105 percent of Medicaid APG. otherwise 105% of Ordered NYS MCD FS or 105% of ASP+6%,202.77,,,,,,,Case Rate,"100% Medicare OPPS FS. ",276.72,,,,,,,Fee Schedule,"238 % 2013 Manhattan Medicare. ",214.98,,,,,,,Fee Schedule,135 percent of Medicaid APG. otherwise 135% of Ordered NYS MCD FS or 135% of ASP+6%,276.72,,,,,,,Fee Schedule,"238 % 2013 Manhattan Medicare. ",304.16,,,,,,,Case Rate,"150% of Medicare OPPS. ",202.77,,,,,,,Case Rate,"100%Medicare OPPS FS. ",152.92,,,,,,,Fee Schedule,"217 % Medicare RBRVS. ",152.92,,,,,,,Fee Schedule,"217 % Medicare RBRVS. ",152.92,,,,,,,Fee Schedule,"217 % Medicare RBRVS. ",152.92,,,,,,,Fee Schedule,"217 % Medicare RBRVS. ",152.92,,,,,,,Fee Schedule,"217 % Medicare RBRVS. ",179.7,,,,,,,Fee Schedule,"255 % Medicare RBRVS. ",179.7,,,,,,,Fee Schedule,"255 % Medicare RBRVS. ",152.92,,,,,,,Fee Schedule,"217 % Medicare RBRVS. ",152.92,,,,,,,Fee Schedule,"217 % Medicare RBRVS. ",152.92,,,,,,,Fee Schedule,"217 % Medicare RBRVS. ",152.92,,,,,,,Fee Schedule,"217 % Medicare RBRVS. ",152.92,,,,,,,Fee Schedule,"217 % Medicare RBRVS. ",202.77,,,,,,,Case Rate,"100% Medicare OPPS FS. ",179.7,,,,,,,Fee Schedule,"255 % Medicare RBRVS. ",202.77,,,,,,,Case Rate,"100% Medicare OPPS FS. ",358.3,,,,,,,Case Rate,"225 Percent of Medicaid APG. If not included in Medicaid APG, then 100 Percent of Manhattan Medicare",159.24,,,,,,,Case Rate,"100 Percent of Medicaid APG. If not priced under APG, then Metroplus FeeSched",144.73,,,,,,,Fee Schedule,"100 % 19 Q1 CMS APC Pub 20190102. ",144.73,,,,,,,Fee Schedule,"100 % 19 Q1 CMS APC Pub 20190102. ",202.77,,,,,,,Case Rate,"100% Medicare OPPS FS. ",136.01,,,,,,,Fee Schedule,"193 % Medicare RBRVS. ",202.77,,,,,,,Case Rate,"100% Medicare OPPS FS. ",202.77,,,,,,,Case Rate,"100% Medicare OPPS FS. ",176.88,,,,,,,Fee Schedule,"251.000425713069 % Medicare Physician FS TC Rates Only. ",202.77,,,,,,,Case Rate,"100% Medicare OPPS FS. ",86.26,,,,,,,Fee Schedule,"150 % 2018 Cigna RBRVS fee schedule. ",202.77,,,,,,,Case Rate,"100% Medicare OPPS FS. ",86.26,,,,,,,Fee Schedule,"150 % 2018 Cigna RBRVS fee schedule. ",176.88,,,,,,,Fee Schedule,"251.000425713069 % Medicare Physician FS TC Rates Only. ",86.26,,,,,,,Fee Schedule,"150 % 2018 Cigna RBRVS fee schedule. ",202.77,,,,,,,Case Rate,"100% Medicare OPPS FS. ",159.24,,,,,,,Case Rate,"100 Percent of Medicaid APG. ",202.77,,,,,,,Case Rate,"100% Medicare OPPS FS. ",86.26,,,,,,,Fee Schedule,"150 % 2018 Cigna RBRVS fee schedule. ",144.73,,,,,,,Fee Schedule,"100 % 19 Q1 CMS APC Pub 20190102. ",159.24,,,,,,,Case Rate,"100 Percent of Medicaid APG. ",276.72,,,,,,,Fee Schedule,"238 % 2013 Manhattan Medicare. ",191.09,,,,,,,Fee Schedule,"120 Percent of Medicaid APG. ",191.09,,,,,,,Fee Schedule,"120 Percent of Medicaid APG. ",276.72,,,,,,,Fee Schedule,"238 % 2013 Manhattan Medicare. ",276.72,,,,,,,Fee Schedule,"238 % 2013 Manhattan Medicare. ",276.72,,,,,,,Fee Schedule,"238 % 2013 Manhattan Medicare. ",144.73,,,,,,,Fee Schedule,"100 % 19 Q1 CMS APC Pub 20190102. ",276.72,,,,,,,Fee Schedule,"238 % 2013 Manhattan Medicare. ",276.72,,,,,,,Fee Schedule,"238 % 2013 Manhattan Medicare. ",276.72,,,,,,,Fee Schedule,"238 % 2013 Manhattan Medicare. ",152.92,,,,,,,Fee Schedule,"217 % Medicare RBRVS. ",152.92,,,,,,,Fee Schedule,"217 % Medicare RBRVS. ",401.49,,,,,,,Case Rate,198 Percent of Medicare OPPS. Metroplus will reimburse unlisted codes and described codes with no Medicare rate at 50 percent of charges.,159.24,,,,,,,Case Rate,"100 Percent of Medicaid APG. ",144.73,,,,,,,Fee Schedule,"100 % 19 Q1 CMS APC Pub 20190102. ",86.26,,,,,,,Fee Schedule,"150 % 2018 Cigna RBRVS fee schedule. ",176.88,,,,,,,Fee Schedule,"251.000425713069 % Medicare Physician FS TC Rates Only. ",144.73,,,,,,,Fee Schedule,"100 % 19 Q1 CMS APC Pub 20190102. ",176.88,,,,,,,Fee Schedule,"251.000425713069 % Medicare Physician FS TC Rates Only. ",144.73,,,,,,,Fee Schedule,"100 % 19 Q1 CMS APC Pub 20190102. ",276.72,,,,,,,Fee Schedule,"238 % 2013 Manhattan Medicare. ",276.72,,,,,,,Fee Schedule,"238 % 2013 Manhattan Medicare. ",276.72,,,,,,,Fee Schedule,"238 % 2013 Manhattan Medicare. ",276.72,,,,,,,Fee Schedule,"238 % 2013 Manhattan Medicare. ",202.77,,,,,,,Case Rate,"100% Medicare OPPS FS. ",7.9242,792.42,
88360,CPT,2021931,LOCAL,310,RC,HC TUMOR IMMUNOHISTOCHEM/MANUAL,465.28,88.4032,both,,,,155,,,,,,,Fee Schedule,"100 % 1199 Fee Schedule. ",155,,,,,,,Fee Schedule,"100 % 1199 Fee Schedule. ",224.77,,,,,,,Fee Schedule,"250.999441652708 % Medicare Physician FS TC Rates Only. ",465.28,100,,,,,0,percent of total billed charges,100 percent of billed charges. ; No services were performed during the 15 month look back period.,202.77,,,,,,,Case Rate,"100% Medicare OPPS FS. ",224.77,,,,,,,Fee Schedule,"250.999441652708 % Medicare Physician FS TC Rates Only. ",224.77,,,,,,,Fee Schedule,"250.999441652708 % Medicare Physician FS TC Rates Only. ",224.77,,,,,,,Fee Schedule,"250.999441652708 % Medicare Physician FS TC Rates Only. ",191.09,,,,,,,Case Rate,"100 Percent of Medicaid APG. ",159.24,,,,,,,Case Rate,"100 Percent of Medicaid APG. ",362.9184,78,,,,,0,percent of total billed charges,78% of Billed Charges. Lesser of 100% of billed charges applies.; No services were performed during the 15 month look back period.,144.73,,,,,,,Fee Schedule,"100 % 19 Q1 CMS APC Pub 20190102. ",159.24,,,,,,,Case Rate,"100 Percent of Medicaid APG. ",202.77,,,,,,,Case Rate,"100% Medicare OPPS FS. ",158.9,,,,,,,Fee Schedule,"150 % 2018 Cigna RBRVS fee schedule. ",158.9,,,,,,,Fee Schedule,"150 % 2018 Cigna RBRVS fee schedule. ",158.9,,,,,,,Fee Schedule,"150 % 2018 Cigna RBRVS fee schedule. ",158.9,,,,,,,Fee Schedule,"150 % 2018 Cigna RBRVS fee schedule. ",4.6528,1,,465.28,465.28,465.28,1 through 10,percent of total billed charges,NA. Covered services not payable under Medicaid Fee Schedules default to a payment of 50 percent of charges.,202.77,,,,,,,Case Rate,"100% Medicare OPPS FS. ",4.6528,1,,113.75,56.88,465.28,99,percent of total billed charges,NA. Covered services not payable under Medicaid Fee Schedules default to a payment of 50 percent of charges.,362.9184,78,,,,,0,percent of total billed charges,78% of Billed Charges. Lesser of 100% of billed charges applies.; No services were performed during the 15 month look back period.,224.77,,,,,,,Fee Schedule,"250.999441652708 % Medicare Physician FS TC Rates Only. ",202.77,,,,,,,Case Rate,"100%Medicare OPPS FS. ",228.35,,,,,,,Fee Schedule,"255 % Medicare RBRVS. ",202.77,,,,,,,Case Rate,"100%Medicare OPPS FS. ",202.77,,,,,,,Case Rate,"100%Medicare OPPS FS. ",362.9184,78,,,,,0,percent of total billed charges,78% of Billed Charges. Lesser of 100% of billed charges applies.; No services were performed during the 15 month look back period.,25.62,,,,,,,Fee Schedule,100% Medicaid Fee Schedule. Lesser of 100% of billed charges applies.,25.62,,,,,,,Fee Schedule,100% Medicaid Fee Schedule. Lesser of 100% of billed charges applies.,83,,,,,,,Fee schedule,"90 Percent of Medicare RBRVS. ",83,,,,,,,Fee schedule,"90 Percent of Medicare RBRVS. ",228.35,,,,,,,Fee Schedule,"255 % Medicare RBRVS. ",228.35,,,,,,,Fee Schedule,"255 % Medicare RBRVS. ",159.24,,,,,,,Case Rate,"100 Percent of Medicaid APG. Not APG payable, or payable under another fee schedule like ASP/AWP pays at 30% of charges",228.35,,,,,,,Fee Schedule,"255 % Medicare RBRVS. ",159.24,,,,,,,Case Rate,"100 Percent of Medicaid APG. Not APG payable, or payable under another fee schedule like ASP/AWP pays at 30% of charges",202.77,,,,,,,Case Rate,"100%Medicare OPPS FS. ",228.35,,,,,,,Fee Schedule,"255 % Medicare RBRVS. ",362.9184,78,,,,,0,percent of total billed charges,78% of Billed Charges. Lesser of 100% of billed charges applies.; No services were performed during the 15 month look back period.,159.24,,,,,,,Case Rate,"100 Percent of Medicaid APG. If not priced under APG, then Metroplus FeeSched",159.24,,,,,,,Case Rate,"100 Percent of Medicaid APG. If not priced under APG, then Metroplus FeeSched",362.9184,78,,,,,0,percent of total billed charges,78% of Billed Charges. Lesser of 100% of billed charges applies.; No services were performed during the 15 month look back period.,158.9,,,,,,,Fee Schedule,"150 % 2018 Cigna RBRVS fee schedule. ",144.73,,,,,,,Fee Schedule,"100 % 19 Q1 CMS APC Pub 20190102. ",144.73,,,,,,,Fee Schedule,"100 % 19 Q1 CMS APC Pub 20190102. ",362.9184,78,,,,,0,percent of total billed charges,78% of Billed Charges. Lesser of 100% of billed charges applies.; No services were performed during the 15 month look back period.,202.77,,,,,,,Case Rate,"100% Medicare OPPS FS. ",144.73,,,,,,,Fee Schedule,"100 % 19 Q1 CMS APC Pub 20190102. ",144.73,,,,,,,Fee Schedule,"100 % 19 Q1 CMS APC Pub 20190102. ",144.73,,,,,,,Fee Schedule,"100 % 19 Q1 CMS APC Pub 20190102. ",202.77,,,,,,,Case Rate,"100% Medicare OPPS FS. ",144.73,,,,,,,Fee Schedule,"100 % 19 Q1 CMS APC Pub 20190102. ",144.73,,,,,,,Fee Schedule,"100 % 19 Q1 CMS APC Pub 20190102. ",202.77,,,,,,,Case Rate,"100% of Medicare OPPS. ",232.64,50,,,,,0,percent of total billed charges,50 percent of billed charges; No services were performed during the 15 month look back period.,207.08,,,,,,,Fee Schedule,"238 % 2013 Manhattan Medicare. ",207.08,,,,,,,Fee Schedule,"238 % 2013 Manhattan Medicare. ",207.08,,,,,,,Fee Schedule,"238 % 2013 Manhattan Medicare. ",207.08,,,,,,,Fee Schedule,"238 % 2013 Manhattan Medicare. ",207.08,,,,,,,Fee Schedule,"238 % 2013 Manhattan Medicare. ",207.08,,,,,,,Fee Schedule,"238 % 2013 Manhattan Medicare. ",202.77,,,,,,,Case Rate,"100% Medicare OPPS FS. ",202.77,,,,,,,Case Rate,"100% Medicare OPPS FS. ",207.08,,,,,,,Fee Schedule,"238 % 2013 Manhattan Medicare. ",362.9184,78,,,,,0,percent of total billed charges,78% of Billed Charges. Lesser of 100% of billed charges applies.; No services were performed during the 15 month look back period.,362.9184,78,,,,,0,percent of total billed charges,78% of Billed Charges. Lesser of 100% of billed charges applies.; No services were performed during the 15 month look back period.,362.9184,78,,,,,0,percent of total billed charges,78% of Billed Charges. Lesser of 100% of billed charges applies.; No services were performed during the 15 month look back period.,362.9184,78,,,,,0,percent of total billed charges,78% of Billed Charges. Lesser of 100% of billed charges applies.; No services were performed during the 15 month look back period.,362.9184,78,,,,,0,percent of total billed charges,78% of Billed Charges. Lesser of 100% of billed charges applies.; No services were performed during the 15 month look back period.,362.9184,78,,,,,0,percent of total billed charges,78% of Billed Charges. Lesser of 100% of billed charges applies.; No services were performed during the 15 month look back period.,362.9184,78,,,,,0,percent of total billed charges,78% of Billed Charges. Lesser of 100% of billed charges applies.; No services were performed during the 15 month look back period.,362.9184,78,,,,,0,percent of total billed charges,78% of Billed Charges. Lesser of 100% of billed charges applies.; No services were performed during the 15 month look back period.,362.9184,78,,,,,0,percent of total billed charges,78% of Billed Charges. Lesser of 100% of billed charges applies.; No services were performed during the 15 month look back period.,362.9184,78,,,,,0,percent of total billed charges,78% of Billed Charges. Lesser of 100% of billed charges applies.; No services were performed during the 15 month look back period.,362.9184,78,,,,,0,percent of total billed charges,78% of Billed Charges. Lesser of 100% of billed charges applies.; No services were performed during the 15 month look back period.,362.9184,78,,,,,0,percent of total billed charges,78% of Billed Charges. Lesser of 100% of billed charges applies.; No services were performed during the 15 month look back period.,362.9184,78,,,,,0,percent of total billed charges,78% of Billed Charges. Lesser of 100% of billed charges applies.; No services were performed during the 15 month look back period.,362.9184,78,,,,,0,percent of total billed charges,78% of Billed Charges. Lesser of 100% of billed charges applies.; No services were performed during the 15 month look back period.,362.9184,78,,,,,0,percent of total billed charges,78% of Billed Charges. Lesser of 100% of billed charges applies.; No services were performed during the 15 month look back period.,362.9184,78,,,,,0,percent of total billed charges,78% of Billed Charges. Lesser of 100% of billed charges applies.; No services were performed during the 15 month look back period.,362.9184,78,,,,,0,percent of total billed charges,78% of Billed Charges. Lesser of 100% of billed charges applies.; No services were performed during the 15 month look back period.,362.9184,78,,,,,0,percent of total billed charges,78% of Billed Charges. Lesser of 100% of billed charges applies.; No services were performed during the 15 month look back period.,362.9184,78,,,,,0,percent of total billed charges,78% of Billed Charges. Lesser of 100% of billed charges applies.; No services were performed during the 15 month look back period.,362.9184,78,,,,,0,percent of total billed charges,78% of Billed Charges. Lesser of 100% of billed charges applies.; No services were performed during the 15 month look back period.,362.9184,78,,,,,0,percent of total billed charges,78% of Billed Charges. Lesser of 100% of billed charges applies.; No services were performed during the 15 month look back period.,362.9184,78,,,,,0,percent of total billed charges,78% of Billed Charges. Lesser of 100% of billed charges applies.; No services were performed during the 15 month look back period.,362.9184,78,,,,,0,percent of total billed charges,78% of Billed Charges. Lesser of 100% of billed charges applies.; No services were performed during the 15 month look back period.,362.9184,78,,,,,0,percent of total billed charges,78% of Billed Charges. Lesser of 100% of billed charges applies.; No services were performed during the 15 month look back period.,362.9184,78,,,,,0,percent of total billed charges,78% of Billed Charges. Lesser of 100% of billed charges applies.; No services were performed during the 15 month look back period.,362.9184,78,,,,,0,percent of total billed charges,78% of Billed Charges. Lesser of 100% of billed charges applies.; No services were performed during the 15 month look back period.,228.35,,,,,,,Fee Schedule,"255 % Medicare RBRVS. ",228.35,,,,,,,Fee Schedule,"255 % Medicare RBRVS. ",228.35,,,,,,,Fee Schedule,"255 % Medicare RBRVS. ",228.35,,,,,,,Fee Schedule,"255 % Medicare RBRVS. ",172.83,,,,,,,Fee Schedule,"193 % Medicare RBRVS. ",172.83,,,,,,,Fee Schedule,"193 % Medicare RBRVS. ",158.9,,,,,,,Fee Schedule,"150 % 2018 Cigna RBRVS fee schedule. ",207.08,,,,,,,Fee Schedule,"238 % 2013 Manhattan Medicare. ",144.73,,,,,,,Fee Schedule,"100 % 19 Q1 CMS APC Pub 20190102. ",207.08,,,,,,,Fee Schedule,"238 % 2013 Manhattan Medicare. ",362.9184,78,,,,,0,percent of total billed charges,78% of Billed Charges. Lesser of 100% of billed charges applies.; No services were performed during the 15 month look back period.,172.83,,,,,,,Fee Schedule,"193 % Medicare RBRVS. ",207.08,,,,,,,Fee Schedule,"238 % 2013 Manhattan Medicare. ",144.73,,,,,,,Fee Schedule,"100 % 19 Q1 CMS APC Pub 20190102. ",158.9,,,,,,,Fee Schedule,"150 % 2018 Cigna RBRVS fee schedule. ",,,,,,,,,"NA. ",362.9184,78,,,,,0,percent of total billed charges,78% of Billed Charges. Lesser of 100% of billed charges applies.; No services were performed during the 15 month look back period.,159.24,,,,,,,Case Rate,"100 Percent of Medicaid APG. ",228.35,,,,,,,Fee Schedule,"255 % Medicare RBRVS. ",159.24,,,,,,,Case Rate,"100 Percent of Medicaid APG. Not APG payable, or payable under another fee schedule like ASP/AWP pays at 30% of charges",202.77,,,,,,,Case Rate,"100%Medicare OPPS FS. ",202.77,,,,,,,Case Rate,"100% Medicare OPPS FS. ",232.64,50,,,,,0,percent of total billed charges,50 percent of billed charges; No services were performed during the 15 month look back period.,202.77,,,,,,,Case Rate,"100% Medicare OPPS FS. ",202.77,,,,,,,Case Rate,"100% Medicare OPPS FS. ",159.24,,,,,,,Case Rate,"100 Percent of Medicaid APG. ",202.77,,,,,,,Case Rate,"100% Medicare OPPS FS. ",202.77,,,,,,,Case Rate,"100% Medicare OPPS FS. ",224.77,,,,,,,Fee Schedule,"250.999441652708 % Medicare Physician FS TC Rates Only. ",224.77,,,,,,,Fee Schedule,"250.999441652708 % Medicare Physician FS TC Rates Only. ",202.77,,,,,,,Case Rate,"100% Medicare OPPS FS. ",158.9,,,,,,,Fee Schedule,"150 % 2018 Cigna RBRVS fee schedule. ",144.73,,,,,,,Fee Schedule,"100 % 19 Q1 CMS APC Pub 20190102. ",144.73,,,,,,,Fee Schedule,"100 % 19 Q1 CMS APC Pub 20190102. ",202.77,,,,,,,Case Rate,"100% Medicare OPPS FS. ",158.9,,,,,,,Fee Schedule,"150 % 2018 Cigna RBRVS fee schedule. ",224.77,,,,,,,Fee Schedule,"250.999441652708 % Medicare Physician FS TC Rates Only. ",224.77,,,,,,,Fee Schedule,"250.999441652708 % Medicare Physician FS TC Rates Only. ",224.77,,,,,,,Fee Schedule,"250.999441652708 % Medicare Physician FS TC Rates Only. ",362.9184,78,,,,,0,percent of total billed charges,78% of Billed Charges. Lesser of 100% of billed charges applies.; No services were performed during the 15 month look back period.,362.9184,78,,,,,0,percent of total billed charges,78% of Billed Charges. Lesser of 100% of billed charges applies.; No services were performed during the 15 month look back period.,362.9184,78,,,,,0,percent of total billed charges,78% of Billed Charges. Lesser of 100% of billed charges applies.; No services were performed during the 15 month look back period.,362.9184,78,,,,,0,percent of total billed charges,78% of Billed Charges. Lesser of 100% of billed charges applies.; No services were performed during the 15 month look back period.,362.9184,78,,,,,0,percent of total billed charges,78% of Billed Charges. Lesser of 100% of billed charges applies.; No services were performed during the 15 month look back period.,362.9184,78,,,,,0,percent of total billed charges,78% of Billed Charges. Lesser of 100% of billed charges applies.; No services were performed during the 15 month look back period.,362.9184,78,,,,,0,percent of total billed charges,78% of Billed Charges. Lesser of 100% of billed charges applies.; No services were performed during the 15 month look back period.,362.9184,78,,,,,0,percent of total billed charges,78% of Billed Charges. Lesser of 100% of billed charges applies.; No services were performed during the 15 month look back period.,362.9184,78,,,,,0,percent of total billed charges,78% of Billed Charges. Lesser of 100% of billed charges applies.; No services were performed during the 15 month look back period.,362.9184,78,,,,,0,percent of total billed charges,78% of Billed Charges. Lesser of 100% of billed charges applies.; No services were performed during the 15 month look back period.,362.9184,78,,,,,0,percent of total billed charges,78% of Billed Charges. Lesser of 100% of billed charges applies.; No services were performed during the 15 month look back period.,172.83,,,,,,,Fee Schedule,"193 % Medicare RBRVS. ",207.08,,,,,,,Fee Schedule,"238 % 2013 Manhattan Medicare. ",158.9,,,,,,,Fee Schedule,"150 % 2018 Cigna RBRVS fee schedule. ",202.77,,,,,,,Case Rate,"100% Medicare OPPS FS. ",224.77,,,,,,,Fee Schedule,"250.999441652708 % Medicare Physician FS TC Rates Only. ",158.9,,,,,,,Fee Schedule,"150 % 2018 Cigna RBRVS fee schedule. ",158.9,,,,,,,Fee Schedule,"150 % 2018 Cigna RBRVS fee schedule. ",362.9184,78,,,,,0,percent of total billed charges,78% of Billed Charges. Lesser of 100% of billed charges applies.; No services were performed during the 15 month look back period.,340.78,,,,,,,Case Rate,"141 Percent of current Medicare RBRVS FeeSched. ",158.9,,,,,,,Fee Schedule,"150 % 2018 Cigna RBRVS fee schedule. ",159.24,,,,,,,Case Rate,"100 Percent of Medicaid APG. ",202.77,,,,,,,Case Rate,"100% Medicare OPPS FS. ",202.77,,,,,,,Case Rate,"100% Medicare OPPS FS. ",202.77,,,,,,,Case Rate,"100% Medicare OPPS FS. ",202.77,,,,,,,Case Rate,"100% Medicare OPPS FS. ",202.77,,,,,,,Case Rate,"100% Medicare OPPS FS. ",202.77,,,,,,,Case Rate,"100% Medicare OPPS FS. ",158.9,,,,,,,Fee Schedule,"150 % 2018 Cigna RBRVS fee schedule. ",232.64,50,,,,,0,percent of total billed charges,50 percent of billed charges; No services were performed during the 15 month look back period.,4.6528,1,,82.57,82.57,465.28,1 through 10,percent of total billed charges,"NA. ",4.6528,1,,82.57,82.57,82.57,1 through 10,percent of total billed charges,"NA. ",4.6528,1,,82.57,82.57,465.28,1 through 10,percent of total billed charges,"NA. ",4.6528,1,,,,,0,percent of total billed charges,NA. ; No services were performed during the 15 month look back period.,4.6528,1,,,,,0,percent of total billed charges,NA. ; No services were performed during the 15 month look back period.,,,,,,,,,"NA. ",232.64,50,,,,,0,percent of total billed charges,50 percent of billed charges; No services were performed during the 15 month look back period.,401.49,,,,,,,Case Rate,198 Percent of Medicare OPPS. Metroplus will reimburse unlisted codes and described codes with no Medicare rate at 50 percent of charges.,401.49,,,,,,,Case Rate,198 Percent of Medicare OPPS. Metroplus will reimburse unlisted codes and described codes with no Medicare rate at 50 percent of charges.,401.49,,,,,,,Case Rate,198 Percent of Medicare OPPS. Metroplus will reimburse unlisted codes and described codes with no Medicare rate at 50 percent of charges.,401.49,,,,,,,Case Rate,198 Percent of Medicare OPPS. Metroplus will reimburse unlisted codes and described codes with no Medicare rate at 50 percent of charges.,401.49,,,,,,,Case Rate,198 Percent of Medicare OPPS. Metroplus will reimburse unlisted codes and described codes with no Medicare rate at 50 percent of charges.,202.77,,,,,,,Case Rate,"100% Medicare OPPS FS. ",172.83,,,,,,,Fee Schedule,"193 % Medicare RBRVS. ",172.83,,,,,,,Fee Schedule,"193 % Medicare RBRVS. ",172.83,,,,,,,Fee Schedule,"193 % Medicare RBRVS. ",172.83,,,,,,,Fee Schedule,"193 % Medicare RBRVS. ",224.77,,,,,,,Fee Schedule,"250.999441652708 % Medicare Physician FS TC Rates Only. ",224.77,,,,,,,Fee Schedule,"250.999441652708 % Medicare Physician FS TC Rates Only. ",224.77,,,,,,,Fee Schedule,"250.999441652708 % Medicare Physician FS TC Rates Only. ",224.77,,,,,,,Fee Schedule,"250.999441652708 % Medicare Physician FS TC Rates Only. ",232.64,50,,,,,0,percent of total billed charges,50 percent of billed charges; No services were performed during the 15 month look back period.,232.64,50,,,,,0,percent of total billed charges,50 percent of billed charges; No services were performed during the 15 month look back period.,202.77,,,,,,,Case Rate,"100% Medicare OPPS FS. ",202.77,,,,,,,Case Rate,"100% Medicare OPPS FS. ",202.77,,,,,,,Case Rate,"100% Medicare OPPS FS. ",207.08,,,,,,,Fee Schedule,"238 % 2013 Manhattan Medicare. ",207.08,,,,,,,Fee Schedule,"238 % 2013 Manhattan Medicare. ",207.08,,,,,,,Fee Schedule,"238 % 2013 Manhattan Medicare. ",232.64,50,,,,,0,percent of total billed charges,50 percent of billed charges; No services were performed during the 15 month look back period.,224.77,,,,,,,Fee Schedule,"250.999441652708 % Medicare Physician FS TC Rates Only. ",202.77,,,,,,,Case Rate,"100% Medicare OPPS FS. ",207.08,,,,,,,Fee Schedule,"238 % 2013 Manhattan Medicare. ",159.24,,,,,,,Case Rate,"100 Percent of Medicaid APG. ",206.83,,,,,,,Case Rate,"102% of Medicare OPPS. ",206.83,,,,,,,Case Rate,"102% of Medicare OPPS. ",206.83,,,,,,,Case Rate,"102% of Medicare OPPS. ",83,,,,,,,Fee schedule,"90 Percent of Medicare RBRVS. ",358.3,,,,,,,Fee Schedule,225% of NYS APG. Lesser of 100% of billed charges applies.,358.3,,,,,,,Fee Schedule,225% of NYS APG. Lesser of 100% of billed charges applies.,358.3,,,,,,,Fee Schedule,225% of NYS APG. Lesser of 100% of billed charges applies.,358.3,,,,,,,Fee Schedule,225% of NYS APG. Lesser of 100% of billed charges applies.,358.3,,,,,,,Fee Schedule,225% of NYS APG. Lesser of 100% of billed charges applies.,206.83,,,,,,,Case Rate,"102% of Medicare OPPS. ",159.24,,,,,,,Case Rate,"100 Percent of Medicaid APG. ",25.62,,,,,,,Fee Schedule,100% Medicaid Fee Schedule. Lesser of 100% of billed charges applies.,358.3,,,,,,,Fee Schedule,225% of NYS APG. Lesser of 100% of billed charges applies.,358.3,,,,,,,Fee Schedule,225% of NYS APG. Lesser of 100% of billed charges applies.,25.62,,,,,,,Fee Schedule,100% Medicaid Fee Schedule. Lesser of 100% of billed charges applies.,25.62,,,,,,,Fee Schedule,100% Medicaid Fee Schedule. Lesser of 100% of billed charges applies.,4.6528,1,,206.39,57.65,206.39,1 through 10,percent of total billed charges,"NA. ",202.77,,,,,,,Case Rate,"100% Medicare OPPS FS. ",202.77,,,,,,,Case Rate,"100% Medicare OPPS FS. ",224.77,,,,,,,Fee Schedule,"250.999441652708 % Medicare Physician FS TC Rates Only. ",202.77,,,,,,,Case Rate,"100% Medicare OPPS FS. ",358.3,,,,,,,Fee Schedule,"225 Percent of Medicaid APG. ",358.3,,,,,,,Fee Schedule,"225 Percent of Medicaid APG. ",83,,,,,,,Fee schedule,"90 Percent of Medicare RBRVS. ",83,,,,,,,Fee schedule,"90 Percent of Medicare RBRVS. ",358.3,,,,,,,Case Rate,225 Percent of Medicaid APG. Covered services not payable under Medicaid Fee Schedules default to a payment of 87.5 percent of charges.,4.6528,1,,115.29,103.21,206.39,11,percent of total billed charges,NA. Covered services not payable under Medicaid Fee Schedules default to a payment of 50 percent of charges.,358.3,,,,,,,Case Rate,"100 Percent of Medicaid APG. ",358.3,,,,,,,Case Rate,"100 Percent of Medicaid APG. ",358.3,,,,,,,Case Rate,"100 Percent of Medicaid APG. ",358.3,,,,,,,Case Rate,"100 Percent of Medicaid APG. ",939.21,,,,,,,Fee Schedule,"1019 % Manhattan Facility Rate. ",232.64,50,,,,,0,percent of total billed charges,50 percent of billed charges; No services were performed during the 15 month look back period.,191.09,,,,,,,Case Rate,"120 Percent of Medicaid APG. Not APG payable, or payable under another fee schedule like ASP/AWP pays at 30% of charges",191.09,,,,,,,Case Rate,"120 Percent of Medicaid APG. Not APG payable, or payable under another fee schedule like ASP/AWP pays at 30% of charges",159.24,,,,,,,Case Rate,"100 Percent of Medicaid APG. Not APG payable, or payable under another fee schedule like ASP/AWP pays at 30% of charges",159.24,,,,,,,Case Rate,"100 Percent of Medicaid APG. Not APG payable, or payable under another fee schedule like ASP/AWP pays at 30% of charges",207.08,,,,,,,Fee Schedule,"238 % 2013 Manhattan Medicare. ",207.08,,,,,,,Fee Schedule,"238 % 2013 Manhattan Medicare. ",202.77,,,,,,,Case Rate,"100% Medicare OPPS FS. ",207.08,,,,,,,Fee Schedule,"238 % 2013 Manhattan Medicare. ",207.08,,,,,,,Fee Schedule,"238 % 2013 Manhattan Medicare. ",207.08,,,,,,,Fee Schedule,"238 % 2013 Manhattan Medicare. ",207.08,,,,,,,Fee Schedule,"238 % 2013 Manhattan Medicare. ",202.77,,,,,,,Case Rate,"100% Medicare OPPS FS. ",207.08,,,,,,,Fee Schedule,"238 % 2013 Manhattan Medicare. ",207.08,,,,,,,Fee Schedule,"238 % 2013 Manhattan Medicare. ",224.77,,,,,,,Fee Schedule,"250.999441652708 % Medicare Physician FS TC Rates Only. ",175.17,,,,,,,Fee Schedule,110% of APG. Lesser of 100% of billed charges applies.,4.6528,1,,,,,0,percent of total billed charges,NA. Covered services not payable under Medicaid Fee Schedules default to a payment of 50 percent of charges.; No services were performed during the 15 month look back period.,358.3,,,,,,,Fee Schedule,225% of NYS APG. Lesser of 100% of billed charges applies.,358.3,,,,,,,Case Rate,225 Percent of Medicaid APG. Covered services not payable under Medicaid Fee Schedules default to a payment of 87.5 percent of charges.,4.6528,1,,113.51,103.21,1861.12,1 through 10,percent of total billed charges,NA. Covered services not payable under Medicaid Fee Schedules default to a payment of 50 percent of charges.,358.3,,,,,,,Fee Schedule,225% of NYS APG. Lesser of 100% of billed charges applies.,358.3,,,,,,,Fee Schedule,225% of NYS APG. Lesser of 100% of billed charges applies.,358.3,,,,,,,Fee Schedule,225% of NYS APG. Lesser of 100% of billed charges applies.,358.3,,,,,,,Fee Schedule,225% of NYS APG. Lesser of 100% of billed charges applies.,358.3,,,,,,,Fee Schedule,225% of NYS APG. Lesser of 100% of billed charges applies.,358.3,,,,,,,Fee Schedule,225% of NYS APG. Lesser of 100% of billed charges applies.,,,,,,,,,"NA. ",,,,,,,,,"NA. ",,,,,,,,,"NA. ",158.9,,,,,,,Fee Schedule,"150 % 2018 Cigna RBRVS fee schedule. ",,,,,,,,,"NA. ",202.77,,,,,,,Case Rate,"100% Medicare OPPS FS. ",155,,,,,,,Fee Schedule,"100 % 1199 Fee Schedule. ",202.77,,,,,,,Case Rate,"100% Medicare OPPS FS. ",202.77,,,,,,,Case Rate,"100% Medicare OPPS FS. ",191.09,,,,,,,Case Rate,"120 Percent of Medicaid APG. Not APG payable, or payable under another fee schedule like ASP/AWP pays at 30% of charges",191.09,,,,,,,Case Rate,"120 Percent of Medicaid APG. Not APG payable, or payable under another fee schedule like ASP/AWP pays at 30% of charges",159.24,,,,,,,Case Rate,"100 Percent of Medicaid APG. Not APG payable, or payable under another fee schedule like ASP/AWP pays at 30% of charges",159.24,,,,,,,Case Rate,"100 Percent of Medicaid APG. Not APG payable, or payable under another fee schedule like ASP/AWP pays at 30% of charges",159.24,,,,,,,Case Rate,"100 Percent of Medicaid APG. ",194.32,,,,,,,Fee Schedule,"217 % Medicare RBRVS. ",224.77,,,,,,,Fee Schedule,"250.999441652708 % Medicare Physician FS TC Rates Only. ",228.35,,,,,,,Fee Schedule,"255 % Medicare RBRVS. ",158.9,,,,,,,Fee Schedule,"150 % 2018 Cigna RBRVS fee schedule. ",202.77,,,,,,,Case Rate,"100%Medicare OPPS FS. ",202.77,,,,,,,Case Rate,"100% Medicare OPPS FS. ",202.77,,,,,,,Case Rate,"100% Medicare OPPS FS. ",202.77,,,,,,,Case Rate,"100% Medicare OPPS FS. ",202.77,,,,,,,Case Rate,"100%Medicare OPPS FS. ",202.77,,,,,,,Case Rate,"100% Medicare OPPS FS. ",,,,,,,,,"NA. ",358.3,,,,,,,Fee Schedule,225% of NYS APG. Lesser of 100% of billed charges applies.,25.62,,,,,,,Fee Schedule,100% Medicaid Fee Schedule. Lesser of 100% of billed charges applies.,207.08,,,,,,,Fee Schedule,"238 % 2013 Manhattan Medicare. ",194.32,,,,,,,Fee Schedule,"217 % Medicare RBRVS. ",194.32,,,,,,,Fee Schedule,"217 % Medicare RBRVS. ",194.32,,,,,,,Fee Schedule,"217 % Medicare RBRVS. ",194.32,,,,,,,Fee Schedule,"217 % Medicare RBRVS. ",202.77,,,,,,,Case Rate,"100% Medicare OPPS FS. ",159.24,,,,,,,Case Rate,"100 Percent of Medicaid APG. ",207.08,,,,,,,Fee Schedule,"238 % 2013 Manhattan Medicare. ",159.24,,,,,,,Case Rate,"100 Percent of Medicaid APG. ",202.77,,,,,,,Case Rate,"100% Medicare OPPS FS. ",159.24,,,,,,,Case Rate,"100 Percent of Medicaid APG. ",202.77,,,,,,,Case Rate,"100% Medicare OPPS FS. ",202.77,,,,,,,Case Rate,"100% Medicare OPPS FS. ",159.24,,,,,,,Case Rate,"100 Percent of Medicaid APG. ",159.24,,,,,,,Case Rate,"100 Percent of Medicaid APG. ",194.32,,,,,,,Fee Schedule,"217 % Medicare RBRVS. ",158.9,,,,,,,Fee Schedule,"150 % 2018 Cigna RBRVS fee schedule. ",362.9184,78,,,,,0,percent of total billed charges,78% of Billed Charges. Lesser of 100% of billed charges applies.; No services were performed during the 15 month look back period.,144.73,,,,,,,Fee Schedule,"100 % 19 Q1 CMS APC Pub 20190102. ",144.73,,,,,,,Fee Schedule,"100 % 19 Q1 CMS APC Pub 20190102. ",224.77,,,,,,,Fee Schedule,"250.999441652708 % Medicare Physician FS TC Rates Only. ",198.71,,,,,,,Case Rate,"98% of RBRVS. ",172.83,,,,,,,Fee Schedule,"193 % Medicare RBRVS. ",172.83,,,,,,,Fee Schedule,"193 % Medicare RBRVS. ",165.67,,,,,,,Fee Schedule,"190.4 % 2013 Manhattan Medicare. ",165.67,,,,,,,Fee Schedule,"190.4 % 2013 Manhattan Medicare. ",202.77,,,,,,,Case Rate,"100% Medicare OPPS FS. ",202.77,,,,,,,Case Rate,"100% Medicare OPPS FS. ",202.77,,,,,,,Case Rate,"100% Medicare OPPS FS. ",202.77,,,,,,,Case Rate,"100% Medicare OPPS FS. ",144.73,,,,,,,Fee Schedule,"100 % 19 Q1 CMS APC Pub 20190102. ",207.08,,,,,,,Fee Schedule,"238 % 2013 Manhattan Medicare. ",207.08,,,,,,,Fee Schedule,"238 % 2013 Manhattan Medicare. ",202.77,,,,,,,Case Rate,"100% Medicare OPPS FS. ",165.67,,,,,,,Fee Schedule,"190.4 % 2013 Manhattan Medicare. ",228.35,,,,,,,Fee Schedule,"255 % Medicare RBRVS. ",191.09,,,,,,,Fee Schedule,"120 Percent of Medicaid APG. ",159.24,,,,,,,Case Rate,"100 Percent of Medicaid APG. ",194.32,,,,,,,Fee Schedule,"217 % Medicare RBRVS. ",186.38,,,,,,,Fee Schedule,"214.2 % 2013 Manhattan Medicare. ",186.38,,,,,,,Fee Schedule,"214.2 % 2013 Manhattan Medicare. ",207.08,,,,,,,Fee Schedule,"238 % 2013 Manhattan Medicare. ",232.64,50,,,,,0,percent of total billed charges,50 percent of billed charges; No services were performed during the 15 month look back period.,202.77,,,,,,,Case Rate,"100%Medicare OPPS FS. ",167.2,,,,,,,Fee Schedule,105 percent of Medicaid APG. otherwise 105% of Ordered NYS MCD FS or 105% of ASP+6%,167.2,,,,,,,Fee Schedule,105 percent of Medicaid APG. otherwise 105% of Ordered NYS MCD FS or 105% of ASP+6%,167.2,,,,,,,Fee Schedule,105 percent of Medicaid APG. otherwise 105% of Ordered NYS MCD FS or 105% of ASP+6%,214.98,,,,,,,Fee Schedule,135 percent of Medicaid APG. otherwise 135% of Ordered NYS MCD FS or 135% of ASP+6%,144.73,,,,,,,Fee Schedule,"100 % 19 Q1 CMS APC Pub 20190102. ",167.2,,,,,,,Fee Schedule,105 percent of Medicaid APG. otherwise 105% of Ordered NYS MCD FS or 105% of ASP+6%,167.2,,,,,,,Fee Schedule,105 percent of Medicaid APG. otherwise 105% of Ordered NYS MCD FS or 105% of ASP+6%,167.2,,,,,,,Fee Schedule,105 percent of Medicaid APG. otherwise 105% of Ordered NYS MCD FS or 105% of ASP+6%,167.2,,,,,,,Fee Schedule,105 percent of Medicaid APG. otherwise 105% of Ordered NYS MCD FS or 105% of ASP+6%,167.2,,,,,,,Fee Schedule,105 percent of Medicaid APG. otherwise 105% of Ordered NYS MCD FS or 105% of ASP+6%,214.98,,,,,,,Fee Schedule,135 percent of Medicaid APG. otherwise 135% of Ordered NYS MCD FS or 135% of ASP+6%,214.98,,,,,,,Fee Schedule,135 percent of Medicaid APG. otherwise 135% of Ordered NYS MCD FS or 135% of ASP+6%,202.77,,,,,,,Case Rate,"100% Medicare OPPS FS. ",144.73,,,,,,,Fee Schedule,"100 % 19 Q1 CMS APC Pub 20190102. ",202.77,,,,,,,Case Rate,"100% Medicare OPPS FS. ",167.2,,,,,,,Fee Schedule,105 percent of Medicaid APG. otherwise 105% of Ordered NYS MCD FS or 105% of ASP+6%,207.08,,,,,,,Fee Schedule,"238 % 2013 Manhattan Medicare. ",202.77,,,,,,,Case Rate,"100% Medicare OPPS FS. ",207.08,,,,,,,Fee Schedule,"238 % 2013 Manhattan Medicare. ",207.08,,,,,,,Fee Schedule,"238 % 2013 Manhattan Medicare. ",207.08,,,,,,,Fee Schedule,"238 % 2013 Manhattan Medicare. ",167.2,,,,,,,Fee Schedule,105 percent of Medicaid APG. otherwise 105% of Ordered NYS MCD FS or 105% of ASP+6%,202.77,,,,,,,Case Rate,"100% Medicare OPPS FS. ",207.08,,,,,,,Fee Schedule,"238 % 2013 Manhattan Medicare. ",214.98,,,,,,,Fee Schedule,135 percent of Medicaid APG. otherwise 135% of Ordered NYS MCD FS or 135% of ASP+6%,207.08,,,,,,,Fee Schedule,"238 % 2013 Manhattan Medicare. ",304.16,,,,,,,Case Rate,"150% of Medicare OPPS. ",202.77,,,,,,,Case Rate,"100%Medicare OPPS FS. ",194.32,,,,,,,Fee Schedule,"217 % Medicare RBRVS. ",194.32,,,,,,,Fee Schedule,"217 % Medicare RBRVS. ",194.32,,,,,,,Fee Schedule,"217 % Medicare RBRVS. ",194.32,,,,,,,Fee Schedule,"217 % Medicare RBRVS. ",194.32,,,,,,,Fee Schedule,"217 % Medicare RBRVS. ",228.35,,,,,,,Fee Schedule,"255 % Medicare RBRVS. ",228.35,,,,,,,Fee Schedule,"255 % Medicare RBRVS. ",194.32,,,,,,,Fee Schedule,"217 % Medicare RBRVS. ",194.32,,,,,,,Fee Schedule,"217 % Medicare RBRVS. ",194.32,,,,,,,Fee Schedule,"217 % Medicare RBRVS. ",194.32,,,,,,,Fee Schedule,"217 % Medicare RBRVS. ",194.32,,,,,,,Fee Schedule,"217 % Medicare RBRVS. ",202.77,,,,,,,Case Rate,"100% Medicare OPPS FS. ",228.35,,,,,,,Fee Schedule,"255 % Medicare RBRVS. ",202.77,,,,,,,Case Rate,"100% Medicare OPPS FS. ",358.3,,,,,,,Case Rate,"225 Percent of Medicaid APG. If not included in Medicaid APG, then 100 Percent of Manhattan Medicare",159.24,,,,,,,Case Rate,"100 Percent of Medicaid APG. If not priced under APG, then Metroplus FeeSched",144.73,,,,,,,Fee Schedule,"100 % 19 Q1 CMS APC Pub 20190102. ",144.73,,,,,,,Fee Schedule,"100 % 19 Q1 CMS APC Pub 20190102. ",202.77,,,,,,,Case Rate,"100% Medicare OPPS FS. ",172.83,,,,,,,Fee Schedule,"193 % Medicare RBRVS. ",202.77,,,,,,,Case Rate,"100% Medicare OPPS FS. ",202.77,,,,,,,Case Rate,"100% Medicare OPPS FS. ",224.77,,,,,,,Fee Schedule,"250.999441652708 % Medicare Physician FS TC Rates Only. ",202.77,,,,,,,Case Rate,"100% Medicare OPPS FS. ",158.9,,,,,,,Fee Schedule,"150 % 2018 Cigna RBRVS fee schedule. ",202.77,,,,,,,Case Rate,"100% Medicare OPPS FS. ",158.9,,,,,,,Fee Schedule,"150 % 2018 Cigna RBRVS fee schedule. ",224.77,,,,,,,Fee Schedule,"250.999441652708 % Medicare Physician FS TC Rates Only. ",158.9,,,,,,,Fee Schedule,"150 % 2018 Cigna RBRVS fee schedule. ",202.77,,,,,,,Case Rate,"100% Medicare OPPS FS. ",159.24,,,,,,,Case Rate,"100 Percent of Medicaid APG. ",202.77,,,,,,,Case Rate,"100% Medicare OPPS FS. ",158.9,,,,,,,Fee Schedule,"150 % 2018 Cigna RBRVS fee schedule. ",144.73,,,,,,,Fee Schedule,"100 % 19 Q1 CMS APC Pub 20190102. ",159.24,,,,,,,Case Rate,"100 Percent of Medicaid APG. ",207.08,,,,,,,Fee Schedule,"238 % 2013 Manhattan Medicare. ",191.09,,,,,,,Fee Schedule,"120 Percent of Medicaid APG. ",191.09,,,,,,,Fee Schedule,"120 Percent of Medicaid APG. ",207.08,,,,,,,Fee Schedule,"238 % 2013 Manhattan Medicare. ",207.08,,,,,,,Fee Schedule,"238 % 2013 Manhattan Medicare. ",207.08,,,,,,,Fee Schedule,"238 % 2013 Manhattan Medicare. ",144.73,,,,,,,Fee Schedule,"100 % 19 Q1 CMS APC Pub 20190102. ",207.08,,,,,,,Fee Schedule,"238 % 2013 Manhattan Medicare. ",207.08,,,,,,,Fee Schedule,"238 % 2013 Manhattan Medicare. ",207.08,,,,,,,Fee Schedule,"238 % 2013 Manhattan Medicare. ",194.32,,,,,,,Fee Schedule,"217 % Medicare RBRVS. ",194.32,,,,,,,Fee Schedule,"217 % Medicare RBRVS. ",401.49,,,,,,,Case Rate,198 Percent of Medicare OPPS. Metroplus will reimburse unlisted codes and described codes with no Medicare rate at 50 percent of charges.,159.24,,,,,,,Case Rate,"100 Percent of Medicaid APG. ",144.73,,,,,,,Fee Schedule,"100 % 19 Q1 CMS APC Pub 20190102. ",158.9,,,,,,,Fee Schedule,"150 % 2018 Cigna RBRVS fee schedule. ",224.77,,,,,,,Fee Schedule,"250.999441652708 % Medicare Physician FS TC Rates Only. ",144.73,,,,,,,Fee Schedule,"100 % 19 Q1 CMS APC Pub 20190102. ",224.77,,,,,,,Fee Schedule,"250.999441652708 % Medicare Physician FS TC Rates Only. ",144.73,,,,,,,Fee Schedule,"100 % 19 Q1 CMS APC Pub 20190102. ",207.08,,,,,,,Fee Schedule,"238 % 2013 Manhattan Medicare. ",207.08,,,,,,,Fee Schedule,"238 % 2013 Manhattan Medicare. ",207.08,,,,,,,Fee Schedule,"238 % 2013 Manhattan Medicare. ",207.08,,,,,,,Fee Schedule,"238 % 2013 Manhattan Medicare. ",202.77,,,,,,,Case Rate,"100% Medicare OPPS FS. ",4.6528,939.21,
88367,CPT,2022920,LOCAL,310,RC,HC INSITU HYBRIDIZATION AUTO,1195.48,227.1412,both,,,,246.33,,,,,,,Fee Schedule,"100 % 1199 Fee Schedule. ",246.33,,,,,,,Fee Schedule,"100 % 1199 Fee Schedule. ",219.47,,,,,,,Fee Schedule,"250.994967978042 % Medicare Physician FS TC Rates Only. ",1195.48,100,,,,,0,percent of total billed charges,100 percent of billed charges. ; No services were performed during the 15 month look back period.,425.66,,,,,,,Case Rate,"100% Medicare OPPS FS. ",219.47,,,,,,,Fee Schedule,"250.994967978042 % Medicare Physician FS TC Rates Only. ",219.47,,,,,,,Fee Schedule,"250.994967978042 % Medicare Physician FS TC Rates Only. ",219.47,,,,,,,Fee Schedule,"250.994967978042 % Medicare Physician FS TC Rates Only. ",191.09,,,,,,,Case Rate,"100 Percent of Medicaid APG. ",159.24,,,,,,,Case Rate,"100 Percent of Medicaid APG. ",932.4744,78,,,,,0,percent of total billed charges,78% of Billed Charges. Lesser of 100% of billed charges applies.; No services were performed during the 15 month look back period.,274.22,,,,,,,Fee Schedule,"100 % 19 Q1 CMS APC Pub 20190102. ",159.24,,,,,,,Case Rate,"100 Percent of Medicaid APG. ",425.66,,,,,,,Case Rate,"100% Medicare OPPS FS. ",129.59,,,,,,,Fee Schedule,"150 % 2018 Cigna RBRVS fee schedule. ",129.59,,,,,,,Fee Schedule,"150 % 2018 Cigna RBRVS fee schedule. ",129.59,,,,,,,Fee Schedule,"150 % 2018 Cigna RBRVS fee schedule. ",129.59,,,,,,,Fee Schedule,"150 % 2018 Cigna RBRVS fee schedule. ",11.9548,1,,,,,0,percent of total billed charges,NA. Covered services not payable under Medicaid Fee Schedules default to a payment of 50 percent of charges.; No services were performed during the 15 month look back period.,425.66,,,,,,,Case Rate,"100% Medicare OPPS FS. ",11.9548,1,,,,,0,percent of total billed charges,NA. Covered services not payable under Medicaid Fee Schedules default to a payment of 50 percent of charges.; No services were performed during the 15 month look back period.,932.4744,78,,,,,0,percent of total billed charges,78% of Billed Charges. Lesser of 100% of billed charges applies.; No services were performed during the 15 month look back period.,219.47,,,,,,,Fee Schedule,"250.994967978042 % Medicare Physician FS TC Rates Only. ",425.66,,,,,,,Case Rate,"100%Medicare OPPS FS. ",222.97,,,,,,,Fee Schedule,"255 % Medicare RBRVS. ",425.66,,,,,,,Case Rate,"100%Medicare OPPS FS. ",425.66,,,,,,,Case Rate,"100%Medicare OPPS FS. ",932.4744,78,,,,,0,percent of total billed charges,78% of Billed Charges. Lesser of 100% of billed charges applies.; No services were performed during the 15 month look back period.,81.11,,,,,,,Fee Schedule,90 Percent of Medicare RBRVS. Lesser of 100% of billed charges applies.,81.11,,,,,,,Fee Schedule,90 Percent of Medicare RBRVS. Lesser of 100% of billed charges applies.,81.11,,,,,,,Fee schedule,"90 Percent of Medicare RBRVS. ",81.11,,,,,,,Fee schedule,"90 Percent of Medicare RBRVS. ",222.97,,,,,,,Fee Schedule,"255 % Medicare RBRVS. ",222.97,,,,,,,Fee Schedule,"255 % Medicare RBRVS. ",159.24,,,,,,,Case Rate,"100 Percent of Medicaid APG. Not APG payable, or payable under another fee schedule like ASP/AWP pays at 30% of charges",222.97,,,,,,,Fee Schedule,"255 % Medicare RBRVS. ",159.24,,,,,,,Case Rate,"100 Percent of Medicaid APG. Not APG payable, or payable under another fee schedule like ASP/AWP pays at 30% of charges",425.66,,,,,,,Case Rate,"100%Medicare OPPS FS. ",222.97,,,,,,,Fee Schedule,"255 % Medicare RBRVS. ",932.4744,78,,,,,0,percent of total billed charges,78% of Billed Charges. Lesser of 100% of billed charges applies.; No services were performed during the 15 month look back period.,159.24,,,,,,,Case Rate,"100 Percent of Medicaid APG. If not priced under APG, then Metroplus FeeSched",159.24,,,,,,,Case Rate,"100 Percent of Medicaid APG. If not priced under APG, then Metroplus FeeSched",932.4744,78,,,,,0,percent of total billed charges,78% of Billed Charges. Lesser of 100% of billed charges applies.; No services were performed during the 15 month look back period.,129.59,,,,,,,Fee Schedule,"150 % 2018 Cigna RBRVS fee schedule. ",274.22,,,,,,,Fee Schedule,"100 % 19 Q1 CMS APC Pub 20190102. ",274.22,,,,,,,Fee Schedule,"100 % 19 Q1 CMS APC Pub 20190102. ",932.4744,78,,,,,0,percent of total billed charges,78% of Billed Charges. Lesser of 100% of billed charges applies.; No services were performed during the 15 month look back period.,425.66,,,,,,,Case Rate,"100% Medicare OPPS FS. ",274.22,,,,,,,Fee Schedule,"100 % 19 Q1 CMS APC Pub 20190102. ",274.22,,,,,,,Fee Schedule,"100 % 19 Q1 CMS APC Pub 20190102. ",274.22,,,,,,,Fee Schedule,"100 % 19 Q1 CMS APC Pub 20190102. ",425.66,,,,,,,Case Rate,"100% Medicare OPPS FS. ",274.22,,,,,,,Fee Schedule,"100 % 19 Q1 CMS APC Pub 20190102. ",274.22,,,,,,,Fee Schedule,"100 % 19 Q1 CMS APC Pub 20190102. ",425.66,,,,,,,Case Rate,"100% of Medicare OPPS. ",597.74,50,,,,,0,percent of total billed charges,50 percent of billed charges; No services were performed during the 15 month look back period.,548.64,,,,,,,Fee Schedule,"238 % 2013 Manhattan Medicare. ",548.64,,,,,,,Fee Schedule,"238 % 2013 Manhattan Medicare. ",548.64,,,,,,,Fee Schedule,"238 % 2013 Manhattan Medicare. ",548.64,,,,,,,Fee Schedule,"238 % 2013 Manhattan Medicare. ",548.64,,,,,,,Fee Schedule,"238 % 2013 Manhattan Medicare. ",548.64,,,,,,,Fee Schedule,"238 % 2013 Manhattan Medicare. ",425.66,,,,,,,Case Rate,"100% Medicare OPPS FS. ",425.66,,,,,,,Case Rate,"100% Medicare OPPS FS. ",548.64,,,,,,,Fee Schedule,"238 % 2013 Manhattan Medicare. ",932.4744,78,,,,,0,percent of total billed charges,78% of Billed Charges. Lesser of 100% of billed charges applies.; No services were performed during the 15 month look back period.,932.4744,78,,,,,0,percent of total billed charges,78% of Billed Charges. Lesser of 100% of billed charges applies.; No services were performed during the 15 month look back period.,932.4744,78,,,,,0,percent of total billed charges,78% of Billed Charges. Lesser of 100% of billed charges applies.; No services were performed during the 15 month look back period.,932.4744,78,,,,,0,percent of total billed charges,78% of Billed Charges. Lesser of 100% of billed charges applies.; No services were performed during the 15 month look back period.,932.4744,78,,,,,0,percent of total billed charges,78% of Billed Charges. Lesser of 100% of billed charges applies.; No services were performed during the 15 month look back period.,932.4744,78,,,,,0,percent of total billed charges,78% of Billed Charges. Lesser of 100% of billed charges applies.; No services were performed during the 15 month look back period.,932.4744,78,,,,,0,percent of total billed charges,78% of Billed Charges. Lesser of 100% of billed charges applies.; No services were performed during the 15 month look back period.,932.4744,78,,,,,0,percent of total billed charges,78% of Billed Charges. Lesser of 100% of billed charges applies.; No services were performed during the 15 month look back period.,932.4744,78,,,,,0,percent of total billed charges,78% of Billed Charges. Lesser of 100% of billed charges applies.; No services were performed during the 15 month look back period.,932.4744,78,,,,,0,percent of total billed charges,78% of Billed Charges. Lesser of 100% of billed charges applies.; No services were performed during the 15 month look back period.,932.4744,78,,,,,0,percent of total billed charges,78% of Billed Charges. Lesser of 100% of billed charges applies.; No services were performed during the 15 month look back period.,932.4744,78,,,,,0,percent of total billed charges,78% of Billed Charges. Lesser of 100% of billed charges applies.; No services were performed during the 15 month look back period.,932.4744,78,,,,,0,percent of total billed charges,78% of Billed Charges. Lesser of 100% of billed charges applies.; No services were performed during the 15 month look back period.,932.4744,78,,,,,0,percent of total billed charges,78% of Billed Charges. Lesser of 100% of billed charges applies.; No services were performed during the 15 month look back period.,932.4744,78,,,,,0,percent of total billed charges,78% of Billed Charges. Lesser of 100% of billed charges applies.; No services were performed during the 15 month look back period.,932.4744,78,,,,,0,percent of total billed charges,78% of Billed Charges. Lesser of 100% of billed charges applies.; No services were performed during the 15 month look back period.,932.4744,78,,,,,0,percent of total billed charges,78% of Billed Charges. Lesser of 100% of billed charges applies.; No services were performed during the 15 month look back period.,932.4744,78,,,,,0,percent of total billed charges,78% of Billed Charges. Lesser of 100% of billed charges applies.; No services were performed during the 15 month look back period.,932.4744,78,,,,,0,percent of total billed charges,78% of Billed Charges. Lesser of 100% of billed charges applies.; No services were performed during the 15 month look back period.,932.4744,78,,,,,0,percent of total billed charges,78% of Billed Charges. Lesser of 100% of billed charges applies.; No services were performed during the 15 month look back period.,932.4744,78,,,,,0,percent of total billed charges,78% of Billed Charges. Lesser of 100% of billed charges applies.; No services were performed during the 15 month look back period.,932.4744,78,,,,,0,percent of total billed charges,78% of Billed Charges. Lesser of 100% of billed charges applies.; No services were performed during the 15 month look back period.,932.4744,78,,,,,0,percent of total billed charges,78% of Billed Charges. Lesser of 100% of billed charges applies.; No services were performed during the 15 month look back period.,932.4744,78,,,,,0,percent of total billed charges,78% of Billed Charges. Lesser of 100% of billed charges applies.; No services were performed during the 15 month look back period.,932.4744,78,,,,,0,percent of total billed charges,78% of Billed Charges. Lesser of 100% of billed charges applies.; No services were performed during the 15 month look back period.,932.4744,78,,,,,0,percent of total billed charges,78% of Billed Charges. Lesser of 100% of billed charges applies.; No services were performed during the 15 month look back period.,222.97,,,,,,,Fee Schedule,"255 % Medicare RBRVS. ",222.97,,,,,,,Fee Schedule,"255 % Medicare RBRVS. ",222.97,,,,,,,Fee Schedule,"255 % Medicare RBRVS. ",222.97,,,,,,,Fee Schedule,"255 % Medicare RBRVS. ",168.76,,,,,,,Fee Schedule,"193 % Medicare RBRVS. ",168.76,,,,,,,Fee Schedule,"193 % Medicare RBRVS. ",129.59,,,,,,,Fee Schedule,"150 % 2018 Cigna RBRVS fee schedule. ",548.64,,,,,,,Fee Schedule,"238 % 2013 Manhattan Medicare. ",274.22,,,,,,,Fee Schedule,"100 % 19 Q1 CMS APC Pub 20190102. ",548.64,,,,,,,Fee Schedule,"238 % 2013 Manhattan Medicare. ",932.4744,78,,,,,0,percent of total billed charges,78% of Billed Charges. Lesser of 100% of billed charges applies.; No services were performed during the 15 month look back period.,168.76,,,,,,,Fee Schedule,"193 % Medicare RBRVS. ",548.64,,,,,,,Fee Schedule,"238 % 2013 Manhattan Medicare. ",274.22,,,,,,,Fee Schedule,"100 % 19 Q1 CMS APC Pub 20190102. ",129.59,,,,,,,Fee Schedule,"150 % 2018 Cigna RBRVS fee schedule. ",,,,,,,,,"NA. ",932.4744,78,,,,,0,percent of total billed charges,78% of Billed Charges. Lesser of 100% of billed charges applies.; No services were performed during the 15 month look back period.,159.24,,,,,,,Case Rate,"100 Percent of Medicaid APG. ",222.97,,,,,,,Fee Schedule,"255 % Medicare RBRVS. ",159.24,,,,,,,Case Rate,"100 Percent of Medicaid APG. Not APG payable, or payable under another fee schedule like ASP/AWP pays at 30% of charges",425.66,,,,,,,Case Rate,"100%Medicare OPPS FS. ",425.66,,,,,,,Case Rate,"100% Medicare OPPS FS. ",597.74,50,,,,,0,percent of total billed charges,50 percent of billed charges; No services were performed during the 15 month look back period.,425.66,,,,,,,Case Rate,"100% Medicare OPPS FS. ",425.66,,,,,,,Case Rate,"100% Medicare OPPS FS. ",159.24,,,,,,,Case Rate,"100 Percent of Medicaid APG. ",425.66,,,,,,,Case Rate,"100% Medicare OPPS FS. ",425.66,,,,,,,Case Rate,"100% Medicare OPPS FS. ",219.47,,,,,,,Fee Schedule,"250.994967978042 % Medicare Physician FS TC Rates Only. ",219.47,,,,,,,Fee Schedule,"250.994967978042 % Medicare Physician FS TC Rates Only. ",425.66,,,,,,,Case Rate,"100% Medicare OPPS FS. ",129.59,,,,,,,Fee Schedule,"150 % 2018 Cigna RBRVS fee schedule. ",274.22,,,,,,,Fee Schedule,"100 % 19 Q1 CMS APC Pub 20190102. ",274.22,,,,,,,Fee Schedule,"100 % 19 Q1 CMS APC Pub 20190102. ",425.66,,,,,,,Case Rate,"100% Medicare OPPS FS. ",129.59,,,,,,,Fee Schedule,"150 % 2018 Cigna RBRVS fee schedule. ",219.47,,,,,,,Fee Schedule,"250.994967978042 % Medicare Physician FS TC Rates Only. ",219.47,,,,,,,Fee Schedule,"250.994967978042 % Medicare Physician FS TC Rates Only. ",219.47,,,,,,,Fee Schedule,"250.994967978042 % Medicare Physician FS TC Rates Only. ",932.4744,78,,,,,0,percent of total billed charges,78% of Billed Charges. Lesser of 100% of billed charges applies.; No services were performed during the 15 month look back period.,932.4744,78,,,,,0,percent of total billed charges,78% of Billed Charges. Lesser of 100% of billed charges applies.; No services were performed during the 15 month look back period.,932.4744,78,,,,,0,percent of total billed charges,78% of Billed Charges. Lesser of 100% of billed charges applies.; No services were performed during the 15 month look back period.,932.4744,78,,,,,0,percent of total billed charges,78% of Billed Charges. Lesser of 100% of billed charges applies.; No services were performed during the 15 month look back period.,932.4744,78,,,,,0,percent of total billed charges,78% of Billed Charges. Lesser of 100% of billed charges applies.; No services were performed during the 15 month look back period.,932.4744,78,,,,,0,percent of total billed charges,78% of Billed Charges. Lesser of 100% of billed charges applies.; No services were performed during the 15 month look back period.,932.4744,78,,,,,0,percent of total billed charges,78% of Billed Charges. Lesser of 100% of billed charges applies.; No services were performed during the 15 month look back period.,932.4744,78,,,,,0,percent of total billed charges,78% of Billed Charges. Lesser of 100% of billed charges applies.; No services were performed during the 15 month look back period.,932.4744,78,,,,,0,percent of total billed charges,78% of Billed Charges. Lesser of 100% of billed charges applies.; No services were performed during the 15 month look back period.,932.4744,78,,,,,0,percent of total billed charges,78% of Billed Charges. Lesser of 100% of billed charges applies.; No services were performed during the 15 month look back period.,932.4744,78,,,,,0,percent of total billed charges,78% of Billed Charges. Lesser of 100% of billed charges applies.; No services were performed during the 15 month look back period.,168.76,,,,,,,Fee Schedule,"193 % Medicare RBRVS. ",548.64,,,,,,,Fee Schedule,"238 % 2013 Manhattan Medicare. ",129.59,,,,,,,Fee Schedule,"150 % 2018 Cigna RBRVS fee schedule. ",425.66,,,,,,,Case Rate,"100% Medicare OPPS FS. ",219.47,,,,,,,Fee Schedule,"250.994967978042 % Medicare Physician FS TC Rates Only. ",129.59,,,,,,,Fee Schedule,"150 % 2018 Cigna RBRVS fee schedule. ",129.59,,,,,,,Fee Schedule,"150 % 2018 Cigna RBRVS fee schedule. ",932.4744,78,,,,,0,percent of total billed charges,78% of Billed Charges. Lesser of 100% of billed charges applies.; No services were performed during the 15 month look back period.,340.78,,,,,,,Case Rate,"141 Percent of current Medicare RBRVS FeeSched. ",129.59,,,,,,,Fee Schedule,"150 % 2018 Cigna RBRVS fee schedule. ",159.24,,,,,,,Case Rate,"100 Percent of Medicaid APG. ",425.66,,,,,,,Case Rate,"100% Medicare OPPS FS. ",425.66,,,,,,,Case Rate,"100% Medicare OPPS FS. ",425.66,,,,,,,Case Rate,"100% Medicare OPPS FS. ",425.66,,,,,,,Case Rate,"100% Medicare OPPS FS. ",425.66,,,,,,,Case Rate,"100% Medicare OPPS FS. ",425.66,,,,,,,Case Rate,"100% Medicare OPPS FS. ",129.59,,,,,,,Fee Schedule,"150 % 2018 Cigna RBRVS fee schedule. ",597.74,50,,,,,0,percent of total billed charges,50 percent of billed charges; No services were performed during the 15 month look back period.,11.9548,1,,,,,0,percent of total billed charges,NA. ; No services were performed during the 15 month look back period.,11.9548,1,,,,,0,percent of total billed charges,NA. ; No services were performed during the 15 month look back period.,11.9548,1,,,,,0,percent of total billed charges,NA. ; No services were performed during the 15 month look back period.,11.9548,1,,,,,0,percent of total billed charges,NA. ; No services were performed during the 15 month look back period.,11.9548,1,,,,,0,percent of total billed charges,NA. ; No services were performed during the 15 month look back period.,,,,,,,,,"NA. ",597.74,50,,,,,0,percent of total billed charges,50 percent of billed charges; No services were performed during the 15 month look back period.,842.8,,,,,,,Case Rate,198 Percent of Medicare OPPS. Metroplus will reimburse unlisted codes and described codes with no Medicare rate at 50 percent of charges.,842.8,,,,,,,Case Rate,198 Percent of Medicare OPPS. Metroplus will reimburse unlisted codes and described codes with no Medicare rate at 50 percent of charges.,842.8,,,,,,,Case Rate,198 Percent of Medicare OPPS. Metroplus will reimburse unlisted codes and described codes with no Medicare rate at 50 percent of charges.,842.8,,,,,,,Case Rate,198 Percent of Medicare OPPS. Metroplus will reimburse unlisted codes and described codes with no Medicare rate at 50 percent of charges.,842.8,,,,,,,Case Rate,198 Percent of Medicare OPPS. Metroplus will reimburse unlisted codes and described codes with no Medicare rate at 50 percent of charges.,425.66,,,,,,,Case Rate,"100% Medicare OPPS FS. ",168.76,,,,,,,Fee Schedule,"193 % Medicare RBRVS. ",168.76,,,,,,,Fee Schedule,"193 % Medicare RBRVS. ",168.76,,,,,,,Fee Schedule,"193 % Medicare RBRVS. ",168.76,,,,,,,Fee Schedule,"193 % Medicare RBRVS. ",219.47,,,,,,,Fee Schedule,"250.994967978042 % Medicare Physician FS TC Rates Only. ",219.47,,,,,,,Fee Schedule,"250.994967978042 % Medicare Physician FS TC Rates Only. ",219.47,,,,,,,Fee Schedule,"250.994967978042 % Medicare Physician FS TC Rates Only. ",219.47,,,,,,,Fee Schedule,"250.994967978042 % Medicare Physician FS TC Rates Only. ",597.74,50,,,,,0,percent of total billed charges,50 percent of billed charges; No services were performed during the 15 month look back period.,597.74,50,,,,,0,percent of total billed charges,50 percent of billed charges; No services were performed during the 15 month look back period.,425.66,,,,,,,Case Rate,"100% Medicare OPPS FS. ",425.66,,,,,,,Case Rate,"100% Medicare OPPS FS. ",425.66,,,,,,,Case Rate,"100% Medicare OPPS FS. ",548.64,,,,,,,Fee Schedule,"238 % 2013 Manhattan Medicare. ",548.64,,,,,,,Fee Schedule,"238 % 2013 Manhattan Medicare. ",548.64,,,,,,,Fee Schedule,"238 % 2013 Manhattan Medicare. ",597.74,50,,,,,0,percent of total billed charges,50 percent of billed charges; No services were performed during the 15 month look back period.,219.47,,,,,,,Fee Schedule,"250.994967978042 % Medicare Physician FS TC Rates Only. ",425.66,,,,,,,Case Rate,"100% Medicare OPPS FS. ",548.64,,,,,,,Fee Schedule,"238 % 2013 Manhattan Medicare. ",159.24,,,,,,,Case Rate,"100 Percent of Medicaid APG. ",434.17,,,,,,,Case Rate,"102% of Medicare OPPS. ",434.17,,,,,,,Case Rate,"102% of Medicare OPPS. ",434.17,,,,,,,Case Rate,"102% of Medicare OPPS. ",81.11,,,,,,,Fee schedule,"90 Percent of Medicare RBRVS. ",358.3,,,,,,,Fee Schedule,225% of NYS APG. Lesser of 100% of billed charges applies.,358.3,,,,,,,Fee Schedule,225% of NYS APG. Lesser of 100% of billed charges applies.,358.3,,,,,,,Fee Schedule,225% of NYS APG. Lesser of 100% of billed charges applies.,358.3,,,,,,,Fee Schedule,225% of NYS APG. Lesser of 100% of billed charges applies.,358.3,,,,,,,Fee Schedule,225% of NYS APG. Lesser of 100% of billed charges applies.,434.17,,,,,,,Case Rate,"102% of Medicare OPPS. ",159.24,,,,,,,Case Rate,"100 Percent of Medicaid APG. ",81.11,,,,,,,Fee Schedule,90 Percent of Medicare RBRVS. Lesser of 100% of billed charges applies.,358.3,,,,,,,Fee Schedule,225% of NYS APG. Lesser of 100% of billed charges applies.,358.3,,,,,,,Fee Schedule,225% of NYS APG. Lesser of 100% of billed charges applies.,81.11,,,,,,,Fee Schedule,90 Percent of Medicare RBRVS. Lesser of 100% of billed charges applies.,81.11,,,,,,,Fee Schedule,90 Percent of Medicare RBRVS. Lesser of 100% of billed charges applies.,11.9548,1,,,,,0,percent of total billed charges,NA. ; No services were performed during the 15 month look back period.,425.66,,,,,,,Case Rate,"100% Medicare OPPS FS. ",425.66,,,,,,,Case Rate,"100% Medicare OPPS FS. ",219.47,,,,,,,Fee Schedule,"250.994967978042 % Medicare Physician FS TC Rates Only. ",425.66,,,,,,,Case Rate,"100% Medicare OPPS FS. ",358.3,,,,,,,Fee Schedule,"225 Percent of Medicaid APG. ",358.3,,,,,,,Fee Schedule,"225 Percent of Medicaid APG. ",81.11,,,,,,,Fee schedule,"90 Percent of Medicare RBRVS. ",81.11,,,,,,,Fee schedule,"90 Percent of Medicare RBRVS. ",358.3,,,,,,,Case Rate,225 Percent of Medicaid APG. Covered services not payable under Medicaid Fee Schedules default to a payment of 87.5 percent of charges.,11.9548,1,,,,,0,percent of total billed charges,NA. Covered services not payable under Medicaid Fee Schedules default to a payment of 50 percent of charges.; No services were performed during the 15 month look back period.,358.3,,,,,,,Case Rate,"100 Percent of Medicaid APG. ",358.3,,,,,,,Case Rate,"100 Percent of Medicaid APG. ",358.3,,,,,,,Case Rate,"100 Percent of Medicaid APG. ",358.3,,,,,,,Case Rate,"100 Percent of Medicaid APG. ",931.47,,,,,,,Fee Schedule,"1019 % Manhattan Facility Rate. ",597.74,50,,,,,0,percent of total billed charges,50 percent of billed charges; No services were performed during the 15 month look back period.,191.09,,,,,,,Case Rate,"120 Percent of Medicaid APG. Not APG payable, or payable under another fee schedule like ASP/AWP pays at 30% of charges",191.09,,,,,,,Case Rate,"120 Percent of Medicaid APG. Not APG payable, or payable under another fee schedule like ASP/AWP pays at 30% of charges",159.24,,,,,,,Case Rate,"100 Percent of Medicaid APG. Not APG payable, or payable under another fee schedule like ASP/AWP pays at 30% of charges",159.24,,,,,,,Case Rate,"100 Percent of Medicaid APG. Not APG payable, or payable under another fee schedule like ASP/AWP pays at 30% of charges",548.64,,,,,,,Fee Schedule,"238 % 2013 Manhattan Medicare. ",548.64,,,,,,,Fee Schedule,"238 % 2013 Manhattan Medicare. ",425.66,,,,,,,Case Rate,"100% Medicare OPPS FS. ",548.64,,,,,,,Fee Schedule,"238 % 2013 Manhattan Medicare. ",548.64,,,,,,,Fee Schedule,"238 % 2013 Manhattan Medicare. ",548.64,,,,,,,Fee Schedule,"238 % 2013 Manhattan Medicare. ",548.64,,,,,,,Fee Schedule,"238 % 2013 Manhattan Medicare. ",425.66,,,,,,,Case Rate,"100% Medicare OPPS FS. ",548.64,,,,,,,Fee Schedule,"238 % 2013 Manhattan Medicare. ",548.64,,,,,,,Fee Schedule,"238 % 2013 Manhattan Medicare. ",219.47,,,,,,,Fee Schedule,"250.994967978042 % Medicare Physician FS TC Rates Only. ",90.12,,,,,,,Fee Schedule,100% of RBRVS. Lesser of 100% of billed charges applies.,11.9548,1,,,,,0,percent of total billed charges,NA. Covered services not payable under Medicaid Fee Schedules default to a payment of 50 percent of charges.; No services were performed during the 15 month look back period.,358.3,,,,,,,Fee Schedule,225% of NYS APG. Lesser of 100% of billed charges applies.,358.3,,,,,,,Case Rate,225 Percent of Medicaid APG. Covered services not payable under Medicaid Fee Schedules default to a payment of 87.5 percent of charges.,11.9548,1,,,,,0,percent of total billed charges,NA. Covered services not payable under Medicaid Fee Schedules default to a payment of 50 percent of charges.; No services were performed during the 15 month look back period.,358.3,,,,,,,Fee Schedule,225% of NYS APG. Lesser of 100% of billed charges applies.,358.3,,,,,,,Fee Schedule,225% of NYS APG. Lesser of 100% of billed charges applies.,358.3,,,,,,,Fee Schedule,225% of NYS APG. Lesser of 100% of billed charges applies.,358.3,,,,,,,Fee Schedule,225% of NYS APG. Lesser of 100% of billed charges applies.,358.3,,,,,,,Fee Schedule,225% of NYS APG. Lesser of 100% of billed charges applies.,358.3,,,,,,,Fee Schedule,225% of NYS APG. Lesser of 100% of billed charges applies.,,,,,,,,,"NA. ",,,,,,,,,"NA. ",,,,,,,,,"NA. ",129.59,,,,,,,Fee Schedule,"150 % 2018 Cigna RBRVS fee schedule. ",,,,,,,,,"NA. ",425.66,,,,,,,Case Rate,"100% Medicare OPPS FS. ",246.33,,,,,,,Fee Schedule,"100 % 1199 Fee Schedule. ",425.66,,,,,,,Case Rate,"100% Medicare OPPS FS. ",425.66,,,,,,,Case Rate,"100% Medicare OPPS FS. ",191.09,,,,,,,Case Rate,"120 Percent of Medicaid APG. Not APG payable, or payable under another fee schedule like ASP/AWP pays at 30% of charges",191.09,,,,,,,Case Rate,"120 Percent of Medicaid APG. Not APG payable, or payable under another fee schedule like ASP/AWP pays at 30% of charges",159.24,,,,,,,Case Rate,"100 Percent of Medicaid APG. Not APG payable, or payable under another fee schedule like ASP/AWP pays at 30% of charges",159.24,,,,,,,Case Rate,"100 Percent of Medicaid APG. Not APG payable, or payable under another fee schedule like ASP/AWP pays at 30% of charges",159.24,,,,,,,Case Rate,"100 Percent of Medicaid APG. ",189.74,,,,,,,Fee Schedule,"217 % Medicare RBRVS. ",219.47,,,,,,,Fee Schedule,"250.994967978042 % Medicare Physician FS TC Rates Only. ",222.97,,,,,,,Fee Schedule,"255 % Medicare RBRVS. ",129.59,,,,,,,Fee Schedule,"150 % 2018 Cigna RBRVS fee schedule. ",425.66,,,,,,,Case Rate,"100%Medicare OPPS FS. ",425.66,,,,,,,Case Rate,"100% Medicare OPPS FS. ",425.66,,,,,,,Case Rate,"100% Medicare OPPS FS. ",425.66,,,,,,,Case Rate,"100% Medicare OPPS FS. ",425.66,,,,,,,Case Rate,"100%Medicare OPPS FS. ",425.66,,,,,,,Case Rate,"100% Medicare OPPS FS. ",,,,,,,,,"NA. ",358.3,,,,,,,Fee Schedule,225% of NYS APG. Lesser of 100% of billed charges applies.,81.11,,,,,,,Fee Schedule,90 Percent of Medicare RBRVS. Lesser of 100% of billed charges applies.,548.64,,,,,,,Fee Schedule,"238 % 2013 Manhattan Medicare. ",189.74,,,,,,,Fee Schedule,"217 % Medicare RBRVS. ",189.74,,,,,,,Fee Schedule,"217 % Medicare RBRVS. ",189.74,,,,,,,Fee Schedule,"217 % Medicare RBRVS. ",189.74,,,,,,,Fee Schedule,"217 % Medicare RBRVS. ",425.66,,,,,,,Case Rate,"100% Medicare OPPS FS. ",159.24,,,,,,,Case Rate,"100 Percent of Medicaid APG. ",548.64,,,,,,,Fee Schedule,"238 % 2013 Manhattan Medicare. ",159.24,,,,,,,Case Rate,"100 Percent of Medicaid APG. ",425.66,,,,,,,Case Rate,"100% Medicare OPPS FS. ",159.24,,,,,,,Case Rate,"100 Percent of Medicaid APG. ",425.66,,,,,,,Case Rate,"100% Medicare OPPS FS. ",425.66,,,,,,,Case Rate,"100% Medicare OPPS FS. ",159.24,,,,,,,Case Rate,"100 Percent of Medicaid APG. ",159.24,,,,,,,Case Rate,"100 Percent of Medicaid APG. ",189.74,,,,,,,Fee Schedule,"217 % Medicare RBRVS. ",129.59,,,,,,,Fee Schedule,"150 % 2018 Cigna RBRVS fee schedule. ",932.4744,78,,,,,0,percent of total billed charges,78% of Billed Charges. Lesser of 100% of billed charges applies.; No services were performed during the 15 month look back period.,274.22,,,,,,,Fee Schedule,"100 % 19 Q1 CMS APC Pub 20190102. ",274.22,,,,,,,Fee Schedule,"100 % 19 Q1 CMS APC Pub 20190102. ",219.47,,,,,,,Fee Schedule,"250.994967978042 % Medicare Physician FS TC Rates Only. ",417.14,,,,,,,Case Rate,"98% of RBRVS. ",168.76,,,,,,,Fee Schedule,"193 % Medicare RBRVS. ",168.76,,,,,,,Fee Schedule,"193 % Medicare RBRVS. ",438.91,,,,,,,Fee Schedule,"190.4 % 2013 Manhattan Medicare. ",438.91,,,,,,,Fee Schedule,"190.4 % 2013 Manhattan Medicare. ",425.66,,,,,,,Case Rate,"100% Medicare OPPS FS. ",425.66,,,,,,,Case Rate,"100% Medicare OPPS FS. ",425.66,,,,,,,Case Rate,"100% Medicare OPPS FS. ",425.66,,,,,,,Case Rate,"100% Medicare OPPS FS. ",274.22,,,,,,,Fee Schedule,"100 % 19 Q1 CMS APC Pub 20190102. ",548.64,,,,,,,Fee Schedule,"238 % 2013 Manhattan Medicare. ",548.64,,,,,,,Fee Schedule,"238 % 2013 Manhattan Medicare. ",425.66,,,,,,,Case Rate,"100% Medicare OPPS FS. ",438.91,,,,,,,Fee Schedule,"190.4 % 2013 Manhattan Medicare. ",222.97,,,,,,,Fee Schedule,"255 % Medicare RBRVS. ",191.09,,,,,,,Fee Schedule,"120 Percent of Medicaid APG. ",159.24,,,,,,,Case Rate,"100 Percent of Medicaid APG. ",189.74,,,,,,,Fee Schedule,"217 % Medicare RBRVS. ",493.77,,,,,,,Fee Schedule,"214.2 % 2013 Manhattan Medicare. ",493.77,,,,,,,Fee Schedule,"214.2 % 2013 Manhattan Medicare. ",548.64,,,,,,,Fee Schedule,"238 % 2013 Manhattan Medicare. ",597.74,50,,,,,0,percent of total billed charges,50 percent of billed charges; No services were performed during the 15 month look back period.,425.66,,,,,,,Case Rate,"100%Medicare OPPS FS. ",167.2,,,,,,,Fee Schedule,105 percent of Medicaid APG. otherwise 105% of Ordered NYS MCD FS or 105% of ASP+6%,167.2,,,,,,,Fee Schedule,105 percent of Medicaid APG. otherwise 105% of Ordered NYS MCD FS or 105% of ASP+6%,167.2,,,,,,,Fee Schedule,105 percent of Medicaid APG. otherwise 105% of Ordered NYS MCD FS or 105% of ASP+6%,214.98,,,,,,,Fee Schedule,135 percent of Medicaid APG. otherwise 135% of Ordered NYS MCD FS or 135% of ASP+6%,274.22,,,,,,,Fee Schedule,"100 % 19 Q1 CMS APC Pub 20190102. ",167.2,,,,,,,Fee Schedule,105 percent of Medicaid APG. otherwise 105% of Ordered NYS MCD FS or 105% of ASP+6%,167.2,,,,,,,Fee Schedule,105 percent of Medicaid APG. otherwise 105% of Ordered NYS MCD FS or 105% of ASP+6%,167.2,,,,,,,Fee Schedule,105 percent of Medicaid APG. otherwise 105% of Ordered NYS MCD FS or 105% of ASP+6%,167.2,,,,,,,Fee Schedule,105 percent of Medicaid APG. otherwise 105% of Ordered NYS MCD FS or 105% of ASP+6%,167.2,,,,,,,Fee Schedule,105 percent of Medicaid APG. otherwise 105% of Ordered NYS MCD FS or 105% of ASP+6%,214.98,,,,,,,Fee Schedule,135 percent of Medicaid APG. otherwise 135% of Ordered NYS MCD FS or 135% of ASP+6%,214.98,,,,,,,Fee Schedule,135 percent of Medicaid APG. otherwise 135% of Ordered NYS MCD FS or 135% of ASP+6%,425.66,,,,,,,Case Rate,"100% Medicare OPPS FS. ",274.22,,,,,,,Fee Schedule,"100 % 19 Q1 CMS APC Pub 20190102. ",425.66,,,,,,,Case Rate,"100% Medicare OPPS FS. ",167.2,,,,,,,Fee Schedule,105 percent of Medicaid APG. otherwise 105% of Ordered NYS MCD FS or 105% of ASP+6%,548.64,,,,,,,Fee Schedule,"238 % 2013 Manhattan Medicare. ",425.66,,,,,,,Case Rate,"100% Medicare OPPS FS. ",548.64,,,,,,,Fee Schedule,"238 % 2013 Manhattan Medicare. ",548.64,,,,,,,Fee Schedule,"238 % 2013 Manhattan Medicare. ",548.64,,,,,,,Fee Schedule,"238 % 2013 Manhattan Medicare. ",167.2,,,,,,,Fee Schedule,105 percent of Medicaid APG. otherwise 105% of Ordered NYS MCD FS or 105% of ASP+6%,425.66,,,,,,,Case Rate,"100% Medicare OPPS FS. ",548.64,,,,,,,Fee Schedule,"238 % 2013 Manhattan Medicare. ",214.98,,,,,,,Fee Schedule,135 percent of Medicaid APG. otherwise 135% of Ordered NYS MCD FS or 135% of ASP+6%,548.64,,,,,,,Fee Schedule,"238 % 2013 Manhattan Medicare. ",638.49,,,,,,,Case Rate,"150% of Medicare OPPS. ",425.66,,,,,,,Case Rate,"100%Medicare OPPS FS. ",189.74,,,,,,,Fee Schedule,"217 % Medicare RBRVS. ",189.74,,,,,,,Fee Schedule,"217 % Medicare RBRVS. ",189.74,,,,,,,Fee Schedule,"217 % Medicare RBRVS. ",189.74,,,,,,,Fee Schedule,"217 % Medicare RBRVS. ",189.74,,,,,,,Fee Schedule,"217 % Medicare RBRVS. ",222.97,,,,,,,Fee Schedule,"255 % Medicare RBRVS. ",222.97,,,,,,,Fee Schedule,"255 % Medicare RBRVS. ",189.74,,,,,,,Fee Schedule,"217 % Medicare RBRVS. ",189.74,,,,,,,Fee Schedule,"217 % Medicare RBRVS. ",189.74,,,,,,,Fee Schedule,"217 % Medicare RBRVS. ",189.74,,,,,,,Fee Schedule,"217 % Medicare RBRVS. ",189.74,,,,,,,Fee Schedule,"217 % Medicare RBRVS. ",425.66,,,,,,,Case Rate,"100% Medicare OPPS FS. ",222.97,,,,,,,Fee Schedule,"255 % Medicare RBRVS. ",425.66,,,,,,,Case Rate,"100% Medicare OPPS FS. ",358.3,,,,,,,Case Rate,"225 Percent of Medicaid APG. If not included in Medicaid APG, then 100 Percent of Manhattan Medicare",159.24,,,,,,,Case Rate,"100 Percent of Medicaid APG. If not priced under APG, then Metroplus FeeSched",274.22,,,,,,,Fee Schedule,"100 % 19 Q1 CMS APC Pub 20190102. ",274.22,,,,,,,Fee Schedule,"100 % 19 Q1 CMS APC Pub 20190102. ",425.66,,,,,,,Case Rate,"100% Medicare OPPS FS. ",168.76,,,,,,,Fee Schedule,"193 % Medicare RBRVS. ",425.66,,,,,,,Case Rate,"100% Medicare OPPS FS. ",425.66,,,,,,,Case Rate,"100% Medicare OPPS FS. ",219.47,,,,,,,Fee Schedule,"250.994967978042 % Medicare Physician FS TC Rates Only. ",425.66,,,,,,,Case Rate,"100% Medicare OPPS FS. ",129.59,,,,,,,Fee Schedule,"150 % 2018 Cigna RBRVS fee schedule. ",425.66,,,,,,,Case Rate,"100% Medicare OPPS FS. ",129.59,,,,,,,Fee Schedule,"150 % 2018 Cigna RBRVS fee schedule. ",219.47,,,,,,,Fee Schedule,"250.994967978042 % Medicare Physician FS TC Rates Only. ",129.59,,,,,,,Fee Schedule,"150 % 2018 Cigna RBRVS fee schedule. ",425.66,,,,,,,Case Rate,"100% Medicare OPPS FS. ",159.24,,,,,,,Case Rate,"100 Percent of Medicaid APG. ",425.66,,,,,,,Case Rate,"100% Medicare OPPS FS. ",129.59,,,,,,,Fee Schedule,"150 % 2018 Cigna RBRVS fee schedule. ",274.22,,,,,,,Fee Schedule,"100 % 19 Q1 CMS APC Pub 20190102. ",159.24,,,,,,,Case Rate,"100 Percent of Medicaid APG. ",548.64,,,,,,,Fee Schedule,"238 % 2013 Manhattan Medicare. ",191.09,,,,,,,Fee Schedule,"120 Percent of Medicaid APG. ",191.09,,,,,,,Fee Schedule,"120 Percent of Medicaid APG. ",548.64,,,,,,,Fee Schedule,"238 % 2013 Manhattan Medicare. ",548.64,,,,,,,Fee Schedule,"238 % 2013 Manhattan Medicare. ",548.64,,,,,,,Fee Schedule,"238 % 2013 Manhattan Medicare. ",274.22,,,,,,,Fee Schedule,"100 % 19 Q1 CMS APC Pub 20190102. ",548.64,,,,,,,Fee Schedule,"238 % 2013 Manhattan Medicare. ",548.64,,,,,,,Fee Schedule,"238 % 2013 Manhattan Medicare. ",548.64,,,,,,,Fee Schedule,"238 % 2013 Manhattan Medicare. ",189.74,,,,,,,Fee Schedule,"217 % Medicare RBRVS. ",189.74,,,,,,,Fee Schedule,"217 % Medicare RBRVS. ",842.8,,,,,,,Case Rate,198 Percent of Medicare OPPS. Metroplus will reimburse unlisted codes and described codes with no Medicare rate at 50 percent of charges.,159.24,,,,,,,Case Rate,"100 Percent of Medicaid APG. ",274.22,,,,,,,Fee Schedule,"100 % 19 Q1 CMS APC Pub 20190102. ",129.59,,,,,,,Fee Schedule,"150 % 2018 Cigna RBRVS fee schedule. ",219.47,,,,,,,Fee Schedule,"250.994967978042 % Medicare Physician FS TC Rates Only. ",274.22,,,,,,,Fee Schedule,"100 % 19 Q1 CMS APC Pub 20190102. ",219.47,,,,,,,Fee Schedule,"250.994967978042 % Medicare Physician FS TC Rates Only. ",274.22,,,,,,,Fee Schedule,"100 % 19 Q1 CMS APC Pub 20190102. ",548.64,,,,,,,Fee Schedule,"238 % 2013 Manhattan Medicare. ",548.64,,,,,,,Fee Schedule,"238 % 2013 Manhattan Medicare. ",548.64,,,,,,,Fee Schedule,"238 % 2013 Manhattan Medicare. ",548.64,,,,,,,Fee Schedule,"238 % 2013 Manhattan Medicare. ",425.66,,,,,,,Case Rate,"100% Medicare OPPS FS. ",11.9548,1195.48,
89051,CPT,2021937,LOCAL,300,RC,HC C-CNT MISC BDY FLUS XCPT BLD DIFFIAL CNT,124.47,6.72,both,,,,6,,,,,,,Fee Schedule,"100 % 1199 Fee Schedule. ",6,,,,,,,Fee Schedule,"100 % 1199 Fee Schedule. ",14.06,,,,,,,Fee Schedule,"251.071428571429 % Medicare Physician FS TC Rates Only. ",124.47,100,,,,,0,percent of total billed charges,100 percent of billed charges. ; No services were performed during the 15 month look back period.,5.6,,,,,,,Fee Schedule,"100% Medicare Lab FS. ",14.06,,,,,,,Fee Schedule,"251.071428571429 % Medicare Physician FS TC Rates Only. ",14.06,,,,,,,Fee Schedule,"251.071428571429 % Medicare Physician FS TC Rates Only. ",14.06,,,,,,,Fee Schedule,"251.071428571429 % Medicare Physician FS TC Rates Only. ",122.55,,,,,,,Case Rate,"100 Percent of Medicaid APG. ",102.12,,,,,,,Case Rate,"100 Percent of Medicaid APG. ",97.0866,78,,,,,0,percent of total billed charges,78% of Billed Charges. Lesser of 100% of billed charges applies.; No services were performed during the 15 month look back period.,6.12,,,,,,,Fee Schedule,"100 % 2019 CMS Clinical Lab National Limit Pub 20190115. ",102.12,,,,,,,Case Rate,"100 Percent of Medicaid APG. ",5.6,,,,,,,Fee Schedule,"100% Medicare Lab FS. ",12.11,,,,,,,Fee Schedule,"150 % 2018 Cigna RBRVS fee schedule. ",12.11,,,,,,,Fee Schedule,"150 % 2018 Cigna RBRVS fee schedule. ",12.11,,,,,,,Fee Schedule,"150 % 2018 Cigna RBRVS fee schedule. ",12.11,,,,,,,Fee Schedule,"150 % 2018 Cigna RBRVS fee schedule. ",5.04,,,,,,,Fee schedule,90 Percent of Medicare Laboratory. Covered services not payable under Medicaid Fee Schedules default to a payment of 50 percent of charges.,5.6,,,,,,,Fee Schedule,"100% Medicare Lab FS. ",5.04,,,,,,,Fee schedule,90 Percent of Medicare Laboratory. Covered services not payable under Medicaid Fee Schedules default to a payment of 50 percent of charges.,97.0866,78,,,,,0,percent of total billed charges,78% of Billed Charges. Lesser of 100% of billed charges applies.; No services were performed during the 15 month look back period.,14.06,,,,,,,Fee Schedule,"251.071428571429 % Medicare Physician FS TC Rates Only. ",5.6,,,,,,,Fee Schedule,"100% Medicare Lab FS. ",14.28,,,,,,,Fee Schedule,"255 % Medicare RBRVS. ",5.6,,,,,,,Fee Schedule,"100% Medicare Lab FS. ",5.6,,,,,,,Fee Schedule,"100% Medicare Lab FS. ",97.0866,78,,,,,0,percent of total billed charges,78% of Billed Charges. Lesser of 100% of billed charges applies.; No services were performed during the 15 month look back period.,2.83,,,,,,,Fee Schedule,100% Medicaid Fee Schedule. Lesser of 100% of billed charges applies.,2.83,,,,,,,Fee Schedule,100% Medicaid Fee Schedule. Lesser of 100% of billed charges applies.,5.04,,,,,,,Fee schedule,"90 Percent of Medicare RBRVS. ",5.04,,,,,,,Fee schedule,"90 Percent of Medicare RBRVS. ",14.28,,,,,,,Fee Schedule,"255 % Medicare RBRVS. ",14.28,,,,,,,Fee Schedule,"255 % Medicare RBRVS. ",102.12,,,,,,,Case Rate,"100 Percent of Medicaid APG. Not APG payable, or payable under another fee schedule like ASP/AWP pays at 30% of charges",14.28,,,,,,,Fee Schedule,"255 % Medicare RBRVS. ",102.12,,,,,,,Case Rate,"100 Percent of Medicaid APG. Not APG payable, or payable under another fee schedule like ASP/AWP pays at 30% of charges",5.6,,,,,,,Fee Schedule,"100% Medicare Lab FS. ",14.28,,,,,,,Fee Schedule,"255 % Medicare RBRVS. ",97.0866,78,,,,,0,percent of total billed charges,78% of Billed Charges. Lesser of 100% of billed charges applies.; No services were performed during the 15 month look back period.,102.12,,,,,,,Case Rate,"100 Percent of Medicaid APG. If not priced under APG, then Metroplus FeeSched",102.12,,,,,,,Case Rate,"100 Percent of Medicaid APG. If not priced under APG, then Metroplus FeeSched",97.0866,78,,,,,0,percent of total billed charges,78% of Billed Charges. Lesser of 100% of billed charges applies.; No services were performed during the 15 month look back period.,12.11,,,,,,,Fee Schedule,"150 % 2018 Cigna RBRVS fee schedule. ",6.12,,,,,,,Fee Schedule,"100 % 2019 CMS Clinical Lab National Limit Pub 20190115. ",6.12,,,,,,,Fee Schedule,"100 % 2019 CMS Clinical Lab National Limit Pub 20190115. ",97.0866,78,,,,,0,percent of total billed charges,78% of Billed Charges. Lesser of 100% of billed charges applies.; No services were performed during the 15 month look back period.,5.6,,,,,,,Fee Schedule,"100% Medicare Lab FS. ",6.12,,,,,,,Fee Schedule,"100 % 2019 CMS Clinical Lab National Limit Pub 20190115. ",6.12,,,,,,,Fee Schedule,"100 % 2019 CMS Clinical Lab National Limit Pub 20190115. ",6.12,,,,,,,Fee Schedule,"100 % 2019 CMS Clinical Lab National Limit Pub 20190115. ",5.6,,,,,,,Fee Schedule,"100% Medicare Lab FS. ",6.12,,,,,,,Fee Schedule,"100 % 2019 CMS Clinical Lab National Limit Pub 20190115. ",6.12,,,,,,,Fee Schedule,"100 % 2019 CMS Clinical Lab National Limit Pub 20190115. ",5.6,,,,,,,Fee Schedule,"100% of Medicare Lab FS. ",62.235,50,,,,,0,percent of total billed charges,50 percent of billed charges; No services were performed during the 15 month look back period.,14.04,,,,,,,Fee Schedule,"238 % 2013 Manhattan Medicare. ",14.04,,,,,,,Fee Schedule,"238 % 2013 Manhattan Medicare. ",14.04,,,,,,,Fee Schedule,"238 % 2013 Manhattan Medicare. ",14.04,,,,,,,Fee Schedule,"238 % 2013 Manhattan Medicare. ",14.04,,,,,,,Fee Schedule,"238 % 2013 Manhattan Medicare. ",14.04,,,,,,,Fee Schedule,"238 % 2013 Manhattan Medicare. ",5.6,,,,,,,Fee Schedule,"100% Medicare Lab FS. ",5.6,,,,,,,Fee Schedule,"100% Medicare Lab FS. ",14.04,,,,,,,Fee Schedule,"238 % 2013 Manhattan Medicare. ",97.0866,78,,,,,0,percent of total billed charges,78% of Billed Charges. Lesser of 100% of billed charges applies.; No services were performed during the 15 month look back period.,97.0866,78,,,,,0,percent of total billed charges,78% of Billed Charges. Lesser of 100% of billed charges applies.; No services were performed during the 15 month look back period.,97.0866,78,,,,,0,percent of total billed charges,78% of Billed Charges. Lesser of 100% of billed charges applies.; No services were performed during the 15 month look back period.,97.0866,78,,,,,0,percent of total billed charges,78% of Billed Charges. Lesser of 100% of billed charges applies.; No services were performed during the 15 month look back period.,97.0866,78,,,,,0,percent of total billed charges,78% of Billed Charges. Lesser of 100% of billed charges applies.; No services were performed during the 15 month look back period.,97.0866,78,,,,,0,percent of total billed charges,78% of Billed Charges. Lesser of 100% of billed charges applies.; No services were performed during the 15 month look back period.,97.0866,78,,,,,0,percent of total billed charges,78% of Billed Charges. Lesser of 100% of billed charges applies.; No services were performed during the 15 month look back period.,97.0866,78,,,,,0,percent of total billed charges,78% of Billed Charges. Lesser of 100% of billed charges applies.; No services were performed during the 15 month look back period.,97.0866,78,,,,,0,percent of total billed charges,78% of Billed Charges. Lesser of 100% of billed charges applies.; No services were performed during the 15 month look back period.,97.0866,78,,,,,0,percent of total billed charges,78% of Billed Charges. Lesser of 100% of billed charges applies.; No services were performed during the 15 month look back period.,97.0866,78,,,,,0,percent of total billed charges,78% of Billed Charges. Lesser of 100% of billed charges applies.; No services were performed during the 15 month look back period.,97.0866,78,,,,,0,percent of total billed charges,78% of Billed Charges. Lesser of 100% of billed charges applies.; No services were performed during the 15 month look back period.,97.0866,78,,,,,0,percent of total billed charges,78% of Billed Charges. Lesser of 100% of billed charges applies.; No services were performed during the 15 month look back period.,97.0866,78,,,,,0,percent of total billed charges,78% of Billed Charges. Lesser of 100% of billed charges applies.; No services were performed during the 15 month look back period.,97.0866,78,,,,,0,percent of total billed charges,78% of Billed Charges. Lesser of 100% of billed charges applies.; No services were performed during the 15 month look back period.,97.0866,78,,,,,0,percent of total billed charges,78% of Billed Charges. Lesser of 100% of billed charges applies.; No services were performed during the 15 month look back period.,97.0866,78,,,,,0,percent of total billed charges,78% of Billed Charges. Lesser of 100% of billed charges applies.; No services were performed during the 15 month look back period.,97.0866,78,,,,,0,percent of total billed charges,78% of Billed Charges. Lesser of 100% of billed charges applies.; No services were performed during the 15 month look back period.,97.0866,78,,,,,0,percent of total billed charges,78% of Billed Charges. Lesser of 100% of billed charges applies.; No services were performed during the 15 month look back period.,97.0866,78,,,,,0,percent of total billed charges,78% of Billed Charges. Lesser of 100% of billed charges applies.; No services were performed during the 15 month look back period.,97.0866,78,,,,,0,percent of total billed charges,78% of Billed Charges. Lesser of 100% of billed charges applies.; No services were performed during the 15 month look back period.,97.0866,78,,,,,0,percent of total billed charges,78% of Billed Charges. Lesser of 100% of billed charges applies.; No services were performed during the 15 month look back period.,97.0866,78,,,,,0,percent of total billed charges,78% of Billed Charges. Lesser of 100% of billed charges applies.; No services were performed during the 15 month look back period.,97.0866,78,,,,,0,percent of total billed charges,78% of Billed Charges. Lesser of 100% of billed charges applies.; No services were performed during the 15 month look back period.,97.0866,78,,,,,0,percent of total billed charges,78% of Billed Charges. Lesser of 100% of billed charges applies.; No services were performed during the 15 month look back period.,97.0866,78,,,,,0,percent of total billed charges,78% of Billed Charges. Lesser of 100% of billed charges applies.; No services were performed during the 15 month look back period.,14.28,,,,,,,Fee Schedule,"255 % Medicare RBRVS. ",14.28,,,,,,,Fee Schedule,"255 % Medicare RBRVS. ",14.28,,,,,,,Fee Schedule,"255 % Medicare RBRVS. ",14.28,,,,,,,Fee Schedule,"255 % Medicare RBRVS. ",10.81,,,,,,,Fee Schedule,"193 % Medicare RBRVS. ",10.81,,,,,,,Fee Schedule,"193 % Medicare RBRVS. ",12.11,,,,,,,Fee Schedule,"150 % 2018 Cigna RBRVS fee schedule. ",14.04,,,,,,,Fee Schedule,"238 % 2013 Manhattan Medicare. ",6.12,,,,,,,Fee Schedule,"100 % 2019 CMS Clinical Lab National Limit Pub 20190115. ",14.04,,,,,,,Fee Schedule,"238 % 2013 Manhattan Medicare. ",97.0866,78,,,,,0,percent of total billed charges,78% of Billed Charges. Lesser of 100% of billed charges applies.; No services were performed during the 15 month look back period.,10.81,,,,,,,Fee Schedule,"193 % Medicare RBRVS. ",14.04,,,,,,,Fee Schedule,"238 % 2013 Manhattan Medicare. ",6.12,,,,,,,Fee Schedule,"100 % 2019 CMS Clinical Lab National Limit Pub 20190115. ",12.11,,,,,,,Fee Schedule,"150 % 2018 Cigna RBRVS fee schedule. ",,,,,,,,,"NA. ",97.0866,78,,,,,0,percent of total billed charges,78% of Billed Charges. Lesser of 100% of billed charges applies.; No services were performed during the 15 month look back period.,102.12,,,,,,,Case Rate,"100 Percent of Medicaid APG. ",14.28,,,,,,,Fee Schedule,"255 % Medicare RBRVS. ",102.12,,,,,,,Case Rate,"100 Percent of Medicaid APG. Not APG payable, or payable under another fee schedule like ASP/AWP pays at 30% of charges",5.6,,,,,,,Fee Schedule,"100% Medicare Lab FS. ",5.6,,,,,,,Fee Schedule,"100% Medicare Lab FS. ",62.235,50,,,,,0,percent of total billed charges,50 percent of billed charges; No services were performed during the 15 month look back period.,5.6,,,,,,,Fee Schedule,"100% Medicare Lab FS. ",5.6,,,,,,,Fee Schedule,"100% Medicare Lab FS. ",102.12,,,,,,,Case Rate,"100 Percent of Medicaid APG. ",5.6,,,,,,,Fee Schedule,"100% Medicare Lab FS. ",5.6,,,,,,,Fee Schedule,"100% Medicare Lab FS. ",14.06,,,,,,,Fee Schedule,"251.071428571429 % Medicare Physician FS TC Rates Only. ",14.06,,,,,,,Fee Schedule,"251.071428571429 % Medicare Physician FS TC Rates Only. ",5.6,,,,,,,Fee Schedule,"100% Medicare Lab FS. ",12.11,,,,,,,Fee Schedule,"150 % 2018 Cigna RBRVS fee schedule. ",6.12,,,,,,,Fee Schedule,"100 % 2019 CMS Clinical Lab National Limit Pub 20190115. ",6.12,,,,,,,Fee Schedule,"100 % 2019 CMS Clinical Lab National Limit Pub 20190115. ",5.6,,,,,,,Fee Schedule,"100% Medicare Lab FS. ",12.11,,,,,,,Fee Schedule,"150 % 2018 Cigna RBRVS fee schedule. ",14.06,,,,,,,Fee Schedule,"251.071428571429 % Medicare Physician FS TC Rates Only. ",14.06,,,,,,,Fee Schedule,"251.071428571429 % Medicare Physician FS TC Rates Only. ",14.06,,,,,,,Fee Schedule,"251.071428571429 % Medicare Physician FS TC Rates Only. ",97.0866,78,,,,,0,percent of total billed charges,78% of Billed Charges. Lesser of 100% of billed charges applies.; No services were performed during the 15 month look back period.,97.0866,78,,,,,0,percent of total billed charges,78% of Billed Charges. Lesser of 100% of billed charges applies.; No services were performed during the 15 month look back period.,97.0866,78,,,,,0,percent of total billed charges,78% of Billed Charges. Lesser of 100% of billed charges applies.; No services were performed during the 15 month look back period.,97.0866,78,,,,,0,percent of total billed charges,78% of Billed Charges. Lesser of 100% of billed charges applies.; No services were performed during the 15 month look back period.,97.0866,78,,,,,0,percent of total billed charges,78% of Billed Charges. Lesser of 100% of billed charges applies.; No services were performed during the 15 month look back period.,97.0866,78,,,,,0,percent of total billed charges,78% of Billed Charges. Lesser of 100% of billed charges applies.; No services were performed during the 15 month look back period.,97.0866,78,,,,,0,percent of total billed charges,78% of Billed Charges. Lesser of 100% of billed charges applies.; No services were performed during the 15 month look back period.,97.0866,78,,,,,0,percent of total billed charges,78% of Billed Charges. Lesser of 100% of billed charges applies.; No services were performed during the 15 month look back period.,97.0866,78,,,,,0,percent of total billed charges,78% of Billed Charges. Lesser of 100% of billed charges applies.; No services were performed during the 15 month look back period.,97.0866,78,,,,,0,percent of total billed charges,78% of Billed Charges. Lesser of 100% of billed charges applies.; No services were performed during the 15 month look back period.,97.0866,78,,,,,0,percent of total billed charges,78% of Billed Charges. Lesser of 100% of billed charges applies.; No services were performed during the 15 month look back period.,10.81,,,,,,,Fee Schedule,"193 % Medicare RBRVS. ",14.04,,,,,,,Fee Schedule,"238 % 2013 Manhattan Medicare. ",12.11,,,,,,,Fee Schedule,"150 % 2018 Cigna RBRVS fee schedule. ",5.6,,,,,,,Fee Schedule,"100% Medicare Lab FS. ",14.06,,,,,,,Fee Schedule,"251.071428571429 % Medicare Physician FS TC Rates Only. ",12.11,,,,,,,Fee Schedule,"150 % 2018 Cigna RBRVS fee schedule. ",12.11,,,,,,,Fee Schedule,"150 % 2018 Cigna RBRVS fee schedule. ",97.0866,78,,,,,0,percent of total billed charges,78% of Billed Charges. Lesser of 100% of billed charges applies.; No services were performed during the 15 month look back period.,218.54,,,,,,,Case Rate,"141 Percent of current Medicare RBRVS FeeSched. ",12.11,,,,,,,Fee Schedule,"150 % 2018 Cigna RBRVS fee schedule. ",102.12,,,,,,,Case Rate,"100 Percent of Medicaid APG. ",5.6,,,,,,,Fee Schedule,"100% Medicare Lab FS. ",5.6,,,,,,,Fee Schedule,"100% Medicare Lab FS. ",5.6,,,,,,,Fee Schedule,"100% Medicare Lab FS. ",5.6,,,,,,,Fee Schedule,"100% Medicare Lab FS. ",5.6,,,,,,,Fee Schedule,"100% Medicare Lab FS. ",5.6,,,,,,,Fee Schedule,"100% Medicare Lab FS. ",12.11,,,,,,,Fee Schedule,"150 % 2018 Cigna RBRVS fee schedule. ",62.235,50,,,,,0,percent of total billed charges,50 percent of billed charges; No services were performed during the 15 month look back period.,8.96,,,,,,,Fee Schedule,"160 Percent of Medicare Laboratory. ",8.96,,,,,,,Fee Schedule,"160 Percent of Medicare Laboratory. ",8.96,,,,,,,Fee Schedule,"160 Percent of Medicare Laboratory. ",8.96,,,,,,,Fee Schedule,"160 Percent of Medicare Laboratory. ",8.96,,,,,,,Fee Schedule,"160 Percent of Medicare Laboratory. ",,,,,,,,,"NA. ",62.235,50,,,,,0,percent of total billed charges,50 percent of billed charges; No services were performed during the 15 month look back period.,7.9,,,,,,,Fee Schedule,141 Percent of of Medicare Lab FS. Metroplus will reimburse unlisted codes and described codes with no Medicare rate at 50 percent of charges.,7.9,,,,,,,Fee Schedule,141 Percent of of Medicare Lab FS. Metroplus will reimburse unlisted codes and described codes with no Medicare rate at 50 percent of charges.,7.9,,,,,,,Fee Schedule,141 Percent of of Medicare Lab FS. Metroplus will reimburse unlisted codes and described codes with no Medicare rate at 50 percent of charges.,7.9,,,,,,,Fee Schedule,141 Percent of of Medicare Lab FS. Metroplus will reimburse unlisted codes and described codes with no Medicare rate at 50 percent of charges.,7.9,,,,,,,Fee Schedule,141 Percent of of Medicare Lab FS. Metroplus will reimburse unlisted codes and described codes with no Medicare rate at 50 percent of charges.,5.6,,,,,,,Fee Schedule,"100% Medicare Lab FS. ",10.81,,,,,,,Fee Schedule,"193 % Medicare RBRVS. ",10.81,,,,,,,Fee Schedule,"193 % Medicare RBRVS. ",10.81,,,,,,,Fee Schedule,"193 % Medicare RBRVS. ",10.81,,,,,,,Fee Schedule,"193 % Medicare RBRVS. ",14.06,,,,,,,Fee Schedule,"251.071428571429 % Medicare Physician FS TC Rates Only. ",14.06,,,,,,,Fee Schedule,"251.071428571429 % Medicare Physician FS TC Rates Only. ",14.06,,,,,,,Fee Schedule,"251.071428571429 % Medicare Physician FS TC Rates Only. ",14.06,,,,,,,Fee Schedule,"251.071428571429 % Medicare Physician FS TC Rates Only. ",62.235,50,,,,,0,percent of total billed charges,50 percent of billed charges; No services were performed during the 15 month look back period.,62.235,50,,,,,0,percent of total billed charges,50 percent of billed charges; No services were performed during the 15 month look back period.,5.6,,,,,,,Fee Schedule,"100% Medicare Lab FS. ",5.6,,,,,,,Fee Schedule,"100% Medicare Lab FS. ",5.6,,,,,,,Fee Schedule,"100% Medicare Lab FS. ",14.04,,,,,,,Fee Schedule,"238 % 2013 Manhattan Medicare. ",14.04,,,,,,,Fee Schedule,"238 % 2013 Manhattan Medicare. ",14.04,,,,,,,Fee Schedule,"238 % 2013 Manhattan Medicare. ",62.235,50,,,,,0,percent of total billed charges,50 percent of billed charges; No services were performed during the 15 month look back period.,14.06,,,,,,,Fee Schedule,"251.071428571429 % Medicare Physician FS TC Rates Only. ",5.6,,,,,,,Fee Schedule,"100% Medicare Lab FS. ",14.04,,,,,,,Fee Schedule,"238 % 2013 Manhattan Medicare. ",102.12,,,,,,,Case Rate,"100 Percent of Medicaid APG. ",5.71,,,,,,,Fee Schedule,"102% of Medicare Lab FS. ",5.71,,,,,,,Fee Schedule,"102% of Medicare Lab FS. ",5.71,,,,,,,Fee Schedule,"102% of Medicare Lab FS. ",5.04,,,,,,,Fee schedule,"90 Percent of Medicare RBRVS. ",229.77,,,,,,,Fee Schedule,225% of NYS APG. Lesser of 100% of billed charges applies.,229.77,,,,,,,Fee Schedule,225% of NYS APG. Lesser of 100% of billed charges applies.,229.77,,,,,,,Fee Schedule,225% of NYS APG. Lesser of 100% of billed charges applies.,229.77,,,,,,,Fee Schedule,225% of NYS APG. Lesser of 100% of billed charges applies.,229.77,,,,,,,Fee Schedule,225% of NYS APG. Lesser of 100% of billed charges applies.,5.71,,,,,,,Fee Schedule,"102% of Medicare Lab FS. ",102.12,,,,,,,Case Rate,"100 Percent of Medicaid APG. ",2.83,,,,,,,Fee Schedule,100% Medicaid Fee Schedule. Lesser of 100% of billed charges applies.,229.77,,,,,,,Fee Schedule,225% of NYS APG. Lesser of 100% of billed charges applies.,229.77,,,,,,,Fee Schedule,225% of NYS APG. Lesser of 100% of billed charges applies.,2.83,,,,,,,Fee Schedule,100% Medicaid Fee Schedule. Lesser of 100% of billed charges applies.,2.83,,,,,,,Fee Schedule,100% Medicaid Fee Schedule. Lesser of 100% of billed charges applies.,8.96,,,,,,,Fee Schedule,"160 Percent of Medicare Laboratory. ",5.6,,,,,,,Fee Schedule,"100% Medicare Lab FS. ",5.6,,,,,,,Fee Schedule,"100% Medicare Lab FS. ",14.06,,,,,,,Fee Schedule,"251.071428571429 % Medicare Physician FS TC Rates Only. ",5.6,,,,,,,Fee Schedule,"100% Medicare Lab FS. ",229.77,,,,,,,Fee Schedule,"225 Percent of Medicaid APG. ",229.77,,,,,,,Fee Schedule,"225 Percent of Medicaid APG. ",5.04,,,,,,,Fee schedule,"90 Percent of Medicare RBRVS. ",5.04,,,,,,,Fee schedule,"90 Percent of Medicare RBRVS. ",229.77,,,,,,,Case Rate,225 Percent of Medicaid APG. Covered services not payable under Medicaid Fee Schedules default to a payment of 87.5 percent of charges.,5.04,,,,,,,Fee schedule,90 Percent of Medicare Laboratory. Covered services not payable under Medicaid Fee Schedules default to a payment of 50 percent of charges.,229.77,,,,,,,Case Rate,"100 Percent of Medicaid APG. ",229.77,,,,,,,Case Rate,"100 Percent of Medicaid APG. ",229.77,,,,,,,Case Rate,"100 Percent of Medicaid APG. ",229.77,,,,,,,Case Rate,"100 Percent of Medicaid APG. ",57.06,,,,,,,Fee Schedule,"1019 % Manhattan Facility Rate. ",62.235,50,,,,,0,percent of total billed charges,50 percent of billed charges; No services were performed during the 15 month look back period.,122.55,,,,,,,Case Rate,"120 Percent of Medicaid APG. Not APG payable, or payable under another fee schedule like ASP/AWP pays at 30% of charges",122.55,,,,,,,Case Rate,"120 Percent of Medicaid APG. Not APG payable, or payable under another fee schedule like ASP/AWP pays at 30% of charges",102.12,,,,,,,Case Rate,"100 Percent of Medicaid APG. Not APG payable, or payable under another fee schedule like ASP/AWP pays at 30% of charges",102.12,,,,,,,Case Rate,"100 Percent of Medicaid APG. Not APG payable, or payable under another fee schedule like ASP/AWP pays at 30% of charges",14.04,,,,,,,Fee Schedule,"238 % 2013 Manhattan Medicare. ",14.04,,,,,,,Fee Schedule,"238 % 2013 Manhattan Medicare. ",5.6,,,,,,,Fee Schedule,"100% Medicare Lab FS. ",14.04,,,,,,,Fee Schedule,"238 % 2013 Manhattan Medicare. ",14.04,,,,,,,Fee Schedule,"238 % 2013 Manhattan Medicare. ",14.04,,,,,,,Fee Schedule,"238 % 2013 Manhattan Medicare. ",14.04,,,,,,,Fee Schedule,"238 % 2013 Manhattan Medicare. ",5.6,,,,,,,Fee Schedule,"100% Medicare Lab FS. ",14.04,,,,,,,Fee Schedule,"238 % 2013 Manhattan Medicare. ",14.04,,,,,,,Fee Schedule,"238 % 2013 Manhattan Medicare. ",14.06,,,,,,,Fee Schedule,"251.071428571429 % Medicare Physician FS TC Rates Only. ",112.33,,,,,,,Fee Schedule,110% of APG. Lesser of 100% of billed charges applies.,5.04,,,,,,,Fee schedule,90 Percent of Medicare Laboratory. Covered services not payable under Medicaid Fee Schedules default to a payment of 50 percent of charges.,229.77,,,,,,,Fee Schedule,225% of NYS APG. Lesser of 100% of billed charges applies.,229.77,,,,,,,Case Rate,225 Percent of Medicaid APG. Covered services not payable under Medicaid Fee Schedules default to a payment of 87.5 percent of charges.,5.04,,,,,,,Fee schedule,90 Percent of Medicare Laboratory. Covered services not payable under Medicaid Fee Schedules default to a payment of 50 percent of charges.,229.77,,,,,,,Fee Schedule,225% of NYS APG. Lesser of 100% of billed charges applies.,229.77,,,,,,,Fee Schedule,225% of NYS APG. Lesser of 100% of billed charges applies.,229.77,,,,,,,Fee Schedule,225% of NYS APG. Lesser of 100% of billed charges applies.,229.77,,,,,,,Fee Schedule,225% of NYS APG. Lesser of 100% of billed charges applies.,229.77,,,,,,,Fee Schedule,225% of NYS APG. Lesser of 100% of billed charges applies.,229.77,,,,,,,Fee Schedule,225% of NYS APG. Lesser of 100% of billed charges applies.,,,,,,,,,"NA. ",,,,,,,,,"NA. ",,,,,,,,,"NA. ",12.11,,,,,,,Fee Schedule,"150 % 2018 Cigna RBRVS fee schedule. ",,,,,,,,,"NA. ",5.6,,,,,,,Fee Schedule,"100% Medicare Lab FS. ",6,,,,,,,Fee Schedule,"100 % 1199 Fee Schedule. ",5.6,,,,,,,Fee Schedule,"100% Medicare Lab FS. ",5.6,,,,,,,Fee Schedule,"100% Medicare Lab FS. ",122.55,,,,,,,Case Rate,"120 Percent of Medicaid APG. Not APG payable, or payable under another fee schedule like ASP/AWP pays at 30% of charges",122.55,,,,,,,Case Rate,"120 Percent of Medicaid APG. Not APG payable, or payable under another fee schedule like ASP/AWP pays at 30% of charges",102.12,,,,,,,Case Rate,"100 Percent of Medicaid APG. Not APG payable, or payable under another fee schedule like ASP/AWP pays at 30% of charges",102.12,,,,,,,Case Rate,"100 Percent of Medicaid APG. Not APG payable, or payable under another fee schedule like ASP/AWP pays at 30% of charges",102.12,,,,,,,Case Rate,"100 Percent of Medicaid APG. ",12.15,,,,,,,Fee Schedule,"217 % Medicare RBRVS. ",14.06,,,,,,,Fee Schedule,"251.071428571429 % Medicare Physician FS TC Rates Only. ",14.28,,,,,,,Fee Schedule,"255 % Medicare RBRVS. ",12.11,,,,,,,Fee Schedule,"150 % 2018 Cigna RBRVS fee schedule. ",5.6,,,,,,,Fee Schedule,"100% Medicare Lab FS. ",5.6,,,,,,,Fee Schedule,"100% Medicare Lab FS. ",5.6,,,,,,,Fee Schedule,"100% Medicare Lab FS. ",5.6,,,,,,,Fee Schedule,"100% Medicare Lab FS. ",5.6,,,,,,,Fee Schedule,"100% Medicare Lab FS. ",5.6,,,,,,,Fee Schedule,"100% Medicare Lab FS. ",,,,,,,,,"NA. ",229.77,,,,,,,Fee Schedule,225% of NYS APG. Lesser of 100% of billed charges applies.,2.83,,,,,,,Fee Schedule,100% Medicaid Fee Schedule. Lesser of 100% of billed charges applies.,14.04,,,,,,,Fee Schedule,"238 % 2013 Manhattan Medicare. ",12.15,,,,,,,Fee Schedule,"217 % Medicare RBRVS. ",12.15,,,,,,,Fee Schedule,"217 % Medicare RBRVS. ",12.15,,,,,,,Fee Schedule,"217 % Medicare RBRVS. ",12.15,,,,,,,Fee Schedule,"217 % Medicare RBRVS. ",5.6,,,,,,,Fee Schedule,"100% Medicare Lab FS. ",102.12,,,,,,,Case Rate,"100 Percent of Medicaid APG. ",14.04,,,,,,,Fee Schedule,"238 % 2013 Manhattan Medicare. ",102.12,,,,,,,Case Rate,"100 Percent of Medicaid APG. ",5.6,,,,,,,Fee Schedule,"100% Medicare Lab FS. ",102.12,,,,,,,Case Rate,"100 Percent of Medicaid APG. ",5.6,,,,,,,Fee Schedule,"100% Medicare Lab FS. ",5.6,,,,,,,Fee Schedule,"100% Medicare Lab FS. ",102.12,,,,,,,Case Rate,"100 Percent of Medicaid APG. ",102.12,,,,,,,Case Rate,"100 Percent of Medicaid APG. ",12.15,,,,,,,Fee Schedule,"217 % Medicare RBRVS. ",12.11,,,,,,,Fee Schedule,"150 % 2018 Cigna RBRVS fee schedule. ",97.0866,78,,,,,0,percent of total billed charges,78% of Billed Charges. Lesser of 100% of billed charges applies.; No services were performed during the 15 month look back period.,6.12,,,,,,,Fee Schedule,"100 % 2019 CMS Clinical Lab National Limit Pub 20190115. ",6.12,,,,,,,Fee Schedule,"100 % 2019 CMS Clinical Lab National Limit Pub 20190115. ",14.06,,,,,,,Fee Schedule,"251.071428571429 % Medicare Physician FS TC Rates Only. ",5.49,,,,,,,Fee Schedule,"98% Lab FS. ",10.81,,,,,,,Fee Schedule,"193 % Medicare RBRVS. ",10.81,,,,,,,Fee Schedule,"193 % Medicare RBRVS. ",11.23,,,,,,,Fee Schedule,"190.4 % 2013 Manhattan Medicare. ",11.23,,,,,,,Fee Schedule,"190.4 % 2013 Manhattan Medicare. ",5.6,,,,,,,Fee Schedule,"100% Medicare Lab FS. ",5.6,,,,,,,Fee Schedule,"100% Medicare Lab FS. ",5.6,,,,,,,Fee Schedule,"100% Medicare Lab FS. ",5.6,,,,,,,Fee Schedule,"100% Medicare Lab FS. ",6.12,,,,,,,Fee Schedule,"100 % 2019 CMS Clinical Lab National Limit Pub 20190115. ",14.04,,,,,,,Fee Schedule,"238 % 2013 Manhattan Medicare. ",14.04,,,,,,,Fee Schedule,"238 % 2013 Manhattan Medicare. ",5.6,,,,,,,Fee Schedule,"100% Medicare Lab FS. ",11.23,,,,,,,Fee Schedule,"190.4 % 2013 Manhattan Medicare. ",14.28,,,,,,,Fee Schedule,"255 % Medicare RBRVS. ",122.55,,,,,,,Fee Schedule,"120 Percent of Medicaid APG. ",102.12,,,,,,,Case Rate,"100 Percent of Medicaid APG. ",12.15,,,,,,,Fee Schedule,"217 % Medicare RBRVS. ",12.64,,,,,,,Fee Schedule,"214.2 % 2013 Manhattan Medicare. ",12.64,,,,,,,Fee Schedule,"214.2 % 2013 Manhattan Medicare. ",14.04,,,,,,,Fee Schedule,"238 % 2013 Manhattan Medicare. ",62.235,50,,,,,0,percent of total billed charges,50 percent of billed charges; No services were performed during the 15 month look back period.,5.6,,,,,,,Fee Schedule,"100% Medicare Lab FS. ",107.23,,,,,,,Fee Schedule,105 percent of Medicaid APG. otherwise 105% of Ordered NYS MCD FS or 105% of ASP+6%,107.23,,,,,,,Fee Schedule,105 percent of Medicaid APG. otherwise 105% of Ordered NYS MCD FS or 105% of ASP+6%,107.23,,,,,,,Fee Schedule,105 percent of Medicaid APG. otherwise 105% of Ordered NYS MCD FS or 105% of ASP+6%,137.86,,,,,,,Fee Schedule,135 percent of Medicaid APG. otherwise 135% of Ordered NYS MCD FS or 135% of ASP+6%,6.12,,,,,,,Fee Schedule,"100 % 2019 CMS Clinical Lab National Limit Pub 20190115. ",107.23,,,,,,,Fee Schedule,105 percent of Medicaid APG. otherwise 105% of Ordered NYS MCD FS or 105% of ASP+6%,107.23,,,,,,,Fee Schedule,105 percent of Medicaid APG. otherwise 105% of Ordered NYS MCD FS or 105% of ASP+6%,107.23,,,,,,,Fee Schedule,105 percent of Medicaid APG. otherwise 105% of Ordered NYS MCD FS or 105% of ASP+6%,107.23,,,,,,,Fee Schedule,105 percent of Medicaid APG. otherwise 105% of Ordered NYS MCD FS or 105% of ASP+6%,107.23,,,,,,,Fee Schedule,105 percent of Medicaid APG. otherwise 105% of Ordered NYS MCD FS or 105% of ASP+6%,137.86,,,,,,,Fee Schedule,135 percent of Medicaid APG. otherwise 135% of Ordered NYS MCD FS or 135% of ASP+6%,137.86,,,,,,,Fee Schedule,135 percent of Medicaid APG. otherwise 135% of Ordered NYS MCD FS or 135% of ASP+6%,5.6,,,,,,,Fee Schedule,"100% Medicare Lab FS. ",6.12,,,,,,,Fee Schedule,"100 % 2019 CMS Clinical Lab National Limit Pub 20190115. ",5.6,,,,,,,Fee Schedule,"100% Medicare Lab FS. ",107.23,,,,,,,Fee Schedule,105 percent of Medicaid APG. otherwise 105% of Ordered NYS MCD FS or 105% of ASP+6%,14.04,,,,,,,Fee Schedule,"238 % 2013 Manhattan Medicare. ",5.6,,,,,,,Fee Schedule,"100% Medicare Lab FS. ",14.04,,,,,,,Fee Schedule,"238 % 2013 Manhattan Medicare. ",14.04,,,,,,,Fee Schedule,"238 % 2013 Manhattan Medicare. ",14.04,,,,,,,Fee Schedule,"238 % 2013 Manhattan Medicare. ",107.23,,,,,,,Fee Schedule,105 percent of Medicaid APG. otherwise 105% of Ordered NYS MCD FS or 105% of ASP+6%,5.6,,,,,,,Fee Schedule,"100% Medicare Lab FS. ",14.04,,,,,,,Fee Schedule,"238 % 2013 Manhattan Medicare. ",137.86,,,,,,,Fee Schedule,135 percent of Medicaid APG. otherwise 135% of Ordered NYS MCD FS or 135% of ASP+6%,14.04,,,,,,,Fee Schedule,"238 % 2013 Manhattan Medicare. ",8.4,,,,,,,Fee Schedule,"150% of Medicare Lab FS. ",5.6,,,,,,,Fee Schedule,"100% Medicare Lab FS. ",12.15,,,,,,,Fee Schedule,"217 % Medicare RBRVS. ",12.15,,,,,,,Fee Schedule,"217 % Medicare RBRVS. ",12.15,,,,,,,Fee Schedule,"217 % Medicare RBRVS. ",12.15,,,,,,,Fee Schedule,"217 % Medicare RBRVS. ",12.15,,,,,,,Fee Schedule,"217 % Medicare RBRVS. ",14.28,,,,,,,Fee Schedule,"255 % Medicare RBRVS. ",14.28,,,,,,,Fee Schedule,"255 % Medicare RBRVS. ",12.15,,,,,,,Fee Schedule,"217 % Medicare RBRVS. ",12.15,,,,,,,Fee Schedule,"217 % Medicare RBRVS. ",12.15,,,,,,,Fee Schedule,"217 % Medicare RBRVS. ",12.15,,,,,,,Fee Schedule,"217 % Medicare RBRVS. ",12.15,,,,,,,Fee Schedule,"217 % Medicare RBRVS. ",5.6,,,,,,,Fee Schedule,"100% Medicare Lab FS. ",14.28,,,,,,,Fee Schedule,"255 % Medicare RBRVS. ",5.6,,,,,,,Fee Schedule,"100% Medicare Lab FS. ",229.77,,,,,,,Case Rate,"225 Percent of Medicaid APG. If not included in Medicaid APG, then 100 Percent of Manhattan Medicare",102.12,,,,,,,Case Rate,"100 Percent of Medicaid APG. If not priced under APG, then Metroplus FeeSched",6.12,,,,,,,Fee Schedule,"100 % 2019 CMS Clinical Lab National Limit Pub 20190115. ",6.12,,,,,,,Fee Schedule,"100 % 2019 CMS Clinical Lab National Limit Pub 20190115. ",5.6,,,,,,,Fee Schedule,"100% Medicare Lab FS. ",10.81,,,,,,,Fee Schedule,"193 % Medicare RBRVS. ",5.6,,,,,,,Fee Schedule,"100% Medicare Lab FS. ",5.6,,,,,,,Fee Schedule,"100% Medicare Lab FS. ",14.06,,,,,,,Fee Schedule,"251.071428571429 % Medicare Physician FS TC Rates Only. ",5.6,,,,,,,Fee Schedule,"100% Medicare Lab FS. ",12.11,,,,,,,Fee Schedule,"150 % 2018 Cigna RBRVS fee schedule. ",5.6,,,,,,,Fee Schedule,"100% Medicare Lab FS. ",12.11,,,,,,,Fee Schedule,"150 % 2018 Cigna RBRVS fee schedule. ",14.06,,,,,,,Fee Schedule,"251.071428571429 % Medicare Physician FS TC Rates Only. ",12.11,,,,,,,Fee Schedule,"150 % 2018 Cigna RBRVS fee schedule. ",5.6,,,,,,,Fee Schedule,"100% Medicare Lab FS. ",102.12,,,,,,,Case Rate,"100 Percent of Medicaid APG. ",5.6,,,,,,,Fee Schedule,"100% Medicare Lab FS. ",12.11,,,,,,,Fee Schedule,"150 % 2018 Cigna RBRVS fee schedule. ",6.12,,,,,,,Fee Schedule,"100 % 2019 CMS Clinical Lab National Limit Pub 20190115. ",102.12,,,,,,,Case Rate,"100 Percent of Medicaid APG. ",14.04,,,,,,,Fee Schedule,"238 % 2013 Manhattan Medicare. ",122.55,,,,,,,Fee Schedule,"120 Percent of Medicaid APG. ",122.55,,,,,,,Fee Schedule,"120 Percent of Medicaid APG. ",14.04,,,,,,,Fee Schedule,"238 % 2013 Manhattan Medicare. ",14.04,,,,,,,Fee Schedule,"238 % 2013 Manhattan Medicare. ",14.04,,,,,,,Fee Schedule,"238 % 2013 Manhattan Medicare. ",6.12,,,,,,,Fee Schedule,"100 % 2019 CMS Clinical Lab National Limit Pub 20190115. ",14.04,,,,,,,Fee Schedule,"238 % 2013 Manhattan Medicare. ",14.04,,,,,,,Fee Schedule,"238 % 2013 Manhattan Medicare. ",14.04,,,,,,,Fee Schedule,"238 % 2013 Manhattan Medicare. ",12.15,,,,,,,Fee Schedule,"217 % Medicare RBRVS. ",12.15,,,,,,,Fee Schedule,"217 % Medicare RBRVS. ",7.9,,,,,,,Fee Schedule,141 Percent of of Medicare Lab FS. Metroplus will reimburse unlisted codes and described codes with no Medicare rate at 50 percent of charges.,102.12,,,,,,,Case Rate,"100 Percent of Medicaid APG. ",6.12,,,,,,,Fee Schedule,"100 % 2019 CMS Clinical Lab National Limit Pub 20190115. ",12.11,,,,,,,Fee Schedule,"150 % 2018 Cigna RBRVS fee schedule. ",14.06,,,,,,,Fee Schedule,"251.071428571429 % Medicare Physician FS TC Rates Only. ",6.12,,,,,,,Fee Schedule,"100 % 2019 CMS Clinical Lab National Limit Pub 20190115. ",14.06,,,,,,,Fee Schedule,"251.071428571429 % Medicare Physician FS TC Rates Only. ",6.12,,,,,,,Fee Schedule,"100 % 2019 CMS Clinical Lab National Limit Pub 20190115. ",14.04,,,,,,,Fee Schedule,"238 % 2013 Manhattan Medicare. ",14.04,,,,,,,Fee Schedule,"238 % 2013 Manhattan Medicare. ",14.04,,,,,,,Fee Schedule,"238 % 2013 Manhattan Medicare. ",14.04,,,,,,,Fee Schedule,"238 % 2013 Manhattan Medicare. ",5.6,,,,,,,Fee Schedule,"100% Medicare Lab FS. ",2.83,229.77,
90288,CPT,5010015,LOCAL,636,RC,BOTULISM IG IV,57300,10887,Outpatient,EA,1,,28650,50,,,,,0,percent of total billed charges,50 percent of billed charges; No services were performed during the 15 month look back period.,28650,50,,,,,0,percent of total billed charges,50 percent of billed charges; No services were performed during the 15 month look back period.,34380,60,,,,,0,percent of total billed charges,60 percent of billed charges; No services were performed during the 15 month look back period.,57300,100,,,,,0,percent of total billed charges,100 percent of billed charges; No services were performed during the 15 month look back period.,,,,,,,,Other,"Not Payable. ",34380,60,,,,,0,percent of total billed charges,60 percent of billed charges; No services were performed during the 15 month look back period.,34380,60,,,,,0,percent of total billed charges,60 percent of billed charges; No services were performed during the 15 month look back period.,34380,60,,,,,0,percent of total billed charges,60 percent of billed charges; No services were performed during the 15 month look back period.,,,,,,,,Other,"100 Percent of Medicaid APG. ",,,,,,,,Other,"100 Percent of Medicaid APG. ",44694,78,,,,,0,percent of total billed charges,78% of Billed Charges. Lesser of 100% of billed charges applies.; No services were performed during the 15 month look back period.,,,,,,,,Fee Schedule,"100 % Zero Pay Code. ",,,,,,,,Other,"100 Percent of Medicaid APG. ",,,,,,,,Other,"Not Payable. ",17190,30,,,,,0,percent of total billed charges,30 percent of billed charges; No services were performed during the 15 month look back period.,17190,30,,,,,0,percent of total billed charges,30 percent of billed charges; No services were performed during the 15 month look back period.,17190,30,,,,,0,percent of total billed charges,30 percent of billed charges; No services were performed during the 15 month look back period.,17190,30,,,,,0,percent of total billed charges,30 percent of billed charges; No services were performed during the 15 month look back period.,573,1,,,,,0,percent of total billed charges,NA. Covered services not payable under Medicaid Fee Schedules default to a payment of 50 percent of charges.; No services were performed during the 15 month look back period.,,,,,,,,Other,"Not Payable. ",573,1,,,,,0,percent of total billed charges,NA. Covered services not payable under Medicaid Fee Schedules default to a payment of 50 percent of charges.; No services were performed during the 15 month look back period.,44694,78,,,,,0,percent of total billed charges,78% of Billed Charges. Lesser of 100% of billed charges applies.; No services were performed during the 15 month look back period.,34380,60,,,,,0,percent of total billed charges,60 percent of billed charges; No services were performed during the 15 month look back period.,,,,,,,,Other,"Not Payable. ",41829,73,,,,,0,percent of total billed charges,73 percent of billed charges; No services were performed during the 15 month look back period.,,,,,,,,Other,"Not Payable. ",,,,,,,,Other,"Not Payable. ",44694,78,,,,,0,percent of total billed charges,78% of Billed Charges. Lesser of 100% of billed charges applies.; No services were performed during the 15 month look back period.,,,,,,,,Fee Schedule,"Not payable. ",,,,,,,,Fee Schedule,"Not payable. ",,,,,,,,Case rate,"35 Percent of Charges. ",,,,,,,,Case rate,"35 Percent of Charges. ",41829,73,,,,,0,percent of total billed charges,73 percent of billed charges; No services were performed during the 15 month look back period.,41829,73,,,,,0,percent of total billed charges,73 percent of billed charges; No services were performed during the 15 month look back period.,,,,,,,,Other,"100 Percent of Medicaid APG. Not APG payable, or payable under another fee schedule like ASP/AWP pays at 30% of charges",41829,73,,,,,0,percent of total billed charges,73 percent of billed charges; No services were performed during the 15 month look back period.,,,,,,,,Other,"100 Percent of Medicaid APG. Not APG payable, or payable under another fee schedule like ASP/AWP pays at 30% of charges",,,,,,,,Other,"Not Payable. ",41829,73,,,,,0,percent of total billed charges,73 percent of billed charges; No services were performed during the 15 month look back period.,44694,78,,,,,0,percent of total billed charges,78% of Billed Charges. Lesser of 100% of billed charges applies.; No services were performed during the 15 month look back period.,,,,,,,,Other,"100 Percent of Medicaid APG. If not priced under APG, then Metroplus FeeSched",,,,,,,,Other,"100 Percent of Medicaid APG. If not priced under APG, then Metroplus FeeSched",44694,78,,,,,0,percent of total billed charges,78% of Billed Charges. Lesser of 100% of billed charges applies.; No services were performed during the 15 month look back period.,17190,30,,,,,0,percent of total billed charges,30 percent of billed charges; No services were performed during the 15 month look back period.,,,,,,,,Fee Schedule,"100 % Zero Pay Code. ",,,,,,,,Fee Schedule,"100 % Zero Pay Code. ",44694,78,,,,,0,percent of total billed charges,78% of Billed Charges. Lesser of 100% of billed charges applies.; No services were performed during the 15 month look back period.,,,,,,,,Other,"Not Payable. ",,,,,,,,Fee Schedule,"100 % Zero Pay Code. ",,,,,,,,Fee Schedule,"100 % Zero Pay Code. ",,,,,,,,Fee Schedule,"100 % Zero Pay Code. ",,,,,,,,Other,"Not Payable. ",,,,,,,,Fee Schedule,"100 % Zero Pay Code. ",,,,,,,,Fee Schedule,"100 % Zero Pay Code. ",,,,,,,,Other,"Not Payable. ",28650,50,,,,,0,percent of total billed charges,50 percent of billed charges; No services were performed during the 15 month look back period.,25785,45,,,,,0,percent of total billed charges,45 percent of billed charges; No services were performed during the 15 month look back period.,25785,45,,,,,0,percent of total billed charges,45 percent of billed charges; No services were performed during the 15 month look back period.,25785,45,,,,,0,percent of total billed charges,45 percent of billed charges; No services were performed during the 15 month look back period.,25785,45,,,,,0,percent of total billed charges,45 percent of billed charges; No services were performed during the 15 month look back period.,25785,45,,,,,0,percent of total billed charges,45 percent of billed charges; No services were performed during the 15 month look back period.,25785,45,,,,,0,percent of total billed charges,45 percent of billed charges; No services were performed during the 15 month look back period.,,,,,,,,Other,"Not Payable. ",,,,,,,,Other,"Not Payable. ",25785,45,,,,,0,percent of total billed charges,45 percent of billed charges; No services were performed during the 15 month look back period.,44694,78,,,,,0,percent of total billed charges,78% of Billed Charges. Lesser of 100% of billed charges applies.; No services were performed during the 15 month look back period.,44694,78,,,,,0,percent of total billed charges,78% of Billed Charges. Lesser of 100% of billed charges applies.; No services were performed during the 15 month look back period.,44694,78,,,,,0,percent of total billed charges,78% of Billed Charges. Lesser of 100% of billed charges applies.; No services were performed during the 15 month look back period.,44694,78,,,,,0,percent of total billed charges,78% of Billed Charges. Lesser of 100% of billed charges applies.; No services were performed during the 15 month look back period.,44694,78,,,,,0,percent of total billed charges,78% of Billed Charges. Lesser of 100% of billed charges applies.; No services were performed during the 15 month look back period.,44694,78,,,,,0,percent of total billed charges,78% of Billed Charges. Lesser of 100% of billed charges applies.; No services were performed during the 15 month look back period.,44694,78,,,,,0,percent of total billed charges,78% of Billed Charges. Lesser of 100% of billed charges applies.; No services were performed during the 15 month look back period.,44694,78,,,,,0,percent of total billed charges,78% of Billed Charges. Lesser of 100% of billed charges applies.; No services were performed during the 15 month look back period.,44694,78,,,,,0,percent of total billed charges,78% of Billed Charges. Lesser of 100% of billed charges applies.; No services were performed during the 15 month look back period.,44694,78,,,,,0,percent of total billed charges,78% of Billed Charges. Lesser of 100% of billed charges applies.; No services were performed during the 15 month look back period.,44694,78,,,,,0,percent of total billed charges,78% of Billed Charges. Lesser of 100% of billed charges applies.; No services were performed during the 15 month look back period.,44694,78,,,,,0,percent of total billed charges,78% of Billed Charges. Lesser of 100% of billed charges applies.; No services were performed during the 15 month look back period.,44694,78,,,,,0,percent of total billed charges,78% of Billed Charges. Lesser of 100% of billed charges applies.; No services were performed during the 15 month look back period.,44694,78,,,,,0,percent of total billed charges,78% of Billed Charges. Lesser of 100% of billed charges applies.; No services were performed during the 15 month look back period.,44694,78,,,,,0,percent of total billed charges,78% of Billed Charges. Lesser of 100% of billed charges applies.; No services were performed during the 15 month look back period.,44694,78,,,,,0,percent of total billed charges,78% of Billed Charges. Lesser of 100% of billed charges applies.; No services were performed during the 15 month look back period.,44694,78,,,,,0,percent of total billed charges,78% of Billed Charges. Lesser of 100% of billed charges applies.; No services were performed during the 15 month look back period.,44694,78,,,,,0,percent of total billed charges,78% of Billed Charges. Lesser of 100% of billed charges applies.; No services were performed during the 15 month look back period.,44694,78,,,,,0,percent of total billed charges,78% of Billed Charges. Lesser of 100% of billed charges applies.; No services were performed during the 15 month look back period.,44694,78,,,,,0,percent of total billed charges,78% of Billed Charges. Lesser of 100% of billed charges applies.; No services were performed during the 15 month look back period.,44694,78,,,,,0,percent of total billed charges,78% of Billed Charges. Lesser of 100% of billed charges applies.; No services were performed during the 15 month look back period.,44694,78,,,,,0,percent of total billed charges,78% of Billed Charges. Lesser of 100% of billed charges applies.; No services were performed during the 15 month look back period.,44694,78,,,,,0,percent of total billed charges,78% of Billed Charges. Lesser of 100% of billed charges applies.; No services were performed during the 15 month look back period.,44694,78,,,,,0,percent of total billed charges,78% of Billed Charges. Lesser of 100% of billed charges applies.; No services were performed during the 15 month look back period.,44694,78,,,,,0,percent of total billed charges,78% of Billed Charges. Lesser of 100% of billed charges applies.; No services were performed during the 15 month look back period.,44694,78,,,,,0,percent of total billed charges,78% of Billed Charges. Lesser of 100% of billed charges applies.; No services were performed during the 15 month look back period.,41829,73,,,,,0,percent of total billed charges,73 percent of billed charges; No services were performed during the 15 month look back period.,41829,73,,,,,0,percent of total billed charges,73 percent of billed charges; No services were performed during the 15 month look back period.,41829,73,,,,,0,percent of total billed charges,73 percent of billed charges; No services were performed during the 15 month look back period.,41829,73,,,,,0,percent of total billed charges,73 percent of billed charges; No services were performed during the 15 month look back period.,45840,80,,,,,0,percent of total billed charges,80 percent of billed charges; No services were performed during the 15 month look back period.,45840,80,,,,,0,percent of total billed charges,80 percent of billed charges; No services were performed during the 15 month look back period.,17190,30,,,,,0,percent of total billed charges,30 percent of billed charges; No services were performed during the 15 month look back period.,25785,45,,,,,0,percent of total billed charges,45 percent of billed charges; No services were performed during the 15 month look back period.,,,,,,,,Fee Schedule,"100 % Zero Pay Code. ",25785,45,,,,,0,percent of total billed charges,45 percent of billed charges; No services were performed during the 15 month look back period.,44694,78,,,,,0,percent of total billed charges,78% of Billed Charges. Lesser of 100% of billed charges applies.; No services were performed during the 15 month look back period.,45840,80,,,,,0,percent of total billed charges,80 percent of billed charges; No services were performed during the 15 month look back period.,25785,45,,,,,0,percent of total billed charges,45 percent of billed charges; No services were performed during the 15 month look back period.,,,,,,,,Fee Schedule,"100 % Zero Pay Code. ",17190,30,,,,,0,percent of total billed charges,30 percent of billed charges; No services were performed during the 15 month look back period.,,,,,,,,,"NA. ",44694,78,,,,,0,percent of total billed charges,78% of Billed Charges. Lesser of 100% of billed charges applies.; No services were performed during the 15 month look back period.,,,,,,,,Other,"100 Percent of Medicaid APG. ",41829,73,,,,,0,percent of total billed charges,73 percent of billed charges; No services were performed during the 15 month look back period.,,,,,,,,Other,"100 Percent of Medicaid APG. Not APG payable, or payable under another fee schedule like ASP/AWP pays at 30% of charges",,,,,,,,Other,"Not Payable. ",,,,,,,,Other,"Not Payable. ",28650,50,,,,,0,percent of total billed charges,50 percent of billed charges; No services were performed during the 15 month look back period.,,,,,,,,Other,"Not Payable. ",,,,,,,,Other,"Not Payable. ",,,,,,,,Other,"100 Percent of Medicaid APG. ",,,,,,,,Other,"Not Payable. ",,,,,,,,Other,"Not Payable. ",34380,60,,,,,0,percent of total billed charges,60 percent of billed charges; No services were performed during the 15 month look back period.,34380,60,,,,,0,percent of total billed charges,60 percent of billed charges; No services were performed during the 15 month look back period.,,,,,,,,Other,"Not Payable. ",17190,30,,,,,0,percent of total billed charges,30 percent of billed charges; No services were performed during the 15 month look back period.,,,,,,,,Fee Schedule,"100 % Zero Pay Code. ",,,,,,,,Fee Schedule,"100 % Zero Pay Code. ",,,,,,,,Other,"Not Payable. ",17190,30,,,,,0,percent of total billed charges,30 percent of billed charges; No services were performed during the 15 month look back period.,34380,60,,,,,0,percent of total billed charges,60 percent of billed charges; No services were performed during the 15 month look back period.,34380,60,,,,,0,percent of total billed charges,60 percent of billed charges; No services were performed during the 15 month look back period.,34380,60,,,,,0,percent of total billed charges,60 percent of billed charges; No services were performed during the 15 month look back period.,44694,78,,,,,0,percent of total billed charges,78% of Billed Charges. Lesser of 100% of billed charges applies.; No services were performed during the 15 month look back period.,44694,78,,,,,0,percent of total billed charges,78% of Billed Charges. Lesser of 100% of billed charges applies.; No services were performed during the 15 month look back period.,44694,78,,,,,0,percent of total billed charges,78% of Billed Charges. Lesser of 100% of billed charges applies.; No services were performed during the 15 month look back period.,44694,78,,,,,0,percent of total billed charges,78% of Billed Charges. Lesser of 100% of billed charges applies.; No services were performed during the 15 month look back period.,44694,78,,,,,0,percent of total billed charges,78% of Billed Charges. Lesser of 100% of billed charges applies.; No services were performed during the 15 month look back period.,44694,78,,,,,0,percent of total billed charges,78% of Billed Charges. Lesser of 100% of billed charges applies.; No services were performed during the 15 month look back period.,44694,78,,,,,0,percent of total billed charges,78% of Billed Charges. Lesser of 100% of billed charges applies.; No services were performed during the 15 month look back period.,44694,78,,,,,0,percent of total billed charges,78% of Billed Charges. Lesser of 100% of billed charges applies.; No services were performed during the 15 month look back period.,44694,78,,,,,0,percent of total billed charges,78% of Billed Charges. Lesser of 100% of billed charges applies.; No services were performed during the 15 month look back period.,44694,78,,,,,0,percent of total billed charges,78% of Billed Charges. Lesser of 100% of billed charges applies.; No services were performed during the 15 month look back period.,44694,78,,,,,0,percent of total billed charges,78% of Billed Charges. Lesser of 100% of billed charges applies.; No services were performed during the 15 month look back period.,45840,80,,,,,0,percent of total billed charges,80 percent of billed charges; No services were performed during the 15 month look back period.,25785,45,,,,,0,percent of total billed charges,45 percent of billed charges; No services were performed during the 15 month look back period.,17190,30,,,,,0,percent of total billed charges,30 percent of billed charges; No services were performed during the 15 month look back period.,,,,,,,,Other,"Not Payable. ",34380,60,,,,,0,percent of total billed charges,60 percent of billed charges; No services were performed during the 15 month look back period.,17190,30,,,,,0,percent of total billed charges,30 percent of billed charges; No services were performed during the 15 month look back period.,17190,30,,,,,0,percent of total billed charges,30 percent of billed charges; No services were performed during the 15 month look back period.,44694,78,,,,,0,percent of total billed charges,78% of Billed Charges. Lesser of 100% of billed charges applies.; No services were performed during the 15 month look back period.,,,,,,,,Other,"Not payable. ",17190,30,,,,,0,percent of total billed charges,30 percent of billed charges; No services were performed during the 15 month look back period.,,,,,,,,Other,"100 Percent of Medicaid APG. ",,,,,,,,Other,"Not Payable. ",,,,,,,,Other,"Not Payable. ",,,,,,,,Other,"Not Payable. ",,,,,,,,Other,"Not Payable. ",,,,,,,,Other,"Not Payable. ",,,,,,,,Other,"Not Payable. ",17190,30,,,,,0,percent of total billed charges,30 percent of billed charges; No services were performed during the 15 month look back period.,28650,50,,,,,0,percent of total billed charges,50 percent of billed charges; No services were performed during the 15 month look back period.,573,1,,,,,0,percent of total billed charges,NA. ; No services were performed during the 15 month look back period.,573,1,,,,,0,percent of total billed charges,NA. ; No services were performed during the 15 month look back period.,573,1,,,,,0,percent of total billed charges,NA. ; No services were performed during the 15 month look back period.,573,1,,,,,0,percent of total billed charges,NA. ; No services were performed during the 15 month look back period.,573,1,,,,,0,percent of total billed charges,NA. ; No services were performed during the 15 month look back period.,,,,,,,,,"NA. ",28650,50,,,,,0,percent of total billed charges,50 percent of billed charges; No services were performed during the 15 month look back period.,,,,,,,,Fee Schedule,"Not Payable. ",,,,,,,,Fee Schedule,"Not Payable. ",,,,,,,,Fee Schedule,"Not Payable. ",,,,,,,,Fee Schedule,"Not Payable. ",,,,,,,,Fee Schedule,"Not Payable. ",,,,,,,,Other,"Not Payable. ",45840,80,,,,,0,percent of total billed charges,80 percent of billed charges; No services were performed during the 15 month look back period.,45840,80,,,,,0,percent of total billed charges,80 percent of billed charges; No services were performed during the 15 month look back period.,45840,80,,,,,0,percent of total billed charges,80 percent of billed charges; No services were performed during the 15 month look back period.,45840,80,,,,,0,percent of total billed charges,80 percent of billed charges; No services were performed during the 15 month look back period.,34380,60,,,,,0,percent of total billed charges,60 percent of billed charges; No services were performed during the 15 month look back period.,34380,60,,,,,0,percent of total billed charges,60 percent of billed charges; No services were performed during the 15 month look back period.,34380,60,,,,,0,percent of total billed charges,60 percent of billed charges; No services were performed during the 15 month look back period.,34380,60,,,,,0,percent of total billed charges,60 percent of billed charges; No services were performed during the 15 month look back period.,28650,50,,,,,0,percent of total billed charges,50 percent of billed charges; No services were performed during the 15 month look back period.,28650,50,,,,,0,percent of total billed charges,50 percent of billed charges; No services were performed during the 15 month look back period.,,,,,,,,Other,"Not Payable. ",,,,,,,,Other,"Not Payable. ",,,,,,,,Other,"Not Payable. ",25785,45,,,,,0,percent of total billed charges,45 percent of billed charges; No services were performed during the 15 month look back period.,25785,45,,,,,0,percent of total billed charges,45 percent of billed charges; No services were performed during the 15 month look back period.,25785,45,,,,,0,percent of total billed charges,45 percent of billed charges; No services were performed during the 15 month look back period.,28650,50,,,,,0,percent of total billed charges,50 percent of billed charges; No services were performed during the 15 month look back period.,34380,60,,,,,0,percent of total billed charges,60 percent of billed charges; No services were performed during the 15 month look back period.,,,,,,,,Other,"Not Payable. ",25785,45,,,,,0,percent of total billed charges,45 percent of billed charges; No services were performed during the 15 month look back period.,,,,,,,,Other,"100 Percent of Medicaid APG. ",,,,,,,,Other,"Not Payable. ",,,,,,,,Other,"Not Payable. ",,,,,,,,Other,"Not Payable. ",,,,,,,,Case rate,"35 Percent of Charges. ",,,,,,,,Fee Schedule,"Not payable. ",,,,,,,,Fee Schedule,"Not payable. ",,,,,,,,Fee Schedule,"Not payable. ",,,,,,,,Fee Schedule,"Not payable. ",,,,,,,,Fee Schedule,"Not payable. ",,,,,,,,Other,"Not Payable. ",,,,,,,,Other,"100 Percent of Medicaid APG. ",,,,,,,,Fee Schedule,"Not payable. ",,,,,,,,Fee Schedule,"Not payable. ",,,,,,,,Fee Schedule,"Not payable. ",,,,,,,,Fee Schedule,"Not payable. ",,,,,,,,Fee Schedule,"Not payable. ",573,1,,,,,0,percent of total billed charges,NA. ; No services were performed during the 15 month look back period.,,,,,,,,Other,"Not Payable. ",,,,,,,,Other,"Not Payable. ",34380,60,,,,,0,percent of total billed charges,60 percent of billed charges; No services were performed during the 15 month look back period.,,,,,,,,Other,"Not Payable. ",,,,,,,,Case Rate,"NA. ",,,,,,,,Case Rate,"NA. ",,,,,,,,Case rate,"35 Percent of Charges. ",,,,,,,,Case rate,"35 Percent of Charges. ",,,,,,,,Case Rate,Not Payable. Covered services not payable under Medicaid Fee Schedules default to a payment of 87.5 percent of charges.,573,1,,,,,0,percent of total billed charges,NA. Covered services not payable under Medicaid Fee Schedules default to a payment of 50 percent of charges.; No services were performed during the 15 month look back period.,,,,,,,,Other,"100 Percent of Medicaid APG. ",,,,,,,,Other,"100 Percent of Medicaid APG. ",,,,,,,,Other,"100 Percent of Medicaid APG. ",,,,,,,,Other,"100 Percent of Medicaid APG. ",25785,45,,,,,0,percent of total billed charges,45 percent of billed charges; No services were performed during the 15 month look back period.,28650,50,,,,,0,percent of total billed charges,50 percent of billed charges; No services were performed during the 15 month look back period.,,,,,,,,Other,"120 Percent of Medicaid APG. Not APG payable, or payable under another fee schedule like ASP/AWP pays at 30% of charges",,,,,,,,Other,"120 Percent of Medicaid APG. Not APG payable, or payable under another fee schedule like ASP/AWP pays at 30% of charges",,,,,,,,Other,"100 Percent of Medicaid APG. Not APG payable, or payable under another fee schedule like ASP/AWP pays at 30% of charges",,,,,,,,Other,"100 Percent of Medicaid APG. Not APG payable, or payable under another fee schedule like ASP/AWP pays at 30% of charges",25785,45,,,,,0,percent of total billed charges,45 percent of billed charges; No services were performed during the 15 month look back period.,25785,45,,,,,0,percent of total billed charges,45 percent of billed charges; No services were performed during the 15 month look back period.,,,,,,,,Other,"Not Payable. ",25785,45,,,,,0,percent of total billed charges,45 percent of billed charges; No services were performed during the 15 month look back period.,25785,45,,,,,0,percent of total billed charges,45 percent of billed charges; No services were performed during the 15 month look back period.,25785,45,,,,,0,percent of total billed charges,45 percent of billed charges; No services were performed during the 15 month look back period.,25785,45,,,,,0,percent of total billed charges,45 percent of billed charges; No services were performed during the 15 month look back period.,,,,,,,,Other,"Not Payable. ",25785,45,,,,,0,percent of total billed charges,45 percent of billed charges; No services were performed during the 15 month look back period.,25785,45,,,,,0,percent of total billed charges,45 percent of billed charges; No services were performed during the 15 month look back period.,34380,60,,,,,0,percent of total billed charges,60 percent of billed charges; No services were performed during the 15 month look back period.,,,,,,,,Fee Schedule,100% APG. Lesser of 100% of billed charges applies.,573,1,,,,,0,percent of total billed charges,NA. Covered services not payable under Medicaid Fee Schedules default to a payment of 50 percent of charges.; No services were performed during the 15 month look back period.,,,,,,,,Fee Schedule,"Not payable. ",,,,,,,,Case Rate,Not Payable. Covered services not payable under Medicaid Fee Schedules default to a payment of 87.5 percent of charges.,573,1,,,,,0,percent of total billed charges,NA. Covered services not payable under Medicaid Fee Schedules default to a payment of 50 percent of charges.; No services were performed during the 15 month look back period.,,,,,,,,Fee Schedule,"Not payable. ",,,,,,,,Fee Schedule,"Not payable. ",,,,,,,,Fee Schedule,"Not payable. ",,,,,,,,Fee Schedule,"Not payable. ",,,,,,,,Fee Schedule,"Not payable. ",,,,,,,,Fee Schedule,"Not payable. ",,,,,,,,,"NA. ",,,,,,,,,"NA. ",,,,,,,,,"NA. ",17190,30,,,,,0,percent of total billed charges,30 percent of billed charges; No services were performed during the 15 month look back period.,,,,,,,,,"NA. ",,,,,,,,Other,"Not Payable. ",28650,50,,,,,0,percent of total billed charges,50 percent of billed charges; No services were performed during the 15 month look back period.,,,,,,,,Other,"Not Payable. ",,,,,,,,Other,"Not Payable. ",,,,,,,,Other,"120 Percent of Medicaid APG. Not APG payable, or payable under another fee schedule like ASP/AWP pays at 30% of charges",,,,,,,,Other,"120 Percent of Medicaid APG. Not APG payable, or payable under another fee schedule like ASP/AWP pays at 30% of charges",,,,,,,,Other,"100 Percent of Medicaid APG. Not APG payable, or payable under another fee schedule like ASP/AWP pays at 30% of charges",,,,,,,,Other,"100 Percent of Medicaid APG. Not APG payable, or payable under another fee schedule like ASP/AWP pays at 30% of charges",,,,,,,,Other,"100 Percent of Medicaid APG. ",41829,73,,,,,0,percent of total billed charges,73 percent of billed charges; No services were performed during the 15 month look back period.,34380,60,,,,,0,percent of total billed charges,60 percent of billed charges; No services were performed during the 15 month look back period.,41829,73,,,,,0,percent of total billed charges,73 percent of billed charges; No services were performed during the 15 month look back period.,17190,30,,,,,0,percent of total billed charges,30 percent of billed charges; No services were performed during the 15 month look back period.,,,,,,,,Other,"Not Payable. ",,,,,,,,Other,"Not Payable. ",,,,,,,,Other,"Not Payable. ",,,,,,,,Other,"Not Payable. ",,,,,,,,Other,"Not Payable. ",,,,,,,,Other,"Not Payable. ",,,,,,,,,"NA. ",,,,,,,,Fee Schedule,"Not payable. ",,,,,,,,Fee Schedule,"Not payable. ",25785,45,,,,,0,percent of total billed charges,45 percent of billed charges; No services were performed during the 15 month look back period.,41829,73,,,,,0,percent of total billed charges,73 percent of billed charges; No services were performed during the 15 month look back period.,41829,73,,,,,0,percent of total billed charges,73 percent of billed charges; No services were performed during the 15 month look back period.,41829,73,,,,,0,percent of total billed charges,73 percent of billed charges; No services were performed during the 15 month look back period.,41829,73,,,,,0,percent of total billed charges,73 percent of billed charges; No services were performed during the 15 month look back period.,,,,,,,,Other,"Not Payable. ",,,,,,,,Other,"100 Percent of Medicaid APG. ",25785,45,,,,,0,percent of total billed charges,45 percent of billed charges; No services were performed during the 15 month look back period.,,,,,,,,Other,"100 Percent of Medicaid APG. ",,,,,,,,Other,"Not Payable. ",,,,,,,,Other,"100 Percent of Medicaid APG. ",,,,,,,,Other,"Not Payable. ",,,,,,,,Other,"Not Payable. ",,,,,,,,Other,"100 Percent of Medicaid APG. ",,,,,,,,Other,"100 Percent of Medicaid APG. ",41829,73,,,,,0,percent of total billed charges,73 percent of billed charges; No services were performed during the 15 month look back period.,17190,30,,,,,0,percent of total billed charges,30 percent of billed charges; No services were performed during the 15 month look back period.,44694,78,,,,,0,percent of total billed charges,78% of Billed Charges. Lesser of 100% of billed charges applies.; No services were performed during the 15 month look back period.,,,,,,,,Fee Schedule,"100 % Zero Pay Code. ",,,,,,,,Fee Schedule,"100 % Zero Pay Code. ",34380,60,,,,,0,percent of total billed charges,60 percent of billed charges; No services were performed during the 15 month look back period.,,,,,,,,Other,"Not Payable. ",45840,80,,,,,0,percent of total billed charges,80 percent of billed charges; No services were performed during the 15 month look back period.,45840,80,,,,,0,percent of total billed charges,80 percent of billed charges; No services were performed during the 15 month look back period.,20628,36,,,,,0,percent of total billed charges,36 percent of billed charges; No services were performed during the 15 month look back period.,20628,36,,,,,0,percent of total billed charges,36 percent of billed charges; No services were performed during the 15 month look back period.,,,,,,,,Other,"Not Payable. ",,,,,,,,Other,"Not Payable. ",,,,,,,,Other,"Not Payable. ",,,,,,,,Other,"Not Payable. ",,,,,,,,Fee Schedule,"100 % Zero Pay Code. ",25785,45,,,,,0,percent of total billed charges,45 percent of billed charges; No services were performed during the 15 month look back period.,25785,45,,,,,0,percent of total billed charges,45 percent of billed charges; No services were performed during the 15 month look back period.,,,,,,,,Other,"Not Payable. ",20628,36,,,,,0,percent of total billed charges,36 percent of billed charges; No services were performed during the 15 month look back period.,41829,73,,,,,0,percent of total billed charges,73 percent of billed charges; No services were performed during the 15 month look back period.,,,,,,,,Fee Schedule,"Not payable. ",,,,,,,,Other,"100 Percent of Medicaid APG. ",41829,73,,,,,0,percent of total billed charges,73 percent of billed charges; No services were performed during the 15 month look back period.,23206.5,40.5,,,,,0,percent of total billed charges,40.5 percent of billed charges; No services were performed during the 15 month look back period.,23206.5,40.5,,,,,0,percent of total billed charges,40.5 percent of billed charges; No services were performed during the 15 month look back period.,25785,45,,,,,0,percent of total billed charges,45 percent of billed charges; No services were performed during the 15 month look back period.,28650,50,,,,,0,percent of total billed charges,50 percent of billed charges; No services were performed during the 15 month look back period.,,,,,,,,Other,"Not Payable. ",,,,,,,,Fee Schedule,"Not payable. ",,,,,,,,Fee Schedule,"Not payable. ",,,,,,,,Fee Schedule,"Not payable. ",,,,,,,,Fee Schedule,"Not payable. ",,,,,,,,Fee Schedule,"100 % Zero Pay Code. ",,,,,,,,Fee Schedule,"Not payable. ",,,,,,,,Fee Schedule,"Not payable. ",,,,,,,,Fee Schedule,"Not payable. ",,,,,,,,Fee Schedule,"Not payable. ",,,,,,,,Fee Schedule,"Not payable. ",,,,,,,,Fee Schedule,"Not payable. ",,,,,,,,Fee Schedule,"Not payable. ",,,,,,,,Other,"Not Payable. ",,,,,,,,Fee Schedule,"100 % Zero Pay Code. ",,,,,,,,Other,"Not Payable. ",,,,,,,,Fee Schedule,"Not payable. ",25785,45,,,,,0,percent of total billed charges,45 percent of billed charges; No services were performed during the 15 month look back period.,,,,,,,,Other,"Not Payable. ",25785,45,,,,,0,percent of total billed charges,45 percent of billed charges; No services were performed during the 15 month look back period.,25785,45,,,,,0,percent of total billed charges,45 percent of billed charges; No services were performed during the 15 month look back period.,25785,45,,,,,0,percent of total billed charges,45 percent of billed charges; No services were performed during the 15 month look back period.,,,,,,,,Fee Schedule,"Not payable. ",,,,,,,,Other,"Not Payable. ",25785,45,,,,,0,percent of total billed charges,45 percent of billed charges; No services were performed during the 15 month look back period.,,,,,,,,Fee Schedule,"Not payable. ",25785,45,,,,,0,percent of total billed charges,45 percent of billed charges; No services were performed during the 15 month look back period.,,,,,,,,Other,"Not Payable. ",,,,,,,,Other,"Not Payable. ",41829,73,,,,,0,percent of total billed charges,73 percent of billed charges; No services were performed during the 15 month look back period.,41829,73,,,,,0,percent of total billed charges,73 percent of billed charges; No services were performed during the 15 month look back period.,41829,73,,,,,0,percent of total billed charges,73 percent of billed charges; No services were performed during the 15 month look back period.,41829,73,,,,,0,percent of total billed charges,73 percent of billed charges; No services were performed during the 15 month look back period.,41829,73,,,,,0,percent of total billed charges,73 percent of billed charges; No services were performed during the 15 month look back period.,41829,73,,,,,0,percent of total billed charges,73 percent of billed charges; No services were performed during the 15 month look back period.,41829,73,,,,,0,percent of total billed charges,73 percent of billed charges; No services were performed during the 15 month look back period.,41829,73,,,,,0,percent of total billed charges,73 percent of billed charges; No services were performed during the 15 month look back period.,41829,73,,,,,0,percent of total billed charges,73 percent of billed charges; No services were performed during the 15 month look back period.,41829,73,,,,,0,percent of total billed charges,73 percent of billed charges; No services were performed during the 15 month look back period.,41829,73,,,,,0,percent of total billed charges,73 percent of billed charges; No services were performed during the 15 month look back period.,41829,73,,,,,0,percent of total billed charges,73 percent of billed charges; No services were performed during the 15 month look back period.,,,,,,,,Other,"Not Payable. ",41829,73,,,,,0,percent of total billed charges,73 percent of billed charges; No services were performed during the 15 month look back period.,,,,,,,,Other,"Not Payable. ",,,,,,,,Other,"Not payable. ",,,,,,,,Other,"100 Percent of Medicaid APG. If not priced under APG, then Metroplus FeeSched",,,,,,,,Fee Schedule,"100 % Zero Pay Code. ",,,,,,,,Fee Schedule,"100 % Zero Pay Code. ",,,,,,,,Other,"Not Payable. ",45840,80,,,,,0,percent of total billed charges,80 percent of billed charges; No services were performed during the 15 month look back period.,,,,,,,,Other,"Not Payable. ",,,,,,,,Other,"Not Payable. ",34380,60,,,,,0,percent of total billed charges,60 percent of billed charges; No services were performed during the 15 month look back period.,,,,,,,,Other,"Not Payable. ",17190,30,,,,,0,percent of total billed charges,30 percent of billed charges; No services were performed during the 15 month look back period.,,,,,,,,Other,"Not Payable. ",17190,30,,,,,0,percent of total billed charges,30 percent of billed charges; No services were performed during the 15 month look back period.,34380,60,,,,,0,percent of total billed charges,60 percent of billed charges; No services were performed during the 15 month look back period.,17190,30,,,,,0,percent of total billed charges,30 percent of billed charges; No services were performed during the 15 month look back period.,,,,,,,,Other,"Not Payable. ",,,,,,,,Other,"100 Percent of Medicaid APG. ",,,,,,,,Other,"Not Payable. ",17190,30,,,,,0,percent of total billed charges,30 percent of billed charges; No services were performed during the 15 month look back period.,,,,,,,,Fee Schedule,"100 % Zero Pay Code. ",,,,,,,,Other,"100 Percent of Medicaid APG. ",25785,45,,,,,0,percent of total billed charges,45 percent of billed charges; No services were performed during the 15 month look back period.,,,,,,,,Fee Schedule,"Not payable. ",,,,,,,,Fee Schedule,"Not payable. ",25785,45,,,,,0,percent of total billed charges,45 percent of billed charges; No services were performed during the 15 month look back period.,25785,45,,,,,0,percent of total billed charges,45 percent of billed charges; No services were performed during the 15 month look back period.,25785,45,,,,,0,percent of total billed charges,45 percent of billed charges; No services were performed during the 15 month look back period.,,,,,,,,Fee Schedule,"100 % Zero Pay Code. ",25785,45,,,,,0,percent of total billed charges,45 percent of billed charges; No services were performed during the 15 month look back period.,25785,45,,,,,0,percent of total billed charges,45 percent of billed charges; No services were performed during the 15 month look back period.,25785,45,,,,,0,percent of total billed charges,45 percent of billed charges; No services were performed during the 15 month look back period.,41829,73,,,,,0,percent of total billed charges,73 percent of billed charges; No services were performed during the 15 month look back period.,41829,73,,,,,0,percent of total billed charges,73 percent of billed charges; No services were performed during the 15 month look back period.,,,,,,,,Fee Schedule,"Not Payable. ",,,,,,,,Other,"100 Percent of Medicaid APG. ",,,,,,,,Fee Schedule,"100 % Zero Pay Code. ",17190,30,,,,,0,percent of total billed charges,30 percent of billed charges; No services were performed during the 15 month look back period.,34380,60,,,,,0,percent of total billed charges,60 percent of billed charges; No services were performed during the 15 month look back period.,,,,,,,,Fee Schedule,"100 % Zero Pay Code. ",34380,60,,,,,0,percent of total billed charges,60 percent of billed charges; No services were performed during the 15 month look back period.,,,,,,,,Fee Schedule,"100 % Zero Pay Code. ",25785,45,,,,,0,percent of total billed charges,45 percent of billed charges; No services were performed during the 15 month look back period.,25785,45,,,,,0,percent of total billed charges,45 percent of billed charges; No services were performed during the 15 month look back period.,25785,45,,,,,0,percent of total billed charges,45 percent of billed charges; No services were performed during the 15 month look back period.,25785,45,,,,,0,percent of total billed charges,45 percent of billed charges; No services were performed during the 15 month look back period.,,,,,,,,Other,"Not Payable. ",573,57300,
90623,CPT,5010015,LOCAL,636,RC,MENACWY-TT MENB-FHBP VACC IM,2369.178,450.14382,Outpatient,EA,1,,249.08,,,,,,,Fee Schedule,"100 % 1199 Fee Schedule. ",249.08,,,,,,,Fee Schedule,"100 % 1199 Fee Schedule. ",1421.5068,60,,,,,0,percent of total billed charges,60 percent of billed charges; No services were performed during the 15 month look back period.,2369.178,100,,,,,0,percent of total billed charges,100 percent of billed charges; No services were performed during the 15 month look back period.,,,,,,,,Other,"Not Payable. ",1421.5068,60,,,,,0,percent of total billed charges,60 percent of billed charges; No services were performed during the 15 month look back period.,1421.5068,60,,,,,0,percent of total billed charges,60 percent of billed charges; No services were performed during the 15 month look back period.,1421.5068,60,,,,,0,percent of total billed charges,60 percent of billed charges; No services were performed during the 15 month look back period.,72.115309,,,,,,,Case Rate,"100 Percent of Medicaid APG. ",60.096091,,,,,,,Case Rate,"100 Percent of Medicaid APG. ",1847.95884,78,,,,,0,percent of total billed charges,78 percent of billed charges; No services were performed during the 15 month look back period.,,,,,,,,Fee Schedule,"100 % Zero Pay Code. ",60.096091,,,,,,,Case Rate,"100 Percent of Medicaid APG. ",,,,,,,,Other,"Not Payable. ",710.7534,30,,,,,0,percent of total billed charges,30 percent of billed charges; No services were performed during the 15 month look back period.,710.7534,30,,,,,0,percent of total billed charges,30 percent of billed charges; No services were performed during the 15 month look back period.,710.7534,30,,,,,0,percent of total billed charges,30 percent of billed charges; No services were performed during the 15 month look back period.,710.7534,30,,,,,0,percent of total billed charges,30 percent of billed charges; No services were performed during the 15 month look back period.,23.69178,1,,,,,0,percent of total billed charges,NA. Covered services not payable under Medicaid Fee Schedules default to a payment of 50 percent of charges.; No services were performed during the 15 month look back period.,,,,,,,,Other,"Not Payable. ",23.69178,1,,,,,0,percent of total billed charges,NA. Covered services not payable under Medicaid Fee Schedules default to a payment of 50 percent of charges.; No services were performed during the 15 month look back period.,1847.95884,78,,,,,0,percent of total billed charges,78 percent of billed charges; No services were performed during the 15 month look back period.,1421.5068,60,,,,,0,percent of total billed charges,60 percent of billed charges; No services were performed during the 15 month look back period.,,,,,,,,Other,"Not Payable. ",1729.49994,73,,,,,0,percent of total billed charges,73 percent of billed charges; No services were performed during the 15 month look back period.,,,,,,,,Other,"Not Payable. ",,,,,,,,Other,"Not Payable. ",1847.95884,78,,,,,0,percent of total billed charges,78 percent of billed charges; No services were performed during the 15 month look back period.,,,,,,,,,,,,,,,,,,,829.2123,35,,,,,0,percent of total billed charges,35 percent of billed charges; No services were performed during the 15 month look back period.,829.2123,35,,,,,0,percent of total billed charges,35 percent of billed charges; No services were performed during the 15 month look back period.,1729.49994,73,,,,,0,percent of total billed charges,73 percent of billed charges; No services were performed during the 15 month look back period.,1729.49994,73,,,,,0,percent of total billed charges,73 percent of billed charges; No services were performed during the 15 month look back period.,60.096091,,,,,,,Case Rate,"100 Percent of Medicaid APG. Not APG payable, or payable under another fee schedule like ASP/AWP pays at 30% of charges",1729.49994,73,,,,,0,percent of total billed charges,73 percent of billed charges; No services were performed during the 15 month look back period.,60.096091,,,,,,,Case Rate,"100 Percent of Medicaid APG. Not APG payable, or payable under another fee schedule like ASP/AWP pays at 30% of charges",,,,,,,,Other,"Not Payable. ",1729.49994,73,,,,,0,percent of total billed charges,73 percent of billed charges; No services were performed during the 15 month look back period.,1847.95884,78,,,,,0,percent of total billed charges,78 percent of billed charges; No services were performed during the 15 month look back period.,60.096091,,,,,,,Case Rate,"100 Percent of Medicaid APG. If not priced under APG, then Metroplus FeeSched",60.096091,,,,,,,Case Rate,"100 Percent of Medicaid APG. If not priced under APG, then Metroplus FeeSched",1847.95884,78,,,,,0,percent of total billed charges,78 percent of billed charges; No services were performed during the 15 month look back period.,710.7534,30,,,,,0,percent of total billed charges,30 percent of billed charges; No services were performed during the 15 month look back period.,,,,,,,,Fee Schedule,"100 % Zero Pay Code. ",,,,,,,,Fee Schedule,"100 % Zero Pay Code. ",1847.95884,78,,,,,0,percent of total billed charges,78 percent of billed charges; No services were performed during the 15 month look back period.,,,,,,,,Other,"Not Payable. ",,,,,,,,Fee Schedule,"100 % Zero Pay Code. ",,,,,,,,Fee Schedule,"100 % Zero Pay Code. ",,,,,,,,Fee Schedule,"100 % Zero Pay Code. ",,,,,,,,Other,"Not Payable. ",,,,,,,,Fee Schedule,"100 % Zero Pay Code. ",,,,,,,,Fee Schedule,"100 % Zero Pay Code. ",,,,,,,,Other,"Not Payable. ",1184.589,50,,,,,0,percent of total billed charges,50 percent of billed charges; No services were performed during the 15 month look back period.,1066.1301,45,,,,,0,percent of total billed charges,45 percent of billed charges; No services were performed during the 15 month look back period.,1066.1301,45,,,,,0,percent of total billed charges,45 percent of billed charges; No services were performed during the 15 month look back period.,1066.1301,45,,,,,0,percent of total billed charges,45 percent of billed charges; No services were performed during the 15 month look back period.,1066.1301,45,,,,,0,percent of total billed charges,45 percent of billed charges; No services were performed during the 15 month look back period.,1066.1301,45,,,,,0,percent of total billed charges,45 percent of billed charges; No services were performed during the 15 month look back period.,1066.1301,45,,,,,0,percent of total billed charges,45 percent of billed charges; No services were performed during the 15 month look back period.,,,,,,,,Other,"Not Payable. ",,,,,,,,Other,"Not Payable. ",1066.1301,45,,,,,0,percent of total billed charges,45 percent of billed charges; No services were performed during the 15 month look back period.,1847.95884,78,,,,,0,percent of total billed charges,78 percent of billed charges; No services were performed during the 15 month look back period.,1847.95884,78,,,,,0,percent of total billed charges,78 percent of billed charges; No services were performed during the 15 month look back period.,1847.95884,78,,,,,0,percent of total billed charges,78 percent of billed charges; No services were performed during the 15 month look back period.,1847.95884,78,,,,,0,percent of total billed charges,78 percent of billed charges; No services were performed during the 15 month look back period.,1847.95884,78,,,,,0,percent of total billed charges,78 percent of billed charges; No services were performed during the 15 month look back period.,1847.95884,78,,,,,0,percent of total billed charges,78 percent of billed charges; No services were performed during the 15 month look back period.,1847.95884,78,,,,,0,percent of total billed charges,78 percent of billed charges; No services were performed during the 15 month look back period.,1847.95884,78,,,,,0,percent of total billed charges,78 percent of billed charges; No services were performed during the 15 month look back period.,1847.95884,78,,,,,0,percent of total billed charges,78 percent of billed charges; No services were performed during the 15 month look back period.,1847.95884,78,,,,,0,percent of total billed charges,78 percent of billed charges; No services were performed during the 15 month look back period.,1847.95884,78,,,,,0,percent of total billed charges,78 percent of billed charges; No services were performed during the 15 month look back period.,1847.95884,78,,,,,0,percent of total billed charges,78 percent of billed charges; No services were performed during the 15 month look back period.,1847.95884,78,,,,,0,percent of total billed charges,78 percent of billed charges; No services were performed during the 15 month look back period.,1847.95884,78,,,,,0,percent of total billed charges,78 percent of billed charges; No services were performed during the 15 month look back period.,1847.95884,78,,,,,0,percent of total billed charges,78 percent of billed charges; No services were performed during the 15 month look back period.,1847.95884,78,,,,,0,percent of total billed charges,78 percent of billed charges; No services were performed during the 15 month look back period.,1847.95884,78,,,,,0,percent of total billed charges,78 percent of billed charges; No services were performed during the 15 month look back period.,1847.95884,78,,,,,0,percent of total billed charges,78 percent of billed charges; No services were performed during the 15 month look back period.,1847.95884,78,,,,,0,percent of total billed charges,78 percent of billed charges; No services were performed during the 15 month look back period.,1847.95884,78,,,,,0,percent of total billed charges,78 percent of billed charges; No services were performed during the 15 month look back period.,1847.95884,78,,,,,0,percent of total billed charges,78 percent of billed charges; No services were performed during the 15 month look back period.,1847.95884,78,,,,,0,percent of total billed charges,78 percent of billed charges; No services were performed during the 15 month look back period.,1847.95884,78,,,,,0,percent of total billed charges,78 percent of billed charges; No services were performed during the 15 month look back period.,1847.95884,78,,,,,0,percent of total billed charges,78 percent of billed charges; No services were performed during the 15 month look back period.,1847.95884,78,,,,,0,percent of total billed charges,78 percent of billed charges; No services were performed during the 15 month look back period.,1847.95884,78,,,,,0,percent of total billed charges,78 percent of billed charges; No services were performed during the 15 month look back period.,1729.49994,73,,,,,0,percent of total billed charges,73 percent of billed charges; No services were performed during the 15 month look back period.,1729.49994,73,,,,,0,percent of total billed charges,73 percent of billed charges; No services were performed during the 15 month look back period.,1729.49994,73,,,,,0,percent of total billed charges,73 percent of billed charges; No services were performed during the 15 month look back period.,1729.49994,73,,,,,0,percent of total billed charges,73 percent of billed charges; No services were performed during the 15 month look back period.,1895.3424,80,,,,,0,percent of total billed charges,80 percent of billed charges; No services were performed during the 15 month look back period.,1895.3424,80,,,,,0,percent of total billed charges,80 percent of billed charges; No services were performed during the 15 month look back period.,710.7534,30,,,,,0,percent of total billed charges,30 percent of billed charges; No services were performed during the 15 month look back period.,1066.1301,45,,,,,0,percent of total billed charges,45 percent of billed charges; No services were performed during the 15 month look back period.,,,,,,,,Fee Schedule,"100 % Zero Pay Code. ",1066.1301,45,,,,,0,percent of total billed charges,45 percent of billed charges; No services were performed during the 15 month look back period.,1847.95884,78,,,,,0,percent of total billed charges,78 percent of billed charges; No services were performed during the 15 month look back period.,1895.3424,80,,,,,0,percent of total billed charges,80 percent of billed charges; No services were performed during the 15 month look back period.,1066.1301,45,,,,,0,percent of total billed charges,45 percent of billed charges; No services were performed during the 15 month look back period.,,,,,,,,Fee Schedule,"100 % Zero Pay Code. ",710.7534,30,,,,,0,percent of total billed charges,30 percent of billed charges; No services were performed during the 15 month look back period.,,,,,,,,,,1847.95884,78,,,,,0,percent of total billed charges,78 percent of billed charges; No services were performed during the 15 month look back period.,60.096091,,,,,,,Case Rate,"100 Percent of Medicaid APG. ",1729.49994,73,,,,,0,percent of total billed charges,73 percent of billed charges; No services were performed during the 15 month look back period.,60.096091,,,,,,,Case Rate,"100 Percent of Medicaid APG. Not APG payable, or payable under another fee schedule like ASP/AWP pays at 30% of charges",,,,,,,,Other,"Not Payable. ",,,,,,,,Other,"Not Payable. ",1184.589,50,,,,,0,percent of total billed charges,50 percent of billed charges; No services were performed during the 15 month look back period.,,,,,,,,Other,"Not Payable. ",,,,,,,,Other,"Not Payable. ",60.096091,,,,,,,Case Rate,"100 Percent of Medicaid APG. ",,,,,,,,Other,"Not Payable. ",,,,,,,,Other,"Not Payable. ",1421.5068,60,,,,,0,percent of total billed charges,60 percent of billed charges; No services were performed during the 15 month look back period.,1421.5068,60,,,,,0,percent of total billed charges,60 percent of billed charges; No services were performed during the 15 month look back period.,,,,,,,,Other,"Not Payable. ",710.7534,30,,,,,0,percent of total billed charges,30 percent of billed charges; No services were performed during the 15 month look back period.,,,,,,,,Fee Schedule,"100 % Zero Pay Code. ",,,,,,,,Fee Schedule,"100 % Zero Pay Code. ",,,,,,,,Other,"Not Payable. ",710.7534,30,,,,,0,percent of total billed charges,30 percent of billed charges; No services were performed during the 15 month look back period.,1421.5068,60,,,,,0,percent of total billed charges,60 percent of billed charges; No services were performed during the 15 month look back period.,1421.5068,60,,,,,0,percent of total billed charges,60 percent of billed charges; No services were performed during the 15 month look back period.,1421.5068,60,,,,,0,percent of total billed charges,60 percent of billed charges; No services were performed during the 15 month look back period.,1847.95884,78,,,,,0,percent of total billed charges,78 percent of billed charges; No services were performed during the 15 month look back period.,1847.95884,78,,,,,0,percent of total billed charges,78 percent of billed charges; No services were performed during the 15 month look back period.,1847.95884,78,,,,,0,percent of total billed charges,78 percent of billed charges; No services were performed during the 15 month look back period.,1847.95884,78,,,,,0,percent of total billed charges,78 percent of billed charges; No services were performed during the 15 month look back period.,1847.95884,78,,,,,0,percent of total billed charges,78 percent of billed charges; No services were performed during the 15 month look back period.,1847.95884,78,,,,,0,percent of total billed charges,78 percent of billed charges; No services were performed during the 15 month look back period.,1847.95884,78,,,,,0,percent of total billed charges,78 percent of billed charges; No services were performed during the 15 month look back period.,1847.95884,78,,,,,0,percent of total billed charges,78 percent of billed charges; No services were performed during the 15 month look back period.,1847.95884,78,,,,,0,percent of total billed charges,78 percent of billed charges; No services were performed during the 15 month look back period.,1847.95884,78,,,,,0,percent of total billed charges,78 percent of billed charges; No services were performed during the 15 month look back period.,1847.95884,78,,,,,0,percent of total billed charges,78 percent of billed charges; No services were performed during the 15 month look back period.,1895.3424,80,,,,,0,percent of total billed charges,80 percent of billed charges; No services were performed during the 15 month look back period.,1066.1301,45,,,,,0,percent of total billed charges,45 percent of billed charges; No services were performed during the 15 month look back period.,710.7534,30,,,,,0,percent of total billed charges,30 percent of billed charges; No services were performed during the 15 month look back period.,,,,,,,,Other,"Not Payable. ",1421.5068,60,,,,,0,percent of total billed charges,60 percent of billed charges; No services were performed during the 15 month look back period.,710.7534,30,,,,,0,percent of total billed charges,30 percent of billed charges; No services were performed during the 15 month look back period.,710.7534,30,,,,,0,percent of total billed charges,30 percent of billed charges; No services were performed during the 15 month look back period.,1847.95884,78,,,,,0,percent of total billed charges,78 percent of billed charges; No services were performed during the 15 month look back period.,128.605634,,,,,,,Case Rate,"214 Percent of Medicaid APG. Drugs not priced under APG, billed with revenue code 636 and not priced by Medicare ASP FeeSched will be reimbursed at 20% of charges.",710.7534,30,,,,,0,percent of total billed charges,30 percent of billed charges; No services were performed during the 15 month look back period.,60.096091,,,,,,,Case Rate,"100 Percent of Medicaid APG. ",,,,,,,,Other,"Not Payable. ",,,,,,,,Other,"Not Payable. ",,,,,,,,Other,"Not Payable. ",,,,,,,,Other,"Not Payable. ",,,,,,,,Other,"Not Payable. ",,,,,,,,Other,"Not Payable. ",710.7534,30,,,,,0,percent of total billed charges,30 percent of billed charges; No services were performed during the 15 month look back period.,1184.589,50,,,,,0,percent of total billed charges,50 percent of billed charges; No services were performed during the 15 month look back period.,23.69178,1,,,,,0,percent of total billed charges,NA. ; No services were performed during the 15 month look back period.,23.69178,1,,,,,0,percent of total billed charges,NA. ; No services were performed during the 15 month look back period.,23.69178,1,,,,,0,percent of total billed charges,NA. ; No services were performed during the 15 month look back period.,23.69178,1,,,,,0,percent of total billed charges,NA. ; No services were performed during the 15 month look back period.,23.69178,1,,,,,0,percent of total billed charges,NA. ; No services were performed during the 15 month look back period.,,,,,,,,,,1184.589,50,,,,,0,percent of total billed charges,50 percent of billed charges; No services were performed during the 15 month look back period.,,,,,,,,Fee Schedule,"Not Payable. ",,,,,,,,Fee Schedule,"Not Payable. ",,,,,,,,Fee Schedule,"Not Payable. ",,,,,,,,Fee Schedule,"Not Payable. ",,,,,,,,Fee Schedule,"Not Payable. ",,,,,,,,Other,"Not Payable. ",1895.3424,80,,,,,0,percent of total billed charges,80 percent of billed charges; No services were performed during the 15 month look back period.,1895.3424,80,,,,,0,percent of total billed charges,80 percent of billed charges; No services were performed during the 15 month look back period.,1895.3424,80,,,,,0,percent of total billed charges,80 percent of billed charges; No services were performed during the 15 month look back period.,1895.3424,80,,,,,0,percent of total billed charges,80 percent of billed charges; No services were performed during the 15 month look back period.,1421.5068,60,,,,,0,percent of total billed charges,60 percent of billed charges; No services were performed during the 15 month look back period.,1421.5068,60,,,,,0,percent of total billed charges,60 percent of billed charges; No services were performed during the 15 month look back period.,1421.5068,60,,,,,0,percent of total billed charges,60 percent of billed charges; No services were performed during the 15 month look back period.,1421.5068,60,,,,,0,percent of total billed charges,60 percent of billed charges; No services were performed during the 15 month look back period.,1184.589,50,,,,,0,percent of total billed charges,50 percent of billed charges; No services were performed during the 15 month look back period.,1184.589,50,,,,,0,percent of total billed charges,50 percent of billed charges; No services were performed during the 15 month look back period.,,,,,,,,Other,"Not Payable. ",,,,,,,,Other,"Not Payable. ",,,,,,,,Other,"Not Payable. ",1066.1301,45,,,,,0,percent of total billed charges,45 percent of billed charges; No services were performed during the 15 month look back period.,1066.1301,45,,,,,0,percent of total billed charges,45 percent of billed charges; No services were performed during the 15 month look back period.,1066.1301,45,,,,,0,percent of total billed charges,45 percent of billed charges; No services were performed during the 15 month look back period.,1184.589,50,,,,,0,percent of total billed charges,50 percent of billed charges; No services were performed during the 15 month look back period.,1421.5068,60,,,,,0,percent of total billed charges,60 percent of billed charges; No services were performed during the 15 month look back period.,,,,,,,,Other,"Not Payable. ",1066.1301,45,,,,,0,percent of total billed charges,45 percent of billed charges; No services were performed during the 15 month look back period.,60.096091,,,,,,,Case Rate,"100 Percent of Medicaid APG. ",,,,,,,,Other,"Not Payable. ",,,,,,,,Other,"Not Payable. ",,,,,,,,Other,"Not Payable. ",829.2123,35,,,,,0,percent of total billed charges,35 percent of billed charges; No services were performed during the 15 month look back period.,,,,,,,,,,,,,,,,,,,,,,,,,,,,,,,,,,,,,,,,,,,,,,,,,,,,,Other,"Not Payable. ",60.096091,,,,,,,Case Rate,"100 Percent of Medicaid APG. ",,,,,,,,,,,,,,,,,,,,,,,,,,,,,,,,,,,,,,,,,,,,,,23.69178,1,,,,,0,percent of total billed charges,NA. ; No services were performed during the 15 month look back period.,,,,,,,,Other,"Not Payable. ",,,,,,,,Other,"Not Payable. ",1421.5068,60,,,,,0,percent of total billed charges,60 percent of billed charges; No services were performed during the 15 month look back period.,,,,,,,,Other,"Not Payable. ",,,,,,,,,,,,,,,,,,,829.2123,35,,,,,0,percent of total billed charges,35 percent of billed charges; No services were performed during the 15 month look back period.,829.2123,35,,,,,0,percent of total billed charges,35 percent of billed charges; No services were performed during the 15 month look back period.,135.216204,,,,,,,Case Rate,225 Percent of Medicaid APG. Covered services not payable under Medicaid Fee Schedules default to a payment of 87.5 percent of charges.,23.69178,1,,,,,0,percent of total billed charges,NA. Covered services not payable under Medicaid Fee Schedules default to a payment of 50 percent of charges.; No services were performed during the 15 month look back period.,135.216204,,,,,,,Case Rate,"100 Percent of Medicaid APG. ",135.216204,,,,,,,Case Rate,"100 Percent of Medicaid APG. ",135.216204,,,,,,,Case Rate,"100 Percent of Medicaid APG. ",135.216204,,,,,,,Case Rate,"100 Percent of Medicaid APG. ",1066.1301,45,,,,,0,percent of total billed charges,45 percent of billed charges; No services were performed during the 15 month look back period.,1184.589,50,,,,,0,percent of total billed charges,50 percent of billed charges; No services were performed during the 15 month look back period.,72.115309,,,,,,,Case Rate,"120 Percent of Medicaid APG. Not APG payable, or payable under another fee schedule like ASP/AWP pays at 30% of charges",72.115309,,,,,,,Case Rate,"120 Percent of Medicaid APG. Not APG payable, or payable under another fee schedule like ASP/AWP pays at 30% of charges",60.096091,,,,,,,Case Rate,"100 Percent of Medicaid APG. Not APG payable, or payable under another fee schedule like ASP/AWP pays at 30% of charges",60.096091,,,,,,,Case Rate,"100 Percent of Medicaid APG. Not APG payable, or payable under another fee schedule like ASP/AWP pays at 30% of charges",1066.1301,45,,,,,0,percent of total billed charges,45 percent of billed charges; No services were performed during the 15 month look back period.,1066.1301,45,,,,,0,percent of total billed charges,45 percent of billed charges; No services were performed during the 15 month look back period.,,,,,,,,Other,"Not Payable. ",1066.1301,45,,,,,0,percent of total billed charges,45 percent of billed charges; No services were performed during the 15 month look back period.,1066.1301,45,,,,,0,percent of total billed charges,45 percent of billed charges; No services were performed during the 15 month look back period.,1066.1301,45,,,,,0,percent of total billed charges,45 percent of billed charges; No services were performed during the 15 month look back period.,1066.1301,45,,,,,0,percent of total billed charges,45 percent of billed charges; No services were performed during the 15 month look back period.,,,,,,,,Other,"Not Payable. ",1066.1301,45,,,,,0,percent of total billed charges,45 percent of billed charges; No services were performed during the 15 month look back period.,1066.1301,45,,,,,0,percent of total billed charges,45 percent of billed charges; No services were performed during the 15 month look back period.,1421.5068,60,,,,,0,percent of total billed charges,60 percent of billed charges; No services were performed during the 15 month look back period.,60.096091,,,,,,,Fee Schedule,100% APG. Lesser of 100% of billed charges applies.,23.69178,1,,,,,0,percent of total billed charges,NA. Covered services not payable under Medicaid Fee Schedules default to a payment of 50 percent of charges.; No services were performed during the 15 month look back period.,,,,,,,,,,135.216204,,,,,,,Case Rate,225 Percent of Medicaid APG. Covered services not payable under Medicaid Fee Schedules default to a payment of 87.5 percent of charges.,23.69178,1,,,,,0,percent of total billed charges,NA. Covered services not payable under Medicaid Fee Schedules default to a payment of 50 percent of charges.; No services were performed during the 15 month look back period.,,,,,,,,,,,,,,,,,,,,,,,,,,,,,,,,,,,,,,,,,,,,,,,,,,,,,,,,,,,,,,,,,,,,,,,,,,,,,,,,,,710.7534,30,,,,,0,percent of total billed charges,30 percent of billed charges; No services were performed during the 15 month look back period.,,,,,,,,,,,,,,,,,Other,"Not Payable. ",249.08,,,,,,,Fee Schedule,"100 % 1199 Fee Schedule. ",,,,,,,,Other,"Not Payable. ",,,,,,,,Other,"Not Payable. ",72.115309,,,,,,,Case Rate,"120 Percent of Medicaid APG. Not APG payable, or payable under another fee schedule like ASP/AWP pays at 30% of charges",72.115309,,,,,,,Case Rate,"120 Percent of Medicaid APG. Not APG payable, or payable under another fee schedule like ASP/AWP pays at 30% of charges",60.096091,,,,,,,Case Rate,"100 Percent of Medicaid APG. Not APG payable, or payable under another fee schedule like ASP/AWP pays at 30% of charges",60.096091,,,,,,,Case Rate,"100 Percent of Medicaid APG. Not APG payable, or payable under another fee schedule like ASP/AWP pays at 30% of charges",60.096091,,,,,,,Case Rate,"100 Percent of Medicaid APG. ",1729.49994,73,,,,,0,percent of total billed charges,73 percent of billed charges; No services were performed during the 15 month look back period.,1421.5068,60,,,,,0,percent of total billed charges,60 percent of billed charges; No services were performed during the 15 month look back period.,1729.49994,73,,,,,0,percent of total billed charges,73 percent of billed charges; No services were performed during the 15 month look back period.,710.7534,30,,,,,0,percent of total billed charges,30 percent of billed charges; No services were performed during the 15 month look back period.,,,,,,,,Other,"Not Payable. ",,,,,,,,Other,"Not Payable. ",,,,,,,,Other,"Not Payable. ",,,,,,,,Other,"Not Payable. ",,,,,,,,Other,"Not Payable. ",,,,,,,,Other,"Not Payable. ",,,,,,,,,,,,,,,,,,,,,,,,,,,,1066.1301,45,,,,,0,percent of total billed charges,45 percent of billed charges; No services were performed during the 15 month look back period.,1729.49994,73,,,,,0,percent of total billed charges,73 percent of billed charges; No services were performed during the 15 month look back period.,1729.49994,73,,,,,0,percent of total billed charges,73 percent of billed charges; No services were performed during the 15 month look back period.,1729.49994,73,,,,,0,percent of total billed charges,73 percent of billed charges; No services were performed during the 15 month look back period.,1729.49994,73,,,,,0,percent of total billed charges,73 percent of billed charges; No services were performed during the 15 month look back period.,,,,,,,,Other,"Not Payable. ",60.096091,,,,,,,Case Rate,"100 Percent of Medicaid APG. ",1066.1301,45,,,,,0,percent of total billed charges,45 percent of billed charges; No services were performed during the 15 month look back period.,60.096091,,,,,,,Case Rate,"100 Percent of Medicaid APG. ",,,,,,,,Other,"Not Payable. ",60.096091,,,,,,,Case Rate,"100 Percent of Medicaid APG. ",,,,,,,,Other,"Not Payable. ",,,,,,,,Other,"Not Payable. ",60.096091,,,,,,,Case Rate,"100 Percent of Medicaid APG. ",60.096091,,,,,,,Case Rate,"100 Percent of Medicaid APG. ",1729.49994,73,,,,,0,percent of total billed charges,73 percent of billed charges; No services were performed during the 15 month look back period.,710.7534,30,,,,,0,percent of total billed charges,30 percent of billed charges; No services were performed during the 15 month look back period.,1847.95884,78,,,,,0,percent of total billed charges,78 percent of billed charges; No services were performed during the 15 month look back period.,,,,,,,,Fee Schedule,"100 % Zero Pay Code. ",,,,,,,,Fee Schedule,"100 % Zero Pay Code. ",1421.5068,60,,,,,0,percent of total billed charges,60 percent of billed charges; No services were performed during the 15 month look back period.,,,,,,,,Other,"Not Payable. ",1895.3424,80,,,,,0,percent of total billed charges,80 percent of billed charges; No services were performed during the 15 month look back period.,1895.3424,80,,,,,0,percent of total billed charges,80 percent of billed charges; No services were performed during the 15 month look back period.,852.90408,36,,,,,0,percent of total billed charges,36 percent of billed charges; No services were performed during the 15 month look back period.,852.90408,36,,,,,0,percent of total billed charges,36 percent of billed charges; No services were performed during the 15 month look back period.,,,,,,,,Other,"Not Payable. ",,,,,,,,Other,"Not Payable. ",,,,,,,,Other,"Not Payable. ",,,,,,,,Other,"Not Payable. ",,,,,,,,Fee Schedule,"100 % Zero Pay Code. ",1066.1301,45,,,,,0,percent of total billed charges,45 percent of billed charges; No services were performed during the 15 month look back period.,1066.1301,45,,,,,0,percent of total billed charges,45 percent of billed charges; No services were performed during the 15 month look back period.,,,,,,,,Other,"Not Payable. ",852.90408,36,,,,,0,percent of total billed charges,36 percent of billed charges; No services were performed during the 15 month look back period.,1729.49994,73,,,,,0,percent of total billed charges,73 percent of billed charges; No services were performed during the 15 month look back period.,,,,,,,,,,60.096091,,,,,,,Case Rate,"100 Percent of Medicaid APG. ",1729.49994,73,,,,,0,percent of total billed charges,73 percent of billed charges; No services were performed during the 15 month look back period.,959.51709,40.5,,,,,0,percent of total billed charges,40.5 percent of billed charges; No services were performed during the 15 month look back period.,959.51709,40.5,,,,,0,percent of total billed charges,40.5 percent of billed charges; No services were performed during the 15 month look back period.,1066.1301,45,,,,,0,percent of total billed charges,45 percent of billed charges; No services were performed during the 15 month look back period.,1184.589,50,,,,,0,percent of total billed charges,50 percent of billed charges; No services were performed during the 15 month look back period.,,,,,,,,Other,"Not Payable. ",63.100895,,,,,,,Fee Schedule,105 percent of Medicaid APG. otherwise 105% of Ordered NYS MCD FS or 105% of ASP+6%,63.100895,,,,,,,Fee Schedule,105 percent of Medicaid APG. otherwise 105% of Ordered NYS MCD FS or 105% of ASP+6%,63.100895,,,,,,,Fee Schedule,105 percent of Medicaid APG. otherwise 105% of Ordered NYS MCD FS or 105% of ASP+6%,81.129722,,,,,,,Fee Schedule,135 percent of Medicaid APG. otherwise 135% of Ordered NYS MCD FS or 135% of ASP+6%,,,,,,,,Fee Schedule,"100 % Zero Pay Code. ",63.100895,,,,,,,Fee Schedule,105 percent of Medicaid APG. otherwise 105% of Ordered NYS MCD FS or 105% of ASP+6%,63.100895,,,,,,,Fee Schedule,105 percent of Medicaid APG. otherwise 105% of Ordered NYS MCD FS or 105% of ASP+6%,63.100895,,,,,,,Fee Schedule,105 percent of Medicaid APG. otherwise 105% of Ordered NYS MCD FS or 105% of ASP+6%,63.100895,,,,,,,Fee Schedule,105 percent of Medicaid APG. otherwise 105% of Ordered NYS MCD FS or 105% of ASP+6%,63.100895,,,,,,,Fee Schedule,105 percent of Medicaid APG. otherwise 105% of Ordered NYS MCD FS or 105% of ASP+6%,81.129722,,,,,,,Fee Schedule,135 percent of Medicaid APG. otherwise 135% of Ordered NYS MCD FS or 135% of ASP+6%,81.129722,,,,,,,Fee Schedule,135 percent of Medicaid APG. otherwise 135% of Ordered NYS MCD FS or 135% of ASP+6%,,,,,,,,Other,"Not Payable. ",,,,,,,,Fee Schedule,"100 % Zero Pay Code. ",,,,,,,,Other,"Not Payable. ",63.100895,,,,,,,Fee Schedule,105 percent of Medicaid APG. otherwise 105% of Ordered NYS MCD FS or 105% of ASP+6%,1066.1301,45,,,,,0,percent of total billed charges,45 percent of billed charges; No services were performed during the 15 month look back period.,,,,,,,,Other,"Not Payable. ",1066.1301,45,,,,,0,percent of total billed charges,45 percent of billed charges; No services were performed during the 15 month look back period.,1066.1301,45,,,,,0,percent of total billed charges,45 percent of billed charges; No services were performed during the 15 month look back period.,1066.1301,45,,,,,0,percent of total billed charges,45 percent of billed charges; No services were performed during the 15 month look back period.,63.100895,,,,,,,Fee Schedule,105 percent of Medicaid APG. otherwise 105% of Ordered NYS MCD FS or 105% of ASP+6%,,,,,,,,Other,"Not Payable. ",1066.1301,45,,,,,0,percent of total billed charges,45 percent of billed charges; No services were performed during the 15 month look back period.,81.129722,,,,,,,Fee Schedule,135 percent of Medicaid APG. otherwise 135% of Ordered NYS MCD FS or 135% of ASP+6%,1066.1301,45,,,,,0,percent of total billed charges,45 percent of billed charges; No services were performed during the 15 month look back period.,,,,,,,,Other,"Not Payable. ",,,,,,,,Other,"Not Payable. ",1729.49994,73,,,,,0,percent of total billed charges,73 percent of billed charges; No services were performed during the 15 month look back period.,1729.49994,73,,,,,0,percent of total billed charges,73 percent of billed charges; No services were performed during the 15 month look back period.,1729.49994,73,,,,,0,percent of total billed charges,73 percent of billed charges; No services were performed during the 15 month look back period.,1729.49994,73,,,,,0,percent of total billed charges,73 percent of billed charges; No services were performed during the 15 month look back period.,1729.49994,73,,,,,0,percent of total billed charges,73 percent of billed charges; No services were performed during the 15 month look back period.,1729.49994,73,,,,,0,percent of total billed charges,73 percent of billed charges; No services were performed during the 15 month look back period.,1729.49994,73,,,,,0,percent of total billed charges,73 percent of billed charges; No services were performed during the 15 month look back period.,1729.49994,73,,,,,0,percent of total billed charges,73 percent of billed charges; No services were performed during the 15 month look back period.,1729.49994,73,,,,,0,percent of total billed charges,73 percent of billed charges; No services were performed during the 15 month look back period.,1729.49994,73,,,,,0,percent of total billed charges,73 percent of billed charges; No services were performed during the 15 month look back period.,1729.49994,73,,,,,0,percent of total billed charges,73 percent of billed charges; No services were performed during the 15 month look back period.,1729.49994,73,,,,,0,percent of total billed charges,73 percent of billed charges; No services were performed during the 15 month look back period.,,,,,,,,Other,"Not Payable. ",1729.49994,73,,,,,0,percent of total billed charges,73 percent of billed charges; No services were performed during the 15 month look back period.,,,,,,,,Other,"Not Payable. ",135.216204,,,,,,,Case Rate,"225 Percent of Medicaid APG. If not included in Medicaid APG, then 100 Percent of Manhattan Medicare",60.096091,,,,,,,Case Rate,"100 Percent of Medicaid APG. If not priced under APG, then Metroplus FeeSched",,,,,,,,Fee Schedule,"100 % Zero Pay Code. ",,,,,,,,Fee Schedule,"100 % Zero Pay Code. ",,,,,,,,Other,"Not Payable. ",1895.3424,80,,,,,0,percent of total billed charges,80 percent of billed charges; No services were performed during the 15 month look back period.,,,,,,,,Other,"Not Payable. ",,,,,,,,Other,"Not Payable. ",1421.5068,60,,,,,0,percent of total billed charges,60 percent of billed charges; No services were performed during the 15 month look back period.,,,,,,,,Other,"Not Payable. ",710.7534,30,,,,,0,percent of total billed charges,30 percent of billed charges; No services were performed during the 15 month look back period.,,,,,,,,Other,"Not Payable. ",710.7534,30,,,,,0,percent of total billed charges,30 percent of billed charges; No services were performed during the 15 month look back period.,1421.5068,60,,,,,0,percent of total billed charges,60 percent of billed charges; No services were performed during the 15 month look back period.,710.7534,30,,,,,0,percent of total billed charges,30 percent of billed charges; No services were performed during the 15 month look back period.,,,,,,,,Other,"Not Payable. ",60.096091,,,,,,,Case Rate,"100 Percent of Medicaid APG. ",,,,,,,,Other,"Not Payable. ",710.7534,30,,,,,0,percent of total billed charges,30 percent of billed charges; No services were performed during the 15 month look back period.,,,,,,,,Fee Schedule,"100 % Zero Pay Code. ",60.096091,,,,,,,Case Rate,"100 Percent of Medicaid APG. ",1066.1301,45,,,,,0,percent of total billed charges,45 percent of billed charges; No services were performed during the 15 month look back period.,,,,,,,,,,,,,,,,,,,1066.1301,45,,,,,0,percent of total billed charges,45 percent of billed charges; No services were performed during the 15 month look back period.,1066.1301,45,,,,,0,percent of total billed charges,45 percent of billed charges; No services were performed during the 15 month look back period.,1066.1301,45,,,,,0,percent of total billed charges,45 percent of billed charges; No services were performed during the 15 month look back period.,,,,,,,,Fee Schedule,"100 % Zero Pay Code. ",1066.1301,45,,,,,0,percent of total billed charges,45 percent of billed charges; No services were performed during the 15 month look back period.,1066.1301,45,,,,,0,percent of total billed charges,45 percent of billed charges; No services were performed during the 15 month look back period.,1066.1301,45,,,,,0,percent of total billed charges,45 percent of billed charges; No services were performed during the 15 month look back period.,1729.49994,73,,,,,0,percent of total billed charges,73 percent of billed charges; No services were performed during the 15 month look back period.,1729.49994,73,,,,,0,percent of total billed charges,73 percent of billed charges; No services were performed during the 15 month look back period.,,,,,,,,Fee Schedule,"Not Payable. ",60.096091,,,,,,,Case Rate,"100 Percent of Medicaid APG. ",,,,,,,,Fee Schedule,"100 % Zero Pay Code. ",710.7534,30,,,,,0,percent of total billed charges,30 percent of billed charges; No services were performed during the 15 month look back period.,1421.5068,60,,,,,0,percent of total billed charges,60 percent of billed charges; No services were performed during the 15 month look back period.,,,,,,,,Fee Schedule,"100 % Zero Pay Code. ",1421.5068,60,,,,,0,percent of total billed charges,60 percent of billed charges; No services were performed during the 15 month look back period.,,,,,,,,Fee Schedule,"100 % Zero Pay Code. ",1066.1301,45,,,,,0,percent of total billed charges,45 percent of billed charges; No services were performed during the 15 month look back period.,1066.1301,45,,,,,0,percent of total billed charges,45 percent of billed charges; No services were performed during the 15 month look back period.,1066.1301,45,,,,,0,percent of total billed charges,45 percent of billed charges; No services were performed during the 15 month look back period.,1066.1301,45,,,,,0,percent of total billed charges,45 percent of billed charges; No services were performed during the 15 month look back period.,,,,,,,,Other,"Not Payable. ",23.69178,2369.178,
90696,CPT,5010003,LOCAL,636,RC,DTAP-IPV VACCINE 4-6 YRS IM,615.6276,116.969244,Inpatient,ML,0.5,,,,,,,,,,,,,,,,,,,,184.68828,30,,,,,0,percent of total billed charges,30 Percent of charges; No services were performed during the 15 month look back period.,615.6276,100,,,,,0,percent of total billed charges,100 percent of charges; No services were performed during the 15 month look back period.,,,,,,,,,,184.68828,30,,,,,0,percent of total billed charges,30 Percent of charges; No services were performed during the 15 month look back period.,184.68828,30,,,,,0,percent of total billed charges,30 Percent of charges; No services were performed during the 15 month look back period.,184.68828,30,,,,,0,percent of total billed charges,30 Percent of charges; No services were performed during the 15 month look back period.,61.56276,10,,,,,0,percent of total billed charges,10 percent of charges; No services were performed during the 15 month look back period.,,,,,,,,,,449.408148,73,,,,,0,percent of total billed charges,73 percent of charges; No services were performed during the 15 month look back period.,61.56276,10,,,,,0,percent of total billed charges,10 percent of charges; No services were performed during the 15 month look back period.,,,,,,,,,,,,,,,,,,,197.000832,32,,,,,0,percent of total billed charges,32 pecent of charges; No services were performed during the 15 month look back period.,197.000832,32,,,,,0,percent of total billed charges,32 pecent of charges; No services were performed during the 15 month look back period.,197.000832,32,,,,,0,percent of total billed charges,32 pecent of charges; No services were performed during the 15 month look back period.,197.000832,32,,,,,0,percent of total billed charges,32 pecent of charges; No services were performed during the 15 month look back period.,,,,,,,,,,,,,,,,,,,,,,,,,,,,449.408148,73,,,,,0,percent of total billed charges,73 percent of charges; No services were performed during the 15 month look back period.,184.68828,30,,,,,0,percent of total billed charges,30 Percent of charges; No services were performed during the 15 month look back period.,246.25104,40,,,,,0,percent of total billed charges,40 percent of charges; No services were performed during the 15 month look back period.,178.532004,29,,,,,0,percent of total billed charges,29 percent of charges; No services were performed during the 15 month look back period.,246.25104,40,,,,,0,percent of total billed charges,40 percent of charges; No services were performed during the 15 month look back period.,246.25104,40,,,,,0,percent of total billed charges,40 percent of charges; No services were performed during the 15 month look back period.,449.408148,73,,,,,0,percent of total billed charges,73 percent of charges; No services were performed during the 15 month look back period.,,,,,,,,,,,,,,,,,,,,,,,,,,,,,,,,,,,,,178.532004,29,,,,,0,percent of total billed charges,29 percent of charges; No services were performed during the 15 month look back period.,178.532004,29,,,,,0,percent of total billed charges,29 percent of charges; No services were performed during the 15 month look back period.,178.532004,29,,,,,0,percent of total billed charges,29 percent of charges; No services were performed during the 15 month look back period.,178.532004,29,,,,,0,percent of total billed charges,29 percent of charges; No services were performed during the 15 month look back period.,178.532004,29,,,,,0,percent of total billed charges,29 percent of charges; No services were performed during the 15 month look back period.,178.532004,29,,,,,0,percent of total billed charges,29 percent of charges; No services were performed during the 15 month look back period.,178.532004,29,,,,,0,percent of total billed charges,29 percent of charges; No services were performed during the 15 month look back period.,449.408148,73,,,,,0,percent of total billed charges,73 percent of charges; No services were performed during the 15 month look back period.,80.031588,13,,,,,0,percent of total billed charges,13 percent of charges; No services were performed during the 15 month look back period.,80.031588,13,,,,,0,percent of total billed charges,13 percent of charges; No services were performed during the 15 month look back period.,449.408148,73,,,,,0,percent of total billed charges,73 percent of charges; No services were performed during the 15 month look back period.,197.000832,32,,,,,0,percent of total billed charges,32 pecent of charges; No services were performed during the 15 month look back period.,61.56276,10,,,,,0,percent of total billed charges,10 percent of charges; No services were performed during the 15 month look back period.,61.56276,10,,,,,0,percent of total billed charges,10 percent of charges; No services were performed during the 15 month look back period.,449.408148,73,,,,,0,percent of total billed charges,73 percent of charges; No services were performed during the 15 month look back period.,,,,,,,,,,61.56276,10,,,,,0,percent of total billed charges,10 percent of charges; No services were performed during the 15 month look back period.,61.56276,10,,,,,0,percent of total billed charges,10 percent of charges; No services were performed during the 15 month look back period.,61.56276,10,,,,,0,percent of total billed charges,10 percent of charges; No services were performed during the 15 month look back period.,,,,,,,,,,61.56276,10,,,,,0,percent of total billed charges,10 percent of charges; No services were performed during the 15 month look back period.,61.56276,10,,,,,0,percent of total billed charges,10 percent of charges; No services were performed during the 15 month look back period.,,,,,,,,,,147.750624,24,,,,,0,percent of total billed charges,24 percent of charges; No services were performed during the 15 month look back period.,,,,,,,,,,,,,,,,,,,,,,,,,,,,,,,,,,,,,,,,,,,,,,,,,,,,,,,,,,,,,,,,,,,,,,,,,,,,,,,,,,449.408148,73,,,,,0,percent of total billed charges,73 percent of charges; No services were performed during the 15 month look back period.,449.408148,73,,,,,0,percent of total billed charges,73 percent of charges; No services were performed during the 15 month look back period.,449.408148,73,,,,,0,percent of total billed charges,73 percent of charges; No services were performed during the 15 month look back period.,449.408148,73,,,,,0,percent of total billed charges,73 percent of charges; No services were performed during the 15 month look back period.,449.408148,73,,,,,0,percent of total billed charges,73 percent of charges; No services were performed during the 15 month look back period.,449.408148,73,,,,,0,percent of total billed charges,73 percent of charges; No services were performed during the 15 month look back period.,449.408148,73,,,,,0,percent of total billed charges,73 percent of charges; No services were performed during the 15 month look back period.,449.408148,73,,,,,0,percent of total billed charges,73 percent of charges; No services were performed during the 15 month look back period.,449.408148,73,,,,,0,percent of total billed charges,73 percent of charges; No services were performed during the 15 month look back period.,449.408148,73,,,,,0,percent of total billed charges,73 percent of charges; No services were performed during the 15 month look back period.,449.408148,73,,,,,0,percent of total billed charges,73 percent of charges; No services were performed during the 15 month look back period.,449.408148,73,,,,,0,percent of total billed charges,73 percent of charges; No services were performed during the 15 month look back period.,449.408148,73,,,,,0,percent of total billed charges,73 percent of charges; No services were performed during the 15 month look back period.,449.408148,73,,,,,0,percent of total billed charges,73 percent of charges; No services were performed during the 15 month look back period.,449.408148,73,,,,,0,percent of total billed charges,73 percent of charges; No services were performed during the 15 month look back period.,449.408148,73,,,,,0,percent of total billed charges,73 percent of charges; No services were performed during the 15 month look back period.,449.408148,73,,,,,0,percent of total billed charges,73 percent of charges; No services were performed during the 15 month look back period.,449.408148,73,,,,,0,percent of total billed charges,73 percent of charges; No services were performed during the 15 month look back period.,449.408148,73,,,,,0,percent of total billed charges,73 percent of charges; No services were performed during the 15 month look back period.,449.408148,73,,,,,0,percent of total billed charges,73 percent of charges; No services were performed during the 15 month look back period.,449.408148,73,,,,,0,percent of total billed charges,73 percent of charges; No services were performed during the 15 month look back period.,449.408148,73,,,,,0,percent of total billed charges,73 percent of charges; No services were performed during the 15 month look back period.,449.408148,73,,,,,0,percent of total billed charges,73 percent of charges; No services were performed during the 15 month look back period.,449.408148,73,,,,,0,percent of total billed charges,73 percent of charges; No services were performed during the 15 month look back period.,449.408148,73,,,,,0,percent of total billed charges,73 percent of charges; No services were performed during the 15 month look back period.,449.408148,73,,,,,0,percent of total billed charges,73 percent of charges; No services were performed during the 15 month look back period.,178.532004,29,,,,,0,percent of total billed charges,29 percent of charges; No services were performed during the 15 month look back period.,178.532004,29,,,,,0,percent of total billed charges,29 percent of charges; No services were performed during the 15 month look back period.,178.532004,29,,,,,0,percent of total billed charges,29 percent of charges; No services were performed during the 15 month look back period.,178.532004,29,,,,,0,percent of total billed charges,29 percent of charges; No services were performed during the 15 month look back period.,246.25104,40,,,,,0,percent of total billed charges,40 percent of charges; No services were performed during the 15 month look back period.,246.25104,40,,,,,0,percent of total billed charges,40 percent of charges; No services were performed during the 15 month look back period.,197.000832,32,,,,,0,percent of total billed charges,32 pecent of charges; No services were performed during the 15 month look back period.,,,,,,,,,,61.56276,10,,,,,0,percent of total billed charges,10 percent of charges; No services were performed during the 15 month look back period.,,,,,,,,,,449.408148,73,,,,,0,percent of total billed charges,73 percent of charges; No services were performed during the 15 month look back period.,246.25104,40,,,,,0,percent of total billed charges,40 percent of charges; No services were performed during the 15 month look back period.,,,,,,,,,,61.56276,10,,,,,0,percent of total billed charges,10 percent of charges; No services were performed during the 15 month look back period.,197.000832,32,,,,,0,percent of total billed charges,32 pecent of charges; No services were performed during the 15 month look back period.,,,,,,,,,,449.408148,73,,,,,0,percent of total billed charges,73 percent of charges; No services were performed during the 15 month look back period.,,,,,,,,,,178.532004,29,,,,,0,percent of total billed charges,29 percent of charges; No services were performed during the 15 month look back period.,178.532004,29,,,,,0,percent of total billed charges,29 percent of charges; No services were performed during the 15 month look back period.,178.532004,29,,,,,0,percent of total billed charges,29 percent of charges; No services were performed during the 15 month look back period.,,,,,,,,,,147.750624,24,,,,,0,percent of total billed charges,24 percent of charges; No services were performed during the 15 month look back period.,,,,,,,,,,,,,,,,,,,,,,,,,,,,,,,,,,,,,,,,,,,,,,184.68828,30,,,,,0,percent of total billed charges,30 Percent of charges; No services were performed during the 15 month look back period.,184.68828,30,,,,,0,percent of total billed charges,30 Percent of charges; No services were performed during the 15 month look back period.,,,,,,,,,,197.000832,32,,,,,0,percent of total billed charges,32 pecent of charges; No services were performed during the 15 month look back period.,61.56276,10,,,,,0,percent of total billed charges,10 percent of charges; No services were performed during the 15 month look back period.,61.56276,10,,,,,0,percent of total billed charges,10 percent of charges; No services were performed during the 15 month look back period.,,,,,,,,,,197.000832,32,,,,,0,percent of total billed charges,32 pecent of charges; No services were performed during the 15 month look back period.,184.68828,30,,,,,0,percent of total billed charges,30 Percent of charges; No services were performed during the 15 month look back period.,184.68828,30,,,,,0,percent of total billed charges,30 Percent of charges; No services were performed during the 15 month look back period.,184.68828,30,,,,,0,percent of total billed charges,30 Percent of charges; No services were performed during the 15 month look back period.,449.408148,73,,,,,0,percent of total billed charges,73 percent of charges; No services were performed during the 15 month look back period.,449.408148,73,,,,,0,percent of total billed charges,73 percent of charges; No services were performed during the 15 month look back period.,449.408148,73,,,,,0,percent of total billed charges,73 percent of charges; No services were performed during the 15 month look back period.,449.408148,73,,,,,0,percent of total billed charges,73 percent of charges; No services were performed during the 15 month look back period.,449.408148,73,,,,,0,percent of total billed charges,73 percent of charges; No services were performed during the 15 month look back period.,449.408148,73,,,,,0,percent of total billed charges,73 percent of charges; No services were performed during the 15 month look back period.,449.408148,73,,,,,0,percent of total billed charges,73 percent of charges; No services were performed during the 15 month look back period.,449.408148,73,,,,,0,percent of total billed charges,73 percent of charges; No services were performed during the 15 month look back period.,449.408148,73,,,,,0,percent of total billed charges,73 percent of charges; No services were performed during the 15 month look back period.,449.408148,73,,,,,0,percent of total billed charges,73 percent of charges; No services were performed during the 15 month look back period.,449.408148,73,,,,,0,percent of total billed charges,73 percent of charges; No services were performed during the 15 month look back period.,246.25104,40,,,,,0,percent of total billed charges,40 percent of charges; No services were performed during the 15 month look back period.,,,,,,,,,,197.000832,32,,,,,0,percent of total billed charges,32 pecent of charges; No services were performed during the 15 month look back period.,,,,,,,,,,184.68828,30,,,,,0,percent of total billed charges,30 Percent of charges; No services were performed during the 15 month look back period.,197.000832,32,,,,,0,percent of total billed charges,32 pecent of charges; No services were performed during the 15 month look back period.,197.000832,32,,,,,0,percent of total billed charges,32 pecent of charges; No services were performed during the 15 month look back period.,449.408148,73,,,,,0,percent of total billed charges,73 percent of charges; No services were performed during the 15 month look back period.,123.12552,20,,,,,0,percent of total billed charges,20 percent of charges; No services were performed during the 15 month look back period.,197.000832,32,,,,,0,percent of total billed charges,32 pecent of charges; No services were performed during the 15 month look back period.,,,,,,,,,,,,,,,,,,,,,,,,,,,,,,,,,,,,,,,,,,,,,,,,,,,,,,,,,,,,,,,,197.000832,32,,,,,0,percent of total billed charges,32 pecent of charges; No services were performed during the 15 month look back period.,147.750624,24,,,,,0,percent of total billed charges,24 percent of charges; No services were performed during the 15 month look back period.,,,,,,,,,,,,,,,,,,,,,,,,,,,,,,,,,,,,,,,,,,,,,,,,,,,,,,,147.750624,24,,,,,0,percent of total billed charges,24 percent of charges; No services were performed during the 15 month look back period.,190.844556,31,,,,,0,percent of total billed charges,31 percent of charges; No services were performed during the 15 month look back period.,190.844556,31,,,,,0,percent of total billed charges,31 percent of charges; No services were performed during the 15 month look back period.,190.844556,31,,,,,0,percent of total billed charges,31 percent of charges; No services were performed during the 15 month look back period.,190.844556,31,,,,,0,percent of total billed charges,31 percent of charges; No services were performed during the 15 month look back period.,190.844556,31,,,,,0,percent of total billed charges,31 percent of charges; No services were performed during the 15 month look back period.,,,,,,,,,,246.25104,40,,,,,0,percent of total billed charges,40 percent of charges; No services were performed during the 15 month look back period.,246.25104,40,,,,,0,percent of total billed charges,40 percent of charges; No services were performed during the 15 month look back period.,246.25104,40,,,,,0,percent of total billed charges,40 percent of charges; No services were performed during the 15 month look back period.,246.25104,40,,,,,0,percent of total billed charges,40 percent of charges; No services were performed during the 15 month look back period.,184.68828,30,,,,,0,percent of total billed charges,30 Percent of charges; No services were performed during the 15 month look back period.,184.68828,30,,,,,0,percent of total billed charges,30 Percent of charges; No services were performed during the 15 month look back period.,184.68828,30,,,,,0,percent of total billed charges,30 Percent of charges; No services were performed during the 15 month look back period.,184.68828,30,,,,,0,percent of total billed charges,30 Percent of charges; No services were performed during the 15 month look back period.,147.750624,24,,,,,0,percent of total billed charges,24 percent of charges; No services were performed during the 15 month look back period.,147.750624,24,,,,,0,percent of total billed charges,24 percent of charges; No services were performed during the 15 month look back period.,,,,,,,,,,,,,,,,,,,,,,,,,,,,,,,,,,,,,,,,,,,,,,,,,,,,,,,147.750624,24,,,,,0,percent of total billed charges,24 percent of charges; No services were performed during the 15 month look back period.,184.68828,30,,,,,0,percent of total billed charges,30 Percent of charges; No services were performed during the 15 month look back period.,,,,,,,,,,,,,,,,,,,,,,,,,,,,,,,,,,,,,,,,,,,,,,,,,,,,,,,,,,,,,,,,,,,,,,,,,,,,,,,,,,,,,,,,,,,,,,,,,,,,,,,,,,,,,,,,,,,,,,,,,,,,,,,,,,,,,,,,,,,,,,,,,,,,,,,,,,,,,,,,,,,,,,,,,,,,,,,,,,,,,,,,,,,,,,,,,,,,,,,184.68828,30,,,,,0,percent of total billed charges,30 Percent of charges; No services were performed during the 15 month look back period.,,,,,,,,,,,,,,,,,,,,,,,,,,,,,,,,,,,,,,,,,,,,,,,,,,,,,,,,,,,,,,,,61.56276,10,,,,,0,percent of total billed charges,10 percent of charges; No services were performed during the 15 month look back period.,61.56276,10,,,,,0,percent of total billed charges,10 percent of charges; No services were performed during the 15 month look back period.,61.56276,10,,,,,0,percent of total billed charges,10 percent of charges; No services were performed during the 15 month look back period.,61.56276,10,,,,,0,percent of total billed charges,10 percent of charges; No services were performed during the 15 month look back period.,,,,,,,,,,147.750624,24,,,,,0,percent of total billed charges,24 percent of charges; No services were performed during the 15 month look back period.,178.532004,29,,,,,0,percent of total billed charges,29 percent of charges; No services were performed during the 15 month look back period.,178.532004,29,,,,,0,percent of total billed charges,29 percent of charges; No services were performed during the 15 month look back period.,178.532004,29,,,,,0,percent of total billed charges,29 percent of charges; No services were performed during the 15 month look back period.,178.532004,29,,,,,0,percent of total billed charges,29 percent of charges; No services were performed during the 15 month look back period.,,,,,,,,,,,,,,,,,,,,,,,,,,,,,,,,,,,,,,,,,,,,,,,,,,,,,,,,,,,,,,,,,,,,,,,,,,,,,,,,,,,,,,,,,,,184.68828,30,,,,,0,percent of total billed charges,30 Percent of charges; No services were performed during the 15 month look back period.,,,,,,,,,,,,,,,,,,,,,,,,,,,,,,,,,,,,,,,,,,,,,,,,,,,,,,,,,,,,,,,,,,,,,,,,,,,,,,,,,,,,,,,,,,,,,,,,,,,,,,,,,,,,,,,,,,,,,,,,,,,,,,,197.000832,32,,,,,0,percent of total billed charges,32 pecent of charges; No services were performed during the 15 month look back period.,,,,,,,,,,,,,,,,,,,,,,,,,,,,,,,,,,,,,,,,,,,,,,178.532004,29,,,,,0,percent of total billed charges,29 percent of charges; No services were performed during the 15 month look back period.,178.532004,29,,,,,0,percent of total billed charges,29 percent of charges; No services were performed during the 15 month look back period.,178.532004,29,,,,,0,percent of total billed charges,29 percent of charges; No services were performed during the 15 month look back period.,178.532004,29,,,,,0,percent of total billed charges,29 percent of charges; No services were performed during the 15 month look back period.,,,,,,,,,,178.532004,29,,,,,0,percent of total billed charges,29 percent of charges; No services were performed during the 15 month look back period.,184.68828,30,,,,,0,percent of total billed charges,30 Percent of charges; No services were performed during the 15 month look back period.,178.532004,29,,,,,0,percent of total billed charges,29 percent of charges; No services were performed during the 15 month look back period.,197.000832,32,,,,,0,percent of total billed charges,32 pecent of charges; No services were performed during the 15 month look back period.,178.532004,29,,,,,0,percent of total billed charges,29 percent of charges; No services were performed during the 15 month look back period.,,,,,,,,,,,,,,,,,,,,,,,,,,,,178.532004,29,,,,,0,percent of total billed charges,29 percent of charges; No services were performed during the 15 month look back period.,,,,,,,,,,,,,,,,,,,,,,,,,,,,,,,,,,,,,,,,,,,,,,178.532004,29,,,,,0,percent of total billed charges,29 percent of charges; No services were performed during the 15 month look back period.,178.532004,29,,,,,0,percent of total billed charges,29 percent of charges; No services were performed during the 15 month look back period.,178.532004,29,,,,,0,percent of total billed charges,29 percent of charges; No services were performed during the 15 month look back period.,178.532004,29,,,,,0,percent of total billed charges,29 percent of charges; No services were performed during the 15 month look back period.,,,,,,,,,,,,,,,,,,,,,,,,,,,,,,,,,,,,,,,,,,,,,,,,,,,,,,,,,,,,,,,,,,,,,,,,,,,,,,,,,,,,,,,,,,,178.532004,29,,,,,0,percent of total billed charges,29 percent of charges; No services were performed during the 15 month look back period.,197.000832,32,,,,,0,percent of total billed charges,32 pecent of charges; No services were performed during the 15 month look back period.,449.408148,73,,,,,0,percent of total billed charges,73 percent of charges; No services were performed during the 15 month look back period.,61.56276,10,,,,,0,percent of total billed charges,10 percent of charges; No services were performed during the 15 month look back period.,61.56276,10,,,,,0,percent of total billed charges,10 percent of charges; No services were performed during the 15 month look back period.,184.68828,30,,,,,0,percent of total billed charges,30 Percent of charges; No services were performed during the 15 month look back period.,,,,,,,,,,246.25104,40,,,,,0,percent of total billed charges,40 percent of charges; No services were performed during the 15 month look back period.,246.25104,40,,,,,0,percent of total billed charges,40 percent of charges; No services were performed during the 15 month look back period.,,,,,,,,,,,,,,,,,,,,,,,,,,,,,,,,,,,,,,,,,,,,,,,,,,,,,,,61.56276,10,,,,,0,percent of total billed charges,10 percent of charges; No services were performed during the 15 month look back period.,,,,,,,,,,,,,,,,,,,,,,,,,,,,,,,,,,,,,178.532004,29,,,,,0,percent of total billed charges,29 percent of charges; No services were performed during the 15 month look back period.,,,,,,,,,,,,,,,,,,,178.532004,29,,,,,0,percent of total billed charges,29 percent of charges; No services were performed during the 15 month look back period.,,,,,,,,,,,,,,,,,,,,,,,,,,,,147.750624,24,,,,,0,percent of total billed charges,24 percent of charges; No services were performed during the 15 month look back period.,178.532004,29,,,,,0,percent of total billed charges,29 percent of charges; No services were performed during the 15 month look back period.,,,,,,,,,,,,,,,,,,,,,,,,,,,,,,,,,,,,,61.56276,10,,,,,0,percent of total billed charges,10 percent of charges; No services were performed during the 15 month look back period.,,,,,,,,,,,,,,,,,,,,,,,,,,,,,,,,,,,,,,,,,,,,,,,,,,,,,,,,,,,,,,,,,,,,,,,,,61.56276,10,,,,,0,percent of total billed charges,10 percent of charges; No services were performed during the 15 month look back period.,,,,,,,,,,,,,,,,,,,,,,,,,,,,,,,,,,,,,,,,,,,,,,,,,,,,,,,,,,,,,,,,,,,,,,,,,,,,,,,,,,,,,,,,,,,,,,,,,,,,,,,,,,,,,,,,,,,,,,178.532004,29,,,,,0,percent of total billed charges,29 percent of charges; No services were performed during the 15 month look back period.,178.532004,29,,,,,0,percent of total billed charges,29 percent of charges; No services were performed during the 15 month look back period.,178.532004,29,,,,,0,percent of total billed charges,29 percent of charges; No services were performed during the 15 month look back period.,178.532004,29,,,,,0,percent of total billed charges,29 percent of charges; No services were performed during the 15 month look back period.,178.532004,29,,,,,0,percent of total billed charges,29 percent of charges; No services were performed during the 15 month look back period.,178.532004,29,,,,,0,percent of total billed charges,29 percent of charges; No services were performed during the 15 month look back period.,178.532004,29,,,,,0,percent of total billed charges,29 percent of charges; No services were performed during the 15 month look back period.,178.532004,29,,,,,0,percent of total billed charges,29 percent of charges; No services were performed during the 15 month look back period.,178.532004,29,,,,,0,percent of total billed charges,29 percent of charges; No services were performed during the 15 month look back period.,178.532004,29,,,,,0,percent of total billed charges,29 percent of charges; No services were performed during the 15 month look back period.,178.532004,29,,,,,0,percent of total billed charges,29 percent of charges; No services were performed during the 15 month look back period.,178.532004,29,,,,,0,percent of total billed charges,29 percent of charges; No services were performed during the 15 month look back period.,178.532004,29,,,,,0,percent of total billed charges,29 percent of charges; No services were performed during the 15 month look back period.,,,,,,,,,,178.532004,29,,,,,0,percent of total billed charges,29 percent of charges; No services were performed during the 15 month look back period.,,,,,,,,,,116.969244,19,,,,,0,percent of total billed charges,19 percent of charges; No services were performed during the 15 month look back period.,80.031588,13,,,,,0,percent of total billed charges,13 percent of charges; No services were performed during the 15 month look back period.,61.56276,10,,,,,0,percent of total billed charges,10 percent of charges; No services were performed during the 15 month look back period.,61.56276,10,,,,,0,percent of total billed charges,10 percent of charges; No services were performed during the 15 month look back period.,,,,,,,,,,246.25104,40,,,,,0,percent of total billed charges,40 percent of charges; No services were performed during the 15 month look back period.,,,,,,,,,,,,,,,,,,,184.68828,30,,,,,0,percent of total billed charges,30 Percent of charges; No services were performed during the 15 month look back period.,,,,,,,,,,197.000832,32,,,,,0,percent of total billed charges,32 pecent of charges; No services were performed during the 15 month look back period.,,,,,,,,,,197.000832,32,,,,,0,percent of total billed charges,32 pecent of charges; No services were performed during the 15 month look back period.,184.68828,30,,,,,0,percent of total billed charges,30 Percent of charges; No services were performed during the 15 month look back period.,197.000832,32,,,,,0,percent of total billed charges,32 pecent of charges; No services were performed during the 15 month look back period.,,,,,,,,,,,,,,,,,,,,,,,,,,,,197.000832,32,,,,,0,percent of total billed charges,32 pecent of charges; No services were performed during the 15 month look back period.,61.56276,10,,,,,0,percent of total billed charges,10 percent of charges; No services were performed during the 15 month look back period.,,,,,,,,,,,,,,,,,,,,,,,,,,,,,,,,,,,,,,,,,,,,,,,,,,,,,,,,,,,,,,,,61.56276,10,,,,,0,percent of total billed charges,10 percent of charges; No services were performed during the 15 month look back period.,,,,,,,,,,,,,,,,,,,,,,,,,,,,178.532004,29,,,,,0,percent of total billed charges,29 percent of charges; No services were performed during the 15 month look back period.,178.532004,29,,,,,0,percent of total billed charges,29 percent of charges; No services were performed during the 15 month look back period.,190.844556,31,,,,,0,percent of total billed charges,31 percent of charges; No services were performed during the 15 month look back period.,,,,,,,,,,61.56276,10,,,,,0,percent of total billed charges,10 percent of charges; No services were performed during the 15 month look back period.,197.000832,32,,,,,0,percent of total billed charges,32 pecent of charges; No services were performed during the 15 month look back period.,184.68828,30,,,,,0,percent of total billed charges,30 Percent of charges; No services were performed during the 15 month look back period.,61.56276,10,,,,,0,percent of total billed charges,10 percent of charges; No services were performed during the 15 month look back period.,184.68828,30,,,,,0,percent of total billed charges,30 Percent of charges; No services were performed during the 15 month look back period.,61.56276,10,,,,,0,percent of total billed charges,10 percent of charges; No services were performed during the 15 month look back period.,,,,,,,,,,,,,,,,,,,,,,,,,,,,,,,,,,,,,,,,,,,,,,6.156276,615.6276,
90698,CPT,5010003,LOCAL,636,RC,DTAP-IPV/HIB VACCINE IM,975.2778,185.302782,Outpatient,EA,1,,128.99,,,,,,,Fee Schedule,"100 % 1199 Fee Schedule. ",128.99,,,,,,,Fee Schedule,"100 % 1199 Fee Schedule. ",585.16668,60,,,,,0,percent of total billed charges,60 percent of billed charges; No services were performed during the 15 month look back period.,975.2778,100,,,,,0,percent of total billed charges,100 percent of billed charges; No services were performed during the 15 month look back period.,,,,,,,,Other,"Not Payable. ",585.16668,60,,,,,0,percent of total billed charges,60 percent of billed charges; No services were performed during the 15 month look back period.,585.16668,60,,1556.94,216.44,1556.94,1 through 10,percent of total billed charges,60 percent of billed charges,585.16668,60,,,,,0,percent of total billed charges,60 percent of billed charges; No services were performed during the 15 month look back period.,34.772448,,,,,,,Case Rate,"100 Percent of Medicaid APG. ",28.97704,,,,,,,Case Rate,"100 Percent of Medicaid APG. ",760.716684,78,,,,,0,percent of total billed charges,78% of Billed Charges. Lesser of 100% of billed charges applies.; No services were performed during the 15 month look back period.,,,,,,,,Fee Schedule,"100 % Zero Pay Code. ",28.97704,,,,,,,Case Rate,"100 Percent of Medicaid APG. ",,,,,,,,Other,"Not Payable. ",466.605,,,,,,,Fee Schedule,"450 % 2018 Cigna RBRVS fee schedule. ",466.605,,,,,,,Fee Schedule,"450 % 2018 Cigna RBRVS fee schedule. ",466.605,,,,,,,Fee Schedule,"450 % 2018 Cigna RBRVS fee schedule. ",466.605,,,,,,,Fee Schedule,"450 % 2018 Cigna RBRVS fee schedule. ",9.752778,1,,,,,0,percent of total billed charges,NA. Covered services not payable under Medicaid Fee Schedules default to a payment of 50 percent of charges.; No services were performed during the 15 month look back period.,,,,,,,,Other,"Not Payable. ",9.752778,1,,118.91,118.91,124.69,22,percent of total billed charges,NA. Covered services not payable under Medicaid Fee Schedules default to a payment of 50 percent of charges.,760.716684,78,,,,,0,percent of total billed charges,78% of Billed Charges. Lesser of 100% of billed charges applies.; No services were performed during the 15 month look back period.,585.16668,60,,,,,0,percent of total billed charges,60 percent of billed charges; No services were performed during the 15 month look back period.,,,,,,,,Other,"Not Payable. ",711.952794,73,,,,,0,percent of total billed charges,73 percent of billed charges; No services were performed during the 15 month look back period.,,,,,,,,Other,"Not Payable. ",,,,,,,,Other,"Not Payable. ",760.716684,78,,,,,0,percent of total billed charges,78% of Billed Charges. Lesser of 100% of billed charges applies.; No services were performed during the 15 month look back period.,,,,,,,,Fee Schedule,"Not payable. ",,,,,,,,Fee Schedule,"Not payable. ",,,,,,,,Fee schedule,"90 Percent of Medicare RBRVS. ",,,,,,,,Fee schedule,"90 Percent of Medicare RBRVS. ",711.952794,73,,,,,0,percent of total billed charges,73 percent of billed charges; No services were performed during the 15 month look back period.,711.952794,73,,,,,0,percent of total billed charges,73 percent of billed charges; No services were performed during the 15 month look back period.,28.97704,,,,,,,Case Rate,"100 Percent of Medicaid APG. Not APG payable, or payable under another fee schedule like ASP/AWP pays at 30% of charges",711.952794,73,,,,,0,percent of total billed charges,73 percent of billed charges; No services were performed during the 15 month look back period.,28.97704,,,,,,,Case Rate,"100 Percent of Medicaid APG. Not APG payable, or payable under another fee schedule like ASP/AWP pays at 30% of charges",,,,,,,,Other,"Not Payable. ",711.952794,73,,,,,0,percent of total billed charges,73 percent of billed charges; No services were performed during the 15 month look back period.,760.716684,78,,,,,0,percent of total billed charges,78% of Billed Charges. Lesser of 100% of billed charges applies.; No services were performed during the 15 month look back period.,28.97704,,,,,,,Case Rate,"100 Percent of Medicaid APG. ",28.97704,,,,,,,Case Rate,"100 Percent of Medicaid APG. ",760.716684,78,,,,,0,percent of total billed charges,78% of Billed Charges. Lesser of 100% of billed charges applies.; No services were performed during the 15 month look back period.,466.605,,,,,,,Fee Schedule,"450 % 2018 Cigna RBRVS fee schedule. ",,,,,,,,Fee Schedule,"100 % Zero Pay Code. ",,,,,,,,Fee Schedule,"100 % Zero Pay Code. ",760.716684,78,,,,,0,percent of total billed charges,78% of Billed Charges. Lesser of 100% of billed charges applies.; No services were performed during the 15 month look back period.,,,,,,,,Other,"Not Payable. ",,,,,,,,Fee Schedule,"100 % Zero Pay Code. ",,,,,,,,Fee Schedule,"100 % Zero Pay Code. ",,,,,,,,Fee Schedule,"100 % Zero Pay Code. ",,,,,,,,Other,"Not Payable. ",,,,,,,,Fee Schedule,"100 % Zero Pay Code. ",,,,,,,,Fee Schedule,"100 % Zero Pay Code. ",,,,,,,,Other,"Not Payable. ",487.6389,50,,,,,0,percent of total billed charges,50 percent of billed charges; No services were performed during the 15 month look back period.,438.87501,45,,,,,0,percent of total billed charges,45 percent of billed charges; No services were performed during the 15 month look back period.,438.87501,45,,,,,0,percent of total billed charges,45 percent of billed charges; No services were performed during the 15 month look back period.,438.87501,45,,655,655,655,1 through 10,percent of total billed charges,45 percent of billed charges,438.87501,45,,,,,0,percent of total billed charges,45 percent of billed charges; No services were performed during the 15 month look back period.,438.87501,45,,,,,0,percent of total billed charges,45 percent of billed charges; No services were performed during the 15 month look back period.,438.87501,45,,386.45,386.45,386.45,1 through 10,percent of total billed charges,45 percent of billed charges,,,,,,,,Other,"Not Payable. ",,,,,,,,Other,"Not Payable. ",438.87501,45,,,,,0,percent of total billed charges,45 percent of billed charges; No services were performed during the 15 month look back period.,760.716684,78,,,,,0,percent of total billed charges,78% of Billed Charges. Lesser of 100% of billed charges applies.; No services were performed during the 15 month look back period.,760.716684,78,,,,,0,percent of total billed charges,78% of Billed Charges. Lesser of 100% of billed charges applies.; No services were performed during the 15 month look back period.,760.716684,78,,,,,0,percent of total billed charges,78% of Billed Charges. Lesser of 100% of billed charges applies.; No services were performed during the 15 month look back period.,760.716684,78,,,,,0,percent of total billed charges,78% of Billed Charges. Lesser of 100% of billed charges applies.; No services were performed during the 15 month look back period.,760.716684,78,,,,,0,percent of total billed charges,78% of Billed Charges. Lesser of 100% of billed charges applies.; No services were performed during the 15 month look back period.,760.716684,78,,,,,0,percent of total billed charges,78% of Billed Charges. Lesser of 100% of billed charges applies.; No services were performed during the 15 month look back period.,760.716684,78,,,,,0,percent of total billed charges,78% of Billed Charges. Lesser of 100% of billed charges applies.; No services were performed during the 15 month look back period.,760.716684,78,,,,,0,percent of total billed charges,78% of Billed Charges. Lesser of 100% of billed charges applies.; No services were performed during the 15 month look back period.,760.716684,78,,,,,0,percent of total billed charges,78% of Billed Charges. Lesser of 100% of billed charges applies.; No services were performed during the 15 month look back period.,760.716684,78,,,,,0,percent of total billed charges,78% of Billed Charges. Lesser of 100% of billed charges applies.; No services were performed during the 15 month look back period.,760.716684,78,,,,,0,percent of total billed charges,78% of Billed Charges. Lesser of 100% of billed charges applies.; No services were performed during the 15 month look back period.,760.716684,78,,,,,0,percent of total billed charges,78% of Billed Charges. Lesser of 100% of billed charges applies.; No services were performed during the 15 month look back period.,760.716684,78,,,,,0,percent of total billed charges,78% of Billed Charges. Lesser of 100% of billed charges applies.; No services were performed during the 15 month look back period.,760.716684,78,,,,,0,percent of total billed charges,78% of Billed Charges. Lesser of 100% of billed charges applies.; No services were performed during the 15 month look back period.,760.716684,78,,,,,0,percent of total billed charges,78% of Billed Charges. Lesser of 100% of billed charges applies.; No services were performed during the 15 month look back period.,760.716684,78,,,,,0,percent of total billed charges,78% of Billed Charges. Lesser of 100% of billed charges applies.; No services were performed during the 15 month look back period.,760.716684,78,,,,,0,percent of total billed charges,78% of Billed Charges. Lesser of 100% of billed charges applies.; No services were performed during the 15 month look back period.,760.716684,78,,,,,0,percent of total billed charges,78% of Billed Charges. Lesser of 100% of billed charges applies.; No services were performed during the 15 month look back period.,760.716684,78,,,,,0,percent of total billed charges,78% of Billed Charges. Lesser of 100% of billed charges applies.; No services were performed during the 15 month look back period.,760.716684,78,,,,,0,percent of total billed charges,78% of Billed Charges. Lesser of 100% of billed charges applies.; No services were performed during the 15 month look back period.,760.716684,78,,,,,0,percent of total billed charges,78% of Billed Charges. Lesser of 100% of billed charges applies.; No services were performed during the 15 month look back period.,760.716684,78,,,,,0,percent of total billed charges,78% of Billed Charges. Lesser of 100% of billed charges applies.; No services were performed during the 15 month look back period.,760.716684,78,,,,,0,percent of total billed charges,78% of Billed Charges. Lesser of 100% of billed charges applies.; No services were performed during the 15 month look back period.,760.716684,78,,,,,0,percent of total billed charges,78% of Billed Charges. Lesser of 100% of billed charges applies.; No services were performed during the 15 month look back period.,760.716684,78,,,,,0,percent of total billed charges,78% of Billed Charges. Lesser of 100% of billed charges applies.; No services were performed during the 15 month look back period.,760.716684,78,,,,,0,percent of total billed charges,78% of Billed Charges. Lesser of 100% of billed charges applies.; No services were performed during the 15 month look back period.,711.952794,73,,,,,0,percent of total billed charges,73 percent of billed charges; No services were performed during the 15 month look back period.,711.952794,73,,,,,0,percent of total billed charges,73 percent of billed charges; No services were performed during the 15 month look back period.,711.952794,73,,,,,0,percent of total billed charges,73 percent of billed charges; No services were performed during the 15 month look back period.,711.952794,73,,,,,0,percent of total billed charges,73 percent of billed charges; No services were performed during the 15 month look back period.,780.22224,80,,,,,0,percent of total billed charges,80 percent of billed charges; No services were performed during the 15 month look back period.,780.22224,80,,655,655,655,1 through 10,percent of total billed charges,80 percent of billed charges,466.605,,,,,,,Fee Schedule,"450 % 2018 Cigna RBRVS fee schedule. ",438.87501,45,,,,,0,percent of total billed charges,45 percent of billed charges; No services were performed during the 15 month look back period.,,,,,,,,Fee Schedule,"100 % Zero Pay Code. ",438.87501,45,,,,,0,percent of total billed charges,45 percent of billed charges; No services were performed during the 15 month look back period.,760.716684,78,,,,,0,percent of total billed charges,78% of Billed Charges. Lesser of 100% of billed charges applies.; No services were performed during the 15 month look back period.,780.22224,80,,,,,0,percent of total billed charges,80 percent of billed charges; No services were performed during the 15 month look back period.,438.87501,45,,,,,0,percent of total billed charges,45 percent of billed charges; No services were performed during the 15 month look back period.,,,,,,,,Fee Schedule,"100 % Zero Pay Code. ",466.605,,,,,,,Fee Schedule,"450 % 2018 Cigna RBRVS fee schedule. ",,,,,,,,,"NA. ",760.716684,78,,,,,0,percent of total billed charges,78% of Billed Charges. Lesser of 100% of billed charges applies.; No services were performed during the 15 month look back period.,28.97704,,,,,,,Case Rate,"100 Percent of Medicaid APG. ",711.952794,73,,,,,0,percent of total billed charges,73 percent of billed charges; No services were performed during the 15 month look back period.,28.97704,,,,,,,Case Rate,"100 Percent of Medicaid APG. Not APG payable, or payable under another fee schedule like ASP/AWP pays at 30% of charges",,,,,,,,Other,"Not Payable. ",,,,,,,,Other,"Not Payable. ",487.6389,50,,,,,0,percent of total billed charges,50 percent of billed charges; No services were performed during the 15 month look back period.,,,,,,,,Other,"Not Payable. ",,,,,,,,Other,"Not Payable. ",28.97704,,,,,,,Case Rate,"100 Percent of Medicaid APG. ",,,,,,,,Other,"Not Payable. ",,,,,,,,Other,"Not Payable. ",585.16668,60,,,,,0,percent of total billed charges,60 percent of billed charges; No services were performed during the 15 month look back period.,585.16668,60,,,,,0,percent of total billed charges,60 percent of billed charges; No services were performed during the 15 month look back period.,,,,,,,,Other,"Not Payable. ",466.605,,,,,,,Fee Schedule,"450 % 2018 Cigna RBRVS fee schedule. ",,,,,,,,Fee Schedule,"100 % Zero Pay Code. ",,,,,,,,Fee Schedule,"100 % Zero Pay Code. ",,,,,,,,Other,"Not Payable. ",466.605,,,,,,,Fee Schedule,"450 % 2018 Cigna RBRVS fee schedule. ",585.16668,60,,,,,0,percent of total billed charges,60 percent of billed charges; No services were performed during the 15 month look back period.,585.16668,60,,432.88,432.88,432.88,1 through 10,percent of total billed charges,60 percent of billed charges,585.16668,60,,,,,0,percent of total billed charges,60 percent of billed charges; No services were performed during the 15 month look back period.,760.716684,78,,,,,0,percent of total billed charges,78% of Billed Charges. Lesser of 100% of billed charges applies.; No services were performed during the 15 month look back period.,760.716684,78,,,,,0,percent of total billed charges,78% of Billed Charges. Lesser of 100% of billed charges applies.; No services were performed during the 15 month look back period.,760.716684,78,,,,,0,percent of total billed charges,78% of Billed Charges. Lesser of 100% of billed charges applies.; No services were performed during the 15 month look back period.,760.716684,78,,,,,0,percent of total billed charges,78% of Billed Charges. Lesser of 100% of billed charges applies.; No services were performed during the 15 month look back period.,760.716684,78,,,,,0,percent of total billed charges,78% of Billed Charges. Lesser of 100% of billed charges applies.; No services were performed during the 15 month look back period.,760.716684,78,,,,,0,percent of total billed charges,78% of Billed Charges. Lesser of 100% of billed charges applies.; No services were performed during the 15 month look back period.,760.716684,78,,,,,0,percent of total billed charges,78% of Billed Charges. Lesser of 100% of billed charges applies.; No services were performed during the 15 month look back period.,760.716684,78,,,,,0,percent of total billed charges,78% of Billed Charges. Lesser of 100% of billed charges applies.; No services were performed during the 15 month look back period.,760.716684,78,,,,,0,percent of total billed charges,78% of Billed Charges. Lesser of 100% of billed charges applies.; No services were performed during the 15 month look back period.,760.716684,78,,,,,0,percent of total billed charges,78% of Billed Charges. Lesser of 100% of billed charges applies.; No services were performed during the 15 month look back period.,760.716684,78,,,,,0,percent of total billed charges,78% of Billed Charges. Lesser of 100% of billed charges applies.; No services were performed during the 15 month look back period.,780.22224,80,,655,511.38,655,21,percent of total billed charges,80 percent of billed charges,438.87501,45,,655,655,655,32,percent of total billed charges,45 percent of billed charges,466.605,,,,,,,Fee Schedule,"450 % 2018 Cigna RBRVS fee schedule. ",,,,,,,,Other,"Not Payable. ",585.16668,60,,,,,0,percent of total billed charges,60 percent of billed charges; No services were performed during the 15 month look back period.,466.605,,,,,,,Fee Schedule,"450 % 2018 Cigna RBRVS fee schedule. ",466.605,,,,,,,Fee Schedule,"450 % 2018 Cigna RBRVS fee schedule. ",760.716684,78,,,,,0,percent of total billed charges,78% of Billed Charges. Lesser of 100% of billed charges applies.; No services were performed during the 15 month look back period.,62.010865,,,,,,,Case Rate,"214 Percent of Medicaid APG. Drugs not priced under APG, billed with revenue code 636 and not priced by Medicare ASP FeeSched will be reimbursed at 20% of charges.",466.605,,,,,,,Fee Schedule,"450 % 2018 Cigna RBRVS fee schedule. ",28.97704,,,,,,,Case Rate,"100 Percent of Medicaid APG. ",,,,,,,,Other,"Not Payable. ",,,,,,,,Other,"Not Payable. ",,,,,,,,Other,"Not Payable. ",,,,,,,,Other,"Not Payable. ",,,,,,,,Other,"Not Payable. ",,,,,,,,Other,"Not Payable. ",466.605,,,,,,,Fee Schedule,"450 % 2018 Cigna RBRVS fee schedule. ",487.6389,50,,,,,0,percent of total billed charges,50 percent of billed charges; No services were performed during the 15 month look back period.,9.752778,1,,,,,0,percent of total billed charges,NA. ; No services were performed during the 15 month look back period.,9.752778,1,,,,,0,percent of total billed charges,NA. ; No services were performed during the 15 month look back period.,9.752778,1,,360.73,360.73,655,1 through 10,percent of total billed charges,"NA. ",9.752778,1,,,,,0,percent of total billed charges,NA. ; No services were performed during the 15 month look back period.,9.752778,1,,,,,0,percent of total billed charges,NA. ; No services were performed during the 15 month look back period.,,,,,,,,,"NA. ",487.6389,50,,,,,0,percent of total billed charges,50 percent of billed charges; No services were performed during the 15 month look back period.,,,,,,,,Fee Schedule,"Not Payable. ",,,,,,,,Fee Schedule,"Not Payable. ",,,,,,,,Fee Schedule,"Not Payable. ",,,,,,,,Fee Schedule,"Not Payable. ",,,,,,,,Fee Schedule,"Not Payable. ",,,,,,,,Other,"Not Payable. ",780.22224,80,,,,,0,percent of total billed charges,80 percent of billed charges; No services were performed during the 15 month look back period.,780.22224,80,,,,,0,percent of total billed charges,80 percent of billed charges; No services were performed during the 15 month look back period.,780.22224,80,,,,,0,percent of total billed charges,80 percent of billed charges; No services were performed during the 15 month look back period.,780.22224,80,,,,,0,percent of total billed charges,80 percent of billed charges; No services were performed during the 15 month look back period.,585.16668,60,,,,,0,percent of total billed charges,60 percent of billed charges; No services were performed during the 15 month look back period.,585.16668,60,,,,,0,percent of total billed charges,60 percent of billed charges; No services were performed during the 15 month look back period.,585.16668,60,,,,,0,percent of total billed charges,60 percent of billed charges; No services were performed during the 15 month look back period.,585.16668,60,,,,,0,percent of total billed charges,60 percent of billed charges; No services were performed during the 15 month look back period.,487.6389,50,,,,,0,percent of total billed charges,50 percent of billed charges; No services were performed during the 15 month look back period.,487.6389,50,,,,,0,percent of total billed charges,50 percent of billed charges; No services were performed during the 15 month look back period.,,,,,,,,Other,"Not Payable. ",,,,,,,,Other,"Not Payable. ",,,,,,,,Other,"Not Payable. ",438.87501,45,,,,,0,percent of total billed charges,45 percent of billed charges; No services were performed during the 15 month look back period.,438.87501,45,,,,,0,percent of total billed charges,45 percent of billed charges; No services were performed during the 15 month look back period.,438.87501,45,,,,,0,percent of total billed charges,45 percent of billed charges; No services were performed during the 15 month look back period.,487.6389,50,,,,,0,percent of total billed charges,50 percent of billed charges; No services were performed during the 15 month look back period.,585.16668,60,,,,,0,percent of total billed charges,60 percent of billed charges; No services were performed during the 15 month look back period.,,,,,,,,Other,"Not Payable. ",438.87501,45,,,,,0,percent of total billed charges,45 percent of billed charges; No services were performed during the 15 month look back period.,28.97704,,,,,,,Case Rate,"100 Percent of Medicaid APG. ",,,,,,,,Other,"Not Payable. ",,,,,,,,Other,"Not Payable. ",,,,,,,,Other,"Not Payable. ",,,,,,,,Fee schedule,"90 Percent of Medicare RBRVS. ",65.19834,,,,,,,Fee Schedule,225% of NYS APG. Lesser of 100% of billed charges applies.,65.19834,,,,,,,Fee Schedule,225% of NYS APG. Lesser of 100% of billed charges applies.,65.19834,,,,,,,Fee Schedule,225% of NYS APG. Lesser of 100% of billed charges applies.,65.19834,,,,,,,Fee Schedule,225% of NYS APG. Lesser of 100% of billed charges applies.,65.19834,,,,,,,Fee Schedule,225% of NYS APG. Lesser of 100% of billed charges applies.,,,,,,,,Other,"Not Payable. ",28.97704,,,,,,,Case Rate,"100 Percent of Medicaid APG. ",,,,,,,,Fee Schedule,"Not payable. ",65.19834,,,,,,,Fee Schedule,225% of NYS APG. Lesser of 100% of billed charges applies.,65.19834,,,,,,,Fee Schedule,225% of NYS APG. Lesser of 100% of billed charges applies.,,,,,,,,Fee Schedule,"Not payable. ",,,,,,,,Fee Schedule,"Not payable. ",9.752778,1,,,,,0,percent of total billed charges,NA. ; No services were performed during the 15 month look back period.,,,,,,,,Other,"Not Payable. ",,,,,,,,Other,"Not Payable. ",585.16668,60,,,,,0,percent of total billed charges,60 percent of billed charges; No services were performed during the 15 month look back period.,,,,,,,,Other,"Not Payable. ",65.19834,,,,,,,Fee Schedule,"225 Percent of Medicaid APG. ",65.19834,,,,,,,Fee Schedule,"225 Percent of Medicaid APG. ",,,,,,,,Fee schedule,"90 Percent of Medicare RBRVS. ",,,,,,,,Fee schedule,"90 Percent of Medicare RBRVS. ",65.19834,,,,,,,Case Rate,225 Percent of Medicaid APG. Covered services not payable under Medicaid Fee Schedules default to a payment of 87.5 percent of charges.,9.752778,1,,,,,0,percent of total billed charges,NA. Covered services not payable under Medicaid Fee Schedules default to a payment of 50 percent of charges.; No services were performed during the 15 month look back period.,65.19834,,,,,,,Case Rate,"100 Percent of Medicaid APG. ",65.19834,,,,,,,Case Rate,"100 Percent of Medicaid APG. ",65.19834,,,,,,,Case Rate,"100 Percent of Medicaid APG. ",65.19834,,,,,,,Case Rate,"100 Percent of Medicaid APG. ",438.87501,45,,,,,0,percent of total billed charges,45 percent of billed charges; No services were performed during the 15 month look back period.,487.6389,50,,,,,0,percent of total billed charges,50 percent of billed charges; No services were performed during the 15 month look back period.,34.772448,,,,,,,Case Rate,"120 Percent of Medicaid APG. Not APG payable, or payable under another fee schedule like ASP/AWP pays at 30% of charges",34.772448,,,,,,,Case Rate,"120 Percent of Medicaid APG. Not APG payable, or payable under another fee schedule like ASP/AWP pays at 30% of charges",28.97704,,,,,,,Case Rate,"100 Percent of Medicaid APG. Not APG payable, or payable under another fee schedule like ASP/AWP pays at 30% of charges",28.97704,,,,,,,Case Rate,"100 Percent of Medicaid APG. Not APG payable, or payable under another fee schedule like ASP/AWP pays at 30% of charges",438.87501,45,,,,,0,percent of total billed charges,45 percent of billed charges; No services were performed during the 15 month look back period.,438.87501,45,,,,,0,percent of total billed charges,45 percent of billed charges; No services were performed during the 15 month look back period.,,,,,,,,Other,"Not Payable. ",438.87501,45,,125.97,125.97,125.97,1 through 10,percent of total billed charges,45 percent of billed charges,438.87501,45,,1310,655,1310,15,percent of total billed charges,45 percent of billed charges,438.87501,45,,,,,0,percent of total billed charges,45 percent of billed charges; No services were performed during the 15 month look back period.,438.87501,45,,1310,243.85,1310,1 through 10,percent of total billed charges,45 percent of billed charges,,,,,,,,Other,"Not Payable. ",438.87501,45,,,,,0,percent of total billed charges,45 percent of billed charges; No services were performed during the 15 month look back period.,438.87501,45,,,,,0,percent of total billed charges,45 percent of billed charges; No services were performed during the 15 month look back period.,585.16668,60,,,,,0,percent of total billed charges,60 percent of billed charges; No services were performed during the 15 month look back period.,,,,,,,,Fee Schedule,100% of RBRVS. Lesser of 100% of billed charges applies.,9.752778,1,,,,,0,percent of total billed charges,NA. Covered services not payable under Medicaid Fee Schedules default to a payment of 50 percent of charges.; No services were performed during the 15 month look back period.,65.19834,,,,,,,Fee Schedule,225% of NYS APG. Lesser of 100% of billed charges applies.,65.19834,,,,,,,Case Rate,225 Percent of Medicaid APG. Covered services not payable under Medicaid Fee Schedules default to a payment of 87.5 percent of charges.,9.752778,1,,164.82,164.82,164.82,1 through 10,percent of total billed charges,NA. Covered services not payable under Medicaid Fee Schedules default to a payment of 50 percent of charges.,65.19834,,,,,,,Fee Schedule,225% of NYS APG. Lesser of 100% of billed charges applies.,65.19834,,,,,,,Fee Schedule,225% of NYS APG. Lesser of 100% of billed charges applies.,65.19834,,,,,,,Fee Schedule,225% of NYS APG. Lesser of 100% of billed charges applies.,65.19834,,,,,,,Fee Schedule,225% of NYS APG. Lesser of 100% of billed charges applies.,65.19834,,,,,,,Fee Schedule,225% of NYS APG. Lesser of 100% of billed charges applies.,65.19834,,,,,,,Fee Schedule,225% of NYS APG. Lesser of 100% of billed charges applies.,,,,,,,,,"NA. ",,,,,,,,,"NA. ",,,,,,,,,"NA. ",466.605,,,,,,,Fee Schedule,"450 % 2018 Cigna RBRVS fee schedule. ",,,,,,,,,"NA. ",,,,,,,,Other,"Not Payable. ",128.99,,,,,,,Fee Schedule,"100 % 1199 Fee Schedule. ",,,,,,,,Other,"Not Payable. ",,,,,,,,Other,"Not Payable. ",34.772448,,,,,,,Case Rate,"120 Percent of Medicaid APG. Not APG payable, or payable under another fee schedule like ASP/AWP pays at 30% of charges",34.772448,,,,,,,Case Rate,"120 Percent of Medicaid APG. Not APG payable, or payable under another fee schedule like ASP/AWP pays at 30% of charges",28.97704,,,,,,,Case Rate,"100 Percent of Medicaid APG. Not APG payable, or payable under another fee schedule like ASP/AWP pays at 30% of charges",28.97704,,,,,,,Case Rate,"100 Percent of Medicaid APG. Not APG payable, or payable under another fee schedule like ASP/AWP pays at 30% of charges",28.97704,,,,,,,Case Rate,"100 Percent of Medicaid APG. ",711.952794,73,,,,,0,percent of total billed charges,73 percent of billed charges; No services were performed during the 15 month look back period.,585.16668,60,,,,,0,percent of total billed charges,60 percent of billed charges; No services were performed during the 15 month look back period.,711.952794,73,,,,,0,percent of total billed charges,73 percent of billed charges; No services were performed during the 15 month look back period.,466.605,,,,,,,Fee Schedule,"450 % 2018 Cigna RBRVS fee schedule. ",,,,,,,,Other,"Not Payable. ",,,,,,,,Other,"Not Payable. ",,,,,,,,Other,"Not Payable. ",,,,,,,,Other,"Not Payable. ",,,,,,,,Other,"Not Payable. ",,,,,,,,Other,"Not Payable. ",,,,,,,,,"NA. ",65.19834,,,,,,,Fee Schedule,225% of NYS APG. Lesser of 100% of billed charges applies.,,,,,,,,Fee Schedule,"Not payable. ",438.87501,45,,,,,0,percent of total billed charges,45 percent of billed charges; No services were performed during the 15 month look back period.,711.952794,73,,,,,0,percent of total billed charges,73 percent of billed charges; No services were performed during the 15 month look back period.,711.952794,73,,,,,0,percent of total billed charges,73 percent of billed charges; No services were performed during the 15 month look back period.,711.952794,73,,,,,0,percent of total billed charges,73 percent of billed charges; No services were performed during the 15 month look back period.,711.952794,73,,,,,0,percent of total billed charges,73 percent of billed charges; No services were performed during the 15 month look back period.,,,,,,,,Other,"Not Payable. ",28.97704,,,,,,,Case Rate,"100 Percent of Medicaid APG. ",438.87501,45,,,,,0,percent of total billed charges,45 percent of billed charges; No services were performed during the 15 month look back period.,28.97704,,,,,,,Case Rate,"100 Percent of Medicaid APG. ",,,,,,,,Other,"Not Payable. ",28.97704,,,,,,,Case Rate,"100 Percent of Medicaid APG. ",,,,,,,,Other,"Not Payable. ",,,,,,,,Other,"Not Payable. ",28.97704,,,,,,,Case Rate,"100 Percent of Medicaid APG. ",28.97704,,,,,,,Case Rate,"100 Percent of Medicaid APG. ",711.952794,73,,,,,0,percent of total billed charges,73 percent of billed charges; No services were performed during the 15 month look back period.,466.605,,,,,,,Fee Schedule,"450 % 2018 Cigna RBRVS fee schedule. ",760.716684,78,,,,,0,percent of total billed charges,78% of Billed Charges. Lesser of 100% of billed charges applies.; No services were performed during the 15 month look back period.,,,,,,,,Fee Schedule,"100 % Zero Pay Code. ",,,,,,,,Fee Schedule,"100 % Zero Pay Code. ",585.16668,60,,,,,0,percent of total billed charges,60 percent of billed charges; No services were performed during the 15 month look back period.,,,,,,,,Other,"Not Payable. ",780.22224,80,,,,,0,percent of total billed charges,80 percent of billed charges; No services were performed during the 15 month look back period.,780.22224,80,,,,,0,percent of total billed charges,80 percent of billed charges; No services were performed during the 15 month look back period.,351.100008,36,,,,,0,percent of total billed charges,36 percent of billed charges; No services were performed during the 15 month look back period.,351.100008,36,,,,,0,percent of total billed charges,36 percent of billed charges; No services were performed during the 15 month look back period.,,,,,,,,Other,"Not Payable. ",,,,,,,,Other,"Not Payable. ",,,,,,,,Other,"Not Payable. ",,,,,,,,Other,"Not Payable. ",,,,,,,,Fee Schedule,"100 % Zero Pay Code. ",438.87501,45,,,,,0,percent of total billed charges,45 percent of billed charges; No services were performed during the 15 month look back period.,438.87501,45,,,,,0,percent of total billed charges,45 percent of billed charges; No services were performed during the 15 month look back period.,,,,,,,,Other,"Not Payable. ",351.100008,36,,,,,0,percent of total billed charges,36 percent of billed charges; No services were performed during the 15 month look back period.,711.952794,73,,,,,0,percent of total billed charges,73 percent of billed charges; No services were performed during the 15 month look back period.,34.772448,,,,,,,Fee Schedule,"120 Percent of Medicaid APG. ",28.97704,,,,,,,Case Rate,"100 Percent of Medicaid APG. ",711.952794,73,,,,,0,percent of total billed charges,73 percent of billed charges; No services were performed during the 15 month look back period.,394.987509,40.5,,,,,0,percent of total billed charges,40.5 percent of billed charges; No services were performed during the 15 month look back period.,394.987509,40.5,,655,386.45,655,1 through 10,percent of total billed charges,40.5 percent of billed charges,438.87501,45,,,,,0,percent of total billed charges,45 percent of billed charges; No services were performed during the 15 month look back period.,487.6389,50,,,,,0,percent of total billed charges,50 percent of billed charges; No services were performed during the 15 month look back period.,,,,,,,,Other,"Not Payable. ",30.425892,,,,,,,Fee Schedule,105 percent of Medicaid APG. otherwise 105% of Ordered NYS MCD FS or 105% of ASP+6%,30.425892,,,,,,,Fee Schedule,105 percent of Medicaid APG. otherwise 105% of Ordered NYS MCD FS or 105% of ASP+6%,30.425892,,,,,,,Fee Schedule,105 percent of Medicaid APG. otherwise 105% of Ordered NYS MCD FS or 105% of ASP+6%,39.119004,,,,,,,Fee Schedule,135 percent of Medicaid APG. otherwise 135% of Ordered NYS MCD FS or 135% of ASP+6%,,,,,,,,Fee Schedule,"100 % Zero Pay Code. ",30.425892,,,,,,,Fee Schedule,105 percent of Medicaid APG. otherwise 105% of Ordered NYS MCD FS or 105% of ASP+6%,30.425892,,,,,,,Fee Schedule,105 percent of Medicaid APG. otherwise 105% of Ordered NYS MCD FS or 105% of ASP+6%,30.425892,,,,,,,Fee Schedule,105 percent of Medicaid APG. otherwise 105% of Ordered NYS MCD FS or 105% of ASP+6%,30.425892,,,,,,,Fee Schedule,105 percent of Medicaid APG. otherwise 105% of Ordered NYS MCD FS or 105% of ASP+6%,30.425892,,,,,,,Fee Schedule,105 percent of Medicaid APG. otherwise 105% of Ordered NYS MCD FS or 105% of ASP+6%,39.119004,,,,,,,Fee Schedule,135 percent of Medicaid APG. otherwise 135% of Ordered NYS MCD FS or 135% of ASP+6%,39.119004,,,,,,,Fee Schedule,135 percent of Medicaid APG. otherwise 135% of Ordered NYS MCD FS or 135% of ASP+6%,,,,,,,,Other,"Not Payable. ",,,,,,,,Fee Schedule,"100 % Zero Pay Code. ",,,,,,,,Other,"Not Payable. ",30.425892,,,,,,,Fee Schedule,105 percent of Medicaid APG. otherwise 105% of Ordered NYS MCD FS or 105% of ASP+6%,438.87501,45,,,,,0,percent of total billed charges,45 percent of billed charges; No services were performed during the 15 month look back period.,,,,,,,,Other,"Not Payable. ",438.87501,45,,,,,0,percent of total billed charges,45 percent of billed charges; No services were performed during the 15 month look back period.,438.87501,45,,,,,0,percent of total billed charges,45 percent of billed charges; No services were performed during the 15 month look back period.,438.87501,45,,,,,0,percent of total billed charges,45 percent of billed charges; No services were performed during the 15 month look back period.,30.425892,,,,,,,Fee Schedule,105 percent of Medicaid APG. otherwise 105% of Ordered NYS MCD FS or 105% of ASP+6%,,,,,,,,Other,"Not Payable. ",438.87501,45,,,,,0,percent of total billed charges,45 percent of billed charges; No services were performed during the 15 month look back period.,39.119004,,,,,,,Fee Schedule,135 percent of Medicaid APG. otherwise 135% of Ordered NYS MCD FS or 135% of ASP+6%,438.87501,45,,,,,0,percent of total billed charges,45 percent of billed charges; No services were performed during the 15 month look back period.,,,,,,,,Other,"Not Payable. ",,,,,,,,Other,"Not Payable. ",711.952794,73,,,,,0,percent of total billed charges,73 percent of billed charges; No services were performed during the 15 month look back period.,711.952794,73,,,,,0,percent of total billed charges,73 percent of billed charges; No services were performed during the 15 month look back period.,711.952794,73,,,,,0,percent of total billed charges,73 percent of billed charges; No services were performed during the 15 month look back period.,711.952794,73,,,,,0,percent of total billed charges,73 percent of billed charges; No services were performed during the 15 month look back period.,711.952794,73,,,,,0,percent of total billed charges,73 percent of billed charges; No services were performed during the 15 month look back period.,711.952794,73,,,,,0,percent of total billed charges,73 percent of billed charges; No services were performed during the 15 month look back period.,711.952794,73,,,,,0,percent of total billed charges,73 percent of billed charges; No services were performed during the 15 month look back period.,711.952794,73,,,,,0,percent of total billed charges,73 percent of billed charges; No services were performed during the 15 month look back period.,711.952794,73,,,,,0,percent of total billed charges,73 percent of billed charges; No services were performed during the 15 month look back period.,711.952794,73,,,,,0,percent of total billed charges,73 percent of billed charges; No services were performed during the 15 month look back period.,711.952794,73,,,,,0,percent of total billed charges,73 percent of billed charges; No services were performed during the 15 month look back period.,711.952794,73,,,,,0,percent of total billed charges,73 percent of billed charges; No services were performed during the 15 month look back period.,,,,,,,,Other,"Not Payable. ",711.952794,73,,,,,0,percent of total billed charges,73 percent of billed charges; No services were performed during the 15 month look back period.,,,,,,,,Other,"Not Payable. ",65.19834,,,,,,,Case Rate,"225 Percent of Medicaid APG. If not included in Medicaid APG, then 100 Percent of Manhattan Medicare",28.97704,,,,,,,Case Rate,"100 Percent of Medicaid APG. ",,,,,,,,Fee Schedule,"100 % Zero Pay Code. ",,,,,,,,Fee Schedule,"100 % Zero Pay Code. ",,,,,,,,Other,"Not Payable. ",780.22224,80,,,,,0,percent of total billed charges,80 percent of billed charges; No services were performed during the 15 month look back period.,,,,,,,,Other,"Not Payable. ",,,,,,,,Other,"Not Payable. ",585.16668,60,,,,,0,percent of total billed charges,60 percent of billed charges; No services were performed during the 15 month look back period.,,,,,,,,Other,"Not Payable. ",466.605,,,,,,,Fee Schedule,"450 % 2018 Cigna RBRVS fee schedule. ",,,,,,,,Other,"Not Payable. ",466.605,,,,,,,Fee Schedule,"450 % 2018 Cigna RBRVS fee schedule. ",585.16668,60,,,,,0,percent of total billed charges,60 percent of billed charges; No services were performed during the 15 month look back period.,466.605,,,,,,,Fee Schedule,"450 % 2018 Cigna RBRVS fee schedule. ",,,,,,,,Other,"Not Payable. ",28.97704,,,,,,,Case Rate,"100 Percent of Medicaid APG. ",,,,,,,,Other,"Not Payable. ",466.605,,,,,,,Fee Schedule,"450 % 2018 Cigna RBRVS fee schedule. ",,,,,,,,Fee Schedule,"100 % Zero Pay Code. ",28.97704,,,,,,,Case Rate,"100 Percent of Medicaid APG. ",438.87501,45,,360.73,360.73,360.73,1 through 10,percent of total billed charges,45 percent of billed charges,34.772448,,,,,,,Fee Schedule,"120 Percent of Medicaid APG. ",34.772448,,,,,,,Fee Schedule,"120 Percent of Medicaid APG. ",438.87501,45,,,,,0,percent of total billed charges,45 percent of billed charges; No services were performed during the 15 month look back period.,438.87501,45,,,,,0,percent of total billed charges,45 percent of billed charges; No services were performed during the 15 month look back period.,438.87501,45,,,,,0,percent of total billed charges,45 percent of billed charges; No services were performed during the 15 month look back period.,,,,,,,,Fee Schedule,"100 % Zero Pay Code. ",438.87501,45,,,,,0,percent of total billed charges,45 percent of billed charges; No services were performed during the 15 month look back period.,438.87501,45,,,,,0,percent of total billed charges,45 percent of billed charges; No services were performed during the 15 month look back period.,438.87501,45,,,,,0,percent of total billed charges,45 percent of billed charges; No services were performed during the 15 month look back period.,711.952794,73,,,,,0,percent of total billed charges,73 percent of billed charges; No services were performed during the 15 month look back period.,711.952794,73,,,,,0,percent of total billed charges,73 percent of billed charges; No services were performed during the 15 month look back period.,,,,,,,,Fee Schedule,"Not Payable. ",28.97704,,,,,,,Case Rate,"100 Percent of Medicaid APG. ",,,,,,,,Fee Schedule,"100 % Zero Pay Code. ",466.605,,,,,,,Fee Schedule,"450 % 2018 Cigna RBRVS fee schedule. ",585.16668,60,,,,,0,percent of total billed charges,60 percent of billed charges; No services were performed during the 15 month look back period.,,,,,,,,Fee Schedule,"100 % Zero Pay Code. ",585.16668,60,,,,,0,percent of total billed charges,60 percent of billed charges; No services were performed during the 15 month look back period.,,,,,,,,Fee Schedule,"100 % Zero Pay Code. ",438.87501,45,,,,,0,percent of total billed charges,45 percent of billed charges; No services were performed during the 15 month look back period.,438.87501,45,,,,,0,percent of total billed charges,45 percent of billed charges; No services were performed during the 15 month look back period.,438.87501,45,,,,,0,percent of total billed charges,45 percent of billed charges; No services were performed during the 15 month look back period.,438.87501,45,,,,,0,percent of total billed charges,45 percent of billed charges; No services were performed during the 15 month look back period.,,,,,,,,Other,"Not Payable. ",9.752778,975.2778,
90702,CPT,5010003,LOCAL,636,RC,DT VACCINE UNDER 7 YRS IM,288.729,54.85851,Outpatient,ML,0.5,,42.65,,,,,,,Fee Schedule,"100 % 1199 Fee Schedule. ",42.65,,,,,,,Fee Schedule,"100 % 1199 Fee Schedule. ",173.2374,60,,,,,0,percent of total billed charges,60 percent of billed charges; No services were performed during the 15 month look back period.,288.729,100,,,,,0,percent of total billed charges,100 percent of billed charges; No services were performed during the 15 month look back period.,,,,,,,,Other,"Not Payable. ",173.2374,60,,,,,0,percent of total billed charges,60 percent of billed charges; No services were performed during the 15 month look back period.,173.2374,60,,,,,0,percent of total billed charges,60 percent of billed charges; No services were performed during the 15 month look back period.,173.2374,60,,,,,0,percent of total billed charges,60 percent of billed charges; No services were performed during the 15 month look back period.,34.772448,,,,,,,Case Rate,"100 Percent of Medicaid APG. ",28.97704,,,,,,,Case Rate,"100 Percent of Medicaid APG. ",225.20862,78,,,,,0,percent of total billed charges,78 percent of billed charges; No services were performed during the 15 month look back period.,,,,,,,,Fee Schedule,"100 % Zero Pay Code. ",28.97704,,,,,,,Case Rate,"100 Percent of Medicaid APG. ",,,,,,,,Other,"Not Payable. ",262.44,,,,,,,Fee Schedule,"450 % 2018 Cigna RBRVS fee schedule. ",262.44,,,,,,,Fee Schedule,"450 % 2018 Cigna RBRVS fee schedule. ",262.44,,,,,,,Fee Schedule,"450 % 2018 Cigna RBRVS fee schedule. ",262.44,,,,,,,Fee Schedule,"450 % 2018 Cigna RBRVS fee schedule. ",2.88729,1,,,,,0,percent of total billed charges,NA. Covered services not payable under Medicaid Fee Schedules default to a payment of 50 percent of charges.; No services were performed during the 15 month look back period.,,,,,,,,Other,"Not Payable. ",2.88729,1,,,,,0,percent of total billed charges,NA. Covered services not payable under Medicaid Fee Schedules default to a payment of 50 percent of charges.; No services were performed during the 15 month look back period.,225.20862,78,,,,,0,percent of total billed charges,78 percent of billed charges; No services were performed during the 15 month look back period.,173.2374,60,,,,,0,percent of total billed charges,60 percent of billed charges; No services were performed during the 15 month look back period.,,,,,,,,Other,"Not Payable. ",210.77217,73,,,,,0,percent of total billed charges,73 percent of billed charges; No services were performed during the 15 month look back period.,,,,,,,,Other,"Not Payable. ",,,,,,,,Other,"Not Payable. ",225.20862,78,,,,,0,percent of total billed charges,78 percent of billed charges; No services were performed during the 15 month look back period.,,,,,,,,Fee Schedule,"Not payable. ",,,,,,,,Fee Schedule,"Not payable. ",93.53704,,,,,,,Case rate,"35 Percent of Charges. ",93.53704,,,,,,,Case rate,"35 Percent of Charges. ",210.77217,73,,,,,0,percent of total billed charges,73 percent of billed charges; No services were performed during the 15 month look back period.,210.77217,73,,,,,0,percent of total billed charges,73 percent of billed charges; No services were performed during the 15 month look back period.,28.97704,,,,,,,Case Rate,"100 Percent of Medicaid APG. Not APG payable, or payable under another fee schedule like ASP/AWP pays at 30% of charges",210.77217,73,,,,,0,percent of total billed charges,73 percent of billed charges; No services were performed during the 15 month look back period.,28.97704,,,,,,,Case Rate,"100 Percent of Medicaid APG. Not APG payable, or payable under another fee schedule like ASP/AWP pays at 30% of charges",,,,,,,,Other,"Not Payable. ",210.77217,73,,,,,0,percent of total billed charges,73 percent of billed charges; No services were performed during the 15 month look back period.,225.20862,78,,,,,0,percent of total billed charges,78 percent of billed charges; No services were performed during the 15 month look back period.,28.97704,,,,,,,Case Rate,"100 Percent of Medicaid APG. ",28.97704,,,,,,,Case Rate,"100 Percent of Medicaid APG. ",225.20862,78,,,,,0,percent of total billed charges,78 percent of billed charges; No services were performed during the 15 month look back period.,262.44,,,,,,,Fee Schedule,"450 % 2018 Cigna RBRVS fee schedule. ",,,,,,,,Fee Schedule,"100 % Zero Pay Code. ",,,,,,,,Fee Schedule,"100 % Zero Pay Code. ",225.20862,78,,,,,0,percent of total billed charges,78 percent of billed charges; No services were performed during the 15 month look back period.,,,,,,,,Other,"Not Payable. ",,,,,,,,Fee Schedule,"100 % Zero Pay Code. ",,,,,,,,Fee Schedule,"100 % Zero Pay Code. ",,,,,,,,Fee Schedule,"100 % Zero Pay Code. ",,,,,,,,Other,"Not Payable. ",,,,,,,,Fee Schedule,"100 % Zero Pay Code. ",,,,,,,,Fee Schedule,"100 % Zero Pay Code. ",,,,,,,,Other,"Not Payable. ",144.3645,50,,,,,0,percent of total billed charges,50 percent of billed charges; No services were performed during the 15 month look back period.,129.92805,45,,,,,0,percent of total billed charges,45 percent of billed charges; No services were performed during the 15 month look back period.,129.92805,45,,,,,0,percent of total billed charges,45 percent of billed charges; No services were performed during the 15 month look back period.,129.92805,45,,,,,0,percent of total billed charges,45 percent of billed charges; No services were performed during the 15 month look back period.,129.92805,45,,,,,0,percent of total billed charges,45 percent of billed charges; No services were performed during the 15 month look back period.,129.92805,45,,,,,0,percent of total billed charges,45 percent of billed charges; No services were performed during the 15 month look back period.,129.92805,45,,,,,0,percent of total billed charges,45 percent of billed charges; No services were performed during the 15 month look back period.,,,,,,,,Other,"Not Payable. ",,,,,,,,Other,"Not Payable. ",129.92805,45,,,,,0,percent of total billed charges,45 percent of billed charges; No services were performed during the 15 month look back period.,225.20862,78,,,,,0,percent of total billed charges,78 percent of billed charges; No services were performed during the 15 month look back period.,225.20862,78,,,,,0,percent of total billed charges,78 percent of billed charges; No services were performed during the 15 month look back period.,225.20862,78,,,,,0,percent of total billed charges,78 percent of billed charges; No services were performed during the 15 month look back period.,225.20862,78,,,,,0,percent of total billed charges,78 percent of billed charges; No services were performed during the 15 month look back period.,225.20862,78,,,,,0,percent of total billed charges,78 percent of billed charges; No services were performed during the 15 month look back period.,225.20862,78,,,,,0,percent of total billed charges,78 percent of billed charges; No services were performed during the 15 month look back period.,225.20862,78,,,,,0,percent of total billed charges,78 percent of billed charges; No services were performed during the 15 month look back period.,225.20862,78,,,,,0,percent of total billed charges,78 percent of billed charges; No services were performed during the 15 month look back period.,225.20862,78,,,,,0,percent of total billed charges,78 percent of billed charges; No services were performed during the 15 month look back period.,225.20862,78,,,,,0,percent of total billed charges,78 percent of billed charges; No services were performed during the 15 month look back period.,225.20862,78,,,,,0,percent of total billed charges,78 percent of billed charges; No services were performed during the 15 month look back period.,225.20862,78,,,,,0,percent of total billed charges,78 percent of billed charges; No services were performed during the 15 month look back period.,225.20862,78,,,,,0,percent of total billed charges,78 percent of billed charges; No services were performed during the 15 month look back period.,225.20862,78,,,,,0,percent of total billed charges,78 percent of billed charges; No services were performed during the 15 month look back period.,225.20862,78,,,,,0,percent of total billed charges,78 percent of billed charges; No services were performed during the 15 month look back period.,225.20862,78,,,,,0,percent of total billed charges,78 percent of billed charges; No services were performed during the 15 month look back period.,225.20862,78,,,,,0,percent of total billed charges,78 percent of billed charges; No services were performed during the 15 month look back period.,225.20862,78,,,,,0,percent of total billed charges,78 percent of billed charges; No services were performed during the 15 month look back period.,225.20862,78,,,,,0,percent of total billed charges,78 percent of billed charges; No services were performed during the 15 month look back period.,225.20862,78,,,,,0,percent of total billed charges,78 percent of billed charges; No services were performed during the 15 month look back period.,225.20862,78,,,,,0,percent of total billed charges,78 percent of billed charges; No services were performed during the 15 month look back period.,225.20862,78,,,,,0,percent of total billed charges,78 percent of billed charges; No services were performed during the 15 month look back period.,225.20862,78,,,,,0,percent of total billed charges,78 percent of billed charges; No services were performed during the 15 month look back period.,225.20862,78,,,,,0,percent of total billed charges,78 percent of billed charges; No services were performed during the 15 month look back period.,225.20862,78,,,,,0,percent of total billed charges,78 percent of billed charges; No services were performed during the 15 month look back period.,225.20862,78,,,,,0,percent of total billed charges,78 percent of billed charges; No services were performed during the 15 month look back period.,210.77217,73,,,,,0,percent of total billed charges,73 percent of billed charges; No services were performed during the 15 month look back period.,210.77217,73,,,,,0,percent of total billed charges,73 percent of billed charges; No services were performed during the 15 month look back period.,210.77217,73,,,,,0,percent of total billed charges,73 percent of billed charges; No services were performed during the 15 month look back period.,210.77217,73,,,,,0,percent of total billed charges,73 percent of billed charges; No services were performed during the 15 month look back period.,230.9832,80,,,,,0,percent of total billed charges,80 percent of billed charges; No services were performed during the 15 month look back period.,230.9832,80,,,,,0,percent of total billed charges,80 percent of billed charges; No services were performed during the 15 month look back period.,262.44,,,,,,,Fee Schedule,"450 % 2018 Cigna RBRVS fee schedule. ",129.92805,45,,,,,0,percent of total billed charges,45 percent of billed charges; No services were performed during the 15 month look back period.,,,,,,,,Fee Schedule,"100 % Zero Pay Code. ",129.92805,45,,,,,0,percent of total billed charges,45 percent of billed charges; No services were performed during the 15 month look back period.,225.20862,78,,,,,0,percent of total billed charges,78 percent of billed charges; No services were performed during the 15 month look back period.,230.9832,80,,,,,0,percent of total billed charges,80 percent of billed charges; No services were performed during the 15 month look back period.,129.92805,45,,,,,0,percent of total billed charges,45 percent of billed charges; No services were performed during the 15 month look back period.,,,,,,,,Fee Schedule,"100 % Zero Pay Code. ",262.44,,,,,,,Fee Schedule,"450 % 2018 Cigna RBRVS fee schedule. ",,,,,,,,,,225.20862,78,,,,,0,percent of total billed charges,78 percent of billed charges; No services were performed during the 15 month look back period.,28.97704,,,,,,,Case Rate,"100 Percent of Medicaid APG. ",210.77217,73,,,,,0,percent of total billed charges,73 percent of billed charges; No services were performed during the 15 month look back period.,28.97704,,,,,,,Case Rate,"100 Percent of Medicaid APG. Not APG payable, or payable under another fee schedule like ASP/AWP pays at 30% of charges",,,,,,,,Other,"Not Payable. ",,,,,,,,Other,"Not Payable. ",144.3645,50,,,,,0,percent of total billed charges,50 percent of billed charges; No services were performed during the 15 month look back period.,,,,,,,,Other,"Not Payable. ",,,,,,,,Other,"Not Payable. ",28.97704,,,,,,,Case Rate,"100 Percent of Medicaid APG. ",,,,,,,,Other,"Not Payable. ",,,,,,,,Other,"Not Payable. ",173.2374,60,,,,,0,percent of total billed charges,60 percent of billed charges; No services were performed during the 15 month look back period.,173.2374,60,,,,,0,percent of total billed charges,60 percent of billed charges; No services were performed during the 15 month look back period.,,,,,,,,Other,"Not Payable. ",262.44,,,,,,,Fee Schedule,"450 % 2018 Cigna RBRVS fee schedule. ",,,,,,,,Fee Schedule,"100 % Zero Pay Code. ",,,,,,,,Fee Schedule,"100 % Zero Pay Code. ",,,,,,,,Other,"Not Payable. ",262.44,,,,,,,Fee Schedule,"450 % 2018 Cigna RBRVS fee schedule. ",173.2374,60,,,,,0,percent of total billed charges,60 percent of billed charges; No services were performed during the 15 month look back period.,173.2374,60,,,,,0,percent of total billed charges,60 percent of billed charges; No services were performed during the 15 month look back period.,173.2374,60,,,,,0,percent of total billed charges,60 percent of billed charges; No services were performed during the 15 month look back period.,225.20862,78,,,,,0,percent of total billed charges,78 percent of billed charges; No services were performed during the 15 month look back period.,225.20862,78,,,,,0,percent of total billed charges,78 percent of billed charges; No services were performed during the 15 month look back period.,225.20862,78,,,,,0,percent of total billed charges,78 percent of billed charges; No services were performed during the 15 month look back period.,225.20862,78,,,,,0,percent of total billed charges,78 percent of billed charges; No services were performed during the 15 month look back period.,225.20862,78,,,,,0,percent of total billed charges,78 percent of billed charges; No services were performed during the 15 month look back period.,225.20862,78,,,,,0,percent of total billed charges,78 percent of billed charges; No services were performed during the 15 month look back period.,225.20862,78,,,,,0,percent of total billed charges,78 percent of billed charges; No services were performed during the 15 month look back period.,225.20862,78,,,,,0,percent of total billed charges,78 percent of billed charges; No services were performed during the 15 month look back period.,225.20862,78,,,,,0,percent of total billed charges,78 percent of billed charges; No services were performed during the 15 month look back period.,225.20862,78,,,,,0,percent of total billed charges,78 percent of billed charges; No services were performed during the 15 month look back period.,225.20862,78,,,,,0,percent of total billed charges,78 percent of billed charges; No services were performed during the 15 month look back period.,230.9832,80,,,,,0,percent of total billed charges,80 percent of billed charges; No services were performed during the 15 month look back period.,129.92805,45,,,,,0,percent of total billed charges,45 percent of billed charges; No services were performed during the 15 month look back period.,262.44,,,,,,,Fee Schedule,"450 % 2018 Cigna RBRVS fee schedule. ",,,,,,,,Other,"Not Payable. ",173.2374,60,,,,,0,percent of total billed charges,60 percent of billed charges; No services were performed during the 15 month look back period.,262.44,,,,,,,Fee Schedule,"450 % 2018 Cigna RBRVS fee schedule. ",262.44,,,,,,,Fee Schedule,"450 % 2018 Cigna RBRVS fee schedule. ",225.20862,78,,,,,0,percent of total billed charges,78 percent of billed charges; No services were performed during the 15 month look back period.,62.010865,,,,,,,Case Rate,"214 Percent of Medicaid APG. Drugs not priced under APG, billed with revenue code 636 and not priced by Medicare ASP FeeSched will be reimbursed at 20% of charges.",262.44,,,,,,,Fee Schedule,"450 % 2018 Cigna RBRVS fee schedule. ",28.97704,,,,,,,Case Rate,"100 Percent of Medicaid APG. ",,,,,,,,Other,"Not Payable. ",,,,,,,,Other,"Not Payable. ",,,,,,,,Other,"Not Payable. ",,,,,,,,Other,"Not Payable. ",,,,,,,,Other,"Not Payable. ",,,,,,,,Other,"Not Payable. ",262.44,,,,,,,Fee Schedule,"450 % 2018 Cigna RBRVS fee schedule. ",144.3645,50,,,,,0,percent of total billed charges,50 percent of billed charges; No services were performed during the 15 month look back period.,2.88729,1,,,,,0,percent of total billed charges,NA. ; No services were performed during the 15 month look back period.,2.88729,1,,,,,0,percent of total billed charges,NA. ; No services were performed during the 15 month look back period.,2.88729,1,,,,,0,percent of total billed charges,NA. ; No services were performed during the 15 month look back period.,2.88729,1,,,,,0,percent of total billed charges,NA. ; No services were performed during the 15 month look back period.,2.88729,1,,,,,0,percent of total billed charges,NA. ; No services were performed during the 15 month look back period.,,,,,,,,,,144.3645,50,,,,,0,percent of total billed charges,50 percent of billed charges; No services were performed during the 15 month look back period.,,,,,,,,Fee Schedule,"Not Payable. ",,,,,,,,Fee Schedule,"Not Payable. ",,,,,,,,Fee Schedule,"Not Payable. ",,,,,,,,Fee Schedule,"Not Payable. ",,,,,,,,Fee Schedule,"Not Payable. ",,,,,,,,Other,"Not Payable. ",230.9832,80,,,,,0,percent of total billed charges,80 percent of billed charges; No services were performed during the 15 month look back period.,230.9832,80,,,,,0,percent of total billed charges,80 percent of billed charges; No services were performed during the 15 month look back period.,230.9832,80,,,,,0,percent of total billed charges,80 percent of billed charges; No services were performed during the 15 month look back period.,230.9832,80,,,,,0,percent of total billed charges,80 percent of billed charges; No services were performed during the 15 month look back period.,173.2374,60,,,,,0,percent of total billed charges,60 percent of billed charges; No services were performed during the 15 month look back period.,173.2374,60,,,,,0,percent of total billed charges,60 percent of billed charges; No services were performed during the 15 month look back period.,173.2374,60,,,,,0,percent of total billed charges,60 percent of billed charges; No services were performed during the 15 month look back period.,173.2374,60,,,,,0,percent of total billed charges,60 percent of billed charges; No services were performed during the 15 month look back period.,144.3645,50,,,,,0,percent of total billed charges,50 percent of billed charges; No services were performed during the 15 month look back period.,144.3645,50,,,,,0,percent of total billed charges,50 percent of billed charges; No services were performed during the 15 month look back period.,,,,,,,,Other,"Not Payable. ",,,,,,,,Other,"Not Payable. ",,,,,,,,Other,"Not Payable. ",129.92805,45,,,,,0,percent of total billed charges,45 percent of billed charges; No services were performed during the 15 month look back period.,129.92805,45,,,,,0,percent of total billed charges,45 percent of billed charges; No services were performed during the 15 month look back period.,129.92805,45,,,,,0,percent of total billed charges,45 percent of billed charges; No services were performed during the 15 month look back period.,144.3645,50,,,,,0,percent of total billed charges,50 percent of billed charges; No services were performed during the 15 month look back period.,173.2374,60,,,,,0,percent of total billed charges,60 percent of billed charges; No services were performed during the 15 month look back period.,,,,,,,,Other,"Not Payable. ",129.92805,45,,,,,0,percent of total billed charges,45 percent of billed charges; No services were performed during the 15 month look back period.,28.97704,,,,,,,Case Rate,"100 Percent of Medicaid APG. ",,,,,,,,Other,"Not Payable. ",,,,,,,,Other,"Not Payable. ",,,,,,,,Other,"Not Payable. ",93.53704,,,,,,,Case rate,"35 Percent of Charges. ",65.19834,,,,,,,Case Rate,225% of NYS APG. Lesser of 100% of billed charges applies.,65.19834,,,,,,,Case Rate,225% of NYS APG. Lesser of 100% of billed charges applies.,65.19834,,,,,,,Case Rate,225% of NYS APG. Lesser of 100% of billed charges applies.,65.19834,,,,,,,Case Rate,225% of NYS APG. Lesser of 100% of billed charges applies.,65.19834,,,,,,,Case Rate,225% of NYS APG. Lesser of 100% of billed charges applies.,,,,,,,,Other,"Not Payable. ",28.97704,,,,,,,Case Rate,"100 Percent of Medicaid APG. ",,,,,,,,Fee Schedule,"Not payable. ",65.19834,,,,,,,Case Rate,225% of NYS APG. Lesser of 100% of billed charges applies.,65.19834,,,,,,,Case Rate,225% of NYS APG. Lesser of 100% of billed charges applies.,,,,,,,,Fee Schedule,"Not payable. ",,,,,,,,Fee Schedule,"Not payable. ",2.88729,1,,,,,0,percent of total billed charges,NA. ; No services were performed during the 15 month look back period.,,,,,,,,Other,"Not Payable. ",,,,,,,,Other,"Not Payable. ",173.2374,60,,,,,0,percent of total billed charges,60 percent of billed charges; No services were performed during the 15 month look back period.,,,,,,,,Other,"Not Payable. ",65.19834,,,,,,,Case Rate,"225 Percent of Medicaid APG. ",65.19834,,,,,,,Case Rate,"225 Percent of Medicaid APG. ",93.53704,,,,,,,Case rate,"35 Percent of Charges. ",93.53704,,,,,,,Case rate,"35 Percent of Charges. ",65.19834,,,,,,,Case Rate,225 Percent of Medicaid APG. Covered services not payable under Medicaid Fee Schedules default to a payment of 87.5 percent of charges.,2.88729,1,,,,,0,percent of total billed charges,NA. Covered services not payable under Medicaid Fee Schedules default to a payment of 50 percent of charges.; No services were performed during the 15 month look back period.,65.19834,,,,,,,Case Rate,"100 Percent of Medicaid APG. ",65.19834,,,,,,,Case Rate,"100 Percent of Medicaid APG. ",65.19834,,,,,,,Case Rate,"100 Percent of Medicaid APG. ",65.19834,,,,,,,Case Rate,"100 Percent of Medicaid APG. ",129.92805,45,,,,,0,percent of total billed charges,45 percent of billed charges; No services were performed during the 15 month look back period.,144.3645,50,,,,,0,percent of total billed charges,50 percent of billed charges; No services were performed during the 15 month look back period.,34.772448,,,,,,,Case Rate,"120 Percent of Medicaid APG. Not APG payable, or payable under another fee schedule like ASP/AWP pays at 30% of charges",34.772448,,,,,,,Case Rate,"120 Percent of Medicaid APG. Not APG payable, or payable under another fee schedule like ASP/AWP pays at 30% of charges",28.97704,,,,,,,Case Rate,"100 Percent of Medicaid APG. Not APG payable, or payable under another fee schedule like ASP/AWP pays at 30% of charges",28.97704,,,,,,,Case Rate,"100 Percent of Medicaid APG. Not APG payable, or payable under another fee schedule like ASP/AWP pays at 30% of charges",129.92805,45,,,,,0,percent of total billed charges,45 percent of billed charges; No services were performed during the 15 month look back period.,129.92805,45,,,,,0,percent of total billed charges,45 percent of billed charges; No services were performed during the 15 month look back period.,,,,,,,,Other,"Not Payable. ",129.92805,45,,,,,0,percent of total billed charges,45 percent of billed charges; No services were performed during the 15 month look back period.,129.92805,45,,,,,0,percent of total billed charges,45 percent of billed charges; No services were performed during the 15 month look back period.,129.92805,45,,,,,0,percent of total billed charges,45 percent of billed charges; No services were performed during the 15 month look back period.,129.92805,45,,,,,0,percent of total billed charges,45 percent of billed charges; No services were performed during the 15 month look back period.,,,,,,,,Other,"Not Payable. ",129.92805,45,,,,,0,percent of total billed charges,45 percent of billed charges; No services were performed during the 15 month look back period.,129.92805,45,,,,,0,percent of total billed charges,45 percent of billed charges; No services were performed during the 15 month look back period.,173.2374,60,,,,,0,percent of total billed charges,60 percent of billed charges; No services were performed during the 15 month look back period.,28.97704,,,,,,,Fee Schedule,100% APG. Lesser of 100% of billed charges applies.,2.88729,1,,,,,0,percent of total billed charges,NA. Covered services not payable under Medicaid Fee Schedules default to a payment of 50 percent of charges.; No services were performed during the 15 month look back period.,65.19834,,,,,,,Case Rate,225% of NYS APG. Lesser of 100% of billed charges applies.,65.19834,,,,,,,Case Rate,225 Percent of Medicaid APG. Covered services not payable under Medicaid Fee Schedules default to a payment of 87.5 percent of charges.,2.88729,1,,,,,0,percent of total billed charges,NA. Covered services not payable under Medicaid Fee Schedules default to a payment of 50 percent of charges.; No services were performed during the 15 month look back period.,65.19834,,,,,,,Case Rate,225% of NYS APG. Lesser of 100% of billed charges applies.,65.19834,,,,,,,Case Rate,225% of NYS APG. Lesser of 100% of billed charges applies.,65.19834,,,,,,,Case Rate,225% of NYS APG. Lesser of 100% of billed charges applies.,65.19834,,,,,,,Case Rate,225% of NYS APG. Lesser of 100% of billed charges applies.,65.19834,,,,,,,Case Rate,225% of NYS APG. Lesser of 100% of billed charges applies.,65.19834,,,,,,,Case Rate,225% of NYS APG. Lesser of 100% of billed charges applies.,,,,,,,,,,,,,,,,,,,,,,,,,,,,262.44,,,,,,,Fee Schedule,"450 % 2018 Cigna RBRVS fee schedule. ",,,,,,,,,,,,,,,,,Other,"Not Payable. ",42.65,,,,,,,Fee Schedule,"100 % 1199 Fee Schedule. ",,,,,,,,Other,"Not Payable. ",,,,,,,,Other,"Not Payable. ",34.772448,,,,,,,Case Rate,"120 Percent of Medicaid APG. Not APG payable, or payable under another fee schedule like ASP/AWP pays at 30% of charges",34.772448,,,,,,,Case Rate,"120 Percent of Medicaid APG. Not APG payable, or payable under another fee schedule like ASP/AWP pays at 30% of charges",28.97704,,,,,,,Case Rate,"100 Percent of Medicaid APG. Not APG payable, or payable under another fee schedule like ASP/AWP pays at 30% of charges",28.97704,,,,,,,Case Rate,"100 Percent of Medicaid APG. Not APG payable, or payable under another fee schedule like ASP/AWP pays at 30% of charges",28.97704,,,,,,,Case Rate,"100 Percent of Medicaid APG. ",210.77217,73,,,,,0,percent of total billed charges,73 percent of billed charges; No services were performed during the 15 month look back period.,173.2374,60,,,,,0,percent of total billed charges,60 percent of billed charges; No services were performed during the 15 month look back period.,210.77217,73,,,,,0,percent of total billed charges,73 percent of billed charges; No services were performed during the 15 month look back period.,262.44,,,,,,,Fee Schedule,"450 % 2018 Cigna RBRVS fee schedule. ",,,,,,,,Other,"Not Payable. ",,,,,,,,Other,"Not Payable. ",,,,,,,,Other,"Not Payable. ",,,,,,,,Other,"Not Payable. ",,,,,,,,Other,"Not Payable. ",,,,,,,,Other,"Not Payable. ",,,,,,,,,,65.19834,,,,,,,Case Rate,225% of NYS APG. Lesser of 100% of billed charges applies.,,,,,,,,Fee Schedule,"Not payable. ",129.92805,45,,,,,0,percent of total billed charges,45 percent of billed charges; No services were performed during the 15 month look back period.,210.77217,73,,,,,0,percent of total billed charges,73 percent of billed charges; No services were performed during the 15 month look back period.,210.77217,73,,,,,0,percent of total billed charges,73 percent of billed charges; No services were performed during the 15 month look back period.,210.77217,73,,,,,0,percent of total billed charges,73 percent of billed charges; No services were performed during the 15 month look back period.,210.77217,73,,,,,0,percent of total billed charges,73 percent of billed charges; No services were performed during the 15 month look back period.,,,,,,,,Other,"Not Payable. ",28.97704,,,,,,,Case Rate,"100 Percent of Medicaid APG. ",129.92805,45,,,,,0,percent of total billed charges,45 percent of billed charges; No services were performed during the 15 month look back period.,28.97704,,,,,,,Case Rate,"100 Percent of Medicaid APG. ",,,,,,,,Other,"Not Payable. ",28.97704,,,,,,,Case Rate,"100 Percent of Medicaid APG. ",,,,,,,,Other,"Not Payable. ",,,,,,,,Other,"Not Payable. ",28.97704,,,,,,,Case Rate,"100 Percent of Medicaid APG. ",28.97704,,,,,,,Case Rate,"100 Percent of Medicaid APG. ",210.77217,73,,,,,0,percent of total billed charges,73 percent of billed charges; No services were performed during the 15 month look back period.,262.44,,,,,,,Fee Schedule,"450 % 2018 Cigna RBRVS fee schedule. ",225.20862,78,,,,,0,percent of total billed charges,78 percent of billed charges; No services were performed during the 15 month look back period.,,,,,,,,Fee Schedule,"100 % Zero Pay Code. ",,,,,,,,Fee Schedule,"100 % Zero Pay Code. ",173.2374,60,,,,,0,percent of total billed charges,60 percent of billed charges; No services were performed during the 15 month look back period.,,,,,,,,Other,"Not Payable. ",230.9832,80,,,,,0,percent of total billed charges,80 percent of billed charges; No services were performed during the 15 month look back period.,230.9832,80,,,,,0,percent of total billed charges,80 percent of billed charges; No services were performed during the 15 month look back period.,103.94244,36,,,,,0,percent of total billed charges,36 percent of billed charges; No services were performed during the 15 month look back period.,103.94244,36,,,,,0,percent of total billed charges,36 percent of billed charges; No services were performed during the 15 month look back period.,,,,,,,,Other,"Not Payable. ",,,,,,,,Other,"Not Payable. ",,,,,,,,Other,"Not Payable. ",,,,,,,,Other,"Not Payable. ",,,,,,,,Fee Schedule,"100 % Zero Pay Code. ",129.92805,45,,,,,0,percent of total billed charges,45 percent of billed charges; No services were performed during the 15 month look back period.,129.92805,45,,,,,0,percent of total billed charges,45 percent of billed charges; No services were performed during the 15 month look back period.,,,,,,,,Other,"Not Payable. ",103.94244,36,,,,,0,percent of total billed charges,36 percent of billed charges; No services were performed during the 15 month look back period.,210.77217,73,,,,,0,percent of total billed charges,73 percent of billed charges; No services were performed during the 15 month look back period.,34.772448,,,,,,,Fee Schedule,"120 Percent of Medicaid APG. ",28.97704,,,,,,,Case Rate,"100 Percent of Medicaid APG. ",210.77217,73,,,,,0,percent of total billed charges,73 percent of billed charges; No services were performed during the 15 month look back period.,116.935245,40.5,,,,,0,percent of total billed charges,40.5 percent of billed charges; No services were performed during the 15 month look back period.,116.935245,40.5,,,,,0,percent of total billed charges,40.5 percent of billed charges; No services were performed during the 15 month look back period.,129.92805,45,,,,,0,percent of total billed charges,45 percent of billed charges; No services were performed during the 15 month look back period.,144.3645,50,,,,,0,percent of total billed charges,50 percent of billed charges; No services were performed during the 15 month look back period.,,,,,,,,Other,"Not Payable. ",30.425892,,,,,,,Fee Schedule,105 percent of Medicaid APG. otherwise 105% of Ordered NYS MCD FS or 105% of ASP+6%,30.425892,,,,,,,Fee Schedule,105 percent of Medicaid APG. otherwise 105% of Ordered NYS MCD FS or 105% of ASP+6%,30.425892,,,,,,,Fee Schedule,105 percent of Medicaid APG. otherwise 105% of Ordered NYS MCD FS or 105% of ASP+6%,39.119004,,,,,,,Fee Schedule,135 percent of Medicaid APG. otherwise 135% of Ordered NYS MCD FS or 135% of ASP+6%,,,,,,,,Fee Schedule,"100 % Zero Pay Code. ",30.425892,,,,,,,Fee Schedule,105 percent of Medicaid APG. otherwise 105% of Ordered NYS MCD FS or 105% of ASP+6%,30.425892,,,,,,,Fee Schedule,105 percent of Medicaid APG. otherwise 105% of Ordered NYS MCD FS or 105% of ASP+6%,30.425892,,,,,,,Fee Schedule,105 percent of Medicaid APG. otherwise 105% of Ordered NYS MCD FS or 105% of ASP+6%,30.425892,,,,,,,Fee Schedule,105 percent of Medicaid APG. otherwise 105% of Ordered NYS MCD FS or 105% of ASP+6%,30.425892,,,,,,,Fee Schedule,105 percent of Medicaid APG. otherwise 105% of Ordered NYS MCD FS or 105% of ASP+6%,39.119004,,,,,,,Fee Schedule,135 percent of Medicaid APG. otherwise 135% of Ordered NYS MCD FS or 135% of ASP+6%,39.119004,,,,,,,Fee Schedule,135 percent of Medicaid APG. otherwise 135% of Ordered NYS MCD FS or 135% of ASP+6%,,,,,,,,Other,"Not Payable. ",,,,,,,,Fee Schedule,"100 % Zero Pay Code. ",,,,,,,,Other,"Not Payable. ",30.425892,,,,,,,Fee Schedule,105 percent of Medicaid APG. otherwise 105% of Ordered NYS MCD FS or 105% of ASP+6%,129.92805,45,,,,,0,percent of total billed charges,45 percent of billed charges; No services were performed during the 15 month look back period.,,,,,,,,Other,"Not Payable. ",129.92805,45,,,,,0,percent of total billed charges,45 percent of billed charges; No services were performed during the 15 month look back period.,129.92805,45,,,,,0,percent of total billed charges,45 percent of billed charges; No services were performed during the 15 month look back period.,129.92805,45,,,,,0,percent of total billed charges,45 percent of billed charges; No services were performed during the 15 month look back period.,30.425892,,,,,,,Fee Schedule,105 percent of Medicaid APG. otherwise 105% of Ordered NYS MCD FS or 105% of ASP+6%,,,,,,,,Other,"Not Payable. ",129.92805,45,,,,,0,percent of total billed charges,45 percent of billed charges; No services were performed during the 15 month look back period.,39.119004,,,,,,,Fee Schedule,135 percent of Medicaid APG. otherwise 135% of Ordered NYS MCD FS or 135% of ASP+6%,129.92805,45,,,,,0,percent of total billed charges,45 percent of billed charges; No services were performed during the 15 month look back period.,,,,,,,,Other,"Not Payable. ",,,,,,,,Other,"Not Payable. ",210.77217,73,,,,,0,percent of total billed charges,73 percent of billed charges; No services were performed during the 15 month look back period.,210.77217,73,,,,,0,percent of total billed charges,73 percent of billed charges; No services were performed during the 15 month look back period.,210.77217,73,,,,,0,percent of total billed charges,73 percent of billed charges; No services were performed during the 15 month look back period.,210.77217,73,,,,,0,percent of total billed charges,73 percent of billed charges; No services were performed during the 15 month look back period.,210.77217,73,,,,,0,percent of total billed charges,73 percent of billed charges; No services were performed during the 15 month look back period.,210.77217,73,,,,,0,percent of total billed charges,73 percent of billed charges; No services were performed during the 15 month look back period.,210.77217,73,,,,,0,percent of total billed charges,73 percent of billed charges; No services were performed during the 15 month look back period.,210.77217,73,,,,,0,percent of total billed charges,73 percent of billed charges; No services were performed during the 15 month look back period.,210.77217,73,,,,,0,percent of total billed charges,73 percent of billed charges; No services were performed during the 15 month look back period.,210.77217,73,,,,,0,percent of total billed charges,73 percent of billed charges; No services were performed during the 15 month look back period.,210.77217,73,,,,,0,percent of total billed charges,73 percent of billed charges; No services were performed during the 15 month look back period.,210.77217,73,,,,,0,percent of total billed charges,73 percent of billed charges; No services were performed during the 15 month look back period.,,,,,,,,Other,"Not Payable. ",210.77217,73,,,,,0,percent of total billed charges,73 percent of billed charges; No services were performed during the 15 month look back period.,,,,,,,,Other,"Not Payable. ",65.19834,,,,,,,Case Rate,"225 Percent of Medicaid APG. If not included in Medicaid APG, then 100 Percent of Manhattan Medicare",28.97704,,,,,,,Case Rate,"100 Percent of Medicaid APG. ",,,,,,,,Fee Schedule,"100 % Zero Pay Code. ",,,,,,,,Fee Schedule,"100 % Zero Pay Code. ",,,,,,,,Other,"Not Payable. ",230.9832,80,,,,,0,percent of total billed charges,80 percent of billed charges; No services were performed during the 15 month look back period.,,,,,,,,Other,"Not Payable. ",,,,,,,,Other,"Not Payable. ",173.2374,60,,,,,0,percent of total billed charges,60 percent of billed charges; No services were performed during the 15 month look back period.,,,,,,,,Other,"Not Payable. ",262.44,,,,,,,Fee Schedule,"450 % 2018 Cigna RBRVS fee schedule. ",,,,,,,,Other,"Not Payable. ",262.44,,,,,,,Fee Schedule,"450 % 2018 Cigna RBRVS fee schedule. ",173.2374,60,,,,,0,percent of total billed charges,60 percent of billed charges; No services were performed during the 15 month look back period.,262.44,,,,,,,Fee Schedule,"450 % 2018 Cigna RBRVS fee schedule. ",,,,,,,,Other,"Not Payable. ",28.97704,,,,,,,Case Rate,"100 Percent of Medicaid APG. ",,,,,,,,Other,"Not Payable. ",262.44,,,,,,,Fee Schedule,"450 % 2018 Cigna RBRVS fee schedule. ",,,,,,,,Fee Schedule,"100 % Zero Pay Code. ",28.97704,,,,,,,Case Rate,"100 Percent of Medicaid APG. ",129.92805,45,,,,,0,percent of total billed charges,45 percent of billed charges; No services were performed during the 15 month look back period.,34.772448,,,,,,,Fee Schedule,"120 Percent of Medicaid APG. ",34.772448,,,,,,,Fee Schedule,"120 Percent of Medicaid APG. ",129.92805,45,,,,,0,percent of total billed charges,45 percent of billed charges; No services were performed during the 15 month look back period.,129.92805,45,,,,,0,percent of total billed charges,45 percent of billed charges; No services were performed during the 15 month look back period.,129.92805,45,,,,,0,percent of total billed charges,45 percent of billed charges; No services were performed during the 15 month look back period.,,,,,,,,Fee Schedule,"100 % Zero Pay Code. ",129.92805,45,,,,,0,percent of total billed charges,45 percent of billed charges; No services were performed during the 15 month look back period.,129.92805,45,,,,,0,percent of total billed charges,45 percent of billed charges; No services were performed during the 15 month look back period.,129.92805,45,,,,,0,percent of total billed charges,45 percent of billed charges; No services were performed during the 15 month look back period.,210.77217,73,,,,,0,percent of total billed charges,73 percent of billed charges; No services were performed during the 15 month look back period.,210.77217,73,,,,,0,percent of total billed charges,73 percent of billed charges; No services were performed during the 15 month look back period.,,,,,,,,Fee Schedule,"Not Payable. ",28.97704,,,,,,,Case Rate,"100 Percent of Medicaid APG. ",,,,,,,,Fee Schedule,"100 % Zero Pay Code. ",262.44,,,,,,,Fee Schedule,"450 % 2018 Cigna RBRVS fee schedule. ",173.2374,60,,,,,0,percent of total billed charges,60 percent of billed charges; No services were performed during the 15 month look back period.,,,,,,,,Fee Schedule,"100 % Zero Pay Code. ",173.2374,60,,,,,0,percent of total billed charges,60 percent of billed charges; No services were performed during the 15 month look back period.,,,,,,,,Fee Schedule,"100 % Zero Pay Code. ",129.92805,45,,,,,0,percent of total billed charges,45 percent of billed charges; No services were performed during the 15 month look back period.,129.92805,45,,,,,0,percent of total billed charges,45 percent of billed charges; No services were performed during the 15 month look back period.,129.92805,45,,,,,0,percent of total billed charges,45 percent of billed charges; No services were performed during the 15 month look back period.,129.92805,45,,,,,0,percent of total billed charges,45 percent of billed charges; No services were performed during the 15 month look back period.,,,,,,,,Other,"Not Payable. ",2.88729,288.729,
90747,CPT,5010003,LOCAL,636,RC,HEPB VACC 4 DOSE IMMUNSUP IM,2128.17024,404.352346,Outpatient,UN,1,,140.75,,,,,,,Fee Schedule,100 % 1199 Fee Schedule.,140.75,,,,,,,Fee Schedule,100 % 1199 Fee Schedule.,1276.902144,60,,,,,0,percent of total billed charges,60 percent of billed charges; No services were performed during the 15 month look back period.,2128.17024,100,,,,,0,percent of total billed charges,100 percent of billed charges; No services were performed during the 15 month look back period.,,,,,,,,Fee Schedule,100% ASP Fee Schedule.,1276.902144,60,,,,,0,percent of total billed charges,60 percent of billed charges; No services were performed during the 15 month look back period.,1276.902144,60,,,,,0,percent of total billed charges,60 percent of billed charges; No services were performed during the 15 month look back period.,1276.902144,60,,,,,0,percent of total billed charges,60 percent of billed charges; No services were performed during the 15 month look back period.,72.12,,,,,,,Case Rate,100 Percent of Medicaid APG.,60.1,,,,,,,Case Rate,100 Percent of Medicaid APG.,1659.972787,78,,,,,0,percent of total billed charges,78 percent of billed charges; No services were performed during the 15 month look back period.,,,,,,,,Fee Schedule,100 % Zero Pay Code.,60.1,,,,,,,Case Rate,100 Percent of Medicaid APG.,,,,,,,,Fee Schedule,100% ASP Fee Schedule.,560.97,,,,,,,Fee Schedule,450 % 2018 Cigna RBRVS fee schedule.,560.97,,,,,,,Fee Schedule,450 % 2018 Cigna RBRVS fee schedule.,560.97,,,,,,,Fee Schedule,450 % 2018 Cigna RBRVS fee schedule.,560.97,,,,,,,Fee Schedule,450 % 2018 Cigna RBRVS fee schedule.,21.281702,1,,,,,0,percent of total billed charges,. Covered services not payable under Medicaid Fee Schedules default to a payment of 50 percent of charges.; No services were performed during the 15 month look back period.,,,,,,,,Fee Schedule,100% ASP Fee Schedule.,21.281702,1,,,,,0,percent of total billed charges,. Covered services not payable under Medicaid Fee Schedules default to a payment of 50 percent of charges.; No services were performed during the 15 month look back period.,1659.972787,78,,,,,0,percent of total billed charges,78 percent of billed charges; No services were performed during the 15 month look back period.,1276.902144,60,,,,,0,percent of total billed charges,60 percent of billed charges; No services were performed during the 15 month look back period.,,,,,,,,Fee Schedule,100% ASP Fee Schedule.,567.45,,,,,,,Fee Schedule,383 % Medicare ASP.,,,,,,,,Fee Schedule,100% ASP Fee Schedule.,,,,,,,,Fee Schedule,100% ASP Fee Schedule.,1659.972787,78,,,,,0,percent of total billed charges,78 percent of billed charges; No services were performed during the 15 month look back period.,,,,,,,,Fee Schedule,Not payable.,,,,,,,,Fee Schedule,Not payable.,124.66,,,,,,,Case rate,35 Percent of Charges.,124.66,,,,,,,Case rate,35 Percent of Charges.,567.45,,,,,,,Fee Schedule,383 % Medicare ASP.,567.45,,,,,,,Fee Schedule,383 % Medicare ASP.,60.1,,,,,,,Case Rate,"100 Percent of Medicaid APG. Not APG payable, or payable under another fee schedule like ASP/AWP pays at 30% of charges",567.45,,,,,,,Fee Schedule,383 % Medicare ASP.,60.1,,,,,,,Case Rate,"100 Percent of Medicaid APG. Not APG payable, or payable under another fee schedule like ASP/AWP pays at 30% of charges",,,,,,,,Fee Schedule,100% ASP Fee Schedule.,567.45,,,,,,,Fee Schedule,383 % Medicare ASP.,1659.972787,78,,,,,0,percent of total billed charges,78 percent of billed charges; No services were performed during the 15 month look back period.,60.1,,,,,,,Case Rate,100 Percent of Medicaid APG.,60.1,,,,,,,Case Rate,100 Percent of Medicaid APG.,1659.972787,78,,,,,0,percent of total billed charges,78 percent of billed charges; No services were performed during the 15 month look back period.,560.97,,,,,,,Fee Schedule,450 % 2018 Cigna RBRVS fee schedule.,,,,,,,,Fee Schedule,100 % Zero Pay Code.,,,,,,,,Fee Schedule,100 % Zero Pay Code.,1659.972787,78,,,,,0,percent of total billed charges,78 percent of billed charges; No services were performed during the 15 month look back period.,,,,,,,,Fee Schedule,100% ASP Fee Schedule.,,,,,,,,Fee Schedule,100 % Zero Pay Code.,,,,,,,,Fee Schedule,100 % Zero Pay Code.,,,,,,,,Fee Schedule,100 % Zero Pay Code.,,,,,,,,Fee Schedule,100% ASP Fee Schedule.,,,,,,,,Fee Schedule,100 % Zero Pay Code.,,,,,,,,Fee Schedule,100 % Zero Pay Code.,,,,,,,,Fee Schedule,100% of AWP Fee Schedule.,1064.08512,50,,,,,0,percent of total billed charges,50 percent of billed charges; No services were performed during the 15 month look back period.,1383.310656,65,,,,,0,percent of total billed charges,65 percent of billed charges; No services were performed during the 15 month look back period.,1383.310656,65,,,,,0,percent of total billed charges,65 percent of billed charges; No services were performed during the 15 month look back period.,1383.310656,65,,,,,0,percent of total billed charges,65 percent of billed charges; No services were performed during the 15 month look back period.,1383.310656,65,,,,,0,percent of total billed charges,65 percent of billed charges; No services were performed during the 15 month look back period.,1383.310656,65,,,,,0,percent of total billed charges,65 percent of billed charges; No services were performed during the 15 month look back period.,1383.310656,65,,,,,0,percent of total billed charges,65 percent of billed charges; No services were performed during the 15 month look back period.,,,,,,,,Fee Schedule,100% ASP Fee Schedule.,,,,,,,,Fee Schedule,100% ASP Fee Schedule.,1383.310656,65,,,,,0,percent of total billed charges,65 percent of billed charges; No services were performed during the 15 month look back period.,1659.972787,78,,,,,0,percent of total billed charges,78 percent of billed charges; No services were performed during the 15 month look back period.,1659.972787,78,,,,,0,percent of total billed charges,78 percent of billed charges; No services were performed during the 15 month look back period.,1659.972787,78,,,,,0,percent of total billed charges,78 percent of billed charges; No services were performed during the 15 month look back period.,1659.972787,78,,,,,0,percent of total billed charges,78 percent of billed charges; No services were performed during the 15 month look back period.,1659.972787,78,,,,,0,percent of total billed charges,78 percent of billed charges; No services were performed during the 15 month look back period.,1659.972787,78,,,,,0,percent of total billed charges,78 percent of billed charges; No services were performed during the 15 month look back period.,1659.972787,78,,,,,0,percent of total billed charges,78 percent of billed charges; No services were performed during the 15 month look back period.,1659.972787,78,,,,,0,percent of total billed charges,78 percent of billed charges; No services were performed during the 15 month look back period.,1659.972787,78,,,,,0,percent of total billed charges,78 percent of billed charges; No services were performed during the 15 month look back period.,1659.972787,78,,,,,0,percent of total billed charges,78 percent of billed charges; No services were performed during the 15 month look back period.,1659.972787,78,,,,,0,percent of total billed charges,78 percent of billed charges; No services were performed during the 15 month look back period.,1659.972787,78,,,,,0,percent of total billed charges,78 percent of billed charges; No services were performed during the 15 month look back period.,1659.972787,78,,,,,0,percent of total billed charges,78 percent of billed charges; No services were performed during the 15 month look back period.,1659.972787,78,,,,,0,percent of total billed charges,78 percent of billed charges; No services were performed during the 15 month look back period.,1659.972787,78,,,,,0,percent of total billed charges,78 percent of billed charges; No services were performed during the 15 month look back period.,1659.972787,78,,,,,0,percent of total billed charges,78 percent of billed charges; No services were performed during the 15 month look back period.,1659.972787,78,,,,,0,percent of total billed charges,78 percent of billed charges; No services were performed during the 15 month look back period.,1659.972787,78,,,,,0,percent of total billed charges,78 percent of billed charges; No services were performed during the 15 month look back period.,1659.972787,78,,,,,0,percent of total billed charges,78 percent of billed charges; No services were performed during the 15 month look back period.,1659.972787,78,,,,,0,percent of total billed charges,78 percent of billed charges; No services were performed during the 15 month look back period.,1659.972787,78,,,,,0,percent of total billed charges,78 percent of billed charges; No services were performed during the 15 month look back period.,1659.972787,78,,,,,0,percent of total billed charges,78 percent of billed charges; No services were performed during the 15 month look back period.,1659.972787,78,,,,,0,percent of total billed charges,78 percent of billed charges; No services were performed during the 15 month look back period.,1659.972787,78,,,,,0,percent of total billed charges,78 percent of billed charges; No services were performed during the 15 month look back period.,1659.972787,78,,,,,0,percent of total billed charges,78 percent of billed charges; No services were performed during the 15 month look back period.,1659.972787,78,,,,,0,percent of total billed charges,78 percent of billed charges; No services were performed during the 15 month look back period.,567.45,,,,,,,Fee Schedule,383 % Medicare ASP.,567.45,,,,,,,Fee Schedule,383 % Medicare ASP.,567.45,,,,,,,Fee Schedule,383 % Medicare ASP.,567.45,,,,,,,Fee Schedule,383 % Medicare ASP.,850.44,,,,,,,Fee Schedule,574 % Medicare ASP.,850.44,,,,,,,Fee Schedule,574 % Medicare ASP.,560.97,,,,,,,Fee Schedule,450 % 2018 Cigna RBRVS fee schedule.,1383.310656,65,,,,,0,percent of total billed charges,65 percent of billed charges; No services were performed during the 15 month look back period.,,,,,,,,Fee Schedule,100 % Zero Pay Code.,1383.310656,65,,,,,0,percent of total billed charges,65 percent of billed charges; No services were performed during the 15 month look back period.,1659.972787,78,,,,,0,percent of total billed charges,78 percent of billed charges; No services were performed during the 15 month look back period.,850.44,,,,,,,Fee Schedule,574 % Medicare ASP.,1383.310656,65,,,,,0,percent of total billed charges,65 percent of billed charges; No services were performed during the 15 month look back period.,,,,,,,,Fee Schedule,100 % Zero Pay Code.,560.97,,,,,,,Fee Schedule,450 % 2018 Cigna RBRVS fee schedule.,,,,,,,,,,1659.972787,78,,,,,0,percent of total billed charges,78 percent of billed charges; No services were performed during the 15 month look back period.,60.1,,,,,,,Case Rate,100 Percent of Medicaid APG.,567.45,,,,,,,Fee Schedule,383 % Medicare ASP.,60.1,,,,,,,Case Rate,"100 Percent of Medicaid APG. Not APG payable, or payable under another fee schedule like ASP/AWP pays at 30% of charges",,,,,,,,Fee Schedule,100% ASP Fee Schedule.,,,,,,,,Fee Schedule,100% ASP Fee Schedule.,1064.08512,50,,,,,0,percent of total billed charges,50 percent of billed charges; No services were performed during the 15 month look back period.,,,,,,,,Fee Schedule,100% ASP Fee Schedule.,,,,,,,,Fee Schedule,100% ASP Fee Schedule.,60.1,,,,,,,Case Rate,100 Percent of Medicaid APG.,,,,,,,,Fee Schedule,100% ASP Fee Schedule.,,,,,,,,Fee Schedule,100% ASP Fee Schedule.,1276.902144,60,,,,,0,percent of total billed charges,60 percent of billed charges; No services were performed during the 15 month look back period.,1276.902144,60,,,,,0,percent of total billed charges,60 percent of billed charges; No services were performed during the 15 month look back period.,,,,,,,,Fee Schedule,100% ASP Fee Schedule.,560.97,,,,,,,Fee Schedule,450 % 2018 Cigna RBRVS fee schedule.,,,,,,,,Fee Schedule,100 % Zero Pay Code.,,,,,,,,Fee Schedule,100 % Zero Pay Code.,,,,,,,,Fee Schedule,100% ASP Fee Schedule.,560.97,,,,,,,Fee Schedule,450 % 2018 Cigna RBRVS fee schedule.,1276.902144,60,,,,,0,percent of total billed charges,60 percent of billed charges; No services were performed during the 15 month look back period.,1276.902144,60,,,,,0,percent of total billed charges,60 percent of billed charges; No services were performed during the 15 month look back period.,1276.902144,60,,,,,0,percent of total billed charges,60 percent of billed charges; No services were performed during the 15 month look back period.,1659.972787,78,,,,,0,percent of total billed charges,78 percent of billed charges; No services were performed during the 15 month look back period.,1659.972787,78,,,,,0,percent of total billed charges,78 percent of billed charges; No services were performed during the 15 month look back period.,1659.972787,78,,,,,0,percent of total billed charges,78 percent of billed charges; No services were performed during the 15 month look back period.,1659.972787,78,,,,,0,percent of total billed charges,78 percent of billed charges; No services were performed during the 15 month look back period.,1659.972787,78,,,,,0,percent of total billed charges,78 percent of billed charges; No services were performed during the 15 month look back period.,1659.972787,78,,,,,0,percent of total billed charges,78 percent of billed charges; No services were performed during the 15 month look back period.,1659.972787,78,,,,,0,percent of total billed charges,78 percent of billed charges; No services were performed during the 15 month look back period.,1659.972787,78,,,,,0,percent of total billed charges,78 percent of billed charges; No services were performed during the 15 month look back period.,1659.972787,78,,,,,0,percent of total billed charges,78 percent of billed charges; No services were performed during the 15 month look back period.,1659.972787,78,,,,,0,percent of total billed charges,78 percent of billed charges; No services were performed during the 15 month look back period.,1659.972787,78,,,,,0,percent of total billed charges,78 percent of billed charges; No services were performed during the 15 month look back period.,850.44,,,,,,,Fee Schedule,574 % Medicare ASP.,1383.310656,65,,,,,0,percent of total billed charges,65 percent of billed charges; No services were performed during the 15 month look back period.,560.97,,,,,,,Fee Schedule,450 % 2018 Cigna RBRVS fee schedule.,,,,,,,,Fee Schedule,100% ASP Fee Schedule.,1276.902144,60,,,,,0,percent of total billed charges,60 percent of billed charges; No services were performed during the 15 month look back period.,560.97,,,,,,,Fee Schedule,450 % 2018 Cigna RBRVS fee schedule.,560.97,,,,,,,Fee Schedule,450 % 2018 Cigna RBRVS fee schedule.,1659.972787,78,,,,,0,percent of total billed charges,78 percent of billed charges; No services were performed during the 15 month look back period.,128.61,,,,,,,Case Rate,"214 Percent of Medicaid APG. Drugs not priced under APG, billed with revenue code 636 and not priced by Medicare ASP FeeSched will be reimbursed at 20% of charges.",560.97,,,,,,,Fee Schedule,450 % 2018 Cigna RBRVS fee schedule.,60.1,,,,,,,Case Rate,100 Percent of Medicaid APG.,,,,,,,,Fee Schedule,100% ASP Fee Schedule.,,,,,,,,Fee Schedule,100% ASP Fee Schedule.,,,,,,,,Fee Schedule,100% ASP Fee Schedule.,,,,,,,,Fee Schedule,100% ASP Fee Schedule.,,,,,,,,Fee Schedule,100% ASP Fee Schedule.,,,,,,,,Fee Schedule,100% ASP Fee Schedule.,560.97,,,,,,,Fee Schedule,450 % 2018 Cigna RBRVS fee schedule.,1064.08512,50,,,,,0,percent of total billed charges,50 percent of billed charges; No services were performed during the 15 month look back period.,21.281702,1,,,,,0,percent of total billed charges,.; No services were performed during the 15 month look back period.,21.281702,1,,,,,0,percent of total billed charges,.; No services were performed during the 15 month look back period.,21.281702,1,,,,,0,percent of total billed charges,.; No services were performed during the 15 month look back period.,21.281702,1,,,,,0,percent of total billed charges,.; No services were performed during the 15 month look back period.,21.281702,1,,,,,0,percent of total billed charges,.; No services were performed during the 15 month look back period.,,,,,,,,,,1064.08512,50,,,,,0,percent of total billed charges,50 percent of billed charges; No services were performed during the 15 month look back period.,,,,,,,,Fee Schedule,141 Percent of of ASP. Drugs billed with revenue code 636 and not priced by Medicare ASP fee schedule will be reimburse at 20 percent of charges,,,,,,,,Fee Schedule,141 Percent of of ASP. Drugs billed with revenue code 636 and not priced by Medicare ASP fee schedule will be reimburse at 20 percent of charges,,,,,,,,Fee Schedule,141 Percent of of ASP. Drugs billed with revenue code 636 and not priced by Medicare ASP fee schedule will be reimburse at 20 percent of charges,,,,,,,,Fee Schedule,141 Percent of of ASP. Drugs billed with revenue code 636 and not priced by Medicare ASP fee schedule will be reimburse at 20 percent of charges,,,,,,,,Fee Schedule,141 Percent of of ASP. Drugs billed with revenue code 636 and not priced by Medicare ASP fee schedule will be reimburse at 20 percent of charges,,,,,,,,Fee Schedule,100% ASP Fee Schedule.,850.44,,,,,,,Fee Schedule,574 % Medicare ASP.,850.44,,,,,,,Fee Schedule,574 % Medicare ASP.,850.44,,,,,,,Fee Schedule,574 % Medicare ASP.,850.44,,,,,,,Fee Schedule,574 % Medicare ASP.,1276.902144,60,,,,,0,percent of total billed charges,60 percent of billed charges; No services were performed during the 15 month look back period.,1276.902144,60,,,,,0,percent of total billed charges,60 percent of billed charges; No services were performed during the 15 month look back period.,1276.902144,60,,,,,0,percent of total billed charges,60 percent of billed charges; No services were performed during the 15 month look back period.,1276.902144,60,,,,,0,percent of total billed charges,60 percent of billed charges; No services were performed during the 15 month look back period.,1064.08512,50,,,,,0,percent of total billed charges,50 percent of billed charges; No services were performed during the 15 month look back period.,1064.08512,50,,,,,0,percent of total billed charges,50 percent of billed charges; No services were performed during the 15 month look back period.,,,,,,,,Fee Schedule,100% ASP Fee Schedule.,,,,,,,,Fee Schedule,100% ASP Fee Schedule.,,,,,,,,Fee Schedule,100% ASP Fee Schedule.,1383.310656,65,,,,,0,percent of total billed charges,65 percent of billed charges; No services were performed during the 15 month look back period.,1383.310656,65,,,,,0,percent of total billed charges,65 percent of billed charges; No services were performed during the 15 month look back period.,1383.310656,65,,,,,0,percent of total billed charges,65 percent of billed charges; No services were performed during the 15 month look back period.,1064.08512,50,,,,,0,percent of total billed charges,50 percent of billed charges; No services were performed during the 15 month look back period.,1276.902144,60,,,,,0,percent of total billed charges,60 percent of billed charges; No services were performed during the 15 month look back period.,,,,,,,,Fee Schedule,100% ASP Fee Schedule.,1383.310656,65,,,,,0,percent of total billed charges,65 percent of billed charges; No services were performed during the 15 month look back period.,60.1,,,,,,,Case Rate,100 Percent of Medicaid APG.,,,,,,,,Fee Schedule,100% of ASP Fee Schedule.,,,,,,,,Fee Schedule,100% of ASP Fee Schedule.,,,,,,,,Fee Schedule,100% of ASP Fee Schedule.,124.66,,,,,,,Case rate,35 Percent of Charges.,135.22,,,,,,,Case Rate,225% of NYS APG. Lesser of 100% of billed charges applies.,135.22,,,,,,,Case Rate,225% of NYS APG. Lesser of 100% of billed charges applies.,135.22,,,,,,,Case Rate,225% of NYS APG. Lesser of 100% of billed charges applies.,135.22,,,,,,,Case Rate,225% of NYS APG. Lesser of 100% of billed charges applies.,135.22,,,,,,,Case Rate,225% of NYS APG. Lesser of 100% of billed charges applies.,,,,,,,,Fee Schedule,100% of ASP Fee Schedule.,60.1,,,,,,,Case Rate,100 Percent of Medicaid APG.,,,,,,,,Fee Schedule,Not payable.,135.22,,,,,,,Case Rate,225% of NYS APG. Lesser of 100% of billed charges applies.,135.22,,,,,,,Case Rate,225% of NYS APG. Lesser of 100% of billed charges applies.,,,,,,,,Fee Schedule,Not payable.,,,,,,,,Fee Schedule,Not payable.,21.281702,1,,,,,0,percent of total billed charges,.; No services were performed during the 15 month look back period.,,,,,,,,Fee Schedule,100% ASP Fee Schedule.,,,,,,,,Fee Schedule,100% ASP Fee Schedule.,1276.902144,60,,,,,0,percent of total billed charges,60 percent of billed charges; No services were performed during the 15 month look back period.,,,,,,,,Fee Schedule,100% ASP Fee Schedule.,135.22,,,,,,,Case Rate,225 Percent of Medicaid APG.,135.22,,,,,,,Case Rate,225 Percent of Medicaid APG.,124.66,,,,,,,Case rate,35 Percent of Charges.,124.66,,,,,,,Case rate,35 Percent of Charges.,135.22,,,,,,,Case Rate,225 Percent of Medicaid APG. Covered services not payable under Medicaid Fee Schedules default to a payment of 87.5 percent of charges.,21.281702,1,,,,,0,percent of total billed charges,. Covered services not payable under Medicaid Fee Schedules default to a payment of 50 percent of charges.; No services were performed during the 15 month look back period.,135.22,,,,,,,Case Rate,100 Percent of Medicaid APG.,135.22,,,,,,,Case Rate,100 Percent of Medicaid APG.,135.22,,,,,,,Case Rate,100 Percent of Medicaid APG.,135.22,,,,,,,Case Rate,100 Percent of Medicaid APG.,,,,,,,,,,1064.08512,50,,,,,0,percent of total billed charges,50 percent of billed charges; No services were performed during the 15 month look back period.,72.12,,,,,,,Case Rate,"120 Percent of Medicaid APG. Not APG payable, or payable under another fee schedule like ASP/AWP pays at 30% of charges",72.12,,,,,,,Case Rate,"120 Percent of Medicaid APG. Not APG payable, or payable under another fee schedule like ASP/AWP pays at 30% of charges",60.1,,,,,,,Case Rate,"100 Percent of Medicaid APG. Not APG payable, or payable under another fee schedule like ASP/AWP pays at 30% of charges",60.1,,,,,,,Case Rate,"100 Percent of Medicaid APG. Not APG payable, or payable under another fee schedule like ASP/AWP pays at 30% of charges",1383.310656,65,,,,,0,percent of total billed charges,65 percent of billed charges; No services were performed during the 15 month look back period.,1383.310656,65,,,,,0,percent of total billed charges,65 percent of billed charges; No services were performed during the 15 month look back period.,,,,,,,,Fee Schedule,100% ASP Fee Schedule.,1383.310656,65,,,,,0,percent of total billed charges,65 percent of billed charges; No services were performed during the 15 month look back period.,1383.310656,65,,,,,0,percent of total billed charges,65 percent of billed charges; No services were performed during the 15 month look back period.,1383.310656,65,,,,,0,percent of total billed charges,65 percent of billed charges; No services were performed during the 15 month look back period.,1383.310656,65,,,,,0,percent of total billed charges,65 percent of billed charges; No services were performed during the 15 month look back period.,,,,,,,,Fee Schedule,100% ASP Fee Schedule.,1383.310656,65,,,,,0,percent of total billed charges,65 percent of billed charges; No services were performed during the 15 month look back period.,1383.310656,65,,,,,0,percent of total billed charges,65 percent of billed charges; No services were performed during the 15 month look back period.,1276.902144,60,,,,,0,percent of total billed charges,60 percent of billed charges; No services were performed during the 15 month look back period.,60.1,,,,,,,Fee Schedule,100% APG. Lesser of 100% of billed charges applies.,21.281702,1,,,,,0,percent of total billed charges,. Covered services not payable under Medicaid Fee Schedules default to a payment of 50 percent of charges.; No services were performed during the 15 month look back period.,135.22,,,,,,,Case Rate,225% of NYS APG. Lesser of 100% of billed charges applies.,135.22,,,,,,,Case Rate,225 Percent of Medicaid APG. Covered services not payable under Medicaid Fee Schedules default to a payment of 87.5 percent of charges.,21.281702,1,,,,,0,percent of total billed charges,. Covered services not payable under Medicaid Fee Schedules default to a payment of 50 percent of charges.; No services were performed during the 15 month look back period.,135.22,,,,,,,Case Rate,225% of NYS APG. Lesser of 100% of billed charges applies.,135.22,,,,,,,Case Rate,225% of NYS APG. Lesser of 100% of billed charges applies.,135.22,,,,,,,Case Rate,225% of NYS APG. Lesser of 100% of billed charges applies.,135.22,,,,,,,Case Rate,225% of NYS APG. Lesser of 100% of billed charges applies.,135.22,,,,,,,Case Rate,225% of NYS APG. Lesser of 100% of billed charges applies.,135.22,,,,,,,Case Rate,225% of NYS APG. Lesser of 100% of billed charges applies.,,,,,,,,,,,,,,,,,,,,,,,,,,,,560.97,,,,,,,Fee Schedule,450 % 2018 Cigna RBRVS fee schedule.,,,,,,,,,,,,,,,,,Fee Schedule,100% ASP Fee Schedule.,140.75,,,,,,,Fee Schedule,100 % 1199 Fee Schedule.,,,,,,,,Fee Schedule,100% ASP Fee Schedule.,,,,,,,,Fee Schedule,100% ASP Fee Schedule.,72.12,,,,,,,Case Rate,"120 Percent of Medicaid APG. Not APG payable, or payable under another fee schedule like ASP/AWP pays at 30% of charges",72.12,,,,,,,Case Rate,"120 Percent of Medicaid APG. Not APG payable, or payable under another fee schedule like ASP/AWP pays at 30% of charges",60.1,,,,,,,Case Rate,"100 Percent of Medicaid APG. Not APG payable, or payable under another fee schedule like ASP/AWP pays at 30% of charges",60.1,,,,,,,Case Rate,"100 Percent of Medicaid APG. Not APG payable, or payable under another fee schedule like ASP/AWP pays at 30% of charges",60.1,,,,,,,Case Rate,100 Percent of Medicaid APG.,447.44,,,,,,,Fee Schedule,302 % Medicare ASP.,1276.902144,60,,,,,0,percent of total billed charges,60 percent of billed charges; No services were performed during the 15 month look back period.,567.45,,,,,,,Fee Schedule,383 % Medicare ASP.,560.97,,,,,,,Fee Schedule,450 % 2018 Cigna RBRVS fee schedule.,,,,,,,,Fee Schedule,100% ASP Fee Schedule.,,,,,,,,Fee Schedule,100% ASP Fee Schedule.,,,,,,,,Fee Schedule,100% ASP Fee Schedule.,,,,,,,,Fee Schedule,100% ASP Fee Schedule.,,,,,,,,Fee Schedule,100% ASP Fee Schedule.,,,,,,,,Fee Schedule,100% ASP Fee Schedule.,,,,,,,,,,135.22,,,,,,,Case Rate,225% of NYS APG. Lesser of 100% of billed charges applies.,,,,,,,,Fee Schedule,Not payable.,1383.310656,65,,,,,0,percent of total billed charges,65 percent of billed charges; No services were performed during the 15 month look back period.,447.44,,,,,,,Fee Schedule,302 % Medicare ASP.,447.44,,,,,,,Fee Schedule,302 % Medicare ASP.,447.44,,,,,,,Fee Schedule,302 % Medicare ASP.,447.44,,,,,,,Fee Schedule,302 % Medicare ASP.,,,,,,,,Fee Schedule,100% ASP Fee Schedule.,60.1,,,,,,,Case Rate,100 Percent of Medicaid APG.,1383.310656,65,,,,,0,percent of total billed charges,65 percent of billed charges; No services were performed during the 15 month look back period.,60.1,,,,,,,Case Rate,100 Percent of Medicaid APG.,,,,,,,,Fee Schedule,100% ASP Fee Schedule.,60.1,,,,,,,Case Rate,100 Percent of Medicaid APG.,,,,,,,,Fee Schedule,100% ASP Fee Schedule.,,,,,,,,Fee Schedule,100% ASP Fee Schedule.,60.1,,,,,,,Case Rate,100 Percent of Medicaid APG.,60.1,,,,,,,Case Rate,100 Percent of Medicaid APG.,447.44,,,,,,,Fee Schedule,302 % Medicare ASP.,560.97,,,,,,,Fee Schedule,450 % 2018 Cigna RBRVS fee schedule.,1659.972787,78,,,,,0,percent of total billed charges,78 percent of billed charges; No services were performed during the 15 month look back period.,,,,,,,,Fee Schedule,100 % Zero Pay Code.,,,,,,,,Fee Schedule,100 % Zero Pay Code.,1276.902144,60,,,,,0,percent of total billed charges,60 percent of billed charges; No services were performed during the 15 month look back period.,,,,,,,,Fee Schedule,100% of AWP Fee Schedule.,850.44,,,,,,,Fee Schedule,574 % Medicare ASP.,850.44,,,,,,,Fee Schedule,574 % Medicare ASP.,1106.648525,52,,,,,0,percent of total billed charges,52 percent of billed charges; No services were performed during the 15 month look back period.,1106.648525,52,,,,,0,percent of total billed charges,52 percent of billed charges; No services were performed during the 15 month look back period.,,,,,,,,Fee Schedule,100% ASP Fee Schedule.,,,,,,,,Fee Schedule,100% ASP Fee Schedule.,,,,,,,,Fee Schedule,100% ASP Fee Schedule.,,,,,,,,Fee Schedule,100% ASP Fee Schedule.,,,,,,,,Fee Schedule,100 % Zero Pay Code.,1383.310656,65,,,,,0,percent of total billed charges,65 percent of billed charges; No services were performed during the 15 month look back period.,1383.310656,65,,,,,0,percent of total billed charges,65 percent of billed charges; No services were performed during the 15 month look back period.,,,,,,,,Fee Schedule,100% ASP Fee Schedule.,1106.648525,52,,,,,0,percent of total billed charges,52 percent of billed charges; No services were performed during the 15 month look back period.,567.45,,,,,,,Fee Schedule,383 % Medicare ASP.,72.12,,,,,,,Fee Schedule,120 Percent of Medicaid APG.,60.1,,,,,,,Case Rate,100 Percent of Medicaid APG.,567.45,,,,,,,Fee Schedule,383 % Medicare ASP.,1255.620442,59,,,,,0,percent of total billed charges,59 percent of billed charges; No services were performed during the 15 month look back period.,1255.620442,59,,,,,0,percent of total billed charges,59 percent of billed charges; No services were performed during the 15 month look back period.,,,,,,,,,,1064.08512,50,,,,,0,percent of total billed charges,50 percent of billed charges; No services were performed during the 15 month look back period.,,,,,,,,Fee Schedule,100% ASP Fee Schedule.,63.1,,,,,,,Fee Schedule,105 percent of Medicaid APG. otherwise 105% of Ordered NYS MCD FS or 105% of ASP+6%,63.1,,,,,,,Fee Schedule,105 percent of Medicaid APG. otherwise 105% of Ordered NYS MCD FS or 105% of ASP+6%,63.1,,,,,,,Fee Schedule,105 percent of Medicaid APG. otherwise 105% of Ordered NYS MCD FS or 105% of ASP+6%,81.13,,,,,,,Fee Schedule,135 percent of Medicaid APG. otherwise 135% of Ordered NYS MCD FS or 135% of ASP+6%,,,,,,,,Fee Schedule,100 % Zero Pay Code.,63.1,,,,,,,Fee Schedule,105 percent of Medicaid APG. otherwise 105% of Ordered NYS MCD FS or 105% of ASP+6%,63.1,,,,,,,Fee Schedule,105 percent of Medicaid APG. otherwise 105% of Ordered NYS MCD FS or 105% of ASP+6%,63.1,,,,,,,Fee Schedule,105 percent of Medicaid APG. otherwise 105% of Ordered NYS MCD FS or 105% of ASP+6%,63.1,,,,,,,Fee Schedule,105 percent of Medicaid APG. otherwise 105% of Ordered NYS MCD FS or 105% of ASP+6%,63.1,,,,,,,Fee Schedule,105 percent of Medicaid APG. otherwise 105% of Ordered NYS MCD FS or 105% of ASP+6%,81.13,,,,,,,Fee Schedule,135 percent of Medicaid APG. otherwise 135% of Ordered NYS MCD FS or 135% of ASP+6%,81.13,,,,,,,Fee Schedule,135 percent of Medicaid APG. otherwise 135% of Ordered NYS MCD FS or 135% of ASP+6%,,,,,,,,Fee Schedule,100% ASP Fee Schedule.,,,,,,,,Fee Schedule,100 % Zero Pay Code.,,,,,,,,Fee Schedule,100% ASP Fee Schedule.,63.1,,,,,,,Fee Schedule,105 percent of Medicaid APG. otherwise 105% of Ordered NYS MCD FS or 105% of ASP+6%,1383.310656,65,,,,,0,percent of total billed charges,65 percent of billed charges; No services were performed during the 15 month look back period.,,,,,,,,Fee Schedule,100% ASP Fee Schedule.,1383.310656,65,,,,,0,percent of total billed charges,65 percent of billed charges; No services were performed during the 15 month look back period.,1383.310656,65,,,,,0,percent of total billed charges,65 percent of billed charges; No services were performed during the 15 month look back period.,1383.310656,65,,,,,0,percent of total billed charges,65 percent of billed charges; No services were performed during the 15 month look back period.,63.1,,,,,,,Fee Schedule,105 percent of Medicaid APG. otherwise 105% of Ordered NYS MCD FS or 105% of ASP+6%,,,,,,,,Fee Schedule,100% ASP Fee Schedule.,1383.310656,65,,,,,0,percent of total billed charges,65 percent of billed charges; No services were performed during the 15 month look back period.,81.13,,,,,,,Fee Schedule,135 percent of Medicaid APG. otherwise 135% of Ordered NYS MCD FS or 135% of ASP+6%,1383.310656,65,,,,,0,percent of total billed charges,65 percent of billed charges; No services were performed during the 15 month look back period.,,,,,,,,Fee Schedule,150% of ASP Fee Schedule.,,,,,,,,Fee Schedule,100% ASP Fee Schedule.,447.44,,,,,,,Fee Schedule,302 % Medicare ASP.,447.44,,,,,,,Fee Schedule,302 % Medicare ASP.,447.44,,,,,,,Fee Schedule,302 % Medicare ASP.,447.44,,,,,,,Fee Schedule,302 % Medicare ASP.,447.44,,,,,,,Fee Schedule,302 % Medicare ASP.,567.45,,,,,,,Fee Schedule,383 % Medicare ASP.,567.45,,,,,,,Fee Schedule,383 % Medicare ASP.,447.44,,,,,,,Fee Schedule,302 % Medicare ASP.,447.44,,,,,,,Fee Schedule,302 % Medicare ASP.,447.44,,,,,,,Fee Schedule,302 % Medicare ASP.,447.44,,,,,,,Fee Schedule,302 % Medicare ASP.,447.44,,,,,,,Fee Schedule,302 % Medicare ASP.,,,,,,,,Fee Schedule,100% ASP Fee Schedule.,567.45,,,,,,,Fee Schedule,383 % Medicare ASP.,,,,,,,,Fee Schedule,100% ASP Fee Schedule.,135.22,,,,,,,Case Rate,"225 Percent of Medicaid APG. If not included in Medicaid APG, then 100 Percent of Manhattan Medicare",60.1,,,,,,,Case Rate,100 Percent of Medicaid APG.,,,,,,,,Fee Schedule,100 % Zero Pay Code.,,,,,,,,Fee Schedule,100 % Zero Pay Code.,,,,,,,,Fee Schedule,100% ASP Fee Schedule.,850.44,,,,,,,Fee Schedule,574 % Medicare ASP.,,,,,,,,Fee Schedule,100% ASP Fee Schedule.,,,,,,,,Fee Schedule,100% ASP Fee Schedule.,1276.902144,60,,,,,0,percent of total billed charges,60 percent of billed charges; No services were performed during the 15 month look back period.,,,,,,,,Fee Schedule,100% ASP Fee Schedule.,560.97,,,,,,,Fee Schedule,450 % 2018 Cigna RBRVS fee schedule.,,,,,,,,Fee Schedule,100% ASP Fee Schedule.,560.97,,,,,,,Fee Schedule,450 % 2018 Cigna RBRVS fee schedule.,1276.902144,60,,,,,0,percent of total billed charges,60 percent of billed charges; No services were performed during the 15 month look back period.,560.97,,,,,,,Fee Schedule,450 % 2018 Cigna RBRVS fee schedule.,,,,,,,,Fee Schedule,100% ASP Fee Schedule.,60.1,,,,,,,Case Rate,100 Percent of Medicaid APG.,,,,,,,,Fee Schedule,100% ASP Fee Schedule.,560.97,,,,,,,Fee Schedule,450 % 2018 Cigna RBRVS fee schedule.,,,,,,,,Fee Schedule,100 % Zero Pay Code.,60.1,,,,,,,Case Rate,100 Percent of Medicaid APG.,1383.310656,65,,,,,0,percent of total billed charges,65 percent of billed charges; No services were performed during the 15 month look back period.,72.12,,,,,,,Fee Schedule,120 Percent of Medicaid APG.,72.12,,,,,,,Fee Schedule,120 Percent of Medicaid APG.,1383.310656,65,,,,,0,percent of total billed charges,65 percent of billed charges; No services were performed during the 15 month look back period.,1383.310656,65,,,,,0,percent of total billed charges,65 percent of billed charges; No services were performed during the 15 month look back period.,1383.310656,65,,,,,0,percent of total billed charges,65 percent of billed charges; No services were performed during the 15 month look back period.,,,,,,,,Fee Schedule,100 % Zero Pay Code.,1383.310656,65,,,,,0,percent of total billed charges,65 percent of billed charges; No services were performed during the 15 month look back period.,1383.310656,65,,,,,0,percent of total billed charges,65 percent of billed charges; No services were performed during the 15 month look back period.,1383.310656,65,,,,,0,percent of total billed charges,65 percent of billed charges; No services were performed during the 15 month look back period.,567.45,,,,,,,Fee Schedule,383 % Medicare ASP.,567.45,,,,,,,Fee Schedule,383 % Medicare ASP.,,,,,,,,Fee Schedule,141 Percent of of ASP. Drugs billed with revenue code 636 and not priced by Medicare ASP fee schedule will be reimburse at 20 percent of charges,60.1,,,,,,,Case Rate,100 Percent of Medicaid APG.,,,,,,,,Fee Schedule,100 % Zero Pay Code.,560.97,,,,,,,Fee Schedule,450 % 2018 Cigna RBRVS fee schedule.,1276.902144,60,,,,,0,percent of total billed charges,60 percent of billed charges; No services were performed during the 15 month look back period.,,,,,,,,Fee Schedule,100 % Zero Pay Code.,1276.902144,60,,,,,0,percent of total billed charges,60 percent of billed charges; No services were performed during the 15 month look back period.,,,,,,,,Fee Schedule,100 % Zero Pay Code.,1383.310656,65,,,,,0,percent of total billed charges,65 percent of billed charges; No services were performed during the 15 month look back period.,1383.310656,65,,,,,0,percent of total billed charges,65 percent of billed charges; No services were performed during the 15 month look back period.,1383.310656,65,,,,,0,percent of total billed charges,65 percent of billed charges; No services were performed during the 15 month look back period.,1383.310656,65,,,,,0,percent of total billed charges,65 percent of billed charges; No services were performed during the 15 month look back period.,,,,,,,,Fee Schedule,100% ASP Fee Schedule.,1.40752,2128.17024,
90954,CPT,2026822,LOCAL,821,RC,HC ESRD SERV 4 VISITS P MO 2-11 YRS,935.4,177.726,both,,,,882,,,,,,,Fee Schedule,"100 % 1199 Fee Schedule. ",882,,,,,,,Fee Schedule,"100 % 1199 Fee Schedule. ",561.24,60,,,,,0,percent of total billed charges,60 percent of billed charges; No services were performed during the 15 month look back period.,935.4,100,,,,,0,percent of total billed charges,100 percent of billed charges. ; No services were performed during the 15 month look back period.,273.82,,,,,,,Fee Schedule,"100% ESRD FS. ",561.24,60,,,,,0,percent of total billed charges,60 percent of billed charges; No services were performed during the 15 month look back period.,561.24,60,,,,,0,percent of total billed charges,60 percent of billed charges; No services were performed during the 15 month look back period.,561.24,60,,,,,0,percent of total billed charges,60 percent of billed charges; No services were performed during the 15 month look back period.,,,,,,,,Other,"100 Percent of Medicaid APG. ",,,,,,,,Other,"100 Percent of Medicaid APG. ",729.612,78,,,,,0,percent of total billed charges,78% of Billed Charges. Lesser of 100% of billed charges applies.; No services were performed during the 15 month look back period.,7446.86,,,,,,,Fee Schedule,". ",,,,,,,,Other,"100 Percent of Medicaid APG. ",273.82,,,,,,,Fee Schedule,"100% ESRD FS. ",1304,,,,,,,Other,. Paid once per unique code per service date and lesser of 100% of billed charges.,1304,,,,,,,Other,. Paid once per unique code per service date and lesser of 100% of billed charges.,1304,,,,,,,Other,. Paid once per unique code per service date and lesser of 100% of billed charges.,1304,,,,,,,Other,. Paid once per unique code per service date and lesser of 100% of billed charges.,987.35,,,,,,,Fee schedule,90 Percent of Medicare RBRVS. Covered services not payable under Medicaid Fee Schedules default to a payment of 50 percent of charges.,273.82,,,,,,,Fee Schedule,"100% ESRD FS. ",987.35,,,,,,,Fee schedule,90 Percent of Medicare RBRVS. Covered services not payable under Medicaid Fee Schedules default to a payment of 50 percent of charges.,729.612,78,,,,,0,percent of total billed charges,78% of Billed Charges. Lesser of 100% of billed charges applies.; No services were performed during the 15 month look back period.,561.24,60,,,,,0,percent of total billed charges,60 percent of billed charges; No services were performed during the 15 month look back period.,273.82,,,,,,,Fee Schedule,"100% ESRD FS. ",2022,,,,,,,Per Diem,. Paid once per date of service,273.82,,,,,,,Fee Schedule,"100% ESRD FS. ",273.82,,,,,,,Fee Schedule,"100% ESRD FS. ",729.612,78,,,,,0,percent of total billed charges,78% of Billed Charges. Lesser of 100% of billed charges applies.; No services were performed during the 15 month look back period.,987.35,,,,,,,Fee Schedule,90 Percent of Medicare RBRVS. Lesser of 100% of billed charges applies.,987.35,,,,,,,Fee Schedule,90 Percent of Medicare RBRVS. Lesser of 100% of billed charges applies.,987.35,,,,,,,Fee schedule,"90 Percent of Medicare RBRVS. ",987.35,,,,,,,Fee schedule,"90 Percent of Medicare RBRVS. ",2022,,,,,,,Per Diem,. Paid once per date of service,2022,,,,,,,Per Diem,. Paid once per date of service,,,,,,,,Other,"100 Percent of Medicaid APG. Not APG payable, or payable under another fee schedule like ASP/AWP pays at 30% of charges",2022,,,,,,,Per Diem,. Paid once per date of service,,,,,,,,Other,"100 Percent of Medicaid APG. Not APG payable, or payable under another fee schedule like ASP/AWP pays at 30% of charges",273.82,,,,,,,Fee Schedule,"100% ESRD FS. ",2022,,,,,,,Per Diem,. Paid once per date of service,729.612,78,,,,,0,percent of total billed charges,78% of Billed Charges. Lesser of 100% of billed charges applies.; No services were performed during the 15 month look back period.,,,,,,,,Other,"100 Percent of Medicaid APG. If not priced under APG, then Metroplus FeeSched",,,,,,,,Other,"100 Percent of Medicaid APG. If not priced under APG, then Metroplus FeeSched",729.612,78,,,,,0,percent of total billed charges,78% of Billed Charges. Lesser of 100% of billed charges applies.; No services were performed during the 15 month look back period.,1304,,,,,,,Other,. Paid once per unique code per service date and lesser of 100% of billed charges.,7575.29,,,,,,,Fee Schedule,". ",7575.29,,,,,,,Fee Schedule,". ",729.612,78,,,,,0,percent of total billed charges,78% of Billed Charges. Lesser of 100% of billed charges applies.; No services were performed during the 15 month look back period.,273.82,,,,,,,Fee Schedule,"100% ESRD FS. ",7446.86,,,,,,,Fee Schedule,". ",7446.86,,,,,,,Fee Schedule,". ",7446.86,,,,,,,Fee Schedule,". ",273.82,,,,,,,Fee Schedule,"100% ESRD FS. ",7446.86,,,,,,,Fee Schedule,". ",7446.86,,,,,,,Fee Schedule,". ",273.82,,,,,,,Fee Schedule,"100% of ESRD. ",467.7,50,,,,,0,percent of total billed charges,50 percent of billed charges; No services were performed during the 15 month look back period.,1889,,,,,,,Per Diem,". ",1889,,,,,,,Per Diem,". ",1889,,,,,,,Per Diem,". ",1889,,,,,,,Per Diem,". ",1889,,,,,,,Per Diem,". ",1889,,,,,,,Per Diem,". ",273.82,,,,,,,Fee Schedule,"100% ESRD FS. ",273.82,,,,,,,Fee Schedule,"100% ESRD FS. ",1889,,,,,,,Per Diem,". ",729.612,78,,,,,0,percent of total billed charges,78% of Billed Charges. Lesser of 100% of billed charges applies.; No services were performed during the 15 month look back period.,729.612,78,,,,,0,percent of total billed charges,78% of Billed Charges. Lesser of 100% of billed charges applies.; No services were performed during the 15 month look back period.,729.612,78,,,,,0,percent of total billed charges,78% of Billed Charges. Lesser of 100% of billed charges applies.; No services were performed during the 15 month look back period.,729.612,78,,,,,0,percent of total billed charges,78% of Billed Charges. Lesser of 100% of billed charges applies.; No services were performed during the 15 month look back period.,729.612,78,,,,,0,percent of total billed charges,78% of Billed Charges. Lesser of 100% of billed charges applies.; No services were performed during the 15 month look back period.,729.612,78,,,,,0,percent of total billed charges,78% of Billed Charges. Lesser of 100% of billed charges applies.; No services were performed during the 15 month look back period.,729.612,78,,,,,0,percent of total billed charges,78% of Billed Charges. Lesser of 100% of billed charges applies.; No services were performed during the 15 month look back period.,729.612,78,,,,,0,percent of total billed charges,78% of Billed Charges. Lesser of 100% of billed charges applies.; No services were performed during the 15 month look back period.,729.612,78,,,,,0,percent of total billed charges,78% of Billed Charges. Lesser of 100% of billed charges applies.; No services were performed during the 15 month look back period.,729.612,78,,,,,0,percent of total billed charges,78% of Billed Charges. Lesser of 100% of billed charges applies.; No services were performed during the 15 month look back period.,729.612,78,,,,,0,percent of total billed charges,78% of Billed Charges. Lesser of 100% of billed charges applies.; No services were performed during the 15 month look back period.,729.612,78,,,,,0,percent of total billed charges,78% of Billed Charges. Lesser of 100% of billed charges applies.; No services were performed during the 15 month look back period.,729.612,78,,,,,0,percent of total billed charges,78% of Billed Charges. Lesser of 100% of billed charges applies.; No services were performed during the 15 month look back period.,729.612,78,,,,,0,percent of total billed charges,78% of Billed Charges. Lesser of 100% of billed charges applies.; No services were performed during the 15 month look back period.,729.612,78,,,,,0,percent of total billed charges,78% of Billed Charges. Lesser of 100% of billed charges applies.; No services were performed during the 15 month look back period.,729.612,78,,,,,0,percent of total billed charges,78% of Billed Charges. Lesser of 100% of billed charges applies.; No services were performed during the 15 month look back period.,729.612,78,,,,,0,percent of total billed charges,78% of Billed Charges. Lesser of 100% of billed charges applies.; No services were performed during the 15 month look back period.,729.612,78,,,,,0,percent of total billed charges,78% of Billed Charges. Lesser of 100% of billed charges applies.; No services were performed during the 15 month look back period.,729.612,78,,,,,0,percent of total billed charges,78% of Billed Charges. Lesser of 100% of billed charges applies.; No services were performed during the 15 month look back period.,729.612,78,,,,,0,percent of total billed charges,78% of Billed Charges. Lesser of 100% of billed charges applies.; No services were performed during the 15 month look back period.,729.612,78,,,,,0,percent of total billed charges,78% of Billed Charges. Lesser of 100% of billed charges applies.; No services were performed during the 15 month look back period.,729.612,78,,,,,0,percent of total billed charges,78% of Billed Charges. Lesser of 100% of billed charges applies.; No services were performed during the 15 month look back period.,729.612,78,,,,,0,percent of total billed charges,78% of Billed Charges. Lesser of 100% of billed charges applies.; No services were performed during the 15 month look back period.,729.612,78,,,,,0,percent of total billed charges,78% of Billed Charges. Lesser of 100% of billed charges applies.; No services were performed during the 15 month look back period.,729.612,78,,,,,0,percent of total billed charges,78% of Billed Charges. Lesser of 100% of billed charges applies.; No services were performed during the 15 month look back period.,729.612,78,,,,,0,percent of total billed charges,78% of Billed Charges. Lesser of 100% of billed charges applies.; No services were performed during the 15 month look back period.,2022,,,,,,,Per Diem,. Paid once per date of service,2022,,,,,,,Per Diem,. Paid once per date of service,2022,,,,,,,Per Diem,. Paid once per date of service,2022,,,,,,,Per Diem,. Paid once per date of service,2891,,,,,,,Per Diem,. Paid once per date of service.,2891,,,,,,,Per Diem,. Paid once per date of service.,1304,,,,,,,Other,. Paid once per unique code per service date and lesser of 100% of billed charges.,1889,,,,,,,Per Diem,". ",7446.86,,,,,,,Fee Schedule,". ",1889,,,,,,,Per Diem,". ",729.612,78,,,,,0,percent of total billed charges,78% of Billed Charges. Lesser of 100% of billed charges applies.; No services were performed during the 15 month look back period.,2891,,,,,,,Per Diem,. Paid once per date of service.,1889,,,,,,,Per Diem,". ",7446.86,,,,,,,Fee Schedule,". ",1304,,,,,,,Other,. Paid once per unique code per service date and lesser of 100% of billed charges.,,,,,,,,,"NA. ",729.612,78,,,,,0,percent of total billed charges,78% of Billed Charges. Lesser of 100% of billed charges applies.; No services were performed during the 15 month look back period.,,,,,,,,Other,"100 Percent of Medicaid APG. ",2022,,,,,,,Per Diem,. Paid once per date of service,,,,,,,,Other,"100 Percent of Medicaid APG. Not APG payable, or payable under another fee schedule like ASP/AWP pays at 30% of charges",273.82,,,,,,,Fee Schedule,"100% ESRD FS. ",273.82,,,,,,,Fee Schedule,"100% ESRD FS. ",467.7,50,,,,,0,percent of total billed charges,50 percent of billed charges; No services were performed during the 15 month look back period.,273.82,,,,,,,Fee Schedule,"100% ESRD FS. ",273.82,,,,,,,Fee Schedule,"100% ESRD FS. ",,,,,,,,Other,"100 Percent of Medicaid APG. ",273.82,,,,,,,Fee Schedule,"100% ESRD FS. ",273.82,,,,,,,Fee Schedule,"100% ESRD FS. ",561.24,60,,,,,0,percent of total billed charges,60 percent of billed charges; No services were performed during the 15 month look back period.,561.24,60,,,,,0,percent of total billed charges,60 percent of billed charges; No services were performed during the 15 month look back period.,273.82,,,,,,,Fee Schedule,"100% ESRD FS. ",1304,,,,,,,Other,. Paid once per unique code per service date and lesser of 100% of billed charges.,7446.86,,,,,,,Fee Schedule,". ",7446.86,,,,,,,Fee Schedule,". ",273.82,,,,,,,Fee Schedule,"100% ESRD FS. ",1304,,,,,,,Other,. Paid once per unique code per service date and lesser of 100% of billed charges.,561.24,60,,,,,0,percent of total billed charges,60 percent of billed charges; No services were performed during the 15 month look back period.,561.24,60,,,,,0,percent of total billed charges,60 percent of billed charges; No services were performed during the 15 month look back period.,561.24,60,,,,,0,percent of total billed charges,60 percent of billed charges; No services were performed during the 15 month look back period.,729.612,78,,,,,0,percent of total billed charges,78% of Billed Charges. Lesser of 100% of billed charges applies.; No services were performed during the 15 month look back period.,729.612,78,,,,,0,percent of total billed charges,78% of Billed Charges. Lesser of 100% of billed charges applies.; No services were performed during the 15 month look back period.,729.612,78,,,,,0,percent of total billed charges,78% of Billed Charges. Lesser of 100% of billed charges applies.; No services were performed during the 15 month look back period.,729.612,78,,,,,0,percent of total billed charges,78% of Billed Charges. Lesser of 100% of billed charges applies.; No services were performed during the 15 month look back period.,729.612,78,,,,,0,percent of total billed charges,78% of Billed Charges. Lesser of 100% of billed charges applies.; No services were performed during the 15 month look back period.,729.612,78,,,,,0,percent of total billed charges,78% of Billed Charges. Lesser of 100% of billed charges applies.; No services were performed during the 15 month look back period.,729.612,78,,,,,0,percent of total billed charges,78% of Billed Charges. Lesser of 100% of billed charges applies.; No services were performed during the 15 month look back period.,729.612,78,,,,,0,percent of total billed charges,78% of Billed Charges. Lesser of 100% of billed charges applies.; No services were performed during the 15 month look back period.,729.612,78,,,,,0,percent of total billed charges,78% of Billed Charges. Lesser of 100% of billed charges applies.; No services were performed during the 15 month look back period.,729.612,78,,,,,0,percent of total billed charges,78% of Billed Charges. Lesser of 100% of billed charges applies.; No services were performed during the 15 month look back period.,729.612,78,,,,,0,percent of total billed charges,78% of Billed Charges. Lesser of 100% of billed charges applies.; No services were performed during the 15 month look back period.,2891,,,,,,,Per Diem,. Paid once per date of service.,1889,,,,,,,Per Diem,". ",1304,,,,,,,Other,. Paid once per unique code per service date and lesser of 100% of billed charges.,273.82,,,,,,,Fee Schedule,"100% ESRD FS. ",561.24,60,,,,,0,percent of total billed charges,60 percent of billed charges; No services were performed during the 15 month look back period.,1304,,,,,,,Other,. Paid once per unique code per service date and lesser of 100% of billed charges.,1304,,,,,,,Other,. Paid once per unique code per service date and lesser of 100% of billed charges.,729.612,78,,,,,0,percent of total billed charges,78% of Billed Charges. Lesser of 100% of billed charges applies.; No services were performed during the 15 month look back period.,,,,,,,,Other,"141 Percent of current Medicare RBRVS FeeSched. ",1304,,,,,,,Other,. Paid once per unique code per service date and lesser of 100% of billed charges.,,,,,,,,Other,"100 Percent of Medicaid APG. ",273.82,,,,,,,Fee Schedule,"100% ESRD FS. ",273.82,,,,,,,Fee Schedule,"100% ESRD FS. ",273.82,,,,,,,Fee Schedule,"100% ESRD FS. ",273.82,,,,,,,Fee Schedule,"100% ESRD FS. ",273.82,,,,,,,Fee Schedule,"100% ESRD FS. ",273.82,,,,,,,Fee Schedule,"100% ESRD FS. ",1304,,,,,,,Other,. Paid once per unique code per service date and lesser of 100% of billed charges.,467.7,50,,,,,0,percent of total billed charges,50 percent of billed charges; No services were performed during the 15 month look back period.,1755.3,,,,,,,Fee Schedule,"160 Percent of Medicare RBRVS. ",1755.3,,,,,,,Fee Schedule,"160 Percent of Medicare RBRVS. ",1755.3,,,,,,,Fee Schedule,"160 Percent of Medicare RBRVS. ",1755.3,,,,,,,Fee Schedule,"160 Percent of Medicare RBRVS. ",1755.3,,,,,,,Fee Schedule,"160 Percent of Medicare RBRVS. ",,,,,,,,,"NA. ",467.7,50,,,,,0,percent of total billed charges,50 percent of billed charges; No services were performed during the 15 month look back period.,,,,,,,,Fee Schedule,"Not Payable. ",,,,,,,,Fee Schedule,"Not Payable. ",,,,,,,,Fee Schedule,"Not Payable. ",,,,,,,,Fee Schedule,"Not Payable. ",,,,,,,,Fee Schedule,"Not Payable. ",273.82,,,,,,,Fee Schedule,"100% ESRD FS. ",2891,,,,,,,Per Diem,. Paid once per date of service.,2891,,,,,,,Per Diem,. Paid once per date of service.,2891,,,,,,,Per Diem,. Paid once per date of service.,2891,,,,,,,Per Diem,. Paid once per date of service.,561.24,60,,,,,0,percent of total billed charges,60 percent of billed charges; No services were performed during the 15 month look back period.,561.24,60,,,,,0,percent of total billed charges,60 percent of billed charges; No services were performed during the 15 month look back period.,561.24,60,,,,,0,percent of total billed charges,60 percent of billed charges; No services were performed during the 15 month look back period.,561.24,60,,,,,0,percent of total billed charges,60 percent of billed charges; No services were performed during the 15 month look back period.,467.7,50,,,,,0,percent of total billed charges,50 percent of billed charges; No services were performed during the 15 month look back period.,467.7,50,,,,,0,percent of total billed charges,50 percent of billed charges; No services were performed during the 15 month look back period.,273.82,,,,,,,Fee Schedule,"100% ESRD FS. ",273.82,,,,,,,Fee Schedule,"100% ESRD FS. ",273.82,,,,,,,Fee Schedule,"100% ESRD FS. ",1889,,,,,,,Per Diem,". ",1889,,,,,,,Per Diem,". ",1889,,,,,,,Per Diem,". ",467.7,50,,,,,0,percent of total billed charges,50 percent of billed charges; No services were performed during the 15 month look back period.,561.24,60,,,,,0,percent of total billed charges,60 percent of billed charges; No services were performed during the 15 month look back period.,273.82,,,,,,,Fee Schedule,"100% ESRD FS. ",1889,,,,,,,Per Diem,". ",,,,,,,,Other,"100 Percent of Medicaid APG. ",279.3,,,,,,,Fee Schedule,"100% of ESRD. ",279.3,,,,,,,Fee Schedule,"100% of ESRD. ",279.3,,,,,,,Fee Schedule,"100% of ESRD. ",987.35,,,,,,,Fee schedule,"90 Percent of Medicare RBRVS. ",,,,,,,,Fee Schedule,225% of NYS APG. Lesser of 100% of billed charges applies.,,,,,,,,Fee Schedule,225% of NYS APG. Lesser of 100% of billed charges applies.,,,,,,,,Fee Schedule,225% of NYS APG. Lesser of 100% of billed charges applies.,,,,,,,,Fee Schedule,225% of NYS APG. Lesser of 100% of billed charges applies.,,,,,,,,Fee Schedule,225% of NYS APG. Lesser of 100% of billed charges applies.,279.3,,,,,,,Fee Schedule,"100% of ESRD. ",,,,,,,,Other,"100 Percent of Medicaid APG. ",987.35,,,,,,,Fee Schedule,90 Percent of Medicare RBRVS. Lesser of 100% of billed charges applies.,,,,,,,,Fee Schedule,225% of NYS APG. Lesser of 100% of billed charges applies.,,,,,,,,Fee Schedule,225% of NYS APG. Lesser of 100% of billed charges applies.,987.35,,,,,,,Fee Schedule,90 Percent of Medicare RBRVS. Lesser of 100% of billed charges applies.,987.35,,,,,,,Fee Schedule,90 Percent of Medicare RBRVS. Lesser of 100% of billed charges applies.,1755.3,,,,,,,Fee Schedule,"160 Percent of Medicare RBRVS. ",273.82,,,,,,,Fee Schedule,"100% ESRD FS. ",273.82,,,,,,,Fee Schedule,"100% ESRD FS. ",561.24,60,,,,,0,percent of total billed charges,60 percent of billed charges; No services were performed during the 15 month look back period.,273.82,,,,,,,Fee Schedule,"100% ESRD FS. ",,,,,,,,Fee Schedule,"225 Percent of Medicaid APG. ",,,,,,,,Fee Schedule,"225 Percent of Medicaid APG. ",987.35,,,,,,,Fee schedule,"90 Percent of Medicare RBRVS. ",987.35,,,,,,,Fee schedule,"90 Percent of Medicare RBRVS. ",,,,,,,,Case Rate,Not Payable. Covered services not payable under Medicaid Fee Schedules default to a payment of 87.5 percent of charges.,987.35,,,,,,,Fee schedule,90 Percent of Medicare RBRVS. Covered services not payable under Medicaid Fee Schedules default to a payment of 50 percent of charges.,,,,,,,,Other,"100 Percent of Medicaid APG. ",,,,,,,,Other,"100 Percent of Medicaid APG. ",,,,,,,,Other,"100 Percent of Medicaid APG. ",,,,,,,,Other,"100 Percent of Medicaid APG. ",,,,,,,,,,467.7,50,,,,,0,percent of total billed charges,50 percent of billed charges; No services were performed during the 15 month look back period.,,,,,,,,Other,"120 Percent of Medicaid APG. Not APG payable, or payable under another fee schedule like ASP/AWP pays at 30% of charges",,,,,,,,Other,"120 Percent of Medicaid APG. Not APG payable, or payable under another fee schedule like ASP/AWP pays at 30% of charges",,,,,,,,Other,"100 Percent of Medicaid APG. Not APG payable, or payable under another fee schedule like ASP/AWP pays at 30% of charges",,,,,,,,Other,"100 Percent of Medicaid APG. Not APG payable, or payable under another fee schedule like ASP/AWP pays at 30% of charges",1889,,,,,,,Per Diem,". ",1889,,,,,,,Per Diem,". ",273.82,,,,,,,Fee Schedule,"100% ESRD FS. ",1889,,,,,,,Per Diem,". ",1889,,,,,,,Per Diem,". ",1889,,,,,,,Per Diem,". ",1889,,,,,,,Per Diem,". ",273.82,,,,,,,Fee Schedule,"100% ESRD FS. ",1889,,,,,,,Per Diem,". ",1889,,,,,,,Per Diem,". ",561.24,60,,,,,0,percent of total billed charges,60 percent of billed charges; No services were performed during the 15 month look back period.,1097.06,,,,,,,Fee Schedule,100% of RBRVS. Lesser of 100% of billed charges applies.,987.35,,,,,,,Fee schedule,90 Percent of Medicare RBRVS. Covered services not payable under Medicaid Fee Schedules default to a payment of 50 percent of charges.,,,,,,,,Fee Schedule,225% of NYS APG. Lesser of 100% of billed charges applies.,,,,,,,,Case Rate,Not Payable. Covered services not payable under Medicaid Fee Schedules default to a payment of 87.5 percent of charges.,987.35,,,,,,,Fee schedule,90 Percent of Medicare RBRVS. Covered services not payable under Medicaid Fee Schedules default to a payment of 50 percent of charges.,,,,,,,,Fee Schedule,225% of NYS APG. Lesser of 100% of billed charges applies.,,,,,,,,Fee Schedule,225% of NYS APG. Lesser of 100% of billed charges applies.,,,,,,,,Fee Schedule,225% of NYS APG. Lesser of 100% of billed charges applies.,,,,,,,,Fee Schedule,225% of NYS APG. Lesser of 100% of billed charges applies.,,,,,,,,Fee Schedule,225% of NYS APG. Lesser of 100% of billed charges applies.,,,,,,,,Fee Schedule,225% of NYS APG. Lesser of 100% of billed charges applies.,,,,,,,,,"NA. ",,,,,,,,,"NA. ",,,,,,,,,"NA. ",1304,,,,,,,Other,. Paid once per unique code per service date and lesser of 100% of billed charges.,,,,,,,,,"NA. ",273.82,,,,,,,Fee Schedule,"100% ESRD FS. ",882,,,,,,,Fee Schedule,"100 % 1199 Fee Schedule. ",273.82,,,,,,,Fee Schedule,"100% ESRD FS. ",273.82,,,,,,,Fee Schedule,"100% ESRD FS. ",,,,,,,,Other,"120 Percent of Medicaid APG. Not APG payable, or payable under another fee schedule like ASP/AWP pays at 30% of charges",,,,,,,,Other,"120 Percent of Medicaid APG. Not APG payable, or payable under another fee schedule like ASP/AWP pays at 30% of charges",,,,,,,,Other,"100 Percent of Medicaid APG. Not APG payable, or payable under another fee schedule like ASP/AWP pays at 30% of charges",,,,,,,,Other,"100 Percent of Medicaid APG. Not APG payable, or payable under another fee schedule like ASP/AWP pays at 30% of charges",,,,,,,,Other,"100 Percent of Medicaid APG. ",573,,,,,,,Per Diem,". ",561.24,60,,,,,0,percent of total billed charges,60 percent of billed charges; No services were performed during the 15 month look back period.,2022,,,,,,,Per Diem,. Paid once per date of service,1304,,,,,,,Other,. Paid once per unique code per service date and lesser of 100% of billed charges.,273.82,,,,,,,Fee Schedule,"100% ESRD FS. ",273.82,,,,,,,Fee Schedule,"100% ESRD FS. ",273.82,,,,,,,Fee Schedule,"100% ESRD FS. ",273.82,,,,,,,Fee Schedule,"100% ESRD FS. ",273.82,,,,,,,Fee Schedule,"100% ESRD FS. ",273.82,,,,,,,Fee Schedule,"100% ESRD FS. ",,,,,,,,,"NA. ",,,,,,,,Fee Schedule,225% of NYS APG. Lesser of 100% of billed charges applies.,987.35,,,,,,,Fee Schedule,90 Percent of Medicare RBRVS. Lesser of 100% of billed charges applies.,1889,,,,,,,Per Diem,". ",573,,,,,,,Per Diem,". ",573,,,,,,,Per Diem,". ",573,,,,,,,Per Diem,". ",573,,,,,,,Per Diem,". ",273.82,,,,,,,Fee Schedule,"100% ESRD FS. ",,,,,,,,Other,"100 Percent of Medicaid APG. ",1889,,,,,,,Per Diem,". ",,,,,,,,Other,"100 Percent of Medicaid APG. ",273.82,,,,,,,Fee Schedule,"100% ESRD FS. ",,,,,,,,Other,"100 Percent of Medicaid APG. ",273.82,,,,,,,Fee Schedule,"100% ESRD FS. ",273.82,,,,,,,Fee Schedule,"100% ESRD FS. ",,,,,,,,Other,"100 Percent of Medicaid APG. ",,,,,,,,Other,"100 Percent of Medicaid APG. ",573,,,,,,,Per Diem,". ",1304,,,,,,,Other,. Paid once per unique code per service date and lesser of 100% of billed charges.,729.612,78,,,,,0,percent of total billed charges,78% of Billed Charges. Lesser of 100% of billed charges applies.; No services were performed during the 15 month look back period.,7446.86,,,,,,,Fee Schedule,". ",7446.86,,,,,,,Fee Schedule,". ",561.24,60,,,,,0,percent of total billed charges,60 percent of billed charges; No services were performed during the 15 month look back period.,268.34,,,,,,,Fee Schedule,"100% of ESRD. ",2891,,,,,,,Per Diem,. Paid once per date of service.,2891,,,,,,,Per Diem,. Paid once per date of service.,1511,,,,,,,Per Diem,. Paid once per unique code per service date and lesser of 100% of billed charges.,1511,,,,,,,Per Diem,. Paid once per unique code per service date and lesser of 100% of billed charges.,273.82,,,,,,,Fee Schedule,"100% ESRD FS. ",273.82,,,,,,,Fee Schedule,"100% ESRD FS. ",273.82,,,,,,,Fee Schedule,"100% ESRD FS. ",273.82,,,,,,,Fee Schedule,"100% ESRD FS. ",7446.86,,,,,,,Fee Schedule,". ",1889,,,,,,,Per Diem,". ",1889,,,,,,,Per Diem,". ",273.82,,,,,,,Fee Schedule,"100% ESRD FS. ",1511,,,,,,,Per Diem,. Paid once per unique code per service date and lesser of 100% of billed charges.,2022,,,,,,,Per Diem,. Paid once per date of service,,,,,,,,Fee Schedule,"120 Percent of Medicaid APG. ",,,,,,,,Other,"100 Percent of Medicaid APG. ",573,,,,,,,Per Diem,". ",1700,,,,,,,Per Diem,. Paid once per unique code per service date and lesser of 100% of billed charges.,1700,,,,,,,Per Diem,. Paid once per unique code per service date and lesser of 100% of billed charges.,1889,,,,,,,Per Diem,". ",467.7,50,,,,,0,percent of total billed charges,50 percent of billed charges; No services were performed during the 15 month look back period.,273.82,,,,,,,Fee Schedule,"100% ESRD FS. ",,,,,,,,Fee Schedule,"Not payable. ",,,,,,,,Fee Schedule,"Not payable. ",,,,,,,,Fee Schedule,"Not payable. ",,,,,,,,Fee Schedule,"Not payable. ",7446.86,,,,,,,Fee Schedule,". ",,,,,,,,Fee Schedule,"Not payable. ",,,,,,,,Fee Schedule,"Not payable. ",,,,,,,,Fee Schedule,"Not payable. ",,,,,,,,Fee Schedule,"Not payable. ",,,,,,,,Fee Schedule,"Not payable. ",,,,,,,,Fee Schedule,"Not payable. ",,,,,,,,Fee Schedule,"Not payable. ",273.82,,,,,,,Fee Schedule,"100% ESRD FS. ",7446.86,,,,,,,Fee Schedule,". ",273.82,,,,,,,Fee Schedule,"100% ESRD FS. ",,,,,,,,Fee Schedule,"Not payable. ",1889,,,,,,,Per Diem,". ",273.82,,,,,,,Fee Schedule,"100% ESRD FS. ",1889,,,,,,,Per Diem,". ",1889,,,,,,,Per Diem,". ",1889,,,,,,,Per Diem,". ",,,,,,,,Fee Schedule,"Not payable. ",273.82,,,,,,,Fee Schedule,"100% ESRD FS. ",1889,,,,,,,Per Diem,". ",,,,,,,,Fee Schedule,"Not payable. ",1889,,,,,,,Per Diem,". ",410.73,,,,,,,Fee Schedule,"100% of ERSD. ",273.82,,,,,,,Fee Schedule,"100% ESRD FS. ",573,,,,,,,Per Diem,". ",573,,,,,,,Per Diem,". ",573,,,,,,,Per Diem,". ",573,,,,,,,Per Diem,". ",573,,,,,,,Per Diem,". ",2022,,,,,,,Per Diem,. Paid once per date of service,2022,,,,,,,Per Diem,. Paid once per date of service,573,,,,,,,Per Diem,". ",573,,,,,,,Per Diem,". ",573,,,,,,,Per Diem,". ",573,,,,,,,Per Diem,". ",573,,,,,,,Per Diem,". ",273.82,,,,,,,Fee Schedule,"100% ESRD FS. ",2022,,,,,,,Per Diem,. Paid once per date of service,273.82,,,,,,,Fee Schedule,"100% ESRD FS. ",,,,,,,,Other,"225 Percent of Medicaid APG. If not included in Medicaid APG, then 100 Percent of Manhattan Medicare",,,,,,,,Other,"100 Percent of Medicaid APG. If not priced under APG, then Metroplus FeeSched",7446.86,,,,,,,Fee Schedule,". ",7446.86,,,,,,,Fee Schedule,". ",273.82,,,,,,,Fee Schedule,"100% ESRD FS. ",2891,,,,,,,Per Diem,. Paid once per date of service.,273.82,,,,,,,Fee Schedule,"100% ESRD FS. ",273.82,,,,,,,Fee Schedule,"100% ESRD FS. ",561.24,60,,,,,0,percent of total billed charges,60 percent of billed charges; No services were performed during the 15 month look back period.,273.82,,,,,,,Fee Schedule,"100% ESRD FS. ",1304,,,,,,,Other,. Paid once per unique code per service date and lesser of 100% of billed charges.,273.82,,,,,,,Fee Schedule,"100% ESRD FS. ",1304,,,,,,,Other,. Paid once per unique code per service date and lesser of 100% of billed charges.,561.24,60,,,,,0,percent of total billed charges,60 percent of billed charges; No services were performed during the 15 month look back period.,1304,,,,,,,Other,. Paid once per unique code per service date and lesser of 100% of billed charges.,273.82,,,,,,,Fee Schedule,"100% ESRD FS. ",,,,,,,,Other,"100 Percent of Medicaid APG. ",273.82,,,,,,,Fee Schedule,"100% ESRD FS. ",1304,,,,,,,Other,. Paid once per unique code per service date and lesser of 100% of billed charges.,7446.86,,,,,,,Fee Schedule,". ",,,,,,,,Other,"100 Percent of Medicaid APG. ",1889,,,,,,,Per Diem,". ",,,,,,,,Fee Schedule,"120 Percent of Medicaid APG. ",,,,,,,,Fee Schedule,"120 Percent of Medicaid APG. ",1889,,,,,,,Per Diem,". ",1889,,,,,,,Per Diem,". ",1889,,,,,,,Per Diem,". ",7446.86,,,,,,,Fee Schedule,". ",1889,,,,,,,Per Diem,". ",1889,,,,,,,Per Diem,". ",1889,,,,,,,Per Diem,". ",573,,,,,,,Per Diem,". ",573,,,,,,,Per Diem,". ",,,,,,,,Fee Schedule,"Not Payable. ",,,,,,,,Other,"100 Percent of Medicaid APG. ",7446.86,,,,,,,Fee Schedule,". ",1304,,,,,,,Other,. Paid once per unique code per service date and lesser of 100% of billed charges.,561.24,60,,,,,0,percent of total billed charges,60 percent of billed charges; No services were performed during the 15 month look back period.,7446.86,,,,,,,Fee Schedule,". ",561.24,60,,,,,0,percent of total billed charges,60 percent of billed charges; No services were performed during the 15 month look back period.,7446.86,,,,,,,Fee Schedule,". ",1889,,,,,,,Per Diem,". ",1889,,,,,,,Per Diem,". ",1889,,,,,,,Per Diem,". ",1889,,,,,,,Per Diem,". ",273.82,,,,,,,Fee Schedule,"100% ESRD FS. ",268.34,7685.62,
92567,CPT,2021988,LOCAL,471,RC,HC TYMPANOMETRY,130.41,24.7779,both,,,,27,,,,,,,Fee Schedule,"100 % 1199 Fee Schedule. ",27,,,,,,,Fee Schedule,"100 % 1199 Fee Schedule. ",78.246,60,,,,,0,percent of total billed charges,60 percent of billed charges; No services were performed during the 15 month look back period.,130.41,100,,,,,0,percent of total billed charges,100 percent of billed charges. ; No services were performed during the 15 month look back period.,46.44,,,,,,,Case Rate,"100% Medicare OPPS FS. ",78.246,60,,,,,0,percent of total billed charges,60 percent of billed charges; No services were performed during the 15 month look back period.,78.246,60,,78.25,78.25,78.25,1 through 10,percent of total billed charges,60 percent of billed charges,78.246,60,,,,,0,percent of total billed charges,60 percent of billed charges; No services were performed during the 15 month look back period.,192.37,,,,,,,Case Rate,"100 Percent of Medicaid APG. ",160.31,,,,,,,Case Rate,"100 Percent of Medicaid APG. ",101.7198,78,,,,,0,percent of total billed charges,78% of Billed Charges. Lesser of 100% of billed charges applies.; No services were performed during the 15 month look back period.,99.04,,,,,,,Fee Schedule,". ",160.31,,,,,,,Case Rate,"100 Percent of Medicaid APG. ",46.44,,,,,,,Case Rate,"100% Medicare OPPS FS. ",78.246,60,,,,,0,percent of total billed charges,60 percent of billed charges; No services were performed during the 15 month look back period.,78.246,60,,,,,0,percent of total billed charges,60 percent of billed charges; No services were performed during the 15 month look back period.,78.246,60,,,,,0,percent of total billed charges,60 percent of billed charges; No services were performed during the 15 month look back period.,78.246,60,,,,,0,percent of total billed charges,60 percent of billed charges; No services were performed during the 15 month look back period.,10.6,,,,,,,Fee schedule,90 Percent of Medicare RBRVS. Covered services not payable under Medicaid Fee Schedules default to a payment of 50 percent of charges.,46.44,,,,,,,Case Rate,"100% Medicare OPPS FS. ",10.6,,,,,,,Fee schedule,90 Percent of Medicare RBRVS. Covered services not payable under Medicaid Fee Schedules default to a payment of 50 percent of charges.,101.7198,78,,,,,0,percent of total billed charges,78% of Billed Charges. Lesser of 100% of billed charges applies.; No services were performed during the 15 month look back period.,78.246,60,,,,,0,percent of total billed charges,60 percent of billed charges; No services were performed during the 15 month look back period.,46.44,,,,,,,Case Rate,"100%Medicare OPPS FS. ",8427,,,,,,,Case Rate,". Primary procedure pays at 100%, all subsequent at 50%.",46.44,,,,,,,Case Rate,"100%Medicare OPPS FS. ",46.44,,,,,,,Case Rate,"100%Medicare OPPS FS. ",101.7198,78,,,,,0,percent of total billed charges,78% of Billed Charges. Lesser of 100% of billed charges applies.; No services were performed during the 15 month look back period.,10.6,,,,,,,Fee Schedule,90 Percent of Medicare RBRVS. Lesser of 100% of billed charges applies.,10.6,,,,,,,Fee Schedule,90 Percent of Medicare RBRVS. Lesser of 100% of billed charges applies.,10.6,,,,,,,Fee schedule,"90 Percent of Medicare RBRVS. ",10.6,,,,,,,Fee schedule,"90 Percent of Medicare RBRVS. ",8427,,,,,,,Case Rate,". Primary procedure pays at 100%, all subsequent at 50%.",8427,,,,,,,Case Rate,". Primary procedure pays at 100%, all subsequent at 50%.",160.31,,,,,,,Case Rate,"100 Percent of Medicaid APG. Not APG payable, or payable under another fee schedule like ASP/AWP pays at 30% of charges",8427,,,,,,,Case Rate,". Primary procedure pays at 100%, all subsequent at 50%.",160.31,,,,,,,Case Rate,"100 Percent of Medicaid APG. Not APG payable, or payable under another fee schedule like ASP/AWP pays at 30% of charges",46.44,,,,,,,Case Rate,"100%Medicare OPPS FS. ",8427,,,,,,,Case Rate,". Primary procedure pays at 100%, all subsequent at 50%.",101.7198,78,,,,,0,percent of total billed charges,78% of Billed Charges. Lesser of 100% of billed charges applies.; No services were performed during the 15 month look back period.,160.31,,,,,,,Case Rate,"100 Percent of Medicaid APG. ",160.31,,,,,,,Case Rate,"100 Percent of Medicaid APG. ",101.7198,78,,,,,0,percent of total billed charges,78% of Billed Charges. Lesser of 100% of billed charges applies.; No services were performed during the 15 month look back period.,78.246,60,,,,,0,percent of total billed charges,60 percent of billed charges; No services were performed during the 15 month look back period.,100.75,,,,,,,Fee Schedule,". ",100.75,,,,,,,Fee Schedule,". ",101.7198,78,,,,,0,percent of total billed charges,78% of Billed Charges. Lesser of 100% of billed charges applies.; No services were performed during the 15 month look back period.,46.44,,,,,,,Case Rate,"100% Medicare OPPS FS. ",99.04,,,,,,,Fee Schedule,". ",99.04,,,,,,,Fee Schedule,". ",99.04,,,,,,,Fee Schedule,". ",46.44,,,,,,,Case Rate,"100% Medicare OPPS FS. ",99.04,,,,,,,Fee Schedule,". ",99.04,,,,,,,Fee Schedule,". ",46.44,,,,,,,Case Rate,"100% of Medicare OPPS. ",25798,,,,,,,Case Rate,". MPL 100/75/50% all add ons apply, and lesser of 100% of billed charges",120.99,,,,,,,Fee Schedule,"758.1 % 2013 Manhattan Medicare. ",120.99,,,,,,,Fee Schedule,"758.1 % 2013 Manhattan Medicare. ",120.99,,,,,,,Fee Schedule,"758.1 % 2013 Manhattan Medicare. ",120.99,,,,,,,Fee Schedule,"758.1 % 2013 Manhattan Medicare. ",120.99,,,,,,,Fee Schedule,"758.1 % 2013 Manhattan Medicare. ",120.99,,,,,,,Fee Schedule,"758.1 % 2013 Manhattan Medicare. ",46.44,,,,,,,Case Rate,"100% Medicare OPPS FS. ",46.44,,,,,,,Case Rate,"100% Medicare OPPS FS. ",120.99,,,,,,,Fee Schedule,"758.1 % 2013 Manhattan Medicare. ",101.7198,78,,,,,0,percent of total billed charges,78% of Billed Charges. Lesser of 100% of billed charges applies.; No services were performed during the 15 month look back period.,101.7198,78,,,,,0,percent of total billed charges,78% of Billed Charges. Lesser of 100% of billed charges applies.; No services were performed during the 15 month look back period.,101.7198,78,,,,,0,percent of total billed charges,78% of Billed Charges. Lesser of 100% of billed charges applies.; No services were performed during the 15 month look back period.,101.7198,78,,,,,0,percent of total billed charges,78% of Billed Charges. Lesser of 100% of billed charges applies.; No services were performed during the 15 month look back period.,101.7198,78,,,,,0,percent of total billed charges,78% of Billed Charges. Lesser of 100% of billed charges applies.; No services were performed during the 15 month look back period.,101.7198,78,,,,,0,percent of total billed charges,78% of Billed Charges. Lesser of 100% of billed charges applies.; No services were performed during the 15 month look back period.,101.7198,78,,,,,0,percent of total billed charges,78% of Billed Charges. Lesser of 100% of billed charges applies.; No services were performed during the 15 month look back period.,101.7198,78,,,,,0,percent of total billed charges,78% of Billed Charges. Lesser of 100% of billed charges applies.; No services were performed during the 15 month look back period.,101.7198,78,,,,,0,percent of total billed charges,78% of Billed Charges. Lesser of 100% of billed charges applies.; No services were performed during the 15 month look back period.,101.7198,78,,,,,0,percent of total billed charges,78% of Billed Charges. Lesser of 100% of billed charges applies.; No services were performed during the 15 month look back period.,101.7198,78,,,,,0,percent of total billed charges,78% of Billed Charges. Lesser of 100% of billed charges applies.; No services were performed during the 15 month look back period.,101.7198,78,,,,,0,percent of total billed charges,78% of Billed Charges. Lesser of 100% of billed charges applies.; No services were performed during the 15 month look back period.,101.7198,78,,,,,0,percent of total billed charges,78% of Billed Charges. Lesser of 100% of billed charges applies.; No services were performed during the 15 month look back period.,101.7198,78,,,,,0,percent of total billed charges,78% of Billed Charges. Lesser of 100% of billed charges applies.; No services were performed during the 15 month look back period.,101.7198,78,,,,,0,percent of total billed charges,78% of Billed Charges. Lesser of 100% of billed charges applies.; No services were performed during the 15 month look back period.,101.7198,78,,,,,0,percent of total billed charges,78% of Billed Charges. Lesser of 100% of billed charges applies.; No services were performed during the 15 month look back period.,101.7198,78,,,,,0,percent of total billed charges,78% of Billed Charges. Lesser of 100% of billed charges applies.; No services were performed during the 15 month look back period.,101.7198,78,,,,,0,percent of total billed charges,78% of Billed Charges. Lesser of 100% of billed charges applies.; No services were performed during the 15 month look back period.,101.7198,78,,,,,0,percent of total billed charges,78% of Billed Charges. Lesser of 100% of billed charges applies.; No services were performed during the 15 month look back period.,101.7198,78,,,,,0,percent of total billed charges,78% of Billed Charges. Lesser of 100% of billed charges applies.; No services were performed during the 15 month look back period.,101.7198,78,,,,,0,percent of total billed charges,78% of Billed Charges. Lesser of 100% of billed charges applies.; No services were performed during the 15 month look back period.,101.7198,78,,,,,0,percent of total billed charges,78% of Billed Charges. Lesser of 100% of billed charges applies.; No services were performed during the 15 month look back period.,101.7198,78,,,,,0,percent of total billed charges,78% of Billed Charges. Lesser of 100% of billed charges applies.; No services were performed during the 15 month look back period.,101.7198,78,,,,,0,percent of total billed charges,78% of Billed Charges. Lesser of 100% of billed charges applies.; No services were performed during the 15 month look back period.,101.7198,78,,,,,0,percent of total billed charges,78% of Billed Charges. Lesser of 100% of billed charges applies.; No services were performed during the 15 month look back period.,101.7198,78,,,,,0,percent of total billed charges,78% of Billed Charges. Lesser of 100% of billed charges applies.; No services were performed during the 15 month look back period.,8427,,,,,,,Case Rate,". Primary procedure pays at 100%, all subsequent at 50%.",8427,,,,,,,Case Rate,". Primary procedure pays at 100%, all subsequent at 50%.",8427,,,,,,,Case Rate,". Primary procedure pays at 100%, all subsequent at 50%.",8427,,,,,,,Case Rate,". Primary procedure pays at 100%, all subsequent at 50%.",12574,,,,,,,Case Rate,". Primary procedure pays at 100%, all subsequent at 50%.",12574,,,,,,,Case Rate,". Primary procedure pays at 100%, all subsequent at 50%.",78.246,60,,,,,0,percent of total billed charges,60 percent of billed charges; No services were performed during the 15 month look back period.,120.99,,,,,,,Fee Schedule,"758.1 % 2013 Manhattan Medicare. ",99.04,,,,,,,Fee Schedule,". ",120.99,,,,,,,Fee Schedule,"758.1 % 2013 Manhattan Medicare. ",101.7198,78,,,,,0,percent of total billed charges,78% of Billed Charges. Lesser of 100% of billed charges applies.; No services were performed during the 15 month look back period.,12574,,,,,,,Case Rate,". Primary procedure pays at 100%, all subsequent at 50%.",120.99,,,,,,,Fee Schedule,"758.1 % 2013 Manhattan Medicare. ",99.04,,,,,,,Fee Schedule,". ",78.246,60,,,,,0,percent of total billed charges,60 percent of billed charges; No services were performed during the 15 month look back period.,,,,,,,,,"NA. ",101.7198,78,,,,,0,percent of total billed charges,78% of Billed Charges. Lesser of 100% of billed charges applies.; No services were performed during the 15 month look back period.,160.31,,,,,,,Case Rate,"100 Percent of Medicaid APG. ",8427,,,,,,,Case Rate,". Primary procedure pays at 100%, all subsequent at 50%.",160.31,,,,,,,Case Rate,"100 Percent of Medicaid APG. Not APG payable, or payable under another fee schedule like ASP/AWP pays at 30% of charges",46.44,,,,,,,Case Rate,"100%Medicare OPPS FS. ",46.44,,,,,,,Case Rate,"100% Medicare OPPS FS. ",25798,,,,,,,Case Rate,". MPL 100/75/50% all add ons apply, and lesser of 100% of billed charges",46.44,,,,,,,Case Rate,"100% Medicare OPPS FS. ",46.44,,,,,,,Case Rate,"100% Medicare OPPS FS. ",160.31,,,,,,,Case Rate,"100 Percent of Medicaid APG. ",46.44,,,,,,,Case Rate,"100% Medicare OPPS FS. ",46.44,,,,,,,Case Rate,"100% Medicare OPPS FS. ",78.246,60,,,,,0,percent of total billed charges,60 percent of billed charges; No services were performed during the 15 month look back period.,78.246,60,,,,,0,percent of total billed charges,60 percent of billed charges; No services were performed during the 15 month look back period.,46.44,,,,,,,Case Rate,"100% Medicare OPPS FS. ",78.246,60,,,,,0,percent of total billed charges,60 percent of billed charges; No services were performed during the 15 month look back period.,99.04,,,,,,,Fee Schedule,". ",99.04,,,,,,,Fee Schedule,". ",46.44,,,,,,,Case Rate,"100% Medicare OPPS FS. ",78.246,60,,,,,0,percent of total billed charges,60 percent of billed charges; No services were performed during the 15 month look back period.,78.246,60,,,,,0,percent of total billed charges,60 percent of billed charges; No services were performed during the 15 month look back period.,78.246,60,,,,,0,percent of total billed charges,60 percent of billed charges; No services were performed during the 15 month look back period.,78.246,60,,,,,0,percent of total billed charges,60 percent of billed charges; No services were performed during the 15 month look back period.,101.7198,78,,,,,0,percent of total billed charges,78% of Billed Charges. Lesser of 100% of billed charges applies.; No services were performed during the 15 month look back period.,101.7198,78,,,,,0,percent of total billed charges,78% of Billed Charges. Lesser of 100% of billed charges applies.; No services were performed during the 15 month look back period.,101.7198,78,,,,,0,percent of total billed charges,78% of Billed Charges. Lesser of 100% of billed charges applies.; No services were performed during the 15 month look back period.,101.7198,78,,,,,0,percent of total billed charges,78% of Billed Charges. Lesser of 100% of billed charges applies.; No services were performed during the 15 month look back period.,101.7198,78,,,,,0,percent of total billed charges,78% of Billed Charges. Lesser of 100% of billed charges applies.; No services were performed during the 15 month look back period.,101.7198,78,,,,,0,percent of total billed charges,78% of Billed Charges. Lesser of 100% of billed charges applies.; No services were performed during the 15 month look back period.,101.7198,78,,,,,0,percent of total billed charges,78% of Billed Charges. Lesser of 100% of billed charges applies.; No services were performed during the 15 month look back period.,101.7198,78,,,,,0,percent of total billed charges,78% of Billed Charges. Lesser of 100% of billed charges applies.; No services were performed during the 15 month look back period.,101.7198,78,,,,,0,percent of total billed charges,78% of Billed Charges. Lesser of 100% of billed charges applies.; No services were performed during the 15 month look back period.,101.7198,78,,,,,0,percent of total billed charges,78% of Billed Charges. Lesser of 100% of billed charges applies.; No services were performed during the 15 month look back period.,101.7198,78,,,,,0,percent of total billed charges,78% of Billed Charges. Lesser of 100% of billed charges applies.; No services were performed during the 15 month look back period.,12574,,,,,,,Case Rate,". Primary procedure pays at 100%, all subsequent at 50%.",120.99,,,,,,,Fee Schedule,"758.1 % 2013 Manhattan Medicare. ",78.246,60,,,,,0,percent of total billed charges,60 percent of billed charges; No services were performed during the 15 month look back period.,46.44,,,,,,,Case Rate,"100% Medicare OPPS FS. ",78.246,60,,,,,0,percent of total billed charges,60 percent of billed charges; No services were performed during the 15 month look back period.,78.246,60,,,,,0,percent of total billed charges,60 percent of billed charges; No services were performed during the 15 month look back period.,78.246,60,,,,,0,percent of total billed charges,60 percent of billed charges; No services were performed during the 15 month look back period.,101.7198,78,,,,,0,percent of total billed charges,78% of Billed Charges. Lesser of 100% of billed charges applies.; No services were performed during the 15 month look back period.,343.06,,,,,,,Case Rate,"141 Percent of current Medicare RBRVS FeeSched. ",78.246,60,,,,,0,percent of total billed charges,60 percent of billed charges; No services were performed during the 15 month look back period.,160.31,,,,,,,Case Rate,"100 Percent of Medicaid APG. ",46.44,,,,,,,Case Rate,"100% Medicare OPPS FS. ",46.44,,,,,,,Case Rate,"100% Medicare OPPS FS. ",46.44,,,,,,,Case Rate,"100% Medicare OPPS FS. ",46.44,,,,,,,Case Rate,"100% Medicare OPPS FS. ",46.44,,,,,,,Case Rate,"100% Medicare OPPS FS. ",46.44,,,,,,,Case Rate,"100% Medicare OPPS FS. ",78.246,60,,,,,0,percent of total billed charges,60 percent of billed charges; No services were performed during the 15 month look back period.,25798,,,,,,,Case Rate,". MPL 100/75/50% all add ons apply, and lesser of 100% of billed charges",18.85,,,,,,,Fee Schedule,"160 Percent of Medicare RBRVS. ",18.85,,,,,,,Fee Schedule,"160 Percent of Medicare RBRVS. ",18.85,,,,,,,Fee Schedule,"160 Percent of Medicare RBRVS. ",18.85,,,,,,,Fee Schedule,"160 Percent of Medicare RBRVS. ",18.85,,,,,,,Fee Schedule,"160 Percent of Medicare RBRVS. ",,,,,,,,,"NA. ",25798,,,,,,,Case Rate,". MPL 100/75/50% all add ons apply, and lesser of 100% of billed charges",91.96,,,,,,,Case Rate,198 Percent of Medicare OPPS. Metroplus will reimburse unlisted codes and described codes with no Medicare rate at 50 percent of charges.,91.96,,,,,,,Case Rate,198 Percent of Medicare OPPS. Metroplus will reimburse unlisted codes and described codes with no Medicare rate at 50 percent of charges.,91.96,,,,,,,Case Rate,198 Percent of Medicare OPPS. Metroplus will reimburse unlisted codes and described codes with no Medicare rate at 50 percent of charges.,91.96,,,,,,,Case Rate,198 Percent of Medicare OPPS. Metroplus will reimburse unlisted codes and described codes with no Medicare rate at 50 percent of charges.,91.96,,,,,,,Case Rate,198 Percent of Medicare OPPS. Metroplus will reimburse unlisted codes and described codes with no Medicare rate at 50 percent of charges.,46.44,,,,,,,Case Rate,"100% Medicare OPPS FS. ",12574,,,,,,,Case Rate,". Primary procedure pays at 100%, all subsequent at 50%.",12574,,,,,,,Case Rate,". Primary procedure pays at 100%, all subsequent at 50%.",12574,,,,,,,Case Rate,". Primary procedure pays at 100%, all subsequent at 50%.",12574,,,,,,,Case Rate,". Primary procedure pays at 100%, all subsequent at 50%.",78.246,60,,,,,0,percent of total billed charges,60 percent of billed charges; No services were performed during the 15 month look back period.,78.246,60,,,,,0,percent of total billed charges,60 percent of billed charges; No services were performed during the 15 month look back period.,78.246,60,,,,,0,percent of total billed charges,60 percent of billed charges; No services were performed during the 15 month look back period.,78.246,60,,,,,0,percent of total billed charges,60 percent of billed charges; No services were performed during the 15 month look back period.,25798,,,,,,,Case Rate,". MPL 100/75/50% all add ons apply, and lesser of 100% of billed charges",25798,,,,,,,Case Rate,". MPL 100/75/50% all add ons apply, and lesser of 100% of billed charges",46.44,,,,,,,Case Rate,"100% Medicare OPPS FS. ",46.44,,,,,,,Case Rate,"100% Medicare OPPS FS. ",46.44,,,,,,,Case Rate,"100% Medicare OPPS FS. ",120.99,,,,,,,Fee Schedule,"758.1 % 2013 Manhattan Medicare. ",120.99,,,,,,,Fee Schedule,"758.1 % 2013 Manhattan Medicare. ",120.99,,,,,,,Fee Schedule,"758.1 % 2013 Manhattan Medicare. ",25798,,,,,,,Case Rate,". MPL 100/75/50% all add ons apply, and lesser of 100% of billed charges",78.246,60,,,,,0,percent of total billed charges,60 percent of billed charges; No services were performed during the 15 month look back period.,46.44,,,,,,,Case Rate,"100% Medicare OPPS FS. ",120.99,,,,,,,Fee Schedule,"758.1 % 2013 Manhattan Medicare. ",160.31,,,,,,,Case Rate,"100 Percent of Medicaid APG. ",47.37,,,,,,,Case Rate,"102% of Medicare OPPS. ",47.37,,,,,,,Case Rate,"102% of Medicare OPPS. ",47.37,,,,,,,Case Rate,"102% of Medicare OPPS. ",10.6,,,,,,,Fee schedule,"90 Percent of Medicare RBRVS. ",360.69,,,,,,,Fee Schedule,225% of NYS APG. Lesser of 100% of billed charges applies.,360.69,,,,,,,Fee Schedule,225% of NYS APG. Lesser of 100% of billed charges applies.,360.69,,,,,,,Fee Schedule,225% of NYS APG. Lesser of 100% of billed charges applies.,360.69,,,,,,,Fee Schedule,225% of NYS APG. Lesser of 100% of billed charges applies.,360.69,,,,,,,Fee Schedule,225% of NYS APG. Lesser of 100% of billed charges applies.,47.37,,,,,,,Case Rate,"102% of Medicare OPPS. ",160.31,,,,,,,Case Rate,"100 Percent of Medicaid APG. ",10.6,,,,,,,Fee Schedule,90 Percent of Medicare RBRVS. Lesser of 100% of billed charges applies.,360.69,,,,,,,Fee Schedule,225% of NYS APG. Lesser of 100% of billed charges applies.,360.69,,,,,,,Fee Schedule,225% of NYS APG. Lesser of 100% of billed charges applies.,10.6,,,,,,,Fee Schedule,90 Percent of Medicare RBRVS. Lesser of 100% of billed charges applies.,10.6,,,,,,,Fee Schedule,90 Percent of Medicare RBRVS. Lesser of 100% of billed charges applies.,18.85,,,,,,,Fee Schedule,"160 Percent of Medicare RBRVS. ",46.44,,,,,,,Case Rate,"100% Medicare OPPS FS. ",46.44,,,,,,,Case Rate,"100% Medicare OPPS FS. ",78.246,60,,,,,0,percent of total billed charges,60 percent of billed charges; No services were performed during the 15 month look back period.,46.44,,,,,,,Case Rate,"100% Medicare OPPS FS. ",360.69,,,,,,,Fee Schedule,"225 Percent of Medicaid APG. ",360.69,,,,,,,Fee Schedule,"225 Percent of Medicaid APG. ",10.6,,,,,,,Fee schedule,"90 Percent of Medicare RBRVS. ",10.6,,,,,,,Fee schedule,"90 Percent of Medicare RBRVS. ",360.69,,,,,,,Case Rate,225 Percent of Medicaid APG. Covered services not payable under Medicaid Fee Schedules default to a payment of 87.5 percent of charges.,10.6,,,,,,,Fee schedule,90 Percent of Medicare RBRVS. Covered services not payable under Medicaid Fee Schedules default to a payment of 50 percent of charges.,360.69,,,,,,,Case Rate,"100 Percent of Medicaid APG. ",360.69,,,,,,,Case Rate,"100 Percent of Medicaid APG. ",360.69,,,,,,,Case Rate,"100 Percent of Medicaid APG. ",360.69,,,,,,,Case Rate,"100 Percent of Medicaid APG. ",13453,,,,,,,Case Rate,". MPL 100/75/50% all add ons apply, and lesser of 100% of billed charges",25798,,,,,,,Case Rate,". MPL 100/75/50% all add ons apply, and lesser of 100% of billed charges",192.37,,,,,,,Case Rate,"120 Percent of Medicaid APG. Not APG payable, or payable under another fee schedule like ASP/AWP pays at 30% of charges",192.37,,,,,,,Case Rate,"120 Percent of Medicaid APG. Not APG payable, or payable under another fee schedule like ASP/AWP pays at 30% of charges",160.31,,,,,,,Case Rate,"100 Percent of Medicaid APG. Not APG payable, or payable under another fee schedule like ASP/AWP pays at 30% of charges",160.31,,,,,,,Case Rate,"100 Percent of Medicaid APG. Not APG payable, or payable under another fee schedule like ASP/AWP pays at 30% of charges",120.99,,,,,,,Fee Schedule,"758.1 % 2013 Manhattan Medicare. ",120.99,,,,,,,Fee Schedule,"758.1 % 2013 Manhattan Medicare. ",46.44,,,,,,,Case Rate,"100% Medicare OPPS FS. ",120.99,,,,,,,Fee Schedule,"758.1 % 2013 Manhattan Medicare. ",120.99,,,,,,,Fee Schedule,"758.1 % 2013 Manhattan Medicare. ",120.99,,,,,,,Fee Schedule,"758.1 % 2013 Manhattan Medicare. ",120.99,,,,,,,Fee Schedule,"758.1 % 2013 Manhattan Medicare. ",46.44,,,,,,,Case Rate,"100% Medicare OPPS FS. ",120.99,,,,,,,Fee Schedule,"758.1 % 2013 Manhattan Medicare. ",120.99,,,,,,,Fee Schedule,"758.1 % 2013 Manhattan Medicare. ",78.246,60,,,,,0,percent of total billed charges,60 percent of billed charges; No services were performed during the 15 month look back period.,11.78,,,,,,,Fee Schedule,100% of RBRVS. Lesser of 100% of billed charges applies.,10.6,,,,,,,Fee schedule,90 Percent of Medicare RBRVS. Covered services not payable under Medicaid Fee Schedules default to a payment of 50 percent of charges.,360.69,,,,,,,Fee Schedule,225% of NYS APG. Lesser of 100% of billed charges applies.,360.69,,,,,,,Case Rate,225 Percent of Medicaid APG. Covered services not payable under Medicaid Fee Schedules default to a payment of 87.5 percent of charges.,10.6,,,,,,,Fee schedule,90 Percent of Medicare RBRVS. Covered services not payable under Medicaid Fee Schedules default to a payment of 50 percent of charges.,360.69,,,,,,,Fee Schedule,225% of NYS APG. Lesser of 100% of billed charges applies.,360.69,,,,,,,Fee Schedule,225% of NYS APG. Lesser of 100% of billed charges applies.,360.69,,,,,,,Fee Schedule,225% of NYS APG. Lesser of 100% of billed charges applies.,360.69,,,,,,,Fee Schedule,225% of NYS APG. Lesser of 100% of billed charges applies.,360.69,,,,,,,Fee Schedule,225% of NYS APG. Lesser of 100% of billed charges applies.,360.69,,,,,,,Fee Schedule,225% of NYS APG. Lesser of 100% of billed charges applies.,,,,,,,,,"NA. ",,,,,,,,,"NA. ",,,,,,,,,"NA. ",78.246,60,,,,,0,percent of total billed charges,60 percent of billed charges; No services were performed during the 15 month look back period.,,,,,,,,,"NA. ",46.44,,,,,,,Case Rate,"100% Medicare OPPS FS. ",27,,,,,,,Fee Schedule,"100 % 1199 Fee Schedule. ",46.44,,,,,,,Case Rate,"100% Medicare OPPS FS. ",46.44,,,,,,,Case Rate,"100% Medicare OPPS FS. ",192.37,,,,,,,Case Rate,"120 Percent of Medicaid APG. Not APG payable, or payable under another fee schedule like ASP/AWP pays at 30% of charges",192.37,,,,,,,Case Rate,"120 Percent of Medicaid APG. Not APG payable, or payable under another fee schedule like ASP/AWP pays at 30% of charges",160.31,,,,,,,Case Rate,"100 Percent of Medicaid APG. Not APG payable, or payable under another fee schedule like ASP/AWP pays at 30% of charges",160.31,,,,,,,Case Rate,"100 Percent of Medicaid APG. Not APG payable, or payable under another fee schedule like ASP/AWP pays at 30% of charges",160.31,,,,,,,Case Rate,"100 Percent of Medicaid APG. ",7163,,,,,,,Case Rate,". ",78.246,60,,,,,0,percent of total billed charges,60 percent of billed charges; No services were performed during the 15 month look back period.,8427,,,,,,,Case Rate,". Primary procedure pays at 100%, all subsequent at 50%.",78.246,60,,,,,0,percent of total billed charges,60 percent of billed charges; No services were performed during the 15 month look back period.,46.44,,,,,,,Case Rate,"100%Medicare OPPS FS. ",46.44,,,,,,,Case Rate,"100% Medicare OPPS FS. ",46.44,,,,,,,Case Rate,"100% Medicare OPPS FS. ",46.44,,,,,,,Case Rate,"100% Medicare OPPS FS. ",46.44,,,,,,,Case Rate,"100%Medicare OPPS FS. ",46.44,,,,,,,Case Rate,"100% Medicare OPPS FS. ",,,,,,,,,"NA. ",360.69,,,,,,,Fee Schedule,225% of NYS APG. Lesser of 100% of billed charges applies.,10.6,,,,,,,Fee Schedule,90 Percent of Medicare RBRVS. Lesser of 100% of billed charges applies.,120.99,,,,,,,Fee Schedule,"758.1 % 2013 Manhattan Medicare. ",7163,,,,,,,Case Rate,". ",7163,,,,,,,Case Rate,". ",7163,,,,,,,Case Rate,". ",7163,,,,,,,Case Rate,". ",46.44,,,,,,,Case Rate,"100% Medicare OPPS FS. ",160.31,,,,,,,Case Rate,"100 Percent of Medicaid APG. ",120.99,,,,,,,Fee Schedule,"758.1 % 2013 Manhattan Medicare. ",160.31,,,,,,,Case Rate,"100 Percent of Medicaid APG. ",46.44,,,,,,,Case Rate,"100% Medicare OPPS FS. ",160.31,,,,,,,Case Rate,"100 Percent of Medicaid APG. ",46.44,,,,,,,Case Rate,"100% Medicare OPPS FS. ",46.44,,,,,,,Case Rate,"100% Medicare OPPS FS. ",160.31,,,,,,,Case Rate,"100 Percent of Medicaid APG. ",160.31,,,,,,,Case Rate,"100 Percent of Medicaid APG. ",7163,,,,,,,Case Rate,". ",78.246,60,,,,,0,percent of total billed charges,60 percent of billed charges; No services were performed during the 15 month look back period.,101.7198,78,,,,,0,percent of total billed charges,78% of Billed Charges. Lesser of 100% of billed charges applies.; No services were performed during the 15 month look back period.,99.04,,,,,,,Fee Schedule,". ",99.04,,,,,,,Fee Schedule,". ",78.246,60,,,,,0,percent of total billed charges,60 percent of billed charges; No services were performed during the 15 month look back period.,45.52,,,,,,,Case Rate,"98% of RBRVS. ",12574,,,,,,,Case Rate,". Primary procedure pays at 100%, all subsequent at 50%.",12574,,,,,,,Case Rate,". Primary procedure pays at 100%, all subsequent at 50%.",96.8,,,,,,,Fee Schedule,"606.5 % 2013 Manhattan Medicare. ",96.8,,,,,,,Fee Schedule,"606.5 % 2013 Manhattan Medicare. ",46.44,,,,,,,Case Rate,"100% Medicare OPPS FS. ",46.44,,,,,,,Case Rate,"100% Medicare OPPS FS. ",46.44,,,,,,,Case Rate,"100% Medicare OPPS FS. ",46.44,,,,,,,Case Rate,"100% Medicare OPPS FS. ",99.04,,,,,,,Fee Schedule,". ",120.99,,,,,,,Fee Schedule,"758.1 % 2013 Manhattan Medicare. ",120.99,,,,,,,Fee Schedule,"758.1 % 2013 Manhattan Medicare. ",46.44,,,,,,,Case Rate,"100% Medicare OPPS FS. ",96.8,,,,,,,Fee Schedule,"606.5 % 2013 Manhattan Medicare. ",8427,,,,,,,Case Rate,". Primary procedure pays at 100%, all subsequent at 50%.",192.37,,,,,,,Fee Schedule,"120 Percent of Medicaid APG. ",160.31,,,,,,,Case Rate,"100 Percent of Medicaid APG. ",7163,,,,,,,Case Rate,". ",108.9,,,,,,,Fee Schedule,"682.3 % 2013 Manhattan Medicare. ",108.9,,,,,,,Fee Schedule,"682.3 % 2013 Manhattan Medicare. ",120.99,,,,,,,Fee Schedule,"758.1 % 2013 Manhattan Medicare. ",14948,,,,,,,Case Rate,". MPL 100/75/50% all add ons apply, and lesser of 100% of billed charges",46.44,,,,,,,Case Rate,"100%Medicare OPPS FS. ",168.32,,,,,,,Fee Schedule,105 percent of Medicaid APG. otherwise 105% of Ordered NYS MCD FS or 105% of ASP+6%,168.32,,,,,,,Fee Schedule,105 percent of Medicaid APG. otherwise 105% of Ordered NYS MCD FS or 105% of ASP+6%,168.32,,,,,,,Fee Schedule,105 percent of Medicaid APG. otherwise 105% of Ordered NYS MCD FS or 105% of ASP+6%,216.41,,,,,,,Fee Schedule,135 percent of Medicaid APG. otherwise 135% of Ordered NYS MCD FS or 135% of ASP+6%,99.04,,,,,,,Fee Schedule,". ",168.32,,,,,,,Fee Schedule,105 percent of Medicaid APG. otherwise 105% of Ordered NYS MCD FS or 105% of ASP+6%,168.32,,,,,,,Fee Schedule,105 percent of Medicaid APG. otherwise 105% of Ordered NYS MCD FS or 105% of ASP+6%,168.32,,,,,,,Fee Schedule,105 percent of Medicaid APG. otherwise 105% of Ordered NYS MCD FS or 105% of ASP+6%,168.32,,,,,,,Fee Schedule,105 percent of Medicaid APG. otherwise 105% of Ordered NYS MCD FS or 105% of ASP+6%,168.32,,,,,,,Fee Schedule,105 percent of Medicaid APG. otherwise 105% of Ordered NYS MCD FS or 105% of ASP+6%,216.41,,,,,,,Fee Schedule,135 percent of Medicaid APG. otherwise 135% of Ordered NYS MCD FS or 135% of ASP+6%,216.41,,,,,,,Fee Schedule,135 percent of Medicaid APG. otherwise 135% of Ordered NYS MCD FS or 135% of ASP+6%,46.44,,,,,,,Case Rate,"100% Medicare OPPS FS. ",99.04,,,,,,,Fee Schedule,". ",46.44,,,,,,,Case Rate,"100% Medicare OPPS FS. ",168.32,,,,,,,Fee Schedule,105 percent of Medicaid APG. otherwise 105% of Ordered NYS MCD FS or 105% of ASP+6%,120.99,,,,,,,Fee Schedule,"758.1 % 2013 Manhattan Medicare. ",46.44,,,,,,,Case Rate,"100% Medicare OPPS FS. ",120.99,,,,,,,Fee Schedule,"758.1 % 2013 Manhattan Medicare. ",120.99,,,,,,,Fee Schedule,"758.1 % 2013 Manhattan Medicare. ",120.99,,,,,,,Fee Schedule,"758.1 % 2013 Manhattan Medicare. ",168.32,,,,,,,Fee Schedule,105 percent of Medicaid APG. otherwise 105% of Ordered NYS MCD FS or 105% of ASP+6%,46.44,,,,,,,Case Rate,"100% Medicare OPPS FS. ",120.99,,,,,,,Fee Schedule,"758.1 % 2013 Manhattan Medicare. ",216.41,,,,,,,Fee Schedule,135 percent of Medicaid APG. otherwise 135% of Ordered NYS MCD FS or 135% of ASP+6%,120.99,,,,,,,Fee Schedule,"758.1 % 2013 Manhattan Medicare. ",69.67,,,,,,,Case Rate,"150% of Medicare OPPS. ",46.44,,,,,,,Case Rate,"100%Medicare OPPS FS. ",7163,,,,,,,Case Rate,". ",7163,,,,,,,Case Rate,". ",7163,,,,,,,Case Rate,". ",7163,,,,,,,Case Rate,". ",7163,,,,,,,Case Rate,". ",8427,,,,,,,Case Rate,". Primary procedure pays at 100%, all subsequent at 50%.",8427,,,,,,,Case Rate,". Primary procedure pays at 100%, all subsequent at 50%.",7163,,,,,,,Case Rate,". ",7163,,,,,,,Case Rate,". ",7163,,,,,,,Case Rate,". ",7163,,,,,,,Case Rate,". ",7163,,,,,,,Case Rate,". ",46.44,,,,,,,Case Rate,"100% Medicare OPPS FS. ",8427,,,,,,,Case Rate,". Primary procedure pays at 100%, all subsequent at 50%.",46.44,,,,,,,Case Rate,"100% Medicare OPPS FS. ",360.69,,,,,,,Case Rate,"225 Percent of Medicaid APG. If not included in Medicaid APG, then 100 Percent of Manhattan Medicare",160.31,,,,,,,Case Rate,"100 Percent of Medicaid APG. ",99.04,,,,,,,Fee Schedule,". ",99.04,,,,,,,Fee Schedule,". ",46.44,,,,,,,Case Rate,"100% Medicare OPPS FS. ",12574,,,,,,,Case Rate,". Primary procedure pays at 100%, all subsequent at 50%.",46.44,,,,,,,Case Rate,"100% Medicare OPPS FS. ",46.44,,,,,,,Case Rate,"100% Medicare OPPS FS. ",78.246,60,,,,,0,percent of total billed charges,60 percent of billed charges; No services were performed during the 15 month look back period.,46.44,,,,,,,Case Rate,"100% Medicare OPPS FS. ",78.246,60,,,,,0,percent of total billed charges,60 percent of billed charges; No services were performed during the 15 month look back period.,46.44,,,,,,,Case Rate,"100% Medicare OPPS FS. ",78.246,60,,,,,0,percent of total billed charges,60 percent of billed charges; No services were performed during the 15 month look back period.,78.246,60,,,,,0,percent of total billed charges,60 percent of billed charges; No services were performed during the 15 month look back period.,78.246,60,,,,,0,percent of total billed charges,60 percent of billed charges; No services were performed during the 15 month look back period.,46.44,,,,,,,Case Rate,"100% Medicare OPPS FS. ",160.31,,,,,,,Case Rate,"100 Percent of Medicaid APG. ",46.44,,,,,,,Case Rate,"100% Medicare OPPS FS. ",78.246,60,,,,,0,percent of total billed charges,60 percent of billed charges; No services were performed during the 15 month look back period.,99.04,,,,,,,Fee Schedule,". ",160.31,,,,,,,Case Rate,"100 Percent of Medicaid APG. ",120.99,,,,,,,Fee Schedule,"758.1 % 2013 Manhattan Medicare. ",192.37,,,,,,,Fee Schedule,"120 Percent of Medicaid APG. ",192.37,,,,,,,Fee Schedule,"120 Percent of Medicaid APG. ",120.99,,,,,,,Fee Schedule,"758.1 % 2013 Manhattan Medicare. ",120.99,,,,,,,Fee Schedule,"758.1 % 2013 Manhattan Medicare. ",120.99,,,,,,,Fee Schedule,"758.1 % 2013 Manhattan Medicare. ",99.04,,,,,,,Fee Schedule,". ",120.99,,,,,,,Fee Schedule,"758.1 % 2013 Manhattan Medicare. ",120.99,,,,,,,Fee Schedule,"758.1 % 2013 Manhattan Medicare. ",120.99,,,,,,,Fee Schedule,"758.1 % 2013 Manhattan Medicare. ",7163,,,,,,,Case Rate,". ",7163,,,,,,,Case Rate,". ",91.96,,,,,,,Case Rate,198 Percent of Medicare OPPS. Metroplus will reimburse unlisted codes and described codes with no Medicare rate at 50 percent of charges.,160.31,,,,,,,Case Rate,"100 Percent of Medicaid APG. ",99.04,,,,,,,Fee Schedule,". ",78.246,60,,,,,0,percent of total billed charges,60 percent of billed charges; No services were performed during the 15 month look back period.,78.246,60,,,,,0,percent of total billed charges,60 percent of billed charges; No services were performed during the 15 month look back period.,99.04,,,,,,,Fee Schedule,". ",78.246,60,,,,,0,percent of total billed charges,60 percent of billed charges; No services were performed during the 15 month look back period.,99.04,,,,,,,Fee Schedule,". ",120.99,,,,,,,Fee Schedule,"758.1 % 2013 Manhattan Medicare. ",120.99,,,,,,,Fee Schedule,"758.1 % 2013 Manhattan Medicare. ",120.99,,,,,,,Fee Schedule,"758.1 % 2013 Manhattan Medicare. ",120.99,,,,,,,Fee Schedule,"758.1 % 2013 Manhattan Medicare. ",46.44,,,,,,,Case Rate,"100% Medicare OPPS FS. ",10.6,25798,
92933,CPT,,,490,RC,PRQ CARD STENT/ATH/ANGIO,,,both,,,,19469,,,,,,,Case Rate,". All add ons apply, and lesser of 100% of billed charges",19469,,,,,,,Case Rate,". All add ons apply, and lesser of 100% of billed charges",49978,,,,,,,Case Rate,". Primary procedure pays at 100%, secondary at 50%, all subsequent at 25%.  Lesser of applies when negotiated rates exceed charges less addons.",,100,,,,,0,percent of total billed charges,100 percent of billed charges. ; No services were performed during the 15 month look back period.,21248.19,,,,,,,Case Rate,"100% Medicare OPPS FS. ",49978,,,,,,,Case Rate,". Primary procedure pays at 100%, secondary at 50%, all subsequent at 25%.  Lesser of applies when negotiated rates exceed charges less addons.",49978,,,,,,,Case Rate,". Primary procedure pays at 100%, secondary at 50%, all subsequent at 25%.  Lesser of applies when negotiated rates exceed charges less addons.",49978,,,,,,,Case Rate,". Primary procedure pays at 100%, secondary at 50%, all subsequent at 25%.  Lesser of applies when negotiated rates exceed charges less addons.",3873.53,,,,,,,Case Rate,"100 Percent of Medicaid APG. ",3227.94,,,,,,,Case Rate,"100 Percent of Medicaid APG. ",,78,,,,,0,percent of total billed charges,78% of Billed Charges. Lesser of 100% of billed charges applies.; No services were performed during the 15 month look back period.,50057.96,,,,,,,Case Rate,". MPL 100/50/25% all add ons apply, and lesser of 100% of billed charges",3227.94,,,,,,,Case Rate,"100 Percent of Medicaid APG. ",21248.19,,,,,,,Case Rate,"100% Medicare OPPS FS. ",45917,,,,,,,Case Rate,". MPL 100/50/25% maxmium of 3 procedures. All add ons apply, and lesser of 100% of billed charges",45917,,,,,,,Case Rate,". MPL 100/50/25% maxmium of 3 procedures. All add ons apply, and lesser of 100% of billed charges",45917,,,,,,,Case Rate,". MPL 100/50/25% maxmium of 3 procedures. All add ons apply, and lesser of 100% of billed charges",45917,,,,,,,Case Rate,". MPL 100/50/25% maxmium of 3 procedures. All add ons apply, and lesser of 100% of billed charges",683.96,,,,,,,Fee schedule,90 Percent of Medicare RBRVS. Covered services not payable under Medicaid Fee Schedules default to a payment of 50 percent of charges.,21248.19,,,,,,,Case Rate,"100% Medicare OPPS FS. ",683.96,,,,,,,Fee schedule,90 Percent of Medicare RBRVS. Covered services not payable under Medicaid Fee Schedules default to a payment of 50 percent of charges.,,78,,,,,0,percent of total billed charges,78% of Billed Charges. Lesser of 100% of billed charges applies.; No services were performed during the 15 month look back period.,49978,,,,,,,Case Rate,". Primary procedure pays at 100%, secondary at 50%, all subsequent at 25%.  Lesser of applies when negotiated rates exceed charges less addons.",21248.19,,,,,,,Case Rate,"100%Medicare OPPS FS. ",36347,,,,,,,Case Rate,". Primary procedure pays at 100%, all subsequent at 50%.",21248.19,,,,,,,Case Rate,"100%Medicare OPPS FS. ",21248.19,,,,,,,Case Rate,"100%Medicare OPPS FS. ",,78,,,,,0,percent of total billed charges,78% of Billed Charges. Lesser of 100% of billed charges applies.; No services were performed during the 15 month look back period.,683.96,,,,,,,Fee Schedule,90 Percent of Medicare RBRVS. Lesser of 100% of billed charges applies.,683.96,,,,,,,Fee Schedule,90 Percent of Medicare RBRVS. Lesser of 100% of billed charges applies.,3227.94,,,,,,,Case rate,"100 Percent of Medicaid APG. ",3227.94,,,,,,,Case rate,"100 Percent of Medicaid APG. ",36347,,,,,,,Case Rate,". Primary procedure pays at 100%, all subsequent at 50%.",36347,,,,,,,Case Rate,". Primary procedure pays at 100%, all subsequent at 50%.",3227.94,,,,,,,Case Rate,"100 Percent of Medicaid APG. Not APG payable, or payable under another fee schedule like ASP/AWP pays at 30% of charges",36347,,,,,,,Case Rate,". Primary procedure pays at 100%, all subsequent at 50%.",3227.94,,,,,,,Case Rate,"100 Percent of Medicaid APG. Not APG payable, or payable under another fee schedule like ASP/AWP pays at 30% of charges",21248.19,,,,,,,Case Rate,"100%Medicare OPPS FS. ",36347,,,,,,,Case Rate,". Primary procedure pays at 100%, all subsequent at 50%.",,78,,,,,0,percent of total billed charges,78% of Billed Charges. Lesser of 100% of billed charges applies.; No services were performed during the 15 month look back period.,3227.94,,,,,,,Case Rate,"100 Percent of Medicaid APG. ",3227.94,,,,,,,Case Rate,"100 Percent of Medicaid APG. ",,78,,,,,0,percent of total billed charges,78% of Billed Charges. Lesser of 100% of billed charges applies.; No services were performed during the 15 month look back period.,45917,,,,,,,Case Rate,". MPL 100/50/25% maxmium of 3 procedures. All add ons apply, and lesser of 100% of billed charges",40501,,,,,,,Case Rate,". MPL 100/50/25% all add ons apply, and lesser of 100% of billed charges",40501,,,,,,,Case Rate,". MPL 100/50/25% all add ons apply, and lesser of 100% of billed charges",,78,,,,,0,percent of total billed charges,78% of Billed Charges. Lesser of 100% of billed charges applies.; No services were performed during the 15 month look back period.,21248.19,,,,,,,Case Rate,"100% Medicare OPPS FS. ",50057.96,,,,,,,Case Rate,". MPL 100/50/25% all add ons apply, and lesser of 100% of billed charges",50057.96,,,,,,,Case Rate,". MPL 100/50/25% all add ons apply, and lesser of 100% of billed charges",50057.96,,,,,,,Case Rate,". MPL 100/50/25% all add ons apply, and lesser of 100% of billed charges",21248.19,,,,,,,Case Rate,"100% Medicare OPPS FS. ",50057.96,,,,,,,Case Rate,". MPL 100/50/25% all add ons apply, and lesser of 100% of billed charges",50057.96,,,,,,,Case Rate,". MPL 100/50/25% all add ons apply, and lesser of 100% of billed charges",21248.19,,,,,,,Case Rate,"100% of Medicare OPPS. ",61832,,,,,,,Case Rate,". MPL 100/75/50% all add ons apply, and lesser of 100% of billed charges",64677,,,,,,,Case Rate,. All Add ons apply except drugs and lesser of 100% of billed charges.,64677,,,,,,,Case Rate,. All Add ons apply except drugs and lesser of 100% of billed charges.,64677,,,,,,,Case Rate,. All Add ons apply except drugs and lesser of 100% of billed charges.,64677,,,,,,,Case Rate,. All Add ons apply except drugs and lesser of 100% of billed charges.,64677,,,,,,,Case Rate,. All Add ons apply except drugs and lesser of 100% of billed charges.,64677,,,,,,,Case Rate,. All Add ons apply except drugs and lesser of 100% of billed charges.,21248.19,,,,,,,Case Rate,"100% Medicare OPPS FS. ",21248.19,,,,,,,Case Rate,"100% Medicare OPPS FS. ",64677,,,,,,,Case Rate,. All Add ons apply except drugs and lesser of 100% of billed charges.,,78,,,,,0,percent of total billed charges,78% of Billed Charges. Lesser of 100% of billed charges applies.; No services were performed during the 15 month look back period.,,78,,,,,0,percent of total billed charges,78% of Billed Charges. Lesser of 100% of billed charges applies.; No services were performed during the 15 month look back period.,,78,,,,,0,percent of total billed charges,78% of Billed Charges. Lesser of 100% of billed charges applies.; No services were performed during the 15 month look back period.,,78,,,,,0,percent of total billed charges,78% of Billed Charges. Lesser of 100% of billed charges applies.; No services were performed during the 15 month look back period.,,78,,,,,0,percent of total billed charges,78% of Billed Charges. Lesser of 100% of billed charges applies.; No services were performed during the 15 month look back period.,,78,,,,,0,percent of total billed charges,78% of Billed Charges. Lesser of 100% of billed charges applies.; No services were performed during the 15 month look back period.,,78,,,,,0,percent of total billed charges,78% of Billed Charges. Lesser of 100% of billed charges applies.; No services were performed during the 15 month look back period.,,78,,,,,0,percent of total billed charges,78% of Billed Charges. Lesser of 100% of billed charges applies.; No services were performed during the 15 month look back period.,,78,,,,,0,percent of total billed charges,78% of Billed Charges. Lesser of 100% of billed charges applies.; No services were performed during the 15 month look back period.,,78,,,,,0,percent of total billed charges,78% of Billed Charges. Lesser of 100% of billed charges applies.; No services were performed during the 15 month look back period.,,78,,,,,0,percent of total billed charges,78% of Billed Charges. Lesser of 100% of billed charges applies.; No services were performed during the 15 month look back period.,,78,,,,,0,percent of total billed charges,78% of Billed Charges. Lesser of 100% of billed charges applies.; No services were performed during the 15 month look back period.,,78,,,,,0,percent of total billed charges,78% of Billed Charges. Lesser of 100% of billed charges applies.; No services were performed during the 15 month look back period.,,78,,,,,0,percent of total billed charges,78% of Billed Charges. Lesser of 100% of billed charges applies.; No services were performed during the 15 month look back period.,,78,,,,,0,percent of total billed charges,78% of Billed Charges. Lesser of 100% of billed charges applies.; No services were performed during the 15 month look back period.,,78,,,,,0,percent of total billed charges,78% of Billed Charges. Lesser of 100% of billed charges applies.; No services were performed during the 15 month look back period.,,78,,,,,0,percent of total billed charges,78% of Billed Charges. Lesser of 100% of billed charges applies.; No services were performed during the 15 month look back period.,,78,,,,,0,percent of total billed charges,78% of Billed Charges. Lesser of 100% of billed charges applies.; No services were performed during the 15 month look back period.,,78,,,,,0,percent of total billed charges,78% of Billed Charges. Lesser of 100% of billed charges applies.; No services were performed during the 15 month look back period.,,78,,,,,0,percent of total billed charges,78% of Billed Charges. Lesser of 100% of billed charges applies.; No services were performed during the 15 month look back period.,,78,,,,,0,percent of total billed charges,78% of Billed Charges. Lesser of 100% of billed charges applies.; No services were performed during the 15 month look back period.,,78,,,,,0,percent of total billed charges,78% of Billed Charges. Lesser of 100% of billed charges applies.; No services were performed during the 15 month look back period.,,78,,,,,0,percent of total billed charges,78% of Billed Charges. Lesser of 100% of billed charges applies.; No services were performed during the 15 month look back period.,,78,,,,,0,percent of total billed charges,78% of Billed Charges. Lesser of 100% of billed charges applies.; No services were performed during the 15 month look back period.,,78,,,,,0,percent of total billed charges,78% of Billed Charges. Lesser of 100% of billed charges applies.; No services were performed during the 15 month look back period.,,78,,,,,0,percent of total billed charges,78% of Billed Charges. Lesser of 100% of billed charges applies.; No services were performed during the 15 month look back period.,36347,,,,,,,Case Rate,". Primary procedure pays at 100%, all subsequent at 50%.",36347,,,,,,,Case Rate,". Primary procedure pays at 100%, all subsequent at 50%.",36347,,,,,,,Case Rate,". Primary procedure pays at 100%, all subsequent at 50%.",36347,,,,,,,Case Rate,". Primary procedure pays at 100%, all subsequent at 50%.",12574,,,,,,,Case Rate,". Primary procedure pays at 100%, all subsequent at 50%.",12574,,,,,,,Case Rate,". Primary procedure pays at 100%, all subsequent at 50%.",45917,,,,,,,Case Rate,". MPL 100/50/25% maxmium of 3 procedures. All add ons apply, and lesser of 100% of billed charges",64677,,,,,,,Case Rate,. All Add ons apply except drugs and lesser of 100% of billed charges.,50057.96,,,,,,,Case Rate,". MPL 100/50/25% all add ons apply, and lesser of 100% of billed charges",64677,,,,,,,Case Rate,. All Add ons apply except drugs and lesser of 100% of billed charges.,,78,,,,,0,percent of total billed charges,78% of Billed Charges. Lesser of 100% of billed charges applies.; No services were performed during the 15 month look back period.,12574,,,,,,,Case Rate,". Primary procedure pays at 100%, all subsequent at 50%.",64677,,,,,,,Case Rate,. All Add ons apply except drugs and lesser of 100% of billed charges.,50057.96,,,,,,,Case Rate,". MPL 100/50/25% all add ons apply, and lesser of 100% of billed charges",45917,,,,,,,Case Rate,". MPL 100/50/25% maxmium of 3 procedures. All add ons apply, and lesser of 100% of billed charges",,,,,,,,,"NA. ",,78,,,,,0,percent of total billed charges,78% of Billed Charges. Lesser of 100% of billed charges applies.; No services were performed during the 15 month look back period.,3227.94,,,,,,,Case Rate,"100 Percent of Medicaid APG. ",36347,,,,,,,Case Rate,". Primary procedure pays at 100%, all subsequent at 50%.",3227.94,,,,,,,Case Rate,"100 Percent of Medicaid APG. Not APG payable, or payable under another fee schedule like ASP/AWP pays at 30% of charges",21248.19,,,,,,,Case Rate,"100%Medicare OPPS FS. ",21248.19,,,,,,,Case Rate,"100% Medicare OPPS FS. ",61832,,,,,,,Case Rate,". MPL 100/75/50% all add ons apply, and lesser of 100% of billed charges",21248.19,,,,,,,Case Rate,"100% Medicare OPPS FS. ",21248.19,,,,,,,Case Rate,"100% Medicare OPPS FS. ",3227.94,,,,,,,Case Rate,"100 Percent of Medicaid APG. ",21248.19,,,,,,,Case Rate,"100% Medicare OPPS FS. ",21248.19,,,,,,,Case Rate,"100% Medicare OPPS FS. ",49978,,,,,,,Case Rate,". Primary procedure pays at 100%, secondary at 50%, all subsequent at 25%.  Lesser of applies when negotiated rates exceed charges less addons.",49978,,,,,,,Case Rate,". Primary procedure pays at 100%, secondary at 50%, all subsequent at 25%.  Lesser of applies when negotiated rates exceed charges less addons.",21248.19,,,,,,,Case Rate,"100% Medicare OPPS FS. ",45917,,,,,,,Case Rate,". MPL 100/50/25% maxmium of 3 procedures. All add ons apply, and lesser of 100% of billed charges",50057.96,,,,,,,Case Rate,". MPL 100/50/25% all add ons apply, and lesser of 100% of billed charges",50057.96,,,,,,,Case Rate,". MPL 100/50/25% all add ons apply, and lesser of 100% of billed charges",21248.19,,,,,,,Case Rate,"100% Medicare OPPS FS. ",45917,,,,,,,Case Rate,". MPL 100/50/25% maxmium of 3 procedures. All add ons apply, and lesser of 100% of billed charges",49978,,,,,,,Case Rate,". Primary procedure pays at 100%, secondary at 50%, all subsequent at 25%.  Lesser of applies when negotiated rates exceed charges less addons.",49978,,,,,,,Case Rate,". Primary procedure pays at 100%, secondary at 50%, all subsequent at 25%.  Lesser of applies when negotiated rates exceed charges less addons.",49978,,,,,,,Case Rate,". Primary procedure pays at 100%, secondary at 50%, all subsequent at 25%.  Lesser of applies when negotiated rates exceed charges less addons.",,78,,,,,0,percent of total billed charges,78% of Billed Charges. Lesser of 100% of billed charges applies.; No services were performed during the 15 month look back period.,,78,,,,,0,percent of total billed charges,78% of Billed Charges. Lesser of 100% of billed charges applies.; No services were performed during the 15 month look back period.,,78,,,,,0,percent of total billed charges,78% of Billed Charges. Lesser of 100% of billed charges applies.; No services were performed during the 15 month look back period.,,78,,,,,0,percent of total billed charges,78% of Billed Charges. Lesser of 100% of billed charges applies.; No services were performed during the 15 month look back period.,,78,,,,,0,percent of total billed charges,78% of Billed Charges. Lesser of 100% of billed charges applies.; No services were performed during the 15 month look back period.,,78,,,,,0,percent of total billed charges,78% of Billed Charges. Lesser of 100% of billed charges applies.; No services were performed during the 15 month look back period.,,78,,,,,0,percent of total billed charges,78% of Billed Charges. Lesser of 100% of billed charges applies.; No services were performed during the 15 month look back period.,,78,,,,,0,percent of total billed charges,78% of Billed Charges. Lesser of 100% of billed charges applies.; No services were performed during the 15 month look back period.,,78,,,,,0,percent of total billed charges,78% of Billed Charges. Lesser of 100% of billed charges applies.; No services were performed during the 15 month look back period.,,78,,,,,0,percent of total billed charges,78% of Billed Charges. Lesser of 100% of billed charges applies.; No services were performed during the 15 month look back period.,,78,,,,,0,percent of total billed charges,78% of Billed Charges. Lesser of 100% of billed charges applies.; No services were performed during the 15 month look back period.,12574,,,,,,,Case Rate,". Primary procedure pays at 100%, all subsequent at 50%.",64677,,,,,,,Case Rate,. All Add ons apply except drugs and lesser of 100% of billed charges.,45917,,,,,,,Case Rate,". MPL 100/50/25% maxmium of 3 procedures. All add ons apply, and lesser of 100% of billed charges",21248.19,,,,,,,Case Rate,"100% Medicare OPPS FS. ",49978,,,,,,,Case Rate,". Primary procedure pays at 100%, secondary at 50%, all subsequent at 25%.  Lesser of applies when negotiated rates exceed charges less addons.",45917,,,,,,,Case Rate,". MPL 100/50/25% maxmium of 3 procedures. All add ons apply, and lesser of 100% of billed charges",45917,,,,,,,Case Rate,". MPL 100/50/25% maxmium of 3 procedures. All add ons apply, and lesser of 100% of billed charges",,78,,,,,0,percent of total billed charges,78% of Billed Charges. Lesser of 100% of billed charges applies.; No services were performed during the 15 month look back period.,6907.8,,,,,,,Case Rate,"214 Percent of Medicaid APG. Drugs not priced under APG, billed with revenue code 636 and not priced by Medicare ASP FeeSched will be reimbursed at 20% of charges.",45917,,,,,,,Case Rate,". MPL 100/50/25% maxmium of 3 procedures. All add ons apply, and lesser of 100% of billed charges",3227.94,,,,,,,Case Rate,"100 Percent of Medicaid APG. ",21248.19,,,,,,,Case Rate,"100% Medicare OPPS FS. ",21248.19,,,,,,,Case Rate,"100% Medicare OPPS FS. ",21248.19,,,,,,,Case Rate,"100% Medicare OPPS FS. ",21248.19,,,,,,,Case Rate,"100% Medicare OPPS FS. ",21248.19,,,,,,,Case Rate,"100% Medicare OPPS FS. ",21248.19,,,,,,,Case Rate,"100% Medicare OPPS FS. ",45917,,,,,,,Case Rate,". MPL 100/50/25% maxmium of 3 procedures. All add ons apply, and lesser of 100% of billed charges",61832,,,,,,,Case Rate,". MPL 100/75/50% all add ons apply, and lesser of 100% of billed charges",1215.94,,,,,,,Fee Schedule,"160 Percent of Medicare RBRVS. ",1215.94,,,,,,,Fee Schedule,"160 Percent of Medicare RBRVS. ",1215.94,,,,,,,Fee Schedule,"160 Percent of Medicare RBRVS. ",1215.94,,,,,,,Fee Schedule,"160 Percent of Medicare RBRVS. ",1215.94,,,,,,,Fee Schedule,"160 Percent of Medicare RBRVS. ",,,,,,,,,"NA. ",61832,,,,,,,Case Rate,". MPL 100/75/50% all add ons apply, and lesser of 100% of billed charges",42071.41,,,,,,,Case Rate,198 Percent of Medicare OPPS. Metroplus will reimburse unlisted codes and described codes with no Medicare rate at 50 percent of charges.,42071.41,,,,,,,Case Rate,198 Percent of Medicare OPPS. Metroplus will reimburse unlisted codes and described codes with no Medicare rate at 50 percent of charges.,42071.41,,,,,,,Case Rate,198 Percent of Medicare OPPS. Metroplus will reimburse unlisted codes and described codes with no Medicare rate at 50 percent of charges.,42071.41,,,,,,,Case Rate,198 Percent of Medicare OPPS. Metroplus will reimburse unlisted codes and described codes with no Medicare rate at 50 percent of charges.,42071.41,,,,,,,Case Rate,198 Percent of Medicare OPPS. Metroplus will reimburse unlisted codes and described codes with no Medicare rate at 50 percent of charges.,21248.19,,,,,,,Case Rate,"100% Medicare OPPS FS. ",12574,,,,,,,Case Rate,". Primary procedure pays at 100%, all subsequent at 50%.",12574,,,,,,,Case Rate,". Primary procedure pays at 100%, all subsequent at 50%.",12574,,,,,,,Case Rate,". Primary procedure pays at 100%, all subsequent at 50%.",12574,,,,,,,Case Rate,". Primary procedure pays at 100%, all subsequent at 50%.",49978,,,,,,,Case Rate,". Primary procedure pays at 100%, secondary at 50%, all subsequent at 25%.  Lesser of applies when negotiated rates exceed charges less addons.",49978,,,,,,,Case Rate,". Primary procedure pays at 100%, secondary at 50%, all subsequent at 25%.  Lesser of applies when negotiated rates exceed charges less addons.",49978,,,,,,,Case Rate,". Primary procedure pays at 100%, secondary at 50%, all subsequent at 25%.  Lesser of applies when negotiated rates exceed charges less addons.",49978,,,,,,,Case Rate,". Primary procedure pays at 100%, secondary at 50%, all subsequent at 25%.  Lesser of applies when negotiated rates exceed charges less addons.",61832,,,,,,,Case Rate,". MPL 100/75/50% all add ons apply, and lesser of 100% of billed charges",61832,,,,,,,Case Rate,". MPL 100/75/50% all add ons apply, and lesser of 100% of billed charges",21248.19,,,,,,,Case Rate,"100% Medicare OPPS FS. ",21248.19,,,,,,,Case Rate,"100% Medicare OPPS FS. ",21248.19,,,,,,,Case Rate,"100% Medicare OPPS FS. ",64677,,,,,,,Case Rate,. All Add ons apply except drugs and lesser of 100% of billed charges.,64677,,,,,,,Case Rate,. All Add ons apply except drugs and lesser of 100% of billed charges.,64677,,,,,,,Case Rate,. All Add ons apply except drugs and lesser of 100% of billed charges.,61832,,,,,,,Case Rate,". MPL 100/75/50% all add ons apply, and lesser of 100% of billed charges",49978,,,,,,,Case Rate,". Primary procedure pays at 100%, secondary at 50%, all subsequent at 25%.  Lesser of applies when negotiated rates exceed charges less addons.",21248.19,,,,,,,Case Rate,"100% Medicare OPPS FS. ",64677,,,,,,,Case Rate,. All Add ons apply except drugs and lesser of 100% of billed charges.,3227.94,,,,,,,Case Rate,"100 Percent of Medicaid APG. ",21673.15,,,,,,,Case Rate,"102% of Medicare OPPS. ",21673.15,,,,,,,Case Rate,"102% of Medicare OPPS. ",21673.15,,,,,,,Case Rate,"102% of Medicare OPPS. ",3227.94,,,,,,,Case rate,"100 Percent of Medicaid APG. ",7262.87,,,,,,,Fee Schedule,225% of NYS APG. Lesser of 100% of billed charges applies.,7262.87,,,,,,,Fee Schedule,225% of NYS APG. Lesser of 100% of billed charges applies.,7262.87,,,,,,,Fee Schedule,225% of NYS APG. Lesser of 100% of billed charges applies.,7262.87,,,,,,,Fee Schedule,225% of NYS APG. Lesser of 100% of billed charges applies.,7262.87,,,,,,,Fee Schedule,225% of NYS APG. Lesser of 100% of billed charges applies.,21673.15,,,,,,,Case Rate,"102% of Medicare OPPS. ",3227.94,,,,,,,Case Rate,"100 Percent of Medicaid APG. ",683.96,,,,,,,Fee Schedule,90 Percent of Medicare RBRVS. Lesser of 100% of billed charges applies.,7262.87,,,,,,,Fee Schedule,225% of NYS APG. Lesser of 100% of billed charges applies.,7262.87,,,,,,,Fee Schedule,225% of NYS APG. Lesser of 100% of billed charges applies.,683.96,,,,,,,Fee Schedule,90 Percent of Medicare RBRVS. Lesser of 100% of billed charges applies.,683.96,,,,,,,Fee Schedule,90 Percent of Medicare RBRVS. Lesser of 100% of billed charges applies.,1215.94,,,,,,,Fee Schedule,"160 Percent of Medicare RBRVS. ",21248.19,,,,,,,Case Rate,"100% Medicare OPPS FS. ",21248.19,,,,,,,Case Rate,"100% Medicare OPPS FS. ",49978,,,,,,,Case Rate,". Primary procedure pays at 100%, secondary at 50%, all subsequent at 25%.  Lesser of applies when negotiated rates exceed charges less addons.",21248.19,,,,,,,Case Rate,"100% Medicare OPPS FS. ",7262.87,,,,,,,Case Rate,"225 Percent of Medicaid APG. ",7262.87,,,,,,,Case Rate,"225 Percent of Medicaid APG. ",3227.94,,,,,,,Case rate,"100 Percent of Medicaid APG. ",3227.94,,,,,,,Case rate,"100 Percent of Medicaid APG. ",7262.87,,,,,,,Case Rate,225 Percent of Medicaid APG. Covered services not payable under Medicaid Fee Schedules default to a payment of 87.5 percent of charges.,683.96,,,,,,,Fee schedule,90 Percent of Medicare RBRVS. Covered services not payable under Medicaid Fee Schedules default to a payment of 50 percent of charges.,7262.87,,,,,,,Case Rate,"100 Percent of Medicaid APG. ",7262.87,,,,,,,Case Rate,"100 Percent of Medicaid APG. ",7262.87,,,,,,,Case Rate,"100 Percent of Medicaid APG. ",7262.87,,,,,,,Case Rate,"100 Percent of Medicaid APG. ",13453,,,,,,,Case Rate,". MPL 100/75/50% all add ons apply, and lesser of 100% of billed charges",61832,,,,,,,Case Rate,". MPL 100/75/50% all add ons apply, and lesser of 100% of billed charges",3873.53,,,,,,,Case Rate,"120 Percent of Medicaid APG. Not APG payable, or payable under another fee schedule like ASP/AWP pays at 30% of charges",3873.53,,,,,,,Case Rate,"120 Percent of Medicaid APG. Not APG payable, or payable under another fee schedule like ASP/AWP pays at 30% of charges",3227.94,,,,,,,Case Rate,"100 Percent of Medicaid APG. Not APG payable, or payable under another fee schedule like ASP/AWP pays at 30% of charges",3227.94,,,,,,,Case Rate,"100 Percent of Medicaid APG. Not APG payable, or payable under another fee schedule like ASP/AWP pays at 30% of charges",64677,,,,,,,Case Rate,. All Add ons apply except drugs and lesser of 100% of billed charges.,64677,,,,,,,Case Rate,. All Add ons apply except drugs and lesser of 100% of billed charges.,21248.19,,,,,,,Case Rate,"100% Medicare OPPS FS. ",64677,,,,,,,Case Rate,. All Add ons apply except drugs and lesser of 100% of billed charges.,64677,,,,,,,Case Rate,. All Add ons apply except drugs and lesser of 100% of billed charges.,64677,,,,,,,Case Rate,. All Add ons apply except drugs and lesser of 100% of billed charges.,64677,,,,,,,Case Rate,. All Add ons apply except drugs and lesser of 100% of billed charges.,21248.19,,,,,,,Case Rate,"100% Medicare OPPS FS. ",64677,,,,,,,Case Rate,. All Add ons apply except drugs and lesser of 100% of billed charges.,64677,,,,,,,Case Rate,. All Add ons apply except drugs and lesser of 100% of billed charges.,49978,,,,,,,Case Rate,". Primary procedure pays at 100%, secondary at 50%, all subsequent at 25%.  Lesser of applies when negotiated rates exceed charges less addons.",3227.94,,,,,,,Fee Schedule,100% APG. Lesser of 100% of billed charges applies.,683.96,,,,,,,Fee schedule,90 Percent of Medicare RBRVS. Covered services not payable under Medicaid Fee Schedules default to a payment of 50 percent of charges.,7262.87,,,,,,,Fee Schedule,225% of NYS APG. Lesser of 100% of billed charges applies.,7262.87,,,,,,,Case Rate,225 Percent of Medicaid APG. Covered services not payable under Medicaid Fee Schedules default to a payment of 87.5 percent of charges.,683.96,,,,,,,Fee schedule,90 Percent of Medicare RBRVS. Covered services not payable under Medicaid Fee Schedules default to a payment of 50 percent of charges.,7262.87,,,,,,,Fee Schedule,225% of NYS APG. Lesser of 100% of billed charges applies.,7262.87,,,,,,,Fee Schedule,225% of NYS APG. Lesser of 100% of billed charges applies.,7262.87,,,,,,,Fee Schedule,225% of NYS APG. Lesser of 100% of billed charges applies.,7262.87,,,,,,,Fee Schedule,225% of NYS APG. Lesser of 100% of billed charges applies.,7262.87,,,,,,,Fee Schedule,225% of NYS APG. Lesser of 100% of billed charges applies.,7262.87,,,,,,,Fee Schedule,225% of NYS APG. Lesser of 100% of billed charges applies.,,,,,,,,,"NA. ",,,,,,,,,"NA. ",,,,,,,,,"NA. ",45917,,,,,,,Case Rate,". MPL 100/50/25% maxmium of 3 procedures. All add ons apply, and lesser of 100% of billed charges",,,,,,,,,"NA. ",21248.19,,,,,,,Case Rate,"100% Medicare OPPS FS. ",19469,,,,,,,Case Rate,". All add ons apply, and lesser of 100% of billed charges",21248.19,,,,,,,Case Rate,"100% Medicare OPPS FS. ",21248.19,,,,,,,Case Rate,"100% Medicare OPPS FS. ",3873.53,,,,,,,Case Rate,"120 Percent of Medicaid APG. Not APG payable, or payable under another fee schedule like ASP/AWP pays at 30% of charges",3873.53,,,,,,,Case Rate,"120 Percent of Medicaid APG. Not APG payable, or payable under another fee schedule like ASP/AWP pays at 30% of charges",3227.94,,,,,,,Case Rate,"100 Percent of Medicaid APG. Not APG payable, or payable under another fee schedule like ASP/AWP pays at 30% of charges",3227.94,,,,,,,Case Rate,"100 Percent of Medicaid APG. Not APG payable, or payable under another fee schedule like ASP/AWP pays at 30% of charges",3227.94,,,,,,,Case Rate,"100 Percent of Medicaid APG. ",7163,,,,,,,Case Rate,". ",49978,,,,,,,Case Rate,". Primary procedure pays at 100%, secondary at 50%, all subsequent at 25%.  Lesser of applies when negotiated rates exceed charges less addons.",36347,,,,,,,Case Rate,". Primary procedure pays at 100%, all subsequent at 50%.",45917,,,,,,,Case Rate,". MPL 100/50/25% maxmium of 3 procedures. All add ons apply, and lesser of 100% of billed charges",21248.19,,,,,,,Case Rate,"100%Medicare OPPS FS. ",21248.19,,,,,,,Case Rate,"100% Medicare OPPS FS. ",21248.19,,,,,,,Case Rate,"100% Medicare OPPS FS. ",21248.19,,,,,,,Case Rate,"100% Medicare OPPS FS. ",21248.19,,,,,,,Case Rate,"100%Medicare OPPS FS. ",21248.19,,,,,,,Case Rate,"100% Medicare OPPS FS. ",,,,,,,,,"NA. ",7262.87,,,,,,,Fee Schedule,225% of NYS APG. Lesser of 100% of billed charges applies.,683.96,,,,,,,Fee Schedule,90 Percent of Medicare RBRVS. Lesser of 100% of billed charges applies.,64677,,,,,,,Case Rate,. All Add ons apply except drugs and lesser of 100% of billed charges.,7163,,,,,,,Case Rate,". ",7163,,,,,,,Case Rate,". ",7163,,,,,,,Case Rate,". ",7163,,,,,,,Case Rate,". ",21248.19,,,,,,,Case Rate,"100% Medicare OPPS FS. ",3227.94,,,,,,,Case Rate,"100 Percent of Medicaid APG. ",64677,,,,,,,Case Rate,. All Add ons apply except drugs and lesser of 100% of billed charges.,3227.94,,,,,,,Case Rate,"100 Percent of Medicaid APG. ",21248.19,,,,,,,Case Rate,"100% Medicare OPPS FS. ",3227.94,,,,,,,Case Rate,"100 Percent of Medicaid APG. ",21248.19,,,,,,,Case Rate,"100% Medicare OPPS FS. ",21248.19,,,,,,,Case Rate,"100% Medicare OPPS FS. ",3227.94,,,,,,,Case Rate,"100 Percent of Medicaid APG. ",3227.94,,,,,,,Case Rate,"100 Percent of Medicaid APG. ",7163,,,,,,,Case Rate,". ",45917,,,,,,,Case Rate,". MPL 100/50/25% maxmium of 3 procedures. All add ons apply, and lesser of 100% of billed charges",,78,,,,,0,percent of total billed charges,78% of Billed Charges. Lesser of 100% of billed charges applies.; No services were performed during the 15 month look back period.,50057.96,,,,,,,Case Rate,". MPL 100/50/25% all add ons apply, and lesser of 100% of billed charges",50057.96,,,,,,,Case Rate,". MPL 100/50/25% all add ons apply, and lesser of 100% of billed charges",49978,,,,,,,Case Rate,". Primary procedure pays at 100%, secondary at 50%, all subsequent at 25%.  Lesser of applies when negotiated rates exceed charges less addons.",20823.22,,,,,,,Case Rate,"98% of RBRVS. ",12574,,,,,,,Case Rate,". Primary procedure pays at 100%, all subsequent at 50%.",12574,,,,,,,Case Rate,". Primary procedure pays at 100%, all subsequent at 50%.",51742,,,,,,,Case Rate,. All Add ons apply except drugs and lesser of 100% of billed charges.,51742,,,,,,,Case Rate,. All Add ons apply except drugs and lesser of 100% of billed charges.,21248.19,,,,,,,Case Rate,"100% Medicare OPPS FS. ",21248.19,,,,,,,Case Rate,"100% Medicare OPPS FS. ",21248.19,,,,,,,Case Rate,"100% Medicare OPPS FS. ",21248.19,,,,,,,Case Rate,"100% Medicare OPPS FS. ",50057.96,,,,,,,Case Rate,". MPL 100/50/25% all add ons apply, and lesser of 100% of billed charges",64677,,,,,,,Case Rate,. All Add ons apply except drugs and lesser of 100% of billed charges.,64677,,,,,,,Case Rate,. All Add ons apply except drugs and lesser of 100% of billed charges.,21248.19,,,,,,,Case Rate,"100% Medicare OPPS FS. ",51742,,,,,,,Case Rate,. All Add ons apply except drugs and lesser of 100% of billed charges.,36347,,,,,,,Case Rate,". Primary procedure pays at 100%, all subsequent at 50%.",3873.53,,,,,,,Fee Schedule,"120 Percent of Medicaid APG. ",3227.94,,,,,,,Case Rate,"100 Percent of Medicaid APG. ",7163,,,,,,,Case Rate,". ",58209,,,,,,,Case Rate,. All Add ons apply except drugs and lesser of 100% of billed charges.,58209,,,,,,,Case Rate,. All Add ons apply except drugs and lesser of 100% of billed charges.,64677,,,,,,,Case Rate,. All Add ons apply except drugs and lesser of 100% of billed charges.,42603,,,,,,,Case Rate,". MPL 100/75/50% all add ons apply, and lesser of 100% of billed charges",21248.19,,,,,,,Case Rate,"100%Medicare OPPS FS. ",3389.34,,,,,,,Fee Schedule,105 percent of Medicaid APG. otherwise 105% of Ordered NYS MCD FS or 105% of ASP+6%,3389.34,,,,,,,Fee Schedule,105 percent of Medicaid APG. otherwise 105% of Ordered NYS MCD FS or 105% of ASP+6%,3389.34,,,,,,,Fee Schedule,105 percent of Medicaid APG. otherwise 105% of Ordered NYS MCD FS or 105% of ASP+6%,4357.72,,,,,,,Fee Schedule,135 percent of Medicaid APG. otherwise 135% of Ordered NYS MCD FS or 135% of ASP+6%,50057.96,,,,,,,Case Rate,". MPL 100/50/25% all add ons apply, and lesser of 100% of billed charges",3389.34,,,,,,,Fee Schedule,105 percent of Medicaid APG. otherwise 105% of Ordered NYS MCD FS or 105% of ASP+6%,3389.34,,,,,,,Fee Schedule,105 percent of Medicaid APG. otherwise 105% of Ordered NYS MCD FS or 105% of ASP+6%,3389.34,,,,,,,Fee Schedule,105 percent of Medicaid APG. otherwise 105% of Ordered NYS MCD FS or 105% of ASP+6%,3389.34,,,,,,,Fee Schedule,105 percent of Medicaid APG. otherwise 105% of Ordered NYS MCD FS or 105% of ASP+6%,3389.34,,,,,,,Fee Schedule,105 percent of Medicaid APG. otherwise 105% of Ordered NYS MCD FS or 105% of ASP+6%,4357.72,,,,,,,Fee Schedule,135 percent of Medicaid APG. otherwise 135% of Ordered NYS MCD FS or 135% of ASP+6%,4357.72,,,,,,,Fee Schedule,135 percent of Medicaid APG. otherwise 135% of Ordered NYS MCD FS or 135% of ASP+6%,21248.19,,,,,,,Case Rate,"100% Medicare OPPS FS. ",50057.96,,,,,,,Case Rate,". MPL 100/50/25% all add ons apply, and lesser of 100% of billed charges",21248.19,,,,,,,Case Rate,"100% Medicare OPPS FS. ",3389.34,,,,,,,Fee Schedule,105 percent of Medicaid APG. otherwise 105% of Ordered NYS MCD FS or 105% of ASP+6%,64677,,,,,,,Case Rate,. All Add ons apply except drugs and lesser of 100% of billed charges.,21248.19,,,,,,,Case Rate,"100% Medicare OPPS FS. ",64677,,,,,,,Case Rate,. All Add ons apply except drugs and lesser of 100% of billed charges.,64677,,,,,,,Case Rate,. All Add ons apply except drugs and lesser of 100% of billed charges.,64677,,,,,,,Case Rate,. All Add ons apply except drugs and lesser of 100% of billed charges.,3389.34,,,,,,,Fee Schedule,105 percent of Medicaid APG. otherwise 105% of Ordered NYS MCD FS or 105% of ASP+6%,21248.19,,,,,,,Case Rate,"100% Medicare OPPS FS. ",64677,,,,,,,Case Rate,. All Add ons apply except drugs and lesser of 100% of billed charges.,4357.72,,,,,,,Fee Schedule,135 percent of Medicaid APG. otherwise 135% of Ordered NYS MCD FS or 135% of ASP+6%,64677,,,,,,,Case Rate,. All Add ons apply except drugs and lesser of 100% of billed charges.,42496.37,,,,,,,Case Rate,"150% of Medicare OPPS. ",21248.19,,,,,,,Case Rate,"100%Medicare OPPS FS. ",7163,,,,,,,Case Rate,". ",7163,,,,,,,Case Rate,". ",7163,,,,,,,Case Rate,". ",7163,,,,,,,Case Rate,". ",7163,,,,,,,Case Rate,". ",36347,,,,,,,Case Rate,". Primary procedure pays at 100%, all subsequent at 50%.",36347,,,,,,,Case Rate,". Primary procedure pays at 100%, all subsequent at 50%.",7163,,,,,,,Case Rate,". ",7163,,,,,,,Case Rate,". ",7163,,,,,,,Case Rate,". ",7163,,,,,,,Case Rate,". ",7163,,,,,,,Case Rate,". ",21248.19,,,,,,,Case Rate,"100% Medicare OPPS FS. ",36347,,,,,,,Case Rate,". Primary procedure pays at 100%, all subsequent at 50%.",21248.19,,,,,,,Case Rate,"100% Medicare OPPS FS. ",7262.87,,,,,,,Case Rate,"225 Percent of Medicaid APG. If not included in Medicaid APG, then 100 Percent of Manhattan Medicare",3227.94,,,,,,,Case Rate,"100 Percent of Medicaid APG. ",50057.96,,,,,,,Case Rate,". MPL 100/50/25% all add ons apply, and lesser of 100% of billed charges",50057.96,,,,,,,Case Rate,". MPL 100/50/25% all add ons apply, and lesser of 100% of billed charges",21248.19,,,,,,,Case Rate,"100% Medicare OPPS FS. ",12574,,,,,,,Case Rate,". Primary procedure pays at 100%, all subsequent at 50%.",21248.19,,,,,,,Case Rate,"100% Medicare OPPS FS. ",21248.19,,,,,,,Case Rate,"100% Medicare OPPS FS. ",49978,,,,,,,Case Rate,". Primary procedure pays at 100%, secondary at 50%, all subsequent at 25%.  Lesser of applies when negotiated rates exceed charges less addons.",21248.19,,,,,,,Case Rate,"100% Medicare OPPS FS. ",45917,,,,,,,Case Rate,". MPL 100/50/25% maxmium of 3 procedures. All add ons apply, and lesser of 100% of billed charges",21248.19,,,,,,,Case Rate,"100% Medicare OPPS FS. ",45917,,,,,,,Case Rate,". MPL 100/50/25% maxmium of 3 procedures. All add ons apply, and lesser of 100% of billed charges",49978,,,,,,,Case Rate,". Primary procedure pays at 100%, secondary at 50%, all subsequent at 25%.  Lesser of applies when negotiated rates exceed charges less addons.",45917,,,,,,,Case Rate,". MPL 100/50/25% maxmium of 3 procedures. All add ons apply, and lesser of 100% of billed charges",21248.19,,,,,,,Case Rate,"100% Medicare OPPS FS. ",3227.94,,,,,,,Case Rate,"100 Percent of Medicaid APG. ",21248.19,,,,,,,Case Rate,"100% Medicare OPPS FS. ",45917,,,,,,,Case Rate,". MPL 100/50/25% maxmium of 3 procedures. All add ons apply, and lesser of 100% of billed charges",50057.96,,,,,,,Case Rate,". MPL 100/50/25% all add ons apply, and lesser of 100% of billed charges",3227.94,,,,,,,Case Rate,"100 Percent of Medicaid APG. ",64677,,,,,,,Case Rate,. All Add ons apply except drugs and lesser of 100% of billed charges.,3873.53,,,,,,,Fee Schedule,"120 Percent of Medicaid APG. ",3873.53,,,,,,,Fee Schedule,"120 Percent of Medicaid APG. ",64677,,,,,,,Case Rate,. All Add ons apply except drugs and lesser of 100% of billed charges.,64677,,,,,,,Case Rate,. All Add ons apply except drugs and lesser of 100% of billed charges.,64677,,,,,,,Case Rate,. All Add ons apply except drugs and lesser of 100% of billed charges.,50057.96,,,,,,,Case Rate,". MPL 100/50/25% all add ons apply, and lesser of 100% of billed charges",64677,,,,,,,Case Rate,. All Add ons apply except drugs and lesser of 100% of billed charges.,64677,,,,,,,Case Rate,. All Add ons apply except drugs and lesser of 100% of billed charges.,64677,,,,,,,Case Rate,. All Add ons apply except drugs and lesser of 100% of billed charges.,7163,,,,,,,Case Rate,". ",7163,,,,,,,Case Rate,". ",42071.41,,,,,,,Case Rate,198 Percent of Medicare OPPS. Metroplus will reimburse unlisted codes and described codes with no Medicare rate at 50 percent of charges.,3227.94,,,,,,,Case Rate,"100 Percent of Medicaid APG. ",50057.96,,,,,,,Case Rate,". MPL 100/50/25% all add ons apply, and lesser of 100% of billed charges",45917,,,,,,,Case Rate,". MPL 100/50/25% maxmium of 3 procedures. All add ons apply, and lesser of 100% of billed charges",49978,,,,,,,Case Rate,". Primary procedure pays at 100%, secondary at 50%, all subsequent at 25%.  Lesser of applies when negotiated rates exceed charges less addons.",50057.96,,,,,,,Case Rate,". MPL 100/50/25% all add ons apply, and lesser of 100% of billed charges",49978,,,,,,,Case Rate,". Primary procedure pays at 100%, secondary at 50%, all subsequent at 25%.  Lesser of applies when negotiated rates exceed charges less addons.",50057.96,,,,,,,Case Rate,". MPL 100/50/25% all add ons apply, and lesser of 100% of billed charges",64677,,,,,,,Case Rate,. All Add ons apply except drugs and lesser of 100% of billed charges.,64677,,,,,,,Case Rate,. All Add ons apply except drugs and lesser of 100% of billed charges.,64677,,,,,,,Case Rate,. All Add ons apply except drugs and lesser of 100% of billed charges.,64677,,,,,,,Case Rate,. All Add ons apply except drugs and lesser of 100% of billed charges.,21248.19,,,,,,,Case Rate,"100% Medicare OPPS FS. ",683.96,64677,
92997,CPT,,,490,RC,PUL ART BALLOON REPR PERCUT,,,both,,,,722,,,,,,,Fee Schedule,"100 % 1199 Fee Schedule. ",722,,,,,,,Fee Schedule,"100 % 1199 Fee Schedule. ",62340,,,,,,,Case Rate,". Primary procedure pays at 100%, secondary at 50%, all subsequent at 25%.  Lesser of applies when negotiated rates exceed charges less addons.",,100,,,,,0,percent of total billed charges,100 percent of billed charges. ; No services were performed during the 15 month look back period.,13419.3,,,,,,,Case Rate,"100% Medicare OPPS FS. ",62340,,,,,,,Case Rate,". Primary procedure pays at 100%, secondary at 50%, all subsequent at 25%.  Lesser of applies when negotiated rates exceed charges less addons.",62340,,,,,,,Case Rate,". Primary procedure pays at 100%, secondary at 50%, all subsequent at 25%.  Lesser of applies when negotiated rates exceed charges less addons.",62340,,,,,,,Case Rate,". Primary procedure pays at 100%, secondary at 50%, all subsequent at 25%.  Lesser of applies when negotiated rates exceed charges less addons.",3873.53,,,,,,,Case Rate,"100 Percent of Medicaid APG. ",3227.94,,,,,,,Case Rate,"100 Percent of Medicaid APG. ",,78,,,,,0,percent of total billed charges,78% of Billed Charges. Lesser of 100% of billed charges applies.; No services were performed during the 15 month look back period.,18160.12,,,,,,,Case Rate,". MPL 100/50/25% all add ons apply, and lesser of 100% of billed charges",3227.94,,,,,,,Case Rate,"100 Percent of Medicaid APG. ",13419.3,,,,,,,Case Rate,"100% Medicare OPPS FS. ",45917,,,,,,,Case Rate,". MPL 100/50/25% maxmium of 3 procedures. All add ons apply, and lesser of 100% of billed charges",45917,,,,,,,Case Rate,". MPL 100/50/25% maxmium of 3 procedures. All add ons apply, and lesser of 100% of billed charges",45917,,,,,,,Case Rate,". MPL 100/50/25% maxmium of 3 procedures. All add ons apply, and lesser of 100% of billed charges",45917,,,,,,,Case Rate,". MPL 100/50/25% maxmium of 3 procedures. All add ons apply, and lesser of 100% of billed charges",648.14,,,,,,,Fee schedule,90 Percent of Medicare RBRVS. Covered services not payable under Medicaid Fee Schedules default to a payment of 50 percent of charges.,13419.3,,,,,,,Case Rate,"100% Medicare OPPS FS. ",648.14,,,,,,,Fee schedule,90 Percent of Medicare RBRVS. Covered services not payable under Medicaid Fee Schedules default to a payment of 50 percent of charges.,,78,,,,,0,percent of total billed charges,78% of Billed Charges. Lesser of 100% of billed charges applies.; No services were performed during the 15 month look back period.,62340,,,,,,,Case Rate,". Primary procedure pays at 100%, secondary at 50%, all subsequent at 25%.  Lesser of applies when negotiated rates exceed charges less addons.",13419.3,,,,,,,Case Rate,"100%Medicare OPPS FS. ",36347,,,,,,,Case Rate,". Primary procedure pays at 100%, all subsequent at 50%.",13419.3,,,,,,,Case Rate,"100%Medicare OPPS FS. ",13419.3,,,,,,,Case Rate,"100%Medicare OPPS FS. ",,78,,,,,0,percent of total billed charges,78% of Billed Charges. Lesser of 100% of billed charges applies.; No services were performed during the 15 month look back period.,648.14,,,,,,,Fee Schedule,90 Percent of Medicare RBRVS. Lesser of 100% of billed charges applies.,648.14,,,,,,,Fee Schedule,90 Percent of Medicare RBRVS. Lesser of 100% of billed charges applies.,3227.94,,,,,,,Case rate,"100 Percent of Medicaid APG. ",3227.94,,,,,,,Case rate,"100 Percent of Medicaid APG. ",36347,,,,,,,Case Rate,". Primary procedure pays at 100%, all subsequent at 50%.",36347,,,,,,,Case Rate,". Primary procedure pays at 100%, all subsequent at 50%.",3227.94,,,,,,,Case Rate,"100 Percent of Medicaid APG. Not APG payable, or payable under another fee schedule like ASP/AWP pays at 30% of charges",36347,,,,,,,Case Rate,". Primary procedure pays at 100%, all subsequent at 50%.",3227.94,,,,,,,Case Rate,"100 Percent of Medicaid APG. Not APG payable, or payable under another fee schedule like ASP/AWP pays at 30% of charges",13419.3,,,,,,,Case Rate,"100%Medicare OPPS FS. ",36347,,,,,,,Case Rate,". Primary procedure pays at 100%, all subsequent at 50%.",,78,,,,,0,percent of total billed charges,78% of Billed Charges. Lesser of 100% of billed charges applies.; No services were performed during the 15 month look back period.,3227.94,,,,,,,Case Rate,"100 Percent of Medicaid APG. ",3227.94,,,,,,,Case Rate,"100 Percent of Medicaid APG. ",,78,,,,,0,percent of total billed charges,78% of Billed Charges. Lesser of 100% of billed charges applies.; No services were performed during the 15 month look back period.,45917,,,,,,,Case Rate,". MPL 100/50/25% maxmium of 3 procedures. All add ons apply, and lesser of 100% of billed charges",16031,,,,,,,Case Rate,". MPL 100/50/25% all add ons apply, and lesser of 100% of billed charges",16031,,,,,,,Case Rate,". MPL 100/50/25% all add ons apply, and lesser of 100% of billed charges",,78,,,,,0,percent of total billed charges,78% of Billed Charges. Lesser of 100% of billed charges applies.; No services were performed during the 15 month look back period.,13419.3,,,,,,,Case Rate,"100% Medicare OPPS FS. ",18160.12,,,,,,,Case Rate,". MPL 100/50/25% all add ons apply, and lesser of 100% of billed charges",18160.12,,,,,,,Case Rate,". MPL 100/50/25% all add ons apply, and lesser of 100% of billed charges",18160.12,,,,,,,Case Rate,". MPL 100/50/25% all add ons apply, and lesser of 100% of billed charges",13419.3,,,,,,,Case Rate,"100% Medicare OPPS FS. ",18160.12,,,,,,,Case Rate,". MPL 100/50/25% all add ons apply, and lesser of 100% of billed charges",18160.12,,,,,,,Case Rate,". MPL 100/50/25% all add ons apply, and lesser of 100% of billed charges",13419.3,,,,,,,Case Rate,"100% of Medicare OPPS. ",25798,,,,,,,Case Rate,". MPL 100/75/50% all add ons apply, and lesser of 100% of billed charges",64677,,,,,,,Case Rate,. All Add ons apply except drugs and lesser of 100% of billed charges.,64677,,,,,,,Case Rate,. All Add ons apply except drugs and lesser of 100% of billed charges.,64677,,,,,,,Case Rate,. All Add ons apply except drugs and lesser of 100% of billed charges.,64677,,,,,,,Case Rate,. All Add ons apply except drugs and lesser of 100% of billed charges.,64677,,,,,,,Case Rate,. All Add ons apply except drugs and lesser of 100% of billed charges.,64677,,,,,,,Case Rate,. All Add ons apply except drugs and lesser of 100% of billed charges.,13419.3,,,,,,,Case Rate,"100% Medicare OPPS FS. ",13419.3,,,,,,,Case Rate,"100% Medicare OPPS FS. ",64677,,,,,,,Case Rate,. All Add ons apply except drugs and lesser of 100% of billed charges.,,78,,,,,0,percent of total billed charges,78% of Billed Charges. Lesser of 100% of billed charges applies.; No services were performed during the 15 month look back period.,,78,,,,,0,percent of total billed charges,78% of Billed Charges. Lesser of 100% of billed charges applies.; No services were performed during the 15 month look back period.,,78,,,,,0,percent of total billed charges,78% of Billed Charges. Lesser of 100% of billed charges applies.; No services were performed during the 15 month look back period.,,78,,,,,0,percent of total billed charges,78% of Billed Charges. Lesser of 100% of billed charges applies.; No services were performed during the 15 month look back period.,,78,,,,,0,percent of total billed charges,78% of Billed Charges. Lesser of 100% of billed charges applies.; No services were performed during the 15 month look back period.,,78,,,,,0,percent of total billed charges,78% of Billed Charges. Lesser of 100% of billed charges applies.; No services were performed during the 15 month look back period.,,78,,,,,0,percent of total billed charges,78% of Billed Charges. Lesser of 100% of billed charges applies.; No services were performed during the 15 month look back period.,,78,,,,,0,percent of total billed charges,78% of Billed Charges. Lesser of 100% of billed charges applies.; No services were performed during the 15 month look back period.,,78,,,,,0,percent of total billed charges,78% of Billed Charges. Lesser of 100% of billed charges applies.; No services were performed during the 15 month look back period.,,78,,,,,0,percent of total billed charges,78% of Billed Charges. Lesser of 100% of billed charges applies.; No services were performed during the 15 month look back period.,,78,,,,,0,percent of total billed charges,78% of Billed Charges. Lesser of 100% of billed charges applies.; No services were performed during the 15 month look back period.,,78,,,,,0,percent of total billed charges,78% of Billed Charges. Lesser of 100% of billed charges applies.; No services were performed during the 15 month look back period.,,78,,,,,0,percent of total billed charges,78% of Billed Charges. Lesser of 100% of billed charges applies.; No services were performed during the 15 month look back period.,,78,,,,,0,percent of total billed charges,78% of Billed Charges. Lesser of 100% of billed charges applies.; No services were performed during the 15 month look back period.,,78,,,,,0,percent of total billed charges,78% of Billed Charges. Lesser of 100% of billed charges applies.; No services were performed during the 15 month look back period.,,78,,,,,0,percent of total billed charges,78% of Billed Charges. Lesser of 100% of billed charges applies.; No services were performed during the 15 month look back period.,,78,,,,,0,percent of total billed charges,78% of Billed Charges. Lesser of 100% of billed charges applies.; No services were performed during the 15 month look back period.,,78,,,,,0,percent of total billed charges,78% of Billed Charges. Lesser of 100% of billed charges applies.; No services were performed during the 15 month look back period.,,78,,,,,0,percent of total billed charges,78% of Billed Charges. Lesser of 100% of billed charges applies.; No services were performed during the 15 month look back period.,,78,,,,,0,percent of total billed charges,78% of Billed Charges. Lesser of 100% of billed charges applies.; No services were performed during the 15 month look back period.,,78,,,,,0,percent of total billed charges,78% of Billed Charges. Lesser of 100% of billed charges applies.; No services were performed during the 15 month look back period.,,78,,,,,0,percent of total billed charges,78% of Billed Charges. Lesser of 100% of billed charges applies.; No services were performed during the 15 month look back period.,,78,,,,,0,percent of total billed charges,78% of Billed Charges. Lesser of 100% of billed charges applies.; No services were performed during the 15 month look back period.,,78,,,,,0,percent of total billed charges,78% of Billed Charges. Lesser of 100% of billed charges applies.; No services were performed during the 15 month look back period.,,78,,,,,0,percent of total billed charges,78% of Billed Charges. Lesser of 100% of billed charges applies.; No services were performed during the 15 month look back period.,,78,,,,,0,percent of total billed charges,78% of Billed Charges. Lesser of 100% of billed charges applies.; No services were performed during the 15 month look back period.,36347,,,,,,,Case Rate,". Primary procedure pays at 100%, all subsequent at 50%.",36347,,,,,,,Case Rate,". Primary procedure pays at 100%, all subsequent at 50%.",36347,,,,,,,Case Rate,". Primary procedure pays at 100%, all subsequent at 50%.",36347,,,,,,,Case Rate,". Primary procedure pays at 100%, all subsequent at 50%.",12574,,,,,,,Case Rate,". Primary procedure pays at 100%, all subsequent at 50%.",12574,,,,,,,Case Rate,". Primary procedure pays at 100%, all subsequent at 50%.",45917,,,,,,,Case Rate,". MPL 100/50/25% maxmium of 3 procedures. All add ons apply, and lesser of 100% of billed charges",64677,,,,,,,Case Rate,. All Add ons apply except drugs and lesser of 100% of billed charges.,18160.12,,,,,,,Case Rate,". MPL 100/50/25% all add ons apply, and lesser of 100% of billed charges",64677,,,,,,,Case Rate,. All Add ons apply except drugs and lesser of 100% of billed charges.,,78,,,,,0,percent of total billed charges,78% of Billed Charges. Lesser of 100% of billed charges applies.; No services were performed during the 15 month look back period.,12574,,,,,,,Case Rate,". Primary procedure pays at 100%, all subsequent at 50%.",64677,,,,,,,Case Rate,. All Add ons apply except drugs and lesser of 100% of billed charges.,18160.12,,,,,,,Case Rate,". MPL 100/50/25% all add ons apply, and lesser of 100% of billed charges",45917,,,,,,,Case Rate,". MPL 100/50/25% maxmium of 3 procedures. All add ons apply, and lesser of 100% of billed charges",,,,,,,,,"NA. ",,78,,,,,0,percent of total billed charges,78% of Billed Charges. Lesser of 100% of billed charges applies.; No services were performed during the 15 month look back period.,3227.94,,,,,,,Case Rate,"100 Percent of Medicaid APG. ",36347,,,,,,,Case Rate,". Primary procedure pays at 100%, all subsequent at 50%.",3227.94,,,,,,,Case Rate,"100 Percent of Medicaid APG. Not APG payable, or payable under another fee schedule like ASP/AWP pays at 30% of charges",13419.3,,,,,,,Case Rate,"100%Medicare OPPS FS. ",13419.3,,,,,,,Case Rate,"100% Medicare OPPS FS. ",25798,,,,,,,Case Rate,". MPL 100/75/50% all add ons apply, and lesser of 100% of billed charges",13419.3,,,,,,,Case Rate,"100% Medicare OPPS FS. ",13419.3,,,,,,,Case Rate,"100% Medicare OPPS FS. ",3227.94,,,,,,,Case Rate,"100 Percent of Medicaid APG. ",13419.3,,,,,,,Case Rate,"100% Medicare OPPS FS. ",13419.3,,,,,,,Case Rate,"100% Medicare OPPS FS. ",62340,,,,,,,Case Rate,". Primary procedure pays at 100%, secondary at 50%, all subsequent at 25%.  Lesser of applies when negotiated rates exceed charges less addons.",62340,,,,,,,Case Rate,". Primary procedure pays at 100%, secondary at 50%, all subsequent at 25%.  Lesser of applies when negotiated rates exceed charges less addons.",13419.3,,,,,,,Case Rate,"100% Medicare OPPS FS. ",45917,,,,,,,Case Rate,". MPL 100/50/25% maxmium of 3 procedures. All add ons apply, and lesser of 100% of billed charges",18160.12,,,,,,,Case Rate,". MPL 100/50/25% all add ons apply, and lesser of 100% of billed charges",18160.12,,,,,,,Case Rate,". MPL 100/50/25% all add ons apply, and lesser of 100% of billed charges",13419.3,,,,,,,Case Rate,"100% Medicare OPPS FS. ",45917,,,,,,,Case Rate,". MPL 100/50/25% maxmium of 3 procedures. All add ons apply, and lesser of 100% of billed charges",62340,,,,,,,Case Rate,". Primary procedure pays at 100%, secondary at 50%, all subsequent at 25%.  Lesser of applies when negotiated rates exceed charges less addons.",62340,,,,,,,Case Rate,". Primary procedure pays at 100%, secondary at 50%, all subsequent at 25%.  Lesser of applies when negotiated rates exceed charges less addons.",62340,,,,,,,Case Rate,". Primary procedure pays at 100%, secondary at 50%, all subsequent at 25%.  Lesser of applies when negotiated rates exceed charges less addons.",,78,,,,,0,percent of total billed charges,78% of Billed Charges. Lesser of 100% of billed charges applies.; No services were performed during the 15 month look back period.,,78,,,,,0,percent of total billed charges,78% of Billed Charges. Lesser of 100% of billed charges applies.; No services were performed during the 15 month look back period.,,78,,,,,0,percent of total billed charges,78% of Billed Charges. Lesser of 100% of billed charges applies.; No services were performed during the 15 month look back period.,,78,,,,,0,percent of total billed charges,78% of Billed Charges. Lesser of 100% of billed charges applies.; No services were performed during the 15 month look back period.,,78,,,,,0,percent of total billed charges,78% of Billed Charges. Lesser of 100% of billed charges applies.; No services were performed during the 15 month look back period.,,78,,,,,0,percent of total billed charges,78% of Billed Charges. Lesser of 100% of billed charges applies.; No services were performed during the 15 month look back period.,,78,,,,,0,percent of total billed charges,78% of Billed Charges. Lesser of 100% of billed charges applies.; No services were performed during the 15 month look back period.,,78,,,,,0,percent of total billed charges,78% of Billed Charges. Lesser of 100% of billed charges applies.; No services were performed during the 15 month look back period.,,78,,,,,0,percent of total billed charges,78% of Billed Charges. Lesser of 100% of billed charges applies.; No services were performed during the 15 month look back period.,,78,,,,,0,percent of total billed charges,78% of Billed Charges. Lesser of 100% of billed charges applies.; No services were performed during the 15 month look back period.,,78,,,,,0,percent of total billed charges,78% of Billed Charges. Lesser of 100% of billed charges applies.; No services were performed during the 15 month look back period.,12574,,,,,,,Case Rate,". Primary procedure pays at 100%, all subsequent at 50%.",64677,,,,,,,Case Rate,. All Add ons apply except drugs and lesser of 100% of billed charges.,45917,,,,,,,Case Rate,". MPL 100/50/25% maxmium of 3 procedures. All add ons apply, and lesser of 100% of billed charges",13419.3,,,,,,,Case Rate,"100% Medicare OPPS FS. ",62340,,,,,,,Case Rate,". Primary procedure pays at 100%, secondary at 50%, all subsequent at 25%.  Lesser of applies when negotiated rates exceed charges less addons.",45917,,,,,,,Case Rate,". MPL 100/50/25% maxmium of 3 procedures. All add ons apply, and lesser of 100% of billed charges",45917,,,,,,,Case Rate,". MPL 100/50/25% maxmium of 3 procedures. All add ons apply, and lesser of 100% of billed charges",,78,,,,,0,percent of total billed charges,78% of Billed Charges. Lesser of 100% of billed charges applies.; No services were performed during the 15 month look back period.,6907.8,,,,,,,Case Rate,"214 Percent of Medicaid APG. Drugs not priced under APG, billed with revenue code 636 and not priced by Medicare ASP FeeSched will be reimbursed at 20% of charges.",45917,,,,,,,Case Rate,". MPL 100/50/25% maxmium of 3 procedures. All add ons apply, and lesser of 100% of billed charges",3227.94,,,,,,,Case Rate,"100 Percent of Medicaid APG. ",13419.3,,,,,,,Case Rate,"100% Medicare OPPS FS. ",13419.3,,,,,,,Case Rate,"100% Medicare OPPS FS. ",13419.3,,,,,,,Case Rate,"100% Medicare OPPS FS. ",13419.3,,,,,,,Case Rate,"100% Medicare OPPS FS. ",13419.3,,,,,,,Case Rate,"100% Medicare OPPS FS. ",13419.3,,,,,,,Case Rate,"100% Medicare OPPS FS. ",45917,,,,,,,Case Rate,". MPL 100/50/25% maxmium of 3 procedures. All add ons apply, and lesser of 100% of billed charges",25798,,,,,,,Case Rate,". MPL 100/75/50% all add ons apply, and lesser of 100% of billed charges",1152.26,,,,,,,Fee Schedule,"160 Percent of Medicare RBRVS. ",1152.26,,,,,,,Fee Schedule,"160 Percent of Medicare RBRVS. ",1152.26,,,,,,,Fee Schedule,"160 Percent of Medicare RBRVS. ",1152.26,,,,,,,Fee Schedule,"160 Percent of Medicare RBRVS. ",1152.26,,,,,,,Fee Schedule,"160 Percent of Medicare RBRVS. ",,,,,,,,,"NA. ",25798,,,,,,,Case Rate,". MPL 100/75/50% all add ons apply, and lesser of 100% of billed charges",26570.21,,,,,,,Case Rate,198 Percent of Medicare OPPS. Metroplus will reimburse unlisted codes and described codes with no Medicare rate at 50 percent of charges.,26570.21,,,,,,,Case Rate,198 Percent of Medicare OPPS. Metroplus will reimburse unlisted codes and described codes with no Medicare rate at 50 percent of charges.,26570.21,,,,,,,Case Rate,198 Percent of Medicare OPPS. Metroplus will reimburse unlisted codes and described codes with no Medicare rate at 50 percent of charges.,26570.21,,,,,,,Case Rate,198 Percent of Medicare OPPS. Metroplus will reimburse unlisted codes and described codes with no Medicare rate at 50 percent of charges.,26570.21,,,,,,,Case Rate,198 Percent of Medicare OPPS. Metroplus will reimburse unlisted codes and described codes with no Medicare rate at 50 percent of charges.,13419.3,,,,,,,Case Rate,"100% Medicare OPPS FS. ",12574,,,,,,,Case Rate,". Primary procedure pays at 100%, all subsequent at 50%.",12574,,,,,,,Case Rate,". Primary procedure pays at 100%, all subsequent at 50%.",12574,,,,,,,Case Rate,". Primary procedure pays at 100%, all subsequent at 50%.",12574,,,,,,,Case Rate,". Primary procedure pays at 100%, all subsequent at 50%.",62340,,,,,,,Case Rate,". Primary procedure pays at 100%, secondary at 50%, all subsequent at 25%.  Lesser of applies when negotiated rates exceed charges less addons.",62340,,,,,,,Case Rate,". Primary procedure pays at 100%, secondary at 50%, all subsequent at 25%.  Lesser of applies when negotiated rates exceed charges less addons.",62340,,,,,,,Case Rate,". Primary procedure pays at 100%, secondary at 50%, all subsequent at 25%.  Lesser of applies when negotiated rates exceed charges less addons.",62340,,,,,,,Case Rate,". Primary procedure pays at 100%, secondary at 50%, all subsequent at 25%.  Lesser of applies when negotiated rates exceed charges less addons.",25798,,,,,,,Case Rate,". MPL 100/75/50% all add ons apply, and lesser of 100% of billed charges",25798,,,,,,,Case Rate,". MPL 100/75/50% all add ons apply, and lesser of 100% of billed charges",13419.3,,,,,,,Case Rate,"100% Medicare OPPS FS. ",13419.3,,,,,,,Case Rate,"100% Medicare OPPS FS. ",13419.3,,,,,,,Case Rate,"100% Medicare OPPS FS. ",64677,,,,,,,Case Rate,. All Add ons apply except drugs and lesser of 100% of billed charges.,64677,,,,,,,Case Rate,. All Add ons apply except drugs and lesser of 100% of billed charges.,64677,,,,,,,Case Rate,. All Add ons apply except drugs and lesser of 100% of billed charges.,25798,,,,,,,Case Rate,". MPL 100/75/50% all add ons apply, and lesser of 100% of billed charges",62340,,,,,,,Case Rate,". Primary procedure pays at 100%, secondary at 50%, all subsequent at 25%.  Lesser of applies when negotiated rates exceed charges less addons.",13419.3,,,,,,,Case Rate,"100% Medicare OPPS FS. ",64677,,,,,,,Case Rate,. All Add ons apply except drugs and lesser of 100% of billed charges.,3227.94,,,,,,,Case Rate,"100 Percent of Medicaid APG. ",13687.68,,,,,,,Case Rate,"102% of Medicare OPPS. ",13687.68,,,,,,,Case Rate,"102% of Medicare OPPS. ",13687.68,,,,,,,Case Rate,"102% of Medicare OPPS. ",3227.94,,,,,,,Case rate,"100 Percent of Medicaid APG. ",7262.87,,,,,,,Fee Schedule,225% of NYS APG. Lesser of 100% of billed charges applies.,7262.87,,,,,,,Fee Schedule,225% of NYS APG. Lesser of 100% of billed charges applies.,7262.87,,,,,,,Fee Schedule,225% of NYS APG. Lesser of 100% of billed charges applies.,7262.87,,,,,,,Fee Schedule,225% of NYS APG. Lesser of 100% of billed charges applies.,7262.87,,,,,,,Fee Schedule,225% of NYS APG. Lesser of 100% of billed charges applies.,13687.68,,,,,,,Case Rate,"102% of Medicare OPPS. ",3227.94,,,,,,,Case Rate,"100 Percent of Medicaid APG. ",648.14,,,,,,,Fee Schedule,90 Percent of Medicare RBRVS. Lesser of 100% of billed charges applies.,7262.87,,,,,,,Fee Schedule,225% of NYS APG. Lesser of 100% of billed charges applies.,7262.87,,,,,,,Fee Schedule,225% of NYS APG. Lesser of 100% of billed charges applies.,648.14,,,,,,,Fee Schedule,90 Percent of Medicare RBRVS. Lesser of 100% of billed charges applies.,648.14,,,,,,,Fee Schedule,90 Percent of Medicare RBRVS. Lesser of 100% of billed charges applies.,1152.26,,,,,,,Fee Schedule,"160 Percent of Medicare RBRVS. ",13419.3,,,,,,,Case Rate,"100% Medicare OPPS FS. ",13419.3,,,,,,,Case Rate,"100% Medicare OPPS FS. ",62340,,,,,,,Case Rate,". Primary procedure pays at 100%, secondary at 50%, all subsequent at 25%.  Lesser of applies when negotiated rates exceed charges less addons.",13419.3,,,,,,,Case Rate,"100% Medicare OPPS FS. ",7262.87,,,,,,,Case Rate,"225 Percent of Medicaid APG. ",7262.87,,,,,,,Case Rate,"225 Percent of Medicaid APG. ",3227.94,,,,,,,Case rate,"100 Percent of Medicaid APG. ",3227.94,,,,,,,Case rate,"100 Percent of Medicaid APG. ",7262.87,,,,,,,Case Rate,225 Percent of Medicaid APG. Covered services not payable under Medicaid Fee Schedules default to a payment of 87.5 percent of charges.,648.14,,,,,,,Fee schedule,90 Percent of Medicare RBRVS. Covered services not payable under Medicaid Fee Schedules default to a payment of 50 percent of charges.,7262.87,,,,,,,Case Rate,"100 Percent of Medicaid APG. ",7262.87,,,,,,,Case Rate,"100 Percent of Medicaid APG. ",7262.87,,,,,,,Case Rate,"100 Percent of Medicaid APG. ",7262.87,,,,,,,Case Rate,"100 Percent of Medicaid APG. ",13453,,,,,,,Case Rate,". MPL 100/75/50% all add ons apply, and lesser of 100% of billed charges",25798,,,,,,,Case Rate,". MPL 100/75/50% all add ons apply, and lesser of 100% of billed charges",3873.53,,,,,,,Case Rate,"120 Percent of Medicaid APG. Not APG payable, or payable under another fee schedule like ASP/AWP pays at 30% of charges",3873.53,,,,,,,Case Rate,"120 Percent of Medicaid APG. Not APG payable, or payable under another fee schedule like ASP/AWP pays at 30% of charges",3227.94,,,,,,,Case Rate,"100 Percent of Medicaid APG. Not APG payable, or payable under another fee schedule like ASP/AWP pays at 30% of charges",3227.94,,,,,,,Case Rate,"100 Percent of Medicaid APG. Not APG payable, or payable under another fee schedule like ASP/AWP pays at 30% of charges",64677,,,,,,,Case Rate,. All Add ons apply except drugs and lesser of 100% of billed charges.,64677,,,,,,,Case Rate,. All Add ons apply except drugs and lesser of 100% of billed charges.,13419.3,,,,,,,Case Rate,"100% Medicare OPPS FS. ",64677,,,,,,,Case Rate,. All Add ons apply except drugs and lesser of 100% of billed charges.,64677,,,,,,,Case Rate,. All Add ons apply except drugs and lesser of 100% of billed charges.,64677,,,,,,,Case Rate,. All Add ons apply except drugs and lesser of 100% of billed charges.,64677,,,,,,,Case Rate,. All Add ons apply except drugs and lesser of 100% of billed charges.,13419.3,,,,,,,Case Rate,"100% Medicare OPPS FS. ",64677,,,,,,,Case Rate,. All Add ons apply except drugs and lesser of 100% of billed charges.,64677,,,,,,,Case Rate,. All Add ons apply except drugs and lesser of 100% of billed charges.,62340,,,,,,,Case Rate,". Primary procedure pays at 100%, secondary at 50%, all subsequent at 25%.  Lesser of applies when negotiated rates exceed charges less addons.",3227.94,,,,,,,Fee Schedule,100% APG. Lesser of 100% of billed charges applies.,648.14,,,,,,,Fee schedule,90 Percent of Medicare RBRVS. Covered services not payable under Medicaid Fee Schedules default to a payment of 50 percent of charges.,7262.87,,,,,,,Fee Schedule,225% of NYS APG. Lesser of 100% of billed charges applies.,7262.87,,,,,,,Case Rate,225 Percent of Medicaid APG. Covered services not payable under Medicaid Fee Schedules default to a payment of 87.5 percent of charges.,648.14,,,,,,,Fee schedule,90 Percent of Medicare RBRVS. Covered services not payable under Medicaid Fee Schedules default to a payment of 50 percent of charges.,7262.87,,,,,,,Fee Schedule,225% of NYS APG. Lesser of 100% of billed charges applies.,7262.87,,,,,,,Fee Schedule,225% of NYS APG. Lesser of 100% of billed charges applies.,7262.87,,,,,,,Fee Schedule,225% of NYS APG. Lesser of 100% of billed charges applies.,7262.87,,,,,,,Fee Schedule,225% of NYS APG. Lesser of 100% of billed charges applies.,7262.87,,,,,,,Fee Schedule,225% of NYS APG. Lesser of 100% of billed charges applies.,7262.87,,,,,,,Fee Schedule,225% of NYS APG. Lesser of 100% of billed charges applies.,,,,,,,,,"NA. ",,,,,,,,,"NA. ",,,,,,,,,"NA. ",45917,,,,,,,Case Rate,". MPL 100/50/25% maxmium of 3 procedures. All add ons apply, and lesser of 100% of billed charges",,,,,,,,,"NA. ",13419.3,,,,,,,Case Rate,"100% Medicare OPPS FS. ",722,,,,,,,Fee Schedule,"100 % 1199 Fee Schedule. ",13419.3,,,,,,,Case Rate,"100% Medicare OPPS FS. ",13419.3,,,,,,,Case Rate,"100% Medicare OPPS FS. ",3873.53,,,,,,,Case Rate,"120 Percent of Medicaid APG. Not APG payable, or payable under another fee schedule like ASP/AWP pays at 30% of charges",3873.53,,,,,,,Case Rate,"120 Percent of Medicaid APG. Not APG payable, or payable under another fee schedule like ASP/AWP pays at 30% of charges",3227.94,,,,,,,Case Rate,"100 Percent of Medicaid APG. Not APG payable, or payable under another fee schedule like ASP/AWP pays at 30% of charges",3227.94,,,,,,,Case Rate,"100 Percent of Medicaid APG. Not APG payable, or payable under another fee schedule like ASP/AWP pays at 30% of charges",3227.94,,,,,,,Case Rate,"100 Percent of Medicaid APG. ",7163,,,,,,,Case Rate,". ",62340,,,,,,,Case Rate,". Primary procedure pays at 100%, secondary at 50%, all subsequent at 25%.  Lesser of applies when negotiated rates exceed charges less addons.",36347,,,,,,,Case Rate,". Primary procedure pays at 100%, all subsequent at 50%.",45917,,,,,,,Case Rate,". MPL 100/50/25% maxmium of 3 procedures. All add ons apply, and lesser of 100% of billed charges",13419.3,,,,,,,Case Rate,"100%Medicare OPPS FS. ",13419.3,,,,,,,Case Rate,"100% Medicare OPPS FS. ",13419.3,,,,,,,Case Rate,"100% Medicare OPPS FS. ",13419.3,,,,,,,Case Rate,"100% Medicare OPPS FS. ",13419.3,,,,,,,Case Rate,"100%Medicare OPPS FS. ",13419.3,,,,,,,Case Rate,"100% Medicare OPPS FS. ",,,,,,,,,"NA. ",7262.87,,,,,,,Fee Schedule,225% of NYS APG. Lesser of 100% of billed charges applies.,648.14,,,,,,,Fee Schedule,90 Percent of Medicare RBRVS. Lesser of 100% of billed charges applies.,64677,,,,,,,Case Rate,. All Add ons apply except drugs and lesser of 100% of billed charges.,7163,,,,,,,Case Rate,". ",7163,,,,,,,Case Rate,". ",7163,,,,,,,Case Rate,". ",7163,,,,,,,Case Rate,". ",13419.3,,,,,,,Case Rate,"100% Medicare OPPS FS. ",3227.94,,,,,,,Case Rate,"100 Percent of Medicaid APG. ",64677,,,,,,,Case Rate,. All Add ons apply except drugs and lesser of 100% of billed charges.,3227.94,,,,,,,Case Rate,"100 Percent of Medicaid APG. ",13419.3,,,,,,,Case Rate,"100% Medicare OPPS FS. ",3227.94,,,,,,,Case Rate,"100 Percent of Medicaid APG. ",13419.3,,,,,,,Case Rate,"100% Medicare OPPS FS. ",13419.3,,,,,,,Case Rate,"100% Medicare OPPS FS. ",3227.94,,,,,,,Case Rate,"100 Percent of Medicaid APG. ",3227.94,,,,,,,Case Rate,"100 Percent of Medicaid APG. ",7163,,,,,,,Case Rate,". ",45917,,,,,,,Case Rate,". MPL 100/50/25% maxmium of 3 procedures. All add ons apply, and lesser of 100% of billed charges",,78,,,,,0,percent of total billed charges,78% of Billed Charges. Lesser of 100% of billed charges applies.; No services were performed during the 15 month look back period.,18160.12,,,,,,,Case Rate,". MPL 100/50/25% all add ons apply, and lesser of 100% of billed charges",18160.12,,,,,,,Case Rate,". MPL 100/50/25% all add ons apply, and lesser of 100% of billed charges",62340,,,,,,,Case Rate,". Primary procedure pays at 100%, secondary at 50%, all subsequent at 25%.  Lesser of applies when negotiated rates exceed charges less addons.",13150.91,,,,,,,Case Rate,"98% of RBRVS. ",12574,,,,,,,Case Rate,". Primary procedure pays at 100%, all subsequent at 50%.",12574,,,,,,,Case Rate,". Primary procedure pays at 100%, all subsequent at 50%.",51742,,,,,,,Case Rate,. All Add ons apply except drugs and lesser of 100% of billed charges.,51742,,,,,,,Case Rate,. All Add ons apply except drugs and lesser of 100% of billed charges.,13419.3,,,,,,,Case Rate,"100% Medicare OPPS FS. ",13419.3,,,,,,,Case Rate,"100% Medicare OPPS FS. ",13419.3,,,,,,,Case Rate,"100% Medicare OPPS FS. ",13419.3,,,,,,,Case Rate,"100% Medicare OPPS FS. ",18160.12,,,,,,,Case Rate,". MPL 100/50/25% all add ons apply, and lesser of 100% of billed charges",64677,,,,,,,Case Rate,. All Add ons apply except drugs and lesser of 100% of billed charges.,64677,,,,,,,Case Rate,. All Add ons apply except drugs and lesser of 100% of billed charges.,13419.3,,,,,,,Case Rate,"100% Medicare OPPS FS. ",51742,,,,,,,Case Rate,. All Add ons apply except drugs and lesser of 100% of billed charges.,36347,,,,,,,Case Rate,". Primary procedure pays at 100%, all subsequent at 50%.",3873.53,,,,,,,Fee Schedule,"120 Percent of Medicaid APG. ",3227.94,,,,,,,Case Rate,"100 Percent of Medicaid APG. ",7163,,,,,,,Case Rate,". ",58209,,,,,,,Case Rate,. All Add ons apply except drugs and lesser of 100% of billed charges.,58209,,,,,,,Case Rate,. All Add ons apply except drugs and lesser of 100% of billed charges.,64677,,,,,,,Case Rate,. All Add ons apply except drugs and lesser of 100% of billed charges.,14948,,,,,,,Case Rate,". MPL 100/75/50% all add ons apply, and lesser of 100% of billed charges",13419.3,,,,,,,Case Rate,"100%Medicare OPPS FS. ",3389.34,,,,,,,Fee Schedule,105 percent of Medicaid APG. otherwise 105% of Ordered NYS MCD FS or 105% of ASP+6%,3389.34,,,,,,,Fee Schedule,105 percent of Medicaid APG. otherwise 105% of Ordered NYS MCD FS or 105% of ASP+6%,3389.34,,,,,,,Fee Schedule,105 percent of Medicaid APG. otherwise 105% of Ordered NYS MCD FS or 105% of ASP+6%,4357.72,,,,,,,Fee Schedule,135 percent of Medicaid APG. otherwise 135% of Ordered NYS MCD FS or 135% of ASP+6%,18160.12,,,,,,,Case Rate,". MPL 100/50/25% all add ons apply, and lesser of 100% of billed charges",3389.34,,,,,,,Fee Schedule,105 percent of Medicaid APG. otherwise 105% of Ordered NYS MCD FS or 105% of ASP+6%,3389.34,,,,,,,Fee Schedule,105 percent of Medicaid APG. otherwise 105% of Ordered NYS MCD FS or 105% of ASP+6%,3389.34,,,,,,,Fee Schedule,105 percent of Medicaid APG. otherwise 105% of Ordered NYS MCD FS or 105% of ASP+6%,3389.34,,,,,,,Fee Schedule,105 percent of Medicaid APG. otherwise 105% of Ordered NYS MCD FS or 105% of ASP+6%,3389.34,,,,,,,Fee Schedule,105 percent of Medicaid APG. otherwise 105% of Ordered NYS MCD FS or 105% of ASP+6%,4357.72,,,,,,,Fee Schedule,135 percent of Medicaid APG. otherwise 135% of Ordered NYS MCD FS or 135% of ASP+6%,4357.72,,,,,,,Fee Schedule,135 percent of Medicaid APG. otherwise 135% of Ordered NYS MCD FS or 135% of ASP+6%,13419.3,,,,,,,Case Rate,"100% Medicare OPPS FS. ",18160.12,,,,,,,Case Rate,". MPL 100/50/25% all add ons apply, and lesser of 100% of billed charges",13419.3,,,,,,,Case Rate,"100% Medicare OPPS FS. ",3389.34,,,,,,,Fee Schedule,105 percent of Medicaid APG. otherwise 105% of Ordered NYS MCD FS or 105% of ASP+6%,64677,,,,,,,Case Rate,. All Add ons apply except drugs and lesser of 100% of billed charges.,13419.3,,,,,,,Case Rate,"100% Medicare OPPS FS. ",64677,,,,,,,Case Rate,. All Add ons apply except drugs and lesser of 100% of billed charges.,64677,,,,,,,Case Rate,. All Add ons apply except drugs and lesser of 100% of billed charges.,64677,,,,,,,Case Rate,. All Add ons apply except drugs and lesser of 100% of billed charges.,3389.34,,,,,,,Fee Schedule,105 percent of Medicaid APG. otherwise 105% of Ordered NYS MCD FS or 105% of ASP+6%,13419.3,,,,,,,Case Rate,"100% Medicare OPPS FS. ",64677,,,,,,,Case Rate,. All Add ons apply except drugs and lesser of 100% of billed charges.,4357.72,,,,,,,Fee Schedule,135 percent of Medicaid APG. otherwise 135% of Ordered NYS MCD FS or 135% of ASP+6%,64677,,,,,,,Case Rate,. All Add ons apply except drugs and lesser of 100% of billed charges.,26838.59,,,,,,,Case Rate,"150% of Medicare OPPS. ",13419.3,,,,,,,Case Rate,"100%Medicare OPPS FS. ",7163,,,,,,,Case Rate,". ",7163,,,,,,,Case Rate,". ",7163,,,,,,,Case Rate,". ",7163,,,,,,,Case Rate,". ",7163,,,,,,,Case Rate,". ",36347,,,,,,,Case Rate,". Primary procedure pays at 100%, all subsequent at 50%.",36347,,,,,,,Case Rate,". Primary procedure pays at 100%, all subsequent at 50%.",7163,,,,,,,Case Rate,". ",7163,,,,,,,Case Rate,". ",7163,,,,,,,Case Rate,". ",7163,,,,,,,Case Rate,". ",7163,,,,,,,Case Rate,". ",13419.3,,,,,,,Case Rate,"100% Medicare OPPS FS. ",36347,,,,,,,Case Rate,". Primary procedure pays at 100%, all subsequent at 50%.",13419.3,,,,,,,Case Rate,"100% Medicare OPPS FS. ",7262.87,,,,,,,Case Rate,"225 Percent of Medicaid APG. If not included in Medicaid APG, then 100 Percent of Manhattan Medicare",3227.94,,,,,,,Case Rate,"100 Percent of Medicaid APG. ",18160.12,,,,,,,Case Rate,". MPL 100/50/25% all add ons apply, and lesser of 100% of billed charges",18160.12,,,,,,,Case Rate,". MPL 100/50/25% all add ons apply, and lesser of 100% of billed charges",13419.3,,,,,,,Case Rate,"100% Medicare OPPS FS. ",12574,,,,,,,Case Rate,". Primary procedure pays at 100%, all subsequent at 50%.",13419.3,,,,,,,Case Rate,"100% Medicare OPPS FS. ",13419.3,,,,,,,Case Rate,"100% Medicare OPPS FS. ",62340,,,,,,,Case Rate,". Primary procedure pays at 100%, secondary at 50%, all subsequent at 25%.  Lesser of applies when negotiated rates exceed charges less addons.",13419.3,,,,,,,Case Rate,"100% Medicare OPPS FS. ",45917,,,,,,,Case Rate,". MPL 100/50/25% maxmium of 3 procedures. All add ons apply, and lesser of 100% of billed charges",13419.3,,,,,,,Case Rate,"100% Medicare OPPS FS. ",45917,,,,,,,Case Rate,". MPL 100/50/25% maxmium of 3 procedures. All add ons apply, and lesser of 100% of billed charges",62340,,,,,,,Case Rate,". Primary procedure pays at 100%, secondary at 50%, all subsequent at 25%.  Lesser of applies when negotiated rates exceed charges less addons.",45917,,,,,,,Case Rate,". MPL 100/50/25% maxmium of 3 procedures. All add ons apply, and lesser of 100% of billed charges",13419.3,,,,,,,Case Rate,"100% Medicare OPPS FS. ",3227.94,,,,,,,Case Rate,"100 Percent of Medicaid APG. ",13419.3,,,,,,,Case Rate,"100% Medicare OPPS FS. ",45917,,,,,,,Case Rate,". MPL 100/50/25% maxmium of 3 procedures. All add ons apply, and lesser of 100% of billed charges",18160.12,,,,,,,Case Rate,". MPL 100/50/25% all add ons apply, and lesser of 100% of billed charges",3227.94,,,,,,,Case Rate,"100 Percent of Medicaid APG. ",64677,,,,,,,Case Rate,. All Add ons apply except drugs and lesser of 100% of billed charges.,3873.53,,,,,,,Fee Schedule,"120 Percent of Medicaid APG. ",3873.53,,,,,,,Fee Schedule,"120 Percent of Medicaid APG. ",64677,,,,,,,Case Rate,. All Add ons apply except drugs and lesser of 100% of billed charges.,64677,,,,,,,Case Rate,. All Add ons apply except drugs and lesser of 100% of billed charges.,64677,,,,,,,Case Rate,. All Add ons apply except drugs and lesser of 100% of billed charges.,18160.12,,,,,,,Case Rate,". MPL 100/50/25% all add ons apply, and lesser of 100% of billed charges",64677,,,,,,,Case Rate,. All Add ons apply except drugs and lesser of 100% of billed charges.,64677,,,,,,,Case Rate,. All Add ons apply except drugs and lesser of 100% of billed charges.,64677,,,,,,,Case Rate,. All Add ons apply except drugs and lesser of 100% of billed charges.,7163,,,,,,,Case Rate,". ",7163,,,,,,,Case Rate,". ",26570.21,,,,,,,Case Rate,198 Percent of Medicare OPPS. Metroplus will reimburse unlisted codes and described codes with no Medicare rate at 50 percent of charges.,3227.94,,,,,,,Case Rate,"100 Percent of Medicaid APG. ",18160.12,,,,,,,Case Rate,". MPL 100/50/25% all add ons apply, and lesser of 100% of billed charges",45917,,,,,,,Case Rate,". MPL 100/50/25% maxmium of 3 procedures. All add ons apply, and lesser of 100% of billed charges",62340,,,,,,,Case Rate,". Primary procedure pays at 100%, secondary at 50%, all subsequent at 25%.  Lesser of applies when negotiated rates exceed charges less addons.",18160.12,,,,,,,Case Rate,". MPL 100/50/25% all add ons apply, and lesser of 100% of billed charges",62340,,,,,,,Case Rate,". Primary procedure pays at 100%, secondary at 50%, all subsequent at 25%.  Lesser of applies when negotiated rates exceed charges less addons.",18160.12,,,,,,,Case Rate,". MPL 100/50/25% all add ons apply, and lesser of 100% of billed charges",64677,,,,,,,Case Rate,. All Add ons apply except drugs and lesser of 100% of billed charges.,64677,,,,,,,Case Rate,. All Add ons apply except drugs and lesser of 100% of billed charges.,64677,,,,,,,Case Rate,. All Add ons apply except drugs and lesser of 100% of billed charges.,64677,,,,,,,Case Rate,. All Add ons apply except drugs and lesser of 100% of billed charges.,13419.3,,,,,,,Case Rate,"100% Medicare OPPS FS. ",648.14,64677,
93268,CPT,2026841,LOCAL,731,RC,HC EXTERNAL PT ACTIV ECG TRANSMIS W/R&I,531.06,100.9014,both,,,,380,,,,,,,Fee Schedule,"100 % 1199 Fee Schedule. ",380,,,,,,,Fee Schedule,"100 % 1199 Fee Schedule. ",590.93,,,,,,,Fee Schedule,"312.001055966209 % Medicare Physician FS TC Rates Only. ",531.06,100,,,,,0,percent of total billed charges,100 percent of billed charges. ; No services were performed during the 15 month look back period.,,,,,,,,Other,"Not Payable. ",590.93,,,,,,,Fee Schedule,"312.001055966209 % Medicare Physician FS TC Rates Only. ",590.93,,,,,,,Fee Schedule,"312.001055966209 % Medicare Physician FS TC Rates Only. ",590.93,,,,,,,Fee Schedule,"312.001055966209 % Medicare Physician FS TC Rates Only. ",,,,,,,,Other,"100 Percent of Medicaid APG. ",,,,,,,,Other,"100 Percent of Medicaid APG. ",414.2268,78,,,,,0,percent of total billed charges,78% of Billed Charges. Lesser of 100% of billed charges applies.; No services were performed during the 15 month look back period.,2178.16,,,,,,,Fee Schedule,". ",,,,,,,,Other,"100 Percent of Medicaid APG. ",,,,,,,,Other,"Not Payable. ",1106.5,,,,,,,Fee Schedule,"450 % 2018 Cigna RBRVS fee schedule. ",1106.5,,,,,,,Fee Schedule,"450 % 2018 Cigna RBRVS fee schedule. ",1106.5,,,,,,,Fee Schedule,"450 % 2018 Cigna RBRVS fee schedule. ",1106.5,,,,,,,Fee Schedule,"450 % 2018 Cigna RBRVS fee schedule. ",175.2,,,,,,,Fee schedule,90 Percent of Medicare RBRVS. Covered services not payable under Medicaid Fee Schedules default to a payment of 50 percent of charges.,,,,,,,,Other,"Not Payable. ",175.2,,,,,,,Fee schedule,90 Percent of Medicare RBRVS. Covered services not payable under Medicaid Fee Schedules default to a payment of 50 percent of charges.,414.2268,78,,,,,0,percent of total billed charges,78% of Billed Charges. Lesser of 100% of billed charges applies.; No services were performed during the 15 month look back period.,590.93,,,,,,,Fee Schedule,"312.001055966209 % Medicare Physician FS TC Rates Only. ",,,,,,,,Other,"Not Payable. ",387.6738,73,,,,,0,percent of total billed charges,73 percent of billed charges; No services were performed during the 15 month look back period.,,,,,,,,Other,"Not Payable. ",,,,,,,,Other,"Not Payable. ",414.2268,78,,,,,0,percent of total billed charges,78% of Billed Charges. Lesser of 100% of billed charges applies.; No services were performed during the 15 month look back period.,175.2,,,,,,,Fee Schedule,90 Percent of Medicare RBRVS. Lesser of 100% of billed charges applies.,175.2,,,,,,,Fee Schedule,90 Percent of Medicare RBRVS. Lesser of 100% of billed charges applies.,,,,,,,,Case rate,"100 Percent of Medicaid APG. ",,,,,,,,Case rate,"100 Percent of Medicaid APG. ",387.6738,73,,,,,0,percent of total billed charges,73 percent of billed charges; No services were performed during the 15 month look back period.,387.6738,73,,,,,0,percent of total billed charges,73 percent of billed charges; No services were performed during the 15 month look back period.,,,,,,,,Other,"100 Percent of Medicaid APG. Not APG payable, or payable under another fee schedule like ASP/AWP pays at 30% of charges",387.6738,73,,,,,0,percent of total billed charges,73 percent of billed charges; No services were performed during the 15 month look back period.,,,,,,,,Other,"100 Percent of Medicaid APG. Not APG payable, or payable under another fee schedule like ASP/AWP pays at 30% of charges",,,,,,,,Other,"Not Payable. ",387.6738,73,,,,,0,percent of total billed charges,73 percent of billed charges; No services were performed during the 15 month look back period.,414.2268,78,,,,,0,percent of total billed charges,78% of Billed Charges. Lesser of 100% of billed charges applies.; No services were performed during the 15 month look back period.,,,,,,,,Other,"100 Percent of Medicaid APG. If not priced under APG, then Metroplus FeeSched",,,,,,,,Other,"100 Percent of Medicaid APG. If not priced under APG, then Metroplus FeeSched",414.2268,78,,,,,0,percent of total billed charges,78% of Billed Charges. Lesser of 100% of billed charges applies.; No services were performed during the 15 month look back period.,1106.5,,,,,,,Fee Schedule,"450 % 2018 Cigna RBRVS fee schedule. ",2215.73,,,,,,,Fee Schedule,". ",2215.73,,,,,,,Fee Schedule,". ",414.2268,78,,,,,0,percent of total billed charges,78% of Billed Charges. Lesser of 100% of billed charges applies.; No services were performed during the 15 month look back period.,,,,,,,,Other,"Not Payable. ",2178.16,,,,,,,Fee Schedule,". ",2178.16,,,,,,,Fee Schedule,". ",2178.16,,,,,,,Fee Schedule,". ",,,,,,,,Other,"Not Payable. ",2178.16,,,,,,,Fee Schedule,". ",2178.16,,,,,,,Fee Schedule,". ",,,,,,,,Other,"Not Payable. ",265.53,50,,,,,0,percent of total billed charges,50 percent of billed charges; No services were performed during the 15 month look back period.,1935.58,,,,,,,Fee Schedule,"758.1 % 2013 Manhattan Medicare. ",1935.58,,,,,,,Fee Schedule,"758.1 % 2013 Manhattan Medicare. ",1935.58,,,,,,,Fee Schedule,"758.1 % 2013 Manhattan Medicare. ",1935.58,,,,,,,Fee Schedule,"758.1 % 2013 Manhattan Medicare. ",1935.58,,,,,,,Fee Schedule,"758.1 % 2013 Manhattan Medicare. ",1935.58,,,,,,,Fee Schedule,"758.1 % 2013 Manhattan Medicare. ",,,,,,,,Other,"Not Payable. ",,,,,,,,Other,"Not Payable. ",1935.58,,,,,,,Fee Schedule,"758.1 % 2013 Manhattan Medicare. ",414.2268,78,,,,,0,percent of total billed charges,78% of Billed Charges. Lesser of 100% of billed charges applies.; No services were performed during the 15 month look back period.,414.2268,78,,,,,0,percent of total billed charges,78% of Billed Charges. Lesser of 100% of billed charges applies.; No services were performed during the 15 month look back period.,414.2268,78,,,,,0,percent of total billed charges,78% of Billed Charges. Lesser of 100% of billed charges applies.; No services were performed during the 15 month look back period.,414.2268,78,,,,,0,percent of total billed charges,78% of Billed Charges. Lesser of 100% of billed charges applies.; No services were performed during the 15 month look back period.,414.2268,78,,,,,0,percent of total billed charges,78% of Billed Charges. Lesser of 100% of billed charges applies.; No services were performed during the 15 month look back period.,414.2268,78,,,,,0,percent of total billed charges,78% of Billed Charges. Lesser of 100% of billed charges applies.; No services were performed during the 15 month look back period.,414.2268,78,,,,,0,percent of total billed charges,78% of Billed Charges. Lesser of 100% of billed charges applies.; No services were performed during the 15 month look back period.,414.2268,78,,,,,0,percent of total billed charges,78% of Billed Charges. Lesser of 100% of billed charges applies.; No services were performed during the 15 month look back period.,414.2268,78,,,,,0,percent of total billed charges,78% of Billed Charges. Lesser of 100% of billed charges applies.; No services were performed during the 15 month look back period.,414.2268,78,,,,,0,percent of total billed charges,78% of Billed Charges. Lesser of 100% of billed charges applies.; No services were performed during the 15 month look back period.,414.2268,78,,,,,0,percent of total billed charges,78% of Billed Charges. Lesser of 100% of billed charges applies.; No services were performed during the 15 month look back period.,414.2268,78,,,,,0,percent of total billed charges,78% of Billed Charges. Lesser of 100% of billed charges applies.; No services were performed during the 15 month look back period.,414.2268,78,,,,,0,percent of total billed charges,78% of Billed Charges. Lesser of 100% of billed charges applies.; No services were performed during the 15 month look back period.,414.2268,78,,,,,0,percent of total billed charges,78% of Billed Charges. Lesser of 100% of billed charges applies.; No services were performed during the 15 month look back period.,414.2268,78,,,,,0,percent of total billed charges,78% of Billed Charges. Lesser of 100% of billed charges applies.; No services were performed during the 15 month look back period.,414.2268,78,,,,,0,percent of total billed charges,78% of Billed Charges. Lesser of 100% of billed charges applies.; No services were performed during the 15 month look back period.,414.2268,78,,,,,0,percent of total billed charges,78% of Billed Charges. Lesser of 100% of billed charges applies.; No services were performed during the 15 month look back period.,414.2268,78,,,,,0,percent of total billed charges,78% of Billed Charges. Lesser of 100% of billed charges applies.; No services were performed during the 15 month look back period.,414.2268,78,,,,,0,percent of total billed charges,78% of Billed Charges. Lesser of 100% of billed charges applies.; No services were performed during the 15 month look back period.,414.2268,78,,,,,0,percent of total billed charges,78% of Billed Charges. Lesser of 100% of billed charges applies.; No services were performed during the 15 month look back period.,414.2268,78,,,,,0,percent of total billed charges,78% of Billed Charges. Lesser of 100% of billed charges applies.; No services were performed during the 15 month look back period.,414.2268,78,,,,,0,percent of total billed charges,78% of Billed Charges. Lesser of 100% of billed charges applies.; No services were performed during the 15 month look back period.,414.2268,78,,,,,0,percent of total billed charges,78% of Billed Charges. Lesser of 100% of billed charges applies.; No services were performed during the 15 month look back period.,414.2268,78,,,,,0,percent of total billed charges,78% of Billed Charges. Lesser of 100% of billed charges applies.; No services were performed during the 15 month look back period.,414.2268,78,,,,,0,percent of total billed charges,78% of Billed Charges. Lesser of 100% of billed charges applies.; No services were performed during the 15 month look back period.,414.2268,78,,,,,0,percent of total billed charges,78% of Billed Charges. Lesser of 100% of billed charges applies.; No services were performed during the 15 month look back period.,387.6738,73,,,,,0,percent of total billed charges,73 percent of billed charges; No services were performed during the 15 month look back period.,387.6738,73,,,,,0,percent of total billed charges,73 percent of billed charges; No services were performed during the 15 month look back period.,387.6738,73,,,,,0,percent of total billed charges,73 percent of billed charges; No services were performed during the 15 month look back period.,387.6738,73,,,,,0,percent of total billed charges,73 percent of billed charges; No services were performed during the 15 month look back period.,424.848,80,,,,,0,percent of total billed charges,80 percent of billed charges; No services were performed during the 15 month look back period.,424.848,80,,,,,0,percent of total billed charges,80 percent of billed charges; No services were performed during the 15 month look back period.,1106.5,,,,,,,Fee Schedule,"450 % 2018 Cigna RBRVS fee schedule. ",1935.58,,,,,,,Fee Schedule,"758.1 % 2013 Manhattan Medicare. ",2178.16,,,,,,,Fee Schedule,". ",1935.58,,,,,,,Fee Schedule,"758.1 % 2013 Manhattan Medicare. ",414.2268,78,,,,,0,percent of total billed charges,78% of Billed Charges. Lesser of 100% of billed charges applies.; No services were performed during the 15 month look back period.,424.848,80,,,,,0,percent of total billed charges,80 percent of billed charges; No services were performed during the 15 month look back period.,1935.58,,,,,,,Fee Schedule,"758.1 % 2013 Manhattan Medicare. ",2178.16,,,,,,,Fee Schedule,". ",1106.5,,,,,,,Fee Schedule,"450 % 2018 Cigna RBRVS fee schedule. ",,,,,,,,,"NA. ",414.2268,78,,,,,0,percent of total billed charges,78% of Billed Charges. Lesser of 100% of billed charges applies.; No services were performed during the 15 month look back period.,,,,,,,,Other,"100 Percent of Medicaid APG. ",387.6738,73,,,,,0,percent of total billed charges,73 percent of billed charges; No services were performed during the 15 month look back period.,,,,,,,,Other,"100 Percent of Medicaid APG. Not APG payable, or payable under another fee schedule like ASP/AWP pays at 30% of charges",,,,,,,,Other,"Not Payable. ",,,,,,,,Other,"Not Payable. ",265.53,50,,,,,0,percent of total billed charges,50 percent of billed charges; No services were performed during the 15 month look back period.,,,,,,,,Other,"Not Payable. ",,,,,,,,Other,"Not Payable. ",,,,,,,,Other,"100 Percent of Medicaid APG. ",,,,,,,,Other,"Not Payable. ",,,,,,,,Other,"Not Payable. ",590.93,,,,,,,Fee Schedule,"312.001055966209 % Medicare Physician FS TC Rates Only. ",590.93,,,,,,,Fee Schedule,"312.001055966209 % Medicare Physician FS TC Rates Only. ",,,,,,,,Other,"Not Payable. ",1106.5,,,,,,,Fee Schedule,"450 % 2018 Cigna RBRVS fee schedule. ",2178.16,,,,,,,Fee Schedule,". ",2178.16,,,,,,,Fee Schedule,". ",,,,,,,,Other,"Not Payable. ",1106.5,,,,,,,Fee Schedule,"450 % 2018 Cigna RBRVS fee schedule. ",590.93,,,,,,,Fee Schedule,"312.001055966209 % Medicare Physician FS TC Rates Only. ",590.93,,,,,,,Fee Schedule,"312.001055966209 % Medicare Physician FS TC Rates Only. ",590.93,,,,,,,Fee Schedule,"312.001055966209 % Medicare Physician FS TC Rates Only. ",414.2268,78,,,,,0,percent of total billed charges,78% of Billed Charges. Lesser of 100% of billed charges applies.; No services were performed during the 15 month look back period.,414.2268,78,,,,,0,percent of total billed charges,78% of Billed Charges. Lesser of 100% of billed charges applies.; No services were performed during the 15 month look back period.,414.2268,78,,,,,0,percent of total billed charges,78% of Billed Charges. Lesser of 100% of billed charges applies.; No services were performed during the 15 month look back period.,414.2268,78,,,,,0,percent of total billed charges,78% of Billed Charges. Lesser of 100% of billed charges applies.; No services were performed during the 15 month look back period.,414.2268,78,,,,,0,percent of total billed charges,78% of Billed Charges. Lesser of 100% of billed charges applies.; No services were performed during the 15 month look back period.,414.2268,78,,,,,0,percent of total billed charges,78% of Billed Charges. Lesser of 100% of billed charges applies.; No services were performed during the 15 month look back period.,414.2268,78,,,,,0,percent of total billed charges,78% of Billed Charges. Lesser of 100% of billed charges applies.; No services were performed during the 15 month look back period.,414.2268,78,,,,,0,percent of total billed charges,78% of Billed Charges. Lesser of 100% of billed charges applies.; No services were performed during the 15 month look back period.,414.2268,78,,,,,0,percent of total billed charges,78% of Billed Charges. Lesser of 100% of billed charges applies.; No services were performed during the 15 month look back period.,414.2268,78,,,,,0,percent of total billed charges,78% of Billed Charges. Lesser of 100% of billed charges applies.; No services were performed during the 15 month look back period.,414.2268,78,,,,,0,percent of total billed charges,78% of Billed Charges. Lesser of 100% of billed charges applies.; No services were performed during the 15 month look back period.,424.848,80,,,,,0,percent of total billed charges,80 percent of billed charges; No services were performed during the 15 month look back period.,1935.58,,,,,,,Fee Schedule,"758.1 % 2013 Manhattan Medicare. ",1106.5,,,,,,,Fee Schedule,"450 % 2018 Cigna RBRVS fee schedule. ",,,,,,,,Other,"Not Payable. ",590.93,,,,,,,Fee Schedule,"312.001055966209 % Medicare Physician FS TC Rates Only. ",1106.5,,,,,,,Fee Schedule,"450 % 2018 Cigna RBRVS fee schedule. ",1106.5,,,,,,,Fee Schedule,"450 % 2018 Cigna RBRVS fee schedule. ",414.2268,78,,,,,0,percent of total billed charges,78% of Billed Charges. Lesser of 100% of billed charges applies.; No services were performed during the 15 month look back period.,,,,,,,,Other,"214 Percent of Medicaid APG. ",1106.5,,,,,,,Fee Schedule,"450 % 2018 Cigna RBRVS fee schedule. ",,,,,,,,Other,"100 Percent of Medicaid APG. ",,,,,,,,Other,"Not Payable. ",,,,,,,,Other,"Not Payable. ",,,,,,,,Other,"Not Payable. ",,,,,,,,Other,"Not Payable. ",,,,,,,,Other,"Not Payable. ",,,,,,,,Other,"Not Payable. ",1106.5,,,,,,,Fee Schedule,"450 % 2018 Cigna RBRVS fee schedule. ",265.53,50,,,,,0,percent of total billed charges,50 percent of billed charges; No services were performed during the 15 month look back period.,311.47,,,,,,,Fee Schedule,"160 Percent of Medicare RBRVS. ",311.47,,,,,,,Fee Schedule,"160 Percent of Medicare RBRVS. ",311.47,,,,,,,Fee Schedule,"160 Percent of Medicare RBRVS. ",311.47,,,,,,,Fee Schedule,"160 Percent of Medicare RBRVS. ",311.47,,,,,,,Fee Schedule,"160 Percent of Medicare RBRVS. ",,,,,,,,,"NA. ",265.53,50,,,,,0,percent of total billed charges,50 percent of billed charges; No services were performed during the 15 month look back period.,,,,,,,,Fee Schedule,"Not Payable. ",,,,,,,,Fee Schedule,"Not Payable. ",,,,,,,,Fee Schedule,"Not Payable. ",,,,,,,,Fee Schedule,"Not Payable. ",,,,,,,,Fee Schedule,"Not Payable. ",,,,,,,,Other,"Not Payable. ",424.848,80,,,,,0,percent of total billed charges,80 percent of billed charges; No services were performed during the 15 month look back period.,424.848,80,,,,,0,percent of total billed charges,80 percent of billed charges; No services were performed during the 15 month look back period.,424.848,80,,,,,0,percent of total billed charges,80 percent of billed charges; No services were performed during the 15 month look back period.,424.848,80,,,,,0,percent of total billed charges,80 percent of billed charges; No services were performed during the 15 month look back period.,590.93,,,,,,,Fee Schedule,"312.001055966209 % Medicare Physician FS TC Rates Only. ",590.93,,,,,,,Fee Schedule,"312.001055966209 % Medicare Physician FS TC Rates Only. ",590.93,,,,,,,Fee Schedule,"312.001055966209 % Medicare Physician FS TC Rates Only. ",590.93,,,,,,,Fee Schedule,"312.001055966209 % Medicare Physician FS TC Rates Only. ",265.53,50,,,,,0,percent of total billed charges,50 percent of billed charges; No services were performed during the 15 month look back period.,265.53,50,,,,,0,percent of total billed charges,50 percent of billed charges; No services were performed during the 15 month look back period.,,,,,,,,Other,"Not Payable. ",,,,,,,,Other,"Not Payable. ",,,,,,,,Other,"Not Payable. ",1935.58,,,,,,,Fee Schedule,"758.1 % 2013 Manhattan Medicare. ",1935.58,,,,,,,Fee Schedule,"758.1 % 2013 Manhattan Medicare. ",1935.58,,,,,,,Fee Schedule,"758.1 % 2013 Manhattan Medicare. ",265.53,50,,,,,0,percent of total billed charges,50 percent of billed charges; No services were performed during the 15 month look back period.,590.93,,,,,,,Fee Schedule,"312.001055966209 % Medicare Physician FS TC Rates Only. ",,,,,,,,Other,"Not Payable. ",1935.58,,,,,,,Fee Schedule,"758.1 % 2013 Manhattan Medicare. ",,,,,,,,Other,"100 Percent of Medicaid APG. ",,,,,,,,Other,"Not Payable. ",,,,,,,,Other,"Not Payable. ",,,,,,,,Other,"Not Payable. ",,,,,,,,Case rate,"100 Percent of Medicaid APG. ",,,,,,,,Fee Schedule,225% of NYS APG. Lesser of 100% of billed charges applies.,,,,,,,,Fee Schedule,225% of NYS APG. Lesser of 100% of billed charges applies.,,,,,,,,Fee Schedule,225% of NYS APG. Lesser of 100% of billed charges applies.,,,,,,,,Fee Schedule,225% of NYS APG. Lesser of 100% of billed charges applies.,,,,,,,,Fee Schedule,225% of NYS APG. Lesser of 100% of billed charges applies.,,,,,,,,Other,"Not Payable. ",,,,,,,,Other,"100 Percent of Medicaid APG. ",175.2,,,,,,,Fee Schedule,90 Percent of Medicare RBRVS. Lesser of 100% of billed charges applies.,,,,,,,,Fee Schedule,225% of NYS APG. Lesser of 100% of billed charges applies.,,,,,,,,Fee Schedule,225% of NYS APG. Lesser of 100% of billed charges applies.,175.2,,,,,,,Fee Schedule,90 Percent of Medicare RBRVS. Lesser of 100% of billed charges applies.,175.2,,,,,,,Fee Schedule,90 Percent of Medicare RBRVS. Lesser of 100% of billed charges applies.,311.47,,,,,,,Fee Schedule,"160 Percent of Medicare RBRVS. ",,,,,,,,Other,"Not Payable. ",,,,,,,,Other,"Not Payable. ",590.93,,,,,,,Fee Schedule,"312.001055966209 % Medicare Physician FS TC Rates Only. ",,,,,,,,Other,"Not Payable. ",,,,,,,,Case Rate,"225 Percent of Medicaid APG. ",,,,,,,,Case Rate,"225 Percent of Medicaid APG. ",,,,,,,,Case rate,"100 Percent of Medicaid APG. ",,,,,,,,Case rate,"100 Percent of Medicaid APG. ",,,,,,,,Case Rate,Not Payable. Covered services not payable under Medicaid Fee Schedules default to a payment of 87.5 percent of charges.,175.2,,,,,,,Fee schedule,90 Percent of Medicare RBRVS. Covered services not payable under Medicaid Fee Schedules default to a payment of 50 percent of charges.,,,,,,,,Other,"100 Percent of Medicaid APG. ",,,,,,,,Other,"100 Percent of Medicaid APG. ",,,,,,,,Other,"100 Percent of Medicaid APG. ",,,,,,,,Other,"100 Percent of Medicaid APG. ",,,,,,,,,,265.53,50,,,,,0,percent of total billed charges,50 percent of billed charges; No services were performed during the 15 month look back period.,,,,,,,,Other,"120 Percent of Medicaid APG. Not APG payable, or payable under another fee schedule like ASP/AWP pays at 30% of charges",,,,,,,,Other,"120 Percent of Medicaid APG. Not APG payable, or payable under another fee schedule like ASP/AWP pays at 30% of charges",,,,,,,,Other,"100 Percent of Medicaid APG. Not APG payable, or payable under another fee schedule like ASP/AWP pays at 30% of charges",,,,,,,,Other,"100 Percent of Medicaid APG. Not APG payable, or payable under another fee schedule like ASP/AWP pays at 30% of charges",1935.58,,,,,,,Fee Schedule,"758.1 % 2013 Manhattan Medicare. ",1935.58,,,,,,,Fee Schedule,"758.1 % 2013 Manhattan Medicare. ",,,,,,,,Other,"Not Payable. ",1935.58,,,,,,,Fee Schedule,"758.1 % 2013 Manhattan Medicare. ",1935.58,,,,,,,Fee Schedule,"758.1 % 2013 Manhattan Medicare. ",1935.58,,,,,,,Fee Schedule,"758.1 % 2013 Manhattan Medicare. ",1935.58,,,,,,,Fee Schedule,"758.1 % 2013 Manhattan Medicare. ",,,,,,,,Other,"Not Payable. ",1935.58,,,,,,,Fee Schedule,"758.1 % 2013 Manhattan Medicare. ",1935.58,,,,,,,Fee Schedule,"758.1 % 2013 Manhattan Medicare. ",590.93,,,,,,,Fee Schedule,"312.001055966209 % Medicare Physician FS TC Rates Only. ",194.67,,,,,,,Fee Schedule,100% of RBRVS. Lesser of 100% of billed charges applies.,175.2,,,,,,,Fee schedule,90 Percent of Medicare RBRVS. Covered services not payable under Medicaid Fee Schedules default to a payment of 50 percent of charges.,,,,,,,,Fee Schedule,225% of NYS APG. Lesser of 100% of billed charges applies.,,,,,,,,Case Rate,Not Payable. Covered services not payable under Medicaid Fee Schedules default to a payment of 87.5 percent of charges.,175.2,,,,,,,Fee schedule,90 Percent of Medicare RBRVS. Covered services not payable under Medicaid Fee Schedules default to a payment of 50 percent of charges.,,,,,,,,Fee Schedule,225% of NYS APG. Lesser of 100% of billed charges applies.,,,,,,,,Fee Schedule,225% of NYS APG. Lesser of 100% of billed charges applies.,,,,,,,,Fee Schedule,225% of NYS APG. Lesser of 100% of billed charges applies.,,,,,,,,Fee Schedule,225% of NYS APG. Lesser of 100% of billed charges applies.,,,,,,,,Fee Schedule,225% of NYS APG. Lesser of 100% of billed charges applies.,,,,,,,,Fee Schedule,225% of NYS APG. Lesser of 100% of billed charges applies.,,,,,,,,,"NA. ",,,,,,,,,"NA. ",,,,,,,,,"NA. ",1106.5,,,,,,,Fee Schedule,"450 % 2018 Cigna RBRVS fee schedule. ",,,,,,,,,"NA. ",,,,,,,,Other,"Not Payable. ",380,,,,,,,Fee Schedule,"100 % 1199 Fee Schedule. ",,,,,,,,Other,"Not Payable. ",,,,,,,,Other,"Not Payable. ",,,,,,,,Other,"120 Percent of Medicaid APG. Not APG payable, or payable under another fee schedule like ASP/AWP pays at 30% of charges",,,,,,,,Other,"120 Percent of Medicaid APG. Not APG payable, or payable under another fee schedule like ASP/AWP pays at 30% of charges",,,,,,,,Other,"100 Percent of Medicaid APG. Not APG payable, or payable under another fee schedule like ASP/AWP pays at 30% of charges",,,,,,,,Other,"100 Percent of Medicaid APG. Not APG payable, or payable under another fee schedule like ASP/AWP pays at 30% of charges",,,,,,,,Other,"100 Percent of Medicaid APG. ",387.6738,73,,,,,0,percent of total billed charges,73 percent of billed charges; No services were performed during the 15 month look back period.,590.93,,,,,,,Fee Schedule,"312.001055966209 % Medicare Physician FS TC Rates Only. ",387.6738,73,,,,,0,percent of total billed charges,73 percent of billed charges; No services were performed during the 15 month look back period.,1106.5,,,,,,,Fee Schedule,"450 % 2018 Cigna RBRVS fee schedule. ",,,,,,,,Other,"Not Payable. ",,,,,,,,Other,"Not Payable. ",,,,,,,,Other,"Not Payable. ",,,,,,,,Other,"Not Payable. ",,,,,,,,Other,"Not Payable. ",,,,,,,,Other,"Not Payable. ",,,,,,,,,"NA. ",,,,,,,,Fee Schedule,225% of NYS APG. Lesser of 100% of billed charges applies.,175.2,,,,,,,Fee Schedule,90 Percent of Medicare RBRVS. Lesser of 100% of billed charges applies.,1935.58,,,,,,,Fee Schedule,"758.1 % 2013 Manhattan Medicare. ",387.6738,73,,,,,0,percent of total billed charges,73 percent of billed charges; No services were performed during the 15 month look back period.,387.6738,73,,,,,0,percent of total billed charges,73 percent of billed charges; No services were performed during the 15 month look back period.,387.6738,73,,,,,0,percent of total billed charges,73 percent of billed charges; No services were performed during the 15 month look back period.,387.6738,73,,,,,0,percent of total billed charges,73 percent of billed charges; No services were performed during the 15 month look back period.,,,,,,,,Other,"Not Payable. ",,,,,,,,Other,"100 Percent of Medicaid APG. ",1935.58,,,,,,,Fee Schedule,"758.1 % 2013 Manhattan Medicare. ",,,,,,,,Other,"100 Percent of Medicaid APG. ",,,,,,,,Other,"Not Payable. ",,,,,,,,Other,"100 Percent of Medicaid APG. ",,,,,,,,Other,"Not Payable. ",,,,,,,,Other,"Not Payable. ",,,,,,,,Other,"100 Percent of Medicaid APG. ",,,,,,,,Other,"100 Percent of Medicaid APG. ",387.6738,73,,,,,0,percent of total billed charges,73 percent of billed charges; No services were performed during the 15 month look back period.,1106.5,,,,,,,Fee Schedule,"450 % 2018 Cigna RBRVS fee schedule. ",414.2268,78,,,,,0,percent of total billed charges,78% of Billed Charges. Lesser of 100% of billed charges applies.; No services were performed during the 15 month look back period.,2178.16,,,,,,,Fee Schedule,". ",2178.16,,,,,,,Fee Schedule,". ",590.93,,,,,,,Fee Schedule,"312.001055966209 % Medicare Physician FS TC Rates Only. ",,,,,,,,Other,"Not Payable. ",424.848,80,,,,,0,percent of total billed charges,80 percent of billed charges; No services were performed during the 15 month look back period.,424.848,80,,,,,0,percent of total billed charges,80 percent of billed charges; No services were performed during the 15 month look back period.,1548.52,,,,,,,Fee Schedule,"606.5 % 2013 Manhattan Medicare. ",1548.52,,,,,,,Fee Schedule,"606.5 % 2013 Manhattan Medicare. ",,,,,,,,Other,"Not Payable. ",,,,,,,,Other,"Not Payable. ",,,,,,,,Other,"Not Payable. ",,,,,,,,Other,"Not Payable. ",2178.16,,,,,,,Fee Schedule,". ",1935.58,,,,,,,Fee Schedule,"758.1 % 2013 Manhattan Medicare. ",1935.58,,,,,,,Fee Schedule,"758.1 % 2013 Manhattan Medicare. ",,,,,,,,Other,"Not Payable. ",1548.52,,,,,,,Fee Schedule,"606.5 % 2013 Manhattan Medicare. ",387.6738,73,,,,,0,percent of total billed charges,73 percent of billed charges; No services were performed during the 15 month look back period.,,,,,,,,Fee Schedule,"120 Percent of Medicaid APG. ",,,,,,,,Other,"100 Percent of Medicaid APG. ",387.6738,73,,,,,0,percent of total billed charges,73 percent of billed charges; No services were performed during the 15 month look back period.,1742.05,,,,,,,Fee Schedule,"682.3 % 2013 Manhattan Medicare. ",1742.05,,,,,,,Fee Schedule,"682.3 % 2013 Manhattan Medicare. ",1935.58,,,,,,,Fee Schedule,"758.1 % 2013 Manhattan Medicare. ",265.53,50,,,,,0,percent of total billed charges,50 percent of billed charges; No services were performed during the 15 month look back period.,,,,,,,,Other,"Not Payable. ",,,,,,,,Fee Schedule,"Not payable. ",,,,,,,,Fee Schedule,"Not payable. ",,,,,,,,Fee Schedule,"Not payable. ",,,,,,,,Fee Schedule,"Not payable. ",2178.16,,,,,,,Fee Schedule,". ",,,,,,,,Fee Schedule,"Not payable. ",,,,,,,,Fee Schedule,"Not payable. ",,,,,,,,Fee Schedule,"Not payable. ",,,,,,,,Fee Schedule,"Not payable. ",,,,,,,,Fee Schedule,"Not payable. ",,,,,,,,Fee Schedule,"Not payable. ",,,,,,,,Fee Schedule,"Not payable. ",,,,,,,,Other,"Not Payable. ",2178.16,,,,,,,Fee Schedule,". ",,,,,,,,Other,"Not Payable. ",,,,,,,,Fee Schedule,"Not payable. ",1935.58,,,,,,,Fee Schedule,"758.1 % 2013 Manhattan Medicare. ",,,,,,,,Other,"Not Payable. ",1935.58,,,,,,,Fee Schedule,"758.1 % 2013 Manhattan Medicare. ",1935.58,,,,,,,Fee Schedule,"758.1 % 2013 Manhattan Medicare. ",1935.58,,,,,,,Fee Schedule,"758.1 % 2013 Manhattan Medicare. ",,,,,,,,Fee Schedule,"Not payable. ",,,,,,,,Other,"Not Payable. ",1935.58,,,,,,,Fee Schedule,"758.1 % 2013 Manhattan Medicare. ",,,,,,,,Fee Schedule,"Not payable. ",1935.58,,,,,,,Fee Schedule,"758.1 % 2013 Manhattan Medicare. ",,,,,,,,Other,"Not Payable. ",,,,,,,,Other,"Not Payable. ",387.6738,73,,,,,0,percent of total billed charges,73 percent of billed charges; No services were performed during the 15 month look back period.,387.6738,73,,,,,0,percent of total billed charges,73 percent of billed charges; No services were performed during the 15 month look back period.,387.6738,73,,,,,0,percent of total billed charges,73 percent of billed charges; No services were performed during the 15 month look back period.,387.6738,73,,,,,0,percent of total billed charges,73 percent of billed charges; No services were performed during the 15 month look back period.,387.6738,73,,,,,0,percent of total billed charges,73 percent of billed charges; No services were performed during the 15 month look back period.,387.6738,73,,,,,0,percent of total billed charges,73 percent of billed charges; No services were performed during the 15 month look back period.,387.6738,73,,,,,0,percent of total billed charges,73 percent of billed charges; No services were performed during the 15 month look back period.,387.6738,73,,,,,0,percent of total billed charges,73 percent of billed charges; No services were performed during the 15 month look back period.,387.6738,73,,,,,0,percent of total billed charges,73 percent of billed charges; No services were performed during the 15 month look back period.,387.6738,73,,,,,0,percent of total billed charges,73 percent of billed charges; No services were performed during the 15 month look back period.,387.6738,73,,,,,0,percent of total billed charges,73 percent of billed charges; No services were performed during the 15 month look back period.,387.6738,73,,,,,0,percent of total billed charges,73 percent of billed charges; No services were performed during the 15 month look back period.,,,,,,,,Other,"Not Payable. ",387.6738,73,,,,,0,percent of total billed charges,73 percent of billed charges; No services were performed during the 15 month look back period.,,,,,,,,Other,"Not Payable. ",,,,,,,,Other,"225 Percent of Medicaid APG. If not included in Medicaid APG, then 100 Percent of Manhattan Medicare",,,,,,,,Other,"100 Percent of Medicaid APG. If not priced under APG, then Metroplus FeeSched",2178.16,,,,,,,Fee Schedule,". ",2178.16,,,,,,,Fee Schedule,". ",,,,,,,,Other,"Not Payable. ",424.848,80,,,,,0,percent of total billed charges,80 percent of billed charges; No services were performed during the 15 month look back period.,,,,,,,,Other,"Not Payable. ",,,,,,,,Other,"Not Payable. ",590.93,,,,,,,Fee Schedule,"312.001055966209 % Medicare Physician FS TC Rates Only. ",,,,,,,,Other,"Not Payable. ",1106.5,,,,,,,Fee Schedule,"450 % 2018 Cigna RBRVS fee schedule. ",,,,,,,,Other,"Not Payable. ",1106.5,,,,,,,Fee Schedule,"450 % 2018 Cigna RBRVS fee schedule. ",590.93,,,,,,,Fee Schedule,"312.001055966209 % Medicare Physician FS TC Rates Only. ",1106.5,,,,,,,Fee Schedule,"450 % 2018 Cigna RBRVS fee schedule. ",,,,,,,,Other,"Not Payable. ",,,,,,,,Other,"100 Percent of Medicaid APG. ",,,,,,,,Other,"Not Payable. ",1106.5,,,,,,,Fee Schedule,"450 % 2018 Cigna RBRVS fee schedule. ",2178.16,,,,,,,Fee Schedule,". ",,,,,,,,Other,"100 Percent of Medicaid APG. ",1935.58,,,,,,,Fee Schedule,"758.1 % 2013 Manhattan Medicare. ",,,,,,,,Fee Schedule,"120 Percent of Medicaid APG. ",,,,,,,,Fee Schedule,"120 Percent of Medicaid APG. ",1935.58,,,,,,,Fee Schedule,"758.1 % 2013 Manhattan Medicare. ",1935.58,,,,,,,Fee Schedule,"758.1 % 2013 Manhattan Medicare. ",1935.58,,,,,,,Fee Schedule,"758.1 % 2013 Manhattan Medicare. ",2178.16,,,,,,,Fee Schedule,". ",1935.58,,,,,,,Fee Schedule,"758.1 % 2013 Manhattan Medicare. ",1935.58,,,,,,,Fee Schedule,"758.1 % 2013 Manhattan Medicare. ",1935.58,,,,,,,Fee Schedule,"758.1 % 2013 Manhattan Medicare. ",387.6738,73,,,,,0,percent of total billed charges,73 percent of billed charges; No services were performed during the 15 month look back period.,387.6738,73,,,,,0,percent of total billed charges,73 percent of billed charges; No services were performed during the 15 month look back period.,,,,,,,,Fee Schedule,"Not Payable. ",,,,,,,,Other,"100 Percent of Medicaid APG. ",2178.16,,,,,,,Fee Schedule,". ",1106.5,,,,,,,Fee Schedule,"450 % 2018 Cigna RBRVS fee schedule. ",590.93,,,,,,,Fee Schedule,"312.001055966209 % Medicare Physician FS TC Rates Only. ",2178.16,,,,,,,Fee Schedule,". ",590.93,,,,,,,Fee Schedule,"312.001055966209 % Medicare Physician FS TC Rates Only. ",2178.16,,,,,,,Fee Schedule,". ",1935.58,,,,,,,Fee Schedule,"758.1 % 2013 Manhattan Medicare. ",1935.58,,,,,,,Fee Schedule,"758.1 % 2013 Manhattan Medicare. ",1935.58,,,,,,,Fee Schedule,"758.1 % 2013 Manhattan Medicare. ",1935.58,,,,,,,Fee Schedule,"758.1 % 2013 Manhattan Medicare. ",,,,,,,,Other,"Not Payable. ",175.2,2312.29,
93590,CPT,,,490,RC,PERQ TRANSCATH CLS MITRAL,,,both,,,,19469,,,,,,,Case Rate,". All add ons apply, and lesser of 100% of billed charges",19469,,,,,,,Case Rate,". All add ons apply, and lesser of 100% of billed charges",25223,,,,,,,Case Rate,". Primary procedure pays at 100%, secondary at 50%, all subsequent at 25%.  Lesser of applies when negotiated rates exceed charges less addons.",,100,,,,,0,percent of total billed charges,100 percent of billed charges. ; No services were performed during the 15 month look back period.,21248.19,,,,,,,Case Rate,"100% Medicare OPPS FS. ",25223,,,,,,,Case Rate,". Primary procedure pays at 100%, secondary at 50%, all subsequent at 25%.  Lesser of applies when negotiated rates exceed charges less addons.",25223,,,,,,,Case Rate,". Primary procedure pays at 100%, secondary at 50%, all subsequent at 25%.  Lesser of applies when negotiated rates exceed charges less addons.",25223,,,,,,,Case Rate,". Primary procedure pays at 100%, secondary at 50%, all subsequent at 25%.  Lesser of applies when negotiated rates exceed charges less addons.",3978.7,,,,,,,Case Rate,"100 Percent of Medicaid APG. ",3315.58,,,,,,,Case Rate,"100 Percent of Medicaid APG. ",,78,,,,,0,percent of total billed charges,78% of Billed Charges. Lesser of 100% of billed charges applies.; No services were performed during the 15 month look back period.,41412.57,,,,,,,Case Rate,". MPL 100/50/25% all add ons apply, and lesser of 100% of billed charges",3315.58,,,,,,,Case Rate,"100 Percent of Medicaid APG. ",21248.19,,,,,,,Case Rate,"100% Medicare OPPS FS. ",6487,,,,,,,Case Rate,". MPL 100/50/25% maxmium of 3 procedures. All add ons apply, and lesser of 100% of billed charges",6487,,,,,,,Case Rate,". MPL 100/50/25% maxmium of 3 procedures. All add ons apply, and lesser of 100% of billed charges",6487,,,,,,,Case Rate,". MPL 100/50/25% maxmium of 3 procedures. All add ons apply, and lesser of 100% of billed charges",6487,,,,,,,Case Rate,". MPL 100/50/25% maxmium of 3 procedures. All add ons apply, and lesser of 100% of billed charges",1045.37,,,,,,,Fee schedule,90 Percent of Medicare RBRVS. Covered services not payable under Medicaid Fee Schedules default to a payment of 50 percent of charges.,21248.19,,,,,,,Case Rate,"100% Medicare OPPS FS. ",1045.37,,,,,,,Fee schedule,90 Percent of Medicare RBRVS. Covered services not payable under Medicaid Fee Schedules default to a payment of 50 percent of charges.,,78,,,,,0,percent of total billed charges,78% of Billed Charges. Lesser of 100% of billed charges applies.; No services were performed during the 15 month look back period.,25223,,,,,,,Case Rate,". Primary procedure pays at 100%, secondary at 50%, all subsequent at 25%.  Lesser of applies when negotiated rates exceed charges less addons.",21248.19,,,,,,,Case Rate,"100%Medicare OPPS FS. ",8427,,,,,,,Case Rate,". Primary procedure pays at 100%, all subsequent at 50%.",21248.19,,,,,,,Case Rate,"100%Medicare OPPS FS. ",21248.19,,,,,,,Case Rate,"100%Medicare OPPS FS. ",,78,,,,,0,percent of total billed charges,78% of Billed Charges. Lesser of 100% of billed charges applies.; No services were performed during the 15 month look back period.,7280.13,,,,,,,Case Rate,100% of PAS. Lesser of 100% of billed charges applies.,7280.13,,,,,,,Case Rate,100% of PAS. Lesser of 100% of billed charges applies.,3315.58,,,,,,,Case rate,"100 Percent of Medicaid APG. ",3315.58,,,,,,,Case rate,"100 Percent of Medicaid APG. ",8427,,,,,,,Case Rate,". Primary procedure pays at 100%, all subsequent at 50%.",8427,,,,,,,Case Rate,". Primary procedure pays at 100%, all subsequent at 50%.",3315.58,,,,,,,Case Rate,"100 Percent of Medicaid APG. Not APG payable, or payable under another fee schedule like ASP/AWP pays at 30% of charges",8427,,,,,,,Case Rate,". Primary procedure pays at 100%, all subsequent at 50%.",3315.58,,,,,,,Case Rate,"100 Percent of Medicaid APG. Not APG payable, or payable under another fee schedule like ASP/AWP pays at 30% of charges",21248.19,,,,,,,Case Rate,"100%Medicare OPPS FS. ",8427,,,,,,,Case Rate,". Primary procedure pays at 100%, all subsequent at 50%.",,78,,,,,0,percent of total billed charges,78% of Billed Charges. Lesser of 100% of billed charges applies.; No services were performed during the 15 month look back period.,3315.58,,,,,,,Case Rate,"100 Percent of Medicaid APG. ",3315.58,,,,,,,Case Rate,"100 Percent of Medicaid APG. ",,78,,,,,0,percent of total billed charges,78% of Billed Charges. Lesser of 100% of billed charges applies.; No services were performed during the 15 month look back period.,6487,,,,,,,Case Rate,". MPL 100/50/25% maxmium of 3 procedures. All add ons apply, and lesser of 100% of billed charges",34109,,,,,,,Case Rate,". MPL 100/50/25% all add ons apply, and lesser of 100% of billed charges",34109,,,,,,,Case Rate,". MPL 100/50/25% all add ons apply, and lesser of 100% of billed charges",,78,,,,,0,percent of total billed charges,78% of Billed Charges. Lesser of 100% of billed charges applies.; No services were performed during the 15 month look back period.,21248.19,,,,,,,Case Rate,"100% Medicare OPPS FS. ",41412.57,,,,,,,Case Rate,". MPL 100/50/25% all add ons apply, and lesser of 100% of billed charges",41412.57,,,,,,,Case Rate,". MPL 100/50/25% all add ons apply, and lesser of 100% of billed charges",41412.57,,,,,,,Case Rate,". MPL 100/50/25% all add ons apply, and lesser of 100% of billed charges",21248.19,,,,,,,Case Rate,"100% Medicare OPPS FS. ",41412.57,,,,,,,Case Rate,". MPL 100/50/25% all add ons apply, and lesser of 100% of billed charges",41412.57,,,,,,,Case Rate,". MPL 100/50/25% all add ons apply, and lesser of 100% of billed charges",21248.19,,,,,,,Case Rate,"100% of Medicare OPPS. ",25798,,,,,,,Case Rate,". MPL 100/75/50% all add ons apply, and lesser of 100% of billed charges",34407,,,,,,,Case Rate,. All Add ons apply except drugs and lesser of 100% of billed charges.,34407,,,,,,,Case Rate,. All Add ons apply except drugs and lesser of 100% of billed charges.,34407,,,,,,,Case Rate,. All Add ons apply except drugs and lesser of 100% of billed charges.,34407,,,,,,,Case Rate,. All Add ons apply except drugs and lesser of 100% of billed charges.,34407,,,,,,,Case Rate,. All Add ons apply except drugs and lesser of 100% of billed charges.,34407,,,,,,,Case Rate,. All Add ons apply except drugs and lesser of 100% of billed charges.,21248.19,,,,,,,Case Rate,"100% Medicare OPPS FS. ",21248.19,,,,,,,Case Rate,"100% Medicare OPPS FS. ",34407,,,,,,,Case Rate,. All Add ons apply except drugs and lesser of 100% of billed charges.,,78,,,,,0,percent of total billed charges,78% of Billed Charges. Lesser of 100% of billed charges applies.; No services were performed during the 15 month look back period.,,78,,,,,0,percent of total billed charges,78% of Billed Charges. Lesser of 100% of billed charges applies.; No services were performed during the 15 month look back period.,,78,,,,,0,percent of total billed charges,78% of Billed Charges. Lesser of 100% of billed charges applies.; No services were performed during the 15 month look back period.,,78,,,,,0,percent of total billed charges,78% of Billed Charges. Lesser of 100% of billed charges applies.; No services were performed during the 15 month look back period.,,78,,,,,0,percent of total billed charges,78% of Billed Charges. Lesser of 100% of billed charges applies.; No services were performed during the 15 month look back period.,,78,,,,,0,percent of total billed charges,78% of Billed Charges. Lesser of 100% of billed charges applies.; No services were performed during the 15 month look back period.,,78,,,,,0,percent of total billed charges,78% of Billed Charges. Lesser of 100% of billed charges applies.; No services were performed during the 15 month look back period.,,78,,,,,0,percent of total billed charges,78% of Billed Charges. Lesser of 100% of billed charges applies.; No services were performed during the 15 month look back period.,,78,,,,,0,percent of total billed charges,78% of Billed Charges. Lesser of 100% of billed charges applies.; No services were performed during the 15 month look back period.,,78,,,,,0,percent of total billed charges,78% of Billed Charges. Lesser of 100% of billed charges applies.; No services were performed during the 15 month look back period.,,78,,,,,0,percent of total billed charges,78% of Billed Charges. Lesser of 100% of billed charges applies.; No services were performed during the 15 month look back period.,,78,,,,,0,percent of total billed charges,78% of Billed Charges. Lesser of 100% of billed charges applies.; No services were performed during the 15 month look back period.,,78,,,,,0,percent of total billed charges,78% of Billed Charges. Lesser of 100% of billed charges applies.; No services were performed during the 15 month look back period.,,78,,,,,0,percent of total billed charges,78% of Billed Charges. Lesser of 100% of billed charges applies.; No services were performed during the 15 month look back period.,,78,,,,,0,percent of total billed charges,78% of Billed Charges. Lesser of 100% of billed charges applies.; No services were performed during the 15 month look back period.,,78,,,,,0,percent of total billed charges,78% of Billed Charges. Lesser of 100% of billed charges applies.; No services were performed during the 15 month look back period.,,78,,,,,0,percent of total billed charges,78% of Billed Charges. Lesser of 100% of billed charges applies.; No services were performed during the 15 month look back period.,,78,,,,,0,percent of total billed charges,78% of Billed Charges. Lesser of 100% of billed charges applies.; No services were performed during the 15 month look back period.,,78,,,,,0,percent of total billed charges,78% of Billed Charges. Lesser of 100% of billed charges applies.; No services were performed during the 15 month look back period.,,78,,,,,0,percent of total billed charges,78% of Billed Charges. Lesser of 100% of billed charges applies.; No services were performed during the 15 month look back period.,,78,,,,,0,percent of total billed charges,78% of Billed Charges. Lesser of 100% of billed charges applies.; No services were performed during the 15 month look back period.,,78,,,,,0,percent of total billed charges,78% of Billed Charges. Lesser of 100% of billed charges applies.; No services were performed during the 15 month look back period.,,78,,,,,0,percent of total billed charges,78% of Billed Charges. Lesser of 100% of billed charges applies.; No services were performed during the 15 month look back period.,,78,,,,,0,percent of total billed charges,78% of Billed Charges. Lesser of 100% of billed charges applies.; No services were performed during the 15 month look back period.,,78,,,,,0,percent of total billed charges,78% of Billed Charges. Lesser of 100% of billed charges applies.; No services were performed during the 15 month look back period.,,78,,,,,0,percent of total billed charges,78% of Billed Charges. Lesser of 100% of billed charges applies.; No services were performed during the 15 month look back period.,8427,,,,,,,Case Rate,". Primary procedure pays at 100%, all subsequent at 50%.",8427,,,,,,,Case Rate,". Primary procedure pays at 100%, all subsequent at 50%.",8427,,,,,,,Case Rate,". Primary procedure pays at 100%, all subsequent at 50%.",8427,,,,,,,Case Rate,". Primary procedure pays at 100%, all subsequent at 50%.",12574,,,,,,,Case Rate,". Primary procedure pays at 100%, all subsequent at 50%.",12574,,,,,,,Case Rate,". Primary procedure pays at 100%, all subsequent at 50%.",6487,,,,,,,Case Rate,". MPL 100/50/25% maxmium of 3 procedures. All add ons apply, and lesser of 100% of billed charges",34407,,,,,,,Case Rate,. All Add ons apply except drugs and lesser of 100% of billed charges.,41412.57,,,,,,,Case Rate,". MPL 100/50/25% all add ons apply, and lesser of 100% of billed charges",34407,,,,,,,Case Rate,. All Add ons apply except drugs and lesser of 100% of billed charges.,,78,,,,,0,percent of total billed charges,78% of Billed Charges. Lesser of 100% of billed charges applies.; No services were performed during the 15 month look back period.,12574,,,,,,,Case Rate,". Primary procedure pays at 100%, all subsequent at 50%.",34407,,,,,,,Case Rate,. All Add ons apply except drugs and lesser of 100% of billed charges.,41412.57,,,,,,,Case Rate,". MPL 100/50/25% all add ons apply, and lesser of 100% of billed charges",6487,,,,,,,Case Rate,". MPL 100/50/25% maxmium of 3 procedures. All add ons apply, and lesser of 100% of billed charges",,,,,,,,,"NA. ",,78,,,,,0,percent of total billed charges,78% of Billed Charges. Lesser of 100% of billed charges applies.; No services were performed during the 15 month look back period.,3315.58,,,,,,,Case Rate,"100 Percent of Medicaid APG. ",8427,,,,,,,Case Rate,". Primary procedure pays at 100%, all subsequent at 50%.",3315.58,,,,,,,Case Rate,"100 Percent of Medicaid APG. Not APG payable, or payable under another fee schedule like ASP/AWP pays at 30% of charges",21248.19,,,,,,,Case Rate,"100%Medicare OPPS FS. ",21248.19,,,,,,,Case Rate,"100% Medicare OPPS FS. ",25798,,,,,,,Case Rate,". MPL 100/75/50% all add ons apply, and lesser of 100% of billed charges",21248.19,,,,,,,Case Rate,"100% Medicare OPPS FS. ",21248.19,,,,,,,Case Rate,"100% Medicare OPPS FS. ",3315.58,,,,,,,Case Rate,"100 Percent of Medicaid APG. ",21248.19,,,,,,,Case Rate,"100% Medicare OPPS FS. ",21248.19,,,,,,,Case Rate,"100% Medicare OPPS FS. ",25223,,,,,,,Case Rate,". Primary procedure pays at 100%, secondary at 50%, all subsequent at 25%.  Lesser of applies when negotiated rates exceed charges less addons.",25223,,,,,,,Case Rate,". Primary procedure pays at 100%, secondary at 50%, all subsequent at 25%.  Lesser of applies when negotiated rates exceed charges less addons.",21248.19,,,,,,,Case Rate,"100% Medicare OPPS FS. ",6487,,,,,,,Case Rate,". MPL 100/50/25% maxmium of 3 procedures. All add ons apply, and lesser of 100% of billed charges",41412.57,,,,,,,Case Rate,". MPL 100/50/25% all add ons apply, and lesser of 100% of billed charges",41412.57,,,,,,,Case Rate,". MPL 100/50/25% all add ons apply, and lesser of 100% of billed charges",21248.19,,,,,,,Case Rate,"100% Medicare OPPS FS. ",6487,,,,,,,Case Rate,". MPL 100/50/25% maxmium of 3 procedures. All add ons apply, and lesser of 100% of billed charges",25223,,,,,,,Case Rate,". Primary procedure pays at 100%, secondary at 50%, all subsequent at 25%.  Lesser of applies when negotiated rates exceed charges less addons.",25223,,,,,,,Case Rate,". Primary procedure pays at 100%, secondary at 50%, all subsequent at 25%.  Lesser of applies when negotiated rates exceed charges less addons.",25223,,,,,,,Case Rate,". Primary procedure pays at 100%, secondary at 50%, all subsequent at 25%.  Lesser of applies when negotiated rates exceed charges less addons.",,78,,,,,0,percent of total billed charges,78% of Billed Charges. Lesser of 100% of billed charges applies.; No services were performed during the 15 month look back period.,,78,,,,,0,percent of total billed charges,78% of Billed Charges. Lesser of 100% of billed charges applies.; No services were performed during the 15 month look back period.,,78,,,,,0,percent of total billed charges,78% of Billed Charges. Lesser of 100% of billed charges applies.; No services were performed during the 15 month look back period.,,78,,,,,0,percent of total billed charges,78% of Billed Charges. Lesser of 100% of billed charges applies.; No services were performed during the 15 month look back period.,,78,,,,,0,percent of total billed charges,78% of Billed Charges. Lesser of 100% of billed charges applies.; No services were performed during the 15 month look back period.,,78,,,,,0,percent of total billed charges,78% of Billed Charges. Lesser of 100% of billed charges applies.; No services were performed during the 15 month look back period.,,78,,,,,0,percent of total billed charges,78% of Billed Charges. Lesser of 100% of billed charges applies.; No services were performed during the 15 month look back period.,,78,,,,,0,percent of total billed charges,78% of Billed Charges. Lesser of 100% of billed charges applies.; No services were performed during the 15 month look back period.,,78,,,,,0,percent of total billed charges,78% of Billed Charges. Lesser of 100% of billed charges applies.; No services were performed during the 15 month look back period.,,78,,,,,0,percent of total billed charges,78% of Billed Charges. Lesser of 100% of billed charges applies.; No services were performed during the 15 month look back period.,,78,,,,,0,percent of total billed charges,78% of Billed Charges. Lesser of 100% of billed charges applies.; No services were performed during the 15 month look back period.,12574,,,,,,,Case Rate,". Primary procedure pays at 100%, all subsequent at 50%.",34407,,,,,,,Case Rate,. All Add ons apply except drugs and lesser of 100% of billed charges.,6487,,,,,,,Case Rate,". MPL 100/50/25% maxmium of 3 procedures. All add ons apply, and lesser of 100% of billed charges",21248.19,,,,,,,Case Rate,"100% Medicare OPPS FS. ",25223,,,,,,,Case Rate,". Primary procedure pays at 100%, secondary at 50%, all subsequent at 25%.  Lesser of applies when negotiated rates exceed charges less addons.",6487,,,,,,,Case Rate,". MPL 100/50/25% maxmium of 3 procedures. All add ons apply, and lesser of 100% of billed charges",6487,,,,,,,Case Rate,". MPL 100/50/25% maxmium of 3 procedures. All add ons apply, and lesser of 100% of billed charges",,78,,,,,0,percent of total billed charges,78% of Billed Charges. Lesser of 100% of billed charges applies.; No services were performed during the 15 month look back period.,7095.34,,,,,,,Case Rate,"214 Percent of Medicaid APG. Drugs not priced under APG, billed with revenue code 636 and not priced by Medicare ASP FeeSched will be reimbursed at 20% of charges.",6487,,,,,,,Case Rate,". MPL 100/50/25% maxmium of 3 procedures. All add ons apply, and lesser of 100% of billed charges",3315.58,,,,,,,Case Rate,"100 Percent of Medicaid APG. ",21248.19,,,,,,,Case Rate,"100% Medicare OPPS FS. ",21248.19,,,,,,,Case Rate,"100% Medicare OPPS FS. ",21248.19,,,,,,,Case Rate,"100% Medicare OPPS FS. ",21248.19,,,,,,,Case Rate,"100% Medicare OPPS FS. ",21248.19,,,,,,,Case Rate,"100% Medicare OPPS FS. ",21248.19,,,,,,,Case Rate,"100% Medicare OPPS FS. ",6487,,,,,,,Case Rate,". MPL 100/50/25% maxmium of 3 procedures. All add ons apply, and lesser of 100% of billed charges",25798,,,,,,,Case Rate,". MPL 100/75/50% all add ons apply, and lesser of 100% of billed charges",1858.43,,,,,,,Fee Schedule,"160 Percent of Medicare RBRVS. ",1858.43,,,,,,,Fee Schedule,"160 Percent of Medicare RBRVS. ",1858.43,,,,,,,Fee Schedule,"160 Percent of Medicare RBRVS. ",1858.43,,,,,,,Fee Schedule,"160 Percent of Medicare RBRVS. ",1858.43,,,,,,,Fee Schedule,"160 Percent of Medicare RBRVS. ",,,,,,,,,"NA. ",25798,,,,,,,Case Rate,". MPL 100/75/50% all add ons apply, and lesser of 100% of billed charges",42071.41,,,,,,,Case Rate,198 Percent of Medicare OPPS. Metroplus will reimburse unlisted codes and described codes with no Medicare rate at 50 percent of charges.,42071.41,,,,,,,Case Rate,198 Percent of Medicare OPPS. Metroplus will reimburse unlisted codes and described codes with no Medicare rate at 50 percent of charges.,42071.41,,,,,,,Case Rate,198 Percent of Medicare OPPS. Metroplus will reimburse unlisted codes and described codes with no Medicare rate at 50 percent of charges.,42071.41,,,,,,,Case Rate,198 Percent of Medicare OPPS. Metroplus will reimburse unlisted codes and described codes with no Medicare rate at 50 percent of charges.,42071.41,,,,,,,Case Rate,198 Percent of Medicare OPPS. Metroplus will reimburse unlisted codes and described codes with no Medicare rate at 50 percent of charges.,21248.19,,,,,,,Case Rate,"100% Medicare OPPS FS. ",12574,,,,,,,Case Rate,". Primary procedure pays at 100%, all subsequent at 50%.",12574,,,,,,,Case Rate,". Primary procedure pays at 100%, all subsequent at 50%.",12574,,,,,,,Case Rate,". Primary procedure pays at 100%, all subsequent at 50%.",12574,,,,,,,Case Rate,". Primary procedure pays at 100%, all subsequent at 50%.",25223,,,,,,,Case Rate,". Primary procedure pays at 100%, secondary at 50%, all subsequent at 25%.  Lesser of applies when negotiated rates exceed charges less addons.",25223,,,,,,,Case Rate,". Primary procedure pays at 100%, secondary at 50%, all subsequent at 25%.  Lesser of applies when negotiated rates exceed charges less addons.",25223,,,,,,,Case Rate,". Primary procedure pays at 100%, secondary at 50%, all subsequent at 25%.  Lesser of applies when negotiated rates exceed charges less addons.",25223,,,,,,,Case Rate,". Primary procedure pays at 100%, secondary at 50%, all subsequent at 25%.  Lesser of applies when negotiated rates exceed charges less addons.",25798,,,,,,,Case Rate,". MPL 100/75/50% all add ons apply, and lesser of 100% of billed charges",25798,,,,,,,Case Rate,". MPL 100/75/50% all add ons apply, and lesser of 100% of billed charges",21248.19,,,,,,,Case Rate,"100% Medicare OPPS FS. ",21248.19,,,,,,,Case Rate,"100% Medicare OPPS FS. ",21248.19,,,,,,,Case Rate,"100% Medicare OPPS FS. ",34407,,,,,,,Case Rate,. All Add ons apply except drugs and lesser of 100% of billed charges.,34407,,,,,,,Case Rate,. All Add ons apply except drugs and lesser of 100% of billed charges.,34407,,,,,,,Case Rate,. All Add ons apply except drugs and lesser of 100% of billed charges.,25798,,,,,,,Case Rate,". MPL 100/75/50% all add ons apply, and lesser of 100% of billed charges",25223,,,,,,,Case Rate,". Primary procedure pays at 100%, secondary at 50%, all subsequent at 25%.  Lesser of applies when negotiated rates exceed charges less addons.",21248.19,,,,,,,Case Rate,"100% Medicare OPPS FS. ",34407,,,,,,,Case Rate,. All Add ons apply except drugs and lesser of 100% of billed charges.,3315.58,,,,,,,Case Rate,"100 Percent of Medicaid APG. ",21673.15,,,,,,,Case Rate,"102% of Medicare OPPS. ",21673.15,,,,,,,Case Rate,"102% of Medicare OPPS. ",21673.15,,,,,,,Case Rate,"102% of Medicare OPPS. ",3315.58,,,,,,,Case rate,"100 Percent of Medicaid APG. ",7460.05,,,,,,,Case Rate,225% of NYS APG. Lesser of 100% of billed charges applies.,7460.05,,,,,,,Case Rate,225% of NYS APG. Lesser of 100% of billed charges applies.,7460.05,,,,,,,Case Rate,225% of NYS APG. Lesser of 100% of billed charges applies.,7460.05,,,,,,,Case Rate,225% of NYS APG. Lesser of 100% of billed charges applies.,7460.05,,,,,,,Case Rate,225% of NYS APG. Lesser of 100% of billed charges applies.,21673.15,,,,,,,Case Rate,"102% of Medicare OPPS. ",3315.58,,,,,,,Case Rate,"100 Percent of Medicaid APG. ",7280.13,,,,,,,Case Rate,100% of PAS. Lesser of 100% of billed charges applies.,7460.05,,,,,,,Case Rate,225% of NYS APG. Lesser of 100% of billed charges applies.,7460.05,,,,,,,Case Rate,225% of NYS APG. Lesser of 100% of billed charges applies.,7280.13,,,,,,,Case Rate,100% of PAS. Lesser of 100% of billed charges applies.,7280.13,,,,,,,Case Rate,100% of PAS. Lesser of 100% of billed charges applies.,1858.43,,,,,,,Fee Schedule,"160 Percent of Medicare RBRVS. ",21248.19,,,,,,,Case Rate,"100% Medicare OPPS FS. ",21248.19,,,,,,,Case Rate,"100% Medicare OPPS FS. ",25223,,,,,,,Case Rate,". Primary procedure pays at 100%, secondary at 50%, all subsequent at 25%.  Lesser of applies when negotiated rates exceed charges less addons.",21248.19,,,,,,,Case Rate,"100% Medicare OPPS FS. ",7460.05,,,,,,,Case Rate,"225 Percent of Medicaid APG. ",7460.05,,,,,,,Case Rate,"225 Percent of Medicaid APG. ",3315.58,,,,,,,Case rate,"100 Percent of Medicaid APG. ",3315.58,,,,,,,Case rate,"100 Percent of Medicaid APG. ",7460.05,,,,,,,Case Rate,225 Percent of Medicaid APG. Covered services not payable under Medicaid Fee Schedules default to a payment of 87.5 percent of charges.,1045.37,,,,,,,Fee schedule,90 Percent of Medicare RBRVS. Covered services not payable under Medicaid Fee Schedules default to a payment of 50 percent of charges.,7460.05,,,,,,,Case Rate,"100 Percent of Medicaid APG. ",7460.05,,,,,,,Case Rate,"100 Percent of Medicaid APG. ",7460.05,,,,,,,Case Rate,"100 Percent of Medicaid APG. ",7460.05,,,,,,,Case Rate,"100 Percent of Medicaid APG. ",13453,,,,,,,Case Rate,". MPL 100/75/50% all add ons apply, and lesser of 100% of billed charges",25798,,,,,,,Case Rate,". MPL 100/75/50% all add ons apply, and lesser of 100% of billed charges",3978.7,,,,,,,Case Rate,"120 Percent of Medicaid APG. Not APG payable, or payable under another fee schedule like ASP/AWP pays at 30% of charges",3978.7,,,,,,,Case Rate,"120 Percent of Medicaid APG. Not APG payable, or payable under another fee schedule like ASP/AWP pays at 30% of charges",3315.58,,,,,,,Case Rate,"100 Percent of Medicaid APG. Not APG payable, or payable under another fee schedule like ASP/AWP pays at 30% of charges",3315.58,,,,,,,Case Rate,"100 Percent of Medicaid APG. Not APG payable, or payable under another fee schedule like ASP/AWP pays at 30% of charges",34407,,,,,,,Case Rate,. All Add ons apply except drugs and lesser of 100% of billed charges.,34407,,,,,,,Case Rate,. All Add ons apply except drugs and lesser of 100% of billed charges.,21248.19,,,,,,,Case Rate,"100% Medicare OPPS FS. ",34407,,,,,,,Case Rate,. All Add ons apply except drugs and lesser of 100% of billed charges.,34407,,,,,,,Case Rate,. All Add ons apply except drugs and lesser of 100% of billed charges.,34407,,,,,,,Case Rate,. All Add ons apply except drugs and lesser of 100% of billed charges.,34407,,,,,,,Case Rate,. All Add ons apply except drugs and lesser of 100% of billed charges.,21248.19,,,,,,,Case Rate,"100% Medicare OPPS FS. ",34407,,,,,,,Case Rate,. All Add ons apply except drugs and lesser of 100% of billed charges.,34407,,,,,,,Case Rate,. All Add ons apply except drugs and lesser of 100% of billed charges.,25223,,,,,,,Case Rate,". Primary procedure pays at 100%, secondary at 50%, all subsequent at 25%.  Lesser of applies when negotiated rates exceed charges less addons.",3315.58,,,,,,,Fee Schedule,100% APG. Lesser of 100% of billed charges applies.,1045.37,,,,,,,Fee schedule,90 Percent of Medicare RBRVS. Covered services not payable under Medicaid Fee Schedules default to a payment of 50 percent of charges.,7460.05,,,,,,,Case Rate,225% of NYS APG. Lesser of 100% of billed charges applies.,7460.05,,,,,,,Case Rate,225 Percent of Medicaid APG. Covered services not payable under Medicaid Fee Schedules default to a payment of 87.5 percent of charges.,1045.37,,,,,,,Fee schedule,90 Percent of Medicare RBRVS. Covered services not payable under Medicaid Fee Schedules default to a payment of 50 percent of charges.,7460.05,,,,,,,Case Rate,225% of NYS APG. Lesser of 100% of billed charges applies.,7460.05,,,,,,,Case Rate,225% of NYS APG. Lesser of 100% of billed charges applies.,7460.05,,,,,,,Case Rate,225% of NYS APG. Lesser of 100% of billed charges applies.,7460.05,,,,,,,Case Rate,225% of NYS APG. Lesser of 100% of billed charges applies.,7460.05,,,,,,,Case Rate,225% of NYS APG. Lesser of 100% of billed charges applies.,7460.05,,,,,,,Case Rate,225% of NYS APG. Lesser of 100% of billed charges applies.,,,,,,,,,"NA. ",,,,,,,,,"NA. ",,,,,,,,,"NA. ",6487,,,,,,,Case Rate,". MPL 100/50/25% maxmium of 3 procedures. All add ons apply, and lesser of 100% of billed charges",,,,,,,,,"NA. ",21248.19,,,,,,,Case Rate,"100% Medicare OPPS FS. ",19469,,,,,,,Case Rate,". All add ons apply, and lesser of 100% of billed charges",21248.19,,,,,,,Case Rate,"100% Medicare OPPS FS. ",21248.19,,,,,,,Case Rate,"100% Medicare OPPS FS. ",3978.7,,,,,,,Case Rate,"120 Percent of Medicaid APG. Not APG payable, or payable under another fee schedule like ASP/AWP pays at 30% of charges",3978.7,,,,,,,Case Rate,"120 Percent of Medicaid APG. Not APG payable, or payable under another fee schedule like ASP/AWP pays at 30% of charges",3315.58,,,,,,,Case Rate,"100 Percent of Medicaid APG. Not APG payable, or payable under another fee schedule like ASP/AWP pays at 30% of charges",3315.58,,,,,,,Case Rate,"100 Percent of Medicaid APG. Not APG payable, or payable under another fee schedule like ASP/AWP pays at 30% of charges",3315.58,,,,,,,Case Rate,"100 Percent of Medicaid APG. ",7163,,,,,,,Case Rate,". ",25223,,,,,,,Case Rate,". Primary procedure pays at 100%, secondary at 50%, all subsequent at 25%.  Lesser of applies when negotiated rates exceed charges less addons.",8427,,,,,,,Case Rate,". Primary procedure pays at 100%, all subsequent at 50%.",6487,,,,,,,Case Rate,". MPL 100/50/25% maxmium of 3 procedures. All add ons apply, and lesser of 100% of billed charges",21248.19,,,,,,,Case Rate,"100%Medicare OPPS FS. ",21248.19,,,,,,,Case Rate,"100% Medicare OPPS FS. ",21248.19,,,,,,,Case Rate,"100% Medicare OPPS FS. ",21248.19,,,,,,,Case Rate,"100% Medicare OPPS FS. ",21248.19,,,,,,,Case Rate,"100%Medicare OPPS FS. ",21248.19,,,,,,,Case Rate,"100% Medicare OPPS FS. ",,,,,,,,,"NA. ",7460.05,,,,,,,Case Rate,225% of NYS APG. Lesser of 100% of billed charges applies.,7280.13,,,,,,,Case Rate,100% of PAS. Lesser of 100% of billed charges applies.,34407,,,,,,,Case Rate,. All Add ons apply except drugs and lesser of 100% of billed charges.,7163,,,,,,,Case Rate,". ",7163,,,,,,,Case Rate,". ",7163,,,,,,,Case Rate,". ",7163,,,,,,,Case Rate,". ",21248.19,,,,,,,Case Rate,"100% Medicare OPPS FS. ",3315.58,,,,,,,Case Rate,"100 Percent of Medicaid APG. ",34407,,,,,,,Case Rate,. All Add ons apply except drugs and lesser of 100% of billed charges.,3315.58,,,,,,,Case Rate,"100 Percent of Medicaid APG. ",21248.19,,,,,,,Case Rate,"100% Medicare OPPS FS. ",3315.58,,,,,,,Case Rate,"100 Percent of Medicaid APG. ",21248.19,,,,,,,Case Rate,"100% Medicare OPPS FS. ",21248.19,,,,,,,Case Rate,"100% Medicare OPPS FS. ",3315.58,,,,,,,Case Rate,"100 Percent of Medicaid APG. ",3315.58,,,,,,,Case Rate,"100 Percent of Medicaid APG. ",7163,,,,,,,Case Rate,". ",6487,,,,,,,Case Rate,". MPL 100/50/25% maxmium of 3 procedures. All add ons apply, and lesser of 100% of billed charges",,78,,,,,0,percent of total billed charges,78% of Billed Charges. Lesser of 100% of billed charges applies.; No services were performed during the 15 month look back period.,41412.57,,,,,,,Case Rate,". MPL 100/50/25% all add ons apply, and lesser of 100% of billed charges",41412.57,,,,,,,Case Rate,". MPL 100/50/25% all add ons apply, and lesser of 100% of billed charges",25223,,,,,,,Case Rate,". Primary procedure pays at 100%, secondary at 50%, all subsequent at 25%.  Lesser of applies when negotiated rates exceed charges less addons.",20823.22,,,,,,,Case Rate,"98% of RBRVS. ",12574,,,,,,,Case Rate,". Primary procedure pays at 100%, all subsequent at 50%.",12574,,,,,,,Case Rate,". Primary procedure pays at 100%, all subsequent at 50%.",27526,,,,,,,Case Rate,. All Add ons apply except drugs and lesser of 100% of billed charges.,27526,,,,,,,Case Rate,. All Add ons apply except drugs and lesser of 100% of billed charges.,21248.19,,,,,,,Case Rate,"100% Medicare OPPS FS. ",21248.19,,,,,,,Case Rate,"100% Medicare OPPS FS. ",21248.19,,,,,,,Case Rate,"100% Medicare OPPS FS. ",21248.19,,,,,,,Case Rate,"100% Medicare OPPS FS. ",41412.57,,,,,,,Case Rate,". MPL 100/50/25% all add ons apply, and lesser of 100% of billed charges",34407,,,,,,,Case Rate,. All Add ons apply except drugs and lesser of 100% of billed charges.,34407,,,,,,,Case Rate,. All Add ons apply except drugs and lesser of 100% of billed charges.,21248.19,,,,,,,Case Rate,"100% Medicare OPPS FS. ",27526,,,,,,,Case Rate,. All Add ons apply except drugs and lesser of 100% of billed charges.,8427,,,,,,,Case Rate,". Primary procedure pays at 100%, all subsequent at 50%.",3978.7,,,,,,,Fee Schedule,"120 Percent of Medicaid APG. ",3315.58,,,,,,,Case Rate,"100 Percent of Medicaid APG. ",7163,,,,,,,Case Rate,". ",30966,,,,,,,Case Rate,. All Add ons apply except drugs and lesser of 100% of billed charges.,30966,,,,,,,Case Rate,. All Add ons apply except drugs and lesser of 100% of billed charges.,34407,,,,,,,Case Rate,. All Add ons apply except drugs and lesser of 100% of billed charges.,14948,,,,,,,Case Rate,". MPL 100/75/50% all add ons apply, and lesser of 100% of billed charges",21248.19,,,,,,,Case Rate,"100%Medicare OPPS FS. ",3481.36,,,,,,,Fee Schedule,105 percent of Medicaid APG. otherwise 105% of Ordered NYS MCD FS or 105% of ASP+6%,3481.36,,,,,,,Fee Schedule,105 percent of Medicaid APG. otherwise 105% of Ordered NYS MCD FS or 105% of ASP+6%,3481.36,,,,,,,Fee Schedule,105 percent of Medicaid APG. otherwise 105% of Ordered NYS MCD FS or 105% of ASP+6%,4476.03,,,,,,,Fee Schedule,135 percent of Medicaid APG. otherwise 135% of Ordered NYS MCD FS or 135% of ASP+6%,41412.57,,,,,,,Case Rate,". MPL 100/50/25% all add ons apply, and lesser of 100% of billed charges",3481.36,,,,,,,Fee Schedule,105 percent of Medicaid APG. otherwise 105% of Ordered NYS MCD FS or 105% of ASP+6%,3481.36,,,,,,,Fee Schedule,105 percent of Medicaid APG. otherwise 105% of Ordered NYS MCD FS or 105% of ASP+6%,3481.36,,,,,,,Fee Schedule,105 percent of Medicaid APG. otherwise 105% of Ordered NYS MCD FS or 105% of ASP+6%,3481.36,,,,,,,Fee Schedule,105 percent of Medicaid APG. otherwise 105% of Ordered NYS MCD FS or 105% of ASP+6%,3481.36,,,,,,,Fee Schedule,105 percent of Medicaid APG. otherwise 105% of Ordered NYS MCD FS or 105% of ASP+6%,4476.03,,,,,,,Fee Schedule,135 percent of Medicaid APG. otherwise 135% of Ordered NYS MCD FS or 135% of ASP+6%,4476.03,,,,,,,Fee Schedule,135 percent of Medicaid APG. otherwise 135% of Ordered NYS MCD FS or 135% of ASP+6%,21248.19,,,,,,,Case Rate,"100% Medicare OPPS FS. ",41412.57,,,,,,,Case Rate,". MPL 100/50/25% all add ons apply, and lesser of 100% of billed charges",21248.19,,,,,,,Case Rate,"100% Medicare OPPS FS. ",3481.36,,,,,,,Fee Schedule,105 percent of Medicaid APG. otherwise 105% of Ordered NYS MCD FS or 105% of ASP+6%,34407,,,,,,,Case Rate,. All Add ons apply except drugs and lesser of 100% of billed charges.,21248.19,,,,,,,Case Rate,"100% Medicare OPPS FS. ",34407,,,,,,,Case Rate,. All Add ons apply except drugs and lesser of 100% of billed charges.,34407,,,,,,,Case Rate,. All Add ons apply except drugs and lesser of 100% of billed charges.,34407,,,,,,,Case Rate,. All Add ons apply except drugs and lesser of 100% of billed charges.,3481.36,,,,,,,Fee Schedule,105 percent of Medicaid APG. otherwise 105% of Ordered NYS MCD FS or 105% of ASP+6%,21248.19,,,,,,,Case Rate,"100% Medicare OPPS FS. ",34407,,,,,,,Case Rate,. All Add ons apply except drugs and lesser of 100% of billed charges.,4476.03,,,,,,,Fee Schedule,135 percent of Medicaid APG. otherwise 135% of Ordered NYS MCD FS or 135% of ASP+6%,34407,,,,,,,Case Rate,. All Add ons apply except drugs and lesser of 100% of billed charges.,42496.37,,,,,,,Case Rate,"150% of Medicare OPPS. ",21248.19,,,,,,,Case Rate,"100%Medicare OPPS FS. ",7163,,,,,,,Case Rate,". ",7163,,,,,,,Case Rate,". ",7163,,,,,,,Case Rate,". ",7163,,,,,,,Case Rate,". ",7163,,,,,,,Case Rate,". ",8427,,,,,,,Case Rate,". Primary procedure pays at 100%, all subsequent at 50%.",8427,,,,,,,Case Rate,". Primary procedure pays at 100%, all subsequent at 50%.",7163,,,,,,,Case Rate,". ",7163,,,,,,,Case Rate,". ",7163,,,,,,,Case Rate,". ",7163,,,,,,,Case Rate,". ",7163,,,,,,,Case Rate,". ",21248.19,,,,,,,Case Rate,"100% Medicare OPPS FS. ",8427,,,,,,,Case Rate,". Primary procedure pays at 100%, all subsequent at 50%.",21248.19,,,,,,,Case Rate,"100% Medicare OPPS FS. ",7460.05,,,,,,,Case Rate,"225 Percent of Medicaid APG. If not included in Medicaid APG, then 100 Percent of Manhattan Medicare",3315.58,,,,,,,Case Rate,"100 Percent of Medicaid APG. ",41412.57,,,,,,,Case Rate,". MPL 100/50/25% all add ons apply, and lesser of 100% of billed charges",41412.57,,,,,,,Case Rate,". MPL 100/50/25% all add ons apply, and lesser of 100% of billed charges",21248.19,,,,,,,Case Rate,"100% Medicare OPPS FS. ",12574,,,,,,,Case Rate,". Primary procedure pays at 100%, all subsequent at 50%.",21248.19,,,,,,,Case Rate,"100% Medicare OPPS FS. ",21248.19,,,,,,,Case Rate,"100% Medicare OPPS FS. ",25223,,,,,,,Case Rate,". Primary procedure pays at 100%, secondary at 50%, all subsequent at 25%.  Lesser of applies when negotiated rates exceed charges less addons.",21248.19,,,,,,,Case Rate,"100% Medicare OPPS FS. ",6487,,,,,,,Case Rate,". MPL 100/50/25% maxmium of 3 procedures. All add ons apply, and lesser of 100% of billed charges",21248.19,,,,,,,Case Rate,"100% Medicare OPPS FS. ",6487,,,,,,,Case Rate,". MPL 100/50/25% maxmium of 3 procedures. All add ons apply, and lesser of 100% of billed charges",25223,,,,,,,Case Rate,". Primary procedure pays at 100%, secondary at 50%, all subsequent at 25%.  Lesser of applies when negotiated rates exceed charges less addons.",6487,,,,,,,Case Rate,". MPL 100/50/25% maxmium of 3 procedures. All add ons apply, and lesser of 100% of billed charges",21248.19,,,,,,,Case Rate,"100% Medicare OPPS FS. ",3315.58,,,,,,,Case Rate,"100 Percent of Medicaid APG. ",21248.19,,,,,,,Case Rate,"100% Medicare OPPS FS. ",6487,,,,,,,Case Rate,". MPL 100/50/25% maxmium of 3 procedures. All add ons apply, and lesser of 100% of billed charges",41412.57,,,,,,,Case Rate,". MPL 100/50/25% all add ons apply, and lesser of 100% of billed charges",3315.58,,,,,,,Case Rate,"100 Percent of Medicaid APG. ",34407,,,,,,,Case Rate,. All Add ons apply except drugs and lesser of 100% of billed charges.,3978.7,,,,,,,Fee Schedule,"120 Percent of Medicaid APG. ",3978.7,,,,,,,Fee Schedule,"120 Percent of Medicaid APG. ",34407,,,,,,,Case Rate,. All Add ons apply except drugs and lesser of 100% of billed charges.,34407,,,,,,,Case Rate,. All Add ons apply except drugs and lesser of 100% of billed charges.,34407,,,,,,,Case Rate,. All Add ons apply except drugs and lesser of 100% of billed charges.,41412.57,,,,,,,Case Rate,". MPL 100/50/25% all add ons apply, and lesser of 100% of billed charges",34407,,,,,,,Case Rate,. All Add ons apply except drugs and lesser of 100% of billed charges.,34407,,,,,,,Case Rate,. All Add ons apply except drugs and lesser of 100% of billed charges.,34407,,,,,,,Case Rate,. All Add ons apply except drugs and lesser of 100% of billed charges.,7163,,,,,,,Case Rate,". ",7163,,,,,,,Case Rate,". ",42071.41,,,,,,,Case Rate,198 Percent of Medicare OPPS. Metroplus will reimburse unlisted codes and described codes with no Medicare rate at 50 percent of charges.,3315.58,,,,,,,Case Rate,"100 Percent of Medicaid APG. ",41412.57,,,,,,,Case Rate,". MPL 100/50/25% all add ons apply, and lesser of 100% of billed charges",6487,,,,,,,Case Rate,". MPL 100/50/25% maxmium of 3 procedures. All add ons apply, and lesser of 100% of billed charges",25223,,,,,,,Case Rate,". Primary procedure pays at 100%, secondary at 50%, all subsequent at 25%.  Lesser of applies when negotiated rates exceed charges less addons.",41412.57,,,,,,,Case Rate,". MPL 100/50/25% all add ons apply, and lesser of 100% of billed charges",25223,,,,,,,Case Rate,". Primary procedure pays at 100%, secondary at 50%, all subsequent at 25%.  Lesser of applies when negotiated rates exceed charges less addons.",41412.57,,,,,,,Case Rate,". MPL 100/50/25% all add ons apply, and lesser of 100% of billed charges",34407,,,,,,,Case Rate,. All Add ons apply except drugs and lesser of 100% of billed charges.,34407,,,,,,,Case Rate,. All Add ons apply except drugs and lesser of 100% of billed charges.,34407,,,,,,,Case Rate,. All Add ons apply except drugs and lesser of 100% of billed charges.,34407,,,,,,,Case Rate,. All Add ons apply except drugs and lesser of 100% of billed charges.,21248.19,,,,,,,Case Rate,"100% Medicare OPPS FS. ",1045.37,42496.37,
93596,CPT,2027241,LOCAL,481,RC,HC CATH/EP R&L HRT CATH CHD NML NT CNJ,16396.08,3115.2552,both,,,,19469,,,,,,,Case Rate,". All add ons apply, and lesser of 100% of billed charges",19469,,,,,,,Case Rate,". All add ons apply, and lesser of 100% of billed charges",25223,,,,,,,Case Rate,". Primary procedure pays at 100%, secondary at 50%, all subsequent at 25%.  Lesser of applies when negotiated rates exceed charges less addons.",16396.08,100,,,,,0,percent of total billed charges,100 percent of billed charges. ; No services were performed during the 15 month look back period.,3805.98,,,,,,,Case Rate,"100% Medicare OPPS FS. ",25223,,,,,,,Case Rate,". Primary procedure pays at 100%, secondary at 50%, all subsequent at 25%.  Lesser of applies when negotiated rates exceed charges less addons.",25223,,,,,,,Case Rate,". Primary procedure pays at 100%, secondary at 50%, all subsequent at 25%.  Lesser of applies when negotiated rates exceed charges less addons.",25223,,,,,,,Case Rate,". Primary procedure pays at 100%, secondary at 50%, all subsequent at 25%.  Lesser of applies when negotiated rates exceed charges less addons.",2636.62,,,,,,,Case Rate,"100 Percent of Medicaid APG. ",2197.18,,,,,,,Case Rate,"100 Percent of Medicaid APG. ",12788.9424,78,,,,,0,percent of total billed charges,78% of Billed Charges. Lesser of 100% of billed charges applies.; No services were performed during the 15 month look back period.,21078.59,,,,,,,Case Rate,". MPL 100/50/25% all add ons apply, and lesser of 100% of billed charges",2197.18,,,,,,,Case Rate,"100 Percent of Medicaid APG. ",3805.98,,,,,,,Case Rate,"100% Medicare OPPS FS. ",23708,,,,,,,Case Rate,". MPL 100/50/25% maxmium of 3 procedures. All add ons apply, and lesser of 100% of billed charges",23708,,,,,,,Case Rate,". MPL 100/50/25% maxmium of 3 procedures. All add ons apply, and lesser of 100% of billed charges",23708,,,,,,,Case Rate,". MPL 100/50/25% maxmium of 3 procedures. All add ons apply, and lesser of 100% of billed charges",23708,,,,,,,Case Rate,". MPL 100/50/25% maxmium of 3 procedures. All add ons apply, and lesser of 100% of billed charges",163.9608,1,,,,,0,percent of total billed charges,NA. Covered services not payable under Medicaid Fee Schedules default to a payment of 50 percent of charges.; No services were performed during the 15 month look back period.,3805.98,,,,,,,Case Rate,"100% Medicare OPPS FS. ",163.9608,1,,2705.44,2705.44,2705.44,1 through 10,percent of total billed charges,NA. Covered services not payable under Medicaid Fee Schedules default to a payment of 50 percent of charges.,12788.9424,78,,,,,0,percent of total billed charges,78% of Billed Charges. Lesser of 100% of billed charges applies.; No services were performed during the 15 month look back period.,25223,,,,,,,Case Rate,". Primary procedure pays at 100%, secondary at 50%, all subsequent at 25%.  Lesser of applies when negotiated rates exceed charges less addons.",3805.98,,,,,,,Case Rate,"100%Medicare OPPS FS. ",15598,,,,,,,Case Rate,". Primary procedure pays at 100%, all subsequent at 50%.",3805.98,,,,,,,Case Rate,"100%Medicare OPPS FS. ",3805.98,,,,,,,Case Rate,"100%Medicare OPPS FS. ",12788.9424,78,,,,,0,percent of total billed charges,78% of Billed Charges. Lesser of 100% of billed charges applies.; No services were performed during the 15 month look back period.,307.59,,,,,,,Fee Schedule,90 Percent of Medicare RBRVS. Lesser of 100% of billed charges applies.,307.59,,,,,,,Fee Schedule,90 Percent of Medicare RBRVS. Lesser of 100% of billed charges applies.,2197.18,,,,,,,Case rate,"100 Percent of Medicaid APG. ",2197.18,,,,,,,Case rate,"100 Percent of Medicaid APG. ",15598,,,,,,,Case Rate,". Primary procedure pays at 100%, all subsequent at 50%.",15598,,,,,,,Case Rate,". Primary procedure pays at 100%, all subsequent at 50%.",2197.18,,,,,,,Case Rate,"100 Percent of Medicaid APG. Not APG payable, or payable under another fee schedule like ASP/AWP pays at 30% of charges",15598,,,,,,,Case Rate,". Primary procedure pays at 100%, all subsequent at 50%.",2197.18,,,,,,,Case Rate,"100 Percent of Medicaid APG. Not APG payable, or payable under another fee schedule like ASP/AWP pays at 30% of charges",3805.98,,,,,,,Case Rate,"100%Medicare OPPS FS. ",15598,,,,,,,Case Rate,". Primary procedure pays at 100%, all subsequent at 50%.",12788.9424,78,,,,,0,percent of total billed charges,78% of Billed Charges. Lesser of 100% of billed charges applies.; No services were performed during the 15 month look back period.,2197.18,,,,,,,Case Rate,"100 Percent of Medicaid APG. ",2197.18,,,,,,,Case Rate,"100 Percent of Medicaid APG. ",12788.9424,78,,,,,0,percent of total billed charges,78% of Billed Charges. Lesser of 100% of billed charges applies.; No services were performed during the 15 month look back period.,23708,,,,,,,Case Rate,". MPL 100/50/25% maxmium of 3 procedures. All add ons apply, and lesser of 100% of billed charges",14949,,,,,,,Case Rate,". MPL 100/50/25% all add ons apply, and lesser of 100% of billed charges",14949,,,,,,,Case Rate,". MPL 100/50/25% all add ons apply, and lesser of 100% of billed charges",12788.9424,78,,,,,0,percent of total billed charges,78% of Billed Charges. Lesser of 100% of billed charges applies.; No services were performed during the 15 month look back period.,3805.98,,,,,,,Case Rate,"100% Medicare OPPS FS. ",21078.59,,,,,,,Case Rate,". MPL 100/50/25% all add ons apply, and lesser of 100% of billed charges",21078.59,,,,,,,Case Rate,". MPL 100/50/25% all add ons apply, and lesser of 100% of billed charges",21078.59,,,,,,,Case Rate,". MPL 100/50/25% all add ons apply, and lesser of 100% of billed charges",3805.98,,,,,,,Case Rate,"100% Medicare OPPS FS. ",21078.59,,,,,,,Case Rate,". MPL 100/50/25% all add ons apply, and lesser of 100% of billed charges",21078.59,,,,,,,Case Rate,". MPL 100/50/25% all add ons apply, and lesser of 100% of billed charges",3805.98,,,,,,,Case Rate,"100% of Medicare OPPS. ",25798,,,,,,,Case Rate,". MPL 100/75/50% all add ons apply, and lesser of 100% of billed charges",34407,,,,,,,Case Rate,. All Add ons apply except drugs and lesser of 100% of billed charges.,34407,,,,,,,Case Rate,. All Add ons apply except drugs and lesser of 100% of billed charges.,34407,,,,,,,Case Rate,. All Add ons apply except drugs and lesser of 100% of billed charges.,34407,,,,,,,Case Rate,. All Add ons apply except drugs and lesser of 100% of billed charges.,34407,,,,,,,Case Rate,. All Add ons apply except drugs and lesser of 100% of billed charges.,34407,,,,,,,Case Rate,. All Add ons apply except drugs and lesser of 100% of billed charges.,3805.98,,,,,,,Case Rate,"100% Medicare OPPS FS. ",3805.98,,,,,,,Case Rate,"100% Medicare OPPS FS. ",34407,,,,,,,Case Rate,. All Add ons apply except drugs and lesser of 100% of billed charges.,12788.9424,78,,,,,0,percent of total billed charges,78% of Billed Charges. Lesser of 100% of billed charges applies.; No services were performed during the 15 month look back period.,12788.9424,78,,,,,0,percent of total billed charges,78% of Billed Charges. Lesser of 100% of billed charges applies.; No services were performed during the 15 month look back period.,12788.9424,78,,,,,0,percent of total billed charges,78% of Billed Charges. Lesser of 100% of billed charges applies.; No services were performed during the 15 month look back period.,12788.9424,78,,,,,0,percent of total billed charges,78% of Billed Charges. Lesser of 100% of billed charges applies.; No services were performed during the 15 month look back period.,12788.9424,78,,,,,0,percent of total billed charges,78% of Billed Charges. Lesser of 100% of billed charges applies.; No services were performed during the 15 month look back period.,12788.9424,78,,,,,0,percent of total billed charges,78% of Billed Charges. Lesser of 100% of billed charges applies.; No services were performed during the 15 month look back period.,12788.9424,78,,,,,0,percent of total billed charges,78% of Billed Charges. Lesser of 100% of billed charges applies.; No services were performed during the 15 month look back period.,12788.9424,78,,,,,0,percent of total billed charges,78% of Billed Charges. Lesser of 100% of billed charges applies.; No services were performed during the 15 month look back period.,12788.9424,78,,,,,0,percent of total billed charges,78% of Billed Charges. Lesser of 100% of billed charges applies.; No services were performed during the 15 month look back period.,12788.9424,78,,,,,0,percent of total billed charges,78% of Billed Charges. Lesser of 100% of billed charges applies.; No services were performed during the 15 month look back period.,12788.9424,78,,,,,0,percent of total billed charges,78% of Billed Charges. Lesser of 100% of billed charges applies.; No services were performed during the 15 month look back period.,12788.9424,78,,,,,0,percent of total billed charges,78% of Billed Charges. Lesser of 100% of billed charges applies.; No services were performed during the 15 month look back period.,12788.9424,78,,,,,0,percent of total billed charges,78% of Billed Charges. Lesser of 100% of billed charges applies.; No services were performed during the 15 month look back period.,12788.9424,78,,,,,0,percent of total billed charges,78% of Billed Charges. Lesser of 100% of billed charges applies.; No services were performed during the 15 month look back period.,12788.9424,78,,,,,0,percent of total billed charges,78% of Billed Charges. Lesser of 100% of billed charges applies.; No services were performed during the 15 month look back period.,12788.9424,78,,,,,0,percent of total billed charges,78% of Billed Charges. Lesser of 100% of billed charges applies.; No services were performed during the 15 month look back period.,12788.9424,78,,,,,0,percent of total billed charges,78% of Billed Charges. Lesser of 100% of billed charges applies.; No services were performed during the 15 month look back period.,12788.9424,78,,,,,0,percent of total billed charges,78% of Billed Charges. Lesser of 100% of billed charges applies.; No services were performed during the 15 month look back period.,12788.9424,78,,,,,0,percent of total billed charges,78% of Billed Charges. Lesser of 100% of billed charges applies.; No services were performed during the 15 month look back period.,12788.9424,78,,,,,0,percent of total billed charges,78% of Billed Charges. Lesser of 100% of billed charges applies.; No services were performed during the 15 month look back period.,12788.9424,78,,,,,0,percent of total billed charges,78% of Billed Charges. Lesser of 100% of billed charges applies.; No services were performed during the 15 month look back period.,12788.9424,78,,,,,0,percent of total billed charges,78% of Billed Charges. Lesser of 100% of billed charges applies.; No services were performed during the 15 month look back period.,12788.9424,78,,,,,0,percent of total billed charges,78% of Billed Charges. Lesser of 100% of billed charges applies.; No services were performed during the 15 month look back period.,12788.9424,78,,,,,0,percent of total billed charges,78% of Billed Charges. Lesser of 100% of billed charges applies.; No services were performed during the 15 month look back period.,12788.9424,78,,,,,0,percent of total billed charges,78% of Billed Charges. Lesser of 100% of billed charges applies.; No services were performed during the 15 month look back period.,12788.9424,78,,,,,0,percent of total billed charges,78% of Billed Charges. Lesser of 100% of billed charges applies.; No services were performed during the 15 month look back period.,15598,,,,,,,Case Rate,". Primary procedure pays at 100%, all subsequent at 50%.",15598,,,,,,,Case Rate,". Primary procedure pays at 100%, all subsequent at 50%.",15598,,,,,,,Case Rate,". Primary procedure pays at 100%, all subsequent at 50%.",15598,,,,,,,Case Rate,". Primary procedure pays at 100%, all subsequent at 50%.",12574,,,,,,,Case Rate,". Primary procedure pays at 100%, all subsequent at 50%.",12574,,,,,,,Case Rate,". Primary procedure pays at 100%, all subsequent at 50%.",23708,,,,,,,Case Rate,". MPL 100/50/25% maxmium of 3 procedures. All add ons apply, and lesser of 100% of billed charges",34407,,,,,,,Case Rate,. All Add ons apply except drugs and lesser of 100% of billed charges.,21078.59,,,,,,,Case Rate,". MPL 100/50/25% all add ons apply, and lesser of 100% of billed charges",34407,,,,,,,Case Rate,. All Add ons apply except drugs and lesser of 100% of billed charges.,12788.9424,78,,,,,0,percent of total billed charges,78% of Billed Charges. Lesser of 100% of billed charges applies.; No services were performed during the 15 month look back period.,12574,,,,,,,Case Rate,". Primary procedure pays at 100%, all subsequent at 50%.",34407,,,,,,,Case Rate,. All Add ons apply except drugs and lesser of 100% of billed charges.,21078.59,,,,,,,Case Rate,". MPL 100/50/25% all add ons apply, and lesser of 100% of billed charges",23708,,,,,,,Case Rate,". MPL 100/50/25% maxmium of 3 procedures. All add ons apply, and lesser of 100% of billed charges",,,,,,,,,"NA. ",12788.9424,78,,,,,0,percent of total billed charges,78% of Billed Charges. Lesser of 100% of billed charges applies.; No services were performed during the 15 month look back period.,2197.18,,,,,,,Case Rate,"100 Percent of Medicaid APG. ",15598,,,,,,,Case Rate,". Primary procedure pays at 100%, all subsequent at 50%.",2197.18,,,,,,,Case Rate,"100 Percent of Medicaid APG. Not APG payable, or payable under another fee schedule like ASP/AWP pays at 30% of charges",3805.98,,,,,,,Case Rate,"100%Medicare OPPS FS. ",3805.98,,,,,,,Case Rate,"100% Medicare OPPS FS. ",25798,,,,,,,Case Rate,". MPL 100/75/50% all add ons apply, and lesser of 100% of billed charges",3805.98,,,,,,,Case Rate,"100% Medicare OPPS FS. ",3805.98,,,,,,,Case Rate,"100% Medicare OPPS FS. ",2197.18,,,,,,,Case Rate,"100 Percent of Medicaid APG. ",3805.98,,,,,,,Case Rate,"100% Medicare OPPS FS. ",3805.98,,,,,,,Case Rate,"100% Medicare OPPS FS. ",25223,,,,,,,Case Rate,". Primary procedure pays at 100%, secondary at 50%, all subsequent at 25%.  Lesser of applies when negotiated rates exceed charges less addons.",25223,,,,,,,Case Rate,". Primary procedure pays at 100%, secondary at 50%, all subsequent at 25%.  Lesser of applies when negotiated rates exceed charges less addons.",3805.98,,,,,,,Case Rate,"100% Medicare OPPS FS. ",23708,,,,,,,Case Rate,". MPL 100/50/25% maxmium of 3 procedures. All add ons apply, and lesser of 100% of billed charges",21078.59,,,,,,,Case Rate,". MPL 100/50/25% all add ons apply, and lesser of 100% of billed charges",21078.59,,,,,,,Case Rate,". MPL 100/50/25% all add ons apply, and lesser of 100% of billed charges",3805.98,,,,,,,Case Rate,"100% Medicare OPPS FS. ",23708,,,,,,,Case Rate,". MPL 100/50/25% maxmium of 3 procedures. All add ons apply, and lesser of 100% of billed charges",25223,,,,,,,Case Rate,". Primary procedure pays at 100%, secondary at 50%, all subsequent at 25%.  Lesser of applies when negotiated rates exceed charges less addons.",25223,,,,,,,Case Rate,". Primary procedure pays at 100%, secondary at 50%, all subsequent at 25%.  Lesser of applies when negotiated rates exceed charges less addons.",25223,,,,,,,Case Rate,". Primary procedure pays at 100%, secondary at 50%, all subsequent at 25%.  Lesser of applies when negotiated rates exceed charges less addons.",12788.9424,78,,,,,0,percent of total billed charges,78% of Billed Charges. Lesser of 100% of billed charges applies.; No services were performed during the 15 month look back period.,12788.9424,78,,,,,0,percent of total billed charges,78% of Billed Charges. Lesser of 100% of billed charges applies.; No services were performed during the 15 month look back period.,12788.9424,78,,,,,0,percent of total billed charges,78% of Billed Charges. Lesser of 100% of billed charges applies.; No services were performed during the 15 month look back period.,12788.9424,78,,,,,0,percent of total billed charges,78% of Billed Charges. Lesser of 100% of billed charges applies.; No services were performed during the 15 month look back period.,12788.9424,78,,,,,0,percent of total billed charges,78% of Billed Charges. Lesser of 100% of billed charges applies.; No services were performed during the 15 month look back period.,12788.9424,78,,,,,0,percent of total billed charges,78% of Billed Charges. Lesser of 100% of billed charges applies.; No services were performed during the 15 month look back period.,12788.9424,78,,,,,0,percent of total billed charges,78% of Billed Charges. Lesser of 100% of billed charges applies.; No services were performed during the 15 month look back period.,12788.9424,78,,,,,0,percent of total billed charges,78% of Billed Charges. Lesser of 100% of billed charges applies.; No services were performed during the 15 month look back period.,12788.9424,78,,,,,0,percent of total billed charges,78% of Billed Charges. Lesser of 100% of billed charges applies.; No services were performed during the 15 month look back period.,12788.9424,78,,,,,0,percent of total billed charges,78% of Billed Charges. Lesser of 100% of billed charges applies.; No services were performed during the 15 month look back period.,12788.9424,78,,,,,0,percent of total billed charges,78% of Billed Charges. Lesser of 100% of billed charges applies.; No services were performed during the 15 month look back period.,12574,,,,,,,Case Rate,". Primary procedure pays at 100%, all subsequent at 50%.",34407,,,,,,,Case Rate,. All Add ons apply except drugs and lesser of 100% of billed charges.,23708,,,,,,,Case Rate,". MPL 100/50/25% maxmium of 3 procedures. All add ons apply, and lesser of 100% of billed charges",3805.98,,,,,,,Case Rate,"100% Medicare OPPS FS. ",25223,,,,,,,Case Rate,". Primary procedure pays at 100%, secondary at 50%, all subsequent at 25%.  Lesser of applies when negotiated rates exceed charges less addons.",23708,,,,,,,Case Rate,". MPL 100/50/25% maxmium of 3 procedures. All add ons apply, and lesser of 100% of billed charges",23708,,,,,,,Case Rate,". MPL 100/50/25% maxmium of 3 procedures. All add ons apply, and lesser of 100% of billed charges",12788.9424,78,,,,,0,percent of total billed charges,78% of Billed Charges. Lesser of 100% of billed charges applies.; No services were performed during the 15 month look back period.,4701.97,,,,,,,Case Rate,"214 Percent of Medicaid APG. Drugs not priced under APG, billed with revenue code 636 and not priced by Medicare ASP FeeSched will be reimbursed at 20% of charges.",23708,,,,,,,Case Rate,". MPL 100/50/25% maxmium of 3 procedures. All add ons apply, and lesser of 100% of billed charges",2197.18,,,,,,,Case Rate,"100 Percent of Medicaid APG. ",3805.98,,,,,,,Case Rate,"100% Medicare OPPS FS. ",3805.98,,,,,,,Case Rate,"100% Medicare OPPS FS. ",3805.98,,,,,,,Case Rate,"100% Medicare OPPS FS. ",3805.98,,,,,,,Case Rate,"100% Medicare OPPS FS. ",3805.98,,,,,,,Case Rate,"100% Medicare OPPS FS. ",3805.98,,,,,,,Case Rate,"100% Medicare OPPS FS. ",23708,,,,,,,Case Rate,". MPL 100/50/25% maxmium of 3 procedures. All add ons apply, and lesser of 100% of billed charges",25798,,,,,,,Case Rate,". MPL 100/75/50% all add ons apply, and lesser of 100% of billed charges",163.9608,1,,,,,0,percent of total billed charges,NA. ; No services were performed during the 15 month look back period.,163.9608,1,,,,,0,percent of total billed charges,NA. ; No services were performed during the 15 month look back period.,163.9608,1,,,,,0,percent of total billed charges,NA. ; No services were performed during the 15 month look back period.,163.9608,1,,,,,0,percent of total billed charges,NA. ; No services were performed during the 15 month look back period.,163.9608,1,,,,,0,percent of total billed charges,NA. ; No services were performed during the 15 month look back period.,,,,,,,,,"NA. ",25798,,,,,,,Case Rate,". MPL 100/75/50% all add ons apply, and lesser of 100% of billed charges",7535.84,,,,,,,Case Rate,198 Percent of Medicare OPPS. Metroplus will reimburse unlisted codes and described codes with no Medicare rate at 50 percent of charges.,7535.84,,,,,,,Case Rate,198 Percent of Medicare OPPS. Metroplus will reimburse unlisted codes and described codes with no Medicare rate at 50 percent of charges.,7535.84,,,,,,,Case Rate,198 Percent of Medicare OPPS. Metroplus will reimburse unlisted codes and described codes with no Medicare rate at 50 percent of charges.,7535.84,,,,,,,Case Rate,198 Percent of Medicare OPPS. Metroplus will reimburse unlisted codes and described codes with no Medicare rate at 50 percent of charges.,7535.84,,,,,,,Case Rate,198 Percent of Medicare OPPS. Metroplus will reimburse unlisted codes and described codes with no Medicare rate at 50 percent of charges.,3805.98,,,,,,,Case Rate,"100% Medicare OPPS FS. ",12574,,,,,,,Case Rate,". Primary procedure pays at 100%, all subsequent at 50%.",12574,,,,,,,Case Rate,". Primary procedure pays at 100%, all subsequent at 50%.",12574,,,,,,,Case Rate,". Primary procedure pays at 100%, all subsequent at 50%.",12574,,,,,,,Case Rate,". Primary procedure pays at 100%, all subsequent at 50%.",25223,,,,,,,Case Rate,". Primary procedure pays at 100%, secondary at 50%, all subsequent at 25%.  Lesser of applies when negotiated rates exceed charges less addons.",25223,,,,,,,Case Rate,". Primary procedure pays at 100%, secondary at 50%, all subsequent at 25%.  Lesser of applies when negotiated rates exceed charges less addons.",25223,,,,,,,Case Rate,". Primary procedure pays at 100%, secondary at 50%, all subsequent at 25%.  Lesser of applies when negotiated rates exceed charges less addons.",25223,,,,,,,Case Rate,". Primary procedure pays at 100%, secondary at 50%, all subsequent at 25%.  Lesser of applies when negotiated rates exceed charges less addons.",25798,,,,,,,Case Rate,". MPL 100/75/50% all add ons apply, and lesser of 100% of billed charges",25798,,,,,,,Case Rate,". MPL 100/75/50% all add ons apply, and lesser of 100% of billed charges",3805.98,,,,,,,Case Rate,"100% Medicare OPPS FS. ",3805.98,,,,,,,Case Rate,"100% Medicare OPPS FS. ",3805.98,,,,,,,Case Rate,"100% Medicare OPPS FS. ",34407,,,,,,,Case Rate,. All Add ons apply except drugs and lesser of 100% of billed charges.,34407,,,,,,,Case Rate,. All Add ons apply except drugs and lesser of 100% of billed charges.,34407,,,,,,,Case Rate,. All Add ons apply except drugs and lesser of 100% of billed charges.,25798,,,,,,,Case Rate,". MPL 100/75/50% all add ons apply, and lesser of 100% of billed charges",25223,,,,,,,Case Rate,". Primary procedure pays at 100%, secondary at 50%, all subsequent at 25%.  Lesser of applies when negotiated rates exceed charges less addons.",3805.98,,,,,,,Case Rate,"100% Medicare OPPS FS. ",34407,,,,,,,Case Rate,. All Add ons apply except drugs and lesser of 100% of billed charges.,2197.18,,,,,,,Case Rate,"100 Percent of Medicaid APG. ",3882.1,,,,,,,Case Rate,"102% of Medicare OPPS. ",3882.1,,,,,,,Case Rate,"102% of Medicare OPPS. ",3882.1,,,,,,,Case Rate,"102% of Medicare OPPS. ",2197.18,,,,,,,Case rate,"100 Percent of Medicaid APG. ",4943.66,,,,,,,Fee Schedule,225% of NYS APG. Lesser of 100% of billed charges applies.,4943.66,,,,,,,Fee Schedule,225% of NYS APG. Lesser of 100% of billed charges applies.,4943.66,,,,,,,Fee Schedule,225% of NYS APG. Lesser of 100% of billed charges applies.,4943.66,,,,,,,Fee Schedule,225% of NYS APG. Lesser of 100% of billed charges applies.,4943.66,,,,,,,Fee Schedule,225% of NYS APG. Lesser of 100% of billed charges applies.,3882.1,,,,,,,Case Rate,"102% of Medicare OPPS. ",2197.18,,,,,,,Case Rate,"100 Percent of Medicaid APG. ",307.59,,,,,,,Fee Schedule,90 Percent of Medicare RBRVS. Lesser of 100% of billed charges applies.,4943.66,,,,,,,Fee Schedule,225% of NYS APG. Lesser of 100% of billed charges applies.,4943.66,,,,,,,Fee Schedule,225% of NYS APG. Lesser of 100% of billed charges applies.,307.59,,,,,,,Fee Schedule,90 Percent of Medicare RBRVS. Lesser of 100% of billed charges applies.,307.59,,,,,,,Fee Schedule,90 Percent of Medicare RBRVS. Lesser of 100% of billed charges applies.,163.9608,1,,,,,0,percent of total billed charges,NA. ; No services were performed during the 15 month look back period.,3805.98,,,,,,,Case Rate,"100% Medicare OPPS FS. ",3805.98,,,,,,,Case Rate,"100% Medicare OPPS FS. ",25223,,,,,,,Case Rate,". Primary procedure pays at 100%, secondary at 50%, all subsequent at 25%.  Lesser of applies when negotiated rates exceed charges less addons.",3805.98,,,,,,,Case Rate,"100% Medicare OPPS FS. ",4943.66,,,,,,,Case Rate,"225 Percent of Medicaid APG. ",4943.66,,,,,,,Case Rate,"225 Percent of Medicaid APG. ",2197.18,,,,,,,Case rate,"100 Percent of Medicaid APG. ",2197.18,,,,,,,Case rate,"100 Percent of Medicaid APG. ",4943.66,,,,,,,Case Rate,225 Percent of Medicaid APG. Covered services not payable under Medicaid Fee Schedules default to a payment of 87.5 percent of charges.,163.9608,1,,,,,0,percent of total billed charges,NA. Covered services not payable under Medicaid Fee Schedules default to a payment of 50 percent of charges.; No services were performed during the 15 month look back period.,4943.66,,,,,,,Case Rate,"100 Percent of Medicaid APG. ",4943.66,,,,,,,Case Rate,"100 Percent of Medicaid APG. ",4943.66,,,,,,,Case Rate,"100 Percent of Medicaid APG. ",4943.66,,,,,,,Case Rate,"100 Percent of Medicaid APG. ",13453,,,,,,,Case Rate,". MPL 100/75/50% all add ons apply, and lesser of 100% of billed charges",25798,,,,,,,Case Rate,". MPL 100/75/50% all add ons apply, and lesser of 100% of billed charges",2636.62,,,,,,,Case Rate,"120 Percent of Medicaid APG. Not APG payable, or payable under another fee schedule like ASP/AWP pays at 30% of charges",2636.62,,,,,,,Case Rate,"120 Percent of Medicaid APG. Not APG payable, or payable under another fee schedule like ASP/AWP pays at 30% of charges",2197.18,,,,,,,Case Rate,"100 Percent of Medicaid APG. Not APG payable, or payable under another fee schedule like ASP/AWP pays at 30% of charges",2197.18,,,,,,,Case Rate,"100 Percent of Medicaid APG. Not APG payable, or payable under another fee schedule like ASP/AWP pays at 30% of charges",34407,,,,,,,Case Rate,. All Add ons apply except drugs and lesser of 100% of billed charges.,34407,,,,,,,Case Rate,. All Add ons apply except drugs and lesser of 100% of billed charges.,3805.98,,,,,,,Case Rate,"100% Medicare OPPS FS. ",34407,,,,,,,Case Rate,. All Add ons apply except drugs and lesser of 100% of billed charges.,34407,,,,,,,Case Rate,. All Add ons apply except drugs and lesser of 100% of billed charges.,34407,,,,,,,Case Rate,. All Add ons apply except drugs and lesser of 100% of billed charges.,34407,,,,,,,Case Rate,. All Add ons apply except drugs and lesser of 100% of billed charges.,3805.98,,,,,,,Case Rate,"100% Medicare OPPS FS. ",34407,,,,,,,Case Rate,. All Add ons apply except drugs and lesser of 100% of billed charges.,34407,,,,,,,Case Rate,. All Add ons apply except drugs and lesser of 100% of billed charges.,25223,,,,,,,Case Rate,". Primary procedure pays at 100%, secondary at 50%, all subsequent at 25%.  Lesser of applies when negotiated rates exceed charges less addons.",2197.18,,,,,,,Fee Schedule,100% APG. Lesser of 100% of billed charges applies.,163.9608,1,,,,,0,percent of total billed charges,NA. Covered services not payable under Medicaid Fee Schedules default to a payment of 50 percent of charges.; No services were performed during the 15 month look back period.,4943.66,,,,,,,Fee Schedule,225% of NYS APG. Lesser of 100% of billed charges applies.,4943.66,,,,,,,Case Rate,225 Percent of Medicaid APG. Covered services not payable under Medicaid Fee Schedules default to a payment of 87.5 percent of charges.,163.9608,1,,,,,0,percent of total billed charges,NA. Covered services not payable under Medicaid Fee Schedules default to a payment of 50 percent of charges.; No services were performed during the 15 month look back period.,4943.66,,,,,,,Fee Schedule,225% of NYS APG. Lesser of 100% of billed charges applies.,4943.66,,,,,,,Fee Schedule,225% of NYS APG. Lesser of 100% of billed charges applies.,4943.66,,,,,,,Fee Schedule,225% of NYS APG. Lesser of 100% of billed charges applies.,4943.66,,,,,,,Fee Schedule,225% of NYS APG. Lesser of 100% of billed charges applies.,4943.66,,,,,,,Fee Schedule,225% of NYS APG. Lesser of 100% of billed charges applies.,4943.66,,,,,,,Fee Schedule,225% of NYS APG. Lesser of 100% of billed charges applies.,,,,,,,,,"NA. ",,,,,,,,,"NA. ",,,,,,,,,"NA. ",23708,,,,,,,Case Rate,". MPL 100/50/25% maxmium of 3 procedures. All add ons apply, and lesser of 100% of billed charges",,,,,,,,,"NA. ",3805.98,,,,,,,Case Rate,"100% Medicare OPPS FS. ",19469,,,,,,,Case Rate,". All add ons apply, and lesser of 100% of billed charges",3805.98,,,,,,,Case Rate,"100% Medicare OPPS FS. ",3805.98,,,,,,,Case Rate,"100% Medicare OPPS FS. ",2636.62,,,,,,,Case Rate,"120 Percent of Medicaid APG. Not APG payable, or payable under another fee schedule like ASP/AWP pays at 30% of charges",2636.62,,,,,,,Case Rate,"120 Percent of Medicaid APG. Not APG payable, or payable under another fee schedule like ASP/AWP pays at 30% of charges",2197.18,,,,,,,Case Rate,"100 Percent of Medicaid APG. Not APG payable, or payable under another fee schedule like ASP/AWP pays at 30% of charges",2197.18,,,,,,,Case Rate,"100 Percent of Medicaid APG. Not APG payable, or payable under another fee schedule like ASP/AWP pays at 30% of charges",2197.18,,,,,,,Case Rate,"100 Percent of Medicaid APG. ",7163,,,,,,,Case Rate,". ",25223,,,,,,,Case Rate,". Primary procedure pays at 100%, secondary at 50%, all subsequent at 25%.  Lesser of applies when negotiated rates exceed charges less addons.",15598,,,,,,,Case Rate,". Primary procedure pays at 100%, all subsequent at 50%.",23708,,,,,,,Case Rate,". MPL 100/50/25% maxmium of 3 procedures. All add ons apply, and lesser of 100% of billed charges",3805.98,,,,,,,Case Rate,"100%Medicare OPPS FS. ",3805.98,,,,,,,Case Rate,"100% Medicare OPPS FS. ",3805.98,,,,,,,Case Rate,"100% Medicare OPPS FS. ",3805.98,,,,,,,Case Rate,"100% Medicare OPPS FS. ",3805.98,,,,,,,Case Rate,"100%Medicare OPPS FS. ",3805.98,,,,,,,Case Rate,"100% Medicare OPPS FS. ",,,,,,,,,"NA. ",4943.66,,,,,,,Fee Schedule,225% of NYS APG. Lesser of 100% of billed charges applies.,307.59,,,,,,,Fee Schedule,90 Percent of Medicare RBRVS. Lesser of 100% of billed charges applies.,34407,,,,,,,Case Rate,. All Add ons apply except drugs and lesser of 100% of billed charges.,7163,,,,,,,Case Rate,". ",7163,,,,,,,Case Rate,". ",7163,,,,,,,Case Rate,". ",7163,,,,,,,Case Rate,". ",3805.98,,,,,,,Case Rate,"100% Medicare OPPS FS. ",2197.18,,,,,,,Case Rate,"100 Percent of Medicaid APG. ",34407,,,,,,,Case Rate,. All Add ons apply except drugs and lesser of 100% of billed charges.,2197.18,,,,,,,Case Rate,"100 Percent of Medicaid APG. ",3805.98,,,,,,,Case Rate,"100% Medicare OPPS FS. ",2197.18,,,,,,,Case Rate,"100 Percent of Medicaid APG. ",3805.98,,,,,,,Case Rate,"100% Medicare OPPS FS. ",3805.98,,,,,,,Case Rate,"100% Medicare OPPS FS. ",2197.18,,,,,,,Case Rate,"100 Percent of Medicaid APG. ",2197.18,,,,,,,Case Rate,"100 Percent of Medicaid APG. ",7163,,,,,,,Case Rate,". ",23708,,,,,,,Case Rate,". MPL 100/50/25% maxmium of 3 procedures. All add ons apply, and lesser of 100% of billed charges",12788.9424,78,,,,,0,percent of total billed charges,78% of Billed Charges. Lesser of 100% of billed charges applies.; No services were performed during the 15 month look back period.,21078.59,,,,,,,Case Rate,". MPL 100/50/25% all add ons apply, and lesser of 100% of billed charges",21078.59,,,,,,,Case Rate,". MPL 100/50/25% all add ons apply, and lesser of 100% of billed charges",25223,,,,,,,Case Rate,". Primary procedure pays at 100%, secondary at 50%, all subsequent at 25%.  Lesser of applies when negotiated rates exceed charges less addons.",3729.86,,,,,,,Case Rate,"98% of RBRVS. ",12574,,,,,,,Case Rate,". Primary procedure pays at 100%, all subsequent at 50%.",12574,,,,,,,Case Rate,". Primary procedure pays at 100%, all subsequent at 50%.",27526,,,,,,,Case Rate,. All Add ons apply except drugs and lesser of 100% of billed charges.,27526,,,,,,,Case Rate,. All Add ons apply except drugs and lesser of 100% of billed charges.,3805.98,,,,,,,Case Rate,"100% Medicare OPPS FS. ",3805.98,,,,,,,Case Rate,"100% Medicare OPPS FS. ",3805.98,,,,,,,Case Rate,"100% Medicare OPPS FS. ",3805.98,,,,,,,Case Rate,"100% Medicare OPPS FS. ",21078.59,,,,,,,Case Rate,". MPL 100/50/25% all add ons apply, and lesser of 100% of billed charges",34407,,,,,,,Case Rate,. All Add ons apply except drugs and lesser of 100% of billed charges.,34407,,,,,,,Case Rate,. All Add ons apply except drugs and lesser of 100% of billed charges.,3805.98,,,,,,,Case Rate,"100% Medicare OPPS FS. ",27526,,,,,,,Case Rate,. All Add ons apply except drugs and lesser of 100% of billed charges.,15598,,,,,,,Case Rate,". Primary procedure pays at 100%, all subsequent at 50%.",2636.62,,,,,,,Fee Schedule,"120 Percent of Medicaid APG. ",2197.18,,,,,,,Case Rate,"100 Percent of Medicaid APG. ",7163,,,,,,,Case Rate,". ",30966,,,,,,,Case Rate,. All Add ons apply except drugs and lesser of 100% of billed charges.,30966,,,,,,,Case Rate,. All Add ons apply except drugs and lesser of 100% of billed charges.,34407,,,,,,,Case Rate,. All Add ons apply except drugs and lesser of 100% of billed charges.,14948,,,,,,,Case Rate,". MPL 100/75/50% all add ons apply, and lesser of 100% of billed charges",3805.98,,,,,,,Case Rate,"100%Medicare OPPS FS. ",2307.04,,,,,,,Fee Schedule,105 percent of Medicaid APG. otherwise 105% of Ordered NYS MCD FS or 105% of ASP+6%,2307.04,,,,,,,Fee Schedule,105 percent of Medicaid APG. otherwise 105% of Ordered NYS MCD FS or 105% of ASP+6%,2307.04,,,,,,,Fee Schedule,105 percent of Medicaid APG. otherwise 105% of Ordered NYS MCD FS or 105% of ASP+6%,2966.19,,,,,,,Fee Schedule,135 percent of Medicaid APG. otherwise 135% of Ordered NYS MCD FS or 135% of ASP+6%,21078.59,,,,,,,Case Rate,". MPL 100/50/25% all add ons apply, and lesser of 100% of billed charges",2307.04,,,,,,,Fee Schedule,105 percent of Medicaid APG. otherwise 105% of Ordered NYS MCD FS or 105% of ASP+6%,2307.04,,,,,,,Fee Schedule,105 percent of Medicaid APG. otherwise 105% of Ordered NYS MCD FS or 105% of ASP+6%,2307.04,,,,,,,Fee Schedule,105 percent of Medicaid APG. otherwise 105% of Ordered NYS MCD FS or 105% of ASP+6%,2307.04,,,,,,,Fee Schedule,105 percent of Medicaid APG. otherwise 105% of Ordered NYS MCD FS or 105% of ASP+6%,2307.04,,,,,,,Fee Schedule,105 percent of Medicaid APG. otherwise 105% of Ordered NYS MCD FS or 105% of ASP+6%,2966.19,,,,,,,Fee Schedule,135 percent of Medicaid APG. otherwise 135% of Ordered NYS MCD FS or 135% of ASP+6%,2966.19,,,,,,,Fee Schedule,135 percent of Medicaid APG. otherwise 135% of Ordered NYS MCD FS or 135% of ASP+6%,3805.98,,,,,,,Case Rate,"100% Medicare OPPS FS. ",21078.59,,,,,,,Case Rate,". MPL 100/50/25% all add ons apply, and lesser of 100% of billed charges",3805.98,,,,,,,Case Rate,"100% Medicare OPPS FS. ",2307.04,,,,,,,Fee Schedule,105 percent of Medicaid APG. otherwise 105% of Ordered NYS MCD FS or 105% of ASP+6%,34407,,,,,,,Case Rate,. All Add ons apply except drugs and lesser of 100% of billed charges.,3805.98,,,,,,,Case Rate,"100% Medicare OPPS FS. ",34407,,,,,,,Case Rate,. All Add ons apply except drugs and lesser of 100% of billed charges.,34407,,,,,,,Case Rate,. All Add ons apply except drugs and lesser of 100% of billed charges.,34407,,,,,,,Case Rate,. All Add ons apply except drugs and lesser of 100% of billed charges.,2307.04,,,,,,,Fee Schedule,105 percent of Medicaid APG. otherwise 105% of Ordered NYS MCD FS or 105% of ASP+6%,3805.98,,,,,,,Case Rate,"100% Medicare OPPS FS. ",34407,,,,,,,Case Rate,. All Add ons apply except drugs and lesser of 100% of billed charges.,2966.19,,,,,,,Fee Schedule,135 percent of Medicaid APG. otherwise 135% of Ordered NYS MCD FS or 135% of ASP+6%,34407,,,,,,,Case Rate,. All Add ons apply except drugs and lesser of 100% of billed charges.,7611.96,,,,,,,Case Rate,"150% of Medicare OPPS. ",3805.98,,,,,,,Case Rate,"100%Medicare OPPS FS. ",7163,,,,,,,Case Rate,". ",7163,,,,,,,Case Rate,". ",7163,,,,,,,Case Rate,". ",7163,,,,,,,Case Rate,". ",7163,,,,,,,Case Rate,". ",15598,,,,,,,Case Rate,". Primary procedure pays at 100%, all subsequent at 50%.",15598,,,,,,,Case Rate,". Primary procedure pays at 100%, all subsequent at 50%.",7163,,,,,,,Case Rate,". ",7163,,,,,,,Case Rate,". ",7163,,,,,,,Case Rate,". ",7163,,,,,,,Case Rate,". ",7163,,,,,,,Case Rate,". ",3805.98,,,,,,,Case Rate,"100% Medicare OPPS FS. ",15598,,,,,,,Case Rate,". Primary procedure pays at 100%, all subsequent at 50%.",3805.98,,,,,,,Case Rate,"100% Medicare OPPS FS. ",4943.66,,,,,,,Case Rate,"225 Percent of Medicaid APG. If not included in Medicaid APG, then 100 Percent of Manhattan Medicare",2197.18,,,,,,,Case Rate,"100 Percent of Medicaid APG. ",21078.59,,,,,,,Case Rate,". MPL 100/50/25% all add ons apply, and lesser of 100% of billed charges",21078.59,,,,,,,Case Rate,". MPL 100/50/25% all add ons apply, and lesser of 100% of billed charges",3805.98,,,,,,,Case Rate,"100% Medicare OPPS FS. ",12574,,,,,,,Case Rate,". Primary procedure pays at 100%, all subsequent at 50%.",3805.98,,,,,,,Case Rate,"100% Medicare OPPS FS. ",3805.98,,,,,,,Case Rate,"100% Medicare OPPS FS. ",25223,,,,,,,Case Rate,". Primary procedure pays at 100%, secondary at 50%, all subsequent at 25%.  Lesser of applies when negotiated rates exceed charges less addons.",3805.98,,,,,,,Case Rate,"100% Medicare OPPS FS. ",23708,,,,,,,Case Rate,". MPL 100/50/25% maxmium of 3 procedures. All add ons apply, and lesser of 100% of billed charges",3805.98,,,,,,,Case Rate,"100% Medicare OPPS FS. ",23708,,,,,,,Case Rate,". MPL 100/50/25% maxmium of 3 procedures. All add ons apply, and lesser of 100% of billed charges",25223,,,,,,,Case Rate,". Primary procedure pays at 100%, secondary at 50%, all subsequent at 25%.  Lesser of applies when negotiated rates exceed charges less addons.",23708,,,,,,,Case Rate,". MPL 100/50/25% maxmium of 3 procedures. All add ons apply, and lesser of 100% of billed charges",3805.98,,,,,,,Case Rate,"100% Medicare OPPS FS. ",2197.18,,,,,,,Case Rate,"100 Percent of Medicaid APG. ",3805.98,,,,,,,Case Rate,"100% Medicare OPPS FS. ",23708,,,,,,,Case Rate,". MPL 100/50/25% maxmium of 3 procedures. All add ons apply, and lesser of 100% of billed charges",21078.59,,,,,,,Case Rate,". MPL 100/50/25% all add ons apply, and lesser of 100% of billed charges",2197.18,,,,,,,Case Rate,"100 Percent of Medicaid APG. ",34407,,,,,,,Case Rate,. All Add ons apply except drugs and lesser of 100% of billed charges.,2636.62,,,,,,,Fee Schedule,"120 Percent of Medicaid APG. ",2636.62,,,,,,,Fee Schedule,"120 Percent of Medicaid APG. ",34407,,,,,,,Case Rate,. All Add ons apply except drugs and lesser of 100% of billed charges.,34407,,,,,,,Case Rate,. All Add ons apply except drugs and lesser of 100% of billed charges.,34407,,,,,,,Case Rate,. All Add ons apply except drugs and lesser of 100% of billed charges.,21078.59,,,,,,,Case Rate,". MPL 100/50/25% all add ons apply, and lesser of 100% of billed charges",34407,,,,,,,Case Rate,. All Add ons apply except drugs and lesser of 100% of billed charges.,34407,,,,,,,Case Rate,. All Add ons apply except drugs and lesser of 100% of billed charges.,34407,,,,,,,Case Rate,. All Add ons apply except drugs and lesser of 100% of billed charges.,7163,,,,,,,Case Rate,". ",7163,,,,,,,Case Rate,". ",7535.84,,,,,,,Case Rate,198 Percent of Medicare OPPS. Metroplus will reimburse unlisted codes and described codes with no Medicare rate at 50 percent of charges.,2197.18,,,,,,,Case Rate,"100 Percent of Medicaid APG. ",21078.59,,,,,,,Case Rate,". MPL 100/50/25% all add ons apply, and lesser of 100% of billed charges",23708,,,,,,,Case Rate,". MPL 100/50/25% maxmium of 3 procedures. All add ons apply, and lesser of 100% of billed charges",25223,,,,,,,Case Rate,". Primary procedure pays at 100%, secondary at 50%, all subsequent at 25%.  Lesser of applies when negotiated rates exceed charges less addons.",21078.59,,,,,,,Case Rate,". MPL 100/50/25% all add ons apply, and lesser of 100% of billed charges",25223,,,,,,,Case Rate,". Primary procedure pays at 100%, secondary at 50%, all subsequent at 25%.  Lesser of applies when negotiated rates exceed charges less addons.",21078.59,,,,,,,Case Rate,". MPL 100/50/25% all add ons apply, and lesser of 100% of billed charges",34407,,,,,,,Case Rate,. All Add ons apply except drugs and lesser of 100% of billed charges.,34407,,,,,,,Case Rate,. All Add ons apply except drugs and lesser of 100% of billed charges.,34407,,,,,,,Case Rate,. All Add ons apply except drugs and lesser of 100% of billed charges.,34407,,,,,,,Case Rate,. All Add ons apply except drugs and lesser of 100% of billed charges.,3805.98,,,,,,,Case Rate,"100% Medicare OPPS FS. ",163.9608,34407,
93971,CPT,2022120,LOCAL,921,RC,HC DUP-SCAN XTR VEINS UNI/LMTD STD,1616.76,307.1844,both,,,,140,,,,,,,Fee Schedule,"100 % 1199 Fee Schedule. ",140,,,,,,,Fee Schedule,"100 % 1199 Fee Schedule. ",344.6,,,,,,,Fee Schedule,"311.996378451788 % Medicare Physician FS TC Rates Only. ",1616.76,100,,125.84,125.84,125.84,1 through 10,percent of total billed charges,"100 percent of billed charges. ",125.83,,,,,,,Case Rate,"100% Medicare OPPS FS. ",344.6,,,,,,,Fee Schedule,"311.996378451788 % Medicare Physician FS TC Rates Only. ",344.6,,,,,,,Fee Schedule,"311.996378451788 % Medicare Physician FS TC Rates Only. ",344.6,,,,,,,Fee Schedule,"311.996378451788 % Medicare Physician FS TC Rates Only. ",287.25,,,,,,,Case Rate,"100 Percent of Medicaid APG. ",239.37,,,,,,,Case Rate,"100 Percent of Medicaid APG. ",1261.0728,78,,,,,0,percent of total billed charges,78% of Billed Charges. Lesser of 100% of billed charges applies.; No services were performed during the 15 month look back period.,944.65,,,,,,,Fee Schedule,". ",239.37,,,,,,,Case Rate,"100 Percent of Medicaid APG. ",125.83,,,,,,,Case Rate,"100% Medicare OPPS FS. ",535.95,,,,,,,Fee Schedule,"450 % 2018 Cigna RBRVS fee schedule. ",535.95,,,,,,,Fee Schedule,"450 % 2018 Cigna RBRVS fee schedule. ",535.95,,,,,,,Fee Schedule,"450 % 2018 Cigna RBRVS fee schedule. ",535.95,,,,,,,Fee Schedule,"450 % 2018 Cigna RBRVS fee schedule. ",102.42,,,,,,,Fee schedule,90 Percent of Medicare RBRVS. Covered services not payable under Medicaid Fee Schedules default to a payment of 50 percent of charges.,125.83,,,,,,,Case Rate,"100% Medicare OPPS FS. ",102.42,,,,,,,Fee schedule,90 Percent of Medicare RBRVS. Covered services not payable under Medicaid Fee Schedules default to a payment of 50 percent of charges.,1261.0728,78,,,,,0,percent of total billed charges,78% of Billed Charges. Lesser of 100% of billed charges applies.; No services were performed during the 15 month look back period.,344.6,,,,,,,Fee Schedule,"311.996378451788 % Medicare Physician FS TC Rates Only. ",125.83,,,,,,,Case Rate,"100%Medicare OPPS FS. ",1180.2348,73,,1616.76,1616.76,1616.76,1 through 10,percent of total billed charges,73 percent of billed charges,125.83,,,,,,,Case Rate,"100%Medicare OPPS FS. ",125.83,,,,,,,Case Rate,"100%Medicare OPPS FS. ",1261.0728,78,,,,,0,percent of total billed charges,78% of Billed Charges. Lesser of 100% of billed charges applies.; No services were performed during the 15 month look back period.,102.42,,,,,,,Fee Schedule,90 Percent of Medicare RBRVS. Lesser of 100% of billed charges applies.,102.42,,,,,,,Fee Schedule,90 Percent of Medicare RBRVS. Lesser of 100% of billed charges applies.,102.42,,,,,,,Fee schedule,"90 Percent of Medicare RBRVS. ",102.42,,,,,,,Fee schedule,"90 Percent of Medicare RBRVS. ",1180.2348,73,,1616.76,1616.76,1616.76,1 through 10,percent of total billed charges,73 percent of billed charges,1180.2348,73,,1616.76,1616.76,1616.76,1 through 10,percent of total billed charges,73 percent of billed charges,239.37,,,,,,,Case Rate,"100 Percent of Medicaid APG. Not APG payable, or payable under another fee schedule like ASP/AWP pays at 30% of charges",1180.2348,73,,1616.76,1138.2,1616.76,59,percent of total billed charges,73 percent of billed charges,239.37,,,,,,,Case Rate,"100 Percent of Medicaid APG. Not APG payable, or payable under another fee schedule like ASP/AWP pays at 30% of charges",125.83,,,,,,,Case Rate,"100%Medicare OPPS FS. ",1180.2348,73,,,,,0,percent of total billed charges,73 percent of billed charges; No services were performed during the 15 month look back period.,1261.0728,78,,25.17,25.17,25.17,1 through 10,percent of total billed charges,78% of Billed Charges. Lesser of 100% of billed charges applies.,239.37,,,,,,,Case Rate,"100 Percent of Medicaid APG. ",239.37,,,,,,,Case Rate,"100 Percent of Medicaid APG. ",1261.0728,78,,,,,0,percent of total billed charges,78% of Billed Charges. Lesser of 100% of billed charges applies.; No services were performed during the 15 month look back period.,535.95,,,,,,,Fee Schedule,"450 % 2018 Cigna RBRVS fee schedule. ",960.93,,,,,,,Fee Schedule,". ",960.93,,,,,,,Fee Schedule,". ",1261.0728,78,,,,,0,percent of total billed charges,78% of Billed Charges. Lesser of 100% of billed charges applies.; No services were performed during the 15 month look back period.,125.83,,,,,,,Case Rate,"100% Medicare OPPS FS. ",944.65,,,,,,,Fee Schedule,". ",944.65,,,,,,,Fee Schedule,". ",944.65,,,,,,,Fee Schedule,". ",125.83,,,,,,,Case Rate,"100% Medicare OPPS FS. ",944.65,,,,,,,Fee Schedule,". ",944.65,,,,,,,Fee Schedule,". ",125.83,,,,,,,Case Rate,"100% of Medicare OPPS. ",808.38,50,,,,,0,percent of total billed charges,50 percent of billed charges; No services were performed during the 15 month look back period.,839.44,,,,,,,Fee Schedule,"758.1 % 2013 Manhattan Medicare. ",839.44,,,,,,,Fee Schedule,"758.1 % 2013 Manhattan Medicare. ",839.44,,,,,,,Fee Schedule,"758.1 % 2013 Manhattan Medicare. ",839.44,,,,,,,Fee Schedule,"758.1 % 2013 Manhattan Medicare. ",839.44,,,,,,,Fee Schedule,"758.1 % 2013 Manhattan Medicare. ",839.44,,,,,,,Fee Schedule,"758.1 % 2013 Manhattan Medicare. ",125.83,,,,,,,Case Rate,"100% Medicare OPPS FS. ",125.83,,,,,,,Case Rate,"100% Medicare OPPS FS. ",839.44,,,,,,,Fee Schedule,"758.1 % 2013 Manhattan Medicare. ",1261.0728,78,,,,,0,percent of total billed charges,78% of Billed Charges. Lesser of 100% of billed charges applies.; No services were performed during the 15 month look back period.,1261.0728,78,,,,,0,percent of total billed charges,78% of Billed Charges. Lesser of 100% of billed charges applies.; No services were performed during the 15 month look back period.,1261.0728,78,,,,,0,percent of total billed charges,78% of Billed Charges. Lesser of 100% of billed charges applies.; No services were performed during the 15 month look back period.,1261.0728,78,,,,,0,percent of total billed charges,78% of Billed Charges. Lesser of 100% of billed charges applies.; No services were performed during the 15 month look back period.,1261.0728,78,,,,,0,percent of total billed charges,78% of Billed Charges. Lesser of 100% of billed charges applies.; No services were performed during the 15 month look back period.,1261.0728,78,,,,,0,percent of total billed charges,78% of Billed Charges. Lesser of 100% of billed charges applies.; No services were performed during the 15 month look back period.,1261.0728,78,,,,,0,percent of total billed charges,78% of Billed Charges. Lesser of 100% of billed charges applies.; No services were performed during the 15 month look back period.,1261.0728,78,,,,,0,percent of total billed charges,78% of Billed Charges. Lesser of 100% of billed charges applies.; No services were performed during the 15 month look back period.,1261.0728,78,,,,,0,percent of total billed charges,78% of Billed Charges. Lesser of 100% of billed charges applies.; No services were performed during the 15 month look back period.,1261.0728,78,,,,,0,percent of total billed charges,78% of Billed Charges. Lesser of 100% of billed charges applies.; No services were performed during the 15 month look back period.,1261.0728,78,,,,,0,percent of total billed charges,78% of Billed Charges. Lesser of 100% of billed charges applies.; No services were performed during the 15 month look back period.,1261.0728,78,,,,,0,percent of total billed charges,78% of Billed Charges. Lesser of 100% of billed charges applies.; No services were performed during the 15 month look back period.,1261.0728,78,,,,,0,percent of total billed charges,78% of Billed Charges. Lesser of 100% of billed charges applies.; No services were performed during the 15 month look back period.,1261.0728,78,,,,,0,percent of total billed charges,78% of Billed Charges. Lesser of 100% of billed charges applies.; No services were performed during the 15 month look back period.,1261.0728,78,,,,,0,percent of total billed charges,78% of Billed Charges. Lesser of 100% of billed charges applies.; No services were performed during the 15 month look back period.,1261.0728,78,,812.06,812.06,812.06,1 through 10,percent of total billed charges,78% of Billed Charges. Lesser of 100% of billed charges applies.,1261.0728,78,,,,,0,percent of total billed charges,78% of Billed Charges. Lesser of 100% of billed charges applies.; No services were performed during the 15 month look back period.,1261.0728,78,,,,,0,percent of total billed charges,78% of Billed Charges. Lesser of 100% of billed charges applies.; No services were performed during the 15 month look back period.,1261.0728,78,,,,,0,percent of total billed charges,78% of Billed Charges. Lesser of 100% of billed charges applies.; No services were performed during the 15 month look back period.,1261.0728,78,,,,,0,percent of total billed charges,78% of Billed Charges. Lesser of 100% of billed charges applies.; No services were performed during the 15 month look back period.,1261.0728,78,,,,,0,percent of total billed charges,78% of Billed Charges. Lesser of 100% of billed charges applies.; No services were performed during the 15 month look back period.,1261.0728,78,,,,,0,percent of total billed charges,78% of Billed Charges. Lesser of 100% of billed charges applies.; No services were performed during the 15 month look back period.,1261.0728,78,,,,,0,percent of total billed charges,78% of Billed Charges. Lesser of 100% of billed charges applies.; No services were performed during the 15 month look back period.,1261.0728,78,,,,,0,percent of total billed charges,78% of Billed Charges. Lesser of 100% of billed charges applies.; No services were performed during the 15 month look back period.,1261.0728,78,,,,,0,percent of total billed charges,78% of Billed Charges. Lesser of 100% of billed charges applies.; No services were performed during the 15 month look back period.,1261.0728,78,,,,,0,percent of total billed charges,78% of Billed Charges. Lesser of 100% of billed charges applies.; No services were performed during the 15 month look back period.,1180.2348,73,,,,,0,percent of total billed charges,73 percent of billed charges; No services were performed during the 15 month look back period.,1180.2348,73,,1616.76,1616.76,1616.76,1 through 10,percent of total billed charges,73 percent of billed charges,1180.2348,73,,,,,0,percent of total billed charges,73 percent of billed charges; No services were performed during the 15 month look back period.,1180.2348,73,,,,,0,percent of total billed charges,73 percent of billed charges; No services were performed during the 15 month look back period.,459.47,,,,,,,Fee Schedule,"416 % Medicare RBRVS. ",459.47,,,,,,,Fee Schedule,"416 % Medicare RBRVS. ",535.95,,,,,,,Fee Schedule,"450 % 2018 Cigna RBRVS fee schedule. ",839.44,,,,,,,Fee Schedule,"758.1 % 2013 Manhattan Medicare. ",944.65,,,,,,,Fee Schedule,". ",839.44,,,,,,,Fee Schedule,"758.1 % 2013 Manhattan Medicare. ",1261.0728,78,,,,,0,percent of total billed charges,78% of Billed Charges. Lesser of 100% of billed charges applies.; No services were performed during the 15 month look back period.,459.47,,,,,,,Fee Schedule,"416 % Medicare RBRVS. ",839.44,,,,,,,Fee Schedule,"758.1 % 2013 Manhattan Medicare. ",944.65,,,,,,,Fee Schedule,". ",535.95,,,,,,,Fee Schedule,"450 % 2018 Cigna RBRVS fee schedule. ",,,,,,,,,"NA. ",1261.0728,78,,,,,0,percent of total billed charges,78% of Billed Charges. Lesser of 100% of billed charges applies.; No services were performed during the 15 month look back period.,239.37,,,,,,,Case Rate,"100 Percent of Medicaid APG. ",1180.2348,73,,1616.76,1180.23,1616.76,16,percent of total billed charges,73 percent of billed charges,239.37,,,,,,,Case Rate,"100 Percent of Medicaid APG. Not APG payable, or payable under another fee schedule like ASP/AWP pays at 30% of charges",125.83,,,,,,,Case Rate,"100%Medicare OPPS FS. ",125.83,,,,,,,Case Rate,"100% Medicare OPPS FS. ",808.38,50,,,,,0,percent of total billed charges,50 percent of billed charges; No services were performed during the 15 month look back period.,125.83,,,,,,,Case Rate,"100% Medicare OPPS FS. ",125.83,,,,,,,Case Rate,"100% Medicare OPPS FS. ",239.37,,,,,,,Case Rate,"100 Percent of Medicaid APG. ",125.83,,,,,,,Case Rate,"100% Medicare OPPS FS. ",125.83,,,,,,,Case Rate,"100% Medicare OPPS FS. ",344.6,,,,,,,Fee Schedule,"311.996378451788 % Medicare Physician FS TC Rates Only. ",344.6,,,,,,,Fee Schedule,"311.996378451788 % Medicare Physician FS TC Rates Only. ",125.83,,,,,,,Case Rate,"100% Medicare OPPS FS. ",535.95,,,,,,,Fee Schedule,"450 % 2018 Cigna RBRVS fee schedule. ",944.65,,,,,,,Fee Schedule,". ",944.65,,,,,,,Fee Schedule,". ",125.83,,,,,,,Case Rate,"100% Medicare OPPS FS. ",535.95,,,,,,,Fee Schedule,"450 % 2018 Cigna RBRVS fee schedule. ",344.6,,,,,,,Fee Schedule,"311.996378451788 % Medicare Physician FS TC Rates Only. ",344.6,,,,,,,Fee Schedule,"311.996378451788 % Medicare Physician FS TC Rates Only. ",344.6,,,,,,,Fee Schedule,"311.996378451788 % Medicare Physician FS TC Rates Only. ",1261.0728,78,,,,,0,percent of total billed charges,78% of Billed Charges. Lesser of 100% of billed charges applies.; No services were performed during the 15 month look back period.,1261.0728,78,,,,,0,percent of total billed charges,78% of Billed Charges. Lesser of 100% of billed charges applies.; No services were performed during the 15 month look back period.,1261.0728,78,,,,,0,percent of total billed charges,78% of Billed Charges. Lesser of 100% of billed charges applies.; No services were performed during the 15 month look back period.,1261.0728,78,,,,,0,percent of total billed charges,78% of Billed Charges. Lesser of 100% of billed charges applies.; No services were performed during the 15 month look back period.,1261.0728,78,,,,,0,percent of total billed charges,78% of Billed Charges. Lesser of 100% of billed charges applies.; No services were performed during the 15 month look back period.,1261.0728,78,,,,,0,percent of total billed charges,78% of Billed Charges. Lesser of 100% of billed charges applies.; No services were performed during the 15 month look back period.,1261.0728,78,,,,,0,percent of total billed charges,78% of Billed Charges. Lesser of 100% of billed charges applies.; No services were performed during the 15 month look back period.,1261.0728,78,,,,,0,percent of total billed charges,78% of Billed Charges. Lesser of 100% of billed charges applies.; No services were performed during the 15 month look back period.,1261.0728,78,,,,,0,percent of total billed charges,78% of Billed Charges. Lesser of 100% of billed charges applies.; No services were performed during the 15 month look back period.,1261.0728,78,,25.17,25.17,25.17,1 through 10,percent of total billed charges,78% of Billed Charges. Lesser of 100% of billed charges applies.,1261.0728,78,,,,,0,percent of total billed charges,78% of Billed Charges. Lesser of 100% of billed charges applies.; No services were performed during the 15 month look back period.,459.47,,,,,,,Fee Schedule,"416 % Medicare RBRVS. ",839.44,,,,,,,Fee Schedule,"758.1 % 2013 Manhattan Medicare. ",535.95,,,,,,,Fee Schedule,"450 % 2018 Cigna RBRVS fee schedule. ",125.83,,,,,,,Case Rate,"100% Medicare OPPS FS. ",344.6,,,,,,,Fee Schedule,"311.996378451788 % Medicare Physician FS TC Rates Only. ",535.95,,,,,,,Fee Schedule,"450 % 2018 Cigna RBRVS fee schedule. ",535.95,,,,,,,Fee Schedule,"450 % 2018 Cigna RBRVS fee schedule. ",1261.0728,78,,,,,0,percent of total billed charges,78% of Billed Charges. Lesser of 100% of billed charges applies.; No services were performed during the 15 month look back period.,512.26,,,,,,,Case Rate,"141 Percent of current Medicare RBRVS FeeSched. ",535.95,,,,,,,Fee Schedule,"450 % 2018 Cigna RBRVS fee schedule. ",239.37,,,,,,,Case Rate,"100 Percent of Medicaid APG. ",125.83,,,,,,,Case Rate,"100% Medicare OPPS FS. ",125.83,,,,,,,Case Rate,"100% Medicare OPPS FS. ",125.83,,,,,,,Case Rate,"100% Medicare OPPS FS. ",125.83,,,,,,,Case Rate,"100% Medicare OPPS FS. ",125.83,,,,,,,Case Rate,"100% Medicare OPPS FS. ",125.83,,,,,,,Case Rate,"100% Medicare OPPS FS. ",535.95,,,,,,,Fee Schedule,"450 % 2018 Cigna RBRVS fee schedule. ",808.38,50,,,,,0,percent of total billed charges,50 percent of billed charges; No services were performed during the 15 month look back period.,182.08,,,,,,,Fee Schedule,"160 Percent of Medicare RBRVS. ",182.08,,,,,,,Fee Schedule,"160 Percent of Medicare RBRVS. ",182.08,,,,,,,Fee Schedule,"160 Percent of Medicare RBRVS. ",182.08,,,,,,,Fee Schedule,"160 Percent of Medicare RBRVS. ",182.08,,,,,,,Fee Schedule,"160 Percent of Medicare RBRVS. ",,,,,,,,,"NA. ",808.38,50,,,,,0,percent of total billed charges,50 percent of billed charges; No services were performed during the 15 month look back period.,249.15,,,,,,,Case Rate,198 Percent of Medicare OPPS. Metroplus will reimburse unlisted codes and described codes with no Medicare rate at 50 percent of charges.,249.15,,,,,,,Case Rate,198 Percent of Medicare OPPS. Metroplus will reimburse unlisted codes and described codes with no Medicare rate at 50 percent of charges.,249.15,,,,,,,Case Rate,198 Percent of Medicare OPPS. Metroplus will reimburse unlisted codes and described codes with no Medicare rate at 50 percent of charges.,249.15,,,,,,,Case Rate,198 Percent of Medicare OPPS. Metroplus will reimburse unlisted codes and described codes with no Medicare rate at 50 percent of charges.,249.15,,,,,,,Case Rate,198 Percent of Medicare OPPS. Metroplus will reimburse unlisted codes and described codes with no Medicare rate at 50 percent of charges.,125.83,,,,,,,Case Rate,"100% Medicare OPPS FS. ",459.47,,,,,,,Fee Schedule,"416 % Medicare RBRVS. ",459.47,,,,,,,Fee Schedule,"416 % Medicare RBRVS. ",459.47,,,,,,,Fee Schedule,"416 % Medicare RBRVS. ",459.47,,,,,,,Fee Schedule,"416 % Medicare RBRVS. ",344.6,,,,,,,Fee Schedule,"311.996378451788 % Medicare Physician FS TC Rates Only. ",344.6,,,,,,,Fee Schedule,"311.996378451788 % Medicare Physician FS TC Rates Only. ",344.6,,,,,,,Fee Schedule,"311.996378451788 % Medicare Physician FS TC Rates Only. ",344.6,,,,,,,Fee Schedule,"311.996378451788 % Medicare Physician FS TC Rates Only. ",808.38,50,,,,,0,percent of total billed charges,50 percent of billed charges; No services were performed during the 15 month look back period.,808.38,50,,,,,0,percent of total billed charges,50 percent of billed charges; No services were performed during the 15 month look back period.,125.83,,,,,,,Case Rate,"100% Medicare OPPS FS. ",125.83,,,,,,,Case Rate,"100% Medicare OPPS FS. ",125.83,,,,,,,Case Rate,"100% Medicare OPPS FS. ",839.44,,,,,,,Fee Schedule,"758.1 % 2013 Manhattan Medicare. ",839.44,,,,,,,Fee Schedule,"758.1 % 2013 Manhattan Medicare. ",839.44,,,,,,,Fee Schedule,"758.1 % 2013 Manhattan Medicare. ",808.38,50,,,,,0,percent of total billed charges,50 percent of billed charges; No services were performed during the 15 month look back period.,344.6,,,,,,,Fee Schedule,"311.996378451788 % Medicare Physician FS TC Rates Only. ",125.83,,,,,,,Case Rate,"100% Medicare OPPS FS. ",839.44,,,,,,,Fee Schedule,"758.1 % 2013 Manhattan Medicare. ",239.37,,,,,,,Case Rate,"100 Percent of Medicaid APG. ",128.35,,,,,,,Case Rate,"102% of Medicare OPPS. ",128.35,,,,,,,Case Rate,"102% of Medicare OPPS. ",128.35,,,,,,,Case Rate,"102% of Medicare OPPS. ",102.42,,,,,,,Fee schedule,"90 Percent of Medicare RBRVS. ",538.59,,,,,,,Fee Schedule,225% of NYS APG. Lesser of 100% of billed charges applies.,538.59,,,,,,,Fee Schedule,225% of NYS APG. Lesser of 100% of billed charges applies.,538.59,,,,,,,Fee Schedule,225% of NYS APG. Lesser of 100% of billed charges applies.,538.59,,,,,,,Fee Schedule,225% of NYS APG. Lesser of 100% of billed charges applies.,538.59,,,,,,,Fee Schedule,225% of NYS APG. Lesser of 100% of billed charges applies.,128.35,,,,,,,Case Rate,"102% of Medicare OPPS. ",239.37,,,,,,,Case Rate,"100 Percent of Medicaid APG. ",102.42,,,,,,,Fee Schedule,90 Percent of Medicare RBRVS. Lesser of 100% of billed charges applies.,538.59,,,,,,,Fee Schedule,225% of NYS APG. Lesser of 100% of billed charges applies.,538.59,,,,,,,Fee Schedule,225% of NYS APG. Lesser of 100% of billed charges applies.,102.42,,,,,,,Fee Schedule,90 Percent of Medicare RBRVS. Lesser of 100% of billed charges applies.,102.42,,,,,,,Fee Schedule,90 Percent of Medicare RBRVS. Lesser of 100% of billed charges applies.,182.08,,,,,,,Fee Schedule,"160 Percent of Medicare RBRVS. ",125.83,,,,,,,Case Rate,"100% Medicare OPPS FS. ",125.83,,,,,,,Case Rate,"100% Medicare OPPS FS. ",344.6,,,,,,,Fee Schedule,"311.996378451788 % Medicare Physician FS TC Rates Only. ",125.83,,,,,,,Case Rate,"100% Medicare OPPS FS. ",538.59,,,,,,,Fee Schedule,"225 Percent of Medicaid APG. ",538.59,,,,,,,Fee Schedule,"225 Percent of Medicaid APG. ",102.42,,,,,,,Fee schedule,"90 Percent of Medicare RBRVS. ",102.42,,,,,,,Fee schedule,"90 Percent of Medicare RBRVS. ",,,,,,,,Case Rate,Not Payable. Covered services not payable under Medicaid Fee Schedules default to a payment of 87.5 percent of charges.,102.42,,,,,,,Fee schedule,90 Percent of Medicare RBRVS. Covered services not payable under Medicaid Fee Schedules default to a payment of 50 percent of charges.,538.59,,,,,,,Case Rate,"100 Percent of Medicaid APG. ",538.59,,,,,,,Case Rate,"100 Percent of Medicaid APG. ",538.59,,,,,,,Case Rate,"100 Percent of Medicaid APG. ",538.59,,,,,,,Case Rate,"100 Percent of Medicaid APG. ",,,,,,,,,,808.38,50,,,,,0,percent of total billed charges,50 percent of billed charges; No services were performed during the 15 month look back period.,287.25,,,,,,,Case Rate,"120 Percent of Medicaid APG. Not APG payable, or payable under another fee schedule like ASP/AWP pays at 30% of charges",287.25,,,,,,,Case Rate,"120 Percent of Medicaid APG. Not APG payable, or payable under another fee schedule like ASP/AWP pays at 30% of charges",239.37,,,,,,,Case Rate,"100 Percent of Medicaid APG. Not APG payable, or payable under another fee schedule like ASP/AWP pays at 30% of charges",239.37,,,,,,,Case Rate,"100 Percent of Medicaid APG. Not APG payable, or payable under another fee schedule like ASP/AWP pays at 30% of charges",839.44,,,,,,,Fee Schedule,"758.1 % 2013 Manhattan Medicare. ",839.44,,,,,,,Fee Schedule,"758.1 % 2013 Manhattan Medicare. ",125.83,,,,,,,Case Rate,"100% Medicare OPPS FS. ",839.44,,,,,,,Fee Schedule,"758.1 % 2013 Manhattan Medicare. ",839.44,,,,,,,Fee Schedule,"758.1 % 2013 Manhattan Medicare. ",839.44,,,,,,,Fee Schedule,"758.1 % 2013 Manhattan Medicare. ",839.44,,,,,,,Fee Schedule,"758.1 % 2013 Manhattan Medicare. ",125.83,,,,,,,Case Rate,"100% Medicare OPPS FS. ",839.44,,,,,,,Fee Schedule,"758.1 % 2013 Manhattan Medicare. ",839.44,,,,,,,Fee Schedule,"758.1 % 2013 Manhattan Medicare. ",344.6,,,,,,,Fee Schedule,"311.996378451788 % Medicare Physician FS TC Rates Only. ",113.8,,,,,,,Fee Schedule,100% of RBRVS. Lesser of 100% of billed charges applies.,102.42,,,,,,,Fee schedule,90 Percent of Medicare RBRVS. Covered services not payable under Medicaid Fee Schedules default to a payment of 50 percent of charges.,538.59,,,,,,,Fee Schedule,225% of NYS APG. Lesser of 100% of billed charges applies.,,,,,,,,Case Rate,Not Payable. Covered services not payable under Medicaid Fee Schedules default to a payment of 87.5 percent of charges.,102.42,,,,,,,Fee schedule,90 Percent of Medicare RBRVS. Covered services not payable under Medicaid Fee Schedules default to a payment of 50 percent of charges.,538.59,,,,,,,Fee Schedule,225% of NYS APG. Lesser of 100% of billed charges applies.,538.59,,,,,,,Fee Schedule,225% of NYS APG. Lesser of 100% of billed charges applies.,538.59,,,,,,,Fee Schedule,225% of NYS APG. Lesser of 100% of billed charges applies.,538.59,,,,,,,Fee Schedule,225% of NYS APG. Lesser of 100% of billed charges applies.,538.59,,,,,,,Fee Schedule,225% of NYS APG. Lesser of 100% of billed charges applies.,538.59,,,,,,,Fee Schedule,225% of NYS APG. Lesser of 100% of billed charges applies.,,,,,,,,,"NA. ",,,,,,,,,"NA. ",,,,,,,,,"NA. ",535.95,,,,,,,Fee Schedule,"450 % 2018 Cigna RBRVS fee schedule. ",,,,,,,,,"NA. ",125.83,,,,,,,Case Rate,"100% Medicare OPPS FS. ",140,,,,,,,Fee Schedule,"100 % 1199 Fee Schedule. ",125.83,,,,,,,Case Rate,"100% Medicare OPPS FS. ",125.83,,,,,,,Case Rate,"100% Medicare OPPS FS. ",287.25,,,,,,,Case Rate,"120 Percent of Medicaid APG. Not APG payable, or payable under another fee schedule like ASP/AWP pays at 30% of charges",287.25,,,,,,,Case Rate,"120 Percent of Medicaid APG. Not APG payable, or payable under another fee schedule like ASP/AWP pays at 30% of charges",239.37,,,,,,,Case Rate,"100 Percent of Medicaid APG. Not APG payable, or payable under another fee schedule like ASP/AWP pays at 30% of charges",239.37,,,,,,,Case Rate,"100 Percent of Medicaid APG. Not APG payable, or payable under another fee schedule like ASP/AWP pays at 30% of charges",239.37,,,,,,,Case Rate,"100 Percent of Medicaid APG. ",1180.2348,73,,,,,0,percent of total billed charges,73 percent of billed charges; No services were performed during the 15 month look back period.,344.6,,,,,,,Fee Schedule,"311.996378451788 % Medicare Physician FS TC Rates Only. ",1180.2348,73,,,,,0,percent of total billed charges,73 percent of billed charges; No services were performed during the 15 month look back period.,535.95,,,,,,,Fee Schedule,"450 % 2018 Cigna RBRVS fee schedule. ",125.83,,,,,,,Case Rate,"100%Medicare OPPS FS. ",125.83,,,,,,,Case Rate,"100% Medicare OPPS FS. ",125.83,,,,,,,Case Rate,"100% Medicare OPPS FS. ",125.83,,,,,,,Case Rate,"100% Medicare OPPS FS. ",125.83,,,,,,,Case Rate,"100%Medicare OPPS FS. ",125.83,,,,,,,Case Rate,"100% Medicare OPPS FS. ",,,,,,,,,"NA. ",538.59,,,,,,,Fee Schedule,225% of NYS APG. Lesser of 100% of billed charges applies.,102.42,,,,,,,Fee Schedule,90 Percent of Medicare RBRVS. Lesser of 100% of billed charges applies.,839.44,,,,,,,Fee Schedule,"758.1 % 2013 Manhattan Medicare. ",1180.2348,73,,,,,0,percent of total billed charges,73 percent of billed charges; No services were performed during the 15 month look back period.,1180.2348,73,,,,,0,percent of total billed charges,73 percent of billed charges; No services were performed during the 15 month look back period.,1180.2348,73,,1616.76,1616.76,1616.76,1 through 10,percent of total billed charges,73 percent of billed charges,1180.2348,73,,,,,0,percent of total billed charges,73 percent of billed charges; No services were performed during the 15 month look back period.,125.83,,,,,,,Case Rate,"100% Medicare OPPS FS. ",239.37,,,,,,,Case Rate,"100 Percent of Medicaid APG. ",839.44,,,,,,,Fee Schedule,"758.1 % 2013 Manhattan Medicare. ",239.37,,,,,,,Case Rate,"100 Percent of Medicaid APG. ",125.83,,,,,,,Case Rate,"100% Medicare OPPS FS. ",239.37,,,,,,,Case Rate,"100 Percent of Medicaid APG. ",125.83,,,,,,,Case Rate,"100% Medicare OPPS FS. ",125.83,,,,,,,Case Rate,"100% Medicare OPPS FS. ",239.37,,,,,,,Case Rate,"100 Percent of Medicaid APG. ",239.37,,,,,,,Case Rate,"100 Percent of Medicaid APG. ",1180.2348,73,,,,,0,percent of total billed charges,73 percent of billed charges; No services were performed during the 15 month look back period.,535.95,,,,,,,Fee Schedule,"450 % 2018 Cigna RBRVS fee schedule. ",1261.0728,78,,,,,0,percent of total billed charges,78% of Billed Charges. Lesser of 100% of billed charges applies.; No services were performed during the 15 month look back period.,944.65,,,,,,,Fee Schedule,". ",944.65,,,,,,,Fee Schedule,". ",344.6,,,,,,,Fee Schedule,"311.996378451788 % Medicare Physician FS TC Rates Only. ",125.83,,,,,,,Case Rate,"98% of RBRVS. ",459.47,,,,,,,Fee Schedule,"416 % Medicare RBRVS. ",459.47,,,,,,,Fee Schedule,"416 % Medicare RBRVS. ",671.58,,,,,,,Fee Schedule,"606.5 % 2013 Manhattan Medicare. ",671.58,,,,,,,Fee Schedule,"606.5 % 2013 Manhattan Medicare. ",125.83,,,,,,,Case Rate,"100% Medicare OPPS FS. ",125.83,,,,,,,Case Rate,"100% Medicare OPPS FS. ",125.83,,,,,,,Case Rate,"100% Medicare OPPS FS. ",125.83,,,,,,,Case Rate,"100% Medicare OPPS FS. ",944.65,,,,,,,Fee Schedule,". ",839.44,,,,,,,Fee Schedule,"758.1 % 2013 Manhattan Medicare. ",839.44,,,,,,,Fee Schedule,"758.1 % 2013 Manhattan Medicare. ",125.83,,,,,,,Case Rate,"100% Medicare OPPS FS. ",671.58,,,,,,,Fee Schedule,"606.5 % 2013 Manhattan Medicare. ",1180.2348,73,,1616.76,25.17,1616.76,1 through 10,percent of total billed charges,73 percent of billed charges,287.25,,,,,,,Fee Schedule,"120 Percent of Medicaid APG. ",239.37,,,,,,,Case Rate,"100 Percent of Medicaid APG. ",1180.2348,73,,,,,0,percent of total billed charges,73 percent of billed charges; No services were performed during the 15 month look back period.,755.51,,,,,,,Fee Schedule,"682.3 % 2013 Manhattan Medicare. ",755.51,,,,,,,Fee Schedule,"682.3 % 2013 Manhattan Medicare. ",839.44,,,,,,,Fee Schedule,"758.1 % 2013 Manhattan Medicare. ",808.38,50,,,,,0,percent of total billed charges,50 percent of billed charges; No services were performed during the 15 month look back period.,125.83,,,,,,,Case Rate,"100%Medicare OPPS FS. ",251.34,,,,,,,Fee Schedule,105 percent of Medicaid APG. otherwise 105% of Ordered NYS MCD FS or 105% of ASP+6%,251.34,,,,,,,Fee Schedule,105 percent of Medicaid APG. otherwise 105% of Ordered NYS MCD FS or 105% of ASP+6%,251.34,,,,,,,Fee Schedule,105 percent of Medicaid APG. otherwise 105% of Ordered NYS MCD FS or 105% of ASP+6%,323.16,,,,,,,Fee Schedule,135 percent of Medicaid APG. otherwise 135% of Ordered NYS MCD FS or 135% of ASP+6%,944.65,,,,,,,Fee Schedule,". ",251.34,,,,,,,Fee Schedule,105 percent of Medicaid APG. otherwise 105% of Ordered NYS MCD FS or 105% of ASP+6%,251.34,,,,,,,Fee Schedule,105 percent of Medicaid APG. otherwise 105% of Ordered NYS MCD FS or 105% of ASP+6%,251.34,,,,,,,Fee Schedule,105 percent of Medicaid APG. otherwise 105% of Ordered NYS MCD FS or 105% of ASP+6%,251.34,,,,,,,Fee Schedule,105 percent of Medicaid APG. otherwise 105% of Ordered NYS MCD FS or 105% of ASP+6%,251.34,,,,,,,Fee Schedule,105 percent of Medicaid APG. otherwise 105% of Ordered NYS MCD FS or 105% of ASP+6%,323.16,,,,,,,Fee Schedule,135 percent of Medicaid APG. otherwise 135% of Ordered NYS MCD FS or 135% of ASP+6%,323.16,,,,,,,Fee Schedule,135 percent of Medicaid APG. otherwise 135% of Ordered NYS MCD FS or 135% of ASP+6%,125.83,,,,,,,Case Rate,"100% Medicare OPPS FS. ",944.65,,,,,,,Fee Schedule,". ",125.83,,,,,,,Case Rate,"100% Medicare OPPS FS. ",251.34,,,,,,,Fee Schedule,105 percent of Medicaid APG. otherwise 105% of Ordered NYS MCD FS or 105% of ASP+6%,839.44,,,,,,,Fee Schedule,"758.1 % 2013 Manhattan Medicare. ",125.83,,,,,,,Case Rate,"100% Medicare OPPS FS. ",839.44,,,,,,,Fee Schedule,"758.1 % 2013 Manhattan Medicare. ",839.44,,,,,,,Fee Schedule,"758.1 % 2013 Manhattan Medicare. ",839.44,,,,,,,Fee Schedule,"758.1 % 2013 Manhattan Medicare. ",251.34,,,,,,,Fee Schedule,105 percent of Medicaid APG. otherwise 105% of Ordered NYS MCD FS or 105% of ASP+6%,125.83,,,,,,,Case Rate,"100% Medicare OPPS FS. ",839.44,,,,,,,Fee Schedule,"758.1 % 2013 Manhattan Medicare. ",323.16,,,,,,,Fee Schedule,135 percent of Medicaid APG. otherwise 135% of Ordered NYS MCD FS or 135% of ASP+6%,839.44,,,,,,,Fee Schedule,"758.1 % 2013 Manhattan Medicare. ",188.75,,,,,,,Case Rate,"150% of Medicare OPPS. ",125.83,,,,,,,Case Rate,"100%Medicare OPPS FS. ",1180.2348,73,,,,,0,percent of total billed charges,73 percent of billed charges; No services were performed during the 15 month look back period.,1180.2348,73,,3233.52,1616.76,3233.52,1 through 10,percent of total billed charges,73 percent of billed charges,1180.2348,73,,,,,0,percent of total billed charges,73 percent of billed charges; No services were performed during the 15 month look back period.,1180.2348,73,,,,,0,percent of total billed charges,73 percent of billed charges; No services were performed during the 15 month look back period.,1180.2348,73,,,,,0,percent of total billed charges,73 percent of billed charges; No services were performed during the 15 month look back period.,1180.2348,73,,,,,0,percent of total billed charges,73 percent of billed charges; No services were performed during the 15 month look back period.,1180.2348,73,,,,,0,percent of total billed charges,73 percent of billed charges; No services were performed during the 15 month look back period.,1180.2348,73,,,,,0,percent of total billed charges,73 percent of billed charges; No services were performed during the 15 month look back period.,1180.2348,73,,1616.76,1616.76,1616.76,1 through 10,percent of total billed charges,73 percent of billed charges,1180.2348,73,,,,,0,percent of total billed charges,73 percent of billed charges; No services were performed during the 15 month look back period.,1180.2348,73,,,,,0,percent of total billed charges,73 percent of billed charges; No services were performed during the 15 month look back period.,1180.2348,73,,,,,0,percent of total billed charges,73 percent of billed charges; No services were performed during the 15 month look back period.,125.83,,,,,,,Case Rate,"100% Medicare OPPS FS. ",1180.2348,73,,,,,0,percent of total billed charges,73 percent of billed charges; No services were performed during the 15 month look back period.,125.83,,,,,,,Case Rate,"100% Medicare OPPS FS. ",538.59,,,,,,,Case Rate,"225 Percent of Medicaid APG. If not included in Medicaid APG, then 100 Percent of Manhattan Medicare",239.37,,,,,,,Case Rate,"100 Percent of Medicaid APG. ",944.65,,,,,,,Fee Schedule,". ",944.65,,,,,,,Fee Schedule,". ",125.83,,,,,,,Case Rate,"100% Medicare OPPS FS. ",459.47,,,,,,,Fee Schedule,"416 % Medicare RBRVS. ",125.83,,,,,,,Case Rate,"100% Medicare OPPS FS. ",125.83,,,,,,,Case Rate,"100% Medicare OPPS FS. ",344.6,,,,,,,Fee Schedule,"311.996378451788 % Medicare Physician FS TC Rates Only. ",125.83,,,,,,,Case Rate,"100% Medicare OPPS FS. ",535.95,,,,,,,Fee Schedule,"450 % 2018 Cigna RBRVS fee schedule. ",125.83,,,,,,,Case Rate,"100% Medicare OPPS FS. ",535.95,,,,,,,Fee Schedule,"450 % 2018 Cigna RBRVS fee schedule. ",344.6,,,,,,,Fee Schedule,"311.996378451788 % Medicare Physician FS TC Rates Only. ",535.95,,,,,,,Fee Schedule,"450 % 2018 Cigna RBRVS fee schedule. ",125.83,,,,,,,Case Rate,"100% Medicare OPPS FS. ",239.37,,,,,,,Case Rate,"100 Percent of Medicaid APG. ",125.83,,,,,,,Case Rate,"100% Medicare OPPS FS. ",535.95,,,,,,,Fee Schedule,"450 % 2018 Cigna RBRVS fee schedule. ",944.65,,,,,,,Fee Schedule,". ",239.37,,,,,,,Case Rate,"100 Percent of Medicaid APG. ",839.44,,,,,,,Fee Schedule,"758.1 % 2013 Manhattan Medicare. ",287.25,,,,,,,Fee Schedule,"120 Percent of Medicaid APG. ",287.25,,,,,,,Fee Schedule,"120 Percent of Medicaid APG. ",839.44,,,,,,,Fee Schedule,"758.1 % 2013 Manhattan Medicare. ",839.44,,,,,,,Fee Schedule,"758.1 % 2013 Manhattan Medicare. ",839.44,,,,,,,Fee Schedule,"758.1 % 2013 Manhattan Medicare. ",944.65,,,,,,,Fee Schedule,". ",839.44,,,,,,,Fee Schedule,"758.1 % 2013 Manhattan Medicare. ",839.44,,,,,,,Fee Schedule,"758.1 % 2013 Manhattan Medicare. ",839.44,,,,,,,Fee Schedule,"758.1 % 2013 Manhattan Medicare. ",1180.2348,73,,1616.76,1616.76,1616.76,1 through 10,percent of total billed charges,73 percent of billed charges,1180.2348,73,,,,,0,percent of total billed charges,73 percent of billed charges; No services were performed during the 15 month look back period.,249.15,,,,,,,Case Rate,198 Percent of Medicare OPPS. Metroplus will reimburse unlisted codes and described codes with no Medicare rate at 50 percent of charges.,239.37,,,,,,,Case Rate,"100 Percent of Medicaid APG. ",944.65,,,,,,,Fee Schedule,". ",535.95,,,,,,,Fee Schedule,"450 % 2018 Cigna RBRVS fee schedule. ",344.6,,,,,,,Fee Schedule,"311.996378451788 % Medicare Physician FS TC Rates Only. ",944.65,,,,,,,Fee Schedule,". ",344.6,,,,,,,Fee Schedule,"311.996378451788 % Medicare Physician FS TC Rates Only. ",944.65,,,,,,,Fee Schedule,". ",839.44,,,,,,,Fee Schedule,"758.1 % 2013 Manhattan Medicare. ",839.44,,,,,,,Fee Schedule,"758.1 % 2013 Manhattan Medicare. ",839.44,,,,,,,Fee Schedule,"758.1 % 2013 Manhattan Medicare. ",839.44,,,,,,,Fee Schedule,"758.1 % 2013 Manhattan Medicare. ",125.83,,,,,,,Case Rate,"100% Medicare OPPS FS. ",102.42,2270.52,
94681,CPT,2025939,LOCAL,460,RC,HC OXYGEN UPTAKE W/ CO2,860.67,163.5273,both,,,,133,,,,,,,Fee Schedule,"100 % 1199 Fee Schedule. ",133,,,,,,,Fee Schedule,"100 % 1199 Fee Schedule. ",516.402,60,,,,,0,percent of total billed charges,60 percent of billed charges; No services were performed during the 15 month look back period.,860.67,100,,,,,0,percent of total billed charges,100 percent of billed charges. ; No services were performed during the 15 month look back period.,368.48,,,,,,,Case Rate,"100% Medicare OPPS FS. ",516.402,60,,,,,0,percent of total billed charges,60 percent of billed charges; No services were performed during the 15 month look back period.,516.402,60,,,,,0,percent of total billed charges,60 percent of billed charges; No services were performed during the 15 month look back period.,516.402,60,,,,,0,percent of total billed charges,60 percent of billed charges; No services were performed during the 15 month look back period.,466.08,,,,,,,Case Rate,"100 Percent of Medicaid APG. ",388.4,,,,,,,Case Rate,"100 Percent of Medicaid APG. ",671.3226,78,,,,,0,percent of total billed charges,78% of Billed Charges. Lesser of 100% of billed charges applies.; No services were performed during the 15 month look back period.,448.91,,,,,,,Fee Schedule,". ",388.4,,,,,,,Case Rate,"100 Percent of Medicaid APG. ",368.48,,,,,,,Case Rate,"100% Medicare OPPS FS. ",254.92,,,,,,,Fee Schedule,"450 % 2018 Cigna RBRVS fee schedule. ",254.92,,,,,,,Fee Schedule,"450 % 2018 Cigna RBRVS fee schedule. ",254.92,,,,,,,Fee Schedule,"450 % 2018 Cigna RBRVS fee schedule. ",254.92,,,,,,,Fee Schedule,"450 % 2018 Cigna RBRVS fee schedule. ",40.94,,,,,,,Fee schedule,90 Percent of Medicare RBRVS. Covered services not payable under Medicaid Fee Schedules default to a payment of 50 percent of charges.,368.48,,,,,,,Case Rate,"100% Medicare OPPS FS. ",40.94,,,,,,,Fee schedule,90 Percent of Medicare RBRVS. Covered services not payable under Medicaid Fee Schedules default to a payment of 50 percent of charges.,671.3226,78,,,,,0,percent of total billed charges,78% of Billed Charges. Lesser of 100% of billed charges applies.; No services were performed during the 15 month look back period.,516.402,60,,,,,0,percent of total billed charges,60 percent of billed charges; No services were performed during the 15 month look back period.,368.48,,,,,,,Case Rate,"100%Medicare OPPS FS. ",628.2891,73,,,,,0,percent of total billed charges,73 percent of billed charges; No services were performed during the 15 month look back period.,368.48,,,,,,,Case Rate,"100%Medicare OPPS FS. ",368.48,,,,,,,Case Rate,"100%Medicare OPPS FS. ",671.3226,78,,,,,0,percent of total billed charges,78% of Billed Charges. Lesser of 100% of billed charges applies.; No services were performed during the 15 month look back period.,40.94,,,,,,,Fee Schedule,90 Percent of Medicare RBRVS. Lesser of 100% of billed charges applies.,40.94,,,,,,,Fee Schedule,90 Percent of Medicare RBRVS. Lesser of 100% of billed charges applies.,40.94,,,,,,,Fee schedule,"90 Percent of Medicare RBRVS. ",40.94,,,,,,,Fee schedule,"90 Percent of Medicare RBRVS. ",628.2891,73,,,,,0,percent of total billed charges,73 percent of billed charges; No services were performed during the 15 month look back period.,628.2891,73,,,,,0,percent of total billed charges,73 percent of billed charges; No services were performed during the 15 month look back period.,388.4,,,,,,,Case Rate,"100 Percent of Medicaid APG. Not APG payable, or payable under another fee schedule like ASP/AWP pays at 30% of charges",628.2891,73,,,,,0,percent of total billed charges,73 percent of billed charges; No services were performed during the 15 month look back period.,388.4,,,,,,,Case Rate,"100 Percent of Medicaid APG. Not APG payable, or payable under another fee schedule like ASP/AWP pays at 30% of charges",368.48,,,,,,,Case Rate,"100%Medicare OPPS FS. ",628.2891,73,,,,,0,percent of total billed charges,73 percent of billed charges; No services were performed during the 15 month look back period.,671.3226,78,,,,,0,percent of total billed charges,78% of Billed Charges. Lesser of 100% of billed charges applies.; No services were performed during the 15 month look back period.,388.4,,,,,,,Case Rate,"100 Percent of Medicaid APG. ",388.4,,,,,,,Case Rate,"100 Percent of Medicaid APG. ",671.3226,78,,,,,0,percent of total billed charges,78% of Billed Charges. Lesser of 100% of billed charges applies.; No services were performed during the 15 month look back period.,254.92,,,,,,,Fee Schedule,"450 % 2018 Cigna RBRVS fee schedule. ",456.63,,,,,,,Fee Schedule,". ",456.63,,,,,,,Fee Schedule,". ",671.3226,78,,,,,0,percent of total billed charges,78% of Billed Charges. Lesser of 100% of billed charges applies.; No services were performed during the 15 month look back period.,368.48,,,,,,,Case Rate,"100% Medicare OPPS FS. ",448.91,,,,,,,Fee Schedule,". ",448.91,,,,,,,Fee Schedule,". ",448.91,,,,,,,Fee Schedule,". ",368.48,,,,,,,Case Rate,"100% Medicare OPPS FS. ",448.91,,,,,,,Fee Schedule,". ",448.91,,,,,,,Fee Schedule,". ",368.48,,,,,,,Case Rate,"100% of Medicare OPPS. ",430.335,50,,,,,0,percent of total billed charges,50 percent of billed charges; No services were performed during the 15 month look back period.,398.91,,,,,,,Fee Schedule,"758.1 % 2013 Manhattan Medicare. ",398.91,,,,,,,Fee Schedule,"758.1 % 2013 Manhattan Medicare. ",398.91,,,,,,,Fee Schedule,"758.1 % 2013 Manhattan Medicare. ",398.91,,,,,,,Fee Schedule,"758.1 % 2013 Manhattan Medicare. ",398.91,,,,,,,Fee Schedule,"758.1 % 2013 Manhattan Medicare. ",398.91,,,,,,,Fee Schedule,"758.1 % 2013 Manhattan Medicare. ",368.48,,,,,,,Case Rate,"100% Medicare OPPS FS. ",368.48,,,,,,,Case Rate,"100% Medicare OPPS FS. ",398.91,,,,,,,Fee Schedule,"758.1 % 2013 Manhattan Medicare. ",671.3226,78,,,,,0,percent of total billed charges,78% of Billed Charges. Lesser of 100% of billed charges applies.; No services were performed during the 15 month look back period.,671.3226,78,,,,,0,percent of total billed charges,78% of Billed Charges. Lesser of 100% of billed charges applies.; No services were performed during the 15 month look back period.,671.3226,78,,,,,0,percent of total billed charges,78% of Billed Charges. Lesser of 100% of billed charges applies.; No services were performed during the 15 month look back period.,671.3226,78,,,,,0,percent of total billed charges,78% of Billed Charges. Lesser of 100% of billed charges applies.; No services were performed during the 15 month look back period.,671.3226,78,,,,,0,percent of total billed charges,78% of Billed Charges. Lesser of 100% of billed charges applies.; No services were performed during the 15 month look back period.,671.3226,78,,,,,0,percent of total billed charges,78% of Billed Charges. Lesser of 100% of billed charges applies.; No services were performed during the 15 month look back period.,671.3226,78,,,,,0,percent of total billed charges,78% of Billed Charges. Lesser of 100% of billed charges applies.; No services were performed during the 15 month look back period.,671.3226,78,,,,,0,percent of total billed charges,78% of Billed Charges. Lesser of 100% of billed charges applies.; No services were performed during the 15 month look back period.,671.3226,78,,,,,0,percent of total billed charges,78% of Billed Charges. Lesser of 100% of billed charges applies.; No services were performed during the 15 month look back period.,671.3226,78,,,,,0,percent of total billed charges,78% of Billed Charges. Lesser of 100% of billed charges applies.; No services were performed during the 15 month look back period.,671.3226,78,,,,,0,percent of total billed charges,78% of Billed Charges. Lesser of 100% of billed charges applies.; No services were performed during the 15 month look back period.,671.3226,78,,,,,0,percent of total billed charges,78% of Billed Charges. Lesser of 100% of billed charges applies.; No services were performed during the 15 month look back period.,671.3226,78,,,,,0,percent of total billed charges,78% of Billed Charges. Lesser of 100% of billed charges applies.; No services were performed during the 15 month look back period.,671.3226,78,,,,,0,percent of total billed charges,78% of Billed Charges. Lesser of 100% of billed charges applies.; No services were performed during the 15 month look back period.,671.3226,78,,,,,0,percent of total billed charges,78% of Billed Charges. Lesser of 100% of billed charges applies.; No services were performed during the 15 month look back period.,671.3226,78,,,,,0,percent of total billed charges,78% of Billed Charges. Lesser of 100% of billed charges applies.; No services were performed during the 15 month look back period.,671.3226,78,,,,,0,percent of total billed charges,78% of Billed Charges. Lesser of 100% of billed charges applies.; No services were performed during the 15 month look back period.,671.3226,78,,,,,0,percent of total billed charges,78% of Billed Charges. Lesser of 100% of billed charges applies.; No services were performed during the 15 month look back period.,671.3226,78,,,,,0,percent of total billed charges,78% of Billed Charges. Lesser of 100% of billed charges applies.; No services were performed during the 15 month look back period.,671.3226,78,,,,,0,percent of total billed charges,78% of Billed Charges. Lesser of 100% of billed charges applies.; No services were performed during the 15 month look back period.,671.3226,78,,,,,0,percent of total billed charges,78% of Billed Charges. Lesser of 100% of billed charges applies.; No services were performed during the 15 month look back period.,671.3226,78,,,,,0,percent of total billed charges,78% of Billed Charges. Lesser of 100% of billed charges applies.; No services were performed during the 15 month look back period.,671.3226,78,,,,,0,percent of total billed charges,78% of Billed Charges. Lesser of 100% of billed charges applies.; No services were performed during the 15 month look back period.,671.3226,78,,,,,0,percent of total billed charges,78% of Billed Charges. Lesser of 100% of billed charges applies.; No services were performed during the 15 month look back period.,671.3226,78,,,,,0,percent of total billed charges,78% of Billed Charges. Lesser of 100% of billed charges applies.; No services were performed during the 15 month look back period.,671.3226,78,,,,,0,percent of total billed charges,78% of Billed Charges. Lesser of 100% of billed charges applies.; No services were performed during the 15 month look back period.,628.2891,73,,,,,0,percent of total billed charges,73 percent of billed charges; No services were performed during the 15 month look back period.,628.2891,73,,,,,0,percent of total billed charges,73 percent of billed charges; No services were performed during the 15 month look back period.,628.2891,73,,,,,0,percent of total billed charges,73 percent of billed charges; No services were performed during the 15 month look back period.,628.2891,73,,,,,0,percent of total billed charges,73 percent of billed charges; No services were performed during the 15 month look back period.,183.33,,,,,,,Fee Schedule,"416 % Medicare RBRVS. ",183.33,,,,,,,Fee Schedule,"416 % Medicare RBRVS. ",254.92,,,,,,,Fee Schedule,"450 % 2018 Cigna RBRVS fee schedule. ",398.91,,,,,,,Fee Schedule,"758.1 % 2013 Manhattan Medicare. ",448.91,,,,,,,Fee Schedule,". ",398.91,,,,,,,Fee Schedule,"758.1 % 2013 Manhattan Medicare. ",671.3226,78,,,,,0,percent of total billed charges,78% of Billed Charges. Lesser of 100% of billed charges applies.; No services were performed during the 15 month look back period.,183.33,,,,,,,Fee Schedule,"416 % Medicare RBRVS. ",398.91,,,,,,,Fee Schedule,"758.1 % 2013 Manhattan Medicare. ",448.91,,,,,,,Fee Schedule,". ",254.92,,,,,,,Fee Schedule,"450 % 2018 Cigna RBRVS fee schedule. ",,,,,,,,,"NA. ",671.3226,78,,,,,0,percent of total billed charges,78% of Billed Charges. Lesser of 100% of billed charges applies.; No services were performed during the 15 month look back period.,388.4,,,,,,,Case Rate,"100 Percent of Medicaid APG. ",628.2891,73,,,,,0,percent of total billed charges,73 percent of billed charges; No services were performed during the 15 month look back period.,388.4,,,,,,,Case Rate,"100 Percent of Medicaid APG. Not APG payable, or payable under another fee schedule like ASP/AWP pays at 30% of charges",368.48,,,,,,,Case Rate,"100%Medicare OPPS FS. ",368.48,,,,,,,Case Rate,"100% Medicare OPPS FS. ",430.335,50,,,,,0,percent of total billed charges,50 percent of billed charges; No services were performed during the 15 month look back period.,368.48,,,,,,,Case Rate,"100% Medicare OPPS FS. ",368.48,,,,,,,Case Rate,"100% Medicare OPPS FS. ",388.4,,,,,,,Case Rate,"100 Percent of Medicaid APG. ",368.48,,,,,,,Case Rate,"100% Medicare OPPS FS. ",368.48,,,,,,,Case Rate,"100% Medicare OPPS FS. ",516.402,60,,,,,0,percent of total billed charges,60 percent of billed charges; No services were performed during the 15 month look back period.,516.402,60,,,,,0,percent of total billed charges,60 percent of billed charges; No services were performed during the 15 month look back period.,368.48,,,,,,,Case Rate,"100% Medicare OPPS FS. ",254.92,,,,,,,Fee Schedule,"450 % 2018 Cigna RBRVS fee schedule. ",448.91,,,,,,,Fee Schedule,". ",448.91,,,,,,,Fee Schedule,". ",368.48,,,,,,,Case Rate,"100% Medicare OPPS FS. ",254.92,,,,,,,Fee Schedule,"450 % 2018 Cigna RBRVS fee schedule. ",516.402,60,,,,,0,percent of total billed charges,60 percent of billed charges; No services were performed during the 15 month look back period.,516.402,60,,,,,0,percent of total billed charges,60 percent of billed charges; No services were performed during the 15 month look back period.,516.402,60,,,,,0,percent of total billed charges,60 percent of billed charges; No services were performed during the 15 month look back period.,671.3226,78,,,,,0,percent of total billed charges,78% of Billed Charges. Lesser of 100% of billed charges applies.; No services were performed during the 15 month look back period.,671.3226,78,,,,,0,percent of total billed charges,78% of Billed Charges. Lesser of 100% of billed charges applies.; No services were performed during the 15 month look back period.,671.3226,78,,,,,0,percent of total billed charges,78% of Billed Charges. Lesser of 100% of billed charges applies.; No services were performed during the 15 month look back period.,671.3226,78,,,,,0,percent of total billed charges,78% of Billed Charges. Lesser of 100% of billed charges applies.; No services were performed during the 15 month look back period.,671.3226,78,,,,,0,percent of total billed charges,78% of Billed Charges. Lesser of 100% of billed charges applies.; No services were performed during the 15 month look back period.,671.3226,78,,,,,0,percent of total billed charges,78% of Billed Charges. Lesser of 100% of billed charges applies.; No services were performed during the 15 month look back period.,671.3226,78,,,,,0,percent of total billed charges,78% of Billed Charges. Lesser of 100% of billed charges applies.; No services were performed during the 15 month look back period.,671.3226,78,,,,,0,percent of total billed charges,78% of Billed Charges. Lesser of 100% of billed charges applies.; No services were performed during the 15 month look back period.,671.3226,78,,,,,0,percent of total billed charges,78% of Billed Charges. Lesser of 100% of billed charges applies.; No services were performed during the 15 month look back period.,671.3226,78,,,,,0,percent of total billed charges,78% of Billed Charges. Lesser of 100% of billed charges applies.; No services were performed during the 15 month look back period.,671.3226,78,,,,,0,percent of total billed charges,78% of Billed Charges. Lesser of 100% of billed charges applies.; No services were performed during the 15 month look back period.,183.33,,,,,,,Fee Schedule,"416 % Medicare RBRVS. ",398.91,,,,,,,Fee Schedule,"758.1 % 2013 Manhattan Medicare. ",254.92,,,,,,,Fee Schedule,"450 % 2018 Cigna RBRVS fee schedule. ",368.48,,,,,,,Case Rate,"100% Medicare OPPS FS. ",516.402,60,,,,,0,percent of total billed charges,60 percent of billed charges; No services were performed during the 15 month look back period.,254.92,,,,,,,Fee Schedule,"450 % 2018 Cigna RBRVS fee schedule. ",254.92,,,,,,,Fee Schedule,"450 % 2018 Cigna RBRVS fee schedule. ",671.3226,78,,,,,0,percent of total billed charges,78% of Billed Charges. Lesser of 100% of billed charges applies.; No services were performed during the 15 month look back period.,831.18,,,,,,,Case Rate,"141 Percent of current Medicare RBRVS FeeSched. ",254.92,,,,,,,Fee Schedule,"450 % 2018 Cigna RBRVS fee schedule. ",388.4,,,,,,,Case Rate,"100 Percent of Medicaid APG. ",368.48,,,,,,,Case Rate,"100% Medicare OPPS FS. ",368.48,,,,,,,Case Rate,"100% Medicare OPPS FS. ",368.48,,,,,,,Case Rate,"100% Medicare OPPS FS. ",368.48,,,,,,,Case Rate,"100% Medicare OPPS FS. ",368.48,,,,,,,Case Rate,"100% Medicare OPPS FS. ",368.48,,,,,,,Case Rate,"100% Medicare OPPS FS. ",254.92,,,,,,,Fee Schedule,"450 % 2018 Cigna RBRVS fee schedule. ",430.335,50,,,,,0,percent of total billed charges,50 percent of billed charges; No services were performed during the 15 month look back period.,72.78,,,,,,,Fee Schedule,"160 Percent of Medicare RBRVS. ",72.78,,,,,,,Fee Schedule,"160 Percent of Medicare RBRVS. ",72.78,,,,,,,Fee Schedule,"160 Percent of Medicare RBRVS. ",72.78,,,,,,,Fee Schedule,"160 Percent of Medicare RBRVS. ",72.78,,,,,,,Fee Schedule,"160 Percent of Medicare RBRVS. ",,,,,,,,,"NA. ",430.335,50,,,,,0,percent of total billed charges,50 percent of billed charges; No services were performed during the 15 month look back period.,729.59,,,,,,,Case Rate,198 Percent of Medicare OPPS. Metroplus will reimburse unlisted codes and described codes with no Medicare rate at 50 percent of charges.,729.59,,,,,,,Case Rate,198 Percent of Medicare OPPS. Metroplus will reimburse unlisted codes and described codes with no Medicare rate at 50 percent of charges.,729.59,,,,,,,Case Rate,198 Percent of Medicare OPPS. Metroplus will reimburse unlisted codes and described codes with no Medicare rate at 50 percent of charges.,729.59,,,,,,,Case Rate,198 Percent of Medicare OPPS. Metroplus will reimburse unlisted codes and described codes with no Medicare rate at 50 percent of charges.,729.59,,,,,,,Case Rate,198 Percent of Medicare OPPS. Metroplus will reimburse unlisted codes and described codes with no Medicare rate at 50 percent of charges.,368.48,,,,,,,Case Rate,"100% Medicare OPPS FS. ",183.33,,,,,,,Fee Schedule,"416 % Medicare RBRVS. ",183.33,,,,,,,Fee Schedule,"416 % Medicare RBRVS. ",183.33,,,,,,,Fee Schedule,"416 % Medicare RBRVS. ",183.33,,,,,,,Fee Schedule,"416 % Medicare RBRVS. ",516.402,60,,,,,0,percent of total billed charges,60 percent of billed charges; No services were performed during the 15 month look back period.,516.402,60,,,,,0,percent of total billed charges,60 percent of billed charges; No services were performed during the 15 month look back period.,516.402,60,,,,,0,percent of total billed charges,60 percent of billed charges; No services were performed during the 15 month look back period.,516.402,60,,,,,0,percent of total billed charges,60 percent of billed charges; No services were performed during the 15 month look back period.,430.335,50,,,,,0,percent of total billed charges,50 percent of billed charges; No services were performed during the 15 month look back period.,430.335,50,,,,,0,percent of total billed charges,50 percent of billed charges; No services were performed during the 15 month look back period.,368.48,,,,,,,Case Rate,"100% Medicare OPPS FS. ",368.48,,,,,,,Case Rate,"100% Medicare OPPS FS. ",368.48,,,,,,,Case Rate,"100% Medicare OPPS FS. ",398.91,,,,,,,Fee Schedule,"758.1 % 2013 Manhattan Medicare. ",398.91,,,,,,,Fee Schedule,"758.1 % 2013 Manhattan Medicare. ",398.91,,,,,,,Fee Schedule,"758.1 % 2013 Manhattan Medicare. ",430.335,50,,,,,0,percent of total billed charges,50 percent of billed charges; No services were performed during the 15 month look back period.,516.402,60,,,,,0,percent of total billed charges,60 percent of billed charges; No services were performed during the 15 month look back period.,368.48,,,,,,,Case Rate,"100% Medicare OPPS FS. ",398.91,,,,,,,Fee Schedule,"758.1 % 2013 Manhattan Medicare. ",388.4,,,,,,,Case Rate,"100 Percent of Medicaid APG. ",375.85,,,,,,,Case Rate,"102% of Medicare OPPS. ",375.85,,,,,,,Case Rate,"102% of Medicare OPPS. ",375.85,,,,,,,Case Rate,"102% of Medicare OPPS. ",40.94,,,,,,,Fee schedule,"90 Percent of Medicare RBRVS. ",873.9,,,,,,,Fee Schedule,225% of NYS APG. Lesser of 100% of billed charges applies.,873.9,,,,,,,Fee Schedule,225% of NYS APG. Lesser of 100% of billed charges applies.,873.9,,,,,,,Fee Schedule,225% of NYS APG. Lesser of 100% of billed charges applies.,873.9,,,,,,,Fee Schedule,225% of NYS APG. Lesser of 100% of billed charges applies.,873.9,,,,,,,Fee Schedule,225% of NYS APG. Lesser of 100% of billed charges applies.,375.85,,,,,,,Case Rate,"102% of Medicare OPPS. ",388.4,,,,,,,Case Rate,"100 Percent of Medicaid APG. ",40.94,,,,,,,Fee Schedule,90 Percent of Medicare RBRVS. Lesser of 100% of billed charges applies.,873.9,,,,,,,Fee Schedule,225% of NYS APG. Lesser of 100% of billed charges applies.,873.9,,,,,,,Fee Schedule,225% of NYS APG. Lesser of 100% of billed charges applies.,40.94,,,,,,,Fee Schedule,90 Percent of Medicare RBRVS. Lesser of 100% of billed charges applies.,40.94,,,,,,,Fee Schedule,90 Percent of Medicare RBRVS. Lesser of 100% of billed charges applies.,72.78,,,,,,,Fee Schedule,"160 Percent of Medicare RBRVS. ",368.48,,,,,,,Case Rate,"100% Medicare OPPS FS. ",368.48,,,,,,,Case Rate,"100% Medicare OPPS FS. ",516.402,60,,,,,0,percent of total billed charges,60 percent of billed charges; No services were performed during the 15 month look back period.,368.48,,,,,,,Case Rate,"100% Medicare OPPS FS. ",873.9,,,,,,,Fee Schedule,"225 Percent of Medicaid APG. ",873.9,,,,,,,Fee Schedule,"225 Percent of Medicaid APG. ",40.94,,,,,,,Fee schedule,"90 Percent of Medicare RBRVS. ",40.94,,,,,,,Fee schedule,"90 Percent of Medicare RBRVS. ",873.9,,,,,,,Case Rate,225 Percent of Medicaid APG. Covered services not payable under Medicaid Fee Schedules default to a payment of 87.5 percent of charges.,40.94,,,,,,,Fee schedule,90 Percent of Medicare RBRVS. Covered services not payable under Medicaid Fee Schedules default to a payment of 50 percent of charges.,873.9,,,,,,,Case Rate,"100 Percent of Medicaid APG. ",873.9,,,,,,,Case Rate,"100 Percent of Medicaid APG. ",873.9,,,,,,,Case Rate,"100 Percent of Medicaid APG. ",873.9,,,,,,,Case Rate,"100 Percent of Medicaid APG. ",,,,,,,,,,430.335,50,,,,,0,percent of total billed charges,50 percent of billed charges; No services were performed during the 15 month look back period.,466.08,,,,,,,Case Rate,"120 Percent of Medicaid APG. Not APG payable, or payable under another fee schedule like ASP/AWP pays at 30% of charges",466.08,,,,,,,Case Rate,"120 Percent of Medicaid APG. Not APG payable, or payable under another fee schedule like ASP/AWP pays at 30% of charges",388.4,,,,,,,Case Rate,"100 Percent of Medicaid APG. Not APG payable, or payable under another fee schedule like ASP/AWP pays at 30% of charges",388.4,,,,,,,Case Rate,"100 Percent of Medicaid APG. Not APG payable, or payable under another fee schedule like ASP/AWP pays at 30% of charges",398.91,,,,,,,Fee Schedule,"758.1 % 2013 Manhattan Medicare. ",398.91,,,,,,,Fee Schedule,"758.1 % 2013 Manhattan Medicare. ",368.48,,,,,,,Case Rate,"100% Medicare OPPS FS. ",398.91,,,,,,,Fee Schedule,"758.1 % 2013 Manhattan Medicare. ",398.91,,,,,,,Fee Schedule,"758.1 % 2013 Manhattan Medicare. ",398.91,,,,,,,Fee Schedule,"758.1 % 2013 Manhattan Medicare. ",398.91,,,,,,,Fee Schedule,"758.1 % 2013 Manhattan Medicare. ",368.48,,,,,,,Case Rate,"100% Medicare OPPS FS. ",398.91,,,,,,,Fee Schedule,"758.1 % 2013 Manhattan Medicare. ",398.91,,,,,,,Fee Schedule,"758.1 % 2013 Manhattan Medicare. ",516.402,60,,,,,0,percent of total billed charges,60 percent of billed charges; No services were performed during the 15 month look back period.,45.49,,,,,,,Fee Schedule,100% of RBRVS. Lesser of 100% of billed charges applies.,40.94,,,,,,,Fee schedule,90 Percent of Medicare RBRVS. Covered services not payable under Medicaid Fee Schedules default to a payment of 50 percent of charges.,873.9,,,,,,,Fee Schedule,225% of NYS APG. Lesser of 100% of billed charges applies.,873.9,,,,,,,Case Rate,225 Percent of Medicaid APG. Covered services not payable under Medicaid Fee Schedules default to a payment of 87.5 percent of charges.,40.94,,,,,,,Fee schedule,90 Percent of Medicare RBRVS. Covered services not payable under Medicaid Fee Schedules default to a payment of 50 percent of charges.,873.9,,,,,,,Fee Schedule,225% of NYS APG. Lesser of 100% of billed charges applies.,873.9,,,,,,,Fee Schedule,225% of NYS APG. Lesser of 100% of billed charges applies.,873.9,,,,,,,Fee Schedule,225% of NYS APG. Lesser of 100% of billed charges applies.,873.9,,,,,,,Fee Schedule,225% of NYS APG. Lesser of 100% of billed charges applies.,873.9,,,,,,,Fee Schedule,225% of NYS APG. Lesser of 100% of billed charges applies.,873.9,,,,,,,Fee Schedule,225% of NYS APG. Lesser of 100% of billed charges applies.,,,,,,,,,"NA. ",,,,,,,,,"NA. ",,,,,,,,,"NA. ",254.92,,,,,,,Fee Schedule,"450 % 2018 Cigna RBRVS fee schedule. ",,,,,,,,,"NA. ",368.48,,,,,,,Case Rate,"100% Medicare OPPS FS. ",133,,,,,,,Fee Schedule,"100 % 1199 Fee Schedule. ",368.48,,,,,,,Case Rate,"100% Medicare OPPS FS. ",368.48,,,,,,,Case Rate,"100% Medicare OPPS FS. ",466.08,,,,,,,Case Rate,"120 Percent of Medicaid APG. Not APG payable, or payable under another fee schedule like ASP/AWP pays at 30% of charges",466.08,,,,,,,Case Rate,"120 Percent of Medicaid APG. Not APG payable, or payable under another fee schedule like ASP/AWP pays at 30% of charges",388.4,,,,,,,Case Rate,"100 Percent of Medicaid APG. Not APG payable, or payable under another fee schedule like ASP/AWP pays at 30% of charges",388.4,,,,,,,Case Rate,"100 Percent of Medicaid APG. Not APG payable, or payable under another fee schedule like ASP/AWP pays at 30% of charges",388.4,,,,,,,Case Rate,"100 Percent of Medicaid APG. ",628.2891,73,,,,,0,percent of total billed charges,73 percent of billed charges; No services were performed during the 15 month look back period.,516.402,60,,,,,0,percent of total billed charges,60 percent of billed charges; No services were performed during the 15 month look back period.,628.2891,73,,,,,0,percent of total billed charges,73 percent of billed charges; No services were performed during the 15 month look back period.,254.92,,,,,,,Fee Schedule,"450 % 2018 Cigna RBRVS fee schedule. ",368.48,,,,,,,Case Rate,"100%Medicare OPPS FS. ",368.48,,,,,,,Case Rate,"100% Medicare OPPS FS. ",368.48,,,,,,,Case Rate,"100% Medicare OPPS FS. ",368.48,,,,,,,Case Rate,"100% Medicare OPPS FS. ",368.48,,,,,,,Case Rate,"100%Medicare OPPS FS. ",368.48,,,,,,,Case Rate,"100% Medicare OPPS FS. ",,,,,,,,,"NA. ",873.9,,,,,,,Fee Schedule,225% of NYS APG. Lesser of 100% of billed charges applies.,40.94,,,,,,,Fee Schedule,90 Percent of Medicare RBRVS. Lesser of 100% of billed charges applies.,398.91,,,,,,,Fee Schedule,"758.1 % 2013 Manhattan Medicare. ",628.2891,73,,,,,0,percent of total billed charges,73 percent of billed charges; No services were performed during the 15 month look back period.,628.2891,73,,,,,0,percent of total billed charges,73 percent of billed charges; No services were performed during the 15 month look back period.,628.2891,73,,,,,0,percent of total billed charges,73 percent of billed charges; No services were performed during the 15 month look back period.,628.2891,73,,,,,0,percent of total billed charges,73 percent of billed charges; No services were performed during the 15 month look back period.,368.48,,,,,,,Case Rate,"100% Medicare OPPS FS. ",388.4,,,,,,,Case Rate,"100 Percent of Medicaid APG. ",398.91,,,,,,,Fee Schedule,"758.1 % 2013 Manhattan Medicare. ",388.4,,,,,,,Case Rate,"100 Percent of Medicaid APG. ",368.48,,,,,,,Case Rate,"100% Medicare OPPS FS. ",388.4,,,,,,,Case Rate,"100 Percent of Medicaid APG. ",368.48,,,,,,,Case Rate,"100% Medicare OPPS FS. ",368.48,,,,,,,Case Rate,"100% Medicare OPPS FS. ",388.4,,,,,,,Case Rate,"100 Percent of Medicaid APG. ",388.4,,,,,,,Case Rate,"100 Percent of Medicaid APG. ",628.2891,73,,,,,0,percent of total billed charges,73 percent of billed charges; No services were performed during the 15 month look back period.,254.92,,,,,,,Fee Schedule,"450 % 2018 Cigna RBRVS fee schedule. ",671.3226,78,,,,,0,percent of total billed charges,78% of Billed Charges. Lesser of 100% of billed charges applies.; No services were performed during the 15 month look back period.,448.91,,,,,,,Fee Schedule,". ",448.91,,,,,,,Fee Schedule,". ",516.402,60,,,,,0,percent of total billed charges,60 percent of billed charges; No services were performed during the 15 month look back period.,361.11,,,,,,,Case Rate,"98% of RBRVS. ",183.33,,,,,,,Fee Schedule,"416 % Medicare RBRVS. ",183.33,,,,,,,Fee Schedule,"416 % Medicare RBRVS. ",319.14,,,,,,,Fee Schedule,"606.5 % 2013 Manhattan Medicare. ",319.14,,,,,,,Fee Schedule,"606.5 % 2013 Manhattan Medicare. ",368.48,,,,,,,Case Rate,"100% Medicare OPPS FS. ",368.48,,,,,,,Case Rate,"100% Medicare OPPS FS. ",368.48,,,,,,,Case Rate,"100% Medicare OPPS FS. ",368.48,,,,,,,Case Rate,"100% Medicare OPPS FS. ",448.91,,,,,,,Fee Schedule,". ",398.91,,,,,,,Fee Schedule,"758.1 % 2013 Manhattan Medicare. ",398.91,,,,,,,Fee Schedule,"758.1 % 2013 Manhattan Medicare. ",368.48,,,,,,,Case Rate,"100% Medicare OPPS FS. ",319.14,,,,,,,Fee Schedule,"606.5 % 2013 Manhattan Medicare. ",628.2891,73,,,,,0,percent of total billed charges,73 percent of billed charges; No services were performed during the 15 month look back period.,466.08,,,,,,,Fee Schedule,"120 Percent of Medicaid APG. ",388.4,,,,,,,Case Rate,"100 Percent of Medicaid APG. ",628.2891,73,,,,,0,percent of total billed charges,73 percent of billed charges; No services were performed during the 15 month look back period.,359.03,,,,,,,Fee Schedule,"682.3 % 2013 Manhattan Medicare. ",359.03,,,,,,,Fee Schedule,"682.3 % 2013 Manhattan Medicare. ",398.91,,,,,,,Fee Schedule,"758.1 % 2013 Manhattan Medicare. ",430.335,50,,,,,0,percent of total billed charges,50 percent of billed charges; No services were performed during the 15 month look back period.,368.48,,,,,,,Case Rate,"100%Medicare OPPS FS. ",407.82,,,,,,,Fee Schedule,105 percent of Medicaid APG. otherwise 105% of Ordered NYS MCD FS or 105% of ASP+6%,407.82,,,,,,,Fee Schedule,105 percent of Medicaid APG. otherwise 105% of Ordered NYS MCD FS or 105% of ASP+6%,407.82,,,,,,,Fee Schedule,105 percent of Medicaid APG. otherwise 105% of Ordered NYS MCD FS or 105% of ASP+6%,524.34,,,,,,,Fee Schedule,135 percent of Medicaid APG. otherwise 135% of Ordered NYS MCD FS or 135% of ASP+6%,448.91,,,,,,,Fee Schedule,". ",407.82,,,,,,,Fee Schedule,105 percent of Medicaid APG. otherwise 105% of Ordered NYS MCD FS or 105% of ASP+6%,407.82,,,,,,,Fee Schedule,105 percent of Medicaid APG. otherwise 105% of Ordered NYS MCD FS or 105% of ASP+6%,407.82,,,,,,,Fee Schedule,105 percent of Medicaid APG. otherwise 105% of Ordered NYS MCD FS or 105% of ASP+6%,407.82,,,,,,,Fee Schedule,105 percent of Medicaid APG. otherwise 105% of Ordered NYS MCD FS or 105% of ASP+6%,407.82,,,,,,,Fee Schedule,105 percent of Medicaid APG. otherwise 105% of Ordered NYS MCD FS or 105% of ASP+6%,524.34,,,,,,,Fee Schedule,135 percent of Medicaid APG. otherwise 135% of Ordered NYS MCD FS or 135% of ASP+6%,524.34,,,,,,,Fee Schedule,135 percent of Medicaid APG. otherwise 135% of Ordered NYS MCD FS or 135% of ASP+6%,368.48,,,,,,,Case Rate,"100% Medicare OPPS FS. ",448.91,,,,,,,Fee Schedule,". ",368.48,,,,,,,Case Rate,"100% Medicare OPPS FS. ",407.82,,,,,,,Fee Schedule,105 percent of Medicaid APG. otherwise 105% of Ordered NYS MCD FS or 105% of ASP+6%,398.91,,,,,,,Fee Schedule,"758.1 % 2013 Manhattan Medicare. ",368.48,,,,,,,Case Rate,"100% Medicare OPPS FS. ",398.91,,,,,,,Fee Schedule,"758.1 % 2013 Manhattan Medicare. ",398.91,,,,,,,Fee Schedule,"758.1 % 2013 Manhattan Medicare. ",398.91,,,,,,,Fee Schedule,"758.1 % 2013 Manhattan Medicare. ",407.82,,,,,,,Fee Schedule,105 percent of Medicaid APG. otherwise 105% of Ordered NYS MCD FS or 105% of ASP+6%,368.48,,,,,,,Case Rate,"100% Medicare OPPS FS. ",398.91,,,,,,,Fee Schedule,"758.1 % 2013 Manhattan Medicare. ",524.34,,,,,,,Fee Schedule,135 percent of Medicaid APG. otherwise 135% of Ordered NYS MCD FS or 135% of ASP+6%,398.91,,,,,,,Fee Schedule,"758.1 % 2013 Manhattan Medicare. ",552.72,,,,,,,Case Rate,"150% of Medicare OPPS. ",368.48,,,,,,,Case Rate,"100%Medicare OPPS FS. ",628.2891,73,,,,,0,percent of total billed charges,73 percent of billed charges; No services were performed during the 15 month look back period.,628.2891,73,,,,,0,percent of total billed charges,73 percent of billed charges; No services were performed during the 15 month look back period.,628.2891,73,,,,,0,percent of total billed charges,73 percent of billed charges; No services were performed during the 15 month look back period.,628.2891,73,,,,,0,percent of total billed charges,73 percent of billed charges; No services were performed during the 15 month look back period.,628.2891,73,,,,,0,percent of total billed charges,73 percent of billed charges; No services were performed during the 15 month look back period.,628.2891,73,,,,,0,percent of total billed charges,73 percent of billed charges; No services were performed during the 15 month look back period.,628.2891,73,,,,,0,percent of total billed charges,73 percent of billed charges; No services were performed during the 15 month look back period.,628.2891,73,,,,,0,percent of total billed charges,73 percent of billed charges; No services were performed during the 15 month look back period.,628.2891,73,,,,,0,percent of total billed charges,73 percent of billed charges; No services were performed during the 15 month look back period.,628.2891,73,,,,,0,percent of total billed charges,73 percent of billed charges; No services were performed during the 15 month look back period.,628.2891,73,,,,,0,percent of total billed charges,73 percent of billed charges; No services were performed during the 15 month look back period.,628.2891,73,,,,,0,percent of total billed charges,73 percent of billed charges; No services were performed during the 15 month look back period.,368.48,,,,,,,Case Rate,"100% Medicare OPPS FS. ",628.2891,73,,,,,0,percent of total billed charges,73 percent of billed charges; No services were performed during the 15 month look back period.,368.48,,,,,,,Case Rate,"100% Medicare OPPS FS. ",873.9,,,,,,,Case Rate,"225 Percent of Medicaid APG. If not included in Medicaid APG, then 100 Percent of Manhattan Medicare",388.4,,,,,,,Case Rate,"100 Percent of Medicaid APG. ",448.91,,,,,,,Fee Schedule,". ",448.91,,,,,,,Fee Schedule,". ",368.48,,,,,,,Case Rate,"100% Medicare OPPS FS. ",183.33,,,,,,,Fee Schedule,"416 % Medicare RBRVS. ",368.48,,,,,,,Case Rate,"100% Medicare OPPS FS. ",368.48,,,,,,,Case Rate,"100% Medicare OPPS FS. ",516.402,60,,,,,0,percent of total billed charges,60 percent of billed charges; No services were performed during the 15 month look back period.,368.48,,,,,,,Case Rate,"100% Medicare OPPS FS. ",254.92,,,,,,,Fee Schedule,"450 % 2018 Cigna RBRVS fee schedule. ",368.48,,,,,,,Case Rate,"100% Medicare OPPS FS. ",254.92,,,,,,,Fee Schedule,"450 % 2018 Cigna RBRVS fee schedule. ",516.402,60,,,,,0,percent of total billed charges,60 percent of billed charges; No services were performed during the 15 month look back period.,254.92,,,,,,,Fee Schedule,"450 % 2018 Cigna RBRVS fee schedule. ",368.48,,,,,,,Case Rate,"100% Medicare OPPS FS. ",388.4,,,,,,,Case Rate,"100 Percent of Medicaid APG. ",368.48,,,,,,,Case Rate,"100% Medicare OPPS FS. ",254.92,,,,,,,Fee Schedule,"450 % 2018 Cigna RBRVS fee schedule. ",448.91,,,,,,,Fee Schedule,". ",388.4,,,,,,,Case Rate,"100 Percent of Medicaid APG. ",398.91,,,,,,,Fee Schedule,"758.1 % 2013 Manhattan Medicare. ",466.08,,,,,,,Fee Schedule,"120 Percent of Medicaid APG. ",466.08,,,,,,,Fee Schedule,"120 Percent of Medicaid APG. ",398.91,,,,,,,Fee Schedule,"758.1 % 2013 Manhattan Medicare. ",398.91,,,,,,,Fee Schedule,"758.1 % 2013 Manhattan Medicare. ",398.91,,,,,,,Fee Schedule,"758.1 % 2013 Manhattan Medicare. ",448.91,,,,,,,Fee Schedule,". ",398.91,,,,,,,Fee Schedule,"758.1 % 2013 Manhattan Medicare. ",398.91,,,,,,,Fee Schedule,"758.1 % 2013 Manhattan Medicare. ",398.91,,,,,,,Fee Schedule,"758.1 % 2013 Manhattan Medicare. ",628.2891,73,,,,,0,percent of total billed charges,73 percent of billed charges; No services were performed during the 15 month look back period.,628.2891,73,,,,,0,percent of total billed charges,73 percent of billed charges; No services were performed during the 15 month look back period.,729.59,,,,,,,Case Rate,198 Percent of Medicare OPPS. Metroplus will reimburse unlisted codes and described codes with no Medicare rate at 50 percent of charges.,388.4,,,,,,,Case Rate,"100 Percent of Medicaid APG. ",448.91,,,,,,,Fee Schedule,". ",254.92,,,,,,,Fee Schedule,"450 % 2018 Cigna RBRVS fee schedule. ",516.402,60,,,,,0,percent of total billed charges,60 percent of billed charges; No services were performed during the 15 month look back period.,448.91,,,,,,,Fee Schedule,". ",516.402,60,,,,,0,percent of total billed charges,60 percent of billed charges; No services were performed during the 15 month look back period.,448.91,,,,,,,Fee Schedule,". ",398.91,,,,,,,Fee Schedule,"758.1 % 2013 Manhattan Medicare. ",398.91,,,,,,,Fee Schedule,"758.1 % 2013 Manhattan Medicare. ",398.91,,,,,,,Fee Schedule,"758.1 % 2013 Manhattan Medicare. ",398.91,,,,,,,Fee Schedule,"758.1 % 2013 Manhattan Medicare. ",368.48,,,,,,,Case Rate,"100% Medicare OPPS FS. ",40.94,873.9,
95004,CPT,2022148,LOCAL,924,RC,HC PERCUT ALLERGY SKIN TESTS,678.3,128.877,both,,,,5,,,,,,,Fee Schedule,"100 % 1199 Fee Schedule. ",5,,,,,,,Fee Schedule,"100 % 1199 Fee Schedule. ",406.98,60,,,,,0,percent of total billed charges,60 percent of billed charges; No services were performed during the 15 month look back period.,678.3,100,,,,,0,percent of total billed charges,100 percent of billed charges. ; No services were performed during the 15 month look back period.,1203.88,,,,,,,Case Rate,"100% Medicare OPPS FS. ",406.98,60,,,,,0,percent of total billed charges,60 percent of billed charges; No services were performed during the 15 month look back period.,406.98,60,,3255.84,406.98,8546.58,109,percent of total billed charges,60 percent of billed charges,406.98,60,,3662.82,406.98,8139.6,1 through 10,percent of total billed charges,60 percent of billed charges,437.07,,,,,,,Case Rate,"100 Percent of Medicaid APG. ",364.22,,,,,,,Case Rate,"100 Percent of Medicaid APG. ",529.074,78,,,,,0,percent of total billed charges,78% of Billed Charges. Lesser of 100% of billed charges applies.; No services were performed during the 15 month look back period.,67.49,,,,,,,Fee Schedule,". ",364.22,,,,,,,Case Rate,"100 Percent of Medicaid APG. ",1203.88,,,,,,,Case Rate,"100% Medicare OPPS FS. ",29.16,,,,,,,Fee Schedule,"450 % 2018 Cigna RBRVS fee schedule. ",29.16,,,,,,,Fee Schedule,"450 % 2018 Cigna RBRVS fee schedule. ",29.16,,,,,,,Fee Schedule,"450 % 2018 Cigna RBRVS fee schedule. ",29.16,,,,,,,Fee Schedule,"450 % 2018 Cigna RBRVS fee schedule. ",4.01,,,,,,,Fee schedule,90 Percent of Medicare RBRVS. Covered services not payable under Medicaid Fee Schedules default to a payment of 50 percent of charges.,1203.88,,,,,,,Case Rate,"100% Medicare OPPS FS. ",4.01,,,,,,,Fee schedule,90 Percent of Medicare RBRVS. Covered services not payable under Medicaid Fee Schedules default to a payment of 50 percent of charges.,529.074,78,,,,,0,percent of total billed charges,78% of Billed Charges. Lesser of 100% of billed charges applies.; No services were performed during the 15 month look back period.,406.98,60,,,,,0,percent of total billed charges,60 percent of billed charges; No services were performed during the 15 month look back period.,1203.88,,,,,,,Case Rate,"100%Medicare OPPS FS. ",495.159,73,,,,,0,percent of total billed charges,73 percent of billed charges; No services were performed during the 15 month look back period.,1203.88,,,,,,,Case Rate,"100%Medicare OPPS FS. ",1203.88,,,,,,,Case Rate,"100%Medicare OPPS FS. ",529.074,78,,,,,0,percent of total billed charges,78% of Billed Charges. Lesser of 100% of billed charges applies.; No services were performed during the 15 month look back period.,4.01,,,,,,,Fee Schedule,90 Percent of Medicare RBRVS. Lesser of 100% of billed charges applies.,4.01,,,,,,,Fee Schedule,90 Percent of Medicare RBRVS. Lesser of 100% of billed charges applies.,4.01,,,,,,,Fee schedule,"90 Percent of Medicare RBRVS. ",4.01,,,,,,,Fee schedule,"90 Percent of Medicare RBRVS. ",495.159,73,,,,,0,percent of total billed charges,73 percent of billed charges; No services were performed during the 15 month look back period.,495.159,73,,,,,0,percent of total billed charges,73 percent of billed charges; No services were performed during the 15 month look back period.,364.22,,,,,,,Case Rate,"100 Percent of Medicaid APG. Not APG payable, or payable under another fee schedule like ASP/AWP pays at 30% of charges",495.159,73,,4768.38,678.3,7220.3,15,percent of total billed charges,73 percent of billed charges,364.22,,,,,,,Case Rate,"100 Percent of Medicaid APG. Not APG payable, or payable under another fee schedule like ASP/AWP pays at 30% of charges",1203.88,,,,,,,Case Rate,"100%Medicare OPPS FS. ",495.159,73,,,,,0,percent of total billed charges,73 percent of billed charges; No services were performed during the 15 month look back period.,529.074,78,,,,,0,percent of total billed charges,78% of Billed Charges. Lesser of 100% of billed charges applies.; No services were performed during the 15 month look back period.,364.22,,,,,,,Case Rate,"100 Percent of Medicaid APG. ",364.22,,,,,,,Case Rate,"100 Percent of Medicaid APG. ",529.074,78,,,,,0,percent of total billed charges,78% of Billed Charges. Lesser of 100% of billed charges applies.; No services were performed during the 15 month look back period.,29.16,,,,,,,Fee Schedule,"450 % 2018 Cigna RBRVS fee schedule. ",68.66,,,,,,,Fee Schedule,". ",68.66,,,,,,,Fee Schedule,". ",529.074,78,,,,,0,percent of total billed charges,78% of Billed Charges. Lesser of 100% of billed charges applies.; No services were performed during the 15 month look back period.,1203.88,,,,,,,Case Rate,"100% Medicare OPPS FS. ",67.49,,,,,,,Fee Schedule,". ",67.49,,,,,,,Fee Schedule,". ",67.49,,,,,,,Fee Schedule,". ",1203.88,,,,,,,Case Rate,"100% Medicare OPPS FS. ",67.49,,,,,,,Fee Schedule,". ",67.49,,,,,,,Fee Schedule,". ",1203.88,,,,,,,Case Rate,"100% of Medicare OPPS. ",339.15,50,,,,,0,percent of total billed charges,50 percent of billed charges; No services were performed during the 15 month look back period.,59.97,,,,,,,Fee Schedule,"758.1 % 2013 Manhattan Medicare. ",59.97,,,,,,,Fee Schedule,"758.1 % 2013 Manhattan Medicare. ",59.97,,,,,,,Fee Schedule,"758.1 % 2013 Manhattan Medicare. ",59.97,,,,,,,Fee Schedule,"758.1 % 2013 Manhattan Medicare. ",59.97,,,,,,,Fee Schedule,"758.1 % 2013 Manhattan Medicare. ",59.97,,,,,,,Fee Schedule,"758.1 % 2013 Manhattan Medicare. ",1203.88,,,,,,,Case Rate,"100% Medicare OPPS FS. ",1203.88,,,,,,,Case Rate,"100% Medicare OPPS FS. ",59.97,,,,,,,Fee Schedule,"758.1 % 2013 Manhattan Medicare. ",529.074,78,,,,,0,percent of total billed charges,78% of Billed Charges. Lesser of 100% of billed charges applies.; No services were performed during the 15 month look back period.,529.074,78,,,,,0,percent of total billed charges,78% of Billed Charges. Lesser of 100% of billed charges applies.; No services were performed during the 15 month look back period.,529.074,78,,,,,0,percent of total billed charges,78% of Billed Charges. Lesser of 100% of billed charges applies.; No services were performed during the 15 month look back period.,529.074,78,,,,,0,percent of total billed charges,78% of Billed Charges. Lesser of 100% of billed charges applies.; No services were performed during the 15 month look back period.,529.074,78,,,,,0,percent of total billed charges,78% of Billed Charges. Lesser of 100% of billed charges applies.; No services were performed during the 15 month look back period.,529.074,78,,,,,0,percent of total billed charges,78% of Billed Charges. Lesser of 100% of billed charges applies.; No services were performed during the 15 month look back period.,529.074,78,,,,,0,percent of total billed charges,78% of Billed Charges. Lesser of 100% of billed charges applies.; No services were performed during the 15 month look back period.,529.074,78,,,,,0,percent of total billed charges,78% of Billed Charges. Lesser of 100% of billed charges applies.; No services were performed during the 15 month look back period.,529.074,78,,,,,0,percent of total billed charges,78% of Billed Charges. Lesser of 100% of billed charges applies.; No services were performed during the 15 month look back period.,529.074,78,,,,,0,percent of total billed charges,78% of Billed Charges. Lesser of 100% of billed charges applies.; No services were performed during the 15 month look back period.,529.074,78,,,,,0,percent of total billed charges,78% of Billed Charges. Lesser of 100% of billed charges applies.; No services were performed during the 15 month look back period.,529.074,78,,,,,0,percent of total billed charges,78% of Billed Charges. Lesser of 100% of billed charges applies.; No services were performed during the 15 month look back period.,529.074,78,,,,,0,percent of total billed charges,78% of Billed Charges. Lesser of 100% of billed charges applies.; No services were performed during the 15 month look back period.,529.074,78,,,,,0,percent of total billed charges,78% of Billed Charges. Lesser of 100% of billed charges applies.; No services were performed during the 15 month look back period.,529.074,78,,,,,0,percent of total billed charges,78% of Billed Charges. Lesser of 100% of billed charges applies.; No services were performed during the 15 month look back period.,529.074,78,,,,,0,percent of total billed charges,78% of Billed Charges. Lesser of 100% of billed charges applies.; No services were performed during the 15 month look back period.,529.074,78,,,,,0,percent of total billed charges,78% of Billed Charges. Lesser of 100% of billed charges applies.; No services were performed during the 15 month look back period.,529.074,78,,,,,0,percent of total billed charges,78% of Billed Charges. Lesser of 100% of billed charges applies.; No services were performed during the 15 month look back period.,529.074,78,,,,,0,percent of total billed charges,78% of Billed Charges. Lesser of 100% of billed charges applies.; No services were performed during the 15 month look back period.,529.074,78,,,,,0,percent of total billed charges,78% of Billed Charges. Lesser of 100% of billed charges applies.; No services were performed during the 15 month look back period.,529.074,78,,,,,0,percent of total billed charges,78% of Billed Charges. Lesser of 100% of billed charges applies.; No services were performed during the 15 month look back period.,529.074,78,,,,,0,percent of total billed charges,78% of Billed Charges. Lesser of 100% of billed charges applies.; No services were performed during the 15 month look back period.,529.074,78,,,,,0,percent of total billed charges,78% of Billed Charges. Lesser of 100% of billed charges applies.; No services were performed during the 15 month look back period.,529.074,78,,,,,0,percent of total billed charges,78% of Billed Charges. Lesser of 100% of billed charges applies.; No services were performed during the 15 month look back period.,529.074,78,,,,,0,percent of total billed charges,78% of Billed Charges. Lesser of 100% of billed charges applies.; No services were performed during the 15 month look back period.,529.074,78,,765.77,765.77,4697.84,1 through 10,percent of total billed charges,78% of Billed Charges. Lesser of 100% of billed charges applies.,495.159,73,,,,,0,percent of total billed charges,73 percent of billed charges; No services were performed during the 15 month look back period.,495.159,73,,,,,0,percent of total billed charges,73 percent of billed charges; No services were performed during the 15 month look back period.,495.159,73,,,,,0,percent of total billed charges,73 percent of billed charges; No services were performed during the 15 month look back period.,495.159,73,,,,,0,percent of total billed charges,73 percent of billed charges; No services were performed during the 15 month look back period.,17.76,,,,,,,Fee Schedule,"416 % Medicare RBRVS. ",17.76,,,,,,,Fee Schedule,"416 % Medicare RBRVS. ",29.16,,,,,,,Fee Schedule,"450 % 2018 Cigna RBRVS fee schedule. ",59.97,,,,,,,Fee Schedule,"758.1 % 2013 Manhattan Medicare. ",67.49,,,,,,,Fee Schedule,". ",59.97,,,,,,,Fee Schedule,"758.1 % 2013 Manhattan Medicare. ",529.074,78,,,,,0,percent of total billed charges,78% of Billed Charges. Lesser of 100% of billed charges applies.; No services were performed during the 15 month look back period.,17.76,,,,,,,Fee Schedule,"416 % Medicare RBRVS. ",59.97,,,,,,,Fee Schedule,"758.1 % 2013 Manhattan Medicare. ",67.49,,,,,,,Fee Schedule,". ",29.16,,,,,,,Fee Schedule,"450 % 2018 Cigna RBRVS fee schedule. ",,,,,,,,,"NA. ",529.074,78,,,,,0,percent of total billed charges,78% of Billed Charges. Lesser of 100% of billed charges applies.; No services were performed during the 15 month look back period.,364.22,,,,,,,Case Rate,"100 Percent of Medicaid APG. ",495.159,73,,7461.3,7461.3,7461.3,1 through 10,percent of total billed charges,73 percent of billed charges,364.22,,,,,,,Case Rate,"100 Percent of Medicaid APG. Not APG payable, or payable under another fee schedule like ASP/AWP pays at 30% of charges",1203.88,,,,,,,Case Rate,"100%Medicare OPPS FS. ",1203.88,,,,,,,Case Rate,"100% Medicare OPPS FS. ",339.15,50,,,,,0,percent of total billed charges,50 percent of billed charges; No services were performed during the 15 month look back period.,1203.88,,,,,,,Case Rate,"100% Medicare OPPS FS. ",1203.88,,,,,,,Case Rate,"100% Medicare OPPS FS. ",364.22,,,,,,,Case Rate,"100 Percent of Medicaid APG. ",1203.88,,,,,,,Case Rate,"100% Medicare OPPS FS. ",1203.88,,,,,,,Case Rate,"100% Medicare OPPS FS. ",406.98,60,,6511.68,3662.82,6511.68,1 through 10,percent of total billed charges,60 percent of billed charges,406.98,60,,,,,0,percent of total billed charges,60 percent of billed charges; No services were performed during the 15 month look back period.,1203.88,,,,,,,Case Rate,"100% Medicare OPPS FS. ",29.16,,,,,,,Fee Schedule,"450 % 2018 Cigna RBRVS fee schedule. ",67.49,,,,,,,Fee Schedule,". ",67.49,,,,,,,Fee Schedule,". ",1203.88,,,,,,,Case Rate,"100% Medicare OPPS FS. ",29.16,,,,,,,Fee Schedule,"450 % 2018 Cigna RBRVS fee schedule. ",406.98,60,,,,,0,percent of total billed charges,60 percent of billed charges; No services were performed during the 15 month look back period.,406.98,60,,3662.82,813.96,7732.62,43,percent of total billed charges,60 percent of billed charges,406.98,60,,,,,0,percent of total billed charges,60 percent of billed charges; No services were performed during the 15 month look back period.,529.074,78,,,,,0,percent of total billed charges,78% of Billed Charges. Lesser of 100% of billed charges applies.; No services were performed during the 15 month look back period.,529.074,78,,,,,0,percent of total billed charges,78% of Billed Charges. Lesser of 100% of billed charges applies.; No services were performed during the 15 month look back period.,529.074,78,,,,,0,percent of total billed charges,78% of Billed Charges. Lesser of 100% of billed charges applies.; No services were performed during the 15 month look back period.,529.074,78,,,,,0,percent of total billed charges,78% of Billed Charges. Lesser of 100% of billed charges applies.; No services were performed during the 15 month look back period.,529.074,78,,,,,0,percent of total billed charges,78% of Billed Charges. Lesser of 100% of billed charges applies.; No services were performed during the 15 month look back period.,529.074,78,,,,,0,percent of total billed charges,78% of Billed Charges. Lesser of 100% of billed charges applies.; No services were performed during the 15 month look back period.,529.074,78,,,,,0,percent of total billed charges,78% of Billed Charges. Lesser of 100% of billed charges applies.; No services were performed during the 15 month look back period.,529.074,78,,,,,0,percent of total billed charges,78% of Billed Charges. Lesser of 100% of billed charges applies.; No services were performed during the 15 month look back period.,529.074,78,,,,,0,percent of total billed charges,78% of Billed Charges. Lesser of 100% of billed charges applies.; No services were performed during the 15 month look back period.,529.074,78,,,,,0,percent of total billed charges,78% of Billed Charges. Lesser of 100% of billed charges applies.; No services were performed during the 15 month look back period.,529.074,78,,,,,0,percent of total billed charges,78% of Billed Charges. Lesser of 100% of billed charges applies.; No services were performed during the 15 month look back period.,17.76,,,,,,,Fee Schedule,"416 % Medicare RBRVS. ",59.97,,,,,,,Fee Schedule,"758.1 % 2013 Manhattan Medicare. ",29.16,,,,,,,Fee Schedule,"450 % 2018 Cigna RBRVS fee schedule. ",1203.88,,,,,,,Case Rate,"100% Medicare OPPS FS. ",406.98,60,,,,,0,percent of total billed charges,60 percent of billed charges; No services were performed during the 15 month look back period.,29.16,,,,,,,Fee Schedule,"450 % 2018 Cigna RBRVS fee schedule. ",29.16,,,,,,,Fee Schedule,"450 % 2018 Cigna RBRVS fee schedule. ",529.074,78,,,,,0,percent of total billed charges,78% of Billed Charges. Lesser of 100% of billed charges applies.; No services were performed during the 15 month look back period.,779.43,,,,,,,Case Rate,"141 Percent of current Medicare RBRVS FeeSched. ",29.16,,,,,,,Fee Schedule,"450 % 2018 Cigna RBRVS fee schedule. ",364.22,,,,,,,Case Rate,"100 Percent of Medicaid APG. ",1203.88,,,,,,,Case Rate,"100% Medicare OPPS FS. ",1203.88,,,,,,,Case Rate,"100% Medicare OPPS FS. ",1203.88,,,,,,,Case Rate,"100% Medicare OPPS FS. ",1203.88,,,,,,,Case Rate,"100% Medicare OPPS FS. ",1203.88,,,,,,,Case Rate,"100% Medicare OPPS FS. ",1203.88,,,,,,,Case Rate,"100% Medicare OPPS FS. ",29.16,,,,,,,Fee Schedule,"450 % 2018 Cigna RBRVS fee schedule. ",339.15,50,,,,,0,percent of total billed charges,50 percent of billed charges; No services were performed during the 15 month look back period.,7.14,,,,,,,Fee Schedule,"160 Percent of Medicare RBRVS. ",7.14,,,,,,,Fee Schedule,"160 Percent of Medicare RBRVS. ",7.14,,,,,,,Fee Schedule,"160 Percent of Medicare RBRVS. ",7.14,,,,,,,Fee Schedule,"160 Percent of Medicare RBRVS. ",7.14,,,,,,,Fee Schedule,"160 Percent of Medicare RBRVS. ",,,,,,,,,"NA. ",339.15,50,,,,,0,percent of total billed charges,50 percent of billed charges; No services were performed during the 15 month look back period.,2383.68,,,,,,,Case Rate,198 Percent of Medicare OPPS. Metroplus will reimburse unlisted codes and described codes with no Medicare rate at 50 percent of charges.,2383.68,,,,,,,Case Rate,198 Percent of Medicare OPPS. Metroplus will reimburse unlisted codes and described codes with no Medicare rate at 50 percent of charges.,2383.68,,,,,,,Case Rate,198 Percent of Medicare OPPS. Metroplus will reimburse unlisted codes and described codes with no Medicare rate at 50 percent of charges.,2383.68,,,,,,,Case Rate,198 Percent of Medicare OPPS. Metroplus will reimburse unlisted codes and described codes with no Medicare rate at 50 percent of charges.,2383.68,,,,,,,Case Rate,198 Percent of Medicare OPPS. Metroplus will reimburse unlisted codes and described codes with no Medicare rate at 50 percent of charges.,1203.88,,,,,,,Case Rate,"100% Medicare OPPS FS. ",17.76,,,,,,,Fee Schedule,"416 % Medicare RBRVS. ",17.76,,,,,,,Fee Schedule,"416 % Medicare RBRVS. ",17.76,,,,,,,Fee Schedule,"416 % Medicare RBRVS. ",17.76,,,,,,,Fee Schedule,"416 % Medicare RBRVS. ",406.98,60,,,,,0,percent of total billed charges,60 percent of billed charges; No services were performed during the 15 month look back period.,406.98,60,,,,,0,percent of total billed charges,60 percent of billed charges; No services were performed during the 15 month look back period.,406.98,60,,,,,0,percent of total billed charges,60 percent of billed charges; No services were performed during the 15 month look back period.,406.98,60,,,,,0,percent of total billed charges,60 percent of billed charges; No services were performed during the 15 month look back period.,339.15,50,,,,,0,percent of total billed charges,50 percent of billed charges; No services were performed during the 15 month look back period.,339.15,50,,,,,0,percent of total billed charges,50 percent of billed charges; No services were performed during the 15 month look back period.,1203.88,,,,,,,Case Rate,"100% Medicare OPPS FS. ",1203.88,,,,,,,Case Rate,"100% Medicare OPPS FS. ",1203.88,,,,,,,Case Rate,"100% Medicare OPPS FS. ",59.97,,,,,,,Fee Schedule,"758.1 % 2013 Manhattan Medicare. ",59.97,,,,,,,Fee Schedule,"758.1 % 2013 Manhattan Medicare. ",59.97,,,,,,,Fee Schedule,"758.1 % 2013 Manhattan Medicare. ",339.15,50,,,,,0,percent of total billed charges,50 percent of billed charges; No services were performed during the 15 month look back period.,406.98,60,,,,,0,percent of total billed charges,60 percent of billed charges; No services were performed during the 15 month look back period.,1203.88,,,,,,,Case Rate,"100% Medicare OPPS FS. ",59.97,,,,,,,Fee Schedule,"758.1 % 2013 Manhattan Medicare. ",364.22,,,,,,,Case Rate,"100 Percent of Medicaid APG. ",1227.96,,,,,,,Case Rate,"102% of Medicare OPPS. ",1227.96,,,,,,,Case Rate,"102% of Medicare OPPS. ",1227.96,,,,,,,Case Rate,"102% of Medicare OPPS. ",4.01,,,,,,,Fee schedule,"90 Percent of Medicare RBRVS. ",819.5,,,,,,,Fee Schedule,225% of NYS APG. Lesser of 100% of billed charges applies.,819.5,,,,,,,Fee Schedule,225% of NYS APG. Lesser of 100% of billed charges applies.,819.5,,,,,,,Fee Schedule,225% of NYS APG. Lesser of 100% of billed charges applies.,819.5,,,,,,,Fee Schedule,225% of NYS APG. Lesser of 100% of billed charges applies.,819.5,,,,,,,Fee Schedule,225% of NYS APG. Lesser of 100% of billed charges applies.,1227.96,,,,,,,Case Rate,"102% of Medicare OPPS. ",364.22,,,,,,,Case Rate,"100 Percent of Medicaid APG. ",4.01,,,,,,,Fee Schedule,90 Percent of Medicare RBRVS. Lesser of 100% of billed charges applies.,819.5,,,,,,,Fee Schedule,225% of NYS APG. Lesser of 100% of billed charges applies.,819.5,,,,,,,Fee Schedule,225% of NYS APG. Lesser of 100% of billed charges applies.,4.01,,,,,,,Fee Schedule,90 Percent of Medicare RBRVS. Lesser of 100% of billed charges applies.,4.01,,,,,,,Fee Schedule,90 Percent of Medicare RBRVS. Lesser of 100% of billed charges applies.,7.14,,,,,,,Fee Schedule,"160 Percent of Medicare RBRVS. ",1203.88,,,,,,,Case Rate,"100% Medicare OPPS FS. ",1203.88,,,,,,,Case Rate,"100% Medicare OPPS FS. ",406.98,60,,,,,0,percent of total billed charges,60 percent of billed charges; No services were performed during the 15 month look back period.,1203.88,,,,,,,Case Rate,"100% Medicare OPPS FS. ",819.5,,,,,,,Fee Schedule,"225 Percent of Medicaid APG. ",819.5,,,,,,,Fee Schedule,"225 Percent of Medicaid APG. ",4.01,,,,,,,Fee schedule,"90 Percent of Medicare RBRVS. ",4.01,,,,,,,Fee schedule,"90 Percent of Medicare RBRVS. ",819.5,,,,,,,Case Rate,225 Percent of Medicaid APG. Covered services not payable under Medicaid Fee Schedules default to a payment of 87.5 percent of charges.,4.01,,,,,,,Fee schedule,90 Percent of Medicare RBRVS. Covered services not payable under Medicaid Fee Schedules default to a payment of 50 percent of charges.,819.5,,,,,,,Case Rate,"100 Percent of Medicaid APG. ",819.5,,,,,,,Case Rate,"100 Percent of Medicaid APG. ",819.5,,,,,,,Case Rate,"100 Percent of Medicaid APG. ",819.5,,,,,,,Case Rate,"100 Percent of Medicaid APG. ",,,,,,,,,,339.15,50,,,,,0,percent of total billed charges,50 percent of billed charges; No services were performed during the 15 month look back period.,437.07,,,,,,,Case Rate,"120 Percent of Medicaid APG. Not APG payable, or payable under another fee schedule like ASP/AWP pays at 30% of charges",437.07,,,,,,,Case Rate,"120 Percent of Medicaid APG. Not APG payable, or payable under another fee schedule like ASP/AWP pays at 30% of charges",364.22,,,,,,,Case Rate,"100 Percent of Medicaid APG. Not APG payable, or payable under another fee schedule like ASP/AWP pays at 30% of charges",364.22,,,,,,,Case Rate,"100 Percent of Medicaid APG. Not APG payable, or payable under another fee schedule like ASP/AWP pays at 30% of charges",59.97,,,,,,,Fee Schedule,"758.1 % 2013 Manhattan Medicare. ",59.97,,,,,,,Fee Schedule,"758.1 % 2013 Manhattan Medicare. ",1203.88,,,,,,,Case Rate,"100% Medicare OPPS FS. ",59.97,,,,,,,Fee Schedule,"758.1 % 2013 Manhattan Medicare. ",59.97,,,,,,,Fee Schedule,"758.1 % 2013 Manhattan Medicare. ",59.97,,,,,,,Fee Schedule,"758.1 % 2013 Manhattan Medicare. ",59.97,,,,,,,Fee Schedule,"758.1 % 2013 Manhattan Medicare. ",1203.88,,,,,,,Case Rate,"100% Medicare OPPS FS. ",59.97,,,,,,,Fee Schedule,"758.1 % 2013 Manhattan Medicare. ",59.97,,,,,,,Fee Schedule,"758.1 % 2013 Manhattan Medicare. ",406.98,60,,,,,0,percent of total billed charges,60 percent of billed charges; No services were performed during the 15 month look back period.,4.46,,,,,,,Fee Schedule,100% of RBRVS. Lesser of 100% of billed charges applies.,4.01,,,,,,,Fee schedule,90 Percent of Medicare RBRVS. Covered services not payable under Medicaid Fee Schedules default to a payment of 50 percent of charges.,819.5,,,,,,,Fee Schedule,225% of NYS APG. Lesser of 100% of billed charges applies.,819.5,,,,,,,Case Rate,225 Percent of Medicaid APG. Covered services not payable under Medicaid Fee Schedules default to a payment of 87.5 percent of charges.,4.01,,,,,,,Fee schedule,90 Percent of Medicare RBRVS. Covered services not payable under Medicaid Fee Schedules default to a payment of 50 percent of charges.,819.5,,,,,,,Fee Schedule,225% of NYS APG. Lesser of 100% of billed charges applies.,819.5,,,,,,,Fee Schedule,225% of NYS APG. Lesser of 100% of billed charges applies.,819.5,,,,,,,Fee Schedule,225% of NYS APG. Lesser of 100% of billed charges applies.,819.5,,,,,,,Fee Schedule,225% of NYS APG. Lesser of 100% of billed charges applies.,819.5,,,,,,,Fee Schedule,225% of NYS APG. Lesser of 100% of billed charges applies.,819.5,,,,,,,Fee Schedule,225% of NYS APG. Lesser of 100% of billed charges applies.,,,,,,,,,"NA. ",,,,,,,,,"NA. ",,,,,,,,,"NA. ",29.16,,,,,,,Fee Schedule,"450 % 2018 Cigna RBRVS fee schedule. ",,,,,,,,,"NA. ",1203.88,,,,,,,Case Rate,"100% Medicare OPPS FS. ",5,,,,,,,Fee Schedule,"100 % 1199 Fee Schedule. ",1203.88,,,,,,,Case Rate,"100% Medicare OPPS FS. ",1203.88,,,,,,,Case Rate,"100% Medicare OPPS FS. ",437.07,,,,,,,Case Rate,"120 Percent of Medicaid APG. Not APG payable, or payable under another fee schedule like ASP/AWP pays at 30% of charges",437.07,,,,,,,Case Rate,"120 Percent of Medicaid APG. Not APG payable, or payable under another fee schedule like ASP/AWP pays at 30% of charges",364.22,,,,,,,Case Rate,"100 Percent of Medicaid APG. Not APG payable, or payable under another fee schedule like ASP/AWP pays at 30% of charges",364.22,,,,,,,Case Rate,"100 Percent of Medicaid APG. Not APG payable, or payable under another fee schedule like ASP/AWP pays at 30% of charges",364.22,,,,,,,Case Rate,"100 Percent of Medicaid APG. ",495.159,73,,,,,0,percent of total billed charges,73 percent of billed charges; No services were performed during the 15 month look back period.,406.98,60,,8077.17,8077.17,8077.17,1 through 10,percent of total billed charges,60 percent of billed charges,495.159,73,,,,,0,percent of total billed charges,73 percent of billed charges; No services were performed during the 15 month look back period.,29.16,,,,,,,Fee Schedule,"450 % 2018 Cigna RBRVS fee schedule. ",1203.88,,,,,,,Case Rate,"100%Medicare OPPS FS. ",1203.88,,,,,,,Case Rate,"100% Medicare OPPS FS. ",1203.88,,,,,,,Case Rate,"100% Medicare OPPS FS. ",1203.88,,,,,,,Case Rate,"100% Medicare OPPS FS. ",1203.88,,,,,,,Case Rate,"100%Medicare OPPS FS. ",1203.88,,,,,,,Case Rate,"100% Medicare OPPS FS. ",,,,,,,,,"NA. ",819.5,,,,,,,Fee Schedule,225% of NYS APG. Lesser of 100% of billed charges applies.,4.01,,,,,,,Fee Schedule,90 Percent of Medicare RBRVS. Lesser of 100% of billed charges applies.,59.97,,,,,,,Fee Schedule,"758.1 % 2013 Manhattan Medicare. ",495.159,73,,,,,0,percent of total billed charges,73 percent of billed charges; No services were performed during the 15 month look back period.,495.159,73,,,,,0,percent of total billed charges,73 percent of billed charges; No services were performed during the 15 month look back period.,495.159,73,,,,,0,percent of total billed charges,73 percent of billed charges; No services were performed during the 15 month look back period.,495.159,73,,,,,0,percent of total billed charges,73 percent of billed charges; No services were performed during the 15 month look back period.,1203.88,,,,,,,Case Rate,"100% Medicare OPPS FS. ",364.22,,,,,,,Case Rate,"100 Percent of Medicaid APG. ",59.97,,,,,,,Fee Schedule,"758.1 % 2013 Manhattan Medicare. ",364.22,,,,,,,Case Rate,"100 Percent of Medicaid APG. ",1203.88,,,,,,,Case Rate,"100% Medicare OPPS FS. ",364.22,,,,,,,Case Rate,"100 Percent of Medicaid APG. ",1203.88,,,,,,,Case Rate,"100% Medicare OPPS FS. ",1203.88,,,,,,,Case Rate,"100% Medicare OPPS FS. ",364.22,,,,,,,Case Rate,"100 Percent of Medicaid APG. ",364.22,,,,,,,Case Rate,"100 Percent of Medicaid APG. ",495.159,73,,,,,0,percent of total billed charges,73 percent of billed charges; No services were performed during the 15 month look back period.,29.16,,,,,,,Fee Schedule,"450 % 2018 Cigna RBRVS fee schedule. ",529.074,78,,,,,0,percent of total billed charges,78% of Billed Charges. Lesser of 100% of billed charges applies.; No services were performed during the 15 month look back period.,67.49,,,,,,,Fee Schedule,". ",67.49,,,,,,,Fee Schedule,". ",406.98,60,,406.98,406.98,406.98,1 through 10,percent of total billed charges,60 percent of billed charges,1179.8,,,,,,,Case Rate,"98% of RBRVS. ",17.76,,,,,,,Fee Schedule,"416 % Medicare RBRVS. ",17.76,,,,,,,Fee Schedule,"416 % Medicare RBRVS. ",47.97,,,,,,,Fee Schedule,"606.5 % 2013 Manhattan Medicare. ",47.97,,,,,,,Fee Schedule,"606.5 % 2013 Manhattan Medicare. ",1203.88,,,,,,,Case Rate,"100% Medicare OPPS FS. ",1203.88,,,,,,,Case Rate,"100% Medicare OPPS FS. ",1203.88,,,,,,,Case Rate,"100% Medicare OPPS FS. ",1203.88,,,,,,,Case Rate,"100% Medicare OPPS FS. ",67.49,,,,,,,Fee Schedule,". ",59.97,,,,,,,Fee Schedule,"758.1 % 2013 Manhattan Medicare. ",59.97,,,,,,,Fee Schedule,"758.1 % 2013 Manhattan Medicare. ",1203.88,,,,,,,Case Rate,"100% Medicare OPPS FS. ",47.97,,,,,,,Fee Schedule,"606.5 % 2013 Manhattan Medicare. ",495.159,73,,12124.13,12124.13,12124.13,1 through 10,percent of total billed charges,73 percent of billed charges,437.07,,,,,,,Fee Schedule,"120 Percent of Medicaid APG. ",364.22,,,,,,,Case Rate,"100 Percent of Medicaid APG. ",495.159,73,,,,,0,percent of total billed charges,73 percent of billed charges; No services were performed during the 15 month look back period.,53.97,,,,,,,Fee Schedule,"682.3 % 2013 Manhattan Medicare. ",53.97,,,,,,,Fee Schedule,"682.3 % 2013 Manhattan Medicare. ",59.97,,,,,,,Fee Schedule,"758.1 % 2013 Manhattan Medicare. ",339.15,50,,,,,0,percent of total billed charges,50 percent of billed charges; No services were performed during the 15 month look back period.,1203.88,,,,,,,Case Rate,"100%Medicare OPPS FS. ",382.43,,,,,,,Fee Schedule,105 percent of Medicaid APG. otherwise 105% of Ordered NYS MCD FS or 105% of ASP+6%,382.43,,,,,,,Fee Schedule,105 percent of Medicaid APG. otherwise 105% of Ordered NYS MCD FS or 105% of ASP+6%,382.43,,,,,,,Fee Schedule,105 percent of Medicaid APG. otherwise 105% of Ordered NYS MCD FS or 105% of ASP+6%,491.7,,,,,,,Fee Schedule,135 percent of Medicaid APG. otherwise 135% of Ordered NYS MCD FS or 135% of ASP+6%,67.49,,,,,,,Fee Schedule,". ",382.43,,,,,,,Fee Schedule,105 percent of Medicaid APG. otherwise 105% of Ordered NYS MCD FS or 105% of ASP+6%,382.43,,,,,,,Fee Schedule,105 percent of Medicaid APG. otherwise 105% of Ordered NYS MCD FS or 105% of ASP+6%,382.43,,,,,,,Fee Schedule,105 percent of Medicaid APG. otherwise 105% of Ordered NYS MCD FS or 105% of ASP+6%,382.43,,,,,,,Fee Schedule,105 percent of Medicaid APG. otherwise 105% of Ordered NYS MCD FS or 105% of ASP+6%,382.43,,,,,,,Fee Schedule,105 percent of Medicaid APG. otherwise 105% of Ordered NYS MCD FS or 105% of ASP+6%,491.7,,,,,,,Fee Schedule,135 percent of Medicaid APG. otherwise 135% of Ordered NYS MCD FS or 135% of ASP+6%,491.7,,,,,,,Fee Schedule,135 percent of Medicaid APG. otherwise 135% of Ordered NYS MCD FS or 135% of ASP+6%,1203.88,,,,,,,Case Rate,"100% Medicare OPPS FS. ",67.49,,,,,,,Fee Schedule,". ",1203.88,,,,,,,Case Rate,"100% Medicare OPPS FS. ",382.43,,,,,,,Fee Schedule,105 percent of Medicaid APG. otherwise 105% of Ordered NYS MCD FS or 105% of ASP+6%,59.97,,,,,,,Fee Schedule,"758.1 % 2013 Manhattan Medicare. ",1203.88,,,,,,,Case Rate,"100% Medicare OPPS FS. ",59.97,,,,,,,Fee Schedule,"758.1 % 2013 Manhattan Medicare. ",59.97,,,,,,,Fee Schedule,"758.1 % 2013 Manhattan Medicare. ",59.97,,,,,,,Fee Schedule,"758.1 % 2013 Manhattan Medicare. ",382.43,,,,,,,Fee Schedule,105 percent of Medicaid APG. otherwise 105% of Ordered NYS MCD FS or 105% of ASP+6%,1203.88,,,,,,,Case Rate,"100% Medicare OPPS FS. ",59.97,,,,,,,Fee Schedule,"758.1 % 2013 Manhattan Medicare. ",491.7,,,,,,,Fee Schedule,135 percent of Medicaid APG. otherwise 135% of Ordered NYS MCD FS or 135% of ASP+6%,59.97,,,,,,,Fee Schedule,"758.1 % 2013 Manhattan Medicare. ",1805.82,,,,,,,Case Rate,"150% of Medicare OPPS. ",1203.88,,,,,,,Case Rate,"100%Medicare OPPS FS. ",495.159,73,,,,,0,percent of total billed charges,73 percent of billed charges; No services were performed during the 15 month look back period.,495.159,73,,,,,0,percent of total billed charges,73 percent of billed charges; No services were performed during the 15 month look back period.,495.159,73,,,,,0,percent of total billed charges,73 percent of billed charges; No services were performed during the 15 month look back period.,495.159,73,,,,,0,percent of total billed charges,73 percent of billed charges; No services were performed during the 15 month look back period.,495.159,73,,,,,0,percent of total billed charges,73 percent of billed charges; No services were performed during the 15 month look back period.,495.159,73,,,,,0,percent of total billed charges,73 percent of billed charges; No services were performed during the 15 month look back period.,495.159,73,,,,,0,percent of total billed charges,73 percent of billed charges; No services were performed during the 15 month look back period.,495.159,73,,,,,0,percent of total billed charges,73 percent of billed charges; No services were performed during the 15 month look back period.,495.159,73,,,,,0,percent of total billed charges,73 percent of billed charges; No services were performed during the 15 month look back period.,495.159,73,,,,,0,percent of total billed charges,73 percent of billed charges; No services were performed during the 15 month look back period.,495.159,73,,,,,0,percent of total billed charges,73 percent of billed charges; No services were performed during the 15 month look back period.,495.159,73,,,,,0,percent of total billed charges,73 percent of billed charges; No services were performed during the 15 month look back period.,1203.88,,,,,,,Case Rate,"100% Medicare OPPS FS. ",495.159,73,,,,,0,percent of total billed charges,73 percent of billed charges; No services were performed during the 15 month look back period.,1203.88,,,,,,,Case Rate,"100% Medicare OPPS FS. ",819.5,,,,,,,Case Rate,"225 Percent of Medicaid APG. If not included in Medicaid APG, then 100 Percent of Manhattan Medicare",364.22,,,,,,,Case Rate,"100 Percent of Medicaid APG. ",67.49,,,,,,,Fee Schedule,". ",67.49,,,,,,,Fee Schedule,". ",1203.88,,,,,,,Case Rate,"100% Medicare OPPS FS. ",17.76,,,,,,,Fee Schedule,"416 % Medicare RBRVS. ",1203.88,,,,,,,Case Rate,"100% Medicare OPPS FS. ",1203.88,,,,,,,Case Rate,"100% Medicare OPPS FS. ",406.98,60,,,,,0,percent of total billed charges,60 percent of billed charges; No services were performed during the 15 month look back period.,1203.88,,,,,,,Case Rate,"100% Medicare OPPS FS. ",29.16,,,,,,,Fee Schedule,"450 % 2018 Cigna RBRVS fee schedule. ",1203.88,,,,,,,Case Rate,"100% Medicare OPPS FS. ",29.16,,,,,,,Fee Schedule,"450 % 2018 Cigna RBRVS fee schedule. ",406.98,60,,,,,0,percent of total billed charges,60 percent of billed charges; No services were performed during the 15 month look back period.,29.16,,,,,,,Fee Schedule,"450 % 2018 Cigna RBRVS fee schedule. ",1203.88,,,,,,,Case Rate,"100% Medicare OPPS FS. ",364.22,,,,,,,Case Rate,"100 Percent of Medicaid APG. ",1203.88,,,,,,,Case Rate,"100% Medicare OPPS FS. ",29.16,,,,,,,Fee Schedule,"450 % 2018 Cigna RBRVS fee schedule. ",67.49,,,,,,,Fee Schedule,". ",364.22,,,,,,,Case Rate,"100 Percent of Medicaid APG. ",59.97,,,,,,,Fee Schedule,"758.1 % 2013 Manhattan Medicare. ",437.07,,,,,,,Fee Schedule,"120 Percent of Medicaid APG. ",437.07,,,,,,,Fee Schedule,"120 Percent of Medicaid APG. ",59.97,,,,,,,Fee Schedule,"758.1 % 2013 Manhattan Medicare. ",59.97,,,,,,,Fee Schedule,"758.1 % 2013 Manhattan Medicare. ",59.97,,,,,,,Fee Schedule,"758.1 % 2013 Manhattan Medicare. ",67.49,,,,,,,Fee Schedule,". ",59.97,,,,,,,Fee Schedule,"758.1 % 2013 Manhattan Medicare. ",59.97,,,,,,,Fee Schedule,"758.1 % 2013 Manhattan Medicare. ",59.97,,,,,,,Fee Schedule,"758.1 % 2013 Manhattan Medicare. ",495.159,73,,,,,0,percent of total billed charges,73 percent of billed charges; No services were performed during the 15 month look back period.,495.159,73,,,,,0,percent of total billed charges,73 percent of billed charges; No services were performed during the 15 month look back period.,2383.68,,,,,,,Case Rate,198 Percent of Medicare OPPS. Metroplus will reimburse unlisted codes and described codes with no Medicare rate at 50 percent of charges.,364.22,,,,,,,Case Rate,"100 Percent of Medicaid APG. ",67.49,,,,,,,Fee Schedule,". ",29.16,,,,,,,Fee Schedule,"450 % 2018 Cigna RBRVS fee schedule. ",406.98,60,,,,,0,percent of total billed charges,60 percent of billed charges; No services were performed during the 15 month look back period.,67.49,,,,,,,Fee Schedule,". ",406.98,60,,,,,0,percent of total billed charges,60 percent of billed charges; No services were performed during the 15 month look back period.,67.49,,,,,,,Fee Schedule,". ",59.97,,,,,,,Fee Schedule,"758.1 % 2013 Manhattan Medicare. ",59.97,,,,,,,Fee Schedule,"758.1 % 2013 Manhattan Medicare. ",59.97,,,,,,,Fee Schedule,"758.1 % 2013 Manhattan Medicare. ",59.97,,,,,,,Fee Schedule,"758.1 % 2013 Manhattan Medicare. ",1203.88,,,,,,,Case Rate,"100% Medicare OPPS FS. ",4.01,2383.68,
96380,CPT,2027600,LOCAL,771,RC,HC ADMN RSV MONOC ANTB IM CNSL,642.5,122.075,both,,,,25.33,,,,,,,Fee Schedule,"100 % 1199 Fee Schedule. ",25.33,,,,,,,Fee Schedule,"100 % 1199 Fee Schedule. ",385.5,60,,,,,0,percent of total billed charges,60 percent of billed charges; No services were performed during the 15 month look back period.,642.5,100,,,,,0,percent of total billed charges,100 percent of billed charges; No services were performed during the 15 month look back period.,,,,,,,,Other,"Not Payable. ",385.5,60,,,,,0,percent of total billed charges,60 percent of billed charges; No services were performed during the 15 month look back period.,385.5,60,,,,,0,percent of total billed charges,60 percent of billed charges; No services were performed during the 15 month look back period.,385.5,60,,,,,0,percent of total billed charges,60 percent of billed charges; No services were performed during the 15 month look back period.,,,,,,,,Other,"100 Percent of Medicaid APG. ",,,,,,,,Other,"100 Percent of Medicaid APG. ",501.15,78,,,,,0,percent of total billed charges,78% of Billed Charges. Lesser of 100% of billed charges applies.; No services were performed during the 15 month look back period.,,,,,,,,Fee Schedule,". ",,,,,,,,Other,"100 Percent of Medicaid APG. ",,,,,,,,Other,"Not Payable. ",385.5,60,,,,,0,percent of total billed charges,60 percent of billed charges; No services were performed during the 15 month look back period.,385.5,60,,,,,0,percent of total billed charges,60 percent of billed charges; No services were performed during the 15 month look back period.,385.5,60,,,,,0,percent of total billed charges,60 percent of billed charges; No services were performed during the 15 month look back period.,385.5,60,,,,,0,percent of total billed charges,60 percent of billed charges; No services were performed during the 15 month look back period.,23.36,,,,,,,Fee schedule,90 Percent of Medicare RBRVS. Covered services not payable under Medicaid Fee Schedules default to a payment of 50 percent of charges.,,,,,,,,Other,"Not Payable. ",23.36,,,,,,,Fee schedule,90 Percent of Medicare RBRVS. Covered services not payable under Medicaid Fee Schedules default to a payment of 50 percent of charges.,501.15,78,,,,,0,percent of total billed charges,78% of Billed Charges. Lesser of 100% of billed charges applies.; No services were performed during the 15 month look back period.,385.5,60,,,,,0,percent of total billed charges,60 percent of billed charges; No services were performed during the 15 month look back period.,,,,,,,,Other,"Not Payable. ",469.025,73,,,,,0,percent of total billed charges,73 percent of billed charges; No services were performed during the 15 month look back period.,,,,,,,,Other,"Not Payable. ",,,,,,,,Other,"Not Payable. ",501.15,78,,,,,0,percent of total billed charges,78% of Billed Charges. Lesser of 100% of billed charges applies.; No services were performed during the 15 month look back period.,,,,,,,,Fee Schedule,"Not payable. ",,,,,,,,Fee Schedule,"Not payable. ",,,,,,,,Case rate,"100 Percent of Medicaid APG. ",,,,,,,,Case rate,"100 Percent of Medicaid APG. ",469.025,73,,,,,0,percent of total billed charges,73 percent of billed charges; No services were performed during the 15 month look back period.,469.025,73,,,,,0,percent of total billed charges,73 percent of billed charges; No services were performed during the 15 month look back period.,,,,,,,,Other,"100 Percent of Medicaid APG. Not APG payable, or payable under another fee schedule like ASP/AWP pays at 30% of charges",469.025,73,,,,,0,percent of total billed charges,73 percent of billed charges; No services were performed during the 15 month look back period.,,,,,,,,Other,"100 Percent of Medicaid APG. Not APG payable, or payable under another fee schedule like ASP/AWP pays at 30% of charges",,,,,,,,Other,"Not Payable. ",469.025,73,,,,,0,percent of total billed charges,73 percent of billed charges; No services were performed during the 15 month look back period.,501.15,78,,,,,0,percent of total billed charges,78% of Billed Charges. Lesser of 100% of billed charges applies.; No services were performed during the 15 month look back period.,,,,,,,,Other,"100 Percent of Medicaid APG. If not priced under APG, then Metroplus FeeSched",,,,,,,,Other,"100 Percent of Medicaid APG. If not priced under APG, then Metroplus FeeSched",501.15,78,,,,,0,percent of total billed charges,78% of Billed Charges. Lesser of 100% of billed charges applies.; No services were performed during the 15 month look back period.,385.5,60,,,,,0,percent of total billed charges,60 percent of billed charges; No services were performed during the 15 month look back period.,,,,,,,,Fee Schedule,". ",,,,,,,,Fee Schedule,". ",501.15,78,,,,,0,percent of total billed charges,78% of Billed Charges. Lesser of 100% of billed charges applies.; No services were performed during the 15 month look back period.,,,,,,,,Other,"Not Payable. ",,,,,,,,Fee Schedule,". ",,,,,,,,Fee Schedule,". ",,,,,,,,Fee Schedule,". ",,,,,,,,Other,"Not Payable. ",,,,,,,,Fee Schedule,". ",,,,,,,,Fee Schedule,". ",,,,,,,,Other,"Not Payable. ",321.25,50,,,,,0,percent of total billed charges,50 percent of billed charges; No services were performed during the 15 month look back period.,417.625,65,,,,,0,percent of total billed charges,65 percent of billed charges; No services were performed during the 15 month look back period.,417.625,65,,,,,0,percent of total billed charges,65 percent of billed charges; No services were performed during the 15 month look back period.,417.625,65,,,,,0,percent of total billed charges,65 percent of billed charges; No services were performed during the 15 month look back period.,417.625,65,,,,,0,percent of total billed charges,65 percent of billed charges; No services were performed during the 15 month look back period.,417.625,65,,,,,0,percent of total billed charges,65 percent of billed charges; No services were performed during the 15 month look back period.,417.625,65,,,,,0,percent of total billed charges,65 percent of billed charges; No services were performed during the 15 month look back period.,,,,,,,,Other,"Not Payable. ",,,,,,,,Other,"Not Payable. ",417.625,65,,,,,0,percent of total billed charges,65 percent of billed charges; No services were performed during the 15 month look back period.,501.15,78,,,,,0,percent of total billed charges,78% of Billed Charges. Lesser of 100% of billed charges applies.; No services were performed during the 15 month look back period.,501.15,78,,,,,0,percent of total billed charges,78% of Billed Charges. Lesser of 100% of billed charges applies.; No services were performed during the 15 month look back period.,501.15,78,,,,,0,percent of total billed charges,78% of Billed Charges. Lesser of 100% of billed charges applies.; No services were performed during the 15 month look back period.,501.15,78,,,,,0,percent of total billed charges,78% of Billed Charges. Lesser of 100% of billed charges applies.; No services were performed during the 15 month look back period.,501.15,78,,,,,0,percent of total billed charges,78% of Billed Charges. Lesser of 100% of billed charges applies.; No services were performed during the 15 month look back period.,501.15,78,,,,,0,percent of total billed charges,78% of Billed Charges. Lesser of 100% of billed charges applies.; No services were performed during the 15 month look back period.,501.15,78,,,,,0,percent of total billed charges,78% of Billed Charges. Lesser of 100% of billed charges applies.; No services were performed during the 15 month look back period.,501.15,78,,,,,0,percent of total billed charges,78% of Billed Charges. Lesser of 100% of billed charges applies.; No services were performed during the 15 month look back period.,501.15,78,,,,,0,percent of total billed charges,78% of Billed Charges. Lesser of 100% of billed charges applies.; No services were performed during the 15 month look back period.,501.15,78,,,,,0,percent of total billed charges,78% of Billed Charges. Lesser of 100% of billed charges applies.; No services were performed during the 15 month look back period.,501.15,78,,,,,0,percent of total billed charges,78% of Billed Charges. Lesser of 100% of billed charges applies.; No services were performed during the 15 month look back period.,501.15,78,,,,,0,percent of total billed charges,78% of Billed Charges. Lesser of 100% of billed charges applies.; No services were performed during the 15 month look back period.,501.15,78,,,,,0,percent of total billed charges,78% of Billed Charges. Lesser of 100% of billed charges applies.; No services were performed during the 15 month look back period.,501.15,78,,,,,0,percent of total billed charges,78% of Billed Charges. Lesser of 100% of billed charges applies.; No services were performed during the 15 month look back period.,501.15,78,,,,,0,percent of total billed charges,78% of Billed Charges. Lesser of 100% of billed charges applies.; No services were performed during the 15 month look back period.,501.15,78,,,,,0,percent of total billed charges,78% of Billed Charges. Lesser of 100% of billed charges applies.; No services were performed during the 15 month look back period.,501.15,78,,,,,0,percent of total billed charges,78% of Billed Charges. Lesser of 100% of billed charges applies.; No services were performed during the 15 month look back period.,501.15,78,,,,,0,percent of total billed charges,78% of Billed Charges. Lesser of 100% of billed charges applies.; No services were performed during the 15 month look back period.,501.15,78,,,,,0,percent of total billed charges,78% of Billed Charges. Lesser of 100% of billed charges applies.; No services were performed during the 15 month look back period.,501.15,78,,,,,0,percent of total billed charges,78% of Billed Charges. Lesser of 100% of billed charges applies.; No services were performed during the 15 month look back period.,501.15,78,,,,,0,percent of total billed charges,78% of Billed Charges. Lesser of 100% of billed charges applies.; No services were performed during the 15 month look back period.,501.15,78,,,,,0,percent of total billed charges,78% of Billed Charges. Lesser of 100% of billed charges applies.; No services were performed during the 15 month look back period.,501.15,78,,,,,0,percent of total billed charges,78% of Billed Charges. Lesser of 100% of billed charges applies.; No services were performed during the 15 month look back period.,501.15,78,,,,,0,percent of total billed charges,78% of Billed Charges. Lesser of 100% of billed charges applies.; No services were performed during the 15 month look back period.,501.15,78,,,,,0,percent of total billed charges,78% of Billed Charges. Lesser of 100% of billed charges applies.; No services were performed during the 15 month look back period.,501.15,78,,,,,0,percent of total billed charges,78% of Billed Charges. Lesser of 100% of billed charges applies.; No services were performed during the 15 month look back period.,469.025,73,,,,,0,percent of total billed charges,73 percent of billed charges; No services were performed during the 15 month look back period.,469.025,73,,,,,0,percent of total billed charges,73 percent of billed charges; No services were performed during the 15 month look back period.,469.025,73,,,,,0,percent of total billed charges,73 percent of billed charges; No services were performed during the 15 month look back period.,469.025,73,,,,,0,percent of total billed charges,73 percent of billed charges; No services were performed during the 15 month look back period.,514,80,,,,,0,percent of total billed charges,80 percent of billed charges; No services were performed during the 15 month look back period.,514,80,,,,,0,percent of total billed charges,80 percent of billed charges; No services were performed during the 15 month look back period.,385.5,60,,,,,0,percent of total billed charges,60 percent of billed charges; No services were performed during the 15 month look back period.,417.625,65,,,,,0,percent of total billed charges,65 percent of billed charges; No services were performed during the 15 month look back period.,,,,,,,,Fee Schedule,". ",417.625,65,,,,,0,percent of total billed charges,65 percent of billed charges; No services were performed during the 15 month look back period.,501.15,78,,,,,0,percent of total billed charges,78% of Billed Charges. Lesser of 100% of billed charges applies.; No services were performed during the 15 month look back period.,514,80,,,,,0,percent of total billed charges,80 percent of billed charges; No services were performed during the 15 month look back period.,417.625,65,,,,,0,percent of total billed charges,65 percent of billed charges; No services were performed during the 15 month look back period.,,,,,,,,Fee Schedule,". ",385.5,60,,,,,0,percent of total billed charges,60 percent of billed charges; No services were performed during the 15 month look back period.,,,,,,,,,"NA. ",501.15,78,,,,,0,percent of total billed charges,78% of Billed Charges. Lesser of 100% of billed charges applies.; No services were performed during the 15 month look back period.,,,,,,,,Other,"100 Percent of Medicaid APG. ",469.025,73,,,,,0,percent of total billed charges,73 percent of billed charges; No services were performed during the 15 month look back period.,,,,,,,,Other,"100 Percent of Medicaid APG. Not APG payable, or payable under another fee schedule like ASP/AWP pays at 30% of charges",,,,,,,,Other,"Not Payable. ",,,,,,,,Other,"Not Payable. ",321.25,50,,,,,0,percent of total billed charges,50 percent of billed charges; No services were performed during the 15 month look back period.,,,,,,,,Other,"Not Payable. ",,,,,,,,Other,"Not Payable. ",,,,,,,,Other,"100 Percent of Medicaid APG. ",,,,,,,,Other,"Not Payable. ",,,,,,,,Other,"Not Payable. ",385.5,60,,,,,0,percent of total billed charges,60 percent of billed charges; No services were performed during the 15 month look back period.,385.5,60,,,,,0,percent of total billed charges,60 percent of billed charges; No services were performed during the 15 month look back period.,,,,,,,,Other,"Not Payable. ",385.5,60,,,,,0,percent of total billed charges,60 percent of billed charges; No services were performed during the 15 month look back period.,,,,,,,,Fee Schedule,". ",,,,,,,,Fee Schedule,". ",,,,,,,,Other,"Not Payable. ",385.5,60,,385.5,385.5,385.5,1 through 10,percent of total billed charges,60 percent of billed charges,385.5,60,,,,,0,percent of total billed charges,60 percent of billed charges; No services were performed during the 15 month look back period.,385.5,60,,,,,0,percent of total billed charges,60 percent of billed charges; No services were performed during the 15 month look back period.,385.5,60,,,,,0,percent of total billed charges,60 percent of billed charges; No services were performed during the 15 month look back period.,501.15,78,,,,,0,percent of total billed charges,78% of Billed Charges. Lesser of 100% of billed charges applies.; No services were performed during the 15 month look back period.,501.15,78,,,,,0,percent of total billed charges,78% of Billed Charges. Lesser of 100% of billed charges applies.; No services were performed during the 15 month look back period.,501.15,78,,,,,0,percent of total billed charges,78% of Billed Charges. Lesser of 100% of billed charges applies.; No services were performed during the 15 month look back period.,501.15,78,,,,,0,percent of total billed charges,78% of Billed Charges. Lesser of 100% of billed charges applies.; No services were performed during the 15 month look back period.,501.15,78,,,,,0,percent of total billed charges,78% of Billed Charges. Lesser of 100% of billed charges applies.; No services were performed during the 15 month look back period.,501.15,78,,,,,0,percent of total billed charges,78% of Billed Charges. Lesser of 100% of billed charges applies.; No services were performed during the 15 month look back period.,501.15,78,,,,,0,percent of total billed charges,78% of Billed Charges. Lesser of 100% of billed charges applies.; No services were performed during the 15 month look back period.,501.15,78,,,,,0,percent of total billed charges,78% of Billed Charges. Lesser of 100% of billed charges applies.; No services were performed during the 15 month look back period.,501.15,78,,,,,0,percent of total billed charges,78% of Billed Charges. Lesser of 100% of billed charges applies.; No services were performed during the 15 month look back period.,501.15,78,,,,,0,percent of total billed charges,78% of Billed Charges. Lesser of 100% of billed charges applies.; No services were performed during the 15 month look back period.,501.15,78,,,,,0,percent of total billed charges,78% of Billed Charges. Lesser of 100% of billed charges applies.; No services were performed during the 15 month look back period.,514,80,,,,,0,percent of total billed charges,80 percent of billed charges; No services were performed during the 15 month look back period.,417.625,65,,,,,0,percent of total billed charges,65 percent of billed charges; No services were performed during the 15 month look back period.,385.5,60,,,,,0,percent of total billed charges,60 percent of billed charges; No services were performed during the 15 month look back period.,,,,,,,,Other,"Not Payable. ",385.5,60,,,,,0,percent of total billed charges,60 percent of billed charges; No services were performed during the 15 month look back period.,385.5,60,,,,,0,percent of total billed charges,60 percent of billed charges; No services were performed during the 15 month look back period.,385.5,60,,,,,0,percent of total billed charges,60 percent of billed charges; No services were performed during the 15 month look back period.,501.15,78,,,,,0,percent of total billed charges,78% of Billed Charges. Lesser of 100% of billed charges applies.; No services were performed during the 15 month look back period.,,,,,,,,Other,"Not payable. ",385.5,60,,,,,0,percent of total billed charges,60 percent of billed charges; No services were performed during the 15 month look back period.,,,,,,,,Other,"100 Percent of Medicaid APG. ",,,,,,,,Other,"Not Payable. ",,,,,,,,Other,"Not Payable. ",,,,,,,,Other,"Not Payable. ",,,,,,,,Other,"Not Payable. ",,,,,,,,Other,"Not Payable. ",,,,,,,,Other,"Not Payable. ",385.5,60,,,,,0,percent of total billed charges,60 percent of billed charges; No services were performed during the 15 month look back period.,321.25,50,,,,,0,percent of total billed charges,50 percent of billed charges; No services were performed during the 15 month look back period.,41.54,,,,,,,Fee Schedule,"160 Percent of Medicare RBRVS. ",41.54,,,,,,,Fee Schedule,"160 Percent of Medicare RBRVS. ",41.54,,,,,,,Fee Schedule,"160 Percent of Medicare RBRVS. ",41.54,,,,,,,Fee Schedule,"160 Percent of Medicare RBRVS. ",41.54,,,,,,,Fee Schedule,"160 Percent of Medicare RBRVS. ",,,,,,,,,"NA. ",321.25,50,,,,,0,percent of total billed charges,50 percent of billed charges; No services were performed during the 15 month look back period.,,,,,,,,Fee Schedule,"Not Payable. ",,,,,,,,Fee Schedule,"Not Payable. ",,,,,,,,Fee Schedule,"Not Payable. ",,,,,,,,Fee Schedule,"Not Payable. ",,,,,,,,Fee Schedule,"Not Payable. ",,,,,,,,Other,"Not Payable. ",514,80,,,,,0,percent of total billed charges,80 percent of billed charges; No services were performed during the 15 month look back period.,514,80,,,,,0,percent of total billed charges,80 percent of billed charges; No services were performed during the 15 month look back period.,514,80,,,,,0,percent of total billed charges,80 percent of billed charges; No services were performed during the 15 month look back period.,514,80,,,,,0,percent of total billed charges,80 percent of billed charges; No services were performed during the 15 month look back period.,385.5,60,,,,,0,percent of total billed charges,60 percent of billed charges; No services were performed during the 15 month look back period.,385.5,60,,,,,0,percent of total billed charges,60 percent of billed charges; No services were performed during the 15 month look back period.,385.5,60,,,,,0,percent of total billed charges,60 percent of billed charges; No services were performed during the 15 month look back period.,385.5,60,,,,,0,percent of total billed charges,60 percent of billed charges; No services were performed during the 15 month look back period.,321.25,50,,,,,0,percent of total billed charges,50 percent of billed charges; No services were performed during the 15 month look back period.,321.25,50,,,,,0,percent of total billed charges,50 percent of billed charges; No services were performed during the 15 month look back period.,,,,,,,,Other,"Not Payable. ",,,,,,,,Other,"Not Payable. ",,,,,,,,Other,"Not Payable. ",417.625,65,,,,,0,percent of total billed charges,65 percent of billed charges; No services were performed during the 15 month look back period.,417.625,65,,,,,0,percent of total billed charges,65 percent of billed charges; No services were performed during the 15 month look back period.,417.625,65,,,,,0,percent of total billed charges,65 percent of billed charges; No services were performed during the 15 month look back period.,321.25,50,,,,,0,percent of total billed charges,50 percent of billed charges; No services were performed during the 15 month look back period.,385.5,60,,,,,0,percent of total billed charges,60 percent of billed charges; No services were performed during the 15 month look back period.,,,,,,,,Other,"Not Payable. ",417.625,65,,,,,0,percent of total billed charges,65 percent of billed charges; No services were performed during the 15 month look back period.,,,,,,,,Other,"100 Percent of Medicaid APG. ",,,,,,,,Other,"Not Payable. ",,,,,,,,Other,"Not Payable. ",,,,,,,,Other,"Not Payable. ",,,,,,,,Case rate,"100 Percent of Medicaid APG. ",,,,,,,,Fee Schedule,"Not payable. ",,,,,,,,Fee Schedule,"Not payable. ",,,,,,,,Fee Schedule,"Not payable. ",,,,,,,,Fee Schedule,"Not payable. ",,,,,,,,Fee Schedule,"Not payable. ",,,,,,,,Other,"Not Payable. ",,,,,,,,Other,"100 Percent of Medicaid APG. ",,,,,,,,Fee Schedule,"Not payable. ",,,,,,,,Fee Schedule,"Not payable. ",,,,,,,,Fee Schedule,"Not payable. ",,,,,,,,Fee Schedule,"Not payable. ",,,,,,,,Fee Schedule,"Not payable. ",41.54,,,,,,,Fee Schedule,"160 Percent of Medicare RBRVS. ",,,,,,,,Other,"Not Payable. ",,,,,,,,Other,"Not Payable. ",385.5,60,,,,,0,percent of total billed charges,60 percent of billed charges; No services were performed during the 15 month look back period.,,,,,,,,Other,"Not Payable. ",,,,,,,,Case Rate,"NA. ",,,,,,,,Case Rate,"NA. ",,,,,,,,Case rate,"100 Percent of Medicaid APG. ",,,,,,,,Case rate,"100 Percent of Medicaid APG. ",,,,,,,,Case Rate,Not Payable. Covered services not payable under Medicaid Fee Schedules default to a payment of 87.5 percent of charges.,23.36,,,,,,,Fee schedule,90 Percent of Medicare RBRVS. Covered services not payable under Medicaid Fee Schedules default to a payment of 50 percent of charges.,,,,,,,,Other,"100 Percent of Medicaid APG. ",,,,,,,,Other,"100 Percent of Medicaid APG. ",,,,,,,,Other,"100 Percent of Medicaid APG. ",,,,,,,,Other,"100 Percent of Medicaid APG. ",,,,,,,,,,321.25,50,,,,,0,percent of total billed charges,50 percent of billed charges; No services were performed during the 15 month look back period.,,,,,,,,Other,"120 Percent of Medicaid APG. Not APG payable, or payable under another fee schedule like ASP/AWP pays at 30% of charges",,,,,,,,Other,"120 Percent of Medicaid APG. Not APG payable, or payable under another fee schedule like ASP/AWP pays at 30% of charges",,,,,,,,Other,"100 Percent of Medicaid APG. Not APG payable, or payable under another fee schedule like ASP/AWP pays at 30% of charges",,,,,,,,Other,"100 Percent of Medicaid APG. Not APG payable, or payable under another fee schedule like ASP/AWP pays at 30% of charges",417.625,65,,,,,0,percent of total billed charges,65 percent of billed charges; No services were performed during the 15 month look back period.,417.625,65,,,,,0,percent of total billed charges,65 percent of billed charges; No services were performed during the 15 month look back period.,,,,,,,,Other,"Not Payable. ",417.625,65,,,,,0,percent of total billed charges,65 percent of billed charges; No services were performed during the 15 month look back period.,417.625,65,,,,,0,percent of total billed charges,65 percent of billed charges; No services were performed during the 15 month look back period.,417.625,65,,,,,0,percent of total billed charges,65 percent of billed charges; No services were performed during the 15 month look back period.,417.625,65,,,,,0,percent of total billed charges,65 percent of billed charges; No services were performed during the 15 month look back period.,,,,,,,,Other,"Not Payable. ",417.625,65,,,,,0,percent of total billed charges,65 percent of billed charges; No services were performed during the 15 month look back period.,417.625,65,,,,,0,percent of total billed charges,65 percent of billed charges; No services were performed during the 15 month look back period.,385.5,60,,,,,0,percent of total billed charges,60 percent of billed charges; No services were performed during the 15 month look back period.,,,,,,,,Fee Schedule,100% APG. Lesser of 100% of billed charges applies.,23.36,,,,,,,Fee schedule,90 Percent of Medicare RBRVS. Covered services not payable under Medicaid Fee Schedules default to a payment of 50 percent of charges.,,,,,,,,Fee Schedule,"Not payable. ",,,,,,,,Case Rate,Not Payable. Covered services not payable under Medicaid Fee Schedules default to a payment of 87.5 percent of charges.,23.36,,,,,,,Fee schedule,90 Percent of Medicare RBRVS. Covered services not payable under Medicaid Fee Schedules default to a payment of 50 percent of charges.,,,,,,,,Fee Schedule,"Not payable. ",,,,,,,,Fee Schedule,"Not payable. ",,,,,,,,Fee Schedule,"Not payable. ",,,,,,,,Fee Schedule,"Not payable. ",,,,,,,,Fee Schedule,"Not payable. ",,,,,,,,Fee Schedule,"Not payable. ",,,,,,,,,"NA. ",,,,,,,,,"NA. ",,,,,,,,,"NA. ",385.5,60,,,,,0,percent of total billed charges,60 percent of billed charges; No services were performed during the 15 month look back period.,,,,,,,,,"NA. ",,,,,,,,Other,"Not Payable. ",25.33,,,,,,,Fee Schedule,"100 % 1199 Fee Schedule. ",,,,,,,,Other,"Not Payable. ",,,,,,,,Other,"Not Payable. ",,,,,,,,Other,"120 Percent of Medicaid APG. Not APG payable, or payable under another fee schedule like ASP/AWP pays at 30% of charges",,,,,,,,Other,"120 Percent of Medicaid APG. Not APG payable, or payable under another fee schedule like ASP/AWP pays at 30% of charges",,,,,,,,Other,"100 Percent of Medicaid APG. Not APG payable, or payable under another fee schedule like ASP/AWP pays at 30% of charges",,,,,,,,Other,"100 Percent of Medicaid APG. Not APG payable, or payable under another fee schedule like ASP/AWP pays at 30% of charges",,,,,,,,Other,"100 Percent of Medicaid APG. ",469.025,73,,,,,0,percent of total billed charges,73 percent of billed charges; No services were performed during the 15 month look back period.,385.5,60,,,,,0,percent of total billed charges,60 percent of billed charges; No services were performed during the 15 month look back period.,469.025,73,,,,,0,percent of total billed charges,73 percent of billed charges; No services were performed during the 15 month look back period.,385.5,60,,,,,0,percent of total billed charges,60 percent of billed charges; No services were performed during the 15 month look back period.,,,,,,,,Other,"Not Payable. ",,,,,,,,Other,"Not Payable. ",,,,,,,,Other,"Not Payable. ",,,,,,,,Other,"Not Payable. ",,,,,,,,Other,"Not Payable. ",,,,,,,,Other,"Not Payable. ",,,,,,,,,"NA. ",,,,,,,,Fee Schedule,"Not payable. ",,,,,,,,Fee Schedule,"Not payable. ",417.625,65,,,,,0,percent of total billed charges,65 percent of billed charges; No services were performed during the 15 month look back period.,469.025,73,,,,,0,percent of total billed charges,73 percent of billed charges; No services were performed during the 15 month look back period.,469.025,73,,,,,0,percent of total billed charges,73 percent of billed charges; No services were performed during the 15 month look back period.,469.025,73,,,,,0,percent of total billed charges,73 percent of billed charges; No services were performed during the 15 month look back period.,469.025,73,,,,,0,percent of total billed charges,73 percent of billed charges; No services were performed during the 15 month look back period.,,,,,,,,Other,"Not Payable. ",,,,,,,,Other,"100 Percent of Medicaid APG. ",417.625,65,,,,,0,percent of total billed charges,65 percent of billed charges; No services were performed during the 15 month look back period.,,,,,,,,Other,"100 Percent of Medicaid APG. ",,,,,,,,Other,"Not Payable. ",,,,,,,,Other,"100 Percent of Medicaid APG. ",,,,,,,,Other,"Not Payable. ",,,,,,,,Other,"Not Payable. ",,,,,,,,Other,"100 Percent of Medicaid APG. ",,,,,,,,Other,"100 Percent of Medicaid APG. ",469.025,73,,,,,0,percent of total billed charges,73 percent of billed charges; No services were performed during the 15 month look back period.,385.5,60,,,,,0,percent of total billed charges,60 percent of billed charges; No services were performed during the 15 month look back period.,501.15,78,,,,,0,percent of total billed charges,78% of Billed Charges. Lesser of 100% of billed charges applies.; No services were performed during the 15 month look back period.,,,,,,,,Fee Schedule,". ",,,,,,,,Fee Schedule,". ",385.5,60,,,,,0,percent of total billed charges,60 percent of billed charges; No services were performed during the 15 month look back period.,,,,,,,,Other,"Not Payable. ",514,80,,,,,0,percent of total billed charges,80 percent of billed charges; No services were performed during the 15 month look back period.,514,80,,,,,0,percent of total billed charges,80 percent of billed charges; No services were performed during the 15 month look back period.,334.1,52,,,,,0,percent of total billed charges,52 percent of billed charges; No services were performed during the 15 month look back period.,334.1,52,,,,,0,percent of total billed charges,52 percent of billed charges; No services were performed during the 15 month look back period.,,,,,,,,Other,"Not Payable. ",,,,,,,,Other,"Not Payable. ",,,,,,,,Other,"Not Payable. ",,,,,,,,Other,"Not Payable. ",,,,,,,,Fee Schedule,". ",417.625,65,,,,,0,percent of total billed charges,65 percent of billed charges; No services were performed during the 15 month look back period.,417.625,65,,,,,0,percent of total billed charges,65 percent of billed charges; No services were performed during the 15 month look back period.,,,,,,,,Other,"Not Payable. ",334.1,52,,,,,0,percent of total billed charges,52 percent of billed charges; No services were performed during the 15 month look back period.,469.025,73,,,,,0,percent of total billed charges,73 percent of billed charges; No services were performed during the 15 month look back period.,,,,,,,,Fee Schedule,"Not payable. ",,,,,,,,Other,"100 Percent of Medicaid APG. ",469.025,73,,,,,0,percent of total billed charges,73 percent of billed charges; No services were performed during the 15 month look back period.,379.075,59,,,,,0,percent of total billed charges,59 percent of billed charges; No services were performed during the 15 month look back period.,379.075,59,,,,,0,percent of total billed charges,59 percent of billed charges; No services were performed during the 15 month look back period.,417.625,65,,,,,0,percent of total billed charges,65 percent of billed charges; No services were performed during the 15 month look back period.,321.25,50,,,,,0,percent of total billed charges,50 percent of billed charges; No services were performed during the 15 month look back period.,,,,,,,,Other,"Not Payable. ",,,,,,,,Fee Schedule,"Not payable. ",,,,,,,,Fee Schedule,"Not payable. ",,,,,,,,Fee Schedule,"Not payable. ",,,,,,,,Fee Schedule,"Not payable. ",,,,,,,,Fee Schedule,". ",,,,,,,,Fee Schedule,"Not payable. ",,,,,,,,Fee Schedule,"Not payable. ",,,,,,,,Fee Schedule,"Not payable. ",,,,,,,,Fee Schedule,"Not payable. ",,,,,,,,Fee Schedule,"Not payable. ",,,,,,,,Fee Schedule,"Not payable. ",,,,,,,,Fee Schedule,"Not payable. ",,,,,,,,Other,"Not Payable. ",,,,,,,,Fee Schedule,". ",,,,,,,,Other,"Not Payable. ",,,,,,,,Fee Schedule,"Not payable. ",417.625,65,,,,,0,percent of total billed charges,65 percent of billed charges; No services were performed during the 15 month look back period.,,,,,,,,Other,"Not Payable. ",417.625,65,,,,,0,percent of total billed charges,65 percent of billed charges; No services were performed during the 15 month look back period.,417.625,65,,,,,0,percent of total billed charges,65 percent of billed charges; No services were performed during the 15 month look back period.,417.625,65,,,,,0,percent of total billed charges,65 percent of billed charges; No services were performed during the 15 month look back period.,,,,,,,,Fee Schedule,"Not payable. ",,,,,,,,Other,"Not Payable. ",417.625,65,,,,,0,percent of total billed charges,65 percent of billed charges; No services were performed during the 15 month look back period.,,,,,,,,Fee Schedule,"Not payable. ",417.625,65,,,,,0,percent of total billed charges,65 percent of billed charges; No services were performed during the 15 month look back period.,,,,,,,,Other,"Not Payable. ",,,,,,,,Other,"Not Payable. ",469.025,73,,,,,0,percent of total billed charges,73 percent of billed charges; No services were performed during the 15 month look back period.,469.025,73,,,,,0,percent of total billed charges,73 percent of billed charges; No services were performed during the 15 month look back period.,469.025,73,,,,,0,percent of total billed charges,73 percent of billed charges; No services were performed during the 15 month look back period.,469.025,73,,,,,0,percent of total billed charges,73 percent of billed charges; No services were performed during the 15 month look back period.,469.025,73,,,,,0,percent of total billed charges,73 percent of billed charges; No services were performed during the 15 month look back period.,469.025,73,,,,,0,percent of total billed charges,73 percent of billed charges; No services were performed during the 15 month look back period.,469.025,73,,,,,0,percent of total billed charges,73 percent of billed charges; No services were performed during the 15 month look back period.,469.025,73,,,,,0,percent of total billed charges,73 percent of billed charges; No services were performed during the 15 month look back period.,469.025,73,,,,,0,percent of total billed charges,73 percent of billed charges; No services were performed during the 15 month look back period.,469.025,73,,,,,0,percent of total billed charges,73 percent of billed charges; No services were performed during the 15 month look back period.,469.025,73,,,,,0,percent of total billed charges,73 percent of billed charges; No services were performed during the 15 month look back period.,469.025,73,,,,,0,percent of total billed charges,73 percent of billed charges; No services were performed during the 15 month look back period.,,,,,,,,Other,"Not Payable. ",469.025,73,,,,,0,percent of total billed charges,73 percent of billed charges; No services were performed during the 15 month look back period.,,,,,,,,Other,"Not Payable. ",,,,,,,,Other,"Not payable. ",,,,,,,,Other,"100 Percent of Medicaid APG. If not priced under APG, then Metroplus FeeSched",,,,,,,,Fee Schedule,". ",,,,,,,,Fee Schedule,". ",,,,,,,,Other,"Not Payable. ",514,80,,,,,0,percent of total billed charges,80 percent of billed charges; No services were performed during the 15 month look back period.,,,,,,,,Other,"Not Payable. ",,,,,,,,Other,"Not Payable. ",385.5,60,,,,,0,percent of total billed charges,60 percent of billed charges; No services were performed during the 15 month look back period.,,,,,,,,Other,"Not Payable. ",385.5,60,,,,,0,percent of total billed charges,60 percent of billed charges; No services were performed during the 15 month look back period.,,,,,,,,Other,"Not Payable. ",385.5,60,,,,,0,percent of total billed charges,60 percent of billed charges; No services were performed during the 15 month look back period.,385.5,60,,,,,0,percent of total billed charges,60 percent of billed charges; No services were performed during the 15 month look back period.,385.5,60,,,,,0,percent of total billed charges,60 percent of billed charges; No services were performed during the 15 month look back period.,,,,,,,,Other,"Not Payable. ",,,,,,,,Other,"100 Percent of Medicaid APG. ",,,,,,,,Other,"Not Payable. ",385.5,60,,,,,0,percent of total billed charges,60 percent of billed charges; No services were performed during the 15 month look back period.,,,,,,,,Fee Schedule,". ",,,,,,,,Other,"100 Percent of Medicaid APG. ",417.625,65,,,,,0,percent of total billed charges,65 percent of billed charges; No services were performed during the 15 month look back period.,,,,,,,,Fee Schedule,"Not payable. ",,,,,,,,Fee Schedule,"Not payable. ",417.625,65,,,,,0,percent of total billed charges,65 percent of billed charges; No services were performed during the 15 month look back period.,417.625,65,,,,,0,percent of total billed charges,65 percent of billed charges; No services were performed during the 15 month look back period.,417.625,65,,,,,0,percent of total billed charges,65 percent of billed charges; No services were performed during the 15 month look back period.,,,,,,,,Fee Schedule,". ",417.625,65,,,,,0,percent of total billed charges,65 percent of billed charges; No services were performed during the 15 month look back period.,417.625,65,,,,,0,percent of total billed charges,65 percent of billed charges; No services were performed during the 15 month look back period.,417.625,65,,,,,0,percent of total billed charges,65 percent of billed charges; No services were performed during the 15 month look back period.,469.025,73,,,,,0,percent of total billed charges,73 percent of billed charges; No services were performed during the 15 month look back period.,469.025,73,,,,,0,percent of total billed charges,73 percent of billed charges; No services were performed during the 15 month look back period.,,,,,,,,Fee Schedule,"Not Payable. ",,,,,,,,Other,"100 Percent of Medicaid APG. ",,,,,,,,Fee Schedule,". ",385.5,60,,,,,0,percent of total billed charges,60 percent of billed charges; No services were performed during the 15 month look back period.,385.5,60,,,,,0,percent of total billed charges,60 percent of billed charges; No services were performed during the 15 month look back period.,,,,,,,,Fee Schedule,". ",385.5,60,,,,,0,percent of total billed charges,60 percent of billed charges; No services were performed during the 15 month look back period.,,,,,,,,Fee Schedule,". ",417.625,65,,,,,0,percent of total billed charges,65 percent of billed charges; No services were performed during the 15 month look back period.,417.625,65,,,,,0,percent of total billed charges,65 percent of billed charges; No services were performed during the 15 month look back period.,417.625,65,,,,,0,percent of total billed charges,65 percent of billed charges; No services were performed during the 15 month look back period.,417.625,65,,,,,0,percent of total billed charges,65 percent of billed charges; No services were performed during the 15 month look back period.,,,,,,,,Other,"Not Payable. ",23.36,642.5,
96420,CPT,2022220,LOCAL,331,RC,"HC CHEMO, IA, PUSH TECNIQUE",1638.58,311.3302,both,,,,75.12,,,,,,,Per Diem,. Paid once per unique code per service date and lesser of 100% of billed charges.,75.12,,,,,,,Per Diem,. Paid once per unique code per service date and lesser of 100% of billed charges.,2288,,,,,,,Per Diem,. Paid once per unique code per service date. Line level lesser of applies.,1638.58,100,,,,,0,percent of total billed charges,100 percent of billed charges. ; No services were performed during the 15 month look back period.,392.49,,,,,,,Case Rate,"100% Medicare OPPS FS. ",2288,,,,,,,Per Diem,. Paid once per unique code per service date. Line level lesser of applies.,2288,,,,,,,Per Diem,. Paid once per unique code per service date. Line level lesser of applies.,2288,,,,,,,Per Diem,. Paid once per unique code per service date. Line level lesser of applies.,131.26,,,,,,,Case Rate,"100 Percent of Medicaid APG. ",109.38,,,,,,,Case Rate,"100 Percent of Medicaid APG. ",1278.0924,78,,,,,0,percent of total billed charges,78% of Billed Charges. Lesser of 100% of billed charges applies.; No services were performed during the 15 month look back period.,4628.68,,,,,,,Per Diem,. Paid once per unique code per service date and lesser of 100% of billed charges.,109.38,,,,,,,Case Rate,"100 Percent of Medicaid APG. ",392.49,,,,,,,Case Rate,"100% Medicare OPPS FS. ",1211.52,,,,,,,Fee Schedule,"100 % All Other Outpatient Discount. ",1211.52,,,,,,,Fee Schedule,"100 % All Other Outpatient Discount. ",1211.52,,,,,,,Fee Schedule,"100 % All Other Outpatient Discount. ",1211.52,,,,,,,Fee Schedule,"100 % All Other Outpatient Discount. ",102.38,,,,,,,Fee schedule,90 Percent of Medicare RBRVS. Covered services not payable under Medicaid Fee Schedules default to a payment of 50 percent of charges.,392.49,,,,,,,Case Rate,"100% Medicare OPPS FS. ",102.38,,,,,,,Fee schedule,90 Percent of Medicare RBRVS. Covered services not payable under Medicaid Fee Schedules default to a payment of 50 percent of charges.,1278.0924,78,,,,,0,percent of total billed charges,78% of Billed Charges. Lesser of 100% of billed charges applies.; No services were performed during the 15 month look back period.,2288,,,,,,,Per Diem,. Paid once per unique code per service date. Line level lesser of applies.,392.49,,,,,,,Case Rate,"100%Medicare OPPS FS. ",8427,,,,,,,Case Rate,". Primary procedure pays at 100%, all subsequent at 50%.",392.49,,,,,,,Case Rate,"100%Medicare OPPS FS. ",392.49,,,,,,,Case Rate,"100%Medicare OPPS FS. ",1278.0924,78,,,,,0,percent of total billed charges,78% of Billed Charges. Lesser of 100% of billed charges applies.; No services were performed during the 15 month look back period.,102.38,,,,,,,Fee Schedule,90 Percent of Medicare RBRVS. Lesser of 100% of billed charges applies.,102.38,,,,,,,Fee Schedule,90 Percent of Medicare RBRVS. Lesser of 100% of billed charges applies.,102.38,,,,,,,Fee schedule,"90 Percent of Medicare RBRVS. ",102.38,,,,,,,Fee schedule,"90 Percent of Medicare RBRVS. ",8427,,,,,,,Case Rate,". Primary procedure pays at 100%, all subsequent at 50%.",8427,,,,,,,Case Rate,". Primary procedure pays at 100%, all subsequent at 50%.",109.38,,,,,,,Case Rate,"100 Percent of Medicaid APG. Not APG payable, or payable under another fee schedule like ASP/AWP pays at 30% of charges",8427,,,,,,,Case Rate,". Primary procedure pays at 100%, all subsequent at 50%.",109.38,,,,,,,Case Rate,"100 Percent of Medicaid APG. Not APG payable, or payable under another fee schedule like ASP/AWP pays at 30% of charges",392.49,,,,,,,Case Rate,"100%Medicare OPPS FS. ",8427,,,,,,,Case Rate,". Primary procedure pays at 100%, all subsequent at 50%.",1278.0924,78,,,,,0,percent of total billed charges,78% of Billed Charges. Lesser of 100% of billed charges applies.; No services were performed during the 15 month look back period.,109.38,,,,,,,Case Rate,"100 Percent of Medicaid APG. ",109.38,,,,,,,Case Rate,"100 Percent of Medicaid APG. ",1278.0924,78,,,,,0,percent of total billed charges,78% of Billed Charges. Lesser of 100% of billed charges applies.; No services were performed during the 15 month look back period.,1211.52,,,,,,,Fee Schedule,"100 % All Other Outpatient Discount. ",2649,,,,,,,Per Diem,. Paid once per unique code per service date and lesser of 100% of billed charges.,2649,,,,,,,Per Diem,. Paid once per unique code per service date and lesser of 100% of billed charges.,1278.0924,78,,,,,0,percent of total billed charges,78% of Billed Charges. Lesser of 100% of billed charges applies.; No services were performed during the 15 month look back period.,392.49,,,,,,,Case Rate,"100% Medicare OPPS FS. ",4628.68,,,,,,,Per Diem,. Paid once per unique code per service date and lesser of 100% of billed charges.,4628.68,,,,,,,Per Diem,. Paid once per unique code per service date and lesser of 100% of billed charges.,4628.68,,,,,,,Per Diem,. Paid once per unique code per service date and lesser of 100% of billed charges.,392.49,,,,,,,Case Rate,"100% Medicare OPPS FS. ",4628.68,,,,,,,Per Diem,. Paid once per unique code per service date and lesser of 100% of billed charges.,4628.68,,,,,,,Per Diem,. Paid once per unique code per service date and lesser of 100% of billed charges.,392.49,,,,,,,Case Rate,"100% of Medicare OPPS. ",25798,,,,,,,Case Rate,". MPL 100/75/50% all add ons apply, and lesser of 100% of billed charges",5190,,,,,,,Per Diem,. Paid once per unique code per service date and lesser of 100% of billed charges.,5190,,,,,,,Per Diem,. Paid once per unique code per service date and lesser of 100% of billed charges.,5190,,,,,,,Per Diem,. Paid once per unique code per service date and lesser of 100% of billed charges.,5190,,,,,,,Per Diem,. Paid once per unique code per service date and lesser of 100% of billed charges.,5190,,,,,,,Per Diem,. Paid once per unique code per service date and lesser of 100% of billed charges.,5190,,,,,,,Per Diem,. Paid once per unique code per service date and lesser of 100% of billed charges.,392.49,,,,,,,Case Rate,"100% Medicare OPPS FS. ",392.49,,,,,,,Case Rate,"100% Medicare OPPS FS. ",5190,,,,,,,Per Diem,. Paid once per unique code per service date and lesser of 100% of billed charges.,1278.0924,78,,,,,0,percent of total billed charges,78% of Billed Charges. Lesser of 100% of billed charges applies.; No services were performed during the 15 month look back period.,1278.0924,78,,,,,0,percent of total billed charges,78% of Billed Charges. Lesser of 100% of billed charges applies.; No services were performed during the 15 month look back period.,1278.0924,78,,,,,0,percent of total billed charges,78% of Billed Charges. Lesser of 100% of billed charges applies.; No services were performed during the 15 month look back period.,1278.0924,78,,,,,0,percent of total billed charges,78% of Billed Charges. Lesser of 100% of billed charges applies.; No services were performed during the 15 month look back period.,1278.0924,78,,,,,0,percent of total billed charges,78% of Billed Charges. Lesser of 100% of billed charges applies.; No services were performed during the 15 month look back period.,1278.0924,78,,,,,0,percent of total billed charges,78% of Billed Charges. Lesser of 100% of billed charges applies.; No services were performed during the 15 month look back period.,1278.0924,78,,,,,0,percent of total billed charges,78% of Billed Charges. Lesser of 100% of billed charges applies.; No services were performed during the 15 month look back period.,1278.0924,78,,,,,0,percent of total billed charges,78% of Billed Charges. Lesser of 100% of billed charges applies.; No services were performed during the 15 month look back period.,1278.0924,78,,,,,0,percent of total billed charges,78% of Billed Charges. Lesser of 100% of billed charges applies.; No services were performed during the 15 month look back period.,1278.0924,78,,,,,0,percent of total billed charges,78% of Billed Charges. Lesser of 100% of billed charges applies.; No services were performed during the 15 month look back period.,1278.0924,78,,,,,0,percent of total billed charges,78% of Billed Charges. Lesser of 100% of billed charges applies.; No services were performed during the 15 month look back period.,1278.0924,78,,,,,0,percent of total billed charges,78% of Billed Charges. Lesser of 100% of billed charges applies.; No services were performed during the 15 month look back period.,1278.0924,78,,,,,0,percent of total billed charges,78% of Billed Charges. Lesser of 100% of billed charges applies.; No services were performed during the 15 month look back period.,1278.0924,78,,,,,0,percent of total billed charges,78% of Billed Charges. Lesser of 100% of billed charges applies.; No services were performed during the 15 month look back period.,1278.0924,78,,,,,0,percent of total billed charges,78% of Billed Charges. Lesser of 100% of billed charges applies.; No services were performed during the 15 month look back period.,1278.0924,78,,,,,0,percent of total billed charges,78% of Billed Charges. Lesser of 100% of billed charges applies.; No services were performed during the 15 month look back period.,1278.0924,78,,,,,0,percent of total billed charges,78% of Billed Charges. Lesser of 100% of billed charges applies.; No services were performed during the 15 month look back period.,1278.0924,78,,,,,0,percent of total billed charges,78% of Billed Charges. Lesser of 100% of billed charges applies.; No services were performed during the 15 month look back period.,1278.0924,78,,,,,0,percent of total billed charges,78% of Billed Charges. Lesser of 100% of billed charges applies.; No services were performed during the 15 month look back period.,1278.0924,78,,,,,0,percent of total billed charges,78% of Billed Charges. Lesser of 100% of billed charges applies.; No services were performed during the 15 month look back period.,1278.0924,78,,,,,0,percent of total billed charges,78% of Billed Charges. Lesser of 100% of billed charges applies.; No services were performed during the 15 month look back period.,1278.0924,78,,,,,0,percent of total billed charges,78% of Billed Charges. Lesser of 100% of billed charges applies.; No services were performed during the 15 month look back period.,1278.0924,78,,,,,0,percent of total billed charges,78% of Billed Charges. Lesser of 100% of billed charges applies.; No services were performed during the 15 month look back period.,1278.0924,78,,,,,0,percent of total billed charges,78% of Billed Charges. Lesser of 100% of billed charges applies.; No services were performed during the 15 month look back period.,1278.0924,78,,,,,0,percent of total billed charges,78% of Billed Charges. Lesser of 100% of billed charges applies.; No services were performed during the 15 month look back period.,1278.0924,78,,,,,0,percent of total billed charges,78% of Billed Charges. Lesser of 100% of billed charges applies.; No services were performed during the 15 month look back period.,8427,,,,,,,Case Rate,". Primary procedure pays at 100%, all subsequent at 50%.",8427,,,,,,,Case Rate,". Primary procedure pays at 100%, all subsequent at 50%.",8427,,,,,,,Case Rate,". Primary procedure pays at 100%, all subsequent at 50%.",8427,,,,,,,Case Rate,". Primary procedure pays at 100%, all subsequent at 50%.",3635,,,,,,,Per Diem,. Paid once per unique code per date of service.,3635,,,,,,,Per Diem,. Paid once per unique code per date of service.,1211.52,,,,,,,Fee Schedule,"100 % All Other Outpatient Discount. ",5190,,,,,,,Per Diem,. Paid once per unique code per service date and lesser of 100% of billed charges.,4628.68,,,,,,,Per Diem,. Paid once per unique code per service date and lesser of 100% of billed charges.,5190,,,,,,,Per Diem,. Paid once per unique code per service date and lesser of 100% of billed charges.,1278.0924,78,,,,,0,percent of total billed charges,78% of Billed Charges. Lesser of 100% of billed charges applies.; No services were performed during the 15 month look back period.,3635,,,,,,,Per Diem,. Paid once per unique code per date of service.,5190,,,,,,,Per Diem,. Paid once per unique code per service date and lesser of 100% of billed charges.,4628.68,,,,,,,Per Diem,. Paid once per unique code per service date and lesser of 100% of billed charges.,1211.52,,,,,,,Fee Schedule,"100 % All Other Outpatient Discount. ",,,,,,,,,"NA. ",1278.0924,78,,,,,0,percent of total billed charges,78% of Billed Charges. Lesser of 100% of billed charges applies.; No services were performed during the 15 month look back period.,109.38,,,,,,,Case Rate,"100 Percent of Medicaid APG. ",8427,,,,,,,Case Rate,". Primary procedure pays at 100%, all subsequent at 50%.",109.38,,,,,,,Case Rate,"100 Percent of Medicaid APG. Not APG payable, or payable under another fee schedule like ASP/AWP pays at 30% of charges",392.49,,,,,,,Case Rate,"100%Medicare OPPS FS. ",392.49,,,,,,,Case Rate,"100% Medicare OPPS FS. ",25798,,,,,,,Case Rate,". MPL 100/75/50% all add ons apply, and lesser of 100% of billed charges",392.49,,,,,,,Case Rate,"100% Medicare OPPS FS. ",392.49,,,,,,,Case Rate,"100% Medicare OPPS FS. ",109.38,,,,,,,Case Rate,"100 Percent of Medicaid APG. ",392.49,,,,,,,Case Rate,"100% Medicare OPPS FS. ",392.49,,,,,,,Case Rate,"100% Medicare OPPS FS. ",2288,,,,,,,Per Diem,. Paid once per unique code per service date. Line level lesser of applies.,2288,,,,,,,Per Diem,. Paid once per unique code per service date. Line level lesser of applies.,392.49,,,,,,,Case Rate,"100% Medicare OPPS FS. ",1211.52,,,,,,,Fee Schedule,"100 % All Other Outpatient Discount. ",4628.68,,,,,,,Per Diem,. Paid once per unique code per service date and lesser of 100% of billed charges.,4628.68,,,,,,,Per Diem,. Paid once per unique code per service date and lesser of 100% of billed charges.,392.49,,,,,,,Case Rate,"100% Medicare OPPS FS. ",1211.52,,,,,,,Fee Schedule,"100 % All Other Outpatient Discount. ",2288,,,,,,,Per Diem,. Paid once per unique code per service date. Line level lesser of applies.,2288,,,,,,,Per Diem,. Paid once per unique code per service date. Line level lesser of applies.,2288,,,,,,,Per Diem,. Paid once per unique code per service date. Line level lesser of applies.,1278.0924,78,,,,,0,percent of total billed charges,78% of Billed Charges. Lesser of 100% of billed charges applies.; No services were performed during the 15 month look back period.,1278.0924,78,,,,,0,percent of total billed charges,78% of Billed Charges. Lesser of 100% of billed charges applies.; No services were performed during the 15 month look back period.,1278.0924,78,,,,,0,percent of total billed charges,78% of Billed Charges. Lesser of 100% of billed charges applies.; No services were performed during the 15 month look back period.,1278.0924,78,,,,,0,percent of total billed charges,78% of Billed Charges. Lesser of 100% of billed charges applies.; No services were performed during the 15 month look back period.,1278.0924,78,,,,,0,percent of total billed charges,78% of Billed Charges. Lesser of 100% of billed charges applies.; No services were performed during the 15 month look back period.,1278.0924,78,,,,,0,percent of total billed charges,78% of Billed Charges. Lesser of 100% of billed charges applies.; No services were performed during the 15 month look back period.,1278.0924,78,,,,,0,percent of total billed charges,78% of Billed Charges. Lesser of 100% of billed charges applies.; No services were performed during the 15 month look back period.,1278.0924,78,,,,,0,percent of total billed charges,78% of Billed Charges. Lesser of 100% of billed charges applies.; No services were performed during the 15 month look back period.,1278.0924,78,,,,,0,percent of total billed charges,78% of Billed Charges. Lesser of 100% of billed charges applies.; No services were performed during the 15 month look back period.,1278.0924,78,,,,,0,percent of total billed charges,78% of Billed Charges. Lesser of 100% of billed charges applies.; No services were performed during the 15 month look back period.,1278.0924,78,,,,,0,percent of total billed charges,78% of Billed Charges. Lesser of 100% of billed charges applies.; No services were performed during the 15 month look back period.,3635,,,,,,,Per Diem,. Paid once per unique code per date of service.,5190,,,,,,,Per Diem,. Paid once per unique code per service date and lesser of 100% of billed charges.,1211.52,,,,,,,Fee Schedule,"100 % All Other Outpatient Discount. ",392.49,,,,,,,Case Rate,"100% Medicare OPPS FS. ",2288,,,,,,,Per Diem,. Paid once per unique code per service date. Line level lesser of applies.,1211.52,,,,,,,Fee Schedule,"100 % All Other Outpatient Discount. ",1211.52,,,,,,,Fee Schedule,"100 % All Other Outpatient Discount. ",1278.0924,78,,,,,0,percent of total billed charges,78% of Billed Charges. Lesser of 100% of billed charges applies.; No services were performed during the 15 month look back period.,234.08,,,,,,,Case Rate,"141 Percent of current Medicare RBRVS FeeSched. ",1211.52,,,,,,,Fee Schedule,"100 % All Other Outpatient Discount. ",109.38,,,,,,,Case Rate,"100 Percent of Medicaid APG. ",392.49,,,,,,,Case Rate,"100% Medicare OPPS FS. ",392.49,,,,,,,Case Rate,"100% Medicare OPPS FS. ",392.49,,,,,,,Case Rate,"100% Medicare OPPS FS. ",392.49,,,,,,,Case Rate,"100% Medicare OPPS FS. ",392.49,,,,,,,Case Rate,"100% Medicare OPPS FS. ",392.49,,,,,,,Case Rate,"100% Medicare OPPS FS. ",1211.52,,,,,,,Fee Schedule,"100 % All Other Outpatient Discount. ",25798,,,,,,,Case Rate,". MPL 100/75/50% all add ons apply, and lesser of 100% of billed charges",182,,,,,,,Fee Schedule,"160 Percent of Medicare RBRVS. ",182,,,,,,,Fee Schedule,"160 Percent of Medicare RBRVS. ",182,,,,,,,Fee Schedule,"160 Percent of Medicare RBRVS. ",182,,,,,,,Fee Schedule,"160 Percent of Medicare RBRVS. ",182,,,,,,,Fee Schedule,"160 Percent of Medicare RBRVS. ",,,,,,,,,"NA. ",25798,,,,,,,Case Rate,". MPL 100/75/50% all add ons apply, and lesser of 100% of billed charges",777.13,,,,,,,Case Rate,198 Percent of Medicare OPPS. Metroplus will reimburse unlisted codes and described codes with no Medicare rate at 50 percent of charges.,777.13,,,,,,,Case Rate,198 Percent of Medicare OPPS. Metroplus will reimburse unlisted codes and described codes with no Medicare rate at 50 percent of charges.,777.13,,,,,,,Case Rate,198 Percent of Medicare OPPS. Metroplus will reimburse unlisted codes and described codes with no Medicare rate at 50 percent of charges.,777.13,,,,,,,Case Rate,198 Percent of Medicare OPPS. Metroplus will reimburse unlisted codes and described codes with no Medicare rate at 50 percent of charges.,777.13,,,,,,,Case Rate,198 Percent of Medicare OPPS. Metroplus will reimburse unlisted codes and described codes with no Medicare rate at 50 percent of charges.,392.49,,,,,,,Case Rate,"100% Medicare OPPS FS. ",3635,,,,,,,Per Diem,. Paid once per unique code per date of service.,3635,,,,,,,Per Diem,. Paid once per unique code per date of service.,3635,,,,,,,Per Diem,. Paid once per unique code per date of service.,3635,,,,,,,Per Diem,. Paid once per unique code per date of service.,2288,,,,,,,Per Diem,. Paid once per unique code per service date. Line level lesser of applies.,2288,,,,,,,Per Diem,. Paid once per unique code per service date. Line level lesser of applies.,2288,,,,,,,Per Diem,. Paid once per unique code per service date. Line level lesser of applies.,2288,,,,,,,Per Diem,. Paid once per unique code per service date. Line level lesser of applies.,25798,,,,,,,Case Rate,". MPL 100/75/50% all add ons apply, and lesser of 100% of billed charges",25798,,,,,,,Case Rate,". MPL 100/75/50% all add ons apply, and lesser of 100% of billed charges",392.49,,,,,,,Case Rate,"100% Medicare OPPS FS. ",392.49,,,,,,,Case Rate,"100% Medicare OPPS FS. ",392.49,,,,,,,Case Rate,"100% Medicare OPPS FS. ",5190,,,,,,,Per Diem,. Paid once per unique code per service date and lesser of 100% of billed charges.,5190,,,,,,,Per Diem,. Paid once per unique code per service date and lesser of 100% of billed charges.,5190,,,,,,,Per Diem,. Paid once per unique code per service date and lesser of 100% of billed charges.,25798,,,,,,,Case Rate,". MPL 100/75/50% all add ons apply, and lesser of 100% of billed charges",2288,,,,,,,Per Diem,. Paid once per unique code per service date. Line level lesser of applies.,392.49,,,,,,,Case Rate,"100% Medicare OPPS FS. ",5190,,,,,,,Per Diem,. Paid once per unique code per service date and lesser of 100% of billed charges.,109.38,,,,,,,Case Rate,"100 Percent of Medicaid APG. ",400.34,,,,,,,Case Rate,"102% of Medicare OPPS. ",400.34,,,,,,,Case Rate,"102% of Medicare OPPS. ",400.34,,,,,,,Case Rate,"102% of Medicare OPPS. ",102.38,,,,,,,Fee schedule,"90 Percent of Medicare RBRVS. ",246.11,,,,,,,Fee Schedule,225% of NYS APG. Lesser of 100% of billed charges applies.,246.11,,,,,,,Fee Schedule,225% of NYS APG. Lesser of 100% of billed charges applies.,246.11,,,,,,,Fee Schedule,225% of NYS APG. Lesser of 100% of billed charges applies.,246.11,,,,,,,Fee Schedule,225% of NYS APG. Lesser of 100% of billed charges applies.,246.11,,,,,,,Fee Schedule,225% of NYS APG. Lesser of 100% of billed charges applies.,400.34,,,,,,,Case Rate,"102% of Medicare OPPS. ",109.38,,,,,,,Case Rate,"100 Percent of Medicaid APG. ",102.38,,,,,,,Fee Schedule,90 Percent of Medicare RBRVS. Lesser of 100% of billed charges applies.,246.11,,,,,,,Fee Schedule,225% of NYS APG. Lesser of 100% of billed charges applies.,246.11,,,,,,,Fee Schedule,225% of NYS APG. Lesser of 100% of billed charges applies.,102.38,,,,,,,Fee Schedule,90 Percent of Medicare RBRVS. Lesser of 100% of billed charges applies.,102.38,,,,,,,Fee Schedule,90 Percent of Medicare RBRVS. Lesser of 100% of billed charges applies.,182,,,,,,,Fee Schedule,"160 Percent of Medicare RBRVS. ",392.49,,,,,,,Case Rate,"100% Medicare OPPS FS. ",392.49,,,,,,,Case Rate,"100% Medicare OPPS FS. ",2288,,,,,,,Per Diem,. Paid once per unique code per service date. Line level lesser of applies.,392.49,,,,,,,Case Rate,"100% Medicare OPPS FS. ",246.11,,,,,,,Fee Schedule,"225 Percent of Medicaid APG. ",246.11,,,,,,,Fee Schedule,"225 Percent of Medicaid APG. ",102.38,,,,,,,Fee schedule,"90 Percent of Medicare RBRVS. ",102.38,,,,,,,Fee schedule,"90 Percent of Medicare RBRVS. ",246.11,,,,,,,Case Rate,225 Percent of Medicaid APG. Covered services not payable under Medicaid Fee Schedules default to a payment of 87.5 percent of charges.,102.38,,,,,,,Fee schedule,90 Percent of Medicare RBRVS. Covered services not payable under Medicaid Fee Schedules default to a payment of 50 percent of charges.,246.11,,,,,,,Case Rate,"100 Percent of Medicaid APG. ",246.11,,,,,,,Case Rate,"100 Percent of Medicaid APG. ",246.11,,,,,,,Case Rate,"100 Percent of Medicaid APG. ",246.11,,,,,,,Case Rate,"100 Percent of Medicaid APG. ",13453,,,,,,,Case Rate,". MPL 100/75/50% all add ons apply, and lesser of 100% of billed charges",25798,,,,,,,Case Rate,". MPL 100/75/50% all add ons apply, and lesser of 100% of billed charges",131.26,,,,,,,Case Rate,"120 Percent of Medicaid APG. Not APG payable, or payable under another fee schedule like ASP/AWP pays at 30% of charges",131.26,,,,,,,Case Rate,"120 Percent of Medicaid APG. Not APG payable, or payable under another fee schedule like ASP/AWP pays at 30% of charges",109.38,,,,,,,Case Rate,"100 Percent of Medicaid APG. Not APG payable, or payable under another fee schedule like ASP/AWP pays at 30% of charges",109.38,,,,,,,Case Rate,"100 Percent of Medicaid APG. Not APG payable, or payable under another fee schedule like ASP/AWP pays at 30% of charges",5190,,,,,,,Per Diem,. Paid once per unique code per service date and lesser of 100% of billed charges.,5190,,,,,,,Per Diem,. Paid once per unique code per service date and lesser of 100% of billed charges.,392.49,,,,,,,Case Rate,"100% Medicare OPPS FS. ",5190,,,,,,,Per Diem,. Paid once per unique code per service date and lesser of 100% of billed charges.,5190,,,,,,,Per Diem,. Paid once per unique code per service date and lesser of 100% of billed charges.,5190,,,,,,,Per Diem,. Paid once per unique code per service date and lesser of 100% of billed charges.,5190,,,,,,,Per Diem,. Paid once per unique code per service date and lesser of 100% of billed charges.,392.49,,,,,,,Case Rate,"100% Medicare OPPS FS. ",5190,,,,,,,Per Diem,. Paid once per unique code per service date and lesser of 100% of billed charges.,5190,,,,,,,Per Diem,. Paid once per unique code per service date and lesser of 100% of billed charges.,2288,,,,,,,Per Diem,. Paid once per unique code per service date. Line level lesser of applies.,113.75,,,,,,,Fee Schedule,100% of RBRVS. Lesser of 100% of billed charges applies.,102.38,,,,,,,Fee schedule,90 Percent of Medicare RBRVS. Covered services not payable under Medicaid Fee Schedules default to a payment of 50 percent of charges.,246.11,,,,,,,Fee Schedule,225% of NYS APG. Lesser of 100% of billed charges applies.,246.11,,,,,,,Case Rate,225 Percent of Medicaid APG. Covered services not payable under Medicaid Fee Schedules default to a payment of 87.5 percent of charges.,102.38,,,,,,,Fee schedule,90 Percent of Medicare RBRVS. Covered services not payable under Medicaid Fee Schedules default to a payment of 50 percent of charges.,246.11,,,,,,,Fee Schedule,225% of NYS APG. Lesser of 100% of billed charges applies.,246.11,,,,,,,Fee Schedule,225% of NYS APG. Lesser of 100% of billed charges applies.,246.11,,,,,,,Fee Schedule,225% of NYS APG. Lesser of 100% of billed charges applies.,246.11,,,,,,,Fee Schedule,225% of NYS APG. Lesser of 100% of billed charges applies.,246.11,,,,,,,Fee Schedule,225% of NYS APG. Lesser of 100% of billed charges applies.,246.11,,,,,,,Fee Schedule,225% of NYS APG. Lesser of 100% of billed charges applies.,,,,,,,,,"NA. ",,,,,,,,,"NA. ",,,,,,,,,"NA. ",1211.52,,,,,,,Fee Schedule,"100 % All Other Outpatient Discount. ",,,,,,,,,"NA. ",392.49,,,,,,,Case Rate,"100% Medicare OPPS FS. ",75.12,,,,,,,Per Diem,. Paid once per unique code per service date and lesser of 100% of billed charges.,392.49,,,,,,,Case Rate,"100% Medicare OPPS FS. ",392.49,,,,,,,Case Rate,"100% Medicare OPPS FS. ",131.26,,,,,,,Case Rate,"120 Percent of Medicaid APG. Not APG payable, or payable under another fee schedule like ASP/AWP pays at 30% of charges",131.26,,,,,,,Case Rate,"120 Percent of Medicaid APG. Not APG payable, or payable under another fee schedule like ASP/AWP pays at 30% of charges",109.38,,,,,,,Case Rate,"100 Percent of Medicaid APG. Not APG payable, or payable under another fee schedule like ASP/AWP pays at 30% of charges",109.38,,,,,,,Case Rate,"100 Percent of Medicaid APG. Not APG payable, or payable under another fee schedule like ASP/AWP pays at 30% of charges",109.38,,,,,,,Case Rate,"100 Percent of Medicaid APG. ",7163,,,,,,,Case Rate,". ",2288,,,,,,,Per Diem,. Paid once per unique code per service date. Line level lesser of applies.,8427,,,,,,,Case Rate,". Primary procedure pays at 100%, all subsequent at 50%.",1211.52,,,,,,,Fee Schedule,"100 % All Other Outpatient Discount. ",392.49,,,,,,,Case Rate,"100%Medicare OPPS FS. ",392.49,,,,,,,Case Rate,"100% Medicare OPPS FS. ",392.49,,,,,,,Case Rate,"100% Medicare OPPS FS. ",392.49,,,,,,,Case Rate,"100% Medicare OPPS FS. ",392.49,,,,,,,Case Rate,"100%Medicare OPPS FS. ",392.49,,,,,,,Case Rate,"100% Medicare OPPS FS. ",,,,,,,,,"NA. ",246.11,,,,,,,Fee Schedule,225% of NYS APG. Lesser of 100% of billed charges applies.,102.38,,,,,,,Fee Schedule,90 Percent of Medicare RBRVS. Lesser of 100% of billed charges applies.,5190,,,,,,,Per Diem,. Paid once per unique code per service date and lesser of 100% of billed charges.,7163,,,,,,,Case Rate,". ",7163,,,,,,,Case Rate,". ",7163,,,,,,,Case Rate,". ",7163,,,,,,,Case Rate,". ",392.49,,,,,,,Case Rate,"100% Medicare OPPS FS. ",109.38,,,,,,,Case Rate,"100 Percent of Medicaid APG. ",5190,,,,,,,Per Diem,. Paid once per unique code per service date and lesser of 100% of billed charges.,109.38,,,,,,,Case Rate,"100 Percent of Medicaid APG. ",392.49,,,,,,,Case Rate,"100% Medicare OPPS FS. ",109.38,,,,,,,Case Rate,"100 Percent of Medicaid APG. ",392.49,,,,,,,Case Rate,"100% Medicare OPPS FS. ",392.49,,,,,,,Case Rate,"100% Medicare OPPS FS. ",109.38,,,,,,,Case Rate,"100 Percent of Medicaid APG. ",109.38,,,,,,,Case Rate,"100 Percent of Medicaid APG. ",7163,,,,,,,Case Rate,". ",1211.52,,,,,,,Fee Schedule,"100 % All Other Outpatient Discount. ",1278.0924,78,,,,,0,percent of total billed charges,78% of Billed Charges. Lesser of 100% of billed charges applies.; No services were performed during the 15 month look back period.,4628.68,,,,,,,Per Diem,. Paid once per unique code per service date and lesser of 100% of billed charges.,4628.68,,,,,,,Per Diem,. Paid once per unique code per service date and lesser of 100% of billed charges.,2288,,,,,,,Per Diem,. Paid once per unique code per service date. Line level lesser of applies.,392.49,,,,,,,Case Rate,"98% of RBRVS. ",3635,,,,,,,Per Diem,. Paid once per unique code per date of service.,3635,,,,,,,Per Diem,. Paid once per unique code per date of service.,4152,,,,,,,Per Diem,. Paid once per unique code per service date and lesser of 100% of billed charges.,4152,,,,,,,Per Diem,. Paid once per unique code per service date and lesser of 100% of billed charges.,392.49,,,,,,,Case Rate,"100% Medicare OPPS FS. ",392.49,,,,,,,Case Rate,"100% Medicare OPPS FS. ",392.49,,,,,,,Case Rate,"100% Medicare OPPS FS. ",392.49,,,,,,,Case Rate,"100% Medicare OPPS FS. ",4628.68,,,,,,,Per Diem,. Paid once per unique code per service date and lesser of 100% of billed charges.,5190,,,,,,,Per Diem,. Paid once per unique code per service date and lesser of 100% of billed charges.,5190,,,,,,,Per Diem,. Paid once per unique code per service date and lesser of 100% of billed charges.,392.49,,,,,,,Case Rate,"100% Medicare OPPS FS. ",4152,,,,,,,Per Diem,. Paid once per unique code per service date and lesser of 100% of billed charges.,8427,,,,,,,Case Rate,". Primary procedure pays at 100%, all subsequent at 50%.",131.26,,,,,,,Fee Schedule,"120 Percent of Medicaid APG. ",109.38,,,,,,,Case Rate,"100 Percent of Medicaid APG. ",7163,,,,,,,Case Rate,". ",4671,,,,,,,Per Diem,. Paid once per unique code per service date and lesser of 100% of billed charges.,4671,,,,,,,Per Diem,. Paid once per unique code per service date and lesser of 100% of billed charges.,5190,,,,,,,Per Diem,. Paid once per unique code per service date and lesser of 100% of billed charges.,14948,,,,,,,Case Rate,". MPL 100/75/50% all add ons apply, and lesser of 100% of billed charges",392.49,,,,,,,Case Rate,"100%Medicare OPPS FS. ",114.85,,,,,,,Fee Schedule,105 percent of Medicaid APG. otherwise 105% of Ordered NYS MCD FS or 105% of ASP+6%,114.85,,,,,,,Fee Schedule,105 percent of Medicaid APG. otherwise 105% of Ordered NYS MCD FS or 105% of ASP+6%,114.85,,,,,,,Fee Schedule,105 percent of Medicaid APG. otherwise 105% of Ordered NYS MCD FS or 105% of ASP+6%,147.67,,,,,,,Fee Schedule,135 percent of Medicaid APG. otherwise 135% of Ordered NYS MCD FS or 135% of ASP+6%,4628.68,,,,,,,Per Diem,. Paid once per unique code per service date and lesser of 100% of billed charges.,114.85,,,,,,,Fee Schedule,105 percent of Medicaid APG. otherwise 105% of Ordered NYS MCD FS or 105% of ASP+6%,114.85,,,,,,,Fee Schedule,105 percent of Medicaid APG. otherwise 105% of Ordered NYS MCD FS or 105% of ASP+6%,114.85,,,,,,,Fee Schedule,105 percent of Medicaid APG. otherwise 105% of Ordered NYS MCD FS or 105% of ASP+6%,114.85,,,,,,,Fee Schedule,105 percent of Medicaid APG. otherwise 105% of Ordered NYS MCD FS or 105% of ASP+6%,114.85,,,,,,,Fee Schedule,105 percent of Medicaid APG. otherwise 105% of Ordered NYS MCD FS or 105% of ASP+6%,147.67,,,,,,,Fee Schedule,135 percent of Medicaid APG. otherwise 135% of Ordered NYS MCD FS or 135% of ASP+6%,147.67,,,,,,,Fee Schedule,135 percent of Medicaid APG. otherwise 135% of Ordered NYS MCD FS or 135% of ASP+6%,392.49,,,,,,,Case Rate,"100% Medicare OPPS FS. ",4628.68,,,,,,,Per Diem,. Paid once per unique code per service date and lesser of 100% of billed charges.,392.49,,,,,,,Case Rate,"100% Medicare OPPS FS. ",114.85,,,,,,,Fee Schedule,105 percent of Medicaid APG. otherwise 105% of Ordered NYS MCD FS or 105% of ASP+6%,5190,,,,,,,Per Diem,. Paid once per unique code per service date and lesser of 100% of billed charges.,392.49,,,,,,,Case Rate,"100% Medicare OPPS FS. ",5190,,,,,,,Per Diem,. Paid once per unique code per service date and lesser of 100% of billed charges.,5190,,,,,,,Per Diem,. Paid once per unique code per service date and lesser of 100% of billed charges.,5190,,,,,,,Per Diem,. Paid once per unique code per service date and lesser of 100% of billed charges.,114.85,,,,,,,Fee Schedule,105 percent of Medicaid APG. otherwise 105% of Ordered NYS MCD FS or 105% of ASP+6%,392.49,,,,,,,Case Rate,"100% Medicare OPPS FS. ",5190,,,,,,,Per Diem,. Paid once per unique code per service date and lesser of 100% of billed charges.,147.67,,,,,,,Fee Schedule,135 percent of Medicaid APG. otherwise 135% of Ordered NYS MCD FS or 135% of ASP+6%,5190,,,,,,,Per Diem,. Paid once per unique code per service date and lesser of 100% of billed charges.,588.73,,,,,,,Case Rate,"150% of Medicare OPPS. ",392.49,,,,,,,Case Rate,"100%Medicare OPPS FS. ",7163,,,,,,,Case Rate,". ",7163,,,,,,,Case Rate,". ",7163,,,,,,,Case Rate,". ",7163,,,,,,,Case Rate,". ",7163,,,,,,,Case Rate,". ",8427,,,,,,,Case Rate,". Primary procedure pays at 100%, all subsequent at 50%.",8427,,,,,,,Case Rate,". Primary procedure pays at 100%, all subsequent at 50%.",7163,,,,,,,Case Rate,". ",7163,,,,,,,Case Rate,". ",7163,,,,,,,Case Rate,". ",7163,,,,,,,Case Rate,". ",7163,,,,,,,Case Rate,". ",392.49,,,,,,,Case Rate,"100% Medicare OPPS FS. ",8427,,,,,,,Case Rate,". Primary procedure pays at 100%, all subsequent at 50%.",392.49,,,,,,,Case Rate,"100% Medicare OPPS FS. ",246.11,,,,,,,Case Rate,"225 Percent of Medicaid APG. If not included in Medicaid APG, then 100 Percent of Manhattan Medicare",109.38,,,,,,,Case Rate,"100 Percent of Medicaid APG. ",4628.68,,,,,,,Per Diem,. Paid once per unique code per service date and lesser of 100% of billed charges.,4628.68,,,,,,,Per Diem,. Paid once per unique code per service date and lesser of 100% of billed charges.,392.49,,,,,,,Case Rate,"100% Medicare OPPS FS. ",3635,,,,,,,Per Diem,. Paid once per unique code per date of service.,392.49,,,,,,,Case Rate,"100% Medicare OPPS FS. ",392.49,,,,,,,Case Rate,"100% Medicare OPPS FS. ",2288,,,,,,,Per Diem,. Paid once per unique code per service date. Line level lesser of applies.,392.49,,,,,,,Case Rate,"100% Medicare OPPS FS. ",1211.52,,,,,,,Fee Schedule,"100 % All Other Outpatient Discount. ",392.49,,,,,,,Case Rate,"100% Medicare OPPS FS. ",1211.52,,,,,,,Fee Schedule,"100 % All Other Outpatient Discount. ",2288,,,,,,,Per Diem,. Paid once per unique code per service date. Line level lesser of applies.,1211.52,,,,,,,Fee Schedule,"100 % All Other Outpatient Discount. ",392.49,,,,,,,Case Rate,"100% Medicare OPPS FS. ",109.38,,,,,,,Case Rate,"100 Percent of Medicaid APG. ",392.49,,,,,,,Case Rate,"100% Medicare OPPS FS. ",1211.52,,,,,,,Fee Schedule,"100 % All Other Outpatient Discount. ",4628.68,,,,,,,Per Diem,. Paid once per unique code per service date and lesser of 100% of billed charges.,109.38,,,,,,,Case Rate,"100 Percent of Medicaid APG. ",5190,,,,,,,Per Diem,. Paid once per unique code per service date and lesser of 100% of billed charges.,131.26,,,,,,,Fee Schedule,"120 Percent of Medicaid APG. ",131.26,,,,,,,Fee Schedule,"120 Percent of Medicaid APG. ",5190,,,,,,,Per Diem,. Paid once per unique code per service date and lesser of 100% of billed charges.,5190,,,,,,,Per Diem,. Paid once per unique code per service date and lesser of 100% of billed charges.,5190,,,,,,,Per Diem,. Paid once per unique code per service date and lesser of 100% of billed charges.,4628.68,,,,,,,Per Diem,. Paid once per unique code per service date and lesser of 100% of billed charges.,5190,,,,,,,Per Diem,. Paid once per unique code per service date and lesser of 100% of billed charges.,5190,,,,,,,Per Diem,. Paid once per unique code per service date and lesser of 100% of billed charges.,5190,,,,,,,Per Diem,. Paid once per unique code per service date and lesser of 100% of billed charges.,7163,,,,,,,Case Rate,". ",7163,,,,,,,Case Rate,". ",777.13,,,,,,,Case Rate,198 Percent of Medicare OPPS. Metroplus will reimburse unlisted codes and described codes with no Medicare rate at 50 percent of charges.,109.38,,,,,,,Case Rate,"100 Percent of Medicaid APG. ",4628.68,,,,,,,Per Diem,. Paid once per unique code per service date and lesser of 100% of billed charges.,1211.52,,,,,,,Fee Schedule,"100 % All Other Outpatient Discount. ",2288,,,,,,,Per Diem,. Paid once per unique code per service date. Line level lesser of applies.,4628.68,,,,,,,Per Diem,. Paid once per unique code per service date and lesser of 100% of billed charges.,2288,,,,,,,Per Diem,. Paid once per unique code per service date. Line level lesser of applies.,4628.68,,,,,,,Per Diem,. Paid once per unique code per service date and lesser of 100% of billed charges.,5190,,,,,,,Per Diem,. Paid once per unique code per service date and lesser of 100% of billed charges.,5190,,,,,,,Per Diem,. Paid once per unique code per service date and lesser of 100% of billed charges.,5190,,,,,,,Per Diem,. Paid once per unique code per service date and lesser of 100% of billed charges.,5190,,,,,,,Per Diem,. Paid once per unique code per service date and lesser of 100% of billed charges.,392.49,,,,,,,Case Rate,"100% Medicare OPPS FS. ",59.57,25798,
97014,CPT,2022420,LOCAL,420,RC,HC PT ELEC STIM OTHER THAN WOUND,188.37,35.7903,both,,,,1352,,,,,,,Case Rate,". MPL 1st 100% of Payment Rate 50% of all others, all add ons apply, and lesser of 100% of billed charges.",1352,,,,,,,Case Rate,". MPL 1st 100% of Payment Rate 50% of all others, all add ons apply, and lesser of 100% of billed charges.",113.022,60,,,,,0,percent of total billed charges,60 percent of billed charges; No services were performed during the 15 month look back period.,188.37,100,,,,,0,percent of total billed charges,100 percent of billed charges; No services were performed during the 15 month look back period.,,,,,,,,Other,Not Payable.,113.022,60,,,,,0,percent of total billed charges,60 percent of billed charges; No services were performed during the 15 month look back period.,113.022,60,,,,,0,percent of total billed charges,60 percent of billed charges; No services were performed during the 15 month look back period.,113.022,60,,,,,0,percent of total billed charges,60 percent of billed charges; No services were performed during the 15 month look back period.,113.42,,,,,,,Case Rate,100 Percent of Medicaid APG.,94.51,,,,,,,Case Rate,100 Percent of Medicaid APG.,146.9286,78,,,,,0,percent of total billed charges,78 percent of billed charges; No services were performed during the 15 month look back period.,136.4,,,,,,,Fee Schedule,.,94.51,,,,,,,Case Rate,100 Percent of Medicaid APG.,,,,,,,,Other,Not Payable.,113.022,60,,,,,0,percent of total billed charges,60 percent of billed charges; No services were performed during the 15 month look back period.,113.022,60,,,,,0,percent of total billed charges,60 percent of billed charges; No services were performed during the 15 month look back period.,113.022,60,,,,,0,percent of total billed charges,60 percent of billed charges; No services were performed during the 15 month look back period.,113.022,60,,,,,0,percent of total billed charges,60 percent of billed charges; No services were performed during the 15 month look back period.,1.8837,1,,,,,0,percent of total billed charges,. Covered services not payable under Medicaid Fee Schedules default to a payment of 50 percent of charges.; No services were performed during the 15 month look back period.,,,,,,,,Other,Not Payable.,1.8837,1,,,,,0,percent of total billed charges,. Covered services not payable under Medicaid Fee Schedules default to a payment of 50 percent of charges.; No services were performed during the 15 month look back period.,146.9286,78,,,,,0,percent of total billed charges,78 percent of billed charges; No services were performed during the 15 month look back period.,113.022,60,,,,,0,percent of total billed charges,60 percent of billed charges; No services were performed during the 15 month look back period.,,,,,,,,Other,Not Payable.,34447,,,,,,,Case Rate,". Primary procedure pays at 100%, all subsequent at 50%.",,,,,,,,Other,Not Payable.,,,,,,,,Other,Not Payable.,146.9286,78,,,,,0,percent of total billed charges,78 percent of billed charges; No services were performed during the 15 month look back period.,,,,,,,,,,,,,,,,,,,,,,,,,,,,,,,,,,,,,34447,,,,,,,Case Rate,". Primary procedure pays at 100%, all subsequent at 50%.",34447,,,,,,,Case Rate,". Primary procedure pays at 100%, all subsequent at 50%.",94.51,,,,,,,Case Rate,"100 Percent of Medicaid APG. Not APG payable, or payable under another fee schedule like ASP/AWP pays at 30% of charges",34447,,,,,,,Case Rate,". Primary procedure pays at 100%, all subsequent at 50%.",94.51,,,,,,,Case Rate,"100 Percent of Medicaid APG. Not APG payable, or payable under another fee schedule like ASP/AWP pays at 30% of charges",,,,,,,,Other,Not Payable.,34447,,,,,,,Case Rate,". Primary procedure pays at 100%, all subsequent at 50%.",146.9286,78,,,,,0,percent of total billed charges,78 percent of billed charges; No services were performed during the 15 month look back period.,94.51,,,,,,,Case Rate,"100 Percent of Medicaid APG. If not priced under APG, then Metroplus FeeSched",94.51,,,,,,,Case Rate,"100 Percent of Medicaid APG. If not priced under APG, then Metroplus FeeSched",146.9286,78,,,,,0,percent of total billed charges,78 percent of billed charges; No services were performed during the 15 month look back period.,113.022,60,,,,,0,percent of total billed charges,60 percent of billed charges; No services were performed during the 15 month look back period.,138.75,,,,,,,Fee Schedule,.,138.75,,,,,,,Fee Schedule,.,146.9286,78,,,,,0,percent of total billed charges,78 percent of billed charges; No services were performed during the 15 month look back period.,,,,,,,,Other,Not Payable.,136.4,,,,,,,Fee Schedule,.,136.4,,,,,,,Fee Schedule,.,136.4,,,,,,,Fee Schedule,.,,,,,,,,Other,Not Payable.,136.4,,,,,,,Fee Schedule,.,136.4,,,,,,,Fee Schedule,.,,,,,,,,Other,Not Payable.,94.185,50,,,,,0,percent of total billed charges,50 percent of billed charges; No services were performed during the 15 month look back period.,78.69,,,,,,,Fee Schedule,758.1 % 2013 Manhattan Medicare.,78.69,,,,,,,Fee Schedule,758.1 % 2013 Manhattan Medicare.,78.69,,,,,,,Fee Schedule,758.1 % 2013 Manhattan Medicare.,78.69,,,,,,,Fee Schedule,758.1 % 2013 Manhattan Medicare.,78.69,,,,,,,Fee Schedule,758.1 % 2013 Manhattan Medicare.,78.69,,,,,,,Fee Schedule,758.1 % 2013 Manhattan Medicare.,,,,,,,,Other,Not Payable.,,,,,,,,Other,Not Payable.,78.69,,,,,,,Fee Schedule,758.1 % 2013 Manhattan Medicare.,146.9286,78,,,,,0,percent of total billed charges,78 percent of billed charges; No services were performed during the 15 month look back period.,146.9286,78,,,,,0,percent of total billed charges,78 percent of billed charges; No services were performed during the 15 month look back period.,146.9286,78,,,,,0,percent of total billed charges,78 percent of billed charges; No services were performed during the 15 month look back period.,146.9286,78,,,,,0,percent of total billed charges,78 percent of billed charges; No services were performed during the 15 month look back period.,146.9286,78,,,,,0,percent of total billed charges,78 percent of billed charges; No services were performed during the 15 month look back period.,146.9286,78,,,,,0,percent of total billed charges,78 percent of billed charges; No services were performed during the 15 month look back period.,146.9286,78,,,,,0,percent of total billed charges,78 percent of billed charges; No services were performed during the 15 month look back period.,146.9286,78,,,,,0,percent of total billed charges,78 percent of billed charges; No services were performed during the 15 month look back period.,146.9286,78,,,,,0,percent of total billed charges,78 percent of billed charges; No services were performed during the 15 month look back period.,146.9286,78,,,,,0,percent of total billed charges,78 percent of billed charges; No services were performed during the 15 month look back period.,146.9286,78,,,,,0,percent of total billed charges,78 percent of billed charges; No services were performed during the 15 month look back period.,146.9286,78,,,,,0,percent of total billed charges,78 percent of billed charges; No services were performed during the 15 month look back period.,146.9286,78,,,,,0,percent of total billed charges,78 percent of billed charges; No services were performed during the 15 month look back period.,146.9286,78,,,,,0,percent of total billed charges,78 percent of billed charges; No services were performed during the 15 month look back period.,146.9286,78,,,,,0,percent of total billed charges,78 percent of billed charges; No services were performed during the 15 month look back period.,146.9286,78,,,,,0,percent of total billed charges,78 percent of billed charges; No services were performed during the 15 month look back period.,146.9286,78,,,,,0,percent of total billed charges,78 percent of billed charges; No services were performed during the 15 month look back period.,146.9286,78,,,,,0,percent of total billed charges,78 percent of billed charges; No services were performed during the 15 month look back period.,146.9286,78,,,,,0,percent of total billed charges,78 percent of billed charges; No services were performed during the 15 month look back period.,146.9286,78,,,,,0,percent of total billed charges,78 percent of billed charges; No services were performed during the 15 month look back period.,146.9286,78,,,,,0,percent of total billed charges,78 percent of billed charges; No services were performed during the 15 month look back period.,146.9286,78,,,,,0,percent of total billed charges,78 percent of billed charges; No services were performed during the 15 month look back period.,146.9286,78,,,,,0,percent of total billed charges,78 percent of billed charges; No services were performed during the 15 month look back period.,146.9286,78,,,,,0,percent of total billed charges,78 percent of billed charges; No services were performed during the 15 month look back period.,146.9286,78,,,,,0,percent of total billed charges,78 percent of billed charges; No services were performed during the 15 month look back period.,146.9286,78,,,,,0,percent of total billed charges,78 percent of billed charges; No services were performed during the 15 month look back period.,34447,,,,,,,Case Rate,". Primary procedure pays at 100%, all subsequent at 50%.",34447,,,,,,,Case Rate,". Primary procedure pays at 100%, all subsequent at 50%.",34447,,,,,,,Case Rate,". Primary procedure pays at 100%, all subsequent at 50%.",34447,,,,,,,Case Rate,". Primary procedure pays at 100%, all subsequent at 50%.",48685,,,,,,,Case Rate,". Primary procedure pays at 100%, all subsequent at 50%.",48685,,,,,,,Case Rate,". Primary procedure pays at 100%, all subsequent at 50%.",113.022,60,,,,,0,percent of total billed charges,60 percent of billed charges; No services were performed during the 15 month look back period.,78.69,,,,,,,Fee Schedule,758.1 % 2013 Manhattan Medicare.,136.4,,,,,,,Fee Schedule,.,78.69,,,,,,,Fee Schedule,758.1 % 2013 Manhattan Medicare.,146.9286,78,,,,,0,percent of total billed charges,78 percent of billed charges; No services were performed during the 15 month look back period.,48685,,,,,,,Case Rate,". Primary procedure pays at 100%, all subsequent at 50%.",78.69,,,,,,,Fee Schedule,758.1 % 2013 Manhattan Medicare.,136.4,,,,,,,Fee Schedule,.,113.022,60,,,,,0,percent of total billed charges,60 percent of billed charges; No services were performed during the 15 month look back period.,,,,,,,,,,146.9286,78,,,,,0,percent of total billed charges,78 percent of billed charges; No services were performed during the 15 month look back period.,94.51,,,,,,,Case Rate,100 Percent of Medicaid APG.,34447,,,,,,,Case Rate,". Primary procedure pays at 100%, all subsequent at 50%.",94.51,,,,,,,Case Rate,"100 Percent of Medicaid APG. Not APG payable, or payable under another fee schedule like ASP/AWP pays at 30% of charges",,,,,,,,Other,Not Payable.,,,,,,,,Other,Not Payable.,94.185,50,,,,,0,percent of total billed charges,50 percent of billed charges; No services were performed during the 15 month look back period.,,,,,,,,Other,Not Payable.,,,,,,,,Other,Not Payable.,94.51,,,,,,,Case Rate,100 Percent of Medicaid APG.,,,,,,,,Other,Not Payable.,,,,,,,,Other,Not Payable.,113.022,60,,,,,0,percent of total billed charges,60 percent of billed charges; No services were performed during the 15 month look back period.,113.022,60,,,,,0,percent of total billed charges,60 percent of billed charges; No services were performed during the 15 month look back period.,,,,,,,,Other,Not Payable.,113.022,60,,,,,0,percent of total billed charges,60 percent of billed charges; No services were performed during the 15 month look back period.,136.4,,,,,,,Fee Schedule,.,136.4,,,,,,,Fee Schedule,.,,,,,,,,Other,Not Payable.,113.022,60,,,,,0,percent of total billed charges,60 percent of billed charges; No services were performed during the 15 month look back period.,113.022,60,,,,,0,percent of total billed charges,60 percent of billed charges; No services were performed during the 15 month look back period.,113.022,60,,,,,0,percent of total billed charges,60 percent of billed charges; No services were performed during the 15 month look back period.,113.022,60,,,,,0,percent of total billed charges,60 percent of billed charges; No services were performed during the 15 month look back period.,146.9286,78,,,,,0,percent of total billed charges,78 percent of billed charges; No services were performed during the 15 month look back period.,146.9286,78,,,,,0,percent of total billed charges,78 percent of billed charges; No services were performed during the 15 month look back period.,146.9286,78,,,,,0,percent of total billed charges,78 percent of billed charges; No services were performed during the 15 month look back period.,146.9286,78,,,,,0,percent of total billed charges,78 percent of billed charges; No services were performed during the 15 month look back period.,146.9286,78,,,,,0,percent of total billed charges,78 percent of billed charges; No services were performed during the 15 month look back period.,146.9286,78,,,,,0,percent of total billed charges,78 percent of billed charges; No services were performed during the 15 month look back period.,146.9286,78,,,,,0,percent of total billed charges,78 percent of billed charges; No services were performed during the 15 month look back period.,146.9286,78,,,,,0,percent of total billed charges,78 percent of billed charges; No services were performed during the 15 month look back period.,146.9286,78,,,,,0,percent of total billed charges,78 percent of billed charges; No services were performed during the 15 month look back period.,146.9286,78,,,,,0,percent of total billed charges,78 percent of billed charges; No services were performed during the 15 month look back period.,146.9286,78,,,,,0,percent of total billed charges,78 percent of billed charges; No services were performed during the 15 month look back period.,48685,,,,,,,Case Rate,". Primary procedure pays at 100%, all subsequent at 50%.",78.69,,,,,,,Fee Schedule,758.1 % 2013 Manhattan Medicare.,113.022,60,,,,,0,percent of total billed charges,60 percent of billed charges; No services were performed during the 15 month look back period.,,,,,,,,Other,Not Payable.,113.022,60,,,,,0,percent of total billed charges,60 percent of billed charges; No services were performed during the 15 month look back period.,113.022,60,,,,,0,percent of total billed charges,60 percent of billed charges; No services were performed during the 15 month look back period.,113.022,60,,,,,0,percent of total billed charges,60 percent of billed charges; No services were performed during the 15 month look back period.,146.9286,78,,,,,0,percent of total billed charges,78 percent of billed charges; No services were performed during the 15 month look back period.,202.26,,,,,,,Case Rate,"214 Percent of Medicaid APG. Drugs not priced under APG, billed with revenue code 636 and not priced by Medicare ASP FeeSched will be reimbursed at 20% of charges.",113.022,60,,,,,0,percent of total billed charges,60 percent of billed charges; No services were performed during the 15 month look back period.,94.51,,,,,,,Case Rate,100 Percent of Medicaid APG.,,,,,,,,Other,Not Payable.,,,,,,,,Other,Not Payable.,,,,,,,,Other,Not Payable.,,,,,,,,Other,Not Payable.,,,,,,,,Other,Not Payable.,,,,,,,,Other,Not Payable.,113.022,60,,,,,0,percent of total billed charges,60 percent of billed charges; No services were performed during the 15 month look back period.,94.185,50,,,,,0,percent of total billed charges,50 percent of billed charges; No services were performed during the 15 month look back period.,1.8837,1,,,,,0,percent of total billed charges,.; No services were performed during the 15 month look back period.,1.8837,1,,,,,0,percent of total billed charges,.; No services were performed during the 15 month look back period.,1.8837,1,,,,,0,percent of total billed charges,.; No services were performed during the 15 month look back period.,1.8837,1,,,,,0,percent of total billed charges,.; No services were performed during the 15 month look back period.,1.8837,1,,,,,0,percent of total billed charges,.; No services were performed during the 15 month look back period.,,,,,,,,,,94.185,50,,,,,0,percent of total billed charges,50 percent of billed charges; No services were performed during the 15 month look back period.,,,,,,,,Fee Schedule,Not Payable.,,,,,,,,Fee Schedule,Not Payable.,,,,,,,,Fee Schedule,Not Payable.,,,,,,,,Fee Schedule,Not Payable.,,,,,,,,Fee Schedule,Not Payable.,,,,,,,,Other,Not Payable.,48685,,,,,,,Case Rate,". Primary procedure pays at 100%, all subsequent at 50%.",48685,,,,,,,Case Rate,". Primary procedure pays at 100%, all subsequent at 50%.",48685,,,,,,,Case Rate,". Primary procedure pays at 100%, all subsequent at 50%.",48685,,,,,,,Case Rate,". Primary procedure pays at 100%, all subsequent at 50%.",113.022,60,,,,,0,percent of total billed charges,60 percent of billed charges; No services were performed during the 15 month look back period.,113.022,60,,,,,0,percent of total billed charges,60 percent of billed charges; No services were performed during the 15 month look back period.,113.022,60,,,,,0,percent of total billed charges,60 percent of billed charges; No services were performed during the 15 month look back period.,113.022,60,,,,,0,percent of total billed charges,60 percent of billed charges; No services were performed during the 15 month look back period.,94.185,50,,,,,0,percent of total billed charges,50 percent of billed charges; No services were performed during the 15 month look back period.,94.185,50,,,,,0,percent of total billed charges,50 percent of billed charges; No services were performed during the 15 month look back period.,,,,,,,,Other,Not Payable.,,,,,,,,Other,Not Payable.,,,,,,,,Other,Not Payable.,78.69,,,,,,,Fee Schedule,758.1 % 2013 Manhattan Medicare.,78.69,,,,,,,Fee Schedule,758.1 % 2013 Manhattan Medicare.,78.69,,,,,,,Fee Schedule,758.1 % 2013 Manhattan Medicare.,94.185,50,,,,,0,percent of total billed charges,50 percent of billed charges; No services were performed during the 15 month look back period.,113.022,60,,,,,0,percent of total billed charges,60 percent of billed charges; No services were performed during the 15 month look back period.,,,,,,,,Other,Not Payable.,78.69,,,,,,,Fee Schedule,758.1 % 2013 Manhattan Medicare.,94.51,,,,,,,Case Rate,100 Percent of Medicaid APG.,,,,,,,,Other,Not Payable.,,,,,,,,Other,Not Payable.,,,,,,,,Other,Not Payable.,,,,,,,,,,,,,,,,,,,,,,,,,,,,,,,,,,,,,,,,,,,,,,,,,,,,,,,,,,,,,,Other,Not Payable.,94.51,,,,,,,Case Rate,100 Percent of Medicaid APG.,,,,,,,,,,,,,,,,,,,,,,,,,,,,,,,,,,,,,,,,,,,,,,1.8837,1,,,,,0,percent of total billed charges,.; No services were performed during the 15 month look back period.,,,,,,,,Other,Not Payable.,,,,,,,,Other,Not Payable.,113.022,60,,,,,0,percent of total billed charges,60 percent of billed charges; No services were performed during the 15 month look back period.,,,,,,,,Other,Not Payable.,,,,,,,,,,,,,,,,,,,,,,,,,,,,,,,,,,,,,212.66,,,,,,,Case Rate,225 Percent of Medicaid APG. Covered services not payable under Medicaid Fee Schedules default to a payment of 87.5 percent of charges.,1.8837,1,,,,,0,percent of total billed charges,. Covered services not payable under Medicaid Fee Schedules default to a payment of 50 percent of charges.; No services were performed during the 15 month look back period.,212.66,,,,,,,Case Rate,100 Percent of Medicaid APG.,212.66,,,,,,,Case Rate,100 Percent of Medicaid APG.,212.66,,,,,,,Case Rate,100 Percent of Medicaid APG.,212.66,,,,,,,Case Rate,100 Percent of Medicaid APG.,,,,,,,,,,94.185,50,,,,,0,percent of total billed charges,50 percent of billed charges; No services were performed during the 15 month look back period.,113.42,,,,,,,Case Rate,"120 Percent of Medicaid APG. Not APG payable, or payable under another fee schedule like ASP/AWP pays at 30% of charges",113.42,,,,,,,Case Rate,"120 Percent of Medicaid APG. Not APG payable, or payable under another fee schedule like ASP/AWP pays at 30% of charges",94.51,,,,,,,Case Rate,"100 Percent of Medicaid APG. Not APG payable, or payable under another fee schedule like ASP/AWP pays at 30% of charges",94.51,,,,,,,Case Rate,"100 Percent of Medicaid APG. Not APG payable, or payable under another fee schedule like ASP/AWP pays at 30% of charges",78.69,,,,,,,Fee Schedule,758.1 % 2013 Manhattan Medicare.,78.69,,,,,,,Fee Schedule,758.1 % 2013 Manhattan Medicare.,,,,,,,,Other,Not Payable.,78.69,,,,,,,Fee Schedule,758.1 % 2013 Manhattan Medicare.,78.69,,,,,,,Fee Schedule,758.1 % 2013 Manhattan Medicare.,78.69,,,,,,,Fee Schedule,758.1 % 2013 Manhattan Medicare.,78.69,,,,,,,Fee Schedule,758.1 % 2013 Manhattan Medicare.,,,,,,,,Other,Not Payable.,78.69,,,,,,,Fee Schedule,758.1 % 2013 Manhattan Medicare.,78.69,,,,,,,Fee Schedule,758.1 % 2013 Manhattan Medicare.,113.022,60,,,,,0,percent of total billed charges,60 percent of billed charges; No services were performed during the 15 month look back period.,94.51,,,,,,,Fee Schedule,100% APG. Lesser of 100% of billed charges applies.,1.8837,1,,,,,0,percent of total billed charges,. Covered services not payable under Medicaid Fee Schedules default to a payment of 50 percent of charges.; No services were performed during the 15 month look back period.,,,,,,,,,,212.66,,,,,,,Case Rate,225 Percent of Medicaid APG. Covered services not payable under Medicaid Fee Schedules default to a payment of 87.5 percent of charges.,1.8837,1,,,,,0,percent of total billed charges,. Covered services not payable under Medicaid Fee Schedules default to a payment of 50 percent of charges.; No services were performed during the 15 month look back period.,,,,,,,,,,,,,,,,,,,,,,,,,,,,,,,,,,,,,,,,,,,,,,,,,,,,,,,,,,,,,,,,,,,,,,,,,,,,,,,,,,113.022,60,,,,,0,percent of total billed charges,60 percent of billed charges; No services were performed during the 15 month look back period.,,,,,,,,,,,,,,,,,Other,Not Payable.,1352,,,,,,,Case Rate,". MPL 1st 100% of Payment Rate 50% of all others, all add ons apply, and lesser of 100% of billed charges.",,,,,,,,Other,Not Payable.,,,,,,,,Other,Not Payable.,113.42,,,,,,,Case Rate,"120 Percent of Medicaid APG. Not APG payable, or payable under another fee schedule like ASP/AWP pays at 30% of charges",113.42,,,,,,,Case Rate,"120 Percent of Medicaid APG. Not APG payable, or payable under another fee schedule like ASP/AWP pays at 30% of charges",94.51,,,,,,,Case Rate,"100 Percent of Medicaid APG. Not APG payable, or payable under another fee schedule like ASP/AWP pays at 30% of charges",94.51,,,,,,,Case Rate,"100 Percent of Medicaid APG. Not APG payable, or payable under another fee schedule like ASP/AWP pays at 30% of charges",94.51,,,,,,,Case Rate,100 Percent of Medicaid APG.,29280,,,,,,,Case Rate,.,113.022,60,,,,,0,percent of total billed charges,60 percent of billed charges; No services were performed during the 15 month look back period.,34447,,,,,,,Case Rate,". Primary procedure pays at 100%, all subsequent at 50%.",113.022,60,,,,,0,percent of total billed charges,60 percent of billed charges; No services were performed during the 15 month look back period.,,,,,,,,Other,Not Payable.,,,,,,,,Other,Not Payable.,,,,,,,,Other,Not Payable.,,,,,,,,Other,Not Payable.,,,,,,,,Other,Not Payable.,,,,,,,,Other,Not Payable.,,,,,,,,,,,,,,,,,,,,,,,,,,,,78.69,,,,,,,Fee Schedule,758.1 % 2013 Manhattan Medicare.,29280,,,,,,,Case Rate,.,29280,,,,,,,Case Rate,.,29280,,,,,,,Case Rate,.,29280,,,,,,,Case Rate,.,,,,,,,,Other,Not Payable.,94.51,,,,,,,Case Rate,100 Percent of Medicaid APG.,78.69,,,,,,,Fee Schedule,758.1 % 2013 Manhattan Medicare.,94.51,,,,,,,Case Rate,100 Percent of Medicaid APG.,,,,,,,,Other,Not Payable.,94.51,,,,,,,Case Rate,100 Percent of Medicaid APG.,,,,,,,,Other,Not Payable.,,,,,,,,Other,Not Payable.,94.51,,,,,,,Case Rate,100 Percent of Medicaid APG.,94.51,,,,,,,Case Rate,100 Percent of Medicaid APG.,29280,,,,,,,Case Rate,.,113.022,60,,,,,0,percent of total billed charges,60 percent of billed charges; No services were performed during the 15 month look back period.,146.9286,78,,,,,0,percent of total billed charges,78 percent of billed charges; No services were performed during the 15 month look back period.,136.4,,,,,,,Fee Schedule,.,136.4,,,,,,,Fee Schedule,.,113.022,60,,,,,0,percent of total billed charges,60 percent of billed charges; No services were performed during the 15 month look back period.,,,,,,,,Other,Not Payable.,48685,,,,,,,Case Rate,". Primary procedure pays at 100%, all subsequent at 50%.",48685,,,,,,,Case Rate,". Primary procedure pays at 100%, all subsequent at 50%.",62.95,,,,,,,Fee Schedule,606.5 % 2013 Manhattan Medicare.,62.95,,,,,,,Fee Schedule,606.5 % 2013 Manhattan Medicare.,,,,,,,,Other,Not Payable.,,,,,,,,Other,Not Payable.,,,,,,,,Other,Not Payable.,,,,,,,,Other,Not Payable.,136.4,,,,,,,Fee Schedule,.,78.69,,,,,,,Fee Schedule,758.1 % 2013 Manhattan Medicare.,78.69,,,,,,,Fee Schedule,758.1 % 2013 Manhattan Medicare.,,,,,,,,Other,Not Payable.,62.95,,,,,,,Fee Schedule,606.5 % 2013 Manhattan Medicare.,34447,,,,,,,Case Rate,". Primary procedure pays at 100%, all subsequent at 50%.",,,,,,,,,,94.51,,,,,,,Case Rate,100 Percent of Medicaid APG.,34447,,,,,,,Case Rate,". Primary procedure pays at 100%, all subsequent at 50%.",70.82,,,,,,,Fee Schedule,682.3 % 2013 Manhattan Medicare.,70.82,,,,,,,Fee Schedule,682.3 % 2013 Manhattan Medicare.,,,,,,,,,,94.185,50,,,,,0,percent of total billed charges,50 percent of billed charges; No services were performed during the 15 month look back period.,,,,,,,,Other,Not Payable.,99.24,,,,,,,Fee Schedule,105 percent of Medicaid APG. otherwise 105% of Ordered NYS MCD FS or 105% of ASP+6%,99.24,,,,,,,Fee Schedule,105 percent of Medicaid APG. otherwise 105% of Ordered NYS MCD FS or 105% of ASP+6%,99.24,,,,,,,Fee Schedule,105 percent of Medicaid APG. otherwise 105% of Ordered NYS MCD FS or 105% of ASP+6%,127.59,,,,,,,Fee Schedule,135 percent of Medicaid APG. otherwise 135% of Ordered NYS MCD FS or 135% of ASP+6%,136.4,,,,,,,Fee Schedule,.,99.24,,,,,,,Fee Schedule,105 percent of Medicaid APG. otherwise 105% of Ordered NYS MCD FS or 105% of ASP+6%,99.24,,,,,,,Fee Schedule,105 percent of Medicaid APG. otherwise 105% of Ordered NYS MCD FS or 105% of ASP+6%,99.24,,,,,,,Fee Schedule,105 percent of Medicaid APG. otherwise 105% of Ordered NYS MCD FS or 105% of ASP+6%,99.24,,,,,,,Fee Schedule,105 percent of Medicaid APG. otherwise 105% of Ordered NYS MCD FS or 105% of ASP+6%,99.24,,,,,,,Fee Schedule,105 percent of Medicaid APG. otherwise 105% of Ordered NYS MCD FS or 105% of ASP+6%,127.59,,,,,,,Fee Schedule,135 percent of Medicaid APG. otherwise 135% of Ordered NYS MCD FS or 135% of ASP+6%,127.59,,,,,,,Fee Schedule,135 percent of Medicaid APG. otherwise 135% of Ordered NYS MCD FS or 135% of ASP+6%,,,,,,,,Other,Not Payable.,136.4,,,,,,,Fee Schedule,.,,,,,,,,Other,Not Payable.,99.24,,,,,,,Fee Schedule,105 percent of Medicaid APG. otherwise 105% of Ordered NYS MCD FS or 105% of ASP+6%,78.69,,,,,,,Fee Schedule,758.1 % 2013 Manhattan Medicare.,,,,,,,,Other,Not Payable.,78.69,,,,,,,Fee Schedule,758.1 % 2013 Manhattan Medicare.,78.69,,,,,,,Fee Schedule,758.1 % 2013 Manhattan Medicare.,78.69,,,,,,,Fee Schedule,758.1 % 2013 Manhattan Medicare.,99.24,,,,,,,Fee Schedule,105 percent of Medicaid APG. otherwise 105% of Ordered NYS MCD FS or 105% of ASP+6%,,,,,,,,Other,Not Payable.,78.69,,,,,,,Fee Schedule,758.1 % 2013 Manhattan Medicare.,127.59,,,,,,,Fee Schedule,135 percent of Medicaid APG. otherwise 135% of Ordered NYS MCD FS or 135% of ASP+6%,78.69,,,,,,,Fee Schedule,758.1 % 2013 Manhattan Medicare.,,,,,,,,Other,Not Payable.,,,,,,,,Other,Not Payable.,29280,,,,,,,Case Rate,.,29280,,,,,,,Case Rate,.,29280,,,,,,,Case Rate,.,29280,,,,,,,Case Rate,.,29280,,,,,,,Case Rate,.,34447,,,,,,,Case Rate,". Primary procedure pays at 100%, all subsequent at 50%.",34447,,,,,,,Case Rate,". Primary procedure pays at 100%, all subsequent at 50%.",29280,,,,,,,Case Rate,.,29280,,,,,,,Case Rate,.,29280,,,,,,,Case Rate,.,29280,,,,,,,Case Rate,.,29280,,,,,,,Case Rate,.,,,,,,,,Other,Not Payable.,34447,,,,,,,Case Rate,". Primary procedure pays at 100%, all subsequent at 50%.",,,,,,,,Other,Not Payable.,212.66,,,,,,,Case Rate,"225 Percent of Medicaid APG. If not included in Medicaid APG, then 100 Percent of Manhattan Medicare",94.51,,,,,,,Case Rate,"100 Percent of Medicaid APG. If not priced under APG, then Metroplus FeeSched",136.4,,,,,,,Fee Schedule,.,136.4,,,,,,,Fee Schedule,.,,,,,,,,Other,Not Payable.,48685,,,,,,,Case Rate,". Primary procedure pays at 100%, all subsequent at 50%.",,,,,,,,Other,Not Payable.,,,,,,,,Other,Not Payable.,113.022,60,,,,,0,percent of total billed charges,60 percent of billed charges; No services were performed during the 15 month look back period.,,,,,,,,Other,Not Payable.,113.022,60,,,,,0,percent of total billed charges,60 percent of billed charges; No services were performed during the 15 month look back period.,,,,,,,,Other,Not Payable.,113.022,60,,,,,0,percent of total billed charges,60 percent of billed charges; No services were performed during the 15 month look back period.,113.022,60,,,,,0,percent of total billed charges,60 percent of billed charges; No services were performed during the 15 month look back period.,113.022,60,,,,,0,percent of total billed charges,60 percent of billed charges; No services were performed during the 15 month look back period.,,,,,,,,Other,Not Payable.,94.51,,,,,,,Case Rate,100 Percent of Medicaid APG.,,,,,,,,Other,Not Payable.,113.022,60,,,,,0,percent of total billed charges,60 percent of billed charges; No services were performed during the 15 month look back period.,136.4,,,,,,,Fee Schedule,.,94.51,,,,,,,Case Rate,100 Percent of Medicaid APG.,78.69,,,,,,,Fee Schedule,758.1 % 2013 Manhattan Medicare.,,,,,,,,,,,,,,,,,,,78.69,,,,,,,Fee Schedule,758.1 % 2013 Manhattan Medicare.,78.69,,,,,,,Fee Schedule,758.1 % 2013 Manhattan Medicare.,78.69,,,,,,,Fee Schedule,758.1 % 2013 Manhattan Medicare.,136.4,,,,,,,Fee Schedule,.,78.69,,,,,,,Fee Schedule,758.1 % 2013 Manhattan Medicare.,78.69,,,,,,,Fee Schedule,758.1 % 2013 Manhattan Medicare.,78.69,,,,,,,Fee Schedule,758.1 % 2013 Manhattan Medicare.,34447,,,,,,,Case Rate,". Primary procedure pays at 100%, all subsequent at 50%.",34447,,,,,,,Case Rate,". Primary procedure pays at 100%, all subsequent at 50%.",,,,,,,,Fee Schedule,Not Payable.,94.51,,,,,,,Case Rate,100 Percent of Medicaid APG.,136.4,,,,,,,Fee Schedule,.,113.022,60,,,,,0,percent of total billed charges,60 percent of billed charges; No services were performed during the 15 month look back period.,113.022,60,,,,,0,percent of total billed charges,60 percent of billed charges; No services were performed during the 15 month look back period.,136.4,,,,,,,Fee Schedule,.,113.022,60,,,,,0,percent of total billed charges,60 percent of billed charges; No services were performed during the 15 month look back period.,136.4,,,,,,,Fee Schedule,.,78.69,,,,,,,Fee Schedule,758.1 % 2013 Manhattan Medicare.,78.69,,,,,,,Fee Schedule,758.1 % 2013 Manhattan Medicare.,78.69,,,,,,,Fee Schedule,758.1 % 2013 Manhattan Medicare.,78.69,,,,,,,Fee Schedule,758.1 % 2013 Manhattan Medicare.,,,,,,,,Other,Not Payable.,1.8837,48685,
97035,CPT,2022255,LOCAL,430,RC,"HC OT APPL MODALITY 1+ AREAS ULTRASOUND EA 15 MIN, GO",140.07,26.6133,both,,,,50,,,,,,,Per Diem,"100 % 1199 Fee Schedule. ",50,,,,,,,Per Diem,"100 % 1199 Fee Schedule. ",313,,,,,,,Per Diem,. Paid once per service date. Line level lesser of applies.,140.07,100,,,,,0,percent of total billed charges,100 percent of billed charges. ; No services were performed during the 15 month look back period.,15.69,,,,,,,Fee Schedule,"100% RBRVS FS. ",313,,,,,,,Per Diem,. Paid once per service date. Line level lesser of applies.,313,,,,,,,Per Diem,. Paid once per service date. Line level lesser of applies.,313,,,,,,,Per Diem,. Paid once per service date. Line level lesser of applies.,113.42,,,,,,,Case Rate,"100 Percent of Medicaid APG. ",94.51,,,,,,,Case Rate,"100 Percent of Medicaid APG. ",109.2546,78,,,,,0,percent of total billed charges,78% of Billed Charges. Lesser of 100% of billed charges applies.; No services were performed during the 15 month look back period.,380.97,,,,,,,Per Diem,853% of Medicare. Lesser of 100% of billed charges applies.,94.51,,,,,,,Case Rate,"100 Percent of Medicaid APG. ",15.69,,,,,,,Fee Schedule,"100% RBRVS FS. ",393,,,,,,,Per Diem,. Paid once per unique code per service date and lesser of 100% of billed charges.,393,,,,,,,Per Diem,. Paid once per unique code per service date and lesser of 100% of billed charges.,393,,,,,,,Per Diem,. Paid once per unique code per service date and lesser of 100% of billed charges.,393,,,,,,,Per Diem,. Paid once per unique code per service date and lesser of 100% of billed charges.,14.4,,,,,,,Fee schedule,90 Percent of Medicare RBRVS. Covered services not payable under Medicaid Fee Schedules default to a payment of 50 percent of charges.,15.69,,,,,,,Fee Schedule,"100% RBRVS FS. ",14.4,,,,,,,Fee schedule,90 Percent of Medicare RBRVS. Covered services not payable under Medicaid Fee Schedules default to a payment of 50 percent of charges.,109.2546,78,,,,,0,percent of total billed charges,78% of Billed Charges. Lesser of 100% of billed charges applies.; No services were performed during the 15 month look back period.,313,,,,,,,Per Diem,. Paid once per service date. Line level lesser of applies.,15.69,,,,,,,Fee Schedule,"100% RBRVS FS. ",40.01,,,,,,,Fee Schedule,"255 % Medicare RBRVS. ",15.69,,,,,,,Fee Schedule,"100% RBRVS FS. ",15.69,,,,,,,Fee Schedule,"100% RBRVS FS. ",109.2546,78,,,,,0,percent of total billed charges,78% of Billed Charges. Lesser of 100% of billed charges applies.; No services were performed during the 15 month look back period.,14.4,,,,,,,Fee Schedule,90 Percent of Medicare RBRVS. Lesser of 100% of billed charges applies.,14.4,,,,,,,Fee Schedule,90 Percent of Medicare RBRVS. Lesser of 100% of billed charges applies.,14.4,,,,,,,Fee schedule,"90 Percent of Medicare RBRVS. ",14.4,,,,,,,Fee schedule,"90 Percent of Medicare RBRVS. ",40.01,,,,,,,Fee Schedule,"255 % Medicare RBRVS. ",40.01,,,,,,,Fee Schedule,"255 % Medicare RBRVS. ",94.51,,,,,,,Case Rate,"100 Percent of Medicaid APG. Not APG payable, or payable under another fee schedule like ASP/AWP pays at 30% of charges",40.01,,,,,,,Fee Schedule,"255 % Medicare RBRVS. ",94.51,,,,,,,Case Rate,"100 Percent of Medicaid APG. Not APG payable, or payable under another fee schedule like ASP/AWP pays at 30% of charges",15.69,,,,,,,Fee Schedule,"100% RBRVS FS. ",40.01,,,,,,,Fee Schedule,"255 % Medicare RBRVS. ",109.2546,78,,,,,0,percent of total billed charges,78% of Billed Charges. Lesser of 100% of billed charges applies.; No services were performed during the 15 month look back period.,94.51,,,,,,,Case Rate,"100 Percent of Medicaid APG. ",94.51,,,,,,,Case Rate,"100 Percent of Medicaid APG. ",109.2546,78,,,,,0,percent of total billed charges,78% of Billed Charges. Lesser of 100% of billed charges applies.; No services were performed during the 15 month look back period.,393,,,,,,,Per Diem,. Paid once per unique code per service date and lesser of 100% of billed charges.,357.82,,,,,,,Per Diem,. Paid once per unique code per service date and lesser of 100% of billed charges.,357.82,,,,,,,Per Diem,. Paid once per unique code per service date and lesser of 100% of billed charges.,109.2546,78,,,,,0,percent of total billed charges,78% of Billed Charges. Lesser of 100% of billed charges applies.; No services were performed during the 15 month look back period.,15.69,,,,,,,Fee Schedule,"100% RBRVS FS. ",380.97,,,,,,,Per Diem,853% of Medicare. Lesser of 100% of billed charges applies.,380.97,,,,,,,Per Diem,853% of Medicare. Lesser of 100% of billed charges applies.,380.97,,,,,,,Per Diem,853% of Medicare. Lesser of 100% of billed charges applies.,15.69,,,,,,,Fee Schedule,"100% RBRVS FS. ",380.97,,,,,,,Per Diem,853% of Medicare. Lesser of 100% of billed charges applies.,380.97,,,,,,,Per Diem,853% of Medicare. Lesser of 100% of billed charges applies.,15.69,,,,,,,Fee Schedule,"100% of RBRVS. ",596,,,,,,,Per Diem,. Paid once per unique code per service date and lesser of 100% of billed charges.,105.75,,,,,,,Fee Schedule,"758.1 % 2013 Manhattan Medicare. ",105.75,,,,,,,Fee Schedule,"758.1 % 2013 Manhattan Medicare. ",105.75,,,,,,,Fee Schedule,"758.1 % 2013 Manhattan Medicare. ",105.75,,,,,,,Fee Schedule,"758.1 % 2013 Manhattan Medicare. ",105.75,,,,,,,Fee Schedule,"758.1 % 2013 Manhattan Medicare. ",105.75,,,,,,,Fee Schedule,"758.1 % 2013 Manhattan Medicare. ",15.69,,,,,,,Fee Schedule,"100% RBRVS FS. ",15.69,,,,,,,Fee Schedule,"100% RBRVS FS. ",105.75,,,,,,,Fee Schedule,"758.1 % 2013 Manhattan Medicare. ",109.2546,78,,,,,0,percent of total billed charges,78% of Billed Charges. Lesser of 100% of billed charges applies.; No services were performed during the 15 month look back period.,109.2546,78,,,,,0,percent of total billed charges,78% of Billed Charges. Lesser of 100% of billed charges applies.; No services were performed during the 15 month look back period.,109.2546,78,,,,,0,percent of total billed charges,78% of Billed Charges. Lesser of 100% of billed charges applies.; No services were performed during the 15 month look back period.,109.2546,78,,,,,0,percent of total billed charges,78% of Billed Charges. Lesser of 100% of billed charges applies.; No services were performed during the 15 month look back period.,109.2546,78,,,,,0,percent of total billed charges,78% of Billed Charges. Lesser of 100% of billed charges applies.; No services were performed during the 15 month look back period.,109.2546,78,,,,,0,percent of total billed charges,78% of Billed Charges. Lesser of 100% of billed charges applies.; No services were performed during the 15 month look back period.,109.2546,78,,,,,0,percent of total billed charges,78% of Billed Charges. Lesser of 100% of billed charges applies.; No services were performed during the 15 month look back period.,109.2546,78,,,,,0,percent of total billed charges,78% of Billed Charges. Lesser of 100% of billed charges applies.; No services were performed during the 15 month look back period.,109.2546,78,,,,,0,percent of total billed charges,78% of Billed Charges. Lesser of 100% of billed charges applies.; No services were performed during the 15 month look back period.,109.2546,78,,,,,0,percent of total billed charges,78% of Billed Charges. Lesser of 100% of billed charges applies.; No services were performed during the 15 month look back period.,109.2546,78,,,,,0,percent of total billed charges,78% of Billed Charges. Lesser of 100% of billed charges applies.; No services were performed during the 15 month look back period.,109.2546,78,,,,,0,percent of total billed charges,78% of Billed Charges. Lesser of 100% of billed charges applies.; No services were performed during the 15 month look back period.,109.2546,78,,,,,0,percent of total billed charges,78% of Billed Charges. Lesser of 100% of billed charges applies.; No services were performed during the 15 month look back period.,109.2546,78,,,,,0,percent of total billed charges,78% of Billed Charges. Lesser of 100% of billed charges applies.; No services were performed during the 15 month look back period.,109.2546,78,,,,,0,percent of total billed charges,78% of Billed Charges. Lesser of 100% of billed charges applies.; No services were performed during the 15 month look back period.,109.2546,78,,,,,0,percent of total billed charges,78% of Billed Charges. Lesser of 100% of billed charges applies.; No services were performed during the 15 month look back period.,109.2546,78,,,,,0,percent of total billed charges,78% of Billed Charges. Lesser of 100% of billed charges applies.; No services were performed during the 15 month look back period.,109.2546,78,,,,,0,percent of total billed charges,78% of Billed Charges. Lesser of 100% of billed charges applies.; No services were performed during the 15 month look back period.,109.2546,78,,,,,0,percent of total billed charges,78% of Billed Charges. Lesser of 100% of billed charges applies.; No services were performed during the 15 month look back period.,109.2546,78,,,,,0,percent of total billed charges,78% of Billed Charges. Lesser of 100% of billed charges applies.; No services were performed during the 15 month look back period.,109.2546,78,,,,,0,percent of total billed charges,78% of Billed Charges. Lesser of 100% of billed charges applies.; No services were performed during the 15 month look back period.,109.2546,78,,,,,0,percent of total billed charges,78% of Billed Charges. Lesser of 100% of billed charges applies.; No services were performed during the 15 month look back period.,109.2546,78,,,,,0,percent of total billed charges,78% of Billed Charges. Lesser of 100% of billed charges applies.; No services were performed during the 15 month look back period.,109.2546,78,,,,,0,percent of total billed charges,78% of Billed Charges. Lesser of 100% of billed charges applies.; No services were performed during the 15 month look back period.,109.2546,78,,,,,0,percent of total billed charges,78% of Billed Charges. Lesser of 100% of billed charges applies.; No services were performed during the 15 month look back period.,109.2546,78,,,,,0,percent of total billed charges,78% of Billed Charges. Lesser of 100% of billed charges applies.; No services were performed during the 15 month look back period.,40.01,,,,,,,Fee Schedule,"255 % Medicare RBRVS. ",40.01,,,,,,,Fee Schedule,"255 % Medicare RBRVS. ",40.01,,,,,,,Fee Schedule,"255 % Medicare RBRVS. ",40.01,,,,,,,Fee Schedule,"255 % Medicare RBRVS. ",80.18,,,,,,,Fee Schedule,"511 % Medicare RBRVS. ",80.18,,,,,,,Fee Schedule,"511 % Medicare RBRVS. ",393,,,,,,,Per Diem,. Paid once per unique code per service date and lesser of 100% of billed charges.,105.75,,,,,,,Fee Schedule,"758.1 % 2013 Manhattan Medicare. ",380.97,,,,,,,Per Diem,853% of Medicare. Lesser of 100% of billed charges applies.,105.75,,,,,,,Fee Schedule,"758.1 % 2013 Manhattan Medicare. ",109.2546,78,,,,,0,percent of total billed charges,78% of Billed Charges. Lesser of 100% of billed charges applies.; No services were performed during the 15 month look back period.,80.18,,,,,,,Fee Schedule,"511 % Medicare RBRVS. ",105.75,,,,,,,Fee Schedule,"758.1 % 2013 Manhattan Medicare. ",380.97,,,,,,,Per Diem,853% of Medicare. Lesser of 100% of billed charges applies.,393,,,,,,,Per Diem,. Paid once per unique code per service date and lesser of 100% of billed charges.,,,,,,,,,"NA. ",109.2546,78,,,,,0,percent of total billed charges,78% of Billed Charges. Lesser of 100% of billed charges applies.; No services were performed during the 15 month look back period.,94.51,,,,,,,Case Rate,"100 Percent of Medicaid APG. ",40.01,,,,,,,Fee Schedule,"255 % Medicare RBRVS. ",94.51,,,,,,,Case Rate,"100 Percent of Medicaid APG. Not APG payable, or payable under another fee schedule like ASP/AWP pays at 30% of charges",15.69,,,,,,,Fee Schedule,"100% RBRVS FS. ",15.69,,,,,,,Fee Schedule,"100% RBRVS FS. ",596,,,,,,,Per Diem,. Paid once per unique code per service date and lesser of 100% of billed charges.,15.69,,,,,,,Fee Schedule,"100% RBRVS FS. ",15.69,,,,,,,Fee Schedule,"100% RBRVS FS. ",94.51,,,,,,,Case Rate,"100 Percent of Medicaid APG. ",15.69,,,,,,,Fee Schedule,"100% RBRVS FS. ",15.69,,,,,,,Fee Schedule,"100% RBRVS FS. ",313,,,,,,,Per Diem,. Paid once per service date. Line level lesser of applies.,313,,,,,,,Per Diem,. Paid once per service date. Line level lesser of applies.,15.69,,,,,,,Fee Schedule,"100% RBRVS FS. ",393,,,,,,,Per Diem,. Paid once per unique code per service date and lesser of 100% of billed charges.,380.97,,,,,,,Per Diem,853% of Medicare. Lesser of 100% of billed charges applies.,380.97,,,,,,,Per Diem,853% of Medicare. Lesser of 100% of billed charges applies.,15.69,,,,,,,Fee Schedule,"100% RBRVS FS. ",393,,,,,,,Per Diem,. Paid once per unique code per service date and lesser of 100% of billed charges.,313,,,,,,,Per Diem,. Paid once per service date. Line level lesser of applies.,313,,,,,,,Per Diem,. Paid once per service date. Line level lesser of applies.,313,,,,,,,Per Diem,. Paid once per service date. Line level lesser of applies.,109.2546,78,,,,,0,percent of total billed charges,78% of Billed Charges. Lesser of 100% of billed charges applies.; No services were performed during the 15 month look back period.,109.2546,78,,,,,0,percent of total billed charges,78% of Billed Charges. Lesser of 100% of billed charges applies.; No services were performed during the 15 month look back period.,109.2546,78,,,,,0,percent of total billed charges,78% of Billed Charges. Lesser of 100% of billed charges applies.; No services were performed during the 15 month look back period.,109.2546,78,,,,,0,percent of total billed charges,78% of Billed Charges. Lesser of 100% of billed charges applies.; No services were performed during the 15 month look back period.,109.2546,78,,,,,0,percent of total billed charges,78% of Billed Charges. Lesser of 100% of billed charges applies.; No services were performed during the 15 month look back period.,109.2546,78,,,,,0,percent of total billed charges,78% of Billed Charges. Lesser of 100% of billed charges applies.; No services were performed during the 15 month look back period.,109.2546,78,,,,,0,percent of total billed charges,78% of Billed Charges. Lesser of 100% of billed charges applies.; No services were performed during the 15 month look back period.,109.2546,78,,,,,0,percent of total billed charges,78% of Billed Charges. Lesser of 100% of billed charges applies.; No services were performed during the 15 month look back period.,109.2546,78,,,,,0,percent of total billed charges,78% of Billed Charges. Lesser of 100% of billed charges applies.; No services were performed during the 15 month look back period.,109.2546,78,,,,,0,percent of total billed charges,78% of Billed Charges. Lesser of 100% of billed charges applies.; No services were performed during the 15 month look back period.,109.2546,78,,,,,0,percent of total billed charges,78% of Billed Charges. Lesser of 100% of billed charges applies.; No services were performed during the 15 month look back period.,80.18,,,,,,,Fee Schedule,"511 % Medicare RBRVS. ",105.75,,,,,,,Fee Schedule,"758.1 % 2013 Manhattan Medicare. ",393,,,,,,,Per Diem,. Paid once per unique code per service date and lesser of 100% of billed charges.,15.69,,,,,,,Fee Schedule,"100% RBRVS FS. ",313,,,,,,,Per Diem,. Paid once per service date. Line level lesser of applies.,393,,,,,,,Per Diem,. Paid once per unique code per service date and lesser of 100% of billed charges.,393,,,,,,,Per Diem,. Paid once per unique code per service date and lesser of 100% of billed charges.,109.2546,78,,,,,0,percent of total billed charges,78% of Billed Charges. Lesser of 100% of billed charges applies.; No services were performed during the 15 month look back period.,202.26,,,,,,,Case Rate,"141 Percent of current Medicare RBRVS FeeSched. ",393,,,,,,,Per Diem,. Paid once per unique code per service date and lesser of 100% of billed charges.,94.51,,,,,,,Case Rate,"100 Percent of Medicaid APG. ",15.69,,,,,,,Fee Schedule,"100% RBRVS FS. ",15.69,,,,,,,Fee Schedule,"100% RBRVS FS. ",15.69,,,,,,,Fee Schedule,"100% RBRVS FS. ",15.69,,,,,,,Fee Schedule,"100% RBRVS FS. ",15.69,,,,,,,Fee Schedule,"100% RBRVS FS. ",15.69,,,,,,,Fee Schedule,"100% RBRVS FS. ",393,,,,,,,Per Diem,. Paid once per unique code per service date and lesser of 100% of billed charges.,596,,,,,,,Per Diem,. Paid once per unique code per service date and lesser of 100% of billed charges.,25.6,,,,,,,Fee Schedule,"160 Percent of Medicare RBRVS. ",25.6,,,,,,,Fee Schedule,"160 Percent of Medicare RBRVS. ",25.6,,,,,,,Fee Schedule,"160 Percent of Medicare RBRVS. ",25.6,,,,,,,Fee Schedule,"160 Percent of Medicare RBRVS. ",25.6,,,,,,,Fee Schedule,"160 Percent of Medicare RBRVS. ",,,,,,,,,"NA. ",596,,,,,,,Per Diem,. Paid once per unique code per service date and lesser of 100% of billed charges.,22.12,,,,,,,Fee Schedule,141 Percent of current Medicare RBRVS fee schedule. Metroplus will reimburse unlisted codes and described codes with no Medicare rate at 50 percent of charges.,22.12,,,,,,,Fee Schedule,141 Percent of current Medicare RBRVS fee schedule. Metroplus will reimburse unlisted codes and described codes with no Medicare rate at 50 percent of charges.,22.12,,,,,,,Fee Schedule,141 Percent of current Medicare RBRVS fee schedule. Metroplus will reimburse unlisted codes and described codes with no Medicare rate at 50 percent of charges.,22.12,,,,,,,Fee Schedule,141 Percent of current Medicare RBRVS fee schedule. Metroplus will reimburse unlisted codes and described codes with no Medicare rate at 50 percent of charges.,22.12,,,,,,,Fee Schedule,141 Percent of current Medicare RBRVS fee schedule. Metroplus will reimburse unlisted codes and described codes with no Medicare rate at 50 percent of charges.,15.69,,,,,,,Fee Schedule,"100% RBRVS FS. ",80.18,,,,,,,Fee Schedule,"511 % Medicare RBRVS. ",80.18,,,,,,,Fee Schedule,"511 % Medicare RBRVS. ",80.18,,,,,,,Fee Schedule,"511 % Medicare RBRVS. ",80.18,,,,,,,Fee Schedule,"511 % Medicare RBRVS. ",313,,,,,,,Per Diem,. Paid once per service date. Line level lesser of applies.,313,,,,,,,Per Diem,. Paid once per service date. Line level lesser of applies.,313,,,,,,,Per Diem,. Paid once per service date. Line level lesser of applies.,313,,,,,,,Per Diem,. Paid once per service date. Line level lesser of applies.,596,,,,,,,Per Diem,. Paid once per unique code per service date and lesser of 100% of billed charges.,596,,,,,,,Per Diem,. Paid once per unique code per service date and lesser of 100% of billed charges.,15.69,,,,,,,Fee Schedule,"100% RBRVS FS. ",15.69,,,,,,,Fee Schedule,"100% RBRVS FS. ",15.69,,,,,,,Fee Schedule,"100% RBRVS FS. ",105.75,,,,,,,Fee Schedule,"758.1 % 2013 Manhattan Medicare. ",105.75,,,,,,,Fee Schedule,"758.1 % 2013 Manhattan Medicare. ",105.75,,,,,,,Fee Schedule,"758.1 % 2013 Manhattan Medicare. ",596,,,,,,,Per Diem,. Paid once per unique code per service date and lesser of 100% of billed charges.,313,,,,,,,Per Diem,. Paid once per service date. Line level lesser of applies.,15.69,,,,,,,Fee Schedule,"100% RBRVS FS. ",105.75,,,,,,,Fee Schedule,"758.1 % 2013 Manhattan Medicare. ",94.51,,,,,,,Case Rate,"100 Percent of Medicaid APG. ",16,,,,,,,Fee Schedule,"102% of RBRVS. ",16,,,,,,,Fee Schedule,"102% of RBRVS. ",16,,,,,,,Fee Schedule,"102% of RBRVS. ",14.4,,,,,,,Fee schedule,"90 Percent of Medicare RBRVS. ",212.66,,,,,,,Fee Schedule,225% of NYS APG. Lesser of 100% of billed charges applies.,212.66,,,,,,,Fee Schedule,225% of NYS APG. Lesser of 100% of billed charges applies.,212.66,,,,,,,Fee Schedule,225% of NYS APG. Lesser of 100% of billed charges applies.,212.66,,,,,,,Fee Schedule,225% of NYS APG. Lesser of 100% of billed charges applies.,212.66,,,,,,,Fee Schedule,225% of NYS APG. Lesser of 100% of billed charges applies.,16,,,,,,,Fee Schedule,"102% of RBRVS. ",94.51,,,,,,,Case Rate,"100 Percent of Medicaid APG. ",14.4,,,,,,,Fee Schedule,90 Percent of Medicare RBRVS. Lesser of 100% of billed charges applies.,212.66,,,,,,,Fee Schedule,225% of NYS APG. Lesser of 100% of billed charges applies.,212.66,,,,,,,Fee Schedule,225% of NYS APG. Lesser of 100% of billed charges applies.,14.4,,,,,,,Fee Schedule,90 Percent of Medicare RBRVS. Lesser of 100% of billed charges applies.,14.4,,,,,,,Fee Schedule,90 Percent of Medicare RBRVS. Lesser of 100% of billed charges applies.,25.6,,,,,,,Fee Schedule,"160 Percent of Medicare RBRVS. ",15.69,,,,,,,Fee Schedule,"100% RBRVS FS. ",15.69,,,,,,,Fee Schedule,"100% RBRVS FS. ",313,,,,,,,Per Diem,. Paid once per service date. Line level lesser of applies.,15.69,,,,,,,Fee Schedule,"100% RBRVS FS. ",212.66,,,,,,,Fee Schedule,"225 Percent of Medicaid APG. ",212.66,,,,,,,Fee Schedule,"225 Percent of Medicaid APG. ",14.4,,,,,,,Fee schedule,"90 Percent of Medicare RBRVS. ",14.4,,,,,,,Fee schedule,"90 Percent of Medicare RBRVS. ",212.66,,,,,,,Case Rate,225 Percent of Medicaid APG. Covered services not payable under Medicaid Fee Schedules default to a payment of 87.5 percent of charges.,14.4,,,,,,,Fee schedule,90 Percent of Medicare RBRVS. Covered services not payable under Medicaid Fee Schedules default to a payment of 50 percent of charges.,212.66,,,,,,,Case Rate,"100 Percent of Medicaid APG. ",212.66,,,,,,,Case Rate,"100 Percent of Medicaid APG. ",212.66,,,,,,,Case Rate,"100 Percent of Medicaid APG. ",212.66,,,,,,,Case Rate,"100 Percent of Medicaid APG. ",370,,,,,,,Per Diem,. Paid once per unique code per service date and lesser of 100% of billed charges.,596,,,,,,,Per Diem,. Paid once per unique code per service date and lesser of 100% of billed charges.,113.42,,,,,,,Case Rate,"120 Percent of Medicaid APG. Not APG payable, or payable under another fee schedule like ASP/AWP pays at 30% of charges",113.42,,,,,,,Case Rate,"120 Percent of Medicaid APG. Not APG payable, or payable under another fee schedule like ASP/AWP pays at 30% of charges",94.51,,,,,,,Case Rate,"100 Percent of Medicaid APG. Not APG payable, or payable under another fee schedule like ASP/AWP pays at 30% of charges",94.51,,,,,,,Case Rate,"100 Percent of Medicaid APG. Not APG payable, or payable under another fee schedule like ASP/AWP pays at 30% of charges",105.75,,,,,,,Fee Schedule,"758.1 % 2013 Manhattan Medicare. ",105.75,,,,,,,Fee Schedule,"758.1 % 2013 Manhattan Medicare. ",15.69,,,,,,,Fee Schedule,"100% RBRVS FS. ",105.75,,,,,,,Fee Schedule,"758.1 % 2013 Manhattan Medicare. ",105.75,,,,,,,Fee Schedule,"758.1 % 2013 Manhattan Medicare. ",105.75,,,,,,,Fee Schedule,"758.1 % 2013 Manhattan Medicare. ",105.75,,,,,,,Fee Schedule,"758.1 % 2013 Manhattan Medicare. ",15.69,,,,,,,Fee Schedule,"100% RBRVS FS. ",105.75,,,,,,,Fee Schedule,"758.1 % 2013 Manhattan Medicare. ",105.75,,,,,,,Fee Schedule,"758.1 % 2013 Manhattan Medicare. ",313,,,,,,,Per Diem,. Paid once per service date. Line level lesser of applies.,16,,,,,,,Fee Schedule,100% of RBRVS. Lesser of 100% of billed charges applies.,14.4,,,,,,,Fee schedule,90 Percent of Medicare RBRVS. Covered services not payable under Medicaid Fee Schedules default to a payment of 50 percent of charges.,212.66,,,,,,,Fee Schedule,225% of NYS APG. Lesser of 100% of billed charges applies.,212.66,,,,,,,Case Rate,225 Percent of Medicaid APG. Covered services not payable under Medicaid Fee Schedules default to a payment of 87.5 percent of charges.,14.4,,,,,,,Fee schedule,90 Percent of Medicare RBRVS. Covered services not payable under Medicaid Fee Schedules default to a payment of 50 percent of charges.,212.66,,,,,,,Fee Schedule,225% of NYS APG. Lesser of 100% of billed charges applies.,212.66,,,,,,,Fee Schedule,225% of NYS APG. Lesser of 100% of billed charges applies.,212.66,,,,,,,Fee Schedule,225% of NYS APG. Lesser of 100% of billed charges applies.,212.66,,,,,,,Fee Schedule,225% of NYS APG. Lesser of 100% of billed charges applies.,212.66,,,,,,,Fee Schedule,225% of NYS APG. Lesser of 100% of billed charges applies.,212.66,,,,,,,Fee Schedule,225% of NYS APG. Lesser of 100% of billed charges applies.,,,,,,,,,"NA. ",,,,,,,,,"NA. ",,,,,,,,,"NA. ",393,,,,,,,Per Diem,. Paid once per unique code per service date and lesser of 100% of billed charges.,,,,,,,,,"NA. ",15.69,,,,,,,Fee Schedule,"100% RBRVS FS. ",50,,,,,,,Per Diem,"100 % 1199 Fee Schedule. ",15.69,,,,,,,Fee Schedule,"100% RBRVS FS. ",15.69,,,,,,,Fee Schedule,"100% RBRVS FS. ",113.42,,,,,,,Case Rate,"120 Percent of Medicaid APG. Not APG payable, or payable under another fee schedule like ASP/AWP pays at 30% of charges",113.42,,,,,,,Case Rate,"120 Percent of Medicaid APG. Not APG payable, or payable under another fee schedule like ASP/AWP pays at 30% of charges",94.51,,,,,,,Case Rate,"100 Percent of Medicaid APG. Not APG payable, or payable under another fee schedule like ASP/AWP pays at 30% of charges",94.51,,,,,,,Case Rate,"100 Percent of Medicaid APG. Not APG payable, or payable under another fee schedule like ASP/AWP pays at 30% of charges",94.51,,,,,,,Case Rate,"100 Percent of Medicaid APG. ",34.05,,,,,,,Fee Schedule,"217 % Medicare RBRVS. ",313,,,,,,,Per Diem,. Paid once per service date. Line level lesser of applies.,40.01,,,,,,,Fee Schedule,"255 % Medicare RBRVS. ",393,,,,,,,Per Diem,. Paid once per unique code per service date and lesser of 100% of billed charges.,15.69,,,,,,,Fee Schedule,"100% RBRVS FS. ",15.69,,,,,,,Fee Schedule,"100% RBRVS FS. ",15.69,,,,,,,Fee Schedule,"100% RBRVS FS. ",15.69,,,,,,,Fee Schedule,"100% RBRVS FS. ",15.69,,,,,,,Fee Schedule,"100% RBRVS FS. ",15.69,,,,,,,Fee Schedule,"100% RBRVS FS. ",,,,,,,,,"NA. ",212.66,,,,,,,Fee Schedule,225% of NYS APG. Lesser of 100% of billed charges applies.,14.4,,,,,,,Fee Schedule,90 Percent of Medicare RBRVS. Lesser of 100% of billed charges applies.,105.75,,,,,,,Fee Schedule,"758.1 % 2013 Manhattan Medicare. ",34.05,,,,,,,Fee Schedule,"217 % Medicare RBRVS. ",34.05,,,,,,,Fee Schedule,"217 % Medicare RBRVS. ",34.05,,,,,,,Fee Schedule,"217 % Medicare RBRVS. ",34.05,,,,,,,Fee Schedule,"217 % Medicare RBRVS. ",15.69,,,,,,,Fee Schedule,"100% RBRVS FS. ",94.51,,,,,,,Case Rate,"100 Percent of Medicaid APG. ",105.75,,,,,,,Fee Schedule,"758.1 % 2013 Manhattan Medicare. ",94.51,,,,,,,Case Rate,"100 Percent of Medicaid APG. ",15.69,,,,,,,Fee Schedule,"100% RBRVS FS. ",94.51,,,,,,,Case Rate,"100 Percent of Medicaid APG. ",15.69,,,,,,,Fee Schedule,"100% RBRVS FS. ",15.69,,,,,,,Fee Schedule,"100% RBRVS FS. ",94.51,,,,,,,Case Rate,"100 Percent of Medicaid APG. ",94.51,,,,,,,Case Rate,"100 Percent of Medicaid APG. ",34.05,,,,,,,Fee Schedule,"217 % Medicare RBRVS. ",393,,,,,,,Per Diem,. Paid once per unique code per service date and lesser of 100% of billed charges.,109.2546,78,,,,,0,percent of total billed charges,78% of Billed Charges. Lesser of 100% of billed charges applies.; No services were performed during the 15 month look back period.,380.97,,,,,,,Per Diem,853% of Medicare. Lesser of 100% of billed charges applies.,380.97,,,,,,,Per Diem,853% of Medicare. Lesser of 100% of billed charges applies.,313,,,,,,,Per Diem,. Paid once per service date. Line level lesser of applies.,15.38,,,,,,,Fee Schedule,"98% of RBRVS. ",80.18,,,,,,,Fee Schedule,"511 % Medicare RBRVS. ",80.18,,,,,,,Fee Schedule,"511 % Medicare RBRVS. ",84.61,,,,,,,Fee Schedule,"606.5 % 2013 Manhattan Medicare. ",84.61,,,,,,,Fee Schedule,"606.5 % 2013 Manhattan Medicare. ",15.69,,,,,,,Fee Schedule,"100% RBRVS FS. ",15.69,,,,,,,Fee Schedule,"100% RBRVS FS. ",15.69,,,,,,,Fee Schedule,"100% RBRVS FS. ",15.69,,,,,,,Fee Schedule,"100% RBRVS FS. ",380.97,,,,,,,Per Diem,853% of Medicare. Lesser of 100% of billed charges applies.,105.75,,,,,,,Fee Schedule,"758.1 % 2013 Manhattan Medicare. ",105.75,,,,,,,Fee Schedule,"758.1 % 2013 Manhattan Medicare. ",15.69,,,,,,,Fee Schedule,"100% RBRVS FS. ",84.61,,,,,,,Fee Schedule,"606.5 % 2013 Manhattan Medicare. ",40.01,,,,,,,Fee Schedule,"255 % Medicare RBRVS. ",113.42,,,,,,,Fee Schedule,"120 Percent of Medicaid APG. ",94.51,,,,,,,Case Rate,"100 Percent of Medicaid APG. ",34.05,,,,,,,Fee Schedule,"217 % Medicare RBRVS. ",95.18,,,,,,,Fee Schedule,"682.3 % 2013 Manhattan Medicare. ",95.18,,,,,,,Fee Schedule,"682.3 % 2013 Manhattan Medicare. ",105.75,,,,,,,Fee Schedule,"758.1 % 2013 Manhattan Medicare. ",411,,,,,,,Per Diem,. Paid once per unique code per service date and lesser of 100% of billed charges.,15.69,,,,,,,Fee Schedule,"100% RBRVS FS. ",99.24,,,,,,,Fee Schedule,105 percent of Medicaid APG. otherwise 105% of Ordered NYS MCD FS or 105% of ASP+6%,99.24,,,,,,,Fee Schedule,105 percent of Medicaid APG. otherwise 105% of Ordered NYS MCD FS or 105% of ASP+6%,99.24,,,,,,,Fee Schedule,105 percent of Medicaid APG. otherwise 105% of Ordered NYS MCD FS or 105% of ASP+6%,127.59,,,,,,,Fee Schedule,135 percent of Medicaid APG. otherwise 135% of Ordered NYS MCD FS or 135% of ASP+6%,380.97,,,,,,,Per Diem,853% of Medicare. Lesser of 100% of billed charges applies.,99.24,,,,,,,Fee Schedule,105 percent of Medicaid APG. otherwise 105% of Ordered NYS MCD FS or 105% of ASP+6%,99.24,,,,,,,Fee Schedule,105 percent of Medicaid APG. otherwise 105% of Ordered NYS MCD FS or 105% of ASP+6%,99.24,,,,,,,Fee Schedule,105 percent of Medicaid APG. otherwise 105% of Ordered NYS MCD FS or 105% of ASP+6%,99.24,,,,,,,Fee Schedule,105 percent of Medicaid APG. otherwise 105% of Ordered NYS MCD FS or 105% of ASP+6%,99.24,,,,,,,Fee Schedule,105 percent of Medicaid APG. otherwise 105% of Ordered NYS MCD FS or 105% of ASP+6%,127.59,,,,,,,Fee Schedule,135 percent of Medicaid APG. otherwise 135% of Ordered NYS MCD FS or 135% of ASP+6%,127.59,,,,,,,Fee Schedule,135 percent of Medicaid APG. otherwise 135% of Ordered NYS MCD FS or 135% of ASP+6%,15.69,,,,,,,Fee Schedule,"100% RBRVS FS. ",380.97,,,,,,,Per Diem,853% of Medicare. Lesser of 100% of billed charges applies.,15.69,,,,,,,Fee Schedule,"100% RBRVS FS. ",99.24,,,,,,,Fee Schedule,105 percent of Medicaid APG. otherwise 105% of Ordered NYS MCD FS or 105% of ASP+6%,105.75,,,,,,,Fee Schedule,"758.1 % 2013 Manhattan Medicare. ",15.69,,,,,,,Fee Schedule,"100% RBRVS FS. ",105.75,,,,,,,Fee Schedule,"758.1 % 2013 Manhattan Medicare. ",105.75,,,,,,,Fee Schedule,"758.1 % 2013 Manhattan Medicare. ",105.75,,,,,,,Fee Schedule,"758.1 % 2013 Manhattan Medicare. ",99.24,,,,,,,Fee Schedule,105 percent of Medicaid APG. otherwise 105% of Ordered NYS MCD FS or 105% of ASP+6%,15.69,,,,,,,Fee Schedule,"100% RBRVS FS. ",105.75,,,,,,,Fee Schedule,"758.1 % 2013 Manhattan Medicare. ",127.59,,,,,,,Fee Schedule,135 percent of Medicaid APG. otherwise 135% of Ordered NYS MCD FS or 135% of ASP+6%,105.75,,,,,,,Fee Schedule,"758.1 % 2013 Manhattan Medicare. ",23.54,,,,,,,Other,"150% of RBRVS. ",15.69,,,,,,,Fee Schedule,"100% RBRVS FS. ",34.05,,,,,,,Fee Schedule,"217 % Medicare RBRVS. ",34.05,,,,,,,Fee Schedule,"217 % Medicare RBRVS. ",34.05,,,,,,,Fee Schedule,"217 % Medicare RBRVS. ",34.05,,,,,,,Fee Schedule,"217 % Medicare RBRVS. ",34.05,,,,,,,Fee Schedule,"217 % Medicare RBRVS. ",40.01,,,,,,,Fee Schedule,"255 % Medicare RBRVS. ",40.01,,,,,,,Fee Schedule,"255 % Medicare RBRVS. ",34.05,,,,,,,Fee Schedule,"217 % Medicare RBRVS. ",34.05,,,,,,,Fee Schedule,"217 % Medicare RBRVS. ",34.05,,,,,,,Fee Schedule,"217 % Medicare RBRVS. ",34.05,,,,,,,Fee Schedule,"217 % Medicare RBRVS. ",34.05,,,,,,,Fee Schedule,"217 % Medicare RBRVS. ",15.69,,,,,,,Fee Schedule,"100% RBRVS FS. ",40.01,,,,,,,Fee Schedule,"255 % Medicare RBRVS. ",15.69,,,,,,,Fee Schedule,"100% RBRVS FS. ",212.66,,,,,,,Case Rate,"225 Percent of Medicaid APG. If not included in Medicaid APG, then 100 Percent of Manhattan Medicare",94.51,,,,,,,Case Rate,"100 Percent of Medicaid APG. ",380.97,,,,,,,Per Diem,853% of Medicare. Lesser of 100% of billed charges applies.,380.97,,,,,,,Per Diem,853% of Medicare. Lesser of 100% of billed charges applies.,15.69,,,,,,,Fee Schedule,"100% RBRVS FS. ",80.18,,,,,,,Fee Schedule,"511 % Medicare RBRVS. ",15.69,,,,,,,Fee Schedule,"100% RBRVS FS. ",15.69,,,,,,,Fee Schedule,"100% RBRVS FS. ",313,,,,,,,Per Diem,. Paid once per service date. Line level lesser of applies.,15.69,,,,,,,Fee Schedule,"100% RBRVS FS. ",393,,,,,,,Per Diem,. Paid once per unique code per service date and lesser of 100% of billed charges.,15.69,,,,,,,Fee Schedule,"100% RBRVS FS. ",393,,,,,,,Per Diem,. Paid once per unique code per service date and lesser of 100% of billed charges.,313,,,,,,,Per Diem,. Paid once per service date. Line level lesser of applies.,393,,,,,,,Per Diem,. Paid once per unique code per service date and lesser of 100% of billed charges.,15.69,,,,,,,Fee Schedule,"100% RBRVS FS. ",94.51,,,,,,,Case Rate,"100 Percent of Medicaid APG. ",15.69,,,,,,,Fee Schedule,"100% RBRVS FS. ",393,,,,,,,Per Diem,. Paid once per unique code per service date and lesser of 100% of billed charges.,380.97,,,,,,,Per Diem,853% of Medicare. Lesser of 100% of billed charges applies.,94.51,,,,,,,Case Rate,"100 Percent of Medicaid APG. ",105.75,,,,,,,Fee Schedule,"758.1 % 2013 Manhattan Medicare. ",113.42,,,,,,,Fee Schedule,"120 Percent of Medicaid APG. ",113.42,,,,,,,Fee Schedule,"120 Percent of Medicaid APG. ",105.75,,,,,,,Fee Schedule,"758.1 % 2013 Manhattan Medicare. ",105.75,,,,,,,Fee Schedule,"758.1 % 2013 Manhattan Medicare. ",105.75,,,,,,,Fee Schedule,"758.1 % 2013 Manhattan Medicare. ",380.97,,,,,,,Per Diem,853% of Medicare. Lesser of 100% of billed charges applies.,105.75,,,,,,,Fee Schedule,"758.1 % 2013 Manhattan Medicare. ",105.75,,,,,,,Fee Schedule,"758.1 % 2013 Manhattan Medicare. ",105.75,,,,,,,Fee Schedule,"758.1 % 2013 Manhattan Medicare. ",34.05,,,,,,,Fee Schedule,"217 % Medicare RBRVS. ",34.05,,,,,,,Fee Schedule,"217 % Medicare RBRVS. ",22.12,,,,,,,Fee Schedule,141 Percent of current Medicare RBRVS fee schedule. Metroplus will reimburse unlisted codes and described codes with no Medicare rate at 50 percent of charges.,94.51,,,,,,,Case Rate,"100 Percent of Medicaid APG. ",380.97,,,,,,,Per Diem,853% of Medicare. Lesser of 100% of billed charges applies.,393,,,,,,,Per Diem,. Paid once per unique code per service date and lesser of 100% of billed charges.,313,,,,,,,Per Diem,. Paid once per service date. Line level lesser of applies.,380.97,,,,,,,Per Diem,853% of Medicare. Lesser of 100% of billed charges applies.,313,,,,,,,Per Diem,. Paid once per service date. Line level lesser of applies.,380.97,,,,,,,Per Diem,853% of Medicare. Lesser of 100% of billed charges applies.,105.75,,,,,,,Fee Schedule,"758.1 % 2013 Manhattan Medicare. ",105.75,,,,,,,Fee Schedule,"758.1 % 2013 Manhattan Medicare. ",105.75,,,,,,,Fee Schedule,"758.1 % 2013 Manhattan Medicare. ",105.75,,,,,,,Fee Schedule,"758.1 % 2013 Manhattan Medicare. ",15.69,,,,,,,Fee Schedule,"100% RBRVS FS. ",14.4,596,
97039,CPT,2026027,LOCAL,990,RC,HC COOLING CAP ADMINISTRATION,72.51,68.41,both,,,,50,,,,,,,Per Diem,"100 % 1199 Fee Schedule. ",50,,,,,,,Per Diem,"100 % 1199 Fee Schedule. ",313,,,,,,,Per Diem,. Paid once per service date. Line level lesser of applies.,72.51,100,,,,,0,percent of total billed charges,100 percent of billed charges. ; No services were performed during the 15 month look back period.,,,,,,,,Fee Schedule,"100% RBRVS FS. ",313,,,,,,,Per Diem,. Paid once per service date. Line level lesser of applies.,313,,,,,,,Per Diem,. Paid once per service date. Line level lesser of applies.,313,,,,,,,Per Diem,. Paid once per service date. Line level lesser of applies.,113.42,,,,,,,Case Rate,"100 Percent of Medicaid APG. ",94.51,,,,,,,Case Rate,"100 Percent of Medicaid APG. ",56.5578,78,,,,,0,percent of total billed charges,78% of Billed Charges. Lesser of 100% of billed charges applies.; No services were performed during the 15 month look back period.,380.97,,,,,,,Per Diem,853% of Medicare. Lesser of 100% of billed charges applies.,94.51,,,,,,,Case Rate,"100 Percent of Medicaid APG. ",,,,,,,,Fee Schedule,"100% RBRVS FS. ",393,,,,,,,Per Diem,. Paid once per unique code per service date and lesser of 100% of billed charges.,393,,,,,,,Per Diem,. Paid once per unique code per service date and lesser of 100% of billed charges.,393,,,,,,,Per Diem,. Paid once per unique code per service date and lesser of 100% of billed charges.,393,,,,,,,Per Diem,. Paid once per unique code per service date and lesser of 100% of billed charges.,0.7251,1,,,,,0,percent of total billed charges,NA. Covered services not payable under Medicaid Fee Schedules default to a payment of 50 percent of charges.; No services were performed during the 15 month look back period.,,,,,,,,Fee Schedule,"100% RBRVS FS. ",0.7251,1,,,,,0,percent of total billed charges,NA. Covered services not payable under Medicaid Fee Schedules default to a payment of 50 percent of charges.; No services were performed during the 15 month look back period.,56.5578,78,,,,,0,percent of total billed charges,78% of Billed Charges. Lesser of 100% of billed charges applies.; No services were performed during the 15 month look back period.,313,,,,,,,Per Diem,. Paid once per service date. Line level lesser of applies.,,,,,,,,Fee Schedule,"100% RBRVS FS. ",52.9323,73,,,,,0,percent of total billed charges,73 percent of billed charges; No services were performed during the 15 month look back period.,,,,,,,,Fee Schedule,"100% RBRVS FS. ",,,,,,,,Fee Schedule,"100% RBRVS FS. ",56.5578,78,,,,,0,percent of total billed charges,78% of Billed Charges. Lesser of 100% of billed charges applies.; No services were performed during the 15 month look back period.,,,,,,,,Fee Schedule,"Not payable. ",,,,,,,,Fee Schedule,"Not payable. ",,,,,,,,Fee schedule,"90 Percent of Medicare RBRVS. ",,,,,,,,Fee schedule,"90 Percent of Medicare RBRVS. ",52.9323,73,,,,,0,percent of total billed charges,73 percent of billed charges; No services were performed during the 15 month look back period.,52.9323,73,,,,,0,percent of total billed charges,73 percent of billed charges; No services were performed during the 15 month look back period.,94.51,,,,,,,Case Rate,"100 Percent of Medicaid APG. Not APG payable, or payable under another fee schedule like ASP/AWP pays at 30% of charges",52.9323,73,,,,,0,percent of total billed charges,73 percent of billed charges; No services were performed during the 15 month look back period.,94.51,,,,,,,Case Rate,"100 Percent of Medicaid APG. Not APG payable, or payable under another fee schedule like ASP/AWP pays at 30% of charges",,,,,,,,Fee Schedule,"100% RBRVS FS. ",52.9323,73,,,,,0,percent of total billed charges,73 percent of billed charges; No services were performed during the 15 month look back period.,56.5578,78,,,,,0,percent of total billed charges,78% of Billed Charges. Lesser of 100% of billed charges applies.; No services were performed during the 15 month look back period.,94.51,,,,,,,Case Rate,"100 Percent of Medicaid APG. ",94.51,,,,,,,Case Rate,"100 Percent of Medicaid APG. ",56.5578,78,,,,,0,percent of total billed charges,78% of Billed Charges. Lesser of 100% of billed charges applies.; No services were performed during the 15 month look back period.,393,,,,,,,Per Diem,. Paid once per unique code per service date and lesser of 100% of billed charges.,357.82,,,,,,,Per Diem,. Paid once per unique code per service date and lesser of 100% of billed charges.,357.82,,,,,,,Per Diem,. Paid once per unique code per service date and lesser of 100% of billed charges.,56.5578,78,,,,,0,percent of total billed charges,78% of Billed Charges. Lesser of 100% of billed charges applies.; No services were performed during the 15 month look back period.,,,,,,,,Fee Schedule,"100% RBRVS FS. ",380.97,,,,,,,Per Diem,853% of Medicare. Lesser of 100% of billed charges applies.,380.97,,,,,,,Per Diem,853% of Medicare. Lesser of 100% of billed charges applies.,380.97,,,,,,,Per Diem,853% of Medicare. Lesser of 100% of billed charges applies.,,,,,,,,Fee Schedule,"100% RBRVS FS. ",380.97,,,,,,,Per Diem,853% of Medicare. Lesser of 100% of billed charges applies.,380.97,,,,,,,Per Diem,853% of Medicare. Lesser of 100% of billed charges applies.,,,,,,,,Fee Schedule,"100% of RBRVS. ",596,,,,,,,Per Diem,. Paid once per unique code per service date and lesser of 100% of billed charges.,204.69,,,,,,,Fee Schedule,"758.1 % 2013 Manhattan Medicare. ",204.69,,,,,,,Fee Schedule,"758.1 % 2013 Manhattan Medicare. ",204.69,,,,,,,Fee Schedule,"758.1 % 2013 Manhattan Medicare. ",204.69,,,,,,,Fee Schedule,"758.1 % 2013 Manhattan Medicare. ",204.69,,,,,,,Fee Schedule,"758.1 % 2013 Manhattan Medicare. ",204.69,,,,,,,Fee Schedule,"758.1 % 2013 Manhattan Medicare. ",,,,,,,,Fee Schedule,"100% RBRVS FS. ",,,,,,,,Fee Schedule,"100% RBRVS FS. ",204.69,,,,,,,Fee Schedule,"758.1 % 2013 Manhattan Medicare. ",56.5578,78,,,,,0,percent of total billed charges,78% of Billed Charges. Lesser of 100% of billed charges applies.; No services were performed during the 15 month look back period.,56.5578,78,,,,,0,percent of total billed charges,78% of Billed Charges. Lesser of 100% of billed charges applies.; No services were performed during the 15 month look back period.,56.5578,78,,,,,0,percent of total billed charges,78% of Billed Charges. Lesser of 100% of billed charges applies.; No services were performed during the 15 month look back period.,56.5578,78,,,,,0,percent of total billed charges,78% of Billed Charges. Lesser of 100% of billed charges applies.; No services were performed during the 15 month look back period.,56.5578,78,,,,,0,percent of total billed charges,78% of Billed Charges. Lesser of 100% of billed charges applies.; No services were performed during the 15 month look back period.,56.5578,78,,,,,0,percent of total billed charges,78% of Billed Charges. Lesser of 100% of billed charges applies.; No services were performed during the 15 month look back period.,56.5578,78,,,,,0,percent of total billed charges,78% of Billed Charges. Lesser of 100% of billed charges applies.; No services were performed during the 15 month look back period.,56.5578,78,,,,,0,percent of total billed charges,78% of Billed Charges. Lesser of 100% of billed charges applies.; No services were performed during the 15 month look back period.,56.5578,78,,,,,0,percent of total billed charges,78% of Billed Charges. Lesser of 100% of billed charges applies.; No services were performed during the 15 month look back period.,56.5578,78,,,,,0,percent of total billed charges,78% of Billed Charges. Lesser of 100% of billed charges applies.; No services were performed during the 15 month look back period.,56.5578,78,,,,,0,percent of total billed charges,78% of Billed Charges. Lesser of 100% of billed charges applies.; No services were performed during the 15 month look back period.,56.5578,78,,,,,0,percent of total billed charges,78% of Billed Charges. Lesser of 100% of billed charges applies.; No services were performed during the 15 month look back period.,56.5578,78,,,,,0,percent of total billed charges,78% of Billed Charges. Lesser of 100% of billed charges applies.; No services were performed during the 15 month look back period.,56.5578,78,,,,,0,percent of total billed charges,78% of Billed Charges. Lesser of 100% of billed charges applies.; No services were performed during the 15 month look back period.,56.5578,78,,,,,0,percent of total billed charges,78% of Billed Charges. Lesser of 100% of billed charges applies.; No services were performed during the 15 month look back period.,56.5578,78,,,,,0,percent of total billed charges,78% of Billed Charges. Lesser of 100% of billed charges applies.; No services were performed during the 15 month look back period.,56.5578,78,,,,,0,percent of total billed charges,78% of Billed Charges. Lesser of 100% of billed charges applies.; No services were performed during the 15 month look back period.,56.5578,78,,,,,0,percent of total billed charges,78% of Billed Charges. Lesser of 100% of billed charges applies.; No services were performed during the 15 month look back period.,56.5578,78,,,,,0,percent of total billed charges,78% of Billed Charges. Lesser of 100% of billed charges applies.; No services were performed during the 15 month look back period.,56.5578,78,,,,,0,percent of total billed charges,78% of Billed Charges. Lesser of 100% of billed charges applies.; No services were performed during the 15 month look back period.,56.5578,78,,,,,0,percent of total billed charges,78% of Billed Charges. Lesser of 100% of billed charges applies.; No services were performed during the 15 month look back period.,56.5578,78,,,,,0,percent of total billed charges,78% of Billed Charges. Lesser of 100% of billed charges applies.; No services were performed during the 15 month look back period.,56.5578,78,,,,,0,percent of total billed charges,78% of Billed Charges. Lesser of 100% of billed charges applies.; No services were performed during the 15 month look back period.,56.5578,78,,,,,0,percent of total billed charges,78% of Billed Charges. Lesser of 100% of billed charges applies.; No services were performed during the 15 month look back period.,56.5578,78,,,,,0,percent of total billed charges,78% of Billed Charges. Lesser of 100% of billed charges applies.; No services were performed during the 15 month look back period.,56.5578,78,,,,,0,percent of total billed charges,78% of Billed Charges. Lesser of 100% of billed charges applies.; No services were performed during the 15 month look back period.,52.9323,73,,,,,0,percent of total billed charges,73 percent of billed charges; No services were performed during the 15 month look back period.,52.9323,73,,,,,0,percent of total billed charges,73 percent of billed charges; No services were performed during the 15 month look back period.,52.9323,73,,,,,0,percent of total billed charges,73 percent of billed charges; No services were performed during the 15 month look back period.,52.9323,73,,,,,0,percent of total billed charges,73 percent of billed charges; No services were performed during the 15 month look back period.,58.008,80,,,,,0,percent of total billed charges,80 percent of billed charges; No services were performed during the 15 month look back period.,58.008,80,,,,,0,percent of total billed charges,80 percent of billed charges; No services were performed during the 15 month look back period.,393,,,,,,,Per Diem,. Paid once per unique code per service date and lesser of 100% of billed charges.,204.69,,,,,,,Fee Schedule,"758.1 % 2013 Manhattan Medicare. ",380.97,,,,,,,Per Diem,853% of Medicare. Lesser of 100% of billed charges applies.,204.69,,,,,,,Fee Schedule,"758.1 % 2013 Manhattan Medicare. ",56.5578,78,,,,,0,percent of total billed charges,78% of Billed Charges. Lesser of 100% of billed charges applies.; No services were performed during the 15 month look back period.,58.008,80,,,,,0,percent of total billed charges,80 percent of billed charges; No services were performed during the 15 month look back period.,204.69,,,,,,,Fee Schedule,"758.1 % 2013 Manhattan Medicare. ",380.97,,,,,,,Per Diem,853% of Medicare. Lesser of 100% of billed charges applies.,393,,,,,,,Per Diem,. Paid once per unique code per service date and lesser of 100% of billed charges.,,,,,,,,,"NA. ",56.5578,78,,,,,0,percent of total billed charges,78% of Billed Charges. Lesser of 100% of billed charges applies.; No services were performed during the 15 month look back period.,94.51,,,,,,,Case Rate,"100 Percent of Medicaid APG. ",52.9323,73,,,,,0,percent of total billed charges,73 percent of billed charges; No services were performed during the 15 month look back period.,94.51,,,,,,,Case Rate,"100 Percent of Medicaid APG. Not APG payable, or payable under another fee schedule like ASP/AWP pays at 30% of charges",,,,,,,,Fee Schedule,"100% RBRVS FS. ",,,,,,,,Fee Schedule,"100% RBRVS FS. ",596,,,,,,,Per Diem,. Paid once per unique code per service date and lesser of 100% of billed charges.,,,,,,,,Fee Schedule,"100% RBRVS FS. ",,,,,,,,Fee Schedule,"100% RBRVS FS. ",94.51,,,,,,,Case Rate,"100 Percent of Medicaid APG. ",,,,,,,,Fee Schedule,"100% RBRVS FS. ",,,,,,,,Fee Schedule,"100% RBRVS FS. ",313,,,,,,,Per Diem,. Paid once per service date. Line level lesser of applies.,313,,,,,,,Per Diem,. Paid once per service date. Line level lesser of applies.,,,,,,,,Fee Schedule,"100% RBRVS FS. ",393,,,,,,,Per Diem,. Paid once per unique code per service date and lesser of 100% of billed charges.,380.97,,,,,,,Per Diem,853% of Medicare. Lesser of 100% of billed charges applies.,380.97,,,,,,,Per Diem,853% of Medicare. Lesser of 100% of billed charges applies.,,,,,,,,Fee Schedule,"100% RBRVS FS. ",393,,,,,,,Per Diem,. Paid once per unique code per service date and lesser of 100% of billed charges.,313,,,,,,,Per Diem,. Paid once per service date. Line level lesser of applies.,313,,,,,,,Per Diem,. Paid once per service date. Line level lesser of applies.,313,,,,,,,Per Diem,. Paid once per service date. Line level lesser of applies.,56.5578,78,,,,,0,percent of total billed charges,78% of Billed Charges. Lesser of 100% of billed charges applies.; No services were performed during the 15 month look back period.,56.5578,78,,,,,0,percent of total billed charges,78% of Billed Charges. Lesser of 100% of billed charges applies.; No services were performed during the 15 month look back period.,56.5578,78,,,,,0,percent of total billed charges,78% of Billed Charges. Lesser of 100% of billed charges applies.; No services were performed during the 15 month look back period.,56.5578,78,,,,,0,percent of total billed charges,78% of Billed Charges. Lesser of 100% of billed charges applies.; No services were performed during the 15 month look back period.,56.5578,78,,,,,0,percent of total billed charges,78% of Billed Charges. Lesser of 100% of billed charges applies.; No services were performed during the 15 month look back period.,56.5578,78,,,,,0,percent of total billed charges,78% of Billed Charges. Lesser of 100% of billed charges applies.; No services were performed during the 15 month look back period.,56.5578,78,,,,,0,percent of total billed charges,78% of Billed Charges. Lesser of 100% of billed charges applies.; No services were performed during the 15 month look back period.,56.5578,78,,,,,0,percent of total billed charges,78% of Billed Charges. Lesser of 100% of billed charges applies.; No services were performed during the 15 month look back period.,56.5578,78,,,,,0,percent of total billed charges,78% of Billed Charges. Lesser of 100% of billed charges applies.; No services were performed during the 15 month look back period.,56.5578,78,,,,,0,percent of total billed charges,78% of Billed Charges. Lesser of 100% of billed charges applies.; No services were performed during the 15 month look back period.,56.5578,78,,,,,0,percent of total billed charges,78% of Billed Charges. Lesser of 100% of billed charges applies.; No services were performed during the 15 month look back period.,58.008,80,,,,,0,percent of total billed charges,80 percent of billed charges; No services were performed during the 15 month look back period.,204.69,,,,,,,Fee Schedule,"758.1 % 2013 Manhattan Medicare. ",393,,,,,,,Per Diem,. Paid once per unique code per service date and lesser of 100% of billed charges.,,,,,,,,Fee Schedule,"100% RBRVS FS. ",313,,,,,,,Per Diem,. Paid once per service date. Line level lesser of applies.,393,,,,,,,Per Diem,. Paid once per unique code per service date and lesser of 100% of billed charges.,393,,,,,,,Per Diem,. Paid once per unique code per service date and lesser of 100% of billed charges.,56.5578,78,,,,,0,percent of total billed charges,78% of Billed Charges. Lesser of 100% of billed charges applies.; No services were performed during the 15 month look back period.,202.26,,,,,,,Case Rate,"214 Percent of Medicaid APG. Drugs not priced under APG, billed with revenue code 636 and not priced by Medicare ASP FeeSched will be reimbursed at 20% of charges.",393,,,,,,,Per Diem,. Paid once per unique code per service date and lesser of 100% of billed charges.,94.51,,,,,,,Case Rate,"100 Percent of Medicaid APG. ",,,,,,,,Fee Schedule,"100% RBRVS FS. ",,,,,,,,Fee Schedule,"100% RBRVS FS. ",,,,,,,,Fee Schedule,"100% RBRVS FS. ",,,,,,,,Fee Schedule,"100% RBRVS FS. ",,,,,,,,Fee Schedule,"100% RBRVS FS. ",,,,,,,,Fee Schedule,"100% RBRVS FS. ",393,,,,,,,Per Diem,. Paid once per unique code per service date and lesser of 100% of billed charges.,596,,,,,,,Per Diem,. Paid once per unique code per service date and lesser of 100% of billed charges.,0.7251,1,,,,,0,percent of total billed charges,NA. ; No services were performed during the 15 month look back period.,0.7251,1,,,,,0,percent of total billed charges,NA. ; No services were performed during the 15 month look back period.,0.7251,1,,,,,0,percent of total billed charges,NA. ; No services were performed during the 15 month look back period.,0.7251,1,,,,,0,percent of total billed charges,NA. ; No services were performed during the 15 month look back period.,0.7251,1,,,,,0,percent of total billed charges,NA. ; No services were performed during the 15 month look back period.,,,,,,,,,"NA. ",596,,,,,,,Per Diem,. Paid once per unique code per service date and lesser of 100% of billed charges.,,,,,,,,Fee Schedule,141 Percent of current Medicare RBRVS fee schedule. Metroplus will reimburse unlisted codes and described codes with no Medicare rate at 50 percent of charges.,,,,,,,,Fee Schedule,141 Percent of current Medicare RBRVS fee schedule. Metroplus will reimburse unlisted codes and described codes with no Medicare rate at 50 percent of charges.,,,,,,,,Fee Schedule,141 Percent of current Medicare RBRVS fee schedule. Metroplus will reimburse unlisted codes and described codes with no Medicare rate at 50 percent of charges.,,,,,,,,Fee Schedule,141 Percent of current Medicare RBRVS fee schedule. Metroplus will reimburse unlisted codes and described codes with no Medicare rate at 50 percent of charges.,,,,,,,,Fee Schedule,141 Percent of current Medicare RBRVS fee schedule. Metroplus will reimburse unlisted codes and described codes with no Medicare rate at 50 percent of charges.,,,,,,,,Fee Schedule,"100% RBRVS FS. ",58.008,80,,,,,0,percent of total billed charges,80 percent of billed charges; No services were performed during the 15 month look back period.,58.008,80,,,,,0,percent of total billed charges,80 percent of billed charges; No services were performed during the 15 month look back period.,58.008,80,,,,,0,percent of total billed charges,80 percent of billed charges; No services were performed during the 15 month look back period.,58.008,80,,,,,0,percent of total billed charges,80 percent of billed charges; No services were performed during the 15 month look back period.,313,,,,,,,Per Diem,. Paid once per service date. Line level lesser of applies.,313,,,,,,,Per Diem,. Paid once per service date. Line level lesser of applies.,313,,,,,,,Per Diem,. Paid once per service date. Line level lesser of applies.,313,,,,,,,Per Diem,. Paid once per service date. Line level lesser of applies.,596,,,,,,,Per Diem,. Paid once per unique code per service date and lesser of 100% of billed charges.,596,,,,,,,Per Diem,. Paid once per unique code per service date and lesser of 100% of billed charges.,,,,,,,,Fee Schedule,"100% RBRVS FS. ",,,,,,,,Fee Schedule,"100% RBRVS FS. ",,,,,,,,Fee Schedule,"100% RBRVS FS. ",204.69,,,,,,,Fee Schedule,"758.1 % 2013 Manhattan Medicare. ",204.69,,,,,,,Fee Schedule,"758.1 % 2013 Manhattan Medicare. ",204.69,,,,,,,Fee Schedule,"758.1 % 2013 Manhattan Medicare. ",596,,,,,,,Per Diem,. Paid once per unique code per service date and lesser of 100% of billed charges.,313,,,,,,,Per Diem,. Paid once per service date. Line level lesser of applies.,,,,,,,,Fee Schedule,"100% RBRVS FS. ",204.69,,,,,,,Fee Schedule,"758.1 % 2013 Manhattan Medicare. ",94.51,,,,,,,Case Rate,"100 Percent of Medicaid APG. ",,,,,,,,Fee Schedule,"102% of RBRVS. ",,,,,,,,Fee Schedule,"102% of RBRVS. ",,,,,,,,Fee Schedule,"102% of RBRVS. ",,,,,,,,Fee schedule,"90 Percent of Medicare RBRVS. ",212.66,,,,,,,Fee Schedule,225% of NYS APG. Lesser of 100% of billed charges applies.,212.66,,,,,,,Fee Schedule,225% of NYS APG. Lesser of 100% of billed charges applies.,212.66,,,,,,,Fee Schedule,225% of NYS APG. Lesser of 100% of billed charges applies.,212.66,,,,,,,Fee Schedule,225% of NYS APG. Lesser of 100% of billed charges applies.,212.66,,,,,,,Fee Schedule,225% of NYS APG. Lesser of 100% of billed charges applies.,,,,,,,,Fee Schedule,"102% of RBRVS. ",94.51,,,,,,,Case Rate,"100 Percent of Medicaid APG. ",,,,,,,,Fee Schedule,"Not payable. ",212.66,,,,,,,Fee Schedule,225% of NYS APG. Lesser of 100% of billed charges applies.,212.66,,,,,,,Fee Schedule,225% of NYS APG. Lesser of 100% of billed charges applies.,,,,,,,,Fee Schedule,"Not payable. ",,,,,,,,Fee Schedule,"Not payable. ",0.7251,1,,,,,0,percent of total billed charges,NA. ; No services were performed during the 15 month look back period.,,,,,,,,Fee Schedule,"100% RBRVS FS. ",,,,,,,,Fee Schedule,"100% RBRVS FS. ",313,,,,,,,Per Diem,. Paid once per service date. Line level lesser of applies.,,,,,,,,Fee Schedule,"100% RBRVS FS. ",212.66,,,,,,,Fee Schedule,"225 Percent of Medicaid APG. ",212.66,,,,,,,Fee Schedule,"225 Percent of Medicaid APG. ",,,,,,,,Fee schedule,"90 Percent of Medicare RBRVS. ",,,,,,,,Fee schedule,"90 Percent of Medicare RBRVS. ",212.66,,,,,,,Case Rate,225 Percent of Medicaid APG. Covered services not payable under Medicaid Fee Schedules default to a payment of 87.5 percent of charges.,0.7251,1,,,,,0,percent of total billed charges,NA. Covered services not payable under Medicaid Fee Schedules default to a payment of 50 percent of charges.; No services were performed during the 15 month look back period.,212.66,,,,,,,Case Rate,"100 Percent of Medicaid APG. ",212.66,,,,,,,Case Rate,"100 Percent of Medicaid APG. ",212.66,,,,,,,Case Rate,"100 Percent of Medicaid APG. ",212.66,,,,,,,Case Rate,"100 Percent of Medicaid APG. ",370,,,,,,,Per Diem,. Paid once per unique code per service date and lesser of 100% of billed charges.,596,,,,,,,Per Diem,. Paid once per unique code per service date and lesser of 100% of billed charges.,113.42,,,,,,,Case Rate,"120 Percent of Medicaid APG. Not APG payable, or payable under another fee schedule like ASP/AWP pays at 30% of charges",113.42,,,,,,,Case Rate,"120 Percent of Medicaid APG. Not APG payable, or payable under another fee schedule like ASP/AWP pays at 30% of charges",94.51,,,,,,,Case Rate,"100 Percent of Medicaid APG. Not APG payable, or payable under another fee schedule like ASP/AWP pays at 30% of charges",94.51,,,,,,,Case Rate,"100 Percent of Medicaid APG. Not APG payable, or payable under another fee schedule like ASP/AWP pays at 30% of charges",204.69,,,,,,,Fee Schedule,"758.1 % 2013 Manhattan Medicare. ",204.69,,,,,,,Fee Schedule,"758.1 % 2013 Manhattan Medicare. ",,,,,,,,Fee Schedule,"100% RBRVS FS. ",204.69,,,,,,,Fee Schedule,"758.1 % 2013 Manhattan Medicare. ",204.69,,,,,,,Fee Schedule,"758.1 % 2013 Manhattan Medicare. ",204.69,,,,,,,Fee Schedule,"758.1 % 2013 Manhattan Medicare. ",204.69,,,,,,,Fee Schedule,"758.1 % 2013 Manhattan Medicare. ",,,,,,,,Fee Schedule,"100% RBRVS FS. ",204.69,,,,,,,Fee Schedule,"758.1 % 2013 Manhattan Medicare. ",204.69,,,,,,,Fee Schedule,"758.1 % 2013 Manhattan Medicare. ",313,,,,,,,Per Diem,. Paid once per service date. Line level lesser of applies.,,,,,,,,Fee Schedule,100% of RBRVS. Lesser of 100% of billed charges applies.,0.7251,1,,,,,0,percent of total billed charges,NA. Covered services not payable under Medicaid Fee Schedules default to a payment of 50 percent of charges.; No services were performed during the 15 month look back period.,212.66,,,,,,,Fee Schedule,225% of NYS APG. Lesser of 100% of billed charges applies.,212.66,,,,,,,Case Rate,225 Percent of Medicaid APG. Covered services not payable under Medicaid Fee Schedules default to a payment of 87.5 percent of charges.,0.7251,1,,,,,0,percent of total billed charges,NA. Covered services not payable under Medicaid Fee Schedules default to a payment of 50 percent of charges.; No services were performed during the 15 month look back period.,212.66,,,,,,,Fee Schedule,225% of NYS APG. Lesser of 100% of billed charges applies.,212.66,,,,,,,Fee Schedule,225% of NYS APG. Lesser of 100% of billed charges applies.,212.66,,,,,,,Fee Schedule,225% of NYS APG. Lesser of 100% of billed charges applies.,212.66,,,,,,,Fee Schedule,225% of NYS APG. Lesser of 100% of billed charges applies.,212.66,,,,,,,Fee Schedule,225% of NYS APG. Lesser of 100% of billed charges applies.,212.66,,,,,,,Fee Schedule,225% of NYS APG. Lesser of 100% of billed charges applies.,,,,,,,,,"NA. ",,,,,,,,,"NA. ",,,,,,,,,"NA. ",393,,,,,,,Per Diem,. Paid once per unique code per service date and lesser of 100% of billed charges.,,,,,,,,,"NA. ",,,,,,,,Fee Schedule,"100% RBRVS FS. ",50,,,,,,,Per Diem,"100 % 1199 Fee Schedule. ",,,,,,,,Fee Schedule,"100% RBRVS FS. ",,,,,,,,Fee Schedule,"100% RBRVS FS. ",113.42,,,,,,,Case Rate,"120 Percent of Medicaid APG. Not APG payable, or payable under another fee schedule like ASP/AWP pays at 30% of charges",113.42,,,,,,,Case Rate,"120 Percent of Medicaid APG. Not APG payable, or payable under another fee schedule like ASP/AWP pays at 30% of charges",94.51,,,,,,,Case Rate,"100 Percent of Medicaid APG. Not APG payable, or payable under another fee schedule like ASP/AWP pays at 30% of charges",94.51,,,,,,,Case Rate,"100 Percent of Medicaid APG. Not APG payable, or payable under another fee schedule like ASP/AWP pays at 30% of charges",94.51,,,,,,,Case Rate,"100 Percent of Medicaid APG. ",52.9323,73,,,,,0,percent of total billed charges,73 percent of billed charges; No services were performed during the 15 month look back period.,313,,,,,,,Per Diem,. Paid once per service date. Line level lesser of applies.,52.9323,73,,,,,0,percent of total billed charges,73 percent of billed charges; No services were performed during the 15 month look back period.,393,,,,,,,Per Diem,. Paid once per unique code per service date and lesser of 100% of billed charges.,,,,,,,,Fee Schedule,"100% RBRVS FS. ",,,,,,,,Fee Schedule,"100% RBRVS FS. ",,,,,,,,Fee Schedule,"100% RBRVS FS. ",,,,,,,,Fee Schedule,"100% RBRVS FS. ",,,,,,,,Fee Schedule,"100% RBRVS FS. ",,,,,,,,Fee Schedule,"100% RBRVS FS. ",,,,,,,,,"NA. ",212.66,,,,,,,Fee Schedule,225% of NYS APG. Lesser of 100% of billed charges applies.,,,,,,,,Fee Schedule,"Not payable. ",204.69,,,,,,,Fee Schedule,"758.1 % 2013 Manhattan Medicare. ",52.9323,73,,,,,0,percent of total billed charges,73 percent of billed charges; No services were performed during the 15 month look back period.,52.9323,73,,,,,0,percent of total billed charges,73 percent of billed charges; No services were performed during the 15 month look back period.,52.9323,73,,,,,0,percent of total billed charges,73 percent of billed charges; No services were performed during the 15 month look back period.,52.9323,73,,,,,0,percent of total billed charges,73 percent of billed charges; No services were performed during the 15 month look back period.,,,,,,,,Fee Schedule,"100% RBRVS FS. ",94.51,,,,,,,Case Rate,"100 Percent of Medicaid APG. ",204.69,,,,,,,Fee Schedule,"758.1 % 2013 Manhattan Medicare. ",94.51,,,,,,,Case Rate,"100 Percent of Medicaid APG. ",,,,,,,,Fee Schedule,"100% RBRVS FS. ",94.51,,,,,,,Case Rate,"100 Percent of Medicaid APG. ",,,,,,,,Fee Schedule,"100% RBRVS FS. ",,,,,,,,Fee Schedule,"100% RBRVS FS. ",94.51,,,,,,,Case Rate,"100 Percent of Medicaid APG. ",94.51,,,,,,,Case Rate,"100 Percent of Medicaid APG. ",52.9323,73,,,,,0,percent of total billed charges,73 percent of billed charges; No services were performed during the 15 month look back period.,393,,,,,,,Per Diem,. Paid once per unique code per service date and lesser of 100% of billed charges.,56.5578,78,,,,,0,percent of total billed charges,78% of Billed Charges. Lesser of 100% of billed charges applies.; No services were performed during the 15 month look back period.,380.97,,,,,,,Per Diem,853% of Medicare. Lesser of 100% of billed charges applies.,380.97,,,,,,,Per Diem,853% of Medicare. Lesser of 100% of billed charges applies.,313,,,,,,,Per Diem,. Paid once per service date. Line level lesser of applies.,,,,,,,,Fee Schedule,"98% of RBRVS. ",58.008,80,,,,,0,percent of total billed charges,80 percent of billed charges; No services were performed during the 15 month look back period.,58.008,80,,,,,0,percent of total billed charges,80 percent of billed charges; No services were performed during the 15 month look back period.,163.76,,,,,,,Fee Schedule,"606.5 % 2013 Manhattan Medicare. ",163.76,,,,,,,Fee Schedule,"606.5 % 2013 Manhattan Medicare. ",,,,,,,,Fee Schedule,"100% RBRVS FS. ",,,,,,,,Fee Schedule,"100% RBRVS FS. ",,,,,,,,Fee Schedule,"100% RBRVS FS. ",,,,,,,,Fee Schedule,"100% RBRVS FS. ",380.97,,,,,,,Per Diem,853% of Medicare. Lesser of 100% of billed charges applies.,204.69,,,,,,,Fee Schedule,"758.1 % 2013 Manhattan Medicare. ",204.69,,,,,,,Fee Schedule,"758.1 % 2013 Manhattan Medicare. ",,,,,,,,Fee Schedule,"100% RBRVS FS. ",163.76,,,,,,,Fee Schedule,"606.5 % 2013 Manhattan Medicare. ",52.9323,73,,,,,0,percent of total billed charges,73 percent of billed charges; No services were performed during the 15 month look back period.,113.42,,,,,,,Fee Schedule,"120 Percent of Medicaid APG. ",94.51,,,,,,,Case Rate,"100 Percent of Medicaid APG. ",52.9323,73,,,,,0,percent of total billed charges,73 percent of billed charges; No services were performed during the 15 month look back period.,184.22,,,,,,,Fee Schedule,"682.3 % 2013 Manhattan Medicare. ",184.22,,,,,,,Fee Schedule,"682.3 % 2013 Manhattan Medicare. ",204.69,,,,,,,Fee Schedule,"758.1 % 2013 Manhattan Medicare. ",411,,,,,,,Per Diem,. Paid once per unique code per service date and lesser of 100% of billed charges.,,,,,,,,Fee Schedule,"100% RBRVS FS. ",99.24,,,,,,,Fee Schedule,105 percent of Medicaid APG. otherwise 105% of Ordered NYS MCD FS or 105% of ASP+6%,99.24,,,,,,,Fee Schedule,105 percent of Medicaid APG. otherwise 105% of Ordered NYS MCD FS or 105% of ASP+6%,99.24,,,,,,,Fee Schedule,105 percent of Medicaid APG. otherwise 105% of Ordered NYS MCD FS or 105% of ASP+6%,127.59,,,,,,,Fee Schedule,135 percent of Medicaid APG. otherwise 135% of Ordered NYS MCD FS or 135% of ASP+6%,380.97,,,,,,,Per Diem,853% of Medicare. Lesser of 100% of billed charges applies.,99.24,,,,,,,Fee Schedule,105 percent of Medicaid APG. otherwise 105% of Ordered NYS MCD FS or 105% of ASP+6%,99.24,,,,,,,Fee Schedule,105 percent of Medicaid APG. otherwise 105% of Ordered NYS MCD FS or 105% of ASP+6%,99.24,,,,,,,Fee Schedule,105 percent of Medicaid APG. otherwise 105% of Ordered NYS MCD FS or 105% of ASP+6%,99.24,,,,,,,Fee Schedule,105 percent of Medicaid APG. otherwise 105% of Ordered NYS MCD FS or 105% of ASP+6%,99.24,,,,,,,Fee Schedule,105 percent of Medicaid APG. otherwise 105% of Ordered NYS MCD FS or 105% of ASP+6%,127.59,,,,,,,Fee Schedule,135 percent of Medicaid APG. otherwise 135% of Ordered NYS MCD FS or 135% of ASP+6%,127.59,,,,,,,Fee Schedule,135 percent of Medicaid APG. otherwise 135% of Ordered NYS MCD FS or 135% of ASP+6%,,,,,,,,Fee Schedule,"100% RBRVS FS. ",380.97,,,,,,,Per Diem,853% of Medicare. Lesser of 100% of billed charges applies.,,,,,,,,Fee Schedule,"100% RBRVS FS. ",99.24,,,,,,,Fee Schedule,105 percent of Medicaid APG. otherwise 105% of Ordered NYS MCD FS or 105% of ASP+6%,204.69,,,,,,,Fee Schedule,"758.1 % 2013 Manhattan Medicare. ",,,,,,,,Fee Schedule,"100% RBRVS FS. ",204.69,,,,,,,Fee Schedule,"758.1 % 2013 Manhattan Medicare. ",204.69,,,,,,,Fee Schedule,"758.1 % 2013 Manhattan Medicare. ",204.69,,,,,,,Fee Schedule,"758.1 % 2013 Manhattan Medicare. ",99.24,,,,,,,Fee Schedule,105 percent of Medicaid APG. otherwise 105% of Ordered NYS MCD FS or 105% of ASP+6%,,,,,,,,Fee Schedule,"100% RBRVS FS. ",204.69,,,,,,,Fee Schedule,"758.1 % 2013 Manhattan Medicare. ",127.59,,,,,,,Fee Schedule,135 percent of Medicaid APG. otherwise 135% of Ordered NYS MCD FS or 135% of ASP+6%,204.69,,,,,,,Fee Schedule,"758.1 % 2013 Manhattan Medicare. ",,,,,,,,Fee Schedule,"150% of RBRVS. ",,,,,,,,Fee Schedule,"100% RBRVS FS. ",52.9323,73,,,,,0,percent of total billed charges,73 percent of billed charges; No services were performed during the 15 month look back period.,52.9323,73,,,,,0,percent of total billed charges,73 percent of billed charges; No services were performed during the 15 month look back period.,52.9323,73,,,,,0,percent of total billed charges,73 percent of billed charges; No services were performed during the 15 month look back period.,52.9323,73,,,,,0,percent of total billed charges,73 percent of billed charges; No services were performed during the 15 month look back period.,52.9323,73,,,,,0,percent of total billed charges,73 percent of billed charges; No services were performed during the 15 month look back period.,52.9323,73,,,,,0,percent of total billed charges,73 percent of billed charges; No services were performed during the 15 month look back period.,52.9323,73,,,,,0,percent of total billed charges,73 percent of billed charges; No services were performed during the 15 month look back period.,52.9323,73,,,,,0,percent of total billed charges,73 percent of billed charges; No services were performed during the 15 month look back period.,52.9323,73,,,,,0,percent of total billed charges,73 percent of billed charges; No services were performed during the 15 month look back period.,52.9323,73,,,,,0,percent of total billed charges,73 percent of billed charges; No services were performed during the 15 month look back period.,52.9323,73,,,,,0,percent of total billed charges,73 percent of billed charges; No services were performed during the 15 month look back period.,52.9323,73,,,,,0,percent of total billed charges,73 percent of billed charges; No services were performed during the 15 month look back period.,,,,,,,,Fee Schedule,"100% RBRVS FS. ",52.9323,73,,,,,0,percent of total billed charges,73 percent of billed charges; No services were performed during the 15 month look back period.,,,,,,,,Fee Schedule,"100% RBRVS FS. ",212.66,,,,,,,Case Rate,"225 Percent of Medicaid APG. If not included in Medicaid APG, then 100 Percent of Manhattan Medicare",94.51,,,,,,,Case Rate,"100 Percent of Medicaid APG. ",380.97,,,,,,,Per Diem,853% of Medicare. Lesser of 100% of billed charges applies.,380.97,,,,,,,Per Diem,853% of Medicare. Lesser of 100% of billed charges applies.,,,,,,,,Fee Schedule,"100% RBRVS FS. ",58.008,80,,,,,0,percent of total billed charges,80 percent of billed charges; No services were performed during the 15 month look back period.,,,,,,,,Fee Schedule,"100% RBRVS FS. ",,,,,,,,Fee Schedule,"100% RBRVS FS. ",313,,,,,,,Per Diem,. Paid once per service date. Line level lesser of applies.,,,,,,,,Fee Schedule,"100% RBRVS FS. ",393,,,,,,,Per Diem,. Paid once per unique code per service date and lesser of 100% of billed charges.,,,,,,,,Fee Schedule,"100% RBRVS FS. ",393,,,,,,,Per Diem,. Paid once per unique code per service date and lesser of 100% of billed charges.,313,,,,,,,Per Diem,. Paid once per service date. Line level lesser of applies.,393,,,,,,,Per Diem,. Paid once per unique code per service date and lesser of 100% of billed charges.,,,,,,,,Fee Schedule,"100% RBRVS FS. ",94.51,,,,,,,Case Rate,"100 Percent of Medicaid APG. ",,,,,,,,Fee Schedule,"100% RBRVS FS. ",393,,,,,,,Per Diem,. Paid once per unique code per service date and lesser of 100% of billed charges.,380.97,,,,,,,Per Diem,853% of Medicare. Lesser of 100% of billed charges applies.,94.51,,,,,,,Case Rate,"100 Percent of Medicaid APG. ",204.69,,,,,,,Fee Schedule,"758.1 % 2013 Manhattan Medicare. ",113.42,,,,,,,Fee Schedule,"120 Percent of Medicaid APG. ",113.42,,,,,,,Fee Schedule,"120 Percent of Medicaid APG. ",204.69,,,,,,,Fee Schedule,"758.1 % 2013 Manhattan Medicare. ",204.69,,,,,,,Fee Schedule,"758.1 % 2013 Manhattan Medicare. ",204.69,,,,,,,Fee Schedule,"758.1 % 2013 Manhattan Medicare. ",380.97,,,,,,,Per Diem,853% of Medicare. Lesser of 100% of billed charges applies.,204.69,,,,,,,Fee Schedule,"758.1 % 2013 Manhattan Medicare. ",204.69,,,,,,,Fee Schedule,"758.1 % 2013 Manhattan Medicare. ",204.69,,,,,,,Fee Schedule,"758.1 % 2013 Manhattan Medicare. ",52.9323,73,,,,,0,percent of total billed charges,73 percent of billed charges; No services were performed during the 15 month look back period.,52.9323,73,,,,,0,percent of total billed charges,73 percent of billed charges; No services were performed during the 15 month look back period.,,,,,,,,Fee Schedule,141 Percent of current Medicare RBRVS fee schedule. Metroplus will reimburse unlisted codes and described codes with no Medicare rate at 50 percent of charges.,94.51,,,,,,,Case Rate,"100 Percent of Medicaid APG. ",380.97,,,,,,,Per Diem,853% of Medicare. Lesser of 100% of billed charges applies.,393,,,,,,,Per Diem,. Paid once per unique code per service date and lesser of 100% of billed charges.,313,,,,,,,Per Diem,. Paid once per service date. Line level lesser of applies.,380.97,,,,,,,Per Diem,853% of Medicare. Lesser of 100% of billed charges applies.,313,,,,,,,Per Diem,. Paid once per service date. Line level lesser of applies.,380.97,,,,,,,Per Diem,853% of Medicare. Lesser of 100% of billed charges applies.,204.69,,,,,,,Fee Schedule,"758.1 % 2013 Manhattan Medicare. ",204.69,,,,,,,Fee Schedule,"758.1 % 2013 Manhattan Medicare. ",204.69,,,,,,,Fee Schedule,"758.1 % 2013 Manhattan Medicare. ",204.69,,,,,,,Fee Schedule,"758.1 % 2013 Manhattan Medicare. ",,,,,,,,Fee Schedule,"100% RBRVS FS. ",0.7251,596,
97150,CPT,2022280,LOCAL,430,RC,HC GROUP THERAPEUTIC PROCEDURES,216.14,41.0666,both,,,,50,,,,,,,Per Diem,"100 % 1199 Fee Schedule. ",50,,,,,,,Per Diem,"100 % 1199 Fee Schedule. ",313,,,,,,,Per Diem,. Paid once per service date. Line level lesser of applies.,216.14,100,,,,,0,percent of total billed charges,100 percent of billed charges. ; No services were performed during the 15 month look back period.,19.58,,,,,,,Fee Schedule,"100% RBRVS FS. ",313,,,,,,,Per Diem,. Paid once per service date. Line level lesser of applies.,313,,,,,,,Per Diem,. Paid once per service date. Line level lesser of applies.,313,,,,,,,Per Diem,. Paid once per service date. Line level lesser of applies.,178.79,,,,,,,Case Rate,"100 Percent of Medicaid APG. ",148.99,,,,,,,Case Rate,"100 Percent of Medicaid APG. ",168.5892,78,,,,,0,percent of total billed charges,78% of Billed Charges. Lesser of 100% of billed charges applies.; No services were performed during the 15 month look back period.,380.97,,,,,,,Per Diem,853% of Medicare. Lesser of 100% of billed charges applies.,148.99,,,,,,,Case Rate,"100 Percent of Medicaid APG. ",19.58,,,,,,,Fee Schedule,"100% RBRVS FS. ",393,,,,,,,Per Diem,. Paid once per unique code per service date and lesser of 100% of billed charges.,393,,,,,,,Per Diem,. Paid once per unique code per service date and lesser of 100% of billed charges.,393,,,,,,,Per Diem,. Paid once per unique code per service date and lesser of 100% of billed charges.,393,,,,,,,Per Diem,. Paid once per unique code per service date and lesser of 100% of billed charges.,17.93,,,,,,,Fee schedule,90 Percent of Medicare RBRVS. Covered services not payable under Medicaid Fee Schedules default to a payment of 50 percent of charges.,19.58,,,,,,,Fee Schedule,"100% RBRVS FS. ",17.93,,,,,,,Fee schedule,90 Percent of Medicare RBRVS. Covered services not payable under Medicaid Fee Schedules default to a payment of 50 percent of charges.,168.5892,78,,,,,0,percent of total billed charges,78% of Billed Charges. Lesser of 100% of billed charges applies.; No services were performed during the 15 month look back period.,313,,,,,,,Per Diem,. Paid once per service date. Line level lesser of applies.,19.58,,,,,,,Fee Schedule,"100% RBRVS FS. ",49.93,,,,,,,Fee Schedule,"255 % Medicare RBRVS. ",19.58,,,,,,,Fee Schedule,"100% RBRVS FS. ",19.58,,,,,,,Fee Schedule,"100% RBRVS FS. ",168.5892,78,,,,,0,percent of total billed charges,78% of Billed Charges. Lesser of 100% of billed charges applies.; No services were performed during the 15 month look back period.,17.93,,,,,,,Fee Schedule,90 Percent of Medicare RBRVS. Lesser of 100% of billed charges applies.,17.93,,,,,,,Fee Schedule,90 Percent of Medicare RBRVS. Lesser of 100% of billed charges applies.,17.93,,,,,,,Fee schedule,"90 Percent of Medicare RBRVS. ",17.93,,,,,,,Fee schedule,"90 Percent of Medicare RBRVS. ",49.93,,,,,,,Fee Schedule,"255 % Medicare RBRVS. ",49.93,,,,,,,Fee Schedule,"255 % Medicare RBRVS. ",148.99,,,,,,,Case Rate,"100 Percent of Medicaid APG. Not APG payable, or payable under another fee schedule like ASP/AWP pays at 30% of charges",49.93,,,,,,,Fee Schedule,"255 % Medicare RBRVS. ",148.99,,,,,,,Case Rate,"100 Percent of Medicaid APG. Not APG payable, or payable under another fee schedule like ASP/AWP pays at 30% of charges",19.58,,,,,,,Fee Schedule,"100% RBRVS FS. ",49.93,,,,,,,Fee Schedule,"255 % Medicare RBRVS. ",168.5892,78,,,,,0,percent of total billed charges,78% of Billed Charges. Lesser of 100% of billed charges applies.; No services were performed during the 15 month look back period.,148.99,,,,,,,Case Rate,"100 Percent of Medicaid APG. ",148.99,,,,,,,Case Rate,"100 Percent of Medicaid APG. ",168.5892,78,,,,,0,percent of total billed charges,78% of Billed Charges. Lesser of 100% of billed charges applies.; No services were performed during the 15 month look back period.,393,,,,,,,Per Diem,. Paid once per unique code per service date and lesser of 100% of billed charges.,357.82,,,,,,,Per Diem,. Paid once per unique code per service date and lesser of 100% of billed charges.,357.82,,,,,,,Per Diem,. Paid once per unique code per service date and lesser of 100% of billed charges.,168.5892,78,,,,,0,percent of total billed charges,78% of Billed Charges. Lesser of 100% of billed charges applies.; No services were performed during the 15 month look back period.,19.58,,,,,,,Fee Schedule,"100% RBRVS FS. ",380.97,,,,,,,Per Diem,853% of Medicare. Lesser of 100% of billed charges applies.,380.97,,,,,,,Per Diem,853% of Medicare. Lesser of 100% of billed charges applies.,380.97,,,,,,,Per Diem,853% of Medicare. Lesser of 100% of billed charges applies.,19.58,,,,,,,Fee Schedule,"100% RBRVS FS. ",380.97,,,,,,,Per Diem,853% of Medicare. Lesser of 100% of billed charges applies.,380.97,,,,,,,Per Diem,853% of Medicare. Lesser of 100% of billed charges applies.,19.58,,,,,,,Fee Schedule,"100% of RBRVS. ",596,,,,,,,Per Diem,. Paid once per unique code per service date and lesser of 100% of billed charges.,145.63,,,,,,,Fee Schedule,"758.1 % 2013 Manhattan Medicare. ",145.63,,,,,,,Fee Schedule,"758.1 % 2013 Manhattan Medicare. ",145.63,,,,,,,Fee Schedule,"758.1 % 2013 Manhattan Medicare. ",145.63,,,,,,,Fee Schedule,"758.1 % 2013 Manhattan Medicare. ",145.63,,,,,,,Fee Schedule,"758.1 % 2013 Manhattan Medicare. ",145.63,,,,,,,Fee Schedule,"758.1 % 2013 Manhattan Medicare. ",19.58,,,,,,,Fee Schedule,"100% RBRVS FS. ",19.58,,,,,,,Fee Schedule,"100% RBRVS FS. ",145.63,,,,,,,Fee Schedule,"758.1 % 2013 Manhattan Medicare. ",168.5892,78,,,,,0,percent of total billed charges,78% of Billed Charges. Lesser of 100% of billed charges applies.; No services were performed during the 15 month look back period.,168.5892,78,,,,,0,percent of total billed charges,78% of Billed Charges. Lesser of 100% of billed charges applies.; No services were performed during the 15 month look back period.,168.5892,78,,,,,0,percent of total billed charges,78% of Billed Charges. Lesser of 100% of billed charges applies.; No services were performed during the 15 month look back period.,168.5892,78,,,,,0,percent of total billed charges,78% of Billed Charges. Lesser of 100% of billed charges applies.; No services were performed during the 15 month look back period.,168.5892,78,,,,,0,percent of total billed charges,78% of Billed Charges. Lesser of 100% of billed charges applies.; No services were performed during the 15 month look back period.,168.5892,78,,,,,0,percent of total billed charges,78% of Billed Charges. Lesser of 100% of billed charges applies.; No services were performed during the 15 month look back period.,168.5892,78,,,,,0,percent of total billed charges,78% of Billed Charges. Lesser of 100% of billed charges applies.; No services were performed during the 15 month look back period.,168.5892,78,,,,,0,percent of total billed charges,78% of Billed Charges. Lesser of 100% of billed charges applies.; No services were performed during the 15 month look back period.,168.5892,78,,,,,0,percent of total billed charges,78% of Billed Charges. Lesser of 100% of billed charges applies.; No services were performed during the 15 month look back period.,168.5892,78,,,,,0,percent of total billed charges,78% of Billed Charges. Lesser of 100% of billed charges applies.; No services were performed during the 15 month look back period.,168.5892,78,,,,,0,percent of total billed charges,78% of Billed Charges. Lesser of 100% of billed charges applies.; No services were performed during the 15 month look back period.,168.5892,78,,,,,0,percent of total billed charges,78% of Billed Charges. Lesser of 100% of billed charges applies.; No services were performed during the 15 month look back period.,168.5892,78,,,,,0,percent of total billed charges,78% of Billed Charges. Lesser of 100% of billed charges applies.; No services were performed during the 15 month look back period.,168.5892,78,,,,,0,percent of total billed charges,78% of Billed Charges. Lesser of 100% of billed charges applies.; No services were performed during the 15 month look back period.,168.5892,78,,,,,0,percent of total billed charges,78% of Billed Charges. Lesser of 100% of billed charges applies.; No services were performed during the 15 month look back period.,168.5892,78,,,,,0,percent of total billed charges,78% of Billed Charges. Lesser of 100% of billed charges applies.; No services were performed during the 15 month look back period.,168.5892,78,,,,,0,percent of total billed charges,78% of Billed Charges. Lesser of 100% of billed charges applies.; No services were performed during the 15 month look back period.,168.5892,78,,,,,0,percent of total billed charges,78% of Billed Charges. Lesser of 100% of billed charges applies.; No services were performed during the 15 month look back period.,168.5892,78,,,,,0,percent of total billed charges,78% of Billed Charges. Lesser of 100% of billed charges applies.; No services were performed during the 15 month look back period.,168.5892,78,,,,,0,percent of total billed charges,78% of Billed Charges. Lesser of 100% of billed charges applies.; No services were performed during the 15 month look back period.,168.5892,78,,,,,0,percent of total billed charges,78% of Billed Charges. Lesser of 100% of billed charges applies.; No services were performed during the 15 month look back period.,168.5892,78,,,,,0,percent of total billed charges,78% of Billed Charges. Lesser of 100% of billed charges applies.; No services were performed during the 15 month look back period.,168.5892,78,,,,,0,percent of total billed charges,78% of Billed Charges. Lesser of 100% of billed charges applies.; No services were performed during the 15 month look back period.,168.5892,78,,,,,0,percent of total billed charges,78% of Billed Charges. Lesser of 100% of billed charges applies.; No services were performed during the 15 month look back period.,168.5892,78,,,,,0,percent of total billed charges,78% of Billed Charges. Lesser of 100% of billed charges applies.; No services were performed during the 15 month look back period.,168.5892,78,,,,,0,percent of total billed charges,78% of Billed Charges. Lesser of 100% of billed charges applies.; No services were performed during the 15 month look back period.,49.93,,,,,,,Fee Schedule,"255 % Medicare RBRVS. ",49.93,,,,,,,Fee Schedule,"255 % Medicare RBRVS. ",49.93,,,,,,,Fee Schedule,"255 % Medicare RBRVS. ",49.93,,,,,,,Fee Schedule,"255 % Medicare RBRVS. ",100.05,,,,,,,Fee Schedule,"511 % Medicare RBRVS. ",100.05,,,,,,,Fee Schedule,"511 % Medicare RBRVS. ",393,,,,,,,Per Diem,. Paid once per unique code per service date and lesser of 100% of billed charges.,145.63,,,,,,,Fee Schedule,"758.1 % 2013 Manhattan Medicare. ",380.97,,,,,,,Per Diem,853% of Medicare. Lesser of 100% of billed charges applies.,145.63,,,,,,,Fee Schedule,"758.1 % 2013 Manhattan Medicare. ",168.5892,78,,,,,0,percent of total billed charges,78% of Billed Charges. Lesser of 100% of billed charges applies.; No services were performed during the 15 month look back period.,100.05,,,,,,,Fee Schedule,"511 % Medicare RBRVS. ",145.63,,,,,,,Fee Schedule,"758.1 % 2013 Manhattan Medicare. ",380.97,,,,,,,Per Diem,853% of Medicare. Lesser of 100% of billed charges applies.,393,,,,,,,Per Diem,. Paid once per unique code per service date and lesser of 100% of billed charges.,,,,,,,,,"NA. ",168.5892,78,,,,,0,percent of total billed charges,78% of Billed Charges. Lesser of 100% of billed charges applies.; No services were performed during the 15 month look back period.,148.99,,,,,,,Case Rate,"100 Percent of Medicaid APG. ",49.93,,,,,,,Fee Schedule,"255 % Medicare RBRVS. ",148.99,,,,,,,Case Rate,"100 Percent of Medicaid APG. Not APG payable, or payable under another fee schedule like ASP/AWP pays at 30% of charges",19.58,,,,,,,Fee Schedule,"100% RBRVS FS. ",19.58,,,,,,,Fee Schedule,"100% RBRVS FS. ",596,,,,,,,Per Diem,. Paid once per unique code per service date and lesser of 100% of billed charges.,19.58,,,,,,,Fee Schedule,"100% RBRVS FS. ",19.58,,,,,,,Fee Schedule,"100% RBRVS FS. ",148.99,,,,,,,Case Rate,"100 Percent of Medicaid APG. ",19.58,,,,,,,Fee Schedule,"100% RBRVS FS. ",19.58,,,,,,,Fee Schedule,"100% RBRVS FS. ",313,,,,,,,Per Diem,. Paid once per service date. Line level lesser of applies.,313,,,,,,,Per Diem,. Paid once per service date. Line level lesser of applies.,19.58,,,,,,,Fee Schedule,"100% RBRVS FS. ",393,,,,,,,Per Diem,. Paid once per unique code per service date and lesser of 100% of billed charges.,380.97,,,,,,,Per Diem,853% of Medicare. Lesser of 100% of billed charges applies.,380.97,,,,,,,Per Diem,853% of Medicare. Lesser of 100% of billed charges applies.,19.58,,,,,,,Fee Schedule,"100% RBRVS FS. ",393,,,,,,,Per Diem,. Paid once per unique code per service date and lesser of 100% of billed charges.,313,,,,,,,Per Diem,. Paid once per service date. Line level lesser of applies.,313,,,,,,,Per Diem,. Paid once per service date. Line level lesser of applies.,313,,,,,,,Per Diem,. Paid once per service date. Line level lesser of applies.,168.5892,78,,,,,0,percent of total billed charges,78% of Billed Charges. Lesser of 100% of billed charges applies.; No services were performed during the 15 month look back period.,168.5892,78,,,,,0,percent of total billed charges,78% of Billed Charges. Lesser of 100% of billed charges applies.; No services were performed during the 15 month look back period.,168.5892,78,,,,,0,percent of total billed charges,78% of Billed Charges. Lesser of 100% of billed charges applies.; No services were performed during the 15 month look back period.,168.5892,78,,,,,0,percent of total billed charges,78% of Billed Charges. Lesser of 100% of billed charges applies.; No services were performed during the 15 month look back period.,168.5892,78,,,,,0,percent of total billed charges,78% of Billed Charges. Lesser of 100% of billed charges applies.; No services were performed during the 15 month look back period.,168.5892,78,,,,,0,percent of total billed charges,78% of Billed Charges. Lesser of 100% of billed charges applies.; No services were performed during the 15 month look back period.,168.5892,78,,,,,0,percent of total billed charges,78% of Billed Charges. Lesser of 100% of billed charges applies.; No services were performed during the 15 month look back period.,168.5892,78,,,,,0,percent of total billed charges,78% of Billed Charges. Lesser of 100% of billed charges applies.; No services were performed during the 15 month look back period.,168.5892,78,,,,,0,percent of total billed charges,78% of Billed Charges. Lesser of 100% of billed charges applies.; No services were performed during the 15 month look back period.,168.5892,78,,,,,0,percent of total billed charges,78% of Billed Charges. Lesser of 100% of billed charges applies.; No services were performed during the 15 month look back period.,168.5892,78,,,,,0,percent of total billed charges,78% of Billed Charges. Lesser of 100% of billed charges applies.; No services were performed during the 15 month look back period.,100.05,,,,,,,Fee Schedule,"511 % Medicare RBRVS. ",145.63,,,,,,,Fee Schedule,"758.1 % 2013 Manhattan Medicare. ",393,,,,,,,Per Diem,. Paid once per unique code per service date and lesser of 100% of billed charges.,19.58,,,,,,,Fee Schedule,"100% RBRVS FS. ",313,,,,,,,Per Diem,. Paid once per service date. Line level lesser of applies.,393,,,,,,,Per Diem,. Paid once per unique code per service date and lesser of 100% of billed charges.,393,,,,,,,Per Diem,. Paid once per unique code per service date and lesser of 100% of billed charges.,168.5892,78,,,,,0,percent of total billed charges,78% of Billed Charges. Lesser of 100% of billed charges applies.; No services were performed during the 15 month look back period.,318.84,,,,,,,Case Rate,"141 Percent of current Medicare RBRVS FeeSched. ",393,,,,,,,Per Diem,. Paid once per unique code per service date and lesser of 100% of billed charges.,148.99,,,,,,,Case Rate,"100 Percent of Medicaid APG. ",19.58,,,,,,,Fee Schedule,"100% RBRVS FS. ",19.58,,,,,,,Fee Schedule,"100% RBRVS FS. ",19.58,,,,,,,Fee Schedule,"100% RBRVS FS. ",19.58,,,,,,,Fee Schedule,"100% RBRVS FS. ",19.58,,,,,,,Fee Schedule,"100% RBRVS FS. ",19.58,,,,,,,Fee Schedule,"100% RBRVS FS. ",393,,,,,,,Per Diem,. Paid once per unique code per service date and lesser of 100% of billed charges.,596,,,,,,,Per Diem,. Paid once per unique code per service date and lesser of 100% of billed charges.,31.87,,,,,,,Fee Schedule,"160 Percent of Medicare RBRVS. ",31.87,,,,,,,Fee Schedule,"160 Percent of Medicare RBRVS. ",31.87,,,,,,,Fee Schedule,"160 Percent of Medicare RBRVS. ",31.87,,,,,,,Fee Schedule,"160 Percent of Medicare RBRVS. ",31.87,,,,,,,Fee Schedule,"160 Percent of Medicare RBRVS. ",,,,,,,,,"NA. ",596,,,,,,,Per Diem,. Paid once per unique code per service date and lesser of 100% of billed charges.,27.6,,,,,,,Fee Schedule,141 Percent of current Medicare RBRVS fee schedule. Metroplus will reimburse unlisted codes and described codes with no Medicare rate at 50 percent of charges.,27.6,,,,,,,Fee Schedule,141 Percent of current Medicare RBRVS fee schedule. Metroplus will reimburse unlisted codes and described codes with no Medicare rate at 50 percent of charges.,27.6,,,,,,,Fee Schedule,141 Percent of current Medicare RBRVS fee schedule. Metroplus will reimburse unlisted codes and described codes with no Medicare rate at 50 percent of charges.,27.6,,,,,,,Fee Schedule,141 Percent of current Medicare RBRVS fee schedule. Metroplus will reimburse unlisted codes and described codes with no Medicare rate at 50 percent of charges.,27.6,,,,,,,Fee Schedule,141 Percent of current Medicare RBRVS fee schedule. Metroplus will reimburse unlisted codes and described codes with no Medicare rate at 50 percent of charges.,19.58,,,,,,,Fee Schedule,"100% RBRVS FS. ",100.05,,,,,,,Fee Schedule,"511 % Medicare RBRVS. ",100.05,,,,,,,Fee Schedule,"511 % Medicare RBRVS. ",100.05,,,,,,,Fee Schedule,"511 % Medicare RBRVS. ",100.05,,,,,,,Fee Schedule,"511 % Medicare RBRVS. ",313,,,,,,,Per Diem,. Paid once per service date. Line level lesser of applies.,313,,,,,,,Per Diem,. Paid once per service date. Line level lesser of applies.,313,,,,,,,Per Diem,. Paid once per service date. Line level lesser of applies.,313,,,,,,,Per Diem,. Paid once per service date. Line level lesser of applies.,596,,,,,,,Per Diem,. Paid once per unique code per service date and lesser of 100% of billed charges.,596,,,,,,,Per Diem,. Paid once per unique code per service date and lesser of 100% of billed charges.,19.58,,,,,,,Fee Schedule,"100% RBRVS FS. ",19.58,,,,,,,Fee Schedule,"100% RBRVS FS. ",19.58,,,,,,,Fee Schedule,"100% RBRVS FS. ",145.63,,,,,,,Fee Schedule,"758.1 % 2013 Manhattan Medicare. ",145.63,,,,,,,Fee Schedule,"758.1 % 2013 Manhattan Medicare. ",145.63,,,,,,,Fee Schedule,"758.1 % 2013 Manhattan Medicare. ",596,,,,,,,Per Diem,. Paid once per unique code per service date and lesser of 100% of billed charges.,313,,,,,,,Per Diem,. Paid once per service date. Line level lesser of applies.,19.58,,,,,,,Fee Schedule,"100% RBRVS FS. ",145.63,,,,,,,Fee Schedule,"758.1 % 2013 Manhattan Medicare. ",148.99,,,,,,,Case Rate,"100 Percent of Medicaid APG. ",19.97,,,,,,,Fee Schedule,"102% of RBRVS. ",19.97,,,,,,,Fee Schedule,"102% of RBRVS. ",19.97,,,,,,,Fee Schedule,"102% of RBRVS. ",17.93,,,,,,,Fee schedule,"90 Percent of Medicare RBRVS. ",335.23,,,,,,,Fee Schedule,225% of NYS APG. Lesser of 100% of billed charges applies.,335.23,,,,,,,Fee Schedule,225% of NYS APG. Lesser of 100% of billed charges applies.,335.23,,,,,,,Fee Schedule,225% of NYS APG. Lesser of 100% of billed charges applies.,335.23,,,,,,,Fee Schedule,225% of NYS APG. Lesser of 100% of billed charges applies.,335.23,,,,,,,Fee Schedule,225% of NYS APG. Lesser of 100% of billed charges applies.,19.97,,,,,,,Fee Schedule,"102% of RBRVS. ",148.99,,,,,,,Case Rate,"100 Percent of Medicaid APG. ",17.93,,,,,,,Fee Schedule,90 Percent of Medicare RBRVS. Lesser of 100% of billed charges applies.,335.23,,,,,,,Fee Schedule,225% of NYS APG. Lesser of 100% of billed charges applies.,335.23,,,,,,,Fee Schedule,225% of NYS APG. Lesser of 100% of billed charges applies.,17.93,,,,,,,Fee Schedule,90 Percent of Medicare RBRVS. Lesser of 100% of billed charges applies.,17.93,,,,,,,Fee Schedule,90 Percent of Medicare RBRVS. Lesser of 100% of billed charges applies.,31.87,,,,,,,Fee Schedule,"160 Percent of Medicare RBRVS. ",19.58,,,,,,,Fee Schedule,"100% RBRVS FS. ",19.58,,,,,,,Fee Schedule,"100% RBRVS FS. ",313,,,,,,,Per Diem,. Paid once per service date. Line level lesser of applies.,19.58,,,,,,,Fee Schedule,"100% RBRVS FS. ",335.23,,,,,,,Fee Schedule,"225 Percent of Medicaid APG. ",335.23,,,,,,,Fee Schedule,"225 Percent of Medicaid APG. ",17.93,,,,,,,Fee schedule,"90 Percent of Medicare RBRVS. ",17.93,,,,,,,Fee schedule,"90 Percent of Medicare RBRVS. ",,,,,,,,Case Rate,Not Payable. Covered services not payable under Medicaid Fee Schedules default to a payment of 87.5 percent of charges.,17.93,,,,,,,Fee schedule,90 Percent of Medicare RBRVS. Covered services not payable under Medicaid Fee Schedules default to a payment of 50 percent of charges.,335.23,,,,,,,Case Rate,"100 Percent of Medicaid APG. ",335.23,,,,,,,Case Rate,"100 Percent of Medicaid APG. ",335.23,,,,,,,Case Rate,"100 Percent of Medicaid APG. ",335.23,,,,,,,Case Rate,"100 Percent of Medicaid APG. ",370,,,,,,,Per Diem,. Paid once per unique code per service date and lesser of 100% of billed charges.,596,,,,,,,Per Diem,. Paid once per unique code per service date and lesser of 100% of billed charges.,178.79,,,,,,,Case Rate,"120 Percent of Medicaid APG. Not APG payable, or payable under another fee schedule like ASP/AWP pays at 30% of charges",178.79,,,,,,,Case Rate,"120 Percent of Medicaid APG. Not APG payable, or payable under another fee schedule like ASP/AWP pays at 30% of charges",148.99,,,,,,,Case Rate,"100 Percent of Medicaid APG. Not APG payable, or payable under another fee schedule like ASP/AWP pays at 30% of charges",148.99,,,,,,,Case Rate,"100 Percent of Medicaid APG. Not APG payable, or payable under another fee schedule like ASP/AWP pays at 30% of charges",145.63,,,,,,,Fee Schedule,"758.1 % 2013 Manhattan Medicare. ",145.63,,,,,,,Fee Schedule,"758.1 % 2013 Manhattan Medicare. ",19.58,,,,,,,Fee Schedule,"100% RBRVS FS. ",145.63,,,,,,,Fee Schedule,"758.1 % 2013 Manhattan Medicare. ",145.63,,,,,,,Fee Schedule,"758.1 % 2013 Manhattan Medicare. ",145.63,,,,,,,Fee Schedule,"758.1 % 2013 Manhattan Medicare. ",145.63,,,,,,,Fee Schedule,"758.1 % 2013 Manhattan Medicare. ",19.58,,,,,,,Fee Schedule,"100% RBRVS FS. ",145.63,,,,,,,Fee Schedule,"758.1 % 2013 Manhattan Medicare. ",145.63,,,,,,,Fee Schedule,"758.1 % 2013 Manhattan Medicare. ",313,,,,,,,Per Diem,. Paid once per service date. Line level lesser of applies.,19.92,,,,,,,Fee Schedule,100% of RBRVS. Lesser of 100% of billed charges applies.,17.93,,,,,,,Fee schedule,90 Percent of Medicare RBRVS. Covered services not payable under Medicaid Fee Schedules default to a payment of 50 percent of charges.,335.23,,,,,,,Fee Schedule,225% of NYS APG. Lesser of 100% of billed charges applies.,,,,,,,,Case Rate,Not Payable. Covered services not payable under Medicaid Fee Schedules default to a payment of 87.5 percent of charges.,17.93,,,,,,,Fee schedule,90 Percent of Medicare RBRVS. Covered services not payable under Medicaid Fee Schedules default to a payment of 50 percent of charges.,335.23,,,,,,,Fee Schedule,225% of NYS APG. Lesser of 100% of billed charges applies.,335.23,,,,,,,Fee Schedule,225% of NYS APG. Lesser of 100% of billed charges applies.,335.23,,,,,,,Fee Schedule,225% of NYS APG. Lesser of 100% of billed charges applies.,335.23,,,,,,,Fee Schedule,225% of NYS APG. Lesser of 100% of billed charges applies.,335.23,,,,,,,Fee Schedule,225% of NYS APG. Lesser of 100% of billed charges applies.,335.23,,,,,,,Fee Schedule,225% of NYS APG. Lesser of 100% of billed charges applies.,,,,,,,,,"NA. ",,,,,,,,,"NA. ",,,,,,,,,"NA. ",393,,,,,,,Per Diem,. Paid once per unique code per service date and lesser of 100% of billed charges.,,,,,,,,,"NA. ",19.58,,,,,,,Fee Schedule,"100% RBRVS FS. ",50,,,,,,,Per Diem,"100 % 1199 Fee Schedule. ",19.58,,,,,,,Fee Schedule,"100% RBRVS FS. ",19.58,,,,,,,Fee Schedule,"100% RBRVS FS. ",178.79,,,,,,,Case Rate,"120 Percent of Medicaid APG. Not APG payable, or payable under another fee schedule like ASP/AWP pays at 30% of charges",178.79,,,,,,,Case Rate,"120 Percent of Medicaid APG. Not APG payable, or payable under another fee schedule like ASP/AWP pays at 30% of charges",148.99,,,,,,,Case Rate,"100 Percent of Medicaid APG. Not APG payable, or payable under another fee schedule like ASP/AWP pays at 30% of charges",148.99,,,,,,,Case Rate,"100 Percent of Medicaid APG. Not APG payable, or payable under another fee schedule like ASP/AWP pays at 30% of charges",148.99,,,,,,,Case Rate,"100 Percent of Medicaid APG. ",42.49,,,,,,,Fee Schedule,"217 % Medicare RBRVS. ",313,,,,,,,Per Diem,. Paid once per service date. Line level lesser of applies.,49.93,,,,,,,Fee Schedule,"255 % Medicare RBRVS. ",393,,,,,,,Per Diem,. Paid once per unique code per service date and lesser of 100% of billed charges.,19.58,,,,,,,Fee Schedule,"100% RBRVS FS. ",19.58,,,,,,,Fee Schedule,"100% RBRVS FS. ",19.58,,,,,,,Fee Schedule,"100% RBRVS FS. ",19.58,,,,,,,Fee Schedule,"100% RBRVS FS. ",19.58,,,,,,,Fee Schedule,"100% RBRVS FS. ",19.58,,,,,,,Fee Schedule,"100% RBRVS FS. ",,,,,,,,,"NA. ",335.23,,,,,,,Fee Schedule,225% of NYS APG. Lesser of 100% of billed charges applies.,17.93,,,,,,,Fee Schedule,90 Percent of Medicare RBRVS. Lesser of 100% of billed charges applies.,145.63,,,,,,,Fee Schedule,"758.1 % 2013 Manhattan Medicare. ",42.49,,,,,,,Fee Schedule,"217 % Medicare RBRVS. ",42.49,,,,,,,Fee Schedule,"217 % Medicare RBRVS. ",42.49,,,,,,,Fee Schedule,"217 % Medicare RBRVS. ",42.49,,,,,,,Fee Schedule,"217 % Medicare RBRVS. ",19.58,,,,,,,Fee Schedule,"100% RBRVS FS. ",148.99,,,,,,,Case Rate,"100 Percent of Medicaid APG. ",145.63,,,,,,,Fee Schedule,"758.1 % 2013 Manhattan Medicare. ",148.99,,,,,,,Case Rate,"100 Percent of Medicaid APG. ",19.58,,,,,,,Fee Schedule,"100% RBRVS FS. ",148.99,,,,,,,Case Rate,"100 Percent of Medicaid APG. ",19.58,,,,,,,Fee Schedule,"100% RBRVS FS. ",19.58,,,,,,,Fee Schedule,"100% RBRVS FS. ",148.99,,,,,,,Case Rate,"100 Percent of Medicaid APG. ",148.99,,,,,,,Case Rate,"100 Percent of Medicaid APG. ",42.49,,,,,,,Fee Schedule,"217 % Medicare RBRVS. ",393,,,,,,,Per Diem,. Paid once per unique code per service date and lesser of 100% of billed charges.,168.5892,78,,,,,0,percent of total billed charges,78% of Billed Charges. Lesser of 100% of billed charges applies.; No services were performed during the 15 month look back period.,380.97,,,,,,,Per Diem,853% of Medicare. Lesser of 100% of billed charges applies.,380.97,,,,,,,Per Diem,853% of Medicare. Lesser of 100% of billed charges applies.,313,,,,,,,Per Diem,. Paid once per service date. Line level lesser of applies.,19.19,,,,,,,Fee Schedule,"98% of RBRVS. ",100.05,,,,,,,Fee Schedule,"511 % Medicare RBRVS. ",100.05,,,,,,,Fee Schedule,"511 % Medicare RBRVS. ",116.51,,,,,,,Fee Schedule,"606.5 % 2013 Manhattan Medicare. ",116.51,,,,,,,Fee Schedule,"606.5 % 2013 Manhattan Medicare. ",19.58,,,,,,,Fee Schedule,"100% RBRVS FS. ",19.58,,,,,,,Fee Schedule,"100% RBRVS FS. ",19.58,,,,,,,Fee Schedule,"100% RBRVS FS. ",19.58,,,,,,,Fee Schedule,"100% RBRVS FS. ",380.97,,,,,,,Per Diem,853% of Medicare. Lesser of 100% of billed charges applies.,145.63,,,,,,,Fee Schedule,"758.1 % 2013 Manhattan Medicare. ",145.63,,,,,,,Fee Schedule,"758.1 % 2013 Manhattan Medicare. ",19.58,,,,,,,Fee Schedule,"100% RBRVS FS. ",116.51,,,,,,,Fee Schedule,"606.5 % 2013 Manhattan Medicare. ",49.93,,,,,,,Fee Schedule,"255 % Medicare RBRVS. ",178.79,,,,,,,Fee Schedule,"120 Percent of Medicaid APG. ",148.99,,,,,,,Case Rate,"100 Percent of Medicaid APG. ",42.49,,,,,,,Fee Schedule,"217 % Medicare RBRVS. ",131.07,,,,,,,Fee Schedule,"682.3 % 2013 Manhattan Medicare. ",131.07,,,,,,,Fee Schedule,"682.3 % 2013 Manhattan Medicare. ",145.63,,,,,,,Fee Schedule,"758.1 % 2013 Manhattan Medicare. ",411,,,,,,,Per Diem,. Paid once per unique code per service date and lesser of 100% of billed charges.,19.58,,,,,,,Fee Schedule,"100% RBRVS FS. ",156.44,,,,,,,Fee Schedule,105 percent of Medicaid APG. otherwise 105% of Ordered NYS MCD FS or 105% of ASP+6%,156.44,,,,,,,Fee Schedule,105 percent of Medicaid APG. otherwise 105% of Ordered NYS MCD FS or 105% of ASP+6%,156.44,,,,,,,Fee Schedule,105 percent of Medicaid APG. otherwise 105% of Ordered NYS MCD FS or 105% of ASP+6%,201.14,,,,,,,Fee Schedule,135 percent of Medicaid APG. otherwise 135% of Ordered NYS MCD FS or 135% of ASP+6%,380.97,,,,,,,Per Diem,853% of Medicare. Lesser of 100% of billed charges applies.,156.44,,,,,,,Fee Schedule,105 percent of Medicaid APG. otherwise 105% of Ordered NYS MCD FS or 105% of ASP+6%,156.44,,,,,,,Fee Schedule,105 percent of Medicaid APG. otherwise 105% of Ordered NYS MCD FS or 105% of ASP+6%,156.44,,,,,,,Fee Schedule,105 percent of Medicaid APG. otherwise 105% of Ordered NYS MCD FS or 105% of ASP+6%,156.44,,,,,,,Fee Schedule,105 percent of Medicaid APG. otherwise 105% of Ordered NYS MCD FS or 105% of ASP+6%,156.44,,,,,,,Fee Schedule,105 percent of Medicaid APG. otherwise 105% of Ordered NYS MCD FS or 105% of ASP+6%,201.14,,,,,,,Fee Schedule,135 percent of Medicaid APG. otherwise 135% of Ordered NYS MCD FS or 135% of ASP+6%,201.14,,,,,,,Fee Schedule,135 percent of Medicaid APG. otherwise 135% of Ordered NYS MCD FS or 135% of ASP+6%,19.58,,,,,,,Fee Schedule,"100% RBRVS FS. ",380.97,,,,,,,Per Diem,853% of Medicare. Lesser of 100% of billed charges applies.,19.58,,,,,,,Fee Schedule,"100% RBRVS FS. ",156.44,,,,,,,Fee Schedule,105 percent of Medicaid APG. otherwise 105% of Ordered NYS MCD FS or 105% of ASP+6%,145.63,,,,,,,Fee Schedule,"758.1 % 2013 Manhattan Medicare. ",19.58,,,,,,,Fee Schedule,"100% RBRVS FS. ",145.63,,,,,,,Fee Schedule,"758.1 % 2013 Manhattan Medicare. ",145.63,,,,,,,Fee Schedule,"758.1 % 2013 Manhattan Medicare. ",145.63,,,,,,,Fee Schedule,"758.1 % 2013 Manhattan Medicare. ",156.44,,,,,,,Fee Schedule,105 percent of Medicaid APG. otherwise 105% of Ordered NYS MCD FS or 105% of ASP+6%,19.58,,,,,,,Fee Schedule,"100% RBRVS FS. ",145.63,,,,,,,Fee Schedule,"758.1 % 2013 Manhattan Medicare. ",201.14,,,,,,,Fee Schedule,135 percent of Medicaid APG. otherwise 135% of Ordered NYS MCD FS or 135% of ASP+6%,145.63,,,,,,,Fee Schedule,"758.1 % 2013 Manhattan Medicare. ",29.37,,,,,,,Fee Schedule,"150% of RBRVS. ",19.58,,,,,,,Fee Schedule,"100% RBRVS FS. ",42.49,,,,,,,Fee Schedule,"217 % Medicare RBRVS. ",42.49,,,,,,,Fee Schedule,"217 % Medicare RBRVS. ",42.49,,,,,,,Fee Schedule,"217 % Medicare RBRVS. ",42.49,,,,,,,Fee Schedule,"217 % Medicare RBRVS. ",42.49,,,,,,,Fee Schedule,"217 % Medicare RBRVS. ",49.93,,,,,,,Fee Schedule,"255 % Medicare RBRVS. ",49.93,,,,,,,Fee Schedule,"255 % Medicare RBRVS. ",42.49,,,,,,,Fee Schedule,"217 % Medicare RBRVS. ",42.49,,,,,,,Fee Schedule,"217 % Medicare RBRVS. ",42.49,,,,,,,Fee Schedule,"217 % Medicare RBRVS. ",42.49,,,,,,,Fee Schedule,"217 % Medicare RBRVS. ",42.49,,,,,,,Fee Schedule,"217 % Medicare RBRVS. ",19.58,,,,,,,Fee Schedule,"100% RBRVS FS. ",49.93,,,,,,,Fee Schedule,"255 % Medicare RBRVS. ",19.58,,,,,,,Fee Schedule,"100% RBRVS FS. ",335.23,,,,,,,Case Rate,"225 Percent of Medicaid APG. If not included in Medicaid APG, then 100 Percent of Manhattan Medicare",148.99,,,,,,,Case Rate,"100 Percent of Medicaid APG. ",380.97,,,,,,,Per Diem,853% of Medicare. Lesser of 100% of billed charges applies.,380.97,,,,,,,Per Diem,853% of Medicare. Lesser of 100% of billed charges applies.,19.58,,,,,,,Fee Schedule,"100% RBRVS FS. ",100.05,,,,,,,Fee Schedule,"511 % Medicare RBRVS. ",19.58,,,,,,,Fee Schedule,"100% RBRVS FS. ",19.58,,,,,,,Fee Schedule,"100% RBRVS FS. ",313,,,,,,,Per Diem,. Paid once per service date. Line level lesser of applies.,19.58,,,,,,,Fee Schedule,"100% RBRVS FS. ",393,,,,,,,Per Diem,. Paid once per unique code per service date and lesser of 100% of billed charges.,19.58,,,,,,,Fee Schedule,"100% RBRVS FS. ",393,,,,,,,Per Diem,. Paid once per unique code per service date and lesser of 100% of billed charges.,313,,,,,,,Per Diem,. Paid once per service date. Line level lesser of applies.,393,,,,,,,Per Diem,. Paid once per unique code per service date and lesser of 100% of billed charges.,19.58,,,,,,,Fee Schedule,"100% RBRVS FS. ",148.99,,,,,,,Case Rate,"100 Percent of Medicaid APG. ",19.58,,,,,,,Fee Schedule,"100% RBRVS FS. ",393,,,,,,,Per Diem,. Paid once per unique code per service date and lesser of 100% of billed charges.,380.97,,,,,,,Per Diem,853% of Medicare. Lesser of 100% of billed charges applies.,148.99,,,,,,,Case Rate,"100 Percent of Medicaid APG. ",145.63,,,,,,,Fee Schedule,"758.1 % 2013 Manhattan Medicare. ",178.79,,,,,,,Fee Schedule,"120 Percent of Medicaid APG. ",178.79,,,,,,,Fee Schedule,"120 Percent of Medicaid APG. ",145.63,,,,,,,Fee Schedule,"758.1 % 2013 Manhattan Medicare. ",145.63,,,,,,,Fee Schedule,"758.1 % 2013 Manhattan Medicare. ",145.63,,,,,,,Fee Schedule,"758.1 % 2013 Manhattan Medicare. ",380.97,,,,,,,Per Diem,853% of Medicare. Lesser of 100% of billed charges applies.,145.63,,,,,,,Fee Schedule,"758.1 % 2013 Manhattan Medicare. ",145.63,,,,,,,Fee Schedule,"758.1 % 2013 Manhattan Medicare. ",145.63,,,,,,,Fee Schedule,"758.1 % 2013 Manhattan Medicare. ",42.49,,,,,,,Fee Schedule,"217 % Medicare RBRVS. ",42.49,,,,,,,Fee Schedule,"217 % Medicare RBRVS. ",27.6,,,,,,,Fee Schedule,141 Percent of current Medicare RBRVS fee schedule. Metroplus will reimburse unlisted codes and described codes with no Medicare rate at 50 percent of charges.,148.99,,,,,,,Case Rate,"100 Percent of Medicaid APG. ",380.97,,,,,,,Per Diem,853% of Medicare. Lesser of 100% of billed charges applies.,393,,,,,,,Per Diem,. Paid once per unique code per service date and lesser of 100% of billed charges.,313,,,,,,,Per Diem,. Paid once per service date. Line level lesser of applies.,380.97,,,,,,,Per Diem,853% of Medicare. Lesser of 100% of billed charges applies.,313,,,,,,,Per Diem,. Paid once per service date. Line level lesser of applies.,380.97,,,,,,,Per Diem,853% of Medicare. Lesser of 100% of billed charges applies.,145.63,,,,,,,Fee Schedule,"758.1 % 2013 Manhattan Medicare. ",145.63,,,,,,,Fee Schedule,"758.1 % 2013 Manhattan Medicare. ",145.63,,,,,,,Fee Schedule,"758.1 % 2013 Manhattan Medicare. ",145.63,,,,,,,Fee Schedule,"758.1 % 2013 Manhattan Medicare. ",19.58,,,,,,,Fee Schedule,"100% RBRVS FS. ",17.93,596,
97598,CPT,,,490,RC,DBRDMT OPN WND ADDL 20CM/<,,,both,,,,70.64,,,,,,,Fee Schedule,"100 % 1199 Fee Schedule. ",70.64,,,,,,,Fee Schedule,"100 % 1199 Fee Schedule. ",6593,,,,,,,Case Rate,". Primary procedure pays at 100%, secondary at 50%, all subsequent at 25%.  Lesser of applies when negotiated rates exceed charges less addons.",,100,,,,,0,percent of total billed charges,100 percent of billed charges. ; No services were performed during the 15 month look back period.,,,,,,,,Other,"Not Payable. ",6593,,,,,,,Case Rate,". Primary procedure pays at 100%, secondary at 50%, all subsequent at 25%.  Lesser of applies when negotiated rates exceed charges less addons.",6593,,,,,,,Case Rate,". Primary procedure pays at 100%, secondary at 50%, all subsequent at 25%.  Lesser of applies when negotiated rates exceed charges less addons.",6593,,,,,,,Case Rate,". Primary procedure pays at 100%, secondary at 50%, all subsequent at 25%.  Lesser of applies when negotiated rates exceed charges less addons.",2052.23,,,,,,,Case Rate,"100 Percent of Medicaid APG. ",1710.19,,,,,,,Case Rate,"100 Percent of Medicaid APG. ",,78,,,,,0,percent of total billed charges,78% of Billed Charges. Lesser of 100% of billed charges applies.; No services were performed during the 15 month look back period.,4923.38,,,,,,,Case Rate,". MPL 100/50/25% all add ons apply, and lesser of 100% of billed charges",1710.19,,,,,,,Case Rate,"100 Percent of Medicaid APG. ",,,,,,,,Other,"Not Payable. ",524,,,,,,,Per Diem,. Paid once per unique code per service date and lesser of 100% of billed charges.,524,,,,,,,Per Diem,. Paid once per unique code per service date and lesser of 100% of billed charges.,524,,,,,,,Per Diem,. Paid once per unique code per service date and lesser of 100% of billed charges.,524,,,,,,,Per Diem,. Paid once per unique code per service date and lesser of 100% of billed charges.,24.22,,,,,,,Fee schedule,90 Percent of Medicare RBRVS. Covered services not payable under Medicaid Fee Schedules default to a payment of 50 percent of charges.,,,,,,,,Other,"Not Payable. ",24.22,,,,,,,Fee schedule,90 Percent of Medicare RBRVS. Covered services not payable under Medicaid Fee Schedules default to a payment of 50 percent of charges.,,78,,,,,0,percent of total billed charges,78% of Billed Charges. Lesser of 100% of billed charges applies.; No services were performed during the 15 month look back period.,6593,,,,,,,Case Rate,". Primary procedure pays at 100%, secondary at 50%, all subsequent at 25%.  Lesser of applies when negotiated rates exceed charges less addons.",,,,,,,,Other,"Not Payable. ",8427,,,,,,,Case Rate,". Primary procedure pays at 100%, all subsequent at 50%.",,,,,,,,Other,"Not Payable. ",,,,,,,,Other,"Not Payable. ",,78,,,,,0,percent of total billed charges,78% of Billed Charges. Lesser of 100% of billed charges applies.; No services were performed during the 15 month look back period.,24.22,,,,,,,Fee Schedule,90 Percent of Medicare RBRVS. Lesser of 100% of billed charges applies.,24.22,,,,,,,Fee Schedule,90 Percent of Medicare RBRVS. Lesser of 100% of billed charges applies.,24.22,,,,,,,Fee schedule,"90 Percent of Medicare RBRVS. ",24.22,,,,,,,Fee schedule,"90 Percent of Medicare RBRVS. ",8427,,,,,,,Case Rate,". Primary procedure pays at 100%, all subsequent at 50%.",8427,,,,,,,Case Rate,". Primary procedure pays at 100%, all subsequent at 50%.",1710.19,,,,,,,Case Rate,"100 Percent of Medicaid APG. Not APG payable, or payable under another fee schedule like ASP/AWP pays at 30% of charges",8427,,,,,,,Case Rate,". Primary procedure pays at 100%, all subsequent at 50%.",1710.19,,,,,,,Case Rate,"100 Percent of Medicaid APG. Not APG payable, or payable under another fee schedule like ASP/AWP pays at 30% of charges",,,,,,,,Other,"Not Payable. ",8427,,,,,,,Case Rate,". Primary procedure pays at 100%, all subsequent at 50%.",,78,,,,,0,percent of total billed charges,78% of Billed Charges. Lesser of 100% of billed charges applies.; No services were performed during the 15 month look back period.,1710.19,,,,,,,Case Rate,"100 Percent of Medicaid APG. ",1710.19,,,,,,,Case Rate,"100 Percent of Medicaid APG. ",,78,,,,,0,percent of total billed charges,78% of Billed Charges. Lesser of 100% of billed charges applies.; No services were performed during the 15 month look back period.,524,,,,,,,Per Diem,. Paid once per unique code per service date and lesser of 100% of billed charges.,4500,,,,,,,Case Rate,". MPL 100/50/25% all add ons apply, and lesser of 100% of billed charges",4500,,,,,,,Case Rate,". MPL 100/50/25% all add ons apply, and lesser of 100% of billed charges",,78,,,,,0,percent of total billed charges,78% of Billed Charges. Lesser of 100% of billed charges applies.; No services were performed during the 15 month look back period.,,,,,,,,Other,"Not Payable. ",4923.38,,,,,,,Case Rate,". MPL 100/50/25% all add ons apply, and lesser of 100% of billed charges",4923.38,,,,,,,Case Rate,". MPL 100/50/25% all add ons apply, and lesser of 100% of billed charges",4923.38,,,,,,,Case Rate,". MPL 100/50/25% all add ons apply, and lesser of 100% of billed charges",,,,,,,,Other,"Not Payable. ",4923.38,,,,,,,Case Rate,". MPL 100/50/25% all add ons apply, and lesser of 100% of billed charges",4923.38,,,,,,,Case Rate,". MPL 100/50/25% all add ons apply, and lesser of 100% of billed charges",,,,,,,,Other,"Not Payable. ",25798,,,,,,,Case Rate,". MPL 100/75/50% all add ons apply, and lesser of 100% of billed charges",4100,,,,,,,Case Rate,". MPL 100/50/25% all add ons apply, and lesser of 100% of billed charges",4100,,,,,,,Case Rate,". MPL 100/50/25% all add ons apply, and lesser of 100% of billed charges",4100,,,,,,,Case Rate,". MPL 100/50/25% all add ons apply, and lesser of 100% of billed charges",4100,,,,,,,Case Rate,". MPL 100/50/25% all add ons apply, and lesser of 100% of billed charges",4100,,,,,,,Case Rate,". MPL 100/50/25% all add ons apply, and lesser of 100% of billed charges",4100,,,,,,,Case Rate,". MPL 100/50/25% all add ons apply, and lesser of 100% of billed charges",,,,,,,,Other,"Not Payable. ",,,,,,,,Other,"Not Payable. ",4100,,,,,,,Case Rate,". MPL 100/50/25% all add ons apply, and lesser of 100% of billed charges",,78,,,,,0,percent of total billed charges,78% of Billed Charges. Lesser of 100% of billed charges applies.; No services were performed during the 15 month look back period.,,78,,,,,0,percent of total billed charges,78% of Billed Charges. Lesser of 100% of billed charges applies.; No services were performed during the 15 month look back period.,,78,,,,,0,percent of total billed charges,78% of Billed Charges. Lesser of 100% of billed charges applies.; No services were performed during the 15 month look back period.,,78,,,,,0,percent of total billed charges,78% of Billed Charges. Lesser of 100% of billed charges applies.; No services were performed during the 15 month look back period.,,78,,,,,0,percent of total billed charges,78% of Billed Charges. Lesser of 100% of billed charges applies.; No services were performed during the 15 month look back period.,,78,,,,,0,percent of total billed charges,78% of Billed Charges. Lesser of 100% of billed charges applies.; No services were performed during the 15 month look back period.,,78,,,,,0,percent of total billed charges,78% of Billed Charges. Lesser of 100% of billed charges applies.; No services were performed during the 15 month look back period.,,78,,,,,0,percent of total billed charges,78% of Billed Charges. Lesser of 100% of billed charges applies.; No services were performed during the 15 month look back period.,,78,,,,,0,percent of total billed charges,78% of Billed Charges. Lesser of 100% of billed charges applies.; No services were performed during the 15 month look back period.,,78,,,,,0,percent of total billed charges,78% of Billed Charges. Lesser of 100% of billed charges applies.; No services were performed during the 15 month look back period.,,78,,,,,0,percent of total billed charges,78% of Billed Charges. Lesser of 100% of billed charges applies.; No services were performed during the 15 month look back period.,,78,,,,,0,percent of total billed charges,78% of Billed Charges. Lesser of 100% of billed charges applies.; No services were performed during the 15 month look back period.,,78,,,,,0,percent of total billed charges,78% of Billed Charges. Lesser of 100% of billed charges applies.; No services were performed during the 15 month look back period.,,78,,,,,0,percent of total billed charges,78% of Billed Charges. Lesser of 100% of billed charges applies.; No services were performed during the 15 month look back period.,,78,,,,,0,percent of total billed charges,78% of Billed Charges. Lesser of 100% of billed charges applies.; No services were performed during the 15 month look back period.,,78,,,,,0,percent of total billed charges,78% of Billed Charges. Lesser of 100% of billed charges applies.; No services were performed during the 15 month look back period.,,78,,,,,0,percent of total billed charges,78% of Billed Charges. Lesser of 100% of billed charges applies.; No services were performed during the 15 month look back period.,,78,,,,,0,percent of total billed charges,78% of Billed Charges. Lesser of 100% of billed charges applies.; No services were performed during the 15 month look back period.,,78,,,,,0,percent of total billed charges,78% of Billed Charges. Lesser of 100% of billed charges applies.; No services were performed during the 15 month look back period.,,78,,,,,0,percent of total billed charges,78% of Billed Charges. Lesser of 100% of billed charges applies.; No services were performed during the 15 month look back period.,,78,,,,,0,percent of total billed charges,78% of Billed Charges. Lesser of 100% of billed charges applies.; No services were performed during the 15 month look back period.,,78,,,,,0,percent of total billed charges,78% of Billed Charges. Lesser of 100% of billed charges applies.; No services were performed during the 15 month look back period.,,78,,,,,0,percent of total billed charges,78% of Billed Charges. Lesser of 100% of billed charges applies.; No services were performed during the 15 month look back period.,,78,,,,,0,percent of total billed charges,78% of Billed Charges. Lesser of 100% of billed charges applies.; No services were performed during the 15 month look back period.,,78,,,,,0,percent of total billed charges,78% of Billed Charges. Lesser of 100% of billed charges applies.; No services were performed during the 15 month look back period.,,78,,,,,0,percent of total billed charges,78% of Billed Charges. Lesser of 100% of billed charges applies.; No services were performed during the 15 month look back period.,8427,,,,,,,Case Rate,". Primary procedure pays at 100%, all subsequent at 50%.",8427,,,,,,,Case Rate,". Primary procedure pays at 100%, all subsequent at 50%.",8427,,,,,,,Case Rate,". Primary procedure pays at 100%, all subsequent at 50%.",8427,,,,,,,Case Rate,". Primary procedure pays at 100%, all subsequent at 50%.",12574,,,,,,,Case Rate,". Primary procedure pays at 100%, all subsequent at 50%.",12574,,,,,,,Case Rate,". Primary procedure pays at 100%, all subsequent at 50%.",524,,,,,,,Per Diem,. Paid once per unique code per service date and lesser of 100% of billed charges.,4100,,,,,,,Case Rate,". MPL 100/50/25% all add ons apply, and lesser of 100% of billed charges",4923.38,,,,,,,Case Rate,". MPL 100/50/25% all add ons apply, and lesser of 100% of billed charges",4100,,,,,,,Case Rate,". MPL 100/50/25% all add ons apply, and lesser of 100% of billed charges",,78,,,,,0,percent of total billed charges,78% of Billed Charges. Lesser of 100% of billed charges applies.; No services were performed during the 15 month look back period.,12574,,,,,,,Case Rate,". Primary procedure pays at 100%, all subsequent at 50%.",4100,,,,,,,Case Rate,". MPL 100/50/25% all add ons apply, and lesser of 100% of billed charges",4923.38,,,,,,,Case Rate,". MPL 100/50/25% all add ons apply, and lesser of 100% of billed charges",524,,,,,,,Per Diem,. Paid once per unique code per service date and lesser of 100% of billed charges.,,,,,,,,,"NA. ",,78,,,,,0,percent of total billed charges,78% of Billed Charges. Lesser of 100% of billed charges applies.; No services were performed during the 15 month look back period.,1710.19,,,,,,,Case Rate,"100 Percent of Medicaid APG. ",8427,,,,,,,Case Rate,". Primary procedure pays at 100%, all subsequent at 50%.",1710.19,,,,,,,Case Rate,"100 Percent of Medicaid APG. Not APG payable, or payable under another fee schedule like ASP/AWP pays at 30% of charges",,,,,,,,Other,"Not Payable. ",,,,,,,,Other,"Not Payable. ",25798,,,,,,,Case Rate,". MPL 100/75/50% all add ons apply, and lesser of 100% of billed charges",,,,,,,,Other,"Not Payable. ",,,,,,,,Other,"Not Payable. ",1710.19,,,,,,,Case Rate,"100 Percent of Medicaid APG. ",,,,,,,,Other,"Not Payable. ",,,,,,,,Other,"Not Payable. ",6593,,,,,,,Case Rate,". Primary procedure pays at 100%, secondary at 50%, all subsequent at 25%.  Lesser of applies when negotiated rates exceed charges less addons.",6593,,,,,,,Case Rate,". Primary procedure pays at 100%, secondary at 50%, all subsequent at 25%.  Lesser of applies when negotiated rates exceed charges less addons.",,,,,,,,Other,"Not Payable. ",524,,,,,,,Per Diem,. Paid once per unique code per service date and lesser of 100% of billed charges.,4923.38,,,,,,,Case Rate,". MPL 100/50/25% all add ons apply, and lesser of 100% of billed charges",4923.38,,,,,,,Case Rate,". MPL 100/50/25% all add ons apply, and lesser of 100% of billed charges",,,,,,,,Other,"Not Payable. ",524,,,,,,,Per Diem,. Paid once per unique code per service date and lesser of 100% of billed charges.,6593,,,,,,,Case Rate,". Primary procedure pays at 100%, secondary at 50%, all subsequent at 25%.  Lesser of applies when negotiated rates exceed charges less addons.",6593,,,,,,,Case Rate,". Primary procedure pays at 100%, secondary at 50%, all subsequent at 25%.  Lesser of applies when negotiated rates exceed charges less addons.",6593,,,,,,,Case Rate,". Primary procedure pays at 100%, secondary at 50%, all subsequent at 25%.  Lesser of applies when negotiated rates exceed charges less addons.",,78,,,,,0,percent of total billed charges,78% of Billed Charges. Lesser of 100% of billed charges applies.; No services were performed during the 15 month look back period.,,78,,,,,0,percent of total billed charges,78% of Billed Charges. Lesser of 100% of billed charges applies.; No services were performed during the 15 month look back period.,,78,,,,,0,percent of total billed charges,78% of Billed Charges. Lesser of 100% of billed charges applies.; No services were performed during the 15 month look back period.,,78,,,,,0,percent of total billed charges,78% of Billed Charges. Lesser of 100% of billed charges applies.; No services were performed during the 15 month look back period.,,78,,,,,0,percent of total billed charges,78% of Billed Charges. Lesser of 100% of billed charges applies.; No services were performed during the 15 month look back period.,,78,,,,,0,percent of total billed charges,78% of Billed Charges. Lesser of 100% of billed charges applies.; No services were performed during the 15 month look back period.,,78,,,,,0,percent of total billed charges,78% of Billed Charges. Lesser of 100% of billed charges applies.; No services were performed during the 15 month look back period.,,78,,,,,0,percent of total billed charges,78% of Billed Charges. Lesser of 100% of billed charges applies.; No services were performed during the 15 month look back period.,,78,,,,,0,percent of total billed charges,78% of Billed Charges. Lesser of 100% of billed charges applies.; No services were performed during the 15 month look back period.,,78,,,,,0,percent of total billed charges,78% of Billed Charges. Lesser of 100% of billed charges applies.; No services were performed during the 15 month look back period.,,78,,,,,0,percent of total billed charges,78% of Billed Charges. Lesser of 100% of billed charges applies.; No services were performed during the 15 month look back period.,12574,,,,,,,Case Rate,". Primary procedure pays at 100%, all subsequent at 50%.",4100,,,,,,,Case Rate,". MPL 100/50/25% all add ons apply, and lesser of 100% of billed charges",524,,,,,,,Per Diem,. Paid once per unique code per service date and lesser of 100% of billed charges.,,,,,,,,Other,"Not Payable. ",6593,,,,,,,Case Rate,". Primary procedure pays at 100%, secondary at 50%, all subsequent at 25%.  Lesser of applies when negotiated rates exceed charges less addons.",524,,,,,,,Per Diem,. Paid once per unique code per service date and lesser of 100% of billed charges.,524,,,,,,,Per Diem,. Paid once per unique code per service date and lesser of 100% of billed charges.,,78,,,,,0,percent of total billed charges,78% of Billed Charges. Lesser of 100% of billed charges applies.; No services were performed during the 15 month look back period.,3659.81,,,,,,,Case Rate,"141 Percent of current Medicare RBRVS FeeSched. ",524,,,,,,,Per Diem,. Paid once per unique code per service date and lesser of 100% of billed charges.,1710.19,,,,,,,Case Rate,"100 Percent of Medicaid APG. ",,,,,,,,Other,"Not Payable. ",,,,,,,,Other,"Not Payable. ",,,,,,,,Other,"Not Payable. ",,,,,,,,Other,"Not Payable. ",,,,,,,,Other,"Not Payable. ",,,,,,,,Other,"Not Payable. ",524,,,,,,,Per Diem,. Paid once per unique code per service date and lesser of 100% of billed charges.,25798,,,,,,,Case Rate,". MPL 100/75/50% all add ons apply, and lesser of 100% of billed charges",43.06,,,,,,,Fee Schedule,"160 Percent of Medicare RBRVS. ",43.06,,,,,,,Fee Schedule,"160 Percent of Medicare RBRVS. ",43.06,,,,,,,Fee Schedule,"160 Percent of Medicare RBRVS. ",43.06,,,,,,,Fee Schedule,"160 Percent of Medicare RBRVS. ",43.06,,,,,,,Fee Schedule,"160 Percent of Medicare RBRVS. ",,,,,,,,,"NA. ",25798,,,,,,,Case Rate,". MPL 100/75/50% all add ons apply, and lesser of 100% of billed charges",,,,,,,,Fee Schedule,"Not Payable. ",,,,,,,,Fee Schedule,"Not Payable. ",,,,,,,,Fee Schedule,"Not Payable. ",,,,,,,,Fee Schedule,"Not Payable. ",,,,,,,,Fee Schedule,"Not Payable. ",,,,,,,,Other,"Not Payable. ",12574,,,,,,,Case Rate,". Primary procedure pays at 100%, all subsequent at 50%.",12574,,,,,,,Case Rate,". Primary procedure pays at 100%, all subsequent at 50%.",12574,,,,,,,Case Rate,". Primary procedure pays at 100%, all subsequent at 50%.",12574,,,,,,,Case Rate,". Primary procedure pays at 100%, all subsequent at 50%.",6593,,,,,,,Case Rate,". Primary procedure pays at 100%, secondary at 50%, all subsequent at 25%.  Lesser of applies when negotiated rates exceed charges less addons.",6593,,,,,,,Case Rate,". Primary procedure pays at 100%, secondary at 50%, all subsequent at 25%.  Lesser of applies when negotiated rates exceed charges less addons.",6593,,,,,,,Case Rate,". Primary procedure pays at 100%, secondary at 50%, all subsequent at 25%.  Lesser of applies when negotiated rates exceed charges less addons.",6593,,,,,,,Case Rate,". Primary procedure pays at 100%, secondary at 50%, all subsequent at 25%.  Lesser of applies when negotiated rates exceed charges less addons.",25798,,,,,,,Case Rate,". MPL 100/75/50% all add ons apply, and lesser of 100% of billed charges",25798,,,,,,,Case Rate,". MPL 100/75/50% all add ons apply, and lesser of 100% of billed charges",,,,,,,,Other,"Not Payable. ",,,,,,,,Other,"Not Payable. ",,,,,,,,Other,"Not Payable. ",4100,,,,,,,Case Rate,". MPL 100/50/25% all add ons apply, and lesser of 100% of billed charges",4100,,,,,,,Case Rate,". MPL 100/50/25% all add ons apply, and lesser of 100% of billed charges",4100,,,,,,,Case Rate,". MPL 100/50/25% all add ons apply, and lesser of 100% of billed charges",25798,,,,,,,Case Rate,". MPL 100/75/50% all add ons apply, and lesser of 100% of billed charges",6593,,,,,,,Case Rate,". Primary procedure pays at 100%, secondary at 50%, all subsequent at 25%.  Lesser of applies when negotiated rates exceed charges less addons.",,,,,,,,Other,"Not Payable. ",4100,,,,,,,Case Rate,". MPL 100/50/25% all add ons apply, and lesser of 100% of billed charges",1710.19,,,,,,,Case Rate,"100 Percent of Medicaid APG. ",,,,,,,,Other,"Not Payable. ",,,,,,,,Other,"Not Payable. ",,,,,,,,Other,"Not Payable. ",24.22,,,,,,,Fee schedule,"90 Percent of Medicare RBRVS. ",3847.93,,,,,,,Fee Schedule,225% of NYS APG. Lesser of 100% of billed charges applies.,3847.93,,,,,,,Fee Schedule,225% of NYS APG. Lesser of 100% of billed charges applies.,3847.93,,,,,,,Fee Schedule,225% of NYS APG. Lesser of 100% of billed charges applies.,3847.93,,,,,,,Fee Schedule,225% of NYS APG. Lesser of 100% of billed charges applies.,3847.93,,,,,,,Fee Schedule,225% of NYS APG. Lesser of 100% of billed charges applies.,,,,,,,,Other,"Not Payable. ",1710.19,,,,,,,Case Rate,"100 Percent of Medicaid APG. ",24.22,,,,,,,Fee Schedule,90 Percent of Medicare RBRVS. Lesser of 100% of billed charges applies.,3847.93,,,,,,,Fee Schedule,225% of NYS APG. Lesser of 100% of billed charges applies.,3847.93,,,,,,,Fee Schedule,225% of NYS APG. Lesser of 100% of billed charges applies.,24.22,,,,,,,Fee Schedule,90 Percent of Medicare RBRVS. Lesser of 100% of billed charges applies.,24.22,,,,,,,Fee Schedule,90 Percent of Medicare RBRVS. Lesser of 100% of billed charges applies.,43.06,,,,,,,Fee Schedule,"160 Percent of Medicare RBRVS. ",,,,,,,,Other,"Not Payable. ",,,,,,,,Other,"Not Payable. ",6593,,,,,,,Case Rate,". Primary procedure pays at 100%, secondary at 50%, all subsequent at 25%.  Lesser of applies when negotiated rates exceed charges less addons.",,,,,,,,Other,"Not Payable. ",3847.93,,,,,,,Fee Schedule,"225 Percent of Medicaid APG. ",3847.93,,,,,,,Fee Schedule,"225 Percent of Medicaid APG. ",24.22,,,,,,,Fee schedule,"90 Percent of Medicare RBRVS. ",24.22,,,,,,,Fee schedule,"90 Percent of Medicare RBRVS. ",3847.93,,,,,,,Case Rate,225 Percent of Medicaid APG. Covered services not payable under Medicaid Fee Schedules default to a payment of 87.5 percent of charges.,24.22,,,,,,,Fee schedule,90 Percent of Medicare RBRVS. Covered services not payable under Medicaid Fee Schedules default to a payment of 50 percent of charges.,3847.93,,,,,,,Case Rate,"100 Percent of Medicaid APG. ",3847.93,,,,,,,Case Rate,"100 Percent of Medicaid APG. ",3847.93,,,,,,,Case Rate,"100 Percent of Medicaid APG. ",3847.93,,,,,,,Case Rate,"100 Percent of Medicaid APG. ",13453,,,,,,,Case Rate,". MPL 100/75/50% all add ons apply, and lesser of 100% of billed charges",25798,,,,,,,Case Rate,". MPL 100/75/50% all add ons apply, and lesser of 100% of billed charges",2052.23,,,,,,,Case Rate,"120 Percent of Medicaid APG. Not APG payable, or payable under another fee schedule like ASP/AWP pays at 30% of charges",2052.23,,,,,,,Case Rate,"120 Percent of Medicaid APG. Not APG payable, or payable under another fee schedule like ASP/AWP pays at 30% of charges",1710.19,,,,,,,Case Rate,"100 Percent of Medicaid APG. Not APG payable, or payable under another fee schedule like ASP/AWP pays at 30% of charges",1710.19,,,,,,,Case Rate,"100 Percent of Medicaid APG. Not APG payable, or payable under another fee schedule like ASP/AWP pays at 30% of charges",4100,,,,,,,Case Rate,". MPL 100/50/25% all add ons apply, and lesser of 100% of billed charges",4100,,,,,,,Case Rate,". MPL 100/50/25% all add ons apply, and lesser of 100% of billed charges",,,,,,,,Other,"Not Payable. ",4100,,,,,,,Case Rate,". MPL 100/50/25% all add ons apply, and lesser of 100% of billed charges",4100,,,,,,,Case Rate,". MPL 100/50/25% all add ons apply, and lesser of 100% of billed charges",4100,,,,,,,Case Rate,". MPL 100/50/25% all add ons apply, and lesser of 100% of billed charges",4100,,,,,,,Case Rate,". MPL 100/50/25% all add ons apply, and lesser of 100% of billed charges",,,,,,,,Other,"Not Payable. ",4100,,,,,,,Case Rate,". MPL 100/50/25% all add ons apply, and lesser of 100% of billed charges",4100,,,,,,,Case Rate,". MPL 100/50/25% all add ons apply, and lesser of 100% of billed charges",6593,,,,,,,Case Rate,". Primary procedure pays at 100%, secondary at 50%, all subsequent at 25%.  Lesser of applies when negotiated rates exceed charges less addons.",26.91,,,,,,,Fee Schedule,100% of RBRVS. Lesser of 100% of billed charges applies.,24.22,,,,,,,Fee schedule,90 Percent of Medicare RBRVS. Covered services not payable under Medicaid Fee Schedules default to a payment of 50 percent of charges.,3847.93,,,,,,,Fee Schedule,225% of NYS APG. Lesser of 100% of billed charges applies.,3847.93,,,,,,,Case Rate,225 Percent of Medicaid APG. Covered services not payable under Medicaid Fee Schedules default to a payment of 87.5 percent of charges.,24.22,,,,,,,Fee schedule,90 Percent of Medicare RBRVS. Covered services not payable under Medicaid Fee Schedules default to a payment of 50 percent of charges.,3847.93,,,,,,,Fee Schedule,225% of NYS APG. Lesser of 100% of billed charges applies.,3847.93,,,,,,,Fee Schedule,225% of NYS APG. Lesser of 100% of billed charges applies.,3847.93,,,,,,,Fee Schedule,225% of NYS APG. Lesser of 100% of billed charges applies.,3847.93,,,,,,,Fee Schedule,225% of NYS APG. Lesser of 100% of billed charges applies.,3847.93,,,,,,,Fee Schedule,225% of NYS APG. Lesser of 100% of billed charges applies.,3847.93,,,,,,,Fee Schedule,225% of NYS APG. Lesser of 100% of billed charges applies.,,,,,,,,,"NA. ",,,,,,,,,"NA. ",,,,,,,,,"NA. ",524,,,,,,,Per Diem,. Paid once per unique code per service date and lesser of 100% of billed charges.,,,,,,,,,"NA. ",,,,,,,,Other,"Not Payable. ",70.64,,,,,,,Fee Schedule,"100 % 1199 Fee Schedule. ",,,,,,,,Other,"Not Payable. ",,,,,,,,Other,"Not Payable. ",2052.23,,,,,,,Case Rate,"120 Percent of Medicaid APG. Not APG payable, or payable under another fee schedule like ASP/AWP pays at 30% of charges",2052.23,,,,,,,Case Rate,"120 Percent of Medicaid APG. Not APG payable, or payable under another fee schedule like ASP/AWP pays at 30% of charges",1710.19,,,,,,,Case Rate,"100 Percent of Medicaid APG. Not APG payable, or payable under another fee schedule like ASP/AWP pays at 30% of charges",1710.19,,,,,,,Case Rate,"100 Percent of Medicaid APG. Not APG payable, or payable under another fee schedule like ASP/AWP pays at 30% of charges",1710.19,,,,,,,Case Rate,"100 Percent of Medicaid APG. ",7163,,,,,,,Case Rate,". ",6593,,,,,,,Case Rate,". Primary procedure pays at 100%, secondary at 50%, all subsequent at 25%.  Lesser of applies when negotiated rates exceed charges less addons.",8427,,,,,,,Case Rate,". Primary procedure pays at 100%, all subsequent at 50%.",524,,,,,,,Per Diem,. Paid once per unique code per service date and lesser of 100% of billed charges.,,,,,,,,Other,"Not Payable. ",,,,,,,,Other,"Not Payable. ",,,,,,,,Other,"Not Payable. ",,,,,,,,Other,"Not Payable. ",,,,,,,,Other,"Not Payable. ",,,,,,,,Other,"Not Payable. ",,,,,,,,,"NA. ",3847.93,,,,,,,Fee Schedule,225% of NYS APG. Lesser of 100% of billed charges applies.,24.22,,,,,,,Fee Schedule,90 Percent of Medicare RBRVS. Lesser of 100% of billed charges applies.,4100,,,,,,,Case Rate,". MPL 100/50/25% all add ons apply, and lesser of 100% of billed charges",7163,,,,,,,Case Rate,". ",7163,,,,,,,Case Rate,". ",7163,,,,,,,Case Rate,". ",7163,,,,,,,Case Rate,". ",,,,,,,,Other,"Not Payable. ",1710.19,,,,,,,Case Rate,"100 Percent of Medicaid APG. ",4100,,,,,,,Case Rate,". MPL 100/50/25% all add ons apply, and lesser of 100% of billed charges",1710.19,,,,,,,Case Rate,"100 Percent of Medicaid APG. ",,,,,,,,Other,"Not Payable. ",1710.19,,,,,,,Case Rate,"100 Percent of Medicaid APG. ",,,,,,,,Other,"Not Payable. ",,,,,,,,Other,"Not Payable. ",1710.19,,,,,,,Case Rate,"100 Percent of Medicaid APG. ",1710.19,,,,,,,Case Rate,"100 Percent of Medicaid APG. ",7163,,,,,,,Case Rate,". ",524,,,,,,,Per Diem,. Paid once per unique code per service date and lesser of 100% of billed charges.,,78,,,,,0,percent of total billed charges,78% of Billed Charges. Lesser of 100% of billed charges applies.; No services were performed during the 15 month look back period.,4923.38,,,,,,,Case Rate,". MPL 100/50/25% all add ons apply, and lesser of 100% of billed charges",4923.38,,,,,,,Case Rate,". MPL 100/50/25% all add ons apply, and lesser of 100% of billed charges",6593,,,,,,,Case Rate,". Primary procedure pays at 100%, secondary at 50%, all subsequent at 25%.  Lesser of applies when negotiated rates exceed charges less addons.",25.79,,,,,,,Other,"Not Payable. ",12574,,,,,,,Case Rate,". Primary procedure pays at 100%, all subsequent at 50%.",12574,,,,,,,Case Rate,". Primary procedure pays at 100%, all subsequent at 50%.",3280,,,,,,,Case Rate,". MPL 100/50/25% all add ons apply, and lesser of 100% of billed charges",3280,,,,,,,Case Rate,". MPL 100/50/25% all add ons apply, and lesser of 100% of billed charges",,,,,,,,Other,"Not Payable. ",,,,,,,,Other,"Not Payable. ",,,,,,,,Other,"Not Payable. ",,,,,,,,Other,"Not Payable. ",4923.38,,,,,,,Case Rate,". MPL 100/50/25% all add ons apply, and lesser of 100% of billed charges",4100,,,,,,,Case Rate,". MPL 100/50/25% all add ons apply, and lesser of 100% of billed charges",4100,,,,,,,Case Rate,". MPL 100/50/25% all add ons apply, and lesser of 100% of billed charges",,,,,,,,Other,"Not Payable. ",3280,,,,,,,Case Rate,". MPL 100/50/25% all add ons apply, and lesser of 100% of billed charges",8427,,,,,,,Case Rate,". Primary procedure pays at 100%, all subsequent at 50%.",2052.23,,,,,,,Fee Schedule,"120 Percent of Medicaid APG. ",1710.19,,,,,,,Case Rate,"100 Percent of Medicaid APG. ",7163,,,,,,,Case Rate,". ",3690,,,,,,,Case Rate,". MPL 100/50/25% all add ons apply, and lesser of 100% of billed charges",3690,,,,,,,Case Rate,". MPL 100/50/25% all add ons apply, and lesser of 100% of billed charges",4100,,,,,,,Case Rate,". MPL 100/50/25% all add ons apply, and lesser of 100% of billed charges",14948,,,,,,,Case Rate,". MPL 100/75/50% all add ons apply, and lesser of 100% of billed charges",,,,,,,,Other,"Not Payable. ",1795.7,,,,,,,Fee Schedule,105 percent of Medicaid APG. otherwise 105% of Ordered NYS MCD FS or 105% of ASP+6%,1795.7,,,,,,,Fee Schedule,105 percent of Medicaid APG. otherwise 105% of Ordered NYS MCD FS or 105% of ASP+6%,1795.7,,,,,,,Fee Schedule,105 percent of Medicaid APG. otherwise 105% of Ordered NYS MCD FS or 105% of ASP+6%,2308.76,,,,,,,Fee Schedule,135 percent of Medicaid APG. otherwise 135% of Ordered NYS MCD FS or 135% of ASP+6%,4923.38,,,,,,,Case Rate,". MPL 100/50/25% all add ons apply, and lesser of 100% of billed charges",1795.7,,,,,,,Fee Schedule,105 percent of Medicaid APG. otherwise 105% of Ordered NYS MCD FS or 105% of ASP+6%,1795.7,,,,,,,Fee Schedule,105 percent of Medicaid APG. otherwise 105% of Ordered NYS MCD FS or 105% of ASP+6%,1795.7,,,,,,,Fee Schedule,105 percent of Medicaid APG. otherwise 105% of Ordered NYS MCD FS or 105% of ASP+6%,1795.7,,,,,,,Fee Schedule,105 percent of Medicaid APG. otherwise 105% of Ordered NYS MCD FS or 105% of ASP+6%,1795.7,,,,,,,Fee Schedule,105 percent of Medicaid APG. otherwise 105% of Ordered NYS MCD FS or 105% of ASP+6%,2308.76,,,,,,,Fee Schedule,135 percent of Medicaid APG. otherwise 135% of Ordered NYS MCD FS or 135% of ASP+6%,2308.76,,,,,,,Fee Schedule,135 percent of Medicaid APG. otherwise 135% of Ordered NYS MCD FS or 135% of ASP+6%,,,,,,,,Other,"Not Payable. ",4923.38,,,,,,,Case Rate,". MPL 100/50/25% all add ons apply, and lesser of 100% of billed charges",,,,,,,,Other,"Not Payable. ",1795.7,,,,,,,Fee Schedule,105 percent of Medicaid APG. otherwise 105% of Ordered NYS MCD FS or 105% of ASP+6%,4100,,,,,,,Case Rate,". MPL 100/50/25% all add ons apply, and lesser of 100% of billed charges",,,,,,,,Other,"Not Payable. ",4100,,,,,,,Case Rate,". MPL 100/50/25% all add ons apply, and lesser of 100% of billed charges",4100,,,,,,,Case Rate,". MPL 100/50/25% all add ons apply, and lesser of 100% of billed charges",4100,,,,,,,Case Rate,". MPL 100/50/25% all add ons apply, and lesser of 100% of billed charges",1795.7,,,,,,,Fee Schedule,105 percent of Medicaid APG. otherwise 105% of Ordered NYS MCD FS or 105% of ASP+6%,,,,,,,,Other,"Not Payable. ",4100,,,,,,,Case Rate,". MPL 100/50/25% all add ons apply, and lesser of 100% of billed charges",2308.76,,,,,,,Fee Schedule,135 percent of Medicaid APG. otherwise 135% of Ordered NYS MCD FS or 135% of ASP+6%,4100,,,,,,,Case Rate,". MPL 100/50/25% all add ons apply, and lesser of 100% of billed charges",,,,,,,,Other,"Not Payable. ",,,,,,,,Other,"Not Payable. ",7163,,,,,,,Case Rate,". ",7163,,,,,,,Case Rate,". ",7163,,,,,,,Case Rate,". ",7163,,,,,,,Case Rate,". ",7163,,,,,,,Case Rate,". ",8427,,,,,,,Case Rate,". Primary procedure pays at 100%, all subsequent at 50%.",8427,,,,,,,Case Rate,". Primary procedure pays at 100%, all subsequent at 50%.",7163,,,,,,,Case Rate,". ",7163,,,,,,,Case Rate,". ",7163,,,,,,,Case Rate,". ",7163,,,,,,,Case Rate,". ",7163,,,,,,,Case Rate,". ",,,,,,,,Other,"Not Payable. ",8427,,,,,,,Case Rate,". Primary procedure pays at 100%, all subsequent at 50%.",,,,,,,,Other,"Not Payable. ",3847.93,,,,,,,Case Rate,"225 Percent of Medicaid APG. If not included in Medicaid APG, then 100 Percent of Manhattan Medicare",1710.19,,,,,,,Case Rate,"100 Percent of Medicaid APG. ",4923.38,,,,,,,Case Rate,". MPL 100/50/25% all add ons apply, and lesser of 100% of billed charges",4923.38,,,,,,,Case Rate,". MPL 100/50/25% all add ons apply, and lesser of 100% of billed charges",,,,,,,,Other,"Not Payable. ",12574,,,,,,,Case Rate,". Primary procedure pays at 100%, all subsequent at 50%.",,,,,,,,Other,"Not Payable. ",,,,,,,,Other,"Not Payable. ",6593,,,,,,,Case Rate,". Primary procedure pays at 100%, secondary at 50%, all subsequent at 25%.  Lesser of applies when negotiated rates exceed charges less addons.",,,,,,,,Other,"Not Payable. ",524,,,,,,,Per Diem,. Paid once per unique code per service date and lesser of 100% of billed charges.,,,,,,,,Other,"Not Payable. ",524,,,,,,,Per Diem,. Paid once per unique code per service date and lesser of 100% of billed charges.,6593,,,,,,,Case Rate,". Primary procedure pays at 100%, secondary at 50%, all subsequent at 25%.  Lesser of applies when negotiated rates exceed charges less addons.",524,,,,,,,Per Diem,. Paid once per unique code per service date and lesser of 100% of billed charges.,,,,,,,,Other,"Not Payable. ",1710.19,,,,,,,Case Rate,"100 Percent of Medicaid APG. ",,,,,,,,Other,"Not Payable. ",524,,,,,,,Per Diem,. Paid once per unique code per service date and lesser of 100% of billed charges.,4923.38,,,,,,,Case Rate,". MPL 100/50/25% all add ons apply, and lesser of 100% of billed charges",1710.19,,,,,,,Case Rate,"100 Percent of Medicaid APG. ",4100,,,,,,,Case Rate,". MPL 100/50/25% all add ons apply, and lesser of 100% of billed charges",2052.23,,,,,,,Fee Schedule,"120 Percent of Medicaid APG. ",2052.23,,,,,,,Fee Schedule,"120 Percent of Medicaid APG. ",4100,,,,,,,Case Rate,". MPL 100/50/25% all add ons apply, and lesser of 100% of billed charges",4100,,,,,,,Case Rate,". MPL 100/50/25% all add ons apply, and lesser of 100% of billed charges",4100,,,,,,,Case Rate,". MPL 100/50/25% all add ons apply, and lesser of 100% of billed charges",4923.38,,,,,,,Case Rate,". MPL 100/50/25% all add ons apply, and lesser of 100% of billed charges",4100,,,,,,,Case Rate,". MPL 100/50/25% all add ons apply, and lesser of 100% of billed charges",4100,,,,,,,Case Rate,". MPL 100/50/25% all add ons apply, and lesser of 100% of billed charges",4100,,,,,,,Case Rate,". MPL 100/50/25% all add ons apply, and lesser of 100% of billed charges",7163,,,,,,,Case Rate,". ",7163,,,,,,,Case Rate,". ",,,,,,,,Fee Schedule,"Not Payable. ",1710.19,,,,,,,Case Rate,"100 Percent of Medicaid APG. ",4923.38,,,,,,,Case Rate,". MPL 100/50/25% all add ons apply, and lesser of 100% of billed charges",524,,,,,,,Per Diem,. Paid once per unique code per service date and lesser of 100% of billed charges.,6593,,,,,,,Case Rate,". Primary procedure pays at 100%, secondary at 50%, all subsequent at 25%.  Lesser of applies when negotiated rates exceed charges less addons.",4923.38,,,,,,,Case Rate,". MPL 100/50/25% all add ons apply, and lesser of 100% of billed charges",6593,,,,,,,Case Rate,". Primary procedure pays at 100%, secondary at 50%, all subsequent at 25%.  Lesser of applies when negotiated rates exceed charges less addons.",4923.38,,,,,,,Case Rate,". MPL 100/50/25% all add ons apply, and lesser of 100% of billed charges",4100,,,,,,,Case Rate,". MPL 100/50/25% all add ons apply, and lesser of 100% of billed charges",4100,,,,,,,Case Rate,". MPL 100/50/25% all add ons apply, and lesser of 100% of billed charges",4100,,,,,,,Case Rate,". MPL 100/50/25% all add ons apply, and lesser of 100% of billed charges",4100,,,,,,,Case Rate,". MPL 100/50/25% all add ons apply, and lesser of 100% of billed charges",,,,,,,,Other,"Not Payable. ",24.22,25798,
98970,CPT,2027160,LOCAL,780,RC,HC QNHP OL DIGITAL ASSMT&MGMT EST PT <7 D 5-10 MIN,14.42,2.7398,both,,,,7.21,50,,,,,0,percent of total billed charges,50% of Billed Charges. Lesser of 100% of billed charges applies.; No services were performed during the 15 month look back period.,7.21,50,,,,,0,percent of total billed charges,50% of Billed Charges. Lesser of 100% of billed charges applies.; No services were performed during the 15 month look back period.,8.652,60,,,,,0,percent of total billed charges,60 percent of billed charges; No services were performed during the 15 month look back period.,14.42,100,,,,,0,percent of total billed charges,100 percent of billed charges. ; No services were performed during the 15 month look back period.,12.54,,,,,,,Fee Schedule,"100% RBRVS FS. ",8.652,60,,,,,0,percent of total billed charges,60 percent of billed charges; No services were performed during the 15 month look back period.,8.652,60,,,,,0,percent of total billed charges,60 percent of billed charges; No services were performed during the 15 month look back period.,8.652,60,,,,,0,percent of total billed charges,60 percent of billed charges; No services were performed during the 15 month look back period.,11.3,,,,,,,Fee Schedule,"100 Percent of Medicaid APG. ",9.42,,,,,,,Fee Schedule,"100 Percent of Medicaid APG. ",11.2476,78,,,,,0,percent of total billed charges,78% of Billed Charges. Lesser of 100% of billed charges applies.; No services were performed during the 15 month look back period.,103.41,,,,,,,Fee Schedule,". ",9.42,,,,,,,Fee Schedule,"100 Percent of Medicaid APG. ",12.54,,,,,,,Fee Schedule,"100% RBRVS FS. ",8.652,60,,,,,0,percent of total billed charges,60 percent of billed charges; No services were performed during the 15 month look back period.,8.652,60,,,,,0,percent of total billed charges,60 percent of billed charges; No services were performed during the 15 month look back period.,8.652,60,,,,,0,percent of total billed charges,60 percent of billed charges; No services were performed during the 15 month look back period.,8.652,60,,,,,0,percent of total billed charges,60 percent of billed charges; No services were performed during the 15 month look back period.,9.42,,,,,,,Case rate,124 Percent of Medicaid APG. Covered services not payable under Medicaid Fee Schedules default to a payment of 50 percent of charges.,12.54,,,,,,,Fee Schedule,"100% RBRVS FS. ",9.42,,,,,,,Case rate,124 Percent of Medicaid APG. Covered services not payable under Medicaid Fee Schedules default to a payment of 50 percent of charges.,11.2476,78,,,,,0,percent of total billed charges,78% of Billed Charges. Lesser of 100% of billed charges applies.; No services were performed during the 15 month look back period.,8.652,60,,,,,0,percent of total billed charges,60 percent of billed charges; No services were performed during the 15 month look back period.,12.54,,,,,,,Fee Schedule,"100% RBRVS FS. ",10.5266,73,,,,,0,percent of total billed charges,73 percent of billed charges; No services were performed during the 15 month look back period.,12.54,,,,,,,Fee Schedule,"100% RBRVS FS. ",12.54,,,,,,,Fee Schedule,"100% RBRVS FS. ",11.2476,78,,,,,0,percent of total billed charges,78% of Billed Charges. Lesser of 100% of billed charges applies.; No services were performed during the 15 month look back period.,11.45,,,,,,,Fee Schedule,90 Percent of Medicare RBRVS. Lesser of 100% of billed charges applies.,11.45,,,,,,,Fee Schedule,90 Percent of Medicare RBRVS. Lesser of 100% of billed charges applies.,11.45,,,,,,,Fee schedule,"90 Percent of Medicare RBRVS. ",11.45,,,,,,,Fee schedule,"90 Percent of Medicare RBRVS. ",10.5266,73,,,,,0,percent of total billed charges,73 percent of billed charges; No services were performed during the 15 month look back period.,10.5266,73,,,,,0,percent of total billed charges,73 percent of billed charges; No services were performed during the 15 month look back period.,9.42,,,,,,,Fee Schedule,"100 Percent of Medicaid APG. Not APG payable, or payable under another fee schedule like ASP/AWP pays at 30% of charges",10.5266,73,,,,,0,percent of total billed charges,73 percent of billed charges; No services were performed during the 15 month look back period.,9.42,,,,,,,Fee Schedule,"100 Percent of Medicaid APG. Not APG payable, or payable under another fee schedule like ASP/AWP pays at 30% of charges",12.54,,,,,,,Fee Schedule,"100% RBRVS FS. ",10.5266,73,,,,,0,percent of total billed charges,73 percent of billed charges; No services were performed during the 15 month look back period.,11.2476,78,,,,,0,percent of total billed charges,78% of Billed Charges. Lesser of 100% of billed charges applies.; No services were performed during the 15 month look back period.,9.42,,,,,,,Fee Schedule,"100 Percent of Medicaid APG. ",9.42,,,,,,,Fee Schedule,"100 Percent of Medicaid APG. ",11.2476,78,,,,,0,percent of total billed charges,78% of Billed Charges. Lesser of 100% of billed charges applies.; No services were performed during the 15 month look back period.,8.652,60,,,,,0,percent of total billed charges,60 percent of billed charges; No services were performed during the 15 month look back period.,105.23,,,,,,,Fee Schedule,". ",105.23,,,,,,,Fee Schedule,". ",11.2476,78,,,,,0,percent of total billed charges,78% of Billed Charges. Lesser of 100% of billed charges applies.; No services were performed during the 15 month look back period.,12.54,,,,,,,Fee Schedule,"100% RBRVS FS. ",103.41,,,,,,,Fee Schedule,". ",103.41,,,,,,,Fee Schedule,". ",103.41,,,,,,,Fee Schedule,". ",12.54,,,,,,,Fee Schedule,"100% RBRVS FS. ",103.41,,,,,,,Fee Schedule,". ",103.41,,,,,,,Fee Schedule,". ",12.54,,,,,,,Fee Schedule,"100% of RBRVS. ",7.21,50,,,,,0,percent of total billed charges,50 percent of billed charges; No services were performed during the 15 month look back period.,9.373,65,,,,,0,percent of total billed charges,65% of Billed Charges. Lesser of 100% of billed charges applies.; No services were performed during the 15 month look back period.,9.373,65,,,,,0,percent of total billed charges,65% of Billed Charges. Lesser of 100% of billed charges applies.; No services were performed during the 15 month look back period.,9.373,65,,,,,0,percent of total billed charges,65% of Billed Charges. Lesser of 100% of billed charges applies.; No services were performed during the 15 month look back period.,9.373,65,,,,,0,percent of total billed charges,65% of Billed Charges. Lesser of 100% of billed charges applies.; No services were performed during the 15 month look back period.,9.373,65,,,,,0,percent of total billed charges,65% of Billed Charges. Lesser of 100% of billed charges applies.; No services were performed during the 15 month look back period.,9.373,65,,,,,0,percent of total billed charges,65% of Billed Charges. Lesser of 100% of billed charges applies.; No services were performed during the 15 month look back period.,12.54,,,,,,,Fee Schedule,"100% RBRVS FS. ",12.54,,,,,,,Fee Schedule,"100% RBRVS FS. ",9.373,65,,,,,0,percent of total billed charges,65% of Billed Charges. Lesser of 100% of billed charges applies.; No services were performed during the 15 month look back period.,11.2476,78,,,,,0,percent of total billed charges,78% of Billed Charges. Lesser of 100% of billed charges applies.; No services were performed during the 15 month look back period.,11.2476,78,,,,,0,percent of total billed charges,78% of Billed Charges. Lesser of 100% of billed charges applies.; No services were performed during the 15 month look back period.,11.2476,78,,,,,0,percent of total billed charges,78% of Billed Charges. Lesser of 100% of billed charges applies.; No services were performed during the 15 month look back period.,11.2476,78,,,,,0,percent of total billed charges,78% of Billed Charges. Lesser of 100% of billed charges applies.; No services were performed during the 15 month look back period.,11.2476,78,,,,,0,percent of total billed charges,78% of Billed Charges. Lesser of 100% of billed charges applies.; No services were performed during the 15 month look back period.,11.2476,78,,,,,0,percent of total billed charges,78% of Billed Charges. Lesser of 100% of billed charges applies.; No services were performed during the 15 month look back period.,11.2476,78,,,,,0,percent of total billed charges,78% of Billed Charges. Lesser of 100% of billed charges applies.; No services were performed during the 15 month look back period.,11.2476,78,,,,,0,percent of total billed charges,78% of Billed Charges. Lesser of 100% of billed charges applies.; No services were performed during the 15 month look back period.,11.2476,78,,,,,0,percent of total billed charges,78% of Billed Charges. Lesser of 100% of billed charges applies.; No services were performed during the 15 month look back period.,11.2476,78,,,,,0,percent of total billed charges,78% of Billed Charges. Lesser of 100% of billed charges applies.; No services were performed during the 15 month look back period.,11.2476,78,,,,,0,percent of total billed charges,78% of Billed Charges. Lesser of 100% of billed charges applies.; No services were performed during the 15 month look back period.,11.2476,78,,,,,0,percent of total billed charges,78% of Billed Charges. Lesser of 100% of billed charges applies.; No services were performed during the 15 month look back period.,11.2476,78,,,,,0,percent of total billed charges,78% of Billed Charges. Lesser of 100% of billed charges applies.; No services were performed during the 15 month look back period.,11.2476,78,,,,,0,percent of total billed charges,78% of Billed Charges. Lesser of 100% of billed charges applies.; No services were performed during the 15 month look back period.,11.2476,78,,,,,0,percent of total billed charges,78% of Billed Charges. Lesser of 100% of billed charges applies.; No services were performed during the 15 month look back period.,11.2476,78,,,,,0,percent of total billed charges,78% of Billed Charges. Lesser of 100% of billed charges applies.; No services were performed during the 15 month look back period.,11.2476,78,,,,,0,percent of total billed charges,78% of Billed Charges. Lesser of 100% of billed charges applies.; No services were performed during the 15 month look back period.,11.2476,78,,,,,0,percent of total billed charges,78% of Billed Charges. Lesser of 100% of billed charges applies.; No services were performed during the 15 month look back period.,11.2476,78,,,,,0,percent of total billed charges,78% of Billed Charges. Lesser of 100% of billed charges applies.; No services were performed during the 15 month look back period.,11.2476,78,,,,,0,percent of total billed charges,78% of Billed Charges. Lesser of 100% of billed charges applies.; No services were performed during the 15 month look back period.,11.2476,78,,,,,0,percent of total billed charges,78% of Billed Charges. Lesser of 100% of billed charges applies.; No services were performed during the 15 month look back period.,11.2476,78,,,,,0,percent of total billed charges,78% of Billed Charges. Lesser of 100% of billed charges applies.; No services were performed during the 15 month look back period.,11.2476,78,,,,,0,percent of total billed charges,78% of Billed Charges. Lesser of 100% of billed charges applies.; No services were performed during the 15 month look back period.,11.2476,78,,,,,0,percent of total billed charges,78% of Billed Charges. Lesser of 100% of billed charges applies.; No services were performed during the 15 month look back period.,11.2476,78,,,,,0,percent of total billed charges,78% of Billed Charges. Lesser of 100% of billed charges applies.; No services were performed during the 15 month look back period.,11.2476,78,,,,,0,percent of total billed charges,78% of Billed Charges. Lesser of 100% of billed charges applies.; No services were performed during the 15 month look back period.,10.5266,73,,,,,0,percent of total billed charges,73 percent of billed charges; No services were performed during the 15 month look back period.,10.5266,73,,,,,0,percent of total billed charges,73 percent of billed charges; No services were performed during the 15 month look back period.,10.5266,73,,,,,0,percent of total billed charges,73 percent of billed charges; No services were performed during the 15 month look back period.,10.5266,73,,,,,0,percent of total billed charges,73 percent of billed charges; No services were performed during the 15 month look back period.,11.536,80,,,,,0,percent of total billed charges,80 percent of billed charges; No services were performed during the 15 month look back period.,11.536,80,,,,,0,percent of total billed charges,80 percent of billed charges; No services were performed during the 15 month look back period.,8.652,60,,,,,0,percent of total billed charges,60 percent of billed charges; No services were performed during the 15 month look back period.,9.373,65,,,,,0,percent of total billed charges,65% of Billed Charges. Lesser of 100% of billed charges applies.; No services were performed during the 15 month look back period.,103.41,,,,,,,Fee Schedule,". ",9.373,65,,,,,0,percent of total billed charges,65% of Billed Charges. Lesser of 100% of billed charges applies.; No services were performed during the 15 month look back period.,11.2476,78,,,,,0,percent of total billed charges,78% of Billed Charges. Lesser of 100% of billed charges applies.; No services were performed during the 15 month look back period.,11.536,80,,,,,0,percent of total billed charges,80 percent of billed charges; No services were performed during the 15 month look back period.,9.373,65,,,,,0,percent of total billed charges,65% of Billed Charges. Lesser of 100% of billed charges applies.; No services were performed during the 15 month look back period.,103.41,,,,,,,Fee Schedule,". ",8.652,60,,,,,0,percent of total billed charges,60 percent of billed charges; No services were performed during the 15 month look back period.,,,,,,,,,"NA. ",11.2476,78,,,,,0,percent of total billed charges,78% of Billed Charges. Lesser of 100% of billed charges applies.; No services were performed during the 15 month look back period.,9.42,,,,,,,Fee Schedule,"100 Percent of Medicaid APG. ",10.5266,73,,,,,0,percent of total billed charges,73 percent of billed charges; No services were performed during the 15 month look back period.,9.42,,,,,,,Fee Schedule,"100 Percent of Medicaid APG. Not APG payable, or payable under another fee schedule like ASP/AWP pays at 30% of charges",12.54,,,,,,,Fee Schedule,"100% RBRVS FS. ",12.54,,,,,,,Fee Schedule,"100% RBRVS FS. ",7.21,50,,,,,0,percent of total billed charges,50 percent of billed charges; No services were performed during the 15 month look back period.,12.54,,,,,,,Fee Schedule,"100% RBRVS FS. ",12.54,,,,,,,Fee Schedule,"100% RBRVS FS. ",9.42,,,,,,,Fee Schedule,"100 Percent of Medicaid APG. ",12.54,,,,,,,Fee Schedule,"100% RBRVS FS. ",12.54,,,,,,,Fee Schedule,"100% RBRVS FS. ",8.652,60,,,,,0,percent of total billed charges,60 percent of billed charges; No services were performed during the 15 month look back period.,8.652,60,,,,,0,percent of total billed charges,60 percent of billed charges; No services were performed during the 15 month look back period.,12.54,,,,,,,Fee Schedule,"100% RBRVS FS. ",8.652,60,,,,,0,percent of total billed charges,60 percent of billed charges; No services were performed during the 15 month look back period.,103.41,,,,,,,Fee Schedule,". ",103.41,,,,,,,Fee Schedule,". ",12.54,,,,,,,Fee Schedule,"100% RBRVS FS. ",8.652,60,,,,,0,percent of total billed charges,60 percent of billed charges; No services were performed during the 15 month look back period.,8.652,60,,,,,0,percent of total billed charges,60 percent of billed charges; No services were performed during the 15 month look back period.,8.652,60,,,,,0,percent of total billed charges,60 percent of billed charges; No services were performed during the 15 month look back period.,8.652,60,,,,,0,percent of total billed charges,60 percent of billed charges; No services were performed during the 15 month look back period.,11.2476,78,,,,,0,percent of total billed charges,78% of Billed Charges. Lesser of 100% of billed charges applies.; No services were performed during the 15 month look back period.,11.2476,78,,,,,0,percent of total billed charges,78% of Billed Charges. Lesser of 100% of billed charges applies.; No services were performed during the 15 month look back period.,11.2476,78,,,,,0,percent of total billed charges,78% of Billed Charges. Lesser of 100% of billed charges applies.; No services were performed during the 15 month look back period.,11.2476,78,,,,,0,percent of total billed charges,78% of Billed Charges. Lesser of 100% of billed charges applies.; No services were performed during the 15 month look back period.,11.2476,78,,,,,0,percent of total billed charges,78% of Billed Charges. Lesser of 100% of billed charges applies.; No services were performed during the 15 month look back period.,11.2476,78,,,,,0,percent of total billed charges,78% of Billed Charges. Lesser of 100% of billed charges applies.; No services were performed during the 15 month look back period.,11.2476,78,,,,,0,percent of total billed charges,78% of Billed Charges. Lesser of 100% of billed charges applies.; No services were performed during the 15 month look back period.,11.2476,78,,,,,0,percent of total billed charges,78% of Billed Charges. Lesser of 100% of billed charges applies.; No services were performed during the 15 month look back period.,11.2476,78,,,,,0,percent of total billed charges,78% of Billed Charges. Lesser of 100% of billed charges applies.; No services were performed during the 15 month look back period.,11.2476,78,,,,,0,percent of total billed charges,78% of Billed Charges. Lesser of 100% of billed charges applies.; No services were performed during the 15 month look back period.,11.2476,78,,,,,0,percent of total billed charges,78% of Billed Charges. Lesser of 100% of billed charges applies.; No services were performed during the 15 month look back period.,11.536,80,,,,,0,percent of total billed charges,80 percent of billed charges; No services were performed during the 15 month look back period.,9.373,65,,,,,0,percent of total billed charges,65% of Billed Charges. Lesser of 100% of billed charges applies.; No services were performed during the 15 month look back period.,8.652,60,,,,,0,percent of total billed charges,60 percent of billed charges; No services were performed during the 15 month look back period.,12.54,,,,,,,Fee Schedule,"100% RBRVS FS. ",8.652,60,,,,,0,percent of total billed charges,60 percent of billed charges; No services were performed during the 15 month look back period.,8.652,60,,,,,0,percent of total billed charges,60 percent of billed charges; No services were performed during the 15 month look back period.,8.652,60,,,,,0,percent of total billed charges,60 percent of billed charges; No services were performed during the 15 month look back period.,11.2476,78,,,,,0,percent of total billed charges,78% of Billed Charges. Lesser of 100% of billed charges applies.; No services were performed during the 15 month look back period.,20.16,,,,,,,Fee Schedule,"214 Percent of Medicaid APG. Drugs not priced under APG, billed with revenue code 636 and not priced by Medicare ASP FeeSched will be reimbursed at 20% of charges.",8.652,60,,,,,0,percent of total billed charges,60 percent of billed charges; No services were performed during the 15 month look back period.,9.42,,,,,,,Fee Schedule,"100 Percent of Medicaid APG. ",12.54,,,,,,,Fee Schedule,"100% RBRVS FS. ",12.54,,,,,,,Fee Schedule,"100% RBRVS FS. ",12.54,,,,,,,Fee Schedule,"100% RBRVS FS. ",12.54,,,,,,,Fee Schedule,"100% RBRVS FS. ",12.54,,,,,,,Fee Schedule,"100% RBRVS FS. ",12.54,,,,,,,Fee Schedule,"100% RBRVS FS. ",8.652,60,,,,,0,percent of total billed charges,60 percent of billed charges; No services were performed during the 15 month look back period.,7.21,50,,,,,0,percent of total billed charges,50 percent of billed charges; No services were performed during the 15 month look back period.,16.96,,,,,,,Fee Schedule,"180 Percent of Medicaid APG. ",16.96,,,,,,,Fee Schedule,"180 Percent of Medicaid APG. ",16.96,,,,,,,Fee Schedule,"180 Percent of Medicaid APG. ",16.96,,,,,,,Fee Schedule,"180 Percent of Medicaid APG. ",16.96,,,,,,,Fee Schedule,"180 Percent of Medicaid APG. ",,,,,,,,,"NA. ",7.21,50,,,,,0,percent of total billed charges,50 percent of billed charges; No services were performed during the 15 month look back period.,17.68,,,,,,,Fee Schedule,141 Percent of current Medicare RBRVS fee schedule. Metroplus will reimburse unlisted codes and described codes with no Medicare rate at 50 percent of charges.,17.68,,,,,,,Fee Schedule,141 Percent of current Medicare RBRVS fee schedule. Metroplus will reimburse unlisted codes and described codes with no Medicare rate at 50 percent of charges.,17.68,,,,,,,Fee Schedule,141 Percent of current Medicare RBRVS fee schedule. Metroplus will reimburse unlisted codes and described codes with no Medicare rate at 50 percent of charges.,17.68,,,,,,,Fee Schedule,141 Percent of current Medicare RBRVS fee schedule. Metroplus will reimburse unlisted codes and described codes with no Medicare rate at 50 percent of charges.,17.68,,,,,,,Fee Schedule,141 Percent of current Medicare RBRVS fee schedule. Metroplus will reimburse unlisted codes and described codes with no Medicare rate at 50 percent of charges.,12.54,,,,,,,Fee Schedule,"100% RBRVS FS. ",11.536,80,,,,,0,percent of total billed charges,80 percent of billed charges; No services were performed during the 15 month look back period.,11.536,80,,,,,0,percent of total billed charges,80 percent of billed charges; No services were performed during the 15 month look back period.,11.536,80,,,,,0,percent of total billed charges,80 percent of billed charges; No services were performed during the 15 month look back period.,11.536,80,,,,,0,percent of total billed charges,80 percent of billed charges; No services were performed during the 15 month look back period.,8.652,60,,,,,0,percent of total billed charges,60 percent of billed charges; No services were performed during the 15 month look back period.,8.652,60,,,,,0,percent of total billed charges,60 percent of billed charges; No services were performed during the 15 month look back period.,8.652,60,,,,,0,percent of total billed charges,60 percent of billed charges; No services were performed during the 15 month look back period.,8.652,60,,,,,0,percent of total billed charges,60 percent of billed charges; No services were performed during the 15 month look back period.,7.21,50,,,,,0,percent of total billed charges,50 percent of billed charges; No services were performed during the 15 month look back period.,7.21,50,,,,,0,percent of total billed charges,50 percent of billed charges; No services were performed during the 15 month look back period.,12.54,,,,,,,Fee Schedule,"100% RBRVS FS. ",12.54,,,,,,,Fee Schedule,"100% RBRVS FS. ",12.54,,,,,,,Fee Schedule,"100% RBRVS FS. ",9.373,65,,,,,0,percent of total billed charges,65% of Billed Charges. Lesser of 100% of billed charges applies.; No services were performed during the 15 month look back period.,9.373,65,,,,,0,percent of total billed charges,65% of Billed Charges. Lesser of 100% of billed charges applies.; No services were performed during the 15 month look back period.,9.373,65,,,,,0,percent of total billed charges,65% of Billed Charges. Lesser of 100% of billed charges applies.; No services were performed during the 15 month look back period.,7.21,50,,,,,0,percent of total billed charges,50 percent of billed charges; No services were performed during the 15 month look back period.,8.652,60,,,,,0,percent of total billed charges,60 percent of billed charges; No services were performed during the 15 month look back period.,12.54,,,,,,,Fee Schedule,"100% RBRVS FS. ",9.373,65,,,,,0,percent of total billed charges,65% of Billed Charges. Lesser of 100% of billed charges applies.; No services were performed during the 15 month look back period.,9.42,,,,,,,Fee Schedule,"100 Percent of Medicaid APG. ",12.79,,,,,,,Fee Schedule,"102% of RBRVS. ",12.79,,,,,,,Fee Schedule,"102% of RBRVS. ",12.79,,,,,,,Fee Schedule,"102% of RBRVS. ",11.45,,,,,,,Fee schedule,"90 Percent of Medicare RBRVS. ",21.2,,,,,,,Fee Schedule,225% of NYS APG. Lesser of 100% of billed charges applies.,21.2,,,,,,,Fee Schedule,225% of NYS APG. Lesser of 100% of billed charges applies.,21.2,,,,,,,Fee Schedule,225% of NYS APG. Lesser of 100% of billed charges applies.,21.2,,,,,,,Fee Schedule,225% of NYS APG. Lesser of 100% of billed charges applies.,21.2,,,,,,,Fee Schedule,225% of NYS APG. Lesser of 100% of billed charges applies.,12.79,,,,,,,Fee Schedule,"102% of RBRVS. ",9.42,,,,,,,Fee Schedule,"100 Percent of Medicaid APG. ",11.45,,,,,,,Fee Schedule,90 Percent of Medicare RBRVS. Lesser of 100% of billed charges applies.,21.2,,,,,,,Fee Schedule,225% of NYS APG. Lesser of 100% of billed charges applies.,21.2,,,,,,,Fee Schedule,225% of NYS APG. Lesser of 100% of billed charges applies.,11.45,,,,,,,Fee Schedule,90 Percent of Medicare RBRVS. Lesser of 100% of billed charges applies.,11.45,,,,,,,Fee Schedule,90 Percent of Medicare RBRVS. Lesser of 100% of billed charges applies.,16.96,,,,,,,Fee Schedule,"180 Percent of Medicaid APG. ",12.54,,,,,,,Fee Schedule,"100% RBRVS FS. ",12.54,,,,,,,Fee Schedule,"100% RBRVS FS. ",8.652,60,,,,,0,percent of total billed charges,60 percent of billed charges; No services were performed during the 15 month look back period.,12.54,,,,,,,Fee Schedule,"100% RBRVS FS. ",21.2,,,,,,,Fee Schedule,"225 Percent of Medicaid APG. ",21.2,,,,,,,Fee Schedule,"225 Percent of Medicaid APG. ",11.45,,,,,,,Fee schedule,"90 Percent of Medicare RBRVS. ",11.45,,,,,,,Fee schedule,"90 Percent of Medicare RBRVS. ",,,,,,,,Case Rate,Not Payable. Covered services not payable under Medicaid Fee Schedules default to a payment of 87.5 percent of charges.,9.42,,,,,,,Case rate,124 Percent of Medicaid APG. Covered services not payable under Medicaid Fee Schedules default to a payment of 50 percent of charges.,21.2,,,,,,,Fee Schedule,"100 Percent of Medicaid APG. ",21.2,,,,,,,Fee Schedule,"100 Percent of Medicaid APG. ",21.2,,,,,,,Fee Schedule,"100 Percent of Medicaid APG. ",21.2,,,,,,,Fee Schedule,"100 Percent of Medicaid APG. ",,,,,,,,,,7.21,50,,,,,0,percent of total billed charges,50 percent of billed charges; No services were performed during the 15 month look back period.,11.3,,,,,,,Fee Schedule,"120 Percent of Medicaid APG. Not APG payable, or payable under another fee schedule like ASP/AWP pays at 30% of charges",11.3,,,,,,,Fee Schedule,"120 Percent of Medicaid APG. Not APG payable, or payable under another fee schedule like ASP/AWP pays at 30% of charges",9.42,,,,,,,Fee Schedule,"100 Percent of Medicaid APG. Not APG payable, or payable under another fee schedule like ASP/AWP pays at 30% of charges",9.42,,,,,,,Fee Schedule,"100 Percent of Medicaid APG. Not APG payable, or payable under another fee schedule like ASP/AWP pays at 30% of charges",9.373,65,,,,,0,percent of total billed charges,65% of Billed Charges. Lesser of 100% of billed charges applies.; No services were performed during the 15 month look back period.,9.373,65,,,,,0,percent of total billed charges,65% of Billed Charges. Lesser of 100% of billed charges applies.; No services were performed during the 15 month look back period.,12.54,,,,,,,Fee Schedule,"100% RBRVS FS. ",9.373,65,,,,,0,percent of total billed charges,65% of Billed Charges. Lesser of 100% of billed charges applies.; No services were performed during the 15 month look back period.,9.373,65,,,,,0,percent of total billed charges,65% of Billed Charges. Lesser of 100% of billed charges applies.; No services were performed during the 15 month look back period.,9.373,65,,,,,0,percent of total billed charges,65% of Billed Charges. Lesser of 100% of billed charges applies.; No services were performed during the 15 month look back period.,9.373,65,,,,,0,percent of total billed charges,65% of Billed Charges. Lesser of 100% of billed charges applies.; No services were performed during the 15 month look back period.,12.54,,,,,,,Fee Schedule,"100% RBRVS FS. ",9.373,65,,,,,0,percent of total billed charges,65% of Billed Charges. Lesser of 100% of billed charges applies.; No services were performed during the 15 month look back period.,9.373,65,,,,,0,percent of total billed charges,65% of Billed Charges. Lesser of 100% of billed charges applies.; No services were performed during the 15 month look back period.,8.652,60,,,,,0,percent of total billed charges,60 percent of billed charges; No services were performed during the 15 month look back period.,9.42,,,,,,,Fee Schedule,100% APG. Lesser of 100% of billed charges applies.,9.42,,,,,,,Case rate,124 Percent of Medicaid APG. Covered services not payable under Medicaid Fee Schedules default to a payment of 50 percent of charges.,21.2,,,,,,,Fee Schedule,225% of NYS APG. Lesser of 100% of billed charges applies.,,,,,,,,Case Rate,Not Payable. Covered services not payable under Medicaid Fee Schedules default to a payment of 87.5 percent of charges.,9.42,,,,,,,Case rate,124 Percent of Medicaid APG. Covered services not payable under Medicaid Fee Schedules default to a payment of 50 percent of charges.,21.2,,,,,,,Fee Schedule,225% of NYS APG. Lesser of 100% of billed charges applies.,21.2,,,,,,,Fee Schedule,225% of NYS APG. Lesser of 100% of billed charges applies.,21.2,,,,,,,Fee Schedule,225% of NYS APG. Lesser of 100% of billed charges applies.,21.2,,,,,,,Fee Schedule,225% of NYS APG. Lesser of 100% of billed charges applies.,21.2,,,,,,,Fee Schedule,225% of NYS APG. Lesser of 100% of billed charges applies.,21.2,,,,,,,Fee Schedule,225% of NYS APG. Lesser of 100% of billed charges applies.,,,,,,,,,"NA. ",,,,,,,,,"NA. ",,,,,,,,,"NA. ",8.652,60,,,,,0,percent of total billed charges,60 percent of billed charges; No services were performed during the 15 month look back period.,,,,,,,,,"NA. ",12.54,,,,,,,Fee Schedule,"100% RBRVS FS. ",7.21,50,,,,,0,percent of total billed charges,50% of Billed Charges. Lesser of 100% of billed charges applies.; No services were performed during the 15 month look back period.,12.54,,,,,,,Fee Schedule,"100% RBRVS FS. ",12.54,,,,,,,Fee Schedule,"100% RBRVS FS. ",11.3,,,,,,,Fee Schedule,"120 Percent of Medicaid APG. Not APG payable, or payable under another fee schedule like ASP/AWP pays at 30% of charges",11.3,,,,,,,Fee Schedule,"120 Percent of Medicaid APG. Not APG payable, or payable under another fee schedule like ASP/AWP pays at 30% of charges",9.42,,,,,,,Fee Schedule,"100 Percent of Medicaid APG. Not APG payable, or payable under another fee schedule like ASP/AWP pays at 30% of charges",9.42,,,,,,,Fee Schedule,"100 Percent of Medicaid APG. Not APG payable, or payable under another fee schedule like ASP/AWP pays at 30% of charges",9.42,,,,,,,Fee Schedule,"100 Percent of Medicaid APG. ",10.5266,73,,,,,0,percent of total billed charges,73 percent of billed charges; No services were performed during the 15 month look back period.,8.652,60,,,,,0,percent of total billed charges,60 percent of billed charges; No services were performed during the 15 month look back period.,10.5266,73,,,,,0,percent of total billed charges,73 percent of billed charges; No services were performed during the 15 month look back period.,8.652,60,,,,,0,percent of total billed charges,60 percent of billed charges; No services were performed during the 15 month look back period.,12.54,,,,,,,Fee Schedule,"100% RBRVS FS. ",12.54,,,,,,,Fee Schedule,"100% RBRVS FS. ",12.54,,,,,,,Fee Schedule,"100% RBRVS FS. ",12.54,,,,,,,Fee Schedule,"100% RBRVS FS. ",12.54,,,,,,,Fee Schedule,"100% RBRVS FS. ",12.54,,,,,,,Fee Schedule,"100% RBRVS FS. ",,,,,,,,,"NA. ",21.2,,,,,,,Fee Schedule,225% of NYS APG. Lesser of 100% of billed charges applies.,11.45,,,,,,,Fee Schedule,90 Percent of Medicare RBRVS. Lesser of 100% of billed charges applies.,9.373,65,,,,,0,percent of total billed charges,65% of Billed Charges. Lesser of 100% of billed charges applies.; No services were performed during the 15 month look back period.,10.5266,73,,,,,0,percent of total billed charges,73 percent of billed charges; No services were performed during the 15 month look back period.,10.5266,73,,,,,0,percent of total billed charges,73 percent of billed charges; No services were performed during the 15 month look back period.,10.5266,73,,,,,0,percent of total billed charges,73 percent of billed charges; No services were performed during the 15 month look back period.,10.5266,73,,,,,0,percent of total billed charges,73 percent of billed charges; No services were performed during the 15 month look back period.,12.54,,,,,,,Fee Schedule,"100% RBRVS FS. ",9.42,,,,,,,Fee Schedule,"100 Percent of Medicaid APG. ",9.373,65,,,,,0,percent of total billed charges,65% of Billed Charges. Lesser of 100% of billed charges applies.; No services were performed during the 15 month look back period.,9.42,,,,,,,Fee Schedule,"100 Percent of Medicaid APG. ",12.54,,,,,,,Fee Schedule,"100% RBRVS FS. ",9.42,,,,,,,Fee Schedule,"100 Percent of Medicaid APG. ",12.54,,,,,,,Fee Schedule,"100% RBRVS FS. ",12.54,,,,,,,Fee Schedule,"100% RBRVS FS. ",9.42,,,,,,,Fee Schedule,"100 Percent of Medicaid APG. ",9.42,,,,,,,Fee Schedule,"100 Percent of Medicaid APG. ",10.5266,73,,,,,0,percent of total billed charges,73 percent of billed charges; No services were performed during the 15 month look back period.,8.652,60,,,,,0,percent of total billed charges,60 percent of billed charges; No services were performed during the 15 month look back period.,11.2476,78,,,,,0,percent of total billed charges,78% of Billed Charges. Lesser of 100% of billed charges applies.; No services were performed during the 15 month look back period.,103.41,,,,,,,Fee Schedule,". ",103.41,,,,,,,Fee Schedule,". ",8.652,60,,,,,0,percent of total billed charges,60 percent of billed charges; No services were performed during the 15 month look back period.,12.29,,,,,,,Fee Schedule,"98% of RBRVS. ",11.536,80,,,,,0,percent of total billed charges,80 percent of billed charges; No services were performed during the 15 month look back period.,11.536,80,,,,,0,percent of total billed charges,80 percent of billed charges; No services were performed during the 15 month look back period.,7.4984,52,,,,,0,percent of total billed charges,52% of Billed Charges. Lesser of 100% of billed charges applies.; No services were performed during the 15 month look back period.,7.4984,52,,,,,0,percent of total billed charges,52% of Billed Charges. Lesser of 100% of billed charges applies.; No services were performed during the 15 month look back period.,12.54,,,,,,,Fee Schedule,"100% RBRVS FS. ",12.54,,,,,,,Fee Schedule,"100% RBRVS FS. ",12.54,,,,,,,Fee Schedule,"100% RBRVS FS. ",12.54,,,,,,,Fee Schedule,"100% RBRVS FS. ",103.41,,,,,,,Fee Schedule,". ",9.373,65,,,,,0,percent of total billed charges,65% of Billed Charges. Lesser of 100% of billed charges applies.; No services were performed during the 15 month look back period.,9.373,65,,,,,0,percent of total billed charges,65% of Billed Charges. Lesser of 100% of billed charges applies.; No services were performed during the 15 month look back period.,12.54,,,,,,,Fee Schedule,"100% RBRVS FS. ",7.4984,52,,,,,0,percent of total billed charges,52% of Billed Charges. Lesser of 100% of billed charges applies.; No services were performed during the 15 month look back period.,10.5266,73,,,,,0,percent of total billed charges,73 percent of billed charges; No services were performed during the 15 month look back period.,11.3,,,,,,,Fee Schedule,"120 Percent of Medicaid APG. ",9.42,,,,,,,Fee Schedule,"100 Percent of Medicaid APG. ",10.5266,73,,,,,0,percent of total billed charges,73 percent of billed charges; No services were performed during the 15 month look back period.,8.5078,59,,,,,0,percent of total billed charges,59% of Billed Charges. Lesser of 100% of billed charges applies.; No services were performed during the 15 month look back period.,8.5078,59,,,,,0,percent of total billed charges,59% of Billed Charges. Lesser of 100% of billed charges applies.; No services were performed during the 15 month look back period.,9.373,65,,,,,0,percent of total billed charges,65% of Billed Charges. Lesser of 100% of billed charges applies.; No services were performed during the 15 month look back period.,7.21,50,,,,,0,percent of total billed charges,50 percent of billed charges; No services were performed during the 15 month look back period.,12.54,,,,,,,Fee Schedule,"100% RBRVS FS. ",9.89,,,,,,,Fee Schedule,105 percent of Medicaid APG. otherwise 105% of Ordered NYS MCD FS or 105% of ASP+6%,9.89,,,,,,,Fee Schedule,105 percent of Medicaid APG. otherwise 105% of Ordered NYS MCD FS or 105% of ASP+6%,9.89,,,,,,,Fee Schedule,105 percent of Medicaid APG. otherwise 105% of Ordered NYS MCD FS or 105% of ASP+6%,12.72,,,,,,,Fee Schedule,135 percent of Medicaid APG. otherwise 135% of Ordered NYS MCD FS or 135% of ASP+6%,103.41,,,,,,,Fee Schedule,". ",9.89,,,,,,,Fee Schedule,105 percent of Medicaid APG. otherwise 105% of Ordered NYS MCD FS or 105% of ASP+6%,9.89,,,,,,,Fee Schedule,105 percent of Medicaid APG. otherwise 105% of Ordered NYS MCD FS or 105% of ASP+6%,9.89,,,,,,,Fee Schedule,105 percent of Medicaid APG. otherwise 105% of Ordered NYS MCD FS or 105% of ASP+6%,9.89,,,,,,,Fee Schedule,105 percent of Medicaid APG. otherwise 105% of Ordered NYS MCD FS or 105% of ASP+6%,9.89,,,,,,,Fee Schedule,105 percent of Medicaid APG. otherwise 105% of Ordered NYS MCD FS or 105% of ASP+6%,12.72,,,,,,,Fee Schedule,135 percent of Medicaid APG. otherwise 135% of Ordered NYS MCD FS or 135% of ASP+6%,12.72,,,,,,,Fee Schedule,135 percent of Medicaid APG. otherwise 135% of Ordered NYS MCD FS or 135% of ASP+6%,12.54,,,,,,,Fee Schedule,"100% RBRVS FS. ",103.41,,,,,,,Fee Schedule,". ",12.54,,,,,,,Fee Schedule,"100% RBRVS FS. ",9.89,,,,,,,Fee Schedule,105 percent of Medicaid APG. otherwise 105% of Ordered NYS MCD FS or 105% of ASP+6%,9.373,65,,,,,0,percent of total billed charges,65% of Billed Charges. Lesser of 100% of billed charges applies.; No services were performed during the 15 month look back period.,12.54,,,,,,,Fee Schedule,"100% RBRVS FS. ",9.373,65,,,,,0,percent of total billed charges,65% of Billed Charges. Lesser of 100% of billed charges applies.; No services were performed during the 15 month look back period.,9.373,65,,,,,0,percent of total billed charges,65% of Billed Charges. Lesser of 100% of billed charges applies.; No services were performed during the 15 month look back period.,9.373,65,,,,,0,percent of total billed charges,65% of Billed Charges. Lesser of 100% of billed charges applies.; No services were performed during the 15 month look back period.,9.89,,,,,,,Fee Schedule,105 percent of Medicaid APG. otherwise 105% of Ordered NYS MCD FS or 105% of ASP+6%,12.54,,,,,,,Fee Schedule,"100% RBRVS FS. ",9.373,65,,,,,0,percent of total billed charges,65% of Billed Charges. Lesser of 100% of billed charges applies.; No services were performed during the 15 month look back period.,12.72,,,,,,,Fee Schedule,135 percent of Medicaid APG. otherwise 135% of Ordered NYS MCD FS or 135% of ASP+6%,9.373,65,,,,,0,percent of total billed charges,65% of Billed Charges. Lesser of 100% of billed charges applies.; No services were performed during the 15 month look back period.,18.81,,,,,,,Fee Schedule,"150% of RBRVS. ",12.54,,,,,,,Fee Schedule,"100% RBRVS FS. ",10.5266,73,,,,,0,percent of total billed charges,73 percent of billed charges; No services were performed during the 15 month look back period.,10.5266,73,,,,,0,percent of total billed charges,73 percent of billed charges; No services were performed during the 15 month look back period.,10.5266,73,,,,,0,percent of total billed charges,73 percent of billed charges; No services were performed during the 15 month look back period.,10.5266,73,,,,,0,percent of total billed charges,73 percent of billed charges; No services were performed during the 15 month look back period.,10.5266,73,,,,,0,percent of total billed charges,73 percent of billed charges; No services were performed during the 15 month look back period.,10.5266,73,,,,,0,percent of total billed charges,73 percent of billed charges; No services were performed during the 15 month look back period.,10.5266,73,,,,,0,percent of total billed charges,73 percent of billed charges; No services were performed during the 15 month look back period.,10.5266,73,,,,,0,percent of total billed charges,73 percent of billed charges; No services were performed during the 15 month look back period.,10.5266,73,,,,,0,percent of total billed charges,73 percent of billed charges; No services were performed during the 15 month look back period.,10.5266,73,,,,,0,percent of total billed charges,73 percent of billed charges; No services were performed during the 15 month look back period.,10.5266,73,,,,,0,percent of total billed charges,73 percent of billed charges; No services were performed during the 15 month look back period.,10.5266,73,,,,,0,percent of total billed charges,73 percent of billed charges; No services were performed during the 15 month look back period.,12.54,,,,,,,Fee Schedule,"100% RBRVS FS. ",10.5266,73,,,,,0,percent of total billed charges,73 percent of billed charges; No services were performed during the 15 month look back period.,12.54,,,,,,,Fee Schedule,"100% RBRVS FS. ",21.2,,,,,,,Fee Schedule,"225 Percent of Medicaid APG. If not included in Medicaid APG, then 100 Percent of Manhattan Medicare",9.42,,,,,,,Fee Schedule,"100 Percent of Medicaid APG. ",103.41,,,,,,,Fee Schedule,". ",103.41,,,,,,,Fee Schedule,". ",12.54,,,,,,,Fee Schedule,"100% RBRVS FS. ",11.536,80,,,,,0,percent of total billed charges,80 percent of billed charges; No services were performed during the 15 month look back period.,12.54,,,,,,,Fee Schedule,"100% RBRVS FS. ",12.54,,,,,,,Fee Schedule,"100% RBRVS FS. ",8.652,60,,,,,0,percent of total billed charges,60 percent of billed charges; No services were performed during the 15 month look back period.,12.54,,,,,,,Fee Schedule,"100% RBRVS FS. ",8.652,60,,,,,0,percent of total billed charges,60 percent of billed charges; No services were performed during the 15 month look back period.,12.54,,,,,,,Fee Schedule,"100% RBRVS FS. ",8.652,60,,,,,0,percent of total billed charges,60 percent of billed charges; No services were performed during the 15 month look back period.,8.652,60,,,,,0,percent of total billed charges,60 percent of billed charges; No services were performed during the 15 month look back period.,8.652,60,,,,,0,percent of total billed charges,60 percent of billed charges; No services were performed during the 15 month look back period.,12.54,,,,,,,Fee Schedule,"100% RBRVS FS. ",9.42,,,,,,,Fee Schedule,"100 Percent of Medicaid APG. ",12.54,,,,,,,Fee Schedule,"100% RBRVS FS. ",8.652,60,,,,,0,percent of total billed charges,60 percent of billed charges; No services were performed during the 15 month look back period.,103.41,,,,,,,Fee Schedule,". ",9.42,,,,,,,Fee Schedule,"100 Percent of Medicaid APG. ",9.373,65,,,,,0,percent of total billed charges,65% of Billed Charges. Lesser of 100% of billed charges applies.; No services were performed during the 15 month look back period.,11.3,,,,,,,Fee Schedule,"120 Percent of Medicaid APG. ",11.3,,,,,,,Fee Schedule,"120 Percent of Medicaid APG. ",9.373,65,,,,,0,percent of total billed charges,65% of Billed Charges. Lesser of 100% of billed charges applies.; No services were performed during the 15 month look back period.,9.373,65,,,,,0,percent of total billed charges,65% of Billed Charges. Lesser of 100% of billed charges applies.; No services were performed during the 15 month look back period.,9.373,65,,,,,0,percent of total billed charges,65% of Billed Charges. Lesser of 100% of billed charges applies.; No services were performed during the 15 month look back period.,103.41,,,,,,,Fee Schedule,". ",9.373,65,,,,,0,percent of total billed charges,65% of Billed Charges. Lesser of 100% of billed charges applies.; No services were performed during the 15 month look back period.,9.373,65,,,,,0,percent of total billed charges,65% of Billed Charges. Lesser of 100% of billed charges applies.; No services were performed during the 15 month look back period.,9.373,65,,,,,0,percent of total billed charges,65% of Billed Charges. Lesser of 100% of billed charges applies.; No services were performed during the 15 month look back period.,10.5266,73,,,,,0,percent of total billed charges,73 percent of billed charges; No services were performed during the 15 month look back period.,10.5266,73,,,,,0,percent of total billed charges,73 percent of billed charges; No services were performed during the 15 month look back period.,17.68,,,,,,,Fee Schedule,141 Percent of current Medicare RBRVS fee schedule. Metroplus will reimburse unlisted codes and described codes with no Medicare rate at 50 percent of charges.,9.42,,,,,,,Fee Schedule,"100 Percent of Medicaid APG. ",103.41,,,,,,,Fee Schedule,". ",8.652,60,,,,,0,percent of total billed charges,60 percent of billed charges; No services were performed during the 15 month look back period.,8.652,60,,,,,0,percent of total billed charges,60 percent of billed charges; No services were performed during the 15 month look back period.,103.41,,,,,,,Fee Schedule,". ",8.652,60,,,,,0,percent of total billed charges,60 percent of billed charges; No services were performed during the 15 month look back period.,103.41,,,,,,,Fee Schedule,". ",9.373,65,,,,,0,percent of total billed charges,65% of Billed Charges. Lesser of 100% of billed charges applies.; No services were performed during the 15 month look back period.,9.373,65,,,,,0,percent of total billed charges,65% of Billed Charges. Lesser of 100% of billed charges applies.; No services were performed during the 15 month look back period.,9.373,65,,,,,0,percent of total billed charges,65% of Billed Charges. Lesser of 100% of billed charges applies.; No services were performed during the 15 month look back period.,9.373,65,,,,,0,percent of total billed charges,65% of Billed Charges. Lesser of 100% of billed charges applies.; No services were performed during the 15 month look back period.,12.54,,,,,,,Fee Schedule,"100% RBRVS FS. ",5.768,106.84,
99153,CPT,2025796,LOCAL,370,RC,HC MOD SED SAME PHYS/QHP EA,130.81,24.8539,both,,,,13,,,,,,,Fee Schedule,"100 % 1199 Fee Schedule. ",13,,,,,,,Fee Schedule,"100 % 1199 Fee Schedule. ",78.486,60,,,,,0,percent of total billed charges,60 percent of billed charges; No services were performed during the 15 month look back period.,130.81,100,,,,,0,percent of total billed charges,100 percent of billed charges. ; No services were performed during the 15 month look back period.,,,,,,,,Other,"Not Payable. ",78.486,60,,,,,0,percent of total billed charges,60 percent of billed charges; No services were performed during the 15 month look back period.,78.486,60,,,,,0,percent of total billed charges,60 percent of billed charges; No services were performed during the 15 month look back period.,78.486,60,,,,,0,percent of total billed charges,60 percent of billed charges; No services were performed during the 15 month look back period.,,,,,,,,Other,"100 Percent of Medicaid APG. ",,,,,,,,Other,"100 Percent of Medicaid APG. ",102.0318,78,,,,,0,percent of total billed charges,78% of Billed Charges. Lesser of 100% of billed charges applies.; No services were performed during the 15 month look back period.,94.99,,,,,,,Fee Schedule,". ",,,,,,,,Other,"100 Percent of Medicaid APG. ",,,,,,,,Other,"Not Payable. ",78.486,60,,,,,0,percent of total billed charges,60 percent of billed charges; No services were performed during the 15 month look back period.,78.486,60,,,,,0,percent of total billed charges,60 percent of billed charges; No services were performed during the 15 month look back period.,78.486,60,,,,,0,percent of total billed charges,60 percent of billed charges; No services were performed during the 15 month look back period.,78.486,60,,,,,0,percent of total billed charges,60 percent of billed charges; No services were performed during the 15 month look back period.,12.99,,,,,,,Fee schedule,90 Percent of Medicare RBRVS. Covered services not payable under Medicaid Fee Schedules default to a payment of 50 percent of charges.,,,,,,,,Other,"Not Payable. ",12.99,,,,,,,Fee schedule,90 Percent of Medicare RBRVS. Covered services not payable under Medicaid Fee Schedules default to a payment of 50 percent of charges.,102.0318,78,,,,,0,percent of total billed charges,78% of Billed Charges. Lesser of 100% of billed charges applies.; No services were performed during the 15 month look back period.,78.486,60,,,,,0,percent of total billed charges,60 percent of billed charges; No services were performed during the 15 month look back period.,,,,,,,,Other,"Not Payable. ",95.4913,73,,,,,0,percent of total billed charges,73 percent of billed charges; No services were performed during the 15 month look back period.,,,,,,,,Other,"Not Payable. ",,,,,,,,Other,"Not Payable. ",102.0318,78,,,,,0,percent of total billed charges,78% of Billed Charges. Lesser of 100% of billed charges applies.; No services were performed during the 15 month look back period.,12.99,,,,,,,Fee Schedule,90 Percent of Medicare RBRVS. Lesser of 100% of billed charges applies.,12.99,,,,,,,Fee Schedule,90 Percent of Medicare RBRVS. Lesser of 100% of billed charges applies.,12.99,,,,,,,Fee schedule,"90 Percent of Medicare RBRVS. ",12.99,,,,,,,Fee schedule,"90 Percent of Medicare RBRVS. ",95.4913,73,,,,,0,percent of total billed charges,73 percent of billed charges; No services were performed during the 15 month look back period.,95.4913,73,,,,,0,percent of total billed charges,73 percent of billed charges; No services were performed during the 15 month look back period.,,,,,,,,Other,"100 Percent of Medicaid APG. Not APG payable, or payable under another fee schedule like ASP/AWP pays at 30% of charges",95.4913,73,,,,,0,percent of total billed charges,73 percent of billed charges; No services were performed during the 15 month look back period.,,,,,,,,Other,"100 Percent of Medicaid APG. Not APG payable, or payable under another fee schedule like ASP/AWP pays at 30% of charges",,,,,,,,Other,"Not Payable. ",95.4913,73,,,,,0,percent of total billed charges,73 percent of billed charges; No services were performed during the 15 month look back period.,102.0318,78,,,,,0,percent of total billed charges,78% of Billed Charges. Lesser of 100% of billed charges applies.; No services were performed during the 15 month look back period.,,,,,,,,Other,"100 Percent of Medicaid APG. If not priced under APG, then Metroplus FeeSched",,,,,,,,Other,"100 Percent of Medicaid APG. If not priced under APG, then Metroplus FeeSched",102.0318,78,,,,,0,percent of total billed charges,78% of Billed Charges. Lesser of 100% of billed charges applies.; No services were performed during the 15 month look back period.,78.486,60,,,,,0,percent of total billed charges,60 percent of billed charges; No services were performed during the 15 month look back period.,96.64,,,,,,,Fee Schedule,". ",96.64,,,,,,,Fee Schedule,". ",102.0318,78,,,,,0,percent of total billed charges,78% of Billed Charges. Lesser of 100% of billed charges applies.; No services were performed during the 15 month look back period.,,,,,,,,Other,"Not Payable. ",94.99,,,,,,,Fee Schedule,". ",94.99,,,,,,,Fee Schedule,". ",94.99,,,,,,,Fee Schedule,". ",,,,,,,,Other,"Not Payable. ",94.99,,,,,,,Fee Schedule,". ",94.99,,,,,,,Fee Schedule,". ",,,,,,,,Other,"Not Payable. ",65.405,50,,,,,0,percent of total billed charges,50 percent of billed charges; No services were performed during the 15 month look back period.,85.0265,65,,,,,0,percent of total billed charges,65% of Billed Charges. Lesser of 100% of billed charges applies.; No services were performed during the 15 month look back period.,85.0265,65,,,,,0,percent of total billed charges,65% of Billed Charges. Lesser of 100% of billed charges applies.; No services were performed during the 15 month look back period.,85.0265,65,,,,,0,percent of total billed charges,65% of Billed Charges. Lesser of 100% of billed charges applies.; No services were performed during the 15 month look back period.,85.0265,65,,,,,0,percent of total billed charges,65% of Billed Charges. Lesser of 100% of billed charges applies.; No services were performed during the 15 month look back period.,85.0265,65,,,,,0,percent of total billed charges,65% of Billed Charges. Lesser of 100% of billed charges applies.; No services were performed during the 15 month look back period.,85.0265,65,,,,,0,percent of total billed charges,65% of Billed Charges. Lesser of 100% of billed charges applies.; No services were performed during the 15 month look back period.,,,,,,,,Other,"Not Payable. ",,,,,,,,Other,"Not Payable. ",85.0265,65,,,,,0,percent of total billed charges,65% of Billed Charges. Lesser of 100% of billed charges applies.; No services were performed during the 15 month look back period.,102.0318,78,,,,,0,percent of total billed charges,78% of Billed Charges. Lesser of 100% of billed charges applies.; No services were performed during the 15 month look back period.,102.0318,78,,,,,0,percent of total billed charges,78% of Billed Charges. Lesser of 100% of billed charges applies.; No services were performed during the 15 month look back period.,102.0318,78,,,,,0,percent of total billed charges,78% of Billed Charges. Lesser of 100% of billed charges applies.; No services were performed during the 15 month look back period.,102.0318,78,,,,,0,percent of total billed charges,78% of Billed Charges. Lesser of 100% of billed charges applies.; No services were performed during the 15 month look back period.,102.0318,78,,,,,0,percent of total billed charges,78% of Billed Charges. Lesser of 100% of billed charges applies.; No services were performed during the 15 month look back period.,102.0318,78,,,,,0,percent of total billed charges,78% of Billed Charges. Lesser of 100% of billed charges applies.; No services were performed during the 15 month look back period.,102.0318,78,,,,,0,percent of total billed charges,78% of Billed Charges. Lesser of 100% of billed charges applies.; No services were performed during the 15 month look back period.,102.0318,78,,,,,0,percent of total billed charges,78% of Billed Charges. Lesser of 100% of billed charges applies.; No services were performed during the 15 month look back period.,102.0318,78,,,,,0,percent of total billed charges,78% of Billed Charges. Lesser of 100% of billed charges applies.; No services were performed during the 15 month look back period.,102.0318,78,,,,,0,percent of total billed charges,78% of Billed Charges. Lesser of 100% of billed charges applies.; No services were performed during the 15 month look back period.,102.0318,78,,,,,0,percent of total billed charges,78% of Billed Charges. Lesser of 100% of billed charges applies.; No services were performed during the 15 month look back period.,102.0318,78,,,,,0,percent of total billed charges,78% of Billed Charges. Lesser of 100% of billed charges applies.; No services were performed during the 15 month look back period.,102.0318,78,,,,,0,percent of total billed charges,78% of Billed Charges. Lesser of 100% of billed charges applies.; No services were performed during the 15 month look back period.,102.0318,78,,,,,0,percent of total billed charges,78% of Billed Charges. Lesser of 100% of billed charges applies.; No services were performed during the 15 month look back period.,102.0318,78,,,,,0,percent of total billed charges,78% of Billed Charges. Lesser of 100% of billed charges applies.; No services were performed during the 15 month look back period.,102.0318,78,,,,,0,percent of total billed charges,78% of Billed Charges. Lesser of 100% of billed charges applies.; No services were performed during the 15 month look back period.,102.0318,78,,,,,0,percent of total billed charges,78% of Billed Charges. Lesser of 100% of billed charges applies.; No services were performed during the 15 month look back period.,102.0318,78,,,,,0,percent of total billed charges,78% of Billed Charges. Lesser of 100% of billed charges applies.; No services were performed during the 15 month look back period.,102.0318,78,,,,,0,percent of total billed charges,78% of Billed Charges. Lesser of 100% of billed charges applies.; No services were performed during the 15 month look back period.,102.0318,78,,,,,0,percent of total billed charges,78% of Billed Charges. Lesser of 100% of billed charges applies.; No services were performed during the 15 month look back period.,102.0318,78,,,,,0,percent of total billed charges,78% of Billed Charges. Lesser of 100% of billed charges applies.; No services were performed during the 15 month look back period.,102.0318,78,,,,,0,percent of total billed charges,78% of Billed Charges. Lesser of 100% of billed charges applies.; No services were performed during the 15 month look back period.,102.0318,78,,,,,0,percent of total billed charges,78% of Billed Charges. Lesser of 100% of billed charges applies.; No services were performed during the 15 month look back period.,102.0318,78,,,,,0,percent of total billed charges,78% of Billed Charges. Lesser of 100% of billed charges applies.; No services were performed during the 15 month look back period.,102.0318,78,,,,,0,percent of total billed charges,78% of Billed Charges. Lesser of 100% of billed charges applies.; No services were performed during the 15 month look back period.,102.0318,78,,,,,0,percent of total billed charges,78% of Billed Charges. Lesser of 100% of billed charges applies.; No services were performed during the 15 month look back period.,95.4913,73,,,,,0,percent of total billed charges,73 percent of billed charges; No services were performed during the 15 month look back period.,95.4913,73,,,,,0,percent of total billed charges,73 percent of billed charges; No services were performed during the 15 month look back period.,95.4913,73,,,,,0,percent of total billed charges,73 percent of billed charges; No services were performed during the 15 month look back period.,95.4913,73,,,,,0,percent of total billed charges,73 percent of billed charges; No services were performed during the 15 month look back period.,104.648,80,,,,,0,percent of total billed charges,80 percent of billed charges; No services were performed during the 15 month look back period.,104.648,80,,,,,0,percent of total billed charges,80 percent of billed charges; No services were performed during the 15 month look back period.,78.486,60,,,,,0,percent of total billed charges,60 percent of billed charges; No services were performed during the 15 month look back period.,85.0265,65,,,,,0,percent of total billed charges,65% of Billed Charges. Lesser of 100% of billed charges applies.; No services were performed during the 15 month look back period.,94.99,,,,,,,Fee Schedule,". ",85.0265,65,,,,,0,percent of total billed charges,65% of Billed Charges. Lesser of 100% of billed charges applies.; No services were performed during the 15 month look back period.,102.0318,78,,,,,0,percent of total billed charges,78% of Billed Charges. Lesser of 100% of billed charges applies.; No services were performed during the 15 month look back period.,104.648,80,,,,,0,percent of total billed charges,80 percent of billed charges; No services were performed during the 15 month look back period.,85.0265,65,,,,,0,percent of total billed charges,65% of Billed Charges. Lesser of 100% of billed charges applies.; No services were performed during the 15 month look back period.,94.99,,,,,,,Fee Schedule,". ",78.486,60,,,,,0,percent of total billed charges,60 percent of billed charges; No services were performed during the 15 month look back period.,,,,,,,,,"NA. ",102.0318,78,,,,,0,percent of total billed charges,78% of Billed Charges. Lesser of 100% of billed charges applies.; No services were performed during the 15 month look back period.,,,,,,,,Other,"100 Percent of Medicaid APG. ",95.4913,73,,,,,0,percent of total billed charges,73 percent of billed charges; No services were performed during the 15 month look back period.,,,,,,,,Other,"100 Percent of Medicaid APG. Not APG payable, or payable under another fee schedule like ASP/AWP pays at 30% of charges",,,,,,,,Other,"Not Payable. ",,,,,,,,Other,"Not Payable. ",65.405,50,,,,,0,percent of total billed charges,50 percent of billed charges; No services were performed during the 15 month look back period.,,,,,,,,Other,"Not Payable. ",,,,,,,,Other,"Not Payable. ",,,,,,,,Other,"100 Percent of Medicaid APG. ",,,,,,,,Other,"Not Payable. ",,,,,,,,Other,"Not Payable. ",78.486,60,,,,,0,percent of total billed charges,60 percent of billed charges; No services were performed during the 15 month look back period.,78.486,60,,,,,0,percent of total billed charges,60 percent of billed charges; No services were performed during the 15 month look back period.,,,,,,,,Other,"Not Payable. ",78.486,60,,,,,0,percent of total billed charges,60 percent of billed charges; No services were performed during the 15 month look back period.,94.99,,,,,,,Fee Schedule,". ",94.99,,,,,,,Fee Schedule,". ",,,,,,,,Other,"Not Payable. ",78.486,60,,,,,0,percent of total billed charges,60 percent of billed charges; No services were performed during the 15 month look back period.,78.486,60,,,,,0,percent of total billed charges,60 percent of billed charges; No services were performed during the 15 month look back period.,78.486,60,,,,,0,percent of total billed charges,60 percent of billed charges; No services were performed during the 15 month look back period.,78.486,60,,,,,0,percent of total billed charges,60 percent of billed charges; No services were performed during the 15 month look back period.,102.0318,78,,,,,0,percent of total billed charges,78% of Billed Charges. Lesser of 100% of billed charges applies.; No services were performed during the 15 month look back period.,102.0318,78,,,,,0,percent of total billed charges,78% of Billed Charges. Lesser of 100% of billed charges applies.; No services were performed during the 15 month look back period.,102.0318,78,,,,,0,percent of total billed charges,78% of Billed Charges. Lesser of 100% of billed charges applies.; No services were performed during the 15 month look back period.,102.0318,78,,,,,0,percent of total billed charges,78% of Billed Charges. Lesser of 100% of billed charges applies.; No services were performed during the 15 month look back period.,102.0318,78,,,,,0,percent of total billed charges,78% of Billed Charges. Lesser of 100% of billed charges applies.; No services were performed during the 15 month look back period.,102.0318,78,,,,,0,percent of total billed charges,78% of Billed Charges. Lesser of 100% of billed charges applies.; No services were performed during the 15 month look back period.,102.0318,78,,,,,0,percent of total billed charges,78% of Billed Charges. Lesser of 100% of billed charges applies.; No services were performed during the 15 month look back period.,102.0318,78,,,,,0,percent of total billed charges,78% of Billed Charges. Lesser of 100% of billed charges applies.; No services were performed during the 15 month look back period.,102.0318,78,,,,,0,percent of total billed charges,78% of Billed Charges. Lesser of 100% of billed charges applies.; No services were performed during the 15 month look back period.,102.0318,78,,,,,0,percent of total billed charges,78% of Billed Charges. Lesser of 100% of billed charges applies.; No services were performed during the 15 month look back period.,102.0318,78,,,,,0,percent of total billed charges,78% of Billed Charges. Lesser of 100% of billed charges applies.; No services were performed during the 15 month look back period.,104.648,80,,,,,0,percent of total billed charges,80 percent of billed charges; No services were performed during the 15 month look back period.,85.0265,65,,,,,0,percent of total billed charges,65% of Billed Charges. Lesser of 100% of billed charges applies.; No services were performed during the 15 month look back period.,78.486,60,,,,,0,percent of total billed charges,60 percent of billed charges; No services were performed during the 15 month look back period.,,,,,,,,Other,"Not Payable. ",78.486,60,,,,,0,percent of total billed charges,60 percent of billed charges; No services were performed during the 15 month look back period.,78.486,60,,,,,0,percent of total billed charges,60 percent of billed charges; No services were performed during the 15 month look back period.,78.486,60,,,,,0,percent of total billed charges,60 percent of billed charges; No services were performed during the 15 month look back period.,102.0318,78,,,,,0,percent of total billed charges,78% of Billed Charges. Lesser of 100% of billed charges applies.; No services were performed during the 15 month look back period.,,,,,,,,Other,"214 Percent of Medicaid APG. ",78.486,60,,,,,0,percent of total billed charges,60 percent of billed charges; No services were performed during the 15 month look back period.,,,,,,,,Other,"100 Percent of Medicaid APG. ",,,,,,,,Other,"Not Payable. ",,,,,,,,Other,"Not Payable. ",,,,,,,,Other,"Not Payable. ",,,,,,,,Other,"Not Payable. ",,,,,,,,Other,"Not Payable. ",,,,,,,,Other,"Not Payable. ",78.486,60,,,,,0,percent of total billed charges,60 percent of billed charges; No services were performed during the 15 month look back period.,65.405,50,,,,,0,percent of total billed charges,50 percent of billed charges; No services were performed during the 15 month look back period.,23.09,,,,,,,Fee Schedule,"160 Percent of Medicare RBRVS. ",23.09,,,,,,,Fee Schedule,"160 Percent of Medicare RBRVS. ",23.09,,,,,,,Fee Schedule,"160 Percent of Medicare RBRVS. ",23.09,,,,,,,Fee Schedule,"160 Percent of Medicare RBRVS. ",23.09,,,,,,,Fee Schedule,"160 Percent of Medicare RBRVS. ",,,,,,,,,"NA. ",65.405,50,,,,,0,percent of total billed charges,50 percent of billed charges; No services were performed during the 15 month look back period.,,,,,,,,Fee Schedule,"Not Payable. ",,,,,,,,Fee Schedule,"Not Payable. ",,,,,,,,Fee Schedule,"Not Payable. ",,,,,,,,Fee Schedule,"Not Payable. ",,,,,,,,Fee Schedule,"Not Payable. ",,,,,,,,Other,"Not Payable. ",104.648,80,,,,,0,percent of total billed charges,80 percent of billed charges; No services were performed during the 15 month look back period.,104.648,80,,,,,0,percent of total billed charges,80 percent of billed charges; No services were performed during the 15 month look back period.,104.648,80,,,,,0,percent of total billed charges,80 percent of billed charges; No services were performed during the 15 month look back period.,104.648,80,,,,,0,percent of total billed charges,80 percent of billed charges; No services were performed during the 15 month look back period.,78.486,60,,,,,0,percent of total billed charges,60 percent of billed charges; No services were performed during the 15 month look back period.,78.486,60,,,,,0,percent of total billed charges,60 percent of billed charges; No services were performed during the 15 month look back period.,78.486,60,,,,,0,percent of total billed charges,60 percent of billed charges; No services were performed during the 15 month look back period.,78.486,60,,,,,0,percent of total billed charges,60 percent of billed charges; No services were performed during the 15 month look back period.,65.405,50,,,,,0,percent of total billed charges,50 percent of billed charges; No services were performed during the 15 month look back period.,65.405,50,,,,,0,percent of total billed charges,50 percent of billed charges; No services were performed during the 15 month look back period.,,,,,,,,Other,"Not Payable. ",,,,,,,,Other,"Not Payable. ",,,,,,,,Other,"Not Payable. ",85.0265,65,,,,,0,percent of total billed charges,65% of Billed Charges. Lesser of 100% of billed charges applies.; No services were performed during the 15 month look back period.,85.0265,65,,,,,0,percent of total billed charges,65% of Billed Charges. Lesser of 100% of billed charges applies.; No services were performed during the 15 month look back period.,85.0265,65,,,,,0,percent of total billed charges,65% of Billed Charges. Lesser of 100% of billed charges applies.; No services were performed during the 15 month look back period.,65.405,50,,,,,0,percent of total billed charges,50 percent of billed charges; No services were performed during the 15 month look back period.,78.486,60,,,,,0,percent of total billed charges,60 percent of billed charges; No services were performed during the 15 month look back period.,,,,,,,,Other,"Not Payable. ",85.0265,65,,,,,0,percent of total billed charges,65% of Billed Charges. Lesser of 100% of billed charges applies.; No services were performed during the 15 month look back period.,,,,,,,,Other,"100 Percent of Medicaid APG. ",,,,,,,,Other,"Not Payable. ",,,,,,,,Other,"Not Payable. ",,,,,,,,Other,"Not Payable. ",12.99,,,,,,,Fee schedule,"90 Percent of Medicare RBRVS. ",,,,,,,,Fee Schedule,225% of NYS APG. Lesser of 100% of billed charges applies.,,,,,,,,Fee Schedule,225% of NYS APG. Lesser of 100% of billed charges applies.,,,,,,,,Fee Schedule,225% of NYS APG. Lesser of 100% of billed charges applies.,,,,,,,,Fee Schedule,225% of NYS APG. Lesser of 100% of billed charges applies.,,,,,,,,Fee Schedule,225% of NYS APG. Lesser of 100% of billed charges applies.,,,,,,,,Other,"Not Payable. ",,,,,,,,Other,"100 Percent of Medicaid APG. ",12.99,,,,,,,Fee Schedule,90 Percent of Medicare RBRVS. Lesser of 100% of billed charges applies.,,,,,,,,Fee Schedule,225% of NYS APG. Lesser of 100% of billed charges applies.,,,,,,,,Fee Schedule,225% of NYS APG. Lesser of 100% of billed charges applies.,12.99,,,,,,,Fee Schedule,90 Percent of Medicare RBRVS. Lesser of 100% of billed charges applies.,12.99,,,,,,,Fee Schedule,90 Percent of Medicare RBRVS. Lesser of 100% of billed charges applies.,23.09,,,,,,,Fee Schedule,"160 Percent of Medicare RBRVS. ",,,,,,,,Other,"Not Payable. ",,,,,,,,Other,"Not Payable. ",78.486,60,,,,,0,percent of total billed charges,60 percent of billed charges; No services were performed during the 15 month look back period.,,,,,,,,Other,"Not Payable. ",,,,,,,,Fee Schedule,"225 Percent of Medicaid APG. ",,,,,,,,Fee Schedule,"225 Percent of Medicaid APG. ",12.99,,,,,,,Fee schedule,"90 Percent of Medicare RBRVS. ",12.99,,,,,,,Fee schedule,"90 Percent of Medicare RBRVS. ",,,,,,,,Case Rate,Not Payable. Covered services not payable under Medicaid Fee Schedules default to a payment of 87.5 percent of charges.,12.99,,,,,,,Fee schedule,90 Percent of Medicare RBRVS. Covered services not payable under Medicaid Fee Schedules default to a payment of 50 percent of charges.,,,,,,,,Other,"100 Percent of Medicaid APG. ",,,,,,,,Other,"100 Percent of Medicaid APG. ",,,,,,,,Other,"100 Percent of Medicaid APG. ",,,,,,,,Other,"100 Percent of Medicaid APG. ",,,,,,,,,,65.405,50,,,,,0,percent of total billed charges,50 percent of billed charges; No services were performed during the 15 month look back period.,,,,,,,,Other,"120 Percent of Medicaid APG. Not APG payable, or payable under another fee schedule like ASP/AWP pays at 30% of charges",,,,,,,,Other,"120 Percent of Medicaid APG. Not APG payable, or payable under another fee schedule like ASP/AWP pays at 30% of charges",,,,,,,,Other,"100 Percent of Medicaid APG. Not APG payable, or payable under another fee schedule like ASP/AWP pays at 30% of charges",,,,,,,,Other,"100 Percent of Medicaid APG. Not APG payable, or payable under another fee schedule like ASP/AWP pays at 30% of charges",85.0265,65,,,,,0,percent of total billed charges,65% of Billed Charges. Lesser of 100% of billed charges applies.; No services were performed during the 15 month look back period.,85.0265,65,,,,,0,percent of total billed charges,65% of Billed Charges. Lesser of 100% of billed charges applies.; No services were performed during the 15 month look back period.,,,,,,,,Other,"Not Payable. ",85.0265,65,,,,,0,percent of total billed charges,65% of Billed Charges. Lesser of 100% of billed charges applies.; No services were performed during the 15 month look back period.,85.0265,65,,,,,0,percent of total billed charges,65% of Billed Charges. Lesser of 100% of billed charges applies.; No services were performed during the 15 month look back period.,85.0265,65,,,,,0,percent of total billed charges,65% of Billed Charges. Lesser of 100% of billed charges applies.; No services were performed during the 15 month look back period.,85.0265,65,,,,,0,percent of total billed charges,65% of Billed Charges. Lesser of 100% of billed charges applies.; No services were performed during the 15 month look back period.,,,,,,,,Other,"Not Payable. ",85.0265,65,,,,,0,percent of total billed charges,65% of Billed Charges. Lesser of 100% of billed charges applies.; No services were performed during the 15 month look back period.,85.0265,65,,,,,0,percent of total billed charges,65% of Billed Charges. Lesser of 100% of billed charges applies.; No services were performed during the 15 month look back period.,78.486,60,,,,,0,percent of total billed charges,60 percent of billed charges; No services were performed during the 15 month look back period.,14.43,,,,,,,Fee Schedule,100% of RBRVS. Lesser of 100% of billed charges applies.,12.99,,,,,,,Fee schedule,90 Percent of Medicare RBRVS. Covered services not payable under Medicaid Fee Schedules default to a payment of 50 percent of charges.,,,,,,,,Fee Schedule,225% of NYS APG. Lesser of 100% of billed charges applies.,,,,,,,,Case Rate,Not Payable. Covered services not payable under Medicaid Fee Schedules default to a payment of 87.5 percent of charges.,12.99,,,,,,,Fee schedule,90 Percent of Medicare RBRVS. Covered services not payable under Medicaid Fee Schedules default to a payment of 50 percent of charges.,,,,,,,,Fee Schedule,225% of NYS APG. Lesser of 100% of billed charges applies.,,,,,,,,Fee Schedule,225% of NYS APG. Lesser of 100% of billed charges applies.,,,,,,,,Fee Schedule,225% of NYS APG. Lesser of 100% of billed charges applies.,,,,,,,,Fee Schedule,225% of NYS APG. Lesser of 100% of billed charges applies.,,,,,,,,Fee Schedule,225% of NYS APG. Lesser of 100% of billed charges applies.,,,,,,,,Fee Schedule,225% of NYS APG. Lesser of 100% of billed charges applies.,,,,,,,,,"NA. ",,,,,,,,,"NA. ",,,,,,,,,"NA. ",78.486,60,,,,,0,percent of total billed charges,60 percent of billed charges; No services were performed during the 15 month look back period.,,,,,,,,,"NA. ",,,,,,,,Other,"Not Payable. ",13,,,,,,,Fee Schedule,"100 % 1199 Fee Schedule. ",,,,,,,,Other,"Not Payable. ",,,,,,,,Other,"Not Payable. ",,,,,,,,Other,"120 Percent of Medicaid APG. Not APG payable, or payable under another fee schedule like ASP/AWP pays at 30% of charges",,,,,,,,Other,"120 Percent of Medicaid APG. Not APG payable, or payable under another fee schedule like ASP/AWP pays at 30% of charges",,,,,,,,Other,"100 Percent of Medicaid APG. Not APG payable, or payable under another fee schedule like ASP/AWP pays at 30% of charges",,,,,,,,Other,"100 Percent of Medicaid APG. Not APG payable, or payable under another fee schedule like ASP/AWP pays at 30% of charges",,,,,,,,Other,"100 Percent of Medicaid APG. ",95.4913,73,,,,,0,percent of total billed charges,73 percent of billed charges; No services were performed during the 15 month look back period.,78.486,60,,,,,0,percent of total billed charges,60 percent of billed charges; No services were performed during the 15 month look back period.,95.4913,73,,,,,0,percent of total billed charges,73 percent of billed charges; No services were performed during the 15 month look back period.,78.486,60,,,,,0,percent of total billed charges,60 percent of billed charges; No services were performed during the 15 month look back period.,,,,,,,,Other,"Not Payable. ",,,,,,,,Other,"Not Payable. ",,,,,,,,Other,"Not Payable. ",,,,,,,,Other,"Not Payable. ",,,,,,,,Other,"Not Payable. ",,,,,,,,Other,"Not Payable. ",,,,,,,,,"NA. ",,,,,,,,Fee Schedule,225% of NYS APG. Lesser of 100% of billed charges applies.,12.99,,,,,,,Fee Schedule,90 Percent of Medicare RBRVS. Lesser of 100% of billed charges applies.,85.0265,65,,,,,0,percent of total billed charges,65% of Billed Charges. Lesser of 100% of billed charges applies.; No services were performed during the 15 month look back period.,95.4913,73,,,,,0,percent of total billed charges,73 percent of billed charges; No services were performed during the 15 month look back period.,95.4913,73,,,,,0,percent of total billed charges,73 percent of billed charges; No services were performed during the 15 month look back period.,95.4913,73,,,,,0,percent of total billed charges,73 percent of billed charges; No services were performed during the 15 month look back period.,95.4913,73,,,,,0,percent of total billed charges,73 percent of billed charges; No services were performed during the 15 month look back period.,,,,,,,,Other,"Not Payable. ",,,,,,,,Other,"100 Percent of Medicaid APG. ",85.0265,65,,,,,0,percent of total billed charges,65% of Billed Charges. Lesser of 100% of billed charges applies.; No services were performed during the 15 month look back period.,,,,,,,,Other,"100 Percent of Medicaid APG. ",,,,,,,,Other,"Not Payable. ",,,,,,,,Other,"100 Percent of Medicaid APG. ",,,,,,,,Other,"Not Payable. ",,,,,,,,Other,"Not Payable. ",,,,,,,,Other,"100 Percent of Medicaid APG. ",,,,,,,,Other,"100 Percent of Medicaid APG. ",95.4913,73,,,,,0,percent of total billed charges,73 percent of billed charges; No services were performed during the 15 month look back period.,78.486,60,,,,,0,percent of total billed charges,60 percent of billed charges; No services were performed during the 15 month look back period.,102.0318,78,,,,,0,percent of total billed charges,78% of Billed Charges. Lesser of 100% of billed charges applies.; No services were performed during the 15 month look back period.,94.99,,,,,,,Fee Schedule,". ",94.99,,,,,,,Fee Schedule,". ",78.486,60,,,,,0,percent of total billed charges,60 percent of billed charges; No services were performed during the 15 month look back period.,13.62,,,,,,,Other,"Not Payable. ",104.648,80,,,,,0,percent of total billed charges,80 percent of billed charges; No services were performed during the 15 month look back period.,104.648,80,,,,,0,percent of total billed charges,80 percent of billed charges; No services were performed during the 15 month look back period.,68.0212,52,,,,,0,percent of total billed charges,52% of Billed Charges. Lesser of 100% of billed charges applies.; No services were performed during the 15 month look back period.,68.0212,52,,,,,0,percent of total billed charges,52% of Billed Charges. Lesser of 100% of billed charges applies.; No services were performed during the 15 month look back period.,,,,,,,,Other,"Not Payable. ",,,,,,,,Other,"Not Payable. ",,,,,,,,Other,"Not Payable. ",,,,,,,,Other,"Not Payable. ",94.99,,,,,,,Fee Schedule,". ",85.0265,65,,,,,0,percent of total billed charges,65% of Billed Charges. Lesser of 100% of billed charges applies.; No services were performed during the 15 month look back period.,85.0265,65,,,,,0,percent of total billed charges,65% of Billed Charges. Lesser of 100% of billed charges applies.; No services were performed during the 15 month look back period.,,,,,,,,Other,"Not Payable. ",68.0212,52,,,,,0,percent of total billed charges,52% of Billed Charges. Lesser of 100% of billed charges applies.; No services were performed during the 15 month look back period.,95.4913,73,,,,,0,percent of total billed charges,73 percent of billed charges; No services were performed during the 15 month look back period.,,,,,,,,Fee Schedule,"120 Percent of Medicaid APG. ",,,,,,,,Other,"100 Percent of Medicaid APG. ",95.4913,73,,,,,0,percent of total billed charges,73 percent of billed charges; No services were performed during the 15 month look back period.,77.1779,59,,,,,0,percent of total billed charges,59% of Billed Charges. Lesser of 100% of billed charges applies.; No services were performed during the 15 month look back period.,77.1779,59,,,,,0,percent of total billed charges,59% of Billed Charges. Lesser of 100% of billed charges applies.; No services were performed during the 15 month look back period.,85.0265,65,,,,,0,percent of total billed charges,65% of Billed Charges. Lesser of 100% of billed charges applies.; No services were performed during the 15 month look back period.,65.405,50,,,,,0,percent of total billed charges,50 percent of billed charges; No services were performed during the 15 month look back period.,,,,,,,,Other,"Not Payable. ",,,,,,,,Fee Schedule,"Not payable. ",,,,,,,,Fee Schedule,"Not payable. ",,,,,,,,Fee Schedule,"Not payable. ",,,,,,,,Fee Schedule,"Not payable. ",94.99,,,,,,,Fee Schedule,". ",,,,,,,,Fee Schedule,"Not payable. ",,,,,,,,Fee Schedule,"Not payable. ",,,,,,,,Fee Schedule,"Not payable. ",,,,,,,,Fee Schedule,"Not payable. ",,,,,,,,Fee Schedule,"Not payable. ",,,,,,,,Fee Schedule,"Not payable. ",,,,,,,,Fee Schedule,"Not payable. ",,,,,,,,Other,"Not Payable. ",94.99,,,,,,,Fee Schedule,". ",,,,,,,,Other,"Not Payable. ",,,,,,,,Fee Schedule,"Not payable. ",85.0265,65,,,,,0,percent of total billed charges,65% of Billed Charges. Lesser of 100% of billed charges applies.; No services were performed during the 15 month look back period.,,,,,,,,Other,"Not Payable. ",85.0265,65,,,,,0,percent of total billed charges,65% of Billed Charges. Lesser of 100% of billed charges applies.; No services were performed during the 15 month look back period.,85.0265,65,,,,,0,percent of total billed charges,65% of Billed Charges. Lesser of 100% of billed charges applies.; No services were performed during the 15 month look back period.,85.0265,65,,,,,0,percent of total billed charges,65% of Billed Charges. Lesser of 100% of billed charges applies.; No services were performed during the 15 month look back period.,,,,,,,,Fee Schedule,"Not payable. ",,,,,,,,Other,"Not Payable. ",85.0265,65,,,,,0,percent of total billed charges,65% of Billed Charges. Lesser of 100% of billed charges applies.; No services were performed during the 15 month look back period.,,,,,,,,Fee Schedule,"Not payable. ",85.0265,65,,,,,0,percent of total billed charges,65% of Billed Charges. Lesser of 100% of billed charges applies.; No services were performed during the 15 month look back period.,,,,,,,,Other,"Not Payable. ",,,,,,,,Other,"Not Payable. ",95.4913,73,,,,,0,percent of total billed charges,73 percent of billed charges; No services were performed during the 15 month look back period.,95.4913,73,,,,,0,percent of total billed charges,73 percent of billed charges; No services were performed during the 15 month look back period.,95.4913,73,,,,,0,percent of total billed charges,73 percent of billed charges; No services were performed during the 15 month look back period.,95.4913,73,,,,,0,percent of total billed charges,73 percent of billed charges; No services were performed during the 15 month look back period.,95.4913,73,,,,,0,percent of total billed charges,73 percent of billed charges; No services were performed during the 15 month look back period.,95.4913,73,,,,,0,percent of total billed charges,73 percent of billed charges; No services were performed during the 15 month look back period.,95.4913,73,,,,,0,percent of total billed charges,73 percent of billed charges; No services were performed during the 15 month look back period.,95.4913,73,,,,,0,percent of total billed charges,73 percent of billed charges; No services were performed during the 15 month look back period.,95.4913,73,,,,,0,percent of total billed charges,73 percent of billed charges; No services were performed during the 15 month look back period.,95.4913,73,,,,,0,percent of total billed charges,73 percent of billed charges; No services were performed during the 15 month look back period.,95.4913,73,,,,,0,percent of total billed charges,73 percent of billed charges; No services were performed during the 15 month look back period.,95.4913,73,,,,,0,percent of total billed charges,73 percent of billed charges; No services were performed during the 15 month look back period.,,,,,,,,Other,"Not Payable. ",95.4913,73,,,,,0,percent of total billed charges,73 percent of billed charges; No services were performed during the 15 month look back period.,,,,,,,,Other,"Not Payable. ",,,,,,,,Other,"225 Percent of Medicaid APG. ",,,,,,,,Other,"100 Percent of Medicaid APG. If not priced under APG, then Metroplus FeeSched",94.99,,,,,,,Fee Schedule,". ",94.99,,,,,,,Fee Schedule,". ",,,,,,,,Other,"Not Payable. ",104.648,80,,,,,0,percent of total billed charges,80 percent of billed charges; No services were performed during the 15 month look back period.,,,,,,,,Other,"Not Payable. ",,,,,,,,Other,"Not Payable. ",78.486,60,,,,,0,percent of total billed charges,60 percent of billed charges; No services were performed during the 15 month look back period.,,,,,,,,Other,"Not Payable. ",78.486,60,,,,,0,percent of total billed charges,60 percent of billed charges; No services were performed during the 15 month look back period.,,,,,,,,Other,"Not Payable. ",78.486,60,,,,,0,percent of total billed charges,60 percent of billed charges; No services were performed during the 15 month look back period.,78.486,60,,,,,0,percent of total billed charges,60 percent of billed charges; No services were performed during the 15 month look back period.,78.486,60,,,,,0,percent of total billed charges,60 percent of billed charges; No services were performed during the 15 month look back period.,,,,,,,,Other,"Not Payable. ",,,,,,,,Other,"100 Percent of Medicaid APG. ",,,,,,,,Other,"Not Payable. ",78.486,60,,,,,0,percent of total billed charges,60 percent of billed charges; No services were performed during the 15 month look back period.,94.99,,,,,,,Fee Schedule,". ",,,,,,,,Other,"100 Percent of Medicaid APG. ",85.0265,65,,,,,0,percent of total billed charges,65% of Billed Charges. Lesser of 100% of billed charges applies.; No services were performed during the 15 month look back period.,,,,,,,,Fee Schedule,"120 Percent of Medicaid APG. ",,,,,,,,Fee Schedule,"120 Percent of Medicaid APG. ",85.0265,65,,,,,0,percent of total billed charges,65% of Billed Charges. Lesser of 100% of billed charges applies.; No services were performed during the 15 month look back period.,85.0265,65,,,,,0,percent of total billed charges,65% of Billed Charges. Lesser of 100% of billed charges applies.; No services were performed during the 15 month look back period.,85.0265,65,,,,,0,percent of total billed charges,65% of Billed Charges. Lesser of 100% of billed charges applies.; No services were performed during the 15 month look back period.,94.99,,,,,,,Fee Schedule,". ",85.0265,65,,,,,0,percent of total billed charges,65% of Billed Charges. Lesser of 100% of billed charges applies.; No services were performed during the 15 month look back period.,85.0265,65,,,,,0,percent of total billed charges,65% of Billed Charges. Lesser of 100% of billed charges applies.; No services were performed during the 15 month look back period.,85.0265,65,,,,,0,percent of total billed charges,65% of Billed Charges. Lesser of 100% of billed charges applies.; No services were performed during the 15 month look back period.,95.4913,73,,,,,0,percent of total billed charges,73 percent of billed charges; No services were performed during the 15 month look back period.,95.4913,73,,,,,0,percent of total billed charges,73 percent of billed charges; No services were performed during the 15 month look back period.,,,,,,,,Fee Schedule,"Not Payable. ",,,,,,,,Other,"100 Percent of Medicaid APG. ",94.99,,,,,,,Fee Schedule,". ",78.486,60,,,,,0,percent of total billed charges,60 percent of billed charges; No services were performed during the 15 month look back period.,78.486,60,,,,,0,percent of total billed charges,60 percent of billed charges; No services were performed during the 15 month look back period.,94.99,,,,,,,Fee Schedule,". ",78.486,60,,,,,0,percent of total billed charges,60 percent of billed charges; No services were performed during the 15 month look back period.,94.99,,,,,,,Fee Schedule,". ",85.0265,65,,,,,0,percent of total billed charges,65% of Billed Charges. Lesser of 100% of billed charges applies.; No services were performed during the 15 month look back period.,85.0265,65,,,,,0,percent of total billed charges,65% of Billed Charges. Lesser of 100% of billed charges applies.; No services were performed during the 15 month look back period.,85.0265,65,,,,,0,percent of total billed charges,65% of Billed Charges. Lesser of 100% of billed charges applies.; No services were performed during the 15 month look back period.,85.0265,65,,,,,0,percent of total billed charges,65% of Billed Charges. Lesser of 100% of billed charges applies.; No services were performed during the 15 month look back period.,,,,,,,,Other,"Not Payable. ",12.99,130.81,
99215,CPT,2022348,LOCAL,510,RC,HC OFFICE O/P EST HI 40 MIN,1115,211.85,both,,,,757,,,,,,,Case Rate,. Lesser of 100% of billed charges applies.,757,,,,,,,Case Rate,. Lesser of 100% of billed charges applies.,236,,,,,,,Other,. Paid once per unit. Line level lesser of applies.,1115,100,,,,,0,percent of total billed charges,100 percent of billed charges. ; No services were performed during the 15 month look back period.,155.98,,,,,,,Other,"Not Payable. ",236,,,,,,,Other,. Paid once per unit. Line level lesser of applies.,236,,,,,,,Other,. Paid once per unit. Line level lesser of applies.,236,,,,,,,Other,. Paid once per unit. Line level lesser of applies.,,,,,,,,Other,"100 Percent of Medicaid APG. ",,,,,,,,Other,"100 Percent of Medicaid APG. ",869.7,78,,,,,0,percent of total billed charges,78% of Billed Charges. Lesser of 100% of billed charges applies.; No services were performed during the 15 month look back period.,404.72,,,,,,,Case Rate,. Lesser of 100% of billed charges applies.,,,,,,,,Other,"100 Percent of Medicaid APG. ",155.98,,,,,,,Other,"Not Payable. ",524,,,,,,,Per Diem,. Paid once per unique code per service date and lesser of 100% of billed charges.,524,,,,,,,Per Diem,. Paid once per unique code per service date and lesser of 100% of billed charges.,524,,,,,,,Per Diem,. Paid once per unique code per service date and lesser of 100% of billed charges.,524,,,,,,,Per Diem,. Paid once per unique code per service date and lesser of 100% of billed charges.,,,,,,,,Case rate,124 Percent of Medicaid APG. Covered services not payable under Medicaid Fee Schedules default to a payment of 50 percent of charges.,155.98,,,,,,,Other,"Not Payable. ",,,,,,,,Case rate,124 Percent of Medicaid APG. Covered services not payable under Medicaid Fee Schedules default to a payment of 50 percent of charges.,869.7,78,,,,,0,percent of total billed charges,78% of Billed Charges. Lesser of 100% of billed charges applies.; No services were performed during the 15 month look back period.,236,,,,,,,Other,. Paid once per unit. Line level lesser of applies.,155.98,,,,,,,Other,"Not Payable. ",2758,,,,,,,Case Rate,". ",155.98,,,,,,,Other,"Not Payable. ",155.98,,,,,,,Other,"Not Payable. ",869.7,78,,,,,0,percent of total billed charges,78% of Billed Charges. Lesser of 100% of billed charges applies.; No services were performed during the 15 month look back period.,143.21,,,,,,,Fee Schedule,90 Percent of Medicare RBRVS. Lesser of 100% of billed charges applies.,143.21,,,,,,,Fee Schedule,90 Percent of Medicare RBRVS. Lesser of 100% of billed charges applies.,143.21,,,,,,,Fee schedule,"90 Percent of Medicare RBRVS. ",143.21,,,,,,,Fee schedule,"90 Percent of Medicare RBRVS. ",2758,,,,,,,Case Rate,". ",2758,,,,,,,Case Rate,". ",,,,,,,,Other,"100 Percent of Medicaid APG. Not APG payable, or payable under another fee schedule like ASP/AWP pays at 30% of charges",2758,,,,,,,Case Rate,". ",,,,,,,,Other,"100 Percent of Medicaid APG. Not APG payable, or payable under another fee schedule like ASP/AWP pays at 30% of charges",155.98,,,,,,,Other,"Not Payable. ",2758,,,,,,,Case Rate,". ",869.7,78,,,,,0,percent of total billed charges,78% of Billed Charges. Lesser of 100% of billed charges applies.; No services were performed during the 15 month look back period.,,,,,,,,Other,"100 Percent of Medicaid APG. If not priced under APG, then Metroplus FeeSched",,,,,,,,Other,"100 Percent of Medicaid APG. If not priced under APG, then Metroplus FeeSched",869.7,78,,,,,0,percent of total billed charges,78% of Billed Charges. Lesser of 100% of billed charges applies.; No services were performed during the 15 month look back period.,524,,,,,,,Per Diem,. Paid once per unique code per service date and lesser of 100% of billed charges.,786.33,,,,,,,Case Rate,". MPL 100/50/25% all add ons apply, and lesser of 100% of billed charges",786.33,,,,,,,Case Rate,". MPL 100/50/25% all add ons apply, and lesser of 100% of billed charges",869.7,78,,,,,0,percent of total billed charges,78% of Billed Charges. Lesser of 100% of billed charges applies.; No services were performed during the 15 month look back period.,155.98,,,,,,,Other,"Not Payable. ",404.72,,,,,,,Case Rate,. Lesser of 100% of billed charges applies.,404.72,,,,,,,Case Rate,. Lesser of 100% of billed charges applies.,404.72,,,,,,,Case Rate,. Lesser of 100% of billed charges applies.,155.98,,,,,,,Other,"Not Payable. ",404.72,,,,,,,Case Rate,. Lesser of 100% of billed charges applies.,404.72,,,,,,,Case Rate,. Lesser of 100% of billed charges applies.,155.98,,,,,,,Other,"Not Payable. ",1387,,,,,,,Per Diem,. Paid once per unique code per service date and lesser of 100% of billed charges.,1160,,,,,,,Per Diem,. Paid once per unique code per service date and lesser of 100% of billed charges.,1160,,,,,,,Per Diem,. Paid once per unique code per service date and lesser of 100% of billed charges.,1160,,,,,,,Per Diem,. Paid once per unique code per service date and lesser of 100% of billed charges.,1160,,,,,,,Per Diem,. Paid once per unique code per service date and lesser of 100% of billed charges.,1160,,,,,,,Per Diem,. Paid once per unique code per service date and lesser of 100% of billed charges.,1160,,,,,,,Per Diem,. Paid once per unique code per service date and lesser of 100% of billed charges.,155.98,,,,,,,Other,"Not Payable. ",155.98,,,,,,,Other,"Not Payable. ",1160,,,,,,,Per Diem,. Paid once per unique code per service date and lesser of 100% of billed charges.,869.7,78,,,,,0,percent of total billed charges,78% of Billed Charges. Lesser of 100% of billed charges applies.; No services were performed during the 15 month look back period.,869.7,78,,,,,0,percent of total billed charges,78% of Billed Charges. Lesser of 100% of billed charges applies.; No services were performed during the 15 month look back period.,869.7,78,,,,,0,percent of total billed charges,78% of Billed Charges. Lesser of 100% of billed charges applies.; No services were performed during the 15 month look back period.,869.7,78,,,,,0,percent of total billed charges,78% of Billed Charges. Lesser of 100% of billed charges applies.; No services were performed during the 15 month look back period.,869.7,78,,,,,0,percent of total billed charges,78% of Billed Charges. Lesser of 100% of billed charges applies.; No services were performed during the 15 month look back period.,869.7,78,,,,,0,percent of total billed charges,78% of Billed Charges. Lesser of 100% of billed charges applies.; No services were performed during the 15 month look back period.,869.7,78,,,,,0,percent of total billed charges,78% of Billed Charges. Lesser of 100% of billed charges applies.; No services were performed during the 15 month look back period.,869.7,78,,,,,0,percent of total billed charges,78% of Billed Charges. Lesser of 100% of billed charges applies.; No services were performed during the 15 month look back period.,869.7,78,,,,,0,percent of total billed charges,78% of Billed Charges. Lesser of 100% of billed charges applies.; No services were performed during the 15 month look back period.,869.7,78,,,,,0,percent of total billed charges,78% of Billed Charges. Lesser of 100% of billed charges applies.; No services were performed during the 15 month look back period.,869.7,78,,,,,0,percent of total billed charges,78% of Billed Charges. Lesser of 100% of billed charges applies.; No services were performed during the 15 month look back period.,869.7,78,,,,,0,percent of total billed charges,78% of Billed Charges. Lesser of 100% of billed charges applies.; No services were performed during the 15 month look back period.,869.7,78,,,,,0,percent of total billed charges,78% of Billed Charges. Lesser of 100% of billed charges applies.; No services were performed during the 15 month look back period.,869.7,78,,,,,0,percent of total billed charges,78% of Billed Charges. Lesser of 100% of billed charges applies.; No services were performed during the 15 month look back period.,869.7,78,,,,,0,percent of total billed charges,78% of Billed Charges. Lesser of 100% of billed charges applies.; No services were performed during the 15 month look back period.,869.7,78,,,,,0,percent of total billed charges,78% of Billed Charges. Lesser of 100% of billed charges applies.; No services were performed during the 15 month look back period.,869.7,78,,,,,0,percent of total billed charges,78% of Billed Charges. Lesser of 100% of billed charges applies.; No services were performed during the 15 month look back period.,869.7,78,,,,,0,percent of total billed charges,78% of Billed Charges. Lesser of 100% of billed charges applies.; No services were performed during the 15 month look back period.,869.7,78,,,,,0,percent of total billed charges,78% of Billed Charges. Lesser of 100% of billed charges applies.; No services were performed during the 15 month look back period.,869.7,78,,,,,0,percent of total billed charges,78% of Billed Charges. Lesser of 100% of billed charges applies.; No services were performed during the 15 month look back period.,869.7,78,,,,,0,percent of total billed charges,78% of Billed Charges. Lesser of 100% of billed charges applies.; No services were performed during the 15 month look back period.,869.7,78,,,,,0,percent of total billed charges,78% of Billed Charges. Lesser of 100% of billed charges applies.; No services were performed during the 15 month look back period.,869.7,78,,,,,0,percent of total billed charges,78% of Billed Charges. Lesser of 100% of billed charges applies.; No services were performed during the 15 month look back period.,869.7,78,,,,,0,percent of total billed charges,78% of Billed Charges. Lesser of 100% of billed charges applies.; No services were performed during the 15 month look back period.,869.7,78,,,,,0,percent of total billed charges,78% of Billed Charges. Lesser of 100% of billed charges applies.; No services were performed during the 15 month look back period.,869.7,78,,,,,0,percent of total billed charges,78% of Billed Charges. Lesser of 100% of billed charges applies.; No services were performed during the 15 month look back period.,2758,,,,,,,Case Rate,". ",2758,,,,,,,Case Rate,". ",2758,,,,,,,Case Rate,". ",2758,,,,,,,Case Rate,". ",3624,,,,,,,Case Rate,". ",3624,,,,,,,Case Rate,". ",524,,,,,,,Per Diem,. Paid once per unique code per service date and lesser of 100% of billed charges.,1160,,,,,,,Per Diem,. Paid once per unique code per service date and lesser of 100% of billed charges.,404.72,,,,,,,Case Rate,. Lesser of 100% of billed charges applies.,1160,,,,,,,Per Diem,. Paid once per unique code per service date and lesser of 100% of billed charges.,869.7,78,,,,,0,percent of total billed charges,78% of Billed Charges. Lesser of 100% of billed charges applies.; No services were performed during the 15 month look back period.,3624,,,,,,,Case Rate,". ",1160,,,,,,,Per Diem,. Paid once per unique code per service date and lesser of 100% of billed charges.,404.72,,,,,,,Case Rate,. Lesser of 100% of billed charges applies.,524,,,,,,,Per Diem,. Paid once per unique code per service date and lesser of 100% of billed charges.,,,,,,,,,"NA. ",869.7,78,,,,,0,percent of total billed charges,78% of Billed Charges. Lesser of 100% of billed charges applies.; No services were performed during the 15 month look back period.,,,,,,,,Other,"100 Percent of Medicaid APG. ",2758,,,,,,,Case Rate,". ",,,,,,,,Other,"100 Percent of Medicaid APG. Not APG payable, or payable under another fee schedule like ASP/AWP pays at 30% of charges",155.98,,,,,,,Other,"Not Payable. ",155.98,,,,,,,Other,"Not Payable. ",1387,,,,,,,Per Diem,. Paid once per unique code per service date and lesser of 100% of billed charges.,155.98,,,,,,,Other,"Not Payable. ",155.98,,,,,,,Other,"Not Payable. ",,,,,,,,Other,"100 Percent of Medicaid APG. ",155.98,,,,,,,Other,"Not Payable. ",155.98,,,,,,,Other,"Not Payable. ",236,,,,,,,Other,. Paid once per unit. Line level lesser of applies.,236,,,,,,,Other,. Paid once per unit. Line level lesser of applies.,155.98,,,,,,,Other,"Not Payable. ",524,,,,,,,Per Diem,. Paid once per unique code per service date and lesser of 100% of billed charges.,404.72,,,,,,,Case Rate,. Lesser of 100% of billed charges applies.,404.72,,,,,,,Case Rate,. Lesser of 100% of billed charges applies.,155.98,,,,,,,Other,"Not Payable. ",524,,,,,,,Per Diem,. Paid once per unique code per service date and lesser of 100% of billed charges.,236,,,,,,,Other,. Paid once per unit. Line level lesser of applies.,236,,,,,,,Other,. Paid once per unit. Line level lesser of applies.,236,,,,,,,Other,. Paid once per unit. Line level lesser of applies.,869.7,78,,,,,0,percent of total billed charges,78% of Billed Charges. Lesser of 100% of billed charges applies.; No services were performed during the 15 month look back period.,869.7,78,,,,,0,percent of total billed charges,78% of Billed Charges. Lesser of 100% of billed charges applies.; No services were performed during the 15 month look back period.,869.7,78,,,,,0,percent of total billed charges,78% of Billed Charges. Lesser of 100% of billed charges applies.; No services were performed during the 15 month look back period.,869.7,78,,,,,0,percent of total billed charges,78% of Billed Charges. Lesser of 100% of billed charges applies.; No services were performed during the 15 month look back period.,869.7,78,,,,,0,percent of total billed charges,78% of Billed Charges. Lesser of 100% of billed charges applies.; No services were performed during the 15 month look back period.,869.7,78,,,,,0,percent of total billed charges,78% of Billed Charges. Lesser of 100% of billed charges applies.; No services were performed during the 15 month look back period.,869.7,78,,,,,0,percent of total billed charges,78% of Billed Charges. Lesser of 100% of billed charges applies.; No services were performed during the 15 month look back period.,869.7,78,,,,,0,percent of total billed charges,78% of Billed Charges. Lesser of 100% of billed charges applies.; No services were performed during the 15 month look back period.,869.7,78,,,,,0,percent of total billed charges,78% of Billed Charges. Lesser of 100% of billed charges applies.; No services were performed during the 15 month look back period.,869.7,78,,,,,0,percent of total billed charges,78% of Billed Charges. Lesser of 100% of billed charges applies.; No services were performed during the 15 month look back period.,869.7,78,,,,,0,percent of total billed charges,78% of Billed Charges. Lesser of 100% of billed charges applies.; No services were performed during the 15 month look back period.,3624,,,,,,,Case Rate,". ",1160,,,,,,,Per Diem,. Paid once per unique code per service date and lesser of 100% of billed charges.,524,,,,,,,Per Diem,. Paid once per unique code per service date and lesser of 100% of billed charges.,155.98,,,,,,,Other,"Not Payable. ",236,,,,,,,Other,. Paid once per unit. Line level lesser of applies.,524,,,,,,,Per Diem,. Paid once per unique code per service date and lesser of 100% of billed charges.,524,,,,,,,Per Diem,. Paid once per unique code per service date and lesser of 100% of billed charges.,869.7,78,,,,,0,percent of total billed charges,78% of Billed Charges. Lesser of 100% of billed charges applies.; No services were performed during the 15 month look back period.,,,,,,,,Other,"214 Percent of Medicaid APG. ",524,,,,,,,Per Diem,. Paid once per unique code per service date and lesser of 100% of billed charges.,,,,,,,,Other,"100 Percent of Medicaid APG. ",155.98,,,,,,,Other,"Not Payable. ",155.98,,,,,,,Other,"Not Payable. ",155.98,,,,,,,Other,"Not Payable. ",155.98,,,,,,,Other,"Not Payable. ",155.98,,,,,,,Other,"Not Payable. ",155.98,,,,,,,Other,"Not Payable. ",524,,,,,,,Per Diem,. Paid once per unique code per service date and lesser of 100% of billed charges.,1387,,,,,,,Per Diem,. Paid once per unique code per service date and lesser of 100% of billed charges.,,,,,,,,Fee Schedule,"180 Percent of Medicaid APG. ",,,,,,,,Fee Schedule,"180 Percent of Medicaid APG. ",,,,,,,,Fee Schedule,"180 Percent of Medicaid APG. ",,,,,,,,Fee Schedule,"180 Percent of Medicaid APG. ",,,,,,,,Fee Schedule,"180 Percent of Medicaid APG. ",,,,,,,,,"NA. ",1387,,,,,,,Per Diem,. Paid once per unique code per service date and lesser of 100% of billed charges.,,,,,,,,Fee Schedule,"Not Payable. ",,,,,,,,Fee Schedule,"Not Payable. ",,,,,,,,Fee Schedule,"Not Payable. ",,,,,,,,Fee Schedule,"Not Payable. ",,,,,,,,Fee Schedule,"Not Payable. ",155.98,,,,,,,Other,"Not Payable. ",3624,,,,,,,Case Rate,". ",3624,,,,,,,Case Rate,". ",3624,,,,,,,Case Rate,". ",3624,,,,,,,Case Rate,". ",236,,,,,,,Other,. Paid once per unit. Line level lesser of applies.,236,,,,,,,Other,. Paid once per unit. Line level lesser of applies.,236,,,,,,,Other,. Paid once per unit. Line level lesser of applies.,236,,,,,,,Other,. Paid once per unit. Line level lesser of applies.,1387,,,,,,,Per Diem,. Paid once per unique code per service date and lesser of 100% of billed charges.,1387,,,,,,,Per Diem,. Paid once per unique code per service date and lesser of 100% of billed charges.,155.98,,,,,,,Other,"Not Payable. ",155.98,,,,,,,Other,"Not Payable. ",155.98,,,,,,,Other,"Not Payable. ",1160,,,,,,,Per Diem,. Paid once per unique code per service date and lesser of 100% of billed charges.,1160,,,,,,,Per Diem,. Paid once per unique code per service date and lesser of 100% of billed charges.,1160,,,,,,,Per Diem,. Paid once per unique code per service date and lesser of 100% of billed charges.,1387,,,,,,,Per Diem,. Paid once per unique code per service date and lesser of 100% of billed charges.,236,,,,,,,Other,. Paid once per unit. Line level lesser of applies.,155.98,,,,,,,Other,"Not Payable. ",1160,,,,,,,Per Diem,. Paid once per unique code per service date and lesser of 100% of billed charges.,,,,,,,,Other,"100 Percent of Medicaid APG. ",159.1,,,,,,,Other,"Not Payable. ",159.1,,,,,,,Other,"Not Payable. ",159.1,,,,,,,Other,"Not Payable. ",143.21,,,,,,,Fee schedule,"90 Percent of Medicare RBRVS. ",,,,,,,,Fee Schedule,225% of NYS APG. Lesser of 100% of billed charges applies.,,,,,,,,Fee Schedule,225% of NYS APG. Lesser of 100% of billed charges applies.,,,,,,,,Fee Schedule,225% of NYS APG. Lesser of 100% of billed charges applies.,,,,,,,,Fee Schedule,225% of NYS APG. Lesser of 100% of billed charges applies.,,,,,,,,Fee Schedule,225% of NYS APG. Lesser of 100% of billed charges applies.,159.1,,,,,,,Other,"Not Payable. ",,,,,,,,Other,"100 Percent of Medicaid APG. ",143.21,,,,,,,Fee Schedule,90 Percent of Medicare RBRVS. Lesser of 100% of billed charges applies.,,,,,,,,Fee Schedule,225% of NYS APG. Lesser of 100% of billed charges applies.,,,,,,,,Fee Schedule,225% of NYS APG. Lesser of 100% of billed charges applies.,143.21,,,,,,,Fee Schedule,90 Percent of Medicare RBRVS. Lesser of 100% of billed charges applies.,143.21,,,,,,,Fee Schedule,90 Percent of Medicare RBRVS. Lesser of 100% of billed charges applies.,,,,,,,,Fee Schedule,"180 Percent of Medicaid APG. ",155.98,,,,,,,Other,"Not Payable. ",155.98,,,,,,,Other,"Not Payable. ",236,,,,,,,Other,. Paid once per unit. Line level lesser of applies.,155.98,,,,,,,Other,"Not Payable. ",,,,,,,,Fee Schedule,"225 Percent of Medicaid APG. ",,,,,,,,Fee Schedule,"225 Percent of Medicaid APG. ",143.21,,,,,,,Fee schedule,"90 Percent of Medicare RBRVS. ",143.21,,,,,,,Fee schedule,"90 Percent of Medicare RBRVS. ",,,,,,,,Case Rate,Not Payable. Covered services not payable under Medicaid Fee Schedules default to a payment of 87.5 percent of charges.,,,,,,,,Case rate,124 Percent of Medicaid APG. Covered services not payable under Medicaid Fee Schedules default to a payment of 50 percent of charges.,,,,,,,,Other,"100 Percent of Medicaid APG. ",,,,,,,,Other,"100 Percent of Medicaid APG. ",,,,,,,,Other,"100 Percent of Medicaid APG. ",,,,,,,,Other,"100 Percent of Medicaid APG. ",860,,,,,,,Per Diem,. Paid once per unique code per service date and lesser of 100% of billed charges.,1387,,,,,,,Per Diem,. Paid once per unique code per service date and lesser of 100% of billed charges.,,,,,,,,Other,"120 Percent of Medicaid APG. Not APG payable, or payable under another fee schedule like ASP/AWP pays at 30% of charges",,,,,,,,Other,"120 Percent of Medicaid APG. Not APG payable, or payable under another fee schedule like ASP/AWP pays at 30% of charges",,,,,,,,Other,"100 Percent of Medicaid APG. Not APG payable, or payable under another fee schedule like ASP/AWP pays at 30% of charges",,,,,,,,Other,"100 Percent of Medicaid APG. Not APG payable, or payable under another fee schedule like ASP/AWP pays at 30% of charges",1160,,,,,,,Per Diem,. Paid once per unique code per service date and lesser of 100% of billed charges.,1160,,,,,,,Per Diem,. Paid once per unique code per service date and lesser of 100% of billed charges.,155.98,,,,,,,Other,"Not Payable. ",1160,,,,,,,Per Diem,. Paid once per unique code per service date and lesser of 100% of billed charges.,1160,,,,,,,Per Diem,. Paid once per unique code per service date and lesser of 100% of billed charges.,1160,,,,,,,Per Diem,. Paid once per unique code per service date and lesser of 100% of billed charges.,1160,,,,,,,Per Diem,. Paid once per unique code per service date and lesser of 100% of billed charges.,155.98,,,,,,,Other,"Not Payable. ",1160,,,,,,,Per Diem,. Paid once per unique code per service date and lesser of 100% of billed charges.,1160,,,,,,,Per Diem,. Paid once per unique code per service date and lesser of 100% of billed charges.,236,,,,,,,Other,. Paid once per unit. Line level lesser of applies.,,,,,,,,Fee Schedule,100% APG. Lesser of 100% of billed charges applies.,,,,,,,,Case rate,124 Percent of Medicaid APG. Covered services not payable under Medicaid Fee Schedules default to a payment of 50 percent of charges.,,,,,,,,Fee Schedule,225% of NYS APG. Lesser of 100% of billed charges applies.,,,,,,,,Case Rate,Not Payable. Covered services not payable under Medicaid Fee Schedules default to a payment of 87.5 percent of charges.,,,,,,,,Case rate,124 Percent of Medicaid APG. Covered services not payable under Medicaid Fee Schedules default to a payment of 50 percent of charges.,,,,,,,,Fee Schedule,225% of NYS APG. Lesser of 100% of billed charges applies.,,,,,,,,Fee Schedule,225% of NYS APG. Lesser of 100% of billed charges applies.,,,,,,,,Fee Schedule,225% of NYS APG. Lesser of 100% of billed charges applies.,,,,,,,,Fee Schedule,225% of NYS APG. Lesser of 100% of billed charges applies.,,,,,,,,Fee Schedule,225% of NYS APG. Lesser of 100% of billed charges applies.,,,,,,,,Fee Schedule,225% of NYS APG. Lesser of 100% of billed charges applies.,,,,,,,,,"NA. ",,,,,,,,,"NA. ",,,,,,,,,"NA. ",524,,,,,,,Per Diem,. Paid once per unique code per service date and lesser of 100% of billed charges.,,,,,,,,,"NA. ",155.98,,,,,,,Other,"Not Payable. ",757,,,,,,,Case Rate,. Lesser of 100% of billed charges applies.,155.98,,,,,,,Other,"Not Payable. ",155.98,,,,,,,Other,"Not Payable. ",,,,,,,,Other,"120 Percent of Medicaid APG. Not APG payable, or payable under another fee schedule like ASP/AWP pays at 30% of charges",,,,,,,,Other,"120 Percent of Medicaid APG. Not APG payable, or payable under another fee schedule like ASP/AWP pays at 30% of charges",,,,,,,,Other,"100 Percent of Medicaid APG. Not APG payable, or payable under another fee schedule like ASP/AWP pays at 30% of charges",,,,,,,,Other,"100 Percent of Medicaid APG. Not APG payable, or payable under another fee schedule like ASP/AWP pays at 30% of charges",,,,,,,,Other,"100 Percent of Medicaid APG. ",2344,,,,,,,Case Rate,". ",236,,,,,,,Other,. Paid once per unit. Line level lesser of applies.,2758,,,,,,,Case Rate,". ",524,,,,,,,Per Diem,. Paid once per unique code per service date and lesser of 100% of billed charges.,155.98,,,,,,,Other,"Not Payable. ",155.98,,,,,,,Other,"Not Payable. ",155.98,,,,,,,Other,"Not Payable. ",155.98,,,,,,,Other,"Not Payable. ",155.98,,,,,,,Other,"Not Payable. ",155.98,,,,,,,Other,"Not Payable. ",,,,,,,,,"NA. ",,,,,,,,Fee Schedule,225% of NYS APG. Lesser of 100% of billed charges applies.,143.21,,,,,,,Fee Schedule,90 Percent of Medicare RBRVS. Lesser of 100% of billed charges applies.,1160,,,,,,,Per Diem,. Paid once per unique code per service date and lesser of 100% of billed charges.,2344,,,,,,,Case Rate,". ",2344,,,,,,,Case Rate,". ",2344,,,,,,,Case Rate,". ",2344,,,,,,,Case Rate,". ",155.98,,,,,,,Other,"Not Payable. ",,,,,,,,Other,"100 Percent of Medicaid APG. ",1160,,,,,,,Per Diem,. Paid once per unique code per service date and lesser of 100% of billed charges.,,,,,,,,Other,"100 Percent of Medicaid APG. ",155.98,,,,,,,Other,"Not Payable. ",,,,,,,,Other,"100 Percent of Medicaid APG. ",155.98,,,,,,,Other,"Not Payable. ",155.98,,,,,,,Other,"Not Payable. ",,,,,,,,Other,"100 Percent of Medicaid APG. ",,,,,,,,Other,"100 Percent of Medicaid APG. ",2344,,,,,,,Case Rate,". ",524,,,,,,,Per Diem,. Paid once per unique code per service date and lesser of 100% of billed charges.,869.7,78,,,,,0,percent of total billed charges,78% of Billed Charges. Lesser of 100% of billed charges applies.; No services were performed during the 15 month look back period.,404.72,,,,,,,Case Rate,. Lesser of 100% of billed charges applies.,404.72,,,,,,,Case Rate,. Lesser of 100% of billed charges applies.,236,,,,,,,Other,. Paid once per unit. Line level lesser of applies.,152.86,,,,,,,Other,"Not Payable. ",3624,,,,,,,Case Rate,". ",3624,,,,,,,Case Rate,". ",928,,,,,,,Per Diem,. Paid once per unique code per service date and lesser of 100% of billed charges.,928,,,,,,,Per Diem,. Paid once per unique code per service date and lesser of 100% of billed charges.,155.98,,,,,,,Other,"Not Payable. ",155.98,,,,,,,Other,"Not Payable. ",155.98,,,,,,,Other,"Not Payable. ",155.98,,,,,,,Other,"Not Payable. ",404.72,,,,,,,Case Rate,. Lesser of 100% of billed charges applies.,1160,,,,,,,Per Diem,. Paid once per unique code per service date and lesser of 100% of billed charges.,1160,,,,,,,Per Diem,. Paid once per unique code per service date and lesser of 100% of billed charges.,155.98,,,,,,,Other,"Not Payable. ",928,,,,,,,Per Diem,. Paid once per unique code per service date and lesser of 100% of billed charges.,2758,,,,,,,Case Rate,". ",,,,,,,,Fee Schedule,"120 Percent of Medicaid APG. ",,,,,,,,Other,"100 Percent of Medicaid APG. ",2344,,,,,,,Case Rate,". ",1044,,,,,,,Per Diem,. Paid once per unique code per service date and lesser of 100% of billed charges.,1044,,,,,,,Per Diem,. Paid once per unique code per service date and lesser of 100% of billed charges.,1160,,,,,,,Per Diem,. Paid once per unique code per service date and lesser of 100% of billed charges.,956,,,,,,,Per Diem,. Paid once per unique code per service date and lesser of 100% of billed charges.,155.98,,,,,,,Other,"Not Payable. ",,,,,,,,Fee Schedule,"Not payable. ",,,,,,,,Fee Schedule,"Not payable. ",,,,,,,,Fee Schedule,"Not payable. ",,,,,,,,Fee Schedule,"Not payable. ",404.72,,,,,,,Case Rate,. Lesser of 100% of billed charges applies.,,,,,,,,Fee Schedule,"Not payable. ",,,,,,,,Fee Schedule,"Not payable. ",,,,,,,,Fee Schedule,"Not payable. ",,,,,,,,Fee Schedule,"Not payable. ",,,,,,,,Fee Schedule,"Not payable. ",,,,,,,,Fee Schedule,"Not payable. ",,,,,,,,Fee Schedule,"Not payable. ",155.98,,,,,,,Other,"Not Payable. ",404.72,,,,,,,Case Rate,. Lesser of 100% of billed charges applies.,155.98,,,,,,,Other,"Not Payable. ",,,,,,,,Fee Schedule,"Not payable. ",1160,,,,,,,Per Diem,. Paid once per unique code per service date and lesser of 100% of billed charges.,155.98,,,,,,,Other,"Not Payable. ",1160,,,,,,,Per Diem,. Paid once per unique code per service date and lesser of 100% of billed charges.,1160,,,,,,,Per Diem,. Paid once per unique code per service date and lesser of 100% of billed charges.,1160,,,,,,,Per Diem,. Paid once per unique code per service date and lesser of 100% of billed charges.,,,,,,,,Fee Schedule,"Not payable. ",155.98,,,,,,,Other,"Not Payable. ",1160,,,,,,,Per Diem,. Paid once per unique code per service date and lesser of 100% of billed charges.,,,,,,,,Fee Schedule,"Not payable. ",1160,,,,,,,Per Diem,. Paid once per unique code per service date and lesser of 100% of billed charges.,233.97,,,,,,,Other,"Not Payable. ",155.98,,,,,,,Other,"Not Payable. ",2344,,,,,,,Case Rate,". ",2344,,,,,,,Case Rate,". ",2344,,,,,,,Case Rate,". ",2344,,,,,,,Case Rate,". ",2344,,,,,,,Case Rate,". ",2758,,,,,,,Case Rate,". ",2758,,,,,,,Case Rate,". ",2344,,,,,,,Case Rate,". ",2344,,,,,,,Case Rate,". ",2344,,,,,,,Case Rate,". ",2344,,,,,,,Case Rate,". ",2344,,,,,,,Case Rate,". ",155.98,,,,,,,Other,"Not Payable. ",2758,,,,,,,Case Rate,". ",155.98,,,,,,,Other,"Not Payable. ",,,,,,,,Other,"225 Percent of Medicaid APG. ",,,,,,,,Other,"100 Percent of Medicaid APG. If not priced under APG, then Metroplus FeeSched",404.72,,,,,,,Case Rate,. Lesser of 100% of billed charges applies.,404.72,,,,,,,Case Rate,. Lesser of 100% of billed charges applies.,155.98,,,,,,,Other,"Not Payable. ",3624,,,,,,,Case Rate,". ",155.98,,,,,,,Other,"Not Payable. ",155.98,,,,,,,Other,"Not Payable. ",236,,,,,,,Other,. Paid once per unit. Line level lesser of applies.,155.98,,,,,,,Other,"Not Payable. ",524,,,,,,,Per Diem,. Paid once per unique code per service date and lesser of 100% of billed charges.,155.98,,,,,,,Other,"Not Payable. ",524,,,,,,,Per Diem,. Paid once per unique code per service date and lesser of 100% of billed charges.,236,,,,,,,Other,. Paid once per unit. Line level lesser of applies.,524,,,,,,,Per Diem,. Paid once per unique code per service date and lesser of 100% of billed charges.,155.98,,,,,,,Other,"Not Payable. ",,,,,,,,Other,"100 Percent of Medicaid APG. ",155.98,,,,,,,Other,"Not Payable. ",524,,,,,,,Per Diem,. Paid once per unique code per service date and lesser of 100% of billed charges.,404.72,,,,,,,Case Rate,. Lesser of 100% of billed charges applies.,,,,,,,,Other,"100 Percent of Medicaid APG. ",1160,,,,,,,Per Diem,. Paid once per unique code per service date and lesser of 100% of billed charges.,,,,,,,,Fee Schedule,"120 Percent of Medicaid APG. ",,,,,,,,Fee Schedule,"120 Percent of Medicaid APG. ",1160,,,,,,,Per Diem,. Paid once per unique code per service date and lesser of 100% of billed charges.,1160,,,,,,,Per Diem,. Paid once per unique code per service date and lesser of 100% of billed charges.,1160,,,,,,,Per Diem,. Paid once per unique code per service date and lesser of 100% of billed charges.,404.72,,,,,,,Case Rate,. Lesser of 100% of billed charges applies.,1160,,,,,,,Per Diem,. Paid once per unique code per service date and lesser of 100% of billed charges.,1160,,,,,,,Per Diem,. Paid once per unique code per service date and lesser of 100% of billed charges.,1160,,,,,,,Per Diem,. Paid once per unique code per service date and lesser of 100% of billed charges.,2344,,,,,,,Case Rate,". ",2344,,,,,,,Case Rate,". ",,,,,,,,Fee Schedule,"Not Payable. ",,,,,,,,Other,"100 Percent of Medicaid APG. ",404.72,,,,,,,Case Rate,. Lesser of 100% of billed charges applies.,524,,,,,,,Per Diem,. Paid once per unique code per service date and lesser of 100% of billed charges.,236,,,,,,,Other,. Paid once per unit. Line level lesser of applies.,404.72,,,,,,,Case Rate,. Lesser of 100% of billed charges applies.,236,,,,,,,Other,. Paid once per unit. Line level lesser of applies.,404.72,,,,,,,Case Rate,. Lesser of 100% of billed charges applies.,1160,,,,,,,Per Diem,. Paid once per unique code per service date and lesser of 100% of billed charges.,1160,,,,,,,Per Diem,. Paid once per unique code per service date and lesser of 100% of billed charges.,1160,,,,,,,Per Diem,. Paid once per unique code per service date and lesser of 100% of billed charges.,1160,,,,,,,Per Diem,. Paid once per unique code per service date and lesser of 100% of billed charges.,155.98,,,,,,,Other,"Not Payable. ",143.21,3624,
99403,CPT,2022797,LOCAL,510,RC,HC PREVENTIVE CONSLT IND APRX 45 MIN,214.53,40.7607,both,,,,108,,,,,,,Fee Schedule,"100 % 1199 Fee Schedule. ",108,,,,,,,Fee Schedule,"100 % 1199 Fee Schedule. ",128.718,60,,,,,0,percent of total billed charges,60 percent of billed charges; No services were performed during the 15 month look back period.,214.53,100,,,,,0,percent of total billed charges,100 percent of billed charges. ; No services were performed during the 15 month look back period.,,,,,,,,Other,"Not Payable. ",128.718,60,,,,,0,percent of total billed charges,60 percent of billed charges; No services were performed during the 15 month look back period.,128.718,60,,,,,0,percent of total billed charges,60 percent of billed charges; No services were performed during the 15 month look back period.,128.718,60,,,,,0,percent of total billed charges,60 percent of billed charges; No services were performed during the 15 month look back period.,194.28,,,,,,,Case Rate,"100 Percent of Medicaid APG. ",161.9,,,,,,,Case Rate,"100 Percent of Medicaid APG. ",167.3334,78,,,,,0,percent of total billed charges,78% of Billed Charges. Lesser of 100% of billed charges applies.; No services were performed during the 15 month look back period.,624.06,,,,,,,Fee Schedule,". ",161.9,,,,,,,Case Rate,"100 Percent of Medicaid APG. ",,,,,,,,Other,"Not Payable. ",524,,,,,,,Per Diem,. Paid once per unique code per service date and lesser of 100% of billed charges.,524,,,,,,,Per Diem,. Paid once per unique code per service date and lesser of 100% of billed charges.,524,,,,,,,Per Diem,. Paid once per unique code per service date and lesser of 100% of billed charges.,524,,,,,,,Per Diem,. Paid once per unique code per service date and lesser of 100% of billed charges.,2.1453,1,,,,,0,percent of total billed charges,NA. Covered services not payable under Medicaid Fee Schedules default to a payment of 50 percent of charges.; No services were performed during the 15 month look back period.,,,,,,,,Other,"Not Payable. ",2.1453,1,,,,,0,percent of total billed charges,NA. Covered services not payable under Medicaid Fee Schedules default to a payment of 50 percent of charges.; No services were performed during the 15 month look back period.,167.3334,78,,,,,0,percent of total billed charges,78% of Billed Charges. Lesser of 100% of billed charges applies.; No services were performed during the 15 month look back period.,128.718,60,,,,,0,percent of total billed charges,60 percent of billed charges; No services were performed during the 15 month look back period.,,,,,,,,Other,"Not Payable. ",156.6069,73,,,,,0,percent of total billed charges,73 percent of billed charges; No services were performed during the 15 month look back period.,,,,,,,,Other,"Not Payable. ",,,,,,,,Other,"Not Payable. ",167.3334,78,,,,,0,percent of total billed charges,78% of Billed Charges. Lesser of 100% of billed charges applies.; No services were performed during the 15 month look back period.,,,,,,,,Fee Schedule,"Not payable. ",,,,,,,,Fee Schedule,"Not payable. ",,,,,,,,Fee schedule,"90 Percent of Medicare RBRVS. ",,,,,,,,Fee schedule,"90 Percent of Medicare RBRVS. ",156.6069,73,,,,,0,percent of total billed charges,73 percent of billed charges; No services were performed during the 15 month look back period.,156.6069,73,,,,,0,percent of total billed charges,73 percent of billed charges; No services were performed during the 15 month look back period.,161.9,,,,,,,Case Rate,"100 Percent of Medicaid APG. Not APG payable, or payable under another fee schedule like ASP/AWP pays at 30% of charges",156.6069,73,,,,,0,percent of total billed charges,73 percent of billed charges; No services were performed during the 15 month look back period.,161.9,,,,,,,Case Rate,"100 Percent of Medicaid APG. Not APG payable, or payable under another fee schedule like ASP/AWP pays at 30% of charges",,,,,,,,Other,"Not Payable. ",156.6069,73,,,,,0,percent of total billed charges,73 percent of billed charges; No services were performed during the 15 month look back period.,167.3334,78,,,,,0,percent of total billed charges,78% of Billed Charges. Lesser of 100% of billed charges applies.; No services were performed during the 15 month look back period.,161.9,,,,,,,Case Rate,"100 Percent of Medicaid APG. ",161.9,,,,,,,Case Rate,"100 Percent of Medicaid APG. ",167.3334,78,,,,,0,percent of total billed charges,78% of Billed Charges. Lesser of 100% of billed charges applies.; No services were performed during the 15 month look back period.,524,,,,,,,Per Diem,. Paid once per unique code per service date and lesser of 100% of billed charges.,634.82,,,,,,,Fee Schedule,". ",634.82,,,,,,,Fee Schedule,". ",167.3334,78,,,,,0,percent of total billed charges,78% of Billed Charges. Lesser of 100% of billed charges applies.; No services were performed during the 15 month look back period.,,,,,,,,Other,"Not Payable. ",624.06,,,,,,,Fee Schedule,". ",624.06,,,,,,,Fee Schedule,". ",624.06,,,,,,,Fee Schedule,". ",,,,,,,,Other,"Not Payable. ",624.06,,,,,,,Fee Schedule,". ",624.06,,,,,,,Fee Schedule,". ",,,,,,,,Other,"Not Payable. ",107.265,50,,,,,0,percent of total billed charges,50 percent of billed charges; No services were performed during the 15 month look back period.,139.4445,65,,,,,0,percent of total billed charges,65% of Billed Charges. Lesser of 100% of billed charges applies.; No services were performed during the 15 month look back period.,139.4445,65,,,,,0,percent of total billed charges,65% of Billed Charges. Lesser of 100% of billed charges applies.; No services were performed during the 15 month look back period.,139.4445,65,,,,,0,percent of total billed charges,65% of Billed Charges. Lesser of 100% of billed charges applies.; No services were performed during the 15 month look back period.,139.4445,65,,,,,0,percent of total billed charges,65% of Billed Charges. Lesser of 100% of billed charges applies.; No services were performed during the 15 month look back period.,139.4445,65,,,,,0,percent of total billed charges,65% of Billed Charges. Lesser of 100% of billed charges applies.; No services were performed during the 15 month look back period.,139.4445,65,,,,,0,percent of total billed charges,65% of Billed Charges. Lesser of 100% of billed charges applies.; No services were performed during the 15 month look back period.,,,,,,,,Other,"Not Payable. ",,,,,,,,Other,"Not Payable. ",139.4445,65,,,,,0,percent of total billed charges,65% of Billed Charges. Lesser of 100% of billed charges applies.; No services were performed during the 15 month look back period.,167.3334,78,,,,,0,percent of total billed charges,78% of Billed Charges. Lesser of 100% of billed charges applies.; No services were performed during the 15 month look back period.,167.3334,78,,,,,0,percent of total billed charges,78% of Billed Charges. Lesser of 100% of billed charges applies.; No services were performed during the 15 month look back period.,167.3334,78,,,,,0,percent of total billed charges,78% of Billed Charges. Lesser of 100% of billed charges applies.; No services were performed during the 15 month look back period.,167.3334,78,,,,,0,percent of total billed charges,78% of Billed Charges. Lesser of 100% of billed charges applies.; No services were performed during the 15 month look back period.,167.3334,78,,,,,0,percent of total billed charges,78% of Billed Charges. Lesser of 100% of billed charges applies.; No services were performed during the 15 month look back period.,167.3334,78,,,,,0,percent of total billed charges,78% of Billed Charges. Lesser of 100% of billed charges applies.; No services were performed during the 15 month look back period.,167.3334,78,,,,,0,percent of total billed charges,78% of Billed Charges. Lesser of 100% of billed charges applies.; No services were performed during the 15 month look back period.,167.3334,78,,,,,0,percent of total billed charges,78% of Billed Charges. Lesser of 100% of billed charges applies.; No services were performed during the 15 month look back period.,167.3334,78,,,,,0,percent of total billed charges,78% of Billed Charges. Lesser of 100% of billed charges applies.; No services were performed during the 15 month look back period.,167.3334,78,,,,,0,percent of total billed charges,78% of Billed Charges. Lesser of 100% of billed charges applies.; No services were performed during the 15 month look back period.,167.3334,78,,,,,0,percent of total billed charges,78% of Billed Charges. Lesser of 100% of billed charges applies.; No services were performed during the 15 month look back period.,167.3334,78,,,,,0,percent of total billed charges,78% of Billed Charges. Lesser of 100% of billed charges applies.; No services were performed during the 15 month look back period.,167.3334,78,,,,,0,percent of total billed charges,78% of Billed Charges. Lesser of 100% of billed charges applies.; No services were performed during the 15 month look back period.,167.3334,78,,,,,0,percent of total billed charges,78% of Billed Charges. Lesser of 100% of billed charges applies.; No services were performed during the 15 month look back period.,167.3334,78,,,,,0,percent of total billed charges,78% of Billed Charges. Lesser of 100% of billed charges applies.; No services were performed during the 15 month look back period.,167.3334,78,,,,,0,percent of total billed charges,78% of Billed Charges. Lesser of 100% of billed charges applies.; No services were performed during the 15 month look back period.,167.3334,78,,,,,0,percent of total billed charges,78% of Billed Charges. Lesser of 100% of billed charges applies.; No services were performed during the 15 month look back period.,167.3334,78,,,,,0,percent of total billed charges,78% of Billed Charges. Lesser of 100% of billed charges applies.; No services were performed during the 15 month look back period.,167.3334,78,,,,,0,percent of total billed charges,78% of Billed Charges. Lesser of 100% of billed charges applies.; No services were performed during the 15 month look back period.,167.3334,78,,,,,0,percent of total billed charges,78% of Billed Charges. Lesser of 100% of billed charges applies.; No services were performed during the 15 month look back period.,167.3334,78,,,,,0,percent of total billed charges,78% of Billed Charges. Lesser of 100% of billed charges applies.; No services were performed during the 15 month look back period.,167.3334,78,,,,,0,percent of total billed charges,78% of Billed Charges. Lesser of 100% of billed charges applies.; No services were performed during the 15 month look back period.,167.3334,78,,,,,0,percent of total billed charges,78% of Billed Charges. Lesser of 100% of billed charges applies.; No services were performed during the 15 month look back period.,167.3334,78,,,,,0,percent of total billed charges,78% of Billed Charges. Lesser of 100% of billed charges applies.; No services were performed during the 15 month look back period.,167.3334,78,,,,,0,percent of total billed charges,78% of Billed Charges. Lesser of 100% of billed charges applies.; No services were performed during the 15 month look back period.,167.3334,78,,,,,0,percent of total billed charges,78% of Billed Charges. Lesser of 100% of billed charges applies.; No services were performed during the 15 month look back period.,156.6069,73,,,,,0,percent of total billed charges,73 percent of billed charges; No services were performed during the 15 month look back period.,156.6069,73,,,,,0,percent of total billed charges,73 percent of billed charges; No services were performed during the 15 month look back period.,156.6069,73,,,,,0,percent of total billed charges,73 percent of billed charges; No services were performed during the 15 month look back period.,156.6069,73,,,,,0,percent of total billed charges,73 percent of billed charges; No services were performed during the 15 month look back period.,316.49,,,,,,,Fee Schedule,"416 % Medicare RBRVS. ",316.49,,,,,,,Fee Schedule,"416 % Medicare RBRVS. ",524,,,,,,,Per Diem,. Paid once per unique code per service date and lesser of 100% of billed charges.,139.4445,65,,,,,0,percent of total billed charges,65% of Billed Charges. Lesser of 100% of billed charges applies.; No services were performed during the 15 month look back period.,624.06,,,,,,,Fee Schedule,". ",139.4445,65,,,,,0,percent of total billed charges,65% of Billed Charges. Lesser of 100% of billed charges applies.; No services were performed during the 15 month look back period.,167.3334,78,,,,,0,percent of total billed charges,78% of Billed Charges. Lesser of 100% of billed charges applies.; No services were performed during the 15 month look back period.,316.49,,,,,,,Fee Schedule,"416 % Medicare RBRVS. ",139.4445,65,,,,,0,percent of total billed charges,65% of Billed Charges. Lesser of 100% of billed charges applies.; No services were performed during the 15 month look back period.,624.06,,,,,,,Fee Schedule,". ",524,,,,,,,Per Diem,. Paid once per unique code per service date and lesser of 100% of billed charges.,,,,,,,,,"NA. ",167.3334,78,,,,,0,percent of total billed charges,78% of Billed Charges. Lesser of 100% of billed charges applies.; No services were performed during the 15 month look back period.,161.9,,,,,,,Case Rate,"100 Percent of Medicaid APG. ",156.6069,73,,,,,0,percent of total billed charges,73 percent of billed charges; No services were performed during the 15 month look back period.,161.9,,,,,,,Case Rate,"100 Percent of Medicaid APG. Not APG payable, or payable under another fee schedule like ASP/AWP pays at 30% of charges",,,,,,,,Other,"Not Payable. ",,,,,,,,Other,"Not Payable. ",107.265,50,,,,,0,percent of total billed charges,50 percent of billed charges; No services were performed during the 15 month look back period.,,,,,,,,Other,"Not Payable. ",,,,,,,,Other,"Not Payable. ",161.9,,,,,,,Case Rate,"100 Percent of Medicaid APG. ",,,,,,,,Other,"Not Payable. ",,,,,,,,Other,"Not Payable. ",128.718,60,,,,,0,percent of total billed charges,60 percent of billed charges; No services were performed during the 15 month look back period.,128.718,60,,,,,0,percent of total billed charges,60 percent of billed charges; No services were performed during the 15 month look back period.,,,,,,,,Other,"Not Payable. ",524,,,,,,,Per Diem,. Paid once per unique code per service date and lesser of 100% of billed charges.,624.06,,,,,,,Fee Schedule,". ",624.06,,,,,,,Fee Schedule,". ",,,,,,,,Other,"Not Payable. ",524,,,,,,,Per Diem,. Paid once per unique code per service date and lesser of 100% of billed charges.,128.718,60,,,,,0,percent of total billed charges,60 percent of billed charges; No services were performed during the 15 month look back period.,128.718,60,,,,,0,percent of total billed charges,60 percent of billed charges; No services were performed during the 15 month look back period.,128.718,60,,,,,0,percent of total billed charges,60 percent of billed charges; No services were performed during the 15 month look back period.,167.3334,78,,,,,0,percent of total billed charges,78% of Billed Charges. Lesser of 100% of billed charges applies.; No services were performed during the 15 month look back period.,167.3334,78,,,,,0,percent of total billed charges,78% of Billed Charges. Lesser of 100% of billed charges applies.; No services were performed during the 15 month look back period.,167.3334,78,,,,,0,percent of total billed charges,78% of Billed Charges. Lesser of 100% of billed charges applies.; No services were performed during the 15 month look back period.,167.3334,78,,,,,0,percent of total billed charges,78% of Billed Charges. Lesser of 100% of billed charges applies.; No services were performed during the 15 month look back period.,167.3334,78,,,,,0,percent of total billed charges,78% of Billed Charges. Lesser of 100% of billed charges applies.; No services were performed during the 15 month look back period.,167.3334,78,,,,,0,percent of total billed charges,78% of Billed Charges. Lesser of 100% of billed charges applies.; No services were performed during the 15 month look back period.,167.3334,78,,,,,0,percent of total billed charges,78% of Billed Charges. Lesser of 100% of billed charges applies.; No services were performed during the 15 month look back period.,167.3334,78,,,,,0,percent of total billed charges,78% of Billed Charges. Lesser of 100% of billed charges applies.; No services were performed during the 15 month look back period.,167.3334,78,,,,,0,percent of total billed charges,78% of Billed Charges. Lesser of 100% of billed charges applies.; No services were performed during the 15 month look back period.,167.3334,78,,,,,0,percent of total billed charges,78% of Billed Charges. Lesser of 100% of billed charges applies.; No services were performed during the 15 month look back period.,167.3334,78,,,,,0,percent of total billed charges,78% of Billed Charges. Lesser of 100% of billed charges applies.; No services were performed during the 15 month look back period.,316.49,,,,,,,Fee Schedule,"416 % Medicare RBRVS. ",139.4445,65,,,,,0,percent of total billed charges,65% of Billed Charges. Lesser of 100% of billed charges applies.; No services were performed during the 15 month look back period.,524,,,,,,,Per Diem,. Paid once per unique code per service date and lesser of 100% of billed charges.,,,,,,,,Other,"Not Payable. ",128.718,60,,,,,0,percent of total billed charges,60 percent of billed charges; No services were performed during the 15 month look back period.,524,,,,,,,Per Diem,. Paid once per unique code per service date and lesser of 100% of billed charges.,524,,,,,,,Per Diem,. Paid once per unique code per service date and lesser of 100% of billed charges.,167.3334,78,,,,,0,percent of total billed charges,78% of Billed Charges. Lesser of 100% of billed charges applies.; No services were performed during the 15 month look back period.,346.47,,,,,,,Case Rate,"214 Percent of Medicaid APG. Drugs not priced under APG, billed with revenue code 636 and not priced by Medicare ASP FeeSched will be reimbursed at 20% of charges.",524,,,,,,,Per Diem,. Paid once per unique code per service date and lesser of 100% of billed charges.,161.9,,,,,,,Case Rate,"100 Percent of Medicaid APG. ",,,,,,,,Other,"Not Payable. ",,,,,,,,Other,"Not Payable. ",,,,,,,,Other,"Not Payable. ",,,,,,,,Other,"Not Payable. ",,,,,,,,Other,"Not Payable. ",,,,,,,,Other,"Not Payable. ",524,,,,,,,Per Diem,. Paid once per unique code per service date and lesser of 100% of billed charges.,107.265,50,,,,,0,percent of total billed charges,50 percent of billed charges; No services were performed during the 15 month look back period.,2.1453,1,,,,,0,percent of total billed charges,NA. ; No services were performed during the 15 month look back period.,2.1453,1,,,,,0,percent of total billed charges,NA. ; No services were performed during the 15 month look back period.,2.1453,1,,,,,0,percent of total billed charges,NA. ; No services were performed during the 15 month look back period.,2.1453,1,,,,,0,percent of total billed charges,NA. ; No services were performed during the 15 month look back period.,2.1453,1,,,,,0,percent of total billed charges,NA. ; No services were performed during the 15 month look back period.,,,,,,,,,"NA. ",107.265,50,,,,,0,percent of total billed charges,50 percent of billed charges; No services were performed during the 15 month look back period.,,,,,,,,Fee Schedule,"Not Payable. ",,,,,,,,Fee Schedule,"Not Payable. ",,,,,,,,Fee Schedule,"Not Payable. ",,,,,,,,Fee Schedule,"Not Payable. ",,,,,,,,Fee Schedule,"Not Payable. ",,,,,,,,Other,"Not Payable. ",316.49,,,,,,,Fee Schedule,"416 % Medicare RBRVS. ",316.49,,,,,,,Fee Schedule,"416 % Medicare RBRVS. ",316.49,,,,,,,Fee Schedule,"416 % Medicare RBRVS. ",316.49,,,,,,,Fee Schedule,"416 % Medicare RBRVS. ",128.718,60,,,,,0,percent of total billed charges,60 percent of billed charges; No services were performed during the 15 month look back period.,128.718,60,,,,,0,percent of total billed charges,60 percent of billed charges; No services were performed during the 15 month look back period.,128.718,60,,,,,0,percent of total billed charges,60 percent of billed charges; No services were performed during the 15 month look back period.,128.718,60,,,,,0,percent of total billed charges,60 percent of billed charges; No services were performed during the 15 month look back period.,107.265,50,,,,,0,percent of total billed charges,50 percent of billed charges; No services were performed during the 15 month look back period.,107.265,50,,,,,0,percent of total billed charges,50 percent of billed charges; No services were performed during the 15 month look back period.,,,,,,,,Other,"Not Payable. ",,,,,,,,Other,"Not Payable. ",,,,,,,,Other,"Not Payable. ",139.4445,65,,,,,0,percent of total billed charges,65% of Billed Charges. Lesser of 100% of billed charges applies.; No services were performed during the 15 month look back period.,139.4445,65,,,,,0,percent of total billed charges,65% of Billed Charges. Lesser of 100% of billed charges applies.; No services were performed during the 15 month look back period.,139.4445,65,,,,,0,percent of total billed charges,65% of Billed Charges. Lesser of 100% of billed charges applies.; No services were performed during the 15 month look back period.,107.265,50,,,,,0,percent of total billed charges,50 percent of billed charges; No services were performed during the 15 month look back period.,128.718,60,,,,,0,percent of total billed charges,60 percent of billed charges; No services were performed during the 15 month look back period.,,,,,,,,Other,"Not Payable. ",139.4445,65,,,,,0,percent of total billed charges,65% of Billed Charges. Lesser of 100% of billed charges applies.; No services were performed during the 15 month look back period.,161.9,,,,,,,Case Rate,"100 Percent of Medicaid APG. ",,,,,,,,Other,"Not Payable. ",,,,,,,,Other,"Not Payable. ",,,,,,,,Other,"Not Payable. ",,,,,,,,Fee schedule,"90 Percent of Medicare RBRVS. ",364.28,,,,,,,Fee Schedule,225% of NYS APG. Lesser of 100% of billed charges applies.,364.28,,,,,,,Fee Schedule,225% of NYS APG. Lesser of 100% of billed charges applies.,364.28,,,,,,,Fee Schedule,225% of NYS APG. Lesser of 100% of billed charges applies.,364.28,,,,,,,Fee Schedule,225% of NYS APG. Lesser of 100% of billed charges applies.,364.28,,,,,,,Fee Schedule,225% of NYS APG. Lesser of 100% of billed charges applies.,,,,,,,,Other,"Not Payable. ",161.9,,,,,,,Case Rate,"100 Percent of Medicaid APG. ",,,,,,,,Fee Schedule,"Not payable. ",364.28,,,,,,,Fee Schedule,225% of NYS APG. Lesser of 100% of billed charges applies.,364.28,,,,,,,Fee Schedule,225% of NYS APG. Lesser of 100% of billed charges applies.,,,,,,,,Fee Schedule,"Not payable. ",,,,,,,,Fee Schedule,"Not payable. ",2.1453,1,,,,,0,percent of total billed charges,NA. ; No services were performed during the 15 month look back period.,,,,,,,,Other,"Not Payable. ",,,,,,,,Other,"Not Payable. ",128.718,60,,,,,0,percent of total billed charges,60 percent of billed charges; No services were performed during the 15 month look back period.,,,,,,,,Other,"Not Payable. ",364.28,,,,,,,Fee Schedule,"225 Percent of Medicaid APG. ",364.28,,,,,,,Fee Schedule,"225 Percent of Medicaid APG. ",,,,,,,,Fee schedule,"90 Percent of Medicare RBRVS. ",,,,,,,,Fee schedule,"90 Percent of Medicare RBRVS. ",364.28,,,,,,,Case Rate,225 Percent of Medicaid APG. Covered services not payable under Medicaid Fee Schedules default to a payment of 87.5 percent of charges.,2.1453,1,,,,,0,percent of total billed charges,NA. Covered services not payable under Medicaid Fee Schedules default to a payment of 50 percent of charges.; No services were performed during the 15 month look back period.,364.28,,,,,,,Case Rate,"100 Percent of Medicaid APG. ",364.28,,,,,,,Case Rate,"100 Percent of Medicaid APG. ",364.28,,,,,,,Case Rate,"100 Percent of Medicaid APG. ",364.28,,,,,,,Case Rate,"100 Percent of Medicaid APG. ",,,,,,,,,,107.265,50,,,,,0,percent of total billed charges,50 percent of billed charges; No services were performed during the 15 month look back period.,194.28,,,,,,,Case Rate,"120 Percent of Medicaid APG. Not APG payable, or payable under another fee schedule like ASP/AWP pays at 30% of charges",194.28,,,,,,,Case Rate,"120 Percent of Medicaid APG. Not APG payable, or payable under another fee schedule like ASP/AWP pays at 30% of charges",161.9,,,,,,,Case Rate,"100 Percent of Medicaid APG. Not APG payable, or payable under another fee schedule like ASP/AWP pays at 30% of charges",161.9,,,,,,,Case Rate,"100 Percent of Medicaid APG. Not APG payable, or payable under another fee schedule like ASP/AWP pays at 30% of charges",139.4445,65,,,,,0,percent of total billed charges,65% of Billed Charges. Lesser of 100% of billed charges applies.; No services were performed during the 15 month look back period.,139.4445,65,,,,,0,percent of total billed charges,65% of Billed Charges. Lesser of 100% of billed charges applies.; No services were performed during the 15 month look back period.,,,,,,,,Other,"Not Payable. ",139.4445,65,,,,,0,percent of total billed charges,65% of Billed Charges. Lesser of 100% of billed charges applies.; No services were performed during the 15 month look back period.,139.4445,65,,,,,0,percent of total billed charges,65% of Billed Charges. Lesser of 100% of billed charges applies.; No services were performed during the 15 month look back period.,139.4445,65,,,,,0,percent of total billed charges,65% of Billed Charges. Lesser of 100% of billed charges applies.; No services were performed during the 15 month look back period.,139.4445,65,,,,,0,percent of total billed charges,65% of Billed Charges. Lesser of 100% of billed charges applies.; No services were performed during the 15 month look back period.,,,,,,,,Other,"Not Payable. ",139.4445,65,,,,,0,percent of total billed charges,65% of Billed Charges. Lesser of 100% of billed charges applies.; No services were performed during the 15 month look back period.,139.4445,65,,,,,0,percent of total billed charges,65% of Billed Charges. Lesser of 100% of billed charges applies.; No services were performed during the 15 month look back period.,128.718,60,,,,,0,percent of total billed charges,60 percent of billed charges; No services were performed during the 15 month look back period.,,,,,,,,Fee Schedule,100% of RBRVS. Lesser of 100% of billed charges applies.,2.1453,1,,,,,0,percent of total billed charges,NA. Covered services not payable under Medicaid Fee Schedules default to a payment of 50 percent of charges.; No services were performed during the 15 month look back period.,364.28,,,,,,,Fee Schedule,225% of NYS APG. Lesser of 100% of billed charges applies.,364.28,,,,,,,Case Rate,225 Percent of Medicaid APG. Covered services not payable under Medicaid Fee Schedules default to a payment of 87.5 percent of charges.,2.1453,1,,,,,0,percent of total billed charges,NA. Covered services not payable under Medicaid Fee Schedules default to a payment of 50 percent of charges.; No services were performed during the 15 month look back period.,364.28,,,,,,,Fee Schedule,225% of NYS APG. Lesser of 100% of billed charges applies.,364.28,,,,,,,Fee Schedule,225% of NYS APG. Lesser of 100% of billed charges applies.,364.28,,,,,,,Fee Schedule,225% of NYS APG. Lesser of 100% of billed charges applies.,364.28,,,,,,,Fee Schedule,225% of NYS APG. Lesser of 100% of billed charges applies.,364.28,,,,,,,Fee Schedule,225% of NYS APG. Lesser of 100% of billed charges applies.,364.28,,,,,,,Fee Schedule,225% of NYS APG. Lesser of 100% of billed charges applies.,,,,,,,,,"NA. ",,,,,,,,,"NA. ",,,,,,,,,"NA. ",524,,,,,,,Per Diem,. Paid once per unique code per service date and lesser of 100% of billed charges.,,,,,,,,,"NA. ",,,,,,,,Other,"Not Payable. ",108,,,,,,,Fee Schedule,"100 % 1199 Fee Schedule. ",,,,,,,,Other,"Not Payable. ",,,,,,,,Other,"Not Payable. ",194.28,,,,,,,Case Rate,"120 Percent of Medicaid APG. Not APG payable, or payable under another fee schedule like ASP/AWP pays at 30% of charges",194.28,,,,,,,Case Rate,"120 Percent of Medicaid APG. Not APG payable, or payable under another fee schedule like ASP/AWP pays at 30% of charges",161.9,,,,,,,Case Rate,"100 Percent of Medicaid APG. Not APG payable, or payable under another fee schedule like ASP/AWP pays at 30% of charges",161.9,,,,,,,Case Rate,"100 Percent of Medicaid APG. Not APG payable, or payable under another fee schedule like ASP/AWP pays at 30% of charges",161.9,,,,,,,Case Rate,"100 Percent of Medicaid APG. ",156.6069,73,,,,,0,percent of total billed charges,73 percent of billed charges; No services were performed during the 15 month look back period.,128.718,60,,,,,0,percent of total billed charges,60 percent of billed charges; No services were performed during the 15 month look back period.,156.6069,73,,,,,0,percent of total billed charges,73 percent of billed charges; No services were performed during the 15 month look back period.,524,,,,,,,Per Diem,. Paid once per unique code per service date and lesser of 100% of billed charges.,,,,,,,,Other,"Not Payable. ",,,,,,,,Other,"Not Payable. ",,,,,,,,Other,"Not Payable. ",,,,,,,,Other,"Not Payable. ",,,,,,,,Other,"Not Payable. ",,,,,,,,Other,"Not Payable. ",,,,,,,,,"NA. ",364.28,,,,,,,Fee Schedule,225% of NYS APG. Lesser of 100% of billed charges applies.,,,,,,,,Fee Schedule,"Not payable. ",139.4445,65,,,,,0,percent of total billed charges,65% of Billed Charges. Lesser of 100% of billed charges applies.; No services were performed during the 15 month look back period.,156.6069,73,,,,,0,percent of total billed charges,73 percent of billed charges; No services were performed during the 15 month look back period.,156.6069,73,,,,,0,percent of total billed charges,73 percent of billed charges; No services were performed during the 15 month look back period.,156.6069,73,,,,,0,percent of total billed charges,73 percent of billed charges; No services were performed during the 15 month look back period.,156.6069,73,,,,,0,percent of total billed charges,73 percent of billed charges; No services were performed during the 15 month look back period.,,,,,,,,Other,"Not Payable. ",161.9,,,,,,,Case Rate,"100 Percent of Medicaid APG. ",139.4445,65,,,,,0,percent of total billed charges,65% of Billed Charges. Lesser of 100% of billed charges applies.; No services were performed during the 15 month look back period.,161.9,,,,,,,Case Rate,"100 Percent of Medicaid APG. ",,,,,,,,Other,"Not Payable. ",161.9,,,,,,,Case Rate,"100 Percent of Medicaid APG. ",,,,,,,,Other,"Not Payable. ",,,,,,,,Other,"Not Payable. ",161.9,,,,,,,Case Rate,"100 Percent of Medicaid APG. ",161.9,,,,,,,Case Rate,"100 Percent of Medicaid APG. ",156.6069,73,,,,,0,percent of total billed charges,73 percent of billed charges; No services were performed during the 15 month look back period.,524,,,,,,,Per Diem,. Paid once per unique code per service date and lesser of 100% of billed charges.,167.3334,78,,,,,0,percent of total billed charges,78% of Billed Charges. Lesser of 100% of billed charges applies.; No services were performed during the 15 month look back period.,624.06,,,,,,,Fee Schedule,". ",624.06,,,,,,,Fee Schedule,". ",128.718,60,,,,,0,percent of total billed charges,60 percent of billed charges; No services were performed during the 15 month look back period.,,,,,,,,Other,"Not Payable. ",316.49,,,,,,,Fee Schedule,"416 % Medicare RBRVS. ",316.49,,,,,,,Fee Schedule,"416 % Medicare RBRVS. ",111.5556,52,,,,,0,percent of total billed charges,52% of Billed Charges. Lesser of 100% of billed charges applies.; No services were performed during the 15 month look back period.,111.5556,52,,,,,0,percent of total billed charges,52% of Billed Charges. Lesser of 100% of billed charges applies.; No services were performed during the 15 month look back period.,,,,,,,,Other,"Not Payable. ",,,,,,,,Other,"Not Payable. ",,,,,,,,Other,"Not Payable. ",,,,,,,,Other,"Not Payable. ",624.06,,,,,,,Fee Schedule,". ",139.4445,65,,,,,0,percent of total billed charges,65% of Billed Charges. Lesser of 100% of billed charges applies.; No services were performed during the 15 month look back period.,139.4445,65,,,,,0,percent of total billed charges,65% of Billed Charges. Lesser of 100% of billed charges applies.; No services were performed during the 15 month look back period.,,,,,,,,Other,"Not Payable. ",111.5556,52,,,,,0,percent of total billed charges,52% of Billed Charges. Lesser of 100% of billed charges applies.; No services were performed during the 15 month look back period.,156.6069,73,,,,,0,percent of total billed charges,73 percent of billed charges; No services were performed during the 15 month look back period.,194.28,,,,,,,Fee Schedule,"120 Percent of Medicaid APG. ",161.9,,,,,,,Case Rate,"100 Percent of Medicaid APG. ",156.6069,73,,,,,0,percent of total billed charges,73 percent of billed charges; No services were performed during the 15 month look back period.,126.5727,59,,,,,0,percent of total billed charges,59% of Billed Charges. Lesser of 100% of billed charges applies.; No services were performed during the 15 month look back period.,126.5727,59,,,,,0,percent of total billed charges,59% of Billed Charges. Lesser of 100% of billed charges applies.; No services were performed during the 15 month look back period.,139.4445,65,,,,,0,percent of total billed charges,65% of Billed Charges. Lesser of 100% of billed charges applies.; No services were performed during the 15 month look back period.,107.265,50,,,,,0,percent of total billed charges,50 percent of billed charges; No services were performed during the 15 month look back period.,,,,,,,,Other,"Not Payable. ",170,,,,,,,Fee Schedule,105 percent of Medicaid APG. otherwise 105% of Ordered NYS MCD FS or 105% of ASP+6%,170,,,,,,,Fee Schedule,105 percent of Medicaid APG. otherwise 105% of Ordered NYS MCD FS or 105% of ASP+6%,170,,,,,,,Fee Schedule,105 percent of Medicaid APG. otherwise 105% of Ordered NYS MCD FS or 105% of ASP+6%,218.57,,,,,,,Fee Schedule,135 percent of Medicaid APG. otherwise 135% of Ordered NYS MCD FS or 135% of ASP+6%,624.06,,,,,,,Fee Schedule,". ",170,,,,,,,Fee Schedule,105 percent of Medicaid APG. otherwise 105% of Ordered NYS MCD FS or 105% of ASP+6%,170,,,,,,,Fee Schedule,105 percent of Medicaid APG. otherwise 105% of Ordered NYS MCD FS or 105% of ASP+6%,170,,,,,,,Fee Schedule,105 percent of Medicaid APG. otherwise 105% of Ordered NYS MCD FS or 105% of ASP+6%,170,,,,,,,Fee Schedule,105 percent of Medicaid APG. otherwise 105% of Ordered NYS MCD FS or 105% of ASP+6%,170,,,,,,,Fee Schedule,105 percent of Medicaid APG. otherwise 105% of Ordered NYS MCD FS or 105% of ASP+6%,218.57,,,,,,,Fee Schedule,135 percent of Medicaid APG. otherwise 135% of Ordered NYS MCD FS or 135% of ASP+6%,218.57,,,,,,,Fee Schedule,135 percent of Medicaid APG. otherwise 135% of Ordered NYS MCD FS or 135% of ASP+6%,,,,,,,,Other,"Not Payable. ",624.06,,,,,,,Fee Schedule,". ",,,,,,,,Other,"Not Payable. ",170,,,,,,,Fee Schedule,105 percent of Medicaid APG. otherwise 105% of Ordered NYS MCD FS or 105% of ASP+6%,139.4445,65,,,,,0,percent of total billed charges,65% of Billed Charges. Lesser of 100% of billed charges applies.; No services were performed during the 15 month look back period.,,,,,,,,Other,"Not Payable. ",139.4445,65,,,,,0,percent of total billed charges,65% of Billed Charges. Lesser of 100% of billed charges applies.; No services were performed during the 15 month look back period.,139.4445,65,,,,,0,percent of total billed charges,65% of Billed Charges. Lesser of 100% of billed charges applies.; No services were performed during the 15 month look back period.,139.4445,65,,,,,0,percent of total billed charges,65% of Billed Charges. Lesser of 100% of billed charges applies.; No services were performed during the 15 month look back period.,170,,,,,,,Fee Schedule,105 percent of Medicaid APG. otherwise 105% of Ordered NYS MCD FS or 105% of ASP+6%,,,,,,,,Other,"Not Payable. ",139.4445,65,,,,,0,percent of total billed charges,65% of Billed Charges. Lesser of 100% of billed charges applies.; No services were performed during the 15 month look back period.,218.57,,,,,,,Fee Schedule,135 percent of Medicaid APG. otherwise 135% of Ordered NYS MCD FS or 135% of ASP+6%,139.4445,65,,,,,0,percent of total billed charges,65% of Billed Charges. Lesser of 100% of billed charges applies.; No services were performed during the 15 month look back period.,,,,,,,,Other,"Not Payable. ",,,,,,,,Other,"Not Payable. ",156.6069,73,,,,,0,percent of total billed charges,73 percent of billed charges; No services were performed during the 15 month look back period.,156.6069,73,,,,,0,percent of total billed charges,73 percent of billed charges; No services were performed during the 15 month look back period.,156.6069,73,,,,,0,percent of total billed charges,73 percent of billed charges; No services were performed during the 15 month look back period.,156.6069,73,,,,,0,percent of total billed charges,73 percent of billed charges; No services were performed during the 15 month look back period.,156.6069,73,,,,,0,percent of total billed charges,73 percent of billed charges; No services were performed during the 15 month look back period.,156.6069,73,,,,,0,percent of total billed charges,73 percent of billed charges; No services were performed during the 15 month look back period.,156.6069,73,,,,,0,percent of total billed charges,73 percent of billed charges; No services were performed during the 15 month look back period.,156.6069,73,,,,,0,percent of total billed charges,73 percent of billed charges; No services were performed during the 15 month look back period.,156.6069,73,,,,,0,percent of total billed charges,73 percent of billed charges; No services were performed during the 15 month look back period.,156.6069,73,,,,,0,percent of total billed charges,73 percent of billed charges; No services were performed during the 15 month look back period.,156.6069,73,,,,,0,percent of total billed charges,73 percent of billed charges; No services were performed during the 15 month look back period.,156.6069,73,,,,,0,percent of total billed charges,73 percent of billed charges; No services were performed during the 15 month look back period.,,,,,,,,Other,"Not Payable. ",156.6069,73,,,,,0,percent of total billed charges,73 percent of billed charges; No services were performed during the 15 month look back period.,,,,,,,,Other,"Not Payable. ",364.28,,,,,,,Case Rate,"225 Percent of Medicaid APG. If not included in Medicaid APG, then 100 Percent of Manhattan Medicare",161.9,,,,,,,Case Rate,"100 Percent of Medicaid APG. ",624.06,,,,,,,Fee Schedule,". ",624.06,,,,,,,Fee Schedule,". ",,,,,,,,Other,"Not Payable. ",316.49,,,,,,,Fee Schedule,"416 % Medicare RBRVS. ",,,,,,,,Other,"Not Payable. ",,,,,,,,Other,"Not Payable. ",128.718,60,,,,,0,percent of total billed charges,60 percent of billed charges; No services were performed during the 15 month look back period.,,,,,,,,Other,"Not Payable. ",524,,,,,,,Per Diem,. Paid once per unique code per service date and lesser of 100% of billed charges.,,,,,,,,Other,"Not Payable. ",524,,,,,,,Per Diem,. Paid once per unique code per service date and lesser of 100% of billed charges.,128.718,60,,,,,0,percent of total billed charges,60 percent of billed charges; No services were performed during the 15 month look back period.,524,,,,,,,Per Diem,. Paid once per unique code per service date and lesser of 100% of billed charges.,,,,,,,,Other,"Not Payable. ",161.9,,,,,,,Case Rate,"100 Percent of Medicaid APG. ",,,,,,,,Other,"Not Payable. ",524,,,,,,,Per Diem,. Paid once per unique code per service date and lesser of 100% of billed charges.,624.06,,,,,,,Fee Schedule,". ",161.9,,,,,,,Case Rate,"100 Percent of Medicaid APG. ",139.4445,65,,,,,0,percent of total billed charges,65% of Billed Charges. Lesser of 100% of billed charges applies.; No services were performed during the 15 month look back period.,194.28,,,,,,,Fee Schedule,"120 Percent of Medicaid APG. ",194.28,,,,,,,Fee Schedule,"120 Percent of Medicaid APG. ",139.4445,65,,,,,0,percent of total billed charges,65% of Billed Charges. Lesser of 100% of billed charges applies.; No services were performed during the 15 month look back period.,139.4445,65,,,,,0,percent of total billed charges,65% of Billed Charges. Lesser of 100% of billed charges applies.; No services were performed during the 15 month look back period.,139.4445,65,,,,,0,percent of total billed charges,65% of Billed Charges. Lesser of 100% of billed charges applies.; No services were performed during the 15 month look back period.,624.06,,,,,,,Fee Schedule,". ",139.4445,65,,,,,0,percent of total billed charges,65% of Billed Charges. Lesser of 100% of billed charges applies.; No services were performed during the 15 month look back period.,139.4445,65,,,,,0,percent of total billed charges,65% of Billed Charges. Lesser of 100% of billed charges applies.; No services were performed during the 15 month look back period.,139.4445,65,,,,,0,percent of total billed charges,65% of Billed Charges. Lesser of 100% of billed charges applies.; No services were performed during the 15 month look back period.,156.6069,73,,,,,0,percent of total billed charges,73 percent of billed charges; No services were performed during the 15 month look back period.,156.6069,73,,,,,0,percent of total billed charges,73 percent of billed charges; No services were performed during the 15 month look back period.,,,,,,,,Fee Schedule,"Not Payable. ",161.9,,,,,,,Case Rate,"100 Percent of Medicaid APG. ",624.06,,,,,,,Fee Schedule,". ",524,,,,,,,Per Diem,. Paid once per unique code per service date and lesser of 100% of billed charges.,128.718,60,,,,,0,percent of total billed charges,60 percent of billed charges; No services were performed during the 15 month look back period.,624.06,,,,,,,Fee Schedule,". ",128.718,60,,,,,0,percent of total billed charges,60 percent of billed charges; No services were performed during the 15 month look back period.,624.06,,,,,,,Fee Schedule,". ",139.4445,65,,,,,0,percent of total billed charges,65% of Billed Charges. Lesser of 100% of billed charges applies.; No services were performed during the 15 month look back period.,139.4445,65,,,,,0,percent of total billed charges,65% of Billed Charges. Lesser of 100% of billed charges applies.; No services were performed during the 15 month look back period.,139.4445,65,,,,,0,percent of total billed charges,65% of Billed Charges. Lesser of 100% of billed charges applies.; No services were performed during the 15 month look back period.,139.4445,65,,,,,0,percent of total billed charges,65% of Billed Charges. Lesser of 100% of billed charges applies.; No services were performed during the 15 month look back period.,,,,,,,,Other,"Not Payable. ",2.1453,1210,
99409,CPT,2027617,LOCAL,510,RC,HC ALCOHOL/DRUG SCREENING 30 > MIN,126.14,23.9666,both,,,,76,,,,,,,Fee Schedule,"100 % 1199 Fee Schedule. ",76,,,,,,,Fee Schedule,"100 % 1199 Fee Schedule. ",75.684,60,,,,,0,percent of total billed charges,60 percent of billed charges; No services were performed during the 15 month look back period.,126.14,100,,,,,0,percent of total billed charges,100 percent of billed charges. ; No services were performed during the 15 month look back period.,,,,,,,,Other,"Not Payable. ",75.684,60,,,,,0,percent of total billed charges,60 percent of billed charges; No services were performed during the 15 month look back period.,75.684,60,,,,,0,percent of total billed charges,60 percent of billed charges; No services were performed during the 15 month look back period.,75.684,60,,,,,0,percent of total billed charges,60 percent of billed charges; No services were performed during the 15 month look back period.,150.52,,,,,,,Case Rate,"100 Percent of Medicaid APG. ",125.43,,,,,,,Case Rate,"100 Percent of Medicaid APG. ",98.3892,78,,,,,0,percent of total billed charges,78% of Billed Charges. Lesser of 100% of billed charges applies.; No services were performed during the 15 month look back period.,554.34,,,,,,,Fee Schedule,". ",125.43,,,,,,,Case Rate,"100 Percent of Medicaid APG. ",,,,,,,,Other,"Not Payable. ",524,,,,,,,Per Diem,. Paid once per unique code per service date and lesser of 100% of billed charges.,524,,,,,,,Per Diem,. Paid once per unique code per service date and lesser of 100% of billed charges.,524,,,,,,,Per Diem,. Paid once per unique code per service date and lesser of 100% of billed charges.,524,,,,,,,Per Diem,. Paid once per unique code per service date and lesser of 100% of billed charges.,1.2614,1,,,,,0,percent of total billed charges,NA. Covered services not payable under Medicaid Fee Schedules default to a payment of 50 percent of charges.; No services were performed during the 15 month look back period.,,,,,,,,Other,"Not Payable. ",1.2614,1,,,,,0,percent of total billed charges,NA. Covered services not payable under Medicaid Fee Schedules default to a payment of 50 percent of charges.; No services were performed during the 15 month look back period.,98.3892,78,,,,,0,percent of total billed charges,78% of Billed Charges. Lesser of 100% of billed charges applies.; No services were performed during the 15 month look back period.,75.684,60,,,,,0,percent of total billed charges,60 percent of billed charges; No services were performed during the 15 month look back period.,,,,,,,,Other,"Not Payable. ",92.0822,73,,,,,0,percent of total billed charges,73 percent of billed charges; No services were performed during the 15 month look back period.,,,,,,,,Other,"Not Payable. ",,,,,,,,Other,"Not Payable. ",98.3892,78,,,,,0,percent of total billed charges,78% of Billed Charges. Lesser of 100% of billed charges applies.; No services were performed during the 15 month look back period.,,,,,,,,Fee Schedule,"Not payable. ",,,,,,,,Fee Schedule,"Not payable. ",,,,,,,,Fee schedule,"90 Percent of Medicare RBRVS. ",,,,,,,,Fee schedule,"90 Percent of Medicare RBRVS. ",92.0822,73,,,,,0,percent of total billed charges,73 percent of billed charges; No services were performed during the 15 month look back period.,92.0822,73,,,,,0,percent of total billed charges,73 percent of billed charges; No services were performed during the 15 month look back period.,125.43,,,,,,,Case Rate,"100 Percent of Medicaid APG. Not APG payable, or payable under another fee schedule like ASP/AWP pays at 30% of charges",92.0822,73,,,,,0,percent of total billed charges,73 percent of billed charges; No services were performed during the 15 month look back period.,125.43,,,,,,,Case Rate,"100 Percent of Medicaid APG. Not APG payable, or payable under another fee schedule like ASP/AWP pays at 30% of charges",,,,,,,,Other,"Not Payable. ",92.0822,73,,,,,0,percent of total billed charges,73 percent of billed charges; No services were performed during the 15 month look back period.,98.3892,78,,,,,0,percent of total billed charges,78% of Billed Charges. Lesser of 100% of billed charges applies.; No services were performed during the 15 month look back period.,125.43,,,,,,,Case Rate,"100 Percent of Medicaid APG. ",125.43,,,,,,,Case Rate,"100 Percent of Medicaid APG. ",98.3892,78,,,,,0,percent of total billed charges,78% of Billed Charges. Lesser of 100% of billed charges applies.; No services were performed during the 15 month look back period.,524,,,,,,,Per Diem,. Paid once per unique code per service date and lesser of 100% of billed charges.,563.9,,,,,,,Fee Schedule,". ",563.9,,,,,,,Fee Schedule,". ",98.3892,78,,,,,0,percent of total billed charges,78% of Billed Charges. Lesser of 100% of billed charges applies.; No services were performed during the 15 month look back period.,,,,,,,,Other,"Not Payable. ",554.34,,,,,,,Fee Schedule,". ",554.34,,,,,,,Fee Schedule,". ",554.34,,,,,,,Fee Schedule,". ",,,,,,,,Other,"Not Payable. ",554.34,,,,,,,Fee Schedule,". ",554.34,,,,,,,Fee Schedule,". ",,,,,,,,Other,"Not Payable. ",63.07,50,,,,,0,percent of total billed charges,50 percent of billed charges; No services were performed during the 15 month look back period.,81.991,65,,,,,0,percent of total billed charges,65 percent of billed charges; No services were performed during the 15 month look back period.,81.991,65,,,,,0,percent of total billed charges,65 percent of billed charges; No services were performed during the 15 month look back period.,81.991,65,,,,,0,percent of total billed charges,65 percent of billed charges; No services were performed during the 15 month look back period.,81.991,65,,,,,0,percent of total billed charges,65 percent of billed charges; No services were performed during the 15 month look back period.,81.991,65,,,,,0,percent of total billed charges,65 percent of billed charges; No services were performed during the 15 month look back period.,81.991,65,,,,,0,percent of total billed charges,65 percent of billed charges; No services were performed during the 15 month look back period.,,,,,,,,Other,"Not Payable. ",,,,,,,,Other,"Not Payable. ",81.991,65,,,,,0,percent of total billed charges,65 percent of billed charges; No services were performed during the 15 month look back period.,98.3892,78,,,,,0,percent of total billed charges,78% of Billed Charges. Lesser of 100% of billed charges applies.; No services were performed during the 15 month look back period.,98.3892,78,,,,,0,percent of total billed charges,78% of Billed Charges. Lesser of 100% of billed charges applies.; No services were performed during the 15 month look back period.,98.3892,78,,,,,0,percent of total billed charges,78% of Billed Charges. Lesser of 100% of billed charges applies.; No services were performed during the 15 month look back period.,98.3892,78,,,,,0,percent of total billed charges,78% of Billed Charges. Lesser of 100% of billed charges applies.; No services were performed during the 15 month look back period.,98.3892,78,,,,,0,percent of total billed charges,78% of Billed Charges. Lesser of 100% of billed charges applies.; No services were performed during the 15 month look back period.,98.3892,78,,,,,0,percent of total billed charges,78% of Billed Charges. Lesser of 100% of billed charges applies.; No services were performed during the 15 month look back period.,98.3892,78,,,,,0,percent of total billed charges,78% of Billed Charges. Lesser of 100% of billed charges applies.; No services were performed during the 15 month look back period.,98.3892,78,,,,,0,percent of total billed charges,78% of Billed Charges. Lesser of 100% of billed charges applies.; No services were performed during the 15 month look back period.,98.3892,78,,,,,0,percent of total billed charges,78% of Billed Charges. Lesser of 100% of billed charges applies.; No services were performed during the 15 month look back period.,98.3892,78,,,,,0,percent of total billed charges,78% of Billed Charges. Lesser of 100% of billed charges applies.; No services were performed during the 15 month look back period.,98.3892,78,,,,,0,percent of total billed charges,78% of Billed Charges. Lesser of 100% of billed charges applies.; No services were performed during the 15 month look back period.,98.3892,78,,,,,0,percent of total billed charges,78% of Billed Charges. Lesser of 100% of billed charges applies.; No services were performed during the 15 month look back period.,98.3892,78,,,,,0,percent of total billed charges,78% of Billed Charges. Lesser of 100% of billed charges applies.; No services were performed during the 15 month look back period.,98.3892,78,,,,,0,percent of total billed charges,78% of Billed Charges. Lesser of 100% of billed charges applies.; No services were performed during the 15 month look back period.,98.3892,78,,,,,0,percent of total billed charges,78% of Billed Charges. Lesser of 100% of billed charges applies.; No services were performed during the 15 month look back period.,98.3892,78,,,,,0,percent of total billed charges,78% of Billed Charges. Lesser of 100% of billed charges applies.; No services were performed during the 15 month look back period.,98.3892,78,,,,,0,percent of total billed charges,78% of Billed Charges. Lesser of 100% of billed charges applies.; No services were performed during the 15 month look back period.,98.3892,78,,,,,0,percent of total billed charges,78% of Billed Charges. Lesser of 100% of billed charges applies.; No services were performed during the 15 month look back period.,98.3892,78,,,,,0,percent of total billed charges,78% of Billed Charges. Lesser of 100% of billed charges applies.; No services were performed during the 15 month look back period.,98.3892,78,,,,,0,percent of total billed charges,78% of Billed Charges. Lesser of 100% of billed charges applies.; No services were performed during the 15 month look back period.,98.3892,78,,,,,0,percent of total billed charges,78% of Billed Charges. Lesser of 100% of billed charges applies.; No services were performed during the 15 month look back period.,98.3892,78,,,,,0,percent of total billed charges,78% of Billed Charges. Lesser of 100% of billed charges applies.; No services were performed during the 15 month look back period.,98.3892,78,,,,,0,percent of total billed charges,78% of Billed Charges. Lesser of 100% of billed charges applies.; No services were performed during the 15 month look back period.,98.3892,78,,,,,0,percent of total billed charges,78% of Billed Charges. Lesser of 100% of billed charges applies.; No services were performed during the 15 month look back period.,98.3892,78,,,,,0,percent of total billed charges,78% of Billed Charges. Lesser of 100% of billed charges applies.; No services were performed during the 15 month look back period.,98.3892,78,,,,,0,percent of total billed charges,78% of Billed Charges. Lesser of 100% of billed charges applies.; No services were performed during the 15 month look back period.,92.0822,73,,,,,0,percent of total billed charges,73 percent of billed charges; No services were performed during the 15 month look back period.,92.0822,73,,,,,0,percent of total billed charges,73 percent of billed charges; No services were performed during the 15 month look back period.,92.0822,73,,,,,0,percent of total billed charges,73 percent of billed charges; No services were performed during the 15 month look back period.,92.0822,73,,,,,0,percent of total billed charges,73 percent of billed charges; No services were performed during the 15 month look back period.,281.92,,,,,,,Fee Schedule,"416 % Medicare RBRVS. ",281.92,,,,,,,Fee Schedule,"416 % Medicare RBRVS. ",524,,,,,,,Per Diem,. Paid once per unique code per service date and lesser of 100% of billed charges.,81.991,65,,,,,0,percent of total billed charges,65 percent of billed charges; No services were performed during the 15 month look back period.,554.34,,,,,,,Fee Schedule,". ",81.991,65,,,,,0,percent of total billed charges,65 percent of billed charges; No services were performed during the 15 month look back period.,98.3892,78,,,,,0,percent of total billed charges,78% of Billed Charges. Lesser of 100% of billed charges applies.; No services were performed during the 15 month look back period.,281.92,,,,,,,Fee Schedule,"416 % Medicare RBRVS. ",81.991,65,,,,,0,percent of total billed charges,65 percent of billed charges; No services were performed during the 15 month look back period.,554.34,,,,,,,Fee Schedule,". ",524,,,,,,,Per Diem,. Paid once per unique code per service date and lesser of 100% of billed charges.,,,,,,,,,"NA. ",98.3892,78,,,,,0,percent of total billed charges,78% of Billed Charges. Lesser of 100% of billed charges applies.; No services were performed during the 15 month look back period.,125.43,,,,,,,Case Rate,"100 Percent of Medicaid APG. ",92.0822,73,,,,,0,percent of total billed charges,73 percent of billed charges; No services were performed during the 15 month look back period.,125.43,,,,,,,Case Rate,"100 Percent of Medicaid APG. Not APG payable, or payable under another fee schedule like ASP/AWP pays at 30% of charges",,,,,,,,Other,"Not Payable. ",,,,,,,,Other,"Not Payable. ",63.07,50,,,,,0,percent of total billed charges,50 percent of billed charges; No services were performed during the 15 month look back period.,,,,,,,,Other,"Not Payable. ",,,,,,,,Other,"Not Payable. ",125.43,,,,,,,Case Rate,"100 Percent of Medicaid APG. ",,,,,,,,Other,"Not Payable. ",,,,,,,,Other,"Not Payable. ",75.684,60,,,,,0,percent of total billed charges,60 percent of billed charges; No services were performed during the 15 month look back period.,75.684,60,,,,,0,percent of total billed charges,60 percent of billed charges; No services were performed during the 15 month look back period.,,,,,,,,Other,"Not Payable. ",524,,,,,,,Per Diem,. Paid once per unique code per service date and lesser of 100% of billed charges.,554.34,,,,,,,Fee Schedule,". ",554.34,,,,,,,Fee Schedule,". ",,,,,,,,Other,"Not Payable. ",524,,,,,,,Per Diem,. Paid once per unique code per service date and lesser of 100% of billed charges.,75.684,60,,,,,0,percent of total billed charges,60 percent of billed charges; No services were performed during the 15 month look back period.,75.684,60,,,,,0,percent of total billed charges,60 percent of billed charges; No services were performed during the 15 month look back period.,75.684,60,,,,,0,percent of total billed charges,60 percent of billed charges; No services were performed during the 15 month look back period.,98.3892,78,,,,,0,percent of total billed charges,78% of Billed Charges. Lesser of 100% of billed charges applies.; No services were performed during the 15 month look back period.,98.3892,78,,,,,0,percent of total billed charges,78% of Billed Charges. Lesser of 100% of billed charges applies.; No services were performed during the 15 month look back period.,98.3892,78,,,,,0,percent of total billed charges,78% of Billed Charges. Lesser of 100% of billed charges applies.; No services were performed during the 15 month look back period.,98.3892,78,,,,,0,percent of total billed charges,78% of Billed Charges. Lesser of 100% of billed charges applies.; No services were performed during the 15 month look back period.,98.3892,78,,,,,0,percent of total billed charges,78% of Billed Charges. Lesser of 100% of billed charges applies.; No services were performed during the 15 month look back period.,98.3892,78,,,,,0,percent of total billed charges,78% of Billed Charges. Lesser of 100% of billed charges applies.; No services were performed during the 15 month look back period.,98.3892,78,,,,,0,percent of total billed charges,78% of Billed Charges. Lesser of 100% of billed charges applies.; No services were performed during the 15 month look back period.,98.3892,78,,,,,0,percent of total billed charges,78% of Billed Charges. Lesser of 100% of billed charges applies.; No services were performed during the 15 month look back period.,98.3892,78,,,,,0,percent of total billed charges,78% of Billed Charges. Lesser of 100% of billed charges applies.; No services were performed during the 15 month look back period.,98.3892,78,,,,,0,percent of total billed charges,78% of Billed Charges. Lesser of 100% of billed charges applies.; No services were performed during the 15 month look back period.,98.3892,78,,,,,0,percent of total billed charges,78% of Billed Charges. Lesser of 100% of billed charges applies.; No services were performed during the 15 month look back period.,281.92,,,,,,,Fee Schedule,"416 % Medicare RBRVS. ",81.991,65,,,,,0,percent of total billed charges,65 percent of billed charges; No services were performed during the 15 month look back period.,524,,,,,,,Per Diem,. Paid once per unique code per service date and lesser of 100% of billed charges.,,,,,,,,Other,"Not Payable. ",75.684,60,,,,,0,percent of total billed charges,60 percent of billed charges; No services were performed during the 15 month look back period.,524,,,,,,,Per Diem,. Paid once per unique code per service date and lesser of 100% of billed charges.,524,,,,,,,Per Diem,. Paid once per unique code per service date and lesser of 100% of billed charges.,98.3892,78,,,,,0,percent of total billed charges,78% of Billed Charges. Lesser of 100% of billed charges applies.; No services were performed during the 15 month look back period.,268.42,,,,,,,Case Rate,"214 Percent of Medicaid APG. Drugs not priced under APG, billed with revenue code 636 and not priced by Medicare ASP FeeSched will be reimbursed at 20% of charges.",524,,,,,,,Per Diem,. Paid once per unique code per service date and lesser of 100% of billed charges.,125.43,,,,,,,Case Rate,"100 Percent of Medicaid APG. ",,,,,,,,Other,"Not Payable. ",,,,,,,,Other,"Not Payable. ",,,,,,,,Other,"Not Payable. ",,,,,,,,Other,"Not Payable. ",,,,,,,,Other,"Not Payable. ",,,,,,,,Other,"Not Payable. ",524,,,,,,,Per Diem,. Paid once per unique code per service date and lesser of 100% of billed charges.,63.07,50,,,,,0,percent of total billed charges,50 percent of billed charges; No services were performed during the 15 month look back period.,1.2614,1,,,,,0,percent of total billed charges,NA. ; No services were performed during the 15 month look back period.,1.2614,1,,,,,0,percent of total billed charges,NA. ; No services were performed during the 15 month look back period.,1.2614,1,,,,,0,percent of total billed charges,NA. ; No services were performed during the 15 month look back period.,1.2614,1,,,,,0,percent of total billed charges,NA. ; No services were performed during the 15 month look back period.,1.2614,1,,,,,0,percent of total billed charges,NA. ; No services were performed during the 15 month look back period.,,,,,,,,,"NA. ",63.07,50,,,,,0,percent of total billed charges,50 percent of billed charges; No services were performed during the 15 month look back period.,,,,,,,,Fee Schedule,"Not Payable. ",,,,,,,,Fee Schedule,"Not Payable. ",,,,,,,,Fee Schedule,"Not Payable. ",,,,,,,,Fee Schedule,"Not Payable. ",,,,,,,,Fee Schedule,"Not Payable. ",,,,,,,,Other,"Not Payable. ",281.92,,,,,,,Fee Schedule,"416 % Medicare RBRVS. ",281.92,,,,,,,Fee Schedule,"416 % Medicare RBRVS. ",281.92,,,,,,,Fee Schedule,"416 % Medicare RBRVS. ",281.92,,,,,,,Fee Schedule,"416 % Medicare RBRVS. ",75.684,60,,,,,0,percent of total billed charges,60 percent of billed charges; No services were performed during the 15 month look back period.,75.684,60,,,,,0,percent of total billed charges,60 percent of billed charges; No services were performed during the 15 month look back period.,75.684,60,,,,,0,percent of total billed charges,60 percent of billed charges; No services were performed during the 15 month look back period.,75.684,60,,,,,0,percent of total billed charges,60 percent of billed charges; No services were performed during the 15 month look back period.,63.07,50,,,,,0,percent of total billed charges,50 percent of billed charges; No services were performed during the 15 month look back period.,63.07,50,,,,,0,percent of total billed charges,50 percent of billed charges; No services were performed during the 15 month look back period.,,,,,,,,Other,"Not Payable. ",,,,,,,,Other,"Not Payable. ",,,,,,,,Other,"Not Payable. ",81.991,65,,,,,0,percent of total billed charges,65 percent of billed charges; No services were performed during the 15 month look back period.,81.991,65,,,,,0,percent of total billed charges,65 percent of billed charges; No services were performed during the 15 month look back period.,81.991,65,,,,,0,percent of total billed charges,65 percent of billed charges; No services were performed during the 15 month look back period.,63.07,50,,,,,0,percent of total billed charges,50 percent of billed charges; No services were performed during the 15 month look back period.,75.684,60,,,,,0,percent of total billed charges,60 percent of billed charges; No services were performed during the 15 month look back period.,,,,,,,,Other,"Not Payable. ",81.991,65,,,,,0,percent of total billed charges,65 percent of billed charges; No services were performed during the 15 month look back period.,125.43,,,,,,,Case Rate,"100 Percent of Medicaid APG. ",,,,,,,,Other,"Not Payable. ",,,,,,,,Other,"Not Payable. ",,,,,,,,Other,"Not Payable. ",,,,,,,,Fee schedule,"90 Percent of Medicare RBRVS. ",282.22,,,,,,,Fee Schedule,225% of NYS APG. Lesser of 100% of billed charges applies.,282.22,,,,,,,Fee Schedule,225% of NYS APG. Lesser of 100% of billed charges applies.,282.22,,,,,,,Fee Schedule,225% of NYS APG. Lesser of 100% of billed charges applies.,282.22,,,,,,,Fee Schedule,225% of NYS APG. Lesser of 100% of billed charges applies.,282.22,,,,,,,Fee Schedule,225% of NYS APG. Lesser of 100% of billed charges applies.,,,,,,,,Other,"Not Payable. ",125.43,,,,,,,Case Rate,"100 Percent of Medicaid APG. ",,,,,,,,Fee Schedule,"Not payable. ",282.22,,,,,,,Fee Schedule,225% of NYS APG. Lesser of 100% of billed charges applies.,282.22,,,,,,,Fee Schedule,225% of NYS APG. Lesser of 100% of billed charges applies.,,,,,,,,Fee Schedule,"Not payable. ",,,,,,,,Fee Schedule,"Not payable. ",1.2614,1,,,,,0,percent of total billed charges,NA. ; No services were performed during the 15 month look back period.,,,,,,,,Other,"Not Payable. ",,,,,,,,Other,"Not Payable. ",75.684,60,,,,,0,percent of total billed charges,60 percent of billed charges; No services were performed during the 15 month look back period.,,,,,,,,Other,"Not Payable. ",282.22,,,,,,,Fee Schedule,"225 Percent of Medicaid APG. ",282.22,,,,,,,Fee Schedule,"225 Percent of Medicaid APG. ",,,,,,,,Fee schedule,"90 Percent of Medicare RBRVS. ",,,,,,,,Fee schedule,"90 Percent of Medicare RBRVS. ",282.22,,,,,,,Case Rate,225 Percent of Medicaid APG. Covered services not payable under Medicaid Fee Schedules default to a payment of 87.5 percent of charges.,1.2614,1,,,,,0,percent of total billed charges,NA. Covered services not payable under Medicaid Fee Schedules default to a payment of 50 percent of charges.; No services were performed during the 15 month look back period.,282.22,,,,,,,Case Rate,"100 Percent of Medicaid APG. ",282.22,,,,,,,Case Rate,"100 Percent of Medicaid APG. ",282.22,,,,,,,Case Rate,"100 Percent of Medicaid APG. ",282.22,,,,,,,Case Rate,"100 Percent of Medicaid APG. ",,,,,,,,,,63.07,50,,,,,0,percent of total billed charges,50 percent of billed charges; No services were performed during the 15 month look back period.,150.52,,,,,,,Case Rate,"120 Percent of Medicaid APG. Not APG payable, or payable under another fee schedule like ASP/AWP pays at 30% of charges",150.52,,,,,,,Case Rate,"120 Percent of Medicaid APG. Not APG payable, or payable under another fee schedule like ASP/AWP pays at 30% of charges",125.43,,,,,,,Case Rate,"100 Percent of Medicaid APG. Not APG payable, or payable under another fee schedule like ASP/AWP pays at 30% of charges",125.43,,,,,,,Case Rate,"100 Percent of Medicaid APG. Not APG payable, or payable under another fee schedule like ASP/AWP pays at 30% of charges",81.991,65,,,,,0,percent of total billed charges,65 percent of billed charges; No services were performed during the 15 month look back period.,81.991,65,,,,,0,percent of total billed charges,65 percent of billed charges; No services were performed during the 15 month look back period.,,,,,,,,Other,"Not Payable. ",81.991,65,,,,,0,percent of total billed charges,65 percent of billed charges; No services were performed during the 15 month look back period.,81.991,65,,,,,0,percent of total billed charges,65 percent of billed charges; No services were performed during the 15 month look back period.,81.991,65,,,,,0,percent of total billed charges,65 percent of billed charges; No services were performed during the 15 month look back period.,81.991,65,,,,,0,percent of total billed charges,65 percent of billed charges; No services were performed during the 15 month look back period.,,,,,,,,Other,"Not Payable. ",81.991,65,,,,,0,percent of total billed charges,65 percent of billed charges; No services were performed during the 15 month look back period.,81.991,65,,,,,0,percent of total billed charges,65 percent of billed charges; No services were performed during the 15 month look back period.,75.684,60,,,,,0,percent of total billed charges,60 percent of billed charges; No services were performed during the 15 month look back period.,,,,,,,,Fee Schedule,100% of RBRVS. Lesser of 100% of billed charges applies.,1.2614,1,,,,,0,percent of total billed charges,NA. Covered services not payable under Medicaid Fee Schedules default to a payment of 50 percent of charges.; No services were performed during the 15 month look back period.,282.22,,,,,,,Fee Schedule,225% of NYS APG. Lesser of 100% of billed charges applies.,282.22,,,,,,,Case Rate,225 Percent of Medicaid APG. Covered services not payable under Medicaid Fee Schedules default to a payment of 87.5 percent of charges.,1.2614,1,,,,,0,percent of total billed charges,NA. Covered services not payable under Medicaid Fee Schedules default to a payment of 50 percent of charges.; No services were performed during the 15 month look back period.,282.22,,,,,,,Fee Schedule,225% of NYS APG. Lesser of 100% of billed charges applies.,282.22,,,,,,,Fee Schedule,225% of NYS APG. Lesser of 100% of billed charges applies.,282.22,,,,,,,Fee Schedule,225% of NYS APG. Lesser of 100% of billed charges applies.,282.22,,,,,,,Fee Schedule,225% of NYS APG. Lesser of 100% of billed charges applies.,282.22,,,,,,,Fee Schedule,225% of NYS APG. Lesser of 100% of billed charges applies.,282.22,,,,,,,Fee Schedule,225% of NYS APG. Lesser of 100% of billed charges applies.,,,,,,,,,"NA. ",,,,,,,,,"NA. ",,,,,,,,,"NA. ",524,,,,,,,Per Diem,. Paid once per unique code per service date and lesser of 100% of billed charges.,,,,,,,,,"NA. ",,,,,,,,Other,"Not Payable. ",76,,,,,,,Fee Schedule,"100 % 1199 Fee Schedule. ",,,,,,,,Other,"Not Payable. ",,,,,,,,Other,"Not Payable. ",150.52,,,,,,,Case Rate,"120 Percent of Medicaid APG. Not APG payable, or payable under another fee schedule like ASP/AWP pays at 30% of charges",150.52,,,,,,,Case Rate,"120 Percent of Medicaid APG. Not APG payable, or payable under another fee schedule like ASP/AWP pays at 30% of charges",125.43,,,,,,,Case Rate,"100 Percent of Medicaid APG. Not APG payable, or payable under another fee schedule like ASP/AWP pays at 30% of charges",125.43,,,,,,,Case Rate,"100 Percent of Medicaid APG. Not APG payable, or payable under another fee schedule like ASP/AWP pays at 30% of charges",125.43,,,,,,,Case Rate,"100 Percent of Medicaid APG. ",92.0822,73,,,,,0,percent of total billed charges,73 percent of billed charges; No services were performed during the 15 month look back period.,75.684,60,,,,,0,percent of total billed charges,60 percent of billed charges; No services were performed during the 15 month look back period.,92.0822,73,,,,,0,percent of total billed charges,73 percent of billed charges; No services were performed during the 15 month look back period.,524,,,,,,,Per Diem,. Paid once per unique code per service date and lesser of 100% of billed charges.,,,,,,,,Other,"Not Payable. ",,,,,,,,Other,"Not Payable. ",,,,,,,,Other,"Not Payable. ",,,,,,,,Other,"Not Payable. ",,,,,,,,Other,"Not Payable. ",,,,,,,,Other,"Not Payable. ",,,,,,,,,"NA. ",282.22,,,,,,,Fee Schedule,225% of NYS APG. Lesser of 100% of billed charges applies.,,,,,,,,Fee Schedule,"Not payable. ",81.991,65,,,,,0,percent of total billed charges,65 percent of billed charges; No services were performed during the 15 month look back period.,92.0822,73,,,,,0,percent of total billed charges,73 percent of billed charges; No services were performed during the 15 month look back period.,92.0822,73,,,,,0,percent of total billed charges,73 percent of billed charges; No services were performed during the 15 month look back period.,92.0822,73,,,,,0,percent of total billed charges,73 percent of billed charges; No services were performed during the 15 month look back period.,92.0822,73,,,,,0,percent of total billed charges,73 percent of billed charges; No services were performed during the 15 month look back period.,,,,,,,,Other,"Not Payable. ",125.43,,,,,,,Case Rate,"100 Percent of Medicaid APG. ",81.991,65,,,,,0,percent of total billed charges,65 percent of billed charges; No services were performed during the 15 month look back period.,125.43,,,,,,,Case Rate,"100 Percent of Medicaid APG. ",,,,,,,,Other,"Not Payable. ",125.43,,,,,,,Case Rate,"100 Percent of Medicaid APG. ",,,,,,,,Other,"Not Payable. ",,,,,,,,Other,"Not Payable. ",125.43,,,,,,,Case Rate,"100 Percent of Medicaid APG. ",125.43,,,,,,,Case Rate,"100 Percent of Medicaid APG. ",92.0822,73,,,,,0,percent of total billed charges,73 percent of billed charges; No services were performed during the 15 month look back period.,524,,,,,,,Per Diem,. Paid once per unique code per service date and lesser of 100% of billed charges.,98.3892,78,,,,,0,percent of total billed charges,78% of Billed Charges. Lesser of 100% of billed charges applies.; No services were performed during the 15 month look back period.,554.34,,,,,,,Fee Schedule,". ",554.34,,,,,,,Fee Schedule,". ",75.684,60,,,,,0,percent of total billed charges,60 percent of billed charges; No services were performed during the 15 month look back period.,,,,,,,,Other,"Not Payable. ",281.92,,,,,,,Fee Schedule,"416 % Medicare RBRVS. ",281.92,,,,,,,Fee Schedule,"416 % Medicare RBRVS. ",65.5928,52,,,,,0,percent of total billed charges,52 percent of billed charges; No services were performed during the 15 month look back period.,65.5928,52,,,,,0,percent of total billed charges,52 percent of billed charges; No services were performed during the 15 month look back period.,,,,,,,,Other,"Not Payable. ",,,,,,,,Other,"Not Payable. ",,,,,,,,Other,"Not Payable. ",,,,,,,,Other,"Not Payable. ",554.34,,,,,,,Fee Schedule,". ",81.991,65,,,,,0,percent of total billed charges,65 percent of billed charges; No services were performed during the 15 month look back period.,81.991,65,,,,,0,percent of total billed charges,65 percent of billed charges; No services were performed during the 15 month look back period.,,,,,,,,Other,"Not Payable. ",65.5928,52,,,,,0,percent of total billed charges,52 percent of billed charges; No services were performed during the 15 month look back period.,92.0822,73,,,,,0,percent of total billed charges,73 percent of billed charges; No services were performed during the 15 month look back period.,150.52,,,,,,,Fee Schedule,"120 Percent of Medicaid APG. ",125.43,,,,,,,Case Rate,"100 Percent of Medicaid APG. ",92.0822,73,,,,,0,percent of total billed charges,73 percent of billed charges; No services were performed during the 15 month look back period.,74.4226,59,,,,,0,percent of total billed charges,59 percent of billed charges; No services were performed during the 15 month look back period.,74.4226,59,,,,,0,percent of total billed charges,59 percent of billed charges; No services were performed during the 15 month look back period.,81.991,65,,,,,0,percent of total billed charges,65 percent of billed charges; No services were performed during the 15 month look back period.,63.07,50,,,,,0,percent of total billed charges,50 percent of billed charges; No services were performed during the 15 month look back period.,,,,,,,,Other,"Not Payable. ",131.7,,,,,,,Fee Schedule,105 percent of Medicaid APG. otherwise 105% of Ordered NYS MCD FS or 105% of ASP+6%,131.7,,,,,,,Fee Schedule,105 percent of Medicaid APG. otherwise 105% of Ordered NYS MCD FS or 105% of ASP+6%,131.7,,,,,,,Fee Schedule,105 percent of Medicaid APG. otherwise 105% of Ordered NYS MCD FS or 105% of ASP+6%,169.33,,,,,,,Fee Schedule,135 percent of Medicaid APG. otherwise 135% of Ordered NYS MCD FS or 135% of ASP+6%,554.34,,,,,,,Fee Schedule,". ",131.7,,,,,,,Fee Schedule,105 percent of Medicaid APG. otherwise 105% of Ordered NYS MCD FS or 105% of ASP+6%,131.7,,,,,,,Fee Schedule,105 percent of Medicaid APG. otherwise 105% of Ordered NYS MCD FS or 105% of ASP+6%,131.7,,,,,,,Fee Schedule,105 percent of Medicaid APG. otherwise 105% of Ordered NYS MCD FS or 105% of ASP+6%,131.7,,,,,,,Fee Schedule,105 percent of Medicaid APG. otherwise 105% of Ordered NYS MCD FS or 105% of ASP+6%,131.7,,,,,,,Fee Schedule,105 percent of Medicaid APG. otherwise 105% of Ordered NYS MCD FS or 105% of ASP+6%,169.33,,,,,,,Fee Schedule,135 percent of Medicaid APG. otherwise 135% of Ordered NYS MCD FS or 135% of ASP+6%,169.33,,,,,,,Fee Schedule,135 percent of Medicaid APG. otherwise 135% of Ordered NYS MCD FS or 135% of ASP+6%,,,,,,,,Other,"Not Payable. ",554.34,,,,,,,Fee Schedule,". ",,,,,,,,Other,"Not Payable. ",131.7,,,,,,,Fee Schedule,105 percent of Medicaid APG. otherwise 105% of Ordered NYS MCD FS or 105% of ASP+6%,81.991,65,,,,,0,percent of total billed charges,65 percent of billed charges; No services were performed during the 15 month look back period.,,,,,,,,Other,"Not Payable. ",81.991,65,,,,,0,percent of total billed charges,65 percent of billed charges; No services were performed during the 15 month look back period.,81.991,65,,,,,0,percent of total billed charges,65 percent of billed charges; No services were performed during the 15 month look back period.,81.991,65,,,,,0,percent of total billed charges,65 percent of billed charges; No services were performed during the 15 month look back period.,131.7,,,,,,,Fee Schedule,105 percent of Medicaid APG. otherwise 105% of Ordered NYS MCD FS or 105% of ASP+6%,,,,,,,,Other,"Not Payable. ",81.991,65,,,,,0,percent of total billed charges,65 percent of billed charges; No services were performed during the 15 month look back period.,169.33,,,,,,,Fee Schedule,135 percent of Medicaid APG. otherwise 135% of Ordered NYS MCD FS or 135% of ASP+6%,81.991,65,,,,,0,percent of total billed charges,65 percent of billed charges; No services were performed during the 15 month look back period.,,,,,,,,Other,"Not Payable. ",,,,,,,,Other,"Not Payable. ",92.0822,73,,,,,0,percent of total billed charges,73 percent of billed charges; No services were performed during the 15 month look back period.,92.0822,73,,,,,0,percent of total billed charges,73 percent of billed charges; No services were performed during the 15 month look back period.,92.0822,73,,,,,0,percent of total billed charges,73 percent of billed charges; No services were performed during the 15 month look back period.,92.0822,73,,,,,0,percent of total billed charges,73 percent of billed charges; No services were performed during the 15 month look back period.,92.0822,73,,,,,0,percent of total billed charges,73 percent of billed charges; No services were performed during the 15 month look back period.,92.0822,73,,,,,0,percent of total billed charges,73 percent of billed charges; No services were performed during the 15 month look back period.,92.0822,73,,,,,0,percent of total billed charges,73 percent of billed charges; No services were performed during the 15 month look back period.,92.0822,73,,,,,0,percent of total billed charges,73 percent of billed charges; No services were performed during the 15 month look back period.,92.0822,73,,,,,0,percent of total billed charges,73 percent of billed charges; No services were performed during the 15 month look back period.,92.0822,73,,,,,0,percent of total billed charges,73 percent of billed charges; No services were performed during the 15 month look back period.,92.0822,73,,,,,0,percent of total billed charges,73 percent of billed charges; No services were performed during the 15 month look back period.,92.0822,73,,,,,0,percent of total billed charges,73 percent of billed charges; No services were performed during the 15 month look back period.,,,,,,,,Other,"Not Payable. ",92.0822,73,,,,,0,percent of total billed charges,73 percent of billed charges; No services were performed during the 15 month look back period.,,,,,,,,Other,"Not Payable. ",282.22,,,,,,,Case Rate,"225 Percent of Medicaid APG. If not included in Medicaid APG, then 100 Percent of Manhattan Medicare",125.43,,,,,,,Case Rate,"100 Percent of Medicaid APG. ",554.34,,,,,,,Fee Schedule,". ",554.34,,,,,,,Fee Schedule,". ",,,,,,,,Other,"Not Payable. ",281.92,,,,,,,Fee Schedule,"416 % Medicare RBRVS. ",,,,,,,,Other,"Not Payable. ",,,,,,,,Other,"Not Payable. ",75.684,60,,,,,0,percent of total billed charges,60 percent of billed charges; No services were performed during the 15 month look back period.,,,,,,,,Other,"Not Payable. ",524,,,,,,,Per Diem,. Paid once per unique code per service date and lesser of 100% of billed charges.,,,,,,,,Other,"Not Payable. ",524,,,,,,,Per Diem,. Paid once per unique code per service date and lesser of 100% of billed charges.,75.684,60,,,,,0,percent of total billed charges,60 percent of billed charges; No services were performed during the 15 month look back period.,524,,,,,,,Per Diem,. Paid once per unique code per service date and lesser of 100% of billed charges.,,,,,,,,Other,"Not Payable. ",125.43,,,,,,,Case Rate,"100 Percent of Medicaid APG. ",,,,,,,,Other,"Not Payable. ",524,,,,,,,Per Diem,. Paid once per unique code per service date and lesser of 100% of billed charges.,554.34,,,,,,,Fee Schedule,". ",125.43,,,,,,,Case Rate,"100 Percent of Medicaid APG. ",81.991,65,,,,,0,percent of total billed charges,65 percent of billed charges; No services were performed during the 15 month look back period.,150.52,,,,,,,Fee Schedule,"120 Percent of Medicaid APG. ",150.52,,,,,,,Fee Schedule,"120 Percent of Medicaid APG. ",81.991,65,,,,,0,percent of total billed charges,65 percent of billed charges; No services were performed during the 15 month look back period.,81.991,65,,,,,0,percent of total billed charges,65 percent of billed charges; No services were performed during the 15 month look back period.,81.991,65,,,,,0,percent of total billed charges,65 percent of billed charges; No services were performed during the 15 month look back period.,554.34,,,,,,,Fee Schedule,". ",81.991,65,,,,,0,percent of total billed charges,65 percent of billed charges; No services were performed during the 15 month look back period.,81.991,65,,,,,0,percent of total billed charges,65 percent of billed charges; No services were performed during the 15 month look back period.,81.991,65,,,,,0,percent of total billed charges,65 percent of billed charges; No services were performed during the 15 month look back period.,92.0822,73,,,,,0,percent of total billed charges,73 percent of billed charges; No services were performed during the 15 month look back period.,92.0822,73,,,,,0,percent of total billed charges,73 percent of billed charges; No services were performed during the 15 month look back period.,,,,,,,,Fee Schedule,"Not Payable. ",125.43,,,,,,,Case Rate,"100 Percent of Medicaid APG. ",554.34,,,,,,,Fee Schedule,". ",524,,,,,,,Per Diem,. Paid once per unique code per service date and lesser of 100% of billed charges.,75.684,60,,,,,0,percent of total billed charges,60 percent of billed charges; No services were performed during the 15 month look back period.,554.34,,,,,,,Fee Schedule,". ",75.684,60,,,,,0,percent of total billed charges,60 percent of billed charges; No services were performed during the 15 month look back period.,554.34,,,,,,,Fee Schedule,". ",81.991,65,,,,,0,percent of total billed charges,65 percent of billed charges; No services were performed during the 15 month look back period.,81.991,65,,,,,0,percent of total billed charges,65 percent of billed charges; No services were performed during the 15 month look back period.,81.991,65,,,,,0,percent of total billed charges,65 percent of billed charges; No services were performed during the 15 month look back period.,81.991,65,,,,,0,percent of total billed charges,65 percent of billed charges; No services were performed during the 15 month look back period.,,,,,,,,Other,"Not Payable. ",1.2614,1210,
A4641,HCPCS,5020057,LOCAL,343,RC,HC AXUMIN,46819.21,8895.6499,both,,,,23409.605,50,,,,,0,percent of total billed charges,50% of Billed Charges. Lesser of 100% of billed charges applies.; No services were performed during the 15 month look back period.,23409.605,50,,,,,0,percent of total billed charges,50% of Billed Charges. Lesser of 100% of billed charges applies.; No services were performed during the 15 month look back period.,14045.763,30,,,,,0,percent of total billed charges,30 percent of billed charges. Line level lesser of applies.; No services were performed during the 15 month look back period.,46819.21,100,,,,,0,percent of total billed charges,100 percent of billed charges. ; No services were performed during the 15 month look back period.,,,,,,,,Other,"Not Payable. ",14045.763,30,,,,,0,percent of total billed charges,30 percent of billed charges. Line level lesser of applies.; No services were performed during the 15 month look back period.,14045.763,30,,,,,0,percent of total billed charges,30 percent of billed charges. Line level lesser of applies.; No services were performed during the 15 month look back period.,14045.763,30,,,,,0,percent of total billed charges,30 percent of billed charges. Line level lesser of applies.; No services were performed during the 15 month look back period.,,,,,,,,Other,"100 Percent of Medicaid APG. ",,,,,,,,Other,"100 Percent of Medicaid APG. ",36518.9838,78,,,,,0,percent of total billed charges,78% of Billed Charges. Lesser of 100% of billed charges applies.; No services were performed during the 15 month look back period.,,,,,,,,Fee Schedule,"100 % Zero Pay Code. ",,,,,,,,Other,"100 Percent of Medicaid APG. ",,,,,,,,Other,"Not Payable. ",28091.526,60,,,,,0,percent of total billed charges,60 percent of billed charges; No services were performed during the 15 month look back period.,28091.526,60,,,,,0,percent of total billed charges,60 percent of billed charges; No services were performed during the 15 month look back period.,28091.526,60,,,,,0,percent of total billed charges,60 percent of billed charges; No services were performed during the 15 month look back period.,28091.526,60,,,,,0,percent of total billed charges,60 percent of billed charges; No services were performed during the 15 month look back period.,468.1921,1,,,,,0,percent of total billed charges,NA. Covered services not payable under Medicaid Fee Schedules default to a payment of 50 percent of charges.; No services were performed during the 15 month look back period.,,,,,,,,Other,"Not Payable. ",468.1921,1,,,,,0,percent of total billed charges,NA. Covered services not payable under Medicaid Fee Schedules default to a payment of 50 percent of charges.; No services were performed during the 15 month look back period.,36518.9838,78,,,,,0,percent of total billed charges,78% of Billed Charges. Lesser of 100% of billed charges applies.; No services were performed during the 15 month look back period.,14045.763,30,,,,,0,percent of total billed charges,30 percent of billed charges. Line level lesser of applies.; No services were performed during the 15 month look back period.,,,,,,,,Other,"Not Payable. ",34178.0233,73,,,,,0,percent of total billed charges,73 percent of billed charges; No services were performed during the 15 month look back period.,,,,,,,,Other,"Not Payable. ",,,,,,,,Other,"Not Payable. ",36518.9838,78,,,,,0,percent of total billed charges,78% of Billed Charges. Lesser of 100% of billed charges applies.; No services were performed during the 15 month look back period.,,,,,,,,Fee Schedule,"Not payable. ",,,,,,,,Fee Schedule,"Not payable. ",,,,,,,,Fee schedule,"90 Percent of Medicare RBRVS. ",,,,,,,,Fee schedule,"90 Percent of Medicare RBRVS. ",34178.0233,73,,,,,0,percent of total billed charges,73 percent of billed charges; No services were performed during the 15 month look back period.,34178.0233,73,,,,,0,percent of total billed charges,73 percent of billed charges; No services were performed during the 15 month look back period.,,,,,,,,Other,"100 Percent of Medicaid APG. Not APG payable, or payable under another fee schedule like ASP/AWP pays at 30% of charges",34178.0233,73,,,,,0,percent of total billed charges,73 percent of billed charges; No services were performed during the 15 month look back period.,,,,,,,,Other,"100 Percent of Medicaid APG. Not APG payable, or payable under another fee schedule like ASP/AWP pays at 30% of charges",,,,,,,,Other,"Not Payable. ",34178.0233,73,,,,,0,percent of total billed charges,73 percent of billed charges; No services were performed during the 15 month look back period.,36518.9838,78,,,,,0,percent of total billed charges,78% of Billed Charges. Lesser of 100% of billed charges applies.; No services were performed during the 15 month look back period.,,,,,,,,Other,"100 Percent of Medicaid APG. If not priced under APG, then Metroplus FeeSched",,,,,,,,Other,"100 Percent of Medicaid APG. If not priced under APG, then Metroplus FeeSched",36518.9838,78,,,,,0,percent of total billed charges,78% of Billed Charges. Lesser of 100% of billed charges applies.; No services were performed during the 15 month look back period.,28091.526,60,,,,,0,percent of total billed charges,60 percent of billed charges; No services were performed during the 15 month look back period.,,,,,,,,Fee Schedule,"100 % Zero Pay Code. ",,,,,,,,Fee Schedule,"100 % Zero Pay Code. ",36518.9838,78,,,,,0,percent of total billed charges,78% of Billed Charges. Lesser of 100% of billed charges applies.; No services were performed during the 15 month look back period.,,,,,,,,Other,"Not Payable. ",,,,,,,,Fee Schedule,"100 % Zero Pay Code. ",,,,,,,,Fee Schedule,"100 % Zero Pay Code. ",,,,,,,,Fee Schedule,"100 % Zero Pay Code. ",,,,,,,,Other,"Not Payable. ",,,,,,,,Fee Schedule,"100 % Zero Pay Code. ",,,,,,,,Fee Schedule,"100 % Zero Pay Code. ",,,,,,,,Other,"Not Payable. ",23409.605,50,,,,,0,percent of total billed charges,50 percent of billed charges; No services were performed during the 15 month look back period.,30432.4865,65,,,,,0,percent of total billed charges,65% of Billed Charges. Lesser of 100% of billed charges applies.; No services were performed during the 15 month look back period.,30432.4865,65,,,,,0,percent of total billed charges,65% of Billed Charges. Lesser of 100% of billed charges applies.; No services were performed during the 15 month look back period.,30432.4865,65,,,,,0,percent of total billed charges,65% of Billed Charges. Lesser of 100% of billed charges applies.; No services were performed during the 15 month look back period.,30432.4865,65,,,,,0,percent of total billed charges,65% of Billed Charges. Lesser of 100% of billed charges applies.; No services were performed during the 15 month look back period.,30432.4865,65,,,,,0,percent of total billed charges,65% of Billed Charges. Lesser of 100% of billed charges applies.; No services were performed during the 15 month look back period.,30432.4865,65,,,,,0,percent of total billed charges,65% of Billed Charges. Lesser of 100% of billed charges applies.; No services were performed during the 15 month look back period.,,,,,,,,Other,"Not Payable. ",,,,,,,,Other,"Not Payable. ",30432.4865,65,,,,,0,percent of total billed charges,65% of Billed Charges. Lesser of 100% of billed charges applies.; No services were performed during the 15 month look back period.,36518.9838,78,,,,,0,percent of total billed charges,78% of Billed Charges. Lesser of 100% of billed charges applies.; No services were performed during the 15 month look back period.,36518.9838,78,,,,,0,percent of total billed charges,78% of Billed Charges. Lesser of 100% of billed charges applies.; No services were performed during the 15 month look back period.,36518.9838,78,,,,,0,percent of total billed charges,78% of Billed Charges. Lesser of 100% of billed charges applies.; No services were performed during the 15 month look back period.,36518.9838,78,,,,,0,percent of total billed charges,78% of Billed Charges. Lesser of 100% of billed charges applies.; No services were performed during the 15 month look back period.,36518.9838,78,,,,,0,percent of total billed charges,78% of Billed Charges. Lesser of 100% of billed charges applies.; No services were performed during the 15 month look back period.,36518.9838,78,,,,,0,percent of total billed charges,78% of Billed Charges. Lesser of 100% of billed charges applies.; No services were performed during the 15 month look back period.,36518.9838,78,,,,,0,percent of total billed charges,78% of Billed Charges. Lesser of 100% of billed charges applies.; No services were performed during the 15 month look back period.,36518.9838,78,,,,,0,percent of total billed charges,78% of Billed Charges. Lesser of 100% of billed charges applies.; No services were performed during the 15 month look back period.,36518.9838,78,,,,,0,percent of total billed charges,78% of Billed Charges. Lesser of 100% of billed charges applies.; No services were performed during the 15 month look back period.,36518.9838,78,,,,,0,percent of total billed charges,78% of Billed Charges. Lesser of 100% of billed charges applies.; No services were performed during the 15 month look back period.,36518.9838,78,,,,,0,percent of total billed charges,78% of Billed Charges. Lesser of 100% of billed charges applies.; No services were performed during the 15 month look back period.,36518.9838,78,,,,,0,percent of total billed charges,78% of Billed Charges. Lesser of 100% of billed charges applies.; No services were performed during the 15 month look back period.,36518.9838,78,,,,,0,percent of total billed charges,78% of Billed Charges. Lesser of 100% of billed charges applies.; No services were performed during the 15 month look back period.,36518.9838,78,,,,,0,percent of total billed charges,78% of Billed Charges. Lesser of 100% of billed charges applies.; No services were performed during the 15 month look back period.,36518.9838,78,,,,,0,percent of total billed charges,78% of Billed Charges. Lesser of 100% of billed charges applies.; No services were performed during the 15 month look back period.,36518.9838,78,,,,,0,percent of total billed charges,78% of Billed Charges. Lesser of 100% of billed charges applies.; No services were performed during the 15 month look back period.,36518.9838,78,,,,,0,percent of total billed charges,78% of Billed Charges. Lesser of 100% of billed charges applies.; No services were performed during the 15 month look back period.,36518.9838,78,,,,,0,percent of total billed charges,78% of Billed Charges. Lesser of 100% of billed charges applies.; No services were performed during the 15 month look back period.,36518.9838,78,,,,,0,percent of total billed charges,78% of Billed Charges. Lesser of 100% of billed charges applies.; No services were performed during the 15 month look back period.,36518.9838,78,,,,,0,percent of total billed charges,78% of Billed Charges. Lesser of 100% of billed charges applies.; No services were performed during the 15 month look back period.,36518.9838,78,,,,,0,percent of total billed charges,78% of Billed Charges. Lesser of 100% of billed charges applies.; No services were performed during the 15 month look back period.,36518.9838,78,,,,,0,percent of total billed charges,78% of Billed Charges. Lesser of 100% of billed charges applies.; No services were performed during the 15 month look back period.,36518.9838,78,,,,,0,percent of total billed charges,78% of Billed Charges. Lesser of 100% of billed charges applies.; No services were performed during the 15 month look back period.,36518.9838,78,,,,,0,percent of total billed charges,78% of Billed Charges. Lesser of 100% of billed charges applies.; No services were performed during the 15 month look back period.,36518.9838,78,,,,,0,percent of total billed charges,78% of Billed Charges. Lesser of 100% of billed charges applies.; No services were performed during the 15 month look back period.,36518.9838,78,,,,,0,percent of total billed charges,78% of Billed Charges. Lesser of 100% of billed charges applies.; No services were performed during the 15 month look back period.,34178.0233,73,,,,,0,percent of total billed charges,73 percent of billed charges; No services were performed during the 15 month look back period.,34178.0233,73,,,,,0,percent of total billed charges,73 percent of billed charges; No services were performed during the 15 month look back period.,34178.0233,73,,,,,0,percent of total billed charges,73 percent of billed charges; No services were performed during the 15 month look back period.,34178.0233,73,,,,,0,percent of total billed charges,73 percent of billed charges; No services were performed during the 15 month look back period.,23409.605,50,,,,,0,percent of total billed charges,50 percent of billed charges. Paid once per unit.; No services were performed during the 15 month look back period.,23409.605,50,,,,,0,percent of total billed charges,50 percent of billed charges. Paid once per unit.; No services were performed during the 15 month look back period.,28091.526,60,,,,,0,percent of total billed charges,60 percent of billed charges; No services were performed during the 15 month look back period.,30432.4865,65,,,,,0,percent of total billed charges,65% of Billed Charges. Lesser of 100% of billed charges applies.; No services were performed during the 15 month look back period.,,,,,,,,Fee Schedule,"100 % Zero Pay Code. ",30432.4865,65,,,,,0,percent of total billed charges,65% of Billed Charges. Lesser of 100% of billed charges applies.; No services were performed during the 15 month look back period.,36518.9838,78,,,,,0,percent of total billed charges,78% of Billed Charges. Lesser of 100% of billed charges applies.; No services were performed during the 15 month look back period.,23409.605,50,,,,,0,percent of total billed charges,50 percent of billed charges. Paid once per unit.; No services were performed during the 15 month look back period.,30432.4865,65,,,,,0,percent of total billed charges,65% of Billed Charges. Lesser of 100% of billed charges applies.; No services were performed during the 15 month look back period.,,,,,,,,Fee Schedule,"100 % Zero Pay Code. ",28091.526,60,,,,,0,percent of total billed charges,60 percent of billed charges; No services were performed during the 15 month look back period.,,,,,,,,,"NA. ",36518.9838,78,,,,,0,percent of total billed charges,78% of Billed Charges. Lesser of 100% of billed charges applies.; No services were performed during the 15 month look back period.,,,,,,,,Other,"100 Percent of Medicaid APG. ",34178.0233,73,,,,,0,percent of total billed charges,73 percent of billed charges; No services were performed during the 15 month look back period.,,,,,,,,Other,"100 Percent of Medicaid APG. Not APG payable, or payable under another fee schedule like ASP/AWP pays at 30% of charges",,,,,,,,Other,"Not Payable. ",,,,,,,,Other,"Not Payable. ",23409.605,50,,,,,0,percent of total billed charges,50 percent of billed charges; No services were performed during the 15 month look back period.,,,,,,,,Other,"Not Payable. ",,,,,,,,Other,"Not Payable. ",,,,,,,,Other,"100 Percent of Medicaid APG. ",,,,,,,,Other,"Not Payable. ",,,,,,,,Other,"Not Payable. ",14045.763,30,,,,,0,percent of total billed charges,30 percent of billed charges. Line level lesser of applies.; No services were performed during the 15 month look back period.,14045.763,30,,,,,0,percent of total billed charges,30 percent of billed charges. Line level lesser of applies.; No services were performed during the 15 month look back period.,,,,,,,,Other,"Not Payable. ",28091.526,60,,,,,0,percent of total billed charges,60 percent of billed charges; No services were performed during the 15 month look back period.,,,,,,,,Fee Schedule,"100 % Zero Pay Code. ",,,,,,,,Fee Schedule,"100 % Zero Pay Code. ",,,,,,,,Other,"Not Payable. ",28091.526,60,,,,,0,percent of total billed charges,60 percent of billed charges; No services were performed during the 15 month look back period.,14045.763,30,,,,,0,percent of total billed charges,30 percent of billed charges. Line level lesser of applies.; No services were performed during the 15 month look back period.,14045.763,30,,,,,0,percent of total billed charges,30 percent of billed charges. Line level lesser of applies.; No services were performed during the 15 month look back period.,14045.763,30,,,,,0,percent of total billed charges,30 percent of billed charges. Line level lesser of applies.; No services were performed during the 15 month look back period.,36518.9838,78,,,,,0,percent of total billed charges,78% of Billed Charges. Lesser of 100% of billed charges applies.; No services were performed during the 15 month look back period.,36518.9838,78,,,,,0,percent of total billed charges,78% of Billed Charges. Lesser of 100% of billed charges applies.; No services were performed during the 15 month look back period.,36518.9838,78,,,,,0,percent of total billed charges,78% of Billed Charges. Lesser of 100% of billed charges applies.; No services were performed during the 15 month look back period.,36518.9838,78,,,,,0,percent of total billed charges,78% of Billed Charges. Lesser of 100% of billed charges applies.; No services were performed during the 15 month look back period.,36518.9838,78,,,,,0,percent of total billed charges,78% of Billed Charges. Lesser of 100% of billed charges applies.; No services were performed during the 15 month look back period.,36518.9838,78,,,,,0,percent of total billed charges,78% of Billed Charges. Lesser of 100% of billed charges applies.; No services were performed during the 15 month look back period.,36518.9838,78,,,,,0,percent of total billed charges,78% of Billed Charges. Lesser of 100% of billed charges applies.; No services were performed during the 15 month look back period.,36518.9838,78,,,,,0,percent of total billed charges,78% of Billed Charges. Lesser of 100% of billed charges applies.; No services were performed during the 15 month look back period.,36518.9838,78,,,,,0,percent of total billed charges,78% of Billed Charges. Lesser of 100% of billed charges applies.; No services were performed during the 15 month look back period.,36518.9838,78,,,,,0,percent of total billed charges,78% of Billed Charges. Lesser of 100% of billed charges applies.; No services were performed during the 15 month look back period.,36518.9838,78,,,,,0,percent of total billed charges,78% of Billed Charges. Lesser of 100% of billed charges applies.; No services were performed during the 15 month look back period.,23409.605,50,,,,,0,percent of total billed charges,50 percent of billed charges. Paid once per unit.; No services were performed during the 15 month look back period.,30432.4865,65,,,,,0,percent of total billed charges,65% of Billed Charges. Lesser of 100% of billed charges applies.; No services were performed during the 15 month look back period.,28091.526,60,,,,,0,percent of total billed charges,60 percent of billed charges; No services were performed during the 15 month look back period.,,,,,,,,Other,"Not Payable. ",14045.763,30,,,,,0,percent of total billed charges,30 percent of billed charges. Line level lesser of applies.; No services were performed during the 15 month look back period.,28091.526,60,,,,,0,percent of total billed charges,60 percent of billed charges; No services were performed during the 15 month look back period.,28091.526,60,,,,,0,percent of total billed charges,60 percent of billed charges; No services were performed during the 15 month look back period.,36518.9838,78,,,,,0,percent of total billed charges,78% of Billed Charges. Lesser of 100% of billed charges applies.; No services were performed during the 15 month look back period.,,,,,,,,Other,"Not payable. ",28091.526,60,,,,,0,percent of total billed charges,60 percent of billed charges; No services were performed during the 15 month look back period.,,,,,,,,Other,"100 Percent of Medicaid APG. ",,,,,,,,Other,"Not Payable. ",,,,,,,,Other,"Not Payable. ",,,,,,,,Other,"Not Payable. ",,,,,,,,Other,"Not Payable. ",,,,,,,,Other,"Not Payable. ",,,,,,,,Other,"Not Payable. ",28091.526,60,,,,,0,percent of total billed charges,60 percent of billed charges; No services were performed during the 15 month look back period.,23409.605,50,,,,,0,percent of total billed charges,50 percent of billed charges; No services were performed during the 15 month look back period.,468.1921,1,,,,,0,percent of total billed charges,NA. ; No services were performed during the 15 month look back period.,468.1921,1,,,,,0,percent of total billed charges,NA. ; No services were performed during the 15 month look back period.,468.1921,1,,,,,0,percent of total billed charges,NA. ; No services were performed during the 15 month look back period.,468.1921,1,,,,,0,percent of total billed charges,NA. ; No services were performed during the 15 month look back period.,468.1921,1,,,,,0,percent of total billed charges,NA. ; No services were performed during the 15 month look back period.,,,,,,,,,"NA. ",23409.605,50,,,,,0,percent of total billed charges,50 percent of billed charges; No services were performed during the 15 month look back period.,,,,,,,,Fee Schedule,"Not Payable. ",,,,,,,,Fee Schedule,"Not Payable. ",,,,,,,,Fee Schedule,"Not Payable. ",,,,,,,,Fee Schedule,"Not Payable. ",,,,,,,,Fee Schedule,"Not Payable. ",,,,,,,,Other,"Not Payable. ",23409.605,50,,,,,0,percent of total billed charges,50 percent of billed charges. Paid once per unit.; No services were performed during the 15 month look back period.,23409.605,50,,,,,0,percent of total billed charges,50 percent of billed charges. Paid once per unit.; No services were performed during the 15 month look back period.,23409.605,50,,,,,0,percent of total billed charges,50 percent of billed charges. Paid once per unit.; No services were performed during the 15 month look back period.,23409.605,50,,,,,0,percent of total billed charges,50 percent of billed charges. Paid once per unit.; No services were performed during the 15 month look back period.,14045.763,30,,,,,0,percent of total billed charges,30 percent of billed charges. Line level lesser of applies.; No services were performed during the 15 month look back period.,14045.763,30,,,,,0,percent of total billed charges,30 percent of billed charges. Line level lesser of applies.; No services were performed during the 15 month look back period.,14045.763,30,,,,,0,percent of total billed charges,30 percent of billed charges. Line level lesser of applies.; No services were performed during the 15 month look back period.,14045.763,30,,,,,0,percent of total billed charges,30 percent of billed charges. Line level lesser of applies.; No services were performed during the 15 month look back period.,23409.605,50,,,,,0,percent of total billed charges,50 percent of billed charges; No services were performed during the 15 month look back period.,23409.605,50,,,,,0,percent of total billed charges,50 percent of billed charges; No services were performed during the 15 month look back period.,,,,,,,,Other,"Not Payable. ",,,,,,,,Other,"Not Payable. ",,,,,,,,Other,"Not Payable. ",30432.4865,65,,,,,0,percent of total billed charges,65% of Billed Charges. Lesser of 100% of billed charges applies.; No services were performed during the 15 month look back period.,30432.4865,65,,,,,0,percent of total billed charges,65% of Billed Charges. Lesser of 100% of billed charges applies.; No services were performed during the 15 month look back period.,30432.4865,65,,,,,0,percent of total billed charges,65% of Billed Charges. Lesser of 100% of billed charges applies.; No services were performed during the 15 month look back period.,23409.605,50,,,,,0,percent of total billed charges,50 percent of billed charges; No services were performed during the 15 month look back period.,14045.763,30,,,,,0,percent of total billed charges,30 percent of billed charges. Line level lesser of applies.; No services were performed during the 15 month look back period.,,,,,,,,Other,"Not Payable. ",30432.4865,65,,,,,0,percent of total billed charges,65% of Billed Charges. Lesser of 100% of billed charges applies.; No services were performed during the 15 month look back period.,,,,,,,,Other,"100 Percent of Medicaid APG. ",,,,,,,,Other,"Not Payable. ",,,,,,,,Other,"Not Payable. ",,,,,,,,Other,"Not Payable. ",,,,,,,,Fee schedule,"90 Percent of Medicare RBRVS. ",,,,,,,,Fee Schedule,225% of NYS APG. Lesser of 100% of billed charges applies.,,,,,,,,Fee Schedule,225% of NYS APG. Lesser of 100% of billed charges applies.,,,,,,,,Fee Schedule,225% of NYS APG. Lesser of 100% of billed charges applies.,,,,,,,,Fee Schedule,225% of NYS APG. Lesser of 100% of billed charges applies.,,,,,,,,Fee Schedule,225% of NYS APG. Lesser of 100% of billed charges applies.,,,,,,,,Other,"Not Payable. ",,,,,,,,Other,"100 Percent of Medicaid APG. ",,,,,,,,Fee Schedule,"Not payable. ",,,,,,,,Fee Schedule,225% of NYS APG. Lesser of 100% of billed charges applies.,,,,,,,,Fee Schedule,225% of NYS APG. Lesser of 100% of billed charges applies.,,,,,,,,Fee Schedule,"Not payable. ",,,,,,,,Fee Schedule,"Not payable. ",468.1921,1,,,,,0,percent of total billed charges,NA. ; No services were performed during the 15 month look back period.,,,,,,,,Other,"Not Payable. ",,,,,,,,Other,"Not Payable. ",14045.763,30,,,,,0,percent of total billed charges,30 percent of billed charges. Line level lesser of applies.; No services were performed during the 15 month look back period.,,,,,,,,Other,"Not Payable. ",,,,,,,,Fee Schedule,"225 Percent of Medicaid APG. ",,,,,,,,Fee Schedule,"225 Percent of Medicaid APG. ",,,,,,,,Fee schedule,"90 Percent of Medicare RBRVS. ",,,,,,,,Fee schedule,"90 Percent of Medicare RBRVS. ",,,,,,,,Case Rate,Not Payable. Covered services not payable under Medicaid Fee Schedules default to a payment of 87.5 percent of charges.,468.1921,1,,,,,0,percent of total billed charges,NA. Covered services not payable under Medicaid Fee Schedules default to a payment of 50 percent of charges.; No services were performed during the 15 month look back period.,,,,,,,,Other,"100 Percent of Medicaid APG. ",,,,,,,,Other,"100 Percent of Medicaid APG. ",,,,,,,,Other,"100 Percent of Medicaid APG. ",,,,,,,,Other,"100 Percent of Medicaid APG. ",,,,,,,,,,23409.605,50,,,,,0,percent of total billed charges,50 percent of billed charges; No services were performed during the 15 month look back period.,,,,,,,,Other,"120 Percent of Medicaid APG. Not APG payable, or payable under another fee schedule like ASP/AWP pays at 30% of charges",,,,,,,,Other,"120 Percent of Medicaid APG. Not APG payable, or payable under another fee schedule like ASP/AWP pays at 30% of charges",,,,,,,,Other,"100 Percent of Medicaid APG. Not APG payable, or payable under another fee schedule like ASP/AWP pays at 30% of charges",,,,,,,,Other,"100 Percent of Medicaid APG. Not APG payable, or payable under another fee schedule like ASP/AWP pays at 30% of charges",30432.4865,65,,,,,0,percent of total billed charges,65% of Billed Charges. Lesser of 100% of billed charges applies.; No services were performed during the 15 month look back period.,30432.4865,65,,,,,0,percent of total billed charges,65% of Billed Charges. Lesser of 100% of billed charges applies.; No services were performed during the 15 month look back period.,,,,,,,,Other,"Not Payable. ",30432.4865,65,,,,,0,percent of total billed charges,65% of Billed Charges. Lesser of 100% of billed charges applies.; No services were performed during the 15 month look back period.,30432.4865,65,,,,,0,percent of total billed charges,65% of Billed Charges. Lesser of 100% of billed charges applies.; No services were performed during the 15 month look back period.,30432.4865,65,,,,,0,percent of total billed charges,65% of Billed Charges. Lesser of 100% of billed charges applies.; No services were performed during the 15 month look back period.,30432.4865,65,,,,,0,percent of total billed charges,65% of Billed Charges. Lesser of 100% of billed charges applies.; No services were performed during the 15 month look back period.,,,,,,,,Other,"Not Payable. ",30432.4865,65,,,,,0,percent of total billed charges,65% of Billed Charges. Lesser of 100% of billed charges applies.; No services were performed during the 15 month look back period.,30432.4865,65,,,,,0,percent of total billed charges,65% of Billed Charges. Lesser of 100% of billed charges applies.; No services were performed during the 15 month look back period.,14045.763,30,,,,,0,percent of total billed charges,30 percent of billed charges. Line level lesser of applies.; No services were performed during the 15 month look back period.,,,,,,,,Fee Schedule,110% of APG. Lesser of 100% of billed charges applies.,468.1921,1,,,,,0,percent of total billed charges,NA. Covered services not payable under Medicaid Fee Schedules default to a payment of 50 percent of charges.; No services were performed during the 15 month look back period.,,,,,,,,Fee Schedule,225% of NYS APG. Lesser of 100% of billed charges applies.,,,,,,,,Case Rate,Not Payable. Covered services not payable under Medicaid Fee Schedules default to a payment of 87.5 percent of charges.,468.1921,1,,,,,0,percent of total billed charges,NA. Covered services not payable under Medicaid Fee Schedules default to a payment of 50 percent of charges.; No services were performed during the 15 month look back period.,,,,,,,,Fee Schedule,225% of NYS APG. Lesser of 100% of billed charges applies.,,,,,,,,Fee Schedule,225% of NYS APG. Lesser of 100% of billed charges applies.,,,,,,,,Fee Schedule,225% of NYS APG. Lesser of 100% of billed charges applies.,,,,,,,,Fee Schedule,225% of NYS APG. Lesser of 100% of billed charges applies.,,,,,,,,Fee Schedule,225% of NYS APG. Lesser of 100% of billed charges applies.,,,,,,,,Fee Schedule,225% of NYS APG. Lesser of 100% of billed charges applies.,,,,,,,,,"NA. ",,,,,,,,,"NA. ",,,,,,,,,"NA. ",28091.526,60,,,,,0,percent of total billed charges,60 percent of billed charges; No services were performed during the 15 month look back period.,,,,,,,,,"NA. ",,,,,,,,Other,"Not Payable. ",23409.605,50,,,,,0,percent of total billed charges,50% of Billed Charges. Lesser of 100% of billed charges applies.; No services were performed during the 15 month look back period.,,,,,,,,Other,"Not Payable. ",,,,,,,,Other,"Not Payable. ",,,,,,,,Other,"120 Percent of Medicaid APG. Not APG payable, or payable under another fee schedule like ASP/AWP pays at 30% of charges",,,,,,,,Other,"120 Percent of Medicaid APG. Not APG payable, or payable under another fee schedule like ASP/AWP pays at 30% of charges",,,,,,,,Other,"100 Percent of Medicaid APG. Not APG payable, or payable under another fee schedule like ASP/AWP pays at 30% of charges",,,,,,,,Other,"100 Percent of Medicaid APG. Not APG payable, or payable under another fee schedule like ASP/AWP pays at 30% of charges",,,,,,,,Other,"100 Percent of Medicaid APG. ",34178.0233,73,,,,,0,percent of total billed charges,73 percent of billed charges; No services were performed during the 15 month look back period.,14045.763,30,,,,,0,percent of total billed charges,30 percent of billed charges. Line level lesser of applies.; No services were performed during the 15 month look back period.,34178.0233,73,,,,,0,percent of total billed charges,73 percent of billed charges; No services were performed during the 15 month look back period.,28091.526,60,,,,,0,percent of total billed charges,60 percent of billed charges; No services were performed during the 15 month look back period.,,,,,,,,Other,"Not Payable. ",,,,,,,,Other,"Not Payable. ",,,,,,,,Other,"Not Payable. ",,,,,,,,Other,"Not Payable. ",,,,,,,,Other,"Not Payable. ",,,,,,,,Other,"Not Payable. ",,,,,,,,,"NA. ",,,,,,,,Fee Schedule,225% of NYS APG. Lesser of 100% of billed charges applies.,,,,,,,,Fee Schedule,"Not payable. ",30432.4865,65,,,,,0,percent of total billed charges,65% of Billed Charges. Lesser of 100% of billed charges applies.; No services were performed during the 15 month look back period.,34178.0233,73,,,,,0,percent of total billed charges,73 percent of billed charges; No services were performed during the 15 month look back period.,34178.0233,73,,,,,0,percent of total billed charges,73 percent of billed charges; No services were performed during the 15 month look back period.,34178.0233,73,,,,,0,percent of total billed charges,73 percent of billed charges; No services were performed during the 15 month look back period.,34178.0233,73,,,,,0,percent of total billed charges,73 percent of billed charges; No services were performed during the 15 month look back period.,,,,,,,,Other,"Not Payable. ",,,,,,,,Other,"100 Percent of Medicaid APG. ",30432.4865,65,,,,,0,percent of total billed charges,65% of Billed Charges. Lesser of 100% of billed charges applies.; No services were performed during the 15 month look back period.,,,,,,,,Other,"100 Percent of Medicaid APG. ",,,,,,,,Other,"Not Payable. ",,,,,,,,Other,"100 Percent of Medicaid APG. ",,,,,,,,Other,"Not Payable. ",,,,,,,,Other,"Not Payable. ",,,,,,,,Other,"100 Percent of Medicaid APG. ",,,,,,,,Other,"100 Percent of Medicaid APG. ",34178.0233,73,,,,,0,percent of total billed charges,73 percent of billed charges; No services were performed during the 15 month look back period.,28091.526,60,,,,,0,percent of total billed charges,60 percent of billed charges; No services were performed during the 15 month look back period.,36518.9838,78,,,,,0,percent of total billed charges,78% of Billed Charges. Lesser of 100% of billed charges applies.; No services were performed during the 15 month look back period.,,,,,,,,Fee Schedule,"100 % Zero Pay Code. ",,,,,,,,Fee Schedule,"100 % Zero Pay Code. ",14045.763,30,,,,,0,percent of total billed charges,30 percent of billed charges. Line level lesser of applies.; No services were performed during the 15 month look back period.,,,,,,,,Other,"Not Payable. ",23409.605,50,,,,,0,percent of total billed charges,50 percent of billed charges. Paid once per unit.; No services were performed during the 15 month look back period.,23409.605,50,,,,,0,percent of total billed charges,50 percent of billed charges. Paid once per unit.; No services were performed during the 15 month look back period.,24345.9892,52,,,,,0,percent of total billed charges,52% of Billed Charges. Lesser of 100% of billed charges applies.; No services were performed during the 15 month look back period.,24345.9892,52,,,,,0,percent of total billed charges,52% of Billed Charges. Lesser of 100% of billed charges applies.; No services were performed during the 15 month look back period.,,,,,,,,Other,"Not Payable. ",,,,,,,,Other,"Not Payable. ",,,,,,,,Other,"Not Payable. ",,,,,,,,Other,"Not Payable. ",,,,,,,,Fee Schedule,"100 % Zero Pay Code. ",30432.4865,65,,,,,0,percent of total billed charges,65% of Billed Charges. Lesser of 100% of billed charges applies.; No services were performed during the 15 month look back period.,30432.4865,65,,,,,0,percent of total billed charges,65% of Billed Charges. Lesser of 100% of billed charges applies.; No services were performed during the 15 month look back period.,,,,,,,,Other,"Not Payable. ",24345.9892,52,,,,,0,percent of total billed charges,52% of Billed Charges. Lesser of 100% of billed charges applies.; No services were performed during the 15 month look back period.,34178.0233,73,,,,,0,percent of total billed charges,73 percent of billed charges; No services were performed during the 15 month look back period.,,,,,,,,Fee Schedule,"120 Percent of Medicaid APG. ",,,,,,,,Other,"100 Percent of Medicaid APG. ",34178.0233,73,,,,,0,percent of total billed charges,73 percent of billed charges; No services were performed during the 15 month look back period.,27623.3339,59,,,,,0,percent of total billed charges,59% of Billed Charges. Lesser of 100% of billed charges applies.; No services were performed during the 15 month look back period.,27623.3339,59,,,,,0,percent of total billed charges,59% of Billed Charges. Lesser of 100% of billed charges applies.; No services were performed during the 15 month look back period.,30432.4865,65,,,,,0,percent of total billed charges,65% of Billed Charges. Lesser of 100% of billed charges applies.; No services were performed during the 15 month look back period.,23409.605,50,,,,,0,percent of total billed charges,50 percent of billed charges; No services were performed during the 15 month look back period.,,,,,,,,Other,"Not Payable. ",,,,,,,,Fee Schedule,"Not payable. ",,,,,,,,Fee Schedule,"Not payable. ",,,,,,,,Fee Schedule,"Not payable. ",,,,,,,,Fee Schedule,"Not payable. ",,,,,,,,Fee Schedule,"100 % Zero Pay Code. ",,,,,,,,Fee Schedule,"Not payable. ",,,,,,,,Fee Schedule,"Not payable. ",,,,,,,,Fee Schedule,"Not payable. ",,,,,,,,Fee Schedule,"Not payable. ",,,,,,,,Fee Schedule,"Not payable. ",,,,,,,,Fee Schedule,"Not payable. ",,,,,,,,Fee Schedule,"Not payable. ",,,,,,,,Other,"Not Payable. ",,,,,,,,Fee Schedule,"100 % Zero Pay Code. ",,,,,,,,Other,"Not Payable. ",,,,,,,,Fee Schedule,"Not payable. ",30432.4865,65,,,,,0,percent of total billed charges,65% of Billed Charges. Lesser of 100% of billed charges applies.; No services were performed during the 15 month look back period.,,,,,,,,Other,"Not Payable. ",30432.4865,65,,,,,0,percent of total billed charges,65% of Billed Charges. Lesser of 100% of billed charges applies.; No services were performed during the 15 month look back period.,30432.4865,65,,,,,0,percent of total billed charges,65% of Billed Charges. Lesser of 100% of billed charges applies.; No services were performed during the 15 month look back period.,30432.4865,65,,,,,0,percent of total billed charges,65% of Billed Charges. Lesser of 100% of billed charges applies.; No services were performed during the 15 month look back period.,,,,,,,,Fee Schedule,"Not payable. ",,,,,,,,Other,"Not Payable. ",30432.4865,65,,,,,0,percent of total billed charges,65% of Billed Charges. Lesser of 100% of billed charges applies.; No services were performed during the 15 month look back period.,,,,,,,,Fee Schedule,"Not payable. ",30432.4865,65,,,,,0,percent of total billed charges,65% of Billed Charges. Lesser of 100% of billed charges applies.; No services were performed during the 15 month look back period.,,,,,,,,Other,"Not Payable. ",,,,,,,,Other,"Not Payable. ",34178.0233,73,,,,,0,percent of total billed charges,73 percent of billed charges; No services were performed during the 15 month look back period.,34178.0233,73,,,,,0,percent of total billed charges,73 percent of billed charges; No services were performed during the 15 month look back period.,34178.0233,73,,,,,0,percent of total billed charges,73 percent of billed charges; No services were performed during the 15 month look back period.,34178.0233,73,,,,,0,percent of total billed charges,73 percent of billed charges; No services were performed during the 15 month look back period.,34178.0233,73,,,,,0,percent of total billed charges,73 percent of billed charges; No services were performed during the 15 month look back period.,34178.0233,73,,,,,0,percent of total billed charges,73 percent of billed charges; No services were performed during the 15 month look back period.,34178.0233,73,,,,,0,percent of total billed charges,73 percent of billed charges; No services were performed during the 15 month look back period.,34178.0233,73,,,,,0,percent of total billed charges,73 percent of billed charges; No services were performed during the 15 month look back period.,34178.0233,73,,,,,0,percent of total billed charges,73 percent of billed charges; No services were performed during the 15 month look back period.,34178.0233,73,,,,,0,percent of total billed charges,73 percent of billed charges; No services were performed during the 15 month look back period.,34178.0233,73,,,,,0,percent of total billed charges,73 percent of billed charges; No services were performed during the 15 month look back period.,34178.0233,73,,,,,0,percent of total billed charges,73 percent of billed charges; No services were performed during the 15 month look back period.,,,,,,,,Other,"Not Payable. ",34178.0233,73,,,,,0,percent of total billed charges,73 percent of billed charges; No services were performed during the 15 month look back period.,,,,,,,,Other,"Not Payable. ",,,,,,,,Other,"225 Percent of Medicaid APG. ",,,,,,,,Other,"100 Percent of Medicaid APG. If not priced under APG, then Metroplus FeeSched",,,,,,,,Fee Schedule,"100 % Zero Pay Code. ",,,,,,,,Fee Schedule,"100 % Zero Pay Code. ",,,,,,,,Other,"Not Payable. ",23409.605,50,,,,,0,percent of total billed charges,50 percent of billed charges. Paid once per unit.; No services were performed during the 15 month look back period.,,,,,,,,Other,"Not Payable. ",,,,,,,,Other,"Not Payable. ",14045.763,30,,,,,0,percent of total billed charges,30 percent of billed charges. Line level lesser of applies.; No services were performed during the 15 month look back period.,,,,,,,,Other,"Not Payable. ",28091.526,60,,,,,0,percent of total billed charges,60 percent of billed charges; No services were performed during the 15 month look back period.,,,,,,,,Other,"Not Payable. ",28091.526,60,,,,,0,percent of total billed charges,60 percent of billed charges; No services were performed during the 15 month look back period.,14045.763,30,,,,,0,percent of total billed charges,30 percent of billed charges. Line level lesser of applies.; No services were performed during the 15 month look back period.,28091.526,60,,,,,0,percent of total billed charges,60 percent of billed charges; No services were performed during the 15 month look back period.,,,,,,,,Other,"Not Payable. ",,,,,,,,Other,"100 Percent of Medicaid APG. ",,,,,,,,Other,"Not Payable. ",28091.526,60,,,,,0,percent of total billed charges,60 percent of billed charges; No services were performed during the 15 month look back period.,,,,,,,,Fee Schedule,"100 % Zero Pay Code. ",,,,,,,,Other,"100 Percent of Medicaid APG. ",30432.4865,65,,,,,0,percent of total billed charges,65% of Billed Charges. Lesser of 100% of billed charges applies.; No services were performed during the 15 month look back period.,,,,,,,,Fee Schedule,"120 Percent of Medicaid APG. ",,,,,,,,Fee Schedule,"120 Percent of Medicaid APG. ",30432.4865,65,,,,,0,percent of total billed charges,65% of Billed Charges. Lesser of 100% of billed charges applies.; No services were performed during the 15 month look back period.,30432.4865,65,,,,,0,percent of total billed charges,65% of Billed Charges. Lesser of 100% of billed charges applies.; No services were performed during the 15 month look back period.,30432.4865,65,,,,,0,percent of total billed charges,65% of Billed Charges. Lesser of 100% of billed charges applies.; No services were performed during the 15 month look back period.,,,,,,,,Fee Schedule,"100 % Zero Pay Code. ",30432.4865,65,,,,,0,percent of total billed charges,65% of Billed Charges. Lesser of 100% of billed charges applies.; No services were performed during the 15 month look back period.,30432.4865,65,,,,,0,percent of total billed charges,65% of Billed Charges. Lesser of 100% of billed charges applies.; No services were performed during the 15 month look back period.,30432.4865,65,,,,,0,percent of total billed charges,65% of Billed Charges. Lesser of 100% of billed charges applies.; No services were performed during the 15 month look back period.,34178.0233,73,,,,,0,percent of total billed charges,73 percent of billed charges; No services were performed during the 15 month look back period.,34178.0233,73,,,,,0,percent of total billed charges,73 percent of billed charges; No services were performed during the 15 month look back period.,,,,,,,,Fee Schedule,"Not Payable. ",,,,,,,,Other,"100 Percent of Medicaid APG. ",,,,,,,,Fee Schedule,"100 % Zero Pay Code. ",28091.526,60,,,,,0,percent of total billed charges,60 percent of billed charges; No services were performed during the 15 month look back period.,14045.763,30,,,,,0,percent of total billed charges,30 percent of billed charges. Line level lesser of applies.; No services were performed during the 15 month look back period.,,,,,,,,Fee Schedule,"100 % Zero Pay Code. ",14045.763,30,,,,,0,percent of total billed charges,30 percent of billed charges. Line level lesser of applies.; No services were performed during the 15 month look back period.,,,,,,,,Fee Schedule,"100 % Zero Pay Code. ",30432.4865,65,,,,,0,percent of total billed charges,65% of Billed Charges. Lesser of 100% of billed charges applies.; No services were performed during the 15 month look back period.,30432.4865,65,,,,,0,percent of total billed charges,65% of Billed Charges. Lesser of 100% of billed charges applies.; No services were performed during the 15 month look back period.,30432.4865,65,,,,,0,percent of total billed charges,65% of Billed Charges. Lesser of 100% of billed charges applies.; No services were performed during the 15 month look back period.,30432.4865,65,,,,,0,percent of total billed charges,65% of Billed Charges. Lesser of 100% of billed charges applies.; No services were performed during the 15 month look back period.,,,,,,,,Other,"Not Payable. ",237.9416,46867.28,
A9557,HCPCS,5010010,LOCAL,343,RC,TC99M BICISATE,34038.9,6467.391,Outpatient,EA,1,,401.86,,,,,,,Fee Schedule,"100 % 1199 Fee Schedule. ",401.86,,,,,,,Fee Schedule,"100 % 1199 Fee Schedule. ",20423.34,60,,,,,0,percent of total billed charges,60 percent of billed charges; No services were performed during the 15 month look back period.,34038.9,100,,,,,0,percent of total billed charges,100 percent of billed charges; No services were performed during the 15 month look back period.,683.8,,,,,,,Fee Schedule,"100% ASP Fee Schedule. ",20423.34,60,,,,,0,percent of total billed charges,60 percent of billed charges; No services were performed during the 15 month look back period.,20423.34,60,,,,,0,percent of total billed charges,60 percent of billed charges; No services were performed during the 15 month look back period.,20423.34,60,,,,,0,percent of total billed charges,60 percent of billed charges; No services were performed during the 15 month look back period.,,,,,,,,Other,"100 Percent of Medicaid APG. ",,,,,,,,Other,"100 Percent of Medicaid APG. ",26550.342,78,,,,,0,percent of total billed charges,78% of Billed Charges. Lesser of 100% of billed charges applies.; No services were performed during the 15 month look back period.,,,,,,,,Fee Schedule,"100 % Zero Pay Code. ",,,,,,,,Other,"100 Percent of Medicaid APG. ",683.8,,,,,,,Fee Schedule,"100% ASP Fee Schedule. ",10211.67,30,,,,,0,percent of total billed charges,30 percent of billed charges; No services were performed during the 15 month look back period.,10211.67,30,,,,,0,percent of total billed charges,30 percent of billed charges; No services were performed during the 15 month look back period.,10211.67,30,,,,,0,percent of total billed charges,30 percent of billed charges; No services were performed during the 15 month look back period.,10211.67,30,,,,,0,percent of total billed charges,30 percent of billed charges; No services were performed during the 15 month look back period.,340.389,1,,,,,0,percent of total billed charges,NA. Covered services not payable under Medicaid Fee Schedules default to a payment of 50 percent of charges.; No services were performed during the 15 month look back period.,683.8,,,,,,,Fee Schedule,"100% ASP Fee Schedule. ",340.389,1,,,,,0,percent of total billed charges,NA. Covered services not payable under Medicaid Fee Schedules default to a payment of 50 percent of charges.; No services were performed during the 15 month look back period.,26550.342,78,,,,,0,percent of total billed charges,78% of Billed Charges. Lesser of 100% of billed charges applies.; No services were performed during the 15 month look back period.,20423.34,60,,,,,0,percent of total billed charges,60 percent of billed charges; No services were performed during the 15 month look back period.,683.8,,,,,,,Fee Schedule,"100% ASP Fee Schedule. ",24848.397,73,,,,,0,percent of total billed charges,73 percent of billed charges; No services were performed during the 15 month look back period.,683.8,,,,,,,Fee Schedule,"100% ASP Fee Schedule. ",683.8,,,,,,,Fee Schedule,"100% ASP Fee Schedule. ",26550.342,78,,,,,0,percent of total billed charges,78% of Billed Charges. Lesser of 100% of billed charges applies.; No services were performed during the 15 month look back period.,,,,,,,,Fee Schedule,"Not payable. ",,,,,,,,Fee Schedule,"Not payable. ",,,,,,,,Fee schedule,"90 Percent of Medicare RBRVS. ",,,,,,,,Fee schedule,"90 Percent of Medicare RBRVS. ",24848.397,73,,,,,0,percent of total billed charges,73 percent of billed charges; No services were performed during the 15 month look back period.,24848.397,73,,,,,0,percent of total billed charges,73 percent of billed charges; No services were performed during the 15 month look back period.,,,,,,,,Other,"100 Percent of Medicaid APG. Not APG payable, or payable under another fee schedule like ASP/AWP pays at 30% of charges",24848.397,73,,,,,0,percent of total billed charges,73 percent of billed charges; No services were performed during the 15 month look back period.,,,,,,,,Other,"100 Percent of Medicaid APG. Not APG payable, or payable under another fee schedule like ASP/AWP pays at 30% of charges",683.8,,,,,,,Fee Schedule,"100% ASP Fee Schedule. ",24848.397,73,,,,,0,percent of total billed charges,73 percent of billed charges; No services were performed during the 15 month look back period.,26550.342,78,,,,,0,percent of total billed charges,78% of Billed Charges. Lesser of 100% of billed charges applies.; No services were performed during the 15 month look back period.,,,,,,,,Other,"100 Percent of Medicaid APG. If not priced under APG, then Metroplus FeeSched",,,,,,,,Other,"100 Percent of Medicaid APG. If not priced under APG, then Metroplus FeeSched",26550.342,78,,,,,0,percent of total billed charges,78% of Billed Charges. Lesser of 100% of billed charges applies.; No services were performed during the 15 month look back period.,10211.67,30,,,,,0,percent of total billed charges,30 percent of billed charges; No services were performed during the 15 month look back period.,,,,,,,,Fee Schedule,"100 % Zero Pay Code. ",,,,,,,,Fee Schedule,"100 % Zero Pay Code. ",26550.342,78,,,,,0,percent of total billed charges,78% of Billed Charges. Lesser of 100% of billed charges applies.; No services were performed during the 15 month look back period.,683.8,,,,,,,Fee Schedule,"100% ASP Fee Schedule. ",,,,,,,,Fee Schedule,"100 % Zero Pay Code. ",,,,,,,,Fee Schedule,"100 % Zero Pay Code. ",,,,,,,,Fee Schedule,"100 % Zero Pay Code. ",683.8,,,,,,,Fee Schedule,"100% ASP Fee Schedule. ",,,,,,,,Fee Schedule,"100 % Zero Pay Code. ",,,,,,,,Fee Schedule,"100 % Zero Pay Code. ",683.8,,,,,,,Fee Schedule,"100% of AWP Fee Schedule. ",17019.45,50,,,,,0,percent of total billed charges,50 percent of billed charges; No services were performed during the 15 month look back period.,15317.505,45,,,,,0,percent of total billed charges,45 percent of billed charges; No services were performed during the 15 month look back period.,15317.505,45,,,,,0,percent of total billed charges,45 percent of billed charges; No services were performed during the 15 month look back period.,15317.505,45,,,,,0,percent of total billed charges,45 percent of billed charges; No services were performed during the 15 month look back period.,15317.505,45,,,,,0,percent of total billed charges,45 percent of billed charges; No services were performed during the 15 month look back period.,15317.505,45,,,,,0,percent of total billed charges,45 percent of billed charges; No services were performed during the 15 month look back period.,15317.505,45,,,,,0,percent of total billed charges,45 percent of billed charges; No services were performed during the 15 month look back period.,683.8,,,,,,,Fee Schedule,"100% ASP Fee Schedule. ",683.8,,,,,,,Fee Schedule,"100% ASP Fee Schedule. ",15317.505,45,,,,,0,percent of total billed charges,45 percent of billed charges; No services were performed during the 15 month look back period.,26550.342,78,,,,,0,percent of total billed charges,78% of Billed Charges. Lesser of 100% of billed charges applies.; No services were performed during the 15 month look back period.,26550.342,78,,,,,0,percent of total billed charges,78% of Billed Charges. Lesser of 100% of billed charges applies.; No services were performed during the 15 month look back period.,26550.342,78,,,,,0,percent of total billed charges,78% of Billed Charges. Lesser of 100% of billed charges applies.; No services were performed during the 15 month look back period.,26550.342,78,,,,,0,percent of total billed charges,78% of Billed Charges. Lesser of 100% of billed charges applies.; No services were performed during the 15 month look back period.,26550.342,78,,,,,0,percent of total billed charges,78% of Billed Charges. Lesser of 100% of billed charges applies.; No services were performed during the 15 month look back period.,26550.342,78,,,,,0,percent of total billed charges,78% of Billed Charges. Lesser of 100% of billed charges applies.; No services were performed during the 15 month look back period.,26550.342,78,,,,,0,percent of total billed charges,78% of Billed Charges. Lesser of 100% of billed charges applies.; No services were performed during the 15 month look back period.,26550.342,78,,,,,0,percent of total billed charges,78% of Billed Charges. Lesser of 100% of billed charges applies.; No services were performed during the 15 month look back period.,26550.342,78,,,,,0,percent of total billed charges,78% of Billed Charges. Lesser of 100% of billed charges applies.; No services were performed during the 15 month look back period.,26550.342,78,,,,,0,percent of total billed charges,78% of Billed Charges. Lesser of 100% of billed charges applies.; No services were performed during the 15 month look back period.,26550.342,78,,,,,0,percent of total billed charges,78% of Billed Charges. Lesser of 100% of billed charges applies.; No services were performed during the 15 month look back period.,26550.342,78,,,,,0,percent of total billed charges,78% of Billed Charges. Lesser of 100% of billed charges applies.; No services were performed during the 15 month look back period.,26550.342,78,,,,,0,percent of total billed charges,78% of Billed Charges. Lesser of 100% of billed charges applies.; No services were performed during the 15 month look back period.,26550.342,78,,,,,0,percent of total billed charges,78% of Billed Charges. Lesser of 100% of billed charges applies.; No services were performed during the 15 month look back period.,26550.342,78,,,,,0,percent of total billed charges,78% of Billed Charges. Lesser of 100% of billed charges applies.; No services were performed during the 15 month look back period.,26550.342,78,,,,,0,percent of total billed charges,78% of Billed Charges. Lesser of 100% of billed charges applies.; No services were performed during the 15 month look back period.,26550.342,78,,,,,0,percent of total billed charges,78% of Billed Charges. Lesser of 100% of billed charges applies.; No services were performed during the 15 month look back period.,26550.342,78,,,,,0,percent of total billed charges,78% of Billed Charges. Lesser of 100% of billed charges applies.; No services were performed during the 15 month look back period.,26550.342,78,,,,,0,percent of total billed charges,78% of Billed Charges. Lesser of 100% of billed charges applies.; No services were performed during the 15 month look back period.,26550.342,78,,,,,0,percent of total billed charges,78% of Billed Charges. Lesser of 100% of billed charges applies.; No services were performed during the 15 month look back period.,26550.342,78,,,,,0,percent of total billed charges,78% of Billed Charges. Lesser of 100% of billed charges applies.; No services were performed during the 15 month look back period.,26550.342,78,,,,,0,percent of total billed charges,78% of Billed Charges. Lesser of 100% of billed charges applies.; No services were performed during the 15 month look back period.,26550.342,78,,,,,0,percent of total billed charges,78% of Billed Charges. Lesser of 100% of billed charges applies.; No services were performed during the 15 month look back period.,26550.342,78,,,,,0,percent of total billed charges,78% of Billed Charges. Lesser of 100% of billed charges applies.; No services were performed during the 15 month look back period.,26550.342,78,,,,,0,percent of total billed charges,78% of Billed Charges. Lesser of 100% of billed charges applies.; No services were performed during the 15 month look back period.,26550.342,78,,,,,0,percent of total billed charges,78% of Billed Charges. Lesser of 100% of billed charges applies.; No services were performed during the 15 month look back period.,24848.397,73,,,,,0,percent of total billed charges,73 percent of billed charges; No services were performed during the 15 month look back period.,24848.397,73,,,,,0,percent of total billed charges,73 percent of billed charges; No services were performed during the 15 month look back period.,24848.397,73,,,,,0,percent of total billed charges,73 percent of billed charges; No services were performed during the 15 month look back period.,24848.397,73,,,,,0,percent of total billed charges,73 percent of billed charges; No services were performed during the 15 month look back period.,27231.12,80,,,,,0,percent of total billed charges,80 percent of billed charges; No services were performed during the 15 month look back period.,27231.12,80,,,,,0,percent of total billed charges,80 percent of billed charges; No services were performed during the 15 month look back period.,10211.67,30,,,,,0,percent of total billed charges,30 percent of billed charges; No services were performed during the 15 month look back period.,15317.505,45,,,,,0,percent of total billed charges,45 percent of billed charges; No services were performed during the 15 month look back period.,,,,,,,,Fee Schedule,"100 % Zero Pay Code. ",15317.505,45,,,,,0,percent of total billed charges,45 percent of billed charges; No services were performed during the 15 month look back period.,26550.342,78,,,,,0,percent of total billed charges,78% of Billed Charges. Lesser of 100% of billed charges applies.; No services were performed during the 15 month look back period.,27231.12,80,,,,,0,percent of total billed charges,80 percent of billed charges; No services were performed during the 15 month look back period.,15317.505,45,,,,,0,percent of total billed charges,45 percent of billed charges; No services were performed during the 15 month look back period.,,,,,,,,Fee Schedule,"100 % Zero Pay Code. ",10211.67,30,,,,,0,percent of total billed charges,30 percent of billed charges; No services were performed during the 15 month look back period.,,,,,,,,,"NA. ",26550.342,78,,,,,0,percent of total billed charges,78% of Billed Charges. Lesser of 100% of billed charges applies.; No services were performed during the 15 month look back period.,,,,,,,,Other,"100 Percent of Medicaid APG. ",24848.397,73,,,,,0,percent of total billed charges,73 percent of billed charges; No services were performed during the 15 month look back period.,,,,,,,,Other,"100 Percent of Medicaid APG. Not APG payable, or payable under another fee schedule like ASP/AWP pays at 30% of charges",683.8,,,,,,,Fee Schedule,"100% ASP Fee Schedule. ",683.8,,,,,,,Fee Schedule,"100% ASP Fee Schedule. ",17019.45,50,,,,,0,percent of total billed charges,50 percent of billed charges; No services were performed during the 15 month look back period.,683.8,,,,,,,Fee Schedule,"100% ASP Fee Schedule. ",683.8,,,,,,,Fee Schedule,"100% ASP Fee Schedule. ",,,,,,,,Other,"100 Percent of Medicaid APG. ",683.8,,,,,,,Fee Schedule,"100% ASP Fee Schedule. ",683.8,,,,,,,Fee Schedule,"100% ASP Fee Schedule. ",20423.34,60,,,,,0,percent of total billed charges,60 percent of billed charges; No services were performed during the 15 month look back period.,20423.34,60,,,,,0,percent of total billed charges,60 percent of billed charges; No services were performed during the 15 month look back period.,683.8,,,,,,,Fee Schedule,"100% ASP Fee Schedule. ",10211.67,30,,,,,0,percent of total billed charges,30 percent of billed charges; No services were performed during the 15 month look back period.,,,,,,,,Fee Schedule,"100 % Zero Pay Code. ",,,,,,,,Fee Schedule,"100 % Zero Pay Code. ",683.8,,,,,,,Fee Schedule,"100% ASP Fee Schedule. ",10211.67,30,,,,,0,percent of total billed charges,30 percent of billed charges; No services were performed during the 15 month look back period.,20423.34,60,,,,,0,percent of total billed charges,60 percent of billed charges; No services were performed during the 15 month look back period.,20423.34,60,,,,,0,percent of total billed charges,60 percent of billed charges; No services were performed during the 15 month look back period.,20423.34,60,,,,,0,percent of total billed charges,60 percent of billed charges; No services were performed during the 15 month look back period.,26550.342,78,,,,,0,percent of total billed charges,78% of Billed Charges. Lesser of 100% of billed charges applies.; No services were performed during the 15 month look back period.,26550.342,78,,,,,0,percent of total billed charges,78% of Billed Charges. Lesser of 100% of billed charges applies.; No services were performed during the 15 month look back period.,26550.342,78,,,,,0,percent of total billed charges,78% of Billed Charges. Lesser of 100% of billed charges applies.; No services were performed during the 15 month look back period.,26550.342,78,,,,,0,percent of total billed charges,78% of Billed Charges. Lesser of 100% of billed charges applies.; No services were performed during the 15 month look back period.,26550.342,78,,,,,0,percent of total billed charges,78% of Billed Charges. Lesser of 100% of billed charges applies.; No services were performed during the 15 month look back period.,26550.342,78,,,,,0,percent of total billed charges,78% of Billed Charges. Lesser of 100% of billed charges applies.; No services were performed during the 15 month look back period.,26550.342,78,,,,,0,percent of total billed charges,78% of Billed Charges. Lesser of 100% of billed charges applies.; No services were performed during the 15 month look back period.,26550.342,78,,,,,0,percent of total billed charges,78% of Billed Charges. Lesser of 100% of billed charges applies.; No services were performed during the 15 month look back period.,26550.342,78,,,,,0,percent of total billed charges,78% of Billed Charges. Lesser of 100% of billed charges applies.; No services were performed during the 15 month look back period.,26550.342,78,,,,,0,percent of total billed charges,78% of Billed Charges. Lesser of 100% of billed charges applies.; No services were performed during the 15 month look back period.,26550.342,78,,,,,0,percent of total billed charges,78% of Billed Charges. Lesser of 100% of billed charges applies.; No services were performed during the 15 month look back period.,27231.12,80,,,,,0,percent of total billed charges,80 percent of billed charges; No services were performed during the 15 month look back period.,15317.505,45,,,,,0,percent of total billed charges,45 percent of billed charges; No services were performed during the 15 month look back period.,10211.67,30,,,,,0,percent of total billed charges,30 percent of billed charges; No services were performed during the 15 month look back period.,683.8,,,,,,,Fee Schedule,"100% ASP Fee Schedule. ",20423.34,60,,,,,0,percent of total billed charges,60 percent of billed charges; No services were performed during the 15 month look back period.,10211.67,30,,,,,0,percent of total billed charges,30 percent of billed charges; No services were performed during the 15 month look back period.,10211.67,30,,,,,0,percent of total billed charges,30 percent of billed charges; No services were performed during the 15 month look back period.,26550.342,78,,,,,0,percent of total billed charges,78% of Billed Charges. Lesser of 100% of billed charges applies.; No services were performed during the 15 month look back period.,,,,,,,,Other,"Not payable. ",10211.67,30,,,,,0,percent of total billed charges,30 percent of billed charges; No services were performed during the 15 month look back period.,,,,,,,,Other,"100 Percent of Medicaid APG. ",683.8,,,,,,,Fee Schedule,"100% ASP Fee Schedule. ",683.8,,,,,,,Fee Schedule,"100% ASP Fee Schedule. ",683.8,,,,,,,Fee Schedule,"100% ASP Fee Schedule. ",683.8,,,,,,,Fee Schedule,"100% ASP Fee Schedule. ",683.8,,,,,,,Fee Schedule,"100% ASP Fee Schedule. ",683.8,,,,,,,Fee Schedule,"100% ASP Fee Schedule. ",10211.67,30,,,,,0,percent of total billed charges,30 percent of billed charges; No services were performed during the 15 month look back period.,17019.45,50,,,,,0,percent of total billed charges,50 percent of billed charges; No services were performed during the 15 month look back period.,340.389,1,,,,,0,percent of total billed charges,NA. ; No services were performed during the 15 month look back period.,340.389,1,,,,,0,percent of total billed charges,NA. ; No services were performed during the 15 month look back period.,340.389,1,,,,,0,percent of total billed charges,NA. ; No services were performed during the 15 month look back period.,340.389,1,,,,,0,percent of total billed charges,NA. ; No services were performed during the 15 month look back period.,340.389,1,,,,,0,percent of total billed charges,NA. ; No services were performed during the 15 month look back period.,,,,,,,,,"NA. ",17019.45,50,,,,,0,percent of total billed charges,50 percent of billed charges; No services were performed during the 15 month look back period.,,,,,,,,Fee Schedule,"Not Payable. ",,,,,,,,Fee Schedule,"Not Payable. ",,,,,,,,Fee Schedule,"Not Payable. ",,,,,,,,Fee Schedule,"Not Payable. ",,,,,,,,Fee Schedule,"Not Payable. ",683.8,,,,,,,Fee Schedule,"100% ASP Fee Schedule. ",27231.12,80,,,,,0,percent of total billed charges,80 percent of billed charges; No services were performed during the 15 month look back period.,27231.12,80,,,,,0,percent of total billed charges,80 percent of billed charges; No services were performed during the 15 month look back period.,27231.12,80,,,,,0,percent of total billed charges,80 percent of billed charges; No services were performed during the 15 month look back period.,27231.12,80,,,,,0,percent of total billed charges,80 percent of billed charges; No services were performed during the 15 month look back period.,20423.34,60,,,,,0,percent of total billed charges,60 percent of billed charges; No services were performed during the 15 month look back period.,20423.34,60,,,,,0,percent of total billed charges,60 percent of billed charges; No services were performed during the 15 month look back period.,20423.34,60,,,,,0,percent of total billed charges,60 percent of billed charges; No services were performed during the 15 month look back period.,20423.34,60,,,,,0,percent of total billed charges,60 percent of billed charges; No services were performed during the 15 month look back period.,17019.45,50,,,,,0,percent of total billed charges,50 percent of billed charges; No services were performed during the 15 month look back period.,17019.45,50,,,,,0,percent of total billed charges,50 percent of billed charges; No services were performed during the 15 month look back period.,683.8,,,,,,,Fee Schedule,"100% ASP Fee Schedule. ",683.8,,,,,,,Fee Schedule,"100% ASP Fee Schedule. ",683.8,,,,,,,Fee Schedule,"100% ASP Fee Schedule. ",15317.505,45,,,,,0,percent of total billed charges,45 percent of billed charges; No services were performed during the 15 month look back period.,15317.505,45,,,,,0,percent of total billed charges,45 percent of billed charges; No services were performed during the 15 month look back period.,15317.505,45,,,,,0,percent of total billed charges,45 percent of billed charges; No services were performed during the 15 month look back period.,17019.45,50,,,,,0,percent of total billed charges,50 percent of billed charges; No services were performed during the 15 month look back period.,20423.34,60,,,,,0,percent of total billed charges,60 percent of billed charges; No services were performed during the 15 month look back period.,683.8,,,,,,,Fee Schedule,"100% ASP Fee Schedule. ",15317.505,45,,,,,0,percent of total billed charges,45 percent of billed charges; No services were performed during the 15 month look back period.,,,,,,,,Other,"100 Percent of Medicaid APG. ",697.476,,,,,,,Fee Schedule,"100% of ASP Fee Schedule. ",697.476,,,,,,,Fee Schedule,"100% of ASP Fee Schedule. ",697.476,,,,,,,Fee Schedule,"100% of ASP Fee Schedule. ",,,,,,,,Fee schedule,"90 Percent of Medicare RBRVS. ",,,,,,,,Fee Schedule,225% of NYS APG. Lesser of 100% of billed charges applies.,,,,,,,,Fee Schedule,225% of NYS APG. Lesser of 100% of billed charges applies.,,,,,,,,Fee Schedule,225% of NYS APG. Lesser of 100% of billed charges applies.,,,,,,,,Fee Schedule,225% of NYS APG. Lesser of 100% of billed charges applies.,,,,,,,,Fee Schedule,225% of NYS APG. Lesser of 100% of billed charges applies.,697.476,,,,,,,Fee Schedule,"100% of ASP Fee Schedule. ",,,,,,,,Other,"100 Percent of Medicaid APG. ",,,,,,,,Fee Schedule,"Not payable. ",,,,,,,,Fee Schedule,225% of NYS APG. Lesser of 100% of billed charges applies.,,,,,,,,Fee Schedule,225% of NYS APG. Lesser of 100% of billed charges applies.,,,,,,,,Fee Schedule,"Not payable. ",,,,,,,,Fee Schedule,"Not payable. ",340.389,1,,,,,0,percent of total billed charges,NA. ; No services were performed during the 15 month look back period.,683.8,,,,,,,Fee Schedule,"100% ASP Fee Schedule. ",683.8,,,,,,,Fee Schedule,"100% ASP Fee Schedule. ",20423.34,60,,,,,0,percent of total billed charges,60 percent of billed charges; No services were performed during the 15 month look back period.,683.8,,,,,,,Fee Schedule,"100% ASP Fee Schedule. ",,,,,,,,Fee Schedule,"225 Percent of Medicaid APG. ",,,,,,,,Fee Schedule,"225 Percent of Medicaid APG. ",,,,,,,,Fee schedule,"90 Percent of Medicare RBRVS. ",,,,,,,,Fee schedule,"90 Percent of Medicare RBRVS. ",,,,,,,,Case Rate,Not Payable. Covered services not payable under Medicaid Fee Schedules default to a payment of 87.5 percent of charges.,340.389,1,,,,,0,percent of total billed charges,NA. Covered services not payable under Medicaid Fee Schedules default to a payment of 50 percent of charges.; No services were performed during the 15 month look back period.,,,,,,,,Other,"100 Percent of Medicaid APG. ",,,,,,,,Other,"100 Percent of Medicaid APG. ",,,,,,,,Other,"100 Percent of Medicaid APG. ",,,,,,,,Other,"100 Percent of Medicaid APG. ",15317.505,45,,,,,0,percent of total billed charges,45 percent of billed charges; No services were performed during the 15 month look back period.,17019.45,50,,,,,0,percent of total billed charges,50 percent of billed charges; No services were performed during the 15 month look back period.,,,,,,,,Other,"120 Percent of Medicaid APG. Not APG payable, or payable under another fee schedule like ASP/AWP pays at 30% of charges",,,,,,,,Other,"120 Percent of Medicaid APG. Not APG payable, or payable under another fee schedule like ASP/AWP pays at 30% of charges",,,,,,,,Other,"100 Percent of Medicaid APG. Not APG payable, or payable under another fee schedule like ASP/AWP pays at 30% of charges",,,,,,,,Other,"100 Percent of Medicaid APG. Not APG payable, or payable under another fee schedule like ASP/AWP pays at 30% of charges",15317.505,45,,,,,0,percent of total billed charges,45 percent of billed charges; No services were performed during the 15 month look back period.,15317.505,45,,,,,0,percent of total billed charges,45 percent of billed charges; No services were performed during the 15 month look back period.,683.8,,,,,,,Fee Schedule,"100% ASP Fee Schedule. ",15317.505,45,,,,,0,percent of total billed charges,45 percent of billed charges; No services were performed during the 15 month look back period.,15317.505,45,,,,,0,percent of total billed charges,45 percent of billed charges; No services were performed during the 15 month look back period.,15317.505,45,,,,,0,percent of total billed charges,45 percent of billed charges; No services were performed during the 15 month look back period.,15317.505,45,,,,,0,percent of total billed charges,45 percent of billed charges; No services were performed during the 15 month look back period.,683.8,,,,,,,Fee Schedule,"100% ASP Fee Schedule. ",15317.505,45,,,,,0,percent of total billed charges,45 percent of billed charges; No services were performed during the 15 month look back period.,15317.505,45,,,,,0,percent of total billed charges,45 percent of billed charges; No services were performed during the 15 month look back period.,20423.34,60,,,,,0,percent of total billed charges,60 percent of billed charges; No services were performed during the 15 month look back period.,,,,,,,,Fee Schedule,110% of APG. Lesser of 100% of billed charges applies.,340.389,1,,,,,0,percent of total billed charges,NA. Covered services not payable under Medicaid Fee Schedules default to a payment of 50 percent of charges.; No services were performed during the 15 month look back period.,,,,,,,,Fee Schedule,225% of NYS APG. Lesser of 100% of billed charges applies.,,,,,,,,Case Rate,Not Payable. Covered services not payable under Medicaid Fee Schedules default to a payment of 87.5 percent of charges.,340.389,1,,,,,0,percent of total billed charges,NA. Covered services not payable under Medicaid Fee Schedules default to a payment of 50 percent of charges.; No services were performed during the 15 month look back period.,,,,,,,,Fee Schedule,225% of NYS APG. Lesser of 100% of billed charges applies.,,,,,,,,Fee Schedule,225% of NYS APG. Lesser of 100% of billed charges applies.,,,,,,,,Fee Schedule,225% of NYS APG. Lesser of 100% of billed charges applies.,,,,,,,,Fee Schedule,225% of NYS APG. Lesser of 100% of billed charges applies.,,,,,,,,Fee Schedule,225% of NYS APG. Lesser of 100% of billed charges applies.,,,,,,,,Fee Schedule,225% of NYS APG. Lesser of 100% of billed charges applies.,,,,,,,,,"NA. ",,,,,,,,,"NA. ",,,,,,,,,"NA. ",10211.67,30,,,,,0,percent of total billed charges,30 percent of billed charges; No services were performed during the 15 month look back period.,,,,,,,,,"NA. ",683.8,,,,,,,Fee Schedule,"100% ASP Fee Schedule. ",401.86,,,,,,,Fee Schedule,"100 % 1199 Fee Schedule. ",683.8,,,,,,,Fee Schedule,"100% ASP Fee Schedule. ",683.8,,,,,,,Fee Schedule,"100% ASP Fee Schedule. ",,,,,,,,Other,"120 Percent of Medicaid APG. Not APG payable, or payable under another fee schedule like ASP/AWP pays at 30% of charges",,,,,,,,Other,"120 Percent of Medicaid APG. Not APG payable, or payable under another fee schedule like ASP/AWP pays at 30% of charges",,,,,,,,Other,"100 Percent of Medicaid APG. Not APG payable, or payable under another fee schedule like ASP/AWP pays at 30% of charges",,,,,,,,Other,"100 Percent of Medicaid APG. Not APG payable, or payable under another fee schedule like ASP/AWP pays at 30% of charges",,,,,,,,Other,"100 Percent of Medicaid APG. ",24848.397,73,,,,,0,percent of total billed charges,73 percent of billed charges; No services were performed during the 15 month look back period.,20423.34,60,,,,,0,percent of total billed charges,60 percent of billed charges; No services were performed during the 15 month look back period.,24848.397,73,,,,,0,percent of total billed charges,73 percent of billed charges; No services were performed during the 15 month look back period.,10211.67,30,,,,,0,percent of total billed charges,30 percent of billed charges; No services were performed during the 15 month look back period.,683.8,,,,,,,Fee Schedule,"100% ASP Fee Schedule. ",683.8,,,,,,,Fee Schedule,"100% ASP Fee Schedule. ",683.8,,,,,,,Fee Schedule,"100% ASP Fee Schedule. ",683.8,,,,,,,Fee Schedule,"100% ASP Fee Schedule. ",683.8,,,,,,,Fee Schedule,"100% ASP Fee Schedule. ",683.8,,,,,,,Fee Schedule,"100% ASP Fee Schedule. ",,,,,,,,,"NA. ",,,,,,,,Fee Schedule,225% of NYS APG. Lesser of 100% of billed charges applies.,,,,,,,,Fee Schedule,"Not payable. ",15317.505,45,,,,,0,percent of total billed charges,45 percent of billed charges; No services were performed during the 15 month look back period.,24848.397,73,,,,,0,percent of total billed charges,73 percent of billed charges; No services were performed during the 15 month look back period.,24848.397,73,,,,,0,percent of total billed charges,73 percent of billed charges; No services were performed during the 15 month look back period.,24848.397,73,,,,,0,percent of total billed charges,73 percent of billed charges; No services were performed during the 15 month look back period.,24848.397,73,,,,,0,percent of total billed charges,73 percent of billed charges; No services were performed during the 15 month look back period.,683.8,,,,,,,Fee Schedule,"100% ASP Fee Schedule. ",,,,,,,,Other,"100 Percent of Medicaid APG. ",15317.505,45,,,,,0,percent of total billed charges,45 percent of billed charges; No services were performed during the 15 month look back period.,,,,,,,,Other,"100 Percent of Medicaid APG. ",683.8,,,,,,,Fee Schedule,"100% ASP Fee Schedule. ",,,,,,,,Other,"100 Percent of Medicaid APG. ",683.8,,,,,,,Fee Schedule,"100% ASP Fee Schedule. ",683.8,,,,,,,Fee Schedule,"100% ASP Fee Schedule. ",,,,,,,,Other,"100 Percent of Medicaid APG. ",,,,,,,,Other,"100 Percent of Medicaid APG. ",24848.397,73,,,,,0,percent of total billed charges,73 percent of billed charges; No services were performed during the 15 month look back period.,10211.67,30,,,,,0,percent of total billed charges,30 percent of billed charges; No services were performed during the 15 month look back period.,26550.342,78,,,,,0,percent of total billed charges,78% of Billed Charges. Lesser of 100% of billed charges applies.; No services were performed during the 15 month look back period.,,,,,,,,Fee Schedule,"100 % Zero Pay Code. ",,,,,,,,Fee Schedule,"100 % Zero Pay Code. ",20423.34,60,,,,,0,percent of total billed charges,60 percent of billed charges; No services were performed during the 15 month look back period.,683.8,,,,,,,Fee Schedule,"100% of AWP Fee Schedule. ",27231.12,80,,,,,0,percent of total billed charges,80 percent of billed charges; No services were performed during the 15 month look back period.,27231.12,80,,,,,0,percent of total billed charges,80 percent of billed charges; No services were performed during the 15 month look back period.,12254.004,36,,,,,0,percent of total billed charges,36 percent of billed charges; No services were performed during the 15 month look back period.,12254.004,36,,,,,0,percent of total billed charges,36 percent of billed charges; No services were performed during the 15 month look back period.,683.8,,,,,,,Fee Schedule,"100% ASP Fee Schedule. ",683.8,,,,,,,Fee Schedule,"100% ASP Fee Schedule. ",683.8,,,,,,,Fee Schedule,"100% ASP Fee Schedule. ",683.8,,,,,,,Fee Schedule,"100% ASP Fee Schedule. ",,,,,,,,Fee Schedule,"100 % Zero Pay Code. ",15317.505,45,,,,,0,percent of total billed charges,45 percent of billed charges; No services were performed during the 15 month look back period.,15317.505,45,,,,,0,percent of total billed charges,45 percent of billed charges; No services were performed during the 15 month look back period.,683.8,,,,,,,Fee Schedule,"100% ASP Fee Schedule. ",12254.004,36,,,,,0,percent of total billed charges,36 percent of billed charges; No services were performed during the 15 month look back period.,24848.397,73,,,,,0,percent of total billed charges,73 percent of billed charges; No services were performed during the 15 month look back period.,,,,,,,,Fee Schedule,"120 Percent of Medicaid APG. ",,,,,,,,Other,"100 Percent of Medicaid APG. ",24848.397,73,,,,,0,percent of total billed charges,73 percent of billed charges; No services were performed during the 15 month look back period.,13785.7545,40.5,,,,,0,percent of total billed charges,40.5 percent of billed charges; No services were performed during the 15 month look back period.,13785.7545,40.5,,,,,0,percent of total billed charges,40.5 percent of billed charges; No services were performed during the 15 month look back period.,15317.505,45,,,,,0,percent of total billed charges,45 percent of billed charges; No services were performed during the 15 month look back period.,17019.45,50,,,,,0,percent of total billed charges,50 percent of billed charges; No services were performed during the 15 month look back period.,683.8,,,,,,,Fee Schedule,"100% ASP Fee Schedule. ",,,,,,,,Fee Schedule,"Not payable. ",,,,,,,,Fee Schedule,"Not payable. ",,,,,,,,Fee Schedule,"Not payable. ",,,,,,,,Fee Schedule,"Not payable. ",,,,,,,,Fee Schedule,"100 % Zero Pay Code. ",,,,,,,,Fee Schedule,"Not payable. ",,,,,,,,Fee Schedule,"Not payable. ",,,,,,,,Fee Schedule,"Not payable. ",,,,,,,,Fee Schedule,"Not payable. ",,,,,,,,Fee Schedule,"Not payable. ",,,,,,,,Fee Schedule,"Not payable. ",,,,,,,,Fee Schedule,"Not payable. ",683.8,,,,,,,Fee Schedule,"100% ASP Fee Schedule. ",,,,,,,,Fee Schedule,"100 % Zero Pay Code. ",683.8,,,,,,,Fee Schedule,"100% ASP Fee Schedule. ",,,,,,,,Fee Schedule,"Not payable. ",15317.505,45,,,,,0,percent of total billed charges,45 percent of billed charges; No services were performed during the 15 month look back period.,683.8,,,,,,,Fee Schedule,"100% ASP Fee Schedule. ",15317.505,45,,,,,0,percent of total billed charges,45 percent of billed charges; No services were performed during the 15 month look back period.,15317.505,45,,,,,0,percent of total billed charges,45 percent of billed charges; No services were performed during the 15 month look back period.,15317.505,45,,,,,0,percent of total billed charges,45 percent of billed charges; No services were performed during the 15 month look back period.,,,,,,,,Fee Schedule,"Not payable. ",683.8,,,,,,,Fee Schedule,"100% ASP Fee Schedule. ",15317.505,45,,,,,0,percent of total billed charges,45 percent of billed charges; No services were performed during the 15 month look back period.,,,,,,,,Fee Schedule,"Not payable. ",15317.505,45,,,,,0,percent of total billed charges,45 percent of billed charges; No services were performed during the 15 month look back period.,1025.7,,,,,,,Fee Schedule,"150% of ASP Fee Schedule. ",683.8,,,,,,,Fee Schedule,"100% ASP Fee Schedule. ",24848.397,73,,,,,0,percent of total billed charges,73 percent of billed charges; No services were performed during the 15 month look back period.,24848.397,73,,,,,0,percent of total billed charges,73 percent of billed charges; No services were performed during the 15 month look back period.,24848.397,73,,,,,0,percent of total billed charges,73 percent of billed charges; No services were performed during the 15 month look back period.,24848.397,73,,,,,0,percent of total billed charges,73 percent of billed charges; No services were performed during the 15 month look back period.,24848.397,73,,,,,0,percent of total billed charges,73 percent of billed charges; No services were performed during the 15 month look back period.,24848.397,73,,,,,0,percent of total billed charges,73 percent of billed charges; No services were performed during the 15 month look back period.,24848.397,73,,,,,0,percent of total billed charges,73 percent of billed charges; No services were performed during the 15 month look back period.,24848.397,73,,,,,0,percent of total billed charges,73 percent of billed charges; No services were performed during the 15 month look back period.,24848.397,73,,,,,0,percent of total billed charges,73 percent of billed charges; No services were performed during the 15 month look back period.,24848.397,73,,,,,0,percent of total billed charges,73 percent of billed charges; No services were performed during the 15 month look back period.,24848.397,73,,,,,0,percent of total billed charges,73 percent of billed charges; No services were performed during the 15 month look back period.,24848.397,73,,,,,0,percent of total billed charges,73 percent of billed charges; No services were performed during the 15 month look back period.,683.8,,,,,,,Fee Schedule,"100% ASP Fee Schedule. ",24848.397,73,,,,,0,percent of total billed charges,73 percent of billed charges; No services were performed during the 15 month look back period.,683.8,,,,,,,Fee Schedule,"100% ASP Fee Schedule. ",,,,,,,,Other,"225 Percent of Medicaid APG. ",,,,,,,,Other,"100 Percent of Medicaid APG. If not priced under APG, then Metroplus FeeSched",,,,,,,,Fee Schedule,"100 % Zero Pay Code. ",,,,,,,,Fee Schedule,"100 % Zero Pay Code. ",683.8,,,,,,,Fee Schedule,"100% ASP Fee Schedule. ",27231.12,80,,,,,0,percent of total billed charges,80 percent of billed charges; No services were performed during the 15 month look back period.,683.8,,,,,,,Fee Schedule,"100% ASP Fee Schedule. ",683.8,,,,,,,Fee Schedule,"100% ASP Fee Schedule. ",20423.34,60,,,,,0,percent of total billed charges,60 percent of billed charges; No services were performed during the 15 month look back period.,683.8,,,,,,,Fee Schedule,"100% ASP Fee Schedule. ",10211.67,30,,,,,0,percent of total billed charges,30 percent of billed charges; No services were performed during the 15 month look back period.,683.8,,,,,,,Fee Schedule,"100% ASP Fee Schedule. ",10211.67,30,,,,,0,percent of total billed charges,30 percent of billed charges; No services were performed during the 15 month look back period.,20423.34,60,,,,,0,percent of total billed charges,60 percent of billed charges; No services were performed during the 15 month look back period.,10211.67,30,,,,,0,percent of total billed charges,30 percent of billed charges; No services were performed during the 15 month look back period.,683.8,,,,,,,Fee Schedule,"100% ASP Fee Schedule. ",,,,,,,,Other,"100 Percent of Medicaid APG. ",683.8,,,,,,,Fee Schedule,"100% ASP Fee Schedule. ",10211.67,30,,,,,0,percent of total billed charges,30 percent of billed charges; No services were performed during the 15 month look back period.,,,,,,,,Fee Schedule,"100 % Zero Pay Code. ",,,,,,,,Other,"100 Percent of Medicaid APG. ",15317.505,45,,,,,0,percent of total billed charges,45 percent of billed charges; No services were performed during the 15 month look back period.,,,,,,,,Fee Schedule,"120 Percent of Medicaid APG. ",,,,,,,,Fee Schedule,"120 Percent of Medicaid APG. ",15317.505,45,,,,,0,percent of total billed charges,45 percent of billed charges; No services were performed during the 15 month look back period.,15317.505,45,,,,,0,percent of total billed charges,45 percent of billed charges; No services were performed during the 15 month look back period.,15317.505,45,,,,,0,percent of total billed charges,45 percent of billed charges; No services were performed during the 15 month look back period.,,,,,,,,Fee Schedule,"100 % Zero Pay Code. ",15317.505,45,,,,,0,percent of total billed charges,45 percent of billed charges; No services were performed during the 15 month look back period.,15317.505,45,,,,,0,percent of total billed charges,45 percent of billed charges; No services were performed during the 15 month look back period.,15317.505,45,,,,,0,percent of total billed charges,45 percent of billed charges; No services were performed during the 15 month look back period.,24848.397,73,,,,,0,percent of total billed charges,73 percent of billed charges; No services were performed during the 15 month look back period.,24848.397,73,,,,,0,percent of total billed charges,73 percent of billed charges; No services were performed during the 15 month look back period.,,,,,,,,Fee Schedule,"Not Payable. ",,,,,,,,Other,"100 Percent of Medicaid APG. ",,,,,,,,Fee Schedule,"100 % Zero Pay Code. ",10211.67,30,,,,,0,percent of total billed charges,30 percent of billed charges; No services were performed during the 15 month look back period.,20423.34,60,,,,,0,percent of total billed charges,60 percent of billed charges; No services were performed during the 15 month look back period.,,,,,,,,Fee Schedule,"100 % Zero Pay Code. ",20423.34,60,,,,,0,percent of total billed charges,60 percent of billed charges; No services were performed during the 15 month look back period.,,,,,,,,Fee Schedule,"100 % Zero Pay Code. ",15317.505,45,,,,,0,percent of total billed charges,45 percent of billed charges; No services were performed during the 15 month look back period.,15317.505,45,,,,,0,percent of total billed charges,45 percent of billed charges; No services were performed during the 15 month look back period.,15317.505,45,,,,,0,percent of total billed charges,45 percent of billed charges; No services were performed during the 15 month look back period.,15317.505,45,,,,,0,percent of total billed charges,45 percent of billed charges; No services were performed during the 15 month look back period.,683.8,,,,,,,Fee Schedule,"100% ASP Fee Schedule. ",340.389,34038.9,
A9575,HCPCS,5010003,LOCAL,636,RC,INJ GADOTERATE MEGLUMI 0.1ML,1.76904,0.336118,Inpatient,ML,0.1,,,,,,,,,,,,,,,,,,,,0.530712,30,,,,,0,percent of total billed charges,30 Percent of charges; No services were performed during the 15 month look back period.,1.76904,100,,,,,0,percent of total billed charges,100 percent of charges; No services were performed during the 15 month look back period.,,,,,,,,,,0.530712,30,,,,,0,percent of total billed charges,30 Percent of charges; No services were performed during the 15 month look back period.,0.530712,30,,,,,0,percent of total billed charges,30 Percent of charges; No services were performed during the 15 month look back period.,0.530712,30,,,,,0,percent of total billed charges,30 Percent of charges; No services were performed during the 15 month look back period.,0.176904,10,,,,,0,percent of total billed charges,10 percent of charges; No services were performed during the 15 month look back period.,,,,,,,,,,1.291399,73,,,,,0,percent of total billed charges,73 percent of charges; No services were performed during the 15 month look back period.,0.176904,10,,,,,0,percent of total billed charges,10 percent of charges; No services were performed during the 15 month look back period.,,,,,,,,,,,,,,,,,,,0.566093,32,,,,,0,percent of total billed charges,32 pecent of charges; No services were performed during the 15 month look back period.,0.566093,32,,,,,0,percent of total billed charges,32 pecent of charges; No services were performed during the 15 month look back period.,0.566093,32,,,,,0,percent of total billed charges,32 pecent of charges; No services were performed during the 15 month look back period.,0.566093,32,,,,,0,percent of total billed charges,32 pecent of charges; No services were performed during the 15 month look back period.,,,,,,,,,,,,,,,,,,,,,,,,,,,,1.291399,73,,,,,0,percent of total billed charges,73 percent of charges; No services were performed during the 15 month look back period.,0.530712,30,,,,,0,percent of total billed charges,30 Percent of charges; No services were performed during the 15 month look back period.,0.707616,40,,,,,0,percent of total billed charges,40 percent of charges; No services were performed during the 15 month look back period.,0.513022,29,,,,,0,percent of total billed charges,29 percent of charges; No services were performed during the 15 month look back period.,0.707616,40,,,,,0,percent of total billed charges,40 percent of charges; No services were performed during the 15 month look back period.,0.707616,40,,,,,0,percent of total billed charges,40 percent of charges; No services were performed during the 15 month look back period.,1.291399,73,,,,,0,percent of total billed charges,73 percent of charges; No services were performed during the 15 month look back period.,,,,,,,,,,,,,,,,,,,,,,,,,,,,,,,,,,,,,0.513022,29,,,,,0,percent of total billed charges,29 percent of charges; No services were performed during the 15 month look back period.,0.513022,29,,,,,0,percent of total billed charges,29 percent of charges; No services were performed during the 15 month look back period.,0.513022,29,,,,,0,percent of total billed charges,29 percent of charges; No services were performed during the 15 month look back period.,0.513022,29,,,,,0,percent of total billed charges,29 percent of charges; No services were performed during the 15 month look back period.,0.513022,29,,,,,0,percent of total billed charges,29 percent of charges; No services were performed during the 15 month look back period.,0.513022,29,,,,,0,percent of total billed charges,29 percent of charges; No services were performed during the 15 month look back period.,0.513022,29,,,,,0,percent of total billed charges,29 percent of charges; No services were performed during the 15 month look back period.,1.291399,73,,,,,0,percent of total billed charges,73 percent of charges; No services were performed during the 15 month look back period.,0.229975,13,,,,,0,percent of total billed charges,13 percent of charges; No services were performed during the 15 month look back period.,0.229975,13,,,,,0,percent of total billed charges,13 percent of charges; No services were performed during the 15 month look back period.,1.291399,73,,,,,0,percent of total billed charges,73 percent of charges; No services were performed during the 15 month look back period.,0.566093,32,,,,,0,percent of total billed charges,32 pecent of charges; No services were performed during the 15 month look back period.,0.176904,10,,,,,0,percent of total billed charges,10 percent of charges; No services were performed during the 15 month look back period.,0.176904,10,,,,,0,percent of total billed charges,10 percent of charges; No services were performed during the 15 month look back period.,1.291399,73,,,,,0,percent of total billed charges,73 percent of charges; No services were performed during the 15 month look back period.,,,,,,,,,,0.176904,10,,,,,0,percent of total billed charges,10 percent of charges; No services were performed during the 15 month look back period.,0.176904,10,,,,,0,percent of total billed charges,10 percent of charges; No services were performed during the 15 month look back period.,0.176904,10,,,,,0,percent of total billed charges,10 percent of charges; No services were performed during the 15 month look back period.,,,,,,,,,,0.176904,10,,,,,0,percent of total billed charges,10 percent of charges; No services were performed during the 15 month look back period.,0.176904,10,,,,,0,percent of total billed charges,10 percent of charges; No services were performed during the 15 month look back period.,,,,,,,,,,0.42457,24,,,,,0,percent of total billed charges,24 percent of charges; No services were performed during the 15 month look back period.,,,,,,,,,,,,,,,,,,,,,,,,,,,,,,,,,,,,,,,,,,,,,,,,,,,,,,,,,,,,,,,,,,,,,,,,,,,,,,,,,,1.291399,73,,,,,0,percent of total billed charges,73 percent of charges; No services were performed during the 15 month look back period.,1.291399,73,,,,,0,percent of total billed charges,73 percent of charges; No services were performed during the 15 month look back period.,1.291399,73,,,,,0,percent of total billed charges,73 percent of charges; No services were performed during the 15 month look back period.,1.291399,73,,,,,0,percent of total billed charges,73 percent of charges; No services were performed during the 15 month look back period.,1.291399,73,,,,,0,percent of total billed charges,73 percent of charges; No services were performed during the 15 month look back period.,1.291399,73,,,,,0,percent of total billed charges,73 percent of charges; No services were performed during the 15 month look back period.,1.291399,73,,,,,0,percent of total billed charges,73 percent of charges; No services were performed during the 15 month look back period.,1.291399,73,,,,,0,percent of total billed charges,73 percent of charges; No services were performed during the 15 month look back period.,1.291399,73,,,,,0,percent of total billed charges,73 percent of charges; No services were performed during the 15 month look back period.,1.291399,73,,,,,0,percent of total billed charges,73 percent of charges; No services were performed during the 15 month look back period.,1.291399,73,,,,,0,percent of total billed charges,73 percent of charges; No services were performed during the 15 month look back period.,1.291399,73,,,,,0,percent of total billed charges,73 percent of charges; No services were performed during the 15 month look back period.,1.291399,73,,,,,0,percent of total billed charges,73 percent of charges; No services were performed during the 15 month look back period.,1.291399,73,,,,,0,percent of total billed charges,73 percent of charges; No services were performed during the 15 month look back period.,1.291399,73,,,,,0,percent of total billed charges,73 percent of charges; No services were performed during the 15 month look back period.,1.291399,73,,,,,0,percent of total billed charges,73 percent of charges; No services were performed during the 15 month look back period.,1.291399,73,,,,,0,percent of total billed charges,73 percent of charges; No services were performed during the 15 month look back period.,1.291399,73,,,,,0,percent of total billed charges,73 percent of charges; No services were performed during the 15 month look back period.,1.291399,73,,,,,0,percent of total billed charges,73 percent of charges; No services were performed during the 15 month look back period.,1.291399,73,,,,,0,percent of total billed charges,73 percent of charges; No services were performed during the 15 month look back period.,1.291399,73,,,,,0,percent of total billed charges,73 percent of charges; No services were performed during the 15 month look back period.,1.291399,73,,,,,0,percent of total billed charges,73 percent of charges; No services were performed during the 15 month look back period.,1.291399,73,,,,,0,percent of total billed charges,73 percent of charges; No services were performed during the 15 month look back period.,1.291399,73,,,,,0,percent of total billed charges,73 percent of charges; No services were performed during the 15 month look back period.,1.291399,73,,,,,0,percent of total billed charges,73 percent of charges; No services were performed during the 15 month look back period.,1.291399,73,,,,,0,percent of total billed charges,73 percent of charges; No services were performed during the 15 month look back period.,0.513022,29,,,,,0,percent of total billed charges,29 percent of charges; No services were performed during the 15 month look back period.,0.513022,29,,,,,0,percent of total billed charges,29 percent of charges; No services were performed during the 15 month look back period.,0.513022,29,,,,,0,percent of total billed charges,29 percent of charges; No services were performed during the 15 month look back period.,0.513022,29,,,,,0,percent of total billed charges,29 percent of charges; No services were performed during the 15 month look back period.,0.707616,40,,,,,0,percent of total billed charges,40 percent of charges; No services were performed during the 15 month look back period.,0.707616,40,,,,,0,percent of total billed charges,40 percent of charges; No services were performed during the 15 month look back period.,0.566093,32,,,,,0,percent of total billed charges,32 pecent of charges; No services were performed during the 15 month look back period.,,,,,,,,,,0.176904,10,,,,,0,percent of total billed charges,10 percent of charges; No services were performed during the 15 month look back period.,,,,,,,,,,1.291399,73,,,,,0,percent of total billed charges,73 percent of charges; No services were performed during the 15 month look back period.,0.707616,40,,,,,0,percent of total billed charges,40 percent of charges; No services were performed during the 15 month look back period.,,,,,,,,,,0.176904,10,,,,,0,percent of total billed charges,10 percent of charges; No services were performed during the 15 month look back period.,0.566093,32,,,,,0,percent of total billed charges,32 pecent of charges; No services were performed during the 15 month look back period.,,,,,,,,,,1.291399,73,,,,,0,percent of total billed charges,73 percent of charges; No services were performed during the 15 month look back period.,,,,,,,,,,0.513022,29,,,,,0,percent of total billed charges,29 percent of charges; No services were performed during the 15 month look back period.,0.513022,29,,,,,0,percent of total billed charges,29 percent of charges; No services were performed during the 15 month look back period.,0.513022,29,,,,,0,percent of total billed charges,29 percent of charges; No services were performed during the 15 month look back period.,,,,,,,,,,0.42457,24,,,,,0,percent of total billed charges,24 percent of charges; No services were performed during the 15 month look back period.,,,,,,,,,,,,,,,,,,,,,,,,,,,,,,,,,,,,,,,,,,,,,,0.530712,30,,,,,0,percent of total billed charges,30 Percent of charges; No services were performed during the 15 month look back period.,0.530712,30,,,,,0,percent of total billed charges,30 Percent of charges; No services were performed during the 15 month look back period.,,,,,,,,,,0.566093,32,,,,,0,percent of total billed charges,32 pecent of charges; No services were performed during the 15 month look back period.,0.176904,10,,,,,0,percent of total billed charges,10 percent of charges; No services were performed during the 15 month look back period.,0.176904,10,,,,,0,percent of total billed charges,10 percent of charges; No services were performed during the 15 month look back period.,,,,,,,,,,0.566093,32,,,,,0,percent of total billed charges,32 pecent of charges; No services were performed during the 15 month look back period.,0.530712,30,,,,,0,percent of total billed charges,30 Percent of charges; No services were performed during the 15 month look back period.,0.530712,30,,,,,0,percent of total billed charges,30 Percent of charges; No services were performed during the 15 month look back period.,0.530712,30,,,,,0,percent of total billed charges,30 Percent of charges; No services were performed during the 15 month look back period.,1.291399,73,,,,,0,percent of total billed charges,73 percent of charges; No services were performed during the 15 month look back period.,1.291399,73,,,,,0,percent of total billed charges,73 percent of charges; No services were performed during the 15 month look back period.,1.291399,73,,,,,0,percent of total billed charges,73 percent of charges; No services were performed during the 15 month look back period.,1.291399,73,,,,,0,percent of total billed charges,73 percent of charges; No services were performed during the 15 month look back period.,1.291399,73,,,,,0,percent of total billed charges,73 percent of charges; No services were performed during the 15 month look back period.,1.291399,73,,,,,0,percent of total billed charges,73 percent of charges; No services were performed during the 15 month look back period.,1.291399,73,,,,,0,percent of total billed charges,73 percent of charges; No services were performed during the 15 month look back period.,1.291399,73,,,,,0,percent of total billed charges,73 percent of charges; No services were performed during the 15 month look back period.,1.291399,73,,,,,0,percent of total billed charges,73 percent of charges; No services were performed during the 15 month look back period.,1.291399,73,,,,,0,percent of total billed charges,73 percent of charges; No services were performed during the 15 month look back period.,1.291399,73,,,,,0,percent of total billed charges,73 percent of charges; No services were performed during the 15 month look back period.,0.707616,40,,,,,0,percent of total billed charges,40 percent of charges; No services were performed during the 15 month look back period.,,,,,,,,,,0.566093,32,,,,,0,percent of total billed charges,32 pecent of charges; No services were performed during the 15 month look back period.,,,,,,,,,,0.530712,30,,,,,0,percent of total billed charges,30 Percent of charges; No services were performed during the 15 month look back period.,0.566093,32,,,,,0,percent of total billed charges,32 pecent of charges; No services were performed during the 15 month look back period.,0.566093,32,,,,,0,percent of total billed charges,32 pecent of charges; No services were performed during the 15 month look back period.,1.291399,73,,,,,0,percent of total billed charges,73 percent of charges; No services were performed during the 15 month look back period.,0.353808,20,,,,,0,percent of total billed charges,20 percent of charges; No services were performed during the 15 month look back period.,0.566093,32,,,,,0,percent of total billed charges,32 pecent of charges; No services were performed during the 15 month look back period.,,,,,,,,,,,,,,,,,,,,,,,,,,,,,,,,,,,,,,,,,,,,,,,,,,,,,,,,,,,,,,,,0.566093,32,,,,,0,percent of total billed charges,32 pecent of charges; No services were performed during the 15 month look back period.,0.42457,24,,,,,0,percent of total billed charges,24 percent of charges; No services were performed during the 15 month look back period.,,,,,,,,,,,,,,,,,,,,,,,,,,,,,,,,,,,,,,,,,,,,,,,,,,,,,,,0.42457,24,,,,,0,percent of total billed charges,24 percent of charges; No services were performed during the 15 month look back period.,0.548402,31,,,,,0,percent of total billed charges,31 percent of charges; No services were performed during the 15 month look back period.,0.548402,31,,,,,0,percent of total billed charges,31 percent of charges; No services were performed during the 15 month look back period.,0.548402,31,,,,,0,percent of total billed charges,31 percent of charges; No services were performed during the 15 month look back period.,0.548402,31,,,,,0,percent of total billed charges,31 percent of charges; No services were performed during the 15 month look back period.,0.548402,31,,,,,0,percent of total billed charges,31 percent of charges; No services were performed during the 15 month look back period.,,,,,,,,,,0.707616,40,,,,,0,percent of total billed charges,40 percent of charges; No services were performed during the 15 month look back period.,0.707616,40,,,,,0,percent of total billed charges,40 percent of charges; No services were performed during the 15 month look back period.,0.707616,40,,,,,0,percent of total billed charges,40 percent of charges; No services were performed during the 15 month look back period.,0.707616,40,,,,,0,percent of total billed charges,40 percent of charges; No services were performed during the 15 month look back period.,0.530712,30,,,,,0,percent of total billed charges,30 Percent of charges; No services were performed during the 15 month look back period.,0.530712,30,,,,,0,percent of total billed charges,30 Percent of charges; No services were performed during the 15 month look back period.,0.530712,30,,,,,0,percent of total billed charges,30 Percent of charges; No services were performed during the 15 month look back period.,0.530712,30,,,,,0,percent of total billed charges,30 Percent of charges; No services were performed during the 15 month look back period.,0.42457,24,,,,,0,percent of total billed charges,24 percent of charges; No services were performed during the 15 month look back period.,0.42457,24,,,,,0,percent of total billed charges,24 percent of charges; No services were performed during the 15 month look back period.,,,,,,,,,,,,,,,,,,,,,,,,,,,,,,,,,,,,,,,,,,,,,,,,,,,,,,,0.42457,24,,,,,0,percent of total billed charges,24 percent of charges; No services were performed during the 15 month look back period.,0.530712,30,,,,,0,percent of total billed charges,30 Percent of charges; No services were performed during the 15 month look back period.,,,,,,,,,,,,,,,,,,,,,,,,,,,,,,,,,,,,,,,,,,,,,,,,,,,,,,,,,,,,,,,,,,,,,,,,,,,,,,,,,,,,,,,,,,,,,,,,,,,,,,,,,,,,,,,,,,,,,,,,,,,,,,,,,,,,,,,,,,,,,,,,,,,,,,,,,,,,,,,,,,,,,,,,,,,,,,,,,,,,,,,,,,,,,,,,,,,,,,,0.530712,30,,,,,0,percent of total billed charges,30 Percent of charges; No services were performed during the 15 month look back period.,,,,,,,,,,,,,,,,,,,,,,,,,,,,,,,,,,,,,,,,,,,,,,,,,,,,,,,,,,,,,,,,0.176904,10,,,,,0,percent of total billed charges,10 percent of charges; No services were performed during the 15 month look back period.,0.176904,10,,,,,0,percent of total billed charges,10 percent of charges; No services were performed during the 15 month look back period.,0.176904,10,,,,,0,percent of total billed charges,10 percent of charges; No services were performed during the 15 month look back period.,0.176904,10,,,,,0,percent of total billed charges,10 percent of charges; No services were performed during the 15 month look back period.,,,,,,,,,,0.42457,24,,,,,0,percent of total billed charges,24 percent of charges; No services were performed during the 15 month look back period.,0.513022,29,,,,,0,percent of total billed charges,29 percent of charges; No services were performed during the 15 month look back period.,0.513022,29,,,,,0,percent of total billed charges,29 percent of charges; No services were performed during the 15 month look back period.,0.513022,29,,,,,0,percent of total billed charges,29 percent of charges; No services were performed during the 15 month look back period.,0.513022,29,,,,,0,percent of total billed charges,29 percent of charges; No services were performed during the 15 month look back period.,,,,,,,,,,,,,,,,,,,,,,,,,,,,,,,,,,,,,,,,,,,,,,,,,,,,,,,,,,,,,,,,,,,,,,,,,,,,,,,,,,,,,,,,,,,0.530712,30,,,,,0,percent of total billed charges,30 Percent of charges; No services were performed during the 15 month look back period.,,,,,,,,,,,,,,,,,,,,,,,,,,,,,,,,,,,,,,,,,,,,,,,,,,,,,,,,,,,,,,,,,,,,,,,,,,,,,,,,,,,,,,,,,,,,,,,,,,,,,,,,,,,,,,,,,,,,,,,,,,,,,,,0.566093,32,,,,,0,percent of total billed charges,32 pecent of charges; No services were performed during the 15 month look back period.,,,,,,,,,,,,,,,,,,,,,,,,,,,,,,,,,,,,,,,,,,,,,,0.513022,29,,,,,0,percent of total billed charges,29 percent of charges; No services were performed during the 15 month look back period.,0.513022,29,,,,,0,percent of total billed charges,29 percent of charges; No services were performed during the 15 month look back period.,0.513022,29,,,,,0,percent of total billed charges,29 percent of charges; No services were performed during the 15 month look back period.,0.513022,29,,,,,0,percent of total billed charges,29 percent of charges; No services were performed during the 15 month look back period.,,,,,,,,,,0.513022,29,,,,,0,percent of total billed charges,29 percent of charges; No services were performed during the 15 month look back period.,0.530712,30,,,,,0,percent of total billed charges,30 Percent of charges; No services were performed during the 15 month look back period.,0.513022,29,,,,,0,percent of total billed charges,29 percent of charges; No services were performed during the 15 month look back period.,0.566093,32,,,,,0,percent of total billed charges,32 pecent of charges; No services were performed during the 15 month look back period.,0.513022,29,,,,,0,percent of total billed charges,29 percent of charges; No services were performed during the 15 month look back period.,,,,,,,,,,,,,,,,,,,,,,,,,,,,0.513022,29,,,,,0,percent of total billed charges,29 percent of charges; No services were performed during the 15 month look back period.,,,,,,,,,,,,,,,,,,,,,,,,,,,,,,,,,,,,,,,,,,,,,,0.513022,29,,,,,0,percent of total billed charges,29 percent of charges; No services were performed during the 15 month look back period.,0.513022,29,,,,,0,percent of total billed charges,29 percent of charges; No services were performed during the 15 month look back period.,0.513022,29,,,,,0,percent of total billed charges,29 percent of charges; No services were performed during the 15 month look back period.,0.513022,29,,,,,0,percent of total billed charges,29 percent of charges; No services were performed during the 15 month look back period.,,,,,,,,,,,,,,,,,,,,,,,,,,,,,,,,,,,,,,,,,,,,,,,,,,,,,,,,,,,,,,,,,,,,,,,,,,,,,,,,,,,,,,,,,,,0.513022,29,,,,,0,percent of total billed charges,29 percent of charges; No services were performed during the 15 month look back period.,0.566093,32,,,,,0,percent of total billed charges,32 pecent of charges; No services were performed during the 15 month look back period.,1.291399,73,,,,,0,percent of total billed charges,73 percent of charges; No services were performed during the 15 month look back period.,0.176904,10,,,,,0,percent of total billed charges,10 percent of charges; No services were performed during the 15 month look back period.,0.176904,10,,,,,0,percent of total billed charges,10 percent of charges; No services were performed during the 15 month look back period.,0.530712,30,,,,,0,percent of total billed charges,30 Percent of charges; No services were performed during the 15 month look back period.,,,,,,,,,,0.707616,40,,,,,0,percent of total billed charges,40 percent of charges; No services were performed during the 15 month look back period.,0.707616,40,,,,,0,percent of total billed charges,40 percent of charges; No services were performed during the 15 month look back period.,,,,,,,,,,,,,,,,,,,,,,,,,,,,,,,,,,,,,,,,,,,,,,,,,,,,,,,0.176904,10,,,,,0,percent of total billed charges,10 percent of charges; No services were performed during the 15 month look back period.,,,,,,,,,,,,,,,,,,,,,,,,,,,,,,,,,,,,,0.513022,29,,,,,0,percent of total billed charges,29 percent of charges; No services were performed during the 15 month look back period.,,,,,,,,,,,,,,,,,,,0.513022,29,,,,,0,percent of total billed charges,29 percent of charges; No services were performed during the 15 month look back period.,,,,,,,,,,,,,,,,,,,,,,,,,,,,0.42457,24,,,,,0,percent of total billed charges,24 percent of charges; No services were performed during the 15 month look back period.,0.513022,29,,,,,0,percent of total billed charges,29 percent of charges; No services were performed during the 15 month look back period.,,,,,,,,,,,,,,,,,,,,,,,,,,,,,,,,,,,,,0.176904,10,,,,,0,percent of total billed charges,10 percent of charges; No services were performed during the 15 month look back period.,,,,,,,,,,,,,,,,,,,,,,,,,,,,,,,,,,,,,,,,,,,,,,,,,,,,,,,,,,,,,,,,,,,,,,,,,0.176904,10,,,,,0,percent of total billed charges,10 percent of charges; No services were performed during the 15 month look back period.,,,,,,,,,,,,,,,,,,,,,,,,,,,,,,,,,,,,,,,,,,,,,,,,,,,,,,,,,,,,,,,,,,,,,,,,,,,,,,,,,,,,,,,,,,,,,,,,,,,,,,,,,,,,,,,,,,,,,,0.513022,29,,,,,0,percent of total billed charges,29 percent of charges; No services were performed during the 15 month look back period.,0.513022,29,,,,,0,percent of total billed charges,29 percent of charges; No services were performed during the 15 month look back period.,0.513022,29,,,,,0,percent of total billed charges,29 percent of charges; No services were performed during the 15 month look back period.,0.513022,29,,,,,0,percent of total billed charges,29 percent of charges; No services were performed during the 15 month look back period.,0.513022,29,,,,,0,percent of total billed charges,29 percent of charges; No services were performed during the 15 month look back period.,0.513022,29,,,,,0,percent of total billed charges,29 percent of charges; No services were performed during the 15 month look back period.,0.513022,29,,,,,0,percent of total billed charges,29 percent of charges; No services were performed during the 15 month look back period.,0.513022,29,,,,,0,percent of total billed charges,29 percent of charges; No services were performed during the 15 month look back period.,0.513022,29,,,,,0,percent of total billed charges,29 percent of charges; No services were performed during the 15 month look back period.,0.513022,29,,,,,0,percent of total billed charges,29 percent of charges; No services were performed during the 15 month look back period.,0.513022,29,,,,,0,percent of total billed charges,29 percent of charges; No services were performed during the 15 month look back period.,0.513022,29,,,,,0,percent of total billed charges,29 percent of charges; No services were performed during the 15 month look back period.,0.513022,29,,,,,0,percent of total billed charges,29 percent of charges; No services were performed during the 15 month look back period.,,,,,,,,,,0.513022,29,,,,,0,percent of total billed charges,29 percent of charges; No services were performed during the 15 month look back period.,,,,,,,,,,0.336118,19,,,,,0,percent of total billed charges,19 percent of charges; No services were performed during the 15 month look back period.,0.229975,13,,,,,0,percent of total billed charges,13 percent of charges; No services were performed during the 15 month look back period.,0.176904,10,,,,,0,percent of total billed charges,10 percent of charges; No services were performed during the 15 month look back period.,0.176904,10,,,,,0,percent of total billed charges,10 percent of charges; No services were performed during the 15 month look back period.,,,,,,,,,,0.707616,40,,,,,0,percent of total billed charges,40 percent of charges; No services were performed during the 15 month look back period.,,,,,,,,,,,,,,,,,,,0.530712,30,,,,,0,percent of total billed charges,30 Percent of charges; No services were performed during the 15 month look back period.,,,,,,,,,,0.566093,32,,,,,0,percent of total billed charges,32 pecent of charges; No services were performed during the 15 month look back period.,,,,,,,,,,0.566093,32,,,,,0,percent of total billed charges,32 pecent of charges; No services were performed during the 15 month look back period.,0.530712,30,,,,,0,percent of total billed charges,30 Percent of charges; No services were performed during the 15 month look back period.,0.566093,32,,,,,0,percent of total billed charges,32 pecent of charges; No services were performed during the 15 month look back period.,,,,,,,,,,,,,,,,,,,,,,,,,,,,0.566093,32,,,,,0,percent of total billed charges,32 pecent of charges; No services were performed during the 15 month look back period.,0.176904,10,,,,,0,percent of total billed charges,10 percent of charges; No services were performed during the 15 month look back period.,,,,,,,,,,,,,,,,,,,,,,,,,,,,,,,,,,,,,,,,,,,,,,,,,,,,,,,,,,,,,,,,0.176904,10,,,,,0,percent of total billed charges,10 percent of charges; No services were performed during the 15 month look back period.,,,,,,,,,,,,,,,,,,,,,,,,,,,,0.513022,29,,,,,0,percent of total billed charges,29 percent of charges; No services were performed during the 15 month look back period.,0.513022,29,,,,,0,percent of total billed charges,29 percent of charges; No services were performed during the 15 month look back period.,0.548402,31,,,,,0,percent of total billed charges,31 percent of charges; No services were performed during the 15 month look back period.,,,,,,,,,,0.176904,10,,,,,0,percent of total billed charges,10 percent of charges; No services were performed during the 15 month look back period.,0.566093,32,,,,,0,percent of total billed charges,32 pecent of charges; No services were performed during the 15 month look back period.,0.530712,30,,,,,0,percent of total billed charges,30 Percent of charges; No services were performed during the 15 month look back period.,0.176904,10,,,,,0,percent of total billed charges,10 percent of charges; No services were performed during the 15 month look back period.,0.530712,30,,,,,0,percent of total billed charges,30 Percent of charges; No services were performed during the 15 month look back period.,0.176904,10,,,,,0,percent of total billed charges,10 percent of charges; No services were performed during the 15 month look back period.,,,,,,,,,,,,,,,,,,,,,,,,,,,,,,,,,,,,,,,,,,,,,,0.008845,1.76904,
A9608,HCPCS,5010010,LOCAL,343,RC,FLOTUFOLASTAT F18 DIAG 1 MCI,49148.064,9338.13216,Outpatient,UN,1,,632.69,,,,,,,Fee Schedule,"100 % 1199 Fee Schedule. ",632.69,,,,,,,Fee Schedule,"100 % 1199 Fee Schedule. ",29488.8384,60,,,,,0,percent of total billed charges,60 percent of billed charges; No services were performed during the 15 month look back period.,49148.064,100,,,,,0,percent of total billed charges,100 percent of billed charges; No services were performed during the 15 month look back period.,700.853,,,,,,,Fee Schedule,"100% ASP Fee Schedule. ",29488.8384,60,,,,,0,percent of total billed charges,60 percent of billed charges; No services were performed during the 15 month look back period.,29488.8384,60,,,,,0,percent of total billed charges,60 percent of billed charges; No services were performed during the 15 month look back period.,29488.8384,60,,,,,0,percent of total billed charges,60 percent of billed charges; No services were performed during the 15 month look back period.,,,,,,,,Other,"100 Percent of Medicaid APG. ",,,,,,,,Other,"100 Percent of Medicaid APG. ",38335.48992,78,,,,,0,percent of total billed charges,78 percent of billed charges; No services were performed during the 15 month look back period.,,,,,,,,Fee Schedule,"100 % Zero Pay Code. ",,,,,,,,Other,"100 Percent of Medicaid APG. ",700.853,,,,,,,Fee Schedule,"100% ASP Fee Schedule. ",14744.4192,30,,,,,0,percent of total billed charges,30 percent of billed charges; No services were performed during the 15 month look back period.,14744.4192,30,,,,,0,percent of total billed charges,30 percent of billed charges; No services were performed during the 15 month look back period.,14744.4192,30,,,,,0,percent of total billed charges,30 percent of billed charges; No services were performed during the 15 month look back period.,14744.4192,30,,,,,0,percent of total billed charges,30 percent of billed charges; No services were performed during the 15 month look back period.,491.48064,1,,,,,0,percent of total billed charges,NA. Covered services not payable under Medicaid Fee Schedules default to a payment of 50 percent of charges.; No services were performed during the 15 month look back period.,700.853,,,,,,,Fee Schedule,"100% ASP Fee Schedule. ",491.48064,1,,,,,0,percent of total billed charges,NA. Covered services not payable under Medicaid Fee Schedules default to a payment of 50 percent of charges.; No services were performed during the 15 month look back period.,38335.48992,78,,,,,0,percent of total billed charges,78 percent of billed charges; No services were performed during the 15 month look back period.,29488.8384,60,,,,,0,percent of total billed charges,60 percent of billed charges; No services were performed during the 15 month look back period.,651.668,,,,,,,Fee Schedule,"100% ASP Fee Schedule. ",35878.08672,73,,,,,0,percent of total billed charges,73 percent of billed charges; No services were performed during the 15 month look back period.,651.668,,,,,,,Fee Schedule,"100% ASP Fee Schedule. ",651.668,,,,,,,Fee Schedule,"100% ASP Fee Schedule. ",38335.48992,78,,,,,0,percent of total billed charges,78 percent of billed charges; No services were performed during the 15 month look back period.,,,,,,,,,,,,,,,,,,,17201.8224,35,,,,,0,percent of total billed charges,35 percent of billed charges; No services were performed during the 15 month look back period.,17201.8224,35,,,,,0,percent of total billed charges,35 percent of billed charges; No services were performed during the 15 month look back period.,35878.08672,73,,,,,0,percent of total billed charges,73 percent of billed charges; No services were performed during the 15 month look back period.,35878.08672,73,,,,,0,percent of total billed charges,73 percent of billed charges; No services were performed during the 15 month look back period.,,,,,,,,Other,"100 Percent of Medicaid APG. Not APG payable, or payable under another fee schedule like ASP/AWP pays at 30% of charges",35878.08672,73,,,,,0,percent of total billed charges,73 percent of billed charges; No services were performed during the 15 month look back period.,,,,,,,,Other,"100 Percent of Medicaid APG. Not APG payable, or payable under another fee schedule like ASP/AWP pays at 30% of charges",651.668,,,,,,,Fee Schedule,"100% ASP Fee Schedule. ",35878.08672,73,,,,,0,percent of total billed charges,73 percent of billed charges; No services were performed during the 15 month look back period.,38335.48992,78,,,,,0,percent of total billed charges,78 percent of billed charges; No services were performed during the 15 month look back period.,,,,,,,,Fee Schedule,"Not payable. ",,,,,,,,Fee Schedule,"Not payable. ",38335.48992,78,,,,,0,percent of total billed charges,78 percent of billed charges; No services were performed during the 15 month look back period.,14744.4192,30,,,,,0,percent of total billed charges,30 percent of billed charges; No services were performed during the 15 month look back period.,,,,,,,,Fee Schedule,"100 % Zero Pay Code. ",,,,,,,,Fee Schedule,"100 % Zero Pay Code. ",38335.48992,78,,,,,0,percent of total billed charges,78 percent of billed charges; No services were performed during the 15 month look back period.,700.853,,,,,,,Fee Schedule,"100% ASP Fee Schedule. ",,,,,,,,Fee Schedule,"100 % Zero Pay Code. ",,,,,,,,Fee Schedule,"100 % Zero Pay Code. ",,,,,,,,Fee Schedule,"100 % Zero Pay Code. ",700.853,,,,,,,Fee Schedule,"100% ASP Fee Schedule. ",,,,,,,,Fee Schedule,"100 % Zero Pay Code. ",,,,,,,,Fee Schedule,"100 % Zero Pay Code. ",700.853,,,,,,,Fee Schedule,"100% of AWP Fee Schedule. ",24574.032,50,,,,,0,percent of total billed charges,50 percent of billed charges; No services were performed during the 15 month look back period.,22116.6288,45,,,,,0,percent of total billed charges,45 percent of billed charges; No services were performed during the 15 month look back period.,22116.6288,45,,,,,0,percent of total billed charges,45 percent of billed charges; No services were performed during the 15 month look back period.,22116.6288,45,,,,,0,percent of total billed charges,45 percent of billed charges; No services were performed during the 15 month look back period.,22116.6288,45,,,,,0,percent of total billed charges,45 percent of billed charges; No services were performed during the 15 month look back period.,22116.6288,45,,,,,0,percent of total billed charges,45 percent of billed charges; No services were performed during the 15 month look back period.,22116.6288,45,,,,,0,percent of total billed charges,45 percent of billed charges; No services were performed during the 15 month look back period.,700.853,,,,,,,Fee Schedule,"100% ASP Fee Schedule. ",700.853,,,,,,,Fee Schedule,"100% ASP Fee Schedule. ",22116.6288,45,,,,,0,percent of total billed charges,45 percent of billed charges; No services were performed during the 15 month look back period.,38335.48992,78,,,,,0,percent of total billed charges,78 percent of billed charges; No services were performed during the 15 month look back period.,38335.48992,78,,,,,0,percent of total billed charges,78 percent of billed charges; No services were performed during the 15 month look back period.,38335.48992,78,,,,,0,percent of total billed charges,78 percent of billed charges; No services were performed during the 15 month look back period.,38335.48992,78,,,,,0,percent of total billed charges,78 percent of billed charges; No services were performed during the 15 month look back period.,38335.48992,78,,,,,0,percent of total billed charges,78 percent of billed charges; No services were performed during the 15 month look back period.,38335.48992,78,,,,,0,percent of total billed charges,78 percent of billed charges; No services were performed during the 15 month look back period.,38335.48992,78,,,,,0,percent of total billed charges,78 percent of billed charges; No services were performed during the 15 month look back period.,38335.48992,78,,,,,0,percent of total billed charges,78 percent of billed charges; No services were performed during the 15 month look back period.,38335.48992,78,,,,,0,percent of total billed charges,78 percent of billed charges; No services were performed during the 15 month look back period.,38335.48992,78,,,,,0,percent of total billed charges,78 percent of billed charges; No services were performed during the 15 month look back period.,38335.48992,78,,,,,0,percent of total billed charges,78 percent of billed charges; No services were performed during the 15 month look back period.,38335.48992,78,,,,,0,percent of total billed charges,78 percent of billed charges; No services were performed during the 15 month look back period.,38335.48992,78,,,,,0,percent of total billed charges,78 percent of billed charges; No services were performed during the 15 month look back period.,38335.48992,78,,,,,0,percent of total billed charges,78 percent of billed charges; No services were performed during the 15 month look back period.,38335.48992,78,,,,,0,percent of total billed charges,78 percent of billed charges; No services were performed during the 15 month look back period.,38335.48992,78,,,,,0,percent of total billed charges,78 percent of billed charges; No services were performed during the 15 month look back period.,38335.48992,78,,,,,0,percent of total billed charges,78 percent of billed charges; No services were performed during the 15 month look back period.,38335.48992,78,,,,,0,percent of total billed charges,78 percent of billed charges; No services were performed during the 15 month look back period.,38335.48992,78,,,,,0,percent of total billed charges,78 percent of billed charges; No services were performed during the 15 month look back period.,38335.48992,78,,,,,0,percent of total billed charges,78 percent of billed charges; No services were performed during the 15 month look back period.,38335.48992,78,,,,,0,percent of total billed charges,78 percent of billed charges; No services were performed during the 15 month look back period.,38335.48992,78,,,,,0,percent of total billed charges,78 percent of billed charges; No services were performed during the 15 month look back period.,38335.48992,78,,,,,0,percent of total billed charges,78 percent of billed charges; No services were performed during the 15 month look back period.,38335.48992,78,,,,,0,percent of total billed charges,78 percent of billed charges; No services were performed during the 15 month look back period.,38335.48992,78,,,,,0,percent of total billed charges,78 percent of billed charges; No services were performed during the 15 month look back period.,38335.48992,78,,,,,0,percent of total billed charges,78 percent of billed charges; No services were performed during the 15 month look back period.,35878.08672,73,,,,,0,percent of total billed charges,73 percent of billed charges; No services were performed during the 15 month look back period.,35878.08672,73,,,,,0,percent of total billed charges,73 percent of billed charges; No services were performed during the 15 month look back period.,35878.08672,73,,,,,0,percent of total billed charges,73 percent of billed charges; No services were performed during the 15 month look back period.,35878.08672,73,,,,,0,percent of total billed charges,73 percent of billed charges; No services were performed during the 15 month look back period.,39318.4512,80,,,,,0,percent of total billed charges,80 percent of billed charges; No services were performed during the 15 month look back period.,39318.4512,80,,,,,0,percent of total billed charges,80 percent of billed charges; No services were performed during the 15 month look back period.,14744.4192,30,,,,,0,percent of total billed charges,30 percent of billed charges; No services were performed during the 15 month look back period.,22116.6288,45,,,,,0,percent of total billed charges,45 percent of billed charges; No services were performed during the 15 month look back period.,,,,,,,,Fee Schedule,"100 % Zero Pay Code. ",22116.6288,45,,,,,0,percent of total billed charges,45 percent of billed charges; No services were performed during the 15 month look back period.,38335.48992,78,,,,,0,percent of total billed charges,78 percent of billed charges; No services were performed during the 15 month look back period.,39318.4512,80,,,,,0,percent of total billed charges,80 percent of billed charges; No services were performed during the 15 month look back period.,22116.6288,45,,,,,0,percent of total billed charges,45 percent of billed charges; No services were performed during the 15 month look back period.,,,,,,,,Fee Schedule,"100 % Zero Pay Code. ",14744.4192,30,,,,,0,percent of total billed charges,30 percent of billed charges; No services were performed during the 15 month look back period.,,,,,,,,,,38335.48992,78,,,,,0,percent of total billed charges,78 percent of billed charges; No services were performed during the 15 month look back period.,,,,,,,,Other,"100 Percent of Medicaid APG. ",35878.08672,73,,,,,0,percent of total billed charges,73 percent of billed charges; No services were performed during the 15 month look back period.,,,,,,,,Other,"100 Percent of Medicaid APG. Not APG payable, or payable under another fee schedule like ASP/AWP pays at 30% of charges",651.668,,,,,,,Fee Schedule,"100% ASP Fee Schedule. ",700.853,,,,,,,Fee Schedule,"100% ASP Fee Schedule. ",24574.032,50,,,,,0,percent of total billed charges,50 percent of billed charges; No services were performed during the 15 month look back period.,700.853,,,,,,,Fee Schedule,"100% ASP Fee Schedule. ",700.853,,,,,,,Fee Schedule,"100% ASP Fee Schedule. ",,,,,,,,Other,"100 Percent of Medicaid APG. ",700.853,,,,,,,Fee Schedule,"100% ASP Fee Schedule. ",700.853,,,,,,,Fee Schedule,"100% ASP Fee Schedule. ",29488.8384,60,,,,,0,percent of total billed charges,60 percent of billed charges; No services were performed during the 15 month look back period.,29488.8384,60,,,,,0,percent of total billed charges,60 percent of billed charges; No services were performed during the 15 month look back period.,700.853,,,,,,,Fee Schedule,"100% ASP Fee Schedule. ",14744.4192,30,,,,,0,percent of total billed charges,30 percent of billed charges; No services were performed during the 15 month look back period.,,,,,,,,Fee Schedule,"100 % Zero Pay Code. ",,,,,,,,Fee Schedule,"100 % Zero Pay Code. ",700.853,,,,,,,Fee Schedule,"100% ASP Fee Schedule. ",14744.4192,30,,,,,0,percent of total billed charges,30 percent of billed charges; No services were performed during the 15 month look back period.,29488.8384,60,,,,,0,percent of total billed charges,60 percent of billed charges; No services were performed during the 15 month look back period.,29488.8384,60,,,,,0,percent of total billed charges,60 percent of billed charges; No services were performed during the 15 month look back period.,29488.8384,60,,,,,0,percent of total billed charges,60 percent of billed charges; No services were performed during the 15 month look back period.,38335.48992,78,,,,,0,percent of total billed charges,78 percent of billed charges; No services were performed during the 15 month look back period.,38335.48992,78,,,,,0,percent of total billed charges,78 percent of billed charges; No services were performed during the 15 month look back period.,38335.48992,78,,,,,0,percent of total billed charges,78 percent of billed charges; No services were performed during the 15 month look back period.,38335.48992,78,,,,,0,percent of total billed charges,78 percent of billed charges; No services were performed during the 15 month look back period.,38335.48992,78,,,,,0,percent of total billed charges,78 percent of billed charges; No services were performed during the 15 month look back period.,38335.48992,78,,,,,0,percent of total billed charges,78 percent of billed charges; No services were performed during the 15 month look back period.,38335.48992,78,,,,,0,percent of total billed charges,78 percent of billed charges; No services were performed during the 15 month look back period.,38335.48992,78,,,,,0,percent of total billed charges,78 percent of billed charges; No services were performed during the 15 month look back period.,38335.48992,78,,,,,0,percent of total billed charges,78 percent of billed charges; No services were performed during the 15 month look back period.,38335.48992,78,,,,,0,percent of total billed charges,78 percent of billed charges; No services were performed during the 15 month look back period.,38335.48992,78,,,,,0,percent of total billed charges,78 percent of billed charges; No services were performed during the 15 month look back period.,39318.4512,80,,,,,0,percent of total billed charges,80 percent of billed charges; No services were performed during the 15 month look back period.,22116.6288,45,,,,,0,percent of total billed charges,45 percent of billed charges; No services were performed during the 15 month look back period.,14744.4192,30,,,,,0,percent of total billed charges,30 percent of billed charges; No services were performed during the 15 month look back period.,700.853,,,,,,,Fee Schedule,"100% ASP Fee Schedule. ",29488.8384,60,,,,,0,percent of total billed charges,60 percent of billed charges; No services were performed during the 15 month look back period.,14744.4192,30,,,,,0,percent of total billed charges,30 percent of billed charges; No services were performed during the 15 month look back period.,14744.4192,30,,,,,0,percent of total billed charges,30 percent of billed charges; No services were performed during the 15 month look back period.,38335.48992,78,,,,,0,percent of total billed charges,78 percent of billed charges; No services were performed during the 15 month look back period.,,,,,,,,Other,"Not payable. ",14744.4192,30,,,,,0,percent of total billed charges,30 percent of billed charges; No services were performed during the 15 month look back period.,,,,,,,,Other,"100 Percent of Medicaid APG. ",700.853,,,,,,,Fee Schedule,"100% ASP Fee Schedule. ",700.853,,,,,,,Fee Schedule,"100% ASP Fee Schedule. ",700.853,,,,,,,Fee Schedule,"100% ASP Fee Schedule. ",700.853,,,,,,,Fee Schedule,"100% ASP Fee Schedule. ",700.853,,,,,,,Fee Schedule,"100% ASP Fee Schedule. ",700.853,,,,,,,Fee Schedule,"100% ASP Fee Schedule. ",14744.4192,30,,,,,0,percent of total billed charges,30 percent of billed charges; No services were performed during the 15 month look back period.,24574.032,50,,,,,0,percent of total billed charges,50 percent of billed charges; No services were performed during the 15 month look back period.,491.48064,1,,,,,0,percent of total billed charges,NA. ; No services were performed during the 15 month look back period.,491.48064,1,,,,,0,percent of total billed charges,NA. ; No services were performed during the 15 month look back period.,491.48064,1,,,,,0,percent of total billed charges,NA. ; No services were performed during the 15 month look back period.,491.48064,1,,,,,0,percent of total billed charges,NA. ; No services were performed during the 15 month look back period.,491.48064,1,,,,,0,percent of total billed charges,NA. ; No services were performed during the 15 month look back period.,,,,,,,,,,24574.032,50,,,,,0,percent of total billed charges,50 percent of billed charges; No services were performed during the 15 month look back period.,988.20273,,,,,,,Fee Schedule,141 Percent of of ASP. Drugs billed with revenue code 636 and not priced by Medicare ASP fee schedule will be reimburse at 20 percent of charges,988.20273,,,,,,,Fee Schedule,141 Percent of of ASP. Drugs billed with revenue code 636 and not priced by Medicare ASP fee schedule will be reimburse at 20 percent of charges,988.20273,,,,,,,Fee Schedule,141 Percent of of ASP. Drugs billed with revenue code 636 and not priced by Medicare ASP fee schedule will be reimburse at 20 percent of charges,988.20273,,,,,,,Fee Schedule,141 Percent of of ASP. Drugs billed with revenue code 636 and not priced by Medicare ASP fee schedule will be reimburse at 20 percent of charges,988.20273,,,,,,,Fee Schedule,141 Percent of of ASP. Drugs billed with revenue code 636 and not priced by Medicare ASP fee schedule will be reimburse at 20 percent of charges,700.853,,,,,,,Fee Schedule,"100% ASP Fee Schedule. ",39318.4512,80,,,,,0,percent of total billed charges,80 percent of billed charges; No services were performed during the 15 month look back period.,39318.4512,80,,,,,0,percent of total billed charges,80 percent of billed charges; No services were performed during the 15 month look back period.,39318.4512,80,,,,,0,percent of total billed charges,80 percent of billed charges; No services were performed during the 15 month look back period.,39318.4512,80,,,,,0,percent of total billed charges,80 percent of billed charges; No services were performed during the 15 month look back period.,29488.8384,60,,,,,0,percent of total billed charges,60 percent of billed charges; No services were performed during the 15 month look back period.,29488.8384,60,,,,,0,percent of total billed charges,60 percent of billed charges; No services were performed during the 15 month look back period.,29488.8384,60,,,,,0,percent of total billed charges,60 percent of billed charges; No services were performed during the 15 month look back period.,29488.8384,60,,,,,0,percent of total billed charges,60 percent of billed charges; No services were performed during the 15 month look back period.,24574.032,50,,,,,0,percent of total billed charges,50 percent of billed charges; No services were performed during the 15 month look back period.,24574.032,50,,,,,0,percent of total billed charges,50 percent of billed charges; No services were performed during the 15 month look back period.,700.853,,,,,,,Fee Schedule,"100% ASP Fee Schedule. ",700.853,,,,,,,Fee Schedule,"100% ASP Fee Schedule. ",700.853,,,,,,,Fee Schedule,"100% ASP Fee Schedule. ",22116.6288,45,,,,,0,percent of total billed charges,45 percent of billed charges; No services were performed during the 15 month look back period.,22116.6288,45,,,,,0,percent of total billed charges,45 percent of billed charges; No services were performed during the 15 month look back period.,22116.6288,45,,,,,0,percent of total billed charges,45 percent of billed charges; No services were performed during the 15 month look back period.,24574.032,50,,,,,0,percent of total billed charges,50 percent of billed charges; No services were performed during the 15 month look back period.,29488.8384,60,,,,,0,percent of total billed charges,60 percent of billed charges; No services were performed during the 15 month look back period.,700.853,,,,,,,Fee Schedule,"100% ASP Fee Schedule. ",22116.6288,45,,,,,0,percent of total billed charges,45 percent of billed charges; No services were performed during the 15 month look back period.,,,,,,,,Other,"100 Percent of Medicaid APG. ",664.70136,,,,,,,Fee Schedule,"100% of ASP Fee Schedule. ",664.70136,,,,,,,Fee Schedule,"100% of ASP Fee Schedule. ",664.70136,,,,,,,Fee Schedule,"100% of ASP Fee Schedule. ",17201.8224,35,,,,,0,percent of total billed charges,35 percent of billed charges; No services were performed during the 15 month look back period.,,,,,,,,,,,,,,,,,,,,,,,,,,,,,,,,,,,,,,,,,,,,,,664.70136,,,,,,,Fee Schedule,"100% of ASP Fee Schedule. ",,,,,,,,Other,"100 Percent of Medicaid APG. ",,,,,,,,,,,,,,,,,,,,,,,,,,,,,,,,,,,,,,,,,,,,,,491.48064,1,,,,,0,percent of total billed charges,NA. ; No services were performed during the 15 month look back period.,700.853,,,,,,,Fee Schedule,"100% ASP Fee Schedule. ",700.853,,,,,,,Fee Schedule,"100% ASP Fee Schedule. ",29488.8384,60,,,,,0,percent of total billed charges,60 percent of billed charges; No services were performed during the 15 month look back period.,700.853,,,,,,,Fee Schedule,"100% ASP Fee Schedule. ",,,,,,,,,,,,,,,,,,,17201.8224,35,,,,,0,percent of total billed charges,35 percent of billed charges; No services were performed during the 15 month look back period.,17201.8224,35,,,,,0,percent of total billed charges,35 percent of billed charges; No services were performed during the 15 month look back period.,,,,,,,,Case Rate,Not Payable. Covered services not payable under Medicaid Fee Schedules default to a payment of 87.5 percent of charges.,491.48064,1,,,,,0,percent of total billed charges,NA. Covered services not payable under Medicaid Fee Schedules default to a payment of 50 percent of charges.; No services were performed during the 15 month look back period.,,,,,,,,Other,"100 Percent of Medicaid APG. ",,,,,,,,Other,"100 Percent of Medicaid APG. ",,,,,,,,Other,"100 Percent of Medicaid APG. ",,,,,,,,Other,"100 Percent of Medicaid APG. ",22116.6288,45,,,,,0,percent of total billed charges,45 percent of billed charges; No services were performed during the 15 month look back period.,24574.032,50,,,,,0,percent of total billed charges,50 percent of billed charges; No services were performed during the 15 month look back period.,,,,,,,,Other,"120 Percent of Medicaid APG. Not APG payable, or payable under another fee schedule like ASP/AWP pays at 30% of charges",,,,,,,,Other,"120 Percent of Medicaid APG. Not APG payable, or payable under another fee schedule like ASP/AWP pays at 30% of charges",,,,,,,,Other,"100 Percent of Medicaid APG. Not APG payable, or payable under another fee schedule like ASP/AWP pays at 30% of charges",,,,,,,,Other,"100 Percent of Medicaid APG. Not APG payable, or payable under another fee schedule like ASP/AWP pays at 30% of charges",22116.6288,45,,,,,0,percent of total billed charges,45 percent of billed charges; No services were performed during the 15 month look back period.,22116.6288,45,,,,,0,percent of total billed charges,45 percent of billed charges; No services were performed during the 15 month look back period.,700.853,,,,,,,Fee Schedule,"100% ASP Fee Schedule. ",22116.6288,45,,,,,0,percent of total billed charges,45 percent of billed charges; No services were performed during the 15 month look back period.,22116.6288,45,,,,,0,percent of total billed charges,45 percent of billed charges; No services were performed during the 15 month look back period.,22116.6288,45,,,,,0,percent of total billed charges,45 percent of billed charges; No services were performed during the 15 month look back period.,22116.6288,45,,,,,0,percent of total billed charges,45 percent of billed charges; No services were performed during the 15 month look back period.,700.853,,,,,,,Fee Schedule,"100% ASP Fee Schedule. ",22116.6288,45,,,,,0,percent of total billed charges,45 percent of billed charges; No services were performed during the 15 month look back period.,22116.6288,45,,,,,0,percent of total billed charges,45 percent of billed charges; No services were performed during the 15 month look back period.,29488.8384,60,,,,,0,percent of total billed charges,60 percent of billed charges; No services were performed during the 15 month look back period.,,,,,,,,Fee Schedule,100% APG. Lesser of 100% of billed charges applies.,491.48064,1,,,,,0,percent of total billed charges,NA. Covered services not payable under Medicaid Fee Schedules default to a payment of 50 percent of charges.; No services were performed during the 15 month look back period.,,,,,,,,,,,,,,,,,Case Rate,Not Payable. Covered services not payable under Medicaid Fee Schedules default to a payment of 87.5 percent of charges.,491.48064,1,,,,,0,percent of total billed charges,NA. Covered services not payable under Medicaid Fee Schedules default to a payment of 50 percent of charges.; No services were performed during the 15 month look back period.,,,,,,,,,,,,,,,,,,,,,,,,,,,,,,,,,,,,,,,,,,,,,,,,,,,,,,,,,,,,,,,,,,,,,,,,,,,,,,,,,,14744.4192,30,,,,,0,percent of total billed charges,30 percent of billed charges; No services were performed during the 15 month look back period.,,,,,,,,,,700.853,,,,,,,Fee Schedule,"100% ASP Fee Schedule. ",632.69,,,,,,,Fee Schedule,"100 % 1199 Fee Schedule. ",700.853,,,,,,,Fee Schedule,"100% ASP Fee Schedule. ",700.853,,,,,,,Fee Schedule,"100% ASP Fee Schedule. ",,,,,,,,Other,"120 Percent of Medicaid APG. Not APG payable, or payable under another fee schedule like ASP/AWP pays at 30% of charges",,,,,,,,Other,"120 Percent of Medicaid APG. Not APG payable, or payable under another fee schedule like ASP/AWP pays at 30% of charges",,,,,,,,Other,"100 Percent of Medicaid APG. Not APG payable, or payable under another fee schedule like ASP/AWP pays at 30% of charges",,,,,,,,Other,"100 Percent of Medicaid APG. Not APG payable, or payable under another fee schedule like ASP/AWP pays at 30% of charges",,,,,,,,Other,"100 Percent of Medicaid APG. ",35878.08672,73,,,,,0,percent of total billed charges,73 percent of billed charges; No services were performed during the 15 month look back period.,29488.8384,60,,,,,0,percent of total billed charges,60 percent of billed charges; No services were performed during the 15 month look back period.,35878.08672,73,,,,,0,percent of total billed charges,73 percent of billed charges; No services were performed during the 15 month look back period.,14744.4192,30,,,,,0,percent of total billed charges,30 percent of billed charges; No services were performed during the 15 month look back period.,651.668,,,,,,,Fee Schedule,"100% ASP Fee Schedule. ",700.853,,,,,,,Fee Schedule,"100% ASP Fee Schedule. ",700.853,,,,,,,Fee Schedule,"100% ASP Fee Schedule. ",700.853,,,,,,,Fee Schedule,"100% ASP Fee Schedule. ",651.668,,,,,,,Fee Schedule,"100% ASP Fee Schedule. ",700.853,,,,,,,Fee Schedule,"100% ASP Fee Schedule. ",,,,,,,,,,,,,,,,,,,,,,,,,,,,22116.6288,45,,,,,0,percent of total billed charges,45 percent of billed charges; No services were performed during the 15 month look back period.,35878.08672,73,,,,,0,percent of total billed charges,73 percent of billed charges; No services were performed during the 15 month look back period.,35878.08672,73,,,,,0,percent of total billed charges,73 percent of billed charges; No services were performed during the 15 month look back period.,35878.08672,73,,,,,0,percent of total billed charges,73 percent of billed charges; No services were performed during the 15 month look back period.,35878.08672,73,,,,,0,percent of total billed charges,73 percent of billed charges; No services were performed during the 15 month look back period.,700.853,,,,,,,Fee Schedule,"100% ASP Fee Schedule. ",,,,,,,,Other,"100 Percent of Medicaid APG. ",22116.6288,45,,,,,0,percent of total billed charges,45 percent of billed charges; No services were performed during the 15 month look back period.,,,,,,,,Other,"100 Percent of Medicaid APG. ",700.853,,,,,,,Fee Schedule,"100% ASP Fee Schedule. ",,,,,,,,Other,"100 Percent of Medicaid APG. ",700.853,,,,,,,Fee Schedule,"100% ASP Fee Schedule. ",700.853,,,,,,,Fee Schedule,"100% ASP Fee Schedule. ",,,,,,,,Other,"100 Percent of Medicaid APG. ",,,,,,,,Other,"100 Percent of Medicaid APG. ",35878.08672,73,,,,,0,percent of total billed charges,73 percent of billed charges; No services were performed during the 15 month look back period.,14744.4192,30,,,,,0,percent of total billed charges,30 percent of billed charges; No services were performed during the 15 month look back period.,38335.48992,78,,,,,0,percent of total billed charges,78 percent of billed charges; No services were performed during the 15 month look back period.,,,,,,,,Fee Schedule,"100 % Zero Pay Code. ",,,,,,,,Fee Schedule,"100 % Zero Pay Code. ",29488.8384,60,,,,,0,percent of total billed charges,60 percent of billed charges; No services were performed during the 15 month look back period.,700.853,,,,,,,Fee Schedule,"100% of AWP Fee Schedule. ",39318.4512,80,,,,,0,percent of total billed charges,80 percent of billed charges; No services were performed during the 15 month look back period.,39318.4512,80,,,,,0,percent of total billed charges,80 percent of billed charges; No services were performed during the 15 month look back period.,17693.30304,36,,,,,0,percent of total billed charges,36 percent of billed charges; No services were performed during the 15 month look back period.,17693.30304,36,,,,,0,percent of total billed charges,36 percent of billed charges; No services were performed during the 15 month look back period.,700.853,,,,,,,Fee Schedule,"100% ASP Fee Schedule. ",700.853,,,,,,,Fee Schedule,"100% ASP Fee Schedule. ",700.853,,,,,,,Fee Schedule,"100% ASP Fee Schedule. ",700.853,,,,,,,Fee Schedule,"100% ASP Fee Schedule. ",,,,,,,,Fee Schedule,"100 % Zero Pay Code. ",22116.6288,45,,,,,0,percent of total billed charges,45 percent of billed charges; No services were performed during the 15 month look back period.,22116.6288,45,,,,,0,percent of total billed charges,45 percent of billed charges; No services were performed during the 15 month look back period.,700.853,,,,,,,Fee Schedule,"100% ASP Fee Schedule. ",17693.30304,36,,,,,0,percent of total billed charges,36 percent of billed charges; No services were performed during the 15 month look back period.,35878.08672,73,,,,,0,percent of total billed charges,73 percent of billed charges; No services were performed during the 15 month look back period.,,,,,,,,,,,,,,,,,Other,"100 Percent of Medicaid APG. ",35878.08672,73,,,,,0,percent of total billed charges,73 percent of billed charges; No services were performed during the 15 month look back period.,19904.96592,40.5,,,,,0,percent of total billed charges,40.5 percent of billed charges; No services were performed during the 15 month look back period.,19904.96592,40.5,,,,,0,percent of total billed charges,40.5 percent of billed charges; No services were performed during the 15 month look back period.,22116.6288,45,,,,,0,percent of total billed charges,45 percent of billed charges; No services were performed during the 15 month look back period.,24574.032,50,,,,,0,percent of total billed charges,50 percent of billed charges; No services were performed during the 15 month look back period.,651.668,,,,,,,Fee Schedule,"100% ASP Fee Schedule. ",,,,,,,,Fee Schedule,"Not payable. ",,,,,,,,Fee Schedule,"Not payable. ",,,,,,,,Fee Schedule,"Not payable. ",,,,,,,,Fee Schedule,"Not payable. ",,,,,,,,Fee Schedule,"100 % Zero Pay Code. ",,,,,,,,Fee Schedule,"Not payable. ",,,,,,,,Fee Schedule,"Not payable. ",,,,,,,,Fee Schedule,"Not payable. ",,,,,,,,Fee Schedule,"Not payable. ",,,,,,,,Fee Schedule,"Not payable. ",,,,,,,,Fee Schedule,"Not payable. ",,,,,,,,Fee Schedule,"Not payable. ",700.853,,,,,,,Fee Schedule,"100% ASP Fee Schedule. ",,,,,,,,Fee Schedule,"100 % Zero Pay Code. ",700.853,,,,,,,Fee Schedule,"100% ASP Fee Schedule. ",,,,,,,,Fee Schedule,"Not payable. ",22116.6288,45,,,,,0,percent of total billed charges,45 percent of billed charges; No services were performed during the 15 month look back period.,700.853,,,,,,,Fee Schedule,"100% ASP Fee Schedule. ",22116.6288,45,,,,,0,percent of total billed charges,45 percent of billed charges; No services were performed during the 15 month look back period.,22116.6288,45,,,,,0,percent of total billed charges,45 percent of billed charges; No services were performed during the 15 month look back period.,22116.6288,45,,,,,0,percent of total billed charges,45 percent of billed charges; No services were performed during the 15 month look back period.,,,,,,,,Fee Schedule,"Not payable. ",700.853,,,,,,,Fee Schedule,"100% ASP Fee Schedule. ",22116.6288,45,,,,,0,percent of total billed charges,45 percent of billed charges; No services were performed during the 15 month look back period.,,,,,,,,Fee Schedule,"Not payable. ",22116.6288,45,,,,,0,percent of total billed charges,45 percent of billed charges; No services were performed during the 15 month look back period.,977.502,,,,,,,Fee Schedule,"150% of ASP Fee Schedule. ",651.668,,,,,,,Fee Schedule,"100% ASP Fee Schedule. ",35878.08672,73,,,,,0,percent of total billed charges,73 percent of billed charges; No services were performed during the 15 month look back period.,35878.08672,73,,,,,0,percent of total billed charges,73 percent of billed charges; No services were performed during the 15 month look back period.,35878.08672,73,,,,,0,percent of total billed charges,73 percent of billed charges; No services were performed during the 15 month look back period.,35878.08672,73,,,,,0,percent of total billed charges,73 percent of billed charges; No services were performed during the 15 month look back period.,35878.08672,73,,,,,0,percent of total billed charges,73 percent of billed charges; No services were performed during the 15 month look back period.,35878.08672,73,,,,,0,percent of total billed charges,73 percent of billed charges; No services were performed during the 15 month look back period.,35878.08672,73,,,,,0,percent of total billed charges,73 percent of billed charges; No services were performed during the 15 month look back period.,35878.08672,73,,,,,0,percent of total billed charges,73 percent of billed charges; No services were performed during the 15 month look back period.,35878.08672,73,,,,,0,percent of total billed charges,73 percent of billed charges; No services were performed during the 15 month look back period.,35878.08672,73,,,,,0,percent of total billed charges,73 percent of billed charges; No services were performed during the 15 month look back period.,35878.08672,73,,,,,0,percent of total billed charges,73 percent of billed charges; No services were performed during the 15 month look back period.,35878.08672,73,,,,,0,percent of total billed charges,73 percent of billed charges; No services were performed during the 15 month look back period.,700.853,,,,,,,Fee Schedule,"100% ASP Fee Schedule. ",35878.08672,73,,,,,0,percent of total billed charges,73 percent of billed charges; No services were performed during the 15 month look back period.,700.853,,,,,,,Fee Schedule,"100% ASP Fee Schedule. ",,,,,,,,Other,"Not payable. ",,,,,,,,Fee Schedule,"Not payable. ",,,,,,,,Fee Schedule,"100 % Zero Pay Code. ",,,,,,,,Fee Schedule,"100 % Zero Pay Code. ",700.853,,,,,,,Fee Schedule,"100% ASP Fee Schedule. ",39318.4512,80,,,,,0,percent of total billed charges,80 percent of billed charges; No services were performed during the 15 month look back period.,700.853,,,,,,,Fee Schedule,"100% ASP Fee Schedule. ",700.853,,,,,,,Fee Schedule,"100% ASP Fee Schedule. ",29488.8384,60,,,,,0,percent of total billed charges,60 percent of billed charges; No services were performed during the 15 month look back period.,700.853,,,,,,,Fee Schedule,"100% ASP Fee Schedule. ",14744.4192,30,,,,,0,percent of total billed charges,30 percent of billed charges; No services were performed during the 15 month look back period.,700.853,,,,,,,Fee Schedule,"100% ASP Fee Schedule. ",14744.4192,30,,,,,0,percent of total billed charges,30 percent of billed charges; No services were performed during the 15 month look back period.,29488.8384,60,,,,,0,percent of total billed charges,60 percent of billed charges; No services were performed during the 15 month look back period.,14744.4192,30,,,,,0,percent of total billed charges,30 percent of billed charges; No services were performed during the 15 month look back period.,700.853,,,,,,,Fee Schedule,"100% ASP Fee Schedule. ",,,,,,,,Other,"100 Percent of Medicaid APG. ",700.853,,,,,,,Fee Schedule,"100% ASP Fee Schedule. ",14744.4192,30,,,,,0,percent of total billed charges,30 percent of billed charges; No services were performed during the 15 month look back period.,,,,,,,,Fee Schedule,"100 % Zero Pay Code. ",,,,,,,,Other,"100 Percent of Medicaid APG. ",22116.6288,45,,,,,0,percent of total billed charges,45 percent of billed charges; No services were performed during the 15 month look back period.,,,,,,,,,,,,,,,,,,,22116.6288,45,,,,,0,percent of total billed charges,45 percent of billed charges; No services were performed during the 15 month look back period.,22116.6288,45,,,,,0,percent of total billed charges,45 percent of billed charges; No services were performed during the 15 month look back period.,22116.6288,45,,,,,0,percent of total billed charges,45 percent of billed charges; No services were performed during the 15 month look back period.,,,,,,,,Fee Schedule,"100 % Zero Pay Code. ",22116.6288,45,,,,,0,percent of total billed charges,45 percent of billed charges; No services were performed during the 15 month look back period.,22116.6288,45,,,,,0,percent of total billed charges,45 percent of billed charges; No services were performed during the 15 month look back period.,22116.6288,45,,,,,0,percent of total billed charges,45 percent of billed charges; No services were performed during the 15 month look back period.,35878.08672,73,,,,,0,percent of total billed charges,73 percent of billed charges; No services were performed during the 15 month look back period.,35878.08672,73,,,,,0,percent of total billed charges,73 percent of billed charges; No services were performed during the 15 month look back period.,988.20273,,,,,,,Fee Schedule,141 Percent of of ASP. Drugs billed with revenue code 636 and not priced by Medicare ASP fee schedule will be reimburse at 20 percent of charges,,,,,,,,Other,"100 Percent of Medicaid APG. ",,,,,,,,Fee Schedule,"100 % Zero Pay Code. ",14744.4192,30,,,,,0,percent of total billed charges,30 percent of billed charges; No services were performed during the 15 month look back period.,29488.8384,60,,,,,0,percent of total billed charges,60 percent of billed charges; No services were performed during the 15 month look back period.,,,,,,,,Fee Schedule,"100 % Zero Pay Code. ",29488.8384,60,,,,,0,percent of total billed charges,60 percent of billed charges; No services were performed during the 15 month look back period.,,,,,,,,Fee Schedule,"100 % Zero Pay Code. ",22116.6288,45,,,,,0,percent of total billed charges,45 percent of billed charges; No services were performed during the 15 month look back period.,22116.6288,45,,,,,0,percent of total billed charges,45 percent of billed charges; No services were performed during the 15 month look back period.,22116.6288,45,,,,,0,percent of total billed charges,45 percent of billed charges; No services were performed during the 15 month look back period.,22116.6288,45,,,,,0,percent of total billed charges,45 percent of billed charges; No services were performed during the 15 month look back period.,700.853,,,,,,,Fee Schedule,"100% ASP Fee Schedule. ",491.48064,49148.064,
APR003-1,DRG,,,,,APR003-1 BONE MARROW TRANSPLANT,,,Inpatient,,,,,,,,,,,,".  ",,,,,,,,,".  ",,,,,,,,,". GMLOS + 8 Outlier per Diem $6,968.00. Add-on payment, and lesser of 100% of billed charges. GMLOS + 8 Outlier per Diem $6,968.00. Add-on payment, and lesser of 100% of billed charges.",,100,,,,,0,Percent of total billed charges,100 percent of charges.  ; No services were performed during the 15 month look back period.,,,,,,,,,". 100 percent of Medicare DRG. Add-on payment,  . 100 percent of Medicare DRG. Add-on payment,  .",,,,,,,,,". GMLOS + 8 Outlier per Diem $6,968.00. Add-on payment, and lesser of 100% of billed charges. GMLOS + 8 Outlier per Diem $6,968.00. Add-on payment, and lesser of 100% of billed charges.",,,,,,,,,". GMLOS + 8 Outlier per Diem $6,968.00. Add-on payment, and lesser of 100% of billed charges. GMLOS + 8 Outlier per Diem $6,968.00. Add-on payment, and lesser of 100% of billed charges.",,,,,,,,,". GMLOS + 8 Outlier per Diem $6,968.00. Add-on payment, and lesser of 100% of billed charges. GMLOS + 8 Outlier per Diem $6,968.00. Add-on payment, and lesser of 100% of billed charges.",110435.07,,,,,,,Case Rate,". 155 percent of Medicaid DRG. Add-on payment, and lesser of 100% of billed charges. 155 percent of Medicaid DRG. Add-on payment, and lesser of 100% of billed charges.",71248.43,,,,,,,Case Rate,". 100 percent of Medicaid DRG. Add-on payment, and lesser of 100% of billed charges. 100 percent of Medicaid DRG. Add-on payment, and lesser of 100% of billed charges.",,73,,,,,0,Percent of total billed charges,73 percent of charges.  ; No services were performed during the 15 month look back period.,,,,,,,,,".  ",71248.43,,,,,,,Case Rate,". 100 percent of Medicaid DRG. Add-on payment, and lesser of 100% of billed charges. 100 percent of Medicaid DRG. Add-on payment, and lesser of 100% of billed charges.",,,,,,,,,". 100 percent of Medicare DRG. Add-on payment,  . 100 percent of Medicare DRG. Add-on payment,  .",,,,,,,,,".  ",,,,,,,,,".  ",,,,,,,,,".  ",,,,,,,,,".  ",71248.43,,,,,,,Case Rate,". 100 percent of Medicaid DRG. Add-on payment, and lesser of 100% of billed charges. 100 percent of Medicaid DRG. Add-on payment, and lesser of 100% of billed charges.",,,,,,,,,". 100 percent of Medicare DRG. Add-on payment,  . 100 percent of Medicare DRG. Add-on payment,  .",71248.43,,,,,,,Case Rate,". 100 percent of Medicaid DRG. Add-on payment, and lesser of 100% of billed charges. 100 percent of Medicaid DRG. Add-on payment, and lesser of 100% of billed charges.",,73,,,,,0,Percent of total billed charges,73 percent of charges.  ; No services were performed during the 15 month look back period.,,,,,,,,,". GMLOS + 8 Outlier per Diem $6,968.00. Add-on payment, and lesser of 100% of billed charges. GMLOS + 8 Outlier per Diem $6,968.00. Add-on payment, and lesser of 100% of billed charges.",,,,,,,,,". 100 percent of Medicare DRG. Add-on payment, and lesser of 100% of billed charges. 100 percent of Medicare DRG. Add-on payment, and lesser of 100% of billed charges.",,,,,,,,," ",,,,,,,,,". 100 percent of Medicare DRG. Add-on payment, and lesser of 100% of billed charges. 100 percent of Medicare DRG. Add-on payment, and lesser of 100% of billed charges.",,,,,,,,,". 100 percent of Medicare DRG. Add-on payment, and lesser of 100% of billed charges. 100 percent of Medicare DRG. Add-on payment, and lesser of 100% of billed charges.",,73,,,,,0,Percent of total billed charges,73 percent of charges.  ; No services were performed during the 15 month look back period.,71248.43,,,,,,,Case Rate,". 100 percent of Medicaid DRG. Add-on payment, and lesser of 100% of billed charges. 100 percent of Medicaid DRG. Add-on payment, and lesser of 100% of billed charges.",71248.43,,,,,,,Case Rate,". 100 percent of Medicaid DRG. Add-on payment, and lesser of 100% of billed charges. 100 percent of Medicaid DRG. Add-on payment, and lesser of 100% of billed charges.",71248.43,,,,,,,Case Rate,". 100 percent of Medicaid DRG. Add-on payment, and lesser of 100% of billed charges. 100 percent of Medicaid DRG. Add-on payment, and lesser of 100% of billed charges.",71248.43,,,,,,,Case Rate,". 100 percent of Medicaid DRG. Add-on payment, and lesser of 100% of billed charges. 100 percent of Medicaid DRG. Add-on payment, and lesser of 100% of billed charges.",,,,,,,,," ",,,,,,,,," ",71248.43,,,,,,,Case Rate,". 100 percent of Medicaid DRG. Add-on payment, and lesser of 100% of billed charges. 100 percent of Medicaid DRG. Add-on payment, and lesser of 100% of billed charges.",,,,,,,,," ",71248.43,,,,,,,Case Rate,". 100 percent of Medicaid DRG. Add-on payment, and lesser of 100% of billed charges. 100 percent of Medicaid DRG. Add-on payment, and lesser of 100% of billed charges.",,,,,,,,,". 100 percent of Medicare DRG. Add-on payment, . 100 percent of Medicare DRG. Add-on payment, .",,,,,,,,," ",,73,,,,,0,Percent of total billed charges,73 percent of charges.  ; No services were performed during the 15 month look back period.,71248.43,,,,,,,Case Rate,". 100 percent of Medicaid DRG. Add-on payment, and lesser of 100% of billed charges. 100 percent of Medicaid DRG. Add-on payment, and lesser of 100% of billed charges.",71248.43,,,,,,,Case Rate,". 100 percent of Medicaid DRG. Add-on payment, and lesser of 100% of billed charges. 100 percent of Medicaid DRG. Add-on payment, and lesser of 100% of billed charges.",,73,,,,,0,Percent of total billed charges,73 percent of charges.  ; No services were performed during the 15 month look back period.,,,,,,,,,".  ",,,,,,,,,".  ",,,,,,,,,".  ",,73,,,,,0,Percent of total billed charges,73 percent of charges.  ; No services were performed during the 15 month look back period.,,,,,,,,,". 100 percent of Medicare DRG. Add-on payment,  . 100 percent of Medicare DRG. Add-on payment,  .",,,,,,,,,".  ",,,,,,,,,".  ",,,,,,,,,".  ",,,,,,,,,". 100 percent of Medicare DRG. Add-on payment,  . 100 percent of Medicare DRG. Add-on payment,  .",,,,,,,,,".  ",,,,,,,,,".  ",,,,,,,,,". 100 percent of Medicare DRG. Add-on payment, and lesser of 100% of billed charges. 100 percent of Medicare DRG. Add-on payment, and lesser of 100% of billed charges.",,,,,,,,,".  ",,,,,,,,,".  ",,,,,,,,,".  ",,,,,,,,,".  ",,,,,,,,,".  ",,,,,,,,,".  ",,,,,,,,,".  ",,,,,,,,,". 100 percent of Medicare DRG. Add-on payment,  . 100 percent of Medicare DRG. Add-on payment,  .",,,,,,,,,". 100 percent of Medicare DRG. Add-on payment,  . 100 percent of Medicare DRG. Add-on payment,  .",,,,,,,,,".  ",,73,,,,,0,Percent of total billed charges,73 percent of charges.  ; No services were performed during the 15 month look back period.,,73,,,,,0,Percent of total billed charges,73 percent of charges.  ; No services were performed during the 15 month look back period.,,73,,,,,0,Percent of total billed charges,73 percent of charges.  ; No services were performed during the 15 month look back period.,,73,,,,,0,Percent of total billed charges,73 percent of charges.  ; No services were performed during the 15 month look back period.,,73,,,,,0,Percent of total billed charges,73 percent of charges.  ; No services were performed during the 15 month look back period.,,73,,,,,0,Percent of total billed charges,73 percent of charges.  ; No services were performed during the 15 month look back period.,,73,,,,,0,Percent of total billed charges,73 percent of charges.  ; No services were performed during the 15 month look back period.,,73,,,,,0,Percent of total billed charges,73 percent of charges.  ; No services were performed during the 15 month look back period.,,73,,,,,0,Percent of total billed charges,73 percent of charges.  ; No services were performed during the 15 month look back period.,,73,,,,,0,Percent of total billed charges,73 percent of charges.  ; No services were performed during the 15 month look back period.,,73,,,,,0,Percent of total billed charges,73 percent of charges.  ; No services were performed during the 15 month look back period.,,73,,,,,0,Percent of total billed charges,73 percent of charges.  ; No services were performed during the 15 month look back period.,,73,,,,,0,Percent of total billed charges,73 percent of charges.  ; No services were performed during the 15 month look back period.,,73,,,,,0,Percent of total billed charges,73 percent of charges.  ; No services were performed during the 15 month look back period.,,73,,,,,0,Percent of total billed charges,73 percent of charges.  ; No services were performed during the 15 month look back period.,,73,,,,,0,Percent of total billed charges,73 percent of charges.  ; No services were performed during the 15 month look back period.,,73,,,,,0,Percent of total billed charges,73 percent of charges.  ; No services were performed during the 15 month look back period.,,73,,,,,0,Percent of total billed charges,73 percent of charges.  ; No services were performed during the 15 month look back period.,,73,,,,,0,Percent of total billed charges,73 percent of charges.  ; No services were performed during the 15 month look back period.,,73,,,,,0,Percent of total billed charges,73 percent of charges.  ; No services were performed during the 15 month look back period.,,73,,,,,0,Percent of total billed charges,73 percent of charges.  ; No services were performed during the 15 month look back period.,,73,,,,,0,Percent of total billed charges,73 percent of charges.  ; No services were performed during the 15 month look back period.,,73,,,,,0,Percent of total billed charges,73 percent of charges.  ; No services were performed during the 15 month look back period.,,73,,,,,0,Percent of total billed charges,73 percent of charges.  ; No services were performed during the 15 month look back period.,,73,,,,,0,Percent of total billed charges,73 percent of charges.  ; No services were performed during the 15 month look back period.,,73,,,,,0,Percent of total billed charges,73 percent of charges.  ; No services were performed during the 15 month look back period.,,,,,,,,," ",,,,,,,,," ",,,,,,,,," ",,,,,,,,," ",,,,,,,,," ",,,,,,,,," ",,,,,,,,,".  ",,,,,,,,,".  ",,,,,,,,,".  ",,,,,,,,,".  ",,73,,,,,0,Percent of total billed charges,73 percent of charges.  ; No services were performed during the 15 month look back period.,,,,,,,,," ",,,,,,,,,".  ",,,,,,,,,".  ",,,,,,,,,".  ",,,,,,,,," ",,73,,,,,0,Percent of total billed charges,73 percent of charges.  ; No services were performed during the 15 month look back period.,71248.43,,,,,,,Case Rate,". 100 percent of Medicaid DRG. Add-on payment, and lesser of 100% of billed charges. 100 percent of Medicaid DRG. Add-on payment, and lesser of 100% of billed charges.",,,,,,,,," ",71248.43,,,,,,,Case Rate,". 100 percent of Medicaid DRG. Add-on payment, and lesser of 100% of billed charges. 100 percent of Medicaid DRG. Add-on payment, and lesser of 100% of billed charges.",,,,,,,,,". 100 percent of Medicare DRG. Add-on payment, . 100 percent of Medicare DRG. Add-on payment, .",,,,,,,,,". 100 percent of Medicare DRG. Add-on payment,  . 100 percent of Medicare DRG. Add-on payment,  .",,,,,,,,,".  ",,,,,,,,,". 100 percent of Medicare DRG. Add-on payment,  . 100 percent of Medicare DRG. Add-on payment,  .",,,,,,,,,". 100 percent of Medicare DRG. Add-on payment,  . 100 percent of Medicare DRG. Add-on payment,  .",71248.43,,,,,,,Case Rate,". 100 percent of Medicaid DRG. Add-on payment, and lesser of 100% of billed charges. 100 percent of Medicaid DRG. Add-on payment, and lesser of 100% of billed charges.",,,,,,,,,". 100 percent of Medicare DRG. Add-on payment,  . 100 percent of Medicare DRG. Add-on payment,  .",,,,,,,,,". 100 percent of Medicare DRG. Add-on payment,  . 100 percent of Medicare DRG. Add-on payment,  .",,,,,,,,,". GMLOS + 8 Outlier per Diem $6,968.00. Add-on payment, and lesser of 100% of billed charges. GMLOS + 8 Outlier per Diem $6,968.00. Add-on payment, and lesser of 100% of billed charges.",,,,,,,,,". GMLOS + 8 Outlier per Diem $6,968.00. Add-on payment, and lesser of 100% of billed charges. GMLOS + 8 Outlier per Diem $6,968.00. Add-on payment, and lesser of 100% of billed charges.",,,,,,,,,". 100 percent of Medicare DRG. Add-on payment,  . 100 percent of Medicare DRG. Add-on payment,  .",,,,,,,,,".  ",,,,,,,,,".  ",,,,,,,,,".  ",,,,,,,,,". 100 percent of Medicare DRG. Add-on payment,  . 100 percent of Medicare DRG. Add-on payment,  .",,,,,,,,,".  ",,,,,,,,,". GMLOS + 8 Outlier per Diem $6,968.00. Add-on payment, and lesser of 100% of billed charges. GMLOS + 8 Outlier per Diem $6,968.00. Add-on payment, and lesser of 100% of billed charges.",,,,,,,,,". GMLOS + 8 Outlier per Diem $6,968.00. Add-on payment, and lesser of 100% of billed charges. GMLOS + 8 Outlier per Diem $6,968.00. Add-on payment, and lesser of 100% of billed charges.",,,,,,,,,". GMLOS + 8 Outlier per Diem $6,968.00. Add-on payment, and lesser of 100% of billed charges. GMLOS + 8 Outlier per Diem $6,968.00. Add-on payment, and lesser of 100% of billed charges.",,73,,,,,0,Percent of total billed charges,73 percent of charges.  ; No services were performed during the 15 month look back period.,,73,,,,,0,Percent of total billed charges,73 percent of charges.  ; No services were performed during the 15 month look back period.,,73,,,,,0,Percent of total billed charges,73 percent of charges.  ; No services were performed during the 15 month look back period.,,73,,,,,0,Percent of total billed charges,73 percent of charges.  ; No services were performed during the 15 month look back period.,,73,,,,,0,Percent of total billed charges,73 percent of charges.  ; No services were performed during the 15 month look back period.,,73,,,,,0,Percent of total billed charges,73 percent of charges.  ; No services were performed during the 15 month look back period.,,73,,,,,0,Percent of total billed charges,73 percent of charges.  ; No services were performed during the 15 month look back period.,,73,,,,,0,Percent of total billed charges,73 percent of charges.  ; No services were performed during the 15 month look back period.,,73,,,,,0,Percent of total billed charges,73 percent of charges.  ; No services were performed during the 15 month look back period.,,73,,,,,0,Percent of total billed charges,73 percent of charges.  ; No services were performed during the 15 month look back period.,,73,,,,,0,Percent of total billed charges,73 percent of charges.  ; No services were performed during the 15 month look back period.,,,,,,,,," ",,,,,,,,,".  ",,,,,,,,,".  ",,,,,,,,,". 100 percent of Medicare DRG. Add-on payment,  . 100 percent of Medicare DRG. Add-on payment,  .",,,,,,,,,". GMLOS + 8 Outlier per Diem $6,968.00. Add-on payment, and lesser of 100% of billed charges. GMLOS + 8 Outlier per Diem $6,968.00. Add-on payment, and lesser of 100% of billed charges.",,,,,,,,,".  ",,,,,,,,,".  ",,73,,,,,0,Percent of total billed charges,73 percent of charges.  ; No services were performed during the 15 month look back period.,142496.86,,,,,,,Case Rate,". 200 percent of Medicaid DRG. Add-on payment, and lesser of 200% of billed charges. 200 percent of Medicaid DRG. Add-on payment, and lesser of 200% of billed charges.",,,,,,,,,".  ",71248.43,,,,,,,Case Rate,". 100 percent of Medicaid DRG. Add-on payment, and lesser of 100% of billed charges. 100 percent of Medicaid DRG. Add-on payment, and lesser of 100% of billed charges.",,,,,,,,,". 100 percent of Medicare DRG. Add-on payment,  . 100 percent of Medicare DRG. Add-on payment,  .",,,,,,,,,". 100 percent of Medicare DRG. Add-on payment,  . 100 percent of Medicare DRG. Add-on payment,  .",,,,,,,,,". 100 percent of Medicare DRG. Add-on payment,  . 100 percent of Medicare DRG. Add-on payment,  .",,,,,,,,,". 100 percent of Medicare DRG. Add-on payment,  . 100 percent of Medicare DRG. Add-on payment,  .",,,,,,,,,". 100 percent of Medicare DRG. Add-on payment,  . 100 percent of Medicare DRG. Add-on payment,  .",,,,,,,,,". 100 percent of Medicare DRG. Add-on payment,  . 100 percent of Medicare DRG. Add-on payment,  .",,,,,,,,,".  ",,,,,,,,,".  ",160308.97,,,,,,,Case Rate,". 225 percent of Medicaid DRG. Add-on payment, and lesser of 100% of billed charges. 225 percent of Medicaid DRG. Add-on payment, and lesser of 100% of billed charges.",160308.97,,,,,,,Case Rate,". 225 percent of Medicaid DRG. Add-on payment, and lesser of 100% of billed charges. 225 percent of Medicaid DRG. Add-on payment, and lesser of 100% of billed charges.",160308.97,,,,,,,Case Rate,". 225 percent of Medicaid DRG. Add-on payment, and lesser of 100% of billed charges. 225 percent of Medicaid DRG. Add-on payment, and lesser of 100% of billed charges.",160308.97,,,,,,,Case Rate,". 225 percent of Medicaid DRG. Add-on payment, and lesser of 100% of billed charges. 225 percent of Medicaid DRG. Add-on payment, and lesser of 100% of billed charges.",160308.97,,,,,,,Case Rate,". 225 percent of Medicaid DRG. Add-on payment, and lesser of 100% of billed charges. 225 percent of Medicaid DRG. Add-on payment, and lesser of 100% of billed charges.",,,,,,,,," ",,,,,,,,,".  ",,,,,,,,," ",,,,,,,,," ",,,,,,,,," ",,,,,,,,," ",,,,,,,,," ",,,,,,,,,". 100 percent of Medicare DRG. Add-on payment,  . 100 percent of Medicare DRG. Add-on payment,  .",,,,,,,,," ",,,,,,,,," ",,,,,,,,," ",,,,,,,,," ",,,,,,,,,". GMLOS + 8 Outlier per Diem $6,968.00. Add-on payment, and lesser of 100% of billed charges. GMLOS + 8 Outlier per Diem $6,968.00. Add-on payment, and lesser of 100% of billed charges.",,,,,,,,,". GMLOS + 8 Outlier per Diem $6,968.00. Add-on payment, and lesser of 100% of billed charges. GMLOS + 8 Outlier per Diem $6,968.00. Add-on payment, and lesser of 100% of billed charges.",,,,,,,,,". GMLOS + 8 Outlier per Diem $6,968.00. Add-on payment, and lesser of 100% of billed charges. GMLOS + 8 Outlier per Diem $6,968.00. Add-on payment, and lesser of 100% of billed charges.",,,,,,,,,". GMLOS + 8 Outlier per Diem $6,968.00. Add-on payment, and lesser of 100% of billed charges. GMLOS + 8 Outlier per Diem $6,968.00. Add-on payment, and lesser of 100% of billed charges.",,,,,,,,,".  ",,,,,,,,,".  ",,,,,,,,,". 100 percent of Medicare DRG. Add-on payment,  . 100 percent of Medicare DRG. Add-on payment,  .",,,,,,,,,". 100 percent of Medicare DRG. Add-on payment,  . 100 percent of Medicare DRG. Add-on payment,  .",,,,,,,,,". 100 percent of Medicare DRG. Add-on payment,  . 100 percent of Medicare DRG. Add-on payment,  .",,,,,,,,,".  ",,,,,,,,,".  ",,,,,,,,,".  ",,,,,,,,,".  ",,,,,,,,,". GMLOS + 8 Outlier per Diem $6,968.00. Add-on payment, and lesser of 100% of billed charges. GMLOS + 8 Outlier per Diem $6,968.00. Add-on payment, and lesser of 100% of billed charges.",,,,,,,,,". 100 percent of Medicare DRG. Add-on payment,  . 100 percent of Medicare DRG. Add-on payment,  .",,,,,,,,,".  ",71248.43,,,,,,,Case Rate,". 100 percent of Medicaid DRG. Add-on payment, and lesser of 100% of billed charges. 100 percent of Medicaid DRG. Add-on payment, and lesser of 100% of billed charges.",,,,,,,,,". 100 percent of Medicare DRG. Add-on payment, and lesser of 100% of billed charges. 100 percent of Medicare DRG. Add-on payment, and lesser of 100% of billed charges.",,,,,,,,,". 100 percent of Medicare DRG. Add-on payment, and lesser of 100% of billed charges. 100 percent of Medicare DRG. Add-on payment, and lesser of 100% of billed charges.",,,,,,,,,". 100 percent of Medicare DRG. Add-on payment, and lesser of 100% of billed charges. 100 percent of Medicare DRG. Add-on payment, and lesser of 100% of billed charges.",71248.43,,,,,,,Case Rate,". 100 percent of Medicaid DRG. Add-on payment, and lesser of 100% of billed charges. 100 percent of Medicaid DRG. Add-on payment, and lesser of 100% of billed charges.",160308.97,,,,,,,Case Rate,". 225 percent of Medicaid DRG. Add-on payment, and lesser of 225% of billed charges. 225 percent of Medicaid DRG. Add-on payment, and lesser of 225% of billed charges.",160308.97,,,,,,,Case Rate,". 225 percent of Medicaid DRG. Add-on payment, and lesser of 225% of billed charges. 225 percent of Medicaid DRG. Add-on payment, and lesser of 225% of billed charges.",160308.97,,,,,,,Case Rate,". 225 percent of Medicaid DRG. Add-on payment, and lesser of 225% of billed charges. 225 percent of Medicaid DRG. Add-on payment, and lesser of 225% of billed charges.",160308.97,,,,,,,Case Rate,". 225 percent of Medicaid DRG. Add-on payment, and lesser of 225% of billed charges. 225 percent of Medicaid DRG. Add-on payment, and lesser of 225% of billed charges.",160308.97,,,,,,,Case Rate,". 225 percent of Medicaid DRG. Add-on payment, and lesser of 225% of billed charges. 225 percent of Medicaid DRG. Add-on payment, and lesser of 225% of billed charges.",,,,,,,,,". 100 percent of Medicare DRG. Add-on payment, and lesser of 100% of billed charges. 100 percent of Medicare DRG. Add-on payment, and lesser of 100% of billed charges.",71248.43,,,,,,,Case Rate,". 100 percent of Medicaid DRG. Add-on payment, and lesser of 100% of billed charges. 100 percent of Medicaid DRG. Add-on payment, and lesser of 100% of billed charges.",71248.43,,,,,,,Case Rate,". 100 percent of Medicaid DRG. Add-on payment, and lesser of 100% of billed charges. 100 percent of Medicaid DRG. Add-on payment, and lesser of 100% of billed charges.",160308.97,,,,,,,Case Rate,". 225 percent of Medicaid DRG. Add-on payment, and lesser of 225% of billed charges. 225 percent of Medicaid DRG. Add-on payment, and lesser of 225% of billed charges.",160308.97,,,,,,,Case Rate,". 225 percent of Medicaid DRG. Add-on payment, and lesser of 225% of billed charges. 225 percent of Medicaid DRG. Add-on payment, and lesser of 225% of billed charges.",71248.43,,,,,,,Case Rate,". 100 percent of Medicaid DRG. Add-on payment, and lesser of 100% of billed charges. 100 percent of Medicaid DRG. Add-on payment, and lesser of 100% of billed charges.",71248.43,,,,,,,Case Rate,". 100 percent of Medicaid DRG. Add-on payment, and lesser of 100% of billed charges. 100 percent of Medicaid DRG. Add-on payment, and lesser of 100% of billed charges.",160308.97,,,,,,,Case Rate,". 225 percent of Medicaid DRG. Add-on payment, and lesser of 100% of billed charges. 225 percent of Medicaid DRG. Add-on payment, and lesser of 100% of billed charges.",,,,,,,,,". 100 percent of Medicare DRG. Add-on payment,  . 100 percent of Medicare DRG. Add-on payment,  .",,,,,,,,,". 100 percent of Medicare DRG. Add-on payment,  . 100 percent of Medicare DRG. Add-on payment,  .",,,,,,,,,". GMLOS + 8 Outlier per Diem $6,968.00. Add-on payment, and lesser of 100% of billed charges. GMLOS + 8 Outlier per Diem $6,968.00. Add-on payment, and lesser of 100% of billed charges.",,,,,,,,,". 100 percent of Medicare DRG. Add-on payment,  . 100 percent of Medicare DRG. Add-on payment,  .",160308.97,,,,,,,Case Rate,". 225 percent of Medicaid DRG. Add-on payment, and lesser of 225% of billed charges. 225 percent of Medicaid DRG. Add-on payment, and lesser of 225% of billed charges.",160308.97,,,,,,,Case Rate,". 225 percent of Medicaid DRG. Add-on payment, and lesser of 225% of billed charges. 225 percent of Medicaid DRG. Add-on payment, and lesser of 225% of billed charges.",71248.43,,,,,,,Case Rate,". 100 percent of Medicaid DRG. Add-on payment, and lesser of 100% of billed charges. 100 percent of Medicaid DRG. Add-on payment, and lesser of 100% of billed charges.",71248.43,,,,,,,Case Rate,". 100 percent of Medicaid DRG. Add-on payment, and lesser of 100% of billed charges. 100 percent of Medicaid DRG. Add-on payment, and lesser of 100% of billed charges.",121373.57,,,,,,,Case Rate,". 225 percent of Medicaid DRG. Add-on payment, and lesser of 225% of billed charges. 225 percent of Medicaid DRG. Add-on payment, and lesser of 225% of billed charges.",71248.43,,,,,,,Case Rate,". 100 percent of Medicaid DRG. Add-on payment, and lesser of 100% of billed charges. 100 percent of Medicaid DRG. Add-on payment, and lesser of 100% of billed charges.",206620.45,,,,,,,Case Rate,". 290 percent of Medicaid DRG. Add-on payment, and lesser of 100% of billed charges. 290 percent of Medicaid DRG. Add-on payment, and lesser of 100% of billed charges.",206620.45,,,,,,,Case Rate,". 290 percent of Medicaid DRG. Add-on payment, and lesser of 100% of billed charges. 290 percent of Medicaid DRG. Add-on payment, and lesser of 100% of billed charges.",206620.45,,,,,,,Case Rate,". 290 percent of Medicaid DRG. Add-on payment, and lesser of 100% of billed charges. 290 percent of Medicaid DRG. Add-on payment, and lesser of 100% of billed charges.",206620.45,,,,,,,Case Rate,". 290 percent of Medicaid DRG. Add-on payment, and lesser of 100% of billed charges. 290 percent of Medicaid DRG. Add-on payment, and lesser of 100% of billed charges.",,,,,,,,," ",,,,,,,,,".  ",96185.38,,,,,,,Case Rate,"135% of Medicaid EP 1 and 2, 100% of medicaid EP 3 and 4.  ",96185.38,,,,,,,Case Rate,"135% of Medicaid EP 1 and 2, 100% of medicaid EP 3 and 4.  ",71248.43,,,,,,,Case Rate,". 100 percent of Medicaid DRG. Add-on payment, and lesser of 100% of billed charges. 100 percent of Medicaid DRG. Add-on payment, and lesser of 100% of billed charges.",71248.43,,,,,,,Case Rate,". 100 percent of Medicaid DRG. Add-on payment, and lesser of 100% of billed charges. 100 percent of Medicaid DRG. Add-on payment, and lesser of 100% of billed charges.",,,,,,,,,".  ",,,,,,,,,".  ",,,,,,,,,". 100 percent of Medicare DRG. Add-on payment,  . 100 percent of Medicare DRG. Add-on payment,  .",,,,,,,,,".  ",,,,,,,,,".  ",,,,,,,,,".  ",,,,,,,,,".  ",,,,,,,,,". 100 percent of Medicare DRG. Add-on payment,  . 100 percent of Medicare DRG. Add-on payment,  .",,,,,,,,,".  ",,,,,,,,,".  ",,,,,,,,,". GMLOS + 8 Outlier per Diem $6,968.00. Add-on payment, and lesser of 100% of billed charges. GMLOS + 8 Outlier per Diem $6,968.00. Add-on payment, and lesser of 100% of billed charges.",71248.43,,,,,,,Case Rate,". 100 percent of Medicaid DRG. Add-on payment, and lesser of 100% of billed charges. 100 percent of Medicaid DRG. Add-on payment, and lesser of 100% of billed charges.",71248.43,,,,,,,Case Rate,". 100 percent of Medicaid DRG. Add-on payment, and lesser of 100% of billed charges. 100 percent of Medicaid DRG. Add-on payment, and lesser of 100% of billed charges.",160308.97,,,,,,,Case Rate,". 225 percent of Medicaid DRG. Add-on payment, and lesser of 225% of billed charges. 225 percent of Medicaid DRG. Add-on payment, and lesser of 225% of billed charges.",121373.57,,,,,,,Case Rate,". 225 percent of Medicaid DRG. Add-on payment, and lesser of 225% of billed charges. 225 percent of Medicaid DRG. Add-on payment, and lesser of 225% of billed charges.",71248.43,,,,,,,Case Rate,". 100 percent of Medicaid DRG. Add-on payment, and lesser of 100% of billed charges. 100 percent of Medicaid DRG. Add-on payment, and lesser of 100% of billed charges.",160308.97,,,,,,,Case Rate,". 225 percent of Medicaid DRG. Add-on payment, and lesser of 225% of billed charges. 225 percent of Medicaid DRG. Add-on payment, and lesser of 225% of billed charges.",160308.97,,,,,,,Case Rate,". 225 percent of Medicaid DRG. Add-on payment, and lesser of 225% of billed charges. 225 percent of Medicaid DRG. Add-on payment, and lesser of 225% of billed charges.",160308.97,,,,,,,Case Rate,". 225 percent of Medicaid DRG. Add-on payment, and lesser of 225% of billed charges. 225 percent of Medicaid DRG. Add-on payment, and lesser of 225% of billed charges.",160308.97,,,,,,,Case Rate,". 225 percent of Medicaid DRG. Add-on payment, and lesser of 225% of billed charges. 225 percent of Medicaid DRG. Add-on payment, and lesser of 225% of billed charges.",160308.97,,,,,,,Case Rate,". 225 percent of Medicaid DRG. Add-on payment, and lesser of 225% of billed charges. 225 percent of Medicaid DRG. Add-on payment, and lesser of 225% of billed charges.",160308.97,,,,,,,Case Rate,". 225 percent of Medicaid DRG. Add-on payment, and lesser of 225% of billed charges. 225 percent of Medicaid DRG. Add-on payment, and lesser of 225% of billed charges.",,,,,,,,," ",,,,,,,,," ",,,,,,,,," ",,,,,,,,,".  ",,,,,,,,," ",,,,,,,,,". 100 percent of Medicare DRG. Add-on payment,  . 100 percent of Medicare DRG. Add-on payment,  .",,,,,,,,,".  ",,,,,,,,,". 100 percent of Medicare DRG. Add-on payment,  . 100 percent of Medicare DRG. Add-on payment,  .",,,,,,,,,". 100 percent of Medicare DRG. Add-on payment,  . 100 percent of Medicare DRG. Add-on payment,  .",96185.38,,,,,,,Case Rate,"135% of Medicaid EP 1 and 2, 100% of medicaid EP 3 and 4.  ",96185.38,,,,,,,Case Rate,"135% of Medicaid EP 1 and 2, 100% of medicaid EP 3 and 4.  ",71248.43,,,,,,,Case Rate,". 100 percent of Medicaid DRG. Add-on payment, and lesser of 100% of billed charges. 100 percent of Medicaid DRG. Add-on payment, and lesser of 100% of billed charges.",71248.43,,,,,,,Case Rate,". 100 percent of Medicaid DRG. Add-on payment, and lesser of 100% of billed charges. 100 percent of Medicaid DRG. Add-on payment, and lesser of 100% of billed charges.",71248.43,,,,,,,Case Rate,". 100 percent of Medicaid DRG. Add-on payment, and lesser of 100% of billed charges. 100 percent of Medicaid DRG. Add-on payment, and lesser of 100% of billed charges.",,,,,,,,," ",,,,,,,,,". GMLOS + 8 Outlier per Diem $6,968.00. Add-on payment, and lesser of 100% of billed charges. GMLOS + 8 Outlier per Diem $6,968.00. Add-on payment, and lesser of 100% of billed charges.",,,,,,,,," ",,,,,,,,,".  ",,,,,,,,,". 100 percent of Medicare DRG. Add-on payment, . 100 percent of Medicare DRG. Add-on payment, .",,,,,,,,,". 100 percent of Medicare DRG. Add-on payment,  . 100 percent of Medicare DRG. Add-on payment,  .",,,,,,,,,". 100 percent of Medicare DRG. Add-on payment,  . 100 percent of Medicare DRG. Add-on payment,  .",,,,,,,,,". 100 percent of Medicare DRG. Add-on payment,  . 100 percent of Medicare DRG. Add-on payment,  .",,,,,,,,,". 100 percent of Medicare DRG. Add-on payment, . 100 percent of Medicare DRG. Add-on payment, .",,,,,,,,,". 100 percent of Medicare DRG. Add-on payment,  . 100 percent of Medicare DRG. Add-on payment,  .",,,,,,,,," ",160308.97,,,,,,,Case Rate,". 225 percent of Medicaid DRG. Add-on payment, and lesser of 225% of billed charges. 225 percent of Medicaid DRG. Add-on payment, and lesser of 225% of billed charges.",71248.43,,,,,,,Case Rate,". 100 percent of Medicaid DRG. Add-on payment, and lesser of 100% of billed charges. 100 percent of Medicaid DRG. Add-on payment, and lesser of 100% of billed charges.",,,,,,,,,".  ",,,,,,,,," ",,,,,,,,," ",,,,,,,,," ",,,,,,,,," ",,,,,,,,,". 100 percent of Medicare DRG. Add-on payment,  . 100 percent of Medicare DRG. Add-on payment,  .",71248.43,,,,,,,Case Rate,". 100 percent of Medicaid DRG. Add-on payment, and lesser of 100% of billed charges. 100 percent of Medicaid DRG. Add-on payment, and lesser of 100% of billed charges.",,,,,,,,,".  ",71248.43,,,,,,,Case Rate,". 100 percent of Medicaid DRG. Add-on payment, and lesser of 100% of billed charges. 100 percent of Medicaid DRG. Add-on payment, and lesser of 100% of billed charges.",,,,,,,,,". 100 percent of Medicare DRG. Add-on payment,  . 100 percent of Medicare DRG. Add-on payment,  .",71248.43,,,,,,,Case Rate,". 100 percent of Medicaid DRG. Add-on payment, and lesser of 100% of billed charges. 100 percent of Medicaid DRG. Add-on payment, and lesser of 100% of billed charges.",,,,,,,,,". 100 percent of Medicare DRG. Add-on payment,  . 100 percent of Medicare DRG. Add-on payment,  .",,,,,,,,,". 100 percent of Medicare DRG. Add-on payment,  . 100 percent of Medicare DRG. Add-on payment,  .",71248.43,,,,,,,Case Rate,". 100 percent of Medicaid DRG. Add-on payment, and lesser of 100% of billed charges. 100 percent of Medicaid DRG. Add-on payment, and lesser of 100% of billed charges.",71248.43,,,,,,,Case Rate,". 100 percent of Medicaid DRG. Add-on payment, and lesser of 100% of billed charges. 100 percent of Medicaid DRG. Add-on payment, and lesser of 100% of billed charges.",,,,,,,,," ",,,,,,,,,".  ",,73,,,,,0,Percent of total billed charges,73 percent of charges.  ; No services were performed during the 15 month look back period.,,,,,,,,,".  ",,,,,,,,,".  ",,,,,,,,,". GMLOS + 8 Outlier per Diem $6,968.00. Add-on payment, and lesser of 100% of billed charges. GMLOS + 8 Outlier per Diem $6,968.00. Add-on payment, and lesser of 100% of billed charges.",,,,,,,,,". 93 percent of Medicare DRG. Add-on payment, and lesser of 100% of billed charges. 93 percent of Medicare DRG. Add-on payment, and lesser of 100% of billed charges.",,,,,,,,," ",,,,,,,,," ",,,,,,,,,".  ",,,,,,,,,".  ",,,,,,,,,". 100 percent of Medicare DRG. Add-on payment,  . 100 percent of Medicare DRG. Add-on payment,  .",,,,,,,,,". 100 percent of Medicare DRG. Add-on payment,  . 100 percent of Medicare DRG. Add-on payment,  .",,,,,,,,,". 100 percent of Medicare DRG. Add-on payment,  . 100 percent of Medicare DRG. Add-on payment,  .",,,,,,,,,". 100 percent of Medicare DRG. Add-on payment,  . 100 percent of Medicare DRG. Add-on payment,  .",,,,,,,,,".  ",,,,,,,,,".  ",,,,,,,,,".  ",,,,,,,,,". 100 percent of Medicare DRG. Add-on payment,  . 100 percent of Medicare DRG. Add-on payment,  .",,,,,,,,,".  ",,,,,,,,," ",71248.43,,,,,,,Case Rate,". 100 percent of Medicaid DRG. Add-on payment, and lesser of 100% of billed charges. 100 percent of Medicaid DRG. Add-on payment, and lesser of 100% of billed charges.",71248.43,,,,,,,Case Rate,". 100 percent of Medicaid DRG. Add-on payment, and lesser of 100% of billed charges. 100 percent of Medicaid DRG. Add-on payment, and lesser of 100% of billed charges.",,,,,,,,," ",,,,,,,,,".  ",,,,,,,,,".  ",,,,,,,,,".  ",,,,,,,,,".  ",,,,,,,,,". 100 percent of Medicare DRG. Add-on payment, . 100 percent of Medicare DRG. Add-on payment, .",74810.85,,,,,,,Case Rate,". 105 percent of Medicaid DRG. Add-on payment, and lesser of 100% of billed charges. 105 percent of Medicaid DRG. Add-on payment, and lesser of 100% of billed charges.",74810.85,,,,,,,Case Rate,". 105 percent of Medicaid DRG. Add-on payment, and lesser of 100% of billed charges. 105 percent of Medicaid DRG. Add-on payment, and lesser of 100% of billed charges.",74810.85,,,,,,,Case Rate,". 105 percent of Medicaid DRG. Add-on payment, and lesser of 100% of billed charges. 105 percent of Medicaid DRG. Add-on payment, and lesser of 100% of billed charges.",74810.85,,,,,,,Case Rate,". 105 percent of Medicaid DRG. Add-on payment, and lesser of 100% of billed charges. 105 percent of Medicaid DRG. Add-on payment, and lesser of 100% of billed charges.",,,,,,,,,".  ",74810.85,,,,,,,Case Rate,". 105 percent of Medicaid DRG. Add-on payment, and lesser of 100% of billed charges. 105 percent of Medicaid DRG. Add-on payment, and lesser of 100% of billed charges.",74810.85,,,,,,,Case Rate,". 105 percent of Medicaid DRG. Add-on payment, and lesser of 100% of billed charges. 105 percent of Medicaid DRG. Add-on payment, and lesser of 100% of billed charges.",74810.85,,,,,,,Case Rate,". 105 percent of Medicaid DRG. Add-on payment, and lesser of 100% of billed charges. 105 percent of Medicaid DRG. Add-on payment, and lesser of 100% of billed charges.",74810.85,,,,,,,Case Rate,". 105 percent of Medicaid DRG. Add-on payment, and lesser of 100% of billed charges. 105 percent of Medicaid DRG. Add-on payment, and lesser of 100% of billed charges.",74810.85,,,,,,,Case Rate,". 105 percent of Medicaid DRG. Add-on payment, and lesser of 100% of billed charges. 105 percent of Medicaid DRG. Add-on payment, and lesser of 100% of billed charges.",74810.85,,,,,,,Case Rate,". 105 percent of Medicaid DRG. Add-on payment, and lesser of 100% of billed charges. 105 percent of Medicaid DRG. Add-on payment, and lesser of 100% of billed charges.",74810.85,,,,,,,Case Rate,". 105 percent of Medicaid DRG. Add-on payment, and lesser of 100% of billed charges. 105 percent of Medicaid DRG. Add-on payment, and lesser of 100% of billed charges.",,,,,,,,,". 100 percent of Medicare DRG. Add-on payment,  . 100 percent of Medicare DRG. Add-on payment,  .",,,,,,,,,".  ",,,,,,,,,". 100 percent of Medicare DRG. Add-on payment,  . 100 percent of Medicare DRG. Add-on payment,  .",74810.85,,,,,,,Case Rate,". 105 percent of Medicaid DRG. Add-on payment, and lesser of 100% of billed charges. 105 percent of Medicaid DRG. Add-on payment, and lesser of 100% of billed charges.",,,,,,,,,".  ",,,,,,,,,". 100 percent of Medicare DRG. Add-on payment,  . 100 percent of Medicare DRG. Add-on payment,  .",,,,,,,,,".  ",,,,,,,,,".  ",,,,,,,,,".  ",74810.85,,,,,,,Case Rate,". 105 percent of Medicaid DRG. Add-on payment, and lesser of 100% of billed charges. 105 percent of Medicaid DRG. Add-on payment, and lesser of 100% of billed charges.",,,,,,,,,". 100 percent of Medicare DRG. Add-on payment,  . 100 percent of Medicare DRG. Add-on payment,  .",,,,,,,,,".  ",74810.85,,,,,,,Case Rate,". 105 percent of Medicaid DRG. Add-on payment, and lesser of 100% of billed charges. 105 percent of Medicaid DRG. Add-on payment, and lesser of 100% of billed charges.",,,,,,,,,".  ",,,,,,,,,". Delay in Discharge per diem $4,762 Delay in Discharge per diem $4,762",,,,,,,,,". 100 percent of Medicare DRG. Add-on payment, . 100 percent of Medicare DRG. Add-on payment, .",,,,,,,,," ",,,,,,,,," ",,,,,,,,," ",,,,,,,,," ",,,,,,,,," ",,,,,,,,," ",,,,,,,,," ",,,,,,,,," ",,,,,,,,," ",,,,,,,,," ",,,,,,,,," ",,,,,,,,," ",,,,,,,,,". 100 percent of Medicare DRG. Add-on payment,  . 100 percent of Medicare DRG. Add-on payment,  .",,,,,,,,," ",,,,,,,,,". 100 percent of Medicare DRG. Add-on payment,  . 100 percent of Medicare DRG. Add-on payment,  .",160308.97,,,,,,,Case Rate,". 225 percent of Medicaid DRG. Add-on payment, and lesser of 225% of billed charges. 225 percent of Medicaid DRG. Add-on payment, and lesser of 225% of billed charges.",71248.43,,,,,,,Case Rate,". 100 percent of Medicaid DRG. Add-on payment, and lesser of 100% of billed charges. 100 percent of Medicaid DRG. Add-on payment, and lesser of 100% of billed charges.",,,,,,,,,".  ",,,,,,,,,".  ",,,,,,,,,". 100 percent of Medicare DRG. Add-on payment,  . 100 percent of Medicare DRG. Add-on payment,  .",,,,,,,,," ",,,,,,,,,". 100 percent of Medicare DRG. Add-on payment,  . 100 percent of Medicare DRG. Add-on payment,  .",,,,,,,,,". 100 percent of Medicare DRG. Add-on payment,  . 100 percent of Medicare DRG. Add-on payment,  .",,,,,,,,,". GMLOS + 8 Outlier per Diem $6,968.00. Add-on payment, and lesser of 100% of billed charges. GMLOS + 8 Outlier per Diem $6,968.00. Add-on payment, and lesser of 100% of billed charges.",,,,,,,,,". 100 percent of Medicare DRG. Add-on payment,  . 100 percent of Medicare DRG. Add-on payment,  .",,,,,,,,,".  ",,,,,,,,,". 100 percent of Medicare DRG. Add-on payment,  . 100 percent of Medicare DRG. Add-on payment,  .",,,,,,,,,".  ",,,,,,,,,". GMLOS + 8 Outlier per Diem $6,968.00. Add-on payment, and lesser of 100% of billed charges. GMLOS + 8 Outlier per Diem $6,968.00. Add-on payment, and lesser of 100% of billed charges.",,,,,,,,,".  ",,,,,,,,,". 100 percent of Medicare DRG. Add-on payment,  . 100 percent of Medicare DRG. Add-on payment,  .",71248.43,,,,,,,Case Rate,". 100 percent of Medicaid DRG. Add-on payment, and lesser of 100% of billed charges. 100 percent of Medicaid DRG. Add-on payment, and lesser of 100% of billed charges.",,,,,,,,,". 100 percent of Medicare DRG. Add-on payment,  . 100 percent of Medicare DRG. Add-on payment,  .",,,,,,,,,".  ",,,,,,,,,".  ",71248.43,,,,,,,Case Rate,". 100 percent of Medicaid DRG. Add-on payment, and lesser of 100% of billed charges. 100 percent of Medicaid DRG. Add-on payment, and lesser of 100% of billed charges.",,,,,,,,,".  ",71248.43,,,,,,,Case Rate,". 100 percent of Medicaid DRG. Add-on payment, and lesser of 100% of billed charges. 100 percent of Medicaid DRG. Add-on payment, and lesser of 100% of billed charges.",71248.43,,,,,,,Case Rate,". 100 percent of Medicaid DRG. Add-on payment, and lesser of 100% of billed charges. 100 percent of Medicaid DRG. Add-on payment, and lesser of 100% of billed charges.",,,,,,,,,".  ",,,,,,,,,".  ",,,,,,,,,".  ",,,,,,,,,".  ",,,,,,,,,".  ",,,,,,,,,".  ",,,,,,,,,".  ",,,,,,,,," ",,,,,,,,," ",,,,,,,,," ",71248.43,,,,,,,Case Rate,". 100 percent of Medicaid DRG. Add-on payment, and lesser of 100% of billed charges. 100 percent of Medicaid DRG. Add-on payment, and lesser of 100% of billed charges.",,,,,,,,,".  ",,,,,,,,,".  ",,,,,,,,,". GMLOS + 8 Outlier per Diem $6,968.00. Add-on payment, and lesser of 100% of billed charges. GMLOS + 8 Outlier per Diem $6,968.00. Add-on payment, and lesser of 100% of billed charges.",,,,,,,,,".  ",,,,,,,,,". GMLOS + 8 Outlier per Diem $6,968.00. Add-on payment, and lesser of 100% of billed charges. GMLOS + 8 Outlier per Diem $6,968.00. Add-on payment, and lesser of 100% of billed charges.",,,,,,,,,".  ",,,,,,,,,".  ",,,,,,,,,".  ",,,,,,,,,".  ",,,,,,,,,".  ",,,,,,,,,". 100 percent of Medicare DRG. Add-on payment,  . 100 percent of Medicare DRG. Add-on payment,  .",53943.81,206620.5,
APR004-3,DRG,,,,,APR004-3 TRACHEOSTOMY W MV 96+ HOURS W EXTENSIVE PROCEDURE OR ECMO,,,Inpatient,,,,,,,,,,,,".  ",,,,,,,,,".  ",,,,,,,,,". GMLOS + 8 Outlier per Diem $6,968.00. Add-on payment, and lesser of 100% of billed charges. GMLOS + 8 Outlier per Diem $6,968.00. Add-on payment, and lesser of 100% of billed charges.",,100,,,,,0,Percent of total billed charges,100 percent of charges.  ; No services were performed during the 15 month look back period.,,,,,,,,,". 100 percent of Medicare DRG. Add-on payment,  . 100 percent of Medicare DRG. Add-on payment,  .",,,,,,,,,". GMLOS + 8 Outlier per Diem $6,968.00. Add-on payment, and lesser of 100% of billed charges. GMLOS + 8 Outlier per Diem $6,968.00. Add-on payment, and lesser of 100% of billed charges.",,,,,,,,,". GMLOS + 8 Outlier per Diem $6,968.00. Add-on payment, and lesser of 100% of billed charges. GMLOS + 8 Outlier per Diem $6,968.00. Add-on payment, and lesser of 100% of billed charges.",,,,,,,,,". GMLOS + 8 Outlier per Diem $6,968.00. Add-on payment, and lesser of 100% of billed charges. GMLOS + 8 Outlier per Diem $6,968.00. Add-on payment, and lesser of 100% of billed charges.",165127.14,,,,,,,Case Rate,". 155 percent of Medicaid DRG. Add-on payment, and lesser of 100% of billed charges. 155 percent of Medicaid DRG. Add-on payment, and lesser of 100% of billed charges.",106533.64,,,,,,,Case Rate,". 100 percent of Medicaid DRG. Add-on payment, and lesser of 100% of billed charges. 100 percent of Medicaid DRG. Add-on payment, and lesser of 100% of billed charges.",,73,,,,,0,Percent of total billed charges,73 percent of charges.  ; No services were performed during the 15 month look back period.,,,,,,,,,".  ",106533.64,,,,,,,Case Rate,". 100 percent of Medicaid DRG. Add-on payment, and lesser of 100% of billed charges. 100 percent of Medicaid DRG. Add-on payment, and lesser of 100% of billed charges.",,,,,,,,,". 100 percent of Medicare DRG. Add-on payment,  . 100 percent of Medicare DRG. Add-on payment,  .",,,,,,,,,".  ",,,,,,,,,".  ",,,,,,,,,".  ",,,,,,,,,".  ",106533.64,,,,,,,Case Rate,". 100 percent of Medicaid DRG. Add-on payment, and lesser of 100% of billed charges. 100 percent of Medicaid DRG. Add-on payment, and lesser of 100% of billed charges.",,,,,,,,,". 100 percent of Medicare DRG. Add-on payment,  . 100 percent of Medicare DRG. Add-on payment,  .",106533.64,,,,,,,Case Rate,". 100 percent of Medicaid DRG. Add-on payment, and lesser of 100% of billed charges. 100 percent of Medicaid DRG. Add-on payment, and lesser of 100% of billed charges.",,73,,,,,0,Percent of total billed charges,73 percent of charges.  ; No services were performed during the 15 month look back period.,,,,,,,,,". GMLOS + 8 Outlier per Diem $6,968.00. Add-on payment, and lesser of 100% of billed charges. GMLOS + 8 Outlier per Diem $6,968.00. Add-on payment, and lesser of 100% of billed charges.",,,,,,,,,". 100 percent of Medicare DRG. Add-on payment, and lesser of 100% of billed charges. 100 percent of Medicare DRG. Add-on payment, and lesser of 100% of billed charges.",,,,,,,,," ",,,,,,,,,". 100 percent of Medicare DRG. Add-on payment, and lesser of 100% of billed charges. 100 percent of Medicare DRG. Add-on payment, and lesser of 100% of billed charges.",,,,,,,,,". 100 percent of Medicare DRG. Add-on payment, and lesser of 100% of billed charges. 100 percent of Medicare DRG. Add-on payment, and lesser of 100% of billed charges.",,73,,,,,0,Percent of total billed charges,73 percent of charges.  ; No services were performed during the 15 month look back period.,106533.64,,,,,,,Case Rate,". 100 percent of Medicaid DRG. Add-on payment, and lesser of 100% of billed charges. 100 percent of Medicaid DRG. Add-on payment, and lesser of 100% of billed charges.",106533.64,,,,,,,Case Rate,". 100 percent of Medicaid DRG. Add-on payment, and lesser of 100% of billed charges. 100 percent of Medicaid DRG. Add-on payment, and lesser of 100% of billed charges.",106533.64,,,,,,,Case Rate,". 100 percent of Medicaid DRG. Add-on payment, and lesser of 100% of billed charges. 100 percent of Medicaid DRG. Add-on payment, and lesser of 100% of billed charges.",106533.64,,,,,,,Case Rate,". 100 percent of Medicaid DRG. Add-on payment, and lesser of 100% of billed charges. 100 percent of Medicaid DRG. Add-on payment, and lesser of 100% of billed charges.",,,,,,,,," ",,,,,,,,," ",106533.64,,,,,,,Case Rate,". 100 percent of Medicaid DRG. Add-on payment, and lesser of 100% of billed charges. 100 percent of Medicaid DRG. Add-on payment, and lesser of 100% of billed charges.",,,,,,,,," ",106533.64,,,,,,,Case Rate,". 100 percent of Medicaid DRG. Add-on payment, and lesser of 100% of billed charges. 100 percent of Medicaid DRG. Add-on payment, and lesser of 100% of billed charges.",,,,,,,,,". 100 percent of Medicare DRG. Add-on payment, . 100 percent of Medicare DRG. Add-on payment, .",,,,,,,,," ",,73,,,,,0,Percent of total billed charges,73 percent of charges.  ; No services were performed during the 15 month look back period.,106533.64,,,,,,,Case Rate,". 100 percent of Medicaid DRG. Add-on payment, and lesser of 100% of billed charges. 100 percent of Medicaid DRG. Add-on payment, and lesser of 100% of billed charges.",106533.64,,,,,,,Case Rate,". 100 percent of Medicaid DRG. Add-on payment, and lesser of 100% of billed charges. 100 percent of Medicaid DRG. Add-on payment, and lesser of 100% of billed charges.",,73,,,,,0,Percent of total billed charges,73 percent of charges.  ; No services were performed during the 15 month look back period.,,,,,,,,,".  ",,,,,,,,,".  ",,,,,,,,,".  ",,73,,,,,0,Percent of total billed charges,73 percent of charges.  ; No services were performed during the 15 month look back period.,,,,,,,,,". 100 percent of Medicare DRG. Add-on payment,  . 100 percent of Medicare DRG. Add-on payment,  .",,,,,,,,,".  ",,,,,,,,,".  ",,,,,,,,,".  ",,,,,,,,,". 100 percent of Medicare DRG. Add-on payment,  . 100 percent of Medicare DRG. Add-on payment,  .",,,,,,,,,".  ",,,,,,,,,".  ",,,,,,,,,". 100 percent of Medicare DRG. Add-on payment, and lesser of 100% of billed charges. 100 percent of Medicare DRG. Add-on payment, and lesser of 100% of billed charges.",,,,,,,,,".  ",,,,,,,,,".  ",,,,,,,,,".  ",,,,,,,,,".  ",,,,,,,,,".  ",,,,,,,,,".  ",,,,,,,,,".  ",,,,,,,,,". 100 percent of Medicare DRG. Add-on payment,  . 100 percent of Medicare DRG. Add-on payment,  .",,,,,,,,,". 100 percent of Medicare DRG. Add-on payment,  . 100 percent of Medicare DRG. Add-on payment,  .",,,,,,,,,".  ",,73,,,,,0,Percent of total billed charges,73 percent of charges.  ; No services were performed during the 15 month look back period.,,73,,,,,0,Percent of total billed charges,73 percent of charges.  ; No services were performed during the 15 month look back period.,,73,,,,,0,Percent of total billed charges,73 percent of charges.  ; No services were performed during the 15 month look back period.,,73,,,,,0,Percent of total billed charges,73 percent of charges.  ; No services were performed during the 15 month look back period.,,73,,,,,0,Percent of total billed charges,73 percent of charges.  ; No services were performed during the 15 month look back period.,,73,,,,,0,Percent of total billed charges,73 percent of charges.  ; No services were performed during the 15 month look back period.,,73,,,,,0,Percent of total billed charges,73 percent of charges.  ; No services were performed during the 15 month look back period.,,73,,,,,0,Percent of total billed charges,73 percent of charges.  ; No services were performed during the 15 month look back period.,,73,,,,,0,Percent of total billed charges,73 percent of charges.  ; No services were performed during the 15 month look back period.,,73,,,,,0,Percent of total billed charges,73 percent of charges.  ; No services were performed during the 15 month look back period.,,73,,,,,0,Percent of total billed charges,73 percent of charges.  ; No services were performed during the 15 month look back period.,,73,,,,,0,Percent of total billed charges,73 percent of charges.  ; No services were performed during the 15 month look back period.,,73,,,,,0,Percent of total billed charges,73 percent of charges.  ; No services were performed during the 15 month look back period.,,73,,,,,0,Percent of total billed charges,73 percent of charges.  ; No services were performed during the 15 month look back period.,,73,,,,,0,Percent of total billed charges,73 percent of charges.  ; No services were performed during the 15 month look back period.,,73,,,,,0,Percent of total billed charges,73 percent of charges.  ; No services were performed during the 15 month look back period.,,73,,,,,0,Percent of total billed charges,73 percent of charges.  ; No services were performed during the 15 month look back period.,,73,,,,,0,Percent of total billed charges,73 percent of charges.  ; No services were performed during the 15 month look back period.,,73,,,,,0,Percent of total billed charges,73 percent of charges.  ; No services were performed during the 15 month look back period.,,73,,,,,0,Percent of total billed charges,73 percent of charges.  ; No services were performed during the 15 month look back period.,,73,,,,,0,Percent of total billed charges,73 percent of charges.  ; No services were performed during the 15 month look back period.,,73,,,,,0,Percent of total billed charges,73 percent of charges.  ; No services were performed during the 15 month look back period.,,73,,,,,0,Percent of total billed charges,73 percent of charges.  ; No services were performed during the 15 month look back period.,,73,,,,,0,Percent of total billed charges,73 percent of charges.  ; No services were performed during the 15 month look back period.,,73,,,,,0,Percent of total billed charges,73 percent of charges.  ; No services were performed during the 15 month look back period.,,73,,,,,0,Percent of total billed charges,73 percent of charges.  ; No services were performed during the 15 month look back period.,,,,,,,,," ",,,,,,,,," ",,,,,,,,," ",,,,,,,,," ",,,,,,,,," ",,,,,,,,," ",,,,,,,,,".  ",,,,,,,,,".  ",,,,,,,,,".  ",,,,,,,,,".  ",,73,,,,,0,Percent of total billed charges,73 percent of charges.  ; No services were performed during the 15 month look back period.,,,,,,,,," ",,,,,,,,,".  ",,,,,,,,,".  ",,,,,,,,,".  ",,,,,,,,," ",,73,,,,,0,Percent of total billed charges,73 percent of charges.  ; No services were performed during the 15 month look back period.,106533.64,,,,,,,Case Rate,". 100 percent of Medicaid DRG. Add-on payment, and lesser of 100% of billed charges. 100 percent of Medicaid DRG. Add-on payment, and lesser of 100% of billed charges.",,,,,,,,," ",106533.64,,,,,,,Case Rate,". 100 percent of Medicaid DRG. Add-on payment, and lesser of 100% of billed charges. 100 percent of Medicaid DRG. Add-on payment, and lesser of 100% of billed charges.",,,,,,,,,". 100 percent of Medicare DRG. Add-on payment, . 100 percent of Medicare DRG. Add-on payment, .",,,,,,,,,". 100 percent of Medicare DRG. Add-on payment,  . 100 percent of Medicare DRG. Add-on payment,  .",,,,,,,,,".  ",,,,,,,,,". 100 percent of Medicare DRG. Add-on payment,  . 100 percent of Medicare DRG. Add-on payment,  .",,,,,,,,,". 100 percent of Medicare DRG. Add-on payment,  . 100 percent of Medicare DRG. Add-on payment,  .",106533.64,,,,,,,Case Rate,". 100 percent of Medicaid DRG. Add-on payment, and lesser of 100% of billed charges. 100 percent of Medicaid DRG. Add-on payment, and lesser of 100% of billed charges.",,,,,,,,,". 100 percent of Medicare DRG. Add-on payment,  . 100 percent of Medicare DRG. Add-on payment,  .",,,,,,,,,". 100 percent of Medicare DRG. Add-on payment,  . 100 percent of Medicare DRG. Add-on payment,  .",,,,,,,,,". GMLOS + 8 Outlier per Diem $6,968.00. Add-on payment, and lesser of 100% of billed charges. GMLOS + 8 Outlier per Diem $6,968.00. Add-on payment, and lesser of 100% of billed charges.",,,,,,,,,". GMLOS + 8 Outlier per Diem $6,968.00. Add-on payment, and lesser of 100% of billed charges. GMLOS + 8 Outlier per Diem $6,968.00. Add-on payment, and lesser of 100% of billed charges.",,,,,,,,,". 100 percent of Medicare DRG. Add-on payment,  . 100 percent of Medicare DRG. Add-on payment,  .",,,,,,,,,".  ",,,,,,,,,".  ",,,,,,,,,".  ",,,,,,,,,". 100 percent of Medicare DRG. Add-on payment,  . 100 percent of Medicare DRG. Add-on payment,  .",,,,,,,,,".  ",,,,,,,,,". GMLOS + 8 Outlier per Diem $6,968.00. Add-on payment, and lesser of 100% of billed charges. GMLOS + 8 Outlier per Diem $6,968.00. Add-on payment, and lesser of 100% of billed charges.",,,,,,,,,". GMLOS + 8 Outlier per Diem $6,968.00. Add-on payment, and lesser of 100% of billed charges. GMLOS + 8 Outlier per Diem $6,968.00. Add-on payment, and lesser of 100% of billed charges.",,,,,,,,,". GMLOS + 8 Outlier per Diem $6,968.00. Add-on payment, and lesser of 100% of billed charges. GMLOS + 8 Outlier per Diem $6,968.00. Add-on payment, and lesser of 100% of billed charges.",,73,,,,,0,Percent of total billed charges,73 percent of charges.  ; No services were performed during the 15 month look back period.,,73,,,,,0,Percent of total billed charges,73 percent of charges.  ; No services were performed during the 15 month look back period.,,73,,,,,0,Percent of total billed charges,73 percent of charges.  ; No services were performed during the 15 month look back period.,,73,,,,,0,Percent of total billed charges,73 percent of charges.  ; No services were performed during the 15 month look back period.,,73,,,,,0,Percent of total billed charges,73 percent of charges.  ; No services were performed during the 15 month look back period.,,73,,,,,0,Percent of total billed charges,73 percent of charges.  ; No services were performed during the 15 month look back period.,,73,,,,,0,Percent of total billed charges,73 percent of charges.  ; No services were performed during the 15 month look back period.,,73,,,,,0,Percent of total billed charges,73 percent of charges.  ; No services were performed during the 15 month look back period.,,73,,,,,0,Percent of total billed charges,73 percent of charges.  ; No services were performed during the 15 month look back period.,,73,,,,,0,Percent of total billed charges,73 percent of charges.  ; No services were performed during the 15 month look back period.,,73,,,,,0,Percent of total billed charges,73 percent of charges.  ; No services were performed during the 15 month look back period.,,,,,,,,," ",,,,,,,,,".  ",,,,,,,,,".  ",,,,,,,,,". 100 percent of Medicare DRG. Add-on payment,  . 100 percent of Medicare DRG. Add-on payment,  .",,,,,,,,,". GMLOS + 8 Outlier per Diem $6,968.00. Add-on payment, and lesser of 100% of billed charges. GMLOS + 8 Outlier per Diem $6,968.00. Add-on payment, and lesser of 100% of billed charges.",,,,,,,,,".  ",,,,,,,,,".  ",,73,,,,,0,Percent of total billed charges,73 percent of charges.  ; No services were performed during the 15 month look back period.,213067.27,,,,,,,Case Rate,". 200 percent of Medicaid DRG. Add-on payment, and lesser of 200% of billed charges. 200 percent of Medicaid DRG. Add-on payment, and lesser of 200% of billed charges.",,,,,,,,,".  ",106533.64,,,,,,,Case Rate,". 100 percent of Medicaid DRG. Add-on payment, and lesser of 100% of billed charges. 100 percent of Medicaid DRG. Add-on payment, and lesser of 100% of billed charges.",,,,,,,,,". 100 percent of Medicare DRG. Add-on payment,  . 100 percent of Medicare DRG. Add-on payment,  .",,,,,,,,,". 100 percent of Medicare DRG. Add-on payment,  . 100 percent of Medicare DRG. Add-on payment,  .",,,,,,,,,". 100 percent of Medicare DRG. Add-on payment,  . 100 percent of Medicare DRG. Add-on payment,  .",,,,,,,,,". 100 percent of Medicare DRG. Add-on payment,  . 100 percent of Medicare DRG. Add-on payment,  .",,,,,,,,,". 100 percent of Medicare DRG. Add-on payment,  . 100 percent of Medicare DRG. Add-on payment,  .",,,,,,,,,". 100 percent of Medicare DRG. Add-on payment,  . 100 percent of Medicare DRG. Add-on payment,  .",,,,,,,,,".  ",,,,,,,,,".  ",239700.68,,,,,,,Case Rate,". 225 percent of Medicaid DRG. Add-on payment, and lesser of 100% of billed charges. 225 percent of Medicaid DRG. Add-on payment, and lesser of 100% of billed charges.",239700.68,,,,,,,Case Rate,". 225 percent of Medicaid DRG. Add-on payment, and lesser of 100% of billed charges. 225 percent of Medicaid DRG. Add-on payment, and lesser of 100% of billed charges.",239700.68,,,,,,,Case Rate,". 225 percent of Medicaid DRG. Add-on payment, and lesser of 100% of billed charges. 225 percent of Medicaid DRG. Add-on payment, and lesser of 100% of billed charges.",239700.68,,,,,,,Case Rate,". 225 percent of Medicaid DRG. Add-on payment, and lesser of 100% of billed charges. 225 percent of Medicaid DRG. Add-on payment, and lesser of 100% of billed charges.",239700.68,,,,,,,Case Rate,". 225 percent of Medicaid DRG. Add-on payment, and lesser of 100% of billed charges. 225 percent of Medicaid DRG. Add-on payment, and lesser of 100% of billed charges.",,,,,,,,," ",,,,,,,,,".  ",,,,,,,,," ",,,,,,,,," ",,,,,,,,," ",,,,,,,,," ",,,,,,,,," ",,,,,,,,,". 100 percent of Medicare DRG. Add-on payment,  . 100 percent of Medicare DRG. Add-on payment,  .",,,,,,,,," ",,,,,,,,," ",,,,,,,,," ",,,,,,,,," ",,,,,,,,,". GMLOS + 8 Outlier per Diem $6,968.00. Add-on payment, and lesser of 100% of billed charges. GMLOS + 8 Outlier per Diem $6,968.00. Add-on payment, and lesser of 100% of billed charges.",,,,,,,,,". GMLOS + 8 Outlier per Diem $6,968.00. Add-on payment, and lesser of 100% of billed charges. GMLOS + 8 Outlier per Diem $6,968.00. Add-on payment, and lesser of 100% of billed charges.",,,,,,,,,". GMLOS + 8 Outlier per Diem $6,968.00. Add-on payment, and lesser of 100% of billed charges. GMLOS + 8 Outlier per Diem $6,968.00. Add-on payment, and lesser of 100% of billed charges.",,,,,,,,,". GMLOS + 8 Outlier per Diem $6,968.00. Add-on payment, and lesser of 100% of billed charges. GMLOS + 8 Outlier per Diem $6,968.00. Add-on payment, and lesser of 100% of billed charges.",,,,,,,,,".  ",,,,,,,,,".  ",,,,,,,,,". 100 percent of Medicare DRG. Add-on payment,  . 100 percent of Medicare DRG. Add-on payment,  .",,,,,,,,,". 100 percent of Medicare DRG. Add-on payment,  . 100 percent of Medicare DRG. Add-on payment,  .",,,,,,,,,". 100 percent of Medicare DRG. Add-on payment,  . 100 percent of Medicare DRG. Add-on payment,  .",,,,,,,,,".  ",,,,,,,,,".  ",,,,,,,,,".  ",,,,,,,,,".  ",,,,,,,,,". GMLOS + 8 Outlier per Diem $6,968.00. Add-on payment, and lesser of 100% of billed charges. GMLOS + 8 Outlier per Diem $6,968.00. Add-on payment, and lesser of 100% of billed charges.",,,,,,,,,". 100 percent of Medicare DRG. Add-on payment,  . 100 percent of Medicare DRG. Add-on payment,  .",,,,,,,,,".  ",106533.64,,,,,,,Case Rate,". 100 percent of Medicaid DRG. Add-on payment, and lesser of 100% of billed charges. 100 percent of Medicaid DRG. Add-on payment, and lesser of 100% of billed charges.",,,,,,,,,". 100 percent of Medicare DRG. Add-on payment, and lesser of 100% of billed charges. 100 percent of Medicare DRG. Add-on payment, and lesser of 100% of billed charges.",,,,,,,,,". 100 percent of Medicare DRG. Add-on payment, and lesser of 100% of billed charges. 100 percent of Medicare DRG. Add-on payment, and lesser of 100% of billed charges.",,,,,,,,,". 100 percent of Medicare DRG. Add-on payment, and lesser of 100% of billed charges. 100 percent of Medicare DRG. Add-on payment, and lesser of 100% of billed charges.",106533.64,,,,,,,Case Rate,". 100 percent of Medicaid DRG. Add-on payment, and lesser of 100% of billed charges. 100 percent of Medicaid DRG. Add-on payment, and lesser of 100% of billed charges.",239700.68,,,,,,,Case Rate,". 225 percent of Medicaid DRG. Add-on payment, and lesser of 225% of billed charges. 225 percent of Medicaid DRG. Add-on payment, and lesser of 225% of billed charges.",239700.68,,,,,,,Case Rate,". 225 percent of Medicaid DRG. Add-on payment, and lesser of 225% of billed charges. 225 percent of Medicaid DRG. Add-on payment, and lesser of 225% of billed charges.",239700.68,,,,,,,Case Rate,". 225 percent of Medicaid DRG. Add-on payment, and lesser of 225% of billed charges. 225 percent of Medicaid DRG. Add-on payment, and lesser of 225% of billed charges.",239700.68,,,,,,,Case Rate,". 225 percent of Medicaid DRG. Add-on payment, and lesser of 225% of billed charges. 225 percent of Medicaid DRG. Add-on payment, and lesser of 225% of billed charges.",239700.68,,,,,,,Case Rate,". 225 percent of Medicaid DRG. Add-on payment, and lesser of 225% of billed charges. 225 percent of Medicaid DRG. Add-on payment, and lesser of 225% of billed charges.",,,,,,,,,". 100 percent of Medicare DRG. Add-on payment, and lesser of 100% of billed charges. 100 percent of Medicare DRG. Add-on payment, and lesser of 100% of billed charges.",106533.64,,,,,,,Case Rate,". 100 percent of Medicaid DRG. Add-on payment, and lesser of 100% of billed charges. 100 percent of Medicaid DRG. Add-on payment, and lesser of 100% of billed charges.",106533.64,,,,,,,Case Rate,". 100 percent of Medicaid DRG. Add-on payment, and lesser of 100% of billed charges. 100 percent of Medicaid DRG. Add-on payment, and lesser of 100% of billed charges.",239700.68,,,,,,,Case Rate,". 225 percent of Medicaid DRG. Add-on payment, and lesser of 225% of billed charges. 225 percent of Medicaid DRG. Add-on payment, and lesser of 225% of billed charges.",239700.68,,,,,,,Case Rate,". 225 percent of Medicaid DRG. Add-on payment, and lesser of 225% of billed charges. 225 percent of Medicaid DRG. Add-on payment, and lesser of 225% of billed charges.",106533.64,,,,,,,Case Rate,". 100 percent of Medicaid DRG. Add-on payment, and lesser of 100% of billed charges. 100 percent of Medicaid DRG. Add-on payment, and lesser of 100% of billed charges.",106533.64,,,,,,,Case Rate,". 100 percent of Medicaid DRG. Add-on payment, and lesser of 100% of billed charges. 100 percent of Medicaid DRG. Add-on payment, and lesser of 100% of billed charges.",239700.68,,,,,,,Case Rate,". 225 percent of Medicaid DRG. Add-on payment, and lesser of 100% of billed charges. 225 percent of Medicaid DRG. Add-on payment, and lesser of 100% of billed charges.",,,,,,,,,". 100 percent of Medicare DRG. Add-on payment,  . 100 percent of Medicare DRG. Add-on payment,  .",,,,,,,,,". 100 percent of Medicare DRG. Add-on payment,  . 100 percent of Medicare DRG. Add-on payment,  .",,,,,,,,,". GMLOS + 8 Outlier per Diem $6,968.00. Add-on payment, and lesser of 100% of billed charges. GMLOS + 8 Outlier per Diem $6,968.00. Add-on payment, and lesser of 100% of billed charges.",,,,,,,,,". 100 percent of Medicare DRG. Add-on payment,  . 100 percent of Medicare DRG. Add-on payment,  .",239700.68,,,,,,,Case Rate,". 225 percent of Medicaid DRG. Add-on payment, and lesser of 225% of billed charges. 225 percent of Medicaid DRG. Add-on payment, and lesser of 225% of billed charges.",239700.68,,,,,,,Case Rate,". 225 percent of Medicaid DRG. Add-on payment, and lesser of 225% of billed charges. 225 percent of Medicaid DRG. Add-on payment, and lesser of 225% of billed charges.",106533.64,,,,,,,Case Rate,". 100 percent of Medicaid DRG. Add-on payment, and lesser of 100% of billed charges. 100 percent of Medicaid DRG. Add-on payment, and lesser of 100% of billed charges.",106533.64,,,,,,,Case Rate,". 100 percent of Medicaid DRG. Add-on payment, and lesser of 100% of billed charges. 100 percent of Medicaid DRG. Add-on payment, and lesser of 100% of billed charges.",182801.45,,,,,,,Case Rate,". 225 percent of Medicaid DRG. Add-on payment, and lesser of 225% of billed charges. 225 percent of Medicaid DRG. Add-on payment, and lesser of 225% of billed charges.",106533.64,,,,,,,Case Rate,". 100 percent of Medicaid DRG. Add-on payment, and lesser of 100% of billed charges. 100 percent of Medicaid DRG. Add-on payment, and lesser of 100% of billed charges.",308947.55,,,,,,,Case Rate,". 290 percent of Medicaid DRG. Add-on payment, and lesser of 100% of billed charges. 290 percent of Medicaid DRG. Add-on payment, and lesser of 100% of billed charges.",308947.55,,,,,,,Case Rate,". 290 percent of Medicaid DRG. Add-on payment, and lesser of 100% of billed charges. 290 percent of Medicaid DRG. Add-on payment, and lesser of 100% of billed charges.",308947.55,,,,,,,Case Rate,". 290 percent of Medicaid DRG. Add-on payment, and lesser of 100% of billed charges. 290 percent of Medicaid DRG. Add-on payment, and lesser of 100% of billed charges.",308947.55,,,,,,,Case Rate,". 290 percent of Medicaid DRG. Add-on payment, and lesser of 100% of billed charges. 290 percent of Medicaid DRG. Add-on payment, and lesser of 100% of billed charges.",,,,,,,,," ",,,,,,,,,".  ",143820.41,,,,,,,Case Rate,"135% of Medicaid EP 1 and 2, 100% of medicaid EP 3 and 4.  ",143820.41,,,,,,,Case Rate,"135% of Medicaid EP 1 and 2, 100% of medicaid EP 3 and 4.  ",106533.64,,,,,,,Case Rate,". 100 percent of Medicaid DRG. Add-on payment, and lesser of 100% of billed charges. 100 percent of Medicaid DRG. Add-on payment, and lesser of 100% of billed charges.",106533.64,,,,,,,Case Rate,". 100 percent of Medicaid DRG. Add-on payment, and lesser of 100% of billed charges. 100 percent of Medicaid DRG. Add-on payment, and lesser of 100% of billed charges.",,,,,,,,,".  ",,,,,,,,,".  ",,,,,,,,,". 100 percent of Medicare DRG. Add-on payment,  . 100 percent of Medicare DRG. Add-on payment,  .",,,,,,,,,".  ",,,,,,,,,".  ",,,,,,,,,".  ",,,,,,,,,".  ",,,,,,,,,". 100 percent of Medicare DRG. Add-on payment,  . 100 percent of Medicare DRG. Add-on payment,  .",,,,,,,,,".  ",,,,,,,,,".  ",,,,,,,,,". GMLOS + 8 Outlier per Diem $6,968.00. Add-on payment, and lesser of 100% of billed charges. GMLOS + 8 Outlier per Diem $6,968.00. Add-on payment, and lesser of 100% of billed charges.",106533.64,,,,,,,Case Rate,". 100 percent of Medicaid DRG. Add-on payment, and lesser of 100% of billed charges. 100 percent of Medicaid DRG. Add-on payment, and lesser of 100% of billed charges.",106533.64,,,,,,,Case Rate,". 100 percent of Medicaid DRG. Add-on payment, and lesser of 100% of billed charges. 100 percent of Medicaid DRG. Add-on payment, and lesser of 100% of billed charges.",239700.68,,,,,,,Case Rate,". 225 percent of Medicaid DRG. Add-on payment, and lesser of 225% of billed charges. 225 percent of Medicaid DRG. Add-on payment, and lesser of 225% of billed charges.",182801.45,,,,,,,Case Rate,". 225 percent of Medicaid DRG. Add-on payment, and lesser of 225% of billed charges. 225 percent of Medicaid DRG. Add-on payment, and lesser of 225% of billed charges.",106533.64,,,,,,,Case Rate,". 100 percent of Medicaid DRG. Add-on payment, and lesser of 100% of billed charges. 100 percent of Medicaid DRG. Add-on payment, and lesser of 100% of billed charges.",239700.68,,,,,,,Case Rate,". 225 percent of Medicaid DRG. Add-on payment, and lesser of 225% of billed charges. 225 percent of Medicaid DRG. Add-on payment, and lesser of 225% of billed charges.",239700.68,,,,,,,Case Rate,". 225 percent of Medicaid DRG. Add-on payment, and lesser of 225% of billed charges. 225 percent of Medicaid DRG. Add-on payment, and lesser of 225% of billed charges.",239700.68,,,,,,,Case Rate,". 225 percent of Medicaid DRG. Add-on payment, and lesser of 225% of billed charges. 225 percent of Medicaid DRG. Add-on payment, and lesser of 225% of billed charges.",239700.68,,,,,,,Case Rate,". 225 percent of Medicaid DRG. Add-on payment, and lesser of 225% of billed charges. 225 percent of Medicaid DRG. Add-on payment, and lesser of 225% of billed charges.",239700.68,,,,,,,Case Rate,". 225 percent of Medicaid DRG. Add-on payment, and lesser of 225% of billed charges. 225 percent of Medicaid DRG. Add-on payment, and lesser of 225% of billed charges.",239700.68,,,,,,,Case Rate,". 225 percent of Medicaid DRG. Add-on payment, and lesser of 225% of billed charges. 225 percent of Medicaid DRG. Add-on payment, and lesser of 225% of billed charges.",,,,,,,,," ",,,,,,,,," ",,,,,,,,," ",,,,,,,,,".  ",,,,,,,,," ",,,,,,,,,". 100 percent of Medicare DRG. Add-on payment,  . 100 percent of Medicare DRG. Add-on payment,  .",,,,,,,,,".  ",,,,,,,,,". 100 percent of Medicare DRG. Add-on payment,  . 100 percent of Medicare DRG. Add-on payment,  .",,,,,,,,,". 100 percent of Medicare DRG. Add-on payment,  . 100 percent of Medicare DRG. Add-on payment,  .",143820.41,,,,,,,Case Rate,"135% of Medicaid EP 1 and 2, 100% of medicaid EP 3 and 4.  ",143820.41,,,,,,,Case Rate,"135% of Medicaid EP 1 and 2, 100% of medicaid EP 3 and 4.  ",106533.64,,,,,,,Case Rate,". 100 percent of Medicaid DRG. Add-on payment, and lesser of 100% of billed charges. 100 percent of Medicaid DRG. Add-on payment, and lesser of 100% of billed charges.",106533.64,,,,,,,Case Rate,". 100 percent of Medicaid DRG. Add-on payment, and lesser of 100% of billed charges. 100 percent of Medicaid DRG. Add-on payment, and lesser of 100% of billed charges.",106533.64,,,,,,,Case Rate,". 100 percent of Medicaid DRG. Add-on payment, and lesser of 100% of billed charges. 100 percent of Medicaid DRG. Add-on payment, and lesser of 100% of billed charges.",,,,,,,,," ",,,,,,,,,". GMLOS + 8 Outlier per Diem $6,968.00. Add-on payment, and lesser of 100% of billed charges. GMLOS + 8 Outlier per Diem $6,968.00. Add-on payment, and lesser of 100% of billed charges.",,,,,,,,," ",,,,,,,,,".  ",,,,,,,,,". 100 percent of Medicare DRG. Add-on payment, . 100 percent of Medicare DRG. Add-on payment, .",,,,,,,,,". 100 percent of Medicare DRG. Add-on payment,  . 100 percent of Medicare DRG. Add-on payment,  .",,,,,,,,,". 100 percent of Medicare DRG. Add-on payment,  . 100 percent of Medicare DRG. Add-on payment,  .",,,,,,,,,". 100 percent of Medicare DRG. Add-on payment,  . 100 percent of Medicare DRG. Add-on payment,  .",,,,,,,,,". 100 percent of Medicare DRG. Add-on payment, . 100 percent of Medicare DRG. Add-on payment, .",,,,,,,,,". 100 percent of Medicare DRG. Add-on payment,  . 100 percent of Medicare DRG. Add-on payment,  .",,,,,,,,," ",239700.68,,,,,,,Case Rate,". 225 percent of Medicaid DRG. Add-on payment, and lesser of 225% of billed charges. 225 percent of Medicaid DRG. Add-on payment, and lesser of 225% of billed charges.",106533.64,,,,,,,Case Rate,". 100 percent of Medicaid DRG. Add-on payment, and lesser of 100% of billed charges. 100 percent of Medicaid DRG. Add-on payment, and lesser of 100% of billed charges.",,,,,,,,,".  ",,,,,,,,," ",,,,,,,,," ",,,,,,,,," ",,,,,,,,," ",,,,,,,,,". 100 percent of Medicare DRG. Add-on payment,  . 100 percent of Medicare DRG. Add-on payment,  .",106533.64,,,,,,,Case Rate,". 100 percent of Medicaid DRG. Add-on payment, and lesser of 100% of billed charges. 100 percent of Medicaid DRG. Add-on payment, and lesser of 100% of billed charges.",,,,,,,,,".  ",106533.64,,,,,,,Case Rate,". 100 percent of Medicaid DRG. Add-on payment, and lesser of 100% of billed charges. 100 percent of Medicaid DRG. Add-on payment, and lesser of 100% of billed charges.",,,,,,,,,". 100 percent of Medicare DRG. Add-on payment,  . 100 percent of Medicare DRG. Add-on payment,  .",106533.64,,,,,,,Case Rate,". 100 percent of Medicaid DRG. Add-on payment, and lesser of 100% of billed charges. 100 percent of Medicaid DRG. Add-on payment, and lesser of 100% of billed charges.",,,,,,,,,". 100 percent of Medicare DRG. Add-on payment,  . 100 percent of Medicare DRG. Add-on payment,  .",,,,,,,,,". 100 percent of Medicare DRG. Add-on payment,  . 100 percent of Medicare DRG. Add-on payment,  .",106533.64,,,,,,,Case Rate,". 100 percent of Medicaid DRG. Add-on payment, and lesser of 100% of billed charges. 100 percent of Medicaid DRG. Add-on payment, and lesser of 100% of billed charges.",106533.64,,,,,,,Case Rate,". 100 percent of Medicaid DRG. Add-on payment, and lesser of 100% of billed charges. 100 percent of Medicaid DRG. Add-on payment, and lesser of 100% of billed charges.",,,,,,,,," ",,,,,,,,,".  ",,73,,,,,0,Percent of total billed charges,73 percent of charges.  ; No services were performed during the 15 month look back period.,,,,,,,,,".  ",,,,,,,,,".  ",,,,,,,,,". GMLOS + 8 Outlier per Diem $6,968.00. Add-on payment, and lesser of 100% of billed charges. GMLOS + 8 Outlier per Diem $6,968.00. Add-on payment, and lesser of 100% of billed charges.",,,,,,,,,". 93 percent of Medicare DRG. Add-on payment, and lesser of 100% of billed charges. 93 percent of Medicare DRG. Add-on payment, and lesser of 100% of billed charges.",,,,,,,,," ",,,,,,,,," ",,,,,,,,,".  ",,,,,,,,,".  ",,,,,,,,,". 100 percent of Medicare DRG. Add-on payment,  . 100 percent of Medicare DRG. Add-on payment,  .",,,,,,,,,". 100 percent of Medicare DRG. Add-on payment,  . 100 percent of Medicare DRG. Add-on payment,  .",,,,,,,,,". 100 percent of Medicare DRG. Add-on payment,  . 100 percent of Medicare DRG. Add-on payment,  .",,,,,,,,,". 100 percent of Medicare DRG. Add-on payment,  . 100 percent of Medicare DRG. Add-on payment,  .",,,,,,,,,".  ",,,,,,,,,".  ",,,,,,,,,".  ",,,,,,,,,". 100 percent of Medicare DRG. Add-on payment,  . 100 percent of Medicare DRG. Add-on payment,  .",,,,,,,,,".  ",,,,,,,,," ",106533.64,,,,,,,Case Rate,". 100 percent of Medicaid DRG. Add-on payment, and lesser of 100% of billed charges. 100 percent of Medicaid DRG. Add-on payment, and lesser of 100% of billed charges.",106533.64,,,,,,,Case Rate,". 100 percent of Medicaid DRG. Add-on payment, and lesser of 100% of billed charges. 100 percent of Medicaid DRG. Add-on payment, and lesser of 100% of billed charges.",,,,,,,,," ",,,,,,,,,".  ",,,,,,,,,".  ",,,,,,,,,".  ",,,,,,,,,".  ",,,,,,,,,". 100 percent of Medicare DRG. Add-on payment, . 100 percent of Medicare DRG. Add-on payment, .",111860.32,,,,,,,Case Rate,". 105 percent of Medicaid DRG. Add-on payment, and lesser of 100% of billed charges. 105 percent of Medicaid DRG. Add-on payment, and lesser of 100% of billed charges.",111860.32,,,,,,,Case Rate,". 105 percent of Medicaid DRG. Add-on payment, and lesser of 100% of billed charges. 105 percent of Medicaid DRG. Add-on payment, and lesser of 100% of billed charges.",111860.32,,,,,,,Case Rate,". 105 percent of Medicaid DRG. Add-on payment, and lesser of 100% of billed charges. 105 percent of Medicaid DRG. Add-on payment, and lesser of 100% of billed charges.",111860.32,,,,,,,Case Rate,". 105 percent of Medicaid DRG. Add-on payment, and lesser of 100% of billed charges. 105 percent of Medicaid DRG. Add-on payment, and lesser of 100% of billed charges.",,,,,,,,,".  ",111860.32,,,,,,,Case Rate,". 105 percent of Medicaid DRG. Add-on payment, and lesser of 100% of billed charges. 105 percent of Medicaid DRG. Add-on payment, and lesser of 100% of billed charges.",111860.32,,,,,,,Case Rate,". 105 percent of Medicaid DRG. Add-on payment, and lesser of 100% of billed charges. 105 percent of Medicaid DRG. Add-on payment, and lesser of 100% of billed charges.",111860.32,,,,,,,Case Rate,". 105 percent of Medicaid DRG. Add-on payment, and lesser of 100% of billed charges. 105 percent of Medicaid DRG. Add-on payment, and lesser of 100% of billed charges.",111860.32,,,,,,,Case Rate,". 105 percent of Medicaid DRG. Add-on payment, and lesser of 100% of billed charges. 105 percent of Medicaid DRG. Add-on payment, and lesser of 100% of billed charges.",111860.32,,,,,,,Case Rate,". 105 percent of Medicaid DRG. Add-on payment, and lesser of 100% of billed charges. 105 percent of Medicaid DRG. Add-on payment, and lesser of 100% of billed charges.",111860.32,,,,,,,Case Rate,". 105 percent of Medicaid DRG. Add-on payment, and lesser of 100% of billed charges. 105 percent of Medicaid DRG. Add-on payment, and lesser of 100% of billed charges.",111860.32,,,,,,,Case Rate,". 105 percent of Medicaid DRG. Add-on payment, and lesser of 100% of billed charges. 105 percent of Medicaid DRG. Add-on payment, and lesser of 100% of billed charges.",,,,,,,,,". 100 percent of Medicare DRG. Add-on payment,  . 100 percent of Medicare DRG. Add-on payment,  .",,,,,,,,,".  ",,,,,,,,,". 100 percent of Medicare DRG. Add-on payment,  . 100 percent of Medicare DRG. Add-on payment,  .",111860.32,,,,,,,Case Rate,". 105 percent of Medicaid DRG. Add-on payment, and lesser of 100% of billed charges. 105 percent of Medicaid DRG. Add-on payment, and lesser of 100% of billed charges.",,,,,,,,,".  ",,,,,,,,,". 100 percent of Medicare DRG. Add-on payment,  . 100 percent of Medicare DRG. Add-on payment,  .",,,,,,,,,".  ",,,,,,,,,".  ",,,,,,,,,".  ",111860.32,,,,,,,Case Rate,". 105 percent of Medicaid DRG. Add-on payment, and lesser of 100% of billed charges. 105 percent of Medicaid DRG. Add-on payment, and lesser of 100% of billed charges.",,,,,,,,,". 100 percent of Medicare DRG. Add-on payment,  . 100 percent of Medicare DRG. Add-on payment,  .",,,,,,,,,".  ",111860.32,,,,,,,Case Rate,". 105 percent of Medicaid DRG. Add-on payment, and lesser of 100% of billed charges. 105 percent of Medicaid DRG. Add-on payment, and lesser of 100% of billed charges.",,,,,,,,,".  ",,,,,,,,,". Delay in Discharge per diem $4,768 Delay in Discharge per diem $4,768",,,,,,,,,". 100 percent of Medicare DRG. Add-on payment, . 100 percent of Medicare DRG. Add-on payment, .",,,,,,,,," ",,,,,,,,," ",,,,,,,,," ",,,,,,,,," ",,,,,,,,," ",,,,,,,,," ",,,,,,,,," ",,,,,,,,," ",,,,,,,,," ",,,,,,,,," ",,,,,,,,," ",,,,,,,,," ",,,,,,,,,". 100 percent of Medicare DRG. Add-on payment,  . 100 percent of Medicare DRG. Add-on payment,  .",,,,,,,,," ",,,,,,,,,". 100 percent of Medicare DRG. Add-on payment,  . 100 percent of Medicare DRG. Add-on payment,  .",239700.68,,,,,,,Case Rate,". 225 percent of Medicaid DRG. Add-on payment, and lesser of 225% of billed charges. 225 percent of Medicaid DRG. Add-on payment, and lesser of 225% of billed charges.",106533.64,,,,,,,Case Rate,". 100 percent of Medicaid DRG. Add-on payment, and lesser of 100% of billed charges. 100 percent of Medicaid DRG. Add-on payment, and lesser of 100% of billed charges.",,,,,,,,,".  ",,,,,,,,,".  ",,,,,,,,,". 100 percent of Medicare DRG. Add-on payment,  . 100 percent of Medicare DRG. Add-on payment,  .",,,,,,,,," ",,,,,,,,,". 100 percent of Medicare DRG. Add-on payment,  . 100 percent of Medicare DRG. Add-on payment,  .",,,,,,,,,". 100 percent of Medicare DRG. Add-on payment,  . 100 percent of Medicare DRG. Add-on payment,  .",,,,,,,,,". GMLOS + 8 Outlier per Diem $6,968.00. Add-on payment, and lesser of 100% of billed charges. GMLOS + 8 Outlier per Diem $6,968.00. Add-on payment, and lesser of 100% of billed charges.",,,,,,,,,". 100 percent of Medicare DRG. Add-on payment,  . 100 percent of Medicare DRG. Add-on payment,  .",,,,,,,,,".  ",,,,,,,,,". 100 percent of Medicare DRG. Add-on payment,  . 100 percent of Medicare DRG. Add-on payment,  .",,,,,,,,,".  ",,,,,,,,,". GMLOS + 8 Outlier per Diem $6,968.00. Add-on payment, and lesser of 100% of billed charges. GMLOS + 8 Outlier per Diem $6,968.00. Add-on payment, and lesser of 100% of billed charges.",,,,,,,,,".  ",,,,,,,,,". 100 percent of Medicare DRG. Add-on payment,  . 100 percent of Medicare DRG. Add-on payment,  .",106533.64,,,,,,,Case Rate,". 100 percent of Medicaid DRG. Add-on payment, and lesser of 100% of billed charges. 100 percent of Medicaid DRG. Add-on payment, and lesser of 100% of billed charges.",,,,,,,,,". 100 percent of Medicare DRG. Add-on payment,  . 100 percent of Medicare DRG. Add-on payment,  .",,,,,,,,,".  ",,,,,,,,,".  ",106533.64,,,,,,,Case Rate,". 100 percent of Medicaid DRG. Add-on payment, and lesser of 100% of billed charges. 100 percent of Medicaid DRG. Add-on payment, and lesser of 100% of billed charges.",,,,,,,,,".  ",106533.64,,,,,,,Case Rate,". 100 percent of Medicaid DRG. Add-on payment, and lesser of 100% of billed charges. 100 percent of Medicaid DRG. Add-on payment, and lesser of 100% of billed charges.",106533.64,,,,,,,Case Rate,". 100 percent of Medicaid DRG. Add-on payment, and lesser of 100% of billed charges. 100 percent of Medicaid DRG. Add-on payment, and lesser of 100% of billed charges.",,,,,,,,,".  ",,,,,,,,,".  ",,,,,,,,,".  ",,,,,,,,,".  ",,,,,,,,,".  ",,,,,,,,,".  ",,,,,,,,,".  ",,,,,,,,," ",,,,,,,,," ",,,,,,,,," ",106533.64,,,,,,,Case Rate,". 100 percent of Medicaid DRG. Add-on payment, and lesser of 100% of billed charges. 100 percent of Medicaid DRG. Add-on payment, and lesser of 100% of billed charges.",,,,,,,,,".  ",,,,,,,,,".  ",,,,,,,,,". GMLOS + 8 Outlier per Diem $6,968.00. Add-on payment, and lesser of 100% of billed charges. GMLOS + 8 Outlier per Diem $6,968.00. Add-on payment, and lesser of 100% of billed charges.",,,,,,,,,".  ",,,,,,,,,". GMLOS + 8 Outlier per Diem $6,968.00. Add-on payment, and lesser of 100% of billed charges. GMLOS + 8 Outlier per Diem $6,968.00. Add-on payment, and lesser of 100% of billed charges.",,,,,,,,,".  ",,,,,,,,,".  ",,,,,,,,,".  ",,,,,,,,,".  ",,,,,,,,,".  ",,,,,,,,,". 100 percent of Medicare DRG. Add-on payment,  . 100 percent of Medicare DRG. Add-on payment,  .",81245.09,308947.55,
APR056-1,DRG,,,,,"APR056-1 BRAIN CONTUSION/LACERATION & COMPLICATED SKULL FX, COMA < 1 HR OR NO COMA",,,Inpatient,,,,,,,,,,,,".  ",,,,,,,,,".  ",,,,,,,,,". GMLOS + 8 Outlier per Diem $6,968.00. Add-on payment, and lesser of 100% of billed charges. GMLOS + 8 Outlier per Diem $6,968.00. Add-on payment, and lesser of 100% of billed charges.",,100,,,,,0,Percent of total billed charges,100 percent of charges.  ; No services were performed during the 15 month look back period.,,,,,,,,,". 100 percent of Medicare DRG. Add-on payment,  . 100 percent of Medicare DRG. Add-on payment,  .",,,,,,,,,". GMLOS + 8 Outlier per Diem $6,968.00. Add-on payment, and lesser of 100% of billed charges. GMLOS + 8 Outlier per Diem $6,968.00. Add-on payment, and lesser of 100% of billed charges.",,,,,,,,,". GMLOS + 8 Outlier per Diem $6,968.00. Add-on payment, and lesser of 100% of billed charges. GMLOS + 8 Outlier per Diem $6,968.00. Add-on payment, and lesser of 100% of billed charges.",,,,,,,,,". GMLOS + 8 Outlier per Diem $6,968.00. Add-on payment, and lesser of 100% of billed charges. GMLOS + 8 Outlier per Diem $6,968.00. Add-on payment, and lesser of 100% of billed charges.",13492.78,,,,,,,Case Rate,". 155 percent of Medicaid DRG. Add-on payment, and lesser of 100% of billed charges. 155 percent of Medicaid DRG. Add-on payment, and lesser of 100% of billed charges.",8705.02,,,,,,,Case Rate,". 100 percent of Medicaid DRG. Add-on payment, and lesser of 100% of billed charges. 100 percent of Medicaid DRG. Add-on payment, and lesser of 100% of billed charges.",,73,,,,,0,Percent of total billed charges,73 percent of charges.  ; No services were performed during the 15 month look back period.,,,,,,,,,".  ",8705.02,,,,,,,Case Rate,". 100 percent of Medicaid DRG. Add-on payment, and lesser of 100% of billed charges. 100 percent of Medicaid DRG. Add-on payment, and lesser of 100% of billed charges.",,,,,,,,,". 100 percent of Medicare DRG. Add-on payment,  . 100 percent of Medicare DRG. Add-on payment,  .",,,,,,,,,".  ",,,,,,,,,".  ",,,,,,,,,".  ",,,,,,,,,".  ",8705.02,,,,,,,Case Rate,". 100 percent of Medicaid DRG. Add-on payment, and lesser of 100% of billed charges. 100 percent of Medicaid DRG. Add-on payment, and lesser of 100% of billed charges.",,,,,,,,,". 100 percent of Medicare DRG. Add-on payment,  . 100 percent of Medicare DRG. Add-on payment,  .",8705.02,,,,,,,Case Rate,". 100 percent of Medicaid DRG. Add-on payment, and lesser of 100% of billed charges. 100 percent of Medicaid DRG. Add-on payment, and lesser of 100% of billed charges.",,73,,,,,0,Percent of total billed charges,73 percent of charges.  ; No services were performed during the 15 month look back period.,,,,,,,,,". GMLOS + 8 Outlier per Diem $6,968.00. Add-on payment, and lesser of 100% of billed charges. GMLOS + 8 Outlier per Diem $6,968.00. Add-on payment, and lesser of 100% of billed charges.",,,,,,,,,". 100 percent of Medicare DRG. Add-on payment, and lesser of 100% of billed charges. 100 percent of Medicare DRG. Add-on payment, and lesser of 100% of billed charges.",,,,,,,,," ",,,,,,,,,". 100 percent of Medicare DRG. Add-on payment, and lesser of 100% of billed charges. 100 percent of Medicare DRG. Add-on payment, and lesser of 100% of billed charges.",,,,,,,,,". 100 percent of Medicare DRG. Add-on payment, and lesser of 100% of billed charges. 100 percent of Medicare DRG. Add-on payment, and lesser of 100% of billed charges.",,73,,,,,0,Percent of total billed charges,73 percent of charges.  ; No services were performed during the 15 month look back period.,8705.02,,,,,,,Case Rate,". 100 percent of Medicaid DRG. Add-on payment, and lesser of 100% of billed charges. 100 percent of Medicaid DRG. Add-on payment, and lesser of 100% of billed charges.",8705.02,,,,,,,Case Rate,". 100 percent of Medicaid DRG. Add-on payment, and lesser of 100% of billed charges. 100 percent of Medicaid DRG. Add-on payment, and lesser of 100% of billed charges.",8705.02,,,,,,,Case Rate,". 100 percent of Medicaid DRG. Add-on payment, and lesser of 100% of billed charges. 100 percent of Medicaid DRG. Add-on payment, and lesser of 100% of billed charges.",8705.02,,,,,,,Case Rate,". 100 percent of Medicaid DRG. Add-on payment, and lesser of 100% of billed charges. 100 percent of Medicaid DRG. Add-on payment, and lesser of 100% of billed charges.",,,,,,,,," ",,,,,,,,," ",8705.02,,,,,,,Case Rate,". 100 percent of Medicaid DRG. Add-on payment, and lesser of 100% of billed charges. 100 percent of Medicaid DRG. Add-on payment, and lesser of 100% of billed charges.",,,,,,,,," ",8705.02,,,,,,,Case Rate,". 100 percent of Medicaid DRG. Add-on payment, and lesser of 100% of billed charges. 100 percent of Medicaid DRG. Add-on payment, and lesser of 100% of billed charges.",,,,,,,,,". 100 percent of Medicare DRG. Add-on payment, . 100 percent of Medicare DRG. Add-on payment, .",,,,,,,,," ",,73,,,,,0,Percent of total billed charges,73 percent of charges.  ; No services were performed during the 15 month look back period.,8705.02,,,,,,,Case Rate,". 100 percent of Medicaid DRG. Add-on payment, and lesser of 100% of billed charges. 100 percent of Medicaid DRG. Add-on payment, and lesser of 100% of billed charges.",8705.02,,,,,,,Case Rate,". 100 percent of Medicaid DRG. Add-on payment, and lesser of 100% of billed charges. 100 percent of Medicaid DRG. Add-on payment, and lesser of 100% of billed charges.",,73,,,,,0,Percent of total billed charges,73 percent of charges.  ; No services were performed during the 15 month look back period.,,,,,,,,,".  ",,,,,,,,,".  ",,,,,,,,,".  ",,73,,,,,0,Percent of total billed charges,73 percent of charges.  ; No services were performed during the 15 month look back period.,,,,,,,,,". 100 percent of Medicare DRG. Add-on payment,  . 100 percent of Medicare DRG. Add-on payment,  .",,,,,,,,,".  ",,,,,,,,,".  ",,,,,,,,,".  ",,,,,,,,,". 100 percent of Medicare DRG. Add-on payment,  . 100 percent of Medicare DRG. Add-on payment,  .",,,,,,,,,".  ",,,,,,,,,".  ",,,,,,,,,". 100 percent of Medicare DRG. Add-on payment, and lesser of 100% of billed charges. 100 percent of Medicare DRG. Add-on payment, and lesser of 100% of billed charges.",,,,,,,,,".  ",,,,,,,,,".  ",,,,,,,,,".  ",,,,,,,,,".  ",,,,,,,,,".  ",,,,,,,,,".  ",,,,,,,,,".  ",,,,,,,,,". 100 percent of Medicare DRG. Add-on payment,  . 100 percent of Medicare DRG. Add-on payment,  .",,,,,,,,,". 100 percent of Medicare DRG. Add-on payment,  . 100 percent of Medicare DRG. Add-on payment,  .",,,,,,,,,".  ",,73,,,,,0,Percent of total billed charges,73 percent of charges.  ; No services were performed during the 15 month look back period.,,73,,,,,0,Percent of total billed charges,73 percent of charges.  ; No services were performed during the 15 month look back period.,,73,,,,,0,Percent of total billed charges,73 percent of charges.  ; No services were performed during the 15 month look back period.,,73,,,,,0,Percent of total billed charges,73 percent of charges.  ; No services were performed during the 15 month look back period.,,73,,,,,0,Percent of total billed charges,73 percent of charges.  ; No services were performed during the 15 month look back period.,,73,,,,,0,Percent of total billed charges,73 percent of charges.  ; No services were performed during the 15 month look back period.,,73,,,,,0,Percent of total billed charges,73 percent of charges.  ; No services were performed during the 15 month look back period.,,73,,,,,0,Percent of total billed charges,73 percent of charges.  ; No services were performed during the 15 month look back period.,,73,,,,,0,Percent of total billed charges,73 percent of charges.  ; No services were performed during the 15 month look back period.,,73,,,,,0,Percent of total billed charges,73 percent of charges.  ; No services were performed during the 15 month look back period.,,73,,,,,0,Percent of total billed charges,73 percent of charges.  ; No services were performed during the 15 month look back period.,,73,,,,,0,Percent of total billed charges,73 percent of charges.  ; No services were performed during the 15 month look back period.,,73,,,,,0,Percent of total billed charges,73 percent of charges.  ; No services were performed during the 15 month look back period.,,73,,,,,0,Percent of total billed charges,73 percent of charges.  ; No services were performed during the 15 month look back period.,,73,,,,,0,Percent of total billed charges,73 percent of charges.  ; No services were performed during the 15 month look back period.,,73,,,,,0,Percent of total billed charges,73 percent of charges.  ; No services were performed during the 15 month look back period.,,73,,,,,0,Percent of total billed charges,73 percent of charges.  ; No services were performed during the 15 month look back period.,,73,,,,,0,Percent of total billed charges,73 percent of charges.  ; No services were performed during the 15 month look back period.,,73,,,,,0,Percent of total billed charges,73 percent of charges.  ; No services were performed during the 15 month look back period.,,73,,,,,0,Percent of total billed charges,73 percent of charges.  ; No services were performed during the 15 month look back period.,,73,,,,,0,Percent of total billed charges,73 percent of charges.  ; No services were performed during the 15 month look back period.,,73,,,,,0,Percent of total billed charges,73 percent of charges.  ; No services were performed during the 15 month look back period.,,73,,,,,0,Percent of total billed charges,73 percent of charges.  ; No services were performed during the 15 month look back period.,,73,,,,,0,Percent of total billed charges,73 percent of charges.  ; No services were performed during the 15 month look back period.,,73,,,,,0,Percent of total billed charges,73 percent of charges.  ; No services were performed during the 15 month look back period.,,73,,,,,0,Percent of total billed charges,73 percent of charges.  ; No services were performed during the 15 month look back period.,,,,,,,,," ",,,,,,,,," ",,,,,,,,," ",,,,,,,,," ",,,,,,,,," ",,,,,,,,," ",,,,,,,,,".  ",,,,,,,,,".  ",,,,,,,,,".  ",,,,,,,,,".  ",,73,,,,,0,Percent of total billed charges,73 percent of charges.  ; No services were performed during the 15 month look back period.,,,,,,,,," ",,,,,,,,,".  ",,,,,,,,,".  ",,,,,,,,,".  ",,,,,,,,," ",,73,,,,,0,Percent of total billed charges,73 percent of charges.  ; No services were performed during the 15 month look back period.,8705.02,,,,,,,Case Rate,". 100 percent of Medicaid DRG. Add-on payment, and lesser of 100% of billed charges. 100 percent of Medicaid DRG. Add-on payment, and lesser of 100% of billed charges.",,,,,,,,," ",8705.02,,,,,,,Case Rate,". 100 percent of Medicaid DRG. Add-on payment, and lesser of 100% of billed charges. 100 percent of Medicaid DRG. Add-on payment, and lesser of 100% of billed charges.",,,,,,,,,". 100 percent of Medicare DRG. Add-on payment, . 100 percent of Medicare DRG. Add-on payment, .",,,,,,,,,". 100 percent of Medicare DRG. Add-on payment,  . 100 percent of Medicare DRG. Add-on payment,  .",,,,,,,,,".  ",,,,,,,,,". 100 percent of Medicare DRG. Add-on payment,  . 100 percent of Medicare DRG. Add-on payment,  .",,,,,,,,,". 100 percent of Medicare DRG. Add-on payment,  . 100 percent of Medicare DRG. Add-on payment,  .",8705.02,,,,,,,Case Rate,". 100 percent of Medicaid DRG. Add-on payment, and lesser of 100% of billed charges. 100 percent of Medicaid DRG. Add-on payment, and lesser of 100% of billed charges.",,,,,,,,,". 100 percent of Medicare DRG. Add-on payment,  . 100 percent of Medicare DRG. Add-on payment,  .",,,,,,,,,". 100 percent of Medicare DRG. Add-on payment,  . 100 percent of Medicare DRG. Add-on payment,  .",,,,,,,,,". GMLOS + 8 Outlier per Diem $6,968.00. Add-on payment, and lesser of 100% of billed charges. GMLOS + 8 Outlier per Diem $6,968.00. Add-on payment, and lesser of 100% of billed charges.",,,,,,,,,". GMLOS + 8 Outlier per Diem $6,968.00. Add-on payment, and lesser of 100% of billed charges. GMLOS + 8 Outlier per Diem $6,968.00. Add-on payment, and lesser of 100% of billed charges.",,,,,,,,,". 100 percent of Medicare DRG. Add-on payment,  . 100 percent of Medicare DRG. Add-on payment,  .",,,,,,,,,".  ",,,,,,,,,".  ",,,,,,,,,".  ",,,,,,,,,". 100 percent of Medicare DRG. Add-on payment,  . 100 percent of Medicare DRG. Add-on payment,  .",,,,,,,,,".  ",,,,,,,,,". GMLOS + 8 Outlier per Diem $6,968.00. Add-on payment, and lesser of 100% of billed charges. GMLOS + 8 Outlier per Diem $6,968.00. Add-on payment, and lesser of 100% of billed charges.",,,,,,,,,". GMLOS + 8 Outlier per Diem $6,968.00. Add-on payment, and lesser of 100% of billed charges. GMLOS + 8 Outlier per Diem $6,968.00. Add-on payment, and lesser of 100% of billed charges.",,,,,,,,,". GMLOS + 8 Outlier per Diem $6,968.00. Add-on payment, and lesser of 100% of billed charges. GMLOS + 8 Outlier per Diem $6,968.00. Add-on payment, and lesser of 100% of billed charges.",,73,,,,,0,Percent of total billed charges,73 percent of charges.  ; No services were performed during the 15 month look back period.,,73,,,,,0,Percent of total billed charges,73 percent of charges.  ; No services were performed during the 15 month look back period.,,73,,,,,0,Percent of total billed charges,73 percent of charges.  ; No services were performed during the 15 month look back period.,,73,,,,,0,Percent of total billed charges,73 percent of charges.  ; No services were performed during the 15 month look back period.,,73,,,,,0,Percent of total billed charges,73 percent of charges.  ; No services were performed during the 15 month look back period.,,73,,,,,0,Percent of total billed charges,73 percent of charges.  ; No services were performed during the 15 month look back period.,,73,,,,,0,Percent of total billed charges,73 percent of charges.  ; No services were performed during the 15 month look back period.,,73,,,,,0,Percent of total billed charges,73 percent of charges.  ; No services were performed during the 15 month look back period.,,73,,,,,0,Percent of total billed charges,73 percent of charges.  ; No services were performed during the 15 month look back period.,,73,,,,,0,Percent of total billed charges,73 percent of charges.  ; No services were performed during the 15 month look back period.,,73,,,,,0,Percent of total billed charges,73 percent of charges.  ; No services were performed during the 15 month look back period.,,,,,,,,," ",,,,,,,,,".  ",,,,,,,,,".  ",,,,,,,,,". 100 percent of Medicare DRG. Add-on payment,  . 100 percent of Medicare DRG. Add-on payment,  .",,,,,,,,,". GMLOS + 8 Outlier per Diem $6,968.00. Add-on payment, and lesser of 100% of billed charges. GMLOS + 8 Outlier per Diem $6,968.00. Add-on payment, and lesser of 100% of billed charges.",,,,,,,,,".  ",,,,,,,,,".  ",,73,,,,,0,Percent of total billed charges,73 percent of charges.  ; No services were performed during the 15 month look back period.,17410.04,,,,,,,Case Rate,". 200 percent of Medicaid DRG. Add-on payment, and lesser of 200% of billed charges. 200 percent of Medicaid DRG. Add-on payment, and lesser of 200% of billed charges.",,,,,,,,,".  ",8705.02,,,,,,,Case Rate,". 100 percent of Medicaid DRG. Add-on payment, and lesser of 100% of billed charges. 100 percent of Medicaid DRG. Add-on payment, and lesser of 100% of billed charges.",,,,,,,,,". 100 percent of Medicare DRG. Add-on payment,  . 100 percent of Medicare DRG. Add-on payment,  .",,,,,,,,,". 100 percent of Medicare DRG. Add-on payment,  . 100 percent of Medicare DRG. Add-on payment,  .",,,,,,,,,". 100 percent of Medicare DRG. Add-on payment,  . 100 percent of Medicare DRG. Add-on payment,  .",,,,,,,,,". 100 percent of Medicare DRG. Add-on payment,  . 100 percent of Medicare DRG. Add-on payment,  .",,,,,,,,,". 100 percent of Medicare DRG. Add-on payment,  . 100 percent of Medicare DRG. Add-on payment,  .",,,,,,,,,". 100 percent of Medicare DRG. Add-on payment,  . 100 percent of Medicare DRG. Add-on payment,  .",,,,,,,,,".  ",,,,,,,,,".  ",19586.29,,,,,,,Case Rate,". 225 percent of Medicaid DRG. Add-on payment, and lesser of 100% of billed charges. 225 percent of Medicaid DRG. Add-on payment, and lesser of 100% of billed charges.",19586.29,,,,,,,Case Rate,". 225 percent of Medicaid DRG. Add-on payment, and lesser of 100% of billed charges. 225 percent of Medicaid DRG. Add-on payment, and lesser of 100% of billed charges.",19586.29,,,,,,,Case Rate,". 225 percent of Medicaid DRG. Add-on payment, and lesser of 100% of billed charges. 225 percent of Medicaid DRG. Add-on payment, and lesser of 100% of billed charges.",19586.29,,,,,,,Case Rate,". 225 percent of Medicaid DRG. Add-on payment, and lesser of 100% of billed charges. 225 percent of Medicaid DRG. Add-on payment, and lesser of 100% of billed charges.",19586.29,,,,,,,Case Rate,". 225 percent of Medicaid DRG. Add-on payment, and lesser of 100% of billed charges. 225 percent of Medicaid DRG. Add-on payment, and lesser of 100% of billed charges.",,,,,,,,," ",,,,,,,,,".  ",,,,,,,,," ",,,,,,,,," ",,,,,,,,," ",,,,,,,,," ",,,,,,,,," ",,,,,,,,,". 100 percent of Medicare DRG. Add-on payment,  . 100 percent of Medicare DRG. Add-on payment,  .",,,,,,,,," ",,,,,,,,," ",,,,,,,,," ",,,,,,,,," ",,,,,,,,,". GMLOS + 8 Outlier per Diem $6,968.00. Add-on payment, and lesser of 100% of billed charges. GMLOS + 8 Outlier per Diem $6,968.00. Add-on payment, and lesser of 100% of billed charges.",,,,,,,,,". GMLOS + 8 Outlier per Diem $6,968.00. Add-on payment, and lesser of 100% of billed charges. GMLOS + 8 Outlier per Diem $6,968.00. Add-on payment, and lesser of 100% of billed charges.",,,,,,,,,". GMLOS + 8 Outlier per Diem $6,968.00. Add-on payment, and lesser of 100% of billed charges. GMLOS + 8 Outlier per Diem $6,968.00. Add-on payment, and lesser of 100% of billed charges.",,,,,,,,,". GMLOS + 8 Outlier per Diem $6,968.00. Add-on payment, and lesser of 100% of billed charges. GMLOS + 8 Outlier per Diem $6,968.00. Add-on payment, and lesser of 100% of billed charges.",,,,,,,,,".  ",,,,,,,,,".  ",,,,,,,,,". 100 percent of Medicare DRG. Add-on payment,  . 100 percent of Medicare DRG. Add-on payment,  .",,,,,,,,,". 100 percent of Medicare DRG. Add-on payment,  . 100 percent of Medicare DRG. Add-on payment,  .",,,,,,,,,". 100 percent of Medicare DRG. Add-on payment,  . 100 percent of Medicare DRG. Add-on payment,  .",,,,,,,,,".  ",,,,,,,,,".  ",,,,,,,,,".  ",,,,,,,,,".  ",,,,,,,,,". GMLOS + 8 Outlier per Diem $6,968.00. Add-on payment, and lesser of 100% of billed charges. GMLOS + 8 Outlier per Diem $6,968.00. Add-on payment, and lesser of 100% of billed charges.",,,,,,,,,". 100 percent of Medicare DRG. Add-on payment,  . 100 percent of Medicare DRG. Add-on payment,  .",,,,,,,,,".  ",8705.02,,,,,,,Case Rate,". 100 percent of Medicaid DRG. Add-on payment, and lesser of 100% of billed charges. 100 percent of Medicaid DRG. Add-on payment, and lesser of 100% of billed charges.",,,,,,,,,". 100 percent of Medicare DRG. Add-on payment, and lesser of 100% of billed charges. 100 percent of Medicare DRG. Add-on payment, and lesser of 100% of billed charges.",,,,,,,,,". 100 percent of Medicare DRG. Add-on payment, and lesser of 100% of billed charges. 100 percent of Medicare DRG. Add-on payment, and lesser of 100% of billed charges.",,,,,,,,,". 100 percent of Medicare DRG. Add-on payment, and lesser of 100% of billed charges. 100 percent of Medicare DRG. Add-on payment, and lesser of 100% of billed charges.",8705.02,,,,,,,Case Rate,". 100 percent of Medicaid DRG. Add-on payment, and lesser of 100% of billed charges. 100 percent of Medicaid DRG. Add-on payment, and lesser of 100% of billed charges.",19586.29,,,,,,,Case Rate,". 225 percent of Medicaid DRG. Add-on payment, and lesser of 225% of billed charges. 225 percent of Medicaid DRG. Add-on payment, and lesser of 225% of billed charges.",19586.29,,,,,,,Case Rate,". 225 percent of Medicaid DRG. Add-on payment, and lesser of 225% of billed charges. 225 percent of Medicaid DRG. Add-on payment, and lesser of 225% of billed charges.",19586.29,,,,,,,Case Rate,". 225 percent of Medicaid DRG. Add-on payment, and lesser of 225% of billed charges. 225 percent of Medicaid DRG. Add-on payment, and lesser of 225% of billed charges.",19586.29,,,,,,,Case Rate,". 225 percent of Medicaid DRG. Add-on payment, and lesser of 225% of billed charges. 225 percent of Medicaid DRG. Add-on payment, and lesser of 225% of billed charges.",19586.29,,,,,,,Case Rate,". 225 percent of Medicaid DRG. Add-on payment, and lesser of 225% of billed charges. 225 percent of Medicaid DRG. Add-on payment, and lesser of 225% of billed charges.",,,,,,,,,". 100 percent of Medicare DRG. Add-on payment, and lesser of 100% of billed charges. 100 percent of Medicare DRG. Add-on payment, and lesser of 100% of billed charges.",8705.02,,,,,,,Case Rate,". 100 percent of Medicaid DRG. Add-on payment, and lesser of 100% of billed charges. 100 percent of Medicaid DRG. Add-on payment, and lesser of 100% of billed charges.",8705.02,,,,,,,Case Rate,". 100 percent of Medicaid DRG. Add-on payment, and lesser of 100% of billed charges. 100 percent of Medicaid DRG. Add-on payment, and lesser of 100% of billed charges.",19586.29,,,,,,,Case Rate,". 225 percent of Medicaid DRG. Add-on payment, and lesser of 225% of billed charges. 225 percent of Medicaid DRG. Add-on payment, and lesser of 225% of billed charges.",19586.29,,,,,,,Case Rate,". 225 percent of Medicaid DRG. Add-on payment, and lesser of 225% of billed charges. 225 percent of Medicaid DRG. Add-on payment, and lesser of 225% of billed charges.",8705.02,,,,,,,Case Rate,". 100 percent of Medicaid DRG. Add-on payment, and lesser of 100% of billed charges. 100 percent of Medicaid DRG. Add-on payment, and lesser of 100% of billed charges.",8705.02,,,,,,,Case Rate,". 100 percent of Medicaid DRG. Add-on payment, and lesser of 100% of billed charges. 100 percent of Medicaid DRG. Add-on payment, and lesser of 100% of billed charges.",19586.29,,,,,,,Case Rate,". 225 percent of Medicaid DRG. Add-on payment, and lesser of 100% of billed charges. 225 percent of Medicaid DRG. Add-on payment, and lesser of 100% of billed charges.",,,,,,,,,". 100 percent of Medicare DRG. Add-on payment,  . 100 percent of Medicare DRG. Add-on payment,  .",,,,,,,,,". 100 percent of Medicare DRG. Add-on payment,  . 100 percent of Medicare DRG. Add-on payment,  .",,,,,,,,,". GMLOS + 8 Outlier per Diem $6,968.00. Add-on payment, and lesser of 100% of billed charges. GMLOS + 8 Outlier per Diem $6,968.00. Add-on payment, and lesser of 100% of billed charges.",,,,,,,,,". 100 percent of Medicare DRG. Add-on payment,  . 100 percent of Medicare DRG. Add-on payment,  .",19586.29,,,,,,,Case Rate,". 225 percent of Medicaid DRG. Add-on payment, and lesser of 225% of billed charges. 225 percent of Medicaid DRG. Add-on payment, and lesser of 225% of billed charges.",19586.29,,,,,,,Case Rate,". 225 percent of Medicaid DRG. Add-on payment, and lesser of 225% of billed charges. 225 percent of Medicaid DRG. Add-on payment, and lesser of 225% of billed charges.",8705.02,,,,,,,Case Rate,". 100 percent of Medicaid DRG. Add-on payment, and lesser of 100% of billed charges. 100 percent of Medicaid DRG. Add-on payment, and lesser of 100% of billed charges.",8705.02,,,,,,,Case Rate,". 100 percent of Medicaid DRG. Add-on payment, and lesser of 100% of billed charges. 100 percent of Medicaid DRG. Add-on payment, and lesser of 100% of billed charges.",12491.98,,,,,,,Case Rate,". 225 percent of Medicaid DRG. Add-on payment, and lesser of 225% of billed charges. 225 percent of Medicaid DRG. Add-on payment, and lesser of 225% of billed charges.",8705.02,,,,,,,Case Rate,". 100 percent of Medicaid DRG. Add-on payment, and lesser of 100% of billed charges. 100 percent of Medicaid DRG. Add-on payment, and lesser of 100% of billed charges.",25244.56,,,,,,,Case Rate,". 290 percent of Medicaid DRG. Add-on payment, and lesser of 100% of billed charges. 290 percent of Medicaid DRG. Add-on payment, and lesser of 100% of billed charges.",25244.56,,,,,,,Case Rate,". 290 percent of Medicaid DRG. Add-on payment, and lesser of 100% of billed charges. 290 percent of Medicaid DRG. Add-on payment, and lesser of 100% of billed charges.",25244.56,,,,,,,Case Rate,". 290 percent of Medicaid DRG. Add-on payment, and lesser of 100% of billed charges. 290 percent of Medicaid DRG. Add-on payment, and lesser of 100% of billed charges.",25244.56,,,,,,,Case Rate,". 290 percent of Medicaid DRG. Add-on payment, and lesser of 100% of billed charges. 290 percent of Medicaid DRG. Add-on payment, and lesser of 100% of billed charges.",,,,,,,,," ",,,,,,,,,".  ",11751.78,,,,,,,Case Rate,"135% of Medicaid EP 1 and 2, 100% of medicaid EP 3 and 4.  ",11751.78,,,,,,,Case Rate,"135% of Medicaid EP 1 and 2, 100% of medicaid EP 3 and 4.  ",8705.02,,,,,,,Case Rate,". 100 percent of Medicaid DRG. Add-on payment, and lesser of 100% of billed charges. 100 percent of Medicaid DRG. Add-on payment, and lesser of 100% of billed charges.",8705.02,,,,,,,Case Rate,". 100 percent of Medicaid DRG. Add-on payment, and lesser of 100% of billed charges. 100 percent of Medicaid DRG. Add-on payment, and lesser of 100% of billed charges.",,,,,,,,,".  ",,,,,,,,,".  ",,,,,,,,,". 100 percent of Medicare DRG. Add-on payment,  . 100 percent of Medicare DRG. Add-on payment,  .",,,,,,,,,".  ",,,,,,,,,".  ",,,,,,,,,".  ",,,,,,,,,".  ",,,,,,,,,". 100 percent of Medicare DRG. Add-on payment,  . 100 percent of Medicare DRG. Add-on payment,  .",,,,,,,,,".  ",,,,,,,,,".  ",,,,,,,,,". GMLOS + 8 Outlier per Diem $6,968.00. Add-on payment, and lesser of 100% of billed charges. GMLOS + 8 Outlier per Diem $6,968.00. Add-on payment, and lesser of 100% of billed charges.",8705.02,,,,,,,Case Rate,". 100 percent of Medicaid DRG. Add-on payment, and lesser of 100% of billed charges. 100 percent of Medicaid DRG. Add-on payment, and lesser of 100% of billed charges.",8705.02,,,,,,,Case Rate,". 100 percent of Medicaid DRG. Add-on payment, and lesser of 100% of billed charges. 100 percent of Medicaid DRG. Add-on payment, and lesser of 100% of billed charges.",19586.29,,,,,,,Case Rate,". 225 percent of Medicaid DRG. Add-on payment, and lesser of 225% of billed charges. 225 percent of Medicaid DRG. Add-on payment, and lesser of 225% of billed charges.",12491.98,,,,,,,Case Rate,". 225 percent of Medicaid DRG. Add-on payment, and lesser of 225% of billed charges. 225 percent of Medicaid DRG. Add-on payment, and lesser of 225% of billed charges.",8705.02,,,,,,,Case Rate,". 100 percent of Medicaid DRG. Add-on payment, and lesser of 100% of billed charges. 100 percent of Medicaid DRG. Add-on payment, and lesser of 100% of billed charges.",19586.29,,,,,,,Case Rate,". 225 percent of Medicaid DRG. Add-on payment, and lesser of 225% of billed charges. 225 percent of Medicaid DRG. Add-on payment, and lesser of 225% of billed charges.",19586.29,,,,,,,Case Rate,". 225 percent of Medicaid DRG. Add-on payment, and lesser of 225% of billed charges. 225 percent of Medicaid DRG. Add-on payment, and lesser of 225% of billed charges.",19586.29,,,,,,,Case Rate,". 225 percent of Medicaid DRG. Add-on payment, and lesser of 225% of billed charges. 225 percent of Medicaid DRG. Add-on payment, and lesser of 225% of billed charges.",19586.29,,,,,,,Case Rate,". 225 percent of Medicaid DRG. Add-on payment, and lesser of 225% of billed charges. 225 percent of Medicaid DRG. Add-on payment, and lesser of 225% of billed charges.",19586.29,,,,,,,Case Rate,". 225 percent of Medicaid DRG. Add-on payment, and lesser of 225% of billed charges. 225 percent of Medicaid DRG. Add-on payment, and lesser of 225% of billed charges.",19586.29,,,,,,,Case Rate,". 225 percent of Medicaid DRG. Add-on payment, and lesser of 225% of billed charges. 225 percent of Medicaid DRG. Add-on payment, and lesser of 225% of billed charges.",,,,,,,,," ",,,,,,,,," ",,,,,,,,," ",,,,,,,,,".  ",,,,,,,,," ",,,,,,,,,". 100 percent of Medicare DRG. Add-on payment,  . 100 percent of Medicare DRG. Add-on payment,  .",,,,,,,,,".  ",,,,,,,,,". 100 percent of Medicare DRG. Add-on payment,  . 100 percent of Medicare DRG. Add-on payment,  .",,,,,,,,,". 100 percent of Medicare DRG. Add-on payment,  . 100 percent of Medicare DRG. Add-on payment,  .",11751.78,,,,,,,Case Rate,"135% of Medicaid EP 1 and 2, 100% of medicaid EP 3 and 4.  ",11751.78,,,,,,,Case Rate,"135% of Medicaid EP 1 and 2, 100% of medicaid EP 3 and 4.  ",8705.02,,,,,,,Case Rate,". 100 percent of Medicaid DRG. Add-on payment, and lesser of 100% of billed charges. 100 percent of Medicaid DRG. Add-on payment, and lesser of 100% of billed charges.",8705.02,,,,,,,Case Rate,". 100 percent of Medicaid DRG. Add-on payment, and lesser of 100% of billed charges. 100 percent of Medicaid DRG. Add-on payment, and lesser of 100% of billed charges.",8705.02,,,,,,,Case Rate,". 100 percent of Medicaid DRG. Add-on payment, and lesser of 100% of billed charges. 100 percent of Medicaid DRG. Add-on payment, and lesser of 100% of billed charges.",,,,,,,,," ",,,,,,,,,". GMLOS + 8 Outlier per Diem $6,968.00. Add-on payment, and lesser of 100% of billed charges. GMLOS + 8 Outlier per Diem $6,968.00. Add-on payment, and lesser of 100% of billed charges.",,,,,,,,," ",,,,,,,,,".  ",,,,,,,,,". 100 percent of Medicare DRG. Add-on payment, . 100 percent of Medicare DRG. Add-on payment, .",,,,,,,,,". 100 percent of Medicare DRG. Add-on payment,  . 100 percent of Medicare DRG. Add-on payment,  .",,,,,,,,,". 100 percent of Medicare DRG. Add-on payment,  . 100 percent of Medicare DRG. Add-on payment,  .",,,,,,,,,". 100 percent of Medicare DRG. Add-on payment,  . 100 percent of Medicare DRG. Add-on payment,  .",,,,,,,,,". 100 percent of Medicare DRG. Add-on payment, . 100 percent of Medicare DRG. Add-on payment, .",,,,,,,,,". 100 percent of Medicare DRG. Add-on payment,  . 100 percent of Medicare DRG. Add-on payment,  .",,,,,,,,," ",19586.29,,,,,,,Case Rate,". 225 percent of Medicaid DRG. Add-on payment, and lesser of 225% of billed charges. 225 percent of Medicaid DRG. Add-on payment, and lesser of 225% of billed charges.",8705.02,,,,,,,Case Rate,". 100 percent of Medicaid DRG. Add-on payment, and lesser of 100% of billed charges. 100 percent of Medicaid DRG. Add-on payment, and lesser of 100% of billed charges.",,,,,,,,,".  ",,,,,,,,," ",,,,,,,,," ",,,,,,,,," ",,,,,,,,," ",,,,,,,,,". 100 percent of Medicare DRG. Add-on payment,  . 100 percent of Medicare DRG. Add-on payment,  .",8705.02,,,,,,,Case Rate,". 100 percent of Medicaid DRG. Add-on payment, and lesser of 100% of billed charges. 100 percent of Medicaid DRG. Add-on payment, and lesser of 100% of billed charges.",,,,,,,,,".  ",8705.02,,,,,,,Case Rate,". 100 percent of Medicaid DRG. Add-on payment, and lesser of 100% of billed charges. 100 percent of Medicaid DRG. Add-on payment, and lesser of 100% of billed charges.",,,,,,,,,". 100 percent of Medicare DRG. Add-on payment,  . 100 percent of Medicare DRG. Add-on payment,  .",8705.02,,,,,,,Case Rate,". 100 percent of Medicaid DRG. Add-on payment, and lesser of 100% of billed charges. 100 percent of Medicaid DRG. Add-on payment, and lesser of 100% of billed charges.",,,,,,,,,". 100 percent of Medicare DRG. Add-on payment,  . 100 percent of Medicare DRG. Add-on payment,  .",,,,,,,,,". 100 percent of Medicare DRG. Add-on payment,  . 100 percent of Medicare DRG. Add-on payment,  .",8705.02,,,,,,,Case Rate,". 100 percent of Medicaid DRG. Add-on payment, and lesser of 100% of billed charges. 100 percent of Medicaid DRG. Add-on payment, and lesser of 100% of billed charges.",8705.02,,,,,,,Case Rate,". 100 percent of Medicaid DRG. Add-on payment, and lesser of 100% of billed charges. 100 percent of Medicaid DRG. Add-on payment, and lesser of 100% of billed charges.",,,,,,,,," ",,,,,,,,,".  ",,73,,,,,0,Percent of total billed charges,73 percent of charges.  ; No services were performed during the 15 month look back period.,,,,,,,,,".  ",,,,,,,,,".  ",,,,,,,,,". GMLOS + 8 Outlier per Diem $6,968.00. Add-on payment, and lesser of 100% of billed charges. GMLOS + 8 Outlier per Diem $6,968.00. Add-on payment, and lesser of 100% of billed charges.",,,,,,,,,". 93 percent of Medicare DRG. Add-on payment, and lesser of 100% of billed charges. 93 percent of Medicare DRG. Add-on payment, and lesser of 100% of billed charges.",,,,,,,,," ",,,,,,,,," ",,,,,,,,,".  ",,,,,,,,,".  ",,,,,,,,,". 100 percent of Medicare DRG. Add-on payment,  . 100 percent of Medicare DRG. Add-on payment,  .",,,,,,,,,". 100 percent of Medicare DRG. Add-on payment,  . 100 percent of Medicare DRG. Add-on payment,  .",,,,,,,,,". 100 percent of Medicare DRG. Add-on payment,  . 100 percent of Medicare DRG. Add-on payment,  .",,,,,,,,,". 100 percent of Medicare DRG. Add-on payment,  . 100 percent of Medicare DRG. Add-on payment,  .",,,,,,,,,".  ",,,,,,,,,".  ",,,,,,,,,".  ",,,,,,,,,". 100 percent of Medicare DRG. Add-on payment,  . 100 percent of Medicare DRG. Add-on payment,  .",,,,,,,,,".  ",,,,,,,,," ",8705.02,,,,,,,Case Rate,". 100 percent of Medicaid DRG. Add-on payment, and lesser of 100% of billed charges. 100 percent of Medicaid DRG. Add-on payment, and lesser of 100% of billed charges.",8705.02,,,,,,,Case Rate,". 100 percent of Medicaid DRG. Add-on payment, and lesser of 100% of billed charges. 100 percent of Medicaid DRG. Add-on payment, and lesser of 100% of billed charges.",,,,,,,,," ",,,,,,,,,".  ",,,,,,,,,".  ",,,,,,,,,".  ",,,,,,,,,".  ",,,,,,,,,". 100 percent of Medicare DRG. Add-on payment, . 100 percent of Medicare DRG. Add-on payment, .",9140.27,,,,,,,Case Rate,". 105 percent of Medicaid DRG. Add-on payment, and lesser of 100% of billed charges. 105 percent of Medicaid DRG. Add-on payment, and lesser of 100% of billed charges.",9140.27,,,,,,,Case Rate,". 105 percent of Medicaid DRG. Add-on payment, and lesser of 100% of billed charges. 105 percent of Medicaid DRG. Add-on payment, and lesser of 100% of billed charges.",9140.27,,,,,,,Case Rate,". 105 percent of Medicaid DRG. Add-on payment, and lesser of 100% of billed charges. 105 percent of Medicaid DRG. Add-on payment, and lesser of 100% of billed charges.",9140.27,,,,,,,Case Rate,". 105 percent of Medicaid DRG. Add-on payment, and lesser of 100% of billed charges. 105 percent of Medicaid DRG. Add-on payment, and lesser of 100% of billed charges.",,,,,,,,,".  ",9140.27,,,,,,,Case Rate,". 105 percent of Medicaid DRG. Add-on payment, and lesser of 100% of billed charges. 105 percent of Medicaid DRG. Add-on payment, and lesser of 100% of billed charges.",9140.27,,,,,,,Case Rate,". 105 percent of Medicaid DRG. Add-on payment, and lesser of 100% of billed charges. 105 percent of Medicaid DRG. Add-on payment, and lesser of 100% of billed charges.",9140.27,,,,,,,Case Rate,". 105 percent of Medicaid DRG. Add-on payment, and lesser of 100% of billed charges. 105 percent of Medicaid DRG. Add-on payment, and lesser of 100% of billed charges.",9140.27,,,,,,,Case Rate,". 105 percent of Medicaid DRG. Add-on payment, and lesser of 100% of billed charges. 105 percent of Medicaid DRG. Add-on payment, and lesser of 100% of billed charges.",9140.27,,,,,,,Case Rate,". 105 percent of Medicaid DRG. Add-on payment, and lesser of 100% of billed charges. 105 percent of Medicaid DRG. Add-on payment, and lesser of 100% of billed charges.",9140.27,,,,,,,Case Rate,". 105 percent of Medicaid DRG. Add-on payment, and lesser of 100% of billed charges. 105 percent of Medicaid DRG. Add-on payment, and lesser of 100% of billed charges.",9140.27,,,,,,,Case Rate,". 105 percent of Medicaid DRG. Add-on payment, and lesser of 100% of billed charges. 105 percent of Medicaid DRG. Add-on payment, and lesser of 100% of billed charges.",,,,,,,,,". 100 percent of Medicare DRG. Add-on payment,  . 100 percent of Medicare DRG. Add-on payment,  .",,,,,,,,,".  ",,,,,,,,,". 100 percent of Medicare DRG. Add-on payment,  . 100 percent of Medicare DRG. Add-on payment,  .",9140.27,,,,,,,Case Rate,". 105 percent of Medicaid DRG. Add-on payment, and lesser of 100% of billed charges. 105 percent of Medicaid DRG. Add-on payment, and lesser of 100% of billed charges.",,,,,,,,,".  ",,,,,,,,,". 100 percent of Medicare DRG. Add-on payment,  . 100 percent of Medicare DRG. Add-on payment,  .",,,,,,,,,".  ",,,,,,,,,".  ",,,,,,,,,".  ",9140.27,,,,,,,Case Rate,". 105 percent of Medicaid DRG. Add-on payment, and lesser of 100% of billed charges. 105 percent of Medicaid DRG. Add-on payment, and lesser of 100% of billed charges.",,,,,,,,,". 100 percent of Medicare DRG. Add-on payment,  . 100 percent of Medicare DRG. Add-on payment,  .",,,,,,,,,".  ",9140.27,,,,,,,Case Rate,". 105 percent of Medicaid DRG. Add-on payment, and lesser of 100% of billed charges. 105 percent of Medicaid DRG. Add-on payment, and lesser of 100% of billed charges.",,,,,,,,,".  ",,,,,,,,,". Delay in Discharge per diem $4,830 Delay in Discharge per diem $4,830",,,,,,,,,". 100 percent of Medicare DRG. Add-on payment, . 100 percent of Medicare DRG. Add-on payment, .",,,,,,,,," ",,,,,,,,," ",,,,,,,,," ",,,,,,,,," ",,,,,,,,," ",,,,,,,,," ",,,,,,,,," ",,,,,,,,," ",,,,,,,,," ",,,,,,,,," ",,,,,,,,," ",,,,,,,,," ",,,,,,,,,". 100 percent of Medicare DRG. Add-on payment,  . 100 percent of Medicare DRG. Add-on payment,  .",,,,,,,,," ",,,,,,,,,". 100 percent of Medicare DRG. Add-on payment,  . 100 percent of Medicare DRG. Add-on payment,  .",19586.29,,,,,,,Case Rate,". 225 percent of Medicaid DRG. Add-on payment, and lesser of 225% of billed charges. 225 percent of Medicaid DRG. Add-on payment, and lesser of 225% of billed charges.",8705.02,,,,,,,Case Rate,". 100 percent of Medicaid DRG. Add-on payment, and lesser of 100% of billed charges. 100 percent of Medicaid DRG. Add-on payment, and lesser of 100% of billed charges.",,,,,,,,,".  ",,,,,,,,,".  ",,,,,,,,,". 100 percent of Medicare DRG. Add-on payment,  . 100 percent of Medicare DRG. Add-on payment,  .",,,,,,,,," ",,,,,,,,,". 100 percent of Medicare DRG. Add-on payment,  . 100 percent of Medicare DRG. Add-on payment,  .",,,,,,,,,". 100 percent of Medicare DRG. Add-on payment,  . 100 percent of Medicare DRG. Add-on payment,  .",,,,,,,,,". GMLOS + 8 Outlier per Diem $6,968.00. Add-on payment, and lesser of 100% of billed charges. GMLOS + 8 Outlier per Diem $6,968.00. Add-on payment, and lesser of 100% of billed charges.",,,,,,,,,". 100 percent of Medicare DRG. Add-on payment,  . 100 percent of Medicare DRG. Add-on payment,  .",,,,,,,,,".  ",,,,,,,,,". 100 percent of Medicare DRG. Add-on payment,  . 100 percent of Medicare DRG. Add-on payment,  .",,,,,,,,,".  ",,,,,,,,,". GMLOS + 8 Outlier per Diem $6,968.00. Add-on payment, and lesser of 100% of billed charges. GMLOS + 8 Outlier per Diem $6,968.00. Add-on payment, and lesser of 100% of billed charges.",,,,,,,,,".  ",,,,,,,,,". 100 percent of Medicare DRG. Add-on payment,  . 100 percent of Medicare DRG. Add-on payment,  .",8705.02,,,,,,,Case Rate,". 100 percent of Medicaid DRG. Add-on payment, and lesser of 100% of billed charges. 100 percent of Medicaid DRG. Add-on payment, and lesser of 100% of billed charges.",,,,,,,,,". 100 percent of Medicare DRG. Add-on payment,  . 100 percent of Medicare DRG. Add-on payment,  .",,,,,,,,,".  ",,,,,,,,,".  ",8705.02,,,,,,,Case Rate,". 100 percent of Medicaid DRG. Add-on payment, and lesser of 100% of billed charges. 100 percent of Medicaid DRG. Add-on payment, and lesser of 100% of billed charges.",,,,,,,,,".  ",8705.02,,,,,,,Case Rate,". 100 percent of Medicaid DRG. Add-on payment, and lesser of 100% of billed charges. 100 percent of Medicaid DRG. Add-on payment, and lesser of 100% of billed charges.",8705.02,,,,,,,Case Rate,". 100 percent of Medicaid DRG. Add-on payment, and lesser of 100% of billed charges. 100 percent of Medicaid DRG. Add-on payment, and lesser of 100% of billed charges.",,,,,,,,,".  ",,,,,,,,,".  ",,,,,,,,,".  ",,,,,,,,,".  ",,,,,,,,,".  ",,,,,,,,,".  ",,,,,,,,,".  ",,,,,,,,," ",,,,,,,,," ",,,,,,,,," ",8705.02,,,,,,,Case Rate,". 100 percent of Medicaid DRG. Add-on payment, and lesser of 100% of billed charges. 100 percent of Medicaid DRG. Add-on payment, and lesser of 100% of billed charges.",,,,,,,,,".  ",,,,,,,,,".  ",,,,,,,,,". GMLOS + 8 Outlier per Diem $6,968.00. Add-on payment, and lesser of 100% of billed charges. GMLOS + 8 Outlier per Diem $6,968.00. Add-on payment, and lesser of 100% of billed charges.",,,,,,,,,".  ",,,,,,,,,". GMLOS + 8 Outlier per Diem $6,968.00. Add-on payment, and lesser of 100% of billed charges. GMLOS + 8 Outlier per Diem $6,968.00. Add-on payment, and lesser of 100% of billed charges.",,,,,,,,,".  ",,,,,,,,,".  ",,,,,,,,,".  ",,,,,,,,,".  ",,,,,,,,,".  ",,,,,,,,,". 100 percent of Medicare DRG. Add-on payment,  . 100 percent of Medicare DRG. Add-on payment,  .",5551.99,25244.56,
APR080-3,DRG,,,,,APR080-3 ACUTE MAJOR EYE INFECTIONS,,,Inpatient,,,,,,,,,,,,".  ",,,,,,,,,".  ",,,,,,,,,". GMLOS + 8 Outlier per Diem $6,968.00. Add-on payment, and lesser of 100% of billed charges. GMLOS + 8 Outlier per Diem $6,968.00. Add-on payment, and lesser of 100% of billed charges.",,100,,,,,0,Percent of total billed charges,100 percent of charges.  ; No services were performed during the 15 month look back period.,,,,,,,,,". 100 percent of Medicare DRG. Add-on payment,  . 100 percent of Medicare DRG. Add-on payment,  .",,,,,,,,,". GMLOS + 8 Outlier per Diem $6,968.00. Add-on payment, and lesser of 100% of billed charges. GMLOS + 8 Outlier per Diem $6,968.00. Add-on payment, and lesser of 100% of billed charges.",,,,,,,,,". GMLOS + 8 Outlier per Diem $6,968.00. Add-on payment, and lesser of 100% of billed charges. GMLOS + 8 Outlier per Diem $6,968.00. Add-on payment, and lesser of 100% of billed charges.",,,,,,,,,". GMLOS + 8 Outlier per Diem $6,968.00. Add-on payment, and lesser of 100% of billed charges. GMLOS + 8 Outlier per Diem $6,968.00. Add-on payment, and lesser of 100% of billed charges.",24477.23,,,,,,,Case Rate,". 155 percent of Medicaid DRG. Add-on payment, and lesser of 100% of billed charges. 155 percent of Medicaid DRG. Add-on payment, and lesser of 100% of billed charges.",15791.76,,,,,,,Case Rate,". 100 percent of Medicaid DRG. Add-on payment, and lesser of 100% of billed charges. 100 percent of Medicaid DRG. Add-on payment, and lesser of 100% of billed charges.",,73,,,,,0,Percent of total billed charges,73 percent of charges.  ; No services were performed during the 15 month look back period.,,,,,,,,,".  ",15791.76,,,,,,,Case Rate,". 100 percent of Medicaid DRG. Add-on payment, and lesser of 100% of billed charges. 100 percent of Medicaid DRG. Add-on payment, and lesser of 100% of billed charges.",,,,,,,,,". 100 percent of Medicare DRG. Add-on payment,  . 100 percent of Medicare DRG. Add-on payment,  .",,,,,,,,,".  ",,,,,,,,,".  ",,,,,,,,,".  ",,,,,,,,,".  ",15791.76,,,,,,,Case Rate,". 100 percent of Medicaid DRG. Add-on payment, and lesser of 100% of billed charges. 100 percent of Medicaid DRG. Add-on payment, and lesser of 100% of billed charges.",,,,,,,,,". 100 percent of Medicare DRG. Add-on payment,  . 100 percent of Medicare DRG. Add-on payment,  .",15791.76,,,,,,,Case Rate,". 100 percent of Medicaid DRG. Add-on payment, and lesser of 100% of billed charges. 100 percent of Medicaid DRG. Add-on payment, and lesser of 100% of billed charges.",,73,,,,,0,Percent of total billed charges,73 percent of charges.  ; No services were performed during the 15 month look back period.,,,,,,,,,". GMLOS + 8 Outlier per Diem $6,968.00. Add-on payment, and lesser of 100% of billed charges. GMLOS + 8 Outlier per Diem $6,968.00. Add-on payment, and lesser of 100% of billed charges.",,,,,,,,,". 100 percent of Medicare DRG. Add-on payment, and lesser of 100% of billed charges. 100 percent of Medicare DRG. Add-on payment, and lesser of 100% of billed charges.",,,,,,,,," ",,,,,,,,,". 100 percent of Medicare DRG. Add-on payment, and lesser of 100% of billed charges. 100 percent of Medicare DRG. Add-on payment, and lesser of 100% of billed charges.",,,,,,,,,". 100 percent of Medicare DRG. Add-on payment, and lesser of 100% of billed charges. 100 percent of Medicare DRG. Add-on payment, and lesser of 100% of billed charges.",,73,,,,,0,Percent of total billed charges,73 percent of charges.  ; No services were performed during the 15 month look back period.,15791.76,,,,,,,Case Rate,". 100 percent of Medicaid DRG. Add-on payment, and lesser of 100% of billed charges. 100 percent of Medicaid DRG. Add-on payment, and lesser of 100% of billed charges.",15791.76,,,,,,,Case Rate,". 100 percent of Medicaid DRG. Add-on payment, and lesser of 100% of billed charges. 100 percent of Medicaid DRG. Add-on payment, and lesser of 100% of billed charges.",15791.76,,,,,,,Case Rate,". 100 percent of Medicaid DRG. Add-on payment, and lesser of 100% of billed charges. 100 percent of Medicaid DRG. Add-on payment, and lesser of 100% of billed charges.",15791.76,,,,,,,Case Rate,". 100 percent of Medicaid DRG. Add-on payment, and lesser of 100% of billed charges. 100 percent of Medicaid DRG. Add-on payment, and lesser of 100% of billed charges.",,,,,,,,," ",,,,,,,,," ",15791.76,,,,,,,Case Rate,". 100 percent of Medicaid DRG. Add-on payment, and lesser of 100% of billed charges. 100 percent of Medicaid DRG. Add-on payment, and lesser of 100% of billed charges.",,,,,,,,," ",15791.76,,,,,,,Case Rate,". 100 percent of Medicaid DRG. Add-on payment, and lesser of 100% of billed charges. 100 percent of Medicaid DRG. Add-on payment, and lesser of 100% of billed charges.",,,,,,,,,". 100 percent of Medicare DRG. Add-on payment, . 100 percent of Medicare DRG. Add-on payment, .",,,,,,,,," ",,73,,,,,0,Percent of total billed charges,73 percent of charges.  ; No services were performed during the 15 month look back period.,15791.76,,,,,,,Case Rate,". 100 percent of Medicaid DRG. Add-on payment, and lesser of 100% of billed charges. 100 percent of Medicaid DRG. Add-on payment, and lesser of 100% of billed charges.",15791.76,,,,,,,Case Rate,". 100 percent of Medicaid DRG. Add-on payment, and lesser of 100% of billed charges. 100 percent of Medicaid DRG. Add-on payment, and lesser of 100% of billed charges.",,73,,,,,0,Percent of total billed charges,73 percent of charges.  ; No services were performed during the 15 month look back period.,,,,,,,,,".  ",,,,,,,,,".  ",,,,,,,,,".  ",,73,,,,,0,Percent of total billed charges,73 percent of charges.  ; No services were performed during the 15 month look back period.,,,,,,,,,". 100 percent of Medicare DRG. Add-on payment,  . 100 percent of Medicare DRG. Add-on payment,  .",,,,,,,,,".  ",,,,,,,,,".  ",,,,,,,,,".  ",,,,,,,,,". 100 percent of Medicare DRG. Add-on payment,  . 100 percent of Medicare DRG. Add-on payment,  .",,,,,,,,,".  ",,,,,,,,,".  ",,,,,,,,,". 100 percent of Medicare DRG. Add-on payment, and lesser of 100% of billed charges. 100 percent of Medicare DRG. Add-on payment, and lesser of 100% of billed charges.",,,,,,,,,".  ",,,,,,,,,".  ",,,,,,,,,".  ",,,,,,,,,".  ",,,,,,,,,".  ",,,,,,,,,".  ",,,,,,,,,".  ",,,,,,,,,". 100 percent of Medicare DRG. Add-on payment,  . 100 percent of Medicare DRG. Add-on payment,  .",,,,,,,,,". 100 percent of Medicare DRG. Add-on payment,  . 100 percent of Medicare DRG. Add-on payment,  .",,,,,,,,,".  ",,73,,,,,0,Percent of total billed charges,73 percent of charges.  ; No services were performed during the 15 month look back period.,,73,,,,,0,Percent of total billed charges,73 percent of charges.  ; No services were performed during the 15 month look back period.,,73,,,,,0,Percent of total billed charges,73 percent of charges.  ; No services were performed during the 15 month look back period.,,73,,,,,0,Percent of total billed charges,73 percent of charges.  ; No services were performed during the 15 month look back period.,,73,,,,,0,Percent of total billed charges,73 percent of charges.  ; No services were performed during the 15 month look back period.,,73,,,,,0,Percent of total billed charges,73 percent of charges.  ; No services were performed during the 15 month look back period.,,73,,,,,0,Percent of total billed charges,73 percent of charges.  ; No services were performed during the 15 month look back period.,,73,,,,,0,Percent of total billed charges,73 percent of charges.  ; No services were performed during the 15 month look back period.,,73,,,,,0,Percent of total billed charges,73 percent of charges.  ; No services were performed during the 15 month look back period.,,73,,,,,0,Percent of total billed charges,73 percent of charges.  ; No services were performed during the 15 month look back period.,,73,,,,,0,Percent of total billed charges,73 percent of charges.  ; No services were performed during the 15 month look back period.,,73,,,,,0,Percent of total billed charges,73 percent of charges.  ; No services were performed during the 15 month look back period.,,73,,,,,0,Percent of total billed charges,73 percent of charges.  ; No services were performed during the 15 month look back period.,,73,,,,,0,Percent of total billed charges,73 percent of charges.  ; No services were performed during the 15 month look back period.,,73,,,,,0,Percent of total billed charges,73 percent of charges.  ; No services were performed during the 15 month look back period.,,73,,,,,0,Percent of total billed charges,73 percent of charges.  ; No services were performed during the 15 month look back period.,,73,,,,,0,Percent of total billed charges,73 percent of charges.  ; No services were performed during the 15 month look back period.,,73,,,,,0,Percent of total billed charges,73 percent of charges.  ; No services were performed during the 15 month look back period.,,73,,,,,0,Percent of total billed charges,73 percent of charges.  ; No services were performed during the 15 month look back period.,,73,,,,,0,Percent of total billed charges,73 percent of charges.  ; No services were performed during the 15 month look back period.,,73,,,,,0,Percent of total billed charges,73 percent of charges.  ; No services were performed during the 15 month look back period.,,73,,,,,0,Percent of total billed charges,73 percent of charges.  ; No services were performed during the 15 month look back period.,,73,,,,,0,Percent of total billed charges,73 percent of charges.  ; No services were performed during the 15 month look back period.,,73,,,,,0,Percent of total billed charges,73 percent of charges.  ; No services were performed during the 15 month look back period.,,73,,,,,0,Percent of total billed charges,73 percent of charges.  ; No services were performed during the 15 month look back period.,,73,,,,,0,Percent of total billed charges,73 percent of charges.  ; No services were performed during the 15 month look back period.,,,,,,,,," ",,,,,,,,," ",,,,,,,,," ",,,,,,,,," ",,,,,,,,," ",,,,,,,,," ",,,,,,,,,".  ",,,,,,,,,".  ",,,,,,,,,".  ",,,,,,,,,".  ",,73,,,,,0,Percent of total billed charges,73 percent of charges.  ; No services were performed during the 15 month look back period.,,,,,,,,," ",,,,,,,,,".  ",,,,,,,,,".  ",,,,,,,,,".  ",,,,,,,,," ",,73,,,,,0,Percent of total billed charges,73 percent of charges.  ; No services were performed during the 15 month look back period.,15791.76,,,,,,,Case Rate,". 100 percent of Medicaid DRG. Add-on payment, and lesser of 100% of billed charges. 100 percent of Medicaid DRG. Add-on payment, and lesser of 100% of billed charges.",,,,,,,,," ",15791.76,,,,,,,Case Rate,". 100 percent of Medicaid DRG. Add-on payment, and lesser of 100% of billed charges. 100 percent of Medicaid DRG. Add-on payment, and lesser of 100% of billed charges.",,,,,,,,,". 100 percent of Medicare DRG. Add-on payment, . 100 percent of Medicare DRG. Add-on payment, .",,,,,,,,,". 100 percent of Medicare DRG. Add-on payment,  . 100 percent of Medicare DRG. Add-on payment,  .",,,,,,,,,".  ",,,,,,,,,". 100 percent of Medicare DRG. Add-on payment,  . 100 percent of Medicare DRG. Add-on payment,  .",,,,,,,,,". 100 percent of Medicare DRG. Add-on payment,  . 100 percent of Medicare DRG. Add-on payment,  .",15791.76,,,,,,,Case Rate,". 100 percent of Medicaid DRG. Add-on payment, and lesser of 100% of billed charges. 100 percent of Medicaid DRG. Add-on payment, and lesser of 100% of billed charges.",,,,,,,,,". 100 percent of Medicare DRG. Add-on payment,  . 100 percent of Medicare DRG. Add-on payment,  .",,,,,,,,,". 100 percent of Medicare DRG. Add-on payment,  . 100 percent of Medicare DRG. Add-on payment,  .",,,,,,,,,". GMLOS + 8 Outlier per Diem $6,968.00. Add-on payment, and lesser of 100% of billed charges. GMLOS + 8 Outlier per Diem $6,968.00. Add-on payment, and lesser of 100% of billed charges.",,,,,,,,,". GMLOS + 8 Outlier per Diem $6,968.00. Add-on payment, and lesser of 100% of billed charges. GMLOS + 8 Outlier per Diem $6,968.00. Add-on payment, and lesser of 100% of billed charges.",,,,,,,,,". 100 percent of Medicare DRG. Add-on payment,  . 100 percent of Medicare DRG. Add-on payment,  .",,,,,,,,,".  ",,,,,,,,,".  ",,,,,,,,,".  ",,,,,,,,,". 100 percent of Medicare DRG. Add-on payment,  . 100 percent of Medicare DRG. Add-on payment,  .",,,,,,,,,".  ",,,,,,,,,". GMLOS + 8 Outlier per Diem $6,968.00. Add-on payment, and lesser of 100% of billed charges. GMLOS + 8 Outlier per Diem $6,968.00. Add-on payment, and lesser of 100% of billed charges.",,,,,,,,,". GMLOS + 8 Outlier per Diem $6,968.00. Add-on payment, and lesser of 100% of billed charges. GMLOS + 8 Outlier per Diem $6,968.00. Add-on payment, and lesser of 100% of billed charges.",,,,,,,,,". GMLOS + 8 Outlier per Diem $6,968.00. Add-on payment, and lesser of 100% of billed charges. GMLOS + 8 Outlier per Diem $6,968.00. Add-on payment, and lesser of 100% of billed charges.",,73,,,,,0,Percent of total billed charges,73 percent of charges.  ; No services were performed during the 15 month look back period.,,73,,,,,0,Percent of total billed charges,73 percent of charges.  ; No services were performed during the 15 month look back period.,,73,,,,,0,Percent of total billed charges,73 percent of charges.  ; No services were performed during the 15 month look back period.,,73,,,,,0,Percent of total billed charges,73 percent of charges.  ; No services were performed during the 15 month look back period.,,73,,,,,0,Percent of total billed charges,73 percent of charges.  ; No services were performed during the 15 month look back period.,,73,,,,,0,Percent of total billed charges,73 percent of charges.  ; No services were performed during the 15 month look back period.,,73,,,,,0,Percent of total billed charges,73 percent of charges.  ; No services were performed during the 15 month look back period.,,73,,,,,0,Percent of total billed charges,73 percent of charges.  ; No services were performed during the 15 month look back period.,,73,,,,,0,Percent of total billed charges,73 percent of charges.  ; No services were performed during the 15 month look back period.,,73,,,,,0,Percent of total billed charges,73 percent of charges.  ; No services were performed during the 15 month look back period.,,73,,,,,0,Percent of total billed charges,73 percent of charges.  ; No services were performed during the 15 month look back period.,,,,,,,,," ",,,,,,,,,".  ",,,,,,,,,".  ",,,,,,,,,". 100 percent of Medicare DRG. Add-on payment,  . 100 percent of Medicare DRG. Add-on payment,  .",,,,,,,,,". GMLOS + 8 Outlier per Diem $6,968.00. Add-on payment, and lesser of 100% of billed charges. GMLOS + 8 Outlier per Diem $6,968.00. Add-on payment, and lesser of 100% of billed charges.",,,,,,,,,".  ",,,,,,,,,".  ",,73,,,,,0,Percent of total billed charges,73 percent of charges.  ; No services were performed during the 15 month look back period.,31583.53,,,,,,,Case Rate,". 200 percent of Medicaid DRG. Add-on payment, and lesser of 200% of billed charges. 200 percent of Medicaid DRG. Add-on payment, and lesser of 200% of billed charges.",,,,,,,,,".  ",15791.76,,,,,,,Case Rate,". 100 percent of Medicaid DRG. Add-on payment, and lesser of 100% of billed charges. 100 percent of Medicaid DRG. Add-on payment, and lesser of 100% of billed charges.",,,,,,,,,". 100 percent of Medicare DRG. Add-on payment,  . 100 percent of Medicare DRG. Add-on payment,  .",,,,,,,,,". 100 percent of Medicare DRG. Add-on payment,  . 100 percent of Medicare DRG. Add-on payment,  .",,,,,,,,,". 100 percent of Medicare DRG. Add-on payment,  . 100 percent of Medicare DRG. Add-on payment,  .",,,,,,,,,". 100 percent of Medicare DRG. Add-on payment,  . 100 percent of Medicare DRG. Add-on payment,  .",,,,,,,,,". 100 percent of Medicare DRG. Add-on payment,  . 100 percent of Medicare DRG. Add-on payment,  .",,,,,,,,,". 100 percent of Medicare DRG. Add-on payment,  . 100 percent of Medicare DRG. Add-on payment,  .",,,,,,,,,".  ",,,,,,,,,".  ",35531.47,,,,,,,Case Rate,". 225 percent of Medicaid DRG. Add-on payment, and lesser of 100% of billed charges. 225 percent of Medicaid DRG. Add-on payment, and lesser of 100% of billed charges.",35531.47,,,,,,,Case Rate,". 225 percent of Medicaid DRG. Add-on payment, and lesser of 100% of billed charges. 225 percent of Medicaid DRG. Add-on payment, and lesser of 100% of billed charges.",35531.47,,,,,,,Case Rate,". 225 percent of Medicaid DRG. Add-on payment, and lesser of 100% of billed charges. 225 percent of Medicaid DRG. Add-on payment, and lesser of 100% of billed charges.",35531.47,,,,,,,Case Rate,". 225 percent of Medicaid DRG. Add-on payment, and lesser of 100% of billed charges. 225 percent of Medicaid DRG. Add-on payment, and lesser of 100% of billed charges.",35531.47,,,,,,,Case Rate,". 225 percent of Medicaid DRG. Add-on payment, and lesser of 100% of billed charges. 225 percent of Medicaid DRG. Add-on payment, and lesser of 100% of billed charges.",,,,,,,,," ",,,,,,,,,".  ",,,,,,,,," ",,,,,,,,," ",,,,,,,,," ",,,,,,,,," ",,,,,,,,," ",,,,,,,,,". 100 percent of Medicare DRG. Add-on payment,  . 100 percent of Medicare DRG. Add-on payment,  .",,,,,,,,," ",,,,,,,,," ",,,,,,,,," ",,,,,,,,," ",,,,,,,,,". GMLOS + 8 Outlier per Diem $6,968.00. Add-on payment, and lesser of 100% of billed charges. GMLOS + 8 Outlier per Diem $6,968.00. Add-on payment, and lesser of 100% of billed charges.",,,,,,,,,". GMLOS + 8 Outlier per Diem $6,968.00. Add-on payment, and lesser of 100% of billed charges. GMLOS + 8 Outlier per Diem $6,968.00. Add-on payment, and lesser of 100% of billed charges.",,,,,,,,,". GMLOS + 8 Outlier per Diem $6,968.00. Add-on payment, and lesser of 100% of billed charges. GMLOS + 8 Outlier per Diem $6,968.00. Add-on payment, and lesser of 100% of billed charges.",,,,,,,,,". GMLOS + 8 Outlier per Diem $6,968.00. Add-on payment, and lesser of 100% of billed charges. GMLOS + 8 Outlier per Diem $6,968.00. Add-on payment, and lesser of 100% of billed charges.",,,,,,,,,".  ",,,,,,,,,".  ",,,,,,,,,". 100 percent of Medicare DRG. Add-on payment,  . 100 percent of Medicare DRG. Add-on payment,  .",,,,,,,,,". 100 percent of Medicare DRG. Add-on payment,  . 100 percent of Medicare DRG. Add-on payment,  .",,,,,,,,,". 100 percent of Medicare DRG. Add-on payment,  . 100 percent of Medicare DRG. Add-on payment,  .",,,,,,,,,".  ",,,,,,,,,".  ",,,,,,,,,".  ",,,,,,,,,".  ",,,,,,,,,". GMLOS + 8 Outlier per Diem $6,968.00. Add-on payment, and lesser of 100% of billed charges. GMLOS + 8 Outlier per Diem $6,968.00. Add-on payment, and lesser of 100% of billed charges.",,,,,,,,,". 100 percent of Medicare DRG. Add-on payment,  . 100 percent of Medicare DRG. Add-on payment,  .",,,,,,,,,".  ",15791.76,,,,,,,Case Rate,". 100 percent of Medicaid DRG. Add-on payment, and lesser of 100% of billed charges. 100 percent of Medicaid DRG. Add-on payment, and lesser of 100% of billed charges.",,,,,,,,,". 100 percent of Medicare DRG. Add-on payment, and lesser of 100% of billed charges. 100 percent of Medicare DRG. Add-on payment, and lesser of 100% of billed charges.",,,,,,,,,". 100 percent of Medicare DRG. Add-on payment, and lesser of 100% of billed charges. 100 percent of Medicare DRG. Add-on payment, and lesser of 100% of billed charges.",,,,,,,,,". 100 percent of Medicare DRG. Add-on payment, and lesser of 100% of billed charges. 100 percent of Medicare DRG. Add-on payment, and lesser of 100% of billed charges.",15791.76,,,,,,,Case Rate,". 100 percent of Medicaid DRG. Add-on payment, and lesser of 100% of billed charges. 100 percent of Medicaid DRG. Add-on payment, and lesser of 100% of billed charges.",35531.47,,,,,,,Case Rate,". 225 percent of Medicaid DRG. Add-on payment, and lesser of 225% of billed charges. 225 percent of Medicaid DRG. Add-on payment, and lesser of 225% of billed charges.",35531.47,,,,,,,Case Rate,". 225 percent of Medicaid DRG. Add-on payment, and lesser of 225% of billed charges. 225 percent of Medicaid DRG. Add-on payment, and lesser of 225% of billed charges.",35531.47,,,,,,,Case Rate,". 225 percent of Medicaid DRG. Add-on payment, and lesser of 225% of billed charges. 225 percent of Medicaid DRG. Add-on payment, and lesser of 225% of billed charges.",35531.47,,,,,,,Case Rate,". 225 percent of Medicaid DRG. Add-on payment, and lesser of 225% of billed charges. 225 percent of Medicaid DRG. Add-on payment, and lesser of 225% of billed charges.",35531.47,,,,,,,Case Rate,". 225 percent of Medicaid DRG. Add-on payment, and lesser of 225% of billed charges. 225 percent of Medicaid DRG. Add-on payment, and lesser of 225% of billed charges.",,,,,,,,,". 100 percent of Medicare DRG. Add-on payment, and lesser of 100% of billed charges. 100 percent of Medicare DRG. Add-on payment, and lesser of 100% of billed charges.",15791.76,,,,,,,Case Rate,". 100 percent of Medicaid DRG. Add-on payment, and lesser of 100% of billed charges. 100 percent of Medicaid DRG. Add-on payment, and lesser of 100% of billed charges.",15791.76,,,,,,,Case Rate,". 100 percent of Medicaid DRG. Add-on payment, and lesser of 100% of billed charges. 100 percent of Medicaid DRG. Add-on payment, and lesser of 100% of billed charges.",35531.47,,,,,,,Case Rate,". 225 percent of Medicaid DRG. Add-on payment, and lesser of 225% of billed charges. 225 percent of Medicaid DRG. Add-on payment, and lesser of 225% of billed charges.",35531.47,,,,,,,Case Rate,". 225 percent of Medicaid DRG. Add-on payment, and lesser of 225% of billed charges. 225 percent of Medicaid DRG. Add-on payment, and lesser of 225% of billed charges.",15791.76,,,,,,,Case Rate,". 100 percent of Medicaid DRG. Add-on payment, and lesser of 100% of billed charges. 100 percent of Medicaid DRG. Add-on payment, and lesser of 100% of billed charges.",15791.76,,,,,,,Case Rate,". 100 percent of Medicaid DRG. Add-on payment, and lesser of 100% of billed charges. 100 percent of Medicaid DRG. Add-on payment, and lesser of 100% of billed charges.",35531.47,,,,,,,Case Rate,". 225 percent of Medicaid DRG. Add-on payment, and lesser of 100% of billed charges. 225 percent of Medicaid DRG. Add-on payment, and lesser of 100% of billed charges.",,,,,,,,,". 100 percent of Medicare DRG. Add-on payment,  . 100 percent of Medicare DRG. Add-on payment,  .",,,,,,,,,". 100 percent of Medicare DRG. Add-on payment,  . 100 percent of Medicare DRG. Add-on payment,  .",,,,,,,,,". GMLOS + 8 Outlier per Diem $6,968.00. Add-on payment, and lesser of 100% of billed charges. GMLOS + 8 Outlier per Diem $6,968.00. Add-on payment, and lesser of 100% of billed charges.",,,,,,,,,". 100 percent of Medicare DRG. Add-on payment,  . 100 percent of Medicare DRG. Add-on payment,  .",35531.47,,,,,,,Case Rate,". 225 percent of Medicaid DRG. Add-on payment, and lesser of 225% of billed charges. 225 percent of Medicaid DRG. Add-on payment, and lesser of 225% of billed charges.",35531.47,,,,,,,Case Rate,". 225 percent of Medicaid DRG. Add-on payment, and lesser of 225% of billed charges. 225 percent of Medicaid DRG. Add-on payment, and lesser of 225% of billed charges.",15791.76,,,,,,,Case Rate,". 100 percent of Medicaid DRG. Add-on payment, and lesser of 100% of billed charges. 100 percent of Medicaid DRG. Add-on payment, and lesser of 100% of billed charges.",15791.76,,,,,,,Case Rate,". 100 percent of Medicaid DRG. Add-on payment, and lesser of 100% of billed charges. 100 percent of Medicaid DRG. Add-on payment, and lesser of 100% of billed charges.",24829.26,,,,,,,Case Rate,". 225 percent of Medicaid DRG. Add-on payment, and lesser of 225% of billed charges. 225 percent of Medicaid DRG. Add-on payment, and lesser of 225% of billed charges.",15791.76,,,,,,,Case Rate,". 100 percent of Medicaid DRG. Add-on payment, and lesser of 100% of billed charges. 100 percent of Medicaid DRG. Add-on payment, and lesser of 100% of billed charges.",45796.11,,,,,,,Case Rate,". 290 percent of Medicaid DRG. Add-on payment, and lesser of 100% of billed charges. 290 percent of Medicaid DRG. Add-on payment, and lesser of 100% of billed charges.",45796.11,,,,,,,Case Rate,". 290 percent of Medicaid DRG. Add-on payment, and lesser of 100% of billed charges. 290 percent of Medicaid DRG. Add-on payment, and lesser of 100% of billed charges.",45796.11,,,,,,,Case Rate,". 290 percent of Medicaid DRG. Add-on payment, and lesser of 100% of billed charges. 290 percent of Medicaid DRG. Add-on payment, and lesser of 100% of billed charges.",45796.11,,,,,,,Case Rate,". 290 percent of Medicaid DRG. Add-on payment, and lesser of 100% of billed charges. 290 percent of Medicaid DRG. Add-on payment, and lesser of 100% of billed charges.",,,,,,,,," ",,,,,,,,,".  ",21318.88,,,,,,,Case Rate,"135% of Medicaid EP 1 and 2, 100% of medicaid EP 3 and 4.  ",21318.88,,,,,,,Case Rate,"135% of Medicaid EP 1 and 2, 100% of medicaid EP 3 and 4.  ",15791.76,,,,,,,Case Rate,". 100 percent of Medicaid DRG. Add-on payment, and lesser of 100% of billed charges. 100 percent of Medicaid DRG. Add-on payment, and lesser of 100% of billed charges.",15791.76,,,,,,,Case Rate,". 100 percent of Medicaid DRG. Add-on payment, and lesser of 100% of billed charges. 100 percent of Medicaid DRG. Add-on payment, and lesser of 100% of billed charges.",,,,,,,,,".  ",,,,,,,,,".  ",,,,,,,,,". 100 percent of Medicare DRG. Add-on payment,  . 100 percent of Medicare DRG. Add-on payment,  .",,,,,,,,,".  ",,,,,,,,,".  ",,,,,,,,,".  ",,,,,,,,,".  ",,,,,,,,,". 100 percent of Medicare DRG. Add-on payment,  . 100 percent of Medicare DRG. Add-on payment,  .",,,,,,,,,".  ",,,,,,,,,".  ",,,,,,,,,". GMLOS + 8 Outlier per Diem $6,968.00. Add-on payment, and lesser of 100% of billed charges. GMLOS + 8 Outlier per Diem $6,968.00. Add-on payment, and lesser of 100% of billed charges.",15791.76,,,,,,,Case Rate,". 100 percent of Medicaid DRG. Add-on payment, and lesser of 100% of billed charges. 100 percent of Medicaid DRG. Add-on payment, and lesser of 100% of billed charges.",15791.76,,,,,,,Case Rate,". 100 percent of Medicaid DRG. Add-on payment, and lesser of 100% of billed charges. 100 percent of Medicaid DRG. Add-on payment, and lesser of 100% of billed charges.",35531.47,,,,,,,Case Rate,". 225 percent of Medicaid DRG. Add-on payment, and lesser of 225% of billed charges. 225 percent of Medicaid DRG. Add-on payment, and lesser of 225% of billed charges.",24829.26,,,,,,,Case Rate,". 225 percent of Medicaid DRG. Add-on payment, and lesser of 225% of billed charges. 225 percent of Medicaid DRG. Add-on payment, and lesser of 225% of billed charges.",15791.76,,,,,,,Case Rate,". 100 percent of Medicaid DRG. Add-on payment, and lesser of 100% of billed charges. 100 percent of Medicaid DRG. Add-on payment, and lesser of 100% of billed charges.",35531.47,,,,,,,Case Rate,". 225 percent of Medicaid DRG. Add-on payment, and lesser of 225% of billed charges. 225 percent of Medicaid DRG. Add-on payment, and lesser of 225% of billed charges.",35531.47,,,,,,,Case Rate,". 225 percent of Medicaid DRG. Add-on payment, and lesser of 225% of billed charges. 225 percent of Medicaid DRG. Add-on payment, and lesser of 225% of billed charges.",35531.47,,,,,,,Case Rate,". 225 percent of Medicaid DRG. Add-on payment, and lesser of 225% of billed charges. 225 percent of Medicaid DRG. Add-on payment, and lesser of 225% of billed charges.",35531.47,,,,,,,Case Rate,". 225 percent of Medicaid DRG. Add-on payment, and lesser of 225% of billed charges. 225 percent of Medicaid DRG. Add-on payment, and lesser of 225% of billed charges.",35531.47,,,,,,,Case Rate,". 225 percent of Medicaid DRG. Add-on payment, and lesser of 225% of billed charges. 225 percent of Medicaid DRG. Add-on payment, and lesser of 225% of billed charges.",35531.47,,,,,,,Case Rate,". 225 percent of Medicaid DRG. Add-on payment, and lesser of 225% of billed charges. 225 percent of Medicaid DRG. Add-on payment, and lesser of 225% of billed charges.",,,,,,,,," ",,,,,,,,," ",,,,,,,,," ",,,,,,,,,".  ",,,,,,,,," ",,,,,,,,,". 100 percent of Medicare DRG. Add-on payment,  . 100 percent of Medicare DRG. Add-on payment,  .",,,,,,,,,".  ",,,,,,,,,". 100 percent of Medicare DRG. Add-on payment,  . 100 percent of Medicare DRG. Add-on payment,  .",,,,,,,,,". 100 percent of Medicare DRG. Add-on payment,  . 100 percent of Medicare DRG. Add-on payment,  .",21318.88,,,,,,,Case Rate,"135% of Medicaid EP 1 and 2, 100% of medicaid EP 3 and 4.  ",21318.88,,,,,,,Case Rate,"135% of Medicaid EP 1 and 2, 100% of medicaid EP 3 and 4.  ",15791.76,,,,,,,Case Rate,". 100 percent of Medicaid DRG. Add-on payment, and lesser of 100% of billed charges. 100 percent of Medicaid DRG. Add-on payment, and lesser of 100% of billed charges.",15791.76,,,,,,,Case Rate,". 100 percent of Medicaid DRG. Add-on payment, and lesser of 100% of billed charges. 100 percent of Medicaid DRG. Add-on payment, and lesser of 100% of billed charges.",15791.76,,,,,,,Case Rate,". 100 percent of Medicaid DRG. Add-on payment, and lesser of 100% of billed charges. 100 percent of Medicaid DRG. Add-on payment, and lesser of 100% of billed charges.",,,,,,,,," ",,,,,,,,,". GMLOS + 8 Outlier per Diem $6,968.00. Add-on payment, and lesser of 100% of billed charges. GMLOS + 8 Outlier per Diem $6,968.00. Add-on payment, and lesser of 100% of billed charges.",,,,,,,,," ",,,,,,,,,".  ",,,,,,,,,". 100 percent of Medicare DRG. Add-on payment, . 100 percent of Medicare DRG. Add-on payment, .",,,,,,,,,". 100 percent of Medicare DRG. Add-on payment,  . 100 percent of Medicare DRG. Add-on payment,  .",,,,,,,,,". 100 percent of Medicare DRG. Add-on payment,  . 100 percent of Medicare DRG. Add-on payment,  .",,,,,,,,,". 100 percent of Medicare DRG. Add-on payment,  . 100 percent of Medicare DRG. Add-on payment,  .",,,,,,,,,". 100 percent of Medicare DRG. Add-on payment, . 100 percent of Medicare DRG. Add-on payment, .",,,,,,,,,". 100 percent of Medicare DRG. Add-on payment,  . 100 percent of Medicare DRG. Add-on payment,  .",,,,,,,,," ",35531.47,,,,,,,Case Rate,". 225 percent of Medicaid DRG. Add-on payment, and lesser of 225% of billed charges. 225 percent of Medicaid DRG. Add-on payment, and lesser of 225% of billed charges.",15791.76,,,,,,,Case Rate,". 100 percent of Medicaid DRG. Add-on payment, and lesser of 100% of billed charges. 100 percent of Medicaid DRG. Add-on payment, and lesser of 100% of billed charges.",,,,,,,,,".  ",,,,,,,,," ",,,,,,,,," ",,,,,,,,," ",,,,,,,,," ",,,,,,,,,". 100 percent of Medicare DRG. Add-on payment,  . 100 percent of Medicare DRG. Add-on payment,  .",15791.76,,,,,,,Case Rate,". 100 percent of Medicaid DRG. Add-on payment, and lesser of 100% of billed charges. 100 percent of Medicaid DRG. Add-on payment, and lesser of 100% of billed charges.",,,,,,,,,".  ",15791.76,,,,,,,Case Rate,". 100 percent of Medicaid DRG. Add-on payment, and lesser of 100% of billed charges. 100 percent of Medicaid DRG. Add-on payment, and lesser of 100% of billed charges.",,,,,,,,,". 100 percent of Medicare DRG. Add-on payment,  . 100 percent of Medicare DRG. Add-on payment,  .",15791.76,,,,,,,Case Rate,". 100 percent of Medicaid DRG. Add-on payment, and lesser of 100% of billed charges. 100 percent of Medicaid DRG. Add-on payment, and lesser of 100% of billed charges.",,,,,,,,,". 100 percent of Medicare DRG. Add-on payment,  . 100 percent of Medicare DRG. Add-on payment,  .",,,,,,,,,". 100 percent of Medicare DRG. Add-on payment,  . 100 percent of Medicare DRG. Add-on payment,  .",15791.76,,,,,,,Case Rate,". 100 percent of Medicaid DRG. Add-on payment, and lesser of 100% of billed charges. 100 percent of Medicaid DRG. Add-on payment, and lesser of 100% of billed charges.",15791.76,,,,,,,Case Rate,". 100 percent of Medicaid DRG. Add-on payment, and lesser of 100% of billed charges. 100 percent of Medicaid DRG. Add-on payment, and lesser of 100% of billed charges.",,,,,,,,," ",,,,,,,,,".  ",,73,,,,,0,Percent of total billed charges,73 percent of charges.  ; No services were performed during the 15 month look back period.,,,,,,,,,".  ",,,,,,,,,".  ",,,,,,,,,". GMLOS + 8 Outlier per Diem $6,968.00. Add-on payment, and lesser of 100% of billed charges. GMLOS + 8 Outlier per Diem $6,968.00. Add-on payment, and lesser of 100% of billed charges.",,,,,,,,,". 93 percent of Medicare DRG. Add-on payment, and lesser of 100% of billed charges. 93 percent of Medicare DRG. Add-on payment, and lesser of 100% of billed charges.",,,,,,,,," ",,,,,,,,," ",,,,,,,,,".  ",,,,,,,,,".  ",,,,,,,,,". 100 percent of Medicare DRG. Add-on payment,  . 100 percent of Medicare DRG. Add-on payment,  .",,,,,,,,,". 100 percent of Medicare DRG. Add-on payment,  . 100 percent of Medicare DRG. Add-on payment,  .",,,,,,,,,". 100 percent of Medicare DRG. Add-on payment,  . 100 percent of Medicare DRG. Add-on payment,  .",,,,,,,,,". 100 percent of Medicare DRG. Add-on payment,  . 100 percent of Medicare DRG. Add-on payment,  .",,,,,,,,,".  ",,,,,,,,,".  ",,,,,,,,,".  ",,,,,,,,,". 100 percent of Medicare DRG. Add-on payment,  . 100 percent of Medicare DRG. Add-on payment,  .",,,,,,,,,".  ",,,,,,,,," ",15791.76,,,,,,,Case Rate,". 100 percent of Medicaid DRG. Add-on payment, and lesser of 100% of billed charges. 100 percent of Medicaid DRG. Add-on payment, and lesser of 100% of billed charges.",15791.76,,,,,,,Case Rate,". 100 percent of Medicaid DRG. Add-on payment, and lesser of 100% of billed charges. 100 percent of Medicaid DRG. Add-on payment, and lesser of 100% of billed charges.",,,,,,,,," ",,,,,,,,,".  ",,,,,,,,,".  ",,,,,,,,,".  ",,,,,,,,,".  ",,,,,,,,,". 100 percent of Medicare DRG. Add-on payment, . 100 percent of Medicare DRG. Add-on payment, .",16581.35,,,,,,,Case Rate,". 105 percent of Medicaid DRG. Add-on payment, and lesser of 100% of billed charges. 105 percent of Medicaid DRG. Add-on payment, and lesser of 100% of billed charges.",16581.35,,,,,,,Case Rate,". 105 percent of Medicaid DRG. Add-on payment, and lesser of 100% of billed charges. 105 percent of Medicaid DRG. Add-on payment, and lesser of 100% of billed charges.",16581.35,,,,,,,Case Rate,". 105 percent of Medicaid DRG. Add-on payment, and lesser of 100% of billed charges. 105 percent of Medicaid DRG. Add-on payment, and lesser of 100% of billed charges.",16581.35,,,,,,,Case Rate,". 105 percent of Medicaid DRG. Add-on payment, and lesser of 100% of billed charges. 105 percent of Medicaid DRG. Add-on payment, and lesser of 100% of billed charges.",,,,,,,,,".  ",16581.35,,,,,,,Case Rate,". 105 percent of Medicaid DRG. Add-on payment, and lesser of 100% of billed charges. 105 percent of Medicaid DRG. Add-on payment, and lesser of 100% of billed charges.",16581.35,,,,,,,Case Rate,". 105 percent of Medicaid DRG. Add-on payment, and lesser of 100% of billed charges. 105 percent of Medicaid DRG. Add-on payment, and lesser of 100% of billed charges.",16581.35,,,,,,,Case Rate,". 105 percent of Medicaid DRG. Add-on payment, and lesser of 100% of billed charges. 105 percent of Medicaid DRG. Add-on payment, and lesser of 100% of billed charges.",16581.35,,,,,,,Case Rate,". 105 percent of Medicaid DRG. Add-on payment, and lesser of 100% of billed charges. 105 percent of Medicaid DRG. Add-on payment, and lesser of 100% of billed charges.",16581.35,,,,,,,Case Rate,". 105 percent of Medicaid DRG. Add-on payment, and lesser of 100% of billed charges. 105 percent of Medicaid DRG. Add-on payment, and lesser of 100% of billed charges.",16581.35,,,,,,,Case Rate,". 105 percent of Medicaid DRG. Add-on payment, and lesser of 100% of billed charges. 105 percent of Medicaid DRG. Add-on payment, and lesser of 100% of billed charges.",16581.35,,,,,,,Case Rate,". 105 percent of Medicaid DRG. Add-on payment, and lesser of 100% of billed charges. 105 percent of Medicaid DRG. Add-on payment, and lesser of 100% of billed charges.",,,,,,,,,". 100 percent of Medicare DRG. Add-on payment,  . 100 percent of Medicare DRG. Add-on payment,  .",,,,,,,,,".  ",,,,,,,,,". 100 percent of Medicare DRG. Add-on payment,  . 100 percent of Medicare DRG. Add-on payment,  .",16581.35,,,,,,,Case Rate,". 105 percent of Medicaid DRG. Add-on payment, and lesser of 100% of billed charges. 105 percent of Medicaid DRG. Add-on payment, and lesser of 100% of billed charges.",,,,,,,,,".  ",,,,,,,,,". 100 percent of Medicare DRG. Add-on payment,  . 100 percent of Medicare DRG. Add-on payment,  .",,,,,,,,,".  ",,,,,,,,,".  ",,,,,,,,,".  ",16581.35,,,,,,,Case Rate,". 105 percent of Medicaid DRG. Add-on payment, and lesser of 100% of billed charges. 105 percent of Medicaid DRG. Add-on payment, and lesser of 100% of billed charges.",,,,,,,,,". 100 percent of Medicare DRG. Add-on payment,  . 100 percent of Medicare DRG. Add-on payment,  .",,,,,,,,,".  ",16581.35,,,,,,,Case Rate,". 105 percent of Medicaid DRG. Add-on payment, and lesser of 100% of billed charges. 105 percent of Medicaid DRG. Add-on payment, and lesser of 100% of billed charges.",,,,,,,,,".  ",,,,,,,,,". Delay in Discharge per diem $4,852 Delay in Discharge per diem $4,852",,,,,,,,,". 100 percent of Medicare DRG. Add-on payment, . 100 percent of Medicare DRG. Add-on payment, .",,,,,,,,," ",,,,,,,,," ",,,,,,,,," ",,,,,,,,," ",,,,,,,,," ",,,,,,,,," ",,,,,,,,," ",,,,,,,,," ",,,,,,,,," ",,,,,,,,," ",,,,,,,,," ",,,,,,,,," ",,,,,,,,,". 100 percent of Medicare DRG. Add-on payment,  . 100 percent of Medicare DRG. Add-on payment,  .",,,,,,,,," ",,,,,,,,,". 100 percent of Medicare DRG. Add-on payment,  . 100 percent of Medicare DRG. Add-on payment,  .",35531.47,,,,,,,Case Rate,". 225 percent of Medicaid DRG. Add-on payment, and lesser of 225% of billed charges. 225 percent of Medicaid DRG. Add-on payment, and lesser of 225% of billed charges.",15791.76,,,,,,,Case Rate,". 100 percent of Medicaid DRG. Add-on payment, and lesser of 100% of billed charges. 100 percent of Medicaid DRG. Add-on payment, and lesser of 100% of billed charges.",,,,,,,,,".  ",,,,,,,,,".  ",,,,,,,,,". 100 percent of Medicare DRG. Add-on payment,  . 100 percent of Medicare DRG. Add-on payment,  .",,,,,,,,," ",,,,,,,,,". 100 percent of Medicare DRG. Add-on payment,  . 100 percent of Medicare DRG. Add-on payment,  .",,,,,,,,,". 100 percent of Medicare DRG. Add-on payment,  . 100 percent of Medicare DRG. Add-on payment,  .",,,,,,,,,". GMLOS + 8 Outlier per Diem $6,968.00. Add-on payment, and lesser of 100% of billed charges. GMLOS + 8 Outlier per Diem $6,968.00. Add-on payment, and lesser of 100% of billed charges.",,,,,,,,,". 100 percent of Medicare DRG. Add-on payment,  . 100 percent of Medicare DRG. Add-on payment,  .",,,,,,,,,".  ",,,,,,,,,". 100 percent of Medicare DRG. Add-on payment,  . 100 percent of Medicare DRG. Add-on payment,  .",,,,,,,,,".  ",,,,,,,,,". GMLOS + 8 Outlier per Diem $6,968.00. Add-on payment, and lesser of 100% of billed charges. GMLOS + 8 Outlier per Diem $6,968.00. Add-on payment, and lesser of 100% of billed charges.",,,,,,,,,".  ",,,,,,,,,". 100 percent of Medicare DRG. Add-on payment,  . 100 percent of Medicare DRG. Add-on payment,  .",15791.76,,,,,,,Case Rate,". 100 percent of Medicaid DRG. Add-on payment, and lesser of 100% of billed charges. 100 percent of Medicaid DRG. Add-on payment, and lesser of 100% of billed charges.",,,,,,,,,". 100 percent of Medicare DRG. Add-on payment,  . 100 percent of Medicare DRG. Add-on payment,  .",,,,,,,,,".  ",,,,,,,,,".  ",15791.76,,,,,,,Case Rate,". 100 percent of Medicaid DRG. Add-on payment, and lesser of 100% of billed charges. 100 percent of Medicaid DRG. Add-on payment, and lesser of 100% of billed charges.",,,,,,,,,".  ",15791.76,,,,,,,Case Rate,". 100 percent of Medicaid DRG. Add-on payment, and lesser of 100% of billed charges. 100 percent of Medicaid DRG. Add-on payment, and lesser of 100% of billed charges.",15791.76,,,,,,,Case Rate,". 100 percent of Medicaid DRG. Add-on payment, and lesser of 100% of billed charges. 100 percent of Medicaid DRG. Add-on payment, and lesser of 100% of billed charges.",,,,,,,,,".  ",,,,,,,,,".  ",,,,,,,,,".  ",,,,,,,,,".  ",,,,,,,,,".  ",,,,,,,,,".  ",,,,,,,,,".  ",,,,,,,,," ",,,,,,,,," ",,,,,,,,," ",15791.76,,,,,,,Case Rate,". 100 percent of Medicaid DRG. Add-on payment, and lesser of 100% of billed charges. 100 percent of Medicaid DRG. Add-on payment, and lesser of 100% of billed charges.",,,,,,,,,".  ",,,,,,,,,".  ",,,,,,,,,". GMLOS + 8 Outlier per Diem $6,968.00. Add-on payment, and lesser of 100% of billed charges. GMLOS + 8 Outlier per Diem $6,968.00. Add-on payment, and lesser of 100% of billed charges.",,,,,,,,,".  ",,,,,,,,,". GMLOS + 8 Outlier per Diem $6,968.00. Add-on payment, and lesser of 100% of billed charges. GMLOS + 8 Outlier per Diem $6,968.00. Add-on payment, and lesser of 100% of billed charges.",,,,,,,,,".  ",,,,,,,,,".  ",,,,,,,,,".  ",,,,,,,,,".  ",,,,,,,,,".  ",,,,,,,,,". 100 percent of Medicare DRG. Add-on payment,  . 100 percent of Medicare DRG. Add-on payment,  .",11035.23,45796.11,
APR113-4,DRG,,,,,APR113-4 INFECTIONS OF UPPER RESPIRATORY TRACT,,,Inpatient,,,,,,,,,,,,".  ",,,,,,,,,".  ",,,,,,,,,". GMLOS + 8 Outlier per Diem $6,968.00. Add-on payment, and lesser of 100% of billed charges. GMLOS + 8 Outlier per Diem $6,968.00. Add-on payment, and lesser of 100% of billed charges.",,100,,,,,0,Percent of total billed charges,100 percent of charges.  ; No services were performed during the 15 month look back period.,,,,,,,,,". 100 percent of Medicare DRG. Add-on payment,  . 100 percent of Medicare DRG. Add-on payment,  .",,,,,,,,,". GMLOS + 8 Outlier per Diem $6,968.00. Add-on payment, and lesser of 100% of billed charges. GMLOS + 8 Outlier per Diem $6,968.00. Add-on payment, and lesser of 100% of billed charges.",,,,,,,,,". GMLOS + 8 Outlier per Diem $6,968.00. Add-on payment, and lesser of 100% of billed charges. GMLOS + 8 Outlier per Diem $6,968.00. Add-on payment, and lesser of 100% of billed charges.",,,,,,,,,". GMLOS + 8 Outlier per Diem $6,968.00. Add-on payment, and lesser of 100% of billed charges. GMLOS + 8 Outlier per Diem $6,968.00. Add-on payment, and lesser of 100% of billed charges.",38371.72,,,,,,,Case Rate,". 155 percent of Medicaid DRG. Add-on payment, and lesser of 100% of billed charges. 155 percent of Medicaid DRG. Add-on payment, and lesser of 100% of billed charges.",24755.95,,,,,,,Case Rate,". 100 percent of Medicaid DRG. Add-on payment, and lesser of 100% of billed charges. 100 percent of Medicaid DRG. Add-on payment, and lesser of 100% of billed charges.",,73,,,,,0,Percent of total billed charges,73 percent of charges.  ; No services were performed during the 15 month look back period.,,,,,,,,,".  ",24755.95,,,,,,,Case Rate,". 100 percent of Medicaid DRG. Add-on payment, and lesser of 100% of billed charges. 100 percent of Medicaid DRG. Add-on payment, and lesser of 100% of billed charges.",,,,,,,,,". 100 percent of Medicare DRG. Add-on payment,  . 100 percent of Medicare DRG. Add-on payment,  .",,,,,,,,,".  ",,,,,,,,,".  ",,,,,,,,,".  ",,,,,,,,,".  ",24755.95,,,,,,,Case Rate,". 100 percent of Medicaid DRG. Add-on payment, and lesser of 100% of billed charges. 100 percent of Medicaid DRG. Add-on payment, and lesser of 100% of billed charges.",,,,,,,,,". 100 percent of Medicare DRG. Add-on payment,  . 100 percent of Medicare DRG. Add-on payment,  .",24755.95,,,,,,,Case Rate,". 100 percent of Medicaid DRG. Add-on payment, and lesser of 100% of billed charges. 100 percent of Medicaid DRG. Add-on payment, and lesser of 100% of billed charges.",,73,,,,,0,Percent of total billed charges,73 percent of charges.  ; No services were performed during the 15 month look back period.,,,,,,,,,". GMLOS + 8 Outlier per Diem $6,968.00. Add-on payment, and lesser of 100% of billed charges. GMLOS + 8 Outlier per Diem $6,968.00. Add-on payment, and lesser of 100% of billed charges.",,,,,,,,,". 100 percent of Medicare DRG. Add-on payment, and lesser of 100% of billed charges. 100 percent of Medicare DRG. Add-on payment, and lesser of 100% of billed charges.",,,,,,,,," ",,,,,,,,,". 100 percent of Medicare DRG. Add-on payment, and lesser of 100% of billed charges. 100 percent of Medicare DRG. Add-on payment, and lesser of 100% of billed charges.",,,,,,,,,". 100 percent of Medicare DRG. Add-on payment, and lesser of 100% of billed charges. 100 percent of Medicare DRG. Add-on payment, and lesser of 100% of billed charges.",,73,,,,,0,Percent of total billed charges,73 percent of charges.  ; No services were performed during the 15 month look back period.,24755.95,,,,,,,Case Rate,". 100 percent of Medicaid DRG. Add-on payment, and lesser of 100% of billed charges. 100 percent of Medicaid DRG. Add-on payment, and lesser of 100% of billed charges.",24755.95,,,,,,,Case Rate,". 100 percent of Medicaid DRG. Add-on payment, and lesser of 100% of billed charges. 100 percent of Medicaid DRG. Add-on payment, and lesser of 100% of billed charges.",24755.95,,,,,,,Case Rate,". 100 percent of Medicaid DRG. Add-on payment, and lesser of 100% of billed charges. 100 percent of Medicaid DRG. Add-on payment, and lesser of 100% of billed charges.",24755.95,,,,,,,Case Rate,". 100 percent of Medicaid DRG. Add-on payment, and lesser of 100% of billed charges. 100 percent of Medicaid DRG. Add-on payment, and lesser of 100% of billed charges.",,,,,,,,," ",,,,,,,,," ",24755.95,,,,,,,Case Rate,". 100 percent of Medicaid DRG. Add-on payment, and lesser of 100% of billed charges. 100 percent of Medicaid DRG. Add-on payment, and lesser of 100% of billed charges.",,,,,,,,," ",24755.95,,,,,,,Case Rate,". 100 percent of Medicaid DRG. Add-on payment, and lesser of 100% of billed charges. 100 percent of Medicaid DRG. Add-on payment, and lesser of 100% of billed charges.",,,,,,,,,". 100 percent of Medicare DRG. Add-on payment, . 100 percent of Medicare DRG. Add-on payment, .",,,,,,,,," ",,73,,,,,0,Percent of total billed charges,73 percent of charges.  ; No services were performed during the 15 month look back period.,24755.95,,,,,,,Case Rate,". 100 percent of Medicaid DRG. Add-on payment, and lesser of 100% of billed charges. 100 percent of Medicaid DRG. Add-on payment, and lesser of 100% of billed charges.",24755.95,,,,,,,Case Rate,". 100 percent of Medicaid DRG. Add-on payment, and lesser of 100% of billed charges. 100 percent of Medicaid DRG. Add-on payment, and lesser of 100% of billed charges.",,73,,,,,0,Percent of total billed charges,73 percent of charges.  ; No services were performed during the 15 month look back period.,,,,,,,,,".  ",,,,,,,,,".  ",,,,,,,,,".  ",,73,,,,,0,Percent of total billed charges,73 percent of charges.  ; No services were performed during the 15 month look back period.,,,,,,,,,". 100 percent of Medicare DRG. Add-on payment,  . 100 percent of Medicare DRG. Add-on payment,  .",,,,,,,,,".  ",,,,,,,,,".  ",,,,,,,,,".  ",,,,,,,,,". 100 percent of Medicare DRG. Add-on payment,  . 100 percent of Medicare DRG. Add-on payment,  .",,,,,,,,,".  ",,,,,,,,,".  ",,,,,,,,,". 100 percent of Medicare DRG. Add-on payment, and lesser of 100% of billed charges. 100 percent of Medicare DRG. Add-on payment, and lesser of 100% of billed charges.",,,,,,,,,".  ",,,,,,,,,".  ",,,,,,,,,".  ",,,,,,,,,".  ",,,,,,,,,".  ",,,,,,,,,".  ",,,,,,,,,".  ",,,,,,,,,". 100 percent of Medicare DRG. Add-on payment,  . 100 percent of Medicare DRG. Add-on payment,  .",,,,,,,,,". 100 percent of Medicare DRG. Add-on payment,  . 100 percent of Medicare DRG. Add-on payment,  .",,,,,,,,,".  ",,73,,,,,0,Percent of total billed charges,73 percent of charges.  ; No services were performed during the 15 month look back period.,,73,,,,,0,Percent of total billed charges,73 percent of charges.  ; No services were performed during the 15 month look back period.,,73,,,,,0,Percent of total billed charges,73 percent of charges.  ; No services were performed during the 15 month look back period.,,73,,,,,0,Percent of total billed charges,73 percent of charges.  ; No services were performed during the 15 month look back period.,,73,,,,,0,Percent of total billed charges,73 percent of charges.  ; No services were performed during the 15 month look back period.,,73,,,,,0,Percent of total billed charges,73 percent of charges.  ; No services were performed during the 15 month look back period.,,73,,,,,0,Percent of total billed charges,73 percent of charges.  ; No services were performed during the 15 month look back period.,,73,,,,,0,Percent of total billed charges,73 percent of charges.  ; No services were performed during the 15 month look back period.,,73,,,,,0,Percent of total billed charges,73 percent of charges.  ; No services were performed during the 15 month look back period.,,73,,,,,0,Percent of total billed charges,73 percent of charges.  ; No services were performed during the 15 month look back period.,,73,,,,,0,Percent of total billed charges,73 percent of charges.  ; No services were performed during the 15 month look back period.,,73,,,,,0,Percent of total billed charges,73 percent of charges.  ; No services were performed during the 15 month look back period.,,73,,,,,0,Percent of total billed charges,73 percent of charges.  ; No services were performed during the 15 month look back period.,,73,,,,,0,Percent of total billed charges,73 percent of charges.  ; No services were performed during the 15 month look back period.,,73,,,,,0,Percent of total billed charges,73 percent of charges.  ; No services were performed during the 15 month look back period.,,73,,,,,0,Percent of total billed charges,73 percent of charges.  ; No services were performed during the 15 month look back period.,,73,,,,,0,Percent of total billed charges,73 percent of charges.  ; No services were performed during the 15 month look back period.,,73,,,,,0,Percent of total billed charges,73 percent of charges.  ; No services were performed during the 15 month look back period.,,73,,,,,0,Percent of total billed charges,73 percent of charges.  ; No services were performed during the 15 month look back period.,,73,,,,,0,Percent of total billed charges,73 percent of charges.  ; No services were performed during the 15 month look back period.,,73,,,,,0,Percent of total billed charges,73 percent of charges.  ; No services were performed during the 15 month look back period.,,73,,,,,0,Percent of total billed charges,73 percent of charges.  ; No services were performed during the 15 month look back period.,,73,,,,,0,Percent of total billed charges,73 percent of charges.  ; No services were performed during the 15 month look back period.,,73,,,,,0,Percent of total billed charges,73 percent of charges.  ; No services were performed during the 15 month look back period.,,73,,,,,0,Percent of total billed charges,73 percent of charges.  ; No services were performed during the 15 month look back period.,,73,,,,,0,Percent of total billed charges,73 percent of charges.  ; No services were performed during the 15 month look back period.,,,,,,,,," ",,,,,,,,," ",,,,,,,,," ",,,,,,,,," ",,,,,,,,," ",,,,,,,,," ",,,,,,,,,".  ",,,,,,,,,".  ",,,,,,,,,".  ",,,,,,,,,".  ",,73,,,,,0,Percent of total billed charges,73 percent of charges.  ; No services were performed during the 15 month look back period.,,,,,,,,," ",,,,,,,,,".  ",,,,,,,,,".  ",,,,,,,,,".  ",,,,,,,,," ",,73,,,,,0,Percent of total billed charges,73 percent of charges.  ; No services were performed during the 15 month look back period.,24755.95,,,,,,,Case Rate,". 100 percent of Medicaid DRG. Add-on payment, and lesser of 100% of billed charges. 100 percent of Medicaid DRG. Add-on payment, and lesser of 100% of billed charges.",,,,,,,,," ",24755.95,,,,,,,Case Rate,". 100 percent of Medicaid DRG. Add-on payment, and lesser of 100% of billed charges. 100 percent of Medicaid DRG. Add-on payment, and lesser of 100% of billed charges.",,,,,,,,,". 100 percent of Medicare DRG. Add-on payment, . 100 percent of Medicare DRG. Add-on payment, .",,,,,,,,,". 100 percent of Medicare DRG. Add-on payment,  . 100 percent of Medicare DRG. Add-on payment,  .",,,,,,,,,".  ",,,,,,,,,". 100 percent of Medicare DRG. Add-on payment,  . 100 percent of Medicare DRG. Add-on payment,  .",,,,,,,,,". 100 percent of Medicare DRG. Add-on payment,  . 100 percent of Medicare DRG. Add-on payment,  .",24755.95,,,,,,,Case Rate,". 100 percent of Medicaid DRG. Add-on payment, and lesser of 100% of billed charges. 100 percent of Medicaid DRG. Add-on payment, and lesser of 100% of billed charges.",,,,,,,,,". 100 percent of Medicare DRG. Add-on payment,  . 100 percent of Medicare DRG. Add-on payment,  .",,,,,,,,,". 100 percent of Medicare DRG. Add-on payment,  . 100 percent of Medicare DRG. Add-on payment,  .",,,,,,,,,". GMLOS + 8 Outlier per Diem $6,968.00. Add-on payment, and lesser of 100% of billed charges. GMLOS + 8 Outlier per Diem $6,968.00. Add-on payment, and lesser of 100% of billed charges.",,,,,,,,,". GMLOS + 8 Outlier per Diem $6,968.00. Add-on payment, and lesser of 100% of billed charges. GMLOS + 8 Outlier per Diem $6,968.00. Add-on payment, and lesser of 100% of billed charges.",,,,,,,,,". 100 percent of Medicare DRG. Add-on payment,  . 100 percent of Medicare DRG. Add-on payment,  .",,,,,,,,,".  ",,,,,,,,,".  ",,,,,,,,,".  ",,,,,,,,,". 100 percent of Medicare DRG. Add-on payment,  . 100 percent of Medicare DRG. Add-on payment,  .",,,,,,,,,".  ",,,,,,,,,". GMLOS + 8 Outlier per Diem $6,968.00. Add-on payment, and lesser of 100% of billed charges. GMLOS + 8 Outlier per Diem $6,968.00. Add-on payment, and lesser of 100% of billed charges.",,,,,,,,,". GMLOS + 8 Outlier per Diem $6,968.00. Add-on payment, and lesser of 100% of billed charges. GMLOS + 8 Outlier per Diem $6,968.00. Add-on payment, and lesser of 100% of billed charges.",,,,,,,,,". GMLOS + 8 Outlier per Diem $6,968.00. Add-on payment, and lesser of 100% of billed charges. GMLOS + 8 Outlier per Diem $6,968.00. Add-on payment, and lesser of 100% of billed charges.",,73,,,,,0,Percent of total billed charges,73 percent of charges.  ; No services were performed during the 15 month look back period.,,73,,,,,0,Percent of total billed charges,73 percent of charges.  ; No services were performed during the 15 month look back period.,,73,,,,,0,Percent of total billed charges,73 percent of charges.  ; No services were performed during the 15 month look back period.,,73,,,,,0,Percent of total billed charges,73 percent of charges.  ; No services were performed during the 15 month look back period.,,73,,,,,0,Percent of total billed charges,73 percent of charges.  ; No services were performed during the 15 month look back period.,,73,,,,,0,Percent of total billed charges,73 percent of charges.  ; No services were performed during the 15 month look back period.,,73,,,,,0,Percent of total billed charges,73 percent of charges.  ; No services were performed during the 15 month look back period.,,73,,,,,0,Percent of total billed charges,73 percent of charges.  ; No services were performed during the 15 month look back period.,,73,,,,,0,Percent of total billed charges,73 percent of charges.  ; No services were performed during the 15 month look back period.,,73,,,,,0,Percent of total billed charges,73 percent of charges.  ; No services were performed during the 15 month look back period.,,73,,,,,0,Percent of total billed charges,73 percent of charges.  ; No services were performed during the 15 month look back period.,,,,,,,,," ",,,,,,,,,".  ",,,,,,,,,".  ",,,,,,,,,". 100 percent of Medicare DRG. Add-on payment,  . 100 percent of Medicare DRG. Add-on payment,  .",,,,,,,,,". GMLOS + 8 Outlier per Diem $6,968.00. Add-on payment, and lesser of 100% of billed charges. GMLOS + 8 Outlier per Diem $6,968.00. Add-on payment, and lesser of 100% of billed charges.",,,,,,,,,".  ",,,,,,,,,".  ",,73,,,,,0,Percent of total billed charges,73 percent of charges.  ; No services were performed during the 15 month look back period.,49511.89,,,,,,,Case Rate,". 200 percent of Medicaid DRG. Add-on payment, and lesser of 200% of billed charges. 200 percent of Medicaid DRG. Add-on payment, and lesser of 200% of billed charges.",,,,,,,,,".  ",24755.95,,,,,,,Case Rate,". 100 percent of Medicaid DRG. Add-on payment, and lesser of 100% of billed charges. 100 percent of Medicaid DRG. Add-on payment, and lesser of 100% of billed charges.",,,,,,,,,". 100 percent of Medicare DRG. Add-on payment,  . 100 percent of Medicare DRG. Add-on payment,  .",,,,,,,,,". 100 percent of Medicare DRG. Add-on payment,  . 100 percent of Medicare DRG. Add-on payment,  .",,,,,,,,,". 100 percent of Medicare DRG. Add-on payment,  . 100 percent of Medicare DRG. Add-on payment,  .",,,,,,,,,". 100 percent of Medicare DRG. Add-on payment,  . 100 percent of Medicare DRG. Add-on payment,  .",,,,,,,,,". 100 percent of Medicare DRG. Add-on payment,  . 100 percent of Medicare DRG. Add-on payment,  .",,,,,,,,,". 100 percent of Medicare DRG. Add-on payment,  . 100 percent of Medicare DRG. Add-on payment,  .",,,,,,,,,".  ",,,,,,,,,".  ",55700.88,,,,,,,Case Rate,". 225 percent of Medicaid DRG. Add-on payment, and lesser of 100% of billed charges. 225 percent of Medicaid DRG. Add-on payment, and lesser of 100% of billed charges.",55700.88,,,,,,,Case Rate,". 225 percent of Medicaid DRG. Add-on payment, and lesser of 100% of billed charges. 225 percent of Medicaid DRG. Add-on payment, and lesser of 100% of billed charges.",55700.88,,,,,,,Case Rate,". 225 percent of Medicaid DRG. Add-on payment, and lesser of 100% of billed charges. 225 percent of Medicaid DRG. Add-on payment, and lesser of 100% of billed charges.",55700.88,,,,,,,Case Rate,". 225 percent of Medicaid DRG. Add-on payment, and lesser of 100% of billed charges. 225 percent of Medicaid DRG. Add-on payment, and lesser of 100% of billed charges.",55700.88,,,,,,,Case Rate,". 225 percent of Medicaid DRG. Add-on payment, and lesser of 100% of billed charges. 225 percent of Medicaid DRG. Add-on payment, and lesser of 100% of billed charges.",,,,,,,,," ",,,,,,,,,".  ",,,,,,,,," ",,,,,,,,," ",,,,,,,,," ",,,,,,,,," ",,,,,,,,," ",,,,,,,,,". 100 percent of Medicare DRG. Add-on payment,  . 100 percent of Medicare DRG. Add-on payment,  .",,,,,,,,," ",,,,,,,,," ",,,,,,,,," ",,,,,,,,," ",,,,,,,,,". GMLOS + 8 Outlier per Diem $6,968.00. Add-on payment, and lesser of 100% of billed charges. GMLOS + 8 Outlier per Diem $6,968.00. Add-on payment, and lesser of 100% of billed charges.",,,,,,,,,". GMLOS + 8 Outlier per Diem $6,968.00. Add-on payment, and lesser of 100% of billed charges. GMLOS + 8 Outlier per Diem $6,968.00. Add-on payment, and lesser of 100% of billed charges.",,,,,,,,,". GMLOS + 8 Outlier per Diem $6,968.00. Add-on payment, and lesser of 100% of billed charges. GMLOS + 8 Outlier per Diem $6,968.00. Add-on payment, and lesser of 100% of billed charges.",,,,,,,,,". GMLOS + 8 Outlier per Diem $6,968.00. Add-on payment, and lesser of 100% of billed charges. GMLOS + 8 Outlier per Diem $6,968.00. Add-on payment, and lesser of 100% of billed charges.",,,,,,,,,".  ",,,,,,,,,".  ",,,,,,,,,". 100 percent of Medicare DRG. Add-on payment,  . 100 percent of Medicare DRG. Add-on payment,  .",,,,,,,,,". 100 percent of Medicare DRG. Add-on payment,  . 100 percent of Medicare DRG. Add-on payment,  .",,,,,,,,,". 100 percent of Medicare DRG. Add-on payment,  . 100 percent of Medicare DRG. Add-on payment,  .",,,,,,,,,".  ",,,,,,,,,".  ",,,,,,,,,".  ",,,,,,,,,".  ",,,,,,,,,". GMLOS + 8 Outlier per Diem $6,968.00. Add-on payment, and lesser of 100% of billed charges. GMLOS + 8 Outlier per Diem $6,968.00. Add-on payment, and lesser of 100% of billed charges.",,,,,,,,,". 100 percent of Medicare DRG. Add-on payment,  . 100 percent of Medicare DRG. Add-on payment,  .",,,,,,,,,".  ",24755.95,,,,,,,Case Rate,". 100 percent of Medicaid DRG. Add-on payment, and lesser of 100% of billed charges. 100 percent of Medicaid DRG. Add-on payment, and lesser of 100% of billed charges.",,,,,,,,,". 100 percent of Medicare DRG. Add-on payment, and lesser of 100% of billed charges. 100 percent of Medicare DRG. Add-on payment, and lesser of 100% of billed charges.",,,,,,,,,". 100 percent of Medicare DRG. Add-on payment, and lesser of 100% of billed charges. 100 percent of Medicare DRG. Add-on payment, and lesser of 100% of billed charges.",,,,,,,,,". 100 percent of Medicare DRG. Add-on payment, and lesser of 100% of billed charges. 100 percent of Medicare DRG. Add-on payment, and lesser of 100% of billed charges.",24755.95,,,,,,,Case Rate,". 100 percent of Medicaid DRG. Add-on payment, and lesser of 100% of billed charges. 100 percent of Medicaid DRG. Add-on payment, and lesser of 100% of billed charges.",55700.88,,,,,,,Case Rate,". 225 percent of Medicaid DRG. Add-on payment, and lesser of 225% of billed charges. 225 percent of Medicaid DRG. Add-on payment, and lesser of 225% of billed charges.",55700.88,,,,,,,Case Rate,". 225 percent of Medicaid DRG. Add-on payment, and lesser of 225% of billed charges. 225 percent of Medicaid DRG. Add-on payment, and lesser of 225% of billed charges.",55700.88,,,,,,,Case Rate,". 225 percent of Medicaid DRG. Add-on payment, and lesser of 225% of billed charges. 225 percent of Medicaid DRG. Add-on payment, and lesser of 225% of billed charges.",55700.88,,,,,,,Case Rate,". 225 percent of Medicaid DRG. Add-on payment, and lesser of 225% of billed charges. 225 percent of Medicaid DRG. Add-on payment, and lesser of 225% of billed charges.",55700.88,,,,,,,Case Rate,". 225 percent of Medicaid DRG. Add-on payment, and lesser of 225% of billed charges. 225 percent of Medicaid DRG. Add-on payment, and lesser of 225% of billed charges.",,,,,,,,,". 100 percent of Medicare DRG. Add-on payment, and lesser of 100% of billed charges. 100 percent of Medicare DRG. Add-on payment, and lesser of 100% of billed charges.",24755.95,,,,,,,Case Rate,". 100 percent of Medicaid DRG. Add-on payment, and lesser of 100% of billed charges. 100 percent of Medicaid DRG. Add-on payment, and lesser of 100% of billed charges.",24755.95,,,,,,,Case Rate,". 100 percent of Medicaid DRG. Add-on payment, and lesser of 100% of billed charges. 100 percent of Medicaid DRG. Add-on payment, and lesser of 100% of billed charges.",55700.88,,,,,,,Case Rate,". 225 percent of Medicaid DRG. Add-on payment, and lesser of 225% of billed charges. 225 percent of Medicaid DRG. Add-on payment, and lesser of 225% of billed charges.",55700.88,,,,,,,Case Rate,". 225 percent of Medicaid DRG. Add-on payment, and lesser of 225% of billed charges. 225 percent of Medicaid DRG. Add-on payment, and lesser of 225% of billed charges.",24755.95,,,,,,,Case Rate,". 100 percent of Medicaid DRG. Add-on payment, and lesser of 100% of billed charges. 100 percent of Medicaid DRG. Add-on payment, and lesser of 100% of billed charges.",24755.95,,,,,,,Case Rate,". 100 percent of Medicaid DRG. Add-on payment, and lesser of 100% of billed charges. 100 percent of Medicaid DRG. Add-on payment, and lesser of 100% of billed charges.",55700.88,,,,,,,Case Rate,". 225 percent of Medicaid DRG. Add-on payment, and lesser of 100% of billed charges. 225 percent of Medicaid DRG. Add-on payment, and lesser of 100% of billed charges.",,,,,,,,,". 100 percent of Medicare DRG. Add-on payment,  . 100 percent of Medicare DRG. Add-on payment,  .",,,,,,,,,". 100 percent of Medicare DRG. Add-on payment,  . 100 percent of Medicare DRG. Add-on payment,  .",,,,,,,,,". GMLOS + 8 Outlier per Diem $6,968.00. Add-on payment, and lesser of 100% of billed charges. GMLOS + 8 Outlier per Diem $6,968.00. Add-on payment, and lesser of 100% of billed charges.",,,,,,,,,". 100 percent of Medicare DRG. Add-on payment,  . 100 percent of Medicare DRG. Add-on payment,  .",55700.88,,,,,,,Case Rate,". 225 percent of Medicaid DRG. Add-on payment, and lesser of 225% of billed charges. 225 percent of Medicaid DRG. Add-on payment, and lesser of 225% of billed charges.",55700.88,,,,,,,Case Rate,". 225 percent of Medicaid DRG. Add-on payment, and lesser of 225% of billed charges. 225 percent of Medicaid DRG. Add-on payment, and lesser of 225% of billed charges.",24755.95,,,,,,,Case Rate,". 100 percent of Medicaid DRG. Add-on payment, and lesser of 100% of billed charges. 100 percent of Medicaid DRG. Add-on payment, and lesser of 100% of billed charges.",24755.95,,,,,,,Case Rate,". 100 percent of Medicaid DRG. Add-on payment, and lesser of 100% of billed charges. 100 percent of Medicaid DRG. Add-on payment, and lesser of 100% of billed charges.",40434.98,,,,,,,Case Rate,". 225 percent of Medicaid DRG. Add-on payment, and lesser of 225% of billed charges. 225 percent of Medicaid DRG. Add-on payment, and lesser of 225% of billed charges.",24755.95,,,,,,,Case Rate,". 100 percent of Medicaid DRG. Add-on payment, and lesser of 100% of billed charges. 100 percent of Medicaid DRG. Add-on payment, and lesser of 100% of billed charges.",71792.25,,,,,,,Case Rate,". 290 percent of Medicaid DRG. Add-on payment, and lesser of 100% of billed charges. 290 percent of Medicaid DRG. Add-on payment, and lesser of 100% of billed charges.",71792.25,,,,,,,Case Rate,". 290 percent of Medicaid DRG. Add-on payment, and lesser of 100% of billed charges. 290 percent of Medicaid DRG. Add-on payment, and lesser of 100% of billed charges.",71792.25,,,,,,,Case Rate,". 290 percent of Medicaid DRG. Add-on payment, and lesser of 100% of billed charges. 290 percent of Medicaid DRG. Add-on payment, and lesser of 100% of billed charges.",71792.25,,,,,,,Case Rate,". 290 percent of Medicaid DRG. Add-on payment, and lesser of 100% of billed charges. 290 percent of Medicaid DRG. Add-on payment, and lesser of 100% of billed charges.",,,,,,,,," ",,,,,,,,,".  ",33420.53,,,,,,,Case Rate,"135% of Medicaid EP 1 and 2, 100% of medicaid EP 3 and 4.  ",33420.53,,,,,,,Case Rate,"135% of Medicaid EP 1 and 2, 100% of medicaid EP 3 and 4.  ",24755.95,,,,,,,Case Rate,". 100 percent of Medicaid DRG. Add-on payment, and lesser of 100% of billed charges. 100 percent of Medicaid DRG. Add-on payment, and lesser of 100% of billed charges.",24755.95,,,,,,,Case Rate,". 100 percent of Medicaid DRG. Add-on payment, and lesser of 100% of billed charges. 100 percent of Medicaid DRG. Add-on payment, and lesser of 100% of billed charges.",,,,,,,,,".  ",,,,,,,,,".  ",,,,,,,,,". 100 percent of Medicare DRG. Add-on payment,  . 100 percent of Medicare DRG. Add-on payment,  .",,,,,,,,,".  ",,,,,,,,,".  ",,,,,,,,,".  ",,,,,,,,,".  ",,,,,,,,,". 100 percent of Medicare DRG. Add-on payment,  . 100 percent of Medicare DRG. Add-on payment,  .",,,,,,,,,".  ",,,,,,,,,".  ",,,,,,,,,". GMLOS + 8 Outlier per Diem $6,968.00. Add-on payment, and lesser of 100% of billed charges. GMLOS + 8 Outlier per Diem $6,968.00. Add-on payment, and lesser of 100% of billed charges.",24755.95,,,,,,,Case Rate,". 100 percent of Medicaid DRG. Add-on payment, and lesser of 100% of billed charges. 100 percent of Medicaid DRG. Add-on payment, and lesser of 100% of billed charges.",24755.95,,,,,,,Case Rate,". 100 percent of Medicaid DRG. Add-on payment, and lesser of 100% of billed charges. 100 percent of Medicaid DRG. Add-on payment, and lesser of 100% of billed charges.",55700.88,,,,,,,Case Rate,". 225 percent of Medicaid DRG. Add-on payment, and lesser of 225% of billed charges. 225 percent of Medicaid DRG. Add-on payment, and lesser of 225% of billed charges.",40434.98,,,,,,,Case Rate,". 225 percent of Medicaid DRG. Add-on payment, and lesser of 225% of billed charges. 225 percent of Medicaid DRG. Add-on payment, and lesser of 225% of billed charges.",24755.95,,,,,,,Case Rate,". 100 percent of Medicaid DRG. Add-on payment, and lesser of 100% of billed charges. 100 percent of Medicaid DRG. Add-on payment, and lesser of 100% of billed charges.",55700.88,,,,,,,Case Rate,". 225 percent of Medicaid DRG. Add-on payment, and lesser of 225% of billed charges. 225 percent of Medicaid DRG. Add-on payment, and lesser of 225% of billed charges.",55700.88,,,,,,,Case Rate,". 225 percent of Medicaid DRG. Add-on payment, and lesser of 225% of billed charges. 225 percent of Medicaid DRG. Add-on payment, and lesser of 225% of billed charges.",55700.88,,,,,,,Case Rate,". 225 percent of Medicaid DRG. Add-on payment, and lesser of 225% of billed charges. 225 percent of Medicaid DRG. Add-on payment, and lesser of 225% of billed charges.",55700.88,,,,,,,Case Rate,". 225 percent of Medicaid DRG. Add-on payment, and lesser of 225% of billed charges. 225 percent of Medicaid DRG. Add-on payment, and lesser of 225% of billed charges.",55700.88,,,,,,,Case Rate,". 225 percent of Medicaid DRG. Add-on payment, and lesser of 225% of billed charges. 225 percent of Medicaid DRG. Add-on payment, and lesser of 225% of billed charges.",55700.88,,,,,,,Case Rate,". 225 percent of Medicaid DRG. Add-on payment, and lesser of 225% of billed charges. 225 percent of Medicaid DRG. Add-on payment, and lesser of 225% of billed charges.",,,,,,,,," ",,,,,,,,," ",,,,,,,,," ",,,,,,,,,".  ",,,,,,,,," ",,,,,,,,,". 100 percent of Medicare DRG. Add-on payment,  . 100 percent of Medicare DRG. Add-on payment,  .",,,,,,,,,".  ",,,,,,,,,". 100 percent of Medicare DRG. Add-on payment,  . 100 percent of Medicare DRG. Add-on payment,  .",,,,,,,,,". 100 percent of Medicare DRG. Add-on payment,  . 100 percent of Medicare DRG. Add-on payment,  .",33420.53,,,,,,,Case Rate,"135% of Medicaid EP 1 and 2, 100% of medicaid EP 3 and 4.  ",33420.53,,,,,,,Case Rate,"135% of Medicaid EP 1 and 2, 100% of medicaid EP 3 and 4.  ",24755.95,,,,,,,Case Rate,". 100 percent of Medicaid DRG. Add-on payment, and lesser of 100% of billed charges. 100 percent of Medicaid DRG. Add-on payment, and lesser of 100% of billed charges.",24755.95,,,,,,,Case Rate,". 100 percent of Medicaid DRG. Add-on payment, and lesser of 100% of billed charges. 100 percent of Medicaid DRG. Add-on payment, and lesser of 100% of billed charges.",24755.95,,,,,,,Case Rate,". 100 percent of Medicaid DRG. Add-on payment, and lesser of 100% of billed charges. 100 percent of Medicaid DRG. Add-on payment, and lesser of 100% of billed charges.",,,,,,,,," ",,,,,,,,,". GMLOS + 8 Outlier per Diem $6,968.00. Add-on payment, and lesser of 100% of billed charges. GMLOS + 8 Outlier per Diem $6,968.00. Add-on payment, and lesser of 100% of billed charges.",,,,,,,,," ",,,,,,,,,".  ",,,,,,,,,". 100 percent of Medicare DRG. Add-on payment, . 100 percent of Medicare DRG. Add-on payment, .",,,,,,,,,". 100 percent of Medicare DRG. Add-on payment,  . 100 percent of Medicare DRG. Add-on payment,  .",,,,,,,,,". 100 percent of Medicare DRG. Add-on payment,  . 100 percent of Medicare DRG. Add-on payment,  .",,,,,,,,,". 100 percent of Medicare DRG. Add-on payment,  . 100 percent of Medicare DRG. Add-on payment,  .",,,,,,,,,". 100 percent of Medicare DRG. Add-on payment, . 100 percent of Medicare DRG. Add-on payment, .",,,,,,,,,". 100 percent of Medicare DRG. Add-on payment,  . 100 percent of Medicare DRG. Add-on payment,  .",,,,,,,,," ",55700.88,,,,,,,Case Rate,". 225 percent of Medicaid DRG. Add-on payment, and lesser of 225% of billed charges. 225 percent of Medicaid DRG. Add-on payment, and lesser of 225% of billed charges.",24755.95,,,,,,,Case Rate,". 100 percent of Medicaid DRG. Add-on payment, and lesser of 100% of billed charges. 100 percent of Medicaid DRG. Add-on payment, and lesser of 100% of billed charges.",,,,,,,,,".  ",,,,,,,,," ",,,,,,,,," ",,,,,,,,," ",,,,,,,,," ",,,,,,,,,". 100 percent of Medicare DRG. Add-on payment,  . 100 percent of Medicare DRG. Add-on payment,  .",24755.95,,,,,,,Case Rate,". 100 percent of Medicaid DRG. Add-on payment, and lesser of 100% of billed charges. 100 percent of Medicaid DRG. Add-on payment, and lesser of 100% of billed charges.",,,,,,,,,".  ",24755.95,,,,,,,Case Rate,". 100 percent of Medicaid DRG. Add-on payment, and lesser of 100% of billed charges. 100 percent of Medicaid DRG. Add-on payment, and lesser of 100% of billed charges.",,,,,,,,,". 100 percent of Medicare DRG. Add-on payment,  . 100 percent of Medicare DRG. Add-on payment,  .",24755.95,,,,,,,Case Rate,". 100 percent of Medicaid DRG. Add-on payment, and lesser of 100% of billed charges. 100 percent of Medicaid DRG. Add-on payment, and lesser of 100% of billed charges.",,,,,,,,,". 100 percent of Medicare DRG. Add-on payment,  . 100 percent of Medicare DRG. Add-on payment,  .",,,,,,,,,". 100 percent of Medicare DRG. Add-on payment,  . 100 percent of Medicare DRG. Add-on payment,  .",24755.95,,,,,,,Case Rate,". 100 percent of Medicaid DRG. Add-on payment, and lesser of 100% of billed charges. 100 percent of Medicaid DRG. Add-on payment, and lesser of 100% of billed charges.",24755.95,,,,,,,Case Rate,". 100 percent of Medicaid DRG. Add-on payment, and lesser of 100% of billed charges. 100 percent of Medicaid DRG. Add-on payment, and lesser of 100% of billed charges.",,,,,,,,," ",,,,,,,,,".  ",,73,,,,,0,Percent of total billed charges,73 percent of charges.  ; No services were performed during the 15 month look back period.,,,,,,,,,".  ",,,,,,,,,".  ",,,,,,,,,". GMLOS + 8 Outlier per Diem $6,968.00. Add-on payment, and lesser of 100% of billed charges. GMLOS + 8 Outlier per Diem $6,968.00. Add-on payment, and lesser of 100% of billed charges.",,,,,,,,,". 93 percent of Medicare DRG. Add-on payment, and lesser of 100% of billed charges. 93 percent of Medicare DRG. Add-on payment, and lesser of 100% of billed charges.",,,,,,,,," ",,,,,,,,," ",,,,,,,,,".  ",,,,,,,,,".  ",,,,,,,,,". 100 percent of Medicare DRG. Add-on payment,  . 100 percent of Medicare DRG. Add-on payment,  .",,,,,,,,,". 100 percent of Medicare DRG. Add-on payment,  . 100 percent of Medicare DRG. Add-on payment,  .",,,,,,,,,". 100 percent of Medicare DRG. Add-on payment,  . 100 percent of Medicare DRG. Add-on payment,  .",,,,,,,,,". 100 percent of Medicare DRG. Add-on payment,  . 100 percent of Medicare DRG. Add-on payment,  .",,,,,,,,,".  ",,,,,,,,,".  ",,,,,,,,,".  ",,,,,,,,,". 100 percent of Medicare DRG. Add-on payment,  . 100 percent of Medicare DRG. Add-on payment,  .",,,,,,,,,".  ",,,,,,,,," ",24755.95,,,,,,,Case Rate,". 100 percent of Medicaid DRG. Add-on payment, and lesser of 100% of billed charges. 100 percent of Medicaid DRG. Add-on payment, and lesser of 100% of billed charges.",24755.95,,,,,,,Case Rate,". 100 percent of Medicaid DRG. Add-on payment, and lesser of 100% of billed charges. 100 percent of Medicaid DRG. Add-on payment, and lesser of 100% of billed charges.",,,,,,,,," ",,,,,,,,,".  ",,,,,,,,,".  ",,,,,,,,,".  ",,,,,,,,,".  ",,,,,,,,,". 100 percent of Medicare DRG. Add-on payment, . 100 percent of Medicare DRG. Add-on payment, .",25993.74,,,,,,,Case Rate,". 105 percent of Medicaid DRG. Add-on payment, and lesser of 100% of billed charges. 105 percent of Medicaid DRG. Add-on payment, and lesser of 100% of billed charges.",25993.74,,,,,,,Case Rate,". 105 percent of Medicaid DRG. Add-on payment, and lesser of 100% of billed charges. 105 percent of Medicaid DRG. Add-on payment, and lesser of 100% of billed charges.",25993.74,,,,,,,Case Rate,". 105 percent of Medicaid DRG. Add-on payment, and lesser of 100% of billed charges. 105 percent of Medicaid DRG. Add-on payment, and lesser of 100% of billed charges.",25993.74,,,,,,,Case Rate,". 105 percent of Medicaid DRG. Add-on payment, and lesser of 100% of billed charges. 105 percent of Medicaid DRG. Add-on payment, and lesser of 100% of billed charges.",,,,,,,,,".  ",25993.74,,,,,,,Case Rate,". 105 percent of Medicaid DRG. Add-on payment, and lesser of 100% of billed charges. 105 percent of Medicaid DRG. Add-on payment, and lesser of 100% of billed charges.",25993.74,,,,,,,Case Rate,". 105 percent of Medicaid DRG. Add-on payment, and lesser of 100% of billed charges. 105 percent of Medicaid DRG. Add-on payment, and lesser of 100% of billed charges.",25993.74,,,,,,,Case Rate,". 105 percent of Medicaid DRG. Add-on payment, and lesser of 100% of billed charges. 105 percent of Medicaid DRG. Add-on payment, and lesser of 100% of billed charges.",25993.74,,,,,,,Case Rate,". 105 percent of Medicaid DRG. Add-on payment, and lesser of 100% of billed charges. 105 percent of Medicaid DRG. Add-on payment, and lesser of 100% of billed charges.",25993.74,,,,,,,Case Rate,". 105 percent of Medicaid DRG. Add-on payment, and lesser of 100% of billed charges. 105 percent of Medicaid DRG. Add-on payment, and lesser of 100% of billed charges.",25993.74,,,,,,,Case Rate,". 105 percent of Medicaid DRG. Add-on payment, and lesser of 100% of billed charges. 105 percent of Medicaid DRG. Add-on payment, and lesser of 100% of billed charges.",25993.74,,,,,,,Case Rate,". 105 percent of Medicaid DRG. Add-on payment, and lesser of 100% of billed charges. 105 percent of Medicaid DRG. Add-on payment, and lesser of 100% of billed charges.",,,,,,,,,". 100 percent of Medicare DRG. Add-on payment,  . 100 percent of Medicare DRG. Add-on payment,  .",,,,,,,,,".  ",,,,,,,,,". 100 percent of Medicare DRG. Add-on payment,  . 100 percent of Medicare DRG. Add-on payment,  .",25993.74,,,,,,,Case Rate,". 105 percent of Medicaid DRG. Add-on payment, and lesser of 100% of billed charges. 105 percent of Medicaid DRG. Add-on payment, and lesser of 100% of billed charges.",,,,,,,,,".  ",,,,,,,,,". 100 percent of Medicare DRG. Add-on payment,  . 100 percent of Medicare DRG. Add-on payment,  .",,,,,,,,,".  ",,,,,,,,,".  ",,,,,,,,,".  ",25993.74,,,,,,,Case Rate,". 105 percent of Medicaid DRG. Add-on payment, and lesser of 100% of billed charges. 105 percent of Medicaid DRG. Add-on payment, and lesser of 100% of billed charges.",,,,,,,,,". 100 percent of Medicare DRG. Add-on payment,  . 100 percent of Medicare DRG. Add-on payment,  .",,,,,,,,,".  ",25993.74,,,,,,,Case Rate,". 105 percent of Medicaid DRG. Add-on payment, and lesser of 100% of billed charges. 105 percent of Medicaid DRG. Add-on payment, and lesser of 100% of billed charges.",,,,,,,,,".  ",,,,,,,,,". Delay in Discharge per diem $4,893 Delay in Discharge per diem $4,893",,,,,,,,,". 100 percent of Medicare DRG. Add-on payment, . 100 percent of Medicare DRG. Add-on payment, .",,,,,,,,," ",,,,,,,,," ",,,,,,,,," ",,,,,,,,," ",,,,,,,,," ",,,,,,,,," ",,,,,,,,," ",,,,,,,,," ",,,,,,,,," ",,,,,,,,," ",,,,,,,,," ",,,,,,,,," ",,,,,,,,,". 100 percent of Medicare DRG. Add-on payment,  . 100 percent of Medicare DRG. Add-on payment,  .",,,,,,,,," ",,,,,,,,,". 100 percent of Medicare DRG. Add-on payment,  . 100 percent of Medicare DRG. Add-on payment,  .",55700.88,,,,,,,Case Rate,". 225 percent of Medicaid DRG. Add-on payment, and lesser of 225% of billed charges. 225 percent of Medicaid DRG. Add-on payment, and lesser of 225% of billed charges.",24755.95,,,,,,,Case Rate,". 100 percent of Medicaid DRG. Add-on payment, and lesser of 100% of billed charges. 100 percent of Medicaid DRG. Add-on payment, and lesser of 100% of billed charges.",,,,,,,,,".  ",,,,,,,,,".  ",,,,,,,,,". 100 percent of Medicare DRG. Add-on payment,  . 100 percent of Medicare DRG. Add-on payment,  .",,,,,,,,," ",,,,,,,,,". 100 percent of Medicare DRG. Add-on payment,  . 100 percent of Medicare DRG. Add-on payment,  .",,,,,,,,,". 100 percent of Medicare DRG. Add-on payment,  . 100 percent of Medicare DRG. Add-on payment,  .",,,,,,,,,". GMLOS + 8 Outlier per Diem $6,968.00. Add-on payment, and lesser of 100% of billed charges. GMLOS + 8 Outlier per Diem $6,968.00. Add-on payment, and lesser of 100% of billed charges.",,,,,,,,,". 100 percent of Medicare DRG. Add-on payment,  . 100 percent of Medicare DRG. Add-on payment,  .",,,,,,,,,".  ",,,,,,,,,". 100 percent of Medicare DRG. Add-on payment,  . 100 percent of Medicare DRG. Add-on payment,  .",,,,,,,,,".  ",,,,,,,,,". GMLOS + 8 Outlier per Diem $6,968.00. Add-on payment, and lesser of 100% of billed charges. GMLOS + 8 Outlier per Diem $6,968.00. Add-on payment, and lesser of 100% of billed charges.",,,,,,,,,".  ",,,,,,,,,". 100 percent of Medicare DRG. Add-on payment,  . 100 percent of Medicare DRG. Add-on payment,  .",24755.95,,,,,,,Case Rate,". 100 percent of Medicaid DRG. Add-on payment, and lesser of 100% of billed charges. 100 percent of Medicaid DRG. Add-on payment, and lesser of 100% of billed charges.",,,,,,,,,". 100 percent of Medicare DRG. Add-on payment,  . 100 percent of Medicare DRG. Add-on payment,  .",,,,,,,,,".  ",,,,,,,,,".  ",24755.95,,,,,,,Case Rate,". 100 percent of Medicaid DRG. Add-on payment, and lesser of 100% of billed charges. 100 percent of Medicaid DRG. Add-on payment, and lesser of 100% of billed charges.",,,,,,,,,".  ",24755.95,,,,,,,Case Rate,". 100 percent of Medicaid DRG. Add-on payment, and lesser of 100% of billed charges. 100 percent of Medicaid DRG. Add-on payment, and lesser of 100% of billed charges.",24755.95,,,,,,,Case Rate,". 100 percent of Medicaid DRG. Add-on payment, and lesser of 100% of billed charges. 100 percent of Medicaid DRG. Add-on payment, and lesser of 100% of billed charges.",,,,,,,,,".  ",,,,,,,,,".  ",,,,,,,,,".  ",,,,,,,,,".  ",,,,,,,,,".  ",,,,,,,,,".  ",,,,,,,,,".  ",,,,,,,,," ",,,,,,,,," ",,,,,,,,," ",24755.95,,,,,,,Case Rate,". 100 percent of Medicaid DRG. Add-on payment, and lesser of 100% of billed charges. 100 percent of Medicaid DRG. Add-on payment, and lesser of 100% of billed charges.",,,,,,,,,".  ",,,,,,,,,".  ",,,,,,,,,". GMLOS + 8 Outlier per Diem $6,968.00. Add-on payment, and lesser of 100% of billed charges. GMLOS + 8 Outlier per Diem $6,968.00. Add-on payment, and lesser of 100% of billed charges.",,,,,,,,,".  ",,,,,,,,,". GMLOS + 8 Outlier per Diem $6,968.00. Add-on payment, and lesser of 100% of billed charges. GMLOS + 8 Outlier per Diem $6,968.00. Add-on payment, and lesser of 100% of billed charges.",,,,,,,,,".  ",,,,,,,,,".  ",,,,,,,,,".  ",,,,,,,,,".  ",,,,,,,,,".  ",,,,,,,,,". 100 percent of Medicare DRG. Add-on payment,  . 100 percent of Medicare DRG. Add-on payment,  .",17971.1,71792.25,
APR114-4,DRG,,,,,APR114-4 DENTAL & ORAL DISEASES & INJURIES,,,Inpatient,,,,,,,,,,,,".  ",,,,,,,,,".  ",,,,,,,,,". GMLOS + 8 Outlier per Diem $6,968.00. Add-on payment, and lesser of 100% of billed charges. GMLOS + 8 Outlier per Diem $6,968.00. Add-on payment, and lesser of 100% of billed charges.",,100,,,,,0,Percent of total billed charges,100 percent of charges.  ; No services were performed during the 15 month look back period.,,,,,,,,,". 100 percent of Medicare DRG. Add-on payment,  . 100 percent of Medicare DRG. Add-on payment,  .",,,,,,,,,". GMLOS + 8 Outlier per Diem $6,968.00. Add-on payment, and lesser of 100% of billed charges. GMLOS + 8 Outlier per Diem $6,968.00. Add-on payment, and lesser of 100% of billed charges.",,,,,,,,,". GMLOS + 8 Outlier per Diem $6,968.00. Add-on payment, and lesser of 100% of billed charges. GMLOS + 8 Outlier per Diem $6,968.00. Add-on payment, and lesser of 100% of billed charges.",,,,,,,,,". GMLOS + 8 Outlier per Diem $6,968.00. Add-on payment, and lesser of 100% of billed charges. GMLOS + 8 Outlier per Diem $6,968.00. Add-on payment, and lesser of 100% of billed charges.",44423.57,,,,,,,Case Rate,". 155 percent of Medicaid DRG. Add-on payment, and lesser of 100% of billed charges. 155 percent of Medicaid DRG. Add-on payment, and lesser of 100% of billed charges.",28660.36,,,,,,,Case Rate,". 100 percent of Medicaid DRG. Add-on payment, and lesser of 100% of billed charges. 100 percent of Medicaid DRG. Add-on payment, and lesser of 100% of billed charges.",,73,,,,,0,Percent of total billed charges,73 percent of charges.  ; No services were performed during the 15 month look back period.,,,,,,,,,".  ",28660.36,,,,,,,Case Rate,". 100 percent of Medicaid DRG. Add-on payment, and lesser of 100% of billed charges. 100 percent of Medicaid DRG. Add-on payment, and lesser of 100% of billed charges.",,,,,,,,,". 100 percent of Medicare DRG. Add-on payment,  . 100 percent of Medicare DRG. Add-on payment,  .",,,,,,,,,".  ",,,,,,,,,".  ",,,,,,,,,".  ",,,,,,,,,".  ",28660.36,,,,,,,Case Rate,". 100 percent of Medicaid DRG. Add-on payment, and lesser of 100% of billed charges. 100 percent of Medicaid DRG. Add-on payment, and lesser of 100% of billed charges.",,,,,,,,,". 100 percent of Medicare DRG. Add-on payment,  . 100 percent of Medicare DRG. Add-on payment,  .",28660.36,,,,,,,Case Rate,". 100 percent of Medicaid DRG. Add-on payment, and lesser of 100% of billed charges. 100 percent of Medicaid DRG. Add-on payment, and lesser of 100% of billed charges.",,73,,,,,0,Percent of total billed charges,73 percent of charges.  ; No services were performed during the 15 month look back period.,,,,,,,,,". GMLOS + 8 Outlier per Diem $6,968.00. Add-on payment, and lesser of 100% of billed charges. GMLOS + 8 Outlier per Diem $6,968.00. Add-on payment, and lesser of 100% of billed charges.",,,,,,,,,". 100 percent of Medicare DRG. Add-on payment, and lesser of 100% of billed charges. 100 percent of Medicare DRG. Add-on payment, and lesser of 100% of billed charges.",,,,,,,,," ",,,,,,,,,". 100 percent of Medicare DRG. Add-on payment, and lesser of 100% of billed charges. 100 percent of Medicare DRG. Add-on payment, and lesser of 100% of billed charges.",,,,,,,,,". 100 percent of Medicare DRG. Add-on payment, and lesser of 100% of billed charges. 100 percent of Medicare DRG. Add-on payment, and lesser of 100% of billed charges.",,73,,,,,0,Percent of total billed charges,73 percent of charges.  ; No services were performed during the 15 month look back period.,28660.36,,,,,,,Case Rate,". 100 percent of Medicaid DRG. Add-on payment, and lesser of 100% of billed charges. 100 percent of Medicaid DRG. Add-on payment, and lesser of 100% of billed charges.",28660.36,,,,,,,Case Rate,". 100 percent of Medicaid DRG. Add-on payment, and lesser of 100% of billed charges. 100 percent of Medicaid DRG. Add-on payment, and lesser of 100% of billed charges.",28660.36,,,,,,,Case Rate,". 100 percent of Medicaid DRG. Add-on payment, and lesser of 100% of billed charges. 100 percent of Medicaid DRG. Add-on payment, and lesser of 100% of billed charges.",28660.36,,,,,,,Case Rate,". 100 percent of Medicaid DRG. Add-on payment, and lesser of 100% of billed charges. 100 percent of Medicaid DRG. Add-on payment, and lesser of 100% of billed charges.",,,,,,,,," ",,,,,,,,," ",28660.36,,,,,,,Case Rate,". 100 percent of Medicaid DRG. Add-on payment, and lesser of 100% of billed charges. 100 percent of Medicaid DRG. Add-on payment, and lesser of 100% of billed charges.",,,,,,,,," ",28660.36,,,,,,,Case Rate,". 100 percent of Medicaid DRG. Add-on payment, and lesser of 100% of billed charges. 100 percent of Medicaid DRG. Add-on payment, and lesser of 100% of billed charges.",,,,,,,,,". 100 percent of Medicare DRG. Add-on payment, . 100 percent of Medicare DRG. Add-on payment, .",,,,,,,,," ",,73,,,,,0,Percent of total billed charges,73 percent of charges.  ; No services were performed during the 15 month look back period.,28660.36,,,,,,,Case Rate,". 100 percent of Medicaid DRG. Add-on payment, and lesser of 100% of billed charges. 100 percent of Medicaid DRG. Add-on payment, and lesser of 100% of billed charges.",28660.36,,,,,,,Case Rate,". 100 percent of Medicaid DRG. Add-on payment, and lesser of 100% of billed charges. 100 percent of Medicaid DRG. Add-on payment, and lesser of 100% of billed charges.",,73,,,,,0,Percent of total billed charges,73 percent of charges.  ; No services were performed during the 15 month look back period.,,,,,,,,,".  ",,,,,,,,,".  ",,,,,,,,,".  ",,73,,,,,0,Percent of total billed charges,73 percent of charges.  ; No services were performed during the 15 month look back period.,,,,,,,,,". 100 percent of Medicare DRG. Add-on payment,  . 100 percent of Medicare DRG. Add-on payment,  .",,,,,,,,,".  ",,,,,,,,,".  ",,,,,,,,,".  ",,,,,,,,,". 100 percent of Medicare DRG. Add-on payment,  . 100 percent of Medicare DRG. Add-on payment,  .",,,,,,,,,".  ",,,,,,,,,".  ",,,,,,,,,". 100 percent of Medicare DRG. Add-on payment, and lesser of 100% of billed charges. 100 percent of Medicare DRG. Add-on payment, and lesser of 100% of billed charges.",,,,,,,,,".  ",,,,,,,,,".  ",,,,,,,,,".  ",,,,,,,,,".  ",,,,,,,,,".  ",,,,,,,,,".  ",,,,,,,,,".  ",,,,,,,,,". 100 percent of Medicare DRG. Add-on payment,  . 100 percent of Medicare DRG. Add-on payment,  .",,,,,,,,,". 100 percent of Medicare DRG. Add-on payment,  . 100 percent of Medicare DRG. Add-on payment,  .",,,,,,,,,".  ",,73,,,,,0,Percent of total billed charges,73 percent of charges.  ; No services were performed during the 15 month look back period.,,73,,,,,0,Percent of total billed charges,73 percent of charges.  ; No services were performed during the 15 month look back period.,,73,,,,,0,Percent of total billed charges,73 percent of charges.  ; No services were performed during the 15 month look back period.,,73,,,,,0,Percent of total billed charges,73 percent of charges.  ; No services were performed during the 15 month look back period.,,73,,,,,0,Percent of total billed charges,73 percent of charges.  ; No services were performed during the 15 month look back period.,,73,,,,,0,Percent of total billed charges,73 percent of charges.  ; No services were performed during the 15 month look back period.,,73,,,,,0,Percent of total billed charges,73 percent of charges.  ; No services were performed during the 15 month look back period.,,73,,,,,0,Percent of total billed charges,73 percent of charges.  ; No services were performed during the 15 month look back period.,,73,,,,,0,Percent of total billed charges,73 percent of charges.  ; No services were performed during the 15 month look back period.,,73,,,,,0,Percent of total billed charges,73 percent of charges.  ; No services were performed during the 15 month look back period.,,73,,,,,0,Percent of total billed charges,73 percent of charges.  ; No services were performed during the 15 month look back period.,,73,,,,,0,Percent of total billed charges,73 percent of charges.  ; No services were performed during the 15 month look back period.,,73,,,,,0,Percent of total billed charges,73 percent of charges.  ; No services were performed during the 15 month look back period.,,73,,,,,0,Percent of total billed charges,73 percent of charges.  ; No services were performed during the 15 month look back period.,,73,,,,,0,Percent of total billed charges,73 percent of charges.  ; No services were performed during the 15 month look back period.,,73,,,,,0,Percent of total billed charges,73 percent of charges.  ; No services were performed during the 15 month look back period.,,73,,,,,0,Percent of total billed charges,73 percent of charges.  ; No services were performed during the 15 month look back period.,,73,,,,,0,Percent of total billed charges,73 percent of charges.  ; No services were performed during the 15 month look back period.,,73,,,,,0,Percent of total billed charges,73 percent of charges.  ; No services were performed during the 15 month look back period.,,73,,,,,0,Percent of total billed charges,73 percent of charges.  ; No services were performed during the 15 month look back period.,,73,,,,,0,Percent of total billed charges,73 percent of charges.  ; No services were performed during the 15 month look back period.,,73,,,,,0,Percent of total billed charges,73 percent of charges.  ; No services were performed during the 15 month look back period.,,73,,,,,0,Percent of total billed charges,73 percent of charges.  ; No services were performed during the 15 month look back period.,,73,,,,,0,Percent of total billed charges,73 percent of charges.  ; No services were performed during the 15 month look back period.,,73,,,,,0,Percent of total billed charges,73 percent of charges.  ; No services were performed during the 15 month look back period.,,73,,,,,0,Percent of total billed charges,73 percent of charges.  ; No services were performed during the 15 month look back period.,,,,,,,,," ",,,,,,,,," ",,,,,,,,," ",,,,,,,,," ",,,,,,,,," ",,,,,,,,," ",,,,,,,,,".  ",,,,,,,,,".  ",,,,,,,,,".  ",,,,,,,,,".  ",,73,,,,,0,Percent of total billed charges,73 percent of charges.  ; No services were performed during the 15 month look back period.,,,,,,,,," ",,,,,,,,,".  ",,,,,,,,,".  ",,,,,,,,,".  ",,,,,,,,," ",,73,,,,,0,Percent of total billed charges,73 percent of charges.  ; No services were performed during the 15 month look back period.,28660.36,,,,,,,Case Rate,". 100 percent of Medicaid DRG. Add-on payment, and lesser of 100% of billed charges. 100 percent of Medicaid DRG. Add-on payment, and lesser of 100% of billed charges.",,,,,,,,," ",28660.36,,,,,,,Case Rate,". 100 percent of Medicaid DRG. Add-on payment, and lesser of 100% of billed charges. 100 percent of Medicaid DRG. Add-on payment, and lesser of 100% of billed charges.",,,,,,,,,". 100 percent of Medicare DRG. Add-on payment, . 100 percent of Medicare DRG. Add-on payment, .",,,,,,,,,". 100 percent of Medicare DRG. Add-on payment,  . 100 percent of Medicare DRG. Add-on payment,  .",,,,,,,,,".  ",,,,,,,,,". 100 percent of Medicare DRG. Add-on payment,  . 100 percent of Medicare DRG. Add-on payment,  .",,,,,,,,,". 100 percent of Medicare DRG. Add-on payment,  . 100 percent of Medicare DRG. Add-on payment,  .",28660.36,,,,,,,Case Rate,". 100 percent of Medicaid DRG. Add-on payment, and lesser of 100% of billed charges. 100 percent of Medicaid DRG. Add-on payment, and lesser of 100% of billed charges.",,,,,,,,,". 100 percent of Medicare DRG. Add-on payment,  . 100 percent of Medicare DRG. Add-on payment,  .",,,,,,,,,". 100 percent of Medicare DRG. Add-on payment,  . 100 percent of Medicare DRG. Add-on payment,  .",,,,,,,,,". GMLOS + 8 Outlier per Diem $6,968.00. Add-on payment, and lesser of 100% of billed charges. GMLOS + 8 Outlier per Diem $6,968.00. Add-on payment, and lesser of 100% of billed charges.",,,,,,,,,". GMLOS + 8 Outlier per Diem $6,968.00. Add-on payment, and lesser of 100% of billed charges. GMLOS + 8 Outlier per Diem $6,968.00. Add-on payment, and lesser of 100% of billed charges.",,,,,,,,,". 100 percent of Medicare DRG. Add-on payment,  . 100 percent of Medicare DRG. Add-on payment,  .",,,,,,,,,".  ",,,,,,,,,".  ",,,,,,,,,".  ",,,,,,,,,". 100 percent of Medicare DRG. Add-on payment,  . 100 percent of Medicare DRG. Add-on payment,  .",,,,,,,,,".  ",,,,,,,,,". GMLOS + 8 Outlier per Diem $6,968.00. Add-on payment, and lesser of 100% of billed charges. GMLOS + 8 Outlier per Diem $6,968.00. Add-on payment, and lesser of 100% of billed charges.",,,,,,,,,". GMLOS + 8 Outlier per Diem $6,968.00. Add-on payment, and lesser of 100% of billed charges. GMLOS + 8 Outlier per Diem $6,968.00. Add-on payment, and lesser of 100% of billed charges.",,,,,,,,,". GMLOS + 8 Outlier per Diem $6,968.00. Add-on payment, and lesser of 100% of billed charges. GMLOS + 8 Outlier per Diem $6,968.00. Add-on payment, and lesser of 100% of billed charges.",,73,,,,,0,Percent of total billed charges,73 percent of charges.  ; No services were performed during the 15 month look back period.,,73,,,,,0,Percent of total billed charges,73 percent of charges.  ; No services were performed during the 15 month look back period.,,73,,,,,0,Percent of total billed charges,73 percent of charges.  ; No services were performed during the 15 month look back period.,,73,,,,,0,Percent of total billed charges,73 percent of charges.  ; No services were performed during the 15 month look back period.,,73,,,,,0,Percent of total billed charges,73 percent of charges.  ; No services were performed during the 15 month look back period.,,73,,,,,0,Percent of total billed charges,73 percent of charges.  ; No services were performed during the 15 month look back period.,,73,,,,,0,Percent of total billed charges,73 percent of charges.  ; No services were performed during the 15 month look back period.,,73,,,,,0,Percent of total billed charges,73 percent of charges.  ; No services were performed during the 15 month look back period.,,73,,,,,0,Percent of total billed charges,73 percent of charges.  ; No services were performed during the 15 month look back period.,,73,,,,,0,Percent of total billed charges,73 percent of charges.  ; No services were performed during the 15 month look back period.,,73,,,,,0,Percent of total billed charges,73 percent of charges.  ; No services were performed during the 15 month look back period.,,,,,,,,," ",,,,,,,,,".  ",,,,,,,,,".  ",,,,,,,,,". 100 percent of Medicare DRG. Add-on payment,  . 100 percent of Medicare DRG. Add-on payment,  .",,,,,,,,,". GMLOS + 8 Outlier per Diem $6,968.00. Add-on payment, and lesser of 100% of billed charges. GMLOS + 8 Outlier per Diem $6,968.00. Add-on payment, and lesser of 100% of billed charges.",,,,,,,,,".  ",,,,,,,,,".  ",,73,,,,,0,Percent of total billed charges,73 percent of charges.  ; No services were performed during the 15 month look back period.,57320.73,,,,,,,Case Rate,". 200 percent of Medicaid DRG. Add-on payment, and lesser of 200% of billed charges. 200 percent of Medicaid DRG. Add-on payment, and lesser of 200% of billed charges.",,,,,,,,,".  ",28660.36,,,,,,,Case Rate,". 100 percent of Medicaid DRG. Add-on payment, and lesser of 100% of billed charges. 100 percent of Medicaid DRG. Add-on payment, and lesser of 100% of billed charges.",,,,,,,,,". 100 percent of Medicare DRG. Add-on payment,  . 100 percent of Medicare DRG. Add-on payment,  .",,,,,,,,,". 100 percent of Medicare DRG. Add-on payment,  . 100 percent of Medicare DRG. Add-on payment,  .",,,,,,,,,". 100 percent of Medicare DRG. Add-on payment,  . 100 percent of Medicare DRG. Add-on payment,  .",,,,,,,,,". 100 percent of Medicare DRG. Add-on payment,  . 100 percent of Medicare DRG. Add-on payment,  .",,,,,,,,,". 100 percent of Medicare DRG. Add-on payment,  . 100 percent of Medicare DRG. Add-on payment,  .",,,,,,,,,". 100 percent of Medicare DRG. Add-on payment,  . 100 percent of Medicare DRG. Add-on payment,  .",,,,,,,,,".  ",,,,,,,,,".  ",64485.82,,,,,,,Case Rate,". 225 percent of Medicaid DRG. Add-on payment, and lesser of 100% of billed charges. 225 percent of Medicaid DRG. Add-on payment, and lesser of 100% of billed charges.",64485.82,,,,,,,Case Rate,". 225 percent of Medicaid DRG. Add-on payment, and lesser of 100% of billed charges. 225 percent of Medicaid DRG. Add-on payment, and lesser of 100% of billed charges.",64485.82,,,,,,,Case Rate,". 225 percent of Medicaid DRG. Add-on payment, and lesser of 100% of billed charges. 225 percent of Medicaid DRG. Add-on payment, and lesser of 100% of billed charges.",64485.82,,,,,,,Case Rate,". 225 percent of Medicaid DRG. Add-on payment, and lesser of 100% of billed charges. 225 percent of Medicaid DRG. Add-on payment, and lesser of 100% of billed charges.",64485.82,,,,,,,Case Rate,". 225 percent of Medicaid DRG. Add-on payment, and lesser of 100% of billed charges. 225 percent of Medicaid DRG. Add-on payment, and lesser of 100% of billed charges.",,,,,,,,," ",,,,,,,,,".  ",,,,,,,,," ",,,,,,,,," ",,,,,,,,," ",,,,,,,,," ",,,,,,,,," ",,,,,,,,,". 100 percent of Medicare DRG. Add-on payment,  . 100 percent of Medicare DRG. Add-on payment,  .",,,,,,,,," ",,,,,,,,," ",,,,,,,,," ",,,,,,,,," ",,,,,,,,,". GMLOS + 8 Outlier per Diem $6,968.00. Add-on payment, and lesser of 100% of billed charges. GMLOS + 8 Outlier per Diem $6,968.00. Add-on payment, and lesser of 100% of billed charges.",,,,,,,,,". GMLOS + 8 Outlier per Diem $6,968.00. Add-on payment, and lesser of 100% of billed charges. GMLOS + 8 Outlier per Diem $6,968.00. Add-on payment, and lesser of 100% of billed charges.",,,,,,,,,". GMLOS + 8 Outlier per Diem $6,968.00. Add-on payment, and lesser of 100% of billed charges. GMLOS + 8 Outlier per Diem $6,968.00. Add-on payment, and lesser of 100% of billed charges.",,,,,,,,,". GMLOS + 8 Outlier per Diem $6,968.00. Add-on payment, and lesser of 100% of billed charges. GMLOS + 8 Outlier per Diem $6,968.00. Add-on payment, and lesser of 100% of billed charges.",,,,,,,,,".  ",,,,,,,,,".  ",,,,,,,,,". 100 percent of Medicare DRG. Add-on payment,  . 100 percent of Medicare DRG. Add-on payment,  .",,,,,,,,,". 100 percent of Medicare DRG. Add-on payment,  . 100 percent of Medicare DRG. Add-on payment,  .",,,,,,,,,". 100 percent of Medicare DRG. Add-on payment,  . 100 percent of Medicare DRG. Add-on payment,  .",,,,,,,,,".  ",,,,,,,,,".  ",,,,,,,,,".  ",,,,,,,,,".  ",,,,,,,,,". GMLOS + 8 Outlier per Diem $6,968.00. Add-on payment, and lesser of 100% of billed charges. GMLOS + 8 Outlier per Diem $6,968.00. Add-on payment, and lesser of 100% of billed charges.",,,,,,,,,". 100 percent of Medicare DRG. Add-on payment,  . 100 percent of Medicare DRG. Add-on payment,  .",,,,,,,,,".  ",28660.36,,,,,,,Case Rate,". 100 percent of Medicaid DRG. Add-on payment, and lesser of 100% of billed charges. 100 percent of Medicaid DRG. Add-on payment, and lesser of 100% of billed charges.",,,,,,,,,". 100 percent of Medicare DRG. Add-on payment, and lesser of 100% of billed charges. 100 percent of Medicare DRG. Add-on payment, and lesser of 100% of billed charges.",,,,,,,,,". 100 percent of Medicare DRG. Add-on payment, and lesser of 100% of billed charges. 100 percent of Medicare DRG. Add-on payment, and lesser of 100% of billed charges.",,,,,,,,,". 100 percent of Medicare DRG. Add-on payment, and lesser of 100% of billed charges. 100 percent of Medicare DRG. Add-on payment, and lesser of 100% of billed charges.",28660.36,,,,,,,Case Rate,". 100 percent of Medicaid DRG. Add-on payment, and lesser of 100% of billed charges. 100 percent of Medicaid DRG. Add-on payment, and lesser of 100% of billed charges.",64485.82,,,,,,,Case Rate,". 225 percent of Medicaid DRG. Add-on payment, and lesser of 225% of billed charges. 225 percent of Medicaid DRG. Add-on payment, and lesser of 225% of billed charges.",64485.82,,,,,,,Case Rate,". 225 percent of Medicaid DRG. Add-on payment, and lesser of 225% of billed charges. 225 percent of Medicaid DRG. Add-on payment, and lesser of 225% of billed charges.",64485.82,,,,,,,Case Rate,". 225 percent of Medicaid DRG. Add-on payment, and lesser of 225% of billed charges. 225 percent of Medicaid DRG. Add-on payment, and lesser of 225% of billed charges.",64485.82,,,,,,,Case Rate,". 225 percent of Medicaid DRG. Add-on payment, and lesser of 225% of billed charges. 225 percent of Medicaid DRG. Add-on payment, and lesser of 225% of billed charges.",64485.82,,,,,,,Case Rate,". 225 percent of Medicaid DRG. Add-on payment, and lesser of 225% of billed charges. 225 percent of Medicaid DRG. Add-on payment, and lesser of 225% of billed charges.",,,,,,,,,". 100 percent of Medicare DRG. Add-on payment, and lesser of 100% of billed charges. 100 percent of Medicare DRG. Add-on payment, and lesser of 100% of billed charges.",28660.36,,,,,,,Case Rate,". 100 percent of Medicaid DRG. Add-on payment, and lesser of 100% of billed charges. 100 percent of Medicaid DRG. Add-on payment, and lesser of 100% of billed charges.",28660.36,,,,,,,Case Rate,". 100 percent of Medicaid DRG. Add-on payment, and lesser of 100% of billed charges. 100 percent of Medicaid DRG. Add-on payment, and lesser of 100% of billed charges.",64485.82,,,,,,,Case Rate,". 225 percent of Medicaid DRG. Add-on payment, and lesser of 225% of billed charges. 225 percent of Medicaid DRG. Add-on payment, and lesser of 225% of billed charges.",64485.82,,,,,,,Case Rate,". 225 percent of Medicaid DRG. Add-on payment, and lesser of 225% of billed charges. 225 percent of Medicaid DRG. Add-on payment, and lesser of 225% of billed charges.",28660.36,,,,,,,Case Rate,". 100 percent of Medicaid DRG. Add-on payment, and lesser of 100% of billed charges. 100 percent of Medicaid DRG. Add-on payment, and lesser of 100% of billed charges.",28660.36,,,,,,,Case Rate,". 100 percent of Medicaid DRG. Add-on payment, and lesser of 100% of billed charges. 100 percent of Medicaid DRG. Add-on payment, and lesser of 100% of billed charges.",64485.82,,,,,,,Case Rate,". 225 percent of Medicaid DRG. Add-on payment, and lesser of 100% of billed charges. 225 percent of Medicaid DRG. Add-on payment, and lesser of 100% of billed charges.",,,,,,,,,". 100 percent of Medicare DRG. Add-on payment,  . 100 percent of Medicare DRG. Add-on payment,  .",,,,,,,,,". 100 percent of Medicare DRG. Add-on payment,  . 100 percent of Medicare DRG. Add-on payment,  .",,,,,,,,,". GMLOS + 8 Outlier per Diem $6,968.00. Add-on payment, and lesser of 100% of billed charges. GMLOS + 8 Outlier per Diem $6,968.00. Add-on payment, and lesser of 100% of billed charges.",,,,,,,,,". 100 percent of Medicare DRG. Add-on payment,  . 100 percent of Medicare DRG. Add-on payment,  .",64485.82,,,,,,,Case Rate,". 225 percent of Medicaid DRG. Add-on payment, and lesser of 225% of billed charges. 225 percent of Medicaid DRG. Add-on payment, and lesser of 225% of billed charges.",64485.82,,,,,,,Case Rate,". 225 percent of Medicaid DRG. Add-on payment, and lesser of 225% of billed charges. 225 percent of Medicaid DRG. Add-on payment, and lesser of 225% of billed charges.",28660.36,,,,,,,Case Rate,". 100 percent of Medicaid DRG. Add-on payment, and lesser of 100% of billed charges. 100 percent of Medicaid DRG. Add-on payment, and lesser of 100% of billed charges.",28660.36,,,,,,,Case Rate,". 100 percent of Medicaid DRG. Add-on payment, and lesser of 100% of billed charges. 100 percent of Medicaid DRG. Add-on payment, and lesser of 100% of billed charges.",47232.16,,,,,,,Case Rate,". 225 percent of Medicaid DRG. Add-on payment, and lesser of 225% of billed charges. 225 percent of Medicaid DRG. Add-on payment, and lesser of 225% of billed charges.",28660.36,,,,,,,Case Rate,". 100 percent of Medicaid DRG. Add-on payment, and lesser of 100% of billed charges. 100 percent of Medicaid DRG. Add-on payment, and lesser of 100% of billed charges.",83115.06,,,,,,,Case Rate,". 290 percent of Medicaid DRG. Add-on payment, and lesser of 100% of billed charges. 290 percent of Medicaid DRG. Add-on payment, and lesser of 100% of billed charges.",83115.06,,,,,,,Case Rate,". 290 percent of Medicaid DRG. Add-on payment, and lesser of 100% of billed charges. 290 percent of Medicaid DRG. Add-on payment, and lesser of 100% of billed charges.",83115.06,,,,,,,Case Rate,". 290 percent of Medicaid DRG. Add-on payment, and lesser of 100% of billed charges. 290 percent of Medicaid DRG. Add-on payment, and lesser of 100% of billed charges.",83115.06,,,,,,,Case Rate,". 290 percent of Medicaid DRG. Add-on payment, and lesser of 100% of billed charges. 290 percent of Medicaid DRG. Add-on payment, and lesser of 100% of billed charges.",,,,,,,,," ",,,,,,,,,".  ",38691.49,,,,,,,Case Rate,"135% of Medicaid EP 1 and 2, 100% of medicaid EP 3 and 4.  ",38691.49,,,,,,,Case Rate,"135% of Medicaid EP 1 and 2, 100% of medicaid EP 3 and 4.  ",28660.36,,,,,,,Case Rate,". 100 percent of Medicaid DRG. Add-on payment, and lesser of 100% of billed charges. 100 percent of Medicaid DRG. Add-on payment, and lesser of 100% of billed charges.",28660.36,,,,,,,Case Rate,". 100 percent of Medicaid DRG. Add-on payment, and lesser of 100% of billed charges. 100 percent of Medicaid DRG. Add-on payment, and lesser of 100% of billed charges.",,,,,,,,,".  ",,,,,,,,,".  ",,,,,,,,,". 100 percent of Medicare DRG. Add-on payment,  . 100 percent of Medicare DRG. Add-on payment,  .",,,,,,,,,".  ",,,,,,,,,".  ",,,,,,,,,".  ",,,,,,,,,".  ",,,,,,,,,". 100 percent of Medicare DRG. Add-on payment,  . 100 percent of Medicare DRG. Add-on payment,  .",,,,,,,,,".  ",,,,,,,,,".  ",,,,,,,,,". GMLOS + 8 Outlier per Diem $6,968.00. Add-on payment, and lesser of 100% of billed charges. GMLOS + 8 Outlier per Diem $6,968.00. Add-on payment, and lesser of 100% of billed charges.",28660.36,,,,,,,Case Rate,". 100 percent of Medicaid DRG. Add-on payment, and lesser of 100% of billed charges. 100 percent of Medicaid DRG. Add-on payment, and lesser of 100% of billed charges.",28660.36,,,,,,,Case Rate,". 100 percent of Medicaid DRG. Add-on payment, and lesser of 100% of billed charges. 100 percent of Medicaid DRG. Add-on payment, and lesser of 100% of billed charges.",64485.82,,,,,,,Case Rate,". 225 percent of Medicaid DRG. Add-on payment, and lesser of 225% of billed charges. 225 percent of Medicaid DRG. Add-on payment, and lesser of 225% of billed charges.",47232.16,,,,,,,Case Rate,". 225 percent of Medicaid DRG. Add-on payment, and lesser of 225% of billed charges. 225 percent of Medicaid DRG. Add-on payment, and lesser of 225% of billed charges.",28660.36,,,,,,,Case Rate,". 100 percent of Medicaid DRG. Add-on payment, and lesser of 100% of billed charges. 100 percent of Medicaid DRG. Add-on payment, and lesser of 100% of billed charges.",64485.82,,,,,,,Case Rate,". 225 percent of Medicaid DRG. Add-on payment, and lesser of 225% of billed charges. 225 percent of Medicaid DRG. Add-on payment, and lesser of 225% of billed charges.",64485.82,,,,,,,Case Rate,". 225 percent of Medicaid DRG. Add-on payment, and lesser of 225% of billed charges. 225 percent of Medicaid DRG. Add-on payment, and lesser of 225% of billed charges.",64485.82,,,,,,,Case Rate,". 225 percent of Medicaid DRG. Add-on payment, and lesser of 225% of billed charges. 225 percent of Medicaid DRG. Add-on payment, and lesser of 225% of billed charges.",64485.82,,,,,,,Case Rate,". 225 percent of Medicaid DRG. Add-on payment, and lesser of 225% of billed charges. 225 percent of Medicaid DRG. Add-on payment, and lesser of 225% of billed charges.",64485.82,,,,,,,Case Rate,". 225 percent of Medicaid DRG. Add-on payment, and lesser of 225% of billed charges. 225 percent of Medicaid DRG. Add-on payment, and lesser of 225% of billed charges.",64485.82,,,,,,,Case Rate,". 225 percent of Medicaid DRG. Add-on payment, and lesser of 225% of billed charges. 225 percent of Medicaid DRG. Add-on payment, and lesser of 225% of billed charges.",,,,,,,,," ",,,,,,,,," ",,,,,,,,," ",,,,,,,,,".  ",,,,,,,,," ",,,,,,,,,". 100 percent of Medicare DRG. Add-on payment,  . 100 percent of Medicare DRG. Add-on payment,  .",,,,,,,,,".  ",,,,,,,,,". 100 percent of Medicare DRG. Add-on payment,  . 100 percent of Medicare DRG. Add-on payment,  .",,,,,,,,,". 100 percent of Medicare DRG. Add-on payment,  . 100 percent of Medicare DRG. Add-on payment,  .",38691.49,,,,,,,Case Rate,"135% of Medicaid EP 1 and 2, 100% of medicaid EP 3 and 4.  ",38691.49,,,,,,,Case Rate,"135% of Medicaid EP 1 and 2, 100% of medicaid EP 3 and 4.  ",28660.36,,,,,,,Case Rate,". 100 percent of Medicaid DRG. Add-on payment, and lesser of 100% of billed charges. 100 percent of Medicaid DRG. Add-on payment, and lesser of 100% of billed charges.",28660.36,,,,,,,Case Rate,". 100 percent of Medicaid DRG. Add-on payment, and lesser of 100% of billed charges. 100 percent of Medicaid DRG. Add-on payment, and lesser of 100% of billed charges.",28660.36,,,,,,,Case Rate,". 100 percent of Medicaid DRG. Add-on payment, and lesser of 100% of billed charges. 100 percent of Medicaid DRG. Add-on payment, and lesser of 100% of billed charges.",,,,,,,,," ",,,,,,,,,". GMLOS + 8 Outlier per Diem $6,968.00. Add-on payment, and lesser of 100% of billed charges. GMLOS + 8 Outlier per Diem $6,968.00. Add-on payment, and lesser of 100% of billed charges.",,,,,,,,," ",,,,,,,,,".  ",,,,,,,,,". 100 percent of Medicare DRG. Add-on payment, . 100 percent of Medicare DRG. Add-on payment, .",,,,,,,,,". 100 percent of Medicare DRG. Add-on payment,  . 100 percent of Medicare DRG. Add-on payment,  .",,,,,,,,,". 100 percent of Medicare DRG. Add-on payment,  . 100 percent of Medicare DRG. Add-on payment,  .",,,,,,,,,". 100 percent of Medicare DRG. Add-on payment,  . 100 percent of Medicare DRG. Add-on payment,  .",,,,,,,,,". 100 percent of Medicare DRG. Add-on payment, . 100 percent of Medicare DRG. Add-on payment, .",,,,,,,,,". 100 percent of Medicare DRG. Add-on payment,  . 100 percent of Medicare DRG. Add-on payment,  .",,,,,,,,," ",64485.82,,,,,,,Case Rate,". 225 percent of Medicaid DRG. Add-on payment, and lesser of 225% of billed charges. 225 percent of Medicaid DRG. Add-on payment, and lesser of 225% of billed charges.",28660.36,,,,,,,Case Rate,". 100 percent of Medicaid DRG. Add-on payment, and lesser of 100% of billed charges. 100 percent of Medicaid DRG. Add-on payment, and lesser of 100% of billed charges.",,,,,,,,,".  ",,,,,,,,," ",,,,,,,,," ",,,,,,,,," ",,,,,,,,," ",,,,,,,,,". 100 percent of Medicare DRG. Add-on payment,  . 100 percent of Medicare DRG. Add-on payment,  .",28660.36,,,,,,,Case Rate,". 100 percent of Medicaid DRG. Add-on payment, and lesser of 100% of billed charges. 100 percent of Medicaid DRG. Add-on payment, and lesser of 100% of billed charges.",,,,,,,,,".  ",28660.36,,,,,,,Case Rate,". 100 percent of Medicaid DRG. Add-on payment, and lesser of 100% of billed charges. 100 percent of Medicaid DRG. Add-on payment, and lesser of 100% of billed charges.",,,,,,,,,". 100 percent of Medicare DRG. Add-on payment,  . 100 percent of Medicare DRG. Add-on payment,  .",28660.36,,,,,,,Case Rate,". 100 percent of Medicaid DRG. Add-on payment, and lesser of 100% of billed charges. 100 percent of Medicaid DRG. Add-on payment, and lesser of 100% of billed charges.",,,,,,,,,". 100 percent of Medicare DRG. Add-on payment,  . 100 percent of Medicare DRG. Add-on payment,  .",,,,,,,,,". 100 percent of Medicare DRG. Add-on payment,  . 100 percent of Medicare DRG. Add-on payment,  .",28660.36,,,,,,,Case Rate,". 100 percent of Medicaid DRG. Add-on payment, and lesser of 100% of billed charges. 100 percent of Medicaid DRG. Add-on payment, and lesser of 100% of billed charges.",28660.36,,,,,,,Case Rate,". 100 percent of Medicaid DRG. Add-on payment, and lesser of 100% of billed charges. 100 percent of Medicaid DRG. Add-on payment, and lesser of 100% of billed charges.",,,,,,,,," ",,,,,,,,,".  ",,73,,,,,0,Percent of total billed charges,73 percent of charges.  ; No services were performed during the 15 month look back period.,,,,,,,,,".  ",,,,,,,,,".  ",,,,,,,,,". GMLOS + 8 Outlier per Diem $6,968.00. Add-on payment, and lesser of 100% of billed charges. GMLOS + 8 Outlier per Diem $6,968.00. Add-on payment, and lesser of 100% of billed charges.",,,,,,,,,". 93 percent of Medicare DRG. Add-on payment, and lesser of 100% of billed charges. 93 percent of Medicare DRG. Add-on payment, and lesser of 100% of billed charges.",,,,,,,,," ",,,,,,,,," ",,,,,,,,,".  ",,,,,,,,,".  ",,,,,,,,,". 100 percent of Medicare DRG. Add-on payment,  . 100 percent of Medicare DRG. Add-on payment,  .",,,,,,,,,". 100 percent of Medicare DRG. Add-on payment,  . 100 percent of Medicare DRG. Add-on payment,  .",,,,,,,,,". 100 percent of Medicare DRG. Add-on payment,  . 100 percent of Medicare DRG. Add-on payment,  .",,,,,,,,,". 100 percent of Medicare DRG. Add-on payment,  . 100 percent of Medicare DRG. Add-on payment,  .",,,,,,,,,".  ",,,,,,,,,".  ",,,,,,,,,".  ",,,,,,,,,". 100 percent of Medicare DRG. Add-on payment,  . 100 percent of Medicare DRG. Add-on payment,  .",,,,,,,,,".  ",,,,,,,,," ",28660.36,,,,,,,Case Rate,". 100 percent of Medicaid DRG. Add-on payment, and lesser of 100% of billed charges. 100 percent of Medicaid DRG. Add-on payment, and lesser of 100% of billed charges.",28660.36,,,,,,,Case Rate,". 100 percent of Medicaid DRG. Add-on payment, and lesser of 100% of billed charges. 100 percent of Medicaid DRG. Add-on payment, and lesser of 100% of billed charges.",,,,,,,,," ",,,,,,,,,".  ",,,,,,,,,".  ",,,,,,,,,".  ",,,,,,,,,".  ",,,,,,,,,". 100 percent of Medicare DRG. Add-on payment, . 100 percent of Medicare DRG. Add-on payment, .",30093.38,,,,,,,Case Rate,". 105 percent of Medicaid DRG. Add-on payment, and lesser of 100% of billed charges. 105 percent of Medicaid DRG. Add-on payment, and lesser of 100% of billed charges.",30093.38,,,,,,,Case Rate,". 105 percent of Medicaid DRG. Add-on payment, and lesser of 100% of billed charges. 105 percent of Medicaid DRG. Add-on payment, and lesser of 100% of billed charges.",30093.38,,,,,,,Case Rate,". 105 percent of Medicaid DRG. Add-on payment, and lesser of 100% of billed charges. 105 percent of Medicaid DRG. Add-on payment, and lesser of 100% of billed charges.",30093.38,,,,,,,Case Rate,". 105 percent of Medicaid DRG. Add-on payment, and lesser of 100% of billed charges. 105 percent of Medicaid DRG. Add-on payment, and lesser of 100% of billed charges.",,,,,,,,,".  ",30093.38,,,,,,,Case Rate,". 105 percent of Medicaid DRG. Add-on payment, and lesser of 100% of billed charges. 105 percent of Medicaid DRG. Add-on payment, and lesser of 100% of billed charges.",30093.38,,,,,,,Case Rate,". 105 percent of Medicaid DRG. Add-on payment, and lesser of 100% of billed charges. 105 percent of Medicaid DRG. Add-on payment, and lesser of 100% of billed charges.",30093.38,,,,,,,Case Rate,". 105 percent of Medicaid DRG. Add-on payment, and lesser of 100% of billed charges. 105 percent of Medicaid DRG. Add-on payment, and lesser of 100% of billed charges.",30093.38,,,,,,,Case Rate,". 105 percent of Medicaid DRG. Add-on payment, and lesser of 100% of billed charges. 105 percent of Medicaid DRG. Add-on payment, and lesser of 100% of billed charges.",30093.38,,,,,,,Case Rate,". 105 percent of Medicaid DRG. Add-on payment, and lesser of 100% of billed charges. 105 percent of Medicaid DRG. Add-on payment, and lesser of 100% of billed charges.",30093.38,,,,,,,Case Rate,". 105 percent of Medicaid DRG. Add-on payment, and lesser of 100% of billed charges. 105 percent of Medicaid DRG. Add-on payment, and lesser of 100% of billed charges.",30093.38,,,,,,,Case Rate,". 105 percent of Medicaid DRG. Add-on payment, and lesser of 100% of billed charges. 105 percent of Medicaid DRG. Add-on payment, and lesser of 100% of billed charges.",,,,,,,,,". 100 percent of Medicare DRG. Add-on payment,  . 100 percent of Medicare DRG. Add-on payment,  .",,,,,,,,,".  ",,,,,,,,,". 100 percent of Medicare DRG. Add-on payment,  . 100 percent of Medicare DRG. Add-on payment,  .",30093.38,,,,,,,Case Rate,". 105 percent of Medicaid DRG. Add-on payment, and lesser of 100% of billed charges. 105 percent of Medicaid DRG. Add-on payment, and lesser of 100% of billed charges.",,,,,,,,,".  ",,,,,,,,,". 100 percent of Medicare DRG. Add-on payment,  . 100 percent of Medicare DRG. Add-on payment,  .",,,,,,,,,".  ",,,,,,,,,".  ",,,,,,,,,".  ",30093.38,,,,,,,Case Rate,". 105 percent of Medicaid DRG. Add-on payment, and lesser of 100% of billed charges. 105 percent of Medicaid DRG. Add-on payment, and lesser of 100% of billed charges.",,,,,,,,,". 100 percent of Medicare DRG. Add-on payment,  . 100 percent of Medicare DRG. Add-on payment,  .",,,,,,,,,".  ",30093.38,,,,,,,Case Rate,". 105 percent of Medicaid DRG. Add-on payment, and lesser of 100% of billed charges. 105 percent of Medicaid DRG. Add-on payment, and lesser of 100% of billed charges.",,,,,,,,,".  ",,,,,,,,,". Delay in Discharge per diem $4,897 Delay in Discharge per diem $4,897",,,,,,,,,". 100 percent of Medicare DRG. Add-on payment, . 100 percent of Medicare DRG. Add-on payment, .",,,,,,,,," ",,,,,,,,," ",,,,,,,,," ",,,,,,,,," ",,,,,,,,," ",,,,,,,,," ",,,,,,,,," ",,,,,,,,," ",,,,,,,,," ",,,,,,,,," ",,,,,,,,," ",,,,,,,,," ",,,,,,,,,". 100 percent of Medicare DRG. Add-on payment,  . 100 percent of Medicare DRG. Add-on payment,  .",,,,,,,,," ",,,,,,,,,". 100 percent of Medicare DRG. Add-on payment,  . 100 percent of Medicare DRG. Add-on payment,  .",64485.82,,,,,,,Case Rate,". 225 percent of Medicaid DRG. Add-on payment, and lesser of 225% of billed charges. 225 percent of Medicaid DRG. Add-on payment, and lesser of 225% of billed charges.",28660.36,,,,,,,Case Rate,". 100 percent of Medicaid DRG. Add-on payment, and lesser of 100% of billed charges. 100 percent of Medicaid DRG. Add-on payment, and lesser of 100% of billed charges.",,,,,,,,,".  ",,,,,,,,,".  ",,,,,,,,,". 100 percent of Medicare DRG. Add-on payment,  . 100 percent of Medicare DRG. Add-on payment,  .",,,,,,,,," ",,,,,,,,,". 100 percent of Medicare DRG. Add-on payment,  . 100 percent of Medicare DRG. Add-on payment,  .",,,,,,,,,". 100 percent of Medicare DRG. Add-on payment,  . 100 percent of Medicare DRG. Add-on payment,  .",,,,,,,,,". GMLOS + 8 Outlier per Diem $6,968.00. Add-on payment, and lesser of 100% of billed charges. GMLOS + 8 Outlier per Diem $6,968.00. Add-on payment, and lesser of 100% of billed charges.",,,,,,,,,". 100 percent of Medicare DRG. Add-on payment,  . 100 percent of Medicare DRG. Add-on payment,  .",,,,,,,,,".  ",,,,,,,,,". 100 percent of Medicare DRG. Add-on payment,  . 100 percent of Medicare DRG. Add-on payment,  .",,,,,,,,,".  ",,,,,,,,,". GMLOS + 8 Outlier per Diem $6,968.00. Add-on payment, and lesser of 100% of billed charges. GMLOS + 8 Outlier per Diem $6,968.00. Add-on payment, and lesser of 100% of billed charges.",,,,,,,,,".  ",,,,,,,,,". 100 percent of Medicare DRG. Add-on payment,  . 100 percent of Medicare DRG. Add-on payment,  .",28660.36,,,,,,,Case Rate,". 100 percent of Medicaid DRG. Add-on payment, and lesser of 100% of billed charges. 100 percent of Medicaid DRG. Add-on payment, and lesser of 100% of billed charges.",,,,,,,,,". 100 percent of Medicare DRG. Add-on payment,  . 100 percent of Medicare DRG. Add-on payment,  .",,,,,,,,,".  ",,,,,,,,,".  ",28660.36,,,,,,,Case Rate,". 100 percent of Medicaid DRG. Add-on payment, and lesser of 100% of billed charges. 100 percent of Medicaid DRG. Add-on payment, and lesser of 100% of billed charges.",,,,,,,,,".  ",28660.36,,,,,,,Case Rate,". 100 percent of Medicaid DRG. Add-on payment, and lesser of 100% of billed charges. 100 percent of Medicaid DRG. Add-on payment, and lesser of 100% of billed charges.",28660.36,,,,,,,Case Rate,". 100 percent of Medicaid DRG. Add-on payment, and lesser of 100% of billed charges. 100 percent of Medicaid DRG. Add-on payment, and lesser of 100% of billed charges.",,,,,,,,,".  ",,,,,,,,,".  ",,,,,,,,,".  ",,,,,,,,,".  ",,,,,,,,,".  ",,,,,,,,,".  ",,,,,,,,,".  ",,,,,,,,," ",,,,,,,,," ",,,,,,,,," ",28660.36,,,,,,,Case Rate,". 100 percent of Medicaid DRG. Add-on payment, and lesser of 100% of billed charges. 100 percent of Medicaid DRG. Add-on payment, and lesser of 100% of billed charges.",,,,,,,,,".  ",,,,,,,,,".  ",,,,,,,,,". GMLOS + 8 Outlier per Diem $6,968.00. Add-on payment, and lesser of 100% of billed charges. GMLOS + 8 Outlier per Diem $6,968.00. Add-on payment, and lesser of 100% of billed charges.",,,,,,,,,".  ",,,,,,,,,". GMLOS + 8 Outlier per Diem $6,968.00. Add-on payment, and lesser of 100% of billed charges. GMLOS + 8 Outlier per Diem $6,968.00. Add-on payment, and lesser of 100% of billed charges.",,,,,,,,,".  ",,,,,,,,,".  ",,,,,,,,,".  ",,,,,,,,,".  ",,,,,,,,,".  ",,,,,,,,,". 100 percent of Medicare DRG. Add-on payment,  . 100 percent of Medicare DRG. Add-on payment,  .",20992.07,83115.06,
APR115-1,DRG,,,,,"APR115-1 OTHER EAR, NOSE, MOUTH,THROAT & CRANIAL/FACIAL DIAGNOSES",,,Inpatient,,,,,,,,,,,,".  ",,,,,,,,,".  ",,,,,,,,,". GMLOS + 8 Outlier per Diem $6,968.00. Add-on payment, and lesser of 100% of billed charges. GMLOS + 8 Outlier per Diem $6,968.00. Add-on payment, and lesser of 100% of billed charges.",,100,,,,,0,Percent of total billed charges,100 percent of charges.  ; No services were performed during the 15 month look back period.,,,,,,,,,". 100 percent of Medicare DRG. Add-on payment,  . 100 percent of Medicare DRG. Add-on payment,  .",,,,,,,,,". GMLOS + 8 Outlier per Diem $6,968.00. Add-on payment, and lesser of 100% of billed charges. GMLOS + 8 Outlier per Diem $6,968.00. Add-on payment, and lesser of 100% of billed charges.",,,,,,,,,". GMLOS + 8 Outlier per Diem $6,968.00. Add-on payment, and lesser of 100% of billed charges. GMLOS + 8 Outlier per Diem $6,968.00. Add-on payment, and lesser of 100% of billed charges.",,,,,,,,,". GMLOS + 8 Outlier per Diem $6,968.00. Add-on payment, and lesser of 100% of billed charges. GMLOS + 8 Outlier per Diem $6,968.00. Add-on payment, and lesser of 100% of billed charges.",12259.23,,,,,,,Case Rate,". 155 percent of Medicaid DRG. Add-on payment, and lesser of 100% of billed charges. 155 percent of Medicaid DRG. Add-on payment, and lesser of 100% of billed charges.",7909.18,,,,,,,Case Rate,". 100 percent of Medicaid DRG. Add-on payment, and lesser of 100% of billed charges. 100 percent of Medicaid DRG. Add-on payment, and lesser of 100% of billed charges.",,73,,,,,0,Percent of total billed charges,73 percent of charges.  ; No services were performed during the 15 month look back period.,,,,,,,,,".  ",7909.18,,,,,,,Case Rate,". 100 percent of Medicaid DRG. Add-on payment, and lesser of 100% of billed charges. 100 percent of Medicaid DRG. Add-on payment, and lesser of 100% of billed charges.",,,,,,,,,". 100 percent of Medicare DRG. Add-on payment,  . 100 percent of Medicare DRG. Add-on payment,  .",,,,,,,,,".  ",,,,,,,,,".  ",,,,,,,,,".  ",,,,,,,,,".  ",7909.18,,,,,,,Case Rate,". 100 percent of Medicaid DRG. Add-on payment, and lesser of 100% of billed charges. 100 percent of Medicaid DRG. Add-on payment, and lesser of 100% of billed charges.",,,,,,,,,". 100 percent of Medicare DRG. Add-on payment,  . 100 percent of Medicare DRG. Add-on payment,  .",7909.18,,,,,,,Case Rate,". 100 percent of Medicaid DRG. Add-on payment, and lesser of 100% of billed charges. 100 percent of Medicaid DRG. Add-on payment, and lesser of 100% of billed charges.",,73,,,,,0,Percent of total billed charges,73 percent of charges.  ; No services were performed during the 15 month look back period.,,,,,,,,,". GMLOS + 8 Outlier per Diem $6,968.00. Add-on payment, and lesser of 100% of billed charges. GMLOS + 8 Outlier per Diem $6,968.00. Add-on payment, and lesser of 100% of billed charges.",,,,,,,,,". 100 percent of Medicare DRG. Add-on payment, and lesser of 100% of billed charges. 100 percent of Medicare DRG. Add-on payment, and lesser of 100% of billed charges.",,,,,,,,," ",,,,,,,,,". 100 percent of Medicare DRG. Add-on payment, and lesser of 100% of billed charges. 100 percent of Medicare DRG. Add-on payment, and lesser of 100% of billed charges.",,,,,,,,,". 100 percent of Medicare DRG. Add-on payment, and lesser of 100% of billed charges. 100 percent of Medicare DRG. Add-on payment, and lesser of 100% of billed charges.",,73,,,,,0,Percent of total billed charges,73 percent of charges.  ; No services were performed during the 15 month look back period.,7909.18,,,,,,,Case Rate,". 100 percent of Medicaid DRG. Add-on payment, and lesser of 100% of billed charges. 100 percent of Medicaid DRG. Add-on payment, and lesser of 100% of billed charges.",7909.18,,,,,,,Case Rate,". 100 percent of Medicaid DRG. Add-on payment, and lesser of 100% of billed charges. 100 percent of Medicaid DRG. Add-on payment, and lesser of 100% of billed charges.",7909.18,,,,,,,Case Rate,". 100 percent of Medicaid DRG. Add-on payment, and lesser of 100% of billed charges. 100 percent of Medicaid DRG. Add-on payment, and lesser of 100% of billed charges.",7909.18,,,,,,,Case Rate,". 100 percent of Medicaid DRG. Add-on payment, and lesser of 100% of billed charges. 100 percent of Medicaid DRG. Add-on payment, and lesser of 100% of billed charges.",,,,,,,,," ",,,,,,,,," ",7909.18,,,,,,,Case Rate,". 100 percent of Medicaid DRG. Add-on payment, and lesser of 100% of billed charges. 100 percent of Medicaid DRG. Add-on payment, and lesser of 100% of billed charges.",,,,,,,,," ",7909.18,,,,,,,Case Rate,". 100 percent of Medicaid DRG. Add-on payment, and lesser of 100% of billed charges. 100 percent of Medicaid DRG. Add-on payment, and lesser of 100% of billed charges.",,,,,,,,,". 100 percent of Medicare DRG. Add-on payment, . 100 percent of Medicare DRG. Add-on payment, .",,,,,,,,," ",,73,,,,,0,Percent of total billed charges,73 percent of charges.  ; No services were performed during the 15 month look back period.,7909.18,,,,,,,Case Rate,". 100 percent of Medicaid DRG. Add-on payment, and lesser of 100% of billed charges. 100 percent of Medicaid DRG. Add-on payment, and lesser of 100% of billed charges.",7909.18,,,,,,,Case Rate,". 100 percent of Medicaid DRG. Add-on payment, and lesser of 100% of billed charges. 100 percent of Medicaid DRG. Add-on payment, and lesser of 100% of billed charges.",,73,,,,,0,Percent of total billed charges,73 percent of charges.  ; No services were performed during the 15 month look back period.,,,,,,,,,".  ",,,,,,,,,".  ",,,,,,,,,".  ",,73,,,,,0,Percent of total billed charges,73 percent of charges.  ; No services were performed during the 15 month look back period.,,,,,,,,,". 100 percent of Medicare DRG. Add-on payment,  . 100 percent of Medicare DRG. Add-on payment,  .",,,,,,,,,".  ",,,,,,,,,".  ",,,,,,,,,".  ",,,,,,,,,". 100 percent of Medicare DRG. Add-on payment,  . 100 percent of Medicare DRG. Add-on payment,  .",,,,,,,,,".  ",,,,,,,,,".  ",,,,,,,,,". 100 percent of Medicare DRG. Add-on payment, and lesser of 100% of billed charges. 100 percent of Medicare DRG. Add-on payment, and lesser of 100% of billed charges.",,,,,,,,,".  ",,,,,,,,,".  ",,,,,,,,,".  ",,,,,,,,,".  ",,,,,,,,,".  ",,,,,,,,,".  ",,,,,,,,,".  ",,,,,,,,,". 100 percent of Medicare DRG. Add-on payment,  . 100 percent of Medicare DRG. Add-on payment,  .",,,,,,,,,". 100 percent of Medicare DRG. Add-on payment,  . 100 percent of Medicare DRG. Add-on payment,  .",,,,,,,,,".  ",,73,,,,,0,Percent of total billed charges,73 percent of charges.  ; No services were performed during the 15 month look back period.,,73,,,,,0,Percent of total billed charges,73 percent of charges.  ; No services were performed during the 15 month look back period.,,73,,,,,0,Percent of total billed charges,73 percent of charges.  ; No services were performed during the 15 month look back period.,,73,,,,,0,Percent of total billed charges,73 percent of charges.  ; No services were performed during the 15 month look back period.,,73,,,,,0,Percent of total billed charges,73 percent of charges.  ; No services were performed during the 15 month look back period.,,73,,,,,0,Percent of total billed charges,73 percent of charges.  ; No services were performed during the 15 month look back period.,,73,,,,,0,Percent of total billed charges,73 percent of charges.  ; No services were performed during the 15 month look back period.,,73,,,,,0,Percent of total billed charges,73 percent of charges.  ; No services were performed during the 15 month look back period.,,73,,,,,0,Percent of total billed charges,73 percent of charges.  ; No services were performed during the 15 month look back period.,,73,,,,,0,Percent of total billed charges,73 percent of charges.  ; No services were performed during the 15 month look back period.,,73,,,,,0,Percent of total billed charges,73 percent of charges.  ; No services were performed during the 15 month look back period.,,73,,,,,0,Percent of total billed charges,73 percent of charges.  ; No services were performed during the 15 month look back period.,,73,,,,,0,Percent of total billed charges,73 percent of charges.  ; No services were performed during the 15 month look back period.,,73,,,,,0,Percent of total billed charges,73 percent of charges.  ; No services were performed during the 15 month look back period.,,73,,,,,0,Percent of total billed charges,73 percent of charges.  ; No services were performed during the 15 month look back period.,,73,,,,,0,Percent of total billed charges,73 percent of charges.  ; No services were performed during the 15 month look back period.,,73,,,,,0,Percent of total billed charges,73 percent of charges.  ; No services were performed during the 15 month look back period.,,73,,,,,0,Percent of total billed charges,73 percent of charges.  ; No services were performed during the 15 month look back period.,,73,,,,,0,Percent of total billed charges,73 percent of charges.  ; No services were performed during the 15 month look back period.,,73,,,,,0,Percent of total billed charges,73 percent of charges.  ; No services were performed during the 15 month look back period.,,73,,,,,0,Percent of total billed charges,73 percent of charges.  ; No services were performed during the 15 month look back period.,,73,,,,,0,Percent of total billed charges,73 percent of charges.  ; No services were performed during the 15 month look back period.,,73,,,,,0,Percent of total billed charges,73 percent of charges.  ; No services were performed during the 15 month look back period.,,73,,,,,0,Percent of total billed charges,73 percent of charges.  ; No services were performed during the 15 month look back period.,,73,,,,,0,Percent of total billed charges,73 percent of charges.  ; No services were performed during the 15 month look back period.,,73,,,,,0,Percent of total billed charges,73 percent of charges.  ; No services were performed during the 15 month look back period.,,,,,,,,," ",,,,,,,,," ",,,,,,,,," ",,,,,,,,," ",,,,,,,,," ",,,,,,,,," ",,,,,,,,,".  ",,,,,,,,,".  ",,,,,,,,,".  ",,,,,,,,,".  ",,73,,,,,0,Percent of total billed charges,73 percent of charges.  ; No services were performed during the 15 month look back period.,,,,,,,,," ",,,,,,,,,".  ",,,,,,,,,".  ",,,,,,,,,".  ",,,,,,,,," ",,73,,,,,0,Percent of total billed charges,73 percent of charges.  ; No services were performed during the 15 month look back period.,7909.18,,,,,,,Case Rate,". 100 percent of Medicaid DRG. Add-on payment, and lesser of 100% of billed charges. 100 percent of Medicaid DRG. Add-on payment, and lesser of 100% of billed charges.",,,,,,,,," ",7909.18,,,,,,,Case Rate,". 100 percent of Medicaid DRG. Add-on payment, and lesser of 100% of billed charges. 100 percent of Medicaid DRG. Add-on payment, and lesser of 100% of billed charges.",,,,,,,,,". 100 percent of Medicare DRG. Add-on payment, . 100 percent of Medicare DRG. Add-on payment, .",,,,,,,,,". 100 percent of Medicare DRG. Add-on payment,  . 100 percent of Medicare DRG. Add-on payment,  .",,,,,,,,,".  ",,,,,,,,,". 100 percent of Medicare DRG. Add-on payment,  . 100 percent of Medicare DRG. Add-on payment,  .",,,,,,,,,". 100 percent of Medicare DRG. Add-on payment,  . 100 percent of Medicare DRG. Add-on payment,  .",7909.18,,,,,,,Case Rate,". 100 percent of Medicaid DRG. Add-on payment, and lesser of 100% of billed charges. 100 percent of Medicaid DRG. Add-on payment, and lesser of 100% of billed charges.",,,,,,,,,". 100 percent of Medicare DRG. Add-on payment,  . 100 percent of Medicare DRG. Add-on payment,  .",,,,,,,,,". 100 percent of Medicare DRG. Add-on payment,  . 100 percent of Medicare DRG. Add-on payment,  .",,,,,,,,,". GMLOS + 8 Outlier per Diem $6,968.00. Add-on payment, and lesser of 100% of billed charges. GMLOS + 8 Outlier per Diem $6,968.00. Add-on payment, and lesser of 100% of billed charges.",,,,,,,,,". GMLOS + 8 Outlier per Diem $6,968.00. Add-on payment, and lesser of 100% of billed charges. GMLOS + 8 Outlier per Diem $6,968.00. Add-on payment, and lesser of 100% of billed charges.",,,,,,,,,". 100 percent of Medicare DRG. Add-on payment,  . 100 percent of Medicare DRG. Add-on payment,  .",,,,,,,,,".  ",,,,,,,,,".  ",,,,,,,,,".  ",,,,,,,,,". 100 percent of Medicare DRG. Add-on payment,  . 100 percent of Medicare DRG. Add-on payment,  .",,,,,,,,,".  ",,,,,,,,,". GMLOS + 8 Outlier per Diem $6,968.00. Add-on payment, and lesser of 100% of billed charges. GMLOS + 8 Outlier per Diem $6,968.00. Add-on payment, and lesser of 100% of billed charges.",,,,,,,,,". GMLOS + 8 Outlier per Diem $6,968.00. Add-on payment, and lesser of 100% of billed charges. GMLOS + 8 Outlier per Diem $6,968.00. Add-on payment, and lesser of 100% of billed charges.",,,,,,,,,". GMLOS + 8 Outlier per Diem $6,968.00. Add-on payment, and lesser of 100% of billed charges. GMLOS + 8 Outlier per Diem $6,968.00. Add-on payment, and lesser of 100% of billed charges.",,73,,,,,0,Percent of total billed charges,73 percent of charges.  ; No services were performed during the 15 month look back period.,,73,,,,,0,Percent of total billed charges,73 percent of charges.  ; No services were performed during the 15 month look back period.,,73,,,,,0,Percent of total billed charges,73 percent of charges.  ; No services were performed during the 15 month look back period.,,73,,,,,0,Percent of total billed charges,73 percent of charges.  ; No services were performed during the 15 month look back period.,,73,,,,,0,Percent of total billed charges,73 percent of charges.  ; No services were performed during the 15 month look back period.,,73,,,,,0,Percent of total billed charges,73 percent of charges.  ; No services were performed during the 15 month look back period.,,73,,,,,0,Percent of total billed charges,73 percent of charges.  ; No services were performed during the 15 month look back period.,,73,,,,,0,Percent of total billed charges,73 percent of charges.  ; No services were performed during the 15 month look back period.,,73,,,,,0,Percent of total billed charges,73 percent of charges.  ; No services were performed during the 15 month look back period.,,73,,,,,0,Percent of total billed charges,73 percent of charges.  ; No services were performed during the 15 month look back period.,,73,,,,,0,Percent of total billed charges,73 percent of charges.  ; No services were performed during the 15 month look back period.,,,,,,,,," ",,,,,,,,,".  ",,,,,,,,,".  ",,,,,,,,,". 100 percent of Medicare DRG. Add-on payment,  . 100 percent of Medicare DRG. Add-on payment,  .",,,,,,,,,". GMLOS + 8 Outlier per Diem $6,968.00. Add-on payment, and lesser of 100% of billed charges. GMLOS + 8 Outlier per Diem $6,968.00. Add-on payment, and lesser of 100% of billed charges.",,,,,,,,,".  ",,,,,,,,,".  ",,73,,,,,0,Percent of total billed charges,73 percent of charges.  ; No services were performed during the 15 month look back period.,15818.36,,,,,,,Case Rate,". 200 percent of Medicaid DRG. Add-on payment, and lesser of 200% of billed charges. 200 percent of Medicaid DRG. Add-on payment, and lesser of 200% of billed charges.",,,,,,,,,".  ",7909.18,,,,,,,Case Rate,". 100 percent of Medicaid DRG. Add-on payment, and lesser of 100% of billed charges. 100 percent of Medicaid DRG. Add-on payment, and lesser of 100% of billed charges.",,,,,,,,,". 100 percent of Medicare DRG. Add-on payment,  . 100 percent of Medicare DRG. Add-on payment,  .",,,,,,,,,". 100 percent of Medicare DRG. Add-on payment,  . 100 percent of Medicare DRG. Add-on payment,  .",,,,,,,,,". 100 percent of Medicare DRG. Add-on payment,  . 100 percent of Medicare DRG. Add-on payment,  .",,,,,,,,,". 100 percent of Medicare DRG. Add-on payment,  . 100 percent of Medicare DRG. Add-on payment,  .",,,,,,,,,". 100 percent of Medicare DRG. Add-on payment,  . 100 percent of Medicare DRG. Add-on payment,  .",,,,,,,,,". 100 percent of Medicare DRG. Add-on payment,  . 100 percent of Medicare DRG. Add-on payment,  .",,,,,,,,,".  ",,,,,,,,,".  ",17795.66,,,,,,,Case Rate,". 225 percent of Medicaid DRG. Add-on payment, and lesser of 100% of billed charges. 225 percent of Medicaid DRG. Add-on payment, and lesser of 100% of billed charges.",17795.66,,,,,,,Case Rate,". 225 percent of Medicaid DRG. Add-on payment, and lesser of 100% of billed charges. 225 percent of Medicaid DRG. Add-on payment, and lesser of 100% of billed charges.",17795.66,,,,,,,Case Rate,". 225 percent of Medicaid DRG. Add-on payment, and lesser of 100% of billed charges. 225 percent of Medicaid DRG. Add-on payment, and lesser of 100% of billed charges.",17795.66,,,,,,,Case Rate,". 225 percent of Medicaid DRG. Add-on payment, and lesser of 100% of billed charges. 225 percent of Medicaid DRG. Add-on payment, and lesser of 100% of billed charges.",17795.66,,,,,,,Case Rate,". 225 percent of Medicaid DRG. Add-on payment, and lesser of 100% of billed charges. 225 percent of Medicaid DRG. Add-on payment, and lesser of 100% of billed charges.",,,,,,,,," ",,,,,,,,,".  ",,,,,,,,," ",,,,,,,,," ",,,,,,,,," ",,,,,,,,," ",,,,,,,,," ",,,,,,,,,". 100 percent of Medicare DRG. Add-on payment,  . 100 percent of Medicare DRG. Add-on payment,  .",,,,,,,,," ",,,,,,,,," ",,,,,,,,," ",,,,,,,,," ",,,,,,,,,". GMLOS + 8 Outlier per Diem $6,968.00. Add-on payment, and lesser of 100% of billed charges. GMLOS + 8 Outlier per Diem $6,968.00. Add-on payment, and lesser of 100% of billed charges.",,,,,,,,,". GMLOS + 8 Outlier per Diem $6,968.00. Add-on payment, and lesser of 100% of billed charges. GMLOS + 8 Outlier per Diem $6,968.00. Add-on payment, and lesser of 100% of billed charges.",,,,,,,,,". GMLOS + 8 Outlier per Diem $6,968.00. Add-on payment, and lesser of 100% of billed charges. GMLOS + 8 Outlier per Diem $6,968.00. Add-on payment, and lesser of 100% of billed charges.",,,,,,,,,". GMLOS + 8 Outlier per Diem $6,968.00. Add-on payment, and lesser of 100% of billed charges. GMLOS + 8 Outlier per Diem $6,968.00. Add-on payment, and lesser of 100% of billed charges.",,,,,,,,,".  ",,,,,,,,,".  ",,,,,,,,,". 100 percent of Medicare DRG. Add-on payment,  . 100 percent of Medicare DRG. Add-on payment,  .",,,,,,,,,". 100 percent of Medicare DRG. Add-on payment,  . 100 percent of Medicare DRG. Add-on payment,  .",,,,,,,,,". 100 percent of Medicare DRG. Add-on payment,  . 100 percent of Medicare DRG. Add-on payment,  .",,,,,,,,,".  ",,,,,,,,,".  ",,,,,,,,,".  ",,,,,,,,,".  ",,,,,,,,,". GMLOS + 8 Outlier per Diem $6,968.00. Add-on payment, and lesser of 100% of billed charges. GMLOS + 8 Outlier per Diem $6,968.00. Add-on payment, and lesser of 100% of billed charges.",,,,,,,,,". 100 percent of Medicare DRG. Add-on payment,  . 100 percent of Medicare DRG. Add-on payment,  .",,,,,,,,,".  ",7909.18,,,,,,,Case Rate,". 100 percent of Medicaid DRG. Add-on payment, and lesser of 100% of billed charges. 100 percent of Medicaid DRG. Add-on payment, and lesser of 100% of billed charges.",,,,,,,,,". 100 percent of Medicare DRG. Add-on payment, and lesser of 100% of billed charges. 100 percent of Medicare DRG. Add-on payment, and lesser of 100% of billed charges.",,,,,,,,,". 100 percent of Medicare DRG. Add-on payment, and lesser of 100% of billed charges. 100 percent of Medicare DRG. Add-on payment, and lesser of 100% of billed charges.",,,,,,,,,". 100 percent of Medicare DRG. Add-on payment, and lesser of 100% of billed charges. 100 percent of Medicare DRG. Add-on payment, and lesser of 100% of billed charges.",7909.18,,,,,,,Case Rate,". 100 percent of Medicaid DRG. Add-on payment, and lesser of 100% of billed charges. 100 percent of Medicaid DRG. Add-on payment, and lesser of 100% of billed charges.",17795.66,,,,,,,Case Rate,". 225 percent of Medicaid DRG. Add-on payment, and lesser of 225% of billed charges. 225 percent of Medicaid DRG. Add-on payment, and lesser of 225% of billed charges.",17795.66,,,,,,,Case Rate,". 225 percent of Medicaid DRG. Add-on payment, and lesser of 225% of billed charges. 225 percent of Medicaid DRG. Add-on payment, and lesser of 225% of billed charges.",17795.66,,,,,,,Case Rate,". 225 percent of Medicaid DRG. Add-on payment, and lesser of 225% of billed charges. 225 percent of Medicaid DRG. Add-on payment, and lesser of 225% of billed charges.",17795.66,,,,,,,Case Rate,". 225 percent of Medicaid DRG. Add-on payment, and lesser of 225% of billed charges. 225 percent of Medicaid DRG. Add-on payment, and lesser of 225% of billed charges.",17795.66,,,,,,,Case Rate,". 225 percent of Medicaid DRG. Add-on payment, and lesser of 225% of billed charges. 225 percent of Medicaid DRG. Add-on payment, and lesser of 225% of billed charges.",,,,,,,,,". 100 percent of Medicare DRG. Add-on payment, and lesser of 100% of billed charges. 100 percent of Medicare DRG. Add-on payment, and lesser of 100% of billed charges.",7909.18,,,,,,,Case Rate,". 100 percent of Medicaid DRG. Add-on payment, and lesser of 100% of billed charges. 100 percent of Medicaid DRG. Add-on payment, and lesser of 100% of billed charges.",7909.18,,,,,,,Case Rate,". 100 percent of Medicaid DRG. Add-on payment, and lesser of 100% of billed charges. 100 percent of Medicaid DRG. Add-on payment, and lesser of 100% of billed charges.",17795.66,,,,,,,Case Rate,". 225 percent of Medicaid DRG. Add-on payment, and lesser of 225% of billed charges. 225 percent of Medicaid DRG. Add-on payment, and lesser of 225% of billed charges.",17795.66,,,,,,,Case Rate,". 225 percent of Medicaid DRG. Add-on payment, and lesser of 225% of billed charges. 225 percent of Medicaid DRG. Add-on payment, and lesser of 225% of billed charges.",7909.18,,,,,,,Case Rate,". 100 percent of Medicaid DRG. Add-on payment, and lesser of 100% of billed charges. 100 percent of Medicaid DRG. Add-on payment, and lesser of 100% of billed charges.",7909.18,,,,,,,Case Rate,". 100 percent of Medicaid DRG. Add-on payment, and lesser of 100% of billed charges. 100 percent of Medicaid DRG. Add-on payment, and lesser of 100% of billed charges.",17795.66,,,,,,,Case Rate,". 225 percent of Medicaid DRG. Add-on payment, and lesser of 100% of billed charges. 225 percent of Medicaid DRG. Add-on payment, and lesser of 100% of billed charges.",,,,,,,,,". 100 percent of Medicare DRG. Add-on payment,  . 100 percent of Medicare DRG. Add-on payment,  .",,,,,,,,,". 100 percent of Medicare DRG. Add-on payment,  . 100 percent of Medicare DRG. Add-on payment,  .",,,,,,,,,". GMLOS + 8 Outlier per Diem $6,968.00. Add-on payment, and lesser of 100% of billed charges. GMLOS + 8 Outlier per Diem $6,968.00. Add-on payment, and lesser of 100% of billed charges.",,,,,,,,,". 100 percent of Medicare DRG. Add-on payment,  . 100 percent of Medicare DRG. Add-on payment,  .",17795.66,,,,,,,Case Rate,". 225 percent of Medicaid DRG. Add-on payment, and lesser of 225% of billed charges. 225 percent of Medicaid DRG. Add-on payment, and lesser of 225% of billed charges.",17795.66,,,,,,,Case Rate,". 225 percent of Medicaid DRG. Add-on payment, and lesser of 225% of billed charges. 225 percent of Medicaid DRG. Add-on payment, and lesser of 225% of billed charges.",7909.18,,,,,,,Case Rate,". 100 percent of Medicaid DRG. Add-on payment, and lesser of 100% of billed charges. 100 percent of Medicaid DRG. Add-on payment, and lesser of 100% of billed charges.",7909.18,,,,,,,Case Rate,". 100 percent of Medicaid DRG. Add-on payment, and lesser of 100% of billed charges. 100 percent of Medicaid DRG. Add-on payment, and lesser of 100% of billed charges.",11106.51,,,,,,,Case Rate,". 225 percent of Medicaid DRG. Add-on payment, and lesser of 225% of billed charges. 225 percent of Medicaid DRG. Add-on payment, and lesser of 225% of billed charges.",7909.18,,,,,,,Case Rate,". 100 percent of Medicaid DRG. Add-on payment, and lesser of 100% of billed charges. 100 percent of Medicaid DRG. Add-on payment, and lesser of 100% of billed charges.",22936.63,,,,,,,Case Rate,". 290 percent of Medicaid DRG. Add-on payment, and lesser of 100% of billed charges. 290 percent of Medicaid DRG. Add-on payment, and lesser of 100% of billed charges.",22936.63,,,,,,,Case Rate,". 290 percent of Medicaid DRG. Add-on payment, and lesser of 100% of billed charges. 290 percent of Medicaid DRG. Add-on payment, and lesser of 100% of billed charges.",22936.63,,,,,,,Case Rate,". 290 percent of Medicaid DRG. Add-on payment, and lesser of 100% of billed charges. 290 percent of Medicaid DRG. Add-on payment, and lesser of 100% of billed charges.",22936.63,,,,,,,Case Rate,". 290 percent of Medicaid DRG. Add-on payment, and lesser of 100% of billed charges. 290 percent of Medicaid DRG. Add-on payment, and lesser of 100% of billed charges.",,,,,,,,," ",,,,,,,,,".  ",10677.4,,,,,,,Case Rate,"135% of Medicaid EP 1 and 2, 100% of medicaid EP 3 and 4.  ",10677.4,,,,,,,Case Rate,"135% of Medicaid EP 1 and 2, 100% of medicaid EP 3 and 4.  ",7909.18,,,,,,,Case Rate,". 100 percent of Medicaid DRG. Add-on payment, and lesser of 100% of billed charges. 100 percent of Medicaid DRG. Add-on payment, and lesser of 100% of billed charges.",7909.18,,,,,,,Case Rate,". 100 percent of Medicaid DRG. Add-on payment, and lesser of 100% of billed charges. 100 percent of Medicaid DRG. Add-on payment, and lesser of 100% of billed charges.",,,,,,,,,".  ",,,,,,,,,".  ",,,,,,,,,". 100 percent of Medicare DRG. Add-on payment,  . 100 percent of Medicare DRG. Add-on payment,  .",,,,,,,,,".  ",,,,,,,,,".  ",,,,,,,,,".  ",,,,,,,,,".  ",,,,,,,,,". 100 percent of Medicare DRG. Add-on payment,  . 100 percent of Medicare DRG. Add-on payment,  .",,,,,,,,,".  ",,,,,,,,,".  ",,,,,,,,,". GMLOS + 8 Outlier per Diem $6,968.00. Add-on payment, and lesser of 100% of billed charges. GMLOS + 8 Outlier per Diem $6,968.00. Add-on payment, and lesser of 100% of billed charges.",7909.18,,,,,,,Case Rate,". 100 percent of Medicaid DRG. Add-on payment, and lesser of 100% of billed charges. 100 percent of Medicaid DRG. Add-on payment, and lesser of 100% of billed charges.",7909.18,,,,,,,Case Rate,". 100 percent of Medicaid DRG. Add-on payment, and lesser of 100% of billed charges. 100 percent of Medicaid DRG. Add-on payment, and lesser of 100% of billed charges.",17795.66,,,,,,,Case Rate,". 225 percent of Medicaid DRG. Add-on payment, and lesser of 225% of billed charges. 225 percent of Medicaid DRG. Add-on payment, and lesser of 225% of billed charges.",11106.51,,,,,,,Case Rate,". 225 percent of Medicaid DRG. Add-on payment, and lesser of 225% of billed charges. 225 percent of Medicaid DRG. Add-on payment, and lesser of 225% of billed charges.",7909.18,,,,,,,Case Rate,". 100 percent of Medicaid DRG. Add-on payment, and lesser of 100% of billed charges. 100 percent of Medicaid DRG. Add-on payment, and lesser of 100% of billed charges.",17795.66,,,,,,,Case Rate,". 225 percent of Medicaid DRG. Add-on payment, and lesser of 225% of billed charges. 225 percent of Medicaid DRG. Add-on payment, and lesser of 225% of billed charges.",17795.66,,,,,,,Case Rate,". 225 percent of Medicaid DRG. Add-on payment, and lesser of 225% of billed charges. 225 percent of Medicaid DRG. Add-on payment, and lesser of 225% of billed charges.",17795.66,,,,,,,Case Rate,". 225 percent of Medicaid DRG. Add-on payment, and lesser of 225% of billed charges. 225 percent of Medicaid DRG. Add-on payment, and lesser of 225% of billed charges.",17795.66,,,,,,,Case Rate,". 225 percent of Medicaid DRG. Add-on payment, and lesser of 225% of billed charges. 225 percent of Medicaid DRG. Add-on payment, and lesser of 225% of billed charges.",17795.66,,,,,,,Case Rate,". 225 percent of Medicaid DRG. Add-on payment, and lesser of 225% of billed charges. 225 percent of Medicaid DRG. Add-on payment, and lesser of 225% of billed charges.",17795.66,,,,,,,Case Rate,". 225 percent of Medicaid DRG. Add-on payment, and lesser of 225% of billed charges. 225 percent of Medicaid DRG. Add-on payment, and lesser of 225% of billed charges.",,,,,,,,," ",,,,,,,,," ",,,,,,,,," ",,,,,,,,,".  ",,,,,,,,," ",,,,,,,,,". 100 percent of Medicare DRG. Add-on payment,  . 100 percent of Medicare DRG. Add-on payment,  .",,,,,,,,,".  ",,,,,,,,,". 100 percent of Medicare DRG. Add-on payment,  . 100 percent of Medicare DRG. Add-on payment,  .",,,,,,,,,". 100 percent of Medicare DRG. Add-on payment,  . 100 percent of Medicare DRG. Add-on payment,  .",10677.4,,,,,,,Case Rate,"135% of Medicaid EP 1 and 2, 100% of medicaid EP 3 and 4.  ",10677.4,,,,,,,Case Rate,"135% of Medicaid EP 1 and 2, 100% of medicaid EP 3 and 4.  ",7909.18,,,,,,,Case Rate,". 100 percent of Medicaid DRG. Add-on payment, and lesser of 100% of billed charges. 100 percent of Medicaid DRG. Add-on payment, and lesser of 100% of billed charges.",7909.18,,,,,,,Case Rate,". 100 percent of Medicaid DRG. Add-on payment, and lesser of 100% of billed charges. 100 percent of Medicaid DRG. Add-on payment, and lesser of 100% of billed charges.",7909.18,,,,,,,Case Rate,". 100 percent of Medicaid DRG. Add-on payment, and lesser of 100% of billed charges. 100 percent of Medicaid DRG. Add-on payment, and lesser of 100% of billed charges.",,,,,,,,," ",,,,,,,,,". GMLOS + 8 Outlier per Diem $6,968.00. Add-on payment, and lesser of 100% of billed charges. GMLOS + 8 Outlier per Diem $6,968.00. Add-on payment, and lesser of 100% of billed charges.",,,,,,,,," ",,,,,,,,,".  ",,,,,,,,,". 100 percent of Medicare DRG. Add-on payment, . 100 percent of Medicare DRG. Add-on payment, .",,,,,,,,,". 100 percent of Medicare DRG. Add-on payment,  . 100 percent of Medicare DRG. Add-on payment,  .",,,,,,,,,". 100 percent of Medicare DRG. Add-on payment,  . 100 percent of Medicare DRG. Add-on payment,  .",,,,,,,,,". 100 percent of Medicare DRG. Add-on payment,  . 100 percent of Medicare DRG. Add-on payment,  .",,,,,,,,,". 100 percent of Medicare DRG. Add-on payment, . 100 percent of Medicare DRG. Add-on payment, .",,,,,,,,,". 100 percent of Medicare DRG. Add-on payment,  . 100 percent of Medicare DRG. Add-on payment,  .",,,,,,,,," ",17795.66,,,,,,,Case Rate,". 225 percent of Medicaid DRG. Add-on payment, and lesser of 225% of billed charges. 225 percent of Medicaid DRG. Add-on payment, and lesser of 225% of billed charges.",7909.18,,,,,,,Case Rate,". 100 percent of Medicaid DRG. Add-on payment, and lesser of 100% of billed charges. 100 percent of Medicaid DRG. Add-on payment, and lesser of 100% of billed charges.",,,,,,,,,".  ",,,,,,,,," ",,,,,,,,," ",,,,,,,,," ",,,,,,,,," ",,,,,,,,,". 100 percent of Medicare DRG. Add-on payment,  . 100 percent of Medicare DRG. Add-on payment,  .",7909.18,,,,,,,Case Rate,". 100 percent of Medicaid DRG. Add-on payment, and lesser of 100% of billed charges. 100 percent of Medicaid DRG. Add-on payment, and lesser of 100% of billed charges.",,,,,,,,,".  ",7909.18,,,,,,,Case Rate,". 100 percent of Medicaid DRG. Add-on payment, and lesser of 100% of billed charges. 100 percent of Medicaid DRG. Add-on payment, and lesser of 100% of billed charges.",,,,,,,,,". 100 percent of Medicare DRG. Add-on payment,  . 100 percent of Medicare DRG. Add-on payment,  .",7909.18,,,,,,,Case Rate,". 100 percent of Medicaid DRG. Add-on payment, and lesser of 100% of billed charges. 100 percent of Medicaid DRG. Add-on payment, and lesser of 100% of billed charges.",,,,,,,,,". 100 percent of Medicare DRG. Add-on payment,  . 100 percent of Medicare DRG. Add-on payment,  .",,,,,,,,,". 100 percent of Medicare DRG. Add-on payment,  . 100 percent of Medicare DRG. Add-on payment,  .",7909.18,,,,,,,Case Rate,". 100 percent of Medicaid DRG. Add-on payment, and lesser of 100% of billed charges. 100 percent of Medicaid DRG. Add-on payment, and lesser of 100% of billed charges.",7909.18,,,,,,,Case Rate,". 100 percent of Medicaid DRG. Add-on payment, and lesser of 100% of billed charges. 100 percent of Medicaid DRG. Add-on payment, and lesser of 100% of billed charges.",,,,,,,,," ",,,,,,,,,".  ",,73,,,,,0,Percent of total billed charges,73 percent of charges.  ; No services were performed during the 15 month look back period.,,,,,,,,,".  ",,,,,,,,,".  ",,,,,,,,,". GMLOS + 8 Outlier per Diem $6,968.00. Add-on payment, and lesser of 100% of billed charges. GMLOS + 8 Outlier per Diem $6,968.00. Add-on payment, and lesser of 100% of billed charges.",,,,,,,,,". 93 percent of Medicare DRG. Add-on payment, and lesser of 100% of billed charges. 93 percent of Medicare DRG. Add-on payment, and lesser of 100% of billed charges.",,,,,,,,," ",,,,,,,,," ",,,,,,,,,".  ",,,,,,,,,".  ",,,,,,,,,". 100 percent of Medicare DRG. Add-on payment,  . 100 percent of Medicare DRG. Add-on payment,  .",,,,,,,,,". 100 percent of Medicare DRG. Add-on payment,  . 100 percent of Medicare DRG. Add-on payment,  .",,,,,,,,,". 100 percent of Medicare DRG. Add-on payment,  . 100 percent of Medicare DRG. Add-on payment,  .",,,,,,,,,". 100 percent of Medicare DRG. Add-on payment,  . 100 percent of Medicare DRG. Add-on payment,  .",,,,,,,,,".  ",,,,,,,,,".  ",,,,,,,,,".  ",,,,,,,,,". 100 percent of Medicare DRG. Add-on payment,  . 100 percent of Medicare DRG. Add-on payment,  .",,,,,,,,,".  ",,,,,,,,," ",7909.18,,,,,,,Case Rate,". 100 percent of Medicaid DRG. Add-on payment, and lesser of 100% of billed charges. 100 percent of Medicaid DRG. Add-on payment, and lesser of 100% of billed charges.",7909.18,,,,,,,Case Rate,". 100 percent of Medicaid DRG. Add-on payment, and lesser of 100% of billed charges. 100 percent of Medicaid DRG. Add-on payment, and lesser of 100% of billed charges.",,,,,,,,," ",,,,,,,,,".  ",,,,,,,,,".  ",,,,,,,,,".  ",,,,,,,,,".  ",,,,,,,,,". 100 percent of Medicare DRG. Add-on payment, . 100 percent of Medicare DRG. Add-on payment, .",8304.64,,,,,,,Case Rate,". 105 percent of Medicaid DRG. Add-on payment, and lesser of 100% of billed charges. 105 percent of Medicaid DRG. Add-on payment, and lesser of 100% of billed charges.",8304.64,,,,,,,Case Rate,". 105 percent of Medicaid DRG. Add-on payment, and lesser of 100% of billed charges. 105 percent of Medicaid DRG. Add-on payment, and lesser of 100% of billed charges.",8304.64,,,,,,,Case Rate,". 105 percent of Medicaid DRG. Add-on payment, and lesser of 100% of billed charges. 105 percent of Medicaid DRG. Add-on payment, and lesser of 100% of billed charges.",8304.64,,,,,,,Case Rate,". 105 percent of Medicaid DRG. Add-on payment, and lesser of 100% of billed charges. 105 percent of Medicaid DRG. Add-on payment, and lesser of 100% of billed charges.",,,,,,,,,".  ",8304.64,,,,,,,Case Rate,". 105 percent of Medicaid DRG. Add-on payment, and lesser of 100% of billed charges. 105 percent of Medicaid DRG. Add-on payment, and lesser of 100% of billed charges.",8304.64,,,,,,,Case Rate,". 105 percent of Medicaid DRG. Add-on payment, and lesser of 100% of billed charges. 105 percent of Medicaid DRG. Add-on payment, and lesser of 100% of billed charges.",8304.64,,,,,,,Case Rate,". 105 percent of Medicaid DRG. Add-on payment, and lesser of 100% of billed charges. 105 percent of Medicaid DRG. Add-on payment, and lesser of 100% of billed charges.",8304.64,,,,,,,Case Rate,". 105 percent of Medicaid DRG. Add-on payment, and lesser of 100% of billed charges. 105 percent of Medicaid DRG. Add-on payment, and lesser of 100% of billed charges.",8304.64,,,,,,,Case Rate,". 105 percent of Medicaid DRG. Add-on payment, and lesser of 100% of billed charges. 105 percent of Medicaid DRG. Add-on payment, and lesser of 100% of billed charges.",8304.64,,,,,,,Case Rate,". 105 percent of Medicaid DRG. Add-on payment, and lesser of 100% of billed charges. 105 percent of Medicaid DRG. Add-on payment, and lesser of 100% of billed charges.",8304.64,,,,,,,Case Rate,". 105 percent of Medicaid DRG. Add-on payment, and lesser of 100% of billed charges. 105 percent of Medicaid DRG. Add-on payment, and lesser of 100% of billed charges.",,,,,,,,,". 100 percent of Medicare DRG. Add-on payment,  . 100 percent of Medicare DRG. Add-on payment,  .",,,,,,,,,".  ",,,,,,,,,". 100 percent of Medicare DRG. Add-on payment,  . 100 percent of Medicare DRG. Add-on payment,  .",8304.64,,,,,,,Case Rate,". 105 percent of Medicaid DRG. Add-on payment, and lesser of 100% of billed charges. 105 percent of Medicaid DRG. Add-on payment, and lesser of 100% of billed charges.",,,,,,,,,".  ",,,,,,,,,". 100 percent of Medicare DRG. Add-on payment,  . 100 percent of Medicare DRG. Add-on payment,  .",,,,,,,,,".  ",,,,,,,,,".  ",,,,,,,,,".  ",8304.64,,,,,,,Case Rate,". 105 percent of Medicaid DRG. Add-on payment, and lesser of 100% of billed charges. 105 percent of Medicaid DRG. Add-on payment, and lesser of 100% of billed charges.",,,,,,,,,". 100 percent of Medicare DRG. Add-on payment,  . 100 percent of Medicare DRG. Add-on payment,  .",,,,,,,,,".  ",8304.64,,,,,,,Case Rate,". 105 percent of Medicaid DRG. Add-on payment, and lesser of 100% of billed charges. 105 percent of Medicaid DRG. Add-on payment, and lesser of 100% of billed charges.",,,,,,,,,".  ",,,,,,,,,". Delay in Discharge per diem $4,898 Delay in Discharge per diem $4,898",,,,,,,,,". 100 percent of Medicare DRG. Add-on payment, . 100 percent of Medicare DRG. Add-on payment, .",,,,,,,,," ",,,,,,,,," ",,,,,,,,," ",,,,,,,,," ",,,,,,,,," ",,,,,,,,," ",,,,,,,,," ",,,,,,,,," ",,,,,,,,," ",,,,,,,,," ",,,,,,,,," ",,,,,,,,," ",,,,,,,,,". 100 percent of Medicare DRG. Add-on payment,  . 100 percent of Medicare DRG. Add-on payment,  .",,,,,,,,," ",,,,,,,,,". 100 percent of Medicare DRG. Add-on payment,  . 100 percent of Medicare DRG. Add-on payment,  .",17795.66,,,,,,,Case Rate,". 225 percent of Medicaid DRG. Add-on payment, and lesser of 225% of billed charges. 225 percent of Medicaid DRG. Add-on payment, and lesser of 225% of billed charges.",7909.18,,,,,,,Case Rate,". 100 percent of Medicaid DRG. Add-on payment, and lesser of 100% of billed charges. 100 percent of Medicaid DRG. Add-on payment, and lesser of 100% of billed charges.",,,,,,,,,".  ",,,,,,,,,".  ",,,,,,,,,". 100 percent of Medicare DRG. Add-on payment,  . 100 percent of Medicare DRG. Add-on payment,  .",,,,,,,,," ",,,,,,,,,". 100 percent of Medicare DRG. Add-on payment,  . 100 percent of Medicare DRG. Add-on payment,  .",,,,,,,,,". 100 percent of Medicare DRG. Add-on payment,  . 100 percent of Medicare DRG. Add-on payment,  .",,,,,,,,,". GMLOS + 8 Outlier per Diem $6,968.00. Add-on payment, and lesser of 100% of billed charges. GMLOS + 8 Outlier per Diem $6,968.00. Add-on payment, and lesser of 100% of billed charges.",,,,,,,,,". 100 percent of Medicare DRG. Add-on payment,  . 100 percent of Medicare DRG. Add-on payment,  .",,,,,,,,,".  ",,,,,,,,,". 100 percent of Medicare DRG. Add-on payment,  . 100 percent of Medicare DRG. Add-on payment,  .",,,,,,,,,".  ",,,,,,,,,". GMLOS + 8 Outlier per Diem $6,968.00. Add-on payment, and lesser of 100% of billed charges. GMLOS + 8 Outlier per Diem $6,968.00. Add-on payment, and lesser of 100% of billed charges.",,,,,,,,,".  ",,,,,,,,,". 100 percent of Medicare DRG. Add-on payment,  . 100 percent of Medicare DRG. Add-on payment,  .",7909.18,,,,,,,Case Rate,". 100 percent of Medicaid DRG. Add-on payment, and lesser of 100% of billed charges. 100 percent of Medicaid DRG. Add-on payment, and lesser of 100% of billed charges.",,,,,,,,,". 100 percent of Medicare DRG. Add-on payment,  . 100 percent of Medicare DRG. Add-on payment,  .",,,,,,,,,".  ",,,,,,,,,".  ",7909.18,,,,,,,Case Rate,". 100 percent of Medicaid DRG. Add-on payment, and lesser of 100% of billed charges. 100 percent of Medicaid DRG. Add-on payment, and lesser of 100% of billed charges.",,,,,,,,,".  ",7909.18,,,,,,,Case Rate,". 100 percent of Medicaid DRG. Add-on payment, and lesser of 100% of billed charges. 100 percent of Medicaid DRG. Add-on payment, and lesser of 100% of billed charges.",7909.18,,,,,,,Case Rate,". 100 percent of Medicaid DRG. Add-on payment, and lesser of 100% of billed charges. 100 percent of Medicaid DRG. Add-on payment, and lesser of 100% of billed charges.",,,,,,,,,".  ",,,,,,,,,".  ",,,,,,,,,".  ",,,,,,,,,".  ",,,,,,,,,".  ",,,,,,,,,".  ",,,,,,,,,".  ",,,,,,,,," ",,,,,,,,," ",,,,,,,,," ",7909.18,,,,,,,Case Rate,". 100 percent of Medicaid DRG. Add-on payment, and lesser of 100% of billed charges. 100 percent of Medicaid DRG. Add-on payment, and lesser of 100% of billed charges.",,,,,,,,,".  ",,,,,,,,,".  ",,,,,,,,,". GMLOS + 8 Outlier per Diem $6,968.00. Add-on payment, and lesser of 100% of billed charges. GMLOS + 8 Outlier per Diem $6,968.00. Add-on payment, and lesser of 100% of billed charges.",,,,,,,,,".  ",,,,,,,,,". GMLOS + 8 Outlier per Diem $6,968.00. Add-on payment, and lesser of 100% of billed charges. GMLOS + 8 Outlier per Diem $6,968.00. Add-on payment, and lesser of 100% of billed charges.",,,,,,,,,".  ",,,,,,,,,".  ",,,,,,,,,".  ",,,,,,,,,".  ",,,,,,,,,".  ",,,,,,,,,". 100 percent of Medicare DRG. Add-on payment,  . 100 percent of Medicare DRG. Add-on payment,  .",4936.23,22936.63,
APR121-2,DRG,,,,,APR121-2 OTHER RESPIRATORY & CHEST PROCEDURES,,,Inpatient,,,,,,,,,,,,".  ",,,,,,,,,".  ",,,,,,,,,". GMLOS + 8 Outlier per Diem $6,968.00. Add-on payment, and lesser of 100% of billed charges. GMLOS + 8 Outlier per Diem $6,968.00. Add-on payment, and lesser of 100% of billed charges.",,100,,,,,0,Percent of total billed charges,100 percent of charges.  ; No services were performed during the 15 month look back period.,,,,,,,,,". 100 percent of Medicare DRG. Add-on payment,  . 100 percent of Medicare DRG. Add-on payment,  .",,,,,,,,,". GMLOS + 8 Outlier per Diem $6,968.00. Add-on payment, and lesser of 100% of billed charges. GMLOS + 8 Outlier per Diem $6,968.00. Add-on payment, and lesser of 100% of billed charges.",,,,,,,,,". GMLOS + 8 Outlier per Diem $6,968.00. Add-on payment, and lesser of 100% of billed charges. GMLOS + 8 Outlier per Diem $6,968.00. Add-on payment, and lesser of 100% of billed charges.",,,,,,,,,". GMLOS + 8 Outlier per Diem $6,968.00. Add-on payment, and lesser of 100% of billed charges. GMLOS + 8 Outlier per Diem $6,968.00. Add-on payment, and lesser of 100% of billed charges.",31084.73,,,,,,,Case Rate,". 155 percent of Medicaid DRG. Add-on payment, and lesser of 100% of billed charges. 155 percent of Medicaid DRG. Add-on payment, and lesser of 100% of billed charges.",20054.67,,,,,,,Case Rate,". 100 percent of Medicaid DRG. Add-on payment, and lesser of 100% of billed charges. 100 percent of Medicaid DRG. Add-on payment, and lesser of 100% of billed charges.",,73,,,,,0,Percent of total billed charges,73 percent of charges.  ; No services were performed during the 15 month look back period.,,,,,,,,,".  ",20054.67,,,,,,,Case Rate,". 100 percent of Medicaid DRG. Add-on payment, and lesser of 100% of billed charges. 100 percent of Medicaid DRG. Add-on payment, and lesser of 100% of billed charges.",,,,,,,,,". 100 percent of Medicare DRG. Add-on payment,  . 100 percent of Medicare DRG. Add-on payment,  .",,,,,,,,,".  ",,,,,,,,,".  ",,,,,,,,,".  ",,,,,,,,,".  ",20054.67,,,,,,,Case Rate,". 100 percent of Medicaid DRG. Add-on payment, and lesser of 100% of billed charges. 100 percent of Medicaid DRG. Add-on payment, and lesser of 100% of billed charges.",,,,,,,,,". 100 percent of Medicare DRG. Add-on payment,  . 100 percent of Medicare DRG. Add-on payment,  .",20054.67,,,,,,,Case Rate,". 100 percent of Medicaid DRG. Add-on payment, and lesser of 100% of billed charges. 100 percent of Medicaid DRG. Add-on payment, and lesser of 100% of billed charges.",,73,,,,,0,Percent of total billed charges,73 percent of charges.  ; No services were performed during the 15 month look back period.,,,,,,,,,". GMLOS + 8 Outlier per Diem $6,968.00. Add-on payment, and lesser of 100% of billed charges. GMLOS + 8 Outlier per Diem $6,968.00. Add-on payment, and lesser of 100% of billed charges.",,,,,,,,,". 100 percent of Medicare DRG. Add-on payment, and lesser of 100% of billed charges. 100 percent of Medicare DRG. Add-on payment, and lesser of 100% of billed charges.",,,,,,,,," ",,,,,,,,,". 100 percent of Medicare DRG. Add-on payment, and lesser of 100% of billed charges. 100 percent of Medicare DRG. Add-on payment, and lesser of 100% of billed charges.",,,,,,,,,". 100 percent of Medicare DRG. Add-on payment, and lesser of 100% of billed charges. 100 percent of Medicare DRG. Add-on payment, and lesser of 100% of billed charges.",,73,,,,,0,Percent of total billed charges,73 percent of charges.  ; No services were performed during the 15 month look back period.,20054.67,,,,,,,Case Rate,". 100 percent of Medicaid DRG. Add-on payment, and lesser of 100% of billed charges. 100 percent of Medicaid DRG. Add-on payment, and lesser of 100% of billed charges.",20054.67,,,,,,,Case Rate,". 100 percent of Medicaid DRG. Add-on payment, and lesser of 100% of billed charges. 100 percent of Medicaid DRG. Add-on payment, and lesser of 100% of billed charges.",20054.67,,,,,,,Case Rate,". 100 percent of Medicaid DRG. Add-on payment, and lesser of 100% of billed charges. 100 percent of Medicaid DRG. Add-on payment, and lesser of 100% of billed charges.",20054.67,,,,,,,Case Rate,". 100 percent of Medicaid DRG. Add-on payment, and lesser of 100% of billed charges. 100 percent of Medicaid DRG. Add-on payment, and lesser of 100% of billed charges.",,,,,,,,," ",,,,,,,,," ",20054.67,,,,,,,Case Rate,". 100 percent of Medicaid DRG. Add-on payment, and lesser of 100% of billed charges. 100 percent of Medicaid DRG. Add-on payment, and lesser of 100% of billed charges.",,,,,,,,," ",20054.67,,,,,,,Case Rate,". 100 percent of Medicaid DRG. Add-on payment, and lesser of 100% of billed charges. 100 percent of Medicaid DRG. Add-on payment, and lesser of 100% of billed charges.",,,,,,,,,". 100 percent of Medicare DRG. Add-on payment, . 100 percent of Medicare DRG. Add-on payment, .",,,,,,,,," ",,73,,,,,0,Percent of total billed charges,73 percent of charges.  ; No services were performed during the 15 month look back period.,20054.67,,,,,,,Case Rate,". 100 percent of Medicaid DRG. Add-on payment, and lesser of 100% of billed charges. 100 percent of Medicaid DRG. Add-on payment, and lesser of 100% of billed charges.",20054.67,,,,,,,Case Rate,". 100 percent of Medicaid DRG. Add-on payment, and lesser of 100% of billed charges. 100 percent of Medicaid DRG. Add-on payment, and lesser of 100% of billed charges.",,73,,,,,0,Percent of total billed charges,73 percent of charges.  ; No services were performed during the 15 month look back period.,,,,,,,,,".  ",,,,,,,,,".  ",,,,,,,,,".  ",,73,,,,,0,Percent of total billed charges,73 percent of charges.  ; No services were performed during the 15 month look back period.,,,,,,,,,". 100 percent of Medicare DRG. Add-on payment,  . 100 percent of Medicare DRG. Add-on payment,  .",,,,,,,,,".  ",,,,,,,,,".  ",,,,,,,,,".  ",,,,,,,,,". 100 percent of Medicare DRG. Add-on payment,  . 100 percent of Medicare DRG. Add-on payment,  .",,,,,,,,,".  ",,,,,,,,,".  ",,,,,,,,,". 100 percent of Medicare DRG. Add-on payment, and lesser of 100% of billed charges. 100 percent of Medicare DRG. Add-on payment, and lesser of 100% of billed charges.",,,,,,,,,".  ",,,,,,,,,".  ",,,,,,,,,".  ",,,,,,,,,".  ",,,,,,,,,".  ",,,,,,,,,".  ",,,,,,,,,".  ",,,,,,,,,". 100 percent of Medicare DRG. Add-on payment,  . 100 percent of Medicare DRG. Add-on payment,  .",,,,,,,,,". 100 percent of Medicare DRG. Add-on payment,  . 100 percent of Medicare DRG. Add-on payment,  .",,,,,,,,,".  ",,73,,,,,0,Percent of total billed charges,73 percent of charges.  ; No services were performed during the 15 month look back period.,,73,,,,,0,Percent of total billed charges,73 percent of charges.  ; No services were performed during the 15 month look back period.,,73,,,,,0,Percent of total billed charges,73 percent of charges.  ; No services were performed during the 15 month look back period.,,73,,,,,0,Percent of total billed charges,73 percent of charges.  ; No services were performed during the 15 month look back period.,,73,,,,,0,Percent of total billed charges,73 percent of charges.  ; No services were performed during the 15 month look back period.,,73,,,,,0,Percent of total billed charges,73 percent of charges.  ; No services were performed during the 15 month look back period.,,73,,,,,0,Percent of total billed charges,73 percent of charges.  ; No services were performed during the 15 month look back period.,,73,,,,,0,Percent of total billed charges,73 percent of charges.  ; No services were performed during the 15 month look back period.,,73,,,,,0,Percent of total billed charges,73 percent of charges.  ; No services were performed during the 15 month look back period.,,73,,,,,0,Percent of total billed charges,73 percent of charges.  ; No services were performed during the 15 month look back period.,,73,,,,,0,Percent of total billed charges,73 percent of charges.  ; No services were performed during the 15 month look back period.,,73,,,,,0,Percent of total billed charges,73 percent of charges.  ; No services were performed during the 15 month look back period.,,73,,,,,0,Percent of total billed charges,73 percent of charges.  ; No services were performed during the 15 month look back period.,,73,,,,,0,Percent of total billed charges,73 percent of charges.  ; No services were performed during the 15 month look back period.,,73,,,,,0,Percent of total billed charges,73 percent of charges.  ; No services were performed during the 15 month look back period.,,73,,,,,0,Percent of total billed charges,73 percent of charges.  ; No services were performed during the 15 month look back period.,,73,,,,,0,Percent of total billed charges,73 percent of charges.  ; No services were performed during the 15 month look back period.,,73,,,,,0,Percent of total billed charges,73 percent of charges.  ; No services were performed during the 15 month look back period.,,73,,,,,0,Percent of total billed charges,73 percent of charges.  ; No services were performed during the 15 month look back period.,,73,,,,,0,Percent of total billed charges,73 percent of charges.  ; No services were performed during the 15 month look back period.,,73,,,,,0,Percent of total billed charges,73 percent of charges.  ; No services were performed during the 15 month look back period.,,73,,,,,0,Percent of total billed charges,73 percent of charges.  ; No services were performed during the 15 month look back period.,,73,,,,,0,Percent of total billed charges,73 percent of charges.  ; No services were performed during the 15 month look back period.,,73,,,,,0,Percent of total billed charges,73 percent of charges.  ; No services were performed during the 15 month look back period.,,73,,,,,0,Percent of total billed charges,73 percent of charges.  ; No services were performed during the 15 month look back period.,,73,,,,,0,Percent of total billed charges,73 percent of charges.  ; No services were performed during the 15 month look back period.,,,,,,,,," ",,,,,,,,," ",,,,,,,,," ",,,,,,,,," ",,,,,,,,," ",,,,,,,,," ",,,,,,,,,".  ",,,,,,,,,".  ",,,,,,,,,".  ",,,,,,,,,".  ",,73,,,,,0,Percent of total billed charges,73 percent of charges.  ; No services were performed during the 15 month look back period.,,,,,,,,," ",,,,,,,,,".  ",,,,,,,,,".  ",,,,,,,,,".  ",,,,,,,,," ",,73,,,,,0,Percent of total billed charges,73 percent of charges.  ; No services were performed during the 15 month look back period.,20054.67,,,,,,,Case Rate,". 100 percent of Medicaid DRG. Add-on payment, and lesser of 100% of billed charges. 100 percent of Medicaid DRG. Add-on payment, and lesser of 100% of billed charges.",,,,,,,,," ",20054.67,,,,,,,Case Rate,". 100 percent of Medicaid DRG. Add-on payment, and lesser of 100% of billed charges. 100 percent of Medicaid DRG. Add-on payment, and lesser of 100% of billed charges.",,,,,,,,,". 100 percent of Medicare DRG. Add-on payment, . 100 percent of Medicare DRG. Add-on payment, .",,,,,,,,,". 100 percent of Medicare DRG. Add-on payment,  . 100 percent of Medicare DRG. Add-on payment,  .",,,,,,,,,".  ",,,,,,,,,". 100 percent of Medicare DRG. Add-on payment,  . 100 percent of Medicare DRG. Add-on payment,  .",,,,,,,,,". 100 percent of Medicare DRG. Add-on payment,  . 100 percent of Medicare DRG. Add-on payment,  .",20054.67,,,,,,,Case Rate,". 100 percent of Medicaid DRG. Add-on payment, and lesser of 100% of billed charges. 100 percent of Medicaid DRG. Add-on payment, and lesser of 100% of billed charges.",,,,,,,,,". 100 percent of Medicare DRG. Add-on payment,  . 100 percent of Medicare DRG. Add-on payment,  .",,,,,,,,,". 100 percent of Medicare DRG. Add-on payment,  . 100 percent of Medicare DRG. Add-on payment,  .",,,,,,,,,". GMLOS + 8 Outlier per Diem $6,968.00. Add-on payment, and lesser of 100% of billed charges. GMLOS + 8 Outlier per Diem $6,968.00. Add-on payment, and lesser of 100% of billed charges.",,,,,,,,,". GMLOS + 8 Outlier per Diem $6,968.00. Add-on payment, and lesser of 100% of billed charges. GMLOS + 8 Outlier per Diem $6,968.00. Add-on payment, and lesser of 100% of billed charges.",,,,,,,,,". 100 percent of Medicare DRG. Add-on payment,  . 100 percent of Medicare DRG. Add-on payment,  .",,,,,,,,,".  ",,,,,,,,,".  ",,,,,,,,,".  ",,,,,,,,,". 100 percent of Medicare DRG. Add-on payment,  . 100 percent of Medicare DRG. Add-on payment,  .",,,,,,,,,".  ",,,,,,,,,". GMLOS + 8 Outlier per Diem $6,968.00. Add-on payment, and lesser of 100% of billed charges. GMLOS + 8 Outlier per Diem $6,968.00. Add-on payment, and lesser of 100% of billed charges.",,,,,,,,,". GMLOS + 8 Outlier per Diem $6,968.00. Add-on payment, and lesser of 100% of billed charges. GMLOS + 8 Outlier per Diem $6,968.00. Add-on payment, and lesser of 100% of billed charges.",,,,,,,,,". GMLOS + 8 Outlier per Diem $6,968.00. Add-on payment, and lesser of 100% of billed charges. GMLOS + 8 Outlier per Diem $6,968.00. Add-on payment, and lesser of 100% of billed charges.",,73,,,,,0,Percent of total billed charges,73 percent of charges.  ; No services were performed during the 15 month look back period.,,73,,,,,0,Percent of total billed charges,73 percent of charges.  ; No services were performed during the 15 month look back period.,,73,,,,,0,Percent of total billed charges,73 percent of charges.  ; No services were performed during the 15 month look back period.,,73,,,,,0,Percent of total billed charges,73 percent of charges.  ; No services were performed during the 15 month look back period.,,73,,,,,0,Percent of total billed charges,73 percent of charges.  ; No services were performed during the 15 month look back period.,,73,,,,,0,Percent of total billed charges,73 percent of charges.  ; No services were performed during the 15 month look back period.,,73,,,,,0,Percent of total billed charges,73 percent of charges.  ; No services were performed during the 15 month look back period.,,73,,,,,0,Percent of total billed charges,73 percent of charges.  ; No services were performed during the 15 month look back period.,,73,,,,,0,Percent of total billed charges,73 percent of charges.  ; No services were performed during the 15 month look back period.,,73,,,,,0,Percent of total billed charges,73 percent of charges.  ; No services were performed during the 15 month look back period.,,73,,,,,0,Percent of total billed charges,73 percent of charges.  ; No services were performed during the 15 month look back period.,,,,,,,,," ",,,,,,,,,".  ",,,,,,,,,".  ",,,,,,,,,". 100 percent of Medicare DRG. Add-on payment,  . 100 percent of Medicare DRG. Add-on payment,  .",,,,,,,,,". GMLOS + 8 Outlier per Diem $6,968.00. Add-on payment, and lesser of 100% of billed charges. GMLOS + 8 Outlier per Diem $6,968.00. Add-on payment, and lesser of 100% of billed charges.",,,,,,,,,".  ",,,,,,,,,".  ",,73,,,,,0,Percent of total billed charges,73 percent of charges.  ; No services were performed during the 15 month look back period.,40109.33,,,,,,,Case Rate,". 200 percent of Medicaid DRG. Add-on payment, and lesser of 200% of billed charges. 200 percent of Medicaid DRG. Add-on payment, and lesser of 200% of billed charges.",,,,,,,,,".  ",20054.67,,,,,,,Case Rate,". 100 percent of Medicaid DRG. Add-on payment, and lesser of 100% of billed charges. 100 percent of Medicaid DRG. Add-on payment, and lesser of 100% of billed charges.",,,,,,,,,". 100 percent of Medicare DRG. Add-on payment,  . 100 percent of Medicare DRG. Add-on payment,  .",,,,,,,,,". 100 percent of Medicare DRG. Add-on payment,  . 100 percent of Medicare DRG. Add-on payment,  .",,,,,,,,,". 100 percent of Medicare DRG. Add-on payment,  . 100 percent of Medicare DRG. Add-on payment,  .",,,,,,,,,". 100 percent of Medicare DRG. Add-on payment,  . 100 percent of Medicare DRG. Add-on payment,  .",,,,,,,,,". 100 percent of Medicare DRG. Add-on payment,  . 100 percent of Medicare DRG. Add-on payment,  .",,,,,,,,,". 100 percent of Medicare DRG. Add-on payment,  . 100 percent of Medicare DRG. Add-on payment,  .",,,,,,,,,".  ",,,,,,,,,".  ",45123,,,,,,,Case Rate,". 225 percent of Medicaid DRG. Add-on payment, and lesser of 100% of billed charges. 225 percent of Medicaid DRG. Add-on payment, and lesser of 100% of billed charges.",45123,,,,,,,Case Rate,". 225 percent of Medicaid DRG. Add-on payment, and lesser of 100% of billed charges. 225 percent of Medicaid DRG. Add-on payment, and lesser of 100% of billed charges.",45123,,,,,,,Case Rate,". 225 percent of Medicaid DRG. Add-on payment, and lesser of 100% of billed charges. 225 percent of Medicaid DRG. Add-on payment, and lesser of 100% of billed charges.",45123,,,,,,,Case Rate,". 225 percent of Medicaid DRG. Add-on payment, and lesser of 100% of billed charges. 225 percent of Medicaid DRG. Add-on payment, and lesser of 100% of billed charges.",45123,,,,,,,Case Rate,". 225 percent of Medicaid DRG. Add-on payment, and lesser of 100% of billed charges. 225 percent of Medicaid DRG. Add-on payment, and lesser of 100% of billed charges.",,,,,,,,," ",,,,,,,,,".  ",,,,,,,,," ",,,,,,,,," ",,,,,,,,," ",,,,,,,,," ",,,,,,,,," ",,,,,,,,,". 100 percent of Medicare DRG. Add-on payment,  . 100 percent of Medicare DRG. Add-on payment,  .",,,,,,,,," ",,,,,,,,," ",,,,,,,,," ",,,,,,,,," ",,,,,,,,,". GMLOS + 8 Outlier per Diem $6,968.00. Add-on payment, and lesser of 100% of billed charges. GMLOS + 8 Outlier per Diem $6,968.00. Add-on payment, and lesser of 100% of billed charges.",,,,,,,,,". GMLOS + 8 Outlier per Diem $6,968.00. Add-on payment, and lesser of 100% of billed charges. GMLOS + 8 Outlier per Diem $6,968.00. Add-on payment, and lesser of 100% of billed charges.",,,,,,,,,". GMLOS + 8 Outlier per Diem $6,968.00. Add-on payment, and lesser of 100% of billed charges. GMLOS + 8 Outlier per Diem $6,968.00. Add-on payment, and lesser of 100% of billed charges.",,,,,,,,,". GMLOS + 8 Outlier per Diem $6,968.00. Add-on payment, and lesser of 100% of billed charges. GMLOS + 8 Outlier per Diem $6,968.00. Add-on payment, and lesser of 100% of billed charges.",,,,,,,,,".  ",,,,,,,,,".  ",,,,,,,,,". 100 percent of Medicare DRG. Add-on payment,  . 100 percent of Medicare DRG. Add-on payment,  .",,,,,,,,,". 100 percent of Medicare DRG. Add-on payment,  . 100 percent of Medicare DRG. Add-on payment,  .",,,,,,,,,". 100 percent of Medicare DRG. Add-on payment,  . 100 percent of Medicare DRG. Add-on payment,  .",,,,,,,,,".  ",,,,,,,,,".  ",,,,,,,,,".  ",,,,,,,,,".  ",,,,,,,,,". GMLOS + 8 Outlier per Diem $6,968.00. Add-on payment, and lesser of 100% of billed charges. GMLOS + 8 Outlier per Diem $6,968.00. Add-on payment, and lesser of 100% of billed charges.",,,,,,,,,". 100 percent of Medicare DRG. Add-on payment,  . 100 percent of Medicare DRG. Add-on payment,  .",,,,,,,,,".  ",20054.67,,,,,,,Case Rate,". 100 percent of Medicaid DRG. Add-on payment, and lesser of 100% of billed charges. 100 percent of Medicaid DRG. Add-on payment, and lesser of 100% of billed charges.",,,,,,,,,". 100 percent of Medicare DRG. Add-on payment, and lesser of 100% of billed charges. 100 percent of Medicare DRG. Add-on payment, and lesser of 100% of billed charges.",,,,,,,,,". 100 percent of Medicare DRG. Add-on payment, and lesser of 100% of billed charges. 100 percent of Medicare DRG. Add-on payment, and lesser of 100% of billed charges.",,,,,,,,,". 100 percent of Medicare DRG. Add-on payment, and lesser of 100% of billed charges. 100 percent of Medicare DRG. Add-on payment, and lesser of 100% of billed charges.",20054.67,,,,,,,Case Rate,". 100 percent of Medicaid DRG. Add-on payment, and lesser of 100% of billed charges. 100 percent of Medicaid DRG. Add-on payment, and lesser of 100% of billed charges.",45123,,,,,,,Case Rate,". 225 percent of Medicaid DRG. Add-on payment, and lesser of 225% of billed charges. 225 percent of Medicaid DRG. Add-on payment, and lesser of 225% of billed charges.",45123,,,,,,,Case Rate,". 225 percent of Medicaid DRG. Add-on payment, and lesser of 225% of billed charges. 225 percent of Medicaid DRG. Add-on payment, and lesser of 225% of billed charges.",45123,,,,,,,Case Rate,". 225 percent of Medicaid DRG. Add-on payment, and lesser of 225% of billed charges. 225 percent of Medicaid DRG. Add-on payment, and lesser of 225% of billed charges.",45123,,,,,,,Case Rate,". 225 percent of Medicaid DRG. Add-on payment, and lesser of 225% of billed charges. 225 percent of Medicaid DRG. Add-on payment, and lesser of 225% of billed charges.",45123,,,,,,,Case Rate,". 225 percent of Medicaid DRG. Add-on payment, and lesser of 225% of billed charges. 225 percent of Medicaid DRG. Add-on payment, and lesser of 225% of billed charges.",,,,,,,,,". 100 percent of Medicare DRG. Add-on payment, and lesser of 100% of billed charges. 100 percent of Medicare DRG. Add-on payment, and lesser of 100% of billed charges.",20054.67,,,,,,,Case Rate,". 100 percent of Medicaid DRG. Add-on payment, and lesser of 100% of billed charges. 100 percent of Medicaid DRG. Add-on payment, and lesser of 100% of billed charges.",20054.67,,,,,,,Case Rate,". 100 percent of Medicaid DRG. Add-on payment, and lesser of 100% of billed charges. 100 percent of Medicaid DRG. Add-on payment, and lesser of 100% of billed charges.",45123,,,,,,,Case Rate,". 225 percent of Medicaid DRG. Add-on payment, and lesser of 225% of billed charges. 225 percent of Medicaid DRG. Add-on payment, and lesser of 225% of billed charges.",45123,,,,,,,Case Rate,". 225 percent of Medicaid DRG. Add-on payment, and lesser of 225% of billed charges. 225 percent of Medicaid DRG. Add-on payment, and lesser of 225% of billed charges.",20054.67,,,,,,,Case Rate,". 100 percent of Medicaid DRG. Add-on payment, and lesser of 100% of billed charges. 100 percent of Medicaid DRG. Add-on payment, and lesser of 100% of billed charges.",20054.67,,,,,,,Case Rate,". 100 percent of Medicaid DRG. Add-on payment, and lesser of 100% of billed charges. 100 percent of Medicaid DRG. Add-on payment, and lesser of 100% of billed charges.",45123,,,,,,,Case Rate,". 225 percent of Medicaid DRG. Add-on payment, and lesser of 100% of billed charges. 225 percent of Medicaid DRG. Add-on payment, and lesser of 100% of billed charges.",,,,,,,,,". 100 percent of Medicare DRG. Add-on payment,  . 100 percent of Medicare DRG. Add-on payment,  .",,,,,,,,,". 100 percent of Medicare DRG. Add-on payment,  . 100 percent of Medicare DRG. Add-on payment,  .",,,,,,,,,". GMLOS + 8 Outlier per Diem $6,968.00. Add-on payment, and lesser of 100% of billed charges. GMLOS + 8 Outlier per Diem $6,968.00. Add-on payment, and lesser of 100% of billed charges.",,,,,,,,,". 100 percent of Medicare DRG. Add-on payment,  . 100 percent of Medicare DRG. Add-on payment,  .",45123,,,,,,,Case Rate,". 225 percent of Medicaid DRG. Add-on payment, and lesser of 225% of billed charges. 225 percent of Medicaid DRG. Add-on payment, and lesser of 225% of billed charges.",45123,,,,,,,Case Rate,". 225 percent of Medicaid DRG. Add-on payment, and lesser of 225% of billed charges. 225 percent of Medicaid DRG. Add-on payment, and lesser of 225% of billed charges.",20054.67,,,,,,,Case Rate,". 100 percent of Medicaid DRG. Add-on payment, and lesser of 100% of billed charges. 100 percent of Medicaid DRG. Add-on payment, and lesser of 100% of billed charges.",20054.67,,,,,,,Case Rate,". 100 percent of Medicaid DRG. Add-on payment, and lesser of 100% of billed charges. 100 percent of Medicaid DRG. Add-on payment, and lesser of 100% of billed charges.",32250.54,,,,,,,Case Rate,". 225 percent of Medicaid DRG. Add-on payment, and lesser of 225% of billed charges. 225 percent of Medicaid DRG. Add-on payment, and lesser of 225% of billed charges.",20054.67,,,,,,,Case Rate,". 100 percent of Medicaid DRG. Add-on payment, and lesser of 100% of billed charges. 100 percent of Medicaid DRG. Add-on payment, and lesser of 100% of billed charges.",58158.53,,,,,,,Case Rate,". 290 percent of Medicaid DRG. Add-on payment, and lesser of 100% of billed charges. 290 percent of Medicaid DRG. Add-on payment, and lesser of 100% of billed charges.",58158.53,,,,,,,Case Rate,". 290 percent of Medicaid DRG. Add-on payment, and lesser of 100% of billed charges. 290 percent of Medicaid DRG. Add-on payment, and lesser of 100% of billed charges.",58158.53,,,,,,,Case Rate,". 290 percent of Medicaid DRG. Add-on payment, and lesser of 100% of billed charges. 290 percent of Medicaid DRG. Add-on payment, and lesser of 100% of billed charges.",58158.53,,,,,,,Case Rate,". 290 percent of Medicaid DRG. Add-on payment, and lesser of 100% of billed charges. 290 percent of Medicaid DRG. Add-on payment, and lesser of 100% of billed charges.",,,,,,,,," ",,,,,,,,,".  ",27073.8,,,,,,,Case Rate,"135% of Medicaid EP 1 and 2, 100% of medicaid EP 3 and 4.  ",27073.8,,,,,,,Case Rate,"135% of Medicaid EP 1 and 2, 100% of medicaid EP 3 and 4.  ",20054.67,,,,,,,Case Rate,". 100 percent of Medicaid DRG. Add-on payment, and lesser of 100% of billed charges. 100 percent of Medicaid DRG. Add-on payment, and lesser of 100% of billed charges.",20054.67,,,,,,,Case Rate,". 100 percent of Medicaid DRG. Add-on payment, and lesser of 100% of billed charges. 100 percent of Medicaid DRG. Add-on payment, and lesser of 100% of billed charges.",,,,,,,,,".  ",,,,,,,,,".  ",,,,,,,,,". 100 percent of Medicare DRG. Add-on payment,  . 100 percent of Medicare DRG. Add-on payment,  .",,,,,,,,,".  ",,,,,,,,,".  ",,,,,,,,,".  ",,,,,,,,,".  ",,,,,,,,,". 100 percent of Medicare DRG. Add-on payment,  . 100 percent of Medicare DRG. Add-on payment,  .",,,,,,,,,".  ",,,,,,,,,".  ",,,,,,,,,". GMLOS + 8 Outlier per Diem $6,968.00. Add-on payment, and lesser of 100% of billed charges. GMLOS + 8 Outlier per Diem $6,968.00. Add-on payment, and lesser of 100% of billed charges.",20054.67,,,,,,,Case Rate,". 100 percent of Medicaid DRG. Add-on payment, and lesser of 100% of billed charges. 100 percent of Medicaid DRG. Add-on payment, and lesser of 100% of billed charges.",20054.67,,,,,,,Case Rate,". 100 percent of Medicaid DRG. Add-on payment, and lesser of 100% of billed charges. 100 percent of Medicaid DRG. Add-on payment, and lesser of 100% of billed charges.",45123,,,,,,,Case Rate,". 225 percent of Medicaid DRG. Add-on payment, and lesser of 225% of billed charges. 225 percent of Medicaid DRG. Add-on payment, and lesser of 225% of billed charges.",32250.54,,,,,,,Case Rate,". 225 percent of Medicaid DRG. Add-on payment, and lesser of 225% of billed charges. 225 percent of Medicaid DRG. Add-on payment, and lesser of 225% of billed charges.",20054.67,,,,,,,Case Rate,". 100 percent of Medicaid DRG. Add-on payment, and lesser of 100% of billed charges. 100 percent of Medicaid DRG. Add-on payment, and lesser of 100% of billed charges.",45123,,,,,,,Case Rate,". 225 percent of Medicaid DRG. Add-on payment, and lesser of 225% of billed charges. 225 percent of Medicaid DRG. Add-on payment, and lesser of 225% of billed charges.",45123,,,,,,,Case Rate,". 225 percent of Medicaid DRG. Add-on payment, and lesser of 225% of billed charges. 225 percent of Medicaid DRG. Add-on payment, and lesser of 225% of billed charges.",45123,,,,,,,Case Rate,". 225 percent of Medicaid DRG. Add-on payment, and lesser of 225% of billed charges. 225 percent of Medicaid DRG. Add-on payment, and lesser of 225% of billed charges.",45123,,,,,,,Case Rate,". 225 percent of Medicaid DRG. Add-on payment, and lesser of 225% of billed charges. 225 percent of Medicaid DRG. Add-on payment, and lesser of 225% of billed charges.",45123,,,,,,,Case Rate,". 225 percent of Medicaid DRG. Add-on payment, and lesser of 225% of billed charges. 225 percent of Medicaid DRG. Add-on payment, and lesser of 225% of billed charges.",45123,,,,,,,Case Rate,". 225 percent of Medicaid DRG. Add-on payment, and lesser of 225% of billed charges. 225 percent of Medicaid DRG. Add-on payment, and lesser of 225% of billed charges.",,,,,,,,," ",,,,,,,,," ",,,,,,,,," ",,,,,,,,,".  ",,,,,,,,," ",,,,,,,,,". 100 percent of Medicare DRG. Add-on payment,  . 100 percent of Medicare DRG. Add-on payment,  .",,,,,,,,,".  ",,,,,,,,,". 100 percent of Medicare DRG. Add-on payment,  . 100 percent of Medicare DRG. Add-on payment,  .",,,,,,,,,". 100 percent of Medicare DRG. Add-on payment,  . 100 percent of Medicare DRG. Add-on payment,  .",27073.8,,,,,,,Case Rate,"135% of Medicaid EP 1 and 2, 100% of medicaid EP 3 and 4.  ",27073.8,,,,,,,Case Rate,"135% of Medicaid EP 1 and 2, 100% of medicaid EP 3 and 4.  ",20054.67,,,,,,,Case Rate,". 100 percent of Medicaid DRG. Add-on payment, and lesser of 100% of billed charges. 100 percent of Medicaid DRG. Add-on payment, and lesser of 100% of billed charges.",20054.67,,,,,,,Case Rate,". 100 percent of Medicaid DRG. Add-on payment, and lesser of 100% of billed charges. 100 percent of Medicaid DRG. Add-on payment, and lesser of 100% of billed charges.",20054.67,,,,,,,Case Rate,". 100 percent of Medicaid DRG. Add-on payment, and lesser of 100% of billed charges. 100 percent of Medicaid DRG. Add-on payment, and lesser of 100% of billed charges.",,,,,,,,," ",,,,,,,,,". GMLOS + 8 Outlier per Diem $6,968.00. Add-on payment, and lesser of 100% of billed charges. GMLOS + 8 Outlier per Diem $6,968.00. Add-on payment, and lesser of 100% of billed charges.",,,,,,,,," ",,,,,,,,,".  ",,,,,,,,,". 100 percent of Medicare DRG. Add-on payment, . 100 percent of Medicare DRG. Add-on payment, .",,,,,,,,,". 100 percent of Medicare DRG. Add-on payment,  . 100 percent of Medicare DRG. Add-on payment,  .",,,,,,,,,". 100 percent of Medicare DRG. Add-on payment,  . 100 percent of Medicare DRG. Add-on payment,  .",,,,,,,,,". 100 percent of Medicare DRG. Add-on payment,  . 100 percent of Medicare DRG. Add-on payment,  .",,,,,,,,,". 100 percent of Medicare DRG. Add-on payment, . 100 percent of Medicare DRG. Add-on payment, .",,,,,,,,,". 100 percent of Medicare DRG. Add-on payment,  . 100 percent of Medicare DRG. Add-on payment,  .",,,,,,,,," ",45123,,,,,,,Case Rate,". 225 percent of Medicaid DRG. Add-on payment, and lesser of 225% of billed charges. 225 percent of Medicaid DRG. Add-on payment, and lesser of 225% of billed charges.",20054.67,,,,,,,Case Rate,". 100 percent of Medicaid DRG. Add-on payment, and lesser of 100% of billed charges. 100 percent of Medicaid DRG. Add-on payment, and lesser of 100% of billed charges.",,,,,,,,,".  ",,,,,,,,," ",,,,,,,,," ",,,,,,,,," ",,,,,,,,," ",,,,,,,,,". 100 percent of Medicare DRG. Add-on payment,  . 100 percent of Medicare DRG. Add-on payment,  .",20054.67,,,,,,,Case Rate,". 100 percent of Medicaid DRG. Add-on payment, and lesser of 100% of billed charges. 100 percent of Medicaid DRG. Add-on payment, and lesser of 100% of billed charges.",,,,,,,,,".  ",20054.67,,,,,,,Case Rate,". 100 percent of Medicaid DRG. Add-on payment, and lesser of 100% of billed charges. 100 percent of Medicaid DRG. Add-on payment, and lesser of 100% of billed charges.",,,,,,,,,". 100 percent of Medicare DRG. Add-on payment,  . 100 percent of Medicare DRG. Add-on payment,  .",20054.67,,,,,,,Case Rate,". 100 percent of Medicaid DRG. Add-on payment, and lesser of 100% of billed charges. 100 percent of Medicaid DRG. Add-on payment, and lesser of 100% of billed charges.",,,,,,,,,". 100 percent of Medicare DRG. Add-on payment,  . 100 percent of Medicare DRG. Add-on payment,  .",,,,,,,,,". 100 percent of Medicare DRG. Add-on payment,  . 100 percent of Medicare DRG. Add-on payment,  .",20054.67,,,,,,,Case Rate,". 100 percent of Medicaid DRG. Add-on payment, and lesser of 100% of billed charges. 100 percent of Medicaid DRG. Add-on payment, and lesser of 100% of billed charges.",20054.67,,,,,,,Case Rate,". 100 percent of Medicaid DRG. Add-on payment, and lesser of 100% of billed charges. 100 percent of Medicaid DRG. Add-on payment, and lesser of 100% of billed charges.",,,,,,,,," ",,,,,,,,,".  ",,73,,,,,0,Percent of total billed charges,73 percent of charges.  ; No services were performed during the 15 month look back period.,,,,,,,,,".  ",,,,,,,,,".  ",,,,,,,,,". GMLOS + 8 Outlier per Diem $6,968.00. Add-on payment, and lesser of 100% of billed charges. GMLOS + 8 Outlier per Diem $6,968.00. Add-on payment, and lesser of 100% of billed charges.",,,,,,,,,". 93 percent of Medicare DRG. Add-on payment, and lesser of 100% of billed charges. 93 percent of Medicare DRG. Add-on payment, and lesser of 100% of billed charges.",,,,,,,,," ",,,,,,,,," ",,,,,,,,,".  ",,,,,,,,,".  ",,,,,,,,,". 100 percent of Medicare DRG. Add-on payment,  . 100 percent of Medicare DRG. Add-on payment,  .",,,,,,,,,". 100 percent of Medicare DRG. Add-on payment,  . 100 percent of Medicare DRG. Add-on payment,  .",,,,,,,,,". 100 percent of Medicare DRG. Add-on payment,  . 100 percent of Medicare DRG. Add-on payment,  .",,,,,,,,,". 100 percent of Medicare DRG. Add-on payment,  . 100 percent of Medicare DRG. Add-on payment,  .",,,,,,,,,".  ",,,,,,,,,".  ",,,,,,,,,".  ",,,,,,,,,". 100 percent of Medicare DRG. Add-on payment,  . 100 percent of Medicare DRG. Add-on payment,  .",,,,,,,,,".  ",,,,,,,,," ",20054.67,,,,,,,Case Rate,". 100 percent of Medicaid DRG. Add-on payment, and lesser of 100% of billed charges. 100 percent of Medicaid DRG. Add-on payment, and lesser of 100% of billed charges.",20054.67,,,,,,,Case Rate,". 100 percent of Medicaid DRG. Add-on payment, and lesser of 100% of billed charges. 100 percent of Medicaid DRG. Add-on payment, and lesser of 100% of billed charges.",,,,,,,,," ",,,,,,,,,".  ",,,,,,,,,".  ",,,,,,,,,".  ",,,,,,,,,".  ",,,,,,,,,". 100 percent of Medicare DRG. Add-on payment, . 100 percent of Medicare DRG. Add-on payment, .",21057.4,,,,,,,Case Rate,". 105 percent of Medicaid DRG. Add-on payment, and lesser of 100% of billed charges. 105 percent of Medicaid DRG. Add-on payment, and lesser of 100% of billed charges.",21057.4,,,,,,,Case Rate,". 105 percent of Medicaid DRG. Add-on payment, and lesser of 100% of billed charges. 105 percent of Medicaid DRG. Add-on payment, and lesser of 100% of billed charges.",21057.4,,,,,,,Case Rate,". 105 percent of Medicaid DRG. Add-on payment, and lesser of 100% of billed charges. 105 percent of Medicaid DRG. Add-on payment, and lesser of 100% of billed charges.",21057.4,,,,,,,Case Rate,". 105 percent of Medicaid DRG. Add-on payment, and lesser of 100% of billed charges. 105 percent of Medicaid DRG. Add-on payment, and lesser of 100% of billed charges.",,,,,,,,,".  ",21057.4,,,,,,,Case Rate,". 105 percent of Medicaid DRG. Add-on payment, and lesser of 100% of billed charges. 105 percent of Medicaid DRG. Add-on payment, and lesser of 100% of billed charges.",21057.4,,,,,,,Case Rate,". 105 percent of Medicaid DRG. Add-on payment, and lesser of 100% of billed charges. 105 percent of Medicaid DRG. Add-on payment, and lesser of 100% of billed charges.",21057.4,,,,,,,Case Rate,". 105 percent of Medicaid DRG. Add-on payment, and lesser of 100% of billed charges. 105 percent of Medicaid DRG. Add-on payment, and lesser of 100% of billed charges.",21057.4,,,,,,,Case Rate,". 105 percent of Medicaid DRG. Add-on payment, and lesser of 100% of billed charges. 105 percent of Medicaid DRG. Add-on payment, and lesser of 100% of billed charges.",21057.4,,,,,,,Case Rate,". 105 percent of Medicaid DRG. Add-on payment, and lesser of 100% of billed charges. 105 percent of Medicaid DRG. Add-on payment, and lesser of 100% of billed charges.",21057.4,,,,,,,Case Rate,". 105 percent of Medicaid DRG. Add-on payment, and lesser of 100% of billed charges. 105 percent of Medicaid DRG. Add-on payment, and lesser of 100% of billed charges.",21057.4,,,,,,,Case Rate,". 105 percent of Medicaid DRG. Add-on payment, and lesser of 100% of billed charges. 105 percent of Medicaid DRG. Add-on payment, and lesser of 100% of billed charges.",,,,,,,,,". 100 percent of Medicare DRG. Add-on payment,  . 100 percent of Medicare DRG. Add-on payment,  .",,,,,,,,,".  ",,,,,,,,,". 100 percent of Medicare DRG. Add-on payment,  . 100 percent of Medicare DRG. Add-on payment,  .",21057.4,,,,,,,Case Rate,". 105 percent of Medicaid DRG. Add-on payment, and lesser of 100% of billed charges. 105 percent of Medicaid DRG. Add-on payment, and lesser of 100% of billed charges.",,,,,,,,,".  ",,,,,,,,,". 100 percent of Medicare DRG. Add-on payment,  . 100 percent of Medicare DRG. Add-on payment,  .",,,,,,,,,".  ",,,,,,,,,".  ",,,,,,,,,".  ",21057.4,,,,,,,Case Rate,". 105 percent of Medicaid DRG. Add-on payment, and lesser of 100% of billed charges. 105 percent of Medicaid DRG. Add-on payment, and lesser of 100% of billed charges.",,,,,,,,,". 100 percent of Medicare DRG. Add-on payment,  . 100 percent of Medicare DRG. Add-on payment,  .",,,,,,,,,".  ",21057.4,,,,,,,Case Rate,". 105 percent of Medicaid DRG. Add-on payment, and lesser of 100% of billed charges. 105 percent of Medicaid DRG. Add-on payment, and lesser of 100% of billed charges.",,,,,,,,,".  ",,,,,,,,,". Delay in Discharge per diem $4,903 Delay in Discharge per diem $4,903",,,,,,,,,". 100 percent of Medicare DRG. Add-on payment, . 100 percent of Medicare DRG. Add-on payment, .",,,,,,,,," ",,,,,,,,," ",,,,,,,,," ",,,,,,,,," ",,,,,,,,," ",,,,,,,,," ",,,,,,,,," ",,,,,,,,," ",,,,,,,,," ",,,,,,,,," ",,,,,,,,," ",,,,,,,,," ",,,,,,,,,". 100 percent of Medicare DRG. Add-on payment,  . 100 percent of Medicare DRG. Add-on payment,  .",,,,,,,,," ",,,,,,,,,". 100 percent of Medicare DRG. Add-on payment,  . 100 percent of Medicare DRG. Add-on payment,  .",45123,,,,,,,Case Rate,". 225 percent of Medicaid DRG. Add-on payment, and lesser of 225% of billed charges. 225 percent of Medicaid DRG. Add-on payment, and lesser of 225% of billed charges.",20054.67,,,,,,,Case Rate,". 100 percent of Medicaid DRG. Add-on payment, and lesser of 100% of billed charges. 100 percent of Medicaid DRG. Add-on payment, and lesser of 100% of billed charges.",,,,,,,,,".  ",,,,,,,,,".  ",,,,,,,,,". 100 percent of Medicare DRG. Add-on payment,  . 100 percent of Medicare DRG. Add-on payment,  .",,,,,,,,," ",,,,,,,,,". 100 percent of Medicare DRG. Add-on payment,  . 100 percent of Medicare DRG. Add-on payment,  .",,,,,,,,,". 100 percent of Medicare DRG. Add-on payment,  . 100 percent of Medicare DRG. Add-on payment,  .",,,,,,,,,". GMLOS + 8 Outlier per Diem $6,968.00. Add-on payment, and lesser of 100% of billed charges. GMLOS + 8 Outlier per Diem $6,968.00. Add-on payment, and lesser of 100% of billed charges.",,,,,,,,,". 100 percent of Medicare DRG. Add-on payment,  . 100 percent of Medicare DRG. Add-on payment,  .",,,,,,,,,".  ",,,,,,,,,". 100 percent of Medicare DRG. Add-on payment,  . 100 percent of Medicare DRG. Add-on payment,  .",,,,,,,,,".  ",,,,,,,,,". GMLOS + 8 Outlier per Diem $6,968.00. Add-on payment, and lesser of 100% of billed charges. GMLOS + 8 Outlier per Diem $6,968.00. Add-on payment, and lesser of 100% of billed charges.",,,,,,,,,".  ",,,,,,,,,". 100 percent of Medicare DRG. Add-on payment,  . 100 percent of Medicare DRG. Add-on payment,  .",20054.67,,,,,,,Case Rate,". 100 percent of Medicaid DRG. Add-on payment, and lesser of 100% of billed charges. 100 percent of Medicaid DRG. Add-on payment, and lesser of 100% of billed charges.",,,,,,,,,". 100 percent of Medicare DRG. Add-on payment,  . 100 percent of Medicare DRG. Add-on payment,  .",,,,,,,,,".  ",,,,,,,,,".  ",20054.67,,,,,,,Case Rate,". 100 percent of Medicaid DRG. Add-on payment, and lesser of 100% of billed charges. 100 percent of Medicaid DRG. Add-on payment, and lesser of 100% of billed charges.",,,,,,,,,".  ",20054.67,,,,,,,Case Rate,". 100 percent of Medicaid DRG. Add-on payment, and lesser of 100% of billed charges. 100 percent of Medicaid DRG. Add-on payment, and lesser of 100% of billed charges.",20054.67,,,,,,,Case Rate,". 100 percent of Medicaid DRG. Add-on payment, and lesser of 100% of billed charges. 100 percent of Medicaid DRG. Add-on payment, and lesser of 100% of billed charges.",,,,,,,,,".  ",,,,,,,,,".  ",,,,,,,,,".  ",,,,,,,,,".  ",,,,,,,,,".  ",,,,,,,,,".  ",,,,,,,,,".  ",,,,,,,,," ",,,,,,,,," ",,,,,,,,," ",20054.67,,,,,,,Case Rate,". 100 percent of Medicaid DRG. Add-on payment, and lesser of 100% of billed charges. 100 percent of Medicaid DRG. Add-on payment, and lesser of 100% of billed charges.",,,,,,,,,".  ",,,,,,,,,".  ",,,,,,,,,". GMLOS + 8 Outlier per Diem $6,968.00. Add-on payment, and lesser of 100% of billed charges. GMLOS + 8 Outlier per Diem $6,968.00. Add-on payment, and lesser of 100% of billed charges.",,,,,,,,,".  ",,,,,,,,,". GMLOS + 8 Outlier per Diem $6,968.00. Add-on payment, and lesser of 100% of billed charges. GMLOS + 8 Outlier per Diem $6,968.00. Add-on payment, and lesser of 100% of billed charges.",,,,,,,,,".  ",,,,,,,,,".  ",,,,,,,,,".  ",,,,,,,,,".  ",,,,,,,,,".  ",,,,,,,,,". 100 percent of Medicare DRG. Add-on payment,  . 100 percent of Medicare DRG. Add-on payment,  .",14333.57,58158.53,
APR131-2,DRG,,,,,APR131-2 CYSTIC FIBROSIS - PULMONARY DISEASE,,,Inpatient,,,,,,,,,,,,".  ",,,,,,,,,".  ",,,,,,,,,".  ",,100,,,,,0,Percent of total billed charges,100 percent of charges.  ; No services were performed during the 15 month look back period.,,,,,,,,," ",,,,,,,,,".  ",,,,,,,,,".  ",,,,,,,,,".  ",32710.41,,,,,,,Case Rate,". 155 percent of Medicaid DRG. Add-on payment, and lesser of 100% of billed charges. 155 percent of Medicaid DRG. Add-on payment, and lesser of 100% of billed charges.",21103.49,,,,,,,Case Rate,". 100 percent of Medicaid DRG. Add-on payment, and lesser of 100% of billed charges. 100 percent of Medicaid DRG. Add-on payment, and lesser of 100% of billed charges.",,73,,,,,0,Percent of total billed charges,73 percent of charges.  ; No services were performed during the 15 month look back period.,,,,,,,,,".  ",21103.49,,,,,,,Case Rate,". 100 percent of Medicaid DRG. Add-on payment, and lesser of 100% of billed charges. 100 percent of Medicaid DRG. Add-on payment, and lesser of 100% of billed charges.",,,,,,,,," ",,,,,,,,,".  ",,,,,,,,,".  ",,,,,,,,,".  ",,,,,,,,,".  ",21103.49,,,,,,,Case Rate,". 100 percent of Medicaid DRG. Add-on payment, and lesser of 100% of billed charges. 100 percent of Medicaid DRG. Add-on payment, and lesser of 100% of billed charges.",,,,,,,,," ",21103.49,,,,,,,Case Rate,". 100 percent of Medicaid DRG. Add-on payment, and lesser of 100% of billed charges. 100 percent of Medicaid DRG. Add-on payment, and lesser of 100% of billed charges.",,73,,,,,0,Percent of total billed charges,73 percent of charges.  ; No services were performed during the 15 month look back period.,,,,,,,,,".  ",,,,,,,,," ",,,,,,,,," ",,,,,,,,," ",,,,,,,,," ",,73,,,,,0,Percent of total billed charges,73 percent of charges.  ; No services were performed during the 15 month look back period.,21103.49,,,,,,,Case Rate,". 100 percent of Medicaid DRG. Add-on payment, and lesser of 100% of billed charges. 100 percent of Medicaid DRG. Add-on payment, and lesser of 100% of billed charges.",21103.49,,,,,,,Case Rate,". 100 percent of Medicaid DRG. Add-on payment, and lesser of 100% of billed charges. 100 percent of Medicaid DRG. Add-on payment, and lesser of 100% of billed charges.",21103.49,,,,,,,Case Rate,". 100 percent of Medicaid DRG. Add-on payment, and lesser of 100% of billed charges. 100 percent of Medicaid DRG. Add-on payment, and lesser of 100% of billed charges.",21103.49,,,,,,,Case Rate,". 100 percent of Medicaid DRG. Add-on payment, and lesser of 100% of billed charges. 100 percent of Medicaid DRG. Add-on payment, and lesser of 100% of billed charges.",,,,,,,,," ",,,,,,,,," ",21103.49,,,,,,,Case Rate,". 100 percent of Medicaid DRG. Add-on payment, and lesser of 100% of billed charges. 100 percent of Medicaid DRG. Add-on payment, and lesser of 100% of billed charges.",,,,,,,,," ",21103.49,,,,,,,Case Rate,". 100 percent of Medicaid DRG. Add-on payment, and lesser of 100% of billed charges. 100 percent of Medicaid DRG. Add-on payment, and lesser of 100% of billed charges.",,,,,,,,," ",,,,,,,,," ",,73,,,,,0,Percent of total billed charges,73 percent of charges.  ; No services were performed during the 15 month look back period.,21103.49,,,,,,,Case Rate,". 100 percent of Medicaid DRG. Add-on payment, and lesser of 100% of billed charges. 100 percent of Medicaid DRG. Add-on payment, and lesser of 100% of billed charges.",21103.49,,,,,,,Case Rate,". 100 percent of Medicaid DRG. Add-on payment, and lesser of 100% of billed charges. 100 percent of Medicaid DRG. Add-on payment, and lesser of 100% of billed charges.",,73,,,,,0,Percent of total billed charges,73 percent of charges.  ; No services were performed during the 15 month look back period.,,,,,,,,,".  ",,,,,,,,,".  ",,,,,,,,,".  ",,73,,,,,0,Percent of total billed charges,73 percent of charges.  ; No services were performed during the 15 month look back period.,,,,,,,,," ",,,,,,,,,".  ",,,,,,,,,".  ",,,,,,,,,".  ",,,,,,,,," ",,,,,,,,,".  ",,,,,,,,,".  ",,,,,,,,," ",,,,,,,,,".  ",,,,,,,,,".  ",,,,,,,,,".  ",,,,,,,,,".  ",,,,,,,,,".  ",,,,,,,,,".  ",,,,,,,,,".  ",,,,,,,,," ",,,,,,,,," ",,,,,,,,,".  ",,73,,,,,0,Percent of total billed charges,73 percent of charges.  ; No services were performed during the 15 month look back period.,,73,,,,,0,Percent of total billed charges,73 percent of charges.  ; No services were performed during the 15 month look back period.,,73,,,,,0,Percent of total billed charges,73 percent of charges.  ; No services were performed during the 15 month look back period.,,73,,,,,0,Percent of total billed charges,73 percent of charges.  ; No services were performed during the 15 month look back period.,,73,,,,,0,Percent of total billed charges,73 percent of charges.  ; No services were performed during the 15 month look back period.,,73,,,,,0,Percent of total billed charges,73 percent of charges.  ; No services were performed during the 15 month look back period.,,73,,,,,0,Percent of total billed charges,73 percent of charges.  ; No services were performed during the 15 month look back period.,,73,,,,,0,Percent of total billed charges,73 percent of charges.  ; No services were performed during the 15 month look back period.,,73,,,,,0,Percent of total billed charges,73 percent of charges.  ; No services were performed during the 15 month look back period.,,73,,,,,0,Percent of total billed charges,73 percent of charges.  ; No services were performed during the 15 month look back period.,,73,,,,,0,Percent of total billed charges,73 percent of charges.  ; No services were performed during the 15 month look back period.,,73,,,,,0,Percent of total billed charges,73 percent of charges.  ; No services were performed during the 15 month look back period.,,73,,,,,0,Percent of total billed charges,73 percent of charges.  ; No services were performed during the 15 month look back period.,,73,,,,,0,Percent of total billed charges,73 percent of charges.  ; No services were performed during the 15 month look back period.,,73,,,,,0,Percent of total billed charges,73 percent of charges.  ; No services were performed during the 15 month look back period.,,73,,,,,0,Percent of total billed charges,73 percent of charges.  ; No services were performed during the 15 month look back period.,,73,,,,,0,Percent of total billed charges,73 percent of charges.  ; No services were performed during the 15 month look back period.,,73,,,,,0,Percent of total billed charges,73 percent of charges.  ; No services were performed during the 15 month look back period.,,73,,,,,0,Percent of total billed charges,73 percent of charges.  ; No services were performed during the 15 month look back period.,,73,,,,,0,Percent of total billed charges,73 percent of charges.  ; No services were performed during the 15 month look back period.,,73,,,,,0,Percent of total billed charges,73 percent of charges.  ; No services were performed during the 15 month look back period.,,73,,,,,0,Percent of total billed charges,73 percent of charges.  ; No services were performed during the 15 month look back period.,,73,,,,,0,Percent of total billed charges,73 percent of charges.  ; No services were performed during the 15 month look back period.,,73,,,,,0,Percent of total billed charges,73 percent of charges.  ; No services were performed during the 15 month look back period.,,73,,,,,0,Percent of total billed charges,73 percent of charges.  ; No services were performed during the 15 month look back period.,,73,,,,,0,Percent of total billed charges,73 percent of charges.  ; No services were performed during the 15 month look back period.,,,,,,,,," ",,,,,,,,," ",,,,,,,,," ",,,,,,,,," ",,,,,,,,," ",,,,,,,,," ",,,,,,,,,".  ",,,,,,,,,".  ",,,,,,,,,".  ",,,,,,,,,".  ",,73,,,,,0,Percent of total billed charges,73 percent of charges.  ; No services were performed during the 15 month look back period.,,,,,,,,," ",,,,,,,,,".  ",,,,,,,,,".  ",,,,,,,,,".  ",,,,,,,,," ",,73,,,,,0,Percent of total billed charges,73 percent of charges.  ; No services were performed during the 15 month look back period.,21103.49,,,,,,,Case Rate,". 100 percent of Medicaid DRG. Add-on payment, and lesser of 100% of billed charges. 100 percent of Medicaid DRG. Add-on payment, and lesser of 100% of billed charges.",,,,,,,,," ",21103.49,,,,,,,Case Rate,". 100 percent of Medicaid DRG. Add-on payment, and lesser of 100% of billed charges. 100 percent of Medicaid DRG. Add-on payment, and lesser of 100% of billed charges.",,,,,,,,," ",,,,,,,,," ",,,,,,,,,".  ",,,,,,,,," ",,,,,,,,," ",21103.49,,,,,,,Case Rate,". 100 percent of Medicaid DRG. Add-on payment, and lesser of 100% of billed charges. 100 percent of Medicaid DRG. Add-on payment, and lesser of 100% of billed charges.",,,,,,,,," ",,,,,,,,," ",,,,,,,,,".  ",,,,,,,,,".  ",,,,,,,,," ",,,,,,,,,".  ",,,,,,,,,".  ",,,,,,,,,".  ",,,,,,,,," ",,,,,,,,,".  ",,,,,,,,,".  ",,,,,,,,,".  ",,,,,,,,,".  ",,73,,,,,0,Percent of total billed charges,73 percent of charges.  ; No services were performed during the 15 month look back period.,,73,,,,,0,Percent of total billed charges,73 percent of charges.  ; No services were performed during the 15 month look back period.,,73,,,,,0,Percent of total billed charges,73 percent of charges.  ; No services were performed during the 15 month look back period.,,73,,,,,0,Percent of total billed charges,73 percent of charges.  ; No services were performed during the 15 month look back period.,,73,,,,,0,Percent of total billed charges,73 percent of charges.  ; No services were performed during the 15 month look back period.,,73,,,,,0,Percent of total billed charges,73 percent of charges.  ; No services were performed during the 15 month look back period.,,73,,,,,0,Percent of total billed charges,73 percent of charges.  ; No services were performed during the 15 month look back period.,,73,,,,,0,Percent of total billed charges,73 percent of charges.  ; No services were performed during the 15 month look back period.,,73,,,,,0,Percent of total billed charges,73 percent of charges.  ; No services were performed during the 15 month look back period.,,73,,,,,0,Percent of total billed charges,73 percent of charges.  ; No services were performed during the 15 month look back period.,,73,,,,,0,Percent of total billed charges,73 percent of charges.  ; No services were performed during the 15 month look back period.,,,,,,,,," ",,,,,,,,,".  ",,,,,,,,,".  ",,,,,,,,," ",,,,,,,,,".  ",,,,,,,,,".  ",,,,,,,,,".  ",,73,,,,,0,Percent of total billed charges,73 percent of charges.  ; No services were performed during the 15 month look back period.,42206.99,,,,,,,Case Rate,". 200 percent of Medicaid DRG. Add-on payment, and lesser of 200% of billed charges. 200 percent of Medicaid DRG. Add-on payment, and lesser of 200% of billed charges.",,,,,,,,,".  ",21103.49,,,,,,,Case Rate,". 100 percent of Medicaid DRG. Add-on payment, and lesser of 100% of billed charges. 100 percent of Medicaid DRG. Add-on payment, and lesser of 100% of billed charges.",,,,,,,,," ",,,,,,,,," ",,,,,,,,," ",,,,,,,,," ",,,,,,,,," ",,,,,,,,," ",,,,,,,,,".  ",,,,,,,,,".  ",47482.86,,,,,,,Case Rate,". 225 percent of Medicaid DRG. Add-on payment, and lesser of 100% of billed charges. 225 percent of Medicaid DRG. Add-on payment, and lesser of 100% of billed charges.",47482.86,,,,,,,Case Rate,". 225 percent of Medicaid DRG. Add-on payment, and lesser of 100% of billed charges. 225 percent of Medicaid DRG. Add-on payment, and lesser of 100% of billed charges.",47482.86,,,,,,,Case Rate,". 225 percent of Medicaid DRG. Add-on payment, and lesser of 100% of billed charges. 225 percent of Medicaid DRG. Add-on payment, and lesser of 100% of billed charges.",47482.86,,,,,,,Case Rate,". 225 percent of Medicaid DRG. Add-on payment, and lesser of 100% of billed charges. 225 percent of Medicaid DRG. Add-on payment, and lesser of 100% of billed charges.",47482.86,,,,,,,Case Rate,". 225 percent of Medicaid DRG. Add-on payment, and lesser of 100% of billed charges. 225 percent of Medicaid DRG. Add-on payment, and lesser of 100% of billed charges.",,,,,,,,," ",,,,,,,,,".  ",,,,,,,,," ",,,,,,,,," ",,,,,,,,," ",,,,,,,,," ",,,,,,,,," ",,,,,,,,," ",,,,,,,,," ",,,,,,,,," ",,,,,,,,," ",,,,,,,,," ",,,,,,,,,".  ",,,,,,,,,".  ",,,,,,,,,".  ",,,,,,,,,".  ",,,,,,,,,".  ",,,,,,,,,".  ",,,,,,,,," ",,,,,,,,," ",,,,,,,,," ",,,,,,,,,".  ",,,,,,,,,".  ",,,,,,,,,".  ",,,,,,,,,".  ",,,,,,,,,".  ",,,,,,,,," ",,,,,,,,,".  ",21103.49,,,,,,,Case Rate,". 100 percent of Medicaid DRG. Add-on payment, and lesser of 100% of billed charges. 100 percent of Medicaid DRG. Add-on payment, and lesser of 100% of billed charges.",,,,,,,,," ",,,,,,,,," ",,,,,,,,," ",21103.49,,,,,,,Case Rate,". 100 percent of Medicaid DRG. Add-on payment, and lesser of 100% of billed charges. 100 percent of Medicaid DRG. Add-on payment, and lesser of 100% of billed charges.",47482.86,,,,,,,Case Rate,". 225 percent of Medicaid DRG. Add-on payment, and lesser of 225% of billed charges. 225 percent of Medicaid DRG. Add-on payment, and lesser of 225% of billed charges.",47482.86,,,,,,,Case Rate,". 225 percent of Medicaid DRG. Add-on payment, and lesser of 225% of billed charges. 225 percent of Medicaid DRG. Add-on payment, and lesser of 225% of billed charges.",47482.86,,,,,,,Case Rate,". 225 percent of Medicaid DRG. Add-on payment, and lesser of 225% of billed charges. 225 percent of Medicaid DRG. Add-on payment, and lesser of 225% of billed charges.",47482.86,,,,,,,Case Rate,". 225 percent of Medicaid DRG. Add-on payment, and lesser of 225% of billed charges. 225 percent of Medicaid DRG. Add-on payment, and lesser of 225% of billed charges.",47482.86,,,,,,,Case Rate,". 225 percent of Medicaid DRG. Add-on payment, and lesser of 225% of billed charges. 225 percent of Medicaid DRG. Add-on payment, and lesser of 225% of billed charges.",,,,,,,,," ",21103.49,,,,,,,Case Rate,". 100 percent of Medicaid DRG. Add-on payment, and lesser of 100% of billed charges. 100 percent of Medicaid DRG. Add-on payment, and lesser of 100% of billed charges.",21103.49,,,,,,,Case Rate,". 100 percent of Medicaid DRG. Add-on payment, and lesser of 100% of billed charges. 100 percent of Medicaid DRG. Add-on payment, and lesser of 100% of billed charges.",47482.86,,,,,,,Case Rate,". 225 percent of Medicaid DRG. Add-on payment, and lesser of 225% of billed charges. 225 percent of Medicaid DRG. Add-on payment, and lesser of 225% of billed charges.",47482.86,,,,,,,Case Rate,". 225 percent of Medicaid DRG. Add-on payment, and lesser of 225% of billed charges. 225 percent of Medicaid DRG. Add-on payment, and lesser of 225% of billed charges.",21103.49,,,,,,,Case Rate,". 100 percent of Medicaid DRG. Add-on payment, and lesser of 100% of billed charges. 100 percent of Medicaid DRG. Add-on payment, and lesser of 100% of billed charges.",21103.49,,,,,,,Case Rate,". 100 percent of Medicaid DRG. Add-on payment, and lesser of 100% of billed charges. 100 percent of Medicaid DRG. Add-on payment, and lesser of 100% of billed charges.",47482.86,,,,,,,Case Rate,". 225 percent of Medicaid DRG. Add-on payment, and lesser of 100% of billed charges. 225 percent of Medicaid DRG. Add-on payment, and lesser of 100% of billed charges.",,,,,,,,," ",,,,,,,,," ",,,,,,,,,".  ",,,,,,,,," ",47482.86,,,,,,,Case Rate,". 225 percent of Medicaid DRG. Add-on payment, and lesser of 225% of billed charges. 225 percent of Medicaid DRG. Add-on payment, and lesser of 225% of billed charges.",47482.86,,,,,,,Case Rate,". 225 percent of Medicaid DRG. Add-on payment, and lesser of 225% of billed charges. 225 percent of Medicaid DRG. Add-on payment, and lesser of 225% of billed charges.",21103.49,,,,,,,Case Rate,". 100 percent of Medicaid DRG. Add-on payment, and lesser of 100% of billed charges. 100 percent of Medicaid DRG. Add-on payment, and lesser of 100% of billed charges.",21103.49,,,,,,,Case Rate,". 100 percent of Medicaid DRG. Add-on payment, and lesser of 100% of billed charges. 100 percent of Medicaid DRG. Add-on payment, and lesser of 100% of billed charges.",34076.43,,,,,,,Case Rate,". 225 percent of Medicaid DRG. Add-on payment, and lesser of 225% of billed charges. 225 percent of Medicaid DRG. Add-on payment, and lesser of 225% of billed charges.",21103.49,,,,,,,Case Rate,". 100 percent of Medicaid DRG. Add-on payment, and lesser of 100% of billed charges. 100 percent of Medicaid DRG. Add-on payment, and lesser of 100% of billed charges.",61200.13,,,,,,,Case Rate,". 290 percent of Medicaid DRG. Add-on payment, and lesser of 100% of billed charges. 290 percent of Medicaid DRG. Add-on payment, and lesser of 100% of billed charges.",61200.13,,,,,,,Case Rate,". 290 percent of Medicaid DRG. Add-on payment, and lesser of 100% of billed charges. 290 percent of Medicaid DRG. Add-on payment, and lesser of 100% of billed charges.",61200.13,,,,,,,Case Rate,". 290 percent of Medicaid DRG. Add-on payment, and lesser of 100% of billed charges. 290 percent of Medicaid DRG. Add-on payment, and lesser of 100% of billed charges.",61200.13,,,,,,,Case Rate,". 290 percent of Medicaid DRG. Add-on payment, and lesser of 100% of billed charges. 290 percent of Medicaid DRG. Add-on payment, and lesser of 100% of billed charges.",,,,,,,,," ",,,,,,,,,".  ",28489.72,,,,,,,Case Rate,"135% of Medicaid EP 1 and 2, 100% of medicaid EP 3 and 4.  ",28489.72,,,,,,,Case Rate,"135% of Medicaid EP 1 and 2, 100% of medicaid EP 3 and 4.  ",21103.49,,,,,,,Case Rate,". 100 percent of Medicaid DRG. Add-on payment, and lesser of 100% of billed charges. 100 percent of Medicaid DRG. Add-on payment, and lesser of 100% of billed charges.",21103.49,,,,,,,Case Rate,". 100 percent of Medicaid DRG. Add-on payment, and lesser of 100% of billed charges. 100 percent of Medicaid DRG. Add-on payment, and lesser of 100% of billed charges.",,,,,,,,,".  ",,,,,,,,,".  ",,,,,,,,," ",,,,,,,,,".  ",,,,,,,,,".  ",,,,,,,,,".  ",,,,,,,,,".  ",,,,,,,,," ",,,,,,,,,".  ",,,,,,,,,".  ",,,,,,,,,".  ",21103.49,,,,,,,Case Rate,". 100 percent of Medicaid DRG. Add-on payment, and lesser of 100% of billed charges. 100 percent of Medicaid DRG. Add-on payment, and lesser of 100% of billed charges.",21103.49,,,,,,,Case Rate,". 100 percent of Medicaid DRG. Add-on payment, and lesser of 100% of billed charges. 100 percent of Medicaid DRG. Add-on payment, and lesser of 100% of billed charges.",47482.86,,,,,,,Case Rate,". 225 percent of Medicaid DRG. Add-on payment, and lesser of 225% of billed charges. 225 percent of Medicaid DRG. Add-on payment, and lesser of 225% of billed charges.",34076.43,,,,,,,Case Rate,". 225 percent of Medicaid DRG. Add-on payment, and lesser of 225% of billed charges. 225 percent of Medicaid DRG. Add-on payment, and lesser of 225% of billed charges.",21103.49,,,,,,,Case Rate,". 100 percent of Medicaid DRG. Add-on payment, and lesser of 100% of billed charges. 100 percent of Medicaid DRG. Add-on payment, and lesser of 100% of billed charges.",47482.86,,,,,,,Case Rate,". 225 percent of Medicaid DRG. Add-on payment, and lesser of 225% of billed charges. 225 percent of Medicaid DRG. Add-on payment, and lesser of 225% of billed charges.",47482.86,,,,,,,Case Rate,". 225 percent of Medicaid DRG. Add-on payment, and lesser of 225% of billed charges. 225 percent of Medicaid DRG. Add-on payment, and lesser of 225% of billed charges.",47482.86,,,,,,,Case Rate,". 225 percent of Medicaid DRG. Add-on payment, and lesser of 225% of billed charges. 225 percent of Medicaid DRG. Add-on payment, and lesser of 225% of billed charges.",47482.86,,,,,,,Case Rate,". 225 percent of Medicaid DRG. Add-on payment, and lesser of 225% of billed charges. 225 percent of Medicaid DRG. Add-on payment, and lesser of 225% of billed charges.",47482.86,,,,,,,Case Rate,". 225 percent of Medicaid DRG. Add-on payment, and lesser of 225% of billed charges. 225 percent of Medicaid DRG. Add-on payment, and lesser of 225% of billed charges.",47482.86,,,,,,,Case Rate,". 225 percent of Medicaid DRG. Add-on payment, and lesser of 225% of billed charges. 225 percent of Medicaid DRG. Add-on payment, and lesser of 225% of billed charges.",,,,,,,,," ",,,,,,,,," ",,,,,,,,," ",,,,,,,,,".  ",,,,,,,,," ",,,,,,,,," ",,,,,,,,,".  ",,,,,,,,," ",,,,,,,,," ",28489.72,,,,,,,Case Rate,"135% of Medicaid EP 1 and 2, 100% of medicaid EP 3 and 4.  ",28489.72,,,,,,,Case Rate,"135% of Medicaid EP 1 and 2, 100% of medicaid EP 3 and 4.  ",21103.49,,,,,,,Case Rate,". 100 percent of Medicaid DRG. Add-on payment, and lesser of 100% of billed charges. 100 percent of Medicaid DRG. Add-on payment, and lesser of 100% of billed charges.",21103.49,,,,,,,Case Rate,". 100 percent of Medicaid DRG. Add-on payment, and lesser of 100% of billed charges. 100 percent of Medicaid DRG. Add-on payment, and lesser of 100% of billed charges.",21103.49,,,,,,,Case Rate,". 100 percent of Medicaid DRG. Add-on payment, and lesser of 100% of billed charges. 100 percent of Medicaid DRG. Add-on payment, and lesser of 100% of billed charges.",,,,,,,,," ",,,,,,,,,".  ",,,,,,,,," ",,,,,,,,,".  ",,,,,,,,," ",,,,,,,,," ",,,,,,,,," ",,,,,,,,," ",,,,,,,,," ",,,,,,,,," ",,,,,,,,," ",47482.86,,,,,,,Case Rate,". 225 percent of Medicaid DRG. Add-on payment, and lesser of 225% of billed charges. 225 percent of Medicaid DRG. Add-on payment, and lesser of 225% of billed charges.",21103.49,,,,,,,Case Rate,". 100 percent of Medicaid DRG. Add-on payment, and lesser of 100% of billed charges. 100 percent of Medicaid DRG. Add-on payment, and lesser of 100% of billed charges.",,,,,,,,,".  ",,,,,,,,," ",,,,,,,,," ",,,,,,,,," ",,,,,,,,," ",,,,,,,,," ",21103.49,,,,,,,Case Rate,". 100 percent of Medicaid DRG. Add-on payment, and lesser of 100% of billed charges. 100 percent of Medicaid DRG. Add-on payment, and lesser of 100% of billed charges.",,,,,,,,,".  ",21103.49,,,,,,,Case Rate,". 100 percent of Medicaid DRG. Add-on payment, and lesser of 100% of billed charges. 100 percent of Medicaid DRG. Add-on payment, and lesser of 100% of billed charges.",,,,,,,,," ",21103.49,,,,,,,Case Rate,". 100 percent of Medicaid DRG. Add-on payment, and lesser of 100% of billed charges. 100 percent of Medicaid DRG. Add-on payment, and lesser of 100% of billed charges.",,,,,,,,," ",,,,,,,,," ",21103.49,,,,,,,Case Rate,". 100 percent of Medicaid DRG. Add-on payment, and lesser of 100% of billed charges. 100 percent of Medicaid DRG. Add-on payment, and lesser of 100% of billed charges.",21103.49,,,,,,,Case Rate,". 100 percent of Medicaid DRG. Add-on payment, and lesser of 100% of billed charges. 100 percent of Medicaid DRG. Add-on payment, and lesser of 100% of billed charges.",,,,,,,,," ",,,,,,,,,".  ",,73,,,,,0,Percent of total billed charges,73 percent of charges.  ; No services were performed during the 15 month look back period.,,,,,,,,,".  ",,,,,,,,,".  ",,,,,,,,,".  ",,,,,,,,," ",,,,,,,,," ",,,,,,,,," ",,,,,,,,,".  ",,,,,,,,,".  ",,,,,,,,," ",,,,,,,,," ",,,,,,,,," ",,,,,,,,," ",,,,,,,,,".  ",,,,,,,,,".  ",,,,,,,,,".  ",,,,,,,,," ",,,,,,,,,".  ",,,,,,,,," ",21103.49,,,,,,,Case Rate,". 100 percent of Medicaid DRG. Add-on payment, and lesser of 100% of billed charges. 100 percent of Medicaid DRG. Add-on payment, and lesser of 100% of billed charges.",21103.49,,,,,,,Case Rate,". 100 percent of Medicaid DRG. Add-on payment, and lesser of 100% of billed charges. 100 percent of Medicaid DRG. Add-on payment, and lesser of 100% of billed charges.",,,,,,,,," ",,,,,,,,,".  ",,,,,,,,,".  ",,,,,,,,,".  ",,,,,,,,,".  ",,,,,,,,," ",22158.67,,,,,,,Case Rate,". 105 percent of Medicaid DRG. Add-on payment, and lesser of 100% of billed charges. 105 percent of Medicaid DRG. Add-on payment, and lesser of 100% of billed charges.",22158.67,,,,,,,Case Rate,". 105 percent of Medicaid DRG. Add-on payment, and lesser of 100% of billed charges. 105 percent of Medicaid DRG. Add-on payment, and lesser of 100% of billed charges.",22158.67,,,,,,,Case Rate,". 105 percent of Medicaid DRG. Add-on payment, and lesser of 100% of billed charges. 105 percent of Medicaid DRG. Add-on payment, and lesser of 100% of billed charges.",22158.67,,,,,,,Case Rate,". 105 percent of Medicaid DRG. Add-on payment, and lesser of 100% of billed charges. 105 percent of Medicaid DRG. Add-on payment, and lesser of 100% of billed charges.",,,,,,,,,".  ",22158.67,,,,,,,Case Rate,". 105 percent of Medicaid DRG. Add-on payment, and lesser of 100% of billed charges. 105 percent of Medicaid DRG. Add-on payment, and lesser of 100% of billed charges.",22158.67,,,,,,,Case Rate,". 105 percent of Medicaid DRG. Add-on payment, and lesser of 100% of billed charges. 105 percent of Medicaid DRG. Add-on payment, and lesser of 100% of billed charges.",22158.67,,,,,,,Case Rate,". 105 percent of Medicaid DRG. Add-on payment, and lesser of 100% of billed charges. 105 percent of Medicaid DRG. Add-on payment, and lesser of 100% of billed charges.",22158.67,,,,,,,Case Rate,". 105 percent of Medicaid DRG. Add-on payment, and lesser of 100% of billed charges. 105 percent of Medicaid DRG. Add-on payment, and lesser of 100% of billed charges.",22158.67,,,,,,,Case Rate,". 105 percent of Medicaid DRG. Add-on payment, and lesser of 100% of billed charges. 105 percent of Medicaid DRG. Add-on payment, and lesser of 100% of billed charges.",22158.67,,,,,,,Case Rate,". 105 percent of Medicaid DRG. Add-on payment, and lesser of 100% of billed charges. 105 percent of Medicaid DRG. Add-on payment, and lesser of 100% of billed charges.",22158.67,,,,,,,Case Rate,". 105 percent of Medicaid DRG. Add-on payment, and lesser of 100% of billed charges. 105 percent of Medicaid DRG. Add-on payment, and lesser of 100% of billed charges.",,,,,,,,," ",,,,,,,,,".  ",,,,,,,,," ",22158.67,,,,,,,Case Rate,". 105 percent of Medicaid DRG. Add-on payment, and lesser of 100% of billed charges. 105 percent of Medicaid DRG. Add-on payment, and lesser of 100% of billed charges.",,,,,,,,,".  ",,,,,,,,," ",,,,,,,,,".  ",,,,,,,,,".  ",,,,,,,,,".  ",22158.67,,,,,,,Case Rate,". 105 percent of Medicaid DRG. Add-on payment, and lesser of 100% of billed charges. 105 percent of Medicaid DRG. Add-on payment, and lesser of 100% of billed charges.",,,,,,,,," ",,,,,,,,,".  ",22158.67,,,,,,,Case Rate,". 105 percent of Medicaid DRG. Add-on payment, and lesser of 100% of billed charges. 105 percent of Medicaid DRG. Add-on payment, and lesser of 100% of billed charges.",,,,,,,,,".  ",,,,,,,,,".  ",,,,,,,,," ",,,,,,,,," ",,,,,,,,," ",,,,,,,,," ",,,,,,,,," ",,,,,,,,," ",,,,,,,,," ",,,,,,,,," ",,,,,,,,," ",,,,,,,,," ",,,,,,,,," ",,,,,,,,," ",,,,,,,,," ",,,,,,,,," ",,,,,,,,," ",,,,,,,,," ",47482.86,,,,,,,Case Rate,". 225 percent of Medicaid DRG. Add-on payment, and lesser of 225% of billed charges. 225 percent of Medicaid DRG. Add-on payment, and lesser of 225% of billed charges.",21103.49,,,,,,,Case Rate,". 100 percent of Medicaid DRG. Add-on payment, and lesser of 100% of billed charges. 100 percent of Medicaid DRG. Add-on payment, and lesser of 100% of billed charges.",,,,,,,,,".  ",,,,,,,,,".  ",,,,,,,,," ",,,,,,,,," ",,,,,,,,," ",,,,,,,,," ",,,,,,,,,".  ",,,,,,,,," ",,,,,,,,,".  ",,,,,,,,," ",,,,,,,,,".  ",,,,,,,,,".  ",,,,,,,,,".  ",,,,,,,,," ",21103.49,,,,,,,Case Rate,". 100 percent of Medicaid DRG. Add-on payment, and lesser of 100% of billed charges. 100 percent of Medicaid DRG. Add-on payment, and lesser of 100% of billed charges.",,,,,,,,," ",,,,,,,,,".  ",,,,,,,,,".  ",21103.49,,,,,,,Case Rate,". 100 percent of Medicaid DRG. Add-on payment, and lesser of 100% of billed charges. 100 percent of Medicaid DRG. Add-on payment, and lesser of 100% of billed charges.",,,,,,,,,".  ",21103.49,,,,,,,Case Rate,". 100 percent of Medicaid DRG. Add-on payment, and lesser of 100% of billed charges. 100 percent of Medicaid DRG. Add-on payment, and lesser of 100% of billed charges.",21103.49,,,,,,,Case Rate,". 100 percent of Medicaid DRG. Add-on payment, and lesser of 100% of billed charges. 100 percent of Medicaid DRG. Add-on payment, and lesser of 100% of billed charges.",,,,,,,,,".  ",,,,,,,,,".  ",,,,,,,,,".  ",,,,,,,,,".  ",,,,,,,,,".  ",,,,,,,,,".  ",,,,,,,,,".  ",,,,,,,,," ",,,,,,,,," ",,,,,,,,," ",21103.49,,,,,,,Case Rate,". 100 percent of Medicaid DRG. Add-on payment, and lesser of 100% of billed charges. 100 percent of Medicaid DRG. Add-on payment, and lesser of 100% of billed charges.",,,,,,,,,".  ",,,,,,,,,".  ",,,,,,,,,".  ",,,,,,,,,".  ",,,,,,,,,".  ",,,,,,,,,".  ",,,,,,,,,".  ",,,,,,,,,".  ",,,,,,,,,".  ",,,,,,,,,".  ",,,,,,,,," ",15145.08,61200.13,
APR135-1,DRG,,,,,APR135-1 MAJOR CHEST & RESPIRATORY TRAUMA,,,Inpatient,,,,,,,,,,,,".  ",,,,,,,,,".  ",,,,,,,,,". GMLOS + 8 Outlier per Diem $6,968.00. Add-on payment, and lesser of 100% of billed charges. GMLOS + 8 Outlier per Diem $6,968.00. Add-on payment, and lesser of 100% of billed charges.",,100,,,,,0,Percent of total billed charges,100 percent of charges.  ; No services were performed during the 15 month look back period.,,,,,,,,,". 100 percent of Medicare DRG. Add-on payment,  . 100 percent of Medicare DRG. Add-on payment,  .",,,,,,,,,". GMLOS + 8 Outlier per Diem $6,968.00. Add-on payment, and lesser of 100% of billed charges. GMLOS + 8 Outlier per Diem $6,968.00. Add-on payment, and lesser of 100% of billed charges.",,,,,,,,,". GMLOS + 8 Outlier per Diem $6,968.00. Add-on payment, and lesser of 100% of billed charges. GMLOS + 8 Outlier per Diem $6,968.00. Add-on payment, and lesser of 100% of billed charges.",,,,,,,,,". GMLOS + 8 Outlier per Diem $6,968.00. Add-on payment, and lesser of 100% of billed charges. GMLOS + 8 Outlier per Diem $6,968.00. Add-on payment, and lesser of 100% of billed charges.",13465.79,,,,,,,Case Rate,". 155 percent of Medicaid DRG. Add-on payment, and lesser of 100% of billed charges. 155 percent of Medicaid DRG. Add-on payment, and lesser of 100% of billed charges.",8687.61,,,,,,,Case Rate,". 100 percent of Medicaid DRG. Add-on payment, and lesser of 100% of billed charges. 100 percent of Medicaid DRG. Add-on payment, and lesser of 100% of billed charges.",,73,,,,,0,Percent of total billed charges,73 percent of charges.  ; No services were performed during the 15 month look back period.,,,,,,,,,".  ",8687.61,,,,,,,Case Rate,". 100 percent of Medicaid DRG. Add-on payment, and lesser of 100% of billed charges. 100 percent of Medicaid DRG. Add-on payment, and lesser of 100% of billed charges.",,,,,,,,,". 100 percent of Medicare DRG. Add-on payment,  . 100 percent of Medicare DRG. Add-on payment,  .",,,,,,,,,".  ",,,,,,,,,".  ",,,,,,,,,".  ",,,,,,,,,".  ",8687.61,,,,,,,Case Rate,". 100 percent of Medicaid DRG. Add-on payment, and lesser of 100% of billed charges. 100 percent of Medicaid DRG. Add-on payment, and lesser of 100% of billed charges.",,,,,,,,,". 100 percent of Medicare DRG. Add-on payment,  . 100 percent of Medicare DRG. Add-on payment,  .",8687.61,,,,,,,Case Rate,". 100 percent of Medicaid DRG. Add-on payment, and lesser of 100% of billed charges. 100 percent of Medicaid DRG. Add-on payment, and lesser of 100% of billed charges.",,73,,,,,0,Percent of total billed charges,73 percent of charges.  ; No services were performed during the 15 month look back period.,,,,,,,,,". GMLOS + 8 Outlier per Diem $6,968.00. Add-on payment, and lesser of 100% of billed charges. GMLOS + 8 Outlier per Diem $6,968.00. Add-on payment, and lesser of 100% of billed charges.",,,,,,,,,". 100 percent of Medicare DRG. Add-on payment, and lesser of 100% of billed charges. 100 percent of Medicare DRG. Add-on payment, and lesser of 100% of billed charges.",,,,,,,,," ",,,,,,,,,". 100 percent of Medicare DRG. Add-on payment, and lesser of 100% of billed charges. 100 percent of Medicare DRG. Add-on payment, and lesser of 100% of billed charges.",,,,,,,,,". 100 percent of Medicare DRG. Add-on payment, and lesser of 100% of billed charges. 100 percent of Medicare DRG. Add-on payment, and lesser of 100% of billed charges.",,73,,,,,0,Percent of total billed charges,73 percent of charges.  ; No services were performed during the 15 month look back period.,8687.61,,,,,,,Case Rate,". 100 percent of Medicaid DRG. Add-on payment, and lesser of 100% of billed charges. 100 percent of Medicaid DRG. Add-on payment, and lesser of 100% of billed charges.",8687.61,,,,,,,Case Rate,". 100 percent of Medicaid DRG. Add-on payment, and lesser of 100% of billed charges. 100 percent of Medicaid DRG. Add-on payment, and lesser of 100% of billed charges.",8687.61,,,,,,,Case Rate,". 100 percent of Medicaid DRG. Add-on payment, and lesser of 100% of billed charges. 100 percent of Medicaid DRG. Add-on payment, and lesser of 100% of billed charges.",8687.61,,,,,,,Case Rate,". 100 percent of Medicaid DRG. Add-on payment, and lesser of 100% of billed charges. 100 percent of Medicaid DRG. Add-on payment, and lesser of 100% of billed charges.",,,,,,,,," ",,,,,,,,," ",8687.61,,,,,,,Case Rate,". 100 percent of Medicaid DRG. Add-on payment, and lesser of 100% of billed charges. 100 percent of Medicaid DRG. Add-on payment, and lesser of 100% of billed charges.",,,,,,,,," ",8687.61,,,,,,,Case Rate,". 100 percent of Medicaid DRG. Add-on payment, and lesser of 100% of billed charges. 100 percent of Medicaid DRG. Add-on payment, and lesser of 100% of billed charges.",,,,,,,,,". 100 percent of Medicare DRG. Add-on payment, . 100 percent of Medicare DRG. Add-on payment, .",,,,,,,,," ",,73,,,,,0,Percent of total billed charges,73 percent of charges.  ; No services were performed during the 15 month look back period.,8687.61,,,,,,,Case Rate,". 100 percent of Medicaid DRG. Add-on payment, and lesser of 100% of billed charges. 100 percent of Medicaid DRG. Add-on payment, and lesser of 100% of billed charges.",8687.61,,,,,,,Case Rate,". 100 percent of Medicaid DRG. Add-on payment, and lesser of 100% of billed charges. 100 percent of Medicaid DRG. Add-on payment, and lesser of 100% of billed charges.",,73,,,,,0,Percent of total billed charges,73 percent of charges.  ; No services were performed during the 15 month look back period.,,,,,,,,,".  ",,,,,,,,,".  ",,,,,,,,,".  ",,73,,,,,0,Percent of total billed charges,73 percent of charges.  ; No services were performed during the 15 month look back period.,,,,,,,,,". 100 percent of Medicare DRG. Add-on payment,  . 100 percent of Medicare DRG. Add-on payment,  .",,,,,,,,,".  ",,,,,,,,,".  ",,,,,,,,,".  ",,,,,,,,,". 100 percent of Medicare DRG. Add-on payment,  . 100 percent of Medicare DRG. Add-on payment,  .",,,,,,,,,".  ",,,,,,,,,".  ",,,,,,,,,". 100 percent of Medicare DRG. Add-on payment, and lesser of 100% of billed charges. 100 percent of Medicare DRG. Add-on payment, and lesser of 100% of billed charges.",,,,,,,,,".  ",,,,,,,,,".  ",,,,,,,,,".  ",,,,,,,,,".  ",,,,,,,,,".  ",,,,,,,,,".  ",,,,,,,,,".  ",,,,,,,,,". 100 percent of Medicare DRG. Add-on payment,  . 100 percent of Medicare DRG. Add-on payment,  .",,,,,,,,,". 100 percent of Medicare DRG. Add-on payment,  . 100 percent of Medicare DRG. Add-on payment,  .",,,,,,,,,".  ",,73,,,,,0,Percent of total billed charges,73 percent of charges.  ; No services were performed during the 15 month look back period.,,73,,,,,0,Percent of total billed charges,73 percent of charges.  ; No services were performed during the 15 month look back period.,,73,,,,,0,Percent of total billed charges,73 percent of charges.  ; No services were performed during the 15 month look back period.,,73,,,,,0,Percent of total billed charges,73 percent of charges.  ; No services were performed during the 15 month look back period.,,73,,,,,0,Percent of total billed charges,73 percent of charges.  ; No services were performed during the 15 month look back period.,,73,,,,,0,Percent of total billed charges,73 percent of charges.  ; No services were performed during the 15 month look back period.,,73,,,,,0,Percent of total billed charges,73 percent of charges.  ; No services were performed during the 15 month look back period.,,73,,,,,0,Percent of total billed charges,73 percent of charges.  ; No services were performed during the 15 month look back period.,,73,,,,,0,Percent of total billed charges,73 percent of charges.  ; No services were performed during the 15 month look back period.,,73,,,,,0,Percent of total billed charges,73 percent of charges.  ; No services were performed during the 15 month look back period.,,73,,,,,0,Percent of total billed charges,73 percent of charges.  ; No services were performed during the 15 month look back period.,,73,,,,,0,Percent of total billed charges,73 percent of charges.  ; No services were performed during the 15 month look back period.,,73,,,,,0,Percent of total billed charges,73 percent of charges.  ; No services were performed during the 15 month look back period.,,73,,,,,0,Percent of total billed charges,73 percent of charges.  ; No services were performed during the 15 month look back period.,,73,,,,,0,Percent of total billed charges,73 percent of charges.  ; No services were performed during the 15 month look back period.,,73,,,,,0,Percent of total billed charges,73 percent of charges.  ; No services were performed during the 15 month look back period.,,73,,,,,0,Percent of total billed charges,73 percent of charges.  ; No services were performed during the 15 month look back period.,,73,,,,,0,Percent of total billed charges,73 percent of charges.  ; No services were performed during the 15 month look back period.,,73,,,,,0,Percent of total billed charges,73 percent of charges.  ; No services were performed during the 15 month look back period.,,73,,,,,0,Percent of total billed charges,73 percent of charges.  ; No services were performed during the 15 month look back period.,,73,,,,,0,Percent of total billed charges,73 percent of charges.  ; No services were performed during the 15 month look back period.,,73,,,,,0,Percent of total billed charges,73 percent of charges.  ; No services were performed during the 15 month look back period.,,73,,,,,0,Percent of total billed charges,73 percent of charges.  ; No services were performed during the 15 month look back period.,,73,,,,,0,Percent of total billed charges,73 percent of charges.  ; No services were performed during the 15 month look back period.,,73,,,,,0,Percent of total billed charges,73 percent of charges.  ; No services were performed during the 15 month look back period.,,73,,,,,0,Percent of total billed charges,73 percent of charges.  ; No services were performed during the 15 month look back period.,,,,,,,,," ",,,,,,,,," ",,,,,,,,," ",,,,,,,,," ",,,,,,,,," ",,,,,,,,," ",,,,,,,,,".  ",,,,,,,,,".  ",,,,,,,,,".  ",,,,,,,,,".  ",,73,,,,,0,Percent of total billed charges,73 percent of charges.  ; No services were performed during the 15 month look back period.,,,,,,,,," ",,,,,,,,,".  ",,,,,,,,,".  ",,,,,,,,,".  ",,,,,,,,," ",,73,,,,,0,Percent of total billed charges,73 percent of charges.  ; No services were performed during the 15 month look back period.,8687.61,,,,,,,Case Rate,". 100 percent of Medicaid DRG. Add-on payment, and lesser of 100% of billed charges. 100 percent of Medicaid DRG. Add-on payment, and lesser of 100% of billed charges.",,,,,,,,," ",8687.61,,,,,,,Case Rate,". 100 percent of Medicaid DRG. Add-on payment, and lesser of 100% of billed charges. 100 percent of Medicaid DRG. Add-on payment, and lesser of 100% of billed charges.",,,,,,,,,". 100 percent of Medicare DRG. Add-on payment, . 100 percent of Medicare DRG. Add-on payment, .",,,,,,,,,". 100 percent of Medicare DRG. Add-on payment,  . 100 percent of Medicare DRG. Add-on payment,  .",,,,,,,,,".  ",,,,,,,,,". 100 percent of Medicare DRG. Add-on payment,  . 100 percent of Medicare DRG. Add-on payment,  .",,,,,,,,,". 100 percent of Medicare DRG. Add-on payment,  . 100 percent of Medicare DRG. Add-on payment,  .",8687.61,,,,,,,Case Rate,". 100 percent of Medicaid DRG. Add-on payment, and lesser of 100% of billed charges. 100 percent of Medicaid DRG. Add-on payment, and lesser of 100% of billed charges.",,,,,,,,,". 100 percent of Medicare DRG. Add-on payment,  . 100 percent of Medicare DRG. Add-on payment,  .",,,,,,,,,". 100 percent of Medicare DRG. Add-on payment,  . 100 percent of Medicare DRG. Add-on payment,  .",,,,,,,,,". GMLOS + 8 Outlier per Diem $6,968.00. Add-on payment, and lesser of 100% of billed charges. GMLOS + 8 Outlier per Diem $6,968.00. Add-on payment, and lesser of 100% of billed charges.",,,,,,,,,". GMLOS + 8 Outlier per Diem $6,968.00. Add-on payment, and lesser of 100% of billed charges. GMLOS + 8 Outlier per Diem $6,968.00. Add-on payment, and lesser of 100% of billed charges.",,,,,,,,,". 100 percent of Medicare DRG. Add-on payment,  . 100 percent of Medicare DRG. Add-on payment,  .",,,,,,,,,".  ",,,,,,,,,".  ",,,,,,,,,".  ",,,,,,,,,". 100 percent of Medicare DRG. Add-on payment,  . 100 percent of Medicare DRG. Add-on payment,  .",,,,,,,,,".  ",,,,,,,,,". GMLOS + 8 Outlier per Diem $6,968.00. Add-on payment, and lesser of 100% of billed charges. GMLOS + 8 Outlier per Diem $6,968.00. Add-on payment, and lesser of 100% of billed charges.",,,,,,,,,". GMLOS + 8 Outlier per Diem $6,968.00. Add-on payment, and lesser of 100% of billed charges. GMLOS + 8 Outlier per Diem $6,968.00. Add-on payment, and lesser of 100% of billed charges.",,,,,,,,,". GMLOS + 8 Outlier per Diem $6,968.00. Add-on payment, and lesser of 100% of billed charges. GMLOS + 8 Outlier per Diem $6,968.00. Add-on payment, and lesser of 100% of billed charges.",,73,,,,,0,Percent of total billed charges,73 percent of charges.  ; No services were performed during the 15 month look back period.,,73,,,,,0,Percent of total billed charges,73 percent of charges.  ; No services were performed during the 15 month look back period.,,73,,,,,0,Percent of total billed charges,73 percent of charges.  ; No services were performed during the 15 month look back period.,,73,,,,,0,Percent of total billed charges,73 percent of charges.  ; No services were performed during the 15 month look back period.,,73,,,,,0,Percent of total billed charges,73 percent of charges.  ; No services were performed during the 15 month look back period.,,73,,,,,0,Percent of total billed charges,73 percent of charges.  ; No services were performed during the 15 month look back period.,,73,,,,,0,Percent of total billed charges,73 percent of charges.  ; No services were performed during the 15 month look back period.,,73,,,,,0,Percent of total billed charges,73 percent of charges.  ; No services were performed during the 15 month look back period.,,73,,,,,0,Percent of total billed charges,73 percent of charges.  ; No services were performed during the 15 month look back period.,,73,,,,,0,Percent of total billed charges,73 percent of charges.  ; No services were performed during the 15 month look back period.,,73,,,,,0,Percent of total billed charges,73 percent of charges.  ; No services were performed during the 15 month look back period.,,,,,,,,," ",,,,,,,,,".  ",,,,,,,,,".  ",,,,,,,,,". 100 percent of Medicare DRG. Add-on payment,  . 100 percent of Medicare DRG. Add-on payment,  .",,,,,,,,,". GMLOS + 8 Outlier per Diem $6,968.00. Add-on payment, and lesser of 100% of billed charges. GMLOS + 8 Outlier per Diem $6,968.00. Add-on payment, and lesser of 100% of billed charges.",,,,,,,,,".  ",,,,,,,,,".  ",,73,,,,,0,Percent of total billed charges,73 percent of charges.  ; No services were performed during the 15 month look back period.,17375.21,,,,,,,Case Rate,". 200 percent of Medicaid DRG. Add-on payment, and lesser of 200% of billed charges. 200 percent of Medicaid DRG. Add-on payment, and lesser of 200% of billed charges.",,,,,,,,,".  ",8687.61,,,,,,,Case Rate,". 100 percent of Medicaid DRG. Add-on payment, and lesser of 100% of billed charges. 100 percent of Medicaid DRG. Add-on payment, and lesser of 100% of billed charges.",,,,,,,,,". 100 percent of Medicare DRG. Add-on payment,  . 100 percent of Medicare DRG. Add-on payment,  .",,,,,,,,,". 100 percent of Medicare DRG. Add-on payment,  . 100 percent of Medicare DRG. Add-on payment,  .",,,,,,,,,". 100 percent of Medicare DRG. Add-on payment,  . 100 percent of Medicare DRG. Add-on payment,  .",,,,,,,,,". 100 percent of Medicare DRG. Add-on payment,  . 100 percent of Medicare DRG. Add-on payment,  .",,,,,,,,,". 100 percent of Medicare DRG. Add-on payment,  . 100 percent of Medicare DRG. Add-on payment,  .",,,,,,,,,". 100 percent of Medicare DRG. Add-on payment,  . 100 percent of Medicare DRG. Add-on payment,  .",,,,,,,,,".  ",,,,,,,,,".  ",19547.12,,,,,,,Case Rate,". 225 percent of Medicaid DRG. Add-on payment, and lesser of 100% of billed charges. 225 percent of Medicaid DRG. Add-on payment, and lesser of 100% of billed charges.",19547.12,,,,,,,Case Rate,". 225 percent of Medicaid DRG. Add-on payment, and lesser of 100% of billed charges. 225 percent of Medicaid DRG. Add-on payment, and lesser of 100% of billed charges.",19547.12,,,,,,,Case Rate,". 225 percent of Medicaid DRG. Add-on payment, and lesser of 100% of billed charges. 225 percent of Medicaid DRG. Add-on payment, and lesser of 100% of billed charges.",19547.12,,,,,,,Case Rate,". 225 percent of Medicaid DRG. Add-on payment, and lesser of 100% of billed charges. 225 percent of Medicaid DRG. Add-on payment, and lesser of 100% of billed charges.",19547.12,,,,,,,Case Rate,". 225 percent of Medicaid DRG. Add-on payment, and lesser of 100% of billed charges. 225 percent of Medicaid DRG. Add-on payment, and lesser of 100% of billed charges.",,,,,,,,," ",,,,,,,,,".  ",,,,,,,,," ",,,,,,,,," ",,,,,,,,," ",,,,,,,,," ",,,,,,,,," ",,,,,,,,,". 100 percent of Medicare DRG. Add-on payment,  . 100 percent of Medicare DRG. Add-on payment,  .",,,,,,,,," ",,,,,,,,," ",,,,,,,,," ",,,,,,,,," ",,,,,,,,,". GMLOS + 8 Outlier per Diem $6,968.00. Add-on payment, and lesser of 100% of billed charges. GMLOS + 8 Outlier per Diem $6,968.00. Add-on payment, and lesser of 100% of billed charges.",,,,,,,,,". GMLOS + 8 Outlier per Diem $6,968.00. Add-on payment, and lesser of 100% of billed charges. GMLOS + 8 Outlier per Diem $6,968.00. Add-on payment, and lesser of 100% of billed charges.",,,,,,,,,". GMLOS + 8 Outlier per Diem $6,968.00. Add-on payment, and lesser of 100% of billed charges. GMLOS + 8 Outlier per Diem $6,968.00. Add-on payment, and lesser of 100% of billed charges.",,,,,,,,,". GMLOS + 8 Outlier per Diem $6,968.00. Add-on payment, and lesser of 100% of billed charges. GMLOS + 8 Outlier per Diem $6,968.00. Add-on payment, and lesser of 100% of billed charges.",,,,,,,,,".  ",,,,,,,,,".  ",,,,,,,,,". 100 percent of Medicare DRG. Add-on payment,  . 100 percent of Medicare DRG. Add-on payment,  .",,,,,,,,,". 100 percent of Medicare DRG. Add-on payment,  . 100 percent of Medicare DRG. Add-on payment,  .",,,,,,,,,". 100 percent of Medicare DRG. Add-on payment,  . 100 percent of Medicare DRG. Add-on payment,  .",,,,,,,,,".  ",,,,,,,,,".  ",,,,,,,,,".  ",,,,,,,,,".  ",,,,,,,,,". GMLOS + 8 Outlier per Diem $6,968.00. Add-on payment, and lesser of 100% of billed charges. GMLOS + 8 Outlier per Diem $6,968.00. Add-on payment, and lesser of 100% of billed charges.",,,,,,,,,". 100 percent of Medicare DRG. Add-on payment,  . 100 percent of Medicare DRG. Add-on payment,  .",,,,,,,,,".  ",8687.61,,,,,,,Case Rate,". 100 percent of Medicaid DRG. Add-on payment, and lesser of 100% of billed charges. 100 percent of Medicaid DRG. Add-on payment, and lesser of 100% of billed charges.",,,,,,,,,". 100 percent of Medicare DRG. Add-on payment, and lesser of 100% of billed charges. 100 percent of Medicare DRG. Add-on payment, and lesser of 100% of billed charges.",,,,,,,,,". 100 percent of Medicare DRG. Add-on payment, and lesser of 100% of billed charges. 100 percent of Medicare DRG. Add-on payment, and lesser of 100% of billed charges.",,,,,,,,,". 100 percent of Medicare DRG. Add-on payment, and lesser of 100% of billed charges. 100 percent of Medicare DRG. Add-on payment, and lesser of 100% of billed charges.",8687.61,,,,,,,Case Rate,". 100 percent of Medicaid DRG. Add-on payment, and lesser of 100% of billed charges. 100 percent of Medicaid DRG. Add-on payment, and lesser of 100% of billed charges.",19547.12,,,,,,,Case Rate,". 225 percent of Medicaid DRG. Add-on payment, and lesser of 225% of billed charges. 225 percent of Medicaid DRG. Add-on payment, and lesser of 225% of billed charges.",19547.12,,,,,,,Case Rate,". 225 percent of Medicaid DRG. Add-on payment, and lesser of 225% of billed charges. 225 percent of Medicaid DRG. Add-on payment, and lesser of 225% of billed charges.",19547.12,,,,,,,Case Rate,". 225 percent of Medicaid DRG. Add-on payment, and lesser of 225% of billed charges. 225 percent of Medicaid DRG. Add-on payment, and lesser of 225% of billed charges.",19547.12,,,,,,,Case Rate,". 225 percent of Medicaid DRG. Add-on payment, and lesser of 225% of billed charges. 225 percent of Medicaid DRG. Add-on payment, and lesser of 225% of billed charges.",19547.12,,,,,,,Case Rate,". 225 percent of Medicaid DRG. Add-on payment, and lesser of 225% of billed charges. 225 percent of Medicaid DRG. Add-on payment, and lesser of 225% of billed charges.",,,,,,,,,". 100 percent of Medicare DRG. Add-on payment, and lesser of 100% of billed charges. 100 percent of Medicare DRG. Add-on payment, and lesser of 100% of billed charges.",8687.61,,,,,,,Case Rate,". 100 percent of Medicaid DRG. Add-on payment, and lesser of 100% of billed charges. 100 percent of Medicaid DRG. Add-on payment, and lesser of 100% of billed charges.",8687.61,,,,,,,Case Rate,". 100 percent of Medicaid DRG. Add-on payment, and lesser of 100% of billed charges. 100 percent of Medicaid DRG. Add-on payment, and lesser of 100% of billed charges.",19547.12,,,,,,,Case Rate,". 225 percent of Medicaid DRG. Add-on payment, and lesser of 225% of billed charges. 225 percent of Medicaid DRG. Add-on payment, and lesser of 225% of billed charges.",19547.12,,,,,,,Case Rate,". 225 percent of Medicaid DRG. Add-on payment, and lesser of 225% of billed charges. 225 percent of Medicaid DRG. Add-on payment, and lesser of 225% of billed charges.",8687.61,,,,,,,Case Rate,". 100 percent of Medicaid DRG. Add-on payment, and lesser of 100% of billed charges. 100 percent of Medicaid DRG. Add-on payment, and lesser of 100% of billed charges.",8687.61,,,,,,,Case Rate,". 100 percent of Medicaid DRG. Add-on payment, and lesser of 100% of billed charges. 100 percent of Medicaid DRG. Add-on payment, and lesser of 100% of billed charges.",19547.12,,,,,,,Case Rate,". 225 percent of Medicaid DRG. Add-on payment, and lesser of 100% of billed charges. 225 percent of Medicaid DRG. Add-on payment, and lesser of 100% of billed charges.",,,,,,,,,". 100 percent of Medicare DRG. Add-on payment,  . 100 percent of Medicare DRG. Add-on payment,  .",,,,,,,,,". 100 percent of Medicare DRG. Add-on payment,  . 100 percent of Medicare DRG. Add-on payment,  .",,,,,,,,,". GMLOS + 8 Outlier per Diem $6,968.00. Add-on payment, and lesser of 100% of billed charges. GMLOS + 8 Outlier per Diem $6,968.00. Add-on payment, and lesser of 100% of billed charges.",,,,,,,,,". 100 percent of Medicare DRG. Add-on payment,  . 100 percent of Medicare DRG. Add-on payment,  .",19547.12,,,,,,,Case Rate,". 225 percent of Medicaid DRG. Add-on payment, and lesser of 225% of billed charges. 225 percent of Medicaid DRG. Add-on payment, and lesser of 225% of billed charges.",19547.12,,,,,,,Case Rate,". 225 percent of Medicaid DRG. Add-on payment, and lesser of 225% of billed charges. 225 percent of Medicaid DRG. Add-on payment, and lesser of 225% of billed charges.",8687.61,,,,,,,Case Rate,". 100 percent of Medicaid DRG. Add-on payment, and lesser of 100% of billed charges. 100 percent of Medicaid DRG. Add-on payment, and lesser of 100% of billed charges.",8687.61,,,,,,,Case Rate,". 100 percent of Medicaid DRG. Add-on payment, and lesser of 100% of billed charges. 100 percent of Medicaid DRG. Add-on payment, and lesser of 100% of billed charges.",12461.67,,,,,,,Case Rate,". 225 percent of Medicaid DRG. Add-on payment, and lesser of 225% of billed charges. 225 percent of Medicaid DRG. Add-on payment, and lesser of 225% of billed charges.",8687.61,,,,,,,Case Rate,". 100 percent of Medicaid DRG. Add-on payment, and lesser of 100% of billed charges. 100 percent of Medicaid DRG. Add-on payment, and lesser of 100% of billed charges.",25194.06,,,,,,,Case Rate,". 290 percent of Medicaid DRG. Add-on payment, and lesser of 100% of billed charges. 290 percent of Medicaid DRG. Add-on payment, and lesser of 100% of billed charges.",25194.06,,,,,,,Case Rate,". 290 percent of Medicaid DRG. Add-on payment, and lesser of 100% of billed charges. 290 percent of Medicaid DRG. Add-on payment, and lesser of 100% of billed charges.",25194.06,,,,,,,Case Rate,". 290 percent of Medicaid DRG. Add-on payment, and lesser of 100% of billed charges. 290 percent of Medicaid DRG. Add-on payment, and lesser of 100% of billed charges.",25194.06,,,,,,,Case Rate,". 290 percent of Medicaid DRG. Add-on payment, and lesser of 100% of billed charges. 290 percent of Medicaid DRG. Add-on payment, and lesser of 100% of billed charges.",,,,,,,,," ",,,,,,,,,".  ",11728.27,,,,,,,Case Rate,"135% of Medicaid EP 1 and 2, 100% of medicaid EP 3 and 4.  ",11728.27,,,,,,,Case Rate,"135% of Medicaid EP 1 and 2, 100% of medicaid EP 3 and 4.  ",8687.61,,,,,,,Case Rate,". 100 percent of Medicaid DRG. Add-on payment, and lesser of 100% of billed charges. 100 percent of Medicaid DRG. Add-on payment, and lesser of 100% of billed charges.",8687.61,,,,,,,Case Rate,". 100 percent of Medicaid DRG. Add-on payment, and lesser of 100% of billed charges. 100 percent of Medicaid DRG. Add-on payment, and lesser of 100% of billed charges.",,,,,,,,,".  ",,,,,,,,,".  ",,,,,,,,,". 100 percent of Medicare DRG. Add-on payment,  . 100 percent of Medicare DRG. Add-on payment,  .",,,,,,,,,".  ",,,,,,,,,".  ",,,,,,,,,".  ",,,,,,,,,".  ",,,,,,,,,". 100 percent of Medicare DRG. Add-on payment,  . 100 percent of Medicare DRG. Add-on payment,  .",,,,,,,,,".  ",,,,,,,,,".  ",,,,,,,,,". GMLOS + 8 Outlier per Diem $6,968.00. Add-on payment, and lesser of 100% of billed charges. GMLOS + 8 Outlier per Diem $6,968.00. Add-on payment, and lesser of 100% of billed charges.",8687.61,,,,,,,Case Rate,". 100 percent of Medicaid DRG. Add-on payment, and lesser of 100% of billed charges. 100 percent of Medicaid DRG. Add-on payment, and lesser of 100% of billed charges.",8687.61,,,,,,,Case Rate,". 100 percent of Medicaid DRG. Add-on payment, and lesser of 100% of billed charges. 100 percent of Medicaid DRG. Add-on payment, and lesser of 100% of billed charges.",19547.12,,,,,,,Case Rate,". 225 percent of Medicaid DRG. Add-on payment, and lesser of 225% of billed charges. 225 percent of Medicaid DRG. Add-on payment, and lesser of 225% of billed charges.",12461.67,,,,,,,Case Rate,". 225 percent of Medicaid DRG. Add-on payment, and lesser of 225% of billed charges. 225 percent of Medicaid DRG. Add-on payment, and lesser of 225% of billed charges.",8687.61,,,,,,,Case Rate,". 100 percent of Medicaid DRG. Add-on payment, and lesser of 100% of billed charges. 100 percent of Medicaid DRG. Add-on payment, and lesser of 100% of billed charges.",19547.12,,,,,,,Case Rate,". 225 percent of Medicaid DRG. Add-on payment, and lesser of 225% of billed charges. 225 percent of Medicaid DRG. Add-on payment, and lesser of 225% of billed charges.",19547.12,,,,,,,Case Rate,". 225 percent of Medicaid DRG. Add-on payment, and lesser of 225% of billed charges. 225 percent of Medicaid DRG. Add-on payment, and lesser of 225% of billed charges.",19547.12,,,,,,,Case Rate,". 225 percent of Medicaid DRG. Add-on payment, and lesser of 225% of billed charges. 225 percent of Medicaid DRG. Add-on payment, and lesser of 225% of billed charges.",19547.12,,,,,,,Case Rate,". 225 percent of Medicaid DRG. Add-on payment, and lesser of 225% of billed charges. 225 percent of Medicaid DRG. Add-on payment, and lesser of 225% of billed charges.",19547.12,,,,,,,Case Rate,". 225 percent of Medicaid DRG. Add-on payment, and lesser of 225% of billed charges. 225 percent of Medicaid DRG. Add-on payment, and lesser of 225% of billed charges.",19547.12,,,,,,,Case Rate,". 225 percent of Medicaid DRG. Add-on payment, and lesser of 225% of billed charges. 225 percent of Medicaid DRG. Add-on payment, and lesser of 225% of billed charges.",,,,,,,,," ",,,,,,,,," ",,,,,,,,," ",,,,,,,,,".  ",,,,,,,,," ",,,,,,,,,". 100 percent of Medicare DRG. Add-on payment,  . 100 percent of Medicare DRG. Add-on payment,  .",,,,,,,,,".  ",,,,,,,,,". 100 percent of Medicare DRG. Add-on payment,  . 100 percent of Medicare DRG. Add-on payment,  .",,,,,,,,,". 100 percent of Medicare DRG. Add-on payment,  . 100 percent of Medicare DRG. Add-on payment,  .",11728.27,,,,,,,Case Rate,"135% of Medicaid EP 1 and 2, 100% of medicaid EP 3 and 4.  ",11728.27,,,,,,,Case Rate,"135% of Medicaid EP 1 and 2, 100% of medicaid EP 3 and 4.  ",8687.61,,,,,,,Case Rate,". 100 percent of Medicaid DRG. Add-on payment, and lesser of 100% of billed charges. 100 percent of Medicaid DRG. Add-on payment, and lesser of 100% of billed charges.",8687.61,,,,,,,Case Rate,". 100 percent of Medicaid DRG. Add-on payment, and lesser of 100% of billed charges. 100 percent of Medicaid DRG. Add-on payment, and lesser of 100% of billed charges.",8687.61,,,,,,,Case Rate,". 100 percent of Medicaid DRG. Add-on payment, and lesser of 100% of billed charges. 100 percent of Medicaid DRG. Add-on payment, and lesser of 100% of billed charges.",,,,,,,,," ",,,,,,,,,". GMLOS + 8 Outlier per Diem $6,968.00. Add-on payment, and lesser of 100% of billed charges. GMLOS + 8 Outlier per Diem $6,968.00. Add-on payment, and lesser of 100% of billed charges.",,,,,,,,," ",,,,,,,,,".  ",,,,,,,,,". 100 percent of Medicare DRG. Add-on payment, . 100 percent of Medicare DRG. Add-on payment, .",,,,,,,,,". 100 percent of Medicare DRG. Add-on payment,  . 100 percent of Medicare DRG. Add-on payment,  .",,,,,,,,,". 100 percent of Medicare DRG. Add-on payment,  . 100 percent of Medicare DRG. Add-on payment,  .",,,,,,,,,". 100 percent of Medicare DRG. Add-on payment,  . 100 percent of Medicare DRG. Add-on payment,  .",,,,,,,,,". 100 percent of Medicare DRG. Add-on payment, . 100 percent of Medicare DRG. Add-on payment, .",,,,,,,,,". 100 percent of Medicare DRG. Add-on payment,  . 100 percent of Medicare DRG. Add-on payment,  .",,,,,,,,," ",19547.12,,,,,,,Case Rate,". 225 percent of Medicaid DRG. Add-on payment, and lesser of 225% of billed charges. 225 percent of Medicaid DRG. Add-on payment, and lesser of 225% of billed charges.",8687.61,,,,,,,Case Rate,". 100 percent of Medicaid DRG. Add-on payment, and lesser of 100% of billed charges. 100 percent of Medicaid DRG. Add-on payment, and lesser of 100% of billed charges.",,,,,,,,,".  ",,,,,,,,," ",,,,,,,,," ",,,,,,,,," ",,,,,,,,," ",,,,,,,,,". 100 percent of Medicare DRG. Add-on payment,  . 100 percent of Medicare DRG. Add-on payment,  .",8687.61,,,,,,,Case Rate,". 100 percent of Medicaid DRG. Add-on payment, and lesser of 100% of billed charges. 100 percent of Medicaid DRG. Add-on payment, and lesser of 100% of billed charges.",,,,,,,,,".  ",8687.61,,,,,,,Case Rate,". 100 percent of Medicaid DRG. Add-on payment, and lesser of 100% of billed charges. 100 percent of Medicaid DRG. Add-on payment, and lesser of 100% of billed charges.",,,,,,,,,". 100 percent of Medicare DRG. Add-on payment,  . 100 percent of Medicare DRG. Add-on payment,  .",8687.61,,,,,,,Case Rate,". 100 percent of Medicaid DRG. Add-on payment, and lesser of 100% of billed charges. 100 percent of Medicaid DRG. Add-on payment, and lesser of 100% of billed charges.",,,,,,,,,". 100 percent of Medicare DRG. Add-on payment,  . 100 percent of Medicare DRG. Add-on payment,  .",,,,,,,,,". 100 percent of Medicare DRG. Add-on payment,  . 100 percent of Medicare DRG. Add-on payment,  .",8687.61,,,,,,,Case Rate,". 100 percent of Medicaid DRG. Add-on payment, and lesser of 100% of billed charges. 100 percent of Medicaid DRG. Add-on payment, and lesser of 100% of billed charges.",8687.61,,,,,,,Case Rate,". 100 percent of Medicaid DRG. Add-on payment, and lesser of 100% of billed charges. 100 percent of Medicaid DRG. Add-on payment, and lesser of 100% of billed charges.",,,,,,,,," ",,,,,,,,,".  ",,73,,,,,0,Percent of total billed charges,73 percent of charges.  ; No services were performed during the 15 month look back period.,,,,,,,,,".  ",,,,,,,,,".  ",,,,,,,,,". GMLOS + 8 Outlier per Diem $6,968.00. Add-on payment, and lesser of 100% of billed charges. GMLOS + 8 Outlier per Diem $6,968.00. Add-on payment, and lesser of 100% of billed charges.",,,,,,,,,". 93 percent of Medicare DRG. Add-on payment, and lesser of 100% of billed charges. 93 percent of Medicare DRG. Add-on payment, and lesser of 100% of billed charges.",,,,,,,,," ",,,,,,,,," ",,,,,,,,,".  ",,,,,,,,,".  ",,,,,,,,,". 100 percent of Medicare DRG. Add-on payment,  . 100 percent of Medicare DRG. Add-on payment,  .",,,,,,,,,". 100 percent of Medicare DRG. Add-on payment,  . 100 percent of Medicare DRG. Add-on payment,  .",,,,,,,,,". 100 percent of Medicare DRG. Add-on payment,  . 100 percent of Medicare DRG. Add-on payment,  .",,,,,,,,,". 100 percent of Medicare DRG. Add-on payment,  . 100 percent of Medicare DRG. Add-on payment,  .",,,,,,,,,".  ",,,,,,,,,".  ",,,,,,,,,".  ",,,,,,,,,". 100 percent of Medicare DRG. Add-on payment,  . 100 percent of Medicare DRG. Add-on payment,  .",,,,,,,,,".  ",,,,,,,,," ",8687.61,,,,,,,Case Rate,". 100 percent of Medicaid DRG. Add-on payment, and lesser of 100% of billed charges. 100 percent of Medicaid DRG. Add-on payment, and lesser of 100% of billed charges.",8687.61,,,,,,,Case Rate,". 100 percent of Medicaid DRG. Add-on payment, and lesser of 100% of billed charges. 100 percent of Medicaid DRG. Add-on payment, and lesser of 100% of billed charges.",,,,,,,,," ",,,,,,,,,".  ",,,,,,,,,".  ",,,,,,,,,".  ",,,,,,,,,".  ",,,,,,,,,". 100 percent of Medicare DRG. Add-on payment, . 100 percent of Medicare DRG. Add-on payment, .",9121.99,,,,,,,Case Rate,". 105 percent of Medicaid DRG. Add-on payment, and lesser of 100% of billed charges. 105 percent of Medicaid DRG. Add-on payment, and lesser of 100% of billed charges.",9121.99,,,,,,,Case Rate,". 105 percent of Medicaid DRG. Add-on payment, and lesser of 100% of billed charges. 105 percent of Medicaid DRG. Add-on payment, and lesser of 100% of billed charges.",9121.99,,,,,,,Case Rate,". 105 percent of Medicaid DRG. Add-on payment, and lesser of 100% of billed charges. 105 percent of Medicaid DRG. Add-on payment, and lesser of 100% of billed charges.",9121.99,,,,,,,Case Rate,". 105 percent of Medicaid DRG. Add-on payment, and lesser of 100% of billed charges. 105 percent of Medicaid DRG. Add-on payment, and lesser of 100% of billed charges.",,,,,,,,,".  ",9121.99,,,,,,,Case Rate,". 105 percent of Medicaid DRG. Add-on payment, and lesser of 100% of billed charges. 105 percent of Medicaid DRG. Add-on payment, and lesser of 100% of billed charges.",9121.99,,,,,,,Case Rate,". 105 percent of Medicaid DRG. Add-on payment, and lesser of 100% of billed charges. 105 percent of Medicaid DRG. Add-on payment, and lesser of 100% of billed charges.",9121.99,,,,,,,Case Rate,". 105 percent of Medicaid DRG. Add-on payment, and lesser of 100% of billed charges. 105 percent of Medicaid DRG. Add-on payment, and lesser of 100% of billed charges.",9121.99,,,,,,,Case Rate,". 105 percent of Medicaid DRG. Add-on payment, and lesser of 100% of billed charges. 105 percent of Medicaid DRG. Add-on payment, and lesser of 100% of billed charges.",9121.99,,,,,,,Case Rate,". 105 percent of Medicaid DRG. Add-on payment, and lesser of 100% of billed charges. 105 percent of Medicaid DRG. Add-on payment, and lesser of 100% of billed charges.",9121.99,,,,,,,Case Rate,". 105 percent of Medicaid DRG. Add-on payment, and lesser of 100% of billed charges. 105 percent of Medicaid DRG. Add-on payment, and lesser of 100% of billed charges.",9121.99,,,,,,,Case Rate,". 105 percent of Medicaid DRG. Add-on payment, and lesser of 100% of billed charges. 105 percent of Medicaid DRG. Add-on payment, and lesser of 100% of billed charges.",,,,,,,,,". 100 percent of Medicare DRG. Add-on payment,  . 100 percent of Medicare DRG. Add-on payment,  .",,,,,,,,,".  ",,,,,,,,,". 100 percent of Medicare DRG. Add-on payment,  . 100 percent of Medicare DRG. Add-on payment,  .",9121.99,,,,,,,Case Rate,". 105 percent of Medicaid DRG. Add-on payment, and lesser of 100% of billed charges. 105 percent of Medicaid DRG. Add-on payment, and lesser of 100% of billed charges.",,,,,,,,,".  ",,,,,,,,,". 100 percent of Medicare DRG. Add-on payment,  . 100 percent of Medicare DRG. Add-on payment,  .",,,,,,,,,".  ",,,,,,,,,".  ",,,,,,,,,".  ",9121.99,,,,,,,Case Rate,". 105 percent of Medicaid DRG. Add-on payment, and lesser of 100% of billed charges. 105 percent of Medicaid DRG. Add-on payment, and lesser of 100% of billed charges.",,,,,,,,,". 100 percent of Medicare DRG. Add-on payment,  . 100 percent of Medicare DRG. Add-on payment,  .",,,,,,,,,".  ",9121.99,,,,,,,Case Rate,". 105 percent of Medicaid DRG. Add-on payment, and lesser of 100% of billed charges. 105 percent of Medicaid DRG. Add-on payment, and lesser of 100% of billed charges.",,,,,,,,,".  ",,,,,,,,,". Delay in Discharge per diem $4,906 Delay in Discharge per diem $4,906",,,,,,,,,". 100 percent of Medicare DRG. Add-on payment, . 100 percent of Medicare DRG. Add-on payment, .",,,,,,,,," ",,,,,,,,," ",,,,,,,,," ",,,,,,,,," ",,,,,,,,," ",,,,,,,,," ",,,,,,,,," ",,,,,,,,," ",,,,,,,,," ",,,,,,,,," ",,,,,,,,," ",,,,,,,,," ",,,,,,,,,". 100 percent of Medicare DRG. Add-on payment,  . 100 percent of Medicare DRG. Add-on payment,  .",,,,,,,,," ",,,,,,,,,". 100 percent of Medicare DRG. Add-on payment,  . 100 percent of Medicare DRG. Add-on payment,  .",19547.12,,,,,,,Case Rate,". 225 percent of Medicaid DRG. Add-on payment, and lesser of 225% of billed charges. 225 percent of Medicaid DRG. Add-on payment, and lesser of 225% of billed charges.",8687.61,,,,,,,Case Rate,". 100 percent of Medicaid DRG. Add-on payment, and lesser of 100% of billed charges. 100 percent of Medicaid DRG. Add-on payment, and lesser of 100% of billed charges.",,,,,,,,,".  ",,,,,,,,,".  ",,,,,,,,,". 100 percent of Medicare DRG. Add-on payment,  . 100 percent of Medicare DRG. Add-on payment,  .",,,,,,,,," ",,,,,,,,,". 100 percent of Medicare DRG. Add-on payment,  . 100 percent of Medicare DRG. Add-on payment,  .",,,,,,,,,". 100 percent of Medicare DRG. Add-on payment,  . 100 percent of Medicare DRG. Add-on payment,  .",,,,,,,,,". GMLOS + 8 Outlier per Diem $6,968.00. Add-on payment, and lesser of 100% of billed charges. GMLOS + 8 Outlier per Diem $6,968.00. Add-on payment, and lesser of 100% of billed charges.",,,,,,,,,". 100 percent of Medicare DRG. Add-on payment,  . 100 percent of Medicare DRG. Add-on payment,  .",,,,,,,,,".  ",,,,,,,,,". 100 percent of Medicare DRG. Add-on payment,  . 100 percent of Medicare DRG. Add-on payment,  .",,,,,,,,,".  ",,,,,,,,,". GMLOS + 8 Outlier per Diem $6,968.00. Add-on payment, and lesser of 100% of billed charges. GMLOS + 8 Outlier per Diem $6,968.00. Add-on payment, and lesser of 100% of billed charges.",,,,,,,,,".  ",,,,,,,,,". 100 percent of Medicare DRG. Add-on payment,  . 100 percent of Medicare DRG. Add-on payment,  .",8687.61,,,,,,,Case Rate,". 100 percent of Medicaid DRG. Add-on payment, and lesser of 100% of billed charges. 100 percent of Medicaid DRG. Add-on payment, and lesser of 100% of billed charges.",,,,,,,,,". 100 percent of Medicare DRG. Add-on payment,  . 100 percent of Medicare DRG. Add-on payment,  .",,,,,,,,,".  ",,,,,,,,,".  ",8687.61,,,,,,,Case Rate,". 100 percent of Medicaid DRG. Add-on payment, and lesser of 100% of billed charges. 100 percent of Medicaid DRG. Add-on payment, and lesser of 100% of billed charges.",,,,,,,,,".  ",8687.61,,,,,,,Case Rate,". 100 percent of Medicaid DRG. Add-on payment, and lesser of 100% of billed charges. 100 percent of Medicaid DRG. Add-on payment, and lesser of 100% of billed charges.",8687.61,,,,,,,Case Rate,". 100 percent of Medicaid DRG. Add-on payment, and lesser of 100% of billed charges. 100 percent of Medicaid DRG. Add-on payment, and lesser of 100% of billed charges.",,,,,,,,,".  ",,,,,,,,,".  ",,,,,,,,,".  ",,,,,,,,,".  ",,,,,,,,,".  ",,,,,,,,,".  ",,,,,,,,,".  ",,,,,,,,," ",,,,,,,,," ",,,,,,,,," ",8687.61,,,,,,,Case Rate,". 100 percent of Medicaid DRG. Add-on payment, and lesser of 100% of billed charges. 100 percent of Medicaid DRG. Add-on payment, and lesser of 100% of billed charges.",,,,,,,,,".  ",,,,,,,,,".  ",,,,,,,,,". GMLOS + 8 Outlier per Diem $6,968.00. Add-on payment, and lesser of 100% of billed charges. GMLOS + 8 Outlier per Diem $6,968.00. Add-on payment, and lesser of 100% of billed charges.",,,,,,,,,".  ",,,,,,,,,". GMLOS + 8 Outlier per Diem $6,968.00. Add-on payment, and lesser of 100% of billed charges. GMLOS + 8 Outlier per Diem $6,968.00. Add-on payment, and lesser of 100% of billed charges.",,,,,,,,,".  ",,,,,,,,,".  ",,,,,,,,,".  ",,,,,,,,,".  ",,,,,,,,,".  ",,,,,,,,,". 100 percent of Medicare DRG. Add-on payment,  . 100 percent of Medicare DRG. Add-on payment,  .",5538.52,25194.06,
APR162-3,DRG,,,,,APR162-3 CARDIAC VALVE PROCEDURES W AMI OR COMPLEX PDX,,,Inpatient,,,,,,,,,,,,".  ",,,,,,,,,".  ",,,,,,,,,".  ",,100,,,,,0,Percent of total billed charges,100 percent of charges.  ; No services were performed during the 15 month look back period.,,,,,,,,," ",,,,,,,,,".  ",,,,,,,,,".  ",,,,,,,,,".  ",96323.08,,,,,,,Case Rate,". 155 percent of Medicaid DRG. Add-on payment, and lesser of 100% of billed charges. 155 percent of Medicaid DRG. Add-on payment, and lesser of 100% of billed charges.",62143.93,,,,,,,Case Rate,". 100 percent of Medicaid DRG. Add-on payment, and lesser of 100% of billed charges. 100 percent of Medicaid DRG. Add-on payment, and lesser of 100% of billed charges.",,73,,,,,0,Percent of total billed charges,73 percent of charges.  ; No services were performed during the 15 month look back period.,,,,,,,,,".  ",62143.93,,,,,,,Case Rate,". 100 percent of Medicaid DRG. Add-on payment, and lesser of 100% of billed charges. 100 percent of Medicaid DRG. Add-on payment, and lesser of 100% of billed charges.",,,,,,,,," ",,,,,,,,,".  ",,,,,,,,,".  ",,,,,,,,,".  ",,,,,,,,,".  ",62143.93,,,,,,,Case Rate,". 100 percent of Medicaid DRG. Add-on payment, and lesser of 100% of billed charges. 100 percent of Medicaid DRG. Add-on payment, and lesser of 100% of billed charges.",,,,,,,,," ",62143.93,,,,,,,Case Rate,". 100 percent of Medicaid DRG. Add-on payment, and lesser of 100% of billed charges. 100 percent of Medicaid DRG. Add-on payment, and lesser of 100% of billed charges.",,73,,,,,0,Percent of total billed charges,73 percent of charges.  ; No services were performed during the 15 month look back period.,,,,,,,,,".  ",,,,,,,,," ",,,,,,,,," ",,,,,,,,," ",,,,,,,,," ",,73,,,,,0,Percent of total billed charges,73 percent of charges.  ; No services were performed during the 15 month look back period.,62143.93,,,,,,,Case Rate,". 100 percent of Medicaid DRG. Add-on payment, and lesser of 100% of billed charges. 100 percent of Medicaid DRG. Add-on payment, and lesser of 100% of billed charges.",62143.93,,,,,,,Case Rate,". 100 percent of Medicaid DRG. Add-on payment, and lesser of 100% of billed charges. 100 percent of Medicaid DRG. Add-on payment, and lesser of 100% of billed charges.",62143.93,,,,,,,Case Rate,". 100 percent of Medicaid DRG. Add-on payment, and lesser of 100% of billed charges. 100 percent of Medicaid DRG. Add-on payment, and lesser of 100% of billed charges.",62143.93,,,,,,,Case Rate,". 100 percent of Medicaid DRG. Add-on payment, and lesser of 100% of billed charges. 100 percent of Medicaid DRG. Add-on payment, and lesser of 100% of billed charges.",,,,,,,,," ",,,,,,,,," ",62143.93,,,,,,,Case Rate,". 100 percent of Medicaid DRG. Add-on payment, and lesser of 100% of billed charges. 100 percent of Medicaid DRG. Add-on payment, and lesser of 100% of billed charges.",,,,,,,,," ",62143.93,,,,,,,Case Rate,". 100 percent of Medicaid DRG. Add-on payment, and lesser of 100% of billed charges. 100 percent of Medicaid DRG. Add-on payment, and lesser of 100% of billed charges.",,,,,,,,," ",,,,,,,,," ",,73,,,,,0,Percent of total billed charges,73 percent of charges.  ; No services were performed during the 15 month look back period.,62143.93,,,,,,,Case Rate,". 100 percent of Medicaid DRG. Add-on payment, and lesser of 100% of billed charges. 100 percent of Medicaid DRG. Add-on payment, and lesser of 100% of billed charges.",62143.93,,,,,,,Case Rate,". 100 percent of Medicaid DRG. Add-on payment, and lesser of 100% of billed charges. 100 percent of Medicaid DRG. Add-on payment, and lesser of 100% of billed charges.",,73,,,,,0,Percent of total billed charges,73 percent of charges.  ; No services were performed during the 15 month look back period.,,,,,,,,,".  ",,,,,,,,,".  ",,,,,,,,,".  ",,73,,,,,0,Percent of total billed charges,73 percent of charges.  ; No services were performed during the 15 month look back period.,,,,,,,,," ",,,,,,,,,".  ",,,,,,,,,".  ",,,,,,,,,".  ",,,,,,,,," ",,,,,,,,,".  ",,,,,,,,,".  ",,,,,,,,," ",,,,,,,,,".  ",,,,,,,,,".  ",,,,,,,,,".  ",,,,,,,,,".  ",,,,,,,,,".  ",,,,,,,,,".  ",,,,,,,,,".  ",,,,,,,,," ",,,,,,,,," ",,,,,,,,,".  ",,73,,,,,0,Percent of total billed charges,73 percent of charges.  ; No services were performed during the 15 month look back period.,,73,,,,,0,Percent of total billed charges,73 percent of charges.  ; No services were performed during the 15 month look back period.,,73,,,,,0,Percent of total billed charges,73 percent of charges.  ; No services were performed during the 15 month look back period.,,73,,,,,0,Percent of total billed charges,73 percent of charges.  ; No services were performed during the 15 month look back period.,,73,,,,,0,Percent of total billed charges,73 percent of charges.  ; No services were performed during the 15 month look back period.,,73,,,,,0,Percent of total billed charges,73 percent of charges.  ; No services were performed during the 15 month look back period.,,73,,,,,0,Percent of total billed charges,73 percent of charges.  ; No services were performed during the 15 month look back period.,,73,,,,,0,Percent of total billed charges,73 percent of charges.  ; No services were performed during the 15 month look back period.,,73,,,,,0,Percent of total billed charges,73 percent of charges.  ; No services were performed during the 15 month look back period.,,73,,,,,0,Percent of total billed charges,73 percent of charges.  ; No services were performed during the 15 month look back period.,,73,,,,,0,Percent of total billed charges,73 percent of charges.  ; No services were performed during the 15 month look back period.,,73,,,,,0,Percent of total billed charges,73 percent of charges.  ; No services were performed during the 15 month look back period.,,73,,,,,0,Percent of total billed charges,73 percent of charges.  ; No services were performed during the 15 month look back period.,,73,,,,,0,Percent of total billed charges,73 percent of charges.  ; No services were performed during the 15 month look back period.,,73,,,,,0,Percent of total billed charges,73 percent of charges.  ; No services were performed during the 15 month look back period.,,73,,,,,0,Percent of total billed charges,73 percent of charges.  ; No services were performed during the 15 month look back period.,,73,,,,,0,Percent of total billed charges,73 percent of charges.  ; No services were performed during the 15 month look back period.,,73,,,,,0,Percent of total billed charges,73 percent of charges.  ; No services were performed during the 15 month look back period.,,73,,,,,0,Percent of total billed charges,73 percent of charges.  ; No services were performed during the 15 month look back period.,,73,,,,,0,Percent of total billed charges,73 percent of charges.  ; No services were performed during the 15 month look back period.,,73,,,,,0,Percent of total billed charges,73 percent of charges.  ; No services were performed during the 15 month look back period.,,73,,,,,0,Percent of total billed charges,73 percent of charges.  ; No services were performed during the 15 month look back period.,,73,,,,,0,Percent of total billed charges,73 percent of charges.  ; No services were performed during the 15 month look back period.,,73,,,,,0,Percent of total billed charges,73 percent of charges.  ; No services were performed during the 15 month look back period.,,73,,,,,0,Percent of total billed charges,73 percent of charges.  ; No services were performed during the 15 month look back period.,,73,,,,,0,Percent of total billed charges,73 percent of charges.  ; No services were performed during the 15 month look back period.,,,,,,,,," ",,,,,,,,," ",,,,,,,,," ",,,,,,,,," ",,,,,,,,," ",,,,,,,,," ",,,,,,,,,".  ",,,,,,,,,".  ",,,,,,,,,".  ",,,,,,,,,".  ",,73,,,,,0,Percent of total billed charges,73 percent of charges.  ; No services were performed during the 15 month look back period.,,,,,,,,," ",,,,,,,,,".  ",,,,,,,,,".  ",,,,,,,,,".  ",,,,,,,,," ",,73,,,,,0,Percent of total billed charges,73 percent of charges.  ; No services were performed during the 15 month look back period.,62143.93,,,,,,,Case Rate,". 100 percent of Medicaid DRG. Add-on payment, and lesser of 100% of billed charges. 100 percent of Medicaid DRG. Add-on payment, and lesser of 100% of billed charges.",,,,,,,,," ",62143.93,,,,,,,Case Rate,". 100 percent of Medicaid DRG. Add-on payment, and lesser of 100% of billed charges. 100 percent of Medicaid DRG. Add-on payment, and lesser of 100% of billed charges.",,,,,,,,," ",,,,,,,,," ",,,,,,,,,".  ",,,,,,,,," ",,,,,,,,," ",62143.93,,,,,,,Case Rate,". 100 percent of Medicaid DRG. Add-on payment, and lesser of 100% of billed charges. 100 percent of Medicaid DRG. Add-on payment, and lesser of 100% of billed charges.",,,,,,,,," ",,,,,,,,," ",,,,,,,,,".  ",,,,,,,,,".  ",,,,,,,,," ",,,,,,,,,".  ",,,,,,,,,".  ",,,,,,,,,".  ",,,,,,,,," ",,,,,,,,,".  ",,,,,,,,,".  ",,,,,,,,,".  ",,,,,,,,,".  ",,73,,,,,0,Percent of total billed charges,73 percent of charges.  ; No services were performed during the 15 month look back period.,,73,,,,,0,Percent of total billed charges,73 percent of charges.  ; No services were performed during the 15 month look back period.,,73,,,,,0,Percent of total billed charges,73 percent of charges.  ; No services were performed during the 15 month look back period.,,73,,,,,0,Percent of total billed charges,73 percent of charges.  ; No services were performed during the 15 month look back period.,,73,,,,,0,Percent of total billed charges,73 percent of charges.  ; No services were performed during the 15 month look back period.,,73,,,,,0,Percent of total billed charges,73 percent of charges.  ; No services were performed during the 15 month look back period.,,73,,,,,0,Percent of total billed charges,73 percent of charges.  ; No services were performed during the 15 month look back period.,,73,,,,,0,Percent of total billed charges,73 percent of charges.  ; No services were performed during the 15 month look back period.,,73,,,,,0,Percent of total billed charges,73 percent of charges.  ; No services were performed during the 15 month look back period.,,73,,,,,0,Percent of total billed charges,73 percent of charges.  ; No services were performed during the 15 month look back period.,,73,,,,,0,Percent of total billed charges,73 percent of charges.  ; No services were performed during the 15 month look back period.,,,,,,,,," ",,,,,,,,,".  ",,,,,,,,,".  ",,,,,,,,," ",,,,,,,,,".  ",,,,,,,,,".  ",,,,,,,,,".  ",,73,,,,,0,Percent of total billed charges,73 percent of charges.  ; No services were performed during the 15 month look back period.,124287.85,,,,,,,Case Rate,". 200 percent of Medicaid DRG. Add-on payment, and lesser of 200% of billed charges. 200 percent of Medicaid DRG. Add-on payment, and lesser of 200% of billed charges.",,,,,,,,,".  ",62143.93,,,,,,,Case Rate,". 100 percent of Medicaid DRG. Add-on payment, and lesser of 100% of billed charges. 100 percent of Medicaid DRG. Add-on payment, and lesser of 100% of billed charges.",,,,,,,,," ",,,,,,,,," ",,,,,,,,," ",,,,,,,,," ",,,,,,,,," ",,,,,,,,," ",,,,,,,,,".  ",,,,,,,,,".  ",139823.83,,,,,,,Case Rate,". 225 percent of Medicaid DRG. Add-on payment, and lesser of 100% of billed charges. 225 percent of Medicaid DRG. Add-on payment, and lesser of 100% of billed charges.",139823.83,,,,,,,Case Rate,". 225 percent of Medicaid DRG. Add-on payment, and lesser of 100% of billed charges. 225 percent of Medicaid DRG. Add-on payment, and lesser of 100% of billed charges.",139823.83,,,,,,,Case Rate,". 225 percent of Medicaid DRG. Add-on payment, and lesser of 100% of billed charges. 225 percent of Medicaid DRG. Add-on payment, and lesser of 100% of billed charges.",139823.83,,,,,,,Case Rate,". 225 percent of Medicaid DRG. Add-on payment, and lesser of 100% of billed charges. 225 percent of Medicaid DRG. Add-on payment, and lesser of 100% of billed charges.",139823.83,,,,,,,Case Rate,". 225 percent of Medicaid DRG. Add-on payment, and lesser of 100% of billed charges. 225 percent of Medicaid DRG. Add-on payment, and lesser of 100% of billed charges.",,,,,,,,," ",,,,,,,,,".  ",,,,,,,,," ",,,,,,,,," ",,,,,,,,," ",,,,,,,,," ",,,,,,,,," ",,,,,,,,," ",,,,,,,,," ",,,,,,,,," ",,,,,,,,," ",,,,,,,,," ",,,,,,,,,".  ",,,,,,,,,".  ",,,,,,,,,".  ",,,,,,,,,".  ",,,,,,,,,".  ",,,,,,,,,".  ",,,,,,,,," ",,,,,,,,," ",,,,,,,,," ",,,,,,,,,".  ",,,,,,,,,".  ",,,,,,,,,".  ",,,,,,,,,".  ",,,,,,,,,".  ",,,,,,,,," ",,,,,,,,,".  ",62143.93,,,,,,,Case Rate,". 100 percent of Medicaid DRG. Add-on payment, and lesser of 100% of billed charges. 100 percent of Medicaid DRG. Add-on payment, and lesser of 100% of billed charges.",,,,,,,,," ",,,,,,,,," ",,,,,,,,," ",62143.93,,,,,,,Case Rate,". 100 percent of Medicaid DRG. Add-on payment, and lesser of 100% of billed charges. 100 percent of Medicaid DRG. Add-on payment, and lesser of 100% of billed charges.",139823.83,,,,,,,Case Rate,". 225 percent of Medicaid DRG. Add-on payment, and lesser of 225% of billed charges. 225 percent of Medicaid DRG. Add-on payment, and lesser of 225% of billed charges.",139823.83,,,,,,,Case Rate,". 225 percent of Medicaid DRG. Add-on payment, and lesser of 225% of billed charges. 225 percent of Medicaid DRG. Add-on payment, and lesser of 225% of billed charges.",139823.83,,,,,,,Case Rate,". 225 percent of Medicaid DRG. Add-on payment, and lesser of 225% of billed charges. 225 percent of Medicaid DRG. Add-on payment, and lesser of 225% of billed charges.",139823.83,,,,,,,Case Rate,". 225 percent of Medicaid DRG. Add-on payment, and lesser of 225% of billed charges. 225 percent of Medicaid DRG. Add-on payment, and lesser of 225% of billed charges.",139823.83,,,,,,,Case Rate,". 225 percent of Medicaid DRG. Add-on payment, and lesser of 225% of billed charges. 225 percent of Medicaid DRG. Add-on payment, and lesser of 225% of billed charges.",,,,,,,,," ",62143.93,,,,,,,Case Rate,". 100 percent of Medicaid DRG. Add-on payment, and lesser of 100% of billed charges. 100 percent of Medicaid DRG. Add-on payment, and lesser of 100% of billed charges.",62143.93,,,,,,,Case Rate,". 100 percent of Medicaid DRG. Add-on payment, and lesser of 100% of billed charges. 100 percent of Medicaid DRG. Add-on payment, and lesser of 100% of billed charges.",139823.83,,,,,,,Case Rate,". 225 percent of Medicaid DRG. Add-on payment, and lesser of 225% of billed charges. 225 percent of Medicaid DRG. Add-on payment, and lesser of 225% of billed charges.",139823.83,,,,,,,Case Rate,". 225 percent of Medicaid DRG. Add-on payment, and lesser of 225% of billed charges. 225 percent of Medicaid DRG. Add-on payment, and lesser of 225% of billed charges.",62143.93,,,,,,,Case Rate,". 100 percent of Medicaid DRG. Add-on payment, and lesser of 100% of billed charges. 100 percent of Medicaid DRG. Add-on payment, and lesser of 100% of billed charges.",62143.93,,,,,,,Case Rate,". 100 percent of Medicaid DRG. Add-on payment, and lesser of 100% of billed charges. 100 percent of Medicaid DRG. Add-on payment, and lesser of 100% of billed charges.",139823.83,,,,,,,Case Rate,". 225 percent of Medicaid DRG. Add-on payment, and lesser of 100% of billed charges. 225 percent of Medicaid DRG. Add-on payment, and lesser of 100% of billed charges.",,,,,,,,," ",,,,,,,,," ",,,,,,,,,".  ",,,,,,,,," ",139823.83,,,,,,,Case Rate,". 225 percent of Medicaid DRG. Add-on payment, and lesser of 225% of billed charges. 225 percent of Medicaid DRG. Add-on payment, and lesser of 225% of billed charges.",139823.83,,,,,,,Case Rate,". 225 percent of Medicaid DRG. Add-on payment, and lesser of 225% of billed charges. 225 percent of Medicaid DRG. Add-on payment, and lesser of 225% of billed charges.",62143.93,,,,,,,Case Rate,". 100 percent of Medicaid DRG. Add-on payment, and lesser of 100% of billed charges. 100 percent of Medicaid DRG. Add-on payment, and lesser of 100% of billed charges.",62143.93,,,,,,,Case Rate,". 100 percent of Medicaid DRG. Add-on payment, and lesser of 100% of billed charges. 100 percent of Medicaid DRG. Add-on payment, and lesser of 100% of billed charges.",105523.57,,,,,,,Case Rate,". 225 percent of Medicaid DRG. Add-on payment, and lesser of 225% of billed charges. 225 percent of Medicaid DRG. Add-on payment, and lesser of 225% of billed charges.",62143.93,,,,,,,Case Rate,". 100 percent of Medicaid DRG. Add-on payment, and lesser of 100% of billed charges. 100 percent of Medicaid DRG. Add-on payment, and lesser of 100% of billed charges.",180217.38,,,,,,,Case Rate,". 290 percent of Medicaid DRG. Add-on payment, and lesser of 100% of billed charges. 290 percent of Medicaid DRG. Add-on payment, and lesser of 100% of billed charges.",180217.38,,,,,,,Case Rate,". 290 percent of Medicaid DRG. Add-on payment, and lesser of 100% of billed charges. 290 percent of Medicaid DRG. Add-on payment, and lesser of 100% of billed charges.",180217.38,,,,,,,Case Rate,". 290 percent of Medicaid DRG. Add-on payment, and lesser of 100% of billed charges. 290 percent of Medicaid DRG. Add-on payment, and lesser of 100% of billed charges.",180217.38,,,,,,,Case Rate,". 290 percent of Medicaid DRG. Add-on payment, and lesser of 100% of billed charges. 290 percent of Medicaid DRG. Add-on payment, and lesser of 100% of billed charges.",,,,,,,,," ",,,,,,,,,".  ",83894.3,,,,,,,Case Rate,"135% of Medicaid EP 1 and 2, 100% of medicaid EP 3 and 4.  ",83894.3,,,,,,,Case Rate,"135% of Medicaid EP 1 and 2, 100% of medicaid EP 3 and 4.  ",62143.93,,,,,,,Case Rate,". 100 percent of Medicaid DRG. Add-on payment, and lesser of 100% of billed charges. 100 percent of Medicaid DRG. Add-on payment, and lesser of 100% of billed charges.",62143.93,,,,,,,Case Rate,". 100 percent of Medicaid DRG. Add-on payment, and lesser of 100% of billed charges. 100 percent of Medicaid DRG. Add-on payment, and lesser of 100% of billed charges.",,,,,,,,,".  ",,,,,,,,,".  ",,,,,,,,," ",,,,,,,,,".  ",,,,,,,,,".  ",,,,,,,,,".  ",,,,,,,,,".  ",,,,,,,,," ",,,,,,,,,".  ",,,,,,,,,".  ",,,,,,,,,".  ",62143.93,,,,,,,Case Rate,". 100 percent of Medicaid DRG. Add-on payment, and lesser of 100% of billed charges. 100 percent of Medicaid DRG. Add-on payment, and lesser of 100% of billed charges.",62143.93,,,,,,,Case Rate,". 100 percent of Medicaid DRG. Add-on payment, and lesser of 100% of billed charges. 100 percent of Medicaid DRG. Add-on payment, and lesser of 100% of billed charges.",139823.83,,,,,,,Case Rate,". 225 percent of Medicaid DRG. Add-on payment, and lesser of 225% of billed charges. 225 percent of Medicaid DRG. Add-on payment, and lesser of 225% of billed charges.",105523.57,,,,,,,Case Rate,". 225 percent of Medicaid DRG. Add-on payment, and lesser of 225% of billed charges. 225 percent of Medicaid DRG. Add-on payment, and lesser of 225% of billed charges.",62143.93,,,,,,,Case Rate,". 100 percent of Medicaid DRG. Add-on payment, and lesser of 100% of billed charges. 100 percent of Medicaid DRG. Add-on payment, and lesser of 100% of billed charges.",139823.83,,,,,,,Case Rate,". 225 percent of Medicaid DRG. Add-on payment, and lesser of 225% of billed charges. 225 percent of Medicaid DRG. Add-on payment, and lesser of 225% of billed charges.",139823.83,,,,,,,Case Rate,". 225 percent of Medicaid DRG. Add-on payment, and lesser of 225% of billed charges. 225 percent of Medicaid DRG. Add-on payment, and lesser of 225% of billed charges.",139823.83,,,,,,,Case Rate,". 225 percent of Medicaid DRG. Add-on payment, and lesser of 225% of billed charges. 225 percent of Medicaid DRG. Add-on payment, and lesser of 225% of billed charges.",139823.83,,,,,,,Case Rate,". 225 percent of Medicaid DRG. Add-on payment, and lesser of 225% of billed charges. 225 percent of Medicaid DRG. Add-on payment, and lesser of 225% of billed charges.",139823.83,,,,,,,Case Rate,". 225 percent of Medicaid DRG. Add-on payment, and lesser of 225% of billed charges. 225 percent of Medicaid DRG. Add-on payment, and lesser of 225% of billed charges.",139823.83,,,,,,,Case Rate,". 225 percent of Medicaid DRG. Add-on payment, and lesser of 225% of billed charges. 225 percent of Medicaid DRG. Add-on payment, and lesser of 225% of billed charges.",,,,,,,,," ",,,,,,,,," ",,,,,,,,," ",,,,,,,,,".  ",,,,,,,,," ",,,,,,,,," ",,,,,,,,,".  ",,,,,,,,," ",,,,,,,,," ",83894.3,,,,,,,Case Rate,"135% of Medicaid EP 1 and 2, 100% of medicaid EP 3 and 4.  ",83894.3,,,,,,,Case Rate,"135% of Medicaid EP 1 and 2, 100% of medicaid EP 3 and 4.  ",62143.93,,,,,,,Case Rate,". 100 percent of Medicaid DRG. Add-on payment, and lesser of 100% of billed charges. 100 percent of Medicaid DRG. Add-on payment, and lesser of 100% of billed charges.",62143.93,,,,,,,Case Rate,". 100 percent of Medicaid DRG. Add-on payment, and lesser of 100% of billed charges. 100 percent of Medicaid DRG. Add-on payment, and lesser of 100% of billed charges.",62143.93,,,,,,,Case Rate,". 100 percent of Medicaid DRG. Add-on payment, and lesser of 100% of billed charges. 100 percent of Medicaid DRG. Add-on payment, and lesser of 100% of billed charges.",,,,,,,,," ",,,,,,,,,".  ",,,,,,,,," ",,,,,,,,,".  ",,,,,,,,," ",,,,,,,,," ",,,,,,,,," ",,,,,,,,," ",,,,,,,,," ",,,,,,,,," ",,,,,,,,," ",139823.83,,,,,,,Case Rate,". 225 percent of Medicaid DRG. Add-on payment, and lesser of 225% of billed charges. 225 percent of Medicaid DRG. Add-on payment, and lesser of 225% of billed charges.",62143.93,,,,,,,Case Rate,". 100 percent of Medicaid DRG. Add-on payment, and lesser of 100% of billed charges. 100 percent of Medicaid DRG. Add-on payment, and lesser of 100% of billed charges.",,,,,,,,,".  ",,,,,,,,," ",,,,,,,,," ",,,,,,,,," ",,,,,,,,," ",,,,,,,,," ",62143.93,,,,,,,Case Rate,". 100 percent of Medicaid DRG. Add-on payment, and lesser of 100% of billed charges. 100 percent of Medicaid DRG. Add-on payment, and lesser of 100% of billed charges.",,,,,,,,,".  ",62143.93,,,,,,,Case Rate,". 100 percent of Medicaid DRG. Add-on payment, and lesser of 100% of billed charges. 100 percent of Medicaid DRG. Add-on payment, and lesser of 100% of billed charges.",,,,,,,,," ",62143.93,,,,,,,Case Rate,". 100 percent of Medicaid DRG. Add-on payment, and lesser of 100% of billed charges. 100 percent of Medicaid DRG. Add-on payment, and lesser of 100% of billed charges.",,,,,,,,," ",,,,,,,,," ",62143.93,,,,,,,Case Rate,". 100 percent of Medicaid DRG. Add-on payment, and lesser of 100% of billed charges. 100 percent of Medicaid DRG. Add-on payment, and lesser of 100% of billed charges.",62143.93,,,,,,,Case Rate,". 100 percent of Medicaid DRG. Add-on payment, and lesser of 100% of billed charges. 100 percent of Medicaid DRG. Add-on payment, and lesser of 100% of billed charges.",,,,,,,,," ",,,,,,,,,".  ",,73,,,,,0,Percent of total billed charges,73 percent of charges.  ; No services were performed during the 15 month look back period.,,,,,,,,,".  ",,,,,,,,,".  ",,,,,,,,,".  ",,,,,,,,," ",,,,,,,,," ",,,,,,,,," ",,,,,,,,,".  ",,,,,,,,,".  ",,,,,,,,," ",,,,,,,,," ",,,,,,,,," ",,,,,,,,," ",,,,,,,,,".  ",,,,,,,,,".  ",,,,,,,,,".  ",,,,,,,,," ",,,,,,,,,".  ",,,,,,,,," ",62143.93,,,,,,,Case Rate,". 100 percent of Medicaid DRG. Add-on payment, and lesser of 100% of billed charges. 100 percent of Medicaid DRG. Add-on payment, and lesser of 100% of billed charges.",62143.93,,,,,,,Case Rate,". 100 percent of Medicaid DRG. Add-on payment, and lesser of 100% of billed charges. 100 percent of Medicaid DRG. Add-on payment, and lesser of 100% of billed charges.",,,,,,,,," ",,,,,,,,,".  ",,,,,,,,,".  ",,,,,,,,,".  ",,,,,,,,,".  ",,,,,,,,," ",65251.12,,,,,,,Case Rate,". 105 percent of Medicaid DRG. Add-on payment, and lesser of 100% of billed charges. 105 percent of Medicaid DRG. Add-on payment, and lesser of 100% of billed charges.",65251.12,,,,,,,Case Rate,". 105 percent of Medicaid DRG. Add-on payment, and lesser of 100% of billed charges. 105 percent of Medicaid DRG. Add-on payment, and lesser of 100% of billed charges.",65251.12,,,,,,,Case Rate,". 105 percent of Medicaid DRG. Add-on payment, and lesser of 100% of billed charges. 105 percent of Medicaid DRG. Add-on payment, and lesser of 100% of billed charges.",65251.12,,,,,,,Case Rate,". 105 percent of Medicaid DRG. Add-on payment, and lesser of 100% of billed charges. 105 percent of Medicaid DRG. Add-on payment, and lesser of 100% of billed charges.",,,,,,,,,".  ",65251.12,,,,,,,Case Rate,". 105 percent of Medicaid DRG. Add-on payment, and lesser of 100% of billed charges. 105 percent of Medicaid DRG. Add-on payment, and lesser of 100% of billed charges.",65251.12,,,,,,,Case Rate,". 105 percent of Medicaid DRG. Add-on payment, and lesser of 100% of billed charges. 105 percent of Medicaid DRG. Add-on payment, and lesser of 100% of billed charges.",65251.12,,,,,,,Case Rate,". 105 percent of Medicaid DRG. Add-on payment, and lesser of 100% of billed charges. 105 percent of Medicaid DRG. Add-on payment, and lesser of 100% of billed charges.",65251.12,,,,,,,Case Rate,". 105 percent of Medicaid DRG. Add-on payment, and lesser of 100% of billed charges. 105 percent of Medicaid DRG. Add-on payment, and lesser of 100% of billed charges.",65251.12,,,,,,,Case Rate,". 105 percent of Medicaid DRG. Add-on payment, and lesser of 100% of billed charges. 105 percent of Medicaid DRG. Add-on payment, and lesser of 100% of billed charges.",65251.12,,,,,,,Case Rate,". 105 percent of Medicaid DRG. Add-on payment, and lesser of 100% of billed charges. 105 percent of Medicaid DRG. Add-on payment, and lesser of 100% of billed charges.",65251.12,,,,,,,Case Rate,". 105 percent of Medicaid DRG. Add-on payment, and lesser of 100% of billed charges. 105 percent of Medicaid DRG. Add-on payment, and lesser of 100% of billed charges.",,,,,,,,," ",,,,,,,,,".  ",,,,,,,,," ",65251.12,,,,,,,Case Rate,". 105 percent of Medicaid DRG. Add-on payment, and lesser of 100% of billed charges. 105 percent of Medicaid DRG. Add-on payment, and lesser of 100% of billed charges.",,,,,,,,,".  ",,,,,,,,," ",,,,,,,,,".  ",,,,,,,,,".  ",,,,,,,,,".  ",65251.12,,,,,,,Case Rate,". 105 percent of Medicaid DRG. Add-on payment, and lesser of 100% of billed charges. 105 percent of Medicaid DRG. Add-on payment, and lesser of 100% of billed charges.",,,,,,,,," ",,,,,,,,,".  ",65251.12,,,,,,,Case Rate,". 105 percent of Medicaid DRG. Add-on payment, and lesser of 100% of billed charges. 105 percent of Medicaid DRG. Add-on payment, and lesser of 100% of billed charges.",,,,,,,,,".  ",,,,,,,,,".  ",,,,,,,,," ",,,,,,,,," ",,,,,,,,," ",,,,,,,,," ",,,,,,,,," ",,,,,,,,," ",,,,,,,,," ",,,,,,,,," ",,,,,,,,," ",,,,,,,,," ",,,,,,,,," ",,,,,,,,," ",,,,,,,,," ",,,,,,,,," ",,,,,,,,," ",,,,,,,,," ",139823.83,,,,,,,Case Rate,". 225 percent of Medicaid DRG. Add-on payment, and lesser of 225% of billed charges. 225 percent of Medicaid DRG. Add-on payment, and lesser of 225% of billed charges.",62143.93,,,,,,,Case Rate,". 100 percent of Medicaid DRG. Add-on payment, and lesser of 100% of billed charges. 100 percent of Medicaid DRG. Add-on payment, and lesser of 100% of billed charges.",,,,,,,,,".  ",,,,,,,,,".  ",,,,,,,,," ",,,,,,,,," ",,,,,,,,," ",,,,,,,,," ",,,,,,,,,".  ",,,,,,,,," ",,,,,,,,,".  ",,,,,,,,," ",,,,,,,,,".  ",,,,,,,,,".  ",,,,,,,,,".  ",,,,,,,,," ",62143.93,,,,,,,Case Rate,". 100 percent of Medicaid DRG. Add-on payment, and lesser of 100% of billed charges. 100 percent of Medicaid DRG. Add-on payment, and lesser of 100% of billed charges.",,,,,,,,," ",,,,,,,,,".  ",,,,,,,,,".  ",62143.93,,,,,,,Case Rate,". 100 percent of Medicaid DRG. Add-on payment, and lesser of 100% of billed charges. 100 percent of Medicaid DRG. Add-on payment, and lesser of 100% of billed charges.",,,,,,,,,".  ",62143.93,,,,,,,Case Rate,". 100 percent of Medicaid DRG. Add-on payment, and lesser of 100% of billed charges. 100 percent of Medicaid DRG. Add-on payment, and lesser of 100% of billed charges.",62143.93,,,,,,,Case Rate,". 100 percent of Medicaid DRG. Add-on payment, and lesser of 100% of billed charges. 100 percent of Medicaid DRG. Add-on payment, and lesser of 100% of billed charges.",,,,,,,,,".  ",,,,,,,,,".  ",,,,,,,,,".  ",,,,,,,,,".  ",,,,,,,,,".  ",,,,,,,,,".  ",,,,,,,,,".  ",,,,,,,,," ",,,,,,,,," ",,,,,,,,," ",62143.93,,,,,,,Case Rate,". 100 percent of Medicaid DRG. Add-on payment, and lesser of 100% of billed charges. 100 percent of Medicaid DRG. Add-on payment, and lesser of 100% of billed charges.",,,,,,,,,".  ",,,,,,,,,".  ",,,,,,,,,".  ",,,,,,,,,".  ",,,,,,,,,".  ",,,,,,,,,".  ",,,,,,,,,".  ",,,,,,,,,".  ",,,,,,,,,".  ",,,,,,,,,".  ",,,,,,,,," ",46899.36,180217.4,
APR170-3,DRG,,,,,"APR170-3 PERMANENT CARDIAC PACEMAKER IMPLANT W AMI, HEART FAILURE OR SHOCK",,,Inpatient,,,,,,,,,,,,".  ",,,,,,,,,".  ",,,,,,,,,".  ",,100,,,,,0,Percent of total billed charges,100 percent of charges.  ; No services were performed during the 15 month look back period.,,,,,,,,," ",,,,,,,,,".  ",,,,,,,,,".  ",,,,,,,,,".  ",62448.93,,,,,,,Case Rate,". 155 percent of Medicaid DRG. Add-on payment, and lesser of 100% of billed charges. 155 percent of Medicaid DRG. Add-on payment, and lesser of 100% of billed charges.",40289.63,,,,,,,Case Rate,". 100 percent of Medicaid DRG. Add-on payment, and lesser of 100% of billed charges. 100 percent of Medicaid DRG. Add-on payment, and lesser of 100% of billed charges.",,73,,,,,0,Percent of total billed charges,73 percent of charges.  ; No services were performed during the 15 month look back period.,,,,,,,,,".  ",40289.63,,,,,,,Case Rate,". 100 percent of Medicaid DRG. Add-on payment, and lesser of 100% of billed charges. 100 percent of Medicaid DRG. Add-on payment, and lesser of 100% of billed charges.",,,,,,,,," ",,,,,,,,,".  ",,,,,,,,,".  ",,,,,,,,,".  ",,,,,,,,,".  ",40289.63,,,,,,,Case Rate,". 100 percent of Medicaid DRG. Add-on payment, and lesser of 100% of billed charges. 100 percent of Medicaid DRG. Add-on payment, and lesser of 100% of billed charges.",,,,,,,,," ",40289.63,,,,,,,Case Rate,". 100 percent of Medicaid DRG. Add-on payment, and lesser of 100% of billed charges. 100 percent of Medicaid DRG. Add-on payment, and lesser of 100% of billed charges.",,73,,,,,0,Percent of total billed charges,73 percent of charges.  ; No services were performed during the 15 month look back period.,,,,,,,,,".  ",,,,,,,,," ",,,,,,,,," ",,,,,,,,," ",,,,,,,,," ",,73,,,,,0,Percent of total billed charges,73 percent of charges.  ; No services were performed during the 15 month look back period.,40289.63,,,,,,,Case Rate,". 100 percent of Medicaid DRG. Add-on payment, and lesser of 100% of billed charges. 100 percent of Medicaid DRG. Add-on payment, and lesser of 100% of billed charges.",40289.63,,,,,,,Case Rate,". 100 percent of Medicaid DRG. Add-on payment, and lesser of 100% of billed charges. 100 percent of Medicaid DRG. Add-on payment, and lesser of 100% of billed charges.",40289.63,,,,,,,Case Rate,". 100 percent of Medicaid DRG. Add-on payment, and lesser of 100% of billed charges. 100 percent of Medicaid DRG. Add-on payment, and lesser of 100% of billed charges.",40289.63,,,,,,,Case Rate,". 100 percent of Medicaid DRG. Add-on payment, and lesser of 100% of billed charges. 100 percent of Medicaid DRG. Add-on payment, and lesser of 100% of billed charges.",,,,,,,,," ",,,,,,,,," ",40289.63,,,,,,,Case Rate,". 100 percent of Medicaid DRG. Add-on payment, and lesser of 100% of billed charges. 100 percent of Medicaid DRG. Add-on payment, and lesser of 100% of billed charges.",,,,,,,,," ",40289.63,,,,,,,Case Rate,". 100 percent of Medicaid DRG. Add-on payment, and lesser of 100% of billed charges. 100 percent of Medicaid DRG. Add-on payment, and lesser of 100% of billed charges.",,,,,,,,," ",,,,,,,,," ",,73,,,,,0,Percent of total billed charges,73 percent of charges.  ; No services were performed during the 15 month look back period.,40289.63,,,,,,,Case Rate,". 100 percent of Medicaid DRG. Add-on payment, and lesser of 100% of billed charges. 100 percent of Medicaid DRG. Add-on payment, and lesser of 100% of billed charges.",40289.63,,,,,,,Case Rate,". 100 percent of Medicaid DRG. Add-on payment, and lesser of 100% of billed charges. 100 percent of Medicaid DRG. Add-on payment, and lesser of 100% of billed charges.",,73,,,,,0,Percent of total billed charges,73 percent of charges.  ; No services were performed during the 15 month look back period.,,,,,,,,,".  ",,,,,,,,,".  ",,,,,,,,,".  ",,73,,,,,0,Percent of total billed charges,73 percent of charges.  ; No services were performed during the 15 month look back period.,,,,,,,,," ",,,,,,,,,".  ",,,,,,,,,".  ",,,,,,,,,".  ",,,,,,,,," ",,,,,,,,,".  ",,,,,,,,,".  ",,,,,,,,," ",,,,,,,,,".  ",,,,,,,,,".  ",,,,,,,,,".  ",,,,,,,,,".  ",,,,,,,,,".  ",,,,,,,,,".  ",,,,,,,,,".  ",,,,,,,,," ",,,,,,,,," ",,,,,,,,,".  ",,73,,,,,0,Percent of total billed charges,73 percent of charges.  ; No services were performed during the 15 month look back period.,,73,,,,,0,Percent of total billed charges,73 percent of charges.  ; No services were performed during the 15 month look back period.,,73,,,,,0,Percent of total billed charges,73 percent of charges.  ; No services were performed during the 15 month look back period.,,73,,,,,0,Percent of total billed charges,73 percent of charges.  ; No services were performed during the 15 month look back period.,,73,,,,,0,Percent of total billed charges,73 percent of charges.  ; No services were performed during the 15 month look back period.,,73,,,,,0,Percent of total billed charges,73 percent of charges.  ; No services were performed during the 15 month look back period.,,73,,,,,0,Percent of total billed charges,73 percent of charges.  ; No services were performed during the 15 month look back period.,,73,,,,,0,Percent of total billed charges,73 percent of charges.  ; No services were performed during the 15 month look back period.,,73,,,,,0,Percent of total billed charges,73 percent of charges.  ; No services were performed during the 15 month look back period.,,73,,,,,0,Percent of total billed charges,73 percent of charges.  ; No services were performed during the 15 month look back period.,,73,,,,,0,Percent of total billed charges,73 percent of charges.  ; No services were performed during the 15 month look back period.,,73,,,,,0,Percent of total billed charges,73 percent of charges.  ; No services were performed during the 15 month look back period.,,73,,,,,0,Percent of total billed charges,73 percent of charges.  ; No services were performed during the 15 month look back period.,,73,,,,,0,Percent of total billed charges,73 percent of charges.  ; No services were performed during the 15 month look back period.,,73,,,,,0,Percent of total billed charges,73 percent of charges.  ; No services were performed during the 15 month look back period.,,73,,,,,0,Percent of total billed charges,73 percent of charges.  ; No services were performed during the 15 month look back period.,,73,,,,,0,Percent of total billed charges,73 percent of charges.  ; No services were performed during the 15 month look back period.,,73,,,,,0,Percent of total billed charges,73 percent of charges.  ; No services were performed during the 15 month look back period.,,73,,,,,0,Percent of total billed charges,73 percent of charges.  ; No services were performed during the 15 month look back period.,,73,,,,,0,Percent of total billed charges,73 percent of charges.  ; No services were performed during the 15 month look back period.,,73,,,,,0,Percent of total billed charges,73 percent of charges.  ; No services were performed during the 15 month look back period.,,73,,,,,0,Percent of total billed charges,73 percent of charges.  ; No services were performed during the 15 month look back period.,,73,,,,,0,Percent of total billed charges,73 percent of charges.  ; No services were performed during the 15 month look back period.,,73,,,,,0,Percent of total billed charges,73 percent of charges.  ; No services were performed during the 15 month look back period.,,73,,,,,0,Percent of total billed charges,73 percent of charges.  ; No services were performed during the 15 month look back period.,,73,,,,,0,Percent of total billed charges,73 percent of charges.  ; No services were performed during the 15 month look back period.,,,,,,,,," ",,,,,,,,," ",,,,,,,,," ",,,,,,,,," ",,,,,,,,," ",,,,,,,,," ",,,,,,,,,".  ",,,,,,,,,".  ",,,,,,,,,".  ",,,,,,,,,".  ",,73,,,,,0,Percent of total billed charges,73 percent of charges.  ; No services were performed during the 15 month look back period.,,,,,,,,," ",,,,,,,,,".  ",,,,,,,,,".  ",,,,,,,,,".  ",,,,,,,,," ",,73,,,,,0,Percent of total billed charges,73 percent of charges.  ; No services were performed during the 15 month look back period.,40289.63,,,,,,,Case Rate,". 100 percent of Medicaid DRG. Add-on payment, and lesser of 100% of billed charges. 100 percent of Medicaid DRG. Add-on payment, and lesser of 100% of billed charges.",,,,,,,,," ",40289.63,,,,,,,Case Rate,". 100 percent of Medicaid DRG. Add-on payment, and lesser of 100% of billed charges. 100 percent of Medicaid DRG. Add-on payment, and lesser of 100% of billed charges.",,,,,,,,," ",,,,,,,,," ",,,,,,,,,".  ",,,,,,,,," ",,,,,,,,," ",40289.63,,,,,,,Case Rate,". 100 percent of Medicaid DRG. Add-on payment, and lesser of 100% of billed charges. 100 percent of Medicaid DRG. Add-on payment, and lesser of 100% of billed charges.",,,,,,,,," ",,,,,,,,," ",,,,,,,,,".  ",,,,,,,,,".  ",,,,,,,,," ",,,,,,,,,".  ",,,,,,,,,".  ",,,,,,,,,".  ",,,,,,,,," ",,,,,,,,,".  ",,,,,,,,,".  ",,,,,,,,,".  ",,,,,,,,,".  ",,73,,,,,0,Percent of total billed charges,73 percent of charges.  ; No services were performed during the 15 month look back period.,,73,,,,,0,Percent of total billed charges,73 percent of charges.  ; No services were performed during the 15 month look back period.,,73,,,,,0,Percent of total billed charges,73 percent of charges.  ; No services were performed during the 15 month look back period.,,73,,,,,0,Percent of total billed charges,73 percent of charges.  ; No services were performed during the 15 month look back period.,,73,,,,,0,Percent of total billed charges,73 percent of charges.  ; No services were performed during the 15 month look back period.,,73,,,,,0,Percent of total billed charges,73 percent of charges.  ; No services were performed during the 15 month look back period.,,73,,,,,0,Percent of total billed charges,73 percent of charges.  ; No services were performed during the 15 month look back period.,,73,,,,,0,Percent of total billed charges,73 percent of charges.  ; No services were performed during the 15 month look back period.,,73,,,,,0,Percent of total billed charges,73 percent of charges.  ; No services were performed during the 15 month look back period.,,73,,,,,0,Percent of total billed charges,73 percent of charges.  ; No services were performed during the 15 month look back period.,,73,,,,,0,Percent of total billed charges,73 percent of charges.  ; No services were performed during the 15 month look back period.,,,,,,,,," ",,,,,,,,,".  ",,,,,,,,,".  ",,,,,,,,," ",,,,,,,,,".  ",,,,,,,,,".  ",,,,,,,,,".  ",,73,,,,,0,Percent of total billed charges,73 percent of charges.  ; No services were performed during the 15 month look back period.,80579.26,,,,,,,Case Rate,". 200 percent of Medicaid DRG. Add-on payment, and lesser of 200% of billed charges. 200 percent of Medicaid DRG. Add-on payment, and lesser of 200% of billed charges.",,,,,,,,,".  ",40289.63,,,,,,,Case Rate,". 100 percent of Medicaid DRG. Add-on payment, and lesser of 100% of billed charges. 100 percent of Medicaid DRG. Add-on payment, and lesser of 100% of billed charges.",,,,,,,,," ",,,,,,,,," ",,,,,,,,," ",,,,,,,,," ",,,,,,,,," ",,,,,,,,," ",,,,,,,,,".  ",,,,,,,,,".  ",90651.67,,,,,,,Case Rate,". 225 percent of Medicaid DRG. Add-on payment, and lesser of 100% of billed charges. 225 percent of Medicaid DRG. Add-on payment, and lesser of 100% of billed charges.",90651.67,,,,,,,Case Rate,". 225 percent of Medicaid DRG. Add-on payment, and lesser of 100% of billed charges. 225 percent of Medicaid DRG. Add-on payment, and lesser of 100% of billed charges.",90651.67,,,,,,,Case Rate,". 225 percent of Medicaid DRG. Add-on payment, and lesser of 100% of billed charges. 225 percent of Medicaid DRG. Add-on payment, and lesser of 100% of billed charges.",90651.67,,,,,,,Case Rate,". 225 percent of Medicaid DRG. Add-on payment, and lesser of 100% of billed charges. 225 percent of Medicaid DRG. Add-on payment, and lesser of 100% of billed charges.",90651.67,,,,,,,Case Rate,". 225 percent of Medicaid DRG. Add-on payment, and lesser of 100% of billed charges. 225 percent of Medicaid DRG. Add-on payment, and lesser of 100% of billed charges.",,,,,,,,," ",,,,,,,,,".  ",,,,,,,,," ",,,,,,,,," ",,,,,,,,," ",,,,,,,,," ",,,,,,,,," ",,,,,,,,," ",,,,,,,,," ",,,,,,,,," ",,,,,,,,," ",,,,,,,,," ",,,,,,,,,".  ",,,,,,,,,".  ",,,,,,,,,".  ",,,,,,,,,".  ",,,,,,,,,".  ",,,,,,,,,".  ",,,,,,,,," ",,,,,,,,," ",,,,,,,,," ",,,,,,,,,".  ",,,,,,,,,".  ",,,,,,,,,".  ",,,,,,,,,".  ",,,,,,,,,".  ",,,,,,,,," ",,,,,,,,,".  ",40289.63,,,,,,,Case Rate,". 100 percent of Medicaid DRG. Add-on payment, and lesser of 100% of billed charges. 100 percent of Medicaid DRG. Add-on payment, and lesser of 100% of billed charges.",,,,,,,,," ",,,,,,,,," ",,,,,,,,," ",40289.63,,,,,,,Case Rate,". 100 percent of Medicaid DRG. Add-on payment, and lesser of 100% of billed charges. 100 percent of Medicaid DRG. Add-on payment, and lesser of 100% of billed charges.",90651.67,,,,,,,Case Rate,". 225 percent of Medicaid DRG. Add-on payment, and lesser of 225% of billed charges. 225 percent of Medicaid DRG. Add-on payment, and lesser of 225% of billed charges.",90651.67,,,,,,,Case Rate,". 225 percent of Medicaid DRG. Add-on payment, and lesser of 225% of billed charges. 225 percent of Medicaid DRG. Add-on payment, and lesser of 225% of billed charges.",90651.67,,,,,,,Case Rate,". 225 percent of Medicaid DRG. Add-on payment, and lesser of 225% of billed charges. 225 percent of Medicaid DRG. Add-on payment, and lesser of 225% of billed charges.",90651.67,,,,,,,Case Rate,". 225 percent of Medicaid DRG. Add-on payment, and lesser of 225% of billed charges. 225 percent of Medicaid DRG. Add-on payment, and lesser of 225% of billed charges.",90651.67,,,,,,,Case Rate,". 225 percent of Medicaid DRG. Add-on payment, and lesser of 225% of billed charges. 225 percent of Medicaid DRG. Add-on payment, and lesser of 225% of billed charges.",,,,,,,,," ",40289.63,,,,,,,Case Rate,". 100 percent of Medicaid DRG. Add-on payment, and lesser of 100% of billed charges. 100 percent of Medicaid DRG. Add-on payment, and lesser of 100% of billed charges.",40289.63,,,,,,,Case Rate,". 100 percent of Medicaid DRG. Add-on payment, and lesser of 100% of billed charges. 100 percent of Medicaid DRG. Add-on payment, and lesser of 100% of billed charges.",90651.67,,,,,,,Case Rate,". 225 percent of Medicaid DRG. Add-on payment, and lesser of 225% of billed charges. 225 percent of Medicaid DRG. Add-on payment, and lesser of 225% of billed charges.",90651.67,,,,,,,Case Rate,". 225 percent of Medicaid DRG. Add-on payment, and lesser of 225% of billed charges. 225 percent of Medicaid DRG. Add-on payment, and lesser of 225% of billed charges.",40289.63,,,,,,,Case Rate,". 100 percent of Medicaid DRG. Add-on payment, and lesser of 100% of billed charges. 100 percent of Medicaid DRG. Add-on payment, and lesser of 100% of billed charges.",40289.63,,,,,,,Case Rate,". 100 percent of Medicaid DRG. Add-on payment, and lesser of 100% of billed charges. 100 percent of Medicaid DRG. Add-on payment, and lesser of 100% of billed charges.",90651.67,,,,,,,Case Rate,". 225 percent of Medicaid DRG. Add-on payment, and lesser of 100% of billed charges. 225 percent of Medicaid DRG. Add-on payment, and lesser of 100% of billed charges.",,,,,,,,," ",,,,,,,,," ",,,,,,,,,".  ",,,,,,,,," ",90651.67,,,,,,,Case Rate,". 225 percent of Medicaid DRG. Add-on payment, and lesser of 225% of billed charges. 225 percent of Medicaid DRG. Add-on payment, and lesser of 225% of billed charges.",90651.67,,,,,,,Case Rate,". 225 percent of Medicaid DRG. Add-on payment, and lesser of 225% of billed charges. 225 percent of Medicaid DRG. Add-on payment, and lesser of 225% of billed charges.",40289.63,,,,,,,Case Rate,". 100 percent of Medicaid DRG. Add-on payment, and lesser of 100% of billed charges. 100 percent of Medicaid DRG. Add-on payment, and lesser of 100% of billed charges.",40289.63,,,,,,,Case Rate,". 100 percent of Medicaid DRG. Add-on payment, and lesser of 100% of billed charges. 100 percent of Medicaid DRG. Add-on payment, and lesser of 100% of billed charges.",67477.51,,,,,,,Case Rate,". 225 percent of Medicaid DRG. Add-on payment, and lesser of 225% of billed charges. 225 percent of Medicaid DRG. Add-on payment, and lesser of 225% of billed charges.",40289.63,,,,,,,Case Rate,". 100 percent of Medicaid DRG. Add-on payment, and lesser of 100% of billed charges. 100 percent of Medicaid DRG. Add-on payment, and lesser of 100% of billed charges.",116839.93,,,,,,,Case Rate,". 290 percent of Medicaid DRG. Add-on payment, and lesser of 100% of billed charges. 290 percent of Medicaid DRG. Add-on payment, and lesser of 100% of billed charges.",116839.93,,,,,,,Case Rate,". 290 percent of Medicaid DRG. Add-on payment, and lesser of 100% of billed charges. 290 percent of Medicaid DRG. Add-on payment, and lesser of 100% of billed charges.",116839.93,,,,,,,Case Rate,". 290 percent of Medicaid DRG. Add-on payment, and lesser of 100% of billed charges. 290 percent of Medicaid DRG. Add-on payment, and lesser of 100% of billed charges.",116839.93,,,,,,,Case Rate,". 290 percent of Medicaid DRG. Add-on payment, and lesser of 100% of billed charges. 290 percent of Medicaid DRG. Add-on payment, and lesser of 100% of billed charges.",,,,,,,,," ",,,,,,,,,".  ",54391,,,,,,,Case Rate,"135% of Medicaid EP 1 and 2, 100% of medicaid EP 3 and 4.  ",54391,,,,,,,Case Rate,"135% of Medicaid EP 1 and 2, 100% of medicaid EP 3 and 4.  ",40289.63,,,,,,,Case Rate,". 100 percent of Medicaid DRG. Add-on payment, and lesser of 100% of billed charges. 100 percent of Medicaid DRG. Add-on payment, and lesser of 100% of billed charges.",40289.63,,,,,,,Case Rate,". 100 percent of Medicaid DRG. Add-on payment, and lesser of 100% of billed charges. 100 percent of Medicaid DRG. Add-on payment, and lesser of 100% of billed charges.",,,,,,,,,".  ",,,,,,,,,".  ",,,,,,,,," ",,,,,,,,,".  ",,,,,,,,,".  ",,,,,,,,,".  ",,,,,,,,,".  ",,,,,,,,," ",,,,,,,,,".  ",,,,,,,,,".  ",,,,,,,,,".  ",40289.63,,,,,,,Case Rate,". 100 percent of Medicaid DRG. Add-on payment, and lesser of 100% of billed charges. 100 percent of Medicaid DRG. Add-on payment, and lesser of 100% of billed charges.",40289.63,,,,,,,Case Rate,". 100 percent of Medicaid DRG. Add-on payment, and lesser of 100% of billed charges. 100 percent of Medicaid DRG. Add-on payment, and lesser of 100% of billed charges.",90651.67,,,,,,,Case Rate,". 225 percent of Medicaid DRG. Add-on payment, and lesser of 225% of billed charges. 225 percent of Medicaid DRG. Add-on payment, and lesser of 225% of billed charges.",67477.51,,,,,,,Case Rate,". 225 percent of Medicaid DRG. Add-on payment, and lesser of 225% of billed charges. 225 percent of Medicaid DRG. Add-on payment, and lesser of 225% of billed charges.",40289.63,,,,,,,Case Rate,". 100 percent of Medicaid DRG. Add-on payment, and lesser of 100% of billed charges. 100 percent of Medicaid DRG. Add-on payment, and lesser of 100% of billed charges.",90651.67,,,,,,,Case Rate,". 225 percent of Medicaid DRG. Add-on payment, and lesser of 225% of billed charges. 225 percent of Medicaid DRG. Add-on payment, and lesser of 225% of billed charges.",90651.67,,,,,,,Case Rate,". 225 percent of Medicaid DRG. Add-on payment, and lesser of 225% of billed charges. 225 percent of Medicaid DRG. Add-on payment, and lesser of 225% of billed charges.",90651.67,,,,,,,Case Rate,". 225 percent of Medicaid DRG. Add-on payment, and lesser of 225% of billed charges. 225 percent of Medicaid DRG. Add-on payment, and lesser of 225% of billed charges.",90651.67,,,,,,,Case Rate,". 225 percent of Medicaid DRG. Add-on payment, and lesser of 225% of billed charges. 225 percent of Medicaid DRG. Add-on payment, and lesser of 225% of billed charges.",90651.67,,,,,,,Case Rate,". 225 percent of Medicaid DRG. Add-on payment, and lesser of 225% of billed charges. 225 percent of Medicaid DRG. Add-on payment, and lesser of 225% of billed charges.",90651.67,,,,,,,Case Rate,". 225 percent of Medicaid DRG. Add-on payment, and lesser of 225% of billed charges. 225 percent of Medicaid DRG. Add-on payment, and lesser of 225% of billed charges.",,,,,,,,," ",,,,,,,,," ",,,,,,,,," ",,,,,,,,,".  ",,,,,,,,," ",,,,,,,,," ",,,,,,,,,".  ",,,,,,,,," ",,,,,,,,," ",54391,,,,,,,Case Rate,"135% of Medicaid EP 1 and 2, 100% of medicaid EP 3 and 4.  ",54391,,,,,,,Case Rate,"135% of Medicaid EP 1 and 2, 100% of medicaid EP 3 and 4.  ",40289.63,,,,,,,Case Rate,". 100 percent of Medicaid DRG. Add-on payment, and lesser of 100% of billed charges. 100 percent of Medicaid DRG. Add-on payment, and lesser of 100% of billed charges.",40289.63,,,,,,,Case Rate,". 100 percent of Medicaid DRG. Add-on payment, and lesser of 100% of billed charges. 100 percent of Medicaid DRG. Add-on payment, and lesser of 100% of billed charges.",40289.63,,,,,,,Case Rate,". 100 percent of Medicaid DRG. Add-on payment, and lesser of 100% of billed charges. 100 percent of Medicaid DRG. Add-on payment, and lesser of 100% of billed charges.",,,,,,,,," ",,,,,,,,,".  ",,,,,,,,," ",,,,,,,,,".  ",,,,,,,,," ",,,,,,,,," ",,,,,,,,," ",,,,,,,,," ",,,,,,,,," ",,,,,,,,," ",,,,,,,,," ",90651.67,,,,,,,Case Rate,". 225 percent of Medicaid DRG. Add-on payment, and lesser of 225% of billed charges. 225 percent of Medicaid DRG. Add-on payment, and lesser of 225% of billed charges.",40289.63,,,,,,,Case Rate,". 100 percent of Medicaid DRG. Add-on payment, and lesser of 100% of billed charges. 100 percent of Medicaid DRG. Add-on payment, and lesser of 100% of billed charges.",,,,,,,,,".  ",,,,,,,,," ",,,,,,,,," ",,,,,,,,," ",,,,,,,,," ",,,,,,,,," ",40289.63,,,,,,,Case Rate,". 100 percent of Medicaid DRG. Add-on payment, and lesser of 100% of billed charges. 100 percent of Medicaid DRG. Add-on payment, and lesser of 100% of billed charges.",,,,,,,,,".  ",40289.63,,,,,,,Case Rate,". 100 percent of Medicaid DRG. Add-on payment, and lesser of 100% of billed charges. 100 percent of Medicaid DRG. Add-on payment, and lesser of 100% of billed charges.",,,,,,,,," ",40289.63,,,,,,,Case Rate,". 100 percent of Medicaid DRG. Add-on payment, and lesser of 100% of billed charges. 100 percent of Medicaid DRG. Add-on payment, and lesser of 100% of billed charges.",,,,,,,,," ",,,,,,,,," ",40289.63,,,,,,,Case Rate,". 100 percent of Medicaid DRG. Add-on payment, and lesser of 100% of billed charges. 100 percent of Medicaid DRG. Add-on payment, and lesser of 100% of billed charges.",40289.63,,,,,,,Case Rate,". 100 percent of Medicaid DRG. Add-on payment, and lesser of 100% of billed charges. 100 percent of Medicaid DRG. Add-on payment, and lesser of 100% of billed charges.",,,,,,,,," ",,,,,,,,,".  ",,73,,,,,0,Percent of total billed charges,73 percent of charges.  ; No services were performed during the 15 month look back period.,,,,,,,,,".  ",,,,,,,,,".  ",,,,,,,,,".  ",,,,,,,,," ",,,,,,,,," ",,,,,,,,," ",,,,,,,,,".  ",,,,,,,,,".  ",,,,,,,,," ",,,,,,,,," ",,,,,,,,," ",,,,,,,,," ",,,,,,,,,".  ",,,,,,,,,".  ",,,,,,,,,".  ",,,,,,,,," ",,,,,,,,,".  ",,,,,,,,," ",40289.63,,,,,,,Case Rate,". 100 percent of Medicaid DRG. Add-on payment, and lesser of 100% of billed charges. 100 percent of Medicaid DRG. Add-on payment, and lesser of 100% of billed charges.",40289.63,,,,,,,Case Rate,". 100 percent of Medicaid DRG. Add-on payment, and lesser of 100% of billed charges. 100 percent of Medicaid DRG. Add-on payment, and lesser of 100% of billed charges.",,,,,,,,," ",,,,,,,,,".  ",,,,,,,,,".  ",,,,,,,,,".  ",,,,,,,,,".  ",,,,,,,,," ",42304.11,,,,,,,Case Rate,". 105 percent of Medicaid DRG. Add-on payment, and lesser of 100% of billed charges. 105 percent of Medicaid DRG. Add-on payment, and lesser of 100% of billed charges.",42304.11,,,,,,,Case Rate,". 105 percent of Medicaid DRG. Add-on payment, and lesser of 100% of billed charges. 105 percent of Medicaid DRG. Add-on payment, and lesser of 100% of billed charges.",42304.11,,,,,,,Case Rate,". 105 percent of Medicaid DRG. Add-on payment, and lesser of 100% of billed charges. 105 percent of Medicaid DRG. Add-on payment, and lesser of 100% of billed charges.",42304.11,,,,,,,Case Rate,". 105 percent of Medicaid DRG. Add-on payment, and lesser of 100% of billed charges. 105 percent of Medicaid DRG. Add-on payment, and lesser of 100% of billed charges.",,,,,,,,,".  ",42304.11,,,,,,,Case Rate,". 105 percent of Medicaid DRG. Add-on payment, and lesser of 100% of billed charges. 105 percent of Medicaid DRG. Add-on payment, and lesser of 100% of billed charges.",42304.11,,,,,,,Case Rate,". 105 percent of Medicaid DRG. Add-on payment, and lesser of 100% of billed charges. 105 percent of Medicaid DRG. Add-on payment, and lesser of 100% of billed charges.",42304.11,,,,,,,Case Rate,". 105 percent of Medicaid DRG. Add-on payment, and lesser of 100% of billed charges. 105 percent of Medicaid DRG. Add-on payment, and lesser of 100% of billed charges.",42304.11,,,,,,,Case Rate,". 105 percent of Medicaid DRG. Add-on payment, and lesser of 100% of billed charges. 105 percent of Medicaid DRG. Add-on payment, and lesser of 100% of billed charges.",42304.11,,,,,,,Case Rate,". 105 percent of Medicaid DRG. Add-on payment, and lesser of 100% of billed charges. 105 percent of Medicaid DRG. Add-on payment, and lesser of 100% of billed charges.",42304.11,,,,,,,Case Rate,". 105 percent of Medicaid DRG. Add-on payment, and lesser of 100% of billed charges. 105 percent of Medicaid DRG. Add-on payment, and lesser of 100% of billed charges.",42304.11,,,,,,,Case Rate,". 105 percent of Medicaid DRG. Add-on payment, and lesser of 100% of billed charges. 105 percent of Medicaid DRG. Add-on payment, and lesser of 100% of billed charges.",,,,,,,,," ",,,,,,,,,".  ",,,,,,,,," ",42304.11,,,,,,,Case Rate,". 105 percent of Medicaid DRG. Add-on payment, and lesser of 100% of billed charges. 105 percent of Medicaid DRG. Add-on payment, and lesser of 100% of billed charges.",,,,,,,,,".  ",,,,,,,,," ",,,,,,,,,".  ",,,,,,,,,".  ",,,,,,,,,".  ",42304.11,,,,,,,Case Rate,". 105 percent of Medicaid DRG. Add-on payment, and lesser of 100% of billed charges. 105 percent of Medicaid DRG. Add-on payment, and lesser of 100% of billed charges.",,,,,,,,," ",,,,,,,,,".  ",42304.11,,,,,,,Case Rate,". 105 percent of Medicaid DRG. Add-on payment, and lesser of 100% of billed charges. 105 percent of Medicaid DRG. Add-on payment, and lesser of 100% of billed charges.",,,,,,,,,".  ",,,,,,,,,".  ",,,,,,,,," ",,,,,,,,," ",,,,,,,,," ",,,,,,,,," ",,,,,,,,," ",,,,,,,,," ",,,,,,,,," ",,,,,,,,," ",,,,,,,,," ",,,,,,,,," ",,,,,,,,," ",,,,,,,,," ",,,,,,,,," ",,,,,,,,," ",,,,,,,,," ",,,,,,,,," ",90651.67,,,,,,,Case Rate,". 225 percent of Medicaid DRG. Add-on payment, and lesser of 225% of billed charges. 225 percent of Medicaid DRG. Add-on payment, and lesser of 225% of billed charges.",40289.63,,,,,,,Case Rate,". 100 percent of Medicaid DRG. Add-on payment, and lesser of 100% of billed charges. 100 percent of Medicaid DRG. Add-on payment, and lesser of 100% of billed charges.",,,,,,,,,".  ",,,,,,,,,".  ",,,,,,,,," ",,,,,,,,," ",,,,,,,,," ",,,,,,,,," ",,,,,,,,,".  ",,,,,,,,," ",,,,,,,,,".  ",,,,,,,,," ",,,,,,,,,".  ",,,,,,,,,".  ",,,,,,,,,".  ",,,,,,,,," ",40289.63,,,,,,,Case Rate,". 100 percent of Medicaid DRG. Add-on payment, and lesser of 100% of billed charges. 100 percent of Medicaid DRG. Add-on payment, and lesser of 100% of billed charges.",,,,,,,,," ",,,,,,,,,".  ",,,,,,,,,".  ",40289.63,,,,,,,Case Rate,". 100 percent of Medicaid DRG. Add-on payment, and lesser of 100% of billed charges. 100 percent of Medicaid DRG. Add-on payment, and lesser of 100% of billed charges.",,,,,,,,,".  ",40289.63,,,,,,,Case Rate,". 100 percent of Medicaid DRG. Add-on payment, and lesser of 100% of billed charges. 100 percent of Medicaid DRG. Add-on payment, and lesser of 100% of billed charges.",40289.63,,,,,,,Case Rate,". 100 percent of Medicaid DRG. Add-on payment, and lesser of 100% of billed charges. 100 percent of Medicaid DRG. Add-on payment, and lesser of 100% of billed charges.",,,,,,,,,".  ",,,,,,,,,".  ",,,,,,,,,".  ",,,,,,,,,".  ",,,,,,,,,".  ",,,,,,,,,".  ",,,,,,,,,".  ",,,,,,,,," ",,,,,,,,," ",,,,,,,,," ",40289.63,,,,,,,Case Rate,". 100 percent of Medicaid DRG. Add-on payment, and lesser of 100% of billed charges. 100 percent of Medicaid DRG. Add-on payment, and lesser of 100% of billed charges.",,,,,,,,,".  ",,,,,,,,,".  ",,,,,,,,,".  ",,,,,,,,,".  ",,,,,,,,,".  ",,,,,,,,,".  ",,,,,,,,,".  ",,,,,,,,,".  ",,,,,,,,,".  ",,,,,,,,,".  ",,,,,,,,," ",29990,116839.93,
APR174-1,DRG,,,,,APR174-1 PERCUTANEOUS CORONARY INTERVENTION W AMI,,,Inpatient,,,,,,,,,,,,".  ",,,,,,,,,".  ",,,,,,,,,".  ",,100,,,,,0,Percent of total billed charges,100 percent of charges.  ; No services were performed during the 15 month look back period.,,,,,,,,," ",,,,,,,,,".  ",,,,,,,,,".  ",,,,,,,,,".  ",33269.24,,,,,,,Case Rate,". 155 percent of Medicaid DRG. Add-on payment, and lesser of 100% of billed charges. 155 percent of Medicaid DRG. Add-on payment, and lesser of 100% of billed charges.",21464.03,,,,,,,Case Rate,". 100 percent of Medicaid DRG. Add-on payment, and lesser of 100% of billed charges. 100 percent of Medicaid DRG. Add-on payment, and lesser of 100% of billed charges.",,73,,,,,0,Percent of total billed charges,73 percent of charges.  ; No services were performed during the 15 month look back period.,,,,,,,,,".  ",21464.03,,,,,,,Case Rate,". 100 percent of Medicaid DRG. Add-on payment, and lesser of 100% of billed charges. 100 percent of Medicaid DRG. Add-on payment, and lesser of 100% of billed charges.",,,,,,,,," ",,,,,,,,,".  ",,,,,,,,,".  ",,,,,,,,,".  ",,,,,,,,,".  ",21464.03,,,,,,,Case Rate,". 100 percent of Medicaid DRG. Add-on payment, and lesser of 100% of billed charges. 100 percent of Medicaid DRG. Add-on payment, and lesser of 100% of billed charges.",,,,,,,,," ",21464.03,,,,,,,Case Rate,". 100 percent of Medicaid DRG. Add-on payment, and lesser of 100% of billed charges. 100 percent of Medicaid DRG. Add-on payment, and lesser of 100% of billed charges.",,73,,,,,0,Percent of total billed charges,73 percent of charges.  ; No services were performed during the 15 month look back period.,,,,,,,,,".  ",,,,,,,,," ",,,,,,,,," ",,,,,,,,," ",,,,,,,,," ",,73,,,,,0,Percent of total billed charges,73 percent of charges.  ; No services were performed during the 15 month look back period.,21464.03,,,,,,,Case Rate,". 100 percent of Medicaid DRG. Add-on payment, and lesser of 100% of billed charges. 100 percent of Medicaid DRG. Add-on payment, and lesser of 100% of billed charges.",21464.03,,,,,,,Case Rate,". 100 percent of Medicaid DRG. Add-on payment, and lesser of 100% of billed charges. 100 percent of Medicaid DRG. Add-on payment, and lesser of 100% of billed charges.",21464.03,,,,,,,Case Rate,". 100 percent of Medicaid DRG. Add-on payment, and lesser of 100% of billed charges. 100 percent of Medicaid DRG. Add-on payment, and lesser of 100% of billed charges.",21464.03,,,,,,,Case Rate,". 100 percent of Medicaid DRG. Add-on payment, and lesser of 100% of billed charges. 100 percent of Medicaid DRG. Add-on payment, and lesser of 100% of billed charges.",,,,,,,,," ",,,,,,,,," ",21464.03,,,,,,,Case Rate,". 100 percent of Medicaid DRG. Add-on payment, and lesser of 100% of billed charges. 100 percent of Medicaid DRG. Add-on payment, and lesser of 100% of billed charges.",,,,,,,,," ",21464.03,,,,,,,Case Rate,". 100 percent of Medicaid DRG. Add-on payment, and lesser of 100% of billed charges. 100 percent of Medicaid DRG. Add-on payment, and lesser of 100% of billed charges.",,,,,,,,," ",,,,,,,,," ",,73,,,,,0,Percent of total billed charges,73 percent of charges.  ; No services were performed during the 15 month look back period.,21464.03,,,,,,,Case Rate,". 100 percent of Medicaid DRG. Add-on payment, and lesser of 100% of billed charges. 100 percent of Medicaid DRG. Add-on payment, and lesser of 100% of billed charges.",21464.03,,,,,,,Case Rate,". 100 percent of Medicaid DRG. Add-on payment, and lesser of 100% of billed charges. 100 percent of Medicaid DRG. Add-on payment, and lesser of 100% of billed charges.",,73,,,,,0,Percent of total billed charges,73 percent of charges.  ; No services were performed during the 15 month look back period.,,,,,,,,,".  ",,,,,,,,,".  ",,,,,,,,,".  ",,73,,,,,0,Percent of total billed charges,73 percent of charges.  ; No services were performed during the 15 month look back period.,,,,,,,,," ",,,,,,,,,".  ",,,,,,,,,".  ",,,,,,,,,".  ",,,,,,,,," ",,,,,,,,,".  ",,,,,,,,,".  ",,,,,,,,," ",,,,,,,,,".  ",,,,,,,,,".  ",,,,,,,,,".  ",,,,,,,,,".  ",,,,,,,,,".  ",,,,,,,,,".  ",,,,,,,,,".  ",,,,,,,,," ",,,,,,,,," ",,,,,,,,,".  ",,73,,,,,0,Percent of total billed charges,73 percent of charges.  ; No services were performed during the 15 month look back period.,,73,,,,,0,Percent of total billed charges,73 percent of charges.  ; No services were performed during the 15 month look back period.,,73,,,,,0,Percent of total billed charges,73 percent of charges.  ; No services were performed during the 15 month look back period.,,73,,,,,0,Percent of total billed charges,73 percent of charges.  ; No services were performed during the 15 month look back period.,,73,,,,,0,Percent of total billed charges,73 percent of charges.  ; No services were performed during the 15 month look back period.,,73,,,,,0,Percent of total billed charges,73 percent of charges.  ; No services were performed during the 15 month look back period.,,73,,,,,0,Percent of total billed charges,73 percent of charges.  ; No services were performed during the 15 month look back period.,,73,,,,,0,Percent of total billed charges,73 percent of charges.  ; No services were performed during the 15 month look back period.,,73,,,,,0,Percent of total billed charges,73 percent of charges.  ; No services were performed during the 15 month look back period.,,73,,,,,0,Percent of total billed charges,73 percent of charges.  ; No services were performed during the 15 month look back period.,,73,,,,,0,Percent of total billed charges,73 percent of charges.  ; No services were performed during the 15 month look back period.,,73,,,,,0,Percent of total billed charges,73 percent of charges.  ; No services were performed during the 15 month look back period.,,73,,,,,0,Percent of total billed charges,73 percent of charges.  ; No services were performed during the 15 month look back period.,,73,,,,,0,Percent of total billed charges,73 percent of charges.  ; No services were performed during the 15 month look back period.,,73,,,,,0,Percent of total billed charges,73 percent of charges.  ; No services were performed during the 15 month look back period.,,73,,,,,0,Percent of total billed charges,73 percent of charges.  ; No services were performed during the 15 month look back period.,,73,,,,,0,Percent of total billed charges,73 percent of charges.  ; No services were performed during the 15 month look back period.,,73,,,,,0,Percent of total billed charges,73 percent of charges.  ; No services were performed during the 15 month look back period.,,73,,,,,0,Percent of total billed charges,73 percent of charges.  ; No services were performed during the 15 month look back period.,,73,,,,,0,Percent of total billed charges,73 percent of charges.  ; No services were performed during the 15 month look back period.,,73,,,,,0,Percent of total billed charges,73 percent of charges.  ; No services were performed during the 15 month look back period.,,73,,,,,0,Percent of total billed charges,73 percent of charges.  ; No services were performed during the 15 month look back period.,,73,,,,,0,Percent of total billed charges,73 percent of charges.  ; No services were performed during the 15 month look back period.,,73,,,,,0,Percent of total billed charges,73 percent of charges.  ; No services were performed during the 15 month look back period.,,73,,,,,0,Percent of total billed charges,73 percent of charges.  ; No services were performed during the 15 month look back period.,,73,,,,,0,Percent of total billed charges,73 percent of charges.  ; No services were performed during the 15 month look back period.,,,,,,,,," ",,,,,,,,," ",,,,,,,,," ",,,,,,,,," ",,,,,,,,," ",,,,,,,,," ",,,,,,,,,".  ",,,,,,,,,".  ",,,,,,,,,".  ",,,,,,,,,".  ",,73,,,,,0,Percent of total billed charges,73 percent of charges.  ; No services were performed during the 15 month look back period.,,,,,,,,," ",,,,,,,,,".  ",,,,,,,,,".  ",,,,,,,,,".  ",,,,,,,,," ",,73,,,,,0,Percent of total billed charges,73 percent of charges.  ; No services were performed during the 15 month look back period.,21464.03,,,,,,,Case Rate,". 100 percent of Medicaid DRG. Add-on payment, and lesser of 100% of billed charges. 100 percent of Medicaid DRG. Add-on payment, and lesser of 100% of billed charges.",,,,,,,,," ",21464.03,,,,,,,Case Rate,". 100 percent of Medicaid DRG. Add-on payment, and lesser of 100% of billed charges. 100 percent of Medicaid DRG. Add-on payment, and lesser of 100% of billed charges.",,,,,,,,," ",,,,,,,,," ",,,,,,,,,".  ",,,,,,,,," ",,,,,,,,," ",21464.03,,,,,,,Case Rate,". 100 percent of Medicaid DRG. Add-on payment, and lesser of 100% of billed charges. 100 percent of Medicaid DRG. Add-on payment, and lesser of 100% of billed charges.",,,,,,,,," ",,,,,,,,," ",,,,,,,,,".  ",,,,,,,,,".  ",,,,,,,,," ",,,,,,,,,".  ",,,,,,,,,".  ",,,,,,,,,".  ",,,,,,,,," ",,,,,,,,,".  ",,,,,,,,,".  ",,,,,,,,,".  ",,,,,,,,,".  ",,73,,,,,0,Percent of total billed charges,73 percent of charges.  ; No services were performed during the 15 month look back period.,,73,,,,,0,Percent of total billed charges,73 percent of charges.  ; No services were performed during the 15 month look back period.,,73,,,,,0,Percent of total billed charges,73 percent of charges.  ; No services were performed during the 15 month look back period.,,73,,,,,0,Percent of total billed charges,73 percent of charges.  ; No services were performed during the 15 month look back period.,,73,,,,,0,Percent of total billed charges,73 percent of charges.  ; No services were performed during the 15 month look back period.,,73,,,,,0,Percent of total billed charges,73 percent of charges.  ; No services were performed during the 15 month look back period.,,73,,,,,0,Percent of total billed charges,73 percent of charges.  ; No services were performed during the 15 month look back period.,,73,,,,,0,Percent of total billed charges,73 percent of charges.  ; No services were performed during the 15 month look back period.,,73,,,,,0,Percent of total billed charges,73 percent of charges.  ; No services were performed during the 15 month look back period.,,73,,,,,0,Percent of total billed charges,73 percent of charges.  ; No services were performed during the 15 month look back period.,,73,,,,,0,Percent of total billed charges,73 percent of charges.  ; No services were performed during the 15 month look back period.,,,,,,,,," ",,,,,,,,,".  ",,,,,,,,,".  ",,,,,,,,," ",,,,,,,,,".  ",,,,,,,,,".  ",,,,,,,,,".  ",,73,,,,,0,Percent of total billed charges,73 percent of charges.  ; No services were performed during the 15 month look back period.,42928.05,,,,,,,Case Rate,". 200 percent of Medicaid DRG. Add-on payment, and lesser of 200% of billed charges. 200 percent of Medicaid DRG. Add-on payment, and lesser of 200% of billed charges.",,,,,,,,,".  ",21464.03,,,,,,,Case Rate,". 100 percent of Medicaid DRG. Add-on payment, and lesser of 100% of billed charges. 100 percent of Medicaid DRG. Add-on payment, and lesser of 100% of billed charges.",,,,,,,,," ",,,,,,,,," ",,,,,,,,," ",,,,,,,,," ",,,,,,,,," ",,,,,,,,," ",,,,,,,,,".  ",,,,,,,,,".  ",48294.06,,,,,,,Case Rate,". 225 percent of Medicaid DRG. Add-on payment, and lesser of 100% of billed charges. 225 percent of Medicaid DRG. Add-on payment, and lesser of 100% of billed charges.",48294.06,,,,,,,Case Rate,". 225 percent of Medicaid DRG. Add-on payment, and lesser of 100% of billed charges. 225 percent of Medicaid DRG. Add-on payment, and lesser of 100% of billed charges.",48294.06,,,,,,,Case Rate,". 225 percent of Medicaid DRG. Add-on payment, and lesser of 100% of billed charges. 225 percent of Medicaid DRG. Add-on payment, and lesser of 100% of billed charges.",48294.06,,,,,,,Case Rate,". 225 percent of Medicaid DRG. Add-on payment, and lesser of 100% of billed charges. 225 percent of Medicaid DRG. Add-on payment, and lesser of 100% of billed charges.",48294.06,,,,,,,Case Rate,". 225 percent of Medicaid DRG. Add-on payment, and lesser of 100% of billed charges. 225 percent of Medicaid DRG. Add-on payment, and lesser of 100% of billed charges.",,,,,,,,," ",,,,,,,,,".  ",,,,,,,,," ",,,,,,,,," ",,,,,,,,," ",,,,,,,,," ",,,,,,,,," ",,,,,,,,," ",,,,,,,,," ",,,,,,,,," ",,,,,,,,," ",,,,,,,,," ",,,,,,,,,".  ",,,,,,,,,".  ",,,,,,,,,".  ",,,,,,,,,".  ",,,,,,,,,".  ",,,,,,,,,".  ",,,,,,,,," ",,,,,,,,," ",,,,,,,,," ",,,,,,,,,".  ",,,,,,,,,".  ",,,,,,,,,".  ",,,,,,,,,".  ",,,,,,,,,".  ",,,,,,,,," ",,,,,,,,,".  ",21464.03,,,,,,,Case Rate,". 100 percent of Medicaid DRG. Add-on payment, and lesser of 100% of billed charges. 100 percent of Medicaid DRG. Add-on payment, and lesser of 100% of billed charges.",,,,,,,,," ",,,,,,,,," ",,,,,,,,," ",21464.03,,,,,,,Case Rate,". 100 percent of Medicaid DRG. Add-on payment, and lesser of 100% of billed charges. 100 percent of Medicaid DRG. Add-on payment, and lesser of 100% of billed charges.",48294.06,,,,,,,Case Rate,". 225 percent of Medicaid DRG. Add-on payment, and lesser of 225% of billed charges. 225 percent of Medicaid DRG. Add-on payment, and lesser of 225% of billed charges.",48294.06,,,,,,,Case Rate,". 225 percent of Medicaid DRG. Add-on payment, and lesser of 225% of billed charges. 225 percent of Medicaid DRG. Add-on payment, and lesser of 225% of billed charges.",48294.06,,,,,,,Case Rate,". 225 percent of Medicaid DRG. Add-on payment, and lesser of 225% of billed charges. 225 percent of Medicaid DRG. Add-on payment, and lesser of 225% of billed charges.",48294.06,,,,,,,Case Rate,". 225 percent of Medicaid DRG. Add-on payment, and lesser of 225% of billed charges. 225 percent of Medicaid DRG. Add-on payment, and lesser of 225% of billed charges.",48294.06,,,,,,,Case Rate,". 225 percent of Medicaid DRG. Add-on payment, and lesser of 225% of billed charges. 225 percent of Medicaid DRG. Add-on payment, and lesser of 225% of billed charges.",,,,,,,,," ",21464.03,,,,,,,Case Rate,". 100 percent of Medicaid DRG. Add-on payment, and lesser of 100% of billed charges. 100 percent of Medicaid DRG. Add-on payment, and lesser of 100% of billed charges.",21464.03,,,,,,,Case Rate,". 100 percent of Medicaid DRG. Add-on payment, and lesser of 100% of billed charges. 100 percent of Medicaid DRG. Add-on payment, and lesser of 100% of billed charges.",48294.06,,,,,,,Case Rate,". 225 percent of Medicaid DRG. Add-on payment, and lesser of 225% of billed charges. 225 percent of Medicaid DRG. Add-on payment, and lesser of 225% of billed charges.",48294.06,,,,,,,Case Rate,". 225 percent of Medicaid DRG. Add-on payment, and lesser of 225% of billed charges. 225 percent of Medicaid DRG. Add-on payment, and lesser of 225% of billed charges.",21464.03,,,,,,,Case Rate,". 100 percent of Medicaid DRG. Add-on payment, and lesser of 100% of billed charges. 100 percent of Medicaid DRG. Add-on payment, and lesser of 100% of billed charges.",21464.03,,,,,,,Case Rate,". 100 percent of Medicaid DRG. Add-on payment, and lesser of 100% of billed charges. 100 percent of Medicaid DRG. Add-on payment, and lesser of 100% of billed charges.",48294.06,,,,,,,Case Rate,". 225 percent of Medicaid DRG. Add-on payment, and lesser of 100% of billed charges. 225 percent of Medicaid DRG. Add-on payment, and lesser of 100% of billed charges.",,,,,,,,," ",,,,,,,,," ",,,,,,,,,".  ",,,,,,,,," ",48294.06,,,,,,,Case Rate,". 225 percent of Medicaid DRG. Add-on payment, and lesser of 225% of billed charges. 225 percent of Medicaid DRG. Add-on payment, and lesser of 225% of billed charges.",48294.06,,,,,,,Case Rate,". 225 percent of Medicaid DRG. Add-on payment, and lesser of 225% of billed charges. 225 percent of Medicaid DRG. Add-on payment, and lesser of 225% of billed charges.",21464.03,,,,,,,Case Rate,". 100 percent of Medicaid DRG. Add-on payment, and lesser of 100% of billed charges. 100 percent of Medicaid DRG. Add-on payment, and lesser of 100% of billed charges.",21464.03,,,,,,,Case Rate,". 100 percent of Medicaid DRG. Add-on payment, and lesser of 100% of billed charges. 100 percent of Medicaid DRG. Add-on payment, and lesser of 100% of billed charges.",34704.09,,,,,,,Case Rate,". 225 percent of Medicaid DRG. Add-on payment, and lesser of 225% of billed charges. 225 percent of Medicaid DRG. Add-on payment, and lesser of 225% of billed charges.",21464.03,,,,,,,Case Rate,". 100 percent of Medicaid DRG. Add-on payment, and lesser of 100% of billed charges. 100 percent of Medicaid DRG. Add-on payment, and lesser of 100% of billed charges.",62245.68,,,,,,,Case Rate,". 290 percent of Medicaid DRG. Add-on payment, and lesser of 100% of billed charges. 290 percent of Medicaid DRG. Add-on payment, and lesser of 100% of billed charges.",62245.68,,,,,,,Case Rate,". 290 percent of Medicaid DRG. Add-on payment, and lesser of 100% of billed charges. 290 percent of Medicaid DRG. Add-on payment, and lesser of 100% of billed charges.",62245.68,,,,,,,Case Rate,". 290 percent of Medicaid DRG. Add-on payment, and lesser of 100% of billed charges. 290 percent of Medicaid DRG. Add-on payment, and lesser of 100% of billed charges.",62245.68,,,,,,,Case Rate,". 290 percent of Medicaid DRG. Add-on payment, and lesser of 100% of billed charges. 290 percent of Medicaid DRG. Add-on payment, and lesser of 100% of billed charges.",,,,,,,,," ",,,,,,,,,".  ",28976.44,,,,,,,Case Rate,"135% of Medicaid EP 1 and 2, 100% of medicaid EP 3 and 4.  ",28976.44,,,,,,,Case Rate,"135% of Medicaid EP 1 and 2, 100% of medicaid EP 3 and 4.  ",21464.03,,,,,,,Case Rate,". 100 percent of Medicaid DRG. Add-on payment, and lesser of 100% of billed charges. 100 percent of Medicaid DRG. Add-on payment, and lesser of 100% of billed charges.",21464.03,,,,,,,Case Rate,". 100 percent of Medicaid DRG. Add-on payment, and lesser of 100% of billed charges. 100 percent of Medicaid DRG. Add-on payment, and lesser of 100% of billed charges.",,,,,,,,,".  ",,,,,,,,,".  ",,,,,,,,," ",,,,,,,,,".  ",,,,,,,,,".  ",,,,,,,,,".  ",,,,,,,,,".  ",,,,,,,,," ",,,,,,,,,".  ",,,,,,,,,".  ",,,,,,,,,".  ",21464.03,,,,,,,Case Rate,". 100 percent of Medicaid DRG. Add-on payment, and lesser of 100% of billed charges. 100 percent of Medicaid DRG. Add-on payment, and lesser of 100% of billed charges.",21464.03,,,,,,,Case Rate,". 100 percent of Medicaid DRG. Add-on payment, and lesser of 100% of billed charges. 100 percent of Medicaid DRG. Add-on payment, and lesser of 100% of billed charges.",48294.06,,,,,,,Case Rate,". 225 percent of Medicaid DRG. Add-on payment, and lesser of 225% of billed charges. 225 percent of Medicaid DRG. Add-on payment, and lesser of 225% of billed charges.",34704.09,,,,,,,Case Rate,". 225 percent of Medicaid DRG. Add-on payment, and lesser of 225% of billed charges. 225 percent of Medicaid DRG. Add-on payment, and lesser of 225% of billed charges.",21464.03,,,,,,,Case Rate,". 100 percent of Medicaid DRG. Add-on payment, and lesser of 100% of billed charges. 100 percent of Medicaid DRG. Add-on payment, and lesser of 100% of billed charges.",48294.06,,,,,,,Case Rate,". 225 percent of Medicaid DRG. Add-on payment, and lesser of 225% of billed charges. 225 percent of Medicaid DRG. Add-on payment, and lesser of 225% of billed charges.",48294.06,,,,,,,Case Rate,". 225 percent of Medicaid DRG. Add-on payment, and lesser of 225% of billed charges. 225 percent of Medicaid DRG. Add-on payment, and lesser of 225% of billed charges.",48294.06,,,,,,,Case Rate,". 225 percent of Medicaid DRG. Add-on payment, and lesser of 225% of billed charges. 225 percent of Medicaid DRG. Add-on payment, and lesser of 225% of billed charges.",48294.06,,,,,,,Case Rate,". 225 percent of Medicaid DRG. Add-on payment, and lesser of 225% of billed charges. 225 percent of Medicaid DRG. Add-on payment, and lesser of 225% of billed charges.",48294.06,,,,,,,Case Rate,". 225 percent of Medicaid DRG. Add-on payment, and lesser of 225% of billed charges. 225 percent of Medicaid DRG. Add-on payment, and lesser of 225% of billed charges.",48294.06,,,,,,,Case Rate,". 225 percent of Medicaid DRG. Add-on payment, and lesser of 225% of billed charges. 225 percent of Medicaid DRG. Add-on payment, and lesser of 225% of billed charges.",,,,,,,,," ",,,,,,,,," ",,,,,,,,," ",,,,,,,,,".  ",,,,,,,,," ",,,,,,,,," ",,,,,,,,,".  ",,,,,,,,," ",,,,,,,,," ",28976.44,,,,,,,Case Rate,"135% of Medicaid EP 1 and 2, 100% of medicaid EP 3 and 4.  ",28976.44,,,,,,,Case Rate,"135% of Medicaid EP 1 and 2, 100% of medicaid EP 3 and 4.  ",21464.03,,,,,,,Case Rate,". 100 percent of Medicaid DRG. Add-on payment, and lesser of 100% of billed charges. 100 percent of Medicaid DRG. Add-on payment, and lesser of 100% of billed charges.",21464.03,,,,,,,Case Rate,". 100 percent of Medicaid DRG. Add-on payment, and lesser of 100% of billed charges. 100 percent of Medicaid DRG. Add-on payment, and lesser of 100% of billed charges.",21464.03,,,,,,,Case Rate,". 100 percent of Medicaid DRG. Add-on payment, and lesser of 100% of billed charges. 100 percent of Medicaid DRG. Add-on payment, and lesser of 100% of billed charges.",,,,,,,,," ",,,,,,,,,".  ",,,,,,,,," ",,,,,,,,,".  ",,,,,,,,," ",,,,,,,,," ",,,,,,,,," ",,,,,,,,," ",,,,,,,,," ",,,,,,,,," ",,,,,,,,," ",48294.06,,,,,,,Case Rate,". 225 percent of Medicaid DRG. Add-on payment, and lesser of 225% of billed charges. 225 percent of Medicaid DRG. Add-on payment, and lesser of 225% of billed charges.",21464.03,,,,,,,Case Rate,". 100 percent of Medicaid DRG. Add-on payment, and lesser of 100% of billed charges. 100 percent of Medicaid DRG. Add-on payment, and lesser of 100% of billed charges.",,,,,,,,,".  ",,,,,,,,," ",,,,,,,,," ",,,,,,,,," ",,,,,,,,," ",,,,,,,,," ",21464.03,,,,,,,Case Rate,". 100 percent of Medicaid DRG. Add-on payment, and lesser of 100% of billed charges. 100 percent of Medicaid DRG. Add-on payment, and lesser of 100% of billed charges.",,,,,,,,,".  ",21464.03,,,,,,,Case Rate,". 100 percent of Medicaid DRG. Add-on payment, and lesser of 100% of billed charges. 100 percent of Medicaid DRG. Add-on payment, and lesser of 100% of billed charges.",,,,,,,,," ",21464.03,,,,,,,Case Rate,". 100 percent of Medicaid DRG. Add-on payment, and lesser of 100% of billed charges. 100 percent of Medicaid DRG. Add-on payment, and lesser of 100% of billed charges.",,,,,,,,," ",,,,,,,,," ",21464.03,,,,,,,Case Rate,". 100 percent of Medicaid DRG. Add-on payment, and lesser of 100% of billed charges. 100 percent of Medicaid DRG. Add-on payment, and lesser of 100% of billed charges.",21464.03,,,,,,,Case Rate,". 100 percent of Medicaid DRG. Add-on payment, and lesser of 100% of billed charges. 100 percent of Medicaid DRG. Add-on payment, and lesser of 100% of billed charges.",,,,,,,,," ",,,,,,,,,".  ",,73,,,,,0,Percent of total billed charges,73 percent of charges.  ; No services were performed during the 15 month look back period.,,,,,,,,,".  ",,,,,,,,,".  ",,,,,,,,,".  ",,,,,,,,," ",,,,,,,,," ",,,,,,,,," ",,,,,,,,,".  ",,,,,,,,,".  ",,,,,,,,," ",,,,,,,,," ",,,,,,,,," ",,,,,,,,," ",,,,,,,,,".  ",,,,,,,,,".  ",,,,,,,,,".  ",,,,,,,,," ",,,,,,,,,".  ",,,,,,,,," ",21464.03,,,,,,,Case Rate,". 100 percent of Medicaid DRG. Add-on payment, and lesser of 100% of billed charges. 100 percent of Medicaid DRG. Add-on payment, and lesser of 100% of billed charges.",21464.03,,,,,,,Case Rate,". 100 percent of Medicaid DRG. Add-on payment, and lesser of 100% of billed charges. 100 percent of Medicaid DRG. Add-on payment, and lesser of 100% of billed charges.",,,,,,,,," ",,,,,,,,,".  ",,,,,,,,,".  ",,,,,,,,,".  ",,,,,,,,,".  ",,,,,,,,," ",22537.23,,,,,,,Case Rate,". 105 percent of Medicaid DRG. Add-on payment, and lesser of 100% of billed charges. 105 percent of Medicaid DRG. Add-on payment, and lesser of 100% of billed charges.",22537.23,,,,,,,Case Rate,". 105 percent of Medicaid DRG. Add-on payment, and lesser of 100% of billed charges. 105 percent of Medicaid DRG. Add-on payment, and lesser of 100% of billed charges.",22537.23,,,,,,,Case Rate,". 105 percent of Medicaid DRG. Add-on payment, and lesser of 100% of billed charges. 105 percent of Medicaid DRG. Add-on payment, and lesser of 100% of billed charges.",22537.23,,,,,,,Case Rate,". 105 percent of Medicaid DRG. Add-on payment, and lesser of 100% of billed charges. 105 percent of Medicaid DRG. Add-on payment, and lesser of 100% of billed charges.",,,,,,,,,".  ",22537.23,,,,,,,Case Rate,". 105 percent of Medicaid DRG. Add-on payment, and lesser of 100% of billed charges. 105 percent of Medicaid DRG. Add-on payment, and lesser of 100% of billed charges.",22537.23,,,,,,,Case Rate,". 105 percent of Medicaid DRG. Add-on payment, and lesser of 100% of billed charges. 105 percent of Medicaid DRG. Add-on payment, and lesser of 100% of billed charges.",22537.23,,,,,,,Case Rate,". 105 percent of Medicaid DRG. Add-on payment, and lesser of 100% of billed charges. 105 percent of Medicaid DRG. Add-on payment, and lesser of 100% of billed charges.",22537.23,,,,,,,Case Rate,". 105 percent of Medicaid DRG. Add-on payment, and lesser of 100% of billed charges. 105 percent of Medicaid DRG. Add-on payment, and lesser of 100% of billed charges.",22537.23,,,,,,,Case Rate,". 105 percent of Medicaid DRG. Add-on payment, and lesser of 100% of billed charges. 105 percent of Medicaid DRG. Add-on payment, and lesser of 100% of billed charges.",22537.23,,,,,,,Case Rate,". 105 percent of Medicaid DRG. Add-on payment, and lesser of 100% of billed charges. 105 percent of Medicaid DRG. Add-on payment, and lesser of 100% of billed charges.",22537.23,,,,,,,Case Rate,". 105 percent of Medicaid DRG. Add-on payment, and lesser of 100% of billed charges. 105 percent of Medicaid DRG. Add-on payment, and lesser of 100% of billed charges.",,,,,,,,," ",,,,,,,,,".  ",,,,,,,,," ",22537.23,,,,,,,Case Rate,". 105 percent of Medicaid DRG. Add-on payment, and lesser of 100% of billed charges. 105 percent of Medicaid DRG. Add-on payment, and lesser of 100% of billed charges.",,,,,,,,,".  ",,,,,,,,," ",,,,,,,,,".  ",,,,,,,,,".  ",,,,,,,,,".  ",22537.23,,,,,,,Case Rate,". 105 percent of Medicaid DRG. Add-on payment, and lesser of 100% of billed charges. 105 percent of Medicaid DRG. Add-on payment, and lesser of 100% of billed charges.",,,,,,,,," ",,,,,,,,,".  ",22537.23,,,,,,,Case Rate,". 105 percent of Medicaid DRG. Add-on payment, and lesser of 100% of billed charges. 105 percent of Medicaid DRG. Add-on payment, and lesser of 100% of billed charges.",,,,,,,,,".  ",,,,,,,,,".  ",,,,,,,,," ",,,,,,,,," ",,,,,,,,," ",,,,,,,,," ",,,,,,,,," ",,,,,,,,," ",,,,,,,,," ",,,,,,,,," ",,,,,,,,," ",,,,,,,,," ",,,,,,,,," ",,,,,,,,," ",,,,,,,,," ",,,,,,,,," ",,,,,,,,," ",,,,,,,,," ",48294.06,,,,,,,Case Rate,". 225 percent of Medicaid DRG. Add-on payment, and lesser of 225% of billed charges. 225 percent of Medicaid DRG. Add-on payment, and lesser of 225% of billed charges.",21464.03,,,,,,,Case Rate,". 100 percent of Medicaid DRG. Add-on payment, and lesser of 100% of billed charges. 100 percent of Medicaid DRG. Add-on payment, and lesser of 100% of billed charges.",,,,,,,,,".  ",,,,,,,,,".  ",,,,,,,,," ",,,,,,,,," ",,,,,,,,," ",,,,,,,,," ",,,,,,,,,".  ",,,,,,,,," ",,,,,,,,,".  ",,,,,,,,," ",,,,,,,,,".  ",,,,,,,,,".  ",,,,,,,,,".  ",,,,,,,,," ",21464.03,,,,,,,Case Rate,". 100 percent of Medicaid DRG. Add-on payment, and lesser of 100% of billed charges. 100 percent of Medicaid DRG. Add-on payment, and lesser of 100% of billed charges.",,,,,,,,," ",,,,,,,,,".  ",,,,,,,,,".  ",21464.03,,,,,,,Case Rate,". 100 percent of Medicaid DRG. Add-on payment, and lesser of 100% of billed charges. 100 percent of Medicaid DRG. Add-on payment, and lesser of 100% of billed charges.",,,,,,,,,".  ",21464.03,,,,,,,Case Rate,". 100 percent of Medicaid DRG. Add-on payment, and lesser of 100% of billed charges. 100 percent of Medicaid DRG. Add-on payment, and lesser of 100% of billed charges.",21464.03,,,,,,,Case Rate,". 100 percent of Medicaid DRG. Add-on payment, and lesser of 100% of billed charges. 100 percent of Medicaid DRG. Add-on payment, and lesser of 100% of billed charges.",,,,,,,,,".  ",,,,,,,,,".  ",,,,,,,,,".  ",,,,,,,,,".  ",,,,,,,,,".  ",,,,,,,,,".  ",,,,,,,,,".  ",,,,,,,,," ",,,,,,,,," ",,,,,,,,," ",21464.03,,,,,,,Case Rate,". 100 percent of Medicaid DRG. Add-on payment, and lesser of 100% of billed charges. 100 percent of Medicaid DRG. Add-on payment, and lesser of 100% of billed charges.",,,,,,,,,".  ",,,,,,,,,".  ",,,,,,,,,".  ",,,,,,,,,".  ",,,,,,,,,".  ",,,,,,,,,".  ",,,,,,,,,".  ",,,,,,,,,".  ",,,,,,,,,".  ",,,,,,,,,".  ",,,,,,,,," ",15424.04,62245.68,
APR180-2,DRG,,,,,APR180-2 OTHER CIRCULATORY SYSTEM PROCEDURES,,,Inpatient,,,,,,,,,,,,".  ",,,,,,,,,".  ",,,,,,,,,". GMLOS + 8 Outlier per Diem $6,968.00. Add-on payment, and lesser of 100% of billed charges. GMLOS + 8 Outlier per Diem $6,968.00. Add-on payment, and lesser of 100% of billed charges.",,100,,,,,0,Percent of total billed charges,100 percent of charges.  ; No services were performed during the 15 month look back period.,,,,,,,,,". 100 percent of Medicare DRG. Add-on payment,  . 100 percent of Medicare DRG. Add-on payment,  .",,,,,,,,,". GMLOS + 8 Outlier per Diem $6,968.00. Add-on payment, and lesser of 100% of billed charges. GMLOS + 8 Outlier per Diem $6,968.00. Add-on payment, and lesser of 100% of billed charges.",,,,,,,,,". GMLOS + 8 Outlier per Diem $6,968.00. Add-on payment, and lesser of 100% of billed charges. GMLOS + 8 Outlier per Diem $6,968.00. Add-on payment, and lesser of 100% of billed charges.",,,,,,,,,". GMLOS + 8 Outlier per Diem $6,968.00. Add-on payment, and lesser of 100% of billed charges. GMLOS + 8 Outlier per Diem $6,968.00. Add-on payment, and lesser of 100% of billed charges.",31383.2,,,,,,,Case Rate,". 155 percent of Medicaid DRG. Add-on payment, and lesser of 100% of billed charges. 155 percent of Medicaid DRG. Add-on payment, and lesser of 100% of billed charges.",20247.22,,,,,,,Case Rate,". 100 percent of Medicaid DRG. Add-on payment, and lesser of 100% of billed charges. 100 percent of Medicaid DRG. Add-on payment, and lesser of 100% of billed charges.",,73,,,,,0,Percent of total billed charges,73 percent of charges.  ; No services were performed during the 15 month look back period.,,,,,,,,,".  ",20247.22,,,,,,,Case Rate,". 100 percent of Medicaid DRG. Add-on payment, and lesser of 100% of billed charges. 100 percent of Medicaid DRG. Add-on payment, and lesser of 100% of billed charges.",,,,,,,,,". 100 percent of Medicare DRG. Add-on payment,  . 100 percent of Medicare DRG. Add-on payment,  .",,,,,,,,,".  ",,,,,,,,,".  ",,,,,,,,,".  ",,,,,,,,,".  ",20247.22,,,,,,,Case Rate,". 100 percent of Medicaid DRG. Add-on payment, and lesser of 100% of billed charges. 100 percent of Medicaid DRG. Add-on payment, and lesser of 100% of billed charges.",,,,,,,,,". 100 percent of Medicare DRG. Add-on payment,  . 100 percent of Medicare DRG. Add-on payment,  .",20247.22,,,,,,,Case Rate,". 100 percent of Medicaid DRG. Add-on payment, and lesser of 100% of billed charges. 100 percent of Medicaid DRG. Add-on payment, and lesser of 100% of billed charges.",,73,,,,,0,Percent of total billed charges,73 percent of charges.  ; No services were performed during the 15 month look back period.,,,,,,,,,". GMLOS + 8 Outlier per Diem $6,968.00. Add-on payment, and lesser of 100% of billed charges. GMLOS + 8 Outlier per Diem $6,968.00. Add-on payment, and lesser of 100% of billed charges.",,,,,,,,,". 100 percent of Medicare DRG. Add-on payment, and lesser of 100% of billed charges. 100 percent of Medicare DRG. Add-on payment, and lesser of 100% of billed charges.",,,,,,,,," ",,,,,,,,,". 100 percent of Medicare DRG. Add-on payment, and lesser of 100% of billed charges. 100 percent of Medicare DRG. Add-on payment, and lesser of 100% of billed charges.",,,,,,,,,". 100 percent of Medicare DRG. Add-on payment, and lesser of 100% of billed charges. 100 percent of Medicare DRG. Add-on payment, and lesser of 100% of billed charges.",,73,,,,,0,Percent of total billed charges,73 percent of charges.  ; No services were performed during the 15 month look back period.,20247.22,,,,,,,Case Rate,". 100 percent of Medicaid DRG. Add-on payment, and lesser of 100% of billed charges. 100 percent of Medicaid DRG. Add-on payment, and lesser of 100% of billed charges.",20247.22,,,,,,,Case Rate,". 100 percent of Medicaid DRG. Add-on payment, and lesser of 100% of billed charges. 100 percent of Medicaid DRG. Add-on payment, and lesser of 100% of billed charges.",20247.22,,,,,,,Case Rate,". 100 percent of Medicaid DRG. Add-on payment, and lesser of 100% of billed charges. 100 percent of Medicaid DRG. Add-on payment, and lesser of 100% of billed charges.",20247.22,,,,,,,Case Rate,". 100 percent of Medicaid DRG. Add-on payment, and lesser of 100% of billed charges. 100 percent of Medicaid DRG. Add-on payment, and lesser of 100% of billed charges.",,,,,,,,," ",,,,,,,,," ",20247.22,,,,,,,Case Rate,". 100 percent of Medicaid DRG. Add-on payment, and lesser of 100% of billed charges. 100 percent of Medicaid DRG. Add-on payment, and lesser of 100% of billed charges.",,,,,,,,," ",20247.22,,,,,,,Case Rate,". 100 percent of Medicaid DRG. Add-on payment, and lesser of 100% of billed charges. 100 percent of Medicaid DRG. Add-on payment, and lesser of 100% of billed charges.",,,,,,,,,". 100 percent of Medicare DRG. Add-on payment, . 100 percent of Medicare DRG. Add-on payment, .",,,,,,,,," ",,73,,,,,0,Percent of total billed charges,73 percent of charges.  ; No services were performed during the 15 month look back period.,20247.22,,,,,,,Case Rate,". 100 percent of Medicaid DRG. Add-on payment, and lesser of 100% of billed charges. 100 percent of Medicaid DRG. Add-on payment, and lesser of 100% of billed charges.",20247.22,,,,,,,Case Rate,". 100 percent of Medicaid DRG. Add-on payment, and lesser of 100% of billed charges. 100 percent of Medicaid DRG. Add-on payment, and lesser of 100% of billed charges.",,73,,,,,0,Percent of total billed charges,73 percent of charges.  ; No services were performed during the 15 month look back period.,,,,,,,,,".  ",,,,,,,,,".  ",,,,,,,,,".  ",,73,,,,,0,Percent of total billed charges,73 percent of charges.  ; No services were performed during the 15 month look back period.,,,,,,,,,". 100 percent of Medicare DRG. Add-on payment,  . 100 percent of Medicare DRG. Add-on payment,  .",,,,,,,,,".  ",,,,,,,,,".  ",,,,,,,,,".  ",,,,,,,,,". 100 percent of Medicare DRG. Add-on payment,  . 100 percent of Medicare DRG. Add-on payment,  .",,,,,,,,,".  ",,,,,,,,,".  ",,,,,,,,,". 100 percent of Medicare DRG. Add-on payment, and lesser of 100% of billed charges. 100 percent of Medicare DRG. Add-on payment, and lesser of 100% of billed charges.",,,,,,,,,".  ",,,,,,,,,".  ",,,,,,,,,".  ",,,,,,,,,".  ",,,,,,,,,".  ",,,,,,,,,".  ",,,,,,,,,".  ",,,,,,,,,". 100 percent of Medicare DRG. Add-on payment,  . 100 percent of Medicare DRG. Add-on payment,  .",,,,,,,,,". 100 percent of Medicare DRG. Add-on payment,  . 100 percent of Medicare DRG. Add-on payment,  .",,,,,,,,,".  ",,73,,,,,0,Percent of total billed charges,73 percent of charges.  ; No services were performed during the 15 month look back period.,,73,,,,,0,Percent of total billed charges,73 percent of charges.  ; No services were performed during the 15 month look back period.,,73,,,,,0,Percent of total billed charges,73 percent of charges.  ; No services were performed during the 15 month look back period.,,73,,,,,0,Percent of total billed charges,73 percent of charges.  ; No services were performed during the 15 month look back period.,,73,,,,,0,Percent of total billed charges,73 percent of charges.  ; No services were performed during the 15 month look back period.,,73,,,,,0,Percent of total billed charges,73 percent of charges.  ; No services were performed during the 15 month look back period.,,73,,,,,0,Percent of total billed charges,73 percent of charges.  ; No services were performed during the 15 month look back period.,,73,,,,,0,Percent of total billed charges,73 percent of charges.  ; No services were performed during the 15 month look back period.,,73,,,,,0,Percent of total billed charges,73 percent of charges.  ; No services were performed during the 15 month look back period.,,73,,,,,0,Percent of total billed charges,73 percent of charges.  ; No services were performed during the 15 month look back period.,,73,,,,,0,Percent of total billed charges,73 percent of charges.  ; No services were performed during the 15 month look back period.,,73,,,,,0,Percent of total billed charges,73 percent of charges.  ; No services were performed during the 15 month look back period.,,73,,,,,0,Percent of total billed charges,73 percent of charges.  ; No services were performed during the 15 month look back period.,,73,,,,,0,Percent of total billed charges,73 percent of charges.  ; No services were performed during the 15 month look back period.,,73,,,,,0,Percent of total billed charges,73 percent of charges.  ; No services were performed during the 15 month look back period.,,73,,,,,0,Percent of total billed charges,73 percent of charges.  ; No services were performed during the 15 month look back period.,,73,,,,,0,Percent of total billed charges,73 percent of charges.  ; No services were performed during the 15 month look back period.,,73,,,,,0,Percent of total billed charges,73 percent of charges.  ; No services were performed during the 15 month look back period.,,73,,,,,0,Percent of total billed charges,73 percent of charges.  ; No services were performed during the 15 month look back period.,,73,,,,,0,Percent of total billed charges,73 percent of charges.  ; No services were performed during the 15 month look back period.,,73,,,,,0,Percent of total billed charges,73 percent of charges.  ; No services were performed during the 15 month look back period.,,73,,,,,0,Percent of total billed charges,73 percent of charges.  ; No services were performed during the 15 month look back period.,,73,,,,,0,Percent of total billed charges,73 percent of charges.  ; No services were performed during the 15 month look back period.,,73,,,,,0,Percent of total billed charges,73 percent of charges.  ; No services were performed during the 15 month look back period.,,73,,,,,0,Percent of total billed charges,73 percent of charges.  ; No services were performed during the 15 month look back period.,,73,,,,,0,Percent of total billed charges,73 percent of charges.  ; No services were performed during the 15 month look back period.,,,,,,,,," ",,,,,,,,," ",,,,,,,,," ",,,,,,,,," ",,,,,,,,," ",,,,,,,,," ",,,,,,,,,".  ",,,,,,,,,".  ",,,,,,,,,".  ",,,,,,,,,".  ",,73,,,,,0,Percent of total billed charges,73 percent of charges.  ; No services were performed during the 15 month look back period.,,,,,,,,," ",,,,,,,,,".  ",,,,,,,,,".  ",,,,,,,,,".  ",,,,,,,,," ",,73,,,,,0,Percent of total billed charges,73 percent of charges.  ; No services were performed during the 15 month look back period.,20247.22,,,,,,,Case Rate,". 100 percent of Medicaid DRG. Add-on payment, and lesser of 100% of billed charges. 100 percent of Medicaid DRG. Add-on payment, and lesser of 100% of billed charges.",,,,,,,,," ",20247.22,,,,,,,Case Rate,". 100 percent of Medicaid DRG. Add-on payment, and lesser of 100% of billed charges. 100 percent of Medicaid DRG. Add-on payment, and lesser of 100% of billed charges.",,,,,,,,,". 100 percent of Medicare DRG. Add-on payment, . 100 percent of Medicare DRG. Add-on payment, .",,,,,,,,,". 100 percent of Medicare DRG. Add-on payment,  . 100 percent of Medicare DRG. Add-on payment,  .",,,,,,,,,".  ",,,,,,,,,". 100 percent of Medicare DRG. Add-on payment,  . 100 percent of Medicare DRG. Add-on payment,  .",,,,,,,,,". 100 percent of Medicare DRG. Add-on payment,  . 100 percent of Medicare DRG. Add-on payment,  .",20247.22,,,,,,,Case Rate,". 100 percent of Medicaid DRG. Add-on payment, and lesser of 100% of billed charges. 100 percent of Medicaid DRG. Add-on payment, and lesser of 100% of billed charges.",,,,,,,,,". 100 percent of Medicare DRG. Add-on payment,  . 100 percent of Medicare DRG. Add-on payment,  .",,,,,,,,,". 100 percent of Medicare DRG. Add-on payment,  . 100 percent of Medicare DRG. Add-on payment,  .",,,,,,,,,". GMLOS + 8 Outlier per Diem $6,968.00. Add-on payment, and lesser of 100% of billed charges. GMLOS + 8 Outlier per Diem $6,968.00. Add-on payment, and lesser of 100% of billed charges.",,,,,,,,,". GMLOS + 8 Outlier per Diem $6,968.00. Add-on payment, and lesser of 100% of billed charges. GMLOS + 8 Outlier per Diem $6,968.00. Add-on payment, and lesser of 100% of billed charges.",,,,,,,,,". 100 percent of Medicare DRG. Add-on payment,  . 100 percent of Medicare DRG. Add-on payment,  .",,,,,,,,,".  ",,,,,,,,,".  ",,,,,,,,,".  ",,,,,,,,,". 100 percent of Medicare DRG. Add-on payment,  . 100 percent of Medicare DRG. Add-on payment,  .",,,,,,,,,".  ",,,,,,,,,". GMLOS + 8 Outlier per Diem $6,968.00. Add-on payment, and lesser of 100% of billed charges. GMLOS + 8 Outlier per Diem $6,968.00. Add-on payment, and lesser of 100% of billed charges.",,,,,,,,,". GMLOS + 8 Outlier per Diem $6,968.00. Add-on payment, and lesser of 100% of billed charges. GMLOS + 8 Outlier per Diem $6,968.00. Add-on payment, and lesser of 100% of billed charges.",,,,,,,,,". GMLOS + 8 Outlier per Diem $6,968.00. Add-on payment, and lesser of 100% of billed charges. GMLOS + 8 Outlier per Diem $6,968.00. Add-on payment, and lesser of 100% of billed charges.",,73,,,,,0,Percent of total billed charges,73 percent of charges.  ; No services were performed during the 15 month look back period.,,73,,,,,0,Percent of total billed charges,73 percent of charges.  ; No services were performed during the 15 month look back period.,,73,,,,,0,Percent of total billed charges,73 percent of charges.  ; No services were performed during the 15 month look back period.,,73,,,,,0,Percent of total billed charges,73 percent of charges.  ; No services were performed during the 15 month look back period.,,73,,,,,0,Percent of total billed charges,73 percent of charges.  ; No services were performed during the 15 month look back period.,,73,,,,,0,Percent of total billed charges,73 percent of charges.  ; No services were performed during the 15 month look back period.,,73,,,,,0,Percent of total billed charges,73 percent of charges.  ; No services were performed during the 15 month look back period.,,73,,,,,0,Percent of total billed charges,73 percent of charges.  ; No services were performed during the 15 month look back period.,,73,,,,,0,Percent of total billed charges,73 percent of charges.  ; No services were performed during the 15 month look back period.,,73,,,,,0,Percent of total billed charges,73 percent of charges.  ; No services were performed during the 15 month look back period.,,73,,,,,0,Percent of total billed charges,73 percent of charges.  ; No services were performed during the 15 month look back period.,,,,,,,,," ",,,,,,,,,".  ",,,,,,,,,".  ",,,,,,,,,". 100 percent of Medicare DRG. Add-on payment,  . 100 percent of Medicare DRG. Add-on payment,  .",,,,,,,,,". GMLOS + 8 Outlier per Diem $6,968.00. Add-on payment, and lesser of 100% of billed charges. GMLOS + 8 Outlier per Diem $6,968.00. Add-on payment, and lesser of 100% of billed charges.",,,,,,,,,".  ",,,,,,,,,".  ",,73,,,,,0,Percent of total billed charges,73 percent of charges.  ; No services were performed during the 15 month look back period.,40494.45,,,,,,,Case Rate,". 200 percent of Medicaid DRG. Add-on payment, and lesser of 200% of billed charges. 200 percent of Medicaid DRG. Add-on payment, and lesser of 200% of billed charges.",,,,,,,,,".  ",20247.22,,,,,,,Case Rate,". 100 percent of Medicaid DRG. Add-on payment, and lesser of 100% of billed charges. 100 percent of Medicaid DRG. Add-on payment, and lesser of 100% of billed charges.",,,,,,,,,". 100 percent of Medicare DRG. Add-on payment,  . 100 percent of Medicare DRG. Add-on payment,  .",,,,,,,,,". 100 percent of Medicare DRG. Add-on payment,  . 100 percent of Medicare DRG. Add-on payment,  .",,,,,,,,,". 100 percent of Medicare DRG. Add-on payment,  . 100 percent of Medicare DRG. Add-on payment,  .",,,,,,,,,". 100 percent of Medicare DRG. Add-on payment,  . 100 percent of Medicare DRG. Add-on payment,  .",,,,,,,,,". 100 percent of Medicare DRG. Add-on payment,  . 100 percent of Medicare DRG. Add-on payment,  .",,,,,,,,,". 100 percent of Medicare DRG. Add-on payment,  . 100 percent of Medicare DRG. Add-on payment,  .",,,,,,,,,".  ",,,,,,,,,".  ",45556.26,,,,,,,Case Rate,". 225 percent of Medicaid DRG. Add-on payment, and lesser of 100% of billed charges. 225 percent of Medicaid DRG. Add-on payment, and lesser of 100% of billed charges.",45556.26,,,,,,,Case Rate,". 225 percent of Medicaid DRG. Add-on payment, and lesser of 100% of billed charges. 225 percent of Medicaid DRG. Add-on payment, and lesser of 100% of billed charges.",45556.26,,,,,,,Case Rate,". 225 percent of Medicaid DRG. Add-on payment, and lesser of 100% of billed charges. 225 percent of Medicaid DRG. Add-on payment, and lesser of 100% of billed charges.",45556.26,,,,,,,Case Rate,". 225 percent of Medicaid DRG. Add-on payment, and lesser of 100% of billed charges. 225 percent of Medicaid DRG. Add-on payment, and lesser of 100% of billed charges.",45556.26,,,,,,,Case Rate,". 225 percent of Medicaid DRG. Add-on payment, and lesser of 100% of billed charges. 225 percent of Medicaid DRG. Add-on payment, and lesser of 100% of billed charges.",,,,,,,,," ",,,,,,,,,".  ",,,,,,,,," ",,,,,,,,," ",,,,,,,,," ",,,,,,,,," ",,,,,,,,," ",,,,,,,,,". 100 percent of Medicare DRG. Add-on payment,  . 100 percent of Medicare DRG. Add-on payment,  .",,,,,,,,," ",,,,,,,,," ",,,,,,,,," ",,,,,,,,," ",,,,,,,,,". GMLOS + 8 Outlier per Diem $6,968.00. Add-on payment, and lesser of 100% of billed charges. GMLOS + 8 Outlier per Diem $6,968.00. Add-on payment, and lesser of 100% of billed charges.",,,,,,,,,". GMLOS + 8 Outlier per Diem $6,968.00. Add-on payment, and lesser of 100% of billed charges. GMLOS + 8 Outlier per Diem $6,968.00. Add-on payment, and lesser of 100% of billed charges.",,,,,,,,,". GMLOS + 8 Outlier per Diem $6,968.00. Add-on payment, and lesser of 100% of billed charges. GMLOS + 8 Outlier per Diem $6,968.00. Add-on payment, and lesser of 100% of billed charges.",,,,,,,,,". GMLOS + 8 Outlier per Diem $6,968.00. Add-on payment, and lesser of 100% of billed charges. GMLOS + 8 Outlier per Diem $6,968.00. Add-on payment, and lesser of 100% of billed charges.",,,,,,,,,".  ",,,,,,,,,".  ",,,,,,,,,". 100 percent of Medicare DRG. Add-on payment,  . 100 percent of Medicare DRG. Add-on payment,  .",,,,,,,,,". 100 percent of Medicare DRG. Add-on payment,  . 100 percent of Medicare DRG. Add-on payment,  .",,,,,,,,,". 100 percent of Medicare DRG. Add-on payment,  . 100 percent of Medicare DRG. Add-on payment,  .",,,,,,,,,".  ",,,,,,,,,".  ",,,,,,,,,".  ",,,,,,,,,".  ",,,,,,,,,". GMLOS + 8 Outlier per Diem $6,968.00. Add-on payment, and lesser of 100% of billed charges. GMLOS + 8 Outlier per Diem $6,968.00. Add-on payment, and lesser of 100% of billed charges.",,,,,,,,,". 100 percent of Medicare DRG. Add-on payment,  . 100 percent of Medicare DRG. Add-on payment,  .",,,,,,,,,".  ",20247.22,,,,,,,Case Rate,". 100 percent of Medicaid DRG. Add-on payment, and lesser of 100% of billed charges. 100 percent of Medicaid DRG. Add-on payment, and lesser of 100% of billed charges.",,,,,,,,,". 100 percent of Medicare DRG. Add-on payment, and lesser of 100% of billed charges. 100 percent of Medicare DRG. Add-on payment, and lesser of 100% of billed charges.",,,,,,,,,". 100 percent of Medicare DRG. Add-on payment, and lesser of 100% of billed charges. 100 percent of Medicare DRG. Add-on payment, and lesser of 100% of billed charges.",,,,,,,,,". 100 percent of Medicare DRG. Add-on payment, and lesser of 100% of billed charges. 100 percent of Medicare DRG. Add-on payment, and lesser of 100% of billed charges.",20247.22,,,,,,,Case Rate,". 100 percent of Medicaid DRG. Add-on payment, and lesser of 100% of billed charges. 100 percent of Medicaid DRG. Add-on payment, and lesser of 100% of billed charges.",45556.26,,,,,,,Case Rate,". 225 percent of Medicaid DRG. Add-on payment, and lesser of 225% of billed charges. 225 percent of Medicaid DRG. Add-on payment, and lesser of 225% of billed charges.",45556.26,,,,,,,Case Rate,". 225 percent of Medicaid DRG. Add-on payment, and lesser of 225% of billed charges. 225 percent of Medicaid DRG. Add-on payment, and lesser of 225% of billed charges.",45556.26,,,,,,,Case Rate,". 225 percent of Medicaid DRG. Add-on payment, and lesser of 225% of billed charges. 225 percent of Medicaid DRG. Add-on payment, and lesser of 225% of billed charges.",45556.26,,,,,,,Case Rate,". 225 percent of Medicaid DRG. Add-on payment, and lesser of 225% of billed charges. 225 percent of Medicaid DRG. Add-on payment, and lesser of 225% of billed charges.",45556.26,,,,,,,Case Rate,". 225 percent of Medicaid DRG. Add-on payment, and lesser of 225% of billed charges. 225 percent of Medicaid DRG. Add-on payment, and lesser of 225% of billed charges.",,,,,,,,,". 100 percent of Medicare DRG. Add-on payment, and lesser of 100% of billed charges. 100 percent of Medicare DRG. Add-on payment, and lesser of 100% of billed charges.",20247.22,,,,,,,Case Rate,". 100 percent of Medicaid DRG. Add-on payment, and lesser of 100% of billed charges. 100 percent of Medicaid DRG. Add-on payment, and lesser of 100% of billed charges.",20247.22,,,,,,,Case Rate,". 100 percent of Medicaid DRG. Add-on payment, and lesser of 100% of billed charges. 100 percent of Medicaid DRG. Add-on payment, and lesser of 100% of billed charges.",45556.26,,,,,,,Case Rate,". 225 percent of Medicaid DRG. Add-on payment, and lesser of 225% of billed charges. 225 percent of Medicaid DRG. Add-on payment, and lesser of 225% of billed charges.",45556.26,,,,,,,Case Rate,". 225 percent of Medicaid DRG. Add-on payment, and lesser of 225% of billed charges. 225 percent of Medicaid DRG. Add-on payment, and lesser of 225% of billed charges.",20247.22,,,,,,,Case Rate,". 100 percent of Medicaid DRG. Add-on payment, and lesser of 100% of billed charges. 100 percent of Medicaid DRG. Add-on payment, and lesser of 100% of billed charges.",20247.22,,,,,,,Case Rate,". 100 percent of Medicaid DRG. Add-on payment, and lesser of 100% of billed charges. 100 percent of Medicaid DRG. Add-on payment, and lesser of 100% of billed charges.",45556.26,,,,,,,Case Rate,". 225 percent of Medicaid DRG. Add-on payment, and lesser of 100% of billed charges. 225 percent of Medicaid DRG. Add-on payment, and lesser of 100% of billed charges.",,,,,,,,,". 100 percent of Medicare DRG. Add-on payment,  . 100 percent of Medicare DRG. Add-on payment,  .",,,,,,,,,". 100 percent of Medicare DRG. Add-on payment,  . 100 percent of Medicare DRG. Add-on payment,  .",,,,,,,,,". GMLOS + 8 Outlier per Diem $6,968.00. Add-on payment, and lesser of 100% of billed charges. GMLOS + 8 Outlier per Diem $6,968.00. Add-on payment, and lesser of 100% of billed charges.",,,,,,,,,". 100 percent of Medicare DRG. Add-on payment,  . 100 percent of Medicare DRG. Add-on payment,  .",45556.26,,,,,,,Case Rate,". 225 percent of Medicaid DRG. Add-on payment, and lesser of 225% of billed charges. 225 percent of Medicaid DRG. Add-on payment, and lesser of 225% of billed charges.",45556.26,,,,,,,Case Rate,". 225 percent of Medicaid DRG. Add-on payment, and lesser of 225% of billed charges. 225 percent of Medicaid DRG. Add-on payment, and lesser of 225% of billed charges.",20247.22,,,,,,,Case Rate,". 100 percent of Medicaid DRG. Add-on payment, and lesser of 100% of billed charges. 100 percent of Medicaid DRG. Add-on payment, and lesser of 100% of billed charges.",20247.22,,,,,,,Case Rate,". 100 percent of Medicaid DRG. Add-on payment, and lesser of 100% of billed charges. 100 percent of Medicaid DRG. Add-on payment, and lesser of 100% of billed charges.",32585.76,,,,,,,Case Rate,". 225 percent of Medicaid DRG. Add-on payment, and lesser of 225% of billed charges. 225 percent of Medicaid DRG. Add-on payment, and lesser of 225% of billed charges.",20247.22,,,,,,,Case Rate,". 100 percent of Medicaid DRG. Add-on payment, and lesser of 100% of billed charges. 100 percent of Medicaid DRG. Add-on payment, and lesser of 100% of billed charges.",58716.95,,,,,,,Case Rate,". 290 percent of Medicaid DRG. Add-on payment, and lesser of 100% of billed charges. 290 percent of Medicaid DRG. Add-on payment, and lesser of 100% of billed charges.",58716.95,,,,,,,Case Rate,". 290 percent of Medicaid DRG. Add-on payment, and lesser of 100% of billed charges. 290 percent of Medicaid DRG. Add-on payment, and lesser of 100% of billed charges.",58716.95,,,,,,,Case Rate,". 290 percent of Medicaid DRG. Add-on payment, and lesser of 100% of billed charges. 290 percent of Medicaid DRG. Add-on payment, and lesser of 100% of billed charges.",58716.95,,,,,,,Case Rate,". 290 percent of Medicaid DRG. Add-on payment, and lesser of 100% of billed charges. 290 percent of Medicaid DRG. Add-on payment, and lesser of 100% of billed charges.",,,,,,,,," ",,,,,,,,,".  ",27333.75,,,,,,,Case Rate,"135% of Medicaid EP 1 and 2, 100% of medicaid EP 3 and 4.  ",27333.75,,,,,,,Case Rate,"135% of Medicaid EP 1 and 2, 100% of medicaid EP 3 and 4.  ",20247.22,,,,,,,Case Rate,". 100 percent of Medicaid DRG. Add-on payment, and lesser of 100% of billed charges. 100 percent of Medicaid DRG. Add-on payment, and lesser of 100% of billed charges.",20247.22,,,,,,,Case Rate,". 100 percent of Medicaid DRG. Add-on payment, and lesser of 100% of billed charges. 100 percent of Medicaid DRG. Add-on payment, and lesser of 100% of billed charges.",,,,,,,,,".  ",,,,,,,,,".  ",,,,,,,,,". 100 percent of Medicare DRG. Add-on payment,  . 100 percent of Medicare DRG. Add-on payment,  .",,,,,,,,,".  ",,,,,,,,,".  ",,,,,,,,,".  ",,,,,,,,,".  ",,,,,,,,,". 100 percent of Medicare DRG. Add-on payment,  . 100 percent of Medicare DRG. Add-on payment,  .",,,,,,,,,".  ",,,,,,,,,".  ",,,,,,,,,". GMLOS + 8 Outlier per Diem $6,968.00. Add-on payment, and lesser of 100% of billed charges. GMLOS + 8 Outlier per Diem $6,968.00. Add-on payment, and lesser of 100% of billed charges.",20247.22,,,,,,,Case Rate,". 100 percent of Medicaid DRG. Add-on payment, and lesser of 100% of billed charges. 100 percent of Medicaid DRG. Add-on payment, and lesser of 100% of billed charges.",20247.22,,,,,,,Case Rate,". 100 percent of Medicaid DRG. Add-on payment, and lesser of 100% of billed charges. 100 percent of Medicaid DRG. Add-on payment, and lesser of 100% of billed charges.",45556.26,,,,,,,Case Rate,". 225 percent of Medicaid DRG. Add-on payment, and lesser of 225% of billed charges. 225 percent of Medicaid DRG. Add-on payment, and lesser of 225% of billed charges.",32585.76,,,,,,,Case Rate,". 225 percent of Medicaid DRG. Add-on payment, and lesser of 225% of billed charges. 225 percent of Medicaid DRG. Add-on payment, and lesser of 225% of billed charges.",20247.22,,,,,,,Case Rate,". 100 percent of Medicaid DRG. Add-on payment, and lesser of 100% of billed charges. 100 percent of Medicaid DRG. Add-on payment, and lesser of 100% of billed charges.",45556.26,,,,,,,Case Rate,". 225 percent of Medicaid DRG. Add-on payment, and lesser of 225% of billed charges. 225 percent of Medicaid DRG. Add-on payment, and lesser of 225% of billed charges.",45556.26,,,,,,,Case Rate,". 225 percent of Medicaid DRG. Add-on payment, and lesser of 225% of billed charges. 225 percent of Medicaid DRG. Add-on payment, and lesser of 225% of billed charges.",45556.26,,,,,,,Case Rate,". 225 percent of Medicaid DRG. Add-on payment, and lesser of 225% of billed charges. 225 percent of Medicaid DRG. Add-on payment, and lesser of 225% of billed charges.",45556.26,,,,,,,Case Rate,". 225 percent of Medicaid DRG. Add-on payment, and lesser of 225% of billed charges. 225 percent of Medicaid DRG. Add-on payment, and lesser of 225% of billed charges.",45556.26,,,,,,,Case Rate,". 225 percent of Medicaid DRG. Add-on payment, and lesser of 225% of billed charges. 225 percent of Medicaid DRG. Add-on payment, and lesser of 225% of billed charges.",45556.26,,,,,,,Case Rate,". 225 percent of Medicaid DRG. Add-on payment, and lesser of 225% of billed charges. 225 percent of Medicaid DRG. Add-on payment, and lesser of 225% of billed charges.",,,,,,,,," ",,,,,,,,," ",,,,,,,,," ",,,,,,,,,".  ",,,,,,,,," ",,,,,,,,,". 100 percent of Medicare DRG. Add-on payment,  . 100 percent of Medicare DRG. Add-on payment,  .",,,,,,,,,".  ",,,,,,,,,". 100 percent of Medicare DRG. Add-on payment,  . 100 percent of Medicare DRG. Add-on payment,  .",,,,,,,,,". 100 percent of Medicare DRG. Add-on payment,  . 100 percent of Medicare DRG. Add-on payment,  .",27333.75,,,,,,,Case Rate,"135% of Medicaid EP 1 and 2, 100% of medicaid EP 3 and 4.  ",27333.75,,,,,,,Case Rate,"135% of Medicaid EP 1 and 2, 100% of medicaid EP 3 and 4.  ",20247.22,,,,,,,Case Rate,". 100 percent of Medicaid DRG. Add-on payment, and lesser of 100% of billed charges. 100 percent of Medicaid DRG. Add-on payment, and lesser of 100% of billed charges.",20247.22,,,,,,,Case Rate,". 100 percent of Medicaid DRG. Add-on payment, and lesser of 100% of billed charges. 100 percent of Medicaid DRG. Add-on payment, and lesser of 100% of billed charges.",20247.22,,,,,,,Case Rate,". 100 percent of Medicaid DRG. Add-on payment, and lesser of 100% of billed charges. 100 percent of Medicaid DRG. Add-on payment, and lesser of 100% of billed charges.",,,,,,,,," ",,,,,,,,,". GMLOS + 8 Outlier per Diem $6,968.00. Add-on payment, and lesser of 100% of billed charges. GMLOS + 8 Outlier per Diem $6,968.00. Add-on payment, and lesser of 100% of billed charges.",,,,,,,,," ",,,,,,,,,".  ",,,,,,,,,". 100 percent of Medicare DRG. Add-on payment, . 100 percent of Medicare DRG. Add-on payment, .",,,,,,,,,". 100 percent of Medicare DRG. Add-on payment,  . 100 percent of Medicare DRG. Add-on payment,  .",,,,,,,,,". 100 percent of Medicare DRG. Add-on payment,  . 100 percent of Medicare DRG. Add-on payment,  .",,,,,,,,,". 100 percent of Medicare DRG. Add-on payment,  . 100 percent of Medicare DRG. Add-on payment,  .",,,,,,,,,". 100 percent of Medicare DRG. Add-on payment, . 100 percent of Medicare DRG. Add-on payment, .",,,,,,,,,". 100 percent of Medicare DRG. Add-on payment,  . 100 percent of Medicare DRG. Add-on payment,  .",,,,,,,,," ",45556.26,,,,,,,Case Rate,". 225 percent of Medicaid DRG. Add-on payment, and lesser of 225% of billed charges. 225 percent of Medicaid DRG. Add-on payment, and lesser of 225% of billed charges.",20247.22,,,,,,,Case Rate,". 100 percent of Medicaid DRG. Add-on payment, and lesser of 100% of billed charges. 100 percent of Medicaid DRG. Add-on payment, and lesser of 100% of billed charges.",,,,,,,,,".  ",,,,,,,,," ",,,,,,,,," ",,,,,,,,," ",,,,,,,,," ",,,,,,,,,". 100 percent of Medicare DRG. Add-on payment,  . 100 percent of Medicare DRG. Add-on payment,  .",20247.22,,,,,,,Case Rate,". 100 percent of Medicaid DRG. Add-on payment, and lesser of 100% of billed charges. 100 percent of Medicaid DRG. Add-on payment, and lesser of 100% of billed charges.",,,,,,,,,".  ",20247.22,,,,,,,Case Rate,". 100 percent of Medicaid DRG. Add-on payment, and lesser of 100% of billed charges. 100 percent of Medicaid DRG. Add-on payment, and lesser of 100% of billed charges.",,,,,,,,,". 100 percent of Medicare DRG. Add-on payment,  . 100 percent of Medicare DRG. Add-on payment,  .",20247.22,,,,,,,Case Rate,". 100 percent of Medicaid DRG. Add-on payment, and lesser of 100% of billed charges. 100 percent of Medicaid DRG. Add-on payment, and lesser of 100% of billed charges.",,,,,,,,,". 100 percent of Medicare DRG. Add-on payment,  . 100 percent of Medicare DRG. Add-on payment,  .",,,,,,,,,". 100 percent of Medicare DRG. Add-on payment,  . 100 percent of Medicare DRG. Add-on payment,  .",20247.22,,,,,,,Case Rate,". 100 percent of Medicaid DRG. Add-on payment, and lesser of 100% of billed charges. 100 percent of Medicaid DRG. Add-on payment, and lesser of 100% of billed charges.",20247.22,,,,,,,Case Rate,". 100 percent of Medicaid DRG. Add-on payment, and lesser of 100% of billed charges. 100 percent of Medicaid DRG. Add-on payment, and lesser of 100% of billed charges.",,,,,,,,," ",,,,,,,,,".  ",,73,,,,,0,Percent of total billed charges,73 percent of charges.  ; No services were performed during the 15 month look back period.,,,,,,,,,".  ",,,,,,,,,".  ",,,,,,,,,". GMLOS + 8 Outlier per Diem $6,968.00. Add-on payment, and lesser of 100% of billed charges. GMLOS + 8 Outlier per Diem $6,968.00. Add-on payment, and lesser of 100% of billed charges.",,,,,,,,,". 93 percent of Medicare DRG. Add-on payment, and lesser of 100% of billed charges. 93 percent of Medicare DRG. Add-on payment, and lesser of 100% of billed charges.",,,,,,,,," ",,,,,,,,," ",,,,,,,,,".  ",,,,,,,,,".  ",,,,,,,,,". 100 percent of Medicare DRG. Add-on payment,  . 100 percent of Medicare DRG. Add-on payment,  .",,,,,,,,,". 100 percent of Medicare DRG. Add-on payment,  . 100 percent of Medicare DRG. Add-on payment,  .",,,,,,,,,". 100 percent of Medicare DRG. Add-on payment,  . 100 percent of Medicare DRG. Add-on payment,  .",,,,,,,,,". 100 percent of Medicare DRG. Add-on payment,  . 100 percent of Medicare DRG. Add-on payment,  .",,,,,,,,,".  ",,,,,,,,,".  ",,,,,,,,,".  ",,,,,,,,,". 100 percent of Medicare DRG. Add-on payment,  . 100 percent of Medicare DRG. Add-on payment,  .",,,,,,,,,".  ",,,,,,,,," ",20247.22,,,,,,,Case Rate,". 100 percent of Medicaid DRG. Add-on payment, and lesser of 100% of billed charges. 100 percent of Medicaid DRG. Add-on payment, and lesser of 100% of billed charges.",20247.22,,,,,,,Case Rate,". 100 percent of Medicaid DRG. Add-on payment, and lesser of 100% of billed charges. 100 percent of Medicaid DRG. Add-on payment, and lesser of 100% of billed charges.",,,,,,,,," ",,,,,,,,,".  ",,,,,,,,,".  ",,,,,,,,,".  ",,,,,,,,,".  ",,,,,,,,,". 100 percent of Medicare DRG. Add-on payment, . 100 percent of Medicare DRG. Add-on payment, .",21259.59,,,,,,,Case Rate,". 105 percent of Medicaid DRG. Add-on payment, and lesser of 100% of billed charges. 105 percent of Medicaid DRG. Add-on payment, and lesser of 100% of billed charges.",21259.59,,,,,,,Case Rate,". 105 percent of Medicaid DRG. Add-on payment, and lesser of 100% of billed charges. 105 percent of Medicaid DRG. Add-on payment, and lesser of 100% of billed charges.",21259.59,,,,,,,Case Rate,". 105 percent of Medicaid DRG. Add-on payment, and lesser of 100% of billed charges. 105 percent of Medicaid DRG. Add-on payment, and lesser of 100% of billed charges.",21259.59,,,,,,,Case Rate,". 105 percent of Medicaid DRG. Add-on payment, and lesser of 100% of billed charges. 105 percent of Medicaid DRG. Add-on payment, and lesser of 100% of billed charges.",,,,,,,,,".  ",21259.59,,,,,,,Case Rate,". 105 percent of Medicaid DRG. Add-on payment, and lesser of 100% of billed charges. 105 percent of Medicaid DRG. Add-on payment, and lesser of 100% of billed charges.",21259.59,,,,,,,Case Rate,". 105 percent of Medicaid DRG. Add-on payment, and lesser of 100% of billed charges. 105 percent of Medicaid DRG. Add-on payment, and lesser of 100% of billed charges.",21259.59,,,,,,,Case Rate,". 105 percent of Medicaid DRG. Add-on payment, and lesser of 100% of billed charges. 105 percent of Medicaid DRG. Add-on payment, and lesser of 100% of billed charges.",21259.59,,,,,,,Case Rate,". 105 percent of Medicaid DRG. Add-on payment, and lesser of 100% of billed charges. 105 percent of Medicaid DRG. Add-on payment, and lesser of 100% of billed charges.",21259.59,,,,,,,Case Rate,". 105 percent of Medicaid DRG. Add-on payment, and lesser of 100% of billed charges. 105 percent of Medicaid DRG. Add-on payment, and lesser of 100% of billed charges.",21259.59,,,,,,,Case Rate,". 105 percent of Medicaid DRG. Add-on payment, and lesser of 100% of billed charges. 105 percent of Medicaid DRG. Add-on payment, and lesser of 100% of billed charges.",21259.59,,,,,,,Case Rate,". 105 percent of Medicaid DRG. Add-on payment, and lesser of 100% of billed charges. 105 percent of Medicaid DRG. Add-on payment, and lesser of 100% of billed charges.",,,,,,,,,". 100 percent of Medicare DRG. Add-on payment,  . 100 percent of Medicare DRG. Add-on payment,  .",,,,,,,,,".  ",,,,,,,,,". 100 percent of Medicare DRG. Add-on payment,  . 100 percent of Medicare DRG. Add-on payment,  .",21259.59,,,,,,,Case Rate,". 105 percent of Medicaid DRG. Add-on payment, and lesser of 100% of billed charges. 105 percent of Medicaid DRG. Add-on payment, and lesser of 100% of billed charges.",,,,,,,,,".  ",,,,,,,,,". 100 percent of Medicare DRG. Add-on payment,  . 100 percent of Medicare DRG. Add-on payment,  .",,,,,,,,,".  ",,,,,,,,,".  ",,,,,,,,,".  ",21259.59,,,,,,,Case Rate,". 105 percent of Medicaid DRG. Add-on payment, and lesser of 100% of billed charges. 105 percent of Medicaid DRG. Add-on payment, and lesser of 100% of billed charges.",,,,,,,,,". 100 percent of Medicare DRG. Add-on payment,  . 100 percent of Medicare DRG. Add-on payment,  .",,,,,,,,,".  ",21259.59,,,,,,,Case Rate,". 105 percent of Medicaid DRG. Add-on payment, and lesser of 100% of billed charges. 105 percent of Medicaid DRG. Add-on payment, and lesser of 100% of billed charges.",,,,,,,,,".  ",,,,,,,,,". Delay in Discharge per diem $4,975 Delay in Discharge per diem $4,975",,,,,,,,,". 100 percent of Medicare DRG. Add-on payment, . 100 percent of Medicare DRG. Add-on payment, .",,,,,,,,," ",,,,,,,,," ",,,,,,,,," ",,,,,,,,," ",,,,,,,,," ",,,,,,,,," ",,,,,,,,," ",,,,,,,,," ",,,,,,,,," ",,,,,,,,," ",,,,,,,,," ",,,,,,,,," ",,,,,,,,,". 100 percent of Medicare DRG. Add-on payment,  . 100 percent of Medicare DRG. Add-on payment,  .",,,,,,,,," ",,,,,,,,,". 100 percent of Medicare DRG. Add-on payment,  . 100 percent of Medicare DRG. Add-on payment,  .",45556.26,,,,,,,Case Rate,". 225 percent of Medicaid DRG. Add-on payment, and lesser of 225% of billed charges. 225 percent of Medicaid DRG. Add-on payment, and lesser of 225% of billed charges.",20247.22,,,,,,,Case Rate,". 100 percent of Medicaid DRG. Add-on payment, and lesser of 100% of billed charges. 100 percent of Medicaid DRG. Add-on payment, and lesser of 100% of billed charges.",,,,,,,,,".  ",,,,,,,,,".  ",,,,,,,,,". 100 percent of Medicare DRG. Add-on payment,  . 100 percent of Medicare DRG. Add-on payment,  .",,,,,,,,," ",,,,,,,,,". 100 percent of Medicare DRG. Add-on payment,  . 100 percent of Medicare DRG. Add-on payment,  .",,,,,,,,,". 100 percent of Medicare DRG. Add-on payment,  . 100 percent of Medicare DRG. Add-on payment,  .",,,,,,,,,". GMLOS + 8 Outlier per Diem $6,968.00. Add-on payment, and lesser of 100% of billed charges. GMLOS + 8 Outlier per Diem $6,968.00. Add-on payment, and lesser of 100% of billed charges.",,,,,,,,,". 100 percent of Medicare DRG. Add-on payment,  . 100 percent of Medicare DRG. Add-on payment,  .",,,,,,,,,".  ",,,,,,,,,". 100 percent of Medicare DRG. Add-on payment,  . 100 percent of Medicare DRG. Add-on payment,  .",,,,,,,,,".  ",,,,,,,,,". GMLOS + 8 Outlier per Diem $6,968.00. Add-on payment, and lesser of 100% of billed charges. GMLOS + 8 Outlier per Diem $6,968.00. Add-on payment, and lesser of 100% of billed charges.",,,,,,,,,".  ",,,,,,,,,". 100 percent of Medicare DRG. Add-on payment,  . 100 percent of Medicare DRG. Add-on payment,  .",20247.22,,,,,,,Case Rate,". 100 percent of Medicaid DRG. Add-on payment, and lesser of 100% of billed charges. 100 percent of Medicaid DRG. Add-on payment, and lesser of 100% of billed charges.",,,,,,,,,". 100 percent of Medicare DRG. Add-on payment,  . 100 percent of Medicare DRG. Add-on payment,  .",,,,,,,,,".  ",,,,,,,,,".  ",20247.22,,,,,,,Case Rate,". 100 percent of Medicaid DRG. Add-on payment, and lesser of 100% of billed charges. 100 percent of Medicaid DRG. Add-on payment, and lesser of 100% of billed charges.",,,,,,,,,".  ",20247.22,,,,,,,Case Rate,". 100 percent of Medicaid DRG. Add-on payment, and lesser of 100% of billed charges. 100 percent of Medicaid DRG. Add-on payment, and lesser of 100% of billed charges.",20247.22,,,,,,,Case Rate,". 100 percent of Medicaid DRG. Add-on payment, and lesser of 100% of billed charges. 100 percent of Medicaid DRG. Add-on payment, and lesser of 100% of billed charges.",,,,,,,,,".  ",,,,,,,,,".  ",,,,,,,,,".  ",,,,,,,,,".  ",,,,,,,,,".  ",,,,,,,,,".  ",,,,,,,,,".  ",,,,,,,,," ",,,,,,,,," ",,,,,,,,," ",20247.22,,,,,,,Case Rate,". 100 percent of Medicaid DRG. Add-on payment, and lesser of 100% of billed charges. 100 percent of Medicaid DRG. Add-on payment, and lesser of 100% of billed charges.",,,,,,,,,".  ",,,,,,,,,".  ",,,,,,,,,". GMLOS + 8 Outlier per Diem $6,968.00. Add-on payment, and lesser of 100% of billed charges. GMLOS + 8 Outlier per Diem $6,968.00. Add-on payment, and lesser of 100% of billed charges.",,,,,,,,,".  ",,,,,,,,,". GMLOS + 8 Outlier per Diem $6,968.00. Add-on payment, and lesser of 100% of billed charges. GMLOS + 8 Outlier per Diem $6,968.00. Add-on payment, and lesser of 100% of billed charges.",,,,,,,,,".  ",,,,,,,,,".  ",,,,,,,,,".  ",,,,,,,,,".  ",,,,,,,,,".  ",,,,,,,,,". 100 percent of Medicare DRG. Add-on payment,  . 100 percent of Medicare DRG. Add-on payment,  .",14482.56,58716.95,
APR190-3,DRG,,,,,APR190-3 ACUTE MYOCARDIAL INFARCTION,,,Inpatient,,,,,,,,,,,,".  ",,,,,,,,,".  ",,,,,,,,,". GMLOS + 8 Outlier per Diem $6,968.00. Add-on payment, and lesser of 100% of billed charges. GMLOS + 8 Outlier per Diem $6,968.00. Add-on payment, and lesser of 100% of billed charges.",,100,,,,,0,Percent of total billed charges,100 percent of charges.  ; No services were performed during the 15 month look back period.,,,,,,,,,". 100 percent of Medicare DRG. Add-on payment,  . 100 percent of Medicare DRG. Add-on payment,  .",,,,,,,,,". GMLOS + 8 Outlier per Diem $6,968.00. Add-on payment, and lesser of 100% of billed charges. GMLOS + 8 Outlier per Diem $6,968.00. Add-on payment, and lesser of 100% of billed charges.",,,,,,,,,". GMLOS + 8 Outlier per Diem $6,968.00. Add-on payment, and lesser of 100% of billed charges. GMLOS + 8 Outlier per Diem $6,968.00. Add-on payment, and lesser of 100% of billed charges.",,,,,,,,,". GMLOS + 8 Outlier per Diem $6,968.00. Add-on payment, and lesser of 100% of billed charges. GMLOS + 8 Outlier per Diem $6,968.00. Add-on payment, and lesser of 100% of billed charges.",28281.07,,,,,,,Case Rate,". 155 percent of Medicaid DRG. Add-on payment, and lesser of 100% of billed charges. 155 percent of Medicaid DRG. Add-on payment, and lesser of 100% of billed charges.",18245.85,,,,,,,Case Rate,". 100 percent of Medicaid DRG. Add-on payment, and lesser of 100% of billed charges. 100 percent of Medicaid DRG. Add-on payment, and lesser of 100% of billed charges.",,73,,,,,0,Percent of total billed charges,73 percent of charges.  ; No services were performed during the 15 month look back period.,,,,,,,,,".  ",18245.85,,,,,,,Case Rate,". 100 percent of Medicaid DRG. Add-on payment, and lesser of 100% of billed charges. 100 percent of Medicaid DRG. Add-on payment, and lesser of 100% of billed charges.",,,,,,,,,". 100 percent of Medicare DRG. Add-on payment,  . 100 percent of Medicare DRG. Add-on payment,  .",,,,,,,,,".  ",,,,,,,,,".  ",,,,,,,,,".  ",,,,,,,,,".  ",18245.85,,,,,,,Case Rate,". 100 percent of Medicaid DRG. Add-on payment, and lesser of 100% of billed charges. 100 percent of Medicaid DRG. Add-on payment, and lesser of 100% of billed charges.",,,,,,,,,". 100 percent of Medicare DRG. Add-on payment,  . 100 percent of Medicare DRG. Add-on payment,  .",18245.85,,,,,,,Case Rate,". 100 percent of Medicaid DRG. Add-on payment, and lesser of 100% of billed charges. 100 percent of Medicaid DRG. Add-on payment, and lesser of 100% of billed charges.",,73,,,,,0,Percent of total billed charges,73 percent of charges.  ; No services were performed during the 15 month look back period.,,,,,,,,,". GMLOS + 8 Outlier per Diem $6,968.00. Add-on payment, and lesser of 100% of billed charges. GMLOS + 8 Outlier per Diem $6,968.00. Add-on payment, and lesser of 100% of billed charges.",,,,,,,,,". 100 percent of Medicare DRG. Add-on payment, and lesser of 100% of billed charges. 100 percent of Medicare DRG. Add-on payment, and lesser of 100% of billed charges.",,,,,,,,," ",,,,,,,,,". 100 percent of Medicare DRG. Add-on payment, and lesser of 100% of billed charges. 100 percent of Medicare DRG. Add-on payment, and lesser of 100% of billed charges.",,,,,,,,,". 100 percent of Medicare DRG. Add-on payment, and lesser of 100% of billed charges. 100 percent of Medicare DRG. Add-on payment, and lesser of 100% of billed charges.",,73,,,,,0,Percent of total billed charges,73 percent of charges.  ; No services were performed during the 15 month look back period.,18245.85,,,,,,,Case Rate,". 100 percent of Medicaid DRG. Add-on payment, and lesser of 100% of billed charges. 100 percent of Medicaid DRG. Add-on payment, and lesser of 100% of billed charges.",18245.85,,,,,,,Case Rate,". 100 percent of Medicaid DRG. Add-on payment, and lesser of 100% of billed charges. 100 percent of Medicaid DRG. Add-on payment, and lesser of 100% of billed charges.",18245.85,,,,,,,Case Rate,". 100 percent of Medicaid DRG. Add-on payment, and lesser of 100% of billed charges. 100 percent of Medicaid DRG. Add-on payment, and lesser of 100% of billed charges.",18245.85,,,,,,,Case Rate,". 100 percent of Medicaid DRG. Add-on payment, and lesser of 100% of billed charges. 100 percent of Medicaid DRG. Add-on payment, and lesser of 100% of billed charges.",,,,,,,,," ",,,,,,,,," ",18245.85,,,,,,,Case Rate,". 100 percent of Medicaid DRG. Add-on payment, and lesser of 100% of billed charges. 100 percent of Medicaid DRG. Add-on payment, and lesser of 100% of billed charges.",,,,,,,,," ",18245.85,,,,,,,Case Rate,". 100 percent of Medicaid DRG. Add-on payment, and lesser of 100% of billed charges. 100 percent of Medicaid DRG. Add-on payment, and lesser of 100% of billed charges.",,,,,,,,,". 100 percent of Medicare DRG. Add-on payment, . 100 percent of Medicare DRG. Add-on payment, .",,,,,,,,," ",,73,,,,,0,Percent of total billed charges,73 percent of charges.  ; No services were performed during the 15 month look back period.,18245.85,,,,,,,Case Rate,". 100 percent of Medicaid DRG. Add-on payment, and lesser of 100% of billed charges. 100 percent of Medicaid DRG. Add-on payment, and lesser of 100% of billed charges.",18245.85,,,,,,,Case Rate,". 100 percent of Medicaid DRG. Add-on payment, and lesser of 100% of billed charges. 100 percent of Medicaid DRG. Add-on payment, and lesser of 100% of billed charges.",,73,,,,,0,Percent of total billed charges,73 percent of charges.  ; No services were performed during the 15 month look back period.,,,,,,,,,".  ",,,,,,,,,".  ",,,,,,,,,".  ",,73,,,,,0,Percent of total billed charges,73 percent of charges.  ; No services were performed during the 15 month look back period.,,,,,,,,,". 100 percent of Medicare DRG. Add-on payment,  . 100 percent of Medicare DRG. Add-on payment,  .",,,,,,,,,".  ",,,,,,,,,".  ",,,,,,,,,".  ",,,,,,,,,". 100 percent of Medicare DRG. Add-on payment,  . 100 percent of Medicare DRG. Add-on payment,  .",,,,,,,,,".  ",,,,,,,,,".  ",,,,,,,,,". 100 percent of Medicare DRG. Add-on payment, and lesser of 100% of billed charges. 100 percent of Medicare DRG. Add-on payment, and lesser of 100% of billed charges.",,,,,,,,,".  ",,,,,,,,,".  ",,,,,,,,,".  ",,,,,,,,,".  ",,,,,,,,,".  ",,,,,,,,,".  ",,,,,,,,,".  ",,,,,,,,,". 100 percent of Medicare DRG. Add-on payment,  . 100 percent of Medicare DRG. Add-on payment,  .",,,,,,,,,". 100 percent of Medicare DRG. Add-on payment,  . 100 percent of Medicare DRG. Add-on payment,  .",,,,,,,,,".  ",,73,,,,,0,Percent of total billed charges,73 percent of charges.  ; No services were performed during the 15 month look back period.,,73,,,,,0,Percent of total billed charges,73 percent of charges.  ; No services were performed during the 15 month look back period.,,73,,,,,0,Percent of total billed charges,73 percent of charges.  ; No services were performed during the 15 month look back period.,,73,,,,,0,Percent of total billed charges,73 percent of charges.  ; No services were performed during the 15 month look back period.,,73,,,,,0,Percent of total billed charges,73 percent of charges.  ; No services were performed during the 15 month look back period.,,73,,,,,0,Percent of total billed charges,73 percent of charges.  ; No services were performed during the 15 month look back period.,,73,,,,,0,Percent of total billed charges,73 percent of charges.  ; No services were performed during the 15 month look back period.,,73,,,,,0,Percent of total billed charges,73 percent of charges.  ; No services were performed during the 15 month look back period.,,73,,,,,0,Percent of total billed charges,73 percent of charges.  ; No services were performed during the 15 month look back period.,,73,,,,,0,Percent of total billed charges,73 percent of charges.  ; No services were performed during the 15 month look back period.,,73,,,,,0,Percent of total billed charges,73 percent of charges.  ; No services were performed during the 15 month look back period.,,73,,,,,0,Percent of total billed charges,73 percent of charges.  ; No services were performed during the 15 month look back period.,,73,,,,,0,Percent of total billed charges,73 percent of charges.  ; No services were performed during the 15 month look back period.,,73,,,,,0,Percent of total billed charges,73 percent of charges.  ; No services were performed during the 15 month look back period.,,73,,,,,0,Percent of total billed charges,73 percent of charges.  ; No services were performed during the 15 month look back period.,,73,,,,,0,Percent of total billed charges,73 percent of charges.  ; No services were performed during the 15 month look back period.,,73,,,,,0,Percent of total billed charges,73 percent of charges.  ; No services were performed during the 15 month look back period.,,73,,,,,0,Percent of total billed charges,73 percent of charges.  ; No services were performed during the 15 month look back period.,,73,,,,,0,Percent of total billed charges,73 percent of charges.  ; No services were performed during the 15 month look back period.,,73,,,,,0,Percent of total billed charges,73 percent of charges.  ; No services were performed during the 15 month look back period.,,73,,,,,0,Percent of total billed charges,73 percent of charges.  ; No services were performed during the 15 month look back period.,,73,,,,,0,Percent of total billed charges,73 percent of charges.  ; No services were performed during the 15 month look back period.,,73,,,,,0,Percent of total billed charges,73 percent of charges.  ; No services were performed during the 15 month look back period.,,73,,,,,0,Percent of total billed charges,73 percent of charges.  ; No services were performed during the 15 month look back period.,,73,,,,,0,Percent of total billed charges,73 percent of charges.  ; No services were performed during the 15 month look back period.,,73,,,,,0,Percent of total billed charges,73 percent of charges.  ; No services were performed during the 15 month look back period.,,,,,,,,," ",,,,,,,,," ",,,,,,,,," ",,,,,,,,," ",,,,,,,,," ",,,,,,,,," ",,,,,,,,,".  ",,,,,,,,,".  ",,,,,,,,,".  ",,,,,,,,,".  ",,73,,,,,0,Percent of total billed charges,73 percent of charges.  ; No services were performed during the 15 month look back period.,,,,,,,,," ",,,,,,,,,".  ",,,,,,,,,".  ",,,,,,,,,".  ",,,,,,,,," ",,73,,,,,0,Percent of total billed charges,73 percent of charges.  ; No services were performed during the 15 month look back period.,18245.85,,,,,,,Case Rate,". 100 percent of Medicaid DRG. Add-on payment, and lesser of 100% of billed charges. 100 percent of Medicaid DRG. Add-on payment, and lesser of 100% of billed charges.",,,,,,,,," ",18245.85,,,,,,,Case Rate,". 100 percent of Medicaid DRG. Add-on payment, and lesser of 100% of billed charges. 100 percent of Medicaid DRG. Add-on payment, and lesser of 100% of billed charges.",,,,,,,,,". 100 percent of Medicare DRG. Add-on payment, . 100 percent of Medicare DRG. Add-on payment, .",,,,,,,,,". 100 percent of Medicare DRG. Add-on payment,  . 100 percent of Medicare DRG. Add-on payment,  .",,,,,,,,,".  ",,,,,,,,,". 100 percent of Medicare DRG. Add-on payment,  . 100 percent of Medicare DRG. Add-on payment,  .",,,,,,,,,". 100 percent of Medicare DRG. Add-on payment,  . 100 percent of Medicare DRG. Add-on payment,  .",18245.85,,,,,,,Case Rate,". 100 percent of Medicaid DRG. Add-on payment, and lesser of 100% of billed charges. 100 percent of Medicaid DRG. Add-on payment, and lesser of 100% of billed charges.",,,,,,,,,". 100 percent of Medicare DRG. Add-on payment,  . 100 percent of Medicare DRG. Add-on payment,  .",,,,,,,,,". 100 percent of Medicare DRG. Add-on payment,  . 100 percent of Medicare DRG. Add-on payment,  .",,,,,,,,,". GMLOS + 8 Outlier per Diem $6,968.00. Add-on payment, and lesser of 100% of billed charges. GMLOS + 8 Outlier per Diem $6,968.00. Add-on payment, and lesser of 100% of billed charges.",,,,,,,,,". GMLOS + 8 Outlier per Diem $6,968.00. Add-on payment, and lesser of 100% of billed charges. GMLOS + 8 Outlier per Diem $6,968.00. Add-on payment, and lesser of 100% of billed charges.",,,,,,,,,". 100 percent of Medicare DRG. Add-on payment,  . 100 percent of Medicare DRG. Add-on payment,  .",,,,,,,,,".  ",,,,,,,,,".  ",,,,,,,,,".  ",,,,,,,,,". 100 percent of Medicare DRG. Add-on payment,  . 100 percent of Medicare DRG. Add-on payment,  .",,,,,,,,,".  ",,,,,,,,,". GMLOS + 8 Outlier per Diem $6,968.00. Add-on payment, and lesser of 100% of billed charges. GMLOS + 8 Outlier per Diem $6,968.00. Add-on payment, and lesser of 100% of billed charges.",,,,,,,,,". GMLOS + 8 Outlier per Diem $6,968.00. Add-on payment, and lesser of 100% of billed charges. GMLOS + 8 Outlier per Diem $6,968.00. Add-on payment, and lesser of 100% of billed charges.",,,,,,,,,". GMLOS + 8 Outlier per Diem $6,968.00. Add-on payment, and lesser of 100% of billed charges. GMLOS + 8 Outlier per Diem $6,968.00. Add-on payment, and lesser of 100% of billed charges.",,73,,,,,0,Percent of total billed charges,73 percent of charges.  ; No services were performed during the 15 month look back period.,,73,,,,,0,Percent of total billed charges,73 percent of charges.  ; No services were performed during the 15 month look back period.,,73,,,,,0,Percent of total billed charges,73 percent of charges.  ; No services were performed during the 15 month look back period.,,73,,,,,0,Percent of total billed charges,73 percent of charges.  ; No services were performed during the 15 month look back period.,,73,,,,,0,Percent of total billed charges,73 percent of charges.  ; No services were performed during the 15 month look back period.,,73,,,,,0,Percent of total billed charges,73 percent of charges.  ; No services were performed during the 15 month look back period.,,73,,,,,0,Percent of total billed charges,73 percent of charges.  ; No services were performed during the 15 month look back period.,,73,,,,,0,Percent of total billed charges,73 percent of charges.  ; No services were performed during the 15 month look back period.,,73,,,,,0,Percent of total billed charges,73 percent of charges.  ; No services were performed during the 15 month look back period.,,73,,,,,0,Percent of total billed charges,73 percent of charges.  ; No services were performed during the 15 month look back period.,,73,,,,,0,Percent of total billed charges,73 percent of charges.  ; No services were performed during the 15 month look back period.,,,,,,,,," ",,,,,,,,,".  ",,,,,,,,,".  ",,,,,,,,,". 100 percent of Medicare DRG. Add-on payment,  . 100 percent of Medicare DRG. Add-on payment,  .",,,,,,,,,". GMLOS + 8 Outlier per Diem $6,968.00. Add-on payment, and lesser of 100% of billed charges. GMLOS + 8 Outlier per Diem $6,968.00. Add-on payment, and lesser of 100% of billed charges.",,,,,,,,,".  ",,,,,,,,,".  ",,73,,,,,0,Percent of total billed charges,73 percent of charges.  ; No services were performed during the 15 month look back period.,36491.7,,,,,,,Case Rate,". 200 percent of Medicaid DRG. Add-on payment, and lesser of 200% of billed charges. 200 percent of Medicaid DRG. Add-on payment, and lesser of 200% of billed charges.",,,,,,,,,".  ",18245.85,,,,,,,Case Rate,". 100 percent of Medicaid DRG. Add-on payment, and lesser of 100% of billed charges. 100 percent of Medicaid DRG. Add-on payment, and lesser of 100% of billed charges.",,,,,,,,,". 100 percent of Medicare DRG. Add-on payment,  . 100 percent of Medicare DRG. Add-on payment,  .",,,,,,,,,". 100 percent of Medicare DRG. Add-on payment,  . 100 percent of Medicare DRG. Add-on payment,  .",,,,,,,,,". 100 percent of Medicare DRG. Add-on payment,  . 100 percent of Medicare DRG. Add-on payment,  .",,,,,,,,,". 100 percent of Medicare DRG. Add-on payment,  . 100 percent of Medicare DRG. Add-on payment,  .",,,,,,,,,". 100 percent of Medicare DRG. Add-on payment,  . 100 percent of Medicare DRG. Add-on payment,  .",,,,,,,,,". 100 percent of Medicare DRG. Add-on payment,  . 100 percent of Medicare DRG. Add-on payment,  .",,,,,,,,,".  ",,,,,,,,,".  ",41053.17,,,,,,,Case Rate,". 225 percent of Medicaid DRG. Add-on payment, and lesser of 100% of billed charges. 225 percent of Medicaid DRG. Add-on payment, and lesser of 100% of billed charges.",41053.17,,,,,,,Case Rate,". 225 percent of Medicaid DRG. Add-on payment, and lesser of 100% of billed charges. 225 percent of Medicaid DRG. Add-on payment, and lesser of 100% of billed charges.",41053.17,,,,,,,Case Rate,". 225 percent of Medicaid DRG. Add-on payment, and lesser of 100% of billed charges. 225 percent of Medicaid DRG. Add-on payment, and lesser of 100% of billed charges.",41053.17,,,,,,,Case Rate,". 225 percent of Medicaid DRG. Add-on payment, and lesser of 100% of billed charges. 225 percent of Medicaid DRG. Add-on payment, and lesser of 100% of billed charges.",41053.17,,,,,,,Case Rate,". 225 percent of Medicaid DRG. Add-on payment, and lesser of 100% of billed charges. 225 percent of Medicaid DRG. Add-on payment, and lesser of 100% of billed charges.",,,,,,,,," ",,,,,,,,,".  ",,,,,,,,," ",,,,,,,,," ",,,,,,,,," ",,,,,,,,," ",,,,,,,,," ",,,,,,,,,". 100 percent of Medicare DRG. Add-on payment,  . 100 percent of Medicare DRG. Add-on payment,  .",,,,,,,,," ",,,,,,,,," ",,,,,,,,," ",,,,,,,,," ",,,,,,,,,". GMLOS + 8 Outlier per Diem $6,968.00. Add-on payment, and lesser of 100% of billed charges. GMLOS + 8 Outlier per Diem $6,968.00. Add-on payment, and lesser of 100% of billed charges.",,,,,,,,,". GMLOS + 8 Outlier per Diem $6,968.00. Add-on payment, and lesser of 100% of billed charges. GMLOS + 8 Outlier per Diem $6,968.00. Add-on payment, and lesser of 100% of billed charges.",,,,,,,,,". GMLOS + 8 Outlier per Diem $6,968.00. Add-on payment, and lesser of 100% of billed charges. GMLOS + 8 Outlier per Diem $6,968.00. Add-on payment, and lesser of 100% of billed charges.",,,,,,,,,". GMLOS + 8 Outlier per Diem $6,968.00. Add-on payment, and lesser of 100% of billed charges. GMLOS + 8 Outlier per Diem $6,968.00. Add-on payment, and lesser of 100% of billed charges.",,,,,,,,,".  ",,,,,,,,,".  ",,,,,,,,,". 100 percent of Medicare DRG. Add-on payment,  . 100 percent of Medicare DRG. Add-on payment,  .",,,,,,,,,". 100 percent of Medicare DRG. Add-on payment,  . 100 percent of Medicare DRG. Add-on payment,  .",,,,,,,,,". 100 percent of Medicare DRG. Add-on payment,  . 100 percent of Medicare DRG. Add-on payment,  .",,,,,,,,,".  ",,,,,,,,,".  ",,,,,,,,,".  ",,,,,,,,,".  ",,,,,,,,,". GMLOS + 8 Outlier per Diem $6,968.00. Add-on payment, and lesser of 100% of billed charges. GMLOS + 8 Outlier per Diem $6,968.00. Add-on payment, and lesser of 100% of billed charges.",,,,,,,,,". 100 percent of Medicare DRG. Add-on payment,  . 100 percent of Medicare DRG. Add-on payment,  .",,,,,,,,,".  ",18245.85,,,,,,,Case Rate,". 100 percent of Medicaid DRG. Add-on payment, and lesser of 100% of billed charges. 100 percent of Medicaid DRG. Add-on payment, and lesser of 100% of billed charges.",,,,,,,,,". 100 percent of Medicare DRG. Add-on payment, and lesser of 100% of billed charges. 100 percent of Medicare DRG. Add-on payment, and lesser of 100% of billed charges.",,,,,,,,,". 100 percent of Medicare DRG. Add-on payment, and lesser of 100% of billed charges. 100 percent of Medicare DRG. Add-on payment, and lesser of 100% of billed charges.",,,,,,,,,". 100 percent of Medicare DRG. Add-on payment, and lesser of 100% of billed charges. 100 percent of Medicare DRG. Add-on payment, and lesser of 100% of billed charges.",18245.85,,,,,,,Case Rate,". 100 percent of Medicaid DRG. Add-on payment, and lesser of 100% of billed charges. 100 percent of Medicaid DRG. Add-on payment, and lesser of 100% of billed charges.",41053.17,,,,,,,Case Rate,". 225 percent of Medicaid DRG. Add-on payment, and lesser of 225% of billed charges. 225 percent of Medicaid DRG. Add-on payment, and lesser of 225% of billed charges.",41053.17,,,,,,,Case Rate,". 225 percent of Medicaid DRG. Add-on payment, and lesser of 225% of billed charges. 225 percent of Medicaid DRG. Add-on payment, and lesser of 225% of billed charges.",41053.17,,,,,,,Case Rate,". 225 percent of Medicaid DRG. Add-on payment, and lesser of 225% of billed charges. 225 percent of Medicaid DRG. Add-on payment, and lesser of 225% of billed charges.",41053.17,,,,,,,Case Rate,". 225 percent of Medicaid DRG. Add-on payment, and lesser of 225% of billed charges. 225 percent of Medicaid DRG. Add-on payment, and lesser of 225% of billed charges.",41053.17,,,,,,,Case Rate,". 225 percent of Medicaid DRG. Add-on payment, and lesser of 225% of billed charges. 225 percent of Medicaid DRG. Add-on payment, and lesser of 225% of billed charges.",,,,,,,,,". 100 percent of Medicare DRG. Add-on payment, and lesser of 100% of billed charges. 100 percent of Medicare DRG. Add-on payment, and lesser of 100% of billed charges.",18245.85,,,,,,,Case Rate,". 100 percent of Medicaid DRG. Add-on payment, and lesser of 100% of billed charges. 100 percent of Medicaid DRG. Add-on payment, and lesser of 100% of billed charges.",18245.85,,,,,,,Case Rate,". 100 percent of Medicaid DRG. Add-on payment, and lesser of 100% of billed charges. 100 percent of Medicaid DRG. Add-on payment, and lesser of 100% of billed charges.",41053.17,,,,,,,Case Rate,". 225 percent of Medicaid DRG. Add-on payment, and lesser of 225% of billed charges. 225 percent of Medicaid DRG. Add-on payment, and lesser of 225% of billed charges.",41053.17,,,,,,,Case Rate,". 225 percent of Medicaid DRG. Add-on payment, and lesser of 225% of billed charges. 225 percent of Medicaid DRG. Add-on payment, and lesser of 225% of billed charges.",18245.85,,,,,,,Case Rate,". 100 percent of Medicaid DRG. Add-on payment, and lesser of 100% of billed charges. 100 percent of Medicaid DRG. Add-on payment, and lesser of 100% of billed charges.",18245.85,,,,,,,Case Rate,". 100 percent of Medicaid DRG. Add-on payment, and lesser of 100% of billed charges. 100 percent of Medicaid DRG. Add-on payment, and lesser of 100% of billed charges.",41053.17,,,,,,,Case Rate,". 225 percent of Medicaid DRG. Add-on payment, and lesser of 100% of billed charges. 225 percent of Medicaid DRG. Add-on payment, and lesser of 100% of billed charges.",,,,,,,,,". 100 percent of Medicare DRG. Add-on payment,  . 100 percent of Medicare DRG. Add-on payment,  .",,,,,,,,,". 100 percent of Medicare DRG. Add-on payment,  . 100 percent of Medicare DRG. Add-on payment,  .",,,,,,,,,". GMLOS + 8 Outlier per Diem $6,968.00. Add-on payment, and lesser of 100% of billed charges. GMLOS + 8 Outlier per Diem $6,968.00. Add-on payment, and lesser of 100% of billed charges.",,,,,,,,,". 100 percent of Medicare DRG. Add-on payment,  . 100 percent of Medicare DRG. Add-on payment,  .",41053.17,,,,,,,Case Rate,". 225 percent of Medicaid DRG. Add-on payment, and lesser of 225% of billed charges. 225 percent of Medicaid DRG. Add-on payment, and lesser of 225% of billed charges.",41053.17,,,,,,,Case Rate,". 225 percent of Medicaid DRG. Add-on payment, and lesser of 225% of billed charges. 225 percent of Medicaid DRG. Add-on payment, and lesser of 225% of billed charges.",18245.85,,,,,,,Case Rate,". 100 percent of Medicaid DRG. Add-on payment, and lesser of 100% of billed charges. 100 percent of Medicaid DRG. Add-on payment, and lesser of 100% of billed charges.",18245.85,,,,,,,Case Rate,". 100 percent of Medicaid DRG. Add-on payment, and lesser of 100% of billed charges. 100 percent of Medicaid DRG. Add-on payment, and lesser of 100% of billed charges.",29101.58,,,,,,,Case Rate,". 225 percent of Medicaid DRG. Add-on payment, and lesser of 225% of billed charges. 225 percent of Medicaid DRG. Add-on payment, and lesser of 225% of billed charges.",18245.85,,,,,,,Case Rate,". 100 percent of Medicaid DRG. Add-on payment, and lesser of 100% of billed charges. 100 percent of Medicaid DRG. Add-on payment, and lesser of 100% of billed charges.",52912.97,,,,,,,Case Rate,". 290 percent of Medicaid DRG. Add-on payment, and lesser of 100% of billed charges. 290 percent of Medicaid DRG. Add-on payment, and lesser of 100% of billed charges.",52912.97,,,,,,,Case Rate,". 290 percent of Medicaid DRG. Add-on payment, and lesser of 100% of billed charges. 290 percent of Medicaid DRG. Add-on payment, and lesser of 100% of billed charges.",52912.97,,,,,,,Case Rate,". 290 percent of Medicaid DRG. Add-on payment, and lesser of 100% of billed charges. 290 percent of Medicaid DRG. Add-on payment, and lesser of 100% of billed charges.",52912.97,,,,,,,Case Rate,". 290 percent of Medicaid DRG. Add-on payment, and lesser of 100% of billed charges. 290 percent of Medicaid DRG. Add-on payment, and lesser of 100% of billed charges.",,,,,,,,," ",,,,,,,,,".  ",24631.9,,,,,,,Case Rate,"135% of Medicaid EP 1 and 2, 100% of medicaid EP 3 and 4.  ",24631.9,,,,,,,Case Rate,"135% of Medicaid EP 1 and 2, 100% of medicaid EP 3 and 4.  ",18245.85,,,,,,,Case Rate,". 100 percent of Medicaid DRG. Add-on payment, and lesser of 100% of billed charges. 100 percent of Medicaid DRG. Add-on payment, and lesser of 100% of billed charges.",18245.85,,,,,,,Case Rate,". 100 percent of Medicaid DRG. Add-on payment, and lesser of 100% of billed charges. 100 percent of Medicaid DRG. Add-on payment, and lesser of 100% of billed charges.",,,,,,,,,".  ",,,,,,,,,".  ",,,,,,,,,". 100 percent of Medicare DRG. Add-on payment,  . 100 percent of Medicare DRG. Add-on payment,  .",,,,,,,,,".  ",,,,,,,,,".  ",,,,,,,,,".  ",,,,,,,,,".  ",,,,,,,,,". 100 percent of Medicare DRG. Add-on payment,  . 100 percent of Medicare DRG. Add-on payment,  .",,,,,,,,,".  ",,,,,,,,,".  ",,,,,,,,,". GMLOS + 8 Outlier per Diem $6,968.00. Add-on payment, and lesser of 100% of billed charges. GMLOS + 8 Outlier per Diem $6,968.00. Add-on payment, and lesser of 100% of billed charges.",18245.85,,,,,,,Case Rate,". 100 percent of Medicaid DRG. Add-on payment, and lesser of 100% of billed charges. 100 percent of Medicaid DRG. Add-on payment, and lesser of 100% of billed charges.",18245.85,,,,,,,Case Rate,". 100 percent of Medicaid DRG. Add-on payment, and lesser of 100% of billed charges. 100 percent of Medicaid DRG. Add-on payment, and lesser of 100% of billed charges.",41053.17,,,,,,,Case Rate,". 225 percent of Medicaid DRG. Add-on payment, and lesser of 225% of billed charges. 225 percent of Medicaid DRG. Add-on payment, and lesser of 225% of billed charges.",29101.58,,,,,,,Case Rate,". 225 percent of Medicaid DRG. Add-on payment, and lesser of 225% of billed charges. 225 percent of Medicaid DRG. Add-on payment, and lesser of 225% of billed charges.",18245.85,,,,,,,Case Rate,". 100 percent of Medicaid DRG. Add-on payment, and lesser of 100% of billed charges. 100 percent of Medicaid DRG. Add-on payment, and lesser of 100% of billed charges.",41053.17,,,,,,,Case Rate,". 225 percent of Medicaid DRG. Add-on payment, and lesser of 225% of billed charges. 225 percent of Medicaid DRG. Add-on payment, and lesser of 225% of billed charges.",41053.17,,,,,,,Case Rate,". 225 percent of Medicaid DRG. Add-on payment, and lesser of 225% of billed charges. 225 percent of Medicaid DRG. Add-on payment, and lesser of 225% of billed charges.",41053.17,,,,,,,Case Rate,". 225 percent of Medicaid DRG. Add-on payment, and lesser of 225% of billed charges. 225 percent of Medicaid DRG. Add-on payment, and lesser of 225% of billed charges.",41053.17,,,,,,,Case Rate,". 225 percent of Medicaid DRG. Add-on payment, and lesser of 225% of billed charges. 225 percent of Medicaid DRG. Add-on payment, and lesser of 225% of billed charges.",41053.17,,,,,,,Case Rate,". 225 percent of Medicaid DRG. Add-on payment, and lesser of 225% of billed charges. 225 percent of Medicaid DRG. Add-on payment, and lesser of 225% of billed charges.",41053.17,,,,,,,Case Rate,". 225 percent of Medicaid DRG. Add-on payment, and lesser of 225% of billed charges. 225 percent of Medicaid DRG. Add-on payment, and lesser of 225% of billed charges.",,,,,,,,," ",,,,,,,,," ",,,,,,,,," ",,,,,,,,,".  ",,,,,,,,," ",,,,,,,,,". 100 percent of Medicare DRG. Add-on payment,  . 100 percent of Medicare DRG. Add-on payment,  .",,,,,,,,,".  ",,,,,,,,,". 100 percent of Medicare DRG. Add-on payment,  . 100 percent of Medicare DRG. Add-on payment,  .",,,,,,,,,". 100 percent of Medicare DRG. Add-on payment,  . 100 percent of Medicare DRG. Add-on payment,  .",24631.9,,,,,,,Case Rate,"135% of Medicaid EP 1 and 2, 100% of medicaid EP 3 and 4.  ",24631.9,,,,,,,Case Rate,"135% of Medicaid EP 1 and 2, 100% of medicaid EP 3 and 4.  ",18245.85,,,,,,,Case Rate,". 100 percent of Medicaid DRG. Add-on payment, and lesser of 100% of billed charges. 100 percent of Medicaid DRG. Add-on payment, and lesser of 100% of billed charges.",18245.85,,,,,,,Case Rate,". 100 percent of Medicaid DRG. Add-on payment, and lesser of 100% of billed charges. 100 percent of Medicaid DRG. Add-on payment, and lesser of 100% of billed charges.",18245.85,,,,,,,Case Rate,". 100 percent of Medicaid DRG. Add-on payment, and lesser of 100% of billed charges. 100 percent of Medicaid DRG. Add-on payment, and lesser of 100% of billed charges.",,,,,,,,," ",,,,,,,,,". GMLOS + 8 Outlier per Diem $6,968.00. Add-on payment, and lesser of 100% of billed charges. GMLOS + 8 Outlier per Diem $6,968.00. Add-on payment, and lesser of 100% of billed charges.",,,,,,,,," ",,,,,,,,,".  ",,,,,,,,,". 100 percent of Medicare DRG. Add-on payment, . 100 percent of Medicare DRG. Add-on payment, .",,,,,,,,,". 100 percent of Medicare DRG. Add-on payment,  . 100 percent of Medicare DRG. Add-on payment,  .",,,,,,,,,". 100 percent of Medicare DRG. Add-on payment,  . 100 percent of Medicare DRG. Add-on payment,  .",,,,,,,,,". 100 percent of Medicare DRG. Add-on payment,  . 100 percent of Medicare DRG. Add-on payment,  .",,,,,,,,,". 100 percent of Medicare DRG. Add-on payment, . 100 percent of Medicare DRG. Add-on payment, .",,,,,,,,,". 100 percent of Medicare DRG. Add-on payment,  . 100 percent of Medicare DRG. Add-on payment,  .",,,,,,,,," ",41053.17,,,,,,,Case Rate,". 225 percent of Medicaid DRG. Add-on payment, and lesser of 225% of billed charges. 225 percent of Medicaid DRG. Add-on payment, and lesser of 225% of billed charges.",18245.85,,,,,,,Case Rate,". 100 percent of Medicaid DRG. Add-on payment, and lesser of 100% of billed charges. 100 percent of Medicaid DRG. Add-on payment, and lesser of 100% of billed charges.",,,,,,,,,".  ",,,,,,,,," ",,,,,,,,," ",,,,,,,,," ",,,,,,,,," ",,,,,,,,,". 100 percent of Medicare DRG. Add-on payment,  . 100 percent of Medicare DRG. Add-on payment,  .",18245.85,,,,,,,Case Rate,". 100 percent of Medicaid DRG. Add-on payment, and lesser of 100% of billed charges. 100 percent of Medicaid DRG. Add-on payment, and lesser of 100% of billed charges.",,,,,,,,,".  ",18245.85,,,,,,,Case Rate,". 100 percent of Medicaid DRG. Add-on payment, and lesser of 100% of billed charges. 100 percent of Medicaid DRG. Add-on payment, and lesser of 100% of billed charges.",,,,,,,,,". 100 percent of Medicare DRG. Add-on payment,  . 100 percent of Medicare DRG. Add-on payment,  .",18245.85,,,,,,,Case Rate,". 100 percent of Medicaid DRG. Add-on payment, and lesser of 100% of billed charges. 100 percent of Medicaid DRG. Add-on payment, and lesser of 100% of billed charges.",,,,,,,,,". 100 percent of Medicare DRG. Add-on payment,  . 100 percent of Medicare DRG. Add-on payment,  .",,,,,,,,,". 100 percent of Medicare DRG. Add-on payment,  . 100 percent of Medicare DRG. Add-on payment,  .",18245.85,,,,,,,Case Rate,". 100 percent of Medicaid DRG. Add-on payment, and lesser of 100% of billed charges. 100 percent of Medicaid DRG. Add-on payment, and lesser of 100% of billed charges.",18245.85,,,,,,,Case Rate,". 100 percent of Medicaid DRG. Add-on payment, and lesser of 100% of billed charges. 100 percent of Medicaid DRG. Add-on payment, and lesser of 100% of billed charges.",,,,,,,,," ",,,,,,,,,".  ",,73,,,,,0,Percent of total billed charges,73 percent of charges.  ; No services were performed during the 15 month look back period.,,,,,,,,,".  ",,,,,,,,,".  ",,,,,,,,,". GMLOS + 8 Outlier per Diem $6,968.00. Add-on payment, and lesser of 100% of billed charges. GMLOS + 8 Outlier per Diem $6,968.00. Add-on payment, and lesser of 100% of billed charges.",,,,,,,,,". 93 percent of Medicare DRG. Add-on payment, and lesser of 100% of billed charges. 93 percent of Medicare DRG. Add-on payment, and lesser of 100% of billed charges.",,,,,,,,," ",,,,,,,,," ",,,,,,,,,".  ",,,,,,,,,".  ",,,,,,,,,". 100 percent of Medicare DRG. Add-on payment,  . 100 percent of Medicare DRG. Add-on payment,  .",,,,,,,,,". 100 percent of Medicare DRG. Add-on payment,  . 100 percent of Medicare DRG. Add-on payment,  .",,,,,,,,,". 100 percent of Medicare DRG. Add-on payment,  . 100 percent of Medicare DRG. Add-on payment,  .",,,,,,,,,". 100 percent of Medicare DRG. Add-on payment,  . 100 percent of Medicare DRG. Add-on payment,  .",,,,,,,,,".  ",,,,,,,,,".  ",,,,,,,,,".  ",,,,,,,,,". 100 percent of Medicare DRG. Add-on payment,  . 100 percent of Medicare DRG. Add-on payment,  .",,,,,,,,,".  ",,,,,,,,," ",18245.85,,,,,,,Case Rate,". 100 percent of Medicaid DRG. Add-on payment, and lesser of 100% of billed charges. 100 percent of Medicaid DRG. Add-on payment, and lesser of 100% of billed charges.",18245.85,,,,,,,Case Rate,". 100 percent of Medicaid DRG. Add-on payment, and lesser of 100% of billed charges. 100 percent of Medicaid DRG. Add-on payment, and lesser of 100% of billed charges.",,,,,,,,," ",,,,,,,,,".  ",,,,,,,,,".  ",,,,,,,,,".  ",,,,,,,,,".  ",,,,,,,,,". 100 percent of Medicare DRG. Add-on payment, . 100 percent of Medicare DRG. Add-on payment, .",19158.14,,,,,,,Case Rate,". 105 percent of Medicaid DRG. Add-on payment, and lesser of 100% of billed charges. 105 percent of Medicaid DRG. Add-on payment, and lesser of 100% of billed charges.",19158.14,,,,,,,Case Rate,". 105 percent of Medicaid DRG. Add-on payment, and lesser of 100% of billed charges. 105 percent of Medicaid DRG. Add-on payment, and lesser of 100% of billed charges.",19158.14,,,,,,,Case Rate,". 105 percent of Medicaid DRG. Add-on payment, and lesser of 100% of billed charges. 105 percent of Medicaid DRG. Add-on payment, and lesser of 100% of billed charges.",19158.14,,,,,,,Case Rate,". 105 percent of Medicaid DRG. Add-on payment, and lesser of 100% of billed charges. 105 percent of Medicaid DRG. Add-on payment, and lesser of 100% of billed charges.",,,,,,,,,".  ",19158.14,,,,,,,Case Rate,". 105 percent of Medicaid DRG. Add-on payment, and lesser of 100% of billed charges. 105 percent of Medicaid DRG. Add-on payment, and lesser of 100% of billed charges.",19158.14,,,,,,,Case Rate,". 105 percent of Medicaid DRG. Add-on payment, and lesser of 100% of billed charges. 105 percent of Medicaid DRG. Add-on payment, and lesser of 100% of billed charges.",19158.14,,,,,,,Case Rate,". 105 percent of Medicaid DRG. Add-on payment, and lesser of 100% of billed charges. 105 percent of Medicaid DRG. Add-on payment, and lesser of 100% of billed charges.",19158.14,,,,,,,Case Rate,". 105 percent of Medicaid DRG. Add-on payment, and lesser of 100% of billed charges. 105 percent of Medicaid DRG. Add-on payment, and lesser of 100% of billed charges.",19158.14,,,,,,,Case Rate,". 105 percent of Medicaid DRG. Add-on payment, and lesser of 100% of billed charges. 105 percent of Medicaid DRG. Add-on payment, and lesser of 100% of billed charges.",19158.14,,,,,,,Case Rate,". 105 percent of Medicaid DRG. Add-on payment, and lesser of 100% of billed charges. 105 percent of Medicaid DRG. Add-on payment, and lesser of 100% of billed charges.",19158.14,,,,,,,Case Rate,". 105 percent of Medicaid DRG. Add-on payment, and lesser of 100% of billed charges. 105 percent of Medicaid DRG. Add-on payment, and lesser of 100% of billed charges.",,,,,,,,,". 100 percent of Medicare DRG. Add-on payment,  . 100 percent of Medicare DRG. Add-on payment,  .",,,,,,,,,".  ",,,,,,,,,". 100 percent of Medicare DRG. Add-on payment,  . 100 percent of Medicare DRG. Add-on payment,  .",19158.14,,,,,,,Case Rate,". 105 percent of Medicaid DRG. Add-on payment, and lesser of 100% of billed charges. 105 percent of Medicaid DRG. Add-on payment, and lesser of 100% of billed charges.",,,,,,,,,".  ",,,,,,,,,". 100 percent of Medicare DRG. Add-on payment,  . 100 percent of Medicare DRG. Add-on payment,  .",,,,,,,,,".  ",,,,,,,,,".  ",,,,,,,,,".  ",19158.14,,,,,,,Case Rate,". 105 percent of Medicaid DRG. Add-on payment, and lesser of 100% of billed charges. 105 percent of Medicaid DRG. Add-on payment, and lesser of 100% of billed charges.",,,,,,,,,". 100 percent of Medicare DRG. Add-on payment,  . 100 percent of Medicare DRG. Add-on payment,  .",,,,,,,,,".  ",19158.14,,,,,,,Case Rate,". 105 percent of Medicaid DRG. Add-on payment, and lesser of 100% of billed charges. 105 percent of Medicaid DRG. Add-on payment, and lesser of 100% of billed charges.",,,,,,,,,".  ",,,,,,,,,". Delay in Discharge per diem $4,988 Delay in Discharge per diem $4,988",,,,,,,,,". 100 percent of Medicare DRG. Add-on payment, . 100 percent of Medicare DRG. Add-on payment, .",,,,,,,,," ",,,,,,,,," ",,,,,,,,," ",,,,,,,,," ",,,,,,,,," ",,,,,,,,," ",,,,,,,,," ",,,,,,,,," ",,,,,,,,," ",,,,,,,,," ",,,,,,,,," ",,,,,,,,," ",,,,,,,,,". 100 percent of Medicare DRG. Add-on payment,  . 100 percent of Medicare DRG. Add-on payment,  .",,,,,,,,," ",,,,,,,,,". 100 percent of Medicare DRG. Add-on payment,  . 100 percent of Medicare DRG. Add-on payment,  .",41053.17,,,,,,,Case Rate,". 225 percent of Medicaid DRG. Add-on payment, and lesser of 225% of billed charges. 225 percent of Medicaid DRG. Add-on payment, and lesser of 225% of billed charges.",18245.85,,,,,,,Case Rate,". 100 percent of Medicaid DRG. Add-on payment, and lesser of 100% of billed charges. 100 percent of Medicaid DRG. Add-on payment, and lesser of 100% of billed charges.",,,,,,,,,".  ",,,,,,,,,".  ",,,,,,,,,". 100 percent of Medicare DRG. Add-on payment,  . 100 percent of Medicare DRG. Add-on payment,  .",,,,,,,,," ",,,,,,,,,". 100 percent of Medicare DRG. Add-on payment,  . 100 percent of Medicare DRG. Add-on payment,  .",,,,,,,,,". 100 percent of Medicare DRG. Add-on payment,  . 100 percent of Medicare DRG. Add-on payment,  .",,,,,,,,,". GMLOS + 8 Outlier per Diem $6,968.00. Add-on payment, and lesser of 100% of billed charges. GMLOS + 8 Outlier per Diem $6,968.00. Add-on payment, and lesser of 100% of billed charges.",,,,,,,,,". 100 percent of Medicare DRG. Add-on payment,  . 100 percent of Medicare DRG. Add-on payment,  .",,,,,,,,,".  ",,,,,,,,,". 100 percent of Medicare DRG. Add-on payment,  . 100 percent of Medicare DRG. Add-on payment,  .",,,,,,,,,".  ",,,,,,,,,". GMLOS + 8 Outlier per Diem $6,968.00. Add-on payment, and lesser of 100% of billed charges. GMLOS + 8 Outlier per Diem $6,968.00. Add-on payment, and lesser of 100% of billed charges.",,,,,,,,,".  ",,,,,,,,,". 100 percent of Medicare DRG. Add-on payment,  . 100 percent of Medicare DRG. Add-on payment,  .",18245.85,,,,,,,Case Rate,". 100 percent of Medicaid DRG. Add-on payment, and lesser of 100% of billed charges. 100 percent of Medicaid DRG. Add-on payment, and lesser of 100% of billed charges.",,,,,,,,,". 100 percent of Medicare DRG. Add-on payment,  . 100 percent of Medicare DRG. Add-on payment,  .",,,,,,,,,".  ",,,,,,,,,".  ",18245.85,,,,,,,Case Rate,". 100 percent of Medicaid DRG. Add-on payment, and lesser of 100% of billed charges. 100 percent of Medicaid DRG. Add-on payment, and lesser of 100% of billed charges.",,,,,,,,,".  ",18245.85,,,,,,,Case Rate,". 100 percent of Medicaid DRG. Add-on payment, and lesser of 100% of billed charges. 100 percent of Medicaid DRG. Add-on payment, and lesser of 100% of billed charges.",18245.85,,,,,,,Case Rate,". 100 percent of Medicaid DRG. Add-on payment, and lesser of 100% of billed charges. 100 percent of Medicaid DRG. Add-on payment, and lesser of 100% of billed charges.",,,,,,,,,".  ",,,,,,,,,".  ",,,,,,,,,".  ",,,,,,,,,".  ",,,,,,,,,".  ",,,,,,,,,".  ",,,,,,,,,".  ",,,,,,,,," ",,,,,,,,," ",,,,,,,,," ",18245.85,,,,,,,Case Rate,". 100 percent of Medicaid DRG. Add-on payment, and lesser of 100% of billed charges. 100 percent of Medicaid DRG. Add-on payment, and lesser of 100% of billed charges.",,,,,,,,,".  ",,,,,,,,,".  ",,,,,,,,,". GMLOS + 8 Outlier per Diem $6,968.00. Add-on payment, and lesser of 100% of billed charges. GMLOS + 8 Outlier per Diem $6,968.00. Add-on payment, and lesser of 100% of billed charges.",,,,,,,,,".  ",,,,,,,,,". GMLOS + 8 Outlier per Diem $6,968.00. Add-on payment, and lesser of 100% of billed charges. GMLOS + 8 Outlier per Diem $6,968.00. Add-on payment, and lesser of 100% of billed charges.",,,,,,,,,".  ",,,,,,,,,".  ",,,,,,,,,".  ",,,,,,,,,".  ",,,,,,,,,".  ",,,,,,,,,". 100 percent of Medicare DRG. Add-on payment,  . 100 percent of Medicare DRG. Add-on payment,  .",12934.03,52912.97,
APR200-2,DRG,,,,,APR200-2 CARDIAC STRUCTURAL & VALVULAR DISORDERS,,,Inpatient,,,,,,,,,,,,".  ",,,,,,,,,".  ",,,,,,,,,". GMLOS + 8 Outlier per Diem $6,968.00. Add-on payment, and lesser of 100% of billed charges. GMLOS + 8 Outlier per Diem $6,968.00. Add-on payment, and lesser of 100% of billed charges.",,100,,,,,0,Percent of total billed charges,100 percent of charges.  ; No services were performed during the 15 month look back period.,,,,,,,,,". 100 percent of Medicare DRG. Add-on payment,  . 100 percent of Medicare DRG. Add-on payment,  .",,,,,,,,,". GMLOS + 8 Outlier per Diem $6,968.00. Add-on payment, and lesser of 100% of billed charges. GMLOS + 8 Outlier per Diem $6,968.00. Add-on payment, and lesser of 100% of billed charges.",,,,,,,,,". GMLOS + 8 Outlier per Diem $6,968.00. Add-on payment, and lesser of 100% of billed charges. GMLOS + 8 Outlier per Diem $6,968.00. Add-on payment, and lesser of 100% of billed charges.",,,,,,,,,". GMLOS + 8 Outlier per Diem $6,968.00. Add-on payment, and lesser of 100% of billed charges. GMLOS + 8 Outlier per Diem $6,968.00. Add-on payment, and lesser of 100% of billed charges.",16298.03,,,,,,,Case Rate,". 155 percent of Medicaid DRG. Add-on payment, and lesser of 100% of billed charges. 155 percent of Medicaid DRG. Add-on payment, and lesser of 100% of billed charges.",10514.86,,,,,,,Case Rate,". 100 percent of Medicaid DRG. Add-on payment, and lesser of 100% of billed charges. 100 percent of Medicaid DRG. Add-on payment, and lesser of 100% of billed charges.",,73,,,,,0,Percent of total billed charges,73 percent of charges.  ; No services were performed during the 15 month look back period.,,,,,,,,,".  ",10514.86,,,,,,,Case Rate,". 100 percent of Medicaid DRG. Add-on payment, and lesser of 100% of billed charges. 100 percent of Medicaid DRG. Add-on payment, and lesser of 100% of billed charges.",,,,,,,,,". 100 percent of Medicare DRG. Add-on payment,  . 100 percent of Medicare DRG. Add-on payment,  .",,,,,,,,,".  ",,,,,,,,,".  ",,,,,,,,,".  ",,,,,,,,,".  ",10514.86,,,,,,,Case Rate,". 100 percent of Medicaid DRG. Add-on payment, and lesser of 100% of billed charges. 100 percent of Medicaid DRG. Add-on payment, and lesser of 100% of billed charges.",,,,,,,,,". 100 percent of Medicare DRG. Add-on payment,  . 100 percent of Medicare DRG. Add-on payment,  .",10514.86,,,,,,,Case Rate,". 100 percent of Medicaid DRG. Add-on payment, and lesser of 100% of billed charges. 100 percent of Medicaid DRG. Add-on payment, and lesser of 100% of billed charges.",,73,,,,,0,Percent of total billed charges,73 percent of charges.  ; No services were performed during the 15 month look back period.,,,,,,,,,". GMLOS + 8 Outlier per Diem $6,968.00. Add-on payment, and lesser of 100% of billed charges. GMLOS + 8 Outlier per Diem $6,968.00. Add-on payment, and lesser of 100% of billed charges.",,,,,,,,,". 100 percent of Medicare DRG. Add-on payment, and lesser of 100% of billed charges. 100 percent of Medicare DRG. Add-on payment, and lesser of 100% of billed charges.",,,,,,,,," ",,,,,,,,,". 100 percent of Medicare DRG. Add-on payment, and lesser of 100% of billed charges. 100 percent of Medicare DRG. Add-on payment, and lesser of 100% of billed charges.",,,,,,,,,". 100 percent of Medicare DRG. Add-on payment, and lesser of 100% of billed charges. 100 percent of Medicare DRG. Add-on payment, and lesser of 100% of billed charges.",,73,,,,,0,Percent of total billed charges,73 percent of charges.  ; No services were performed during the 15 month look back period.,10514.86,,,,,,,Case Rate,". 100 percent of Medicaid DRG. Add-on payment, and lesser of 100% of billed charges. 100 percent of Medicaid DRG. Add-on payment, and lesser of 100% of billed charges.",10514.86,,,,,,,Case Rate,". 100 percent of Medicaid DRG. Add-on payment, and lesser of 100% of billed charges. 100 percent of Medicaid DRG. Add-on payment, and lesser of 100% of billed charges.",10514.86,,,,,,,Case Rate,". 100 percent of Medicaid DRG. Add-on payment, and lesser of 100% of billed charges. 100 percent of Medicaid DRG. Add-on payment, and lesser of 100% of billed charges.",10514.86,,,,,,,Case Rate,". 100 percent of Medicaid DRG. Add-on payment, and lesser of 100% of billed charges. 100 percent of Medicaid DRG. Add-on payment, and lesser of 100% of billed charges.",,,,,,,,," ",,,,,,,,," ",10514.86,,,,,,,Case Rate,". 100 percent of Medicaid DRG. Add-on payment, and lesser of 100% of billed charges. 100 percent of Medicaid DRG. Add-on payment, and lesser of 100% of billed charges.",,,,,,,,," ",10514.86,,,,,,,Case Rate,". 100 percent of Medicaid DRG. Add-on payment, and lesser of 100% of billed charges. 100 percent of Medicaid DRG. Add-on payment, and lesser of 100% of billed charges.",,,,,,,,,". 100 percent of Medicare DRG. Add-on payment, . 100 percent of Medicare DRG. Add-on payment, .",,,,,,,,," ",,73,,,,,0,Percent of total billed charges,73 percent of charges.  ; No services were performed during the 15 month look back period.,10514.86,,,,,,,Case Rate,". 100 percent of Medicaid DRG. Add-on payment, and lesser of 100% of billed charges. 100 percent of Medicaid DRG. Add-on payment, and lesser of 100% of billed charges.",10514.86,,,,,,,Case Rate,". 100 percent of Medicaid DRG. Add-on payment, and lesser of 100% of billed charges. 100 percent of Medicaid DRG. Add-on payment, and lesser of 100% of billed charges.",,73,,,,,0,Percent of total billed charges,73 percent of charges.  ; No services were performed during the 15 month look back period.,,,,,,,,,".  ",,,,,,,,,".  ",,,,,,,,,".  ",,73,,,,,0,Percent of total billed charges,73 percent of charges.  ; No services were performed during the 15 month look back period.,,,,,,,,,". 100 percent of Medicare DRG. Add-on payment,  . 100 percent of Medicare DRG. Add-on payment,  .",,,,,,,,,".  ",,,,,,,,,".  ",,,,,,,,,".  ",,,,,,,,,". 100 percent of Medicare DRG. Add-on payment,  . 100 percent of Medicare DRG. Add-on payment,  .",,,,,,,,,".  ",,,,,,,,,".  ",,,,,,,,,". 100 percent of Medicare DRG. Add-on payment, and lesser of 100% of billed charges. 100 percent of Medicare DRG. Add-on payment, and lesser of 100% of billed charges.",,,,,,,,,".  ",,,,,,,,,".  ",,,,,,,,,".  ",,,,,,,,,".  ",,,,,,,,,".  ",,,,,,,,,".  ",,,,,,,,,".  ",,,,,,,,,". 100 percent of Medicare DRG. Add-on payment,  . 100 percent of Medicare DRG. Add-on payment,  .",,,,,,,,,". 100 percent of Medicare DRG. Add-on payment,  . 100 percent of Medicare DRG. Add-on payment,  .",,,,,,,,,".  ",,73,,,,,0,Percent of total billed charges,73 percent of charges.  ; No services were performed during the 15 month look back period.,,73,,,,,0,Percent of total billed charges,73 percent of charges.  ; No services were performed during the 15 month look back period.,,73,,,,,0,Percent of total billed charges,73 percent of charges.  ; No services were performed during the 15 month look back period.,,73,,,,,0,Percent of total billed charges,73 percent of charges.  ; No services were performed during the 15 month look back period.,,73,,,,,0,Percent of total billed charges,73 percent of charges.  ; No services were performed during the 15 month look back period.,,73,,,,,0,Percent of total billed charges,73 percent of charges.  ; No services were performed during the 15 month look back period.,,73,,,,,0,Percent of total billed charges,73 percent of charges.  ; No services were performed during the 15 month look back period.,,73,,,,,0,Percent of total billed charges,73 percent of charges.  ; No services were performed during the 15 month look back period.,,73,,,,,0,Percent of total billed charges,73 percent of charges.  ; No services were performed during the 15 month look back period.,,73,,,,,0,Percent of total billed charges,73 percent of charges.  ; No services were performed during the 15 month look back period.,,73,,,,,0,Percent of total billed charges,73 percent of charges.  ; No services were performed during the 15 month look back period.,,73,,,,,0,Percent of total billed charges,73 percent of charges.  ; No services were performed during the 15 month look back period.,,73,,,,,0,Percent of total billed charges,73 percent of charges.  ; No services were performed during the 15 month look back period.,,73,,,,,0,Percent of total billed charges,73 percent of charges.  ; No services were performed during the 15 month look back period.,,73,,,,,0,Percent of total billed charges,73 percent of charges.  ; No services were performed during the 15 month look back period.,,73,,,,,0,Percent of total billed charges,73 percent of charges.  ; No services were performed during the 15 month look back period.,,73,,,,,0,Percent of total billed charges,73 percent of charges.  ; No services were performed during the 15 month look back period.,,73,,,,,0,Percent of total billed charges,73 percent of charges.  ; No services were performed during the 15 month look back period.,,73,,,,,0,Percent of total billed charges,73 percent of charges.  ; No services were performed during the 15 month look back period.,,73,,,,,0,Percent of total billed charges,73 percent of charges.  ; No services were performed during the 15 month look back period.,,73,,,,,0,Percent of total billed charges,73 percent of charges.  ; No services were performed during the 15 month look back period.,,73,,,,,0,Percent of total billed charges,73 percent of charges.  ; No services were performed during the 15 month look back period.,,73,,,,,0,Percent of total billed charges,73 percent of charges.  ; No services were performed during the 15 month look back period.,,73,,,,,0,Percent of total billed charges,73 percent of charges.  ; No services were performed during the 15 month look back period.,,73,,,,,0,Percent of total billed charges,73 percent of charges.  ; No services were performed during the 15 month look back period.,,73,,,,,0,Percent of total billed charges,73 percent of charges.  ; No services were performed during the 15 month look back period.,,,,,,,,," ",,,,,,,,," ",,,,,,,,," ",,,,,,,,," ",,,,,,,,," ",,,,,,,,," ",,,,,,,,,".  ",,,,,,,,,".  ",,,,,,,,,".  ",,,,,,,,,".  ",,73,,,,,0,Percent of total billed charges,73 percent of charges.  ; No services were performed during the 15 month look back period.,,,,,,,,," ",,,,,,,,,".  ",,,,,,,,,".  ",,,,,,,,,".  ",,,,,,,,," ",,73,,,,,0,Percent of total billed charges,73 percent of charges.  ; No services were performed during the 15 month look back period.,10514.86,,,,,,,Case Rate,". 100 percent of Medicaid DRG. Add-on payment, and lesser of 100% of billed charges. 100 percent of Medicaid DRG. Add-on payment, and lesser of 100% of billed charges.",,,,,,,,," ",10514.86,,,,,,,Case Rate,". 100 percent of Medicaid DRG. Add-on payment, and lesser of 100% of billed charges. 100 percent of Medicaid DRG. Add-on payment, and lesser of 100% of billed charges.",,,,,,,,,". 100 percent of Medicare DRG. Add-on payment, . 100 percent of Medicare DRG. Add-on payment, .",,,,,,,,,". 100 percent of Medicare DRG. Add-on payment,  . 100 percent of Medicare DRG. Add-on payment,  .",,,,,,,,,".  ",,,,,,,,,". 100 percent of Medicare DRG. Add-on payment,  . 100 percent of Medicare DRG. Add-on payment,  .",,,,,,,,,". 100 percent of Medicare DRG. Add-on payment,  . 100 percent of Medicare DRG. Add-on payment,  .",10514.86,,,,,,,Case Rate,". 100 percent of Medicaid DRG. Add-on payment, and lesser of 100% of billed charges. 100 percent of Medicaid DRG. Add-on payment, and lesser of 100% of billed charges.",,,,,,,,,". 100 percent of Medicare DRG. Add-on payment,  . 100 percent of Medicare DRG. Add-on payment,  .",,,,,,,,,". 100 percent of Medicare DRG. Add-on payment,  . 100 percent of Medicare DRG. Add-on payment,  .",,,,,,,,,". GMLOS + 8 Outlier per Diem $6,968.00. Add-on payment, and lesser of 100% of billed charges. GMLOS + 8 Outlier per Diem $6,968.00. Add-on payment, and lesser of 100% of billed charges.",,,,,,,,,". GMLOS + 8 Outlier per Diem $6,968.00. Add-on payment, and lesser of 100% of billed charges. GMLOS + 8 Outlier per Diem $6,968.00. Add-on payment, and lesser of 100% of billed charges.",,,,,,,,,". 100 percent of Medicare DRG. Add-on payment,  . 100 percent of Medicare DRG. Add-on payment,  .",,,,,,,,,".  ",,,,,,,,,".  ",,,,,,,,,".  ",,,,,,,,,". 100 percent of Medicare DRG. Add-on payment,  . 100 percent of Medicare DRG. Add-on payment,  .",,,,,,,,,".  ",,,,,,,,,". GMLOS + 8 Outlier per Diem $6,968.00. Add-on payment, and lesser of 100% of billed charges. GMLOS + 8 Outlier per Diem $6,968.00. Add-on payment, and lesser of 100% of billed charges.",,,,,,,,,". GMLOS + 8 Outlier per Diem $6,968.00. Add-on payment, and lesser of 100% of billed charges. GMLOS + 8 Outlier per Diem $6,968.00. Add-on payment, and lesser of 100% of billed charges.",,,,,,,,,". GMLOS + 8 Outlier per Diem $6,968.00. Add-on payment, and lesser of 100% of billed charges. GMLOS + 8 Outlier per Diem $6,968.00. Add-on payment, and lesser of 100% of billed charges.",,73,,,,,0,Percent of total billed charges,73 percent of charges.  ; No services were performed during the 15 month look back period.,,73,,,,,0,Percent of total billed charges,73 percent of charges.  ; No services were performed during the 15 month look back period.,,73,,,,,0,Percent of total billed charges,73 percent of charges.  ; No services were performed during the 15 month look back period.,,73,,,,,0,Percent of total billed charges,73 percent of charges.  ; No services were performed during the 15 month look back period.,,73,,,,,0,Percent of total billed charges,73 percent of charges.  ; No services were performed during the 15 month look back period.,,73,,,,,0,Percent of total billed charges,73 percent of charges.  ; No services were performed during the 15 month look back period.,,73,,,,,0,Percent of total billed charges,73 percent of charges.  ; No services were performed during the 15 month look back period.,,73,,,,,0,Percent of total billed charges,73 percent of charges.  ; No services were performed during the 15 month look back period.,,73,,,,,0,Percent of total billed charges,73 percent of charges.  ; No services were performed during the 15 month look back period.,,73,,,,,0,Percent of total billed charges,73 percent of charges.  ; No services were performed during the 15 month look back period.,,73,,,,,0,Percent of total billed charges,73 percent of charges.  ; No services were performed during the 15 month look back period.,,,,,,,,," ",,,,,,,,,".  ",,,,,,,,,".  ",,,,,,,,,". 100 percent of Medicare DRG. Add-on payment,  . 100 percent of Medicare DRG. Add-on payment,  .",,,,,,,,,". GMLOS + 8 Outlier per Diem $6,968.00. Add-on payment, and lesser of 100% of billed charges. GMLOS + 8 Outlier per Diem $6,968.00. Add-on payment, and lesser of 100% of billed charges.",,,,,,,,,".  ",,,,,,,,,".  ",,73,,,,,0,Percent of total billed charges,73 percent of charges.  ; No services were performed during the 15 month look back period.,21029.72,,,,,,,Case Rate,". 200 percent of Medicaid DRG. Add-on payment, and lesser of 200% of billed charges. 200 percent of Medicaid DRG. Add-on payment, and lesser of 200% of billed charges.",,,,,,,,,".  ",10514.86,,,,,,,Case Rate,". 100 percent of Medicaid DRG. Add-on payment, and lesser of 100% of billed charges. 100 percent of Medicaid DRG. Add-on payment, and lesser of 100% of billed charges.",,,,,,,,,". 100 percent of Medicare DRG. Add-on payment,  . 100 percent of Medicare DRG. Add-on payment,  .",,,,,,,,,". 100 percent of Medicare DRG. Add-on payment,  . 100 percent of Medicare DRG. Add-on payment,  .",,,,,,,,,". 100 percent of Medicare DRG. Add-on payment,  . 100 percent of Medicare DRG. Add-on payment,  .",,,,,,,,,". 100 percent of Medicare DRG. Add-on payment,  . 100 percent of Medicare DRG. Add-on payment,  .",,,,,,,,,". 100 percent of Medicare DRG. Add-on payment,  . 100 percent of Medicare DRG. Add-on payment,  .",,,,,,,,,". 100 percent of Medicare DRG. Add-on payment,  . 100 percent of Medicare DRG. Add-on payment,  .",,,,,,,,,".  ",,,,,,,,,".  ",23658.43,,,,,,,Case Rate,". 225 percent of Medicaid DRG. Add-on payment, and lesser of 100% of billed charges. 225 percent of Medicaid DRG. Add-on payment, and lesser of 100% of billed charges.",23658.43,,,,,,,Case Rate,". 225 percent of Medicaid DRG. Add-on payment, and lesser of 100% of billed charges. 225 percent of Medicaid DRG. Add-on payment, and lesser of 100% of billed charges.",23658.43,,,,,,,Case Rate,". 225 percent of Medicaid DRG. Add-on payment, and lesser of 100% of billed charges. 225 percent of Medicaid DRG. Add-on payment, and lesser of 100% of billed charges.",23658.43,,,,,,,Case Rate,". 225 percent of Medicaid DRG. Add-on payment, and lesser of 100% of billed charges. 225 percent of Medicaid DRG. Add-on payment, and lesser of 100% of billed charges.",23658.43,,,,,,,Case Rate,". 225 percent of Medicaid DRG. Add-on payment, and lesser of 100% of billed charges. 225 percent of Medicaid DRG. Add-on payment, and lesser of 100% of billed charges.",,,,,,,,," ",,,,,,,,,".  ",,,,,,,,," ",,,,,,,,," ",,,,,,,,," ",,,,,,,,," ",,,,,,,,," ",,,,,,,,,". 100 percent of Medicare DRG. Add-on payment,  . 100 percent of Medicare DRG. Add-on payment,  .",,,,,,,,," ",,,,,,,,," ",,,,,,,,," ",,,,,,,,," ",,,,,,,,,". GMLOS + 8 Outlier per Diem $6,968.00. Add-on payment, and lesser of 100% of billed charges. GMLOS + 8 Outlier per Diem $6,968.00. Add-on payment, and lesser of 100% of billed charges.",,,,,,,,,". GMLOS + 8 Outlier per Diem $6,968.00. Add-on payment, and lesser of 100% of billed charges. GMLOS + 8 Outlier per Diem $6,968.00. Add-on payment, and lesser of 100% of billed charges.",,,,,,,,,". GMLOS + 8 Outlier per Diem $6,968.00. Add-on payment, and lesser of 100% of billed charges. GMLOS + 8 Outlier per Diem $6,968.00. Add-on payment, and lesser of 100% of billed charges.",,,,,,,,,". GMLOS + 8 Outlier per Diem $6,968.00. Add-on payment, and lesser of 100% of billed charges. GMLOS + 8 Outlier per Diem $6,968.00. Add-on payment, and lesser of 100% of billed charges.",,,,,,,,,".  ",,,,,,,,,".  ",,,,,,,,,". 100 percent of Medicare DRG. Add-on payment,  . 100 percent of Medicare DRG. Add-on payment,  .",,,,,,,,,". 100 percent of Medicare DRG. Add-on payment,  . 100 percent of Medicare DRG. Add-on payment,  .",,,,,,,,,". 100 percent of Medicare DRG. Add-on payment,  . 100 percent of Medicare DRG. Add-on payment,  .",,,,,,,,,".  ",,,,,,,,,".  ",,,,,,,,,".  ",,,,,,,,,".  ",,,,,,,,,". GMLOS + 8 Outlier per Diem $6,968.00. Add-on payment, and lesser of 100% of billed charges. GMLOS + 8 Outlier per Diem $6,968.00. Add-on payment, and lesser of 100% of billed charges.",,,,,,,,,". 100 percent of Medicare DRG. Add-on payment,  . 100 percent of Medicare DRG. Add-on payment,  .",,,,,,,,,".  ",10514.86,,,,,,,Case Rate,". 100 percent of Medicaid DRG. Add-on payment, and lesser of 100% of billed charges. 100 percent of Medicaid DRG. Add-on payment, and lesser of 100% of billed charges.",,,,,,,,,". 100 percent of Medicare DRG. Add-on payment, and lesser of 100% of billed charges. 100 percent of Medicare DRG. Add-on payment, and lesser of 100% of billed charges.",,,,,,,,,". 100 percent of Medicare DRG. Add-on payment, and lesser of 100% of billed charges. 100 percent of Medicare DRG. Add-on payment, and lesser of 100% of billed charges.",,,,,,,,,". 100 percent of Medicare DRG. Add-on payment, and lesser of 100% of billed charges. 100 percent of Medicare DRG. Add-on payment, and lesser of 100% of billed charges.",10514.86,,,,,,,Case Rate,". 100 percent of Medicaid DRG. Add-on payment, and lesser of 100% of billed charges. 100 percent of Medicaid DRG. Add-on payment, and lesser of 100% of billed charges.",23658.43,,,,,,,Case Rate,". 225 percent of Medicaid DRG. Add-on payment, and lesser of 225% of billed charges. 225 percent of Medicaid DRG. Add-on payment, and lesser of 225% of billed charges.",23658.43,,,,,,,Case Rate,". 225 percent of Medicaid DRG. Add-on payment, and lesser of 225% of billed charges. 225 percent of Medicaid DRG. Add-on payment, and lesser of 225% of billed charges.",23658.43,,,,,,,Case Rate,". 225 percent of Medicaid DRG. Add-on payment, and lesser of 225% of billed charges. 225 percent of Medicaid DRG. Add-on payment, and lesser of 225% of billed charges.",23658.43,,,,,,,Case Rate,". 225 percent of Medicaid DRG. Add-on payment, and lesser of 225% of billed charges. 225 percent of Medicaid DRG. Add-on payment, and lesser of 225% of billed charges.",23658.43,,,,,,,Case Rate,". 225 percent of Medicaid DRG. Add-on payment, and lesser of 225% of billed charges. 225 percent of Medicaid DRG. Add-on payment, and lesser of 225% of billed charges.",,,,,,,,,". 100 percent of Medicare DRG. Add-on payment, and lesser of 100% of billed charges. 100 percent of Medicare DRG. Add-on payment, and lesser of 100% of billed charges.",10514.86,,,,,,,Case Rate,". 100 percent of Medicaid DRG. Add-on payment, and lesser of 100% of billed charges. 100 percent of Medicaid DRG. Add-on payment, and lesser of 100% of billed charges.",10514.86,,,,,,,Case Rate,". 100 percent of Medicaid DRG. Add-on payment, and lesser of 100% of billed charges. 100 percent of Medicaid DRG. Add-on payment, and lesser of 100% of billed charges.",23658.43,,,,,,,Case Rate,". 225 percent of Medicaid DRG. Add-on payment, and lesser of 225% of billed charges. 225 percent of Medicaid DRG. Add-on payment, and lesser of 225% of billed charges.",23658.43,,,,,,,Case Rate,". 225 percent of Medicaid DRG. Add-on payment, and lesser of 225% of billed charges. 225 percent of Medicaid DRG. Add-on payment, and lesser of 225% of billed charges.",10514.86,,,,,,,Case Rate,". 100 percent of Medicaid DRG. Add-on payment, and lesser of 100% of billed charges. 100 percent of Medicaid DRG. Add-on payment, and lesser of 100% of billed charges.",10514.86,,,,,,,Case Rate,". 100 percent of Medicaid DRG. Add-on payment, and lesser of 100% of billed charges. 100 percent of Medicaid DRG. Add-on payment, and lesser of 100% of billed charges.",23658.43,,,,,,,Case Rate,". 225 percent of Medicaid DRG. Add-on payment, and lesser of 100% of billed charges. 225 percent of Medicaid DRG. Add-on payment, and lesser of 100% of billed charges.",,,,,,,,,". 100 percent of Medicare DRG. Add-on payment,  . 100 percent of Medicare DRG. Add-on payment,  .",,,,,,,,,". 100 percent of Medicare DRG. Add-on payment,  . 100 percent of Medicare DRG. Add-on payment,  .",,,,,,,,,". GMLOS + 8 Outlier per Diem $6,968.00. Add-on payment, and lesser of 100% of billed charges. GMLOS + 8 Outlier per Diem $6,968.00. Add-on payment, and lesser of 100% of billed charges.",,,,,,,,,". 100 percent of Medicare DRG. Add-on payment,  . 100 percent of Medicare DRG. Add-on payment,  .",23658.43,,,,,,,Case Rate,". 225 percent of Medicaid DRG. Add-on payment, and lesser of 225% of billed charges. 225 percent of Medicaid DRG. Add-on payment, and lesser of 225% of billed charges.",23658.43,,,,,,,Case Rate,". 225 percent of Medicaid DRG. Add-on payment, and lesser of 225% of billed charges. 225 percent of Medicaid DRG. Add-on payment, and lesser of 225% of billed charges.",10514.86,,,,,,,Case Rate,". 100 percent of Medicaid DRG. Add-on payment, and lesser of 100% of billed charges. 100 percent of Medicaid DRG. Add-on payment, and lesser of 100% of billed charges.",10514.86,,,,,,,Case Rate,". 100 percent of Medicaid DRG. Add-on payment, and lesser of 100% of billed charges. 100 percent of Medicaid DRG. Add-on payment, and lesser of 100% of billed charges.",15642.72,,,,,,,Case Rate,". 225 percent of Medicaid DRG. Add-on payment, and lesser of 225% of billed charges. 225 percent of Medicaid DRG. Add-on payment, and lesser of 225% of billed charges.",10514.86,,,,,,,Case Rate,". 100 percent of Medicaid DRG. Add-on payment, and lesser of 100% of billed charges. 100 percent of Medicaid DRG. Add-on payment, and lesser of 100% of billed charges.",30493.09,,,,,,,Case Rate,". 290 percent of Medicaid DRG. Add-on payment, and lesser of 100% of billed charges. 290 percent of Medicaid DRG. Add-on payment, and lesser of 100% of billed charges.",30493.09,,,,,,,Case Rate,". 290 percent of Medicaid DRG. Add-on payment, and lesser of 100% of billed charges. 290 percent of Medicaid DRG. Add-on payment, and lesser of 100% of billed charges.",30493.09,,,,,,,Case Rate,". 290 percent of Medicaid DRG. Add-on payment, and lesser of 100% of billed charges. 290 percent of Medicaid DRG. Add-on payment, and lesser of 100% of billed charges.",30493.09,,,,,,,Case Rate,". 290 percent of Medicaid DRG. Add-on payment, and lesser of 100% of billed charges. 290 percent of Medicaid DRG. Add-on payment, and lesser of 100% of billed charges.",,,,,,,,," ",,,,,,,,,".  ",14195.06,,,,,,,Case Rate,"135% of Medicaid EP 1 and 2, 100% of medicaid EP 3 and 4.  ",14195.06,,,,,,,Case Rate,"135% of Medicaid EP 1 and 2, 100% of medicaid EP 3 and 4.  ",10514.86,,,,,,,Case Rate,". 100 percent of Medicaid DRG. Add-on payment, and lesser of 100% of billed charges. 100 percent of Medicaid DRG. Add-on payment, and lesser of 100% of billed charges.",10514.86,,,,,,,Case Rate,". 100 percent of Medicaid DRG. Add-on payment, and lesser of 100% of billed charges. 100 percent of Medicaid DRG. Add-on payment, and lesser of 100% of billed charges.",,,,,,,,,".  ",,,,,,,,,".  ",,,,,,,,,". 100 percent of Medicare DRG. Add-on payment,  . 100 percent of Medicare DRG. Add-on payment,  .",,,,,,,,,".  ",,,,,,,,,".  ",,,,,,,,,".  ",,,,,,,,,".  ",,,,,,,,,". 100 percent of Medicare DRG. Add-on payment,  . 100 percent of Medicare DRG. Add-on payment,  .",,,,,,,,,".  ",,,,,,,,,".  ",,,,,,,,,". GMLOS + 8 Outlier per Diem $6,968.00. Add-on payment, and lesser of 100% of billed charges. GMLOS + 8 Outlier per Diem $6,968.00. Add-on payment, and lesser of 100% of billed charges.",10514.86,,,,,,,Case Rate,". 100 percent of Medicaid DRG. Add-on payment, and lesser of 100% of billed charges. 100 percent of Medicaid DRG. Add-on payment, and lesser of 100% of billed charges.",10514.86,,,,,,,Case Rate,". 100 percent of Medicaid DRG. Add-on payment, and lesser of 100% of billed charges. 100 percent of Medicaid DRG. Add-on payment, and lesser of 100% of billed charges.",23658.43,,,,,,,Case Rate,". 225 percent of Medicaid DRG. Add-on payment, and lesser of 225% of billed charges. 225 percent of Medicaid DRG. Add-on payment, and lesser of 225% of billed charges.",15642.72,,,,,,,Case Rate,". 225 percent of Medicaid DRG. Add-on payment, and lesser of 225% of billed charges. 225 percent of Medicaid DRG. Add-on payment, and lesser of 225% of billed charges.",10514.86,,,,,,,Case Rate,". 100 percent of Medicaid DRG. Add-on payment, and lesser of 100% of billed charges. 100 percent of Medicaid DRG. Add-on payment, and lesser of 100% of billed charges.",23658.43,,,,,,,Case Rate,". 225 percent of Medicaid DRG. Add-on payment, and lesser of 225% of billed charges. 225 percent of Medicaid DRG. Add-on payment, and lesser of 225% of billed charges.",23658.43,,,,,,,Case Rate,". 225 percent of Medicaid DRG. Add-on payment, and lesser of 225% of billed charges. 225 percent of Medicaid DRG. Add-on payment, and lesser of 225% of billed charges.",23658.43,,,,,,,Case Rate,". 225 percent of Medicaid DRG. Add-on payment, and lesser of 225% of billed charges. 225 percent of Medicaid DRG. Add-on payment, and lesser of 225% of billed charges.",23658.43,,,,,,,Case Rate,". 225 percent of Medicaid DRG. Add-on payment, and lesser of 225% of billed charges. 225 percent of Medicaid DRG. Add-on payment, and lesser of 225% of billed charges.",23658.43,,,,,,,Case Rate,". 225 percent of Medicaid DRG. Add-on payment, and lesser of 225% of billed charges. 225 percent of Medicaid DRG. Add-on payment, and lesser of 225% of billed charges.",23658.43,,,,,,,Case Rate,". 225 percent of Medicaid DRG. Add-on payment, and lesser of 225% of billed charges. 225 percent of Medicaid DRG. Add-on payment, and lesser of 225% of billed charges.",,,,,,,,," ",,,,,,,,," ",,,,,,,,," ",,,,,,,,,".  ",,,,,,,,," ",,,,,,,,,". 100 percent of Medicare DRG. Add-on payment,  . 100 percent of Medicare DRG. Add-on payment,  .",,,,,,,,,".  ",,,,,,,,,". 100 percent of Medicare DRG. Add-on payment,  . 100 percent of Medicare DRG. Add-on payment,  .",,,,,,,,,". 100 percent of Medicare DRG. Add-on payment,  . 100 percent of Medicare DRG. Add-on payment,  .",14195.06,,,,,,,Case Rate,"135% of Medicaid EP 1 and 2, 100% of medicaid EP 3 and 4.  ",14195.06,,,,,,,Case Rate,"135% of Medicaid EP 1 and 2, 100% of medicaid EP 3 and 4.  ",10514.86,,,,,,,Case Rate,". 100 percent of Medicaid DRG. Add-on payment, and lesser of 100% of billed charges. 100 percent of Medicaid DRG. Add-on payment, and lesser of 100% of billed charges.",10514.86,,,,,,,Case Rate,". 100 percent of Medicaid DRG. Add-on payment, and lesser of 100% of billed charges. 100 percent of Medicaid DRG. Add-on payment, and lesser of 100% of billed charges.",10514.86,,,,,,,Case Rate,". 100 percent of Medicaid DRG. Add-on payment, and lesser of 100% of billed charges. 100 percent of Medicaid DRG. Add-on payment, and lesser of 100% of billed charges.",,,,,,,,," ",,,,,,,,,". GMLOS + 8 Outlier per Diem $6,968.00. Add-on payment, and lesser of 100% of billed charges. GMLOS + 8 Outlier per Diem $6,968.00. Add-on payment, and lesser of 100% of billed charges.",,,,,,,,," ",,,,,,,,,".  ",,,,,,,,,". 100 percent of Medicare DRG. Add-on payment, . 100 percent of Medicare DRG. Add-on payment, .",,,,,,,,,". 100 percent of Medicare DRG. Add-on payment,  . 100 percent of Medicare DRG. Add-on payment,  .",,,,,,,,,". 100 percent of Medicare DRG. Add-on payment,  . 100 percent of Medicare DRG. Add-on payment,  .",,,,,,,,,". 100 percent of Medicare DRG. Add-on payment,  . 100 percent of Medicare DRG. Add-on payment,  .",,,,,,,,,". 100 percent of Medicare DRG. Add-on payment, . 100 percent of Medicare DRG. Add-on payment, .",,,,,,,,,". 100 percent of Medicare DRG. Add-on payment,  . 100 percent of Medicare DRG. Add-on payment,  .",,,,,,,,," ",23658.43,,,,,,,Case Rate,". 225 percent of Medicaid DRG. Add-on payment, and lesser of 225% of billed charges. 225 percent of Medicaid DRG. Add-on payment, and lesser of 225% of billed charges.",10514.86,,,,,,,Case Rate,". 100 percent of Medicaid DRG. Add-on payment, and lesser of 100% of billed charges. 100 percent of Medicaid DRG. Add-on payment, and lesser of 100% of billed charges.",,,,,,,,,".  ",,,,,,,,," ",,,,,,,,," ",,,,,,,,," ",,,,,,,,," ",,,,,,,,,". 100 percent of Medicare DRG. Add-on payment,  . 100 percent of Medicare DRG. Add-on payment,  .",10514.86,,,,,,,Case Rate,". 100 percent of Medicaid DRG. Add-on payment, and lesser of 100% of billed charges. 100 percent of Medicaid DRG. Add-on payment, and lesser of 100% of billed charges.",,,,,,,,,".  ",10514.86,,,,,,,Case Rate,". 100 percent of Medicaid DRG. Add-on payment, and lesser of 100% of billed charges. 100 percent of Medicaid DRG. Add-on payment, and lesser of 100% of billed charges.",,,,,,,,,". 100 percent of Medicare DRG. Add-on payment,  . 100 percent of Medicare DRG. Add-on payment,  .",10514.86,,,,,,,Case Rate,". 100 percent of Medicaid DRG. Add-on payment, and lesser of 100% of billed charges. 100 percent of Medicaid DRG. Add-on payment, and lesser of 100% of billed charges.",,,,,,,,,". 100 percent of Medicare DRG. Add-on payment,  . 100 percent of Medicare DRG. Add-on payment,  .",,,,,,,,,". 100 percent of Medicare DRG. Add-on payment,  . 100 percent of Medicare DRG. Add-on payment,  .",10514.86,,,,,,,Case Rate,". 100 percent of Medicaid DRG. Add-on payment, and lesser of 100% of billed charges. 100 percent of Medicaid DRG. Add-on payment, and lesser of 100% of billed charges.",10514.86,,,,,,,Case Rate,". 100 percent of Medicaid DRG. Add-on payment, and lesser of 100% of billed charges. 100 percent of Medicaid DRG. Add-on payment, and lesser of 100% of billed charges.",,,,,,,,," ",,,,,,,,,".  ",,73,,,,,0,Percent of total billed charges,73 percent of charges.  ; No services were performed during the 15 month look back period.,,,,,,,,,".  ",,,,,,,,,".  ",,,,,,,,,". GMLOS + 8 Outlier per Diem $6,968.00. Add-on payment, and lesser of 100% of billed charges. GMLOS + 8 Outlier per Diem $6,968.00. Add-on payment, and lesser of 100% of billed charges.",,,,,,,,,". 93 percent of Medicare DRG. Add-on payment, and lesser of 100% of billed charges. 93 percent of Medicare DRG. Add-on payment, and lesser of 100% of billed charges.",,,,,,,,," ",,,,,,,,," ",,,,,,,,,".  ",,,,,,,,,".  ",,,,,,,,,". 100 percent of Medicare DRG. Add-on payment,  . 100 percent of Medicare DRG. Add-on payment,  .",,,,,,,,,". 100 percent of Medicare DRG. Add-on payment,  . 100 percent of Medicare DRG. Add-on payment,  .",,,,,,,,,". 100 percent of Medicare DRG. Add-on payment,  . 100 percent of Medicare DRG. Add-on payment,  .",,,,,,,,,". 100 percent of Medicare DRG. Add-on payment,  . 100 percent of Medicare DRG. Add-on payment,  .",,,,,,,,,".  ",,,,,,,,,".  ",,,,,,,,,".  ",,,,,,,,,". 100 percent of Medicare DRG. Add-on payment,  . 100 percent of Medicare DRG. Add-on payment,  .",,,,,,,,,".  ",,,,,,,,," ",10514.86,,,,,,,Case Rate,". 100 percent of Medicaid DRG. Add-on payment, and lesser of 100% of billed charges. 100 percent of Medicaid DRG. Add-on payment, and lesser of 100% of billed charges.",10514.86,,,,,,,Case Rate,". 100 percent of Medicaid DRG. Add-on payment, and lesser of 100% of billed charges. 100 percent of Medicaid DRG. Add-on payment, and lesser of 100% of billed charges.",,,,,,,,," ",,,,,,,,,".  ",,,,,,,,,".  ",,,,,,,,,".  ",,,,,,,,,".  ",,,,,,,,,". 100 percent of Medicare DRG. Add-on payment, . 100 percent of Medicare DRG. Add-on payment, .",11040.6,,,,,,,Case Rate,". 105 percent of Medicaid DRG. Add-on payment, and lesser of 100% of billed charges. 105 percent of Medicaid DRG. Add-on payment, and lesser of 100% of billed charges.",11040.6,,,,,,,Case Rate,". 105 percent of Medicaid DRG. Add-on payment, and lesser of 100% of billed charges. 105 percent of Medicaid DRG. Add-on payment, and lesser of 100% of billed charges.",11040.6,,,,,,,Case Rate,". 105 percent of Medicaid DRG. Add-on payment, and lesser of 100% of billed charges. 105 percent of Medicaid DRG. Add-on payment, and lesser of 100% of billed charges.",11040.6,,,,,,,Case Rate,". 105 percent of Medicaid DRG. Add-on payment, and lesser of 100% of billed charges. 105 percent of Medicaid DRG. Add-on payment, and lesser of 100% of billed charges.",,,,,,,,,".  ",11040.6,,,,,,,Case Rate,". 105 percent of Medicaid DRG. Add-on payment, and lesser of 100% of billed charges. 105 percent of Medicaid DRG. Add-on payment, and lesser of 100% of billed charges.",11040.6,,,,,,,Case Rate,". 105 percent of Medicaid DRG. Add-on payment, and lesser of 100% of billed charges. 105 percent of Medicaid DRG. Add-on payment, and lesser of 100% of billed charges.",11040.6,,,,,,,Case Rate,". 105 percent of Medicaid DRG. Add-on payment, and lesser of 100% of billed charges. 105 percent of Medicaid DRG. Add-on payment, and lesser of 100% of billed charges.",11040.6,,,,,,,Case Rate,". 105 percent of Medicaid DRG. Add-on payment, and lesser of 100% of billed charges. 105 percent of Medicaid DRG. Add-on payment, and lesser of 100% of billed charges.",11040.6,,,,,,,Case Rate,". 105 percent of Medicaid DRG. Add-on payment, and lesser of 100% of billed charges. 105 percent of Medicaid DRG. Add-on payment, and lesser of 100% of billed charges.",11040.6,,,,,,,Case Rate,". 105 percent of Medicaid DRG. Add-on payment, and lesser of 100% of billed charges. 105 percent of Medicaid DRG. Add-on payment, and lesser of 100% of billed charges.",11040.6,,,,,,,Case Rate,". 105 percent of Medicaid DRG. Add-on payment, and lesser of 100% of billed charges. 105 percent of Medicaid DRG. Add-on payment, and lesser of 100% of billed charges.",,,,,,,,,". 100 percent of Medicare DRG. Add-on payment,  . 100 percent of Medicare DRG. Add-on payment,  .",,,,,,,,,".  ",,,,,,,,,". 100 percent of Medicare DRG. Add-on payment,  . 100 percent of Medicare DRG. Add-on payment,  .",11040.6,,,,,,,Case Rate,". 105 percent of Medicaid DRG. Add-on payment, and lesser of 100% of billed charges. 105 percent of Medicaid DRG. Add-on payment, and lesser of 100% of billed charges.",,,,,,,,,".  ",,,,,,,,,". 100 percent of Medicare DRG. Add-on payment,  . 100 percent of Medicare DRG. Add-on payment,  .",,,,,,,,,".  ",,,,,,,,,".  ",,,,,,,,,".  ",11040.6,,,,,,,Case Rate,". 105 percent of Medicaid DRG. Add-on payment, and lesser of 100% of billed charges. 105 percent of Medicaid DRG. Add-on payment, and lesser of 100% of billed charges.",,,,,,,,,". 100 percent of Medicare DRG. Add-on payment,  . 100 percent of Medicare DRG. Add-on payment,  .",,,,,,,,,".  ",11040.6,,,,,,,Case Rate,". 105 percent of Medicaid DRG. Add-on payment, and lesser of 100% of billed charges. 105 percent of Medicaid DRG. Add-on payment, and lesser of 100% of billed charges.",,,,,,,,,".  ",,,,,,,,,". Delay in Discharge per diem $4,1023 Delay in Discharge per diem $4,1023",,,,,,,,,". 100 percent of Medicare DRG. Add-on payment, . 100 percent of Medicare DRG. Add-on payment, .",,,,,,,,," ",,,,,,,,," ",,,,,,,,," ",,,,,,,,," ",,,,,,,,," ",,,,,,,,," ",,,,,,,,," ",,,,,,,,," ",,,,,,,,," ",,,,,,,,," ",,,,,,,,," ",,,,,,,,," ",,,,,,,,,". 100 percent of Medicare DRG. Add-on payment,  . 100 percent of Medicare DRG. Add-on payment,  .",,,,,,,,," ",,,,,,,,,". 100 percent of Medicare DRG. Add-on payment,  . 100 percent of Medicare DRG. Add-on payment,  .",23658.43,,,,,,,Case Rate,". 225 percent of Medicaid DRG. Add-on payment, and lesser of 225% of billed charges. 225 percent of Medicaid DRG. Add-on payment, and lesser of 225% of billed charges.",10514.86,,,,,,,Case Rate,". 100 percent of Medicaid DRG. Add-on payment, and lesser of 100% of billed charges. 100 percent of Medicaid DRG. Add-on payment, and lesser of 100% of billed charges.",,,,,,,,,".  ",,,,,,,,,".  ",,,,,,,,,". 100 percent of Medicare DRG. Add-on payment,  . 100 percent of Medicare DRG. Add-on payment,  .",,,,,,,,," ",,,,,,,,,". 100 percent of Medicare DRG. Add-on payment,  . 100 percent of Medicare DRG. Add-on payment,  .",,,,,,,,,". 100 percent of Medicare DRG. Add-on payment,  . 100 percent of Medicare DRG. Add-on payment,  .",,,,,,,,,". GMLOS + 8 Outlier per Diem $6,968.00. Add-on payment, and lesser of 100% of billed charges. GMLOS + 8 Outlier per Diem $6,968.00. Add-on payment, and lesser of 100% of billed charges.",,,,,,,,,". 100 percent of Medicare DRG. Add-on payment,  . 100 percent of Medicare DRG. Add-on payment,  .",,,,,,,,,".  ",,,,,,,,,". 100 percent of Medicare DRG. Add-on payment,  . 100 percent of Medicare DRG. Add-on payment,  .",,,,,,,,,".  ",,,,,,,,,". GMLOS + 8 Outlier per Diem $6,968.00. Add-on payment, and lesser of 100% of billed charges. GMLOS + 8 Outlier per Diem $6,968.00. Add-on payment, and lesser of 100% of billed charges.",,,,,,,,,".  ",,,,,,,,,". 100 percent of Medicare DRG. Add-on payment,  . 100 percent of Medicare DRG. Add-on payment,  .",10514.86,,,,,,,Case Rate,". 100 percent of Medicaid DRG. Add-on payment, and lesser of 100% of billed charges. 100 percent of Medicaid DRG. Add-on payment, and lesser of 100% of billed charges.",,,,,,,,,". 100 percent of Medicare DRG. Add-on payment,  . 100 percent of Medicare DRG. Add-on payment,  .",,,,,,,,,".  ",,,,,,,,,".  ",10514.86,,,,,,,Case Rate,". 100 percent of Medicaid DRG. Add-on payment, and lesser of 100% of billed charges. 100 percent of Medicaid DRG. Add-on payment, and lesser of 100% of billed charges.",,,,,,,,,".  ",10514.86,,,,,,,Case Rate,". 100 percent of Medicaid DRG. Add-on payment, and lesser of 100% of billed charges. 100 percent of Medicaid DRG. Add-on payment, and lesser of 100% of billed charges.",10514.86,,,,,,,Case Rate,". 100 percent of Medicaid DRG. Add-on payment, and lesser of 100% of billed charges. 100 percent of Medicaid DRG. Add-on payment, and lesser of 100% of billed charges.",,,,,,,,,".  ",,,,,,,,,".  ",,,,,,,,,".  ",,,,,,,,,".  ",,,,,,,,,".  ",,,,,,,,,".  ",,,,,,,,,".  ",,,,,,,,," ",,,,,,,,," ",,,,,,,,," ",10514.86,,,,,,,Case Rate,". 100 percent of Medicaid DRG. Add-on payment, and lesser of 100% of billed charges. 100 percent of Medicaid DRG. Add-on payment, and lesser of 100% of billed charges.",,,,,,,,,".  ",,,,,,,,,".  ",,,,,,,,,". GMLOS + 8 Outlier per Diem $6,968.00. Add-on payment, and lesser of 100% of billed charges. GMLOS + 8 Outlier per Diem $6,968.00. Add-on payment, and lesser of 100% of billed charges.",,,,,,,,,".  ",,,,,,,,,". GMLOS + 8 Outlier per Diem $6,968.00. Add-on payment, and lesser of 100% of billed charges. GMLOS + 8 Outlier per Diem $6,968.00. Add-on payment, and lesser of 100% of billed charges.",,,,,,,,,".  ",,,,,,,,,".  ",,,,,,,,,".  ",,,,,,,,,".  ",,,,,,,,,".  ",,,,,,,,,". 100 percent of Medicare DRG. Add-on payment,  . 100 percent of Medicare DRG. Add-on payment,  .",6952.32,30493.09,
APR220-1,DRG,,,,,"APR220-1 MAJOR STOMACH, ESOPHAGEAL & DUODENAL PROCEDURES",,,Inpatient,,,,,,,,,,,,".  ",,,,,,,,,".  ",,,,,,,,,". GMLOS + 8 Outlier per Diem $6,968.00. Add-on payment, and lesser of 100% of billed charges. GMLOS + 8 Outlier per Diem $6,968.00. Add-on payment, and lesser of 100% of billed charges.",,100,,,,,0,Percent of total billed charges,100 percent of charges.  ; No services were performed during the 15 month look back period.,,,,,,,,,". 100 percent of Medicare DRG. Add-on payment,  . 100 percent of Medicare DRG. Add-on payment,  .",,,,,,,,,". GMLOS + 8 Outlier per Diem $6,968.00. Add-on payment, and lesser of 100% of billed charges. GMLOS + 8 Outlier per Diem $6,968.00. Add-on payment, and lesser of 100% of billed charges.",,,,,,,,,". GMLOS + 8 Outlier per Diem $6,968.00. Add-on payment, and lesser of 100% of billed charges. GMLOS + 8 Outlier per Diem $6,968.00. Add-on payment, and lesser of 100% of billed charges.",,,,,,,,,". GMLOS + 8 Outlier per Diem $6,968.00. Add-on payment, and lesser of 100% of billed charges. GMLOS + 8 Outlier per Diem $6,968.00. Add-on payment, and lesser of 100% of billed charges.",23642.17,,,,,,,Case Rate,". 155 percent of Medicaid DRG. Add-on payment, and lesser of 100% of billed charges. 155 percent of Medicaid DRG. Add-on payment, and lesser of 100% of billed charges.",15253.01,,,,,,,Case Rate,". 100 percent of Medicaid DRG. Add-on payment, and lesser of 100% of billed charges. 100 percent of Medicaid DRG. Add-on payment, and lesser of 100% of billed charges.",,73,,,,,0,Percent of total billed charges,73 percent of charges.  ; No services were performed during the 15 month look back period.,,,,,,,,,".  ",15253.01,,,,,,,Case Rate,". 100 percent of Medicaid DRG. Add-on payment, and lesser of 100% of billed charges. 100 percent of Medicaid DRG. Add-on payment, and lesser of 100% of billed charges.",,,,,,,,,". 100 percent of Medicare DRG. Add-on payment,  . 100 percent of Medicare DRG. Add-on payment,  .",,,,,,,,,".  ",,,,,,,,,".  ",,,,,,,,,".  ",,,,,,,,,".  ",15253.01,,,,,,,Case Rate,". 100 percent of Medicaid DRG. Add-on payment, and lesser of 100% of billed charges. 100 percent of Medicaid DRG. Add-on payment, and lesser of 100% of billed charges.",,,,,,,,,". 100 percent of Medicare DRG. Add-on payment,  . 100 percent of Medicare DRG. Add-on payment,  .",15253.01,,,,,,,Case Rate,". 100 percent of Medicaid DRG. Add-on payment, and lesser of 100% of billed charges. 100 percent of Medicaid DRG. Add-on payment, and lesser of 100% of billed charges.",,73,,,,,0,Percent of total billed charges,73 percent of charges.  ; No services were performed during the 15 month look back period.,,,,,,,,,". GMLOS + 8 Outlier per Diem $6,968.00. Add-on payment, and lesser of 100% of billed charges. GMLOS + 8 Outlier per Diem $6,968.00. Add-on payment, and lesser of 100% of billed charges.",,,,,,,,,". 100 percent of Medicare DRG. Add-on payment, and lesser of 100% of billed charges. 100 percent of Medicare DRG. Add-on payment, and lesser of 100% of billed charges.",,,,,,,,," ",,,,,,,,,". 100 percent of Medicare DRG. Add-on payment, and lesser of 100% of billed charges. 100 percent of Medicare DRG. Add-on payment, and lesser of 100% of billed charges.",,,,,,,,,". 100 percent of Medicare DRG. Add-on payment, and lesser of 100% of billed charges. 100 percent of Medicare DRG. Add-on payment, and lesser of 100% of billed charges.",,73,,,,,0,Percent of total billed charges,73 percent of charges.  ; No services were performed during the 15 month look back period.,15253.01,,,,,,,Case Rate,". 100 percent of Medicaid DRG. Add-on payment, and lesser of 100% of billed charges. 100 percent of Medicaid DRG. Add-on payment, and lesser of 100% of billed charges.",15253.01,,,,,,,Case Rate,". 100 percent of Medicaid DRG. Add-on payment, and lesser of 100% of billed charges. 100 percent of Medicaid DRG. Add-on payment, and lesser of 100% of billed charges.",15253.01,,,,,,,Case Rate,". 100 percent of Medicaid DRG. Add-on payment, and lesser of 100% of billed charges. 100 percent of Medicaid DRG. Add-on payment, and lesser of 100% of billed charges.",15253.01,,,,,,,Case Rate,". 100 percent of Medicaid DRG. Add-on payment, and lesser of 100% of billed charges. 100 percent of Medicaid DRG. Add-on payment, and lesser of 100% of billed charges.",,,,,,,,," ",,,,,,,,," ",15253.01,,,,,,,Case Rate,". 100 percent of Medicaid DRG. Add-on payment, and lesser of 100% of billed charges. 100 percent of Medicaid DRG. Add-on payment, and lesser of 100% of billed charges.",,,,,,,,," ",15253.01,,,,,,,Case Rate,". 100 percent of Medicaid DRG. Add-on payment, and lesser of 100% of billed charges. 100 percent of Medicaid DRG. Add-on payment, and lesser of 100% of billed charges.",,,,,,,,,". 100 percent of Medicare DRG. Add-on payment, . 100 percent of Medicare DRG. Add-on payment, .",,,,,,,,," ",,73,,,,,0,Percent of total billed charges,73 percent of charges.  ; No services were performed during the 15 month look back period.,15253.01,,,,,,,Case Rate,". 100 percent of Medicaid DRG. Add-on payment, and lesser of 100% of billed charges. 100 percent of Medicaid DRG. Add-on payment, and lesser of 100% of billed charges.",15253.01,,,,,,,Case Rate,". 100 percent of Medicaid DRG. Add-on payment, and lesser of 100% of billed charges. 100 percent of Medicaid DRG. Add-on payment, and lesser of 100% of billed charges.",,73,,,,,0,Percent of total billed charges,73 percent of charges.  ; No services were performed during the 15 month look back period.,,,,,,,,,".  ",,,,,,,,,".  ",,,,,,,,,".  ",,73,,,,,0,Percent of total billed charges,73 percent of charges.  ; No services were performed during the 15 month look back period.,,,,,,,,,". 100 percent of Medicare DRG. Add-on payment,  . 100 percent of Medicare DRG. Add-on payment,  .",,,,,,,,,".  ",,,,,,,,,".  ",,,,,,,,,".  ",,,,,,,,,". 100 percent of Medicare DRG. Add-on payment,  . 100 percent of Medicare DRG. Add-on payment,  .",,,,,,,,,".  ",,,,,,,,,".  ",,,,,,,,,". 100 percent of Medicare DRG. Add-on payment, and lesser of 100% of billed charges. 100 percent of Medicare DRG. Add-on payment, and lesser of 100% of billed charges.",,,,,,,,,".  ",,,,,,,,,".  ",,,,,,,,,".  ",,,,,,,,,".  ",,,,,,,,,".  ",,,,,,,,,".  ",,,,,,,,,".  ",,,,,,,,,". 100 percent of Medicare DRG. Add-on payment,  . 100 percent of Medicare DRG. Add-on payment,  .",,,,,,,,,". 100 percent of Medicare DRG. Add-on payment,  . 100 percent of Medicare DRG. Add-on payment,  .",,,,,,,,,".  ",,73,,,,,0,Percent of total billed charges,73 percent of charges.  ; No services were performed during the 15 month look back period.,,73,,,,,0,Percent of total billed charges,73 percent of charges.  ; No services were performed during the 15 month look back period.,,73,,,,,0,Percent of total billed charges,73 percent of charges.  ; No services were performed during the 15 month look back period.,,73,,,,,0,Percent of total billed charges,73 percent of charges.  ; No services were performed during the 15 month look back period.,,73,,,,,0,Percent of total billed charges,73 percent of charges.  ; No services were performed during the 15 month look back period.,,73,,,,,0,Percent of total billed charges,73 percent of charges.  ; No services were performed during the 15 month look back period.,,73,,,,,0,Percent of total billed charges,73 percent of charges.  ; No services were performed during the 15 month look back period.,,73,,,,,0,Percent of total billed charges,73 percent of charges.  ; No services were performed during the 15 month look back period.,,73,,,,,0,Percent of total billed charges,73 percent of charges.  ; No services were performed during the 15 month look back period.,,73,,,,,0,Percent of total billed charges,73 percent of charges.  ; No services were performed during the 15 month look back period.,,73,,,,,0,Percent of total billed charges,73 percent of charges.  ; No services were performed during the 15 month look back period.,,73,,,,,0,Percent of total billed charges,73 percent of charges.  ; No services were performed during the 15 month look back period.,,73,,,,,0,Percent of total billed charges,73 percent of charges.  ; No services were performed during the 15 month look back period.,,73,,,,,0,Percent of total billed charges,73 percent of charges.  ; No services were performed during the 15 month look back period.,,73,,,,,0,Percent of total billed charges,73 percent of charges.  ; No services were performed during the 15 month look back period.,,73,,,,,0,Percent of total billed charges,73 percent of charges.  ; No services were performed during the 15 month look back period.,,73,,,,,0,Percent of total billed charges,73 percent of charges.  ; No services were performed during the 15 month look back period.,,73,,,,,0,Percent of total billed charges,73 percent of charges.  ; No services were performed during the 15 month look back period.,,73,,,,,0,Percent of total billed charges,73 percent of charges.  ; No services were performed during the 15 month look back period.,,73,,,,,0,Percent of total billed charges,73 percent of charges.  ; No services were performed during the 15 month look back period.,,73,,,,,0,Percent of total billed charges,73 percent of charges.  ; No services were performed during the 15 month look back period.,,73,,,,,0,Percent of total billed charges,73 percent of charges.  ; No services were performed during the 15 month look back period.,,73,,,,,0,Percent of total billed charges,73 percent of charges.  ; No services were performed during the 15 month look back period.,,73,,,,,0,Percent of total billed charges,73 percent of charges.  ; No services were performed during the 15 month look back period.,,73,,,,,0,Percent of total billed charges,73 percent of charges.  ; No services were performed during the 15 month look back period.,,73,,,,,0,Percent of total billed charges,73 percent of charges.  ; No services were performed during the 15 month look back period.,,,,,,,,," ",,,,,,,,," ",,,,,,,,," ",,,,,,,,," ",,,,,,,,," ",,,,,,,,," ",,,,,,,,,".  ",,,,,,,,,".  ",,,,,,,,,".  ",,,,,,,,,".  ",,73,,,,,0,Percent of total billed charges,73 percent of charges.  ; No services were performed during the 15 month look back period.,,,,,,,,," ",,,,,,,,,".  ",,,,,,,,,".  ",,,,,,,,,".  ",,,,,,,,," ",,73,,,,,0,Percent of total billed charges,73 percent of charges.  ; No services were performed during the 15 month look back period.,15253.01,,,,,,,Case Rate,". 100 percent of Medicaid DRG. Add-on payment, and lesser of 100% of billed charges. 100 percent of Medicaid DRG. Add-on payment, and lesser of 100% of billed charges.",,,,,,,,," ",15253.01,,,,,,,Case Rate,". 100 percent of Medicaid DRG. Add-on payment, and lesser of 100% of billed charges. 100 percent of Medicaid DRG. Add-on payment, and lesser of 100% of billed charges.",,,,,,,,,". 100 percent of Medicare DRG. Add-on payment, . 100 percent of Medicare DRG. Add-on payment, .",,,,,,,,,". 100 percent of Medicare DRG. Add-on payment,  . 100 percent of Medicare DRG. Add-on payment,  .",,,,,,,,,".  ",,,,,,,,,". 100 percent of Medicare DRG. Add-on payment,  . 100 percent of Medicare DRG. Add-on payment,  .",,,,,,,,,". 100 percent of Medicare DRG. Add-on payment,  . 100 percent of Medicare DRG. Add-on payment,  .",15253.01,,,,,,,Case Rate,". 100 percent of Medicaid DRG. Add-on payment, and lesser of 100% of billed charges. 100 percent of Medicaid DRG. Add-on payment, and lesser of 100% of billed charges.",,,,,,,,,". 100 percent of Medicare DRG. Add-on payment,  . 100 percent of Medicare DRG. Add-on payment,  .",,,,,,,,,". 100 percent of Medicare DRG. Add-on payment,  . 100 percent of Medicare DRG. Add-on payment,  .",,,,,,,,,". GMLOS + 8 Outlier per Diem $6,968.00. Add-on payment, and lesser of 100% of billed charges. GMLOS + 8 Outlier per Diem $6,968.00. Add-on payment, and lesser of 100% of billed charges.",,,,,,,,,". GMLOS + 8 Outlier per Diem $6,968.00. Add-on payment, and lesser of 100% of billed charges. GMLOS + 8 Outlier per Diem $6,968.00. Add-on payment, and lesser of 100% of billed charges.",,,,,,,,,". 100 percent of Medicare DRG. Add-on payment,  . 100 percent of Medicare DRG. Add-on payment,  .",,,,,,,,,".  ",,,,,,,,,".  ",,,,,,,,,".  ",,,,,,,,,". 100 percent of Medicare DRG. Add-on payment,  . 100 percent of Medicare DRG. Add-on payment,  .",,,,,,,,,".  ",,,,,,,,,". GMLOS + 8 Outlier per Diem $6,968.00. Add-on payment, and lesser of 100% of billed charges. GMLOS + 8 Outlier per Diem $6,968.00. Add-on payment, and lesser of 100% of billed charges.",,,,,,,,,". GMLOS + 8 Outlier per Diem $6,968.00. Add-on payment, and lesser of 100% of billed charges. GMLOS + 8 Outlier per Diem $6,968.00. Add-on payment, and lesser of 100% of billed charges.",,,,,,,,,". GMLOS + 8 Outlier per Diem $6,968.00. Add-on payment, and lesser of 100% of billed charges. GMLOS + 8 Outlier per Diem $6,968.00. Add-on payment, and lesser of 100% of billed charges.",,73,,,,,0,Percent of total billed charges,73 percent of charges.  ; No services were performed during the 15 month look back period.,,73,,,,,0,Percent of total billed charges,73 percent of charges.  ; No services were performed during the 15 month look back period.,,73,,,,,0,Percent of total billed charges,73 percent of charges.  ; No services were performed during the 15 month look back period.,,73,,,,,0,Percent of total billed charges,73 percent of charges.  ; No services were performed during the 15 month look back period.,,73,,,,,0,Percent of total billed charges,73 percent of charges.  ; No services were performed during the 15 month look back period.,,73,,,,,0,Percent of total billed charges,73 percent of charges.  ; No services were performed during the 15 month look back period.,,73,,,,,0,Percent of total billed charges,73 percent of charges.  ; No services were performed during the 15 month look back period.,,73,,,,,0,Percent of total billed charges,73 percent of charges.  ; No services were performed during the 15 month look back period.,,73,,,,,0,Percent of total billed charges,73 percent of charges.  ; No services were performed during the 15 month look back period.,,73,,,,,0,Percent of total billed charges,73 percent of charges.  ; No services were performed during the 15 month look back period.,,73,,,,,0,Percent of total billed charges,73 percent of charges.  ; No services were performed during the 15 month look back period.,,,,,,,,," ",,,,,,,,,".  ",,,,,,,,,".  ",,,,,,,,,". 100 percent of Medicare DRG. Add-on payment,  . 100 percent of Medicare DRG. Add-on payment,  .",,,,,,,,,". GMLOS + 8 Outlier per Diem $6,968.00. Add-on payment, and lesser of 100% of billed charges. GMLOS + 8 Outlier per Diem $6,968.00. Add-on payment, and lesser of 100% of billed charges.",,,,,,,,,".  ",,,,,,,,,".  ",,73,,,,,0,Percent of total billed charges,73 percent of charges.  ; No services were performed during the 15 month look back period.,30506.02,,,,,,,Case Rate,". 200 percent of Medicaid DRG. Add-on payment, and lesser of 200% of billed charges. 200 percent of Medicaid DRG. Add-on payment, and lesser of 200% of billed charges.",,,,,,,,,".  ",15253.01,,,,,,,Case Rate,". 100 percent of Medicaid DRG. Add-on payment, and lesser of 100% of billed charges. 100 percent of Medicaid DRG. Add-on payment, and lesser of 100% of billed charges.",,,,,,,,,". 100 percent of Medicare DRG. Add-on payment,  . 100 percent of Medicare DRG. Add-on payment,  .",,,,,,,,,". 100 percent of Medicare DRG. Add-on payment,  . 100 percent of Medicare DRG. Add-on payment,  .",,,,,,,,,". 100 percent of Medicare DRG. Add-on payment,  . 100 percent of Medicare DRG. Add-on payment,  .",,,,,,,,,". 100 percent of Medicare DRG. Add-on payment,  . 100 percent of Medicare DRG. Add-on payment,  .",,,,,,,,,". 100 percent of Medicare DRG. Add-on payment,  . 100 percent of Medicare DRG. Add-on payment,  .",,,,,,,,,". 100 percent of Medicare DRG. Add-on payment,  . 100 percent of Medicare DRG. Add-on payment,  .",,,,,,,,,".  ",,,,,,,,,".  ",34319.27,,,,,,,Case Rate,". 225 percent of Medicaid DRG. Add-on payment, and lesser of 100% of billed charges. 225 percent of Medicaid DRG. Add-on payment, and lesser of 100% of billed charges.",34319.27,,,,,,,Case Rate,". 225 percent of Medicaid DRG. Add-on payment, and lesser of 100% of billed charges. 225 percent of Medicaid DRG. Add-on payment, and lesser of 100% of billed charges.",34319.27,,,,,,,Case Rate,". 225 percent of Medicaid DRG. Add-on payment, and lesser of 100% of billed charges. 225 percent of Medicaid DRG. Add-on payment, and lesser of 100% of billed charges.",34319.27,,,,,,,Case Rate,". 225 percent of Medicaid DRG. Add-on payment, and lesser of 100% of billed charges. 225 percent of Medicaid DRG. Add-on payment, and lesser of 100% of billed charges.",34319.27,,,,,,,Case Rate,". 225 percent of Medicaid DRG. Add-on payment, and lesser of 100% of billed charges. 225 percent of Medicaid DRG. Add-on payment, and lesser of 100% of billed charges.",,,,,,,,," ",,,,,,,,,".  ",,,,,,,,," ",,,,,,,,," ",,,,,,,,," ",,,,,,,,," ",,,,,,,,," ",,,,,,,,,". 100 percent of Medicare DRG. Add-on payment,  . 100 percent of Medicare DRG. Add-on payment,  .",,,,,,,,," ",,,,,,,,," ",,,,,,,,," ",,,,,,,,," ",,,,,,,,,". GMLOS + 8 Outlier per Diem $6,968.00. Add-on payment, and lesser of 100% of billed charges. GMLOS + 8 Outlier per Diem $6,968.00. Add-on payment, and lesser of 100% of billed charges.",,,,,,,,,". GMLOS + 8 Outlier per Diem $6,968.00. Add-on payment, and lesser of 100% of billed charges. GMLOS + 8 Outlier per Diem $6,968.00. Add-on payment, and lesser of 100% of billed charges.",,,,,,,,,". GMLOS + 8 Outlier per Diem $6,968.00. Add-on payment, and lesser of 100% of billed charges. GMLOS + 8 Outlier per Diem $6,968.00. Add-on payment, and lesser of 100% of billed charges.",,,,,,,,,". GMLOS + 8 Outlier per Diem $6,968.00. Add-on payment, and lesser of 100% of billed charges. GMLOS + 8 Outlier per Diem $6,968.00. Add-on payment, and lesser of 100% of billed charges.",,,,,,,,,".  ",,,,,,,,,".  ",,,,,,,,,". 100 percent of Medicare DRG. Add-on payment,  . 100 percent of Medicare DRG. Add-on payment,  .",,,,,,,,,". 100 percent of Medicare DRG. Add-on payment,  . 100 percent of Medicare DRG. Add-on payment,  .",,,,,,,,,". 100 percent of Medicare DRG. Add-on payment,  . 100 percent of Medicare DRG. Add-on payment,  .",,,,,,,,,".  ",,,,,,,,,".  ",,,,,,,,,".  ",,,,,,,,,".  ",,,,,,,,,". GMLOS + 8 Outlier per Diem $6,968.00. Add-on payment, and lesser of 100% of billed charges. GMLOS + 8 Outlier per Diem $6,968.00. Add-on payment, and lesser of 100% of billed charges.",,,,,,,,,". 100 percent of Medicare DRG. Add-on payment,  . 100 percent of Medicare DRG. Add-on payment,  .",,,,,,,,,".  ",15253.01,,,,,,,Case Rate,". 100 percent of Medicaid DRG. Add-on payment, and lesser of 100% of billed charges. 100 percent of Medicaid DRG. Add-on payment, and lesser of 100% of billed charges.",,,,,,,,,". 100 percent of Medicare DRG. Add-on payment, and lesser of 100% of billed charges. 100 percent of Medicare DRG. Add-on payment, and lesser of 100% of billed charges.",,,,,,,,,". 100 percent of Medicare DRG. Add-on payment, and lesser of 100% of billed charges. 100 percent of Medicare DRG. Add-on payment, and lesser of 100% of billed charges.",,,,,,,,,". 100 percent of Medicare DRG. Add-on payment, and lesser of 100% of billed charges. 100 percent of Medicare DRG. Add-on payment, and lesser of 100% of billed charges.",15253.01,,,,,,,Case Rate,". 100 percent of Medicaid DRG. Add-on payment, and lesser of 100% of billed charges. 100 percent of Medicaid DRG. Add-on payment, and lesser of 100% of billed charges.",34319.27,,,,,,,Case Rate,". 225 percent of Medicaid DRG. Add-on payment, and lesser of 225% of billed charges. 225 percent of Medicaid DRG. Add-on payment, and lesser of 225% of billed charges.",34319.27,,,,,,,Case Rate,". 225 percent of Medicaid DRG. Add-on payment, and lesser of 225% of billed charges. 225 percent of Medicaid DRG. Add-on payment, and lesser of 225% of billed charges.",34319.27,,,,,,,Case Rate,". 225 percent of Medicaid DRG. Add-on payment, and lesser of 225% of billed charges. 225 percent of Medicaid DRG. Add-on payment, and lesser of 225% of billed charges.",34319.27,,,,,,,Case Rate,". 225 percent of Medicaid DRG. Add-on payment, and lesser of 225% of billed charges. 225 percent of Medicaid DRG. Add-on payment, and lesser of 225% of billed charges.",34319.27,,,,,,,Case Rate,". 225 percent of Medicaid DRG. Add-on payment, and lesser of 225% of billed charges. 225 percent of Medicaid DRG. Add-on payment, and lesser of 225% of billed charges.",,,,,,,,,". 100 percent of Medicare DRG. Add-on payment, and lesser of 100% of billed charges. 100 percent of Medicare DRG. Add-on payment, and lesser of 100% of billed charges.",15253.01,,,,,,,Case Rate,". 100 percent of Medicaid DRG. Add-on payment, and lesser of 100% of billed charges. 100 percent of Medicaid DRG. Add-on payment, and lesser of 100% of billed charges.",15253.01,,,,,,,Case Rate,". 100 percent of Medicaid DRG. Add-on payment, and lesser of 100% of billed charges. 100 percent of Medicaid DRG. Add-on payment, and lesser of 100% of billed charges.",34319.27,,,,,,,Case Rate,". 225 percent of Medicaid DRG. Add-on payment, and lesser of 225% of billed charges. 225 percent of Medicaid DRG. Add-on payment, and lesser of 225% of billed charges.",34319.27,,,,,,,Case Rate,". 225 percent of Medicaid DRG. Add-on payment, and lesser of 225% of billed charges. 225 percent of Medicaid DRG. Add-on payment, and lesser of 225% of billed charges.",15253.01,,,,,,,Case Rate,". 100 percent of Medicaid DRG. Add-on payment, and lesser of 100% of billed charges. 100 percent of Medicaid DRG. Add-on payment, and lesser of 100% of billed charges.",15253.01,,,,,,,Case Rate,". 100 percent of Medicaid DRG. Add-on payment, and lesser of 100% of billed charges. 100 percent of Medicaid DRG. Add-on payment, and lesser of 100% of billed charges.",34319.27,,,,,,,Case Rate,". 225 percent of Medicaid DRG. Add-on payment, and lesser of 100% of billed charges. 225 percent of Medicaid DRG. Add-on payment, and lesser of 100% of billed charges.",,,,,,,,,". 100 percent of Medicare DRG. Add-on payment,  . 100 percent of Medicare DRG. Add-on payment,  .",,,,,,,,,". 100 percent of Medicare DRG. Add-on payment,  . 100 percent of Medicare DRG. Add-on payment,  .",,,,,,,,,". GMLOS + 8 Outlier per Diem $6,968.00. Add-on payment, and lesser of 100% of billed charges. GMLOS + 8 Outlier per Diem $6,968.00. Add-on payment, and lesser of 100% of billed charges.",,,,,,,,,". 100 percent of Medicare DRG. Add-on payment,  . 100 percent of Medicare DRG. Add-on payment,  .",34319.27,,,,,,,Case Rate,". 225 percent of Medicaid DRG. Add-on payment, and lesser of 225% of billed charges. 225 percent of Medicaid DRG. Add-on payment, and lesser of 225% of billed charges.",34319.27,,,,,,,Case Rate,". 225 percent of Medicaid DRG. Add-on payment, and lesser of 225% of billed charges. 225 percent of Medicaid DRG. Add-on payment, and lesser of 225% of billed charges.",15253.01,,,,,,,Case Rate,". 100 percent of Medicaid DRG. Add-on payment, and lesser of 100% of billed charges. 100 percent of Medicaid DRG. Add-on payment, and lesser of 100% of billed charges.",15253.01,,,,,,,Case Rate,". 100 percent of Medicaid DRG. Add-on payment, and lesser of 100% of billed charges. 100 percent of Medicaid DRG. Add-on payment, and lesser of 100% of billed charges.",23891.35,,,,,,,Case Rate,". 225 percent of Medicaid DRG. Add-on payment, and lesser of 225% of billed charges. 225 percent of Medicaid DRG. Add-on payment, and lesser of 225% of billed charges.",15253.01,,,,,,,Case Rate,". 100 percent of Medicaid DRG. Add-on payment, and lesser of 100% of billed charges. 100 percent of Medicaid DRG. Add-on payment, and lesser of 100% of billed charges.",44233.73,,,,,,,Case Rate,". 290 percent of Medicaid DRG. Add-on payment, and lesser of 100% of billed charges. 290 percent of Medicaid DRG. Add-on payment, and lesser of 100% of billed charges.",44233.73,,,,,,,Case Rate,". 290 percent of Medicaid DRG. Add-on payment, and lesser of 100% of billed charges. 290 percent of Medicaid DRG. Add-on payment, and lesser of 100% of billed charges.",44233.73,,,,,,,Case Rate,". 290 percent of Medicaid DRG. Add-on payment, and lesser of 100% of billed charges. 290 percent of Medicaid DRG. Add-on payment, and lesser of 100% of billed charges.",44233.73,,,,,,,Case Rate,". 290 percent of Medicaid DRG. Add-on payment, and lesser of 100% of billed charges. 290 percent of Medicaid DRG. Add-on payment, and lesser of 100% of billed charges.",,,,,,,,," ",,,,,,,,,".  ",20591.56,,,,,,,Case Rate,"135% of Medicaid EP 1 and 2, 100% of medicaid EP 3 and 4.  ",20591.56,,,,,,,Case Rate,"135% of Medicaid EP 1 and 2, 100% of medicaid EP 3 and 4.  ",15253.01,,,,,,,Case Rate,". 100 percent of Medicaid DRG. Add-on payment, and lesser of 100% of billed charges. 100 percent of Medicaid DRG. Add-on payment, and lesser of 100% of billed charges.",15253.01,,,,,,,Case Rate,". 100 percent of Medicaid DRG. Add-on payment, and lesser of 100% of billed charges. 100 percent of Medicaid DRG. Add-on payment, and lesser of 100% of billed charges.",,,,,,,,,".  ",,,,,,,,,".  ",,,,,,,,,". 100 percent of Medicare DRG. Add-on payment,  . 100 percent of Medicare DRG. Add-on payment,  .",,,,,,,,,".  ",,,,,,,,,".  ",,,,,,,,,".  ",,,,,,,,,".  ",,,,,,,,,". 100 percent of Medicare DRG. Add-on payment,  . 100 percent of Medicare DRG. Add-on payment,  .",,,,,,,,,".  ",,,,,,,,,".  ",,,,,,,,,". GMLOS + 8 Outlier per Diem $6,968.00. Add-on payment, and lesser of 100% of billed charges. GMLOS + 8 Outlier per Diem $6,968.00. Add-on payment, and lesser of 100% of billed charges.",15253.01,,,,,,,Case Rate,". 100 percent of Medicaid DRG. Add-on payment, and lesser of 100% of billed charges. 100 percent of Medicaid DRG. Add-on payment, and lesser of 100% of billed charges.",15253.01,,,,,,,Case Rate,". 100 percent of Medicaid DRG. Add-on payment, and lesser of 100% of billed charges. 100 percent of Medicaid DRG. Add-on payment, and lesser of 100% of billed charges.",34319.27,,,,,,,Case Rate,". 225 percent of Medicaid DRG. Add-on payment, and lesser of 225% of billed charges. 225 percent of Medicaid DRG. Add-on payment, and lesser of 225% of billed charges.",23891.35,,,,,,,Case Rate,". 225 percent of Medicaid DRG. Add-on payment, and lesser of 225% of billed charges. 225 percent of Medicaid DRG. Add-on payment, and lesser of 225% of billed charges.",15253.01,,,,,,,Case Rate,". 100 percent of Medicaid DRG. Add-on payment, and lesser of 100% of billed charges. 100 percent of Medicaid DRG. Add-on payment, and lesser of 100% of billed charges.",34319.27,,,,,,,Case Rate,". 225 percent of Medicaid DRG. Add-on payment, and lesser of 225% of billed charges. 225 percent of Medicaid DRG. Add-on payment, and lesser of 225% of billed charges.",34319.27,,,,,,,Case Rate,". 225 percent of Medicaid DRG. Add-on payment, and lesser of 225% of billed charges. 225 percent of Medicaid DRG. Add-on payment, and lesser of 225% of billed charges.",34319.27,,,,,,,Case Rate,". 225 percent of Medicaid DRG. Add-on payment, and lesser of 225% of billed charges. 225 percent of Medicaid DRG. Add-on payment, and lesser of 225% of billed charges.",34319.27,,,,,,,Case Rate,". 225 percent of Medicaid DRG. Add-on payment, and lesser of 225% of billed charges. 225 percent of Medicaid DRG. Add-on payment, and lesser of 225% of billed charges.",34319.27,,,,,,,Case Rate,". 225 percent of Medicaid DRG. Add-on payment, and lesser of 225% of billed charges. 225 percent of Medicaid DRG. Add-on payment, and lesser of 225% of billed charges.",34319.27,,,,,,,Case Rate,". 225 percent of Medicaid DRG. Add-on payment, and lesser of 225% of billed charges. 225 percent of Medicaid DRG. Add-on payment, and lesser of 225% of billed charges.",,,,,,,,," ",,,,,,,,," ",,,,,,,,," ",,,,,,,,,".  ",,,,,,,,," ",,,,,,,,,". 100 percent of Medicare DRG. Add-on payment,  . 100 percent of Medicare DRG. Add-on payment,  .",,,,,,,,,".  ",,,,,,,,,". 100 percent of Medicare DRG. Add-on payment,  . 100 percent of Medicare DRG. Add-on payment,  .",,,,,,,,,". 100 percent of Medicare DRG. Add-on payment,  . 100 percent of Medicare DRG. Add-on payment,  .",20591.56,,,,,,,Case Rate,"135% of Medicaid EP 1 and 2, 100% of medicaid EP 3 and 4.  ",20591.56,,,,,,,Case Rate,"135% of Medicaid EP 1 and 2, 100% of medicaid EP 3 and 4.  ",15253.01,,,,,,,Case Rate,". 100 percent of Medicaid DRG. Add-on payment, and lesser of 100% of billed charges. 100 percent of Medicaid DRG. Add-on payment, and lesser of 100% of billed charges.",15253.01,,,,,,,Case Rate,". 100 percent of Medicaid DRG. Add-on payment, and lesser of 100% of billed charges. 100 percent of Medicaid DRG. Add-on payment, and lesser of 100% of billed charges.",15253.01,,,,,,,Case Rate,". 100 percent of Medicaid DRG. Add-on payment, and lesser of 100% of billed charges. 100 percent of Medicaid DRG. Add-on payment, and lesser of 100% of billed charges.",,,,,,,,," ",,,,,,,,,". GMLOS + 8 Outlier per Diem $6,968.00. Add-on payment, and lesser of 100% of billed charges. GMLOS + 8 Outlier per Diem $6,968.00. Add-on payment, and lesser of 100% of billed charges.",,,,,,,,," ",,,,,,,,,".  ",,,,,,,,,". 100 percent of Medicare DRG. Add-on payment, . 100 percent of Medicare DRG. Add-on payment, .",,,,,,,,,". 100 percent of Medicare DRG. Add-on payment,  . 100 percent of Medicare DRG. Add-on payment,  .",,,,,,,,,". 100 percent of Medicare DRG. Add-on payment,  . 100 percent of Medicare DRG. Add-on payment,  .",,,,,,,,,". 100 percent of Medicare DRG. Add-on payment,  . 100 percent of Medicare DRG. Add-on payment,  .",,,,,,,,,". 100 percent of Medicare DRG. Add-on payment, . 100 percent of Medicare DRG. Add-on payment, .",,,,,,,,,". 100 percent of Medicare DRG. Add-on payment,  . 100 percent of Medicare DRG. Add-on payment,  .",,,,,,,,," ",34319.27,,,,,,,Case Rate,". 225 percent of Medicaid DRG. Add-on payment, and lesser of 225% of billed charges. 225 percent of Medicaid DRG. Add-on payment, and lesser of 225% of billed charges.",15253.01,,,,,,,Case Rate,". 100 percent of Medicaid DRG. Add-on payment, and lesser of 100% of billed charges. 100 percent of Medicaid DRG. Add-on payment, and lesser of 100% of billed charges.",,,,,,,,,".  ",,,,,,,,," ",,,,,,,,," ",,,,,,,,," ",,,,,,,,," ",,,,,,,,,". 100 percent of Medicare DRG. Add-on payment,  . 100 percent of Medicare DRG. Add-on payment,  .",15253.01,,,,,,,Case Rate,". 100 percent of Medicaid DRG. Add-on payment, and lesser of 100% of billed charges. 100 percent of Medicaid DRG. Add-on payment, and lesser of 100% of billed charges.",,,,,,,,,".  ",15253.01,,,,,,,Case Rate,". 100 percent of Medicaid DRG. Add-on payment, and lesser of 100% of billed charges. 100 percent of Medicaid DRG. Add-on payment, and lesser of 100% of billed charges.",,,,,,,,,". 100 percent of Medicare DRG. Add-on payment,  . 100 percent of Medicare DRG. Add-on payment,  .",15253.01,,,,,,,Case Rate,". 100 percent of Medicaid DRG. Add-on payment, and lesser of 100% of billed charges. 100 percent of Medicaid DRG. Add-on payment, and lesser of 100% of billed charges.",,,,,,,,,". 100 percent of Medicare DRG. Add-on payment,  . 100 percent of Medicare DRG. Add-on payment,  .",,,,,,,,,". 100 percent of Medicare DRG. Add-on payment,  . 100 percent of Medicare DRG. Add-on payment,  .",15253.01,,,,,,,Case Rate,". 100 percent of Medicaid DRG. Add-on payment, and lesser of 100% of billed charges. 100 percent of Medicaid DRG. Add-on payment, and lesser of 100% of billed charges.",15253.01,,,,,,,Case Rate,". 100 percent of Medicaid DRG. Add-on payment, and lesser of 100% of billed charges. 100 percent of Medicaid DRG. Add-on payment, and lesser of 100% of billed charges.",,,,,,,,," ",,,,,,,,,".  ",,73,,,,,0,Percent of total billed charges,73 percent of charges.  ; No services were performed during the 15 month look back period.,,,,,,,,,".  ",,,,,,,,,".  ",,,,,,,,,". GMLOS + 8 Outlier per Diem $6,968.00. Add-on payment, and lesser of 100% of billed charges. GMLOS + 8 Outlier per Diem $6,968.00. Add-on payment, and lesser of 100% of billed charges.",,,,,,,,,". 93 percent of Medicare DRG. Add-on payment, and lesser of 100% of billed charges. 93 percent of Medicare DRG. Add-on payment, and lesser of 100% of billed charges.",,,,,,,,," ",,,,,,,,," ",,,,,,,,,".  ",,,,,,,,,".  ",,,,,,,,,". 100 percent of Medicare DRG. Add-on payment,  . 100 percent of Medicare DRG. Add-on payment,  .",,,,,,,,,". 100 percent of Medicare DRG. Add-on payment,  . 100 percent of Medicare DRG. Add-on payment,  .",,,,,,,,,". 100 percent of Medicare DRG. Add-on payment,  . 100 percent of Medicare DRG. Add-on payment,  .",,,,,,,,,". 100 percent of Medicare DRG. Add-on payment,  . 100 percent of Medicare DRG. Add-on payment,  .",,,,,,,,,".  ",,,,,,,,,".  ",,,,,,,,,".  ",,,,,,,,,". 100 percent of Medicare DRG. Add-on payment,  . 100 percent of Medicare DRG. Add-on payment,  .",,,,,,,,,".  ",,,,,,,,," ",15253.01,,,,,,,Case Rate,". 100 percent of Medicaid DRG. Add-on payment, and lesser of 100% of billed charges. 100 percent of Medicaid DRG. Add-on payment, and lesser of 100% of billed charges.",15253.01,,,,,,,Case Rate,". 100 percent of Medicaid DRG. Add-on payment, and lesser of 100% of billed charges. 100 percent of Medicaid DRG. Add-on payment, and lesser of 100% of billed charges.",,,,,,,,," ",,,,,,,,,".  ",,,,,,,,,".  ",,,,,,,,,".  ",,,,,,,,,".  ",,,,,,,,,". 100 percent of Medicare DRG. Add-on payment, . 100 percent of Medicare DRG. Add-on payment, .",16015.66,,,,,,,Case Rate,". 105 percent of Medicaid DRG. Add-on payment, and lesser of 100% of billed charges. 105 percent of Medicaid DRG. Add-on payment, and lesser of 100% of billed charges.",16015.66,,,,,,,Case Rate,". 105 percent of Medicaid DRG. Add-on payment, and lesser of 100% of billed charges. 105 percent of Medicaid DRG. Add-on payment, and lesser of 100% of billed charges.",16015.66,,,,,,,Case Rate,". 105 percent of Medicaid DRG. Add-on payment, and lesser of 100% of billed charges. 105 percent of Medicaid DRG. Add-on payment, and lesser of 100% of billed charges.",16015.66,,,,,,,Case Rate,". 105 percent of Medicaid DRG. Add-on payment, and lesser of 100% of billed charges. 105 percent of Medicaid DRG. Add-on payment, and lesser of 100% of billed charges.",,,,,,,,,".  ",16015.66,,,,,,,Case Rate,". 105 percent of Medicaid DRG. Add-on payment, and lesser of 100% of billed charges. 105 percent of Medicaid DRG. Add-on payment, and lesser of 100% of billed charges.",16015.66,,,,,,,Case Rate,". 105 percent of Medicaid DRG. Add-on payment, and lesser of 100% of billed charges. 105 percent of Medicaid DRG. Add-on payment, and lesser of 100% of billed charges.",16015.66,,,,,,,Case Rate,". 105 percent of Medicaid DRG. Add-on payment, and lesser of 100% of billed charges. 105 percent of Medicaid DRG. Add-on payment, and lesser of 100% of billed charges.",16015.66,,,,,,,Case Rate,". 105 percent of Medicaid DRG. Add-on payment, and lesser of 100% of billed charges. 105 percent of Medicaid DRG. Add-on payment, and lesser of 100% of billed charges.",16015.66,,,,,,,Case Rate,". 105 percent of Medicaid DRG. Add-on payment, and lesser of 100% of billed charges. 105 percent of Medicaid DRG. Add-on payment, and lesser of 100% of billed charges.",16015.66,,,,,,,Case Rate,". 105 percent of Medicaid DRG. Add-on payment, and lesser of 100% of billed charges. 105 percent of Medicaid DRG. Add-on payment, and lesser of 100% of billed charges.",16015.66,,,,,,,Case Rate,". 105 percent of Medicaid DRG. Add-on payment, and lesser of 100% of billed charges. 105 percent of Medicaid DRG. Add-on payment, and lesser of 100% of billed charges.",,,,,,,,,". 100 percent of Medicare DRG. Add-on payment,  . 100 percent of Medicare DRG. Add-on payment,  .",,,,,,,,,".  ",,,,,,,,,". 100 percent of Medicare DRG. Add-on payment,  . 100 percent of Medicare DRG. Add-on payment,  .",16015.66,,,,,,,Case Rate,". 105 percent of Medicaid DRG. Add-on payment, and lesser of 100% of billed charges. 105 percent of Medicaid DRG. Add-on payment, and lesser of 100% of billed charges.",,,,,,,,,".  ",,,,,,,,,". 100 percent of Medicare DRG. Add-on payment,  . 100 percent of Medicare DRG. Add-on payment,  .",,,,,,,,,".  ",,,,,,,,,".  ",,,,,,,,,".  ",16015.66,,,,,,,Case Rate,". 105 percent of Medicaid DRG. Add-on payment, and lesser of 100% of billed charges. 105 percent of Medicaid DRG. Add-on payment, and lesser of 100% of billed charges.",,,,,,,,,". 100 percent of Medicare DRG. Add-on payment,  . 100 percent of Medicare DRG. Add-on payment,  .",,,,,,,,,".  ",16015.66,,,,,,,Case Rate,". 105 percent of Medicaid DRG. Add-on payment, and lesser of 100% of billed charges. 105 percent of Medicaid DRG. Add-on payment, and lesser of 100% of billed charges.",,,,,,,,,".  ",,,,,,,,,". Delay in Discharge per diem $4,1050 Delay in Discharge per diem $4,1050",,,,,,,,,". 100 percent of Medicare DRG. Add-on payment, . 100 percent of Medicare DRG. Add-on payment, .",,,,,,,,," ",,,,,,,,," ",,,,,,,,," ",,,,,,,,," ",,,,,,,,," ",,,,,,,,," ",,,,,,,,," ",,,,,,,,," ",,,,,,,,," ",,,,,,,,," ",,,,,,,,," ",,,,,,,,," ",,,,,,,,,". 100 percent of Medicare DRG. Add-on payment,  . 100 percent of Medicare DRG. Add-on payment,  .",,,,,,,,," ",,,,,,,,,". 100 percent of Medicare DRG. Add-on payment,  . 100 percent of Medicare DRG. Add-on payment,  .",34319.27,,,,,,,Case Rate,". 225 percent of Medicaid DRG. Add-on payment, and lesser of 225% of billed charges. 225 percent of Medicaid DRG. Add-on payment, and lesser of 225% of billed charges.",15253.01,,,,,,,Case Rate,". 100 percent of Medicaid DRG. Add-on payment, and lesser of 100% of billed charges. 100 percent of Medicaid DRG. Add-on payment, and lesser of 100% of billed charges.",,,,,,,,,".  ",,,,,,,,,".  ",,,,,,,,,". 100 percent of Medicare DRG. Add-on payment,  . 100 percent of Medicare DRG. Add-on payment,  .",,,,,,,,," ",,,,,,,,,". 100 percent of Medicare DRG. Add-on payment,  . 100 percent of Medicare DRG. Add-on payment,  .",,,,,,,,,". 100 percent of Medicare DRG. Add-on payment,  . 100 percent of Medicare DRG. Add-on payment,  .",,,,,,,,,". GMLOS + 8 Outlier per Diem $6,968.00. Add-on payment, and lesser of 100% of billed charges. GMLOS + 8 Outlier per Diem $6,968.00. Add-on payment, and lesser of 100% of billed charges.",,,,,,,,,". 100 percent of Medicare DRG. Add-on payment,  . 100 percent of Medicare DRG. Add-on payment,  .",,,,,,,,,".  ",,,,,,,,,". 100 percent of Medicare DRG. Add-on payment,  . 100 percent of Medicare DRG. Add-on payment,  .",,,,,,,,,".  ",,,,,,,,,". GMLOS + 8 Outlier per Diem $6,968.00. Add-on payment, and lesser of 100% of billed charges. GMLOS + 8 Outlier per Diem $6,968.00. Add-on payment, and lesser of 100% of billed charges.",,,,,,,,,".  ",,,,,,,,,". 100 percent of Medicare DRG. Add-on payment,  . 100 percent of Medicare DRG. Add-on payment,  .",15253.01,,,,,,,Case Rate,". 100 percent of Medicaid DRG. Add-on payment, and lesser of 100% of billed charges. 100 percent of Medicaid DRG. Add-on payment, and lesser of 100% of billed charges.",,,,,,,,,". 100 percent of Medicare DRG. Add-on payment,  . 100 percent of Medicare DRG. Add-on payment,  .",,,,,,,,,".  ",,,,,,,,,".  ",15253.01,,,,,,,Case Rate,". 100 percent of Medicaid DRG. Add-on payment, and lesser of 100% of billed charges. 100 percent of Medicaid DRG. Add-on payment, and lesser of 100% of billed charges.",,,,,,,,,".  ",15253.01,,,,,,,Case Rate,". 100 percent of Medicaid DRG. Add-on payment, and lesser of 100% of billed charges. 100 percent of Medicaid DRG. Add-on payment, and lesser of 100% of billed charges.",15253.01,,,,,,,Case Rate,". 100 percent of Medicaid DRG. Add-on payment, and lesser of 100% of billed charges. 100 percent of Medicaid DRG. Add-on payment, and lesser of 100% of billed charges.",,,,,,,,,".  ",,,,,,,,,".  ",,,,,,,,,".  ",,,,,,,,,".  ",,,,,,,,,".  ",,,,,,,,,".  ",,,,,,,,,".  ",,,,,,,,," ",,,,,,,,," ",,,,,,,,," ",15253.01,,,,,,,Case Rate,". 100 percent of Medicaid DRG. Add-on payment, and lesser of 100% of billed charges. 100 percent of Medicaid DRG. Add-on payment, and lesser of 100% of billed charges.",,,,,,,,,".  ",,,,,,,,,".  ",,,,,,,,,". GMLOS + 8 Outlier per Diem $6,968.00. Add-on payment, and lesser of 100% of billed charges. GMLOS + 8 Outlier per Diem $6,968.00. Add-on payment, and lesser of 100% of billed charges.",,,,,,,,,".  ",,,,,,,,,". GMLOS + 8 Outlier per Diem $6,968.00. Add-on payment, and lesser of 100% of billed charges. GMLOS + 8 Outlier per Diem $6,968.00. Add-on payment, and lesser of 100% of billed charges.",,,,,,,,,".  ",,,,,,,,,".  ",,,,,,,,,".  ",,,,,,,,,".  ",,,,,,,,,".  ",,,,,,,,,". 100 percent of Medicare DRG. Add-on payment,  . 100 percent of Medicare DRG. Add-on payment,  .",10618.38,44233.73,
APR221-2,DRG,,,,,APR221-2 MAJOR SMALL & LARGE BOWEL PROCEDURES,,,Inpatient,,,,,,,,,,,,".  ",,,,,,,,,".  ",,,,,,,,,". GMLOS + 8 Outlier per Diem $6,968.00. Add-on payment, and lesser of 100% of billed charges. GMLOS + 8 Outlier per Diem $6,968.00. Add-on payment, and lesser of 100% of billed charges.",,100,,,,,0,Percent of total billed charges,100 percent of charges.  ; No services were performed during the 15 month look back period.,,,,,,,,,". 100 percent of Medicare DRG. Add-on payment,  . 100 percent of Medicare DRG. Add-on payment,  .",,,,,,,,,". GMLOS + 8 Outlier per Diem $6,968.00. Add-on payment, and lesser of 100% of billed charges. GMLOS + 8 Outlier per Diem $6,968.00. Add-on payment, and lesser of 100% of billed charges.",,,,,,,,,". GMLOS + 8 Outlier per Diem $6,968.00. Add-on payment, and lesser of 100% of billed charges. GMLOS + 8 Outlier per Diem $6,968.00. Add-on payment, and lesser of 100% of billed charges.",,,,,,,,,". GMLOS + 8 Outlier per Diem $6,968.00. Add-on payment, and lesser of 100% of billed charges. GMLOS + 8 Outlier per Diem $6,968.00. Add-on payment, and lesser of 100% of billed charges.",35137.82,,,,,,,Case Rate,". 155 percent of Medicaid DRG. Add-on payment, and lesser of 100% of billed charges. 155 percent of Medicaid DRG. Add-on payment, and lesser of 100% of billed charges.",22669.56,,,,,,,Case Rate,". 100 percent of Medicaid DRG. Add-on payment, and lesser of 100% of billed charges. 100 percent of Medicaid DRG. Add-on payment, and lesser of 100% of billed charges.",,73,,,,,0,Percent of total billed charges,73 percent of charges.  ; No services were performed during the 15 month look back period.,,,,,,,,,".  ",22669.56,,,,,,,Case Rate,". 100 percent of Medicaid DRG. Add-on payment, and lesser of 100% of billed charges. 100 percent of Medicaid DRG. Add-on payment, and lesser of 100% of billed charges.",,,,,,,,,". 100 percent of Medicare DRG. Add-on payment,  . 100 percent of Medicare DRG. Add-on payment,  .",,,,,,,,,".  ",,,,,,,,,".  ",,,,,,,,,".  ",,,,,,,,,".  ",22669.56,,,,,,,Case Rate,". 100 percent of Medicaid DRG. Add-on payment, and lesser of 100% of billed charges. 100 percent of Medicaid DRG. Add-on payment, and lesser of 100% of billed charges.",,,,,,,,,". 100 percent of Medicare DRG. Add-on payment,  . 100 percent of Medicare DRG. Add-on payment,  .",22669.56,,,,,,,Case Rate,". 100 percent of Medicaid DRG. Add-on payment, and lesser of 100% of billed charges. 100 percent of Medicaid DRG. Add-on payment, and lesser of 100% of billed charges.",,73,,,,,0,Percent of total billed charges,73 percent of charges.  ; No services were performed during the 15 month look back period.,,,,,,,,,". GMLOS + 8 Outlier per Diem $6,968.00. Add-on payment, and lesser of 100% of billed charges. GMLOS + 8 Outlier per Diem $6,968.00. Add-on payment, and lesser of 100% of billed charges.",,,,,,,,,". 100 percent of Medicare DRG. Add-on payment, and lesser of 100% of billed charges. 100 percent of Medicare DRG. Add-on payment, and lesser of 100% of billed charges.",,,,,,,,," ",,,,,,,,,". 100 percent of Medicare DRG. Add-on payment, and lesser of 100% of billed charges. 100 percent of Medicare DRG. Add-on payment, and lesser of 100% of billed charges.",,,,,,,,,". 100 percent of Medicare DRG. Add-on payment, and lesser of 100% of billed charges. 100 percent of Medicare DRG. Add-on payment, and lesser of 100% of billed charges.",,73,,,,,0,Percent of total billed charges,73 percent of charges.  ; No services were performed during the 15 month look back period.,22669.56,,,,,,,Case Rate,". 100 percent of Medicaid DRG. Add-on payment, and lesser of 100% of billed charges. 100 percent of Medicaid DRG. Add-on payment, and lesser of 100% of billed charges.",22669.56,,,,,,,Case Rate,". 100 percent of Medicaid DRG. Add-on payment, and lesser of 100% of billed charges. 100 percent of Medicaid DRG. Add-on payment, and lesser of 100% of billed charges.",22669.56,,,,,,,Case Rate,". 100 percent of Medicaid DRG. Add-on payment, and lesser of 100% of billed charges. 100 percent of Medicaid DRG. Add-on payment, and lesser of 100% of billed charges.",22669.56,,,,,,,Case Rate,". 100 percent of Medicaid DRG. Add-on payment, and lesser of 100% of billed charges. 100 percent of Medicaid DRG. Add-on payment, and lesser of 100% of billed charges.",,,,,,,,," ",,,,,,,,," ",22669.56,,,,,,,Case Rate,". 100 percent of Medicaid DRG. Add-on payment, and lesser of 100% of billed charges. 100 percent of Medicaid DRG. Add-on payment, and lesser of 100% of billed charges.",,,,,,,,," ",22669.56,,,,,,,Case Rate,". 100 percent of Medicaid DRG. Add-on payment, and lesser of 100% of billed charges. 100 percent of Medicaid DRG. Add-on payment, and lesser of 100% of billed charges.",,,,,,,,,". 100 percent of Medicare DRG. Add-on payment, . 100 percent of Medicare DRG. Add-on payment, .",,,,,,,,," ",,73,,,,,0,Percent of total billed charges,73 percent of charges.  ; No services were performed during the 15 month look back period.,22669.56,,,,,,,Case Rate,". 100 percent of Medicaid DRG. Add-on payment, and lesser of 100% of billed charges. 100 percent of Medicaid DRG. Add-on payment, and lesser of 100% of billed charges.",22669.56,,,,,,,Case Rate,". 100 percent of Medicaid DRG. Add-on payment, and lesser of 100% of billed charges. 100 percent of Medicaid DRG. Add-on payment, and lesser of 100% of billed charges.",,73,,,,,0,Percent of total billed charges,73 percent of charges.  ; No services were performed during the 15 month look back period.,,,,,,,,,".  ",,,,,,,,,".  ",,,,,,,,,".  ",,73,,,,,0,Percent of total billed charges,73 percent of charges.  ; No services were performed during the 15 month look back period.,,,,,,,,,". 100 percent of Medicare DRG. Add-on payment,  . 100 percent of Medicare DRG. Add-on payment,  .",,,,,,,,,".  ",,,,,,,,,".  ",,,,,,,,,".  ",,,,,,,,,". 100 percent of Medicare DRG. Add-on payment,  . 100 percent of Medicare DRG. Add-on payment,  .",,,,,,,,,".  ",,,,,,,,,".  ",,,,,,,,,". 100 percent of Medicare DRG. Add-on payment, and lesser of 100% of billed charges. 100 percent of Medicare DRG. Add-on payment, and lesser of 100% of billed charges.",,,,,,,,,".  ",,,,,,,,,".  ",,,,,,,,,".  ",,,,,,,,,".  ",,,,,,,,,".  ",,,,,,,,,".  ",,,,,,,,,".  ",,,,,,,,,". 100 percent of Medicare DRG. Add-on payment,  . 100 percent of Medicare DRG. Add-on payment,  .",,,,,,,,,". 100 percent of Medicare DRG. Add-on payment,  . 100 percent of Medicare DRG. Add-on payment,  .",,,,,,,,,".  ",,73,,,,,0,Percent of total billed charges,73 percent of charges.  ; No services were performed during the 15 month look back period.,,73,,,,,0,Percent of total billed charges,73 percent of charges.  ; No services were performed during the 15 month look back period.,,73,,,,,0,Percent of total billed charges,73 percent of charges.  ; No services were performed during the 15 month look back period.,,73,,,,,0,Percent of total billed charges,73 percent of charges.  ; No services were performed during the 15 month look back period.,,73,,,,,0,Percent of total billed charges,73 percent of charges.  ; No services were performed during the 15 month look back period.,,73,,,,,0,Percent of total billed charges,73 percent of charges.  ; No services were performed during the 15 month look back period.,,73,,,,,0,Percent of total billed charges,73 percent of charges.  ; No services were performed during the 15 month look back period.,,73,,,,,0,Percent of total billed charges,73 percent of charges.  ; No services were performed during the 15 month look back period.,,73,,,,,0,Percent of total billed charges,73 percent of charges.  ; No services were performed during the 15 month look back period.,,73,,,,,0,Percent of total billed charges,73 percent of charges.  ; No services were performed during the 15 month look back period.,,73,,,,,0,Percent of total billed charges,73 percent of charges.  ; No services were performed during the 15 month look back period.,,73,,,,,0,Percent of total billed charges,73 percent of charges.  ; No services were performed during the 15 month look back period.,,73,,,,,0,Percent of total billed charges,73 percent of charges.  ; No services were performed during the 15 month look back period.,,73,,,,,0,Percent of total billed charges,73 percent of charges.  ; No services were performed during the 15 month look back period.,,73,,,,,0,Percent of total billed charges,73 percent of charges.  ; No services were performed during the 15 month look back period.,,73,,,,,0,Percent of total billed charges,73 percent of charges.  ; No services were performed during the 15 month look back period.,,73,,,,,0,Percent of total billed charges,73 percent of charges.  ; No services were performed during the 15 month look back period.,,73,,,,,0,Percent of total billed charges,73 percent of charges.  ; No services were performed during the 15 month look back period.,,73,,,,,0,Percent of total billed charges,73 percent of charges.  ; No services were performed during the 15 month look back period.,,73,,,,,0,Percent of total billed charges,73 percent of charges.  ; No services were performed during the 15 month look back period.,,73,,,,,0,Percent of total billed charges,73 percent of charges.  ; No services were performed during the 15 month look back period.,,73,,,,,0,Percent of total billed charges,73 percent of charges.  ; No services were performed during the 15 month look back period.,,73,,,,,0,Percent of total billed charges,73 percent of charges.  ; No services were performed during the 15 month look back period.,,73,,,,,0,Percent of total billed charges,73 percent of charges.  ; No services were performed during the 15 month look back period.,,73,,,,,0,Percent of total billed charges,73 percent of charges.  ; No services were performed during the 15 month look back period.,,73,,,,,0,Percent of total billed charges,73 percent of charges.  ; No services were performed during the 15 month look back period.,,,,,,,,," ",,,,,,,,," ",,,,,,,,," ",,,,,,,,," ",,,,,,,,," ",,,,,,,,," ",,,,,,,,,".  ",,,,,,,,,".  ",,,,,,,,,".  ",,,,,,,,,".  ",,73,,,,,0,Percent of total billed charges,73 percent of charges.  ; No services were performed during the 15 month look back period.,,,,,,,,," ",,,,,,,,,".  ",,,,,,,,,".  ",,,,,,,,,".  ",,,,,,,,," ",,73,,,,,0,Percent of total billed charges,73 percent of charges.  ; No services were performed during the 15 month look back period.,22669.56,,,,,,,Case Rate,". 100 percent of Medicaid DRG. Add-on payment, and lesser of 100% of billed charges. 100 percent of Medicaid DRG. Add-on payment, and lesser of 100% of billed charges.",,,,,,,,," ",22669.56,,,,,,,Case Rate,". 100 percent of Medicaid DRG. Add-on payment, and lesser of 100% of billed charges. 100 percent of Medicaid DRG. Add-on payment, and lesser of 100% of billed charges.",,,,,,,,,". 100 percent of Medicare DRG. Add-on payment, . 100 percent of Medicare DRG. Add-on payment, .",,,,,,,,,". 100 percent of Medicare DRG. Add-on payment,  . 100 percent of Medicare DRG. Add-on payment,  .",,,,,,,,,".  ",,,,,,,,,". 100 percent of Medicare DRG. Add-on payment,  . 100 percent of Medicare DRG. Add-on payment,  .",,,,,,,,,". 100 percent of Medicare DRG. Add-on payment,  . 100 percent of Medicare DRG. Add-on payment,  .",22669.56,,,,,,,Case Rate,". 100 percent of Medicaid DRG. Add-on payment, and lesser of 100% of billed charges. 100 percent of Medicaid DRG. Add-on payment, and lesser of 100% of billed charges.",,,,,,,,,". 100 percent of Medicare DRG. Add-on payment,  . 100 percent of Medicare DRG. Add-on payment,  .",,,,,,,,,". 100 percent of Medicare DRG. Add-on payment,  . 100 percent of Medicare DRG. Add-on payment,  .",,,,,,,,,". GMLOS + 8 Outlier per Diem $6,968.00. Add-on payment, and lesser of 100% of billed charges. GMLOS + 8 Outlier per Diem $6,968.00. Add-on payment, and lesser of 100% of billed charges.",,,,,,,,,". GMLOS + 8 Outlier per Diem $6,968.00. Add-on payment, and lesser of 100% of billed charges. GMLOS + 8 Outlier per Diem $6,968.00. Add-on payment, and lesser of 100% of billed charges.",,,,,,,,,". 100 percent of Medicare DRG. Add-on payment,  . 100 percent of Medicare DRG. Add-on payment,  .",,,,,,,,,".  ",,,,,,,,,".  ",,,,,,,,,".  ",,,,,,,,,". 100 percent of Medicare DRG. Add-on payment,  . 100 percent of Medicare DRG. Add-on payment,  .",,,,,,,,,".  ",,,,,,,,,". GMLOS + 8 Outlier per Diem $6,968.00. Add-on payment, and lesser of 100% of billed charges. GMLOS + 8 Outlier per Diem $6,968.00. Add-on payment, and lesser of 100% of billed charges.",,,,,,,,,". GMLOS + 8 Outlier per Diem $6,968.00. Add-on payment, and lesser of 100% of billed charges. GMLOS + 8 Outlier per Diem $6,968.00. Add-on payment, and lesser of 100% of billed charges.",,,,,,,,,". GMLOS + 8 Outlier per Diem $6,968.00. Add-on payment, and lesser of 100% of billed charges. GMLOS + 8 Outlier per Diem $6,968.00. Add-on payment, and lesser of 100% of billed charges.",,73,,,,,0,Percent of total billed charges,73 percent of charges.  ; No services were performed during the 15 month look back period.,,73,,,,,0,Percent of total billed charges,73 percent of charges.  ; No services were performed during the 15 month look back period.,,73,,,,,0,Percent of total billed charges,73 percent of charges.  ; No services were performed during the 15 month look back period.,,73,,,,,0,Percent of total billed charges,73 percent of charges.  ; No services were performed during the 15 month look back period.,,73,,,,,0,Percent of total billed charges,73 percent of charges.  ; No services were performed during the 15 month look back period.,,73,,,,,0,Percent of total billed charges,73 percent of charges.  ; No services were performed during the 15 month look back period.,,73,,,,,0,Percent of total billed charges,73 percent of charges.  ; No services were performed during the 15 month look back period.,,73,,,,,0,Percent of total billed charges,73 percent of charges.  ; No services were performed during the 15 month look back period.,,73,,,,,0,Percent of total billed charges,73 percent of charges.  ; No services were performed during the 15 month look back period.,,73,,,,,0,Percent of total billed charges,73 percent of charges.  ; No services were performed during the 15 month look back period.,,73,,,,,0,Percent of total billed charges,73 percent of charges.  ; No services were performed during the 15 month look back period.,,,,,,,,," ",,,,,,,,,".  ",,,,,,,,,".  ",,,,,,,,,". 100 percent of Medicare DRG. Add-on payment,  . 100 percent of Medicare DRG. Add-on payment,  .",,,,,,,,,". GMLOS + 8 Outlier per Diem $6,968.00. Add-on payment, and lesser of 100% of billed charges. GMLOS + 8 Outlier per Diem $6,968.00. Add-on payment, and lesser of 100% of billed charges.",,,,,,,,,".  ",,,,,,,,,".  ",,73,,,,,0,Percent of total billed charges,73 percent of charges.  ; No services were performed during the 15 month look back period.,45339.12,,,,,,,Case Rate,". 200 percent of Medicaid DRG. Add-on payment, and lesser of 200% of billed charges. 200 percent of Medicaid DRG. Add-on payment, and lesser of 200% of billed charges.",,,,,,,,,".  ",22669.56,,,,,,,Case Rate,". 100 percent of Medicaid DRG. Add-on payment, and lesser of 100% of billed charges. 100 percent of Medicaid DRG. Add-on payment, and lesser of 100% of billed charges.",,,,,,,,,". 100 percent of Medicare DRG. Add-on payment,  . 100 percent of Medicare DRG. Add-on payment,  .",,,,,,,,,". 100 percent of Medicare DRG. Add-on payment,  . 100 percent of Medicare DRG. Add-on payment,  .",,,,,,,,,". 100 percent of Medicare DRG. Add-on payment,  . 100 percent of Medicare DRG. Add-on payment,  .",,,,,,,,,". 100 percent of Medicare DRG. Add-on payment,  . 100 percent of Medicare DRG. Add-on payment,  .",,,,,,,,,". 100 percent of Medicare DRG. Add-on payment,  . 100 percent of Medicare DRG. Add-on payment,  .",,,,,,,,,". 100 percent of Medicare DRG. Add-on payment,  . 100 percent of Medicare DRG. Add-on payment,  .",,,,,,,,,".  ",,,,,,,,,".  ",51006.51,,,,,,,Case Rate,". 225 percent of Medicaid DRG. Add-on payment, and lesser of 100% of billed charges. 225 percent of Medicaid DRG. Add-on payment, and lesser of 100% of billed charges.",51006.51,,,,,,,Case Rate,". 225 percent of Medicaid DRG. Add-on payment, and lesser of 100% of billed charges. 225 percent of Medicaid DRG. Add-on payment, and lesser of 100% of billed charges.",51006.51,,,,,,,Case Rate,". 225 percent of Medicaid DRG. Add-on payment, and lesser of 100% of billed charges. 225 percent of Medicaid DRG. Add-on payment, and lesser of 100% of billed charges.",51006.51,,,,,,,Case Rate,". 225 percent of Medicaid DRG. Add-on payment, and lesser of 100% of billed charges. 225 percent of Medicaid DRG. Add-on payment, and lesser of 100% of billed charges.",51006.51,,,,,,,Case Rate,". 225 percent of Medicaid DRG. Add-on payment, and lesser of 100% of billed charges. 225 percent of Medicaid DRG. Add-on payment, and lesser of 100% of billed charges.",,,,,,,,," ",,,,,,,,,".  ",,,,,,,,," ",,,,,,,,," ",,,,,,,,," ",,,,,,,,," ",,,,,,,,," ",,,,,,,,,". 100 percent of Medicare DRG. Add-on payment,  . 100 percent of Medicare DRG. Add-on payment,  .",,,,,,,,," ",,,,,,,,," ",,,,,,,,," ",,,,,,,,," ",,,,,,,,,". GMLOS + 8 Outlier per Diem $6,968.00. Add-on payment, and lesser of 100% of billed charges. GMLOS + 8 Outlier per Diem $6,968.00. Add-on payment, and lesser of 100% of billed charges.",,,,,,,,,". GMLOS + 8 Outlier per Diem $6,968.00. Add-on payment, and lesser of 100% of billed charges. GMLOS + 8 Outlier per Diem $6,968.00. Add-on payment, and lesser of 100% of billed charges.",,,,,,,,,". GMLOS + 8 Outlier per Diem $6,968.00. Add-on payment, and lesser of 100% of billed charges. GMLOS + 8 Outlier per Diem $6,968.00. Add-on payment, and lesser of 100% of billed charges.",,,,,,,,,". GMLOS + 8 Outlier per Diem $6,968.00. Add-on payment, and lesser of 100% of billed charges. GMLOS + 8 Outlier per Diem $6,968.00. Add-on payment, and lesser of 100% of billed charges.",,,,,,,,,".  ",,,,,,,,,".  ",,,,,,,,,". 100 percent of Medicare DRG. Add-on payment,  . 100 percent of Medicare DRG. Add-on payment,  .",,,,,,,,,". 100 percent of Medicare DRG. Add-on payment,  . 100 percent of Medicare DRG. Add-on payment,  .",,,,,,,,,". 100 percent of Medicare DRG. Add-on payment,  . 100 percent of Medicare DRG. Add-on payment,  .",,,,,,,,,".  ",,,,,,,,,".  ",,,,,,,,,".  ",,,,,,,,,".  ",,,,,,,,,". GMLOS + 8 Outlier per Diem $6,968.00. Add-on payment, and lesser of 100% of billed charges. GMLOS + 8 Outlier per Diem $6,968.00. Add-on payment, and lesser of 100% of billed charges.",,,,,,,,,". 100 percent of Medicare DRG. Add-on payment,  . 100 percent of Medicare DRG. Add-on payment,  .",,,,,,,,,".  ",22669.56,,,,,,,Case Rate,". 100 percent of Medicaid DRG. Add-on payment, and lesser of 100% of billed charges. 100 percent of Medicaid DRG. Add-on payment, and lesser of 100% of billed charges.",,,,,,,,,". 100 percent of Medicare DRG. Add-on payment, and lesser of 100% of billed charges. 100 percent of Medicare DRG. Add-on payment, and lesser of 100% of billed charges.",,,,,,,,,". 100 percent of Medicare DRG. Add-on payment, and lesser of 100% of billed charges. 100 percent of Medicare DRG. Add-on payment, and lesser of 100% of billed charges.",,,,,,,,,". 100 percent of Medicare DRG. Add-on payment, and lesser of 100% of billed charges. 100 percent of Medicare DRG. Add-on payment, and lesser of 100% of billed charges.",22669.56,,,,,,,Case Rate,". 100 percent of Medicaid DRG. Add-on payment, and lesser of 100% of billed charges. 100 percent of Medicaid DRG. Add-on payment, and lesser of 100% of billed charges.",51006.51,,,,,,,Case Rate,". 225 percent of Medicaid DRG. Add-on payment, and lesser of 225% of billed charges. 225 percent of Medicaid DRG. Add-on payment, and lesser of 225% of billed charges.",51006.51,,,,,,,Case Rate,". 225 percent of Medicaid DRG. Add-on payment, and lesser of 225% of billed charges. 225 percent of Medicaid DRG. Add-on payment, and lesser of 225% of billed charges.",51006.51,,,,,,,Case Rate,". 225 percent of Medicaid DRG. Add-on payment, and lesser of 225% of billed charges. 225 percent of Medicaid DRG. Add-on payment, and lesser of 225% of billed charges.",51006.51,,,,,,,Case Rate,". 225 percent of Medicaid DRG. Add-on payment, and lesser of 225% of billed charges. 225 percent of Medicaid DRG. Add-on payment, and lesser of 225% of billed charges.",51006.51,,,,,,,Case Rate,". 225 percent of Medicaid DRG. Add-on payment, and lesser of 225% of billed charges. 225 percent of Medicaid DRG. Add-on payment, and lesser of 225% of billed charges.",,,,,,,,,". 100 percent of Medicare DRG. Add-on payment, and lesser of 100% of billed charges. 100 percent of Medicare DRG. Add-on payment, and lesser of 100% of billed charges.",22669.56,,,,,,,Case Rate,". 100 percent of Medicaid DRG. Add-on payment, and lesser of 100% of billed charges. 100 percent of Medicaid DRG. Add-on payment, and lesser of 100% of billed charges.",22669.56,,,,,,,Case Rate,". 100 percent of Medicaid DRG. Add-on payment, and lesser of 100% of billed charges. 100 percent of Medicaid DRG. Add-on payment, and lesser of 100% of billed charges.",51006.51,,,,,,,Case Rate,". 225 percent of Medicaid DRG. Add-on payment, and lesser of 225% of billed charges. 225 percent of Medicaid DRG. Add-on payment, and lesser of 225% of billed charges.",51006.51,,,,,,,Case Rate,". 225 percent of Medicaid DRG. Add-on payment, and lesser of 225% of billed charges. 225 percent of Medicaid DRG. Add-on payment, and lesser of 225% of billed charges.",22669.56,,,,,,,Case Rate,". 100 percent of Medicaid DRG. Add-on payment, and lesser of 100% of billed charges. 100 percent of Medicaid DRG. Add-on payment, and lesser of 100% of billed charges.",22669.56,,,,,,,Case Rate,". 100 percent of Medicaid DRG. Add-on payment, and lesser of 100% of billed charges. 100 percent of Medicaid DRG. Add-on payment, and lesser of 100% of billed charges.",51006.51,,,,,,,Case Rate,". 225 percent of Medicaid DRG. Add-on payment, and lesser of 100% of billed charges. 225 percent of Medicaid DRG. Add-on payment, and lesser of 100% of billed charges.",,,,,,,,,". 100 percent of Medicare DRG. Add-on payment,  . 100 percent of Medicare DRG. Add-on payment,  .",,,,,,,,,". 100 percent of Medicare DRG. Add-on payment,  . 100 percent of Medicare DRG. Add-on payment,  .",,,,,,,,,". GMLOS + 8 Outlier per Diem $6,968.00. Add-on payment, and lesser of 100% of billed charges. GMLOS + 8 Outlier per Diem $6,968.00. Add-on payment, and lesser of 100% of billed charges.",,,,,,,,,". 100 percent of Medicare DRG. Add-on payment,  . 100 percent of Medicare DRG. Add-on payment,  .",51006.51,,,,,,,Case Rate,". 225 percent of Medicaid DRG. Add-on payment, and lesser of 225% of billed charges. 225 percent of Medicaid DRG. Add-on payment, and lesser of 225% of billed charges.",51006.51,,,,,,,Case Rate,". 225 percent of Medicaid DRG. Add-on payment, and lesser of 225% of billed charges. 225 percent of Medicaid DRG. Add-on payment, and lesser of 225% of billed charges.",22669.56,,,,,,,Case Rate,". 100 percent of Medicaid DRG. Add-on payment, and lesser of 100% of billed charges. 100 percent of Medicaid DRG. Add-on payment, and lesser of 100% of billed charges.",22669.56,,,,,,,Case Rate,". 100 percent of Medicaid DRG. Add-on payment, and lesser of 100% of billed charges. 100 percent of Medicaid DRG. Add-on payment, and lesser of 100% of billed charges.",36802.8,,,,,,,Case Rate,". 225 percent of Medicaid DRG. Add-on payment, and lesser of 225% of billed charges. 225 percent of Medicaid DRG. Add-on payment, and lesser of 225% of billed charges.",22669.56,,,,,,,Case Rate,". 100 percent of Medicaid DRG. Add-on payment, and lesser of 100% of billed charges. 100 percent of Medicaid DRG. Add-on payment, and lesser of 100% of billed charges.",65741.73,,,,,,,Case Rate,". 290 percent of Medicaid DRG. Add-on payment, and lesser of 100% of billed charges. 290 percent of Medicaid DRG. Add-on payment, and lesser of 100% of billed charges.",65741.73,,,,,,,Case Rate,". 290 percent of Medicaid DRG. Add-on payment, and lesser of 100% of billed charges. 290 percent of Medicaid DRG. Add-on payment, and lesser of 100% of billed charges.",65741.73,,,,,,,Case Rate,". 290 percent of Medicaid DRG. Add-on payment, and lesser of 100% of billed charges. 290 percent of Medicaid DRG. Add-on payment, and lesser of 100% of billed charges.",65741.73,,,,,,,Case Rate,". 290 percent of Medicaid DRG. Add-on payment, and lesser of 100% of billed charges. 290 percent of Medicaid DRG. Add-on payment, and lesser of 100% of billed charges.",,,,,,,,," ",,,,,,,,,".  ",30603.91,,,,,,,Case Rate,"135% of Medicaid EP 1 and 2, 100% of medicaid EP 3 and 4.  ",30603.91,,,,,,,Case Rate,"135% of Medicaid EP 1 and 2, 100% of medicaid EP 3 and 4.  ",22669.56,,,,,,,Case Rate,". 100 percent of Medicaid DRG. Add-on payment, and lesser of 100% of billed charges. 100 percent of Medicaid DRG. Add-on payment, and lesser of 100% of billed charges.",22669.56,,,,,,,Case Rate,". 100 percent of Medicaid DRG. Add-on payment, and lesser of 100% of billed charges. 100 percent of Medicaid DRG. Add-on payment, and lesser of 100% of billed charges.",,,,,,,,,".  ",,,,,,,,,".  ",,,,,,,,,". 100 percent of Medicare DRG. Add-on payment,  . 100 percent of Medicare DRG. Add-on payment,  .",,,,,,,,,".  ",,,,,,,,,".  ",,,,,,,,,".  ",,,,,,,,,".  ",,,,,,,,,". 100 percent of Medicare DRG. Add-on payment,  . 100 percent of Medicare DRG. Add-on payment,  .",,,,,,,,,".  ",,,,,,,,,".  ",,,,,,,,,". GMLOS + 8 Outlier per Diem $6,968.00. Add-on payment, and lesser of 100% of billed charges. GMLOS + 8 Outlier per Diem $6,968.00. Add-on payment, and lesser of 100% of billed charges.",22669.56,,,,,,,Case Rate,". 100 percent of Medicaid DRG. Add-on payment, and lesser of 100% of billed charges. 100 percent of Medicaid DRG. Add-on payment, and lesser of 100% of billed charges.",22669.56,,,,,,,Case Rate,". 100 percent of Medicaid DRG. Add-on payment, and lesser of 100% of billed charges. 100 percent of Medicaid DRG. Add-on payment, and lesser of 100% of billed charges.",51006.51,,,,,,,Case Rate,". 225 percent of Medicaid DRG. Add-on payment, and lesser of 225% of billed charges. 225 percent of Medicaid DRG. Add-on payment, and lesser of 225% of billed charges.",36802.8,,,,,,,Case Rate,". 225 percent of Medicaid DRG. Add-on payment, and lesser of 225% of billed charges. 225 percent of Medicaid DRG. Add-on payment, and lesser of 225% of billed charges.",22669.56,,,,,,,Case Rate,". 100 percent of Medicaid DRG. Add-on payment, and lesser of 100% of billed charges. 100 percent of Medicaid DRG. Add-on payment, and lesser of 100% of billed charges.",51006.51,,,,,,,Case Rate,". 225 percent of Medicaid DRG. Add-on payment, and lesser of 225% of billed charges. 225 percent of Medicaid DRG. Add-on payment, and lesser of 225% of billed charges.",51006.51,,,,,,,Case Rate,". 225 percent of Medicaid DRG. Add-on payment, and lesser of 225% of billed charges. 225 percent of Medicaid DRG. Add-on payment, and lesser of 225% of billed charges.",51006.51,,,,,,,Case Rate,". 225 percent of Medicaid DRG. Add-on payment, and lesser of 225% of billed charges. 225 percent of Medicaid DRG. Add-on payment, and lesser of 225% of billed charges.",51006.51,,,,,,,Case Rate,". 225 percent of Medicaid DRG. Add-on payment, and lesser of 225% of billed charges. 225 percent of Medicaid DRG. Add-on payment, and lesser of 225% of billed charges.",51006.51,,,,,,,Case Rate,". 225 percent of Medicaid DRG. Add-on payment, and lesser of 225% of billed charges. 225 percent of Medicaid DRG. Add-on payment, and lesser of 225% of billed charges.",51006.51,,,,,,,Case Rate,". 225 percent of Medicaid DRG. Add-on payment, and lesser of 225% of billed charges. 225 percent of Medicaid DRG. Add-on payment, and lesser of 225% of billed charges.",,,,,,,,," ",,,,,,,,," ",,,,,,,,," ",,,,,,,,,".  ",,,,,,,,," ",,,,,,,,,". 100 percent of Medicare DRG. Add-on payment,  . 100 percent of Medicare DRG. Add-on payment,  .",,,,,,,,,".  ",,,,,,,,,". 100 percent of Medicare DRG. Add-on payment,  . 100 percent of Medicare DRG. Add-on payment,  .",,,,,,,,,". 100 percent of Medicare DRG. Add-on payment,  . 100 percent of Medicare DRG. Add-on payment,  .",30603.91,,,,,,,Case Rate,"135% of Medicaid EP 1 and 2, 100% of medicaid EP 3 and 4.  ",30603.91,,,,,,,Case Rate,"135% of Medicaid EP 1 and 2, 100% of medicaid EP 3 and 4.  ",22669.56,,,,,,,Case Rate,". 100 percent of Medicaid DRG. Add-on payment, and lesser of 100% of billed charges. 100 percent of Medicaid DRG. Add-on payment, and lesser of 100% of billed charges.",22669.56,,,,,,,Case Rate,". 100 percent of Medicaid DRG. Add-on payment, and lesser of 100% of billed charges. 100 percent of Medicaid DRG. Add-on payment, and lesser of 100% of billed charges.",22669.56,,,,,,,Case Rate,". 100 percent of Medicaid DRG. Add-on payment, and lesser of 100% of billed charges. 100 percent of Medicaid DRG. Add-on payment, and lesser of 100% of billed charges.",,,,,,,,," ",,,,,,,,,". GMLOS + 8 Outlier per Diem $6,968.00. Add-on payment, and lesser of 100% of billed charges. GMLOS + 8 Outlier per Diem $6,968.00. Add-on payment, and lesser of 100% of billed charges.",,,,,,,,," ",,,,,,,,,".  ",,,,,,,,,". 100 percent of Medicare DRG. Add-on payment, . 100 percent of Medicare DRG. Add-on payment, .",,,,,,,,,". 100 percent of Medicare DRG. Add-on payment,  . 100 percent of Medicare DRG. Add-on payment,  .",,,,,,,,,". 100 percent of Medicare DRG. Add-on payment,  . 100 percent of Medicare DRG. Add-on payment,  .",,,,,,,,,". 100 percent of Medicare DRG. Add-on payment,  . 100 percent of Medicare DRG. Add-on payment,  .",,,,,,,,,". 100 percent of Medicare DRG. Add-on payment, . 100 percent of Medicare DRG. Add-on payment, .",,,,,,,,,". 100 percent of Medicare DRG. Add-on payment,  . 100 percent of Medicare DRG. Add-on payment,  .",,,,,,,,," ",51006.51,,,,,,,Case Rate,". 225 percent of Medicaid DRG. Add-on payment, and lesser of 225% of billed charges. 225 percent of Medicaid DRG. Add-on payment, and lesser of 225% of billed charges.",22669.56,,,,,,,Case Rate,". 100 percent of Medicaid DRG. Add-on payment, and lesser of 100% of billed charges. 100 percent of Medicaid DRG. Add-on payment, and lesser of 100% of billed charges.",,,,,,,,,".  ",,,,,,,,," ",,,,,,,,," ",,,,,,,,," ",,,,,,,,," ",,,,,,,,,". 100 percent of Medicare DRG. Add-on payment,  . 100 percent of Medicare DRG. Add-on payment,  .",22669.56,,,,,,,Case Rate,". 100 percent of Medicaid DRG. Add-on payment, and lesser of 100% of billed charges. 100 percent of Medicaid DRG. Add-on payment, and lesser of 100% of billed charges.",,,,,,,,,".  ",22669.56,,,,,,,Case Rate,". 100 percent of Medicaid DRG. Add-on payment, and lesser of 100% of billed charges. 100 percent of Medicaid DRG. Add-on payment, and lesser of 100% of billed charges.",,,,,,,,,". 100 percent of Medicare DRG. Add-on payment,  . 100 percent of Medicare DRG. Add-on payment,  .",22669.56,,,,,,,Case Rate,". 100 percent of Medicaid DRG. Add-on payment, and lesser of 100% of billed charges. 100 percent of Medicaid DRG. Add-on payment, and lesser of 100% of billed charges.",,,,,,,,,". 100 percent of Medicare DRG. Add-on payment,  . 100 percent of Medicare DRG. Add-on payment,  .",,,,,,,,,". 100 percent of Medicare DRG. Add-on payment,  . 100 percent of Medicare DRG. Add-on payment,  .",22669.56,,,,,,,Case Rate,". 100 percent of Medicaid DRG. Add-on payment, and lesser of 100% of billed charges. 100 percent of Medicaid DRG. Add-on payment, and lesser of 100% of billed charges.",22669.56,,,,,,,Case Rate,". 100 percent of Medicaid DRG. Add-on payment, and lesser of 100% of billed charges. 100 percent of Medicaid DRG. Add-on payment, and lesser of 100% of billed charges.",,,,,,,,," ",,,,,,,,,".  ",,73,,,,,0,Percent of total billed charges,73 percent of charges.  ; No services were performed during the 15 month look back period.,,,,,,,,,".  ",,,,,,,,,".  ",,,,,,,,,". GMLOS + 8 Outlier per Diem $6,968.00. Add-on payment, and lesser of 100% of billed charges. GMLOS + 8 Outlier per Diem $6,968.00. Add-on payment, and lesser of 100% of billed charges.",,,,,,,,,". 93 percent of Medicare DRG. Add-on payment, and lesser of 100% of billed charges. 93 percent of Medicare DRG. Add-on payment, and lesser of 100% of billed charges.",,,,,,,,," ",,,,,,,,," ",,,,,,,,,".  ",,,,,,,,,".  ",,,,,,,,,". 100 percent of Medicare DRG. Add-on payment,  . 100 percent of Medicare DRG. Add-on payment,  .",,,,,,,,,". 100 percent of Medicare DRG. Add-on payment,  . 100 percent of Medicare DRG. Add-on payment,  .",,,,,,,,,". 100 percent of Medicare DRG. Add-on payment,  . 100 percent of Medicare DRG. Add-on payment,  .",,,,,,,,,". 100 percent of Medicare DRG. Add-on payment,  . 100 percent of Medicare DRG. Add-on payment,  .",,,,,,,,,".  ",,,,,,,,,".  ",,,,,,,,,".  ",,,,,,,,,". 100 percent of Medicare DRG. Add-on payment,  . 100 percent of Medicare DRG. Add-on payment,  .",,,,,,,,,".  ",,,,,,,,," ",22669.56,,,,,,,Case Rate,". 100 percent of Medicaid DRG. Add-on payment, and lesser of 100% of billed charges. 100 percent of Medicaid DRG. Add-on payment, and lesser of 100% of billed charges.",22669.56,,,,,,,Case Rate,". 100 percent of Medicaid DRG. Add-on payment, and lesser of 100% of billed charges. 100 percent of Medicaid DRG. Add-on payment, and lesser of 100% of billed charges.",,,,,,,,," ",,,,,,,,,".  ",,,,,,,,,".  ",,,,,,,,,".  ",,,,,,,,,".  ",,,,,,,,,". 100 percent of Medicare DRG. Add-on payment, . 100 percent of Medicare DRG. Add-on payment, .",23803.04,,,,,,,Case Rate,". 105 percent of Medicaid DRG. Add-on payment, and lesser of 100% of billed charges. 105 percent of Medicaid DRG. Add-on payment, and lesser of 100% of billed charges.",23803.04,,,,,,,Case Rate,". 105 percent of Medicaid DRG. Add-on payment, and lesser of 100% of billed charges. 105 percent of Medicaid DRG. Add-on payment, and lesser of 100% of billed charges.",23803.04,,,,,,,Case Rate,". 105 percent of Medicaid DRG. Add-on payment, and lesser of 100% of billed charges. 105 percent of Medicaid DRG. Add-on payment, and lesser of 100% of billed charges.",23803.04,,,,,,,Case Rate,". 105 percent of Medicaid DRG. Add-on payment, and lesser of 100% of billed charges. 105 percent of Medicaid DRG. Add-on payment, and lesser of 100% of billed charges.",,,,,,,,,".  ",23803.04,,,,,,,Case Rate,". 105 percent of Medicaid DRG. Add-on payment, and lesser of 100% of billed charges. 105 percent of Medicaid DRG. Add-on payment, and lesser of 100% of billed charges.",23803.04,,,,,,,Case Rate,". 105 percent of Medicaid DRG. Add-on payment, and lesser of 100% of billed charges. 105 percent of Medicaid DRG. Add-on payment, and lesser of 100% of billed charges.",23803.04,,,,,,,Case Rate,". 105 percent of Medicaid DRG. Add-on payment, and lesser of 100% of billed charges. 105 percent of Medicaid DRG. Add-on payment, and lesser of 100% of billed charges.",23803.04,,,,,,,Case Rate,". 105 percent of Medicaid DRG. Add-on payment, and lesser of 100% of billed charges. 105 percent of Medicaid DRG. Add-on payment, and lesser of 100% of billed charges.",23803.04,,,,,,,Case Rate,". 105 percent of Medicaid DRG. Add-on payment, and lesser of 100% of billed charges. 105 percent of Medicaid DRG. Add-on payment, and lesser of 100% of billed charges.",23803.04,,,,,,,Case Rate,". 105 percent of Medicaid DRG. Add-on payment, and lesser of 100% of billed charges. 105 percent of Medicaid DRG. Add-on payment, and lesser of 100% of billed charges.",23803.04,,,,,,,Case Rate,". 105 percent of Medicaid DRG. Add-on payment, and lesser of 100% of billed charges. 105 percent of Medicaid DRG. Add-on payment, and lesser of 100% of billed charges.",,,,,,,,,". 100 percent of Medicare DRG. Add-on payment,  . 100 percent of Medicare DRG. Add-on payment,  .",,,,,,,,,".  ",,,,,,,,,". 100 percent of Medicare DRG. Add-on payment,  . 100 percent of Medicare DRG. Add-on payment,  .",23803.04,,,,,,,Case Rate,". 105 percent of Medicaid DRG. Add-on payment, and lesser of 100% of billed charges. 105 percent of Medicaid DRG. Add-on payment, and lesser of 100% of billed charges.",,,,,,,,,".  ",,,,,,,,,". 100 percent of Medicare DRG. Add-on payment,  . 100 percent of Medicare DRG. Add-on payment,  .",,,,,,,,,".  ",,,,,,,,,".  ",,,,,,,,,".  ",23803.04,,,,,,,Case Rate,". 105 percent of Medicaid DRG. Add-on payment, and lesser of 100% of billed charges. 105 percent of Medicaid DRG. Add-on payment, and lesser of 100% of billed charges.",,,,,,,,,". 100 percent of Medicare DRG. Add-on payment,  . 100 percent of Medicare DRG. Add-on payment,  .",,,,,,,,,".  ",23803.04,,,,,,,Case Rate,". 105 percent of Medicaid DRG. Add-on payment, and lesser of 100% of billed charges. 105 percent of Medicaid DRG. Add-on payment, and lesser of 100% of billed charges.",,,,,,,,,".  ",,,,,,,,,". Delay in Discharge per diem $4,1055 Delay in Discharge per diem $4,1055",,,,,,,,,". 100 percent of Medicare DRG. Add-on payment, . 100 percent of Medicare DRG. Add-on payment, .",,,,,,,,," ",,,,,,,,," ",,,,,,,,," ",,,,,,,,," ",,,,,,,,," ",,,,,,,,," ",,,,,,,,," ",,,,,,,,," ",,,,,,,,," ",,,,,,,,," ",,,,,,,,," ",,,,,,,,," ",,,,,,,,,". 100 percent of Medicare DRG. Add-on payment,  . 100 percent of Medicare DRG. Add-on payment,  .",,,,,,,,," ",,,,,,,,,". 100 percent of Medicare DRG. Add-on payment,  . 100 percent of Medicare DRG. Add-on payment,  .",51006.51,,,,,,,Case Rate,". 225 percent of Medicaid DRG. Add-on payment, and lesser of 225% of billed charges. 225 percent of Medicaid DRG. Add-on payment, and lesser of 225% of billed charges.",22669.56,,,,,,,Case Rate,". 100 percent of Medicaid DRG. Add-on payment, and lesser of 100% of billed charges. 100 percent of Medicaid DRG. Add-on payment, and lesser of 100% of billed charges.",,,,,,,,,".  ",,,,,,,,,".  ",,,,,,,,,". 100 percent of Medicare DRG. Add-on payment,  . 100 percent of Medicare DRG. Add-on payment,  .",,,,,,,,," ",,,,,,,,,". 100 percent of Medicare DRG. Add-on payment,  . 100 percent of Medicare DRG. Add-on payment,  .",,,,,,,,,". 100 percent of Medicare DRG. Add-on payment,  . 100 percent of Medicare DRG. Add-on payment,  .",,,,,,,,,". GMLOS + 8 Outlier per Diem $6,968.00. Add-on payment, and lesser of 100% of billed charges. GMLOS + 8 Outlier per Diem $6,968.00. Add-on payment, and lesser of 100% of billed charges.",,,,,,,,,". 100 percent of Medicare DRG. Add-on payment,  . 100 percent of Medicare DRG. Add-on payment,  .",,,,,,,,,".  ",,,,,,,,,". 100 percent of Medicare DRG. Add-on payment,  . 100 percent of Medicare DRG. Add-on payment,  .",,,,,,,,,".  ",,,,,,,,,". GMLOS + 8 Outlier per Diem $6,968.00. Add-on payment, and lesser of 100% of billed charges. GMLOS + 8 Outlier per Diem $6,968.00. Add-on payment, and lesser of 100% of billed charges.",,,,,,,,,".  ",,,,,,,,,". 100 percent of Medicare DRG. Add-on payment,  . 100 percent of Medicare DRG. Add-on payment,  .",22669.56,,,,,,,Case Rate,". 100 percent of Medicaid DRG. Add-on payment, and lesser of 100% of billed charges. 100 percent of Medicaid DRG. Add-on payment, and lesser of 100% of billed charges.",,,,,,,,,". 100 percent of Medicare DRG. Add-on payment,  . 100 percent of Medicare DRG. Add-on payment,  .",,,,,,,,,".  ",,,,,,,,,".  ",22669.56,,,,,,,Case Rate,". 100 percent of Medicaid DRG. Add-on payment, and lesser of 100% of billed charges. 100 percent of Medicaid DRG. Add-on payment, and lesser of 100% of billed charges.",,,,,,,,,".  ",22669.56,,,,,,,Case Rate,". 100 percent of Medicaid DRG. Add-on payment, and lesser of 100% of billed charges. 100 percent of Medicaid DRG. Add-on payment, and lesser of 100% of billed charges.",22669.56,,,,,,,Case Rate,". 100 percent of Medicaid DRG. Add-on payment, and lesser of 100% of billed charges. 100 percent of Medicaid DRG. Add-on payment, and lesser of 100% of billed charges.",,,,,,,,,".  ",,,,,,,,,".  ",,,,,,,,,".  ",,,,,,,,,".  ",,,,,,,,,".  ",,,,,,,,,".  ",,,,,,,,,".  ",,,,,,,,," ",,,,,,,,," ",,,,,,,,," ",22669.56,,,,,,,Case Rate,". 100 percent of Medicaid DRG. Add-on payment, and lesser of 100% of billed charges. 100 percent of Medicaid DRG. Add-on payment, and lesser of 100% of billed charges.",,,,,,,,,".  ",,,,,,,,,".  ",,,,,,,,,". GMLOS + 8 Outlier per Diem $6,968.00. Add-on payment, and lesser of 100% of billed charges. GMLOS + 8 Outlier per Diem $6,968.00. Add-on payment, and lesser of 100% of billed charges.",,,,,,,,,".  ",,,,,,,,,". GMLOS + 8 Outlier per Diem $6,968.00. Add-on payment, and lesser of 100% of billed charges. GMLOS + 8 Outlier per Diem $6,968.00. Add-on payment, and lesser of 100% of billed charges.",,,,,,,,,".  ",,,,,,,,,".  ",,,,,,,,,".  ",,,,,,,,,".  ",,,,,,,,,".  ",,,,,,,,,". 100 percent of Medicare DRG. Add-on payment,  . 100 percent of Medicare DRG. Add-on payment,  .",16356.8,65741.73,
APR282-1,DRG,,,,,APR282-1 DISORDERS OF PANCREAS EXCEPT MALIGNANCY,,,Inpatient,,,,,,,,,,,,".  ",,,,,,,,,".  ",,,,,,,,,". GMLOS + 8 Outlier per Diem $6,968.00. Add-on payment, and lesser of 100% of billed charges. GMLOS + 8 Outlier per Diem $6,968.00. Add-on payment, and lesser of 100% of billed charges.",,100,,,,,0,Percent of total billed charges,100 percent of charges.  ; No services were performed during the 15 month look back period.,,,,,,,,,". 100 percent of Medicare DRG. Add-on payment,  . 100 percent of Medicare DRG. Add-on payment,  .",,,,,,,,,". GMLOS + 8 Outlier per Diem $6,968.00. Add-on payment, and lesser of 100% of billed charges. GMLOS + 8 Outlier per Diem $6,968.00. Add-on payment, and lesser of 100% of billed charges.",,,,,,,,,". GMLOS + 8 Outlier per Diem $6,968.00. Add-on payment, and lesser of 100% of billed charges. GMLOS + 8 Outlier per Diem $6,968.00. Add-on payment, and lesser of 100% of billed charges.",,,,,,,,,". GMLOS + 8 Outlier per Diem $6,968.00. Add-on payment, and lesser of 100% of billed charges. GMLOS + 8 Outlier per Diem $6,968.00. Add-on payment, and lesser of 100% of billed charges.",14011.92,,,,,,,Case Rate,". 155 percent of Medicaid DRG. Add-on payment, and lesser of 100% of billed charges. 155 percent of Medicaid DRG. Add-on payment, and lesser of 100% of billed charges.",9039.95,,,,,,,Case Rate,". 100 percent of Medicaid DRG. Add-on payment, and lesser of 100% of billed charges. 100 percent of Medicaid DRG. Add-on payment, and lesser of 100% of billed charges.",,73,,,,,0,Percent of total billed charges,73 percent of charges.  ; No services were performed during the 15 month look back period.,,,,,,,,,".  ",9039.95,,,,,,,Case Rate,". 100 percent of Medicaid DRG. Add-on payment, and lesser of 100% of billed charges. 100 percent of Medicaid DRG. Add-on payment, and lesser of 100% of billed charges.",,,,,,,,,". 100 percent of Medicare DRG. Add-on payment,  . 100 percent of Medicare DRG. Add-on payment,  .",,,,,,,,,".  ",,,,,,,,,".  ",,,,,,,,,".  ",,,,,,,,,".  ",9039.95,,,,,,,Case Rate,". 100 percent of Medicaid DRG. Add-on payment, and lesser of 100% of billed charges. 100 percent of Medicaid DRG. Add-on payment, and lesser of 100% of billed charges.",,,,,,,,,". 100 percent of Medicare DRG. Add-on payment,  . 100 percent of Medicare DRG. Add-on payment,  .",9039.95,,,,,,,Case Rate,". 100 percent of Medicaid DRG. Add-on payment, and lesser of 100% of billed charges. 100 percent of Medicaid DRG. Add-on payment, and lesser of 100% of billed charges.",,73,,,,,0,Percent of total billed charges,73 percent of charges.  ; No services were performed during the 15 month look back period.,,,,,,,,,". GMLOS + 8 Outlier per Diem $6,968.00. Add-on payment, and lesser of 100% of billed charges. GMLOS + 8 Outlier per Diem $6,968.00. Add-on payment, and lesser of 100% of billed charges.",,,,,,,,,". 100 percent of Medicare DRG. Add-on payment, and lesser of 100% of billed charges. 100 percent of Medicare DRG. Add-on payment, and lesser of 100% of billed charges.",,,,,,,,," ",,,,,,,,,". 100 percent of Medicare DRG. Add-on payment, and lesser of 100% of billed charges. 100 percent of Medicare DRG. Add-on payment, and lesser of 100% of billed charges.",,,,,,,,,". 100 percent of Medicare DRG. Add-on payment, and lesser of 100% of billed charges. 100 percent of Medicare DRG. Add-on payment, and lesser of 100% of billed charges.",,73,,,,,0,Percent of total billed charges,73 percent of charges.  ; No services were performed during the 15 month look back period.,9039.95,,,,,,,Case Rate,". 100 percent of Medicaid DRG. Add-on payment, and lesser of 100% of billed charges. 100 percent of Medicaid DRG. Add-on payment, and lesser of 100% of billed charges.",9039.95,,,,,,,Case Rate,". 100 percent of Medicaid DRG. Add-on payment, and lesser of 100% of billed charges. 100 percent of Medicaid DRG. Add-on payment, and lesser of 100% of billed charges.",9039.95,,,,,,,Case Rate,". 100 percent of Medicaid DRG. Add-on payment, and lesser of 100% of billed charges. 100 percent of Medicaid DRG. Add-on payment, and lesser of 100% of billed charges.",9039.95,,,,,,,Case Rate,". 100 percent of Medicaid DRG. Add-on payment, and lesser of 100% of billed charges. 100 percent of Medicaid DRG. Add-on payment, and lesser of 100% of billed charges.",,,,,,,,," ",,,,,,,,," ",9039.95,,,,,,,Case Rate,". 100 percent of Medicaid DRG. Add-on payment, and lesser of 100% of billed charges. 100 percent of Medicaid DRG. Add-on payment, and lesser of 100% of billed charges.",,,,,,,,," ",9039.95,,,,,,,Case Rate,". 100 percent of Medicaid DRG. Add-on payment, and lesser of 100% of billed charges. 100 percent of Medicaid DRG. Add-on payment, and lesser of 100% of billed charges.",,,,,,,,,". 100 percent of Medicare DRG. Add-on payment, . 100 percent of Medicare DRG. Add-on payment, .",,,,,,,,," ",,73,,,,,0,Percent of total billed charges,73 percent of charges.  ; No services were performed during the 15 month look back period.,9039.95,,,,,,,Case Rate,". 100 percent of Medicaid DRG. Add-on payment, and lesser of 100% of billed charges. 100 percent of Medicaid DRG. Add-on payment, and lesser of 100% of billed charges.",9039.95,,,,,,,Case Rate,". 100 percent of Medicaid DRG. Add-on payment, and lesser of 100% of billed charges. 100 percent of Medicaid DRG. Add-on payment, and lesser of 100% of billed charges.",,73,,,,,0,Percent of total billed charges,73 percent of charges.  ; No services were performed during the 15 month look back period.,,,,,,,,,".  ",,,,,,,,,".  ",,,,,,,,,".  ",,73,,,,,0,Percent of total billed charges,73 percent of charges.  ; No services were performed during the 15 month look back period.,,,,,,,,,". 100 percent of Medicare DRG. Add-on payment,  . 100 percent of Medicare DRG. Add-on payment,  .",,,,,,,,,".  ",,,,,,,,,".  ",,,,,,,,,".  ",,,,,,,,,". 100 percent of Medicare DRG. Add-on payment,  . 100 percent of Medicare DRG. Add-on payment,  .",,,,,,,,,".  ",,,,,,,,,".  ",,,,,,,,,". 100 percent of Medicare DRG. Add-on payment, and lesser of 100% of billed charges. 100 percent of Medicare DRG. Add-on payment, and lesser of 100% of billed charges.",,,,,,,,,".  ",,,,,,,,,".  ",,,,,,,,,".  ",,,,,,,,,".  ",,,,,,,,,".  ",,,,,,,,,".  ",,,,,,,,,".  ",,,,,,,,,". 100 percent of Medicare DRG. Add-on payment,  . 100 percent of Medicare DRG. Add-on payment,  .",,,,,,,,,". 100 percent of Medicare DRG. Add-on payment,  . 100 percent of Medicare DRG. Add-on payment,  .",,,,,,,,,".  ",,73,,,,,0,Percent of total billed charges,73 percent of charges.  ; No services were performed during the 15 month look back period.,,73,,,,,0,Percent of total billed charges,73 percent of charges.  ; No services were performed during the 15 month look back period.,,73,,,,,0,Percent of total billed charges,73 percent of charges.  ; No services were performed during the 15 month look back period.,,73,,,,,0,Percent of total billed charges,73 percent of charges.  ; No services were performed during the 15 month look back period.,,73,,,,,0,Percent of total billed charges,73 percent of charges.  ; No services were performed during the 15 month look back period.,,73,,,,,0,Percent of total billed charges,73 percent of charges.  ; No services were performed during the 15 month look back period.,,73,,,,,0,Percent of total billed charges,73 percent of charges.  ; No services were performed during the 15 month look back period.,,73,,,,,0,Percent of total billed charges,73 percent of charges.  ; No services were performed during the 15 month look back period.,,73,,,,,0,Percent of total billed charges,73 percent of charges.  ; No services were performed during the 15 month look back period.,,73,,,,,0,Percent of total billed charges,73 percent of charges.  ; No services were performed during the 15 month look back period.,,73,,,,,0,Percent of total billed charges,73 percent of charges.  ; No services were performed during the 15 month look back period.,,73,,,,,0,Percent of total billed charges,73 percent of charges.  ; No services were performed during the 15 month look back period.,,73,,,,,0,Percent of total billed charges,73 percent of charges.  ; No services were performed during the 15 month look back period.,,73,,,,,0,Percent of total billed charges,73 percent of charges.  ; No services were performed during the 15 month look back period.,,73,,,,,0,Percent of total billed charges,73 percent of charges.  ; No services were performed during the 15 month look back period.,,73,,,,,0,Percent of total billed charges,73 percent of charges.  ; No services were performed during the 15 month look back period.,,73,,,,,0,Percent of total billed charges,73 percent of charges.  ; No services were performed during the 15 month look back period.,,73,,,,,0,Percent of total billed charges,73 percent of charges.  ; No services were performed during the 15 month look back period.,,73,,,,,0,Percent of total billed charges,73 percent of charges.  ; No services were performed during the 15 month look back period.,,73,,,,,0,Percent of total billed charges,73 percent of charges.  ; No services were performed during the 15 month look back period.,,73,,,,,0,Percent of total billed charges,73 percent of charges.  ; No services were performed during the 15 month look back period.,,73,,,,,0,Percent of total billed charges,73 percent of charges.  ; No services were performed during the 15 month look back period.,,73,,,,,0,Percent of total billed charges,73 percent of charges.  ; No services were performed during the 15 month look back period.,,73,,,,,0,Percent of total billed charges,73 percent of charges.  ; No services were performed during the 15 month look back period.,,73,,,,,0,Percent of total billed charges,73 percent of charges.  ; No services were performed during the 15 month look back period.,,73,,,,,0,Percent of total billed charges,73 percent of charges.  ; No services were performed during the 15 month look back period.,,,,,,,,," ",,,,,,,,," ",,,,,,,,," ",,,,,,,,," ",,,,,,,,," ",,,,,,,,," ",,,,,,,,,".  ",,,,,,,,,".  ",,,,,,,,,".  ",,,,,,,,,".  ",,73,,,,,0,Percent of total billed charges,73 percent of charges.  ; No services were performed during the 15 month look back period.,,,,,,,,," ",,,,,,,,,".  ",,,,,,,,,".  ",,,,,,,,,".  ",,,,,,,,," ",,73,,,,,0,Percent of total billed charges,73 percent of charges.  ; No services were performed during the 15 month look back period.,9039.95,,,,,,,Case Rate,". 100 percent of Medicaid DRG. Add-on payment, and lesser of 100% of billed charges. 100 percent of Medicaid DRG. Add-on payment, and lesser of 100% of billed charges.",,,,,,,,," ",9039.95,,,,,,,Case Rate,". 100 percent of Medicaid DRG. Add-on payment, and lesser of 100% of billed charges. 100 percent of Medicaid DRG. Add-on payment, and lesser of 100% of billed charges.",,,,,,,,,". 100 percent of Medicare DRG. Add-on payment, . 100 percent of Medicare DRG. Add-on payment, .",,,,,,,,,". 100 percent of Medicare DRG. Add-on payment,  . 100 percent of Medicare DRG. Add-on payment,  .",,,,,,,,,".  ",,,,,,,,,". 100 percent of Medicare DRG. Add-on payment,  . 100 percent of Medicare DRG. Add-on payment,  .",,,,,,,,,". 100 percent of Medicare DRG. Add-on payment,  . 100 percent of Medicare DRG. Add-on payment,  .",9039.95,,,,,,,Case Rate,". 100 percent of Medicaid DRG. Add-on payment, and lesser of 100% of billed charges. 100 percent of Medicaid DRG. Add-on payment, and lesser of 100% of billed charges.",,,,,,,,,". 100 percent of Medicare DRG. Add-on payment,  . 100 percent of Medicare DRG. Add-on payment,  .",,,,,,,,,". 100 percent of Medicare DRG. Add-on payment,  . 100 percent of Medicare DRG. Add-on payment,  .",,,,,,,,,". GMLOS + 8 Outlier per Diem $6,968.00. Add-on payment, and lesser of 100% of billed charges. GMLOS + 8 Outlier per Diem $6,968.00. Add-on payment, and lesser of 100% of billed charges.",,,,,,,,,". GMLOS + 8 Outlier per Diem $6,968.00. Add-on payment, and lesser of 100% of billed charges. GMLOS + 8 Outlier per Diem $6,968.00. Add-on payment, and lesser of 100% of billed charges.",,,,,,,,,". 100 percent of Medicare DRG. Add-on payment,  . 100 percent of Medicare DRG. Add-on payment,  .",,,,,,,,,".  ",,,,,,,,,".  ",,,,,,,,,".  ",,,,,,,,,". 100 percent of Medicare DRG. Add-on payment,  . 100 percent of Medicare DRG. Add-on payment,  .",,,,,,,,,".  ",,,,,,,,,". GMLOS + 8 Outlier per Diem $6,968.00. Add-on payment, and lesser of 100% of billed charges. GMLOS + 8 Outlier per Diem $6,968.00. Add-on payment, and lesser of 100% of billed charges.",,,,,,,,,". GMLOS + 8 Outlier per Diem $6,968.00. Add-on payment, and lesser of 100% of billed charges. GMLOS + 8 Outlier per Diem $6,968.00. Add-on payment, and lesser of 100% of billed charges.",,,,,,,,,". GMLOS + 8 Outlier per Diem $6,968.00. Add-on payment, and lesser of 100% of billed charges. GMLOS + 8 Outlier per Diem $6,968.00. Add-on payment, and lesser of 100% of billed charges.",,73,,,,,0,Percent of total billed charges,73 percent of charges.  ; No services were performed during the 15 month look back period.,,73,,,,,0,Percent of total billed charges,73 percent of charges.  ; No services were performed during the 15 month look back period.,,73,,,,,0,Percent of total billed charges,73 percent of charges.  ; No services were performed during the 15 month look back period.,,73,,,,,0,Percent of total billed charges,73 percent of charges.  ; No services were performed during the 15 month look back period.,,73,,,,,0,Percent of total billed charges,73 percent of charges.  ; No services were performed during the 15 month look back period.,,73,,,,,0,Percent of total billed charges,73 percent of charges.  ; No services were performed during the 15 month look back period.,,73,,,,,0,Percent of total billed charges,73 percent of charges.  ; No services were performed during the 15 month look back period.,,73,,,,,0,Percent of total billed charges,73 percent of charges.  ; No services were performed during the 15 month look back period.,,73,,,,,0,Percent of total billed charges,73 percent of charges.  ; No services were performed during the 15 month look back period.,,73,,,,,0,Percent of total billed charges,73 percent of charges.  ; No services were performed during the 15 month look back period.,,73,,,,,0,Percent of total billed charges,73 percent of charges.  ; No services were performed during the 15 month look back period.,,,,,,,,," ",,,,,,,,,".  ",,,,,,,,,".  ",,,,,,,,,". 100 percent of Medicare DRG. Add-on payment,  . 100 percent of Medicare DRG. Add-on payment,  .",,,,,,,,,". GMLOS + 8 Outlier per Diem $6,968.00. Add-on payment, and lesser of 100% of billed charges. GMLOS + 8 Outlier per Diem $6,968.00. Add-on payment, and lesser of 100% of billed charges.",,,,,,,,,".  ",,,,,,,,,".  ",,73,,,,,0,Percent of total billed charges,73 percent of charges.  ; No services were performed during the 15 month look back period.,18079.89,,,,,,,Case Rate,". 200 percent of Medicaid DRG. Add-on payment, and lesser of 200% of billed charges. 200 percent of Medicaid DRG. Add-on payment, and lesser of 200% of billed charges.",,,,,,,,,".  ",9039.95,,,,,,,Case Rate,". 100 percent of Medicaid DRG. Add-on payment, and lesser of 100% of billed charges. 100 percent of Medicaid DRG. Add-on payment, and lesser of 100% of billed charges.",,,,,,,,,". 100 percent of Medicare DRG. Add-on payment,  . 100 percent of Medicare DRG. Add-on payment,  .",,,,,,,,,". 100 percent of Medicare DRG. Add-on payment,  . 100 percent of Medicare DRG. Add-on payment,  .",,,,,,,,,". 100 percent of Medicare DRG. Add-on payment,  . 100 percent of Medicare DRG. Add-on payment,  .",,,,,,,,,". 100 percent of Medicare DRG. Add-on payment,  . 100 percent of Medicare DRG. Add-on payment,  .",,,,,,,,,". 100 percent of Medicare DRG. Add-on payment,  . 100 percent of Medicare DRG. Add-on payment,  .",,,,,,,,,". 100 percent of Medicare DRG. Add-on payment,  . 100 percent of Medicare DRG. Add-on payment,  .",,,,,,,,,".  ",,,,,,,,,".  ",20339.88,,,,,,,Case Rate,". 225 percent of Medicaid DRG. Add-on payment, and lesser of 100% of billed charges. 225 percent of Medicaid DRG. Add-on payment, and lesser of 100% of billed charges.",20339.88,,,,,,,Case Rate,". 225 percent of Medicaid DRG. Add-on payment, and lesser of 100% of billed charges. 225 percent of Medicaid DRG. Add-on payment, and lesser of 100% of billed charges.",20339.88,,,,,,,Case Rate,". 225 percent of Medicaid DRG. Add-on payment, and lesser of 100% of billed charges. 225 percent of Medicaid DRG. Add-on payment, and lesser of 100% of billed charges.",20339.88,,,,,,,Case Rate,". 225 percent of Medicaid DRG. Add-on payment, and lesser of 100% of billed charges. 225 percent of Medicaid DRG. Add-on payment, and lesser of 100% of billed charges.",20339.88,,,,,,,Case Rate,". 225 percent of Medicaid DRG. Add-on payment, and lesser of 100% of billed charges. 225 percent of Medicaid DRG. Add-on payment, and lesser of 100% of billed charges.",,,,,,,,," ",,,,,,,,,".  ",,,,,,,,," ",,,,,,,,," ",,,,,,,,," ",,,,,,,,," ",,,,,,,,," ",,,,,,,,,". 100 percent of Medicare DRG. Add-on payment,  . 100 percent of Medicare DRG. Add-on payment,  .",,,,,,,,," ",,,,,,,,," ",,,,,,,,," ",,,,,,,,," ",,,,,,,,,". GMLOS + 8 Outlier per Diem $6,968.00. Add-on payment, and lesser of 100% of billed charges. GMLOS + 8 Outlier per Diem $6,968.00. Add-on payment, and lesser of 100% of billed charges.",,,,,,,,,". GMLOS + 8 Outlier per Diem $6,968.00. Add-on payment, and lesser of 100% of billed charges. GMLOS + 8 Outlier per Diem $6,968.00. Add-on payment, and lesser of 100% of billed charges.",,,,,,,,,". GMLOS + 8 Outlier per Diem $6,968.00. Add-on payment, and lesser of 100% of billed charges. GMLOS + 8 Outlier per Diem $6,968.00. Add-on payment, and lesser of 100% of billed charges.",,,,,,,,,". GMLOS + 8 Outlier per Diem $6,968.00. Add-on payment, and lesser of 100% of billed charges. GMLOS + 8 Outlier per Diem $6,968.00. Add-on payment, and lesser of 100% of billed charges.",,,,,,,,,".  ",,,,,,,,,".  ",,,,,,,,,". 100 percent of Medicare DRG. Add-on payment,  . 100 percent of Medicare DRG. Add-on payment,  .",,,,,,,,,". 100 percent of Medicare DRG. Add-on payment,  . 100 percent of Medicare DRG. Add-on payment,  .",,,,,,,,,". 100 percent of Medicare DRG. Add-on payment,  . 100 percent of Medicare DRG. Add-on payment,  .",,,,,,,,,".  ",,,,,,,,,".  ",,,,,,,,,".  ",,,,,,,,,".  ",,,,,,,,,". GMLOS + 8 Outlier per Diem $6,968.00. Add-on payment, and lesser of 100% of billed charges. GMLOS + 8 Outlier per Diem $6,968.00. Add-on payment, and lesser of 100% of billed charges.",,,,,,,,,". 100 percent of Medicare DRG. Add-on payment,  . 100 percent of Medicare DRG. Add-on payment,  .",,,,,,,,,".  ",9039.95,,,,,,,Case Rate,". 100 percent of Medicaid DRG. Add-on payment, and lesser of 100% of billed charges. 100 percent of Medicaid DRG. Add-on payment, and lesser of 100% of billed charges.",,,,,,,,,". 100 percent of Medicare DRG. Add-on payment, and lesser of 100% of billed charges. 100 percent of Medicare DRG. Add-on payment, and lesser of 100% of billed charges.",,,,,,,,,". 100 percent of Medicare DRG. Add-on payment, and lesser of 100% of billed charges. 100 percent of Medicare DRG. Add-on payment, and lesser of 100% of billed charges.",,,,,,,,,". 100 percent of Medicare DRG. Add-on payment, and lesser of 100% of billed charges. 100 percent of Medicare DRG. Add-on payment, and lesser of 100% of billed charges.",9039.95,,,,,,,Case Rate,". 100 percent of Medicaid DRG. Add-on payment, and lesser of 100% of billed charges. 100 percent of Medicaid DRG. Add-on payment, and lesser of 100% of billed charges.",20339.88,,,,,,,Case Rate,". 225 percent of Medicaid DRG. Add-on payment, and lesser of 225% of billed charges. 225 percent of Medicaid DRG. Add-on payment, and lesser of 225% of billed charges.",20339.88,,,,,,,Case Rate,". 225 percent of Medicaid DRG. Add-on payment, and lesser of 225% of billed charges. 225 percent of Medicaid DRG. Add-on payment, and lesser of 225% of billed charges.",20339.88,,,,,,,Case Rate,". 225 percent of Medicaid DRG. Add-on payment, and lesser of 225% of billed charges. 225 percent of Medicaid DRG. Add-on payment, and lesser of 225% of billed charges.",20339.88,,,,,,,Case Rate,". 225 percent of Medicaid DRG. Add-on payment, and lesser of 225% of billed charges. 225 percent of Medicaid DRG. Add-on payment, and lesser of 225% of billed charges.",20339.88,,,,,,,Case Rate,". 225 percent of Medicaid DRG. Add-on payment, and lesser of 225% of billed charges. 225 percent of Medicaid DRG. Add-on payment, and lesser of 225% of billed charges.",,,,,,,,,". 100 percent of Medicare DRG. Add-on payment, and lesser of 100% of billed charges. 100 percent of Medicare DRG. Add-on payment, and lesser of 100% of billed charges.",9039.95,,,,,,,Case Rate,". 100 percent of Medicaid DRG. Add-on payment, and lesser of 100% of billed charges. 100 percent of Medicaid DRG. Add-on payment, and lesser of 100% of billed charges.",9039.95,,,,,,,Case Rate,". 100 percent of Medicaid DRG. Add-on payment, and lesser of 100% of billed charges. 100 percent of Medicaid DRG. Add-on payment, and lesser of 100% of billed charges.",20339.88,,,,,,,Case Rate,". 225 percent of Medicaid DRG. Add-on payment, and lesser of 225% of billed charges. 225 percent of Medicaid DRG. Add-on payment, and lesser of 225% of billed charges.",20339.88,,,,,,,Case Rate,". 225 percent of Medicaid DRG. Add-on payment, and lesser of 225% of billed charges. 225 percent of Medicaid DRG. Add-on payment, and lesser of 225% of billed charges.",9039.95,,,,,,,Case Rate,". 100 percent of Medicaid DRG. Add-on payment, and lesser of 100% of billed charges. 100 percent of Medicaid DRG. Add-on payment, and lesser of 100% of billed charges.",9039.95,,,,,,,Case Rate,". 100 percent of Medicaid DRG. Add-on payment, and lesser of 100% of billed charges. 100 percent of Medicaid DRG. Add-on payment, and lesser of 100% of billed charges.",20339.88,,,,,,,Case Rate,". 225 percent of Medicaid DRG. Add-on payment, and lesser of 100% of billed charges. 225 percent of Medicaid DRG. Add-on payment, and lesser of 100% of billed charges.",,,,,,,,,". 100 percent of Medicare DRG. Add-on payment,  . 100 percent of Medicare DRG. Add-on payment,  .",,,,,,,,,". 100 percent of Medicare DRG. Add-on payment,  . 100 percent of Medicare DRG. Add-on payment,  .",,,,,,,,,". GMLOS + 8 Outlier per Diem $6,968.00. Add-on payment, and lesser of 100% of billed charges. GMLOS + 8 Outlier per Diem $6,968.00. Add-on payment, and lesser of 100% of billed charges.",,,,,,,,,". 100 percent of Medicare DRG. Add-on payment,  . 100 percent of Medicare DRG. Add-on payment,  .",20339.88,,,,,,,Case Rate,". 225 percent of Medicaid DRG. Add-on payment, and lesser of 225% of billed charges. 225 percent of Medicaid DRG. Add-on payment, and lesser of 225% of billed charges.",20339.88,,,,,,,Case Rate,". 225 percent of Medicaid DRG. Add-on payment, and lesser of 225% of billed charges. 225 percent of Medicaid DRG. Add-on payment, and lesser of 225% of billed charges.",9039.95,,,,,,,Case Rate,". 100 percent of Medicaid DRG. Add-on payment, and lesser of 100% of billed charges. 100 percent of Medicaid DRG. Add-on payment, and lesser of 100% of billed charges.",9039.95,,,,,,,Case Rate,". 100 percent of Medicaid DRG. Add-on payment, and lesser of 100% of billed charges. 100 percent of Medicaid DRG. Add-on payment, and lesser of 100% of billed charges.",13075.05,,,,,,,Case Rate,". 225 percent of Medicaid DRG. Add-on payment, and lesser of 225% of billed charges. 225 percent of Medicaid DRG. Add-on payment, and lesser of 225% of billed charges.",9039.95,,,,,,,Case Rate,". 100 percent of Medicaid DRG. Add-on payment, and lesser of 100% of billed charges. 100 percent of Medicaid DRG. Add-on payment, and lesser of 100% of billed charges.",26215.85,,,,,,,Case Rate,". 290 percent of Medicaid DRG. Add-on payment, and lesser of 100% of billed charges. 290 percent of Medicaid DRG. Add-on payment, and lesser of 100% of billed charges.",26215.85,,,,,,,Case Rate,". 290 percent of Medicaid DRG. Add-on payment, and lesser of 100% of billed charges. 290 percent of Medicaid DRG. Add-on payment, and lesser of 100% of billed charges.",26215.85,,,,,,,Case Rate,". 290 percent of Medicaid DRG. Add-on payment, and lesser of 100% of billed charges. 290 percent of Medicaid DRG. Add-on payment, and lesser of 100% of billed charges.",26215.85,,,,,,,Case Rate,". 290 percent of Medicaid DRG. Add-on payment, and lesser of 100% of billed charges. 290 percent of Medicaid DRG. Add-on payment, and lesser of 100% of billed charges.",,,,,,,,," ",,,,,,,,,".  ",12203.93,,,,,,,Case Rate,"135% of Medicaid EP 1 and 2, 100% of medicaid EP 3 and 4.  ",12203.93,,,,,,,Case Rate,"135% of Medicaid EP 1 and 2, 100% of medicaid EP 3 and 4.  ",9039.95,,,,,,,Case Rate,". 100 percent of Medicaid DRG. Add-on payment, and lesser of 100% of billed charges. 100 percent of Medicaid DRG. Add-on payment, and lesser of 100% of billed charges.",9039.95,,,,,,,Case Rate,". 100 percent of Medicaid DRG. Add-on payment, and lesser of 100% of billed charges. 100 percent of Medicaid DRG. Add-on payment, and lesser of 100% of billed charges.",,,,,,,,,".  ",,,,,,,,,".  ",,,,,,,,,". 100 percent of Medicare DRG. Add-on payment,  . 100 percent of Medicare DRG. Add-on payment,  .",,,,,,,,,".  ",,,,,,,,,".  ",,,,,,,,,".  ",,,,,,,,,".  ",,,,,,,,,". 100 percent of Medicare DRG. Add-on payment,  . 100 percent of Medicare DRG. Add-on payment,  .",,,,,,,,,".  ",,,,,,,,,".  ",,,,,,,,,". GMLOS + 8 Outlier per Diem $6,968.00. Add-on payment, and lesser of 100% of billed charges. GMLOS + 8 Outlier per Diem $6,968.00. Add-on payment, and lesser of 100% of billed charges.",9039.95,,,,,,,Case Rate,". 100 percent of Medicaid DRG. Add-on payment, and lesser of 100% of billed charges. 100 percent of Medicaid DRG. Add-on payment, and lesser of 100% of billed charges.",9039.95,,,,,,,Case Rate,". 100 percent of Medicaid DRG. Add-on payment, and lesser of 100% of billed charges. 100 percent of Medicaid DRG. Add-on payment, and lesser of 100% of billed charges.",20339.88,,,,,,,Case Rate,". 225 percent of Medicaid DRG. Add-on payment, and lesser of 225% of billed charges. 225 percent of Medicaid DRG. Add-on payment, and lesser of 225% of billed charges.",13075.05,,,,,,,Case Rate,". 225 percent of Medicaid DRG. Add-on payment, and lesser of 225% of billed charges. 225 percent of Medicaid DRG. Add-on payment, and lesser of 225% of billed charges.",9039.95,,,,,,,Case Rate,". 100 percent of Medicaid DRG. Add-on payment, and lesser of 100% of billed charges. 100 percent of Medicaid DRG. Add-on payment, and lesser of 100% of billed charges.",20339.88,,,,,,,Case Rate,". 225 percent of Medicaid DRG. Add-on payment, and lesser of 225% of billed charges. 225 percent of Medicaid DRG. Add-on payment, and lesser of 225% of billed charges.",20339.88,,,,,,,Case Rate,". 225 percent of Medicaid DRG. Add-on payment, and lesser of 225% of billed charges. 225 percent of Medicaid DRG. Add-on payment, and lesser of 225% of billed charges.",20339.88,,,,,,,Case Rate,". 225 percent of Medicaid DRG. Add-on payment, and lesser of 225% of billed charges. 225 percent of Medicaid DRG. Add-on payment, and lesser of 225% of billed charges.",20339.88,,,,,,,Case Rate,". 225 percent of Medicaid DRG. Add-on payment, and lesser of 225% of billed charges. 225 percent of Medicaid DRG. Add-on payment, and lesser of 225% of billed charges.",20339.88,,,,,,,Case Rate,". 225 percent of Medicaid DRG. Add-on payment, and lesser of 225% of billed charges. 225 percent of Medicaid DRG. Add-on payment, and lesser of 225% of billed charges.",20339.88,,,,,,,Case Rate,". 225 percent of Medicaid DRG. Add-on payment, and lesser of 225% of billed charges. 225 percent of Medicaid DRG. Add-on payment, and lesser of 225% of billed charges.",,,,,,,,," ",,,,,,,,," ",,,,,,,,," ",,,,,,,,,".  ",,,,,,,,," ",,,,,,,,,". 100 percent of Medicare DRG. Add-on payment,  . 100 percent of Medicare DRG. Add-on payment,  .",,,,,,,,,".  ",,,,,,,,,". 100 percent of Medicare DRG. Add-on payment,  . 100 percent of Medicare DRG. Add-on payment,  .",,,,,,,,,". 100 percent of Medicare DRG. Add-on payment,  . 100 percent of Medicare DRG. Add-on payment,  .",12203.93,,,,,,,Case Rate,"135% of Medicaid EP 1 and 2, 100% of medicaid EP 3 and 4.  ",12203.93,,,,,,,Case Rate,"135% of Medicaid EP 1 and 2, 100% of medicaid EP 3 and 4.  ",9039.95,,,,,,,Case Rate,". 100 percent of Medicaid DRG. Add-on payment, and lesser of 100% of billed charges. 100 percent of Medicaid DRG. Add-on payment, and lesser of 100% of billed charges.",9039.95,,,,,,,Case Rate,". 100 percent of Medicaid DRG. Add-on payment, and lesser of 100% of billed charges. 100 percent of Medicaid DRG. Add-on payment, and lesser of 100% of billed charges.",9039.95,,,,,,,Case Rate,". 100 percent of Medicaid DRG. Add-on payment, and lesser of 100% of billed charges. 100 percent of Medicaid DRG. Add-on payment, and lesser of 100% of billed charges.",,,,,,,,," ",,,,,,,,,". GMLOS + 8 Outlier per Diem $6,968.00. Add-on payment, and lesser of 100% of billed charges. GMLOS + 8 Outlier per Diem $6,968.00. Add-on payment, and lesser of 100% of billed charges.",,,,,,,,," ",,,,,,,,,".  ",,,,,,,,,". 100 percent of Medicare DRG. Add-on payment, . 100 percent of Medicare DRG. Add-on payment, .",,,,,,,,,". 100 percent of Medicare DRG. Add-on payment,  . 100 percent of Medicare DRG. Add-on payment,  .",,,,,,,,,". 100 percent of Medicare DRG. Add-on payment,  . 100 percent of Medicare DRG. Add-on payment,  .",,,,,,,,,". 100 percent of Medicare DRG. Add-on payment,  . 100 percent of Medicare DRG. Add-on payment,  .",,,,,,,,,". 100 percent of Medicare DRG. Add-on payment, . 100 percent of Medicare DRG. Add-on payment, .",,,,,,,,,". 100 percent of Medicare DRG. Add-on payment,  . 100 percent of Medicare DRG. Add-on payment,  .",,,,,,,,," ",20339.88,,,,,,,Case Rate,". 225 percent of Medicaid DRG. Add-on payment, and lesser of 225% of billed charges. 225 percent of Medicaid DRG. Add-on payment, and lesser of 225% of billed charges.",9039.95,,,,,,,Case Rate,". 100 percent of Medicaid DRG. Add-on payment, and lesser of 100% of billed charges. 100 percent of Medicaid DRG. Add-on payment, and lesser of 100% of billed charges.",,,,,,,,,".  ",,,,,,,,," ",,,,,,,,," ",,,,,,,,," ",,,,,,,,," ",,,,,,,,,". 100 percent of Medicare DRG. Add-on payment,  . 100 percent of Medicare DRG. Add-on payment,  .",9039.95,,,,,,,Case Rate,". 100 percent of Medicaid DRG. Add-on payment, and lesser of 100% of billed charges. 100 percent of Medicaid DRG. Add-on payment, and lesser of 100% of billed charges.",,,,,,,,,".  ",9039.95,,,,,,,Case Rate,". 100 percent of Medicaid DRG. Add-on payment, and lesser of 100% of billed charges. 100 percent of Medicaid DRG. Add-on payment, and lesser of 100% of billed charges.",,,,,,,,,". 100 percent of Medicare DRG. Add-on payment,  . 100 percent of Medicare DRG. Add-on payment,  .",9039.95,,,,,,,Case Rate,". 100 percent of Medicaid DRG. Add-on payment, and lesser of 100% of billed charges. 100 percent of Medicaid DRG. Add-on payment, and lesser of 100% of billed charges.",,,,,,,,,". 100 percent of Medicare DRG. Add-on payment,  . 100 percent of Medicare DRG. Add-on payment,  .",,,,,,,,,". 100 percent of Medicare DRG. Add-on payment,  . 100 percent of Medicare DRG. Add-on payment,  .",9039.95,,,,,,,Case Rate,". 100 percent of Medicaid DRG. Add-on payment, and lesser of 100% of billed charges. 100 percent of Medicaid DRG. Add-on payment, and lesser of 100% of billed charges.",9039.95,,,,,,,Case Rate,". 100 percent of Medicaid DRG. Add-on payment, and lesser of 100% of billed charges. 100 percent of Medicaid DRG. Add-on payment, and lesser of 100% of billed charges.",,,,,,,,," ",,,,,,,,,".  ",,73,,,,,0,Percent of total billed charges,73 percent of charges.  ; No services were performed during the 15 month look back period.,,,,,,,,,".  ",,,,,,,,,".  ",,,,,,,,,". GMLOS + 8 Outlier per Diem $6,968.00. Add-on payment, and lesser of 100% of billed charges. GMLOS + 8 Outlier per Diem $6,968.00. Add-on payment, and lesser of 100% of billed charges.",,,,,,,,,". 93 percent of Medicare DRG. Add-on payment, and lesser of 100% of billed charges. 93 percent of Medicare DRG. Add-on payment, and lesser of 100% of billed charges.",,,,,,,,," ",,,,,,,,," ",,,,,,,,,".  ",,,,,,,,,".  ",,,,,,,,,". 100 percent of Medicare DRG. Add-on payment,  . 100 percent of Medicare DRG. Add-on payment,  .",,,,,,,,,". 100 percent of Medicare DRG. Add-on payment,  . 100 percent of Medicare DRG. Add-on payment,  .",,,,,,,,,". 100 percent of Medicare DRG. Add-on payment,  . 100 percent of Medicare DRG. Add-on payment,  .",,,,,,,,,". 100 percent of Medicare DRG. Add-on payment,  . 100 percent of Medicare DRG. Add-on payment,  .",,,,,,,,,".  ",,,,,,,,,".  ",,,,,,,,,".  ",,,,,,,,,". 100 percent of Medicare DRG. Add-on payment,  . 100 percent of Medicare DRG. Add-on payment,  .",,,,,,,,,".  ",,,,,,,,," ",9039.95,,,,,,,Case Rate,". 100 percent of Medicaid DRG. Add-on payment, and lesser of 100% of billed charges. 100 percent of Medicaid DRG. Add-on payment, and lesser of 100% of billed charges.",9039.95,,,,,,,Case Rate,". 100 percent of Medicaid DRG. Add-on payment, and lesser of 100% of billed charges. 100 percent of Medicaid DRG. Add-on payment, and lesser of 100% of billed charges.",,,,,,,,," ",,,,,,,,,".  ",,,,,,,,,".  ",,,,,,,,,".  ",,,,,,,,,".  ",,,,,,,,,". 100 percent of Medicare DRG. Add-on payment, . 100 percent of Medicare DRG. Add-on payment, .",9491.94,,,,,,,Case Rate,". 105 percent of Medicaid DRG. Add-on payment, and lesser of 100% of billed charges. 105 percent of Medicaid DRG. Add-on payment, and lesser of 100% of billed charges.",9491.94,,,,,,,Case Rate,". 105 percent of Medicaid DRG. Add-on payment, and lesser of 100% of billed charges. 105 percent of Medicaid DRG. Add-on payment, and lesser of 100% of billed charges.",9491.94,,,,,,,Case Rate,". 105 percent of Medicaid DRG. Add-on payment, and lesser of 100% of billed charges. 105 percent of Medicaid DRG. Add-on payment, and lesser of 100% of billed charges.",9491.94,,,,,,,Case Rate,". 105 percent of Medicaid DRG. Add-on payment, and lesser of 100% of billed charges. 105 percent of Medicaid DRG. Add-on payment, and lesser of 100% of billed charges.",,,,,,,,,".  ",9491.94,,,,,,,Case Rate,". 105 percent of Medicaid DRG. Add-on payment, and lesser of 100% of billed charges. 105 percent of Medicaid DRG. Add-on payment, and lesser of 100% of billed charges.",9491.94,,,,,,,Case Rate,". 105 percent of Medicaid DRG. Add-on payment, and lesser of 100% of billed charges. 105 percent of Medicaid DRG. Add-on payment, and lesser of 100% of billed charges.",9491.94,,,,,,,Case Rate,". 105 percent of Medicaid DRG. Add-on payment, and lesser of 100% of billed charges. 105 percent of Medicaid DRG. Add-on payment, and lesser of 100% of billed charges.",9491.94,,,,,,,Case Rate,". 105 percent of Medicaid DRG. Add-on payment, and lesser of 100% of billed charges. 105 percent of Medicaid DRG. Add-on payment, and lesser of 100% of billed charges.",9491.94,,,,,,,Case Rate,". 105 percent of Medicaid DRG. Add-on payment, and lesser of 100% of billed charges. 105 percent of Medicaid DRG. Add-on payment, and lesser of 100% of billed charges.",9491.94,,,,,,,Case Rate,". 105 percent of Medicaid DRG. Add-on payment, and lesser of 100% of billed charges. 105 percent of Medicaid DRG. Add-on payment, and lesser of 100% of billed charges.",9491.94,,,,,,,Case Rate,". 105 percent of Medicaid DRG. Add-on payment, and lesser of 100% of billed charges. 105 percent of Medicaid DRG. Add-on payment, and lesser of 100% of billed charges.",,,,,,,,,". 100 percent of Medicare DRG. Add-on payment,  . 100 percent of Medicare DRG. Add-on payment,  .",,,,,,,,,".  ",,,,,,,,,". 100 percent of Medicare DRG. Add-on payment,  . 100 percent of Medicare DRG. Add-on payment,  .",9491.94,,,,,,,Case Rate,". 105 percent of Medicaid DRG. Add-on payment, and lesser of 100% of billed charges. 105 percent of Medicaid DRG. Add-on payment, and lesser of 100% of billed charges.",,,,,,,,,".  ",,,,,,,,,". 100 percent of Medicare DRG. Add-on payment,  . 100 percent of Medicare DRG. Add-on payment,  .",,,,,,,,,".  ",,,,,,,,,".  ",,,,,,,,,".  ",9491.94,,,,,,,Case Rate,". 105 percent of Medicaid DRG. Add-on payment, and lesser of 100% of billed charges. 105 percent of Medicaid DRG. Add-on payment, and lesser of 100% of billed charges.",,,,,,,,,". 100 percent of Medicare DRG. Add-on payment,  . 100 percent of Medicare DRG. Add-on payment,  .",,,,,,,,,".  ",9491.94,,,,,,,Case Rate,". 105 percent of Medicaid DRG. Add-on payment, and lesser of 100% of billed charges. 105 percent of Medicaid DRG. Add-on payment, and lesser of 100% of billed charges.",,,,,,,,,".  ",,,,,,,,,". Delay in Discharge per diem $4,1138 Delay in Discharge per diem $4,1138",,,,,,,,,". 100 percent of Medicare DRG. Add-on payment, . 100 percent of Medicare DRG. Add-on payment, .",,,,,,,,," ",,,,,,,,," ",,,,,,,,," ",,,,,,,,," ",,,,,,,,," ",,,,,,,,," ",,,,,,,,," ",,,,,,,,," ",,,,,,,,," ",,,,,,,,," ",,,,,,,,," ",,,,,,,,," ",,,,,,,,,". 100 percent of Medicare DRG. Add-on payment,  . 100 percent of Medicare DRG. Add-on payment,  .",,,,,,,,," ",,,,,,,,,". 100 percent of Medicare DRG. Add-on payment,  . 100 percent of Medicare DRG. Add-on payment,  .",20339.88,,,,,,,Case Rate,". 225 percent of Medicaid DRG. Add-on payment, and lesser of 225% of billed charges. 225 percent of Medicaid DRG. Add-on payment, and lesser of 225% of billed charges.",9039.95,,,,,,,Case Rate,". 100 percent of Medicaid DRG. Add-on payment, and lesser of 100% of billed charges. 100 percent of Medicaid DRG. Add-on payment, and lesser of 100% of billed charges.",,,,,,,,,".  ",,,,,,,,,".  ",,,,,,,,,". 100 percent of Medicare DRG. Add-on payment,  . 100 percent of Medicare DRG. Add-on payment,  .",,,,,,,,," ",,,,,,,,,". 100 percent of Medicare DRG. Add-on payment,  . 100 percent of Medicare DRG. Add-on payment,  .",,,,,,,,,". 100 percent of Medicare DRG. Add-on payment,  . 100 percent of Medicare DRG. Add-on payment,  .",,,,,,,,,". GMLOS + 8 Outlier per Diem $6,968.00. Add-on payment, and lesser of 100% of billed charges. GMLOS + 8 Outlier per Diem $6,968.00. Add-on payment, and lesser of 100% of billed charges.",,,,,,,,,". 100 percent of Medicare DRG. Add-on payment,  . 100 percent of Medicare DRG. Add-on payment,  .",,,,,,,,,".  ",,,,,,,,,". 100 percent of Medicare DRG. Add-on payment,  . 100 percent of Medicare DRG. Add-on payment,  .",,,,,,,,,".  ",,,,,,,,,". GMLOS + 8 Outlier per Diem $6,968.00. Add-on payment, and lesser of 100% of billed charges. GMLOS + 8 Outlier per Diem $6,968.00. Add-on payment, and lesser of 100% of billed charges.",,,,,,,,,".  ",,,,,,,,,". 100 percent of Medicare DRG. Add-on payment,  . 100 percent of Medicare DRG. Add-on payment,  .",9039.95,,,,,,,Case Rate,". 100 percent of Medicaid DRG. Add-on payment, and lesser of 100% of billed charges. 100 percent of Medicaid DRG. Add-on payment, and lesser of 100% of billed charges.",,,,,,,,,". 100 percent of Medicare DRG. Add-on payment,  . 100 percent of Medicare DRG. Add-on payment,  .",,,,,,,,,".  ",,,,,,,,,".  ",9039.95,,,,,,,Case Rate,". 100 percent of Medicaid DRG. Add-on payment, and lesser of 100% of billed charges. 100 percent of Medicaid DRG. Add-on payment, and lesser of 100% of billed charges.",,,,,,,,,".  ",9039.95,,,,,,,Case Rate,". 100 percent of Medicaid DRG. Add-on payment, and lesser of 100% of billed charges. 100 percent of Medicaid DRG. Add-on payment, and lesser of 100% of billed charges.",9039.95,,,,,,,Case Rate,". 100 percent of Medicaid DRG. Add-on payment, and lesser of 100% of billed charges. 100 percent of Medicaid DRG. Add-on payment, and lesser of 100% of billed charges.",,,,,,,,,".  ",,,,,,,,,".  ",,,,,,,,,".  ",,,,,,,,,".  ",,,,,,,,,".  ",,,,,,,,,".  ",,,,,,,,,".  ",,,,,,,,," ",,,,,,,,," ",,,,,,,,," ",9039.95,,,,,,,Case Rate,". 100 percent of Medicaid DRG. Add-on payment, and lesser of 100% of billed charges. 100 percent of Medicaid DRG. Add-on payment, and lesser of 100% of billed charges.",,,,,,,,,".  ",,,,,,,,,".  ",,,,,,,,,". GMLOS + 8 Outlier per Diem $6,968.00. Add-on payment, and lesser of 100% of billed charges. GMLOS + 8 Outlier per Diem $6,968.00. Add-on payment, and lesser of 100% of billed charges.",,,,,,,,,".  ",,,,,,,,,". GMLOS + 8 Outlier per Diem $6,968.00. Add-on payment, and lesser of 100% of billed charges. GMLOS + 8 Outlier per Diem $6,968.00. Add-on payment, and lesser of 100% of billed charges.",,,,,,,,,".  ",,,,,,,,,".  ",,,,,,,,,".  ",,,,,,,,,".  ",,,,,,,,,".  ",,,,,,,,,". 100 percent of Medicare DRG. Add-on payment,  . 100 percent of Medicare DRG. Add-on payment,  .",5811.13,26215.85,
APR308-1,DRG,,,,,APR308-1 HIP AND FEMUR FRACTURE REPAIR,,,Inpatient,,,,,,,,,,,,".  ",,,,,,,,,".  ",,,,,,,,,". GMLOS + 8 Outlier per Diem $6,968.00. Add-on payment, and lesser of 100% of billed charges. GMLOS + 8 Outlier per Diem $6,968.00. Add-on payment, and lesser of 100% of billed charges.",,100,,,,,0,Percent of total billed charges,100 percent of charges.  ; No services were performed during the 15 month look back period.,,,,,,,,,". 100 percent of Medicare DRG. Add-on payment,  . 100 percent of Medicare DRG. Add-on payment,  .",,,,,,,,,". GMLOS + 8 Outlier per Diem $6,968.00. Add-on payment, and lesser of 100% of billed charges. GMLOS + 8 Outlier per Diem $6,968.00. Add-on payment, and lesser of 100% of billed charges.",,,,,,,,,". GMLOS + 8 Outlier per Diem $6,968.00. Add-on payment, and lesser of 100% of billed charges. GMLOS + 8 Outlier per Diem $6,968.00. Add-on payment, and lesser of 100% of billed charges.",,,,,,,,,". GMLOS + 8 Outlier per Diem $6,968.00. Add-on payment, and lesser of 100% of billed charges. GMLOS + 8 Outlier per Diem $6,968.00. Add-on payment, and lesser of 100% of billed charges.",26452.18,,,,,,,Case Rate,". 155 percent of Medicaid DRG. Add-on payment, and lesser of 100% of billed charges. 155 percent of Medicaid DRG. Add-on payment, and lesser of 100% of billed charges.",17065.92,,,,,,,Case Rate,". 100 percent of Medicaid DRG. Add-on payment, and lesser of 100% of billed charges. 100 percent of Medicaid DRG. Add-on payment, and lesser of 100% of billed charges.",,73,,,,,0,Percent of total billed charges,73 percent of charges.  ; No services were performed during the 15 month look back period.,,,,,,,,,".  ",17065.92,,,,,,,Case Rate,". 100 percent of Medicaid DRG. Add-on payment, and lesser of 100% of billed charges. 100 percent of Medicaid DRG. Add-on payment, and lesser of 100% of billed charges.",,,,,,,,,". 100 percent of Medicare DRG. Add-on payment,  . 100 percent of Medicare DRG. Add-on payment,  .",,,,,,,,,".  ",,,,,,,,,".  ",,,,,,,,,".  ",,,,,,,,,".  ",17065.92,,,,,,,Case Rate,". 100 percent of Medicaid DRG. Add-on payment, and lesser of 100% of billed charges. 100 percent of Medicaid DRG. Add-on payment, and lesser of 100% of billed charges.",,,,,,,,,". 100 percent of Medicare DRG. Add-on payment,  . 100 percent of Medicare DRG. Add-on payment,  .",17065.92,,,,,,,Case Rate,". 100 percent of Medicaid DRG. Add-on payment, and lesser of 100% of billed charges. 100 percent of Medicaid DRG. Add-on payment, and lesser of 100% of billed charges.",,73,,,,,0,Percent of total billed charges,73 percent of charges.  ; No services were performed during the 15 month look back period.,,,,,,,,,". GMLOS + 8 Outlier per Diem $6,968.00. Add-on payment, and lesser of 100% of billed charges. GMLOS + 8 Outlier per Diem $6,968.00. Add-on payment, and lesser of 100% of billed charges.",,,,,,,,,". 100 percent of Medicare DRG. Add-on payment, and lesser of 100% of billed charges. 100 percent of Medicare DRG. Add-on payment, and lesser of 100% of billed charges.",,,,,,,,," ",,,,,,,,,". 100 percent of Medicare DRG. Add-on payment, and lesser of 100% of billed charges. 100 percent of Medicare DRG. Add-on payment, and lesser of 100% of billed charges.",,,,,,,,,". 100 percent of Medicare DRG. Add-on payment, and lesser of 100% of billed charges. 100 percent of Medicare DRG. Add-on payment, and lesser of 100% of billed charges.",,73,,,,,0,Percent of total billed charges,73 percent of charges.  ; No services were performed during the 15 month look back period.,17065.92,,,,,,,Case Rate,". 100 percent of Medicaid DRG. Add-on payment, and lesser of 100% of billed charges. 100 percent of Medicaid DRG. Add-on payment, and lesser of 100% of billed charges.",17065.92,,,,,,,Case Rate,". 100 percent of Medicaid DRG. Add-on payment, and lesser of 100% of billed charges. 100 percent of Medicaid DRG. Add-on payment, and lesser of 100% of billed charges.",17065.92,,,,,,,Case Rate,". 100 percent of Medicaid DRG. Add-on payment, and lesser of 100% of billed charges. 100 percent of Medicaid DRG. Add-on payment, and lesser of 100% of billed charges.",17065.92,,,,,,,Case Rate,". 100 percent of Medicaid DRG. Add-on payment, and lesser of 100% of billed charges. 100 percent of Medicaid DRG. Add-on payment, and lesser of 100% of billed charges.",,,,,,,,," ",,,,,,,,," ",17065.92,,,,,,,Case Rate,". 100 percent of Medicaid DRG. Add-on payment, and lesser of 100% of billed charges. 100 percent of Medicaid DRG. Add-on payment, and lesser of 100% of billed charges.",,,,,,,,," ",17065.92,,,,,,,Case Rate,". 100 percent of Medicaid DRG. Add-on payment, and lesser of 100% of billed charges. 100 percent of Medicaid DRG. Add-on payment, and lesser of 100% of billed charges.",,,,,,,,,". 100 percent of Medicare DRG. Add-on payment, . 100 percent of Medicare DRG. Add-on payment, .",,,,,,,,," ",,73,,,,,0,Percent of total billed charges,73 percent of charges.  ; No services were performed during the 15 month look back period.,17065.92,,,,,,,Case Rate,". 100 percent of Medicaid DRG. Add-on payment, and lesser of 100% of billed charges. 100 percent of Medicaid DRG. Add-on payment, and lesser of 100% of billed charges.",17065.92,,,,,,,Case Rate,". 100 percent of Medicaid DRG. Add-on payment, and lesser of 100% of billed charges. 100 percent of Medicaid DRG. Add-on payment, and lesser of 100% of billed charges.",,73,,,,,0,Percent of total billed charges,73 percent of charges.  ; No services were performed during the 15 month look back period.,,,,,,,,,".  ",,,,,,,,,".  ",,,,,,,,,".  ",,73,,,,,0,Percent of total billed charges,73 percent of charges.  ; No services were performed during the 15 month look back period.,,,,,,,,,". 100 percent of Medicare DRG. Add-on payment,  . 100 percent of Medicare DRG. Add-on payment,  .",,,,,,,,,".  ",,,,,,,,,".  ",,,,,,,,,".  ",,,,,,,,,". 100 percent of Medicare DRG. Add-on payment,  . 100 percent of Medicare DRG. Add-on payment,  .",,,,,,,,,".  ",,,,,,,,,".  ",,,,,,,,,". 100 percent of Medicare DRG. Add-on payment, and lesser of 100% of billed charges. 100 percent of Medicare DRG. Add-on payment, and lesser of 100% of billed charges.",,,,,,,,,".  ",,,,,,,,,".  ",,,,,,,,,".  ",,,,,,,,,".  ",,,,,,,,,".  ",,,,,,,,,".  ",,,,,,,,,".  ",,,,,,,,,". 100 percent of Medicare DRG. Add-on payment,  . 100 percent of Medicare DRG. Add-on payment,  .",,,,,,,,,". 100 percent of Medicare DRG. Add-on payment,  . 100 percent of Medicare DRG. Add-on payment,  .",,,,,,,,,".  ",,73,,,,,0,Percent of total billed charges,73 percent of charges.  ; No services were performed during the 15 month look back period.,,73,,,,,0,Percent of total billed charges,73 percent of charges.  ; No services were performed during the 15 month look back period.,,73,,,,,0,Percent of total billed charges,73 percent of charges.  ; No services were performed during the 15 month look back period.,,73,,,,,0,Percent of total billed charges,73 percent of charges.  ; No services were performed during the 15 month look back period.,,73,,,,,0,Percent of total billed charges,73 percent of charges.  ; No services were performed during the 15 month look back period.,,73,,,,,0,Percent of total billed charges,73 percent of charges.  ; No services were performed during the 15 month look back period.,,73,,,,,0,Percent of total billed charges,73 percent of charges.  ; No services were performed during the 15 month look back period.,,73,,,,,0,Percent of total billed charges,73 percent of charges.  ; No services were performed during the 15 month look back period.,,73,,,,,0,Percent of total billed charges,73 percent of charges.  ; No services were performed during the 15 month look back period.,,73,,,,,0,Percent of total billed charges,73 percent of charges.  ; No services were performed during the 15 month look back period.,,73,,,,,0,Percent of total billed charges,73 percent of charges.  ; No services were performed during the 15 month look back period.,,73,,,,,0,Percent of total billed charges,73 percent of charges.  ; No services were performed during the 15 month look back period.,,73,,,,,0,Percent of total billed charges,73 percent of charges.  ; No services were performed during the 15 month look back period.,,73,,,,,0,Percent of total billed charges,73 percent of charges.  ; No services were performed during the 15 month look back period.,,73,,,,,0,Percent of total billed charges,73 percent of charges.  ; No services were performed during the 15 month look back period.,,73,,,,,0,Percent of total billed charges,73 percent of charges.  ; No services were performed during the 15 month look back period.,,73,,,,,0,Percent of total billed charges,73 percent of charges.  ; No services were performed during the 15 month look back period.,,73,,,,,0,Percent of total billed charges,73 percent of charges.  ; No services were performed during the 15 month look back period.,,73,,,,,0,Percent of total billed charges,73 percent of charges.  ; No services were performed during the 15 month look back period.,,73,,,,,0,Percent of total billed charges,73 percent of charges.  ; No services were performed during the 15 month look back period.,,73,,,,,0,Percent of total billed charges,73 percent of charges.  ; No services were performed during the 15 month look back period.,,73,,,,,0,Percent of total billed charges,73 percent of charges.  ; No services were performed during the 15 month look back period.,,73,,,,,0,Percent of total billed charges,73 percent of charges.  ; No services were performed during the 15 month look back period.,,73,,,,,0,Percent of total billed charges,73 percent of charges.  ; No services were performed during the 15 month look back period.,,73,,,,,0,Percent of total billed charges,73 percent of charges.  ; No services were performed during the 15 month look back period.,,73,,,,,0,Percent of total billed charges,73 percent of charges.  ; No services were performed during the 15 month look back period.,,,,,,,,," ",,,,,,,,," ",,,,,,,,," ",,,,,,,,," ",,,,,,,,," ",,,,,,,,," ",,,,,,,,,".  ",,,,,,,,,".  ",,,,,,,,,".  ",,,,,,,,,".  ",,73,,,,,0,Percent of total billed charges,73 percent of charges.  ; No services were performed during the 15 month look back period.,,,,,,,,," ",,,,,,,,,".  ",,,,,,,,,".  ",,,,,,,,,".  ",,,,,,,,," ",,73,,,,,0,Percent of total billed charges,73 percent of charges.  ; No services were performed during the 15 month look back period.,17065.92,,,,,,,Case Rate,". 100 percent of Medicaid DRG. Add-on payment, and lesser of 100% of billed charges. 100 percent of Medicaid DRG. Add-on payment, and lesser of 100% of billed charges.",,,,,,,,," ",17065.92,,,,,,,Case Rate,". 100 percent of Medicaid DRG. Add-on payment, and lesser of 100% of billed charges. 100 percent of Medicaid DRG. Add-on payment, and lesser of 100% of billed charges.",,,,,,,,,". 100 percent of Medicare DRG. Add-on payment, . 100 percent of Medicare DRG. Add-on payment, .",,,,,,,,,". 100 percent of Medicare DRG. Add-on payment,  . 100 percent of Medicare DRG. Add-on payment,  .",,,,,,,,,".  ",,,,,,,,,". 100 percent of Medicare DRG. Add-on payment,  . 100 percent of Medicare DRG. Add-on payment,  .",,,,,,,,,". 100 percent of Medicare DRG. Add-on payment,  . 100 percent of Medicare DRG. Add-on payment,  .",17065.92,,,,,,,Case Rate,". 100 percent of Medicaid DRG. Add-on payment, and lesser of 100% of billed charges. 100 percent of Medicaid DRG. Add-on payment, and lesser of 100% of billed charges.",,,,,,,,,". 100 percent of Medicare DRG. Add-on payment,  . 100 percent of Medicare DRG. Add-on payment,  .",,,,,,,,,". 100 percent of Medicare DRG. Add-on payment,  . 100 percent of Medicare DRG. Add-on payment,  .",,,,,,,,,". GMLOS + 8 Outlier per Diem $6,968.00. Add-on payment, and lesser of 100% of billed charges. GMLOS + 8 Outlier per Diem $6,968.00. Add-on payment, and lesser of 100% of billed charges.",,,,,,,,,". GMLOS + 8 Outlier per Diem $6,968.00. Add-on payment, and lesser of 100% of billed charges. GMLOS + 8 Outlier per Diem $6,968.00. Add-on payment, and lesser of 100% of billed charges.",,,,,,,,,". 100 percent of Medicare DRG. Add-on payment,  . 100 percent of Medicare DRG. Add-on payment,  .",,,,,,,,,".  ",,,,,,,,,".  ",,,,,,,,,".  ",,,,,,,,,". 100 percent of Medicare DRG. Add-on payment,  . 100 percent of Medicare DRG. Add-on payment,  .",,,,,,,,,".  ",,,,,,,,,". GMLOS + 8 Outlier per Diem $6,968.00. Add-on payment, and lesser of 100% of billed charges. GMLOS + 8 Outlier per Diem $6,968.00. Add-on payment, and lesser of 100% of billed charges.",,,,,,,,,". GMLOS + 8 Outlier per Diem $6,968.00. Add-on payment, and lesser of 100% of billed charges. GMLOS + 8 Outlier per Diem $6,968.00. Add-on payment, and lesser of 100% of billed charges.",,,,,,,,,". GMLOS + 8 Outlier per Diem $6,968.00. Add-on payment, and lesser of 100% of billed charges. GMLOS + 8 Outlier per Diem $6,968.00. Add-on payment, and lesser of 100% of billed charges.",,73,,,,,0,Percent of total billed charges,73 percent of charges.  ; No services were performed during the 15 month look back period.,,73,,,,,0,Percent of total billed charges,73 percent of charges.  ; No services were performed during the 15 month look back period.,,73,,,,,0,Percent of total billed charges,73 percent of charges.  ; No services were performed during the 15 month look back period.,,73,,,,,0,Percent of total billed charges,73 percent of charges.  ; No services were performed during the 15 month look back period.,,73,,,,,0,Percent of total billed charges,73 percent of charges.  ; No services were performed during the 15 month look back period.,,73,,,,,0,Percent of total billed charges,73 percent of charges.  ; No services were performed during the 15 month look back period.,,73,,,,,0,Percent of total billed charges,73 percent of charges.  ; No services were performed during the 15 month look back period.,,73,,,,,0,Percent of total billed charges,73 percent of charges.  ; No services were performed during the 15 month look back period.,,73,,,,,0,Percent of total billed charges,73 percent of charges.  ; No services were performed during the 15 month look back period.,,73,,,,,0,Percent of total billed charges,73 percent of charges.  ; No services were performed during the 15 month look back period.,,73,,,,,0,Percent of total billed charges,73 percent of charges.  ; No services were performed during the 15 month look back period.,,,,,,,,," ",,,,,,,,,".  ",,,,,,,,,".  ",,,,,,,,,". 100 percent of Medicare DRG. Add-on payment,  . 100 percent of Medicare DRG. Add-on payment,  .",,,,,,,,,". GMLOS + 8 Outlier per Diem $6,968.00. Add-on payment, and lesser of 100% of billed charges. GMLOS + 8 Outlier per Diem $6,968.00. Add-on payment, and lesser of 100% of billed charges.",,,,,,,,,".  ",,,,,,,,,".  ",,73,,,,,0,Percent of total billed charges,73 percent of charges.  ; No services were performed during the 15 month look back period.,34131.85,,,,,,,Case Rate,". 200 percent of Medicaid DRG. Add-on payment, and lesser of 200% of billed charges. 200 percent of Medicaid DRG. Add-on payment, and lesser of 200% of billed charges.",,,,,,,,,".  ",17065.92,,,,,,,Case Rate,". 100 percent of Medicaid DRG. Add-on payment, and lesser of 100% of billed charges. 100 percent of Medicaid DRG. Add-on payment, and lesser of 100% of billed charges.",,,,,,,,,". 100 percent of Medicare DRG. Add-on payment,  . 100 percent of Medicare DRG. Add-on payment,  .",,,,,,,,,". 100 percent of Medicare DRG. Add-on payment,  . 100 percent of Medicare DRG. Add-on payment,  .",,,,,,,,,". 100 percent of Medicare DRG. Add-on payment,  . 100 percent of Medicare DRG. Add-on payment,  .",,,,,,,,,". 100 percent of Medicare DRG. Add-on payment,  . 100 percent of Medicare DRG. Add-on payment,  .",,,,,,,,,". 100 percent of Medicare DRG. Add-on payment,  . 100 percent of Medicare DRG. Add-on payment,  .",,,,,,,,,". 100 percent of Medicare DRG. Add-on payment,  . 100 percent of Medicare DRG. Add-on payment,  .",,,,,,,,,".  ",,,,,,,,,".  ",38398.33,,,,,,,Case Rate,". 225 percent of Medicaid DRG. Add-on payment, and lesser of 100% of billed charges. 225 percent of Medicaid DRG. Add-on payment, and lesser of 100% of billed charges.",38398.33,,,,,,,Case Rate,". 225 percent of Medicaid DRG. Add-on payment, and lesser of 100% of billed charges. 225 percent of Medicaid DRG. Add-on payment, and lesser of 100% of billed charges.",38398.33,,,,,,,Case Rate,". 225 percent of Medicaid DRG. Add-on payment, and lesser of 100% of billed charges. 225 percent of Medicaid DRG. Add-on payment, and lesser of 100% of billed charges.",38398.33,,,,,,,Case Rate,". 225 percent of Medicaid DRG. Add-on payment, and lesser of 100% of billed charges. 225 percent of Medicaid DRG. Add-on payment, and lesser of 100% of billed charges.",38398.33,,,,,,,Case Rate,". 225 percent of Medicaid DRG. Add-on payment, and lesser of 100% of billed charges. 225 percent of Medicaid DRG. Add-on payment, and lesser of 100% of billed charges.",,,,,,,,," ",,,,,,,,,".  ",,,,,,,,," ",,,,,,,,," ",,,,,,,,," ",,,,,,,,," ",,,,,,,,," ",,,,,,,,,". 100 percent of Medicare DRG. Add-on payment,  . 100 percent of Medicare DRG. Add-on payment,  .",,,,,,,,," ",,,,,,,,," ",,,,,,,,," ",,,,,,,,," ",,,,,,,,,". GMLOS + 8 Outlier per Diem $6,968.00. Add-on payment, and lesser of 100% of billed charges. GMLOS + 8 Outlier per Diem $6,968.00. Add-on payment, and lesser of 100% of billed charges.",,,,,,,,,". GMLOS + 8 Outlier per Diem $6,968.00. Add-on payment, and lesser of 100% of billed charges. GMLOS + 8 Outlier per Diem $6,968.00. Add-on payment, and lesser of 100% of billed charges.",,,,,,,,,". GMLOS + 8 Outlier per Diem $6,968.00. Add-on payment, and lesser of 100% of billed charges. GMLOS + 8 Outlier per Diem $6,968.00. Add-on payment, and lesser of 100% of billed charges.",,,,,,,,,". GMLOS + 8 Outlier per Diem $6,968.00. Add-on payment, and lesser of 100% of billed charges. GMLOS + 8 Outlier per Diem $6,968.00. Add-on payment, and lesser of 100% of billed charges.",,,,,,,,,".  ",,,,,,,,,".  ",,,,,,,,,". 100 percent of Medicare DRG. Add-on payment,  . 100 percent of Medicare DRG. Add-on payment,  .",,,,,,,,,". 100 percent of Medicare DRG. Add-on payment,  . 100 percent of Medicare DRG. Add-on payment,  .",,,,,,,,,". 100 percent of Medicare DRG. Add-on payment,  . 100 percent of Medicare DRG. Add-on payment,  .",,,,,,,,,".  ",,,,,,,,,".  ",,,,,,,,,".  ",,,,,,,,,".  ",,,,,,,,,". GMLOS + 8 Outlier per Diem $6,968.00. Add-on payment, and lesser of 100% of billed charges. GMLOS + 8 Outlier per Diem $6,968.00. Add-on payment, and lesser of 100% of billed charges.",,,,,,,,,". 100 percent of Medicare DRG. Add-on payment,  . 100 percent of Medicare DRG. Add-on payment,  .",,,,,,,,,".  ",17065.92,,,,,,,Case Rate,". 100 percent of Medicaid DRG. Add-on payment, and lesser of 100% of billed charges. 100 percent of Medicaid DRG. Add-on payment, and lesser of 100% of billed charges.",,,,,,,,,". 100 percent of Medicare DRG. Add-on payment, and lesser of 100% of billed charges. 100 percent of Medicare DRG. Add-on payment, and lesser of 100% of billed charges.",,,,,,,,,". 100 percent of Medicare DRG. Add-on payment, and lesser of 100% of billed charges. 100 percent of Medicare DRG. Add-on payment, and lesser of 100% of billed charges.",,,,,,,,,". 100 percent of Medicare DRG. Add-on payment, and lesser of 100% of billed charges. 100 percent of Medicare DRG. Add-on payment, and lesser of 100% of billed charges.",17065.92,,,,,,,Case Rate,". 100 percent of Medicaid DRG. Add-on payment, and lesser of 100% of billed charges. 100 percent of Medicaid DRG. Add-on payment, and lesser of 100% of billed charges.",38398.33,,,,,,,Case Rate,". 225 percent of Medicaid DRG. Add-on payment, and lesser of 225% of billed charges. 225 percent of Medicaid DRG. Add-on payment, and lesser of 225% of billed charges.",38398.33,,,,,,,Case Rate,". 225 percent of Medicaid DRG. Add-on payment, and lesser of 225% of billed charges. 225 percent of Medicaid DRG. Add-on payment, and lesser of 225% of billed charges.",38398.33,,,,,,,Case Rate,". 225 percent of Medicaid DRG. Add-on payment, and lesser of 225% of billed charges. 225 percent of Medicaid DRG. Add-on payment, and lesser of 225% of billed charges.",38398.33,,,,,,,Case Rate,". 225 percent of Medicaid DRG. Add-on payment, and lesser of 225% of billed charges. 225 percent of Medicaid DRG. Add-on payment, and lesser of 225% of billed charges.",38398.33,,,,,,,Case Rate,". 225 percent of Medicaid DRG. Add-on payment, and lesser of 225% of billed charges. 225 percent of Medicaid DRG. Add-on payment, and lesser of 225% of billed charges.",,,,,,,,,". 100 percent of Medicare DRG. Add-on payment, and lesser of 100% of billed charges. 100 percent of Medicare DRG. Add-on payment, and lesser of 100% of billed charges.",17065.92,,,,,,,Case Rate,". 100 percent of Medicaid DRG. Add-on payment, and lesser of 100% of billed charges. 100 percent of Medicaid DRG. Add-on payment, and lesser of 100% of billed charges.",17065.92,,,,,,,Case Rate,". 100 percent of Medicaid DRG. Add-on payment, and lesser of 100% of billed charges. 100 percent of Medicaid DRG. Add-on payment, and lesser of 100% of billed charges.",38398.33,,,,,,,Case Rate,". 225 percent of Medicaid DRG. Add-on payment, and lesser of 225% of billed charges. 225 percent of Medicaid DRG. Add-on payment, and lesser of 225% of billed charges.",38398.33,,,,,,,Case Rate,". 225 percent of Medicaid DRG. Add-on payment, and lesser of 225% of billed charges. 225 percent of Medicaid DRG. Add-on payment, and lesser of 225% of billed charges.",17065.92,,,,,,,Case Rate,". 100 percent of Medicaid DRG. Add-on payment, and lesser of 100% of billed charges. 100 percent of Medicaid DRG. Add-on payment, and lesser of 100% of billed charges.",17065.92,,,,,,,Case Rate,". 100 percent of Medicaid DRG. Add-on payment, and lesser of 100% of billed charges. 100 percent of Medicaid DRG. Add-on payment, and lesser of 100% of billed charges.",38398.33,,,,,,,Case Rate,". 225 percent of Medicaid DRG. Add-on payment, and lesser of 100% of billed charges. 225 percent of Medicaid DRG. Add-on payment, and lesser of 100% of billed charges.",,,,,,,,,". 100 percent of Medicare DRG. Add-on payment,  . 100 percent of Medicare DRG. Add-on payment,  .",,,,,,,,,". 100 percent of Medicare DRG. Add-on payment,  . 100 percent of Medicare DRG. Add-on payment,  .",,,,,,,,,". GMLOS + 8 Outlier per Diem $6,968.00. Add-on payment, and lesser of 100% of billed charges. GMLOS + 8 Outlier per Diem $6,968.00. Add-on payment, and lesser of 100% of billed charges.",,,,,,,,,". 100 percent of Medicare DRG. Add-on payment,  . 100 percent of Medicare DRG. Add-on payment,  .",38398.33,,,,,,,Case Rate,". 225 percent of Medicaid DRG. Add-on payment, and lesser of 225% of billed charges. 225 percent of Medicaid DRG. Add-on payment, and lesser of 225% of billed charges.",38398.33,,,,,,,Case Rate,". 225 percent of Medicaid DRG. Add-on payment, and lesser of 225% of billed charges. 225 percent of Medicaid DRG. Add-on payment, and lesser of 225% of billed charges.",17065.92,,,,,,,Case Rate,". 100 percent of Medicaid DRG. Add-on payment, and lesser of 100% of billed charges. 100 percent of Medicaid DRG. Add-on payment, and lesser of 100% of billed charges.",17065.92,,,,,,,Case Rate,". 100 percent of Medicaid DRG. Add-on payment, and lesser of 100% of billed charges. 100 percent of Medicaid DRG. Add-on payment, and lesser of 100% of billed charges.",27047.44,,,,,,,Case Rate,". 225 percent of Medicaid DRG. Add-on payment, and lesser of 225% of billed charges. 225 percent of Medicaid DRG. Add-on payment, and lesser of 225% of billed charges.",17065.92,,,,,,,Case Rate,". 100 percent of Medicaid DRG. Add-on payment, and lesser of 100% of billed charges. 100 percent of Medicaid DRG. Add-on payment, and lesser of 100% of billed charges.",49491.18,,,,,,,Case Rate,". 290 percent of Medicaid DRG. Add-on payment, and lesser of 100% of billed charges. 290 percent of Medicaid DRG. Add-on payment, and lesser of 100% of billed charges.",49491.18,,,,,,,Case Rate,". 290 percent of Medicaid DRG. Add-on payment, and lesser of 100% of billed charges. 290 percent of Medicaid DRG. Add-on payment, and lesser of 100% of billed charges.",49491.18,,,,,,,Case Rate,". 290 percent of Medicaid DRG. Add-on payment, and lesser of 100% of billed charges. 290 percent of Medicaid DRG. Add-on payment, and lesser of 100% of billed charges.",49491.18,,,,,,,Case Rate,". 290 percent of Medicaid DRG. Add-on payment, and lesser of 100% of billed charges. 290 percent of Medicaid DRG. Add-on payment, and lesser of 100% of billed charges.",,,,,,,,," ",,,,,,,,,".  ",23039,,,,,,,Case Rate,"135% of Medicaid EP 1 and 2, 100% of medicaid EP 3 and 4.  ",23039,,,,,,,Case Rate,"135% of Medicaid EP 1 and 2, 100% of medicaid EP 3 and 4.  ",17065.92,,,,,,,Case Rate,". 100 percent of Medicaid DRG. Add-on payment, and lesser of 100% of billed charges. 100 percent of Medicaid DRG. Add-on payment, and lesser of 100% of billed charges.",17065.92,,,,,,,Case Rate,". 100 percent of Medicaid DRG. Add-on payment, and lesser of 100% of billed charges. 100 percent of Medicaid DRG. Add-on payment, and lesser of 100% of billed charges.",,,,,,,,,".  ",,,,,,,,,".  ",,,,,,,,,". 100 percent of Medicare DRG. Add-on payment,  . 100 percent of Medicare DRG. Add-on payment,  .",,,,,,,,,".  ",,,,,,,,,".  ",,,,,,,,,".  ",,,,,,,,,".  ",,,,,,,,,". 100 percent of Medicare DRG. Add-on payment,  . 100 percent of Medicare DRG. Add-on payment,  .",,,,,,,,,".  ",,,,,,,,,".  ",,,,,,,,,". GMLOS + 8 Outlier per Diem $6,968.00. Add-on payment, and lesser of 100% of billed charges. GMLOS + 8 Outlier per Diem $6,968.00. Add-on payment, and lesser of 100% of billed charges.",17065.92,,,,,,,Case Rate,". 100 percent of Medicaid DRG. Add-on payment, and lesser of 100% of billed charges. 100 percent of Medicaid DRG. Add-on payment, and lesser of 100% of billed charges.",17065.92,,,,,,,Case Rate,". 100 percent of Medicaid DRG. Add-on payment, and lesser of 100% of billed charges. 100 percent of Medicaid DRG. Add-on payment, and lesser of 100% of billed charges.",38398.33,,,,,,,Case Rate,". 225 percent of Medicaid DRG. Add-on payment, and lesser of 225% of billed charges. 225 percent of Medicaid DRG. Add-on payment, and lesser of 225% of billed charges.",27047.44,,,,,,,Case Rate,". 225 percent of Medicaid DRG. Add-on payment, and lesser of 225% of billed charges. 225 percent of Medicaid DRG. Add-on payment, and lesser of 225% of billed charges.",17065.92,,,,,,,Case Rate,". 100 percent of Medicaid DRG. Add-on payment, and lesser of 100% of billed charges. 100 percent of Medicaid DRG. Add-on payment, and lesser of 100% of billed charges.",38398.33,,,,,,,Case Rate,". 225 percent of Medicaid DRG. Add-on payment, and lesser of 225% of billed charges. 225 percent of Medicaid DRG. Add-on payment, and lesser of 225% of billed charges.",38398.33,,,,,,,Case Rate,". 225 percent of Medicaid DRG. Add-on payment, and lesser of 225% of billed charges. 225 percent of Medicaid DRG. Add-on payment, and lesser of 225% of billed charges.",38398.33,,,,,,,Case Rate,". 225 percent of Medicaid DRG. Add-on payment, and lesser of 225% of billed charges. 225 percent of Medicaid DRG. Add-on payment, and lesser of 225% of billed charges.",38398.33,,,,,,,Case Rate,". 225 percent of Medicaid DRG. Add-on payment, and lesser of 225% of billed charges. 225 percent of Medicaid DRG. Add-on payment, and lesser of 225% of billed charges.",38398.33,,,,,,,Case Rate,". 225 percent of Medicaid DRG. Add-on payment, and lesser of 225% of billed charges. 225 percent of Medicaid DRG. Add-on payment, and lesser of 225% of billed charges.",38398.33,,,,,,,Case Rate,". 225 percent of Medicaid DRG. Add-on payment, and lesser of 225% of billed charges. 225 percent of Medicaid DRG. Add-on payment, and lesser of 225% of billed charges.",,,,,,,,," ",,,,,,,,," ",,,,,,,,," ",,,,,,,,,".  ",,,,,,,,," ",,,,,,,,,". 100 percent of Medicare DRG. Add-on payment,  . 100 percent of Medicare DRG. Add-on payment,  .",,,,,,,,,".  ",,,,,,,,,". 100 percent of Medicare DRG. Add-on payment,  . 100 percent of Medicare DRG. Add-on payment,  .",,,,,,,,,". 100 percent of Medicare DRG. Add-on payment,  . 100 percent of Medicare DRG. Add-on payment,  .",23039,,,,,,,Case Rate,"135% of Medicaid EP 1 and 2, 100% of medicaid EP 3 and 4.  ",23039,,,,,,,Case Rate,"135% of Medicaid EP 1 and 2, 100% of medicaid EP 3 and 4.  ",17065.92,,,,,,,Case Rate,". 100 percent of Medicaid DRG. Add-on payment, and lesser of 100% of billed charges. 100 percent of Medicaid DRG. Add-on payment, and lesser of 100% of billed charges.",17065.92,,,,,,,Case Rate,". 100 percent of Medicaid DRG. Add-on payment, and lesser of 100% of billed charges. 100 percent of Medicaid DRG. Add-on payment, and lesser of 100% of billed charges.",17065.92,,,,,,,Case Rate,". 100 percent of Medicaid DRG. Add-on payment, and lesser of 100% of billed charges. 100 percent of Medicaid DRG. Add-on payment, and lesser of 100% of billed charges.",,,,,,,,," ",,,,,,,,,". GMLOS + 8 Outlier per Diem $6,968.00. Add-on payment, and lesser of 100% of billed charges. GMLOS + 8 Outlier per Diem $6,968.00. Add-on payment, and lesser of 100% of billed charges.",,,,,,,,," ",,,,,,,,,".  ",,,,,,,,,". 100 percent of Medicare DRG. Add-on payment, . 100 percent of Medicare DRG. Add-on payment, .",,,,,,,,,". 100 percent of Medicare DRG. Add-on payment,  . 100 percent of Medicare DRG. Add-on payment,  .",,,,,,,,,". 100 percent of Medicare DRG. Add-on payment,  . 100 percent of Medicare DRG. Add-on payment,  .",,,,,,,,,". 100 percent of Medicare DRG. Add-on payment,  . 100 percent of Medicare DRG. Add-on payment,  .",,,,,,,,,". 100 percent of Medicare DRG. Add-on payment, . 100 percent of Medicare DRG. Add-on payment, .",,,,,,,,,". 100 percent of Medicare DRG. Add-on payment,  . 100 percent of Medicare DRG. Add-on payment,  .",,,,,,,,," ",38398.33,,,,,,,Case Rate,". 225 percent of Medicaid DRG. Add-on payment, and lesser of 225% of billed charges. 225 percent of Medicaid DRG. Add-on payment, and lesser of 225% of billed charges.",17065.92,,,,,,,Case Rate,". 100 percent of Medicaid DRG. Add-on payment, and lesser of 100% of billed charges. 100 percent of Medicaid DRG. Add-on payment, and lesser of 100% of billed charges.",,,,,,,,,".  ",,,,,,,,," ",,,,,,,,," ",,,,,,,,," ",,,,,,,,," ",,,,,,,,,". 100 percent of Medicare DRG. Add-on payment,  . 100 percent of Medicare DRG. Add-on payment,  .",17065.92,,,,,,,Case Rate,". 100 percent of Medicaid DRG. Add-on payment, and lesser of 100% of billed charges. 100 percent of Medicaid DRG. Add-on payment, and lesser of 100% of billed charges.",,,,,,,,,".  ",17065.92,,,,,,,Case Rate,". 100 percent of Medicaid DRG. Add-on payment, and lesser of 100% of billed charges. 100 percent of Medicaid DRG. Add-on payment, and lesser of 100% of billed charges.",,,,,,,,,". 100 percent of Medicare DRG. Add-on payment,  . 100 percent of Medicare DRG. Add-on payment,  .",17065.92,,,,,,,Case Rate,". 100 percent of Medicaid DRG. Add-on payment, and lesser of 100% of billed charges. 100 percent of Medicaid DRG. Add-on payment, and lesser of 100% of billed charges.",,,,,,,,,". 100 percent of Medicare DRG. Add-on payment,  . 100 percent of Medicare DRG. Add-on payment,  .",,,,,,,,,". 100 percent of Medicare DRG. Add-on payment,  . 100 percent of Medicare DRG. Add-on payment,  .",17065.92,,,,,,,Case Rate,". 100 percent of Medicaid DRG. Add-on payment, and lesser of 100% of billed charges. 100 percent of Medicaid DRG. Add-on payment, and lesser of 100% of billed charges.",17065.92,,,,,,,Case Rate,". 100 percent of Medicaid DRG. Add-on payment, and lesser of 100% of billed charges. 100 percent of Medicaid DRG. Add-on payment, and lesser of 100% of billed charges.",,,,,,,,," ",,,,,,,,,".  ",,73,,,,,0,Percent of total billed charges,73 percent of charges.  ; No services were performed during the 15 month look back period.,,,,,,,,,".  ",,,,,,,,,".  ",,,,,,,,,". GMLOS + 8 Outlier per Diem $6,968.00. Add-on payment, and lesser of 100% of billed charges. GMLOS + 8 Outlier per Diem $6,968.00. Add-on payment, and lesser of 100% of billed charges.",,,,,,,,,". 93 percent of Medicare DRG. Add-on payment, and lesser of 100% of billed charges. 93 percent of Medicare DRG. Add-on payment, and lesser of 100% of billed charges.",,,,,,,,," ",,,,,,,,," ",,,,,,,,,".  ",,,,,,,,,".  ",,,,,,,,,". 100 percent of Medicare DRG. Add-on payment,  . 100 percent of Medicare DRG. Add-on payment,  .",,,,,,,,,". 100 percent of Medicare DRG. Add-on payment,  . 100 percent of Medicare DRG. Add-on payment,  .",,,,,,,,,". 100 percent of Medicare DRG. Add-on payment,  . 100 percent of Medicare DRG. Add-on payment,  .",,,,,,,,,". 100 percent of Medicare DRG. Add-on payment,  . 100 percent of Medicare DRG. Add-on payment,  .",,,,,,,,,".  ",,,,,,,,,".  ",,,,,,,,,".  ",,,,,,,,,". 100 percent of Medicare DRG. Add-on payment,  . 100 percent of Medicare DRG. Add-on payment,  .",,,,,,,,,".  ",,,,,,,,," ",17065.92,,,,,,,Case Rate,". 100 percent of Medicaid DRG. Add-on payment, and lesser of 100% of billed charges. 100 percent of Medicaid DRG. Add-on payment, and lesser of 100% of billed charges.",17065.92,,,,,,,Case Rate,". 100 percent of Medicaid DRG. Add-on payment, and lesser of 100% of billed charges. 100 percent of Medicaid DRG. Add-on payment, and lesser of 100% of billed charges.",,,,,,,,," ",,,,,,,,,".  ",,,,,,,,,".  ",,,,,,,,,".  ",,,,,,,,,".  ",,,,,,,,,". 100 percent of Medicare DRG. Add-on payment, . 100 percent of Medicare DRG. Add-on payment, .",17919.22,,,,,,,Case Rate,". 105 percent of Medicaid DRG. Add-on payment, and lesser of 100% of billed charges. 105 percent of Medicaid DRG. Add-on payment, and lesser of 100% of billed charges.",17919.22,,,,,,,Case Rate,". 105 percent of Medicaid DRG. Add-on payment, and lesser of 100% of billed charges. 105 percent of Medicaid DRG. Add-on payment, and lesser of 100% of billed charges.",17919.22,,,,,,,Case Rate,". 105 percent of Medicaid DRG. Add-on payment, and lesser of 100% of billed charges. 105 percent of Medicaid DRG. Add-on payment, and lesser of 100% of billed charges.",17919.22,,,,,,,Case Rate,". 105 percent of Medicaid DRG. Add-on payment, and lesser of 100% of billed charges. 105 percent of Medicaid DRG. Add-on payment, and lesser of 100% of billed charges.",,,,,,,,,".  ",17919.22,,,,,,,Case Rate,". 105 percent of Medicaid DRG. Add-on payment, and lesser of 100% of billed charges. 105 percent of Medicaid DRG. Add-on payment, and lesser of 100% of billed charges.",17919.22,,,,,,,Case Rate,". 105 percent of Medicaid DRG. Add-on payment, and lesser of 100% of billed charges. 105 percent of Medicaid DRG. Add-on payment, and lesser of 100% of billed charges.",17919.22,,,,,,,Case Rate,". 105 percent of Medicaid DRG. Add-on payment, and lesser of 100% of billed charges. 105 percent of Medicaid DRG. Add-on payment, and lesser of 100% of billed charges.",17919.22,,,,,,,Case Rate,". 105 percent of Medicaid DRG. Add-on payment, and lesser of 100% of billed charges. 105 percent of Medicaid DRG. Add-on payment, and lesser of 100% of billed charges.",17919.22,,,,,,,Case Rate,". 105 percent of Medicaid DRG. Add-on payment, and lesser of 100% of billed charges. 105 percent of Medicaid DRG. Add-on payment, and lesser of 100% of billed charges.",17919.22,,,,,,,Case Rate,". 105 percent of Medicaid DRG. Add-on payment, and lesser of 100% of billed charges. 105 percent of Medicaid DRG. Add-on payment, and lesser of 100% of billed charges.",17919.22,,,,,,,Case Rate,". 105 percent of Medicaid DRG. Add-on payment, and lesser of 100% of billed charges. 105 percent of Medicaid DRG. Add-on payment, and lesser of 100% of billed charges.",,,,,,,,,". 100 percent of Medicare DRG. Add-on payment,  . 100 percent of Medicare DRG. Add-on payment,  .",,,,,,,,,".  ",,,,,,,,,". 100 percent of Medicare DRG. Add-on payment,  . 100 percent of Medicare DRG. Add-on payment,  .",17919.22,,,,,,,Case Rate,". 105 percent of Medicaid DRG. Add-on payment, and lesser of 100% of billed charges. 105 percent of Medicaid DRG. Add-on payment, and lesser of 100% of billed charges.",,,,,,,,,".  ",,,,,,,,,". 100 percent of Medicare DRG. Add-on payment,  . 100 percent of Medicare DRG. Add-on payment,  .",,,,,,,,,".  ",,,,,,,,,".  ",,,,,,,,,".  ",17919.22,,,,,,,Case Rate,". 105 percent of Medicaid DRG. Add-on payment, and lesser of 100% of billed charges. 105 percent of Medicaid DRG. Add-on payment, and lesser of 100% of billed charges.",,,,,,,,,". 100 percent of Medicare DRG. Add-on payment,  . 100 percent of Medicare DRG. Add-on payment,  .",,,,,,,,,".  ",17919.22,,,,,,,Case Rate,". 105 percent of Medicaid DRG. Add-on payment, and lesser of 100% of billed charges. 105 percent of Medicaid DRG. Add-on payment, and lesser of 100% of billed charges.",,,,,,,,,".  ",,,,,,,,,". Delay in Discharge per diem $4,1170 Delay in Discharge per diem $4,1170",,,,,,,,,". 100 percent of Medicare DRG. Add-on payment, . 100 percent of Medicare DRG. Add-on payment, .",,,,,,,,," ",,,,,,,,," ",,,,,,,,," ",,,,,,,,," ",,,,,,,,," ",,,,,,,,," ",,,,,,,,," ",,,,,,,,," ",,,,,,,,," ",,,,,,,,," ",,,,,,,,," ",,,,,,,,," ",,,,,,,,,". 100 percent of Medicare DRG. Add-on payment,  . 100 percent of Medicare DRG. Add-on payment,  .",,,,,,,,," ",,,,,,,,,". 100 percent of Medicare DRG. Add-on payment,  . 100 percent of Medicare DRG. Add-on payment,  .",38398.33,,,,,,,Case Rate,". 225 percent of Medicaid DRG. Add-on payment, and lesser of 225% of billed charges. 225 percent of Medicaid DRG. Add-on payment, and lesser of 225% of billed charges.",17065.92,,,,,,,Case Rate,". 100 percent of Medicaid DRG. Add-on payment, and lesser of 100% of billed charges. 100 percent of Medicaid DRG. Add-on payment, and lesser of 100% of billed charges.",,,,,,,,,".  ",,,,,,,,,".  ",,,,,,,,,". 100 percent of Medicare DRG. Add-on payment,  . 100 percent of Medicare DRG. Add-on payment,  .",,,,,,,,," ",,,,,,,,,". 100 percent of Medicare DRG. Add-on payment,  . 100 percent of Medicare DRG. Add-on payment,  .",,,,,,,,,". 100 percent of Medicare DRG. Add-on payment,  . 100 percent of Medicare DRG. Add-on payment,  .",,,,,,,,,". GMLOS + 8 Outlier per Diem $6,968.00. Add-on payment, and lesser of 100% of billed charges. GMLOS + 8 Outlier per Diem $6,968.00. Add-on payment, and lesser of 100% of billed charges.",,,,,,,,,". 100 percent of Medicare DRG. Add-on payment,  . 100 percent of Medicare DRG. Add-on payment,  .",,,,,,,,,".  ",,,,,,,,,". 100 percent of Medicare DRG. Add-on payment,  . 100 percent of Medicare DRG. Add-on payment,  .",,,,,,,,,".  ",,,,,,,,,". GMLOS + 8 Outlier per Diem $6,968.00. Add-on payment, and lesser of 100% of billed charges. GMLOS + 8 Outlier per Diem $6,968.00. Add-on payment, and lesser of 100% of billed charges.",,,,,,,,,".  ",,,,,,,,,". 100 percent of Medicare DRG. Add-on payment,  . 100 percent of Medicare DRG. Add-on payment,  .",17065.92,,,,,,,Case Rate,". 100 percent of Medicaid DRG. Add-on payment, and lesser of 100% of billed charges. 100 percent of Medicaid DRG. Add-on payment, and lesser of 100% of billed charges.",,,,,,,,,". 100 percent of Medicare DRG. Add-on payment,  . 100 percent of Medicare DRG. Add-on payment,  .",,,,,,,,,".  ",,,,,,,,,".  ",17065.92,,,,,,,Case Rate,". 100 percent of Medicaid DRG. Add-on payment, and lesser of 100% of billed charges. 100 percent of Medicaid DRG. Add-on payment, and lesser of 100% of billed charges.",,,,,,,,,".  ",17065.92,,,,,,,Case Rate,". 100 percent of Medicaid DRG. Add-on payment, and lesser of 100% of billed charges. 100 percent of Medicaid DRG. Add-on payment, and lesser of 100% of billed charges.",17065.92,,,,,,,Case Rate,". 100 percent of Medicaid DRG. Add-on payment, and lesser of 100% of billed charges. 100 percent of Medicaid DRG. Add-on payment, and lesser of 100% of billed charges.",,,,,,,,,".  ",,,,,,,,,".  ",,,,,,,,,".  ",,,,,,,,,".  ",,,,,,,,,".  ",,,,,,,,,".  ",,,,,,,,,".  ",,,,,,,,," ",,,,,,,,," ",,,,,,,,," ",17065.92,,,,,,,Case Rate,". 100 percent of Medicaid DRG. Add-on payment, and lesser of 100% of billed charges. 100 percent of Medicaid DRG. Add-on payment, and lesser of 100% of billed charges.",,,,,,,,,".  ",,,,,,,,,".  ",,,,,,,,,". GMLOS + 8 Outlier per Diem $6,968.00. Add-on payment, and lesser of 100% of billed charges. GMLOS + 8 Outlier per Diem $6,968.00. Add-on payment, and lesser of 100% of billed charges.",,,,,,,,,".  ",,,,,,,,,". GMLOS + 8 Outlier per Diem $6,968.00. Add-on payment, and lesser of 100% of billed charges. GMLOS + 8 Outlier per Diem $6,968.00. Add-on payment, and lesser of 100% of billed charges.",,,,,,,,,".  ",,,,,,,,,".  ",,,,,,,,,".  ",,,,,,,,,".  ",,,,,,,,,".  ",,,,,,,,,". 100 percent of Medicare DRG. Add-on payment,  . 100 percent of Medicare DRG. Add-on payment,  .",12021.09,49491.18,
APR308-3,DRG,,,,,APR308-3 HIP AND FEMUR FRACTURE REPAIR,,,Inpatient,,,,,,,,,,,,".  ",,,,,,,,,".  ",,,,,,,,,". GMLOS + 8 Outlier per Diem $6,968.00. Add-on payment, and lesser of 100% of billed charges. GMLOS + 8 Outlier per Diem $6,968.00. Add-on payment, and lesser of 100% of billed charges.",,100,,,,,0,Percent of total billed charges,100 percent of charges.  ; No services were performed during the 15 month look back period.,,,,,,,,,". 100 percent of Medicare DRG. Add-on payment,  . 100 percent of Medicare DRG. Add-on payment,  .",,,,,,,,,". GMLOS + 8 Outlier per Diem $6,968.00. Add-on payment, and lesser of 100% of billed charges. GMLOS + 8 Outlier per Diem $6,968.00. Add-on payment, and lesser of 100% of billed charges.",,,,,,,,,". GMLOS + 8 Outlier per Diem $6,968.00. Add-on payment, and lesser of 100% of billed charges. GMLOS + 8 Outlier per Diem $6,968.00. Add-on payment, and lesser of 100% of billed charges.",,,,,,,,,". GMLOS + 8 Outlier per Diem $6,968.00. Add-on payment, and lesser of 100% of billed charges. GMLOS + 8 Outlier per Diem $6,968.00. Add-on payment, and lesser of 100% of billed charges.",48838.62,,,,,,,Case Rate,". 155 percent of Medicaid DRG. Add-on payment, and lesser of 100% of billed charges. 155 percent of Medicaid DRG. Add-on payment, and lesser of 100% of billed charges.",31508.79,,,,,,,Case Rate,". 100 percent of Medicaid DRG. Add-on payment, and lesser of 100% of billed charges. 100 percent of Medicaid DRG. Add-on payment, and lesser of 100% of billed charges.",,73,,,,,0,Percent of total billed charges,73 percent of charges.  ; No services were performed during the 15 month look back period.,,,,,,,,,".  ",31508.79,,,,,,,Case Rate,". 100 percent of Medicaid DRG. Add-on payment, and lesser of 100% of billed charges. 100 percent of Medicaid DRG. Add-on payment, and lesser of 100% of billed charges.",,,,,,,,,". 100 percent of Medicare DRG. Add-on payment,  . 100 percent of Medicare DRG. Add-on payment,  .",,,,,,,,,".  ",,,,,,,,,".  ",,,,,,,,,".  ",,,,,,,,,".  ",31508.79,,,,,,,Case Rate,". 100 percent of Medicaid DRG. Add-on payment, and lesser of 100% of billed charges. 100 percent of Medicaid DRG. Add-on payment, and lesser of 100% of billed charges.",,,,,,,,,". 100 percent of Medicare DRG. Add-on payment,  . 100 percent of Medicare DRG. Add-on payment,  .",31508.79,,,,,,,Case Rate,". 100 percent of Medicaid DRG. Add-on payment, and lesser of 100% of billed charges. 100 percent of Medicaid DRG. Add-on payment, and lesser of 100% of billed charges.",,73,,,,,0,Percent of total billed charges,73 percent of charges.  ; No services were performed during the 15 month look back period.,,,,,,,,,". GMLOS + 8 Outlier per Diem $6,968.00. Add-on payment, and lesser of 100% of billed charges. GMLOS + 8 Outlier per Diem $6,968.00. Add-on payment, and lesser of 100% of billed charges.",,,,,,,,,". 100 percent of Medicare DRG. Add-on payment, and lesser of 100% of billed charges. 100 percent of Medicare DRG. Add-on payment, and lesser of 100% of billed charges.",,,,,,,,," ",,,,,,,,,". 100 percent of Medicare DRG. Add-on payment, and lesser of 100% of billed charges. 100 percent of Medicare DRG. Add-on payment, and lesser of 100% of billed charges.",,,,,,,,,". 100 percent of Medicare DRG. Add-on payment, and lesser of 100% of billed charges. 100 percent of Medicare DRG. Add-on payment, and lesser of 100% of billed charges.",,73,,,,,0,Percent of total billed charges,73 percent of charges.  ; No services were performed during the 15 month look back period.,31508.79,,,,,,,Case Rate,". 100 percent of Medicaid DRG. Add-on payment, and lesser of 100% of billed charges. 100 percent of Medicaid DRG. Add-on payment, and lesser of 100% of billed charges.",31508.79,,,,,,,Case Rate,". 100 percent of Medicaid DRG. Add-on payment, and lesser of 100% of billed charges. 100 percent of Medicaid DRG. Add-on payment, and lesser of 100% of billed charges.",31508.79,,,,,,,Case Rate,". 100 percent of Medicaid DRG. Add-on payment, and lesser of 100% of billed charges. 100 percent of Medicaid DRG. Add-on payment, and lesser of 100% of billed charges.",31508.79,,,,,,,Case Rate,". 100 percent of Medicaid DRG. Add-on payment, and lesser of 100% of billed charges. 100 percent of Medicaid DRG. Add-on payment, and lesser of 100% of billed charges.",,,,,,,,," ",,,,,,,,," ",31508.79,,,,,,,Case Rate,". 100 percent of Medicaid DRG. Add-on payment, and lesser of 100% of billed charges. 100 percent of Medicaid DRG. Add-on payment, and lesser of 100% of billed charges.",,,,,,,,," ",31508.79,,,,,,,Case Rate,". 100 percent of Medicaid DRG. Add-on payment, and lesser of 100% of billed charges. 100 percent of Medicaid DRG. Add-on payment, and lesser of 100% of billed charges.",,,,,,,,,". 100 percent of Medicare DRG. Add-on payment, . 100 percent of Medicare DRG. Add-on payment, .",,,,,,,,," ",,73,,,,,0,Percent of total billed charges,73 percent of charges.  ; No services were performed during the 15 month look back period.,31508.79,,,,,,,Case Rate,". 100 percent of Medicaid DRG. Add-on payment, and lesser of 100% of billed charges. 100 percent of Medicaid DRG. Add-on payment, and lesser of 100% of billed charges.",31508.79,,,,,,,Case Rate,". 100 percent of Medicaid DRG. Add-on payment, and lesser of 100% of billed charges. 100 percent of Medicaid DRG. Add-on payment, and lesser of 100% of billed charges.",,73,,,,,0,Percent of total billed charges,73 percent of charges.  ; No services were performed during the 15 month look back period.,,,,,,,,,".  ",,,,,,,,,".  ",,,,,,,,,".  ",,73,,,,,0,Percent of total billed charges,73 percent of charges.  ; No services were performed during the 15 month look back period.,,,,,,,,,". 100 percent of Medicare DRG. Add-on payment,  . 100 percent of Medicare DRG. Add-on payment,  .",,,,,,,,,".  ",,,,,,,,,".  ",,,,,,,,,".  ",,,,,,,,,". 100 percent of Medicare DRG. Add-on payment,  . 100 percent of Medicare DRG. Add-on payment,  .",,,,,,,,,".  ",,,,,,,,,".  ",,,,,,,,,". 100 percent of Medicare DRG. Add-on payment, and lesser of 100% of billed charges. 100 percent of Medicare DRG. Add-on payment, and lesser of 100% of billed charges.",,,,,,,,,".  ",,,,,,,,,".  ",,,,,,,,,".  ",,,,,,,,,".  ",,,,,,,,,".  ",,,,,,,,,".  ",,,,,,,,,".  ",,,,,,,,,". 100 percent of Medicare DRG. Add-on payment,  . 100 percent of Medicare DRG. Add-on payment,  .",,,,,,,,,". 100 percent of Medicare DRG. Add-on payment,  . 100 percent of Medicare DRG. Add-on payment,  .",,,,,,,,,".  ",,73,,,,,0,Percent of total billed charges,73 percent of charges.  ; No services were performed during the 15 month look back period.,,73,,,,,0,Percent of total billed charges,73 percent of charges.  ; No services were performed during the 15 month look back period.,,73,,,,,0,Percent of total billed charges,73 percent of charges.  ; No services were performed during the 15 month look back period.,,73,,,,,0,Percent of total billed charges,73 percent of charges.  ; No services were performed during the 15 month look back period.,,73,,,,,0,Percent of total billed charges,73 percent of charges.  ; No services were performed during the 15 month look back period.,,73,,,,,0,Percent of total billed charges,73 percent of charges.  ; No services were performed during the 15 month look back period.,,73,,,,,0,Percent of total billed charges,73 percent of charges.  ; No services were performed during the 15 month look back period.,,73,,,,,0,Percent of total billed charges,73 percent of charges.  ; No services were performed during the 15 month look back period.,,73,,,,,0,Percent of total billed charges,73 percent of charges.  ; No services were performed during the 15 month look back period.,,73,,,,,0,Percent of total billed charges,73 percent of charges.  ; No services were performed during the 15 month look back period.,,73,,,,,0,Percent of total billed charges,73 percent of charges.  ; No services were performed during the 15 month look back period.,,73,,,,,0,Percent of total billed charges,73 percent of charges.  ; No services were performed during the 15 month look back period.,,73,,,,,0,Percent of total billed charges,73 percent of charges.  ; No services were performed during the 15 month look back period.,,73,,,,,0,Percent of total billed charges,73 percent of charges.  ; No services were performed during the 15 month look back period.,,73,,,,,0,Percent of total billed charges,73 percent of charges.  ; No services were performed during the 15 month look back period.,,73,,,,,0,Percent of total billed charges,73 percent of charges.  ; No services were performed during the 15 month look back period.,,73,,,,,0,Percent of total billed charges,73 percent of charges.  ; No services were performed during the 15 month look back period.,,73,,,,,0,Percent of total billed charges,73 percent of charges.  ; No services were performed during the 15 month look back period.,,73,,,,,0,Percent of total billed charges,73 percent of charges.  ; No services were performed during the 15 month look back period.,,73,,,,,0,Percent of total billed charges,73 percent of charges.  ; No services were performed during the 15 month look back period.,,73,,,,,0,Percent of total billed charges,73 percent of charges.  ; No services were performed during the 15 month look back period.,,73,,,,,0,Percent of total billed charges,73 percent of charges.  ; No services were performed during the 15 month look back period.,,73,,,,,0,Percent of total billed charges,73 percent of charges.  ; No services were performed during the 15 month look back period.,,73,,,,,0,Percent of total billed charges,73 percent of charges.  ; No services were performed during the 15 month look back period.,,73,,,,,0,Percent of total billed charges,73 percent of charges.  ; No services were performed during the 15 month look back period.,,73,,,,,0,Percent of total billed charges,73 percent of charges.  ; No services were performed during the 15 month look back period.,,,,,,,,," ",,,,,,,,," ",,,,,,,,," ",,,,,,,,," ",,,,,,,,," ",,,,,,,,," ",,,,,,,,,".  ",,,,,,,,,".  ",,,,,,,,,".  ",,,,,,,,,".  ",,73,,,,,0,Percent of total billed charges,73 percent of charges.  ; No services were performed during the 15 month look back period.,,,,,,,,," ",,,,,,,,,".  ",,,,,,,,,".  ",,,,,,,,,".  ",,,,,,,,," ",,73,,,,,0,Percent of total billed charges,73 percent of charges.  ; No services were performed during the 15 month look back period.,31508.79,,,,,,,Case Rate,". 100 percent of Medicaid DRG. Add-on payment, and lesser of 100% of billed charges. 100 percent of Medicaid DRG. Add-on payment, and lesser of 100% of billed charges.",,,,,,,,," ",31508.79,,,,,,,Case Rate,". 100 percent of Medicaid DRG. Add-on payment, and lesser of 100% of billed charges. 100 percent of Medicaid DRG. Add-on payment, and lesser of 100% of billed charges.",,,,,,,,,". 100 percent of Medicare DRG. Add-on payment, . 100 percent of Medicare DRG. Add-on payment, .",,,,,,,,,". 100 percent of Medicare DRG. Add-on payment,  . 100 percent of Medicare DRG. Add-on payment,  .",,,,,,,,,".  ",,,,,,,,,". 100 percent of Medicare DRG. Add-on payment,  . 100 percent of Medicare DRG. Add-on payment,  .",,,,,,,,,". 100 percent of Medicare DRG. Add-on payment,  . 100 percent of Medicare DRG. Add-on payment,  .",31508.79,,,,,,,Case Rate,". 100 percent of Medicaid DRG. Add-on payment, and lesser of 100% of billed charges. 100 percent of Medicaid DRG. Add-on payment, and lesser of 100% of billed charges.",,,,,,,,,". 100 percent of Medicare DRG. Add-on payment,  . 100 percent of Medicare DRG. Add-on payment,  .",,,,,,,,,". 100 percent of Medicare DRG. Add-on payment,  . 100 percent of Medicare DRG. Add-on payment,  .",,,,,,,,,". GMLOS + 8 Outlier per Diem $6,968.00. Add-on payment, and lesser of 100% of billed charges. GMLOS + 8 Outlier per Diem $6,968.00. Add-on payment, and lesser of 100% of billed charges.",,,,,,,,,". GMLOS + 8 Outlier per Diem $6,968.00. Add-on payment, and lesser of 100% of billed charges. GMLOS + 8 Outlier per Diem $6,968.00. Add-on payment, and lesser of 100% of billed charges.",,,,,,,,,". 100 percent of Medicare DRG. Add-on payment,  . 100 percent of Medicare DRG. Add-on payment,  .",,,,,,,,,".  ",,,,,,,,,".  ",,,,,,,,,".  ",,,,,,,,,". 100 percent of Medicare DRG. Add-on payment,  . 100 percent of Medicare DRG. Add-on payment,  .",,,,,,,,,".  ",,,,,,,,,". GMLOS + 8 Outlier per Diem $6,968.00. Add-on payment, and lesser of 100% of billed charges. GMLOS + 8 Outlier per Diem $6,968.00. Add-on payment, and lesser of 100% of billed charges.",,,,,,,,,". GMLOS + 8 Outlier per Diem $6,968.00. Add-on payment, and lesser of 100% of billed charges. GMLOS + 8 Outlier per Diem $6,968.00. Add-on payment, and lesser of 100% of billed charges.",,,,,,,,,". GMLOS + 8 Outlier per Diem $6,968.00. Add-on payment, and lesser of 100% of billed charges. GMLOS + 8 Outlier per Diem $6,968.00. Add-on payment, and lesser of 100% of billed charges.",,73,,,,,0,Percent of total billed charges,73 percent of charges.  ; No services were performed during the 15 month look back period.,,73,,,,,0,Percent of total billed charges,73 percent of charges.  ; No services were performed during the 15 month look back period.,,73,,,,,0,Percent of total billed charges,73 percent of charges.  ; No services were performed during the 15 month look back period.,,73,,,,,0,Percent of total billed charges,73 percent of charges.  ; No services were performed during the 15 month look back period.,,73,,,,,0,Percent of total billed charges,73 percent of charges.  ; No services were performed during the 15 month look back period.,,73,,,,,0,Percent of total billed charges,73 percent of charges.  ; No services were performed during the 15 month look back period.,,73,,,,,0,Percent of total billed charges,73 percent of charges.  ; No services were performed during the 15 month look back period.,,73,,,,,0,Percent of total billed charges,73 percent of charges.  ; No services were performed during the 15 month look back period.,,73,,,,,0,Percent of total billed charges,73 percent of charges.  ; No services were performed during the 15 month look back period.,,73,,,,,0,Percent of total billed charges,73 percent of charges.  ; No services were performed during the 15 month look back period.,,73,,,,,0,Percent of total billed charges,73 percent of charges.  ; No services were performed during the 15 month look back period.,,,,,,,,," ",,,,,,,,,".  ",,,,,,,,,".  ",,,,,,,,,". 100 percent of Medicare DRG. Add-on payment,  . 100 percent of Medicare DRG. Add-on payment,  .",,,,,,,,,". GMLOS + 8 Outlier per Diem $6,968.00. Add-on payment, and lesser of 100% of billed charges. GMLOS + 8 Outlier per Diem $6,968.00. Add-on payment, and lesser of 100% of billed charges.",,,,,,,,,".  ",,,,,,,,,".  ",,73,,,,,0,Percent of total billed charges,73 percent of charges.  ; No services were performed during the 15 month look back period.,63017.58,,,,,,,Case Rate,". 200 percent of Medicaid DRG. Add-on payment, and lesser of 200% of billed charges. 200 percent of Medicaid DRG. Add-on payment, and lesser of 200% of billed charges.",,,,,,,,,".  ",31508.79,,,,,,,Case Rate,". 100 percent of Medicaid DRG. Add-on payment, and lesser of 100% of billed charges. 100 percent of Medicaid DRG. Add-on payment, and lesser of 100% of billed charges.",,,,,,,,,". 100 percent of Medicare DRG. Add-on payment,  . 100 percent of Medicare DRG. Add-on payment,  .",,,,,,,,,". 100 percent of Medicare DRG. Add-on payment,  . 100 percent of Medicare DRG. Add-on payment,  .",,,,,,,,,". 100 percent of Medicare DRG. Add-on payment,  . 100 percent of Medicare DRG. Add-on payment,  .",,,,,,,,,". 100 percent of Medicare DRG. Add-on payment,  . 100 percent of Medicare DRG. Add-on payment,  .",,,,,,,,,". 100 percent of Medicare DRG. Add-on payment,  . 100 percent of Medicare DRG. Add-on payment,  .",,,,,,,,,". 100 percent of Medicare DRG. Add-on payment,  . 100 percent of Medicare DRG. Add-on payment,  .",,,,,,,,,".  ",,,,,,,,,".  ",70894.77,,,,,,,Case Rate,". 225 percent of Medicaid DRG. Add-on payment, and lesser of 100% of billed charges. 225 percent of Medicaid DRG. Add-on payment, and lesser of 100% of billed charges.",70894.77,,,,,,,Case Rate,". 225 percent of Medicaid DRG. Add-on payment, and lesser of 100% of billed charges. 225 percent of Medicaid DRG. Add-on payment, and lesser of 100% of billed charges.",70894.77,,,,,,,Case Rate,". 225 percent of Medicaid DRG. Add-on payment, and lesser of 100% of billed charges. 225 percent of Medicaid DRG. Add-on payment, and lesser of 100% of billed charges.",70894.77,,,,,,,Case Rate,". 225 percent of Medicaid DRG. Add-on payment, and lesser of 100% of billed charges. 225 percent of Medicaid DRG. Add-on payment, and lesser of 100% of billed charges.",70894.77,,,,,,,Case Rate,". 225 percent of Medicaid DRG. Add-on payment, and lesser of 100% of billed charges. 225 percent of Medicaid DRG. Add-on payment, and lesser of 100% of billed charges.",,,,,,,,," ",,,,,,,,,".  ",,,,,,,,," ",,,,,,,,," ",,,,,,,,," ",,,,,,,,," ",,,,,,,,," ",,,,,,,,,". 100 percent of Medicare DRG. Add-on payment,  . 100 percent of Medicare DRG. Add-on payment,  .",,,,,,,,," ",,,,,,,,," ",,,,,,,,," ",,,,,,,,," ",,,,,,,,,". GMLOS + 8 Outlier per Diem $6,968.00. Add-on payment, and lesser of 100% of billed charges. GMLOS + 8 Outlier per Diem $6,968.00. Add-on payment, and lesser of 100% of billed charges.",,,,,,,,,". GMLOS + 8 Outlier per Diem $6,968.00. Add-on payment, and lesser of 100% of billed charges. GMLOS + 8 Outlier per Diem $6,968.00. Add-on payment, and lesser of 100% of billed charges.",,,,,,,,,". GMLOS + 8 Outlier per Diem $6,968.00. Add-on payment, and lesser of 100% of billed charges. GMLOS + 8 Outlier per Diem $6,968.00. Add-on payment, and lesser of 100% of billed charges.",,,,,,,,,". GMLOS + 8 Outlier per Diem $6,968.00. Add-on payment, and lesser of 100% of billed charges. GMLOS + 8 Outlier per Diem $6,968.00. Add-on payment, and lesser of 100% of billed charges.",,,,,,,,,".  ",,,,,,,,,".  ",,,,,,,,,". 100 percent of Medicare DRG. Add-on payment,  . 100 percent of Medicare DRG. Add-on payment,  .",,,,,,,,,". 100 percent of Medicare DRG. Add-on payment,  . 100 percent of Medicare DRG. Add-on payment,  .",,,,,,,,,". 100 percent of Medicare DRG. Add-on payment,  . 100 percent of Medicare DRG. Add-on payment,  .",,,,,,,,,".  ",,,,,,,,,".  ",,,,,,,,,".  ",,,,,,,,,".  ",,,,,,,,,". GMLOS + 8 Outlier per Diem $6,968.00. Add-on payment, and lesser of 100% of billed charges. GMLOS + 8 Outlier per Diem $6,968.00. Add-on payment, and lesser of 100% of billed charges.",,,,,,,,,". 100 percent of Medicare DRG. Add-on payment,  . 100 percent of Medicare DRG. Add-on payment,  .",,,,,,,,,".  ",31508.79,,,,,,,Case Rate,". 100 percent of Medicaid DRG. Add-on payment, and lesser of 100% of billed charges. 100 percent of Medicaid DRG. Add-on payment, and lesser of 100% of billed charges.",,,,,,,,,". 100 percent of Medicare DRG. Add-on payment, and lesser of 100% of billed charges. 100 percent of Medicare DRG. Add-on payment, and lesser of 100% of billed charges.",,,,,,,,,". 100 percent of Medicare DRG. Add-on payment, and lesser of 100% of billed charges. 100 percent of Medicare DRG. Add-on payment, and lesser of 100% of billed charges.",,,,,,,,,". 100 percent of Medicare DRG. Add-on payment, and lesser of 100% of billed charges. 100 percent of Medicare DRG. Add-on payment, and lesser of 100% of billed charges.",31508.79,,,,,,,Case Rate,". 100 percent of Medicaid DRG. Add-on payment, and lesser of 100% of billed charges. 100 percent of Medicaid DRG. Add-on payment, and lesser of 100% of billed charges.",70894.77,,,,,,,Case Rate,". 225 percent of Medicaid DRG. Add-on payment, and lesser of 225% of billed charges. 225 percent of Medicaid DRG. Add-on payment, and lesser of 225% of billed charges.",70894.77,,,,,,,Case Rate,". 225 percent of Medicaid DRG. Add-on payment, and lesser of 225% of billed charges. 225 percent of Medicaid DRG. Add-on payment, and lesser of 225% of billed charges.",70894.77,,,,,,,Case Rate,". 225 percent of Medicaid DRG. Add-on payment, and lesser of 225% of billed charges. 225 percent of Medicaid DRG. Add-on payment, and lesser of 225% of billed charges.",70894.77,,,,,,,Case Rate,". 225 percent of Medicaid DRG. Add-on payment, and lesser of 225% of billed charges. 225 percent of Medicaid DRG. Add-on payment, and lesser of 225% of billed charges.",70894.77,,,,,,,Case Rate,". 225 percent of Medicaid DRG. Add-on payment, and lesser of 225% of billed charges. 225 percent of Medicaid DRG. Add-on payment, and lesser of 225% of billed charges.",,,,,,,,,". 100 percent of Medicare DRG. Add-on payment, and lesser of 100% of billed charges. 100 percent of Medicare DRG. Add-on payment, and lesser of 100% of billed charges.",31508.79,,,,,,,Case Rate,". 100 percent of Medicaid DRG. Add-on payment, and lesser of 100% of billed charges. 100 percent of Medicaid DRG. Add-on payment, and lesser of 100% of billed charges.",31508.79,,,,,,,Case Rate,". 100 percent of Medicaid DRG. Add-on payment, and lesser of 100% of billed charges. 100 percent of Medicaid DRG. Add-on payment, and lesser of 100% of billed charges.",70894.77,,,,,,,Case Rate,". 225 percent of Medicaid DRG. Add-on payment, and lesser of 225% of billed charges. 225 percent of Medicaid DRG. Add-on payment, and lesser of 225% of billed charges.",70894.77,,,,,,,Case Rate,". 225 percent of Medicaid DRG. Add-on payment, and lesser of 225% of billed charges. 225 percent of Medicaid DRG. Add-on payment, and lesser of 225% of billed charges.",31508.79,,,,,,,Case Rate,". 100 percent of Medicaid DRG. Add-on payment, and lesser of 100% of billed charges. 100 percent of Medicaid DRG. Add-on payment, and lesser of 100% of billed charges.",31508.79,,,,,,,Case Rate,". 100 percent of Medicaid DRG. Add-on payment, and lesser of 100% of billed charges. 100 percent of Medicaid DRG. Add-on payment, and lesser of 100% of billed charges.",70894.77,,,,,,,Case Rate,". 225 percent of Medicaid DRG. Add-on payment, and lesser of 100% of billed charges. 225 percent of Medicaid DRG. Add-on payment, and lesser of 100% of billed charges.",,,,,,,,,". 100 percent of Medicare DRG. Add-on payment,  . 100 percent of Medicare DRG. Add-on payment,  .",,,,,,,,,". 100 percent of Medicare DRG. Add-on payment,  . 100 percent of Medicare DRG. Add-on payment,  .",,,,,,,,,". GMLOS + 8 Outlier per Diem $6,968.00. Add-on payment, and lesser of 100% of billed charges. GMLOS + 8 Outlier per Diem $6,968.00. Add-on payment, and lesser of 100% of billed charges.",,,,,,,,,". 100 percent of Medicare DRG. Add-on payment,  . 100 percent of Medicare DRG. Add-on payment,  .",70894.77,,,,,,,Case Rate,". 225 percent of Medicaid DRG. Add-on payment, and lesser of 225% of billed charges. 225 percent of Medicaid DRG. Add-on payment, and lesser of 225% of billed charges.",70894.77,,,,,,,Case Rate,". 225 percent of Medicaid DRG. Add-on payment, and lesser of 225% of billed charges. 225 percent of Medicaid DRG. Add-on payment, and lesser of 225% of billed charges.",31508.79,,,,,,,Case Rate,". 100 percent of Medicaid DRG. Add-on payment, and lesser of 100% of billed charges. 100 percent of Medicaid DRG. Add-on payment, and lesser of 100% of billed charges.",31508.79,,,,,,,Case Rate,". 100 percent of Medicaid DRG. Add-on payment, and lesser of 100% of billed charges. 100 percent of Medicaid DRG. Add-on payment, and lesser of 100% of billed charges.",52190.97,,,,,,,Case Rate,". 225 percent of Medicaid DRG. Add-on payment, and lesser of 225% of billed charges. 225 percent of Medicaid DRG. Add-on payment, and lesser of 225% of billed charges.",31508.79,,,,,,,Case Rate,". 100 percent of Medicaid DRG. Add-on payment, and lesser of 100% of billed charges. 100 percent of Medicaid DRG. Add-on payment, and lesser of 100% of billed charges.",91375.48,,,,,,,Case Rate,". 290 percent of Medicaid DRG. Add-on payment, and lesser of 100% of billed charges. 290 percent of Medicaid DRG. Add-on payment, and lesser of 100% of billed charges.",91375.48,,,,,,,Case Rate,". 290 percent of Medicaid DRG. Add-on payment, and lesser of 100% of billed charges. 290 percent of Medicaid DRG. Add-on payment, and lesser of 100% of billed charges.",91375.48,,,,,,,Case Rate,". 290 percent of Medicaid DRG. Add-on payment, and lesser of 100% of billed charges. 290 percent of Medicaid DRG. Add-on payment, and lesser of 100% of billed charges.",91375.48,,,,,,,Case Rate,". 290 percent of Medicaid DRG. Add-on payment, and lesser of 100% of billed charges. 290 percent of Medicaid DRG. Add-on payment, and lesser of 100% of billed charges.",,,,,,,,," ",,,,,,,,,".  ",42536.86,,,,,,,Case Rate,"135% of Medicaid EP 1 and 2, 100% of medicaid EP 3 and 4.  ",42536.86,,,,,,,Case Rate,"135% of Medicaid EP 1 and 2, 100% of medicaid EP 3 and 4.  ",31508.79,,,,,,,Case Rate,". 100 percent of Medicaid DRG. Add-on payment, and lesser of 100% of billed charges. 100 percent of Medicaid DRG. Add-on payment, and lesser of 100% of billed charges.",31508.79,,,,,,,Case Rate,". 100 percent of Medicaid DRG. Add-on payment, and lesser of 100% of billed charges. 100 percent of Medicaid DRG. Add-on payment, and lesser of 100% of billed charges.",,,,,,,,,".  ",,,,,,,,,".  ",,,,,,,,,". 100 percent of Medicare DRG. Add-on payment,  . 100 percent of Medicare DRG. Add-on payment,  .",,,,,,,,,".  ",,,,,,,,,".  ",,,,,,,,,".  ",,,,,,,,,".  ",,,,,,,,,". 100 percent of Medicare DRG. Add-on payment,  . 100 percent of Medicare DRG. Add-on payment,  .",,,,,,,,,".  ",,,,,,,,,".  ",,,,,,,,,". GMLOS + 8 Outlier per Diem $6,968.00. Add-on payment, and lesser of 100% of billed charges. GMLOS + 8 Outlier per Diem $6,968.00. Add-on payment, and lesser of 100% of billed charges.",31508.79,,,,,,,Case Rate,". 100 percent of Medicaid DRG. Add-on payment, and lesser of 100% of billed charges. 100 percent of Medicaid DRG. Add-on payment, and lesser of 100% of billed charges.",31508.79,,,,,,,Case Rate,". 100 percent of Medicaid DRG. Add-on payment, and lesser of 100% of billed charges. 100 percent of Medicaid DRG. Add-on payment, and lesser of 100% of billed charges.",70894.77,,,,,,,Case Rate,". 225 percent of Medicaid DRG. Add-on payment, and lesser of 225% of billed charges. 225 percent of Medicaid DRG. Add-on payment, and lesser of 225% of billed charges.",52190.97,,,,,,,Case Rate,". 225 percent of Medicaid DRG. Add-on payment, and lesser of 225% of billed charges. 225 percent of Medicaid DRG. Add-on payment, and lesser of 225% of billed charges.",31508.79,,,,,,,Case Rate,". 100 percent of Medicaid DRG. Add-on payment, and lesser of 100% of billed charges. 100 percent of Medicaid DRG. Add-on payment, and lesser of 100% of billed charges.",70894.77,,,,,,,Case Rate,". 225 percent of Medicaid DRG. Add-on payment, and lesser of 225% of billed charges. 225 percent of Medicaid DRG. Add-on payment, and lesser of 225% of billed charges.",70894.77,,,,,,,Case Rate,". 225 percent of Medicaid DRG. Add-on payment, and lesser of 225% of billed charges. 225 percent of Medicaid DRG. Add-on payment, and lesser of 225% of billed charges.",70894.77,,,,,,,Case Rate,". 225 percent of Medicaid DRG. Add-on payment, and lesser of 225% of billed charges. 225 percent of Medicaid DRG. Add-on payment, and lesser of 225% of billed charges.",70894.77,,,,,,,Case Rate,". 225 percent of Medicaid DRG. Add-on payment, and lesser of 225% of billed charges. 225 percent of Medicaid DRG. Add-on payment, and lesser of 225% of billed charges.",70894.77,,,,,,,Case Rate,". 225 percent of Medicaid DRG. Add-on payment, and lesser of 225% of billed charges. 225 percent of Medicaid DRG. Add-on payment, and lesser of 225% of billed charges.",70894.77,,,,,,,Case Rate,". 225 percent of Medicaid DRG. Add-on payment, and lesser of 225% of billed charges. 225 percent of Medicaid DRG. Add-on payment, and lesser of 225% of billed charges.",,,,,,,,," ",,,,,,,,," ",,,,,,,,," ",,,,,,,,,".  ",,,,,,,,," ",,,,,,,,,". 100 percent of Medicare DRG. Add-on payment,  . 100 percent of Medicare DRG. Add-on payment,  .",,,,,,,,,".  ",,,,,,,,,". 100 percent of Medicare DRG. Add-on payment,  . 100 percent of Medicare DRG. Add-on payment,  .",,,,,,,,,". 100 percent of Medicare DRG. Add-on payment,  . 100 percent of Medicare DRG. Add-on payment,  .",42536.86,,,,,,,Case Rate,"135% of Medicaid EP 1 and 2, 100% of medicaid EP 3 and 4.  ",42536.86,,,,,,,Case Rate,"135% of Medicaid EP 1 and 2, 100% of medicaid EP 3 and 4.  ",31508.79,,,,,,,Case Rate,". 100 percent of Medicaid DRG. Add-on payment, and lesser of 100% of billed charges. 100 percent of Medicaid DRG. Add-on payment, and lesser of 100% of billed charges.",31508.79,,,,,,,Case Rate,". 100 percent of Medicaid DRG. Add-on payment, and lesser of 100% of billed charges. 100 percent of Medicaid DRG. Add-on payment, and lesser of 100% of billed charges.",31508.79,,,,,,,Case Rate,". 100 percent of Medicaid DRG. Add-on payment, and lesser of 100% of billed charges. 100 percent of Medicaid DRG. Add-on payment, and lesser of 100% of billed charges.",,,,,,,,," ",,,,,,,,,". GMLOS + 8 Outlier per Diem $6,968.00. Add-on payment, and lesser of 100% of billed charges. GMLOS + 8 Outlier per Diem $6,968.00. Add-on payment, and lesser of 100% of billed charges.",,,,,,,,," ",,,,,,,,,".  ",,,,,,,,,". 100 percent of Medicare DRG. Add-on payment, . 100 percent of Medicare DRG. Add-on payment, .",,,,,,,,,". 100 percent of Medicare DRG. Add-on payment,  . 100 percent of Medicare DRG. Add-on payment,  .",,,,,,,,,". 100 percent of Medicare DRG. Add-on payment,  . 100 percent of Medicare DRG. Add-on payment,  .",,,,,,,,,". 100 percent of Medicare DRG. Add-on payment,  . 100 percent of Medicare DRG. Add-on payment,  .",,,,,,,,,". 100 percent of Medicare DRG. Add-on payment, . 100 percent of Medicare DRG. Add-on payment, .",,,,,,,,,". 100 percent of Medicare DRG. Add-on payment,  . 100 percent of Medicare DRG. Add-on payment,  .",,,,,,,,," ",70894.77,,,,,,,Case Rate,". 225 percent of Medicaid DRG. Add-on payment, and lesser of 225% of billed charges. 225 percent of Medicaid DRG. Add-on payment, and lesser of 225% of billed charges.",31508.79,,,,,,,Case Rate,". 100 percent of Medicaid DRG. Add-on payment, and lesser of 100% of billed charges. 100 percent of Medicaid DRG. Add-on payment, and lesser of 100% of billed charges.",,,,,,,,,".  ",,,,,,,,," ",,,,,,,,," ",,,,,,,,," ",,,,,,,,," ",,,,,,,,,". 100 percent of Medicare DRG. Add-on payment,  . 100 percent of Medicare DRG. Add-on payment,  .",31508.79,,,,,,,Case Rate,". 100 percent of Medicaid DRG. Add-on payment, and lesser of 100% of billed charges. 100 percent of Medicaid DRG. Add-on payment, and lesser of 100% of billed charges.",,,,,,,,,".  ",31508.79,,,,,,,Case Rate,". 100 percent of Medicaid DRG. Add-on payment, and lesser of 100% of billed charges. 100 percent of Medicaid DRG. Add-on payment, and lesser of 100% of billed charges.",,,,,,,,,". 100 percent of Medicare DRG. Add-on payment,  . 100 percent of Medicare DRG. Add-on payment,  .",31508.79,,,,,,,Case Rate,". 100 percent of Medicaid DRG. Add-on payment, and lesser of 100% of billed charges. 100 percent of Medicaid DRG. Add-on payment, and lesser of 100% of billed charges.",,,,,,,,,". 100 percent of Medicare DRG. Add-on payment,  . 100 percent of Medicare DRG. Add-on payment,  .",,,,,,,,,". 100 percent of Medicare DRG. Add-on payment,  . 100 percent of Medicare DRG. Add-on payment,  .",31508.79,,,,,,,Case Rate,". 100 percent of Medicaid DRG. Add-on payment, and lesser of 100% of billed charges. 100 percent of Medicaid DRG. Add-on payment, and lesser of 100% of billed charges.",31508.79,,,,,,,Case Rate,". 100 percent of Medicaid DRG. Add-on payment, and lesser of 100% of billed charges. 100 percent of Medicaid DRG. Add-on payment, and lesser of 100% of billed charges.",,,,,,,,," ",,,,,,,,,".  ",,73,,,,,0,Percent of total billed charges,73 percent of charges.  ; No services were performed during the 15 month look back period.,,,,,,,,,".  ",,,,,,,,,".  ",,,,,,,,,". GMLOS + 8 Outlier per Diem $6,968.00. Add-on payment, and lesser of 100% of billed charges. GMLOS + 8 Outlier per Diem $6,968.00. Add-on payment, and lesser of 100% of billed charges.",,,,,,,,,". 93 percent of Medicare DRG. Add-on payment, and lesser of 100% of billed charges. 93 percent of Medicare DRG. Add-on payment, and lesser of 100% of billed charges.",,,,,,,,," ",,,,,,,,," ",,,,,,,,,".  ",,,,,,,,,".  ",,,,,,,,,". 100 percent of Medicare DRG. Add-on payment,  . 100 percent of Medicare DRG. Add-on payment,  .",,,,,,,,,". 100 percent of Medicare DRG. Add-on payment,  . 100 percent of Medicare DRG. Add-on payment,  .",,,,,,,,,". 100 percent of Medicare DRG. Add-on payment,  . 100 percent of Medicare DRG. Add-on payment,  .",,,,,,,,,". 100 percent of Medicare DRG. Add-on payment,  . 100 percent of Medicare DRG. Add-on payment,  .",,,,,,,,,".  ",,,,,,,,,".  ",,,,,,,,,".  ",,,,,,,,,". 100 percent of Medicare DRG. Add-on payment,  . 100 percent of Medicare DRG. Add-on payment,  .",,,,,,,,,".  ",,,,,,,,," ",31508.79,,,,,,,Case Rate,". 100 percent of Medicaid DRG. Add-on payment, and lesser of 100% of billed charges. 100 percent of Medicaid DRG. Add-on payment, and lesser of 100% of billed charges.",31508.79,,,,,,,Case Rate,". 100 percent of Medicaid DRG. Add-on payment, and lesser of 100% of billed charges. 100 percent of Medicaid DRG. Add-on payment, and lesser of 100% of billed charges.",,,,,,,,," ",,,,,,,,,".  ",,,,,,,,,".  ",,,,,,,,,".  ",,,,,,,,,".  ",,,,,,,,,". 100 percent of Medicare DRG. Add-on payment, . 100 percent of Medicare DRG. Add-on payment, .",33084.23,,,,,,,Case Rate,". 105 percent of Medicaid DRG. Add-on payment, and lesser of 100% of billed charges. 105 percent of Medicaid DRG. Add-on payment, and lesser of 100% of billed charges.",33084.23,,,,,,,Case Rate,". 105 percent of Medicaid DRG. Add-on payment, and lesser of 100% of billed charges. 105 percent of Medicaid DRG. Add-on payment, and lesser of 100% of billed charges.",33084.23,,,,,,,Case Rate,". 105 percent of Medicaid DRG. Add-on payment, and lesser of 100% of billed charges. 105 percent of Medicaid DRG. Add-on payment, and lesser of 100% of billed charges.",33084.23,,,,,,,Case Rate,". 105 percent of Medicaid DRG. Add-on payment, and lesser of 100% of billed charges. 105 percent of Medicaid DRG. Add-on payment, and lesser of 100% of billed charges.",,,,,,,,,".  ",33084.23,,,,,,,Case Rate,". 105 percent of Medicaid DRG. Add-on payment, and lesser of 100% of billed charges. 105 percent of Medicaid DRG. Add-on payment, and lesser of 100% of billed charges.",33084.23,,,,,,,Case Rate,". 105 percent of Medicaid DRG. Add-on payment, and lesser of 100% of billed charges. 105 percent of Medicaid DRG. Add-on payment, and lesser of 100% of billed charges.",33084.23,,,,,,,Case Rate,". 105 percent of Medicaid DRG. Add-on payment, and lesser of 100% of billed charges. 105 percent of Medicaid DRG. Add-on payment, and lesser of 100% of billed charges.",33084.23,,,,,,,Case Rate,". 105 percent of Medicaid DRG. Add-on payment, and lesser of 100% of billed charges. 105 percent of Medicaid DRG. Add-on payment, and lesser of 100% of billed charges.",33084.23,,,,,,,Case Rate,". 105 percent of Medicaid DRG. Add-on payment, and lesser of 100% of billed charges. 105 percent of Medicaid DRG. Add-on payment, and lesser of 100% of billed charges.",33084.23,,,,,,,Case Rate,". 105 percent of Medicaid DRG. Add-on payment, and lesser of 100% of billed charges. 105 percent of Medicaid DRG. Add-on payment, and lesser of 100% of billed charges.",33084.23,,,,,,,Case Rate,". 105 percent of Medicaid DRG. Add-on payment, and lesser of 100% of billed charges. 105 percent of Medicaid DRG. Add-on payment, and lesser of 100% of billed charges.",,,,,,,,,". 100 percent of Medicare DRG. Add-on payment,  . 100 percent of Medicare DRG. Add-on payment,  .",,,,,,,,,".  ",,,,,,,,,". 100 percent of Medicare DRG. Add-on payment,  . 100 percent of Medicare DRG. Add-on payment,  .",33084.23,,,,,,,Case Rate,". 105 percent of Medicaid DRG. Add-on payment, and lesser of 100% of billed charges. 105 percent of Medicaid DRG. Add-on payment, and lesser of 100% of billed charges.",,,,,,,,,".  ",,,,,,,,,". 100 percent of Medicare DRG. Add-on payment,  . 100 percent of Medicare DRG. Add-on payment,  .",,,,,,,,,".  ",,,,,,,,,".  ",,,,,,,,,".  ",33084.23,,,,,,,Case Rate,". 105 percent of Medicaid DRG. Add-on payment, and lesser of 100% of billed charges. 105 percent of Medicaid DRG. Add-on payment, and lesser of 100% of billed charges.",,,,,,,,,". 100 percent of Medicare DRG. Add-on payment,  . 100 percent of Medicare DRG. Add-on payment,  .",,,,,,,,,".  ",33084.23,,,,,,,Case Rate,". 105 percent of Medicaid DRG. Add-on payment, and lesser of 100% of billed charges. 105 percent of Medicaid DRG. Add-on payment, and lesser of 100% of billed charges.",,,,,,,,,".  ",,,,,,,,,". Delay in Discharge per diem $4,1172 Delay in Discharge per diem $4,1172",,,,,,,,,". 100 percent of Medicare DRG. Add-on payment, . 100 percent of Medicare DRG. Add-on payment, .",,,,,,,,," ",,,,,,,,," ",,,,,,,,," ",,,,,,,,," ",,,,,,,,," ",,,,,,,,," ",,,,,,,,," ",,,,,,,,," ",,,,,,,,," ",,,,,,,,," ",,,,,,,,," ",,,,,,,,," ",,,,,,,,,". 100 percent of Medicare DRG. Add-on payment,  . 100 percent of Medicare DRG. Add-on payment,  .",,,,,,,,," ",,,,,,,,,". 100 percent of Medicare DRG. Add-on payment,  . 100 percent of Medicare DRG. Add-on payment,  .",70894.77,,,,,,,Case Rate,". 225 percent of Medicaid DRG. Add-on payment, and lesser of 225% of billed charges. 225 percent of Medicaid DRG. Add-on payment, and lesser of 225% of billed charges.",31508.79,,,,,,,Case Rate,". 100 percent of Medicaid DRG. Add-on payment, and lesser of 100% of billed charges. 100 percent of Medicaid DRG. Add-on payment, and lesser of 100% of billed charges.",,,,,,,,,".  ",,,,,,,,,".  ",,,,,,,,,". 100 percent of Medicare DRG. Add-on payment,  . 100 percent of Medicare DRG. Add-on payment,  .",,,,,,,,," ",,,,,,,,,". 100 percent of Medicare DRG. Add-on payment,  . 100 percent of Medicare DRG. Add-on payment,  .",,,,,,,,,". 100 percent of Medicare DRG. Add-on payment,  . 100 percent of Medicare DRG. Add-on payment,  .",,,,,,,,,". GMLOS + 8 Outlier per Diem $6,968.00. Add-on payment, and lesser of 100% of billed charges. GMLOS + 8 Outlier per Diem $6,968.00. Add-on payment, and lesser of 100% of billed charges.",,,,,,,,,". 100 percent of Medicare DRG. Add-on payment,  . 100 percent of Medicare DRG. Add-on payment,  .",,,,,,,,,".  ",,,,,,,,,". 100 percent of Medicare DRG. Add-on payment,  . 100 percent of Medicare DRG. Add-on payment,  .",,,,,,,,,".  ",,,,,,,,,". GMLOS + 8 Outlier per Diem $6,968.00. Add-on payment, and lesser of 100% of billed charges. GMLOS + 8 Outlier per Diem $6,968.00. Add-on payment, and lesser of 100% of billed charges.",,,,,,,,,".  ",,,,,,,,,". 100 percent of Medicare DRG. Add-on payment,  . 100 percent of Medicare DRG. Add-on payment,  .",31508.79,,,,,,,Case Rate,". 100 percent of Medicaid DRG. Add-on payment, and lesser of 100% of billed charges. 100 percent of Medicaid DRG. Add-on payment, and lesser of 100% of billed charges.",,,,,,,,,". 100 percent of Medicare DRG. Add-on payment,  . 100 percent of Medicare DRG. Add-on payment,  .",,,,,,,,,".  ",,,,,,,,,".  ",31508.79,,,,,,,Case Rate,". 100 percent of Medicaid DRG. Add-on payment, and lesser of 100% of billed charges. 100 percent of Medicaid DRG. Add-on payment, and lesser of 100% of billed charges.",,,,,,,,,".  ",31508.79,,,,,,,Case Rate,". 100 percent of Medicaid DRG. Add-on payment, and lesser of 100% of billed charges. 100 percent of Medicaid DRG. Add-on payment, and lesser of 100% of billed charges.",31508.79,,,,,,,Case Rate,". 100 percent of Medicaid DRG. Add-on payment, and lesser of 100% of billed charges. 100 percent of Medicaid DRG. Add-on payment, and lesser of 100% of billed charges.",,,,,,,,,".  ",,,,,,,,,".  ",,,,,,,,,".  ",,,,,,,,,".  ",,,,,,,,,".  ",,,,,,,,,".  ",,,,,,,,,".  ",,,,,,,,," ",,,,,,,,," ",,,,,,,,," ",31508.79,,,,,,,Case Rate,". 100 percent of Medicaid DRG. Add-on payment, and lesser of 100% of billed charges. 100 percent of Medicaid DRG. Add-on payment, and lesser of 100% of billed charges.",,,,,,,,,".  ",,,,,,,,,".  ",,,,,,,,,". GMLOS + 8 Outlier per Diem $6,968.00. Add-on payment, and lesser of 100% of billed charges. GMLOS + 8 Outlier per Diem $6,968.00. Add-on payment, and lesser of 100% of billed charges.",,,,,,,,,".  ",,,,,,,,,". GMLOS + 8 Outlier per Diem $6,968.00. Add-on payment, and lesser of 100% of billed charges. GMLOS + 8 Outlier per Diem $6,968.00. Add-on payment, and lesser of 100% of billed charges.",,,,,,,,,".  ",,,,,,,,,".  ",,,,,,,,,".  ",,,,,,,,,".  ",,,,,,,,,".  ",,,,,,,,,". 100 percent of Medicare DRG. Add-on payment,  . 100 percent of Medicare DRG. Add-on payment,  .",23195.99,91375.48,
APR343-2,DRG,,,,,APR343-2 MUSCULOSKELETAL MALIGNANCY & PATHOL FRACTURE D/T MUSCSKEL MALIG,,,Inpatient,,,,,,,,,,,,".  ",,,,,,,,,".  ",,,,,,,,,".  ",,100,,,,,0,Percent of total billed charges,100 percent of charges.  ; No services were performed during the 15 month look back period.,,,,,,,,," ",,,,,,,,,".  ",,,,,,,,,".  ",,,,,,,,,".  ",21086.17,,,,,,,Case Rate,". 155 percent of Medicaid DRG. Add-on payment, and lesser of 100% of billed charges. 155 percent of Medicaid DRG. Add-on payment, and lesser of 100% of billed charges.",13603.98,,,,,,,Case Rate,". 100 percent of Medicaid DRG. Add-on payment, and lesser of 100% of billed charges. 100 percent of Medicaid DRG. Add-on payment, and lesser of 100% of billed charges.",,73,,,,,0,Percent of total billed charges,73 percent of charges.  ; No services were performed during the 15 month look back period.,,,,,,,,,".  ",13603.98,,,,,,,Case Rate,". 100 percent of Medicaid DRG. Add-on payment, and lesser of 100% of billed charges. 100 percent of Medicaid DRG. Add-on payment, and lesser of 100% of billed charges.",,,,,,,,," ",,,,,,,,,".  ",,,,,,,,,".  ",,,,,,,,,".  ",,,,,,,,,".  ",13603.98,,,,,,,Case Rate,". 100 percent of Medicaid DRG. Add-on payment, and lesser of 100% of billed charges. 100 percent of Medicaid DRG. Add-on payment, and lesser of 100% of billed charges.",,,,,,,,," ",13603.98,,,,,,,Case Rate,". 100 percent of Medicaid DRG. Add-on payment, and lesser of 100% of billed charges. 100 percent of Medicaid DRG. Add-on payment, and lesser of 100% of billed charges.",,73,,,,,0,Percent of total billed charges,73 percent of charges.  ; No services were performed during the 15 month look back period.,,,,,,,,,".  ",,,,,,,,," ",,,,,,,,," ",,,,,,,,," ",,,,,,,,," ",,73,,,,,0,Percent of total billed charges,73 percent of charges.  ; No services were performed during the 15 month look back period.,13603.98,,,,,,,Case Rate,". 100 percent of Medicaid DRG. Add-on payment, and lesser of 100% of billed charges. 100 percent of Medicaid DRG. Add-on payment, and lesser of 100% of billed charges.",13603.98,,,,,,,Case Rate,". 100 percent of Medicaid DRG. Add-on payment, and lesser of 100% of billed charges. 100 percent of Medicaid DRG. Add-on payment, and lesser of 100% of billed charges.",13603.98,,,,,,,Case Rate,". 100 percent of Medicaid DRG. Add-on payment, and lesser of 100% of billed charges. 100 percent of Medicaid DRG. Add-on payment, and lesser of 100% of billed charges.",13603.98,,,,,,,Case Rate,". 100 percent of Medicaid DRG. Add-on payment, and lesser of 100% of billed charges. 100 percent of Medicaid DRG. Add-on payment, and lesser of 100% of billed charges.",,,,,,,,," ",,,,,,,,," ",13603.98,,,,,,,Case Rate,". 100 percent of Medicaid DRG. Add-on payment, and lesser of 100% of billed charges. 100 percent of Medicaid DRG. Add-on payment, and lesser of 100% of billed charges.",,,,,,,,," ",13603.98,,,,,,,Case Rate,". 100 percent of Medicaid DRG. Add-on payment, and lesser of 100% of billed charges. 100 percent of Medicaid DRG. Add-on payment, and lesser of 100% of billed charges.",,,,,,,,," ",,,,,,,,," ",,73,,,,,0,Percent of total billed charges,73 percent of charges.  ; No services were performed during the 15 month look back period.,13603.98,,,,,,,Case Rate,". 100 percent of Medicaid DRG. Add-on payment, and lesser of 100% of billed charges. 100 percent of Medicaid DRG. Add-on payment, and lesser of 100% of billed charges.",13603.98,,,,,,,Case Rate,". 100 percent of Medicaid DRG. Add-on payment, and lesser of 100% of billed charges. 100 percent of Medicaid DRG. Add-on payment, and lesser of 100% of billed charges.",,73,,,,,0,Percent of total billed charges,73 percent of charges.  ; No services were performed during the 15 month look back period.,,,,,,,,,".  ",,,,,,,,,".  ",,,,,,,,,".  ",,73,,,,,0,Percent of total billed charges,73 percent of charges.  ; No services were performed during the 15 month look back period.,,,,,,,,," ",,,,,,,,,".  ",,,,,,,,,".  ",,,,,,,,,".  ",,,,,,,,," ",,,,,,,,,".  ",,,,,,,,,".  ",,,,,,,,," ",,,,,,,,,".  ",,,,,,,,,".  ",,,,,,,,,".  ",,,,,,,,,".  ",,,,,,,,,".  ",,,,,,,,,".  ",,,,,,,,,".  ",,,,,,,,," ",,,,,,,,," ",,,,,,,,,".  ",,73,,,,,0,Percent of total billed charges,73 percent of charges.  ; No services were performed during the 15 month look back period.,,73,,,,,0,Percent of total billed charges,73 percent of charges.  ; No services were performed during the 15 month look back period.,,73,,,,,0,Percent of total billed charges,73 percent of charges.  ; No services were performed during the 15 month look back period.,,73,,,,,0,Percent of total billed charges,73 percent of charges.  ; No services were performed during the 15 month look back period.,,73,,,,,0,Percent of total billed charges,73 percent of charges.  ; No services were performed during the 15 month look back period.,,73,,,,,0,Percent of total billed charges,73 percent of charges.  ; No services were performed during the 15 month look back period.,,73,,,,,0,Percent of total billed charges,73 percent of charges.  ; No services were performed during the 15 month look back period.,,73,,,,,0,Percent of total billed charges,73 percent of charges.  ; No services were performed during the 15 month look back period.,,73,,,,,0,Percent of total billed charges,73 percent of charges.  ; No services were performed during the 15 month look back period.,,73,,,,,0,Percent of total billed charges,73 percent of charges.  ; No services were performed during the 15 month look back period.,,73,,,,,0,Percent of total billed charges,73 percent of charges.  ; No services were performed during the 15 month look back period.,,73,,,,,0,Percent of total billed charges,73 percent of charges.  ; No services were performed during the 15 month look back period.,,73,,,,,0,Percent of total billed charges,73 percent of charges.  ; No services were performed during the 15 month look back period.,,73,,,,,0,Percent of total billed charges,73 percent of charges.  ; No services were performed during the 15 month look back period.,,73,,,,,0,Percent of total billed charges,73 percent of charges.  ; No services were performed during the 15 month look back period.,,73,,,,,0,Percent of total billed charges,73 percent of charges.  ; No services were performed during the 15 month look back period.,,73,,,,,0,Percent of total billed charges,73 percent of charges.  ; No services were performed during the 15 month look back period.,,73,,,,,0,Percent of total billed charges,73 percent of charges.  ; No services were performed during the 15 month look back period.,,73,,,,,0,Percent of total billed charges,73 percent of charges.  ; No services were performed during the 15 month look back period.,,73,,,,,0,Percent of total billed charges,73 percent of charges.  ; No services were performed during the 15 month look back period.,,73,,,,,0,Percent of total billed charges,73 percent of charges.  ; No services were performed during the 15 month look back period.,,73,,,,,0,Percent of total billed charges,73 percent of charges.  ; No services were performed during the 15 month look back period.,,73,,,,,0,Percent of total billed charges,73 percent of charges.  ; No services were performed during the 15 month look back period.,,73,,,,,0,Percent of total billed charges,73 percent of charges.  ; No services were performed during the 15 month look back period.,,73,,,,,0,Percent of total billed charges,73 percent of charges.  ; No services were performed during the 15 month look back period.,,73,,,,,0,Percent of total billed charges,73 percent of charges.  ; No services were performed during the 15 month look back period.,,,,,,,,," ",,,,,,,,," ",,,,,,,,," ",,,,,,,,," ",,,,,,,,," ",,,,,,,,," ",,,,,,,,,".  ",,,,,,,,,".  ",,,,,,,,,".  ",,,,,,,,,".  ",,73,,,,,0,Percent of total billed charges,73 percent of charges.  ; No services were performed during the 15 month look back period.,,,,,,,,," ",,,,,,,,,".  ",,,,,,,,,".  ",,,,,,,,,".  ",,,,,,,,," ",,73,,,,,0,Percent of total billed charges,73 percent of charges.  ; No services were performed during the 15 month look back period.,13603.98,,,,,,,Case Rate,". 100 percent of Medicaid DRG. Add-on payment, and lesser of 100% of billed charges. 100 percent of Medicaid DRG. Add-on payment, and lesser of 100% of billed charges.",,,,,,,,," ",13603.98,,,,,,,Case Rate,". 100 percent of Medicaid DRG. Add-on payment, and lesser of 100% of billed charges. 100 percent of Medicaid DRG. Add-on payment, and lesser of 100% of billed charges.",,,,,,,,," ",,,,,,,,," ",,,,,,,,,".  ",,,,,,,,," ",,,,,,,,," ",13603.98,,,,,,,Case Rate,". 100 percent of Medicaid DRG. Add-on payment, and lesser of 100% of billed charges. 100 percent of Medicaid DRG. Add-on payment, and lesser of 100% of billed charges.",,,,,,,,," ",,,,,,,,," ",,,,,,,,,".  ",,,,,,,,,".  ",,,,,,,,," ",,,,,,,,,".  ",,,,,,,,,".  ",,,,,,,,,".  ",,,,,,,,," ",,,,,,,,,".  ",,,,,,,,,".  ",,,,,,,,,".  ",,,,,,,,,".  ",,73,,,,,0,Percent of total billed charges,73 percent of charges.  ; No services were performed during the 15 month look back period.,,73,,,,,0,Percent of total billed charges,73 percent of charges.  ; No services were performed during the 15 month look back period.,,73,,,,,0,Percent of total billed charges,73 percent of charges.  ; No services were performed during the 15 month look back period.,,73,,,,,0,Percent of total billed charges,73 percent of charges.  ; No services were performed during the 15 month look back period.,,73,,,,,0,Percent of total billed charges,73 percent of charges.  ; No services were performed during the 15 month look back period.,,73,,,,,0,Percent of total billed charges,73 percent of charges.  ; No services were performed during the 15 month look back period.,,73,,,,,0,Percent of total billed charges,73 percent of charges.  ; No services were performed during the 15 month look back period.,,73,,,,,0,Percent of total billed charges,73 percent of charges.  ; No services were performed during the 15 month look back period.,,73,,,,,0,Percent of total billed charges,73 percent of charges.  ; No services were performed during the 15 month look back period.,,73,,,,,0,Percent of total billed charges,73 percent of charges.  ; No services were performed during the 15 month look back period.,,73,,,,,0,Percent of total billed charges,73 percent of charges.  ; No services were performed during the 15 month look back period.,,,,,,,,," ",,,,,,,,,".  ",,,,,,,,,".  ",,,,,,,,," ",,,,,,,,,".  ",,,,,,,,,".  ",,,,,,,,,".  ",,73,,,,,0,Percent of total billed charges,73 percent of charges.  ; No services were performed during the 15 month look back period.,27207.96,,,,,,,Case Rate,". 200 percent of Medicaid DRG. Add-on payment, and lesser of 200% of billed charges. 200 percent of Medicaid DRG. Add-on payment, and lesser of 200% of billed charges.",,,,,,,,,".  ",13603.98,,,,,,,Case Rate,". 100 percent of Medicaid DRG. Add-on payment, and lesser of 100% of billed charges. 100 percent of Medicaid DRG. Add-on payment, and lesser of 100% of billed charges.",,,,,,,,," ",,,,,,,,," ",,,,,,,,," ",,,,,,,,," ",,,,,,,,," ",,,,,,,,," ",,,,,,,,,".  ",,,,,,,,,".  ",30608.95,,,,,,,Case Rate,". 225 percent of Medicaid DRG. Add-on payment, and lesser of 100% of billed charges. 225 percent of Medicaid DRG. Add-on payment, and lesser of 100% of billed charges.",30608.95,,,,,,,Case Rate,". 225 percent of Medicaid DRG. Add-on payment, and lesser of 100% of billed charges. 225 percent of Medicaid DRG. Add-on payment, and lesser of 100% of billed charges.",30608.95,,,,,,,Case Rate,". 225 percent of Medicaid DRG. Add-on payment, and lesser of 100% of billed charges. 225 percent of Medicaid DRG. Add-on payment, and lesser of 100% of billed charges.",30608.95,,,,,,,Case Rate,". 225 percent of Medicaid DRG. Add-on payment, and lesser of 100% of billed charges. 225 percent of Medicaid DRG. Add-on payment, and lesser of 100% of billed charges.",30608.95,,,,,,,Case Rate,". 225 percent of Medicaid DRG. Add-on payment, and lesser of 100% of billed charges. 225 percent of Medicaid DRG. Add-on payment, and lesser of 100% of billed charges.",,,,,,,,," ",,,,,,,,,".  ",,,,,,,,," ",,,,,,,,," ",,,,,,,,," ",,,,,,,,," ",,,,,,,,," ",,,,,,,,," ",,,,,,,,," ",,,,,,,,," ",,,,,,,,," ",,,,,,,,," ",,,,,,,,,".  ",,,,,,,,,".  ",,,,,,,,,".  ",,,,,,,,,".  ",,,,,,,,,".  ",,,,,,,,,".  ",,,,,,,,," ",,,,,,,,," ",,,,,,,,," ",,,,,,,,,".  ",,,,,,,,,".  ",,,,,,,,,".  ",,,,,,,,,".  ",,,,,,,,,".  ",,,,,,,,," ",,,,,,,,,".  ",13603.98,,,,,,,Case Rate,". 100 percent of Medicaid DRG. Add-on payment, and lesser of 100% of billed charges. 100 percent of Medicaid DRG. Add-on payment, and lesser of 100% of billed charges.",,,,,,,,," ",,,,,,,,," ",,,,,,,,," ",13603.98,,,,,,,Case Rate,". 100 percent of Medicaid DRG. Add-on payment, and lesser of 100% of billed charges. 100 percent of Medicaid DRG. Add-on payment, and lesser of 100% of billed charges.",30608.95,,,,,,,Case Rate,". 225 percent of Medicaid DRG. Add-on payment, and lesser of 225% of billed charges. 225 percent of Medicaid DRG. Add-on payment, and lesser of 225% of billed charges.",30608.95,,,,,,,Case Rate,". 225 percent of Medicaid DRG. Add-on payment, and lesser of 225% of billed charges. 225 percent of Medicaid DRG. Add-on payment, and lesser of 225% of billed charges.",30608.95,,,,,,,Case Rate,". 225 percent of Medicaid DRG. Add-on payment, and lesser of 225% of billed charges. 225 percent of Medicaid DRG. Add-on payment, and lesser of 225% of billed charges.",30608.95,,,,,,,Case Rate,". 225 percent of Medicaid DRG. Add-on payment, and lesser of 225% of billed charges. 225 percent of Medicaid DRG. Add-on payment, and lesser of 225% of billed charges.",30608.95,,,,,,,Case Rate,". 225 percent of Medicaid DRG. Add-on payment, and lesser of 225% of billed charges. 225 percent of Medicaid DRG. Add-on payment, and lesser of 225% of billed charges.",,,,,,,,," ",13603.98,,,,,,,Case Rate,". 100 percent of Medicaid DRG. Add-on payment, and lesser of 100% of billed charges. 100 percent of Medicaid DRG. Add-on payment, and lesser of 100% of billed charges.",13603.98,,,,,,,Case Rate,". 100 percent of Medicaid DRG. Add-on payment, and lesser of 100% of billed charges. 100 percent of Medicaid DRG. Add-on payment, and lesser of 100% of billed charges.",30608.95,,,,,,,Case Rate,". 225 percent of Medicaid DRG. Add-on payment, and lesser of 225% of billed charges. 225 percent of Medicaid DRG. Add-on payment, and lesser of 225% of billed charges.",30608.95,,,,,,,Case Rate,". 225 percent of Medicaid DRG. Add-on payment, and lesser of 225% of billed charges. 225 percent of Medicaid DRG. Add-on payment, and lesser of 225% of billed charges.",13603.98,,,,,,,Case Rate,". 100 percent of Medicaid DRG. Add-on payment, and lesser of 100% of billed charges. 100 percent of Medicaid DRG. Add-on payment, and lesser of 100% of billed charges.",13603.98,,,,,,,Case Rate,". 100 percent of Medicaid DRG. Add-on payment, and lesser of 100% of billed charges. 100 percent of Medicaid DRG. Add-on payment, and lesser of 100% of billed charges.",30608.95,,,,,,,Case Rate,". 225 percent of Medicaid DRG. Add-on payment, and lesser of 100% of billed charges. 225 percent of Medicaid DRG. Add-on payment, and lesser of 100% of billed charges.",,,,,,,,," ",,,,,,,,," ",,,,,,,,,".  ",,,,,,,,," ",30608.95,,,,,,,Case Rate,". 225 percent of Medicaid DRG. Add-on payment, and lesser of 225% of billed charges. 225 percent of Medicaid DRG. Add-on payment, and lesser of 225% of billed charges.",30608.95,,,,,,,Case Rate,". 225 percent of Medicaid DRG. Add-on payment, and lesser of 225% of billed charges. 225 percent of Medicaid DRG. Add-on payment, and lesser of 225% of billed charges.",13603.98,,,,,,,Case Rate,". 100 percent of Medicaid DRG. Add-on payment, and lesser of 100% of billed charges. 100 percent of Medicaid DRG. Add-on payment, and lesser of 100% of billed charges.",13603.98,,,,,,,Case Rate,". 100 percent of Medicaid DRG. Add-on payment, and lesser of 100% of billed charges. 100 percent of Medicaid DRG. Add-on payment, and lesser of 100% of billed charges.",21020.56,,,,,,,Case Rate,". 225 percent of Medicaid DRG. Add-on payment, and lesser of 225% of billed charges. 225 percent of Medicaid DRG. Add-on payment, and lesser of 225% of billed charges.",13603.98,,,,,,,Case Rate,". 100 percent of Medicaid DRG. Add-on payment, and lesser of 100% of billed charges. 100 percent of Medicaid DRG. Add-on payment, and lesser of 100% of billed charges.",39451.54,,,,,,,Case Rate,". 290 percent of Medicaid DRG. Add-on payment, and lesser of 100% of billed charges. 290 percent of Medicaid DRG. Add-on payment, and lesser of 100% of billed charges.",39451.54,,,,,,,Case Rate,". 290 percent of Medicaid DRG. Add-on payment, and lesser of 100% of billed charges. 290 percent of Medicaid DRG. Add-on payment, and lesser of 100% of billed charges.",39451.54,,,,,,,Case Rate,". 290 percent of Medicaid DRG. Add-on payment, and lesser of 100% of billed charges. 290 percent of Medicaid DRG. Add-on payment, and lesser of 100% of billed charges.",39451.54,,,,,,,Case Rate,". 290 percent of Medicaid DRG. Add-on payment, and lesser of 100% of billed charges. 290 percent of Medicaid DRG. Add-on payment, and lesser of 100% of billed charges.",,,,,,,,," ",,,,,,,,,".  ",18365.37,,,,,,,Case Rate,"135% of Medicaid EP 1 and 2, 100% of medicaid EP 3 and 4.  ",18365.37,,,,,,,Case Rate,"135% of Medicaid EP 1 and 2, 100% of medicaid EP 3 and 4.  ",13603.98,,,,,,,Case Rate,". 100 percent of Medicaid DRG. Add-on payment, and lesser of 100% of billed charges. 100 percent of Medicaid DRG. Add-on payment, and lesser of 100% of billed charges.",13603.98,,,,,,,Case Rate,". 100 percent of Medicaid DRG. Add-on payment, and lesser of 100% of billed charges. 100 percent of Medicaid DRG. Add-on payment, and lesser of 100% of billed charges.",,,,,,,,,".  ",,,,,,,,,".  ",,,,,,,,," ",,,,,,,,,".  ",,,,,,,,,".  ",,,,,,,,,".  ",,,,,,,,,".  ",,,,,,,,," ",,,,,,,,,".  ",,,,,,,,,".  ",,,,,,,,,".  ",13603.98,,,,,,,Case Rate,". 100 percent of Medicaid DRG. Add-on payment, and lesser of 100% of billed charges. 100 percent of Medicaid DRG. Add-on payment, and lesser of 100% of billed charges.",13603.98,,,,,,,Case Rate,". 100 percent of Medicaid DRG. Add-on payment, and lesser of 100% of billed charges. 100 percent of Medicaid DRG. Add-on payment, and lesser of 100% of billed charges.",30608.95,,,,,,,Case Rate,". 225 percent of Medicaid DRG. Add-on payment, and lesser of 225% of billed charges. 225 percent of Medicaid DRG. Add-on payment, and lesser of 225% of billed charges.",21020.56,,,,,,,Case Rate,". 225 percent of Medicaid DRG. Add-on payment, and lesser of 225% of billed charges. 225 percent of Medicaid DRG. Add-on payment, and lesser of 225% of billed charges.",13603.98,,,,,,,Case Rate,". 100 percent of Medicaid DRG. Add-on payment, and lesser of 100% of billed charges. 100 percent of Medicaid DRG. Add-on payment, and lesser of 100% of billed charges.",30608.95,,,,,,,Case Rate,". 225 percent of Medicaid DRG. Add-on payment, and lesser of 225% of billed charges. 225 percent of Medicaid DRG. Add-on payment, and lesser of 225% of billed charges.",30608.95,,,,,,,Case Rate,". 225 percent of Medicaid DRG. Add-on payment, and lesser of 225% of billed charges. 225 percent of Medicaid DRG. Add-on payment, and lesser of 225% of billed charges.",30608.95,,,,,,,Case Rate,". 225 percent of Medicaid DRG. Add-on payment, and lesser of 225% of billed charges. 225 percent of Medicaid DRG. Add-on payment, and lesser of 225% of billed charges.",30608.95,,,,,,,Case Rate,". 225 percent of Medicaid DRG. Add-on payment, and lesser of 225% of billed charges. 225 percent of Medicaid DRG. Add-on payment, and lesser of 225% of billed charges.",30608.95,,,,,,,Case Rate,". 225 percent of Medicaid DRG. Add-on payment, and lesser of 225% of billed charges. 225 percent of Medicaid DRG. Add-on payment, and lesser of 225% of billed charges.",30608.95,,,,,,,Case Rate,". 225 percent of Medicaid DRG. Add-on payment, and lesser of 225% of billed charges. 225 percent of Medicaid DRG. Add-on payment, and lesser of 225% of billed charges.",,,,,,,,," ",,,,,,,,," ",,,,,,,,," ",,,,,,,,,".  ",,,,,,,,," ",,,,,,,,," ",,,,,,,,,".  ",,,,,,,,," ",,,,,,,,," ",18365.37,,,,,,,Case Rate,"135% of Medicaid EP 1 and 2, 100% of medicaid EP 3 and 4.  ",18365.37,,,,,,,Case Rate,"135% of Medicaid EP 1 and 2, 100% of medicaid EP 3 and 4.  ",13603.98,,,,,,,Case Rate,". 100 percent of Medicaid DRG. Add-on payment, and lesser of 100% of billed charges. 100 percent of Medicaid DRG. Add-on payment, and lesser of 100% of billed charges.",13603.98,,,,,,,Case Rate,". 100 percent of Medicaid DRG. Add-on payment, and lesser of 100% of billed charges. 100 percent of Medicaid DRG. Add-on payment, and lesser of 100% of billed charges.",13603.98,,,,,,,Case Rate,". 100 percent of Medicaid DRG. Add-on payment, and lesser of 100% of billed charges. 100 percent of Medicaid DRG. Add-on payment, and lesser of 100% of billed charges.",,,,,,,,," ",,,,,,,,,".  ",,,,,,,,," ",,,,,,,,,".  ",,,,,,,,," ",,,,,,,,," ",,,,,,,,," ",,,,,,,,," ",,,,,,,,," ",,,,,,,,," ",,,,,,,,," ",30608.95,,,,,,,Case Rate,". 225 percent of Medicaid DRG. Add-on payment, and lesser of 225% of billed charges. 225 percent of Medicaid DRG. Add-on payment, and lesser of 225% of billed charges.",13603.98,,,,,,,Case Rate,". 100 percent of Medicaid DRG. Add-on payment, and lesser of 100% of billed charges. 100 percent of Medicaid DRG. Add-on payment, and lesser of 100% of billed charges.",,,,,,,,,".  ",,,,,,,,," ",,,,,,,,," ",,,,,,,,," ",,,,,,,,," ",,,,,,,,," ",13603.98,,,,,,,Case Rate,". 100 percent of Medicaid DRG. Add-on payment, and lesser of 100% of billed charges. 100 percent of Medicaid DRG. Add-on payment, and lesser of 100% of billed charges.",,,,,,,,,".  ",13603.98,,,,,,,Case Rate,". 100 percent of Medicaid DRG. Add-on payment, and lesser of 100% of billed charges. 100 percent of Medicaid DRG. Add-on payment, and lesser of 100% of billed charges.",,,,,,,,," ",13603.98,,,,,,,Case Rate,". 100 percent of Medicaid DRG. Add-on payment, and lesser of 100% of billed charges. 100 percent of Medicaid DRG. Add-on payment, and lesser of 100% of billed charges.",,,,,,,,," ",,,,,,,,," ",13603.98,,,,,,,Case Rate,". 100 percent of Medicaid DRG. Add-on payment, and lesser of 100% of billed charges. 100 percent of Medicaid DRG. Add-on payment, and lesser of 100% of billed charges.",13603.98,,,,,,,Case Rate,". 100 percent of Medicaid DRG. Add-on payment, and lesser of 100% of billed charges. 100 percent of Medicaid DRG. Add-on payment, and lesser of 100% of billed charges.",,,,,,,,," ",,,,,,,,,".  ",,73,,,,,0,Percent of total billed charges,73 percent of charges.  ; No services were performed during the 15 month look back period.,,,,,,,,,".  ",,,,,,,,,".  ",,,,,,,,,".  ",,,,,,,,," ",,,,,,,,," ",,,,,,,,," ",,,,,,,,,".  ",,,,,,,,,".  ",,,,,,,,," ",,,,,,,,," ",,,,,,,,," ",,,,,,,,," ",,,,,,,,,".  ",,,,,,,,,".  ",,,,,,,,,".  ",,,,,,,,," ",,,,,,,,,".  ",,,,,,,,," ",13603.98,,,,,,,Case Rate,". 100 percent of Medicaid DRG. Add-on payment, and lesser of 100% of billed charges. 100 percent of Medicaid DRG. Add-on payment, and lesser of 100% of billed charges.",13603.98,,,,,,,Case Rate,". 100 percent of Medicaid DRG. Add-on payment, and lesser of 100% of billed charges. 100 percent of Medicaid DRG. Add-on payment, and lesser of 100% of billed charges.",,,,,,,,," ",,,,,,,,,".  ",,,,,,,,,".  ",,,,,,,,,".  ",,,,,,,,,".  ",,,,,,,,," ",14284.18,,,,,,,Case Rate,". 105 percent of Medicaid DRG. Add-on payment, and lesser of 100% of billed charges. 105 percent of Medicaid DRG. Add-on payment, and lesser of 100% of billed charges.",14284.18,,,,,,,Case Rate,". 105 percent of Medicaid DRG. Add-on payment, and lesser of 100% of billed charges. 105 percent of Medicaid DRG. Add-on payment, and lesser of 100% of billed charges.",14284.18,,,,,,,Case Rate,". 105 percent of Medicaid DRG. Add-on payment, and lesser of 100% of billed charges. 105 percent of Medicaid DRG. Add-on payment, and lesser of 100% of billed charges.",14284.18,,,,,,,Case Rate,". 105 percent of Medicaid DRG. Add-on payment, and lesser of 100% of billed charges. 105 percent of Medicaid DRG. Add-on payment, and lesser of 100% of billed charges.",,,,,,,,,".  ",14284.18,,,,,,,Case Rate,". 105 percent of Medicaid DRG. Add-on payment, and lesser of 100% of billed charges. 105 percent of Medicaid DRG. Add-on payment, and lesser of 100% of billed charges.",14284.18,,,,,,,Case Rate,". 105 percent of Medicaid DRG. Add-on payment, and lesser of 100% of billed charges. 105 percent of Medicaid DRG. Add-on payment, and lesser of 100% of billed charges.",14284.18,,,,,,,Case Rate,". 105 percent of Medicaid DRG. Add-on payment, and lesser of 100% of billed charges. 105 percent of Medicaid DRG. Add-on payment, and lesser of 100% of billed charges.",14284.18,,,,,,,Case Rate,". 105 percent of Medicaid DRG. Add-on payment, and lesser of 100% of billed charges. 105 percent of Medicaid DRG. Add-on payment, and lesser of 100% of billed charges.",14284.18,,,,,,,Case Rate,". 105 percent of Medicaid DRG. Add-on payment, and lesser of 100% of billed charges. 105 percent of Medicaid DRG. Add-on payment, and lesser of 100% of billed charges.",14284.18,,,,,,,Case Rate,". 105 percent of Medicaid DRG. Add-on payment, and lesser of 100% of billed charges. 105 percent of Medicaid DRG. Add-on payment, and lesser of 100% of billed charges.",14284.18,,,,,,,Case Rate,". 105 percent of Medicaid DRG. Add-on payment, and lesser of 100% of billed charges. 105 percent of Medicaid DRG. Add-on payment, and lesser of 100% of billed charges.",,,,,,,,," ",,,,,,,,,".  ",,,,,,,,," ",14284.18,,,,,,,Case Rate,". 105 percent of Medicaid DRG. Add-on payment, and lesser of 100% of billed charges. 105 percent of Medicaid DRG. Add-on payment, and lesser of 100% of billed charges.",,,,,,,,,".  ",,,,,,,,," ",,,,,,,,,".  ",,,,,,,,,".  ",,,,,,,,,".  ",14284.18,,,,,,,Case Rate,". 105 percent of Medicaid DRG. Add-on payment, and lesser of 100% of billed charges. 105 percent of Medicaid DRG. Add-on payment, and lesser of 100% of billed charges.",,,,,,,,," ",,,,,,,,,".  ",14284.18,,,,,,,Case Rate,". 105 percent of Medicaid DRG. Add-on payment, and lesser of 100% of billed charges. 105 percent of Medicaid DRG. Add-on payment, and lesser of 100% of billed charges.",,,,,,,,,".  ",,,,,,,,,".  ",,,,,,,,," ",,,,,,,,," ",,,,,,,,," ",,,,,,,,," ",,,,,,,,," ",,,,,,,,," ",,,,,,,,," ",,,,,,,,," ",,,,,,,,," ",,,,,,,,," ",,,,,,,,," ",,,,,,,,," ",,,,,,,,," ",,,,,,,,," ",,,,,,,,," ",,,,,,,,," ",30608.95,,,,,,,Case Rate,". 225 percent of Medicaid DRG. Add-on payment, and lesser of 225% of billed charges. 225 percent of Medicaid DRG. Add-on payment, and lesser of 225% of billed charges.",13603.98,,,,,,,Case Rate,". 100 percent of Medicaid DRG. Add-on payment, and lesser of 100% of billed charges. 100 percent of Medicaid DRG. Add-on payment, and lesser of 100% of billed charges.",,,,,,,,,".  ",,,,,,,,,".  ",,,,,,,,," ",,,,,,,,," ",,,,,,,,," ",,,,,,,,," ",,,,,,,,,".  ",,,,,,,,," ",,,,,,,,,".  ",,,,,,,,," ",,,,,,,,,".  ",,,,,,,,,".  ",,,,,,,,,".  ",,,,,,,,," ",13603.98,,,,,,,Case Rate,". 100 percent of Medicaid DRG. Add-on payment, and lesser of 100% of billed charges. 100 percent of Medicaid DRG. Add-on payment, and lesser of 100% of billed charges.",,,,,,,,," ",,,,,,,,,".  ",,,,,,,,,".  ",13603.98,,,,,,,Case Rate,". 100 percent of Medicaid DRG. Add-on payment, and lesser of 100% of billed charges. 100 percent of Medicaid DRG. Add-on payment, and lesser of 100% of billed charges.",,,,,,,,,".  ",13603.98,,,,,,,Case Rate,". 100 percent of Medicaid DRG. Add-on payment, and lesser of 100% of billed charges. 100 percent of Medicaid DRG. Add-on payment, and lesser of 100% of billed charges.",13603.98,,,,,,,Case Rate,". 100 percent of Medicaid DRG. Add-on payment, and lesser of 100% of billed charges. 100 percent of Medicaid DRG. Add-on payment, and lesser of 100% of billed charges.",,,,,,,,,".  ",,,,,,,,,".  ",,,,,,,,,".  ",,,,,,,,,".  ",,,,,,,,,".  ",,,,,,,,,".  ",,,,,,,,,".  ",,,,,,,,," ",,,,,,,,," ",,,,,,,,," ",13603.98,,,,,,,Case Rate,". 100 percent of Medicaid DRG. Add-on payment, and lesser of 100% of billed charges. 100 percent of Medicaid DRG. Add-on payment, and lesser of 100% of billed charges.",,,,,,,,,".  ",,,,,,,,,".  ",,,,,,,,,".  ",,,,,,,,,".  ",,,,,,,,,".  ",,,,,,,,,".  ",,,,,,,,,".  ",,,,,,,,,".  ",,,,,,,,,".  ",,,,,,,,,".  ",,,,,,,,," ",9342.47,39451.54,
APR362-1,DRG,,,,,APR362-1 MASTECTOMY PROCEDURES,,,Inpatient,,,,,,,,,,,,".  ",,,,,,,,,".  ",,,,,,,,,".  ",,100,,,,,0,Percent of total billed charges,100 percent of charges.  ; No services were performed during the 15 month look back period.,,,,,,,,," ",,,,,,,,,".  ",,,,,,,,,".  ",,,,,,,,,".  ",26898.29,,,,,,,Case Rate,". 155 percent of Medicaid DRG. Add-on payment, and lesser of 100% of billed charges. 155 percent of Medicaid DRG. Add-on payment, and lesser of 100% of billed charges.",17353.74,,,,,,,Case Rate,". 100 percent of Medicaid DRG. Add-on payment, and lesser of 100% of billed charges. 100 percent of Medicaid DRG. Add-on payment, and lesser of 100% of billed charges.",,73,,,,,0,Percent of total billed charges,73 percent of charges.  ; No services were performed during the 15 month look back period.,,,,,,,,,".  ",17353.74,,,,,,,Case Rate,". 100 percent of Medicaid DRG. Add-on payment, and lesser of 100% of billed charges. 100 percent of Medicaid DRG. Add-on payment, and lesser of 100% of billed charges.",,,,,,,,," ",,,,,,,,,".  ",,,,,,,,,".  ",,,,,,,,,".  ",,,,,,,,,".  ",17353.74,,,,,,,Case Rate,". 100 percent of Medicaid DRG. Add-on payment, and lesser of 100% of billed charges. 100 percent of Medicaid DRG. Add-on payment, and lesser of 100% of billed charges.",,,,,,,,," ",17353.74,,,,,,,Case Rate,". 100 percent of Medicaid DRG. Add-on payment, and lesser of 100% of billed charges. 100 percent of Medicaid DRG. Add-on payment, and lesser of 100% of billed charges.",,73,,,,,0,Percent of total billed charges,73 percent of charges.  ; No services were performed during the 15 month look back period.,,,,,,,,,".  ",,,,,,,,," ",,,,,,,,," ",,,,,,,,," ",,,,,,,,," ",,73,,,,,0,Percent of total billed charges,73 percent of charges.  ; No services were performed during the 15 month look back period.,17353.74,,,,,,,Case Rate,". 100 percent of Medicaid DRG. Add-on payment, and lesser of 100% of billed charges. 100 percent of Medicaid DRG. Add-on payment, and lesser of 100% of billed charges.",17353.74,,,,,,,Case Rate,". 100 percent of Medicaid DRG. Add-on payment, and lesser of 100% of billed charges. 100 percent of Medicaid DRG. Add-on payment, and lesser of 100% of billed charges.",17353.74,,,,,,,Case Rate,". 100 percent of Medicaid DRG. Add-on payment, and lesser of 100% of billed charges. 100 percent of Medicaid DRG. Add-on payment, and lesser of 100% of billed charges.",17353.74,,,,,,,Case Rate,". 100 percent of Medicaid DRG. Add-on payment, and lesser of 100% of billed charges. 100 percent of Medicaid DRG. Add-on payment, and lesser of 100% of billed charges.",,,,,,,,," ",,,,,,,,," ",17353.74,,,,,,,Case Rate,". 100 percent of Medicaid DRG. Add-on payment, and lesser of 100% of billed charges. 100 percent of Medicaid DRG. Add-on payment, and lesser of 100% of billed charges.",,,,,,,,," ",17353.74,,,,,,,Case Rate,". 100 percent of Medicaid DRG. Add-on payment, and lesser of 100% of billed charges. 100 percent of Medicaid DRG. Add-on payment, and lesser of 100% of billed charges.",,,,,,,,," ",,,,,,,,," ",,73,,,,,0,Percent of total billed charges,73 percent of charges.  ; No services were performed during the 15 month look back period.,17353.74,,,,,,,Case Rate,". 100 percent of Medicaid DRG. Add-on payment, and lesser of 100% of billed charges. 100 percent of Medicaid DRG. Add-on payment, and lesser of 100% of billed charges.",17353.74,,,,,,,Case Rate,". 100 percent of Medicaid DRG. Add-on payment, and lesser of 100% of billed charges. 100 percent of Medicaid DRG. Add-on payment, and lesser of 100% of billed charges.",,73,,,,,0,Percent of total billed charges,73 percent of charges.  ; No services were performed during the 15 month look back period.,,,,,,,,,".  ",,,,,,,,,".  ",,,,,,,,,".  ",,73,,,,,0,Percent of total billed charges,73 percent of charges.  ; No services were performed during the 15 month look back period.,,,,,,,,," ",,,,,,,,,".  ",,,,,,,,,".  ",,,,,,,,,".  ",,,,,,,,," ",,,,,,,,,".  ",,,,,,,,,".  ",,,,,,,,," ",,,,,,,,,".  ",,,,,,,,,".  ",,,,,,,,,".  ",,,,,,,,,".  ",,,,,,,,,".  ",,,,,,,,,".  ",,,,,,,,,".  ",,,,,,,,," ",,,,,,,,," ",,,,,,,,,".  ",,73,,,,,0,Percent of total billed charges,73 percent of charges.  ; No services were performed during the 15 month look back period.,,73,,,,,0,Percent of total billed charges,73 percent of charges.  ; No services were performed during the 15 month look back period.,,73,,,,,0,Percent of total billed charges,73 percent of charges.  ; No services were performed during the 15 month look back period.,,73,,,,,0,Percent of total billed charges,73 percent of charges.  ; No services were performed during the 15 month look back period.,,73,,,,,0,Percent of total billed charges,73 percent of charges.  ; No services were performed during the 15 month look back period.,,73,,,,,0,Percent of total billed charges,73 percent of charges.  ; No services were performed during the 15 month look back period.,,73,,,,,0,Percent of total billed charges,73 percent of charges.  ; No services were performed during the 15 month look back period.,,73,,,,,0,Percent of total billed charges,73 percent of charges.  ; No services were performed during the 15 month look back period.,,73,,,,,0,Percent of total billed charges,73 percent of charges.  ; No services were performed during the 15 month look back period.,,73,,,,,0,Percent of total billed charges,73 percent of charges.  ; No services were performed during the 15 month look back period.,,73,,,,,0,Percent of total billed charges,73 percent of charges.  ; No services were performed during the 15 month look back period.,,73,,,,,0,Percent of total billed charges,73 percent of charges.  ; No services were performed during the 15 month look back period.,,73,,,,,0,Percent of total billed charges,73 percent of charges.  ; No services were performed during the 15 month look back period.,,73,,,,,0,Percent of total billed charges,73 percent of charges.  ; No services were performed during the 15 month look back period.,,73,,,,,0,Percent of total billed charges,73 percent of charges.  ; No services were performed during the 15 month look back period.,,73,,,,,0,Percent of total billed charges,73 percent of charges.  ; No services were performed during the 15 month look back period.,,73,,,,,0,Percent of total billed charges,73 percent of charges.  ; No services were performed during the 15 month look back period.,,73,,,,,0,Percent of total billed charges,73 percent of charges.  ; No services were performed during the 15 month look back period.,,73,,,,,0,Percent of total billed charges,73 percent of charges.  ; No services were performed during the 15 month look back period.,,73,,,,,0,Percent of total billed charges,73 percent of charges.  ; No services were performed during the 15 month look back period.,,73,,,,,0,Percent of total billed charges,73 percent of charges.  ; No services were performed during the 15 month look back period.,,73,,,,,0,Percent of total billed charges,73 percent of charges.  ; No services were performed during the 15 month look back period.,,73,,,,,0,Percent of total billed charges,73 percent of charges.  ; No services were performed during the 15 month look back period.,,73,,,,,0,Percent of total billed charges,73 percent of charges.  ; No services were performed during the 15 month look back period.,,73,,,,,0,Percent of total billed charges,73 percent of charges.  ; No services were performed during the 15 month look back period.,,73,,,,,0,Percent of total billed charges,73 percent of charges.  ; No services were performed during the 15 month look back period.,,,,,,,,," ",,,,,,,,," ",,,,,,,,," ",,,,,,,,," ",,,,,,,,," ",,,,,,,,," ",,,,,,,,,".  ",,,,,,,,,".  ",,,,,,,,,".  ",,,,,,,,,".  ",,73,,,,,0,Percent of total billed charges,73 percent of charges.  ; No services were performed during the 15 month look back period.,,,,,,,,," ",,,,,,,,,".  ",,,,,,,,,".  ",,,,,,,,,".  ",,,,,,,,," ",,73,,,,,0,Percent of total billed charges,73 percent of charges.  ; No services were performed during the 15 month look back period.,17353.74,,,,,,,Case Rate,". 100 percent of Medicaid DRG. Add-on payment, and lesser of 100% of billed charges. 100 percent of Medicaid DRG. Add-on payment, and lesser of 100% of billed charges.",,,,,,,,," ",17353.74,,,,,,,Case Rate,". 100 percent of Medicaid DRG. Add-on payment, and lesser of 100% of billed charges. 100 percent of Medicaid DRG. Add-on payment, and lesser of 100% of billed charges.",,,,,,,,," ",,,,,,,,," ",,,,,,,,,".  ",,,,,,,,," ",,,,,,,,," ",17353.74,,,,,,,Case Rate,". 100 percent of Medicaid DRG. Add-on payment, and lesser of 100% of billed charges. 100 percent of Medicaid DRG. Add-on payment, and lesser of 100% of billed charges.",,,,,,,,," ",,,,,,,,," ",,,,,,,,,".  ",,,,,,,,,".  ",,,,,,,,," ",,,,,,,,,".  ",,,,,,,,,".  ",,,,,,,,,".  ",,,,,,,,," ",,,,,,,,,".  ",,,,,,,,,".  ",,,,,,,,,".  ",,,,,,,,,".  ",,73,,,,,0,Percent of total billed charges,73 percent of charges.  ; No services were performed during the 15 month look back period.,,73,,,,,0,Percent of total billed charges,73 percent of charges.  ; No services were performed during the 15 month look back period.,,73,,,,,0,Percent of total billed charges,73 percent of charges.  ; No services were performed during the 15 month look back period.,,73,,,,,0,Percent of total billed charges,73 percent of charges.  ; No services were performed during the 15 month look back period.,,73,,,,,0,Percent of total billed charges,73 percent of charges.  ; No services were performed during the 15 month look back period.,,73,,,,,0,Percent of total billed charges,73 percent of charges.  ; No services were performed during the 15 month look back period.,,73,,,,,0,Percent of total billed charges,73 percent of charges.  ; No services were performed during the 15 month look back period.,,73,,,,,0,Percent of total billed charges,73 percent of charges.  ; No services were performed during the 15 month look back period.,,73,,,,,0,Percent of total billed charges,73 percent of charges.  ; No services were performed during the 15 month look back period.,,73,,,,,0,Percent of total billed charges,73 percent of charges.  ; No services were performed during the 15 month look back period.,,73,,,,,0,Percent of total billed charges,73 percent of charges.  ; No services were performed during the 15 month look back period.,,,,,,,,," ",,,,,,,,,".  ",,,,,,,,,".  ",,,,,,,,," ",,,,,,,,,".  ",,,,,,,,,".  ",,,,,,,,,".  ",,73,,,,,0,Percent of total billed charges,73 percent of charges.  ; No services were performed during the 15 month look back period.,34707.47,,,,,,,Case Rate,". 200 percent of Medicaid DRG. Add-on payment, and lesser of 200% of billed charges. 200 percent of Medicaid DRG. Add-on payment, and lesser of 200% of billed charges.",,,,,,,,,".  ",17353.74,,,,,,,Case Rate,". 100 percent of Medicaid DRG. Add-on payment, and lesser of 100% of billed charges. 100 percent of Medicaid DRG. Add-on payment, and lesser of 100% of billed charges.",,,,,,,,," ",,,,,,,,," ",,,,,,,,," ",,,,,,,,," ",,,,,,,,," ",,,,,,,,," ",,,,,,,,,".  ",,,,,,,,,".  ",39045.9,,,,,,,Case Rate,". 225 percent of Medicaid DRG. Add-on payment, and lesser of 100% of billed charges. 225 percent of Medicaid DRG. Add-on payment, and lesser of 100% of billed charges.",39045.9,,,,,,,Case Rate,". 225 percent of Medicaid DRG. Add-on payment, and lesser of 100% of billed charges. 225 percent of Medicaid DRG. Add-on payment, and lesser of 100% of billed charges.",39045.9,,,,,,,Case Rate,". 225 percent of Medicaid DRG. Add-on payment, and lesser of 100% of billed charges. 225 percent of Medicaid DRG. Add-on payment, and lesser of 100% of billed charges.",39045.9,,,,,,,Case Rate,". 225 percent of Medicaid DRG. Add-on payment, and lesser of 100% of billed charges. 225 percent of Medicaid DRG. Add-on payment, and lesser of 100% of billed charges.",39045.9,,,,,,,Case Rate,". 225 percent of Medicaid DRG. Add-on payment, and lesser of 100% of billed charges. 225 percent of Medicaid DRG. Add-on payment, and lesser of 100% of billed charges.",,,,,,,,," ",,,,,,,,,".  ",,,,,,,,," ",,,,,,,,," ",,,,,,,,," ",,,,,,,,," ",,,,,,,,," ",,,,,,,,," ",,,,,,,,," ",,,,,,,,," ",,,,,,,,," ",,,,,,,,," ",,,,,,,,,".  ",,,,,,,,,".  ",,,,,,,,,".  ",,,,,,,,,".  ",,,,,,,,,".  ",,,,,,,,,".  ",,,,,,,,," ",,,,,,,,," ",,,,,,,,," ",,,,,,,,,".  ",,,,,,,,,".  ",,,,,,,,,".  ",,,,,,,,,".  ",,,,,,,,,".  ",,,,,,,,," ",,,,,,,,,".  ",17353.74,,,,,,,Case Rate,". 100 percent of Medicaid DRG. Add-on payment, and lesser of 100% of billed charges. 100 percent of Medicaid DRG. Add-on payment, and lesser of 100% of billed charges.",,,,,,,,," ",,,,,,,,," ",,,,,,,,," ",17353.74,,,,,,,Case Rate,". 100 percent of Medicaid DRG. Add-on payment, and lesser of 100% of billed charges. 100 percent of Medicaid DRG. Add-on payment, and lesser of 100% of billed charges.",39045.9,,,,,,,Case Rate,". 225 percent of Medicaid DRG. Add-on payment, and lesser of 225% of billed charges. 225 percent of Medicaid DRG. Add-on payment, and lesser of 225% of billed charges.",39045.9,,,,,,,Case Rate,". 225 percent of Medicaid DRG. Add-on payment, and lesser of 225% of billed charges. 225 percent of Medicaid DRG. Add-on payment, and lesser of 225% of billed charges.",39045.9,,,,,,,Case Rate,". 225 percent of Medicaid DRG. Add-on payment, and lesser of 225% of billed charges. 225 percent of Medicaid DRG. Add-on payment, and lesser of 225% of billed charges.",39045.9,,,,,,,Case Rate,". 225 percent of Medicaid DRG. Add-on payment, and lesser of 225% of billed charges. 225 percent of Medicaid DRG. Add-on payment, and lesser of 225% of billed charges.",39045.9,,,,,,,Case Rate,". 225 percent of Medicaid DRG. Add-on payment, and lesser of 225% of billed charges. 225 percent of Medicaid DRG. Add-on payment, and lesser of 225% of billed charges.",,,,,,,,," ",17353.74,,,,,,,Case Rate,". 100 percent of Medicaid DRG. Add-on payment, and lesser of 100% of billed charges. 100 percent of Medicaid DRG. Add-on payment, and lesser of 100% of billed charges.",17353.74,,,,,,,Case Rate,". 100 percent of Medicaid DRG. Add-on payment, and lesser of 100% of billed charges. 100 percent of Medicaid DRG. Add-on payment, and lesser of 100% of billed charges.",39045.9,,,,,,,Case Rate,". 225 percent of Medicaid DRG. Add-on payment, and lesser of 225% of billed charges. 225 percent of Medicaid DRG. Add-on payment, and lesser of 225% of billed charges.",39045.9,,,,,,,Case Rate,". 225 percent of Medicaid DRG. Add-on payment, and lesser of 225% of billed charges. 225 percent of Medicaid DRG. Add-on payment, and lesser of 225% of billed charges.",17353.74,,,,,,,Case Rate,". 100 percent of Medicaid DRG. Add-on payment, and lesser of 100% of billed charges. 100 percent of Medicaid DRG. Add-on payment, and lesser of 100% of billed charges.",17353.74,,,,,,,Case Rate,". 100 percent of Medicaid DRG. Add-on payment, and lesser of 100% of billed charges. 100 percent of Medicaid DRG. Add-on payment, and lesser of 100% of billed charges.",39045.9,,,,,,,Case Rate,". 225 percent of Medicaid DRG. Add-on payment, and lesser of 100% of billed charges. 225 percent of Medicaid DRG. Add-on payment, and lesser of 100% of billed charges.",,,,,,,,," ",,,,,,,,," ",,,,,,,,,".  ",,,,,,,,," ",39045.9,,,,,,,Case Rate,". 225 percent of Medicaid DRG. Add-on payment, and lesser of 225% of billed charges. 225 percent of Medicaid DRG. Add-on payment, and lesser of 225% of billed charges.",39045.9,,,,,,,Case Rate,". 225 percent of Medicaid DRG. Add-on payment, and lesser of 225% of billed charges. 225 percent of Medicaid DRG. Add-on payment, and lesser of 225% of billed charges.",17353.74,,,,,,,Case Rate,". 100 percent of Medicaid DRG. Add-on payment, and lesser of 100% of billed charges. 100 percent of Medicaid DRG. Add-on payment, and lesser of 100% of billed charges.",17353.74,,,,,,,Case Rate,". 100 percent of Medicaid DRG. Add-on payment, and lesser of 100% of billed charges. 100 percent of Medicaid DRG. Add-on payment, and lesser of 100% of billed charges.",27548.5,,,,,,,Case Rate,". 225 percent of Medicaid DRG. Add-on payment, and lesser of 225% of billed charges. 225 percent of Medicaid DRG. Add-on payment, and lesser of 225% of billed charges.",17353.74,,,,,,,Case Rate,". 100 percent of Medicaid DRG. Add-on payment, and lesser of 100% of billed charges. 100 percent of Medicaid DRG. Add-on payment, and lesser of 100% of billed charges.",50325.83,,,,,,,Case Rate,". 290 percent of Medicaid DRG. Add-on payment, and lesser of 100% of billed charges. 290 percent of Medicaid DRG. Add-on payment, and lesser of 100% of billed charges.",50325.83,,,,,,,Case Rate,". 290 percent of Medicaid DRG. Add-on payment, and lesser of 100% of billed charges. 290 percent of Medicaid DRG. Add-on payment, and lesser of 100% of billed charges.",50325.83,,,,,,,Case Rate,". 290 percent of Medicaid DRG. Add-on payment, and lesser of 100% of billed charges. 290 percent of Medicaid DRG. Add-on payment, and lesser of 100% of billed charges.",50325.83,,,,,,,Case Rate,". 290 percent of Medicaid DRG. Add-on payment, and lesser of 100% of billed charges. 290 percent of Medicaid DRG. Add-on payment, and lesser of 100% of billed charges.",,,,,,,,," ",,,,,,,,,".  ",23427.54,,,,,,,Case Rate,"135% of Medicaid EP 1 and 2, 100% of medicaid EP 3 and 4.  ",23427.54,,,,,,,Case Rate,"135% of Medicaid EP 1 and 2, 100% of medicaid EP 3 and 4.  ",17353.74,,,,,,,Case Rate,". 100 percent of Medicaid DRG. Add-on payment, and lesser of 100% of billed charges. 100 percent of Medicaid DRG. Add-on payment, and lesser of 100% of billed charges.",17353.74,,,,,,,Case Rate,". 100 percent of Medicaid DRG. Add-on payment, and lesser of 100% of billed charges. 100 percent of Medicaid DRG. Add-on payment, and lesser of 100% of billed charges.",,,,,,,,,".  ",,,,,,,,,".  ",,,,,,,,," ",,,,,,,,,".  ",,,,,,,,,".  ",,,,,,,,,".  ",,,,,,,,,".  ",,,,,,,,," ",,,,,,,,,".  ",,,,,,,,,".  ",,,,,,,,,".  ",17353.74,,,,,,,Case Rate,". 100 percent of Medicaid DRG. Add-on payment, and lesser of 100% of billed charges. 100 percent of Medicaid DRG. Add-on payment, and lesser of 100% of billed charges.",17353.74,,,,,,,Case Rate,". 100 percent of Medicaid DRG. Add-on payment, and lesser of 100% of billed charges. 100 percent of Medicaid DRG. Add-on payment, and lesser of 100% of billed charges.",39045.9,,,,,,,Case Rate,". 225 percent of Medicaid DRG. Add-on payment, and lesser of 225% of billed charges. 225 percent of Medicaid DRG. Add-on payment, and lesser of 225% of billed charges.",27548.5,,,,,,,Case Rate,". 225 percent of Medicaid DRG. Add-on payment, and lesser of 225% of billed charges. 225 percent of Medicaid DRG. Add-on payment, and lesser of 225% of billed charges.",17353.74,,,,,,,Case Rate,". 100 percent of Medicaid DRG. Add-on payment, and lesser of 100% of billed charges. 100 percent of Medicaid DRG. Add-on payment, and lesser of 100% of billed charges.",39045.9,,,,,,,Case Rate,". 225 percent of Medicaid DRG. Add-on payment, and lesser of 225% of billed charges. 225 percent of Medicaid DRG. Add-on payment, and lesser of 225% of billed charges.",39045.9,,,,,,,Case Rate,". 225 percent of Medicaid DRG. Add-on payment, and lesser of 225% of billed charges. 225 percent of Medicaid DRG. Add-on payment, and lesser of 225% of billed charges.",39045.9,,,,,,,Case Rate,". 225 percent of Medicaid DRG. Add-on payment, and lesser of 225% of billed charges. 225 percent of Medicaid DRG. Add-on payment, and lesser of 225% of billed charges.",39045.9,,,,,,,Case Rate,". 225 percent of Medicaid DRG. Add-on payment, and lesser of 225% of billed charges. 225 percent of Medicaid DRG. Add-on payment, and lesser of 225% of billed charges.",39045.9,,,,,,,Case Rate,". 225 percent of Medicaid DRG. Add-on payment, and lesser of 225% of billed charges. 225 percent of Medicaid DRG. Add-on payment, and lesser of 225% of billed charges.",39045.9,,,,,,,Case Rate,". 225 percent of Medicaid DRG. Add-on payment, and lesser of 225% of billed charges. 225 percent of Medicaid DRG. Add-on payment, and lesser of 225% of billed charges.",,,,,,,,," ",,,,,,,,," ",,,,,,,,," ",,,,,,,,,".  ",,,,,,,,," ",,,,,,,,," ",,,,,,,,,".  ",,,,,,,,," ",,,,,,,,," ",23427.54,,,,,,,Case Rate,"135% of Medicaid EP 1 and 2, 100% of medicaid EP 3 and 4.  ",23427.54,,,,,,,Case Rate,"135% of Medicaid EP 1 and 2, 100% of medicaid EP 3 and 4.  ",17353.74,,,,,,,Case Rate,". 100 percent of Medicaid DRG. Add-on payment, and lesser of 100% of billed charges. 100 percent of Medicaid DRG. Add-on payment, and lesser of 100% of billed charges.",17353.74,,,,,,,Case Rate,". 100 percent of Medicaid DRG. Add-on payment, and lesser of 100% of billed charges. 100 percent of Medicaid DRG. Add-on payment, and lesser of 100% of billed charges.",17353.74,,,,,,,Case Rate,". 100 percent of Medicaid DRG. Add-on payment, and lesser of 100% of billed charges. 100 percent of Medicaid DRG. Add-on payment, and lesser of 100% of billed charges.",,,,,,,,," ",,,,,,,,,".  ",,,,,,,,," ",,,,,,,,,".  ",,,,,,,,," ",,,,,,,,," ",,,,,,,,," ",,,,,,,,," ",,,,,,,,," ",,,,,,,,," ",,,,,,,,," ",39045.9,,,,,,,Case Rate,". 225 percent of Medicaid DRG. Add-on payment, and lesser of 225% of billed charges. 225 percent of Medicaid DRG. Add-on payment, and lesser of 225% of billed charges.",17353.74,,,,,,,Case Rate,". 100 percent of Medicaid DRG. Add-on payment, and lesser of 100% of billed charges. 100 percent of Medicaid DRG. Add-on payment, and lesser of 100% of billed charges.",,,,,,,,,".  ",,,,,,,,," ",,,,,,,,," ",,,,,,,,," ",,,,,,,,," ",,,,,,,,," ",17353.74,,,,,,,Case Rate,". 100 percent of Medicaid DRG. Add-on payment, and lesser of 100% of billed charges. 100 percent of Medicaid DRG. Add-on payment, and lesser of 100% of billed charges.",,,,,,,,,".  ",17353.74,,,,,,,Case Rate,". 100 percent of Medicaid DRG. Add-on payment, and lesser of 100% of billed charges. 100 percent of Medicaid DRG. Add-on payment, and lesser of 100% of billed charges.",,,,,,,,," ",17353.74,,,,,,,Case Rate,". 100 percent of Medicaid DRG. Add-on payment, and lesser of 100% of billed charges. 100 percent of Medicaid DRG. Add-on payment, and lesser of 100% of billed charges.",,,,,,,,," ",,,,,,,,," ",17353.74,,,,,,,Case Rate,". 100 percent of Medicaid DRG. Add-on payment, and lesser of 100% of billed charges. 100 percent of Medicaid DRG. Add-on payment, and lesser of 100% of billed charges.",17353.74,,,,,,,Case Rate,". 100 percent of Medicaid DRG. Add-on payment, and lesser of 100% of billed charges. 100 percent of Medicaid DRG. Add-on payment, and lesser of 100% of billed charges.",,,,,,,,," ",,,,,,,,,".  ",,73,,,,,0,Percent of total billed charges,73 percent of charges.  ; No services were performed during the 15 month look back period.,,,,,,,,,".  ",,,,,,,,,".  ",,,,,,,,,".  ",,,,,,,,," ",,,,,,,,," ",,,,,,,,," ",,,,,,,,,".  ",,,,,,,,,".  ",,,,,,,,," ",,,,,,,,," ",,,,,,,,," ",,,,,,,,," ",,,,,,,,,".  ",,,,,,,,,".  ",,,,,,,,,".  ",,,,,,,,," ",,,,,,,,,".  ",,,,,,,,," ",17353.74,,,,,,,Case Rate,". 100 percent of Medicaid DRG. Add-on payment, and lesser of 100% of billed charges. 100 percent of Medicaid DRG. Add-on payment, and lesser of 100% of billed charges.",17353.74,,,,,,,Case Rate,". 100 percent of Medicaid DRG. Add-on payment, and lesser of 100% of billed charges. 100 percent of Medicaid DRG. Add-on payment, and lesser of 100% of billed charges.",,,,,,,,," ",,,,,,,,,".  ",,,,,,,,,".  ",,,,,,,,,".  ",,,,,,,,,".  ",,,,,,,,," ",18221.42,,,,,,,Case Rate,". 105 percent of Medicaid DRG. Add-on payment, and lesser of 100% of billed charges. 105 percent of Medicaid DRG. Add-on payment, and lesser of 100% of billed charges.",18221.42,,,,,,,Case Rate,". 105 percent of Medicaid DRG. Add-on payment, and lesser of 100% of billed charges. 105 percent of Medicaid DRG. Add-on payment, and lesser of 100% of billed charges.",18221.42,,,,,,,Case Rate,". 105 percent of Medicaid DRG. Add-on payment, and lesser of 100% of billed charges. 105 percent of Medicaid DRG. Add-on payment, and lesser of 100% of billed charges.",18221.42,,,,,,,Case Rate,". 105 percent of Medicaid DRG. Add-on payment, and lesser of 100% of billed charges. 105 percent of Medicaid DRG. Add-on payment, and lesser of 100% of billed charges.",,,,,,,,,".  ",18221.42,,,,,,,Case Rate,". 105 percent of Medicaid DRG. Add-on payment, and lesser of 100% of billed charges. 105 percent of Medicaid DRG. Add-on payment, and lesser of 100% of billed charges.",18221.42,,,,,,,Case Rate,". 105 percent of Medicaid DRG. Add-on payment, and lesser of 100% of billed charges. 105 percent of Medicaid DRG. Add-on payment, and lesser of 100% of billed charges.",18221.42,,,,,,,Case Rate,". 105 percent of Medicaid DRG. Add-on payment, and lesser of 100% of billed charges. 105 percent of Medicaid DRG. Add-on payment, and lesser of 100% of billed charges.",18221.42,,,,,,,Case Rate,". 105 percent of Medicaid DRG. Add-on payment, and lesser of 100% of billed charges. 105 percent of Medicaid DRG. Add-on payment, and lesser of 100% of billed charges.",18221.42,,,,,,,Case Rate,". 105 percent of Medicaid DRG. Add-on payment, and lesser of 100% of billed charges. 105 percent of Medicaid DRG. Add-on payment, and lesser of 100% of billed charges.",18221.42,,,,,,,Case Rate,". 105 percent of Medicaid DRG. Add-on payment, and lesser of 100% of billed charges. 105 percent of Medicaid DRG. Add-on payment, and lesser of 100% of billed charges.",18221.42,,,,,,,Case Rate,". 105 percent of Medicaid DRG. Add-on payment, and lesser of 100% of billed charges. 105 percent of Medicaid DRG. Add-on payment, and lesser of 100% of billed charges.",,,,,,,,," ",,,,,,,,,".  ",,,,,,,,," ",18221.42,,,,,,,Case Rate,". 105 percent of Medicaid DRG. Add-on payment, and lesser of 100% of billed charges. 105 percent of Medicaid DRG. Add-on payment, and lesser of 100% of billed charges.",,,,,,,,,".  ",,,,,,,,," ",,,,,,,,,".  ",,,,,,,,,".  ",,,,,,,,,".  ",18221.42,,,,,,,Case Rate,". 105 percent of Medicaid DRG. Add-on payment, and lesser of 100% of billed charges. 105 percent of Medicaid DRG. Add-on payment, and lesser of 100% of billed charges.",,,,,,,,," ",,,,,,,,,".  ",18221.42,,,,,,,Case Rate,". 105 percent of Medicaid DRG. Add-on payment, and lesser of 100% of billed charges. 105 percent of Medicaid DRG. Add-on payment, and lesser of 100% of billed charges.",,,,,,,,,".  ",,,,,,,,,".  ",,,,,,,,," ",,,,,,,,," ",,,,,,,,," ",,,,,,,,," ",,,,,,,,," ",,,,,,,,," ",,,,,,,,," ",,,,,,,,," ",,,,,,,,," ",,,,,,,,," ",,,,,,,,," ",,,,,,,,," ",,,,,,,,," ",,,,,,,,," ",,,,,,,,," ",,,,,,,,," ",39045.9,,,,,,,Case Rate,". 225 percent of Medicaid DRG. Add-on payment, and lesser of 225% of billed charges. 225 percent of Medicaid DRG. Add-on payment, and lesser of 225% of billed charges.",17353.74,,,,,,,Case Rate,". 100 percent of Medicaid DRG. Add-on payment, and lesser of 100% of billed charges. 100 percent of Medicaid DRG. Add-on payment, and lesser of 100% of billed charges.",,,,,,,,,".  ",,,,,,,,,".  ",,,,,,,,," ",,,,,,,,," ",,,,,,,,," ",,,,,,,,," ",,,,,,,,,".  ",,,,,,,,," ",,,,,,,,,".  ",,,,,,,,," ",,,,,,,,,".  ",,,,,,,,,".  ",,,,,,,,,".  ",,,,,,,,," ",17353.74,,,,,,,Case Rate,". 100 percent of Medicaid DRG. Add-on payment, and lesser of 100% of billed charges. 100 percent of Medicaid DRG. Add-on payment, and lesser of 100% of billed charges.",,,,,,,,," ",,,,,,,,,".  ",,,,,,,,,".  ",17353.74,,,,,,,Case Rate,". 100 percent of Medicaid DRG. Add-on payment, and lesser of 100% of billed charges. 100 percent of Medicaid DRG. Add-on payment, and lesser of 100% of billed charges.",,,,,,,,,".  ",17353.74,,,,,,,Case Rate,". 100 percent of Medicaid DRG. Add-on payment, and lesser of 100% of billed charges. 100 percent of Medicaid DRG. Add-on payment, and lesser of 100% of billed charges.",17353.74,,,,,,,Case Rate,". 100 percent of Medicaid DRG. Add-on payment, and lesser of 100% of billed charges. 100 percent of Medicaid DRG. Add-on payment, and lesser of 100% of billed charges.",,,,,,,,,".  ",,,,,,,,,".  ",,,,,,,,,".  ",,,,,,,,,".  ",,,,,,,,,".  ",,,,,,,,,".  ",,,,,,,,,".  ",,,,,,,,," ",,,,,,,,," ",,,,,,,,," ",17353.74,,,,,,,Case Rate,". 100 percent of Medicaid DRG. Add-on payment, and lesser of 100% of billed charges. 100 percent of Medicaid DRG. Add-on payment, and lesser of 100% of billed charges.",,,,,,,,,".  ",,,,,,,,,".  ",,,,,,,,,".  ",,,,,,,,,".  ",,,,,,,,,".  ",,,,,,,,,".  ",,,,,,,,,".  ",,,,,,,,,".  ",,,,,,,,,".  ",,,,,,,,,".  ",,,,,,,,," ",12243.78,50325.83,
APR363-4,DRG,,,,,APR363-4 BREAST PROCEDURES EXCEPT MASTECTOMY,,,Inpatient,,,,,,,,,,,,".  ",,,,,,,,,".  ",,,,,,,,,".  ",,100,,,,,0,Percent of total billed charges,100 percent of charges.  ; No services were performed during the 15 month look back period.,,,,,,,,," ",,,,,,,,,".  ",,,,,,,,,".  ",,,,,,,,,".  ",42720.09,,,,,,,Case Rate,". 155 percent of Medicaid DRG. Add-on payment, and lesser of 100% of billed charges. 155 percent of Medicaid DRG. Add-on payment, and lesser of 100% of billed charges.",27561.35,,,,,,,Case Rate,". 100 percent of Medicaid DRG. Add-on payment, and lesser of 100% of billed charges. 100 percent of Medicaid DRG. Add-on payment, and lesser of 100% of billed charges.",,73,,,,,0,Percent of total billed charges,73 percent of charges.  ; No services were performed during the 15 month look back period.,,,,,,,,,".  ",27561.35,,,,,,,Case Rate,". 100 percent of Medicaid DRG. Add-on payment, and lesser of 100% of billed charges. 100 percent of Medicaid DRG. Add-on payment, and lesser of 100% of billed charges.",,,,,,,,," ",,,,,,,,,".  ",,,,,,,,,".  ",,,,,,,,,".  ",,,,,,,,,".  ",27561.35,,,,,,,Case Rate,". 100 percent of Medicaid DRG. Add-on payment, and lesser of 100% of billed charges. 100 percent of Medicaid DRG. Add-on payment, and lesser of 100% of billed charges.",,,,,,,,," ",27561.35,,,,,,,Case Rate,". 100 percent of Medicaid DRG. Add-on payment, and lesser of 100% of billed charges. 100 percent of Medicaid DRG. Add-on payment, and lesser of 100% of billed charges.",,73,,,,,0,Percent of total billed charges,73 percent of charges.  ; No services were performed during the 15 month look back period.,,,,,,,,,".  ",,,,,,,,," ",,,,,,,,," ",,,,,,,,," ",,,,,,,,," ",,73,,,,,0,Percent of total billed charges,73 percent of charges.  ; No services were performed during the 15 month look back period.,27561.35,,,,,,,Case Rate,". 100 percent of Medicaid DRG. Add-on payment, and lesser of 100% of billed charges. 100 percent of Medicaid DRG. Add-on payment, and lesser of 100% of billed charges.",27561.35,,,,,,,Case Rate,". 100 percent of Medicaid DRG. Add-on payment, and lesser of 100% of billed charges. 100 percent of Medicaid DRG. Add-on payment, and lesser of 100% of billed charges.",27561.35,,,,,,,Case Rate,". 100 percent of Medicaid DRG. Add-on payment, and lesser of 100% of billed charges. 100 percent of Medicaid DRG. Add-on payment, and lesser of 100% of billed charges.",27561.35,,,,,,,Case Rate,". 100 percent of Medicaid DRG. Add-on payment, and lesser of 100% of billed charges. 100 percent of Medicaid DRG. Add-on payment, and lesser of 100% of billed charges.",,,,,,,,," ",,,,,,,,," ",27561.35,,,,,,,Case Rate,". 100 percent of Medicaid DRG. Add-on payment, and lesser of 100% of billed charges. 100 percent of Medicaid DRG. Add-on payment, and lesser of 100% of billed charges.",,,,,,,,," ",27561.35,,,,,,,Case Rate,". 100 percent of Medicaid DRG. Add-on payment, and lesser of 100% of billed charges. 100 percent of Medicaid DRG. Add-on payment, and lesser of 100% of billed charges.",,,,,,,,," ",,,,,,,,," ",,73,,,,,0,Percent of total billed charges,73 percent of charges.  ; No services were performed during the 15 month look back period.,27561.35,,,,,,,Case Rate,". 100 percent of Medicaid DRG. Add-on payment, and lesser of 100% of billed charges. 100 percent of Medicaid DRG. Add-on payment, and lesser of 100% of billed charges.",27561.35,,,,,,,Case Rate,". 100 percent of Medicaid DRG. Add-on payment, and lesser of 100% of billed charges. 100 percent of Medicaid DRG. Add-on payment, and lesser of 100% of billed charges.",,73,,,,,0,Percent of total billed charges,73 percent of charges.  ; No services were performed during the 15 month look back period.,,,,,,,,,".  ",,,,,,,,,".  ",,,,,,,,,".  ",,73,,,,,0,Percent of total billed charges,73 percent of charges.  ; No services were performed during the 15 month look back period.,,,,,,,,," ",,,,,,,,,".  ",,,,,,,,,".  ",,,,,,,,,".  ",,,,,,,,," ",,,,,,,,,".  ",,,,,,,,,".  ",,,,,,,,," ",,,,,,,,,".  ",,,,,,,,,".  ",,,,,,,,,".  ",,,,,,,,,".  ",,,,,,,,,".  ",,,,,,,,,".  ",,,,,,,,,".  ",,,,,,,,," ",,,,,,,,," ",,,,,,,,,".  ",,73,,,,,0,Percent of total billed charges,73 percent of charges.  ; No services were performed during the 15 month look back period.,,73,,,,,0,Percent of total billed charges,73 percent of charges.  ; No services were performed during the 15 month look back period.,,73,,,,,0,Percent of total billed charges,73 percent of charges.  ; No services were performed during the 15 month look back period.,,73,,,,,0,Percent of total billed charges,73 percent of charges.  ; No services were performed during the 15 month look back period.,,73,,,,,0,Percent of total billed charges,73 percent of charges.  ; No services were performed during the 15 month look back period.,,73,,,,,0,Percent of total billed charges,73 percent of charges.  ; No services were performed during the 15 month look back period.,,73,,,,,0,Percent of total billed charges,73 percent of charges.  ; No services were performed during the 15 month look back period.,,73,,,,,0,Percent of total billed charges,73 percent of charges.  ; No services were performed during the 15 month look back period.,,73,,,,,0,Percent of total billed charges,73 percent of charges.  ; No services were performed during the 15 month look back period.,,73,,,,,0,Percent of total billed charges,73 percent of charges.  ; No services were performed during the 15 month look back period.,,73,,,,,0,Percent of total billed charges,73 percent of charges.  ; No services were performed during the 15 month look back period.,,73,,,,,0,Percent of total billed charges,73 percent of charges.  ; No services were performed during the 15 month look back period.,,73,,,,,0,Percent of total billed charges,73 percent of charges.  ; No services were performed during the 15 month look back period.,,73,,,,,0,Percent of total billed charges,73 percent of charges.  ; No services were performed during the 15 month look back period.,,73,,,,,0,Percent of total billed charges,73 percent of charges.  ; No services were performed during the 15 month look back period.,,73,,,,,0,Percent of total billed charges,73 percent of charges.  ; No services were performed during the 15 month look back period.,,73,,,,,0,Percent of total billed charges,73 percent of charges.  ; No services were performed during the 15 month look back period.,,73,,,,,0,Percent of total billed charges,73 percent of charges.  ; No services were performed during the 15 month look back period.,,73,,,,,0,Percent of total billed charges,73 percent of charges.  ; No services were performed during the 15 month look back period.,,73,,,,,0,Percent of total billed charges,73 percent of charges.  ; No services were performed during the 15 month look back period.,,73,,,,,0,Percent of total billed charges,73 percent of charges.  ; No services were performed during the 15 month look back period.,,73,,,,,0,Percent of total billed charges,73 percent of charges.  ; No services were performed during the 15 month look back period.,,73,,,,,0,Percent of total billed charges,73 percent of charges.  ; No services were performed during the 15 month look back period.,,73,,,,,0,Percent of total billed charges,73 percent of charges.  ; No services were performed during the 15 month look back period.,,73,,,,,0,Percent of total billed charges,73 percent of charges.  ; No services were performed during the 15 month look back period.,,73,,,,,0,Percent of total billed charges,73 percent of charges.  ; No services were performed during the 15 month look back period.,,,,,,,,," ",,,,,,,,," ",,,,,,,,," ",,,,,,,,," ",,,,,,,,," ",,,,,,,,," ",,,,,,,,,".  ",,,,,,,,,".  ",,,,,,,,,".  ",,,,,,,,,".  ",,73,,,,,0,Percent of total billed charges,73 percent of charges.  ; No services were performed during the 15 month look back period.,,,,,,,,," ",,,,,,,,,".  ",,,,,,,,,".  ",,,,,,,,,".  ",,,,,,,,," ",,73,,,,,0,Percent of total billed charges,73 percent of charges.  ; No services were performed during the 15 month look back period.,27561.35,,,,,,,Case Rate,". 100 percent of Medicaid DRG. Add-on payment, and lesser of 100% of billed charges. 100 percent of Medicaid DRG. Add-on payment, and lesser of 100% of billed charges.",,,,,,,,," ",27561.35,,,,,,,Case Rate,". 100 percent of Medicaid DRG. Add-on payment, and lesser of 100% of billed charges. 100 percent of Medicaid DRG. Add-on payment, and lesser of 100% of billed charges.",,,,,,,,," ",,,,,,,,," ",,,,,,,,,".  ",,,,,,,,," ",,,,,,,,," ",27561.35,,,,,,,Case Rate,". 100 percent of Medicaid DRG. Add-on payment, and lesser of 100% of billed charges. 100 percent of Medicaid DRG. Add-on payment, and lesser of 100% of billed charges.",,,,,,,,," ",,,,,,,,," ",,,,,,,,,".  ",,,,,,,,,".  ",,,,,,,,," ",,,,,,,,,".  ",,,,,,,,,".  ",,,,,,,,,".  ",,,,,,,,," ",,,,,,,,,".  ",,,,,,,,,".  ",,,,,,,,,".  ",,,,,,,,,".  ",,73,,,,,0,Percent of total billed charges,73 percent of charges.  ; No services were performed during the 15 month look back period.,,73,,,,,0,Percent of total billed charges,73 percent of charges.  ; No services were performed during the 15 month look back period.,,73,,,,,0,Percent of total billed charges,73 percent of charges.  ; No services were performed during the 15 month look back period.,,73,,,,,0,Percent of total billed charges,73 percent of charges.  ; No services were performed during the 15 month look back period.,,73,,,,,0,Percent of total billed charges,73 percent of charges.  ; No services were performed during the 15 month look back period.,,73,,,,,0,Percent of total billed charges,73 percent of charges.  ; No services were performed during the 15 month look back period.,,73,,,,,0,Percent of total billed charges,73 percent of charges.  ; No services were performed during the 15 month look back period.,,73,,,,,0,Percent of total billed charges,73 percent of charges.  ; No services were performed during the 15 month look back period.,,73,,,,,0,Percent of total billed charges,73 percent of charges.  ; No services were performed during the 15 month look back period.,,73,,,,,0,Percent of total billed charges,73 percent of charges.  ; No services were performed during the 15 month look back period.,,73,,,,,0,Percent of total billed charges,73 percent of charges.  ; No services were performed during the 15 month look back period.,,,,,,,,," ",,,,,,,,,".  ",,,,,,,,,".  ",,,,,,,,," ",,,,,,,,,".  ",,,,,,,,,".  ",,,,,,,,,".  ",,73,,,,,0,Percent of total billed charges,73 percent of charges.  ; No services were performed during the 15 month look back period.,55122.7,,,,,,,Case Rate,". 200 percent of Medicaid DRG. Add-on payment, and lesser of 200% of billed charges. 200 percent of Medicaid DRG. Add-on payment, and lesser of 200% of billed charges.",,,,,,,,,".  ",27561.35,,,,,,,Case Rate,". 100 percent of Medicaid DRG. Add-on payment, and lesser of 100% of billed charges. 100 percent of Medicaid DRG. Add-on payment, and lesser of 100% of billed charges.",,,,,,,,," ",,,,,,,,," ",,,,,,,,," ",,,,,,,,," ",,,,,,,,," ",,,,,,,,," ",,,,,,,,,".  ",,,,,,,,,".  ",62013.04,,,,,,,Case Rate,". 225 percent of Medicaid DRG. Add-on payment, and lesser of 100% of billed charges. 225 percent of Medicaid DRG. Add-on payment, and lesser of 100% of billed charges.",62013.04,,,,,,,Case Rate,". 225 percent of Medicaid DRG. Add-on payment, and lesser of 100% of billed charges. 225 percent of Medicaid DRG. Add-on payment, and lesser of 100% of billed charges.",62013.04,,,,,,,Case Rate,". 225 percent of Medicaid DRG. Add-on payment, and lesser of 100% of billed charges. 225 percent of Medicaid DRG. Add-on payment, and lesser of 100% of billed charges.",62013.04,,,,,,,Case Rate,". 225 percent of Medicaid DRG. Add-on payment, and lesser of 100% of billed charges. 225 percent of Medicaid DRG. Add-on payment, and lesser of 100% of billed charges.",62013.04,,,,,,,Case Rate,". 225 percent of Medicaid DRG. Add-on payment, and lesser of 100% of billed charges. 225 percent of Medicaid DRG. Add-on payment, and lesser of 100% of billed charges.",,,,,,,,," ",,,,,,,,,".  ",,,,,,,,," ",,,,,,,,," ",,,,,,,,," ",,,,,,,,," ",,,,,,,,," ",,,,,,,,," ",,,,,,,,," ",,,,,,,,," ",,,,,,,,," ",,,,,,,,," ",,,,,,,,,".  ",,,,,,,,,".  ",,,,,,,,,".  ",,,,,,,,,".  ",,,,,,,,,".  ",,,,,,,,,".  ",,,,,,,,," ",,,,,,,,," ",,,,,,,,," ",,,,,,,,,".  ",,,,,,,,,".  ",,,,,,,,,".  ",,,,,,,,,".  ",,,,,,,,,".  ",,,,,,,,," ",,,,,,,,,".  ",27561.35,,,,,,,Case Rate,". 100 percent of Medicaid DRG. Add-on payment, and lesser of 100% of billed charges. 100 percent of Medicaid DRG. Add-on payment, and lesser of 100% of billed charges.",,,,,,,,," ",,,,,,,,," ",,,,,,,,," ",27561.35,,,,,,,Case Rate,". 100 percent of Medicaid DRG. Add-on payment, and lesser of 100% of billed charges. 100 percent of Medicaid DRG. Add-on payment, and lesser of 100% of billed charges.",62013.04,,,,,,,Case Rate,". 225 percent of Medicaid DRG. Add-on payment, and lesser of 225% of billed charges. 225 percent of Medicaid DRG. Add-on payment, and lesser of 225% of billed charges.",62013.04,,,,,,,Case Rate,". 225 percent of Medicaid DRG. Add-on payment, and lesser of 225% of billed charges. 225 percent of Medicaid DRG. Add-on payment, and lesser of 225% of billed charges.",62013.04,,,,,,,Case Rate,". 225 percent of Medicaid DRG. Add-on payment, and lesser of 225% of billed charges. 225 percent of Medicaid DRG. Add-on payment, and lesser of 225% of billed charges.",62013.04,,,,,,,Case Rate,". 225 percent of Medicaid DRG. Add-on payment, and lesser of 225% of billed charges. 225 percent of Medicaid DRG. Add-on payment, and lesser of 225% of billed charges.",62013.04,,,,,,,Case Rate,". 225 percent of Medicaid DRG. Add-on payment, and lesser of 225% of billed charges. 225 percent of Medicaid DRG. Add-on payment, and lesser of 225% of billed charges.",,,,,,,,," ",27561.35,,,,,,,Case Rate,". 100 percent of Medicaid DRG. Add-on payment, and lesser of 100% of billed charges. 100 percent of Medicaid DRG. Add-on payment, and lesser of 100% of billed charges.",27561.35,,,,,,,Case Rate,". 100 percent of Medicaid DRG. Add-on payment, and lesser of 100% of billed charges. 100 percent of Medicaid DRG. Add-on payment, and lesser of 100% of billed charges.",62013.04,,,,,,,Case Rate,". 225 percent of Medicaid DRG. Add-on payment, and lesser of 225% of billed charges. 225 percent of Medicaid DRG. Add-on payment, and lesser of 225% of billed charges.",62013.04,,,,,,,Case Rate,". 225 percent of Medicaid DRG. Add-on payment, and lesser of 225% of billed charges. 225 percent of Medicaid DRG. Add-on payment, and lesser of 225% of billed charges.",27561.35,,,,,,,Case Rate,". 100 percent of Medicaid DRG. Add-on payment, and lesser of 100% of billed charges. 100 percent of Medicaid DRG. Add-on payment, and lesser of 100% of billed charges.",27561.35,,,,,,,Case Rate,". 100 percent of Medicaid DRG. Add-on payment, and lesser of 100% of billed charges. 100 percent of Medicaid DRG. Add-on payment, and lesser of 100% of billed charges.",62013.04,,,,,,,Case Rate,". 225 percent of Medicaid DRG. Add-on payment, and lesser of 100% of billed charges. 225 percent of Medicaid DRG. Add-on payment, and lesser of 100% of billed charges.",,,,,,,,," ",,,,,,,,," ",,,,,,,,,".  ",,,,,,,,," ",62013.04,,,,,,,Case Rate,". 225 percent of Medicaid DRG. Add-on payment, and lesser of 225% of billed charges. 225 percent of Medicaid DRG. Add-on payment, and lesser of 225% of billed charges.",62013.04,,,,,,,Case Rate,". 225 percent of Medicaid DRG. Add-on payment, and lesser of 225% of billed charges. 225 percent of Medicaid DRG. Add-on payment, and lesser of 225% of billed charges.",27561.35,,,,,,,Case Rate,". 100 percent of Medicaid DRG. Add-on payment, and lesser of 100% of billed charges. 100 percent of Medicaid DRG. Add-on payment, and lesser of 100% of billed charges.",27561.35,,,,,,,Case Rate,". 100 percent of Medicaid DRG. Add-on payment, and lesser of 100% of billed charges. 100 percent of Medicaid DRG. Add-on payment, and lesser of 100% of billed charges.",45318.9,,,,,,,Case Rate,". 225 percent of Medicaid DRG. Add-on payment, and lesser of 225% of billed charges. 225 percent of Medicaid DRG. Add-on payment, and lesser of 225% of billed charges.",27561.35,,,,,,,Case Rate,". 100 percent of Medicaid DRG. Add-on payment, and lesser of 100% of billed charges. 100 percent of Medicaid DRG. Add-on payment, and lesser of 100% of billed charges.",79927.92,,,,,,,Case Rate,". 290 percent of Medicaid DRG. Add-on payment, and lesser of 100% of billed charges. 290 percent of Medicaid DRG. Add-on payment, and lesser of 100% of billed charges.",79927.92,,,,,,,Case Rate,". 290 percent of Medicaid DRG. Add-on payment, and lesser of 100% of billed charges. 290 percent of Medicaid DRG. Add-on payment, and lesser of 100% of billed charges.",79927.92,,,,,,,Case Rate,". 290 percent of Medicaid DRG. Add-on payment, and lesser of 100% of billed charges. 290 percent of Medicaid DRG. Add-on payment, and lesser of 100% of billed charges.",79927.92,,,,,,,Case Rate,". 290 percent of Medicaid DRG. Add-on payment, and lesser of 100% of billed charges. 290 percent of Medicaid DRG. Add-on payment, and lesser of 100% of billed charges.",,,,,,,,," ",,,,,,,,,".  ",37207.82,,,,,,,Case Rate,"135% of Medicaid EP 1 and 2, 100% of medicaid EP 3 and 4.  ",37207.82,,,,,,,Case Rate,"135% of Medicaid EP 1 and 2, 100% of medicaid EP 3 and 4.  ",27561.35,,,,,,,Case Rate,". 100 percent of Medicaid DRG. Add-on payment, and lesser of 100% of billed charges. 100 percent of Medicaid DRG. Add-on payment, and lesser of 100% of billed charges.",27561.35,,,,,,,Case Rate,". 100 percent of Medicaid DRG. Add-on payment, and lesser of 100% of billed charges. 100 percent of Medicaid DRG. Add-on payment, and lesser of 100% of billed charges.",,,,,,,,,".  ",,,,,,,,,".  ",,,,,,,,," ",,,,,,,,,".  ",,,,,,,,,".  ",,,,,,,,,".  ",,,,,,,,,".  ",,,,,,,,," ",,,,,,,,,".  ",,,,,,,,,".  ",,,,,,,,,".  ",27561.35,,,,,,,Case Rate,". 100 percent of Medicaid DRG. Add-on payment, and lesser of 100% of billed charges. 100 percent of Medicaid DRG. Add-on payment, and lesser of 100% of billed charges.",27561.35,,,,,,,Case Rate,". 100 percent of Medicaid DRG. Add-on payment, and lesser of 100% of billed charges. 100 percent of Medicaid DRG. Add-on payment, and lesser of 100% of billed charges.",62013.04,,,,,,,Case Rate,". 225 percent of Medicaid DRG. Add-on payment, and lesser of 225% of billed charges. 225 percent of Medicaid DRG. Add-on payment, and lesser of 225% of billed charges.",45318.9,,,,,,,Case Rate,". 225 percent of Medicaid DRG. Add-on payment, and lesser of 225% of billed charges. 225 percent of Medicaid DRG. Add-on payment, and lesser of 225% of billed charges.",27561.35,,,,,,,Case Rate,". 100 percent of Medicaid DRG. Add-on payment, and lesser of 100% of billed charges. 100 percent of Medicaid DRG. Add-on payment, and lesser of 100% of billed charges.",62013.04,,,,,,,Case Rate,". 225 percent of Medicaid DRG. Add-on payment, and lesser of 225% of billed charges. 225 percent of Medicaid DRG. Add-on payment, and lesser of 225% of billed charges.",62013.04,,,,,,,Case Rate,". 225 percent of Medicaid DRG. Add-on payment, and lesser of 225% of billed charges. 225 percent of Medicaid DRG. Add-on payment, and lesser of 225% of billed charges.",62013.04,,,,,,,Case Rate,". 225 percent of Medicaid DRG. Add-on payment, and lesser of 225% of billed charges. 225 percent of Medicaid DRG. Add-on payment, and lesser of 225% of billed charges.",62013.04,,,,,,,Case Rate,". 225 percent of Medicaid DRG. Add-on payment, and lesser of 225% of billed charges. 225 percent of Medicaid DRG. Add-on payment, and lesser of 225% of billed charges.",62013.04,,,,,,,Case Rate,". 225 percent of Medicaid DRG. Add-on payment, and lesser of 225% of billed charges. 225 percent of Medicaid DRG. Add-on payment, and lesser of 225% of billed charges.",62013.04,,,,,,,Case Rate,". 225 percent of Medicaid DRG. Add-on payment, and lesser of 225% of billed charges. 225 percent of Medicaid DRG. Add-on payment, and lesser of 225% of billed charges.",,,,,,,,," ",,,,,,,,," ",,,,,,,,," ",,,,,,,,,".  ",,,,,,,,," ",,,,,,,,," ",,,,,,,,,".  ",,,,,,,,," ",,,,,,,,," ",37207.82,,,,,,,Case Rate,"135% of Medicaid EP 1 and 2, 100% of medicaid EP 3 and 4.  ",37207.82,,,,,,,Case Rate,"135% of Medicaid EP 1 and 2, 100% of medicaid EP 3 and 4.  ",27561.35,,,,,,,Case Rate,". 100 percent of Medicaid DRG. Add-on payment, and lesser of 100% of billed charges. 100 percent of Medicaid DRG. Add-on payment, and lesser of 100% of billed charges.",27561.35,,,,,,,Case Rate,". 100 percent of Medicaid DRG. Add-on payment, and lesser of 100% of billed charges. 100 percent of Medicaid DRG. Add-on payment, and lesser of 100% of billed charges.",27561.35,,,,,,,Case Rate,". 100 percent of Medicaid DRG. Add-on payment, and lesser of 100% of billed charges. 100 percent of Medicaid DRG. Add-on payment, and lesser of 100% of billed charges.",,,,,,,,," ",,,,,,,,,".  ",,,,,,,,," ",,,,,,,,,".  ",,,,,,,,," ",,,,,,,,," ",,,,,,,,," ",,,,,,,,," ",,,,,,,,," ",,,,,,,,," ",,,,,,,,," ",62013.04,,,,,,,Case Rate,". 225 percent of Medicaid DRG. Add-on payment, and lesser of 225% of billed charges. 225 percent of Medicaid DRG. Add-on payment, and lesser of 225% of billed charges.",27561.35,,,,,,,Case Rate,". 100 percent of Medicaid DRG. Add-on payment, and lesser of 100% of billed charges. 100 percent of Medicaid DRG. Add-on payment, and lesser of 100% of billed charges.",,,,,,,,,".  ",,,,,,,,," ",,,,,,,,," ",,,,,,,,," ",,,,,,,,," ",,,,,,,,," ",27561.35,,,,,,,Case Rate,". 100 percent of Medicaid DRG. Add-on payment, and lesser of 100% of billed charges. 100 percent of Medicaid DRG. Add-on payment, and lesser of 100% of billed charges.",,,,,,,,,".  ",27561.35,,,,,,,Case Rate,". 100 percent of Medicaid DRG. Add-on payment, and lesser of 100% of billed charges. 100 percent of Medicaid DRG. Add-on payment, and lesser of 100% of billed charges.",,,,,,,,," ",27561.35,,,,,,,Case Rate,". 100 percent of Medicaid DRG. Add-on payment, and lesser of 100% of billed charges. 100 percent of Medicaid DRG. Add-on payment, and lesser of 100% of billed charges.",,,,,,,,," ",,,,,,,,," ",27561.35,,,,,,,Case Rate,". 100 percent of Medicaid DRG. Add-on payment, and lesser of 100% of billed charges. 100 percent of Medicaid DRG. Add-on payment, and lesser of 100% of billed charges.",27561.35,,,,,,,Case Rate,". 100 percent of Medicaid DRG. Add-on payment, and lesser of 100% of billed charges. 100 percent of Medicaid DRG. Add-on payment, and lesser of 100% of billed charges.",,,,,,,,," ",,,,,,,,,".  ",,73,,,,,0,Percent of total billed charges,73 percent of charges.  ; No services were performed during the 15 month look back period.,,,,,,,,,".  ",,,,,,,,,".  ",,,,,,,,,".  ",,,,,,,,," ",,,,,,,,," ",,,,,,,,," ",,,,,,,,,".  ",,,,,,,,,".  ",,,,,,,,," ",,,,,,,,," ",,,,,,,,," ",,,,,,,,," ",,,,,,,,,".  ",,,,,,,,,".  ",,,,,,,,,".  ",,,,,,,,," ",,,,,,,,,".  ",,,,,,,,," ",27561.35,,,,,,,Case Rate,". 100 percent of Medicaid DRG. Add-on payment, and lesser of 100% of billed charges. 100 percent of Medicaid DRG. Add-on payment, and lesser of 100% of billed charges.",27561.35,,,,,,,Case Rate,". 100 percent of Medicaid DRG. Add-on payment, and lesser of 100% of billed charges. 100 percent of Medicaid DRG. Add-on payment, and lesser of 100% of billed charges.",,,,,,,,," ",,,,,,,,,".  ",,,,,,,,,".  ",,,,,,,,,".  ",,,,,,,,,".  ",,,,,,,,," ",28939.42,,,,,,,Case Rate,". 105 percent of Medicaid DRG. Add-on payment, and lesser of 100% of billed charges. 105 percent of Medicaid DRG. Add-on payment, and lesser of 100% of billed charges.",28939.42,,,,,,,Case Rate,". 105 percent of Medicaid DRG. Add-on payment, and lesser of 100% of billed charges. 105 percent of Medicaid DRG. Add-on payment, and lesser of 100% of billed charges.",28939.42,,,,,,,Case Rate,". 105 percent of Medicaid DRG. Add-on payment, and lesser of 100% of billed charges. 105 percent of Medicaid DRG. Add-on payment, and lesser of 100% of billed charges.",28939.42,,,,,,,Case Rate,". 105 percent of Medicaid DRG. Add-on payment, and lesser of 100% of billed charges. 105 percent of Medicaid DRG. Add-on payment, and lesser of 100% of billed charges.",,,,,,,,,".  ",28939.42,,,,,,,Case Rate,". 105 percent of Medicaid DRG. Add-on payment, and lesser of 100% of billed charges. 105 percent of Medicaid DRG. Add-on payment, and lesser of 100% of billed charges.",28939.42,,,,,,,Case Rate,". 105 percent of Medicaid DRG. Add-on payment, and lesser of 100% of billed charges. 105 percent of Medicaid DRG. Add-on payment, and lesser of 100% of billed charges.",28939.42,,,,,,,Case Rate,". 105 percent of Medicaid DRG. Add-on payment, and lesser of 100% of billed charges. 105 percent of Medicaid DRG. Add-on payment, and lesser of 100% of billed charges.",28939.42,,,,,,,Case Rate,". 105 percent of Medicaid DRG. Add-on payment, and lesser of 100% of billed charges. 105 percent of Medicaid DRG. Add-on payment, and lesser of 100% of billed charges.",28939.42,,,,,,,Case Rate,". 105 percent of Medicaid DRG. Add-on payment, and lesser of 100% of billed charges. 105 percent of Medicaid DRG. Add-on payment, and lesser of 100% of billed charges.",28939.42,,,,,,,Case Rate,". 105 percent of Medicaid DRG. Add-on payment, and lesser of 100% of billed charges. 105 percent of Medicaid DRG. Add-on payment, and lesser of 100% of billed charges.",28939.42,,,,,,,Case Rate,". 105 percent of Medicaid DRG. Add-on payment, and lesser of 100% of billed charges. 105 percent of Medicaid DRG. Add-on payment, and lesser of 100% of billed charges.",,,,,,,,," ",,,,,,,,,".  ",,,,,,,,," ",28939.42,,,,,,,Case Rate,". 105 percent of Medicaid DRG. Add-on payment, and lesser of 100% of billed charges. 105 percent of Medicaid DRG. Add-on payment, and lesser of 100% of billed charges.",,,,,,,,,".  ",,,,,,,,," ",,,,,,,,,".  ",,,,,,,,,".  ",,,,,,,,,".  ",28939.42,,,,,,,Case Rate,". 105 percent of Medicaid DRG. Add-on payment, and lesser of 100% of billed charges. 105 percent of Medicaid DRG. Add-on payment, and lesser of 100% of billed charges.",,,,,,,,," ",,,,,,,,,".  ",28939.42,,,,,,,Case Rate,". 105 percent of Medicaid DRG. Add-on payment, and lesser of 100% of billed charges. 105 percent of Medicaid DRG. Add-on payment, and lesser of 100% of billed charges.",,,,,,,,,".  ",,,,,,,,,".  ",,,,,,,,," ",,,,,,,,," ",,,,,,,,," ",,,,,,,,," ",,,,,,,,," ",,,,,,,,," ",,,,,,,,," ",,,,,,,,," ",,,,,,,,," ",,,,,,,,," ",,,,,,,,," ",,,,,,,,," ",,,,,,,,," ",,,,,,,,," ",,,,,,,,," ",,,,,,,,," ",62013.04,,,,,,,Case Rate,". 225 percent of Medicaid DRG. Add-on payment, and lesser of 225% of billed charges. 225 percent of Medicaid DRG. Add-on payment, and lesser of 225% of billed charges.",27561.35,,,,,,,Case Rate,". 100 percent of Medicaid DRG. Add-on payment, and lesser of 100% of billed charges. 100 percent of Medicaid DRG. Add-on payment, and lesser of 100% of billed charges.",,,,,,,,,".  ",,,,,,,,,".  ",,,,,,,,," ",,,,,,,,," ",,,,,,,,," ",,,,,,,,," ",,,,,,,,,".  ",,,,,,,,," ",,,,,,,,,".  ",,,,,,,,," ",,,,,,,,,".  ",,,,,,,,,".  ",,,,,,,,,".  ",,,,,,,,," ",27561.35,,,,,,,Case Rate,". 100 percent of Medicaid DRG. Add-on payment, and lesser of 100% of billed charges. 100 percent of Medicaid DRG. Add-on payment, and lesser of 100% of billed charges.",,,,,,,,," ",,,,,,,,,".  ",,,,,,,,,".  ",27561.35,,,,,,,Case Rate,". 100 percent of Medicaid DRG. Add-on payment, and lesser of 100% of billed charges. 100 percent of Medicaid DRG. Add-on payment, and lesser of 100% of billed charges.",,,,,,,,,".  ",27561.35,,,,,,,Case Rate,". 100 percent of Medicaid DRG. Add-on payment, and lesser of 100% of billed charges. 100 percent of Medicaid DRG. Add-on payment, and lesser of 100% of billed charges.",27561.35,,,,,,,Case Rate,". 100 percent of Medicaid DRG. Add-on payment, and lesser of 100% of billed charges. 100 percent of Medicaid DRG. Add-on payment, and lesser of 100% of billed charges.",,,,,,,,,".  ",,,,,,,,,".  ",,,,,,,,,".  ",,,,,,,,,".  ",,,,,,,,,".  ",,,,,,,,,".  ",,,,,,,,,".  ",,,,,,,,," ",,,,,,,,," ",,,,,,,,," ",27561.35,,,,,,,Case Rate,". 100 percent of Medicaid DRG. Add-on payment, and lesser of 100% of billed charges. 100 percent of Medicaid DRG. Add-on payment, and lesser of 100% of billed charges.",,,,,,,,,".  ",,,,,,,,,".  ",,,,,,,,,".  ",,,,,,,,,".  ",,,,,,,,,".  ",,,,,,,,,".  ",,,,,,,,,".  ",,,,,,,,,".  ",,,,,,,,,".  ",,,,,,,,,".  ",,,,,,,,," ",20141.73,79927.92,
APR364-3,DRG,,,,,"APR364-3 OTHER SKIN, SUBCUTANEOUS TISSUE & RELATED PROCEDURES",,,Inpatient,,,,,,,,,,,,".  ",,,,,,,,,".  ",,,,,,,,,".  ",,100,,,,,0,Percent of total billed charges,100 percent of charges.  ; No services were performed during the 15 month look back period.,,,,,,,,," ",,,,,,,,,".  ",,,,,,,,,".  ",,,,,,,,,".  ",37366.78,,,,,,,Case Rate,". 155 percent of Medicaid DRG. Add-on payment, and lesser of 100% of billed charges. 155 percent of Medicaid DRG. Add-on payment, and lesser of 100% of billed charges.",24107.6,,,,,,,Case Rate,". 100 percent of Medicaid DRG. Add-on payment, and lesser of 100% of billed charges. 100 percent of Medicaid DRG. Add-on payment, and lesser of 100% of billed charges.",,73,,,,,0,Percent of total billed charges,73 percent of charges.  ; No services were performed during the 15 month look back period.,,,,,,,,,".  ",24107.6,,,,,,,Case Rate,". 100 percent of Medicaid DRG. Add-on payment, and lesser of 100% of billed charges. 100 percent of Medicaid DRG. Add-on payment, and lesser of 100% of billed charges.",,,,,,,,," ",,,,,,,,,".  ",,,,,,,,,".  ",,,,,,,,,".  ",,,,,,,,,".  ",24107.6,,,,,,,Case Rate,". 100 percent of Medicaid DRG. Add-on payment, and lesser of 100% of billed charges. 100 percent of Medicaid DRG. Add-on payment, and lesser of 100% of billed charges.",,,,,,,,," ",24107.6,,,,,,,Case Rate,". 100 percent of Medicaid DRG. Add-on payment, and lesser of 100% of billed charges. 100 percent of Medicaid DRG. Add-on payment, and lesser of 100% of billed charges.",,73,,,,,0,Percent of total billed charges,73 percent of charges.  ; No services were performed during the 15 month look back period.,,,,,,,,,".  ",,,,,,,,," ",,,,,,,,," ",,,,,,,,," ",,,,,,,,," ",,73,,,,,0,Percent of total billed charges,73 percent of charges.  ; No services were performed during the 15 month look back period.,24107.6,,,,,,,Case Rate,". 100 percent of Medicaid DRG. Add-on payment, and lesser of 100% of billed charges. 100 percent of Medicaid DRG. Add-on payment, and lesser of 100% of billed charges.",24107.6,,,,,,,Case Rate,". 100 percent of Medicaid DRG. Add-on payment, and lesser of 100% of billed charges. 100 percent of Medicaid DRG. Add-on payment, and lesser of 100% of billed charges.",24107.6,,,,,,,Case Rate,". 100 percent of Medicaid DRG. Add-on payment, and lesser of 100% of billed charges. 100 percent of Medicaid DRG. Add-on payment, and lesser of 100% of billed charges.",24107.6,,,,,,,Case Rate,". 100 percent of Medicaid DRG. Add-on payment, and lesser of 100% of billed charges. 100 percent of Medicaid DRG. Add-on payment, and lesser of 100% of billed charges.",,,,,,,,," ",,,,,,,,," ",24107.6,,,,,,,Case Rate,". 100 percent of Medicaid DRG. Add-on payment, and lesser of 100% of billed charges. 100 percent of Medicaid DRG. Add-on payment, and lesser of 100% of billed charges.",,,,,,,,," ",24107.6,,,,,,,Case Rate,". 100 percent of Medicaid DRG. Add-on payment, and lesser of 100% of billed charges. 100 percent of Medicaid DRG. Add-on payment, and lesser of 100% of billed charges.",,,,,,,,," ",,,,,,,,," ",,73,,,,,0,Percent of total billed charges,73 percent of charges.  ; No services were performed during the 15 month look back period.,24107.6,,,,,,,Case Rate,". 100 percent of Medicaid DRG. Add-on payment, and lesser of 100% of billed charges. 100 percent of Medicaid DRG. Add-on payment, and lesser of 100% of billed charges.",24107.6,,,,,,,Case Rate,". 100 percent of Medicaid DRG. Add-on payment, and lesser of 100% of billed charges. 100 percent of Medicaid DRG. Add-on payment, and lesser of 100% of billed charges.",,73,,,,,0,Percent of total billed charges,73 percent of charges.  ; No services were performed during the 15 month look back period.,,,,,,,,,".  ",,,,,,,,,".  ",,,,,,,,,".  ",,73,,,,,0,Percent of total billed charges,73 percent of charges.  ; No services were performed during the 15 month look back period.,,,,,,,,," ",,,,,,,,,".  ",,,,,,,,,".  ",,,,,,,,,".  ",,,,,,,,," ",,,,,,,,,".  ",,,,,,,,,".  ",,,,,,,,," ",,,,,,,,,".  ",,,,,,,,,".  ",,,,,,,,,".  ",,,,,,,,,".  ",,,,,,,,,".  ",,,,,,,,,".  ",,,,,,,,,".  ",,,,,,,,," ",,,,,,,,," ",,,,,,,,,".  ",,73,,,,,0,Percent of total billed charges,73 percent of charges.  ; No services were performed during the 15 month look back period.,,73,,,,,0,Percent of total billed charges,73 percent of charges.  ; No services were performed during the 15 month look back period.,,73,,,,,0,Percent of total billed charges,73 percent of charges.  ; No services were performed during the 15 month look back period.,,73,,,,,0,Percent of total billed charges,73 percent of charges.  ; No services were performed during the 15 month look back period.,,73,,,,,0,Percent of total billed charges,73 percent of charges.  ; No services were performed during the 15 month look back period.,,73,,,,,0,Percent of total billed charges,73 percent of charges.  ; No services were performed during the 15 month look back period.,,73,,,,,0,Percent of total billed charges,73 percent of charges.  ; No services were performed during the 15 month look back period.,,73,,,,,0,Percent of total billed charges,73 percent of charges.  ; No services were performed during the 15 month look back period.,,73,,,,,0,Percent of total billed charges,73 percent of charges.  ; No services were performed during the 15 month look back period.,,73,,,,,0,Percent of total billed charges,73 percent of charges.  ; No services were performed during the 15 month look back period.,,73,,,,,0,Percent of total billed charges,73 percent of charges.  ; No services were performed during the 15 month look back period.,,73,,,,,0,Percent of total billed charges,73 percent of charges.  ; No services were performed during the 15 month look back period.,,73,,,,,0,Percent of total billed charges,73 percent of charges.  ; No services were performed during the 15 month look back period.,,73,,,,,0,Percent of total billed charges,73 percent of charges.  ; No services were performed during the 15 month look back period.,,73,,,,,0,Percent of total billed charges,73 percent of charges.  ; No services were performed during the 15 month look back period.,,73,,,,,0,Percent of total billed charges,73 percent of charges.  ; No services were performed during the 15 month look back period.,,73,,,,,0,Percent of total billed charges,73 percent of charges.  ; No services were performed during the 15 month look back period.,,73,,,,,0,Percent of total billed charges,73 percent of charges.  ; No services were performed during the 15 month look back period.,,73,,,,,0,Percent of total billed charges,73 percent of charges.  ; No services were performed during the 15 month look back period.,,73,,,,,0,Percent of total billed charges,73 percent of charges.  ; No services were performed during the 15 month look back period.,,73,,,,,0,Percent of total billed charges,73 percent of charges.  ; No services were performed during the 15 month look back period.,,73,,,,,0,Percent of total billed charges,73 percent of charges.  ; No services were performed during the 15 month look back period.,,73,,,,,0,Percent of total billed charges,73 percent of charges.  ; No services were performed during the 15 month look back period.,,73,,,,,0,Percent of total billed charges,73 percent of charges.  ; No services were performed during the 15 month look back period.,,73,,,,,0,Percent of total billed charges,73 percent of charges.  ; No services were performed during the 15 month look back period.,,73,,,,,0,Percent of total billed charges,73 percent of charges.  ; No services were performed during the 15 month look back period.,,,,,,,,," ",,,,,,,,," ",,,,,,,,," ",,,,,,,,," ",,,,,,,,," ",,,,,,,,," ",,,,,,,,,".  ",,,,,,,,,".  ",,,,,,,,,".  ",,,,,,,,,".  ",,73,,,,,0,Percent of total billed charges,73 percent of charges.  ; No services were performed during the 15 month look back period.,,,,,,,,," ",,,,,,,,,".  ",,,,,,,,,".  ",,,,,,,,,".  ",,,,,,,,," ",,73,,,,,0,Percent of total billed charges,73 percent of charges.  ; No services were performed during the 15 month look back period.,24107.6,,,,,,,Case Rate,". 100 percent of Medicaid DRG. Add-on payment, and lesser of 100% of billed charges. 100 percent of Medicaid DRG. Add-on payment, and lesser of 100% of billed charges.",,,,,,,,," ",24107.6,,,,,,,Case Rate,". 100 percent of Medicaid DRG. Add-on payment, and lesser of 100% of billed charges. 100 percent of Medicaid DRG. Add-on payment, and lesser of 100% of billed charges.",,,,,,,,," ",,,,,,,,," ",,,,,,,,,".  ",,,,,,,,," ",,,,,,,,," ",24107.6,,,,,,,Case Rate,". 100 percent of Medicaid DRG. Add-on payment, and lesser of 100% of billed charges. 100 percent of Medicaid DRG. Add-on payment, and lesser of 100% of billed charges.",,,,,,,,," ",,,,,,,,," ",,,,,,,,,".  ",,,,,,,,,".  ",,,,,,,,," ",,,,,,,,,".  ",,,,,,,,,".  ",,,,,,,,,".  ",,,,,,,,," ",,,,,,,,,".  ",,,,,,,,,".  ",,,,,,,,,".  ",,,,,,,,,".  ",,73,,,,,0,Percent of total billed charges,73 percent of charges.  ; No services were performed during the 15 month look back period.,,73,,,,,0,Percent of total billed charges,73 percent of charges.  ; No services were performed during the 15 month look back period.,,73,,,,,0,Percent of total billed charges,73 percent of charges.  ; No services were performed during the 15 month look back period.,,73,,,,,0,Percent of total billed charges,73 percent of charges.  ; No services were performed during the 15 month look back period.,,73,,,,,0,Percent of total billed charges,73 percent of charges.  ; No services were performed during the 15 month look back period.,,73,,,,,0,Percent of total billed charges,73 percent of charges.  ; No services were performed during the 15 month look back period.,,73,,,,,0,Percent of total billed charges,73 percent of charges.  ; No services were performed during the 15 month look back period.,,73,,,,,0,Percent of total billed charges,73 percent of charges.  ; No services were performed during the 15 month look back period.,,73,,,,,0,Percent of total billed charges,73 percent of charges.  ; No services were performed during the 15 month look back period.,,73,,,,,0,Percent of total billed charges,73 percent of charges.  ; No services were performed during the 15 month look back period.,,73,,,,,0,Percent of total billed charges,73 percent of charges.  ; No services were performed during the 15 month look back period.,,,,,,,,," ",,,,,,,,,".  ",,,,,,,,,".  ",,,,,,,,," ",,,,,,,,,".  ",,,,,,,,,".  ",,,,,,,,,".  ",,73,,,,,0,Percent of total billed charges,73 percent of charges.  ; No services were performed during the 15 month look back period.,48215.2,,,,,,,Case Rate,". 200 percent of Medicaid DRG. Add-on payment, and lesser of 200% of billed charges. 200 percent of Medicaid DRG. Add-on payment, and lesser of 200% of billed charges.",,,,,,,,,".  ",24107.6,,,,,,,Case Rate,". 100 percent of Medicaid DRG. Add-on payment, and lesser of 100% of billed charges. 100 percent of Medicaid DRG. Add-on payment, and lesser of 100% of billed charges.",,,,,,,,," ",,,,,,,,," ",,,,,,,,," ",,,,,,,,," ",,,,,,,,," ",,,,,,,,," ",,,,,,,,,".  ",,,,,,,,,".  ",54242.1,,,,,,,Case Rate,". 225 percent of Medicaid DRG. Add-on payment, and lesser of 100% of billed charges. 225 percent of Medicaid DRG. Add-on payment, and lesser of 100% of billed charges.",54242.1,,,,,,,Case Rate,". 225 percent of Medicaid DRG. Add-on payment, and lesser of 100% of billed charges. 225 percent of Medicaid DRG. Add-on payment, and lesser of 100% of billed charges.",54242.1,,,,,,,Case Rate,". 225 percent of Medicaid DRG. Add-on payment, and lesser of 100% of billed charges. 225 percent of Medicaid DRG. Add-on payment, and lesser of 100% of billed charges.",54242.1,,,,,,,Case Rate,". 225 percent of Medicaid DRG. Add-on payment, and lesser of 100% of billed charges. 225 percent of Medicaid DRG. Add-on payment, and lesser of 100% of billed charges.",54242.1,,,,,,,Case Rate,". 225 percent of Medicaid DRG. Add-on payment, and lesser of 100% of billed charges. 225 percent of Medicaid DRG. Add-on payment, and lesser of 100% of billed charges.",,,,,,,,," ",,,,,,,,,".  ",,,,,,,,," ",,,,,,,,," ",,,,,,,,," ",,,,,,,,," ",,,,,,,,," ",,,,,,,,," ",,,,,,,,," ",,,,,,,,," ",,,,,,,,," ",,,,,,,,," ",,,,,,,,,".  ",,,,,,,,,".  ",,,,,,,,,".  ",,,,,,,,,".  ",,,,,,,,,".  ",,,,,,,,,".  ",,,,,,,,," ",,,,,,,,," ",,,,,,,,," ",,,,,,,,,".  ",,,,,,,,,".  ",,,,,,,,,".  ",,,,,,,,,".  ",,,,,,,,,".  ",,,,,,,,," ",,,,,,,,,".  ",24107.6,,,,,,,Case Rate,". 100 percent of Medicaid DRG. Add-on payment, and lesser of 100% of billed charges. 100 percent of Medicaid DRG. Add-on payment, and lesser of 100% of billed charges.",,,,,,,,," ",,,,,,,,," ",,,,,,,,," ",24107.6,,,,,,,Case Rate,". 100 percent of Medicaid DRG. Add-on payment, and lesser of 100% of billed charges. 100 percent of Medicaid DRG. Add-on payment, and lesser of 100% of billed charges.",54242.1,,,,,,,Case Rate,". 225 percent of Medicaid DRG. Add-on payment, and lesser of 225% of billed charges. 225 percent of Medicaid DRG. Add-on payment, and lesser of 225% of billed charges.",54242.1,,,,,,,Case Rate,". 225 percent of Medicaid DRG. Add-on payment, and lesser of 225% of billed charges. 225 percent of Medicaid DRG. Add-on payment, and lesser of 225% of billed charges.",54242.1,,,,,,,Case Rate,". 225 percent of Medicaid DRG. Add-on payment, and lesser of 225% of billed charges. 225 percent of Medicaid DRG. Add-on payment, and lesser of 225% of billed charges.",54242.1,,,,,,,Case Rate,". 225 percent of Medicaid DRG. Add-on payment, and lesser of 225% of billed charges. 225 percent of Medicaid DRG. Add-on payment, and lesser of 225% of billed charges.",54242.1,,,,,,,Case Rate,". 225 percent of Medicaid DRG. Add-on payment, and lesser of 225% of billed charges. 225 percent of Medicaid DRG. Add-on payment, and lesser of 225% of billed charges.",,,,,,,,," ",24107.6,,,,,,,Case Rate,". 100 percent of Medicaid DRG. Add-on payment, and lesser of 100% of billed charges. 100 percent of Medicaid DRG. Add-on payment, and lesser of 100% of billed charges.",24107.6,,,,,,,Case Rate,". 100 percent of Medicaid DRG. Add-on payment, and lesser of 100% of billed charges. 100 percent of Medicaid DRG. Add-on payment, and lesser of 100% of billed charges.",54242.1,,,,,,,Case Rate,". 225 percent of Medicaid DRG. Add-on payment, and lesser of 225% of billed charges. 225 percent of Medicaid DRG. Add-on payment, and lesser of 225% of billed charges.",54242.1,,,,,,,Case Rate,". 225 percent of Medicaid DRG. Add-on payment, and lesser of 225% of billed charges. 225 percent of Medicaid DRG. Add-on payment, and lesser of 225% of billed charges.",24107.6,,,,,,,Case Rate,". 100 percent of Medicaid DRG. Add-on payment, and lesser of 100% of billed charges. 100 percent of Medicaid DRG. Add-on payment, and lesser of 100% of billed charges.",24107.6,,,,,,,Case Rate,". 100 percent of Medicaid DRG. Add-on payment, and lesser of 100% of billed charges. 100 percent of Medicaid DRG. Add-on payment, and lesser of 100% of billed charges.",54242.1,,,,,,,Case Rate,". 225 percent of Medicaid DRG. Add-on payment, and lesser of 100% of billed charges. 225 percent of Medicaid DRG. Add-on payment, and lesser of 100% of billed charges.",,,,,,,,," ",,,,,,,,," ",,,,,,,,,".  ",,,,,,,,," ",54242.1,,,,,,,Case Rate,". 225 percent of Medicaid DRG. Add-on payment, and lesser of 225% of billed charges. 225 percent of Medicaid DRG. Add-on payment, and lesser of 225% of billed charges.",54242.1,,,,,,,Case Rate,". 225 percent of Medicaid DRG. Add-on payment, and lesser of 225% of billed charges. 225 percent of Medicaid DRG. Add-on payment, and lesser of 225% of billed charges.",24107.6,,,,,,,Case Rate,". 100 percent of Medicaid DRG. Add-on payment, and lesser of 100% of billed charges. 100 percent of Medicaid DRG. Add-on payment, and lesser of 100% of billed charges.",24107.6,,,,,,,Case Rate,". 100 percent of Medicaid DRG. Add-on payment, and lesser of 100% of billed charges. 100 percent of Medicaid DRG. Add-on payment, and lesser of 100% of billed charges.",39306.27,,,,,,,Case Rate,". 225 percent of Medicaid DRG. Add-on payment, and lesser of 225% of billed charges. 225 percent of Medicaid DRG. Add-on payment, and lesser of 225% of billed charges.",24107.6,,,,,,,Case Rate,". 100 percent of Medicaid DRG. Add-on payment, and lesser of 100% of billed charges. 100 percent of Medicaid DRG. Add-on payment, and lesser of 100% of billed charges.",69912.04,,,,,,,Case Rate,". 290 percent of Medicaid DRG. Add-on payment, and lesser of 100% of billed charges. 290 percent of Medicaid DRG. Add-on payment, and lesser of 100% of billed charges.",69912.04,,,,,,,Case Rate,". 290 percent of Medicaid DRG. Add-on payment, and lesser of 100% of billed charges. 290 percent of Medicaid DRG. Add-on payment, and lesser of 100% of billed charges.",69912.04,,,,,,,Case Rate,". 290 percent of Medicaid DRG. Add-on payment, and lesser of 100% of billed charges. 290 percent of Medicaid DRG. Add-on payment, and lesser of 100% of billed charges.",69912.04,,,,,,,Case Rate,". 290 percent of Medicaid DRG. Add-on payment, and lesser of 100% of billed charges. 290 percent of Medicaid DRG. Add-on payment, and lesser of 100% of billed charges.",,,,,,,,," ",,,,,,,,,".  ",32545.26,,,,,,,Case Rate,"135% of Medicaid EP 1 and 2, 100% of medicaid EP 3 and 4.  ",32545.26,,,,,,,Case Rate,"135% of Medicaid EP 1 and 2, 100% of medicaid EP 3 and 4.  ",24107.6,,,,,,,Case Rate,". 100 percent of Medicaid DRG. Add-on payment, and lesser of 100% of billed charges. 100 percent of Medicaid DRG. Add-on payment, and lesser of 100% of billed charges.",24107.6,,,,,,,Case Rate,". 100 percent of Medicaid DRG. Add-on payment, and lesser of 100% of billed charges. 100 percent of Medicaid DRG. Add-on payment, and lesser of 100% of billed charges.",,,,,,,,,".  ",,,,,,,,,".  ",,,,,,,,," ",,,,,,,,,".  ",,,,,,,,,".  ",,,,,,,,,".  ",,,,,,,,,".  ",,,,,,,,," ",,,,,,,,,".  ",,,,,,,,,".  ",,,,,,,,,".  ",24107.6,,,,,,,Case Rate,". 100 percent of Medicaid DRG. Add-on payment, and lesser of 100% of billed charges. 100 percent of Medicaid DRG. Add-on payment, and lesser of 100% of billed charges.",24107.6,,,,,,,Case Rate,". 100 percent of Medicaid DRG. Add-on payment, and lesser of 100% of billed charges. 100 percent of Medicaid DRG. Add-on payment, and lesser of 100% of billed charges.",54242.1,,,,,,,Case Rate,". 225 percent of Medicaid DRG. Add-on payment, and lesser of 225% of billed charges. 225 percent of Medicaid DRG. Add-on payment, and lesser of 225% of billed charges.",39306.27,,,,,,,Case Rate,". 225 percent of Medicaid DRG. Add-on payment, and lesser of 225% of billed charges. 225 percent of Medicaid DRG. Add-on payment, and lesser of 225% of billed charges.",24107.6,,,,,,,Case Rate,". 100 percent of Medicaid DRG. Add-on payment, and lesser of 100% of billed charges. 100 percent of Medicaid DRG. Add-on payment, and lesser of 100% of billed charges.",54242.1,,,,,,,Case Rate,". 225 percent of Medicaid DRG. Add-on payment, and lesser of 225% of billed charges. 225 percent of Medicaid DRG. Add-on payment, and lesser of 225% of billed charges.",54242.1,,,,,,,Case Rate,". 225 percent of Medicaid DRG. Add-on payment, and lesser of 225% of billed charges. 225 percent of Medicaid DRG. Add-on payment, and lesser of 225% of billed charges.",54242.1,,,,,,,Case Rate,". 225 percent of Medicaid DRG. Add-on payment, and lesser of 225% of billed charges. 225 percent of Medicaid DRG. Add-on payment, and lesser of 225% of billed charges.",54242.1,,,,,,,Case Rate,". 225 percent of Medicaid DRG. Add-on payment, and lesser of 225% of billed charges. 225 percent of Medicaid DRG. Add-on payment, and lesser of 225% of billed charges.",54242.1,,,,,,,Case Rate,". 225 percent of Medicaid DRG. Add-on payment, and lesser of 225% of billed charges. 225 percent of Medicaid DRG. Add-on payment, and lesser of 225% of billed charges.",54242.1,,,,,,,Case Rate,". 225 percent of Medicaid DRG. Add-on payment, and lesser of 225% of billed charges. 225 percent of Medicaid DRG. Add-on payment, and lesser of 225% of billed charges.",,,,,,,,," ",,,,,,,,," ",,,,,,,,," ",,,,,,,,,".  ",,,,,,,,," ",,,,,,,,," ",,,,,,,,,".  ",,,,,,,,," ",,,,,,,,," ",32545.26,,,,,,,Case Rate,"135% of Medicaid EP 1 and 2, 100% of medicaid EP 3 and 4.  ",32545.26,,,,,,,Case Rate,"135% of Medicaid EP 1 and 2, 100% of medicaid EP 3 and 4.  ",24107.6,,,,,,,Case Rate,". 100 percent of Medicaid DRG. Add-on payment, and lesser of 100% of billed charges. 100 percent of Medicaid DRG. Add-on payment, and lesser of 100% of billed charges.",24107.6,,,,,,,Case Rate,". 100 percent of Medicaid DRG. Add-on payment, and lesser of 100% of billed charges. 100 percent of Medicaid DRG. Add-on payment, and lesser of 100% of billed charges.",24107.6,,,,,,,Case Rate,". 100 percent of Medicaid DRG. Add-on payment, and lesser of 100% of billed charges. 100 percent of Medicaid DRG. Add-on payment, and lesser of 100% of billed charges.",,,,,,,,," ",,,,,,,,,".  ",,,,,,,,," ",,,,,,,,,".  ",,,,,,,,," ",,,,,,,,," ",,,,,,,,," ",,,,,,,,," ",,,,,,,,," ",,,,,,,,," ",,,,,,,,," ",54242.1,,,,,,,Case Rate,". 225 percent of Medicaid DRG. Add-on payment, and lesser of 225% of billed charges. 225 percent of Medicaid DRG. Add-on payment, and lesser of 225% of billed charges.",24107.6,,,,,,,Case Rate,". 100 percent of Medicaid DRG. Add-on payment, and lesser of 100% of billed charges. 100 percent of Medicaid DRG. Add-on payment, and lesser of 100% of billed charges.",,,,,,,,,".  ",,,,,,,,," ",,,,,,,,," ",,,,,,,,," ",,,,,,,,," ",,,,,,,,," ",24107.6,,,,,,,Case Rate,". 100 percent of Medicaid DRG. Add-on payment, and lesser of 100% of billed charges. 100 percent of Medicaid DRG. Add-on payment, and lesser of 100% of billed charges.",,,,,,,,,".  ",24107.6,,,,,,,Case Rate,". 100 percent of Medicaid DRG. Add-on payment, and lesser of 100% of billed charges. 100 percent of Medicaid DRG. Add-on payment, and lesser of 100% of billed charges.",,,,,,,,," ",24107.6,,,,,,,Case Rate,". 100 percent of Medicaid DRG. Add-on payment, and lesser of 100% of billed charges. 100 percent of Medicaid DRG. Add-on payment, and lesser of 100% of billed charges.",,,,,,,,," ",,,,,,,,," ",24107.6,,,,,,,Case Rate,". 100 percent of Medicaid DRG. Add-on payment, and lesser of 100% of billed charges. 100 percent of Medicaid DRG. Add-on payment, and lesser of 100% of billed charges.",24107.6,,,,,,,Case Rate,". 100 percent of Medicaid DRG. Add-on payment, and lesser of 100% of billed charges. 100 percent of Medicaid DRG. Add-on payment, and lesser of 100% of billed charges.",,,,,,,,," ",,,,,,,,,".  ",,73,,,,,0,Percent of total billed charges,73 percent of charges.  ; No services were performed during the 15 month look back period.,,,,,,,,,".  ",,,,,,,,,".  ",,,,,,,,,".  ",,,,,,,,," ",,,,,,,,," ",,,,,,,,," ",,,,,,,,,".  ",,,,,,,,,".  ",,,,,,,,," ",,,,,,,,," ",,,,,,,,," ",,,,,,,,," ",,,,,,,,,".  ",,,,,,,,,".  ",,,,,,,,,".  ",,,,,,,,," ",,,,,,,,,".  ",,,,,,,,," ",24107.6,,,,,,,Case Rate,". 100 percent of Medicaid DRG. Add-on payment, and lesser of 100% of billed charges. 100 percent of Medicaid DRG. Add-on payment, and lesser of 100% of billed charges.",24107.6,,,,,,,Case Rate,". 100 percent of Medicaid DRG. Add-on payment, and lesser of 100% of billed charges. 100 percent of Medicaid DRG. Add-on payment, and lesser of 100% of billed charges.",,,,,,,,," ",,,,,,,,,".  ",,,,,,,,,".  ",,,,,,,,,".  ",,,,,,,,,".  ",,,,,,,,," ",25312.98,,,,,,,Case Rate,". 105 percent of Medicaid DRG. Add-on payment, and lesser of 100% of billed charges. 105 percent of Medicaid DRG. Add-on payment, and lesser of 100% of billed charges.",25312.98,,,,,,,Case Rate,". 105 percent of Medicaid DRG. Add-on payment, and lesser of 100% of billed charges. 105 percent of Medicaid DRG. Add-on payment, and lesser of 100% of billed charges.",25312.98,,,,,,,Case Rate,". 105 percent of Medicaid DRG. Add-on payment, and lesser of 100% of billed charges. 105 percent of Medicaid DRG. Add-on payment, and lesser of 100% of billed charges.",25312.98,,,,,,,Case Rate,". 105 percent of Medicaid DRG. Add-on payment, and lesser of 100% of billed charges. 105 percent of Medicaid DRG. Add-on payment, and lesser of 100% of billed charges.",,,,,,,,,".  ",25312.98,,,,,,,Case Rate,". 105 percent of Medicaid DRG. Add-on payment, and lesser of 100% of billed charges. 105 percent of Medicaid DRG. Add-on payment, and lesser of 100% of billed charges.",25312.98,,,,,,,Case Rate,". 105 percent of Medicaid DRG. Add-on payment, and lesser of 100% of billed charges. 105 percent of Medicaid DRG. Add-on payment, and lesser of 100% of billed charges.",25312.98,,,,,,,Case Rate,". 105 percent of Medicaid DRG. Add-on payment, and lesser of 100% of billed charges. 105 percent of Medicaid DRG. Add-on payment, and lesser of 100% of billed charges.",25312.98,,,,,,,Case Rate,". 105 percent of Medicaid DRG. Add-on payment, and lesser of 100% of billed charges. 105 percent of Medicaid DRG. Add-on payment, and lesser of 100% of billed charges.",25312.98,,,,,,,Case Rate,". 105 percent of Medicaid DRG. Add-on payment, and lesser of 100% of billed charges. 105 percent of Medicaid DRG. Add-on payment, and lesser of 100% of billed charges.",25312.98,,,,,,,Case Rate,". 105 percent of Medicaid DRG. Add-on payment, and lesser of 100% of billed charges. 105 percent of Medicaid DRG. Add-on payment, and lesser of 100% of billed charges.",25312.98,,,,,,,Case Rate,". 105 percent of Medicaid DRG. Add-on payment, and lesser of 100% of billed charges. 105 percent of Medicaid DRG. Add-on payment, and lesser of 100% of billed charges.",,,,,,,,," ",,,,,,,,,".  ",,,,,,,,," ",25312.98,,,,,,,Case Rate,". 105 percent of Medicaid DRG. Add-on payment, and lesser of 100% of billed charges. 105 percent of Medicaid DRG. Add-on payment, and lesser of 100% of billed charges.",,,,,,,,,".  ",,,,,,,,," ",,,,,,,,,".  ",,,,,,,,,".  ",,,,,,,,,".  ",25312.98,,,,,,,Case Rate,". 105 percent of Medicaid DRG. Add-on payment, and lesser of 100% of billed charges. 105 percent of Medicaid DRG. Add-on payment, and lesser of 100% of billed charges.",,,,,,,,," ",,,,,,,,,".  ",25312.98,,,,,,,Case Rate,". 105 percent of Medicaid DRG. Add-on payment, and lesser of 100% of billed charges. 105 percent of Medicaid DRG. Add-on payment, and lesser of 100% of billed charges.",,,,,,,,,".  ",,,,,,,,,".  ",,,,,,,,," ",,,,,,,,," ",,,,,,,,," ",,,,,,,,," ",,,,,,,,," ",,,,,,,,," ",,,,,,,,," ",,,,,,,,," ",,,,,,,,," ",,,,,,,,," ",,,,,,,,," ",,,,,,,,," ",,,,,,,,," ",,,,,,,,," ",,,,,,,,," ",,,,,,,,," ",54242.1,,,,,,,Case Rate,". 225 percent of Medicaid DRG. Add-on payment, and lesser of 225% of billed charges. 225 percent of Medicaid DRG. Add-on payment, and lesser of 225% of billed charges.",24107.6,,,,,,,Case Rate,". 100 percent of Medicaid DRG. Add-on payment, and lesser of 100% of billed charges. 100 percent of Medicaid DRG. Add-on payment, and lesser of 100% of billed charges.",,,,,,,,,".  ",,,,,,,,,".  ",,,,,,,,," ",,,,,,,,," ",,,,,,,,," ",,,,,,,,," ",,,,,,,,,".  ",,,,,,,,," ",,,,,,,,,".  ",,,,,,,,," ",,,,,,,,,".  ",,,,,,,,,".  ",,,,,,,,,".  ",,,,,,,,," ",24107.6,,,,,,,Case Rate,". 100 percent of Medicaid DRG. Add-on payment, and lesser of 100% of billed charges. 100 percent of Medicaid DRG. Add-on payment, and lesser of 100% of billed charges.",,,,,,,,," ",,,,,,,,,".  ",,,,,,,,,".  ",24107.6,,,,,,,Case Rate,". 100 percent of Medicaid DRG. Add-on payment, and lesser of 100% of billed charges. 100 percent of Medicaid DRG. Add-on payment, and lesser of 100% of billed charges.",,,,,,,,,".  ",24107.6,,,,,,,Case Rate,". 100 percent of Medicaid DRG. Add-on payment, and lesser of 100% of billed charges. 100 percent of Medicaid DRG. Add-on payment, and lesser of 100% of billed charges.",24107.6,,,,,,,Case Rate,". 100 percent of Medicaid DRG. Add-on payment, and lesser of 100% of billed charges. 100 percent of Medicaid DRG. Add-on payment, and lesser of 100% of billed charges.",,,,,,,,,".  ",,,,,,,,,".  ",,,,,,,,,".  ",,,,,,,,,".  ",,,,,,,,,".  ",,,,,,,,,".  ",,,,,,,,,".  ",,,,,,,,," ",,,,,,,,," ",,,,,,,,," ",24107.6,,,,,,,Case Rate,". 100 percent of Medicaid DRG. Add-on payment, and lesser of 100% of billed charges. 100 percent of Medicaid DRG. Add-on payment, and lesser of 100% of billed charges.",,,,,,,,,".  ",,,,,,,,,".  ",,,,,,,,,".  ",,,,,,,,,".  ",,,,,,,,,".  ",,,,,,,,,".  ",,,,,,,,,".  ",,,,,,,,,".  ",,,,,,,,,".  ",,,,,,,,,".  ",,,,,,,,," ",17469.46,69912.04,
APR421-3,DRG,,,,,"APR421-3 MALNUTRITION, FAILURE TO THRIVE & OTHER NUTRITIONAL DISORDERS",,,Inpatient,,,,,,,,,,,,".  ",,,,,,,,,".  ",,,,,,,,,". GMLOS + 8 Outlier per Diem $6,968.00. Add-on payment, and lesser of 100% of billed charges. GMLOS + 8 Outlier per Diem $6,968.00. Add-on payment, and lesser of 100% of billed charges.",,100,,,,,0,Percent of total billed charges,100 percent of charges.  ; No services were performed during the 15 month look back period.,,,,,,,,,". 100 percent of Medicare DRG. Add-on payment,  . 100 percent of Medicare DRG. Add-on payment,  .",,,,,,,,,". GMLOS + 8 Outlier per Diem $6,968.00. Add-on payment, and lesser of 100% of billed charges. GMLOS + 8 Outlier per Diem $6,968.00. Add-on payment, and lesser of 100% of billed charges.",,,,,,,,,". GMLOS + 8 Outlier per Diem $6,968.00. Add-on payment, and lesser of 100% of billed charges. GMLOS + 8 Outlier per Diem $6,968.00. Add-on payment, and lesser of 100% of billed charges.",,,,,,,,,". GMLOS + 8 Outlier per Diem $6,968.00. Add-on payment, and lesser of 100% of billed charges. GMLOS + 8 Outlier per Diem $6,968.00. Add-on payment, and lesser of 100% of billed charges.",27277.72,,,,,,,Case Rate,". 155 percent of Medicaid DRG. Add-on payment, and lesser of 100% of billed charges. 155 percent of Medicaid DRG. Add-on payment, and lesser of 100% of billed charges.",17598.53,,,,,,,Case Rate,". 100 percent of Medicaid DRG. Add-on payment, and lesser of 100% of billed charges. 100 percent of Medicaid DRG. Add-on payment, and lesser of 100% of billed charges.",,73,,,,,0,Percent of total billed charges,73 percent of charges.  ; No services were performed during the 15 month look back period.,,,,,,,,,".  ",17598.53,,,,,,,Case Rate,". 100 percent of Medicaid DRG. Add-on payment, and lesser of 100% of billed charges. 100 percent of Medicaid DRG. Add-on payment, and lesser of 100% of billed charges.",,,,,,,,,". 100 percent of Medicare DRG. Add-on payment,  . 100 percent of Medicare DRG. Add-on payment,  .",,,,,,,,,".  ",,,,,,,,,".  ",,,,,,,,,".  ",,,,,,,,,".  ",17598.53,,,,,,,Case Rate,". 100 percent of Medicaid DRG. Add-on payment, and lesser of 100% of billed charges. 100 percent of Medicaid DRG. Add-on payment, and lesser of 100% of billed charges.",,,,,,,,,". 100 percent of Medicare DRG. Add-on payment,  . 100 percent of Medicare DRG. Add-on payment,  .",17598.53,,,,,,,Case Rate,". 100 percent of Medicaid DRG. Add-on payment, and lesser of 100% of billed charges. 100 percent of Medicaid DRG. Add-on payment, and lesser of 100% of billed charges.",,73,,,,,0,Percent of total billed charges,73 percent of charges.  ; No services were performed during the 15 month look back period.,,,,,,,,,". GMLOS + 8 Outlier per Diem $6,968.00. Add-on payment, and lesser of 100% of billed charges. GMLOS + 8 Outlier per Diem $6,968.00. Add-on payment, and lesser of 100% of billed charges.",,,,,,,,,". 100 percent of Medicare DRG. Add-on payment, and lesser of 100% of billed charges. 100 percent of Medicare DRG. Add-on payment, and lesser of 100% of billed charges.",,,,,,,,," ",,,,,,,,,". 100 percent of Medicare DRG. Add-on payment, and lesser of 100% of billed charges. 100 percent of Medicare DRG. Add-on payment, and lesser of 100% of billed charges.",,,,,,,,,". 100 percent of Medicare DRG. Add-on payment, and lesser of 100% of billed charges. 100 percent of Medicare DRG. Add-on payment, and lesser of 100% of billed charges.",,73,,,,,0,Percent of total billed charges,73 percent of charges.  ; No services were performed during the 15 month look back period.,17598.53,,,,,,,Case Rate,". 100 percent of Medicaid DRG. Add-on payment, and lesser of 100% of billed charges. 100 percent of Medicaid DRG. Add-on payment, and lesser of 100% of billed charges.",17598.53,,,,,,,Case Rate,". 100 percent of Medicaid DRG. Add-on payment, and lesser of 100% of billed charges. 100 percent of Medicaid DRG. Add-on payment, and lesser of 100% of billed charges.",17598.53,,,,,,,Case Rate,". 100 percent of Medicaid DRG. Add-on payment, and lesser of 100% of billed charges. 100 percent of Medicaid DRG. Add-on payment, and lesser of 100% of billed charges.",17598.53,,,,,,,Case Rate,". 100 percent of Medicaid DRG. Add-on payment, and lesser of 100% of billed charges. 100 percent of Medicaid DRG. Add-on payment, and lesser of 100% of billed charges.",,,,,,,,," ",,,,,,,,," ",17598.53,,,,,,,Case Rate,". 100 percent of Medicaid DRG. Add-on payment, and lesser of 100% of billed charges. 100 percent of Medicaid DRG. Add-on payment, and lesser of 100% of billed charges.",,,,,,,,," ",17598.53,,,,,,,Case Rate,". 100 percent of Medicaid DRG. Add-on payment, and lesser of 100% of billed charges. 100 percent of Medicaid DRG. Add-on payment, and lesser of 100% of billed charges.",,,,,,,,,". 100 percent of Medicare DRG. Add-on payment, . 100 percent of Medicare DRG. Add-on payment, .",,,,,,,,," ",,73,,,,,0,Percent of total billed charges,73 percent of charges.  ; No services were performed during the 15 month look back period.,17598.53,,,,,,,Case Rate,". 100 percent of Medicaid DRG. Add-on payment, and lesser of 100% of billed charges. 100 percent of Medicaid DRG. Add-on payment, and lesser of 100% of billed charges.",17598.53,,,,,,,Case Rate,". 100 percent of Medicaid DRG. Add-on payment, and lesser of 100% of billed charges. 100 percent of Medicaid DRG. Add-on payment, and lesser of 100% of billed charges.",,73,,,,,0,Percent of total billed charges,73 percent of charges.  ; No services were performed during the 15 month look back period.,,,,,,,,,".  ",,,,,,,,,".  ",,,,,,,,,".  ",,73,,,,,0,Percent of total billed charges,73 percent of charges.  ; No services were performed during the 15 month look back period.,,,,,,,,,". 100 percent of Medicare DRG. Add-on payment,  . 100 percent of Medicare DRG. Add-on payment,  .",,,,,,,,,".  ",,,,,,,,,".  ",,,,,,,,,".  ",,,,,,,,,". 100 percent of Medicare DRG. Add-on payment,  . 100 percent of Medicare DRG. Add-on payment,  .",,,,,,,,,".  ",,,,,,,,,".  ",,,,,,,,,". 100 percent of Medicare DRG. Add-on payment, and lesser of 100% of billed charges. 100 percent of Medicare DRG. Add-on payment, and lesser of 100% of billed charges.",,,,,,,,,".  ",,,,,,,,,".  ",,,,,,,,,".  ",,,,,,,,,".  ",,,,,,,,,".  ",,,,,,,,,".  ",,,,,,,,,".  ",,,,,,,,,". 100 percent of Medicare DRG. Add-on payment,  . 100 percent of Medicare DRG. Add-on payment,  .",,,,,,,,,". 100 percent of Medicare DRG. Add-on payment,  . 100 percent of Medicare DRG. Add-on payment,  .",,,,,,,,,".  ",,73,,,,,0,Percent of total billed charges,73 percent of charges.  ; No services were performed during the 15 month look back period.,,73,,,,,0,Percent of total billed charges,73 percent of charges.  ; No services were performed during the 15 month look back period.,,73,,,,,0,Percent of total billed charges,73 percent of charges.  ; No services were performed during the 15 month look back period.,,73,,,,,0,Percent of total billed charges,73 percent of charges.  ; No services were performed during the 15 month look back period.,,73,,,,,0,Percent of total billed charges,73 percent of charges.  ; No services were performed during the 15 month look back period.,,73,,,,,0,Percent of total billed charges,73 percent of charges.  ; No services were performed during the 15 month look back period.,,73,,,,,0,Percent of total billed charges,73 percent of charges.  ; No services were performed during the 15 month look back period.,,73,,,,,0,Percent of total billed charges,73 percent of charges.  ; No services were performed during the 15 month look back period.,,73,,,,,0,Percent of total billed charges,73 percent of charges.  ; No services were performed during the 15 month look back period.,,73,,,,,0,Percent of total billed charges,73 percent of charges.  ; No services were performed during the 15 month look back period.,,73,,,,,0,Percent of total billed charges,73 percent of charges.  ; No services were performed during the 15 month look back period.,,73,,,,,0,Percent of total billed charges,73 percent of charges.  ; No services were performed during the 15 month look back period.,,73,,,,,0,Percent of total billed charges,73 percent of charges.  ; No services were performed during the 15 month look back period.,,73,,,,,0,Percent of total billed charges,73 percent of charges.  ; No services were performed during the 15 month look back period.,,73,,,,,0,Percent of total billed charges,73 percent of charges.  ; No services were performed during the 15 month look back period.,,73,,,,,0,Percent of total billed charges,73 percent of charges.  ; No services were performed during the 15 month look back period.,,73,,,,,0,Percent of total billed charges,73 percent of charges.  ; No services were performed during the 15 month look back period.,,73,,,,,0,Percent of total billed charges,73 percent of charges.  ; No services were performed during the 15 month look back period.,,73,,,,,0,Percent of total billed charges,73 percent of charges.  ; No services were performed during the 15 month look back period.,,73,,,,,0,Percent of total billed charges,73 percent of charges.  ; No services were performed during the 15 month look back period.,,73,,,,,0,Percent of total billed charges,73 percent of charges.  ; No services were performed during the 15 month look back period.,,73,,,,,0,Percent of total billed charges,73 percent of charges.  ; No services were performed during the 15 month look back period.,,73,,,,,0,Percent of total billed charges,73 percent of charges.  ; No services were performed during the 15 month look back period.,,73,,,,,0,Percent of total billed charges,73 percent of charges.  ; No services were performed during the 15 month look back period.,,73,,,,,0,Percent of total billed charges,73 percent of charges.  ; No services were performed during the 15 month look back period.,,73,,,,,0,Percent of total billed charges,73 percent of charges.  ; No services were performed during the 15 month look back period.,,,,,,,,," ",,,,,,,,," ",,,,,,,,," ",,,,,,,,," ",,,,,,,,," ",,,,,,,,," ",,,,,,,,,".  ",,,,,,,,,".  ",,,,,,,,,".  ",,,,,,,,,".  ",,73,,,,,0,Percent of total billed charges,73 percent of charges.  ; No services were performed during the 15 month look back period.,,,,,,,,," ",,,,,,,,,".  ",,,,,,,,,".  ",,,,,,,,,".  ",,,,,,,,," ",,73,,,,,0,Percent of total billed charges,73 percent of charges.  ; No services were performed during the 15 month look back period.,17598.53,,,,,,,Case Rate,". 100 percent of Medicaid DRG. Add-on payment, and lesser of 100% of billed charges. 100 percent of Medicaid DRG. Add-on payment, and lesser of 100% of billed charges.",,,,,,,,," ",17598.53,,,,,,,Case Rate,". 100 percent of Medicaid DRG. Add-on payment, and lesser of 100% of billed charges. 100 percent of Medicaid DRG. Add-on payment, and lesser of 100% of billed charges.",,,,,,,,,". 100 percent of Medicare DRG. Add-on payment, . 100 percent of Medicare DRG. Add-on payment, .",,,,,,,,,". 100 percent of Medicare DRG. Add-on payment,  . 100 percent of Medicare DRG. Add-on payment,  .",,,,,,,,,".  ",,,,,,,,,". 100 percent of Medicare DRG. Add-on payment,  . 100 percent of Medicare DRG. Add-on payment,  .",,,,,,,,,". 100 percent of Medicare DRG. Add-on payment,  . 100 percent of Medicare DRG. Add-on payment,  .",17598.53,,,,,,,Case Rate,". 100 percent of Medicaid DRG. Add-on payment, and lesser of 100% of billed charges. 100 percent of Medicaid DRG. Add-on payment, and lesser of 100% of billed charges.",,,,,,,,,". 100 percent of Medicare DRG. Add-on payment,  . 100 percent of Medicare DRG. Add-on payment,  .",,,,,,,,,". 100 percent of Medicare DRG. Add-on payment,  . 100 percent of Medicare DRG. Add-on payment,  .",,,,,,,,,". GMLOS + 8 Outlier per Diem $6,968.00. Add-on payment, and lesser of 100% of billed charges. GMLOS + 8 Outlier per Diem $6,968.00. Add-on payment, and lesser of 100% of billed charges.",,,,,,,,,". GMLOS + 8 Outlier per Diem $6,968.00. Add-on payment, and lesser of 100% of billed charges. GMLOS + 8 Outlier per Diem $6,968.00. Add-on payment, and lesser of 100% of billed charges.",,,,,,,,,". 100 percent of Medicare DRG. Add-on payment,  . 100 percent of Medicare DRG. Add-on payment,  .",,,,,,,,,".  ",,,,,,,,,".  ",,,,,,,,,".  ",,,,,,,,,". 100 percent of Medicare DRG. Add-on payment,  . 100 percent of Medicare DRG. Add-on payment,  .",,,,,,,,,".  ",,,,,,,,,". GMLOS + 8 Outlier per Diem $6,968.00. Add-on payment, and lesser of 100% of billed charges. GMLOS + 8 Outlier per Diem $6,968.00. Add-on payment, and lesser of 100% of billed charges.",,,,,,,,,". GMLOS + 8 Outlier per Diem $6,968.00. Add-on payment, and lesser of 100% of billed charges. GMLOS + 8 Outlier per Diem $6,968.00. Add-on payment, and lesser of 100% of billed charges.",,,,,,,,,". GMLOS + 8 Outlier per Diem $6,968.00. Add-on payment, and lesser of 100% of billed charges. GMLOS + 8 Outlier per Diem $6,968.00. Add-on payment, and lesser of 100% of billed charges.",,73,,,,,0,Percent of total billed charges,73 percent of charges.  ; No services were performed during the 15 month look back period.,,73,,,,,0,Percent of total billed charges,73 percent of charges.  ; No services were performed during the 15 month look back period.,,73,,,,,0,Percent of total billed charges,73 percent of charges.  ; No services were performed during the 15 month look back period.,,73,,,,,0,Percent of total billed charges,73 percent of charges.  ; No services were performed during the 15 month look back period.,,73,,,,,0,Percent of total billed charges,73 percent of charges.  ; No services were performed during the 15 month look back period.,,73,,,,,0,Percent of total billed charges,73 percent of charges.  ; No services were performed during the 15 month look back period.,,73,,,,,0,Percent of total billed charges,73 percent of charges.  ; No services were performed during the 15 month look back period.,,73,,,,,0,Percent of total billed charges,73 percent of charges.  ; No services were performed during the 15 month look back period.,,73,,,,,0,Percent of total billed charges,73 percent of charges.  ; No services were performed during the 15 month look back period.,,73,,,,,0,Percent of total billed charges,73 percent of charges.  ; No services were performed during the 15 month look back period.,,73,,,,,0,Percent of total billed charges,73 percent of charges.  ; No services were performed during the 15 month look back period.,,,,,,,,," ",,,,,,,,,".  ",,,,,,,,,".  ",,,,,,,,,". 100 percent of Medicare DRG. Add-on payment,  . 100 percent of Medicare DRG. Add-on payment,  .",,,,,,,,,". GMLOS + 8 Outlier per Diem $6,968.00. Add-on payment, and lesser of 100% of billed charges. GMLOS + 8 Outlier per Diem $6,968.00. Add-on payment, and lesser of 100% of billed charges.",,,,,,,,,".  ",,,,,,,,,".  ",,73,,,,,0,Percent of total billed charges,73 percent of charges.  ; No services were performed during the 15 month look back period.,35197.06,,,,,,,Case Rate,". 200 percent of Medicaid DRG. Add-on payment, and lesser of 200% of billed charges. 200 percent of Medicaid DRG. Add-on payment, and lesser of 200% of billed charges.",,,,,,,,,".  ",17598.53,,,,,,,Case Rate,". 100 percent of Medicaid DRG. Add-on payment, and lesser of 100% of billed charges. 100 percent of Medicaid DRG. Add-on payment, and lesser of 100% of billed charges.",,,,,,,,,". 100 percent of Medicare DRG. Add-on payment,  . 100 percent of Medicare DRG. Add-on payment,  .",,,,,,,,,". 100 percent of Medicare DRG. Add-on payment,  . 100 percent of Medicare DRG. Add-on payment,  .",,,,,,,,,". 100 percent of Medicare DRG. Add-on payment,  . 100 percent of Medicare DRG. Add-on payment,  .",,,,,,,,,". 100 percent of Medicare DRG. Add-on payment,  . 100 percent of Medicare DRG. Add-on payment,  .",,,,,,,,,". 100 percent of Medicare DRG. Add-on payment,  . 100 percent of Medicare DRG. Add-on payment,  .",,,,,,,,,". 100 percent of Medicare DRG. Add-on payment,  . 100 percent of Medicare DRG. Add-on payment,  .",,,,,,,,,".  ",,,,,,,,,".  ",39596.69,,,,,,,Case Rate,". 225 percent of Medicaid DRG. Add-on payment, and lesser of 100% of billed charges. 225 percent of Medicaid DRG. Add-on payment, and lesser of 100% of billed charges.",39596.69,,,,,,,Case Rate,". 225 percent of Medicaid DRG. Add-on payment, and lesser of 100% of billed charges. 225 percent of Medicaid DRG. Add-on payment, and lesser of 100% of billed charges.",39596.69,,,,,,,Case Rate,". 225 percent of Medicaid DRG. Add-on payment, and lesser of 100% of billed charges. 225 percent of Medicaid DRG. Add-on payment, and lesser of 100% of billed charges.",39596.69,,,,,,,Case Rate,". 225 percent of Medicaid DRG. Add-on payment, and lesser of 100% of billed charges. 225 percent of Medicaid DRG. Add-on payment, and lesser of 100% of billed charges.",39596.69,,,,,,,Case Rate,". 225 percent of Medicaid DRG. Add-on payment, and lesser of 100% of billed charges. 225 percent of Medicaid DRG. Add-on payment, and lesser of 100% of billed charges.",,,,,,,,," ",,,,,,,,,".  ",,,,,,,,," ",,,,,,,,," ",,,,,,,,," ",,,,,,,,," ",,,,,,,,," ",,,,,,,,,". 100 percent of Medicare DRG. Add-on payment,  . 100 percent of Medicare DRG. Add-on payment,  .",,,,,,,,," ",,,,,,,,," ",,,,,,,,," ",,,,,,,,," ",,,,,,,,,". GMLOS + 8 Outlier per Diem $6,968.00. Add-on payment, and lesser of 100% of billed charges. GMLOS + 8 Outlier per Diem $6,968.00. Add-on payment, and lesser of 100% of billed charges.",,,,,,,,,". GMLOS + 8 Outlier per Diem $6,968.00. Add-on payment, and lesser of 100% of billed charges. GMLOS + 8 Outlier per Diem $6,968.00. Add-on payment, and lesser of 100% of billed charges.",,,,,,,,,". GMLOS + 8 Outlier per Diem $6,968.00. Add-on payment, and lesser of 100% of billed charges. GMLOS + 8 Outlier per Diem $6,968.00. Add-on payment, and lesser of 100% of billed charges.",,,,,,,,,". GMLOS + 8 Outlier per Diem $6,968.00. Add-on payment, and lesser of 100% of billed charges. GMLOS + 8 Outlier per Diem $6,968.00. Add-on payment, and lesser of 100% of billed charges.",,,,,,,,,".  ",,,,,,,,,".  ",,,,,,,,,". 100 percent of Medicare DRG. Add-on payment,  . 100 percent of Medicare DRG. Add-on payment,  .",,,,,,,,,". 100 percent of Medicare DRG. Add-on payment,  . 100 percent of Medicare DRG. Add-on payment,  .",,,,,,,,,". 100 percent of Medicare DRG. Add-on payment,  . 100 percent of Medicare DRG. Add-on payment,  .",,,,,,,,,".  ",,,,,,,,,".  ",,,,,,,,,".  ",,,,,,,,,".  ",,,,,,,,,". GMLOS + 8 Outlier per Diem $6,968.00. Add-on payment, and lesser of 100% of billed charges. GMLOS + 8 Outlier per Diem $6,968.00. Add-on payment, and lesser of 100% of billed charges.",,,,,,,,,". 100 percent of Medicare DRG. Add-on payment,  . 100 percent of Medicare DRG. Add-on payment,  .",,,,,,,,,".  ",17598.53,,,,,,,Case Rate,". 100 percent of Medicaid DRG. Add-on payment, and lesser of 100% of billed charges. 100 percent of Medicaid DRG. Add-on payment, and lesser of 100% of billed charges.",,,,,,,,,". 100 percent of Medicare DRG. Add-on payment, and lesser of 100% of billed charges. 100 percent of Medicare DRG. Add-on payment, and lesser of 100% of billed charges.",,,,,,,,,". 100 percent of Medicare DRG. Add-on payment, and lesser of 100% of billed charges. 100 percent of Medicare DRG. Add-on payment, and lesser of 100% of billed charges.",,,,,,,,,". 100 percent of Medicare DRG. Add-on payment, and lesser of 100% of billed charges. 100 percent of Medicare DRG. Add-on payment, and lesser of 100% of billed charges.",17598.53,,,,,,,Case Rate,". 100 percent of Medicaid DRG. Add-on payment, and lesser of 100% of billed charges. 100 percent of Medicaid DRG. Add-on payment, and lesser of 100% of billed charges.",39596.69,,,,,,,Case Rate,". 225 percent of Medicaid DRG. Add-on payment, and lesser of 225% of billed charges. 225 percent of Medicaid DRG. Add-on payment, and lesser of 225% of billed charges.",39596.69,,,,,,,Case Rate,". 225 percent of Medicaid DRG. Add-on payment, and lesser of 225% of billed charges. 225 percent of Medicaid DRG. Add-on payment, and lesser of 225% of billed charges.",39596.69,,,,,,,Case Rate,". 225 percent of Medicaid DRG. Add-on payment, and lesser of 225% of billed charges. 225 percent of Medicaid DRG. Add-on payment, and lesser of 225% of billed charges.",39596.69,,,,,,,Case Rate,". 225 percent of Medicaid DRG. Add-on payment, and lesser of 225% of billed charges. 225 percent of Medicaid DRG. Add-on payment, and lesser of 225% of billed charges.",39596.69,,,,,,,Case Rate,". 225 percent of Medicaid DRG. Add-on payment, and lesser of 225% of billed charges. 225 percent of Medicaid DRG. Add-on payment, and lesser of 225% of billed charges.",,,,,,,,,". 100 percent of Medicare DRG. Add-on payment, and lesser of 100% of billed charges. 100 percent of Medicare DRG. Add-on payment, and lesser of 100% of billed charges.",17598.53,,,,,,,Case Rate,". 100 percent of Medicaid DRG. Add-on payment, and lesser of 100% of billed charges. 100 percent of Medicaid DRG. Add-on payment, and lesser of 100% of billed charges.",17598.53,,,,,,,Case Rate,". 100 percent of Medicaid DRG. Add-on payment, and lesser of 100% of billed charges. 100 percent of Medicaid DRG. Add-on payment, and lesser of 100% of billed charges.",39596.69,,,,,,,Case Rate,". 225 percent of Medicaid DRG. Add-on payment, and lesser of 225% of billed charges. 225 percent of Medicaid DRG. Add-on payment, and lesser of 225% of billed charges.",39596.69,,,,,,,Case Rate,". 225 percent of Medicaid DRG. Add-on payment, and lesser of 225% of billed charges. 225 percent of Medicaid DRG. Add-on payment, and lesser of 225% of billed charges.",17598.53,,,,,,,Case Rate,". 100 percent of Medicaid DRG. Add-on payment, and lesser of 100% of billed charges. 100 percent of Medicaid DRG. Add-on payment, and lesser of 100% of billed charges.",17598.53,,,,,,,Case Rate,". 100 percent of Medicaid DRG. Add-on payment, and lesser of 100% of billed charges. 100 percent of Medicaid DRG. Add-on payment, and lesser of 100% of billed charges.",39596.69,,,,,,,Case Rate,". 225 percent of Medicaid DRG. Add-on payment, and lesser of 100% of billed charges. 225 percent of Medicaid DRG. Add-on payment, and lesser of 100% of billed charges.",,,,,,,,,". 100 percent of Medicare DRG. Add-on payment,  . 100 percent of Medicare DRG. Add-on payment,  .",,,,,,,,,". 100 percent of Medicare DRG. Add-on payment,  . 100 percent of Medicare DRG. Add-on payment,  .",,,,,,,,,". GMLOS + 8 Outlier per Diem $6,968.00. Add-on payment, and lesser of 100% of billed charges. GMLOS + 8 Outlier per Diem $6,968.00. Add-on payment, and lesser of 100% of billed charges.",,,,,,,,,". 100 percent of Medicare DRG. Add-on payment,  . 100 percent of Medicare DRG. Add-on payment,  .",39596.69,,,,,,,Case Rate,". 225 percent of Medicaid DRG. Add-on payment, and lesser of 225% of billed charges. 225 percent of Medicaid DRG. Add-on payment, and lesser of 225% of billed charges.",39596.69,,,,,,,Case Rate,". 225 percent of Medicaid DRG. Add-on payment, and lesser of 225% of billed charges. 225 percent of Medicaid DRG. Add-on payment, and lesser of 225% of billed charges.",17598.53,,,,,,,Case Rate,". 100 percent of Medicaid DRG. Add-on payment, and lesser of 100% of billed charges. 100 percent of Medicaid DRG. Add-on payment, and lesser of 100% of billed charges.",17598.53,,,,,,,Case Rate,". 100 percent of Medicaid DRG. Add-on payment, and lesser of 100% of billed charges. 100 percent of Medicaid DRG. Add-on payment, and lesser of 100% of billed charges.",27974.66,,,,,,,Case Rate,". 225 percent of Medicaid DRG. Add-on payment, and lesser of 225% of billed charges. 225 percent of Medicaid DRG. Add-on payment, and lesser of 225% of billed charges.",17598.53,,,,,,,Case Rate,". 100 percent of Medicaid DRG. Add-on payment, and lesser of 100% of billed charges. 100 percent of Medicaid DRG. Add-on payment, and lesser of 100% of billed charges.",51035.74,,,,,,,Case Rate,". 290 percent of Medicaid DRG. Add-on payment, and lesser of 100% of billed charges. 290 percent of Medicaid DRG. Add-on payment, and lesser of 100% of billed charges.",51035.74,,,,,,,Case Rate,". 290 percent of Medicaid DRG. Add-on payment, and lesser of 100% of billed charges. 290 percent of Medicaid DRG. Add-on payment, and lesser of 100% of billed charges.",51035.74,,,,,,,Case Rate,". 290 percent of Medicaid DRG. Add-on payment, and lesser of 100% of billed charges. 290 percent of Medicaid DRG. Add-on payment, and lesser of 100% of billed charges.",51035.74,,,,,,,Case Rate,". 290 percent of Medicaid DRG. Add-on payment, and lesser of 100% of billed charges. 290 percent of Medicaid DRG. Add-on payment, and lesser of 100% of billed charges.",,,,,,,,," ",,,,,,,,,".  ",23758.02,,,,,,,Case Rate,"135% of Medicaid EP 1 and 2, 100% of medicaid EP 3 and 4.  ",23758.02,,,,,,,Case Rate,"135% of Medicaid EP 1 and 2, 100% of medicaid EP 3 and 4.  ",17598.53,,,,,,,Case Rate,". 100 percent of Medicaid DRG. Add-on payment, and lesser of 100% of billed charges. 100 percent of Medicaid DRG. Add-on payment, and lesser of 100% of billed charges.",17598.53,,,,,,,Case Rate,". 100 percent of Medicaid DRG. Add-on payment, and lesser of 100% of billed charges. 100 percent of Medicaid DRG. Add-on payment, and lesser of 100% of billed charges.",,,,,,,,,".  ",,,,,,,,,".  ",,,,,,,,,". 100 percent of Medicare DRG. Add-on payment,  . 100 percent of Medicare DRG. Add-on payment,  .",,,,,,,,,".  ",,,,,,,,,".  ",,,,,,,,,".  ",,,,,,,,,".  ",,,,,,,,,". 100 percent of Medicare DRG. Add-on payment,  . 100 percent of Medicare DRG. Add-on payment,  .",,,,,,,,,".  ",,,,,,,,,".  ",,,,,,,,,". GMLOS + 8 Outlier per Diem $6,968.00. Add-on payment, and lesser of 100% of billed charges. GMLOS + 8 Outlier per Diem $6,968.00. Add-on payment, and lesser of 100% of billed charges.",17598.53,,,,,,,Case Rate,". 100 percent of Medicaid DRG. Add-on payment, and lesser of 100% of billed charges. 100 percent of Medicaid DRG. Add-on payment, and lesser of 100% of billed charges.",17598.53,,,,,,,Case Rate,". 100 percent of Medicaid DRG. Add-on payment, and lesser of 100% of billed charges. 100 percent of Medicaid DRG. Add-on payment, and lesser of 100% of billed charges.",39596.69,,,,,,,Case Rate,". 225 percent of Medicaid DRG. Add-on payment, and lesser of 225% of billed charges. 225 percent of Medicaid DRG. Add-on payment, and lesser of 225% of billed charges.",27974.66,,,,,,,Case Rate,". 225 percent of Medicaid DRG. Add-on payment, and lesser of 225% of billed charges. 225 percent of Medicaid DRG. Add-on payment, and lesser of 225% of billed charges.",17598.53,,,,,,,Case Rate,". 100 percent of Medicaid DRG. Add-on payment, and lesser of 100% of billed charges. 100 percent of Medicaid DRG. Add-on payment, and lesser of 100% of billed charges.",39596.69,,,,,,,Case Rate,". 225 percent of Medicaid DRG. Add-on payment, and lesser of 225% of billed charges. 225 percent of Medicaid DRG. Add-on payment, and lesser of 225% of billed charges.",39596.69,,,,,,,Case Rate,". 225 percent of Medicaid DRG. Add-on payment, and lesser of 225% of billed charges. 225 percent of Medicaid DRG. Add-on payment, and lesser of 225% of billed charges.",39596.69,,,,,,,Case Rate,". 225 percent of Medicaid DRG. Add-on payment, and lesser of 225% of billed charges. 225 percent of Medicaid DRG. Add-on payment, and lesser of 225% of billed charges.",39596.69,,,,,,,Case Rate,". 225 percent of Medicaid DRG. Add-on payment, and lesser of 225% of billed charges. 225 percent of Medicaid DRG. Add-on payment, and lesser of 225% of billed charges.",39596.69,,,,,,,Case Rate,". 225 percent of Medicaid DRG. Add-on payment, and lesser of 225% of billed charges. 225 percent of Medicaid DRG. Add-on payment, and lesser of 225% of billed charges.",39596.69,,,,,,,Case Rate,". 225 percent of Medicaid DRG. Add-on payment, and lesser of 225% of billed charges. 225 percent of Medicaid DRG. Add-on payment, and lesser of 225% of billed charges.",,,,,,,,," ",,,,,,,,," ",,,,,,,,," ",,,,,,,,,".  ",,,,,,,,," ",,,,,,,,,". 100 percent of Medicare DRG. Add-on payment,  . 100 percent of Medicare DRG. Add-on payment,  .",,,,,,,,,".  ",,,,,,,,,". 100 percent of Medicare DRG. Add-on payment,  . 100 percent of Medicare DRG. Add-on payment,  .",,,,,,,,,". 100 percent of Medicare DRG. Add-on payment,  . 100 percent of Medicare DRG. Add-on payment,  .",23758.02,,,,,,,Case Rate,"135% of Medicaid EP 1 and 2, 100% of medicaid EP 3 and 4.  ",23758.02,,,,,,,Case Rate,"135% of Medicaid EP 1 and 2, 100% of medicaid EP 3 and 4.  ",17598.53,,,,,,,Case Rate,". 100 percent of Medicaid DRG. Add-on payment, and lesser of 100% of billed charges. 100 percent of Medicaid DRG. Add-on payment, and lesser of 100% of billed charges.",17598.53,,,,,,,Case Rate,". 100 percent of Medicaid DRG. Add-on payment, and lesser of 100% of billed charges. 100 percent of Medicaid DRG. Add-on payment, and lesser of 100% of billed charges.",17598.53,,,,,,,Case Rate,". 100 percent of Medicaid DRG. Add-on payment, and lesser of 100% of billed charges. 100 percent of Medicaid DRG. Add-on payment, and lesser of 100% of billed charges.",,,,,,,,," ",,,,,,,,,". GMLOS + 8 Outlier per Diem $6,968.00. Add-on payment, and lesser of 100% of billed charges. GMLOS + 8 Outlier per Diem $6,968.00. Add-on payment, and lesser of 100% of billed charges.",,,,,,,,," ",,,,,,,,,".  ",,,,,,,,,". 100 percent of Medicare DRG. Add-on payment, . 100 percent of Medicare DRG. Add-on payment, .",,,,,,,,,". 100 percent of Medicare DRG. Add-on payment,  . 100 percent of Medicare DRG. Add-on payment,  .",,,,,,,,,". 100 percent of Medicare DRG. Add-on payment,  . 100 percent of Medicare DRG. Add-on payment,  .",,,,,,,,,". 100 percent of Medicare DRG. Add-on payment,  . 100 percent of Medicare DRG. Add-on payment,  .",,,,,,,,,". 100 percent of Medicare DRG. Add-on payment, . 100 percent of Medicare DRG. Add-on payment, .",,,,,,,,,". 100 percent of Medicare DRG. Add-on payment,  . 100 percent of Medicare DRG. Add-on payment,  .",,,,,,,,," ",39596.69,,,,,,,Case Rate,". 225 percent of Medicaid DRG. Add-on payment, and lesser of 225% of billed charges. 225 percent of Medicaid DRG. Add-on payment, and lesser of 225% of billed charges.",17598.53,,,,,,,Case Rate,". 100 percent of Medicaid DRG. Add-on payment, and lesser of 100% of billed charges. 100 percent of Medicaid DRG. Add-on payment, and lesser of 100% of billed charges.",,,,,,,,,".  ",,,,,,,,," ",,,,,,,,," ",,,,,,,,," ",,,,,,,,," ",,,,,,,,,". 100 percent of Medicare DRG. Add-on payment,  . 100 percent of Medicare DRG. Add-on payment,  .",17598.53,,,,,,,Case Rate,". 100 percent of Medicaid DRG. Add-on payment, and lesser of 100% of billed charges. 100 percent of Medicaid DRG. Add-on payment, and lesser of 100% of billed charges.",,,,,,,,,".  ",17598.53,,,,,,,Case Rate,". 100 percent of Medicaid DRG. Add-on payment, and lesser of 100% of billed charges. 100 percent of Medicaid DRG. Add-on payment, and lesser of 100% of billed charges.",,,,,,,,,". 100 percent of Medicare DRG. Add-on payment,  . 100 percent of Medicare DRG. Add-on payment,  .",17598.53,,,,,,,Case Rate,". 100 percent of Medicaid DRG. Add-on payment, and lesser of 100% of billed charges. 100 percent of Medicaid DRG. Add-on payment, and lesser of 100% of billed charges.",,,,,,,,,". 100 percent of Medicare DRG. Add-on payment,  . 100 percent of Medicare DRG. Add-on payment,  .",,,,,,,,,". 100 percent of Medicare DRG. Add-on payment,  . 100 percent of Medicare DRG. Add-on payment,  .",17598.53,,,,,,,Case Rate,". 100 percent of Medicaid DRG. Add-on payment, and lesser of 100% of billed charges. 100 percent of Medicaid DRG. Add-on payment, and lesser of 100% of billed charges.",17598.53,,,,,,,Case Rate,". 100 percent of Medicaid DRG. Add-on payment, and lesser of 100% of billed charges. 100 percent of Medicaid DRG. Add-on payment, and lesser of 100% of billed charges.",,,,,,,,," ",,,,,,,,,".  ",,73,,,,,0,Percent of total billed charges,73 percent of charges.  ; No services were performed during the 15 month look back period.,,,,,,,,,".  ",,,,,,,,,".  ",,,,,,,,,". GMLOS + 8 Outlier per Diem $6,968.00. Add-on payment, and lesser of 100% of billed charges. GMLOS + 8 Outlier per Diem $6,968.00. Add-on payment, and lesser of 100% of billed charges.",,,,,,,,,". 93 percent of Medicare DRG. Add-on payment, and lesser of 100% of billed charges. 93 percent of Medicare DRG. Add-on payment, and lesser of 100% of billed charges.",,,,,,,,," ",,,,,,,,," ",,,,,,,,,".  ",,,,,,,,,".  ",,,,,,,,,". 100 percent of Medicare DRG. Add-on payment,  . 100 percent of Medicare DRG. Add-on payment,  .",,,,,,,,,". 100 percent of Medicare DRG. Add-on payment,  . 100 percent of Medicare DRG. Add-on payment,  .",,,,,,,,,". 100 percent of Medicare DRG. Add-on payment,  . 100 percent of Medicare DRG. Add-on payment,  .",,,,,,,,,". 100 percent of Medicare DRG. Add-on payment,  . 100 percent of Medicare DRG. Add-on payment,  .",,,,,,,,,".  ",,,,,,,,,".  ",,,,,,,,,".  ",,,,,,,,,". 100 percent of Medicare DRG. Add-on payment,  . 100 percent of Medicare DRG. Add-on payment,  .",,,,,,,,,".  ",,,,,,,,," ",17598.53,,,,,,,Case Rate,". 100 percent of Medicaid DRG. Add-on payment, and lesser of 100% of billed charges. 100 percent of Medicaid DRG. Add-on payment, and lesser of 100% of billed charges.",17598.53,,,,,,,Case Rate,". 100 percent of Medicaid DRG. Add-on payment, and lesser of 100% of billed charges. 100 percent of Medicaid DRG. Add-on payment, and lesser of 100% of billed charges.",,,,,,,,," ",,,,,,,,,".  ",,,,,,,,,".  ",,,,,,,,,".  ",,,,,,,,,".  ",,,,,,,,,". 100 percent of Medicare DRG. Add-on payment, . 100 percent of Medicare DRG. Add-on payment, .",18478.46,,,,,,,Case Rate,". 105 percent of Medicaid DRG. Add-on payment, and lesser of 100% of billed charges. 105 percent of Medicaid DRG. Add-on payment, and lesser of 100% of billed charges.",18478.46,,,,,,,Case Rate,". 105 percent of Medicaid DRG. Add-on payment, and lesser of 100% of billed charges. 105 percent of Medicaid DRG. Add-on payment, and lesser of 100% of billed charges.",18478.46,,,,,,,Case Rate,". 105 percent of Medicaid DRG. Add-on payment, and lesser of 100% of billed charges. 105 percent of Medicaid DRG. Add-on payment, and lesser of 100% of billed charges.",18478.46,,,,,,,Case Rate,". 105 percent of Medicaid DRG. Add-on payment, and lesser of 100% of billed charges. 105 percent of Medicaid DRG. Add-on payment, and lesser of 100% of billed charges.",,,,,,,,,".  ",18478.46,,,,,,,Case Rate,". 105 percent of Medicaid DRG. Add-on payment, and lesser of 100% of billed charges. 105 percent of Medicaid DRG. Add-on payment, and lesser of 100% of billed charges.",18478.46,,,,,,,Case Rate,". 105 percent of Medicaid DRG. Add-on payment, and lesser of 100% of billed charges. 105 percent of Medicaid DRG. Add-on payment, and lesser of 100% of billed charges.",18478.46,,,,,,,Case Rate,". 105 percent of Medicaid DRG. Add-on payment, and lesser of 100% of billed charges. 105 percent of Medicaid DRG. Add-on payment, and lesser of 100% of billed charges.",18478.46,,,,,,,Case Rate,". 105 percent of Medicaid DRG. Add-on payment, and lesser of 100% of billed charges. 105 percent of Medicaid DRG. Add-on payment, and lesser of 100% of billed charges.",18478.46,,,,,,,Case Rate,". 105 percent of Medicaid DRG. Add-on payment, and lesser of 100% of billed charges. 105 percent of Medicaid DRG. Add-on payment, and lesser of 100% of billed charges.",18478.46,,,,,,,Case Rate,". 105 percent of Medicaid DRG. Add-on payment, and lesser of 100% of billed charges. 105 percent of Medicaid DRG. Add-on payment, and lesser of 100% of billed charges.",18478.46,,,,,,,Case Rate,". 105 percent of Medicaid DRG. Add-on payment, and lesser of 100% of billed charges. 105 percent of Medicaid DRG. Add-on payment, and lesser of 100% of billed charges.",,,,,,,,,". 100 percent of Medicare DRG. Add-on payment,  . 100 percent of Medicare DRG. Add-on payment,  .",,,,,,,,,".  ",,,,,,,,,". 100 percent of Medicare DRG. Add-on payment,  . 100 percent of Medicare DRG. Add-on payment,  .",18478.46,,,,,,,Case Rate,". 105 percent of Medicaid DRG. Add-on payment, and lesser of 100% of billed charges. 105 percent of Medicaid DRG. Add-on payment, and lesser of 100% of billed charges.",,,,,,,,,".  ",,,,,,,,,". 100 percent of Medicare DRG. Add-on payment,  . 100 percent of Medicare DRG. Add-on payment,  .",,,,,,,,,".  ",,,,,,,,,".  ",,,,,,,,,".  ",18478.46,,,,,,,Case Rate,". 105 percent of Medicaid DRG. Add-on payment, and lesser of 100% of billed charges. 105 percent of Medicaid DRG. Add-on payment, and lesser of 100% of billed charges.",,,,,,,,,". 100 percent of Medicare DRG. Add-on payment,  . 100 percent of Medicare DRG. Add-on payment,  .",,,,,,,,,".  ",18478.46,,,,,,,Case Rate,". 105 percent of Medicaid DRG. Add-on payment, and lesser of 100% of billed charges. 105 percent of Medicaid DRG. Add-on payment, and lesser of 100% of billed charges.",,,,,,,,,".  ",,,,,,,,,". Delay in Discharge per diem $4,1268 Delay in Discharge per diem $4,1268",,,,,,,,,". 100 percent of Medicare DRG. Add-on payment, . 100 percent of Medicare DRG. Add-on payment, .",,,,,,,,," ",,,,,,,,," ",,,,,,,,," ",,,,,,,,," ",,,,,,,,," ",,,,,,,,," ",,,,,,,,," ",,,,,,,,," ",,,,,,,,," ",,,,,,,,," ",,,,,,,,," ",,,,,,,,," ",,,,,,,,,". 100 percent of Medicare DRG. Add-on payment,  . 100 percent of Medicare DRG. Add-on payment,  .",,,,,,,,," ",,,,,,,,,". 100 percent of Medicare DRG. Add-on payment,  . 100 percent of Medicare DRG. Add-on payment,  .",39596.69,,,,,,,Case Rate,". 225 percent of Medicaid DRG. Add-on payment, and lesser of 225% of billed charges. 225 percent of Medicaid DRG. Add-on payment, and lesser of 225% of billed charges.",17598.53,,,,,,,Case Rate,". 100 percent of Medicaid DRG. Add-on payment, and lesser of 100% of billed charges. 100 percent of Medicaid DRG. Add-on payment, and lesser of 100% of billed charges.",,,,,,,,,".  ",,,,,,,,,".  ",,,,,,,,,". 100 percent of Medicare DRG. Add-on payment,  . 100 percent of Medicare DRG. Add-on payment,  .",,,,,,,,," ",,,,,,,,,". 100 percent of Medicare DRG. Add-on payment,  . 100 percent of Medicare DRG. Add-on payment,  .",,,,,,,,,". 100 percent of Medicare DRG. Add-on payment,  . 100 percent of Medicare DRG. Add-on payment,  .",,,,,,,,,". GMLOS + 8 Outlier per Diem $6,968.00. Add-on payment, and lesser of 100% of billed charges. GMLOS + 8 Outlier per Diem $6,968.00. Add-on payment, and lesser of 100% of billed charges.",,,,,,,,,". 100 percent of Medicare DRG. Add-on payment,  . 100 percent of Medicare DRG. Add-on payment,  .",,,,,,,,,".  ",,,,,,,,,". 100 percent of Medicare DRG. Add-on payment,  . 100 percent of Medicare DRG. Add-on payment,  .",,,,,,,,,".  ",,,,,,,,,". GMLOS + 8 Outlier per Diem $6,968.00. Add-on payment, and lesser of 100% of billed charges. GMLOS + 8 Outlier per Diem $6,968.00. Add-on payment, and lesser of 100% of billed charges.",,,,,,,,,".  ",,,,,,,,,". 100 percent of Medicare DRG. Add-on payment,  . 100 percent of Medicare DRG. Add-on payment,  .",17598.53,,,,,,,Case Rate,". 100 percent of Medicaid DRG. Add-on payment, and lesser of 100% of billed charges. 100 percent of Medicaid DRG. Add-on payment, and lesser of 100% of billed charges.",,,,,,,,,". 100 percent of Medicare DRG. Add-on payment,  . 100 percent of Medicare DRG. Add-on payment,  .",,,,,,,,,".  ",,,,,,,,,".  ",17598.53,,,,,,,Case Rate,". 100 percent of Medicaid DRG. Add-on payment, and lesser of 100% of billed charges. 100 percent of Medicaid DRG. Add-on payment, and lesser of 100% of billed charges.",,,,,,,,,".  ",17598.53,,,,,,,Case Rate,". 100 percent of Medicaid DRG. Add-on payment, and lesser of 100% of billed charges. 100 percent of Medicaid DRG. Add-on payment, and lesser of 100% of billed charges.",17598.53,,,,,,,Case Rate,". 100 percent of Medicaid DRG. Add-on payment, and lesser of 100% of billed charges. 100 percent of Medicaid DRG. Add-on payment, and lesser of 100% of billed charges.",,,,,,,,,".  ",,,,,,,,,".  ",,,,,,,,,".  ",,,,,,,,,".  ",,,,,,,,,".  ",,,,,,,,,".  ",,,,,,,,,".  ",,,,,,,,," ",,,,,,,,," ",,,,,,,,," ",17598.53,,,,,,,Case Rate,". 100 percent of Medicaid DRG. Add-on payment, and lesser of 100% of billed charges. 100 percent of Medicaid DRG. Add-on payment, and lesser of 100% of billed charges.",,,,,,,,,".  ",,,,,,,,,".  ",,,,,,,,,". GMLOS + 8 Outlier per Diem $6,968.00. Add-on payment, and lesser of 100% of billed charges. GMLOS + 8 Outlier per Diem $6,968.00. Add-on payment, and lesser of 100% of billed charges.",,,,,,,,,".  ",,,,,,,,,". GMLOS + 8 Outlier per Diem $6,968.00. Add-on payment, and lesser of 100% of billed charges. GMLOS + 8 Outlier per Diem $6,968.00. Add-on payment, and lesser of 100% of billed charges.",,,,,,,,,".  ",,,,,,,,,".  ",,,,,,,,,".  ",,,,,,,,,".  ",,,,,,,,,".  ",,,,,,,,,". 100 percent of Medicare DRG. Add-on payment,  . 100 percent of Medicare DRG. Add-on payment,  .",12433.18,51035.74,
APR470-4,DRG,,,,,APR470-4 CHRONIC KIDNEY DISEASE #,,,Inpatient,,,,,,,,,,,,".  ",,,,,,,,,".  ",,,,,,,,,".  ",,100,,,,,0,Percent of total billed charges,100 percent of charges.  ; No services were performed during the 15 month look back period.,,,,,,,,," ",,,,,,,,,".  ",,,,,,,,,".  ",,,,,,,,,".  ",47417.74,,,,,,,Case Rate,". 155 percent of Medicaid DRG. Add-on payment, and lesser of 100% of billed charges. 155 percent of Medicaid DRG. Add-on payment, and lesser of 100% of billed charges.",30592.09,,,,,,,Case Rate,". 100 percent of Medicaid DRG. Add-on payment, and lesser of 100% of billed charges. 100 percent of Medicaid DRG. Add-on payment, and lesser of 100% of billed charges.",,73,,,,,0,Percent of total billed charges,73 percent of charges.  ; No services were performed during the 15 month look back period.,,,,,,,,,".  ",30592.09,,,,,,,Case Rate,". 100 percent of Medicaid DRG. Add-on payment, and lesser of 100% of billed charges. 100 percent of Medicaid DRG. Add-on payment, and lesser of 100% of billed charges.",,,,,,,,," ",,,,,,,,,".  ",,,,,,,,,".  ",,,,,,,,,".  ",,,,,,,,,".  ",30592.09,,,,,,,Case Rate,". 100 percent of Medicaid DRG. Add-on payment, and lesser of 100% of billed charges. 100 percent of Medicaid DRG. Add-on payment, and lesser of 100% of billed charges.",,,,,,,,," ",30592.09,,,,,,,Case Rate,". 100 percent of Medicaid DRG. Add-on payment, and lesser of 100% of billed charges. 100 percent of Medicaid DRG. Add-on payment, and lesser of 100% of billed charges.",,73,,,,,0,Percent of total billed charges,73 percent of charges.  ; No services were performed during the 15 month look back period.,,,,,,,,,".  ",,,,,,,,," ",,,,,,,,," ",,,,,,,,," ",,,,,,,,," ",,73,,,,,0,Percent of total billed charges,73 percent of charges.  ; No services were performed during the 15 month look back period.,30592.09,,,,,,,Case Rate,". 100 percent of Medicaid DRG. Add-on payment, and lesser of 100% of billed charges. 100 percent of Medicaid DRG. Add-on payment, and lesser of 100% of billed charges.",30592.09,,,,,,,Case Rate,". 100 percent of Medicaid DRG. Add-on payment, and lesser of 100% of billed charges. 100 percent of Medicaid DRG. Add-on payment, and lesser of 100% of billed charges.",30592.09,,,,,,,Case Rate,". 100 percent of Medicaid DRG. Add-on payment, and lesser of 100% of billed charges. 100 percent of Medicaid DRG. Add-on payment, and lesser of 100% of billed charges.",30592.09,,,,,,,Case Rate,". 100 percent of Medicaid DRG. Add-on payment, and lesser of 100% of billed charges. 100 percent of Medicaid DRG. Add-on payment, and lesser of 100% of billed charges.",,,,,,,,," ",,,,,,,,," ",30592.09,,,,,,,Case Rate,". 100 percent of Medicaid DRG. Add-on payment, and lesser of 100% of billed charges. 100 percent of Medicaid DRG. Add-on payment, and lesser of 100% of billed charges.",,,,,,,,," ",30592.09,,,,,,,Case Rate,". 100 percent of Medicaid DRG. Add-on payment, and lesser of 100% of billed charges. 100 percent of Medicaid DRG. Add-on payment, and lesser of 100% of billed charges.",,,,,,,,," ",,,,,,,,," ",,73,,,,,0,Percent of total billed charges,73 percent of charges.  ; No services were performed during the 15 month look back period.,30592.09,,,,,,,Case Rate,". 100 percent of Medicaid DRG. Add-on payment, and lesser of 100% of billed charges. 100 percent of Medicaid DRG. Add-on payment, and lesser of 100% of billed charges.",30592.09,,,,,,,Case Rate,". 100 percent of Medicaid DRG. Add-on payment, and lesser of 100% of billed charges. 100 percent of Medicaid DRG. Add-on payment, and lesser of 100% of billed charges.",,73,,,,,0,Percent of total billed charges,73 percent of charges.  ; No services were performed during the 15 month look back period.,,,,,,,,,".  ",,,,,,,,,".  ",,,,,,,,,".  ",,73,,,,,0,Percent of total billed charges,73 percent of charges.  ; No services were performed during the 15 month look back period.,,,,,,,,," ",,,,,,,,,".  ",,,,,,,,,".  ",,,,,,,,,".  ",,,,,,,,," ",,,,,,,,,".  ",,,,,,,,,".  ",,,,,,,,," ",,,,,,,,,".  ",,,,,,,,,".  ",,,,,,,,,".  ",,,,,,,,,".  ",,,,,,,,,".  ",,,,,,,,,".  ",,,,,,,,,".  ",,,,,,,,," ",,,,,,,,," ",,,,,,,,,".  ",,73,,,,,0,Percent of total billed charges,73 percent of charges.  ; No services were performed during the 15 month look back period.,,73,,,,,0,Percent of total billed charges,73 percent of charges.  ; No services were performed during the 15 month look back period.,,73,,,,,0,Percent of total billed charges,73 percent of charges.  ; No services were performed during the 15 month look back period.,,73,,,,,0,Percent of total billed charges,73 percent of charges.  ; No services were performed during the 15 month look back period.,,73,,,,,0,Percent of total billed charges,73 percent of charges.  ; No services were performed during the 15 month look back period.,,73,,,,,0,Percent of total billed charges,73 percent of charges.  ; No services were performed during the 15 month look back period.,,73,,,,,0,Percent of total billed charges,73 percent of charges.  ; No services were performed during the 15 month look back period.,,73,,,,,0,Percent of total billed charges,73 percent of charges.  ; No services were performed during the 15 month look back period.,,73,,,,,0,Percent of total billed charges,73 percent of charges.  ; No services were performed during the 15 month look back period.,,73,,,,,0,Percent of total billed charges,73 percent of charges.  ; No services were performed during the 15 month look back period.,,73,,,,,0,Percent of total billed charges,73 percent of charges.  ; No services were performed during the 15 month look back period.,,73,,,,,0,Percent of total billed charges,73 percent of charges.  ; No services were performed during the 15 month look back period.,,73,,,,,0,Percent of total billed charges,73 percent of charges.  ; No services were performed during the 15 month look back period.,,73,,,,,0,Percent of total billed charges,73 percent of charges.  ; No services were performed during the 15 month look back period.,,73,,,,,0,Percent of total billed charges,73 percent of charges.  ; No services were performed during the 15 month look back period.,,73,,,,,0,Percent of total billed charges,73 percent of charges.  ; No services were performed during the 15 month look back period.,,73,,,,,0,Percent of total billed charges,73 percent of charges.  ; No services were performed during the 15 month look back period.,,73,,,,,0,Percent of total billed charges,73 percent of charges.  ; No services were performed during the 15 month look back period.,,73,,,,,0,Percent of total billed charges,73 percent of charges.  ; No services were performed during the 15 month look back period.,,73,,,,,0,Percent of total billed charges,73 percent of charges.  ; No services were performed during the 15 month look back period.,,73,,,,,0,Percent of total billed charges,73 percent of charges.  ; No services were performed during the 15 month look back period.,,73,,,,,0,Percent of total billed charges,73 percent of charges.  ; No services were performed during the 15 month look back period.,,73,,,,,0,Percent of total billed charges,73 percent of charges.  ; No services were performed during the 15 month look back period.,,73,,,,,0,Percent of total billed charges,73 percent of charges.  ; No services were performed during the 15 month look back period.,,73,,,,,0,Percent of total billed charges,73 percent of charges.  ; No services were performed during the 15 month look back period.,,73,,,,,0,Percent of total billed charges,73 percent of charges.  ; No services were performed during the 15 month look back period.,,,,,,,,," ",,,,,,,,," ",,,,,,,,," ",,,,,,,,," ",,,,,,,,," ",,,,,,,,," ",,,,,,,,,".  ",,,,,,,,,".  ",,,,,,,,,".  ",,,,,,,,,".  ",,73,,,,,0,Percent of total billed charges,73 percent of charges.  ; No services were performed during the 15 month look back period.,,,,,,,,," ",,,,,,,,,".  ",,,,,,,,,".  ",,,,,,,,,".  ",,,,,,,,," ",,73,,,,,0,Percent of total billed charges,73 percent of charges.  ; No services were performed during the 15 month look back period.,30592.09,,,,,,,Case Rate,". 100 percent of Medicaid DRG. Add-on payment, and lesser of 100% of billed charges. 100 percent of Medicaid DRG. Add-on payment, and lesser of 100% of billed charges.",,,,,,,,," ",30592.09,,,,,,,Case Rate,". 100 percent of Medicaid DRG. Add-on payment, and lesser of 100% of billed charges. 100 percent of Medicaid DRG. Add-on payment, and lesser of 100% of billed charges.",,,,,,,,," ",,,,,,,,," ",,,,,,,,,".  ",,,,,,,,," ",,,,,,,,," ",30592.09,,,,,,,Case Rate,". 100 percent of Medicaid DRG. Add-on payment, and lesser of 100% of billed charges. 100 percent of Medicaid DRG. Add-on payment, and lesser of 100% of billed charges.",,,,,,,,," ",,,,,,,,," ",,,,,,,,,".  ",,,,,,,,,".  ",,,,,,,,," ",,,,,,,,,".  ",,,,,,,,,".  ",,,,,,,,,".  ",,,,,,,,," ",,,,,,,,,".  ",,,,,,,,,".  ",,,,,,,,,".  ",,,,,,,,,".  ",,73,,,,,0,Percent of total billed charges,73 percent of charges.  ; No services were performed during the 15 month look back period.,,73,,,,,0,Percent of total billed charges,73 percent of charges.  ; No services were performed during the 15 month look back period.,,73,,,,,0,Percent of total billed charges,73 percent of charges.  ; No services were performed during the 15 month look back period.,,73,,,,,0,Percent of total billed charges,73 percent of charges.  ; No services were performed during the 15 month look back period.,,73,,,,,0,Percent of total billed charges,73 percent of charges.  ; No services were performed during the 15 month look back period.,,73,,,,,0,Percent of total billed charges,73 percent of charges.  ; No services were performed during the 15 month look back period.,,73,,,,,0,Percent of total billed charges,73 percent of charges.  ; No services were performed during the 15 month look back period.,,73,,,,,0,Percent of total billed charges,73 percent of charges.  ; No services were performed during the 15 month look back period.,,73,,,,,0,Percent of total billed charges,73 percent of charges.  ; No services were performed during the 15 month look back period.,,73,,,,,0,Percent of total billed charges,73 percent of charges.  ; No services were performed during the 15 month look back period.,,73,,,,,0,Percent of total billed charges,73 percent of charges.  ; No services were performed during the 15 month look back period.,,,,,,,,," ",,,,,,,,,".  ",,,,,,,,,".  ",,,,,,,,," ",,,,,,,,,".  ",,,,,,,,,".  ",,,,,,,,,".  ",,73,,,,,0,Percent of total billed charges,73 percent of charges.  ; No services were performed during the 15 month look back period.,61184.18,,,,,,,Case Rate,". 200 percent of Medicaid DRG. Add-on payment, and lesser of 200% of billed charges. 200 percent of Medicaid DRG. Add-on payment, and lesser of 200% of billed charges.",,,,,,,,,".  ",30592.09,,,,,,,Case Rate,". 100 percent of Medicaid DRG. Add-on payment, and lesser of 100% of billed charges. 100 percent of Medicaid DRG. Add-on payment, and lesser of 100% of billed charges.",,,,,,,,," ",,,,,,,,," ",,,,,,,,," ",,,,,,,,," ",,,,,,,,," ",,,,,,,,," ",,,,,,,,,".  ",,,,,,,,,".  ",68832.2,,,,,,,Case Rate,". 225 percent of Medicaid DRG. Add-on payment, and lesser of 100% of billed charges. 225 percent of Medicaid DRG. Add-on payment, and lesser of 100% of billed charges.",68832.2,,,,,,,Case Rate,". 225 percent of Medicaid DRG. Add-on payment, and lesser of 100% of billed charges. 225 percent of Medicaid DRG. Add-on payment, and lesser of 100% of billed charges.",68832.2,,,,,,,Case Rate,". 225 percent of Medicaid DRG. Add-on payment, and lesser of 100% of billed charges. 225 percent of Medicaid DRG. Add-on payment, and lesser of 100% of billed charges.",68832.2,,,,,,,Case Rate,". 225 percent of Medicaid DRG. Add-on payment, and lesser of 100% of billed charges. 225 percent of Medicaid DRG. Add-on payment, and lesser of 100% of billed charges.",68832.2,,,,,,,Case Rate,". 225 percent of Medicaid DRG. Add-on payment, and lesser of 100% of billed charges. 225 percent of Medicaid DRG. Add-on payment, and lesser of 100% of billed charges.",,,,,,,,," ",,,,,,,,,".  ",,,,,,,,," ",,,,,,,,," ",,,,,,,,," ",,,,,,,,," ",,,,,,,,," ",,,,,,,,," ",,,,,,,,," ",,,,,,,,," ",,,,,,,,," ",,,,,,,,," ",,,,,,,,,".  ",,,,,,,,,".  ",,,,,,,,,".  ",,,,,,,,,".  ",,,,,,,,,".  ",,,,,,,,,".  ",,,,,,,,," ",,,,,,,,," ",,,,,,,,," ",,,,,,,,,".  ",,,,,,,,,".  ",,,,,,,,,".  ",,,,,,,,,".  ",,,,,,,,,".  ",,,,,,,,," ",,,,,,,,,".  ",30592.09,,,,,,,Case Rate,". 100 percent of Medicaid DRG. Add-on payment, and lesser of 100% of billed charges. 100 percent of Medicaid DRG. Add-on payment, and lesser of 100% of billed charges.",,,,,,,,," ",,,,,,,,," ",,,,,,,,," ",30592.09,,,,,,,Case Rate,". 100 percent of Medicaid DRG. Add-on payment, and lesser of 100% of billed charges. 100 percent of Medicaid DRG. Add-on payment, and lesser of 100% of billed charges.",68832.2,,,,,,,Case Rate,". 225 percent of Medicaid DRG. Add-on payment, and lesser of 225% of billed charges. 225 percent of Medicaid DRG. Add-on payment, and lesser of 225% of billed charges.",68832.2,,,,,,,Case Rate,". 225 percent of Medicaid DRG. Add-on payment, and lesser of 225% of billed charges. 225 percent of Medicaid DRG. Add-on payment, and lesser of 225% of billed charges.",68832.2,,,,,,,Case Rate,". 225 percent of Medicaid DRG. Add-on payment, and lesser of 225% of billed charges. 225 percent of Medicaid DRG. Add-on payment, and lesser of 225% of billed charges.",68832.2,,,,,,,Case Rate,". 225 percent of Medicaid DRG. Add-on payment, and lesser of 225% of billed charges. 225 percent of Medicaid DRG. Add-on payment, and lesser of 225% of billed charges.",68832.2,,,,,,,Case Rate,". 225 percent of Medicaid DRG. Add-on payment, and lesser of 225% of billed charges. 225 percent of Medicaid DRG. Add-on payment, and lesser of 225% of billed charges.",,,,,,,,," ",30592.09,,,,,,,Case Rate,". 100 percent of Medicaid DRG. Add-on payment, and lesser of 100% of billed charges. 100 percent of Medicaid DRG. Add-on payment, and lesser of 100% of billed charges.",30592.09,,,,,,,Case Rate,". 100 percent of Medicaid DRG. Add-on payment, and lesser of 100% of billed charges. 100 percent of Medicaid DRG. Add-on payment, and lesser of 100% of billed charges.",68832.2,,,,,,,Case Rate,". 225 percent of Medicaid DRG. Add-on payment, and lesser of 225% of billed charges. 225 percent of Medicaid DRG. Add-on payment, and lesser of 225% of billed charges.",68832.2,,,,,,,Case Rate,". 225 percent of Medicaid DRG. Add-on payment, and lesser of 225% of billed charges. 225 percent of Medicaid DRG. Add-on payment, and lesser of 225% of billed charges.",30592.09,,,,,,,Case Rate,". 100 percent of Medicaid DRG. Add-on payment, and lesser of 100% of billed charges. 100 percent of Medicaid DRG. Add-on payment, and lesser of 100% of billed charges.",30592.09,,,,,,,Case Rate,". 100 percent of Medicaid DRG. Add-on payment, and lesser of 100% of billed charges. 100 percent of Medicaid DRG. Add-on payment, and lesser of 100% of billed charges.",68832.2,,,,,,,Case Rate,". 225 percent of Medicaid DRG. Add-on payment, and lesser of 100% of billed charges. 225 percent of Medicaid DRG. Add-on payment, and lesser of 100% of billed charges.",,,,,,,,," ",,,,,,,,," ",,,,,,,,,".  ",,,,,,,,," ",68832.2,,,,,,,Case Rate,". 225 percent of Medicaid DRG. Add-on payment, and lesser of 225% of billed charges. 225 percent of Medicaid DRG. Add-on payment, and lesser of 225% of billed charges.",68832.2,,,,,,,Case Rate,". 225 percent of Medicaid DRG. Add-on payment, and lesser of 225% of billed charges. 225 percent of Medicaid DRG. Add-on payment, and lesser of 225% of billed charges.",30592.09,,,,,,,Case Rate,". 100 percent of Medicaid DRG. Add-on payment, and lesser of 100% of billed charges. 100 percent of Medicaid DRG. Add-on payment, and lesser of 100% of billed charges.",30592.09,,,,,,,Case Rate,". 100 percent of Medicaid DRG. Add-on payment, and lesser of 100% of billed charges. 100 percent of Medicaid DRG. Add-on payment, and lesser of 100% of billed charges.",50595.1,,,,,,,Case Rate,". 225 percent of Medicaid DRG. Add-on payment, and lesser of 225% of billed charges. 225 percent of Medicaid DRG. Add-on payment, and lesser of 225% of billed charges.",30592.09,,,,,,,Case Rate,". 100 percent of Medicaid DRG. Add-on payment, and lesser of 100% of billed charges. 100 percent of Medicaid DRG. Add-on payment, and lesser of 100% of billed charges.",88717.06,,,,,,,Case Rate,". 290 percent of Medicaid DRG. Add-on payment, and lesser of 100% of billed charges. 290 percent of Medicaid DRG. Add-on payment, and lesser of 100% of billed charges.",88717.06,,,,,,,Case Rate,". 290 percent of Medicaid DRG. Add-on payment, and lesser of 100% of billed charges. 290 percent of Medicaid DRG. Add-on payment, and lesser of 100% of billed charges.",88717.06,,,,,,,Case Rate,". 290 percent of Medicaid DRG. Add-on payment, and lesser of 100% of billed charges. 290 percent of Medicaid DRG. Add-on payment, and lesser of 100% of billed charges.",88717.06,,,,,,,Case Rate,". 290 percent of Medicaid DRG. Add-on payment, and lesser of 100% of billed charges. 290 percent of Medicaid DRG. Add-on payment, and lesser of 100% of billed charges.",,,,,,,,," ",,,,,,,,,".  ",41299.32,,,,,,,Case Rate,"135% of Medicaid EP 1 and 2, 100% of medicaid EP 3 and 4.  ",41299.32,,,,,,,Case Rate,"135% of Medicaid EP 1 and 2, 100% of medicaid EP 3 and 4.  ",30592.09,,,,,,,Case Rate,". 100 percent of Medicaid DRG. Add-on payment, and lesser of 100% of billed charges. 100 percent of Medicaid DRG. Add-on payment, and lesser of 100% of billed charges.",30592.09,,,,,,,Case Rate,". 100 percent of Medicaid DRG. Add-on payment, and lesser of 100% of billed charges. 100 percent of Medicaid DRG. Add-on payment, and lesser of 100% of billed charges.",,,,,,,,,".  ",,,,,,,,,".  ",,,,,,,,," ",,,,,,,,,".  ",,,,,,,,,".  ",,,,,,,,,".  ",,,,,,,,,".  ",,,,,,,,," ",,,,,,,,,".  ",,,,,,,,,".  ",,,,,,,,,".  ",30592.09,,,,,,,Case Rate,". 100 percent of Medicaid DRG. Add-on payment, and lesser of 100% of billed charges. 100 percent of Medicaid DRG. Add-on payment, and lesser of 100% of billed charges.",30592.09,,,,,,,Case Rate,". 100 percent of Medicaid DRG. Add-on payment, and lesser of 100% of billed charges. 100 percent of Medicaid DRG. Add-on payment, and lesser of 100% of billed charges.",68832.2,,,,,,,Case Rate,". 225 percent of Medicaid DRG. Add-on payment, and lesser of 225% of billed charges. 225 percent of Medicaid DRG. Add-on payment, and lesser of 225% of billed charges.",50595.1,,,,,,,Case Rate,". 225 percent of Medicaid DRG. Add-on payment, and lesser of 225% of billed charges. 225 percent of Medicaid DRG. Add-on payment, and lesser of 225% of billed charges.",30592.09,,,,,,,Case Rate,". 100 percent of Medicaid DRG. Add-on payment, and lesser of 100% of billed charges. 100 percent of Medicaid DRG. Add-on payment, and lesser of 100% of billed charges.",68832.2,,,,,,,Case Rate,". 225 percent of Medicaid DRG. Add-on payment, and lesser of 225% of billed charges. 225 percent of Medicaid DRG. Add-on payment, and lesser of 225% of billed charges.",68832.2,,,,,,,Case Rate,". 225 percent of Medicaid DRG. Add-on payment, and lesser of 225% of billed charges. 225 percent of Medicaid DRG. Add-on payment, and lesser of 225% of billed charges.",68832.2,,,,,,,Case Rate,". 225 percent of Medicaid DRG. Add-on payment, and lesser of 225% of billed charges. 225 percent of Medicaid DRG. Add-on payment, and lesser of 225% of billed charges.",68832.2,,,,,,,Case Rate,". 225 percent of Medicaid DRG. Add-on payment, and lesser of 225% of billed charges. 225 percent of Medicaid DRG. Add-on payment, and lesser of 225% of billed charges.",68832.2,,,,,,,Case Rate,". 225 percent of Medicaid DRG. Add-on payment, and lesser of 225% of billed charges. 225 percent of Medicaid DRG. Add-on payment, and lesser of 225% of billed charges.",68832.2,,,,,,,Case Rate,". 225 percent of Medicaid DRG. Add-on payment, and lesser of 225% of billed charges. 225 percent of Medicaid DRG. Add-on payment, and lesser of 225% of billed charges.",,,,,,,,," ",,,,,,,,," ",,,,,,,,," ",,,,,,,,,".  ",,,,,,,,," ",,,,,,,,," ",,,,,,,,,".  ",,,,,,,,," ",,,,,,,,," ",41299.32,,,,,,,Case Rate,"135% of Medicaid EP 1 and 2, 100% of medicaid EP 3 and 4.  ",41299.32,,,,,,,Case Rate,"135% of Medicaid EP 1 and 2, 100% of medicaid EP 3 and 4.  ",30592.09,,,,,,,Case Rate,". 100 percent of Medicaid DRG. Add-on payment, and lesser of 100% of billed charges. 100 percent of Medicaid DRG. Add-on payment, and lesser of 100% of billed charges.",30592.09,,,,,,,Case Rate,". 100 percent of Medicaid DRG. Add-on payment, and lesser of 100% of billed charges. 100 percent of Medicaid DRG. Add-on payment, and lesser of 100% of billed charges.",30592.09,,,,,,,Case Rate,". 100 percent of Medicaid DRG. Add-on payment, and lesser of 100% of billed charges. 100 percent of Medicaid DRG. Add-on payment, and lesser of 100% of billed charges.",,,,,,,,," ",,,,,,,,,".  ",,,,,,,,," ",,,,,,,,,".  ",,,,,,,,," ",,,,,,,,," ",,,,,,,,," ",,,,,,,,," ",,,,,,,,," ",,,,,,,,," ",,,,,,,,," ",68832.2,,,,,,,Case Rate,". 225 percent of Medicaid DRG. Add-on payment, and lesser of 225% of billed charges. 225 percent of Medicaid DRG. Add-on payment, and lesser of 225% of billed charges.",30592.09,,,,,,,Case Rate,". 100 percent of Medicaid DRG. Add-on payment, and lesser of 100% of billed charges. 100 percent of Medicaid DRG. Add-on payment, and lesser of 100% of billed charges.",,,,,,,,,".  ",,,,,,,,," ",,,,,,,,," ",,,,,,,,," ",,,,,,,,," ",,,,,,,,," ",30592.09,,,,,,,Case Rate,". 100 percent of Medicaid DRG. Add-on payment, and lesser of 100% of billed charges. 100 percent of Medicaid DRG. Add-on payment, and lesser of 100% of billed charges.",,,,,,,,,".  ",30592.09,,,,,,,Case Rate,". 100 percent of Medicaid DRG. Add-on payment, and lesser of 100% of billed charges. 100 percent of Medicaid DRG. Add-on payment, and lesser of 100% of billed charges.",,,,,,,,," ",30592.09,,,,,,,Case Rate,". 100 percent of Medicaid DRG. Add-on payment, and lesser of 100% of billed charges. 100 percent of Medicaid DRG. Add-on payment, and lesser of 100% of billed charges.",,,,,,,,," ",,,,,,,,," ",30592.09,,,,,,,Case Rate,". 100 percent of Medicaid DRG. Add-on payment, and lesser of 100% of billed charges. 100 percent of Medicaid DRG. Add-on payment, and lesser of 100% of billed charges.",30592.09,,,,,,,Case Rate,". 100 percent of Medicaid DRG. Add-on payment, and lesser of 100% of billed charges. 100 percent of Medicaid DRG. Add-on payment, and lesser of 100% of billed charges.",,,,,,,,," ",,,,,,,,,".  ",,73,,,,,0,Percent of total billed charges,73 percent of charges.  ; No services were performed during the 15 month look back period.,,,,,,,,,".  ",,,,,,,,,".  ",,,,,,,,,".  ",,,,,,,,," ",,,,,,,,," ",,,,,,,,," ",,,,,,,,,".  ",,,,,,,,,".  ",,,,,,,,," ",,,,,,,,," ",,,,,,,,," ",,,,,,,,," ",,,,,,,,,".  ",,,,,,,,,".  ",,,,,,,,,".  ",,,,,,,,," ",,,,,,,,,".  ",,,,,,,,," ",30592.09,,,,,,,Case Rate,". 100 percent of Medicaid DRG. Add-on payment, and lesser of 100% of billed charges. 100 percent of Medicaid DRG. Add-on payment, and lesser of 100% of billed charges.",30592.09,,,,,,,Case Rate,". 100 percent of Medicaid DRG. Add-on payment, and lesser of 100% of billed charges. 100 percent of Medicaid DRG. Add-on payment, and lesser of 100% of billed charges.",,,,,,,,," ",,,,,,,,,".  ",,,,,,,,,".  ",,,,,,,,,".  ",,,,,,,,,".  ",,,,,,,,," ",32121.69,,,,,,,Case Rate,". 105 percent of Medicaid DRG. Add-on payment, and lesser of 100% of billed charges. 105 percent of Medicaid DRG. Add-on payment, and lesser of 100% of billed charges.",32121.69,,,,,,,Case Rate,". 105 percent of Medicaid DRG. Add-on payment, and lesser of 100% of billed charges. 105 percent of Medicaid DRG. Add-on payment, and lesser of 100% of billed charges.",32121.69,,,,,,,Case Rate,". 105 percent of Medicaid DRG. Add-on payment, and lesser of 100% of billed charges. 105 percent of Medicaid DRG. Add-on payment, and lesser of 100% of billed charges.",32121.69,,,,,,,Case Rate,". 105 percent of Medicaid DRG. Add-on payment, and lesser of 100% of billed charges. 105 percent of Medicaid DRG. Add-on payment, and lesser of 100% of billed charges.",,,,,,,,,".  ",32121.69,,,,,,,Case Rate,". 105 percent of Medicaid DRG. Add-on payment, and lesser of 100% of billed charges. 105 percent of Medicaid DRG. Add-on payment, and lesser of 100% of billed charges.",32121.69,,,,,,,Case Rate,". 105 percent of Medicaid DRG. Add-on payment, and lesser of 100% of billed charges. 105 percent of Medicaid DRG. Add-on payment, and lesser of 100% of billed charges.",32121.69,,,,,,,Case Rate,". 105 percent of Medicaid DRG. Add-on payment, and lesser of 100% of billed charges. 105 percent of Medicaid DRG. Add-on payment, and lesser of 100% of billed charges.",32121.69,,,,,,,Case Rate,". 105 percent of Medicaid DRG. Add-on payment, and lesser of 100% of billed charges. 105 percent of Medicaid DRG. Add-on payment, and lesser of 100% of billed charges.",32121.69,,,,,,,Case Rate,". 105 percent of Medicaid DRG. Add-on payment, and lesser of 100% of billed charges. 105 percent of Medicaid DRG. Add-on payment, and lesser of 100% of billed charges.",32121.69,,,,,,,Case Rate,". 105 percent of Medicaid DRG. Add-on payment, and lesser of 100% of billed charges. 105 percent of Medicaid DRG. Add-on payment, and lesser of 100% of billed charges.",32121.69,,,,,,,Case Rate,". 105 percent of Medicaid DRG. Add-on payment, and lesser of 100% of billed charges. 105 percent of Medicaid DRG. Add-on payment, and lesser of 100% of billed charges.",,,,,,,,," ",,,,,,,,,".  ",,,,,,,,," ",32121.69,,,,,,,Case Rate,". 105 percent of Medicaid DRG. Add-on payment, and lesser of 100% of billed charges. 105 percent of Medicaid DRG. Add-on payment, and lesser of 100% of billed charges.",,,,,,,,,".  ",,,,,,,,," ",,,,,,,,,".  ",,,,,,,,,".  ",,,,,,,,,".  ",32121.69,,,,,,,Case Rate,". 105 percent of Medicaid DRG. Add-on payment, and lesser of 100% of billed charges. 105 percent of Medicaid DRG. Add-on payment, and lesser of 100% of billed charges.",,,,,,,,," ",,,,,,,,,".  ",32121.69,,,,,,,Case Rate,". 105 percent of Medicaid DRG. Add-on payment, and lesser of 100% of billed charges. 105 percent of Medicaid DRG. Add-on payment, and lesser of 100% of billed charges.",,,,,,,,,".  ",,,,,,,,,".  ",,,,,,,,," ",,,,,,,,," ",,,,,,,,," ",,,,,,,,," ",,,,,,,,," ",,,,,,,,," ",,,,,,,,," ",,,,,,,,," ",,,,,,,,," ",,,,,,,,," ",,,,,,,,," ",,,,,,,,," ",,,,,,,,," ",,,,,,,,," ",,,,,,,,," ",,,,,,,,," ",68832.2,,,,,,,Case Rate,". 225 percent of Medicaid DRG. Add-on payment, and lesser of 225% of billed charges. 225 percent of Medicaid DRG. Add-on payment, and lesser of 225% of billed charges.",30592.09,,,,,,,Case Rate,". 100 percent of Medicaid DRG. Add-on payment, and lesser of 100% of billed charges. 100 percent of Medicaid DRG. Add-on payment, and lesser of 100% of billed charges.",,,,,,,,,".  ",,,,,,,,,".  ",,,,,,,,," ",,,,,,,,," ",,,,,,,,," ",,,,,,,,," ",,,,,,,,,".  ",,,,,,,,," ",,,,,,,,,".  ",,,,,,,,," ",,,,,,,,,".  ",,,,,,,,,".  ",,,,,,,,,".  ",,,,,,,,," ",30592.09,,,,,,,Case Rate,". 100 percent of Medicaid DRG. Add-on payment, and lesser of 100% of billed charges. 100 percent of Medicaid DRG. Add-on payment, and lesser of 100% of billed charges.",,,,,,,,," ",,,,,,,,,".  ",,,,,,,,,".  ",30592.09,,,,,,,Case Rate,". 100 percent of Medicaid DRG. Add-on payment, and lesser of 100% of billed charges. 100 percent of Medicaid DRG. Add-on payment, and lesser of 100% of billed charges.",,,,,,,,,".  ",30592.09,,,,,,,Case Rate,". 100 percent of Medicaid DRG. Add-on payment, and lesser of 100% of billed charges. 100 percent of Medicaid DRG. Add-on payment, and lesser of 100% of billed charges.",30592.09,,,,,,,Case Rate,". 100 percent of Medicaid DRG. Add-on payment, and lesser of 100% of billed charges. 100 percent of Medicaid DRG. Add-on payment, and lesser of 100% of billed charges.",,,,,,,,,".  ",,,,,,,,,".  ",,,,,,,,,".  ",,,,,,,,,".  ",,,,,,,,,".  ",,,,,,,,,".  ",,,,,,,,,".  ",,,,,,,,," ",,,,,,,,," ",,,,,,,,," ",30592.09,,,,,,,Case Rate,". 100 percent of Medicaid DRG. Add-on payment, and lesser of 100% of billed charges. 100 percent of Medicaid DRG. Add-on payment, and lesser of 100% of billed charges.",,,,,,,,,".  ",,,,,,,,,".  ",,,,,,,,,".  ",,,,,,,,,".  ",,,,,,,,,".  ",,,,,,,,,".  ",,,,,,,,,".  ",,,,,,,,,".  ",,,,,,,,,".  ",,,,,,,,,".  ",,,,,,,,," ",22486.71,88717.06,
APR510-2,DRG,,,,,"APR510-2 PELVIC EVISCERATION, RADICAL HYSTERECTOMY & OTHER RADICAL GYN PROCS",,,Inpatient,,,,,,,,,,,,".  ",,,,,,,,,".  ",,,,,,,,,". GMLOS + 8 Outlier per Diem $6,968.00. Add-on payment, and lesser of 100% of billed charges. GMLOS + 8 Outlier per Diem $6,968.00. Add-on payment, and lesser of 100% of billed charges.",,100,,,,,0,Percent of total billed charges,100 percent of charges.  ; No services were performed during the 15 month look back period.,,,,,,,,,". 100 percent of Medicare DRG. Add-on payment,  . 100 percent of Medicare DRG. Add-on payment,  .",,,,,,,,,". GMLOS + 8 Outlier per Diem $6,968.00. Add-on payment, and lesser of 100% of billed charges. GMLOS + 8 Outlier per Diem $6,968.00. Add-on payment, and lesser of 100% of billed charges.",,,,,,,,,". GMLOS + 8 Outlier per Diem $6,968.00. Add-on payment, and lesser of 100% of billed charges. GMLOS + 8 Outlier per Diem $6,968.00. Add-on payment, and lesser of 100% of billed charges.",,,,,,,,,". GMLOS + 8 Outlier per Diem $6,968.00. Add-on payment, and lesser of 100% of billed charges. GMLOS + 8 Outlier per Diem $6,968.00. Add-on payment, and lesser of 100% of billed charges.",28011.18,,,,,,,Case Rate,". 155 percent of Medicaid DRG. Add-on payment, and lesser of 100% of billed charges. 155 percent of Medicaid DRG. Add-on payment, and lesser of 100% of billed charges.",18071.73,,,,,,,Case Rate,". 100 percent of Medicaid DRG. Add-on payment, and lesser of 100% of billed charges. 100 percent of Medicaid DRG. Add-on payment, and lesser of 100% of billed charges.",,73,,,,,0,Percent of total billed charges,73 percent of charges.  ; No services were performed during the 15 month look back period.,,,,,,,,,".  ",18071.73,,,,,,,Case Rate,". 100 percent of Medicaid DRG. Add-on payment, and lesser of 100% of billed charges. 100 percent of Medicaid DRG. Add-on payment, and lesser of 100% of billed charges.",,,,,,,,,". 100 percent of Medicare DRG. Add-on payment,  . 100 percent of Medicare DRG. Add-on payment,  .",,,,,,,,,".  ",,,,,,,,,".  ",,,,,,,,,".  ",,,,,,,,,".  ",18071.73,,,,,,,Case Rate,". 100 percent of Medicaid DRG. Add-on payment, and lesser of 100% of billed charges. 100 percent of Medicaid DRG. Add-on payment, and lesser of 100% of billed charges.",,,,,,,,,". 100 percent of Medicare DRG. Add-on payment,  . 100 percent of Medicare DRG. Add-on payment,  .",18071.73,,,,,,,Case Rate,". 100 percent of Medicaid DRG. Add-on payment, and lesser of 100% of billed charges. 100 percent of Medicaid DRG. Add-on payment, and lesser of 100% of billed charges.",,73,,,,,0,Percent of total billed charges,73 percent of charges.  ; No services were performed during the 15 month look back period.,,,,,,,,,". GMLOS + 8 Outlier per Diem $6,968.00. Add-on payment, and lesser of 100% of billed charges. GMLOS + 8 Outlier per Diem $6,968.00. Add-on payment, and lesser of 100% of billed charges.",,,,,,,,,". 100 percent of Medicare DRG. Add-on payment, and lesser of 100% of billed charges. 100 percent of Medicare DRG. Add-on payment, and lesser of 100% of billed charges.",,,,,,,,," ",,,,,,,,,". 100 percent of Medicare DRG. Add-on payment, and lesser of 100% of billed charges. 100 percent of Medicare DRG. Add-on payment, and lesser of 100% of billed charges.",,,,,,,,,". 100 percent of Medicare DRG. Add-on payment, and lesser of 100% of billed charges. 100 percent of Medicare DRG. Add-on payment, and lesser of 100% of billed charges.",,73,,,,,0,Percent of total billed charges,73 percent of charges.  ; No services were performed during the 15 month look back period.,18071.73,,,,,,,Case Rate,". 100 percent of Medicaid DRG. Add-on payment, and lesser of 100% of billed charges. 100 percent of Medicaid DRG. Add-on payment, and lesser of 100% of billed charges.",18071.73,,,,,,,Case Rate,". 100 percent of Medicaid DRG. Add-on payment, and lesser of 100% of billed charges. 100 percent of Medicaid DRG. Add-on payment, and lesser of 100% of billed charges.",18071.73,,,,,,,Case Rate,". 100 percent of Medicaid DRG. Add-on payment, and lesser of 100% of billed charges. 100 percent of Medicaid DRG. Add-on payment, and lesser of 100% of billed charges.",18071.73,,,,,,,Case Rate,". 100 percent of Medicaid DRG. Add-on payment, and lesser of 100% of billed charges. 100 percent of Medicaid DRG. Add-on payment, and lesser of 100% of billed charges.",,,,,,,,," ",,,,,,,,," ",18071.73,,,,,,,Case Rate,". 100 percent of Medicaid DRG. Add-on payment, and lesser of 100% of billed charges. 100 percent of Medicaid DRG. Add-on payment, and lesser of 100% of billed charges.",,,,,,,,," ",18071.73,,,,,,,Case Rate,". 100 percent of Medicaid DRG. Add-on payment, and lesser of 100% of billed charges. 100 percent of Medicaid DRG. Add-on payment, and lesser of 100% of billed charges.",,,,,,,,,". 100 percent of Medicare DRG. Add-on payment, . 100 percent of Medicare DRG. Add-on payment, .",,,,,,,,," ",,73,,,,,0,Percent of total billed charges,73 percent of charges.  ; No services were performed during the 15 month look back period.,18071.73,,,,,,,Case Rate,". 100 percent of Medicaid DRG. Add-on payment, and lesser of 100% of billed charges. 100 percent of Medicaid DRG. Add-on payment, and lesser of 100% of billed charges.",18071.73,,,,,,,Case Rate,". 100 percent of Medicaid DRG. Add-on payment, and lesser of 100% of billed charges. 100 percent of Medicaid DRG. Add-on payment, and lesser of 100% of billed charges.",,73,,,,,0,Percent of total billed charges,73 percent of charges.  ; No services were performed during the 15 month look back period.,,,,,,,,,".  ",,,,,,,,,".  ",,,,,,,,,".  ",,73,,,,,0,Percent of total billed charges,73 percent of charges.  ; No services were performed during the 15 month look back period.,,,,,,,,,". 100 percent of Medicare DRG. Add-on payment,  . 100 percent of Medicare DRG. Add-on payment,  .",,,,,,,,,".  ",,,,,,,,,".  ",,,,,,,,,".  ",,,,,,,,,". 100 percent of Medicare DRG. Add-on payment,  . 100 percent of Medicare DRG. Add-on payment,  .",,,,,,,,,".  ",,,,,,,,,".  ",,,,,,,,,". 100 percent of Medicare DRG. Add-on payment, and lesser of 100% of billed charges. 100 percent of Medicare DRG. Add-on payment, and lesser of 100% of billed charges.",,,,,,,,,".  ",,,,,,,,,".  ",,,,,,,,,".  ",,,,,,,,,".  ",,,,,,,,,".  ",,,,,,,,,".  ",,,,,,,,,".  ",,,,,,,,,". 100 percent of Medicare DRG. Add-on payment,  . 100 percent of Medicare DRG. Add-on payment,  .",,,,,,,,,". 100 percent of Medicare DRG. Add-on payment,  . 100 percent of Medicare DRG. Add-on payment,  .",,,,,,,,,".  ",,73,,,,,0,Percent of total billed charges,73 percent of charges.  ; No services were performed during the 15 month look back period.,,73,,,,,0,Percent of total billed charges,73 percent of charges.  ; No services were performed during the 15 month look back period.,,73,,,,,0,Percent of total billed charges,73 percent of charges.  ; No services were performed during the 15 month look back period.,,73,,,,,0,Percent of total billed charges,73 percent of charges.  ; No services were performed during the 15 month look back period.,,73,,,,,0,Percent of total billed charges,73 percent of charges.  ; No services were performed during the 15 month look back period.,,73,,,,,0,Percent of total billed charges,73 percent of charges.  ; No services were performed during the 15 month look back period.,,73,,,,,0,Percent of total billed charges,73 percent of charges.  ; No services were performed during the 15 month look back period.,,73,,,,,0,Percent of total billed charges,73 percent of charges.  ; No services were performed during the 15 month look back period.,,73,,,,,0,Percent of total billed charges,73 percent of charges.  ; No services were performed during the 15 month look back period.,,73,,,,,0,Percent of total billed charges,73 percent of charges.  ; No services were performed during the 15 month look back period.,,73,,,,,0,Percent of total billed charges,73 percent of charges.  ; No services were performed during the 15 month look back period.,,73,,,,,0,Percent of total billed charges,73 percent of charges.  ; No services were performed during the 15 month look back period.,,73,,,,,0,Percent of total billed charges,73 percent of charges.  ; No services were performed during the 15 month look back period.,,73,,,,,0,Percent of total billed charges,73 percent of charges.  ; No services were performed during the 15 month look back period.,,73,,,,,0,Percent of total billed charges,73 percent of charges.  ; No services were performed during the 15 month look back period.,,73,,,,,0,Percent of total billed charges,73 percent of charges.  ; No services were performed during the 15 month look back period.,,73,,,,,0,Percent of total billed charges,73 percent of charges.  ; No services were performed during the 15 month look back period.,,73,,,,,0,Percent of total billed charges,73 percent of charges.  ; No services were performed during the 15 month look back period.,,73,,,,,0,Percent of total billed charges,73 percent of charges.  ; No services were performed during the 15 month look back period.,,73,,,,,0,Percent of total billed charges,73 percent of charges.  ; No services were performed during the 15 month look back period.,,73,,,,,0,Percent of total billed charges,73 percent of charges.  ; No services were performed during the 15 month look back period.,,73,,,,,0,Percent of total billed charges,73 percent of charges.  ; No services were performed during the 15 month look back period.,,73,,,,,0,Percent of total billed charges,73 percent of charges.  ; No services were performed during the 15 month look back period.,,73,,,,,0,Percent of total billed charges,73 percent of charges.  ; No services were performed during the 15 month look back period.,,73,,,,,0,Percent of total billed charges,73 percent of charges.  ; No services were performed during the 15 month look back period.,,73,,,,,0,Percent of total billed charges,73 percent of charges.  ; No services were performed during the 15 month look back period.,,,,,,,,," ",,,,,,,,," ",,,,,,,,," ",,,,,,,,," ",,,,,,,,," ",,,,,,,,," ",,,,,,,,,".  ",,,,,,,,,".  ",,,,,,,,,".  ",,,,,,,,,".  ",,73,,,,,0,Percent of total billed charges,73 percent of charges.  ; No services were performed during the 15 month look back period.,,,,,,,,," ",,,,,,,,,".  ",,,,,,,,,".  ",,,,,,,,,".  ",,,,,,,,," ",,73,,,,,0,Percent of total billed charges,73 percent of charges.  ; No services were performed during the 15 month look back period.,18071.73,,,,,,,Case Rate,". 100 percent of Medicaid DRG. Add-on payment, and lesser of 100% of billed charges. 100 percent of Medicaid DRG. Add-on payment, and lesser of 100% of billed charges.",,,,,,,,," ",18071.73,,,,,,,Case Rate,". 100 percent of Medicaid DRG. Add-on payment, and lesser of 100% of billed charges. 100 percent of Medicaid DRG. Add-on payment, and lesser of 100% of billed charges.",,,,,,,,,". 100 percent of Medicare DRG. Add-on payment, . 100 percent of Medicare DRG. Add-on payment, .",,,,,,,,,". 100 percent of Medicare DRG. Add-on payment,  . 100 percent of Medicare DRG. Add-on payment,  .",,,,,,,,,".  ",,,,,,,,,". 100 percent of Medicare DRG. Add-on payment,  . 100 percent of Medicare DRG. Add-on payment,  .",,,,,,,,,". 100 percent of Medicare DRG. Add-on payment,  . 100 percent of Medicare DRG. Add-on payment,  .",18071.73,,,,,,,Case Rate,". 100 percent of Medicaid DRG. Add-on payment, and lesser of 100% of billed charges. 100 percent of Medicaid DRG. Add-on payment, and lesser of 100% of billed charges.",,,,,,,,,". 100 percent of Medicare DRG. Add-on payment,  . 100 percent of Medicare DRG. Add-on payment,  .",,,,,,,,,". 100 percent of Medicare DRG. Add-on payment,  . 100 percent of Medicare DRG. Add-on payment,  .",,,,,,,,,". GMLOS + 8 Outlier per Diem $6,968.00. Add-on payment, and lesser of 100% of billed charges. GMLOS + 8 Outlier per Diem $6,968.00. Add-on payment, and lesser of 100% of billed charges.",,,,,,,,,". GMLOS + 8 Outlier per Diem $6,968.00. Add-on payment, and lesser of 100% of billed charges. GMLOS + 8 Outlier per Diem $6,968.00. Add-on payment, and lesser of 100% of billed charges.",,,,,,,,,". 100 percent of Medicare DRG. Add-on payment,  . 100 percent of Medicare DRG. Add-on payment,  .",,,,,,,,,".  ",,,,,,,,,".  ",,,,,,,,,".  ",,,,,,,,,". 100 percent of Medicare DRG. Add-on payment,  . 100 percent of Medicare DRG. Add-on payment,  .",,,,,,,,,".  ",,,,,,,,,". GMLOS + 8 Outlier per Diem $6,968.00. Add-on payment, and lesser of 100% of billed charges. GMLOS + 8 Outlier per Diem $6,968.00. Add-on payment, and lesser of 100% of billed charges.",,,,,,,,,". GMLOS + 8 Outlier per Diem $6,968.00. Add-on payment, and lesser of 100% of billed charges. GMLOS + 8 Outlier per Diem $6,968.00. Add-on payment, and lesser of 100% of billed charges.",,,,,,,,,". GMLOS + 8 Outlier per Diem $6,968.00. Add-on payment, and lesser of 100% of billed charges. GMLOS + 8 Outlier per Diem $6,968.00. Add-on payment, and lesser of 100% of billed charges.",,73,,,,,0,Percent of total billed charges,73 percent of charges.  ; No services were performed during the 15 month look back period.,,73,,,,,0,Percent of total billed charges,73 percent of charges.  ; No services were performed during the 15 month look back period.,,73,,,,,0,Percent of total billed charges,73 percent of charges.  ; No services were performed during the 15 month look back period.,,73,,,,,0,Percent of total billed charges,73 percent of charges.  ; No services were performed during the 15 month look back period.,,73,,,,,0,Percent of total billed charges,73 percent of charges.  ; No services were performed during the 15 month look back period.,,73,,,,,0,Percent of total billed charges,73 percent of charges.  ; No services were performed during the 15 month look back period.,,73,,,,,0,Percent of total billed charges,73 percent of charges.  ; No services were performed during the 15 month look back period.,,73,,,,,0,Percent of total billed charges,73 percent of charges.  ; No services were performed during the 15 month look back period.,,73,,,,,0,Percent of total billed charges,73 percent of charges.  ; No services were performed during the 15 month look back period.,,73,,,,,0,Percent of total billed charges,73 percent of charges.  ; No services were performed during the 15 month look back period.,,73,,,,,0,Percent of total billed charges,73 percent of charges.  ; No services were performed during the 15 month look back period.,,,,,,,,," ",,,,,,,,,".  ",,,,,,,,,".  ",,,,,,,,,". 100 percent of Medicare DRG. Add-on payment,  . 100 percent of Medicare DRG. Add-on payment,  .",,,,,,,,,". GMLOS + 8 Outlier per Diem $6,968.00. Add-on payment, and lesser of 100% of billed charges. GMLOS + 8 Outlier per Diem $6,968.00. Add-on payment, and lesser of 100% of billed charges.",,,,,,,,,".  ",,,,,,,,,".  ",,73,,,,,0,Percent of total billed charges,73 percent of charges.  ; No services were performed during the 15 month look back period.,36143.46,,,,,,,Case Rate,". 200 percent of Medicaid DRG. Add-on payment, and lesser of 200% of billed charges. 200 percent of Medicaid DRG. Add-on payment, and lesser of 200% of billed charges.",,,,,,,,,".  ",18071.73,,,,,,,Case Rate,". 100 percent of Medicaid DRG. Add-on payment, and lesser of 100% of billed charges. 100 percent of Medicaid DRG. Add-on payment, and lesser of 100% of billed charges.",,,,,,,,,". 100 percent of Medicare DRG. Add-on payment,  . 100 percent of Medicare DRG. Add-on payment,  .",,,,,,,,,". 100 percent of Medicare DRG. Add-on payment,  . 100 percent of Medicare DRG. Add-on payment,  .",,,,,,,,,". 100 percent of Medicare DRG. Add-on payment,  . 100 percent of Medicare DRG. Add-on payment,  .",,,,,,,,,". 100 percent of Medicare DRG. Add-on payment,  . 100 percent of Medicare DRG. Add-on payment,  .",,,,,,,,,". 100 percent of Medicare DRG. Add-on payment,  . 100 percent of Medicare DRG. Add-on payment,  .",,,,,,,,,". 100 percent of Medicare DRG. Add-on payment,  . 100 percent of Medicare DRG. Add-on payment,  .",,,,,,,,,".  ",,,,,,,,,".  ",40661.39,,,,,,,Case Rate,". 225 percent of Medicaid DRG. Add-on payment, and lesser of 100% of billed charges. 225 percent of Medicaid DRG. Add-on payment, and lesser of 100% of billed charges.",40661.39,,,,,,,Case Rate,". 225 percent of Medicaid DRG. Add-on payment, and lesser of 100% of billed charges. 225 percent of Medicaid DRG. Add-on payment, and lesser of 100% of billed charges.",40661.39,,,,,,,Case Rate,". 225 percent of Medicaid DRG. Add-on payment, and lesser of 100% of billed charges. 225 percent of Medicaid DRG. Add-on payment, and lesser of 100% of billed charges.",40661.39,,,,,,,Case Rate,". 225 percent of Medicaid DRG. Add-on payment, and lesser of 100% of billed charges. 225 percent of Medicaid DRG. Add-on payment, and lesser of 100% of billed charges.",40661.39,,,,,,,Case Rate,". 225 percent of Medicaid DRG. Add-on payment, and lesser of 100% of billed charges. 225 percent of Medicaid DRG. Add-on payment, and lesser of 100% of billed charges.",,,,,,,,," ",,,,,,,,,".  ",,,,,,,,," ",,,,,,,,," ",,,,,,,,," ",,,,,,,,," ",,,,,,,,," ",,,,,,,,,". 100 percent of Medicare DRG. Add-on payment,  . 100 percent of Medicare DRG. Add-on payment,  .",,,,,,,,," ",,,,,,,,," ",,,,,,,,," ",,,,,,,,," ",,,,,,,,,". GMLOS + 8 Outlier per Diem $6,968.00. Add-on payment, and lesser of 100% of billed charges. GMLOS + 8 Outlier per Diem $6,968.00. Add-on payment, and lesser of 100% of billed charges.",,,,,,,,,". GMLOS + 8 Outlier per Diem $6,968.00. Add-on payment, and lesser of 100% of billed charges. GMLOS + 8 Outlier per Diem $6,968.00. Add-on payment, and lesser of 100% of billed charges.",,,,,,,,,". GMLOS + 8 Outlier per Diem $6,968.00. Add-on payment, and lesser of 100% of billed charges. GMLOS + 8 Outlier per Diem $6,968.00. Add-on payment, and lesser of 100% of billed charges.",,,,,,,,,". GMLOS + 8 Outlier per Diem $6,968.00. Add-on payment, and lesser of 100% of billed charges. GMLOS + 8 Outlier per Diem $6,968.00. Add-on payment, and lesser of 100% of billed charges.",,,,,,,,,".  ",,,,,,,,,".  ",,,,,,,,,". 100 percent of Medicare DRG. Add-on payment,  . 100 percent of Medicare DRG. Add-on payment,  .",,,,,,,,,". 100 percent of Medicare DRG. Add-on payment,  . 100 percent of Medicare DRG. Add-on payment,  .",,,,,,,,,". 100 percent of Medicare DRG. Add-on payment,  . 100 percent of Medicare DRG. Add-on payment,  .",,,,,,,,,".  ",,,,,,,,,".  ",,,,,,,,,".  ",,,,,,,,,".  ",,,,,,,,,". GMLOS + 8 Outlier per Diem $6,968.00. Add-on payment, and lesser of 100% of billed charges. GMLOS + 8 Outlier per Diem $6,968.00. Add-on payment, and lesser of 100% of billed charges.",,,,,,,,,". 100 percent of Medicare DRG. Add-on payment,  . 100 percent of Medicare DRG. Add-on payment,  .",,,,,,,,,".  ",18071.73,,,,,,,Case Rate,". 100 percent of Medicaid DRG. Add-on payment, and lesser of 100% of billed charges. 100 percent of Medicaid DRG. Add-on payment, and lesser of 100% of billed charges.",,,,,,,,,". 100 percent of Medicare DRG. Add-on payment, and lesser of 100% of billed charges. 100 percent of Medicare DRG. Add-on payment, and lesser of 100% of billed charges.",,,,,,,,,". 100 percent of Medicare DRG. Add-on payment, and lesser of 100% of billed charges. 100 percent of Medicare DRG. Add-on payment, and lesser of 100% of billed charges.",,,,,,,,,". 100 percent of Medicare DRG. Add-on payment, and lesser of 100% of billed charges. 100 percent of Medicare DRG. Add-on payment, and lesser of 100% of billed charges.",18071.73,,,,,,,Case Rate,". 100 percent of Medicaid DRG. Add-on payment, and lesser of 100% of billed charges. 100 percent of Medicaid DRG. Add-on payment, and lesser of 100% of billed charges.",40661.39,,,,,,,Case Rate,". 225 percent of Medicaid DRG. Add-on payment, and lesser of 225% of billed charges. 225 percent of Medicaid DRG. Add-on payment, and lesser of 225% of billed charges.",40661.39,,,,,,,Case Rate,". 225 percent of Medicaid DRG. Add-on payment, and lesser of 225% of billed charges. 225 percent of Medicaid DRG. Add-on payment, and lesser of 225% of billed charges.",40661.39,,,,,,,Case Rate,". 225 percent of Medicaid DRG. Add-on payment, and lesser of 225% of billed charges. 225 percent of Medicaid DRG. Add-on payment, and lesser of 225% of billed charges.",40661.39,,,,,,,Case Rate,". 225 percent of Medicaid DRG. Add-on payment, and lesser of 225% of billed charges. 225 percent of Medicaid DRG. Add-on payment, and lesser of 225% of billed charges.",40661.39,,,,,,,Case Rate,". 225 percent of Medicaid DRG. Add-on payment, and lesser of 225% of billed charges. 225 percent of Medicaid DRG. Add-on payment, and lesser of 225% of billed charges.",,,,,,,,,". 100 percent of Medicare DRG. Add-on payment, and lesser of 100% of billed charges. 100 percent of Medicare DRG. Add-on payment, and lesser of 100% of billed charges.",18071.73,,,,,,,Case Rate,". 100 percent of Medicaid DRG. Add-on payment, and lesser of 100% of billed charges. 100 percent of Medicaid DRG. Add-on payment, and lesser of 100% of billed charges.",18071.73,,,,,,,Case Rate,". 100 percent of Medicaid DRG. Add-on payment, and lesser of 100% of billed charges. 100 percent of Medicaid DRG. Add-on payment, and lesser of 100% of billed charges.",40661.39,,,,,,,Case Rate,". 225 percent of Medicaid DRG. Add-on payment, and lesser of 225% of billed charges. 225 percent of Medicaid DRG. Add-on payment, and lesser of 225% of billed charges.",40661.39,,,,,,,Case Rate,". 225 percent of Medicaid DRG. Add-on payment, and lesser of 225% of billed charges. 225 percent of Medicaid DRG. Add-on payment, and lesser of 225% of billed charges.",18071.73,,,,,,,Case Rate,". 100 percent of Medicaid DRG. Add-on payment, and lesser of 100% of billed charges. 100 percent of Medicaid DRG. Add-on payment, and lesser of 100% of billed charges.",18071.73,,,,,,,Case Rate,". 100 percent of Medicaid DRG. Add-on payment, and lesser of 100% of billed charges. 100 percent of Medicaid DRG. Add-on payment, and lesser of 100% of billed charges.",40661.39,,,,,,,Case Rate,". 225 percent of Medicaid DRG. Add-on payment, and lesser of 100% of billed charges. 225 percent of Medicaid DRG. Add-on payment, and lesser of 100% of billed charges.",,,,,,,,,". 100 percent of Medicare DRG. Add-on payment,  . 100 percent of Medicare DRG. Add-on payment,  .",,,,,,,,,". 100 percent of Medicare DRG. Add-on payment,  . 100 percent of Medicare DRG. Add-on payment,  .",,,,,,,,,". GMLOS + 8 Outlier per Diem $6,968.00. Add-on payment, and lesser of 100% of billed charges. GMLOS + 8 Outlier per Diem $6,968.00. Add-on payment, and lesser of 100% of billed charges.",,,,,,,,,". 100 percent of Medicare DRG. Add-on payment,  . 100 percent of Medicare DRG. Add-on payment,  .",40661.39,,,,,,,Case Rate,". 225 percent of Medicaid DRG. Add-on payment, and lesser of 225% of billed charges. 225 percent of Medicaid DRG. Add-on payment, and lesser of 225% of billed charges.",40661.39,,,,,,,Case Rate,". 225 percent of Medicaid DRG. Add-on payment, and lesser of 225% of billed charges. 225 percent of Medicaid DRG. Add-on payment, and lesser of 225% of billed charges.",18071.73,,,,,,,Case Rate,". 100 percent of Medicaid DRG. Add-on payment, and lesser of 100% of billed charges. 100 percent of Medicaid DRG. Add-on payment, and lesser of 100% of billed charges.",18071.73,,,,,,,Case Rate,". 100 percent of Medicaid DRG. Add-on payment, and lesser of 100% of billed charges. 100 percent of Medicaid DRG. Add-on payment, and lesser of 100% of billed charges.",28798.45,,,,,,,Case Rate,". 225 percent of Medicaid DRG. Add-on payment, and lesser of 225% of billed charges. 225 percent of Medicaid DRG. Add-on payment, and lesser of 225% of billed charges.",18071.73,,,,,,,Case Rate,". 100 percent of Medicaid DRG. Add-on payment, and lesser of 100% of billed charges. 100 percent of Medicaid DRG. Add-on payment, and lesser of 100% of billed charges.",52408.02,,,,,,,Case Rate,". 290 percent of Medicaid DRG. Add-on payment, and lesser of 100% of billed charges. 290 percent of Medicaid DRG. Add-on payment, and lesser of 100% of billed charges.",52408.02,,,,,,,Case Rate,". 290 percent of Medicaid DRG. Add-on payment, and lesser of 100% of billed charges. 290 percent of Medicaid DRG. Add-on payment, and lesser of 100% of billed charges.",52408.02,,,,,,,Case Rate,". 290 percent of Medicaid DRG. Add-on payment, and lesser of 100% of billed charges. 290 percent of Medicaid DRG. Add-on payment, and lesser of 100% of billed charges.",52408.02,,,,,,,Case Rate,". 290 percent of Medicaid DRG. Add-on payment, and lesser of 100% of billed charges. 290 percent of Medicaid DRG. Add-on payment, and lesser of 100% of billed charges.",,,,,,,,," ",,,,,,,,,".  ",24396.84,,,,,,,Case Rate,"135% of Medicaid EP 1 and 2, 100% of medicaid EP 3 and 4.  ",24396.84,,,,,,,Case Rate,"135% of Medicaid EP 1 and 2, 100% of medicaid EP 3 and 4.  ",18071.73,,,,,,,Case Rate,". 100 percent of Medicaid DRG. Add-on payment, and lesser of 100% of billed charges. 100 percent of Medicaid DRG. Add-on payment, and lesser of 100% of billed charges.",18071.73,,,,,,,Case Rate,". 100 percent of Medicaid DRG. Add-on payment, and lesser of 100% of billed charges. 100 percent of Medicaid DRG. Add-on payment, and lesser of 100% of billed charges.",,,,,,,,,".  ",,,,,,,,,".  ",,,,,,,,,". 100 percent of Medicare DRG. Add-on payment,  . 100 percent of Medicare DRG. Add-on payment,  .",,,,,,,,,".  ",,,,,,,,,".  ",,,,,,,,,".  ",,,,,,,,,".  ",,,,,,,,,". 100 percent of Medicare DRG. Add-on payment,  . 100 percent of Medicare DRG. Add-on payment,  .",,,,,,,,,".  ",,,,,,,,,".  ",,,,,,,,,". GMLOS + 8 Outlier per Diem $6,968.00. Add-on payment, and lesser of 100% of billed charges. GMLOS + 8 Outlier per Diem $6,968.00. Add-on payment, and lesser of 100% of billed charges.",18071.73,,,,,,,Case Rate,". 100 percent of Medicaid DRG. Add-on payment, and lesser of 100% of billed charges. 100 percent of Medicaid DRG. Add-on payment, and lesser of 100% of billed charges.",18071.73,,,,,,,Case Rate,". 100 percent of Medicaid DRG. Add-on payment, and lesser of 100% of billed charges. 100 percent of Medicaid DRG. Add-on payment, and lesser of 100% of billed charges.",40661.39,,,,,,,Case Rate,". 225 percent of Medicaid DRG. Add-on payment, and lesser of 225% of billed charges. 225 percent of Medicaid DRG. Add-on payment, and lesser of 225% of billed charges.",28798.45,,,,,,,Case Rate,". 225 percent of Medicaid DRG. Add-on payment, and lesser of 225% of billed charges. 225 percent of Medicaid DRG. Add-on payment, and lesser of 225% of billed charges.",18071.73,,,,,,,Case Rate,". 100 percent of Medicaid DRG. Add-on payment, and lesser of 100% of billed charges. 100 percent of Medicaid DRG. Add-on payment, and lesser of 100% of billed charges.",40661.39,,,,,,,Case Rate,". 225 percent of Medicaid DRG. Add-on payment, and lesser of 225% of billed charges. 225 percent of Medicaid DRG. Add-on payment, and lesser of 225% of billed charges.",40661.39,,,,,,,Case Rate,". 225 percent of Medicaid DRG. Add-on payment, and lesser of 225% of billed charges. 225 percent of Medicaid DRG. Add-on payment, and lesser of 225% of billed charges.",40661.39,,,,,,,Case Rate,". 225 percent of Medicaid DRG. Add-on payment, and lesser of 225% of billed charges. 225 percent of Medicaid DRG. Add-on payment, and lesser of 225% of billed charges.",40661.39,,,,,,,Case Rate,". 225 percent of Medicaid DRG. Add-on payment, and lesser of 225% of billed charges. 225 percent of Medicaid DRG. Add-on payment, and lesser of 225% of billed charges.",40661.39,,,,,,,Case Rate,". 225 percent of Medicaid DRG. Add-on payment, and lesser of 225% of billed charges. 225 percent of Medicaid DRG. Add-on payment, and lesser of 225% of billed charges.",40661.39,,,,,,,Case Rate,". 225 percent of Medicaid DRG. Add-on payment, and lesser of 225% of billed charges. 225 percent of Medicaid DRG. Add-on payment, and lesser of 225% of billed charges.",,,,,,,,," ",,,,,,,,," ",,,,,,,,," ",,,,,,,,,".  ",,,,,,,,," ",,,,,,,,,". 100 percent of Medicare DRG. Add-on payment,  . 100 percent of Medicare DRG. Add-on payment,  .",,,,,,,,,".  ",,,,,,,,,". 100 percent of Medicare DRG. Add-on payment,  . 100 percent of Medicare DRG. Add-on payment,  .",,,,,,,,,". 100 percent of Medicare DRG. Add-on payment,  . 100 percent of Medicare DRG. Add-on payment,  .",24396.84,,,,,,,Case Rate,"135% of Medicaid EP 1 and 2, 100% of medicaid EP 3 and 4.  ",24396.84,,,,,,,Case Rate,"135% of Medicaid EP 1 and 2, 100% of medicaid EP 3 and 4.  ",18071.73,,,,,,,Case Rate,". 100 percent of Medicaid DRG. Add-on payment, and lesser of 100% of billed charges. 100 percent of Medicaid DRG. Add-on payment, and lesser of 100% of billed charges.",18071.73,,,,,,,Case Rate,". 100 percent of Medicaid DRG. Add-on payment, and lesser of 100% of billed charges. 100 percent of Medicaid DRG. Add-on payment, and lesser of 100% of billed charges.",18071.73,,,,,,,Case Rate,". 100 percent of Medicaid DRG. Add-on payment, and lesser of 100% of billed charges. 100 percent of Medicaid DRG. Add-on payment, and lesser of 100% of billed charges.",,,,,,,,," ",,,,,,,,,". GMLOS + 8 Outlier per Diem $6,968.00. Add-on payment, and lesser of 100% of billed charges. GMLOS + 8 Outlier per Diem $6,968.00. Add-on payment, and lesser of 100% of billed charges.",,,,,,,,," ",,,,,,,,,".  ",,,,,,,,,". 100 percent of Medicare DRG. Add-on payment, . 100 percent of Medicare DRG. Add-on payment, .",,,,,,,,,". 100 percent of Medicare DRG. Add-on payment,  . 100 percent of Medicare DRG. Add-on payment,  .",,,,,,,,,". 100 percent of Medicare DRG. Add-on payment,  . 100 percent of Medicare DRG. Add-on payment,  .",,,,,,,,,". 100 percent of Medicare DRG. Add-on payment,  . 100 percent of Medicare DRG. Add-on payment,  .",,,,,,,,,". 100 percent of Medicare DRG. Add-on payment, . 100 percent of Medicare DRG. Add-on payment, .",,,,,,,,,". 100 percent of Medicare DRG. Add-on payment,  . 100 percent of Medicare DRG. Add-on payment,  .",,,,,,,,," ",40661.39,,,,,,,Case Rate,". 225 percent of Medicaid DRG. Add-on payment, and lesser of 225% of billed charges. 225 percent of Medicaid DRG. Add-on payment, and lesser of 225% of billed charges.",18071.73,,,,,,,Case Rate,". 100 percent of Medicaid DRG. Add-on payment, and lesser of 100% of billed charges. 100 percent of Medicaid DRG. Add-on payment, and lesser of 100% of billed charges.",,,,,,,,,".  ",,,,,,,,," ",,,,,,,,," ",,,,,,,,," ",,,,,,,,," ",,,,,,,,,". 100 percent of Medicare DRG. Add-on payment,  . 100 percent of Medicare DRG. Add-on payment,  .",18071.73,,,,,,,Case Rate,". 100 percent of Medicaid DRG. Add-on payment, and lesser of 100% of billed charges. 100 percent of Medicaid DRG. Add-on payment, and lesser of 100% of billed charges.",,,,,,,,,".  ",18071.73,,,,,,,Case Rate,". 100 percent of Medicaid DRG. Add-on payment, and lesser of 100% of billed charges. 100 percent of Medicaid DRG. Add-on payment, and lesser of 100% of billed charges.",,,,,,,,,". 100 percent of Medicare DRG. Add-on payment,  . 100 percent of Medicare DRG. Add-on payment,  .",18071.73,,,,,,,Case Rate,". 100 percent of Medicaid DRG. Add-on payment, and lesser of 100% of billed charges. 100 percent of Medicaid DRG. Add-on payment, and lesser of 100% of billed charges.",,,,,,,,,". 100 percent of Medicare DRG. Add-on payment,  . 100 percent of Medicare DRG. Add-on payment,  .",,,,,,,,,". 100 percent of Medicare DRG. Add-on payment,  . 100 percent of Medicare DRG. Add-on payment,  .",18071.73,,,,,,,Case Rate,". 100 percent of Medicaid DRG. Add-on payment, and lesser of 100% of billed charges. 100 percent of Medicaid DRG. Add-on payment, and lesser of 100% of billed charges.",18071.73,,,,,,,Case Rate,". 100 percent of Medicaid DRG. Add-on payment, and lesser of 100% of billed charges. 100 percent of Medicaid DRG. Add-on payment, and lesser of 100% of billed charges.",,,,,,,,," ",,,,,,,,,".  ",,73,,,,,0,Percent of total billed charges,73 percent of charges.  ; No services were performed during the 15 month look back period.,,,,,,,,,".  ",,,,,,,,,".  ",,,,,,,,,". GMLOS + 8 Outlier per Diem $6,968.00. Add-on payment, and lesser of 100% of billed charges. GMLOS + 8 Outlier per Diem $6,968.00. Add-on payment, and lesser of 100% of billed charges.",,,,,,,,,". 93 percent of Medicare DRG. Add-on payment, and lesser of 100% of billed charges. 93 percent of Medicare DRG. Add-on payment, and lesser of 100% of billed charges.",,,,,,,,," ",,,,,,,,," ",,,,,,,,,".  ",,,,,,,,,".  ",,,,,,,,,". 100 percent of Medicare DRG. Add-on payment,  . 100 percent of Medicare DRG. Add-on payment,  .",,,,,,,,,". 100 percent of Medicare DRG. Add-on payment,  . 100 percent of Medicare DRG. Add-on payment,  .",,,,,,,,,". 100 percent of Medicare DRG. Add-on payment,  . 100 percent of Medicare DRG. Add-on payment,  .",,,,,,,,,". 100 percent of Medicare DRG. Add-on payment,  . 100 percent of Medicare DRG. Add-on payment,  .",,,,,,,,,".  ",,,,,,,,,".  ",,,,,,,,,".  ",,,,,,,,,". 100 percent of Medicare DRG. Add-on payment,  . 100 percent of Medicare DRG. Add-on payment,  .",,,,,,,,,".  ",,,,,,,,," ",18071.73,,,,,,,Case Rate,". 100 percent of Medicaid DRG. Add-on payment, and lesser of 100% of billed charges. 100 percent of Medicaid DRG. Add-on payment, and lesser of 100% of billed charges.",18071.73,,,,,,,Case Rate,". 100 percent of Medicaid DRG. Add-on payment, and lesser of 100% of billed charges. 100 percent of Medicaid DRG. Add-on payment, and lesser of 100% of billed charges.",,,,,,,,," ",,,,,,,,,".  ",,,,,,,,,".  ",,,,,,,,,".  ",,,,,,,,,".  ",,,,,,,,,". 100 percent of Medicare DRG. Add-on payment, . 100 percent of Medicare DRG. Add-on payment, .",18975.32,,,,,,,Case Rate,". 105 percent of Medicaid DRG. Add-on payment, and lesser of 100% of billed charges. 105 percent of Medicaid DRG. Add-on payment, and lesser of 100% of billed charges.",18975.32,,,,,,,Case Rate,". 105 percent of Medicaid DRG. Add-on payment, and lesser of 100% of billed charges. 105 percent of Medicaid DRG. Add-on payment, and lesser of 100% of billed charges.",18975.32,,,,,,,Case Rate,". 105 percent of Medicaid DRG. Add-on payment, and lesser of 100% of billed charges. 105 percent of Medicaid DRG. Add-on payment, and lesser of 100% of billed charges.",18975.32,,,,,,,Case Rate,". 105 percent of Medicaid DRG. Add-on payment, and lesser of 100% of billed charges. 105 percent of Medicaid DRG. Add-on payment, and lesser of 100% of billed charges.",,,,,,,,,".  ",18975.32,,,,,,,Case Rate,". 105 percent of Medicaid DRG. Add-on payment, and lesser of 100% of billed charges. 105 percent of Medicaid DRG. Add-on payment, and lesser of 100% of billed charges.",18975.32,,,,,,,Case Rate,". 105 percent of Medicaid DRG. Add-on payment, and lesser of 100% of billed charges. 105 percent of Medicaid DRG. Add-on payment, and lesser of 100% of billed charges.",18975.32,,,,,,,Case Rate,". 105 percent of Medicaid DRG. Add-on payment, and lesser of 100% of billed charges. 105 percent of Medicaid DRG. Add-on payment, and lesser of 100% of billed charges.",18975.32,,,,,,,Case Rate,". 105 percent of Medicaid DRG. Add-on payment, and lesser of 100% of billed charges. 105 percent of Medicaid DRG. Add-on payment, and lesser of 100% of billed charges.",18975.32,,,,,,,Case Rate,". 105 percent of Medicaid DRG. Add-on payment, and lesser of 100% of billed charges. 105 percent of Medicaid DRG. Add-on payment, and lesser of 100% of billed charges.",18975.32,,,,,,,Case Rate,". 105 percent of Medicaid DRG. Add-on payment, and lesser of 100% of billed charges. 105 percent of Medicaid DRG. Add-on payment, and lesser of 100% of billed charges.",18975.32,,,,,,,Case Rate,". 105 percent of Medicaid DRG. Add-on payment, and lesser of 100% of billed charges. 105 percent of Medicaid DRG. Add-on payment, and lesser of 100% of billed charges.",,,,,,,,,". 100 percent of Medicare DRG. Add-on payment,  . 100 percent of Medicare DRG. Add-on payment,  .",,,,,,,,,".  ",,,,,,,,,". 100 percent of Medicare DRG. Add-on payment,  . 100 percent of Medicare DRG. Add-on payment,  .",18975.32,,,,,,,Case Rate,". 105 percent of Medicaid DRG. Add-on payment, and lesser of 100% of billed charges. 105 percent of Medicaid DRG. Add-on payment, and lesser of 100% of billed charges.",,,,,,,,,".  ",,,,,,,,,". 100 percent of Medicare DRG. Add-on payment,  . 100 percent of Medicare DRG. Add-on payment,  .",,,,,,,,,".  ",,,,,,,,,".  ",,,,,,,,,".  ",18975.32,,,,,,,Case Rate,". 105 percent of Medicaid DRG. Add-on payment, and lesser of 100% of billed charges. 105 percent of Medicaid DRG. Add-on payment, and lesser of 100% of billed charges.",,,,,,,,,". 100 percent of Medicare DRG. Add-on payment,  . 100 percent of Medicare DRG. Add-on payment,  .",,,,,,,,,".  ",18975.32,,,,,,,Case Rate,". 105 percent of Medicaid DRG. Add-on payment, and lesser of 100% of billed charges. 105 percent of Medicaid DRG. Add-on payment, and lesser of 100% of billed charges.",,,,,,,,,".  ",,,,,,,,,". Delay in Discharge per diem $4,1367 Delay in Discharge per diem $4,1367",,,,,,,,,". 100 percent of Medicare DRG. Add-on payment, . 100 percent of Medicare DRG. Add-on payment, .",,,,,,,,," ",,,,,,,,," ",,,,,,,,," ",,,,,,,,," ",,,,,,,,," ",,,,,,,,," ",,,,,,,,," ",,,,,,,,," ",,,,,,,,," ",,,,,,,,," ",,,,,,,,," ",,,,,,,,," ",,,,,,,,,". 100 percent of Medicare DRG. Add-on payment,  . 100 percent of Medicare DRG. Add-on payment,  .",,,,,,,,," ",,,,,,,,,". 100 percent of Medicare DRG. Add-on payment,  . 100 percent of Medicare DRG. Add-on payment,  .",40661.39,,,,,,,Case Rate,". 225 percent of Medicaid DRG. Add-on payment, and lesser of 225% of billed charges. 225 percent of Medicaid DRG. Add-on payment, and lesser of 225% of billed charges.",18071.73,,,,,,,Case Rate,". 100 percent of Medicaid DRG. Add-on payment, and lesser of 100% of billed charges. 100 percent of Medicaid DRG. Add-on payment, and lesser of 100% of billed charges.",,,,,,,,,".  ",,,,,,,,,".  ",,,,,,,,,". 100 percent of Medicare DRG. Add-on payment,  . 100 percent of Medicare DRG. Add-on payment,  .",,,,,,,,," ",,,,,,,,,". 100 percent of Medicare DRG. Add-on payment,  . 100 percent of Medicare DRG. Add-on payment,  .",,,,,,,,,". 100 percent of Medicare DRG. Add-on payment,  . 100 percent of Medicare DRG. Add-on payment,  .",,,,,,,,,". GMLOS + 8 Outlier per Diem $6,968.00. Add-on payment, and lesser of 100% of billed charges. GMLOS + 8 Outlier per Diem $6,968.00. Add-on payment, and lesser of 100% of billed charges.",,,,,,,,,". 100 percent of Medicare DRG. Add-on payment,  . 100 percent of Medicare DRG. Add-on payment,  .",,,,,,,,,".  ",,,,,,,,,". 100 percent of Medicare DRG. Add-on payment,  . 100 percent of Medicare DRG. Add-on payment,  .",,,,,,,,,".  ",,,,,,,,,". GMLOS + 8 Outlier per Diem $6,968.00. Add-on payment, and lesser of 100% of billed charges. GMLOS + 8 Outlier per Diem $6,968.00. Add-on payment, and lesser of 100% of billed charges.",,,,,,,,,".  ",,,,,,,,,". 100 percent of Medicare DRG. Add-on payment,  . 100 percent of Medicare DRG. Add-on payment,  .",18071.73,,,,,,,Case Rate,". 100 percent of Medicaid DRG. Add-on payment, and lesser of 100% of billed charges. 100 percent of Medicaid DRG. Add-on payment, and lesser of 100% of billed charges.",,,,,,,,,". 100 percent of Medicare DRG. Add-on payment,  . 100 percent of Medicare DRG. Add-on payment,  .",,,,,,,,,".  ",,,,,,,,,".  ",18071.73,,,,,,,Case Rate,". 100 percent of Medicaid DRG. Add-on payment, and lesser of 100% of billed charges. 100 percent of Medicaid DRG. Add-on payment, and lesser of 100% of billed charges.",,,,,,,,,".  ",18071.73,,,,,,,Case Rate,". 100 percent of Medicaid DRG. Add-on payment, and lesser of 100% of billed charges. 100 percent of Medicaid DRG. Add-on payment, and lesser of 100% of billed charges.",18071.73,,,,,,,Case Rate,". 100 percent of Medicaid DRG. Add-on payment, and lesser of 100% of billed charges. 100 percent of Medicaid DRG. Add-on payment, and lesser of 100% of billed charges.",,,,,,,,,".  ",,,,,,,,,".  ",,,,,,,,,".  ",,,,,,,,,".  ",,,,,,,,,".  ",,,,,,,,,".  ",,,,,,,,,".  ",,,,,,,,," ",,,,,,,,," ",,,,,,,,," ",18071.73,,,,,,,Case Rate,". 100 percent of Medicaid DRG. Add-on payment, and lesser of 100% of billed charges. 100 percent of Medicaid DRG. Add-on payment, and lesser of 100% of billed charges.",,,,,,,,,".  ",,,,,,,,,".  ",,,,,,,,,". GMLOS + 8 Outlier per Diem $6,968.00. Add-on payment, and lesser of 100% of billed charges. GMLOS + 8 Outlier per Diem $6,968.00. Add-on payment, and lesser of 100% of billed charges.",,,,,,,,,".  ",,,,,,,,,". GMLOS + 8 Outlier per Diem $6,968.00. Add-on payment, and lesser of 100% of billed charges. GMLOS + 8 Outlier per Diem $6,968.00. Add-on payment, and lesser of 100% of billed charges.",,,,,,,,,".  ",,,,,,,,,".  ",,,,,,,,,".  ",,,,,,,,,".  ",,,,,,,,,".  ",,,,,,,,,". 100 percent of Medicare DRG. Add-on payment,  . 100 percent of Medicare DRG. Add-on payment,  .",12799.31,52408.02,
APR510-3,DRG,,,,,"APR510-3 PELVIC EVISCERATION, RADICAL HYSTERECTOMY & OTHER RADICAL GYN PROCS",,,Inpatient,,,,,,,,,,,,".  ",,,,,,,,,".  ",,,,,,,,,". GMLOS + 8 Outlier per Diem $6,968.00. Add-on payment, and lesser of 100% of billed charges. GMLOS + 8 Outlier per Diem $6,968.00. Add-on payment, and lesser of 100% of billed charges.",,100,,,,,0,Percent of total billed charges,100 percent of charges.  ; No services were performed during the 15 month look back period.,,,,,,,,,". 100 percent of Medicare DRG. Add-on payment,  . 100 percent of Medicare DRG. Add-on payment,  .",,,,,,,,,". GMLOS + 8 Outlier per Diem $6,968.00. Add-on payment, and lesser of 100% of billed charges. GMLOS + 8 Outlier per Diem $6,968.00. Add-on payment, and lesser of 100% of billed charges.",,,,,,,,,". GMLOS + 8 Outlier per Diem $6,968.00. Add-on payment, and lesser of 100% of billed charges. GMLOS + 8 Outlier per Diem $6,968.00. Add-on payment, and lesser of 100% of billed charges.",,,,,,,,,". GMLOS + 8 Outlier per Diem $6,968.00. Add-on payment, and lesser of 100% of billed charges. GMLOS + 8 Outlier per Diem $6,968.00. Add-on payment, and lesser of 100% of billed charges.",47022.43,,,,,,,Case Rate,". 155 percent of Medicaid DRG. Add-on payment, and lesser of 100% of billed charges. 155 percent of Medicaid DRG. Add-on payment, and lesser of 100% of billed charges.",30337.05,,,,,,,Case Rate,". 100 percent of Medicaid DRG. Add-on payment, and lesser of 100% of billed charges. 100 percent of Medicaid DRG. Add-on payment, and lesser of 100% of billed charges.",,73,,,,,0,Percent of total billed charges,73 percent of charges.  ; No services were performed during the 15 month look back period.,,,,,,,,,".  ",30337.05,,,,,,,Case Rate,". 100 percent of Medicaid DRG. Add-on payment, and lesser of 100% of billed charges. 100 percent of Medicaid DRG. Add-on payment, and lesser of 100% of billed charges.",,,,,,,,,". 100 percent of Medicare DRG. Add-on payment,  . 100 percent of Medicare DRG. Add-on payment,  .",,,,,,,,,".  ",,,,,,,,,".  ",,,,,,,,,".  ",,,,,,,,,".  ",30337.05,,,,,,,Case Rate,". 100 percent of Medicaid DRG. Add-on payment, and lesser of 100% of billed charges. 100 percent of Medicaid DRG. Add-on payment, and lesser of 100% of billed charges.",,,,,,,,,". 100 percent of Medicare DRG. Add-on payment,  . 100 percent of Medicare DRG. Add-on payment,  .",30337.05,,,,,,,Case Rate,". 100 percent of Medicaid DRG. Add-on payment, and lesser of 100% of billed charges. 100 percent of Medicaid DRG. Add-on payment, and lesser of 100% of billed charges.",,73,,,,,0,Percent of total billed charges,73 percent of charges.  ; No services were performed during the 15 month look back period.,,,,,,,,,". GMLOS + 8 Outlier per Diem $6,968.00. Add-on payment, and lesser of 100% of billed charges. GMLOS + 8 Outlier per Diem $6,968.00. Add-on payment, and lesser of 100% of billed charges.",,,,,,,,,". 100 percent of Medicare DRG. Add-on payment, and lesser of 100% of billed charges. 100 percent of Medicare DRG. Add-on payment, and lesser of 100% of billed charges.",,,,,,,,," ",,,,,,,,,". 100 percent of Medicare DRG. Add-on payment, and lesser of 100% of billed charges. 100 percent of Medicare DRG. Add-on payment, and lesser of 100% of billed charges.",,,,,,,,,". 100 percent of Medicare DRG. Add-on payment, and lesser of 100% of billed charges. 100 percent of Medicare DRG. Add-on payment, and lesser of 100% of billed charges.",,73,,,,,0,Percent of total billed charges,73 percent of charges.  ; No services were performed during the 15 month look back period.,30337.05,,,,,,,Case Rate,". 100 percent of Medicaid DRG. Add-on payment, and lesser of 100% of billed charges. 100 percent of Medicaid DRG. Add-on payment, and lesser of 100% of billed charges.",30337.05,,,,,,,Case Rate,". 100 percent of Medicaid DRG. Add-on payment, and lesser of 100% of billed charges. 100 percent of Medicaid DRG. Add-on payment, and lesser of 100% of billed charges.",30337.05,,,,,,,Case Rate,". 100 percent of Medicaid DRG. Add-on payment, and lesser of 100% of billed charges. 100 percent of Medicaid DRG. Add-on payment, and lesser of 100% of billed charges.",30337.05,,,,,,,Case Rate,". 100 percent of Medicaid DRG. Add-on payment, and lesser of 100% of billed charges. 100 percent of Medicaid DRG. Add-on payment, and lesser of 100% of billed charges.",,,,,,,,," ",,,,,,,,," ",30337.05,,,,,,,Case Rate,". 100 percent of Medicaid DRG. Add-on payment, and lesser of 100% of billed charges. 100 percent of Medicaid DRG. Add-on payment, and lesser of 100% of billed charges.",,,,,,,,," ",30337.05,,,,,,,Case Rate,". 100 percent of Medicaid DRG. Add-on payment, and lesser of 100% of billed charges. 100 percent of Medicaid DRG. Add-on payment, and lesser of 100% of billed charges.",,,,,,,,,". 100 percent of Medicare DRG. Add-on payment, . 100 percent of Medicare DRG. Add-on payment, .",,,,,,,,," ",,73,,,,,0,Percent of total billed charges,73 percent of charges.  ; No services were performed during the 15 month look back period.,30337.05,,,,,,,Case Rate,". 100 percent of Medicaid DRG. Add-on payment, and lesser of 100% of billed charges. 100 percent of Medicaid DRG. Add-on payment, and lesser of 100% of billed charges.",30337.05,,,,,,,Case Rate,". 100 percent of Medicaid DRG. Add-on payment, and lesser of 100% of billed charges. 100 percent of Medicaid DRG. Add-on payment, and lesser of 100% of billed charges.",,73,,,,,0,Percent of total billed charges,73 percent of charges.  ; No services were performed during the 15 month look back period.,,,,,,,,,".  ",,,,,,,,,".  ",,,,,,,,,".  ",,73,,,,,0,Percent of total billed charges,73 percent of charges.  ; No services were performed during the 15 month look back period.,,,,,,,,,". 100 percent of Medicare DRG. Add-on payment,  . 100 percent of Medicare DRG. Add-on payment,  .",,,,,,,,,".  ",,,,,,,,,".  ",,,,,,,,,".  ",,,,,,,,,". 100 percent of Medicare DRG. Add-on payment,  . 100 percent of Medicare DRG. Add-on payment,  .",,,,,,,,,".  ",,,,,,,,,".  ",,,,,,,,,". 100 percent of Medicare DRG. Add-on payment, and lesser of 100% of billed charges. 100 percent of Medicare DRG. Add-on payment, and lesser of 100% of billed charges.",,,,,,,,,".  ",,,,,,,,,".  ",,,,,,,,,".  ",,,,,,,,,".  ",,,,,,,,,".  ",,,,,,,,,".  ",,,,,,,,,".  ",,,,,,,,,". 100 percent of Medicare DRG. Add-on payment,  . 100 percent of Medicare DRG. Add-on payment,  .",,,,,,,,,". 100 percent of Medicare DRG. Add-on payment,  . 100 percent of Medicare DRG. Add-on payment,  .",,,,,,,,,".  ",,73,,,,,0,Percent of total billed charges,73 percent of charges.  ; No services were performed during the 15 month look back period.,,73,,,,,0,Percent of total billed charges,73 percent of charges.  ; No services were performed during the 15 month look back period.,,73,,,,,0,Percent of total billed charges,73 percent of charges.  ; No services were performed during the 15 month look back period.,,73,,,,,0,Percent of total billed charges,73 percent of charges.  ; No services were performed during the 15 month look back period.,,73,,,,,0,Percent of total billed charges,73 percent of charges.  ; No services were performed during the 15 month look back period.,,73,,,,,0,Percent of total billed charges,73 percent of charges.  ; No services were performed during the 15 month look back period.,,73,,,,,0,Percent of total billed charges,73 percent of charges.  ; No services were performed during the 15 month look back period.,,73,,,,,0,Percent of total billed charges,73 percent of charges.  ; No services were performed during the 15 month look back period.,,73,,,,,0,Percent of total billed charges,73 percent of charges.  ; No services were performed during the 15 month look back period.,,73,,,,,0,Percent of total billed charges,73 percent of charges.  ; No services were performed during the 15 month look back period.,,73,,,,,0,Percent of total billed charges,73 percent of charges.  ; No services were performed during the 15 month look back period.,,73,,,,,0,Percent of total billed charges,73 percent of charges.  ; No services were performed during the 15 month look back period.,,73,,,,,0,Percent of total billed charges,73 percent of charges.  ; No services were performed during the 15 month look back period.,,73,,,,,0,Percent of total billed charges,73 percent of charges.  ; No services were performed during the 15 month look back period.,,73,,,,,0,Percent of total billed charges,73 percent of charges.  ; No services were performed during the 15 month look back period.,,73,,,,,0,Percent of total billed charges,73 percent of charges.  ; No services were performed during the 15 month look back period.,,73,,,,,0,Percent of total billed charges,73 percent of charges.  ; No services were performed during the 15 month look back period.,,73,,,,,0,Percent of total billed charges,73 percent of charges.  ; No services were performed during the 15 month look back period.,,73,,,,,0,Percent of total billed charges,73 percent of charges.  ; No services were performed during the 15 month look back period.,,73,,,,,0,Percent of total billed charges,73 percent of charges.  ; No services were performed during the 15 month look back period.,,73,,,,,0,Percent of total billed charges,73 percent of charges.  ; No services were performed during the 15 month look back period.,,73,,,,,0,Percent of total billed charges,73 percent of charges.  ; No services were performed during the 15 month look back period.,,73,,,,,0,Percent of total billed charges,73 percent of charges.  ; No services were performed during the 15 month look back period.,,73,,,,,0,Percent of total billed charges,73 percent of charges.  ; No services were performed during the 15 month look back period.,,73,,,,,0,Percent of total billed charges,73 percent of charges.  ; No services were performed during the 15 month look back period.,,73,,,,,0,Percent of total billed charges,73 percent of charges.  ; No services were performed during the 15 month look back period.,,,,,,,,," ",,,,,,,,," ",,,,,,,,," ",,,,,,,,," ",,,,,,,,," ",,,,,,,,," ",,,,,,,,,".  ",,,,,,,,,".  ",,,,,,,,,".  ",,,,,,,,,".  ",,73,,,,,0,Percent of total billed charges,73 percent of charges.  ; No services were performed during the 15 month look back period.,,,,,,,,," ",,,,,,,,,".  ",,,,,,,,,".  ",,,,,,,,,".  ",,,,,,,,," ",,73,,,,,0,Percent of total billed charges,73 percent of charges.  ; No services were performed during the 15 month look back period.,30337.05,,,,,,,Case Rate,". 100 percent of Medicaid DRG. Add-on payment, and lesser of 100% of billed charges. 100 percent of Medicaid DRG. Add-on payment, and lesser of 100% of billed charges.",,,,,,,,," ",30337.05,,,,,,,Case Rate,". 100 percent of Medicaid DRG. Add-on payment, and lesser of 100% of billed charges. 100 percent of Medicaid DRG. Add-on payment, and lesser of 100% of billed charges.",,,,,,,,,". 100 percent of Medicare DRG. Add-on payment, . 100 percent of Medicare DRG. Add-on payment, .",,,,,,,,,". 100 percent of Medicare DRG. Add-on payment,  . 100 percent of Medicare DRG. Add-on payment,  .",,,,,,,,,".  ",,,,,,,,,". 100 percent of Medicare DRG. Add-on payment,  . 100 percent of Medicare DRG. Add-on payment,  .",,,,,,,,,". 100 percent of Medicare DRG. Add-on payment,  . 100 percent of Medicare DRG. Add-on payment,  .",30337.05,,,,,,,Case Rate,". 100 percent of Medicaid DRG. Add-on payment, and lesser of 100% of billed charges. 100 percent of Medicaid DRG. Add-on payment, and lesser of 100% of billed charges.",,,,,,,,,". 100 percent of Medicare DRG. Add-on payment,  . 100 percent of Medicare DRG. Add-on payment,  .",,,,,,,,,". 100 percent of Medicare DRG. Add-on payment,  . 100 percent of Medicare DRG. Add-on payment,  .",,,,,,,,,". GMLOS + 8 Outlier per Diem $6,968.00. Add-on payment, and lesser of 100% of billed charges. GMLOS + 8 Outlier per Diem $6,968.00. Add-on payment, and lesser of 100% of billed charges.",,,,,,,,,". GMLOS + 8 Outlier per Diem $6,968.00. Add-on payment, and lesser of 100% of billed charges. GMLOS + 8 Outlier per Diem $6,968.00. Add-on payment, and lesser of 100% of billed charges.",,,,,,,,,". 100 percent of Medicare DRG. Add-on payment,  . 100 percent of Medicare DRG. Add-on payment,  .",,,,,,,,,".  ",,,,,,,,,".  ",,,,,,,,,".  ",,,,,,,,,". 100 percent of Medicare DRG. Add-on payment,  . 100 percent of Medicare DRG. Add-on payment,  .",,,,,,,,,".  ",,,,,,,,,". GMLOS + 8 Outlier per Diem $6,968.00. Add-on payment, and lesser of 100% of billed charges. GMLOS + 8 Outlier per Diem $6,968.00. Add-on payment, and lesser of 100% of billed charges.",,,,,,,,,". GMLOS + 8 Outlier per Diem $6,968.00. Add-on payment, and lesser of 100% of billed charges. GMLOS + 8 Outlier per Diem $6,968.00. Add-on payment, and lesser of 100% of billed charges.",,,,,,,,,". GMLOS + 8 Outlier per Diem $6,968.00. Add-on payment, and lesser of 100% of billed charges. GMLOS + 8 Outlier per Diem $6,968.00. Add-on payment, and lesser of 100% of billed charges.",,73,,,,,0,Percent of total billed charges,73 percent of charges.  ; No services were performed during the 15 month look back period.,,73,,,,,0,Percent of total billed charges,73 percent of charges.  ; No services were performed during the 15 month look back period.,,73,,,,,0,Percent of total billed charges,73 percent of charges.  ; No services were performed during the 15 month look back period.,,73,,,,,0,Percent of total billed charges,73 percent of charges.  ; No services were performed during the 15 month look back period.,,73,,,,,0,Percent of total billed charges,73 percent of charges.  ; No services were performed during the 15 month look back period.,,73,,,,,0,Percent of total billed charges,73 percent of charges.  ; No services were performed during the 15 month look back period.,,73,,,,,0,Percent of total billed charges,73 percent of charges.  ; No services were performed during the 15 month look back period.,,73,,,,,0,Percent of total billed charges,73 percent of charges.  ; No services were performed during the 15 month look back period.,,73,,,,,0,Percent of total billed charges,73 percent of charges.  ; No services were performed during the 15 month look back period.,,73,,,,,0,Percent of total billed charges,73 percent of charges.  ; No services were performed during the 15 month look back period.,,73,,,,,0,Percent of total billed charges,73 percent of charges.  ; No services were performed during the 15 month look back period.,,,,,,,,," ",,,,,,,,,".  ",,,,,,,,,".  ",,,,,,,,,". 100 percent of Medicare DRG. Add-on payment,  . 100 percent of Medicare DRG. Add-on payment,  .",,,,,,,,,". GMLOS + 8 Outlier per Diem $6,968.00. Add-on payment, and lesser of 100% of billed charges. GMLOS + 8 Outlier per Diem $6,968.00. Add-on payment, and lesser of 100% of billed charges.",,,,,,,,,".  ",,,,,,,,,".  ",,73,,,,,0,Percent of total billed charges,73 percent of charges.  ; No services were performed during the 15 month look back period.,60674.1,,,,,,,Case Rate,". 200 percent of Medicaid DRG. Add-on payment, and lesser of 200% of billed charges. 200 percent of Medicaid DRG. Add-on payment, and lesser of 200% of billed charges.",,,,,,,,,".  ",30337.05,,,,,,,Case Rate,". 100 percent of Medicaid DRG. Add-on payment, and lesser of 100% of billed charges. 100 percent of Medicaid DRG. Add-on payment, and lesser of 100% of billed charges.",,,,,,,,,". 100 percent of Medicare DRG. Add-on payment,  . 100 percent of Medicare DRG. Add-on payment,  .",,,,,,,,,". 100 percent of Medicare DRG. Add-on payment,  . 100 percent of Medicare DRG. Add-on payment,  .",,,,,,,,,". 100 percent of Medicare DRG. Add-on payment,  . 100 percent of Medicare DRG. Add-on payment,  .",,,,,,,,,". 100 percent of Medicare DRG. Add-on payment,  . 100 percent of Medicare DRG. Add-on payment,  .",,,,,,,,,". 100 percent of Medicare DRG. Add-on payment,  . 100 percent of Medicare DRG. Add-on payment,  .",,,,,,,,,". 100 percent of Medicare DRG. Add-on payment,  . 100 percent of Medicare DRG. Add-on payment,  .",,,,,,,,,".  ",,,,,,,,,".  ",68258.37,,,,,,,Case Rate,". 225 percent of Medicaid DRG. Add-on payment, and lesser of 100% of billed charges. 225 percent of Medicaid DRG. Add-on payment, and lesser of 100% of billed charges.",68258.37,,,,,,,Case Rate,". 225 percent of Medicaid DRG. Add-on payment, and lesser of 100% of billed charges. 225 percent of Medicaid DRG. Add-on payment, and lesser of 100% of billed charges.",68258.37,,,,,,,Case Rate,". 225 percent of Medicaid DRG. Add-on payment, and lesser of 100% of billed charges. 225 percent of Medicaid DRG. Add-on payment, and lesser of 100% of billed charges.",68258.37,,,,,,,Case Rate,". 225 percent of Medicaid DRG. Add-on payment, and lesser of 100% of billed charges. 225 percent of Medicaid DRG. Add-on payment, and lesser of 100% of billed charges.",68258.37,,,,,,,Case Rate,". 225 percent of Medicaid DRG. Add-on payment, and lesser of 100% of billed charges. 225 percent of Medicaid DRG. Add-on payment, and lesser of 100% of billed charges.",,,,,,,,," ",,,,,,,,,".  ",,,,,,,,," ",,,,,,,,," ",,,,,,,,," ",,,,,,,,," ",,,,,,,,," ",,,,,,,,,". 100 percent of Medicare DRG. Add-on payment,  . 100 percent of Medicare DRG. Add-on payment,  .",,,,,,,,," ",,,,,,,,," ",,,,,,,,," ",,,,,,,,," ",,,,,,,,,". GMLOS + 8 Outlier per Diem $6,968.00. Add-on payment, and lesser of 100% of billed charges. GMLOS + 8 Outlier per Diem $6,968.00. Add-on payment, and lesser of 100% of billed charges.",,,,,,,,,". GMLOS + 8 Outlier per Diem $6,968.00. Add-on payment, and lesser of 100% of billed charges. GMLOS + 8 Outlier per Diem $6,968.00. Add-on payment, and lesser of 100% of billed charges.",,,,,,,,,". GMLOS + 8 Outlier per Diem $6,968.00. Add-on payment, and lesser of 100% of billed charges. GMLOS + 8 Outlier per Diem $6,968.00. Add-on payment, and lesser of 100% of billed charges.",,,,,,,,,". GMLOS + 8 Outlier per Diem $6,968.00. Add-on payment, and lesser of 100% of billed charges. GMLOS + 8 Outlier per Diem $6,968.00. Add-on payment, and lesser of 100% of billed charges.",,,,,,,,,".  ",,,,,,,,,".  ",,,,,,,,,". 100 percent of Medicare DRG. Add-on payment,  . 100 percent of Medicare DRG. Add-on payment,  .",,,,,,,,,". 100 percent of Medicare DRG. Add-on payment,  . 100 percent of Medicare DRG. Add-on payment,  .",,,,,,,,,". 100 percent of Medicare DRG. Add-on payment,  . 100 percent of Medicare DRG. Add-on payment,  .",,,,,,,,,".  ",,,,,,,,,".  ",,,,,,,,,".  ",,,,,,,,,".  ",,,,,,,,,". GMLOS + 8 Outlier per Diem $6,968.00. Add-on payment, and lesser of 100% of billed charges. GMLOS + 8 Outlier per Diem $6,968.00. Add-on payment, and lesser of 100% of billed charges.",,,,,,,,,". 100 percent of Medicare DRG. Add-on payment,  . 100 percent of Medicare DRG. Add-on payment,  .",,,,,,,,,".  ",30337.05,,,,,,,Case Rate,". 100 percent of Medicaid DRG. Add-on payment, and lesser of 100% of billed charges. 100 percent of Medicaid DRG. Add-on payment, and lesser of 100% of billed charges.",,,,,,,,,". 100 percent of Medicare DRG. Add-on payment, and lesser of 100% of billed charges. 100 percent of Medicare DRG. Add-on payment, and lesser of 100% of billed charges.",,,,,,,,,". 100 percent of Medicare DRG. Add-on payment, and lesser of 100% of billed charges. 100 percent of Medicare DRG. Add-on payment, and lesser of 100% of billed charges.",,,,,,,,,". 100 percent of Medicare DRG. Add-on payment, and lesser of 100% of billed charges. 100 percent of Medicare DRG. Add-on payment, and lesser of 100% of billed charges.",30337.05,,,,,,,Case Rate,". 100 percent of Medicaid DRG. Add-on payment, and lesser of 100% of billed charges. 100 percent of Medicaid DRG. Add-on payment, and lesser of 100% of billed charges.",68258.37,,,,,,,Case Rate,". 225 percent of Medicaid DRG. Add-on payment, and lesser of 225% of billed charges. 225 percent of Medicaid DRG. Add-on payment, and lesser of 225% of billed charges.",68258.37,,,,,,,Case Rate,". 225 percent of Medicaid DRG. Add-on payment, and lesser of 225% of billed charges. 225 percent of Medicaid DRG. Add-on payment, and lesser of 225% of billed charges.",68258.37,,,,,,,Case Rate,". 225 percent of Medicaid DRG. Add-on payment, and lesser of 225% of billed charges. 225 percent of Medicaid DRG. Add-on payment, and lesser of 225% of billed charges.",68258.37,,,,,,,Case Rate,". 225 percent of Medicaid DRG. Add-on payment, and lesser of 225% of billed charges. 225 percent of Medicaid DRG. Add-on payment, and lesser of 225% of billed charges.",68258.37,,,,,,,Case Rate,". 225 percent of Medicaid DRG. Add-on payment, and lesser of 225% of billed charges. 225 percent of Medicaid DRG. Add-on payment, and lesser of 225% of billed charges.",,,,,,,,,". 100 percent of Medicare DRG. Add-on payment, and lesser of 100% of billed charges. 100 percent of Medicare DRG. Add-on payment, and lesser of 100% of billed charges.",30337.05,,,,,,,Case Rate,". 100 percent of Medicaid DRG. Add-on payment, and lesser of 100% of billed charges. 100 percent of Medicaid DRG. Add-on payment, and lesser of 100% of billed charges.",30337.05,,,,,,,Case Rate,". 100 percent of Medicaid DRG. Add-on payment, and lesser of 100% of billed charges. 100 percent of Medicaid DRG. Add-on payment, and lesser of 100% of billed charges.",68258.37,,,,,,,Case Rate,". 225 percent of Medicaid DRG. Add-on payment, and lesser of 225% of billed charges. 225 percent of Medicaid DRG. Add-on payment, and lesser of 225% of billed charges.",68258.37,,,,,,,Case Rate,". 225 percent of Medicaid DRG. Add-on payment, and lesser of 225% of billed charges. 225 percent of Medicaid DRG. Add-on payment, and lesser of 225% of billed charges.",30337.05,,,,,,,Case Rate,". 100 percent of Medicaid DRG. Add-on payment, and lesser of 100% of billed charges. 100 percent of Medicaid DRG. Add-on payment, and lesser of 100% of billed charges.",30337.05,,,,,,,Case Rate,". 100 percent of Medicaid DRG. Add-on payment, and lesser of 100% of billed charges. 100 percent of Medicaid DRG. Add-on payment, and lesser of 100% of billed charges.",68258.37,,,,,,,Case Rate,". 225 percent of Medicaid DRG. Add-on payment, and lesser of 100% of billed charges. 225 percent of Medicaid DRG. Add-on payment, and lesser of 100% of billed charges.",,,,,,,,,". 100 percent of Medicare DRG. Add-on payment,  . 100 percent of Medicare DRG. Add-on payment,  .",,,,,,,,,". 100 percent of Medicare DRG. Add-on payment,  . 100 percent of Medicare DRG. Add-on payment,  .",,,,,,,,,". GMLOS + 8 Outlier per Diem $6,968.00. Add-on payment, and lesser of 100% of billed charges. GMLOS + 8 Outlier per Diem $6,968.00. Add-on payment, and lesser of 100% of billed charges.",,,,,,,,,". 100 percent of Medicare DRG. Add-on payment,  . 100 percent of Medicare DRG. Add-on payment,  .",68258.37,,,,,,,Case Rate,". 225 percent of Medicaid DRG. Add-on payment, and lesser of 225% of billed charges. 225 percent of Medicaid DRG. Add-on payment, and lesser of 225% of billed charges.",68258.37,,,,,,,Case Rate,". 225 percent of Medicaid DRG. Add-on payment, and lesser of 225% of billed charges. 225 percent of Medicaid DRG. Add-on payment, and lesser of 225% of billed charges.",30337.05,,,,,,,Case Rate,". 100 percent of Medicaid DRG. Add-on payment, and lesser of 100% of billed charges. 100 percent of Medicaid DRG. Add-on payment, and lesser of 100% of billed charges.",30337.05,,,,,,,Case Rate,". 100 percent of Medicaid DRG. Add-on payment, and lesser of 100% of billed charges. 100 percent of Medicaid DRG. Add-on payment, and lesser of 100% of billed charges.",50151.1,,,,,,,Case Rate,". 225 percent of Medicaid DRG. Add-on payment, and lesser of 225% of billed charges. 225 percent of Medicaid DRG. Add-on payment, and lesser of 225% of billed charges.",30337.05,,,,,,,Case Rate,". 100 percent of Medicaid DRG. Add-on payment, and lesser of 100% of billed charges. 100 percent of Medicaid DRG. Add-on payment, and lesser of 100% of billed charges.",87977.45,,,,,,,Case Rate,". 290 percent of Medicaid DRG. Add-on payment, and lesser of 100% of billed charges. 290 percent of Medicaid DRG. Add-on payment, and lesser of 100% of billed charges.",87977.45,,,,,,,Case Rate,". 290 percent of Medicaid DRG. Add-on payment, and lesser of 100% of billed charges. 290 percent of Medicaid DRG. Add-on payment, and lesser of 100% of billed charges.",87977.45,,,,,,,Case Rate,". 290 percent of Medicaid DRG. Add-on payment, and lesser of 100% of billed charges. 290 percent of Medicaid DRG. Add-on payment, and lesser of 100% of billed charges.",87977.45,,,,,,,Case Rate,". 290 percent of Medicaid DRG. Add-on payment, and lesser of 100% of billed charges. 290 percent of Medicaid DRG. Add-on payment, and lesser of 100% of billed charges.",,,,,,,,," ",,,,,,,,,".  ",40955.02,,,,,,,Case Rate,"135% of Medicaid EP 1 and 2, 100% of medicaid EP 3 and 4.  ",40955.02,,,,,,,Case Rate,"135% of Medicaid EP 1 and 2, 100% of medicaid EP 3 and 4.  ",30337.05,,,,,,,Case Rate,". 100 percent of Medicaid DRG. Add-on payment, and lesser of 100% of billed charges. 100 percent of Medicaid DRG. Add-on payment, and lesser of 100% of billed charges.",30337.05,,,,,,,Case Rate,". 100 percent of Medicaid DRG. Add-on payment, and lesser of 100% of billed charges. 100 percent of Medicaid DRG. Add-on payment, and lesser of 100% of billed charges.",,,,,,,,,".  ",,,,,,,,,".  ",,,,,,,,,". 100 percent of Medicare DRG. Add-on payment,  . 100 percent of Medicare DRG. Add-on payment,  .",,,,,,,,,".  ",,,,,,,,,".  ",,,,,,,,,".  ",,,,,,,,,".  ",,,,,,,,,". 100 percent of Medicare DRG. Add-on payment,  . 100 percent of Medicare DRG. Add-on payment,  .",,,,,,,,,".  ",,,,,,,,,".  ",,,,,,,,,". GMLOS + 8 Outlier per Diem $6,968.00. Add-on payment, and lesser of 100% of billed charges. GMLOS + 8 Outlier per Diem $6,968.00. Add-on payment, and lesser of 100% of billed charges.",30337.05,,,,,,,Case Rate,". 100 percent of Medicaid DRG. Add-on payment, and lesser of 100% of billed charges. 100 percent of Medicaid DRG. Add-on payment, and lesser of 100% of billed charges.",30337.05,,,,,,,Case Rate,". 100 percent of Medicaid DRG. Add-on payment, and lesser of 100% of billed charges. 100 percent of Medicaid DRG. Add-on payment, and lesser of 100% of billed charges.",68258.37,,,,,,,Case Rate,". 225 percent of Medicaid DRG. Add-on payment, and lesser of 225% of billed charges. 225 percent of Medicaid DRG. Add-on payment, and lesser of 225% of billed charges.",50151.1,,,,,,,Case Rate,". 225 percent of Medicaid DRG. Add-on payment, and lesser of 225% of billed charges. 225 percent of Medicaid DRG. Add-on payment, and lesser of 225% of billed charges.",30337.05,,,,,,,Case Rate,". 100 percent of Medicaid DRG. Add-on payment, and lesser of 100% of billed charges. 100 percent of Medicaid DRG. Add-on payment, and lesser of 100% of billed charges.",68258.37,,,,,,,Case Rate,". 225 percent of Medicaid DRG. Add-on payment, and lesser of 225% of billed charges. 225 percent of Medicaid DRG. Add-on payment, and lesser of 225% of billed charges.",68258.37,,,,,,,Case Rate,". 225 percent of Medicaid DRG. Add-on payment, and lesser of 225% of billed charges. 225 percent of Medicaid DRG. Add-on payment, and lesser of 225% of billed charges.",68258.37,,,,,,,Case Rate,". 225 percent of Medicaid DRG. Add-on payment, and lesser of 225% of billed charges. 225 percent of Medicaid DRG. Add-on payment, and lesser of 225% of billed charges.",68258.37,,,,,,,Case Rate,". 225 percent of Medicaid DRG. Add-on payment, and lesser of 225% of billed charges. 225 percent of Medicaid DRG. Add-on payment, and lesser of 225% of billed charges.",68258.37,,,,,,,Case Rate,". 225 percent of Medicaid DRG. Add-on payment, and lesser of 225% of billed charges. 225 percent of Medicaid DRG. Add-on payment, and lesser of 225% of billed charges.",68258.37,,,,,,,Case Rate,". 225 percent of Medicaid DRG. Add-on payment, and lesser of 225% of billed charges. 225 percent of Medicaid DRG. Add-on payment, and lesser of 225% of billed charges.",,,,,,,,," ",,,,,,,,," ",,,,,,,,," ",,,,,,,,,".  ",,,,,,,,," ",,,,,,,,,". 100 percent of Medicare DRG. Add-on payment,  . 100 percent of Medicare DRG. Add-on payment,  .",,,,,,,,,".  ",,,,,,,,,". 100 percent of Medicare DRG. Add-on payment,  . 100 percent of Medicare DRG. Add-on payment,  .",,,,,,,,,". 100 percent of Medicare DRG. Add-on payment,  . 100 percent of Medicare DRG. Add-on payment,  .",40955.02,,,,,,,Case Rate,"135% of Medicaid EP 1 and 2, 100% of medicaid EP 3 and 4.  ",40955.02,,,,,,,Case Rate,"135% of Medicaid EP 1 and 2, 100% of medicaid EP 3 and 4.  ",30337.05,,,,,,,Case Rate,". 100 percent of Medicaid DRG. Add-on payment, and lesser of 100% of billed charges. 100 percent of Medicaid DRG. Add-on payment, and lesser of 100% of billed charges.",30337.05,,,,,,,Case Rate,". 100 percent of Medicaid DRG. Add-on payment, and lesser of 100% of billed charges. 100 percent of Medicaid DRG. Add-on payment, and lesser of 100% of billed charges.",30337.05,,,,,,,Case Rate,". 100 percent of Medicaid DRG. Add-on payment, and lesser of 100% of billed charges. 100 percent of Medicaid DRG. Add-on payment, and lesser of 100% of billed charges.",,,,,,,,," ",,,,,,,,,". GMLOS + 8 Outlier per Diem $6,968.00. Add-on payment, and lesser of 100% of billed charges. GMLOS + 8 Outlier per Diem $6,968.00. Add-on payment, and lesser of 100% of billed charges.",,,,,,,,," ",,,,,,,,,".  ",,,,,,,,,". 100 percent of Medicare DRG. Add-on payment, . 100 percent of Medicare DRG. Add-on payment, .",,,,,,,,,". 100 percent of Medicare DRG. Add-on payment,  . 100 percent of Medicare DRG. Add-on payment,  .",,,,,,,,,". 100 percent of Medicare DRG. Add-on payment,  . 100 percent of Medicare DRG. Add-on payment,  .",,,,,,,,,". 100 percent of Medicare DRG. Add-on payment,  . 100 percent of Medicare DRG. Add-on payment,  .",,,,,,,,,". 100 percent of Medicare DRG. Add-on payment, . 100 percent of Medicare DRG. Add-on payment, .",,,,,,,,,". 100 percent of Medicare DRG. Add-on payment,  . 100 percent of Medicare DRG. Add-on payment,  .",,,,,,,,," ",68258.37,,,,,,,Case Rate,". 225 percent of Medicaid DRG. Add-on payment, and lesser of 225% of billed charges. 225 percent of Medicaid DRG. Add-on payment, and lesser of 225% of billed charges.",30337.05,,,,,,,Case Rate,". 100 percent of Medicaid DRG. Add-on payment, and lesser of 100% of billed charges. 100 percent of Medicaid DRG. Add-on payment, and lesser of 100% of billed charges.",,,,,,,,,".  ",,,,,,,,," ",,,,,,,,," ",,,,,,,,," ",,,,,,,,," ",,,,,,,,,". 100 percent of Medicare DRG. Add-on payment,  . 100 percent of Medicare DRG. Add-on payment,  .",30337.05,,,,,,,Case Rate,". 100 percent of Medicaid DRG. Add-on payment, and lesser of 100% of billed charges. 100 percent of Medicaid DRG. Add-on payment, and lesser of 100% of billed charges.",,,,,,,,,".  ",30337.05,,,,,,,Case Rate,". 100 percent of Medicaid DRG. Add-on payment, and lesser of 100% of billed charges. 100 percent of Medicaid DRG. Add-on payment, and lesser of 100% of billed charges.",,,,,,,,,". 100 percent of Medicare DRG. Add-on payment,  . 100 percent of Medicare DRG. Add-on payment,  .",30337.05,,,,,,,Case Rate,". 100 percent of Medicaid DRG. Add-on payment, and lesser of 100% of billed charges. 100 percent of Medicaid DRG. Add-on payment, and lesser of 100% of billed charges.",,,,,,,,,". 100 percent of Medicare DRG. Add-on payment,  . 100 percent of Medicare DRG. Add-on payment,  .",,,,,,,,,". 100 percent of Medicare DRG. Add-on payment,  . 100 percent of Medicare DRG. Add-on payment,  .",30337.05,,,,,,,Case Rate,". 100 percent of Medicaid DRG. Add-on payment, and lesser of 100% of billed charges. 100 percent of Medicaid DRG. Add-on payment, and lesser of 100% of billed charges.",30337.05,,,,,,,Case Rate,". 100 percent of Medicaid DRG. Add-on payment, and lesser of 100% of billed charges. 100 percent of Medicaid DRG. Add-on payment, and lesser of 100% of billed charges.",,,,,,,,," ",,,,,,,,,".  ",,73,,,,,0,Percent of total billed charges,73 percent of charges.  ; No services were performed during the 15 month look back period.,,,,,,,,,".  ",,,,,,,,,".  ",,,,,,,,,". GMLOS + 8 Outlier per Diem $6,968.00. Add-on payment, and lesser of 100% of billed charges. GMLOS + 8 Outlier per Diem $6,968.00. Add-on payment, and lesser of 100% of billed charges.",,,,,,,,,". 93 percent of Medicare DRG. Add-on payment, and lesser of 100% of billed charges. 93 percent of Medicare DRG. Add-on payment, and lesser of 100% of billed charges.",,,,,,,,," ",,,,,,,,," ",,,,,,,,,".  ",,,,,,,,,".  ",,,,,,,,,". 100 percent of Medicare DRG. Add-on payment,  . 100 percent of Medicare DRG. Add-on payment,  .",,,,,,,,,". 100 percent of Medicare DRG. Add-on payment,  . 100 percent of Medicare DRG. Add-on payment,  .",,,,,,,,,". 100 percent of Medicare DRG. Add-on payment,  . 100 percent of Medicare DRG. Add-on payment,  .",,,,,,,,,". 100 percent of Medicare DRG. Add-on payment,  . 100 percent of Medicare DRG. Add-on payment,  .",,,,,,,,,".  ",,,,,,,,,".  ",,,,,,,,,".  ",,,,,,,,,". 100 percent of Medicare DRG. Add-on payment,  . 100 percent of Medicare DRG. Add-on payment,  .",,,,,,,,,".  ",,,,,,,,," ",30337.05,,,,,,,Case Rate,". 100 percent of Medicaid DRG. Add-on payment, and lesser of 100% of billed charges. 100 percent of Medicaid DRG. Add-on payment, and lesser of 100% of billed charges.",30337.05,,,,,,,Case Rate,". 100 percent of Medicaid DRG. Add-on payment, and lesser of 100% of billed charges. 100 percent of Medicaid DRG. Add-on payment, and lesser of 100% of billed charges.",,,,,,,,," ",,,,,,,,,".  ",,,,,,,,,".  ",,,,,,,,,".  ",,,,,,,,,".  ",,,,,,,,,". 100 percent of Medicare DRG. Add-on payment, . 100 percent of Medicare DRG. Add-on payment, .",31853.9,,,,,,,Case Rate,". 105 percent of Medicaid DRG. Add-on payment, and lesser of 100% of billed charges. 105 percent of Medicaid DRG. Add-on payment, and lesser of 100% of billed charges.",31853.9,,,,,,,Case Rate,". 105 percent of Medicaid DRG. Add-on payment, and lesser of 100% of billed charges. 105 percent of Medicaid DRG. Add-on payment, and lesser of 100% of billed charges.",31853.9,,,,,,,Case Rate,". 105 percent of Medicaid DRG. Add-on payment, and lesser of 100% of billed charges. 105 percent of Medicaid DRG. Add-on payment, and lesser of 100% of billed charges.",31853.9,,,,,,,Case Rate,". 105 percent of Medicaid DRG. Add-on payment, and lesser of 100% of billed charges. 105 percent of Medicaid DRG. Add-on payment, and lesser of 100% of billed charges.",,,,,,,,,".  ",31853.9,,,,,,,Case Rate,". 105 percent of Medicaid DRG. Add-on payment, and lesser of 100% of billed charges. 105 percent of Medicaid DRG. Add-on payment, and lesser of 100% of billed charges.",31853.9,,,,,,,Case Rate,". 105 percent of Medicaid DRG. Add-on payment, and lesser of 100% of billed charges. 105 percent of Medicaid DRG. Add-on payment, and lesser of 100% of billed charges.",31853.9,,,,,,,Case Rate,". 105 percent of Medicaid DRG. Add-on payment, and lesser of 100% of billed charges. 105 percent of Medicaid DRG. Add-on payment, and lesser of 100% of billed charges.",31853.9,,,,,,,Case Rate,". 105 percent of Medicaid DRG. Add-on payment, and lesser of 100% of billed charges. 105 percent of Medicaid DRG. Add-on payment, and lesser of 100% of billed charges.",31853.9,,,,,,,Case Rate,". 105 percent of Medicaid DRG. Add-on payment, and lesser of 100% of billed charges. 105 percent of Medicaid DRG. Add-on payment, and lesser of 100% of billed charges.",31853.9,,,,,,,Case Rate,". 105 percent of Medicaid DRG. Add-on payment, and lesser of 100% of billed charges. 105 percent of Medicaid DRG. Add-on payment, and lesser of 100% of billed charges.",31853.9,,,,,,,Case Rate,". 105 percent of Medicaid DRG. Add-on payment, and lesser of 100% of billed charges. 105 percent of Medicaid DRG. Add-on payment, and lesser of 100% of billed charges.",,,,,,,,,". 100 percent of Medicare DRG. Add-on payment,  . 100 percent of Medicare DRG. Add-on payment,  .",,,,,,,,,".  ",,,,,,,,,". 100 percent of Medicare DRG. Add-on payment,  . 100 percent of Medicare DRG. Add-on payment,  .",31853.9,,,,,,,Case Rate,". 105 percent of Medicaid DRG. Add-on payment, and lesser of 100% of billed charges. 105 percent of Medicaid DRG. Add-on payment, and lesser of 100% of billed charges.",,,,,,,,,".  ",,,,,,,,,". 100 percent of Medicare DRG. Add-on payment,  . 100 percent of Medicare DRG. Add-on payment,  .",,,,,,,,,".  ",,,,,,,,,".  ",,,,,,,,,".  ",31853.9,,,,,,,Case Rate,". 105 percent of Medicaid DRG. Add-on payment, and lesser of 100% of billed charges. 105 percent of Medicaid DRG. Add-on payment, and lesser of 100% of billed charges.",,,,,,,,,". 100 percent of Medicare DRG. Add-on payment,  . 100 percent of Medicare DRG. Add-on payment,  .",,,,,,,,,".  ",31853.9,,,,,,,Case Rate,". 105 percent of Medicaid DRG. Add-on payment, and lesser of 100% of billed charges. 105 percent of Medicaid DRG. Add-on payment, and lesser of 100% of billed charges.",,,,,,,,,".  ",,,,,,,,,". Delay in Discharge per diem $4,1368 Delay in Discharge per diem $4,1368",,,,,,,,,". 100 percent of Medicare DRG. Add-on payment, . 100 percent of Medicare DRG. Add-on payment, .",,,,,,,,," ",,,,,,,,," ",,,,,,,,," ",,,,,,,,," ",,,,,,,,," ",,,,,,,,," ",,,,,,,,," ",,,,,,,,," ",,,,,,,,," ",,,,,,,,," ",,,,,,,,," ",,,,,,,,," ",,,,,,,,,". 100 percent of Medicare DRG. Add-on payment,  . 100 percent of Medicare DRG. Add-on payment,  .",,,,,,,,," ",,,,,,,,,". 100 percent of Medicare DRG. Add-on payment,  . 100 percent of Medicare DRG. Add-on payment,  .",68258.37,,,,,,,Case Rate,". 225 percent of Medicaid DRG. Add-on payment, and lesser of 225% of billed charges. 225 percent of Medicaid DRG. Add-on payment, and lesser of 225% of billed charges.",30337.05,,,,,,,Case Rate,". 100 percent of Medicaid DRG. Add-on payment, and lesser of 100% of billed charges. 100 percent of Medicaid DRG. Add-on payment, and lesser of 100% of billed charges.",,,,,,,,,".  ",,,,,,,,,".  ",,,,,,,,,". 100 percent of Medicare DRG. Add-on payment,  . 100 percent of Medicare DRG. Add-on payment,  .",,,,,,,,," ",,,,,,,,,". 100 percent of Medicare DRG. Add-on payment,  . 100 percent of Medicare DRG. Add-on payment,  .",,,,,,,,,". 100 percent of Medicare DRG. Add-on payment,  . 100 percent of Medicare DRG. Add-on payment,  .",,,,,,,,,". GMLOS + 8 Outlier per Diem $6,968.00. Add-on payment, and lesser of 100% of billed charges. GMLOS + 8 Outlier per Diem $6,968.00. Add-on payment, and lesser of 100% of billed charges.",,,,,,,,,". 100 percent of Medicare DRG. Add-on payment,  . 100 percent of Medicare DRG. Add-on payment,  .",,,,,,,,,".  ",,,,,,,,,". 100 percent of Medicare DRG. Add-on payment,  . 100 percent of Medicare DRG. Add-on payment,  .",,,,,,,,,".  ",,,,,,,,,". GMLOS + 8 Outlier per Diem $6,968.00. Add-on payment, and lesser of 100% of billed charges. GMLOS + 8 Outlier per Diem $6,968.00. Add-on payment, and lesser of 100% of billed charges.",,,,,,,,,".  ",,,,,,,,,". 100 percent of Medicare DRG. Add-on payment,  . 100 percent of Medicare DRG. Add-on payment,  .",30337.05,,,,,,,Case Rate,". 100 percent of Medicaid DRG. Add-on payment, and lesser of 100% of billed charges. 100 percent of Medicaid DRG. Add-on payment, and lesser of 100% of billed charges.",,,,,,,,,". 100 percent of Medicare DRG. Add-on payment,  . 100 percent of Medicare DRG. Add-on payment,  .",,,,,,,,,".  ",,,,,,,,,".  ",30337.05,,,,,,,Case Rate,". 100 percent of Medicaid DRG. Add-on payment, and lesser of 100% of billed charges. 100 percent of Medicaid DRG. Add-on payment, and lesser of 100% of billed charges.",,,,,,,,,".  ",30337.05,,,,,,,Case Rate,". 100 percent of Medicaid DRG. Add-on payment, and lesser of 100% of billed charges. 100 percent of Medicaid DRG. Add-on payment, and lesser of 100% of billed charges.",30337.05,,,,,,,Case Rate,". 100 percent of Medicaid DRG. Add-on payment, and lesser of 100% of billed charges. 100 percent of Medicaid DRG. Add-on payment, and lesser of 100% of billed charges.",,,,,,,,,".  ",,,,,,,,,".  ",,,,,,,,,".  ",,,,,,,,,".  ",,,,,,,,,".  ",,,,,,,,,".  ",,,,,,,,,".  ",,,,,,,,," ",,,,,,,,," ",,,,,,,,," ",30337.05,,,,,,,Case Rate,". 100 percent of Medicaid DRG. Add-on payment, and lesser of 100% of billed charges. 100 percent of Medicaid DRG. Add-on payment, and lesser of 100% of billed charges.",,,,,,,,,".  ",,,,,,,,,".  ",,,,,,,,,". GMLOS + 8 Outlier per Diem $6,968.00. Add-on payment, and lesser of 100% of billed charges. GMLOS + 8 Outlier per Diem $6,968.00. Add-on payment, and lesser of 100% of billed charges.",,,,,,,,,".  ",,,,,,,,,". GMLOS + 8 Outlier per Diem $6,968.00. Add-on payment, and lesser of 100% of billed charges. GMLOS + 8 Outlier per Diem $6,968.00. Add-on payment, and lesser of 100% of billed charges.",,,,,,,,,".  ",,,,,,,,,".  ",,,,,,,,,".  ",,,,,,,,,".  ",,,,,,,,,".  ",,,,,,,,,". 100 percent of Medicare DRG. Add-on payment,  . 100 percent of Medicare DRG. Add-on payment,  .",22289.38,87977.45,
APR512-2,DRG,,,,,APR512-2 UTERINE & ADNEXA PROCEDURES FOR NON-OVARIAN & NON-ADNEXAL MALIG,,,Inpatient,,,,,,,,,,,,".  ",,,,,,,,,".  ",,,,,,,,,". GMLOS + 8 Outlier per Diem $6,968.00. Add-on payment, and lesser of 100% of billed charges. GMLOS + 8 Outlier per Diem $6,968.00. Add-on payment, and lesser of 100% of billed charges.",,100,,,,,0,Percent of total billed charges,100 percent of charges.  ; No services were performed during the 15 month look back period.,,,,,,,,,". 100 percent of Medicare DRG. Add-on payment,  . 100 percent of Medicare DRG. Add-on payment,  .",,,,,,,,,". GMLOS + 8 Outlier per Diem $6,968.00. Add-on payment, and lesser of 100% of billed charges. GMLOS + 8 Outlier per Diem $6,968.00. Add-on payment, and lesser of 100% of billed charges.",,,,,,,,,". GMLOS + 8 Outlier per Diem $6,968.00. Add-on payment, and lesser of 100% of billed charges. GMLOS + 8 Outlier per Diem $6,968.00. Add-on payment, and lesser of 100% of billed charges.",,,,,,,,,". GMLOS + 8 Outlier per Diem $6,968.00. Add-on payment, and lesser of 100% of billed charges. GMLOS + 8 Outlier per Diem $6,968.00. Add-on payment, and lesser of 100% of billed charges.",26785.57,,,,,,,Case Rate,". 155 percent of Medicaid DRG. Add-on payment, and lesser of 100% of billed charges. 155 percent of Medicaid DRG. Add-on payment, and lesser of 100% of billed charges.",17281.01,,,,,,,Case Rate,". 100 percent of Medicaid DRG. Add-on payment, and lesser of 100% of billed charges. 100 percent of Medicaid DRG. Add-on payment, and lesser of 100% of billed charges.",,73,,,,,0,Percent of total billed charges,73 percent of charges.  ; No services were performed during the 15 month look back period.,,,,,,,,,".  ",17281.01,,,,,,,Case Rate,". 100 percent of Medicaid DRG. Add-on payment, and lesser of 100% of billed charges. 100 percent of Medicaid DRG. Add-on payment, and lesser of 100% of billed charges.",,,,,,,,,". 100 percent of Medicare DRG. Add-on payment,  . 100 percent of Medicare DRG. Add-on payment,  .",,,,,,,,,".  ",,,,,,,,,".  ",,,,,,,,,".  ",,,,,,,,,".  ",17281.01,,,,,,,Case Rate,". 100 percent of Medicaid DRG. Add-on payment, and lesser of 100% of billed charges. 100 percent of Medicaid DRG. Add-on payment, and lesser of 100% of billed charges.",,,,,,,,,". 100 percent of Medicare DRG. Add-on payment,  . 100 percent of Medicare DRG. Add-on payment,  .",17281.01,,,,,,,Case Rate,". 100 percent of Medicaid DRG. Add-on payment, and lesser of 100% of billed charges. 100 percent of Medicaid DRG. Add-on payment, and lesser of 100% of billed charges.",,73,,,,,0,Percent of total billed charges,73 percent of charges.  ; No services were performed during the 15 month look back period.,,,,,,,,,". GMLOS + 8 Outlier per Diem $6,968.00. Add-on payment, and lesser of 100% of billed charges. GMLOS + 8 Outlier per Diem $6,968.00. Add-on payment, and lesser of 100% of billed charges.",,,,,,,,,". 100 percent of Medicare DRG. Add-on payment, and lesser of 100% of billed charges. 100 percent of Medicare DRG. Add-on payment, and lesser of 100% of billed charges.",,,,,,,,," ",,,,,,,,,". 100 percent of Medicare DRG. Add-on payment, and lesser of 100% of billed charges. 100 percent of Medicare DRG. Add-on payment, and lesser of 100% of billed charges.",,,,,,,,,". 100 percent of Medicare DRG. Add-on payment, and lesser of 100% of billed charges. 100 percent of Medicare DRG. Add-on payment, and lesser of 100% of billed charges.",,73,,,,,0,Percent of total billed charges,73 percent of charges.  ; No services were performed during the 15 month look back period.,17281.01,,,,,,,Case Rate,". 100 percent of Medicaid DRG. Add-on payment, and lesser of 100% of billed charges. 100 percent of Medicaid DRG. Add-on payment, and lesser of 100% of billed charges.",17281.01,,,,,,,Case Rate,". 100 percent of Medicaid DRG. Add-on payment, and lesser of 100% of billed charges. 100 percent of Medicaid DRG. Add-on payment, and lesser of 100% of billed charges.",17281.01,,,,,,,Case Rate,". 100 percent of Medicaid DRG. Add-on payment, and lesser of 100% of billed charges. 100 percent of Medicaid DRG. Add-on payment, and lesser of 100% of billed charges.",17281.01,,,,,,,Case Rate,". 100 percent of Medicaid DRG. Add-on payment, and lesser of 100% of billed charges. 100 percent of Medicaid DRG. Add-on payment, and lesser of 100% of billed charges.",,,,,,,,," ",,,,,,,,," ",17281.01,,,,,,,Case Rate,". 100 percent of Medicaid DRG. Add-on payment, and lesser of 100% of billed charges. 100 percent of Medicaid DRG. Add-on payment, and lesser of 100% of billed charges.",,,,,,,,," ",17281.01,,,,,,,Case Rate,". 100 percent of Medicaid DRG. Add-on payment, and lesser of 100% of billed charges. 100 percent of Medicaid DRG. Add-on payment, and lesser of 100% of billed charges.",,,,,,,,,". 100 percent of Medicare DRG. Add-on payment, . 100 percent of Medicare DRG. Add-on payment, .",,,,,,,,," ",,73,,,,,0,Percent of total billed charges,73 percent of charges.  ; No services were performed during the 15 month look back period.,17281.01,,,,,,,Case Rate,". 100 percent of Medicaid DRG. Add-on payment, and lesser of 100% of billed charges. 100 percent of Medicaid DRG. Add-on payment, and lesser of 100% of billed charges.",17281.01,,,,,,,Case Rate,". 100 percent of Medicaid DRG. Add-on payment, and lesser of 100% of billed charges. 100 percent of Medicaid DRG. Add-on payment, and lesser of 100% of billed charges.",,73,,,,,0,Percent of total billed charges,73 percent of charges.  ; No services were performed during the 15 month look back period.,,,,,,,,,".  ",,,,,,,,,".  ",,,,,,,,,".  ",,73,,,,,0,Percent of total billed charges,73 percent of charges.  ; No services were performed during the 15 month look back period.,,,,,,,,,". 100 percent of Medicare DRG. Add-on payment,  . 100 percent of Medicare DRG. Add-on payment,  .",,,,,,,,,".  ",,,,,,,,,".  ",,,,,,,,,".  ",,,,,,,,,". 100 percent of Medicare DRG. Add-on payment,  . 100 percent of Medicare DRG. Add-on payment,  .",,,,,,,,,".  ",,,,,,,,,".  ",,,,,,,,,". 100 percent of Medicare DRG. Add-on payment, and lesser of 100% of billed charges. 100 percent of Medicare DRG. Add-on payment, and lesser of 100% of billed charges.",,,,,,,,,".  ",,,,,,,,,".  ",,,,,,,,,".  ",,,,,,,,,".  ",,,,,,,,,".  ",,,,,,,,,".  ",,,,,,,,,".  ",,,,,,,,,". 100 percent of Medicare DRG. Add-on payment,  . 100 percent of Medicare DRG. Add-on payment,  .",,,,,,,,,". 100 percent of Medicare DRG. Add-on payment,  . 100 percent of Medicare DRG. Add-on payment,  .",,,,,,,,,".  ",,73,,,,,0,Percent of total billed charges,73 percent of charges.  ; No services were performed during the 15 month look back period.,,73,,,,,0,Percent of total billed charges,73 percent of charges.  ; No services were performed during the 15 month look back period.,,73,,,,,0,Percent of total billed charges,73 percent of charges.  ; No services were performed during the 15 month look back period.,,73,,,,,0,Percent of total billed charges,73 percent of charges.  ; No services were performed during the 15 month look back period.,,73,,,,,0,Percent of total billed charges,73 percent of charges.  ; No services were performed during the 15 month look back period.,,73,,,,,0,Percent of total billed charges,73 percent of charges.  ; No services were performed during the 15 month look back period.,,73,,,,,0,Percent of total billed charges,73 percent of charges.  ; No services were performed during the 15 month look back period.,,73,,,,,0,Percent of total billed charges,73 percent of charges.  ; No services were performed during the 15 month look back period.,,73,,,,,0,Percent of total billed charges,73 percent of charges.  ; No services were performed during the 15 month look back period.,,73,,,,,0,Percent of total billed charges,73 percent of charges.  ; No services were performed during the 15 month look back period.,,73,,,,,0,Percent of total billed charges,73 percent of charges.  ; No services were performed during the 15 month look back period.,,73,,,,,0,Percent of total billed charges,73 percent of charges.  ; No services were performed during the 15 month look back period.,,73,,,,,0,Percent of total billed charges,73 percent of charges.  ; No services were performed during the 15 month look back period.,,73,,,,,0,Percent of total billed charges,73 percent of charges.  ; No services were performed during the 15 month look back period.,,73,,,,,0,Percent of total billed charges,73 percent of charges.  ; No services were performed during the 15 month look back period.,,73,,,,,0,Percent of total billed charges,73 percent of charges.  ; No services were performed during the 15 month look back period.,,73,,,,,0,Percent of total billed charges,73 percent of charges.  ; No services were performed during the 15 month look back period.,,73,,,,,0,Percent of total billed charges,73 percent of charges.  ; No services were performed during the 15 month look back period.,,73,,,,,0,Percent of total billed charges,73 percent of charges.  ; No services were performed during the 15 month look back period.,,73,,,,,0,Percent of total billed charges,73 percent of charges.  ; No services were performed during the 15 month look back period.,,73,,,,,0,Percent of total billed charges,73 percent of charges.  ; No services were performed during the 15 month look back period.,,73,,,,,0,Percent of total billed charges,73 percent of charges.  ; No services were performed during the 15 month look back period.,,73,,,,,0,Percent of total billed charges,73 percent of charges.  ; No services were performed during the 15 month look back period.,,73,,,,,0,Percent of total billed charges,73 percent of charges.  ; No services were performed during the 15 month look back period.,,73,,,,,0,Percent of total billed charges,73 percent of charges.  ; No services were performed during the 15 month look back period.,,73,,,,,0,Percent of total billed charges,73 percent of charges.  ; No services were performed during the 15 month look back period.,,,,,,,,," ",,,,,,,,," ",,,,,,,,," ",,,,,,,,," ",,,,,,,,," ",,,,,,,,," ",,,,,,,,,".  ",,,,,,,,,".  ",,,,,,,,,".  ",,,,,,,,,".  ",,73,,,,,0,Percent of total billed charges,73 percent of charges.  ; No services were performed during the 15 month look back period.,,,,,,,,," ",,,,,,,,,".  ",,,,,,,,,".  ",,,,,,,,,".  ",,,,,,,,," ",,73,,,,,0,Percent of total billed charges,73 percent of charges.  ; No services were performed during the 15 month look back period.,17281.01,,,,,,,Case Rate,". 100 percent of Medicaid DRG. Add-on payment, and lesser of 100% of billed charges. 100 percent of Medicaid DRG. Add-on payment, and lesser of 100% of billed charges.",,,,,,,,," ",17281.01,,,,,,,Case Rate,". 100 percent of Medicaid DRG. Add-on payment, and lesser of 100% of billed charges. 100 percent of Medicaid DRG. Add-on payment, and lesser of 100% of billed charges.",,,,,,,,,". 100 percent of Medicare DRG. Add-on payment, . 100 percent of Medicare DRG. Add-on payment, .",,,,,,,,,". 100 percent of Medicare DRG. Add-on payment,  . 100 percent of Medicare DRG. Add-on payment,  .",,,,,,,,,".  ",,,,,,,,,". 100 percent of Medicare DRG. Add-on payment,  . 100 percent of Medicare DRG. Add-on payment,  .",,,,,,,,,". 100 percent of Medicare DRG. Add-on payment,  . 100 percent of Medicare DRG. Add-on payment,  .",17281.01,,,,,,,Case Rate,". 100 percent of Medicaid DRG. Add-on payment, and lesser of 100% of billed charges. 100 percent of Medicaid DRG. Add-on payment, and lesser of 100% of billed charges.",,,,,,,,,". 100 percent of Medicare DRG. Add-on payment,  . 100 percent of Medicare DRG. Add-on payment,  .",,,,,,,,,". 100 percent of Medicare DRG. Add-on payment,  . 100 percent of Medicare DRG. Add-on payment,  .",,,,,,,,,". GMLOS + 8 Outlier per Diem $6,968.00. Add-on payment, and lesser of 100% of billed charges. GMLOS + 8 Outlier per Diem $6,968.00. Add-on payment, and lesser of 100% of billed charges.",,,,,,,,,". GMLOS + 8 Outlier per Diem $6,968.00. Add-on payment, and lesser of 100% of billed charges. GMLOS + 8 Outlier per Diem $6,968.00. Add-on payment, and lesser of 100% of billed charges.",,,,,,,,,". 100 percent of Medicare DRG. Add-on payment,  . 100 percent of Medicare DRG. Add-on payment,  .",,,,,,,,,".  ",,,,,,,,,".  ",,,,,,,,,".  ",,,,,,,,,". 100 percent of Medicare DRG. Add-on payment,  . 100 percent of Medicare DRG. Add-on payment,  .",,,,,,,,,".  ",,,,,,,,,". GMLOS + 8 Outlier per Diem $6,968.00. Add-on payment, and lesser of 100% of billed charges. GMLOS + 8 Outlier per Diem $6,968.00. Add-on payment, and lesser of 100% of billed charges.",,,,,,,,,". GMLOS + 8 Outlier per Diem $6,968.00. Add-on payment, and lesser of 100% of billed charges. GMLOS + 8 Outlier per Diem $6,968.00. Add-on payment, and lesser of 100% of billed charges.",,,,,,,,,". GMLOS + 8 Outlier per Diem $6,968.00. Add-on payment, and lesser of 100% of billed charges. GMLOS + 8 Outlier per Diem $6,968.00. Add-on payment, and lesser of 100% of billed charges.",,73,,,,,0,Percent of total billed charges,73 percent of charges.  ; No services were performed during the 15 month look back period.,,73,,,,,0,Percent of total billed charges,73 percent of charges.  ; No services were performed during the 15 month look back period.,,73,,,,,0,Percent of total billed charges,73 percent of charges.  ; No services were performed during the 15 month look back period.,,73,,,,,0,Percent of total billed charges,73 percent of charges.  ; No services were performed during the 15 month look back period.,,73,,,,,0,Percent of total billed charges,73 percent of charges.  ; No services were performed during the 15 month look back period.,,73,,,,,0,Percent of total billed charges,73 percent of charges.  ; No services were performed during the 15 month look back period.,,73,,,,,0,Percent of total billed charges,73 percent of charges.  ; No services were performed during the 15 month look back period.,,73,,,,,0,Percent of total billed charges,73 percent of charges.  ; No services were performed during the 15 month look back period.,,73,,,,,0,Percent of total billed charges,73 percent of charges.  ; No services were performed during the 15 month look back period.,,73,,,,,0,Percent of total billed charges,73 percent of charges.  ; No services were performed during the 15 month look back period.,,73,,,,,0,Percent of total billed charges,73 percent of charges.  ; No services were performed during the 15 month look back period.,,,,,,,,," ",,,,,,,,,".  ",,,,,,,,,".  ",,,,,,,,,". 100 percent of Medicare DRG. Add-on payment,  . 100 percent of Medicare DRG. Add-on payment,  .",,,,,,,,,". GMLOS + 8 Outlier per Diem $6,968.00. Add-on payment, and lesser of 100% of billed charges. GMLOS + 8 Outlier per Diem $6,968.00. Add-on payment, and lesser of 100% of billed charges.",,,,,,,,,".  ",,,,,,,,,".  ",,73,,,,,0,Percent of total billed charges,73 percent of charges.  ; No services were performed during the 15 month look back period.,34562.03,,,,,,,Case Rate,". 200 percent of Medicaid DRG. Add-on payment, and lesser of 200% of billed charges. 200 percent of Medicaid DRG. Add-on payment, and lesser of 200% of billed charges.",,,,,,,,,".  ",17281.01,,,,,,,Case Rate,". 100 percent of Medicaid DRG. Add-on payment, and lesser of 100% of billed charges. 100 percent of Medicaid DRG. Add-on payment, and lesser of 100% of billed charges.",,,,,,,,,". 100 percent of Medicare DRG. Add-on payment,  . 100 percent of Medicare DRG. Add-on payment,  .",,,,,,,,,". 100 percent of Medicare DRG. Add-on payment,  . 100 percent of Medicare DRG. Add-on payment,  .",,,,,,,,,". 100 percent of Medicare DRG. Add-on payment,  . 100 percent of Medicare DRG. Add-on payment,  .",,,,,,,,,". 100 percent of Medicare DRG. Add-on payment,  . 100 percent of Medicare DRG. Add-on payment,  .",,,,,,,,,". 100 percent of Medicare DRG. Add-on payment,  . 100 percent of Medicare DRG. Add-on payment,  .",,,,,,,,,". 100 percent of Medicare DRG. Add-on payment,  . 100 percent of Medicare DRG. Add-on payment,  .",,,,,,,,,".  ",,,,,,,,,".  ",38882.28,,,,,,,Case Rate,". 225 percent of Medicaid DRG. Add-on payment, and lesser of 100% of billed charges. 225 percent of Medicaid DRG. Add-on payment, and lesser of 100% of billed charges.",38882.28,,,,,,,Case Rate,". 225 percent of Medicaid DRG. Add-on payment, and lesser of 100% of billed charges. 225 percent of Medicaid DRG. Add-on payment, and lesser of 100% of billed charges.",38882.28,,,,,,,Case Rate,". 225 percent of Medicaid DRG. Add-on payment, and lesser of 100% of billed charges. 225 percent of Medicaid DRG. Add-on payment, and lesser of 100% of billed charges.",38882.28,,,,,,,Case Rate,". 225 percent of Medicaid DRG. Add-on payment, and lesser of 100% of billed charges. 225 percent of Medicaid DRG. Add-on payment, and lesser of 100% of billed charges.",38882.28,,,,,,,Case Rate,". 225 percent of Medicaid DRG. Add-on payment, and lesser of 100% of billed charges. 225 percent of Medicaid DRG. Add-on payment, and lesser of 100% of billed charges.",,,,,,,,," ",,,,,,,,,".  ",,,,,,,,," ",,,,,,,,," ",,,,,,,,," ",,,,,,,,," ",,,,,,,,," ",,,,,,,,,". 100 percent of Medicare DRG. Add-on payment,  . 100 percent of Medicare DRG. Add-on payment,  .",,,,,,,,," ",,,,,,,,," ",,,,,,,,," ",,,,,,,,," ",,,,,,,,,". GMLOS + 8 Outlier per Diem $6,968.00. Add-on payment, and lesser of 100% of billed charges. GMLOS + 8 Outlier per Diem $6,968.00. Add-on payment, and lesser of 100% of billed charges.",,,,,,,,,". GMLOS + 8 Outlier per Diem $6,968.00. Add-on payment, and lesser of 100% of billed charges. GMLOS + 8 Outlier per Diem $6,968.00. Add-on payment, and lesser of 100% of billed charges.",,,,,,,,,". GMLOS + 8 Outlier per Diem $6,968.00. Add-on payment, and lesser of 100% of billed charges. GMLOS + 8 Outlier per Diem $6,968.00. Add-on payment, and lesser of 100% of billed charges.",,,,,,,,,". GMLOS + 8 Outlier per Diem $6,968.00. Add-on payment, and lesser of 100% of billed charges. GMLOS + 8 Outlier per Diem $6,968.00. Add-on payment, and lesser of 100% of billed charges.",,,,,,,,,".  ",,,,,,,,,".  ",,,,,,,,,". 100 percent of Medicare DRG. Add-on payment,  . 100 percent of Medicare DRG. Add-on payment,  .",,,,,,,,,". 100 percent of Medicare DRG. Add-on payment,  . 100 percent of Medicare DRG. Add-on payment,  .",,,,,,,,,". 100 percent of Medicare DRG. Add-on payment,  . 100 percent of Medicare DRG. Add-on payment,  .",,,,,,,,,".  ",,,,,,,,,".  ",,,,,,,,,".  ",,,,,,,,,".  ",,,,,,,,,". GMLOS + 8 Outlier per Diem $6,968.00. Add-on payment, and lesser of 100% of billed charges. GMLOS + 8 Outlier per Diem $6,968.00. Add-on payment, and lesser of 100% of billed charges.",,,,,,,,,". 100 percent of Medicare DRG. Add-on payment,  . 100 percent of Medicare DRG. Add-on payment,  .",,,,,,,,,".  ",17281.01,,,,,,,Case Rate,". 100 percent of Medicaid DRG. Add-on payment, and lesser of 100% of billed charges. 100 percent of Medicaid DRG. Add-on payment, and lesser of 100% of billed charges.",,,,,,,,,". 100 percent of Medicare DRG. Add-on payment, and lesser of 100% of billed charges. 100 percent of Medicare DRG. Add-on payment, and lesser of 100% of billed charges.",,,,,,,,,". 100 percent of Medicare DRG. Add-on payment, and lesser of 100% of billed charges. 100 percent of Medicare DRG. Add-on payment, and lesser of 100% of billed charges.",,,,,,,,,". 100 percent of Medicare DRG. Add-on payment, and lesser of 100% of billed charges. 100 percent of Medicare DRG. Add-on payment, and lesser of 100% of billed charges.",17281.01,,,,,,,Case Rate,". 100 percent of Medicaid DRG. Add-on payment, and lesser of 100% of billed charges. 100 percent of Medicaid DRG. Add-on payment, and lesser of 100% of billed charges.",38882.28,,,,,,,Case Rate,". 225 percent of Medicaid DRG. Add-on payment, and lesser of 225% of billed charges. 225 percent of Medicaid DRG. Add-on payment, and lesser of 225% of billed charges.",38882.28,,,,,,,Case Rate,". 225 percent of Medicaid DRG. Add-on payment, and lesser of 225% of billed charges. 225 percent of Medicaid DRG. Add-on payment, and lesser of 225% of billed charges.",38882.28,,,,,,,Case Rate,". 225 percent of Medicaid DRG. Add-on payment, and lesser of 225% of billed charges. 225 percent of Medicaid DRG. Add-on payment, and lesser of 225% of billed charges.",38882.28,,,,,,,Case Rate,". 225 percent of Medicaid DRG. Add-on payment, and lesser of 225% of billed charges. 225 percent of Medicaid DRG. Add-on payment, and lesser of 225% of billed charges.",38882.28,,,,,,,Case Rate,". 225 percent of Medicaid DRG. Add-on payment, and lesser of 225% of billed charges. 225 percent of Medicaid DRG. Add-on payment, and lesser of 225% of billed charges.",,,,,,,,,". 100 percent of Medicare DRG. Add-on payment, and lesser of 100% of billed charges. 100 percent of Medicare DRG. Add-on payment, and lesser of 100% of billed charges.",17281.01,,,,,,,Case Rate,". 100 percent of Medicaid DRG. Add-on payment, and lesser of 100% of billed charges. 100 percent of Medicaid DRG. Add-on payment, and lesser of 100% of billed charges.",17281.01,,,,,,,Case Rate,". 100 percent of Medicaid DRG. Add-on payment, and lesser of 100% of billed charges. 100 percent of Medicaid DRG. Add-on payment, and lesser of 100% of billed charges.",38882.28,,,,,,,Case Rate,". 225 percent of Medicaid DRG. Add-on payment, and lesser of 225% of billed charges. 225 percent of Medicaid DRG. Add-on payment, and lesser of 225% of billed charges.",38882.28,,,,,,,Case Rate,". 225 percent of Medicaid DRG. Add-on payment, and lesser of 225% of billed charges. 225 percent of Medicaid DRG. Add-on payment, and lesser of 225% of billed charges.",17281.01,,,,,,,Case Rate,". 100 percent of Medicaid DRG. Add-on payment, and lesser of 100% of billed charges. 100 percent of Medicaid DRG. Add-on payment, and lesser of 100% of billed charges.",17281.01,,,,,,,Case Rate,". 100 percent of Medicaid DRG. Add-on payment, and lesser of 100% of billed charges. 100 percent of Medicaid DRG. Add-on payment, and lesser of 100% of billed charges.",38882.28,,,,,,,Case Rate,". 225 percent of Medicaid DRG. Add-on payment, and lesser of 100% of billed charges. 225 percent of Medicaid DRG. Add-on payment, and lesser of 100% of billed charges.",,,,,,,,,". 100 percent of Medicare DRG. Add-on payment,  . 100 percent of Medicare DRG. Add-on payment,  .",,,,,,,,,". 100 percent of Medicare DRG. Add-on payment,  . 100 percent of Medicare DRG. Add-on payment,  .",,,,,,,,,". GMLOS + 8 Outlier per Diem $6,968.00. Add-on payment, and lesser of 100% of billed charges. GMLOS + 8 Outlier per Diem $6,968.00. Add-on payment, and lesser of 100% of billed charges.",,,,,,,,,". 100 percent of Medicare DRG. Add-on payment,  . 100 percent of Medicare DRG. Add-on payment,  .",38882.28,,,,,,,Case Rate,". 225 percent of Medicaid DRG. Add-on payment, and lesser of 225% of billed charges. 225 percent of Medicaid DRG. Add-on payment, and lesser of 225% of billed charges.",38882.28,,,,,,,Case Rate,". 225 percent of Medicaid DRG. Add-on payment, and lesser of 225% of billed charges. 225 percent of Medicaid DRG. Add-on payment, and lesser of 225% of billed charges.",17281.01,,,,,,,Case Rate,". 100 percent of Medicaid DRG. Add-on payment, and lesser of 100% of billed charges. 100 percent of Medicaid DRG. Add-on payment, and lesser of 100% of billed charges.",17281.01,,,,,,,Case Rate,". 100 percent of Medicaid DRG. Add-on payment, and lesser of 100% of billed charges. 100 percent of Medicaid DRG. Add-on payment, and lesser of 100% of billed charges.",27421.9,,,,,,,Case Rate,". 225 percent of Medicaid DRG. Add-on payment, and lesser of 225% of billed charges. 225 percent of Medicaid DRG. Add-on payment, and lesser of 225% of billed charges.",17281.01,,,,,,,Case Rate,". 100 percent of Medicaid DRG. Add-on payment, and lesser of 100% of billed charges. 100 percent of Medicaid DRG. Add-on payment, and lesser of 100% of billed charges.",50114.94,,,,,,,Case Rate,". 290 percent of Medicaid DRG. Add-on payment, and lesser of 100% of billed charges. 290 percent of Medicaid DRG. Add-on payment, and lesser of 100% of billed charges.",50114.94,,,,,,,Case Rate,". 290 percent of Medicaid DRG. Add-on payment, and lesser of 100% of billed charges. 290 percent of Medicaid DRG. Add-on payment, and lesser of 100% of billed charges.",50114.94,,,,,,,Case Rate,". 290 percent of Medicaid DRG. Add-on payment, and lesser of 100% of billed charges. 290 percent of Medicaid DRG. Add-on payment, and lesser of 100% of billed charges.",50114.94,,,,,,,Case Rate,". 290 percent of Medicaid DRG. Add-on payment, and lesser of 100% of billed charges. 290 percent of Medicaid DRG. Add-on payment, and lesser of 100% of billed charges.",,,,,,,,," ",,,,,,,,,".  ",23329.37,,,,,,,Case Rate,"135% of Medicaid EP 1 and 2, 100% of medicaid EP 3 and 4.  ",23329.37,,,,,,,Case Rate,"135% of Medicaid EP 1 and 2, 100% of medicaid EP 3 and 4.  ",17281.01,,,,,,,Case Rate,". 100 percent of Medicaid DRG. Add-on payment, and lesser of 100% of billed charges. 100 percent of Medicaid DRG. Add-on payment, and lesser of 100% of billed charges.",17281.01,,,,,,,Case Rate,". 100 percent of Medicaid DRG. Add-on payment, and lesser of 100% of billed charges. 100 percent of Medicaid DRG. Add-on payment, and lesser of 100% of billed charges.",,,,,,,,,".  ",,,,,,,,,".  ",,,,,,,,,". 100 percent of Medicare DRG. Add-on payment,  . 100 percent of Medicare DRG. Add-on payment,  .",,,,,,,,,".  ",,,,,,,,,".  ",,,,,,,,,".  ",,,,,,,,,".  ",,,,,,,,,". 100 percent of Medicare DRG. Add-on payment,  . 100 percent of Medicare DRG. Add-on payment,  .",,,,,,,,,".  ",,,,,,,,,".  ",,,,,,,,,". GMLOS + 8 Outlier per Diem $6,968.00. Add-on payment, and lesser of 100% of billed charges. GMLOS + 8 Outlier per Diem $6,968.00. Add-on payment, and lesser of 100% of billed charges.",17281.01,,,,,,,Case Rate,". 100 percent of Medicaid DRG. Add-on payment, and lesser of 100% of billed charges. 100 percent of Medicaid DRG. Add-on payment, and lesser of 100% of billed charges.",17281.01,,,,,,,Case Rate,". 100 percent of Medicaid DRG. Add-on payment, and lesser of 100% of billed charges. 100 percent of Medicaid DRG. Add-on payment, and lesser of 100% of billed charges.",38882.28,,,,,,,Case Rate,". 225 percent of Medicaid DRG. Add-on payment, and lesser of 225% of billed charges. 225 percent of Medicaid DRG. Add-on payment, and lesser of 225% of billed charges.",27421.9,,,,,,,Case Rate,". 225 percent of Medicaid DRG. Add-on payment, and lesser of 225% of billed charges. 225 percent of Medicaid DRG. Add-on payment, and lesser of 225% of billed charges.",17281.01,,,,,,,Case Rate,". 100 percent of Medicaid DRG. Add-on payment, and lesser of 100% of billed charges. 100 percent of Medicaid DRG. Add-on payment, and lesser of 100% of billed charges.",38882.28,,,,,,,Case Rate,". 225 percent of Medicaid DRG. Add-on payment, and lesser of 225% of billed charges. 225 percent of Medicaid DRG. Add-on payment, and lesser of 225% of billed charges.",38882.28,,,,,,,Case Rate,". 225 percent of Medicaid DRG. Add-on payment, and lesser of 225% of billed charges. 225 percent of Medicaid DRG. Add-on payment, and lesser of 225% of billed charges.",38882.28,,,,,,,Case Rate,". 225 percent of Medicaid DRG. Add-on payment, and lesser of 225% of billed charges. 225 percent of Medicaid DRG. Add-on payment, and lesser of 225% of billed charges.",38882.28,,,,,,,Case Rate,". 225 percent of Medicaid DRG. Add-on payment, and lesser of 225% of billed charges. 225 percent of Medicaid DRG. Add-on payment, and lesser of 225% of billed charges.",38882.28,,,,,,,Case Rate,". 225 percent of Medicaid DRG. Add-on payment, and lesser of 225% of billed charges. 225 percent of Medicaid DRG. Add-on payment, and lesser of 225% of billed charges.",38882.28,,,,,,,Case Rate,". 225 percent of Medicaid DRG. Add-on payment, and lesser of 225% of billed charges. 225 percent of Medicaid DRG. Add-on payment, and lesser of 225% of billed charges.",,,,,,,,," ",,,,,,,,," ",,,,,,,,," ",,,,,,,,,".  ",,,,,,,,," ",,,,,,,,,". 100 percent of Medicare DRG. Add-on payment,  . 100 percent of Medicare DRG. Add-on payment,  .",,,,,,,,,".  ",,,,,,,,,". 100 percent of Medicare DRG. Add-on payment,  . 100 percent of Medicare DRG. Add-on payment,  .",,,,,,,,,". 100 percent of Medicare DRG. Add-on payment,  . 100 percent of Medicare DRG. Add-on payment,  .",23329.37,,,,,,,Case Rate,"135% of Medicaid EP 1 and 2, 100% of medicaid EP 3 and 4.  ",23329.37,,,,,,,Case Rate,"135% of Medicaid EP 1 and 2, 100% of medicaid EP 3 and 4.  ",17281.01,,,,,,,Case Rate,". 100 percent of Medicaid DRG. Add-on payment, and lesser of 100% of billed charges. 100 percent of Medicaid DRG. Add-on payment, and lesser of 100% of billed charges.",17281.01,,,,,,,Case Rate,". 100 percent of Medicaid DRG. Add-on payment, and lesser of 100% of billed charges. 100 percent of Medicaid DRG. Add-on payment, and lesser of 100% of billed charges.",17281.01,,,,,,,Case Rate,". 100 percent of Medicaid DRG. Add-on payment, and lesser of 100% of billed charges. 100 percent of Medicaid DRG. Add-on payment, and lesser of 100% of billed charges.",,,,,,,,," ",,,,,,,,,". GMLOS + 8 Outlier per Diem $6,968.00. Add-on payment, and lesser of 100% of billed charges. GMLOS + 8 Outlier per Diem $6,968.00. Add-on payment, and lesser of 100% of billed charges.",,,,,,,,," ",,,,,,,,,".  ",,,,,,,,,". 100 percent of Medicare DRG. Add-on payment, . 100 percent of Medicare DRG. Add-on payment, .",,,,,,,,,". 100 percent of Medicare DRG. Add-on payment,  . 100 percent of Medicare DRG. Add-on payment,  .",,,,,,,,,". 100 percent of Medicare DRG. Add-on payment,  . 100 percent of Medicare DRG. Add-on payment,  .",,,,,,,,,". 100 percent of Medicare DRG. Add-on payment,  . 100 percent of Medicare DRG. Add-on payment,  .",,,,,,,,,". 100 percent of Medicare DRG. Add-on payment, . 100 percent of Medicare DRG. Add-on payment, .",,,,,,,,,". 100 percent of Medicare DRG. Add-on payment,  . 100 percent of Medicare DRG. Add-on payment,  .",,,,,,,,," ",38882.28,,,,,,,Case Rate,". 225 percent of Medicaid DRG. Add-on payment, and lesser of 225% of billed charges. 225 percent of Medicaid DRG. Add-on payment, and lesser of 225% of billed charges.",17281.01,,,,,,,Case Rate,". 100 percent of Medicaid DRG. Add-on payment, and lesser of 100% of billed charges. 100 percent of Medicaid DRG. Add-on payment, and lesser of 100% of billed charges.",,,,,,,,,".  ",,,,,,,,," ",,,,,,,,," ",,,,,,,,," ",,,,,,,,," ",,,,,,,,,". 100 percent of Medicare DRG. Add-on payment,  . 100 percent of Medicare DRG. Add-on payment,  .",17281.01,,,,,,,Case Rate,". 100 percent of Medicaid DRG. Add-on payment, and lesser of 100% of billed charges. 100 percent of Medicaid DRG. Add-on payment, and lesser of 100% of billed charges.",,,,,,,,,".  ",17281.01,,,,,,,Case Rate,". 100 percent of Medicaid DRG. Add-on payment, and lesser of 100% of billed charges. 100 percent of Medicaid DRG. Add-on payment, and lesser of 100% of billed charges.",,,,,,,,,". 100 percent of Medicare DRG. Add-on payment,  . 100 percent of Medicare DRG. Add-on payment,  .",17281.01,,,,,,,Case Rate,". 100 percent of Medicaid DRG. Add-on payment, and lesser of 100% of billed charges. 100 percent of Medicaid DRG. Add-on payment, and lesser of 100% of billed charges.",,,,,,,,,". 100 percent of Medicare DRG. Add-on payment,  . 100 percent of Medicare DRG. Add-on payment,  .",,,,,,,,,". 100 percent of Medicare DRG. Add-on payment,  . 100 percent of Medicare DRG. Add-on payment,  .",17281.01,,,,,,,Case Rate,". 100 percent of Medicaid DRG. Add-on payment, and lesser of 100% of billed charges. 100 percent of Medicaid DRG. Add-on payment, and lesser of 100% of billed charges.",17281.01,,,,,,,Case Rate,". 100 percent of Medicaid DRG. Add-on payment, and lesser of 100% of billed charges. 100 percent of Medicaid DRG. Add-on payment, and lesser of 100% of billed charges.",,,,,,,,," ",,,,,,,,,".  ",,73,,,,,0,Percent of total billed charges,73 percent of charges.  ; No services were performed during the 15 month look back period.,,,,,,,,,".  ",,,,,,,,,".  ",,,,,,,,,". GMLOS + 8 Outlier per Diem $6,968.00. Add-on payment, and lesser of 100% of billed charges. GMLOS + 8 Outlier per Diem $6,968.00. Add-on payment, and lesser of 100% of billed charges.",,,,,,,,,". 93 percent of Medicare DRG. Add-on payment, and lesser of 100% of billed charges. 93 percent of Medicare DRG. Add-on payment, and lesser of 100% of billed charges.",,,,,,,,," ",,,,,,,,," ",,,,,,,,,".  ",,,,,,,,,".  ",,,,,,,,,". 100 percent of Medicare DRG. Add-on payment,  . 100 percent of Medicare DRG. Add-on payment,  .",,,,,,,,,". 100 percent of Medicare DRG. Add-on payment,  . 100 percent of Medicare DRG. Add-on payment,  .",,,,,,,,,". 100 percent of Medicare DRG. Add-on payment,  . 100 percent of Medicare DRG. Add-on payment,  .",,,,,,,,,". 100 percent of Medicare DRG. Add-on payment,  . 100 percent of Medicare DRG. Add-on payment,  .",,,,,,,,,".  ",,,,,,,,,".  ",,,,,,,,,".  ",,,,,,,,,". 100 percent of Medicare DRG. Add-on payment,  . 100 percent of Medicare DRG. Add-on payment,  .",,,,,,,,,".  ",,,,,,,,," ",17281.01,,,,,,,Case Rate,". 100 percent of Medicaid DRG. Add-on payment, and lesser of 100% of billed charges. 100 percent of Medicaid DRG. Add-on payment, and lesser of 100% of billed charges.",17281.01,,,,,,,Case Rate,". 100 percent of Medicaid DRG. Add-on payment, and lesser of 100% of billed charges. 100 percent of Medicaid DRG. Add-on payment, and lesser of 100% of billed charges.",,,,,,,,," ",,,,,,,,,".  ",,,,,,,,,".  ",,,,,,,,,".  ",,,,,,,,,".  ",,,,,,,,,". 100 percent of Medicare DRG. Add-on payment, . 100 percent of Medicare DRG. Add-on payment, .",18145.06,,,,,,,Case Rate,". 105 percent of Medicaid DRG. Add-on payment, and lesser of 100% of billed charges. 105 percent of Medicaid DRG. Add-on payment, and lesser of 100% of billed charges.",18145.06,,,,,,,Case Rate,". 105 percent of Medicaid DRG. Add-on payment, and lesser of 100% of billed charges. 105 percent of Medicaid DRG. Add-on payment, and lesser of 100% of billed charges.",18145.06,,,,,,,Case Rate,". 105 percent of Medicaid DRG. Add-on payment, and lesser of 100% of billed charges. 105 percent of Medicaid DRG. Add-on payment, and lesser of 100% of billed charges.",18145.06,,,,,,,Case Rate,". 105 percent of Medicaid DRG. Add-on payment, and lesser of 100% of billed charges. 105 percent of Medicaid DRG. Add-on payment, and lesser of 100% of billed charges.",,,,,,,,,".  ",18145.06,,,,,,,Case Rate,". 105 percent of Medicaid DRG. Add-on payment, and lesser of 100% of billed charges. 105 percent of Medicaid DRG. Add-on payment, and lesser of 100% of billed charges.",18145.06,,,,,,,Case Rate,". 105 percent of Medicaid DRG. Add-on payment, and lesser of 100% of billed charges. 105 percent of Medicaid DRG. Add-on payment, and lesser of 100% of billed charges.",18145.06,,,,,,,Case Rate,". 105 percent of Medicaid DRG. Add-on payment, and lesser of 100% of billed charges. 105 percent of Medicaid DRG. Add-on payment, and lesser of 100% of billed charges.",18145.06,,,,,,,Case Rate,". 105 percent of Medicaid DRG. Add-on payment, and lesser of 100% of billed charges. 105 percent of Medicaid DRG. Add-on payment, and lesser of 100% of billed charges.",18145.06,,,,,,,Case Rate,". 105 percent of Medicaid DRG. Add-on payment, and lesser of 100% of billed charges. 105 percent of Medicaid DRG. Add-on payment, and lesser of 100% of billed charges.",18145.06,,,,,,,Case Rate,". 105 percent of Medicaid DRG. Add-on payment, and lesser of 100% of billed charges. 105 percent of Medicaid DRG. Add-on payment, and lesser of 100% of billed charges.",18145.06,,,,,,,Case Rate,". 105 percent of Medicaid DRG. Add-on payment, and lesser of 100% of billed charges. 105 percent of Medicaid DRG. Add-on payment, and lesser of 100% of billed charges.",,,,,,,,,". 100 percent of Medicare DRG. Add-on payment,  . 100 percent of Medicare DRG. Add-on payment,  .",,,,,,,,,".  ",,,,,,,,,". 100 percent of Medicare DRG. Add-on payment,  . 100 percent of Medicare DRG. Add-on payment,  .",18145.06,,,,,,,Case Rate,". 105 percent of Medicaid DRG. Add-on payment, and lesser of 100% of billed charges. 105 percent of Medicaid DRG. Add-on payment, and lesser of 100% of billed charges.",,,,,,,,,".  ",,,,,,,,,". 100 percent of Medicare DRG. Add-on payment,  . 100 percent of Medicare DRG. Add-on payment,  .",,,,,,,,,".  ",,,,,,,,,".  ",,,,,,,,,".  ",18145.06,,,,,,,Case Rate,". 105 percent of Medicaid DRG. Add-on payment, and lesser of 100% of billed charges. 105 percent of Medicaid DRG. Add-on payment, and lesser of 100% of billed charges.",,,,,,,,,". 100 percent of Medicare DRG. Add-on payment,  . 100 percent of Medicare DRG. Add-on payment,  .",,,,,,,,,".  ",18145.06,,,,,,,Case Rate,". 105 percent of Medicaid DRG. Add-on payment, and lesser of 100% of billed charges. 105 percent of Medicaid DRG. Add-on payment, and lesser of 100% of billed charges.",,,,,,,,,".  ",,,,,,,,,". Delay in Discharge per diem $4,1375 Delay in Discharge per diem $4,1375",,,,,,,,,". 100 percent of Medicare DRG. Add-on payment, . 100 percent of Medicare DRG. Add-on payment, .",,,,,,,,," ",,,,,,,,," ",,,,,,,,," ",,,,,,,,," ",,,,,,,,," ",,,,,,,,," ",,,,,,,,," ",,,,,,,,," ",,,,,,,,," ",,,,,,,,," ",,,,,,,,," ",,,,,,,,," ",,,,,,,,,". 100 percent of Medicare DRG. Add-on payment,  . 100 percent of Medicare DRG. Add-on payment,  .",,,,,,,,," ",,,,,,,,,". 100 percent of Medicare DRG. Add-on payment,  . 100 percent of Medicare DRG. Add-on payment,  .",38882.28,,,,,,,Case Rate,". 225 percent of Medicaid DRG. Add-on payment, and lesser of 225% of billed charges. 225 percent of Medicaid DRG. Add-on payment, and lesser of 225% of billed charges.",17281.01,,,,,,,Case Rate,". 100 percent of Medicaid DRG. Add-on payment, and lesser of 100% of billed charges. 100 percent of Medicaid DRG. Add-on payment, and lesser of 100% of billed charges.",,,,,,,,,".  ",,,,,,,,,".  ",,,,,,,,,". 100 percent of Medicare DRG. Add-on payment,  . 100 percent of Medicare DRG. Add-on payment,  .",,,,,,,,," ",,,,,,,,,". 100 percent of Medicare DRG. Add-on payment,  . 100 percent of Medicare DRG. Add-on payment,  .",,,,,,,,,". 100 percent of Medicare DRG. Add-on payment,  . 100 percent of Medicare DRG. Add-on payment,  .",,,,,,,,,". GMLOS + 8 Outlier per Diem $6,968.00. Add-on payment, and lesser of 100% of billed charges. GMLOS + 8 Outlier per Diem $6,968.00. Add-on payment, and lesser of 100% of billed charges.",,,,,,,,,". 100 percent of Medicare DRG. Add-on payment,  . 100 percent of Medicare DRG. Add-on payment,  .",,,,,,,,,".  ",,,,,,,,,". 100 percent of Medicare DRG. Add-on payment,  . 100 percent of Medicare DRG. Add-on payment,  .",,,,,,,,,".  ",,,,,,,,,". GMLOS + 8 Outlier per Diem $6,968.00. Add-on payment, and lesser of 100% of billed charges. GMLOS + 8 Outlier per Diem $6,968.00. Add-on payment, and lesser of 100% of billed charges.",,,,,,,,,".  ",,,,,,,,,". 100 percent of Medicare DRG. Add-on payment,  . 100 percent of Medicare DRG. Add-on payment,  .",17281.01,,,,,,,Case Rate,". 100 percent of Medicaid DRG. Add-on payment, and lesser of 100% of billed charges. 100 percent of Medicaid DRG. Add-on payment, and lesser of 100% of billed charges.",,,,,,,,,". 100 percent of Medicare DRG. Add-on payment,  . 100 percent of Medicare DRG. Add-on payment,  .",,,,,,,,,".  ",,,,,,,,,".  ",17281.01,,,,,,,Case Rate,". 100 percent of Medicaid DRG. Add-on payment, and lesser of 100% of billed charges. 100 percent of Medicaid DRG. Add-on payment, and lesser of 100% of billed charges.",,,,,,,,,".  ",17281.01,,,,,,,Case Rate,". 100 percent of Medicaid DRG. Add-on payment, and lesser of 100% of billed charges. 100 percent of Medicaid DRG. Add-on payment, and lesser of 100% of billed charges.",17281.01,,,,,,,Case Rate,". 100 percent of Medicaid DRG. Add-on payment, and lesser of 100% of billed charges. 100 percent of Medicaid DRG. Add-on payment, and lesser of 100% of billed charges.",,,,,,,,,".  ",,,,,,,,,".  ",,,,,,,,,".  ",,,,,,,,,".  ",,,,,,,,,".  ",,,,,,,,,".  ",,,,,,,,,".  ",,,,,,,,," ",,,,,,,,," ",,,,,,,,," ",17281.01,,,,,,,Case Rate,". 100 percent of Medicaid DRG. Add-on payment, and lesser of 100% of billed charges. 100 percent of Medicaid DRG. Add-on payment, and lesser of 100% of billed charges.",,,,,,,,,".  ",,,,,,,,,".  ",,,,,,,,,". GMLOS + 8 Outlier per Diem $6,968.00. Add-on payment, and lesser of 100% of billed charges. GMLOS + 8 Outlier per Diem $6,968.00. Add-on payment, and lesser of 100% of billed charges.",,,,,,,,,".  ",,,,,,,,,". GMLOS + 8 Outlier per Diem $6,968.00. Add-on payment, and lesser of 100% of billed charges. GMLOS + 8 Outlier per Diem $6,968.00. Add-on payment, and lesser of 100% of billed charges.",,,,,,,,,".  ",,,,,,,,,".  ",,,,,,,,,".  ",,,,,,,,,".  ",,,,,,,,,".  ",,,,,,,,,". 100 percent of Medicare DRG. Add-on payment,  . 100 percent of Medicare DRG. Add-on payment,  .",12187.51,50114.94,
APR530-1,DRG,,,,,APR530-1 FEMALE REPRODUCTIVE SYSTEM MALIGNANCY,,,Inpatient,,,,,,,,,,,,".  ",,,,,,,,,".  ",,,,,,,,,".  ",,100,,,,,0,Percent of total billed charges,100 percent of charges.  ; No services were performed during the 15 month look back period.,,,,,,,,," ",,,,,,,,,".  ",,,,,,,,,".  ",,,,,,,,,".  ",14935.89,,,,,,,Case Rate,". 155 percent of Medicaid DRG. Add-on payment, and lesser of 100% of billed charges. 155 percent of Medicaid DRG. Add-on payment, and lesser of 100% of billed charges.",9636.06,,,,,,,Case Rate,". 100 percent of Medicaid DRG. Add-on payment, and lesser of 100% of billed charges. 100 percent of Medicaid DRG. Add-on payment, and lesser of 100% of billed charges.",,73,,,,,0,Percent of total billed charges,73 percent of charges.  ; No services were performed during the 15 month look back period.,,,,,,,,,".  ",9636.06,,,,,,,Case Rate,". 100 percent of Medicaid DRG. Add-on payment, and lesser of 100% of billed charges. 100 percent of Medicaid DRG. Add-on payment, and lesser of 100% of billed charges.",,,,,,,,," ",,,,,,,,,".  ",,,,,,,,,".  ",,,,,,,,,".  ",,,,,,,,,".  ",9636.06,,,,,,,Case Rate,". 100 percent of Medicaid DRG. Add-on payment, and lesser of 100% of billed charges. 100 percent of Medicaid DRG. Add-on payment, and lesser of 100% of billed charges.",,,,,,,,," ",9636.06,,,,,,,Case Rate,". 100 percent of Medicaid DRG. Add-on payment, and lesser of 100% of billed charges. 100 percent of Medicaid DRG. Add-on payment, and lesser of 100% of billed charges.",,73,,,,,0,Percent of total billed charges,73 percent of charges.  ; No services were performed during the 15 month look back period.,,,,,,,,,".  ",,,,,,,,," ",,,,,,,,," ",,,,,,,,," ",,,,,,,,," ",,73,,,,,0,Percent of total billed charges,73 percent of charges.  ; No services were performed during the 15 month look back period.,9636.06,,,,,,,Case Rate,". 100 percent of Medicaid DRG. Add-on payment, and lesser of 100% of billed charges. 100 percent of Medicaid DRG. Add-on payment, and lesser of 100% of billed charges.",9636.06,,,,,,,Case Rate,". 100 percent of Medicaid DRG. Add-on payment, and lesser of 100% of billed charges. 100 percent of Medicaid DRG. Add-on payment, and lesser of 100% of billed charges.",9636.06,,,,,,,Case Rate,". 100 percent of Medicaid DRG. Add-on payment, and lesser of 100% of billed charges. 100 percent of Medicaid DRG. Add-on payment, and lesser of 100% of billed charges.",9636.06,,,,,,,Case Rate,". 100 percent of Medicaid DRG. Add-on payment, and lesser of 100% of billed charges. 100 percent of Medicaid DRG. Add-on payment, and lesser of 100% of billed charges.",,,,,,,,," ",,,,,,,,," ",9636.06,,,,,,,Case Rate,". 100 percent of Medicaid DRG. Add-on payment, and lesser of 100% of billed charges. 100 percent of Medicaid DRG. Add-on payment, and lesser of 100% of billed charges.",,,,,,,,," ",9636.06,,,,,,,Case Rate,". 100 percent of Medicaid DRG. Add-on payment, and lesser of 100% of billed charges. 100 percent of Medicaid DRG. Add-on payment, and lesser of 100% of billed charges.",,,,,,,,," ",,,,,,,,," ",,73,,,,,0,Percent of total billed charges,73 percent of charges.  ; No services were performed during the 15 month look back period.,9636.06,,,,,,,Case Rate,". 100 percent of Medicaid DRG. Add-on payment, and lesser of 100% of billed charges. 100 percent of Medicaid DRG. Add-on payment, and lesser of 100% of billed charges.",9636.06,,,,,,,Case Rate,". 100 percent of Medicaid DRG. Add-on payment, and lesser of 100% of billed charges. 100 percent of Medicaid DRG. Add-on payment, and lesser of 100% of billed charges.",,73,,,,,0,Percent of total billed charges,73 percent of charges.  ; No services were performed during the 15 month look back period.,,,,,,,,,".  ",,,,,,,,,".  ",,,,,,,,,".  ",,73,,,,,0,Percent of total billed charges,73 percent of charges.  ; No services were performed during the 15 month look back period.,,,,,,,,," ",,,,,,,,,".  ",,,,,,,,,".  ",,,,,,,,,".  ",,,,,,,,," ",,,,,,,,,".  ",,,,,,,,,".  ",,,,,,,,," ",,,,,,,,,".  ",,,,,,,,,".  ",,,,,,,,,".  ",,,,,,,,,".  ",,,,,,,,,".  ",,,,,,,,,".  ",,,,,,,,,".  ",,,,,,,,," ",,,,,,,,," ",,,,,,,,,".  ",,73,,,,,0,Percent of total billed charges,73 percent of charges.  ; No services were performed during the 15 month look back period.,,73,,,,,0,Percent of total billed charges,73 percent of charges.  ; No services were performed during the 15 month look back period.,,73,,,,,0,Percent of total billed charges,73 percent of charges.  ; No services were performed during the 15 month look back period.,,73,,,,,0,Percent of total billed charges,73 percent of charges.  ; No services were performed during the 15 month look back period.,,73,,,,,0,Percent of total billed charges,73 percent of charges.  ; No services were performed during the 15 month look back period.,,73,,,,,0,Percent of total billed charges,73 percent of charges.  ; No services were performed during the 15 month look back period.,,73,,,,,0,Percent of total billed charges,73 percent of charges.  ; No services were performed during the 15 month look back period.,,73,,,,,0,Percent of total billed charges,73 percent of charges.  ; No services were performed during the 15 month look back period.,,73,,,,,0,Percent of total billed charges,73 percent of charges.  ; No services were performed during the 15 month look back period.,,73,,,,,0,Percent of total billed charges,73 percent of charges.  ; No services were performed during the 15 month look back period.,,73,,,,,0,Percent of total billed charges,73 percent of charges.  ; No services were performed during the 15 month look back period.,,73,,,,,0,Percent of total billed charges,73 percent of charges.  ; No services were performed during the 15 month look back period.,,73,,,,,0,Percent of total billed charges,73 percent of charges.  ; No services were performed during the 15 month look back period.,,73,,,,,0,Percent of total billed charges,73 percent of charges.  ; No services were performed during the 15 month look back period.,,73,,,,,0,Percent of total billed charges,73 percent of charges.  ; No services were performed during the 15 month look back period.,,73,,,,,0,Percent of total billed charges,73 percent of charges.  ; No services were performed during the 15 month look back period.,,73,,,,,0,Percent of total billed charges,73 percent of charges.  ; No services were performed during the 15 month look back period.,,73,,,,,0,Percent of total billed charges,73 percent of charges.  ; No services were performed during the 15 month look back period.,,73,,,,,0,Percent of total billed charges,73 percent of charges.  ; No services were performed during the 15 month look back period.,,73,,,,,0,Percent of total billed charges,73 percent of charges.  ; No services were performed during the 15 month look back period.,,73,,,,,0,Percent of total billed charges,73 percent of charges.  ; No services were performed during the 15 month look back period.,,73,,,,,0,Percent of total billed charges,73 percent of charges.  ; No services were performed during the 15 month look back period.,,73,,,,,0,Percent of total billed charges,73 percent of charges.  ; No services were performed during the 15 month look back period.,,73,,,,,0,Percent of total billed charges,73 percent of charges.  ; No services were performed during the 15 month look back period.,,73,,,,,0,Percent of total billed charges,73 percent of charges.  ; No services were performed during the 15 month look back period.,,73,,,,,0,Percent of total billed charges,73 percent of charges.  ; No services were performed during the 15 month look back period.,,,,,,,,," ",,,,,,,,," ",,,,,,,,," ",,,,,,,,," ",,,,,,,,," ",,,,,,,,," ",,,,,,,,,".  ",,,,,,,,,".  ",,,,,,,,,".  ",,,,,,,,,".  ",,73,,,,,0,Percent of total billed charges,73 percent of charges.  ; No services were performed during the 15 month look back period.,,,,,,,,," ",,,,,,,,,".  ",,,,,,,,,".  ",,,,,,,,,".  ",,,,,,,,," ",,73,,,,,0,Percent of total billed charges,73 percent of charges.  ; No services were performed during the 15 month look back period.,9636.06,,,,,,,Case Rate,". 100 percent of Medicaid DRG. Add-on payment, and lesser of 100% of billed charges. 100 percent of Medicaid DRG. Add-on payment, and lesser of 100% of billed charges.",,,,,,,,," ",9636.06,,,,,,,Case Rate,". 100 percent of Medicaid DRG. Add-on payment, and lesser of 100% of billed charges. 100 percent of Medicaid DRG. Add-on payment, and lesser of 100% of billed charges.",,,,,,,,," ",,,,,,,,," ",,,,,,,,,".  ",,,,,,,,," ",,,,,,,,," ",9636.06,,,,,,,Case Rate,". 100 percent of Medicaid DRG. Add-on payment, and lesser of 100% of billed charges. 100 percent of Medicaid DRG. Add-on payment, and lesser of 100% of billed charges.",,,,,,,,," ",,,,,,,,," ",,,,,,,,,".  ",,,,,,,,,".  ",,,,,,,,," ",,,,,,,,,".  ",,,,,,,,,".  ",,,,,,,,,".  ",,,,,,,,," ",,,,,,,,,".  ",,,,,,,,,".  ",,,,,,,,,".  ",,,,,,,,,".  ",,73,,,,,0,Percent of total billed charges,73 percent of charges.  ; No services were performed during the 15 month look back period.,,73,,,,,0,Percent of total billed charges,73 percent of charges.  ; No services were performed during the 15 month look back period.,,73,,,,,0,Percent of total billed charges,73 percent of charges.  ; No services were performed during the 15 month look back period.,,73,,,,,0,Percent of total billed charges,73 percent of charges.  ; No services were performed during the 15 month look back period.,,73,,,,,0,Percent of total billed charges,73 percent of charges.  ; No services were performed during the 15 month look back period.,,73,,,,,0,Percent of total billed charges,73 percent of charges.  ; No services were performed during the 15 month look back period.,,73,,,,,0,Percent of total billed charges,73 percent of charges.  ; No services were performed during the 15 month look back period.,,73,,,,,0,Percent of total billed charges,73 percent of charges.  ; No services were performed during the 15 month look back period.,,73,,,,,0,Percent of total billed charges,73 percent of charges.  ; No services were performed during the 15 month look back period.,,73,,,,,0,Percent of total billed charges,73 percent of charges.  ; No services were performed during the 15 month look back period.,,73,,,,,0,Percent of total billed charges,73 percent of charges.  ; No services were performed during the 15 month look back period.,,,,,,,,," ",,,,,,,,,".  ",,,,,,,,,".  ",,,,,,,,," ",,,,,,,,,".  ",,,,,,,,,".  ",,,,,,,,,".  ",,73,,,,,0,Percent of total billed charges,73 percent of charges.  ; No services were performed during the 15 month look back period.,19272.11,,,,,,,Case Rate,". 200 percent of Medicaid DRG. Add-on payment, and lesser of 200% of billed charges. 200 percent of Medicaid DRG. Add-on payment, and lesser of 200% of billed charges.",,,,,,,,,".  ",9636.06,,,,,,,Case Rate,". 100 percent of Medicaid DRG. Add-on payment, and lesser of 100% of billed charges. 100 percent of Medicaid DRG. Add-on payment, and lesser of 100% of billed charges.",,,,,,,,," ",,,,,,,,," ",,,,,,,,," ",,,,,,,,," ",,,,,,,,," ",,,,,,,,," ",,,,,,,,,".  ",,,,,,,,,".  ",21681.13,,,,,,,Case Rate,". 225 percent of Medicaid DRG. Add-on payment, and lesser of 100% of billed charges. 225 percent of Medicaid DRG. Add-on payment, and lesser of 100% of billed charges.",21681.13,,,,,,,Case Rate,". 225 percent of Medicaid DRG. Add-on payment, and lesser of 100% of billed charges. 225 percent of Medicaid DRG. Add-on payment, and lesser of 100% of billed charges.",21681.13,,,,,,,Case Rate,". 225 percent of Medicaid DRG. Add-on payment, and lesser of 100% of billed charges. 225 percent of Medicaid DRG. Add-on payment, and lesser of 100% of billed charges.",21681.13,,,,,,,Case Rate,". 225 percent of Medicaid DRG. Add-on payment, and lesser of 100% of billed charges. 225 percent of Medicaid DRG. Add-on payment, and lesser of 100% of billed charges.",21681.13,,,,,,,Case Rate,". 225 percent of Medicaid DRG. Add-on payment, and lesser of 100% of billed charges. 225 percent of Medicaid DRG. Add-on payment, and lesser of 100% of billed charges.",,,,,,,,," ",,,,,,,,,".  ",,,,,,,,," ",,,,,,,,," ",,,,,,,,," ",,,,,,,,," ",,,,,,,,," ",,,,,,,,," ",,,,,,,,," ",,,,,,,,," ",,,,,,,,," ",,,,,,,,," ",,,,,,,,,".  ",,,,,,,,,".  ",,,,,,,,,".  ",,,,,,,,,".  ",,,,,,,,,".  ",,,,,,,,,".  ",,,,,,,,," ",,,,,,,,," ",,,,,,,,," ",,,,,,,,,".  ",,,,,,,,,".  ",,,,,,,,,".  ",,,,,,,,,".  ",,,,,,,,,".  ",,,,,,,,," ",,,,,,,,,".  ",9636.06,,,,,,,Case Rate,". 100 percent of Medicaid DRG. Add-on payment, and lesser of 100% of billed charges. 100 percent of Medicaid DRG. Add-on payment, and lesser of 100% of billed charges.",,,,,,,,," ",,,,,,,,," ",,,,,,,,," ",9636.06,,,,,,,Case Rate,". 100 percent of Medicaid DRG. Add-on payment, and lesser of 100% of billed charges. 100 percent of Medicaid DRG. Add-on payment, and lesser of 100% of billed charges.",21681.13,,,,,,,Case Rate,". 225 percent of Medicaid DRG. Add-on payment, and lesser of 225% of billed charges. 225 percent of Medicaid DRG. Add-on payment, and lesser of 225% of billed charges.",21681.13,,,,,,,Case Rate,". 225 percent of Medicaid DRG. Add-on payment, and lesser of 225% of billed charges. 225 percent of Medicaid DRG. Add-on payment, and lesser of 225% of billed charges.",21681.13,,,,,,,Case Rate,". 225 percent of Medicaid DRG. Add-on payment, and lesser of 225% of billed charges. 225 percent of Medicaid DRG. Add-on payment, and lesser of 225% of billed charges.",21681.13,,,,,,,Case Rate,". 225 percent of Medicaid DRG. Add-on payment, and lesser of 225% of billed charges. 225 percent of Medicaid DRG. Add-on payment, and lesser of 225% of billed charges.",21681.13,,,,,,,Case Rate,". 225 percent of Medicaid DRG. Add-on payment, and lesser of 225% of billed charges. 225 percent of Medicaid DRG. Add-on payment, and lesser of 225% of billed charges.",,,,,,,,," ",9636.06,,,,,,,Case Rate,". 100 percent of Medicaid DRG. Add-on payment, and lesser of 100% of billed charges. 100 percent of Medicaid DRG. Add-on payment, and lesser of 100% of billed charges.",9636.06,,,,,,,Case Rate,". 100 percent of Medicaid DRG. Add-on payment, and lesser of 100% of billed charges. 100 percent of Medicaid DRG. Add-on payment, and lesser of 100% of billed charges.",21681.13,,,,,,,Case Rate,". 225 percent of Medicaid DRG. Add-on payment, and lesser of 225% of billed charges. 225 percent of Medicaid DRG. Add-on payment, and lesser of 225% of billed charges.",21681.13,,,,,,,Case Rate,". 225 percent of Medicaid DRG. Add-on payment, and lesser of 225% of billed charges. 225 percent of Medicaid DRG. Add-on payment, and lesser of 225% of billed charges.",9636.06,,,,,,,Case Rate,". 100 percent of Medicaid DRG. Add-on payment, and lesser of 100% of billed charges. 100 percent of Medicaid DRG. Add-on payment, and lesser of 100% of billed charges.",9636.06,,,,,,,Case Rate,". 100 percent of Medicaid DRG. Add-on payment, and lesser of 100% of billed charges. 100 percent of Medicaid DRG. Add-on payment, and lesser of 100% of billed charges.",21681.13,,,,,,,Case Rate,". 225 percent of Medicaid DRG. Add-on payment, and lesser of 100% of billed charges. 225 percent of Medicaid DRG. Add-on payment, and lesser of 100% of billed charges.",,,,,,,,," ",,,,,,,,," ",,,,,,,,,".  ",,,,,,,,," ",21681.13,,,,,,,Case Rate,". 225 percent of Medicaid DRG. Add-on payment, and lesser of 225% of billed charges. 225 percent of Medicaid DRG. Add-on payment, and lesser of 225% of billed charges.",21681.13,,,,,,,Case Rate,". 225 percent of Medicaid DRG. Add-on payment, and lesser of 225% of billed charges. 225 percent of Medicaid DRG. Add-on payment, and lesser of 225% of billed charges.",9636.06,,,,,,,Case Rate,". 100 percent of Medicaid DRG. Add-on payment, and lesser of 100% of billed charges. 100 percent of Medicaid DRG. Add-on payment, and lesser of 100% of billed charges.",9636.06,,,,,,,Case Rate,". 100 percent of Medicaid DRG. Add-on payment, and lesser of 100% of billed charges. 100 percent of Medicaid DRG. Add-on payment, and lesser of 100% of billed charges.",14112.82,,,,,,,Case Rate,". 225 percent of Medicaid DRG. Add-on payment, and lesser of 225% of billed charges. 225 percent of Medicaid DRG. Add-on payment, and lesser of 225% of billed charges.",9636.06,,,,,,,Case Rate,". 100 percent of Medicaid DRG. Add-on payment, and lesser of 100% of billed charges. 100 percent of Medicaid DRG. Add-on payment, and lesser of 100% of billed charges.",27944.56,,,,,,,Case Rate,". 290 percent of Medicaid DRG. Add-on payment, and lesser of 100% of billed charges. 290 percent of Medicaid DRG. Add-on payment, and lesser of 100% of billed charges.",27944.56,,,,,,,Case Rate,". 290 percent of Medicaid DRG. Add-on payment, and lesser of 100% of billed charges. 290 percent of Medicaid DRG. Add-on payment, and lesser of 100% of billed charges.",27944.56,,,,,,,Case Rate,". 290 percent of Medicaid DRG. Add-on payment, and lesser of 100% of billed charges. 290 percent of Medicaid DRG. Add-on payment, and lesser of 100% of billed charges.",27944.56,,,,,,,Case Rate,". 290 percent of Medicaid DRG. Add-on payment, and lesser of 100% of billed charges. 290 percent of Medicaid DRG. Add-on payment, and lesser of 100% of billed charges.",,,,,,,,," ",,,,,,,,,".  ",13008.68,,,,,,,Case Rate,"135% of Medicaid EP 1 and 2, 100% of medicaid EP 3 and 4.  ",13008.68,,,,,,,Case Rate,"135% of Medicaid EP 1 and 2, 100% of medicaid EP 3 and 4.  ",9636.06,,,,,,,Case Rate,". 100 percent of Medicaid DRG. Add-on payment, and lesser of 100% of billed charges. 100 percent of Medicaid DRG. Add-on payment, and lesser of 100% of billed charges.",9636.06,,,,,,,Case Rate,". 100 percent of Medicaid DRG. Add-on payment, and lesser of 100% of billed charges. 100 percent of Medicaid DRG. Add-on payment, and lesser of 100% of billed charges.",,,,,,,,,".  ",,,,,,,,,".  ",,,,,,,,," ",,,,,,,,,".  ",,,,,,,,,".  ",,,,,,,,,".  ",,,,,,,,,".  ",,,,,,,,," ",,,,,,,,,".  ",,,,,,,,,".  ",,,,,,,,,".  ",9636.06,,,,,,,Case Rate,". 100 percent of Medicaid DRG. Add-on payment, and lesser of 100% of billed charges. 100 percent of Medicaid DRG. Add-on payment, and lesser of 100% of billed charges.",9636.06,,,,,,,Case Rate,". 100 percent of Medicaid DRG. Add-on payment, and lesser of 100% of billed charges. 100 percent of Medicaid DRG. Add-on payment, and lesser of 100% of billed charges.",21681.13,,,,,,,Case Rate,". 225 percent of Medicaid DRG. Add-on payment, and lesser of 225% of billed charges. 225 percent of Medicaid DRG. Add-on payment, and lesser of 225% of billed charges.",14112.82,,,,,,,Case Rate,". 225 percent of Medicaid DRG. Add-on payment, and lesser of 225% of billed charges. 225 percent of Medicaid DRG. Add-on payment, and lesser of 225% of billed charges.",9636.06,,,,,,,Case Rate,". 100 percent of Medicaid DRG. Add-on payment, and lesser of 100% of billed charges. 100 percent of Medicaid DRG. Add-on payment, and lesser of 100% of billed charges.",21681.13,,,,,,,Case Rate,". 225 percent of Medicaid DRG. Add-on payment, and lesser of 225% of billed charges. 225 percent of Medicaid DRG. Add-on payment, and lesser of 225% of billed charges.",21681.13,,,,,,,Case Rate,". 225 percent of Medicaid DRG. Add-on payment, and lesser of 225% of billed charges. 225 percent of Medicaid DRG. Add-on payment, and lesser of 225% of billed charges.",21681.13,,,,,,,Case Rate,". 225 percent of Medicaid DRG. Add-on payment, and lesser of 225% of billed charges. 225 percent of Medicaid DRG. Add-on payment, and lesser of 225% of billed charges.",21681.13,,,,,,,Case Rate,". 225 percent of Medicaid DRG. Add-on payment, and lesser of 225% of billed charges. 225 percent of Medicaid DRG. Add-on payment, and lesser of 225% of billed charges.",21681.13,,,,,,,Case Rate,". 225 percent of Medicaid DRG. Add-on payment, and lesser of 225% of billed charges. 225 percent of Medicaid DRG. Add-on payment, and lesser of 225% of billed charges.",21681.13,,,,,,,Case Rate,". 225 percent of Medicaid DRG. Add-on payment, and lesser of 225% of billed charges. 225 percent of Medicaid DRG. Add-on payment, and lesser of 225% of billed charges.",,,,,,,,," ",,,,,,,,," ",,,,,,,,," ",,,,,,,,,".  ",,,,,,,,," ",,,,,,,,," ",,,,,,,,,".  ",,,,,,,,," ",,,,,,,,," ",13008.68,,,,,,,Case Rate,"135% of Medicaid EP 1 and 2, 100% of medicaid EP 3 and 4.  ",13008.68,,,,,,,Case Rate,"135% of Medicaid EP 1 and 2, 100% of medicaid EP 3 and 4.  ",9636.06,,,,,,,Case Rate,". 100 percent of Medicaid DRG. Add-on payment, and lesser of 100% of billed charges. 100 percent of Medicaid DRG. Add-on payment, and lesser of 100% of billed charges.",9636.06,,,,,,,Case Rate,". 100 percent of Medicaid DRG. Add-on payment, and lesser of 100% of billed charges. 100 percent of Medicaid DRG. Add-on payment, and lesser of 100% of billed charges.",9636.06,,,,,,,Case Rate,". 100 percent of Medicaid DRG. Add-on payment, and lesser of 100% of billed charges. 100 percent of Medicaid DRG. Add-on payment, and lesser of 100% of billed charges.",,,,,,,,," ",,,,,,,,,".  ",,,,,,,,," ",,,,,,,,,".  ",,,,,,,,," ",,,,,,,,," ",,,,,,,,," ",,,,,,,,," ",,,,,,,,," ",,,,,,,,," ",,,,,,,,," ",21681.13,,,,,,,Case Rate,". 225 percent of Medicaid DRG. Add-on payment, and lesser of 225% of billed charges. 225 percent of Medicaid DRG. Add-on payment, and lesser of 225% of billed charges.",9636.06,,,,,,,Case Rate,". 100 percent of Medicaid DRG. Add-on payment, and lesser of 100% of billed charges. 100 percent of Medicaid DRG. Add-on payment, and lesser of 100% of billed charges.",,,,,,,,,".  ",,,,,,,,," ",,,,,,,,," ",,,,,,,,," ",,,,,,,,," ",,,,,,,,," ",9636.06,,,,,,,Case Rate,". 100 percent of Medicaid DRG. Add-on payment, and lesser of 100% of billed charges. 100 percent of Medicaid DRG. Add-on payment, and lesser of 100% of billed charges.",,,,,,,,,".  ",9636.06,,,,,,,Case Rate,". 100 percent of Medicaid DRG. Add-on payment, and lesser of 100% of billed charges. 100 percent of Medicaid DRG. Add-on payment, and lesser of 100% of billed charges.",,,,,,,,," ",9636.06,,,,,,,Case Rate,". 100 percent of Medicaid DRG. Add-on payment, and lesser of 100% of billed charges. 100 percent of Medicaid DRG. Add-on payment, and lesser of 100% of billed charges.",,,,,,,,," ",,,,,,,,," ",9636.06,,,,,,,Case Rate,". 100 percent of Medicaid DRG. Add-on payment, and lesser of 100% of billed charges. 100 percent of Medicaid DRG. Add-on payment, and lesser of 100% of billed charges.",9636.06,,,,,,,Case Rate,". 100 percent of Medicaid DRG. Add-on payment, and lesser of 100% of billed charges. 100 percent of Medicaid DRG. Add-on payment, and lesser of 100% of billed charges.",,,,,,,,," ",,,,,,,,,".  ",,73,,,,,0,Percent of total billed charges,73 percent of charges.  ; No services were performed during the 15 month look back period.,,,,,,,,,".  ",,,,,,,,,".  ",,,,,,,,,".  ",,,,,,,,," ",,,,,,,,," ",,,,,,,,," ",,,,,,,,,".  ",,,,,,,,,".  ",,,,,,,,," ",,,,,,,,," ",,,,,,,,," ",,,,,,,,," ",,,,,,,,,".  ",,,,,,,,,".  ",,,,,,,,,".  ",,,,,,,,," ",,,,,,,,,".  ",,,,,,,,," ",9636.06,,,,,,,Case Rate,". 100 percent of Medicaid DRG. Add-on payment, and lesser of 100% of billed charges. 100 percent of Medicaid DRG. Add-on payment, and lesser of 100% of billed charges.",9636.06,,,,,,,Case Rate,". 100 percent of Medicaid DRG. Add-on payment, and lesser of 100% of billed charges. 100 percent of Medicaid DRG. Add-on payment, and lesser of 100% of billed charges.",,,,,,,,," ",,,,,,,,,".  ",,,,,,,,,".  ",,,,,,,,,".  ",,,,,,,,,".  ",,,,,,,,," ",10117.86,,,,,,,Case Rate,". 105 percent of Medicaid DRG. Add-on payment, and lesser of 100% of billed charges. 105 percent of Medicaid DRG. Add-on payment, and lesser of 100% of billed charges.",10117.86,,,,,,,Case Rate,". 105 percent of Medicaid DRG. Add-on payment, and lesser of 100% of billed charges. 105 percent of Medicaid DRG. Add-on payment, and lesser of 100% of billed charges.",10117.86,,,,,,,Case Rate,". 105 percent of Medicaid DRG. Add-on payment, and lesser of 100% of billed charges. 105 percent of Medicaid DRG. Add-on payment, and lesser of 100% of billed charges.",10117.86,,,,,,,Case Rate,". 105 percent of Medicaid DRG. Add-on payment, and lesser of 100% of billed charges. 105 percent of Medicaid DRG. Add-on payment, and lesser of 100% of billed charges.",,,,,,,,,".  ",10117.86,,,,,,,Case Rate,". 105 percent of Medicaid DRG. Add-on payment, and lesser of 100% of billed charges. 105 percent of Medicaid DRG. Add-on payment, and lesser of 100% of billed charges.",10117.86,,,,,,,Case Rate,". 105 percent of Medicaid DRG. Add-on payment, and lesser of 100% of billed charges. 105 percent of Medicaid DRG. Add-on payment, and lesser of 100% of billed charges.",10117.86,,,,,,,Case Rate,". 105 percent of Medicaid DRG. Add-on payment, and lesser of 100% of billed charges. 105 percent of Medicaid DRG. Add-on payment, and lesser of 100% of billed charges.",10117.86,,,,,,,Case Rate,". 105 percent of Medicaid DRG. Add-on payment, and lesser of 100% of billed charges. 105 percent of Medicaid DRG. Add-on payment, and lesser of 100% of billed charges.",10117.86,,,,,,,Case Rate,". 105 percent of Medicaid DRG. Add-on payment, and lesser of 100% of billed charges. 105 percent of Medicaid DRG. Add-on payment, and lesser of 100% of billed charges.",10117.86,,,,,,,Case Rate,". 105 percent of Medicaid DRG. Add-on payment, and lesser of 100% of billed charges. 105 percent of Medicaid DRG. Add-on payment, and lesser of 100% of billed charges.",10117.86,,,,,,,Case Rate,". 105 percent of Medicaid DRG. Add-on payment, and lesser of 100% of billed charges. 105 percent of Medicaid DRG. Add-on payment, and lesser of 100% of billed charges.",,,,,,,,," ",,,,,,,,,".  ",,,,,,,,," ",10117.86,,,,,,,Case Rate,". 105 percent of Medicaid DRG. Add-on payment, and lesser of 100% of billed charges. 105 percent of Medicaid DRG. Add-on payment, and lesser of 100% of billed charges.",,,,,,,,,".  ",,,,,,,,," ",,,,,,,,,".  ",,,,,,,,,".  ",,,,,,,,,".  ",10117.86,,,,,,,Case Rate,". 105 percent of Medicaid DRG. Add-on payment, and lesser of 100% of billed charges. 105 percent of Medicaid DRG. Add-on payment, and lesser of 100% of billed charges.",,,,,,,,," ",,,,,,,,,".  ",10117.86,,,,,,,Case Rate,". 105 percent of Medicaid DRG. Add-on payment, and lesser of 100% of billed charges. 105 percent of Medicaid DRG. Add-on payment, and lesser of 100% of billed charges.",,,,,,,,,".  ",,,,,,,,,".  ",,,,,,,,," ",,,,,,,,," ",,,,,,,,," ",,,,,,,,," ",,,,,,,,," ",,,,,,,,," ",,,,,,,,," ",,,,,,,,," ",,,,,,,,," ",,,,,,,,," ",,,,,,,,," ",,,,,,,,," ",,,,,,,,," ",,,,,,,,," ",,,,,,,,," ",,,,,,,,," ",21681.13,,,,,,,Case Rate,". 225 percent of Medicaid DRG. Add-on payment, and lesser of 225% of billed charges. 225 percent of Medicaid DRG. Add-on payment, and lesser of 225% of billed charges.",9636.06,,,,,,,Case Rate,". 100 percent of Medicaid DRG. Add-on payment, and lesser of 100% of billed charges. 100 percent of Medicaid DRG. Add-on payment, and lesser of 100% of billed charges.",,,,,,,,,".  ",,,,,,,,,".  ",,,,,,,,," ",,,,,,,,," ",,,,,,,,," ",,,,,,,,," ",,,,,,,,,".  ",,,,,,,,," ",,,,,,,,,".  ",,,,,,,,," ",,,,,,,,,".  ",,,,,,,,,".  ",,,,,,,,,".  ",,,,,,,,," ",9636.06,,,,,,,Case Rate,". 100 percent of Medicaid DRG. Add-on payment, and lesser of 100% of billed charges. 100 percent of Medicaid DRG. Add-on payment, and lesser of 100% of billed charges.",,,,,,,,," ",,,,,,,,,".  ",,,,,,,,,".  ",9636.06,,,,,,,Case Rate,". 100 percent of Medicaid DRG. Add-on payment, and lesser of 100% of billed charges. 100 percent of Medicaid DRG. Add-on payment, and lesser of 100% of billed charges.",,,,,,,,,".  ",9636.06,,,,,,,Case Rate,". 100 percent of Medicaid DRG. Add-on payment, and lesser of 100% of billed charges. 100 percent of Medicaid DRG. Add-on payment, and lesser of 100% of billed charges.",9636.06,,,,,,,Case Rate,". 100 percent of Medicaid DRG. Add-on payment, and lesser of 100% of billed charges. 100 percent of Medicaid DRG. Add-on payment, and lesser of 100% of billed charges.",,,,,,,,,".  ",,,,,,,,,".  ",,,,,,,,,".  ",,,,,,,,,".  ",,,,,,,,,".  ",,,,,,,,,".  ",,,,,,,,,".  ",,,,,,,,," ",,,,,,,,," ",,,,,,,,," ",9636.06,,,,,,,Case Rate,". 100 percent of Medicaid DRG. Add-on payment, and lesser of 100% of billed charges. 100 percent of Medicaid DRG. Add-on payment, and lesser of 100% of billed charges.",,,,,,,,,".  ",,,,,,,,,".  ",,,,,,,,,".  ",,,,,,,,,".  ",,,,,,,,,".  ",,,,,,,,,".  ",,,,,,,,,".  ",,,,,,,,,".  ",,,,,,,,,".  ",,,,,,,,,".  ",,,,,,,,," ",6272.36,27944.56,
APR589-1,DRG,,,,,APR589-1 NEONATE BWT <500G OR GA <24 WEEKS,,,Inpatient,,,,,,,,,,,,".  ",,,,,,,,,".  ",,,,,,,,,".  ",,100,,,,,0,Percent of total billed charges,100 percent of charges.  ; No services were performed during the 15 month look back period.,,,,,,,,," ",,,,,,,,,".  ",,,,,,,,,".  ",,,,,,,,,".  ",197963.02,,,,,,,Case Rate,". 155 percent of Medicaid DRG. Add-on payment, and lesser of 100% of billed charges. 155 percent of Medicaid DRG. Add-on payment, and lesser of 100% of billed charges.",127718.07,,,,,,,Case Rate,". 100 percent of Medicaid DRG. Add-on payment, and lesser of 100% of billed charges. 100 percent of Medicaid DRG. Add-on payment, and lesser of 100% of billed charges.",,73,,,,,0,Percent of total billed charges,73 percent of charges.  ; No services were performed during the 15 month look back period.,,,,,,,,,".  ",127718.07,,,,,,,Case Rate,". 100 percent of Medicaid DRG. Add-on payment, and lesser of 100% of billed charges. 100 percent of Medicaid DRG. Add-on payment, and lesser of 100% of billed charges.",,,,,,,,," ",,,,,,,,,".  ",,,,,,,,,".  ",,,,,,,,,".  ",,,,,,,,,".  ",127718.07,,,,,,,Case Rate,". 100 percent of Medicaid DRG. Add-on payment, and lesser of 100% of billed charges. 100 percent of Medicaid DRG. Add-on payment, and lesser of 100% of billed charges.",,,,,,,,," ",127718.07,,,,,,,Case Rate,". 100 percent of Medicaid DRG. Add-on payment, and lesser of 100% of billed charges. 100 percent of Medicaid DRG. Add-on payment, and lesser of 100% of billed charges.",,73,,,,,0,Percent of total billed charges,73 percent of charges.  ; No services were performed during the 15 month look back period.,,,,,,,,,".  ",,,,,,,,," ",,,,,,,,," ",,,,,,,,," ",,,,,,,,," ",,73,,,,,0,Percent of total billed charges,73 percent of charges.  ; No services were performed during the 15 month look back period.,127718.07,,,,,,,Case Rate,". 100 percent of Medicaid DRG. Add-on payment, and lesser of 100% of billed charges. 100 percent of Medicaid DRG. Add-on payment, and lesser of 100% of billed charges.",127718.07,,,,,,,Case Rate,". 100 percent of Medicaid DRG. Add-on payment, and lesser of 100% of billed charges. 100 percent of Medicaid DRG. Add-on payment, and lesser of 100% of billed charges.",127718.07,,,,,,,Case Rate,". 100 percent of Medicaid DRG. Add-on payment, and lesser of 100% of billed charges. 100 percent of Medicaid DRG. Add-on payment, and lesser of 100% of billed charges.",127718.07,,,,,,,Case Rate,". 100 percent of Medicaid DRG. Add-on payment, and lesser of 100% of billed charges. 100 percent of Medicaid DRG. Add-on payment, and lesser of 100% of billed charges.",,,,,,,,," ",,,,,,,,," ",127718.07,,,,,,,Case Rate,". 100 percent of Medicaid DRG. Add-on payment, and lesser of 100% of billed charges. 100 percent of Medicaid DRG. Add-on payment, and lesser of 100% of billed charges.",,,,,,,,," ",127718.07,,,,,,,Case Rate,". 100 percent of Medicaid DRG. Add-on payment, and lesser of 100% of billed charges. 100 percent of Medicaid DRG. Add-on payment, and lesser of 100% of billed charges.",,,,,,,,," ",,,,,,,,," ",,73,,,,,0,Percent of total billed charges,73 percent of charges.  ; No services were performed during the 15 month look back period.,127718.07,,,,,,,Case Rate,". 100 percent of Medicaid DRG. Add-on payment, and lesser of 100% of billed charges. 100 percent of Medicaid DRG. Add-on payment, and lesser of 100% of billed charges.",127718.07,,,,,,,Case Rate,". 100 percent of Medicaid DRG. Add-on payment, and lesser of 100% of billed charges. 100 percent of Medicaid DRG. Add-on payment, and lesser of 100% of billed charges.",,73,,,,,0,Percent of total billed charges,73 percent of charges.  ; No services were performed during the 15 month look back period.,,,,,,,,,".  ",,,,,,,,,".  ",,,,,,,,,".  ",,73,,,,,0,Percent of total billed charges,73 percent of charges.  ; No services were performed during the 15 month look back period.,,,,,,,,," ",,,,,,,,,".  ",,,,,,,,,".  ",,,,,,,,,".  ",,,,,,,,," ",,,,,,,,,".  ",,,,,,,,,".  ",,,,,,,,," ",,,,,,,,,".  ",,,,,,,,,".  ",,,,,,,,,".  ",,,,,,,,,".  ",,,,,,,,,".  ",,,,,,,,,".  ",,,,,,,,,".  ",,,,,,,,," ",,,,,,,,," ",,,,,,,,,".  ",,73,,,,,0,Percent of total billed charges,73 percent of charges.  ; No services were performed during the 15 month look back period.,,73,,,,,0,Percent of total billed charges,73 percent of charges.  ; No services were performed during the 15 month look back period.,,73,,,,,0,Percent of total billed charges,73 percent of charges.  ; No services were performed during the 15 month look back period.,,73,,,,,0,Percent of total billed charges,73 percent of charges.  ; No services were performed during the 15 month look back period.,,73,,,,,0,Percent of total billed charges,73 percent of charges.  ; No services were performed during the 15 month look back period.,,73,,,,,0,Percent of total billed charges,73 percent of charges.  ; No services were performed during the 15 month look back period.,,73,,,,,0,Percent of total billed charges,73 percent of charges.  ; No services were performed during the 15 month look back period.,,73,,,,,0,Percent of total billed charges,73 percent of charges.  ; No services were performed during the 15 month look back period.,,73,,,,,0,Percent of total billed charges,73 percent of charges.  ; No services were performed during the 15 month look back period.,,73,,,,,0,Percent of total billed charges,73 percent of charges.  ; No services were performed during the 15 month look back period.,,73,,,,,0,Percent of total billed charges,73 percent of charges.  ; No services were performed during the 15 month look back period.,,73,,,,,0,Percent of total billed charges,73 percent of charges.  ; No services were performed during the 15 month look back period.,,73,,,,,0,Percent of total billed charges,73 percent of charges.  ; No services were performed during the 15 month look back period.,,73,,,,,0,Percent of total billed charges,73 percent of charges.  ; No services were performed during the 15 month look back period.,,73,,,,,0,Percent of total billed charges,73 percent of charges.  ; No services were performed during the 15 month look back period.,,73,,,,,0,Percent of total billed charges,73 percent of charges.  ; No services were performed during the 15 month look back period.,,73,,,,,0,Percent of total billed charges,73 percent of charges.  ; No services were performed during the 15 month look back period.,,73,,,,,0,Percent of total billed charges,73 percent of charges.  ; No services were performed during the 15 month look back period.,,73,,,,,0,Percent of total billed charges,73 percent of charges.  ; No services were performed during the 15 month look back period.,,73,,,,,0,Percent of total billed charges,73 percent of charges.  ; No services were performed during the 15 month look back period.,,73,,,,,0,Percent of total billed charges,73 percent of charges.  ; No services were performed during the 15 month look back period.,,73,,,,,0,Percent of total billed charges,73 percent of charges.  ; No services were performed during the 15 month look back period.,,73,,,,,0,Percent of total billed charges,73 percent of charges.  ; No services were performed during the 15 month look back period.,,73,,,,,0,Percent of total billed charges,73 percent of charges.  ; No services were performed during the 15 month look back period.,,73,,,,,0,Percent of total billed charges,73 percent of charges.  ; No services were performed during the 15 month look back period.,,73,,,,,0,Percent of total billed charges,73 percent of charges.  ; No services were performed during the 15 month look back period.,,,,,,,,," ",,,,,,,,," ",,,,,,,,," ",,,,,,,,," ",,,,,,,,," ",,,,,,,,," ",,,,,,,,,".  ",,,,,,,,,".  ",,,,,,,,,".  ",,,,,,,,,".  ",,73,,,,,0,Percent of total billed charges,73 percent of charges.  ; No services were performed during the 15 month look back period.,,,,,,,,," ",,,,,,,,,".  ",,,,,,,,,".  ",,,,,,,,,".  ",,,,,,,,," ",,73,,,,,0,Percent of total billed charges,73 percent of charges.  ; No services were performed during the 15 month look back period.,127718.07,,,,,,,Case Rate,". 100 percent of Medicaid DRG. Add-on payment, and lesser of 100% of billed charges. 100 percent of Medicaid DRG. Add-on payment, and lesser of 100% of billed charges.",,,,,,,,," ",127718.07,,,,,,,Case Rate,". 100 percent of Medicaid DRG. Add-on payment, and lesser of 100% of billed charges. 100 percent of Medicaid DRG. Add-on payment, and lesser of 100% of billed charges.",,,,,,,,," ",,,,,,,,," ",,,,,,,,,".  ",,,,,,,,," ",,,,,,,,," ",127718.07,,,,,,,Case Rate,". 100 percent of Medicaid DRG. Add-on payment, and lesser of 100% of billed charges. 100 percent of Medicaid DRG. Add-on payment, and lesser of 100% of billed charges.",,,,,,,,," ",,,,,,,,," ",,,,,,,,,".  ",,,,,,,,,".  ",,,,,,,,," ",,,,,,,,,".  ",,,,,,,,,".  ",,,,,,,,,".  ",,,,,,,,," ",,,,,,,,,".  ",,,,,,,,,".  ",,,,,,,,,".  ",,,,,,,,,".  ",,73,,,,,0,Percent of total billed charges,73 percent of charges.  ; No services were performed during the 15 month look back period.,,73,,,,,0,Percent of total billed charges,73 percent of charges.  ; No services were performed during the 15 month look back period.,,73,,,,,0,Percent of total billed charges,73 percent of charges.  ; No services were performed during the 15 month look back period.,,73,,,,,0,Percent of total billed charges,73 percent of charges.  ; No services were performed during the 15 month look back period.,,73,,,,,0,Percent of total billed charges,73 percent of charges.  ; No services were performed during the 15 month look back period.,,73,,,,,0,Percent of total billed charges,73 percent of charges.  ; No services were performed during the 15 month look back period.,,73,,,,,0,Percent of total billed charges,73 percent of charges.  ; No services were performed during the 15 month look back period.,,73,,,,,0,Percent of total billed charges,73 percent of charges.  ; No services were performed during the 15 month look back period.,,73,,,,,0,Percent of total billed charges,73 percent of charges.  ; No services were performed during the 15 month look back period.,,73,,,,,0,Percent of total billed charges,73 percent of charges.  ; No services were performed during the 15 month look back period.,,73,,,,,0,Percent of total billed charges,73 percent of charges.  ; No services were performed during the 15 month look back period.,,,,,,,,," ",,,,,,,,,".  ",,,,,,,,,".  ",,,,,,,,," ",,,,,,,,,".  ",,,,,,,,,".  ",,,,,,,,,".  ",,73,,,,,0,Percent of total billed charges,73 percent of charges.  ; No services were performed during the 15 month look back period.,255436.15,,,,,,,Case Rate,". 200 percent of Medicaid DRG. Add-on payment, and lesser of 200% of billed charges. 200 percent of Medicaid DRG. Add-on payment, and lesser of 200% of billed charges.",,,,,,,,,".  ",127718.07,,,,,,,Case Rate,". 100 percent of Medicaid DRG. Add-on payment, and lesser of 100% of billed charges. 100 percent of Medicaid DRG. Add-on payment, and lesser of 100% of billed charges.",,,,,,,,," ",,,,,,,,," ",,,,,,,,," ",,,,,,,,," ",,,,,,,,," ",,,,,,,,," ",,,,,,,,,".  ",,,,,,,,,".  ",287365.67,,,,,,,Case Rate,". 225 percent of Medicaid DRG. Add-on payment, and lesser of 100% of billed charges. 225 percent of Medicaid DRG. Add-on payment, and lesser of 100% of billed charges.",287365.67,,,,,,,Case Rate,". 225 percent of Medicaid DRG. Add-on payment, and lesser of 100% of billed charges. 225 percent of Medicaid DRG. Add-on payment, and lesser of 100% of billed charges.",287365.67,,,,,,,Case Rate,". 225 percent of Medicaid DRG. Add-on payment, and lesser of 100% of billed charges. 225 percent of Medicaid DRG. Add-on payment, and lesser of 100% of billed charges.",287365.67,,,,,,,Case Rate,". 225 percent of Medicaid DRG. Add-on payment, and lesser of 100% of billed charges. 225 percent of Medicaid DRG. Add-on payment, and lesser of 100% of billed charges.",287365.67,,,,,,,Case Rate,". 225 percent of Medicaid DRG. Add-on payment, and lesser of 100% of billed charges. 225 percent of Medicaid DRG. Add-on payment, and lesser of 100% of billed charges.",,,,,,,,," ",,,,,,,,,".  ",,,,,,,,," ",,,,,,,,," ",,,,,,,,," ",,,,,,,,," ",,,,,,,,," ",,,,,,,,," ",,,,,,,,," ",,,,,,,,," ",,,,,,,,," ",,,,,,,,," ",,,,,,,,,".  ",,,,,,,,,".  ",,,,,,,,,".  ",,,,,,,,,".  ",,,,,,,,,".  ",,,,,,,,,".  ",,,,,,,,," ",,,,,,,,," ",,,,,,,,," ",,,,,,,,,".  ",,,,,,,,,".  ",,,,,,,,,".  ",,,,,,,,,".  ",,,,,,,,,".  ",,,,,,,,," ",,,,,,,,,".  ",127718.07,,,,,,,Case Rate,". 100 percent of Medicaid DRG. Add-on payment, and lesser of 100% of billed charges. 100 percent of Medicaid DRG. Add-on payment, and lesser of 100% of billed charges.",,,,,,,,," ",,,,,,,,," ",,,,,,,,," ",127718.07,,,,,,,Case Rate,". 100 percent of Medicaid DRG. Add-on payment, and lesser of 100% of billed charges. 100 percent of Medicaid DRG. Add-on payment, and lesser of 100% of billed charges.",287365.67,,,,,,,Case Rate,". 225 percent of Medicaid DRG. Add-on payment, and lesser of 225% of billed charges. 225 percent of Medicaid DRG. Add-on payment, and lesser of 225% of billed charges.",287365.67,,,,,,,Case Rate,". 225 percent of Medicaid DRG. Add-on payment, and lesser of 225% of billed charges. 225 percent of Medicaid DRG. Add-on payment, and lesser of 225% of billed charges.",287365.67,,,,,,,Case Rate,". 225 percent of Medicaid DRG. Add-on payment, and lesser of 225% of billed charges. 225 percent of Medicaid DRG. Add-on payment, and lesser of 225% of billed charges.",287365.67,,,,,,,Case Rate,". 225 percent of Medicaid DRG. Add-on payment, and lesser of 225% of billed charges. 225 percent of Medicaid DRG. Add-on payment, and lesser of 225% of billed charges.",287365.67,,,,,,,Case Rate,". 225 percent of Medicaid DRG. Add-on payment, and lesser of 225% of billed charges. 225 percent of Medicaid DRG. Add-on payment, and lesser of 225% of billed charges.",,,,,,,,," ",127718.07,,,,,,,Case Rate,". 100 percent of Medicaid DRG. Add-on payment, and lesser of 100% of billed charges. 100 percent of Medicaid DRG. Add-on payment, and lesser of 100% of billed charges.",127718.07,,,,,,,Case Rate,". 100 percent of Medicaid DRG. Add-on payment, and lesser of 100% of billed charges. 100 percent of Medicaid DRG. Add-on payment, and lesser of 100% of billed charges.",287365.67,,,,,,,Case Rate,". 225 percent of Medicaid DRG. Add-on payment, and lesser of 225% of billed charges. 225 percent of Medicaid DRG. Add-on payment, and lesser of 225% of billed charges.",287365.67,,,,,,,Case Rate,". 225 percent of Medicaid DRG. Add-on payment, and lesser of 225% of billed charges. 225 percent of Medicaid DRG. Add-on payment, and lesser of 225% of billed charges.",127718.07,,,,,,,Case Rate,". 100 percent of Medicaid DRG. Add-on payment, and lesser of 100% of billed charges. 100 percent of Medicaid DRG. Add-on payment, and lesser of 100% of billed charges.",127718.07,,,,,,,Case Rate,". 100 percent of Medicaid DRG. Add-on payment, and lesser of 100% of billed charges. 100 percent of Medicaid DRG. Add-on payment, and lesser of 100% of billed charges.",287365.67,,,,,,,Case Rate,". 225 percent of Medicaid DRG. Add-on payment, and lesser of 100% of billed charges. 225 percent of Medicaid DRG. Add-on payment, and lesser of 100% of billed charges.",,,,,,,,," ",,,,,,,,," ",,,,,,,,,".  ",,,,,,,,," ",287365.67,,,,,,,Case Rate,". 225 percent of Medicaid DRG. Add-on payment, and lesser of 225% of billed charges. 225 percent of Medicaid DRG. Add-on payment, and lesser of 225% of billed charges.",287365.67,,,,,,,Case Rate,". 225 percent of Medicaid DRG. Add-on payment, and lesser of 225% of billed charges. 225 percent of Medicaid DRG. Add-on payment, and lesser of 225% of billed charges.",127718.07,,,,,,,Case Rate,". 100 percent of Medicaid DRG. Add-on payment, and lesser of 100% of billed charges. 100 percent of Medicaid DRG. Add-on payment, and lesser of 100% of billed charges.",127718.07,,,,,,,Case Rate,". 100 percent of Medicaid DRG. Add-on payment, and lesser of 100% of billed charges. 100 percent of Medicaid DRG. Add-on payment, and lesser of 100% of billed charges.",219681.36,,,,,,,Case Rate,". 225 percent of Medicaid DRG. Add-on payment, and lesser of 225% of billed charges. 225 percent of Medicaid DRG. Add-on payment, and lesser of 225% of billed charges.",127718.07,,,,,,,Case Rate,". 100 percent of Medicaid DRG. Add-on payment, and lesser of 100% of billed charges. 100 percent of Medicaid DRG. Add-on payment, and lesser of 100% of billed charges.",370382.42,,,,,,,Case Rate,". 290 percent of Medicaid DRG. Add-on payment, and lesser of 100% of billed charges. 290 percent of Medicaid DRG. Add-on payment, and lesser of 100% of billed charges.",370382.42,,,,,,,Case Rate,". 290 percent of Medicaid DRG. Add-on payment, and lesser of 100% of billed charges. 290 percent of Medicaid DRG. Add-on payment, and lesser of 100% of billed charges.",370382.42,,,,,,,Case Rate,". 290 percent of Medicaid DRG. Add-on payment, and lesser of 100% of billed charges. 290 percent of Medicaid DRG. Add-on payment, and lesser of 100% of billed charges.",370382.42,,,,,,,Case Rate,". 290 percent of Medicaid DRG. Add-on payment, and lesser of 100% of billed charges. 290 percent of Medicaid DRG. Add-on payment, and lesser of 100% of billed charges.",,,,,,,,," ",,,,,,,,,".  ",172419.4,,,,,,,Case Rate,"135% of Medicaid EP 1 and 2, 100% of medicaid EP 3 and 4.  ",172419.4,,,,,,,Case Rate,"135% of Medicaid EP 1 and 2, 100% of medicaid EP 3 and 4.  ",127718.07,,,,,,,Case Rate,". 100 percent of Medicaid DRG. Add-on payment, and lesser of 100% of billed charges. 100 percent of Medicaid DRG. Add-on payment, and lesser of 100% of billed charges.",127718.07,,,,,,,Case Rate,". 100 percent of Medicaid DRG. Add-on payment, and lesser of 100% of billed charges. 100 percent of Medicaid DRG. Add-on payment, and lesser of 100% of billed charges.",,,,,,,,,".  ",,,,,,,,,".  ",,,,,,,,," ",,,,,,,,,".  ",,,,,,,,,".  ",,,,,,,,,".  ",,,,,,,,,".  ",,,,,,,,," ",,,,,,,,,".  ",,,,,,,,,".  ",,,,,,,,,".  ",127718.07,,,,,,,Case Rate,". 100 percent of Medicaid DRG. Add-on payment, and lesser of 100% of billed charges. 100 percent of Medicaid DRG. Add-on payment, and lesser of 100% of billed charges.",127718.07,,,,,,,Case Rate,". 100 percent of Medicaid DRG. Add-on payment, and lesser of 100% of billed charges. 100 percent of Medicaid DRG. Add-on payment, and lesser of 100% of billed charges.",287365.67,,,,,,,Case Rate,". 225 percent of Medicaid DRG. Add-on payment, and lesser of 225% of billed charges. 225 percent of Medicaid DRG. Add-on payment, and lesser of 225% of billed charges.",219681.36,,,,,,,Case Rate,". 225 percent of Medicaid DRG. Add-on payment, and lesser of 225% of billed charges. 225 percent of Medicaid DRG. Add-on payment, and lesser of 225% of billed charges.",127718.07,,,,,,,Case Rate,". 100 percent of Medicaid DRG. Add-on payment, and lesser of 100% of billed charges. 100 percent of Medicaid DRG. Add-on payment, and lesser of 100% of billed charges.",287365.67,,,,,,,Case Rate,". 225 percent of Medicaid DRG. Add-on payment, and lesser of 225% of billed charges. 225 percent of Medicaid DRG. Add-on payment, and lesser of 225% of billed charges.",287365.67,,,,,,,Case Rate,". 225 percent of Medicaid DRG. Add-on payment, and lesser of 225% of billed charges. 225 percent of Medicaid DRG. Add-on payment, and lesser of 225% of billed charges.",287365.67,,,,,,,Case Rate,". 225 percent of Medicaid DRG. Add-on payment, and lesser of 225% of billed charges. 225 percent of Medicaid DRG. Add-on payment, and lesser of 225% of billed charges.",287365.67,,,,,,,Case Rate,". 225 percent of Medicaid DRG. Add-on payment, and lesser of 225% of billed charges. 225 percent of Medicaid DRG. Add-on payment, and lesser of 225% of billed charges.",287365.67,,,,,,,Case Rate,". 225 percent of Medicaid DRG. Add-on payment, and lesser of 225% of billed charges. 225 percent of Medicaid DRG. Add-on payment, and lesser of 225% of billed charges.",287365.67,,,,,,,Case Rate,". 225 percent of Medicaid DRG. Add-on payment, and lesser of 225% of billed charges. 225 percent of Medicaid DRG. Add-on payment, and lesser of 225% of billed charges.",,,,,,,,," ",,,,,,,,," ",,,,,,,,," ",,,,,,,,,".  ",,,,,,,,," ",,,,,,,,," ",,,,,,,,,".  ",,,,,,,,," ",,,,,,,,," ",172419.4,,,,,,,Case Rate,"135% of Medicaid EP 1 and 2, 100% of medicaid EP 3 and 4.  ",172419.4,,,,,,,Case Rate,"135% of Medicaid EP 1 and 2, 100% of medicaid EP 3 and 4.  ",127718.07,,,,,,,Case Rate,". 100 percent of Medicaid DRG. Add-on payment, and lesser of 100% of billed charges. 100 percent of Medicaid DRG. Add-on payment, and lesser of 100% of billed charges.",127718.07,,,,,,,Case Rate,". 100 percent of Medicaid DRG. Add-on payment, and lesser of 100% of billed charges. 100 percent of Medicaid DRG. Add-on payment, and lesser of 100% of billed charges.",127718.07,,,,,,,Case Rate,". 100 percent of Medicaid DRG. Add-on payment, and lesser of 100% of billed charges. 100 percent of Medicaid DRG. Add-on payment, and lesser of 100% of billed charges.",,,,,,,,," ",,,,,,,,,".  ",,,,,,,,," ",,,,,,,,,".  ",,,,,,,,," ",,,,,,,,," ",,,,,,,,," ",,,,,,,,," ",,,,,,,,," ",,,,,,,,," ",,,,,,,,," ",287365.67,,,,,,,Case Rate,". 225 percent of Medicaid DRG. Add-on payment, and lesser of 225% of billed charges. 225 percent of Medicaid DRG. Add-on payment, and lesser of 225% of billed charges.",127718.07,,,,,,,Case Rate,". 100 percent of Medicaid DRG. Add-on payment, and lesser of 100% of billed charges. 100 percent of Medicaid DRG. Add-on payment, and lesser of 100% of billed charges.",,,,,,,,,".  ",,,,,,,,," ",,,,,,,,," ",,,,,,,,," ",,,,,,,,," ",,,,,,,,," ",127718.07,,,,,,,Case Rate,". 100 percent of Medicaid DRG. Add-on payment, and lesser of 100% of billed charges. 100 percent of Medicaid DRG. Add-on payment, and lesser of 100% of billed charges.",,,,,,,,,".  ",127718.07,,,,,,,Case Rate,". 100 percent of Medicaid DRG. Add-on payment, and lesser of 100% of billed charges. 100 percent of Medicaid DRG. Add-on payment, and lesser of 100% of billed charges.",,,,,,,,," ",127718.07,,,,,,,Case Rate,". 100 percent of Medicaid DRG. Add-on payment, and lesser of 100% of billed charges. 100 percent of Medicaid DRG. Add-on payment, and lesser of 100% of billed charges.",,,,,,,,," ",,,,,,,,," ",127718.07,,,,,,,Case Rate,". 100 percent of Medicaid DRG. Add-on payment, and lesser of 100% of billed charges. 100 percent of Medicaid DRG. Add-on payment, and lesser of 100% of billed charges.",127718.07,,,,,,,Case Rate,". 100 percent of Medicaid DRG. Add-on payment, and lesser of 100% of billed charges. 100 percent of Medicaid DRG. Add-on payment, and lesser of 100% of billed charges.",,,,,,,,," ",,,,,,,,,".  ",,73,,,,,0,Percent of total billed charges,73 percent of charges.  ; No services were performed during the 15 month look back period.,,,,,,,,,".  ",,,,,,,,,".  ",,,,,,,,,".  ",,,,,,,,," ",,,,,,,,," ",,,,,,,,," ",,,,,,,,,".  ",,,,,,,,,".  ",,,,,,,,," ",,,,,,,,," ",,,,,,,,," ",,,,,,,,," ",,,,,,,,,".  ",,,,,,,,,".  ",,,,,,,,,".  ",,,,,,,,," ",,,,,,,,,".  ",,,,,,,,," ",127718.07,,,,,,,Case Rate,". 100 percent of Medicaid DRG. Add-on payment, and lesser of 100% of billed charges. 100 percent of Medicaid DRG. Add-on payment, and lesser of 100% of billed charges.",127718.07,,,,,,,Case Rate,". 100 percent of Medicaid DRG. Add-on payment, and lesser of 100% of billed charges. 100 percent of Medicaid DRG. Add-on payment, and lesser of 100% of billed charges.",,,,,,,,," ",,,,,,,,,".  ",,,,,,,,,".  ",,,,,,,,,".  ",,,,,,,,,".  ",,,,,,,,," ",134103.98,,,,,,,Case Rate,". 105 percent of Medicaid DRG. Add-on payment, and lesser of 100% of billed charges. 105 percent of Medicaid DRG. Add-on payment, and lesser of 100% of billed charges.",134103.98,,,,,,,Case Rate,". 105 percent of Medicaid DRG. Add-on payment, and lesser of 100% of billed charges. 105 percent of Medicaid DRG. Add-on payment, and lesser of 100% of billed charges.",134103.98,,,,,,,Case Rate,". 105 percent of Medicaid DRG. Add-on payment, and lesser of 100% of billed charges. 105 percent of Medicaid DRG. Add-on payment, and lesser of 100% of billed charges.",134103.98,,,,,,,Case Rate,". 105 percent of Medicaid DRG. Add-on payment, and lesser of 100% of billed charges. 105 percent of Medicaid DRG. Add-on payment, and lesser of 100% of billed charges.",,,,,,,,,".  ",134103.98,,,,,,,Case Rate,". 105 percent of Medicaid DRG. Add-on payment, and lesser of 100% of billed charges. 105 percent of Medicaid DRG. Add-on payment, and lesser of 100% of billed charges.",134103.98,,,,,,,Case Rate,". 105 percent of Medicaid DRG. Add-on payment, and lesser of 100% of billed charges. 105 percent of Medicaid DRG. Add-on payment, and lesser of 100% of billed charges.",134103.98,,,,,,,Case Rate,". 105 percent of Medicaid DRG. Add-on payment, and lesser of 100% of billed charges. 105 percent of Medicaid DRG. Add-on payment, and lesser of 100% of billed charges.",134103.98,,,,,,,Case Rate,". 105 percent of Medicaid DRG. Add-on payment, and lesser of 100% of billed charges. 105 percent of Medicaid DRG. Add-on payment, and lesser of 100% of billed charges.",134103.98,,,,,,,Case Rate,". 105 percent of Medicaid DRG. Add-on payment, and lesser of 100% of billed charges. 105 percent of Medicaid DRG. Add-on payment, and lesser of 100% of billed charges.",134103.98,,,,,,,Case Rate,". 105 percent of Medicaid DRG. Add-on payment, and lesser of 100% of billed charges. 105 percent of Medicaid DRG. Add-on payment, and lesser of 100% of billed charges.",134103.98,,,,,,,Case Rate,". 105 percent of Medicaid DRG. Add-on payment, and lesser of 100% of billed charges. 105 percent of Medicaid DRG. Add-on payment, and lesser of 100% of billed charges.",,,,,,,,," ",,,,,,,,,".  ",,,,,,,,," ",134103.98,,,,,,,Case Rate,". 105 percent of Medicaid DRG. Add-on payment, and lesser of 100% of billed charges. 105 percent of Medicaid DRG. Add-on payment, and lesser of 100% of billed charges.",,,,,,,,,".  ",,,,,,,,," ",,,,,,,,,".  ",,,,,,,,,".  ",,,,,,,,,".  ",134103.98,,,,,,,Case Rate,". 105 percent of Medicaid DRG. Add-on payment, and lesser of 100% of billed charges. 105 percent of Medicaid DRG. Add-on payment, and lesser of 100% of billed charges.",,,,,,,,," ",,,,,,,,,".  ",134103.98,,,,,,,Case Rate,". 105 percent of Medicaid DRG. Add-on payment, and lesser of 100% of billed charges. 105 percent of Medicaid DRG. Add-on payment, and lesser of 100% of billed charges.",,,,,,,,,".  ",,,,,,,,,".  ",,,,,,,,," ",,,,,,,,," ",,,,,,,,," ",,,,,,,,," ",,,,,,,,," ",,,,,,,,," ",,,,,,,,," ",,,,,,,,," ",,,,,,,,," ",,,,,,,,," ",,,,,,,,," ",,,,,,,,," ",,,,,,,,," ",,,,,,,,," ",,,,,,,,," ",,,,,,,,," ",287365.67,,,,,,,Case Rate,". 225 percent of Medicaid DRG. Add-on payment, and lesser of 225% of billed charges. 225 percent of Medicaid DRG. Add-on payment, and lesser of 225% of billed charges.",127718.07,,,,,,,Case Rate,". 100 percent of Medicaid DRG. Add-on payment, and lesser of 100% of billed charges. 100 percent of Medicaid DRG. Add-on payment, and lesser of 100% of billed charges.",,,,,,,,,".  ",,,,,,,,,".  ",,,,,,,,," ",,,,,,,,," ",,,,,,,,," ",,,,,,,,," ",,,,,,,,,".  ",,,,,,,,," ",,,,,,,,,".  ",,,,,,,,," ",,,,,,,,,".  ",,,,,,,,,".  ",,,,,,,,,".  ",,,,,,,,," ",127718.07,,,,,,,Case Rate,". 100 percent of Medicaid DRG. Add-on payment, and lesser of 100% of billed charges. 100 percent of Medicaid DRG. Add-on payment, and lesser of 100% of billed charges.",,,,,,,,," ",,,,,,,,,".  ",,,,,,,,,".  ",127718.07,,,,,,,Case Rate,". 100 percent of Medicaid DRG. Add-on payment, and lesser of 100% of billed charges. 100 percent of Medicaid DRG. Add-on payment, and lesser of 100% of billed charges.",,,,,,,,,".  ",127718.07,,,,,,,Case Rate,". 100 percent of Medicaid DRG. Add-on payment, and lesser of 100% of billed charges. 100 percent of Medicaid DRG. Add-on payment, and lesser of 100% of billed charges.",127718.07,,,,,,,Case Rate,". 100 percent of Medicaid DRG. Add-on payment, and lesser of 100% of billed charges. 100 percent of Medicaid DRG. Add-on payment, and lesser of 100% of billed charges.",,,,,,,,,".  ",,,,,,,,,".  ",,,,,,,,,".  ",,,,,,,,,".  ",,,,,,,,,".  ",,,,,,,,,".  ",,,,,,,,,".  ",,,,,,,,," ",,,,,,,,," ",,,,,,,,," ",127718.07,,,,,,,Case Rate,". 100 percent of Medicaid DRG. Add-on payment, and lesser of 100% of billed charges. 100 percent of Medicaid DRG. Add-on payment, and lesser of 100% of billed charges.",,,,,,,,,".  ",,,,,,,,,".  ",,,,,,,,,".  ",,,,,,,,,".  ",,,,,,,,,".  ",,,,,,,,,".  ",,,,,,,,,".  ",,,,,,,,,".  ",,,,,,,,,".  ",,,,,,,,,".  ",,,,,,,,," ",97636.16,370382.42,
APR608-3,DRG,,,,,APR608-3 NEONATE BWT 1250-1499G W OR W/O OTHER SIGNIFICANT CONDITION,,,Inpatient,,,,,,,,,,,,".  ",,,,,,,,,".  ",,,,,,,,,".  ",,100,,,,,0,Percent of total billed charges,100 percent of charges.  ; No services were performed during the 15 month look back period.,,,,,,,,," ",,,,,,,,,".  ",,,,,,,,,".  ",,,,,,,,,".  ",113578.47,,,,,,,Case Rate,". 155 percent of Medicaid DRG. Add-on payment, and lesser of 100% of billed charges. 155 percent of Medicaid DRG. Add-on payment, and lesser of 100% of billed charges.",73276.43,,,,,,,Case Rate,". 100 percent of Medicaid DRG. Add-on payment, and lesser of 100% of billed charges. 100 percent of Medicaid DRG. Add-on payment, and lesser of 100% of billed charges.",,73,,,,,0,Percent of total billed charges,73 percent of charges.  ; No services were performed during the 15 month look back period.,,,,,,,,,".  ",73276.43,,,,,,,Case Rate,". 100 percent of Medicaid DRG. Add-on payment, and lesser of 100% of billed charges. 100 percent of Medicaid DRG. Add-on payment, and lesser of 100% of billed charges.",,,,,,,,," ",,,,,,,,,".  ",,,,,,,,,".  ",,,,,,,,,".  ",,,,,,,,,".  ",73276.43,,,,,,,Case Rate,". 100 percent of Medicaid DRG. Add-on payment, and lesser of 100% of billed charges. 100 percent of Medicaid DRG. Add-on payment, and lesser of 100% of billed charges.",,,,,,,,," ",73276.43,,,,,,,Case Rate,". 100 percent of Medicaid DRG. Add-on payment, and lesser of 100% of billed charges. 100 percent of Medicaid DRG. Add-on payment, and lesser of 100% of billed charges.",,73,,,,,0,Percent of total billed charges,73 percent of charges.  ; No services were performed during the 15 month look back period.,,,,,,,,,".  ",,,,,,,,," ",,,,,,,,," ",,,,,,,,," ",,,,,,,,," ",,73,,,,,0,Percent of total billed charges,73 percent of charges.  ; No services were performed during the 15 month look back period.,73276.43,,,,,,,Case Rate,". 100 percent of Medicaid DRG. Add-on payment, and lesser of 100% of billed charges. 100 percent of Medicaid DRG. Add-on payment, and lesser of 100% of billed charges.",73276.43,,,,,,,Case Rate,". 100 percent of Medicaid DRG. Add-on payment, and lesser of 100% of billed charges. 100 percent of Medicaid DRG. Add-on payment, and lesser of 100% of billed charges.",73276.43,,,,,,,Case Rate,". 100 percent of Medicaid DRG. Add-on payment, and lesser of 100% of billed charges. 100 percent of Medicaid DRG. Add-on payment, and lesser of 100% of billed charges.",73276.43,,,,,,,Case Rate,". 100 percent of Medicaid DRG. Add-on payment, and lesser of 100% of billed charges. 100 percent of Medicaid DRG. Add-on payment, and lesser of 100% of billed charges.",,,,,,,,," ",,,,,,,,," ",73276.43,,,,,,,Case Rate,". 100 percent of Medicaid DRG. Add-on payment, and lesser of 100% of billed charges. 100 percent of Medicaid DRG. Add-on payment, and lesser of 100% of billed charges.",,,,,,,,," ",73276.43,,,,,,,Case Rate,". 100 percent of Medicaid DRG. Add-on payment, and lesser of 100% of billed charges. 100 percent of Medicaid DRG. Add-on payment, and lesser of 100% of billed charges.",,,,,,,,," ",,,,,,,,," ",,73,,,,,0,Percent of total billed charges,73 percent of charges.  ; No services were performed during the 15 month look back period.,73276.43,,,,,,,Case Rate,". 100 percent of Medicaid DRG. Add-on payment, and lesser of 100% of billed charges. 100 percent of Medicaid DRG. Add-on payment, and lesser of 100% of billed charges.",73276.43,,,,,,,Case Rate,". 100 percent of Medicaid DRG. Add-on payment, and lesser of 100% of billed charges. 100 percent of Medicaid DRG. Add-on payment, and lesser of 100% of billed charges.",,73,,,,,0,Percent of total billed charges,73 percent of charges.  ; No services were performed during the 15 month look back period.,,,,,,,,,".  ",,,,,,,,,".  ",,,,,,,,,".  ",,73,,,,,0,Percent of total billed charges,73 percent of charges.  ; No services were performed during the 15 month look back period.,,,,,,,,," ",,,,,,,,,".  ",,,,,,,,,".  ",,,,,,,,,".  ",,,,,,,,," ",,,,,,,,,".  ",,,,,,,,,".  ",,,,,,,,," ",,,,,,,,,".  ",,,,,,,,,".  ",,,,,,,,,".  ",,,,,,,,,".  ",,,,,,,,,".  ",,,,,,,,,".  ",,,,,,,,,".  ",,,,,,,,," ",,,,,,,,," ",,,,,,,,,".  ",,73,,,,,0,Percent of total billed charges,73 percent of charges.  ; No services were performed during the 15 month look back period.,,73,,,,,0,Percent of total billed charges,73 percent of charges.  ; No services were performed during the 15 month look back period.,,73,,,,,0,Percent of total billed charges,73 percent of charges.  ; No services were performed during the 15 month look back period.,,73,,,,,0,Percent of total billed charges,73 percent of charges.  ; No services were performed during the 15 month look back period.,,73,,,,,0,Percent of total billed charges,73 percent of charges.  ; No services were performed during the 15 month look back period.,,73,,,,,0,Percent of total billed charges,73 percent of charges.  ; No services were performed during the 15 month look back period.,,73,,,,,0,Percent of total billed charges,73 percent of charges.  ; No services were performed during the 15 month look back period.,,73,,,,,0,Percent of total billed charges,73 percent of charges.  ; No services were performed during the 15 month look back period.,,73,,,,,0,Percent of total billed charges,73 percent of charges.  ; No services were performed during the 15 month look back period.,,73,,,,,0,Percent of total billed charges,73 percent of charges.  ; No services were performed during the 15 month look back period.,,73,,,,,0,Percent of total billed charges,73 percent of charges.  ; No services were performed during the 15 month look back period.,,73,,,,,0,Percent of total billed charges,73 percent of charges.  ; No services were performed during the 15 month look back period.,,73,,,,,0,Percent of total billed charges,73 percent of charges.  ; No services were performed during the 15 month look back period.,,73,,,,,0,Percent of total billed charges,73 percent of charges.  ; No services were performed during the 15 month look back period.,,73,,,,,0,Percent of total billed charges,73 percent of charges.  ; No services were performed during the 15 month look back period.,,73,,,,,0,Percent of total billed charges,73 percent of charges.  ; No services were performed during the 15 month look back period.,,73,,,,,0,Percent of total billed charges,73 percent of charges.  ; No services were performed during the 15 month look back period.,,73,,,,,0,Percent of total billed charges,73 percent of charges.  ; No services were performed during the 15 month look back period.,,73,,,,,0,Percent of total billed charges,73 percent of charges.  ; No services were performed during the 15 month look back period.,,73,,,,,0,Percent of total billed charges,73 percent of charges.  ; No services were performed during the 15 month look back period.,,73,,,,,0,Percent of total billed charges,73 percent of charges.  ; No services were performed during the 15 month look back period.,,73,,,,,0,Percent of total billed charges,73 percent of charges.  ; No services were performed during the 15 month look back period.,,73,,,,,0,Percent of total billed charges,73 percent of charges.  ; No services were performed during the 15 month look back period.,,73,,,,,0,Percent of total billed charges,73 percent of charges.  ; No services were performed during the 15 month look back period.,,73,,,,,0,Percent of total billed charges,73 percent of charges.  ; No services were performed during the 15 month look back period.,,73,,,,,0,Percent of total billed charges,73 percent of charges.  ; No services were performed during the 15 month look back period.,,,,,,,,," ",,,,,,,,," ",,,,,,,,," ",,,,,,,,," ",,,,,,,,," ",,,,,,,,," ",,,,,,,,,".  ",,,,,,,,,".  ",,,,,,,,,".  ",,,,,,,,,".  ",,73,,,,,0,Percent of total billed charges,73 percent of charges.  ; No services were performed during the 15 month look back period.,,,,,,,,," ",,,,,,,,,".  ",,,,,,,,,".  ",,,,,,,,,".  ",,,,,,,,," ",,73,,,,,0,Percent of total billed charges,73 percent of charges.  ; No services were performed during the 15 month look back period.,73276.43,,,,,,,Case Rate,". 100 percent of Medicaid DRG. Add-on payment, and lesser of 100% of billed charges. 100 percent of Medicaid DRG. Add-on payment, and lesser of 100% of billed charges.",,,,,,,,," ",73276.43,,,,,,,Case Rate,". 100 percent of Medicaid DRG. Add-on payment, and lesser of 100% of billed charges. 100 percent of Medicaid DRG. Add-on payment, and lesser of 100% of billed charges.",,,,,,,,," ",,,,,,,,," ",,,,,,,,,".  ",,,,,,,,," ",,,,,,,,," ",73276.43,,,,,,,Case Rate,". 100 percent of Medicaid DRG. Add-on payment, and lesser of 100% of billed charges. 100 percent of Medicaid DRG. Add-on payment, and lesser of 100% of billed charges.",,,,,,,,," ",,,,,,,,," ",,,,,,,,,".  ",,,,,,,,,".  ",,,,,,,,," ",,,,,,,,,".  ",,,,,,,,,".  ",,,,,,,,,".  ",,,,,,,,," ",,,,,,,,,".  ",,,,,,,,,".  ",,,,,,,,,".  ",,,,,,,,,".  ",,73,,,,,0,Percent of total billed charges,73 percent of charges.  ; No services were performed during the 15 month look back period.,,73,,,,,0,Percent of total billed charges,73 percent of charges.  ; No services were performed during the 15 month look back period.,,73,,,,,0,Percent of total billed charges,73 percent of charges.  ; No services were performed during the 15 month look back period.,,73,,,,,0,Percent of total billed charges,73 percent of charges.  ; No services were performed during the 15 month look back period.,,73,,,,,0,Percent of total billed charges,73 percent of charges.  ; No services were performed during the 15 month look back period.,,73,,,,,0,Percent of total billed charges,73 percent of charges.  ; No services were performed during the 15 month look back period.,,73,,,,,0,Percent of total billed charges,73 percent of charges.  ; No services were performed during the 15 month look back period.,,73,,,,,0,Percent of total billed charges,73 percent of charges.  ; No services were performed during the 15 month look back period.,,73,,,,,0,Percent of total billed charges,73 percent of charges.  ; No services were performed during the 15 month look back period.,,73,,,,,0,Percent of total billed charges,73 percent of charges.  ; No services were performed during the 15 month look back period.,,73,,,,,0,Percent of total billed charges,73 percent of charges.  ; No services were performed during the 15 month look back period.,,,,,,,,," ",,,,,,,,,".  ",,,,,,,,,".  ",,,,,,,,," ",,,,,,,,,".  ",,,,,,,,,".  ",,,,,,,,,".  ",,73,,,,,0,Percent of total billed charges,73 percent of charges.  ; No services were performed during the 15 month look back period.,146552.87,,,,,,,Case Rate,". 200 percent of Medicaid DRG. Add-on payment, and lesser of 200% of billed charges. 200 percent of Medicaid DRG. Add-on payment, and lesser of 200% of billed charges.",,,,,,,,,".  ",73276.43,,,,,,,Case Rate,". 100 percent of Medicaid DRG. Add-on payment, and lesser of 100% of billed charges. 100 percent of Medicaid DRG. Add-on payment, and lesser of 100% of billed charges.",,,,,,,,," ",,,,,,,,," ",,,,,,,,," ",,,,,,,,," ",,,,,,,,," ",,,,,,,,," ",,,,,,,,,".  ",,,,,,,,,".  ",164871.98,,,,,,,Case Rate,". 225 percent of Medicaid DRG. Add-on payment, and lesser of 100% of billed charges. 225 percent of Medicaid DRG. Add-on payment, and lesser of 100% of billed charges.",164871.98,,,,,,,Case Rate,". 225 percent of Medicaid DRG. Add-on payment, and lesser of 100% of billed charges. 225 percent of Medicaid DRG. Add-on payment, and lesser of 100% of billed charges.",164871.98,,,,,,,Case Rate,". 225 percent of Medicaid DRG. Add-on payment, and lesser of 100% of billed charges. 225 percent of Medicaid DRG. Add-on payment, and lesser of 100% of billed charges.",164871.98,,,,,,,Case Rate,". 225 percent of Medicaid DRG. Add-on payment, and lesser of 100% of billed charges. 225 percent of Medicaid DRG. Add-on payment, and lesser of 100% of billed charges.",164871.98,,,,,,,Case Rate,". 225 percent of Medicaid DRG. Add-on payment, and lesser of 100% of billed charges. 225 percent of Medicaid DRG. Add-on payment, and lesser of 100% of billed charges.",,,,,,,,," ",,,,,,,,,".  ",,,,,,,,," ",,,,,,,,," ",,,,,,,,," ",,,,,,,,," ",,,,,,,,," ",,,,,,,,," ",,,,,,,,," ",,,,,,,,," ",,,,,,,,," ",,,,,,,,," ",,,,,,,,,".  ",,,,,,,,,".  ",,,,,,,,,".  ",,,,,,,,,".  ",,,,,,,,,".  ",,,,,,,,,".  ",,,,,,,,," ",,,,,,,,," ",,,,,,,,," ",,,,,,,,,".  ",,,,,,,,,".  ",,,,,,,,,".  ",,,,,,,,,".  ",,,,,,,,,".  ",,,,,,,,," ",,,,,,,,,".  ",73276.43,,,,,,,Case Rate,". 100 percent of Medicaid DRG. Add-on payment, and lesser of 100% of billed charges. 100 percent of Medicaid DRG. Add-on payment, and lesser of 100% of billed charges.",,,,,,,,," ",,,,,,,,," ",,,,,,,,," ",73276.43,,,,,,,Case Rate,". 100 percent of Medicaid DRG. Add-on payment, and lesser of 100% of billed charges. 100 percent of Medicaid DRG. Add-on payment, and lesser of 100% of billed charges.",164871.98,,,,,,,Case Rate,". 225 percent of Medicaid DRG. Add-on payment, and lesser of 225% of billed charges. 225 percent of Medicaid DRG. Add-on payment, and lesser of 225% of billed charges.",164871.98,,,,,,,Case Rate,". 225 percent of Medicaid DRG. Add-on payment, and lesser of 225% of billed charges. 225 percent of Medicaid DRG. Add-on payment, and lesser of 225% of billed charges.",164871.98,,,,,,,Case Rate,". 225 percent of Medicaid DRG. Add-on payment, and lesser of 225% of billed charges. 225 percent of Medicaid DRG. Add-on payment, and lesser of 225% of billed charges.",164871.98,,,,,,,Case Rate,". 225 percent of Medicaid DRG. Add-on payment, and lesser of 225% of billed charges. 225 percent of Medicaid DRG. Add-on payment, and lesser of 225% of billed charges.",164871.98,,,,,,,Case Rate,". 225 percent of Medicaid DRG. Add-on payment, and lesser of 225% of billed charges. 225 percent of Medicaid DRG. Add-on payment, and lesser of 225% of billed charges.",,,,,,,,," ",73276.43,,,,,,,Case Rate,". 100 percent of Medicaid DRG. Add-on payment, and lesser of 100% of billed charges. 100 percent of Medicaid DRG. Add-on payment, and lesser of 100% of billed charges.",73276.43,,,,,,,Case Rate,". 100 percent of Medicaid DRG. Add-on payment, and lesser of 100% of billed charges. 100 percent of Medicaid DRG. Add-on payment, and lesser of 100% of billed charges.",164871.98,,,,,,,Case Rate,". 225 percent of Medicaid DRG. Add-on payment, and lesser of 225% of billed charges. 225 percent of Medicaid DRG. Add-on payment, and lesser of 225% of billed charges.",164871.98,,,,,,,Case Rate,". 225 percent of Medicaid DRG. Add-on payment, and lesser of 225% of billed charges. 225 percent of Medicaid DRG. Add-on payment, and lesser of 225% of billed charges.",73276.43,,,,,,,Case Rate,". 100 percent of Medicaid DRG. Add-on payment, and lesser of 100% of billed charges. 100 percent of Medicaid DRG. Add-on payment, and lesser of 100% of billed charges.",73276.43,,,,,,,Case Rate,". 100 percent of Medicaid DRG. Add-on payment, and lesser of 100% of billed charges. 100 percent of Medicaid DRG. Add-on payment, and lesser of 100% of billed charges.",164871.98,,,,,,,Case Rate,". 225 percent of Medicaid DRG. Add-on payment, and lesser of 100% of billed charges. 225 percent of Medicaid DRG. Add-on payment, and lesser of 100% of billed charges.",,,,,,,,," ",,,,,,,,," ",,,,,,,,,".  ",,,,,,,,," ",164871.98,,,,,,,Case Rate,". 225 percent of Medicaid DRG. Add-on payment, and lesser of 225% of billed charges. 225 percent of Medicaid DRG. Add-on payment, and lesser of 225% of billed charges.",164871.98,,,,,,,Case Rate,". 225 percent of Medicaid DRG. Add-on payment, and lesser of 225% of billed charges. 225 percent of Medicaid DRG. Add-on payment, and lesser of 225% of billed charges.",73276.43,,,,,,,Case Rate,". 100 percent of Medicaid DRG. Add-on payment, and lesser of 100% of billed charges. 100 percent of Medicaid DRG. Add-on payment, and lesser of 100% of billed charges.",73276.43,,,,,,,Case Rate,". 100 percent of Medicaid DRG. Add-on payment, and lesser of 100% of billed charges. 100 percent of Medicaid DRG. Add-on payment, and lesser of 100% of billed charges.",124904.11,,,,,,,Case Rate,". 225 percent of Medicaid DRG. Add-on payment, and lesser of 225% of billed charges. 225 percent of Medicaid DRG. Add-on payment, and lesser of 225% of billed charges.",73276.43,,,,,,,Case Rate,". 100 percent of Medicaid DRG. Add-on payment, and lesser of 100% of billed charges. 100 percent of Medicaid DRG. Add-on payment, and lesser of 100% of billed charges.",212501.66,,,,,,,Case Rate,". 290 percent of Medicaid DRG. Add-on payment, and lesser of 100% of billed charges. 290 percent of Medicaid DRG. Add-on payment, and lesser of 100% of billed charges.",212501.66,,,,,,,Case Rate,". 290 percent of Medicaid DRG. Add-on payment, and lesser of 100% of billed charges. 290 percent of Medicaid DRG. Add-on payment, and lesser of 100% of billed charges.",212501.66,,,,,,,Case Rate,". 290 percent of Medicaid DRG. Add-on payment, and lesser of 100% of billed charges. 290 percent of Medicaid DRG. Add-on payment, and lesser of 100% of billed charges.",212501.66,,,,,,,Case Rate,". 290 percent of Medicaid DRG. Add-on payment, and lesser of 100% of billed charges. 290 percent of Medicaid DRG. Add-on payment, and lesser of 100% of billed charges.",,,,,,,,," ",,,,,,,,,".  ",98923.19,,,,,,,Case Rate,"135% of Medicaid EP 1 and 2, 100% of medicaid EP 3 and 4.  ",98923.19,,,,,,,Case Rate,"135% of Medicaid EP 1 and 2, 100% of medicaid EP 3 and 4.  ",73276.43,,,,,,,Case Rate,". 100 percent of Medicaid DRG. Add-on payment, and lesser of 100% of billed charges. 100 percent of Medicaid DRG. Add-on payment, and lesser of 100% of billed charges.",73276.43,,,,,,,Case Rate,". 100 percent of Medicaid DRG. Add-on payment, and lesser of 100% of billed charges. 100 percent of Medicaid DRG. Add-on payment, and lesser of 100% of billed charges.",,,,,,,,,".  ",,,,,,,,,".  ",,,,,,,,," ",,,,,,,,,".  ",,,,,,,,,".  ",,,,,,,,,".  ",,,,,,,,,".  ",,,,,,,,," ",,,,,,,,,".  ",,,,,,,,,".  ",,,,,,,,,".  ",73276.43,,,,,,,Case Rate,". 100 percent of Medicaid DRG. Add-on payment, and lesser of 100% of billed charges. 100 percent of Medicaid DRG. Add-on payment, and lesser of 100% of billed charges.",73276.43,,,,,,,Case Rate,". 100 percent of Medicaid DRG. Add-on payment, and lesser of 100% of billed charges. 100 percent of Medicaid DRG. Add-on payment, and lesser of 100% of billed charges.",164871.98,,,,,,,Case Rate,". 225 percent of Medicaid DRG. Add-on payment, and lesser of 225% of billed charges. 225 percent of Medicaid DRG. Add-on payment, and lesser of 225% of billed charges.",124904.11,,,,,,,Case Rate,". 225 percent of Medicaid DRG. Add-on payment, and lesser of 225% of billed charges. 225 percent of Medicaid DRG. Add-on payment, and lesser of 225% of billed charges.",73276.43,,,,,,,Case Rate,". 100 percent of Medicaid DRG. Add-on payment, and lesser of 100% of billed charges. 100 percent of Medicaid DRG. Add-on payment, and lesser of 100% of billed charges.",164871.98,,,,,,,Case Rate,". 225 percent of Medicaid DRG. Add-on payment, and lesser of 225% of billed charges. 225 percent of Medicaid DRG. Add-on payment, and lesser of 225% of billed charges.",164871.98,,,,,,,Case Rate,". 225 percent of Medicaid DRG. Add-on payment, and lesser of 225% of billed charges. 225 percent of Medicaid DRG. Add-on payment, and lesser of 225% of billed charges.",164871.98,,,,,,,Case Rate,". 225 percent of Medicaid DRG. Add-on payment, and lesser of 225% of billed charges. 225 percent of Medicaid DRG. Add-on payment, and lesser of 225% of billed charges.",164871.98,,,,,,,Case Rate,". 225 percent of Medicaid DRG. Add-on payment, and lesser of 225% of billed charges. 225 percent of Medicaid DRG. Add-on payment, and lesser of 225% of billed charges.",164871.98,,,,,,,Case Rate,". 225 percent of Medicaid DRG. Add-on payment, and lesser of 225% of billed charges. 225 percent of Medicaid DRG. Add-on payment, and lesser of 225% of billed charges.",164871.98,,,,,,,Case Rate,". 225 percent of Medicaid DRG. Add-on payment, and lesser of 225% of billed charges. 225 percent of Medicaid DRG. Add-on payment, and lesser of 225% of billed charges.",,,,,,,,," ",,,,,,,,," ",,,,,,,,," ",,,,,,,,,".  ",,,,,,,,," ",,,,,,,,," ",,,,,,,,,".  ",,,,,,,,," ",,,,,,,,," ",98923.19,,,,,,,Case Rate,"135% of Medicaid EP 1 and 2, 100% of medicaid EP 3 and 4.  ",98923.19,,,,,,,Case Rate,"135% of Medicaid EP 1 and 2, 100% of medicaid EP 3 and 4.  ",73276.43,,,,,,,Case Rate,". 100 percent of Medicaid DRG. Add-on payment, and lesser of 100% of billed charges. 100 percent of Medicaid DRG. Add-on payment, and lesser of 100% of billed charges.",73276.43,,,,,,,Case Rate,". 100 percent of Medicaid DRG. Add-on payment, and lesser of 100% of billed charges. 100 percent of Medicaid DRG. Add-on payment, and lesser of 100% of billed charges.",73276.43,,,,,,,Case Rate,". 100 percent of Medicaid DRG. Add-on payment, and lesser of 100% of billed charges. 100 percent of Medicaid DRG. Add-on payment, and lesser of 100% of billed charges.",,,,,,,,," ",,,,,,,,,".  ",,,,,,,,," ",,,,,,,,,".  ",,,,,,,,," ",,,,,,,,," ",,,,,,,,," ",,,,,,,,," ",,,,,,,,," ",,,,,,,,," ",,,,,,,,," ",164871.98,,,,,,,Case Rate,". 225 percent of Medicaid DRG. Add-on payment, and lesser of 225% of billed charges. 225 percent of Medicaid DRG. Add-on payment, and lesser of 225% of billed charges.",73276.43,,,,,,,Case Rate,". 100 percent of Medicaid DRG. Add-on payment, and lesser of 100% of billed charges. 100 percent of Medicaid DRG. Add-on payment, and lesser of 100% of billed charges.",,,,,,,,,".  ",,,,,,,,," ",,,,,,,,," ",,,,,,,,," ",,,,,,,,," ",,,,,,,,," ",73276.43,,,,,,,Case Rate,". 100 percent of Medicaid DRG. Add-on payment, and lesser of 100% of billed charges. 100 percent of Medicaid DRG. Add-on payment, and lesser of 100% of billed charges.",,,,,,,,,".  ",73276.43,,,,,,,Case Rate,". 100 percent of Medicaid DRG. Add-on payment, and lesser of 100% of billed charges. 100 percent of Medicaid DRG. Add-on payment, and lesser of 100% of billed charges.",,,,,,,,," ",73276.43,,,,,,,Case Rate,". 100 percent of Medicaid DRG. Add-on payment, and lesser of 100% of billed charges. 100 percent of Medicaid DRG. Add-on payment, and lesser of 100% of billed charges.",,,,,,,,," ",,,,,,,,," ",73276.43,,,,,,,Case Rate,". 100 percent of Medicaid DRG. Add-on payment, and lesser of 100% of billed charges. 100 percent of Medicaid DRG. Add-on payment, and lesser of 100% of billed charges.",73276.43,,,,,,,Case Rate,". 100 percent of Medicaid DRG. Add-on payment, and lesser of 100% of billed charges. 100 percent of Medicaid DRG. Add-on payment, and lesser of 100% of billed charges.",,,,,,,,," ",,,,,,,,,".  ",,73,,,,,0,Percent of total billed charges,73 percent of charges.  ; No services were performed during the 15 month look back period.,,,,,,,,,".  ",,,,,,,,,".  ",,,,,,,,,".  ",,,,,,,,," ",,,,,,,,," ",,,,,,,,," ",,,,,,,,,".  ",,,,,,,,,".  ",,,,,,,,," ",,,,,,,,," ",,,,,,,,," ",,,,,,,,," ",,,,,,,,,".  ",,,,,,,,,".  ",,,,,,,,,".  ",,,,,,,,," ",,,,,,,,,".  ",,,,,,,,," ",73276.43,,,,,,,Case Rate,". 100 percent of Medicaid DRG. Add-on payment, and lesser of 100% of billed charges. 100 percent of Medicaid DRG. Add-on payment, and lesser of 100% of billed charges.",73276.43,,,,,,,Case Rate,". 100 percent of Medicaid DRG. Add-on payment, and lesser of 100% of billed charges. 100 percent of Medicaid DRG. Add-on payment, and lesser of 100% of billed charges.",,,,,,,,," ",,,,,,,,,".  ",,,,,,,,,".  ",,,,,,,,,".  ",,,,,,,,,".  ",,,,,,,,," ",76940.26,,,,,,,Case Rate,". 105 percent of Medicaid DRG. Add-on payment, and lesser of 100% of billed charges. 105 percent of Medicaid DRG. Add-on payment, and lesser of 100% of billed charges.",76940.26,,,,,,,Case Rate,". 105 percent of Medicaid DRG. Add-on payment, and lesser of 100% of billed charges. 105 percent of Medicaid DRG. Add-on payment, and lesser of 100% of billed charges.",76940.26,,,,,,,Case Rate,". 105 percent of Medicaid DRG. Add-on payment, and lesser of 100% of billed charges. 105 percent of Medicaid DRG. Add-on payment, and lesser of 100% of billed charges.",76940.26,,,,,,,Case Rate,". 105 percent of Medicaid DRG. Add-on payment, and lesser of 100% of billed charges. 105 percent of Medicaid DRG. Add-on payment, and lesser of 100% of billed charges.",,,,,,,,,".  ",76940.26,,,,,,,Case Rate,". 105 percent of Medicaid DRG. Add-on payment, and lesser of 100% of billed charges. 105 percent of Medicaid DRG. Add-on payment, and lesser of 100% of billed charges.",76940.26,,,,,,,Case Rate,". 105 percent of Medicaid DRG. Add-on payment, and lesser of 100% of billed charges. 105 percent of Medicaid DRG. Add-on payment, and lesser of 100% of billed charges.",76940.26,,,,,,,Case Rate,". 105 percent of Medicaid DRG. Add-on payment, and lesser of 100% of billed charges. 105 percent of Medicaid DRG. Add-on payment, and lesser of 100% of billed charges.",76940.26,,,,,,,Case Rate,". 105 percent of Medicaid DRG. Add-on payment, and lesser of 100% of billed charges. 105 percent of Medicaid DRG. Add-on payment, and lesser of 100% of billed charges.",76940.26,,,,,,,Case Rate,". 105 percent of Medicaid DRG. Add-on payment, and lesser of 100% of billed charges. 105 percent of Medicaid DRG. Add-on payment, and lesser of 100% of billed charges.",76940.26,,,,,,,Case Rate,". 105 percent of Medicaid DRG. Add-on payment, and lesser of 100% of billed charges. 105 percent of Medicaid DRG. Add-on payment, and lesser of 100% of billed charges.",76940.26,,,,,,,Case Rate,". 105 percent of Medicaid DRG. Add-on payment, and lesser of 100% of billed charges. 105 percent of Medicaid DRG. Add-on payment, and lesser of 100% of billed charges.",,,,,,,,," ",,,,,,,,,".  ",,,,,,,,," ",76940.26,,,,,,,Case Rate,". 105 percent of Medicaid DRG. Add-on payment, and lesser of 100% of billed charges. 105 percent of Medicaid DRG. Add-on payment, and lesser of 100% of billed charges.",,,,,,,,,".  ",,,,,,,,," ",,,,,,,,,".  ",,,,,,,,,".  ",,,,,,,,,".  ",76940.26,,,,,,,Case Rate,". 105 percent of Medicaid DRG. Add-on payment, and lesser of 100% of billed charges. 105 percent of Medicaid DRG. Add-on payment, and lesser of 100% of billed charges.",,,,,,,,," ",,,,,,,,,".  ",76940.26,,,,,,,Case Rate,". 105 percent of Medicaid DRG. Add-on payment, and lesser of 100% of billed charges. 105 percent of Medicaid DRG. Add-on payment, and lesser of 100% of billed charges.",,,,,,,,,".  ",,,,,,,,,".  ",,,,,,,,," ",,,,,,,,," ",,,,,,,,," ",,,,,,,,," ",,,,,,,,," ",,,,,,,,," ",,,,,,,,," ",,,,,,,,," ",,,,,,,,," ",,,,,,,,," ",,,,,,,,," ",,,,,,,,," ",,,,,,,,," ",,,,,,,,," ",,,,,,,,," ",,,,,,,,," ",164871.98,,,,,,,Case Rate,". 225 percent of Medicaid DRG. Add-on payment, and lesser of 225% of billed charges. 225 percent of Medicaid DRG. Add-on payment, and lesser of 225% of billed charges.",73276.43,,,,,,,Case Rate,". 100 percent of Medicaid DRG. Add-on payment, and lesser of 100% of billed charges. 100 percent of Medicaid DRG. Add-on payment, and lesser of 100% of billed charges.",,,,,,,,,".  ",,,,,,,,,".  ",,,,,,,,," ",,,,,,,,," ",,,,,,,,," ",,,,,,,,," ",,,,,,,,,".  ",,,,,,,,," ",,,,,,,,,".  ",,,,,,,,," ",,,,,,,,,".  ",,,,,,,,,".  ",,,,,,,,,".  ",,,,,,,,," ",73276.43,,,,,,,Case Rate,". 100 percent of Medicaid DRG. Add-on payment, and lesser of 100% of billed charges. 100 percent of Medicaid DRG. Add-on payment, and lesser of 100% of billed charges.",,,,,,,,," ",,,,,,,,,".  ",,,,,,,,,".  ",73276.43,,,,,,,Case Rate,". 100 percent of Medicaid DRG. Add-on payment, and lesser of 100% of billed charges. 100 percent of Medicaid DRG. Add-on payment, and lesser of 100% of billed charges.",,,,,,,,,".  ",73276.43,,,,,,,Case Rate,". 100 percent of Medicaid DRG. Add-on payment, and lesser of 100% of billed charges. 100 percent of Medicaid DRG. Add-on payment, and lesser of 100% of billed charges.",73276.43,,,,,,,Case Rate,". 100 percent of Medicaid DRG. Add-on payment, and lesser of 100% of billed charges. 100 percent of Medicaid DRG. Add-on payment, and lesser of 100% of billed charges.",,,,,,,,,".  ",,,,,,,,,".  ",,,,,,,,,".  ",,,,,,,,,".  ",,,,,,,,,".  ",,,,,,,,,".  ",,,,,,,,,".  ",,,,,,,,," ",,,,,,,,," ",,,,,,,,," ",73276.43,,,,,,,Case Rate,". 100 percent of Medicaid DRG. Add-on payment, and lesser of 100% of billed charges. 100 percent of Medicaid DRG. Add-on payment, and lesser of 100% of billed charges.",,,,,,,,,".  ",,,,,,,,,".  ",,,,,,,,,".  ",,,,,,,,,".  ",,,,,,,,,".  ",,,,,,,,,".  ",,,,,,,,,".  ",,,,,,,,,".  ",,,,,,,,,".  ",,,,,,,,,".  ",,,,,,,,," ",55512.94,212501.7,
APR639-2,DRG,,,,,APR639-2 NEONATE BIRTHWT >2499G W OTHER SIGNIFICANT CONDITION,,,Inpatient,,,,,,,,,,,,".  ",,,,,,,,,".  ",,,,,,,,,". GMLOS + 8 Outlier per Diem $6,968.00. Add-on payment, and lesser of 100% of billed charges. GMLOS + 8 Outlier per Diem $6,968.00. Add-on payment, and lesser of 100% of billed charges.",,100,,,,,0,Percent of total billed charges,100 percent of charges.  ; No services were performed during the 15 month look back period.,,,,,,,,,". 100 percent of Medicare DRG. Add-on payment,  . 100 percent of Medicare DRG. Add-on payment,  .",,,,,,,,,". GMLOS + 8 Outlier per Diem $6,968.00. Add-on payment, and lesser of 100% of billed charges. GMLOS + 8 Outlier per Diem $6,968.00. Add-on payment, and lesser of 100% of billed charges.",,,,,,,,,". GMLOS + 8 Outlier per Diem $6,968.00. Add-on payment, and lesser of 100% of billed charges. GMLOS + 8 Outlier per Diem $6,968.00. Add-on payment, and lesser of 100% of billed charges.",,,,,,,,,". GMLOS + 8 Outlier per Diem $6,968.00. Add-on payment, and lesser of 100% of billed charges. GMLOS + 8 Outlier per Diem $6,968.00. Add-on payment, and lesser of 100% of billed charges.",25833.02,,,,,,,Case Rate,". 155 percent of Medicaid DRG. Add-on payment, and lesser of 100% of billed charges. 155 percent of Medicaid DRG. Add-on payment, and lesser of 100% of billed charges.",16666.47,,,,,,,Case Rate,". 100 percent of Medicaid DRG. Add-on payment, and lesser of 100% of billed charges. 100 percent of Medicaid DRG. Add-on payment, and lesser of 100% of billed charges.",,73,,,,,0,Percent of total billed charges,73 percent of charges.  ; No services were performed during the 15 month look back period.,,,,,,,,,".  ",16666.47,,,,,,,Case Rate,". 100 percent of Medicaid DRG. Add-on payment, and lesser of 100% of billed charges. 100 percent of Medicaid DRG. Add-on payment, and lesser of 100% of billed charges.",,,,,,,,,". 100 percent of Medicare DRG. Add-on payment,  . 100 percent of Medicare DRG. Add-on payment,  .",,,,,,,,,".  ",,,,,,,,,".  ",,,,,,,,,".  ",,,,,,,,,".  ",16666.47,,,,,,,Case Rate,". 100 percent of Medicaid DRG. Add-on payment, and lesser of 100% of billed charges. 100 percent of Medicaid DRG. Add-on payment, and lesser of 100% of billed charges.",,,,,,,,,". 100 percent of Medicare DRG. Add-on payment,  . 100 percent of Medicare DRG. Add-on payment,  .",16666.47,,,,,,,Case Rate,". 100 percent of Medicaid DRG. Add-on payment, and lesser of 100% of billed charges. 100 percent of Medicaid DRG. Add-on payment, and lesser of 100% of billed charges.",,73,,,,,0,Percent of total billed charges,73 percent of charges.  ; No services were performed during the 15 month look back period.,,,,,,,,,". GMLOS + 8 Outlier per Diem $6,968.00. Add-on payment, and lesser of 100% of billed charges. GMLOS + 8 Outlier per Diem $6,968.00. Add-on payment, and lesser of 100% of billed charges.",,,,,,,,,". 100 percent of Medicare DRG. Add-on payment, and lesser of 100% of billed charges. 100 percent of Medicare DRG. Add-on payment, and lesser of 100% of billed charges.",,,,,,,,," ",,,,,,,,,". 100 percent of Medicare DRG. Add-on payment, and lesser of 100% of billed charges. 100 percent of Medicare DRG. Add-on payment, and lesser of 100% of billed charges.",,,,,,,,,". 100 percent of Medicare DRG. Add-on payment, and lesser of 100% of billed charges. 100 percent of Medicare DRG. Add-on payment, and lesser of 100% of billed charges.",,73,,,,,0,Percent of total billed charges,73 percent of charges.  ; No services were performed during the 15 month look back period.,16666.47,,,,,,,Case Rate,". 100 percent of Medicaid DRG. Add-on payment, and lesser of 100% of billed charges. 100 percent of Medicaid DRG. Add-on payment, and lesser of 100% of billed charges.",16666.47,,,,,,,Case Rate,". 100 percent of Medicaid DRG. Add-on payment, and lesser of 100% of billed charges. 100 percent of Medicaid DRG. Add-on payment, and lesser of 100% of billed charges.",16666.47,,,,,,,Case Rate,". 100 percent of Medicaid DRG. Add-on payment, and lesser of 100% of billed charges. 100 percent of Medicaid DRG. Add-on payment, and lesser of 100% of billed charges.",16666.47,,,,,,,Case Rate,". 100 percent of Medicaid DRG. Add-on payment, and lesser of 100% of billed charges. 100 percent of Medicaid DRG. Add-on payment, and lesser of 100% of billed charges.",,,,,,,,," ",,,,,,,,," ",16666.47,,,,,,,Case Rate,". 100 percent of Medicaid DRG. Add-on payment, and lesser of 100% of billed charges. 100 percent of Medicaid DRG. Add-on payment, and lesser of 100% of billed charges.",,,,,,,,," ",16666.47,,,,,,,Case Rate,". 100 percent of Medicaid DRG. Add-on payment, and lesser of 100% of billed charges. 100 percent of Medicaid DRG. Add-on payment, and lesser of 100% of billed charges.",,,,,,,,,". 100 percent of Medicare DRG. Add-on payment, . 100 percent of Medicare DRG. Add-on payment, .",,,,,,,,," ",,73,,,,,0,Percent of total billed charges,73 percent of charges.  ; No services were performed during the 15 month look back period.,16666.47,,,,,,,Case Rate,". 100 percent of Medicaid DRG. Add-on payment, and lesser of 100% of billed charges. 100 percent of Medicaid DRG. Add-on payment, and lesser of 100% of billed charges.",16666.47,,,,,,,Case Rate,". 100 percent of Medicaid DRG. Add-on payment, and lesser of 100% of billed charges. 100 percent of Medicaid DRG. Add-on payment, and lesser of 100% of billed charges.",,73,,,,,0,Percent of total billed charges,73 percent of charges.  ; No services were performed during the 15 month look back period.,,,,,,,,,".  ",,,,,,,,,".  ",,,,,,,,,".  ",,73,,,,,0,Percent of total billed charges,73 percent of charges.  ; No services were performed during the 15 month look back period.,,,,,,,,,". 100 percent of Medicare DRG. Add-on payment,  . 100 percent of Medicare DRG. Add-on payment,  .",,,,,,,,,".  ",,,,,,,,,".  ",,,,,,,,,".  ",,,,,,,,,". 100 percent of Medicare DRG. Add-on payment,  . 100 percent of Medicare DRG. Add-on payment,  .",,,,,,,,,".  ",,,,,,,,,".  ",,,,,,,,,". 100 percent of Medicare DRG. Add-on payment, and lesser of 100% of billed charges. 100 percent of Medicare DRG. Add-on payment, and lesser of 100% of billed charges.",,,,,,,,,".  ",,,,,,,,,".  ",,,,,,,,,".  ",,,,,,,,,".  ",,,,,,,,,".  ",,,,,,,,,".  ",,,,,,,,,".  ",,,,,,,,,". 100 percent of Medicare DRG. Add-on payment,  . 100 percent of Medicare DRG. Add-on payment,  .",,,,,,,,,". 100 percent of Medicare DRG. Add-on payment,  . 100 percent of Medicare DRG. Add-on payment,  .",,,,,,,,,".  ",,73,,,,,0,Percent of total billed charges,73 percent of charges.  ; No services were performed during the 15 month look back period.,,73,,,,,0,Percent of total billed charges,73 percent of charges.  ; No services were performed during the 15 month look back period.,,73,,,,,0,Percent of total billed charges,73 percent of charges.  ; No services were performed during the 15 month look back period.,,73,,,,,0,Percent of total billed charges,73 percent of charges.  ; No services were performed during the 15 month look back period.,,73,,,,,0,Percent of total billed charges,73 percent of charges.  ; No services were performed during the 15 month look back period.,,73,,,,,0,Percent of total billed charges,73 percent of charges.  ; No services were performed during the 15 month look back period.,,73,,,,,0,Percent of total billed charges,73 percent of charges.  ; No services were performed during the 15 month look back period.,,73,,,,,0,Percent of total billed charges,73 percent of charges.  ; No services were performed during the 15 month look back period.,,73,,,,,0,Percent of total billed charges,73 percent of charges.  ; No services were performed during the 15 month look back period.,,73,,,,,0,Percent of total billed charges,73 percent of charges.  ; No services were performed during the 15 month look back period.,,73,,,,,0,Percent of total billed charges,73 percent of charges.  ; No services were performed during the 15 month look back period.,,73,,,,,0,Percent of total billed charges,73 percent of charges.  ; No services were performed during the 15 month look back period.,,73,,,,,0,Percent of total billed charges,73 percent of charges.  ; No services were performed during the 15 month look back period.,,73,,,,,0,Percent of total billed charges,73 percent of charges.  ; No services were performed during the 15 month look back period.,,73,,,,,0,Percent of total billed charges,73 percent of charges.  ; No services were performed during the 15 month look back period.,,73,,,,,0,Percent of total billed charges,73 percent of charges.  ; No services were performed during the 15 month look back period.,,73,,,,,0,Percent of total billed charges,73 percent of charges.  ; No services were performed during the 15 month look back period.,,73,,,,,0,Percent of total billed charges,73 percent of charges.  ; No services were performed during the 15 month look back period.,,73,,,,,0,Percent of total billed charges,73 percent of charges.  ; No services were performed during the 15 month look back period.,,73,,,,,0,Percent of total billed charges,73 percent of charges.  ; No services were performed during the 15 month look back period.,,73,,,,,0,Percent of total billed charges,73 percent of charges.  ; No services were performed during the 15 month look back period.,,73,,,,,0,Percent of total billed charges,73 percent of charges.  ; No services were performed during the 15 month look back period.,,73,,,,,0,Percent of total billed charges,73 percent of charges.  ; No services were performed during the 15 month look back period.,,73,,,,,0,Percent of total billed charges,73 percent of charges.  ; No services were performed during the 15 month look back period.,,73,,,,,0,Percent of total billed charges,73 percent of charges.  ; No services were performed during the 15 month look back period.,,73,,,,,0,Percent of total billed charges,73 percent of charges.  ; No services were performed during the 15 month look back period.,,,,,,,,," ",,,,,,,,," ",,,,,,,,," ",,,,,,,,," ",,,,,,,,," ",,,,,,,,," ",,,,,,,,,".  ",,,,,,,,,".  ",,,,,,,,,".  ",,,,,,,,,".  ",,73,,,,,0,Percent of total billed charges,73 percent of charges.  ; No services were performed during the 15 month look back period.,,,,,,,,," ",,,,,,,,,".  ",,,,,,,,,".  ",,,,,,,,,".  ",,,,,,,,," ",,73,,,,,0,Percent of total billed charges,73 percent of charges.  ; No services were performed during the 15 month look back period.,16666.47,,,,,,,Case Rate,". 100 percent of Medicaid DRG. Add-on payment, and lesser of 100% of billed charges. 100 percent of Medicaid DRG. Add-on payment, and lesser of 100% of billed charges.",,,,,,,,," ",16666.47,,,,,,,Case Rate,". 100 percent of Medicaid DRG. Add-on payment, and lesser of 100% of billed charges. 100 percent of Medicaid DRG. Add-on payment, and lesser of 100% of billed charges.",,,,,,,,,". 100 percent of Medicare DRG. Add-on payment, . 100 percent of Medicare DRG. Add-on payment, .",,,,,,,,,". 100 percent of Medicare DRG. Add-on payment,  . 100 percent of Medicare DRG. Add-on payment,  .",,,,,,,,,".  ",,,,,,,,,". 100 percent of Medicare DRG. Add-on payment,  . 100 percent of Medicare DRG. Add-on payment,  .",,,,,,,,,". 100 percent of Medicare DRG. Add-on payment,  . 100 percent of Medicare DRG. Add-on payment,  .",16666.47,,,,,,,Case Rate,". 100 percent of Medicaid DRG. Add-on payment, and lesser of 100% of billed charges. 100 percent of Medicaid DRG. Add-on payment, and lesser of 100% of billed charges.",,,,,,,,,". 100 percent of Medicare DRG. Add-on payment,  . 100 percent of Medicare DRG. Add-on payment,  .",,,,,,,,,". 100 percent of Medicare DRG. Add-on payment,  . 100 percent of Medicare DRG. Add-on payment,  .",,,,,,,,,". GMLOS + 8 Outlier per Diem $6,968.00. Add-on payment, and lesser of 100% of billed charges. GMLOS + 8 Outlier per Diem $6,968.00. Add-on payment, and lesser of 100% of billed charges.",,,,,,,,,". GMLOS + 8 Outlier per Diem $6,968.00. Add-on payment, and lesser of 100% of billed charges. GMLOS + 8 Outlier per Diem $6,968.00. Add-on payment, and lesser of 100% of billed charges.",,,,,,,,,". 100 percent of Medicare DRG. Add-on payment,  . 100 percent of Medicare DRG. Add-on payment,  .",,,,,,,,,".  ",,,,,,,,,".  ",,,,,,,,,".  ",,,,,,,,,". 100 percent of Medicare DRG. Add-on payment,  . 100 percent of Medicare DRG. Add-on payment,  .",,,,,,,,,".  ",,,,,,,,,". GMLOS + 8 Outlier per Diem $6,968.00. Add-on payment, and lesser of 100% of billed charges. GMLOS + 8 Outlier per Diem $6,968.00. Add-on payment, and lesser of 100% of billed charges.",,,,,,,,,". GMLOS + 8 Outlier per Diem $6,968.00. Add-on payment, and lesser of 100% of billed charges. GMLOS + 8 Outlier per Diem $6,968.00. Add-on payment, and lesser of 100% of billed charges.",,,,,,,,,". GMLOS + 8 Outlier per Diem $6,968.00. Add-on payment, and lesser of 100% of billed charges. GMLOS + 8 Outlier per Diem $6,968.00. Add-on payment, and lesser of 100% of billed charges.",,73,,,,,0,Percent of total billed charges,73 percent of charges.  ; No services were performed during the 15 month look back period.,,73,,,,,0,Percent of total billed charges,73 percent of charges.  ; No services were performed during the 15 month look back period.,,73,,,,,0,Percent of total billed charges,73 percent of charges.  ; No services were performed during the 15 month look back period.,,73,,,,,0,Percent of total billed charges,73 percent of charges.  ; No services were performed during the 15 month look back period.,,73,,,,,0,Percent of total billed charges,73 percent of charges.  ; No services were performed during the 15 month look back period.,,73,,,,,0,Percent of total billed charges,73 percent of charges.  ; No services were performed during the 15 month look back period.,,73,,,,,0,Percent of total billed charges,73 percent of charges.  ; No services were performed during the 15 month look back period.,,73,,,,,0,Percent of total billed charges,73 percent of charges.  ; No services were performed during the 15 month look back period.,,73,,,,,0,Percent of total billed charges,73 percent of charges.  ; No services were performed during the 15 month look back period.,,73,,,,,0,Percent of total billed charges,73 percent of charges.  ; No services were performed during the 15 month look back period.,,73,,,,,0,Percent of total billed charges,73 percent of charges.  ; No services were performed during the 15 month look back period.,,,,,,,,," ",,,,,,,,,".  ",,,,,,,,,".  ",,,,,,,,,". 100 percent of Medicare DRG. Add-on payment,  . 100 percent of Medicare DRG. Add-on payment,  .",,,,,,,,,". GMLOS + 8 Outlier per Diem $6,968.00. Add-on payment, and lesser of 100% of billed charges. GMLOS + 8 Outlier per Diem $6,968.00. Add-on payment, and lesser of 100% of billed charges.",,,,,,,,,".  ",,,,,,,,,".  ",,73,,,,,0,Percent of total billed charges,73 percent of charges.  ; No services were performed during the 15 month look back period.,33332.94,,,,,,,Case Rate,". 200 percent of Medicaid DRG. Add-on payment, and lesser of 200% of billed charges. 200 percent of Medicaid DRG. Add-on payment, and lesser of 200% of billed charges.",,,,,,,,,".  ",16666.47,,,,,,,Case Rate,". 100 percent of Medicaid DRG. Add-on payment, and lesser of 100% of billed charges. 100 percent of Medicaid DRG. Add-on payment, and lesser of 100% of billed charges.",,,,,,,,,". 100 percent of Medicare DRG. Add-on payment,  . 100 percent of Medicare DRG. Add-on payment,  .",,,,,,,,,". 100 percent of Medicare DRG. Add-on payment,  . 100 percent of Medicare DRG. Add-on payment,  .",,,,,,,,,". 100 percent of Medicare DRG. Add-on payment,  . 100 percent of Medicare DRG. Add-on payment,  .",,,,,,,,,". 100 percent of Medicare DRG. Add-on payment,  . 100 percent of Medicare DRG. Add-on payment,  .",,,,,,,,,". 100 percent of Medicare DRG. Add-on payment,  . 100 percent of Medicare DRG. Add-on payment,  .",,,,,,,,,". 100 percent of Medicare DRG. Add-on payment,  . 100 percent of Medicare DRG. Add-on payment,  .",,,,,,,,,".  ",,,,,,,,,".  ",37499.55,,,,,,,Case Rate,". 225 percent of Medicaid DRG. Add-on payment, and lesser of 100% of billed charges. 225 percent of Medicaid DRG. Add-on payment, and lesser of 100% of billed charges.",37499.55,,,,,,,Case Rate,". 225 percent of Medicaid DRG. Add-on payment, and lesser of 100% of billed charges. 225 percent of Medicaid DRG. Add-on payment, and lesser of 100% of billed charges.",37499.55,,,,,,,Case Rate,". 225 percent of Medicaid DRG. Add-on payment, and lesser of 100% of billed charges. 225 percent of Medicaid DRG. Add-on payment, and lesser of 100% of billed charges.",37499.55,,,,,,,Case Rate,". 225 percent of Medicaid DRG. Add-on payment, and lesser of 100% of billed charges. 225 percent of Medicaid DRG. Add-on payment, and lesser of 100% of billed charges.",37499.55,,,,,,,Case Rate,". 225 percent of Medicaid DRG. Add-on payment, and lesser of 100% of billed charges. 225 percent of Medicaid DRG. Add-on payment, and lesser of 100% of billed charges.",,,,,,,,," ",,,,,,,,,".  ",,,,,,,,," ",,,,,,,,," ",,,,,,,,," ",,,,,,,,," ",,,,,,,,," ",,,,,,,,,". 100 percent of Medicare DRG. Add-on payment,  . 100 percent of Medicare DRG. Add-on payment,  .",,,,,,,,," ",,,,,,,,," ",,,,,,,,," ",,,,,,,,," ",,,,,,,,,". GMLOS + 8 Outlier per Diem $6,968.00. Add-on payment, and lesser of 100% of billed charges. GMLOS + 8 Outlier per Diem $6,968.00. Add-on payment, and lesser of 100% of billed charges.",,,,,,,,,". GMLOS + 8 Outlier per Diem $6,968.00. Add-on payment, and lesser of 100% of billed charges. GMLOS + 8 Outlier per Diem $6,968.00. Add-on payment, and lesser of 100% of billed charges.",,,,,,,,,". GMLOS + 8 Outlier per Diem $6,968.00. Add-on payment, and lesser of 100% of billed charges. GMLOS + 8 Outlier per Diem $6,968.00. Add-on payment, and lesser of 100% of billed charges.",,,,,,,,,". GMLOS + 8 Outlier per Diem $6,968.00. Add-on payment, and lesser of 100% of billed charges. GMLOS + 8 Outlier per Diem $6,968.00. Add-on payment, and lesser of 100% of billed charges.",,,,,,,,,".  ",,,,,,,,,".  ",,,,,,,,,". 100 percent of Medicare DRG. Add-on payment,  . 100 percent of Medicare DRG. Add-on payment,  .",,,,,,,,,". 100 percent of Medicare DRG. Add-on payment,  . 100 percent of Medicare DRG. Add-on payment,  .",,,,,,,,,". 100 percent of Medicare DRG. Add-on payment,  . 100 percent of Medicare DRG. Add-on payment,  .",,,,,,,,,".  ",,,,,,,,,".  ",,,,,,,,,".  ",,,,,,,,,".  ",,,,,,,,,". GMLOS + 8 Outlier per Diem $6,968.00. Add-on payment, and lesser of 100% of billed charges. GMLOS + 8 Outlier per Diem $6,968.00. Add-on payment, and lesser of 100% of billed charges.",,,,,,,,,". 100 percent of Medicare DRG. Add-on payment,  . 100 percent of Medicare DRG. Add-on payment,  .",,,,,,,,,".  ",16666.47,,,,,,,Case Rate,". 100 percent of Medicaid DRG. Add-on payment, and lesser of 100% of billed charges. 100 percent of Medicaid DRG. Add-on payment, and lesser of 100% of billed charges.",,,,,,,,,". 100 percent of Medicare DRG. Add-on payment, and lesser of 100% of billed charges. 100 percent of Medicare DRG. Add-on payment, and lesser of 100% of billed charges.",,,,,,,,,". 100 percent of Medicare DRG. Add-on payment, and lesser of 100% of billed charges. 100 percent of Medicare DRG. Add-on payment, and lesser of 100% of billed charges.",,,,,,,,,". 100 percent of Medicare DRG. Add-on payment, and lesser of 100% of billed charges. 100 percent of Medicare DRG. Add-on payment, and lesser of 100% of billed charges.",16666.47,,,,,,,Case Rate,". 100 percent of Medicaid DRG. Add-on payment, and lesser of 100% of billed charges. 100 percent of Medicaid DRG. Add-on payment, and lesser of 100% of billed charges.",37499.55,,,,,,,Case Rate,". 225 percent of Medicaid DRG. Add-on payment, and lesser of 225% of billed charges. 225 percent of Medicaid DRG. Add-on payment, and lesser of 225% of billed charges.",37499.55,,,,,,,Case Rate,". 225 percent of Medicaid DRG. Add-on payment, and lesser of 225% of billed charges. 225 percent of Medicaid DRG. Add-on payment, and lesser of 225% of billed charges.",37499.55,,,,,,,Case Rate,". 225 percent of Medicaid DRG. Add-on payment, and lesser of 225% of billed charges. 225 percent of Medicaid DRG. Add-on payment, and lesser of 225% of billed charges.",37499.55,,,,,,,Case Rate,". 225 percent of Medicaid DRG. Add-on payment, and lesser of 225% of billed charges. 225 percent of Medicaid DRG. Add-on payment, and lesser of 225% of billed charges.",37499.55,,,,,,,Case Rate,". 225 percent of Medicaid DRG. Add-on payment, and lesser of 225% of billed charges. 225 percent of Medicaid DRG. Add-on payment, and lesser of 225% of billed charges.",,,,,,,,,". 100 percent of Medicare DRG. Add-on payment, and lesser of 100% of billed charges. 100 percent of Medicare DRG. Add-on payment, and lesser of 100% of billed charges.",16666.47,,,,,,,Case Rate,". 100 percent of Medicaid DRG. Add-on payment, and lesser of 100% of billed charges. 100 percent of Medicaid DRG. Add-on payment, and lesser of 100% of billed charges.",16666.47,,,,,,,Case Rate,". 100 percent of Medicaid DRG. Add-on payment, and lesser of 100% of billed charges. 100 percent of Medicaid DRG. Add-on payment, and lesser of 100% of billed charges.",37499.55,,,,,,,Case Rate,". 225 percent of Medicaid DRG. Add-on payment, and lesser of 225% of billed charges. 225 percent of Medicaid DRG. Add-on payment, and lesser of 225% of billed charges.",37499.55,,,,,,,Case Rate,". 225 percent of Medicaid DRG. Add-on payment, and lesser of 225% of billed charges. 225 percent of Medicaid DRG. Add-on payment, and lesser of 225% of billed charges.",16666.47,,,,,,,Case Rate,". 100 percent of Medicaid DRG. Add-on payment, and lesser of 100% of billed charges. 100 percent of Medicaid DRG. Add-on payment, and lesser of 100% of billed charges.",16666.47,,,,,,,Case Rate,". 100 percent of Medicaid DRG. Add-on payment, and lesser of 100% of billed charges. 100 percent of Medicaid DRG. Add-on payment, and lesser of 100% of billed charges.",37499.55,,,,,,,Case Rate,". 225 percent of Medicaid DRG. Add-on payment, and lesser of 100% of billed charges. 225 percent of Medicaid DRG. Add-on payment, and lesser of 100% of billed charges.",,,,,,,,,". 100 percent of Medicare DRG. Add-on payment,  . 100 percent of Medicare DRG. Add-on payment,  .",,,,,,,,,". 100 percent of Medicare DRG. Add-on payment,  . 100 percent of Medicare DRG. Add-on payment,  .",,,,,,,,,". GMLOS + 8 Outlier per Diem $6,968.00. Add-on payment, and lesser of 100% of billed charges. GMLOS + 8 Outlier per Diem $6,968.00. Add-on payment, and lesser of 100% of billed charges.",,,,,,,,,". 100 percent of Medicare DRG. Add-on payment,  . 100 percent of Medicare DRG. Add-on payment,  .",37499.55,,,,,,,Case Rate,". 225 percent of Medicaid DRG. Add-on payment, and lesser of 225% of billed charges. 225 percent of Medicaid DRG. Add-on payment, and lesser of 225% of billed charges.",37499.55,,,,,,,Case Rate,". 225 percent of Medicaid DRG. Add-on payment, and lesser of 225% of billed charges. 225 percent of Medicaid DRG. Add-on payment, and lesser of 225% of billed charges.",16666.47,,,,,,,Case Rate,". 100 percent of Medicaid DRG. Add-on payment, and lesser of 100% of billed charges. 100 percent of Medicaid DRG. Add-on payment, and lesser of 100% of billed charges.",16666.47,,,,,,,Case Rate,". 100 percent of Medicaid DRG. Add-on payment, and lesser of 100% of billed charges. 100 percent of Medicaid DRG. Add-on payment, and lesser of 100% of billed charges.",26352.03,,,,,,,Case Rate,". 225 percent of Medicaid DRG. Add-on payment, and lesser of 225% of billed charges. 225 percent of Medicaid DRG. Add-on payment, and lesser of 225% of billed charges.",16666.47,,,,,,,Case Rate,". 100 percent of Medicaid DRG. Add-on payment, and lesser of 100% of billed charges. 100 percent of Medicaid DRG. Add-on payment, and lesser of 100% of billed charges.",48332.76,,,,,,,Case Rate,". 290 percent of Medicaid DRG. Add-on payment, and lesser of 100% of billed charges. 290 percent of Medicaid DRG. Add-on payment, and lesser of 100% of billed charges.",48332.76,,,,,,,Case Rate,". 290 percent of Medicaid DRG. Add-on payment, and lesser of 100% of billed charges. 290 percent of Medicaid DRG. Add-on payment, and lesser of 100% of billed charges.",48332.76,,,,,,,Case Rate,". 290 percent of Medicaid DRG. Add-on payment, and lesser of 100% of billed charges. 290 percent of Medicaid DRG. Add-on payment, and lesser of 100% of billed charges.",48332.76,,,,,,,Case Rate,". 290 percent of Medicaid DRG. Add-on payment, and lesser of 100% of billed charges. 290 percent of Medicaid DRG. Add-on payment, and lesser of 100% of billed charges.",,,,,,,,," ",,,,,,,,,".  ",22499.73,,,,,,,Case Rate,"135% of Medicaid EP 1 and 2, 100% of medicaid EP 3 and 4.  ",22499.73,,,,,,,Case Rate,"135% of Medicaid EP 1 and 2, 100% of medicaid EP 3 and 4.  ",16666.47,,,,,,,Case Rate,". 100 percent of Medicaid DRG. Add-on payment, and lesser of 100% of billed charges. 100 percent of Medicaid DRG. Add-on payment, and lesser of 100% of billed charges.",16666.47,,,,,,,Case Rate,". 100 percent of Medicaid DRG. Add-on payment, and lesser of 100% of billed charges. 100 percent of Medicaid DRG. Add-on payment, and lesser of 100% of billed charges.",,,,,,,,,".  ",,,,,,,,,".  ",,,,,,,,,". 100 percent of Medicare DRG. Add-on payment,  . 100 percent of Medicare DRG. Add-on payment,  .",,,,,,,,,".  ",,,,,,,,,".  ",,,,,,,,,".  ",,,,,,,,,".  ",,,,,,,,,". 100 percent of Medicare DRG. Add-on payment,  . 100 percent of Medicare DRG. Add-on payment,  .",,,,,,,,,".  ",,,,,,,,,".  ",,,,,,,,,". GMLOS + 8 Outlier per Diem $6,968.00. Add-on payment, and lesser of 100% of billed charges. GMLOS + 8 Outlier per Diem $6,968.00. Add-on payment, and lesser of 100% of billed charges.",16666.47,,,,,,,Case Rate,". 100 percent of Medicaid DRG. Add-on payment, and lesser of 100% of billed charges. 100 percent of Medicaid DRG. Add-on payment, and lesser of 100% of billed charges.",16666.47,,,,,,,Case Rate,". 100 percent of Medicaid DRG. Add-on payment, and lesser of 100% of billed charges. 100 percent of Medicaid DRG. Add-on payment, and lesser of 100% of billed charges.",37499.55,,,,,,,Case Rate,". 225 percent of Medicaid DRG. Add-on payment, and lesser of 225% of billed charges. 225 percent of Medicaid DRG. Add-on payment, and lesser of 225% of billed charges.",26352.03,,,,,,,Case Rate,". 225 percent of Medicaid DRG. Add-on payment, and lesser of 225% of billed charges. 225 percent of Medicaid DRG. Add-on payment, and lesser of 225% of billed charges.",16666.47,,,,,,,Case Rate,". 100 percent of Medicaid DRG. Add-on payment, and lesser of 100% of billed charges. 100 percent of Medicaid DRG. Add-on payment, and lesser of 100% of billed charges.",37499.55,,,,,,,Case Rate,". 225 percent of Medicaid DRG. Add-on payment, and lesser of 225% of billed charges. 225 percent of Medicaid DRG. Add-on payment, and lesser of 225% of billed charges.",37499.55,,,,,,,Case Rate,". 225 percent of Medicaid DRG. Add-on payment, and lesser of 225% of billed charges. 225 percent of Medicaid DRG. Add-on payment, and lesser of 225% of billed charges.",37499.55,,,,,,,Case Rate,". 225 percent of Medicaid DRG. Add-on payment, and lesser of 225% of billed charges. 225 percent of Medicaid DRG. Add-on payment, and lesser of 225% of billed charges.",37499.55,,,,,,,Case Rate,". 225 percent of Medicaid DRG. Add-on payment, and lesser of 225% of billed charges. 225 percent of Medicaid DRG. Add-on payment, and lesser of 225% of billed charges.",37499.55,,,,,,,Case Rate,". 225 percent of Medicaid DRG. Add-on payment, and lesser of 225% of billed charges. 225 percent of Medicaid DRG. Add-on payment, and lesser of 225% of billed charges.",37499.55,,,,,,,Case Rate,". 225 percent of Medicaid DRG. Add-on payment, and lesser of 225% of billed charges. 225 percent of Medicaid DRG. Add-on payment, and lesser of 225% of billed charges.",,,,,,,,," ",,,,,,,,," ",,,,,,,,," ",,,,,,,,,".  ",,,,,,,,," ",,,,,,,,,". 100 percent of Medicare DRG. Add-on payment,  . 100 percent of Medicare DRG. Add-on payment,  .",,,,,,,,,".  ",,,,,,,,,". 100 percent of Medicare DRG. Add-on payment,  . 100 percent of Medicare DRG. Add-on payment,  .",,,,,,,,,". 100 percent of Medicare DRG. Add-on payment,  . 100 percent of Medicare DRG. Add-on payment,  .",22499.73,,,,,,,Case Rate,"135% of Medicaid EP 1 and 2, 100% of medicaid EP 3 and 4.  ",22499.73,,,,,,,Case Rate,"135% of Medicaid EP 1 and 2, 100% of medicaid EP 3 and 4.  ",16666.47,,,,,,,Case Rate,". 100 percent of Medicaid DRG. Add-on payment, and lesser of 100% of billed charges. 100 percent of Medicaid DRG. Add-on payment, and lesser of 100% of billed charges.",16666.47,,,,,,,Case Rate,". 100 percent of Medicaid DRG. Add-on payment, and lesser of 100% of billed charges. 100 percent of Medicaid DRG. Add-on payment, and lesser of 100% of billed charges.",16666.47,,,,,,,Case Rate,". 100 percent of Medicaid DRG. Add-on payment, and lesser of 100% of billed charges. 100 percent of Medicaid DRG. Add-on payment, and lesser of 100% of billed charges.",,,,,,,,," ",,,,,,,,,". GMLOS + 8 Outlier per Diem $6,968.00. Add-on payment, and lesser of 100% of billed charges. GMLOS + 8 Outlier per Diem $6,968.00. Add-on payment, and lesser of 100% of billed charges.",,,,,,,,," ",,,,,,,,,".  ",,,,,,,,,". 100 percent of Medicare DRG. Add-on payment, . 100 percent of Medicare DRG. Add-on payment, .",,,,,,,,,". 100 percent of Medicare DRG. Add-on payment,  . 100 percent of Medicare DRG. Add-on payment,  .",,,,,,,,,". 100 percent of Medicare DRG. Add-on payment,  . 100 percent of Medicare DRG. Add-on payment,  .",,,,,,,,,". 100 percent of Medicare DRG. Add-on payment,  . 100 percent of Medicare DRG. Add-on payment,  .",,,,,,,,,". 100 percent of Medicare DRG. Add-on payment, . 100 percent of Medicare DRG. Add-on payment, .",,,,,,,,,". 100 percent of Medicare DRG. Add-on payment,  . 100 percent of Medicare DRG. Add-on payment,  .",,,,,,,,," ",37499.55,,,,,,,Case Rate,". 225 percent of Medicaid DRG. Add-on payment, and lesser of 225% of billed charges. 225 percent of Medicaid DRG. Add-on payment, and lesser of 225% of billed charges.",16666.47,,,,,,,Case Rate,". 100 percent of Medicaid DRG. Add-on payment, and lesser of 100% of billed charges. 100 percent of Medicaid DRG. Add-on payment, and lesser of 100% of billed charges.",,,,,,,,,".  ",,,,,,,,," ",,,,,,,,," ",,,,,,,,," ",,,,,,,,," ",,,,,,,,,". 100 percent of Medicare DRG. Add-on payment,  . 100 percent of Medicare DRG. Add-on payment,  .",16666.47,,,,,,,Case Rate,". 100 percent of Medicaid DRG. Add-on payment, and lesser of 100% of billed charges. 100 percent of Medicaid DRG. Add-on payment, and lesser of 100% of billed charges.",,,,,,,,,".  ",16666.47,,,,,,,Case Rate,". 100 percent of Medicaid DRG. Add-on payment, and lesser of 100% of billed charges. 100 percent of Medicaid DRG. Add-on payment, and lesser of 100% of billed charges.",,,,,,,,,". 100 percent of Medicare DRG. Add-on payment,  . 100 percent of Medicare DRG. Add-on payment,  .",16666.47,,,,,,,Case Rate,". 100 percent of Medicaid DRG. Add-on payment, and lesser of 100% of billed charges. 100 percent of Medicaid DRG. Add-on payment, and lesser of 100% of billed charges.",,,,,,,,,". 100 percent of Medicare DRG. Add-on payment,  . 100 percent of Medicare DRG. Add-on payment,  .",,,,,,,,,". 100 percent of Medicare DRG. Add-on payment,  . 100 percent of Medicare DRG. Add-on payment,  .",16666.47,,,,,,,Case Rate,". 100 percent of Medicaid DRG. Add-on payment, and lesser of 100% of billed charges. 100 percent of Medicaid DRG. Add-on payment, and lesser of 100% of billed charges.",16666.47,,,,,,,Case Rate,". 100 percent of Medicaid DRG. Add-on payment, and lesser of 100% of billed charges. 100 percent of Medicaid DRG. Add-on payment, and lesser of 100% of billed charges.",,,,,,,,," ",,,,,,,,,".  ",,73,,,,,0,Percent of total billed charges,73 percent of charges.  ; No services were performed during the 15 month look back period.,,,,,,,,,".  ",,,,,,,,,".  ",,,,,,,,,". GMLOS + 8 Outlier per Diem $6,968.00. Add-on payment, and lesser of 100% of billed charges. GMLOS + 8 Outlier per Diem $6,968.00. Add-on payment, and lesser of 100% of billed charges.",,,,,,,,,". 93 percent of Medicare DRG. Add-on payment, and lesser of 100% of billed charges. 93 percent of Medicare DRG. Add-on payment, and lesser of 100% of billed charges.",,,,,,,,," ",,,,,,,,," ",,,,,,,,,".  ",,,,,,,,,".  ",,,,,,,,,". 100 percent of Medicare DRG. Add-on payment,  . 100 percent of Medicare DRG. Add-on payment,  .",,,,,,,,,". 100 percent of Medicare DRG. Add-on payment,  . 100 percent of Medicare DRG. Add-on payment,  .",,,,,,,,,". 100 percent of Medicare DRG. Add-on payment,  . 100 percent of Medicare DRG. Add-on payment,  .",,,,,,,,,". 100 percent of Medicare DRG. Add-on payment,  . 100 percent of Medicare DRG. Add-on payment,  .",,,,,,,,,".  ",,,,,,,,,".  ",,,,,,,,,".  ",,,,,,,,,". 100 percent of Medicare DRG. Add-on payment,  . 100 percent of Medicare DRG. Add-on payment,  .",,,,,,,,,".  ",,,,,,,,," ",16666.47,,,,,,,Case Rate,". 100 percent of Medicaid DRG. Add-on payment, and lesser of 100% of billed charges. 100 percent of Medicaid DRG. Add-on payment, and lesser of 100% of billed charges.",16666.47,,,,,,,Case Rate,". 100 percent of Medicaid DRG. Add-on payment, and lesser of 100% of billed charges. 100 percent of Medicaid DRG. Add-on payment, and lesser of 100% of billed charges.",,,,,,,,," ",,,,,,,,,".  ",,,,,,,,,".  ",,,,,,,,,".  ",,,,,,,,,".  ",,,,,,,,,". 100 percent of Medicare DRG. Add-on payment, . 100 percent of Medicare DRG. Add-on payment, .",17499.79,,,,,,,Case Rate,". 105 percent of Medicaid DRG. Add-on payment, and lesser of 100% of billed charges. 105 percent of Medicaid DRG. Add-on payment, and lesser of 100% of billed charges.",17499.79,,,,,,,Case Rate,". 105 percent of Medicaid DRG. Add-on payment, and lesser of 100% of billed charges. 105 percent of Medicaid DRG. Add-on payment, and lesser of 100% of billed charges.",17499.79,,,,,,,Case Rate,". 105 percent of Medicaid DRG. Add-on payment, and lesser of 100% of billed charges. 105 percent of Medicaid DRG. Add-on payment, and lesser of 100% of billed charges.",17499.79,,,,,,,Case Rate,". 105 percent of Medicaid DRG. Add-on payment, and lesser of 100% of billed charges. 105 percent of Medicaid DRG. Add-on payment, and lesser of 100% of billed charges.",,,,,,,,,".  ",17499.79,,,,,,,Case Rate,". 105 percent of Medicaid DRG. Add-on payment, and lesser of 100% of billed charges. 105 percent of Medicaid DRG. Add-on payment, and lesser of 100% of billed charges.",17499.79,,,,,,,Case Rate,". 105 percent of Medicaid DRG. Add-on payment, and lesser of 100% of billed charges. 105 percent of Medicaid DRG. Add-on payment, and lesser of 100% of billed charges.",17499.79,,,,,,,Case Rate,". 105 percent of Medicaid DRG. Add-on payment, and lesser of 100% of billed charges. 105 percent of Medicaid DRG. Add-on payment, and lesser of 100% of billed charges.",17499.79,,,,,,,Case Rate,". 105 percent of Medicaid DRG. Add-on payment, and lesser of 100% of billed charges. 105 percent of Medicaid DRG. Add-on payment, and lesser of 100% of billed charges.",17499.79,,,,,,,Case Rate,". 105 percent of Medicaid DRG. Add-on payment, and lesser of 100% of billed charges. 105 percent of Medicaid DRG. Add-on payment, and lesser of 100% of billed charges.",17499.79,,,,,,,Case Rate,". 105 percent of Medicaid DRG. Add-on payment, and lesser of 100% of billed charges. 105 percent of Medicaid DRG. Add-on payment, and lesser of 100% of billed charges.",17499.79,,,,,,,Case Rate,". 105 percent of Medicaid DRG. Add-on payment, and lesser of 100% of billed charges. 105 percent of Medicaid DRG. Add-on payment, and lesser of 100% of billed charges.",,,,,,,,,". 100 percent of Medicare DRG. Add-on payment,  . 100 percent of Medicare DRG. Add-on payment,  .",,,,,,,,,".  ",,,,,,,,,". 100 percent of Medicare DRG. Add-on payment,  . 100 percent of Medicare DRG. Add-on payment,  .",17499.79,,,,,,,Case Rate,". 105 percent of Medicaid DRG. Add-on payment, and lesser of 100% of billed charges. 105 percent of Medicaid DRG. Add-on payment, and lesser of 100% of billed charges.",,,,,,,,,".  ",,,,,,,,,". 100 percent of Medicare DRG. Add-on payment,  . 100 percent of Medicare DRG. Add-on payment,  .",,,,,,,,,".  ",,,,,,,,,".  ",,,,,,,,,".  ",17499.79,,,,,,,Case Rate,". 105 percent of Medicaid DRG. Add-on payment, and lesser of 100% of billed charges. 105 percent of Medicaid DRG. Add-on payment, and lesser of 100% of billed charges.",,,,,,,,,". 100 percent of Medicare DRG. Add-on payment,  . 100 percent of Medicare DRG. Add-on payment,  .",,,,,,,,,".  ",17499.79,,,,,,,Case Rate,". 105 percent of Medicaid DRG. Add-on payment, and lesser of 100% of billed charges. 105 percent of Medicaid DRG. Add-on payment, and lesser of 100% of billed charges.",,,,,,,,,".  ",,,,,,,,,". Delay in Discharge per diem $4,1499 Delay in Discharge per diem $4,1499",,,,,,,,,". 100 percent of Medicare DRG. Add-on payment, . 100 percent of Medicare DRG. Add-on payment, .",,,,,,,,," ",,,,,,,,," ",,,,,,,,," ",,,,,,,,," ",,,,,,,,," ",,,,,,,,," ",,,,,,,,," ",,,,,,,,," ",,,,,,,,," ",,,,,,,,," ",,,,,,,,," ",,,,,,,,," ",,,,,,,,,". 100 percent of Medicare DRG. Add-on payment,  . 100 percent of Medicare DRG. Add-on payment,  .",,,,,,,,," ",,,,,,,,,". 100 percent of Medicare DRG. Add-on payment,  . 100 percent of Medicare DRG. Add-on payment,  .",37499.55,,,,,,,Case Rate,". 225 percent of Medicaid DRG. Add-on payment, and lesser of 225% of billed charges. 225 percent of Medicaid DRG. Add-on payment, and lesser of 225% of billed charges.",16666.47,,,,,,,Case Rate,". 100 percent of Medicaid DRG. Add-on payment, and lesser of 100% of billed charges. 100 percent of Medicaid DRG. Add-on payment, and lesser of 100% of billed charges.",,,,,,,,,".  ",,,,,,,,,".  ",,,,,,,,,". 100 percent of Medicare DRG. Add-on payment,  . 100 percent of Medicare DRG. Add-on payment,  .",,,,,,,,," ",,,,,,,,,". 100 percent of Medicare DRG. Add-on payment,  . 100 percent of Medicare DRG. Add-on payment,  .",,,,,,,,,". 100 percent of Medicare DRG. Add-on payment,  . 100 percent of Medicare DRG. Add-on payment,  .",,,,,,,,,". GMLOS + 8 Outlier per Diem $6,968.00. Add-on payment, and lesser of 100% of billed charges. GMLOS + 8 Outlier per Diem $6,968.00. Add-on payment, and lesser of 100% of billed charges.",,,,,,,,,". 100 percent of Medicare DRG. Add-on payment,  . 100 percent of Medicare DRG. Add-on payment,  .",,,,,,,,,".  ",,,,,,,,,". 100 percent of Medicare DRG. Add-on payment,  . 100 percent of Medicare DRG. Add-on payment,  .",,,,,,,,,".  ",,,,,,,,,". GMLOS + 8 Outlier per Diem $6,968.00. Add-on payment, and lesser of 100% of billed charges. GMLOS + 8 Outlier per Diem $6,968.00. Add-on payment, and lesser of 100% of billed charges.",,,,,,,,,".  ",,,,,,,,,". 100 percent of Medicare DRG. Add-on payment,  . 100 percent of Medicare DRG. Add-on payment,  .",16666.47,,,,,,,Case Rate,". 100 percent of Medicaid DRG. Add-on payment, and lesser of 100% of billed charges. 100 percent of Medicaid DRG. Add-on payment, and lesser of 100% of billed charges.",,,,,,,,,". 100 percent of Medicare DRG. Add-on payment,  . 100 percent of Medicare DRG. Add-on payment,  .",,,,,,,,,".  ",,,,,,,,,".  ",16666.47,,,,,,,Case Rate,". 100 percent of Medicaid DRG. Add-on payment, and lesser of 100% of billed charges. 100 percent of Medicaid DRG. Add-on payment, and lesser of 100% of billed charges.",,,,,,,,,".  ",16666.47,,,,,,,Case Rate,". 100 percent of Medicaid DRG. Add-on payment, and lesser of 100% of billed charges. 100 percent of Medicaid DRG. Add-on payment, and lesser of 100% of billed charges.",16666.47,,,,,,,Case Rate,". 100 percent of Medicaid DRG. Add-on payment, and lesser of 100% of billed charges. 100 percent of Medicaid DRG. Add-on payment, and lesser of 100% of billed charges.",,,,,,,,,".  ",,,,,,,,,".  ",,,,,,,,,".  ",,,,,,,,,".  ",,,,,,,,,".  ",,,,,,,,,".  ",,,,,,,,,".  ",,,,,,,,," ",,,,,,,,," ",,,,,,,,," ",16666.47,,,,,,,Case Rate,". 100 percent of Medicaid DRG. Add-on payment, and lesser of 100% of billed charges. 100 percent of Medicaid DRG. Add-on payment, and lesser of 100% of billed charges.",,,,,,,,,".  ",,,,,,,,,".  ",,,,,,,,,". GMLOS + 8 Outlier per Diem $6,968.00. Add-on payment, and lesser of 100% of billed charges. GMLOS + 8 Outlier per Diem $6,968.00. Add-on payment, and lesser of 100% of billed charges.",,,,,,,,,".  ",,,,,,,,,". GMLOS + 8 Outlier per Diem $6,968.00. Add-on payment, and lesser of 100% of billed charges. GMLOS + 8 Outlier per Diem $6,968.00. Add-on payment, and lesser of 100% of billed charges.",,,,,,,,,".  ",,,,,,,,,".  ",,,,,,,,,".  ",,,,,,,,,".  ",,,,,,,,,".  ",,,,,,,,,". 100 percent of Medicare DRG. Add-on payment,  . 100 percent of Medicare DRG. Add-on payment,  .",11712.02,48332.76,
APR660-4,DRG,,,,,APR660-4 MAJOR HEMATOLOGIC/IMMUNOLOGIC DIAG EXC SICKLE CELL CRISIS & COAGUL,,,Inpatient,,,,,,,,,,,,".  ",,,,,,,,,".  ",,,,,,,,,". GMLOS + 8 Outlier per Diem $6,968.00. Add-on payment, and lesser of 100% of billed charges. GMLOS + 8 Outlier per Diem $6,968.00. Add-on payment, and lesser of 100% of billed charges.",,100,,,,,0,Percent of total billed charges,100 percent of charges.  ; No services were performed during the 15 month look back period.,,,,,,,,,". 100 percent of Medicare DRG. Add-on payment,  . 100 percent of Medicare DRG. Add-on payment,  .",,,,,,,,,". GMLOS + 8 Outlier per Diem $6,968.00. Add-on payment, and lesser of 100% of billed charges. GMLOS + 8 Outlier per Diem $6,968.00. Add-on payment, and lesser of 100% of billed charges.",,,,,,,,,". GMLOS + 8 Outlier per Diem $6,968.00. Add-on payment, and lesser of 100% of billed charges. GMLOS + 8 Outlier per Diem $6,968.00. Add-on payment, and lesser of 100% of billed charges.",,,,,,,,,". GMLOS + 8 Outlier per Diem $6,968.00. Add-on payment, and lesser of 100% of billed charges. GMLOS + 8 Outlier per Diem $6,968.00. Add-on payment, and lesser of 100% of billed charges.",84278.13,,,,,,,Case Rate,". 155 percent of Medicaid DRG. Add-on payment, and lesser of 100% of billed charges. 155 percent of Medicaid DRG. Add-on payment, and lesser of 100% of billed charges.",54372.99,,,,,,,Case Rate,". 100 percent of Medicaid DRG. Add-on payment, and lesser of 100% of billed charges. 100 percent of Medicaid DRG. Add-on payment, and lesser of 100% of billed charges.",,73,,,,,0,Percent of total billed charges,73 percent of charges.  ; No services were performed during the 15 month look back period.,,,,,,,,,".  ",54372.99,,,,,,,Case Rate,". 100 percent of Medicaid DRG. Add-on payment, and lesser of 100% of billed charges. 100 percent of Medicaid DRG. Add-on payment, and lesser of 100% of billed charges.",,,,,,,,,". 100 percent of Medicare DRG. Add-on payment,  . 100 percent of Medicare DRG. Add-on payment,  .",,,,,,,,,".  ",,,,,,,,,".  ",,,,,,,,,".  ",,,,,,,,,".  ",54372.99,,,,,,,Case Rate,". 100 percent of Medicaid DRG. Add-on payment, and lesser of 100% of billed charges. 100 percent of Medicaid DRG. Add-on payment, and lesser of 100% of billed charges.",,,,,,,,,". 100 percent of Medicare DRG. Add-on payment,  . 100 percent of Medicare DRG. Add-on payment,  .",54372.99,,,,,,,Case Rate,". 100 percent of Medicaid DRG. Add-on payment, and lesser of 100% of billed charges. 100 percent of Medicaid DRG. Add-on payment, and lesser of 100% of billed charges.",,73,,,,,0,Percent of total billed charges,73 percent of charges.  ; No services were performed during the 15 month look back period.,,,,,,,,,". GMLOS + 8 Outlier per Diem $6,968.00. Add-on payment, and lesser of 100% of billed charges. GMLOS + 8 Outlier per Diem $6,968.00. Add-on payment, and lesser of 100% of billed charges.",,,,,,,,,". 100 percent of Medicare DRG. Add-on payment, and lesser of 100% of billed charges. 100 percent of Medicare DRG. Add-on payment, and lesser of 100% of billed charges.",,,,,,,,," ",,,,,,,,,". 100 percent of Medicare DRG. Add-on payment, and lesser of 100% of billed charges. 100 percent of Medicare DRG. Add-on payment, and lesser of 100% of billed charges.",,,,,,,,,". 100 percent of Medicare DRG. Add-on payment, and lesser of 100% of billed charges. 100 percent of Medicare DRG. Add-on payment, and lesser of 100% of billed charges.",,73,,,,,0,Percent of total billed charges,73 percent of charges.  ; No services were performed during the 15 month look back period.,54372.99,,,,,,,Case Rate,". 100 percent of Medicaid DRG. Add-on payment, and lesser of 100% of billed charges. 100 percent of Medicaid DRG. Add-on payment, and lesser of 100% of billed charges.",54372.99,,,,,,,Case Rate,". 100 percent of Medicaid DRG. Add-on payment, and lesser of 100% of billed charges. 100 percent of Medicaid DRG. Add-on payment, and lesser of 100% of billed charges.",54372.99,,,,,,,Case Rate,". 100 percent of Medicaid DRG. Add-on payment, and lesser of 100% of billed charges. 100 percent of Medicaid DRG. Add-on payment, and lesser of 100% of billed charges.",54372.99,,,,,,,Case Rate,". 100 percent of Medicaid DRG. Add-on payment, and lesser of 100% of billed charges. 100 percent of Medicaid DRG. Add-on payment, and lesser of 100% of billed charges.",,,,,,,,," ",,,,,,,,," ",54372.99,,,,,,,Case Rate,". 100 percent of Medicaid DRG. Add-on payment, and lesser of 100% of billed charges. 100 percent of Medicaid DRG. Add-on payment, and lesser of 100% of billed charges.",,,,,,,,," ",54372.99,,,,,,,Case Rate,". 100 percent of Medicaid DRG. Add-on payment, and lesser of 100% of billed charges. 100 percent of Medicaid DRG. Add-on payment, and lesser of 100% of billed charges.",,,,,,,,,". 100 percent of Medicare DRG. Add-on payment, . 100 percent of Medicare DRG. Add-on payment, .",,,,,,,,," ",,73,,,,,0,Percent of total billed charges,73 percent of charges.  ; No services were performed during the 15 month look back period.,54372.99,,,,,,,Case Rate,". 100 percent of Medicaid DRG. Add-on payment, and lesser of 100% of billed charges. 100 percent of Medicaid DRG. Add-on payment, and lesser of 100% of billed charges.",54372.99,,,,,,,Case Rate,". 100 percent of Medicaid DRG. Add-on payment, and lesser of 100% of billed charges. 100 percent of Medicaid DRG. Add-on payment, and lesser of 100% of billed charges.",,73,,,,,0,Percent of total billed charges,73 percent of charges.  ; No services were performed during the 15 month look back period.,,,,,,,,,".  ",,,,,,,,,".  ",,,,,,,,,".  ",,73,,,,,0,Percent of total billed charges,73 percent of charges.  ; No services were performed during the 15 month look back period.,,,,,,,,,". 100 percent of Medicare DRG. Add-on payment,  . 100 percent of Medicare DRG. Add-on payment,  .",,,,,,,,,".  ",,,,,,,,,".  ",,,,,,,,,".  ",,,,,,,,,". 100 percent of Medicare DRG. Add-on payment,  . 100 percent of Medicare DRG. Add-on payment,  .",,,,,,,,,".  ",,,,,,,,,".  ",,,,,,,,,". 100 percent of Medicare DRG. Add-on payment, and lesser of 100% of billed charges. 100 percent of Medicare DRG. Add-on payment, and lesser of 100% of billed charges.",,,,,,,,,".  ",,,,,,,,,".  ",,,,,,,,,".  ",,,,,,,,,".  ",,,,,,,,,".  ",,,,,,,,,".  ",,,,,,,,,".  ",,,,,,,,,". 100 percent of Medicare DRG. Add-on payment,  . 100 percent of Medicare DRG. Add-on payment,  .",,,,,,,,,". 100 percent of Medicare DRG. Add-on payment,  . 100 percent of Medicare DRG. Add-on payment,  .",,,,,,,,,".  ",,73,,,,,0,Percent of total billed charges,73 percent of charges.  ; No services were performed during the 15 month look back period.,,73,,,,,0,Percent of total billed charges,73 percent of charges.  ; No services were performed during the 15 month look back period.,,73,,,,,0,Percent of total billed charges,73 percent of charges.  ; No services were performed during the 15 month look back period.,,73,,,,,0,Percent of total billed charges,73 percent of charges.  ; No services were performed during the 15 month look back period.,,73,,,,,0,Percent of total billed charges,73 percent of charges.  ; No services were performed during the 15 month look back period.,,73,,,,,0,Percent of total billed charges,73 percent of charges.  ; No services were performed during the 15 month look back period.,,73,,,,,0,Percent of total billed charges,73 percent of charges.  ; No services were performed during the 15 month look back period.,,73,,,,,0,Percent of total billed charges,73 percent of charges.  ; No services were performed during the 15 month look back period.,,73,,,,,0,Percent of total billed charges,73 percent of charges.  ; No services were performed during the 15 month look back period.,,73,,,,,0,Percent of total billed charges,73 percent of charges.  ; No services were performed during the 15 month look back period.,,73,,,,,0,Percent of total billed charges,73 percent of charges.  ; No services were performed during the 15 month look back period.,,73,,,,,0,Percent of total billed charges,73 percent of charges.  ; No services were performed during the 15 month look back period.,,73,,,,,0,Percent of total billed charges,73 percent of charges.  ; No services were performed during the 15 month look back period.,,73,,,,,0,Percent of total billed charges,73 percent of charges.  ; No services were performed during the 15 month look back period.,,73,,,,,0,Percent of total billed charges,73 percent of charges.  ; No services were performed during the 15 month look back period.,,73,,,,,0,Percent of total billed charges,73 percent of charges.  ; No services were performed during the 15 month look back period.,,73,,,,,0,Percent of total billed charges,73 percent of charges.  ; No services were performed during the 15 month look back period.,,73,,,,,0,Percent of total billed charges,73 percent of charges.  ; No services were performed during the 15 month look back period.,,73,,,,,0,Percent of total billed charges,73 percent of charges.  ; No services were performed during the 15 month look back period.,,73,,,,,0,Percent of total billed charges,73 percent of charges.  ; No services were performed during the 15 month look back period.,,73,,,,,0,Percent of total billed charges,73 percent of charges.  ; No services were performed during the 15 month look back period.,,73,,,,,0,Percent of total billed charges,73 percent of charges.  ; No services were performed during the 15 month look back period.,,73,,,,,0,Percent of total billed charges,73 percent of charges.  ; No services were performed during the 15 month look back period.,,73,,,,,0,Percent of total billed charges,73 percent of charges.  ; No services were performed during the 15 month look back period.,,73,,,,,0,Percent of total billed charges,73 percent of charges.  ; No services were performed during the 15 month look back period.,,73,,,,,0,Percent of total billed charges,73 percent of charges.  ; No services were performed during the 15 month look back period.,,,,,,,,," ",,,,,,,,," ",,,,,,,,," ",,,,,,,,," ",,,,,,,,," ",,,,,,,,," ",,,,,,,,,".  ",,,,,,,,,".  ",,,,,,,,,".  ",,,,,,,,,".  ",,73,,,,,0,Percent of total billed charges,73 percent of charges.  ; No services were performed during the 15 month look back period.,,,,,,,,," ",,,,,,,,,".  ",,,,,,,,,".  ",,,,,,,,,".  ",,,,,,,,," ",,73,,,,,0,Percent of total billed charges,73 percent of charges.  ; No services were performed during the 15 month look back period.,54372.99,,,,,,,Case Rate,". 100 percent of Medicaid DRG. Add-on payment, and lesser of 100% of billed charges. 100 percent of Medicaid DRG. Add-on payment, and lesser of 100% of billed charges.",,,,,,,,," ",54372.99,,,,,,,Case Rate,". 100 percent of Medicaid DRG. Add-on payment, and lesser of 100% of billed charges. 100 percent of Medicaid DRG. Add-on payment, and lesser of 100% of billed charges.",,,,,,,,,". 100 percent of Medicare DRG. Add-on payment, . 100 percent of Medicare DRG. Add-on payment, .",,,,,,,,,". 100 percent of Medicare DRG. Add-on payment,  . 100 percent of Medicare DRG. Add-on payment,  .",,,,,,,,,".  ",,,,,,,,,". 100 percent of Medicare DRG. Add-on payment,  . 100 percent of Medicare DRG. Add-on payment,  .",,,,,,,,,". 100 percent of Medicare DRG. Add-on payment,  . 100 percent of Medicare DRG. Add-on payment,  .",54372.99,,,,,,,Case Rate,". 100 percent of Medicaid DRG. Add-on payment, and lesser of 100% of billed charges. 100 percent of Medicaid DRG. Add-on payment, and lesser of 100% of billed charges.",,,,,,,,,". 100 percent of Medicare DRG. Add-on payment,  . 100 percent of Medicare DRG. Add-on payment,  .",,,,,,,,,". 100 percent of Medicare DRG. Add-on payment,  . 100 percent of Medicare DRG. Add-on payment,  .",,,,,,,,,". GMLOS + 8 Outlier per Diem $6,968.00. Add-on payment, and lesser of 100% of billed charges. GMLOS + 8 Outlier per Diem $6,968.00. Add-on payment, and lesser of 100% of billed charges.",,,,,,,,,". GMLOS + 8 Outlier per Diem $6,968.00. Add-on payment, and lesser of 100% of billed charges. GMLOS + 8 Outlier per Diem $6,968.00. Add-on payment, and lesser of 100% of billed charges.",,,,,,,,,". 100 percent of Medicare DRG. Add-on payment,  . 100 percent of Medicare DRG. Add-on payment,  .",,,,,,,,,".  ",,,,,,,,,".  ",,,,,,,,,".  ",,,,,,,,,". 100 percent of Medicare DRG. Add-on payment,  . 100 percent of Medicare DRG. Add-on payment,  .",,,,,,,,,".  ",,,,,,,,,". GMLOS + 8 Outlier per Diem $6,968.00. Add-on payment, and lesser of 100% of billed charges. GMLOS + 8 Outlier per Diem $6,968.00. Add-on payment, and lesser of 100% of billed charges.",,,,,,,,,". GMLOS + 8 Outlier per Diem $6,968.00. Add-on payment, and lesser of 100% of billed charges. GMLOS + 8 Outlier per Diem $6,968.00. Add-on payment, and lesser of 100% of billed charges.",,,,,,,,,". GMLOS + 8 Outlier per Diem $6,968.00. Add-on payment, and lesser of 100% of billed charges. GMLOS + 8 Outlier per Diem $6,968.00. Add-on payment, and lesser of 100% of billed charges.",,73,,,,,0,Percent of total billed charges,73 percent of charges.  ; No services were performed during the 15 month look back period.,,73,,,,,0,Percent of total billed charges,73 percent of charges.  ; No services were performed during the 15 month look back period.,,73,,,,,0,Percent of total billed charges,73 percent of charges.  ; No services were performed during the 15 month look back period.,,73,,,,,0,Percent of total billed charges,73 percent of charges.  ; No services were performed during the 15 month look back period.,,73,,,,,0,Percent of total billed charges,73 percent of charges.  ; No services were performed during the 15 month look back period.,,73,,,,,0,Percent of total billed charges,73 percent of charges.  ; No services were performed during the 15 month look back period.,,73,,,,,0,Percent of total billed charges,73 percent of charges.  ; No services were performed during the 15 month look back period.,,73,,,,,0,Percent of total billed charges,73 percent of charges.  ; No services were performed during the 15 month look back period.,,73,,,,,0,Percent of total billed charges,73 percent of charges.  ; No services were performed during the 15 month look back period.,,73,,,,,0,Percent of total billed charges,73 percent of charges.  ; No services were performed during the 15 month look back period.,,73,,,,,0,Percent of total billed charges,73 percent of charges.  ; No services were performed during the 15 month look back period.,,,,,,,,," ",,,,,,,,,".  ",,,,,,,,,".  ",,,,,,,,,". 100 percent of Medicare DRG. Add-on payment,  . 100 percent of Medicare DRG. Add-on payment,  .",,,,,,,,,". GMLOS + 8 Outlier per Diem $6,968.00. Add-on payment, and lesser of 100% of billed charges. GMLOS + 8 Outlier per Diem $6,968.00. Add-on payment, and lesser of 100% of billed charges.",,,,,,,,,".  ",,,,,,,,,".  ",,73,,,,,0,Percent of total billed charges,73 percent of charges.  ; No services were performed during the 15 month look back period.,108745.97,,,,,,,Case Rate,". 200 percent of Medicaid DRG. Add-on payment, and lesser of 200% of billed charges. 200 percent of Medicaid DRG. Add-on payment, and lesser of 200% of billed charges.",,,,,,,,,".  ",54372.99,,,,,,,Case Rate,". 100 percent of Medicaid DRG. Add-on payment, and lesser of 100% of billed charges. 100 percent of Medicaid DRG. Add-on payment, and lesser of 100% of billed charges.",,,,,,,,,". 100 percent of Medicare DRG. Add-on payment,  . 100 percent of Medicare DRG. Add-on payment,  .",,,,,,,,,". 100 percent of Medicare DRG. Add-on payment,  . 100 percent of Medicare DRG. Add-on payment,  .",,,,,,,,,". 100 percent of Medicare DRG. Add-on payment,  . 100 percent of Medicare DRG. Add-on payment,  .",,,,,,,,,". 100 percent of Medicare DRG. Add-on payment,  . 100 percent of Medicare DRG. Add-on payment,  .",,,,,,,,,". 100 percent of Medicare DRG. Add-on payment,  . 100 percent of Medicare DRG. Add-on payment,  .",,,,,,,,,". 100 percent of Medicare DRG. Add-on payment,  . 100 percent of Medicare DRG. Add-on payment,  .",,,,,,,,,".  ",,,,,,,,,".  ",122339.22,,,,,,,Case Rate,". 225 percent of Medicaid DRG. Add-on payment, and lesser of 100% of billed charges. 225 percent of Medicaid DRG. Add-on payment, and lesser of 100% of billed charges.",122339.22,,,,,,,Case Rate,". 225 percent of Medicaid DRG. Add-on payment, and lesser of 100% of billed charges. 225 percent of Medicaid DRG. Add-on payment, and lesser of 100% of billed charges.",122339.22,,,,,,,Case Rate,". 225 percent of Medicaid DRG. Add-on payment, and lesser of 100% of billed charges. 225 percent of Medicaid DRG. Add-on payment, and lesser of 100% of billed charges.",122339.22,,,,,,,Case Rate,". 225 percent of Medicaid DRG. Add-on payment, and lesser of 100% of billed charges. 225 percent of Medicaid DRG. Add-on payment, and lesser of 100% of billed charges.",122339.22,,,,,,,Case Rate,". 225 percent of Medicaid DRG. Add-on payment, and lesser of 100% of billed charges. 225 percent of Medicaid DRG. Add-on payment, and lesser of 100% of billed charges.",,,,,,,,," ",,,,,,,,,".  ",,,,,,,,," ",,,,,,,,," ",,,,,,,,," ",,,,,,,,," ",,,,,,,,," ",,,,,,,,,". 100 percent of Medicare DRG. Add-on payment,  . 100 percent of Medicare DRG. Add-on payment,  .",,,,,,,,," ",,,,,,,,," ",,,,,,,,," ",,,,,,,,," ",,,,,,,,,". GMLOS + 8 Outlier per Diem $6,968.00. Add-on payment, and lesser of 100% of billed charges. GMLOS + 8 Outlier per Diem $6,968.00. Add-on payment, and lesser of 100% of billed charges.",,,,,,,,,". GMLOS + 8 Outlier per Diem $6,968.00. Add-on payment, and lesser of 100% of billed charges. GMLOS + 8 Outlier per Diem $6,968.00. Add-on payment, and lesser of 100% of billed charges.",,,,,,,,,". GMLOS + 8 Outlier per Diem $6,968.00. Add-on payment, and lesser of 100% of billed charges. GMLOS + 8 Outlier per Diem $6,968.00. Add-on payment, and lesser of 100% of billed charges.",,,,,,,,,". GMLOS + 8 Outlier per Diem $6,968.00. Add-on payment, and lesser of 100% of billed charges. GMLOS + 8 Outlier per Diem $6,968.00. Add-on payment, and lesser of 100% of billed charges.",,,,,,,,,".  ",,,,,,,,,".  ",,,,,,,,,". 100 percent of Medicare DRG. Add-on payment,  . 100 percent of Medicare DRG. Add-on payment,  .",,,,,,,,,". 100 percent of Medicare DRG. Add-on payment,  . 100 percent of Medicare DRG. Add-on payment,  .",,,,,,,,,". 100 percent of Medicare DRG. Add-on payment,  . 100 percent of Medicare DRG. Add-on payment,  .",,,,,,,,,".  ",,,,,,,,,".  ",,,,,,,,,".  ",,,,,,,,,".  ",,,,,,,,,". GMLOS + 8 Outlier per Diem $6,968.00. Add-on payment, and lesser of 100% of billed charges. GMLOS + 8 Outlier per Diem $6,968.00. Add-on payment, and lesser of 100% of billed charges.",,,,,,,,,". 100 percent of Medicare DRG. Add-on payment,  . 100 percent of Medicare DRG. Add-on payment,  .",,,,,,,,,".  ",54372.99,,,,,,,Case Rate,". 100 percent of Medicaid DRG. Add-on payment, and lesser of 100% of billed charges. 100 percent of Medicaid DRG. Add-on payment, and lesser of 100% of billed charges.",,,,,,,,,". 100 percent of Medicare DRG. Add-on payment, and lesser of 100% of billed charges. 100 percent of Medicare DRG. Add-on payment, and lesser of 100% of billed charges.",,,,,,,,,". 100 percent of Medicare DRG. Add-on payment, and lesser of 100% of billed charges. 100 percent of Medicare DRG. Add-on payment, and lesser of 100% of billed charges.",,,,,,,,,". 100 percent of Medicare DRG. Add-on payment, and lesser of 100% of billed charges. 100 percent of Medicare DRG. Add-on payment, and lesser of 100% of billed charges.",54372.99,,,,,,,Case Rate,". 100 percent of Medicaid DRG. Add-on payment, and lesser of 100% of billed charges. 100 percent of Medicaid DRG. Add-on payment, and lesser of 100% of billed charges.",122339.22,,,,,,,Case Rate,". 225 percent of Medicaid DRG. Add-on payment, and lesser of 225% of billed charges. 225 percent of Medicaid DRG. Add-on payment, and lesser of 225% of billed charges.",122339.22,,,,,,,Case Rate,". 225 percent of Medicaid DRG. Add-on payment, and lesser of 225% of billed charges. 225 percent of Medicaid DRG. Add-on payment, and lesser of 225% of billed charges.",122339.22,,,,,,,Case Rate,". 225 percent of Medicaid DRG. Add-on payment, and lesser of 225% of billed charges. 225 percent of Medicaid DRG. Add-on payment, and lesser of 225% of billed charges.",122339.22,,,,,,,Case Rate,". 225 percent of Medicaid DRG. Add-on payment, and lesser of 225% of billed charges. 225 percent of Medicaid DRG. Add-on payment, and lesser of 225% of billed charges.",122339.22,,,,,,,Case Rate,". 225 percent of Medicaid DRG. Add-on payment, and lesser of 225% of billed charges. 225 percent of Medicaid DRG. Add-on payment, and lesser of 225% of billed charges.",,,,,,,,,". 100 percent of Medicare DRG. Add-on payment, and lesser of 100% of billed charges. 100 percent of Medicare DRG. Add-on payment, and lesser of 100% of billed charges.",54372.99,,,,,,,Case Rate,". 100 percent of Medicaid DRG. Add-on payment, and lesser of 100% of billed charges. 100 percent of Medicaid DRG. Add-on payment, and lesser of 100% of billed charges.",54372.99,,,,,,,Case Rate,". 100 percent of Medicaid DRG. Add-on payment, and lesser of 100% of billed charges. 100 percent of Medicaid DRG. Add-on payment, and lesser of 100% of billed charges.",122339.22,,,,,,,Case Rate,". 225 percent of Medicaid DRG. Add-on payment, and lesser of 225% of billed charges. 225 percent of Medicaid DRG. Add-on payment, and lesser of 225% of billed charges.",122339.22,,,,,,,Case Rate,". 225 percent of Medicaid DRG. Add-on payment, and lesser of 225% of billed charges. 225 percent of Medicaid DRG. Add-on payment, and lesser of 225% of billed charges.",54372.99,,,,,,,Case Rate,". 100 percent of Medicaid DRG. Add-on payment, and lesser of 100% of billed charges. 100 percent of Medicaid DRG. Add-on payment, and lesser of 100% of billed charges.",54372.99,,,,,,,Case Rate,". 100 percent of Medicaid DRG. Add-on payment, and lesser of 100% of billed charges. 100 percent of Medicaid DRG. Add-on payment, and lesser of 100% of billed charges.",122339.22,,,,,,,Case Rate,". 225 percent of Medicaid DRG. Add-on payment, and lesser of 100% of billed charges. 225 percent of Medicaid DRG. Add-on payment, and lesser of 100% of billed charges.",,,,,,,,,". 100 percent of Medicare DRG. Add-on payment,  . 100 percent of Medicare DRG. Add-on payment,  .",,,,,,,,,". 100 percent of Medicare DRG. Add-on payment,  . 100 percent of Medicare DRG. Add-on payment,  .",,,,,,,,,". GMLOS + 8 Outlier per Diem $6,968.00. Add-on payment, and lesser of 100% of billed charges. GMLOS + 8 Outlier per Diem $6,968.00. Add-on payment, and lesser of 100% of billed charges.",,,,,,,,,". 100 percent of Medicare DRG. Add-on payment,  . 100 percent of Medicare DRG. Add-on payment,  .",122339.22,,,,,,,Case Rate,". 225 percent of Medicaid DRG. Add-on payment, and lesser of 225% of billed charges. 225 percent of Medicaid DRG. Add-on payment, and lesser of 225% of billed charges.",122339.22,,,,,,,Case Rate,". 225 percent of Medicaid DRG. Add-on payment, and lesser of 225% of billed charges. 225 percent of Medicaid DRG. Add-on payment, and lesser of 225% of billed charges.",54372.99,,,,,,,Case Rate,". 100 percent of Medicaid DRG. Add-on payment, and lesser of 100% of billed charges. 100 percent of Medicaid DRG. Add-on payment, and lesser of 100% of billed charges.",54372.99,,,,,,,Case Rate,". 100 percent of Medicaid DRG. Add-on payment, and lesser of 100% of billed charges. 100 percent of Medicaid DRG. Add-on payment, and lesser of 100% of billed charges.",91995.17,,,,,,,Case Rate,". 225 percent of Medicaid DRG. Add-on payment, and lesser of 225% of billed charges. 225 percent of Medicaid DRG. Add-on payment, and lesser of 225% of billed charges.",54372.99,,,,,,,Case Rate,". 100 percent of Medicaid DRG. Add-on payment, and lesser of 100% of billed charges. 100 percent of Medicaid DRG. Add-on payment, and lesser of 100% of billed charges.",157681.66,,,,,,,Case Rate,". 290 percent of Medicaid DRG. Add-on payment, and lesser of 100% of billed charges. 290 percent of Medicaid DRG. Add-on payment, and lesser of 100% of billed charges.",157681.66,,,,,,,Case Rate,". 290 percent of Medicaid DRG. Add-on payment, and lesser of 100% of billed charges. 290 percent of Medicaid DRG. Add-on payment, and lesser of 100% of billed charges.",157681.66,,,,,,,Case Rate,". 290 percent of Medicaid DRG. Add-on payment, and lesser of 100% of billed charges. 290 percent of Medicaid DRG. Add-on payment, and lesser of 100% of billed charges.",157681.66,,,,,,,Case Rate,". 290 percent of Medicaid DRG. Add-on payment, and lesser of 100% of billed charges. 290 percent of Medicaid DRG. Add-on payment, and lesser of 100% of billed charges.",,,,,,,,," ",,,,,,,,,".  ",73403.53,,,,,,,Case Rate,"135% of Medicaid EP 1 and 2, 100% of medicaid EP 3 and 4.  ",73403.53,,,,,,,Case Rate,"135% of Medicaid EP 1 and 2, 100% of medicaid EP 3 and 4.  ",54372.99,,,,,,,Case Rate,". 100 percent of Medicaid DRG. Add-on payment, and lesser of 100% of billed charges. 100 percent of Medicaid DRG. Add-on payment, and lesser of 100% of billed charges.",54372.99,,,,,,,Case Rate,". 100 percent of Medicaid DRG. Add-on payment, and lesser of 100% of billed charges. 100 percent of Medicaid DRG. Add-on payment, and lesser of 100% of billed charges.",,,,,,,,,".  ",,,,,,,,,".  ",,,,,,,,,". 100 percent of Medicare DRG. Add-on payment,  . 100 percent of Medicare DRG. Add-on payment,  .",,,,,,,,,".  ",,,,,,,,,".  ",,,,,,,,,".  ",,,,,,,,,".  ",,,,,,,,,". 100 percent of Medicare DRG. Add-on payment,  . 100 percent of Medicare DRG. Add-on payment,  .",,,,,,,,,".  ",,,,,,,,,".  ",,,,,,,,,". GMLOS + 8 Outlier per Diem $6,968.00. Add-on payment, and lesser of 100% of billed charges. GMLOS + 8 Outlier per Diem $6,968.00. Add-on payment, and lesser of 100% of billed charges.",54372.99,,,,,,,Case Rate,". 100 percent of Medicaid DRG. Add-on payment, and lesser of 100% of billed charges. 100 percent of Medicaid DRG. Add-on payment, and lesser of 100% of billed charges.",54372.99,,,,,,,Case Rate,". 100 percent of Medicaid DRG. Add-on payment, and lesser of 100% of billed charges. 100 percent of Medicaid DRG. Add-on payment, and lesser of 100% of billed charges.",122339.22,,,,,,,Case Rate,". 225 percent of Medicaid DRG. Add-on payment, and lesser of 225% of billed charges. 225 percent of Medicaid DRG. Add-on payment, and lesser of 225% of billed charges.",91995.17,,,,,,,Case Rate,". 225 percent of Medicaid DRG. Add-on payment, and lesser of 225% of billed charges. 225 percent of Medicaid DRG. Add-on payment, and lesser of 225% of billed charges.",54372.99,,,,,,,Case Rate,". 100 percent of Medicaid DRG. Add-on payment, and lesser of 100% of billed charges. 100 percent of Medicaid DRG. Add-on payment, and lesser of 100% of billed charges.",122339.22,,,,,,,Case Rate,". 225 percent of Medicaid DRG. Add-on payment, and lesser of 225% of billed charges. 225 percent of Medicaid DRG. Add-on payment, and lesser of 225% of billed charges.",122339.22,,,,,,,Case Rate,". 225 percent of Medicaid DRG. Add-on payment, and lesser of 225% of billed charges. 225 percent of Medicaid DRG. Add-on payment, and lesser of 225% of billed charges.",122339.22,,,,,,,Case Rate,". 225 percent of Medicaid DRG. Add-on payment, and lesser of 225% of billed charges. 225 percent of Medicaid DRG. Add-on payment, and lesser of 225% of billed charges.",122339.22,,,,,,,Case Rate,". 225 percent of Medicaid DRG. Add-on payment, and lesser of 225% of billed charges. 225 percent of Medicaid DRG. Add-on payment, and lesser of 225% of billed charges.",122339.22,,,,,,,Case Rate,". 225 percent of Medicaid DRG. Add-on payment, and lesser of 225% of billed charges. 225 percent of Medicaid DRG. Add-on payment, and lesser of 225% of billed charges.",122339.22,,,,,,,Case Rate,". 225 percent of Medicaid DRG. Add-on payment, and lesser of 225% of billed charges. 225 percent of Medicaid DRG. Add-on payment, and lesser of 225% of billed charges.",,,,,,,,," ",,,,,,,,," ",,,,,,,,," ",,,,,,,,,".  ",,,,,,,,," ",,,,,,,,,". 100 percent of Medicare DRG. Add-on payment,  . 100 percent of Medicare DRG. Add-on payment,  .",,,,,,,,,".  ",,,,,,,,,". 100 percent of Medicare DRG. Add-on payment,  . 100 percent of Medicare DRG. Add-on payment,  .",,,,,,,,,". 100 percent of Medicare DRG. Add-on payment,  . 100 percent of Medicare DRG. Add-on payment,  .",73403.53,,,,,,,Case Rate,"135% of Medicaid EP 1 and 2, 100% of medicaid EP 3 and 4.  ",73403.53,,,,,,,Case Rate,"135% of Medicaid EP 1 and 2, 100% of medicaid EP 3 and 4.  ",54372.99,,,,,,,Case Rate,". 100 percent of Medicaid DRG. Add-on payment, and lesser of 100% of billed charges. 100 percent of Medicaid DRG. Add-on payment, and lesser of 100% of billed charges.",54372.99,,,,,,,Case Rate,". 100 percent of Medicaid DRG. Add-on payment, and lesser of 100% of billed charges. 100 percent of Medicaid DRG. Add-on payment, and lesser of 100% of billed charges.",54372.99,,,,,,,Case Rate,". 100 percent of Medicaid DRG. Add-on payment, and lesser of 100% of billed charges. 100 percent of Medicaid DRG. Add-on payment, and lesser of 100% of billed charges.",,,,,,,,," ",,,,,,,,,". GMLOS + 8 Outlier per Diem $6,968.00. Add-on payment, and lesser of 100% of billed charges. GMLOS + 8 Outlier per Diem $6,968.00. Add-on payment, and lesser of 100% of billed charges.",,,,,,,,," ",,,,,,,,,".  ",,,,,,,,,". 100 percent of Medicare DRG. Add-on payment, . 100 percent of Medicare DRG. Add-on payment, .",,,,,,,,,". 100 percent of Medicare DRG. Add-on payment,  . 100 percent of Medicare DRG. Add-on payment,  .",,,,,,,,,". 100 percent of Medicare DRG. Add-on payment,  . 100 percent of Medicare DRG. Add-on payment,  .",,,,,,,,,". 100 percent of Medicare DRG. Add-on payment,  . 100 percent of Medicare DRG. Add-on payment,  .",,,,,,,,,". 100 percent of Medicare DRG. Add-on payment, . 100 percent of Medicare DRG. Add-on payment, .",,,,,,,,,". 100 percent of Medicare DRG. Add-on payment,  . 100 percent of Medicare DRG. Add-on payment,  .",,,,,,,,," ",122339.22,,,,,,,Case Rate,". 225 percent of Medicaid DRG. Add-on payment, and lesser of 225% of billed charges. 225 percent of Medicaid DRG. Add-on payment, and lesser of 225% of billed charges.",54372.99,,,,,,,Case Rate,". 100 percent of Medicaid DRG. Add-on payment, and lesser of 100% of billed charges. 100 percent of Medicaid DRG. Add-on payment, and lesser of 100% of billed charges.",,,,,,,,,".  ",,,,,,,,," ",,,,,,,,," ",,,,,,,,," ",,,,,,,,," ",,,,,,,,,". 100 percent of Medicare DRG. Add-on payment,  . 100 percent of Medicare DRG. Add-on payment,  .",54372.99,,,,,,,Case Rate,". 100 percent of Medicaid DRG. Add-on payment, and lesser of 100% of billed charges. 100 percent of Medicaid DRG. Add-on payment, and lesser of 100% of billed charges.",,,,,,,,,".  ",54372.99,,,,,,,Case Rate,". 100 percent of Medicaid DRG. Add-on payment, and lesser of 100% of billed charges. 100 percent of Medicaid DRG. Add-on payment, and lesser of 100% of billed charges.",,,,,,,,,". 100 percent of Medicare DRG. Add-on payment,  . 100 percent of Medicare DRG. Add-on payment,  .",54372.99,,,,,,,Case Rate,". 100 percent of Medicaid DRG. Add-on payment, and lesser of 100% of billed charges. 100 percent of Medicaid DRG. Add-on payment, and lesser of 100% of billed charges.",,,,,,,,,". 100 percent of Medicare DRG. Add-on payment,  . 100 percent of Medicare DRG. Add-on payment,  .",,,,,,,,,". 100 percent of Medicare DRG. Add-on payment,  . 100 percent of Medicare DRG. Add-on payment,  .",54372.99,,,,,,,Case Rate,". 100 percent of Medicaid DRG. Add-on payment, and lesser of 100% of billed charges. 100 percent of Medicaid DRG. Add-on payment, and lesser of 100% of billed charges.",54372.99,,,,,,,Case Rate,". 100 percent of Medicaid DRG. Add-on payment, and lesser of 100% of billed charges. 100 percent of Medicaid DRG. Add-on payment, and lesser of 100% of billed charges.",,,,,,,,," ",,,,,,,,,".  ",,73,,,,,0,Percent of total billed charges,73 percent of charges.  ; No services were performed during the 15 month look back period.,,,,,,,,,".  ",,,,,,,,,".  ",,,,,,,,,". GMLOS + 8 Outlier per Diem $6,968.00. Add-on payment, and lesser of 100% of billed charges. GMLOS + 8 Outlier per Diem $6,968.00. Add-on payment, and lesser of 100% of billed charges.",,,,,,,,,". 93 percent of Medicare DRG. Add-on payment, and lesser of 100% of billed charges. 93 percent of Medicare DRG. Add-on payment, and lesser of 100% of billed charges.",,,,,,,,," ",,,,,,,,," ",,,,,,,,,".  ",,,,,,,,,".  ",,,,,,,,,". 100 percent of Medicare DRG. Add-on payment,  . 100 percent of Medicare DRG. Add-on payment,  .",,,,,,,,,". 100 percent of Medicare DRG. Add-on payment,  . 100 percent of Medicare DRG. Add-on payment,  .",,,,,,,,,". 100 percent of Medicare DRG. Add-on payment,  . 100 percent of Medicare DRG. Add-on payment,  .",,,,,,,,,". 100 percent of Medicare DRG. Add-on payment,  . 100 percent of Medicare DRG. Add-on payment,  .",,,,,,,,,".  ",,,,,,,,,".  ",,,,,,,,,".  ",,,,,,,,,". 100 percent of Medicare DRG. Add-on payment,  . 100 percent of Medicare DRG. Add-on payment,  .",,,,,,,,,".  ",,,,,,,,," ",54372.99,,,,,,,Case Rate,". 100 percent of Medicaid DRG. Add-on payment, and lesser of 100% of billed charges. 100 percent of Medicaid DRG. Add-on payment, and lesser of 100% of billed charges.",54372.99,,,,,,,Case Rate,". 100 percent of Medicaid DRG. Add-on payment, and lesser of 100% of billed charges. 100 percent of Medicaid DRG. Add-on payment, and lesser of 100% of billed charges.",,,,,,,,," ",,,,,,,,,".  ",,,,,,,,,".  ",,,,,,,,,".  ",,,,,,,,,".  ",,,,,,,,,". 100 percent of Medicare DRG. Add-on payment, . 100 percent of Medicare DRG. Add-on payment, .",57091.64,,,,,,,Case Rate,". 105 percent of Medicaid DRG. Add-on payment, and lesser of 100% of billed charges. 105 percent of Medicaid DRG. Add-on payment, and lesser of 100% of billed charges.",57091.64,,,,,,,Case Rate,". 105 percent of Medicaid DRG. Add-on payment, and lesser of 100% of billed charges. 105 percent of Medicaid DRG. Add-on payment, and lesser of 100% of billed charges.",57091.64,,,,,,,Case Rate,". 105 percent of Medicaid DRG. Add-on payment, and lesser of 100% of billed charges. 105 percent of Medicaid DRG. Add-on payment, and lesser of 100% of billed charges.",57091.64,,,,,,,Case Rate,". 105 percent of Medicaid DRG. Add-on payment, and lesser of 100% of billed charges. 105 percent of Medicaid DRG. Add-on payment, and lesser of 100% of billed charges.",,,,,,,,,".  ",57091.64,,,,,,,Case Rate,". 105 percent of Medicaid DRG. Add-on payment, and lesser of 100% of billed charges. 105 percent of Medicaid DRG. Add-on payment, and lesser of 100% of billed charges.",57091.64,,,,,,,Case Rate,". 105 percent of Medicaid DRG. Add-on payment, and lesser of 100% of billed charges. 105 percent of Medicaid DRG. Add-on payment, and lesser of 100% of billed charges.",57091.64,,,,,,,Case Rate,". 105 percent of Medicaid DRG. Add-on payment, and lesser of 100% of billed charges. 105 percent of Medicaid DRG. Add-on payment, and lesser of 100% of billed charges.",57091.64,,,,,,,Case Rate,". 105 percent of Medicaid DRG. Add-on payment, and lesser of 100% of billed charges. 105 percent of Medicaid DRG. Add-on payment, and lesser of 100% of billed charges.",57091.64,,,,,,,Case Rate,". 105 percent of Medicaid DRG. Add-on payment, and lesser of 100% of billed charges. 105 percent of Medicaid DRG. Add-on payment, and lesser of 100% of billed charges.",57091.64,,,,,,,Case Rate,". 105 percent of Medicaid DRG. Add-on payment, and lesser of 100% of billed charges. 105 percent of Medicaid DRG. Add-on payment, and lesser of 100% of billed charges.",57091.64,,,,,,,Case Rate,". 105 percent of Medicaid DRG. Add-on payment, and lesser of 100% of billed charges. 105 percent of Medicaid DRG. Add-on payment, and lesser of 100% of billed charges.",,,,,,,,,". 100 percent of Medicare DRG. Add-on payment,  . 100 percent of Medicare DRG. Add-on payment,  .",,,,,,,,,".  ",,,,,,,,,". 100 percent of Medicare DRG. Add-on payment,  . 100 percent of Medicare DRG. Add-on payment,  .",57091.64,,,,,,,Case Rate,". 105 percent of Medicaid DRG. Add-on payment, and lesser of 100% of billed charges. 105 percent of Medicaid DRG. Add-on payment, and lesser of 100% of billed charges.",,,,,,,,,".  ",,,,,,,,,". 100 percent of Medicare DRG. Add-on payment,  . 100 percent of Medicare DRG. Add-on payment,  .",,,,,,,,,".  ",,,,,,,,,".  ",,,,,,,,,".  ",57091.64,,,,,,,Case Rate,". 105 percent of Medicaid DRG. Add-on payment, and lesser of 100% of billed charges. 105 percent of Medicaid DRG. Add-on payment, and lesser of 100% of billed charges.",,,,,,,,,". 100 percent of Medicare DRG. Add-on payment,  . 100 percent of Medicare DRG. Add-on payment,  .",,,,,,,,,".  ",57091.64,,,,,,,Case Rate,". 105 percent of Medicaid DRG. Add-on payment, and lesser of 100% of billed charges. 105 percent of Medicaid DRG. Add-on payment, and lesser of 100% of billed charges.",,,,,,,,,".  ",,,,,,,,,". Delay in Discharge per diem $4,1517 Delay in Discharge per diem $4,1517",,,,,,,,,". 100 percent of Medicare DRG. Add-on payment, . 100 percent of Medicare DRG. Add-on payment, .",,,,,,,,," ",,,,,,,,," ",,,,,,,,," ",,,,,,,,," ",,,,,,,,," ",,,,,,,,," ",,,,,,,,," ",,,,,,,,," ",,,,,,,,," ",,,,,,,,," ",,,,,,,,," ",,,,,,,,," ",,,,,,,,,". 100 percent of Medicare DRG. Add-on payment,  . 100 percent of Medicare DRG. Add-on payment,  .",,,,,,,,," ",,,,,,,,,". 100 percent of Medicare DRG. Add-on payment,  . 100 percent of Medicare DRG. Add-on payment,  .",122339.22,,,,,,,Case Rate,". 225 percent of Medicaid DRG. Add-on payment, and lesser of 225% of billed charges. 225 percent of Medicaid DRG. Add-on payment, and lesser of 225% of billed charges.",54372.99,,,,,,,Case Rate,". 100 percent of Medicaid DRG. Add-on payment, and lesser of 100% of billed charges. 100 percent of Medicaid DRG. Add-on payment, and lesser of 100% of billed charges.",,,,,,,,,".  ",,,,,,,,,".  ",,,,,,,,,". 100 percent of Medicare DRG. Add-on payment,  . 100 percent of Medicare DRG. Add-on payment,  .",,,,,,,,," ",,,,,,,,,". 100 percent of Medicare DRG. Add-on payment,  . 100 percent of Medicare DRG. Add-on payment,  .",,,,,,,,,". 100 percent of Medicare DRG. Add-on payment,  . 100 percent of Medicare DRG. Add-on payment,  .",,,,,,,,,". GMLOS + 8 Outlier per Diem $6,968.00. Add-on payment, and lesser of 100% of billed charges. GMLOS + 8 Outlier per Diem $6,968.00. Add-on payment, and lesser of 100% of billed charges.",,,,,,,,,". 100 percent of Medicare DRG. Add-on payment,  . 100 percent of Medicare DRG. Add-on payment,  .",,,,,,,,,".  ",,,,,,,,,". 100 percent of Medicare DRG. Add-on payment,  . 100 percent of Medicare DRG. Add-on payment,  .",,,,,,,,,".  ",,,,,,,,,". GMLOS + 8 Outlier per Diem $6,968.00. Add-on payment, and lesser of 100% of billed charges. GMLOS + 8 Outlier per Diem $6,968.00. Add-on payment, and lesser of 100% of billed charges.",,,,,,,,,".  ",,,,,,,,,". 100 percent of Medicare DRG. Add-on payment,  . 100 percent of Medicare DRG. Add-on payment,  .",54372.99,,,,,,,Case Rate,". 100 percent of Medicaid DRG. Add-on payment, and lesser of 100% of billed charges. 100 percent of Medicaid DRG. Add-on payment, and lesser of 100% of billed charges.",,,,,,,,,". 100 percent of Medicare DRG. Add-on payment,  . 100 percent of Medicare DRG. Add-on payment,  .",,,,,,,,,".  ",,,,,,,,,".  ",54372.99,,,,,,,Case Rate,". 100 percent of Medicaid DRG. Add-on payment, and lesser of 100% of billed charges. 100 percent of Medicaid DRG. Add-on payment, and lesser of 100% of billed charges.",,,,,,,,,".  ",54372.99,,,,,,,Case Rate,". 100 percent of Medicaid DRG. Add-on payment, and lesser of 100% of billed charges. 100 percent of Medicaid DRG. Add-on payment, and lesser of 100% of billed charges.",54372.99,,,,,,,Case Rate,". 100 percent of Medicaid DRG. Add-on payment, and lesser of 100% of billed charges. 100 percent of Medicaid DRG. Add-on payment, and lesser of 100% of billed charges.",,,,,,,,,".  ",,,,,,,,,".  ",,,,,,,,,".  ",,,,,,,,,".  ",,,,,,,,,".  ",,,,,,,,,".  ",,,,,,,,,".  ",,,,,,,,," ",,,,,,,,," ",,,,,,,,," ",54372.99,,,,,,,Case Rate,". 100 percent of Medicaid DRG. Add-on payment, and lesser of 100% of billed charges. 100 percent of Medicaid DRG. Add-on payment, and lesser of 100% of billed charges.",,,,,,,,,".  ",,,,,,,,,".  ",,,,,,,,,". GMLOS + 8 Outlier per Diem $6,968.00. Add-on payment, and lesser of 100% of billed charges. GMLOS + 8 Outlier per Diem $6,968.00. Add-on payment, and lesser of 100% of billed charges.",,,,,,,,,".  ",,,,,,,,,". GMLOS + 8 Outlier per Diem $6,968.00. Add-on payment, and lesser of 100% of billed charges. GMLOS + 8 Outlier per Diem $6,968.00. Add-on payment, and lesser of 100% of billed charges.",,,,,,,,,".  ",,,,,,,,,".  ",,,,,,,,,".  ",,,,,,,,,".  ",,,,,,,,,".  ",,,,,,,,,". 100 percent of Medicare DRG. Add-on payment,  . 100 percent of Medicare DRG. Add-on payment,  .",40886.74,157681.7,
APR759-4,DRG,,,,,APR759-4 EATING DISORDERS,,,Inpatient,,,,,,,,,,,,".  ",,,,,,,,,".  ",,,,,,,,,". GMLOS + 8 Outlier per Diem $6,968.00. Add-on payment, and lesser of 100% of billed charges. GMLOS + 8 Outlier per Diem $6,968.00. Add-on payment, and lesser of 100% of billed charges.",,100,,,,,0,Percent of total billed charges,100 percent of charges.  ; No services were performed during the 15 month look back period.,,,,,,,,,". 100 percent of Medicare DRG. Add-on payment,  . 100 percent of Medicare DRG. Add-on payment,  .",,,,,,,,,". GMLOS + 8 Outlier per Diem $6,968.00. Add-on payment, and lesser of 100% of billed charges. GMLOS + 8 Outlier per Diem $6,968.00. Add-on payment, and lesser of 100% of billed charges.",,,,,,,,,". GMLOS + 8 Outlier per Diem $6,968.00. Add-on payment, and lesser of 100% of billed charges. GMLOS + 8 Outlier per Diem $6,968.00. Add-on payment, and lesser of 100% of billed charges.",,,,,,,,,". GMLOS + 8 Outlier per Diem $6,968.00. Add-on payment, and lesser of 100% of billed charges. GMLOS + 8 Outlier per Diem $6,968.00. Add-on payment, and lesser of 100% of billed charges.",38835.29,,,,,,,Case Rate,". 155 percent of Medicaid DRG. Add-on payment, and lesser of 100% of billed charges. 155 percent of Medicaid DRG. Add-on payment, and lesser of 100% of billed charges.",25055.03,,,,,,,Case Rate,". 100 percent of Medicaid DRG. Add-on payment, and lesser of 100% of billed charges. 100 percent of Medicaid DRG. Add-on payment, and lesser of 100% of billed charges.",,73,,,,,0,Percent of total billed charges,73 percent of charges.  ; No services were performed during the 15 month look back period.,,,,,,,,,".  ",25055.03,,,,,,,Case Rate,". 100 percent of Medicaid DRG. Add-on payment, and lesser of 100% of billed charges. 100 percent of Medicaid DRG. Add-on payment, and lesser of 100% of billed charges.",,,,,,,,,". 100 percent of Medicare DRG. Add-on payment,  . 100 percent of Medicare DRG. Add-on payment,  .",,,,,,,,,".  ",,,,,,,,,".  ",,,,,,,,,".  ",,,,,,,,,".  ",25055.03,,,,,,,Case Rate,". 100 percent of Medicaid DRG. Add-on payment, and lesser of 100% of billed charges. 100 percent of Medicaid DRG. Add-on payment, and lesser of 100% of billed charges.",,,,,,,,,". 100 percent of Medicare DRG. Add-on payment,  . 100 percent of Medicare DRG. Add-on payment,  .",25055.03,,,,,,,Case Rate,". 100 percent of Medicaid DRG. Add-on payment, and lesser of 100% of billed charges. 100 percent of Medicaid DRG. Add-on payment, and lesser of 100% of billed charges.",,73,,,,,0,Percent of total billed charges,73 percent of charges.  ; No services were performed during the 15 month look back period.,,,,,,,,,". GMLOS + 8 Outlier per Diem $6,968.00. Add-on payment, and lesser of 100% of billed charges. GMLOS + 8 Outlier per Diem $6,968.00. Add-on payment, and lesser of 100% of billed charges.",,,,,,,,,". 100 percent of Medicare DRG. Add-on payment, and lesser of 100% of billed charges. 100 percent of Medicare DRG. Add-on payment, and lesser of 100% of billed charges.",,,,,,,,," ",,,,,,,,,". 100 percent of Medicare DRG. Add-on payment, and lesser of 100% of billed charges. 100 percent of Medicare DRG. Add-on payment, and lesser of 100% of billed charges.",,,,,,,,,". 100 percent of Medicare DRG. Add-on payment, and lesser of 100% of billed charges. 100 percent of Medicare DRG. Add-on payment, and lesser of 100% of billed charges.",,73,,,,,0,Percent of total billed charges,73 percent of charges.  ; No services were performed during the 15 month look back period.,25055.03,,,,,,,Case Rate,". 100 percent of Medicaid DRG. Add-on payment, and lesser of 100% of billed charges. 100 percent of Medicaid DRG. Add-on payment, and lesser of 100% of billed charges.",25055.03,,,,,,,Case Rate,". 100 percent of Medicaid DRG. Add-on payment, and lesser of 100% of billed charges. 100 percent of Medicaid DRG. Add-on payment, and lesser of 100% of billed charges.",25055.03,,,,,,,Case Rate,". 100 percent of Medicaid DRG. Add-on payment, and lesser of 100% of billed charges. 100 percent of Medicaid DRG. Add-on payment, and lesser of 100% of billed charges.",25055.03,,,,,,,Case Rate,". 100 percent of Medicaid DRG. Add-on payment, and lesser of 100% of billed charges. 100 percent of Medicaid DRG. Add-on payment, and lesser of 100% of billed charges.",,,,,,,,," ",,,,,,,,," ",25055.03,,,,,,,Case Rate,". 100 percent of Medicaid DRG. Add-on payment, and lesser of 100% of billed charges. 100 percent of Medicaid DRG. Add-on payment, and lesser of 100% of billed charges.",,,,,,,,," ",25055.03,,,,,,,Case Rate,". 100 percent of Medicaid DRG. Add-on payment, and lesser of 100% of billed charges. 100 percent of Medicaid DRG. Add-on payment, and lesser of 100% of billed charges.",,,,,,,,,". 100 percent of Medicare DRG. Add-on payment, . 100 percent of Medicare DRG. Add-on payment, .",,,,,,,,," ",,73,,,,,0,Percent of total billed charges,73 percent of charges.  ; No services were performed during the 15 month look back period.,25055.03,,,,,,,Case Rate,". 100 percent of Medicaid DRG. Add-on payment, and lesser of 100% of billed charges. 100 percent of Medicaid DRG. Add-on payment, and lesser of 100% of billed charges.",25055.03,,,,,,,Case Rate,". 100 percent of Medicaid DRG. Add-on payment, and lesser of 100% of billed charges. 100 percent of Medicaid DRG. Add-on payment, and lesser of 100% of billed charges.",,73,,,,,0,Percent of total billed charges,73 percent of charges.  ; No services were performed during the 15 month look back period.,,,,,,,,,".  ",,,,,,,,,".  ",,,,,,,,,".  ",,73,,,,,0,Percent of total billed charges,73 percent of charges.  ; No services were performed during the 15 month look back period.,,,,,,,,,". 100 percent of Medicare DRG. Add-on payment,  . 100 percent of Medicare DRG. Add-on payment,  .",,,,,,,,,".  ",,,,,,,,,".  ",,,,,,,,,".  ",,,,,,,,,". 100 percent of Medicare DRG. Add-on payment,  . 100 percent of Medicare DRG. Add-on payment,  .",,,,,,,,,".  ",,,,,,,,,".  ",,,,,,,,,". 100 percent of Medicare DRG. Add-on payment, and lesser of 100% of billed charges. 100 percent of Medicare DRG. Add-on payment, and lesser of 100% of billed charges.",,,,,,,,,".  ",,,,,,,,,".  ",,,,,,,,,".  ",,,,,,,,,".  ",,,,,,,,,".  ",,,,,,,,,".  ",,,,,,,,,".  ",,,,,,,,,". 100 percent of Medicare DRG. Add-on payment,  . 100 percent of Medicare DRG. Add-on payment,  .",,,,,,,,,". 100 percent of Medicare DRG. Add-on payment,  . 100 percent of Medicare DRG. Add-on payment,  .",,,,,,,,,".  ",,73,,,,,0,Percent of total billed charges,73 percent of charges.  ; No services were performed during the 15 month look back period.,,73,,,,,0,Percent of total billed charges,73 percent of charges.  ; No services were performed during the 15 month look back period.,,73,,,,,0,Percent of total billed charges,73 percent of charges.  ; No services were performed during the 15 month look back period.,,73,,,,,0,Percent of total billed charges,73 percent of charges.  ; No services were performed during the 15 month look back period.,,73,,,,,0,Percent of total billed charges,73 percent of charges.  ; No services were performed during the 15 month look back period.,,73,,,,,0,Percent of total billed charges,73 percent of charges.  ; No services were performed during the 15 month look back period.,,73,,,,,0,Percent of total billed charges,73 percent of charges.  ; No services were performed during the 15 month look back period.,,73,,,,,0,Percent of total billed charges,73 percent of charges.  ; No services were performed during the 15 month look back period.,,73,,,,,0,Percent of total billed charges,73 percent of charges.  ; No services were performed during the 15 month look back period.,,73,,,,,0,Percent of total billed charges,73 percent of charges.  ; No services were performed during the 15 month look back period.,,73,,,,,0,Percent of total billed charges,73 percent of charges.  ; No services were performed during the 15 month look back period.,,73,,,,,0,Percent of total billed charges,73 percent of charges.  ; No services were performed during the 15 month look back period.,,73,,,,,0,Percent of total billed charges,73 percent of charges.  ; No services were performed during the 15 month look back period.,,73,,,,,0,Percent of total billed charges,73 percent of charges.  ; No services were performed during the 15 month look back period.,,73,,,,,0,Percent of total billed charges,73 percent of charges.  ; No services were performed during the 15 month look back period.,,73,,,,,0,Percent of total billed charges,73 percent of charges.  ; No services were performed during the 15 month look back period.,,73,,,,,0,Percent of total billed charges,73 percent of charges.  ; No services were performed during the 15 month look back period.,,73,,,,,0,Percent of total billed charges,73 percent of charges.  ; No services were performed during the 15 month look back period.,,73,,,,,0,Percent of total billed charges,73 percent of charges.  ; No services were performed during the 15 month look back period.,,73,,,,,0,Percent of total billed charges,73 percent of charges.  ; No services were performed during the 15 month look back period.,,73,,,,,0,Percent of total billed charges,73 percent of charges.  ; No services were performed during the 15 month look back period.,,73,,,,,0,Percent of total billed charges,73 percent of charges.  ; No services were performed during the 15 month look back period.,,73,,,,,0,Percent of total billed charges,73 percent of charges.  ; No services were performed during the 15 month look back period.,,73,,,,,0,Percent of total billed charges,73 percent of charges.  ; No services were performed during the 15 month look back period.,,73,,,,,0,Percent of total billed charges,73 percent of charges.  ; No services were performed during the 15 month look back period.,,73,,,,,0,Percent of total billed charges,73 percent of charges.  ; No services were performed during the 15 month look back period.,,,,,,,,," ",,,,,,,,," ",,,,,,,,," ",,,,,,,,," ",,,,,,,,," ",,,,,,,,," ",,,,,,,,,".  ",,,,,,,,,".  ",,,,,,,,,".  ",,,,,,,,,".  ",,73,,,,,0,Percent of total billed charges,73 percent of charges.  ; No services were performed during the 15 month look back period.,,,,,,,,," ",,,,,,,,,".  ",,,,,,,,,".  ",,,,,,,,,".  ",,,,,,,,," ",,73,,,,,0,Percent of total billed charges,73 percent of charges.  ; No services were performed during the 15 month look back period.,25055.03,,,,,,,Case Rate,". 100 percent of Medicaid DRG. Add-on payment, and lesser of 100% of billed charges. 100 percent of Medicaid DRG. Add-on payment, and lesser of 100% of billed charges.",,,,,,,,," ",25055.03,,,,,,,Case Rate,". 100 percent of Medicaid DRG. Add-on payment, and lesser of 100% of billed charges. 100 percent of Medicaid DRG. Add-on payment, and lesser of 100% of billed charges.",,,,,,,,,". 100 percent of Medicare DRG. Add-on payment, . 100 percent of Medicare DRG. Add-on payment, .",,,,,,,,,". 100 percent of Medicare DRG. Add-on payment,  . 100 percent of Medicare DRG. Add-on payment,  .",,,,,,,,,".  ",,,,,,,,,". 100 percent of Medicare DRG. Add-on payment,  . 100 percent of Medicare DRG. Add-on payment,  .",,,,,,,,,". 100 percent of Medicare DRG. Add-on payment,  . 100 percent of Medicare DRG. Add-on payment,  .",25055.03,,,,,,,Case Rate,". 100 percent of Medicaid DRG. Add-on payment, and lesser of 100% of billed charges. 100 percent of Medicaid DRG. Add-on payment, and lesser of 100% of billed charges.",,,,,,,,,". 100 percent of Medicare DRG. Add-on payment,  . 100 percent of Medicare DRG. Add-on payment,  .",,,,,,,,,". 100 percent of Medicare DRG. Add-on payment,  . 100 percent of Medicare DRG. Add-on payment,  .",,,,,,,,,". GMLOS + 8 Outlier per Diem $6,968.00. Add-on payment, and lesser of 100% of billed charges. GMLOS + 8 Outlier per Diem $6,968.00. Add-on payment, and lesser of 100% of billed charges.",,,,,,,,,". GMLOS + 8 Outlier per Diem $6,968.00. Add-on payment, and lesser of 100% of billed charges. GMLOS + 8 Outlier per Diem $6,968.00. Add-on payment, and lesser of 100% of billed charges.",,,,,,,,,". 100 percent of Medicare DRG. Add-on payment,  . 100 percent of Medicare DRG. Add-on payment,  .",,,,,,,,,".  ",,,,,,,,,".  ",,,,,,,,,".  ",,,,,,,,,". 100 percent of Medicare DRG. Add-on payment,  . 100 percent of Medicare DRG. Add-on payment,  .",,,,,,,,,".  ",,,,,,,,,". GMLOS + 8 Outlier per Diem $6,968.00. Add-on payment, and lesser of 100% of billed charges. GMLOS + 8 Outlier per Diem $6,968.00. Add-on payment, and lesser of 100% of billed charges.",,,,,,,,,". GMLOS + 8 Outlier per Diem $6,968.00. Add-on payment, and lesser of 100% of billed charges. GMLOS + 8 Outlier per Diem $6,968.00. Add-on payment, and lesser of 100% of billed charges.",,,,,,,,,". GMLOS + 8 Outlier per Diem $6,968.00. Add-on payment, and lesser of 100% of billed charges. GMLOS + 8 Outlier per Diem $6,968.00. Add-on payment, and lesser of 100% of billed charges.",,73,,,,,0,Percent of total billed charges,73 percent of charges.  ; No services were performed during the 15 month look back period.,,73,,,,,0,Percent of total billed charges,73 percent of charges.  ; No services were performed during the 15 month look back period.,,73,,,,,0,Percent of total billed charges,73 percent of charges.  ; No services were performed during the 15 month look back period.,,73,,,,,0,Percent of total billed charges,73 percent of charges.  ; No services were performed during the 15 month look back period.,,73,,,,,0,Percent of total billed charges,73 percent of charges.  ; No services were performed during the 15 month look back period.,,73,,,,,0,Percent of total billed charges,73 percent of charges.  ; No services were performed during the 15 month look back period.,,73,,,,,0,Percent of total billed charges,73 percent of charges.  ; No services were performed during the 15 month look back period.,,73,,,,,0,Percent of total billed charges,73 percent of charges.  ; No services were performed during the 15 month look back period.,,73,,,,,0,Percent of total billed charges,73 percent of charges.  ; No services were performed during the 15 month look back period.,,73,,,,,0,Percent of total billed charges,73 percent of charges.  ; No services were performed during the 15 month look back period.,,73,,,,,0,Percent of total billed charges,73 percent of charges.  ; No services were performed during the 15 month look back period.,,,,,,,,," ",,,,,,,,,".  ",,,,,,,,,".  ",,,,,,,,,". 100 percent of Medicare DRG. Add-on payment,  . 100 percent of Medicare DRG. Add-on payment,  .",,,,,,,,,". GMLOS + 8 Outlier per Diem $6,968.00. Add-on payment, and lesser of 100% of billed charges. GMLOS + 8 Outlier per Diem $6,968.00. Add-on payment, and lesser of 100% of billed charges.",,,,,,,,,".  ",,,,,,,,,".  ",,73,,,,,0,Percent of total billed charges,73 percent of charges.  ; No services were performed during the 15 month look back period.,50110.05,,,,,,,Case Rate,". 200 percent of Medicaid DRG. Add-on payment, and lesser of 200% of billed charges. 200 percent of Medicaid DRG. Add-on payment, and lesser of 200% of billed charges.",,,,,,,,,".  ",25055.03,,,,,,,Case Rate,". 100 percent of Medicaid DRG. Add-on payment, and lesser of 100% of billed charges. 100 percent of Medicaid DRG. Add-on payment, and lesser of 100% of billed charges.",,,,,,,,,". 100 percent of Medicare DRG. Add-on payment,  . 100 percent of Medicare DRG. Add-on payment,  .",,,,,,,,,". 100 percent of Medicare DRG. Add-on payment,  . 100 percent of Medicare DRG. Add-on payment,  .",,,,,,,,,". 100 percent of Medicare DRG. Add-on payment,  . 100 percent of Medicare DRG. Add-on payment,  .",,,,,,,,,". 100 percent of Medicare DRG. Add-on payment,  . 100 percent of Medicare DRG. Add-on payment,  .",,,,,,,,,". 100 percent of Medicare DRG. Add-on payment,  . 100 percent of Medicare DRG. Add-on payment,  .",,,,,,,,,". 100 percent of Medicare DRG. Add-on payment,  . 100 percent of Medicare DRG. Add-on payment,  .",,,,,,,,,".  ",,,,,,,,,".  ",56373.81,,,,,,,Case Rate,". 225 percent of Medicaid DRG. Add-on payment, and lesser of 100% of billed charges. 225 percent of Medicaid DRG. Add-on payment, and lesser of 100% of billed charges.",56373.81,,,,,,,Case Rate,". 225 percent of Medicaid DRG. Add-on payment, and lesser of 100% of billed charges. 225 percent of Medicaid DRG. Add-on payment, and lesser of 100% of billed charges.",56373.81,,,,,,,Case Rate,". 225 percent of Medicaid DRG. Add-on payment, and lesser of 100% of billed charges. 225 percent of Medicaid DRG. Add-on payment, and lesser of 100% of billed charges.",56373.81,,,,,,,Case Rate,". 225 percent of Medicaid DRG. Add-on payment, and lesser of 100% of billed charges. 225 percent of Medicaid DRG. Add-on payment, and lesser of 100% of billed charges.",56373.81,,,,,,,Case Rate,". 225 percent of Medicaid DRG. Add-on payment, and lesser of 100% of billed charges. 225 percent of Medicaid DRG. Add-on payment, and lesser of 100% of billed charges.",,,,,,,,," ",,,,,,,,,".  ",,,,,,,,," ",,,,,,,,," ",,,,,,,,," ",,,,,,,,," ",,,,,,,,," ",,,,,,,,,". 100 percent of Medicare DRG. Add-on payment,  . 100 percent of Medicare DRG. Add-on payment,  .",,,,,,,,," ",,,,,,,,," ",,,,,,,,," ",,,,,,,,," ",,,,,,,,,". GMLOS + 8 Outlier per Diem $6,968.00. Add-on payment, and lesser of 100% of billed charges. GMLOS + 8 Outlier per Diem $6,968.00. Add-on payment, and lesser of 100% of billed charges.",,,,,,,,,". GMLOS + 8 Outlier per Diem $6,968.00. Add-on payment, and lesser of 100% of billed charges. GMLOS + 8 Outlier per Diem $6,968.00. Add-on payment, and lesser of 100% of billed charges.",,,,,,,,,". GMLOS + 8 Outlier per Diem $6,968.00. Add-on payment, and lesser of 100% of billed charges. GMLOS + 8 Outlier per Diem $6,968.00. Add-on payment, and lesser of 100% of billed charges.",,,,,,,,,". GMLOS + 8 Outlier per Diem $6,968.00. Add-on payment, and lesser of 100% of billed charges. GMLOS + 8 Outlier per Diem $6,968.00. Add-on payment, and lesser of 100% of billed charges.",,,,,,,,,".  ",,,,,,,,,".  ",,,,,,,,,". 100 percent of Medicare DRG. Add-on payment,  . 100 percent of Medicare DRG. Add-on payment,  .",,,,,,,,,". 100 percent of Medicare DRG. Add-on payment,  . 100 percent of Medicare DRG. Add-on payment,  .",,,,,,,,,". 100 percent of Medicare DRG. Add-on payment,  . 100 percent of Medicare DRG. Add-on payment,  .",,,,,,,,,".  ",,,,,,,,,".  ",,,,,,,,,".  ",,,,,,,,,".  ",,,,,,,,,". GMLOS + 8 Outlier per Diem $6,968.00. Add-on payment, and lesser of 100% of billed charges. GMLOS + 8 Outlier per Diem $6,968.00. Add-on payment, and lesser of 100% of billed charges.",,,,,,,,,". 100 percent of Medicare DRG. Add-on payment,  . 100 percent of Medicare DRG. Add-on payment,  .",,,,,,,,,".  ",25055.03,,,,,,,Case Rate,". 100 percent of Medicaid DRG. Add-on payment, and lesser of 100% of billed charges. 100 percent of Medicaid DRG. Add-on payment, and lesser of 100% of billed charges.",,,,,,,,,". 100 percent of Medicare DRG. Add-on payment, and lesser of 100% of billed charges. 100 percent of Medicare DRG. Add-on payment, and lesser of 100% of billed charges.",,,,,,,,,". 100 percent of Medicare DRG. Add-on payment, and lesser of 100% of billed charges. 100 percent of Medicare DRG. Add-on payment, and lesser of 100% of billed charges.",,,,,,,,,". 100 percent of Medicare DRG. Add-on payment, and lesser of 100% of billed charges. 100 percent of Medicare DRG. Add-on payment, and lesser of 100% of billed charges.",25055.03,,,,,,,Case Rate,". 100 percent of Medicaid DRG. Add-on payment, and lesser of 100% of billed charges. 100 percent of Medicaid DRG. Add-on payment, and lesser of 100% of billed charges.",56373.81,,,,,,,Case Rate,". 225 percent of Medicaid DRG. Add-on payment, and lesser of 225% of billed charges. 225 percent of Medicaid DRG. Add-on payment, and lesser of 225% of billed charges.",56373.81,,,,,,,Case Rate,". 225 percent of Medicaid DRG. Add-on payment, and lesser of 225% of billed charges. 225 percent of Medicaid DRG. Add-on payment, and lesser of 225% of billed charges.",56373.81,,,,,,,Case Rate,". 225 percent of Medicaid DRG. Add-on payment, and lesser of 225% of billed charges. 225 percent of Medicaid DRG. Add-on payment, and lesser of 225% of billed charges.",56373.81,,,,,,,Case Rate,". 225 percent of Medicaid DRG. Add-on payment, and lesser of 225% of billed charges. 225 percent of Medicaid DRG. Add-on payment, and lesser of 225% of billed charges.",56373.81,,,,,,,Case Rate,". 225 percent of Medicaid DRG. Add-on payment, and lesser of 225% of billed charges. 225 percent of Medicaid DRG. Add-on payment, and lesser of 225% of billed charges.",,,,,,,,,". 100 percent of Medicare DRG. Add-on payment, and lesser of 100% of billed charges. 100 percent of Medicare DRG. Add-on payment, and lesser of 100% of billed charges.",25055.03,,,,,,,Case Rate,". 100 percent of Medicaid DRG. Add-on payment, and lesser of 100% of billed charges. 100 percent of Medicaid DRG. Add-on payment, and lesser of 100% of billed charges.",25055.03,,,,,,,Case Rate,". 100 percent of Medicaid DRG. Add-on payment, and lesser of 100% of billed charges. 100 percent of Medicaid DRG. Add-on payment, and lesser of 100% of billed charges.",56373.81,,,,,,,Case Rate,". 225 percent of Medicaid DRG. Add-on payment, and lesser of 225% of billed charges. 225 percent of Medicaid DRG. Add-on payment, and lesser of 225% of billed charges.",56373.81,,,,,,,Case Rate,". 225 percent of Medicaid DRG. Add-on payment, and lesser of 225% of billed charges. 225 percent of Medicaid DRG. Add-on payment, and lesser of 225% of billed charges.",25055.03,,,,,,,Case Rate,". 100 percent of Medicaid DRG. Add-on payment, and lesser of 100% of billed charges. 100 percent of Medicaid DRG. Add-on payment, and lesser of 100% of billed charges.",25055.03,,,,,,,Case Rate,". 100 percent of Medicaid DRG. Add-on payment, and lesser of 100% of billed charges. 100 percent of Medicaid DRG. Add-on payment, and lesser of 100% of billed charges.",56373.81,,,,,,,Case Rate,". 225 percent of Medicaid DRG. Add-on payment, and lesser of 100% of billed charges. 225 percent of Medicaid DRG. Add-on payment, and lesser of 100% of billed charges.",,,,,,,,,". 100 percent of Medicare DRG. Add-on payment,  . 100 percent of Medicare DRG. Add-on payment,  .",,,,,,,,,". 100 percent of Medicare DRG. Add-on payment,  . 100 percent of Medicare DRG. Add-on payment,  .",,,,,,,,,". GMLOS + 8 Outlier per Diem $6,968.00. Add-on payment, and lesser of 100% of billed charges. GMLOS + 8 Outlier per Diem $6,968.00. Add-on payment, and lesser of 100% of billed charges.",,,,,,,,,". 100 percent of Medicare DRG. Add-on payment,  . 100 percent of Medicare DRG. Add-on payment,  .",56373.81,,,,,,,Case Rate,". 225 percent of Medicaid DRG. Add-on payment, and lesser of 225% of billed charges. 225 percent of Medicaid DRG. Add-on payment, and lesser of 225% of billed charges.",56373.81,,,,,,,Case Rate,". 225 percent of Medicaid DRG. Add-on payment, and lesser of 225% of billed charges. 225 percent of Medicaid DRG. Add-on payment, and lesser of 225% of billed charges.",25055.03,,,,,,,Case Rate,". 100 percent of Medicaid DRG. Add-on payment, and lesser of 100% of billed charges. 100 percent of Medicaid DRG. Add-on payment, and lesser of 100% of billed charges.",25055.03,,,,,,,Case Rate,". 100 percent of Medicaid DRG. Add-on payment, and lesser of 100% of billed charges. 100 percent of Medicaid DRG. Add-on payment, and lesser of 100% of billed charges.",40955.64,,,,,,,Case Rate,". 225 percent of Medicaid DRG. Add-on payment, and lesser of 225% of billed charges. 225 percent of Medicaid DRG. Add-on payment, and lesser of 225% of billed charges.",25055.03,,,,,,,Case Rate,". 100 percent of Medicaid DRG. Add-on payment, and lesser of 100% of billed charges. 100 percent of Medicaid DRG. Add-on payment, and lesser of 100% of billed charges.",72659.58,,,,,,,Case Rate,". 290 percent of Medicaid DRG. Add-on payment, and lesser of 100% of billed charges. 290 percent of Medicaid DRG. Add-on payment, and lesser of 100% of billed charges.",72659.58,,,,,,,Case Rate,". 290 percent of Medicaid DRG. Add-on payment, and lesser of 100% of billed charges. 290 percent of Medicaid DRG. Add-on payment, and lesser of 100% of billed charges.",72659.58,,,,,,,Case Rate,". 290 percent of Medicaid DRG. Add-on payment, and lesser of 100% of billed charges. 290 percent of Medicaid DRG. Add-on payment, and lesser of 100% of billed charges.",72659.58,,,,,,,Case Rate,". 290 percent of Medicaid DRG. Add-on payment, and lesser of 100% of billed charges. 290 percent of Medicaid DRG. Add-on payment, and lesser of 100% of billed charges.",,,,,,,,," ",,,,,,,,,".  ",33824.29,,,,,,,Case Rate,"135% of Medicaid EP 1 and 2, 100% of medicaid EP 3 and 4.  ",33824.29,,,,,,,Case Rate,"135% of Medicaid EP 1 and 2, 100% of medicaid EP 3 and 4.  ",25055.03,,,,,,,Case Rate,". 100 percent of Medicaid DRG. Add-on payment, and lesser of 100% of billed charges. 100 percent of Medicaid DRG. Add-on payment, and lesser of 100% of billed charges.",25055.03,,,,,,,Case Rate,". 100 percent of Medicaid DRG. Add-on payment, and lesser of 100% of billed charges. 100 percent of Medicaid DRG. Add-on payment, and lesser of 100% of billed charges.",,,,,,,,,".  ",,,,,,,,,".  ",,,,,,,,,". 100 percent of Medicare DRG. Add-on payment,  . 100 percent of Medicare DRG. Add-on payment,  .",,,,,,,,,".  ",,,,,,,,,".  ",,,,,,,,,".  ",,,,,,,,,".  ",,,,,,,,,". 100 percent of Medicare DRG. Add-on payment,  . 100 percent of Medicare DRG. Add-on payment,  .",,,,,,,,,".  ",,,,,,,,,".  ",,,,,,,,,". GMLOS + 8 Outlier per Diem $6,968.00. Add-on payment, and lesser of 100% of billed charges. GMLOS + 8 Outlier per Diem $6,968.00. Add-on payment, and lesser of 100% of billed charges.",25055.03,,,,,,,Case Rate,". 100 percent of Medicaid DRG. Add-on payment, and lesser of 100% of billed charges. 100 percent of Medicaid DRG. Add-on payment, and lesser of 100% of billed charges.",25055.03,,,,,,,Case Rate,". 100 percent of Medicaid DRG. Add-on payment, and lesser of 100% of billed charges. 100 percent of Medicaid DRG. Add-on payment, and lesser of 100% of billed charges.",56373.81,,,,,,,Case Rate,". 225 percent of Medicaid DRG. Add-on payment, and lesser of 225% of billed charges. 225 percent of Medicaid DRG. Add-on payment, and lesser of 225% of billed charges.",40955.64,,,,,,,Case Rate,". 225 percent of Medicaid DRG. Add-on payment, and lesser of 225% of billed charges. 225 percent of Medicaid DRG. Add-on payment, and lesser of 225% of billed charges.",25055.03,,,,,,,Case Rate,". 100 percent of Medicaid DRG. Add-on payment, and lesser of 100% of billed charges. 100 percent of Medicaid DRG. Add-on payment, and lesser of 100% of billed charges.",56373.81,,,,,,,Case Rate,". 225 percent of Medicaid DRG. Add-on payment, and lesser of 225% of billed charges. 225 percent of Medicaid DRG. Add-on payment, and lesser of 225% of billed charges.",56373.81,,,,,,,Case Rate,". 225 percent of Medicaid DRG. Add-on payment, and lesser of 225% of billed charges. 225 percent of Medicaid DRG. Add-on payment, and lesser of 225% of billed charges.",56373.81,,,,,,,Case Rate,". 225 percent of Medicaid DRG. Add-on payment, and lesser of 225% of billed charges. 225 percent of Medicaid DRG. Add-on payment, and lesser of 225% of billed charges.",56373.81,,,,,,,Case Rate,". 225 percent of Medicaid DRG. Add-on payment, and lesser of 225% of billed charges. 225 percent of Medicaid DRG. Add-on payment, and lesser of 225% of billed charges.",56373.81,,,,,,,Case Rate,". 225 percent of Medicaid DRG. Add-on payment, and lesser of 225% of billed charges. 225 percent of Medicaid DRG. Add-on payment, and lesser of 225% of billed charges.",56373.81,,,,,,,Case Rate,". 225 percent of Medicaid DRG. Add-on payment, and lesser of 225% of billed charges. 225 percent of Medicaid DRG. Add-on payment, and lesser of 225% of billed charges.",,,,,,,,," ",,,,,,,,," ",,,,,,,,," ",,,,,,,,,".  ",,,,,,,,," ",,,,,,,,,". 100 percent of Medicare DRG. Add-on payment,  . 100 percent of Medicare DRG. Add-on payment,  .",,,,,,,,,".  ",,,,,,,,,". 100 percent of Medicare DRG. Add-on payment,  . 100 percent of Medicare DRG. Add-on payment,  .",,,,,,,,,". 100 percent of Medicare DRG. Add-on payment,  . 100 percent of Medicare DRG. Add-on payment,  .",33824.29,,,,,,,Case Rate,"135% of Medicaid EP 1 and 2, 100% of medicaid EP 3 and 4.  ",33824.29,,,,,,,Case Rate,"135% of Medicaid EP 1 and 2, 100% of medicaid EP 3 and 4.  ",25055.03,,,,,,,Case Rate,". 100 percent of Medicaid DRG. Add-on payment, and lesser of 100% of billed charges. 100 percent of Medicaid DRG. Add-on payment, and lesser of 100% of billed charges.",25055.03,,,,,,,Case Rate,". 100 percent of Medicaid DRG. Add-on payment, and lesser of 100% of billed charges. 100 percent of Medicaid DRG. Add-on payment, and lesser of 100% of billed charges.",25055.03,,,,,,,Case Rate,". 100 percent of Medicaid DRG. Add-on payment, and lesser of 100% of billed charges. 100 percent of Medicaid DRG. Add-on payment, and lesser of 100% of billed charges.",,,,,,,,," ",,,,,,,,,". GMLOS + 8 Outlier per Diem $6,968.00. Add-on payment, and lesser of 100% of billed charges. GMLOS + 8 Outlier per Diem $6,968.00. Add-on payment, and lesser of 100% of billed charges.",,,,,,,,," ",,,,,,,,,".  ",,,,,,,,,". 100 percent of Medicare DRG. Add-on payment, . 100 percent of Medicare DRG. Add-on payment, .",,,,,,,,,". 100 percent of Medicare DRG. Add-on payment,  . 100 percent of Medicare DRG. Add-on payment,  .",,,,,,,,,". 100 percent of Medicare DRG. Add-on payment,  . 100 percent of Medicare DRG. Add-on payment,  .",,,,,,,,,". 100 percent of Medicare DRG. Add-on payment,  . 100 percent of Medicare DRG. Add-on payment,  .",,,,,,,,,". 100 percent of Medicare DRG. Add-on payment, . 100 percent of Medicare DRG. Add-on payment, .",,,,,,,,,". 100 percent of Medicare DRG. Add-on payment,  . 100 percent of Medicare DRG. Add-on payment,  .",,,,,,,,," ",56373.81,,,,,,,Case Rate,". 225 percent of Medicaid DRG. Add-on payment, and lesser of 225% of billed charges. 225 percent of Medicaid DRG. Add-on payment, and lesser of 225% of billed charges.",25055.03,,,,,,,Case Rate,". 100 percent of Medicaid DRG. Add-on payment, and lesser of 100% of billed charges. 100 percent of Medicaid DRG. Add-on payment, and lesser of 100% of billed charges.",,,,,,,,,".  ",,,,,,,,," ",,,,,,,,," ",,,,,,,,," ",,,,,,,,," ",,,,,,,,,". 100 percent of Medicare DRG. Add-on payment,  . 100 percent of Medicare DRG. Add-on payment,  .",25055.03,,,,,,,Case Rate,". 100 percent of Medicaid DRG. Add-on payment, and lesser of 100% of billed charges. 100 percent of Medicaid DRG. Add-on payment, and lesser of 100% of billed charges.",,,,,,,,,".  ",25055.03,,,,,,,Case Rate,". 100 percent of Medicaid DRG. Add-on payment, and lesser of 100% of billed charges. 100 percent of Medicaid DRG. Add-on payment, and lesser of 100% of billed charges.",,,,,,,,,". 100 percent of Medicare DRG. Add-on payment,  . 100 percent of Medicare DRG. Add-on payment,  .",25055.03,,,,,,,Case Rate,". 100 percent of Medicaid DRG. Add-on payment, and lesser of 100% of billed charges. 100 percent of Medicaid DRG. Add-on payment, and lesser of 100% of billed charges.",,,,,,,,,". 100 percent of Medicare DRG. Add-on payment,  . 100 percent of Medicare DRG. Add-on payment,  .",,,,,,,,,". 100 percent of Medicare DRG. Add-on payment,  . 100 percent of Medicare DRG. Add-on payment,  .",25055.03,,,,,,,Case Rate,". 100 percent of Medicaid DRG. Add-on payment, and lesser of 100% of billed charges. 100 percent of Medicaid DRG. Add-on payment, and lesser of 100% of billed charges.",25055.03,,,,,,,Case Rate,". 100 percent of Medicaid DRG. Add-on payment, and lesser of 100% of billed charges. 100 percent of Medicaid DRG. Add-on payment, and lesser of 100% of billed charges.",,,,,,,,," ",,,,,,,,,".  ",,73,,,,,0,Percent of total billed charges,73 percent of charges.  ; No services were performed during the 15 month look back period.,,,,,,,,,".  ",,,,,,,,,".  ",,,,,,,,,". GMLOS + 8 Outlier per Diem $6,968.00. Add-on payment, and lesser of 100% of billed charges. GMLOS + 8 Outlier per Diem $6,968.00. Add-on payment, and lesser of 100% of billed charges.",,,,,,,,,". 93 percent of Medicare DRG. Add-on payment, and lesser of 100% of billed charges. 93 percent of Medicare DRG. Add-on payment, and lesser of 100% of billed charges.",,,,,,,,," ",,,,,,,,," ",,,,,,,,,".  ",,,,,,,,,".  ",,,,,,,,,". 100 percent of Medicare DRG. Add-on payment,  . 100 percent of Medicare DRG. Add-on payment,  .",,,,,,,,,". 100 percent of Medicare DRG. Add-on payment,  . 100 percent of Medicare DRG. Add-on payment,  .",,,,,,,,,". 100 percent of Medicare DRG. Add-on payment,  . 100 percent of Medicare DRG. Add-on payment,  .",,,,,,,,,". 100 percent of Medicare DRG. Add-on payment,  . 100 percent of Medicare DRG. Add-on payment,  .",,,,,,,,,".  ",,,,,,,,,".  ",,,,,,,,,".  ",,,,,,,,,". 100 percent of Medicare DRG. Add-on payment,  . 100 percent of Medicare DRG. Add-on payment,  .",,,,,,,,,".  ",,,,,,,,," ",25055.03,,,,,,,Case Rate,". 100 percent of Medicaid DRG. Add-on payment, and lesser of 100% of billed charges. 100 percent of Medicaid DRG. Add-on payment, and lesser of 100% of billed charges.",25055.03,,,,,,,Case Rate,". 100 percent of Medicaid DRG. Add-on payment, and lesser of 100% of billed charges. 100 percent of Medicaid DRG. Add-on payment, and lesser of 100% of billed charges.",,,,,,,,," ",,,,,,,,,".  ",,,,,,,,,".  ",,,,,,,,,".  ",,,,,,,,,".  ",,,,,,,,,". 100 percent of Medicare DRG. Add-on payment, . 100 percent of Medicare DRG. Add-on payment, .",26307.78,,,,,,,Case Rate,". 105 percent of Medicaid DRG. Add-on payment, and lesser of 100% of billed charges. 105 percent of Medicaid DRG. Add-on payment, and lesser of 100% of billed charges.",26307.78,,,,,,,Case Rate,". 105 percent of Medicaid DRG. Add-on payment, and lesser of 100% of billed charges. 105 percent of Medicaid DRG. Add-on payment, and lesser of 100% of billed charges.",26307.78,,,,,,,Case Rate,". 105 percent of Medicaid DRG. Add-on payment, and lesser of 100% of billed charges. 105 percent of Medicaid DRG. Add-on payment, and lesser of 100% of billed charges.",26307.78,,,,,,,Case Rate,". 105 percent of Medicaid DRG. Add-on payment, and lesser of 100% of billed charges. 105 percent of Medicaid DRG. Add-on payment, and lesser of 100% of billed charges.",,,,,,,,,".  ",26307.78,,,,,,,Case Rate,". 105 percent of Medicaid DRG. Add-on payment, and lesser of 100% of billed charges. 105 percent of Medicaid DRG. Add-on payment, and lesser of 100% of billed charges.",26307.78,,,,,,,Case Rate,". 105 percent of Medicaid DRG. Add-on payment, and lesser of 100% of billed charges. 105 percent of Medicaid DRG. Add-on payment, and lesser of 100% of billed charges.",26307.78,,,,,,,Case Rate,". 105 percent of Medicaid DRG. Add-on payment, and lesser of 100% of billed charges. 105 percent of Medicaid DRG. Add-on payment, and lesser of 100% of billed charges.",26307.78,,,,,,,Case Rate,". 105 percent of Medicaid DRG. Add-on payment, and lesser of 100% of billed charges. 105 percent of Medicaid DRG. Add-on payment, and lesser of 100% of billed charges.",26307.78,,,,,,,Case Rate,". 105 percent of Medicaid DRG. Add-on payment, and lesser of 100% of billed charges. 105 percent of Medicaid DRG. Add-on payment, and lesser of 100% of billed charges.",26307.78,,,,,,,Case Rate,". 105 percent of Medicaid DRG. Add-on payment, and lesser of 100% of billed charges. 105 percent of Medicaid DRG. Add-on payment, and lesser of 100% of billed charges.",26307.78,,,,,,,Case Rate,". 105 percent of Medicaid DRG. Add-on payment, and lesser of 100% of billed charges. 105 percent of Medicaid DRG. Add-on payment, and lesser of 100% of billed charges.",,,,,,,,,". 100 percent of Medicare DRG. Add-on payment,  . 100 percent of Medicare DRG. Add-on payment,  .",,,,,,,,,".  ",,,,,,,,,". 100 percent of Medicare DRG. Add-on payment,  . 100 percent of Medicare DRG. Add-on payment,  .",26307.78,,,,,,,Case Rate,". 105 percent of Medicaid DRG. Add-on payment, and lesser of 100% of billed charges. 105 percent of Medicaid DRG. Add-on payment, and lesser of 100% of billed charges.",,,,,,,,,".  ",,,,,,,,,". 100 percent of Medicare DRG. Add-on payment,  . 100 percent of Medicare DRG. Add-on payment,  .",,,,,,,,,".  ",,,,,,,,,".  ",,,,,,,,,".  ",26307.78,,,,,,,Case Rate,". 105 percent of Medicaid DRG. Add-on payment, and lesser of 100% of billed charges. 105 percent of Medicaid DRG. Add-on payment, and lesser of 100% of billed charges.",,,,,,,,,". 100 percent of Medicare DRG. Add-on payment,  . 100 percent of Medicare DRG. Add-on payment,  .",,,,,,,,,".  ",26307.78,,,,,,,Case Rate,". 105 percent of Medicaid DRG. Add-on payment, and lesser of 100% of billed charges. 105 percent of Medicaid DRG. Add-on payment, and lesser of 100% of billed charges.",,,,,,,,,".  ",,,,,,,,,". Delay in Discharge per diem $4,1597 Delay in Discharge per diem $4,1597",,,,,,,,,". 100 percent of Medicare DRG. Add-on payment, . 100 percent of Medicare DRG. Add-on payment, .",,,,,,,,," ",,,,,,,,," ",,,,,,,,," ",,,,,,,,," ",,,,,,,,," ",,,,,,,,," ",,,,,,,,," ",,,,,,,,," ",,,,,,,,," ",,,,,,,,," ",,,,,,,,," ",,,,,,,,," ",,,,,,,,,". 100 percent of Medicare DRG. Add-on payment,  . 100 percent of Medicare DRG. Add-on payment,  .",,,,,,,,," ",,,,,,,,,". 100 percent of Medicare DRG. Add-on payment,  . 100 percent of Medicare DRG. Add-on payment,  .",56373.81,,,,,,,Case Rate,". 225 percent of Medicaid DRG. Add-on payment, and lesser of 225% of billed charges. 225 percent of Medicaid DRG. Add-on payment, and lesser of 225% of billed charges.",25055.03,,,,,,,Case Rate,". 100 percent of Medicaid DRG. Add-on payment, and lesser of 100% of billed charges. 100 percent of Medicaid DRG. Add-on payment, and lesser of 100% of billed charges.",,,,,,,,,".  ",,,,,,,,,".  ",,,,,,,,,". 100 percent of Medicare DRG. Add-on payment,  . 100 percent of Medicare DRG. Add-on payment,  .",,,,,,,,," ",,,,,,,,,". 100 percent of Medicare DRG. Add-on payment,  . 100 percent of Medicare DRG. Add-on payment,  .",,,,,,,,,". 100 percent of Medicare DRG. Add-on payment,  . 100 percent of Medicare DRG. Add-on payment,  .",,,,,,,,,". GMLOS + 8 Outlier per Diem $6,968.00. Add-on payment, and lesser of 100% of billed charges. GMLOS + 8 Outlier per Diem $6,968.00. Add-on payment, and lesser of 100% of billed charges.",,,,,,,,,". 100 percent of Medicare DRG. Add-on payment,  . 100 percent of Medicare DRG. Add-on payment,  .",,,,,,,,,".  ",,,,,,,,,". 100 percent of Medicare DRG. Add-on payment,  . 100 percent of Medicare DRG. Add-on payment,  .",,,,,,,,,".  ",,,,,,,,,". GMLOS + 8 Outlier per Diem $6,968.00. Add-on payment, and lesser of 100% of billed charges. GMLOS + 8 Outlier per Diem $6,968.00. Add-on payment, and lesser of 100% of billed charges.",,,,,,,,,".  ",,,,,,,,,". 100 percent of Medicare DRG. Add-on payment,  . 100 percent of Medicare DRG. Add-on payment,  .",25055.03,,,,,,,Case Rate,". 100 percent of Medicaid DRG. Add-on payment, and lesser of 100% of billed charges. 100 percent of Medicaid DRG. Add-on payment, and lesser of 100% of billed charges.",,,,,,,,,". 100 percent of Medicare DRG. Add-on payment,  . 100 percent of Medicare DRG. Add-on payment,  .",,,,,,,,,".  ",,,,,,,,,".  ",25055.03,,,,,,,Case Rate,". 100 percent of Medicaid DRG. Add-on payment, and lesser of 100% of billed charges. 100 percent of Medicaid DRG. Add-on payment, and lesser of 100% of billed charges.",,,,,,,,,".  ",25055.03,,,,,,,Case Rate,". 100 percent of Medicaid DRG. Add-on payment, and lesser of 100% of billed charges. 100 percent of Medicaid DRG. Add-on payment, and lesser of 100% of billed charges.",25055.03,,,,,,,Case Rate,". 100 percent of Medicaid DRG. Add-on payment, and lesser of 100% of billed charges. 100 percent of Medicaid DRG. Add-on payment, and lesser of 100% of billed charges.",,,,,,,,,".  ",,,,,,,,,".  ",,,,,,,,,".  ",,,,,,,,,".  ",,,,,,,,,".  ",,,,,,,,,".  ",,,,,,,,,".  ",,,,,,,,," ",,,,,,,,," ",,,,,,,,," ",25055.03,,,,,,,Case Rate,". 100 percent of Medicaid DRG. Add-on payment, and lesser of 100% of billed charges. 100 percent of Medicaid DRG. Add-on payment, and lesser of 100% of billed charges.",,,,,,,,,".  ",,,,,,,,,".  ",,,,,,,,,". GMLOS + 8 Outlier per Diem $6,968.00. Add-on payment, and lesser of 100% of billed charges. GMLOS + 8 Outlier per Diem $6,968.00. Add-on payment, and lesser of 100% of billed charges.",,,,,,,,,".  ",,,,,,,,,". GMLOS + 8 Outlier per Diem $6,968.00. Add-on payment, and lesser of 100% of billed charges. GMLOS + 8 Outlier per Diem $6,968.00. Add-on payment, and lesser of 100% of billed charges.",,,,,,,,,".  ",,,,,,,,,".  ",,,,,,,,,".  ",,,,,,,,,".  ",,,,,,,,,".  ",,,,,,,,,". 100 percent of Medicare DRG. Add-on payment,  . 100 percent of Medicare DRG. Add-on payment,  .",18202.51,72659.58,
APR776-4,DRG,,,,,APR776-4 OTHER DRUG ABUSE & DEPENDENCE,,,Inpatient,,,,,,,,,,,,".  ",,,,,,,,,".  ",,,,,,,,,". GMLOS + 8 Outlier per Diem $6,968.00. Add-on payment, and lesser of 100% of billed charges. GMLOS + 8 Outlier per Diem $6,968.00. Add-on payment, and lesser of 100% of billed charges.",,100,,,,,0,Percent of total billed charges,100 percent of charges.  ; No services were performed during the 15 month look back period.,,,,,,,,,". 100 percent of Medicare DRG. Add-on payment,  . 100 percent of Medicare DRG. Add-on payment,  .",,,,,,,,,". GMLOS + 8 Outlier per Diem $6,968.00. Add-on payment, and lesser of 100% of billed charges. GMLOS + 8 Outlier per Diem $6,968.00. Add-on payment, and lesser of 100% of billed charges.",,,,,,,,,". GMLOS + 8 Outlier per Diem $6,968.00. Add-on payment, and lesser of 100% of billed charges. GMLOS + 8 Outlier per Diem $6,968.00. Add-on payment, and lesser of 100% of billed charges.",,,,,,,,,". GMLOS + 8 Outlier per Diem $6,968.00. Add-on payment, and lesser of 100% of billed charges. GMLOS + 8 Outlier per Diem $6,968.00. Add-on payment, and lesser of 100% of billed charges.",15094.65,,,,,,,Case Rate,". 155 percent of Medicaid DRG. Add-on payment, and lesser of 100% of billed charges. 155 percent of Medicaid DRG. Add-on payment, and lesser of 100% of billed charges.",9738.48,,,,,,,Case Rate,". 100 percent of Medicaid DRG. Add-on payment, and lesser of 100% of billed charges. 100 percent of Medicaid DRG. Add-on payment, and lesser of 100% of billed charges.",,73,,,,,0,Percent of total billed charges,73 percent of charges.  ; No services were performed during the 15 month look back period.,,,,,,,,,".  ",9738.48,,,,,,,Case Rate,". 100 percent of Medicaid DRG. Add-on payment, and lesser of 100% of billed charges. 100 percent of Medicaid DRG. Add-on payment, and lesser of 100% of billed charges.",,,,,,,,,". 100 percent of Medicare DRG. Add-on payment,  . 100 percent of Medicare DRG. Add-on payment,  .",,,,,,,,,".  ",,,,,,,,,".  ",,,,,,,,,".  ",,,,,,,,,".  ",9738.48,,,,,,,Case Rate,". 100 percent of Medicaid DRG. Add-on payment, and lesser of 100% of billed charges. 100 percent of Medicaid DRG. Add-on payment, and lesser of 100% of billed charges.",,,,,,,,,". 100 percent of Medicare DRG. Add-on payment,  . 100 percent of Medicare DRG. Add-on payment,  .",9738.48,,,,,,,Case Rate,". 100 percent of Medicaid DRG. Add-on payment, and lesser of 100% of billed charges. 100 percent of Medicaid DRG. Add-on payment, and lesser of 100% of billed charges.",,73,,,,,0,Percent of total billed charges,73 percent of charges.  ; No services were performed during the 15 month look back period.,,,,,,,,,". GMLOS + 8 Outlier per Diem $6,968.00. Add-on payment, and lesser of 100% of billed charges. GMLOS + 8 Outlier per Diem $6,968.00. Add-on payment, and lesser of 100% of billed charges.",,,,,,,,,". 100 percent of Medicare DRG. Add-on payment, and lesser of 100% of billed charges. 100 percent of Medicare DRG. Add-on payment, and lesser of 100% of billed charges.",,,,,,,,," ",,,,,,,,,". 100 percent of Medicare DRG. Add-on payment, and lesser of 100% of billed charges. 100 percent of Medicare DRG. Add-on payment, and lesser of 100% of billed charges.",,,,,,,,,". 100 percent of Medicare DRG. Add-on payment, and lesser of 100% of billed charges. 100 percent of Medicare DRG. Add-on payment, and lesser of 100% of billed charges.",,73,,,,,0,Percent of total billed charges,73 percent of charges.  ; No services were performed during the 15 month look back period.,9738.48,,,,,,,Case Rate,". 100 percent of Medicaid DRG. Add-on payment, and lesser of 100% of billed charges. 100 percent of Medicaid DRG. Add-on payment, and lesser of 100% of billed charges.",9738.48,,,,,,,Case Rate,". 100 percent of Medicaid DRG. Add-on payment, and lesser of 100% of billed charges. 100 percent of Medicaid DRG. Add-on payment, and lesser of 100% of billed charges.",9738.48,,,,,,,Case Rate,". 100 percent of Medicaid DRG. Add-on payment, and lesser of 100% of billed charges. 100 percent of Medicaid DRG. Add-on payment, and lesser of 100% of billed charges.",9738.48,,,,,,,Case Rate,". 100 percent of Medicaid DRG. Add-on payment, and lesser of 100% of billed charges. 100 percent of Medicaid DRG. Add-on payment, and lesser of 100% of billed charges.",,,,,,,,," ",,,,,,,,," ",9738.48,,,,,,,Case Rate,". 100 percent of Medicaid DRG. Add-on payment, and lesser of 100% of billed charges. 100 percent of Medicaid DRG. Add-on payment, and lesser of 100% of billed charges.",,,,,,,,," ",9738.48,,,,,,,Case Rate,". 100 percent of Medicaid DRG. Add-on payment, and lesser of 100% of billed charges. 100 percent of Medicaid DRG. Add-on payment, and lesser of 100% of billed charges.",,,,,,,,,". 100 percent of Medicare DRG. Add-on payment, . 100 percent of Medicare DRG. Add-on payment, .",,,,,,,,," ",,73,,,,,0,Percent of total billed charges,73 percent of charges.  ; No services were performed during the 15 month look back period.,9738.48,,,,,,,Case Rate,". 100 percent of Medicaid DRG. Add-on payment, and lesser of 100% of billed charges. 100 percent of Medicaid DRG. Add-on payment, and lesser of 100% of billed charges.",9738.48,,,,,,,Case Rate,". 100 percent of Medicaid DRG. Add-on payment, and lesser of 100% of billed charges. 100 percent of Medicaid DRG. Add-on payment, and lesser of 100% of billed charges.",,73,,,,,0,Percent of total billed charges,73 percent of charges.  ; No services were performed during the 15 month look back period.,,,,,,,,,".  ",,,,,,,,,".  ",,,,,,,,,".  ",,73,,,,,0,Percent of total billed charges,73 percent of charges.  ; No services were performed during the 15 month look back period.,,,,,,,,,". 100 percent of Medicare DRG. Add-on payment,  . 100 percent of Medicare DRG. Add-on payment,  .",,,,,,,,,".  ",,,,,,,,,".  ",,,,,,,,,".  ",,,,,,,,,". 100 percent of Medicare DRG. Add-on payment,  . 100 percent of Medicare DRG. Add-on payment,  .",,,,,,,,,".  ",,,,,,,,,".  ",,,,,,,,,". 100 percent of Medicare DRG. Add-on payment, and lesser of 100% of billed charges. 100 percent of Medicare DRG. Add-on payment, and lesser of 100% of billed charges.",,,,,,,,,".  ",,,,,,,,,".  ",,,,,,,,,".  ",,,,,,,,,".  ",,,,,,,,,".  ",,,,,,,,,".  ",,,,,,,,,".  ",,,,,,,,,". 100 percent of Medicare DRG. Add-on payment,  . 100 percent of Medicare DRG. Add-on payment,  .",,,,,,,,,". 100 percent of Medicare DRG. Add-on payment,  . 100 percent of Medicare DRG. Add-on payment,  .",,,,,,,,,".  ",,73,,,,,0,Percent of total billed charges,73 percent of charges.  ; No services were performed during the 15 month look back period.,,73,,,,,0,Percent of total billed charges,73 percent of charges.  ; No services were performed during the 15 month look back period.,,73,,,,,0,Percent of total billed charges,73 percent of charges.  ; No services were performed during the 15 month look back period.,,73,,,,,0,Percent of total billed charges,73 percent of charges.  ; No services were performed during the 15 month look back period.,,73,,,,,0,Percent of total billed charges,73 percent of charges.  ; No services were performed during the 15 month look back period.,,73,,,,,0,Percent of total billed charges,73 percent of charges.  ; No services were performed during the 15 month look back period.,,73,,,,,0,Percent of total billed charges,73 percent of charges.  ; No services were performed during the 15 month look back period.,,73,,,,,0,Percent of total billed charges,73 percent of charges.  ; No services were performed during the 15 month look back period.,,73,,,,,0,Percent of total billed charges,73 percent of charges.  ; No services were performed during the 15 month look back period.,,73,,,,,0,Percent of total billed charges,73 percent of charges.  ; No services were performed during the 15 month look back period.,,73,,,,,0,Percent of total billed charges,73 percent of charges.  ; No services were performed during the 15 month look back period.,,73,,,,,0,Percent of total billed charges,73 percent of charges.  ; No services were performed during the 15 month look back period.,,73,,,,,0,Percent of total billed charges,73 percent of charges.  ; No services were performed during the 15 month look back period.,,73,,,,,0,Percent of total billed charges,73 percent of charges.  ; No services were performed during the 15 month look back period.,,73,,,,,0,Percent of total billed charges,73 percent of charges.  ; No services were performed during the 15 month look back period.,,73,,,,,0,Percent of total billed charges,73 percent of charges.  ; No services were performed during the 15 month look back period.,,73,,,,,0,Percent of total billed charges,73 percent of charges.  ; No services were performed during the 15 month look back period.,,73,,,,,0,Percent of total billed charges,73 percent of charges.  ; No services were performed during the 15 month look back period.,,73,,,,,0,Percent of total billed charges,73 percent of charges.  ; No services were performed during the 15 month look back period.,,73,,,,,0,Percent of total billed charges,73 percent of charges.  ; No services were performed during the 15 month look back period.,,73,,,,,0,Percent of total billed charges,73 percent of charges.  ; No services were performed during the 15 month look back period.,,73,,,,,0,Percent of total billed charges,73 percent of charges.  ; No services were performed during the 15 month look back period.,,73,,,,,0,Percent of total billed charges,73 percent of charges.  ; No services were performed during the 15 month look back period.,,73,,,,,0,Percent of total billed charges,73 percent of charges.  ; No services were performed during the 15 month look back period.,,73,,,,,0,Percent of total billed charges,73 percent of charges.  ; No services were performed during the 15 month look back period.,,73,,,,,0,Percent of total billed charges,73 percent of charges.  ; No services were performed during the 15 month look back period.,,,,,,,,," ",,,,,,,,," ",,,,,,,,," ",,,,,,,,," ",,,,,,,,," ",,,,,,,,," ",,,,,,,,,".  ",,,,,,,,,".  ",,,,,,,,,".  ",,,,,,,,,".  ",,73,,,,,0,Percent of total billed charges,73 percent of charges.  ; No services were performed during the 15 month look back period.,,,,,,,,," ",,,,,,,,,".  ",,,,,,,,,".  ",,,,,,,,,".  ",,,,,,,,," ",,73,,,,,0,Percent of total billed charges,73 percent of charges.  ; No services were performed during the 15 month look back period.,9738.48,,,,,,,Case Rate,". 100 percent of Medicaid DRG. Add-on payment, and lesser of 100% of billed charges. 100 percent of Medicaid DRG. Add-on payment, and lesser of 100% of billed charges.",,,,,,,,," ",9738.48,,,,,,,Case Rate,". 100 percent of Medicaid DRG. Add-on payment, and lesser of 100% of billed charges. 100 percent of Medicaid DRG. Add-on payment, and lesser of 100% of billed charges.",,,,,,,,,". 100 percent of Medicare DRG. Add-on payment, . 100 percent of Medicare DRG. Add-on payment, .",,,,,,,,,". 100 percent of Medicare DRG. Add-on payment,  . 100 percent of Medicare DRG. Add-on payment,  .",,,,,,,,,".  ",,,,,,,,,". 100 percent of Medicare DRG. Add-on payment,  . 100 percent of Medicare DRG. Add-on payment,  .",,,,,,,,,". 100 percent of Medicare DRG. Add-on payment,  . 100 percent of Medicare DRG. Add-on payment,  .",9738.48,,,,,,,Case Rate,". 100 percent of Medicaid DRG. Add-on payment, and lesser of 100% of billed charges. 100 percent of Medicaid DRG. Add-on payment, and lesser of 100% of billed charges.",,,,,,,,,". 100 percent of Medicare DRG. Add-on payment,  . 100 percent of Medicare DRG. Add-on payment,  .",,,,,,,,,". 100 percent of Medicare DRG. Add-on payment,  . 100 percent of Medicare DRG. Add-on payment,  .",,,,,,,,,". GMLOS + 8 Outlier per Diem $6,968.00. Add-on payment, and lesser of 100% of billed charges. GMLOS + 8 Outlier per Diem $6,968.00. Add-on payment, and lesser of 100% of billed charges.",,,,,,,,,". GMLOS + 8 Outlier per Diem $6,968.00. Add-on payment, and lesser of 100% of billed charges. GMLOS + 8 Outlier per Diem $6,968.00. Add-on payment, and lesser of 100% of billed charges.",,,,,,,,,". 100 percent of Medicare DRG. Add-on payment,  . 100 percent of Medicare DRG. Add-on payment,  .",,,,,,,,,".  ",,,,,,,,,".  ",,,,,,,,,".  ",,,,,,,,,". 100 percent of Medicare DRG. Add-on payment,  . 100 percent of Medicare DRG. Add-on payment,  .",,,,,,,,,".  ",,,,,,,,,". GMLOS + 8 Outlier per Diem $6,968.00. Add-on payment, and lesser of 100% of billed charges. GMLOS + 8 Outlier per Diem $6,968.00. Add-on payment, and lesser of 100% of billed charges.",,,,,,,,,". GMLOS + 8 Outlier per Diem $6,968.00. Add-on payment, and lesser of 100% of billed charges. GMLOS + 8 Outlier per Diem $6,968.00. Add-on payment, and lesser of 100% of billed charges.",,,,,,,,,". GMLOS + 8 Outlier per Diem $6,968.00. Add-on payment, and lesser of 100% of billed charges. GMLOS + 8 Outlier per Diem $6,968.00. Add-on payment, and lesser of 100% of billed charges.",,73,,,,,0,Percent of total billed charges,73 percent of charges.  ; No services were performed during the 15 month look back period.,,73,,,,,0,Percent of total billed charges,73 percent of charges.  ; No services were performed during the 15 month look back period.,,73,,,,,0,Percent of total billed charges,73 percent of charges.  ; No services were performed during the 15 month look back period.,,73,,,,,0,Percent of total billed charges,73 percent of charges.  ; No services were performed during the 15 month look back period.,,73,,,,,0,Percent of total billed charges,73 percent of charges.  ; No services were performed during the 15 month look back period.,,73,,,,,0,Percent of total billed charges,73 percent of charges.  ; No services were performed during the 15 month look back period.,,73,,,,,0,Percent of total billed charges,73 percent of charges.  ; No services were performed during the 15 month look back period.,,73,,,,,0,Percent of total billed charges,73 percent of charges.  ; No services were performed during the 15 month look back period.,,73,,,,,0,Percent of total billed charges,73 percent of charges.  ; No services were performed during the 15 month look back period.,,73,,,,,0,Percent of total billed charges,73 percent of charges.  ; No services were performed during the 15 month look back period.,,73,,,,,0,Percent of total billed charges,73 percent of charges.  ; No services were performed during the 15 month look back period.,,,,,,,,," ",,,,,,,,,".  ",,,,,,,,,".  ",,,,,,,,,". 100 percent of Medicare DRG. Add-on payment,  . 100 percent of Medicare DRG. Add-on payment,  .",,,,,,,,,". GMLOS + 8 Outlier per Diem $6,968.00. Add-on payment, and lesser of 100% of billed charges. GMLOS + 8 Outlier per Diem $6,968.00. Add-on payment, and lesser of 100% of billed charges.",,,,,,,,,".  ",,,,,,,,,".  ",,73,,,,,0,Percent of total billed charges,73 percent of charges.  ; No services were performed during the 15 month look back period.,19476.96,,,,,,,Case Rate,". 200 percent of Medicaid DRG. Add-on payment, and lesser of 200% of billed charges. 200 percent of Medicaid DRG. Add-on payment, and lesser of 200% of billed charges.",,,,,,,,,".  ",9738.48,,,,,,,Case Rate,". 100 percent of Medicaid DRG. Add-on payment, and lesser of 100% of billed charges. 100 percent of Medicaid DRG. Add-on payment, and lesser of 100% of billed charges.",,,,,,,,,". 100 percent of Medicare DRG. Add-on payment,  . 100 percent of Medicare DRG. Add-on payment,  .",,,,,,,,,". 100 percent of Medicare DRG. Add-on payment,  . 100 percent of Medicare DRG. Add-on payment,  .",,,,,,,,,". 100 percent of Medicare DRG. Add-on payment,  . 100 percent of Medicare DRG. Add-on payment,  .",,,,,,,,,". 100 percent of Medicare DRG. Add-on payment,  . 100 percent of Medicare DRG. Add-on payment,  .",,,,,,,,,". 100 percent of Medicare DRG. Add-on payment,  . 100 percent of Medicare DRG. Add-on payment,  .",,,,,,,,,". 100 percent of Medicare DRG. Add-on payment,  . 100 percent of Medicare DRG. Add-on payment,  .",,,,,,,,,".  ",,,,,,,,,".  ",21911.58,,,,,,,Case Rate,". 225 percent of Medicaid DRG. Add-on payment, and lesser of 100% of billed charges. 225 percent of Medicaid DRG. Add-on payment, and lesser of 100% of billed charges.",21911.58,,,,,,,Case Rate,". 225 percent of Medicaid DRG. Add-on payment, and lesser of 100% of billed charges. 225 percent of Medicaid DRG. Add-on payment, and lesser of 100% of billed charges.",21911.58,,,,,,,Case Rate,". 225 percent of Medicaid DRG. Add-on payment, and lesser of 100% of billed charges. 225 percent of Medicaid DRG. Add-on payment, and lesser of 100% of billed charges.",21911.58,,,,,,,Case Rate,". 225 percent of Medicaid DRG. Add-on payment, and lesser of 100% of billed charges. 225 percent of Medicaid DRG. Add-on payment, and lesser of 100% of billed charges.",21911.58,,,,,,,Case Rate,". 225 percent of Medicaid DRG. Add-on payment, and lesser of 100% of billed charges. 225 percent of Medicaid DRG. Add-on payment, and lesser of 100% of billed charges.",,,,,,,,," ",,,,,,,,,".  ",,,,,,,,," ",,,,,,,,," ",,,,,,,,," ",,,,,,,,," ",,,,,,,,," ",,,,,,,,,". 100 percent of Medicare DRG. Add-on payment,  . 100 percent of Medicare DRG. Add-on payment,  .",,,,,,,,," ",,,,,,,,," ",,,,,,,,," ",,,,,,,,," ",,,,,,,,,". GMLOS + 8 Outlier per Diem $6,968.00. Add-on payment, and lesser of 100% of billed charges. GMLOS + 8 Outlier per Diem $6,968.00. Add-on payment, and lesser of 100% of billed charges.",,,,,,,,,". GMLOS + 8 Outlier per Diem $6,968.00. Add-on payment, and lesser of 100% of billed charges. GMLOS + 8 Outlier per Diem $6,968.00. Add-on payment, and lesser of 100% of billed charges.",,,,,,,,,". GMLOS + 8 Outlier per Diem $6,968.00. Add-on payment, and lesser of 100% of billed charges. GMLOS + 8 Outlier per Diem $6,968.00. Add-on payment, and lesser of 100% of billed charges.",,,,,,,,,". GMLOS + 8 Outlier per Diem $6,968.00. Add-on payment, and lesser of 100% of billed charges. GMLOS + 8 Outlier per Diem $6,968.00. Add-on payment, and lesser of 100% of billed charges.",,,,,,,,,".  ",,,,,,,,,".  ",,,,,,,,,". 100 percent of Medicare DRG. Add-on payment,  . 100 percent of Medicare DRG. Add-on payment,  .",,,,,,,,,". 100 percent of Medicare DRG. Add-on payment,  . 100 percent of Medicare DRG. Add-on payment,  .",,,,,,,,,". 100 percent of Medicare DRG. Add-on payment,  . 100 percent of Medicare DRG. Add-on payment,  .",,,,,,,,,".  ",,,,,,,,,".  ",,,,,,,,,".  ",,,,,,,,,".  ",,,,,,,,,". GMLOS + 8 Outlier per Diem $6,968.00. Add-on payment, and lesser of 100% of billed charges. GMLOS + 8 Outlier per Diem $6,968.00. Add-on payment, and lesser of 100% of billed charges.",,,,,,,,,". 100 percent of Medicare DRG. Add-on payment,  . 100 percent of Medicare DRG. Add-on payment,  .",,,,,,,,,".  ",9738.48,,,,,,,Case Rate,". 100 percent of Medicaid DRG. Add-on payment, and lesser of 100% of billed charges. 100 percent of Medicaid DRG. Add-on payment, and lesser of 100% of billed charges.",,,,,,,,,". 100 percent of Medicare DRG. Add-on payment, and lesser of 100% of billed charges. 100 percent of Medicare DRG. Add-on payment, and lesser of 100% of billed charges.",,,,,,,,,". 100 percent of Medicare DRG. Add-on payment, and lesser of 100% of billed charges. 100 percent of Medicare DRG. Add-on payment, and lesser of 100% of billed charges.",,,,,,,,,". 100 percent of Medicare DRG. Add-on payment, and lesser of 100% of billed charges. 100 percent of Medicare DRG. Add-on payment, and lesser of 100% of billed charges.",9738.48,,,,,,,Case Rate,". 100 percent of Medicaid DRG. Add-on payment, and lesser of 100% of billed charges. 100 percent of Medicaid DRG. Add-on payment, and lesser of 100% of billed charges.",21911.58,,,,,,,Case Rate,". 225 percent of Medicaid DRG. Add-on payment, and lesser of 225% of billed charges. 225 percent of Medicaid DRG. Add-on payment, and lesser of 225% of billed charges.",21911.58,,,,,,,Case Rate,". 225 percent of Medicaid DRG. Add-on payment, and lesser of 225% of billed charges. 225 percent of Medicaid DRG. Add-on payment, and lesser of 225% of billed charges.",21911.58,,,,,,,Case Rate,". 225 percent of Medicaid DRG. Add-on payment, and lesser of 225% of billed charges. 225 percent of Medicaid DRG. Add-on payment, and lesser of 225% of billed charges.",21911.58,,,,,,,Case Rate,". 225 percent of Medicaid DRG. Add-on payment, and lesser of 225% of billed charges. 225 percent of Medicaid DRG. Add-on payment, and lesser of 225% of billed charges.",21911.58,,,,,,,Case Rate,". 225 percent of Medicaid DRG. Add-on payment, and lesser of 225% of billed charges. 225 percent of Medicaid DRG. Add-on payment, and lesser of 225% of billed charges.",,,,,,,,,". 100 percent of Medicare DRG. Add-on payment, and lesser of 100% of billed charges. 100 percent of Medicare DRG. Add-on payment, and lesser of 100% of billed charges.",9738.48,,,,,,,Case Rate,". 100 percent of Medicaid DRG. Add-on payment, and lesser of 100% of billed charges. 100 percent of Medicaid DRG. Add-on payment, and lesser of 100% of billed charges.",9738.48,,,,,,,Case Rate,". 100 percent of Medicaid DRG. Add-on payment, and lesser of 100% of billed charges. 100 percent of Medicaid DRG. Add-on payment, and lesser of 100% of billed charges.",21911.58,,,,,,,Case Rate,". 225 percent of Medicaid DRG. Add-on payment, and lesser of 225% of billed charges. 225 percent of Medicaid DRG. Add-on payment, and lesser of 225% of billed charges.",21911.58,,,,,,,Case Rate,". 225 percent of Medicaid DRG. Add-on payment, and lesser of 225% of billed charges. 225 percent of Medicaid DRG. Add-on payment, and lesser of 225% of billed charges.",9738.48,,,,,,,Case Rate,". 100 percent of Medicaid DRG. Add-on payment, and lesser of 100% of billed charges. 100 percent of Medicaid DRG. Add-on payment, and lesser of 100% of billed charges.",9738.48,,,,,,,Case Rate,". 100 percent of Medicaid DRG. Add-on payment, and lesser of 100% of billed charges. 100 percent of Medicaid DRG. Add-on payment, and lesser of 100% of billed charges.",21911.58,,,,,,,Case Rate,". 225 percent of Medicaid DRG. Add-on payment, and lesser of 100% of billed charges. 225 percent of Medicaid DRG. Add-on payment, and lesser of 100% of billed charges.",,,,,,,,,". 100 percent of Medicare DRG. Add-on payment,  . 100 percent of Medicare DRG. Add-on payment,  .",,,,,,,,,". 100 percent of Medicare DRG. Add-on payment,  . 100 percent of Medicare DRG. Add-on payment,  .",,,,,,,,,". GMLOS + 8 Outlier per Diem $6,968.00. Add-on payment, and lesser of 100% of billed charges. GMLOS + 8 Outlier per Diem $6,968.00. Add-on payment, and lesser of 100% of billed charges.",,,,,,,,,". 100 percent of Medicare DRG. Add-on payment,  . 100 percent of Medicare DRG. Add-on payment,  .",21911.58,,,,,,,Case Rate,". 225 percent of Medicaid DRG. Add-on payment, and lesser of 225% of billed charges. 225 percent of Medicaid DRG. Add-on payment, and lesser of 225% of billed charges.",21911.58,,,,,,,Case Rate,". 225 percent of Medicaid DRG. Add-on payment, and lesser of 225% of billed charges. 225 percent of Medicaid DRG. Add-on payment, and lesser of 225% of billed charges.",9738.48,,,,,,,Case Rate,". 100 percent of Medicaid DRG. Add-on payment, and lesser of 100% of billed charges. 100 percent of Medicaid DRG. Add-on payment, and lesser of 100% of billed charges.",9738.48,,,,,,,Case Rate,". 100 percent of Medicaid DRG. Add-on payment, and lesser of 100% of billed charges. 100 percent of Medicaid DRG. Add-on payment, and lesser of 100% of billed charges.",14291.13,,,,,,,Case Rate,". 225 percent of Medicaid DRG. Add-on payment, and lesser of 225% of billed charges. 225 percent of Medicaid DRG. Add-on payment, and lesser of 225% of billed charges.",9738.48,,,,,,,Case Rate,". 100 percent of Medicaid DRG. Add-on payment, and lesser of 100% of billed charges. 100 percent of Medicaid DRG. Add-on payment, and lesser of 100% of billed charges.",28241.6,,,,,,,Case Rate,". 290 percent of Medicaid DRG. Add-on payment, and lesser of 100% of billed charges. 290 percent of Medicaid DRG. Add-on payment, and lesser of 100% of billed charges.",28241.6,,,,,,,Case Rate,". 290 percent of Medicaid DRG. Add-on payment, and lesser of 100% of billed charges. 290 percent of Medicaid DRG. Add-on payment, and lesser of 100% of billed charges.",28241.6,,,,,,,Case Rate,". 290 percent of Medicaid DRG. Add-on payment, and lesser of 100% of billed charges. 290 percent of Medicaid DRG. Add-on payment, and lesser of 100% of billed charges.",28241.6,,,,,,,Case Rate,". 290 percent of Medicaid DRG. Add-on payment, and lesser of 100% of billed charges. 290 percent of Medicaid DRG. Add-on payment, and lesser of 100% of billed charges.",,,,,,,,," ",,,,,,,,,".  ",13146.95,,,,,,,Case Rate,"135% of Medicaid EP 1 and 2, 100% of medicaid EP 3 and 4.  ",13146.95,,,,,,,Case Rate,"135% of Medicaid EP 1 and 2, 100% of medicaid EP 3 and 4.  ",9738.48,,,,,,,Case Rate,". 100 percent of Medicaid DRG. Add-on payment, and lesser of 100% of billed charges. 100 percent of Medicaid DRG. Add-on payment, and lesser of 100% of billed charges.",9738.48,,,,,,,Case Rate,". 100 percent of Medicaid DRG. Add-on payment, and lesser of 100% of billed charges. 100 percent of Medicaid DRG. Add-on payment, and lesser of 100% of billed charges.",,,,,,,,,".  ",,,,,,,,,".  ",,,,,,,,,". 100 percent of Medicare DRG. Add-on payment,  . 100 percent of Medicare DRG. Add-on payment,  .",,,,,,,,,".  ",,,,,,,,,".  ",,,,,,,,,".  ",,,,,,,,,".  ",,,,,,,,,". 100 percent of Medicare DRG. Add-on payment,  . 100 percent of Medicare DRG. Add-on payment,  .",,,,,,,,,".  ",,,,,,,,,".  ",,,,,,,,,". GMLOS + 8 Outlier per Diem $6,968.00. Add-on payment, and lesser of 100% of billed charges. GMLOS + 8 Outlier per Diem $6,968.00. Add-on payment, and lesser of 100% of billed charges.",9738.48,,,,,,,Case Rate,". 100 percent of Medicaid DRG. Add-on payment, and lesser of 100% of billed charges. 100 percent of Medicaid DRG. Add-on payment, and lesser of 100% of billed charges.",9738.48,,,,,,,Case Rate,". 100 percent of Medicaid DRG. Add-on payment, and lesser of 100% of billed charges. 100 percent of Medicaid DRG. Add-on payment, and lesser of 100% of billed charges.",21911.58,,,,,,,Case Rate,". 225 percent of Medicaid DRG. Add-on payment, and lesser of 225% of billed charges. 225 percent of Medicaid DRG. Add-on payment, and lesser of 225% of billed charges.",14291.13,,,,,,,Case Rate,". 225 percent of Medicaid DRG. Add-on payment, and lesser of 225% of billed charges. 225 percent of Medicaid DRG. Add-on payment, and lesser of 225% of billed charges.",9738.48,,,,,,,Case Rate,". 100 percent of Medicaid DRG. Add-on payment, and lesser of 100% of billed charges. 100 percent of Medicaid DRG. Add-on payment, and lesser of 100% of billed charges.",21911.58,,,,,,,Case Rate,". 225 percent of Medicaid DRG. Add-on payment, and lesser of 225% of billed charges. 225 percent of Medicaid DRG. Add-on payment, and lesser of 225% of billed charges.",21911.58,,,,,,,Case Rate,". 225 percent of Medicaid DRG. Add-on payment, and lesser of 225% of billed charges. 225 percent of Medicaid DRG. Add-on payment, and lesser of 225% of billed charges.",21911.58,,,,,,,Case Rate,". 225 percent of Medicaid DRG. Add-on payment, and lesser of 225% of billed charges. 225 percent of Medicaid DRG. Add-on payment, and lesser of 225% of billed charges.",21911.58,,,,,,,Case Rate,". 225 percent of Medicaid DRG. Add-on payment, and lesser of 225% of billed charges. 225 percent of Medicaid DRG. Add-on payment, and lesser of 225% of billed charges.",21911.58,,,,,,,Case Rate,". 225 percent of Medicaid DRG. Add-on payment, and lesser of 225% of billed charges. 225 percent of Medicaid DRG. Add-on payment, and lesser of 225% of billed charges.",21911.58,,,,,,,Case Rate,". 225 percent of Medicaid DRG. Add-on payment, and lesser of 225% of billed charges. 225 percent of Medicaid DRG. Add-on payment, and lesser of 225% of billed charges.",,,,,,,,," ",,,,,,,,," ",,,,,,,,," ",,,,,,,,,".  ",,,,,,,,," ",,,,,,,,,". 100 percent of Medicare DRG. Add-on payment,  . 100 percent of Medicare DRG. Add-on payment,  .",,,,,,,,,".  ",,,,,,,,,". 100 percent of Medicare DRG. Add-on payment,  . 100 percent of Medicare DRG. Add-on payment,  .",,,,,,,,,". 100 percent of Medicare DRG. Add-on payment,  . 100 percent of Medicare DRG. Add-on payment,  .",13146.95,,,,,,,Case Rate,"135% of Medicaid EP 1 and 2, 100% of medicaid EP 3 and 4.  ",13146.95,,,,,,,Case Rate,"135% of Medicaid EP 1 and 2, 100% of medicaid EP 3 and 4.  ",9738.48,,,,,,,Case Rate,". 100 percent of Medicaid DRG. Add-on payment, and lesser of 100% of billed charges. 100 percent of Medicaid DRG. Add-on payment, and lesser of 100% of billed charges.",9738.48,,,,,,,Case Rate,". 100 percent of Medicaid DRG. Add-on payment, and lesser of 100% of billed charges. 100 percent of Medicaid DRG. Add-on payment, and lesser of 100% of billed charges.",9738.48,,,,,,,Case Rate,". 100 percent of Medicaid DRG. Add-on payment, and lesser of 100% of billed charges. 100 percent of Medicaid DRG. Add-on payment, and lesser of 100% of billed charges.",,,,,,,,," ",,,,,,,,,". GMLOS + 8 Outlier per Diem $6,968.00. Add-on payment, and lesser of 100% of billed charges. GMLOS + 8 Outlier per Diem $6,968.00. Add-on payment, and lesser of 100% of billed charges.",,,,,,,,," ",,,,,,,,,".  ",,,,,,,,,". 100 percent of Medicare DRG. Add-on payment, . 100 percent of Medicare DRG. Add-on payment, .",,,,,,,,,". 100 percent of Medicare DRG. Add-on payment,  . 100 percent of Medicare DRG. Add-on payment,  .",,,,,,,,,". 100 percent of Medicare DRG. Add-on payment,  . 100 percent of Medicare DRG. Add-on payment,  .",,,,,,,,,". 100 percent of Medicare DRG. Add-on payment,  . 100 percent of Medicare DRG. Add-on payment,  .",,,,,,,,,". 100 percent of Medicare DRG. Add-on payment, . 100 percent of Medicare DRG. Add-on payment, .",,,,,,,,,". 100 percent of Medicare DRG. Add-on payment,  . 100 percent of Medicare DRG. Add-on payment,  .",,,,,,,,," ",21911.58,,,,,,,Case Rate,". 225 percent of Medicaid DRG. Add-on payment, and lesser of 225% of billed charges. 225 percent of Medicaid DRG. Add-on payment, and lesser of 225% of billed charges.",9738.48,,,,,,,Case Rate,". 100 percent of Medicaid DRG. Add-on payment, and lesser of 100% of billed charges. 100 percent of Medicaid DRG. Add-on payment, and lesser of 100% of billed charges.",,,,,,,,,".  ",,,,,,,,," ",,,,,,,,," ",,,,,,,,," ",,,,,,,,," ",,,,,,,,,". 100 percent of Medicare DRG. Add-on payment,  . 100 percent of Medicare DRG. Add-on payment,  .",9738.48,,,,,,,Case Rate,". 100 percent of Medicaid DRG. Add-on payment, and lesser of 100% of billed charges. 100 percent of Medicaid DRG. Add-on payment, and lesser of 100% of billed charges.",,,,,,,,,".  ",9738.48,,,,,,,Case Rate,". 100 percent of Medicaid DRG. Add-on payment, and lesser of 100% of billed charges. 100 percent of Medicaid DRG. Add-on payment, and lesser of 100% of billed charges.",,,,,,,,,". 100 percent of Medicare DRG. Add-on payment,  . 100 percent of Medicare DRG. Add-on payment,  .",9738.48,,,,,,,Case Rate,". 100 percent of Medicaid DRG. Add-on payment, and lesser of 100% of billed charges. 100 percent of Medicaid DRG. Add-on payment, and lesser of 100% of billed charges.",,,,,,,,,". 100 percent of Medicare DRG. Add-on payment,  . 100 percent of Medicare DRG. Add-on payment,  .",,,,,,,,,". 100 percent of Medicare DRG. Add-on payment,  . 100 percent of Medicare DRG. Add-on payment,  .",9738.48,,,,,,,Case Rate,". 100 percent of Medicaid DRG. Add-on payment, and lesser of 100% of billed charges. 100 percent of Medicaid DRG. Add-on payment, and lesser of 100% of billed charges.",9738.48,,,,,,,Case Rate,". 100 percent of Medicaid DRG. Add-on payment, and lesser of 100% of billed charges. 100 percent of Medicaid DRG. Add-on payment, and lesser of 100% of billed charges.",,,,,,,,," ",,,,,,,,,".  ",,73,,,,,0,Percent of total billed charges,73 percent of charges.  ; No services were performed during the 15 month look back period.,,,,,,,,,".  ",,,,,,,,,".  ",,,,,,,,,". GMLOS + 8 Outlier per Diem $6,968.00. Add-on payment, and lesser of 100% of billed charges. GMLOS + 8 Outlier per Diem $6,968.00. Add-on payment, and lesser of 100% of billed charges.",,,,,,,,,". 93 percent of Medicare DRG. Add-on payment, and lesser of 100% of billed charges. 93 percent of Medicare DRG. Add-on payment, and lesser of 100% of billed charges.",,,,,,,,," ",,,,,,,,," ",,,,,,,,,".  ",,,,,,,,,".  ",,,,,,,,,". 100 percent of Medicare DRG. Add-on payment,  . 100 percent of Medicare DRG. Add-on payment,  .",,,,,,,,,". 100 percent of Medicare DRG. Add-on payment,  . 100 percent of Medicare DRG. Add-on payment,  .",,,,,,,,,". 100 percent of Medicare DRG. Add-on payment,  . 100 percent of Medicare DRG. Add-on payment,  .",,,,,,,,,". 100 percent of Medicare DRG. Add-on payment,  . 100 percent of Medicare DRG. Add-on payment,  .",,,,,,,,,".  ",,,,,,,,,".  ",,,,,,,,,".  ",,,,,,,,,". 100 percent of Medicare DRG. Add-on payment,  . 100 percent of Medicare DRG. Add-on payment,  .",,,,,,,,,".  ",,,,,,,,," ",9738.48,,,,,,,Case Rate,". 100 percent of Medicaid DRG. Add-on payment, and lesser of 100% of billed charges. 100 percent of Medicaid DRG. Add-on payment, and lesser of 100% of billed charges.",9738.48,,,,,,,Case Rate,". 100 percent of Medicaid DRG. Add-on payment, and lesser of 100% of billed charges. 100 percent of Medicaid DRG. Add-on payment, and lesser of 100% of billed charges.",,,,,,,,," ",,,,,,,,,".  ",,,,,,,,,".  ",,,,,,,,,".  ",,,,,,,,,".  ",,,,,,,,,". 100 percent of Medicare DRG. Add-on payment, . 100 percent of Medicare DRG. Add-on payment, .",10225.41,,,,,,,Case Rate,". 105 percent of Medicaid DRG. Add-on payment, and lesser of 100% of billed charges. 105 percent of Medicaid DRG. Add-on payment, and lesser of 100% of billed charges.",10225.41,,,,,,,Case Rate,". 105 percent of Medicaid DRG. Add-on payment, and lesser of 100% of billed charges. 105 percent of Medicaid DRG. Add-on payment, and lesser of 100% of billed charges.",10225.41,,,,,,,Case Rate,". 105 percent of Medicaid DRG. Add-on payment, and lesser of 100% of billed charges. 105 percent of Medicaid DRG. Add-on payment, and lesser of 100% of billed charges.",10225.41,,,,,,,Case Rate,". 105 percent of Medicaid DRG. Add-on payment, and lesser of 100% of billed charges. 105 percent of Medicaid DRG. Add-on payment, and lesser of 100% of billed charges.",,,,,,,,,".  ",10225.41,,,,,,,Case Rate,". 105 percent of Medicaid DRG. Add-on payment, and lesser of 100% of billed charges. 105 percent of Medicaid DRG. Add-on payment, and lesser of 100% of billed charges.",10225.41,,,,,,,Case Rate,". 105 percent of Medicaid DRG. Add-on payment, and lesser of 100% of billed charges. 105 percent of Medicaid DRG. Add-on payment, and lesser of 100% of billed charges.",10225.41,,,,,,,Case Rate,". 105 percent of Medicaid DRG. Add-on payment, and lesser of 100% of billed charges. 105 percent of Medicaid DRG. Add-on payment, and lesser of 100% of billed charges.",10225.41,,,,,,,Case Rate,". 105 percent of Medicaid DRG. Add-on payment, and lesser of 100% of billed charges. 105 percent of Medicaid DRG. Add-on payment, and lesser of 100% of billed charges.",10225.41,,,,,,,Case Rate,". 105 percent of Medicaid DRG. Add-on payment, and lesser of 100% of billed charges. 105 percent of Medicaid DRG. Add-on payment, and lesser of 100% of billed charges.",10225.41,,,,,,,Case Rate,". 105 percent of Medicaid DRG. Add-on payment, and lesser of 100% of billed charges. 105 percent of Medicaid DRG. Add-on payment, and lesser of 100% of billed charges.",10225.41,,,,,,,Case Rate,". 105 percent of Medicaid DRG. Add-on payment, and lesser of 100% of billed charges. 105 percent of Medicaid DRG. Add-on payment, and lesser of 100% of billed charges.",,,,,,,,,". 100 percent of Medicare DRG. Add-on payment,  . 100 percent of Medicare DRG. Add-on payment,  .",,,,,,,,,".  ",,,,,,,,,". 100 percent of Medicare DRG. Add-on payment,  . 100 percent of Medicare DRG. Add-on payment,  .",10225.41,,,,,,,Case Rate,". 105 percent of Medicaid DRG. Add-on payment, and lesser of 100% of billed charges. 105 percent of Medicaid DRG. Add-on payment, and lesser of 100% of billed charges.",,,,,,,,,".  ",,,,,,,,,". 100 percent of Medicare DRG. Add-on payment,  . 100 percent of Medicare DRG. Add-on payment,  .",,,,,,,,,".  ",,,,,,,,,".  ",,,,,,,,,".  ",10225.41,,,,,,,Case Rate,". 105 percent of Medicaid DRG. Add-on payment, and lesser of 100% of billed charges. 105 percent of Medicaid DRG. Add-on payment, and lesser of 100% of billed charges.",,,,,,,,,". 100 percent of Medicare DRG. Add-on payment,  . 100 percent of Medicare DRG. Add-on payment,  .",,,,,,,,,".  ",10225.41,,,,,,,Case Rate,". 105 percent of Medicaid DRG. Add-on payment, and lesser of 100% of billed charges. 105 percent of Medicaid DRG. Add-on payment, and lesser of 100% of billed charges.",,,,,,,,,".  ",,,,,,,,,". Delay in Discharge per diem $4,1609 Delay in Discharge per diem $4,1609",,,,,,,,,". 100 percent of Medicare DRG. Add-on payment, . 100 percent of Medicare DRG. Add-on payment, .",,,,,,,,," ",,,,,,,,," ",,,,,,,,," ",,,,,,,,," ",,,,,,,,," ",,,,,,,,," ",,,,,,,,," ",,,,,,,,," ",,,,,,,,," ",,,,,,,,," ",,,,,,,,," ",,,,,,,,," ",,,,,,,,,". 100 percent of Medicare DRG. Add-on payment,  . 100 percent of Medicare DRG. Add-on payment,  .",,,,,,,,," ",,,,,,,,,". 100 percent of Medicare DRG. Add-on payment,  . 100 percent of Medicare DRG. Add-on payment,  .",21911.58,,,,,,,Case Rate,". 225 percent of Medicaid DRG. Add-on payment, and lesser of 225% of billed charges. 225 percent of Medicaid DRG. Add-on payment, and lesser of 225% of billed charges.",9738.48,,,,,,,Case Rate,". 100 percent of Medicaid DRG. Add-on payment, and lesser of 100% of billed charges. 100 percent of Medicaid DRG. Add-on payment, and lesser of 100% of billed charges.",,,,,,,,,".  ",,,,,,,,,".  ",,,,,,,,,". 100 percent of Medicare DRG. Add-on payment,  . 100 percent of Medicare DRG. Add-on payment,  .",,,,,,,,," ",,,,,,,,,". 100 percent of Medicare DRG. Add-on payment,  . 100 percent of Medicare DRG. Add-on payment,  .",,,,,,,,,". 100 percent of Medicare DRG. Add-on payment,  . 100 percent of Medicare DRG. Add-on payment,  .",,,,,,,,,". GMLOS + 8 Outlier per Diem $6,968.00. Add-on payment, and lesser of 100% of billed charges. GMLOS + 8 Outlier per Diem $6,968.00. Add-on payment, and lesser of 100% of billed charges.",,,,,,,,,". 100 percent of Medicare DRG. Add-on payment,  . 100 percent of Medicare DRG. Add-on payment,  .",,,,,,,,,".  ",,,,,,,,,". 100 percent of Medicare DRG. Add-on payment,  . 100 percent of Medicare DRG. Add-on payment,  .",,,,,,,,,".  ",,,,,,,,,". GMLOS + 8 Outlier per Diem $6,968.00. Add-on payment, and lesser of 100% of billed charges. GMLOS + 8 Outlier per Diem $6,968.00. Add-on payment, and lesser of 100% of billed charges.",,,,,,,,,".  ",,,,,,,,,". 100 percent of Medicare DRG. Add-on payment,  . 100 percent of Medicare DRG. Add-on payment,  .",9738.48,,,,,,,Case Rate,". 100 percent of Medicaid DRG. Add-on payment, and lesser of 100% of billed charges. 100 percent of Medicaid DRG. Add-on payment, and lesser of 100% of billed charges.",,,,,,,,,". 100 percent of Medicare DRG. Add-on payment,  . 100 percent of Medicare DRG. Add-on payment,  .",,,,,,,,,".  ",,,,,,,,,".  ",9738.48,,,,,,,Case Rate,". 100 percent of Medicaid DRG. Add-on payment, and lesser of 100% of billed charges. 100 percent of Medicaid DRG. Add-on payment, and lesser of 100% of billed charges.",,,,,,,,,".  ",9738.48,,,,,,,Case Rate,". 100 percent of Medicaid DRG. Add-on payment, and lesser of 100% of billed charges. 100 percent of Medicaid DRG. Add-on payment, and lesser of 100% of billed charges.",9738.48,,,,,,,Case Rate,". 100 percent of Medicaid DRG. Add-on payment, and lesser of 100% of billed charges. 100 percent of Medicaid DRG. Add-on payment, and lesser of 100% of billed charges.",,,,,,,,,".  ",,,,,,,,,".  ",,,,,,,,,".  ",,,,,,,,,".  ",,,,,,,,,".  ",,,,,,,,,".  ",,,,,,,,,".  ",,,,,,,,," ",,,,,,,,," ",,,,,,,,," ",9738.48,,,,,,,Case Rate,". 100 percent of Medicaid DRG. Add-on payment, and lesser of 100% of billed charges. 100 percent of Medicaid DRG. Add-on payment, and lesser of 100% of billed charges.",,,,,,,,,".  ",,,,,,,,,".  ",,,,,,,,,". GMLOS + 8 Outlier per Diem $6,968.00. Add-on payment, and lesser of 100% of billed charges. GMLOS + 8 Outlier per Diem $6,968.00. Add-on payment, and lesser of 100% of billed charges.",,,,,,,,,".  ",,,,,,,,,". GMLOS + 8 Outlier per Diem $6,968.00. Add-on payment, and lesser of 100% of billed charges. GMLOS + 8 Outlier per Diem $6,968.00. Add-on payment, and lesser of 100% of billed charges.",,,,,,,,,".  ",,,,,,,,,".  ",,,,,,,,,".  ",,,,,,,,,".  ",,,,,,,,,".  ",,,,,,,,,". 100 percent of Medicare DRG. Add-on payment,  . 100 percent of Medicare DRG. Add-on payment,  .",6351.61,28241.6,
APR844-2,DRG,,,,,APR844-2 PARTIAL THICKNESS BURNS WITHOUT SKIN GRAFT,,,Inpatient,,,,,,,,,,,,".  ",,,,,,,,,".  ",,,,,,,,,". GMLOS + 8 Outlier per Diem $6,968.00. Add-on payment, and lesser of 100% of billed charges. GMLOS + 8 Outlier per Diem $6,968.00. Add-on payment, and lesser of 100% of billed charges.",,100,,,,,0,Percent of total billed charges,100 percent of charges.  ; No services were performed during the 15 month look back period.,,,,,,,,,". 100 percent of Medicare DRG. Add-on payment,  . 100 percent of Medicare DRG. Add-on payment,  .",,,,,,,,,". GMLOS + 8 Outlier per Diem $6,968.00. Add-on payment, and lesser of 100% of billed charges. GMLOS + 8 Outlier per Diem $6,968.00. Add-on payment, and lesser of 100% of billed charges.",,,,,,,,,". GMLOS + 8 Outlier per Diem $6,968.00. Add-on payment, and lesser of 100% of billed charges. GMLOS + 8 Outlier per Diem $6,968.00. Add-on payment, and lesser of 100% of billed charges.",,,,,,,,,". GMLOS + 8 Outlier per Diem $6,968.00. Add-on payment, and lesser of 100% of billed charges. GMLOS + 8 Outlier per Diem $6,968.00. Add-on payment, and lesser of 100% of billed charges.",22133.97,,,,,,,Case Rate,". 155 percent of Medicaid DRG. Add-on payment, and lesser of 100% of billed charges. 155 percent of Medicaid DRG. Add-on payment, and lesser of 100% of billed charges.",14279.98,,,,,,,Case Rate,". 100 percent of Medicaid DRG. Add-on payment, and lesser of 100% of billed charges. 100 percent of Medicaid DRG. Add-on payment, and lesser of 100% of billed charges.",,73,,,,,0,Percent of total billed charges,73 percent of charges.  ; No services were performed during the 15 month look back period.,,,,,,,,,".  ",14279.98,,,,,,,Case Rate,". 100 percent of Medicaid DRG. Add-on payment, and lesser of 100% of billed charges. 100 percent of Medicaid DRG. Add-on payment, and lesser of 100% of billed charges.",,,,,,,,,". 100 percent of Medicare DRG. Add-on payment,  . 100 percent of Medicare DRG. Add-on payment,  .",,,,,,,,,".  ",,,,,,,,,".  ",,,,,,,,,".  ",,,,,,,,,".  ",14279.98,,,,,,,Case Rate,". 100 percent of Medicaid DRG. Add-on payment, and lesser of 100% of billed charges. 100 percent of Medicaid DRG. Add-on payment, and lesser of 100% of billed charges.",,,,,,,,,". 100 percent of Medicare DRG. Add-on payment,  . 100 percent of Medicare DRG. Add-on payment,  .",14279.98,,,,,,,Case Rate,". 100 percent of Medicaid DRG. Add-on payment, and lesser of 100% of billed charges. 100 percent of Medicaid DRG. Add-on payment, and lesser of 100% of billed charges.",,73,,,,,0,Percent of total billed charges,73 percent of charges.  ; No services were performed during the 15 month look back period.,,,,,,,,,". GMLOS + 8 Outlier per Diem $6,968.00. Add-on payment, and lesser of 100% of billed charges. GMLOS + 8 Outlier per Diem $6,968.00. Add-on payment, and lesser of 100% of billed charges.",,,,,,,,,". 100 percent of Medicare DRG. Add-on payment, and lesser of 100% of billed charges. 100 percent of Medicare DRG. Add-on payment, and lesser of 100% of billed charges.",,,,,,,,," ",,,,,,,,,". 100 percent of Medicare DRG. Add-on payment, and lesser of 100% of billed charges. 100 percent of Medicare DRG. Add-on payment, and lesser of 100% of billed charges.",,,,,,,,,". 100 percent of Medicare DRG. Add-on payment, and lesser of 100% of billed charges. 100 percent of Medicare DRG. Add-on payment, and lesser of 100% of billed charges.",,73,,,,,0,Percent of total billed charges,73 percent of charges.  ; No services were performed during the 15 month look back period.,14279.98,,,,,,,Case Rate,". 100 percent of Medicaid DRG. Add-on payment, and lesser of 100% of billed charges. 100 percent of Medicaid DRG. Add-on payment, and lesser of 100% of billed charges.",14279.98,,,,,,,Case Rate,". 100 percent of Medicaid DRG. Add-on payment, and lesser of 100% of billed charges. 100 percent of Medicaid DRG. Add-on payment, and lesser of 100% of billed charges.",14279.98,,,,,,,Case Rate,". 100 percent of Medicaid DRG. Add-on payment, and lesser of 100% of billed charges. 100 percent of Medicaid DRG. Add-on payment, and lesser of 100% of billed charges.",14279.98,,,,,,,Case Rate,". 100 percent of Medicaid DRG. Add-on payment, and lesser of 100% of billed charges. 100 percent of Medicaid DRG. Add-on payment, and lesser of 100% of billed charges.",,,,,,,,," ",,,,,,,,," ",14279.98,,,,,,,Case Rate,". 100 percent of Medicaid DRG. Add-on payment, and lesser of 100% of billed charges. 100 percent of Medicaid DRG. Add-on payment, and lesser of 100% of billed charges.",,,,,,,,," ",14279.98,,,,,,,Case Rate,". 100 percent of Medicaid DRG. Add-on payment, and lesser of 100% of billed charges. 100 percent of Medicaid DRG. Add-on payment, and lesser of 100% of billed charges.",,,,,,,,,". 100 percent of Medicare DRG. Add-on payment, . 100 percent of Medicare DRG. Add-on payment, .",,,,,,,,," ",,73,,,,,0,Percent of total billed charges,73 percent of charges.  ; No services were performed during the 15 month look back period.,14279.98,,,,,,,Case Rate,". 100 percent of Medicaid DRG. Add-on payment, and lesser of 100% of billed charges. 100 percent of Medicaid DRG. Add-on payment, and lesser of 100% of billed charges.",14279.98,,,,,,,Case Rate,". 100 percent of Medicaid DRG. Add-on payment, and lesser of 100% of billed charges. 100 percent of Medicaid DRG. Add-on payment, and lesser of 100% of billed charges.",,73,,,,,0,Percent of total billed charges,73 percent of charges.  ; No services were performed during the 15 month look back period.,,,,,,,,,".  ",,,,,,,,,".  ",,,,,,,,,".  ",,73,,,,,0,Percent of total billed charges,73 percent of charges.  ; No services were performed during the 15 month look back period.,,,,,,,,,". 100 percent of Medicare DRG. Add-on payment,  . 100 percent of Medicare DRG. Add-on payment,  .",,,,,,,,,".  ",,,,,,,,,".  ",,,,,,,,,".  ",,,,,,,,,". 100 percent of Medicare DRG. Add-on payment,  . 100 percent of Medicare DRG. Add-on payment,  .",,,,,,,,,".  ",,,,,,,,,".  ",,,,,,,,,". 100 percent of Medicare DRG. Add-on payment, and lesser of 100% of billed charges. 100 percent of Medicare DRG. Add-on payment, and lesser of 100% of billed charges.",,,,,,,,,".  ",,,,,,,,,".  ",,,,,,,,,".  ",,,,,,,,,".  ",,,,,,,,,".  ",,,,,,,,,".  ",,,,,,,,,".  ",,,,,,,,,". 100 percent of Medicare DRG. Add-on payment,  . 100 percent of Medicare DRG. Add-on payment,  .",,,,,,,,,". 100 percent of Medicare DRG. Add-on payment,  . 100 percent of Medicare DRG. Add-on payment,  .",,,,,,,,,".  ",,73,,,,,0,Percent of total billed charges,73 percent of charges.  ; No services were performed during the 15 month look back period.,,73,,,,,0,Percent of total billed charges,73 percent of charges.  ; No services were performed during the 15 month look back period.,,73,,,,,0,Percent of total billed charges,73 percent of charges.  ; No services were performed during the 15 month look back period.,,73,,,,,0,Percent of total billed charges,73 percent of charges.  ; No services were performed during the 15 month look back period.,,73,,,,,0,Percent of total billed charges,73 percent of charges.  ; No services were performed during the 15 month look back period.,,73,,,,,0,Percent of total billed charges,73 percent of charges.  ; No services were performed during the 15 month look back period.,,73,,,,,0,Percent of total billed charges,73 percent of charges.  ; No services were performed during the 15 month look back period.,,73,,,,,0,Percent of total billed charges,73 percent of charges.  ; No services were performed during the 15 month look back period.,,73,,,,,0,Percent of total billed charges,73 percent of charges.  ; No services were performed during the 15 month look back period.,,73,,,,,0,Percent of total billed charges,73 percent of charges.  ; No services were performed during the 15 month look back period.,,73,,,,,0,Percent of total billed charges,73 percent of charges.  ; No services were performed during the 15 month look back period.,,73,,,,,0,Percent of total billed charges,73 percent of charges.  ; No services were performed during the 15 month look back period.,,73,,,,,0,Percent of total billed charges,73 percent of charges.  ; No services were performed during the 15 month look back period.,,73,,,,,0,Percent of total billed charges,73 percent of charges.  ; No services were performed during the 15 month look back period.,,73,,,,,0,Percent of total billed charges,73 percent of charges.  ; No services were performed during the 15 month look back period.,,73,,,,,0,Percent of total billed charges,73 percent of charges.  ; No services were performed during the 15 month look back period.,,73,,,,,0,Percent of total billed charges,73 percent of charges.  ; No services were performed during the 15 month look back period.,,73,,,,,0,Percent of total billed charges,73 percent of charges.  ; No services were performed during the 15 month look back period.,,73,,,,,0,Percent of total billed charges,73 percent of charges.  ; No services were performed during the 15 month look back period.,,73,,,,,0,Percent of total billed charges,73 percent of charges.  ; No services were performed during the 15 month look back period.,,73,,,,,0,Percent of total billed charges,73 percent of charges.  ; No services were performed during the 15 month look back period.,,73,,,,,0,Percent of total billed charges,73 percent of charges.  ; No services were performed during the 15 month look back period.,,73,,,,,0,Percent of total billed charges,73 percent of charges.  ; No services were performed during the 15 month look back period.,,73,,,,,0,Percent of total billed charges,73 percent of charges.  ; No services were performed during the 15 month look back period.,,73,,,,,0,Percent of total billed charges,73 percent of charges.  ; No services were performed during the 15 month look back period.,,73,,,,,0,Percent of total billed charges,73 percent of charges.  ; No services were performed during the 15 month look back period.,,,,,,,,," ",,,,,,,,," ",,,,,,,,," ",,,,,,,,," ",,,,,,,,," ",,,,,,,,," ",,,,,,,,,".  ",,,,,,,,,".  ",,,,,,,,,".  ",,,,,,,,,".  ",,73,,,,,0,Percent of total billed charges,73 percent of charges.  ; No services were performed during the 15 month look back period.,,,,,,,,," ",,,,,,,,,".  ",,,,,,,,,".  ",,,,,,,,,".  ",,,,,,,,," ",,73,,,,,0,Percent of total billed charges,73 percent of charges.  ; No services were performed during the 15 month look back period.,14279.98,,,,,,,Case Rate,". 100 percent of Medicaid DRG. Add-on payment, and lesser of 100% of billed charges. 100 percent of Medicaid DRG. Add-on payment, and lesser of 100% of billed charges.",,,,,,,,," ",14279.98,,,,,,,Case Rate,". 100 percent of Medicaid DRG. Add-on payment, and lesser of 100% of billed charges. 100 percent of Medicaid DRG. Add-on payment, and lesser of 100% of billed charges.",,,,,,,,,". 100 percent of Medicare DRG. Add-on payment, . 100 percent of Medicare DRG. Add-on payment, .",,,,,,,,,". 100 percent of Medicare DRG. Add-on payment,  . 100 percent of Medicare DRG. Add-on payment,  .",,,,,,,,,".  ",,,,,,,,,". 100 percent of Medicare DRG. Add-on payment,  . 100 percent of Medicare DRG. Add-on payment,  .",,,,,,,,,". 100 percent of Medicare DRG. Add-on payment,  . 100 percent of Medicare DRG. Add-on payment,  .",14279.98,,,,,,,Case Rate,". 100 percent of Medicaid DRG. Add-on payment, and lesser of 100% of billed charges. 100 percent of Medicaid DRG. Add-on payment, and lesser of 100% of billed charges.",,,,,,,,,". 100 percent of Medicare DRG. Add-on payment,  . 100 percent of Medicare DRG. Add-on payment,  .",,,,,,,,,". 100 percent of Medicare DRG. Add-on payment,  . 100 percent of Medicare DRG. Add-on payment,  .",,,,,,,,,". GMLOS + 8 Outlier per Diem $6,968.00. Add-on payment, and lesser of 100% of billed charges. GMLOS + 8 Outlier per Diem $6,968.00. Add-on payment, and lesser of 100% of billed charges.",,,,,,,,,". GMLOS + 8 Outlier per Diem $6,968.00. Add-on payment, and lesser of 100% of billed charges. GMLOS + 8 Outlier per Diem $6,968.00. Add-on payment, and lesser of 100% of billed charges.",,,,,,,,,". 100 percent of Medicare DRG. Add-on payment,  . 100 percent of Medicare DRG. Add-on payment,  .",,,,,,,,,".  ",,,,,,,,,".  ",,,,,,,,,".  ",,,,,,,,,". 100 percent of Medicare DRG. Add-on payment,  . 100 percent of Medicare DRG. Add-on payment,  .",,,,,,,,,".  ",,,,,,,,,". GMLOS + 8 Outlier per Diem $6,968.00. Add-on payment, and lesser of 100% of billed charges. GMLOS + 8 Outlier per Diem $6,968.00. Add-on payment, and lesser of 100% of billed charges.",,,,,,,,,". GMLOS + 8 Outlier per Diem $6,968.00. Add-on payment, and lesser of 100% of billed charges. GMLOS + 8 Outlier per Diem $6,968.00. Add-on payment, and lesser of 100% of billed charges.",,,,,,,,,". GMLOS + 8 Outlier per Diem $6,968.00. Add-on payment, and lesser of 100% of billed charges. GMLOS + 8 Outlier per Diem $6,968.00. Add-on payment, and lesser of 100% of billed charges.",,73,,,,,0,Percent of total billed charges,73 percent of charges.  ; No services were performed during the 15 month look back period.,,73,,,,,0,Percent of total billed charges,73 percent of charges.  ; No services were performed during the 15 month look back period.,,73,,,,,0,Percent of total billed charges,73 percent of charges.  ; No services were performed during the 15 month look back period.,,73,,,,,0,Percent of total billed charges,73 percent of charges.  ; No services were performed during the 15 month look back period.,,73,,,,,0,Percent of total billed charges,73 percent of charges.  ; No services were performed during the 15 month look back period.,,73,,,,,0,Percent of total billed charges,73 percent of charges.  ; No services were performed during the 15 month look back period.,,73,,,,,0,Percent of total billed charges,73 percent of charges.  ; No services were performed during the 15 month look back period.,,73,,,,,0,Percent of total billed charges,73 percent of charges.  ; No services were performed during the 15 month look back period.,,73,,,,,0,Percent of total billed charges,73 percent of charges.  ; No services were performed during the 15 month look back period.,,73,,,,,0,Percent of total billed charges,73 percent of charges.  ; No services were performed during the 15 month look back period.,,73,,,,,0,Percent of total billed charges,73 percent of charges.  ; No services were performed during the 15 month look back period.,,,,,,,,," ",,,,,,,,,".  ",,,,,,,,,".  ",,,,,,,,,". 100 percent of Medicare DRG. Add-on payment,  . 100 percent of Medicare DRG. Add-on payment,  .",,,,,,,,,". GMLOS + 8 Outlier per Diem $6,968.00. Add-on payment, and lesser of 100% of billed charges. GMLOS + 8 Outlier per Diem $6,968.00. Add-on payment, and lesser of 100% of billed charges.",,,,,,,,,".  ",,,,,,,,,".  ",,73,,,,,0,Percent of total billed charges,73 percent of charges.  ; No services were performed during the 15 month look back period.,28559.96,,,,,,,Case Rate,". 200 percent of Medicaid DRG. Add-on payment, and lesser of 200% of billed charges. 200 percent of Medicaid DRG. Add-on payment, and lesser of 200% of billed charges.",,,,,,,,,".  ",14279.98,,,,,,,Case Rate,". 100 percent of Medicaid DRG. Add-on payment, and lesser of 100% of billed charges. 100 percent of Medicaid DRG. Add-on payment, and lesser of 100% of billed charges.",,,,,,,,,". 100 percent of Medicare DRG. Add-on payment,  . 100 percent of Medicare DRG. Add-on payment,  .",,,,,,,,,". 100 percent of Medicare DRG. Add-on payment,  . 100 percent of Medicare DRG. Add-on payment,  .",,,,,,,,,". 100 percent of Medicare DRG. Add-on payment,  . 100 percent of Medicare DRG. Add-on payment,  .",,,,,,,,,". 100 percent of Medicare DRG. Add-on payment,  . 100 percent of Medicare DRG. Add-on payment,  .",,,,,,,,,". 100 percent of Medicare DRG. Add-on payment,  . 100 percent of Medicare DRG. Add-on payment,  .",,,,,,,,,". 100 percent of Medicare DRG. Add-on payment,  . 100 percent of Medicare DRG. Add-on payment,  .",,,,,,,,,".  ",,,,,,,,,".  ",32129.95,,,,,,,Case Rate,". 225 percent of Medicaid DRG. Add-on payment, and lesser of 100% of billed charges. 225 percent of Medicaid DRG. Add-on payment, and lesser of 100% of billed charges.",32129.95,,,,,,,Case Rate,". 225 percent of Medicaid DRG. Add-on payment, and lesser of 100% of billed charges. 225 percent of Medicaid DRG. Add-on payment, and lesser of 100% of billed charges.",32129.95,,,,,,,Case Rate,". 225 percent of Medicaid DRG. Add-on payment, and lesser of 100% of billed charges. 225 percent of Medicaid DRG. Add-on payment, and lesser of 100% of billed charges.",32129.95,,,,,,,Case Rate,". 225 percent of Medicaid DRG. Add-on payment, and lesser of 100% of billed charges. 225 percent of Medicaid DRG. Add-on payment, and lesser of 100% of billed charges.",32129.95,,,,,,,Case Rate,". 225 percent of Medicaid DRG. Add-on payment, and lesser of 100% of billed charges. 225 percent of Medicaid DRG. Add-on payment, and lesser of 100% of billed charges.",,,,,,,,," ",,,,,,,,,".  ",,,,,,,,," ",,,,,,,,," ",,,,,,,,," ",,,,,,,,," ",,,,,,,,," ",,,,,,,,,". 100 percent of Medicare DRG. Add-on payment,  . 100 percent of Medicare DRG. Add-on payment,  .",,,,,,,,," ",,,,,,,,," ",,,,,,,,," ",,,,,,,,," ",,,,,,,,,". GMLOS + 8 Outlier per Diem $6,968.00. Add-on payment, and lesser of 100% of billed charges. GMLOS + 8 Outlier per Diem $6,968.00. Add-on payment, and lesser of 100% of billed charges.",,,,,,,,,". GMLOS + 8 Outlier per Diem $6,968.00. Add-on payment, and lesser of 100% of billed charges. GMLOS + 8 Outlier per Diem $6,968.00. Add-on payment, and lesser of 100% of billed charges.",,,,,,,,,". GMLOS + 8 Outlier per Diem $6,968.00. Add-on payment, and lesser of 100% of billed charges. GMLOS + 8 Outlier per Diem $6,968.00. Add-on payment, and lesser of 100% of billed charges.",,,,,,,,,". GMLOS + 8 Outlier per Diem $6,968.00. Add-on payment, and lesser of 100% of billed charges. GMLOS + 8 Outlier per Diem $6,968.00. Add-on payment, and lesser of 100% of billed charges.",,,,,,,,,".  ",,,,,,,,,".  ",,,,,,,,,". 100 percent of Medicare DRG. Add-on payment,  . 100 percent of Medicare DRG. Add-on payment,  .",,,,,,,,,". 100 percent of Medicare DRG. Add-on payment,  . 100 percent of Medicare DRG. Add-on payment,  .",,,,,,,,,". 100 percent of Medicare DRG. Add-on payment,  . 100 percent of Medicare DRG. Add-on payment,  .",,,,,,,,,".  ",,,,,,,,,".  ",,,,,,,,,".  ",,,,,,,,,".  ",,,,,,,,,". GMLOS + 8 Outlier per Diem $6,968.00. Add-on payment, and lesser of 100% of billed charges. GMLOS + 8 Outlier per Diem $6,968.00. Add-on payment, and lesser of 100% of billed charges.",,,,,,,,,". 100 percent of Medicare DRG. Add-on payment,  . 100 percent of Medicare DRG. Add-on payment,  .",,,,,,,,,".  ",14279.98,,,,,,,Case Rate,". 100 percent of Medicaid DRG. Add-on payment, and lesser of 100% of billed charges. 100 percent of Medicaid DRG. Add-on payment, and lesser of 100% of billed charges.",,,,,,,,,". 100 percent of Medicare DRG. Add-on payment, and lesser of 100% of billed charges. 100 percent of Medicare DRG. Add-on payment, and lesser of 100% of billed charges.",,,,,,,,,". 100 percent of Medicare DRG. Add-on payment, and lesser of 100% of billed charges. 100 percent of Medicare DRG. Add-on payment, and lesser of 100% of billed charges.",,,,,,,,,". 100 percent of Medicare DRG. Add-on payment, and lesser of 100% of billed charges. 100 percent of Medicare DRG. Add-on payment, and lesser of 100% of billed charges.",14279.98,,,,,,,Case Rate,". 100 percent of Medicaid DRG. Add-on payment, and lesser of 100% of billed charges. 100 percent of Medicaid DRG. Add-on payment, and lesser of 100% of billed charges.",32129.95,,,,,,,Case Rate,". 225 percent of Medicaid DRG. Add-on payment, and lesser of 225% of billed charges. 225 percent of Medicaid DRG. Add-on payment, and lesser of 225% of billed charges.",32129.95,,,,,,,Case Rate,". 225 percent of Medicaid DRG. Add-on payment, and lesser of 225% of billed charges. 225 percent of Medicaid DRG. Add-on payment, and lesser of 225% of billed charges.",32129.95,,,,,,,Case Rate,". 225 percent of Medicaid DRG. Add-on payment, and lesser of 225% of billed charges. 225 percent of Medicaid DRG. Add-on payment, and lesser of 225% of billed charges.",32129.95,,,,,,,Case Rate,". 225 percent of Medicaid DRG. Add-on payment, and lesser of 225% of billed charges. 225 percent of Medicaid DRG. Add-on payment, and lesser of 225% of billed charges.",32129.95,,,,,,,Case Rate,". 225 percent of Medicaid DRG. Add-on payment, and lesser of 225% of billed charges. 225 percent of Medicaid DRG. Add-on payment, and lesser of 225% of billed charges.",,,,,,,,,". 100 percent of Medicare DRG. Add-on payment, and lesser of 100% of billed charges. 100 percent of Medicare DRG. Add-on payment, and lesser of 100% of billed charges.",14279.98,,,,,,,Case Rate,". 100 percent of Medicaid DRG. Add-on payment, and lesser of 100% of billed charges. 100 percent of Medicaid DRG. Add-on payment, and lesser of 100% of billed charges.",14279.98,,,,,,,Case Rate,". 100 percent of Medicaid DRG. Add-on payment, and lesser of 100% of billed charges. 100 percent of Medicaid DRG. Add-on payment, and lesser of 100% of billed charges.",32129.95,,,,,,,Case Rate,". 225 percent of Medicaid DRG. Add-on payment, and lesser of 225% of billed charges. 225 percent of Medicaid DRG. Add-on payment, and lesser of 225% of billed charges.",32129.95,,,,,,,Case Rate,". 225 percent of Medicaid DRG. Add-on payment, and lesser of 225% of billed charges. 225 percent of Medicaid DRG. Add-on payment, and lesser of 225% of billed charges.",14279.98,,,,,,,Case Rate,". 100 percent of Medicaid DRG. Add-on payment, and lesser of 100% of billed charges. 100 percent of Medicaid DRG. Add-on payment, and lesser of 100% of billed charges.",14279.98,,,,,,,Case Rate,". 100 percent of Medicaid DRG. Add-on payment, and lesser of 100% of billed charges. 100 percent of Medicaid DRG. Add-on payment, and lesser of 100% of billed charges.",32129.95,,,,,,,Case Rate,". 225 percent of Medicaid DRG. Add-on payment, and lesser of 100% of billed charges. 225 percent of Medicaid DRG. Add-on payment, and lesser of 100% of billed charges.",,,,,,,,,". 100 percent of Medicare DRG. Add-on payment,  . 100 percent of Medicare DRG. Add-on payment,  .",,,,,,,,,". 100 percent of Medicare DRG. Add-on payment,  . 100 percent of Medicare DRG. Add-on payment,  .",,,,,,,,,". GMLOS + 8 Outlier per Diem $6,968.00. Add-on payment, and lesser of 100% of billed charges. GMLOS + 8 Outlier per Diem $6,968.00. Add-on payment, and lesser of 100% of billed charges.",,,,,,,,,". 100 percent of Medicare DRG. Add-on payment,  . 100 percent of Medicare DRG. Add-on payment,  .",32129.95,,,,,,,Case Rate,". 225 percent of Medicaid DRG. Add-on payment, and lesser of 225% of billed charges. 225 percent of Medicaid DRG. Add-on payment, and lesser of 225% of billed charges.",32129.95,,,,,,,Case Rate,". 225 percent of Medicaid DRG. Add-on payment, and lesser of 225% of billed charges. 225 percent of Medicaid DRG. Add-on payment, and lesser of 225% of billed charges.",14279.98,,,,,,,Case Rate,". 100 percent of Medicaid DRG. Add-on payment, and lesser of 100% of billed charges. 100 percent of Medicaid DRG. Add-on payment, and lesser of 100% of billed charges.",14279.98,,,,,,,Case Rate,". 100 percent of Medicaid DRG. Add-on payment, and lesser of 100% of billed charges. 100 percent of Medicaid DRG. Add-on payment, and lesser of 100% of billed charges.",22197.41,,,,,,,Case Rate,". 225 percent of Medicaid DRG. Add-on payment, and lesser of 225% of billed charges. 225 percent of Medicaid DRG. Add-on payment, and lesser of 225% of billed charges.",14279.98,,,,,,,Case Rate,". 100 percent of Medicaid DRG. Add-on payment, and lesser of 100% of billed charges. 100 percent of Medicaid DRG. Add-on payment, and lesser of 100% of billed charges.",41411.94,,,,,,,Case Rate,". 290 percent of Medicaid DRG. Add-on payment, and lesser of 100% of billed charges. 290 percent of Medicaid DRG. Add-on payment, and lesser of 100% of billed charges.",41411.94,,,,,,,Case Rate,". 290 percent of Medicaid DRG. Add-on payment, and lesser of 100% of billed charges. 290 percent of Medicaid DRG. Add-on payment, and lesser of 100% of billed charges.",41411.94,,,,,,,Case Rate,". 290 percent of Medicaid DRG. Add-on payment, and lesser of 100% of billed charges. 290 percent of Medicaid DRG. Add-on payment, and lesser of 100% of billed charges.",41411.94,,,,,,,Case Rate,". 290 percent of Medicaid DRG. Add-on payment, and lesser of 100% of billed charges. 290 percent of Medicaid DRG. Add-on payment, and lesser of 100% of billed charges.",,,,,,,,," ",,,,,,,,,".  ",19277.97,,,,,,,Case Rate,"135% of Medicaid EP 1 and 2, 100% of medicaid EP 3 and 4.  ",19277.97,,,,,,,Case Rate,"135% of Medicaid EP 1 and 2, 100% of medicaid EP 3 and 4.  ",14279.98,,,,,,,Case Rate,". 100 percent of Medicaid DRG. Add-on payment, and lesser of 100% of billed charges. 100 percent of Medicaid DRG. Add-on payment, and lesser of 100% of billed charges.",14279.98,,,,,,,Case Rate,". 100 percent of Medicaid DRG. Add-on payment, and lesser of 100% of billed charges. 100 percent of Medicaid DRG. Add-on payment, and lesser of 100% of billed charges.",,,,,,,,,".  ",,,,,,,,,".  ",,,,,,,,,". 100 percent of Medicare DRG. Add-on payment,  . 100 percent of Medicare DRG. Add-on payment,  .",,,,,,,,,".  ",,,,,,,,,".  ",,,,,,,,,".  ",,,,,,,,,".  ",,,,,,,,,". 100 percent of Medicare DRG. Add-on payment,  . 100 percent of Medicare DRG. Add-on payment,  .",,,,,,,,,".  ",,,,,,,,,".  ",,,,,,,,,". GMLOS + 8 Outlier per Diem $6,968.00. Add-on payment, and lesser of 100% of billed charges. GMLOS + 8 Outlier per Diem $6,968.00. Add-on payment, and lesser of 100% of billed charges.",14279.98,,,,,,,Case Rate,". 100 percent of Medicaid DRG. Add-on payment, and lesser of 100% of billed charges. 100 percent of Medicaid DRG. Add-on payment, and lesser of 100% of billed charges.",14279.98,,,,,,,Case Rate,". 100 percent of Medicaid DRG. Add-on payment, and lesser of 100% of billed charges. 100 percent of Medicaid DRG. Add-on payment, and lesser of 100% of billed charges.",32129.95,,,,,,,Case Rate,". 225 percent of Medicaid DRG. Add-on payment, and lesser of 225% of billed charges. 225 percent of Medicaid DRG. Add-on payment, and lesser of 225% of billed charges.",22197.41,,,,,,,Case Rate,". 225 percent of Medicaid DRG. Add-on payment, and lesser of 225% of billed charges. 225 percent of Medicaid DRG. Add-on payment, and lesser of 225% of billed charges.",14279.98,,,,,,,Case Rate,". 100 percent of Medicaid DRG. Add-on payment, and lesser of 100% of billed charges. 100 percent of Medicaid DRG. Add-on payment, and lesser of 100% of billed charges.",32129.95,,,,,,,Case Rate,". 225 percent of Medicaid DRG. Add-on payment, and lesser of 225% of billed charges. 225 percent of Medicaid DRG. Add-on payment, and lesser of 225% of billed charges.",32129.95,,,,,,,Case Rate,". 225 percent of Medicaid DRG. Add-on payment, and lesser of 225% of billed charges. 225 percent of Medicaid DRG. Add-on payment, and lesser of 225% of billed charges.",32129.95,,,,,,,Case Rate,". 225 percent of Medicaid DRG. Add-on payment, and lesser of 225% of billed charges. 225 percent of Medicaid DRG. Add-on payment, and lesser of 225% of billed charges.",32129.95,,,,,,,Case Rate,". 225 percent of Medicaid DRG. Add-on payment, and lesser of 225% of billed charges. 225 percent of Medicaid DRG. Add-on payment, and lesser of 225% of billed charges.",32129.95,,,,,,,Case Rate,". 225 percent of Medicaid DRG. Add-on payment, and lesser of 225% of billed charges. 225 percent of Medicaid DRG. Add-on payment, and lesser of 225% of billed charges.",32129.95,,,,,,,Case Rate,". 225 percent of Medicaid DRG. Add-on payment, and lesser of 225% of billed charges. 225 percent of Medicaid DRG. Add-on payment, and lesser of 225% of billed charges.",,,,,,,,," ",,,,,,,,," ",,,,,,,,," ",,,,,,,,,".  ",,,,,,,,," ",,,,,,,,,". 100 percent of Medicare DRG. Add-on payment,  . 100 percent of Medicare DRG. Add-on payment,  .",,,,,,,,,".  ",,,,,,,,,". 100 percent of Medicare DRG. Add-on payment,  . 100 percent of Medicare DRG. Add-on payment,  .",,,,,,,,,". 100 percent of Medicare DRG. Add-on payment,  . 100 percent of Medicare DRG. Add-on payment,  .",19277.97,,,,,,,Case Rate,"135% of Medicaid EP 1 and 2, 100% of medicaid EP 3 and 4.  ",19277.97,,,,,,,Case Rate,"135% of Medicaid EP 1 and 2, 100% of medicaid EP 3 and 4.  ",14279.98,,,,,,,Case Rate,". 100 percent of Medicaid DRG. Add-on payment, and lesser of 100% of billed charges. 100 percent of Medicaid DRG. Add-on payment, and lesser of 100% of billed charges.",14279.98,,,,,,,Case Rate,". 100 percent of Medicaid DRG. Add-on payment, and lesser of 100% of billed charges. 100 percent of Medicaid DRG. Add-on payment, and lesser of 100% of billed charges.",14279.98,,,,,,,Case Rate,". 100 percent of Medicaid DRG. Add-on payment, and lesser of 100% of billed charges. 100 percent of Medicaid DRG. Add-on payment, and lesser of 100% of billed charges.",,,,,,,,," ",,,,,,,,,". GMLOS + 8 Outlier per Diem $6,968.00. Add-on payment, and lesser of 100% of billed charges. GMLOS + 8 Outlier per Diem $6,968.00. Add-on payment, and lesser of 100% of billed charges.",,,,,,,,," ",,,,,,,,,".  ",,,,,,,,,". 100 percent of Medicare DRG. Add-on payment, . 100 percent of Medicare DRG. Add-on payment, .",,,,,,,,,". 100 percent of Medicare DRG. Add-on payment,  . 100 percent of Medicare DRG. Add-on payment,  .",,,,,,,,,". 100 percent of Medicare DRG. Add-on payment,  . 100 percent of Medicare DRG. Add-on payment,  .",,,,,,,,,". 100 percent of Medicare DRG. Add-on payment,  . 100 percent of Medicare DRG. Add-on payment,  .",,,,,,,,,". 100 percent of Medicare DRG. Add-on payment, . 100 percent of Medicare DRG. Add-on payment, .",,,,,,,,,". 100 percent of Medicare DRG. Add-on payment,  . 100 percent of Medicare DRG. Add-on payment,  .",,,,,,,,," ",32129.95,,,,,,,Case Rate,". 225 percent of Medicaid DRG. Add-on payment, and lesser of 225% of billed charges. 225 percent of Medicaid DRG. Add-on payment, and lesser of 225% of billed charges.",14279.98,,,,,,,Case Rate,". 100 percent of Medicaid DRG. Add-on payment, and lesser of 100% of billed charges. 100 percent of Medicaid DRG. Add-on payment, and lesser of 100% of billed charges.",,,,,,,,,".  ",,,,,,,,," ",,,,,,,,," ",,,,,,,,," ",,,,,,,,," ",,,,,,,,,". 100 percent of Medicare DRG. Add-on payment,  . 100 percent of Medicare DRG. Add-on payment,  .",14279.98,,,,,,,Case Rate,". 100 percent of Medicaid DRG. Add-on payment, and lesser of 100% of billed charges. 100 percent of Medicaid DRG. Add-on payment, and lesser of 100% of billed charges.",,,,,,,,,".  ",14279.98,,,,,,,Case Rate,". 100 percent of Medicaid DRG. Add-on payment, and lesser of 100% of billed charges. 100 percent of Medicaid DRG. Add-on payment, and lesser of 100% of billed charges.",,,,,,,,,". 100 percent of Medicare DRG. Add-on payment,  . 100 percent of Medicare DRG. Add-on payment,  .",14279.98,,,,,,,Case Rate,". 100 percent of Medicaid DRG. Add-on payment, and lesser of 100% of billed charges. 100 percent of Medicaid DRG. Add-on payment, and lesser of 100% of billed charges.",,,,,,,,,". 100 percent of Medicare DRG. Add-on payment,  . 100 percent of Medicare DRG. Add-on payment,  .",,,,,,,,,". 100 percent of Medicare DRG. Add-on payment,  . 100 percent of Medicare DRG. Add-on payment,  .",14279.98,,,,,,,Case Rate,". 100 percent of Medicaid DRG. Add-on payment, and lesser of 100% of billed charges. 100 percent of Medicaid DRG. Add-on payment, and lesser of 100% of billed charges.",14279.98,,,,,,,Case Rate,". 100 percent of Medicaid DRG. Add-on payment, and lesser of 100% of billed charges. 100 percent of Medicaid DRG. Add-on payment, and lesser of 100% of billed charges.",,,,,,,,," ",,,,,,,,,".  ",,73,,,,,0,Percent of total billed charges,73 percent of charges.  ; No services were performed during the 15 month look back period.,,,,,,,,,".  ",,,,,,,,,".  ",,,,,,,,,". GMLOS + 8 Outlier per Diem $6,968.00. Add-on payment, and lesser of 100% of billed charges. GMLOS + 8 Outlier per Diem $6,968.00. Add-on payment, and lesser of 100% of billed charges.",,,,,,,,,". 93 percent of Medicare DRG. Add-on payment, and lesser of 100% of billed charges. 93 percent of Medicare DRG. Add-on payment, and lesser of 100% of billed charges.",,,,,,,,," ",,,,,,,,," ",,,,,,,,,".  ",,,,,,,,,".  ",,,,,,,,,". 100 percent of Medicare DRG. Add-on payment,  . 100 percent of Medicare DRG. Add-on payment,  .",,,,,,,,,". 100 percent of Medicare DRG. Add-on payment,  . 100 percent of Medicare DRG. Add-on payment,  .",,,,,,,,,". 100 percent of Medicare DRG. Add-on payment,  . 100 percent of Medicare DRG. Add-on payment,  .",,,,,,,,,". 100 percent of Medicare DRG. Add-on payment,  . 100 percent of Medicare DRG. Add-on payment,  .",,,,,,,,,".  ",,,,,,,,,".  ",,,,,,,,,".  ",,,,,,,,,". 100 percent of Medicare DRG. Add-on payment,  . 100 percent of Medicare DRG. Add-on payment,  .",,,,,,,,,".  ",,,,,,,,," ",14279.98,,,,,,,Case Rate,". 100 percent of Medicaid DRG. Add-on payment, and lesser of 100% of billed charges. 100 percent of Medicaid DRG. Add-on payment, and lesser of 100% of billed charges.",14279.98,,,,,,,Case Rate,". 100 percent of Medicaid DRG. Add-on payment, and lesser of 100% of billed charges. 100 percent of Medicaid DRG. Add-on payment, and lesser of 100% of billed charges.",,,,,,,,," ",,,,,,,,,".  ",,,,,,,,,".  ",,,,,,,,,".  ",,,,,,,,,".  ",,,,,,,,,". 100 percent of Medicare DRG. Add-on payment, . 100 percent of Medicare DRG. Add-on payment, .",14993.98,,,,,,,Case Rate,". 105 percent of Medicaid DRG. Add-on payment, and lesser of 100% of billed charges. 105 percent of Medicaid DRG. Add-on payment, and lesser of 100% of billed charges.",14993.98,,,,,,,Case Rate,". 105 percent of Medicaid DRG. Add-on payment, and lesser of 100% of billed charges. 105 percent of Medicaid DRG. Add-on payment, and lesser of 100% of billed charges.",14993.98,,,,,,,Case Rate,". 105 percent of Medicaid DRG. Add-on payment, and lesser of 100% of billed charges. 105 percent of Medicaid DRG. Add-on payment, and lesser of 100% of billed charges.",14993.98,,,,,,,Case Rate,". 105 percent of Medicaid DRG. Add-on payment, and lesser of 100% of billed charges. 105 percent of Medicaid DRG. Add-on payment, and lesser of 100% of billed charges.",,,,,,,,,".  ",14993.98,,,,,,,Case Rate,". 105 percent of Medicaid DRG. Add-on payment, and lesser of 100% of billed charges. 105 percent of Medicaid DRG. Add-on payment, and lesser of 100% of billed charges.",14993.98,,,,,,,Case Rate,". 105 percent of Medicaid DRG. Add-on payment, and lesser of 100% of billed charges. 105 percent of Medicaid DRG. Add-on payment, and lesser of 100% of billed charges.",14993.98,,,,,,,Case Rate,". 105 percent of Medicaid DRG. Add-on payment, and lesser of 100% of billed charges. 105 percent of Medicaid DRG. Add-on payment, and lesser of 100% of billed charges.",14993.98,,,,,,,Case Rate,". 105 percent of Medicaid DRG. Add-on payment, and lesser of 100% of billed charges. 105 percent of Medicaid DRG. Add-on payment, and lesser of 100% of billed charges.",14993.98,,,,,,,Case Rate,". 105 percent of Medicaid DRG. Add-on payment, and lesser of 100% of billed charges. 105 percent of Medicaid DRG. Add-on payment, and lesser of 100% of billed charges.",14993.98,,,,,,,Case Rate,". 105 percent of Medicaid DRG. Add-on payment, and lesser of 100% of billed charges. 105 percent of Medicaid DRG. Add-on payment, and lesser of 100% of billed charges.",14993.98,,,,,,,Case Rate,". 105 percent of Medicaid DRG. Add-on payment, and lesser of 100% of billed charges. 105 percent of Medicaid DRG. Add-on payment, and lesser of 100% of billed charges.",,,,,,,,,". 100 percent of Medicare DRG. Add-on payment,  . 100 percent of Medicare DRG. Add-on payment,  .",,,,,,,,,".  ",,,,,,,,,". 100 percent of Medicare DRG. Add-on payment,  . 100 percent of Medicare DRG. Add-on payment,  .",14993.98,,,,,,,Case Rate,". 105 percent of Medicaid DRG. Add-on payment, and lesser of 100% of billed charges. 105 percent of Medicaid DRG. Add-on payment, and lesser of 100% of billed charges.",,,,,,,,,".  ",,,,,,,,,". 100 percent of Medicare DRG. Add-on payment,  . 100 percent of Medicare DRG. Add-on payment,  .",,,,,,,,,".  ",,,,,,,,,".  ",,,,,,,,,".  ",14993.98,,,,,,,Case Rate,". 105 percent of Medicaid DRG. Add-on payment, and lesser of 100% of billed charges. 105 percent of Medicaid DRG. Add-on payment, and lesser of 100% of billed charges.",,,,,,,,,". 100 percent of Medicare DRG. Add-on payment,  . 100 percent of Medicare DRG. Add-on payment,  .",,,,,,,,,".  ",14993.98,,,,,,,Case Rate,". 105 percent of Medicaid DRG. Add-on payment, and lesser of 100% of billed charges. 105 percent of Medicaid DRG. Add-on payment, and lesser of 100% of billed charges.",,,,,,,,,".  ",,,,,,,,,". Delay in Discharge per diem $4,1647 Delay in Discharge per diem $4,1647",,,,,,,,,". 100 percent of Medicare DRG. Add-on payment, . 100 percent of Medicare DRG. Add-on payment, .",,,,,,,,," ",,,,,,,,," ",,,,,,,,," ",,,,,,,,," ",,,,,,,,," ",,,,,,,,," ",,,,,,,,," ",,,,,,,,," ",,,,,,,,," ",,,,,,,,," ",,,,,,,,," ",,,,,,,,," ",,,,,,,,,". 100 percent of Medicare DRG. Add-on payment,  . 100 percent of Medicare DRG. Add-on payment,  .",,,,,,,,," ",,,,,,,,,". 100 percent of Medicare DRG. Add-on payment,  . 100 percent of Medicare DRG. Add-on payment,  .",32129.95,,,,,,,Case Rate,". 225 percent of Medicaid DRG. Add-on payment, and lesser of 225% of billed charges. 225 percent of Medicaid DRG. Add-on payment, and lesser of 225% of billed charges.",14279.98,,,,,,,Case Rate,". 100 percent of Medicaid DRG. Add-on payment, and lesser of 100% of billed charges. 100 percent of Medicaid DRG. Add-on payment, and lesser of 100% of billed charges.",,,,,,,,,".  ",,,,,,,,,".  ",,,,,,,,,". 100 percent of Medicare DRG. Add-on payment,  . 100 percent of Medicare DRG. Add-on payment,  .",,,,,,,,," ",,,,,,,,,". 100 percent of Medicare DRG. Add-on payment,  . 100 percent of Medicare DRG. Add-on payment,  .",,,,,,,,,". 100 percent of Medicare DRG. Add-on payment,  . 100 percent of Medicare DRG. Add-on payment,  .",,,,,,,,,". GMLOS + 8 Outlier per Diem $6,968.00. Add-on payment, and lesser of 100% of billed charges. GMLOS + 8 Outlier per Diem $6,968.00. Add-on payment, and lesser of 100% of billed charges.",,,,,,,,,". 100 percent of Medicare DRG. Add-on payment,  . 100 percent of Medicare DRG. Add-on payment,  .",,,,,,,,,".  ",,,,,,,,,". 100 percent of Medicare DRG. Add-on payment,  . 100 percent of Medicare DRG. Add-on payment,  .",,,,,,,,,".  ",,,,,,,,,". GMLOS + 8 Outlier per Diem $6,968.00. Add-on payment, and lesser of 100% of billed charges. GMLOS + 8 Outlier per Diem $6,968.00. Add-on payment, and lesser of 100% of billed charges.",,,,,,,,,".  ",,,,,,,,,". 100 percent of Medicare DRG. Add-on payment,  . 100 percent of Medicare DRG. Add-on payment,  .",14279.98,,,,,,,Case Rate,". 100 percent of Medicaid DRG. Add-on payment, and lesser of 100% of billed charges. 100 percent of Medicaid DRG. Add-on payment, and lesser of 100% of billed charges.",,,,,,,,,". 100 percent of Medicare DRG. Add-on payment,  . 100 percent of Medicare DRG. Add-on payment,  .",,,,,,,,,".  ",,,,,,,,,".  ",14279.98,,,,,,,Case Rate,". 100 percent of Medicaid DRG. Add-on payment, and lesser of 100% of billed charges. 100 percent of Medicaid DRG. Add-on payment, and lesser of 100% of billed charges.",,,,,,,,,".  ",14279.98,,,,,,,Case Rate,". 100 percent of Medicaid DRG. Add-on payment, and lesser of 100% of billed charges. 100 percent of Medicaid DRG. Add-on payment, and lesser of 100% of billed charges.",14279.98,,,,,,,Case Rate,". 100 percent of Medicaid DRG. Add-on payment, and lesser of 100% of billed charges. 100 percent of Medicaid DRG. Add-on payment, and lesser of 100% of billed charges.",,,,,,,,,".  ",,,,,,,,,".  ",,,,,,,,,".  ",,,,,,,,,".  ",,,,,,,,,".  ",,,,,,,,,".  ",,,,,,,,,".  ",,,,,,,,," ",,,,,,,,," ",,,,,,,,," ",14279.98,,,,,,,Case Rate,". 100 percent of Medicaid DRG. Add-on payment, and lesser of 100% of billed charges. 100 percent of Medicaid DRG. Add-on payment, and lesser of 100% of billed charges.",,,,,,,,,".  ",,,,,,,,,".  ",,,,,,,,,". GMLOS + 8 Outlier per Diem $6,968.00. Add-on payment, and lesser of 100% of billed charges. GMLOS + 8 Outlier per Diem $6,968.00. Add-on payment, and lesser of 100% of billed charges.",,,,,,,,,".  ",,,,,,,,,". GMLOS + 8 Outlier per Diem $6,968.00. Add-on payment, and lesser of 100% of billed charges. GMLOS + 8 Outlier per Diem $6,968.00. Add-on payment, and lesser of 100% of billed charges.",,,,,,,,,".  ",,,,,,,,,".  ",,,,,,,,,".  ",,,,,,,,,".  ",,,,,,,,,".  ",,,,,,,,,". 100 percent of Medicare DRG. Add-on payment,  . 100 percent of Medicare DRG. Add-on payment,  .",9865.51,41411.94,
APR910-3,DRG,,,,,APR910-3 CRANIOTOMY FOR MULTIPLE SIGNIFICANT TRAUMA,,,Inpatient,,,,,,,,,,,,".  ",,,,,,,,,".  ",,,,,,,,,".  ",,100,,,,,0,Percent of total billed charges,100 percent of charges.  ; No services were performed during the 15 month look back period.,,,,,,,,," ",,,,,,,,,".  ",,,,,,,,,".  ",,,,,,,,,".  ",66800.48,,,,,,,Case Rate,". 155 percent of Medicaid DRG. Add-on payment, and lesser of 100% of billed charges. 155 percent of Medicaid DRG. Add-on payment, and lesser of 100% of billed charges.",43097.08,,,,,,,Case Rate,". 100 percent of Medicaid DRG. Add-on payment, and lesser of 100% of billed charges. 100 percent of Medicaid DRG. Add-on payment, and lesser of 100% of billed charges.",,73,,,,,0,Percent of total billed charges,73 percent of charges.  ; No services were performed during the 15 month look back period.,,,,,,,,,".  ",43097.08,,,,,,,Case Rate,". 100 percent of Medicaid DRG. Add-on payment, and lesser of 100% of billed charges. 100 percent of Medicaid DRG. Add-on payment, and lesser of 100% of billed charges.",,,,,,,,," ",,,,,,,,,".  ",,,,,,,,,".  ",,,,,,,,,".  ",,,,,,,,,".  ",43097.08,,,,,,,Case Rate,". 100 percent of Medicaid DRG. Add-on payment, and lesser of 100% of billed charges. 100 percent of Medicaid DRG. Add-on payment, and lesser of 100% of billed charges.",,,,,,,,," ",43097.08,,,,,,,Case Rate,". 100 percent of Medicaid DRG. Add-on payment, and lesser of 100% of billed charges. 100 percent of Medicaid DRG. Add-on payment, and lesser of 100% of billed charges.",,73,,,,,0,Percent of total billed charges,73 percent of charges.  ; No services were performed during the 15 month look back period.,,,,,,,,,".  ",,,,,,,,," ",,,,,,,,," ",,,,,,,,," ",,,,,,,,," ",,73,,,,,0,Percent of total billed charges,73 percent of charges.  ; No services were performed during the 15 month look back period.,43097.08,,,,,,,Case Rate,". 100 percent of Medicaid DRG. Add-on payment, and lesser of 100% of billed charges. 100 percent of Medicaid DRG. Add-on payment, and lesser of 100% of billed charges.",43097.08,,,,,,,Case Rate,". 100 percent of Medicaid DRG. Add-on payment, and lesser of 100% of billed charges. 100 percent of Medicaid DRG. Add-on payment, and lesser of 100% of billed charges.",43097.08,,,,,,,Case Rate,". 100 percent of Medicaid DRG. Add-on payment, and lesser of 100% of billed charges. 100 percent of Medicaid DRG. Add-on payment, and lesser of 100% of billed charges.",43097.08,,,,,,,Case Rate,". 100 percent of Medicaid DRG. Add-on payment, and lesser of 100% of billed charges. 100 percent of Medicaid DRG. Add-on payment, and lesser of 100% of billed charges.",,,,,,,,," ",,,,,,,,," ",43097.08,,,,,,,Case Rate,". 100 percent of Medicaid DRG. Add-on payment, and lesser of 100% of billed charges. 100 percent of Medicaid DRG. Add-on payment, and lesser of 100% of billed charges.",,,,,,,,," ",43097.08,,,,,,,Case Rate,". 100 percent of Medicaid DRG. Add-on payment, and lesser of 100% of billed charges. 100 percent of Medicaid DRG. Add-on payment, and lesser of 100% of billed charges.",,,,,,,,," ",,,,,,,,," ",,73,,,,,0,Percent of total billed charges,73 percent of charges.  ; No services were performed during the 15 month look back period.,43097.08,,,,,,,Case Rate,". 100 percent of Medicaid DRG. Add-on payment, and lesser of 100% of billed charges. 100 percent of Medicaid DRG. Add-on payment, and lesser of 100% of billed charges.",43097.08,,,,,,,Case Rate,". 100 percent of Medicaid DRG. Add-on payment, and lesser of 100% of billed charges. 100 percent of Medicaid DRG. Add-on payment, and lesser of 100% of billed charges.",,73,,,,,0,Percent of total billed charges,73 percent of charges.  ; No services were performed during the 15 month look back period.,,,,,,,,,".  ",,,,,,,,,".  ",,,,,,,,,".  ",,73,,,,,0,Percent of total billed charges,73 percent of charges.  ; No services were performed during the 15 month look back period.,,,,,,,,," ",,,,,,,,,".  ",,,,,,,,,".  ",,,,,,,,,".  ",,,,,,,,," ",,,,,,,,,".  ",,,,,,,,,".  ",,,,,,,,," ",,,,,,,,,".  ",,,,,,,,,".  ",,,,,,,,,".  ",,,,,,,,,".  ",,,,,,,,,".  ",,,,,,,,,".  ",,,,,,,,,".  ",,,,,,,,," ",,,,,,,,," ",,,,,,,,,".  ",,73,,,,,0,Percent of total billed charges,73 percent of charges.  ; No services were performed during the 15 month look back period.,,73,,,,,0,Percent of total billed charges,73 percent of charges.  ; No services were performed during the 15 month look back period.,,73,,,,,0,Percent of total billed charges,73 percent of charges.  ; No services were performed during the 15 month look back period.,,73,,,,,0,Percent of total billed charges,73 percent of charges.  ; No services were performed during the 15 month look back period.,,73,,,,,0,Percent of total billed charges,73 percent of charges.  ; No services were performed during the 15 month look back period.,,73,,,,,0,Percent of total billed charges,73 percent of charges.  ; No services were performed during the 15 month look back period.,,73,,,,,0,Percent of total billed charges,73 percent of charges.  ; No services were performed during the 15 month look back period.,,73,,,,,0,Percent of total billed charges,73 percent of charges.  ; No services were performed during the 15 month look back period.,,73,,,,,0,Percent of total billed charges,73 percent of charges.  ; No services were performed during the 15 month look back period.,,73,,,,,0,Percent of total billed charges,73 percent of charges.  ; No services were performed during the 15 month look back period.,,73,,,,,0,Percent of total billed charges,73 percent of charges.  ; No services were performed during the 15 month look back period.,,73,,,,,0,Percent of total billed charges,73 percent of charges.  ; No services were performed during the 15 month look back period.,,73,,,,,0,Percent of total billed charges,73 percent of charges.  ; No services were performed during the 15 month look back period.,,73,,,,,0,Percent of total billed charges,73 percent of charges.  ; No services were performed during the 15 month look back period.,,73,,,,,0,Percent of total billed charges,73 percent of charges.  ; No services were performed during the 15 month look back period.,,73,,,,,0,Percent of total billed charges,73 percent of charges.  ; No services were performed during the 15 month look back period.,,73,,,,,0,Percent of total billed charges,73 percent of charges.  ; No services were performed during the 15 month look back period.,,73,,,,,0,Percent of total billed charges,73 percent of charges.  ; No services were performed during the 15 month look back period.,,73,,,,,0,Percent of total billed charges,73 percent of charges.  ; No services were performed during the 15 month look back period.,,73,,,,,0,Percent of total billed charges,73 percent of charges.  ; No services were performed during the 15 month look back period.,,73,,,,,0,Percent of total billed charges,73 percent of charges.  ; No services were performed during the 15 month look back period.,,73,,,,,0,Percent of total billed charges,73 percent of charges.  ; No services were performed during the 15 month look back period.,,73,,,,,0,Percent of total billed charges,73 percent of charges.  ; No services were performed during the 15 month look back period.,,73,,,,,0,Percent of total billed charges,73 percent of charges.  ; No services were performed during the 15 month look back period.,,73,,,,,0,Percent of total billed charges,73 percent of charges.  ; No services were performed during the 15 month look back period.,,73,,,,,0,Percent of total billed charges,73 percent of charges.  ; No services were performed during the 15 month look back period.,,,,,,,,," ",,,,,,,,," ",,,,,,,,," ",,,,,,,,," ",,,,,,,,," ",,,,,,,,," ",,,,,,,,,".  ",,,,,,,,,".  ",,,,,,,,,".  ",,,,,,,,,".  ",,73,,,,,0,Percent of total billed charges,73 percent of charges.  ; No services were performed during the 15 month look back period.,,,,,,,,," ",,,,,,,,,".  ",,,,,,,,,".  ",,,,,,,,,".  ",,,,,,,,," ",,73,,,,,0,Percent of total billed charges,73 percent of charges.  ; No services were performed during the 15 month look back period.,43097.08,,,,,,,Case Rate,". 100 percent of Medicaid DRG. Add-on payment, and lesser of 100% of billed charges. 100 percent of Medicaid DRG. Add-on payment, and lesser of 100% of billed charges.",,,,,,,,," ",43097.08,,,,,,,Case Rate,". 100 percent of Medicaid DRG. Add-on payment, and lesser of 100% of billed charges. 100 percent of Medicaid DRG. Add-on payment, and lesser of 100% of billed charges.",,,,,,,,," ",,,,,,,,," ",,,,,,,,,".  ",,,,,,,,," ",,,,,,,,," ",43097.08,,,,,,,Case Rate,". 100 percent of Medicaid DRG. Add-on payment, and lesser of 100% of billed charges. 100 percent of Medicaid DRG. Add-on payment, and lesser of 100% of billed charges.",,,,,,,,," ",,,,,,,,," ",,,,,,,,,".  ",,,,,,,,,".  ",,,,,,,,," ",,,,,,,,,".  ",,,,,,,,,".  ",,,,,,,,,".  ",,,,,,,,," ",,,,,,,,,".  ",,,,,,,,,".  ",,,,,,,,,".  ",,,,,,,,,".  ",,73,,,,,0,Percent of total billed charges,73 percent of charges.  ; No services were performed during the 15 month look back period.,,73,,,,,0,Percent of total billed charges,73 percent of charges.  ; No services were performed during the 15 month look back period.,,73,,,,,0,Percent of total billed charges,73 percent of charges.  ; No services were performed during the 15 month look back period.,,73,,,,,0,Percent of total billed charges,73 percent of charges.  ; No services were performed during the 15 month look back period.,,73,,,,,0,Percent of total billed charges,73 percent of charges.  ; No services were performed during the 15 month look back period.,,73,,,,,0,Percent of total billed charges,73 percent of charges.  ; No services were performed during the 15 month look back period.,,73,,,,,0,Percent of total billed charges,73 percent of charges.  ; No services were performed during the 15 month look back period.,,73,,,,,0,Percent of total billed charges,73 percent of charges.  ; No services were performed during the 15 month look back period.,,73,,,,,0,Percent of total billed charges,73 percent of charges.  ; No services were performed during the 15 month look back period.,,73,,,,,0,Percent of total billed charges,73 percent of charges.  ; No services were performed during the 15 month look back period.,,73,,,,,0,Percent of total billed charges,73 percent of charges.  ; No services were performed during the 15 month look back period.,,,,,,,,," ",,,,,,,,,".  ",,,,,,,,,".  ",,,,,,,,," ",,,,,,,,,".  ",,,,,,,,,".  ",,,,,,,,,".  ",,73,,,,,0,Percent of total billed charges,73 percent of charges.  ; No services were performed during the 15 month look back period.,86194.17,,,,,,,Case Rate,". 200 percent of Medicaid DRG. Add-on payment, and lesser of 200% of billed charges. 200 percent of Medicaid DRG. Add-on payment, and lesser of 200% of billed charges.",,,,,,,,,".  ",43097.08,,,,,,,Case Rate,". 100 percent of Medicaid DRG. Add-on payment, and lesser of 100% of billed charges. 100 percent of Medicaid DRG. Add-on payment, and lesser of 100% of billed charges.",,,,,,,,," ",,,,,,,,," ",,,,,,,,," ",,,,,,,,," ",,,,,,,,," ",,,,,,,,," ",,,,,,,,,".  ",,,,,,,,,".  ",96968.44,,,,,,,Case Rate,". 225 percent of Medicaid DRG. Add-on payment, and lesser of 100% of billed charges. 225 percent of Medicaid DRG. Add-on payment, and lesser of 100% of billed charges.",96968.44,,,,,,,Case Rate,". 225 percent of Medicaid DRG. Add-on payment, and lesser of 100% of billed charges. 225 percent of Medicaid DRG. Add-on payment, and lesser of 100% of billed charges.",96968.44,,,,,,,Case Rate,". 225 percent of Medicaid DRG. Add-on payment, and lesser of 100% of billed charges. 225 percent of Medicaid DRG. Add-on payment, and lesser of 100% of billed charges.",96968.44,,,,,,,Case Rate,". 225 percent of Medicaid DRG. Add-on payment, and lesser of 100% of billed charges. 225 percent of Medicaid DRG. Add-on payment, and lesser of 100% of billed charges.",96968.44,,,,,,,Case Rate,". 225 percent of Medicaid DRG. Add-on payment, and lesser of 100% of billed charges. 225 percent of Medicaid DRG. Add-on payment, and lesser of 100% of billed charges.",,,,,,,,," ",,,,,,,,,".  ",,,,,,,,," ",,,,,,,,," ",,,,,,,,," ",,,,,,,,," ",,,,,,,,," ",,,,,,,,," ",,,,,,,,," ",,,,,,,,," ",,,,,,,,," ",,,,,,,,," ",,,,,,,,,".  ",,,,,,,,,".  ",,,,,,,,,".  ",,,,,,,,,".  ",,,,,,,,,".  ",,,,,,,,,".  ",,,,,,,,," ",,,,,,,,," ",,,,,,,,," ",,,,,,,,,".  ",,,,,,,,,".  ",,,,,,,,,".  ",,,,,,,,,".  ",,,,,,,,,".  ",,,,,,,,," ",,,,,,,,,".  ",43097.08,,,,,,,Case Rate,". 100 percent of Medicaid DRG. Add-on payment, and lesser of 100% of billed charges. 100 percent of Medicaid DRG. Add-on payment, and lesser of 100% of billed charges.",,,,,,,,," ",,,,,,,,," ",,,,,,,,," ",43097.08,,,,,,,Case Rate,". 100 percent of Medicaid DRG. Add-on payment, and lesser of 100% of billed charges. 100 percent of Medicaid DRG. Add-on payment, and lesser of 100% of billed charges.",96968.44,,,,,,,Case Rate,". 225 percent of Medicaid DRG. Add-on payment, and lesser of 225% of billed charges. 225 percent of Medicaid DRG. Add-on payment, and lesser of 225% of billed charges.",96968.44,,,,,,,Case Rate,". 225 percent of Medicaid DRG. Add-on payment, and lesser of 225% of billed charges. 225 percent of Medicaid DRG. Add-on payment, and lesser of 225% of billed charges.",96968.44,,,,,,,Case Rate,". 225 percent of Medicaid DRG. Add-on payment, and lesser of 225% of billed charges. 225 percent of Medicaid DRG. Add-on payment, and lesser of 225% of billed charges.",96968.44,,,,,,,Case Rate,". 225 percent of Medicaid DRG. Add-on payment, and lesser of 225% of billed charges. 225 percent of Medicaid DRG. Add-on payment, and lesser of 225% of billed charges.",96968.44,,,,,,,Case Rate,". 225 percent of Medicaid DRG. Add-on payment, and lesser of 225% of billed charges. 225 percent of Medicaid DRG. Add-on payment, and lesser of 225% of billed charges.",,,,,,,,," ",43097.08,,,,,,,Case Rate,". 100 percent of Medicaid DRG. Add-on payment, and lesser of 100% of billed charges. 100 percent of Medicaid DRG. Add-on payment, and lesser of 100% of billed charges.",43097.08,,,,,,,Case Rate,". 100 percent of Medicaid DRG. Add-on payment, and lesser of 100% of billed charges. 100 percent of Medicaid DRG. Add-on payment, and lesser of 100% of billed charges.",96968.44,,,,,,,Case Rate,". 225 percent of Medicaid DRG. Add-on payment, and lesser of 225% of billed charges. 225 percent of Medicaid DRG. Add-on payment, and lesser of 225% of billed charges.",96968.44,,,,,,,Case Rate,". 225 percent of Medicaid DRG. Add-on payment, and lesser of 225% of billed charges. 225 percent of Medicaid DRG. Add-on payment, and lesser of 225% of billed charges.",43097.08,,,,,,,Case Rate,". 100 percent of Medicaid DRG. Add-on payment, and lesser of 100% of billed charges. 100 percent of Medicaid DRG. Add-on payment, and lesser of 100% of billed charges.",43097.08,,,,,,,Case Rate,". 100 percent of Medicaid DRG. Add-on payment, and lesser of 100% of billed charges. 100 percent of Medicaid DRG. Add-on payment, and lesser of 100% of billed charges.",96968.44,,,,,,,Case Rate,". 225 percent of Medicaid DRG. Add-on payment, and lesser of 100% of billed charges. 225 percent of Medicaid DRG. Add-on payment, and lesser of 100% of billed charges.",,,,,,,,," ",,,,,,,,," ",,,,,,,,,".  ",,,,,,,,," ",96968.44,,,,,,,Case Rate,". 225 percent of Medicaid DRG. Add-on payment, and lesser of 225% of billed charges. 225 percent of Medicaid DRG. Add-on payment, and lesser of 225% of billed charges.",96968.44,,,,,,,Case Rate,". 225 percent of Medicaid DRG. Add-on payment, and lesser of 225% of billed charges. 225 percent of Medicaid DRG. Add-on payment, and lesser of 225% of billed charges.",43097.08,,,,,,,Case Rate,". 100 percent of Medicaid DRG. Add-on payment, and lesser of 100% of billed charges. 100 percent of Medicaid DRG. Add-on payment, and lesser of 100% of billed charges.",43097.08,,,,,,,Case Rate,". 100 percent of Medicaid DRG. Add-on payment, and lesser of 100% of billed charges. 100 percent of Medicaid DRG. Add-on payment, and lesser of 100% of billed charges.",72364.99,,,,,,,Case Rate,". 225 percent of Medicaid DRG. Add-on payment, and lesser of 225% of billed charges. 225 percent of Medicaid DRG. Add-on payment, and lesser of 225% of billed charges.",43097.08,,,,,,,Case Rate,". 100 percent of Medicaid DRG. Add-on payment, and lesser of 100% of billed charges. 100 percent of Medicaid DRG. Add-on payment, and lesser of 100% of billed charges.",124981.54,,,,,,,Case Rate,". 290 percent of Medicaid DRG. Add-on payment, and lesser of 100% of billed charges. 290 percent of Medicaid DRG. Add-on payment, and lesser of 100% of billed charges.",124981.54,,,,,,,Case Rate,". 290 percent of Medicaid DRG. Add-on payment, and lesser of 100% of billed charges. 290 percent of Medicaid DRG. Add-on payment, and lesser of 100% of billed charges.",124981.54,,,,,,,Case Rate,". 290 percent of Medicaid DRG. Add-on payment, and lesser of 100% of billed charges. 290 percent of Medicaid DRG. Add-on payment, and lesser of 100% of billed charges.",124981.54,,,,,,,Case Rate,". 290 percent of Medicaid DRG. Add-on payment, and lesser of 100% of billed charges. 290 percent of Medicaid DRG. Add-on payment, and lesser of 100% of billed charges.",,,,,,,,," ",,,,,,,,,".  ",58181.06,,,,,,,Case Rate,"135% of Medicaid EP 1 and 2, 100% of medicaid EP 3 and 4.  ",58181.06,,,,,,,Case Rate,"135% of Medicaid EP 1 and 2, 100% of medicaid EP 3 and 4.  ",43097.08,,,,,,,Case Rate,". 100 percent of Medicaid DRG. Add-on payment, and lesser of 100% of billed charges. 100 percent of Medicaid DRG. Add-on payment, and lesser of 100% of billed charges.",43097.08,,,,,,,Case Rate,". 100 percent of Medicaid DRG. Add-on payment, and lesser of 100% of billed charges. 100 percent of Medicaid DRG. Add-on payment, and lesser of 100% of billed charges.",,,,,,,,,".  ",,,,,,,,,".  ",,,,,,,,," ",,,,,,,,,".  ",,,,,,,,,".  ",,,,,,,,,".  ",,,,,,,,,".  ",,,,,,,,," ",,,,,,,,,".  ",,,,,,,,,".  ",,,,,,,,,".  ",43097.08,,,,,,,Case Rate,". 100 percent of Medicaid DRG. Add-on payment, and lesser of 100% of billed charges. 100 percent of Medicaid DRG. Add-on payment, and lesser of 100% of billed charges.",43097.08,,,,,,,Case Rate,". 100 percent of Medicaid DRG. Add-on payment, and lesser of 100% of billed charges. 100 percent of Medicaid DRG. Add-on payment, and lesser of 100% of billed charges.",96968.44,,,,,,,Case Rate,". 225 percent of Medicaid DRG. Add-on payment, and lesser of 225% of billed charges. 225 percent of Medicaid DRG. Add-on payment, and lesser of 225% of billed charges.",72364.99,,,,,,,Case Rate,". 225 percent of Medicaid DRG. Add-on payment, and lesser of 225% of billed charges. 225 percent of Medicaid DRG. Add-on payment, and lesser of 225% of billed charges.",43097.08,,,,,,,Case Rate,". 100 percent of Medicaid DRG. Add-on payment, and lesser of 100% of billed charges. 100 percent of Medicaid DRG. Add-on payment, and lesser of 100% of billed charges.",96968.44,,,,,,,Case Rate,". 225 percent of Medicaid DRG. Add-on payment, and lesser of 225% of billed charges. 225 percent of Medicaid DRG. Add-on payment, and lesser of 225% of billed charges.",96968.44,,,,,,,Case Rate,". 225 percent of Medicaid DRG. Add-on payment, and lesser of 225% of billed charges. 225 percent of Medicaid DRG. Add-on payment, and lesser of 225% of billed charges.",96968.44,,,,,,,Case Rate,". 225 percent of Medicaid DRG. Add-on payment, and lesser of 225% of billed charges. 225 percent of Medicaid DRG. Add-on payment, and lesser of 225% of billed charges.",96968.44,,,,,,,Case Rate,". 225 percent of Medicaid DRG. Add-on payment, and lesser of 225% of billed charges. 225 percent of Medicaid DRG. Add-on payment, and lesser of 225% of billed charges.",96968.44,,,,,,,Case Rate,". 225 percent of Medicaid DRG. Add-on payment, and lesser of 225% of billed charges. 225 percent of Medicaid DRG. Add-on payment, and lesser of 225% of billed charges.",96968.44,,,,,,,Case Rate,". 225 percent of Medicaid DRG. Add-on payment, and lesser of 225% of billed charges. 225 percent of Medicaid DRG. Add-on payment, and lesser of 225% of billed charges.",,,,,,,,," ",,,,,,,,," ",,,,,,,,," ",,,,,,,,,".  ",,,,,,,,," ",,,,,,,,," ",,,,,,,,,".  ",,,,,,,,," ",,,,,,,,," ",58181.06,,,,,,,Case Rate,"135% of Medicaid EP 1 and 2, 100% of medicaid EP 3 and 4.  ",58181.06,,,,,,,Case Rate,"135% of Medicaid EP 1 and 2, 100% of medicaid EP 3 and 4.  ",43097.08,,,,,,,Case Rate,". 100 percent of Medicaid DRG. Add-on payment, and lesser of 100% of billed charges. 100 percent of Medicaid DRG. Add-on payment, and lesser of 100% of billed charges.",43097.08,,,,,,,Case Rate,". 100 percent of Medicaid DRG. Add-on payment, and lesser of 100% of billed charges. 100 percent of Medicaid DRG. Add-on payment, and lesser of 100% of billed charges.",43097.08,,,,,,,Case Rate,". 100 percent of Medicaid DRG. Add-on payment, and lesser of 100% of billed charges. 100 percent of Medicaid DRG. Add-on payment, and lesser of 100% of billed charges.",,,,,,,,," ",,,,,,,,,".  ",,,,,,,,," ",,,,,,,,,".  ",,,,,,,,," ",,,,,,,,," ",,,,,,,,," ",,,,,,,,," ",,,,,,,,," ",,,,,,,,," ",,,,,,,,," ",96968.44,,,,,,,Case Rate,". 225 percent of Medicaid DRG. Add-on payment, and lesser of 225% of billed charges. 225 percent of Medicaid DRG. Add-on payment, and lesser of 225% of billed charges.",43097.08,,,,,,,Case Rate,". 100 percent of Medicaid DRG. Add-on payment, and lesser of 100% of billed charges. 100 percent of Medicaid DRG. Add-on payment, and lesser of 100% of billed charges.",,,,,,,,,".  ",,,,,,,,," ",,,,,,,,," ",,,,,,,,," ",,,,,,,,," ",,,,,,,,," ",43097.08,,,,,,,Case Rate,". 100 percent of Medicaid DRG. Add-on payment, and lesser of 100% of billed charges. 100 percent of Medicaid DRG. Add-on payment, and lesser of 100% of billed charges.",,,,,,,,,".  ",43097.08,,,,,,,Case Rate,". 100 percent of Medicaid DRG. Add-on payment, and lesser of 100% of billed charges. 100 percent of Medicaid DRG. Add-on payment, and lesser of 100% of billed charges.",,,,,,,,," ",43097.08,,,,,,,Case Rate,". 100 percent of Medicaid DRG. Add-on payment, and lesser of 100% of billed charges. 100 percent of Medicaid DRG. Add-on payment, and lesser of 100% of billed charges.",,,,,,,,," ",,,,,,,,," ",43097.08,,,,,,,Case Rate,". 100 percent of Medicaid DRG. Add-on payment, and lesser of 100% of billed charges. 100 percent of Medicaid DRG. Add-on payment, and lesser of 100% of billed charges.",43097.08,,,,,,,Case Rate,". 100 percent of Medicaid DRG. Add-on payment, and lesser of 100% of billed charges. 100 percent of Medicaid DRG. Add-on payment, and lesser of 100% of billed charges.",,,,,,,,," ",,,,,,,,,".  ",,73,,,,,0,Percent of total billed charges,73 percent of charges.  ; No services were performed during the 15 month look back period.,,,,,,,,,".  ",,,,,,,,,".  ",,,,,,,,,".  ",,,,,,,,," ",,,,,,,,," ",,,,,,,,," ",,,,,,,,,".  ",,,,,,,,,".  ",,,,,,,,," ",,,,,,,,," ",,,,,,,,," ",,,,,,,,," ",,,,,,,,,".  ",,,,,,,,,".  ",,,,,,,,,".  ",,,,,,,,," ",,,,,,,,,".  ",,,,,,,,," ",43097.08,,,,,,,Case Rate,". 100 percent of Medicaid DRG. Add-on payment, and lesser of 100% of billed charges. 100 percent of Medicaid DRG. Add-on payment, and lesser of 100% of billed charges.",43097.08,,,,,,,Case Rate,". 100 percent of Medicaid DRG. Add-on payment, and lesser of 100% of billed charges. 100 percent of Medicaid DRG. Add-on payment, and lesser of 100% of billed charges.",,,,,,,,," ",,,,,,,,,".  ",,,,,,,,,".  ",,,,,,,,,".  ",,,,,,,,,".  ",,,,,,,,," ",45251.94,,,,,,,Case Rate,". 105 percent of Medicaid DRG. Add-on payment, and lesser of 100% of billed charges. 105 percent of Medicaid DRG. Add-on payment, and lesser of 100% of billed charges.",45251.94,,,,,,,Case Rate,". 105 percent of Medicaid DRG. Add-on payment, and lesser of 100% of billed charges. 105 percent of Medicaid DRG. Add-on payment, and lesser of 100% of billed charges.",45251.94,,,,,,,Case Rate,". 105 percent of Medicaid DRG. Add-on payment, and lesser of 100% of billed charges. 105 percent of Medicaid DRG. Add-on payment, and lesser of 100% of billed charges.",45251.94,,,,,,,Case Rate,". 105 percent of Medicaid DRG. Add-on payment, and lesser of 100% of billed charges. 105 percent of Medicaid DRG. Add-on payment, and lesser of 100% of billed charges.",,,,,,,,,".  ",45251.94,,,,,,,Case Rate,". 105 percent of Medicaid DRG. Add-on payment, and lesser of 100% of billed charges. 105 percent of Medicaid DRG. Add-on payment, and lesser of 100% of billed charges.",45251.94,,,,,,,Case Rate,". 105 percent of Medicaid DRG. Add-on payment, and lesser of 100% of billed charges. 105 percent of Medicaid DRG. Add-on payment, and lesser of 100% of billed charges.",45251.94,,,,,,,Case Rate,". 105 percent of Medicaid DRG. Add-on payment, and lesser of 100% of billed charges. 105 percent of Medicaid DRG. Add-on payment, and lesser of 100% of billed charges.",45251.94,,,,,,,Case Rate,". 105 percent of Medicaid DRG. Add-on payment, and lesser of 100% of billed charges. 105 percent of Medicaid DRG. Add-on payment, and lesser of 100% of billed charges.",45251.94,,,,,,,Case Rate,". 105 percent of Medicaid DRG. Add-on payment, and lesser of 100% of billed charges. 105 percent of Medicaid DRG. Add-on payment, and lesser of 100% of billed charges.",45251.94,,,,,,,Case Rate,". 105 percent of Medicaid DRG. Add-on payment, and lesser of 100% of billed charges. 105 percent of Medicaid DRG. Add-on payment, and lesser of 100% of billed charges.",45251.94,,,,,,,Case Rate,". 105 percent of Medicaid DRG. Add-on payment, and lesser of 100% of billed charges. 105 percent of Medicaid DRG. Add-on payment, and lesser of 100% of billed charges.",,,,,,,,," ",,,,,,,,,".  ",,,,,,,,," ",45251.94,,,,,,,Case Rate,". 105 percent of Medicaid DRG. Add-on payment, and lesser of 100% of billed charges. 105 percent of Medicaid DRG. Add-on payment, and lesser of 100% of billed charges.",,,,,,,,,".  ",,,,,,,,," ",,,,,,,,,".  ",,,,,,,,,".  ",,,,,,,,,".  ",45251.94,,,,,,,Case Rate,". 105 percent of Medicaid DRG. Add-on payment, and lesser of 100% of billed charges. 105 percent of Medicaid DRG. Add-on payment, and lesser of 100% of billed charges.",,,,,,,,," ",,,,,,,,,".  ",45251.94,,,,,,,Case Rate,". 105 percent of Medicaid DRG. Add-on payment, and lesser of 100% of billed charges. 105 percent of Medicaid DRG. Add-on payment, and lesser of 100% of billed charges.",,,,,,,,,".  ",,,,,,,,,".  ",,,,,,,,," ",,,,,,,,," ",,,,,,,,," ",,,,,,,,," ",,,,,,,,," ",,,,,,,,," ",,,,,,,,," ",,,,,,,,," ",,,,,,,,," ",,,,,,,,," ",,,,,,,,," ",,,,,,,,," ",,,,,,,,," ",,,,,,,,," ",,,,,,,,," ",,,,,,,,," ",96968.44,,,,,,,Case Rate,". 225 percent of Medicaid DRG. Add-on payment, and lesser of 225% of billed charges. 225 percent of Medicaid DRG. Add-on payment, and lesser of 225% of billed charges.",43097.08,,,,,,,Case Rate,". 100 percent of Medicaid DRG. Add-on payment, and lesser of 100% of billed charges. 100 percent of Medicaid DRG. Add-on payment, and lesser of 100% of billed charges.",,,,,,,,,".  ",,,,,,,,,".  ",,,,,,,,," ",,,,,,,,," ",,,,,,,,," ",,,,,,,,," ",,,,,,,,,".  ",,,,,,,,," ",,,,,,,,,".  ",,,,,,,,," ",,,,,,,,,".  ",,,,,,,,,".  ",,,,,,,,,".  ",,,,,,,,," ",43097.08,,,,,,,Case Rate,". 100 percent of Medicaid DRG. Add-on payment, and lesser of 100% of billed charges. 100 percent of Medicaid DRG. Add-on payment, and lesser of 100% of billed charges.",,,,,,,,," ",,,,,,,,,".  ",,,,,,,,,".  ",43097.08,,,,,,,Case Rate,". 100 percent of Medicaid DRG. Add-on payment, and lesser of 100% of billed charges. 100 percent of Medicaid DRG. Add-on payment, and lesser of 100% of billed charges.",,,,,,,,,".  ",43097.08,,,,,,,Case Rate,". 100 percent of Medicaid DRG. Add-on payment, and lesser of 100% of billed charges. 100 percent of Medicaid DRG. Add-on payment, and lesser of 100% of billed charges.",43097.08,,,,,,,Case Rate,". 100 percent of Medicaid DRG. Add-on payment, and lesser of 100% of billed charges. 100 percent of Medicaid DRG. Add-on payment, and lesser of 100% of billed charges.",,,,,,,,,".  ",,,,,,,,,".  ",,,,,,,,,".  ",,,,,,,,,".  ",,,,,,,,,".  ",,,,,,,,,".  ",,,,,,,,,".  ",,,,,,,,," ",,,,,,,,," ",,,,,,,,," ",43097.08,,,,,,,Case Rate,". 100 percent of Medicaid DRG. Add-on payment, and lesser of 100% of billed charges. 100 percent of Medicaid DRG. Add-on payment, and lesser of 100% of billed charges.",,,,,,,,,".  ",,,,,,,,,".  ",,,,,,,,,".  ",,,,,,,,,".  ",,,,,,,,,".  ",,,,,,,,,".  ",,,,,,,,,".  ",,,,,,,,,".  ",,,,,,,,,".  ",,,,,,,,,".  ",,,,,,,,," ",32162.22,124981.54,
APR912-4,DRG,,,,,APR912-4 MUSCULOSKELETAL & OTHER PROCEDURES FOR MULTIPLE SIGNIFICANT TRAUMA,,,Inpatient,,,,,,,,,,,,".  ",,,,,,,,,".  ",,,,,,,,,".  ",,100,,,,,0,Percent of total billed charges,100 percent of charges.  ; No services were performed during the 15 month look back period.,,,,,,,,," ",,,,,,,,,".  ",,,,,,,,,".  ",,,,,,,,,".  ",125532.94,,,,,,,Case Rate,". 155 percent of Medicaid DRG. Add-on payment, and lesser of 100% of billed charges. 155 percent of Medicaid DRG. Add-on payment, and lesser of 100% of billed charges.",80988.99,,,,,,,Case Rate,". 100 percent of Medicaid DRG. Add-on payment, and lesser of 100% of billed charges. 100 percent of Medicaid DRG. Add-on payment, and lesser of 100% of billed charges.",,73,,,,,0,Percent of total billed charges,73 percent of charges.  ; No services were performed during the 15 month look back period.,,,,,,,,,".  ",80988.99,,,,,,,Case Rate,". 100 percent of Medicaid DRG. Add-on payment, and lesser of 100% of billed charges. 100 percent of Medicaid DRG. Add-on payment, and lesser of 100% of billed charges.",,,,,,,,," ",,,,,,,,,".  ",,,,,,,,,".  ",,,,,,,,,".  ",,,,,,,,,".  ",80988.99,,,,,,,Case Rate,". 100 percent of Medicaid DRG. Add-on payment, and lesser of 100% of billed charges. 100 percent of Medicaid DRG. Add-on payment, and lesser of 100% of billed charges.",,,,,,,,," ",80988.99,,,,,,,Case Rate,". 100 percent of Medicaid DRG. Add-on payment, and lesser of 100% of billed charges. 100 percent of Medicaid DRG. Add-on payment, and lesser of 100% of billed charges.",,73,,,,,0,Percent of total billed charges,73 percent of charges.  ; No services were performed during the 15 month look back period.,,,,,,,,,".  ",,,,,,,,," ",,,,,,,,," ",,,,,,,,," ",,,,,,,,," ",,73,,,,,0,Percent of total billed charges,73 percent of charges.  ; No services were performed during the 15 month look back period.,80988.99,,,,,,,Case Rate,". 100 percent of Medicaid DRG. Add-on payment, and lesser of 100% of billed charges. 100 percent of Medicaid DRG. Add-on payment, and lesser of 100% of billed charges.",80988.99,,,,,,,Case Rate,". 100 percent of Medicaid DRG. Add-on payment, and lesser of 100% of billed charges. 100 percent of Medicaid DRG. Add-on payment, and lesser of 100% of billed charges.",80988.99,,,,,,,Case Rate,". 100 percent of Medicaid DRG. Add-on payment, and lesser of 100% of billed charges. 100 percent of Medicaid DRG. Add-on payment, and lesser of 100% of billed charges.",80988.99,,,,,,,Case Rate,". 100 percent of Medicaid DRG. Add-on payment, and lesser of 100% of billed charges. 100 percent of Medicaid DRG. Add-on payment, and lesser of 100% of billed charges.",,,,,,,,," ",,,,,,,,," ",80988.99,,,,,,,Case Rate,". 100 percent of Medicaid DRG. Add-on payment, and lesser of 100% of billed charges. 100 percent of Medicaid DRG. Add-on payment, and lesser of 100% of billed charges.",,,,,,,,," ",80988.99,,,,,,,Case Rate,". 100 percent of Medicaid DRG. Add-on payment, and lesser of 100% of billed charges. 100 percent of Medicaid DRG. Add-on payment, and lesser of 100% of billed charges.",,,,,,,,," ",,,,,,,,," ",,73,,,,,0,Percent of total billed charges,73 percent of charges.  ; No services were performed during the 15 month look back period.,80988.99,,,,,,,Case Rate,". 100 percent of Medicaid DRG. Add-on payment, and lesser of 100% of billed charges. 100 percent of Medicaid DRG. Add-on payment, and lesser of 100% of billed charges.",80988.99,,,,,,,Case Rate,". 100 percent of Medicaid DRG. Add-on payment, and lesser of 100% of billed charges. 100 percent of Medicaid DRG. Add-on payment, and lesser of 100% of billed charges.",,73,,,,,0,Percent of total billed charges,73 percent of charges.  ; No services were performed during the 15 month look back period.,,,,,,,,,".  ",,,,,,,,,".  ",,,,,,,,,".  ",,73,,,,,0,Percent of total billed charges,73 percent of charges.  ; No services were performed during the 15 month look back period.,,,,,,,,," ",,,,,,,,,".  ",,,,,,,,,".  ",,,,,,,,,".  ",,,,,,,,," ",,,,,,,,,".  ",,,,,,,,,".  ",,,,,,,,," ",,,,,,,,,".  ",,,,,,,,,".  ",,,,,,,,,".  ",,,,,,,,,".  ",,,,,,,,,".  ",,,,,,,,,".  ",,,,,,,,,".  ",,,,,,,,," ",,,,,,,,," ",,,,,,,,,".  ",,73,,,,,0,Percent of total billed charges,73 percent of charges.  ; No services were performed during the 15 month look back period.,,73,,,,,0,Percent of total billed charges,73 percent of charges.  ; No services were performed during the 15 month look back period.,,73,,,,,0,Percent of total billed charges,73 percent of charges.  ; No services were performed during the 15 month look back period.,,73,,,,,0,Percent of total billed charges,73 percent of charges.  ; No services were performed during the 15 month look back period.,,73,,,,,0,Percent of total billed charges,73 percent of charges.  ; No services were performed during the 15 month look back period.,,73,,,,,0,Percent of total billed charges,73 percent of charges.  ; No services were performed during the 15 month look back period.,,73,,,,,0,Percent of total billed charges,73 percent of charges.  ; No services were performed during the 15 month look back period.,,73,,,,,0,Percent of total billed charges,73 percent of charges.  ; No services were performed during the 15 month look back period.,,73,,,,,0,Percent of total billed charges,73 percent of charges.  ; No services were performed during the 15 month look back period.,,73,,,,,0,Percent of total billed charges,73 percent of charges.  ; No services were performed during the 15 month look back period.,,73,,,,,0,Percent of total billed charges,73 percent of charges.  ; No services were performed during the 15 month look back period.,,73,,,,,0,Percent of total billed charges,73 percent of charges.  ; No services were performed during the 15 month look back period.,,73,,,,,0,Percent of total billed charges,73 percent of charges.  ; No services were performed during the 15 month look back period.,,73,,,,,0,Percent of total billed charges,73 percent of charges.  ; No services were performed during the 15 month look back period.,,73,,,,,0,Percent of total billed charges,73 percent of charges.  ; No services were performed during the 15 month look back period.,,73,,,,,0,Percent of total billed charges,73 percent of charges.  ; No services were performed during the 15 month look back period.,,73,,,,,0,Percent of total billed charges,73 percent of charges.  ; No services were performed during the 15 month look back period.,,73,,,,,0,Percent of total billed charges,73 percent of charges.  ; No services were performed during the 15 month look back period.,,73,,,,,0,Percent of total billed charges,73 percent of charges.  ; No services were performed during the 15 month look back period.,,73,,,,,0,Percent of total billed charges,73 percent of charges.  ; No services were performed during the 15 month look back period.,,73,,,,,0,Percent of total billed charges,73 percent of charges.  ; No services were performed during the 15 month look back period.,,73,,,,,0,Percent of total billed charges,73 percent of charges.  ; No services were performed during the 15 month look back period.,,73,,,,,0,Percent of total billed charges,73 percent of charges.  ; No services were performed during the 15 month look back period.,,73,,,,,0,Percent of total billed charges,73 percent of charges.  ; No services were performed during the 15 month look back period.,,73,,,,,0,Percent of total billed charges,73 percent of charges.  ; No services were performed during the 15 month look back period.,,73,,,,,0,Percent of total billed charges,73 percent of charges.  ; No services were performed during the 15 month look back period.,,,,,,,,," ",,,,,,,,," ",,,,,,,,," ",,,,,,,,," ",,,,,,,,," ",,,,,,,,," ",,,,,,,,,".  ",,,,,,,,,".  ",,,,,,,,,".  ",,,,,,,,,".  ",,73,,,,,0,Percent of total billed charges,73 percent of charges.  ; No services were performed during the 15 month look back period.,,,,,,,,," ",,,,,,,,,".  ",,,,,,,,,".  ",,,,,,,,,".  ",,,,,,,,," ",,73,,,,,0,Percent of total billed charges,73 percent of charges.  ; No services were performed during the 15 month look back period.,80988.99,,,,,,,Case Rate,". 100 percent of Medicaid DRG. Add-on payment, and lesser of 100% of billed charges. 100 percent of Medicaid DRG. Add-on payment, and lesser of 100% of billed charges.",,,,,,,,," ",80988.99,,,,,,,Case Rate,". 100 percent of Medicaid DRG. Add-on payment, and lesser of 100% of billed charges. 100 percent of Medicaid DRG. Add-on payment, and lesser of 100% of billed charges.",,,,,,,,," ",,,,,,,,," ",,,,,,,,,".  ",,,,,,,,," ",,,,,,,,," ",80988.99,,,,,,,Case Rate,". 100 percent of Medicaid DRG. Add-on payment, and lesser of 100% of billed charges. 100 percent of Medicaid DRG. Add-on payment, and lesser of 100% of billed charges.",,,,,,,,," ",,,,,,,,," ",,,,,,,,,".  ",,,,,,,,,".  ",,,,,,,,," ",,,,,,,,,".  ",,,,,,,,,".  ",,,,,,,,,".  ",,,,,,,,," ",,,,,,,,,".  ",,,,,,,,,".  ",,,,,,,,,".  ",,,,,,,,,".  ",,73,,,,,0,Percent of total billed charges,73 percent of charges.  ; No services were performed during the 15 month look back period.,,73,,,,,0,Percent of total billed charges,73 percent of charges.  ; No services were performed during the 15 month look back period.,,73,,,,,0,Percent of total billed charges,73 percent of charges.  ; No services were performed during the 15 month look back period.,,73,,,,,0,Percent of total billed charges,73 percent of charges.  ; No services were performed during the 15 month look back period.,,73,,,,,0,Percent of total billed charges,73 percent of charges.  ; No services were performed during the 15 month look back period.,,73,,,,,0,Percent of total billed charges,73 percent of charges.  ; No services were performed during the 15 month look back period.,,73,,,,,0,Percent of total billed charges,73 percent of charges.  ; No services were performed during the 15 month look back period.,,73,,,,,0,Percent of total billed charges,73 percent of charges.  ; No services were performed during the 15 month look back period.,,73,,,,,0,Percent of total billed charges,73 percent of charges.  ; No services were performed during the 15 month look back period.,,73,,,,,0,Percent of total billed charges,73 percent of charges.  ; No services were performed during the 15 month look back period.,,73,,,,,0,Percent of total billed charges,73 percent of charges.  ; No services were performed during the 15 month look back period.,,,,,,,,," ",,,,,,,,,".  ",,,,,,,,,".  ",,,,,,,,," ",,,,,,,,,".  ",,,,,,,,,".  ",,,,,,,,,".  ",,73,,,,,0,Percent of total billed charges,73 percent of charges.  ; No services were performed during the 15 month look back period.,161977.98,,,,,,,Case Rate,". 200 percent of Medicaid DRG. Add-on payment, and lesser of 200% of billed charges. 200 percent of Medicaid DRG. Add-on payment, and lesser of 200% of billed charges.",,,,,,,,,".  ",80988.99,,,,,,,Case Rate,". 100 percent of Medicaid DRG. Add-on payment, and lesser of 100% of billed charges. 100 percent of Medicaid DRG. Add-on payment, and lesser of 100% of billed charges.",,,,,,,,," ",,,,,,,,," ",,,,,,,,," ",,,,,,,,," ",,,,,,,,," ",,,,,,,,," ",,,,,,,,,".  ",,,,,,,,,".  ",182225.23,,,,,,,Case Rate,". 225 percent of Medicaid DRG. Add-on payment, and lesser of 100% of billed charges. 225 percent of Medicaid DRG. Add-on payment, and lesser of 100% of billed charges.",182225.23,,,,,,,Case Rate,". 225 percent of Medicaid DRG. Add-on payment, and lesser of 100% of billed charges. 225 percent of Medicaid DRG. Add-on payment, and lesser of 100% of billed charges.",182225.23,,,,,,,Case Rate,". 225 percent of Medicaid DRG. Add-on payment, and lesser of 100% of billed charges. 225 percent of Medicaid DRG. Add-on payment, and lesser of 100% of billed charges.",182225.23,,,,,,,Case Rate,". 225 percent of Medicaid DRG. Add-on payment, and lesser of 100% of billed charges. 225 percent of Medicaid DRG. Add-on payment, and lesser of 100% of billed charges.",182225.23,,,,,,,Case Rate,". 225 percent of Medicaid DRG. Add-on payment, and lesser of 100% of billed charges. 225 percent of Medicaid DRG. Add-on payment, and lesser of 100% of billed charges.",,,,,,,,," ",,,,,,,,,".  ",,,,,,,,," ",,,,,,,,," ",,,,,,,,," ",,,,,,,,," ",,,,,,,,," ",,,,,,,,," ",,,,,,,,," ",,,,,,,,," ",,,,,,,,," ",,,,,,,,," ",,,,,,,,,".  ",,,,,,,,,".  ",,,,,,,,,".  ",,,,,,,,,".  ",,,,,,,,,".  ",,,,,,,,,".  ",,,,,,,,," ",,,,,,,,," ",,,,,,,,," ",,,,,,,,,".  ",,,,,,,,,".  ",,,,,,,,,".  ",,,,,,,,,".  ",,,,,,,,,".  ",,,,,,,,," ",,,,,,,,,".  ",80988.99,,,,,,,Case Rate,". 100 percent of Medicaid DRG. Add-on payment, and lesser of 100% of billed charges. 100 percent of Medicaid DRG. Add-on payment, and lesser of 100% of billed charges.",,,,,,,,," ",,,,,,,,," ",,,,,,,,," ",80988.99,,,,,,,Case Rate,". 100 percent of Medicaid DRG. Add-on payment, and lesser of 100% of billed charges. 100 percent of Medicaid DRG. Add-on payment, and lesser of 100% of billed charges.",182225.23,,,,,,,Case Rate,". 225 percent of Medicaid DRG. Add-on payment, and lesser of 225% of billed charges. 225 percent of Medicaid DRG. Add-on payment, and lesser of 225% of billed charges.",182225.23,,,,,,,Case Rate,". 225 percent of Medicaid DRG. Add-on payment, and lesser of 225% of billed charges. 225 percent of Medicaid DRG. Add-on payment, and lesser of 225% of billed charges.",182225.23,,,,,,,Case Rate,". 225 percent of Medicaid DRG. Add-on payment, and lesser of 225% of billed charges. 225 percent of Medicaid DRG. Add-on payment, and lesser of 225% of billed charges.",182225.23,,,,,,,Case Rate,". 225 percent of Medicaid DRG. Add-on payment, and lesser of 225% of billed charges. 225 percent of Medicaid DRG. Add-on payment, and lesser of 225% of billed charges.",182225.23,,,,,,,Case Rate,". 225 percent of Medicaid DRG. Add-on payment, and lesser of 225% of billed charges. 225 percent of Medicaid DRG. Add-on payment, and lesser of 225% of billed charges.",,,,,,,,," ",80988.99,,,,,,,Case Rate,". 100 percent of Medicaid DRG. Add-on payment, and lesser of 100% of billed charges. 100 percent of Medicaid DRG. Add-on payment, and lesser of 100% of billed charges.",80988.99,,,,,,,Case Rate,". 100 percent of Medicaid DRG. Add-on payment, and lesser of 100% of billed charges. 100 percent of Medicaid DRG. Add-on payment, and lesser of 100% of billed charges.",182225.23,,,,,,,Case Rate,". 225 percent of Medicaid DRG. Add-on payment, and lesser of 225% of billed charges. 225 percent of Medicaid DRG. Add-on payment, and lesser of 225% of billed charges.",182225.23,,,,,,,Case Rate,". 225 percent of Medicaid DRG. Add-on payment, and lesser of 225% of billed charges. 225 percent of Medicaid DRG. Add-on payment, and lesser of 225% of billed charges.",80988.99,,,,,,,Case Rate,". 100 percent of Medicaid DRG. Add-on payment, and lesser of 100% of billed charges. 100 percent of Medicaid DRG. Add-on payment, and lesser of 100% of billed charges.",80988.99,,,,,,,Case Rate,". 100 percent of Medicaid DRG. Add-on payment, and lesser of 100% of billed charges. 100 percent of Medicaid DRG. Add-on payment, and lesser of 100% of billed charges.",182225.23,,,,,,,Case Rate,". 225 percent of Medicaid DRG. Add-on payment, and lesser of 100% of billed charges. 225 percent of Medicaid DRG. Add-on payment, and lesser of 100% of billed charges.",,,,,,,,," ",,,,,,,,," ",,,,,,,,,".  ",,,,,,,,," ",182225.23,,,,,,,Case Rate,". 225 percent of Medicaid DRG. Add-on payment, and lesser of 225% of billed charges. 225 percent of Medicaid DRG. Add-on payment, and lesser of 225% of billed charges.",182225.23,,,,,,,Case Rate,". 225 percent of Medicaid DRG. Add-on payment, and lesser of 225% of billed charges. 225 percent of Medicaid DRG. Add-on payment, and lesser of 225% of billed charges.",80988.99,,,,,,,Case Rate,". 100 percent of Medicaid DRG. Add-on payment, and lesser of 100% of billed charges. 100 percent of Medicaid DRG. Add-on payment, and lesser of 100% of billed charges.",80988.99,,,,,,,Case Rate,". 100 percent of Medicaid DRG. Add-on payment, and lesser of 100% of billed charges. 100 percent of Medicaid DRG. Add-on payment, and lesser of 100% of billed charges.",138330.87,,,,,,,Case Rate,". 225 percent of Medicaid DRG. Add-on payment, and lesser of 225% of billed charges. 225 percent of Medicaid DRG. Add-on payment, and lesser of 225% of billed charges.",80988.99,,,,,,,Case Rate,". 100 percent of Medicaid DRG. Add-on payment, and lesser of 100% of billed charges. 100 percent of Medicaid DRG. Add-on payment, and lesser of 100% of billed charges.",234868.07,,,,,,,Case Rate,". 290 percent of Medicaid DRG. Add-on payment, and lesser of 100% of billed charges. 290 percent of Medicaid DRG. Add-on payment, and lesser of 100% of billed charges.",234868.07,,,,,,,Case Rate,". 290 percent of Medicaid DRG. Add-on payment, and lesser of 100% of billed charges. 290 percent of Medicaid DRG. Add-on payment, and lesser of 100% of billed charges.",234868.07,,,,,,,Case Rate,". 290 percent of Medicaid DRG. Add-on payment, and lesser of 100% of billed charges. 290 percent of Medicaid DRG. Add-on payment, and lesser of 100% of billed charges.",234868.07,,,,,,,Case Rate,". 290 percent of Medicaid DRG. Add-on payment, and lesser of 100% of billed charges. 290 percent of Medicaid DRG. Add-on payment, and lesser of 100% of billed charges.",,,,,,,,," ",,,,,,,,,".  ",109335.14,,,,,,,Case Rate,"135% of Medicaid EP 1 and 2, 100% of medicaid EP 3 and 4.  ",109335.14,,,,,,,Case Rate,"135% of Medicaid EP 1 and 2, 100% of medicaid EP 3 and 4.  ",80988.99,,,,,,,Case Rate,". 100 percent of Medicaid DRG. Add-on payment, and lesser of 100% of billed charges. 100 percent of Medicaid DRG. Add-on payment, and lesser of 100% of billed charges.",80988.99,,,,,,,Case Rate,". 100 percent of Medicaid DRG. Add-on payment, and lesser of 100% of billed charges. 100 percent of Medicaid DRG. Add-on payment, and lesser of 100% of billed charges.",,,,,,,,,".  ",,,,,,,,,".  ",,,,,,,,," ",,,,,,,,,".  ",,,,,,,,,".  ",,,,,,,,,".  ",,,,,,,,,".  ",,,,,,,,," ",,,,,,,,,".  ",,,,,,,,,".  ",,,,,,,,,".  ",80988.99,,,,,,,Case Rate,". 100 percent of Medicaid DRG. Add-on payment, and lesser of 100% of billed charges. 100 percent of Medicaid DRG. Add-on payment, and lesser of 100% of billed charges.",80988.99,,,,,,,Case Rate,". 100 percent of Medicaid DRG. Add-on payment, and lesser of 100% of billed charges. 100 percent of Medicaid DRG. Add-on payment, and lesser of 100% of billed charges.",182225.23,,,,,,,Case Rate,". 225 percent of Medicaid DRG. Add-on payment, and lesser of 225% of billed charges. 225 percent of Medicaid DRG. Add-on payment, and lesser of 225% of billed charges.",138330.87,,,,,,,Case Rate,". 225 percent of Medicaid DRG. Add-on payment, and lesser of 225% of billed charges. 225 percent of Medicaid DRG. Add-on payment, and lesser of 225% of billed charges.",80988.99,,,,,,,Case Rate,". 100 percent of Medicaid DRG. Add-on payment, and lesser of 100% of billed charges. 100 percent of Medicaid DRG. Add-on payment, and lesser of 100% of billed charges.",182225.23,,,,,,,Case Rate,". 225 percent of Medicaid DRG. Add-on payment, and lesser of 225% of billed charges. 225 percent of Medicaid DRG. Add-on payment, and lesser of 225% of billed charges.",182225.23,,,,,,,Case Rate,". 225 percent of Medicaid DRG. Add-on payment, and lesser of 225% of billed charges. 225 percent of Medicaid DRG. Add-on payment, and lesser of 225% of billed charges.",182225.23,,,,,,,Case Rate,". 225 percent of Medicaid DRG. Add-on payment, and lesser of 225% of billed charges. 225 percent of Medicaid DRG. Add-on payment, and lesser of 225% of billed charges.",182225.23,,,,,,,Case Rate,". 225 percent of Medicaid DRG. Add-on payment, and lesser of 225% of billed charges. 225 percent of Medicaid DRG. Add-on payment, and lesser of 225% of billed charges.",182225.23,,,,,,,Case Rate,". 225 percent of Medicaid DRG. Add-on payment, and lesser of 225% of billed charges. 225 percent of Medicaid DRG. Add-on payment, and lesser of 225% of billed charges.",182225.23,,,,,,,Case Rate,". 225 percent of Medicaid DRG. Add-on payment, and lesser of 225% of billed charges. 225 percent of Medicaid DRG. Add-on payment, and lesser of 225% of billed charges.",,,,,,,,," ",,,,,,,,," ",,,,,,,,," ",,,,,,,,,".  ",,,,,,,,," ",,,,,,,,," ",,,,,,,,,".  ",,,,,,,,," ",,,,,,,,," ",109335.14,,,,,,,Case Rate,"135% of Medicaid EP 1 and 2, 100% of medicaid EP 3 and 4.  ",109335.14,,,,,,,Case Rate,"135% of Medicaid EP 1 and 2, 100% of medicaid EP 3 and 4.  ",80988.99,,,,,,,Case Rate,". 100 percent of Medicaid DRG. Add-on payment, and lesser of 100% of billed charges. 100 percent of Medicaid DRG. Add-on payment, and lesser of 100% of billed charges.",80988.99,,,,,,,Case Rate,". 100 percent of Medicaid DRG. Add-on payment, and lesser of 100% of billed charges. 100 percent of Medicaid DRG. Add-on payment, and lesser of 100% of billed charges.",80988.99,,,,,,,Case Rate,". 100 percent of Medicaid DRG. Add-on payment, and lesser of 100% of billed charges. 100 percent of Medicaid DRG. Add-on payment, and lesser of 100% of billed charges.",,,,,,,,," ",,,,,,,,,".  ",,,,,,,,," ",,,,,,,,,".  ",,,,,,,,," ",,,,,,,,," ",,,,,,,,," ",,,,,,,,," ",,,,,,,,," ",,,,,,,,," ",,,,,,,,," ",182225.23,,,,,,,Case Rate,". 225 percent of Medicaid DRG. Add-on payment, and lesser of 225% of billed charges. 225 percent of Medicaid DRG. Add-on payment, and lesser of 225% of billed charges.",80988.99,,,,,,,Case Rate,". 100 percent of Medicaid DRG. Add-on payment, and lesser of 100% of billed charges. 100 percent of Medicaid DRG. Add-on payment, and lesser of 100% of billed charges.",,,,,,,,,".  ",,,,,,,,," ",,,,,,,,," ",,,,,,,,," ",,,,,,,,," ",,,,,,,,," ",80988.99,,,,,,,Case Rate,". 100 percent of Medicaid DRG. Add-on payment, and lesser of 100% of billed charges. 100 percent of Medicaid DRG. Add-on payment, and lesser of 100% of billed charges.",,,,,,,,,".  ",80988.99,,,,,,,Case Rate,". 100 percent of Medicaid DRG. Add-on payment, and lesser of 100% of billed charges. 100 percent of Medicaid DRG. Add-on payment, and lesser of 100% of billed charges.",,,,,,,,," ",80988.99,,,,,,,Case Rate,". 100 percent of Medicaid DRG. Add-on payment, and lesser of 100% of billed charges. 100 percent of Medicaid DRG. Add-on payment, and lesser of 100% of billed charges.",,,,,,,,," ",,,,,,,,," ",80988.99,,,,,,,Case Rate,". 100 percent of Medicaid DRG. Add-on payment, and lesser of 100% of billed charges. 100 percent of Medicaid DRG. Add-on payment, and lesser of 100% of billed charges.",80988.99,,,,,,,Case Rate,". 100 percent of Medicaid DRG. Add-on payment, and lesser of 100% of billed charges. 100 percent of Medicaid DRG. Add-on payment, and lesser of 100% of billed charges.",,,,,,,,," ",,,,,,,,,".  ",,73,,,,,0,Percent of total billed charges,73 percent of charges.  ; No services were performed during the 15 month look back period.,,,,,,,,,".  ",,,,,,,,,".  ",,,,,,,,,".  ",,,,,,,,," ",,,,,,,,," ",,,,,,,,," ",,,,,,,,,".  ",,,,,,,,,".  ",,,,,,,,," ",,,,,,,,," ",,,,,,,,," ",,,,,,,,," ",,,,,,,,,".  ",,,,,,,,,".  ",,,,,,,,,".  ",,,,,,,,," ",,,,,,,,,".  ",,,,,,,,," ",80988.99,,,,,,,Case Rate,". 100 percent of Medicaid DRG. Add-on payment, and lesser of 100% of billed charges. 100 percent of Medicaid DRG. Add-on payment, and lesser of 100% of billed charges.",80988.99,,,,,,,Case Rate,". 100 percent of Medicaid DRG. Add-on payment, and lesser of 100% of billed charges. 100 percent of Medicaid DRG. Add-on payment, and lesser of 100% of billed charges.",,,,,,,,," ",,,,,,,,,".  ",,,,,,,,,".  ",,,,,,,,,".  ",,,,,,,,,".  ",,,,,,,,," ",85038.44,,,,,,,Case Rate,". 105 percent of Medicaid DRG. Add-on payment, and lesser of 100% of billed charges. 105 percent of Medicaid DRG. Add-on payment, and lesser of 100% of billed charges.",85038.44,,,,,,,Case Rate,". 105 percent of Medicaid DRG. Add-on payment, and lesser of 100% of billed charges. 105 percent of Medicaid DRG. Add-on payment, and lesser of 100% of billed charges.",85038.44,,,,,,,Case Rate,". 105 percent of Medicaid DRG. Add-on payment, and lesser of 100% of billed charges. 105 percent of Medicaid DRG. Add-on payment, and lesser of 100% of billed charges.",85038.44,,,,,,,Case Rate,". 105 percent of Medicaid DRG. Add-on payment, and lesser of 100% of billed charges. 105 percent of Medicaid DRG. Add-on payment, and lesser of 100% of billed charges.",,,,,,,,,".  ",85038.44,,,,,,,Case Rate,". 105 percent of Medicaid DRG. Add-on payment, and lesser of 100% of billed charges. 105 percent of Medicaid DRG. Add-on payment, and lesser of 100% of billed charges.",85038.44,,,,,,,Case Rate,". 105 percent of Medicaid DRG. Add-on payment, and lesser of 100% of billed charges. 105 percent of Medicaid DRG. Add-on payment, and lesser of 100% of billed charges.",85038.44,,,,,,,Case Rate,". 105 percent of Medicaid DRG. Add-on payment, and lesser of 100% of billed charges. 105 percent of Medicaid DRG. Add-on payment, and lesser of 100% of billed charges.",85038.44,,,,,,,Case Rate,". 105 percent of Medicaid DRG. Add-on payment, and lesser of 100% of billed charges. 105 percent of Medicaid DRG. Add-on payment, and lesser of 100% of billed charges.",85038.44,,,,,,,Case Rate,". 105 percent of Medicaid DRG. Add-on payment, and lesser of 100% of billed charges. 105 percent of Medicaid DRG. Add-on payment, and lesser of 100% of billed charges.",85038.44,,,,,,,Case Rate,". 105 percent of Medicaid DRG. Add-on payment, and lesser of 100% of billed charges. 105 percent of Medicaid DRG. Add-on payment, and lesser of 100% of billed charges.",85038.44,,,,,,,Case Rate,". 105 percent of Medicaid DRG. Add-on payment, and lesser of 100% of billed charges. 105 percent of Medicaid DRG. Add-on payment, and lesser of 100% of billed charges.",,,,,,,,," ",,,,,,,,,".  ",,,,,,,,," ",85038.44,,,,,,,Case Rate,". 105 percent of Medicaid DRG. Add-on payment, and lesser of 100% of billed charges. 105 percent of Medicaid DRG. Add-on payment, and lesser of 100% of billed charges.",,,,,,,,,".  ",,,,,,,,," ",,,,,,,,,".  ",,,,,,,,,".  ",,,,,,,,,".  ",85038.44,,,,,,,Case Rate,". 105 percent of Medicaid DRG. Add-on payment, and lesser of 100% of billed charges. 105 percent of Medicaid DRG. Add-on payment, and lesser of 100% of billed charges.",,,,,,,,," ",,,,,,,,,".  ",85038.44,,,,,,,Case Rate,". 105 percent of Medicaid DRG. Add-on payment, and lesser of 100% of billed charges. 105 percent of Medicaid DRG. Add-on payment, and lesser of 100% of billed charges.",,,,,,,,,".  ",,,,,,,,,".  ",,,,,,,,," ",,,,,,,,," ",,,,,,,,," ",,,,,,,,," ",,,,,,,,," ",,,,,,,,," ",,,,,,,,," ",,,,,,,,," ",,,,,,,,," ",,,,,,,,," ",,,,,,,,," ",,,,,,,,," ",,,,,,,,," ",,,,,,,,," ",,,,,,,,," ",,,,,,,,," ",182225.23,,,,,,,Case Rate,". 225 percent of Medicaid DRG. Add-on payment, and lesser of 225% of billed charges. 225 percent of Medicaid DRG. Add-on payment, and lesser of 225% of billed charges.",80988.99,,,,,,,Case Rate,". 100 percent of Medicaid DRG. Add-on payment, and lesser of 100% of billed charges. 100 percent of Medicaid DRG. Add-on payment, and lesser of 100% of billed charges.",,,,,,,,,".  ",,,,,,,,,".  ",,,,,,,,," ",,,,,,,,," ",,,,,,,,," ",,,,,,,,," ",,,,,,,,,".  ",,,,,,,,," ",,,,,,,,,".  ",,,,,,,,," ",,,,,,,,,".  ",,,,,,,,,".  ",,,,,,,,,".  ",,,,,,,,," ",80988.99,,,,,,,Case Rate,". 100 percent of Medicaid DRG. Add-on payment, and lesser of 100% of billed charges. 100 percent of Medicaid DRG. Add-on payment, and lesser of 100% of billed charges.",,,,,,,,," ",,,,,,,,,".  ",,,,,,,,,".  ",80988.99,,,,,,,Case Rate,". 100 percent of Medicaid DRG. Add-on payment, and lesser of 100% of billed charges. 100 percent of Medicaid DRG. Add-on payment, and lesser of 100% of billed charges.",,,,,,,,,".  ",80988.99,,,,,,,Case Rate,". 100 percent of Medicaid DRG. Add-on payment, and lesser of 100% of billed charges. 100 percent of Medicaid DRG. Add-on payment, and lesser of 100% of billed charges.",80988.99,,,,,,,Case Rate,". 100 percent of Medicaid DRG. Add-on payment, and lesser of 100% of billed charges. 100 percent of Medicaid DRG. Add-on payment, and lesser of 100% of billed charges.",,,,,,,,,".  ",,,,,,,,,".  ",,,,,,,,,".  ",,,,,,,,,".  ",,,,,,,,,".  ",,,,,,,,,".  ",,,,,,,,,".  ",,,,,,,,," ",,,,,,,,," ",,,,,,,,," ",80988.99,,,,,,,Case Rate,". 100 percent of Medicaid DRG. Add-on payment, and lesser of 100% of billed charges. 100 percent of Medicaid DRG. Add-on payment, and lesser of 100% of billed charges.",,,,,,,,,".  ",,,,,,,,,".  ",,,,,,,,,".  ",,,,,,,,,".  ",,,,,,,,,".  ",,,,,,,,,".  ",,,,,,,,,".  ",,,,,,,,,".  ",,,,,,,,,".  ",,,,,,,,,".  ",,,,,,,,," ",61480.39,234868.1,
C1781,HCPCS,6010039,LOCAL,278,RC,HC MESH (IMPLANTABLE),,,both,,,,2864.025171,19.3,,227.02,227.02,227.02,1 through 10,percent of total billed charges,19.3 percent of billed charges. Add on payment,2864.025171,19.3,,2451.04,1483.78,13935.08,11,percent of total billed charges,19.3 percent of billed charges. Add on payment,3116.296818,21,,,,,0,percent of total billed charges,21 percent of billed charges. Add on payment.; No services were performed during the 15 month look back period.,3116.296818,21,,,,,0,percent of total billed charges,21 percent of billed charges. Add on payment.; No services were performed during the 15 month look back period.,,,,,,,,,Not separately priced,3116.296818,21,,,,,0,percent of total billed charges,21 percent of billed charges. Add on payment.; No services were performed during the 15 month look back period.,3116.296818,21,,2870.33,1102.57,18900,136,percent of total billed charges,21 percent of billed charges. Add on payment.,3116.296818,21,,1525.52,1435.17,6790.45,1 through 10,percent of total billed charges,21 percent of billed charges. Add on payment.,,,,,,,,,Not separately priced,,,,,,,,,Not separately priced,11574.816754,78,,,,,0,percent of total billed charges,78 percent of billed charges. Add on payment; No services were performed during the 15 month look back period.,,,,,,,,,Not payable.,,,,,,,,,Not separately priced,,,,,,,,,Not separately priced,4644.76621,31.3,,149.22,149.22,149.22,1 through 10,percent of total billed charges,31.3 percent of billed charges. Add on payment,4644.76621,31.3,,,,,0,percent of total billed charges,31.3 percent of billed charges. Add on payment; No services were performed during the 15 month look back period.,4644.76621,31.3,,2579.18,2273.76,2833.67,1 through 10,percent of total billed charges,31.3 percent of billed charges. Add on payment,4644.76621,31.3,,,,,0,percent of total billed charges,31.3 percent of billed charges. Add on payment; No services were performed during the 15 month look back period.,1632.345952,11,,,,,0,percent of total billed charges,11 percent of billed charges. Add on payment.; No services were performed during the 15 month look back period.,,,,,,,,,Not separately priced,1632.345952,11,,995.86,577.54,5532.12,51,percent of total billed charges,11 percent of billed charges. Add on payment.,11574.816754,78,,,,,0,percent of total billed charges,78 percent of billed charges. Add on payment; No services were performed during the 15 month look back period.,3116.296818,21,,,,,0,percent of total billed charges,21 percent of billed charges. Add on payment.; No services were performed during the 15 month look back period.,,,,,,,,,Not separately priced,6232.593637,42,,,,,0,percent of total billed charges,42 percent of billed charges. Add on payment.; No services were performed during the 15 month look back period.,,,,,,,,,Not separately priced,,,,,,,,,Not separately priced,11574.816754,78,,,,,0,percent of total billed charges,78 percent of billed charges. Add on payment; No services were performed during the 15 month look back period.,,,,,,,,,Not separately priced,,,,,,,,,Not separately priced,,,,,,,,,Not separately priced,,,,,,,,,Not separately priced,6232.593637,42,,,,,0,percent of total billed charges,42 percent of billed charges. Add on payment.; No services were performed during the 15 month look back period.,6232.593637,42,,,,,0,percent of total billed charges,42 percent of billed charges. Add on payment.; No services were performed during the 15 month look back period.,,,,,,,,,Not separately priced,6232.593637,42,,4361.24,428.34,18318.86,20,percent of total billed charges,42 percent of billed charges. Add on payment.,,,,,,,,,Not separately priced,,,,,,,,,Not separately priced,6232.593637,42,,,,,0,percent of total billed charges,42 percent of billed charges. Add on payment.; No services were performed during the 15 month look back period.,11574.816754,78,,,,,0,percent of total billed charges,78 percent of billed charges. Add on payment; No services were performed during the 15 month look back period.,1929.136126,13,,,,,0,percent of total billed charges,13 percent of billed charges. Add on payment.; No services were performed during the 15 month look back period.,1929.136126,13,,6834.12,1176.27,12307.57,21,percent of total billed charges,13 percent of billed charges. Add on payment.,11574.816754,78,,,,,0,percent of total billed charges,78 percent of billed charges. Add on payment; No services were performed during the 15 month look back period.,4644.76621,31.3,,,,,0,percent of total billed charges,31.3 percent of billed charges. Add on payment; No services were performed during the 15 month look back period.,,,,,,,,,Not payable.,,,,,,,,,Not payable.,11574.816754,78,,,,,0,percent of total billed charges,78 percent of billed charges. Add on payment; No services were performed during the 15 month look back period.,,,,,,,,,Not separately priced,,,,,,,,,Not payable.,,,,,,,,,Not payable.,,,,,,,,,Not payable.,,,,,,,,,Not separately priced,,,,,,,,,Not payable.,,,,,,,,,Not payable.,1632.345952,11,,1503.51,751.75,16722.09,1 through 10,percent of total billed charges,11 percent of billed charges. Add on payment.,2671.111559,18,,,,,0,percent of total billed charges,18 percent of billed charges. Add on payment; 15% when billed with CAS; No services were performed during the 15 month look back period.,1053.605115,7.1,,10863.55,512.56,12153.9,18,percent of total billed charges,7.1 percent of billed charges. Add on payment,1053.605115,7.1,,512.56,272.42,6834.12,31,percent of total billed charges,7.1 percent of billed charges. Add on payment,1053.605115,7.1,,,,,0,percent of total billed charges,7.1 percent of billed charges. Add on payment; No services were performed during the 15 month look back period.,1053.605115,7.1,,,,,0,percent of total billed charges,7.1 percent of billed charges. Add on payment; No services were performed during the 15 month look back period.,1053.605115,7.1,,12153.9,544.83,12153.9,1 through 10,percent of total billed charges,7.1 percent of billed charges. Add on payment,1053.605115,7.1,,1459.73,509.28,16030.58,85,percent of total billed charges,7.1 percent of billed charges. Add on payment,,,,,,,,,Not separately priced,,,,,,,,,Not separately priced,1053.605115,7.1,,117.01,117.01,117.01,1 through 10,percent of total billed charges,7.1 percent of billed charges. Add on payment,11574.816754,78,,,,,0,percent of total billed charges,78 percent of billed charges. Add on payment; No services were performed during the 15 month look back period.,11574.816754,78,,,,,0,percent of total billed charges,78 percent of billed charges. Add on payment; No services were performed during the 15 month look back period.,11574.816754,78,,,,,0,percent of total billed charges,78 percent of billed charges. Add on payment; No services were performed during the 15 month look back period.,11574.816754,78,,,,,0,percent of total billed charges,78 percent of billed charges. Add on payment; No services were performed during the 15 month look back period.,11574.816754,78,,,,,0,percent of total billed charges,78 percent of billed charges. Add on payment; No services were performed during the 15 month look back period.,11574.816754,78,,,,,0,percent of total billed charges,78 percent of billed charges. Add on payment; No services were performed during the 15 month look back period.,11574.816754,78,,,,,0,percent of total billed charges,78 percent of billed charges. Add on payment; No services were performed during the 15 month look back period.,11574.816754,78,,,,,0,percent of total billed charges,78 percent of billed charges. Add on payment; No services were performed during the 15 month look back period.,11574.816754,78,,,,,0,percent of total billed charges,78 percent of billed charges. Add on payment; No services were performed during the 15 month look back period.,11574.816754,78,,,,,0,percent of total billed charges,78 percent of billed charges. Add on payment; No services were performed during the 15 month look back period.,11574.816754,78,,,,,0,percent of total billed charges,78 percent of billed charges. Add on payment; No services were performed during the 15 month look back period.,11574.816754,78,,,,,0,percent of total billed charges,78 percent of billed charges. Add on payment; No services were performed during the 15 month look back period.,11574.816754,78,,,,,0,percent of total billed charges,78 percent of billed charges. Add on payment; No services were performed during the 15 month look back period.,11574.816754,78,,,,,0,percent of total billed charges,78 percent of billed charges. Add on payment; No services were performed during the 15 month look back period.,11574.816754,78,,,,,0,percent of total billed charges,78 percent of billed charges. Add on payment; No services were performed during the 15 month look back period.,11574.816754,78,,,,,0,percent of total billed charges,78 percent of billed charges. Add on payment; No services were performed during the 15 month look back period.,11574.816754,78,,,,,0,percent of total billed charges,78 percent of billed charges. Add on payment; No services were performed during the 15 month look back period.,11574.816754,78,,,,,0,percent of total billed charges,78 percent of billed charges. Add on payment; No services were performed during the 15 month look back period.,11574.816754,78,,,,,0,percent of total billed charges,78 percent of billed charges. Add on payment; No services were performed during the 15 month look back period.,11574.816754,78,,,,,0,percent of total billed charges,78 percent of billed charges. Add on payment; No services were performed during the 15 month look back period.,11574.816754,78,,,,,0,percent of total billed charges,78 percent of billed charges. Add on payment; No services were performed during the 15 month look back period.,11574.816754,78,,,,,0,percent of total billed charges,78 percent of billed charges. Add on payment; No services were performed during the 15 month look back period.,11574.816754,78,,,,,0,percent of total billed charges,78 percent of billed charges. Add on payment; No services were performed during the 15 month look back period.,11574.816754,78,,,,,0,percent of total billed charges,78 percent of billed charges. Add on payment; No services were performed during the 15 month look back period.,11574.816754,78,,,,,0,percent of total billed charges,78 percent of billed charges. Add on payment; No services were performed during the 15 month look back period.,11574.816754,78,,,,,0,percent of total billed charges,78 percent of billed charges. Add on payment; No services were performed during the 15 month look back period.,6232.593637,42,,,,,0,percent of total billed charges,42 percent of billed charges. Add on payment.; No services were performed during the 15 month look back period.,6232.593637,42,,,,,0,percent of total billed charges,42 percent of billed charges. Add on payment.; No services were performed during the 15 month look back period.,6232.593637,42,,,,,0,percent of total billed charges,42 percent of billed charges. Add on payment.; No services were performed during the 15 month look back period.,6232.593637,42,,,,,0,percent of total billed charges,42 percent of billed charges. Add on payment.; No services were performed during the 15 month look back period.,6677.778896,45,,,,,0,percent of total billed charges,45 percent of billed charges. Add on payment; No services were performed during the 15 month look back period.,6677.778896,45,,9053.26,2488.61,9053.26,1 through 10,percent of total billed charges,45 percent of billed charges. Add on payment,4644.76621,31.3,,,,,0,percent of total billed charges,31.3 percent of billed charges. Add on payment; No services were performed during the 15 month look back period.,1053.605115,7.1,,,,,0,percent of total billed charges,7.1 percent of billed charges. Add on payment; No services were performed during the 15 month look back period.,,,,,,,,,Not payable.,1053.605115,7.1,,678.99,272.42,9053.26,28,percent of total billed charges,7.1 percent of billed charges. Add on payment,11574.816754,78,,,,,0,percent of total billed charges,78 percent of billed charges. Add on payment; No services were performed during the 15 month look back period.,6677.778896,45,,,,,0,percent of total billed charges,45 percent of billed charges. Add on payment; No services were performed during the 15 month look back period.,1053.605115,7.1,,,,,0,percent of total billed charges,7.1 percent of billed charges. Add on payment; No services were performed during the 15 month look back period.,,,,,,,,,Not payable.,4644.76621,31.3,,2275.76,2067.35,2275.76,1 through 10,percent of total billed charges,31.3 percent of billed charges. Add on payment,,,,,,,,,,11574.816754,78,,,,,0,percent of total billed charges,78 percent of billed charges. Add on payment; No services were performed during the 15 month look back period.,,,,,,,,,Not separately priced,6232.593637,42,,,,,0,percent of total billed charges,42 percent of billed charges. Add on payment.; No services were performed during the 15 month look back period.,,,,,,,,,Not separately priced,,,,,,,,,Not separately priced,,,,,,,,,Not separately priced,2671.111559,18,,,,,0,percent of total billed charges,18 percent of billed charges. Add on payment; 15% when billed with CAS; No services were performed during the 15 month look back period.,,,,,,,,,Not separately priced,,,,,,,,,Not separately priced,,,,,,,,,Not separately priced,,,,,,,,,Not separately priced,,,,,,,,,Not separately priced,3116.296818,21,,,,,0,percent of total billed charges,21 percent of billed charges. Add on payment.; No services were performed during the 15 month look back period.,3116.296818,21,,,,,0,percent of total billed charges,21 percent of billed charges. Add on payment.; No services were performed during the 15 month look back period.,,,,,,,,,Not separately priced,4644.76621,31.3,,,,,0,percent of total billed charges,31.3 percent of billed charges. Add on payment; No services were performed during the 15 month look back period.,,,,,,,,,Not payable.,,,,,,,,,Not payable.,,,,,,,,,Not separately priced,4644.76621,31.3,,2275.76,391.7,15741.4,84,percent of total billed charges,31.3 percent of billed charges. Add on payment,3116.296818,21,,,,,0,percent of total billed charges,21 percent of billed charges. Add on payment.; No services were performed during the 15 month look back period.,3116.296818,21,,1901.18,1335.71,17015.46,27,percent of total billed charges,21 percent of billed charges. Add on payment.,3116.296818,21,,,,,0,percent of total billed charges,21 percent of billed charges. Add on payment.; No services were performed during the 15 month look back period.,11574.816754,78,,,,,0,percent of total billed charges,78 percent of billed charges. Add on payment; No services were performed during the 15 month look back period.,11574.816754,78,,,,,0,percent of total billed charges,78 percent of billed charges. Add on payment; No services were performed during the 15 month look back period.,11574.816754,78,,,,,0,percent of total billed charges,78 percent of billed charges. Add on payment; No services were performed during the 15 month look back period.,11574.816754,78,,,,,0,percent of total billed charges,78 percent of billed charges. Add on payment; No services were performed during the 15 month look back period.,11574.816754,78,,,,,0,percent of total billed charges,78 percent of billed charges. Add on payment; No services were performed during the 15 month look back period.,11574.816754,78,,,,,0,percent of total billed charges,78 percent of billed charges. Add on payment; No services were performed during the 15 month look back period.,11574.816754,78,,,,,0,percent of total billed charges,78 percent of billed charges. Add on payment; No services were performed during the 15 month look back period.,11574.816754,78,,,,,0,percent of total billed charges,78 percent of billed charges. Add on payment; No services were performed during the 15 month look back period.,11574.816754,78,,,,,0,percent of total billed charges,78 percent of billed charges. Add on payment; No services were performed during the 15 month look back period.,11574.816754,78,,,,,0,percent of total billed charges,78 percent of billed charges. Add on payment; No services were performed during the 15 month look back period.,11574.816754,78,,,,,0,percent of total billed charges,78 percent of billed charges. Add on payment; No services were performed during the 15 month look back period.,6677.778896,45,,,,,0,percent of total billed charges,45 percent of billed charges. Add on payment; No services were performed during the 15 month look back period.,1053.605115,7.1,,6834.12,477.04,56578.5,145,percent of total billed charges,7.1 percent of billed charges. Add on payment,4644.76621,31.3,,,,,0,percent of total billed charges,31.3 percent of billed charges. Add on payment; No services were performed during the 15 month look back period.,,,,,,,,,Not separately priced,3116.296818,21,,,,,0,percent of total billed charges,21 percent of billed charges. Add on payment.; No services were performed during the 15 month look back period.,4644.76621,31.3,,,,,0,percent of total billed charges,31.3 percent of billed charges. Add on payment; No services were performed during the 15 month look back period.,4644.76621,31.3,,,,,0,percent of total billed charges,31.3 percent of billed charges. Add on payment; No services were performed during the 15 month look back period.,11574.816754,78,,,,,0,percent of total billed charges,78 percent of billed charges. Add on payment; No services were performed during the 15 month look back period.,2967.901732,20,,2733.65,2733.65,22631.4,1 through 10,percent of total billed charges,20 percent of billed charges. Add on payment.,4644.76621,31.3,,,,,0,percent of total billed charges,31.3 percent of billed charges. Add on payment; No services were performed during the 15 month look back period.,,,,,,,,,Not separately priced,,,,,,,,,Not separately priced,,,,,,,,,Not separately priced,,,,,,,,,Not separately priced,,,,,,,,,Not separately priced,,,,,,,,,Not separately priced,,,,,,,,,Not separately priced,4644.76621,31.3,,,,,0,percent of total billed charges,31.3 percent of billed charges. Add on payment; No services were performed during the 15 month look back period.,2671.111559,18,,,,,0,percent of total billed charges,18 percent of billed charges. Add on payment; 15% when billed with CAS; No services were performed during the 15 month look back period.,4129.83526,27.83,,604.58,604.58,604.58,1 through 10,percent of total billed charges,27.83 percent of billed charges. Add on payment.,4129.83526,27.83,,1461.96,888.44,1461.96,1 through 10,percent of total billed charges,27.83 percent of billed charges. Add on payment.,4129.83526,27.83,,1176.92,152.92,29420.82,1 through 10,percent of total billed charges,27.83 percent of billed charges. Add on payment.,4129.83526,27.83,,,,,0,percent of total billed charges,27.83 percent of billed charges. Add on payment.; No services were performed during the 15 month look back period.,4129.83526,27.83,,,,,0,percent of total billed charges,27.83 percent of billed charges. Add on payment.; No services were performed during the 15 month look back period.,,,,,,,,,,2671.111559,18,,,,,0,percent of total billed charges,18 percent of billed charges. Add on payment; 15% when billed with CAS; No services were performed during the 15 month look back period.,4897.037857,33,,,,,0,percent of total billed charges,33 percent of billed charges. Add on payment.; No services were performed during the 15 month look back period.,4897.037857,33,,,,,0,percent of total billed charges,33 percent of billed charges. Add on payment.; No services were performed during the 15 month look back period.,4897.037857,33,,,,,0,percent of total billed charges,33 percent of billed charges. Add on payment.; No services were performed during the 15 month look back period.,4897.037857,33,,4336.72,3127.17,4336.72,1 through 10,percent of total billed charges,33 percent of billed charges. Add on payment.,4897.037857,33,,31906.5,388.17,31906.5,1 through 10,percent of total billed charges,33 percent of billed charges. Add on payment.,,,,,,,,,Not separately priced,6677.778896,45,,,,,0,percent of total billed charges,45 percent of billed charges. Add on payment; No services were performed during the 15 month look back period.,6677.778896,45,,,,,0,percent of total billed charges,45 percent of billed charges. Add on payment; No services were performed during the 15 month look back period.,6677.778896,45,,,,,0,percent of total billed charges,45 percent of billed charges. Add on payment; No services were performed during the 15 month look back period.,6677.778896,45,,,,,0,percent of total billed charges,45 percent of billed charges. Add on payment; No services were performed during the 15 month look back period.,3116.296818,21,,268.99,268.99,268.99,1 through 10,percent of total billed charges,21 percent of billed charges. Add on payment.,3116.296818,21,,,,,0,percent of total billed charges,21 percent of billed charges. Add on payment.; No services were performed during the 15 month look back period.,3116.296818,21,,,,,0,percent of total billed charges,21 percent of billed charges. Add on payment.; No services were performed during the 15 month look back period.,3116.296818,21,,,,,0,percent of total billed charges,21 percent of billed charges. Add on payment.; No services were performed during the 15 month look back period.,2671.111559,18,,,,,0,percent of total billed charges,18 percent of billed charges. Add on payment; 15% when billed with CAS; No services were performed during the 15 month look back period.,2671.111559,18,,,,,0,percent of total billed charges,18 percent of billed charges. Add on payment; 15% when billed with CAS; No services were performed during the 15 month look back period.,,,,,,,,,Not separately priced,,,,,,,,,Not separately priced,,,,,,,,,Not separately priced,1053.605115,7.1,,644.39,88.22,923.07,22,percent of total billed charges,7.1 percent of billed charges. Add on payment,1053.605115,7.1,,,,,0,percent of total billed charges,7.1 percent of billed charges. Add on payment; No services were performed during the 15 month look back period.,1053.605115,7.1,,,,,0,percent of total billed charges,7.1 percent of billed charges. Add on payment; No services were performed during the 15 month look back period.,2671.111559,18,,,,,0,percent of total billed charges,18 percent of billed charges. Add on payment; 15% when billed with CAS; No services were performed during the 15 month look back period.,3116.296818,21,,,,,0,percent of total billed charges,21 percent of billed charges. Add on payment.; No services were performed during the 15 month look back period.,,,,,,,,,Not separately priced,1053.605115,7.1,,,,,0,percent of total billed charges,7.1 percent of billed charges. Add on payment; No services were performed during the 15 month look back period.,,,,,,,,,Not separately priced,3709.877165,25,,,,,0,percent of total billed charges,25 percent of billed charges. Add on payment; No services were performed during the 15 month look back period.,3709.877165,25,,,,,0,percent of total billed charges,25 percent of billed charges. Add on payment; No services were performed during the 15 month look back period.,3709.877165,25,,,,,0,percent of total billed charges,25 percent of billed charges. Add on payment; No services were performed during the 15 month look back period.,,,,,,,,,Not separately priced,,,,,,,,,Not separately priced,,,,,,,,,Not separately priced,,,,,,,,,Not separately priced,,,,,,,,,Not separately priced,,,,,,,,,Not separately priced,3709.877165,25,,,,,0,percent of total billed charges,25 percent of billed charges. Add on payment; No services were performed during the 15 month look back period.,,,,,,,,,Not separately priced,,,,,,,,,Not separately priced,,,,,,,,,Not separately priced,,,,,,,,,Not separately priced,,,,,,,,,Not separately priced,,,,,,,,,Not separately priced,4129.83526,27.83,,3803.87,807.08,3803.87,1 through 10,percent of total billed charges,27.83 percent of billed charges. Add on payment.,,,,,,,,,Not separately priced,,,,,,,,,Not separately priced,3116.296818,21,,,,,0,percent of total billed charges,21 percent of billed charges. Add on payment.; No services were performed during the 15 month look back period.,,,,,,,,,Not separately priced,,,,,,,,,Not separately priced,,,,,,,,,Not separately priced,,,,,,,,,Not separately priced,,,,,,,,,Not separately priced,4129.83526,27.83,,1901.94,1901.94,1901.94,1 through 10,percent of total billed charges,27.83 percent of billed charges. Add on payment.,1632.345952,11,,995.86,129.39,8912.86,1 through 10,percent of total billed charges,11 percent of billed charges. Add on payment.,,,,,,,,,Not separately priced,,,,,,,,,Not separately priced,,,,,,,,,Not separately priced,,,,,,,,,Not separately priced,2671.111559,18,,7264.4,7264.4,7264.4,1 through 10,percent of total billed charges,18 percent of billed charges. Add on payment; 15% when billed with CAS,2671.111559,18,,,,,0,percent of total billed charges,18 percent of billed charges. Add on payment; 15% when billed with CAS; No services were performed during the 15 month look back period.,,,,,,,,,Not separately priced,,,,,,,,,Not separately priced,,,,,,,,,Not separately priced,,,,,,,,,Not separately priced,1053.605115,7.1,,985.62,272.42,2335.43,1 through 10,percent of total billed charges,7.1 percent of billed charges. Add on payment,1053.605115,7.1,,,,,0,percent of total billed charges,7.1 percent of billed charges. Add on payment; No services were performed during the 15 month look back period.,,,,,,,,,Not separately priced,1053.605115,7.1,,7264.4,88.22,7264.4,1 through 10,percent of total billed charges,7.1 percent of billed charges. Add on payment,1053.605115,7.1,,932.5,435.8,12153.9,152,percent of total billed charges,7.1 percent of billed charges. Add on payment,1053.605115,7.1,,,,,0,percent of total billed charges,7.1 percent of billed charges. Add on payment; No services were performed during the 15 month look back period.,1053.605115,7.1,,544.83,544.83,7264.4,1 through 10,percent of total billed charges,7.1 percent of billed charges. Add on payment,,,,,,,,,Not separately priced,1053.605115,7.1,,,,,0,percent of total billed charges,7.1 percent of billed charges. Add on payment; No services were performed during the 15 month look back period.,1053.605115,7.1,,,,,0,percent of total billed charges,7.1 percent of billed charges. Add on payment; No services were performed during the 15 month look back period.,3116.296818,21,,,,,0,percent of total billed charges,21 percent of billed charges. Add on payment.; No services were performed during the 15 month look back period.,,,,,,,,,Not separately priced,1632.345952,11,,,,,0,percent of total billed charges,11 percent of billed charges. Add on payment.; No services were performed during the 15 month look back period.,,,,,,,,,Not separately priced,4129.83526,27.83,,2519.52,327.36,31491.59,13,percent of total billed charges,27.83 percent of billed charges. Add on payment.,1632.345952,11,,11064.24,11064.24,11064.24,1 through 10,percent of total billed charges,11 percent of billed charges. Add on payment.,,,,,,,,,Not separately priced,,,,,,,,,Not separately priced,,,,,,,,,Not separately priced,,,,,,,,,Not separately priced,,,,,,,,,Not separately priced,,,,,,,,,Not separately priced,,,,,,,,,,,,,,,,,,,,,,,,,,,,4644.76621,31.3,,,,,0,percent of total billed charges,31.3 percent of billed charges. Add on payment; No services were performed during the 15 month look back period.,,,,,,,,,,,,,,,,,,Not separately priced,2864.025171,19.3,,2971.56,1633.35,2971.56,1 through 10,percent of total billed charges,19.3 percent of billed charges. Add on payment,,,,,,,,,Not separately priced,,,,,,,,,Not separately priced,,,,,,,,,Not separately priced,,,,,,,,,Not separately priced,,,,,,,,,Not separately priced,,,,,,,,,Not separately priced,,,,,,,,,Not separately priced,6232.593637,42,,,,,0,percent of total billed charges,42 percent of billed charges. Add on payment.; No services were performed during the 15 month look back period.,3116.296818,21,,3675.47,3675.47,3675.47,1 through 10,percent of total billed charges,21 percent of billed charges. Add on payment.,6232.593637,42,,,,,0,percent of total billed charges,42 percent of billed charges. Add on payment.; No services were performed during the 15 month look back period.,4644.76621,31.3,,35418.14,1318.99,226314,1 through 10,percent of total billed charges,31.3 percent of billed charges. Add on payment,,,,,,,,,Not separately priced,,,,,,,,,Not separately priced,,,,,,,,,Not separately priced,,,,,,,,,Not separately priced,,,,,,,,,Not separately priced,,,,,,,,,Not separately priced,,,,,,,,,,,,,,,,,,Not separately priced,,,,,,,,,Not separately priced,1053.605115,7.1,,,,,0,percent of total billed charges,7.1 percent of billed charges. Add on payment; No services were performed during the 15 month look back period.,6232.593637,42,,,,,0,percent of total billed charges,42 percent of billed charges. Add on payment.; No services were performed during the 15 month look back period.,6232.593637,42,,,,,0,percent of total billed charges,42 percent of billed charges. Add on payment.; No services were performed during the 15 month look back period.,6232.593637,42,,2488.61,2488.61,2488.61,1 through 10,percent of total billed charges,42 percent of billed charges. Add on payment.,6232.593637,42,,,,,0,percent of total billed charges,42 percent of billed charges. Add on payment.; No services were performed during the 15 month look back period.,,,,,,,,,Not separately priced,,,,,,,,,Not separately priced,1053.605115,7.1,,,,,0,percent of total billed charges,7.1 percent of billed charges. Add on payment; No services were performed during the 15 month look back period.,,,,,,,,,Not separately priced,,,,,,,,,Not separately priced,,,,,,,,,Not separately priced,,,,,,,,,Not separately priced,,,,,,,,,Not separately priced,,,,,,,,,Not separately priced,,,,,,,,,Not separately priced,6232.593637,42,,,,,0,percent of total billed charges,42 percent of billed charges. Add on payment.; No services were performed during the 15 month look back period.,4644.76621,31.3,,,,,0,percent of total billed charges,31.3 percent of billed charges. Add on payment; No services were performed during the 15 month look back period.,11574.816754,78,,,,,0,percent of total billed charges,78 percent of billed charges. Add on payment; No services were performed during the 15 month look back period.,,,,,,,,,Not payable.,,,,,,,,,Not payable.,3116.296818,21,,,,,0,percent of total billed charges,21 percent of billed charges. Add on payment.; No services were performed during the 15 month look back period.,,,,,,,,,Not separately priced,6677.778896,45,,,,,0,percent of total billed charges,45 percent of billed charges. Add on payment; No services were performed during the 15 month look back period.,6677.778896,45,,,,,0,percent of total billed charges,45 percent of billed charges. Add on payment; No services were performed during the 15 month look back period.,1053.605115,7.1,,5810.68,435.8,5810.68,1 through 10,percent of total billed charges,7.1 percent of billed charges. Add on payment,1053.605115,7.1,,12153.9,544.83,12153.9,14,percent of total billed charges,7.1 percent of billed charges. Add on payment,,,,,,,,,Not separately priced,,,,,,,,,Not separately priced,,,,,,,,,Not separately priced,,,,,,,,,Not separately priced,,,,,,,,,Not payable.,1053.605115,7.1,,,,,0,percent of total billed charges,7.1 percent of billed charges. Add on payment; No services were performed during the 15 month look back period.,1053.605115,7.1,,,,,0,percent of total billed charges,7.1 percent of billed charges. Add on payment; No services were performed during the 15 month look back period.,,,,,,,,,Not separately priced,1053.605115,7.1,,12153.9,6076.95,162052,18,percent of total billed charges,7.1 percent of billed charges. Add on payment,6232.593637,42,,2488.61,2488.61,6834.12,1 through 10,percent of total billed charges,42 percent of billed charges. Add on payment.,,,,,,,,,Not separately priced,,,,,,,,,Not separately priced,6232.593637,42,,,,,0,percent of total billed charges,42 percent of billed charges. Add on payment.; No services were performed during the 15 month look back period.,1053.605115,7.1,,1025.12,544.83,13668.24,19,percent of total billed charges,7.1 percent of billed charges. Add on payment,1053.605115,7.1,,32270.7,512.56,213741,70,percent of total billed charges,7.1 percent of billed charges. Add on payment,1053.605115,7.1,,,,,0,percent of total billed charges,7.1 percent of billed charges. Add on payment; No services were performed during the 15 month look back period.,2671.111559,18,,,,,0,percent of total billed charges,18 percent of billed charges. Add on payment; 15% when billed with CAS; No services were performed during the 15 month look back period.,,,,,,,,,Not separately priced,,,,,,,,,Not separately priced,,,,,,,,,Not separately priced,,,,,,,,,Not separately priced,,,,,,,,,Not separately priced,,,,,,,,,Not payable.,,,,,,,,,Not separately priced,,,,,,,,,Not separately priced,,,,,,,,,Not separately priced,,,,,,,,,Not separately priced,,,,,,,,,Not separately priced,,,,,,,,,Not separately priced,,,,,,,,,Not separately priced,,,,,,,,,Not separately priced,,,,,,,,,Not payable.,,,,,,,,,Not separately priced,,,,,,,,,Not separately priced,1053.605115,7.1,,710.73,710.73,710.73,1 through 10,percent of total billed charges,7.1 percent of billed charges. Add on payment,,,,,,,,,Not separately priced,1053.605115,7.1,,,,,0,percent of total billed charges,7.1 percent of billed charges. Add on payment; No services were performed during the 15 month look back period.,1053.605115,7.1,,,,,0,percent of total billed charges,7.1 percent of billed charges. Add on payment; No services were performed during the 15 month look back period.,1053.605115,7.1,,,,,0,percent of total billed charges,7.1 percent of billed charges. Add on payment; No services were performed during the 15 month look back period.,,,,,,,,,Not separately priced,,,,,,,,,Not separately priced,1053.605115,7.1,,,,,0,percent of total billed charges,7.1 percent of billed charges. Add on payment; No services were performed during the 15 month look back period.,,,,,,,,,Not separately priced,1053.605115,7.1,,,,,0,percent of total billed charges,7.1 percent of billed charges. Add on payment; No services were performed during the 15 month look back period.,,,,,,,,,Not separately priced,,,,,,,,,Not separately priced,6232.593637,42,,,,,0,percent of total billed charges,42 percent of billed charges. Add on payment.; No services were performed during the 15 month look back period.,6232.593637,42,,,,,0,percent of total billed charges,42 percent of billed charges. Add on payment.; No services were performed during the 15 month look back period.,6232.593637,42,,,,,0,percent of total billed charges,42 percent of billed charges. Add on payment.; No services were performed during the 15 month look back period.,6232.593637,42,,4977.24,4977.24,13668.24,1 through 10,percent of total billed charges,42 percent of billed charges. Add on payment.,6232.593637,42,,,,,0,percent of total billed charges,42 percent of billed charges. Add on payment.; No services were performed during the 15 month look back period.,6232.593637,42,,,,,0,percent of total billed charges,42 percent of billed charges. Add on payment.; No services were performed during the 15 month look back period.,6232.593637,42,,,,,0,percent of total billed charges,42 percent of billed charges. Add on payment.; No services were performed during the 15 month look back period.,6232.593637,42,,,,,0,percent of total billed charges,42 percent of billed charges. Add on payment.; No services were performed during the 15 month look back period.,6232.593637,42,,,,,0,percent of total billed charges,42 percent of billed charges. Add on payment.; No services were performed during the 15 month look back period.,6232.593637,42,,,,,0,percent of total billed charges,42 percent of billed charges. Add on payment.; No services were performed during the 15 month look back period.,6232.593637,42,,,,,0,percent of total billed charges,42 percent of billed charges. Add on payment.; No services were performed during the 15 month look back period.,6232.593637,42,,,,,0,percent of total billed charges,42 percent of billed charges. Add on payment.; No services were performed during the 15 month look back period.,,,,,,,,,Not separately priced,6232.593637,42,,,,,0,percent of total billed charges,42 percent of billed charges. Add on payment.; No services were performed during the 15 month look back period.,,,,,,,,,Not separately priced,3116.296818,21,,6360.54,1176.27,56578.5,1 through 10,percent of total billed charges,21 percent of billed charges. Add on payment.,1929.136126,13,,81026,15074.32,81026,1 through 10,percent of total billed charges,13 percent of billed charges. Add on payment.,,,,,,,,,Not payable.,,,,,,,,,Not payable.,,,,,,,,,Not separately priced,6677.778896,45,,,,,0,percent of total billed charges,45 percent of billed charges. Add on payment; No services were performed during the 15 month look back period.,,,,,,,,,Not separately priced,,,,,,,,,Not separately priced,3116.296818,21,,,,,0,percent of total billed charges,21 percent of billed charges. Add on payment.; No services were performed during the 15 month look back period.,,,,,,,,,Not separately priced,4644.76621,31.3,,,,,0,percent of total billed charges,31.3 percent of billed charges. Add on payment; No services were performed during the 15 month look back period.,,,,,,,,,Not separately priced,4644.76621,31.3,,,,,0,percent of total billed charges,31.3 percent of billed charges. Add on payment; No services were performed during the 15 month look back period.,3116.296818,21,,,,,0,percent of total billed charges,21 percent of billed charges. Add on payment.; No services were performed during the 15 month look back period.,4644.76621,31.3,,,,,0,percent of total billed charges,31.3 percent of billed charges. Add on payment; No services were performed during the 15 month look back period.,,,,,,,,,Not separately priced,,,,,,,,,Not separately priced,,,,,,,,,Not separately priced,4644.76621,31.3,,,,,0,percent of total billed charges,31.3 percent of billed charges. Add on payment; No services were performed during the 15 month look back period.,,,,,,,,,Not payable.,,,,,,,,,Not separately priced,1053.605115,7.1,,,,,0,percent of total billed charges,7.1 percent of billed charges. Add on payment; No services were performed during the 15 month look back period.,,,,,,,,,Not separately priced,,,,,,,,,Not separately priced,1053.605115,7.1,,,,,0,percent of total billed charges,7.1 percent of billed charges. Add on payment; No services were performed during the 15 month look back period.,1053.605115,7.1,,,,,0,percent of total billed charges,7.1 percent of billed charges. Add on payment; No services were performed during the 15 month look back period.,1053.605115,7.1,,,,,0,percent of total billed charges,7.1 percent of billed charges. Add on payment; No services were performed during the 15 month look back period.,,,,,,,,,Not payable.,1053.605115,7.1,,,,,0,percent of total billed charges,7.1 percent of billed charges. Add on payment; No services were performed during the 15 month look back period.,1053.605115,7.1,,,,,0,percent of total billed charges,7.1 percent of billed charges. Add on payment; No services were performed during the 15 month look back period.,1053.605115,7.1,,,,,0,percent of total billed charges,7.1 percent of billed charges. Add on payment; No services were performed during the 15 month look back period.,6232.593637,42,,,,,0,percent of total billed charges,42 percent of billed charges. Add on payment.; No services were performed during the 15 month look back period.,6232.593637,42,,,,,0,percent of total billed charges,42 percent of billed charges. Add on payment.; No services were performed during the 15 month look back period.,4897.037857,33,,,,,0,percent of total billed charges,33 percent of billed charges. Add on payment.; No services were performed during the 15 month look back period.,,,,,,,,,Not separately priced,,,,,,,,,Not payable.,4644.76621,31.3,,,,,0,percent of total billed charges,31.3 percent of billed charges. Add on payment; No services were performed during the 15 month look back period.,3116.296818,21,,,,,0,percent of total billed charges,21 percent of billed charges. Add on payment.; No services were performed during the 15 month look back period.,,,,,,,,,Not payable.,3116.296818,21,,,,,0,percent of total billed charges,21 percent of billed charges. Add on payment.; No services were performed during the 15 month look back period.,,,,,,,,,Not payable.,1053.605115,7.1,,,,,0,percent of total billed charges,7.1 percent of billed charges. Add on payment; No services were performed during the 15 month look back period.,1053.605115,7.1,,,,,0,percent of total billed charges,7.1 percent of billed charges. Add on payment; No services were performed during the 15 month look back period.,1053.605115,7.1,,,,,0,percent of total billed charges,7.1 percent of billed charges. Add on payment; No services were performed during the 15 month look back period.,1053.605115,7.1,,,,,0,percent of total billed charges,7.1 percent of billed charges. Add on payment; No services were performed during the 15 month look back period.,,,,,,,,,Not separately priced,673.308575,26793.078,
C8929,HCPCS,2022409,LOCAL,483,RC,"HC TTE W OR WO FOL WCON,DOPPLER",3309.95,628.8905,both,,,,1654.975,50,,,,,0,percent of total billed charges,50% of Billed Charges. Lesser of 100% of billed charges applies.; No services were performed during the 15 month look back period.,1654.975,50,,,,,0,percent of total billed charges,50% of Billed Charges. Lesser of 100% of billed charges applies.; No services were performed during the 15 month look back period.,1985.97,60,,,,,0,percent of total billed charges,60 percent of billed charges; No services were performed during the 15 month look back period.,3309.95,100,,,,,0,percent of total billed charges,100 percent of billed charges. ; No services were performed during the 15 month look back period.,934.88,,,,,,,Case Rate,"100% Medicare OPPS FS. ",1985.97,60,,,,,0,percent of total billed charges,60 percent of billed charges; No services were performed during the 15 month look back period.,1985.97,60,,1985.97,1985.97,1985.97,1 through 10,percent of total billed charges,60 percent of billed charges,1985.97,60,,934.93,934.93,934.93,1 through 10,percent of total billed charges,60 percent of billed charges,538.39,,,,,,,Case Rate,"100 Percent of Medicaid APG. ",448.66,,,,,,,Case Rate,"100 Percent of Medicaid APG. ",2581.761,78,,,,,0,percent of total billed charges,78% of Billed Charges. Lesser of 100% of billed charges applies.; No services were performed during the 15 month look back period.,,,,,,,,Fee Schedule,". ",448.66,,,,,,,Case Rate,"100 Percent of Medicaid APG. ",934.88,,,,,,,Case Rate,"100% Medicare OPPS FS. ",1985.97,60,,,,,0,percent of total billed charges,60 percent of billed charges; No services were performed during the 15 month look back period.,1985.97,60,,,,,0,percent of total billed charges,60 percent of billed charges; No services were performed during the 15 month look back period.,1985.97,60,,,,,0,percent of total billed charges,60 percent of billed charges; No services were performed during the 15 month look back period.,1985.97,60,,,,,0,percent of total billed charges,60 percent of billed charges; No services were performed during the 15 month look back period.,33.0995,1,,,,,0,percent of total billed charges,NA. Covered services not payable under Medicaid Fee Schedules default to a payment of 50 percent of charges.; No services were performed during the 15 month look back period.,934.88,,,,,,,Case Rate,"100% Medicare OPPS FS. ",33.0995,1,,824.89,824.89,3309.95,1 through 10,percent of total billed charges,NA. Covered services not payable under Medicaid Fee Schedules default to a payment of 50 percent of charges.,2581.761,78,,,,,0,percent of total billed charges,78% of Billed Charges. Lesser of 100% of billed charges applies.; No services were performed during the 15 month look back period.,1985.97,60,,,,,0,percent of total billed charges,60 percent of billed charges; No services were performed during the 15 month look back period.,934.88,,,,,,,Case Rate,"100%Medicare OPPS FS. ",2416.2635,73,,,,,0,percent of total billed charges,73 percent of billed charges; No services were performed during the 15 month look back period.,934.88,,,,,,,Case Rate,"100%Medicare OPPS FS. ",934.88,,,,,,,Case Rate,"100%Medicare OPPS FS. ",2581.761,78,,,,,0,percent of total billed charges,78% of Billed Charges. Lesser of 100% of billed charges applies.; No services were performed during the 15 month look back period.,,,,,,,,Fee Schedule,"Not payable. ",,,,,,,,Fee Schedule,"Not payable. ",,,,,,,,Fee schedule,"90 Percent of Medicare RBRVS. ",,,,,,,,Fee schedule,"90 Percent of Medicare RBRVS. ",2416.2635,73,,,,,0,percent of total billed charges,73 percent of billed charges; No services were performed during the 15 month look back period.,2416.2635,73,,,,,0,percent of total billed charges,73 percent of billed charges; No services were performed during the 15 month look back period.,448.66,,,,,,,Case Rate,"100 Percent of Medicaid APG. Not APG payable, or payable under another fee schedule like ASP/AWP pays at 30% of charges",2416.2635,73,,,,,0,percent of total billed charges,73 percent of billed charges; No services were performed during the 15 month look back period.,448.66,,,,,,,Case Rate,"100 Percent of Medicaid APG. Not APG payable, or payable under another fee schedule like ASP/AWP pays at 30% of charges",934.88,,,,,,,Case Rate,"100%Medicare OPPS FS. ",2416.2635,73,,,,,0,percent of total billed charges,73 percent of billed charges; No services were performed during the 15 month look back period.,2581.761,78,,,,,0,percent of total billed charges,78% of Billed Charges. Lesser of 100% of billed charges applies.; No services were performed during the 15 month look back period.,448.66,,,,,,,Case Rate,"100 Percent of Medicaid APG. ",448.66,,,,,,,Case Rate,"100 Percent of Medicaid APG. ",2581.761,78,,,,,0,percent of total billed charges,78% of Billed Charges. Lesser of 100% of billed charges applies.; No services were performed during the 15 month look back period.,1985.97,60,,,,,0,percent of total billed charges,60 percent of billed charges; No services were performed during the 15 month look back period.,,,,,,,,Fee Schedule,". ",,,,,,,,Fee Schedule,". ",2581.761,78,,,,,0,percent of total billed charges,78% of Billed Charges. Lesser of 100% of billed charges applies.; No services were performed during the 15 month look back period.,934.88,,,,,,,Case Rate,"100% Medicare OPPS FS. ",,,,,,,,Fee Schedule,". ",,,,,,,,Fee Schedule,". ",,,,,,,,Fee Schedule,". ",934.88,,,,,,,Case Rate,"100% Medicare OPPS FS. ",,,,,,,,Fee Schedule,". ",,,,,,,,Fee Schedule,". ",934.88,,,,,,,Case Rate,"100% of Medicare OPPS. ",1654.975,50,,,,,0,percent of total billed charges,50 percent of billed charges; No services were performed during the 15 month look back period.,2151.4675,65,,,,,0,percent of total billed charges,65% of Billed Charges. Lesser of 100% of billed charges applies.; No services were performed during the 15 month look back period.,2151.4675,65,,,,,0,percent of total billed charges,65% of Billed Charges. Lesser of 100% of billed charges applies.; No services were performed during the 15 month look back period.,2151.4675,65,,,,,0,percent of total billed charges,65% of Billed Charges. Lesser of 100% of billed charges applies.; No services were performed during the 15 month look back period.,2151.4675,65,,,,,0,percent of total billed charges,65% of Billed Charges. Lesser of 100% of billed charges applies.; No services were performed during the 15 month look back period.,2151.4675,65,,,,,0,percent of total billed charges,65% of Billed Charges. Lesser of 100% of billed charges applies.; No services were performed during the 15 month look back period.,2151.4675,65,,,,,0,percent of total billed charges,65% of Billed Charges. Lesser of 100% of billed charges applies.; No services were performed during the 15 month look back period.,934.88,,,,,,,Case Rate,"100% Medicare OPPS FS. ",934.88,,,,,,,Case Rate,"100% Medicare OPPS FS. ",2151.4675,65,,,,,0,percent of total billed charges,65% of Billed Charges. Lesser of 100% of billed charges applies.; No services were performed during the 15 month look back period.,2581.761,78,,,,,0,percent of total billed charges,78% of Billed Charges. Lesser of 100% of billed charges applies.; No services were performed during the 15 month look back period.,2581.761,78,,,,,0,percent of total billed charges,78% of Billed Charges. Lesser of 100% of billed charges applies.; No services were performed during the 15 month look back period.,2581.761,78,,,,,0,percent of total billed charges,78% of Billed Charges. Lesser of 100% of billed charges applies.; No services were performed during the 15 month look back period.,2581.761,78,,,,,0,percent of total billed charges,78% of Billed Charges. Lesser of 100% of billed charges applies.; No services were performed during the 15 month look back period.,2581.761,78,,,,,0,percent of total billed charges,78% of Billed Charges. Lesser of 100% of billed charges applies.; No services were performed during the 15 month look back period.,2581.761,78,,,,,0,percent of total billed charges,78% of Billed Charges. Lesser of 100% of billed charges applies.; No services were performed during the 15 month look back period.,2581.761,78,,,,,0,percent of total billed charges,78% of Billed Charges. Lesser of 100% of billed charges applies.; No services were performed during the 15 month look back period.,2581.761,78,,,,,0,percent of total billed charges,78% of Billed Charges. Lesser of 100% of billed charges applies.; No services were performed during the 15 month look back period.,2581.761,78,,,,,0,percent of total billed charges,78% of Billed Charges. Lesser of 100% of billed charges applies.; No services were performed during the 15 month look back period.,2581.761,78,,,,,0,percent of total billed charges,78% of Billed Charges. Lesser of 100% of billed charges applies.; No services were performed during the 15 month look back period.,2581.761,78,,,,,0,percent of total billed charges,78% of Billed Charges. Lesser of 100% of billed charges applies.; No services were performed during the 15 month look back period.,2581.761,78,,,,,0,percent of total billed charges,78% of Billed Charges. Lesser of 100% of billed charges applies.; No services were performed during the 15 month look back period.,2581.761,78,,,,,0,percent of total billed charges,78% of Billed Charges. Lesser of 100% of billed charges applies.; No services were performed during the 15 month look back period.,2581.761,78,,,,,0,percent of total billed charges,78% of Billed Charges. Lesser of 100% of billed charges applies.; No services were performed during the 15 month look back period.,2581.761,78,,,,,0,percent of total billed charges,78% of Billed Charges. Lesser of 100% of billed charges applies.; No services were performed during the 15 month look back period.,2581.761,78,,,,,0,percent of total billed charges,78% of Billed Charges. Lesser of 100% of billed charges applies.; No services were performed during the 15 month look back period.,2581.761,78,,,,,0,percent of total billed charges,78% of Billed Charges. Lesser of 100% of billed charges applies.; No services were performed during the 15 month look back period.,2581.761,78,,,,,0,percent of total billed charges,78% of Billed Charges. Lesser of 100% of billed charges applies.; No services were performed during the 15 month look back period.,2581.761,78,,,,,0,percent of total billed charges,78% of Billed Charges. Lesser of 100% of billed charges applies.; No services were performed during the 15 month look back period.,2581.761,78,,,,,0,percent of total billed charges,78% of Billed Charges. Lesser of 100% of billed charges applies.; No services were performed during the 15 month look back period.,2581.761,78,,,,,0,percent of total billed charges,78% of Billed Charges. Lesser of 100% of billed charges applies.; No services were performed during the 15 month look back period.,2581.761,78,,,,,0,percent of total billed charges,78% of Billed Charges. Lesser of 100% of billed charges applies.; No services were performed during the 15 month look back period.,2581.761,78,,,,,0,percent of total billed charges,78% of Billed Charges. Lesser of 100% of billed charges applies.; No services were performed during the 15 month look back period.,2581.761,78,,,,,0,percent of total billed charges,78% of Billed Charges. Lesser of 100% of billed charges applies.; No services were performed during the 15 month look back period.,2581.761,78,,,,,0,percent of total billed charges,78% of Billed Charges. Lesser of 100% of billed charges applies.; No services were performed during the 15 month look back period.,2581.761,78,,,,,0,percent of total billed charges,78% of Billed Charges. Lesser of 100% of billed charges applies.; No services were performed during the 15 month look back period.,2416.2635,73,,,,,0,percent of total billed charges,73 percent of billed charges; No services were performed during the 15 month look back period.,2416.2635,73,,,,,0,percent of total billed charges,73 percent of billed charges; No services were performed during the 15 month look back period.,2416.2635,73,,,,,0,percent of total billed charges,73 percent of billed charges; No services were performed during the 15 month look back period.,2416.2635,73,,,,,0,percent of total billed charges,73 percent of billed charges; No services were performed during the 15 month look back period.,2647.96,80,,,,,0,percent of total billed charges,80 percent of billed charges; No services were performed during the 15 month look back period.,2647.96,80,,3309.95,138.09,3309.95,1 through 10,percent of total billed charges,80 percent of billed charges,1985.97,60,,,,,0,percent of total billed charges,60 percent of billed charges; No services were performed during the 15 month look back period.,2151.4675,65,,,,,0,percent of total billed charges,65% of Billed Charges. Lesser of 100% of billed charges applies.; No services were performed during the 15 month look back period.,,,,,,,,Fee Schedule,". ",2151.4675,65,,,,,0,percent of total billed charges,65% of Billed Charges. Lesser of 100% of billed charges applies.; No services were performed during the 15 month look back period.,2581.761,78,,,,,0,percent of total billed charges,78% of Billed Charges. Lesser of 100% of billed charges applies.; No services were performed during the 15 month look back period.,2647.96,80,,,,,0,percent of total billed charges,80 percent of billed charges; No services were performed during the 15 month look back period.,2151.4675,65,,,,,0,percent of total billed charges,65% of Billed Charges. Lesser of 100% of billed charges applies.; No services were performed during the 15 month look back period.,,,,,,,,Fee Schedule,". ",1985.97,60,,,,,0,percent of total billed charges,60 percent of billed charges; No services were performed during the 15 month look back period.,,,,,,,,,"NA. ",2581.761,78,,,,,0,percent of total billed charges,78% of Billed Charges. Lesser of 100% of billed charges applies.; No services were performed during the 15 month look back period.,448.66,,,,,,,Case Rate,"100 Percent of Medicaid APG. ",2416.2635,73,,2416.26,2416.26,2416.26,1 through 10,percent of total billed charges,73 percent of billed charges,448.66,,,,,,,Case Rate,"100 Percent of Medicaid APG. Not APG payable, or payable under another fee schedule like ASP/AWP pays at 30% of charges",934.88,,,,,,,Case Rate,"100%Medicare OPPS FS. ",934.88,,,,,,,Case Rate,"100% Medicare OPPS FS. ",1654.975,50,,,,,0,percent of total billed charges,50 percent of billed charges; No services were performed during the 15 month look back period.,934.88,,,,,,,Case Rate,"100% Medicare OPPS FS. ",934.88,,,,,,,Case Rate,"100% Medicare OPPS FS. ",448.66,,,,,,,Case Rate,"100 Percent of Medicaid APG. ",934.88,,,,,,,Case Rate,"100% Medicare OPPS FS. ",934.88,,,,,,,Case Rate,"100% Medicare OPPS FS. ",1985.97,60,,,,,0,percent of total billed charges,60 percent of billed charges; No services were performed during the 15 month look back period.,1985.97,60,,,,,0,percent of total billed charges,60 percent of billed charges; No services were performed during the 15 month look back period.,934.88,,,,,,,Case Rate,"100% Medicare OPPS FS. ",1985.97,60,,,,,0,percent of total billed charges,60 percent of billed charges; No services were performed during the 15 month look back period.,,,,,,,,Fee Schedule,". ",,,,,,,,Fee Schedule,". ",934.88,,,,,,,Case Rate,"100% Medicare OPPS FS. ",1985.97,60,,,,,0,percent of total billed charges,60 percent of billed charges; No services were performed during the 15 month look back period.,1985.97,60,,,,,0,percent of total billed charges,60 percent of billed charges; No services were performed during the 15 month look back period.,1985.97,60,,,,,0,percent of total billed charges,60 percent of billed charges; No services were performed during the 15 month look back period.,1985.97,60,,,,,0,percent of total billed charges,60 percent of billed charges; No services were performed during the 15 month look back period.,2581.761,78,,,,,0,percent of total billed charges,78% of Billed Charges. Lesser of 100% of billed charges applies.; No services were performed during the 15 month look back period.,2581.761,78,,,,,0,percent of total billed charges,78% of Billed Charges. Lesser of 100% of billed charges applies.; No services were performed during the 15 month look back period.,2581.761,78,,,,,0,percent of total billed charges,78% of Billed Charges. Lesser of 100% of billed charges applies.; No services were performed during the 15 month look back period.,2581.761,78,,,,,0,percent of total billed charges,78% of Billed Charges. Lesser of 100% of billed charges applies.; No services were performed during the 15 month look back period.,2581.761,78,,,,,0,percent of total billed charges,78% of Billed Charges. Lesser of 100% of billed charges applies.; No services were performed during the 15 month look back period.,2581.761,78,,,,,0,percent of total billed charges,78% of Billed Charges. Lesser of 100% of billed charges applies.; No services were performed during the 15 month look back period.,2581.761,78,,,,,0,percent of total billed charges,78% of Billed Charges. Lesser of 100% of billed charges applies.; No services were performed during the 15 month look back period.,2581.761,78,,,,,0,percent of total billed charges,78% of Billed Charges. Lesser of 100% of billed charges applies.; No services were performed during the 15 month look back period.,2581.761,78,,,,,0,percent of total billed charges,78% of Billed Charges. Lesser of 100% of billed charges applies.; No services were performed during the 15 month look back period.,2581.761,78,,221.3,221.3,221.3,1 through 10,percent of total billed charges,78% of Billed Charges. Lesser of 100% of billed charges applies.,2581.761,78,,,,,0,percent of total billed charges,78% of Billed Charges. Lesser of 100% of billed charges applies.; No services were performed during the 15 month look back period.,2647.96,80,,2584.21,2584.21,2584.21,1 through 10,percent of total billed charges,80 percent of billed charges,2151.4675,65,,3309.95,3309.95,3309.95,27,percent of total billed charges,65% of Billed Charges. Lesser of 100% of billed charges applies.,1985.97,60,,,,,0,percent of total billed charges,60 percent of billed charges; No services were performed during the 15 month look back period.,934.88,,,,,,,Case Rate,"100% Medicare OPPS FS. ",1985.97,60,,,,,0,percent of total billed charges,60 percent of billed charges; No services were performed during the 15 month look back period.,1985.97,60,,,,,0,percent of total billed charges,60 percent of billed charges; No services were performed during the 15 month look back period.,1985.97,60,,,,,0,percent of total billed charges,60 percent of billed charges; No services were performed during the 15 month look back period.,2581.761,78,,,,,0,percent of total billed charges,78% of Billed Charges. Lesser of 100% of billed charges applies.; No services were performed during the 15 month look back period.,960.13,,,,,,,Case Rate,"214 Percent of Medicaid APG. Drugs not priced under APG, billed with revenue code 636 and not priced by Medicare ASP FeeSched will be reimbursed at 20% of charges.",1985.97,60,,,,,0,percent of total billed charges,60 percent of billed charges; No services were performed during the 15 month look back period.,448.66,,,,,,,Case Rate,"100 Percent of Medicaid APG. ",934.88,,,,,,,Case Rate,"100% Medicare OPPS FS. ",934.88,,,,,,,Case Rate,"100% Medicare OPPS FS. ",934.88,,,,,,,Case Rate,"100% Medicare OPPS FS. ",934.88,,,,,,,Case Rate,"100% Medicare OPPS FS. ",934.88,,,,,,,Case Rate,"100% Medicare OPPS FS. ",934.88,,,,,,,Case Rate,"100% Medicare OPPS FS. ",1985.97,60,,,,,0,percent of total billed charges,60 percent of billed charges; No services were performed during the 15 month look back period.,1654.975,50,,,,,0,percent of total billed charges,50 percent of billed charges; No services were performed during the 15 month look back period.,33.0995,1,,,,,0,percent of total billed charges,NA. ; No services were performed during the 15 month look back period.,33.0995,1,,,,,0,percent of total billed charges,NA. ; No services were performed during the 15 month look back period.,33.0995,1,,1495.89,1495.89,1495.89,1 through 10,percent of total billed charges,"NA. ",33.0995,1,,,,,0,percent of total billed charges,NA. ; No services were performed during the 15 month look back period.,33.0995,1,,,,,0,percent of total billed charges,NA. ; No services were performed during the 15 month look back period.,,,,,,,,,"NA. ",1654.975,50,,,,,0,percent of total billed charges,50 percent of billed charges; No services were performed during the 15 month look back period.,1851.06,,,,,,,Case Rate,198 Percent of Medicare OPPS. Metroplus will reimburse unlisted codes and described codes with no Medicare rate at 50 percent of charges.,1851.06,,,,,,,Case Rate,198 Percent of Medicare OPPS. Metroplus will reimburse unlisted codes and described codes with no Medicare rate at 50 percent of charges.,1851.06,,,,,,,Case Rate,198 Percent of Medicare OPPS. Metroplus will reimburse unlisted codes and described codes with no Medicare rate at 50 percent of charges.,1851.06,,,,,,,Case Rate,198 Percent of Medicare OPPS. Metroplus will reimburse unlisted codes and described codes with no Medicare rate at 50 percent of charges.,1851.06,,,,,,,Case Rate,198 Percent of Medicare OPPS. Metroplus will reimburse unlisted codes and described codes with no Medicare rate at 50 percent of charges.,934.88,,,,,,,Case Rate,"100% Medicare OPPS FS. ",2647.96,80,,,,,0,percent of total billed charges,80 percent of billed charges; No services were performed during the 15 month look back period.,2647.96,80,,,,,0,percent of total billed charges,80 percent of billed charges; No services were performed during the 15 month look back period.,2647.96,80,,,,,0,percent of total billed charges,80 percent of billed charges; No services were performed during the 15 month look back period.,2647.96,80,,,,,0,percent of total billed charges,80 percent of billed charges; No services were performed during the 15 month look back period.,1985.97,60,,,,,0,percent of total billed charges,60 percent of billed charges; No services were performed during the 15 month look back period.,1985.97,60,,,,,0,percent of total billed charges,60 percent of billed charges; No services were performed during the 15 month look back period.,1985.97,60,,,,,0,percent of total billed charges,60 percent of billed charges; No services were performed during the 15 month look back period.,1985.97,60,,,,,0,percent of total billed charges,60 percent of billed charges; No services were performed during the 15 month look back period.,1654.975,50,,,,,0,percent of total billed charges,50 percent of billed charges; No services were performed during the 15 month look back period.,1654.975,50,,,,,0,percent of total billed charges,50 percent of billed charges; No services were performed during the 15 month look back period.,934.88,,,,,,,Case Rate,"100% Medicare OPPS FS. ",934.88,,,,,,,Case Rate,"100% Medicare OPPS FS. ",934.88,,,,,,,Case Rate,"100% Medicare OPPS FS. ",2151.4675,65,,,,,0,percent of total billed charges,65% of Billed Charges. Lesser of 100% of billed charges applies.; No services were performed during the 15 month look back period.,2151.4675,65,,,,,0,percent of total billed charges,65% of Billed Charges. Lesser of 100% of billed charges applies.; No services were performed during the 15 month look back period.,2151.4675,65,,,,,0,percent of total billed charges,65% of Billed Charges. Lesser of 100% of billed charges applies.; No services were performed during the 15 month look back period.,1654.975,50,,,,,0,percent of total billed charges,50 percent of billed charges; No services were performed during the 15 month look back period.,1985.97,60,,,,,0,percent of total billed charges,60 percent of billed charges; No services were performed during the 15 month look back period.,934.88,,,,,,,Case Rate,"100% Medicare OPPS FS. ",2151.4675,65,,,,,0,percent of total billed charges,65% of Billed Charges. Lesser of 100% of billed charges applies.; No services were performed during the 15 month look back period.,448.66,,,,,,,Case Rate,"100 Percent of Medicaid APG. ",953.58,,,,,,,Case Rate,"102% of Medicare OPPS. ",953.58,,,,,,,Case Rate,"102% of Medicare OPPS. ",953.58,,,,,,,Case Rate,"102% of Medicare OPPS. ",,,,,,,,Fee schedule,"90 Percent of Medicare RBRVS. ",1009.48,,,,,,,Fee Schedule,225% of NYS APG. Lesser of 100% of billed charges applies.,1009.48,,,,,,,Fee Schedule,225% of NYS APG. Lesser of 100% of billed charges applies.,1009.48,,,,,,,Fee Schedule,225% of NYS APG. Lesser of 100% of billed charges applies.,1009.48,,,,,,,Fee Schedule,225% of NYS APG. Lesser of 100% of billed charges applies.,1009.48,,,,,,,Fee Schedule,225% of NYS APG. Lesser of 100% of billed charges applies.,953.58,,,,,,,Case Rate,"102% of Medicare OPPS. ",448.66,,,,,,,Case Rate,"100 Percent of Medicaid APG. ",,,,,,,,Fee Schedule,"Not payable. ",1009.48,,,,,,,Fee Schedule,225% of NYS APG. Lesser of 100% of billed charges applies.,1009.48,,,,,,,Fee Schedule,225% of NYS APG. Lesser of 100% of billed charges applies.,,,,,,,,Fee Schedule,"Not payable. ",,,,,,,,Fee Schedule,"Not payable. ",33.0995,1,,,,,0,percent of total billed charges,NA. ; No services were performed during the 15 month look back period.,934.88,,,,,,,Case Rate,"100% Medicare OPPS FS. ",934.88,,,,,,,Case Rate,"100% Medicare OPPS FS. ",1985.97,60,,,,,0,percent of total billed charges,60 percent of billed charges; No services were performed during the 15 month look back period.,934.88,,,,,,,Case Rate,"100% Medicare OPPS FS. ",1009.48,,,,,,,Fee Schedule,"225 Percent of Medicaid APG. ",1009.48,,,,,,,Fee Schedule,"225 Percent of Medicaid APG. ",,,,,,,,Fee schedule,"90 Percent of Medicare RBRVS. ",,,,,,,,Fee schedule,"90 Percent of Medicare RBRVS. ",1009.48,,,,,,,Case Rate,225 Percent of Medicaid APG. Covered services not payable under Medicaid Fee Schedules default to a payment of 87.5 percent of charges.,33.0995,1,,,,,0,percent of total billed charges,NA. Covered services not payable under Medicaid Fee Schedules default to a payment of 50 percent of charges.; No services were performed during the 15 month look back period.,1009.48,,,,,,,Case Rate,"100 Percent of Medicaid APG. ",1009.48,,,,,,,Case Rate,"100 Percent of Medicaid APG. ",1009.48,,,,,,,Case Rate,"100 Percent of Medicaid APG. ",1009.48,,,,,,,Case Rate,"100 Percent of Medicaid APG. ",,,,,,,,,,1654.975,50,,,,,0,percent of total billed charges,50 percent of billed charges; No services were performed during the 15 month look back period.,538.39,,,,,,,Case Rate,"120 Percent of Medicaid APG. Not APG payable, or payable under another fee schedule like ASP/AWP pays at 30% of charges",538.39,,,,,,,Case Rate,"120 Percent of Medicaid APG. Not APG payable, or payable under another fee schedule like ASP/AWP pays at 30% of charges",448.66,,,,,,,Case Rate,"100 Percent of Medicaid APG. Not APG payable, or payable under another fee schedule like ASP/AWP pays at 30% of charges",448.66,,,,,,,Case Rate,"100 Percent of Medicaid APG. Not APG payable, or payable under another fee schedule like ASP/AWP pays at 30% of charges",2151.4675,65,,,,,0,percent of total billed charges,65% of Billed Charges. Lesser of 100% of billed charges applies.; No services were performed during the 15 month look back period.,2151.4675,65,,,,,0,percent of total billed charges,65% of Billed Charges. Lesser of 100% of billed charges applies.; No services were performed during the 15 month look back period.,934.88,,,,,,,Case Rate,"100% Medicare OPPS FS. ",2151.4675,65,,,,,0,percent of total billed charges,65% of Billed Charges. Lesser of 100% of billed charges applies.; No services were performed during the 15 month look back period.,2151.4675,65,,,,,0,percent of total billed charges,65% of Billed Charges. Lesser of 100% of billed charges applies.; No services were performed during the 15 month look back period.,2151.4675,65,,,,,0,percent of total billed charges,65% of Billed Charges. Lesser of 100% of billed charges applies.; No services were performed during the 15 month look back period.,2151.4675,65,,,,,0,percent of total billed charges,65% of Billed Charges. Lesser of 100% of billed charges applies.; No services were performed during the 15 month look back period.,934.88,,,,,,,Case Rate,"100% Medicare OPPS FS. ",2151.4675,65,,,,,0,percent of total billed charges,65% of Billed Charges. Lesser of 100% of billed charges applies.; No services were performed during the 15 month look back period.,2151.4675,65,,,,,0,percent of total billed charges,65% of Billed Charges. Lesser of 100% of billed charges applies.; No services were performed during the 15 month look back period.,1985.97,60,,,,,0,percent of total billed charges,60 percent of billed charges; No services were performed during the 15 month look back period.,,,,,,,,Fee Schedule,100% of RBRVS. Lesser of 100% of billed charges applies.,33.0995,1,,,,,0,percent of total billed charges,NA. Covered services not payable under Medicaid Fee Schedules default to a payment of 50 percent of charges.; No services were performed during the 15 month look back period.,1009.48,,,,,,,Fee Schedule,225% of NYS APG. Lesser of 100% of billed charges applies.,1009.48,,,,,,,Case Rate,225 Percent of Medicaid APG. Covered services not payable under Medicaid Fee Schedules default to a payment of 87.5 percent of charges.,33.0995,1,,,,,0,percent of total billed charges,NA. Covered services not payable under Medicaid Fee Schedules default to a payment of 50 percent of charges.; No services were performed during the 15 month look back period.,1009.48,,,,,,,Fee Schedule,225% of NYS APG. Lesser of 100% of billed charges applies.,1009.48,,,,,,,Fee Schedule,225% of NYS APG. Lesser of 100% of billed charges applies.,1009.48,,,,,,,Fee Schedule,225% of NYS APG. Lesser of 100% of billed charges applies.,1009.48,,,,,,,Fee Schedule,225% of NYS APG. Lesser of 100% of billed charges applies.,1009.48,,,,,,,Fee Schedule,225% of NYS APG. Lesser of 100% of billed charges applies.,1009.48,,,,,,,Fee Schedule,225% of NYS APG. Lesser of 100% of billed charges applies.,,,,,,,,,"NA. ",,,,,,,,,"NA. ",,,,,,,,,"NA. ",1985.97,60,,,,,0,percent of total billed charges,60 percent of billed charges; No services were performed during the 15 month look back period.,,,,,,,,,"NA. ",934.88,,,,,,,Case Rate,"100% Medicare OPPS FS. ",1654.975,50,,,,,0,percent of total billed charges,50% of Billed Charges. Lesser of 100% of billed charges applies.; No services were performed during the 15 month look back period.,934.88,,,,,,,Case Rate,"100% Medicare OPPS FS. ",934.88,,,,,,,Case Rate,"100% Medicare OPPS FS. ",538.39,,,,,,,Case Rate,"120 Percent of Medicaid APG. Not APG payable, or payable under another fee schedule like ASP/AWP pays at 30% of charges",538.39,,,,,,,Case Rate,"120 Percent of Medicaid APG. Not APG payable, or payable under another fee schedule like ASP/AWP pays at 30% of charges",448.66,,,,,,,Case Rate,"100 Percent of Medicaid APG. Not APG payable, or payable under another fee schedule like ASP/AWP pays at 30% of charges",448.66,,,,,,,Case Rate,"100 Percent of Medicaid APG. Not APG payable, or payable under another fee schedule like ASP/AWP pays at 30% of charges",448.66,,,,,,,Case Rate,"100 Percent of Medicaid APG. ",2416.2635,73,,,,,0,percent of total billed charges,73 percent of billed charges; No services were performed during the 15 month look back period.,1985.97,60,,,,,0,percent of total billed charges,60 percent of billed charges; No services were performed during the 15 month look back period.,2416.2635,73,,,,,0,percent of total billed charges,73 percent of billed charges; No services were performed during the 15 month look back period.,1985.97,60,,,,,0,percent of total billed charges,60 percent of billed charges; No services were performed during the 15 month look back period.,934.88,,,,,,,Case Rate,"100%Medicare OPPS FS. ",934.88,,,,,,,Case Rate,"100% Medicare OPPS FS. ",934.88,,,,,,,Case Rate,"100% Medicare OPPS FS. ",934.88,,,,,,,Case Rate,"100% Medicare OPPS FS. ",934.88,,,,,,,Case Rate,"100%Medicare OPPS FS. ",934.88,,,,,,,Case Rate,"100% Medicare OPPS FS. ",,,,,,,,,"NA. ",1009.48,,,,,,,Fee Schedule,225% of NYS APG. Lesser of 100% of billed charges applies.,,,,,,,,Fee Schedule,"Not payable. ",2151.4675,65,,,,,0,percent of total billed charges,65% of Billed Charges. Lesser of 100% of billed charges applies.; No services were performed during the 15 month look back period.,2416.2635,73,,,,,0,percent of total billed charges,73 percent of billed charges; No services were performed during the 15 month look back period.,2416.2635,73,,,,,0,percent of total billed charges,73 percent of billed charges; No services were performed during the 15 month look back period.,2416.2635,73,,,,,0,percent of total billed charges,73 percent of billed charges; No services were performed during the 15 month look back period.,2416.2635,73,,,,,0,percent of total billed charges,73 percent of billed charges; No services were performed during the 15 month look back period.,934.88,,,,,,,Case Rate,"100% Medicare OPPS FS. ",448.66,,,,,,,Case Rate,"100 Percent of Medicaid APG. ",2151.4675,65,,,,,0,percent of total billed charges,65% of Billed Charges. Lesser of 100% of billed charges applies.; No services were performed during the 15 month look back period.,448.66,,,,,,,Case Rate,"100 Percent of Medicaid APG. ",934.88,,,,,,,Case Rate,"100% Medicare OPPS FS. ",448.66,,,,,,,Case Rate,"100 Percent of Medicaid APG. ",934.88,,,,,,,Case Rate,"100% Medicare OPPS FS. ",934.88,,,,,,,Case Rate,"100% Medicare OPPS FS. ",448.66,,,,,,,Case Rate,"100 Percent of Medicaid APG. ",448.66,,,,,,,Case Rate,"100 Percent of Medicaid APG. ",2416.2635,73,,,,,0,percent of total billed charges,73 percent of billed charges; No services were performed during the 15 month look back period.,1985.97,60,,,,,0,percent of total billed charges,60 percent of billed charges; No services were performed during the 15 month look back period.,2581.761,78,,,,,0,percent of total billed charges,78% of Billed Charges. Lesser of 100% of billed charges applies.; No services were performed during the 15 month look back period.,,,,,,,,Fee Schedule,". ",,,,,,,,Fee Schedule,". ",1985.97,60,,,,,0,percent of total billed charges,60 percent of billed charges; No services were performed during the 15 month look back period.,934.88,,,,,,,Case Rate,"98% of RBRVS. ",2647.96,80,,,,,0,percent of total billed charges,80 percent of billed charges; No services were performed during the 15 month look back period.,2647.96,80,,,,,0,percent of total billed charges,80 percent of billed charges; No services were performed during the 15 month look back period.,1721.174,52,,,,,0,percent of total billed charges,52% of Billed Charges. Lesser of 100% of billed charges applies.; No services were performed during the 15 month look back period.,1721.174,52,,,,,0,percent of total billed charges,52% of Billed Charges. Lesser of 100% of billed charges applies.; No services were performed during the 15 month look back period.,934.88,,,,,,,Case Rate,"100% Medicare OPPS FS. ",934.88,,,,,,,Case Rate,"100% Medicare OPPS FS. ",934.88,,,,,,,Case Rate,"100% Medicare OPPS FS. ",934.88,,,,,,,Case Rate,"100% Medicare OPPS FS. ",,,,,,,,Fee Schedule,". ",2151.4675,65,,,,,0,percent of total billed charges,65% of Billed Charges. Lesser of 100% of billed charges applies.; No services were performed during the 15 month look back period.,2151.4675,65,,,,,0,percent of total billed charges,65% of Billed Charges. Lesser of 100% of billed charges applies.; No services were performed during the 15 month look back period.,934.88,,,,,,,Case Rate,"100% Medicare OPPS FS. ",1721.174,52,,,,,0,percent of total billed charges,52% of Billed Charges. Lesser of 100% of billed charges applies.; No services were performed during the 15 month look back period.,2416.2635,73,,,,,0,percent of total billed charges,73 percent of billed charges; No services were performed during the 15 month look back period.,538.39,,,,,,,Fee Schedule,"120 Percent of Medicaid APG. ",448.66,,,,,,,Case Rate,"100 Percent of Medicaid APG. ",2416.2635,73,,,,,0,percent of total billed charges,73 percent of billed charges; No services were performed during the 15 month look back period.,1952.8705,59,,,,,0,percent of total billed charges,59% of Billed Charges. Lesser of 100% of billed charges applies.; No services were performed during the 15 month look back period.,1952.8705,59,,,,,0,percent of total billed charges,59% of Billed Charges. Lesser of 100% of billed charges applies.; No services were performed during the 15 month look back period.,2151.4675,65,,,,,0,percent of total billed charges,65% of Billed Charges. Lesser of 100% of billed charges applies.; No services were performed during the 15 month look back period.,1654.975,50,,,,,0,percent of total billed charges,50 percent of billed charges; No services were performed during the 15 month look back period.,934.88,,,,,,,Case Rate,"100%Medicare OPPS FS. ",471.09,,,,,,,Fee Schedule,105 percent of Medicaid APG. otherwise 105% of Ordered NYS MCD FS or 105% of ASP+6%,471.09,,,,,,,Fee Schedule,105 percent of Medicaid APG. otherwise 105% of Ordered NYS MCD FS or 105% of ASP+6%,471.09,,,,,,,Fee Schedule,105 percent of Medicaid APG. otherwise 105% of Ordered NYS MCD FS or 105% of ASP+6%,605.69,,,,,,,Fee Schedule,135 percent of Medicaid APG. otherwise 135% of Ordered NYS MCD FS or 135% of ASP+6%,,,,,,,,Fee Schedule,". ",471.09,,,,,,,Fee Schedule,105 percent of Medicaid APG. otherwise 105% of Ordered NYS MCD FS or 105% of ASP+6%,471.09,,,,,,,Fee Schedule,105 percent of Medicaid APG. otherwise 105% of Ordered NYS MCD FS or 105% of ASP+6%,471.09,,,,,,,Fee Schedule,105 percent of Medicaid APG. otherwise 105% of Ordered NYS MCD FS or 105% of ASP+6%,471.09,,,,,,,Fee Schedule,105 percent of Medicaid APG. otherwise 105% of Ordered NYS MCD FS or 105% of ASP+6%,471.09,,,,,,,Fee Schedule,105 percent of Medicaid APG. otherwise 105% of Ordered NYS MCD FS or 105% of ASP+6%,605.69,,,,,,,Fee Schedule,135 percent of Medicaid APG. otherwise 135% of Ordered NYS MCD FS or 135% of ASP+6%,605.69,,,,,,,Fee Schedule,135 percent of Medicaid APG. otherwise 135% of Ordered NYS MCD FS or 135% of ASP+6%,934.88,,,,,,,Case Rate,"100% Medicare OPPS FS. ",,,,,,,,Fee Schedule,". ",934.88,,,,,,,Case Rate,"100% Medicare OPPS FS. ",471.09,,,,,,,Fee Schedule,105 percent of Medicaid APG. otherwise 105% of Ordered NYS MCD FS or 105% of ASP+6%,2151.4675,65,,,,,0,percent of total billed charges,65% of Billed Charges. Lesser of 100% of billed charges applies.; No services were performed during the 15 month look back period.,934.88,,,,,,,Case Rate,"100% Medicare OPPS FS. ",2151.4675,65,,,,,0,percent of total billed charges,65% of Billed Charges. Lesser of 100% of billed charges applies.; No services were performed during the 15 month look back period.,2151.4675,65,,,,,0,percent of total billed charges,65% of Billed Charges. Lesser of 100% of billed charges applies.; No services were performed during the 15 month look back period.,2151.4675,65,,,,,0,percent of total billed charges,65% of Billed Charges. Lesser of 100% of billed charges applies.; No services were performed during the 15 month look back period.,471.09,,,,,,,Fee Schedule,105 percent of Medicaid APG. otherwise 105% of Ordered NYS MCD FS or 105% of ASP+6%,934.88,,,,,,,Case Rate,"100% Medicare OPPS FS. ",2151.4675,65,,,,,0,percent of total billed charges,65% of Billed Charges. Lesser of 100% of billed charges applies.; No services were performed during the 15 month look back period.,605.69,,,,,,,Fee Schedule,135 percent of Medicaid APG. otherwise 135% of Ordered NYS MCD FS or 135% of ASP+6%,2151.4675,65,,,,,0,percent of total billed charges,65% of Billed Charges. Lesser of 100% of billed charges applies.; No services were performed during the 15 month look back period.,1402.32,,,,,,,Case Rate,"150% of Medicare OPPS. ",934.88,,,,,,,Case Rate,"100%Medicare OPPS FS. ",2416.2635,73,,,,,0,percent of total billed charges,73 percent of billed charges; No services were performed during the 15 month look back period.,2416.2635,73,,,,,0,percent of total billed charges,73 percent of billed charges; No services were performed during the 15 month look back period.,2416.2635,73,,,,,0,percent of total billed charges,73 percent of billed charges; No services were performed during the 15 month look back period.,2416.2635,73,,,,,0,percent of total billed charges,73 percent of billed charges; No services were performed during the 15 month look back period.,2416.2635,73,,,,,0,percent of total billed charges,73 percent of billed charges; No services were performed during the 15 month look back period.,2416.2635,73,,,,,0,percent of total billed charges,73 percent of billed charges; No services were performed during the 15 month look back period.,2416.2635,73,,,,,0,percent of total billed charges,73 percent of billed charges; No services were performed during the 15 month look back period.,2416.2635,73,,,,,0,percent of total billed charges,73 percent of billed charges; No services were performed during the 15 month look back period.,2416.2635,73,,,,,0,percent of total billed charges,73 percent of billed charges; No services were performed during the 15 month look back period.,2416.2635,73,,,,,0,percent of total billed charges,73 percent of billed charges; No services were performed during the 15 month look back period.,2416.2635,73,,,,,0,percent of total billed charges,73 percent of billed charges; No services were performed during the 15 month look back period.,2416.2635,73,,,,,0,percent of total billed charges,73 percent of billed charges; No services were performed during the 15 month look back period.,934.88,,,,,,,Case Rate,"100% Medicare OPPS FS. ",2416.2635,73,,,,,0,percent of total billed charges,73 percent of billed charges; No services were performed during the 15 month look back period.,934.88,,,,,,,Case Rate,"100% Medicare OPPS FS. ",1009.48,,,,,,,Case Rate,"225 Percent of Medicaid APG. If not included in Medicaid APG, then 100 Percent of Manhattan Medicare",448.66,,,,,,,Case Rate,"100 Percent of Medicaid APG. ",,,,,,,,Fee Schedule,". ",,,,,,,,Fee Schedule,". ",934.88,,,,,,,Case Rate,"100% Medicare OPPS FS. ",2647.96,80,,,,,0,percent of total billed charges,80 percent of billed charges; No services were performed during the 15 month look back period.,934.88,,,,,,,Case Rate,"100% Medicare OPPS FS. ",934.88,,,,,,,Case Rate,"100% Medicare OPPS FS. ",1985.97,60,,,,,0,percent of total billed charges,60 percent of billed charges; No services were performed during the 15 month look back period.,934.88,,,,,,,Case Rate,"100% Medicare OPPS FS. ",1985.97,60,,,,,0,percent of total billed charges,60 percent of billed charges; No services were performed during the 15 month look back period.,934.88,,,,,,,Case Rate,"100% Medicare OPPS FS. ",1985.97,60,,,,,0,percent of total billed charges,60 percent of billed charges; No services were performed during the 15 month look back period.,1985.97,60,,,,,0,percent of total billed charges,60 percent of billed charges; No services were performed during the 15 month look back period.,1985.97,60,,,,,0,percent of total billed charges,60 percent of billed charges; No services were performed during the 15 month look back period.,934.88,,,,,,,Case Rate,"100% Medicare OPPS FS. ",448.66,,,,,,,Case Rate,"100 Percent of Medicaid APG. ",934.88,,,,,,,Case Rate,"100% Medicare OPPS FS. ",1985.97,60,,,,,0,percent of total billed charges,60 percent of billed charges; No services were performed during the 15 month look back period.,,,,,,,,Fee Schedule,". ",448.66,,,,,,,Case Rate,"100 Percent of Medicaid APG. ",2151.4675,65,,,,,0,percent of total billed charges,65% of Billed Charges. Lesser of 100% of billed charges applies.; No services were performed during the 15 month look back period.,538.39,,,,,,,Fee Schedule,"120 Percent of Medicaid APG. ",538.39,,,,,,,Fee Schedule,"120 Percent of Medicaid APG. ",2151.4675,65,,,,,0,percent of total billed charges,65% of Billed Charges. Lesser of 100% of billed charges applies.; No services were performed during the 15 month look back period.,2151.4675,65,,,,,0,percent of total billed charges,65% of Billed Charges. Lesser of 100% of billed charges applies.; No services were performed during the 15 month look back period.,2151.4675,65,,,,,0,percent of total billed charges,65% of Billed Charges. Lesser of 100% of billed charges applies.; No services were performed during the 15 month look back period.,,,,,,,,Fee Schedule,". ",2151.4675,65,,,,,0,percent of total billed charges,65% of Billed Charges. Lesser of 100% of billed charges applies.; No services were performed during the 15 month look back period.,2151.4675,65,,,,,0,percent of total billed charges,65% of Billed Charges. Lesser of 100% of billed charges applies.; No services were performed during the 15 month look back period.,2151.4675,65,,,,,0,percent of total billed charges,65% of Billed Charges. Lesser of 100% of billed charges applies.; No services were performed during the 15 month look back period.,2416.2635,73,,,,,0,percent of total billed charges,73 percent of billed charges; No services were performed during the 15 month look back period.,2416.2635,73,,,,,0,percent of total billed charges,73 percent of billed charges; No services were performed during the 15 month look back period.,1851.06,,,,,,,Case Rate,198 Percent of Medicare OPPS. Metroplus will reimburse unlisted codes and described codes with no Medicare rate at 50 percent of charges.,448.66,,,,,,,Case Rate,"100 Percent of Medicaid APG. ",,,,,,,,Fee Schedule,". ",1985.97,60,,,,,0,percent of total billed charges,60 percent of billed charges; No services were performed during the 15 month look back period.,1985.97,60,,,,,0,percent of total billed charges,60 percent of billed charges; No services were performed during the 15 month look back period.,,,,,,,,Fee Schedule,". ",1985.97,60,,,,,0,percent of total billed charges,60 percent of billed charges; No services were performed during the 15 month look back period.,,,,,,,,Fee Schedule,". ",2151.4675,65,,,,,0,percent of total billed charges,65% of Billed Charges. Lesser of 100% of billed charges applies.; No services were performed during the 15 month look back period.,2151.4675,65,,,,,0,percent of total billed charges,65% of Billed Charges. Lesser of 100% of billed charges applies.; No services were performed during the 15 month look back period.,2151.4675,65,,,,,0,percent of total billed charges,65% of Billed Charges. Lesser of 100% of billed charges applies.; No services were performed during the 15 month look back period.,2151.4675,65,,,,,0,percent of total billed charges,65% of Billed Charges. Lesser of 100% of billed charges applies.; No services were performed during the 15 month look back period.,934.88,,,,,,,Case Rate,"100% Medicare OPPS FS. ",33.0995,3975,
C9174,HCPCS,5010003,LOCAL,636,RC,"DATOPOTAMAB DERUXTECAN, 1 MG",634.7628,120.604932,Inpatient,EA,1,,,,,,,,,,,,,,,,,,,,190.42884,30,,,,,0,percent of total billed charges,30 Percent of charges; No services were performed during the 15 month look back period.,634.7628,100,,,,,0,percent of total billed charges,100 percent of charges; No services were performed during the 15 month look back period.,,,,,,,,,,190.42884,30,,,,,0,percent of total billed charges,30 Percent of charges; No services were performed during the 15 month look back period.,190.42884,30,,,,,0,percent of total billed charges,30 Percent of charges; No services were performed during the 15 month look back period.,190.42884,30,,,,,0,percent of total billed charges,30 Percent of charges; No services were performed during the 15 month look back period.,63.47628,10,,,,,0,percent of total billed charges,10 percent of charges; No services were performed during the 15 month look back period.,,,,,,,,,,463.376844,73,,,,,0,percent of total billed charges,73 percent of charges; No services were performed during the 15 month look back period.,63.47628,10,,,,,0,percent of total billed charges,10 percent of charges; No services were performed during the 15 month look back period.,,,,,,,,,,,,,,,,,,,203.124096,32,,,,,0,percent of total billed charges,32 pecent of charges; No services were performed during the 15 month look back period.,203.124096,32,,,,,0,percent of total billed charges,32 pecent of charges; No services were performed during the 15 month look back period.,203.124096,32,,,,,0,percent of total billed charges,32 pecent of charges; No services were performed during the 15 month look back period.,203.124096,32,,,,,0,percent of total billed charges,32 pecent of charges; No services were performed during the 15 month look back period.,,,,,,,,,,,,,,,,,,,,,,,,,,,,463.376844,73,,,,,0,percent of total billed charges,73 percent of charges; No services were performed during the 15 month look back period.,190.42884,30,,,,,0,percent of total billed charges,30 Percent of charges; No services were performed during the 15 month look back period.,253.90512,40,,,,,0,percent of total billed charges,40 percent of charges; No services were performed during the 15 month look back period.,184.081212,29,,,,,0,percent of total billed charges,29 percent of charges; No services were performed during the 15 month look back period.,253.90512,40,,,,,0,percent of total billed charges,40 percent of charges; No services were performed during the 15 month look back period.,253.90512,40,,,,,0,percent of total billed charges,40 percent of charges; No services were performed during the 15 month look back period.,463.376844,73,,,,,0,percent of total billed charges,73 percent of charges; No services were performed during the 15 month look back period.,,,,,,,,,,,,,,,,,,,,,,,,,,,,,,,,,,,,,184.081212,29,,,,,0,percent of total billed charges,29 percent of charges; No services were performed during the 15 month look back period.,184.081212,29,,,,,0,percent of total billed charges,29 percent of charges; No services were performed during the 15 month look back period.,184.081212,29,,,,,0,percent of total billed charges,29 percent of charges; No services were performed during the 15 month look back period.,184.081212,29,,,,,0,percent of total billed charges,29 percent of charges; No services were performed during the 15 month look back period.,184.081212,29,,,,,0,percent of total billed charges,29 percent of charges; No services were performed during the 15 month look back period.,184.081212,29,,,,,0,percent of total billed charges,29 percent of charges; No services were performed during the 15 month look back period.,184.081212,29,,,,,0,percent of total billed charges,29 percent of charges; No services were performed during the 15 month look back period.,463.376844,73,,,,,0,percent of total billed charges,73 percent of charges; No services were performed during the 15 month look back period.,82.519164,13,,,,,0,percent of total billed charges,13 percent of charges; No services were performed during the 15 month look back period.,82.519164,13,,,,,0,percent of total billed charges,13 percent of charges; No services were performed during the 15 month look back period.,463.376844,73,,,,,0,percent of total billed charges,73 percent of charges; No services were performed during the 15 month look back period.,203.124096,32,,,,,0,percent of total billed charges,32 pecent of charges; No services were performed during the 15 month look back period.,63.47628,10,,,,,0,percent of total billed charges,10 percent of charges; No services were performed during the 15 month look back period.,63.47628,10,,,,,0,percent of total billed charges,10 percent of charges; No services were performed during the 15 month look back period.,463.376844,73,,,,,0,percent of total billed charges,73 percent of charges; No services were performed during the 15 month look back period.,,,,,,,,,,63.47628,10,,,,,0,percent of total billed charges,10 percent of charges; No services were performed during the 15 month look back period.,63.47628,10,,,,,0,percent of total billed charges,10 percent of charges; No services were performed during the 15 month look back period.,63.47628,10,,,,,0,percent of total billed charges,10 percent of charges; No services were performed during the 15 month look back period.,,,,,,,,,,63.47628,10,,,,,0,percent of total billed charges,10 percent of charges; No services were performed during the 15 month look back period.,63.47628,10,,,,,0,percent of total billed charges,10 percent of charges; No services were performed during the 15 month look back period.,,,,,,,,,,152.343072,24,,,,,0,percent of total billed charges,24 percent of charges; No services were performed during the 15 month look back period.,,,,,,,,,,,,,,,,,,,,,,,,,,,,,,,,,,,,,,,,,,,,,,,,,,,,,,,,,,,,,,,,,,,,,,,,,,,,,,,,,,463.376844,73,,,,,0,percent of total billed charges,73 percent of charges; No services were performed during the 15 month look back period.,463.376844,73,,,,,0,percent of total billed charges,73 percent of charges; No services were performed during the 15 month look back period.,463.376844,73,,,,,0,percent of total billed charges,73 percent of charges; No services were performed during the 15 month look back period.,463.376844,73,,,,,0,percent of total billed charges,73 percent of charges; No services were performed during the 15 month look back period.,463.376844,73,,,,,0,percent of total billed charges,73 percent of charges; No services were performed during the 15 month look back period.,463.376844,73,,,,,0,percent of total billed charges,73 percent of charges; No services were performed during the 15 month look back period.,463.376844,73,,,,,0,percent of total billed charges,73 percent of charges; No services were performed during the 15 month look back period.,463.376844,73,,,,,0,percent of total billed charges,73 percent of charges; No services were performed during the 15 month look back period.,463.376844,73,,,,,0,percent of total billed charges,73 percent of charges; No services were performed during the 15 month look back period.,463.376844,73,,,,,0,percent of total billed charges,73 percent of charges; No services were performed during the 15 month look back period.,463.376844,73,,,,,0,percent of total billed charges,73 percent of charges; No services were performed during the 15 month look back period.,463.376844,73,,,,,0,percent of total billed charges,73 percent of charges; No services were performed during the 15 month look back period.,463.376844,73,,,,,0,percent of total billed charges,73 percent of charges; No services were performed during the 15 month look back period.,463.376844,73,,,,,0,percent of total billed charges,73 percent of charges; No services were performed during the 15 month look back period.,463.376844,73,,,,,0,percent of total billed charges,73 percent of charges; No services were performed during the 15 month look back period.,463.376844,73,,,,,0,percent of total billed charges,73 percent of charges; No services were performed during the 15 month look back period.,463.376844,73,,,,,0,percent of total billed charges,73 percent of charges; No services were performed during the 15 month look back period.,463.376844,73,,,,,0,percent of total billed charges,73 percent of charges; No services were performed during the 15 month look back period.,463.376844,73,,,,,0,percent of total billed charges,73 percent of charges; No services were performed during the 15 month look back period.,463.376844,73,,,,,0,percent of total billed charges,73 percent of charges; No services were performed during the 15 month look back period.,463.376844,73,,,,,0,percent of total billed charges,73 percent of charges; No services were performed during the 15 month look back period.,463.376844,73,,,,,0,percent of total billed charges,73 percent of charges; No services were performed during the 15 month look back period.,463.376844,73,,,,,0,percent of total billed charges,73 percent of charges; No services were performed during the 15 month look back period.,463.376844,73,,,,,0,percent of total billed charges,73 percent of charges; No services were performed during the 15 month look back period.,463.376844,73,,,,,0,percent of total billed charges,73 percent of charges; No services were performed during the 15 month look back period.,463.376844,73,,,,,0,percent of total billed charges,73 percent of charges; No services were performed during the 15 month look back period.,184.081212,29,,,,,0,percent of total billed charges,29 percent of charges; No services were performed during the 15 month look back period.,184.081212,29,,,,,0,percent of total billed charges,29 percent of charges; No services were performed during the 15 month look back period.,184.081212,29,,,,,0,percent of total billed charges,29 percent of charges; No services were performed during the 15 month look back period.,184.081212,29,,,,,0,percent of total billed charges,29 percent of charges; No services were performed during the 15 month look back period.,253.90512,40,,,,,0,percent of total billed charges,40 percent of charges; No services were performed during the 15 month look back period.,253.90512,40,,,,,0,percent of total billed charges,40 percent of charges; No services were performed during the 15 month look back period.,203.124096,32,,,,,0,percent of total billed charges,32 pecent of charges; No services were performed during the 15 month look back period.,,,,,,,,,,63.47628,10,,,,,0,percent of total billed charges,10 percent of charges; No services were performed during the 15 month look back period.,,,,,,,,,,463.376844,73,,,,,0,percent of total billed charges,73 percent of charges; No services were performed during the 15 month look back period.,253.90512,40,,,,,0,percent of total billed charges,40 percent of charges; No services were performed during the 15 month look back period.,,,,,,,,,,63.47628,10,,,,,0,percent of total billed charges,10 percent of charges; No services were performed during the 15 month look back period.,203.124096,32,,,,,0,percent of total billed charges,32 pecent of charges; No services were performed during the 15 month look back period.,,,,,,,,,,463.376844,73,,,,,0,percent of total billed charges,73 percent of charges; No services were performed during the 15 month look back period.,,,,,,,,,,184.081212,29,,,,,0,percent of total billed charges,29 percent of charges; No services were performed during the 15 month look back period.,184.081212,29,,,,,0,percent of total billed charges,29 percent of charges; No services were performed during the 15 month look back period.,184.081212,29,,,,,0,percent of total billed charges,29 percent of charges; No services were performed during the 15 month look back period.,,,,,,,,,,152.343072,24,,,,,0,percent of total billed charges,24 percent of charges; No services were performed during the 15 month look back period.,,,,,,,,,,,,,,,,,,,,,,,,,,,,,,,,,,,,,,,,,,,,,,190.42884,30,,,,,0,percent of total billed charges,30 Percent of charges; No services were performed during the 15 month look back period.,190.42884,30,,,,,0,percent of total billed charges,30 Percent of charges; No services were performed during the 15 month look back period.,,,,,,,,,,203.124096,32,,,,,0,percent of total billed charges,32 pecent of charges; No services were performed during the 15 month look back period.,63.47628,10,,,,,0,percent of total billed charges,10 percent of charges; No services were performed during the 15 month look back period.,63.47628,10,,,,,0,percent of total billed charges,10 percent of charges; No services were performed during the 15 month look back period.,,,,,,,,,,203.124096,32,,,,,0,percent of total billed charges,32 pecent of charges; No services were performed during the 15 month look back period.,190.42884,30,,,,,0,percent of total billed charges,30 Percent of charges; No services were performed during the 15 month look back period.,190.42884,30,,,,,0,percent of total billed charges,30 Percent of charges; No services were performed during the 15 month look back period.,190.42884,30,,,,,0,percent of total billed charges,30 Percent of charges; No services were performed during the 15 month look back period.,463.376844,73,,,,,0,percent of total billed charges,73 percent of charges; No services were performed during the 15 month look back period.,463.376844,73,,,,,0,percent of total billed charges,73 percent of charges; No services were performed during the 15 month look back period.,463.376844,73,,,,,0,percent of total billed charges,73 percent of charges; No services were performed during the 15 month look back period.,463.376844,73,,,,,0,percent of total billed charges,73 percent of charges; No services were performed during the 15 month look back period.,463.376844,73,,,,,0,percent of total billed charges,73 percent of charges; No services were performed during the 15 month look back period.,463.376844,73,,,,,0,percent of total billed charges,73 percent of charges; No services were performed during the 15 month look back period.,463.376844,73,,,,,0,percent of total billed charges,73 percent of charges; No services were performed during the 15 month look back period.,463.376844,73,,,,,0,percent of total billed charges,73 percent of charges; No services were performed during the 15 month look back period.,463.376844,73,,,,,0,percent of total billed charges,73 percent of charges; No services were performed during the 15 month look back period.,463.376844,73,,,,,0,percent of total billed charges,73 percent of charges; No services were performed during the 15 month look back period.,463.376844,73,,,,,0,percent of total billed charges,73 percent of charges; No services were performed during the 15 month look back period.,253.90512,40,,,,,0,percent of total billed charges,40 percent of charges; No services were performed during the 15 month look back period.,,,,,,,,,,203.124096,32,,,,,0,percent of total billed charges,32 pecent of charges; No services were performed during the 15 month look back period.,,,,,,,,,,190.42884,30,,,,,0,percent of total billed charges,30 Percent of charges; No services were performed during the 15 month look back period.,203.124096,32,,,,,0,percent of total billed charges,32 pecent of charges; No services were performed during the 15 month look back period.,203.124096,32,,,,,0,percent of total billed charges,32 pecent of charges; No services were performed during the 15 month look back period.,463.376844,73,,,,,0,percent of total billed charges,73 percent of charges; No services were performed during the 15 month look back period.,126.95256,20,,,,,0,percent of total billed charges,20 percent of charges; No services were performed during the 15 month look back period.,203.124096,32,,,,,0,percent of total billed charges,32 pecent of charges; No services were performed during the 15 month look back period.,,,,,,,,,,,,,,,,,,,,,,,,,,,,,,,,,,,,,,,,,,,,,,,,,,,,,,,,,,,,,,,,203.124096,32,,,,,0,percent of total billed charges,32 pecent of charges; No services were performed during the 15 month look back period.,152.343072,24,,,,,0,percent of total billed charges,24 percent of charges; No services were performed during the 15 month look back period.,,,,,,,,,,,,,,,,,,,,,,,,,,,,,,,,,,,,,,,,,,,,,,,,,,,,,,,152.343072,24,,,,,0,percent of total billed charges,24 percent of charges; No services were performed during the 15 month look back period.,196.776468,31,,,,,0,percent of total billed charges,31 percent of charges; No services were performed during the 15 month look back period.,196.776468,31,,,,,0,percent of total billed charges,31 percent of charges; No services were performed during the 15 month look back period.,196.776468,31,,,,,0,percent of total billed charges,31 percent of charges; No services were performed during the 15 month look back period.,196.776468,31,,,,,0,percent of total billed charges,31 percent of charges; No services were performed during the 15 month look back period.,196.776468,31,,,,,0,percent of total billed charges,31 percent of charges; No services were performed during the 15 month look back period.,,,,,,,,,,253.90512,40,,,,,0,percent of total billed charges,40 percent of charges; No services were performed during the 15 month look back period.,253.90512,40,,,,,0,percent of total billed charges,40 percent of charges; No services were performed during the 15 month look back period.,253.90512,40,,,,,0,percent of total billed charges,40 percent of charges; No services were performed during the 15 month look back period.,253.90512,40,,,,,0,percent of total billed charges,40 percent of charges; No services were performed during the 15 month look back period.,190.42884,30,,,,,0,percent of total billed charges,30 Percent of charges; No services were performed during the 15 month look back period.,190.42884,30,,,,,0,percent of total billed charges,30 Percent of charges; No services were performed during the 15 month look back period.,190.42884,30,,,,,0,percent of total billed charges,30 Percent of charges; No services were performed during the 15 month look back period.,190.42884,30,,,,,0,percent of total billed charges,30 Percent of charges; No services were performed during the 15 month look back period.,152.343072,24,,,,,0,percent of total billed charges,24 percent of charges; No services were performed during the 15 month look back period.,152.343072,24,,,,,0,percent of total billed charges,24 percent of charges; No services were performed during the 15 month look back period.,,,,,,,,,,,,,,,,,,,,,,,,,,,,,,,,,,,,,,,,,,,,,,,,,,,,,,,152.343072,24,,,,,0,percent of total billed charges,24 percent of charges; No services were performed during the 15 month look back period.,190.42884,30,,,,,0,percent of total billed charges,30 Percent of charges; No services were performed during the 15 month look back period.,,,,,,,,,,,,,,,,,,,,,,,,,,,,,,,,,,,,,,,,,,,,,,,,,,,,,,,,,,,,,,,,,,,,,,,,,,,,,,,,,,,,,,,,,,,,,,,,,,,,,,,,,,,,,,,,,,,,,,,,,,,,,,,,,,,,,,,,,,,,,,,,,,,,,,,,,,,,,,,,,,,,,,,,,,,,,,,,,,,,,,,,,,,,,,,,,,,,,,,190.42884,30,,,,,0,percent of total billed charges,30 Percent of charges; No services were performed during the 15 month look back period.,,,,,,,,,,,,,,,,,,,,,,,,,,,,,,,,,,,,,,,,,,,,,,,,,,,,,,,,,,,,,,,,63.47628,10,,,,,0,percent of total billed charges,10 percent of charges; No services were performed during the 15 month look back period.,63.47628,10,,,,,0,percent of total billed charges,10 percent of charges; No services were performed during the 15 month look back period.,63.47628,10,,,,,0,percent of total billed charges,10 percent of charges; No services were performed during the 15 month look back period.,63.47628,10,,,,,0,percent of total billed charges,10 percent of charges; No services were performed during the 15 month look back period.,,,,,,,,,,152.343072,24,,,,,0,percent of total billed charges,24 percent of charges; No services were performed during the 15 month look back period.,184.081212,29,,,,,0,percent of total billed charges,29 percent of charges; No services were performed during the 15 month look back period.,184.081212,29,,,,,0,percent of total billed charges,29 percent of charges; No services were performed during the 15 month look back period.,184.081212,29,,,,,0,percent of total billed charges,29 percent of charges; No services were performed during the 15 month look back period.,184.081212,29,,,,,0,percent of total billed charges,29 percent of charges; No services were performed during the 15 month look back period.,,,,,,,,,,,,,,,,,,,,,,,,,,,,,,,,,,,,,,,,,,,,,,,,,,,,,,,,,,,,,,,,,,,,,,,,,,,,,,,,,,,,,,,,,,,190.42884,30,,,,,0,percent of total billed charges,30 Percent of charges; No services were performed during the 15 month look back period.,,,,,,,,,,,,,,,,,,,,,,,,,,,,,,,,,,,,,,,,,,,,,,,,,,,,,,,,,,,,,,,,,,,,,,,,,,,,,,,,,,,,,,,,,,,,,,,,,,,,,,,,,,,,,,,,,,,,,,,,,,,,,,,203.124096,32,,,,,0,percent of total billed charges,32 pecent of charges; No services were performed during the 15 month look back period.,,,,,,,,,,,,,,,,,,,,,,,,,,,,,,,,,,,,,,,,,,,,,,184.081212,29,,,,,0,percent of total billed charges,29 percent of charges; No services were performed during the 15 month look back period.,184.081212,29,,,,,0,percent of total billed charges,29 percent of charges; No services were performed during the 15 month look back period.,184.081212,29,,,,,0,percent of total billed charges,29 percent of charges; No services were performed during the 15 month look back period.,184.081212,29,,,,,0,percent of total billed charges,29 percent of charges; No services were performed during the 15 month look back period.,,,,,,,,,,184.081212,29,,,,,0,percent of total billed charges,29 percent of charges; No services were performed during the 15 month look back period.,190.42884,30,,,,,0,percent of total billed charges,30 Percent of charges; No services were performed during the 15 month look back period.,184.081212,29,,,,,0,percent of total billed charges,29 percent of charges; No services were performed during the 15 month look back period.,203.124096,32,,,,,0,percent of total billed charges,32 pecent of charges; No services were performed during the 15 month look back period.,184.081212,29,,,,,0,percent of total billed charges,29 percent of charges; No services were performed during the 15 month look back period.,,,,,,,,,,,,,,,,,,,,,,,,,,,,184.081212,29,,,,,0,percent of total billed charges,29 percent of charges; No services were performed during the 15 month look back period.,,,,,,,,,,,,,,,,,,,,,,,,,,,,,,,,,,,,,,,,,,,,,,184.081212,29,,,,,0,percent of total billed charges,29 percent of charges; No services were performed during the 15 month look back period.,184.081212,29,,,,,0,percent of total billed charges,29 percent of charges; No services were performed during the 15 month look back period.,184.081212,29,,,,,0,percent of total billed charges,29 percent of charges; No services were performed during the 15 month look back period.,184.081212,29,,,,,0,percent of total billed charges,29 percent of charges; No services were performed during the 15 month look back period.,,,,,,,,,,,,,,,,,,,,,,,,,,,,,,,,,,,,,,,,,,,,,,,,,,,,,,,,,,,,,,,,,,,,,,,,,,,,,,,,,,,,,,,,,,,184.081212,29,,,,,0,percent of total billed charges,29 percent of charges; No services were performed during the 15 month look back period.,203.124096,32,,,,,0,percent of total billed charges,32 pecent of charges; No services were performed during the 15 month look back period.,463.376844,73,,,,,0,percent of total billed charges,73 percent of charges; No services were performed during the 15 month look back period.,63.47628,10,,,,,0,percent of total billed charges,10 percent of charges; No services were performed during the 15 month look back period.,63.47628,10,,,,,0,percent of total billed charges,10 percent of charges; No services were performed during the 15 month look back period.,190.42884,30,,,,,0,percent of total billed charges,30 Percent of charges; No services were performed during the 15 month look back period.,,,,,,,,,,253.90512,40,,,,,0,percent of total billed charges,40 percent of charges; No services were performed during the 15 month look back period.,253.90512,40,,,,,0,percent of total billed charges,40 percent of charges; No services were performed during the 15 month look back period.,,,,,,,,,,,,,,,,,,,,,,,,,,,,,,,,,,,,,,,,,,,,,,,,,,,,,,,63.47628,10,,,,,0,percent of total billed charges,10 percent of charges; No services were performed during the 15 month look back period.,,,,,,,,,,,,,,,,,,,,,,,,,,,,,,,,,,,,,184.081212,29,,,,,0,percent of total billed charges,29 percent of charges; No services were performed during the 15 month look back period.,,,,,,,,,,,,,,,,,,,184.081212,29,,,,,0,percent of total billed charges,29 percent of charges; No services were performed during the 15 month look back period.,,,,,,,,,,,,,,,,,,,,,,,,,,,,152.343072,24,,,,,0,percent of total billed charges,24 percent of charges; No services were performed during the 15 month look back period.,184.081212,29,,,,,0,percent of total billed charges,29 percent of charges; No services were performed during the 15 month look back period.,,,,,,,,,,,,,,,,,,,,,,,,,,,,,,,,,,,,,63.47628,10,,,,,0,percent of total billed charges,10 percent of charges; No services were performed during the 15 month look back period.,,,,,,,,,,,,,,,,,,,,,,,,,,,,,,,,,,,,,,,,,,,,,,,,,,,,,,,,,,,,,,,,,,,,,,,,,63.47628,10,,,,,0,percent of total billed charges,10 percent of charges; No services were performed during the 15 month look back period.,,,,,,,,,,,,,,,,,,,,,,,,,,,,,,,,,,,,,,,,,,,,,,,,,,,,,,,,,,,,,,,,,,,,,,,,,,,,,,,,,,,,,,,,,,,,,,,,,,,,,,,,,,,,,,,,,,,,,,184.081212,29,,,,,0,percent of total billed charges,29 percent of charges; No services were performed during the 15 month look back period.,184.081212,29,,,,,0,percent of total billed charges,29 percent of charges; No services were performed during the 15 month look back period.,184.081212,29,,,,,0,percent of total billed charges,29 percent of charges; No services were performed during the 15 month look back period.,184.081212,29,,,,,0,percent of total billed charges,29 percent of charges; No services were performed during the 15 month look back period.,184.081212,29,,,,,0,percent of total billed charges,29 percent of charges; No services were performed during the 15 month look back period.,184.081212,29,,,,,0,percent of total billed charges,29 percent of charges; No services were performed during the 15 month look back period.,184.081212,29,,,,,0,percent of total billed charges,29 percent of charges; No services were performed during the 15 month look back period.,184.081212,29,,,,,0,percent of total billed charges,29 percent of charges; No services were performed during the 15 month look back period.,184.081212,29,,,,,0,percent of total billed charges,29 percent of charges; No services were performed during the 15 month look back period.,184.081212,29,,,,,0,percent of total billed charges,29 percent of charges; No services were performed during the 15 month look back period.,184.081212,29,,,,,0,percent of total billed charges,29 percent of charges; No services were performed during the 15 month look back period.,184.081212,29,,,,,0,percent of total billed charges,29 percent of charges; No services were performed during the 15 month look back period.,184.081212,29,,,,,0,percent of total billed charges,29 percent of charges; No services were performed during the 15 month look back period.,,,,,,,,,,184.081212,29,,,,,0,percent of total billed charges,29 percent of charges; No services were performed during the 15 month look back period.,,,,,,,,,,120.604932,19,,,,,0,percent of total billed charges,19 percent of charges; No services were performed during the 15 month look back period.,82.519164,13,,,,,0,percent of total billed charges,13 percent of charges; No services were performed during the 15 month look back period.,63.47628,10,,,,,0,percent of total billed charges,10 percent of charges; No services were performed during the 15 month look back period.,63.47628,10,,,,,0,percent of total billed charges,10 percent of charges; No services were performed during the 15 month look back period.,,,,,,,,,,253.90512,40,,,,,0,percent of total billed charges,40 percent of charges; No services were performed during the 15 month look back period.,,,,,,,,,,,,,,,,,,,190.42884,30,,,,,0,percent of total billed charges,30 Percent of charges; No services were performed during the 15 month look back period.,,,,,,,,,,203.124096,32,,,,,0,percent of total billed charges,32 pecent of charges; No services were performed during the 15 month look back period.,,,,,,,,,,203.124096,32,,,,,0,percent of total billed charges,32 pecent of charges; No services were performed during the 15 month look back period.,190.42884,30,,,,,0,percent of total billed charges,30 Percent of charges; No services were performed during the 15 month look back period.,203.124096,32,,,,,0,percent of total billed charges,32 pecent of charges; No services were performed during the 15 month look back period.,,,,,,,,,,,,,,,,,,,,,,,,,,,,203.124096,32,,,,,0,percent of total billed charges,32 pecent of charges; No services were performed during the 15 month look back period.,63.47628,10,,,,,0,percent of total billed charges,10 percent of charges; No services were performed during the 15 month look back period.,,,,,,,,,,,,,,,,,,,,,,,,,,,,,,,,,,,,,,,,,,,,,,,,,,,,,,,,,,,,,,,,63.47628,10,,,,,0,percent of total billed charges,10 percent of charges; No services were performed during the 15 month look back period.,,,,,,,,,,,,,,,,,,,,,,,,,,,,184.081212,29,,,,,0,percent of total billed charges,29 percent of charges; No services were performed during the 15 month look back period.,184.081212,29,,,,,0,percent of total billed charges,29 percent of charges; No services were performed during the 15 month look back period.,196.776468,31,,,,,0,percent of total billed charges,31 percent of charges; No services were performed during the 15 month look back period.,,,,,,,,,,63.47628,10,,,,,0,percent of total billed charges,10 percent of charges; No services were performed during the 15 month look back period.,203.124096,32,,,,,0,percent of total billed charges,32 pecent of charges; No services were performed during the 15 month look back period.,190.42884,30,,,,,0,percent of total billed charges,30 Percent of charges; No services were performed during the 15 month look back period.,63.47628,10,,,,,0,percent of total billed charges,10 percent of charges; No services were performed during the 15 month look back period.,190.42884,30,,,,,0,percent of total billed charges,30 Percent of charges; No services were performed during the 15 month look back period.,63.47628,10,,,,,0,percent of total billed charges,10 percent of charges; No services were performed during the 15 month look back period.,,,,,,,,,,,,,,,,,,,,,,,,,,,,,,,,,,,,,,,,,,,,,,63.47628,634.7628,
C9600,HCPCS,,,490,RC,PERC DRUG-EL COR STENT SING,,,both,,,,19469,,,,,,,Case Rate,". All add ons apply, and lesser of 100% of billed charges",19469,,,,,,,Case Rate,". All add ons apply, and lesser of 100% of billed charges",49978,,,,,,,Case Rate,". Primary procedure pays at 100%, secondary at 50%, all subsequent at 25%.  Lesser of applies when negotiated rates exceed charges less addons.",,100,,,,,0,percent of total billed charges,100 percent of billed charges. ; No services were performed during the 15 month look back period.,13419.3,,,,,,,Case Rate,"100% Medicare OPPS FS. ",49978,,,,,,,Case Rate,". Primary procedure pays at 100%, secondary at 50%, all subsequent at 25%.  Lesser of applies when negotiated rates exceed charges less addons.",49978,,,,,,,Case Rate,". Primary procedure pays at 100%, secondary at 50%, all subsequent at 25%.  Lesser of applies when negotiated rates exceed charges less addons.",49978,,,,,,,Case Rate,". Primary procedure pays at 100%, secondary at 50%, all subsequent at 25%.  Lesser of applies when negotiated rates exceed charges less addons.",3873.53,,,,,,,Case Rate,"100 Percent of Medicaid APG. ",3227.94,,,,,,,Case Rate,"100 Percent of Medicaid APG. ",,78,,,,,0,percent of total billed charges,78% of Billed Charges. Lesser of 100% of billed charges applies.; No services were performed during the 15 month look back period.,20884.09,,,,,,,Case Rate,". MPL 100/50/25% all add ons apply, and lesser of 100% of billed charges",3227.94,,,,,,,Case Rate,"100 Percent of Medicaid APG. ",13419.3,,,,,,,Case Rate,"100% Medicare OPPS FS. ",45917,,,,,,,Case Rate,". MPL 100/50/25% maxmium of 3 procedures. All add ons apply, and lesser of 100% of billed charges",45917,,,,,,,Case Rate,". MPL 100/50/25% maxmium of 3 procedures. All add ons apply, and lesser of 100% of billed charges",45917,,,,,,,Case Rate,". MPL 100/50/25% maxmium of 3 procedures. All add ons apply, and lesser of 100% of billed charges",45917,,,,,,,Case Rate,". MPL 100/50/25% maxmium of 3 procedures. All add ons apply, and lesser of 100% of billed charges",,1,,,,,0,percent of total billed charges,NA. Covered services not payable under Medicaid Fee Schedules default to a payment of 50 percent of charges.; No services were performed during the 15 month look back period.,13419.3,,,,,,,Case Rate,"100% Medicare OPPS FS. ",,1,,,,,0,percent of total billed charges,NA. Covered services not payable under Medicaid Fee Schedules default to a payment of 50 percent of charges.; No services were performed during the 15 month look back period.,,78,,,,,0,percent of total billed charges,78% of Billed Charges. Lesser of 100% of billed charges applies.; No services were performed during the 15 month look back period.,49978,,,,,,,Case Rate,". Primary procedure pays at 100%, secondary at 50%, all subsequent at 25%.  Lesser of applies when negotiated rates exceed charges less addons.",13419.3,,,,,,,Case Rate,"100%Medicare OPPS FS. ",36347,,,,,,,Case Rate,". Primary procedure pays at 100%, all subsequent at 50%.",13419.3,,,,,,,Case Rate,"100%Medicare OPPS FS. ",13419.3,,,,,,,Case Rate,"100%Medicare OPPS FS. ",,78,,,,,0,percent of total billed charges,78% of Billed Charges. Lesser of 100% of billed charges applies.; No services were performed during the 15 month look back period.,,,,,,,,Fee Schedule,"Not payable. ",,,,,,,,Fee Schedule,"Not payable. ",3227.94,,,,,,,Case rate,"100 Percent of Medicaid APG. ",3227.94,,,,,,,Case rate,"100 Percent of Medicaid APG. ",36347,,,,,,,Case Rate,". Primary procedure pays at 100%, all subsequent at 50%.",36347,,,,,,,Case Rate,". Primary procedure pays at 100%, all subsequent at 50%.",3227.94,,,,,,,Case Rate,"100 Percent of Medicaid APG. Not APG payable, or payable under another fee schedule like ASP/AWP pays at 30% of charges",36347,,,,,,,Case Rate,". Primary procedure pays at 100%, all subsequent at 50%.",3227.94,,,,,,,Case Rate,"100 Percent of Medicaid APG. Not APG payable, or payable under another fee schedule like ASP/AWP pays at 30% of charges",13419.3,,,,,,,Case Rate,"100%Medicare OPPS FS. ",36347,,,,,,,Case Rate,". Primary procedure pays at 100%, all subsequent at 50%.",,78,,,,,0,percent of total billed charges,78% of Billed Charges. Lesser of 100% of billed charges applies.; No services were performed during the 15 month look back period.,3227.94,,,,,,,Case Rate,"100 Percent of Medicaid APG. ",3227.94,,,,,,,Case Rate,"100 Percent of Medicaid APG. ",,78,,,,,0,percent of total billed charges,78% of Billed Charges. Lesser of 100% of billed charges applies.; No services were performed during the 15 month look back period.,45917,,,,,,,Case Rate,". MPL 100/50/25% maxmium of 3 procedures. All add ons apply, and lesser of 100% of billed charges",18000,,,,,,,Case Rate,". MPL 100/50/25% all add ons apply, and lesser of 100% of billed charges",18000,,,,,,,Case Rate,". MPL 100/50/25% all add ons apply, and lesser of 100% of billed charges",,78,,,,,0,percent of total billed charges,78% of Billed Charges. Lesser of 100% of billed charges applies.; No services were performed during the 15 month look back period.,13419.3,,,,,,,Case Rate,"100% Medicare OPPS FS. ",20884.09,,,,,,,Case Rate,". MPL 100/50/25% all add ons apply, and lesser of 100% of billed charges",20884.09,,,,,,,Case Rate,". MPL 100/50/25% all add ons apply, and lesser of 100% of billed charges",20884.09,,,,,,,Case Rate,". MPL 100/50/25% all add ons apply, and lesser of 100% of billed charges",13419.3,,,,,,,Case Rate,"100% Medicare OPPS FS. ",20884.09,,,,,,,Case Rate,". MPL 100/50/25% all add ons apply, and lesser of 100% of billed charges",20884.09,,,,,,,Case Rate,". MPL 100/50/25% all add ons apply, and lesser of 100% of billed charges",13419.3,,,,,,,Case Rate,"100% of Medicare OPPS. ",25798,,,,,,,Case Rate,". MPL 100/75/50% all add ons apply, and lesser of 100% of billed charges",64677,,,,,,,Case Rate,. All Add ons apply except drugs and lesser of 100% of billed charges.,64677,,,,,,,Case Rate,. All Add ons apply except drugs and lesser of 100% of billed charges.,64677,,,,,,,Case Rate,. All Add ons apply except drugs and lesser of 100% of billed charges.,64677,,,,,,,Case Rate,. All Add ons apply except drugs and lesser of 100% of billed charges.,64677,,,,,,,Case Rate,. All Add ons apply except drugs and lesser of 100% of billed charges.,64677,,,,,,,Case Rate,. All Add ons apply except drugs and lesser of 100% of billed charges.,13419.3,,,,,,,Case Rate,"100% Medicare OPPS FS. ",13419.3,,,,,,,Case Rate,"100% Medicare OPPS FS. ",64677,,,,,,,Case Rate,. All Add ons apply except drugs and lesser of 100% of billed charges.,,78,,,,,0,percent of total billed charges,78% of Billed Charges. Lesser of 100% of billed charges applies.; No services were performed during the 15 month look back period.,,78,,,,,0,percent of total billed charges,78% of Billed Charges. Lesser of 100% of billed charges applies.; No services were performed during the 15 month look back period.,,78,,,,,0,percent of total billed charges,78% of Billed Charges. Lesser of 100% of billed charges applies.; No services were performed during the 15 month look back period.,,78,,,,,0,percent of total billed charges,78% of Billed Charges. Lesser of 100% of billed charges applies.; No services were performed during the 15 month look back period.,,78,,,,,0,percent of total billed charges,78% of Billed Charges. Lesser of 100% of billed charges applies.; No services were performed during the 15 month look back period.,,78,,,,,0,percent of total billed charges,78% of Billed Charges. Lesser of 100% of billed charges applies.; No services were performed during the 15 month look back period.,,78,,,,,0,percent of total billed charges,78% of Billed Charges. Lesser of 100% of billed charges applies.; No services were performed during the 15 month look back period.,,78,,,,,0,percent of total billed charges,78% of Billed Charges. Lesser of 100% of billed charges applies.; No services were performed during the 15 month look back period.,,78,,,,,0,percent of total billed charges,78% of Billed Charges. Lesser of 100% of billed charges applies.; No services were performed during the 15 month look back period.,,78,,,,,0,percent of total billed charges,78% of Billed Charges. Lesser of 100% of billed charges applies.; No services were performed during the 15 month look back period.,,78,,,,,0,percent of total billed charges,78% of Billed Charges. Lesser of 100% of billed charges applies.; No services were performed during the 15 month look back period.,,78,,,,,0,percent of total billed charges,78% of Billed Charges. Lesser of 100% of billed charges applies.; No services were performed during the 15 month look back period.,,78,,,,,0,percent of total billed charges,78% of Billed Charges. Lesser of 100% of billed charges applies.; No services were performed during the 15 month look back period.,,78,,,,,0,percent of total billed charges,78% of Billed Charges. Lesser of 100% of billed charges applies.; No services were performed during the 15 month look back period.,,78,,,,,0,percent of total billed charges,78% of Billed Charges. Lesser of 100% of billed charges applies.; No services were performed during the 15 month look back period.,,78,,,,,0,percent of total billed charges,78% of Billed Charges. Lesser of 100% of billed charges applies.; No services were performed during the 15 month look back period.,,78,,,,,0,percent of total billed charges,78% of Billed Charges. Lesser of 100% of billed charges applies.; No services were performed during the 15 month look back period.,,78,,,,,0,percent of total billed charges,78% of Billed Charges. Lesser of 100% of billed charges applies.; No services were performed during the 15 month look back period.,,78,,,,,0,percent of total billed charges,78% of Billed Charges. Lesser of 100% of billed charges applies.; No services were performed during the 15 month look back period.,,78,,,,,0,percent of total billed charges,78% of Billed Charges. Lesser of 100% of billed charges applies.; No services were performed during the 15 month look back period.,,78,,,,,0,percent of total billed charges,78% of Billed Charges. Lesser of 100% of billed charges applies.; No services were performed during the 15 month look back period.,,78,,,,,0,percent of total billed charges,78% of Billed Charges. Lesser of 100% of billed charges applies.; No services were performed during the 15 month look back period.,,78,,,,,0,percent of total billed charges,78% of Billed Charges. Lesser of 100% of billed charges applies.; No services were performed during the 15 month look back period.,,78,,,,,0,percent of total billed charges,78% of Billed Charges. Lesser of 100% of billed charges applies.; No services were performed during the 15 month look back period.,,78,,,,,0,percent of total billed charges,78% of Billed Charges. Lesser of 100% of billed charges applies.; No services were performed during the 15 month look back period.,,78,,,,,0,percent of total billed charges,78% of Billed Charges. Lesser of 100% of billed charges applies.; No services were performed during the 15 month look back period.,36347,,,,,,,Case Rate,". Primary procedure pays at 100%, all subsequent at 50%.",36347,,,,,,,Case Rate,". Primary procedure pays at 100%, all subsequent at 50%.",36347,,,,,,,Case Rate,". Primary procedure pays at 100%, all subsequent at 50%.",36347,,,,,,,Case Rate,". Primary procedure pays at 100%, all subsequent at 50%.",12574,,,,,,,Case Rate,". Primary procedure pays at 100%, all subsequent at 50%.",12574,,,,,,,Case Rate,". Primary procedure pays at 100%, all subsequent at 50%.",45917,,,,,,,Case Rate,". MPL 100/50/25% maxmium of 3 procedures. All add ons apply, and lesser of 100% of billed charges",64677,,,,,,,Case Rate,. All Add ons apply except drugs and lesser of 100% of billed charges.,20884.09,,,,,,,Case Rate,". MPL 100/50/25% all add ons apply, and lesser of 100% of billed charges",64677,,,,,,,Case Rate,. All Add ons apply except drugs and lesser of 100% of billed charges.,,78,,,,,0,percent of total billed charges,78% of Billed Charges. Lesser of 100% of billed charges applies.; No services were performed during the 15 month look back period.,12574,,,,,,,Case Rate,". Primary procedure pays at 100%, all subsequent at 50%.",64677,,,,,,,Case Rate,. All Add ons apply except drugs and lesser of 100% of billed charges.,20884.09,,,,,,,Case Rate,". MPL 100/50/25% all add ons apply, and lesser of 100% of billed charges",45917,,,,,,,Case Rate,". MPL 100/50/25% maxmium of 3 procedures. All add ons apply, and lesser of 100% of billed charges",,,,,,,,,"NA. ",,78,,,,,0,percent of total billed charges,78% of Billed Charges. Lesser of 100% of billed charges applies.; No services were performed during the 15 month look back period.,3227.94,,,,,,,Case Rate,"100 Percent of Medicaid APG. ",36347,,,,,,,Case Rate,". Primary procedure pays at 100%, all subsequent at 50%.",3227.94,,,,,,,Case Rate,"100 Percent of Medicaid APG. Not APG payable, or payable under another fee schedule like ASP/AWP pays at 30% of charges",13419.3,,,,,,,Case Rate,"100%Medicare OPPS FS. ",13419.3,,,,,,,Case Rate,"100% Medicare OPPS FS. ",25798,,,,,,,Case Rate,". MPL 100/75/50% all add ons apply, and lesser of 100% of billed charges",13419.3,,,,,,,Case Rate,"100% Medicare OPPS FS. ",13419.3,,,,,,,Case Rate,"100% Medicare OPPS FS. ",3227.94,,,,,,,Case Rate,"100 Percent of Medicaid APG. ",13419.3,,,,,,,Case Rate,"100% Medicare OPPS FS. ",13419.3,,,,,,,Case Rate,"100% Medicare OPPS FS. ",49978,,,,,,,Case Rate,". Primary procedure pays at 100%, secondary at 50%, all subsequent at 25%.  Lesser of applies when negotiated rates exceed charges less addons.",49978,,,,,,,Case Rate,". Primary procedure pays at 100%, secondary at 50%, all subsequent at 25%.  Lesser of applies when negotiated rates exceed charges less addons.",13419.3,,,,,,,Case Rate,"100% Medicare OPPS FS. ",45917,,,,,,,Case Rate,". MPL 100/50/25% maxmium of 3 procedures. All add ons apply, and lesser of 100% of billed charges",20884.09,,,,,,,Case Rate,". MPL 100/50/25% all add ons apply, and lesser of 100% of billed charges",20884.09,,,,,,,Case Rate,". MPL 100/50/25% all add ons apply, and lesser of 100% of billed charges",13419.3,,,,,,,Case Rate,"100% Medicare OPPS FS. ",45917,,,,,,,Case Rate,". MPL 100/50/25% maxmium of 3 procedures. All add ons apply, and lesser of 100% of billed charges",49978,,,,,,,Case Rate,". Primary procedure pays at 100%, secondary at 50%, all subsequent at 25%.  Lesser of applies when negotiated rates exceed charges less addons.",49978,,,,,,,Case Rate,". Primary procedure pays at 100%, secondary at 50%, all subsequent at 25%.  Lesser of applies when negotiated rates exceed charges less addons.",49978,,,,,,,Case Rate,". Primary procedure pays at 100%, secondary at 50%, all subsequent at 25%.  Lesser of applies when negotiated rates exceed charges less addons.",,78,,,,,0,percent of total billed charges,78% of Billed Charges. Lesser of 100% of billed charges applies.; No services were performed during the 15 month look back period.,,78,,,,,0,percent of total billed charges,78% of Billed Charges. Lesser of 100% of billed charges applies.; No services were performed during the 15 month look back period.,,78,,,,,0,percent of total billed charges,78% of Billed Charges. Lesser of 100% of billed charges applies.; No services were performed during the 15 month look back period.,,78,,,,,0,percent of total billed charges,78% of Billed Charges. Lesser of 100% of billed charges applies.; No services were performed during the 15 month look back period.,,78,,,,,0,percent of total billed charges,78% of Billed Charges. Lesser of 100% of billed charges applies.; No services were performed during the 15 month look back period.,,78,,,,,0,percent of total billed charges,78% of Billed Charges. Lesser of 100% of billed charges applies.; No services were performed during the 15 month look back period.,,78,,,,,0,percent of total billed charges,78% of Billed Charges. Lesser of 100% of billed charges applies.; No services were performed during the 15 month look back period.,,78,,,,,0,percent of total billed charges,78% of Billed Charges. Lesser of 100% of billed charges applies.; No services were performed during the 15 month look back period.,,78,,,,,0,percent of total billed charges,78% of Billed Charges. Lesser of 100% of billed charges applies.; No services were performed during the 15 month look back period.,,78,,,,,0,percent of total billed charges,78% of Billed Charges. Lesser of 100% of billed charges applies.; No services were performed during the 15 month look back period.,,78,,,,,0,percent of total billed charges,78% of Billed Charges. Lesser of 100% of billed charges applies.; No services were performed during the 15 month look back period.,12574,,,,,,,Case Rate,". Primary procedure pays at 100%, all subsequent at 50%.",64677,,,,,,,Case Rate,. All Add ons apply except drugs and lesser of 100% of billed charges.,45917,,,,,,,Case Rate,". MPL 100/50/25% maxmium of 3 procedures. All add ons apply, and lesser of 100% of billed charges",13419.3,,,,,,,Case Rate,"100% Medicare OPPS FS. ",49978,,,,,,,Case Rate,". Primary procedure pays at 100%, secondary at 50%, all subsequent at 25%.  Lesser of applies when negotiated rates exceed charges less addons.",45917,,,,,,,Case Rate,". MPL 100/50/25% maxmium of 3 procedures. All add ons apply, and lesser of 100% of billed charges",45917,,,,,,,Case Rate,". MPL 100/50/25% maxmium of 3 procedures. All add ons apply, and lesser of 100% of billed charges",,78,,,,,0,percent of total billed charges,78% of Billed Charges. Lesser of 100% of billed charges applies.; No services were performed during the 15 month look back period.,6907.8,,,,,,,Case Rate,"214 Percent of Medicaid APG. Drugs not priced under APG, billed with revenue code 636 and not priced by Medicare ASP FeeSched will be reimbursed at 20% of charges.",45917,,,,,,,Case Rate,". MPL 100/50/25% maxmium of 3 procedures. All add ons apply, and lesser of 100% of billed charges",3227.94,,,,,,,Case Rate,"100 Percent of Medicaid APG. ",13419.3,,,,,,,Case Rate,"100% Medicare OPPS FS. ",13419.3,,,,,,,Case Rate,"100% Medicare OPPS FS. ",13419.3,,,,,,,Case Rate,"100% Medicare OPPS FS. ",13419.3,,,,,,,Case Rate,"100% Medicare OPPS FS. ",13419.3,,,,,,,Case Rate,"100% Medicare OPPS FS. ",13419.3,,,,,,,Case Rate,"100% Medicare OPPS FS. ",45917,,,,,,,Case Rate,". MPL 100/50/25% maxmium of 3 procedures. All add ons apply, and lesser of 100% of billed charges",25798,,,,,,,Case Rate,". MPL 100/75/50% all add ons apply, and lesser of 100% of billed charges",,1,,,,,0,percent of total billed charges,NA. ; No services were performed during the 15 month look back period.,,1,,,,,0,percent of total billed charges,NA. ; No services were performed during the 15 month look back period.,,1,,,,,0,percent of total billed charges,NA. ; No services were performed during the 15 month look back period.,,1,,,,,0,percent of total billed charges,NA. ; No services were performed during the 15 month look back period.,,1,,,,,0,percent of total billed charges,NA. ; No services were performed during the 15 month look back period.,,,,,,,,,"NA. ",25798,,,,,,,Case Rate,". MPL 100/75/50% all add ons apply, and lesser of 100% of billed charges",26570.21,,,,,,,Case Rate,198 Percent of Medicare OPPS. Metroplus will reimburse unlisted codes and described codes with no Medicare rate at 50 percent of charges.,26570.21,,,,,,,Case Rate,198 Percent of Medicare OPPS. Metroplus will reimburse unlisted codes and described codes with no Medicare rate at 50 percent of charges.,26570.21,,,,,,,Case Rate,198 Percent of Medicare OPPS. Metroplus will reimburse unlisted codes and described codes with no Medicare rate at 50 percent of charges.,26570.21,,,,,,,Case Rate,198 Percent of Medicare OPPS. Metroplus will reimburse unlisted codes and described codes with no Medicare rate at 50 percent of charges.,26570.21,,,,,,,Case Rate,198 Percent of Medicare OPPS. Metroplus will reimburse unlisted codes and described codes with no Medicare rate at 50 percent of charges.,13419.3,,,,,,,Case Rate,"100% Medicare OPPS FS. ",12574,,,,,,,Case Rate,". Primary procedure pays at 100%, all subsequent at 50%.",12574,,,,,,,Case Rate,". Primary procedure pays at 100%, all subsequent at 50%.",12574,,,,,,,Case Rate,". Primary procedure pays at 100%, all subsequent at 50%.",12574,,,,,,,Case Rate,". Primary procedure pays at 100%, all subsequent at 50%.",49978,,,,,,,Case Rate,". Primary procedure pays at 100%, secondary at 50%, all subsequent at 25%.  Lesser of applies when negotiated rates exceed charges less addons.",49978,,,,,,,Case Rate,". Primary procedure pays at 100%, secondary at 50%, all subsequent at 25%.  Lesser of applies when negotiated rates exceed charges less addons.",49978,,,,,,,Case Rate,". Primary procedure pays at 100%, secondary at 50%, all subsequent at 25%.  Lesser of applies when negotiated rates exceed charges less addons.",49978,,,,,,,Case Rate,". Primary procedure pays at 100%, secondary at 50%, all subsequent at 25%.  Lesser of applies when negotiated rates exceed charges less addons.",25798,,,,,,,Case Rate,". MPL 100/75/50% all add ons apply, and lesser of 100% of billed charges",25798,,,,,,,Case Rate,". MPL 100/75/50% all add ons apply, and lesser of 100% of billed charges",13419.3,,,,,,,Case Rate,"100% Medicare OPPS FS. ",13419.3,,,,,,,Case Rate,"100% Medicare OPPS FS. ",13419.3,,,,,,,Case Rate,"100% Medicare OPPS FS. ",64677,,,,,,,Case Rate,. All Add ons apply except drugs and lesser of 100% of billed charges.,64677,,,,,,,Case Rate,. All Add ons apply except drugs and lesser of 100% of billed charges.,64677,,,,,,,Case Rate,. All Add ons apply except drugs and lesser of 100% of billed charges.,25798,,,,,,,Case Rate,". MPL 100/75/50% all add ons apply, and lesser of 100% of billed charges",49978,,,,,,,Case Rate,". Primary procedure pays at 100%, secondary at 50%, all subsequent at 25%.  Lesser of applies when negotiated rates exceed charges less addons.",13419.3,,,,,,,Case Rate,"100% Medicare OPPS FS. ",64677,,,,,,,Case Rate,. All Add ons apply except drugs and lesser of 100% of billed charges.,3227.94,,,,,,,Case Rate,"100 Percent of Medicaid APG. ",13687.68,,,,,,,Case Rate,"102% of Medicare OPPS. ",13687.68,,,,,,,Case Rate,"102% of Medicare OPPS. ",13687.68,,,,,,,Case Rate,"102% of Medicare OPPS. ",3227.94,,,,,,,Case rate,"100 Percent of Medicaid APG. ",7262.87,,,,,,,Case Rate,225% of NYS APG. Lesser of 100% of billed charges applies.,7262.87,,,,,,,Case Rate,225% of NYS APG. Lesser of 100% of billed charges applies.,7262.87,,,,,,,Case Rate,225% of NYS APG. Lesser of 100% of billed charges applies.,7262.87,,,,,,,Case Rate,225% of NYS APG. Lesser of 100% of billed charges applies.,7262.87,,,,,,,Case Rate,225% of NYS APG. Lesser of 100% of billed charges applies.,13687.68,,,,,,,Case Rate,"102% of Medicare OPPS. ",3227.94,,,,,,,Case Rate,"100 Percent of Medicaid APG. ",,,,,,,,Fee Schedule,"Not payable. ",7262.87,,,,,,,Case Rate,225% of NYS APG. Lesser of 100% of billed charges applies.,7262.87,,,,,,,Case Rate,225% of NYS APG. Lesser of 100% of billed charges applies.,,,,,,,,Fee Schedule,"Not payable. ",,,,,,,,Fee Schedule,"Not payable. ",,1,,,,,0,percent of total billed charges,NA. ; No services were performed during the 15 month look back period.,13419.3,,,,,,,Case Rate,"100% Medicare OPPS FS. ",13419.3,,,,,,,Case Rate,"100% Medicare OPPS FS. ",49978,,,,,,,Case Rate,". Primary procedure pays at 100%, secondary at 50%, all subsequent at 25%.  Lesser of applies when negotiated rates exceed charges less addons.",13419.3,,,,,,,Case Rate,"100% Medicare OPPS FS. ",7262.87,,,,,,,Case Rate,"225 Percent of Medicaid APG. ",7262.87,,,,,,,Case Rate,"225 Percent of Medicaid APG. ",3227.94,,,,,,,Case rate,"100 Percent of Medicaid APG. ",3227.94,,,,,,,Case rate,"100 Percent of Medicaid APG. ",7262.87,,,,,,,Case Rate,225 Percent of Medicaid APG. Covered services not payable under Medicaid Fee Schedules default to a payment of 87.5 percent of charges.,,1,,,,,0,percent of total billed charges,NA. Covered services not payable under Medicaid Fee Schedules default to a payment of 50 percent of charges.; No services were performed during the 15 month look back period.,7262.87,,,,,,,Case Rate,"100 Percent of Medicaid APG. ",7262.87,,,,,,,Case Rate,"100 Percent of Medicaid APG. ",7262.87,,,,,,,Case Rate,"100 Percent of Medicaid APG. ",7262.87,,,,,,,Case Rate,"100 Percent of Medicaid APG. ",13453,,,,,,,Case Rate,". MPL 100/75/50% all add ons apply, and lesser of 100% of billed charges",25798,,,,,,,Case Rate,". MPL 100/75/50% all add ons apply, and lesser of 100% of billed charges",3873.53,,,,,,,Case Rate,"120 Percent of Medicaid APG. Not APG payable, or payable under another fee schedule like ASP/AWP pays at 30% of charges",3873.53,,,,,,,Case Rate,"120 Percent of Medicaid APG. Not APG payable, or payable under another fee schedule like ASP/AWP pays at 30% of charges",3227.94,,,,,,,Case Rate,"100 Percent of Medicaid APG. Not APG payable, or payable under another fee schedule like ASP/AWP pays at 30% of charges",3227.94,,,,,,,Case Rate,"100 Percent of Medicaid APG. Not APG payable, or payable under another fee schedule like ASP/AWP pays at 30% of charges",64677,,,,,,,Case Rate,. All Add ons apply except drugs and lesser of 100% of billed charges.,64677,,,,,,,Case Rate,. All Add ons apply except drugs and lesser of 100% of billed charges.,13419.3,,,,,,,Case Rate,"100% Medicare OPPS FS. ",64677,,,,,,,Case Rate,. All Add ons apply except drugs and lesser of 100% of billed charges.,64677,,,,,,,Case Rate,. All Add ons apply except drugs and lesser of 100% of billed charges.,64677,,,,,,,Case Rate,. All Add ons apply except drugs and lesser of 100% of billed charges.,64677,,,,,,,Case Rate,. All Add ons apply except drugs and lesser of 100% of billed charges.,13419.3,,,,,,,Case Rate,"100% Medicare OPPS FS. ",64677,,,,,,,Case Rate,. All Add ons apply except drugs and lesser of 100% of billed charges.,64677,,,,,,,Case Rate,. All Add ons apply except drugs and lesser of 100% of billed charges.,49978,,,,,,,Case Rate,". Primary procedure pays at 100%, secondary at 50%, all subsequent at 25%.  Lesser of applies when negotiated rates exceed charges less addons.",3227.94,,,,,,,Fee Schedule,100% APG. Lesser of 100% of billed charges applies.,,1,,,,,0,percent of total billed charges,NA. Covered services not payable under Medicaid Fee Schedules default to a payment of 50 percent of charges.; No services were performed during the 15 month look back period.,7262.87,,,,,,,Case Rate,225% of NYS APG. Lesser of 100% of billed charges applies.,7262.87,,,,,,,Case Rate,225 Percent of Medicaid APG. Covered services not payable under Medicaid Fee Schedules default to a payment of 87.5 percent of charges.,,1,,,,,0,percent of total billed charges,NA. Covered services not payable under Medicaid Fee Schedules default to a payment of 50 percent of charges.; No services were performed during the 15 month look back period.,7262.87,,,,,,,Case Rate,225% of NYS APG. Lesser of 100% of billed charges applies.,7262.87,,,,,,,Case Rate,225% of NYS APG. Lesser of 100% of billed charges applies.,7262.87,,,,,,,Case Rate,225% of NYS APG. Lesser of 100% of billed charges applies.,7262.87,,,,,,,Case Rate,225% of NYS APG. Lesser of 100% of billed charges applies.,7262.87,,,,,,,Case Rate,225% of NYS APG. Lesser of 100% of billed charges applies.,7262.87,,,,,,,Case Rate,225% of NYS APG. Lesser of 100% of billed charges applies.,,,,,,,,,"NA. ",,,,,,,,,"NA. ",,,,,,,,,"NA. ",45917,,,,,,,Case Rate,". MPL 100/50/25% maxmium of 3 procedures. All add ons apply, and lesser of 100% of billed charges",,,,,,,,,"NA. ",13419.3,,,,,,,Case Rate,"100% Medicare OPPS FS. ",19469,,,,,,,Case Rate,". All add ons apply, and lesser of 100% of billed charges",13419.3,,,,,,,Case Rate,"100% Medicare OPPS FS. ",13419.3,,,,,,,Case Rate,"100% Medicare OPPS FS. ",3873.53,,,,,,,Case Rate,"120 Percent of Medicaid APG. Not APG payable, or payable under another fee schedule like ASP/AWP pays at 30% of charges",3873.53,,,,,,,Case Rate,"120 Percent of Medicaid APG. Not APG payable, or payable under another fee schedule like ASP/AWP pays at 30% of charges",3227.94,,,,,,,Case Rate,"100 Percent of Medicaid APG. Not APG payable, or payable under another fee schedule like ASP/AWP pays at 30% of charges",3227.94,,,,,,,Case Rate,"100 Percent of Medicaid APG. Not APG payable, or payable under another fee schedule like ASP/AWP pays at 30% of charges",3227.94,,,,,,,Case Rate,"100 Percent of Medicaid APG. ",7163,,,,,,,Case Rate,". ",49978,,,,,,,Case Rate,". Primary procedure pays at 100%, secondary at 50%, all subsequent at 25%.  Lesser of applies when negotiated rates exceed charges less addons.",36347,,,,,,,Case Rate,". Primary procedure pays at 100%, all subsequent at 50%.",45917,,,,,,,Case Rate,". MPL 100/50/25% maxmium of 3 procedures. All add ons apply, and lesser of 100% of billed charges",13419.3,,,,,,,Case Rate,"100%Medicare OPPS FS. ",13419.3,,,,,,,Case Rate,"100% Medicare OPPS FS. ",13419.3,,,,,,,Case Rate,"100% Medicare OPPS FS. ",13419.3,,,,,,,Case Rate,"100% Medicare OPPS FS. ",13419.3,,,,,,,Case Rate,"100%Medicare OPPS FS. ",13419.3,,,,,,,Case Rate,"100% Medicare OPPS FS. ",,,,,,,,,"NA. ",7262.87,,,,,,,Case Rate,225% of NYS APG. Lesser of 100% of billed charges applies.,,,,,,,,Fee Schedule,"Not payable. ",64677,,,,,,,Case Rate,. All Add ons apply except drugs and lesser of 100% of billed charges.,7163,,,,,,,Case Rate,". ",7163,,,,,,,Case Rate,". ",7163,,,,,,,Case Rate,". ",7163,,,,,,,Case Rate,". ",13419.3,,,,,,,Case Rate,"100% Medicare OPPS FS. ",3227.94,,,,,,,Case Rate,"100 Percent of Medicaid APG. ",64677,,,,,,,Case Rate,. All Add ons apply except drugs and lesser of 100% of billed charges.,3227.94,,,,,,,Case Rate,"100 Percent of Medicaid APG. ",13419.3,,,,,,,Case Rate,"100% Medicare OPPS FS. ",3227.94,,,,,,,Case Rate,"100 Percent of Medicaid APG. ",13419.3,,,,,,,Case Rate,"100% Medicare OPPS FS. ",13419.3,,,,,,,Case Rate,"100% Medicare OPPS FS. ",3227.94,,,,,,,Case Rate,"100 Percent of Medicaid APG. ",3227.94,,,,,,,Case Rate,"100 Percent of Medicaid APG. ",7163,,,,,,,Case Rate,". ",45917,,,,,,,Case Rate,". MPL 100/50/25% maxmium of 3 procedures. All add ons apply, and lesser of 100% of billed charges",,78,,,,,0,percent of total billed charges,78% of Billed Charges. Lesser of 100% of billed charges applies.; No services were performed during the 15 month look back period.,20884.09,,,,,,,Case Rate,". MPL 100/50/25% all add ons apply, and lesser of 100% of billed charges",20884.09,,,,,,,Case Rate,". MPL 100/50/25% all add ons apply, and lesser of 100% of billed charges",49978,,,,,,,Case Rate,". Primary procedure pays at 100%, secondary at 50%, all subsequent at 25%.  Lesser of applies when negotiated rates exceed charges less addons.",6781.37,,,,,,,Case Rate,"98% of RBRVS. ",12574,,,,,,,Case Rate,". Primary procedure pays at 100%, all subsequent at 50%.",12574,,,,,,,Case Rate,". Primary procedure pays at 100%, all subsequent at 50%.",51742,,,,,,,Case Rate,. All Add ons apply except drugs and lesser of 100% of billed charges.,51742,,,,,,,Case Rate,. All Add ons apply except drugs and lesser of 100% of billed charges.,13419.3,,,,,,,Case Rate,"100% Medicare OPPS FS. ",13419.3,,,,,,,Case Rate,"100% Medicare OPPS FS. ",13419.3,,,,,,,Case Rate,"100% Medicare OPPS FS. ",13419.3,,,,,,,Case Rate,"100% Medicare OPPS FS. ",20884.09,,,,,,,Case Rate,". MPL 100/50/25% all add ons apply, and lesser of 100% of billed charges",64677,,,,,,,Case Rate,. All Add ons apply except drugs and lesser of 100% of billed charges.,64677,,,,,,,Case Rate,. All Add ons apply except drugs and lesser of 100% of billed charges.,13419.3,,,,,,,Case Rate,"100% Medicare OPPS FS. ",51742,,,,,,,Case Rate,. All Add ons apply except drugs and lesser of 100% of billed charges.,36347,,,,,,,Case Rate,". Primary procedure pays at 100%, all subsequent at 50%.",3873.53,,,,,,,Fee Schedule,"120 Percent of Medicaid APG. ",3227.94,,,,,,,Case Rate,"100 Percent of Medicaid APG. ",7163,,,,,,,Case Rate,". ",58209,,,,,,,Case Rate,. All Add ons apply except drugs and lesser of 100% of billed charges.,58209,,,,,,,Case Rate,. All Add ons apply except drugs and lesser of 100% of billed charges.,64677,,,,,,,Case Rate,. All Add ons apply except drugs and lesser of 100% of billed charges.,14948,,,,,,,Case Rate,". MPL 100/75/50% all add ons apply, and lesser of 100% of billed charges",13419.3,,,,,,,Case Rate,"100%Medicare OPPS FS. ",3389.34,,,,,,,Fee Schedule,105 percent of Medicaid APG. otherwise 105% of Ordered NYS MCD FS or 105% of ASP+6%,3389.34,,,,,,,Fee Schedule,105 percent of Medicaid APG. otherwise 105% of Ordered NYS MCD FS or 105% of ASP+6%,3389.34,,,,,,,Fee Schedule,105 percent of Medicaid APG. otherwise 105% of Ordered NYS MCD FS or 105% of ASP+6%,4357.72,,,,,,,Fee Schedule,135 percent of Medicaid APG. otherwise 135% of Ordered NYS MCD FS or 135% of ASP+6%,20884.09,,,,,,,Case Rate,". MPL 100/50/25% all add ons apply, and lesser of 100% of billed charges",3389.34,,,,,,,Fee Schedule,105 percent of Medicaid APG. otherwise 105% of Ordered NYS MCD FS or 105% of ASP+6%,3389.34,,,,,,,Fee Schedule,105 percent of Medicaid APG. otherwise 105% of Ordered NYS MCD FS or 105% of ASP+6%,3389.34,,,,,,,Fee Schedule,105 percent of Medicaid APG. otherwise 105% of Ordered NYS MCD FS or 105% of ASP+6%,3389.34,,,,,,,Fee Schedule,105 percent of Medicaid APG. otherwise 105% of Ordered NYS MCD FS or 105% of ASP+6%,3389.34,,,,,,,Fee Schedule,105 percent of Medicaid APG. otherwise 105% of Ordered NYS MCD FS or 105% of ASP+6%,4357.72,,,,,,,Fee Schedule,135 percent of Medicaid APG. otherwise 135% of Ordered NYS MCD FS or 135% of ASP+6%,4357.72,,,,,,,Fee Schedule,135 percent of Medicaid APG. otherwise 135% of Ordered NYS MCD FS or 135% of ASP+6%,13419.3,,,,,,,Case Rate,"100% Medicare OPPS FS. ",20884.09,,,,,,,Case Rate,". MPL 100/50/25% all add ons apply, and lesser of 100% of billed charges",13419.3,,,,,,,Case Rate,"100% Medicare OPPS FS. ",3389.34,,,,,,,Fee Schedule,105 percent of Medicaid APG. otherwise 105% of Ordered NYS MCD FS or 105% of ASP+6%,64677,,,,,,,Case Rate,. All Add ons apply except drugs and lesser of 100% of billed charges.,13419.3,,,,,,,Case Rate,"100% Medicare OPPS FS. ",64677,,,,,,,Case Rate,. All Add ons apply except drugs and lesser of 100% of billed charges.,64677,,,,,,,Case Rate,. All Add ons apply except drugs and lesser of 100% of billed charges.,64677,,,,,,,Case Rate,. All Add ons apply except drugs and lesser of 100% of billed charges.,3389.34,,,,,,,Fee Schedule,105 percent of Medicaid APG. otherwise 105% of Ordered NYS MCD FS or 105% of ASP+6%,13419.3,,,,,,,Case Rate,"100% Medicare OPPS FS. ",64677,,,,,,,Case Rate,. All Add ons apply except drugs and lesser of 100% of billed charges.,4357.72,,,,,,,Fee Schedule,135 percent of Medicaid APG. otherwise 135% of Ordered NYS MCD FS or 135% of ASP+6%,64677,,,,,,,Case Rate,. All Add ons apply except drugs and lesser of 100% of billed charges.,26838.59,,,,,,,Case Rate,"150% of Medicare OPPS. ",13419.3,,,,,,,Case Rate,"100%Medicare OPPS FS. ",7163,,,,,,,Case Rate,". ",7163,,,,,,,Case Rate,". ",7163,,,,,,,Case Rate,". ",7163,,,,,,,Case Rate,". ",7163,,,,,,,Case Rate,". ",36347,,,,,,,Case Rate,". Primary procedure pays at 100%, all subsequent at 50%.",36347,,,,,,,Case Rate,". Primary procedure pays at 100%, all subsequent at 50%.",7163,,,,,,,Case Rate,". ",7163,,,,,,,Case Rate,". ",7163,,,,,,,Case Rate,". ",7163,,,,,,,Case Rate,". ",7163,,,,,,,Case Rate,". ",13419.3,,,,,,,Case Rate,"100% Medicare OPPS FS. ",36347,,,,,,,Case Rate,". Primary procedure pays at 100%, all subsequent at 50%.",13419.3,,,,,,,Case Rate,"100% Medicare OPPS FS. ",7262.87,,,,,,,Case Rate,"225 Percent of Medicaid APG. If not included in Medicaid APG, then 100 Percent of Manhattan Medicare",3227.94,,,,,,,Case Rate,"100 Percent of Medicaid APG. ",20884.09,,,,,,,Case Rate,". MPL 100/50/25% all add ons apply, and lesser of 100% of billed charges",20884.09,,,,,,,Case Rate,". MPL 100/50/25% all add ons apply, and lesser of 100% of billed charges",13419.3,,,,,,,Case Rate,"100% Medicare OPPS FS. ",12574,,,,,,,Case Rate,". Primary procedure pays at 100%, all subsequent at 50%.",13419.3,,,,,,,Case Rate,"100% Medicare OPPS FS. ",13419.3,,,,,,,Case Rate,"100% Medicare OPPS FS. ",49978,,,,,,,Case Rate,". Primary procedure pays at 100%, secondary at 50%, all subsequent at 25%.  Lesser of applies when negotiated rates exceed charges less addons.",13419.3,,,,,,,Case Rate,"100% Medicare OPPS FS. ",45917,,,,,,,Case Rate,". MPL 100/50/25% maxmium of 3 procedures. All add ons apply, and lesser of 100% of billed charges",13419.3,,,,,,,Case Rate,"100% Medicare OPPS FS. ",45917,,,,,,,Case Rate,". MPL 100/50/25% maxmium of 3 procedures. All add ons apply, and lesser of 100% of billed charges",49978,,,,,,,Case Rate,". Primary procedure pays at 100%, secondary at 50%, all subsequent at 25%.  Lesser of applies when negotiated rates exceed charges less addons.",45917,,,,,,,Case Rate,". MPL 100/50/25% maxmium of 3 procedures. All add ons apply, and lesser of 100% of billed charges",13419.3,,,,,,,Case Rate,"100% Medicare OPPS FS. ",3227.94,,,,,,,Case Rate,"100 Percent of Medicaid APG. ",13419.3,,,,,,,Case Rate,"100% Medicare OPPS FS. ",45917,,,,,,,Case Rate,". MPL 100/50/25% maxmium of 3 procedures. All add ons apply, and lesser of 100% of billed charges",20884.09,,,,,,,Case Rate,". MPL 100/50/25% all add ons apply, and lesser of 100% of billed charges",3227.94,,,,,,,Case Rate,"100 Percent of Medicaid APG. ",64677,,,,,,,Case Rate,. All Add ons apply except drugs and lesser of 100% of billed charges.,3873.53,,,,,,,Fee Schedule,"120 Percent of Medicaid APG. ",3873.53,,,,,,,Fee Schedule,"120 Percent of Medicaid APG. ",64677,,,,,,,Case Rate,. All Add ons apply except drugs and lesser of 100% of billed charges.,64677,,,,,,,Case Rate,. All Add ons apply except drugs and lesser of 100% of billed charges.,64677,,,,,,,Case Rate,. All Add ons apply except drugs and lesser of 100% of billed charges.,20884.09,,,,,,,Case Rate,". MPL 100/50/25% all add ons apply, and lesser of 100% of billed charges",64677,,,,,,,Case Rate,. All Add ons apply except drugs and lesser of 100% of billed charges.,64677,,,,,,,Case Rate,. All Add ons apply except drugs and lesser of 100% of billed charges.,64677,,,,,,,Case Rate,. All Add ons apply except drugs and lesser of 100% of billed charges.,7163,,,,,,,Case Rate,". ",7163,,,,,,,Case Rate,". ",26570.21,,,,,,,Case Rate,198 Percent of Medicare OPPS. Metroplus will reimburse unlisted codes and described codes with no Medicare rate at 50 percent of charges.,3227.94,,,,,,,Case Rate,"100 Percent of Medicaid APG. ",20884.09,,,,,,,Case Rate,". MPL 100/50/25% all add ons apply, and lesser of 100% of billed charges",45917,,,,,,,Case Rate,". MPL 100/50/25% maxmium of 3 procedures. All add ons apply, and lesser of 100% of billed charges",49978,,,,,,,Case Rate,". Primary procedure pays at 100%, secondary at 50%, all subsequent at 25%.  Lesser of applies when negotiated rates exceed charges less addons.",20884.09,,,,,,,Case Rate,". MPL 100/50/25% all add ons apply, and lesser of 100% of billed charges",49978,,,,,,,Case Rate,". Primary procedure pays at 100%, secondary at 50%, all subsequent at 25%.  Lesser of applies when negotiated rates exceed charges less addons.",20884.09,,,,,,,Case Rate,". MPL 100/50/25% all add ons apply, and lesser of 100% of billed charges",64677,,,,,,,Case Rate,. All Add ons apply except drugs and lesser of 100% of billed charges.,64677,,,,,,,Case Rate,. All Add ons apply except drugs and lesser of 100% of billed charges.,64677,,,,,,,Case Rate,. All Add ons apply except drugs and lesser of 100% of billed charges.,64677,,,,,,,Case Rate,. All Add ons apply except drugs and lesser of 100% of billed charges.,13419.3,,,,,,,Case Rate,"100% Medicare OPPS FS. ",3178.13,64677,
C9600,HCPCS,2024353,LOCAL,481,RC,HC PERC DRUG-EL COR STENT SING,48101.61,9139.3059,both,,,,19469,,,,,,,Case Rate,". All add ons apply, and lesser of 100% of billed charges",19469,,,,,,,Case Rate,". All add ons apply, and lesser of 100% of billed charges",49978,,,,,,,Case Rate,". Primary procedure pays at 100%, secondary at 50%, all subsequent at 25%.  Lesser of applies when negotiated rates exceed charges less addons.",48101.61,100,,,,,0,percent of total billed charges,100 percent of billed charges. ; No services were performed during the 15 month look back period.,13419.3,,,,,,,Case Rate,"100% Medicare OPPS FS. ",49978,,,,,,,Case Rate,". Primary procedure pays at 100%, secondary at 50%, all subsequent at 25%.  Lesser of applies when negotiated rates exceed charges less addons.",49978,,,,,,,Case Rate,". Primary procedure pays at 100%, secondary at 50%, all subsequent at 25%.  Lesser of applies when negotiated rates exceed charges less addons.",49978,,,,,,,Case Rate,". Primary procedure pays at 100%, secondary at 50%, all subsequent at 25%.  Lesser of applies when negotiated rates exceed charges less addons.",3873.53,,,,,,,Case Rate,"100 Percent of Medicaid APG. ",3227.94,,,,,,,Case Rate,"100 Percent of Medicaid APG. ",37519.2558,78,,,,,0,percent of total billed charges,78% of Billed Charges. Lesser of 100% of billed charges applies.; No services were performed during the 15 month look back period.,20884.09,,,,,,,Case Rate,". MPL 100/50/25% all add ons apply, and lesser of 100% of billed charges",3227.94,,,,,,,Case Rate,"100 Percent of Medicaid APG. ",13419.3,,,,,,,Case Rate,"100% Medicare OPPS FS. ",45917,,,,,,,Case Rate,". MPL 100/50/25% maxmium of 3 procedures. All add ons apply, and lesser of 100% of billed charges",45917,,,,,,,Case Rate,". MPL 100/50/25% maxmium of 3 procedures. All add ons apply, and lesser of 100% of billed charges",45917,,,,,,,Case Rate,". MPL 100/50/25% maxmium of 3 procedures. All add ons apply, and lesser of 100% of billed charges",45917,,,,,,,Case Rate,". MPL 100/50/25% maxmium of 3 procedures. All add ons apply, and lesser of 100% of billed charges",481.0161,1,,,,,0,percent of total billed charges,NA. Covered services not payable under Medicaid Fee Schedules default to a payment of 50 percent of charges.; No services were performed during the 15 month look back period.,13419.3,,,,,,,Case Rate,"100% Medicare OPPS FS. ",481.0161,1,,3943.73,3943.73,48101.61,163,percent of total billed charges,NA. Covered services not payable under Medicaid Fee Schedules default to a payment of 50 percent of charges.,37519.2558,78,,,,,0,percent of total billed charges,78% of Billed Charges. Lesser of 100% of billed charges applies.; No services were performed during the 15 month look back period.,49978,,,,,,,Case Rate,". Primary procedure pays at 100%, secondary at 50%, all subsequent at 25%.  Lesser of applies when negotiated rates exceed charges less addons.",13419.3,,,,,,,Case Rate,"100%Medicare OPPS FS. ",36347,,,,,,,Case Rate,". Primary procedure pays at 100%, all subsequent at 50%.",13419.3,,,,,,,Case Rate,"100%Medicare OPPS FS. ",13419.3,,,,,,,Case Rate,"100%Medicare OPPS FS. ",37519.2558,78,,,,,0,percent of total billed charges,78% of Billed Charges. Lesser of 100% of billed charges applies.; No services were performed during the 15 month look back period.,,,,,,,,Fee Schedule,"Not payable. ",,,,,,,,Fee Schedule,"Not payable. ",3227.94,,,,,,,Case rate,"100 Percent of Medicaid APG. ",3227.94,,,,,,,Case rate,"100 Percent of Medicaid APG. ",36347,,,,,,,Case Rate,". Primary procedure pays at 100%, all subsequent at 50%.",36347,,,,,,,Case Rate,". Primary procedure pays at 100%, all subsequent at 50%.",3227.94,,,,,,,Case Rate,"100 Percent of Medicaid APG. Not APG payable, or payable under another fee schedule like ASP/AWP pays at 30% of charges",36347,,,,,,,Case Rate,". Primary procedure pays at 100%, all subsequent at 50%.",3227.94,,,,,,,Case Rate,"100 Percent of Medicaid APG. Not APG payable, or payable under another fee schedule like ASP/AWP pays at 30% of charges",13419.3,,,,,,,Case Rate,"100%Medicare OPPS FS. ",36347,,,,,,,Case Rate,". Primary procedure pays at 100%, all subsequent at 50%.",37519.2558,78,,,,,0,percent of total billed charges,78% of Billed Charges. Lesser of 100% of billed charges applies.; No services were performed during the 15 month look back period.,3227.94,,,,,,,Case Rate,"100 Percent of Medicaid APG. ",3227.94,,,,,,,Case Rate,"100 Percent of Medicaid APG. ",37519.2558,78,,48101.61,48101.61,48101.61,1 through 10,percent of total billed charges,78% of Billed Charges. Lesser of 100% of billed charges applies.,45917,,,,,,,Case Rate,". MPL 100/50/25% maxmium of 3 procedures. All add ons apply, and lesser of 100% of billed charges",18000,,,,,,,Case Rate,". MPL 100/50/25% all add ons apply, and lesser of 100% of billed charges",18000,,,,,,,Case Rate,". MPL 100/50/25% all add ons apply, and lesser of 100% of billed charges",37519.2558,78,,,,,0,percent of total billed charges,78% of Billed Charges. Lesser of 100% of billed charges applies.; No services were performed during the 15 month look back period.,13419.3,,,,,,,Case Rate,"100% Medicare OPPS FS. ",20884.09,,,,,,,Case Rate,". MPL 100/50/25% all add ons apply, and lesser of 100% of billed charges",20884.09,,,,,,,Case Rate,". MPL 100/50/25% all add ons apply, and lesser of 100% of billed charges",20884.09,,,,,,,Case Rate,". MPL 100/50/25% all add ons apply, and lesser of 100% of billed charges",13419.3,,,,,,,Case Rate,"100% Medicare OPPS FS. ",20884.09,,,,,,,Case Rate,". MPL 100/50/25% all add ons apply, and lesser of 100% of billed charges",20884.09,,,,,,,Case Rate,". MPL 100/50/25% all add ons apply, and lesser of 100% of billed charges",13419.3,,,,,,,Case Rate,"100% of Medicare OPPS. ",25798,,,,,,,Case Rate,". MPL 100/75/50% all add ons apply, and lesser of 100% of billed charges",64677,,,,,,,Case Rate,. All Add ons apply except drugs and lesser of 100% of billed charges.,64677,,,,,,,Case Rate,. All Add ons apply except drugs and lesser of 100% of billed charges.,64677,,,,,,,Case Rate,. All Add ons apply except drugs and lesser of 100% of billed charges.,64677,,,,,,,Case Rate,. All Add ons apply except drugs and lesser of 100% of billed charges.,64677,,,,,,,Case Rate,. All Add ons apply except drugs and lesser of 100% of billed charges.,64677,,,,,,,Case Rate,. All Add ons apply except drugs and lesser of 100% of billed charges.,13419.3,,,,,,,Case Rate,"100% Medicare OPPS FS. ",13419.3,,,,,,,Case Rate,"100% Medicare OPPS FS. ",64677,,,,,,,Case Rate,. All Add ons apply except drugs and lesser of 100% of billed charges.,37519.2558,78,,,,,0,percent of total billed charges,78% of Billed Charges. Lesser of 100% of billed charges applies.; No services were performed during the 15 month look back period.,37519.2558,78,,,,,0,percent of total billed charges,78% of Billed Charges. Lesser of 100% of billed charges applies.; No services were performed during the 15 month look back period.,37519.2558,78,,,,,0,percent of total billed charges,78% of Billed Charges. Lesser of 100% of billed charges applies.; No services were performed during the 15 month look back period.,37519.2558,78,,,,,0,percent of total billed charges,78% of Billed Charges. Lesser of 100% of billed charges applies.; No services were performed during the 15 month look back period.,37519.2558,78,,,,,0,percent of total billed charges,78% of Billed Charges. Lesser of 100% of billed charges applies.; No services were performed during the 15 month look back period.,37519.2558,78,,,,,0,percent of total billed charges,78% of Billed Charges. Lesser of 100% of billed charges applies.; No services were performed during the 15 month look back period.,37519.2558,78,,,,,0,percent of total billed charges,78% of Billed Charges. Lesser of 100% of billed charges applies.; No services were performed during the 15 month look back period.,37519.2558,78,,,,,0,percent of total billed charges,78% of Billed Charges. Lesser of 100% of billed charges applies.; No services were performed during the 15 month look back period.,37519.2558,78,,,,,0,percent of total billed charges,78% of Billed Charges. Lesser of 100% of billed charges applies.; No services were performed during the 15 month look back period.,37519.2558,78,,,,,0,percent of total billed charges,78% of Billed Charges. Lesser of 100% of billed charges applies.; No services were performed during the 15 month look back period.,37519.2558,78,,,,,0,percent of total billed charges,78% of Billed Charges. Lesser of 100% of billed charges applies.; No services were performed during the 15 month look back period.,37519.2558,78,,,,,0,percent of total billed charges,78% of Billed Charges. Lesser of 100% of billed charges applies.; No services were performed during the 15 month look back period.,37519.2558,78,,,,,0,percent of total billed charges,78% of Billed Charges. Lesser of 100% of billed charges applies.; No services were performed during the 15 month look back period.,37519.2558,78,,,,,0,percent of total billed charges,78% of Billed Charges. Lesser of 100% of billed charges applies.; No services were performed during the 15 month look back period.,37519.2558,78,,,,,0,percent of total billed charges,78% of Billed Charges. Lesser of 100% of billed charges applies.; No services were performed during the 15 month look back period.,37519.2558,78,,,,,0,percent of total billed charges,78% of Billed Charges. Lesser of 100% of billed charges applies.; No services were performed during the 15 month look back period.,37519.2558,78,,,,,0,percent of total billed charges,78% of Billed Charges. Lesser of 100% of billed charges applies.; No services were performed during the 15 month look back period.,37519.2558,78,,,,,0,percent of total billed charges,78% of Billed Charges. Lesser of 100% of billed charges applies.; No services were performed during the 15 month look back period.,37519.2558,78,,,,,0,percent of total billed charges,78% of Billed Charges. Lesser of 100% of billed charges applies.; No services were performed during the 15 month look back period.,37519.2558,78,,,,,0,percent of total billed charges,78% of Billed Charges. Lesser of 100% of billed charges applies.; No services were performed during the 15 month look back period.,37519.2558,78,,,,,0,percent of total billed charges,78% of Billed Charges. Lesser of 100% of billed charges applies.; No services were performed during the 15 month look back period.,37519.2558,78,,,,,0,percent of total billed charges,78% of Billed Charges. Lesser of 100% of billed charges applies.; No services were performed during the 15 month look back period.,37519.2558,78,,,,,0,percent of total billed charges,78% of Billed Charges. Lesser of 100% of billed charges applies.; No services were performed during the 15 month look back period.,37519.2558,78,,,,,0,percent of total billed charges,78% of Billed Charges. Lesser of 100% of billed charges applies.; No services were performed during the 15 month look back period.,37519.2558,78,,,,,0,percent of total billed charges,78% of Billed Charges. Lesser of 100% of billed charges applies.; No services were performed during the 15 month look back period.,37519.2558,78,,,,,0,percent of total billed charges,78% of Billed Charges. Lesser of 100% of billed charges applies.; No services were performed during the 15 month look back period.,36347,,,,,,,Case Rate,". Primary procedure pays at 100%, all subsequent at 50%.",36347,,,,,,,Case Rate,". Primary procedure pays at 100%, all subsequent at 50%.",36347,,,,,,,Case Rate,". Primary procedure pays at 100%, all subsequent at 50%.",36347,,,,,,,Case Rate,". Primary procedure pays at 100%, all subsequent at 50%.",12574,,,,,,,Case Rate,". Primary procedure pays at 100%, all subsequent at 50%.",12574,,,,,,,Case Rate,". Primary procedure pays at 100%, all subsequent at 50%.",45917,,,,,,,Case Rate,". MPL 100/50/25% maxmium of 3 procedures. All add ons apply, and lesser of 100% of billed charges",64677,,,,,,,Case Rate,. All Add ons apply except drugs and lesser of 100% of billed charges.,20884.09,,,,,,,Case Rate,". MPL 100/50/25% all add ons apply, and lesser of 100% of billed charges",64677,,,,,,,Case Rate,. All Add ons apply except drugs and lesser of 100% of billed charges.,37519.2558,78,,,,,0,percent of total billed charges,78% of Billed Charges. Lesser of 100% of billed charges applies.; No services were performed during the 15 month look back period.,12574,,,,,,,Case Rate,". Primary procedure pays at 100%, all subsequent at 50%.",64677,,,,,,,Case Rate,. All Add ons apply except drugs and lesser of 100% of billed charges.,20884.09,,,,,,,Case Rate,". MPL 100/50/25% all add ons apply, and lesser of 100% of billed charges",45917,,,,,,,Case Rate,". MPL 100/50/25% maxmium of 3 procedures. All add ons apply, and lesser of 100% of billed charges",,,,,,,,,"NA. ",37519.2558,78,,,,,0,percent of total billed charges,78% of Billed Charges. Lesser of 100% of billed charges applies.; No services were performed during the 15 month look back period.,3227.94,,,,,,,Case Rate,"100 Percent of Medicaid APG. ",36347,,,,,,,Case Rate,". Primary procedure pays at 100%, all subsequent at 50%.",3227.94,,,,,,,Case Rate,"100 Percent of Medicaid APG. Not APG payable, or payable under another fee schedule like ASP/AWP pays at 30% of charges",13419.3,,,,,,,Case Rate,"100%Medicare OPPS FS. ",13419.3,,,,,,,Case Rate,"100% Medicare OPPS FS. ",25798,,,,,,,Case Rate,". MPL 100/75/50% all add ons apply, and lesser of 100% of billed charges",13419.3,,,,,,,Case Rate,"100% Medicare OPPS FS. ",13419.3,,,,,,,Case Rate,"100% Medicare OPPS FS. ",3227.94,,,,,,,Case Rate,"100 Percent of Medicaid APG. ",13419.3,,,,,,,Case Rate,"100% Medicare OPPS FS. ",13419.3,,,,,,,Case Rate,"100% Medicare OPPS FS. ",49978,,,,,,,Case Rate,". Primary procedure pays at 100%, secondary at 50%, all subsequent at 25%.  Lesser of applies when negotiated rates exceed charges less addons.",49978,,,,,,,Case Rate,". Primary procedure pays at 100%, secondary at 50%, all subsequent at 25%.  Lesser of applies when negotiated rates exceed charges less addons.",13419.3,,,,,,,Case Rate,"100% Medicare OPPS FS. ",45917,,,,,,,Case Rate,". MPL 100/50/25% maxmium of 3 procedures. All add ons apply, and lesser of 100% of billed charges",20884.09,,,,,,,Case Rate,". MPL 100/50/25% all add ons apply, and lesser of 100% of billed charges",20884.09,,,,,,,Case Rate,". MPL 100/50/25% all add ons apply, and lesser of 100% of billed charges",13419.3,,,,,,,Case Rate,"100% Medicare OPPS FS. ",45917,,,,,,,Case Rate,". MPL 100/50/25% maxmium of 3 procedures. All add ons apply, and lesser of 100% of billed charges",49978,,,,,,,Case Rate,". Primary procedure pays at 100%, secondary at 50%, all subsequent at 25%.  Lesser of applies when negotiated rates exceed charges less addons.",49978,,,,,,,Case Rate,". Primary procedure pays at 100%, secondary at 50%, all subsequent at 25%.  Lesser of applies when negotiated rates exceed charges less addons.",49978,,,,,,,Case Rate,". Primary procedure pays at 100%, secondary at 50%, all subsequent at 25%.  Lesser of applies when negotiated rates exceed charges less addons.",37519.2558,78,,,,,0,percent of total billed charges,78% of Billed Charges. Lesser of 100% of billed charges applies.; No services were performed during the 15 month look back period.,37519.2558,78,,,,,0,percent of total billed charges,78% of Billed Charges. Lesser of 100% of billed charges applies.; No services were performed during the 15 month look back period.,37519.2558,78,,,,,0,percent of total billed charges,78% of Billed Charges. Lesser of 100% of billed charges applies.; No services were performed during the 15 month look back period.,37519.2558,78,,,,,0,percent of total billed charges,78% of Billed Charges. Lesser of 100% of billed charges applies.; No services were performed during the 15 month look back period.,37519.2558,78,,,,,0,percent of total billed charges,78% of Billed Charges. Lesser of 100% of billed charges applies.; No services were performed during the 15 month look back period.,37519.2558,78,,,,,0,percent of total billed charges,78% of Billed Charges. Lesser of 100% of billed charges applies.; No services were performed during the 15 month look back period.,37519.2558,78,,,,,0,percent of total billed charges,78% of Billed Charges. Lesser of 100% of billed charges applies.; No services were performed during the 15 month look back period.,37519.2558,78,,,,,0,percent of total billed charges,78% of Billed Charges. Lesser of 100% of billed charges applies.; No services were performed during the 15 month look back period.,37519.2558,78,,,,,0,percent of total billed charges,78% of Billed Charges. Lesser of 100% of billed charges applies.; No services were performed during the 15 month look back period.,37519.2558,78,,1676,1676,1676,1 through 10,percent of total billed charges,78% of Billed Charges. Lesser of 100% of billed charges applies.,37519.2558,78,,,,,0,percent of total billed charges,78% of Billed Charges. Lesser of 100% of billed charges applies.; No services were performed during the 15 month look back period.,12574,,,,,,,Case Rate,". Primary procedure pays at 100%, all subsequent at 50%.",64677,,,,,,,Case Rate,. All Add ons apply except drugs and lesser of 100% of billed charges.,45917,,,,,,,Case Rate,". MPL 100/50/25% maxmium of 3 procedures. All add ons apply, and lesser of 100% of billed charges",13419.3,,,,,,,Case Rate,"100% Medicare OPPS FS. ",49978,,,,,,,Case Rate,". Primary procedure pays at 100%, secondary at 50%, all subsequent at 25%.  Lesser of applies when negotiated rates exceed charges less addons.",45917,,,,,,,Case Rate,". MPL 100/50/25% maxmium of 3 procedures. All add ons apply, and lesser of 100% of billed charges",45917,,,,,,,Case Rate,". MPL 100/50/25% maxmium of 3 procedures. All add ons apply, and lesser of 100% of billed charges",37519.2558,78,,,,,0,percent of total billed charges,78% of Billed Charges. Lesser of 100% of billed charges applies.; No services were performed during the 15 month look back period.,6907.8,,,,,,,Case Rate,"214 Percent of Medicaid APG. Drugs not priced under APG, billed with revenue code 636 and not priced by Medicare ASP FeeSched will be reimbursed at 20% of charges.",45917,,,,,,,Case Rate,". MPL 100/50/25% maxmium of 3 procedures. All add ons apply, and lesser of 100% of billed charges",3227.94,,,,,,,Case Rate,"100 Percent of Medicaid APG. ",13419.3,,,,,,,Case Rate,"100% Medicare OPPS FS. ",13419.3,,,,,,,Case Rate,"100% Medicare OPPS FS. ",13419.3,,,,,,,Case Rate,"100% Medicare OPPS FS. ",13419.3,,,,,,,Case Rate,"100% Medicare OPPS FS. ",13419.3,,,,,,,Case Rate,"100% Medicare OPPS FS. ",13419.3,,,,,,,Case Rate,"100% Medicare OPPS FS. ",45917,,,,,,,Case Rate,". MPL 100/50/25% maxmium of 3 procedures. All add ons apply, and lesser of 100% of billed charges",25798,,,,,,,Case Rate,". MPL 100/75/50% all add ons apply, and lesser of 100% of billed charges",481.0161,1,,5724.77,5724.77,5724.77,1 through 10,percent of total billed charges,"NA. ",481.0161,1,,,,,0,percent of total billed charges,NA. ; No services were performed during the 15 month look back period.,481.0161,1,,6276.46,5724.77,6276.46,1 through 10,percent of total billed charges,"NA. ",481.0161,1,,,,,0,percent of total billed charges,NA. ; No services were performed during the 15 month look back period.,481.0161,1,,,,,0,percent of total billed charges,NA. ; No services were performed during the 15 month look back period.,,,,,,,,,"NA. ",25798,,,,,,,Case Rate,". MPL 100/75/50% all add ons apply, and lesser of 100% of billed charges",26570.21,,,,,,,Case Rate,198 Percent of Medicare OPPS. Metroplus will reimburse unlisted codes and described codes with no Medicare rate at 50 percent of charges.,26570.21,,,,,,,Case Rate,198 Percent of Medicare OPPS. Metroplus will reimburse unlisted codes and described codes with no Medicare rate at 50 percent of charges.,26570.21,,,,,,,Case Rate,198 Percent of Medicare OPPS. Metroplus will reimburse unlisted codes and described codes with no Medicare rate at 50 percent of charges.,26570.21,,,,,,,Case Rate,198 Percent of Medicare OPPS. Metroplus will reimburse unlisted codes and described codes with no Medicare rate at 50 percent of charges.,26570.21,,,,,,,Case Rate,198 Percent of Medicare OPPS. Metroplus will reimburse unlisted codes and described codes with no Medicare rate at 50 percent of charges.,13419.3,,,,,,,Case Rate,"100% Medicare OPPS FS. ",12574,,,,,,,Case Rate,". Primary procedure pays at 100%, all subsequent at 50%.",12574,,,,,,,Case Rate,". Primary procedure pays at 100%, all subsequent at 50%.",12574,,,,,,,Case Rate,". Primary procedure pays at 100%, all subsequent at 50%.",12574,,,,,,,Case Rate,". Primary procedure pays at 100%, all subsequent at 50%.",49978,,,,,,,Case Rate,". Primary procedure pays at 100%, secondary at 50%, all subsequent at 25%.  Lesser of applies when negotiated rates exceed charges less addons.",49978,,,,,,,Case Rate,". Primary procedure pays at 100%, secondary at 50%, all subsequent at 25%.  Lesser of applies when negotiated rates exceed charges less addons.",49978,,,,,,,Case Rate,". Primary procedure pays at 100%, secondary at 50%, all subsequent at 25%.  Lesser of applies when negotiated rates exceed charges less addons.",49978,,,,,,,Case Rate,". Primary procedure pays at 100%, secondary at 50%, all subsequent at 25%.  Lesser of applies when negotiated rates exceed charges less addons.",25798,,,,,,,Case Rate,". MPL 100/75/50% all add ons apply, and lesser of 100% of billed charges",25798,,,,,,,Case Rate,". MPL 100/75/50% all add ons apply, and lesser of 100% of billed charges",13419.3,,,,,,,Case Rate,"100% Medicare OPPS FS. ",13419.3,,,,,,,Case Rate,"100% Medicare OPPS FS. ",13419.3,,,,,,,Case Rate,"100% Medicare OPPS FS. ",64677,,,,,,,Case Rate,. All Add ons apply except drugs and lesser of 100% of billed charges.,64677,,,,,,,Case Rate,. All Add ons apply except drugs and lesser of 100% of billed charges.,64677,,,,,,,Case Rate,. All Add ons apply except drugs and lesser of 100% of billed charges.,25798,,,,,,,Case Rate,". MPL 100/75/50% all add ons apply, and lesser of 100% of billed charges",49978,,,,,,,Case Rate,". Primary procedure pays at 100%, secondary at 50%, all subsequent at 25%.  Lesser of applies when negotiated rates exceed charges less addons.",13419.3,,,,,,,Case Rate,"100% Medicare OPPS FS. ",64677,,,,,,,Case Rate,. All Add ons apply except drugs and lesser of 100% of billed charges.,3227.94,,,,,,,Case Rate,"100 Percent of Medicaid APG. ",13687.68,,,,,,,Case Rate,"102% of Medicare OPPS. ",13687.68,,,,,,,Case Rate,"102% of Medicare OPPS. ",13687.68,,,,,,,Case Rate,"102% of Medicare OPPS. ",3227.94,,,,,,,Case rate,"100 Percent of Medicaid APG. ",7262.87,,,,,,,Case Rate,225% of NYS APG. Lesser of 100% of billed charges applies.,7262.87,,,,,,,Case Rate,225% of NYS APG. Lesser of 100% of billed charges applies.,7262.87,,,,,,,Case Rate,225% of NYS APG. Lesser of 100% of billed charges applies.,7262.87,,,,,,,Case Rate,225% of NYS APG. Lesser of 100% of billed charges applies.,7262.87,,,,,,,Case Rate,225% of NYS APG. Lesser of 100% of billed charges applies.,13687.68,,,,,,,Case Rate,"102% of Medicare OPPS. ",3227.94,,,,,,,Case Rate,"100 Percent of Medicaid APG. ",,,,,,,,Fee Schedule,"Not payable. ",7262.87,,,,,,,Case Rate,225% of NYS APG. Lesser of 100% of billed charges applies.,7262.87,,,,,,,Case Rate,225% of NYS APG. Lesser of 100% of billed charges applies.,,,,,,,,Fee Schedule,"Not payable. ",,,,,,,,Fee Schedule,"Not payable. ",481.0161,1,,5724.77,5724.77,48101.61,1 through 10,percent of total billed charges,"NA. ",13419.3,,,,,,,Case Rate,"100% Medicare OPPS FS. ",13419.3,,,,,,,Case Rate,"100% Medicare OPPS FS. ",49978,,,,,,,Case Rate,". Primary procedure pays at 100%, secondary at 50%, all subsequent at 25%.  Lesser of applies when negotiated rates exceed charges less addons.",13419.3,,,,,,,Case Rate,"100% Medicare OPPS FS. ",7262.87,,,,,,,Case Rate,"225 Percent of Medicaid APG. ",7262.87,,,,,,,Case Rate,"225 Percent of Medicaid APG. ",3227.94,,,,,,,Case rate,"100 Percent of Medicaid APG. ",3227.94,,,,,,,Case rate,"100 Percent of Medicaid APG. ",7262.87,,,,,,,Case Rate,225 Percent of Medicaid APG. Covered services not payable under Medicaid Fee Schedules default to a payment of 87.5 percent of charges.,481.0161,1,,7155.97,3943.73,48101.61,18,percent of total billed charges,NA. Covered services not payable under Medicaid Fee Schedules default to a payment of 50 percent of charges.,7262.87,,,,,,,Case Rate,"100 Percent of Medicaid APG. ",7262.87,,,,,,,Case Rate,"100 Percent of Medicaid APG. ",7262.87,,,,,,,Case Rate,"100 Percent of Medicaid APG. ",7262.87,,,,,,,Case Rate,"100 Percent of Medicaid APG. ",13453,,,,,,,Case Rate,". MPL 100/75/50% all add ons apply, and lesser of 100% of billed charges",25798,,,,,,,Case Rate,". MPL 100/75/50% all add ons apply, and lesser of 100% of billed charges",3873.53,,,,,,,Case Rate,"120 Percent of Medicaid APG. Not APG payable, or payable under another fee schedule like ASP/AWP pays at 30% of charges",3873.53,,,,,,,Case Rate,"120 Percent of Medicaid APG. Not APG payable, or payable under another fee schedule like ASP/AWP pays at 30% of charges",3227.94,,,,,,,Case Rate,"100 Percent of Medicaid APG. Not APG payable, or payable under another fee schedule like ASP/AWP pays at 30% of charges",3227.94,,,,,,,Case Rate,"100 Percent of Medicaid APG. Not APG payable, or payable under another fee schedule like ASP/AWP pays at 30% of charges",64677,,,,,,,Case Rate,. All Add ons apply except drugs and lesser of 100% of billed charges.,64677,,,,,,,Case Rate,. All Add ons apply except drugs and lesser of 100% of billed charges.,13419.3,,,,,,,Case Rate,"100% Medicare OPPS FS. ",64677,,,,,,,Case Rate,. All Add ons apply except drugs and lesser of 100% of billed charges.,64677,,,,,,,Case Rate,. All Add ons apply except drugs and lesser of 100% of billed charges.,64677,,,,,,,Case Rate,. All Add ons apply except drugs and lesser of 100% of billed charges.,64677,,,,,,,Case Rate,. All Add ons apply except drugs and lesser of 100% of billed charges.,13419.3,,,,,,,Case Rate,"100% Medicare OPPS FS. ",64677,,,,,,,Case Rate,. All Add ons apply except drugs and lesser of 100% of billed charges.,64677,,,,,,,Case Rate,. All Add ons apply except drugs and lesser of 100% of billed charges.,49978,,,,,,,Case Rate,". Primary procedure pays at 100%, secondary at 50%, all subsequent at 25%.  Lesser of applies when negotiated rates exceed charges less addons.",3227.94,,,,,,,Fee Schedule,100% APG. Lesser of 100% of billed charges applies.,481.0161,1,,,,,0,percent of total billed charges,NA. Covered services not payable under Medicaid Fee Schedules default to a payment of 50 percent of charges.; No services were performed during the 15 month look back period.,7262.87,,,,,,,Case Rate,225% of NYS APG. Lesser of 100% of billed charges applies.,7262.87,,,,,,,Case Rate,225 Percent of Medicaid APG. Covered services not payable under Medicaid Fee Schedules default to a payment of 87.5 percent of charges.,481.0161,1,,48101.61,7155.97,48101.61,1 through 10,percent of total billed charges,NA. Covered services not payable under Medicaid Fee Schedules default to a payment of 50 percent of charges.,7262.87,,,,,,,Case Rate,225% of NYS APG. Lesser of 100% of billed charges applies.,7262.87,,,,,,,Case Rate,225% of NYS APG. Lesser of 100% of billed charges applies.,7262.87,,,,,,,Case Rate,225% of NYS APG. Lesser of 100% of billed charges applies.,7262.87,,,,,,,Case Rate,225% of NYS APG. Lesser of 100% of billed charges applies.,7262.87,,,,,,,Case Rate,225% of NYS APG. Lesser of 100% of billed charges applies.,7262.87,,,,,,,Case Rate,225% of NYS APG. Lesser of 100% of billed charges applies.,,,,,,,,,"NA. ",,,,,,,,,"NA. ",,,,,,,,,"NA. ",45917,,,,,,,Case Rate,". MPL 100/50/25% maxmium of 3 procedures. All add ons apply, and lesser of 100% of billed charges",,,,,,,,,"NA. ",13419.3,,,,,,,Case Rate,"100% Medicare OPPS FS. ",19469,,,,,,,Case Rate,". All add ons apply, and lesser of 100% of billed charges",13419.3,,,,,,,Case Rate,"100% Medicare OPPS FS. ",13419.3,,,,,,,Case Rate,"100% Medicare OPPS FS. ",3873.53,,,,,,,Case Rate,"120 Percent of Medicaid APG. Not APG payable, or payable under another fee schedule like ASP/AWP pays at 30% of charges",3873.53,,,,,,,Case Rate,"120 Percent of Medicaid APG. Not APG payable, or payable under another fee schedule like ASP/AWP pays at 30% of charges",3227.94,,,,,,,Case Rate,"100 Percent of Medicaid APG. Not APG payable, or payable under another fee schedule like ASP/AWP pays at 30% of charges",3227.94,,,,,,,Case Rate,"100 Percent of Medicaid APG. Not APG payable, or payable under another fee schedule like ASP/AWP pays at 30% of charges",3227.94,,,,,,,Case Rate,"100 Percent of Medicaid APG. ",7163,,,,,,,Case Rate,". ",49978,,,,,,,Case Rate,". Primary procedure pays at 100%, secondary at 50%, all subsequent at 25%.  Lesser of applies when negotiated rates exceed charges less addons.",36347,,,,,,,Case Rate,". Primary procedure pays at 100%, all subsequent at 50%.",45917,,,,,,,Case Rate,". MPL 100/50/25% maxmium of 3 procedures. All add ons apply, and lesser of 100% of billed charges",13419.3,,,,,,,Case Rate,"100%Medicare OPPS FS. ",13419.3,,,,,,,Case Rate,"100% Medicare OPPS FS. ",13419.3,,,,,,,Case Rate,"100% Medicare OPPS FS. ",13419.3,,,,,,,Case Rate,"100% Medicare OPPS FS. ",13419.3,,,,,,,Case Rate,"100%Medicare OPPS FS. ",13419.3,,,,,,,Case Rate,"100% Medicare OPPS FS. ",,,,,,,,,"NA. ",7262.87,,,,,,,Case Rate,225% of NYS APG. Lesser of 100% of billed charges applies.,,,,,,,,Fee Schedule,"Not payable. ",64677,,,,,,,Case Rate,. All Add ons apply except drugs and lesser of 100% of billed charges.,7163,,,,,,,Case Rate,". ",7163,,,,,,,Case Rate,". ",7163,,,,,,,Case Rate,". ",7163,,,,,,,Case Rate,". ",13419.3,,,,,,,Case Rate,"100% Medicare OPPS FS. ",3227.94,,,,,,,Case Rate,"100 Percent of Medicaid APG. ",64677,,,,,,,Case Rate,. All Add ons apply except drugs and lesser of 100% of billed charges.,3227.94,,,,,,,Case Rate,"100 Percent of Medicaid APG. ",13419.3,,,,,,,Case Rate,"100% Medicare OPPS FS. ",3227.94,,,,,,,Case Rate,"100 Percent of Medicaid APG. ",13419.3,,,,,,,Case Rate,"100% Medicare OPPS FS. ",13419.3,,,,,,,Case Rate,"100% Medicare OPPS FS. ",3227.94,,,,,,,Case Rate,"100 Percent of Medicaid APG. ",3227.94,,,,,,,Case Rate,"100 Percent of Medicaid APG. ",7163,,,,,,,Case Rate,". ",45917,,,,,,,Case Rate,". MPL 100/50/25% maxmium of 3 procedures. All add ons apply, and lesser of 100% of billed charges",37519.2558,78,,,,,0,percent of total billed charges,78% of Billed Charges. Lesser of 100% of billed charges applies.; No services were performed during the 15 month look back period.,20884.09,,,,,,,Case Rate,". MPL 100/50/25% all add ons apply, and lesser of 100% of billed charges",20884.09,,,,,,,Case Rate,". MPL 100/50/25% all add ons apply, and lesser of 100% of billed charges",49978,,,,,,,Case Rate,". Primary procedure pays at 100%, secondary at 50%, all subsequent at 25%.  Lesser of applies when negotiated rates exceed charges less addons.",6781.37,,,,,,,Case Rate,"98% of RBRVS. ",12574,,,,,,,Case Rate,". Primary procedure pays at 100%, all subsequent at 50%.",12574,,,,,,,Case Rate,". Primary procedure pays at 100%, all subsequent at 50%.",51742,,,,,,,Case Rate,. All Add ons apply except drugs and lesser of 100% of billed charges.,51742,,,,,,,Case Rate,. All Add ons apply except drugs and lesser of 100% of billed charges.,13419.3,,,,,,,Case Rate,"100% Medicare OPPS FS. ",13419.3,,,,,,,Case Rate,"100% Medicare OPPS FS. ",13419.3,,,,,,,Case Rate,"100% Medicare OPPS FS. ",13419.3,,,,,,,Case Rate,"100% Medicare OPPS FS. ",20884.09,,,,,,,Case Rate,". MPL 100/50/25% all add ons apply, and lesser of 100% of billed charges",64677,,,,,,,Case Rate,. All Add ons apply except drugs and lesser of 100% of billed charges.,64677,,,,,,,Case Rate,. All Add ons apply except drugs and lesser of 100% of billed charges.,13419.3,,,,,,,Case Rate,"100% Medicare OPPS FS. ",51742,,,,,,,Case Rate,. All Add ons apply except drugs and lesser of 100% of billed charges.,36347,,,,,,,Case Rate,". Primary procedure pays at 100%, all subsequent at 50%.",3873.53,,,,,,,Fee Schedule,"120 Percent of Medicaid APG. ",3227.94,,,,,,,Case Rate,"100 Percent of Medicaid APG. ",7163,,,,,,,Case Rate,". ",58209,,,,,,,Case Rate,. All Add ons apply except drugs and lesser of 100% of billed charges.,58209,,,,,,,Case Rate,. All Add ons apply except drugs and lesser of 100% of billed charges.,64677,,,,,,,Case Rate,. All Add ons apply except drugs and lesser of 100% of billed charges.,14948,,,,,,,Case Rate,". MPL 100/75/50% all add ons apply, and lesser of 100% of billed charges",13419.3,,,,,,,Case Rate,"100%Medicare OPPS FS. ",3389.34,,,,,,,Fee Schedule,105 percent of Medicaid APG. otherwise 105% of Ordered NYS MCD FS or 105% of ASP+6%,3389.34,,,,,,,Fee Schedule,105 percent of Medicaid APG. otherwise 105% of Ordered NYS MCD FS or 105% of ASP+6%,3389.34,,,,,,,Fee Schedule,105 percent of Medicaid APG. otherwise 105% of Ordered NYS MCD FS or 105% of ASP+6%,4357.72,,,,,,,Fee Schedule,135 percent of Medicaid APG. otherwise 135% of Ordered NYS MCD FS or 135% of ASP+6%,20884.09,,,,,,,Case Rate,". MPL 100/50/25% all add ons apply, and lesser of 100% of billed charges",3389.34,,,,,,,Fee Schedule,105 percent of Medicaid APG. otherwise 105% of Ordered NYS MCD FS or 105% of ASP+6%,3389.34,,,,,,,Fee Schedule,105 percent of Medicaid APG. otherwise 105% of Ordered NYS MCD FS or 105% of ASP+6%,3389.34,,,,,,,Fee Schedule,105 percent of Medicaid APG. otherwise 105% of Ordered NYS MCD FS or 105% of ASP+6%,3389.34,,,,,,,Fee Schedule,105 percent of Medicaid APG. otherwise 105% of Ordered NYS MCD FS or 105% of ASP+6%,3389.34,,,,,,,Fee Schedule,105 percent of Medicaid APG. otherwise 105% of Ordered NYS MCD FS or 105% of ASP+6%,4357.72,,,,,,,Fee Schedule,135 percent of Medicaid APG. otherwise 135% of Ordered NYS MCD FS or 135% of ASP+6%,4357.72,,,,,,,Fee Schedule,135 percent of Medicaid APG. otherwise 135% of Ordered NYS MCD FS or 135% of ASP+6%,13419.3,,,,,,,Case Rate,"100% Medicare OPPS FS. ",20884.09,,,,,,,Case Rate,". MPL 100/50/25% all add ons apply, and lesser of 100% of billed charges",13419.3,,,,,,,Case Rate,"100% Medicare OPPS FS. ",3389.34,,,,,,,Fee Schedule,105 percent of Medicaid APG. otherwise 105% of Ordered NYS MCD FS or 105% of ASP+6%,64677,,,,,,,Case Rate,. All Add ons apply except drugs and lesser of 100% of billed charges.,13419.3,,,,,,,Case Rate,"100% Medicare OPPS FS. ",64677,,,,,,,Case Rate,. All Add ons apply except drugs and lesser of 100% of billed charges.,64677,,,,,,,Case Rate,. All Add ons apply except drugs and lesser of 100% of billed charges.,64677,,,,,,,Case Rate,. All Add ons apply except drugs and lesser of 100% of billed charges.,3389.34,,,,,,,Fee Schedule,105 percent of Medicaid APG. otherwise 105% of Ordered NYS MCD FS or 105% of ASP+6%,13419.3,,,,,,,Case Rate,"100% Medicare OPPS FS. ",64677,,,,,,,Case Rate,. All Add ons apply except drugs and lesser of 100% of billed charges.,4357.72,,,,,,,Fee Schedule,135 percent of Medicaid APG. otherwise 135% of Ordered NYS MCD FS or 135% of ASP+6%,64677,,,,,,,Case Rate,. All Add ons apply except drugs and lesser of 100% of billed charges.,26838.59,,,,,,,Case Rate,"150% of Medicare OPPS. ",13419.3,,,,,,,Case Rate,"100%Medicare OPPS FS. ",7163,,,,,,,Case Rate,". ",7163,,,,,,,Case Rate,". ",7163,,,,,,,Case Rate,". ",7163,,,,,,,Case Rate,". ",7163,,,,,,,Case Rate,". ",36347,,,,,,,Case Rate,". Primary procedure pays at 100%, all subsequent at 50%.",36347,,,,,,,Case Rate,". Primary procedure pays at 100%, all subsequent at 50%.",7163,,,,,,,Case Rate,". ",7163,,,,,,,Case Rate,". ",7163,,,,,,,Case Rate,". ",7163,,,,,,,Case Rate,". ",7163,,,,,,,Case Rate,". ",13419.3,,,,,,,Case Rate,"100% Medicare OPPS FS. ",36347,,,,,,,Case Rate,". Primary procedure pays at 100%, all subsequent at 50%.",13419.3,,,,,,,Case Rate,"100% Medicare OPPS FS. ",7262.87,,,,,,,Case Rate,"225 Percent of Medicaid APG. If not included in Medicaid APG, then 100 Percent of Manhattan Medicare",3227.94,,,,,,,Case Rate,"100 Percent of Medicaid APG. ",20884.09,,,,,,,Case Rate,". MPL 100/50/25% all add ons apply, and lesser of 100% of billed charges",20884.09,,,,,,,Case Rate,". MPL 100/50/25% all add ons apply, and lesser of 100% of billed charges",13419.3,,,,,,,Case Rate,"100% Medicare OPPS FS. ",12574,,,,,,,Case Rate,". Primary procedure pays at 100%, all subsequent at 50%.",13419.3,,,,,,,Case Rate,"100% Medicare OPPS FS. ",13419.3,,,,,,,Case Rate,"100% Medicare OPPS FS. ",49978,,,,,,,Case Rate,". Primary procedure pays at 100%, secondary at 50%, all subsequent at 25%.  Lesser of applies when negotiated rates exceed charges less addons.",13419.3,,,,,,,Case Rate,"100% Medicare OPPS FS. ",45917,,,,,,,Case Rate,". MPL 100/50/25% maxmium of 3 procedures. All add ons apply, and lesser of 100% of billed charges",13419.3,,,,,,,Case Rate,"100% Medicare OPPS FS. ",45917,,,,,,,Case Rate,". MPL 100/50/25% maxmium of 3 procedures. All add ons apply, and lesser of 100% of billed charges",49978,,,,,,,Case Rate,". Primary procedure pays at 100%, secondary at 50%, all subsequent at 25%.  Lesser of applies when negotiated rates exceed charges less addons.",45917,,,,,,,Case Rate,". MPL 100/50/25% maxmium of 3 procedures. All add ons apply, and lesser of 100% of billed charges",13419.3,,,,,,,Case Rate,"100% Medicare OPPS FS. ",3227.94,,,,,,,Case Rate,"100 Percent of Medicaid APG. ",13419.3,,,,,,,Case Rate,"100% Medicare OPPS FS. ",45917,,,,,,,Case Rate,". MPL 100/50/25% maxmium of 3 procedures. All add ons apply, and lesser of 100% of billed charges",20884.09,,,,,,,Case Rate,". MPL 100/50/25% all add ons apply, and lesser of 100% of billed charges",3227.94,,,,,,,Case Rate,"100 Percent of Medicaid APG. ",64677,,,,,,,Case Rate,. All Add ons apply except drugs and lesser of 100% of billed charges.,3873.53,,,,,,,Fee Schedule,"120 Percent of Medicaid APG. ",3873.53,,,,,,,Fee Schedule,"120 Percent of Medicaid APG. ",64677,,,,,,,Case Rate,. All Add ons apply except drugs and lesser of 100% of billed charges.,64677,,,,,,,Case Rate,. All Add ons apply except drugs and lesser of 100% of billed charges.,64677,,,,,,,Case Rate,. All Add ons apply except drugs and lesser of 100% of billed charges.,20884.09,,,,,,,Case Rate,". MPL 100/50/25% all add ons apply, and lesser of 100% of billed charges",64677,,,,,,,Case Rate,. All Add ons apply except drugs and lesser of 100% of billed charges.,64677,,,,,,,Case Rate,. All Add ons apply except drugs and lesser of 100% of billed charges.,64677,,,,,,,Case Rate,. All Add ons apply except drugs and lesser of 100% of billed charges.,7163,,,,,,,Case Rate,". ",7163,,,,,,,Case Rate,". ",26570.21,,,,,,,Case Rate,198 Percent of Medicare OPPS. Metroplus will reimburse unlisted codes and described codes with no Medicare rate at 50 percent of charges.,3227.94,,,,,,,Case Rate,"100 Percent of Medicaid APG. ",20884.09,,,,,,,Case Rate,". MPL 100/50/25% all add ons apply, and lesser of 100% of billed charges",45917,,,,,,,Case Rate,". MPL 100/50/25% maxmium of 3 procedures. All add ons apply, and lesser of 100% of billed charges",49978,,,,,,,Case Rate,". Primary procedure pays at 100%, secondary at 50%, all subsequent at 25%.  Lesser of applies when negotiated rates exceed charges less addons.",20884.09,,,,,,,Case Rate,". MPL 100/50/25% all add ons apply, and lesser of 100% of billed charges",49978,,,,,,,Case Rate,". Primary procedure pays at 100%, secondary at 50%, all subsequent at 25%.  Lesser of applies when negotiated rates exceed charges less addons.",20884.09,,,,,,,Case Rate,". MPL 100/50/25% all add ons apply, and lesser of 100% of billed charges",64677,,,,,,,Case Rate,. All Add ons apply except drugs and lesser of 100% of billed charges.,64677,,,,,,,Case Rate,. All Add ons apply except drugs and lesser of 100% of billed charges.,64677,,,,,,,Case Rate,. All Add ons apply except drugs and lesser of 100% of billed charges.,64677,,,,,,,Case Rate,. All Add ons apply except drugs and lesser of 100% of billed charges.,13419.3,,,,,,,Case Rate,"100% Medicare OPPS FS. ",481.0161,64677,
G0157,HCPCS,2025832,LOCAL,421,RC,HC HH HHC PT ASSISTANT EA 15 MIN,,,both,,,,,50,,,,,0,percent of total billed charges,50% of Billed Charges. Lesser of 100% of billed charges applies.; No services were performed during the 15 month look back period.,,50,,,,,0,percent of total billed charges,50% of Billed Charges. Lesser of 100% of billed charges applies.; No services were performed during the 15 month look back period.,,60,,,,,0,percent of total billed charges,60 percent of billed charges; No services were performed during the 15 month look back period.,,100,,,,,0,percent of total billed charges,100 percent of billed charges. ; No services were performed during the 15 month look back period.,,,,,,,,Other,"Not Payable. ",,60,,,,,0,percent of total billed charges,60 percent of billed charges; No services were performed during the 15 month look back period.,,60,,,,,0,percent of total billed charges,60 percent of billed charges; No services were performed during the 15 month look back period.,,60,,,,,0,percent of total billed charges,60 percent of billed charges; No services were performed during the 15 month look back period.,,,,,,,,Other,"100 Percent of Medicaid APG. ",,,,,,,,Other,"100 Percent of Medicaid APG. ",,78,,,,,0,percent of total billed charges,78% of Billed Charges. Lesser of 100% of billed charges applies.; No services were performed during the 15 month look back period.,380.97,,,,,,,Per Diem,853% of Medicare. Lesser of 100% of billed charges applies.,,,,,,,,Other,"100 Percent of Medicaid APG. ",,,,,,,,Other,"Not Payable. ",393,,,,,,,Per Diem,. Paid once per unique code per service date and lesser of 100% of billed charges.,393,,,,,,,Per Diem,. Paid once per unique code per service date and lesser of 100% of billed charges.,393,,,,,,,Per Diem,. Paid once per unique code per service date and lesser of 100% of billed charges.,393,,,,,,,Per Diem,. Paid once per unique code per service date and lesser of 100% of billed charges.,,1,,,,,0,percent of total billed charges,NA. Covered services not payable under Medicaid Fee Schedules default to a payment of 50 percent of charges.; No services were performed during the 15 month look back period.,,,,,,,,Other,"Not Payable. ",,1,,,,,0,percent of total billed charges,NA. Covered services not payable under Medicaid Fee Schedules default to a payment of 50 percent of charges.; No services were performed during the 15 month look back period.,,78,,,,,0,percent of total billed charges,78% of Billed Charges. Lesser of 100% of billed charges applies.; No services were performed during the 15 month look back period.,,60,,,,,0,percent of total billed charges,60 percent of billed charges; No services were performed during the 15 month look back period.,,,,,,,,Other,"Not Payable. ",,73,,,,,0,percent of total billed charges,73 percent of billed charges; No services were performed during the 15 month look back period.,,,,,,,,Other,"Not Payable. ",,,,,,,,Other,"Not Payable. ",,78,,,,,0,percent of total billed charges,78% of Billed Charges. Lesser of 100% of billed charges applies.; No services were performed during the 15 month look back period.,,,,,,,,Fee Schedule,"Not payable. ",,,,,,,,Fee Schedule,"Not payable. ",,,,,,,,Fee schedule,"90 Percent of Medicare RBRVS. ",,,,,,,,Fee schedule,"90 Percent of Medicare RBRVS. ",,73,,,,,0,percent of total billed charges,73 percent of billed charges; No services were performed during the 15 month look back period.,,73,,,,,0,percent of total billed charges,73 percent of billed charges; No services were performed during the 15 month look back period.,,,,,,,,Other,"100 Percent of Medicaid APG. Not APG payable, or payable under another fee schedule like ASP/AWP pays at 30% of charges",,73,,,,,0,percent of total billed charges,73 percent of billed charges; No services were performed during the 15 month look back period.,,,,,,,,Other,"100 Percent of Medicaid APG. Not APG payable, or payable under another fee schedule like ASP/AWP pays at 30% of charges",,,,,,,,Other,"Not Payable. ",,73,,,,,0,percent of total billed charges,73 percent of billed charges; No services were performed during the 15 month look back period.,,78,,,,,0,percent of total billed charges,78% of Billed Charges. Lesser of 100% of billed charges applies.; No services were performed during the 15 month look back period.,,,,,,,,Other,"100 Percent of Medicaid APG. If not priced under APG, then Metroplus FeeSched",,,,,,,,Other,"100 Percent of Medicaid APG. If not priced under APG, then Metroplus FeeSched",,78,,,,,0,percent of total billed charges,78% of Billed Charges. Lesser of 100% of billed charges applies.; No services were performed during the 15 month look back period.,393,,,,,,,Per Diem,. Paid once per unique code per service date and lesser of 100% of billed charges.,357.82,,,,,,,Per Diem,. Paid once per unique code per service date and lesser of 100% of billed charges.,357.82,,,,,,,Per Diem,. Paid once per unique code per service date and lesser of 100% of billed charges.,,78,,,,,0,percent of total billed charges,78% of Billed Charges. Lesser of 100% of billed charges applies.; No services were performed during the 15 month look back period.,,,,,,,,Other,"Not Payable. ",380.97,,,,,,,Per Diem,853% of Medicare. Lesser of 100% of billed charges applies.,380.97,,,,,,,Per Diem,853% of Medicare. Lesser of 100% of billed charges applies.,380.97,,,,,,,Per Diem,853% of Medicare. Lesser of 100% of billed charges applies.,,,,,,,,Other,"Not Payable. ",380.97,,,,,,,Per Diem,853% of Medicare. Lesser of 100% of billed charges applies.,380.97,,,,,,,Per Diem,853% of Medicare. Lesser of 100% of billed charges applies.,,,,,,,,Other,"Not Payable. ",596,,,,,,,Per Diem,. Paid once per unique code per service date and lesser of 100% of billed charges.,,65,,,,,0,percent of total billed charges,65 percent of billed charges; No services were performed during the 15 month look back period.,,65,,,,,0,percent of total billed charges,65 percent of billed charges; No services were performed during the 15 month look back period.,,65,,,,,0,percent of total billed charges,65 percent of billed charges; No services were performed during the 15 month look back period.,,65,,,,,0,percent of total billed charges,65 percent of billed charges; No services were performed during the 15 month look back period.,,65,,,,,0,percent of total billed charges,65 percent of billed charges; No services were performed during the 15 month look back period.,,65,,,,,0,percent of total billed charges,65 percent of billed charges; No services were performed during the 15 month look back period.,,,,,,,,Other,"Not Payable. ",,,,,,,,Other,"Not Payable. ",,65,,,,,0,percent of total billed charges,65 percent of billed charges; No services were performed during the 15 month look back period.,,78,,,,,0,percent of total billed charges,78% of Billed Charges. Lesser of 100% of billed charges applies.; No services were performed during the 15 month look back period.,,78,,,,,0,percent of total billed charges,78% of Billed Charges. Lesser of 100% of billed charges applies.; No services were performed during the 15 month look back period.,,78,,,,,0,percent of total billed charges,78% of Billed Charges. Lesser of 100% of billed charges applies.; No services were performed during the 15 month look back period.,,78,,,,,0,percent of total billed charges,78% of Billed Charges. Lesser of 100% of billed charges applies.; No services were performed during the 15 month look back period.,,78,,,,,0,percent of total billed charges,78% of Billed Charges. Lesser of 100% of billed charges applies.; No services were performed during the 15 month look back period.,,78,,,,,0,percent of total billed charges,78% of Billed Charges. Lesser of 100% of billed charges applies.; No services were performed during the 15 month look back period.,,78,,,,,0,percent of total billed charges,78% of Billed Charges. Lesser of 100% of billed charges applies.; No services were performed during the 15 month look back period.,,78,,,,,0,percent of total billed charges,78% of Billed Charges. Lesser of 100% of billed charges applies.; No services were performed during the 15 month look back period.,,78,,,,,0,percent of total billed charges,78% of Billed Charges. Lesser of 100% of billed charges applies.; No services were performed during the 15 month look back period.,,78,,,,,0,percent of total billed charges,78% of Billed Charges. Lesser of 100% of billed charges applies.; No services were performed during the 15 month look back period.,,78,,,,,0,percent of total billed charges,78% of Billed Charges. Lesser of 100% of billed charges applies.; No services were performed during the 15 month look back period.,,78,,,,,0,percent of total billed charges,78% of Billed Charges. Lesser of 100% of billed charges applies.; No services were performed during the 15 month look back period.,,78,,,,,0,percent of total billed charges,78% of Billed Charges. Lesser of 100% of billed charges applies.; No services were performed during the 15 month look back period.,,78,,,,,0,percent of total billed charges,78% of Billed Charges. Lesser of 100% of billed charges applies.; No services were performed during the 15 month look back period.,,78,,,,,0,percent of total billed charges,78% of Billed Charges. Lesser of 100% of billed charges applies.; No services were performed during the 15 month look back period.,,78,,,,,0,percent of total billed charges,78% of Billed Charges. Lesser of 100% of billed charges applies.; No services were performed during the 15 month look back period.,,78,,,,,0,percent of total billed charges,78% of Billed Charges. Lesser of 100% of billed charges applies.; No services were performed during the 15 month look back period.,,78,,,,,0,percent of total billed charges,78% of Billed Charges. Lesser of 100% of billed charges applies.; No services were performed during the 15 month look back period.,,78,,,,,0,percent of total billed charges,78% of Billed Charges. Lesser of 100% of billed charges applies.; No services were performed during the 15 month look back period.,,78,,,,,0,percent of total billed charges,78% of Billed Charges. Lesser of 100% of billed charges applies.; No services were performed during the 15 month look back period.,,78,,,,,0,percent of total billed charges,78% of Billed Charges. Lesser of 100% of billed charges applies.; No services were performed during the 15 month look back period.,,78,,,,,0,percent of total billed charges,78% of Billed Charges. Lesser of 100% of billed charges applies.; No services were performed during the 15 month look back period.,,78,,,,,0,percent of total billed charges,78% of Billed Charges. Lesser of 100% of billed charges applies.; No services were performed during the 15 month look back period.,,78,,,,,0,percent of total billed charges,78% of Billed Charges. Lesser of 100% of billed charges applies.; No services were performed during the 15 month look back period.,,78,,,,,0,percent of total billed charges,78% of Billed Charges. Lesser of 100% of billed charges applies.; No services were performed during the 15 month look back period.,,78,,,,,0,percent of total billed charges,78% of Billed Charges. Lesser of 100% of billed charges applies.; No services were performed during the 15 month look back period.,,73,,,,,0,percent of total billed charges,73 percent of billed charges; No services were performed during the 15 month look back period.,,73,,,,,0,percent of total billed charges,73 percent of billed charges; No services were performed during the 15 month look back period.,,73,,,,,0,percent of total billed charges,73 percent of billed charges; No services were performed during the 15 month look back period.,,73,,,,,0,percent of total billed charges,73 percent of billed charges; No services were performed during the 15 month look back period.,,80,,,,,0,percent of total billed charges,80 percent of billed charges; No services were performed during the 15 month look back period.,,80,,,,,0,percent of total billed charges,80 percent of billed charges; No services were performed during the 15 month look back period.,393,,,,,,,Per Diem,. Paid once per unique code per service date and lesser of 100% of billed charges.,,65,,,,,0,percent of total billed charges,65 percent of billed charges; No services were performed during the 15 month look back period.,380.97,,,,,,,Per Diem,853% of Medicare. Lesser of 100% of billed charges applies.,,65,,,,,0,percent of total billed charges,65 percent of billed charges; No services were performed during the 15 month look back period.,,78,,,,,0,percent of total billed charges,78% of Billed Charges. Lesser of 100% of billed charges applies.; No services were performed during the 15 month look back period.,,80,,,,,0,percent of total billed charges,80 percent of billed charges; No services were performed during the 15 month look back period.,,65,,,,,0,percent of total billed charges,65 percent of billed charges; No services were performed during the 15 month look back period.,380.97,,,,,,,Per Diem,853% of Medicare. Lesser of 100% of billed charges applies.,393,,,,,,,Per Diem,. Paid once per unique code per service date and lesser of 100% of billed charges.,,,,,,,,,"NA. ",,78,,,,,0,percent of total billed charges,78% of Billed Charges. Lesser of 100% of billed charges applies.; No services were performed during the 15 month look back period.,,,,,,,,Other,"100 Percent of Medicaid APG. ",,73,,,,,0,percent of total billed charges,73 percent of billed charges; No services were performed during the 15 month look back period.,,,,,,,,Other,"100 Percent of Medicaid APG. Not APG payable, or payable under another fee schedule like ASP/AWP pays at 30% of charges",,,,,,,,Other,"Not Payable. ",,,,,,,,Other,"Not Payable. ",596,,,,,,,Per Diem,. Paid once per unique code per service date and lesser of 100% of billed charges.,,,,,,,,Other,"Not Payable. ",,,,,,,,Other,"Not Payable. ",,,,,,,,Other,"100 Percent of Medicaid APG. ",,,,,,,,Other,"Not Payable. ",,,,,,,,Other,"Not Payable. ",,60,,,,,0,percent of total billed charges,60 percent of billed charges; No services were performed during the 15 month look back period.,,60,,,,,0,percent of total billed charges,60 percent of billed charges; No services were performed during the 15 month look back period.,,,,,,,,Other,"Not Payable. ",393,,,,,,,Per Diem,. Paid once per unique code per service date and lesser of 100% of billed charges.,380.97,,,,,,,Per Diem,853% of Medicare. Lesser of 100% of billed charges applies.,380.97,,,,,,,Per Diem,853% of Medicare. Lesser of 100% of billed charges applies.,,,,,,,,Other,"Not Payable. ",393,,,,,,,Per Diem,. Paid once per unique code per service date and lesser of 100% of billed charges.,,60,,,,,0,percent of total billed charges,60 percent of billed charges; No services were performed during the 15 month look back period.,,60,,,,,0,percent of total billed charges,60 percent of billed charges; No services were performed during the 15 month look back period.,,60,,,,,0,percent of total billed charges,60 percent of billed charges; No services were performed during the 15 month look back period.,,78,,,,,0,percent of total billed charges,78% of Billed Charges. Lesser of 100% of billed charges applies.; No services were performed during the 15 month look back period.,,78,,,,,0,percent of total billed charges,78% of Billed Charges. Lesser of 100% of billed charges applies.; No services were performed during the 15 month look back period.,,78,,,,,0,percent of total billed charges,78% of Billed Charges. Lesser of 100% of billed charges applies.; No services were performed during the 15 month look back period.,,78,,,,,0,percent of total billed charges,78% of Billed Charges. Lesser of 100% of billed charges applies.; No services were performed during the 15 month look back period.,,78,,,,,0,percent of total billed charges,78% of Billed Charges. Lesser of 100% of billed charges applies.; No services were performed during the 15 month look back period.,,78,,,,,0,percent of total billed charges,78% of Billed Charges. Lesser of 100% of billed charges applies.; No services were performed during the 15 month look back period.,,78,,,,,0,percent of total billed charges,78% of Billed Charges. Lesser of 100% of billed charges applies.; No services were performed during the 15 month look back period.,,78,,,,,0,percent of total billed charges,78% of Billed Charges. Lesser of 100% of billed charges applies.; No services were performed during the 15 month look back period.,,78,,,,,0,percent of total billed charges,78% of Billed Charges. Lesser of 100% of billed charges applies.; No services were performed during the 15 month look back period.,,78,,,,,0,percent of total billed charges,78% of Billed Charges. Lesser of 100% of billed charges applies.; No services were performed during the 15 month look back period.,,78,,,,,0,percent of total billed charges,78% of Billed Charges. Lesser of 100% of billed charges applies.; No services were performed during the 15 month look back period.,,80,,,,,0,percent of total billed charges,80 percent of billed charges; No services were performed during the 15 month look back period.,,65,,,,,0,percent of total billed charges,65 percent of billed charges; No services were performed during the 15 month look back period.,393,,,,,,,Per Diem,. Paid once per unique code per service date and lesser of 100% of billed charges.,,,,,,,,Other,"Not Payable. ",,60,,,,,0,percent of total billed charges,60 percent of billed charges; No services were performed during the 15 month look back period.,393,,,,,,,Per Diem,. Paid once per unique code per service date and lesser of 100% of billed charges.,393,,,,,,,Per Diem,. Paid once per unique code per service date and lesser of 100% of billed charges.,,78,,,,,0,percent of total billed charges,78% of Billed Charges. Lesser of 100% of billed charges applies.; No services were performed during the 15 month look back period.,,,,,,,,Other,"214 Percent of Medicaid APG. ",393,,,,,,,Per Diem,. Paid once per unique code per service date and lesser of 100% of billed charges.,,,,,,,,Other,"100 Percent of Medicaid APG. ",,,,,,,,Other,"Not Payable. ",,,,,,,,Other,"Not Payable. ",,,,,,,,Other,"Not Payable. ",,,,,,,,Other,"Not Payable. ",,,,,,,,Other,"Not Payable. ",,,,,,,,Other,"Not Payable. ",393,,,,,,,Per Diem,. Paid once per unique code per service date and lesser of 100% of billed charges.,596,,,,,,,Per Diem,. Paid once per unique code per service date and lesser of 100% of billed charges.,,1,,,,,0,percent of total billed charges,NA. ; No services were performed during the 15 month look back period.,,1,,,,,0,percent of total billed charges,NA. ; No services were performed during the 15 month look back period.,,1,,,,,0,percent of total billed charges,NA. ; No services were performed during the 15 month look back period.,,1,,,,,0,percent of total billed charges,NA. ; No services were performed during the 15 month look back period.,,1,,,,,0,percent of total billed charges,NA. ; No services were performed during the 15 month look back period.,,,,,,,,,"NA. ",596,,,,,,,Per Diem,. Paid once per unique code per service date and lesser of 100% of billed charges.,,,,,,,,Fee Schedule,"Not Payable. ",,,,,,,,Fee Schedule,"Not Payable. ",,,,,,,,Fee Schedule,"Not Payable. ",,,,,,,,Fee Schedule,"Not Payable. ",,,,,,,,Fee Schedule,"Not Payable. ",,,,,,,,Other,"Not Payable. ",,80,,,,,0,percent of total billed charges,80 percent of billed charges; No services were performed during the 15 month look back period.,,80,,,,,0,percent of total billed charges,80 percent of billed charges; No services were performed during the 15 month look back period.,,80,,,,,0,percent of total billed charges,80 percent of billed charges; No services were performed during the 15 month look back period.,,80,,,,,0,percent of total billed charges,80 percent of billed charges; No services were performed during the 15 month look back period.,,60,,,,,0,percent of total billed charges,60 percent of billed charges; No services were performed during the 15 month look back period.,,60,,,,,0,percent of total billed charges,60 percent of billed charges; No services were performed during the 15 month look back period.,,60,,,,,0,percent of total billed charges,60 percent of billed charges; No services were performed during the 15 month look back period.,,60,,,,,0,percent of total billed charges,60 percent of billed charges; No services were performed during the 15 month look back period.,596,,,,,,,Per Diem,. Paid once per unique code per service date and lesser of 100% of billed charges.,596,,,,,,,Per Diem,. Paid once per unique code per service date and lesser of 100% of billed charges.,,,,,,,,Other,"Not Payable. ",,,,,,,,Other,"Not Payable. ",,,,,,,,Other,"Not Payable. ",,65,,,,,0,percent of total billed charges,65 percent of billed charges; No services were performed during the 15 month look back period.,,65,,,,,0,percent of total billed charges,65 percent of billed charges; No services were performed during the 15 month look back period.,,65,,,,,0,percent of total billed charges,65 percent of billed charges; No services were performed during the 15 month look back period.,596,,,,,,,Per Diem,. Paid once per unique code per service date and lesser of 100% of billed charges.,,60,,,,,0,percent of total billed charges,60 percent of billed charges; No services were performed during the 15 month look back period.,,,,,,,,Other,"Not Payable. ",,65,,,,,0,percent of total billed charges,65 percent of billed charges; No services were performed during the 15 month look back period.,,,,,,,,Other,"100 Percent of Medicaid APG. ",,,,,,,,Other,"Not Payable. ",,,,,,,,Other,"Not Payable. ",,,,,,,,Other,"Not Payable. ",,,,,,,,Fee schedule,"90 Percent of Medicare RBRVS. ",,,,,,,,Fee Schedule,225% of NYS APG. Lesser of 100% of billed charges applies.,,,,,,,,Fee Schedule,225% of NYS APG. Lesser of 100% of billed charges applies.,,,,,,,,Fee Schedule,225% of NYS APG. Lesser of 100% of billed charges applies.,,,,,,,,Fee Schedule,225% of NYS APG. Lesser of 100% of billed charges applies.,,,,,,,,Fee Schedule,225% of NYS APG. Lesser of 100% of billed charges applies.,,,,,,,,Other,"Not Payable. ",,,,,,,,Other,"100 Percent of Medicaid APG. ",,,,,,,,Fee Schedule,"Not payable. ",,,,,,,,Fee Schedule,225% of NYS APG. Lesser of 100% of billed charges applies.,,,,,,,,Fee Schedule,225% of NYS APG. Lesser of 100% of billed charges applies.,,,,,,,,Fee Schedule,"Not payable. ",,,,,,,,Fee Schedule,"Not payable. ",,1,,,,,0,percent of total billed charges,NA. ; No services were performed during the 15 month look back period.,,,,,,,,Other,"Not Payable. ",,,,,,,,Other,"Not Payable. ",,60,,,,,0,percent of total billed charges,60 percent of billed charges; No services were performed during the 15 month look back period.,,,,,,,,Other,"Not Payable. ",,,,,,,,Fee Schedule,"225 Percent of Medicaid APG. ",,,,,,,,Fee Schedule,"225 Percent of Medicaid APG. ",,,,,,,,Fee schedule,"90 Percent of Medicare RBRVS. ",,,,,,,,Fee schedule,"90 Percent of Medicare RBRVS. ",,,,,,,,Case Rate,225 Percent of Medicaid APG. Covered services not payable under Medicaid Fee Schedules default to a payment of 87.5 percent of charges.,,1,,,,,0,percent of total billed charges,NA. Covered services not payable under Medicaid Fee Schedules default to a payment of 50 percent of charges.; No services were performed during the 15 month look back period.,,,,,,,,Other,"100 Percent of Medicaid APG. ",,,,,,,,Other,"100 Percent of Medicaid APG. ",,,,,,,,Other,"100 Percent of Medicaid APG. ",,,,,,,,Other,"100 Percent of Medicaid APG. ",370,,,,,,,Per Diem,. Paid once per unique code per service date and lesser of 100% of billed charges.,596,,,,,,,Per Diem,. Paid once per unique code per service date and lesser of 100% of billed charges.,,,,,,,,Other,"120 Percent of Medicaid APG. Not APG payable, or payable under another fee schedule like ASP/AWP pays at 30% of charges",,,,,,,,Other,"120 Percent of Medicaid APG. Not APG payable, or payable under another fee schedule like ASP/AWP pays at 30% of charges",,,,,,,,Other,"100 Percent of Medicaid APG. Not APG payable, or payable under another fee schedule like ASP/AWP pays at 30% of charges",,,,,,,,Other,"100 Percent of Medicaid APG. Not APG payable, or payable under another fee schedule like ASP/AWP pays at 30% of charges",,65,,,,,0,percent of total billed charges,65 percent of billed charges; No services were performed during the 15 month look back period.,,65,,,,,0,percent of total billed charges,65 percent of billed charges; No services were performed during the 15 month look back period.,,,,,,,,Other,"Not Payable. ",,65,,,,,0,percent of total billed charges,65 percent of billed charges; No services were performed during the 15 month look back period.,,65,,,,,0,percent of total billed charges,65 percent of billed charges; No services were performed during the 15 month look back period.,,65,,,,,0,percent of total billed charges,65 percent of billed charges; No services were performed during the 15 month look back period.,,65,,,,,0,percent of total billed charges,65 percent of billed charges; No services were performed during the 15 month look back period.,,,,,,,,Other,"Not Payable. ",,65,,,,,0,percent of total billed charges,65 percent of billed charges; No services were performed during the 15 month look back period.,,65,,,,,0,percent of total billed charges,65 percent of billed charges; No services were performed during the 15 month look back period.,,60,,,,,0,percent of total billed charges,60 percent of billed charges; No services were performed during the 15 month look back period.,,,,,,,,Fee Schedule,100% of RBRVS. Lesser of 100% of billed charges applies.,,1,,,,,0,percent of total billed charges,NA. Covered services not payable under Medicaid Fee Schedules default to a payment of 50 percent of charges.; No services were performed during the 15 month look back period.,,,,,,,,Fee Schedule,225% of NYS APG. Lesser of 100% of billed charges applies.,,,,,,,,Case Rate,225 Percent of Medicaid APG. Covered services not payable under Medicaid Fee Schedules default to a payment of 87.5 percent of charges.,,1,,,,,0,percent of total billed charges,NA. Covered services not payable under Medicaid Fee Schedules default to a payment of 50 percent of charges.; No services were performed during the 15 month look back period.,,,,,,,,Fee Schedule,225% of NYS APG. Lesser of 100% of billed charges applies.,,,,,,,,Fee Schedule,225% of NYS APG. Lesser of 100% of billed charges applies.,,,,,,,,Fee Schedule,225% of NYS APG. Lesser of 100% of billed charges applies.,,,,,,,,Fee Schedule,225% of NYS APG. Lesser of 100% of billed charges applies.,,,,,,,,Fee Schedule,225% of NYS APG. Lesser of 100% of billed charges applies.,,,,,,,,Fee Schedule,225% of NYS APG. Lesser of 100% of billed charges applies.,,,,,,,,,"NA. ",,,,,,,,,"NA. ",,,,,,,,,"NA. ",393,,,,,,,Per Diem,. Paid once per unique code per service date and lesser of 100% of billed charges.,,,,,,,,,"NA. ",,,,,,,,Other,"Not Payable. ",,50,,,,,0,percent of total billed charges,50% of Billed Charges. Lesser of 100% of billed charges applies.; No services were performed during the 15 month look back period.,,,,,,,,Other,"Not Payable. ",,,,,,,,Other,"Not Payable. ",,,,,,,,Other,"120 Percent of Medicaid APG. Not APG payable, or payable under another fee schedule like ASP/AWP pays at 30% of charges",,,,,,,,Other,"120 Percent of Medicaid APG. Not APG payable, or payable under another fee schedule like ASP/AWP pays at 30% of charges",,,,,,,,Other,"100 Percent of Medicaid APG. Not APG payable, or payable under another fee schedule like ASP/AWP pays at 30% of charges",,,,,,,,Other,"100 Percent of Medicaid APG. Not APG payable, or payable under another fee schedule like ASP/AWP pays at 30% of charges",,,,,,,,Other,"100 Percent of Medicaid APG. ",,73,,,,,0,percent of total billed charges,73 percent of billed charges; No services were performed during the 15 month look back period.,,60,,,,,0,percent of total billed charges,60 percent of billed charges; No services were performed during the 15 month look back period.,,73,,,,,0,percent of total billed charges,73 percent of billed charges; No services were performed during the 15 month look back period.,393,,,,,,,Per Diem,. Paid once per unique code per service date and lesser of 100% of billed charges.,,,,,,,,Other,"Not Payable. ",,,,,,,,Other,"Not Payable. ",,,,,,,,Other,"Not Payable. ",,,,,,,,Other,"Not Payable. ",,,,,,,,Other,"Not Payable. ",,,,,,,,Other,"Not Payable. ",,,,,,,,,"NA. ",,,,,,,,Fee Schedule,225% of NYS APG. Lesser of 100% of billed charges applies.,,,,,,,,Fee Schedule,"Not payable. ",,65,,,,,0,percent of total billed charges,65 percent of billed charges; No services were performed during the 15 month look back period.,,73,,,,,0,percent of total billed charges,73 percent of billed charges; No services were performed during the 15 month look back period.,,73,,,,,0,percent of total billed charges,73 percent of billed charges; No services were performed during the 15 month look back period.,,73,,,,,0,percent of total billed charges,73 percent of billed charges; No services were performed during the 15 month look back period.,,73,,,,,0,percent of total billed charges,73 percent of billed charges; No services were performed during the 15 month look back period.,,,,,,,,Other,"Not Payable. ",,,,,,,,Other,"100 Percent of Medicaid APG. ",,65,,,,,0,percent of total billed charges,65 percent of billed charges; No services were performed during the 15 month look back period.,,,,,,,,Other,"100 Percent of Medicaid APG. ",,,,,,,,Other,"Not Payable. ",,,,,,,,Other,"100 Percent of Medicaid APG. ",,,,,,,,Other,"Not Payable. ",,,,,,,,Other,"Not Payable. ",,,,,,,,Other,"100 Percent of Medicaid APG. ",,,,,,,,Other,"100 Percent of Medicaid APG. ",,73,,,,,0,percent of total billed charges,73 percent of billed charges; No services were performed during the 15 month look back period.,393,,,,,,,Per Diem,. Paid once per unique code per service date and lesser of 100% of billed charges.,,78,,,,,0,percent of total billed charges,78% of Billed Charges. Lesser of 100% of billed charges applies.; No services were performed during the 15 month look back period.,380.97,,,,,,,Per Diem,853% of Medicare. Lesser of 100% of billed charges applies.,380.97,,,,,,,Per Diem,853% of Medicare. Lesser of 100% of billed charges applies.,,60,,,,,0,percent of total billed charges,60 percent of billed charges; No services were performed during the 15 month look back period.,,,,,,,,Other,"Not Payable. ",,80,,,,,0,percent of total billed charges,80 percent of billed charges; No services were performed during the 15 month look back period.,,80,,,,,0,percent of total billed charges,80 percent of billed charges; No services were performed during the 15 month look back period.,,52,,,,,0,percent of total billed charges,52 percent of billed charges; No services were performed during the 15 month look back period.,,52,,,,,0,percent of total billed charges,52 percent of billed charges; No services were performed during the 15 month look back period.,,,,,,,,Other,"Not Payable. ",,,,,,,,Other,"Not Payable. ",,,,,,,,Other,"Not Payable. ",,,,,,,,Other,"Not Payable. ",380.97,,,,,,,Per Diem,853% of Medicare. Lesser of 100% of billed charges applies.,,65,,,,,0,percent of total billed charges,65 percent of billed charges; No services were performed during the 15 month look back period.,,65,,,,,0,percent of total billed charges,65 percent of billed charges; No services were performed during the 15 month look back period.,,,,,,,,Other,"Not Payable. ",,52,,,,,0,percent of total billed charges,52 percent of billed charges; No services were performed during the 15 month look back period.,,73,,,,,0,percent of total billed charges,73 percent of billed charges; No services were performed during the 15 month look back period.,,,,,,,,Fee Schedule,"120 Percent of Medicaid APG. ",,,,,,,,Other,"100 Percent of Medicaid APG. ",,73,,,,,0,percent of total billed charges,73 percent of billed charges; No services were performed during the 15 month look back period.,,59,,,,,0,percent of total billed charges,59 percent of billed charges; No services were performed during the 15 month look back period.,,59,,,,,0,percent of total billed charges,59 percent of billed charges; No services were performed during the 15 month look back period.,,65,,,,,0,percent of total billed charges,65 percent of billed charges; No services were performed during the 15 month look back period.,411,,,,,,,Per Diem,. Paid once per unique code per service date and lesser of 100% of billed charges.,,,,,,,,Other,"Not Payable. ",,,,,,,,Fee Schedule,"Not payable. ",,,,,,,,Fee Schedule,"Not payable. ",,,,,,,,Fee Schedule,"Not payable. ",,,,,,,,Fee Schedule,"Not payable. ",380.97,,,,,,,Per Diem,853% of Medicare. Lesser of 100% of billed charges applies.,,,,,,,,Fee Schedule,"Not payable. ",,,,,,,,Fee Schedule,"Not payable. ",,,,,,,,Fee Schedule,"Not payable. ",,,,,,,,Fee Schedule,"Not payable. ",,,,,,,,Fee Schedule,"Not payable. ",,,,,,,,Fee Schedule,"Not payable. ",,,,,,,,Fee Schedule,"Not payable. ",,,,,,,,Other,"Not Payable. ",380.97,,,,,,,Per Diem,853% of Medicare. Lesser of 100% of billed charges applies.,,,,,,,,Other,"Not Payable. ",,,,,,,,Fee Schedule,"Not payable. ",,65,,,,,0,percent of total billed charges,65 percent of billed charges; No services were performed during the 15 month look back period.,,,,,,,,Other,"Not Payable. ",,65,,,,,0,percent of total billed charges,65 percent of billed charges; No services were performed during the 15 month look back period.,,65,,,,,0,percent of total billed charges,65 percent of billed charges; No services were performed during the 15 month look back period.,,65,,,,,0,percent of total billed charges,65 percent of billed charges; No services were performed during the 15 month look back period.,,,,,,,,Fee Schedule,"Not payable. ",,,,,,,,Other,"Not Payable. ",,65,,,,,0,percent of total billed charges,65 percent of billed charges; No services were performed during the 15 month look back period.,,,,,,,,Fee Schedule,"Not payable. ",,65,,,,,0,percent of total billed charges,65 percent of billed charges; No services were performed during the 15 month look back period.,,,,,,,,Other,"Not Payable. ",,,,,,,,Other,"Not Payable. ",,73,,,,,0,percent of total billed charges,73 percent of billed charges; No services were performed during the 15 month look back period.,,73,,,,,0,percent of total billed charges,73 percent of billed charges; No services were performed during the 15 month look back period.,,73,,,,,0,percent of total billed charges,73 percent of billed charges; No services were performed during the 15 month look back period.,,73,,,,,0,percent of total billed charges,73 percent of billed charges; No services were performed during the 15 month look back period.,,73,,,,,0,percent of total billed charges,73 percent of billed charges; No services were performed during the 15 month look back period.,,73,,,,,0,percent of total billed charges,73 percent of billed charges; No services were performed during the 15 month look back period.,,73,,,,,0,percent of total billed charges,73 percent of billed charges; No services were performed during the 15 month look back period.,,73,,,,,0,percent of total billed charges,73 percent of billed charges; No services were performed during the 15 month look back period.,,73,,,,,0,percent of total billed charges,73 percent of billed charges; No services were performed during the 15 month look back period.,,73,,,,,0,percent of total billed charges,73 percent of billed charges; No services were performed during the 15 month look back period.,,73,,,,,0,percent of total billed charges,73 percent of billed charges; No services were performed during the 15 month look back period.,,73,,,,,0,percent of total billed charges,73 percent of billed charges; No services were performed during the 15 month look back period.,,,,,,,,Other,"Not Payable. ",,73,,,,,0,percent of total billed charges,73 percent of billed charges; No services were performed during the 15 month look back period.,,,,,,,,Other,"Not Payable. ",,,,,,,,Other,"225 Percent of Medicaid APG. ",,,,,,,,Other,"100 Percent of Medicaid APG. If not priced under APG, then Metroplus FeeSched",380.97,,,,,,,Per Diem,853% of Medicare. Lesser of 100% of billed charges applies.,380.97,,,,,,,Per Diem,853% of Medicare. Lesser of 100% of billed charges applies.,,,,,,,,Other,"Not Payable. ",,80,,,,,0,percent of total billed charges,80 percent of billed charges; No services were performed during the 15 month look back period.,,,,,,,,Other,"Not Payable. ",,,,,,,,Other,"Not Payable. ",,60,,,,,0,percent of total billed charges,60 percent of billed charges; No services were performed during the 15 month look back period.,,,,,,,,Other,"Not Payable. ",393,,,,,,,Per Diem,. Paid once per unique code per service date and lesser of 100% of billed charges.,,,,,,,,Other,"Not Payable. ",393,,,,,,,Per Diem,. Paid once per unique code per service date and lesser of 100% of billed charges.,,60,,,,,0,percent of total billed charges,60 percent of billed charges; No services were performed during the 15 month look back period.,393,,,,,,,Per Diem,. Paid once per unique code per service date and lesser of 100% of billed charges.,,,,,,,,Other,"Not Payable. ",,,,,,,,Other,"100 Percent of Medicaid APG. ",,,,,,,,Other,"Not Payable. ",393,,,,,,,Per Diem,. Paid once per unique code per service date and lesser of 100% of billed charges.,380.97,,,,,,,Per Diem,853% of Medicare. Lesser of 100% of billed charges applies.,,,,,,,,Other,"100 Percent of Medicaid APG. ",,65,,,,,0,percent of total billed charges,65 percent of billed charges; No services were performed during the 15 month look back period.,,,,,,,,Fee Schedule,"120 Percent of Medicaid APG. ",,,,,,,,Fee Schedule,"120 Percent of Medicaid APG. ",,65,,,,,0,percent of total billed charges,65 percent of billed charges; No services were performed during the 15 month look back period.,,65,,,,,0,percent of total billed charges,65 percent of billed charges; No services were performed during the 15 month look back period.,,65,,,,,0,percent of total billed charges,65 percent of billed charges; No services were performed during the 15 month look back period.,380.97,,,,,,,Per Diem,853% of Medicare. Lesser of 100% of billed charges applies.,,65,,,,,0,percent of total billed charges,65 percent of billed charges; No services were performed during the 15 month look back period.,,65,,,,,0,percent of total billed charges,65 percent of billed charges; No services were performed during the 15 month look back period.,,65,,,,,0,percent of total billed charges,65 percent of billed charges; No services were performed during the 15 month look back period.,,73,,,,,0,percent of total billed charges,73 percent of billed charges; No services were performed during the 15 month look back period.,,73,,,,,0,percent of total billed charges,73 percent of billed charges; No services were performed during the 15 month look back period.,,,,,,,,Fee Schedule,"Not Payable. ",,,,,,,,Other,"100 Percent of Medicaid APG. ",380.97,,,,,,,Per Diem,853% of Medicare. Lesser of 100% of billed charges applies.,393,,,,,,,Per Diem,. Paid once per unique code per service date and lesser of 100% of billed charges.,,60,,,,,0,percent of total billed charges,60 percent of billed charges; No services were performed during the 15 month look back period.,380.97,,,,,,,Per Diem,853% of Medicare. Lesser of 100% of billed charges applies.,,60,,,,,0,percent of total billed charges,60 percent of billed charges; No services were performed during the 15 month look back period.,380.97,,,,,,,Per Diem,853% of Medicare. Lesser of 100% of billed charges applies.,,65,,,,,0,percent of total billed charges,65 percent of billed charges; No services were performed during the 15 month look back period.,,65,,,,,0,percent of total billed charges,65 percent of billed charges; No services were performed during the 15 month look back period.,,65,,,,,0,percent of total billed charges,65 percent of billed charges; No services were performed during the 15 month look back period.,,65,,,,,0,percent of total billed charges,65 percent of billed charges; No services were performed during the 15 month look back period.,,,,,,,,Other,"Not Payable. ",199.41,596,
G0322,HCPCS,2027440,LOCAL,551,RC,HC HH HOME H PHYSIO DATA COLLEC TR,174.9,33.231,both,,,,87.45,50,,,,,0,percent of total billed charges,50% of Billed Charges. Lesser of 100% of billed charges applies.; No services were performed during the 15 month look back period.,87.45,50,,,,,0,percent of total billed charges,50% of Billed Charges. Lesser of 100% of billed charges applies.; No services were performed during the 15 month look back period.,104.94,60,,,,,0,percent of total billed charges,60 percent of billed charges; No services were performed during the 15 month look back period.,174.9,100,,,,,0,percent of total billed charges,100 percent of billed charges. ; No services were performed during the 15 month look back period.,,,,,,,,Fee Schedule,"100% RBRVS FS. ",104.94,60,,,,,0,percent of total billed charges,60 percent of billed charges; No services were performed during the 15 month look back period.,104.94,60,,,,,0,percent of total billed charges,60 percent of billed charges; No services were performed during the 15 month look back period.,104.94,60,,,,,0,percent of total billed charges,60 percent of billed charges; No services were performed during the 15 month look back period.,341.42,,,,,,,Case Rate,"100 Percent of Medicaid APG. ",284.52,,,,,,,Case Rate,"100 Percent of Medicaid APG. ",136.422,78,,,,,0,percent of total billed charges,78% of Billed Charges. Lesser of 100% of billed charges applies.; No services were performed during the 15 month look back period.,,,,,,,,Fee Schedule,". ",284.52,,,,,,,Case Rate,"100 Percent of Medicaid APG. ",,,,,,,,Fee Schedule,"100% RBRVS FS. ",104.94,60,,,,,0,percent of total billed charges,60 percent of billed charges; No services were performed during the 15 month look back period.,104.94,60,,,,,0,percent of total billed charges,60 percent of billed charges; No services were performed during the 15 month look back period.,104.94,60,,,,,0,percent of total billed charges,60 percent of billed charges; No services were performed during the 15 month look back period.,104.94,60,,,,,0,percent of total billed charges,60 percent of billed charges; No services were performed during the 15 month look back period.,1.749,1,,,,,0,percent of total billed charges,NA. Covered services not payable under Medicaid Fee Schedules default to a payment of 50 percent of charges.; No services were performed during the 15 month look back period.,,,,,,,,Fee Schedule,"100% RBRVS FS. ",1.749,1,,,,,0,percent of total billed charges,NA. Covered services not payable under Medicaid Fee Schedules default to a payment of 50 percent of charges.; No services were performed during the 15 month look back period.,136.422,78,,,,,0,percent of total billed charges,78% of Billed Charges. Lesser of 100% of billed charges applies.; No services were performed during the 15 month look back period.,104.94,60,,,,,0,percent of total billed charges,60 percent of billed charges; No services were performed during the 15 month look back period.,,,,,,,,Fee Schedule,"100% RBRVS FS. ",,,,,,,,Per Diem,. Not Payable,,,,,,,,Fee Schedule,"100% RBRVS FS. ",,,,,,,,Fee Schedule,"100% RBRVS FS. ",136.422,78,,,,,0,percent of total billed charges,78% of Billed Charges. Lesser of 100% of billed charges applies.; No services were performed during the 15 month look back period.,,,,,,,,Fee Schedule,"Not payable. ",,,,,,,,Fee Schedule,"Not payable. ",284.52,,,,,,,Case rate,"100 Percent of Medicaid APG. ",284.52,,,,,,,Case rate,"100 Percent of Medicaid APG. ",,,,,,,,Per Diem,. Not Payable,,,,,,,,Per Diem,. Not Payable,284.52,,,,,,,Case Rate,"100 Percent of Medicaid APG. Not APG payable, or payable under another fee schedule like ASP/AWP pays at 30% of charges",,,,,,,,Per Diem,. Not Payable,284.52,,,,,,,Case Rate,"100 Percent of Medicaid APG. Not APG payable, or payable under another fee schedule like ASP/AWP pays at 30% of charges",,,,,,,,Fee Schedule,"100% RBRVS FS. ",,,,,,,,Per Diem,. Not Payable,136.422,78,,,,,0,percent of total billed charges,78% of Billed Charges. Lesser of 100% of billed charges applies.; No services were performed during the 15 month look back period.,284.52,,,,,,,Case Rate,"100 Percent of Medicaid APG. ",284.52,,,,,,,Case Rate,"100 Percent of Medicaid APG. ",136.422,78,,,,,0,percent of total billed charges,78% of Billed Charges. Lesser of 100% of billed charges applies.; No services were performed during the 15 month look back period.,104.94,60,,,,,0,percent of total billed charges,60 percent of billed charges; No services were performed during the 15 month look back period.,,,,,,,,Fee Schedule,". ",,,,,,,,Fee Schedule,". ",136.422,78,,,,,0,percent of total billed charges,78% of Billed Charges. Lesser of 100% of billed charges applies.; No services were performed during the 15 month look back period.,,,,,,,,Fee Schedule,"100% RBRVS FS. ",,,,,,,,Fee Schedule,". ",,,,,,,,Fee Schedule,". ",,,,,,,,Fee Schedule,". ",,,,,,,,Fee Schedule,"100% RBRVS FS. ",,,,,,,,Fee Schedule,". ",,,,,,,,Fee Schedule,". ",,,,,,,,Fee Schedule,"100% of RBRVS. ",87.45,50,,,,,0,percent of total billed charges,50 percent of billed charges; No services were performed during the 15 month look back period.,113.685,65,,,,,0,percent of total billed charges,65 percent of billed charges; No services were performed during the 15 month look back period.,113.685,65,,,,,0,percent of total billed charges,65 percent of billed charges; No services were performed during the 15 month look back period.,113.685,65,,,,,0,percent of total billed charges,65 percent of billed charges; No services were performed during the 15 month look back period.,113.685,65,,,,,0,percent of total billed charges,65 percent of billed charges; No services were performed during the 15 month look back period.,113.685,65,,,,,0,percent of total billed charges,65 percent of billed charges; No services were performed during the 15 month look back period.,113.685,65,,,,,0,percent of total billed charges,65 percent of billed charges; No services were performed during the 15 month look back period.,,,,,,,,Fee Schedule,"100% RBRVS FS. ",,,,,,,,Fee Schedule,"100% RBRVS FS. ",113.685,65,,,,,0,percent of total billed charges,65 percent of billed charges; No services were performed during the 15 month look back period.,136.422,78,,,,,0,percent of total billed charges,78% of Billed Charges. Lesser of 100% of billed charges applies.; No services were performed during the 15 month look back period.,136.422,78,,,,,0,percent of total billed charges,78% of Billed Charges. Lesser of 100% of billed charges applies.; No services were performed during the 15 month look back period.,136.422,78,,,,,0,percent of total billed charges,78% of Billed Charges. Lesser of 100% of billed charges applies.; No services were performed during the 15 month look back period.,136.422,78,,,,,0,percent of total billed charges,78% of Billed Charges. Lesser of 100% of billed charges applies.; No services were performed during the 15 month look back period.,136.422,78,,,,,0,percent of total billed charges,78% of Billed Charges. Lesser of 100% of billed charges applies.; No services were performed during the 15 month look back period.,136.422,78,,,,,0,percent of total billed charges,78% of Billed Charges. Lesser of 100% of billed charges applies.; No services were performed during the 15 month look back period.,136.422,78,,,,,0,percent of total billed charges,78% of Billed Charges. Lesser of 100% of billed charges applies.; No services were performed during the 15 month look back period.,136.422,78,,,,,0,percent of total billed charges,78% of Billed Charges. Lesser of 100% of billed charges applies.; No services were performed during the 15 month look back period.,136.422,78,,,,,0,percent of total billed charges,78% of Billed Charges. Lesser of 100% of billed charges applies.; No services were performed during the 15 month look back period.,136.422,78,,,,,0,percent of total billed charges,78% of Billed Charges. Lesser of 100% of billed charges applies.; No services were performed during the 15 month look back period.,136.422,78,,,,,0,percent of total billed charges,78% of Billed Charges. Lesser of 100% of billed charges applies.; No services were performed during the 15 month look back period.,136.422,78,,,,,0,percent of total billed charges,78% of Billed Charges. Lesser of 100% of billed charges applies.; No services were performed during the 15 month look back period.,136.422,78,,,,,0,percent of total billed charges,78% of Billed Charges. Lesser of 100% of billed charges applies.; No services were performed during the 15 month look back period.,136.422,78,,,,,0,percent of total billed charges,78% of Billed Charges. Lesser of 100% of billed charges applies.; No services were performed during the 15 month look back period.,136.422,78,,,,,0,percent of total billed charges,78% of Billed Charges. Lesser of 100% of billed charges applies.; No services were performed during the 15 month look back period.,136.422,78,,,,,0,percent of total billed charges,78% of Billed Charges. Lesser of 100% of billed charges applies.; No services were performed during the 15 month look back period.,136.422,78,,,,,0,percent of total billed charges,78% of Billed Charges. Lesser of 100% of billed charges applies.; No services were performed during the 15 month look back period.,136.422,78,,,,,0,percent of total billed charges,78% of Billed Charges. Lesser of 100% of billed charges applies.; No services were performed during the 15 month look back period.,136.422,78,,,,,0,percent of total billed charges,78% of Billed Charges. Lesser of 100% of billed charges applies.; No services were performed during the 15 month look back period.,136.422,78,,,,,0,percent of total billed charges,78% of Billed Charges. Lesser of 100% of billed charges applies.; No services were performed during the 15 month look back period.,136.422,78,,,,,0,percent of total billed charges,78% of Billed Charges. Lesser of 100% of billed charges applies.; No services were performed during the 15 month look back period.,136.422,78,,,,,0,percent of total billed charges,78% of Billed Charges. Lesser of 100% of billed charges applies.; No services were performed during the 15 month look back period.,136.422,78,,,,,0,percent of total billed charges,78% of Billed Charges. Lesser of 100% of billed charges applies.; No services were performed during the 15 month look back period.,136.422,78,,,,,0,percent of total billed charges,78% of Billed Charges. Lesser of 100% of billed charges applies.; No services were performed during the 15 month look back period.,136.422,78,,,,,0,percent of total billed charges,78% of Billed Charges. Lesser of 100% of billed charges applies.; No services were performed during the 15 month look back period.,136.422,78,,,,,0,percent of total billed charges,78% of Billed Charges. Lesser of 100% of billed charges applies.; No services were performed during the 15 month look back period.,,,,,,,,Per Diem,. Not Payable,,,,,,,,Per Diem,. Not Payable,,,,,,,,Per Diem,. Not Payable,,,,,,,,Per Diem,. Not Payable,,,,,,,,Per Diem,. Not Payable,,,,,,,,Per Diem,. Not Payable,104.94,60,,,,,0,percent of total billed charges,60 percent of billed charges; No services were performed during the 15 month look back period.,113.685,65,,,,,0,percent of total billed charges,65 percent of billed charges; No services were performed during the 15 month look back period.,,,,,,,,Fee Schedule,". ",113.685,65,,,,,0,percent of total billed charges,65 percent of billed charges; No services were performed during the 15 month look back period.,136.422,78,,,,,0,percent of total billed charges,78% of Billed Charges. Lesser of 100% of billed charges applies.; No services were performed during the 15 month look back period.,,,,,,,,Per Diem,. Not Payable,113.685,65,,,,,0,percent of total billed charges,65 percent of billed charges; No services were performed during the 15 month look back period.,,,,,,,,Fee Schedule,". ",104.94,60,,,,,0,percent of total billed charges,60 percent of billed charges; No services were performed during the 15 month look back period.,,,,,,,,,"NA. ",136.422,78,,,,,0,percent of total billed charges,78% of Billed Charges. Lesser of 100% of billed charges applies.; No services were performed during the 15 month look back period.,284.52,,,,,,,Case Rate,"100 Percent of Medicaid APG. ",,,,,,,,Per Diem,. Not Payable,284.52,,,,,,,Case Rate,"100 Percent of Medicaid APG. Not APG payable, or payable under another fee schedule like ASP/AWP pays at 30% of charges",,,,,,,,Fee Schedule,"100% RBRVS FS. ",,,,,,,,Fee Schedule,"100% RBRVS FS. ",87.45,50,,,,,0,percent of total billed charges,50 percent of billed charges; No services were performed during the 15 month look back period.,,,,,,,,Fee Schedule,"100% RBRVS FS. ",,,,,,,,Fee Schedule,"100% RBRVS FS. ",284.52,,,,,,,Case Rate,"100 Percent of Medicaid APG. ",,,,,,,,Fee Schedule,"100% RBRVS FS. ",,,,,,,,Fee Schedule,"100% RBRVS FS. ",104.94,60,,,,,0,percent of total billed charges,60 percent of billed charges; No services were performed during the 15 month look back period.,104.94,60,,,,,0,percent of total billed charges,60 percent of billed charges; No services were performed during the 15 month look back period.,,,,,,,,Fee Schedule,"100% RBRVS FS. ",104.94,60,,,,,0,percent of total billed charges,60 percent of billed charges; No services were performed during the 15 month look back period.,,,,,,,,Fee Schedule,". ",,,,,,,,Fee Schedule,". ",,,,,,,,Fee Schedule,"100% RBRVS FS. ",104.94,60,,,,,0,percent of total billed charges,60 percent of billed charges; No services were performed during the 15 month look back period.,104.94,60,,,,,0,percent of total billed charges,60 percent of billed charges; No services were performed during the 15 month look back period.,104.94,60,,,,,0,percent of total billed charges,60 percent of billed charges; No services were performed during the 15 month look back period.,104.94,60,,,,,0,percent of total billed charges,60 percent of billed charges; No services were performed during the 15 month look back period.,136.422,78,,,,,0,percent of total billed charges,78% of Billed Charges. Lesser of 100% of billed charges applies.; No services were performed during the 15 month look back period.,136.422,78,,,,,0,percent of total billed charges,78% of Billed Charges. Lesser of 100% of billed charges applies.; No services were performed during the 15 month look back period.,136.422,78,,,,,0,percent of total billed charges,78% of Billed Charges. Lesser of 100% of billed charges applies.; No services were performed during the 15 month look back period.,136.422,78,,,,,0,percent of total billed charges,78% of Billed Charges. Lesser of 100% of billed charges applies.; No services were performed during the 15 month look back period.,136.422,78,,,,,0,percent of total billed charges,78% of Billed Charges. Lesser of 100% of billed charges applies.; No services were performed during the 15 month look back period.,136.422,78,,,,,0,percent of total billed charges,78% of Billed Charges. Lesser of 100% of billed charges applies.; No services were performed during the 15 month look back period.,136.422,78,,,,,0,percent of total billed charges,78% of Billed Charges. Lesser of 100% of billed charges applies.; No services were performed during the 15 month look back period.,136.422,78,,,,,0,percent of total billed charges,78% of Billed Charges. Lesser of 100% of billed charges applies.; No services were performed during the 15 month look back period.,136.422,78,,,,,0,percent of total billed charges,78% of Billed Charges. Lesser of 100% of billed charges applies.; No services were performed during the 15 month look back period.,136.422,78,,,,,0,percent of total billed charges,78% of Billed Charges. Lesser of 100% of billed charges applies.; No services were performed during the 15 month look back period.,136.422,78,,,,,0,percent of total billed charges,78% of Billed Charges. Lesser of 100% of billed charges applies.; No services were performed during the 15 month look back period.,,,,,,,,Per Diem,. Not Payable,113.685,65,,,,,0,percent of total billed charges,65 percent of billed charges; No services were performed during the 15 month look back period.,104.94,60,,,,,0,percent of total billed charges,60 percent of billed charges; No services were performed during the 15 month look back period.,,,,,,,,Fee Schedule,"100% RBRVS FS. ",104.94,60,,,,,0,percent of total billed charges,60 percent of billed charges; No services were performed during the 15 month look back period.,104.94,60,,,,,0,percent of total billed charges,60 percent of billed charges; No services were performed during the 15 month look back period.,104.94,60,,,,,0,percent of total billed charges,60 percent of billed charges; No services were performed during the 15 month look back period.,136.422,78,,,,,0,percent of total billed charges,78% of Billed Charges. Lesser of 100% of billed charges applies.; No services were performed during the 15 month look back period.,608.87,,,,,,,Case Rate,"214 Percent of Medicaid APG. Drugs not priced under APG, billed with revenue code 636 and not priced by Medicare ASP FeeSched will be reimbursed at 20% of charges.",104.94,60,,,,,0,percent of total billed charges,60 percent of billed charges; No services were performed during the 15 month look back period.,284.52,,,,,,,Case Rate,"100 Percent of Medicaid APG. ",,,,,,,,Fee Schedule,"100% RBRVS FS. ",,,,,,,,Fee Schedule,"100% RBRVS FS. ",,,,,,,,Fee Schedule,"100% RBRVS FS. ",,,,,,,,Fee Schedule,"100% RBRVS FS. ",,,,,,,,Fee Schedule,"100% RBRVS FS. ",,,,,,,,Fee Schedule,"100% RBRVS FS. ",104.94,60,,,,,0,percent of total billed charges,60 percent of billed charges; No services were performed during the 15 month look back period.,87.45,50,,,,,0,percent of total billed charges,50 percent of billed charges; No services were performed during the 15 month look back period.,1.749,1,,,,,0,percent of total billed charges,NA. ; No services were performed during the 15 month look back period.,1.749,1,,,,,0,percent of total billed charges,NA. ; No services were performed during the 15 month look back period.,1.749,1,,,,,0,percent of total billed charges,NA. ; No services were performed during the 15 month look back period.,1.749,1,,,,,0,percent of total billed charges,NA. ; No services were performed during the 15 month look back period.,1.749,1,,,,,0,percent of total billed charges,NA. ; No services were performed during the 15 month look back period.,,,,,,,,,"NA. ",87.45,50,,,,,0,percent of total billed charges,50 percent of billed charges; No services were performed during the 15 month look back period.,,,,,,,,Fee Schedule,141 Percent of current Medicare RBRVS fee schedule. Metroplus will reimburse unlisted codes and described codes with no Medicare rate at 50 percent of charges.,,,,,,,,Fee Schedule,141 Percent of current Medicare RBRVS fee schedule. Metroplus will reimburse unlisted codes and described codes with no Medicare rate at 50 percent of charges.,,,,,,,,Fee Schedule,141 Percent of current Medicare RBRVS fee schedule. Metroplus will reimburse unlisted codes and described codes with no Medicare rate at 50 percent of charges.,,,,,,,,Fee Schedule,141 Percent of current Medicare RBRVS fee schedule. Metroplus will reimburse unlisted codes and described codes with no Medicare rate at 50 percent of charges.,,,,,,,,Fee Schedule,141 Percent of current Medicare RBRVS fee schedule. Metroplus will reimburse unlisted codes and described codes with no Medicare rate at 50 percent of charges.,,,,,,,,Fee Schedule,"100% RBRVS FS. ",,,,,,,,Per Diem,. Not Payable,,,,,,,,Per Diem,. Not Payable,,,,,,,,Per Diem,. Not Payable,,,,,,,,Per Diem,. Not Payable,104.94,60,,,,,0,percent of total billed charges,60 percent of billed charges; No services were performed during the 15 month look back period.,104.94,60,,,,,0,percent of total billed charges,60 percent of billed charges; No services were performed during the 15 month look back period.,104.94,60,,,,,0,percent of total billed charges,60 percent of billed charges; No services were performed during the 15 month look back period.,104.94,60,,,,,0,percent of total billed charges,60 percent of billed charges; No services were performed during the 15 month look back period.,87.45,50,,,,,0,percent of total billed charges,50 percent of billed charges; No services were performed during the 15 month look back period.,87.45,50,,,,,0,percent of total billed charges,50 percent of billed charges; No services were performed during the 15 month look back period.,,,,,,,,Fee Schedule,"100% RBRVS FS. ",,,,,,,,Fee Schedule,"100% RBRVS FS. ",,,,,,,,Fee Schedule,"100% RBRVS FS. ",113.685,65,,,,,0,percent of total billed charges,65 percent of billed charges; No services were performed during the 15 month look back period.,113.685,65,,,,,0,percent of total billed charges,65 percent of billed charges; No services were performed during the 15 month look back period.,113.685,65,,,,,0,percent of total billed charges,65 percent of billed charges; No services were performed during the 15 month look back period.,87.45,50,,,,,0,percent of total billed charges,50 percent of billed charges; No services were performed during the 15 month look back period.,104.94,60,,,,,0,percent of total billed charges,60 percent of billed charges; No services were performed during the 15 month look back period.,,,,,,,,Fee Schedule,"100% RBRVS FS. ",113.685,65,,,,,0,percent of total billed charges,65 percent of billed charges; No services were performed during the 15 month look back period.,284.52,,,,,,,Case Rate,"100 Percent of Medicaid APG. ",,,,,,,,Fee Schedule,"102% of RBRVS. ",,,,,,,,Fee Schedule,"102% of RBRVS. ",,,,,,,,Fee Schedule,"102% of RBRVS. ",284.52,,,,,,,Case rate,"100 Percent of Medicaid APG. ",640.17,,,,,,,Case Rate,225% of NYS APG. Lesser of 100% of billed charges applies.,640.17,,,,,,,Case Rate,225% of NYS APG. Lesser of 100% of billed charges applies.,640.17,,,,,,,Case Rate,225% of NYS APG. Lesser of 100% of billed charges applies.,640.17,,,,,,,Case Rate,225% of NYS APG. Lesser of 100% of billed charges applies.,640.17,,,,,,,Case Rate,225% of NYS APG. Lesser of 100% of billed charges applies.,,,,,,,,Fee Schedule,"102% of RBRVS. ",284.52,,,,,,,Case Rate,"100 Percent of Medicaid APG. ",,,,,,,,Fee Schedule,"Not payable. ",640.17,,,,,,,Case Rate,225% of NYS APG. Lesser of 100% of billed charges applies.,640.17,,,,,,,Case Rate,225% of NYS APG. Lesser of 100% of billed charges applies.,,,,,,,,Fee Schedule,"Not payable. ",,,,,,,,Fee Schedule,"Not payable. ",1.749,1,,,,,0,percent of total billed charges,NA. ; No services were performed during the 15 month look back period.,,,,,,,,Fee Schedule,"100% RBRVS FS. ",,,,,,,,Fee Schedule,"100% RBRVS FS. ",104.94,60,,,,,0,percent of total billed charges,60 percent of billed charges; No services were performed during the 15 month look back period.,,,,,,,,Fee Schedule,"100% RBRVS FS. ",640.17,,,,,,,Case Rate,"225 Percent of Medicaid APG. ",640.17,,,,,,,Case Rate,"225 Percent of Medicaid APG. ",284.52,,,,,,,Case rate,"100 Percent of Medicaid APG. ",284.52,,,,,,,Case rate,"100 Percent of Medicaid APG. ",640.17,,,,,,,Case Rate,225 Percent of Medicaid APG. Covered services not payable under Medicaid Fee Schedules default to a payment of 87.5 percent of charges.,1.749,1,,,,,0,percent of total billed charges,NA. Covered services not payable under Medicaid Fee Schedules default to a payment of 50 percent of charges.; No services were performed during the 15 month look back period.,640.17,,,,,,,Case Rate,"100 Percent of Medicaid APG. ",640.17,,,,,,,Case Rate,"100 Percent of Medicaid APG. ",640.17,,,,,,,Case Rate,"100 Percent of Medicaid APG. ",640.17,,,,,,,Case Rate,"100 Percent of Medicaid APG. ",,,,,,,,,,87.45,50,,,,,0,percent of total billed charges,50 percent of billed charges; No services were performed during the 15 month look back period.,341.42,,,,,,,Case Rate,"120 Percent of Medicaid APG. Not APG payable, or payable under another fee schedule like ASP/AWP pays at 30% of charges",341.42,,,,,,,Case Rate,"120 Percent of Medicaid APG. Not APG payable, or payable under another fee schedule like ASP/AWP pays at 30% of charges",284.52,,,,,,,Case Rate,"100 Percent of Medicaid APG. Not APG payable, or payable under another fee schedule like ASP/AWP pays at 30% of charges",284.52,,,,,,,Case Rate,"100 Percent of Medicaid APG. Not APG payable, or payable under another fee schedule like ASP/AWP pays at 30% of charges",113.685,65,,,,,0,percent of total billed charges,65 percent of billed charges; No services were performed during the 15 month look back period.,113.685,65,,,,,0,percent of total billed charges,65 percent of billed charges; No services were performed during the 15 month look back period.,,,,,,,,Fee Schedule,"100% RBRVS FS. ",113.685,65,,,,,0,percent of total billed charges,65 percent of billed charges; No services were performed during the 15 month look back period.,113.685,65,,,,,0,percent of total billed charges,65 percent of billed charges; No services were performed during the 15 month look back period.,113.685,65,,,,,0,percent of total billed charges,65 percent of billed charges; No services were performed during the 15 month look back period.,113.685,65,,,,,0,percent of total billed charges,65 percent of billed charges; No services were performed during the 15 month look back period.,,,,,,,,Fee Schedule,"100% RBRVS FS. ",113.685,65,,,,,0,percent of total billed charges,65 percent of billed charges; No services were performed during the 15 month look back period.,113.685,65,,,,,0,percent of total billed charges,65 percent of billed charges; No services were performed during the 15 month look back period.,104.94,60,,,,,0,percent of total billed charges,60 percent of billed charges; No services were performed during the 15 month look back period.,284.52,,,,,,,Fee Schedule,100% APG. Lesser of 100% of billed charges applies.,1.749,1,,,,,0,percent of total billed charges,NA. Covered services not payable under Medicaid Fee Schedules default to a payment of 50 percent of charges.; No services were performed during the 15 month look back period.,640.17,,,,,,,Case Rate,225% of NYS APG. Lesser of 100% of billed charges applies.,640.17,,,,,,,Case Rate,225 Percent of Medicaid APG. Covered services not payable under Medicaid Fee Schedules default to a payment of 87.5 percent of charges.,1.749,1,,,,,0,percent of total billed charges,NA. Covered services not payable under Medicaid Fee Schedules default to a payment of 50 percent of charges.; No services were performed during the 15 month look back period.,640.17,,,,,,,Case Rate,225% of NYS APG. Lesser of 100% of billed charges applies.,640.17,,,,,,,Case Rate,225% of NYS APG. Lesser of 100% of billed charges applies.,640.17,,,,,,,Case Rate,225% of NYS APG. Lesser of 100% of billed charges applies.,640.17,,,,,,,Case Rate,225% of NYS APG. Lesser of 100% of billed charges applies.,640.17,,,,,,,Case Rate,225% of NYS APG. Lesser of 100% of billed charges applies.,640.17,,,,,,,Case Rate,225% of NYS APG. Lesser of 100% of billed charges applies.,,,,,,,,,"NA. ",,,,,,,,,"NA. ",,,,,,,,,"NA. ",104.94,60,,,,,0,percent of total billed charges,60 percent of billed charges; No services were performed during the 15 month look back period.,,,,,,,,,"NA. ",,,,,,,,Fee Schedule,"100% RBRVS FS. ",87.45,50,,,,,0,percent of total billed charges,50% of Billed Charges. Lesser of 100% of billed charges applies.; No services were performed during the 15 month look back period.,,,,,,,,Fee Schedule,"100% RBRVS FS. ",,,,,,,,Fee Schedule,"100% RBRVS FS. ",341.42,,,,,,,Case Rate,"120 Percent of Medicaid APG. Not APG payable, or payable under another fee schedule like ASP/AWP pays at 30% of charges",341.42,,,,,,,Case Rate,"120 Percent of Medicaid APG. Not APG payable, or payable under another fee schedule like ASP/AWP pays at 30% of charges",284.52,,,,,,,Case Rate,"100 Percent of Medicaid APG. Not APG payable, or payable under another fee schedule like ASP/AWP pays at 30% of charges",284.52,,,,,,,Case Rate,"100 Percent of Medicaid APG. Not APG payable, or payable under another fee schedule like ASP/AWP pays at 30% of charges",284.52,,,,,,,Case Rate,"100 Percent of Medicaid APG. ",,,,,,,,Per Diem,"Not Payable. ",104.94,60,,,,,0,percent of total billed charges,60 percent of billed charges; No services were performed during the 15 month look back period.,,,,,,,,Per Diem,. Not Payable,104.94,60,,,,,0,percent of total billed charges,60 percent of billed charges; No services were performed during the 15 month look back period.,,,,,,,,Fee Schedule,"100% RBRVS FS. ",,,,,,,,Fee Schedule,"100% RBRVS FS. ",,,,,,,,Fee Schedule,"100% RBRVS FS. ",,,,,,,,Fee Schedule,"100% RBRVS FS. ",,,,,,,,Fee Schedule,"100% RBRVS FS. ",,,,,,,,Fee Schedule,"100% RBRVS FS. ",,,,,,,,,"NA. ",640.17,,,,,,,Case Rate,225% of NYS APG. Lesser of 100% of billed charges applies.,,,,,,,,Fee Schedule,"Not payable. ",113.685,65,,,,,0,percent of total billed charges,65 percent of billed charges; No services were performed during the 15 month look back period.,,,,,,,,Per Diem,"Not Payable. ",,,,,,,,Per Diem,"Not Payable. ",,,,,,,,Per Diem,"Not Payable. ",,,,,,,,Per Diem,"Not Payable. ",,,,,,,,Fee Schedule,"100% RBRVS FS. ",284.52,,,,,,,Case Rate,"100 Percent of Medicaid APG. ",113.685,65,,,,,0,percent of total billed charges,65 percent of billed charges; No services were performed during the 15 month look back period.,284.52,,,,,,,Case Rate,"100 Percent of Medicaid APG. ",,,,,,,,Fee Schedule,"100% RBRVS FS. ",284.52,,,,,,,Case Rate,"100 Percent of Medicaid APG. ",,,,,,,,Fee Schedule,"100% RBRVS FS. ",,,,,,,,Fee Schedule,"100% RBRVS FS. ",284.52,,,,,,,Case Rate,"100 Percent of Medicaid APG. ",284.52,,,,,,,Case Rate,"100 Percent of Medicaid APG. ",,,,,,,,Per Diem,"Not Payable. ",104.94,60,,,,,0,percent of total billed charges,60 percent of billed charges; No services were performed during the 15 month look back period.,136.422,78,,,,,0,percent of total billed charges,78% of Billed Charges. Lesser of 100% of billed charges applies.; No services were performed during the 15 month look back period.,,,,,,,,Fee Schedule,". ",,,,,,,,Fee Schedule,". ",104.94,60,,,,,0,percent of total billed charges,60 percent of billed charges; No services were performed during the 15 month look back period.,,,,,,,,Fee Schedule,"98% of RBRVS. ",,,,,,,,Per Diem,. Not Payable,,,,,,,,Per Diem,. Not Payable,90.948,52,,,,,0,percent of total billed charges,52 percent of billed charges; No services were performed during the 15 month look back period.,90.948,52,,,,,0,percent of total billed charges,52 percent of billed charges; No services were performed during the 15 month look back period.,,,,,,,,Fee Schedule,"100% RBRVS FS. ",,,,,,,,Fee Schedule,"100% RBRVS FS. ",,,,,,,,Fee Schedule,"100% RBRVS FS. ",,,,,,,,Fee Schedule,"100% RBRVS FS. ",,,,,,,,Fee Schedule,". ",113.685,65,,,,,0,percent of total billed charges,65 percent of billed charges; No services were performed during the 15 month look back period.,113.685,65,,,,,0,percent of total billed charges,65 percent of billed charges; No services were performed during the 15 month look back period.,,,,,,,,Fee Schedule,"100% RBRVS FS. ",90.948,52,,,,,0,percent of total billed charges,52 percent of billed charges; No services were performed during the 15 month look back period.,,,,,,,,Per Diem,. Not Payable,341.42,,,,,,,Fee Schedule,"120 Percent of Medicaid APG. ",284.52,,,,,,,Case Rate,"100 Percent of Medicaid APG. ",,,,,,,,Per Diem,"Not Payable. ",103.191,59,,,,,0,percent of total billed charges,59 percent of billed charges; No services were performed during the 15 month look back period.,103.191,59,,,,,0,percent of total billed charges,59 percent of billed charges; No services were performed during the 15 month look back period.,113.685,65,,,,,0,percent of total billed charges,65 percent of billed charges; No services were performed during the 15 month look back period.,87.45,50,,,,,0,percent of total billed charges,50 percent of billed charges; No services were performed during the 15 month look back period.,,,,,,,,Fee Schedule,"100% RBRVS FS. ",298.75,,,,,,,Fee Schedule,105 percent of Medicaid APG. otherwise 105% of Ordered NYS MCD FS or 105% of ASP+6%,298.75,,,,,,,Fee Schedule,105 percent of Medicaid APG. otherwise 105% of Ordered NYS MCD FS or 105% of ASP+6%,298.75,,,,,,,Fee Schedule,105 percent of Medicaid APG. otherwise 105% of Ordered NYS MCD FS or 105% of ASP+6%,384.1,,,,,,,Fee Schedule,135 percent of Medicaid APG. otherwise 135% of Ordered NYS MCD FS or 135% of ASP+6%,,,,,,,,Fee Schedule,". ",298.75,,,,,,,Fee Schedule,105 percent of Medicaid APG. otherwise 105% of Ordered NYS MCD FS or 105% of ASP+6%,298.75,,,,,,,Fee Schedule,105 percent of Medicaid APG. otherwise 105% of Ordered NYS MCD FS or 105% of ASP+6%,298.75,,,,,,,Fee Schedule,105 percent of Medicaid APG. otherwise 105% of Ordered NYS MCD FS or 105% of ASP+6%,298.75,,,,,,,Fee Schedule,105 percent of Medicaid APG. otherwise 105% of Ordered NYS MCD FS or 105% of ASP+6%,298.75,,,,,,,Fee Schedule,105 percent of Medicaid APG. otherwise 105% of Ordered NYS MCD FS or 105% of ASP+6%,384.1,,,,,,,Fee Schedule,135 percent of Medicaid APG. otherwise 135% of Ordered NYS MCD FS or 135% of ASP+6%,384.1,,,,,,,Fee Schedule,135 percent of Medicaid APG. otherwise 135% of Ordered NYS MCD FS or 135% of ASP+6%,,,,,,,,Fee Schedule,"100% RBRVS FS. ",,,,,,,,Fee Schedule,". ",,,,,,,,Fee Schedule,"100% RBRVS FS. ",298.75,,,,,,,Fee Schedule,105 percent of Medicaid APG. otherwise 105% of Ordered NYS MCD FS or 105% of ASP+6%,113.685,65,,,,,0,percent of total billed charges,65 percent of billed charges; No services were performed during the 15 month look back period.,,,,,,,,Fee Schedule,"100% RBRVS FS. ",113.685,65,,,,,0,percent of total billed charges,65 percent of billed charges; No services were performed during the 15 month look back period.,113.685,65,,,,,0,percent of total billed charges,65 percent of billed charges; No services were performed during the 15 month look back period.,113.685,65,,,,,0,percent of total billed charges,65 percent of billed charges; No services were performed during the 15 month look back period.,298.75,,,,,,,Fee Schedule,105 percent of Medicaid APG. otherwise 105% of Ordered NYS MCD FS or 105% of ASP+6%,,,,,,,,Fee Schedule,"100% RBRVS FS. ",113.685,65,,,,,0,percent of total billed charges,65 percent of billed charges; No services were performed during the 15 month look back period.,384.1,,,,,,,Fee Schedule,135 percent of Medicaid APG. otherwise 135% of Ordered NYS MCD FS or 135% of ASP+6%,113.685,65,,,,,0,percent of total billed charges,65 percent of billed charges; No services were performed during the 15 month look back period.,,,,,,,,Fee Schedule,"150% of RBRVS. ",,,,,,,,Fee Schedule,"100% RBRVS FS. ",,,,,,,,Per Diem,"Not Payable. ",,,,,,,,Per Diem,"Not Payable. ",,,,,,,,Per Diem,"Not Payable. ",,,,,,,,Per Diem,"Not Payable. ",,,,,,,,Per Diem,"Not Payable. ",,,,,,,,Per Diem,. Not Payable,,,,,,,,Per Diem,. Not Payable,,,,,,,,Per Diem,"Not Payable. ",,,,,,,,Per Diem,"Not Payable. ",,,,,,,,Per Diem,"Not Payable. ",,,,,,,,Per Diem,"Not Payable. ",,,,,,,,Per Diem,"Not Payable. ",,,,,,,,Fee Schedule,"100% RBRVS FS. ",,,,,,,,Per Diem,. Not Payable,,,,,,,,Fee Schedule,"100% RBRVS FS. ",640.17,,,,,,,Case Rate,"225 Percent of Medicaid APG. If not included in Medicaid APG, then 100 Percent of Manhattan Medicare",284.52,,,,,,,Case Rate,"100 Percent of Medicaid APG. ",,,,,,,,Fee Schedule,". ",,,,,,,,Fee Schedule,". ",,,,,,,,Fee Schedule,"100% RBRVS FS. ",,,,,,,,Per Diem,. Not Payable,,,,,,,,Fee Schedule,"100% RBRVS FS. ",,,,,,,,Fee Schedule,"100% RBRVS FS. ",104.94,60,,,,,0,percent of total billed charges,60 percent of billed charges; No services were performed during the 15 month look back period.,,,,,,,,Fee Schedule,"100% RBRVS FS. ",104.94,60,,,,,0,percent of total billed charges,60 percent of billed charges; No services were performed during the 15 month look back period.,,,,,,,,Fee Schedule,"100% RBRVS FS. ",104.94,60,,,,,0,percent of total billed charges,60 percent of billed charges; No services were performed during the 15 month look back period.,104.94,60,,,,,0,percent of total billed charges,60 percent of billed charges; No services were performed during the 15 month look back period.,104.94,60,,,,,0,percent of total billed charges,60 percent of billed charges; No services were performed during the 15 month look back period.,,,,,,,,Fee Schedule,"100% RBRVS FS. ",284.52,,,,,,,Case Rate,"100 Percent of Medicaid APG. ",,,,,,,,Fee Schedule,"100% RBRVS FS. ",104.94,60,,,,,0,percent of total billed charges,60 percent of billed charges; No services were performed during the 15 month look back period.,,,,,,,,Fee Schedule,". ",284.52,,,,,,,Case Rate,"100 Percent of Medicaid APG. ",113.685,65,,,,,0,percent of total billed charges,65 percent of billed charges; No services were performed during the 15 month look back period.,341.42,,,,,,,Fee Schedule,"120 Percent of Medicaid APG. ",341.42,,,,,,,Fee Schedule,"120 Percent of Medicaid APG. ",113.685,65,,,,,0,percent of total billed charges,65 percent of billed charges; No services were performed during the 15 month look back period.,113.685,65,,,,,0,percent of total billed charges,65 percent of billed charges; No services were performed during the 15 month look back period.,113.685,65,,,,,0,percent of total billed charges,65 percent of billed charges; No services were performed during the 15 month look back period.,,,,,,,,Fee Schedule,". ",113.685,65,,,,,0,percent of total billed charges,65 percent of billed charges; No services were performed during the 15 month look back period.,113.685,65,,,,,0,percent of total billed charges,65 percent of billed charges; No services were performed during the 15 month look back period.,113.685,65,,,,,0,percent of total billed charges,65 percent of billed charges; No services were performed during the 15 month look back period.,,,,,,,,Per Diem,"Not Payable. ",,,,,,,,Per Diem,"Not Payable. ",,,,,,,,Fee Schedule,141 Percent of current Medicare RBRVS fee schedule. Metroplus will reimburse unlisted codes and described codes with no Medicare rate at 50 percent of charges.,284.52,,,,,,,Case Rate,"100 Percent of Medicaid APG. ",,,,,,,,Fee Schedule,". ",104.94,60,,,,,0,percent of total billed charges,60 percent of billed charges; No services were performed during the 15 month look back period.,104.94,60,,,,,0,percent of total billed charges,60 percent of billed charges; No services were performed during the 15 month look back period.,,,,,,,,Fee Schedule,". ",104.94,60,,,,,0,percent of total billed charges,60 percent of billed charges; No services were performed during the 15 month look back period.,,,,,,,,Fee Schedule,". ",113.685,65,,,,,0,percent of total billed charges,65 percent of billed charges; No services were performed during the 15 month look back period.,113.685,65,,,,,0,percent of total billed charges,65 percent of billed charges; No services were performed during the 15 month look back period.,113.685,65,,,,,0,percent of total billed charges,65 percent of billed charges; No services were performed during the 15 month look back period.,113.685,65,,,,,0,percent of total billed charges,65 percent of billed charges; No services were performed during the 15 month look back period.,,,,,,,,Fee Schedule,"100% RBRVS FS. ",1.749,640.17,
G0378,HCPCS,2027683,LOCAL,762,RC,HC IPOP DOWNGRADE OBSERVATION HR 1,8000,1520,both,,,,919,,,,,,,Case Rate,"8 hour minimum threshold. One additional case rate payment for each additional 8 hours, maximum 48 hours.. Lesser of 100% of billed charges applies.",919,,,,,,,Case Rate,"8 hour minimum threshold. One additional case rate payment for each additional 8 hours, maximum 48 hours.. Lesser of 100% of billed charges applies.",17038,,,,,,,Case Rate,". Primary procedure pays at 100%, secondary at 50%, all subsequent at 25%.  Lesser of applies when negotiated rates exceed charges less addons.",8000,100,,,,,0,percent of total billed charges,100 percent of billed charges. ; No services were performed during the 15 month look back period.,3133.06,,,,,,,Case Rate,"100% Medicare OPPS FS. ",17038,,,,,,,Case Rate,". Primary procedure pays at 100%, secondary at 50%, all subsequent at 25%.  Lesser of applies when negotiated rates exceed charges less addons.",17038,,,,,,,Case Rate,". Primary procedure pays at 100%, secondary at 50%, all subsequent at 25%.  Lesser of applies when negotiated rates exceed charges less addons.",17038,,,,,,,Case Rate,". Primary procedure pays at 100%, secondary at 50%, all subsequent at 25%.  Lesser of applies when negotiated rates exceed charges less addons.",118.2,,,,,,,Case Rate,"100 Percent of Medicaid APG. ",98.5,,,,,,,Case Rate,"100 Percent of Medicaid APG. ",6240,78,,,,,0,percent of total billed charges,78% of Billed Charges. Lesser of 100% of billed charges applies.; No services were performed during the 15 month look back period.,16841.85,,,,,,,Case Rate,". MPL 100/50/25% all add ons apply, and lesser of 100% of billed charges",98.5,,,,,,,Case Rate,"100 Percent of Medicaid APG. ",3133.06,,,,,,,Case Rate,"100% Medicare OPPS FS. ",6487,,,,,,,Case Rate,". MPL 100/50/25% maxmium of 3 procedures. All add ons apply, and lesser of 100% of billed charges",6487,,,,,,,Case Rate,". MPL 100/50/25% maxmium of 3 procedures. All add ons apply, and lesser of 100% of billed charges",6487,,,,,,,Case Rate,". MPL 100/50/25% maxmium of 3 procedures. All add ons apply, and lesser of 100% of billed charges",6487,,,,,,,Case Rate,". MPL 100/50/25% maxmium of 3 procedures. All add ons apply, and lesser of 100% of billed charges",2700,,,,,,,Case rate,"Fixed Rate. ",3133.06,,,,,,,Case Rate,"100% Medicare OPPS FS. ",2700,,,,,,,Case rate,"Fixed Rate. ",6240,78,,15470,15470,15470,1 through 10,percent of total billed charges,78% of Billed Charges. Lesser of 100% of billed charges applies.,17038,,,,,,,Case Rate,". Primary procedure pays at 100%, secondary at 50%, all subsequent at 25%.  Lesser of applies when negotiated rates exceed charges less addons.",3133.06,,,,,,,Case Rate,"100%Medicare OPPS FS. ",8427,,,,,,,Case Rate,". Primary procedure pays at 100%, all subsequent at 50%.",3133.06,,,,,,,Case Rate,"100%Medicare OPPS FS. ",3133.06,,,,,,,Case Rate,"100%Medicare OPPS FS. ",6240,78,,,,,0,percent of total billed charges,78% of Billed Charges. Lesser of 100% of billed charges applies.; No services were performed during the 15 month look back period.,2200,,,,,,,Case Rate,"Paid at $2,200. ",2200,,,,,,,Case Rate,"Paid at $2,200. ",900,,,,,,,Case rate,"Paid at $900.. ",900,,,,,,,Case rate,"Paid at $900.. ",8427,,,,,,,Case Rate,". Primary procedure pays at 100%, all subsequent at 50%.",8427,,,,,,,Case Rate,". Primary procedure pays at 100%, all subsequent at 50%.",1542,,,,,,,Case Rate,"Paid at $1,542. Lesser of 100% of billed charges applies.",8427,,,,,,,Case Rate,". Primary procedure pays at 100%, all subsequent at 50%.",1542,,,,,,,Case Rate,"Paid at $1,542. Lesser of 100% of billed charges applies.",3133.06,,,,,,,Case Rate,"100%Medicare OPPS FS. ",8427,,,,,,,Case Rate,". Primary procedure pays at 100%, all subsequent at 50%.",6240,78,,13040,13040,13040,1 through 10,percent of total billed charges,78% of Billed Charges. Lesser of 100% of billed charges applies.,98.5,,,,,,,Case Rate,"Paid at $3,300. ",98.5,,,,,,,Case Rate,"Paid at $3,300. ",6240,78,,7327.35,7327.35,7327.35,1 through 10,percent of total billed charges,78% of Billed Charges. Lesser of 100% of billed charges applies.,6487,,,,,,,Case Rate,". MPL 100/50/25% maxmium of 3 procedures. All add ons apply, and lesser of 100% of billed charges",15949,,,,,,,Case Rate,". MPL 100/50/25% all add ons apply, and lesser of 100% of billed charges",15949,,,,,,,Case Rate,". MPL 100/50/25% all add ons apply, and lesser of 100% of billed charges",6240,78,,,,,0,percent of total billed charges,78% of Billed Charges. Lesser of 100% of billed charges applies.; No services were performed during the 15 month look back period.,3133.06,,,,,,,Case Rate,"100% Medicare OPPS FS. ",16841.85,,,,,,,Case Rate,". MPL 100/50/25% all add ons apply, and lesser of 100% of billed charges",16841.85,,,,,,,Case Rate,". MPL 100/50/25% all add ons apply, and lesser of 100% of billed charges",16841.85,,,,,,,Case Rate,". MPL 100/50/25% all add ons apply, and lesser of 100% of billed charges",3133.06,,,,,,,Case Rate,"100% Medicare OPPS FS. ",16841.85,,,,,,,Case Rate,". MPL 100/50/25% all add ons apply, and lesser of 100% of billed charges",16841.85,,,,,,,Case Rate,". MPL 100/50/25% all add ons apply, and lesser of 100% of billed charges",2700,,,,,,,Case Rate,"Fixed Rate. ",20611,,,,,,,Case Rate,RC Specific. Lesser of 100% of billed charges applies.,18304,,,,,,,Case Rate,. All Add ons apply except drugs and lesser of 100% of billed charges.,18304,,,,,,,Case Rate,. All Add ons apply except drugs and lesser of 100% of billed charges.,18304,,,,,,,Case Rate,. All Add ons apply except drugs and lesser of 100% of billed charges.,18304,,,,,,,Case Rate,. All Add ons apply except drugs and lesser of 100% of billed charges.,18304,,,,,,,Case Rate,. All Add ons apply except drugs and lesser of 100% of billed charges.,18304,,,,,,,Case Rate,. All Add ons apply except drugs and lesser of 100% of billed charges.,3133.06,,,,,,,Case Rate,"100% Medicare OPPS FS. ",3133.06,,,,,,,Case Rate,"100% Medicare OPPS FS. ",18304,,,,,,,Case Rate,. All Add ons apply except drugs and lesser of 100% of billed charges.,6240,78,,,,,0,percent of total billed charges,78% of Billed Charges. Lesser of 100% of billed charges applies.; No services were performed during the 15 month look back period.,6240,78,,,,,0,percent of total billed charges,78% of Billed Charges. Lesser of 100% of billed charges applies.; No services were performed during the 15 month look back period.,6240,78,,,,,0,percent of total billed charges,78% of Billed Charges. Lesser of 100% of billed charges applies.; No services were performed during the 15 month look back period.,6240,78,,,,,0,percent of total billed charges,78% of Billed Charges. Lesser of 100% of billed charges applies.; No services were performed during the 15 month look back period.,6240,78,,,,,0,percent of total billed charges,78% of Billed Charges. Lesser of 100% of billed charges applies.; No services were performed during the 15 month look back period.,6240,78,,,,,0,percent of total billed charges,78% of Billed Charges. Lesser of 100% of billed charges applies.; No services were performed during the 15 month look back period.,6240,78,,,,,0,percent of total billed charges,78% of Billed Charges. Lesser of 100% of billed charges applies.; No services were performed during the 15 month look back period.,6240,78,,,,,0,percent of total billed charges,78% of Billed Charges. Lesser of 100% of billed charges applies.; No services were performed during the 15 month look back period.,6240,78,,,,,0,percent of total billed charges,78% of Billed Charges. Lesser of 100% of billed charges applies.; No services were performed during the 15 month look back period.,6240,78,,,,,0,percent of total billed charges,78% of Billed Charges. Lesser of 100% of billed charges applies.; No services were performed during the 15 month look back period.,6240,78,,,,,0,percent of total billed charges,78% of Billed Charges. Lesser of 100% of billed charges applies.; No services were performed during the 15 month look back period.,6240,78,,,,,0,percent of total billed charges,78% of Billed Charges. Lesser of 100% of billed charges applies.; No services were performed during the 15 month look back period.,6240,78,,4400,3200,11000,1 through 10,percent of total billed charges,78% of Billed Charges. Lesser of 100% of billed charges applies.,6240,78,,,,,0,percent of total billed charges,78% of Billed Charges. Lesser of 100% of billed charges applies.; No services were performed during the 15 month look back period.,6240,78,,,,,0,percent of total billed charges,78% of Billed Charges. Lesser of 100% of billed charges applies.; No services were performed during the 15 month look back period.,6240,78,,7334.84,7334.84,7334.84,1 through 10,percent of total billed charges,78% of Billed Charges. Lesser of 100% of billed charges applies.,6240,78,,,,,0,percent of total billed charges,78% of Billed Charges. Lesser of 100% of billed charges applies.; No services were performed during the 15 month look back period.,6240,78,,,,,0,percent of total billed charges,78% of Billed Charges. Lesser of 100% of billed charges applies.; No services were performed during the 15 month look back period.,6240,78,,,,,0,percent of total billed charges,78% of Billed Charges. Lesser of 100% of billed charges applies.; No services were performed during the 15 month look back period.,6240,78,,,,,0,percent of total billed charges,78% of Billed Charges. Lesser of 100% of billed charges applies.; No services were performed during the 15 month look back period.,6240,78,,,,,0,percent of total billed charges,78% of Billed Charges. Lesser of 100% of billed charges applies.; No services were performed during the 15 month look back period.,6240,78,,,,,0,percent of total billed charges,78% of Billed Charges. Lesser of 100% of billed charges applies.; No services were performed during the 15 month look back period.,6240,78,,,,,0,percent of total billed charges,78% of Billed Charges. Lesser of 100% of billed charges applies.; No services were performed during the 15 month look back period.,6240,78,,,,,0,percent of total billed charges,78% of Billed Charges. Lesser of 100% of billed charges applies.; No services were performed during the 15 month look back period.,6240,78,,,,,0,percent of total billed charges,78% of Billed Charges. Lesser of 100% of billed charges applies.; No services were performed during the 15 month look back period.,6240,78,,,,,0,percent of total billed charges,78% of Billed Charges. Lesser of 100% of billed charges applies.; No services were performed during the 15 month look back period.,8427,,,,,,,Case Rate,". Primary procedure pays at 100%, all subsequent at 50%.",8427,,,,,,,Case Rate,". Primary procedure pays at 100%, all subsequent at 50%.",8427,,,,,,,Case Rate,". Primary procedure pays at 100%, all subsequent at 50%.",8427,,,,,,,Case Rate,". Primary procedure pays at 100%, all subsequent at 50%.",12574,,,,,,,Case Rate,". Primary procedure pays at 100%, all subsequent at 50%.",12574,,,,,,,Case Rate,". Primary procedure pays at 100%, all subsequent at 50%.",6487,,,,,,,Case Rate,". MPL 100/50/25% maxmium of 3 procedures. All add ons apply, and lesser of 100% of billed charges",18304,,,,,,,Case Rate,. All Add ons apply except drugs and lesser of 100% of billed charges.,16841.85,,,,,,,Case Rate,". MPL 100/50/25% all add ons apply, and lesser of 100% of billed charges",18304,,,,,,,Case Rate,. All Add ons apply except drugs and lesser of 100% of billed charges.,6240,78,,,,,0,percent of total billed charges,78% of Billed Charges. Lesser of 100% of billed charges applies.; No services were performed during the 15 month look back period.,12574,,,,,,,Case Rate,". Primary procedure pays at 100%, all subsequent at 50%.",18304,,,,,,,Case Rate,. All Add ons apply except drugs and lesser of 100% of billed charges.,16841.85,,,,,,,Case Rate,". MPL 100/50/25% all add ons apply, and lesser of 100% of billed charges",6487,,,,,,,Case Rate,". MPL 100/50/25% maxmium of 3 procedures. All add ons apply, and lesser of 100% of billed charges",,,,,,,,,"NA. ",6240,78,,,,,0,percent of total billed charges,78% of Billed Charges. Lesser of 100% of billed charges applies.; No services were performed during the 15 month look back period.,98.5,,,,,,,Case Rate,"100 Percent of Medicaid APG. ",8427,,,,,,,Case Rate,". Primary procedure pays at 100%, all subsequent at 50%.",1542,,,,,,,Case Rate,"Paid at $1,542. Lesser of 100% of billed charges applies.",3133.06,,,,,,,Case Rate,"100%Medicare OPPS FS. ",3133.06,,,,,,,Case Rate,"100% Medicare OPPS FS. ",20611,,,,,,,Case Rate,RC Specific. Lesser of 100% of billed charges applies.,3133.06,,,,,,,Case Rate,"100% Medicare OPPS FS. ",3133.06,,,,,,,Case Rate,"100% Medicare OPPS FS. ",98.5,,,,,,,Case Rate,"100 Percent of Medicaid APG. ",3133.06,,,,,,,Case Rate,"100% Medicare OPPS FS. ",3133.06,,,,,,,Case Rate,"100% Medicare OPPS FS. ",17038,,,,,,,Case Rate,". Primary procedure pays at 100%, secondary at 50%, all subsequent at 25%.  Lesser of applies when negotiated rates exceed charges less addons.",17038,,,,,,,Case Rate,". Primary procedure pays at 100%, secondary at 50%, all subsequent at 25%.  Lesser of applies when negotiated rates exceed charges less addons.",3133.06,,,,,,,Case Rate,"100% Medicare OPPS FS. ",6487,,,,,,,Case Rate,". MPL 100/50/25% maxmium of 3 procedures. All add ons apply, and lesser of 100% of billed charges",16841.85,,,,,,,Case Rate,". MPL 100/50/25% all add ons apply, and lesser of 100% of billed charges",16841.85,,,,,,,Case Rate,". MPL 100/50/25% all add ons apply, and lesser of 100% of billed charges",3133.06,,,,,,,Case Rate,"100% Medicare OPPS FS. ",6487,,,,,,,Case Rate,". MPL 100/50/25% maxmium of 3 procedures. All add ons apply, and lesser of 100% of billed charges",17038,,,,,,,Case Rate,". Primary procedure pays at 100%, secondary at 50%, all subsequent at 25%.  Lesser of applies when negotiated rates exceed charges less addons.",17038,,,,,,,Case Rate,". Primary procedure pays at 100%, secondary at 50%, all subsequent at 25%.  Lesser of applies when negotiated rates exceed charges less addons.",17038,,,,,,,Case Rate,". Primary procedure pays at 100%, secondary at 50%, all subsequent at 25%.  Lesser of applies when negotiated rates exceed charges less addons.",6240,78,,,,,0,percent of total billed charges,78% of Billed Charges. Lesser of 100% of billed charges applies.; No services were performed during the 15 month look back period.,6240,78,,,,,0,percent of total billed charges,78% of Billed Charges. Lesser of 100% of billed charges applies.; No services were performed during the 15 month look back period.,6240,78,,,,,0,percent of total billed charges,78% of Billed Charges. Lesser of 100% of billed charges applies.; No services were performed during the 15 month look back period.,6240,78,,,,,0,percent of total billed charges,78% of Billed Charges. Lesser of 100% of billed charges applies.; No services were performed during the 15 month look back period.,6240,78,,,,,0,percent of total billed charges,78% of Billed Charges. Lesser of 100% of billed charges applies.; No services were performed during the 15 month look back period.,6240,78,,,,,0,percent of total billed charges,78% of Billed Charges. Lesser of 100% of billed charges applies.; No services were performed during the 15 month look back period.,6240,78,,,,,0,percent of total billed charges,78% of Billed Charges. Lesser of 100% of billed charges applies.; No services were performed during the 15 month look back period.,6240,78,,,,,0,percent of total billed charges,78% of Billed Charges. Lesser of 100% of billed charges applies.; No services were performed during the 15 month look back period.,6240,78,,,,,0,percent of total billed charges,78% of Billed Charges. Lesser of 100% of billed charges applies.; No services were performed during the 15 month look back period.,6240,78,,,,,0,percent of total billed charges,78% of Billed Charges. Lesser of 100% of billed charges applies.; No services were performed during the 15 month look back period.,6240,78,,,,,0,percent of total billed charges,78% of Billed Charges. Lesser of 100% of billed charges applies.; No services were performed during the 15 month look back period.,12574,,,,,,,Case Rate,". Primary procedure pays at 100%, all subsequent at 50%.",18304,,,,,,,Case Rate,. All Add ons apply except drugs and lesser of 100% of billed charges.,6487,,,,,,,Case Rate,". MPL 100/50/25% maxmium of 3 procedures. All add ons apply, and lesser of 100% of billed charges",3133.06,,,,,,,Case Rate,"100% Medicare OPPS FS. ",17038,,,,,,,Case Rate,". Primary procedure pays at 100%, secondary at 50%, all subsequent at 25%.  Lesser of applies when negotiated rates exceed charges less addons.",6487,,,,,,,Case Rate,". MPL 100/50/25% maxmium of 3 procedures. All add ons apply, and lesser of 100% of billed charges",6487,,,,,,,Case Rate,". MPL 100/50/25% maxmium of 3 procedures. All add ons apply, and lesser of 100% of billed charges",6240,78,,22490,22490,22490,1 through 10,percent of total billed charges,78% of Billed Charges. Lesser of 100% of billed charges applies.,210.8,,,,,,,Case Rate,"Paid at $6,300. ",6487,,,,,,,Case Rate,". MPL 100/50/25% maxmium of 3 procedures. All add ons apply, and lesser of 100% of billed charges",98.5,,,,,,,Case Rate,"100 Percent of Medicaid APG. ",3133.06,,,,,,,Case Rate,"100% Medicare OPPS FS. ",3133.06,,,,,,,Case Rate,"100% Medicare OPPS FS. ",3133.06,,,,,,,Case Rate,"100% Medicare OPPS FS. ",3133.06,,,,,,,Case Rate,"100% Medicare OPPS FS. ",3133.06,,,,,,,Case Rate,"100% Medicare OPPS FS. ",3133.06,,,,,,,Case Rate,"100% Medicare OPPS FS. ",6487,,,,,,,Case Rate,". MPL 100/50/25% maxmium of 3 procedures. All add ons apply, and lesser of 100% of billed charges",20611,,,,,,,Case Rate,RC Specific. Lesser of 100% of billed charges applies.,2700,,,,,,,Case Rate,"Fixed Rate. ",2700,,,,,,,Case Rate,"Fixed Rate. ",2700,,,,,,,Case Rate,"Fixed Rate. ",2700,,,,,,,Case Rate,"Fixed Rate. ",2700,,,,,,,Case Rate,"Fixed Rate. ",,,,,,,,,"NA. ",20611,,,,,,,Case Rate,RC Specific. Lesser of 100% of billed charges applies.,6600,,,,,,,Case Rate,"Paid at $6,600. ",6600,,,,,,,Case Rate,"Paid at $6,600. ",6600,,,,,,,Case Rate,"Paid at $6,600. ",6600,,,,,,,Case Rate,"Paid at $6,600. ",6600,,,,,,,Case Rate,"Paid at $6,600. ",3133.06,,,,,,,Case Rate,"100% Medicare OPPS FS. ",12574,,,,,,,Case Rate,". Primary procedure pays at 100%, all subsequent at 50%.",12574,,,,,,,Case Rate,". Primary procedure pays at 100%, all subsequent at 50%.",12574,,,,,,,Case Rate,". Primary procedure pays at 100%, all subsequent at 50%.",12574,,,,,,,Case Rate,". Primary procedure pays at 100%, all subsequent at 50%.",17038,,,,,,,Case Rate,". Primary procedure pays at 100%, secondary at 50%, all subsequent at 25%.  Lesser of applies when negotiated rates exceed charges less addons.",17038,,,,,,,Case Rate,". Primary procedure pays at 100%, secondary at 50%, all subsequent at 25%.  Lesser of applies when negotiated rates exceed charges less addons.",17038,,,,,,,Case Rate,". Primary procedure pays at 100%, secondary at 50%, all subsequent at 25%.  Lesser of applies when negotiated rates exceed charges less addons.",17038,,,,,,,Case Rate,". Primary procedure pays at 100%, secondary at 50%, all subsequent at 25%.  Lesser of applies when negotiated rates exceed charges less addons.",20611,,,,,,,Case Rate,RC Specific. Lesser of 100% of billed charges applies.,20611,,,,,,,Case Rate,RC Specific. Lesser of 100% of billed charges applies.,3133.06,,,,,,,Case Rate,"100% Medicare OPPS FS. ",3133.06,,,,,,,Case Rate,"100% Medicare OPPS FS. ",3133.06,,,,,,,Case Rate,"100% Medicare OPPS FS. ",18304,,,,,,,Case Rate,. All Add ons apply except drugs and lesser of 100% of billed charges.,18304,,,,,,,Case Rate,. All Add ons apply except drugs and lesser of 100% of billed charges.,18304,,,,,,,Case Rate,. All Add ons apply except drugs and lesser of 100% of billed charges.,20611,,,,,,,Case Rate,RC Specific. Lesser of 100% of billed charges applies.,17038,,,,,,,Case Rate,". Primary procedure pays at 100%, secondary at 50%, all subsequent at 25%.  Lesser of applies when negotiated rates exceed charges less addons.",3133.06,,,,,,,Case Rate,"100% Medicare OPPS FS. ",18304,,,,,,,Case Rate,. All Add ons apply except drugs and lesser of 100% of billed charges.,98.5,,,,,,,Case Rate,"100 Percent of Medicaid APG. ",3195.72,,,,,,,Case Rate,"102% of Medicare OPPS. ",3195.72,,,,,,,Case Rate,"102% of Medicare OPPS. ",3195.72,,,,,,,Case Rate,"102% of Medicare OPPS. ",900,,,,,,,Case rate,"Paid at $900.. ",221.63,,,,,,,Fee Schedule,225% of NYS APG. Lesser of 100% of billed charges applies.,221.63,,,,,,,Fee Schedule,225% of NYS APG. Lesser of 100% of billed charges applies.,221.63,,,,,,,Fee Schedule,225% of NYS APG. Lesser of 100% of billed charges applies.,221.63,,,,,,,Fee Schedule,225% of NYS APG. Lesser of 100% of billed charges applies.,221.63,,,,,,,Fee Schedule,225% of NYS APG. Lesser of 100% of billed charges applies.,3195.72,,,,,,,Case Rate,"102% of Medicare OPPS. ",98.5,,,,,,,Case Rate,"100 Percent of Medicaid APG. ",2200,,,,,,,Case Rate,"Paid at $2,200. ",221.63,,,,,,,Fee Schedule,225% of NYS APG. Lesser of 100% of billed charges applies.,221.63,,,,,,,Fee Schedule,225% of NYS APG. Lesser of 100% of billed charges applies.,2200,,,,,,,Case Rate,"Paid at $2,200. ",2200,,,,,,,Case Rate,"Paid at $2,200. ",2700,,,,,,,Case Rate,"Fixed Rate. ",3133.06,,,,,,,Case Rate,"100% Medicare OPPS FS. ",3133.06,,,,,,,Case Rate,"100% Medicare OPPS FS. ",17038,,,,,,,Case Rate,". Primary procedure pays at 100%, secondary at 50%, all subsequent at 25%.  Lesser of applies when negotiated rates exceed charges less addons.",3133.06,,,,,,,Case Rate,"100% Medicare OPPS FS. ",221.63,,,,,,,Case Rate,"225 Percent of Medicaid APG. ",221.63,,,,,,,Case Rate,"225 Percent of Medicaid APG. ",900,,,,,,,Case rate,"Paid at $900.. ",900,,,,,,,Case rate,"Paid at $900.. ",2700,,,,,,,Case Rate,"Fixed. ",2700,,,,,,,Case rate,"Fixed Rate. ",221.63,,,,,,,Case Rate,"100 Percent of Medicaid APG. ",221.63,,,,,,,Case Rate,"100 Percent of Medicaid APG. ",221.63,,,,,,,Case Rate,"100 Percent of Medicaid APG. ",221.63,,,,,,,Case Rate,"100 Percent of Medicaid APG. ",12781,,,,,,,Case Rate,RC Specific. Lesser of 100% of billed charges applies.,20611,,,,,,,Case Rate,RC Specific. Lesser of 100% of billed charges applies.,118.2,,,,,,,Case Rate,"120 Percent of Medicaid APG. Not APG payable, or payable under another fee schedule like ASP/AWP pays at 30% of charges",118.2,,,,,,,Case Rate,"120 Percent of Medicaid APG. Not APG payable, or payable under another fee schedule like ASP/AWP pays at 30% of charges",1542,,,,,,,Case Rate,"Paid at $1,542. Lesser of 100% of billed charges applies.",1542,,,,,,,Case Rate,"Paid at $1,542. Lesser of 100% of billed charges applies.",18304,,,,,,,Case Rate,. All Add ons apply except drugs and lesser of 100% of billed charges.,18304,,,,,,,Case Rate,. All Add ons apply except drugs and lesser of 100% of billed charges.,3133.06,,,,,,,Case Rate,"100% Medicare OPPS FS. ",18304,,,,,,,Case Rate,. All Add ons apply except drugs and lesser of 100% of billed charges.,18304,,,,,,,Case Rate,. All Add ons apply except drugs and lesser of 100% of billed charges.,18304,,,,,,,Case Rate,. All Add ons apply except drugs and lesser of 100% of billed charges.,18304,,,,,,,Case Rate,. All Add ons apply except drugs and lesser of 100% of billed charges.,3133.06,,,,,,,Case Rate,"100% Medicare OPPS FS. ",18304,,,,,,,Case Rate,. All Add ons apply except drugs and lesser of 100% of billed charges.,18304,,,,,,,Case Rate,. All Add ons apply except drugs and lesser of 100% of billed charges.,17038,,,,,,,Case Rate,". Primary procedure pays at 100%, secondary at 50%, all subsequent at 25%.  Lesser of applies when negotiated rates exceed charges less addons.",,,,,,,,Fee Schedule,100% of RBRVS. Lesser of 100% of billed charges applies.,2700,,,,,,,Case rate,"Fixed Rate. ",221.63,,,,,,,Fee Schedule,225% of NYS APG. Lesser of 100% of billed charges applies.,2700,,,,,,,Case Rate,"Fixed. ",2700,,,,,,,Case rate,"Fixed Rate. ",221.63,,,,,,,Fee Schedule,225% of NYS APG. Lesser of 100% of billed charges applies.,221.63,,,,,,,Fee Schedule,225% of NYS APG. Lesser of 100% of billed charges applies.,221.63,,,,,,,Fee Schedule,225% of NYS APG. Lesser of 100% of billed charges applies.,221.63,,,,,,,Fee Schedule,225% of NYS APG. Lesser of 100% of billed charges applies.,221.63,,,,,,,Fee Schedule,225% of NYS APG. Lesser of 100% of billed charges applies.,221.63,,,,,,,Fee Schedule,225% of NYS APG. Lesser of 100% of billed charges applies.,,,,,,,,,"NA. ",,,,,,,,,"NA. ",,,,,,,,,"NA. ",6487,,,,,,,Case Rate,". MPL 100/50/25% maxmium of 3 procedures. All add ons apply, and lesser of 100% of billed charges",,,,,,,,,"NA. ",3133.06,,,,,,,Case Rate,"100% Medicare OPPS FS. ",919,,,,,,,Case Rate,"8 hour minimum threshold. One additional case rate payment for each additional 8 hours, maximum 48 hours.. Lesser of 100% of billed charges applies.",3133.06,,,,,,,Case Rate,"100% Medicare OPPS FS. ",3133.06,,,,,,,Case Rate,"100% Medicare OPPS FS. ",118.2,,,,,,,Case Rate,"120 Percent of Medicaid APG. Not APG payable, or payable under another fee schedule like ASP/AWP pays at 30% of charges",118.2,,,,,,,Case Rate,"120 Percent of Medicaid APG. Not APG payable, or payable under another fee schedule like ASP/AWP pays at 30% of charges",1542,,,,,,,Case Rate,"Paid at $1,542. Lesser of 100% of billed charges applies.",1542,,,,,,,Case Rate,"Paid at $1,542. Lesser of 100% of billed charges applies.",98.5,,,,,,,Case Rate,"100 Percent of Medicaid APG. ",7163,,,,,,,Case Rate,". ",17038,,,,,,,Case Rate,". Primary procedure pays at 100%, secondary at 50%, all subsequent at 25%.  Lesser of applies when negotiated rates exceed charges less addons.",8427,,,,,,,Case Rate,". Primary procedure pays at 100%, all subsequent at 50%.",6487,,,,,,,Case Rate,". MPL 100/50/25% maxmium of 3 procedures. All add ons apply, and lesser of 100% of billed charges",3133.06,,,,,,,Case Rate,"100%Medicare OPPS FS. ",3133.06,,,,,,,Case Rate,"100% Medicare OPPS FS. ",3133.06,,,,,,,Case Rate,"100% Medicare OPPS FS. ",3133.06,,,,,,,Case Rate,"100% Medicare OPPS FS. ",3133.06,,,,,,,Case Rate,"100%Medicare OPPS FS. ",3133.06,,,,,,,Case Rate,"100% Medicare OPPS FS. ",,,,,,,,,"NA. ",221.63,,,,,,,Fee Schedule,225% of NYS APG. Lesser of 100% of billed charges applies.,2200,,,,,,,Case Rate,"Paid at $2,200. ",18304,,,,,,,Case Rate,. All Add ons apply except drugs and lesser of 100% of billed charges.,7163,,,,,,,Case Rate,". ",7163,,,,,,,Case Rate,". ",7163,,,,,,,Case Rate,". ",7163,,,,,,,Case Rate,". ",3133.06,,,,,,,Case Rate,"100% Medicare OPPS FS. ",98.5,,,,,,,Case Rate,"100 Percent of Medicaid APG. ",18304,,,,,,,Case Rate,. All Add ons apply except drugs and lesser of 100% of billed charges.,98.5,,,,,,,Case Rate,"100 Percent of Medicaid APG. ",3133.06,,,,,,,Case Rate,"100% Medicare OPPS FS. ",98.5,,,,,,,Case Rate,"100 Percent of Medicaid APG. ",3133.06,,,,,,,Case Rate,"100% Medicare OPPS FS. ",3133.06,,,,,,,Case Rate,"100% Medicare OPPS FS. ",98.5,,,,,,,Case Rate,"100 Percent of Medicaid APG. ",98.5,,,,,,,Case Rate,"100 Percent of Medicaid APG. ",7163,,,,,,,Case Rate,". ",6487,,,,,,,Case Rate,". MPL 100/50/25% maxmium of 3 procedures. All add ons apply, and lesser of 100% of billed charges",6240,78,,12500,12500,12500,1 through 10,percent of total billed charges,78% of Billed Charges. Lesser of 100% of billed charges applies.,16841.85,,,,,,,Case Rate,". MPL 100/50/25% all add ons apply, and lesser of 100% of billed charges",16841.85,,,,,,,Case Rate,". MPL 100/50/25% all add ons apply, and lesser of 100% of billed charges",17038,,,,,,,Case Rate,". Primary procedure pays at 100%, secondary at 50%, all subsequent at 25%.  Lesser of applies when negotiated rates exceed charges less addons.",2500,,,,,,,Case Rate,"Fixed Rate. ",12574,,,,,,,Case Rate,". Primary procedure pays at 100%, all subsequent at 50%.",12574,,,,,,,Case Rate,". Primary procedure pays at 100%, all subsequent at 50%.",14643,,,,,,,Case Rate,. All Add ons apply except drugs and lesser of 100% of billed charges.,14643,,,,,,,Case Rate,. All Add ons apply except drugs and lesser of 100% of billed charges.,3133.06,,,,,,,Case Rate,"100% Medicare OPPS FS. ",3133.06,,,,,,,Case Rate,"100% Medicare OPPS FS. ",3133.06,,,,,,,Case Rate,"100% Medicare OPPS FS. ",3133.06,,,,,,,Case Rate,"100% Medicare OPPS FS. ",16841.85,,,,,,,Case Rate,". MPL 100/50/25% all add ons apply, and lesser of 100% of billed charges",18304,,,,,,,Case Rate,. All Add ons apply except drugs and lesser of 100% of billed charges.,18304,,,,,,,Case Rate,. All Add ons apply except drugs and lesser of 100% of billed charges.,3133.06,,,,,,,Case Rate,"100% Medicare OPPS FS. ",14643,,,,,,,Case Rate,. All Add ons apply except drugs and lesser of 100% of billed charges.,8427,,,,,,,Case Rate,". Primary procedure pays at 100%, all subsequent at 50%.",118.2,,,,,,,Case Rate,"120 Percent of Medicaid APG. ",98.5,,,,,,,Case Rate,"100 Percent of Medicaid APG. ",7163,,,,,,,Case Rate,". ",16474,,,,,,,Case Rate,. All Add ons apply except drugs and lesser of 100% of billed charges.,16474,,,,,,,Case Rate,. All Add ons apply except drugs and lesser of 100% of billed charges.,18304,,,,,,,Case Rate,. All Add ons apply except drugs and lesser of 100% of billed charges.,14201,,,,,,,Case Rate,RC Specific. Lesser of 100% of billed charges applies.,3133.06,,,,,,,Case Rate,"100%Medicare OPPS FS. ",103.43,,,,,,,Fee Schedule,105 percent of Medicaid APG. otherwise 105% of Ordered NYS MCD FS or 105% of ASP+6%,103.43,,,,,,,Fee Schedule,105 percent of Medicaid APG. otherwise 105% of Ordered NYS MCD FS or 105% of ASP+6%,103.43,,,,,,,Fee Schedule,105 percent of Medicaid APG. otherwise 105% of Ordered NYS MCD FS or 105% of ASP+6%,132.98,,,,,,,Fee Schedule,135 percent of Medicaid APG. otherwise 135% of Ordered NYS MCD FS or 135% of ASP+6%,16841.85,,,,,,,Case Rate,". MPL 100/50/25% all add ons apply, and lesser of 100% of billed charges",103.43,,,,,,,Fee Schedule,105 percent of Medicaid APG. otherwise 105% of Ordered NYS MCD FS or 105% of ASP+6%,103.43,,,,,,,Fee Schedule,105 percent of Medicaid APG. otherwise 105% of Ordered NYS MCD FS or 105% of ASP+6%,103.43,,,,,,,Fee Schedule,105 percent of Medicaid APG. otherwise 105% of Ordered NYS MCD FS or 105% of ASP+6%,103.43,,,,,,,Fee Schedule,105 percent of Medicaid APG. otherwise 105% of Ordered NYS MCD FS or 105% of ASP+6%,103.43,,,,,,,Fee Schedule,105 percent of Medicaid APG. otherwise 105% of Ordered NYS MCD FS or 105% of ASP+6%,132.98,,,,,,,Fee Schedule,135 percent of Medicaid APG. otherwise 135% of Ordered NYS MCD FS or 135% of ASP+6%,132.98,,,,,,,Fee Schedule,135 percent of Medicaid APG. otherwise 135% of Ordered NYS MCD FS or 135% of ASP+6%,3133.06,,,,,,,Case Rate,"100% Medicare OPPS FS. ",16841.85,,,,,,,Case Rate,". MPL 100/50/25% all add ons apply, and lesser of 100% of billed charges",3133.06,,,,,,,Case Rate,"100% Medicare OPPS FS. ",103.43,,,,,,,Fee Schedule,105 percent of Medicaid APG. otherwise 105% of Ordered NYS MCD FS or 105% of ASP+6%,18304,,,,,,,Case Rate,. All Add ons apply except drugs and lesser of 100% of billed charges.,3133.06,,,,,,,Case Rate,"100% Medicare OPPS FS. ",18304,,,,,,,Case Rate,. All Add ons apply except drugs and lesser of 100% of billed charges.,18304,,,,,,,Case Rate,. All Add ons apply except drugs and lesser of 100% of billed charges.,18304,,,,,,,Case Rate,. All Add ons apply except drugs and lesser of 100% of billed charges.,103.43,,,,,,,Fee Schedule,105 percent of Medicaid APG. otherwise 105% of Ordered NYS MCD FS or 105% of ASP+6%,3133.06,,,,,,,Case Rate,"100% Medicare OPPS FS. ",18304,,,,,,,Case Rate,. All Add ons apply except drugs and lesser of 100% of billed charges.,132.98,,,,,,,Fee Schedule,135 percent of Medicaid APG. otherwise 135% of Ordered NYS MCD FS or 135% of ASP+6%,18304,,,,,,,Case Rate,. All Add ons apply except drugs and lesser of 100% of billed charges.,6400,,,,,,,Case Rate,"Fixed Rate. ",3133.06,,,,,,,Case Rate,"100%Medicare OPPS FS. ",7163,,,,,,,Case Rate,". ",7163,,,,,,,Case Rate,". ",7163,,,,,,,Case Rate,". ",7163,,,,,,,Case Rate,". ",7163,,,,,,,Case Rate,". ",8427,,,,,,,Case Rate,". Primary procedure pays at 100%, all subsequent at 50%.",8427,,,,,,,Case Rate,". Primary procedure pays at 100%, all subsequent at 50%.",7163,,,,,,,Case Rate,". ",7163,,,,,,,Case Rate,". ",7163,,,,,,,Case Rate,". ",7163,,,,,,,Case Rate,". ",7163,,,,,,,Case Rate,". ",3133.06,,,,,,,Case Rate,"100% Medicare OPPS FS. ",8427,,,,,,,Case Rate,". Primary procedure pays at 100%, all subsequent at 50%.",3133.06,,,,,,,Case Rate,"100% Medicare OPPS FS. ",221.63,,,,,,,Case Rate,"Paid at $3,300. ",98.5,,,,,,,Case Rate,"Paid at $3,300. ",16841.85,,,,,,,Case Rate,". MPL 100/50/25% all add ons apply, and lesser of 100% of billed charges",16841.85,,,,,,,Case Rate,". MPL 100/50/25% all add ons apply, and lesser of 100% of billed charges",3133.06,,,,,,,Case Rate,"100% Medicare OPPS FS. ",12574,,,,,,,Case Rate,". Primary procedure pays at 100%, all subsequent at 50%.",3133.06,,,,,,,Case Rate,"100% Medicare OPPS FS. ",3133.06,,,,,,,Case Rate,"100% Medicare OPPS FS. ",17038,,,,,,,Case Rate,". Primary procedure pays at 100%, secondary at 50%, all subsequent at 25%.  Lesser of applies when negotiated rates exceed charges less addons.",3133.06,,,,,,,Case Rate,"100% Medicare OPPS FS. ",6487,,,,,,,Case Rate,". MPL 100/50/25% maxmium of 3 procedures. All add ons apply, and lesser of 100% of billed charges",3133.06,,,,,,,Case Rate,"100% Medicare OPPS FS. ",6487,,,,,,,Case Rate,". MPL 100/50/25% maxmium of 3 procedures. All add ons apply, and lesser of 100% of billed charges",17038,,,,,,,Case Rate,". Primary procedure pays at 100%, secondary at 50%, all subsequent at 25%.  Lesser of applies when negotiated rates exceed charges less addons.",6487,,,,,,,Case Rate,". MPL 100/50/25% maxmium of 3 procedures. All add ons apply, and lesser of 100% of billed charges",3133.06,,,,,,,Case Rate,"100% Medicare OPPS FS. ",98.5,,,,,,,Case Rate,"100 Percent of Medicaid APG. ",3133.06,,,,,,,Case Rate,"100% Medicare OPPS FS. ",6487,,,,,,,Case Rate,". MPL 100/50/25% maxmium of 3 procedures. All add ons apply, and lesser of 100% of billed charges",16841.85,,,,,,,Case Rate,". MPL 100/50/25% all add ons apply, and lesser of 100% of billed charges",98.5,,,,,,,Case Rate,"100 Percent of Medicaid APG. ",18304,,,,,,,Case Rate,. All Add ons apply except drugs and lesser of 100% of billed charges.,118.2,,,,,,,Case Rate,"120 Percent of Medicaid APG. ",118.2,,,,,,,Case Rate,"120 Percent of Medicaid APG. ",18304,,,,,,,Case Rate,. All Add ons apply except drugs and lesser of 100% of billed charges.,18304,,,,,,,Case Rate,. All Add ons apply except drugs and lesser of 100% of billed charges.,18304,,,,,,,Case Rate,. All Add ons apply except drugs and lesser of 100% of billed charges.,16841.85,,,,,,,Case Rate,". MPL 100/50/25% all add ons apply, and lesser of 100% of billed charges",18304,,,,,,,Case Rate,. All Add ons apply except drugs and lesser of 100% of billed charges.,18304,,,,,,,Case Rate,. All Add ons apply except drugs and lesser of 100% of billed charges.,18304,,,,,,,Case Rate,. All Add ons apply except drugs and lesser of 100% of billed charges.,7163,,,,,,,Case Rate,". ",7163,,,,,,,Case Rate,". ",6600,,,,,,,Case Rate,"Paid at $6,600. ",98.5,,,,,,,Case Rate,"100 Percent of Medicaid APG. ",16841.85,,,,,,,Case Rate,". MPL 100/50/25% all add ons apply, and lesser of 100% of billed charges",6487,,,,,,,Case Rate,". MPL 100/50/25% maxmium of 3 procedures. All add ons apply, and lesser of 100% of billed charges",17038,,,,,,,Case Rate,". Primary procedure pays at 100%, secondary at 50%, all subsequent at 25%.  Lesser of applies when negotiated rates exceed charges less addons.",16841.85,,,,,,,Case Rate,". MPL 100/50/25% all add ons apply, and lesser of 100% of billed charges",17038,,,,,,,Case Rate,". Primary procedure pays at 100%, secondary at 50%, all subsequent at 25%.  Lesser of applies when negotiated rates exceed charges less addons.",16841.85,,,,,,,Case Rate,". MPL 100/50/25% all add ons apply, and lesser of 100% of billed charges",18304,,,,,,,Case Rate,. All Add ons apply except drugs and lesser of 100% of billed charges.,18304,,,,,,,Case Rate,. All Add ons apply except drugs and lesser of 100% of billed charges.,18304,,,,,,,Case Rate,. All Add ons apply except drugs and lesser of 100% of billed charges.,18304,,,,,,,Case Rate,. All Add ons apply except drugs and lesser of 100% of billed charges.,3133.06,,,,,,,Case Rate,"100% Medicare OPPS FS. ",48.69,20611,
G0420,HCPCS,2026918,LOCAL,942,RC,HC EDUCATIONAL SVCS CHRONIC KIDNEY DISEASE; INDIV; PR SESSION; PR 1 HR,236.19,44.8761,both,,,,118.095,50,,,,,0,percent of total billed charges,50% of Billed Charges. Lesser of 100% of billed charges applies.; No services were performed during the 15 month look back period.,118.095,50,,,,,0,percent of total billed charges,50% of Billed Charges. Lesser of 100% of billed charges applies.; No services were performed during the 15 month look back period.,141.714,60,,,,,0,percent of total billed charges,60 percent of billed charges; No services were performed during the 15 month look back period.,236.19,100,,,,,0,percent of total billed charges,100 percent of billed charges. ; No services were performed during the 15 month look back period.,117.33,,,,,,,Fee Schedule,"100% RBRVS FS. ",141.714,60,,,,,0,percent of total billed charges,60 percent of billed charges; No services were performed during the 15 month look back period.,141.714,60,,,,,0,percent of total billed charges,60 percent of billed charges; No services were performed during the 15 month look back period.,141.714,60,,,,,0,percent of total billed charges,60 percent of billed charges; No services were performed during the 15 month look back period.,,,,,,,,Other,"100 Percent of Medicaid APG. ",,,,,,,,Other,"100 Percent of Medicaid APG. ",184.2282,78,,,,,0,percent of total billed charges,78% of Billed Charges. Lesser of 100% of billed charges applies.; No services were performed during the 15 month look back period.,997.63,,,,,,,Fee Schedule,". ",,,,,,,,Other,"100 Percent of Medicaid APG. ",117.33,,,,,,,Fee Schedule,"100% RBRVS FS. ",141.714,60,,,,,0,percent of total billed charges,60 percent of billed charges; No services were performed during the 15 month look back period.,141.714,60,,,,,0,percent of total billed charges,60 percent of billed charges; No services were performed during the 15 month look back period.,141.714,60,,,,,0,percent of total billed charges,60 percent of billed charges; No services were performed during the 15 month look back period.,141.714,60,,,,,0,percent of total billed charges,60 percent of billed charges; No services were performed during the 15 month look back period.,107.55,,,,,,,Fee schedule,90 Percent of Medicare RBRVS. Covered services not payable under Medicaid Fee Schedules default to a payment of 50 percent of charges.,117.33,,,,,,,Fee Schedule,"100% RBRVS FS. ",107.55,,,,,,,Fee schedule,90 Percent of Medicare RBRVS. Covered services not payable under Medicaid Fee Schedules default to a payment of 50 percent of charges.,184.2282,78,,,,,0,percent of total billed charges,78% of Billed Charges. Lesser of 100% of billed charges applies.; No services were performed during the 15 month look back period.,141.714,60,,,,,0,percent of total billed charges,60 percent of billed charges; No services were performed during the 15 month look back period.,117.33,,,,,,,Fee Schedule,"100% RBRVS FS. ",172.4187,73,,,,,0,percent of total billed charges,73 percent of billed charges; No services were performed during the 15 month look back period.,117.33,,,,,,,Fee Schedule,"100% RBRVS FS. ",117.33,,,,,,,Fee Schedule,"100% RBRVS FS. ",184.2282,78,,,,,0,percent of total billed charges,78% of Billed Charges. Lesser of 100% of billed charges applies.; No services were performed during the 15 month look back period.,107.55,,,,,,,Fee Schedule,90 Percent of Medicare RBRVS. Lesser of 100% of billed charges applies.,107.55,,,,,,,Fee Schedule,90 Percent of Medicare RBRVS. Lesser of 100% of billed charges applies.,107.55,,,,,,,Fee schedule,"90 Percent of Medicare RBRVS. ",107.55,,,,,,,Fee schedule,"90 Percent of Medicare RBRVS. ",172.4187,73,,,,,0,percent of total billed charges,73 percent of billed charges; No services were performed during the 15 month look back period.,172.4187,73,,,,,0,percent of total billed charges,73 percent of billed charges; No services were performed during the 15 month look back period.,,,,,,,,Other,"100 Percent of Medicaid APG. Not APG payable, or payable under another fee schedule like ASP/AWP pays at 30% of charges",172.4187,73,,,,,0,percent of total billed charges,73 percent of billed charges; No services were performed during the 15 month look back period.,,,,,,,,Other,"100 Percent of Medicaid APG. Not APG payable, or payable under another fee schedule like ASP/AWP pays at 30% of charges",117.33,,,,,,,Fee Schedule,"100% RBRVS FS. ",172.4187,73,,,,,0,percent of total billed charges,73 percent of billed charges; No services were performed during the 15 month look back period.,184.2282,78,,,,,0,percent of total billed charges,78% of Billed Charges. Lesser of 100% of billed charges applies.; No services were performed during the 15 month look back period.,,,,,,,,Other,"100 Percent of Medicaid APG. If not priced under APG, then Metroplus FeeSched",,,,,,,,Other,"100 Percent of Medicaid APG. If not priced under APG, then Metroplus FeeSched",184.2282,78,,,,,0,percent of total billed charges,78% of Billed Charges. Lesser of 100% of billed charges applies.; No services were performed during the 15 month look back period.,141.714,60,,,,,0,percent of total billed charges,60 percent of billed charges; No services were performed during the 15 month look back period.,1014.84,,,,,,,Fee Schedule,". ",1014.84,,,,,,,Fee Schedule,". ",184.2282,78,,,,,0,percent of total billed charges,78% of Billed Charges. Lesser of 100% of billed charges applies.; No services were performed during the 15 month look back period.,117.33,,,,,,,Fee Schedule,"100% RBRVS FS. ",997.63,,,,,,,Fee Schedule,". ",997.63,,,,,,,Fee Schedule,". ",997.63,,,,,,,Fee Schedule,". ",117.33,,,,,,,Fee Schedule,"100% RBRVS FS. ",997.63,,,,,,,Fee Schedule,". ",997.63,,,,,,,Fee Schedule,". ",117.33,,,,,,,Fee Schedule,"100% of RBRVS. ",118.095,50,,,,,0,percent of total billed charges,50 percent of billed charges; No services were performed during the 15 month look back period.,886.52,,,,,,,Fee Schedule,"758.1 % 2013 Manhattan Medicare. ",886.52,,,,,,,Fee Schedule,"758.1 % 2013 Manhattan Medicare. ",886.52,,,,,,,Fee Schedule,"758.1 % 2013 Manhattan Medicare. ",886.52,,,,,,,Fee Schedule,"758.1 % 2013 Manhattan Medicare. ",886.52,,,,,,,Fee Schedule,"758.1 % 2013 Manhattan Medicare. ",886.52,,,,,,,Fee Schedule,"758.1 % 2013 Manhattan Medicare. ",117.33,,,,,,,Fee Schedule,"100% RBRVS FS. ",117.33,,,,,,,Fee Schedule,"100% RBRVS FS. ",886.52,,,,,,,Fee Schedule,"758.1 % 2013 Manhattan Medicare. ",184.2282,78,,,,,0,percent of total billed charges,78% of Billed Charges. Lesser of 100% of billed charges applies.; No services were performed during the 15 month look back period.,184.2282,78,,,,,0,percent of total billed charges,78% of Billed Charges. Lesser of 100% of billed charges applies.; No services were performed during the 15 month look back period.,184.2282,78,,,,,0,percent of total billed charges,78% of Billed Charges. Lesser of 100% of billed charges applies.; No services were performed during the 15 month look back period.,184.2282,78,,,,,0,percent of total billed charges,78% of Billed Charges. Lesser of 100% of billed charges applies.; No services were performed during the 15 month look back period.,184.2282,78,,,,,0,percent of total billed charges,78% of Billed Charges. Lesser of 100% of billed charges applies.; No services were performed during the 15 month look back period.,184.2282,78,,,,,0,percent of total billed charges,78% of Billed Charges. Lesser of 100% of billed charges applies.; No services were performed during the 15 month look back period.,184.2282,78,,,,,0,percent of total billed charges,78% of Billed Charges. Lesser of 100% of billed charges applies.; No services were performed during the 15 month look back period.,184.2282,78,,,,,0,percent of total billed charges,78% of Billed Charges. Lesser of 100% of billed charges applies.; No services were performed during the 15 month look back period.,184.2282,78,,,,,0,percent of total billed charges,78% of Billed Charges. Lesser of 100% of billed charges applies.; No services were performed during the 15 month look back period.,184.2282,78,,,,,0,percent of total billed charges,78% of Billed Charges. Lesser of 100% of billed charges applies.; No services were performed during the 15 month look back period.,184.2282,78,,,,,0,percent of total billed charges,78% of Billed Charges. Lesser of 100% of billed charges applies.; No services were performed during the 15 month look back period.,184.2282,78,,,,,0,percent of total billed charges,78% of Billed Charges. Lesser of 100% of billed charges applies.; No services were performed during the 15 month look back period.,184.2282,78,,,,,0,percent of total billed charges,78% of Billed Charges. Lesser of 100% of billed charges applies.; No services were performed during the 15 month look back period.,184.2282,78,,,,,0,percent of total billed charges,78% of Billed Charges. Lesser of 100% of billed charges applies.; No services were performed during the 15 month look back period.,184.2282,78,,,,,0,percent of total billed charges,78% of Billed Charges. Lesser of 100% of billed charges applies.; No services were performed during the 15 month look back period.,184.2282,78,,,,,0,percent of total billed charges,78% of Billed Charges. Lesser of 100% of billed charges applies.; No services were performed during the 15 month look back period.,184.2282,78,,,,,0,percent of total billed charges,78% of Billed Charges. Lesser of 100% of billed charges applies.; No services were performed during the 15 month look back period.,184.2282,78,,,,,0,percent of total billed charges,78% of Billed Charges. Lesser of 100% of billed charges applies.; No services were performed during the 15 month look back period.,184.2282,78,,,,,0,percent of total billed charges,78% of Billed Charges. Lesser of 100% of billed charges applies.; No services were performed during the 15 month look back period.,184.2282,78,,,,,0,percent of total billed charges,78% of Billed Charges. Lesser of 100% of billed charges applies.; No services were performed during the 15 month look back period.,184.2282,78,,,,,0,percent of total billed charges,78% of Billed Charges. Lesser of 100% of billed charges applies.; No services were performed during the 15 month look back period.,184.2282,78,,,,,0,percent of total billed charges,78% of Billed Charges. Lesser of 100% of billed charges applies.; No services were performed during the 15 month look back period.,184.2282,78,,,,,0,percent of total billed charges,78% of Billed Charges. Lesser of 100% of billed charges applies.; No services were performed during the 15 month look back period.,184.2282,78,,,,,0,percent of total billed charges,78% of Billed Charges. Lesser of 100% of billed charges applies.; No services were performed during the 15 month look back period.,184.2282,78,,,,,0,percent of total billed charges,78% of Billed Charges. Lesser of 100% of billed charges applies.; No services were performed during the 15 month look back period.,184.2282,78,,,,,0,percent of total billed charges,78% of Billed Charges. Lesser of 100% of billed charges applies.; No services were performed during the 15 month look back period.,172.4187,73,,,,,0,percent of total billed charges,73 percent of billed charges; No services were performed during the 15 month look back period.,172.4187,73,,,,,0,percent of total billed charges,73 percent of billed charges; No services were performed during the 15 month look back period.,172.4187,73,,,,,0,percent of total billed charges,73 percent of billed charges; No services were performed during the 15 month look back period.,172.4187,73,,,,,0,percent of total billed charges,73 percent of billed charges; No services were performed during the 15 month look back period.,188.952,80,,,,,0,percent of total billed charges,80 percent of billed charges; No services were performed during the 15 month look back period.,188.952,80,,,,,0,percent of total billed charges,80 percent of billed charges; No services were performed during the 15 month look back period.,141.714,60,,,,,0,percent of total billed charges,60 percent of billed charges; No services were performed during the 15 month look back period.,886.52,,,,,,,Fee Schedule,"758.1 % 2013 Manhattan Medicare. ",997.63,,,,,,,Fee Schedule,". ",886.52,,,,,,,Fee Schedule,"758.1 % 2013 Manhattan Medicare. ",184.2282,78,,,,,0,percent of total billed charges,78% of Billed Charges. Lesser of 100% of billed charges applies.; No services were performed during the 15 month look back period.,188.952,80,,,,,0,percent of total billed charges,80 percent of billed charges; No services were performed during the 15 month look back period.,886.52,,,,,,,Fee Schedule,"758.1 % 2013 Manhattan Medicare. ",997.63,,,,,,,Fee Schedule,". ",141.714,60,,,,,0,percent of total billed charges,60 percent of billed charges; No services were performed during the 15 month look back period.,,,,,,,,,"NA. ",184.2282,78,,,,,0,percent of total billed charges,78% of Billed Charges. Lesser of 100% of billed charges applies.; No services were performed during the 15 month look back period.,,,,,,,,Other,"100 Percent of Medicaid APG. ",172.4187,73,,,,,0,percent of total billed charges,73 percent of billed charges; No services were performed during the 15 month look back period.,,,,,,,,Other,"100 Percent of Medicaid APG. Not APG payable, or payable under another fee schedule like ASP/AWP pays at 30% of charges",117.33,,,,,,,Fee Schedule,"100% RBRVS FS. ",117.33,,,,,,,Fee Schedule,"100% RBRVS FS. ",118.095,50,,,,,0,percent of total billed charges,50 percent of billed charges; No services were performed during the 15 month look back period.,117.33,,,,,,,Fee Schedule,"100% RBRVS FS. ",117.33,,,,,,,Fee Schedule,"100% RBRVS FS. ",,,,,,,,Other,"100 Percent of Medicaid APG. ",117.33,,,,,,,Fee Schedule,"100% RBRVS FS. ",117.33,,,,,,,Fee Schedule,"100% RBRVS FS. ",141.714,60,,,,,0,percent of total billed charges,60 percent of billed charges; No services were performed during the 15 month look back period.,141.714,60,,,,,0,percent of total billed charges,60 percent of billed charges; No services were performed during the 15 month look back period.,117.33,,,,,,,Fee Schedule,"100% RBRVS FS. ",141.714,60,,,,,0,percent of total billed charges,60 percent of billed charges; No services were performed during the 15 month look back period.,997.63,,,,,,,Fee Schedule,". ",997.63,,,,,,,Fee Schedule,". ",117.33,,,,,,,Fee Schedule,"100% RBRVS FS. ",141.714,60,,,,,0,percent of total billed charges,60 percent of billed charges; No services were performed during the 15 month look back period.,141.714,60,,,,,0,percent of total billed charges,60 percent of billed charges; No services were performed during the 15 month look back period.,141.714,60,,,,,0,percent of total billed charges,60 percent of billed charges; No services were performed during the 15 month look back period.,141.714,60,,,,,0,percent of total billed charges,60 percent of billed charges; No services were performed during the 15 month look back period.,184.2282,78,,,,,0,percent of total billed charges,78% of Billed Charges. Lesser of 100% of billed charges applies.; No services were performed during the 15 month look back period.,184.2282,78,,,,,0,percent of total billed charges,78% of Billed Charges. Lesser of 100% of billed charges applies.; No services were performed during the 15 month look back period.,184.2282,78,,,,,0,percent of total billed charges,78% of Billed Charges. Lesser of 100% of billed charges applies.; No services were performed during the 15 month look back period.,184.2282,78,,,,,0,percent of total billed charges,78% of Billed Charges. Lesser of 100% of billed charges applies.; No services were performed during the 15 month look back period.,184.2282,78,,,,,0,percent of total billed charges,78% of Billed Charges. Lesser of 100% of billed charges applies.; No services were performed during the 15 month look back period.,184.2282,78,,,,,0,percent of total billed charges,78% of Billed Charges. Lesser of 100% of billed charges applies.; No services were performed during the 15 month look back period.,184.2282,78,,,,,0,percent of total billed charges,78% of Billed Charges. Lesser of 100% of billed charges applies.; No services were performed during the 15 month look back period.,184.2282,78,,,,,0,percent of total billed charges,78% of Billed Charges. Lesser of 100% of billed charges applies.; No services were performed during the 15 month look back period.,184.2282,78,,,,,0,percent of total billed charges,78% of Billed Charges. Lesser of 100% of billed charges applies.; No services were performed during the 15 month look back period.,184.2282,78,,,,,0,percent of total billed charges,78% of Billed Charges. Lesser of 100% of billed charges applies.; No services were performed during the 15 month look back period.,184.2282,78,,,,,0,percent of total billed charges,78% of Billed Charges. Lesser of 100% of billed charges applies.; No services were performed during the 15 month look back period.,188.952,80,,,,,0,percent of total billed charges,80 percent of billed charges; No services were performed during the 15 month look back period.,886.52,,,,,,,Fee Schedule,"758.1 % 2013 Manhattan Medicare. ",141.714,60,,,,,0,percent of total billed charges,60 percent of billed charges; No services were performed during the 15 month look back period.,117.33,,,,,,,Fee Schedule,"100% RBRVS FS. ",141.714,60,,,,,0,percent of total billed charges,60 percent of billed charges; No services were performed during the 15 month look back period.,141.714,60,,,,,0,percent of total billed charges,60 percent of billed charges; No services were performed during the 15 month look back period.,141.714,60,,,,,0,percent of total billed charges,60 percent of billed charges; No services were performed during the 15 month look back period.,184.2282,78,,,,,0,percent of total billed charges,78% of Billed Charges. Lesser of 100% of billed charges applies.; No services were performed during the 15 month look back period.,,,,,,,,Other,"214 Percent of Medicaid APG. ",141.714,60,,,,,0,percent of total billed charges,60 percent of billed charges; No services were performed during the 15 month look back period.,,,,,,,,Other,"100 Percent of Medicaid APG. ",117.33,,,,,,,Fee Schedule,"100% RBRVS FS. ",117.33,,,,,,,Fee Schedule,"100% RBRVS FS. ",117.33,,,,,,,Fee Schedule,"100% RBRVS FS. ",117.33,,,,,,,Fee Schedule,"100% RBRVS FS. ",117.33,,,,,,,Fee Schedule,"100% RBRVS FS. ",117.33,,,,,,,Fee Schedule,"100% RBRVS FS. ",141.714,60,,,,,0,percent of total billed charges,60 percent of billed charges; No services were performed during the 15 month look back period.,118.095,50,,,,,0,percent of total billed charges,50 percent of billed charges; No services were performed during the 15 month look back period.,191.2,,,,,,,Fee Schedule,"160 Percent of Medicare RBRVS. ",191.2,,,,,,,Fee Schedule,"160 Percent of Medicare RBRVS. ",191.2,,,,,,,Fee Schedule,"160 Percent of Medicare RBRVS. ",191.2,,,,,,,Fee Schedule,"160 Percent of Medicare RBRVS. ",191.2,,,,,,,Fee Schedule,"160 Percent of Medicare RBRVS. ",,,,,,,,,"NA. ",118.095,50,,,,,0,percent of total billed charges,50 percent of billed charges; No services were performed during the 15 month look back period.,165.44,,,,,,,Fee Schedule,141 Percent of current Medicare RBRVS fee schedule. Metroplus will reimburse unlisted codes and described codes with no Medicare rate at 50 percent of charges.,165.44,,,,,,,Fee Schedule,141 Percent of current Medicare RBRVS fee schedule. Metroplus will reimburse unlisted codes and described codes with no Medicare rate at 50 percent of charges.,165.44,,,,,,,Fee Schedule,141 Percent of current Medicare RBRVS fee schedule. Metroplus will reimburse unlisted codes and described codes with no Medicare rate at 50 percent of charges.,165.44,,,,,,,Fee Schedule,141 Percent of current Medicare RBRVS fee schedule. Metroplus will reimburse unlisted codes and described codes with no Medicare rate at 50 percent of charges.,165.44,,,,,,,Fee Schedule,141 Percent of current Medicare RBRVS fee schedule. Metroplus will reimburse unlisted codes and described codes with no Medicare rate at 50 percent of charges.,117.33,,,,,,,Fee Schedule,"100% RBRVS FS. ",188.952,80,,,,,0,percent of total billed charges,80 percent of billed charges; No services were performed during the 15 month look back period.,188.952,80,,,,,0,percent of total billed charges,80 percent of billed charges; No services were performed during the 15 month look back period.,188.952,80,,,,,0,percent of total billed charges,80 percent of billed charges; No services were performed during the 15 month look back period.,188.952,80,,,,,0,percent of total billed charges,80 percent of billed charges; No services were performed during the 15 month look back period.,141.714,60,,,,,0,percent of total billed charges,60 percent of billed charges; No services were performed during the 15 month look back period.,141.714,60,,,,,0,percent of total billed charges,60 percent of billed charges; No services were performed during the 15 month look back period.,141.714,60,,,,,0,percent of total billed charges,60 percent of billed charges; No services were performed during the 15 month look back period.,141.714,60,,,,,0,percent of total billed charges,60 percent of billed charges; No services were performed during the 15 month look back period.,118.095,50,,,,,0,percent of total billed charges,50 percent of billed charges; No services were performed during the 15 month look back period.,118.095,50,,,,,0,percent of total billed charges,50 percent of billed charges; No services were performed during the 15 month look back period.,117.33,,,,,,,Fee Schedule,"100% RBRVS FS. ",117.33,,,,,,,Fee Schedule,"100% RBRVS FS. ",117.33,,,,,,,Fee Schedule,"100% RBRVS FS. ",886.52,,,,,,,Fee Schedule,"758.1 % 2013 Manhattan Medicare. ",886.52,,,,,,,Fee Schedule,"758.1 % 2013 Manhattan Medicare. ",886.52,,,,,,,Fee Schedule,"758.1 % 2013 Manhattan Medicare. ",118.095,50,,,,,0,percent of total billed charges,50 percent of billed charges; No services were performed during the 15 month look back period.,141.714,60,,,,,0,percent of total billed charges,60 percent of billed charges; No services were performed during the 15 month look back period.,117.33,,,,,,,Fee Schedule,"100% RBRVS FS. ",886.52,,,,,,,Fee Schedule,"758.1 % 2013 Manhattan Medicare. ",,,,,,,,Other,"100 Percent of Medicaid APG. ",119.68,,,,,,,Fee Schedule,"102% of RBRVS. ",119.68,,,,,,,Fee Schedule,"102% of RBRVS. ",119.68,,,,,,,Fee Schedule,"102% of RBRVS. ",107.55,,,,,,,Fee schedule,"90 Percent of Medicare RBRVS. ",,,,,,,,Fee Schedule,225% of NYS APG. Lesser of 100% of billed charges applies.,,,,,,,,Fee Schedule,225% of NYS APG. Lesser of 100% of billed charges applies.,,,,,,,,Fee Schedule,225% of NYS APG. Lesser of 100% of billed charges applies.,,,,,,,,Fee Schedule,225% of NYS APG. Lesser of 100% of billed charges applies.,,,,,,,,Fee Schedule,225% of NYS APG. Lesser of 100% of billed charges applies.,119.68,,,,,,,Fee Schedule,"102% of RBRVS. ",,,,,,,,Other,"100 Percent of Medicaid APG. ",107.55,,,,,,,Fee Schedule,90 Percent of Medicare RBRVS. Lesser of 100% of billed charges applies.,,,,,,,,Fee Schedule,225% of NYS APG. Lesser of 100% of billed charges applies.,,,,,,,,Fee Schedule,225% of NYS APG. Lesser of 100% of billed charges applies.,107.55,,,,,,,Fee Schedule,90 Percent of Medicare RBRVS. Lesser of 100% of billed charges applies.,107.55,,,,,,,Fee Schedule,90 Percent of Medicare RBRVS. Lesser of 100% of billed charges applies.,191.2,,,,,,,Fee Schedule,"160 Percent of Medicare RBRVS. ",117.33,,,,,,,Fee Schedule,"100% RBRVS FS. ",117.33,,,,,,,Fee Schedule,"100% RBRVS FS. ",141.714,60,,,,,0,percent of total billed charges,60 percent of billed charges; No services were performed during the 15 month look back period.,117.33,,,,,,,Fee Schedule,"100% RBRVS FS. ",,,,,,,,Fee Schedule,"225 Percent of Medicaid APG. ",,,,,,,,Fee Schedule,"225 Percent of Medicaid APG. ",107.55,,,,,,,Fee schedule,"90 Percent of Medicare RBRVS. ",107.55,,,,,,,Fee schedule,"90 Percent of Medicare RBRVS. ",,,,,,,,Case Rate,Not Payable. Covered services not payable under Medicaid Fee Schedules default to a payment of 87.5 percent of charges.,107.55,,,,,,,Fee schedule,90 Percent of Medicare RBRVS. Covered services not payable under Medicaid Fee Schedules default to a payment of 50 percent of charges.,,,,,,,,Other,"100 Percent of Medicaid APG. ",,,,,,,,Other,"100 Percent of Medicaid APG. ",,,,,,,,Other,"100 Percent of Medicaid APG. ",,,,,,,,Other,"100 Percent of Medicaid APG. ",,,,,,,,,,118.095,50,,,,,0,percent of total billed charges,50 percent of billed charges; No services were performed during the 15 month look back period.,,,,,,,,Other,"120 Percent of Medicaid APG. Not APG payable, or payable under another fee schedule like ASP/AWP pays at 30% of charges",,,,,,,,Other,"120 Percent of Medicaid APG. Not APG payable, or payable under another fee schedule like ASP/AWP pays at 30% of charges",,,,,,,,Other,"100 Percent of Medicaid APG. Not APG payable, or payable under another fee schedule like ASP/AWP pays at 30% of charges",,,,,,,,Other,"100 Percent of Medicaid APG. Not APG payable, or payable under another fee schedule like ASP/AWP pays at 30% of charges",886.52,,,,,,,Fee Schedule,"758.1 % 2013 Manhattan Medicare. ",886.52,,,,,,,Fee Schedule,"758.1 % 2013 Manhattan Medicare. ",117.33,,,,,,,Fee Schedule,"100% RBRVS FS. ",886.52,,,,,,,Fee Schedule,"758.1 % 2013 Manhattan Medicare. ",886.52,,,,,,,Fee Schedule,"758.1 % 2013 Manhattan Medicare. ",886.52,,,,,,,Fee Schedule,"758.1 % 2013 Manhattan Medicare. ",886.52,,,,,,,Fee Schedule,"758.1 % 2013 Manhattan Medicare. ",117.33,,,,,,,Fee Schedule,"100% RBRVS FS. ",886.52,,,,,,,Fee Schedule,"758.1 % 2013 Manhattan Medicare. ",886.52,,,,,,,Fee Schedule,"758.1 % 2013 Manhattan Medicare. ",141.714,60,,,,,0,percent of total billed charges,60 percent of billed charges; No services were performed during the 15 month look back period.,119.5,,,,,,,Fee Schedule,100% of RBRVS. Lesser of 100% of billed charges applies.,107.55,,,,,,,Fee schedule,90 Percent of Medicare RBRVS. Covered services not payable under Medicaid Fee Schedules default to a payment of 50 percent of charges.,,,,,,,,Fee Schedule,225% of NYS APG. Lesser of 100% of billed charges applies.,,,,,,,,Case Rate,Not Payable. Covered services not payable under Medicaid Fee Schedules default to a payment of 87.5 percent of charges.,107.55,,,,,,,Fee schedule,90 Percent of Medicare RBRVS. Covered services not payable under Medicaid Fee Schedules default to a payment of 50 percent of charges.,,,,,,,,Fee Schedule,225% of NYS APG. Lesser of 100% of billed charges applies.,,,,,,,,Fee Schedule,225% of NYS APG. Lesser of 100% of billed charges applies.,,,,,,,,Fee Schedule,225% of NYS APG. Lesser of 100% of billed charges applies.,,,,,,,,Fee Schedule,225% of NYS APG. Lesser of 100% of billed charges applies.,,,,,,,,Fee Schedule,225% of NYS APG. Lesser of 100% of billed charges applies.,,,,,,,,Fee Schedule,225% of NYS APG. Lesser of 100% of billed charges applies.,,,,,,,,,"NA. ",,,,,,,,,"NA. ",,,,,,,,,"NA. ",141.714,60,,,,,0,percent of total billed charges,60 percent of billed charges; No services were performed during the 15 month look back period.,,,,,,,,,"NA. ",117.33,,,,,,,Fee Schedule,"100% RBRVS FS. ",118.095,50,,,,,0,percent of total billed charges,50% of Billed Charges. Lesser of 100% of billed charges applies.; No services were performed during the 15 month look back period.,117.33,,,,,,,Fee Schedule,"100% RBRVS FS. ",117.33,,,,,,,Fee Schedule,"100% RBRVS FS. ",,,,,,,,Other,"120 Percent of Medicaid APG. Not APG payable, or payable under another fee schedule like ASP/AWP pays at 30% of charges",,,,,,,,Other,"120 Percent of Medicaid APG. Not APG payable, or payable under another fee schedule like ASP/AWP pays at 30% of charges",,,,,,,,Other,"100 Percent of Medicaid APG. Not APG payable, or payable under another fee schedule like ASP/AWP pays at 30% of charges",,,,,,,,Other,"100 Percent of Medicaid APG. Not APG payable, or payable under another fee schedule like ASP/AWP pays at 30% of charges",,,,,,,,Other,"100 Percent of Medicaid APG. ",172.4187,73,,,,,0,percent of total billed charges,73 percent of billed charges; No services were performed during the 15 month look back period.,141.714,60,,,,,0,percent of total billed charges,60 percent of billed charges; No services were performed during the 15 month look back period.,172.4187,73,,,,,0,percent of total billed charges,73 percent of billed charges; No services were performed during the 15 month look back period.,141.714,60,,,,,0,percent of total billed charges,60 percent of billed charges; No services were performed during the 15 month look back period.,117.33,,,,,,,Fee Schedule,"100% RBRVS FS. ",117.33,,,,,,,Fee Schedule,"100% RBRVS FS. ",117.33,,,,,,,Fee Schedule,"100% RBRVS FS. ",117.33,,,,,,,Fee Schedule,"100% RBRVS FS. ",117.33,,,,,,,Fee Schedule,"100% RBRVS FS. ",117.33,,,,,,,Fee Schedule,"100% RBRVS FS. ",,,,,,,,,"NA. ",,,,,,,,Fee Schedule,225% of NYS APG. Lesser of 100% of billed charges applies.,107.55,,,,,,,Fee Schedule,90 Percent of Medicare RBRVS. Lesser of 100% of billed charges applies.,886.52,,,,,,,Fee Schedule,"758.1 % 2013 Manhattan Medicare. ",172.4187,73,,,,,0,percent of total billed charges,73 percent of billed charges; No services were performed during the 15 month look back period.,172.4187,73,,,,,0,percent of total billed charges,73 percent of billed charges; No services were performed during the 15 month look back period.,172.4187,73,,,,,0,percent of total billed charges,73 percent of billed charges; No services were performed during the 15 month look back period.,172.4187,73,,,,,0,percent of total billed charges,73 percent of billed charges; No services were performed during the 15 month look back period.,117.33,,,,,,,Fee Schedule,"100% RBRVS FS. ",,,,,,,,Other,"100 Percent of Medicaid APG. ",886.52,,,,,,,Fee Schedule,"758.1 % 2013 Manhattan Medicare. ",,,,,,,,Other,"100 Percent of Medicaid APG. ",117.33,,,,,,,Fee Schedule,"100% RBRVS FS. ",,,,,,,,Other,"100 Percent of Medicaid APG. ",117.33,,,,,,,Fee Schedule,"100% RBRVS FS. ",117.33,,,,,,,Fee Schedule,"100% RBRVS FS. ",,,,,,,,Other,"100 Percent of Medicaid APG. ",,,,,,,,Other,"100 Percent of Medicaid APG. ",172.4187,73,,,,,0,percent of total billed charges,73 percent of billed charges; No services were performed during the 15 month look back period.,141.714,60,,,,,0,percent of total billed charges,60 percent of billed charges; No services were performed during the 15 month look back period.,184.2282,78,,,,,0,percent of total billed charges,78% of Billed Charges. Lesser of 100% of billed charges applies.; No services were performed during the 15 month look back period.,997.63,,,,,,,Fee Schedule,". ",997.63,,,,,,,Fee Schedule,". ",141.714,60,,,,,0,percent of total billed charges,60 percent of billed charges; No services were performed during the 15 month look back period.,114.99,,,,,,,Fee Schedule,"98% of RBRVS. ",188.952,80,,,,,0,percent of total billed charges,80 percent of billed charges; No services were performed during the 15 month look back period.,188.952,80,,,,,0,percent of total billed charges,80 percent of billed charges; No services were performed during the 15 month look back period.,709.24,,,,,,,Fee Schedule,"606.5 % 2013 Manhattan Medicare. ",709.24,,,,,,,Fee Schedule,"606.5 % 2013 Manhattan Medicare. ",117.33,,,,,,,Fee Schedule,"100% RBRVS FS. ",117.33,,,,,,,Fee Schedule,"100% RBRVS FS. ",117.33,,,,,,,Fee Schedule,"100% RBRVS FS. ",117.33,,,,,,,Fee Schedule,"100% RBRVS FS. ",997.63,,,,,,,Fee Schedule,". ",886.52,,,,,,,Fee Schedule,"758.1 % 2013 Manhattan Medicare. ",886.52,,,,,,,Fee Schedule,"758.1 % 2013 Manhattan Medicare. ",117.33,,,,,,,Fee Schedule,"100% RBRVS FS. ",709.24,,,,,,,Fee Schedule,"606.5 % 2013 Manhattan Medicare. ",172.4187,73,,,,,0,percent of total billed charges,73 percent of billed charges; No services were performed during the 15 month look back period.,,,,,,,,Fee Schedule,"120 Percent of Medicaid APG. ",,,,,,,,Other,"100 Percent of Medicaid APG. ",172.4187,73,,,,,0,percent of total billed charges,73 percent of billed charges; No services were performed during the 15 month look back period.,797.88,,,,,,,Fee Schedule,"682.3 % 2013 Manhattan Medicare. ",797.88,,,,,,,Fee Schedule,"682.3 % 2013 Manhattan Medicare. ",886.52,,,,,,,Fee Schedule,"758.1 % 2013 Manhattan Medicare. ",118.095,50,,,,,0,percent of total billed charges,50 percent of billed charges; No services were performed during the 15 month look back period.,117.33,,,,,,,Fee Schedule,"100% RBRVS FS. ",,,,,,,,Fee Schedule,"Not payable. ",,,,,,,,Fee Schedule,"Not payable. ",,,,,,,,Fee Schedule,"Not payable. ",,,,,,,,Fee Schedule,"Not payable. ",997.63,,,,,,,Fee Schedule,". ",,,,,,,,Fee Schedule,"Not payable. ",,,,,,,,Fee Schedule,"Not payable. ",,,,,,,,Fee Schedule,"Not payable. ",,,,,,,,Fee Schedule,"Not payable. ",,,,,,,,Fee Schedule,"Not payable. ",,,,,,,,Fee Schedule,"Not payable. ",,,,,,,,Fee Schedule,"Not payable. ",117.33,,,,,,,Fee Schedule,"100% RBRVS FS. ",997.63,,,,,,,Fee Schedule,". ",117.33,,,,,,,Fee Schedule,"100% RBRVS FS. ",,,,,,,,Fee Schedule,"Not payable. ",886.52,,,,,,,Fee Schedule,"758.1 % 2013 Manhattan Medicare. ",117.33,,,,,,,Fee Schedule,"100% RBRVS FS. ",886.52,,,,,,,Fee Schedule,"758.1 % 2013 Manhattan Medicare. ",886.52,,,,,,,Fee Schedule,"758.1 % 2013 Manhattan Medicare. ",886.52,,,,,,,Fee Schedule,"758.1 % 2013 Manhattan Medicare. ",,,,,,,,Fee Schedule,"Not payable. ",117.33,,,,,,,Fee Schedule,"100% RBRVS FS. ",886.52,,,,,,,Fee Schedule,"758.1 % 2013 Manhattan Medicare. ",,,,,,,,Fee Schedule,"Not payable. ",886.52,,,,,,,Fee Schedule,"758.1 % 2013 Manhattan Medicare. ",176,,,,,,,Fee Schedule,"150% of RBRVS. ",117.33,,,,,,,Fee Schedule,"100% RBRVS FS. ",172.4187,73,,,,,0,percent of total billed charges,73 percent of billed charges; No services were performed during the 15 month look back period.,172.4187,73,,,,,0,percent of total billed charges,73 percent of billed charges; No services were performed during the 15 month look back period.,172.4187,73,,,,,0,percent of total billed charges,73 percent of billed charges; No services were performed during the 15 month look back period.,172.4187,73,,,,,0,percent of total billed charges,73 percent of billed charges; No services were performed during the 15 month look back period.,172.4187,73,,,,,0,percent of total billed charges,73 percent of billed charges; No services were performed during the 15 month look back period.,172.4187,73,,,,,0,percent of total billed charges,73 percent of billed charges; No services were performed during the 15 month look back period.,172.4187,73,,,,,0,percent of total billed charges,73 percent of billed charges; No services were performed during the 15 month look back period.,172.4187,73,,,,,0,percent of total billed charges,73 percent of billed charges; No services were performed during the 15 month look back period.,172.4187,73,,,,,0,percent of total billed charges,73 percent of billed charges; No services were performed during the 15 month look back period.,172.4187,73,,,,,0,percent of total billed charges,73 percent of billed charges; No services were performed during the 15 month look back period.,172.4187,73,,,,,0,percent of total billed charges,73 percent of billed charges; No services were performed during the 15 month look back period.,172.4187,73,,,,,0,percent of total billed charges,73 percent of billed charges; No services were performed during the 15 month look back period.,117.33,,,,,,,Fee Schedule,"100% RBRVS FS. ",172.4187,73,,,,,0,percent of total billed charges,73 percent of billed charges; No services were performed during the 15 month look back period.,117.33,,,,,,,Fee Schedule,"100% RBRVS FS. ",,,,,,,,Other,"225 Percent of Medicaid APG. ",,,,,,,,Other,"100 Percent of Medicaid APG. If not priced under APG, then Metroplus FeeSched",997.63,,,,,,,Fee Schedule,". ",997.63,,,,,,,Fee Schedule,". ",117.33,,,,,,,Fee Schedule,"100% RBRVS FS. ",188.952,80,,,,,0,percent of total billed charges,80 percent of billed charges; No services were performed during the 15 month look back period.,117.33,,,,,,,Fee Schedule,"100% RBRVS FS. ",117.33,,,,,,,Fee Schedule,"100% RBRVS FS. ",141.714,60,,,,,0,percent of total billed charges,60 percent of billed charges; No services were performed during the 15 month look back period.,117.33,,,,,,,Fee Schedule,"100% RBRVS FS. ",141.714,60,,,,,0,percent of total billed charges,60 percent of billed charges; No services were performed during the 15 month look back period.,117.33,,,,,,,Fee Schedule,"100% RBRVS FS. ",141.714,60,,,,,0,percent of total billed charges,60 percent of billed charges; No services were performed during the 15 month look back period.,141.714,60,,,,,0,percent of total billed charges,60 percent of billed charges; No services were performed during the 15 month look back period.,141.714,60,,,,,0,percent of total billed charges,60 percent of billed charges; No services were performed during the 15 month look back period.,117.33,,,,,,,Fee Schedule,"100% RBRVS FS. ",,,,,,,,Other,"100 Percent of Medicaid APG. ",117.33,,,,,,,Fee Schedule,"100% RBRVS FS. ",141.714,60,,,,,0,percent of total billed charges,60 percent of billed charges; No services were performed during the 15 month look back period.,997.63,,,,,,,Fee Schedule,". ",,,,,,,,Other,"100 Percent of Medicaid APG. ",886.52,,,,,,,Fee Schedule,"758.1 % 2013 Manhattan Medicare. ",,,,,,,,Fee Schedule,"120 Percent of Medicaid APG. ",,,,,,,,Fee Schedule,"120 Percent of Medicaid APG. ",886.52,,,,,,,Fee Schedule,"758.1 % 2013 Manhattan Medicare. ",886.52,,,,,,,Fee Schedule,"758.1 % 2013 Manhattan Medicare. ",886.52,,,,,,,Fee Schedule,"758.1 % 2013 Manhattan Medicare. ",997.63,,,,,,,Fee Schedule,". ",886.52,,,,,,,Fee Schedule,"758.1 % 2013 Manhattan Medicare. ",886.52,,,,,,,Fee Schedule,"758.1 % 2013 Manhattan Medicare. ",886.52,,,,,,,Fee Schedule,"758.1 % 2013 Manhattan Medicare. ",172.4187,73,,,,,0,percent of total billed charges,73 percent of billed charges; No services were performed during the 15 month look back period.,172.4187,73,,,,,0,percent of total billed charges,73 percent of billed charges; No services were performed during the 15 month look back period.,165.44,,,,,,,Fee Schedule,141 Percent of current Medicare RBRVS fee schedule. Metroplus will reimburse unlisted codes and described codes with no Medicare rate at 50 percent of charges.,,,,,,,,Other,"100 Percent of Medicaid APG. ",997.63,,,,,,,Fee Schedule,". ",141.714,60,,,,,0,percent of total billed charges,60 percent of billed charges; No services were performed during the 15 month look back period.,141.714,60,,,,,0,percent of total billed charges,60 percent of billed charges; No services were performed during the 15 month look back period.,997.63,,,,,,,Fee Schedule,". ",141.714,60,,,,,0,percent of total billed charges,60 percent of billed charges; No services were performed during the 15 month look back period.,997.63,,,,,,,Fee Schedule,". ",886.52,,,,,,,Fee Schedule,"758.1 % 2013 Manhattan Medicare. ",886.52,,,,,,,Fee Schedule,"758.1 % 2013 Manhattan Medicare. ",886.52,,,,,,,Fee Schedule,"758.1 % 2013 Manhattan Medicare. ",886.52,,,,,,,Fee Schedule,"758.1 % 2013 Manhattan Medicare. ",117.33,,,,,,,Fee Schedule,"100% RBRVS FS. ",94.476,1029.62,
G0483,HCPCS,2025562,LOCAL,301,RC,"HC DRUG TEST(S), DEFINITIVE, QUAL/QUANT  22+",1314.36,296.3,both,,,,215.23,,,,,,,Fee Schedule,"100 % 1199 Fee Schedule. ",215.23,,,,,,,Fee Schedule,"100 % 1199 Fee Schedule. ",619.77,,,,,,,Fee Schedule,"251.000323991576 % Medicare Physician FS TC Rates Only. ",1314.36,100,,,,,0,percent of total billed charges,100 percent of billed charges. ; No services were performed during the 15 month look back period.,246.92,,,,,,,Fee Schedule,"100% Medicare Lab FS. ",619.77,,,,,,,Fee Schedule,"251.000323991576 % Medicare Physician FS TC Rates Only. ",619.77,,,,,,,Fee Schedule,"251.000323991576 % Medicare Physician FS TC Rates Only. ",619.77,,,,,,,Fee Schedule,"251.000323991576 % Medicare Physician FS TC Rates Only. ",,,,,,,,Other,"100 Percent of Medicaid APG. ",,,,,,,,Other,"100 Percent of Medicaid APG. ",1025.2008,78,,,,,0,percent of total billed charges,78% of Billed Charges. Lesser of 100% of billed charges applies.; No services were performed during the 15 month look back period.,246.92,,,,,,,Fee Schedule,"100 % 2019 CMS Clinical Lab National Limit Pub 20190115. ",,,,,,,,Other,"100 Percent of Medicaid APG. ",246.92,,,,,,,Fee Schedule,"100% Medicare Lab FS. ",437.11,,,,,,,Fee Schedule,"150 % 2018 Cigna RBRVS fee schedule. ",437.11,,,,,,,Fee Schedule,"150 % 2018 Cigna RBRVS fee schedule. ",437.11,,,,,,,Fee Schedule,"150 % 2018 Cigna RBRVS fee schedule. ",437.11,,,,,,,Fee Schedule,"150 % 2018 Cigna RBRVS fee schedule. ",13.1436,1,,,,,0,percent of total billed charges,NA. Covered services not payable under Medicaid Fee Schedules default to a payment of 50 percent of charges.; No services were performed during the 15 month look back period.,246.92,,,,,,,Fee Schedule,"100% Medicare Lab FS. ",13.1436,1,,,,,0,percent of total billed charges,NA. Covered services not payable under Medicaid Fee Schedules default to a payment of 50 percent of charges.; No services were performed during the 15 month look back period.,1025.2008,78,,,,,0,percent of total billed charges,78% of Billed Charges. Lesser of 100% of billed charges applies.; No services were performed during the 15 month look back period.,619.77,,,,,,,Fee Schedule,"251.000323991576 % Medicare Physician FS TC Rates Only. ",246.92,,,,,,,Fee Schedule,"100% Medicare Lab FS. ",629.65,,,,,,,Fee Schedule,"255 % Medicare RBRVS. ",246.92,,,,,,,Fee Schedule,"100% Medicare Lab FS. ",246.92,,,,,,,Fee Schedule,"100% Medicare Lab FS. ",1025.2008,78,,,,,0,percent of total billed charges,78% of Billed Charges. Lesser of 100% of billed charges applies.; No services were performed during the 15 month look back period.,222.23,,,,,,,Fee Schedule,90 Percent of Medicare RBRVS. Lesser of 100% of billed charges applies.,222.23,,,,,,,Fee Schedule,90 Percent of Medicare RBRVS. Lesser of 100% of billed charges applies.,222.23,,,,,,,Fee schedule,"90 Percent of Medicare RBRVS. ",222.23,,,,,,,Fee schedule,"90 Percent of Medicare RBRVS. ",629.65,,,,,,,Fee Schedule,"255 % Medicare RBRVS. ",629.65,,,,,,,Fee Schedule,"255 % Medicare RBRVS. ",,,,,,,,Other,"100 Percent of Medicaid APG. Not APG payable, or payable under another fee schedule like ASP/AWP pays at 30% of charges",629.65,,,,,,,Fee Schedule,"255 % Medicare RBRVS. ",,,,,,,,Other,"100 Percent of Medicaid APG. Not APG payable, or payable under another fee schedule like ASP/AWP pays at 30% of charges",246.92,,,,,,,Fee Schedule,"100% Medicare Lab FS. ",629.65,,,,,,,Fee Schedule,"255 % Medicare RBRVS. ",1025.2008,78,,,,,0,percent of total billed charges,78% of Billed Charges. Lesser of 100% of billed charges applies.; No services were performed during the 15 month look back period.,,,,,,,,Other,"100 Percent of Medicaid APG. If not priced under APG, then Metroplus FeeSched",,,,,,,,Other,"100 Percent of Medicaid APG. If not priced under APG, then Metroplus FeeSched",1025.2008,78,,,,,0,percent of total billed charges,78% of Billed Charges. Lesser of 100% of billed charges applies.; No services were performed during the 15 month look back period.,437.11,,,,,,,Fee Schedule,"150 % 2018 Cigna RBRVS fee schedule. ",246.92,,,,,,,Fee Schedule,"100 % 2019 CMS Clinical Lab National Limit Pub 20190115. ",246.92,,,,,,,Fee Schedule,"100 % 2019 CMS Clinical Lab National Limit Pub 20190115. ",1025.2008,78,,,,,0,percent of total billed charges,78% of Billed Charges. Lesser of 100% of billed charges applies.; No services were performed during the 15 month look back period.,246.92,,,,,,,Fee Schedule,"100% Medicare Lab FS. ",246.92,,,,,,,Fee Schedule,"100 % 2019 CMS Clinical Lab National Limit Pub 20190115. ",246.92,,,,,,,Fee Schedule,"100 % 2019 CMS Clinical Lab National Limit Pub 20190115. ",246.92,,,,,,,Fee Schedule,"100 % 2019 CMS Clinical Lab National Limit Pub 20190115. ",246.92,,,,,,,Fee Schedule,"100% Medicare Lab FS. ",246.92,,,,,,,Fee Schedule,"100 % 2019 CMS Clinical Lab National Limit Pub 20190115. ",246.92,,,,,,,Fee Schedule,"100 % 2019 CMS Clinical Lab National Limit Pub 20190115. ",246.92,,,,,,,Fee Schedule,"100% of Medicare Lab FS. ",657.18,50,,,,,0,percent of total billed charges,50 percent of billed charges; No services were performed during the 15 month look back period.,293.83,,,,,,,Fee Schedule,"238 % BCBS Standard HMO. ",293.83,,,,,,,Fee Schedule,"238 % BCBS Standard HMO. ",293.83,,,,,,,Fee Schedule,"238 % BCBS Standard HMO. ",293.83,,,,,,,Fee Schedule,"238 % BCBS Standard HMO. ",293.83,,,,,,,Fee Schedule,"238 % BCBS Standard HMO. ",293.83,,,,,,,Fee Schedule,"238 % BCBS Standard HMO. ",246.92,,,,,,,Fee Schedule,"100% Medicare Lab FS. ",246.92,,,,,,,Fee Schedule,"100% Medicare Lab FS. ",293.83,,,,,,,Fee Schedule,"238 % BCBS Standard HMO. ",1025.2008,78,,,,,0,percent of total billed charges,78% of Billed Charges. Lesser of 100% of billed charges applies.; No services were performed during the 15 month look back period.,1025.2008,78,,,,,0,percent of total billed charges,78% of Billed Charges. Lesser of 100% of billed charges applies.; No services were performed during the 15 month look back period.,1025.2008,78,,,,,0,percent of total billed charges,78% of Billed Charges. Lesser of 100% of billed charges applies.; No services were performed during the 15 month look back period.,1025.2008,78,,,,,0,percent of total billed charges,78% of Billed Charges. Lesser of 100% of billed charges applies.; No services were performed during the 15 month look back period.,1025.2008,78,,,,,0,percent of total billed charges,78% of Billed Charges. Lesser of 100% of billed charges applies.; No services were performed during the 15 month look back period.,1025.2008,78,,,,,0,percent of total billed charges,78% of Billed Charges. Lesser of 100% of billed charges applies.; No services were performed during the 15 month look back period.,1025.2008,78,,,,,0,percent of total billed charges,78% of Billed Charges. Lesser of 100% of billed charges applies.; No services were performed during the 15 month look back period.,1025.2008,78,,,,,0,percent of total billed charges,78% of Billed Charges. Lesser of 100% of billed charges applies.; No services were performed during the 15 month look back period.,1025.2008,78,,,,,0,percent of total billed charges,78% of Billed Charges. Lesser of 100% of billed charges applies.; No services were performed during the 15 month look back period.,1025.2008,78,,,,,0,percent of total billed charges,78% of Billed Charges. Lesser of 100% of billed charges applies.; No services were performed during the 15 month look back period.,1025.2008,78,,,,,0,percent of total billed charges,78% of Billed Charges. Lesser of 100% of billed charges applies.; No services were performed during the 15 month look back period.,1025.2008,78,,,,,0,percent of total billed charges,78% of Billed Charges. Lesser of 100% of billed charges applies.; No services were performed during the 15 month look back period.,1025.2008,78,,,,,0,percent of total billed charges,78% of Billed Charges. Lesser of 100% of billed charges applies.; No services were performed during the 15 month look back period.,1025.2008,78,,,,,0,percent of total billed charges,78% of Billed Charges. Lesser of 100% of billed charges applies.; No services were performed during the 15 month look back period.,1025.2008,78,,,,,0,percent of total billed charges,78% of Billed Charges. Lesser of 100% of billed charges applies.; No services were performed during the 15 month look back period.,1025.2008,78,,,,,0,percent of total billed charges,78% of Billed Charges. Lesser of 100% of billed charges applies.; No services were performed during the 15 month look back period.,1025.2008,78,,,,,0,percent of total billed charges,78% of Billed Charges. Lesser of 100% of billed charges applies.; No services were performed during the 15 month look back period.,1025.2008,78,,,,,0,percent of total billed charges,78% of Billed Charges. Lesser of 100% of billed charges applies.; No services were performed during the 15 month look back period.,1025.2008,78,,,,,0,percent of total billed charges,78% of Billed Charges. Lesser of 100% of billed charges applies.; No services were performed during the 15 month look back period.,1025.2008,78,,,,,0,percent of total billed charges,78% of Billed Charges. Lesser of 100% of billed charges applies.; No services were performed during the 15 month look back period.,1025.2008,78,,,,,0,percent of total billed charges,78% of Billed Charges. Lesser of 100% of billed charges applies.; No services were performed during the 15 month look back period.,1025.2008,78,,,,,0,percent of total billed charges,78% of Billed Charges. Lesser of 100% of billed charges applies.; No services were performed during the 15 month look back period.,1025.2008,78,,,,,0,percent of total billed charges,78% of Billed Charges. Lesser of 100% of billed charges applies.; No services were performed during the 15 month look back period.,1025.2008,78,,,,,0,percent of total billed charges,78% of Billed Charges. Lesser of 100% of billed charges applies.; No services were performed during the 15 month look back period.,1025.2008,78,,,,,0,percent of total billed charges,78% of Billed Charges. Lesser of 100% of billed charges applies.; No services were performed during the 15 month look back period.,1025.2008,78,,,,,0,percent of total billed charges,78% of Billed Charges. Lesser of 100% of billed charges applies.; No services were performed during the 15 month look back period.,629.65,,,,,,,Fee Schedule,"255 % Medicare RBRVS. ",629.65,,,,,,,Fee Schedule,"255 % Medicare RBRVS. ",629.65,,,,,,,Fee Schedule,"255 % Medicare RBRVS. ",629.65,,,,,,,Fee Schedule,"255 % Medicare RBRVS. ",476.56,,,,,,,Fee Schedule,"193 % Medicare RBRVS. ",476.56,,,,,,,Fee Schedule,"193 % Medicare RBRVS. ",437.11,,,,,,,Fee Schedule,"150 % 2018 Cigna RBRVS fee schedule. ",293.83,,,,,,,Fee Schedule,"238 % BCBS Standard HMO. ",246.92,,,,,,,Fee Schedule,"100 % 2019 CMS Clinical Lab National Limit Pub 20190115. ",293.83,,,,,,,Fee Schedule,"238 % BCBS Standard HMO. ",1025.2008,78,,,,,0,percent of total billed charges,78% of Billed Charges. Lesser of 100% of billed charges applies.; No services were performed during the 15 month look back period.,476.56,,,,,,,Fee Schedule,"193 % Medicare RBRVS. ",293.83,,,,,,,Fee Schedule,"238 % BCBS Standard HMO. ",246.92,,,,,,,Fee Schedule,"100 % 2019 CMS Clinical Lab National Limit Pub 20190115. ",437.11,,,,,,,Fee Schedule,"150 % 2018 Cigna RBRVS fee schedule. ",,,,,,,,,"NA. ",1025.2008,78,,,,,0,percent of total billed charges,78% of Billed Charges. Lesser of 100% of billed charges applies.; No services were performed during the 15 month look back period.,,,,,,,,Other,"100 Percent of Medicaid APG. ",629.65,,,,,,,Fee Schedule,"255 % Medicare RBRVS. ",,,,,,,,Other,"100 Percent of Medicaid APG. Not APG payable, or payable under another fee schedule like ASP/AWP pays at 30% of charges",246.92,,,,,,,Fee Schedule,"100% Medicare Lab FS. ",246.92,,,,,,,Fee Schedule,"100% Medicare Lab FS. ",657.18,50,,,,,0,percent of total billed charges,50 percent of billed charges; No services were performed during the 15 month look back period.,246.92,,,,,,,Fee Schedule,"100% Medicare Lab FS. ",246.92,,,,,,,Fee Schedule,"100% Medicare Lab FS. ",,,,,,,,Other,"100 Percent of Medicaid APG. ",246.92,,,,,,,Fee Schedule,"100% Medicare Lab FS. ",246.92,,,,,,,Fee Schedule,"100% Medicare Lab FS. ",619.77,,,,,,,Fee Schedule,"251.000323991576 % Medicare Physician FS TC Rates Only. ",619.77,,,,,,,Fee Schedule,"251.000323991576 % Medicare Physician FS TC Rates Only. ",246.92,,,,,,,Fee Schedule,"100% Medicare Lab FS. ",437.11,,,,,,,Fee Schedule,"150 % 2018 Cigna RBRVS fee schedule. ",246.92,,,,,,,Fee Schedule,"100 % 2019 CMS Clinical Lab National Limit Pub 20190115. ",246.92,,,,,,,Fee Schedule,"100 % 2019 CMS Clinical Lab National Limit Pub 20190115. ",246.92,,,,,,,Fee Schedule,"100% Medicare Lab FS. ",437.11,,,,,,,Fee Schedule,"150 % 2018 Cigna RBRVS fee schedule. ",619.77,,,,,,,Fee Schedule,"251.000323991576 % Medicare Physician FS TC Rates Only. ",619.77,,,,,,,Fee Schedule,"251.000323991576 % Medicare Physician FS TC Rates Only. ",619.77,,,,,,,Fee Schedule,"251.000323991576 % Medicare Physician FS TC Rates Only. ",1025.2008,78,,,,,0,percent of total billed charges,78% of Billed Charges. Lesser of 100% of billed charges applies.; No services were performed during the 15 month look back period.,1025.2008,78,,,,,0,percent of total billed charges,78% of Billed Charges. Lesser of 100% of billed charges applies.; No services were performed during the 15 month look back period.,1025.2008,78,,,,,0,percent of total billed charges,78% of Billed Charges. Lesser of 100% of billed charges applies.; No services were performed during the 15 month look back period.,1025.2008,78,,,,,0,percent of total billed charges,78% of Billed Charges. Lesser of 100% of billed charges applies.; No services were performed during the 15 month look back period.,1025.2008,78,,,,,0,percent of total billed charges,78% of Billed Charges. Lesser of 100% of billed charges applies.; No services were performed during the 15 month look back period.,1025.2008,78,,,,,0,percent of total billed charges,78% of Billed Charges. Lesser of 100% of billed charges applies.; No services were performed during the 15 month look back period.,1025.2008,78,,,,,0,percent of total billed charges,78% of Billed Charges. Lesser of 100% of billed charges applies.; No services were performed during the 15 month look back period.,1025.2008,78,,,,,0,percent of total billed charges,78% of Billed Charges. Lesser of 100% of billed charges applies.; No services were performed during the 15 month look back period.,1025.2008,78,,,,,0,percent of total billed charges,78% of Billed Charges. Lesser of 100% of billed charges applies.; No services were performed during the 15 month look back period.,1025.2008,78,,,,,0,percent of total billed charges,78% of Billed Charges. Lesser of 100% of billed charges applies.; No services were performed during the 15 month look back period.,1025.2008,78,,,,,0,percent of total billed charges,78% of Billed Charges. Lesser of 100% of billed charges applies.; No services were performed during the 15 month look back period.,476.56,,,,,,,Fee Schedule,"193 % Medicare RBRVS. ",293.83,,,,,,,Fee Schedule,"238 % BCBS Standard HMO. ",437.11,,,,,,,Fee Schedule,"150 % 2018 Cigna RBRVS fee schedule. ",246.92,,,,,,,Fee Schedule,"100% Medicare Lab FS. ",619.77,,,,,,,Fee Schedule,"251.000323991576 % Medicare Physician FS TC Rates Only. ",437.11,,,,,,,Fee Schedule,"150 % 2018 Cigna RBRVS fee schedule. ",437.11,,,,,,,Fee Schedule,"150 % 2018 Cigna RBRVS fee schedule. ",1025.2008,78,,,,,0,percent of total billed charges,78% of Billed Charges. Lesser of 100% of billed charges applies.; No services were performed during the 15 month look back period.,,,,,,,,Other,"214 Percent of Medicaid APG. ",437.11,,,,,,,Fee Schedule,"150 % 2018 Cigna RBRVS fee schedule. ",,,,,,,,Other,"100 Percent of Medicaid APG. ",246.92,,,,,,,Fee Schedule,"100% Medicare Lab FS. ",246.92,,,,,,,Fee Schedule,"100% Medicare Lab FS. ",246.92,,,,,,,Fee Schedule,"100% Medicare Lab FS. ",246.92,,,,,,,Fee Schedule,"100% Medicare Lab FS. ",246.92,,,,,,,Fee Schedule,"100% Medicare Lab FS. ",246.92,,,,,,,Fee Schedule,"100% Medicare Lab FS. ",437.11,,,,,,,Fee Schedule,"150 % 2018 Cigna RBRVS fee schedule. ",657.18,50,,,,,0,percent of total billed charges,50 percent of billed charges; No services were performed during the 15 month look back period.,13.1436,1,,,,,0,percent of total billed charges,NA. ; No services were performed during the 15 month look back period.,13.1436,1,,,,,0,percent of total billed charges,NA. ; No services were performed during the 15 month look back period.,13.1436,1,,,,,0,percent of total billed charges,NA. ; No services were performed during the 15 month look back period.,13.1436,1,,,,,0,percent of total billed charges,NA. ; No services were performed during the 15 month look back period.,13.1436,1,,,,,0,percent of total billed charges,NA. ; No services were performed during the 15 month look back period.,,,,,,,,,"NA. ",657.18,50,,,,,0,percent of total billed charges,50 percent of billed charges; No services were performed during the 15 month look back period.,348.16,,,,,,,Fee Schedule,141 Percent of of Medicare Lab FS. Metroplus will reimburse unlisted codes and described codes with no Medicare rate at 50 percent of charges.,348.16,,,,,,,Fee Schedule,141 Percent of of Medicare Lab FS. Metroplus will reimburse unlisted codes and described codes with no Medicare rate at 50 percent of charges.,348.16,,,,,,,Fee Schedule,141 Percent of of Medicare Lab FS. Metroplus will reimburse unlisted codes and described codes with no Medicare rate at 50 percent of charges.,348.16,,,,,,,Fee Schedule,141 Percent of of Medicare Lab FS. Metroplus will reimburse unlisted codes and described codes with no Medicare rate at 50 percent of charges.,348.16,,,,,,,Fee Schedule,141 Percent of of Medicare Lab FS. Metroplus will reimburse unlisted codes and described codes with no Medicare rate at 50 percent of charges.,246.92,,,,,,,Fee Schedule,"100% Medicare Lab FS. ",476.56,,,,,,,Fee Schedule,"193 % Medicare RBRVS. ",476.56,,,,,,,Fee Schedule,"193 % Medicare RBRVS. ",476.56,,,,,,,Fee Schedule,"193 % Medicare RBRVS. ",476.56,,,,,,,Fee Schedule,"193 % Medicare RBRVS. ",619.77,,,,,,,Fee Schedule,"251.000323991576 % Medicare Physician FS TC Rates Only. ",619.77,,,,,,,Fee Schedule,"251.000323991576 % Medicare Physician FS TC Rates Only. ",619.77,,,,,,,Fee Schedule,"251.000323991576 % Medicare Physician FS TC Rates Only. ",619.77,,,,,,,Fee Schedule,"251.000323991576 % Medicare Physician FS TC Rates Only. ",657.18,50,,,,,0,percent of total billed charges,50 percent of billed charges; No services were performed during the 15 month look back period.,657.18,50,,,,,0,percent of total billed charges,50 percent of billed charges; No services were performed during the 15 month look back period.,246.92,,,,,,,Fee Schedule,"100% Medicare Lab FS. ",246.92,,,,,,,Fee Schedule,"100% Medicare Lab FS. ",246.92,,,,,,,Fee Schedule,"100% Medicare Lab FS. ",293.83,,,,,,,Fee Schedule,"238 % BCBS Standard HMO. ",293.83,,,,,,,Fee Schedule,"238 % BCBS Standard HMO. ",293.83,,,,,,,Fee Schedule,"238 % BCBS Standard HMO. ",657.18,50,,,,,0,percent of total billed charges,50 percent of billed charges; No services were performed during the 15 month look back period.,619.77,,,,,,,Fee Schedule,"251.000323991576 % Medicare Physician FS TC Rates Only. ",246.92,,,,,,,Fee Schedule,"100% Medicare Lab FS. ",293.83,,,,,,,Fee Schedule,"238 % BCBS Standard HMO. ",,,,,,,,Other,"100 Percent of Medicaid APG. ",251.86,,,,,,,Fee Schedule,"102% of Medicare Lab FS. ",251.86,,,,,,,Fee Schedule,"102% of Medicare Lab FS. ",251.86,,,,,,,Fee Schedule,"102% of Medicare Lab FS. ",222.23,,,,,,,Fee schedule,"90 Percent of Medicare RBRVS. ",,,,,,,,Fee Schedule,225% of NYS APG. Lesser of 100% of billed charges applies.,,,,,,,,Fee Schedule,225% of NYS APG. Lesser of 100% of billed charges applies.,,,,,,,,Fee Schedule,225% of NYS APG. Lesser of 100% of billed charges applies.,,,,,,,,Fee Schedule,225% of NYS APG. Lesser of 100% of billed charges applies.,,,,,,,,Fee Schedule,225% of NYS APG. Lesser of 100% of billed charges applies.,251.86,,,,,,,Fee Schedule,"102% of Medicare Lab FS. ",,,,,,,,Other,"100 Percent of Medicaid APG. ",222.23,,,,,,,Fee Schedule,90 Percent of Medicare RBRVS. Lesser of 100% of billed charges applies.,,,,,,,,Fee Schedule,225% of NYS APG. Lesser of 100% of billed charges applies.,,,,,,,,Fee Schedule,225% of NYS APG. Lesser of 100% of billed charges applies.,222.23,,,,,,,Fee Schedule,90 Percent of Medicare RBRVS. Lesser of 100% of billed charges applies.,222.23,,,,,,,Fee Schedule,90 Percent of Medicare RBRVS. Lesser of 100% of billed charges applies.,13.1436,1,,,,,0,percent of total billed charges,NA. ; No services were performed during the 15 month look back period.,246.92,,,,,,,Fee Schedule,"100% Medicare Lab FS. ",246.92,,,,,,,Fee Schedule,"100% Medicare Lab FS. ",619.77,,,,,,,Fee Schedule,"251.000323991576 % Medicare Physician FS TC Rates Only. ",246.92,,,,,,,Fee Schedule,"100% Medicare Lab FS. ",,,,,,,,Fee Schedule,"225 Percent of Medicaid APG. ",,,,,,,,Fee Schedule,"225 Percent of Medicaid APG. ",222.23,,,,,,,Fee schedule,"90 Percent of Medicare RBRVS. ",222.23,,,,,,,Fee schedule,"90 Percent of Medicare RBRVS. ",,,,,,,,Case Rate,225 Percent of Medicaid APG. Covered services not payable under Medicaid Fee Schedules default to a payment of 87.5 percent of charges.,13.1436,1,,,,,0,percent of total billed charges,NA. Covered services not payable under Medicaid Fee Schedules default to a payment of 50 percent of charges.; No services were performed during the 15 month look back period.,,,,,,,,Other,"100 Percent of Medicaid APG. ",,,,,,,,Other,"100 Percent of Medicaid APG. ",,,,,,,,Other,"100 Percent of Medicaid APG. ",,,,,,,,Other,"100 Percent of Medicaid APG. ",,,,,,,,,,657.18,50,,,,,0,percent of total billed charges,50 percent of billed charges; No services were performed during the 15 month look back period.,,,,,,,,Other,"120 Percent of Medicaid APG. Not APG payable, or payable under another fee schedule like ASP/AWP pays at 30% of charges",,,,,,,,Other,"120 Percent of Medicaid APG. Not APG payable, or payable under another fee schedule like ASP/AWP pays at 30% of charges",,,,,,,,Other,"100 Percent of Medicaid APG. Not APG payable, or payable under another fee schedule like ASP/AWP pays at 30% of charges",,,,,,,,Other,"100 Percent of Medicaid APG. Not APG payable, or payable under another fee schedule like ASP/AWP pays at 30% of charges",293.83,,,,,,,Fee Schedule,"238 % BCBS Standard HMO. ",293.83,,,,,,,Fee Schedule,"238 % BCBS Standard HMO. ",246.92,,,,,,,Fee Schedule,"100% Medicare Lab FS. ",293.83,,,,,,,Fee Schedule,"238 % BCBS Standard HMO. ",293.83,,,,,,,Fee Schedule,"238 % BCBS Standard HMO. ",293.83,,,,,,,Fee Schedule,"238 % BCBS Standard HMO. ",293.83,,,,,,,Fee Schedule,"238 % BCBS Standard HMO. ",246.92,,,,,,,Fee Schedule,"100% Medicare Lab FS. ",293.83,,,,,,,Fee Schedule,"238 % BCBS Standard HMO. ",293.83,,,,,,,Fee Schedule,"238 % BCBS Standard HMO. ",619.77,,,,,,,Fee Schedule,"251.000323991576 % Medicare Physician FS TC Rates Only. ",246.92,,,,,,,Fee Schedule,100% of RBRVS. Lesser of 100% of billed charges applies.,13.1436,1,,,,,0,percent of total billed charges,NA. Covered services not payable under Medicaid Fee Schedules default to a payment of 50 percent of charges.; No services were performed during the 15 month look back period.,,,,,,,,Fee Schedule,225% of NYS APG. Lesser of 100% of billed charges applies.,,,,,,,,Case Rate,225 Percent of Medicaid APG. Covered services not payable under Medicaid Fee Schedules default to a payment of 87.5 percent of charges.,13.1436,1,,,,,0,percent of total billed charges,NA. Covered services not payable under Medicaid Fee Schedules default to a payment of 50 percent of charges.; No services were performed during the 15 month look back period.,,,,,,,,Fee Schedule,225% of NYS APG. Lesser of 100% of billed charges applies.,,,,,,,,Fee Schedule,225% of NYS APG. Lesser of 100% of billed charges applies.,,,,,,,,Fee Schedule,225% of NYS APG. Lesser of 100% of billed charges applies.,,,,,,,,Fee Schedule,225% of NYS APG. Lesser of 100% of billed charges applies.,,,,,,,,Fee Schedule,225% of NYS APG. Lesser of 100% of billed charges applies.,,,,,,,,Fee Schedule,225% of NYS APG. Lesser of 100% of billed charges applies.,,,,,,,,,"NA. ",,,,,,,,,"NA. ",,,,,,,,,"NA. ",437.11,,,,,,,Fee Schedule,"150 % 2018 Cigna RBRVS fee schedule. ",,,,,,,,,"NA. ",246.92,,,,,,,Fee Schedule,"100% Medicare Lab FS. ",215.23,,,,,,,Fee Schedule,"100 % 1199 Fee Schedule. ",246.92,,,,,,,Fee Schedule,"100% Medicare Lab FS. ",246.92,,,,,,,Fee Schedule,"100% Medicare Lab FS. ",,,,,,,,Other,"120 Percent of Medicaid APG. Not APG payable, or payable under another fee schedule like ASP/AWP pays at 30% of charges",,,,,,,,Other,"120 Percent of Medicaid APG. Not APG payable, or payable under another fee schedule like ASP/AWP pays at 30% of charges",,,,,,,,Other,"100 Percent of Medicaid APG. Not APG payable, or payable under another fee schedule like ASP/AWP pays at 30% of charges",,,,,,,,Other,"100 Percent of Medicaid APG. Not APG payable, or payable under another fee schedule like ASP/AWP pays at 30% of charges",,,,,,,,Other,"100 Percent of Medicaid APG. ",535.82,,,,,,,Fee Schedule,"217 % Medicare RBRVS. ",619.77,,,,,,,Fee Schedule,"251.000323991576 % Medicare Physician FS TC Rates Only. ",629.65,,,,,,,Fee Schedule,"255 % Medicare RBRVS. ",437.11,,,,,,,Fee Schedule,"150 % 2018 Cigna RBRVS fee schedule. ",246.92,,,,,,,Fee Schedule,"100% Medicare Lab FS. ",246.92,,,,,,,Fee Schedule,"100% Medicare Lab FS. ",246.92,,,,,,,Fee Schedule,"100% Medicare Lab FS. ",246.92,,,,,,,Fee Schedule,"100% Medicare Lab FS. ",246.92,,,,,,,Fee Schedule,"100% Medicare Lab FS. ",246.92,,,,,,,Fee Schedule,"100% Medicare Lab FS. ",,,,,,,,,"NA. ",,,,,,,,Fee Schedule,225% of NYS APG. Lesser of 100% of billed charges applies.,222.23,,,,,,,Fee Schedule,90 Percent of Medicare RBRVS. Lesser of 100% of billed charges applies.,293.83,,,,,,,Fee Schedule,"238 % BCBS Standard HMO. ",535.82,,,,,,,Fee Schedule,"217 % Medicare RBRVS. ",535.82,,,,,,,Fee Schedule,"217 % Medicare RBRVS. ",535.82,,,,,,,Fee Schedule,"217 % Medicare RBRVS. ",535.82,,,,,,,Fee Schedule,"217 % Medicare RBRVS. ",246.92,,,,,,,Fee Schedule,"100% Medicare Lab FS. ",,,,,,,,Other,"100 Percent of Medicaid APG. ",293.83,,,,,,,Fee Schedule,"238 % BCBS Standard HMO. ",,,,,,,,Other,"100 Percent of Medicaid APG. ",246.92,,,,,,,Fee Schedule,"100% Medicare Lab FS. ",,,,,,,,Other,"100 Percent of Medicaid APG. ",246.92,,,,,,,Fee Schedule,"100% Medicare Lab FS. ",246.92,,,,,,,Fee Schedule,"100% Medicare Lab FS. ",,,,,,,,Other,"100 Percent of Medicaid APG. ",,,,,,,,Other,"100 Percent of Medicaid APG. ",535.82,,,,,,,Fee Schedule,"217 % Medicare RBRVS. ",437.11,,,,,,,Fee Schedule,"150 % 2018 Cigna RBRVS fee schedule. ",1025.2008,78,,,,,0,percent of total billed charges,78% of Billed Charges. Lesser of 100% of billed charges applies.; No services were performed during the 15 month look back period.,246.92,,,,,,,Fee Schedule,"100 % 2019 CMS Clinical Lab National Limit Pub 20190115. ",246.92,,,,,,,Fee Schedule,"100 % 2019 CMS Clinical Lab National Limit Pub 20190115. ",619.77,,,,,,,Fee Schedule,"251.000323991576 % Medicare Physician FS TC Rates Only. ",241.98,,,,,,,Fee Schedule,"98% Lab FS. ",476.56,,,,,,,Fee Schedule,"193 % Medicare RBRVS. ",476.56,,,,,,,Fee Schedule,"193 % Medicare RBRVS. ",235.07,,,,,,,Fee Schedule,"190.4 % BCBS Standard HMO. ",235.07,,,,,,,Fee Schedule,"190.4 % BCBS Standard HMO. ",246.92,,,,,,,Fee Schedule,"100% Medicare Lab FS. ",246.92,,,,,,,Fee Schedule,"100% Medicare Lab FS. ",246.92,,,,,,,Fee Schedule,"100% Medicare Lab FS. ",246.92,,,,,,,Fee Schedule,"100% Medicare Lab FS. ",246.92,,,,,,,Fee Schedule,"100 % 2019 CMS Clinical Lab National Limit Pub 20190115. ",293.83,,,,,,,Fee Schedule,"238 % BCBS Standard HMO. ",293.83,,,,,,,Fee Schedule,"238 % BCBS Standard HMO. ",246.92,,,,,,,Fee Schedule,"100% Medicare Lab FS. ",235.07,,,,,,,Fee Schedule,"190.4 % BCBS Standard HMO. ",629.65,,,,,,,Fee Schedule,"255 % Medicare RBRVS. ",,,,,,,,Fee Schedule,"120 Percent of Medicaid APG. ",,,,,,,,Other,"100 Percent of Medicaid APG. ",535.82,,,,,,,Fee Schedule,"217 % Medicare RBRVS. ",264.45,,,,,,,Fee Schedule,"214.2 % BCBS Standard HMO. ",264.45,,,,,,,Fee Schedule,"214.2 % BCBS Standard HMO. ",293.83,,,,,,,Fee Schedule,"238 % BCBS Standard HMO. ",657.18,50,,,,,0,percent of total billed charges,50 percent of billed charges; No services were performed during the 15 month look back period.,246.92,,,,,,,Fee Schedule,"100% Medicare Lab FS. ",,,,,,,,Fee Schedule,"Not payable. ",,,,,,,,Fee Schedule,"Not payable. ",,,,,,,,Fee Schedule,"Not payable. ",,,,,,,,Fee Schedule,"Not payable. ",246.92,,,,,,,Fee Schedule,"100 % 2019 CMS Clinical Lab National Limit Pub 20190115. ",,,,,,,,Fee Schedule,"Not payable. ",,,,,,,,Fee Schedule,"Not payable. ",,,,,,,,Fee Schedule,"Not payable. ",,,,,,,,Fee Schedule,"Not payable. ",,,,,,,,Fee Schedule,"Not payable. ",,,,,,,,Fee Schedule,"Not payable. ",,,,,,,,Fee Schedule,"Not payable. ",246.92,,,,,,,Fee Schedule,"100% Medicare Lab FS. ",246.92,,,,,,,Fee Schedule,"100 % 2019 CMS Clinical Lab National Limit Pub 20190115. ",246.92,,,,,,,Fee Schedule,"100% Medicare Lab FS. ",,,,,,,,Fee Schedule,"Not payable. ",293.83,,,,,,,Fee Schedule,"238 % BCBS Standard HMO. ",246.92,,,,,,,Fee Schedule,"100% Medicare Lab FS. ",293.83,,,,,,,Fee Schedule,"238 % BCBS Standard HMO. ",293.83,,,,,,,Fee Schedule,"238 % BCBS Standard HMO. ",293.83,,,,,,,Fee Schedule,"238 % BCBS Standard HMO. ",,,,,,,,Fee Schedule,"Not payable. ",246.92,,,,,,,Fee Schedule,"100% Medicare Lab FS. ",293.83,,,,,,,Fee Schedule,"238 % BCBS Standard HMO. ",,,,,,,,Fee Schedule,"Not payable. ",293.83,,,,,,,Fee Schedule,"238 % BCBS Standard HMO. ",370.38,,,,,,,Fee Schedule,"150% of Medicare Lab FS. ",246.92,,,,,,,Fee Schedule,"100% Medicare Lab FS. ",535.82,,,,,,,Fee Schedule,"217 % Medicare RBRVS. ",535.82,,,,,,,Fee Schedule,"217 % Medicare RBRVS. ",535.82,,,,,,,Fee Schedule,"217 % Medicare RBRVS. ",535.82,,,,,,,Fee Schedule,"217 % Medicare RBRVS. ",535.82,,,,,,,Fee Schedule,"217 % Medicare RBRVS. ",629.65,,,,,,,Fee Schedule,"255 % Medicare RBRVS. ",629.65,,,,,,,Fee Schedule,"255 % Medicare RBRVS. ",535.82,,,,,,,Fee Schedule,"217 % Medicare RBRVS. ",535.82,,,,,,,Fee Schedule,"217 % Medicare RBRVS. ",535.82,,,,,,,Fee Schedule,"217 % Medicare RBRVS. ",535.82,,,,,,,Fee Schedule,"217 % Medicare RBRVS. ",535.82,,,,,,,Fee Schedule,"217 % Medicare RBRVS. ",246.92,,,,,,,Fee Schedule,"100% Medicare Lab FS. ",629.65,,,,,,,Fee Schedule,"255 % Medicare RBRVS. ",246.92,,,,,,,Fee Schedule,"100% Medicare Lab FS. ",,,,,,,,Other,"225 Percent of Medicaid APG. ",,,,,,,,Other,"100 Percent of Medicaid APG. If not priced under APG, then Metroplus FeeSched",246.92,,,,,,,Fee Schedule,"100 % 2019 CMS Clinical Lab National Limit Pub 20190115. ",246.92,,,,,,,Fee Schedule,"100 % 2019 CMS Clinical Lab National Limit Pub 20190115. ",246.92,,,,,,,Fee Schedule,"100% Medicare Lab FS. ",476.56,,,,,,,Fee Schedule,"193 % Medicare RBRVS. ",246.92,,,,,,,Fee Schedule,"100% Medicare Lab FS. ",246.92,,,,,,,Fee Schedule,"100% Medicare Lab FS. ",619.77,,,,,,,Fee Schedule,"251.000323991576 % Medicare Physician FS TC Rates Only. ",246.92,,,,,,,Fee Schedule,"100% Medicare Lab FS. ",437.11,,,,,,,Fee Schedule,"150 % 2018 Cigna RBRVS fee schedule. ",246.92,,,,,,,Fee Schedule,"100% Medicare Lab FS. ",437.11,,,,,,,Fee Schedule,"150 % 2018 Cigna RBRVS fee schedule. ",619.77,,,,,,,Fee Schedule,"251.000323991576 % Medicare Physician FS TC Rates Only. ",437.11,,,,,,,Fee Schedule,"150 % 2018 Cigna RBRVS fee schedule. ",246.92,,,,,,,Fee Schedule,"100% Medicare Lab FS. ",,,,,,,,Other,"100 Percent of Medicaid APG. ",246.92,,,,,,,Fee Schedule,"100% Medicare Lab FS. ",437.11,,,,,,,Fee Schedule,"150 % 2018 Cigna RBRVS fee schedule. ",246.92,,,,,,,Fee Schedule,"100 % 2019 CMS Clinical Lab National Limit Pub 20190115. ",,,,,,,,Other,"100 Percent of Medicaid APG. ",293.83,,,,,,,Fee Schedule,"238 % BCBS Standard HMO. ",,,,,,,,Fee Schedule,"120 Percent of Medicaid APG. ",,,,,,,,Fee Schedule,"120 Percent of Medicaid APG. ",293.83,,,,,,,Fee Schedule,"238 % BCBS Standard HMO. ",293.83,,,,,,,Fee Schedule,"238 % BCBS Standard HMO. ",293.83,,,,,,,Fee Schedule,"238 % BCBS Standard HMO. ",246.92,,,,,,,Fee Schedule,"100 % 2019 CMS Clinical Lab National Limit Pub 20190115. ",293.83,,,,,,,Fee Schedule,"238 % BCBS Standard HMO. ",293.83,,,,,,,Fee Schedule,"238 % BCBS Standard HMO. ",293.83,,,,,,,Fee Schedule,"238 % BCBS Standard HMO. ",535.82,,,,,,,Fee Schedule,"217 % Medicare RBRVS. ",535.82,,,,,,,Fee Schedule,"217 % Medicare RBRVS. ",348.16,,,,,,,Fee Schedule,141 Percent of of Medicare Lab FS. Metroplus will reimburse unlisted codes and described codes with no Medicare rate at 50 percent of charges.,,,,,,,,Other,"100 Percent of Medicaid APG. ",246.92,,,,,,,Fee Schedule,"100 % 2019 CMS Clinical Lab National Limit Pub 20190115. ",437.11,,,,,,,Fee Schedule,"150 % 2018 Cigna RBRVS fee schedule. ",619.77,,,,,,,Fee Schedule,"251.000323991576 % Medicare Physician FS TC Rates Only. ",246.92,,,,,,,Fee Schedule,"100 % 2019 CMS Clinical Lab National Limit Pub 20190115. ",619.77,,,,,,,Fee Schedule,"251.000323991576 % Medicare Physician FS TC Rates Only. ",246.92,,,,,,,Fee Schedule,"100 % 2019 CMS Clinical Lab National Limit Pub 20190115. ",293.83,,,,,,,Fee Schedule,"238 % BCBS Standard HMO. ",293.83,,,,,,,Fee Schedule,"238 % BCBS Standard HMO. ",293.83,,,,,,,Fee Schedule,"238 % BCBS Standard HMO. ",293.83,,,,,,,Fee Schedule,"238 % BCBS Standard HMO. ",246.92,,,,,,,Fee Schedule,"100% Medicare Lab FS. ",13.1436,1314.36,
G0512,HCPCS,2027005,LOCAL,900,RC,HC COCM BY RHC/FQHC 60 MIN MO,283.66,53.8954,both,,,,141.83,50,,,,,0,percent of total billed charges,50% of Billed Charges. Lesser of 100% of billed charges applies.; No services were performed during the 15 month look back period.,141.83,50,,,,,0,percent of total billed charges,50% of Billed Charges. Lesser of 100% of billed charges applies.; No services were performed during the 15 month look back period.,170.196,60,,,,,0,percent of total billed charges,60 percent of billed charges; No services were performed during the 15 month look back period.,283.66,100,,,,,0,percent of total billed charges,100 percent of billed charges. ; No services were performed during the 15 month look back period.,75.36,,,,,,,Fee Schedule,"100% RBRVS FS. ",170.196,60,,,,,0,percent of total billed charges,60 percent of billed charges; No services were performed during the 15 month look back period.,170.196,60,,,,,0,percent of total billed charges,60 percent of billed charges; No services were performed during the 15 month look back period.,170.196,60,,,,,0,percent of total billed charges,60 percent of billed charges; No services were performed during the 15 month look back period.,,,,,,,,Other,"100 Percent of Medicaid APG. ",,,,,,,,Other,"100 Percent of Medicaid APG. ",221.2548,78,,,,,0,percent of total billed charges,78% of Billed Charges. Lesser of 100% of billed charges applies.; No services were performed during the 15 month look back period.,528.68,,,,,,,Fee Schedule,". ",,,,,,,,Other,"100 Percent of Medicaid APG. ",75.36,,,,,,,Fee Schedule,"100% RBRVS FS. ",170.196,60,,,,,0,percent of total billed charges,60 percent of billed charges; No services were performed during the 15 month look back period.,170.196,60,,,,,0,percent of total billed charges,60 percent of billed charges; No services were performed during the 15 month look back period.,170.196,60,,,,,0,percent of total billed charges,60 percent of billed charges; No services were performed during the 15 month look back period.,170.196,60,,,,,0,percent of total billed charges,60 percent of billed charges; No services were performed during the 15 month look back period.,2.8366,1,,,,,0,percent of total billed charges,NA. Covered services not payable under Medicaid Fee Schedules default to a payment of 50 percent of charges.; No services were performed during the 15 month look back period.,75.36,,,,,,,Fee Schedule,"100% RBRVS FS. ",2.8366,1,,,,,0,percent of total billed charges,NA. Covered services not payable under Medicaid Fee Schedules default to a payment of 50 percent of charges.; No services were performed during the 15 month look back period.,221.2548,78,,,,,0,percent of total billed charges,78% of Billed Charges. Lesser of 100% of billed charges applies.; No services were performed during the 15 month look back period.,170.196,60,,,,,0,percent of total billed charges,60 percent of billed charges; No services were performed during the 15 month look back period.,75.36,,,,,,,Fee Schedule,"100% RBRVS FS. ",207.0718,73,,,,,0,percent of total billed charges,73 percent of billed charges; No services were performed during the 15 month look back period.,75.36,,,,,,,Fee Schedule,"100% RBRVS FS. ",75.36,,,,,,,Fee Schedule,"100% RBRVS FS. ",221.2548,78,,,,,0,percent of total billed charges,78% of Billed Charges. Lesser of 100% of billed charges applies.; No services were performed during the 15 month look back period.,,,,,,,,Fee Schedule,"Not payable. ",,,,,,,,Fee Schedule,"Not payable. ",,,,,,,,Fee schedule,"90 Percent of Medicare RBRVS. ",,,,,,,,Fee schedule,"90 Percent of Medicare RBRVS. ",207.0718,73,,,,,0,percent of total billed charges,73 percent of billed charges; No services were performed during the 15 month look back period.,207.0718,73,,,,,0,percent of total billed charges,73 percent of billed charges; No services were performed during the 15 month look back period.,,,,,,,,Other,"100 Percent of Medicaid APG. Not APG payable, or payable under another fee schedule like ASP/AWP pays at 30% of charges",207.0718,73,,,,,0,percent of total billed charges,73 percent of billed charges; No services were performed during the 15 month look back period.,,,,,,,,Other,"100 Percent of Medicaid APG. Not APG payable, or payable under another fee schedule like ASP/AWP pays at 30% of charges",75.36,,,,,,,Fee Schedule,"100% RBRVS FS. ",207.0718,73,,,,,0,percent of total billed charges,73 percent of billed charges; No services were performed during the 15 month look back period.,221.2548,78,,,,,0,percent of total billed charges,78% of Billed Charges. Lesser of 100% of billed charges applies.; No services were performed during the 15 month look back period.,,,,,,,,Other,"100 Percent of Medicaid APG. If not priced under APG, then Metroplus FeeSched",,,,,,,,Other,"100 Percent of Medicaid APG. If not priced under APG, then Metroplus FeeSched",221.2548,78,,,,,0,percent of total billed charges,78% of Billed Charges. Lesser of 100% of billed charges applies.; No services were performed during the 15 month look back period.,170.196,60,,,,,0,percent of total billed charges,60 percent of billed charges; No services were performed during the 15 month look back period.,537.79,,,,,,,Fee Schedule,". ",537.79,,,,,,,Fee Schedule,". ",221.2548,78,,,,,0,percent of total billed charges,78% of Billed Charges. Lesser of 100% of billed charges applies.; No services were performed during the 15 month look back period.,75.36,,,,,,,Fee Schedule,"100% RBRVS FS. ",528.68,,,,,,,Fee Schedule,". ",528.68,,,,,,,Fee Schedule,". ",528.68,,,,,,,Fee Schedule,". ",75.36,,,,,,,Fee Schedule,"100% RBRVS FS. ",528.68,,,,,,,Fee Schedule,". ",528.68,,,,,,,Fee Schedule,". ",75.36,,,,,,,Fee Schedule,"100% of RBRVS. ",141.83,50,,,,,0,percent of total billed charges,50 percent of billed charges; No services were performed during the 15 month look back period.,184.379,65,,,,,0,percent of total billed charges,65% of Billed Charges. Lesser of 100% of billed charges applies.; No services were performed during the 15 month look back period.,184.379,65,,,,,0,percent of total billed charges,65% of Billed Charges. Lesser of 100% of billed charges applies.; No services were performed during the 15 month look back period.,184.379,65,,,,,0,percent of total billed charges,65% of Billed Charges. Lesser of 100% of billed charges applies.; No services were performed during the 15 month look back period.,184.379,65,,,,,0,percent of total billed charges,65% of Billed Charges. Lesser of 100% of billed charges applies.; No services were performed during the 15 month look back period.,184.379,65,,,,,0,percent of total billed charges,65% of Billed Charges. Lesser of 100% of billed charges applies.; No services were performed during the 15 month look back period.,184.379,65,,,,,0,percent of total billed charges,65% of Billed Charges. Lesser of 100% of billed charges applies.; No services were performed during the 15 month look back period.,75.36,,,,,,,Fee Schedule,"100% RBRVS FS. ",75.36,,,,,,,Fee Schedule,"100% RBRVS FS. ",184.379,65,,,,,0,percent of total billed charges,65% of Billed Charges. Lesser of 100% of billed charges applies.; No services were performed during the 15 month look back period.,221.2548,78,,,,,0,percent of total billed charges,78% of Billed Charges. Lesser of 100% of billed charges applies.; No services were performed during the 15 month look back period.,221.2548,78,,,,,0,percent of total billed charges,78% of Billed Charges. Lesser of 100% of billed charges applies.; No services were performed during the 15 month look back period.,221.2548,78,,,,,0,percent of total billed charges,78% of Billed Charges. Lesser of 100% of billed charges applies.; No services were performed during the 15 month look back period.,221.2548,78,,,,,0,percent of total billed charges,78% of Billed Charges. Lesser of 100% of billed charges applies.; No services were performed during the 15 month look back period.,221.2548,78,,,,,0,percent of total billed charges,78% of Billed Charges. Lesser of 100% of billed charges applies.; No services were performed during the 15 month look back period.,221.2548,78,,,,,0,percent of total billed charges,78% of Billed Charges. Lesser of 100% of billed charges applies.; No services were performed during the 15 month look back period.,221.2548,78,,,,,0,percent of total billed charges,78% of Billed Charges. Lesser of 100% of billed charges applies.; No services were performed during the 15 month look back period.,221.2548,78,,,,,0,percent of total billed charges,78% of Billed Charges. Lesser of 100% of billed charges applies.; No services were performed during the 15 month look back period.,221.2548,78,,,,,0,percent of total billed charges,78% of Billed Charges. Lesser of 100% of billed charges applies.; No services were performed during the 15 month look back period.,221.2548,78,,,,,0,percent of total billed charges,78% of Billed Charges. Lesser of 100% of billed charges applies.; No services were performed during the 15 month look back period.,221.2548,78,,,,,0,percent of total billed charges,78% of Billed Charges. Lesser of 100% of billed charges applies.; No services were performed during the 15 month look back period.,221.2548,78,,,,,0,percent of total billed charges,78% of Billed Charges. Lesser of 100% of billed charges applies.; No services were performed during the 15 month look back period.,221.2548,78,,,,,0,percent of total billed charges,78% of Billed Charges. Lesser of 100% of billed charges applies.; No services were performed during the 15 month look back period.,221.2548,78,,,,,0,percent of total billed charges,78% of Billed Charges. Lesser of 100% of billed charges applies.; No services were performed during the 15 month look back period.,221.2548,78,,,,,0,percent of total billed charges,78% of Billed Charges. Lesser of 100% of billed charges applies.; No services were performed during the 15 month look back period.,221.2548,78,,,,,0,percent of total billed charges,78% of Billed Charges. Lesser of 100% of billed charges applies.; No services were performed during the 15 month look back period.,221.2548,78,,,,,0,percent of total billed charges,78% of Billed Charges. Lesser of 100% of billed charges applies.; No services were performed during the 15 month look back period.,221.2548,78,,,,,0,percent of total billed charges,78% of Billed Charges. Lesser of 100% of billed charges applies.; No services were performed during the 15 month look back period.,221.2548,78,,,,,0,percent of total billed charges,78% of Billed Charges. Lesser of 100% of billed charges applies.; No services were performed during the 15 month look back period.,221.2548,78,,,,,0,percent of total billed charges,78% of Billed Charges. Lesser of 100% of billed charges applies.; No services were performed during the 15 month look back period.,221.2548,78,,,,,0,percent of total billed charges,78% of Billed Charges. Lesser of 100% of billed charges applies.; No services were performed during the 15 month look back period.,221.2548,78,,,,,0,percent of total billed charges,78% of Billed Charges. Lesser of 100% of billed charges applies.; No services were performed during the 15 month look back period.,221.2548,78,,,,,0,percent of total billed charges,78% of Billed Charges. Lesser of 100% of billed charges applies.; No services were performed during the 15 month look back period.,221.2548,78,,,,,0,percent of total billed charges,78% of Billed Charges. Lesser of 100% of billed charges applies.; No services were performed during the 15 month look back period.,221.2548,78,,,,,0,percent of total billed charges,78% of Billed Charges. Lesser of 100% of billed charges applies.; No services were performed during the 15 month look back period.,221.2548,78,,,,,0,percent of total billed charges,78% of Billed Charges. Lesser of 100% of billed charges applies.; No services were performed during the 15 month look back period.,207.0718,73,,,,,0,percent of total billed charges,73 percent of billed charges; No services were performed during the 15 month look back period.,207.0718,73,,,,,0,percent of total billed charges,73 percent of billed charges; No services were performed during the 15 month look back period.,207.0718,73,,,,,0,percent of total billed charges,73 percent of billed charges; No services were performed during the 15 month look back period.,207.0718,73,,,,,0,percent of total billed charges,73 percent of billed charges; No services were performed during the 15 month look back period.,226.928,80,,,,,0,percent of total billed charges,80 percent of billed charges; No services were performed during the 15 month look back period.,226.928,80,,,,,0,percent of total billed charges,80 percent of billed charges; No services were performed during the 15 month look back period.,170.196,60,,,,,0,percent of total billed charges,60 percent of billed charges; No services were performed during the 15 month look back period.,184.379,65,,,,,0,percent of total billed charges,65% of Billed Charges. Lesser of 100% of billed charges applies.; No services were performed during the 15 month look back period.,528.68,,,,,,,Fee Schedule,". ",184.379,65,,,,,0,percent of total billed charges,65% of Billed Charges. Lesser of 100% of billed charges applies.; No services were performed during the 15 month look back period.,221.2548,78,,,,,0,percent of total billed charges,78% of Billed Charges. Lesser of 100% of billed charges applies.; No services were performed during the 15 month look back period.,226.928,80,,,,,0,percent of total billed charges,80 percent of billed charges; No services were performed during the 15 month look back period.,184.379,65,,,,,0,percent of total billed charges,65% of Billed Charges. Lesser of 100% of billed charges applies.; No services were performed during the 15 month look back period.,528.68,,,,,,,Fee Schedule,". ",170.196,60,,,,,0,percent of total billed charges,60 percent of billed charges; No services were performed during the 15 month look back period.,,,,,,,,,"NA. ",221.2548,78,,,,,0,percent of total billed charges,78% of Billed Charges. Lesser of 100% of billed charges applies.; No services were performed during the 15 month look back period.,,,,,,,,Other,"100 Percent of Medicaid APG. ",207.0718,73,,,,,0,percent of total billed charges,73 percent of billed charges; No services were performed during the 15 month look back period.,,,,,,,,Other,"100 Percent of Medicaid APG. Not APG payable, or payable under another fee schedule like ASP/AWP pays at 30% of charges",75.36,,,,,,,Fee Schedule,"100% RBRVS FS. ",75.36,,,,,,,Fee Schedule,"100% RBRVS FS. ",141.83,50,,,,,0,percent of total billed charges,50 percent of billed charges; No services were performed during the 15 month look back period.,75.36,,,,,,,Fee Schedule,"100% RBRVS FS. ",75.36,,,,,,,Fee Schedule,"100% RBRVS FS. ",,,,,,,,Other,"100 Percent of Medicaid APG. ",75.36,,,,,,,Fee Schedule,"100% RBRVS FS. ",75.36,,,,,,,Fee Schedule,"100% RBRVS FS. ",170.196,60,,,,,0,percent of total billed charges,60 percent of billed charges; No services were performed during the 15 month look back period.,170.196,60,,,,,0,percent of total billed charges,60 percent of billed charges; No services were performed during the 15 month look back period.,75.36,,,,,,,Fee Schedule,"100% RBRVS FS. ",170.196,60,,,,,0,percent of total billed charges,60 percent of billed charges; No services were performed during the 15 month look back period.,528.68,,,,,,,Fee Schedule,". ",528.68,,,,,,,Fee Schedule,". ",75.36,,,,,,,Fee Schedule,"100% RBRVS FS. ",170.196,60,,,,,0,percent of total billed charges,60 percent of billed charges; No services were performed during the 15 month look back period.,170.196,60,,,,,0,percent of total billed charges,60 percent of billed charges; No services were performed during the 15 month look back period.,170.196,60,,,,,0,percent of total billed charges,60 percent of billed charges; No services were performed during the 15 month look back period.,170.196,60,,,,,0,percent of total billed charges,60 percent of billed charges; No services were performed during the 15 month look back period.,221.2548,78,,,,,0,percent of total billed charges,78% of Billed Charges. Lesser of 100% of billed charges applies.; No services were performed during the 15 month look back period.,221.2548,78,,,,,0,percent of total billed charges,78% of Billed Charges. Lesser of 100% of billed charges applies.; No services were performed during the 15 month look back period.,221.2548,78,,,,,0,percent of total billed charges,78% of Billed Charges. Lesser of 100% of billed charges applies.; No services were performed during the 15 month look back period.,221.2548,78,,,,,0,percent of total billed charges,78% of Billed Charges. Lesser of 100% of billed charges applies.; No services were performed during the 15 month look back period.,221.2548,78,,,,,0,percent of total billed charges,78% of Billed Charges. Lesser of 100% of billed charges applies.; No services were performed during the 15 month look back period.,221.2548,78,,,,,0,percent of total billed charges,78% of Billed Charges. Lesser of 100% of billed charges applies.; No services were performed during the 15 month look back period.,221.2548,78,,,,,0,percent of total billed charges,78% of Billed Charges. Lesser of 100% of billed charges applies.; No services were performed during the 15 month look back period.,221.2548,78,,,,,0,percent of total billed charges,78% of Billed Charges. Lesser of 100% of billed charges applies.; No services were performed during the 15 month look back period.,221.2548,78,,,,,0,percent of total billed charges,78% of Billed Charges. Lesser of 100% of billed charges applies.; No services were performed during the 15 month look back period.,221.2548,78,,,,,0,percent of total billed charges,78% of Billed Charges. Lesser of 100% of billed charges applies.; No services were performed during the 15 month look back period.,221.2548,78,,,,,0,percent of total billed charges,78% of Billed Charges. Lesser of 100% of billed charges applies.; No services were performed during the 15 month look back period.,226.928,80,,,,,0,percent of total billed charges,80 percent of billed charges; No services were performed during the 15 month look back period.,184.379,65,,,,,0,percent of total billed charges,65% of Billed Charges. Lesser of 100% of billed charges applies.; No services were performed during the 15 month look back period.,170.196,60,,,,,0,percent of total billed charges,60 percent of billed charges; No services were performed during the 15 month look back period.,75.36,,,,,,,Fee Schedule,"100% RBRVS FS. ",170.196,60,,,,,0,percent of total billed charges,60 percent of billed charges; No services were performed during the 15 month look back period.,170.196,60,,,,,0,percent of total billed charges,60 percent of billed charges; No services were performed during the 15 month look back period.,170.196,60,,,,,0,percent of total billed charges,60 percent of billed charges; No services were performed during the 15 month look back period.,221.2548,78,,,,,0,percent of total billed charges,78% of Billed Charges. Lesser of 100% of billed charges applies.; No services were performed during the 15 month look back period.,,,,,,,,Other,"214 Percent of Medicaid APG. ",170.196,60,,,,,0,percent of total billed charges,60 percent of billed charges; No services were performed during the 15 month look back period.,,,,,,,,Other,"100 Percent of Medicaid APG. ",75.36,,,,,,,Fee Schedule,"100% RBRVS FS. ",75.36,,,,,,,Fee Schedule,"100% RBRVS FS. ",75.36,,,,,,,Fee Schedule,"100% RBRVS FS. ",75.36,,,,,,,Fee Schedule,"100% RBRVS FS. ",75.36,,,,,,,Fee Schedule,"100% RBRVS FS. ",75.36,,,,,,,Fee Schedule,"100% RBRVS FS. ",170.196,60,,,,,0,percent of total billed charges,60 percent of billed charges; No services were performed during the 15 month look back period.,141.83,50,,,,,0,percent of total billed charges,50 percent of billed charges; No services were performed during the 15 month look back period.,2.8366,1,,,,,0,percent of total billed charges,NA. ; No services were performed during the 15 month look back period.,2.8366,1,,,,,0,percent of total billed charges,NA. ; No services were performed during the 15 month look back period.,2.8366,1,,,,,0,percent of total billed charges,NA. ; No services were performed during the 15 month look back period.,2.8366,1,,,,,0,percent of total billed charges,NA. ; No services were performed during the 15 month look back period.,2.8366,1,,,,,0,percent of total billed charges,NA. ; No services were performed during the 15 month look back period.,,,,,,,,,"NA. ",141.83,50,,,,,0,percent of total billed charges,50 percent of billed charges; No services were performed during the 15 month look back period.,106.26,,,,,,,Fee Schedule,141 Percent of current Medicare RBRVS fee schedule. Metroplus will reimburse unlisted codes and described codes with no Medicare rate at 50 percent of charges.,106.26,,,,,,,Fee Schedule,141 Percent of current Medicare RBRVS fee schedule. Metroplus will reimburse unlisted codes and described codes with no Medicare rate at 50 percent of charges.,106.26,,,,,,,Fee Schedule,141 Percent of current Medicare RBRVS fee schedule. Metroplus will reimburse unlisted codes and described codes with no Medicare rate at 50 percent of charges.,106.26,,,,,,,Fee Schedule,141 Percent of current Medicare RBRVS fee schedule. Metroplus will reimburse unlisted codes and described codes with no Medicare rate at 50 percent of charges.,106.26,,,,,,,Fee Schedule,141 Percent of current Medicare RBRVS fee schedule. Metroplus will reimburse unlisted codes and described codes with no Medicare rate at 50 percent of charges.,75.36,,,,,,,Fee Schedule,"100% RBRVS FS. ",226.928,80,,,,,0,percent of total billed charges,80 percent of billed charges; No services were performed during the 15 month look back period.,226.928,80,,,,,0,percent of total billed charges,80 percent of billed charges; No services were performed during the 15 month look back period.,226.928,80,,,,,0,percent of total billed charges,80 percent of billed charges; No services were performed during the 15 month look back period.,226.928,80,,,,,0,percent of total billed charges,80 percent of billed charges; No services were performed during the 15 month look back period.,170.196,60,,,,,0,percent of total billed charges,60 percent of billed charges; No services were performed during the 15 month look back period.,170.196,60,,,,,0,percent of total billed charges,60 percent of billed charges; No services were performed during the 15 month look back period.,170.196,60,,,,,0,percent of total billed charges,60 percent of billed charges; No services were performed during the 15 month look back period.,170.196,60,,,,,0,percent of total billed charges,60 percent of billed charges; No services were performed during the 15 month look back period.,141.83,50,,,,,0,percent of total billed charges,50 percent of billed charges; No services were performed during the 15 month look back period.,141.83,50,,,,,0,percent of total billed charges,50 percent of billed charges; No services were performed during the 15 month look back period.,75.36,,,,,,,Fee Schedule,"100% RBRVS FS. ",75.36,,,,,,,Fee Schedule,"100% RBRVS FS. ",75.36,,,,,,,Fee Schedule,"100% RBRVS FS. ",184.379,65,,,,,0,percent of total billed charges,65% of Billed Charges. Lesser of 100% of billed charges applies.; No services were performed during the 15 month look back period.,184.379,65,,,,,0,percent of total billed charges,65% of Billed Charges. Lesser of 100% of billed charges applies.; No services were performed during the 15 month look back period.,184.379,65,,,,,0,percent of total billed charges,65% of Billed Charges. Lesser of 100% of billed charges applies.; No services were performed during the 15 month look back period.,141.83,50,,,,,0,percent of total billed charges,50 percent of billed charges; No services were performed during the 15 month look back period.,170.196,60,,,,,0,percent of total billed charges,60 percent of billed charges; No services were performed during the 15 month look back period.,75.36,,,,,,,Fee Schedule,"100% RBRVS FS. ",184.379,65,,,,,0,percent of total billed charges,65% of Billed Charges. Lesser of 100% of billed charges applies.; No services were performed during the 15 month look back period.,,,,,,,,Other,"100 Percent of Medicaid APG. ",76.87,,,,,,,Fee Schedule,"102% of RBRVS. ",76.87,,,,,,,Fee Schedule,"102% of RBRVS. ",76.87,,,,,,,Fee Schedule,"102% of RBRVS. ",,,,,,,,Fee schedule,"90 Percent of Medicare RBRVS. ",,,,,,,,Fee Schedule,225% of NYS APG. Lesser of 100% of billed charges applies.,,,,,,,,Fee Schedule,225% of NYS APG. Lesser of 100% of billed charges applies.,,,,,,,,Fee Schedule,225% of NYS APG. Lesser of 100% of billed charges applies.,,,,,,,,Fee Schedule,225% of NYS APG. Lesser of 100% of billed charges applies.,,,,,,,,Fee Schedule,225% of NYS APG. Lesser of 100% of billed charges applies.,76.87,,,,,,,Fee Schedule,"102% of RBRVS. ",,,,,,,,Other,"100 Percent of Medicaid APG. ",,,,,,,,Fee Schedule,"Not payable. ",,,,,,,,Fee Schedule,225% of NYS APG. Lesser of 100% of billed charges applies.,,,,,,,,Fee Schedule,225% of NYS APG. Lesser of 100% of billed charges applies.,,,,,,,,Fee Schedule,"Not payable. ",,,,,,,,Fee Schedule,"Not payable. ",2.8366,1,,,,,0,percent of total billed charges,NA. ; No services were performed during the 15 month look back period.,75.36,,,,,,,Fee Schedule,"100% RBRVS FS. ",75.36,,,,,,,Fee Schedule,"100% RBRVS FS. ",170.196,60,,,,,0,percent of total billed charges,60 percent of billed charges; No services were performed during the 15 month look back period.,75.36,,,,,,,Fee Schedule,"100% RBRVS FS. ",,,,,,,,Fee Schedule,"225 Percent of Medicaid APG. ",,,,,,,,Fee Schedule,"225 Percent of Medicaid APG. ",,,,,,,,Fee schedule,"90 Percent of Medicare RBRVS. ",,,,,,,,Fee schedule,"90 Percent of Medicare RBRVS. ",,,,,,,,Case Rate,Not Payable. Covered services not payable under Medicaid Fee Schedules default to a payment of 87.5 percent of charges.,2.8366,1,,,,,0,percent of total billed charges,NA. Covered services not payable under Medicaid Fee Schedules default to a payment of 50 percent of charges.; No services were performed during the 15 month look back period.,,,,,,,,Other,"100 Percent of Medicaid APG. ",,,,,,,,Other,"100 Percent of Medicaid APG. ",,,,,,,,Other,"100 Percent of Medicaid APG. ",,,,,,,,Other,"100 Percent of Medicaid APG. ",,,,,,,,,,141.83,50,,,,,0,percent of total billed charges,50 percent of billed charges; No services were performed during the 15 month look back period.,,,,,,,,Other,"120 Percent of Medicaid APG. Not APG payable, or payable under another fee schedule like ASP/AWP pays at 30% of charges",,,,,,,,Other,"120 Percent of Medicaid APG. Not APG payable, or payable under another fee schedule like ASP/AWP pays at 30% of charges",,,,,,,,Other,"100 Percent of Medicaid APG. Not APG payable, or payable under another fee schedule like ASP/AWP pays at 30% of charges",,,,,,,,Other,"100 Percent of Medicaid APG. Not APG payable, or payable under another fee schedule like ASP/AWP pays at 30% of charges",184.379,65,,,,,0,percent of total billed charges,65% of Billed Charges. Lesser of 100% of billed charges applies.; No services were performed during the 15 month look back period.,184.379,65,,,,,0,percent of total billed charges,65% of Billed Charges. Lesser of 100% of billed charges applies.; No services were performed during the 15 month look back period.,75.36,,,,,,,Fee Schedule,"100% RBRVS FS. ",184.379,65,,,,,0,percent of total billed charges,65% of Billed Charges. Lesser of 100% of billed charges applies.; No services were performed during the 15 month look back period.,184.379,65,,,,,0,percent of total billed charges,65% of Billed Charges. Lesser of 100% of billed charges applies.; No services were performed during the 15 month look back period.,184.379,65,,,,,0,percent of total billed charges,65% of Billed Charges. Lesser of 100% of billed charges applies.; No services were performed during the 15 month look back period.,184.379,65,,,,,0,percent of total billed charges,65% of Billed Charges. Lesser of 100% of billed charges applies.; No services were performed during the 15 month look back period.,75.36,,,,,,,Fee Schedule,"100% RBRVS FS. ",184.379,65,,,,,0,percent of total billed charges,65% of Billed Charges. Lesser of 100% of billed charges applies.; No services were performed during the 15 month look back period.,184.379,65,,,,,0,percent of total billed charges,65% of Billed Charges. Lesser of 100% of billed charges applies.; No services were performed during the 15 month look back period.,170.196,60,,,,,0,percent of total billed charges,60 percent of billed charges; No services were performed during the 15 month look back period.,,,,,,,,Fee Schedule,100% of RBRVS. Lesser of 100% of billed charges applies.,2.8366,1,,,,,0,percent of total billed charges,NA. Covered services not payable under Medicaid Fee Schedules default to a payment of 50 percent of charges.; No services were performed during the 15 month look back period.,,,,,,,,Fee Schedule,225% of NYS APG. Lesser of 100% of billed charges applies.,,,,,,,,Case Rate,Not Payable. Covered services not payable under Medicaid Fee Schedules default to a payment of 87.5 percent of charges.,2.8366,1,,,,,0,percent of total billed charges,NA. Covered services not payable under Medicaid Fee Schedules default to a payment of 50 percent of charges.; No services were performed during the 15 month look back period.,,,,,,,,Fee Schedule,225% of NYS APG. Lesser of 100% of billed charges applies.,,,,,,,,Fee Schedule,225% of NYS APG. Lesser of 100% of billed charges applies.,,,,,,,,Fee Schedule,225% of NYS APG. Lesser of 100% of billed charges applies.,,,,,,,,Fee Schedule,225% of NYS APG. Lesser of 100% of billed charges applies.,,,,,,,,Fee Schedule,225% of NYS APG. Lesser of 100% of billed charges applies.,,,,,,,,Fee Schedule,225% of NYS APG. Lesser of 100% of billed charges applies.,,,,,,,,,"NA. ",,,,,,,,,"NA. ",,,,,,,,,"NA. ",170.196,60,,,,,0,percent of total billed charges,60 percent of billed charges; No services were performed during the 15 month look back period.,,,,,,,,,"NA. ",75.36,,,,,,,Fee Schedule,"100% RBRVS FS. ",141.83,50,,,,,0,percent of total billed charges,50% of Billed Charges. Lesser of 100% of billed charges applies.; No services were performed during the 15 month look back period.,75.36,,,,,,,Fee Schedule,"100% RBRVS FS. ",75.36,,,,,,,Fee Schedule,"100% RBRVS FS. ",,,,,,,,Other,"120 Percent of Medicaid APG. Not APG payable, or payable under another fee schedule like ASP/AWP pays at 30% of charges",,,,,,,,Other,"120 Percent of Medicaid APG. Not APG payable, or payable under another fee schedule like ASP/AWP pays at 30% of charges",,,,,,,,Other,"100 Percent of Medicaid APG. Not APG payable, or payable under another fee schedule like ASP/AWP pays at 30% of charges",,,,,,,,Other,"100 Percent of Medicaid APG. Not APG payable, or payable under another fee schedule like ASP/AWP pays at 30% of charges",,,,,,,,Other,"100 Percent of Medicaid APG. ",207.0718,73,,,,,0,percent of total billed charges,73 percent of billed charges; No services were performed during the 15 month look back period.,170.196,60,,,,,0,percent of total billed charges,60 percent of billed charges; No services were performed during the 15 month look back period.,207.0718,73,,,,,0,percent of total billed charges,73 percent of billed charges; No services were performed during the 15 month look back period.,170.196,60,,,,,0,percent of total billed charges,60 percent of billed charges; No services were performed during the 15 month look back period.,75.36,,,,,,,Fee Schedule,"100% RBRVS FS. ",75.36,,,,,,,Fee Schedule,"100% RBRVS FS. ",75.36,,,,,,,Fee Schedule,"100% RBRVS FS. ",75.36,,,,,,,Fee Schedule,"100% RBRVS FS. ",75.36,,,,,,,Fee Schedule,"100% RBRVS FS. ",75.36,,,,,,,Fee Schedule,"100% RBRVS FS. ",,,,,,,,,"NA. ",,,,,,,,Fee Schedule,225% of NYS APG. Lesser of 100% of billed charges applies.,,,,,,,,Fee Schedule,"Not payable. ",184.379,65,,,,,0,percent of total billed charges,65% of Billed Charges. Lesser of 100% of billed charges applies.; No services were performed during the 15 month look back period.,207.0718,73,,,,,0,percent of total billed charges,73 percent of billed charges; No services were performed during the 15 month look back period.,207.0718,73,,,,,0,percent of total billed charges,73 percent of billed charges; No services were performed during the 15 month look back period.,207.0718,73,,,,,0,percent of total billed charges,73 percent of billed charges; No services were performed during the 15 month look back period.,207.0718,73,,,,,0,percent of total billed charges,73 percent of billed charges; No services were performed during the 15 month look back period.,75.36,,,,,,,Fee Schedule,"100% RBRVS FS. ",,,,,,,,Other,"100 Percent of Medicaid APG. ",184.379,65,,,,,0,percent of total billed charges,65% of Billed Charges. Lesser of 100% of billed charges applies.; No services were performed during the 15 month look back period.,,,,,,,,Other,"100 Percent of Medicaid APG. ",75.36,,,,,,,Fee Schedule,"100% RBRVS FS. ",,,,,,,,Other,"100 Percent of Medicaid APG. ",75.36,,,,,,,Fee Schedule,"100% RBRVS FS. ",75.36,,,,,,,Fee Schedule,"100% RBRVS FS. ",,,,,,,,Other,"100 Percent of Medicaid APG. ",,,,,,,,Other,"100 Percent of Medicaid APG. ",207.0718,73,,,,,0,percent of total billed charges,73 percent of billed charges; No services were performed during the 15 month look back period.,170.196,60,,,,,0,percent of total billed charges,60 percent of billed charges; No services were performed during the 15 month look back period.,221.2548,78,,,,,0,percent of total billed charges,78% of Billed Charges. Lesser of 100% of billed charges applies.; No services were performed during the 15 month look back period.,528.68,,,,,,,Fee Schedule,". ",528.68,,,,,,,Fee Schedule,". ",170.196,60,,,,,0,percent of total billed charges,60 percent of billed charges; No services were performed during the 15 month look back period.,73.86,,,,,,,Fee Schedule,"98% of RBRVS. ",226.928,80,,,,,0,percent of total billed charges,80 percent of billed charges; No services were performed during the 15 month look back period.,226.928,80,,,,,0,percent of total billed charges,80 percent of billed charges; No services were performed during the 15 month look back period.,147.5032,52,,,,,0,percent of total billed charges,52% of Billed Charges. Lesser of 100% of billed charges applies.; No services were performed during the 15 month look back period.,147.5032,52,,,,,0,percent of total billed charges,52% of Billed Charges. Lesser of 100% of billed charges applies.; No services were performed during the 15 month look back period.,75.36,,,,,,,Fee Schedule,"100% RBRVS FS. ",75.36,,,,,,,Fee Schedule,"100% RBRVS FS. ",75.36,,,,,,,Fee Schedule,"100% RBRVS FS. ",75.36,,,,,,,Fee Schedule,"100% RBRVS FS. ",528.68,,,,,,,Fee Schedule,". ",184.379,65,,,,,0,percent of total billed charges,65% of Billed Charges. Lesser of 100% of billed charges applies.; No services were performed during the 15 month look back period.,184.379,65,,,,,0,percent of total billed charges,65% of Billed Charges. Lesser of 100% of billed charges applies.; No services were performed during the 15 month look back period.,75.36,,,,,,,Fee Schedule,"100% RBRVS FS. ",147.5032,52,,,,,0,percent of total billed charges,52% of Billed Charges. Lesser of 100% of billed charges applies.; No services were performed during the 15 month look back period.,207.0718,73,,,,,0,percent of total billed charges,73 percent of billed charges; No services were performed during the 15 month look back period.,,,,,,,,Fee Schedule,"120 Percent of Medicaid APG. ",,,,,,,,Other,"100 Percent of Medicaid APG. ",207.0718,73,,,,,0,percent of total billed charges,73 percent of billed charges; No services were performed during the 15 month look back period.,167.3594,59,,,,,0,percent of total billed charges,59% of Billed Charges. Lesser of 100% of billed charges applies.; No services were performed during the 15 month look back period.,167.3594,59,,,,,0,percent of total billed charges,59% of Billed Charges. Lesser of 100% of billed charges applies.; No services were performed during the 15 month look back period.,184.379,65,,,,,0,percent of total billed charges,65% of Billed Charges. Lesser of 100% of billed charges applies.; No services were performed during the 15 month look back period.,141.83,50,,,,,0,percent of total billed charges,50 percent of billed charges; No services were performed during the 15 month look back period.,75.36,,,,,,,Fee Schedule,"100% RBRVS FS. ",,,,,,,,Fee Schedule,"Not payable. ",,,,,,,,Fee Schedule,"Not payable. ",,,,,,,,Fee Schedule,"Not payable. ",,,,,,,,Fee Schedule,"Not payable. ",528.68,,,,,,,Fee Schedule,". ",,,,,,,,Fee Schedule,"Not payable. ",,,,,,,,Fee Schedule,"Not payable. ",,,,,,,,Fee Schedule,"Not payable. ",,,,,,,,Fee Schedule,"Not payable. ",,,,,,,,Fee Schedule,"Not payable. ",,,,,,,,Fee Schedule,"Not payable. ",,,,,,,,Fee Schedule,"Not payable. ",75.36,,,,,,,Fee Schedule,"100% RBRVS FS. ",528.68,,,,,,,Fee Schedule,". ",75.36,,,,,,,Fee Schedule,"100% RBRVS FS. ",,,,,,,,Fee Schedule,"Not payable. ",184.379,65,,,,,0,percent of total billed charges,65% of Billed Charges. Lesser of 100% of billed charges applies.; No services were performed during the 15 month look back period.,75.36,,,,,,,Fee Schedule,"100% RBRVS FS. ",184.379,65,,,,,0,percent of total billed charges,65% of Billed Charges. Lesser of 100% of billed charges applies.; No services were performed during the 15 month look back period.,184.379,65,,,,,0,percent of total billed charges,65% of Billed Charges. Lesser of 100% of billed charges applies.; No services were performed during the 15 month look back period.,184.379,65,,,,,0,percent of total billed charges,65% of Billed Charges. Lesser of 100% of billed charges applies.; No services were performed during the 15 month look back period.,,,,,,,,Fee Schedule,"Not payable. ",75.36,,,,,,,Fee Schedule,"100% RBRVS FS. ",184.379,65,,,,,0,percent of total billed charges,65% of Billed Charges. Lesser of 100% of billed charges applies.; No services were performed during the 15 month look back period.,,,,,,,,Fee Schedule,"Not payable. ",184.379,65,,,,,0,percent of total billed charges,65% of Billed Charges. Lesser of 100% of billed charges applies.; No services were performed during the 15 month look back period.,113.05,,,,,,,Fee Schedule,"150% of RBRVS. ",75.36,,,,,,,Fee Schedule,"100% RBRVS FS. ",207.0718,73,,,,,0,percent of total billed charges,73 percent of billed charges; No services were performed during the 15 month look back period.,207.0718,73,,,,,0,percent of total billed charges,73 percent of billed charges; No services were performed during the 15 month look back period.,207.0718,73,,,,,0,percent of total billed charges,73 percent of billed charges; No services were performed during the 15 month look back period.,207.0718,73,,,,,0,percent of total billed charges,73 percent of billed charges; No services were performed during the 15 month look back period.,207.0718,73,,,,,0,percent of total billed charges,73 percent of billed charges; No services were performed during the 15 month look back period.,207.0718,73,,,,,0,percent of total billed charges,73 percent of billed charges; No services were performed during the 15 month look back period.,207.0718,73,,,,,0,percent of total billed charges,73 percent of billed charges; No services were performed during the 15 month look back period.,207.0718,73,,,,,0,percent of total billed charges,73 percent of billed charges; No services were performed during the 15 month look back period.,207.0718,73,,,,,0,percent of total billed charges,73 percent of billed charges; No services were performed during the 15 month look back period.,207.0718,73,,,,,0,percent of total billed charges,73 percent of billed charges; No services were performed during the 15 month look back period.,207.0718,73,,,,,0,percent of total billed charges,73 percent of billed charges; No services were performed during the 15 month look back period.,207.0718,73,,,,,0,percent of total billed charges,73 percent of billed charges; No services were performed during the 15 month look back period.,75.36,,,,,,,Fee Schedule,"100% RBRVS FS. ",207.0718,73,,,,,0,percent of total billed charges,73 percent of billed charges; No services were performed during the 15 month look back period.,75.36,,,,,,,Fee Schedule,"100% RBRVS FS. ",,,,,,,,Other,"225 Percent of Medicaid APG. ",,,,,,,,Other,"100 Percent of Medicaid APG. If not priced under APG, then Metroplus FeeSched",528.68,,,,,,,Fee Schedule,". ",528.68,,,,,,,Fee Schedule,". ",75.36,,,,,,,Fee Schedule,"100% RBRVS FS. ",226.928,80,,,,,0,percent of total billed charges,80 percent of billed charges; No services were performed during the 15 month look back period.,75.36,,,,,,,Fee Schedule,"100% RBRVS FS. ",75.36,,,,,,,Fee Schedule,"100% RBRVS FS. ",170.196,60,,,,,0,percent of total billed charges,60 percent of billed charges; No services were performed during the 15 month look back period.,75.36,,,,,,,Fee Schedule,"100% RBRVS FS. ",170.196,60,,,,,0,percent of total billed charges,60 percent of billed charges; No services were performed during the 15 month look back period.,75.36,,,,,,,Fee Schedule,"100% RBRVS FS. ",170.196,60,,,,,0,percent of total billed charges,60 percent of billed charges; No services were performed during the 15 month look back period.,170.196,60,,,,,0,percent of total billed charges,60 percent of billed charges; No services were performed during the 15 month look back period.,170.196,60,,,,,0,percent of total billed charges,60 percent of billed charges; No services were performed during the 15 month look back period.,75.36,,,,,,,Fee Schedule,"100% RBRVS FS. ",,,,,,,,Other,"100 Percent of Medicaid APG. ",75.36,,,,,,,Fee Schedule,"100% RBRVS FS. ",170.196,60,,,,,0,percent of total billed charges,60 percent of billed charges; No services were performed during the 15 month look back period.,528.68,,,,,,,Fee Schedule,". ",,,,,,,,Other,"100 Percent of Medicaid APG. ",184.379,65,,,,,0,percent of total billed charges,65% of Billed Charges. Lesser of 100% of billed charges applies.; No services were performed during the 15 month look back period.,,,,,,,,Fee Schedule,"120 Percent of Medicaid APG. ",,,,,,,,Fee Schedule,"120 Percent of Medicaid APG. ",184.379,65,,,,,0,percent of total billed charges,65% of Billed Charges. Lesser of 100% of billed charges applies.; No services were performed during the 15 month look back period.,184.379,65,,,,,0,percent of total billed charges,65% of Billed Charges. Lesser of 100% of billed charges applies.; No services were performed during the 15 month look back period.,184.379,65,,,,,0,percent of total billed charges,65% of Billed Charges. Lesser of 100% of billed charges applies.; No services were performed during the 15 month look back period.,528.68,,,,,,,Fee Schedule,". ",184.379,65,,,,,0,percent of total billed charges,65% of Billed Charges. Lesser of 100% of billed charges applies.; No services were performed during the 15 month look back period.,184.379,65,,,,,0,percent of total billed charges,65% of Billed Charges. Lesser of 100% of billed charges applies.; No services were performed during the 15 month look back period.,184.379,65,,,,,0,percent of total billed charges,65% of Billed Charges. Lesser of 100% of billed charges applies.; No services were performed during the 15 month look back period.,207.0718,73,,,,,0,percent of total billed charges,73 percent of billed charges; No services were performed during the 15 month look back period.,207.0718,73,,,,,0,percent of total billed charges,73 percent of billed charges; No services were performed during the 15 month look back period.,106.26,,,,,,,Fee Schedule,141 Percent of current Medicare RBRVS fee schedule. Metroplus will reimburse unlisted codes and described codes with no Medicare rate at 50 percent of charges.,,,,,,,,Other,"100 Percent of Medicaid APG. ",528.68,,,,,,,Fee Schedule,". ",170.196,60,,,,,0,percent of total billed charges,60 percent of billed charges; No services were performed during the 15 month look back period.,170.196,60,,,,,0,percent of total billed charges,60 percent of billed charges; No services were performed during the 15 month look back period.,528.68,,,,,,,Fee Schedule,". ",170.196,60,,,,,0,percent of total billed charges,60 percent of billed charges; No services were performed during the 15 month look back period.,528.68,,,,,,,Fee Schedule,". ",184.379,65,,,,,0,percent of total billed charges,65% of Billed Charges. Lesser of 100% of billed charges applies.; No services were performed during the 15 month look back period.,184.379,65,,,,,0,percent of total billed charges,65% of Billed Charges. Lesser of 100% of billed charges applies.; No services were performed during the 15 month look back period.,184.379,65,,,,,0,percent of total billed charges,65% of Billed Charges. Lesser of 100% of billed charges applies.; No services were performed during the 15 month look back period.,184.379,65,,,,,0,percent of total billed charges,65% of Billed Charges. Lesser of 100% of billed charges applies.; No services were performed during the 15 month look back period.,75.36,,,,,,,Fee Schedule,"100% RBRVS FS. ",2.8366,539.5,
G2250,HCPCS,2027125,LOCAL,780,RC,"HC REMOT IMG SUB BY PT, NON E/M",31.56,5.9964,both,,,,13,,,,,,,Fee Schedule,"100 % 1199 Fee Schedule. ",13,,,,,,,Fee Schedule,"100 % 1199 Fee Schedule. ",18.936,60,,,,,0,percent of total billed charges,60 percent of billed charges; No services were performed during the 15 month look back period.,31.56,100,,,,,0,percent of total billed charges,100 percent of billed charges. ; No services were performed during the 15 month look back period.,9.75,,,,,,,Fee Schedule,"100% RBRVS FS. ",18.936,60,,,,,0,percent of total billed charges,60 percent of billed charges; No services were performed during the 15 month look back period.,18.936,60,,,,,0,percent of total billed charges,60 percent of billed charges; No services were performed during the 15 month look back period.,18.936,60,,,,,0,percent of total billed charges,60 percent of billed charges; No services were performed during the 15 month look back period.,19.77,,,,,,,Case Rate,"100 Percent of Medicaid APG. ",16.47,,,,,,,Case Rate,"100 Percent of Medicaid APG. ",24.6168,78,,,,,0,percent of total billed charges,78% of Billed Charges. Lesser of 100% of billed charges applies.; No services were performed during the 15 month look back period.,86.61,,,,,,,Fee Schedule,". ",16.47,,,,,,,Case Rate,"100 Percent of Medicaid APG. ",9.75,,,,,,,Fee Schedule,"100% RBRVS FS. ",18.936,60,,,,,0,percent of total billed charges,60 percent of billed charges; No services were performed during the 15 month look back period.,18.936,60,,,,,0,percent of total billed charges,60 percent of billed charges; No services were performed during the 15 month look back period.,18.936,60,,,,,0,percent of total billed charges,60 percent of billed charges; No services were performed during the 15 month look back period.,18.936,60,,,,,0,percent of total billed charges,60 percent of billed charges; No services were performed during the 15 month look back period.,8.93,,,,,,,Fee schedule,90 Percent of Medicare RBRVS. Covered services not payable under Medicaid Fee Schedules default to a payment of 50 percent of charges.,9.75,,,,,,,Fee Schedule,"100% RBRVS FS. ",8.93,,,,,,,Fee schedule,90 Percent of Medicare RBRVS. Covered services not payable under Medicaid Fee Schedules default to a payment of 50 percent of charges.,24.6168,78,,,,,0,percent of total billed charges,78% of Billed Charges. Lesser of 100% of billed charges applies.; No services were performed during the 15 month look back period.,18.936,60,,,,,0,percent of total billed charges,60 percent of billed charges; No services were performed during the 15 month look back period.,9.75,,,,,,,Fee Schedule,"100% RBRVS FS. ",23.0388,73,,,,,0,percent of total billed charges,73 percent of billed charges; No services were performed during the 15 month look back period.,9.75,,,,,,,Fee Schedule,"100% RBRVS FS. ",9.75,,,,,,,Fee Schedule,"100% RBRVS FS. ",24.6168,78,,,,,0,percent of total billed charges,78% of Billed Charges. Lesser of 100% of billed charges applies.; No services were performed during the 15 month look back period.,8.93,,,,,,,Fee Schedule,90 Percent of Medicare RBRVS. Lesser of 100% of billed charges applies.,8.93,,,,,,,Fee Schedule,90 Percent of Medicare RBRVS. Lesser of 100% of billed charges applies.,8.93,,,,,,,Fee schedule,"90 Percent of Medicare RBRVS. ",8.93,,,,,,,Fee schedule,"90 Percent of Medicare RBRVS. ",23.0388,73,,,,,0,percent of total billed charges,73 percent of billed charges; No services were performed during the 15 month look back period.,23.0388,73,,,,,0,percent of total billed charges,73 percent of billed charges; No services were performed during the 15 month look back period.,16.47,,,,,,,Case Rate,"100 Percent of Medicaid APG. Not APG payable, or payable under another fee schedule like ASP/AWP pays at 30% of charges",23.0388,73,,,,,0,percent of total billed charges,73 percent of billed charges; No services were performed during the 15 month look back period.,16.47,,,,,,,Case Rate,"100 Percent of Medicaid APG. Not APG payable, or payable under another fee schedule like ASP/AWP pays at 30% of charges",9.75,,,,,,,Fee Schedule,"100% RBRVS FS. ",23.0388,73,,,,,0,percent of total billed charges,73 percent of billed charges; No services were performed during the 15 month look back period.,24.6168,78,,,,,0,percent of total billed charges,78% of Billed Charges. Lesser of 100% of billed charges applies.; No services were performed during the 15 month look back period.,16.47,,,,,,,Case Rate,"100 Percent of Medicaid APG. ",16.47,,,,,,,Case Rate,"100 Percent of Medicaid APG. ",24.6168,78,,,,,0,percent of total billed charges,78% of Billed Charges. Lesser of 100% of billed charges applies.; No services were performed during the 15 month look back period.,18.936,60,,,,,0,percent of total billed charges,60 percent of billed charges; No services were performed during the 15 month look back period.,88.12,,,,,,,Fee Schedule,". ",88.12,,,,,,,Fee Schedule,". ",24.6168,78,,,,,0,percent of total billed charges,78% of Billed Charges. Lesser of 100% of billed charges applies.; No services were performed during the 15 month look back period.,9.75,,,,,,,Fee Schedule,"100% RBRVS FS. ",86.61,,,,,,,Fee Schedule,". ",86.61,,,,,,,Fee Schedule,". ",86.61,,,,,,,Fee Schedule,". ",9.75,,,,,,,Fee Schedule,"100% RBRVS FS. ",86.61,,,,,,,Fee Schedule,". ",86.61,,,,,,,Fee Schedule,". ",9.75,,,,,,,Fee Schedule,"100% of RBRVS. ",15.78,50,,,,,0,percent of total billed charges,50 percent of billed charges; No services were performed during the 15 month look back period.,20.514,65,,,,,0,percent of total billed charges,65% of Billed Charges. Lesser of 100% of billed charges applies.; No services were performed during the 15 month look back period.,20.514,65,,,,,0,percent of total billed charges,65% of Billed Charges. Lesser of 100% of billed charges applies.; No services were performed during the 15 month look back period.,20.514,65,,,,,0,percent of total billed charges,65% of Billed Charges. Lesser of 100% of billed charges applies.; No services were performed during the 15 month look back period.,20.514,65,,,,,0,percent of total billed charges,65% of Billed Charges. Lesser of 100% of billed charges applies.; No services were performed during the 15 month look back period.,20.514,65,,,,,0,percent of total billed charges,65% of Billed Charges. Lesser of 100% of billed charges applies.; No services were performed during the 15 month look back period.,20.514,65,,,,,0,percent of total billed charges,65% of Billed Charges. Lesser of 100% of billed charges applies.; No services were performed during the 15 month look back period.,9.75,,,,,,,Fee Schedule,"100% RBRVS FS. ",9.75,,,,,,,Fee Schedule,"100% RBRVS FS. ",20.514,65,,,,,0,percent of total billed charges,65% of Billed Charges. Lesser of 100% of billed charges applies.; No services were performed during the 15 month look back period.,24.6168,78,,,,,0,percent of total billed charges,78% of Billed Charges. Lesser of 100% of billed charges applies.; No services were performed during the 15 month look back period.,24.6168,78,,,,,0,percent of total billed charges,78% of Billed Charges. Lesser of 100% of billed charges applies.; No services were performed during the 15 month look back period.,24.6168,78,,,,,0,percent of total billed charges,78% of Billed Charges. Lesser of 100% of billed charges applies.; No services were performed during the 15 month look back period.,24.6168,78,,,,,0,percent of total billed charges,78% of Billed Charges. Lesser of 100% of billed charges applies.; No services were performed during the 15 month look back period.,24.6168,78,,,,,0,percent of total billed charges,78% of Billed Charges. Lesser of 100% of billed charges applies.; No services were performed during the 15 month look back period.,24.6168,78,,,,,0,percent of total billed charges,78% of Billed Charges. Lesser of 100% of billed charges applies.; No services were performed during the 15 month look back period.,24.6168,78,,,,,0,percent of total billed charges,78% of Billed Charges. Lesser of 100% of billed charges applies.; No services were performed during the 15 month look back period.,24.6168,78,,,,,0,percent of total billed charges,78% of Billed Charges. Lesser of 100% of billed charges applies.; No services were performed during the 15 month look back period.,24.6168,78,,,,,0,percent of total billed charges,78% of Billed Charges. Lesser of 100% of billed charges applies.; No services were performed during the 15 month look back period.,24.6168,78,,,,,0,percent of total billed charges,78% of Billed Charges. Lesser of 100% of billed charges applies.; No services were performed during the 15 month look back period.,24.6168,78,,,,,0,percent of total billed charges,78% of Billed Charges. Lesser of 100% of billed charges applies.; No services were performed during the 15 month look back period.,24.6168,78,,,,,0,percent of total billed charges,78% of Billed Charges. Lesser of 100% of billed charges applies.; No services were performed during the 15 month look back period.,24.6168,78,,,,,0,percent of total billed charges,78% of Billed Charges. Lesser of 100% of billed charges applies.; No services were performed during the 15 month look back period.,24.6168,78,,,,,0,percent of total billed charges,78% of Billed Charges. Lesser of 100% of billed charges applies.; No services were performed during the 15 month look back period.,24.6168,78,,,,,0,percent of total billed charges,78% of Billed Charges. Lesser of 100% of billed charges applies.; No services were performed during the 15 month look back period.,24.6168,78,,,,,0,percent of total billed charges,78% of Billed Charges. Lesser of 100% of billed charges applies.; No services were performed during the 15 month look back period.,24.6168,78,,,,,0,percent of total billed charges,78% of Billed Charges. Lesser of 100% of billed charges applies.; No services were performed during the 15 month look back period.,24.6168,78,,,,,0,percent of total billed charges,78% of Billed Charges. Lesser of 100% of billed charges applies.; No services were performed during the 15 month look back period.,24.6168,78,,,,,0,percent of total billed charges,78% of Billed Charges. Lesser of 100% of billed charges applies.; No services were performed during the 15 month look back period.,24.6168,78,,,,,0,percent of total billed charges,78% of Billed Charges. Lesser of 100% of billed charges applies.; No services were performed during the 15 month look back period.,24.6168,78,,,,,0,percent of total billed charges,78% of Billed Charges. Lesser of 100% of billed charges applies.; No services were performed during the 15 month look back period.,24.6168,78,,,,,0,percent of total billed charges,78% of Billed Charges. Lesser of 100% of billed charges applies.; No services were performed during the 15 month look back period.,24.6168,78,,,,,0,percent of total billed charges,78% of Billed Charges. Lesser of 100% of billed charges applies.; No services were performed during the 15 month look back period.,24.6168,78,,,,,0,percent of total billed charges,78% of Billed Charges. Lesser of 100% of billed charges applies.; No services were performed during the 15 month look back period.,24.6168,78,,,,,0,percent of total billed charges,78% of Billed Charges. Lesser of 100% of billed charges applies.; No services were performed during the 15 month look back period.,24.6168,78,,,,,0,percent of total billed charges,78% of Billed Charges. Lesser of 100% of billed charges applies.; No services were performed during the 15 month look back period.,23.0388,73,,,,,0,percent of total billed charges,73 percent of billed charges; No services were performed during the 15 month look back period.,23.0388,73,,,,,0,percent of total billed charges,73 percent of billed charges; No services were performed during the 15 month look back period.,23.0388,73,,,,,0,percent of total billed charges,73 percent of billed charges; No services were performed during the 15 month look back period.,23.0388,73,,,,,0,percent of total billed charges,73 percent of billed charges; No services were performed during the 15 month look back period.,25.248,80,,,,,0,percent of total billed charges,80 percent of billed charges; No services were performed during the 15 month look back period.,25.248,80,,,,,0,percent of total billed charges,80 percent of billed charges; No services were performed during the 15 month look back period.,18.936,60,,,,,0,percent of total billed charges,60 percent of billed charges; No services were performed during the 15 month look back period.,20.514,65,,,,,0,percent of total billed charges,65% of Billed Charges. Lesser of 100% of billed charges applies.; No services were performed during the 15 month look back period.,86.61,,,,,,,Fee Schedule,". ",20.514,65,,,,,0,percent of total billed charges,65% of Billed Charges. Lesser of 100% of billed charges applies.; No services were performed during the 15 month look back period.,24.6168,78,,,,,0,percent of total billed charges,78% of Billed Charges. Lesser of 100% of billed charges applies.; No services were performed during the 15 month look back period.,25.248,80,,,,,0,percent of total billed charges,80 percent of billed charges; No services were performed during the 15 month look back period.,20.514,65,,,,,0,percent of total billed charges,65% of Billed Charges. Lesser of 100% of billed charges applies.; No services were performed during the 15 month look back period.,86.61,,,,,,,Fee Schedule,". ",18.936,60,,,,,0,percent of total billed charges,60 percent of billed charges; No services were performed during the 15 month look back period.,,,,,,,,,"NA. ",24.6168,78,,,,,0,percent of total billed charges,78% of Billed Charges. Lesser of 100% of billed charges applies.; No services were performed during the 15 month look back period.,16.47,,,,,,,Case Rate,"100 Percent of Medicaid APG. ",23.0388,73,,,,,0,percent of total billed charges,73 percent of billed charges; No services were performed during the 15 month look back period.,16.47,,,,,,,Case Rate,"100 Percent of Medicaid APG. Not APG payable, or payable under another fee schedule like ASP/AWP pays at 30% of charges",9.75,,,,,,,Fee Schedule,"100% RBRVS FS. ",9.75,,,,,,,Fee Schedule,"100% RBRVS FS. ",15.78,50,,,,,0,percent of total billed charges,50 percent of billed charges; No services were performed during the 15 month look back period.,9.75,,,,,,,Fee Schedule,"100% RBRVS FS. ",9.75,,,,,,,Fee Schedule,"100% RBRVS FS. ",16.47,,,,,,,Case Rate,"100 Percent of Medicaid APG. ",9.75,,,,,,,Fee Schedule,"100% RBRVS FS. ",9.75,,,,,,,Fee Schedule,"100% RBRVS FS. ",18.936,60,,,,,0,percent of total billed charges,60 percent of billed charges; No services were performed during the 15 month look back period.,18.936,60,,,,,0,percent of total billed charges,60 percent of billed charges; No services were performed during the 15 month look back period.,9.75,,,,,,,Fee Schedule,"100% RBRVS FS. ",18.936,60,,,,,0,percent of total billed charges,60 percent of billed charges; No services were performed during the 15 month look back period.,86.61,,,,,,,Fee Schedule,". ",86.61,,,,,,,Fee Schedule,". ",9.75,,,,,,,Fee Schedule,"100% RBRVS FS. ",18.936,60,,,,,0,percent of total billed charges,60 percent of billed charges; No services were performed during the 15 month look back period.,18.936,60,,,,,0,percent of total billed charges,60 percent of billed charges; No services were performed during the 15 month look back period.,18.936,60,,,,,0,percent of total billed charges,60 percent of billed charges; No services were performed during the 15 month look back period.,18.936,60,,,,,0,percent of total billed charges,60 percent of billed charges; No services were performed during the 15 month look back period.,24.6168,78,,,,,0,percent of total billed charges,78% of Billed Charges. Lesser of 100% of billed charges applies.; No services were performed during the 15 month look back period.,24.6168,78,,,,,0,percent of total billed charges,78% of Billed Charges. Lesser of 100% of billed charges applies.; No services were performed during the 15 month look back period.,24.6168,78,,,,,0,percent of total billed charges,78% of Billed Charges. Lesser of 100% of billed charges applies.; No services were performed during the 15 month look back period.,24.6168,78,,,,,0,percent of total billed charges,78% of Billed Charges. Lesser of 100% of billed charges applies.; No services were performed during the 15 month look back period.,24.6168,78,,,,,0,percent of total billed charges,78% of Billed Charges. Lesser of 100% of billed charges applies.; No services were performed during the 15 month look back period.,24.6168,78,,,,,0,percent of total billed charges,78% of Billed Charges. Lesser of 100% of billed charges applies.; No services were performed during the 15 month look back period.,24.6168,78,,,,,0,percent of total billed charges,78% of Billed Charges. Lesser of 100% of billed charges applies.; No services were performed during the 15 month look back period.,24.6168,78,,,,,0,percent of total billed charges,78% of Billed Charges. Lesser of 100% of billed charges applies.; No services were performed during the 15 month look back period.,24.6168,78,,,,,0,percent of total billed charges,78% of Billed Charges. Lesser of 100% of billed charges applies.; No services were performed during the 15 month look back period.,24.6168,78,,,,,0,percent of total billed charges,78% of Billed Charges. Lesser of 100% of billed charges applies.; No services were performed during the 15 month look back period.,24.6168,78,,,,,0,percent of total billed charges,78% of Billed Charges. Lesser of 100% of billed charges applies.; No services were performed during the 15 month look back period.,25.248,80,,,,,0,percent of total billed charges,80 percent of billed charges; No services were performed during the 15 month look back period.,20.514,65,,,,,0,percent of total billed charges,65% of Billed Charges. Lesser of 100% of billed charges applies.; No services were performed during the 15 month look back period.,18.936,60,,,,,0,percent of total billed charges,60 percent of billed charges; No services were performed during the 15 month look back period.,9.75,,,,,,,Fee Schedule,"100% RBRVS FS. ",18.936,60,,,,,0,percent of total billed charges,60 percent of billed charges; No services were performed during the 15 month look back period.,18.936,60,,,,,0,percent of total billed charges,60 percent of billed charges; No services were performed during the 15 month look back period.,18.936,60,,,,,0,percent of total billed charges,60 percent of billed charges; No services were performed during the 15 month look back period.,24.6168,78,,,,,0,percent of total billed charges,78% of Billed Charges. Lesser of 100% of billed charges applies.; No services were performed during the 15 month look back period.,35.25,,,,,,,Case Rate,"141 Percent of current Medicare RBRVS FeeSched. ",18.936,60,,,,,0,percent of total billed charges,60 percent of billed charges; No services were performed during the 15 month look back period.,16.47,,,,,,,Case Rate,"100 Percent of Medicaid APG. ",9.75,,,,,,,Fee Schedule,"100% RBRVS FS. ",9.75,,,,,,,Fee Schedule,"100% RBRVS FS. ",9.75,,,,,,,Fee Schedule,"100% RBRVS FS. ",9.75,,,,,,,Fee Schedule,"100% RBRVS FS. ",9.75,,,,,,,Fee Schedule,"100% RBRVS FS. ",9.75,,,,,,,Fee Schedule,"100% RBRVS FS. ",18.936,60,,,,,0,percent of total billed charges,60 percent of billed charges; No services were performed during the 15 month look back period.,15.78,50,,,,,0,percent of total billed charges,50 percent of billed charges; No services were performed during the 15 month look back period.,15.87,,,,,,,Fee Schedule,"160 Percent of Medicare RBRVS. ",15.87,,,,,,,Fee Schedule,"160 Percent of Medicare RBRVS. ",15.87,,,,,,,Fee Schedule,"160 Percent of Medicare RBRVS. ",15.87,,,,,,,Fee Schedule,"160 Percent of Medicare RBRVS. ",15.87,,,,,,,Fee Schedule,"160 Percent of Medicare RBRVS. ",,,,,,,,,"NA. ",15.78,50,,,,,0,percent of total billed charges,50 percent of billed charges; No services were performed during the 15 month look back period.,13.75,,,,,,,Fee Schedule,141 Percent of current Medicare RBRVS fee schedule. Metroplus will reimburse unlisted codes and described codes with no Medicare rate at 50 percent of charges.,13.75,,,,,,,Fee Schedule,141 Percent of current Medicare RBRVS fee schedule. Metroplus will reimburse unlisted codes and described codes with no Medicare rate at 50 percent of charges.,13.75,,,,,,,Fee Schedule,141 Percent of current Medicare RBRVS fee schedule. Metroplus will reimburse unlisted codes and described codes with no Medicare rate at 50 percent of charges.,13.75,,,,,,,Fee Schedule,141 Percent of current Medicare RBRVS fee schedule. Metroplus will reimburse unlisted codes and described codes with no Medicare rate at 50 percent of charges.,13.75,,,,,,,Fee Schedule,141 Percent of current Medicare RBRVS fee schedule. Metroplus will reimburse unlisted codes and described codes with no Medicare rate at 50 percent of charges.,9.75,,,,,,,Fee Schedule,"100% RBRVS FS. ",25.248,80,,,,,0,percent of total billed charges,80 percent of billed charges; No services were performed during the 15 month look back period.,25.248,80,,,,,0,percent of total billed charges,80 percent of billed charges; No services were performed during the 15 month look back period.,25.248,80,,,,,0,percent of total billed charges,80 percent of billed charges; No services were performed during the 15 month look back period.,25.248,80,,,,,0,percent of total billed charges,80 percent of billed charges; No services were performed during the 15 month look back period.,18.936,60,,,,,0,percent of total billed charges,60 percent of billed charges; No services were performed during the 15 month look back period.,18.936,60,,,,,0,percent of total billed charges,60 percent of billed charges; No services were performed during the 15 month look back period.,18.936,60,,,,,0,percent of total billed charges,60 percent of billed charges; No services were performed during the 15 month look back period.,18.936,60,,,,,0,percent of total billed charges,60 percent of billed charges; No services were performed during the 15 month look back period.,15.78,50,,,,,0,percent of total billed charges,50 percent of billed charges; No services were performed during the 15 month look back period.,15.78,50,,,,,0,percent of total billed charges,50 percent of billed charges; No services were performed during the 15 month look back period.,9.75,,,,,,,Fee Schedule,"100% RBRVS FS. ",9.75,,,,,,,Fee Schedule,"100% RBRVS FS. ",9.75,,,,,,,Fee Schedule,"100% RBRVS FS. ",20.514,65,,,,,0,percent of total billed charges,65% of Billed Charges. Lesser of 100% of billed charges applies.; No services were performed during the 15 month look back period.,20.514,65,,,,,0,percent of total billed charges,65% of Billed Charges. Lesser of 100% of billed charges applies.; No services were performed during the 15 month look back period.,20.514,65,,,,,0,percent of total billed charges,65% of Billed Charges. Lesser of 100% of billed charges applies.; No services were performed during the 15 month look back period.,15.78,50,,,,,0,percent of total billed charges,50 percent of billed charges; No services were performed during the 15 month look back period.,18.936,60,,,,,0,percent of total billed charges,60 percent of billed charges; No services were performed during the 15 month look back period.,9.75,,,,,,,Fee Schedule,"100% RBRVS FS. ",20.514,65,,,,,0,percent of total billed charges,65% of Billed Charges. Lesser of 100% of billed charges applies.; No services were performed during the 15 month look back period.,16.47,,,,,,,Case Rate,"100 Percent of Medicaid APG. ",9.95,,,,,,,Fee Schedule,"102% of RBRVS. ",9.95,,,,,,,Fee Schedule,"102% of RBRVS. ",9.95,,,,,,,Fee Schedule,"102% of RBRVS. ",8.93,,,,,,,Fee schedule,"90 Percent of Medicare RBRVS. ",37.06,,,,,,,Fee Schedule,225% of NYS APG. Lesser of 100% of billed charges applies.,37.06,,,,,,,Fee Schedule,225% of NYS APG. Lesser of 100% of billed charges applies.,37.06,,,,,,,Fee Schedule,225% of NYS APG. Lesser of 100% of billed charges applies.,37.06,,,,,,,Fee Schedule,225% of NYS APG. Lesser of 100% of billed charges applies.,37.06,,,,,,,Fee Schedule,225% of NYS APG. Lesser of 100% of billed charges applies.,9.95,,,,,,,Fee Schedule,"102% of RBRVS. ",16.47,,,,,,,Case Rate,"100 Percent of Medicaid APG. ",8.93,,,,,,,Fee Schedule,90 Percent of Medicare RBRVS. Lesser of 100% of billed charges applies.,37.06,,,,,,,Fee Schedule,225% of NYS APG. Lesser of 100% of billed charges applies.,37.06,,,,,,,Fee Schedule,225% of NYS APG. Lesser of 100% of billed charges applies.,8.93,,,,,,,Fee Schedule,90 Percent of Medicare RBRVS. Lesser of 100% of billed charges applies.,8.93,,,,,,,Fee Schedule,90 Percent of Medicare RBRVS. Lesser of 100% of billed charges applies.,15.87,,,,,,,Fee Schedule,"160 Percent of Medicare RBRVS. ",9.75,,,,,,,Fee Schedule,"100% RBRVS FS. ",9.75,,,,,,,Fee Schedule,"100% RBRVS FS. ",18.936,60,,,,,0,percent of total billed charges,60 percent of billed charges; No services were performed during the 15 month look back period.,9.75,,,,,,,Fee Schedule,"100% RBRVS FS. ",37.06,,,,,,,Fee Schedule,"225 Percent of Medicaid APG. ",37.06,,,,,,,Fee Schedule,"225 Percent of Medicaid APG. ",8.93,,,,,,,Fee schedule,"90 Percent of Medicare RBRVS. ",8.93,,,,,,,Fee schedule,"90 Percent of Medicare RBRVS. ",37.06,,,,,,,Case Rate,225 Percent of Medicaid APG. Covered services not payable under Medicaid Fee Schedules default to a payment of 87.5 percent of charges.,8.93,,,,,,,Fee schedule,90 Percent of Medicare RBRVS. Covered services not payable under Medicaid Fee Schedules default to a payment of 50 percent of charges.,37.06,,,,,,,Case Rate,"100 Percent of Medicaid APG. ",37.06,,,,,,,Case Rate,"100 Percent of Medicaid APG. ",37.06,,,,,,,Case Rate,"100 Percent of Medicaid APG. ",37.06,,,,,,,Case Rate,"100 Percent of Medicaid APG. ",,,,,,,,,,15.78,50,,,,,0,percent of total billed charges,50 percent of billed charges; No services were performed during the 15 month look back period.,19.77,,,,,,,Case Rate,"120 Percent of Medicaid APG. Not APG payable, or payable under another fee schedule like ASP/AWP pays at 30% of charges",19.77,,,,,,,Case Rate,"120 Percent of Medicaid APG. Not APG payable, or payable under another fee schedule like ASP/AWP pays at 30% of charges",16.47,,,,,,,Case Rate,"100 Percent of Medicaid APG. Not APG payable, or payable under another fee schedule like ASP/AWP pays at 30% of charges",16.47,,,,,,,Case Rate,"100 Percent of Medicaid APG. Not APG payable, or payable under another fee schedule like ASP/AWP pays at 30% of charges",20.514,65,,,,,0,percent of total billed charges,65% of Billed Charges. Lesser of 100% of billed charges applies.; No services were performed during the 15 month look back period.,20.514,65,,,,,0,percent of total billed charges,65% of Billed Charges. Lesser of 100% of billed charges applies.; No services were performed during the 15 month look back period.,9.75,,,,,,,Fee Schedule,"100% RBRVS FS. ",20.514,65,,,,,0,percent of total billed charges,65% of Billed Charges. Lesser of 100% of billed charges applies.; No services were performed during the 15 month look back period.,20.514,65,,,,,0,percent of total billed charges,65% of Billed Charges. Lesser of 100% of billed charges applies.; No services were performed during the 15 month look back period.,20.514,65,,,,,0,percent of total billed charges,65% of Billed Charges. Lesser of 100% of billed charges applies.; No services were performed during the 15 month look back period.,20.514,65,,,,,0,percent of total billed charges,65% of Billed Charges. Lesser of 100% of billed charges applies.; No services were performed during the 15 month look back period.,9.75,,,,,,,Fee Schedule,"100% RBRVS FS. ",20.514,65,,,,,0,percent of total billed charges,65% of Billed Charges. Lesser of 100% of billed charges applies.; No services were performed during the 15 month look back period.,20.514,65,,,,,0,percent of total billed charges,65% of Billed Charges. Lesser of 100% of billed charges applies.; No services were performed during the 15 month look back period.,18.936,60,,,,,0,percent of total billed charges,60 percent of billed charges; No services were performed during the 15 month look back period.,9.92,,,,,,,Fee Schedule,100% of RBRVS. Lesser of 100% of billed charges applies.,8.93,,,,,,,Fee schedule,90 Percent of Medicare RBRVS. Covered services not payable under Medicaid Fee Schedules default to a payment of 50 percent of charges.,37.06,,,,,,,Fee Schedule,225% of NYS APG. Lesser of 100% of billed charges applies.,37.06,,,,,,,Case Rate,225 Percent of Medicaid APG. Covered services not payable under Medicaid Fee Schedules default to a payment of 87.5 percent of charges.,8.93,,,,,,,Fee schedule,90 Percent of Medicare RBRVS. Covered services not payable under Medicaid Fee Schedules default to a payment of 50 percent of charges.,37.06,,,,,,,Fee Schedule,225% of NYS APG. Lesser of 100% of billed charges applies.,37.06,,,,,,,Fee Schedule,225% of NYS APG. Lesser of 100% of billed charges applies.,37.06,,,,,,,Fee Schedule,225% of NYS APG. Lesser of 100% of billed charges applies.,37.06,,,,,,,Fee Schedule,225% of NYS APG. Lesser of 100% of billed charges applies.,37.06,,,,,,,Fee Schedule,225% of NYS APG. Lesser of 100% of billed charges applies.,37.06,,,,,,,Fee Schedule,225% of NYS APG. Lesser of 100% of billed charges applies.,,,,,,,,,"NA. ",,,,,,,,,"NA. ",,,,,,,,,"NA. ",18.936,60,,,,,0,percent of total billed charges,60 percent of billed charges; No services were performed during the 15 month look back period.,,,,,,,,,"NA. ",9.75,,,,,,,Fee Schedule,"100% RBRVS FS. ",13,,,,,,,Fee Schedule,"100 % 1199 Fee Schedule. ",9.75,,,,,,,Fee Schedule,"100% RBRVS FS. ",9.75,,,,,,,Fee Schedule,"100% RBRVS FS. ",19.77,,,,,,,Case Rate,"120 Percent of Medicaid APG. Not APG payable, or payable under another fee schedule like ASP/AWP pays at 30% of charges",19.77,,,,,,,Case Rate,"120 Percent of Medicaid APG. Not APG payable, or payable under another fee schedule like ASP/AWP pays at 30% of charges",16.47,,,,,,,Case Rate,"100 Percent of Medicaid APG. Not APG payable, or payable under another fee schedule like ASP/AWP pays at 30% of charges",16.47,,,,,,,Case Rate,"100 Percent of Medicaid APG. Not APG payable, or payable under another fee schedule like ASP/AWP pays at 30% of charges",16.47,,,,,,,Case Rate,"100 Percent of Medicaid APG. ",23.0388,73,,,,,0,percent of total billed charges,73 percent of billed charges; No services were performed during the 15 month look back period.,18.936,60,,,,,0,percent of total billed charges,60 percent of billed charges; No services were performed during the 15 month look back period.,23.0388,73,,,,,0,percent of total billed charges,73 percent of billed charges; No services were performed during the 15 month look back period.,18.936,60,,,,,0,percent of total billed charges,60 percent of billed charges; No services were performed during the 15 month look back period.,9.75,,,,,,,Fee Schedule,"100% RBRVS FS. ",9.75,,,,,,,Fee Schedule,"100% RBRVS FS. ",9.75,,,,,,,Fee Schedule,"100% RBRVS FS. ",9.75,,,,,,,Fee Schedule,"100% RBRVS FS. ",9.75,,,,,,,Fee Schedule,"100% RBRVS FS. ",9.75,,,,,,,Fee Schedule,"100% RBRVS FS. ",,,,,,,,,"NA. ",37.06,,,,,,,Fee Schedule,225% of NYS APG. Lesser of 100% of billed charges applies.,8.93,,,,,,,Fee Schedule,90 Percent of Medicare RBRVS. Lesser of 100% of billed charges applies.,20.514,65,,,,,0,percent of total billed charges,65% of Billed Charges. Lesser of 100% of billed charges applies.; No services were performed during the 15 month look back period.,23.0388,73,,,,,0,percent of total billed charges,73 percent of billed charges; No services were performed during the 15 month look back period.,23.0388,73,,,,,0,percent of total billed charges,73 percent of billed charges; No services were performed during the 15 month look back period.,23.0388,73,,,,,0,percent of total billed charges,73 percent of billed charges; No services were performed during the 15 month look back period.,23.0388,73,,,,,0,percent of total billed charges,73 percent of billed charges; No services were performed during the 15 month look back period.,9.75,,,,,,,Fee Schedule,"100% RBRVS FS. ",16.47,,,,,,,Case Rate,"100 Percent of Medicaid APG. ",20.514,65,,,,,0,percent of total billed charges,65% of Billed Charges. Lesser of 100% of billed charges applies.; No services were performed during the 15 month look back period.,16.47,,,,,,,Case Rate,"100 Percent of Medicaid APG. ",9.75,,,,,,,Fee Schedule,"100% RBRVS FS. ",16.47,,,,,,,Case Rate,"100 Percent of Medicaid APG. ",9.75,,,,,,,Fee Schedule,"100% RBRVS FS. ",9.75,,,,,,,Fee Schedule,"100% RBRVS FS. ",16.47,,,,,,,Case Rate,"100 Percent of Medicaid APG. ",16.47,,,,,,,Case Rate,"100 Percent of Medicaid APG. ",23.0388,73,,,,,0,percent of total billed charges,73 percent of billed charges; No services were performed during the 15 month look back period.,18.936,60,,,,,0,percent of total billed charges,60 percent of billed charges; No services were performed during the 15 month look back period.,24.6168,78,,,,,0,percent of total billed charges,78% of Billed Charges. Lesser of 100% of billed charges applies.; No services were performed during the 15 month look back period.,86.61,,,,,,,Fee Schedule,". ",86.61,,,,,,,Fee Schedule,". ",18.936,60,,,,,0,percent of total billed charges,60 percent of billed charges; No services were performed during the 15 month look back period.,9.56,,,,,,,Fee Schedule,"98% of RBRVS. ",25.248,80,,,,,0,percent of total billed charges,80 percent of billed charges; No services were performed during the 15 month look back period.,25.248,80,,,,,0,percent of total billed charges,80 percent of billed charges; No services were performed during the 15 month look back period.,16.4112,52,,,,,0,percent of total billed charges,52% of Billed Charges. Lesser of 100% of billed charges applies.; No services were performed during the 15 month look back period.,16.4112,52,,,,,0,percent of total billed charges,52% of Billed Charges. Lesser of 100% of billed charges applies.; No services were performed during the 15 month look back period.,9.75,,,,,,,Fee Schedule,"100% RBRVS FS. ",9.75,,,,,,,Fee Schedule,"100% RBRVS FS. ",9.75,,,,,,,Fee Schedule,"100% RBRVS FS. ",9.75,,,,,,,Fee Schedule,"100% RBRVS FS. ",86.61,,,,,,,Fee Schedule,". ",20.514,65,,,,,0,percent of total billed charges,65% of Billed Charges. Lesser of 100% of billed charges applies.; No services were performed during the 15 month look back period.,20.514,65,,,,,0,percent of total billed charges,65% of Billed Charges. Lesser of 100% of billed charges applies.; No services were performed during the 15 month look back period.,9.75,,,,,,,Fee Schedule,"100% RBRVS FS. ",16.4112,52,,,,,0,percent of total billed charges,52% of Billed Charges. Lesser of 100% of billed charges applies.; No services were performed during the 15 month look back period.,23.0388,73,,,,,0,percent of total billed charges,73 percent of billed charges; No services were performed during the 15 month look back period.,19.77,,,,,,,Fee Schedule,"120 Percent of Medicaid APG. ",16.47,,,,,,,Case Rate,"100 Percent of Medicaid APG. ",23.0388,73,,,,,0,percent of total billed charges,73 percent of billed charges; No services were performed during the 15 month look back period.,18.6204,59,,,,,0,percent of total billed charges,59% of Billed Charges. Lesser of 100% of billed charges applies.; No services were performed during the 15 month look back period.,18.6204,59,,,,,0,percent of total billed charges,59% of Billed Charges. Lesser of 100% of billed charges applies.; No services were performed during the 15 month look back period.,20.514,65,,,,,0,percent of total billed charges,65% of Billed Charges. Lesser of 100% of billed charges applies.; No services were performed during the 15 month look back period.,15.78,50,,,,,0,percent of total billed charges,50 percent of billed charges; No services were performed during the 15 month look back period.,9.75,,,,,,,Fee Schedule,"100% RBRVS FS. ",17.3,,,,,,,Fee Schedule,105 percent of Medicaid APG. otherwise 105% of Ordered NYS MCD FS or 105% of ASP+6%,17.3,,,,,,,Fee Schedule,105 percent of Medicaid APG. otherwise 105% of Ordered NYS MCD FS or 105% of ASP+6%,17.3,,,,,,,Fee Schedule,105 percent of Medicaid APG. otherwise 105% of Ordered NYS MCD FS or 105% of ASP+6%,22.24,,,,,,,Fee Schedule,135 percent of Medicaid APG. otherwise 135% of Ordered NYS MCD FS or 135% of ASP+6%,86.61,,,,,,,Fee Schedule,". ",17.3,,,,,,,Fee Schedule,105 percent of Medicaid APG. otherwise 105% of Ordered NYS MCD FS or 105% of ASP+6%,17.3,,,,,,,Fee Schedule,105 percent of Medicaid APG. otherwise 105% of Ordered NYS MCD FS or 105% of ASP+6%,17.3,,,,,,,Fee Schedule,105 percent of Medicaid APG. otherwise 105% of Ordered NYS MCD FS or 105% of ASP+6%,17.3,,,,,,,Fee Schedule,105 percent of Medicaid APG. otherwise 105% of Ordered NYS MCD FS or 105% of ASP+6%,17.3,,,,,,,Fee Schedule,105 percent of Medicaid APG. otherwise 105% of Ordered NYS MCD FS or 105% of ASP+6%,22.24,,,,,,,Fee Schedule,135 percent of Medicaid APG. otherwise 135% of Ordered NYS MCD FS or 135% of ASP+6%,22.24,,,,,,,Fee Schedule,135 percent of Medicaid APG. otherwise 135% of Ordered NYS MCD FS or 135% of ASP+6%,9.75,,,,,,,Fee Schedule,"100% RBRVS FS. ",86.61,,,,,,,Fee Schedule,". ",9.75,,,,,,,Fee Schedule,"100% RBRVS FS. ",17.3,,,,,,,Fee Schedule,105 percent of Medicaid APG. otherwise 105% of Ordered NYS MCD FS or 105% of ASP+6%,20.514,65,,,,,0,percent of total billed charges,65% of Billed Charges. Lesser of 100% of billed charges applies.; No services were performed during the 15 month look back period.,9.75,,,,,,,Fee Schedule,"100% RBRVS FS. ",20.514,65,,,,,0,percent of total billed charges,65% of Billed Charges. Lesser of 100% of billed charges applies.; No services were performed during the 15 month look back period.,20.514,65,,,,,0,percent of total billed charges,65% of Billed Charges. Lesser of 100% of billed charges applies.; No services were performed during the 15 month look back period.,20.514,65,,,,,0,percent of total billed charges,65% of Billed Charges. Lesser of 100% of billed charges applies.; No services were performed during the 15 month look back period.,17.3,,,,,,,Fee Schedule,105 percent of Medicaid APG. otherwise 105% of Ordered NYS MCD FS or 105% of ASP+6%,9.75,,,,,,,Fee Schedule,"100% RBRVS FS. ",20.514,65,,,,,0,percent of total billed charges,65% of Billed Charges. Lesser of 100% of billed charges applies.; No services were performed during the 15 month look back period.,22.24,,,,,,,Fee Schedule,135 percent of Medicaid APG. otherwise 135% of Ordered NYS MCD FS or 135% of ASP+6%,20.514,65,,,,,0,percent of total billed charges,65% of Billed Charges. Lesser of 100% of billed charges applies.; No services were performed during the 15 month look back period.,14.63,,,,,,,Fee Schedule,"150% of RBRVS. ",9.75,,,,,,,Fee Schedule,"100% RBRVS FS. ",23.0388,73,,,,,0,percent of total billed charges,73 percent of billed charges; No services were performed during the 15 month look back period.,23.0388,73,,,,,0,percent of total billed charges,73 percent of billed charges; No services were performed during the 15 month look back period.,23.0388,73,,,,,0,percent of total billed charges,73 percent of billed charges; No services were performed during the 15 month look back period.,23.0388,73,,,,,0,percent of total billed charges,73 percent of billed charges; No services were performed during the 15 month look back period.,23.0388,73,,,,,0,percent of total billed charges,73 percent of billed charges; No services were performed during the 15 month look back period.,23.0388,73,,,,,0,percent of total billed charges,73 percent of billed charges; No services were performed during the 15 month look back period.,23.0388,73,,,,,0,percent of total billed charges,73 percent of billed charges; No services were performed during the 15 month look back period.,23.0388,73,,,,,0,percent of total billed charges,73 percent of billed charges; No services were performed during the 15 month look back period.,23.0388,73,,,,,0,percent of total billed charges,73 percent of billed charges; No services were performed during the 15 month look back period.,23.0388,73,,,,,0,percent of total billed charges,73 percent of billed charges; No services were performed during the 15 month look back period.,23.0388,73,,,,,0,percent of total billed charges,73 percent of billed charges; No services were performed during the 15 month look back period.,23.0388,73,,,,,0,percent of total billed charges,73 percent of billed charges; No services were performed during the 15 month look back period.,9.75,,,,,,,Fee Schedule,"100% RBRVS FS. ",23.0388,73,,,,,0,percent of total billed charges,73 percent of billed charges; No services were performed during the 15 month look back period.,9.75,,,,,,,Fee Schedule,"100% RBRVS FS. ",37.06,,,,,,,Case Rate,"225 Percent of Medicaid APG. If not included in Medicaid APG, then 100 Percent of Manhattan Medicare",16.47,,,,,,,Case Rate,"100 Percent of Medicaid APG. ",86.61,,,,,,,Fee Schedule,". ",86.61,,,,,,,Fee Schedule,". ",9.75,,,,,,,Fee Schedule,"100% RBRVS FS. ",25.248,80,,,,,0,percent of total billed charges,80 percent of billed charges; No services were performed during the 15 month look back period.,9.75,,,,,,,Fee Schedule,"100% RBRVS FS. ",9.75,,,,,,,Fee Schedule,"100% RBRVS FS. ",18.936,60,,,,,0,percent of total billed charges,60 percent of billed charges; No services were performed during the 15 month look back period.,9.75,,,,,,,Fee Schedule,"100% RBRVS FS. ",18.936,60,,,,,0,percent of total billed charges,60 percent of billed charges; No services were performed during the 15 month look back period.,9.75,,,,,,,Fee Schedule,"100% RBRVS FS. ",18.936,60,,,,,0,percent of total billed charges,60 percent of billed charges; No services were performed during the 15 month look back period.,18.936,60,,,,,0,percent of total billed charges,60 percent of billed charges; No services were performed during the 15 month look back period.,18.936,60,,,,,0,percent of total billed charges,60 percent of billed charges; No services were performed during the 15 month look back period.,9.75,,,,,,,Fee Schedule,"100% RBRVS FS. ",16.47,,,,,,,Case Rate,"100 Percent of Medicaid APG. ",9.75,,,,,,,Fee Schedule,"100% RBRVS FS. ",18.936,60,,,,,0,percent of total billed charges,60 percent of billed charges; No services were performed during the 15 month look back period.,86.61,,,,,,,Fee Schedule,". ",16.47,,,,,,,Case Rate,"100 Percent of Medicaid APG. ",20.514,65,,,,,0,percent of total billed charges,65% of Billed Charges. Lesser of 100% of billed charges applies.; No services were performed during the 15 month look back period.,19.77,,,,,,,Fee Schedule,"120 Percent of Medicaid APG. ",19.77,,,,,,,Fee Schedule,"120 Percent of Medicaid APG. ",20.514,65,,,,,0,percent of total billed charges,65% of Billed Charges. Lesser of 100% of billed charges applies.; No services were performed during the 15 month look back period.,20.514,65,,,,,0,percent of total billed charges,65% of Billed Charges. Lesser of 100% of billed charges applies.; No services were performed during the 15 month look back period.,20.514,65,,,,,0,percent of total billed charges,65% of Billed Charges. Lesser of 100% of billed charges applies.; No services were performed during the 15 month look back period.,86.61,,,,,,,Fee Schedule,". ",20.514,65,,,,,0,percent of total billed charges,65% of Billed Charges. Lesser of 100% of billed charges applies.; No services were performed during the 15 month look back period.,20.514,65,,,,,0,percent of total billed charges,65% of Billed Charges. Lesser of 100% of billed charges applies.; No services were performed during the 15 month look back period.,20.514,65,,,,,0,percent of total billed charges,65% of Billed Charges. Lesser of 100% of billed charges applies.; No services were performed during the 15 month look back period.,23.0388,73,,,,,0,percent of total billed charges,73 percent of billed charges; No services were performed during the 15 month look back period.,23.0388,73,,,,,0,percent of total billed charges,73 percent of billed charges; No services were performed during the 15 month look back period.,13.75,,,,,,,Fee Schedule,141 Percent of current Medicare RBRVS fee schedule. Metroplus will reimburse unlisted codes and described codes with no Medicare rate at 50 percent of charges.,16.47,,,,,,,Case Rate,"100 Percent of Medicaid APG. ",86.61,,,,,,,Fee Schedule,". ",18.936,60,,,,,0,percent of total billed charges,60 percent of billed charges; No services were performed during the 15 month look back period.,18.936,60,,,,,0,percent of total billed charges,60 percent of billed charges; No services were performed during the 15 month look back period.,86.61,,,,,,,Fee Schedule,". ",18.936,60,,,,,0,percent of total billed charges,60 percent of billed charges; No services were performed during the 15 month look back period.,86.61,,,,,,,Fee Schedule,". ",20.514,65,,,,,0,percent of total billed charges,65% of Billed Charges. Lesser of 100% of billed charges applies.; No services were performed during the 15 month look back period.,20.514,65,,,,,0,percent of total billed charges,65% of Billed Charges. Lesser of 100% of billed charges applies.; No services were performed during the 15 month look back period.,20.514,65,,,,,0,percent of total billed charges,65% of Billed Charges. Lesser of 100% of billed charges applies.; No services were performed during the 15 month look back period.,20.514,65,,,,,0,percent of total billed charges,65% of Billed Charges. Lesser of 100% of billed charges applies.; No services were performed during the 15 month look back period.,9.75,,,,,,,Fee Schedule,"100% RBRVS FS. ",8.93,88.36,
J0133,HCPCS,5010003,LOCAL,636,RC,ACYCLOVIR INJECTION,0.77112,0.146513,Inpatient,ME,5,,,,,,,,,,,,,,,,,,,,0.231336,30,,,,,0,percent of total billed charges,30 Percent of charges; No services were performed during the 15 month look back period.,0.77112,100,,,,,0,percent of total billed charges,100 percent of charges; No services were performed during the 15 month look back period.,,,,,,,,,,0.231336,30,,,,,0,percent of total billed charges,30 Percent of charges; No services were performed during the 15 month look back period.,0.231336,30,,,,,0,percent of total billed charges,30 Percent of charges; No services were performed during the 15 month look back period.,0.231336,30,,,,,0,percent of total billed charges,30 Percent of charges; No services were performed during the 15 month look back period.,0.077112,10,,,,,0,percent of total billed charges,10 percent of charges; No services were performed during the 15 month look back period.,,,,,,,,,,0.562918,73,,,,,0,percent of total billed charges,73 percent of charges; No services were performed during the 15 month look back period.,0.077112,10,,,,,0,percent of total billed charges,10 percent of charges; No services were performed during the 15 month look back period.,,,,,,,,,,,,,,,,,,,0.246758,32,,,,,0,percent of total billed charges,32 pecent of charges; No services were performed during the 15 month look back period.,0.246758,32,,,,,0,percent of total billed charges,32 pecent of charges; No services were performed during the 15 month look back period.,0.246758,32,,,,,0,percent of total billed charges,32 pecent of charges; No services were performed during the 15 month look back period.,0.246758,32,,,,,0,percent of total billed charges,32 pecent of charges; No services were performed during the 15 month look back period.,,,,,,,,,,,,,,,,,,,,,,,,,,,,0.562918,73,,,,,0,percent of total billed charges,73 percent of charges; No services were performed during the 15 month look back period.,0.231336,30,,,,,0,percent of total billed charges,30 Percent of charges; No services were performed during the 15 month look back period.,0.308448,40,,,,,0,percent of total billed charges,40 percent of charges; No services were performed during the 15 month look back period.,0.223625,29,,,,,0,percent of total billed charges,29 percent of charges; No services were performed during the 15 month look back period.,0.308448,40,,,,,0,percent of total billed charges,40 percent of charges; No services were performed during the 15 month look back period.,0.308448,40,,,,,0,percent of total billed charges,40 percent of charges; No services were performed during the 15 month look back period.,0.562918,73,,,,,0,percent of total billed charges,73 percent of charges; No services were performed during the 15 month look back period.,,,,,,,,,,,,,,,,,,,,,,,,,,,,,,,,,,,,,0.223625,29,,,,,0,percent of total billed charges,29 percent of charges; No services were performed during the 15 month look back period.,0.223625,29,,,,,0,percent of total billed charges,29 percent of charges; No services were performed during the 15 month look back period.,0.223625,29,,,,,0,percent of total billed charges,29 percent of charges; No services were performed during the 15 month look back period.,0.223625,29,,,,,0,percent of total billed charges,29 percent of charges; No services were performed during the 15 month look back period.,0.223625,29,,,,,0,percent of total billed charges,29 percent of charges; No services were performed during the 15 month look back period.,0.223625,29,,,,,0,percent of total billed charges,29 percent of charges; No services were performed during the 15 month look back period.,0.223625,29,,,,,0,percent of total billed charges,29 percent of charges; No services were performed during the 15 month look back period.,0.562918,73,,,,,0,percent of total billed charges,73 percent of charges; No services were performed during the 15 month look back period.,0.100246,13,,,,,0,percent of total billed charges,13 percent of charges; No services were performed during the 15 month look back period.,0.100246,13,,,,,0,percent of total billed charges,13 percent of charges; No services were performed during the 15 month look back period.,0.562918,73,,,,,0,percent of total billed charges,73 percent of charges; No services were performed during the 15 month look back period.,0.246758,32,,,,,0,percent of total billed charges,32 pecent of charges; No services were performed during the 15 month look back period.,0.077112,10,,,,,0,percent of total billed charges,10 percent of charges; No services were performed during the 15 month look back period.,0.077112,10,,,,,0,percent of total billed charges,10 percent of charges; No services were performed during the 15 month look back period.,0.562918,73,,,,,0,percent of total billed charges,73 percent of charges; No services were performed during the 15 month look back period.,,,,,,,,,,0.077112,10,,,,,0,percent of total billed charges,10 percent of charges; No services were performed during the 15 month look back period.,0.077112,10,,,,,0,percent of total billed charges,10 percent of charges; No services were performed during the 15 month look back period.,0.077112,10,,,,,0,percent of total billed charges,10 percent of charges; No services were performed during the 15 month look back period.,,,,,,,,,,0.077112,10,,,,,0,percent of total billed charges,10 percent of charges; No services were performed during the 15 month look back period.,0.077112,10,,,,,0,percent of total billed charges,10 percent of charges; No services were performed during the 15 month look back period.,,,,,,,,,,0.185069,24,,,,,0,percent of total billed charges,24 percent of charges; No services were performed during the 15 month look back period.,,,,,,,,,,,,,,,,,,,,,,,,,,,,,,,,,,,,,,,,,,,,,,,,,,,,,,,,,,,,,,,,,,,,,,,,,,,,,,,,,,0.562918,73,,,,,0,percent of total billed charges,73 percent of charges; No services were performed during the 15 month look back period.,0.562918,73,,,,,0,percent of total billed charges,73 percent of charges; No services were performed during the 15 month look back period.,0.562918,73,,,,,0,percent of total billed charges,73 percent of charges; No services were performed during the 15 month look back period.,0.562918,73,,,,,0,percent of total billed charges,73 percent of charges; No services were performed during the 15 month look back period.,0.562918,73,,,,,0,percent of total billed charges,73 percent of charges; No services were performed during the 15 month look back period.,0.562918,73,,,,,0,percent of total billed charges,73 percent of charges; No services were performed during the 15 month look back period.,0.562918,73,,,,,0,percent of total billed charges,73 percent of charges; No services were performed during the 15 month look back period.,0.562918,73,,,,,0,percent of total billed charges,73 percent of charges; No services were performed during the 15 month look back period.,0.562918,73,,,,,0,percent of total billed charges,73 percent of charges; No services were performed during the 15 month look back period.,0.562918,73,,,,,0,percent of total billed charges,73 percent of charges; No services were performed during the 15 month look back period.,0.562918,73,,,,,0,percent of total billed charges,73 percent of charges; No services were performed during the 15 month look back period.,0.562918,73,,,,,0,percent of total billed charges,73 percent of charges; No services were performed during the 15 month look back period.,0.562918,73,,,,,0,percent of total billed charges,73 percent of charges; No services were performed during the 15 month look back period.,0.562918,73,,,,,0,percent of total billed charges,73 percent of charges; No services were performed during the 15 month look back period.,0.562918,73,,,,,0,percent of total billed charges,73 percent of charges; No services were performed during the 15 month look back period.,0.562918,73,,,,,0,percent of total billed charges,73 percent of charges; No services were performed during the 15 month look back period.,0.562918,73,,,,,0,percent of total billed charges,73 percent of charges; No services were performed during the 15 month look back period.,0.562918,73,,,,,0,percent of total billed charges,73 percent of charges; No services were performed during the 15 month look back period.,0.562918,73,,,,,0,percent of total billed charges,73 percent of charges; No services were performed during the 15 month look back period.,0.562918,73,,,,,0,percent of total billed charges,73 percent of charges; No services were performed during the 15 month look back period.,0.562918,73,,,,,0,percent of total billed charges,73 percent of charges; No services were performed during the 15 month look back period.,0.562918,73,,,,,0,percent of total billed charges,73 percent of charges; No services were performed during the 15 month look back period.,0.562918,73,,,,,0,percent of total billed charges,73 percent of charges; No services were performed during the 15 month look back period.,0.562918,73,,,,,0,percent of total billed charges,73 percent of charges; No services were performed during the 15 month look back period.,0.562918,73,,,,,0,percent of total billed charges,73 percent of charges; No services were performed during the 15 month look back period.,0.562918,73,,,,,0,percent of total billed charges,73 percent of charges; No services were performed during the 15 month look back period.,0.223625,29,,,,,0,percent of total billed charges,29 percent of charges; No services were performed during the 15 month look back period.,0.223625,29,,,,,0,percent of total billed charges,29 percent of charges; No services were performed during the 15 month look back period.,0.223625,29,,,,,0,percent of total billed charges,29 percent of charges; No services were performed during the 15 month look back period.,0.223625,29,,,,,0,percent of total billed charges,29 percent of charges; No services were performed during the 15 month look back period.,0.308448,40,,,,,0,percent of total billed charges,40 percent of charges; No services were performed during the 15 month look back period.,0.308448,40,,,,,0,percent of total billed charges,40 percent of charges; No services were performed during the 15 month look back period.,0.246758,32,,,,,0,percent of total billed charges,32 pecent of charges; No services were performed during the 15 month look back period.,,,,,,,,,,0.077112,10,,,,,0,percent of total billed charges,10 percent of charges; No services were performed during the 15 month look back period.,,,,,,,,,,0.562918,73,,,,,0,percent of total billed charges,73 percent of charges; No services were performed during the 15 month look back period.,0.308448,40,,,,,0,percent of total billed charges,40 percent of charges; No services were performed during the 15 month look back period.,,,,,,,,,,0.077112,10,,,,,0,percent of total billed charges,10 percent of charges; No services were performed during the 15 month look back period.,0.246758,32,,,,,0,percent of total billed charges,32 pecent of charges; No services were performed during the 15 month look back period.,,,,,,,,,,0.562918,73,,,,,0,percent of total billed charges,73 percent of charges; No services were performed during the 15 month look back period.,,,,,,,,,,0.223625,29,,,,,0,percent of total billed charges,29 percent of charges; No services were performed during the 15 month look back period.,0.223625,29,,,,,0,percent of total billed charges,29 percent of charges; No services were performed during the 15 month look back period.,0.223625,29,,,,,0,percent of total billed charges,29 percent of charges; No services were performed during the 15 month look back period.,,,,,,,,,,0.185069,24,,,,,0,percent of total billed charges,24 percent of charges; No services were performed during the 15 month look back period.,,,,,,,,,,,,,,,,,,,,,,,,,,,,,,,,,,,,,,,,,,,,,,0.231336,30,,,,,0,percent of total billed charges,30 Percent of charges; No services were performed during the 15 month look back period.,0.231336,30,,,,,0,percent of total billed charges,30 Percent of charges; No services were performed during the 15 month look back period.,,,,,,,,,,0.246758,32,,,,,0,percent of total billed charges,32 pecent of charges; No services were performed during the 15 month look back period.,0.077112,10,,,,,0,percent of total billed charges,10 percent of charges; No services were performed during the 15 month look back period.,0.077112,10,,,,,0,percent of total billed charges,10 percent of charges; No services were performed during the 15 month look back period.,,,,,,,,,,0.246758,32,,,,,0,percent of total billed charges,32 pecent of charges; No services were performed during the 15 month look back period.,0.231336,30,,,,,0,percent of total billed charges,30 Percent of charges; No services were performed during the 15 month look back period.,0.231336,30,,,,,0,percent of total billed charges,30 Percent of charges; No services were performed during the 15 month look back period.,0.231336,30,,,,,0,percent of total billed charges,30 Percent of charges; No services were performed during the 15 month look back period.,0.562918,73,,,,,0,percent of total billed charges,73 percent of charges; No services were performed during the 15 month look back period.,0.562918,73,,,,,0,percent of total billed charges,73 percent of charges; No services were performed during the 15 month look back period.,0.562918,73,,,,,0,percent of total billed charges,73 percent of charges; No services were performed during the 15 month look back period.,0.562918,73,,,,,0,percent of total billed charges,73 percent of charges; No services were performed during the 15 month look back period.,0.562918,73,,,,,0,percent of total billed charges,73 percent of charges; No services were performed during the 15 month look back period.,0.562918,73,,,,,0,percent of total billed charges,73 percent of charges; No services were performed during the 15 month look back period.,0.562918,73,,,,,0,percent of total billed charges,73 percent of charges; No services were performed during the 15 month look back period.,0.562918,73,,,,,0,percent of total billed charges,73 percent of charges; No services were performed during the 15 month look back period.,0.562918,73,,,,,0,percent of total billed charges,73 percent of charges; No services were performed during the 15 month look back period.,0.562918,73,,,,,0,percent of total billed charges,73 percent of charges; No services were performed during the 15 month look back period.,0.562918,73,,,,,0,percent of total billed charges,73 percent of charges; No services were performed during the 15 month look back period.,0.308448,40,,,,,0,percent of total billed charges,40 percent of charges; No services were performed during the 15 month look back period.,,,,,,,,,,0.246758,32,,,,,0,percent of total billed charges,32 pecent of charges; No services were performed during the 15 month look back period.,,,,,,,,,,0.231336,30,,,,,0,percent of total billed charges,30 Percent of charges; No services were performed during the 15 month look back period.,0.246758,32,,,,,0,percent of total billed charges,32 pecent of charges; No services were performed during the 15 month look back period.,0.246758,32,,,,,0,percent of total billed charges,32 pecent of charges; No services were performed during the 15 month look back period.,0.562918,73,,,,,0,percent of total billed charges,73 percent of charges; No services were performed during the 15 month look back period.,0.154224,20,,,,,0,percent of total billed charges,20 percent of charges; No services were performed during the 15 month look back period.,0.246758,32,,,,,0,percent of total billed charges,32 pecent of charges; No services were performed during the 15 month look back period.,,,,,,,,,,,,,,,,,,,,,,,,,,,,,,,,,,,,,,,,,,,,,,,,,,,,,,,,,,,,,,,,0.246758,32,,,,,0,percent of total billed charges,32 pecent of charges; No services were performed during the 15 month look back period.,0.185069,24,,,,,0,percent of total billed charges,24 percent of charges; No services were performed during the 15 month look back period.,,,,,,,,,,,,,,,,,,,,,,,,,,,,,,,,,,,,,,,,,,,,,,,,,,,,,,,0.185069,24,,,,,0,percent of total billed charges,24 percent of charges; No services were performed during the 15 month look back period.,0.239047,31,,,,,0,percent of total billed charges,31 percent of charges; No services were performed during the 15 month look back period.,0.239047,31,,,,,0,percent of total billed charges,31 percent of charges; No services were performed during the 15 month look back period.,0.239047,31,,,,,0,percent of total billed charges,31 percent of charges; No services were performed during the 15 month look back period.,0.239047,31,,,,,0,percent of total billed charges,31 percent of charges; No services were performed during the 15 month look back period.,0.239047,31,,,,,0,percent of total billed charges,31 percent of charges; No services were performed during the 15 month look back period.,,,,,,,,,,0.308448,40,,,,,0,percent of total billed charges,40 percent of charges; No services were performed during the 15 month look back period.,0.308448,40,,,,,0,percent of total billed charges,40 percent of charges; No services were performed during the 15 month look back period.,0.308448,40,,,,,0,percent of total billed charges,40 percent of charges; No services were performed during the 15 month look back period.,0.308448,40,,,,,0,percent of total billed charges,40 percent of charges; No services were performed during the 15 month look back period.,0.231336,30,,,,,0,percent of total billed charges,30 Percent of charges; No services were performed during the 15 month look back period.,0.231336,30,,,,,0,percent of total billed charges,30 Percent of charges; No services were performed during the 15 month look back period.,0.231336,30,,,,,0,percent of total billed charges,30 Percent of charges; No services were performed during the 15 month look back period.,0.231336,30,,,,,0,percent of total billed charges,30 Percent of charges; No services were performed during the 15 month look back period.,0.185069,24,,,,,0,percent of total billed charges,24 percent of charges; No services were performed during the 15 month look back period.,0.185069,24,,,,,0,percent of total billed charges,24 percent of charges; No services were performed during the 15 month look back period.,,,,,,,,,,,,,,,,,,,,,,,,,,,,,,,,,,,,,,,,,,,,,,,,,,,,,,,0.185069,24,,,,,0,percent of total billed charges,24 percent of charges; No services were performed during the 15 month look back period.,0.231336,30,,,,,0,percent of total billed charges,30 Percent of charges; No services were performed during the 15 month look back period.,,,,,,,,,,,,,,,,,,,,,,,,,,,,,,,,,,,,,,,,,,,,,,,,,,,,,,,,,,,,,,,,,,,,,,,,,,,,,,,,,,,,,,,,,,,,,,,,,,,,,,,,,,,,,,,,,,,,,,,,,,,,,,,,,,,,,,,,,,,,,,,,,,,,,,,,,,,,,,,,,,,,,,,,,,,,,,,,,,,,,,,,,,,,,,,,,,,,,,,0.231336,30,,,,,0,percent of total billed charges,30 Percent of charges; No services were performed during the 15 month look back period.,,,,,,,,,,,,,,,,,,,,,,,,,,,,,,,,,,,,,,,,,,,,,,,,,,,,,,,,,,,,,,,,0.077112,10,,,,,0,percent of total billed charges,10 percent of charges; No services were performed during the 15 month look back period.,0.077112,10,,,,,0,percent of total billed charges,10 percent of charges; No services were performed during the 15 month look back period.,0.077112,10,,,,,0,percent of total billed charges,10 percent of charges; No services were performed during the 15 month look back period.,0.077112,10,,,,,0,percent of total billed charges,10 percent of charges; No services were performed during the 15 month look back period.,,,,,,,,,,0.185069,24,,,,,0,percent of total billed charges,24 percent of charges; No services were performed during the 15 month look back period.,0.223625,29,,,,,0,percent of total billed charges,29 percent of charges; No services were performed during the 15 month look back period.,0.223625,29,,,,,0,percent of total billed charges,29 percent of charges; No services were performed during the 15 month look back period.,0.223625,29,,,,,0,percent of total billed charges,29 percent of charges; No services were performed during the 15 month look back period.,0.223625,29,,,,,0,percent of total billed charges,29 percent of charges; No services were performed during the 15 month look back period.,,,,,,,,,,,,,,,,,,,,,,,,,,,,,,,,,,,,,,,,,,,,,,,,,,,,,,,,,,,,,,,,,,,,,,,,,,,,,,,,,,,,,,,,,,,0.231336,30,,,,,0,percent of total billed charges,30 Percent of charges; No services were performed during the 15 month look back period.,,,,,,,,,,,,,,,,,,,,,,,,,,,,,,,,,,,,,,,,,,,,,,,,,,,,,,,,,,,,,,,,,,,,,,,,,,,,,,,,,,,,,,,,,,,,,,,,,,,,,,,,,,,,,,,,,,,,,,,,,,,,,,,0.246758,32,,,,,0,percent of total billed charges,32 pecent of charges; No services were performed during the 15 month look back period.,,,,,,,,,,,,,,,,,,,,,,,,,,,,,,,,,,,,,,,,,,,,,,0.223625,29,,,,,0,percent of total billed charges,29 percent of charges; No services were performed during the 15 month look back period.,0.223625,29,,,,,0,percent of total billed charges,29 percent of charges; No services were performed during the 15 month look back period.,0.223625,29,,,,,0,percent of total billed charges,29 percent of charges; No services were performed during the 15 month look back period.,0.223625,29,,,,,0,percent of total billed charges,29 percent of charges; No services were performed during the 15 month look back period.,,,,,,,,,,0.223625,29,,,,,0,percent of total billed charges,29 percent of charges; No services were performed during the 15 month look back period.,0.231336,30,,,,,0,percent of total billed charges,30 Percent of charges; No services were performed during the 15 month look back period.,0.223625,29,,,,,0,percent of total billed charges,29 percent of charges; No services were performed during the 15 month look back period.,0.246758,32,,,,,0,percent of total billed charges,32 pecent of charges; No services were performed during the 15 month look back period.,0.223625,29,,,,,0,percent of total billed charges,29 percent of charges; No services were performed during the 15 month look back period.,,,,,,,,,,,,,,,,,,,,,,,,,,,,0.223625,29,,,,,0,percent of total billed charges,29 percent of charges; No services were performed during the 15 month look back period.,,,,,,,,,,,,,,,,,,,,,,,,,,,,,,,,,,,,,,,,,,,,,,0.223625,29,,,,,0,percent of total billed charges,29 percent of charges; No services were performed during the 15 month look back period.,0.223625,29,,,,,0,percent of total billed charges,29 percent of charges; No services were performed during the 15 month look back period.,0.223625,29,,,,,0,percent of total billed charges,29 percent of charges; No services were performed during the 15 month look back period.,0.223625,29,,,,,0,percent of total billed charges,29 percent of charges; No services were performed during the 15 month look back period.,,,,,,,,,,,,,,,,,,,,,,,,,,,,,,,,,,,,,,,,,,,,,,,,,,,,,,,,,,,,,,,,,,,,,,,,,,,,,,,,,,,,,,,,,,,0.223625,29,,,,,0,percent of total billed charges,29 percent of charges; No services were performed during the 15 month look back period.,0.246758,32,,,,,0,percent of total billed charges,32 pecent of charges; No services were performed during the 15 month look back period.,0.562918,73,,,,,0,percent of total billed charges,73 percent of charges; No services were performed during the 15 month look back period.,0.077112,10,,,,,0,percent of total billed charges,10 percent of charges; No services were performed during the 15 month look back period.,0.077112,10,,,,,0,percent of total billed charges,10 percent of charges; No services were performed during the 15 month look back period.,0.231336,30,,,,,0,percent of total billed charges,30 Percent of charges; No services were performed during the 15 month look back period.,,,,,,,,,,0.308448,40,,,,,0,percent of total billed charges,40 percent of charges; No services were performed during the 15 month look back period.,0.308448,40,,,,,0,percent of total billed charges,40 percent of charges; No services were performed during the 15 month look back period.,,,,,,,,,,,,,,,,,,,,,,,,,,,,,,,,,,,,,,,,,,,,,,,,,,,,,,,0.077112,10,,,,,0,percent of total billed charges,10 percent of charges; No services were performed during the 15 month look back period.,,,,,,,,,,,,,,,,,,,,,,,,,,,,,,,,,,,,,0.223625,29,,,,,0,percent of total billed charges,29 percent of charges; No services were performed during the 15 month look back period.,,,,,,,,,,,,,,,,,,,0.223625,29,,,,,0,percent of total billed charges,29 percent of charges; No services were performed during the 15 month look back period.,,,,,,,,,,,,,,,,,,,,,,,,,,,,0.185069,24,,,,,0,percent of total billed charges,24 percent of charges; No services were performed during the 15 month look back period.,0.223625,29,,,,,0,percent of total billed charges,29 percent of charges; No services were performed during the 15 month look back period.,,,,,,,,,,,,,,,,,,,,,,,,,,,,,,,,,,,,,0.077112,10,,,,,0,percent of total billed charges,10 percent of charges; No services were performed during the 15 month look back period.,,,,,,,,,,,,,,,,,,,,,,,,,,,,,,,,,,,,,,,,,,,,,,,,,,,,,,,,,,,,,,,,,,,,,,,,,0.077112,10,,,,,0,percent of total billed charges,10 percent of charges; No services were performed during the 15 month look back period.,,,,,,,,,,,,,,,,,,,,,,,,,,,,,,,,,,,,,,,,,,,,,,,,,,,,,,,,,,,,,,,,,,,,,,,,,,,,,,,,,,,,,,,,,,,,,,,,,,,,,,,,,,,,,,,,,,,,,,0.223625,29,,,,,0,percent of total billed charges,29 percent of charges; No services were performed during the 15 month look back period.,0.223625,29,,,,,0,percent of total billed charges,29 percent of charges; No services were performed during the 15 month look back period.,0.223625,29,,,,,0,percent of total billed charges,29 percent of charges; No services were performed during the 15 month look back period.,0.223625,29,,,,,0,percent of total billed charges,29 percent of charges; No services were performed during the 15 month look back period.,0.223625,29,,,,,0,percent of total billed charges,29 percent of charges; No services were performed during the 15 month look back period.,0.223625,29,,,,,0,percent of total billed charges,29 percent of charges; No services were performed during the 15 month look back period.,0.223625,29,,,,,0,percent of total billed charges,29 percent of charges; No services were performed during the 15 month look back period.,0.223625,29,,,,,0,percent of total billed charges,29 percent of charges; No services were performed during the 15 month look back period.,0.223625,29,,,,,0,percent of total billed charges,29 percent of charges; No services were performed during the 15 month look back period.,0.223625,29,,,,,0,percent of total billed charges,29 percent of charges; No services were performed during the 15 month look back period.,0.223625,29,,,,,0,percent of total billed charges,29 percent of charges; No services were performed during the 15 month look back period.,0.223625,29,,,,,0,percent of total billed charges,29 percent of charges; No services were performed during the 15 month look back period.,0.223625,29,,,,,0,percent of total billed charges,29 percent of charges; No services were performed during the 15 month look back period.,,,,,,,,,,0.223625,29,,,,,0,percent of total billed charges,29 percent of charges; No services were performed during the 15 month look back period.,,,,,,,,,,0.146513,19,,,,,0,percent of total billed charges,19 percent of charges; No services were performed during the 15 month look back period.,0.100246,13,,,,,0,percent of total billed charges,13 percent of charges; No services were performed during the 15 month look back period.,0.077112,10,,,,,0,percent of total billed charges,10 percent of charges; No services were performed during the 15 month look back period.,0.077112,10,,,,,0,percent of total billed charges,10 percent of charges; No services were performed during the 15 month look back period.,,,,,,,,,,0.308448,40,,,,,0,percent of total billed charges,40 percent of charges; No services were performed during the 15 month look back period.,,,,,,,,,,,,,,,,,,,0.231336,30,,,,,0,percent of total billed charges,30 Percent of charges; No services were performed during the 15 month look back period.,,,,,,,,,,0.246758,32,,,,,0,percent of total billed charges,32 pecent of charges; No services were performed during the 15 month look back period.,,,,,,,,,,0.246758,32,,,,,0,percent of total billed charges,32 pecent of charges; No services were performed during the 15 month look back period.,0.231336,30,,,,,0,percent of total billed charges,30 Percent of charges; No services were performed during the 15 month look back period.,0.246758,32,,,,,0,percent of total billed charges,32 pecent of charges; No services were performed during the 15 month look back period.,,,,,,,,,,,,,,,,,,,,,,,,,,,,0.246758,32,,,,,0,percent of total billed charges,32 pecent of charges; No services were performed during the 15 month look back period.,0.077112,10,,,,,0,percent of total billed charges,10 percent of charges; No services were performed during the 15 month look back period.,,,,,,,,,,,,,,,,,,,,,,,,,,,,,,,,,,,,,,,,,,,,,,,,,,,,,,,,,,,,,,,,0.077112,10,,,,,0,percent of total billed charges,10 percent of charges; No services were performed during the 15 month look back period.,,,,,,,,,,,,,,,,,,,,,,,,,,,,0.223625,29,,,,,0,percent of total billed charges,29 percent of charges; No services were performed during the 15 month look back period.,0.223625,29,,,,,0,percent of total billed charges,29 percent of charges; No services were performed during the 15 month look back period.,0.239047,31,,,,,0,percent of total billed charges,31 percent of charges; No services were performed during the 15 month look back period.,,,,,,,,,,0.077112,10,,,,,0,percent of total billed charges,10 percent of charges; No services were performed during the 15 month look back period.,0.246758,32,,,,,0,percent of total billed charges,32 pecent of charges; No services were performed during the 15 month look back period.,0.231336,30,,,,,0,percent of total billed charges,30 Percent of charges; No services were performed during the 15 month look back period.,0.077112,10,,,,,0,percent of total billed charges,10 percent of charges; No services were performed during the 15 month look back period.,0.231336,30,,,,,0,percent of total billed charges,30 Percent of charges; No services were performed during the 15 month look back period.,0.077112,10,,,,,0,percent of total billed charges,10 percent of charges; No services were performed during the 15 month look back period.,,,,,,,,,,,,,,,,,,,,,,,,,,,,,,,,,,,,,,,,,,,,,,0.003856,0.77112,
J0174,HCPCS,5010003,LOCAL,636,RC,"INJ, LECANEMAB-IRMB, 1 MG",10.0548,1.910412,Outpatient,ME,1,,1.33,,,,,,,Fee Schedule,"100 % 1199 Fee Schedule. ",1.33,,,,,,,Fee Schedule,"100 % 1199 Fee Schedule. ",6.03288,60,,,,,0,percent of total billed charges,60 percent of billed charges; No services were performed during the 15 month look back period.,10.0548,100,,,,,0,percent of total billed charges,100 percent of billed charges; No services were performed during the 15 month look back period.,1.4535,,,,,,,Fee Schedule,"100% ASP Fee Schedule. ",6.03288,60,,,,,0,percent of total billed charges,60 percent of billed charges; No services were performed during the 15 month look back period.,6.03288,60,,1887.39,317.48,7621.65,476,percent of total billed charges,60 percent of billed charges,6.03288,60,,4589.27,245.39,7824.6,92,percent of total billed charges,60 percent of billed charges,907.214545,,,,,,,Case Rate,"100 Percent of Medicaid APG. ",756.012121,,,,,,,Case Rate,"100 Percent of Medicaid APG. ",7.842744,78,,,,,0,percent of total billed charges,78 percent of billed charges; No services were performed during the 15 month look back period.,,,,,,,,Fee Schedule,"100 % Zero Pay Code. ",756.012121,,,,,,,Case Rate,"100 Percent of Medicaid APG. ",1.4535,,,,,,,Fee Schedule,"100% ASP Fee Schedule. ",3.01644,30,,155.88,1.06,161.39,34,percent of total billed charges,30 percent of billed charges,3.01644,30,,,,,0,percent of total billed charges,30 percent of billed charges; No services were performed during the 15 month look back period.,3.01644,30,,249.48,10.08,1262.52,34,percent of total billed charges,30 percent of billed charges,3.01644,30,,,,,0,percent of total billed charges,30 percent of billed charges; No services were performed during the 15 month look back period.,1.7595,,,,,,,Fee schedule,"115 Percent of AWP Fee Schedule. ",1.4535,,,,,,,Fee Schedule,"100% ASP Fee Schedule. ",1.7595,,,,,,,Fee schedule,"115 Percent of AWP Fee Schedule. ",7.842744,78,,,,,0,percent of total billed charges,78 percent of billed charges; No services were performed during the 15 month look back period.,6.03288,60,,,,,0,percent of total billed charges,60 percent of billed charges; No services were performed during the 15 month look back period.,1.33,,,,,,,Fee Schedule,"100% ASP Fee Schedule. ",7.340004,73,,,,,0,percent of total billed charges,73 percent of billed charges; No services were performed during the 15 month look back period.,1.33,,,,,,,Fee Schedule,"100% ASP Fee Schedule. ",1.33,,,,,,,Fee Schedule,"100% ASP Fee Schedule. ",7.842744,78,,,,,0,percent of total billed charges,78 percent of billed charges; No services were performed during the 15 month look back period.,1.327,,,,,,,Fee Schedule,100 Percent of ASP if not priced then 95 Percent of AWP. Lesser of 100% of billed charges applies.,1.327,,,,,,,Fee Schedule,100 Percent of ASP if not priced then 95 Percent of AWP. Lesser of 100% of billed charges applies.,756.012121,,,,,,,Case rate,"35 Percent of Charges. ",756.012121,,,,,,,Case rate,"35 Percent of Charges. ",7.340004,73,,,,,0,percent of total billed charges,73 percent of billed charges; No services were performed during the 15 month look back period.,7.340004,73,,,,,0,percent of total billed charges,73 percent of billed charges; No services were performed during the 15 month look back period.,756.012121,,,,,,,Case Rate,"100 Percent of Medicaid APG. Not APG payable, or payable under another fee schedule like ASP/AWP pays at 30% of charges",7.340004,73,,,,,0,percent of total billed charges,73 percent of billed charges; No services were performed during the 15 month look back period.,756.012121,,,,,,,Case Rate,"100 Percent of Medicaid APG. Not APG payable, or payable under another fee schedule like ASP/AWP pays at 30% of charges",1.33,,,,,,,Fee Schedule,"100% ASP Fee Schedule. ",7.340004,73,,,,,0,percent of total billed charges,73 percent of billed charges; No services were performed during the 15 month look back period.,7.842744,78,,6329.32,102.06,10325.07,1 through 10,percent of total billed charges,78 percent of billed charges,756.012121,,,,,,,Case Rate,"100 Percent of Medicaid APG. ",756.012121,,,,,,,Case Rate,"100 Percent of Medicaid APG. ",7.842744,78,,,,,0,percent of total billed charges,78 percent of billed charges; No services were performed during the 15 month look back period.,3.01644,30,,,,,0,percent of total billed charges,30 percent of billed charges; No services were performed during the 15 month look back period.,,,,,,,,Fee Schedule,"100 % Zero Pay Code. ",,,,,,,,Fee Schedule,"100 % Zero Pay Code. ",7.842744,78,,,,,0,percent of total billed charges,78 percent of billed charges; No services were performed during the 15 month look back period.,1.4535,,,,,,,Fee Schedule,"100% ASP Fee Schedule. ",,,,,,,,Fee Schedule,"100 % Zero Pay Code. ",,,,,,,,Fee Schedule,"100 % Zero Pay Code. ",,,,,,,,Fee Schedule,"100 % Zero Pay Code. ",1.4535,,,,,,,Fee Schedule,"100% ASP Fee Schedule. ",,,,,,,,Fee Schedule,"100 % Zero Pay Code. ",,,,,,,,Fee Schedule,"100 % Zero Pay Code. ",1.4535,,,,,,,Fee Schedule,"100% of AWP Fee Schedule. ",5.0274,50,,,,,0,percent of total billed charges,50 percent of billed charges; No services were performed during the 15 month look back period.,4.52466,45,,,,,0,percent of total billed charges,45 percent of billed charges; No services were performed during the 15 month look back period.,4.52466,45,,1157.23,30.53,9148.01,137,percent of total billed charges,45 percent of billed charges,4.52466,45,,,,,0,percent of total billed charges,45 percent of billed charges; No services were performed during the 15 month look back period.,4.52466,45,,,,,0,percent of total billed charges,45 percent of billed charges; No services were performed during the 15 month look back period.,4.52466,45,,6044.4,50.88,10223.01,19,percent of total billed charges,45 percent of billed charges,4.52466,45,,1139.67,101.52,8496.76,200,percent of total billed charges,45 percent of billed charges,1.4535,,,,,,,Fee Schedule,"100% ASP Fee Schedule. ",1.4535,,,,,,,Fee Schedule,"100% ASP Fee Schedule. ",4.52466,45,,,,,0,percent of total billed charges,45 percent of billed charges; No services were performed during the 15 month look back period.,7.842744,78,,,,,0,percent of total billed charges,78 percent of billed charges; No services were performed during the 15 month look back period.,7.842744,78,,,,,0,percent of total billed charges,78 percent of billed charges; No services were performed during the 15 month look back period.,7.842744,78,,,,,0,percent of total billed charges,78 percent of billed charges; No services were performed during the 15 month look back period.,7.842744,78,,,,,0,percent of total billed charges,78 percent of billed charges; No services were performed during the 15 month look back period.,7.842744,78,,,,,0,percent of total billed charges,78 percent of billed charges; No services were performed during the 15 month look back period.,7.842744,78,,,,,0,percent of total billed charges,78 percent of billed charges; No services were performed during the 15 month look back period.,7.842744,78,,,,,0,percent of total billed charges,78 percent of billed charges; No services were performed during the 15 month look back period.,7.842744,78,,,,,0,percent of total billed charges,78 percent of billed charges; No services were performed during the 15 month look back period.,7.842744,78,,,,,0,percent of total billed charges,78 percent of billed charges; No services were performed during the 15 month look back period.,7.842744,78,,,,,0,percent of total billed charges,78 percent of billed charges; No services were performed during the 15 month look back period.,7.842744,78,,,,,0,percent of total billed charges,78 percent of billed charges; No services were performed during the 15 month look back period.,7.842744,78,,,,,0,percent of total billed charges,78 percent of billed charges; No services were performed during the 15 month look back period.,7.842744,78,,,,,0,percent of total billed charges,78 percent of billed charges; No services were performed during the 15 month look back period.,7.842744,78,,,,,0,percent of total billed charges,78 percent of billed charges; No services were performed during the 15 month look back period.,7.842744,78,,,,,0,percent of total billed charges,78 percent of billed charges; No services were performed during the 15 month look back period.,7.842744,78,,,,,0,percent of total billed charges,78 percent of billed charges; No services were performed during the 15 month look back period.,7.842744,78,,,,,0,percent of total billed charges,78 percent of billed charges; No services were performed during the 15 month look back period.,7.842744,78,,,,,0,percent of total billed charges,78 percent of billed charges; No services were performed during the 15 month look back period.,7.842744,78,,,,,0,percent of total billed charges,78 percent of billed charges; No services were performed during the 15 month look back period.,7.842744,78,,,,,0,percent of total billed charges,78 percent of billed charges; No services were performed during the 15 month look back period.,7.842744,78,,,,,0,percent of total billed charges,78 percent of billed charges; No services were performed during the 15 month look back period.,7.842744,78,,,,,0,percent of total billed charges,78 percent of billed charges; No services were performed during the 15 month look back period.,7.842744,78,,,,,0,percent of total billed charges,78 percent of billed charges; No services were performed during the 15 month look back period.,7.842744,78,,,,,0,percent of total billed charges,78 percent of billed charges; No services were performed during the 15 month look back period.,7.842744,78,,,,,0,percent of total billed charges,78 percent of billed charges; No services were performed during the 15 month look back period.,7.842744,78,,,,,0,percent of total billed charges,78 percent of billed charges; No services were performed during the 15 month look back period.,7.340004,73,,,,,0,percent of total billed charges,73 percent of billed charges; No services were performed during the 15 month look back period.,7.340004,73,,,,,0,percent of total billed charges,73 percent of billed charges; No services were performed during the 15 month look back period.,7.340004,73,,,,,0,percent of total billed charges,73 percent of billed charges; No services were performed during the 15 month look back period.,7.340004,73,,,,,0,percent of total billed charges,73 percent of billed charges; No services were performed during the 15 month look back period.,8.04384,80,,11958.03,1649.97,11958.03,1 through 10,percent of total billed charges,80 percent of billed charges,8.04384,80,,8658.09,1445.85,11958.03,1 through 10,percent of total billed charges,80 percent of billed charges,3.01644,30,,,,,0,percent of total billed charges,30 percent of billed charges; No services were performed during the 15 month look back period.,4.52466,45,,,,,0,percent of total billed charges,45 percent of billed charges; No services were performed during the 15 month look back period.,,,,,,,,Fee Schedule,"100 % Zero Pay Code. ",4.52466,45,,,,,0,percent of total billed charges,45 percent of billed charges; No services were performed during the 15 month look back period.,7.842744,78,,,,,0,percent of total billed charges,78 percent of billed charges; No services were performed during the 15 month look back period.,8.04384,80,,,,,0,percent of total billed charges,80 percent of billed charges; No services were performed during the 15 month look back period.,4.52466,45,,,,,0,percent of total billed charges,45 percent of billed charges; No services were performed during the 15 month look back period.,,,,,,,,Fee Schedule,"100 % Zero Pay Code. ",3.01644,30,,,,,0,percent of total billed charges,30 percent of billed charges; No services were performed during the 15 month look back period.,,,,,,,,,,7.842744,78,,,,,0,percent of total billed charges,78 percent of billed charges; No services were performed during the 15 month look back period.,756.012121,,,,,,,Case Rate,"100 Percent of Medicaid APG. ",7.340004,73,,,,,0,percent of total billed charges,73 percent of billed charges; No services were performed during the 15 month look back period.,756.012121,,,,,,,Case Rate,"100 Percent of Medicaid APG. Not APG payable, or payable under another fee schedule like ASP/AWP pays at 30% of charges",1.33,,,,,,,Fee Schedule,"100% ASP Fee Schedule. ",1.4535,,,,,,,Fee Schedule,"100% ASP Fee Schedule. ",5.0274,50,,,,,0,percent of total billed charges,50 percent of billed charges; No services were performed during the 15 month look back period.,1.4535,,,,,,,Fee Schedule,"100% ASP Fee Schedule. ",1.4535,,,,,,,Fee Schedule,"100% ASP Fee Schedule. ",756.012121,,,,,,,Case Rate,"100 Percent of Medicaid APG. ",1.4535,,,,,,,Fee Schedule,"100% ASP Fee Schedule. ",1.4535,,,,,,,Fee Schedule,"100% ASP Fee Schedule. ",6.03288,60,,,,,0,percent of total billed charges,60 percent of billed charges; No services were performed during the 15 month look back period.,6.03288,60,,,,,0,percent of total billed charges,60 percent of billed charges; No services were performed during the 15 month look back period.,1.4535,,,,,,,Fee Schedule,"100% ASP Fee Schedule. ",3.01644,30,,,,,0,percent of total billed charges,30 percent of billed charges; No services were performed during the 15 month look back period.,,,,,,,,Fee Schedule,"100 % Zero Pay Code. ",,,,,,,,Fee Schedule,"100 % Zero Pay Code. ",1.4535,,,,,,,Fee Schedule,"100% ASP Fee Schedule. ",3.01644,30,,,,,0,percent of total billed charges,30 percent of billed charges; No services were performed during the 15 month look back period.,6.03288,60,,,,,0,percent of total billed charges,60 percent of billed charges; No services were performed during the 15 month look back period.,6.03288,60,,,,,0,percent of total billed charges,60 percent of billed charges; No services were performed during the 15 month look back period.,6.03288,60,,,,,0,percent of total billed charges,60 percent of billed charges; No services were performed during the 15 month look back period.,7.842744,78,,,,,0,percent of total billed charges,78 percent of billed charges; No services were performed during the 15 month look back period.,7.842744,78,,,,,0,percent of total billed charges,78 percent of billed charges; No services were performed during the 15 month look back period.,7.842744,78,,,,,0,percent of total billed charges,78 percent of billed charges; No services were performed during the 15 month look back period.,7.842744,78,,,,,0,percent of total billed charges,78 percent of billed charges; No services were performed during the 15 month look back period.,7.842744,78,,,,,0,percent of total billed charges,78 percent of billed charges; No services were performed during the 15 month look back period.,7.842744,78,,,,,0,percent of total billed charges,78 percent of billed charges; No services were performed during the 15 month look back period.,7.842744,78,,,,,0,percent of total billed charges,78 percent of billed charges; No services were performed during the 15 month look back period.,7.842744,78,,,,,0,percent of total billed charges,78 percent of billed charges; No services were performed during the 15 month look back period.,7.842744,78,,,,,0,percent of total billed charges,78 percent of billed charges; No services were performed during the 15 month look back period.,7.842744,78,,,,,0,percent of total billed charges,78 percent of billed charges; No services were performed during the 15 month look back period.,7.842744,78,,,,,0,percent of total billed charges,78 percent of billed charges; No services were performed during the 15 month look back period.,8.04384,80,,,,,0,percent of total billed charges,80 percent of billed charges; No services were performed during the 15 month look back period.,4.52466,45,,4986.12,101.76,8624.07,768,percent of total billed charges,45 percent of billed charges,3.01644,30,,,,,0,percent of total billed charges,30 percent of billed charges; No services were performed during the 15 month look back period.,1.4535,,,,,,,Fee Schedule,"100% ASP Fee Schedule. ",6.03288,60,,,,,0,percent of total billed charges,60 percent of billed charges; No services were performed during the 15 month look back period.,3.01644,30,,,,,0,percent of total billed charges,30 percent of billed charges; No services were performed during the 15 month look back period.,3.01644,30,,,,,0,percent of total billed charges,30 percent of billed charges; No services were performed during the 15 month look back period.,7.842744,78,,,,,0,percent of total billed charges,78 percent of billed charges; No services were performed during the 15 month look back period.,1617.865939,,,,,,,Case Rate,"214 Percent of Medicaid APG. Drugs not priced under APG, billed with revenue code 636 and not priced by Medicare ASP FeeSched will be reimbursed at 20% of charges.",3.01644,30,,,,,0,percent of total billed charges,30 percent of billed charges; No services were performed during the 15 month look back period.,756.012121,,,,,,,Case Rate,"100 Percent of Medicaid APG. ",1.4535,,,,,,,Fee Schedule,"100% ASP Fee Schedule. ",1.4535,,,,,,,Fee Schedule,"100% ASP Fee Schedule. ",1.4535,,,,,,,Fee Schedule,"100% ASP Fee Schedule. ",1.4535,,,,,,,Fee Schedule,"100% ASP Fee Schedule. ",1.4535,,,,,,,Fee Schedule,"100% ASP Fee Schedule. ",1.4535,,,,,,,Fee Schedule,"100% ASP Fee Schedule. ",3.01644,30,,,,,0,percent of total billed charges,30 percent of billed charges; No services were performed during the 15 month look back period.,5.0274,50,,,,,0,percent of total billed charges,50 percent of billed charges; No services were performed during the 15 month look back period.,2.44125,,,,,,,Fee Schedule,"157.5 Percent of AWP Fee Schedule. ",2.44125,,,,,,,Fee Schedule,"157.5 Percent of AWP Fee Schedule. ",2.44125,,,,,,,Fee Schedule,"157.5 Percent of AWP Fee Schedule. ",2.44125,,,,,,,Fee Schedule,"157.5 Percent of AWP Fee Schedule. ",2.44125,,,,,,,Fee Schedule,"157.5 Percent of AWP Fee Schedule. ",,,,,,,,,,5.0274,50,,,,,0,percent of total billed charges,50 percent of billed charges; No services were performed during the 15 month look back period.,2.049435,,,,,,,Fee Schedule,141 Percent of of ASP. Drugs billed with revenue code 636 and not priced by Medicare ASP fee schedule will be reimburse at 20 percent of charges,2.049435,,,,,,,Fee Schedule,141 Percent of of ASP. Drugs billed with revenue code 636 and not priced by Medicare ASP fee schedule will be reimburse at 20 percent of charges,2.049435,,,,,,,Fee Schedule,141 Percent of of ASP. Drugs billed with revenue code 636 and not priced by Medicare ASP fee schedule will be reimburse at 20 percent of charges,2.049435,,,,,,,Fee Schedule,141 Percent of of ASP. Drugs billed with revenue code 636 and not priced by Medicare ASP fee schedule will be reimburse at 20 percent of charges,2.049435,,,,,,,Fee Schedule,141 Percent of of ASP. Drugs billed with revenue code 636 and not priced by Medicare ASP fee schedule will be reimburse at 20 percent of charges,1.4535,,,,,,,Fee Schedule,"100% ASP Fee Schedule. ",8.04384,80,,,,,0,percent of total billed charges,80 percent of billed charges; No services were performed during the 15 month look back period.,8.04384,80,,,,,0,percent of total billed charges,80 percent of billed charges; No services were performed during the 15 month look back period.,8.04384,80,,,,,0,percent of total billed charges,80 percent of billed charges; No services were performed during the 15 month look back period.,8.04384,80,,,,,0,percent of total billed charges,80 percent of billed charges; No services were performed during the 15 month look back period.,6.03288,60,,,,,0,percent of total billed charges,60 percent of billed charges; No services were performed during the 15 month look back period.,6.03288,60,,,,,0,percent of total billed charges,60 percent of billed charges; No services were performed during the 15 month look back period.,6.03288,60,,,,,0,percent of total billed charges,60 percent of billed charges; No services were performed during the 15 month look back period.,6.03288,60,,,,,0,percent of total billed charges,60 percent of billed charges; No services were performed during the 15 month look back period.,5.0274,50,,,,,0,percent of total billed charges,50 percent of billed charges; No services were performed during the 15 month look back period.,5.0274,50,,,,,0,percent of total billed charges,50 percent of billed charges; No services were performed during the 15 month look back period.,1.4535,,,,,,,Fee Schedule,"100% ASP Fee Schedule. ",1.4535,,,,,,,Fee Schedule,"100% ASP Fee Schedule. ",1.4535,,,,,,,Fee Schedule,"100% ASP Fee Schedule. ",4.52466,45,,,,,0,percent of total billed charges,45 percent of billed charges; No services were performed during the 15 month look back period.,4.52466,45,,,,,0,percent of total billed charges,45 percent of billed charges; No services were performed during the 15 month look back period.,4.52466,45,,,,,0,percent of total billed charges,45 percent of billed charges; No services were performed during the 15 month look back period.,5.0274,50,,,,,0,percent of total billed charges,50 percent of billed charges; No services were performed during the 15 month look back period.,6.03288,60,,,,,0,percent of total billed charges,60 percent of billed charges; No services were performed during the 15 month look back period.,1.4535,,,,,,,Fee Schedule,"100% ASP Fee Schedule. ",4.52466,45,,,,,0,percent of total billed charges,45 percent of billed charges; No services were performed during the 15 month look back period.,756.012121,,,,,,,Case Rate,"100 Percent of Medicaid APG. ",1.3566,,,,,,,Fee Schedule,"100% of ASP Fee Schedule. ",1.3566,,,,,,,Fee Schedule,"100% of ASP Fee Schedule. ",1.3566,,,,,,,Fee Schedule,"100% of ASP Fee Schedule. ",756.012121,,,,,,,Case rate,"35 Percent of Charges. ",1701.027273,,,,,,,Case Rate,225% of NYS APG. Lesser of 100% of billed charges applies.,1701.027273,,,,,,,Case Rate,225% of NYS APG. Lesser of 100% of billed charges applies.,1701.027273,,,,,,,Case Rate,225% of NYS APG. Lesser of 100% of billed charges applies.,1701.027273,,,,,,,Case Rate,225% of NYS APG. Lesser of 100% of billed charges applies.,1701.027273,,,,,,,Case Rate,225% of NYS APG. Lesser of 100% of billed charges applies.,1.3566,,,,,,,Fee Schedule,"100% of ASP Fee Schedule. ",756.012121,,,,,,,Case Rate,"100 Percent of Medicaid APG. ",1.327,,,,,,,Fee Schedule,100 Percent of ASP if not priced then 95 Percent of AWP. Lesser of 100% of billed charges applies.,1701.027273,,,,,,,Case Rate,225% of NYS APG. Lesser of 100% of billed charges applies.,1701.027273,,,,,,,Case Rate,225% of NYS APG. Lesser of 100% of billed charges applies.,1.327,,,,,,,Fee Schedule,100 Percent of ASP if not priced then 95 Percent of AWP. Lesser of 100% of billed charges applies.,1.327,,,,,,,Fee Schedule,100 Percent of ASP if not priced then 95 Percent of AWP. Lesser of 100% of billed charges applies.,2.44125,,,,,,,Fee Schedule,"157.5 Percent of AWP Fee Schedule. ",1.4535,,,,,,,Fee Schedule,"100% ASP Fee Schedule. ",1.4535,,,,,,,Fee Schedule,"100% ASP Fee Schedule. ",6.03288,60,,,,,0,percent of total billed charges,60 percent of billed charges; No services were performed during the 15 month look back period.,1.4535,,,,,,,Fee Schedule,"100% ASP Fee Schedule. ",1701.027273,,,,,,,Case Rate,"225 Percent of Medicaid APG. ",1701.027273,,,,,,,Case Rate,"225 Percent of Medicaid APG. ",756.012121,,,,,,,Case rate,"35 Percent of Charges. ",756.012121,,,,,,,Case rate,"35 Percent of Charges. ",1.7825,,,,,,,Fee Schedule,"115 Percent of AWP. ",1.7595,,,,,,,Fee schedule,"115 Percent of AWP Fee Schedule. ",1701.027273,,,,,,,Case Rate,"100 Percent of Medicaid APG. ",1701.027273,,,,,,,Case Rate,"100 Percent of Medicaid APG. ",1701.027273,,,,,,,Case Rate,"100 Percent of Medicaid APG. ",1701.027273,,,,,,,Case Rate,"100 Percent of Medicaid APG. ",4.52466,45,,,,,0,percent of total billed charges,45 percent of billed charges; No services were performed during the 15 month look back period.,5.0274,50,,,,,0,percent of total billed charges,50 percent of billed charges; No services were performed during the 15 month look back period.,907.214545,,,,,,,Case Rate,"120 Percent of Medicaid APG. Not APG payable, or payable under another fee schedule like ASP/AWP pays at 30% of charges",907.214545,,,,,,,Case Rate,"120 Percent of Medicaid APG. Not APG payable, or payable under another fee schedule like ASP/AWP pays at 30% of charges",756.012121,,,,,,,Case Rate,"100 Percent of Medicaid APG. Not APG payable, or payable under another fee schedule like ASP/AWP pays at 30% of charges",756.012121,,,,,,,Case Rate,"100 Percent of Medicaid APG. Not APG payable, or payable under another fee schedule like ASP/AWP pays at 30% of charges",4.52466,45,,,,,0,percent of total billed charges,45 percent of billed charges; No services were performed during the 15 month look back period.,4.52466,45,,,,,0,percent of total billed charges,45 percent of billed charges; No services were performed during the 15 month look back period.,1.4535,,,,,,,Fee Schedule,"100% ASP Fee Schedule. ",4.52466,45,,,,,0,percent of total billed charges,45 percent of billed charges; No services were performed during the 15 month look back period.,4.52466,45,,1050.44,83.39,1258.18,103,percent of total billed charges,45 percent of billed charges,4.52466,45,,,,,0,percent of total billed charges,45 percent of billed charges; No services were performed during the 15 month look back period.,4.52466,45,,,,,0,percent of total billed charges,45 percent of billed charges; No services were performed during the 15 month look back period.,1.4535,,,,,,,Fee Schedule,"100% ASP Fee Schedule. ",4.52466,45,,,,,0,percent of total billed charges,45 percent of billed charges; No services were performed during the 15 month look back period.,4.52466,45,,,,,0,percent of total billed charges,45 percent of billed charges; No services were performed during the 15 month look back period.,6.03288,60,,,,,0,percent of total billed charges,60 percent of billed charges; No services were performed during the 15 month look back period.,756.012121,,,,,,,Fee Schedule,100% APG. Lesser of 100% of billed charges applies.,1.7595,,,,,,,Fee schedule,"115 Percent of AWP Fee Schedule. ",1701.027273,,,,,,,Case Rate,225% of NYS APG. Lesser of 100% of billed charges applies.,1.7825,,,,,,,Fee Schedule,"115 Percent of AWP. ",1.7595,,,,,,,Fee schedule,"115 Percent of AWP Fee Schedule. ",1701.027273,,,,,,,Case Rate,225% of NYS APG. Lesser of 100% of billed charges applies.,1701.027273,,,,,,,Case Rate,225% of NYS APG. Lesser of 100% of billed charges applies.,1701.027273,,,,,,,Case Rate,225% of NYS APG. Lesser of 100% of billed charges applies.,1701.027273,,,,,,,Case Rate,225% of NYS APG. Lesser of 100% of billed charges applies.,1701.027273,,,,,,,Case Rate,225% of NYS APG. Lesser of 100% of billed charges applies.,1701.027273,,,,,,,Case Rate,225% of NYS APG. Lesser of 100% of billed charges applies.,,,,,,,,,,,,,,,,,,,,,,,,,,,,3.01644,30,,,,,0,percent of total billed charges,30 percent of billed charges; No services were performed during the 15 month look back period.,,,,,,,,,,1.4535,,,,,,,Fee Schedule,"100% ASP Fee Schedule. ",1.33,,,,,,,Fee Schedule,"100 % 1199 Fee Schedule. ",1.4535,,,,,,,Fee Schedule,"100% ASP Fee Schedule. ",1.4535,,,,,,,Fee Schedule,"100% ASP Fee Schedule. ",907.214545,,,,,,,Case Rate,"120 Percent of Medicaid APG. Not APG payable, or payable under another fee schedule like ASP/AWP pays at 30% of charges",907.214545,,,,,,,Case Rate,"120 Percent of Medicaid APG. Not APG payable, or payable under another fee schedule like ASP/AWP pays at 30% of charges",756.012121,,,,,,,Case Rate,"100 Percent of Medicaid APG. Not APG payable, or payable under another fee schedule like ASP/AWP pays at 30% of charges",756.012121,,,,,,,Case Rate,"100 Percent of Medicaid APG. Not APG payable, or payable under another fee schedule like ASP/AWP pays at 30% of charges",756.012121,,,,,,,Case Rate,"100 Percent of Medicaid APG. ",7.340004,73,,,,,0,percent of total billed charges,73 percent of billed charges; No services were performed during the 15 month look back period.,6.03288,60,,,,,0,percent of total billed charges,60 percent of billed charges; No services were performed during the 15 month look back period.,7.340004,73,,,,,0,percent of total billed charges,73 percent of billed charges; No services were performed during the 15 month look back period.,3.01644,30,,,,,0,percent of total billed charges,30 percent of billed charges; No services were performed during the 15 month look back period.,1.33,,,,,,,Fee Schedule,"100% ASP Fee Schedule. ",1.4535,,,,,,,Fee Schedule,"100% ASP Fee Schedule. ",1.4535,,,,,,,Fee Schedule,"100% ASP Fee Schedule. ",1.4535,,,,,,,Fee Schedule,"100% ASP Fee Schedule. ",1.33,,,,,,,Fee Schedule,"100% ASP Fee Schedule. ",1.4535,,,,,,,Fee Schedule,"100% ASP Fee Schedule. ",,,,,,,,,,1701.027273,,,,,,,Case Rate,225% of NYS APG. Lesser of 100% of billed charges applies.,1.327,,,,,,,Fee Schedule,100 Percent of ASP if not priced then 95 Percent of AWP. Lesser of 100% of billed charges applies.,4.52466,45,,,,,0,percent of total billed charges,45 percent of billed charges; No services were performed during the 15 month look back period.,7.340004,73,,,,,0,percent of total billed charges,73 percent of billed charges; No services were performed during the 15 month look back period.,7.340004,73,,,,,0,percent of total billed charges,73 percent of billed charges; No services were performed during the 15 month look back period.,7.340004,73,,,,,0,percent of total billed charges,73 percent of billed charges; No services were performed during the 15 month look back period.,7.340004,73,,,,,0,percent of total billed charges,73 percent of billed charges; No services were performed during the 15 month look back period.,1.4535,,,,,,,Fee Schedule,"100% ASP Fee Schedule. ",756.012121,,,,,,,Case Rate,"100 Percent of Medicaid APG. ",4.52466,45,,,,,0,percent of total billed charges,45 percent of billed charges; No services were performed during the 15 month look back period.,756.012121,,,,,,,Case Rate,"100 Percent of Medicaid APG. ",1.4535,,,,,,,Fee Schedule,"100% ASP Fee Schedule. ",756.012121,,,,,,,Case Rate,"100 Percent of Medicaid APG. ",1.4535,,,,,,,Fee Schedule,"100% ASP Fee Schedule. ",1.4535,,,,,,,Fee Schedule,"100% ASP Fee Schedule. ",756.012121,,,,,,,Case Rate,"100 Percent of Medicaid APG. ",756.012121,,,,,,,Case Rate,"100 Percent of Medicaid APG. ",7.340004,73,,,,,0,percent of total billed charges,73 percent of billed charges; No services were performed during the 15 month look back period.,3.01644,30,,,,,0,percent of total billed charges,30 percent of billed charges; No services were performed during the 15 month look back period.,7.842744,78,,,,,0,percent of total billed charges,78 percent of billed charges; No services were performed during the 15 month look back period.,,,,,,,,Fee Schedule,"100 % Zero Pay Code. ",,,,,,,,Fee Schedule,"100 % Zero Pay Code. ",6.03288,60,,,,,0,percent of total billed charges,60 percent of billed charges; No services were performed during the 15 month look back period.,1.4535,,,,,,,Fee Schedule,"100% of AWP Fee Schedule. ",8.04384,80,,,,,0,percent of total billed charges,80 percent of billed charges; No services were performed during the 15 month look back period.,8.04384,80,,,,,0,percent of total billed charges,80 percent of billed charges; No services were performed during the 15 month look back period.,3.619728,36,,,,,0,percent of total billed charges,36 percent of billed charges; No services were performed during the 15 month look back period.,3.619728,36,,,,,0,percent of total billed charges,36 percent of billed charges; No services were performed during the 15 month look back period.,1.4535,,,,,,,Fee Schedule,"100% ASP Fee Schedule. ",1.4535,,,,,,,Fee Schedule,"100% ASP Fee Schedule. ",1.4535,,,,,,,Fee Schedule,"100% ASP Fee Schedule. ",1.4535,,,,,,,Fee Schedule,"100% ASP Fee Schedule. ",,,,,,,,Fee Schedule,"100 % Zero Pay Code. ",4.52466,45,,,,,0,percent of total billed charges,45 percent of billed charges; No services were performed during the 15 month look back period.,4.52466,45,,,,,0,percent of total billed charges,45 percent of billed charges; No services were performed during the 15 month look back period.,1.4535,,,,,,,Fee Schedule,"100% ASP Fee Schedule. ",3.619728,36,,,,,0,percent of total billed charges,36 percent of billed charges; No services were performed during the 15 month look back period.,7.340004,73,,,,,0,percent of total billed charges,73 percent of billed charges; No services were performed during the 15 month look back period.,907.214545,,,,,,,Fee Schedule,"120 Percent of Medicaid APG. ",756.012121,,,,,,,Case Rate,"100 Percent of Medicaid APG. ",7.340004,73,,,,,0,percent of total billed charges,73 percent of billed charges; No services were performed during the 15 month look back period.,4.072194,40.5,,751.74,112.02,787.09,58,percent of total billed charges,40.5 percent of billed charges,4.072194,40.5,,1195.27,101.71,8496.76,146,percent of total billed charges,40.5 percent of billed charges,4.52466,45,,,,,0,percent of total billed charges,45 percent of billed charges; No services were performed during the 15 month look back period.,5.0274,50,,,,,0,percent of total billed charges,50 percent of billed charges; No services were performed during the 15 month look back period.,1.33,,,,,,,Fee Schedule,"100% ASP Fee Schedule. ",793.812727,,,,,,,Fee Schedule,105 percent of Medicaid APG. otherwise 105% of Ordered NYS MCD FS or 105% of ASP+6%,793.812727,,,,,,,Fee Schedule,105 percent of Medicaid APG. otherwise 105% of Ordered NYS MCD FS or 105% of ASP+6%,793.812727,,,,,,,Fee Schedule,105 percent of Medicaid APG. otherwise 105% of Ordered NYS MCD FS or 105% of ASP+6%,1020.616364,,,,,,,Fee Schedule,135 percent of Medicaid APG. otherwise 135% of Ordered NYS MCD FS or 135% of ASP+6%,,,,,,,,Fee Schedule,"100 % Zero Pay Code. ",793.812727,,,,,,,Fee Schedule,105 percent of Medicaid APG. otherwise 105% of Ordered NYS MCD FS or 105% of ASP+6%,793.812727,,,,,,,Fee Schedule,105 percent of Medicaid APG. otherwise 105% of Ordered NYS MCD FS or 105% of ASP+6%,793.812727,,,,,,,Fee Schedule,105 percent of Medicaid APG. otherwise 105% of Ordered NYS MCD FS or 105% of ASP+6%,793.812727,,,,,,,Fee Schedule,105 percent of Medicaid APG. otherwise 105% of Ordered NYS MCD FS or 105% of ASP+6%,793.812727,,,,,,,Fee Schedule,105 percent of Medicaid APG. otherwise 105% of Ordered NYS MCD FS or 105% of ASP+6%,1020.616364,,,,,,,Fee Schedule,135 percent of Medicaid APG. otherwise 135% of Ordered NYS MCD FS or 135% of ASP+6%,1020.616364,,,,,,,Fee Schedule,135 percent of Medicaid APG. otherwise 135% of Ordered NYS MCD FS or 135% of ASP+6%,1.4535,,,,,,,Fee Schedule,"100% ASP Fee Schedule. ",,,,,,,,Fee Schedule,"100 % Zero Pay Code. ",1.4535,,,,,,,Fee Schedule,"100% ASP Fee Schedule. ",793.812727,,,,,,,Fee Schedule,105 percent of Medicaid APG. otherwise 105% of Ordered NYS MCD FS or 105% of ASP+6%,4.52466,45,,,,,0,percent of total billed charges,45 percent of billed charges; No services were performed during the 15 month look back period.,1.4535,,,,,,,Fee Schedule,"100% ASP Fee Schedule. ",4.52466,45,,,,,0,percent of total billed charges,45 percent of billed charges; No services were performed during the 15 month look back period.,4.52466,45,,,,,0,percent of total billed charges,45 percent of billed charges; No services were performed during the 15 month look back period.,4.52466,45,,,,,0,percent of total billed charges,45 percent of billed charges; No services were performed during the 15 month look back period.,793.812727,,,,,,,Fee Schedule,105 percent of Medicaid APG. otherwise 105% of Ordered NYS MCD FS or 105% of ASP+6%,1.4535,,,,,,,Fee Schedule,"100% ASP Fee Schedule. ",4.52466,45,,,,,0,percent of total billed charges,45 percent of billed charges; No services were performed during the 15 month look back period.,1020.616364,,,,,,,Fee Schedule,135 percent of Medicaid APG. otherwise 135% of Ordered NYS MCD FS or 135% of ASP+6%,4.52466,45,,,,,0,percent of total billed charges,45 percent of billed charges; No services were performed during the 15 month look back period.,3.01644,30,,,,,0,percent of total billed charges,30% of Charges. ; No services were performed during the 15 month look back period.,1.33,,,,,,,Fee Schedule,"100% ASP Fee Schedule. ",7.340004,73,,,,,0,percent of total billed charges,73 percent of billed charges; No services were performed during the 15 month look back period.,7.340004,73,,,,,0,percent of total billed charges,73 percent of billed charges; No services were performed during the 15 month look back period.,7.340004,73,,,,,0,percent of total billed charges,73 percent of billed charges; No services were performed during the 15 month look back period.,7.340004,73,,,,,0,percent of total billed charges,73 percent of billed charges; No services were performed during the 15 month look back period.,7.340004,73,,,,,0,percent of total billed charges,73 percent of billed charges; No services were performed during the 15 month look back period.,7.340004,73,,,,,0,percent of total billed charges,73 percent of billed charges; No services were performed during the 15 month look back period.,7.340004,73,,,,,0,percent of total billed charges,73 percent of billed charges; No services were performed during the 15 month look back period.,7.340004,73,,,,,0,percent of total billed charges,73 percent of billed charges; No services were performed during the 15 month look back period.,7.340004,73,,,,,0,percent of total billed charges,73 percent of billed charges; No services were performed during the 15 month look back period.,7.340004,73,,,,,0,percent of total billed charges,73 percent of billed charges; No services were performed during the 15 month look back period.,7.340004,73,,,,,0,percent of total billed charges,73 percent of billed charges; No services were performed during the 15 month look back period.,7.340004,73,,,,,0,percent of total billed charges,73 percent of billed charges; No services were performed during the 15 month look back period.,1.4535,,,,,,,Fee Schedule,"100% ASP Fee Schedule. ",7.340004,73,,,,,0,percent of total billed charges,73 percent of billed charges; No services were performed during the 15 month look back period.,1.4535,,,,,,,Fee Schedule,"100% ASP Fee Schedule. ",1701.027273,,,,,,,Case Rate,"225 Percent of Medicaid APG. If not included in Medicaid APG, then 100 Percent of Manhattan Medicare",756.012121,,,,,,,Case Rate,"100 Percent of Medicaid APG. ",,,,,,,,Fee Schedule,"100 % Zero Pay Code. ",,,,,,,,Fee Schedule,"100 % Zero Pay Code. ",1.4535,,,,,,,Fee Schedule,"100% ASP Fee Schedule. ",8.04384,80,,,,,0,percent of total billed charges,80 percent of billed charges; No services were performed during the 15 month look back period.,1.4535,,,,,,,Fee Schedule,"100% ASP Fee Schedule. ",1.4535,,,,,,,Fee Schedule,"100% ASP Fee Schedule. ",6.03288,60,,,,,0,percent of total billed charges,60 percent of billed charges; No services were performed during the 15 month look back period.,1.4535,,,,,,,Fee Schedule,"100% ASP Fee Schedule. ",3.01644,30,,,,,0,percent of total billed charges,30 percent of billed charges; No services were performed during the 15 month look back period.,1.4535,,,,,,,Fee Schedule,"100% ASP Fee Schedule. ",3.01644,30,,,,,0,percent of total billed charges,30 percent of billed charges; No services were performed during the 15 month look back period.,6.03288,60,,,,,0,percent of total billed charges,60 percent of billed charges; No services were performed during the 15 month look back period.,3.01644,30,,,,,0,percent of total billed charges,30 percent of billed charges; No services were performed during the 15 month look back period.,1.4535,,,,,,,Fee Schedule,"100% ASP Fee Schedule. ",756.012121,,,,,,,Case Rate,"100 Percent of Medicaid APG. ",1.4535,,,,,,,Fee Schedule,"100% ASP Fee Schedule. ",3.01644,30,,,,,0,percent of total billed charges,30 percent of billed charges; No services were performed during the 15 month look back period.,,,,,,,,Fee Schedule,"100 % Zero Pay Code. ",756.012121,,,,,,,Case Rate,"100 Percent of Medicaid APG. ",4.52466,45,,,,,0,percent of total billed charges,45 percent of billed charges; No services were performed during the 15 month look back period.,907.214545,,,,,,,Fee Schedule,"120 Percent of Medicaid APG. ",907.214545,,,,,,,Fee Schedule,"120 Percent of Medicaid APG. ",4.52466,45,,,,,0,percent of total billed charges,45 percent of billed charges; No services were performed during the 15 month look back period.,4.52466,45,,,,,0,percent of total billed charges,45 percent of billed charges; No services were performed during the 15 month look back period.,4.52466,45,,,,,0,percent of total billed charges,45 percent of billed charges; No services were performed during the 15 month look back period.,,,,,,,,Fee Schedule,"100 % Zero Pay Code. ",4.52466,45,,,,,0,percent of total billed charges,45 percent of billed charges; No services were performed during the 15 month look back period.,4.52466,45,,,,,0,percent of total billed charges,45 percent of billed charges; No services were performed during the 15 month look back period.,4.52466,45,,858.78,16.04,4249.2,1 through 10,percent of total billed charges,45 percent of billed charges,7.340004,73,,,,,0,percent of total billed charges,73 percent of billed charges; No services were performed during the 15 month look back period.,7.340004,73,,,,,0,percent of total billed charges,73 percent of billed charges; No services were performed during the 15 month look back period.,2.049435,,,,,,,Fee Schedule,141 Percent of of ASP. Drugs billed with revenue code 636 and not priced by Medicare ASP fee schedule will be reimburse at 20 percent of charges,756.012121,,,,,,,Case Rate,"100 Percent of Medicaid APG. ",,,,,,,,Fee Schedule,"100 % Zero Pay Code. ",3.01644,30,,,,,0,percent of total billed charges,30 percent of billed charges; No services were performed during the 15 month look back period.,6.03288,60,,,,,0,percent of total billed charges,60 percent of billed charges; No services were performed during the 15 month look back period.,,,,,,,,Fee Schedule,"100 % Zero Pay Code. ",6.03288,60,,,,,0,percent of total billed charges,60 percent of billed charges; No services were performed during the 15 month look back period.,,,,,,,,Fee Schedule,"100 % Zero Pay Code. ",4.52466,45,,,,,0,percent of total billed charges,45 percent of billed charges; No services were performed during the 15 month look back period.,4.52466,45,,,,,0,percent of total billed charges,45 percent of billed charges; No services were performed during the 15 month look back period.,4.52466,45,,,,,0,percent of total billed charges,45 percent of billed charges; No services were performed during the 15 month look back period.,4.52466,45,,,,,0,percent of total billed charges,45 percent of billed charges; No services were performed during the 15 month look back period.,1.4535,,,,,,,Fee Schedule,"100% ASP Fee Schedule. ",1.327,1701.027273,
J0256,HCPCS,5010003,LOCAL,636,RC,ALPHA 1 PROTEINASE INHIBITOR,76.97592,14.625425,Inpatient,ME,10,,,,,,,,,,,,,,,,,,,,23.092776,30,,,,,0,percent of total billed charges,30 Percent of charges; No services were performed during the 15 month look back period.,76.97592,100,,,,,0,percent of total billed charges,100 percent of charges; No services were performed during the 15 month look back period.,,,,,,,,,,23.092776,30,,,,,0,percent of total billed charges,30 Percent of charges; No services were performed during the 15 month look back period.,23.092776,30,,,,,0,percent of total billed charges,30 Percent of charges; No services were performed during the 15 month look back period.,23.092776,30,,,,,0,percent of total billed charges,30 Percent of charges; No services were performed during the 15 month look back period.,7.697592,10,,,,,0,percent of total billed charges,10 percent of charges; No services were performed during the 15 month look back period.,,,,,,,,,,56.192422,73,,,,,0,percent of total billed charges,73 percent of charges; No services were performed during the 15 month look back period.,7.697592,10,,,,,0,percent of total billed charges,10 percent of charges; No services were performed during the 15 month look back period.,,,,,,,,,,,,,,,,,,,24.632294,32,,,,,0,percent of total billed charges,32 pecent of charges; No services were performed during the 15 month look back period.,24.632294,32,,,,,0,percent of total billed charges,32 pecent of charges; No services were performed during the 15 month look back period.,24.632294,32,,,,,0,percent of total billed charges,32 pecent of charges; No services were performed during the 15 month look back period.,24.632294,32,,,,,0,percent of total billed charges,32 pecent of charges; No services were performed during the 15 month look back period.,,,,,,,,,,,,,,,,,,,,,,,,,,,,56.192422,73,,,,,0,percent of total billed charges,73 percent of charges; No services were performed during the 15 month look back period.,23.092776,30,,,,,0,percent of total billed charges,30 Percent of charges; No services were performed during the 15 month look back period.,30.790368,40,,,,,0,percent of total billed charges,40 percent of charges; No services were performed during the 15 month look back period.,22.323017,29,,,,,0,percent of total billed charges,29 percent of charges; No services were performed during the 15 month look back period.,30.790368,40,,,,,0,percent of total billed charges,40 percent of charges; No services were performed during the 15 month look back period.,30.790368,40,,,,,0,percent of total billed charges,40 percent of charges; No services were performed during the 15 month look back period.,56.192422,73,,,,,0,percent of total billed charges,73 percent of charges; No services were performed during the 15 month look back period.,,,,,,,,,,,,,,,,,,,,,,,,,,,,,,,,,,,,,22.323017,29,,,,,0,percent of total billed charges,29 percent of charges; No services were performed during the 15 month look back period.,22.323017,29,,,,,0,percent of total billed charges,29 percent of charges; No services were performed during the 15 month look back period.,22.323017,29,,,,,0,percent of total billed charges,29 percent of charges; No services were performed during the 15 month look back period.,22.323017,29,,,,,0,percent of total billed charges,29 percent of charges; No services were performed during the 15 month look back period.,22.323017,29,,,,,0,percent of total billed charges,29 percent of charges; No services were performed during the 15 month look back period.,22.323017,29,,,,,0,percent of total billed charges,29 percent of charges; No services were performed during the 15 month look back period.,22.323017,29,,,,,0,percent of total billed charges,29 percent of charges; No services were performed during the 15 month look back period.,56.192422,73,,,,,0,percent of total billed charges,73 percent of charges; No services were performed during the 15 month look back period.,10.00687,13,,,,,0,percent of total billed charges,13 percent of charges; No services were performed during the 15 month look back period.,10.00687,13,,,,,0,percent of total billed charges,13 percent of charges; No services were performed during the 15 month look back period.,56.192422,73,,,,,0,percent of total billed charges,73 percent of charges; No services were performed during the 15 month look back period.,24.632294,32,,,,,0,percent of total billed charges,32 pecent of charges; No services were performed during the 15 month look back period.,7.697592,10,,,,,0,percent of total billed charges,10 percent of charges; No services were performed during the 15 month look back period.,7.697592,10,,,,,0,percent of total billed charges,10 percent of charges; No services were performed during the 15 month look back period.,56.192422,73,,,,,0,percent of total billed charges,73 percent of charges; No services were performed during the 15 month look back period.,,,,,,,,,,7.697592,10,,,,,0,percent of total billed charges,10 percent of charges; No services were performed during the 15 month look back period.,7.697592,10,,,,,0,percent of total billed charges,10 percent of charges; No services were performed during the 15 month look back period.,7.697592,10,,,,,0,percent of total billed charges,10 percent of charges; No services were performed during the 15 month look back period.,,,,,,,,,,7.697592,10,,,,,0,percent of total billed charges,10 percent of charges; No services were performed during the 15 month look back period.,7.697592,10,,,,,0,percent of total billed charges,10 percent of charges; No services were performed during the 15 month look back period.,,,,,,,,,,18.474221,24,,,,,0,percent of total billed charges,24 percent of charges; No services were performed during the 15 month look back period.,,,,,,,,,,,,,,,,,,,,,,,,,,,,,,,,,,,,,,,,,,,,,,,,,,,,,,,,,,,,,,,,,,,,,,,,,,,,,,,,,,56.192422,73,,,,,0,percent of total billed charges,73 percent of charges; No services were performed during the 15 month look back period.,56.192422,73,,,,,0,percent of total billed charges,73 percent of charges; No services were performed during the 15 month look back period.,56.192422,73,,,,,0,percent of total billed charges,73 percent of charges; No services were performed during the 15 month look back period.,56.192422,73,,,,,0,percent of total billed charges,73 percent of charges; No services were performed during the 15 month look back period.,56.192422,73,,,,,0,percent of total billed charges,73 percent of charges; No services were performed during the 15 month look back period.,56.192422,73,,,,,0,percent of total billed charges,73 percent of charges; No services were performed during the 15 month look back period.,56.192422,73,,,,,0,percent of total billed charges,73 percent of charges; No services were performed during the 15 month look back period.,56.192422,73,,,,,0,percent of total billed charges,73 percent of charges; No services were performed during the 15 month look back period.,56.192422,73,,,,,0,percent of total billed charges,73 percent of charges; No services were performed during the 15 month look back period.,56.192422,73,,,,,0,percent of total billed charges,73 percent of charges; No services were performed during the 15 month look back period.,56.192422,73,,,,,0,percent of total billed charges,73 percent of charges; No services were performed during the 15 month look back period.,56.192422,73,,,,,0,percent of total billed charges,73 percent of charges; No services were performed during the 15 month look back period.,56.192422,73,,,,,0,percent of total billed charges,73 percent of charges; No services were performed during the 15 month look back period.,56.192422,73,,,,,0,percent of total billed charges,73 percent of charges; No services were performed during the 15 month look back period.,56.192422,73,,,,,0,percent of total billed charges,73 percent of charges; No services were performed during the 15 month look back period.,56.192422,73,,,,,0,percent of total billed charges,73 percent of charges; No services were performed during the 15 month look back period.,56.192422,73,,,,,0,percent of total billed charges,73 percent of charges; No services were performed during the 15 month look back period.,56.192422,73,,,,,0,percent of total billed charges,73 percent of charges; No services were performed during the 15 month look back period.,56.192422,73,,,,,0,percent of total billed charges,73 percent of charges; No services were performed during the 15 month look back period.,56.192422,73,,,,,0,percent of total billed charges,73 percent of charges; No services were performed during the 15 month look back period.,56.192422,73,,,,,0,percent of total billed charges,73 percent of charges; No services were performed during the 15 month look back period.,56.192422,73,,,,,0,percent of total billed charges,73 percent of charges; No services were performed during the 15 month look back period.,56.192422,73,,,,,0,percent of total billed charges,73 percent of charges; No services were performed during the 15 month look back period.,56.192422,73,,,,,0,percent of total billed charges,73 percent of charges; No services were performed during the 15 month look back period.,56.192422,73,,,,,0,percent of total billed charges,73 percent of charges; No services were performed during the 15 month look back period.,56.192422,73,,,,,0,percent of total billed charges,73 percent of charges; No services were performed during the 15 month look back period.,22.323017,29,,,,,0,percent of total billed charges,29 percent of charges; No services were performed during the 15 month look back period.,22.323017,29,,,,,0,percent of total billed charges,29 percent of charges; No services were performed during the 15 month look back period.,22.323017,29,,,,,0,percent of total billed charges,29 percent of charges; No services were performed during the 15 month look back period.,22.323017,29,,,,,0,percent of total billed charges,29 percent of charges; No services were performed during the 15 month look back period.,30.790368,40,,,,,0,percent of total billed charges,40 percent of charges; No services were performed during the 15 month look back period.,30.790368,40,,,,,0,percent of total billed charges,40 percent of charges; No services were performed during the 15 month look back period.,24.632294,32,,,,,0,percent of total billed charges,32 pecent of charges; No services were performed during the 15 month look back period.,,,,,,,,,,7.697592,10,,,,,0,percent of total billed charges,10 percent of charges; No services were performed during the 15 month look back period.,,,,,,,,,,56.192422,73,,,,,0,percent of total billed charges,73 percent of charges; No services were performed during the 15 month look back period.,30.790368,40,,,,,0,percent of total billed charges,40 percent of charges; No services were performed during the 15 month look back period.,,,,,,,,,,7.697592,10,,,,,0,percent of total billed charges,10 percent of charges; No services were performed during the 15 month look back period.,24.632294,32,,,,,0,percent of total billed charges,32 pecent of charges; No services were performed during the 15 month look back period.,,,,,,,,,,56.192422,73,,,,,0,percent of total billed charges,73 percent of charges; No services were performed during the 15 month look back period.,,,,,,,,,,22.323017,29,,,,,0,percent of total billed charges,29 percent of charges; No services were performed during the 15 month look back period.,22.323017,29,,,,,0,percent of total billed charges,29 percent of charges; No services were performed during the 15 month look back period.,22.323017,29,,,,,0,percent of total billed charges,29 percent of charges; No services were performed during the 15 month look back period.,,,,,,,,,,18.474221,24,,,,,0,percent of total billed charges,24 percent of charges; No services were performed during the 15 month look back period.,,,,,,,,,,,,,,,,,,,,,,,,,,,,,,,,,,,,,,,,,,,,,,23.092776,30,,,,,0,percent of total billed charges,30 Percent of charges; No services were performed during the 15 month look back period.,23.092776,30,,,,,0,percent of total billed charges,30 Percent of charges; No services were performed during the 15 month look back period.,,,,,,,,,,24.632294,32,,,,,0,percent of total billed charges,32 pecent of charges; No services were performed during the 15 month look back period.,7.697592,10,,,,,0,percent of total billed charges,10 percent of charges; No services were performed during the 15 month look back period.,7.697592,10,,,,,0,percent of total billed charges,10 percent of charges; No services were performed during the 15 month look back period.,,,,,,,,,,24.632294,32,,,,,0,percent of total billed charges,32 pecent of charges; No services were performed during the 15 month look back period.,23.092776,30,,,,,0,percent of total billed charges,30 Percent of charges; No services were performed during the 15 month look back period.,23.092776,30,,,,,0,percent of total billed charges,30 Percent of charges; No services were performed during the 15 month look back period.,23.092776,30,,,,,0,percent of total billed charges,30 Percent of charges; No services were performed during the 15 month look back period.,56.192422,73,,,,,0,percent of total billed charges,73 percent of charges; No services were performed during the 15 month look back period.,56.192422,73,,,,,0,percent of total billed charges,73 percent of charges; No services were performed during the 15 month look back period.,56.192422,73,,,,,0,percent of total billed charges,73 percent of charges; No services were performed during the 15 month look back period.,56.192422,73,,,,,0,percent of total billed charges,73 percent of charges; No services were performed during the 15 month look back period.,56.192422,73,,,,,0,percent of total billed charges,73 percent of charges; No services were performed during the 15 month look back period.,56.192422,73,,,,,0,percent of total billed charges,73 percent of charges; No services were performed during the 15 month look back period.,56.192422,73,,,,,0,percent of total billed charges,73 percent of charges; No services were performed during the 15 month look back period.,56.192422,73,,,,,0,percent of total billed charges,73 percent of charges; No services were performed during the 15 month look back period.,56.192422,73,,,,,0,percent of total billed charges,73 percent of charges; No services were performed during the 15 month look back period.,56.192422,73,,,,,0,percent of total billed charges,73 percent of charges; No services were performed during the 15 month look back period.,56.192422,73,,,,,0,percent of total billed charges,73 percent of charges; No services were performed during the 15 month look back period.,30.790368,40,,,,,0,percent of total billed charges,40 percent of charges; No services were performed during the 15 month look back period.,,,,,,,,,,24.632294,32,,,,,0,percent of total billed charges,32 pecent of charges; No services were performed during the 15 month look back period.,,,,,,,,,,23.092776,30,,,,,0,percent of total billed charges,30 Percent of charges; No services were performed during the 15 month look back period.,24.632294,32,,,,,0,percent of total billed charges,32 pecent of charges; No services were performed during the 15 month look back period.,24.632294,32,,,,,0,percent of total billed charges,32 pecent of charges; No services were performed during the 15 month look back period.,56.192422,73,,,,,0,percent of total billed charges,73 percent of charges; No services were performed during the 15 month look back period.,15.395184,20,,,,,0,percent of total billed charges,20 percent of charges; No services were performed during the 15 month look back period.,24.632294,32,,,,,0,percent of total billed charges,32 pecent of charges; No services were performed during the 15 month look back period.,,,,,,,,,,,,,,,,,,,,,,,,,,,,,,,,,,,,,,,,,,,,,,,,,,,,,,,,,,,,,,,,24.632294,32,,,,,0,percent of total billed charges,32 pecent of charges; No services were performed during the 15 month look back period.,18.474221,24,,,,,0,percent of total billed charges,24 percent of charges; No services were performed during the 15 month look back period.,,,,,,,,,,,,,,,,,,,,,,,,,,,,,,,,,,,,,,,,,,,,,,,,,,,,,,,18.474221,24,,,,,0,percent of total billed charges,24 percent of charges; No services were performed during the 15 month look back period.,23.862535,31,,,,,0,percent of total billed charges,31 percent of charges; No services were performed during the 15 month look back period.,23.862535,31,,,,,0,percent of total billed charges,31 percent of charges; No services were performed during the 15 month look back period.,23.862535,31,,,,,0,percent of total billed charges,31 percent of charges; No services were performed during the 15 month look back period.,23.862535,31,,,,,0,percent of total billed charges,31 percent of charges; No services were performed during the 15 month look back period.,23.862535,31,,,,,0,percent of total billed charges,31 percent of charges; No services were performed during the 15 month look back period.,,,,,,,,,,30.790368,40,,,,,0,percent of total billed charges,40 percent of charges; No services were performed during the 15 month look back period.,30.790368,40,,,,,0,percent of total billed charges,40 percent of charges; No services were performed during the 15 month look back period.,30.790368,40,,,,,0,percent of total billed charges,40 percent of charges; No services were performed during the 15 month look back period.,30.790368,40,,,,,0,percent of total billed charges,40 percent of charges; No services were performed during the 15 month look back period.,23.092776,30,,,,,0,percent of total billed charges,30 Percent of charges; No services were performed during the 15 month look back period.,23.092776,30,,,,,0,percent of total billed charges,30 Percent of charges; No services were performed during the 15 month look back period.,23.092776,30,,,,,0,percent of total billed charges,30 Percent of charges; No services were performed during the 15 month look back period.,23.092776,30,,,,,0,percent of total billed charges,30 Percent of charges; No services were performed during the 15 month look back period.,18.474221,24,,,,,0,percent of total billed charges,24 percent of charges; No services were performed during the 15 month look back period.,18.474221,24,,,,,0,percent of total billed charges,24 percent of charges; No services were performed during the 15 month look back period.,,,,,,,,,,,,,,,,,,,,,,,,,,,,,,,,,,,,,,,,,,,,,,,,,,,,,,,18.474221,24,,,,,0,percent of total billed charges,24 percent of charges; No services were performed during the 15 month look back period.,23.092776,30,,,,,0,percent of total billed charges,30 Percent of charges; No services were performed during the 15 month look back period.,,,,,,,,,,,,,,,,,,,,,,,,,,,,,,,,,,,,,,,,,,,,,,,,,,,,,,,,,,,,,,,,,,,,,,,,,,,,,,,,,,,,,,,,,,,,,,,,,,,,,,,,,,,,,,,,,,,,,,,,,,,,,,,,,,,,,,,,,,,,,,,,,,,,,,,,,,,,,,,,,,,,,,,,,,,,,,,,,,,,,,,,,,,,,,,,,,,,,,,23.092776,30,,,,,0,percent of total billed charges,30 Percent of charges; No services were performed during the 15 month look back period.,,,,,,,,,,,,,,,,,,,,,,,,,,,,,,,,,,,,,,,,,,,,,,,,,,,,,,,,,,,,,,,,7.697592,10,,,,,0,percent of total billed charges,10 percent of charges; No services were performed during the 15 month look back period.,7.697592,10,,,,,0,percent of total billed charges,10 percent of charges; No services were performed during the 15 month look back period.,7.697592,10,,,,,0,percent of total billed charges,10 percent of charges; No services were performed during the 15 month look back period.,7.697592,10,,,,,0,percent of total billed charges,10 percent of charges; No services were performed during the 15 month look back period.,,,,,,,,,,18.474221,24,,,,,0,percent of total billed charges,24 percent of charges; No services were performed during the 15 month look back period.,22.323017,29,,,,,0,percent of total billed charges,29 percent of charges; No services were performed during the 15 month look back period.,22.323017,29,,,,,0,percent of total billed charges,29 percent of charges; No services were performed during the 15 month look back period.,22.323017,29,,,,,0,percent of total billed charges,29 percent of charges; No services were performed during the 15 month look back period.,22.323017,29,,,,,0,percent of total billed charges,29 percent of charges; No services were performed during the 15 month look back period.,,,,,,,,,,,,,,,,,,,,,,,,,,,,,,,,,,,,,,,,,,,,,,,,,,,,,,,,,,,,,,,,,,,,,,,,,,,,,,,,,,,,,,,,,,,23.092776,30,,,,,0,percent of total billed charges,30 Percent of charges; No services were performed during the 15 month look back period.,,,,,,,,,,,,,,,,,,,,,,,,,,,,,,,,,,,,,,,,,,,,,,,,,,,,,,,,,,,,,,,,,,,,,,,,,,,,,,,,,,,,,,,,,,,,,,,,,,,,,,,,,,,,,,,,,,,,,,,,,,,,,,,24.632294,32,,,,,0,percent of total billed charges,32 pecent of charges; No services were performed during the 15 month look back period.,,,,,,,,,,,,,,,,,,,,,,,,,,,,,,,,,,,,,,,,,,,,,,22.323017,29,,,,,0,percent of total billed charges,29 percent of charges; No services were performed during the 15 month look back period.,22.323017,29,,,,,0,percent of total billed charges,29 percent of charges; No services were performed during the 15 month look back period.,22.323017,29,,,,,0,percent of total billed charges,29 percent of charges; No services were performed during the 15 month look back period.,22.323017,29,,,,,0,percent of total billed charges,29 percent of charges; No services were performed during the 15 month look back period.,,,,,,,,,,22.323017,29,,,,,0,percent of total billed charges,29 percent of charges; No services were performed during the 15 month look back period.,23.092776,30,,,,,0,percent of total billed charges,30 Percent of charges; No services were performed during the 15 month look back period.,22.323017,29,,,,,0,percent of total billed charges,29 percent of charges; No services were performed during the 15 month look back period.,24.632294,32,,,,,0,percent of total billed charges,32 pecent of charges; No services were performed during the 15 month look back period.,22.323017,29,,,,,0,percent of total billed charges,29 percent of charges; No services were performed during the 15 month look back period.,,,,,,,,,,,,,,,,,,,,,,,,,,,,22.323017,29,,,,,0,percent of total billed charges,29 percent of charges; No services were performed during the 15 month look back period.,,,,,,,,,,,,,,,,,,,,,,,,,,,,,,,,,,,,,,,,,,,,,,22.323017,29,,,,,0,percent of total billed charges,29 percent of charges; No services were performed during the 15 month look back period.,22.323017,29,,,,,0,percent of total billed charges,29 percent of charges; No services were performed during the 15 month look back period.,22.323017,29,,,,,0,percent of total billed charges,29 percent of charges; No services were performed during the 15 month look back period.,22.323017,29,,,,,0,percent of total billed charges,29 percent of charges; No services were performed during the 15 month look back period.,,,,,,,,,,,,,,,,,,,,,,,,,,,,,,,,,,,,,,,,,,,,,,,,,,,,,,,,,,,,,,,,,,,,,,,,,,,,,,,,,,,,,,,,,,,22.323017,29,,,,,0,percent of total billed charges,29 percent of charges; No services were performed during the 15 month look back period.,24.632294,32,,,,,0,percent of total billed charges,32 pecent of charges; No services were performed during the 15 month look back period.,56.192422,73,,,,,0,percent of total billed charges,73 percent of charges; No services were performed during the 15 month look back period.,7.697592,10,,,,,0,percent of total billed charges,10 percent of charges; No services were performed during the 15 month look back period.,7.697592,10,,,,,0,percent of total billed charges,10 percent of charges; No services were performed during the 15 month look back period.,23.092776,30,,,,,0,percent of total billed charges,30 Percent of charges; No services were performed during the 15 month look back period.,,,,,,,,,,30.790368,40,,,,,0,percent of total billed charges,40 percent of charges; No services were performed during the 15 month look back period.,30.790368,40,,,,,0,percent of total billed charges,40 percent of charges; No services were performed during the 15 month look back period.,,,,,,,,,,,,,,,,,,,,,,,,,,,,,,,,,,,,,,,,,,,,,,,,,,,,,,,7.697592,10,,,,,0,percent of total billed charges,10 percent of charges; No services were performed during the 15 month look back period.,,,,,,,,,,,,,,,,,,,,,,,,,,,,,,,,,,,,,22.323017,29,,,,,0,percent of total billed charges,29 percent of charges; No services were performed during the 15 month look back period.,,,,,,,,,,,,,,,,,,,22.323017,29,,,,,0,percent of total billed charges,29 percent of charges; No services were performed during the 15 month look back period.,,,,,,,,,,,,,,,,,,,,,,,,,,,,18.474221,24,,,,,0,percent of total billed charges,24 percent of charges; No services were performed during the 15 month look back period.,22.323017,29,,,,,0,percent of total billed charges,29 percent of charges; No services were performed during the 15 month look back period.,,,,,,,,,,,,,,,,,,,,,,,,,,,,,,,,,,,,,7.697592,10,,,,,0,percent of total billed charges,10 percent of charges; No services were performed during the 15 month look back period.,,,,,,,,,,,,,,,,,,,,,,,,,,,,,,,,,,,,,,,,,,,,,,,,,,,,,,,,,,,,,,,,,,,,,,,,,7.697592,10,,,,,0,percent of total billed charges,10 percent of charges; No services were performed during the 15 month look back period.,,,,,,,,,,,,,,,,,,,,,,,,,,,,,,,,,,,,,,,,,,,,,,,,,,,,,,,,,,,,,,,,,,,,,,,,,,,,,,,,,,,,,,,,,,,,,,,,,,,,,,,,,,,,,,,,,,,,,,22.323017,29,,,,,0,percent of total billed charges,29 percent of charges; No services were performed during the 15 month look back period.,22.323017,29,,,,,0,percent of total billed charges,29 percent of charges; No services were performed during the 15 month look back period.,22.323017,29,,,,,0,percent of total billed charges,29 percent of charges; No services were performed during the 15 month look back period.,22.323017,29,,,,,0,percent of total billed charges,29 percent of charges; No services were performed during the 15 month look back period.,22.323017,29,,,,,0,percent of total billed charges,29 percent of charges; No services were performed during the 15 month look back period.,22.323017,29,,,,,0,percent of total billed charges,29 percent of charges; No services were performed during the 15 month look back period.,22.323017,29,,,,,0,percent of total billed charges,29 percent of charges; No services were performed during the 15 month look back period.,22.323017,29,,,,,0,percent of total billed charges,29 percent of charges; No services were performed during the 15 month look back period.,22.323017,29,,,,,0,percent of total billed charges,29 percent of charges; No services were performed during the 15 month look back period.,22.323017,29,,,,,0,percent of total billed charges,29 percent of charges; No services were performed during the 15 month look back period.,22.323017,29,,,,,0,percent of total billed charges,29 percent of charges; No services were performed during the 15 month look back period.,22.323017,29,,,,,0,percent of total billed charges,29 percent of charges; No services were performed during the 15 month look back period.,22.323017,29,,,,,0,percent of total billed charges,29 percent of charges; No services were performed during the 15 month look back period.,,,,,,,,,,22.323017,29,,,,,0,percent of total billed charges,29 percent of charges; No services were performed during the 15 month look back period.,,,,,,,,,,14.625425,19,,,,,0,percent of total billed charges,19 percent of charges; No services were performed during the 15 month look back period.,10.00687,13,,,,,0,percent of total billed charges,13 percent of charges; No services were performed during the 15 month look back period.,7.697592,10,,,,,0,percent of total billed charges,10 percent of charges; No services were performed during the 15 month look back period.,7.697592,10,,,,,0,percent of total billed charges,10 percent of charges; No services were performed during the 15 month look back period.,,,,,,,,,,30.790368,40,,,,,0,percent of total billed charges,40 percent of charges; No services were performed during the 15 month look back period.,,,,,,,,,,,,,,,,,,,23.092776,30,,,,,0,percent of total billed charges,30 Percent of charges; No services were performed during the 15 month look back period.,,,,,,,,,,24.632294,32,,,,,0,percent of total billed charges,32 pecent of charges; No services were performed during the 15 month look back period.,,,,,,,,,,24.632294,32,,,,,0,percent of total billed charges,32 pecent of charges; No services were performed during the 15 month look back period.,23.092776,30,,,,,0,percent of total billed charges,30 Percent of charges; No services were performed during the 15 month look back period.,24.632294,32,,,,,0,percent of total billed charges,32 pecent of charges; No services were performed during the 15 month look back period.,,,,,,,,,,,,,,,,,,,,,,,,,,,,24.632294,32,,,,,0,percent of total billed charges,32 pecent of charges; No services were performed during the 15 month look back period.,7.697592,10,,,,,0,percent of total billed charges,10 percent of charges; No services were performed during the 15 month look back period.,,,,,,,,,,,,,,,,,,,,,,,,,,,,,,,,,,,,,,,,,,,,,,,,,,,,,,,,,,,,,,,,7.697592,10,,,,,0,percent of total billed charges,10 percent of charges; No services were performed during the 15 month look back period.,,,,,,,,,,,,,,,,,,,,,,,,,,,,22.323017,29,,,,,0,percent of total billed charges,29 percent of charges; No services were performed during the 15 month look back period.,22.323017,29,,,,,0,percent of total billed charges,29 percent of charges; No services were performed during the 15 month look back period.,23.862535,31,,,,,0,percent of total billed charges,31 percent of charges; No services were performed during the 15 month look back period.,,,,,,,,,,7.697592,10,,,,,0,percent of total billed charges,10 percent of charges; No services were performed during the 15 month look back period.,24.632294,32,,,,,0,percent of total billed charges,32 pecent of charges; No services were performed during the 15 month look back period.,23.092776,30,,,,,0,percent of total billed charges,30 Percent of charges; No services were performed during the 15 month look back period.,7.697592,10,,,,,0,percent of total billed charges,10 percent of charges; No services were performed during the 15 month look back period.,23.092776,30,,,,,0,percent of total billed charges,30 Percent of charges; No services were performed during the 15 month look back period.,7.697592,10,,,,,0,percent of total billed charges,10 percent of charges; No services were performed during the 15 month look back period.,,,,,,,,,,,,,,,,,,,,,,,,,,,,,,,,,,,,,,,,,,,,,,0.38488,3496.990909,
J0456,HCPCS,5010003,LOCAL,636,RC,AZITHROMYCIN,16.07256,3.053786,Outpatient,ME,500,,2.22,,,,,,,Fee Schedule,"100 % 1199 Fee Schedule. ",2.22,,,,,,,Fee Schedule,"100 % 1199 Fee Schedule. ",9.643536,60,,,,,0,percent of total billed charges,60 percent of billed charges; No services were performed during the 15 month look back period.,16.07256,100,,,,,0,percent of total billed charges,100 percent of billed charges; No services were performed during the 15 month look back period.,,,,,,,,Other,"Not Payable. ",9.643536,60,,,,,0,percent of total billed charges,60 percent of billed charges; No services were performed during the 15 month look back period.,9.643536,60,,,,,0,percent of total billed charges,60 percent of billed charges; No services were performed during the 15 month look back period.,9.643536,60,,,,,0,percent of total billed charges,60 percent of billed charges; No services were performed during the 15 month look back period.,,,,,,,,Other,"100 Percent of Medicaid APG. ",,,,,,,,Other,"100 Percent of Medicaid APG. ",12.536597,78,,,,,0,percent of total billed charges,78% of Billed Charges. Lesser of 100% of billed charges applies.; No services were performed during the 15 month look back period.,,,,,,,,Fee Schedule,"100 % Zero Pay Code. ",,,,,,,,Other,"100 Percent of Medicaid APG. ",,,,,,,,Other,"Not Payable. ",4.821768,30,,,,,0,percent of total billed charges,30 percent of billed charges; No services were performed during the 15 month look back period.,4.821768,30,,,,,0,percent of total billed charges,30 percent of billed charges; No services were performed during the 15 month look back period.,4.821768,30,,,,,0,percent of total billed charges,30 percent of billed charges; No services were performed during the 15 month look back period.,4.821768,30,,,,,0,percent of total billed charges,30 percent of billed charges; No services were performed during the 15 month look back period.,5.658,,,,,,,Fee schedule,"115 Percent of AWP Fee Schedule. ",,,,,,,,Other,"Not Payable. ",5.658,,,,,,,Fee schedule,"115 Percent of AWP Fee Schedule. ",12.536597,78,,,,,0,percent of total billed charges,78% of Billed Charges. Lesser of 100% of billed charges applies.; No services were performed during the 15 month look back period.,9.643536,60,,,,,0,percent of total billed charges,60 percent of billed charges; No services were performed during the 15 month look back period.,,,,,,,,Other,"Not Payable. ",11.732969,73,,,,,0,percent of total billed charges,73 percent of billed charges; No services were performed during the 15 month look back period.,,,,,,,,Other,"Not Payable. ",,,,,,,,Other,"Not Payable. ",12.536597,78,,,,,0,percent of total billed charges,78% of Billed Charges. Lesser of 100% of billed charges applies.; No services were performed during the 15 month look back period.,2.614,,,,,,,Fee Schedule,100 Percent of ASP if not priced then 95 Percent of AWP. Lesser of 100% of billed charges applies.,2.614,,,,,,,Fee Schedule,100 Percent of ASP if not priced then 95 Percent of AWP. Lesser of 100% of billed charges applies.,2.4833,,,,,,,Fee schedule,"95 Percent of ASP. ",2.4833,,,,,,,Fee schedule,"95 Percent of ASP. ",11.732969,73,,,,,0,percent of total billed charges,73 percent of billed charges; No services were performed during the 15 month look back period.,11.732969,73,,,,,0,percent of total billed charges,73 percent of billed charges; No services were performed during the 15 month look back period.,,,,,,,,Other,"100 Percent of Medicaid APG. Not APG payable, or payable under another fee schedule like ASP/AWP pays at 30% of charges",11.732969,73,,,,,0,percent of total billed charges,73 percent of billed charges; No services were performed during the 15 month look back period.,,,,,,,,Other,"100 Percent of Medicaid APG. Not APG payable, or payable under another fee schedule like ASP/AWP pays at 30% of charges",,,,,,,,Other,"Not Payable. ",11.732969,73,,,,,0,percent of total billed charges,73 percent of billed charges; No services were performed during the 15 month look back period.,12.536597,78,,,,,0,percent of total billed charges,78% of Billed Charges. Lesser of 100% of billed charges applies.; No services were performed during the 15 month look back period.,,,,,,,,Other,"106 percent of Average Sales Price.. Drugs not priced under APG, billed with revenue code 636 and not priced by Medicare ASP FeeSched will be reimbursed at 20% of charges.",,,,,,,,Other,"106 percent of Average Sales Price.. Drugs not priced under APG, billed with revenue code 636 and not priced by Medicare ASP FeeSched will be reimbursed at 20% of charges.",12.536597,78,,,,,0,percent of total billed charges,78% of Billed Charges. Lesser of 100% of billed charges applies.; No services were performed during the 15 month look back period.,4.821768,30,,,,,0,percent of total billed charges,30 percent of billed charges; No services were performed during the 15 month look back period.,,,,,,,,Fee Schedule,"100 % Zero Pay Code. ",,,,,,,,Fee Schedule,"100 % Zero Pay Code. ",12.536597,78,,,,,0,percent of total billed charges,78% of Billed Charges. Lesser of 100% of billed charges applies.; No services were performed during the 15 month look back period.,,,,,,,,Other,"Not Payable. ",,,,,,,,Fee Schedule,"100 % Zero Pay Code. ",,,,,,,,Fee Schedule,"100 % Zero Pay Code. ",,,,,,,,Fee Schedule,"100 % Zero Pay Code. ",,,,,,,,Other,"Not Payable. ",,,,,,,,Fee Schedule,"100 % Zero Pay Code. ",,,,,,,,Fee Schedule,"100 % Zero Pay Code. ",,,,,,,,Other,"Not Payable. ",8.03628,50,,,,,0,percent of total billed charges,50 percent of billed charges; No services were performed during the 15 month look back period.,7.232652,45,,,,,0,percent of total billed charges,45 percent of billed charges; No services were performed during the 15 month look back period.,7.232652,45,,,,,0,percent of total billed charges,45 percent of billed charges; No services were performed during the 15 month look back period.,7.232652,45,,,,,0,percent of total billed charges,45 percent of billed charges; No services were performed during the 15 month look back period.,7.232652,45,,,,,0,percent of total billed charges,45 percent of billed charges; No services were performed during the 15 month look back period.,7.232652,45,,,,,0,percent of total billed charges,45 percent of billed charges; No services were performed during the 15 month look back period.,7.232652,45,,,,,0,percent of total billed charges,45 percent of billed charges; No services were performed during the 15 month look back period.,,,,,,,,Other,"Not Payable. ",,,,,,,,Other,"Not Payable. ",7.232652,45,,,,,0,percent of total billed charges,45 percent of billed charges; No services were performed during the 15 month look back period.,12.536597,78,,,,,0,percent of total billed charges,78% of Billed Charges. Lesser of 100% of billed charges applies.; No services were performed during the 15 month look back period.,12.536597,78,,,,,0,percent of total billed charges,78% of Billed Charges. Lesser of 100% of billed charges applies.; No services were performed during the 15 month look back period.,12.536597,78,,,,,0,percent of total billed charges,78% of Billed Charges. Lesser of 100% of billed charges applies.; No services were performed during the 15 month look back period.,12.536597,78,,,,,0,percent of total billed charges,78% of Billed Charges. Lesser of 100% of billed charges applies.; No services were performed during the 15 month look back period.,12.536597,78,,,,,0,percent of total billed charges,78% of Billed Charges. Lesser of 100% of billed charges applies.; No services were performed during the 15 month look back period.,12.536597,78,,,,,0,percent of total billed charges,78% of Billed Charges. Lesser of 100% of billed charges applies.; No services were performed during the 15 month look back period.,12.536597,78,,,,,0,percent of total billed charges,78% of Billed Charges. Lesser of 100% of billed charges applies.; No services were performed during the 15 month look back period.,12.536597,78,,,,,0,percent of total billed charges,78% of Billed Charges. Lesser of 100% of billed charges applies.; No services were performed during the 15 month look back period.,12.536597,78,,,,,0,percent of total billed charges,78% of Billed Charges. Lesser of 100% of billed charges applies.; No services were performed during the 15 month look back period.,12.536597,78,,,,,0,percent of total billed charges,78% of Billed Charges. Lesser of 100% of billed charges applies.; No services were performed during the 15 month look back period.,12.536597,78,,,,,0,percent of total billed charges,78% of Billed Charges. Lesser of 100% of billed charges applies.; No services were performed during the 15 month look back period.,12.536597,78,,,,,0,percent of total billed charges,78% of Billed Charges. Lesser of 100% of billed charges applies.; No services were performed during the 15 month look back period.,12.536597,78,,,,,0,percent of total billed charges,78% of Billed Charges. Lesser of 100% of billed charges applies.; No services were performed during the 15 month look back period.,12.536597,78,,,,,0,percent of total billed charges,78% of Billed Charges. Lesser of 100% of billed charges applies.; No services were performed during the 15 month look back period.,12.536597,78,,,,,0,percent of total billed charges,78% of Billed Charges. Lesser of 100% of billed charges applies.; No services were performed during the 15 month look back period.,12.536597,78,,,,,0,percent of total billed charges,78% of Billed Charges. Lesser of 100% of billed charges applies.; No services were performed during the 15 month look back period.,12.536597,78,,,,,0,percent of total billed charges,78% of Billed Charges. Lesser of 100% of billed charges applies.; No services were performed during the 15 month look back period.,12.536597,78,,,,,0,percent of total billed charges,78% of Billed Charges. Lesser of 100% of billed charges applies.; No services were performed during the 15 month look back period.,12.536597,78,,,,,0,percent of total billed charges,78% of Billed Charges. Lesser of 100% of billed charges applies.; No services were performed during the 15 month look back period.,12.536597,78,,,,,0,percent of total billed charges,78% of Billed Charges. Lesser of 100% of billed charges applies.; No services were performed during the 15 month look back period.,12.536597,78,,,,,0,percent of total billed charges,78% of Billed Charges. Lesser of 100% of billed charges applies.; No services were performed during the 15 month look back period.,12.536597,78,,,,,0,percent of total billed charges,78% of Billed Charges. Lesser of 100% of billed charges applies.; No services were performed during the 15 month look back period.,12.536597,78,,,,,0,percent of total billed charges,78% of Billed Charges. Lesser of 100% of billed charges applies.; No services were performed during the 15 month look back period.,12.536597,78,,,,,0,percent of total billed charges,78% of Billed Charges. Lesser of 100% of billed charges applies.; No services were performed during the 15 month look back period.,12.536597,78,,,,,0,percent of total billed charges,78% of Billed Charges. Lesser of 100% of billed charges applies.; No services were performed during the 15 month look back period.,12.536597,78,,,,,0,percent of total billed charges,78% of Billed Charges. Lesser of 100% of billed charges applies.; No services were performed during the 15 month look back period.,11.732969,73,,,,,0,percent of total billed charges,73 percent of billed charges; No services were performed during the 15 month look back period.,11.732969,73,,,,,0,percent of total billed charges,73 percent of billed charges; No services were performed during the 15 month look back period.,11.732969,73,,,,,0,percent of total billed charges,73 percent of billed charges; No services were performed during the 15 month look back period.,11.732969,73,,,,,0,percent of total billed charges,73 percent of billed charges; No services were performed during the 15 month look back period.,12.858048,80,,,,,0,percent of total billed charges,80 percent of billed charges; No services were performed during the 15 month look back period.,12.858048,80,,,,,0,percent of total billed charges,80 percent of billed charges; No services were performed during the 15 month look back period.,4.821768,30,,,,,0,percent of total billed charges,30 percent of billed charges; No services were performed during the 15 month look back period.,7.232652,45,,,,,0,percent of total billed charges,45 percent of billed charges; No services were performed during the 15 month look back period.,,,,,,,,Fee Schedule,"100 % Zero Pay Code. ",7.232652,45,,,,,0,percent of total billed charges,45 percent of billed charges; No services were performed during the 15 month look back period.,12.536597,78,,,,,0,percent of total billed charges,78% of Billed Charges. Lesser of 100% of billed charges applies.; No services were performed during the 15 month look back period.,12.858048,80,,,,,0,percent of total billed charges,80 percent of billed charges; No services were performed during the 15 month look back period.,7.232652,45,,,,,0,percent of total billed charges,45 percent of billed charges; No services were performed during the 15 month look back period.,,,,,,,,Fee Schedule,"100 % Zero Pay Code. ",4.821768,30,,,,,0,percent of total billed charges,30 percent of billed charges; No services were performed during the 15 month look back period.,,,,,,,,,"NA. ",12.536597,78,,,,,0,percent of total billed charges,78% of Billed Charges. Lesser of 100% of billed charges applies.; No services were performed during the 15 month look back period.,,,,,,,,Other,"100 Percent of Medicaid APG. ",11.732969,73,,,,,0,percent of total billed charges,73 percent of billed charges; No services were performed during the 15 month look back period.,,,,,,,,Other,"100 Percent of Medicaid APG. Not APG payable, or payable under another fee schedule like ASP/AWP pays at 30% of charges",,,,,,,,Other,"Not Payable. ",,,,,,,,Other,"Not Payable. ",8.03628,50,,,,,0,percent of total billed charges,50 percent of billed charges; No services were performed during the 15 month look back period.,,,,,,,,Other,"Not Payable. ",,,,,,,,Other,"Not Payable. ",,,,,,,,Other,"100 Percent of Medicaid APG. ",,,,,,,,Other,"Not Payable. ",,,,,,,,Other,"Not Payable. ",9.643536,60,,,,,0,percent of total billed charges,60 percent of billed charges; No services were performed during the 15 month look back period.,9.643536,60,,,,,0,percent of total billed charges,60 percent of billed charges; No services were performed during the 15 month look back period.,,,,,,,,Other,"Not Payable. ",4.821768,30,,,,,0,percent of total billed charges,30 percent of billed charges; No services were performed during the 15 month look back period.,,,,,,,,Fee Schedule,"100 % Zero Pay Code. ",,,,,,,,Fee Schedule,"100 % Zero Pay Code. ",,,,,,,,Other,"Not Payable. ",4.821768,30,,3.88,3.88,3.88,1 through 10,percent of total billed charges,30 percent of billed charges,9.643536,60,,,,,0,percent of total billed charges,60 percent of billed charges; No services were performed during the 15 month look back period.,9.643536,60,,,,,0,percent of total billed charges,60 percent of billed charges; No services were performed during the 15 month look back period.,9.643536,60,,,,,0,percent of total billed charges,60 percent of billed charges; No services were performed during the 15 month look back period.,12.536597,78,,,,,0,percent of total billed charges,78% of Billed Charges. Lesser of 100% of billed charges applies.; No services were performed during the 15 month look back period.,12.536597,78,,,,,0,percent of total billed charges,78% of Billed Charges. Lesser of 100% of billed charges applies.; No services were performed during the 15 month look back period.,12.536597,78,,,,,0,percent of total billed charges,78% of Billed Charges. Lesser of 100% of billed charges applies.; No services were performed during the 15 month look back period.,12.536597,78,,,,,0,percent of total billed charges,78% of Billed Charges. Lesser of 100% of billed charges applies.; No services were performed during the 15 month look back period.,12.536597,78,,,,,0,percent of total billed charges,78% of Billed Charges. Lesser of 100% of billed charges applies.; No services were performed during the 15 month look back period.,12.536597,78,,,,,0,percent of total billed charges,78% of Billed Charges. Lesser of 100% of billed charges applies.; No services were performed during the 15 month look back period.,12.536597,78,,,,,0,percent of total billed charges,78% of Billed Charges. Lesser of 100% of billed charges applies.; No services were performed during the 15 month look back period.,12.536597,78,,,,,0,percent of total billed charges,78% of Billed Charges. Lesser of 100% of billed charges applies.; No services were performed during the 15 month look back period.,12.536597,78,,,,,0,percent of total billed charges,78% of Billed Charges. Lesser of 100% of billed charges applies.; No services were performed during the 15 month look back period.,12.536597,78,,,,,0,percent of total billed charges,78% of Billed Charges. Lesser of 100% of billed charges applies.; No services were performed during the 15 month look back period.,12.536597,78,,,,,0,percent of total billed charges,78% of Billed Charges. Lesser of 100% of billed charges applies.; No services were performed during the 15 month look back period.,12.858048,80,,,,,0,percent of total billed charges,80 percent of billed charges; No services were performed during the 15 month look back period.,7.232652,45,,2.34,2.34,19.66,1 through 10,percent of total billed charges,45 percent of billed charges,4.821768,30,,,,,0,percent of total billed charges,30 percent of billed charges; No services were performed during the 15 month look back period.,,,,,,,,Other,"Not Payable. ",9.643536,60,,,,,0,percent of total billed charges,60 percent of billed charges; No services were performed during the 15 month look back period.,4.821768,30,,,,,0,percent of total billed charges,30 percent of billed charges; No services were performed during the 15 month look back period.,4.821768,30,,,,,0,percent of total billed charges,30 percent of billed charges; No services were performed during the 15 month look back period.,12.536597,78,,,,,0,percent of total billed charges,78% of Billed Charges. Lesser of 100% of billed charges applies.; No services were performed during the 15 month look back period.,,,,,,,,Other,"141 percent of Average Sales Price.. Drugs not priced under APG, billed with revenue code 636 and not priced by Medicare ASP FeeSched will be reimbursed at 20% of charges.",4.821768,30,,,,,0,percent of total billed charges,30 percent of billed charges; No services were performed during the 15 month look back period.,,,,,,,,Other,"100 Percent of Medicaid APG. ",,,,,,,,Other,"Not Payable. ",,,,,,,,Other,"Not Payable. ",,,,,,,,Other,"Not Payable. ",,,,,,,,Other,"Not Payable. ",,,,,,,,Other,"Not Payable. ",,,,,,,,Other,"Not Payable. ",4.821768,30,,,,,0,percent of total billed charges,30 percent of billed charges; No services were performed during the 15 month look back period.,8.03628,50,,,,,0,percent of total billed charges,50 percent of billed charges; No services were performed during the 15 month look back period.,6.615,,,,,,,Fee Schedule,"157.5 Percent of AWP Fee Schedule. ",6.615,,,,,,,Fee Schedule,"157.5 Percent of AWP Fee Schedule. ",6.615,,,,,,,Fee Schedule,"157.5 Percent of AWP Fee Schedule. ",6.615,,,,,,,Fee Schedule,"157.5 Percent of AWP Fee Schedule. ",6.615,,,,,,,Fee Schedule,"157.5 Percent of AWP Fee Schedule. ",,,,,,,,,"NA. ",8.03628,50,,,,,0,percent of total billed charges,50 percent of billed charges; No services were performed during the 15 month look back period.,,,,,,,,Fee Schedule,"Not Payable. ",,,,,,,,Fee Schedule,"Not Payable. ",,,,,,,,Fee Schedule,"Not Payable. ",,,,,,,,Fee Schedule,"Not Payable. ",,,,,,,,Fee Schedule,"Not Payable. ",,,,,,,,Other,"Not Payable. ",12.858048,80,,,,,0,percent of total billed charges,80 percent of billed charges; No services were performed during the 15 month look back period.,12.858048,80,,,,,0,percent of total billed charges,80 percent of billed charges; No services were performed during the 15 month look back period.,12.858048,80,,,,,0,percent of total billed charges,80 percent of billed charges; No services were performed during the 15 month look back period.,12.858048,80,,,,,0,percent of total billed charges,80 percent of billed charges; No services were performed during the 15 month look back period.,9.643536,60,,,,,0,percent of total billed charges,60 percent of billed charges; No services were performed during the 15 month look back period.,9.643536,60,,,,,0,percent of total billed charges,60 percent of billed charges; No services were performed during the 15 month look back period.,9.643536,60,,,,,0,percent of total billed charges,60 percent of billed charges; No services were performed during the 15 month look back period.,9.643536,60,,,,,0,percent of total billed charges,60 percent of billed charges; No services were performed during the 15 month look back period.,8.03628,50,,,,,0,percent of total billed charges,50 percent of billed charges; No services were performed during the 15 month look back period.,8.03628,50,,,,,0,percent of total billed charges,50 percent of billed charges; No services were performed during the 15 month look back period.,,,,,,,,Other,"Not Payable. ",,,,,,,,Other,"Not Payable. ",,,,,,,,Other,"Not Payable. ",7.232652,45,,,,,0,percent of total billed charges,45 percent of billed charges; No services were performed during the 15 month look back period.,7.232652,45,,,,,0,percent of total billed charges,45 percent of billed charges; No services were performed during the 15 month look back period.,7.232652,45,,,,,0,percent of total billed charges,45 percent of billed charges; No services were performed during the 15 month look back period.,8.03628,50,,,,,0,percent of total billed charges,50 percent of billed charges; No services were performed during the 15 month look back period.,9.643536,60,,,,,0,percent of total billed charges,60 percent of billed charges; No services were performed during the 15 month look back period.,,,,,,,,Other,"Not Payable. ",7.232652,45,,,,,0,percent of total billed charges,45 percent of billed charges; No services were performed during the 15 month look back period.,,,,,,,,Other,"100 Percent of Medicaid APG. ",,,,,,,,Other,"Not Payable. ",,,,,,,,Other,"Not Payable. ",,,,,,,,Other,"Not Payable. ",2.4833,,,,,,,Fee schedule,"95 Percent of ASP. ",0.160726,1,,,,,0,percent of total billed charges,Approximating Cost. Lesser of 100% of billed charges applies.; No services were performed during the 15 month look back period.,0.160726,1,,,,,0,percent of total billed charges,Approximating Cost. Lesser of 100% of billed charges applies.; No services were performed during the 15 month look back period.,0.160726,1,,,,,0,percent of total billed charges,Approximating Cost. Lesser of 100% of billed charges applies.; No services were performed during the 15 month look back period.,0.160726,1,,,,,0,percent of total billed charges,Approximating Cost. Lesser of 100% of billed charges applies.; No services were performed during the 15 month look back period.,0.160726,1,,,,,0,percent of total billed charges,Approximating Cost. Lesser of 100% of billed charges applies.; No services were performed during the 15 month look back period.,,,,,,,,Other,"Not Payable. ",,,,,,,,Other,"100 Percent of Medicaid APG. ",2.614,,,,,,,Fee Schedule,100 Percent of ASP if not priced then 95 Percent of AWP. Lesser of 100% of billed charges applies.,0.160726,1,,,,,0,percent of total billed charges,Approximating Cost. Lesser of 100% of billed charges applies.; No services were performed during the 15 month look back period.,0.160726,1,,,,,0,percent of total billed charges,Approximating Cost. Lesser of 100% of billed charges applies.; No services were performed during the 15 month look back period.,2.614,,,,,,,Fee Schedule,100 Percent of ASP if not priced then 95 Percent of AWP. Lesser of 100% of billed charges applies.,2.614,,,,,,,Fee Schedule,100 Percent of ASP if not priced then 95 Percent of AWP. Lesser of 100% of billed charges applies.,6.615,,,,,,,Fee Schedule,"157.5 Percent of AWP Fee Schedule. ",,,,,,,,Other,"Not Payable. ",,,,,,,,Other,"Not Payable. ",9.643536,60,,,,,0,percent of total billed charges,60 percent of billed charges; No services were performed during the 15 month look back period.,,,,,,,,Other,"Not Payable. ",2.4833,,,,,,,Fee Schedule,"95 Percent of ASP. ",2.4833,,,,,,,Fee Schedule,"95 Percent of ASP. ",2.4833,,,,,,,Fee schedule,"95 Percent of ASP. ",2.4833,,,,,,,Fee schedule,"95 Percent of ASP. ",4.83,,,,,,,Fee Schedule,"115 Percent of AWP. ",5.658,,,,,,,Fee schedule,"115 Percent of AWP Fee Schedule. ",,,,,,,,Other,"100 Percent of Medicaid APG. ",,,,,,,,Other,"100 Percent of Medicaid APG. ",,,,,,,,Other,"100 Percent of Medicaid APG. ",,,,,,,,Other,"100 Percent of Medicaid APG. ",7.232652,45,,,,,0,percent of total billed charges,45 percent of billed charges; No services were performed during the 15 month look back period.,8.03628,50,,,,,0,percent of total billed charges,50 percent of billed charges; No services were performed during the 15 month look back period.,,,,,,,,Other,"120 Percent of Medicaid APG. Not APG payable, or payable under another fee schedule like ASP/AWP pays at 30% of charges",,,,,,,,Other,"120 Percent of Medicaid APG. Not APG payable, or payable under another fee schedule like ASP/AWP pays at 30% of charges",,,,,,,,Other,"100 Percent of Medicaid APG. Not APG payable, or payable under another fee schedule like ASP/AWP pays at 30% of charges",,,,,,,,Other,"100 Percent of Medicaid APG. Not APG payable, or payable under another fee schedule like ASP/AWP pays at 30% of charges",7.232652,45,,,,,0,percent of total billed charges,45 percent of billed charges; No services were performed during the 15 month look back period.,7.232652,45,,,,,0,percent of total billed charges,45 percent of billed charges; No services were performed during the 15 month look back period.,,,,,,,,Other,"Not Payable. ",7.232652,45,,,,,0,percent of total billed charges,45 percent of billed charges; No services were performed during the 15 month look back period.,7.232652,45,,2.27,2.27,2.27,1 through 10,percent of total billed charges,45 percent of billed charges,7.232652,45,,,,,0,percent of total billed charges,45 percent of billed charges; No services were performed during the 15 month look back period.,7.232652,45,,,,,0,percent of total billed charges,45 percent of billed charges; No services were performed during the 15 month look back period.,,,,,,,,Other,"Not Payable. ",7.232652,45,,,,,0,percent of total billed charges,45 percent of billed charges; No services were performed during the 15 month look back period.,7.232652,45,,,,,0,percent of total billed charges,45 percent of billed charges; No services were performed during the 15 month look back period.,9.643536,60,,,,,0,percent of total billed charges,60 percent of billed charges; No services were performed during the 15 month look back period.,2.7447,,,,,,,Fee Schedule,105% of ASP. Lesser of 100% of billed charges applies.,5.658,,,,,,,Fee schedule,"115 Percent of AWP Fee Schedule. ",0.160726,1,,,,,0,percent of total billed charges,Approximating Cost. Lesser of 100% of billed charges applies.; No services were performed during the 15 month look back period.,4.83,,,,,,,Fee Schedule,"115 Percent of AWP. ",5.658,,,,,,,Fee schedule,"115 Percent of AWP Fee Schedule. ",0.160726,1,,,,,0,percent of total billed charges,Approximating Cost. Lesser of 100% of billed charges applies.; No services were performed during the 15 month look back period.,0.160726,1,,,,,0,percent of total billed charges,Approximating Cost. Lesser of 100% of billed charges applies.; No services were performed during the 15 month look back period.,0.160726,1,,,,,0,percent of total billed charges,Approximating Cost. Lesser of 100% of billed charges applies.; No services were performed during the 15 month look back period.,0.160726,1,,,,,0,percent of total billed charges,Approximating Cost. Lesser of 100% of billed charges applies.; No services were performed during the 15 month look back period.,0.160726,1,,,,,0,percent of total billed charges,Approximating Cost. Lesser of 100% of billed charges applies.; No services were performed during the 15 month look back period.,0.160726,1,,,,,0,percent of total billed charges,Approximating Cost. Lesser of 100% of billed charges applies.; No services were performed during the 15 month look back period.,,,,,,,,,"NA. ",,,,,,,,,"NA. ",,,,,,,,,"NA. ",4.821768,30,,,,,0,percent of total billed charges,30 percent of billed charges; No services were performed during the 15 month look back period.,,,,,,,,,"NA. ",,,,,,,,Other,"Not Payable. ",2.22,,,,,,,Fee Schedule,"100 % 1199 Fee Schedule. ",,,,,,,,Other,"Not Payable. ",,,,,,,,Other,"Not Payable. ",,,,,,,,Other,"120 Percent of Medicaid APG. Not APG payable, or payable under another fee schedule like ASP/AWP pays at 30% of charges",,,,,,,,Other,"120 Percent of Medicaid APG. Not APG payable, or payable under another fee schedule like ASP/AWP pays at 30% of charges",,,,,,,,Other,"100 Percent of Medicaid APG. Not APG payable, or payable under another fee schedule like ASP/AWP pays at 30% of charges",,,,,,,,Other,"100 Percent of Medicaid APG. Not APG payable, or payable under another fee schedule like ASP/AWP pays at 30% of charges",,,,,,,,Other,"100 Percent of Medicaid APG. ",11.732969,73,,,,,0,percent of total billed charges,73 percent of billed charges; No services were performed during the 15 month look back period.,9.643536,60,,,,,0,percent of total billed charges,60 percent of billed charges; No services were performed during the 15 month look back period.,11.732969,73,,,,,0,percent of total billed charges,73 percent of billed charges; No services were performed during the 15 month look back period.,4.821768,30,,,,,0,percent of total billed charges,30 percent of billed charges; No services were performed during the 15 month look back period.,,,,,,,,Other,"Not Payable. ",,,,,,,,Other,"Not Payable. ",,,,,,,,Other,"Not Payable. ",,,,,,,,Other,"Not Payable. ",,,,,,,,Other,"Not Payable. ",,,,,,,,Other,"Not Payable. ",,,,,,,,,"NA. ",0.160726,1,,,,,0,percent of total billed charges,Approximating Cost. Lesser of 100% of billed charges applies.; No services were performed during the 15 month look back period.,2.614,,,,,,,Fee Schedule,100 Percent of ASP if not priced then 95 Percent of AWP. Lesser of 100% of billed charges applies.,7.232652,45,,,,,0,percent of total billed charges,45 percent of billed charges; No services were performed during the 15 month look back period.,11.732969,73,,,,,0,percent of total billed charges,73 percent of billed charges; No services were performed during the 15 month look back period.,11.732969,73,,,,,0,percent of total billed charges,73 percent of billed charges; No services were performed during the 15 month look back period.,11.732969,73,,,,,0,percent of total billed charges,73 percent of billed charges; No services were performed during the 15 month look back period.,11.732969,73,,,,,0,percent of total billed charges,73 percent of billed charges; No services were performed during the 15 month look back period.,,,,,,,,Other,"Not Payable. ",,,,,,,,Other,"100 Percent of Medicaid APG. ",7.232652,45,,,,,0,percent of total billed charges,45 percent of billed charges; No services were performed during the 15 month look back period.,,,,,,,,Other,"100 Percent of Medicaid APG. ",,,,,,,,Other,"Not Payable. ",,,,,,,,Other,"100 Percent of Medicaid APG. ",,,,,,,,Other,"Not Payable. ",,,,,,,,Other,"Not Payable. ",,,,,,,,Other,"100 Percent of Medicaid APG. ",,,,,,,,Other,"100 Percent of Medicaid APG. ",11.732969,73,,,,,0,percent of total billed charges,73 percent of billed charges; No services were performed during the 15 month look back period.,4.821768,30,,,,,0,percent of total billed charges,30 percent of billed charges; No services were performed during the 15 month look back period.,12.536597,78,,,,,0,percent of total billed charges,78% of Billed Charges. Lesser of 100% of billed charges applies.; No services were performed during the 15 month look back period.,,,,,,,,Fee Schedule,"100 % Zero Pay Code. ",,,,,,,,Fee Schedule,"100 % Zero Pay Code. ",9.643536,60,,,,,0,percent of total billed charges,60 percent of billed charges; No services were performed during the 15 month look back period.,,,,,,,,Other,"Not Payable. ",12.858048,80,,,,,0,percent of total billed charges,80 percent of billed charges; No services were performed during the 15 month look back period.,12.858048,80,,,,,0,percent of total billed charges,80 percent of billed charges; No services were performed during the 15 month look back period.,5.786122,36,,,,,0,percent of total billed charges,36 percent of billed charges; No services were performed during the 15 month look back period.,5.786122,36,,,,,0,percent of total billed charges,36 percent of billed charges; No services were performed during the 15 month look back period.,,,,,,,,Other,"Not Payable. ",,,,,,,,Other,"Not Payable. ",,,,,,,,Other,"Not Payable. ",,,,,,,,Other,"Not Payable. ",,,,,,,,Fee Schedule,"100 % Zero Pay Code. ",7.232652,45,,,,,0,percent of total billed charges,45 percent of billed charges; No services were performed during the 15 month look back period.,7.232652,45,,,,,0,percent of total billed charges,45 percent of billed charges; No services were performed during the 15 month look back period.,,,,,,,,Other,"Not Payable. ",5.786122,36,,,,,0,percent of total billed charges,36 percent of billed charges; No services were performed during the 15 month look back period.,11.732969,73,,,,,0,percent of total billed charges,73 percent of billed charges; No services were performed during the 15 month look back period.,,,,,,,,Fee Schedule,"120 Percent of Medicaid APG. ",,,,,,,,Other,"100 Percent of Medicaid APG. ",11.732969,73,,,,,0,percent of total billed charges,73 percent of billed charges; No services were performed during the 15 month look back period.,6.509387,40.5,,,,,0,percent of total billed charges,40.5 percent of billed charges; No services were performed during the 15 month look back period.,6.509387,40.5,,,,,0,percent of total billed charges,40.5 percent of billed charges; No services were performed during the 15 month look back period.,7.232652,45,,,,,0,percent of total billed charges,45 percent of billed charges; No services were performed during the 15 month look back period.,8.03628,50,,,,,0,percent of total billed charges,50 percent of billed charges; No services were performed during the 15 month look back period.,,,,,,,,Other,"Not Payable. ",,,,,,,,Fee Schedule,"Not payable. ",,,,,,,,Fee Schedule,"Not payable. ",,,,,,,,Fee Schedule,"Not payable. ",,,,,,,,Fee Schedule,"Not payable. ",,,,,,,,Fee Schedule,"100 % Zero Pay Code. ",,,,,,,,Fee Schedule,"Not payable. ",,,,,,,,Fee Schedule,"Not payable. ",,,,,,,,Fee Schedule,"Not payable. ",,,,,,,,Fee Schedule,"Not payable. ",,,,,,,,Fee Schedule,"Not payable. ",,,,,,,,Fee Schedule,"Not payable. ",,,,,,,,Fee Schedule,"Not payable. ",,,,,,,,Other,"Not Payable. ",,,,,,,,Fee Schedule,"100 % Zero Pay Code. ",,,,,,,,Other,"Not Payable. ",,,,,,,,Fee Schedule,"Not payable. ",7.232652,45,,,,,0,percent of total billed charges,45 percent of billed charges; No services were performed during the 15 month look back period.,,,,,,,,Other,"Not Payable. ",7.232652,45,,,,,0,percent of total billed charges,45 percent of billed charges; No services were performed during the 15 month look back period.,7.232652,45,,,,,0,percent of total billed charges,45 percent of billed charges; No services were performed during the 15 month look back period.,7.232652,45,,,,,0,percent of total billed charges,45 percent of billed charges; No services were performed during the 15 month look back period.,,,,,,,,Fee Schedule,"Not payable. ",,,,,,,,Other,"Not Payable. ",7.232652,45,,,,,0,percent of total billed charges,45 percent of billed charges; No services were performed during the 15 month look back period.,,,,,,,,Fee Schedule,"Not payable. ",7.232652,45,,,,,0,percent of total billed charges,45 percent of billed charges; No services were performed during the 15 month look back period.,4.821768,30,,,,,0,percent of total billed charges,30% of Charges. ; No services were performed during the 15 month look back period.,,,,,,,,Other,"Not Payable. ",11.732969,73,,,,,0,percent of total billed charges,73 percent of billed charges; No services were performed during the 15 month look back period.,11.732969,73,,,,,0,percent of total billed charges,73 percent of billed charges; No services were performed during the 15 month look back period.,11.732969,73,,,,,0,percent of total billed charges,73 percent of billed charges; No services were performed during the 15 month look back period.,11.732969,73,,,,,0,percent of total billed charges,73 percent of billed charges; No services were performed during the 15 month look back period.,11.732969,73,,,,,0,percent of total billed charges,73 percent of billed charges; No services were performed during the 15 month look back period.,11.732969,73,,,,,0,percent of total billed charges,73 percent of billed charges; No services were performed during the 15 month look back period.,11.732969,73,,,,,0,percent of total billed charges,73 percent of billed charges; No services were performed during the 15 month look back period.,11.732969,73,,,,,0,percent of total billed charges,73 percent of billed charges; No services were performed during the 15 month look back period.,11.732969,73,,,,,0,percent of total billed charges,73 percent of billed charges; No services were performed during the 15 month look back period.,11.732969,73,,,,,0,percent of total billed charges,73 percent of billed charges; No services were performed during the 15 month look back period.,11.732969,73,,,,,0,percent of total billed charges,73 percent of billed charges; No services were performed during the 15 month look back period.,11.732969,73,,,,,0,percent of total billed charges,73 percent of billed charges; No services were performed during the 15 month look back period.,,,,,,,,Other,"Not Payable. ",11.732969,73,,,,,0,percent of total billed charges,73 percent of billed charges; No services were performed during the 15 month look back period.,,,,,,,,Other,"Not Payable. ",,,,,,,,Other,"106 percent of Average Sales Price.. Drugs not priced under APG, billed with revenue code 636 and not priced by Medicare ASP FeeSched will be reimbursed at 20% of charges.",,,,,,,,Other,"106 percent of Average Sales Price.. Drugs not priced under APG, billed with revenue code 636 and not priced by Medicare ASP FeeSched will be reimbursed at 20% of charges.",,,,,,,,Fee Schedule,"100 % Zero Pay Code. ",,,,,,,,Fee Schedule,"100 % Zero Pay Code. ",,,,,,,,Other,"Not Payable. ",12.858048,80,,,,,0,percent of total billed charges,80 percent of billed charges; No services were performed during the 15 month look back period.,,,,,,,,Other,"Not Payable. ",,,,,,,,Other,"Not Payable. ",9.643536,60,,,,,0,percent of total billed charges,60 percent of billed charges; No services were performed during the 15 month look back period.,,,,,,,,Other,"Not Payable. ",4.821768,30,,,,,0,percent of total billed charges,30 percent of billed charges; No services were performed during the 15 month look back period.,,,,,,,,Other,"Not Payable. ",4.821768,30,,,,,0,percent of total billed charges,30 percent of billed charges; No services were performed during the 15 month look back period.,9.643536,60,,,,,0,percent of total billed charges,60 percent of billed charges; No services were performed during the 15 month look back period.,4.821768,30,,,,,0,percent of total billed charges,30 percent of billed charges; No services were performed during the 15 month look back period.,,,,,,,,Other,"Not Payable. ",,,,,,,,Other,"100 Percent of Medicaid APG. ",,,,,,,,Other,"Not Payable. ",4.821768,30,,,,,0,percent of total billed charges,30 percent of billed charges; No services were performed during the 15 month look back period.,,,,,,,,Fee Schedule,"100 % Zero Pay Code. ",,,,,,,,Other,"100 Percent of Medicaid APG. ",7.232652,45,,,,,0,percent of total billed charges,45 percent of billed charges; No services were performed during the 15 month look back period.,,,,,,,,Fee Schedule,"120 Percent of Medicaid APG. ",,,,,,,,Fee Schedule,"120 Percent of Medicaid APG. ",7.232652,45,,,,,0,percent of total billed charges,45 percent of billed charges; No services were performed during the 15 month look back period.,7.232652,45,,,,,0,percent of total billed charges,45 percent of billed charges; No services were performed during the 15 month look back period.,7.232652,45,,,,,0,percent of total billed charges,45 percent of billed charges; No services were performed during the 15 month look back period.,,,,,,,,Fee Schedule,"100 % Zero Pay Code. ",7.232652,45,,,,,0,percent of total billed charges,45 percent of billed charges; No services were performed during the 15 month look back period.,7.232652,45,,,,,0,percent of total billed charges,45 percent of billed charges; No services were performed during the 15 month look back period.,7.232652,45,,,,,0,percent of total billed charges,45 percent of billed charges; No services were performed during the 15 month look back period.,11.732969,73,,,,,0,percent of total billed charges,73 percent of billed charges; No services were performed during the 15 month look back period.,11.732969,73,,,,,0,percent of total billed charges,73 percent of billed charges; No services were performed during the 15 month look back period.,,,,,,,,Fee Schedule,"Not Payable. ",,,,,,,,Other,"100 Percent of Medicaid APG. ",,,,,,,,Fee Schedule,"100 % Zero Pay Code. ",4.821768,30,,,,,0,percent of total billed charges,30 percent of billed charges; No services were performed during the 15 month look back period.,9.643536,60,,,,,0,percent of total billed charges,60 percent of billed charges; No services were performed during the 15 month look back period.,,,,,,,,Fee Schedule,"100 % Zero Pay Code. ",9.643536,60,,,,,0,percent of total billed charges,60 percent of billed charges; No services were performed during the 15 month look back period.,,,,,,,,Fee Schedule,"100 % Zero Pay Code. ",7.232652,45,,,,,0,percent of total billed charges,45 percent of billed charges; No services were performed during the 15 month look back period.,7.232652,45,,,,,0,percent of total billed charges,45 percent of billed charges; No services were performed during the 15 month look back period.,7.232652,45,,,,,0,percent of total billed charges,45 percent of billed charges; No services were performed during the 15 month look back period.,7.232652,45,,,,,0,percent of total billed charges,45 percent of billed charges; No services were performed during the 15 month look back period.,,,,,,,,Other,"Not Payable. ",0.160726,32.14512,
J0480,HCPCS,5010003,LOCAL,636,RC,BASILIXIMAB,70422.62472,13380.298697,Inpatient,ME,20,,,,,,,,,,,,,,,,,,,,21126.787416,30,,,,,0,percent of total billed charges,30 Percent of charges; No services were performed during the 15 month look back period.,70422.62472,100,,,,,0,percent of total billed charges,100 percent of charges; No services were performed during the 15 month look back period.,,,,,,,,,,21126.787416,30,,,,,0,percent of total billed charges,30 Percent of charges; No services were performed during the 15 month look back period.,21126.787416,30,,,,,0,percent of total billed charges,30 Percent of charges; No services were performed during the 15 month look back period.,21126.787416,30,,,,,0,percent of total billed charges,30 Percent of charges; No services were performed during the 15 month look back period.,7042.262472,10,,,,,0,percent of total billed charges,10 percent of charges; No services were performed during the 15 month look back period.,,,,,,,,,,51408.516046,73,,,,,0,percent of total billed charges,73 percent of charges; No services were performed during the 15 month look back period.,7042.262472,10,,,,,0,percent of total billed charges,10 percent of charges; No services were performed during the 15 month look back period.,,,,,,,,,,,,,,,,,,,22535.23991,32,,,,,0,percent of total billed charges,32 pecent of charges; No services were performed during the 15 month look back period.,22535.23991,32,,,,,0,percent of total billed charges,32 pecent of charges; No services were performed during the 15 month look back period.,22535.23991,32,,,,,0,percent of total billed charges,32 pecent of charges; No services were performed during the 15 month look back period.,22535.23991,32,,,,,0,percent of total billed charges,32 pecent of charges; No services were performed during the 15 month look back period.,,,,,,,,,,,,,,,,,,,,,,,,,,,,51408.516046,73,,,,,0,percent of total billed charges,73 percent of charges; No services were performed during the 15 month look back period.,21126.787416,30,,,,,0,percent of total billed charges,30 Percent of charges; No services were performed during the 15 month look back period.,28169.049888,40,,,,,0,percent of total billed charges,40 percent of charges; No services were performed during the 15 month look back period.,20422.561169,29,,,,,0,percent of total billed charges,29 percent of charges; No services were performed during the 15 month look back period.,28169.049888,40,,,,,0,percent of total billed charges,40 percent of charges; No services were performed during the 15 month look back period.,28169.049888,40,,,,,0,percent of total billed charges,40 percent of charges; No services were performed during the 15 month look back period.,51408.516046,73,,,,,0,percent of total billed charges,73 percent of charges; No services were performed during the 15 month look back period.,,,,,,,,,,,,,,,,,,,,,,,,,,,,,,,,,,,,,20422.561169,29,,,,,0,percent of total billed charges,29 percent of charges; No services were performed during the 15 month look back period.,20422.561169,29,,,,,0,percent of total billed charges,29 percent of charges; No services were performed during the 15 month look back period.,20422.561169,29,,,,,0,percent of total billed charges,29 percent of charges; No services were performed during the 15 month look back period.,20422.561169,29,,,,,0,percent of total billed charges,29 percent of charges; No services were performed during the 15 month look back period.,20422.561169,29,,,,,0,percent of total billed charges,29 percent of charges; No services were performed during the 15 month look back period.,20422.561169,29,,,,,0,percent of total billed charges,29 percent of charges; No services were performed during the 15 month look back period.,20422.561169,29,,,,,0,percent of total billed charges,29 percent of charges; No services were performed during the 15 month look back period.,51408.516046,73,,,,,0,percent of total billed charges,73 percent of charges; No services were performed during the 15 month look back period.,9154.941214,13,,,,,0,percent of total billed charges,13 percent of charges; No services were performed during the 15 month look back period.,9154.941214,13,,,,,0,percent of total billed charges,13 percent of charges; No services were performed during the 15 month look back period.,51408.516046,73,,,,,0,percent of total billed charges,73 percent of charges; No services were performed during the 15 month look back period.,22535.23991,32,,,,,0,percent of total billed charges,32 pecent of charges; No services were performed during the 15 month look back period.,7042.262472,10,,,,,0,percent of total billed charges,10 percent of charges; No services were performed during the 15 month look back period.,7042.262472,10,,,,,0,percent of total billed charges,10 percent of charges; No services were performed during the 15 month look back period.,51408.516046,73,,,,,0,percent of total billed charges,73 percent of charges; No services were performed during the 15 month look back period.,,,,,,,,,,7042.262472,10,,,,,0,percent of total billed charges,10 percent of charges; No services were performed during the 15 month look back period.,7042.262472,10,,,,,0,percent of total billed charges,10 percent of charges; No services were performed during the 15 month look back period.,7042.262472,10,,,,,0,percent of total billed charges,10 percent of charges; No services were performed during the 15 month look back period.,,,,,,,,,,7042.262472,10,,,,,0,percent of total billed charges,10 percent of charges; No services were performed during the 15 month look back period.,7042.262472,10,,,,,0,percent of total billed charges,10 percent of charges; No services were performed during the 15 month look back period.,,,,,,,,,,16901.429933,24,,,,,0,percent of total billed charges,24 percent of charges; No services were performed during the 15 month look back period.,,,,,,,,,,,,,,,,,,,,,,,,,,,,,,,,,,,,,,,,,,,,,,,,,,,,,,,,,,,,,,,,,,,,,,,,,,,,,,,,,,51408.516046,73,,,,,0,percent of total billed charges,73 percent of charges; No services were performed during the 15 month look back period.,51408.516046,73,,,,,0,percent of total billed charges,73 percent of charges; No services were performed during the 15 month look back period.,51408.516046,73,,,,,0,percent of total billed charges,73 percent of charges; No services were performed during the 15 month look back period.,51408.516046,73,,,,,0,percent of total billed charges,73 percent of charges; No services were performed during the 15 month look back period.,51408.516046,73,,,,,0,percent of total billed charges,73 percent of charges; No services were performed during the 15 month look back period.,51408.516046,73,,,,,0,percent of total billed charges,73 percent of charges; No services were performed during the 15 month look back period.,51408.516046,73,,,,,0,percent of total billed charges,73 percent of charges; No services were performed during the 15 month look back period.,51408.516046,73,,,,,0,percent of total billed charges,73 percent of charges; No services were performed during the 15 month look back period.,51408.516046,73,,,,,0,percent of total billed charges,73 percent of charges; No services were performed during the 15 month look back period.,51408.516046,73,,,,,0,percent of total billed charges,73 percent of charges; No services were performed during the 15 month look back period.,51408.516046,73,,,,,0,percent of total billed charges,73 percent of charges; No services were performed during the 15 month look back period.,51408.516046,73,,,,,0,percent of total billed charges,73 percent of charges; No services were performed during the 15 month look back period.,51408.516046,73,,,,,0,percent of total billed charges,73 percent of charges; No services were performed during the 15 month look back period.,51408.516046,73,,,,,0,percent of total billed charges,73 percent of charges; No services were performed during the 15 month look back period.,51408.516046,73,,,,,0,percent of total billed charges,73 percent of charges; No services were performed during the 15 month look back period.,51408.516046,73,,,,,0,percent of total billed charges,73 percent of charges; No services were performed during the 15 month look back period.,51408.516046,73,,,,,0,percent of total billed charges,73 percent of charges; No services were performed during the 15 month look back period.,51408.516046,73,,,,,0,percent of total billed charges,73 percent of charges; No services were performed during the 15 month look back period.,51408.516046,73,,,,,0,percent of total billed charges,73 percent of charges; No services were performed during the 15 month look back period.,51408.516046,73,,,,,0,percent of total billed charges,73 percent of charges; No services were performed during the 15 month look back period.,51408.516046,73,,,,,0,percent of total billed charges,73 percent of charges; No services were performed during the 15 month look back period.,51408.516046,73,,,,,0,percent of total billed charges,73 percent of charges; No services were performed during the 15 month look back period.,51408.516046,73,,,,,0,percent of total billed charges,73 percent of charges; No services were performed during the 15 month look back period.,51408.516046,73,,,,,0,percent of total billed charges,73 percent of charges; No services were performed during the 15 month look back period.,51408.516046,73,,,,,0,percent of total billed charges,73 percent of charges; No services were performed during the 15 month look back period.,51408.516046,73,,,,,0,percent of total billed charges,73 percent of charges; No services were performed during the 15 month look back period.,20422.561169,29,,,,,0,percent of total billed charges,29 percent of charges; No services were performed during the 15 month look back period.,20422.561169,29,,,,,0,percent of total billed charges,29 percent of charges; No services were performed during the 15 month look back period.,20422.561169,29,,,,,0,percent of total billed charges,29 percent of charges; No services were performed during the 15 month look back period.,20422.561169,29,,,,,0,percent of total billed charges,29 percent of charges; No services were performed during the 15 month look back period.,28169.049888,40,,,,,0,percent of total billed charges,40 percent of charges; No services were performed during the 15 month look back period.,28169.049888,40,,,,,0,percent of total billed charges,40 percent of charges; No services were performed during the 15 month look back period.,22535.23991,32,,,,,0,percent of total billed charges,32 pecent of charges; No services were performed during the 15 month look back period.,,,,,,,,,,7042.262472,10,,,,,0,percent of total billed charges,10 percent of charges; No services were performed during the 15 month look back period.,,,,,,,,,,51408.516046,73,,,,,0,percent of total billed charges,73 percent of charges; No services were performed during the 15 month look back period.,28169.049888,40,,,,,0,percent of total billed charges,40 percent of charges; No services were performed during the 15 month look back period.,,,,,,,,,,7042.262472,10,,,,,0,percent of total billed charges,10 percent of charges; No services were performed during the 15 month look back period.,22535.23991,32,,,,,0,percent of total billed charges,32 pecent of charges; No services were performed during the 15 month look back period.,,,,,,,,,,51408.516046,73,,,,,0,percent of total billed charges,73 percent of charges; No services were performed during the 15 month look back period.,,,,,,,,,,20422.561169,29,,,,,0,percent of total billed charges,29 percent of charges; No services were performed during the 15 month look back period.,20422.561169,29,,,,,0,percent of total billed charges,29 percent of charges; No services were performed during the 15 month look back period.,20422.561169,29,,,,,0,percent of total billed charges,29 percent of charges; No services were performed during the 15 month look back period.,,,,,,,,,,16901.429933,24,,,,,0,percent of total billed charges,24 percent of charges; No services were performed during the 15 month look back period.,,,,,,,,,,,,,,,,,,,,,,,,,,,,,,,,,,,,,,,,,,,,,,21126.787416,30,,,,,0,percent of total billed charges,30 Percent of charges; No services were performed during the 15 month look back period.,21126.787416,30,,,,,0,percent of total billed charges,30 Percent of charges; No services were performed during the 15 month look back period.,,,,,,,,,,22535.23991,32,,,,,0,percent of total billed charges,32 pecent of charges; No services were performed during the 15 month look back period.,7042.262472,10,,,,,0,percent of total billed charges,10 percent of charges; No services were performed during the 15 month look back period.,7042.262472,10,,,,,0,percent of total billed charges,10 percent of charges; No services were performed during the 15 month look back period.,,,,,,,,,,22535.23991,32,,,,,0,percent of total billed charges,32 pecent of charges; No services were performed during the 15 month look back period.,21126.787416,30,,,,,0,percent of total billed charges,30 Percent of charges; No services were performed during the 15 month look back period.,21126.787416,30,,,,,0,percent of total billed charges,30 Percent of charges; No services were performed during the 15 month look back period.,21126.787416,30,,,,,0,percent of total billed charges,30 Percent of charges; No services were performed during the 15 month look back period.,51408.516046,73,,,,,0,percent of total billed charges,73 percent of charges; No services were performed during the 15 month look back period.,51408.516046,73,,,,,0,percent of total billed charges,73 percent of charges; No services were performed during the 15 month look back period.,51408.516046,73,,,,,0,percent of total billed charges,73 percent of charges; No services were performed during the 15 month look back period.,51408.516046,73,,,,,0,percent of total billed charges,73 percent of charges; No services were performed during the 15 month look back period.,51408.516046,73,,,,,0,percent of total billed charges,73 percent of charges; No services were performed during the 15 month look back period.,51408.516046,73,,,,,0,percent of total billed charges,73 percent of charges; No services were performed during the 15 month look back period.,51408.516046,73,,,,,0,percent of total billed charges,73 percent of charges; No services were performed during the 15 month look back period.,51408.516046,73,,,,,0,percent of total billed charges,73 percent of charges; No services were performed during the 15 month look back period.,51408.516046,73,,,,,0,percent of total billed charges,73 percent of charges; No services were performed during the 15 month look back period.,51408.516046,73,,,,,0,percent of total billed charges,73 percent of charges; No services were performed during the 15 month look back period.,51408.516046,73,,,,,0,percent of total billed charges,73 percent of charges; No services were performed during the 15 month look back period.,28169.049888,40,,,,,0,percent of total billed charges,40 percent of charges; No services were performed during the 15 month look back period.,,,,,,,,,,22535.23991,32,,,,,0,percent of total billed charges,32 pecent of charges; No services were performed during the 15 month look back period.,,,,,,,,,,21126.787416,30,,,,,0,percent of total billed charges,30 Percent of charges; No services were performed during the 15 month look back period.,22535.23991,32,,,,,0,percent of total billed charges,32 pecent of charges; No services were performed during the 15 month look back period.,22535.23991,32,,,,,0,percent of total billed charges,32 pecent of charges; No services were performed during the 15 month look back period.,51408.516046,73,,,,,0,percent of total billed charges,73 percent of charges; No services were performed during the 15 month look back period.,14084.524944,20,,,,,0,percent of total billed charges,20 percent of charges; No services were performed during the 15 month look back period.,22535.23991,32,,,,,0,percent of total billed charges,32 pecent of charges; No services were performed during the 15 month look back period.,,,,,,,,,,,,,,,,,,,,,,,,,,,,,,,,,,,,,,,,,,,,,,,,,,,,,,,,,,,,,,,,22535.23991,32,,,,,0,percent of total billed charges,32 pecent of charges; No services were performed during the 15 month look back period.,16901.429933,24,,,,,0,percent of total billed charges,24 percent of charges; No services were performed during the 15 month look back period.,,,,,,,,,,,,,,,,,,,,,,,,,,,,,,,,,,,,,,,,,,,,,,,,,,,,,,,16901.429933,24,,,,,0,percent of total billed charges,24 percent of charges; No services were performed during the 15 month look back period.,21831.013663,31,,,,,0,percent of total billed charges,31 percent of charges; No services were performed during the 15 month look back period.,21831.013663,31,,,,,0,percent of total billed charges,31 percent of charges; No services were performed during the 15 month look back period.,21831.013663,31,,,,,0,percent of total billed charges,31 percent of charges; No services were performed during the 15 month look back period.,21831.013663,31,,,,,0,percent of total billed charges,31 percent of charges; No services were performed during the 15 month look back period.,21831.013663,31,,,,,0,percent of total billed charges,31 percent of charges; No services were performed during the 15 month look back period.,,,,,,,,,,28169.049888,40,,,,,0,percent of total billed charges,40 percent of charges; No services were performed during the 15 month look back period.,28169.049888,40,,,,,0,percent of total billed charges,40 percent of charges; No services were performed during the 15 month look back period.,28169.049888,40,,,,,0,percent of total billed charges,40 percent of charges; No services were performed during the 15 month look back period.,28169.049888,40,,,,,0,percent of total billed charges,40 percent of charges; No services were performed during the 15 month look back period.,21126.787416,30,,,,,0,percent of total billed charges,30 Percent of charges; No services were performed during the 15 month look back period.,21126.787416,30,,,,,0,percent of total billed charges,30 Percent of charges; No services were performed during the 15 month look back period.,21126.787416,30,,,,,0,percent of total billed charges,30 Percent of charges; No services were performed during the 15 month look back period.,21126.787416,30,,,,,0,percent of total billed charges,30 Percent of charges; No services were performed during the 15 month look back period.,16901.429933,24,,,,,0,percent of total billed charges,24 percent of charges; No services were performed during the 15 month look back period.,16901.429933,24,,,,,0,percent of total billed charges,24 percent of charges; No services were performed during the 15 month look back period.,,,,,,,,,,,,,,,,,,,,,,,,,,,,,,,,,,,,,,,,,,,,,,,,,,,,,,,16901.429933,24,,,,,0,percent of total billed charges,24 percent of charges; No services were performed during the 15 month look back period.,21126.787416,30,,,,,0,percent of total billed charges,30 Percent of charges; No services were performed during the 15 month look back period.,,,,,,,,,,,,,,,,,,,,,,,,,,,,,,,,,,,,,,,,,,,,,,,,,,,,,,,,,,,,,,,,,,,,,,,,,,,,,,,,,,,,,,,,,,,,,,,,,,,,,,,,,,,,,,,,,,,,,,,,,,,,,,,,,,,,,,,,,,,,,,,,,,,,,,,,,,,,,,,,,,,,,,,,,,,,,,,,,,,,,,,,,,,,,,,,,,,,,,,21126.787416,30,,,,,0,percent of total billed charges,30 Percent of charges; No services were performed during the 15 month look back period.,,,,,,,,,,,,,,,,,,,,,,,,,,,,,,,,,,,,,,,,,,,,,,,,,,,,,,,,,,,,,,,,7042.262472,10,,,,,0,percent of total billed charges,10 percent of charges; No services were performed during the 15 month look back period.,7042.262472,10,,,,,0,percent of total billed charges,10 percent of charges; No services were performed during the 15 month look back period.,7042.262472,10,,,,,0,percent of total billed charges,10 percent of charges; No services were performed during the 15 month look back period.,7042.262472,10,,,,,0,percent of total billed charges,10 percent of charges; No services were performed during the 15 month look back period.,,,,,,,,,,16901.429933,24,,,,,0,percent of total billed charges,24 percent of charges; No services were performed during the 15 month look back period.,20422.561169,29,,,,,0,percent of total billed charges,29 percent of charges; No services were performed during the 15 month look back period.,20422.561169,29,,,,,0,percent of total billed charges,29 percent of charges; No services were performed during the 15 month look back period.,20422.561169,29,,,,,0,percent of total billed charges,29 percent of charges; No services were performed during the 15 month look back period.,20422.561169,29,,,,,0,percent of total billed charges,29 percent of charges; No services were performed during the 15 month look back period.,,,,,,,,,,,,,,,,,,,,,,,,,,,,,,,,,,,,,,,,,,,,,,,,,,,,,,,,,,,,,,,,,,,,,,,,,,,,,,,,,,,,,,,,,,,21126.787416,30,,,,,0,percent of total billed charges,30 Percent of charges; No services were performed during the 15 month look back period.,,,,,,,,,,,,,,,,,,,,,,,,,,,,,,,,,,,,,,,,,,,,,,,,,,,,,,,,,,,,,,,,,,,,,,,,,,,,,,,,,,,,,,,,,,,,,,,,,,,,,,,,,,,,,,,,,,,,,,,,,,,,,,,22535.23991,32,,,,,0,percent of total billed charges,32 pecent of charges; No services were performed during the 15 month look back period.,,,,,,,,,,,,,,,,,,,,,,,,,,,,,,,,,,,,,,,,,,,,,,20422.561169,29,,,,,0,percent of total billed charges,29 percent of charges; No services were performed during the 15 month look back period.,20422.561169,29,,,,,0,percent of total billed charges,29 percent of charges; No services were performed during the 15 month look back period.,20422.561169,29,,,,,0,percent of total billed charges,29 percent of charges; No services were performed during the 15 month look back period.,20422.561169,29,,,,,0,percent of total billed charges,29 percent of charges; No services were performed during the 15 month look back period.,,,,,,,,,,20422.561169,29,,,,,0,percent of total billed charges,29 percent of charges; No services were performed during the 15 month look back period.,21126.787416,30,,,,,0,percent of total billed charges,30 Percent of charges; No services were performed during the 15 month look back period.,20422.561169,29,,,,,0,percent of total billed charges,29 percent of charges; No services were performed during the 15 month look back period.,22535.23991,32,,,,,0,percent of total billed charges,32 pecent of charges; No services were performed during the 15 month look back period.,20422.561169,29,,,,,0,percent of total billed charges,29 percent of charges; No services were performed during the 15 month look back period.,,,,,,,,,,,,,,,,,,,,,,,,,,,,20422.561169,29,,,,,0,percent of total billed charges,29 percent of charges; No services were performed during the 15 month look back period.,,,,,,,,,,,,,,,,,,,,,,,,,,,,,,,,,,,,,,,,,,,,,,20422.561169,29,,,,,0,percent of total billed charges,29 percent of charges; No services were performed during the 15 month look back period.,20422.561169,29,,,,,0,percent of total billed charges,29 percent of charges; No services were performed during the 15 month look back period.,20422.561169,29,,,,,0,percent of total billed charges,29 percent of charges; No services were performed during the 15 month look back period.,20422.561169,29,,,,,0,percent of total billed charges,29 percent of charges; No services were performed during the 15 month look back period.,,,,,,,,,,,,,,,,,,,,,,,,,,,,,,,,,,,,,,,,,,,,,,,,,,,,,,,,,,,,,,,,,,,,,,,,,,,,,,,,,,,,,,,,,,,20422.561169,29,,,,,0,percent of total billed charges,29 percent of charges; No services were performed during the 15 month look back period.,22535.23991,32,,,,,0,percent of total billed charges,32 pecent of charges; No services were performed during the 15 month look back period.,51408.516046,73,,,,,0,percent of total billed charges,73 percent of charges; No services were performed during the 15 month look back period.,7042.262472,10,,,,,0,percent of total billed charges,10 percent of charges; No services were performed during the 15 month look back period.,7042.262472,10,,,,,0,percent of total billed charges,10 percent of charges; No services were performed during the 15 month look back period.,21126.787416,30,,,,,0,percent of total billed charges,30 Percent of charges; No services were performed during the 15 month look back period.,,,,,,,,,,28169.049888,40,,,,,0,percent of total billed charges,40 percent of charges; No services were performed during the 15 month look back period.,28169.049888,40,,,,,0,percent of total billed charges,40 percent of charges; No services were performed during the 15 month look back period.,,,,,,,,,,,,,,,,,,,,,,,,,,,,,,,,,,,,,,,,,,,,,,,,,,,,,,,7042.262472,10,,,,,0,percent of total billed charges,10 percent of charges; No services were performed during the 15 month look back period.,,,,,,,,,,,,,,,,,,,,,,,,,,,,,,,,,,,,,20422.561169,29,,,,,0,percent of total billed charges,29 percent of charges; No services were performed during the 15 month look back period.,,,,,,,,,,,,,,,,,,,20422.561169,29,,,,,0,percent of total billed charges,29 percent of charges; No services were performed during the 15 month look back period.,,,,,,,,,,,,,,,,,,,,,,,,,,,,16901.429933,24,,,,,0,percent of total billed charges,24 percent of charges; No services were performed during the 15 month look back period.,20422.561169,29,,,,,0,percent of total billed charges,29 percent of charges; No services were performed during the 15 month look back period.,,,,,,,,,,,,,,,,,,,,,,,,,,,,,,,,,,,,,7042.262472,10,,,,,0,percent of total billed charges,10 percent of charges; No services were performed during the 15 month look back period.,,,,,,,,,,,,,,,,,,,,,,,,,,,,,,,,,,,,,,,,,,,,,,,,,,,,,,,,,,,,,,,,,,,,,,,,,7042.262472,10,,,,,0,percent of total billed charges,10 percent of charges; No services were performed during the 15 month look back period.,,,,,,,,,,,,,,,,,,,,,,,,,,,,,,,,,,,,,,,,,,,,,,,,,,,,,,,,,,,,,,,,,,,,,,,,,,,,,,,,,,,,,,,,,,,,,,,,,,,,,,,,,,,,,,,,,,,,,,20422.561169,29,,,,,0,percent of total billed charges,29 percent of charges; No services were performed during the 15 month look back period.,20422.561169,29,,,,,0,percent of total billed charges,29 percent of charges; No services were performed during the 15 month look back period.,20422.561169,29,,,,,0,percent of total billed charges,29 percent of charges; No services were performed during the 15 month look back period.,20422.561169,29,,,,,0,percent of total billed charges,29 percent of charges; No services were performed during the 15 month look back period.,20422.561169,29,,,,,0,percent of total billed charges,29 percent of charges; No services were performed during the 15 month look back period.,20422.561169,29,,,,,0,percent of total billed charges,29 percent of charges; No services were performed during the 15 month look back period.,20422.561169,29,,,,,0,percent of total billed charges,29 percent of charges; No services were performed during the 15 month look back period.,20422.561169,29,,,,,0,percent of total billed charges,29 percent of charges; No services were performed during the 15 month look back period.,20422.561169,29,,,,,0,percent of total billed charges,29 percent of charges; No services were performed during the 15 month look back period.,20422.561169,29,,,,,0,percent of total billed charges,29 percent of charges; No services were performed during the 15 month look back period.,20422.561169,29,,,,,0,percent of total billed charges,29 percent of charges; No services were performed during the 15 month look back period.,20422.561169,29,,,,,0,percent of total billed charges,29 percent of charges; No services were performed during the 15 month look back period.,20422.561169,29,,,,,0,percent of total billed charges,29 percent of charges; No services were performed during the 15 month look back period.,,,,,,,,,,20422.561169,29,,,,,0,percent of total billed charges,29 percent of charges; No services were performed during the 15 month look back period.,,,,,,,,,,13380.298697,19,,,,,0,percent of total billed charges,19 percent of charges; No services were performed during the 15 month look back period.,9154.941214,13,,,,,0,percent of total billed charges,13 percent of charges; No services were performed during the 15 month look back period.,7042.262472,10,,,,,0,percent of total billed charges,10 percent of charges; No services were performed during the 15 month look back period.,7042.262472,10,,,,,0,percent of total billed charges,10 percent of charges; No services were performed during the 15 month look back period.,,,,,,,,,,28169.049888,40,,,,,0,percent of total billed charges,40 percent of charges; No services were performed during the 15 month look back period.,,,,,,,,,,,,,,,,,,,21126.787416,30,,,,,0,percent of total billed charges,30 Percent of charges; No services were performed during the 15 month look back period.,,,,,,,,,,22535.23991,32,,,,,0,percent of total billed charges,32 pecent of charges; No services were performed during the 15 month look back period.,,,,,,,,,,22535.23991,32,,,,,0,percent of total billed charges,32 pecent of charges; No services were performed during the 15 month look back period.,21126.787416,30,,,,,0,percent of total billed charges,30 Percent of charges; No services were performed during the 15 month look back period.,22535.23991,32,,,,,0,percent of total billed charges,32 pecent of charges; No services were performed during the 15 month look back period.,,,,,,,,,,,,,,,,,,,,,,,,,,,,22535.23991,32,,,,,0,percent of total billed charges,32 pecent of charges; No services were performed during the 15 month look back period.,7042.262472,10,,,,,0,percent of total billed charges,10 percent of charges; No services were performed during the 15 month look back period.,,,,,,,,,,,,,,,,,,,,,,,,,,,,,,,,,,,,,,,,,,,,,,,,,,,,,,,,,,,,,,,,7042.262472,10,,,,,0,percent of total billed charges,10 percent of charges; No services were performed during the 15 month look back period.,,,,,,,,,,,,,,,,,,,,,,,,,,,,20422.561169,29,,,,,0,percent of total billed charges,29 percent of charges; No services were performed during the 15 month look back period.,20422.561169,29,,,,,0,percent of total billed charges,29 percent of charges; No services were performed during the 15 month look back period.,21831.013663,31,,,,,0,percent of total billed charges,31 percent of charges; No services were performed during the 15 month look back period.,,,,,,,,,,7042.262472,10,,,,,0,percent of total billed charges,10 percent of charges; No services were performed during the 15 month look back period.,22535.23991,32,,,,,0,percent of total billed charges,32 pecent of charges; No services were performed during the 15 month look back period.,21126.787416,30,,,,,0,percent of total billed charges,30 Percent of charges; No services were performed during the 15 month look back period.,7042.262472,10,,,,,0,percent of total billed charges,10 percent of charges; No services were performed during the 15 month look back period.,21126.787416,30,,,,,0,percent of total billed charges,30 Percent of charges; No services were performed during the 15 month look back period.,7042.262472,10,,,,,0,percent of total billed charges,10 percent of charges; No services were performed during the 15 month look back period.,,,,,,,,,,,,,,,,,,,,,,,,,,,,,,,,,,,,,,,,,,,,,,352.113124,70422.62472,
J0571,HCPCS,5010015,LOCAL,636,RC,BUPRENORPHINE ORAL 1MG,190.653737,36.22421,Outpatient,ME,1,,2,,,,,,,Fee Schedule,"100 % 1199 Fee Schedule. ",2,,,,,,,Fee Schedule,"100 % 1199 Fee Schedule. ",114.392242,60,,,,,0,percent of total billed charges,60 percent of billed charges; No services were performed during the 15 month look back period.,190.653737,100,,,,,0,percent of total billed charges,100 percent of billed charges; No services were performed during the 15 month look back period.,,,,,,,,Other,"Not Payable. ",114.392242,60,,,,,0,percent of total billed charges,60 percent of billed charges; No services were performed during the 15 month look back period.,114.392242,60,,,,,0,percent of total billed charges,60 percent of billed charges; No services were performed during the 15 month look back period.,114.392242,60,,,,,0,percent of total billed charges,60 percent of billed charges; No services were performed during the 15 month look back period.,0.288,,,,,,,Fee Schedule,"100 Percent of Medicaid APG. ",0.24,,,,,,,Fee Schedule,"100 Percent of Medicaid APG. ",148.709915,78,,,,,0,percent of total billed charges,78% of Billed Charges. Lesser of 100% of billed charges applies.; No services were performed during the 15 month look back period.,,,,,,,,Fee Schedule,"100 % Zero Pay Code. ",0.24,,,,,,,Fee Schedule,"100 Percent of Medicaid APG. ",,,,,,,,Other,"Not Payable. ",57.196121,30,,,,,0,percent of total billed charges,30 percent of billed charges; No services were performed during the 15 month look back period.,57.196121,30,,,,,0,percent of total billed charges,30 percent of billed charges; No services were performed during the 15 month look back period.,57.196121,30,,,,,0,percent of total billed charges,30 percent of billed charges; No services were performed during the 15 month look back period.,57.196121,30,,,,,0,percent of total billed charges,30 percent of billed charges; No services were performed during the 15 month look back period.,0.9315,,,,,,,Fee schedule,"115 Percent of AWP Fee Schedule. ",,,,,,,,Other,"Not Payable. ",0.9315,,,,,,,Fee schedule,"115 Percent of AWP Fee Schedule. ",148.709915,78,,,,,0,percent of total billed charges,78% of Billed Charges. Lesser of 100% of billed charges applies.; No services were performed during the 15 month look back period.,114.392242,60,,,,,0,percent of total billed charges,60 percent of billed charges; No services were performed during the 15 month look back period.,,,,,,,,Other,"Not Payable. ",139.177228,73,,,,,0,percent of total billed charges,73 percent of billed charges; No services were performed during the 15 month look back period.,,,,,,,,Other,"Not Payable. ",,,,,,,,Other,"Not Payable. ",148.709915,78,,,,,0,percent of total billed charges,78% of Billed Charges. Lesser of 100% of billed charges applies.; No services were performed during the 15 month look back period.,0.304,,,,,,,Fee Schedule,95 Percent of AWP. Lesser of 100% of billed charges applies.,0.304,,,,,,,Fee Schedule,95 Percent of AWP. Lesser of 100% of billed charges applies.,0.24,,,,,,,Fee schedule,"100 Percent of Medicaid APG. ",0.24,,,,,,,Fee schedule,"100 Percent of Medicaid APG. ",139.177228,73,,,,,0,percent of total billed charges,73 percent of billed charges; No services were performed during the 15 month look back period.,139.177228,73,,,,,0,percent of total billed charges,73 percent of billed charges; No services were performed during the 15 month look back period.,0.24,,,,,,,Fee Schedule,"100 Percent of Medicaid APG. Not APG payable, or payable under another fee schedule like ASP/AWP pays at 30% of charges",139.177228,73,,,,,0,percent of total billed charges,73 percent of billed charges; No services were performed during the 15 month look back period.,0.24,,,,,,,Fee Schedule,"100 Percent of Medicaid APG. Not APG payable, or payable under another fee schedule like ASP/AWP pays at 30% of charges",,,,,,,,Other,"Not Payable. ",139.177228,73,,,,,0,percent of total billed charges,73 percent of billed charges; No services were performed during the 15 month look back period.,148.709915,78,,,,,0,percent of total billed charges,78% of Billed Charges. Lesser of 100% of billed charges applies.; No services were performed during the 15 month look back period.,0.24,,,,,,,Fee Schedule,"106 percent of Average Sales Price.. Drugs not priced under APG, billed with revenue code 636 and not priced by Medicare ASP FeeSched will be reimbursed at 20% of charges.",0.24,,,,,,,Fee Schedule,"106 percent of Average Sales Price.. Drugs not priced under APG, billed with revenue code 636 and not priced by Medicare ASP FeeSched will be reimbursed at 20% of charges.",148.709915,78,,,,,0,percent of total billed charges,78% of Billed Charges. Lesser of 100% of billed charges applies.; No services were performed during the 15 month look back period.,57.196121,30,,,,,0,percent of total billed charges,30 percent of billed charges; No services were performed during the 15 month look back period.,,,,,,,,Fee Schedule,"100 % Zero Pay Code. ",,,,,,,,Fee Schedule,"100 % Zero Pay Code. ",148.709915,78,,,,,0,percent of total billed charges,78% of Billed Charges. Lesser of 100% of billed charges applies.; No services were performed during the 15 month look back period.,,,,,,,,Other,"Not Payable. ",,,,,,,,Fee Schedule,"100 % Zero Pay Code. ",,,,,,,,Fee Schedule,"100 % Zero Pay Code. ",,,,,,,,Fee Schedule,"100 % Zero Pay Code. ",,,,,,,,Other,"Not Payable. ",,,,,,,,Fee Schedule,"100 % Zero Pay Code. ",,,,,,,,Fee Schedule,"100 % Zero Pay Code. ",,,,,,,,Other,"Not Payable. ",95.326869,50,,,,,0,percent of total billed charges,50 percent of billed charges; No services were performed during the 15 month look back period.,85.794182,45,,,,,0,percent of total billed charges,45 percent of billed charges; No services were performed during the 15 month look back period.,85.794182,45,,,,,0,percent of total billed charges,45 percent of billed charges; No services were performed during the 15 month look back period.,85.794182,45,,,,,0,percent of total billed charges,45 percent of billed charges; No services were performed during the 15 month look back period.,85.794182,45,,,,,0,percent of total billed charges,45 percent of billed charges; No services were performed during the 15 month look back period.,85.794182,45,,,,,0,percent of total billed charges,45 percent of billed charges; No services were performed during the 15 month look back period.,85.794182,45,,,,,0,percent of total billed charges,45 percent of billed charges; No services were performed during the 15 month look back period.,,,,,,,,Other,"Not Payable. ",,,,,,,,Other,"Not Payable. ",85.794182,45,,,,,0,percent of total billed charges,45 percent of billed charges; No services were performed during the 15 month look back period.,148.709915,78,,,,,0,percent of total billed charges,78% of Billed Charges. Lesser of 100% of billed charges applies.; No services were performed during the 15 month look back period.,148.709915,78,,,,,0,percent of total billed charges,78% of Billed Charges. Lesser of 100% of billed charges applies.; No services were performed during the 15 month look back period.,148.709915,78,,,,,0,percent of total billed charges,78% of Billed Charges. Lesser of 100% of billed charges applies.; No services were performed during the 15 month look back period.,148.709915,78,,,,,0,percent of total billed charges,78% of Billed Charges. Lesser of 100% of billed charges applies.; No services were performed during the 15 month look back period.,148.709915,78,,,,,0,percent of total billed charges,78% of Billed Charges. Lesser of 100% of billed charges applies.; No services were performed during the 15 month look back period.,148.709915,78,,,,,0,percent of total billed charges,78% of Billed Charges. Lesser of 100% of billed charges applies.; No services were performed during the 15 month look back period.,148.709915,78,,,,,0,percent of total billed charges,78% of Billed Charges. Lesser of 100% of billed charges applies.; No services were performed during the 15 month look back period.,148.709915,78,,,,,0,percent of total billed charges,78% of Billed Charges. Lesser of 100% of billed charges applies.; No services were performed during the 15 month look back period.,148.709915,78,,,,,0,percent of total billed charges,78% of Billed Charges. Lesser of 100% of billed charges applies.; No services were performed during the 15 month look back period.,148.709915,78,,,,,0,percent of total billed charges,78% of Billed Charges. Lesser of 100% of billed charges applies.; No services were performed during the 15 month look back period.,148.709915,78,,,,,0,percent of total billed charges,78% of Billed Charges. Lesser of 100% of billed charges applies.; No services were performed during the 15 month look back period.,148.709915,78,,,,,0,percent of total billed charges,78% of Billed Charges. Lesser of 100% of billed charges applies.; No services were performed during the 15 month look back period.,148.709915,78,,,,,0,percent of total billed charges,78% of Billed Charges. Lesser of 100% of billed charges applies.; No services were performed during the 15 month look back period.,148.709915,78,,,,,0,percent of total billed charges,78% of Billed Charges. Lesser of 100% of billed charges applies.; No services were performed during the 15 month look back period.,148.709915,78,,,,,0,percent of total billed charges,78% of Billed Charges. Lesser of 100% of billed charges applies.; No services were performed during the 15 month look back period.,148.709915,78,,,,,0,percent of total billed charges,78% of Billed Charges. Lesser of 100% of billed charges applies.; No services were performed during the 15 month look back period.,148.709915,78,,,,,0,percent of total billed charges,78% of Billed Charges. Lesser of 100% of billed charges applies.; No services were performed during the 15 month look back period.,148.709915,78,,,,,0,percent of total billed charges,78% of Billed Charges. Lesser of 100% of billed charges applies.; No services were performed during the 15 month look back period.,148.709915,78,,,,,0,percent of total billed charges,78% of Billed Charges. Lesser of 100% of billed charges applies.; No services were performed during the 15 month look back period.,148.709915,78,,,,,0,percent of total billed charges,78% of Billed Charges. Lesser of 100% of billed charges applies.; No services were performed during the 15 month look back period.,148.709915,78,,,,,0,percent of total billed charges,78% of Billed Charges. Lesser of 100% of billed charges applies.; No services were performed during the 15 month look back period.,148.709915,78,,,,,0,percent of total billed charges,78% of Billed Charges. Lesser of 100% of billed charges applies.; No services were performed during the 15 month look back period.,148.709915,78,,,,,0,percent of total billed charges,78% of Billed Charges. Lesser of 100% of billed charges applies.; No services were performed during the 15 month look back period.,148.709915,78,,,,,0,percent of total billed charges,78% of Billed Charges. Lesser of 100% of billed charges applies.; No services were performed during the 15 month look back period.,148.709915,78,,,,,0,percent of total billed charges,78% of Billed Charges. Lesser of 100% of billed charges applies.; No services were performed during the 15 month look back period.,148.709915,78,,,,,0,percent of total billed charges,78% of Billed Charges. Lesser of 100% of billed charges applies.; No services were performed during the 15 month look back period.,139.177228,73,,,,,0,percent of total billed charges,73 percent of billed charges; No services were performed during the 15 month look back period.,139.177228,73,,,,,0,percent of total billed charges,73 percent of billed charges; No services were performed during the 15 month look back period.,139.177228,73,,,,,0,percent of total billed charges,73 percent of billed charges; No services were performed during the 15 month look back period.,139.177228,73,,,,,0,percent of total billed charges,73 percent of billed charges; No services were performed during the 15 month look back period.,152.52299,80,,,,,0,percent of total billed charges,80 percent of billed charges; No services were performed during the 15 month look back period.,152.52299,80,,,,,0,percent of total billed charges,80 percent of billed charges; No services were performed during the 15 month look back period.,57.196121,30,,,,,0,percent of total billed charges,30 percent of billed charges; No services were performed during the 15 month look back period.,85.794182,45,,,,,0,percent of total billed charges,45 percent of billed charges; No services were performed during the 15 month look back period.,,,,,,,,Fee Schedule,"100 % Zero Pay Code. ",85.794182,45,,,,,0,percent of total billed charges,45 percent of billed charges; No services were performed during the 15 month look back period.,148.709915,78,,,,,0,percent of total billed charges,78% of Billed Charges. Lesser of 100% of billed charges applies.; No services were performed during the 15 month look back period.,152.52299,80,,,,,0,percent of total billed charges,80 percent of billed charges; No services were performed during the 15 month look back period.,85.794182,45,,,,,0,percent of total billed charges,45 percent of billed charges; No services were performed during the 15 month look back period.,,,,,,,,Fee Schedule,"100 % Zero Pay Code. ",57.196121,30,,,,,0,percent of total billed charges,30 percent of billed charges; No services were performed during the 15 month look back period.,,,,,,,,,"NA. ",148.709915,78,,,,,0,percent of total billed charges,78% of Billed Charges. Lesser of 100% of billed charges applies.; No services were performed during the 15 month look back period.,0.24,,,,,,,Fee Schedule,"100 Percent of Medicaid APG. ",139.177228,73,,,,,0,percent of total billed charges,73 percent of billed charges; No services were performed during the 15 month look back period.,0.24,,,,,,,Fee Schedule,"100 Percent of Medicaid APG. Not APG payable, or payable under another fee schedule like ASP/AWP pays at 30% of charges",,,,,,,,Other,"Not Payable. ",,,,,,,,Other,"Not Payable. ",95.326869,50,,,,,0,percent of total billed charges,50 percent of billed charges; No services were performed during the 15 month look back period.,,,,,,,,Other,"Not Payable. ",,,,,,,,Other,"Not Payable. ",0.24,,,,,,,Fee Schedule,"100 Percent of Medicaid APG. ",,,,,,,,Other,"Not Payable. ",,,,,,,,Other,"Not Payable. ",114.392242,60,,,,,0,percent of total billed charges,60 percent of billed charges; No services were performed during the 15 month look back period.,114.392242,60,,,,,0,percent of total billed charges,60 percent of billed charges; No services were performed during the 15 month look back period.,,,,,,,,Other,"Not Payable. ",57.196121,30,,,,,0,percent of total billed charges,30 percent of billed charges; No services were performed during the 15 month look back period.,,,,,,,,Fee Schedule,"100 % Zero Pay Code. ",,,,,,,,Fee Schedule,"100 % Zero Pay Code. ",,,,,,,,Other,"Not Payable. ",57.196121,30,,,,,0,percent of total billed charges,30 percent of billed charges; No services were performed during the 15 month look back period.,114.392242,60,,,,,0,percent of total billed charges,60 percent of billed charges; No services were performed during the 15 month look back period.,114.392242,60,,,,,0,percent of total billed charges,60 percent of billed charges; No services were performed during the 15 month look back period.,114.392242,60,,,,,0,percent of total billed charges,60 percent of billed charges; No services were performed during the 15 month look back period.,148.709915,78,,,,,0,percent of total billed charges,78% of Billed Charges. Lesser of 100% of billed charges applies.; No services were performed during the 15 month look back period.,148.709915,78,,,,,0,percent of total billed charges,78% of Billed Charges. Lesser of 100% of billed charges applies.; No services were performed during the 15 month look back period.,148.709915,78,,,,,0,percent of total billed charges,78% of Billed Charges. Lesser of 100% of billed charges applies.; No services were performed during the 15 month look back period.,148.709915,78,,,,,0,percent of total billed charges,78% of Billed Charges. Lesser of 100% of billed charges applies.; No services were performed during the 15 month look back period.,148.709915,78,,,,,0,percent of total billed charges,78% of Billed Charges. Lesser of 100% of billed charges applies.; No services were performed during the 15 month look back period.,148.709915,78,,,,,0,percent of total billed charges,78% of Billed Charges. Lesser of 100% of billed charges applies.; No services were performed during the 15 month look back period.,148.709915,78,,,,,0,percent of total billed charges,78% of Billed Charges. Lesser of 100% of billed charges applies.; No services were performed during the 15 month look back period.,148.709915,78,,,,,0,percent of total billed charges,78% of Billed Charges. Lesser of 100% of billed charges applies.; No services were performed during the 15 month look back period.,148.709915,78,,,,,0,percent of total billed charges,78% of Billed Charges. Lesser of 100% of billed charges applies.; No services were performed during the 15 month look back period.,148.709915,78,,,,,0,percent of total billed charges,78% of Billed Charges. Lesser of 100% of billed charges applies.; No services were performed during the 15 month look back period.,148.709915,78,,,,,0,percent of total billed charges,78% of Billed Charges. Lesser of 100% of billed charges applies.; No services were performed during the 15 month look back period.,152.52299,80,,,,,0,percent of total billed charges,80 percent of billed charges; No services were performed during the 15 month look back period.,85.794182,45,,,,,0,percent of total billed charges,45 percent of billed charges; No services were performed during the 15 month look back period.,57.196121,30,,,,,0,percent of total billed charges,30 percent of billed charges; No services were performed during the 15 month look back period.,,,,,,,,Other,"Not Payable. ",114.392242,60,,,,,0,percent of total billed charges,60 percent of billed charges; No services were performed during the 15 month look back period.,57.196121,30,,,,,0,percent of total billed charges,30 percent of billed charges; No services were performed during the 15 month look back period.,57.196121,30,,,,,0,percent of total billed charges,30 percent of billed charges; No services were performed during the 15 month look back period.,148.709915,78,,,,,0,percent of total billed charges,78% of Billed Charges. Lesser of 100% of billed charges applies.; No services were performed during the 15 month look back period.,0.5136,,,,,,,Fee Schedule,"214 Percent of Medicaid APG. Drugs not priced under APG, billed with revenue code 636 and not priced by Medicare ASP FeeSched will be reimbursed at 20% of charges.",57.196121,30,,,,,0,percent of total billed charges,30 percent of billed charges; No services were performed during the 15 month look back period.,0.24,,,,,,,Fee Schedule,"100 Percent of Medicaid APG. ",,,,,,,,Other,"Not Payable. ",,,,,,,,Other,"Not Payable. ",,,,,,,,Other,"Not Payable. ",,,,,,,,Other,"Not Payable. ",,,,,,,,Other,"Not Payable. ",,,,,,,,Other,"Not Payable. ",57.196121,30,,,,,0,percent of total billed charges,30 percent of billed charges; No services were performed during the 15 month look back period.,95.326869,50,,,,,0,percent of total billed charges,50 percent of billed charges; No services were performed during the 15 month look back period.,0.504,,,,,,,Fee Schedule,"157.5 Percent of AWP Fee Schedule. ",0.504,,,,,,,Fee Schedule,"157.5 Percent of AWP Fee Schedule. ",0.504,,,,,,,Fee Schedule,"157.5 Percent of AWP Fee Schedule. ",0.504,,,,,,,Fee Schedule,"157.5 Percent of AWP Fee Schedule. ",0.504,,,,,,,Fee Schedule,"157.5 Percent of AWP Fee Schedule. ",,,,,,,,,"NA. ",95.326869,50,,,,,0,percent of total billed charges,50 percent of billed charges; No services were performed during the 15 month look back period.,,,,,,,,Fee Schedule,"Not Payable. ",,,,,,,,Fee Schedule,"Not Payable. ",,,,,,,,Fee Schedule,"Not Payable. ",,,,,,,,Fee Schedule,"Not Payable. ",,,,,,,,Fee Schedule,"Not Payable. ",,,,,,,,Other,"Not Payable. ",152.52299,80,,,,,0,percent of total billed charges,80 percent of billed charges; No services were performed during the 15 month look back period.,152.52299,80,,,,,0,percent of total billed charges,80 percent of billed charges; No services were performed during the 15 month look back period.,152.52299,80,,,,,0,percent of total billed charges,80 percent of billed charges; No services were performed during the 15 month look back period.,152.52299,80,,,,,0,percent of total billed charges,80 percent of billed charges; No services were performed during the 15 month look back period.,114.392242,60,,,,,0,percent of total billed charges,60 percent of billed charges; No services were performed during the 15 month look back period.,114.392242,60,,,,,0,percent of total billed charges,60 percent of billed charges; No services were performed during the 15 month look back period.,114.392242,60,,,,,0,percent of total billed charges,60 percent of billed charges; No services were performed during the 15 month look back period.,114.392242,60,,,,,0,percent of total billed charges,60 percent of billed charges; No services were performed during the 15 month look back period.,95.326869,50,,,,,0,percent of total billed charges,50 percent of billed charges; No services were performed during the 15 month look back period.,95.326869,50,,,,,0,percent of total billed charges,50 percent of billed charges; No services were performed during the 15 month look back period.,,,,,,,,Other,"Not Payable. ",,,,,,,,Other,"Not Payable. ",,,,,,,,Other,"Not Payable. ",85.794182,45,,,,,0,percent of total billed charges,45 percent of billed charges; No services were performed during the 15 month look back period.,85.794182,45,,,,,0,percent of total billed charges,45 percent of billed charges; No services were performed during the 15 month look back period.,85.794182,45,,,,,0,percent of total billed charges,45 percent of billed charges; No services were performed during the 15 month look back period.,95.326869,50,,,,,0,percent of total billed charges,50 percent of billed charges; No services were performed during the 15 month look back period.,114.392242,60,,,,,0,percent of total billed charges,60 percent of billed charges; No services were performed during the 15 month look back period.,,,,,,,,Other,"Not Payable. ",85.794182,45,,,,,0,percent of total billed charges,45 percent of billed charges; No services were performed during the 15 month look back period.,0.24,,,,,,,Fee Schedule,"100 Percent of Medicaid APG. ",,,,,,,,Other,"Not Payable. ",,,,,,,,Other,"Not Payable. ",,,,,,,,Other,"Not Payable. ",0.24,,,,,,,Fee schedule,"100 Percent of Medicaid APG. ",0.54,,,,,,,Fee Schedule,225% of NYS APG. Lesser of 100% of billed charges applies.,0.54,,,,,,,Fee Schedule,225% of NYS APG. Lesser of 100% of billed charges applies.,0.54,,,,,,,Fee Schedule,225% of NYS APG. Lesser of 100% of billed charges applies.,0.54,,,,,,,Fee Schedule,225% of NYS APG. Lesser of 100% of billed charges applies.,0.54,,,,,,,Fee Schedule,225% of NYS APG. Lesser of 100% of billed charges applies.,,,,,,,,Other,"Not Payable. ",0.24,,,,,,,Fee Schedule,"100 Percent of Medicaid APG. ",0.304,,,,,,,Fee Schedule,95 Percent of AWP. Lesser of 100% of billed charges applies.,0.54,,,,,,,Fee Schedule,225% of NYS APG. Lesser of 100% of billed charges applies.,0.54,,,,,,,Fee Schedule,225% of NYS APG. Lesser of 100% of billed charges applies.,0.304,,,,,,,Fee Schedule,95 Percent of AWP. Lesser of 100% of billed charges applies.,0.304,,,,,,,Fee Schedule,95 Percent of AWP. Lesser of 100% of billed charges applies.,0.504,,,,,,,Fee Schedule,"157.5 Percent of AWP Fee Schedule. ",,,,,,,,Other,"Not Payable. ",,,,,,,,Other,"Not Payable. ",114.392242,60,,,,,0,percent of total billed charges,60 percent of billed charges; No services were performed during the 15 month look back period.,,,,,,,,Other,"Not Payable. ",0.54,,,,,,,Fee Schedule,"225 Percent of Medicaid APG. ",0.54,,,,,,,Fee Schedule,"225 Percent of Medicaid APG. ",0.24,,,,,,,Fee schedule,"100 Percent of Medicaid APG. ",0.24,,,,,,,Fee schedule,"100 Percent of Medicaid APG. ",0.368,,,,,,,Fee Schedule,"115 Percent of AWP. ",0.9315,,,,,,,Fee schedule,"115 Percent of AWP Fee Schedule. ",0.54,,,,,,,Fee Schedule,"100 Percent of Medicaid APG. ",0.54,,,,,,,Fee Schedule,"100 Percent of Medicaid APG. ",0.54,,,,,,,Fee Schedule,"100 Percent of Medicaid APG. ",0.54,,,,,,,Fee Schedule,"100 Percent of Medicaid APG. ",85.794182,45,,,,,0,percent of total billed charges,45 percent of billed charges; No services were performed during the 15 month look back period.,95.326869,50,,,,,0,percent of total billed charges,50 percent of billed charges; No services were performed during the 15 month look back period.,0.288,,,,,,,Fee Schedule,"120 Percent of Medicaid APG. Not APG payable, or payable under another fee schedule like ASP/AWP pays at 30% of charges",0.288,,,,,,,Fee Schedule,"120 Percent of Medicaid APG. Not APG payable, or payable under another fee schedule like ASP/AWP pays at 30% of charges",0.24,,,,,,,Fee Schedule,"100 Percent of Medicaid APG. Not APG payable, or payable under another fee schedule like ASP/AWP pays at 30% of charges",0.24,,,,,,,Fee Schedule,"100 Percent of Medicaid APG. Not APG payable, or payable under another fee schedule like ASP/AWP pays at 30% of charges",85.794182,45,,,,,0,percent of total billed charges,45 percent of billed charges; No services were performed during the 15 month look back period.,85.794182,45,,,,,0,percent of total billed charges,45 percent of billed charges; No services were performed during the 15 month look back period.,,,,,,,,Other,"Not Payable. ",85.794182,45,,,,,0,percent of total billed charges,45 percent of billed charges; No services were performed during the 15 month look back period.,85.794182,45,,,,,0,percent of total billed charges,45 percent of billed charges; No services were performed during the 15 month look back period.,85.794182,45,,,,,0,percent of total billed charges,45 percent of billed charges; No services were performed during the 15 month look back period.,85.794182,45,,,,,0,percent of total billed charges,45 percent of billed charges; No services were performed during the 15 month look back period.,,,,,,,,Other,"Not Payable. ",85.794182,45,,,,,0,percent of total billed charges,45 percent of billed charges; No services were performed during the 15 month look back period.,85.794182,45,,,,,0,percent of total billed charges,45 percent of billed charges; No services were performed during the 15 month look back period.,114.392242,60,,,,,0,percent of total billed charges,60 percent of billed charges; No services were performed during the 15 month look back period.,0.24,,,,,,,Fee Schedule,100% APG. Lesser of 100% of billed charges applies.,0.9315,,,,,,,Fee schedule,"115 Percent of AWP Fee Schedule. ",0.54,,,,,,,Fee Schedule,225% of NYS APG. Lesser of 100% of billed charges applies.,0.368,,,,,,,Fee Schedule,"115 Percent of AWP. ",0.9315,,,,,,,Fee schedule,"115 Percent of AWP Fee Schedule. ",0.54,,,,,,,Fee Schedule,225% of NYS APG. Lesser of 100% of billed charges applies.,0.54,,,,,,,Fee Schedule,225% of NYS APG. Lesser of 100% of billed charges applies.,0.54,,,,,,,Fee Schedule,225% of NYS APG. Lesser of 100% of billed charges applies.,0.54,,,,,,,Fee Schedule,225% of NYS APG. Lesser of 100% of billed charges applies.,0.54,,,,,,,Fee Schedule,225% of NYS APG. Lesser of 100% of billed charges applies.,0.54,,,,,,,Fee Schedule,225% of NYS APG. Lesser of 100% of billed charges applies.,,,,,,,,,"NA. ",,,,,,,,,"NA. ",,,,,,,,,"NA. ",57.196121,30,,,,,0,percent of total billed charges,30 percent of billed charges; No services were performed during the 15 month look back period.,,,,,,,,,"NA. ",,,,,,,,Other,"Not Payable. ",2,,,,,,,Fee Schedule,"100 % 1199 Fee Schedule. ",,,,,,,,Other,"Not Payable. ",,,,,,,,Other,"Not Payable. ",0.288,,,,,,,Fee Schedule,"120 Percent of Medicaid APG. Not APG payable, or payable under another fee schedule like ASP/AWP pays at 30% of charges",0.288,,,,,,,Fee Schedule,"120 Percent of Medicaid APG. Not APG payable, or payable under another fee schedule like ASP/AWP pays at 30% of charges",0.24,,,,,,,Fee Schedule,"100 Percent of Medicaid APG. Not APG payable, or payable under another fee schedule like ASP/AWP pays at 30% of charges",0.24,,,,,,,Fee Schedule,"100 Percent of Medicaid APG. Not APG payable, or payable under another fee schedule like ASP/AWP pays at 30% of charges",0.24,,,,,,,Fee Schedule,"100 Percent of Medicaid APG. ",139.177228,73,,,,,0,percent of total billed charges,73 percent of billed charges; No services were performed during the 15 month look back period.,114.392242,60,,,,,0,percent of total billed charges,60 percent of billed charges; No services were performed during the 15 month look back period.,139.177228,73,,,,,0,percent of total billed charges,73 percent of billed charges; No services were performed during the 15 month look back period.,57.196121,30,,,,,0,percent of total billed charges,30 percent of billed charges; No services were performed during the 15 month look back period.,,,,,,,,Other,"Not Payable. ",,,,,,,,Other,"Not Payable. ",,,,,,,,Other,"Not Payable. ",,,,,,,,Other,"Not Payable. ",,,,,,,,Other,"Not Payable. ",,,,,,,,Other,"Not Payable. ",,,,,,,,,"NA. ",0.54,,,,,,,Fee Schedule,225% of NYS APG. Lesser of 100% of billed charges applies.,0.304,,,,,,,Fee Schedule,95 Percent of AWP. Lesser of 100% of billed charges applies.,85.794182,45,,,,,0,percent of total billed charges,45 percent of billed charges; No services were performed during the 15 month look back period.,139.177228,73,,,,,0,percent of total billed charges,73 percent of billed charges; No services were performed during the 15 month look back period.,139.177228,73,,,,,0,percent of total billed charges,73 percent of billed charges; No services were performed during the 15 month look back period.,139.177228,73,,,,,0,percent of total billed charges,73 percent of billed charges; No services were performed during the 15 month look back period.,139.177228,73,,,,,0,percent of total billed charges,73 percent of billed charges; No services were performed during the 15 month look back period.,,,,,,,,Other,"Not Payable. ",0.24,,,,,,,Fee Schedule,"100 Percent of Medicaid APG. ",85.794182,45,,,,,0,percent of total billed charges,45 percent of billed charges; No services were performed during the 15 month look back period.,0.24,,,,,,,Fee Schedule,"100 Percent of Medicaid APG. ",,,,,,,,Other,"Not Payable. ",0.24,,,,,,,Fee Schedule,"100 Percent of Medicaid APG. ",,,,,,,,Other,"Not Payable. ",,,,,,,,Other,"Not Payable. ",0.24,,,,,,,Fee Schedule,"100 Percent of Medicaid APG. ",0.24,,,,,,,Fee Schedule,"100 Percent of Medicaid APG. ",139.177228,73,,,,,0,percent of total billed charges,73 percent of billed charges; No services were performed during the 15 month look back period.,57.196121,30,,,,,0,percent of total billed charges,30 percent of billed charges; No services were performed during the 15 month look back period.,148.709915,78,,,,,0,percent of total billed charges,78% of Billed Charges. Lesser of 100% of billed charges applies.; No services were performed during the 15 month look back period.,,,,,,,,Fee Schedule,"100 % Zero Pay Code. ",,,,,,,,Fee Schedule,"100 % Zero Pay Code. ",114.392242,60,,,,,0,percent of total billed charges,60 percent of billed charges; No services were performed during the 15 month look back period.,,,,,,,,Other,"Not Payable. ",152.52299,80,,,,,0,percent of total billed charges,80 percent of billed charges; No services were performed during the 15 month look back period.,152.52299,80,,,,,0,percent of total billed charges,80 percent of billed charges; No services were performed during the 15 month look back period.,68.635345,36,,,,,0,percent of total billed charges,36 percent of billed charges; No services were performed during the 15 month look back period.,68.635345,36,,,,,0,percent of total billed charges,36 percent of billed charges; No services were performed during the 15 month look back period.,,,,,,,,Other,"Not Payable. ",,,,,,,,Other,"Not Payable. ",,,,,,,,Other,"Not Payable. ",,,,,,,,Other,"Not Payable. ",,,,,,,,Fee Schedule,"100 % Zero Pay Code. ",85.794182,45,,,,,0,percent of total billed charges,45 percent of billed charges; No services were performed during the 15 month look back period.,85.794182,45,,,,,0,percent of total billed charges,45 percent of billed charges; No services were performed during the 15 month look back period.,,,,,,,,Other,"Not Payable. ",68.635345,36,,,,,0,percent of total billed charges,36 percent of billed charges; No services were performed during the 15 month look back period.,139.177228,73,,,,,0,percent of total billed charges,73 percent of billed charges; No services were performed during the 15 month look back period.,0.288,,,,,,,Fee Schedule,"120 Percent of Medicaid APG. ",0.24,,,,,,,Fee Schedule,"100 Percent of Medicaid APG. ",139.177228,73,,,,,0,percent of total billed charges,73 percent of billed charges; No services were performed during the 15 month look back period.,77.214764,40.5,,,,,0,percent of total billed charges,40.5 percent of billed charges; No services were performed during the 15 month look back period.,77.214764,40.5,,,,,0,percent of total billed charges,40.5 percent of billed charges; No services were performed during the 15 month look back period.,85.794182,45,,,,,0,percent of total billed charges,45 percent of billed charges; No services were performed during the 15 month look back period.,95.326869,50,,,,,0,percent of total billed charges,50 percent of billed charges; No services were performed during the 15 month look back period.,,,,,,,,Other,"Not Payable. ",0.252,,,,,,,Fee Schedule,105 percent of Medicaid APG. otherwise 105% of Ordered NYS MCD FS or 105% of ASP+6%,0.252,,,,,,,Fee Schedule,105 percent of Medicaid APG. otherwise 105% of Ordered NYS MCD FS or 105% of ASP+6%,0.252,,,,,,,Fee Schedule,105 percent of Medicaid APG. otherwise 105% of Ordered NYS MCD FS or 105% of ASP+6%,0.324,,,,,,,Fee Schedule,135 percent of Medicaid APG. otherwise 135% of Ordered NYS MCD FS or 135% of ASP+6%,,,,,,,,Fee Schedule,"100 % Zero Pay Code. ",0.252,,,,,,,Fee Schedule,105 percent of Medicaid APG. otherwise 105% of Ordered NYS MCD FS or 105% of ASP+6%,0.252,,,,,,,Fee Schedule,105 percent of Medicaid APG. otherwise 105% of Ordered NYS MCD FS or 105% of ASP+6%,0.252,,,,,,,Fee Schedule,105 percent of Medicaid APG. otherwise 105% of Ordered NYS MCD FS or 105% of ASP+6%,0.252,,,,,,,Fee Schedule,105 percent of Medicaid APG. otherwise 105% of Ordered NYS MCD FS or 105% of ASP+6%,0.252,,,,,,,Fee Schedule,105 percent of Medicaid APG. otherwise 105% of Ordered NYS MCD FS or 105% of ASP+6%,0.324,,,,,,,Fee Schedule,135 percent of Medicaid APG. otherwise 135% of Ordered NYS MCD FS or 135% of ASP+6%,0.324,,,,,,,Fee Schedule,135 percent of Medicaid APG. otherwise 135% of Ordered NYS MCD FS or 135% of ASP+6%,,,,,,,,Other,"Not Payable. ",,,,,,,,Fee Schedule,"100 % Zero Pay Code. ",,,,,,,,Other,"Not Payable. ",0.252,,,,,,,Fee Schedule,105 percent of Medicaid APG. otherwise 105% of Ordered NYS MCD FS or 105% of ASP+6%,85.794182,45,,,,,0,percent of total billed charges,45 percent of billed charges; No services were performed during the 15 month look back period.,,,,,,,,Other,"Not Payable. ",85.794182,45,,,,,0,percent of total billed charges,45 percent of billed charges; No services were performed during the 15 month look back period.,85.794182,45,,,,,0,percent of total billed charges,45 percent of billed charges; No services were performed during the 15 month look back period.,85.794182,45,,,,,0,percent of total billed charges,45 percent of billed charges; No services were performed during the 15 month look back period.,0.252,,,,,,,Fee Schedule,105 percent of Medicaid APG. otherwise 105% of Ordered NYS MCD FS or 105% of ASP+6%,,,,,,,,Other,"Not Payable. ",85.794182,45,,,,,0,percent of total billed charges,45 percent of billed charges; No services were performed during the 15 month look back period.,0.324,,,,,,,Fee Schedule,135 percent of Medicaid APG. otherwise 135% of Ordered NYS MCD FS or 135% of ASP+6%,85.794182,45,,,,,0,percent of total billed charges,45 percent of billed charges; No services were performed during the 15 month look back period.,57.196121,30,,,,,0,percent of total billed charges,30% of Charges. ; No services were performed during the 15 month look back period.,,,,,,,,Other,"Not Payable. ",139.177228,73,,,,,0,percent of total billed charges,73 percent of billed charges; No services were performed during the 15 month look back period.,139.177228,73,,,,,0,percent of total billed charges,73 percent of billed charges; No services were performed during the 15 month look back period.,139.177228,73,,,,,0,percent of total billed charges,73 percent of billed charges; No services were performed during the 15 month look back period.,139.177228,73,,,,,0,percent of total billed charges,73 percent of billed charges; No services were performed during the 15 month look back period.,139.177228,73,,,,,0,percent of total billed charges,73 percent of billed charges; No services were performed during the 15 month look back period.,139.177228,73,,,,,0,percent of total billed charges,73 percent of billed charges; No services were performed during the 15 month look back period.,139.177228,73,,,,,0,percent of total billed charges,73 percent of billed charges; No services were performed during the 15 month look back period.,139.177228,73,,,,,0,percent of total billed charges,73 percent of billed charges; No services were performed during the 15 month look back period.,139.177228,73,,,,,0,percent of total billed charges,73 percent of billed charges; No services were performed during the 15 month look back period.,139.177228,73,,,,,0,percent of total billed charges,73 percent of billed charges; No services were performed during the 15 month look back period.,139.177228,73,,,,,0,percent of total billed charges,73 percent of billed charges; No services were performed during the 15 month look back period.,139.177228,73,,,,,0,percent of total billed charges,73 percent of billed charges; No services were performed during the 15 month look back period.,,,,,,,,Other,"Not Payable. ",139.177228,73,,,,,0,percent of total billed charges,73 percent of billed charges; No services were performed during the 15 month look back period.,,,,,,,,Other,"Not Payable. ",0.54,,,,,,,Fee Schedule,"106 percent of Average Sales Price.. Drugs not priced under APG, billed with revenue code 636 and not priced by Medicare ASP FeeSched will be reimbursed at 20% of charges.",0.24,,,,,,,Fee Schedule,"106 percent of Average Sales Price.. Drugs not priced under APG, billed with revenue code 636 and not priced by Medicare ASP FeeSched will be reimbursed at 20% of charges.",,,,,,,,Fee Schedule,"100 % Zero Pay Code. ",,,,,,,,Fee Schedule,"100 % Zero Pay Code. ",,,,,,,,Other,"Not Payable. ",152.52299,80,,,,,0,percent of total billed charges,80 percent of billed charges; No services were performed during the 15 month look back period.,,,,,,,,Other,"Not Payable. ",,,,,,,,Other,"Not Payable. ",114.392242,60,,,,,0,percent of total billed charges,60 percent of billed charges; No services were performed during the 15 month look back period.,,,,,,,,Other,"Not Payable. ",57.196121,30,,,,,0,percent of total billed charges,30 percent of billed charges; No services were performed during the 15 month look back period.,,,,,,,,Other,"Not Payable. ",57.196121,30,,,,,0,percent of total billed charges,30 percent of billed charges; No services were performed during the 15 month look back period.,114.392242,60,,,,,0,percent of total billed charges,60 percent of billed charges; No services were performed during the 15 month look back period.,57.196121,30,,,,,0,percent of total billed charges,30 percent of billed charges; No services were performed during the 15 month look back period.,,,,,,,,Other,"Not Payable. ",0.24,,,,,,,Fee Schedule,"100 Percent of Medicaid APG. ",,,,,,,,Other,"Not Payable. ",57.196121,30,,,,,0,percent of total billed charges,30 percent of billed charges; No services were performed during the 15 month look back period.,,,,,,,,Fee Schedule,"100 % Zero Pay Code. ",0.24,,,,,,,Fee Schedule,"100 Percent of Medicaid APG. ",85.794182,45,,,,,0,percent of total billed charges,45 percent of billed charges; No services were performed during the 15 month look back period.,0.288,,,,,,,Fee Schedule,"120 Percent of Medicaid APG. ",0.288,,,,,,,Fee Schedule,"120 Percent of Medicaid APG. ",85.794182,45,,,,,0,percent of total billed charges,45 percent of billed charges; No services were performed during the 15 month look back period.,85.794182,45,,,,,0,percent of total billed charges,45 percent of billed charges; No services were performed during the 15 month look back period.,85.794182,45,,,,,0,percent of total billed charges,45 percent of billed charges; No services were performed during the 15 month look back period.,,,,,,,,Fee Schedule,"100 % Zero Pay Code. ",85.794182,45,,,,,0,percent of total billed charges,45 percent of billed charges; No services were performed during the 15 month look back period.,85.794182,45,,,,,0,percent of total billed charges,45 percent of billed charges; No services were performed during the 15 month look back period.,85.794182,45,,,,,0,percent of total billed charges,45 percent of billed charges; No services were performed during the 15 month look back period.,139.177228,73,,,,,0,percent of total billed charges,73 percent of billed charges; No services were performed during the 15 month look back period.,139.177228,73,,,,,0,percent of total billed charges,73 percent of billed charges; No services were performed during the 15 month look back period.,,,,,,,,Fee Schedule,"Not Payable. ",0.24,,,,,,,Fee Schedule,"100 Percent of Medicaid APG. ",,,,,,,,Fee Schedule,"100 % Zero Pay Code. ",57.196121,30,,,,,0,percent of total billed charges,30 percent of billed charges; No services were performed during the 15 month look back period.,114.392242,60,,,,,0,percent of total billed charges,60 percent of billed charges; No services were performed during the 15 month look back period.,,,,,,,,Fee Schedule,"100 % Zero Pay Code. ",114.392242,60,,,,,0,percent of total billed charges,60 percent of billed charges; No services were performed during the 15 month look back period.,,,,,,,,Fee Schedule,"100 % Zero Pay Code. ",85.794182,45,,,,,0,percent of total billed charges,45 percent of billed charges; No services were performed during the 15 month look back period.,85.794182,45,,,,,0,percent of total billed charges,45 percent of billed charges; No services were performed during the 15 month look back period.,85.794182,45,,,,,0,percent of total billed charges,45 percent of billed charges; No services were performed during the 15 month look back period.,85.794182,45,,,,,0,percent of total billed charges,45 percent of billed charges; No services were performed during the 15 month look back period.,,,,,,,,Other,"Not Payable. ",0.24,190.653737,
J0695,HCPCS,5010003,LOCAL,636,RC,INJ CEFTOLOZANE TAZOBACTAM,2806.137147,533.166058,Outpatient,ME,75,,8.04,,,,,,,Fee Schedule,"100 % 1199 Fee Schedule. ",8.04,,,,,,,Fee Schedule,"100 % 1199 Fee Schedule. ",1683.682288,60,,,,,0,percent of total billed charges,60 percent of billed charges; No services were performed during the 15 month look back period.,2806.137147,100,,,,,0,percent of total billed charges,100 percent of billed charges; No services were performed during the 15 month look back period.,8.041,,,,,,,Fee Schedule,"100% ASP Fee Schedule. ",1683.682288,60,,,,,0,percent of total billed charges,60 percent of billed charges; No services were performed during the 15 month look back period.,1683.682288,60,,,,,0,percent of total billed charges,60 percent of billed charges; No services were performed during the 15 month look back period.,1683.682288,60,,,,,0,percent of total billed charges,60 percent of billed charges; No services were performed during the 15 month look back period.,273.742545,,,,,,,Case Rate,"100 Percent of Medicaid APG. ",228.118788,,,,,,,Case Rate,"100 Percent of Medicaid APG. ",2188.786974,78,,,,,0,percent of total billed charges,78% of Billed Charges. Lesser of 100% of billed charges applies.; No services were performed during the 15 month look back period.,,,,,,,,Fee Schedule,"100 % Zero Pay Code. ",228.118788,,,,,,,Case Rate,"100 Percent of Medicaid APG. ",8.041,,,,,,,Fee Schedule,"100% ASP Fee Schedule. ",841.841144,30,,,,,0,percent of total billed charges,30 percent of billed charges; No services were performed during the 15 month look back period.,841.841144,30,,,,,0,percent of total billed charges,30 percent of billed charges; No services were performed during the 15 month look back period.,841.841144,30,,,,,0,percent of total billed charges,30 percent of billed charges; No services were performed during the 15 month look back period.,841.841144,30,,,,,0,percent of total billed charges,30 percent of billed charges; No services were performed during the 15 month look back period.,10.948,,,,,,,Fee schedule,"115 Percent of AWP Fee Schedule. ",8.041,,,,,,,Fee Schedule,"100% ASP Fee Schedule. ",10.948,,,,,,,Fee schedule,"115 Percent of AWP Fee Schedule. ",2188.786974,78,,,,,0,percent of total billed charges,78% of Billed Charges. Lesser of 100% of billed charges applies.; No services were performed during the 15 month look back period.,1683.682288,60,,,,,0,percent of total billed charges,60 percent of billed charges; No services were performed during the 15 month look back period.,8.041,,,,,,,Fee Schedule,"100% ASP Fee Schedule. ",2048.480117,73,,,,,0,percent of total billed charges,73 percent of billed charges; No services were performed during the 15 month look back period.,8.041,,,,,,,Fee Schedule,"100% ASP Fee Schedule. ",8.041,,,,,,,Fee Schedule,"100% ASP Fee Schedule. ",2188.786974,78,,,,,0,percent of total billed charges,78% of Billed Charges. Lesser of 100% of billed charges applies.; No services were performed during the 15 month look back period.,9.128,,,,,,,Fee Schedule,100 Percent of ASP if not priced then 95 Percent of AWP. Lesser of 100% of billed charges applies.,9.128,,,,,,,Fee Schedule,100 Percent of ASP if not priced then 95 Percent of AWP. Lesser of 100% of billed charges applies.,8.6716,,,,,,,Fee schedule,"95 Percent of ASP. ",8.6716,,,,,,,Fee schedule,"95 Percent of ASP. ",2048.480117,73,,,,,0,percent of total billed charges,73 percent of billed charges; No services were performed during the 15 month look back period.,2048.480117,73,,,,,0,percent of total billed charges,73 percent of billed charges; No services were performed during the 15 month look back period.,228.118788,,,,,,,Case Rate,"100 Percent of Medicaid APG. Not APG payable, or payable under another fee schedule like ASP/AWP pays at 30% of charges",2048.480117,73,,,,,0,percent of total billed charges,73 percent of billed charges; No services were performed during the 15 month look back period.,228.118788,,,,,,,Case Rate,"100 Percent of Medicaid APG. Not APG payable, or payable under another fee schedule like ASP/AWP pays at 30% of charges",8.041,,,,,,,Fee Schedule,"100% ASP Fee Schedule. ",2048.480117,73,,,,,0,percent of total billed charges,73 percent of billed charges; No services were performed during the 15 month look back period.,2188.786974,78,,,,,0,percent of total billed charges,78% of Billed Charges. Lesser of 100% of billed charges applies.; No services were performed during the 15 month look back period.,228.118788,,,,,,,Case Rate,"106 percent of Average Sales Price.. Drugs not priced under APG, billed with revenue code 636 and not priced by Medicare ASP FeeSched will be reimbursed at 20% of charges.",228.118788,,,,,,,Case Rate,"106 percent of Average Sales Price.. Drugs not priced under APG, billed with revenue code 636 and not priced by Medicare ASP FeeSched will be reimbursed at 20% of charges.",2188.786974,78,,,,,0,percent of total billed charges,78% of Billed Charges. Lesser of 100% of billed charges applies.; No services were performed during the 15 month look back period.,841.841144,30,,,,,0,percent of total billed charges,30 percent of billed charges; No services were performed during the 15 month look back period.,,,,,,,,Fee Schedule,"100 % Zero Pay Code. ",,,,,,,,Fee Schedule,"100 % Zero Pay Code. ",2188.786974,78,,,,,0,percent of total billed charges,78% of Billed Charges. Lesser of 100% of billed charges applies.; No services were performed during the 15 month look back period.,8.041,,,,,,,Fee Schedule,"100% ASP Fee Schedule. ",,,,,,,,Fee Schedule,"100 % Zero Pay Code. ",,,,,,,,Fee Schedule,"100 % Zero Pay Code. ",,,,,,,,Fee Schedule,"100 % Zero Pay Code. ",8.041,,,,,,,Fee Schedule,"100% ASP Fee Schedule. ",,,,,,,,Fee Schedule,"100 % Zero Pay Code. ",,,,,,,,Fee Schedule,"100 % Zero Pay Code. ",8.041,,,,,,,Fee Schedule,"100% of AWP Fee Schedule. ",1403.068573,50,,,,,0,percent of total billed charges,50 percent of billed charges; No services were performed during the 15 month look back period.,1262.761716,45,,,,,0,percent of total billed charges,45 percent of billed charges; No services were performed during the 15 month look back period.,1262.761716,45,,,,,0,percent of total billed charges,45 percent of billed charges; No services were performed during the 15 month look back period.,1262.761716,45,,,,,0,percent of total billed charges,45 percent of billed charges; No services were performed during the 15 month look back period.,1262.761716,45,,,,,0,percent of total billed charges,45 percent of billed charges; No services were performed during the 15 month look back period.,1262.761716,45,,,,,0,percent of total billed charges,45 percent of billed charges; No services were performed during the 15 month look back period.,1262.761716,45,,1114.34,1114.34,1114.34,1 through 10,percent of total billed charges,45 percent of billed charges,8.041,,,,,,,Fee Schedule,"100% ASP Fee Schedule. ",8.041,,,,,,,Fee Schedule,"100% ASP Fee Schedule. ",1262.761716,45,,,,,0,percent of total billed charges,45 percent of billed charges; No services were performed during the 15 month look back period.,2188.786974,78,,,,,0,percent of total billed charges,78% of Billed Charges. Lesser of 100% of billed charges applies.; No services were performed during the 15 month look back period.,2188.786974,78,,,,,0,percent of total billed charges,78% of Billed Charges. Lesser of 100% of billed charges applies.; No services were performed during the 15 month look back period.,2188.786974,78,,,,,0,percent of total billed charges,78% of Billed Charges. Lesser of 100% of billed charges applies.; No services were performed during the 15 month look back period.,2188.786974,78,,,,,0,percent of total billed charges,78% of Billed Charges. Lesser of 100% of billed charges applies.; No services were performed during the 15 month look back period.,2188.786974,78,,,,,0,percent of total billed charges,78% of Billed Charges. Lesser of 100% of billed charges applies.; No services were performed during the 15 month look back period.,2188.786974,78,,,,,0,percent of total billed charges,78% of Billed Charges. Lesser of 100% of billed charges applies.; No services were performed during the 15 month look back period.,2188.786974,78,,,,,0,percent of total billed charges,78% of Billed Charges. Lesser of 100% of billed charges applies.; No services were performed during the 15 month look back period.,2188.786974,78,,,,,0,percent of total billed charges,78% of Billed Charges. Lesser of 100% of billed charges applies.; No services were performed during the 15 month look back period.,2188.786974,78,,,,,0,percent of total billed charges,78% of Billed Charges. Lesser of 100% of billed charges applies.; No services were performed during the 15 month look back period.,2188.786974,78,,,,,0,percent of total billed charges,78% of Billed Charges. Lesser of 100% of billed charges applies.; No services were performed during the 15 month look back period.,2188.786974,78,,,,,0,percent of total billed charges,78% of Billed Charges. Lesser of 100% of billed charges applies.; No services were performed during the 15 month look back period.,2188.786974,78,,,,,0,percent of total billed charges,78% of Billed Charges. Lesser of 100% of billed charges applies.; No services were performed during the 15 month look back period.,2188.786974,78,,,,,0,percent of total billed charges,78% of Billed Charges. Lesser of 100% of billed charges applies.; No services were performed during the 15 month look back period.,2188.786974,78,,,,,0,percent of total billed charges,78% of Billed Charges. Lesser of 100% of billed charges applies.; No services were performed during the 15 month look back period.,2188.786974,78,,,,,0,percent of total billed charges,78% of Billed Charges. Lesser of 100% of billed charges applies.; No services were performed during the 15 month look back period.,2188.786974,78,,,,,0,percent of total billed charges,78% of Billed Charges. Lesser of 100% of billed charges applies.; No services were performed during the 15 month look back period.,2188.786974,78,,,,,0,percent of total billed charges,78% of Billed Charges. Lesser of 100% of billed charges applies.; No services were performed during the 15 month look back period.,2188.786974,78,,,,,0,percent of total billed charges,78% of Billed Charges. Lesser of 100% of billed charges applies.; No services were performed during the 15 month look back period.,2188.786974,78,,,,,0,percent of total billed charges,78% of Billed Charges. Lesser of 100% of billed charges applies.; No services were performed during the 15 month look back period.,2188.786974,78,,,,,0,percent of total billed charges,78% of Billed Charges. Lesser of 100% of billed charges applies.; No services were performed during the 15 month look back period.,2188.786974,78,,,,,0,percent of total billed charges,78% of Billed Charges. Lesser of 100% of billed charges applies.; No services were performed during the 15 month look back period.,2188.786974,78,,,,,0,percent of total billed charges,78% of Billed Charges. Lesser of 100% of billed charges applies.; No services were performed during the 15 month look back period.,2188.786974,78,,,,,0,percent of total billed charges,78% of Billed Charges. Lesser of 100% of billed charges applies.; No services were performed during the 15 month look back period.,2188.786974,78,,,,,0,percent of total billed charges,78% of Billed Charges. Lesser of 100% of billed charges applies.; No services were performed during the 15 month look back period.,2188.786974,78,,,,,0,percent of total billed charges,78% of Billed Charges. Lesser of 100% of billed charges applies.; No services were performed during the 15 month look back period.,2188.786974,78,,,,,0,percent of total billed charges,78% of Billed Charges. Lesser of 100% of billed charges applies.; No services were performed during the 15 month look back period.,2048.480117,73,,,,,0,percent of total billed charges,73 percent of billed charges; No services were performed during the 15 month look back period.,2048.480117,73,,,,,0,percent of total billed charges,73 percent of billed charges; No services were performed during the 15 month look back period.,2048.480117,73,,,,,0,percent of total billed charges,73 percent of billed charges; No services were performed during the 15 month look back period.,2048.480117,73,,,,,0,percent of total billed charges,73 percent of billed charges; No services were performed during the 15 month look back period.,2244.909717,80,,,,,0,percent of total billed charges,80 percent of billed charges; No services were performed during the 15 month look back period.,2244.909717,80,,,,,0,percent of total billed charges,80 percent of billed charges; No services were performed during the 15 month look back period.,841.841144,30,,,,,0,percent of total billed charges,30 percent of billed charges; No services were performed during the 15 month look back period.,1262.761716,45,,,,,0,percent of total billed charges,45 percent of billed charges; No services were performed during the 15 month look back period.,,,,,,,,Fee Schedule,"100 % Zero Pay Code. ",1262.761716,45,,,,,0,percent of total billed charges,45 percent of billed charges; No services were performed during the 15 month look back period.,2188.786974,78,,,,,0,percent of total billed charges,78% of Billed Charges. Lesser of 100% of billed charges applies.; No services were performed during the 15 month look back period.,2244.909717,80,,,,,0,percent of total billed charges,80 percent of billed charges; No services were performed during the 15 month look back period.,1262.761716,45,,,,,0,percent of total billed charges,45 percent of billed charges; No services were performed during the 15 month look back period.,,,,,,,,Fee Schedule,"100 % Zero Pay Code. ",841.841144,30,,,,,0,percent of total billed charges,30 percent of billed charges; No services were performed during the 15 month look back period.,,,,,,,,,"NA. ",2188.786974,78,,,,,0,percent of total billed charges,78% of Billed Charges. Lesser of 100% of billed charges applies.; No services were performed during the 15 month look back period.,228.118788,,,,,,,Case Rate,"100 Percent of Medicaid APG. ",2048.480117,73,,,,,0,percent of total billed charges,73 percent of billed charges; No services were performed during the 15 month look back period.,228.118788,,,,,,,Case Rate,"100 Percent of Medicaid APG. Not APG payable, or payable under another fee schedule like ASP/AWP pays at 30% of charges",8.041,,,,,,,Fee Schedule,"100% ASP Fee Schedule. ",8.041,,,,,,,Fee Schedule,"100% ASP Fee Schedule. ",1403.068573,50,,,,,0,percent of total billed charges,50 percent of billed charges; No services were performed during the 15 month look back period.,8.041,,,,,,,Fee Schedule,"100% ASP Fee Schedule. ",8.041,,,,,,,Fee Schedule,"100% ASP Fee Schedule. ",228.118788,,,,,,,Case Rate,"100 Percent of Medicaid APG. ",8.041,,,,,,,Fee Schedule,"100% ASP Fee Schedule. ",8.041,,,,,,,Fee Schedule,"100% ASP Fee Schedule. ",1683.682288,60,,,,,0,percent of total billed charges,60 percent of billed charges; No services were performed during the 15 month look back period.,1683.682288,60,,,,,0,percent of total billed charges,60 percent of billed charges; No services were performed during the 15 month look back period.,8.041,,,,,,,Fee Schedule,"100% ASP Fee Schedule. ",841.841144,30,,,,,0,percent of total billed charges,30 percent of billed charges; No services were performed during the 15 month look back period.,,,,,,,,Fee Schedule,"100 % Zero Pay Code. ",,,,,,,,Fee Schedule,"100 % Zero Pay Code. ",8.041,,,,,,,Fee Schedule,"100% ASP Fee Schedule. ",841.841144,30,,,,,0,percent of total billed charges,30 percent of billed charges; No services were performed during the 15 month look back period.,1683.682288,60,,,,,0,percent of total billed charges,60 percent of billed charges; No services were performed during the 15 month look back period.,1683.682288,60,,,,,0,percent of total billed charges,60 percent of billed charges; No services were performed during the 15 month look back period.,1683.682288,60,,,,,0,percent of total billed charges,60 percent of billed charges; No services were performed during the 15 month look back period.,2188.786974,78,,,,,0,percent of total billed charges,78% of Billed Charges. Lesser of 100% of billed charges applies.; No services were performed during the 15 month look back period.,2188.786974,78,,,,,0,percent of total billed charges,78% of Billed Charges. Lesser of 100% of billed charges applies.; No services were performed during the 15 month look back period.,2188.786974,78,,,,,0,percent of total billed charges,78% of Billed Charges. Lesser of 100% of billed charges applies.; No services were performed during the 15 month look back period.,2188.786974,78,,,,,0,percent of total billed charges,78% of Billed Charges. Lesser of 100% of billed charges applies.; No services were performed during the 15 month look back period.,2188.786974,78,,,,,0,percent of total billed charges,78% of Billed Charges. Lesser of 100% of billed charges applies.; No services were performed during the 15 month look back period.,2188.786974,78,,,,,0,percent of total billed charges,78% of Billed Charges. Lesser of 100% of billed charges applies.; No services were performed during the 15 month look back period.,2188.786974,78,,,,,0,percent of total billed charges,78% of Billed Charges. Lesser of 100% of billed charges applies.; No services were performed during the 15 month look back period.,2188.786974,78,,,,,0,percent of total billed charges,78% of Billed Charges. Lesser of 100% of billed charges applies.; No services were performed during the 15 month look back period.,2188.786974,78,,,,,0,percent of total billed charges,78% of Billed Charges. Lesser of 100% of billed charges applies.; No services were performed during the 15 month look back period.,2188.786974,78,,,,,0,percent of total billed charges,78% of Billed Charges. Lesser of 100% of billed charges applies.; No services were performed during the 15 month look back period.,2188.786974,78,,,,,0,percent of total billed charges,78% of Billed Charges. Lesser of 100% of billed charges applies.; No services were performed during the 15 month look back period.,2244.909717,80,,,,,0,percent of total billed charges,80 percent of billed charges; No services were performed during the 15 month look back period.,1262.761716,45,,1114.34,1114.34,1114.34,1 through 10,percent of total billed charges,45 percent of billed charges,841.841144,30,,,,,0,percent of total billed charges,30 percent of billed charges; No services were performed during the 15 month look back period.,8.041,,,,,,,Fee Schedule,"100% ASP Fee Schedule. ",1683.682288,60,,,,,0,percent of total billed charges,60 percent of billed charges; No services were performed during the 15 month look back period.,841.841144,30,,,,,0,percent of total billed charges,30 percent of billed charges; No services were performed during the 15 month look back period.,841.841144,30,,,,,0,percent of total billed charges,30 percent of billed charges; No services were performed during the 15 month look back period.,2188.786974,78,,,,,0,percent of total billed charges,78% of Billed Charges. Lesser of 100% of billed charges applies.; No services were performed during the 15 month look back period.,488.174206,,,,,,,Case Rate,"141 percent of Average Sales Price.. Drugs not priced under APG, billed with revenue code 636 and not priced by Medicare ASP FeeSched will be reimbursed at 20% of charges.",841.841144,30,,,,,0,percent of total billed charges,30 percent of billed charges; No services were performed during the 15 month look back period.,228.118788,,,,,,,Case Rate,"100 Percent of Medicaid APG. ",8.041,,,,,,,Fee Schedule,"100% ASP Fee Schedule. ",8.041,,,,,,,Fee Schedule,"100% ASP Fee Schedule. ",8.041,,,,,,,Fee Schedule,"100% ASP Fee Schedule. ",8.041,,,,,,,Fee Schedule,"100% ASP Fee Schedule. ",8.041,,,,,,,Fee Schedule,"100% ASP Fee Schedule. ",8.041,,,,,,,Fee Schedule,"100% ASP Fee Schedule. ",841.841144,30,,,,,0,percent of total billed charges,30 percent of billed charges; No services were performed during the 15 month look back period.,1403.068573,50,,,,,0,percent of total billed charges,50 percent of billed charges; No services were performed during the 15 month look back period.,16.4745,,,,,,,Fee Schedule,"157.5 Percent of AWP Fee Schedule. ",16.4745,,,,,,,Fee Schedule,"157.5 Percent of AWP Fee Schedule. ",16.4745,,,,,,,Fee Schedule,"157.5 Percent of AWP Fee Schedule. ",16.4745,,,,,,,Fee Schedule,"157.5 Percent of AWP Fee Schedule. ",16.4745,,,,,,,Fee Schedule,"157.5 Percent of AWP Fee Schedule. ",,,,,,,,,"NA. ",1403.068573,50,,,,,0,percent of total billed charges,50 percent of billed charges; No services were performed during the 15 month look back period.,11.33781,,,,,,,Fee Schedule,141 Percent of of ASP. Drugs billed with revenue code 636 and not priced by Medicare ASP fee schedule will be reimburse at 20 percent of charges,11.33781,,,,,,,Fee Schedule,141 Percent of of ASP. Drugs billed with revenue code 636 and not priced by Medicare ASP fee schedule will be reimburse at 20 percent of charges,11.33781,,,,,,,Fee Schedule,141 Percent of of ASP. Drugs billed with revenue code 636 and not priced by Medicare ASP fee schedule will be reimburse at 20 percent of charges,11.33781,,,,,,,Fee Schedule,141 Percent of of ASP. Drugs billed with revenue code 636 and not priced by Medicare ASP fee schedule will be reimburse at 20 percent of charges,11.33781,,,,,,,Fee Schedule,141 Percent of of ASP. Drugs billed with revenue code 636 and not priced by Medicare ASP fee schedule will be reimburse at 20 percent of charges,8.041,,,,,,,Fee Schedule,"100% ASP Fee Schedule. ",2244.909717,80,,,,,0,percent of total billed charges,80 percent of billed charges; No services were performed during the 15 month look back period.,2244.909717,80,,,,,0,percent of total billed charges,80 percent of billed charges; No services were performed during the 15 month look back period.,2244.909717,80,,,,,0,percent of total billed charges,80 percent of billed charges; No services were performed during the 15 month look back period.,2244.909717,80,,,,,0,percent of total billed charges,80 percent of billed charges; No services were performed during the 15 month look back period.,1683.682288,60,,,,,0,percent of total billed charges,60 percent of billed charges; No services were performed during the 15 month look back period.,1683.682288,60,,,,,0,percent of total billed charges,60 percent of billed charges; No services were performed during the 15 month look back period.,1683.682288,60,,,,,0,percent of total billed charges,60 percent of billed charges; No services were performed during the 15 month look back period.,1683.682288,60,,,,,0,percent of total billed charges,60 percent of billed charges; No services were performed during the 15 month look back period.,1403.068573,50,,,,,0,percent of total billed charges,50 percent of billed charges; No services were performed during the 15 month look back period.,1403.068573,50,,,,,0,percent of total billed charges,50 percent of billed charges; No services were performed during the 15 month look back period.,8.041,,,,,,,Fee Schedule,"100% ASP Fee Schedule. ",8.041,,,,,,,Fee Schedule,"100% ASP Fee Schedule. ",8.041,,,,,,,Fee Schedule,"100% ASP Fee Schedule. ",1262.761716,45,,,,,0,percent of total billed charges,45 percent of billed charges; No services were performed during the 15 month look back period.,1262.761716,45,,,,,0,percent of total billed charges,45 percent of billed charges; No services were performed during the 15 month look back period.,1262.761716,45,,,,,0,percent of total billed charges,45 percent of billed charges; No services were performed during the 15 month look back period.,1403.068573,50,,,,,0,percent of total billed charges,50 percent of billed charges; No services were performed during the 15 month look back period.,1683.682288,60,,,,,0,percent of total billed charges,60 percent of billed charges; No services were performed during the 15 month look back period.,8.041,,,,,,,Fee Schedule,"100% ASP Fee Schedule. ",1262.761716,45,,,,,0,percent of total billed charges,45 percent of billed charges; No services were performed during the 15 month look back period.,228.118788,,,,,,,Case Rate,"100 Percent of Medicaid APG. ",8.20182,,,,,,,Fee Schedule,"100% of ASP Fee Schedule. ",8.20182,,,,,,,Fee Schedule,"100% of ASP Fee Schedule. ",8.20182,,,,,,,Fee Schedule,"100% of ASP Fee Schedule. ",8.6716,,,,,,,Fee schedule,"95 Percent of ASP. ",28.061371,1,,,,,0,percent of total billed charges,Approximating Cost. Lesser of 100% of billed charges applies.; No services were performed during the 15 month look back period.,28.061371,1,,,,,0,percent of total billed charges,Approximating Cost. Lesser of 100% of billed charges applies.; No services were performed during the 15 month look back period.,28.061371,1,,,,,0,percent of total billed charges,Approximating Cost. Lesser of 100% of billed charges applies.; No services were performed during the 15 month look back period.,28.061371,1,,,,,0,percent of total billed charges,Approximating Cost. Lesser of 100% of billed charges applies.; No services were performed during the 15 month look back period.,28.061371,1,,,,,0,percent of total billed charges,Approximating Cost. Lesser of 100% of billed charges applies.; No services were performed during the 15 month look back period.,8.20182,,,,,,,Fee Schedule,"100% of ASP Fee Schedule. ",228.118788,,,,,,,Case Rate,"100 Percent of Medicaid APG. ",9.128,,,,,,,Fee Schedule,100 Percent of ASP if not priced then 95 Percent of AWP. Lesser of 100% of billed charges applies.,28.061371,1,,,,,0,percent of total billed charges,Approximating Cost. Lesser of 100% of billed charges applies.; No services were performed during the 15 month look back period.,28.061371,1,,,,,0,percent of total billed charges,Approximating Cost. Lesser of 100% of billed charges applies.; No services were performed during the 15 month look back period.,9.128,,,,,,,Fee Schedule,100 Percent of ASP if not priced then 95 Percent of AWP. Lesser of 100% of billed charges applies.,9.128,,,,,,,Fee Schedule,100 Percent of ASP if not priced then 95 Percent of AWP. Lesser of 100% of billed charges applies.,16.4745,,,,,,,Fee Schedule,"157.5 Percent of AWP Fee Schedule. ",8.041,,,,,,,Fee Schedule,"100% ASP Fee Schedule. ",8.041,,,,,,,Fee Schedule,"100% ASP Fee Schedule. ",1683.682288,60,,,,,0,percent of total billed charges,60 percent of billed charges; No services were performed during the 15 month look back period.,8.041,,,,,,,Fee Schedule,"100% ASP Fee Schedule. ",8.6716,,,,,,,Fee Schedule,"95 Percent of ASP. ",8.6716,,,,,,,Fee Schedule,"95 Percent of ASP. ",8.6716,,,,,,,Fee schedule,"95 Percent of ASP. ",8.6716,,,,,,,Fee schedule,"95 Percent of ASP. ",12.029,,,,,,,Fee Schedule,"115 Percent of AWP. ",10.948,,,,,,,Fee schedule,"115 Percent of AWP Fee Schedule. ",513.267273,,,,,,,Case Rate,"100 Percent of Medicaid APG. ",513.267273,,,,,,,Case Rate,"100 Percent of Medicaid APG. ",513.267273,,,,,,,Case Rate,"100 Percent of Medicaid APG. ",513.267273,,,,,,,Case Rate,"100 Percent of Medicaid APG. ",1262.761716,45,,,,,0,percent of total billed charges,45 percent of billed charges; No services were performed during the 15 month look back period.,1403.068573,50,,,,,0,percent of total billed charges,50 percent of billed charges; No services were performed during the 15 month look back period.,273.742545,,,,,,,Case Rate,"120 Percent of Medicaid APG. Not APG payable, or payable under another fee schedule like ASP/AWP pays at 30% of charges",273.742545,,,,,,,Case Rate,"120 Percent of Medicaid APG. Not APG payable, or payable under another fee schedule like ASP/AWP pays at 30% of charges",228.118788,,,,,,,Case Rate,"100 Percent of Medicaid APG. Not APG payable, or payable under another fee schedule like ASP/AWP pays at 30% of charges",228.118788,,,,,,,Case Rate,"100 Percent of Medicaid APG. Not APG payable, or payable under another fee schedule like ASP/AWP pays at 30% of charges",1262.761716,45,,,,,0,percent of total billed charges,45 percent of billed charges; No services were performed during the 15 month look back period.,1262.761716,45,,,,,0,percent of total billed charges,45 percent of billed charges; No services were performed during the 15 month look back period.,8.041,,,,,,,Fee Schedule,"100% ASP Fee Schedule. ",1262.761716,45,,,,,0,percent of total billed charges,45 percent of billed charges; No services were performed during the 15 month look back period.,1262.761716,45,,,,,0,percent of total billed charges,45 percent of billed charges; No services were performed during the 15 month look back period.,1262.761716,45,,,,,0,percent of total billed charges,45 percent of billed charges; No services were performed during the 15 month look back period.,1262.761716,45,,,,,0,percent of total billed charges,45 percent of billed charges; No services were performed during the 15 month look back period.,8.041,,,,,,,Fee Schedule,"100% ASP Fee Schedule. ",1262.761716,45,,,,,0,percent of total billed charges,45 percent of billed charges; No services were performed during the 15 month look back period.,1262.761716,45,,,,,0,percent of total billed charges,45 percent of billed charges; No services were performed during the 15 month look back period.,1683.682288,60,,,,,0,percent of total billed charges,60 percent of billed charges; No services were performed during the 15 month look back period.,9.5844,,,,,,,Fee Schedule,105% of ASP. Lesser of 100% of billed charges applies.,10.948,,,,,,,Fee schedule,"115 Percent of AWP Fee Schedule. ",28.061371,1,,,,,0,percent of total billed charges,Approximating Cost. Lesser of 100% of billed charges applies.; No services were performed during the 15 month look back period.,12.029,,,,,,,Fee Schedule,"115 Percent of AWP. ",10.948,,,,,,,Fee schedule,"115 Percent of AWP Fee Schedule. ",28.061371,1,,,,,0,percent of total billed charges,Approximating Cost. Lesser of 100% of billed charges applies.; No services were performed during the 15 month look back period.,28.061371,1,,,,,0,percent of total billed charges,Approximating Cost. Lesser of 100% of billed charges applies.; No services were performed during the 15 month look back period.,28.061371,1,,,,,0,percent of total billed charges,Approximating Cost. Lesser of 100% of billed charges applies.; No services were performed during the 15 month look back period.,28.061371,1,,,,,0,percent of total billed charges,Approximating Cost. Lesser of 100% of billed charges applies.; No services were performed during the 15 month look back period.,28.061371,1,,,,,0,percent of total billed charges,Approximating Cost. Lesser of 100% of billed charges applies.; No services were performed during the 15 month look back period.,28.061371,1,,,,,0,percent of total billed charges,Approximating Cost. Lesser of 100% of billed charges applies.; No services were performed during the 15 month look back period.,,,,,,,,,"NA. ",,,,,,,,,"NA. ",,,,,,,,,"NA. ",841.841144,30,,,,,0,percent of total billed charges,30 percent of billed charges; No services were performed during the 15 month look back period.,,,,,,,,,"NA. ",8.041,,,,,,,Fee Schedule,"100% ASP Fee Schedule. ",8.04,,,,,,,Fee Schedule,"100 % 1199 Fee Schedule. ",8.041,,,,,,,Fee Schedule,"100% ASP Fee Schedule. ",8.041,,,,,,,Fee Schedule,"100% ASP Fee Schedule. ",273.742545,,,,,,,Case Rate,"120 Percent of Medicaid APG. Not APG payable, or payable under another fee schedule like ASP/AWP pays at 30% of charges",273.742545,,,,,,,Case Rate,"120 Percent of Medicaid APG. Not APG payable, or payable under another fee schedule like ASP/AWP pays at 30% of charges",228.118788,,,,,,,Case Rate,"100 Percent of Medicaid APG. Not APG payable, or payable under another fee schedule like ASP/AWP pays at 30% of charges",228.118788,,,,,,,Case Rate,"100 Percent of Medicaid APG. Not APG payable, or payable under another fee schedule like ASP/AWP pays at 30% of charges",228.118788,,,,,,,Case Rate,"100 Percent of Medicaid APG. ",2048.480117,73,,,,,0,percent of total billed charges,73 percent of billed charges; No services were performed during the 15 month look back period.,1683.682288,60,,,,,0,percent of total billed charges,60 percent of billed charges; No services were performed during the 15 month look back period.,2048.480117,73,,,,,0,percent of total billed charges,73 percent of billed charges; No services were performed during the 15 month look back period.,841.841144,30,,,,,0,percent of total billed charges,30 percent of billed charges; No services were performed during the 15 month look back period.,8.041,,,,,,,Fee Schedule,"100% ASP Fee Schedule. ",8.041,,,,,,,Fee Schedule,"100% ASP Fee Schedule. ",8.041,,,,,,,Fee Schedule,"100% ASP Fee Schedule. ",8.041,,,,,,,Fee Schedule,"100% ASP Fee Schedule. ",8.041,,,,,,,Fee Schedule,"100% ASP Fee Schedule. ",8.041,,,,,,,Fee Schedule,"100% ASP Fee Schedule. ",,,,,,,,,"NA. ",28.061371,1,,,,,0,percent of total billed charges,Approximating Cost. Lesser of 100% of billed charges applies.; No services were performed during the 15 month look back period.,9.128,,,,,,,Fee Schedule,100 Percent of ASP if not priced then 95 Percent of AWP. Lesser of 100% of billed charges applies.,1262.761716,45,,,,,0,percent of total billed charges,45 percent of billed charges; No services were performed during the 15 month look back period.,2048.480117,73,,,,,0,percent of total billed charges,73 percent of billed charges; No services were performed during the 15 month look back period.,2048.480117,73,,,,,0,percent of total billed charges,73 percent of billed charges; No services were performed during the 15 month look back period.,2048.480117,73,,,,,0,percent of total billed charges,73 percent of billed charges; No services were performed during the 15 month look back period.,2048.480117,73,,,,,0,percent of total billed charges,73 percent of billed charges; No services were performed during the 15 month look back period.,8.041,,,,,,,Fee Schedule,"100% ASP Fee Schedule. ",228.118788,,,,,,,Case Rate,"100 Percent of Medicaid APG. ",1262.761716,45,,,,,0,percent of total billed charges,45 percent of billed charges; No services were performed during the 15 month look back period.,228.118788,,,,,,,Case Rate,"100 Percent of Medicaid APG. ",8.041,,,,,,,Fee Schedule,"100% ASP Fee Schedule. ",228.118788,,,,,,,Case Rate,"100 Percent of Medicaid APG. ",8.041,,,,,,,Fee Schedule,"100% ASP Fee Schedule. ",8.041,,,,,,,Fee Schedule,"100% ASP Fee Schedule. ",228.118788,,,,,,,Case Rate,"100 Percent of Medicaid APG. ",228.118788,,,,,,,Case Rate,"100 Percent of Medicaid APG. ",2048.480117,73,,,,,0,percent of total billed charges,73 percent of billed charges; No services were performed during the 15 month look back period.,841.841144,30,,,,,0,percent of total billed charges,30 percent of billed charges; No services were performed during the 15 month look back period.,2188.786974,78,,,,,0,percent of total billed charges,78% of Billed Charges. Lesser of 100% of billed charges applies.; No services were performed during the 15 month look back period.,,,,,,,,Fee Schedule,"100 % Zero Pay Code. ",,,,,,,,Fee Schedule,"100 % Zero Pay Code. ",1683.682288,60,,,,,0,percent of total billed charges,60 percent of billed charges; No services were performed during the 15 month look back period.,8.041,,,,,,,Fee Schedule,"100% of AWP Fee Schedule. ",2244.909717,80,,,,,0,percent of total billed charges,80 percent of billed charges; No services were performed during the 15 month look back period.,2244.909717,80,,,,,0,percent of total billed charges,80 percent of billed charges; No services were performed during the 15 month look back period.,1010.209373,36,,,,,0,percent of total billed charges,36 percent of billed charges; No services were performed during the 15 month look back period.,1010.209373,36,,,,,0,percent of total billed charges,36 percent of billed charges; No services were performed during the 15 month look back period.,8.041,,,,,,,Fee Schedule,"100% ASP Fee Schedule. ",8.041,,,,,,,Fee Schedule,"100% ASP Fee Schedule. ",8.041,,,,,,,Fee Schedule,"100% ASP Fee Schedule. ",8.041,,,,,,,Fee Schedule,"100% ASP Fee Schedule. ",,,,,,,,Fee Schedule,"100 % Zero Pay Code. ",1262.761716,45,,,,,0,percent of total billed charges,45 percent of billed charges; No services were performed during the 15 month look back period.,1262.761716,45,,,,,0,percent of total billed charges,45 percent of billed charges; No services were performed during the 15 month look back period.,8.041,,,,,,,Fee Schedule,"100% ASP Fee Schedule. ",1010.209373,36,,,,,0,percent of total billed charges,36 percent of billed charges; No services were performed during the 15 month look back period.,2048.480117,73,,,,,0,percent of total billed charges,73 percent of billed charges; No services were performed during the 15 month look back period.,273.742545,,,,,,,Fee Schedule,"120 Percent of Medicaid APG. ",228.118788,,,,,,,Case Rate,"100 Percent of Medicaid APG. ",2048.480117,73,,,,,0,percent of total billed charges,73 percent of billed charges; No services were performed during the 15 month look back period.,1136.485544,40.5,,,,,0,percent of total billed charges,40.5 percent of billed charges; No services were performed during the 15 month look back period.,1136.485544,40.5,,,,,0,percent of total billed charges,40.5 percent of billed charges; No services were performed during the 15 month look back period.,1262.761716,45,,,,,0,percent of total billed charges,45 percent of billed charges; No services were performed during the 15 month look back period.,1403.068573,50,,,,,0,percent of total billed charges,50 percent of billed charges; No services were performed during the 15 month look back period.,8.041,,,,,,,Fee Schedule,"100% ASP Fee Schedule. ",239.524727,,,,,,,Fee Schedule,105 percent of Medicaid APG. otherwise 105% of Ordered NYS MCD FS or 105% of ASP+6%,239.524727,,,,,,,Fee Schedule,105 percent of Medicaid APG. otherwise 105% of Ordered NYS MCD FS or 105% of ASP+6%,239.524727,,,,,,,Fee Schedule,105 percent of Medicaid APG. otherwise 105% of Ordered NYS MCD FS or 105% of ASP+6%,307.960364,,,,,,,Fee Schedule,135 percent of Medicaid APG. otherwise 135% of Ordered NYS MCD FS or 135% of ASP+6%,,,,,,,,Fee Schedule,"100 % Zero Pay Code. ",239.524727,,,,,,,Fee Schedule,105 percent of Medicaid APG. otherwise 105% of Ordered NYS MCD FS or 105% of ASP+6%,239.524727,,,,,,,Fee Schedule,105 percent of Medicaid APG. otherwise 105% of Ordered NYS MCD FS or 105% of ASP+6%,239.524727,,,,,,,Fee Schedule,105 percent of Medicaid APG. otherwise 105% of Ordered NYS MCD FS or 105% of ASP+6%,239.524727,,,,,,,Fee Schedule,105 percent of Medicaid APG. otherwise 105% of Ordered NYS MCD FS or 105% of ASP+6%,239.524727,,,,,,,Fee Schedule,105 percent of Medicaid APG. otherwise 105% of Ordered NYS MCD FS or 105% of ASP+6%,307.960364,,,,,,,Fee Schedule,135 percent of Medicaid APG. otherwise 135% of Ordered NYS MCD FS or 135% of ASP+6%,307.960364,,,,,,,Fee Schedule,135 percent of Medicaid APG. otherwise 135% of Ordered NYS MCD FS or 135% of ASP+6%,8.041,,,,,,,Fee Schedule,"100% ASP Fee Schedule. ",,,,,,,,Fee Schedule,"100 % Zero Pay Code. ",8.041,,,,,,,Fee Schedule,"100% ASP Fee Schedule. ",239.524727,,,,,,,Fee Schedule,105 percent of Medicaid APG. otherwise 105% of Ordered NYS MCD FS or 105% of ASP+6%,1262.761716,45,,,,,0,percent of total billed charges,45 percent of billed charges; No services were performed during the 15 month look back period.,8.041,,,,,,,Fee Schedule,"100% ASP Fee Schedule. ",1262.761716,45,,,,,0,percent of total billed charges,45 percent of billed charges; No services were performed during the 15 month look back period.,1262.761716,45,,,,,0,percent of total billed charges,45 percent of billed charges; No services were performed during the 15 month look back period.,1262.761716,45,,,,,0,percent of total billed charges,45 percent of billed charges; No services were performed during the 15 month look back period.,239.524727,,,,,,,Fee Schedule,105 percent of Medicaid APG. otherwise 105% of Ordered NYS MCD FS or 105% of ASP+6%,8.041,,,,,,,Fee Schedule,"100% ASP Fee Schedule. ",1262.761716,45,,,,,0,percent of total billed charges,45 percent of billed charges; No services were performed during the 15 month look back period.,307.960364,,,,,,,Fee Schedule,135 percent of Medicaid APG. otherwise 135% of Ordered NYS MCD FS or 135% of ASP+6%,1262.761716,45,,,,,0,percent of total billed charges,45 percent of billed charges; No services were performed during the 15 month look back period.,841.841144,30,,,,,0,percent of total billed charges,30% of Charges. ; No services were performed during the 15 month look back period.,8.041,,,,,,,Fee Schedule,"100% ASP Fee Schedule. ",2048.480117,73,,,,,0,percent of total billed charges,73 percent of billed charges; No services were performed during the 15 month look back period.,2048.480117,73,,,,,0,percent of total billed charges,73 percent of billed charges; No services were performed during the 15 month look back period.,2048.480117,73,,,,,0,percent of total billed charges,73 percent of billed charges; No services were performed during the 15 month look back period.,2048.480117,73,,,,,0,percent of total billed charges,73 percent of billed charges; No services were performed during the 15 month look back period.,2048.480117,73,,,,,0,percent of total billed charges,73 percent of billed charges; No services were performed during the 15 month look back period.,2048.480117,73,,,,,0,percent of total billed charges,73 percent of billed charges; No services were performed during the 15 month look back period.,2048.480117,73,,,,,0,percent of total billed charges,73 percent of billed charges; No services were performed during the 15 month look back period.,2048.480117,73,,,,,0,percent of total billed charges,73 percent of billed charges; No services were performed during the 15 month look back period.,2048.480117,73,,,,,0,percent of total billed charges,73 percent of billed charges; No services were performed during the 15 month look back period.,2048.480117,73,,,,,0,percent of total billed charges,73 percent of billed charges; No services were performed during the 15 month look back period.,2048.480117,73,,,,,0,percent of total billed charges,73 percent of billed charges; No services were performed during the 15 month look back period.,2048.480117,73,,,,,0,percent of total billed charges,73 percent of billed charges; No services were performed during the 15 month look back period.,8.041,,,,,,,Fee Schedule,"100% ASP Fee Schedule. ",2048.480117,73,,,,,0,percent of total billed charges,73 percent of billed charges; No services were performed during the 15 month look back period.,8.041,,,,,,,Fee Schedule,"100% ASP Fee Schedule. ",513.267273,,,,,,,Case Rate,"106 percent of Average Sales Price.. Drugs not priced under APG, billed with revenue code 636 and not priced by Medicare ASP FeeSched will be reimbursed at 20% of charges.",228.118788,,,,,,,Case Rate,"106 percent of Average Sales Price.. Drugs not priced under APG, billed with revenue code 636 and not priced by Medicare ASP FeeSched will be reimbursed at 20% of charges.",,,,,,,,Fee Schedule,"100 % Zero Pay Code. ",,,,,,,,Fee Schedule,"100 % Zero Pay Code. ",8.041,,,,,,,Fee Schedule,"100% ASP Fee Schedule. ",2244.909717,80,,,,,0,percent of total billed charges,80 percent of billed charges; No services were performed during the 15 month look back period.,8.041,,,,,,,Fee Schedule,"100% ASP Fee Schedule. ",8.041,,,,,,,Fee Schedule,"100% ASP Fee Schedule. ",1683.682288,60,,,,,0,percent of total billed charges,60 percent of billed charges; No services were performed during the 15 month look back period.,8.041,,,,,,,Fee Schedule,"100% ASP Fee Schedule. ",841.841144,30,,,,,0,percent of total billed charges,30 percent of billed charges; No services were performed during the 15 month look back period.,8.041,,,,,,,Fee Schedule,"100% ASP Fee Schedule. ",841.841144,30,,,,,0,percent of total billed charges,30 percent of billed charges; No services were performed during the 15 month look back period.,1683.682288,60,,,,,0,percent of total billed charges,60 percent of billed charges; No services were performed during the 15 month look back period.,841.841144,30,,,,,0,percent of total billed charges,30 percent of billed charges; No services were performed during the 15 month look back period.,8.041,,,,,,,Fee Schedule,"100% ASP Fee Schedule. ",228.118788,,,,,,,Case Rate,"100 Percent of Medicaid APG. ",8.041,,,,,,,Fee Schedule,"100% ASP Fee Schedule. ",841.841144,30,,,,,0,percent of total billed charges,30 percent of billed charges; No services were performed during the 15 month look back period.,,,,,,,,Fee Schedule,"100 % Zero Pay Code. ",228.118788,,,,,,,Case Rate,"100 Percent of Medicaid APG. ",1262.761716,45,,,,,0,percent of total billed charges,45 percent of billed charges; No services were performed during the 15 month look back period.,273.742545,,,,,,,Fee Schedule,"120 Percent of Medicaid APG. ",273.742545,,,,,,,Fee Schedule,"120 Percent of Medicaid APG. ",1262.761716,45,,,,,0,percent of total billed charges,45 percent of billed charges; No services were performed during the 15 month look back period.,1262.761716,45,,,,,0,percent of total billed charges,45 percent of billed charges; No services were performed during the 15 month look back period.,1262.761716,45,,,,,0,percent of total billed charges,45 percent of billed charges; No services were performed during the 15 month look back period.,,,,,,,,Fee Schedule,"100 % Zero Pay Code. ",1262.761716,45,,,,,0,percent of total billed charges,45 percent of billed charges; No services were performed during the 15 month look back period.,1262.761716,45,,,,,0,percent of total billed charges,45 percent of billed charges; No services were performed during the 15 month look back period.,1262.761716,45,,,,,0,percent of total billed charges,45 percent of billed charges; No services were performed during the 15 month look back period.,2048.480117,73,,,,,0,percent of total billed charges,73 percent of billed charges; No services were performed during the 15 month look back period.,2048.480117,73,,,,,0,percent of total billed charges,73 percent of billed charges; No services were performed during the 15 month look back period.,11.33781,,,,,,,Fee Schedule,141 Percent of of ASP. Drugs billed with revenue code 636 and not priced by Medicare ASP fee schedule will be reimburse at 20 percent of charges,228.118788,,,,,,,Case Rate,"100 Percent of Medicaid APG. ",,,,,,,,Fee Schedule,"100 % Zero Pay Code. ",841.841144,30,,,,,0,percent of total billed charges,30 percent of billed charges; No services were performed during the 15 month look back period.,1683.682288,60,,,,,0,percent of total billed charges,60 percent of billed charges; No services were performed during the 15 month look back period.,,,,,,,,Fee Schedule,"100 % Zero Pay Code. ",1683.682288,60,,,,,0,percent of total billed charges,60 percent of billed charges; No services were performed during the 15 month look back period.,,,,,,,,Fee Schedule,"100 % Zero Pay Code. ",1262.761716,45,,,,,0,percent of total billed charges,45 percent of billed charges; No services were performed during the 15 month look back period.,1262.761716,45,,,,,0,percent of total billed charges,45 percent of billed charges; No services were performed during the 15 month look back period.,1262.761716,45,,,,,0,percent of total billed charges,45 percent of billed charges; No services were performed during the 15 month look back period.,1262.761716,45,,,,,0,percent of total billed charges,45 percent of billed charges; No services were performed during the 15 month look back period.,8.041,,,,,,,Fee Schedule,"100% ASP Fee Schedule. ",8.04,5612.274293,
J0706,HCPCS,5010003,LOCAL,636,RC,CAFFEINE CITRATE INJECTION,7.05285,1.340041,Inpatient,ME,5,,,,,,,,,,,,,,,,,,,,2.115855,30,,,,,0,percent of total billed charges,30 Percent of charges; No services were performed during the 15 month look back period.,7.05285,100,,,,,0,percent of total billed charges,100 percent of charges; No services were performed during the 15 month look back period.,,,,,,,,,,2.115855,30,,,,,0,percent of total billed charges,30 Percent of charges; No services were performed during the 15 month look back period.,2.115855,30,,,,,0,percent of total billed charges,30 Percent of charges; No services were performed during the 15 month look back period.,2.115855,30,,,,,0,percent of total billed charges,30 Percent of charges; No services were performed during the 15 month look back period.,0.705285,10,,,,,0,percent of total billed charges,10 percent of charges; No services were performed during the 15 month look back period.,,,,,,,,,,5.14858,73,,,,,0,percent of total billed charges,73 percent of charges; No services were performed during the 15 month look back period.,0.705285,10,,,,,0,percent of total billed charges,10 percent of charges; No services were performed during the 15 month look back period.,,,,,,,,,,,,,,,,,,,2.256912,32,,,,,0,percent of total billed charges,32 pecent of charges; No services were performed during the 15 month look back period.,2.256912,32,,,,,0,percent of total billed charges,32 pecent of charges; No services were performed during the 15 month look back period.,2.256912,32,,,,,0,percent of total billed charges,32 pecent of charges; No services were performed during the 15 month look back period.,2.256912,32,,,,,0,percent of total billed charges,32 pecent of charges; No services were performed during the 15 month look back period.,,,,,,,,,,,,,,,,,,,,,,,,,,,,5.14858,73,,,,,0,percent of total billed charges,73 percent of charges; No services were performed during the 15 month look back period.,2.115855,30,,,,,0,percent of total billed charges,30 Percent of charges; No services were performed during the 15 month look back period.,2.82114,40,,,,,0,percent of total billed charges,40 percent of charges; No services were performed during the 15 month look back period.,2.045326,29,,,,,0,percent of total billed charges,29 percent of charges; No services were performed during the 15 month look back period.,2.82114,40,,,,,0,percent of total billed charges,40 percent of charges; No services were performed during the 15 month look back period.,2.82114,40,,,,,0,percent of total billed charges,40 percent of charges; No services were performed during the 15 month look back period.,5.14858,73,,,,,0,percent of total billed charges,73 percent of charges; No services were performed during the 15 month look back period.,,,,,,,,,,,,,,,,,,,,,,,,,,,,,,,,,,,,,2.045326,29,,,,,0,percent of total billed charges,29 percent of charges; No services were performed during the 15 month look back period.,2.045326,29,,,,,0,percent of total billed charges,29 percent of charges; No services were performed during the 15 month look back period.,2.045326,29,,,,,0,percent of total billed charges,29 percent of charges; No services were performed during the 15 month look back period.,2.045326,29,,,,,0,percent of total billed charges,29 percent of charges; No services were performed during the 15 month look back period.,2.045326,29,,,,,0,percent of total billed charges,29 percent of charges; No services were performed during the 15 month look back period.,2.045326,29,,,,,0,percent of total billed charges,29 percent of charges; No services were performed during the 15 month look back period.,2.045326,29,,,,,0,percent of total billed charges,29 percent of charges; No services were performed during the 15 month look back period.,5.14858,73,,,,,0,percent of total billed charges,73 percent of charges; No services were performed during the 15 month look back period.,0.91687,13,,,,,0,percent of total billed charges,13 percent of charges; No services were performed during the 15 month look back period.,0.91687,13,,,,,0,percent of total billed charges,13 percent of charges; No services were performed during the 15 month look back period.,5.14858,73,,,,,0,percent of total billed charges,73 percent of charges; No services were performed during the 15 month look back period.,2.256912,32,,,,,0,percent of total billed charges,32 pecent of charges; No services were performed during the 15 month look back period.,0.705285,10,,,,,0,percent of total billed charges,10 percent of charges; No services were performed during the 15 month look back period.,0.705285,10,,,,,0,percent of total billed charges,10 percent of charges; No services were performed during the 15 month look back period.,5.14858,73,,,,,0,percent of total billed charges,73 percent of charges; No services were performed during the 15 month look back period.,,,,,,,,,,0.705285,10,,,,,0,percent of total billed charges,10 percent of charges; No services were performed during the 15 month look back period.,0.705285,10,,,,,0,percent of total billed charges,10 percent of charges; No services were performed during the 15 month look back period.,0.705285,10,,,,,0,percent of total billed charges,10 percent of charges; No services were performed during the 15 month look back period.,,,,,,,,,,0.705285,10,,,,,0,percent of total billed charges,10 percent of charges; No services were performed during the 15 month look back period.,0.705285,10,,,,,0,percent of total billed charges,10 percent of charges; No services were performed during the 15 month look back period.,,,,,,,,,,1.692684,24,,,,,0,percent of total billed charges,24 percent of charges; No services were performed during the 15 month look back period.,,,,,,,,,,,,,,,,,,,,,,,,,,,,,,,,,,,,,,,,,,,,,,,,,,,,,,,,,,,,,,,,,,,,,,,,,,,,,,,,,,5.14858,73,,,,,0,percent of total billed charges,73 percent of charges; No services were performed during the 15 month look back period.,5.14858,73,,,,,0,percent of total billed charges,73 percent of charges; No services were performed during the 15 month look back period.,5.14858,73,,,,,0,percent of total billed charges,73 percent of charges; No services were performed during the 15 month look back period.,5.14858,73,,,,,0,percent of total billed charges,73 percent of charges; No services were performed during the 15 month look back period.,5.14858,73,,,,,0,percent of total billed charges,73 percent of charges; No services were performed during the 15 month look back period.,5.14858,73,,,,,0,percent of total billed charges,73 percent of charges; No services were performed during the 15 month look back period.,5.14858,73,,,,,0,percent of total billed charges,73 percent of charges; No services were performed during the 15 month look back period.,5.14858,73,,,,,0,percent of total billed charges,73 percent of charges; No services were performed during the 15 month look back period.,5.14858,73,,,,,0,percent of total billed charges,73 percent of charges; No services were performed during the 15 month look back period.,5.14858,73,,,,,0,percent of total billed charges,73 percent of charges; No services were performed during the 15 month look back period.,5.14858,73,,,,,0,percent of total billed charges,73 percent of charges; No services were performed during the 15 month look back period.,5.14858,73,,,,,0,percent of total billed charges,73 percent of charges; No services were performed during the 15 month look back period.,5.14858,73,,,,,0,percent of total billed charges,73 percent of charges; No services were performed during the 15 month look back period.,5.14858,73,,,,,0,percent of total billed charges,73 percent of charges; No services were performed during the 15 month look back period.,5.14858,73,,,,,0,percent of total billed charges,73 percent of charges; No services were performed during the 15 month look back period.,5.14858,73,,,,,0,percent of total billed charges,73 percent of charges; No services were performed during the 15 month look back period.,5.14858,73,,,,,0,percent of total billed charges,73 percent of charges; No services were performed during the 15 month look back period.,5.14858,73,,,,,0,percent of total billed charges,73 percent of charges; No services were performed during the 15 month look back period.,5.14858,73,,,,,0,percent of total billed charges,73 percent of charges; No services were performed during the 15 month look back period.,5.14858,73,,,,,0,percent of total billed charges,73 percent of charges; No services were performed during the 15 month look back period.,5.14858,73,,,,,0,percent of total billed charges,73 percent of charges; No services were performed during the 15 month look back period.,5.14858,73,,,,,0,percent of total billed charges,73 percent of charges; No services were performed during the 15 month look back period.,5.14858,73,,,,,0,percent of total billed charges,73 percent of charges; No services were performed during the 15 month look back period.,5.14858,73,,,,,0,percent of total billed charges,73 percent of charges; No services were performed during the 15 month look back period.,5.14858,73,,,,,0,percent of total billed charges,73 percent of charges; No services were performed during the 15 month look back period.,5.14858,73,,,,,0,percent of total billed charges,73 percent of charges; No services were performed during the 15 month look back period.,2.045326,29,,,,,0,percent of total billed charges,29 percent of charges; No services were performed during the 15 month look back period.,2.045326,29,,,,,0,percent of total billed charges,29 percent of charges; No services were performed during the 15 month look back period.,2.045326,29,,,,,0,percent of total billed charges,29 percent of charges; No services were performed during the 15 month look back period.,2.045326,29,,,,,0,percent of total billed charges,29 percent of charges; No services were performed during the 15 month look back period.,2.82114,40,,,,,0,percent of total billed charges,40 percent of charges; No services were performed during the 15 month look back period.,2.82114,40,,,,,0,percent of total billed charges,40 percent of charges; No services were performed during the 15 month look back period.,2.256912,32,,,,,0,percent of total billed charges,32 pecent of charges; No services were performed during the 15 month look back period.,,,,,,,,,,0.705285,10,,,,,0,percent of total billed charges,10 percent of charges; No services were performed during the 15 month look back period.,,,,,,,,,,5.14858,73,,,,,0,percent of total billed charges,73 percent of charges; No services were performed during the 15 month look back period.,2.82114,40,,,,,0,percent of total billed charges,40 percent of charges; No services were performed during the 15 month look back period.,,,,,,,,,,0.705285,10,,,,,0,percent of total billed charges,10 percent of charges; No services were performed during the 15 month look back period.,2.256912,32,,,,,0,percent of total billed charges,32 pecent of charges; No services were performed during the 15 month look back period.,,,,,,,,,,5.14858,73,,,,,0,percent of total billed charges,73 percent of charges; No services were performed during the 15 month look back period.,,,,,,,,,,2.045326,29,,,,,0,percent of total billed charges,29 percent of charges; No services were performed during the 15 month look back period.,2.045326,29,,,,,0,percent of total billed charges,29 percent of charges; No services were performed during the 15 month look back period.,2.045326,29,,,,,0,percent of total billed charges,29 percent of charges; No services were performed during the 15 month look back period.,,,,,,,,,,1.692684,24,,,,,0,percent of total billed charges,24 percent of charges; No services were performed during the 15 month look back period.,,,,,,,,,,,,,,,,,,,,,,,,,,,,,,,,,,,,,,,,,,,,,,2.115855,30,,,,,0,percent of total billed charges,30 Percent of charges; No services were performed during the 15 month look back period.,2.115855,30,,,,,0,percent of total billed charges,30 Percent of charges; No services were performed during the 15 month look back period.,,,,,,,,,,2.256912,32,,,,,0,percent of total billed charges,32 pecent of charges; No services were performed during the 15 month look back period.,0.705285,10,,,,,0,percent of total billed charges,10 percent of charges; No services were performed during the 15 month look back period.,0.705285,10,,,,,0,percent of total billed charges,10 percent of charges; No services were performed during the 15 month look back period.,,,,,,,,,,2.256912,32,,,,,0,percent of total billed charges,32 pecent of charges; No services were performed during the 15 month look back period.,2.115855,30,,,,,0,percent of total billed charges,30 Percent of charges; No services were performed during the 15 month look back period.,2.115855,30,,,,,0,percent of total billed charges,30 Percent of charges; No services were performed during the 15 month look back period.,2.115855,30,,,,,0,percent of total billed charges,30 Percent of charges; No services were performed during the 15 month look back period.,5.14858,73,,,,,0,percent of total billed charges,73 percent of charges; No services were performed during the 15 month look back period.,5.14858,73,,,,,0,percent of total billed charges,73 percent of charges; No services were performed during the 15 month look back period.,5.14858,73,,,,,0,percent of total billed charges,73 percent of charges; No services were performed during the 15 month look back period.,5.14858,73,,,,,0,percent of total billed charges,73 percent of charges; No services were performed during the 15 month look back period.,5.14858,73,,,,,0,percent of total billed charges,73 percent of charges; No services were performed during the 15 month look back period.,5.14858,73,,,,,0,percent of total billed charges,73 percent of charges; No services were performed during the 15 month look back period.,5.14858,73,,,,,0,percent of total billed charges,73 percent of charges; No services were performed during the 15 month look back period.,5.14858,73,,,,,0,percent of total billed charges,73 percent of charges; No services were performed during the 15 month look back period.,5.14858,73,,,,,0,percent of total billed charges,73 percent of charges; No services were performed during the 15 month look back period.,5.14858,73,,,,,0,percent of total billed charges,73 percent of charges; No services were performed during the 15 month look back period.,5.14858,73,,,,,0,percent of total billed charges,73 percent of charges; No services were performed during the 15 month look back period.,2.82114,40,,,,,0,percent of total billed charges,40 percent of charges; No services were performed during the 15 month look back period.,,,,,,,,,,2.256912,32,,,,,0,percent of total billed charges,32 pecent of charges; No services were performed during the 15 month look back period.,,,,,,,,,,2.115855,30,,,,,0,percent of total billed charges,30 Percent of charges; No services were performed during the 15 month look back period.,2.256912,32,,,,,0,percent of total billed charges,32 pecent of charges; No services were performed during the 15 month look back period.,2.256912,32,,,,,0,percent of total billed charges,32 pecent of charges; No services were performed during the 15 month look back period.,5.14858,73,,,,,0,percent of total billed charges,73 percent of charges; No services were performed during the 15 month look back period.,1.41057,20,,,,,0,percent of total billed charges,20 percent of charges; No services were performed during the 15 month look back period.,2.256912,32,,,,,0,percent of total billed charges,32 pecent of charges; No services were performed during the 15 month look back period.,,,,,,,,,,,,,,,,,,,,,,,,,,,,,,,,,,,,,,,,,,,,,,,,,,,,,,,,,,,,,,,,2.256912,32,,,,,0,percent of total billed charges,32 pecent of charges; No services were performed during the 15 month look back period.,1.692684,24,,,,,0,percent of total billed charges,24 percent of charges; No services were performed during the 15 month look back period.,,,,,,,,,,,,,,,,,,,,,,,,,,,,,,,,,,,,,,,,,,,,,,,,,,,,,,,1.692684,24,,,,,0,percent of total billed charges,24 percent of charges; No services were performed during the 15 month look back period.,2.186383,31,,,,,0,percent of total billed charges,31 percent of charges; No services were performed during the 15 month look back period.,2.186383,31,,,,,0,percent of total billed charges,31 percent of charges; No services were performed during the 15 month look back period.,2.186383,31,,,,,0,percent of total billed charges,31 percent of charges; No services were performed during the 15 month look back period.,2.186383,31,,,,,0,percent of total billed charges,31 percent of charges; No services were performed during the 15 month look back period.,2.186383,31,,,,,0,percent of total billed charges,31 percent of charges; No services were performed during the 15 month look back period.,,,,,,,,,,2.82114,40,,,,,0,percent of total billed charges,40 percent of charges; No services were performed during the 15 month look back period.,2.82114,40,,,,,0,percent of total billed charges,40 percent of charges; No services were performed during the 15 month look back period.,2.82114,40,,,,,0,percent of total billed charges,40 percent of charges; No services were performed during the 15 month look back period.,2.82114,40,,,,,0,percent of total billed charges,40 percent of charges; No services were performed during the 15 month look back period.,2.115855,30,,,,,0,percent of total billed charges,30 Percent of charges; No services were performed during the 15 month look back period.,2.115855,30,,,,,0,percent of total billed charges,30 Percent of charges; No services were performed during the 15 month look back period.,2.115855,30,,,,,0,percent of total billed charges,30 Percent of charges; No services were performed during the 15 month look back period.,2.115855,30,,,,,0,percent of total billed charges,30 Percent of charges; No services were performed during the 15 month look back period.,1.692684,24,,,,,0,percent of total billed charges,24 percent of charges; No services were performed during the 15 month look back period.,1.692684,24,,,,,0,percent of total billed charges,24 percent of charges; No services were performed during the 15 month look back period.,,,,,,,,,,,,,,,,,,,,,,,,,,,,,,,,,,,,,,,,,,,,,,,,,,,,,,,1.692684,24,,,,,0,percent of total billed charges,24 percent of charges; No services were performed during the 15 month look back period.,2.115855,30,,,,,0,percent of total billed charges,30 Percent of charges; No services were performed during the 15 month look back period.,,,,,,,,,,,,,,,,,,,,,,,,,,,,,,,,,,,,,,,,,,,,,,,,,,,,,,,,,,,,,,,,,,,,,,,,,,,,,,,,,,,,,,,,,,,,,,,,,,,,,,,,,,,,,,,,,,,,,,,,,,,,,,,,,,,,,,,,,,,,,,,,,,,,,,,,,,,,,,,,,,,,,,,,,,,,,,,,,,,,,,,,,,,,,,,,,,,,,,,2.115855,30,,,,,0,percent of total billed charges,30 Percent of charges; No services were performed during the 15 month look back period.,,,,,,,,,,,,,,,,,,,,,,,,,,,,,,,,,,,,,,,,,,,,,,,,,,,,,,,,,,,,,,,,0.705285,10,,,,,0,percent of total billed charges,10 percent of charges; No services were performed during the 15 month look back period.,0.705285,10,,,,,0,percent of total billed charges,10 percent of charges; No services were performed during the 15 month look back period.,0.705285,10,,,,,0,percent of total billed charges,10 percent of charges; No services were performed during the 15 month look back period.,0.705285,10,,,,,0,percent of total billed charges,10 percent of charges; No services were performed during the 15 month look back period.,,,,,,,,,,1.692684,24,,,,,0,percent of total billed charges,24 percent of charges; No services were performed during the 15 month look back period.,2.045326,29,,,,,0,percent of total billed charges,29 percent of charges; No services were performed during the 15 month look back period.,2.045326,29,,,,,0,percent of total billed charges,29 percent of charges; No services were performed during the 15 month look back period.,2.045326,29,,,,,0,percent of total billed charges,29 percent of charges; No services were performed during the 15 month look back period.,2.045326,29,,,,,0,percent of total billed charges,29 percent of charges; No services were performed during the 15 month look back period.,,,,,,,,,,,,,,,,,,,,,,,,,,,,,,,,,,,,,,,,,,,,,,,,,,,,,,,,,,,,,,,,,,,,,,,,,,,,,,,,,,,,,,,,,,,2.115855,30,,,,,0,percent of total billed charges,30 Percent of charges; No services were performed during the 15 month look back period.,,,,,,,,,,,,,,,,,,,,,,,,,,,,,,,,,,,,,,,,,,,,,,,,,,,,,,,,,,,,,,,,,,,,,,,,,,,,,,,,,,,,,,,,,,,,,,,,,,,,,,,,,,,,,,,,,,,,,,,,,,,,,,,2.256912,32,,,,,0,percent of total billed charges,32 pecent of charges; No services were performed during the 15 month look back period.,,,,,,,,,,,,,,,,,,,,,,,,,,,,,,,,,,,,,,,,,,,,,,2.045326,29,,,,,0,percent of total billed charges,29 percent of charges; No services were performed during the 15 month look back period.,2.045326,29,,,,,0,percent of total billed charges,29 percent of charges; No services were performed during the 15 month look back period.,2.045326,29,,,,,0,percent of total billed charges,29 percent of charges; No services were performed during the 15 month look back period.,2.045326,29,,,,,0,percent of total billed charges,29 percent of charges; No services were performed during the 15 month look back period.,,,,,,,,,,2.045326,29,,,,,0,percent of total billed charges,29 percent of charges; No services were performed during the 15 month look back period.,2.115855,30,,,,,0,percent of total billed charges,30 Percent of charges; No services were performed during the 15 month look back period.,2.045326,29,,,,,0,percent of total billed charges,29 percent of charges; No services were performed during the 15 month look back period.,2.256912,32,,,,,0,percent of total billed charges,32 pecent of charges; No services were performed during the 15 month look back period.,2.045326,29,,,,,0,percent of total billed charges,29 percent of charges; No services were performed during the 15 month look back period.,,,,,,,,,,,,,,,,,,,,,,,,,,,,2.045326,29,,,,,0,percent of total billed charges,29 percent of charges; No services were performed during the 15 month look back period.,,,,,,,,,,,,,,,,,,,,,,,,,,,,,,,,,,,,,,,,,,,,,,2.045326,29,,,,,0,percent of total billed charges,29 percent of charges; No services were performed during the 15 month look back period.,2.045326,29,,,,,0,percent of total billed charges,29 percent of charges; No services were performed during the 15 month look back period.,2.045326,29,,,,,0,percent of total billed charges,29 percent of charges; No services were performed during the 15 month look back period.,2.045326,29,,,,,0,percent of total billed charges,29 percent of charges; No services were performed during the 15 month look back period.,,,,,,,,,,,,,,,,,,,,,,,,,,,,,,,,,,,,,,,,,,,,,,,,,,,,,,,,,,,,,,,,,,,,,,,,,,,,,,,,,,,,,,,,,,,2.045326,29,,,,,0,percent of total billed charges,29 percent of charges; No services were performed during the 15 month look back period.,2.256912,32,,,,,0,percent of total billed charges,32 pecent of charges; No services were performed during the 15 month look back period.,5.14858,73,,,,,0,percent of total billed charges,73 percent of charges; No services were performed during the 15 month look back period.,0.705285,10,,,,,0,percent of total billed charges,10 percent of charges; No services were performed during the 15 month look back period.,0.705285,10,,,,,0,percent of total billed charges,10 percent of charges; No services were performed during the 15 month look back period.,2.115855,30,,,,,0,percent of total billed charges,30 Percent of charges; No services were performed during the 15 month look back period.,,,,,,,,,,2.82114,40,,,,,0,percent of total billed charges,40 percent of charges; No services were performed during the 15 month look back period.,2.82114,40,,,,,0,percent of total billed charges,40 percent of charges; No services were performed during the 15 month look back period.,,,,,,,,,,,,,,,,,,,,,,,,,,,,,,,,,,,,,,,,,,,,,,,,,,,,,,,0.705285,10,,,,,0,percent of total billed charges,10 percent of charges; No services were performed during the 15 month look back period.,,,,,,,,,,,,,,,,,,,,,,,,,,,,,,,,,,,,,2.045326,29,,,,,0,percent of total billed charges,29 percent of charges; No services were performed during the 15 month look back period.,,,,,,,,,,,,,,,,,,,2.045326,29,,,,,0,percent of total billed charges,29 percent of charges; No services were performed during the 15 month look back period.,,,,,,,,,,,,,,,,,,,,,,,,,,,,1.692684,24,,,,,0,percent of total billed charges,24 percent of charges; No services were performed during the 15 month look back period.,2.045326,29,,,,,0,percent of total billed charges,29 percent of charges; No services were performed during the 15 month look back period.,,,,,,,,,,,,,,,,,,,,,,,,,,,,,,,,,,,,,0.705285,10,,,,,0,percent of total billed charges,10 percent of charges; No services were performed during the 15 month look back period.,,,,,,,,,,,,,,,,,,,,,,,,,,,,,,,,,,,,,,,,,,,,,,,,,,,,,,,,,,,,,,,,,,,,,,,,,0.705285,10,,,,,0,percent of total billed charges,10 percent of charges; No services were performed during the 15 month look back period.,,,,,,,,,,,,,,,,,,,,,,,,,,,,,,,,,,,,,,,,,,,,,,,,,,,,,,,,,,,,,,,,,,,,,,,,,,,,,,,,,,,,,,,,,,,,,,,,,,,,,,,,,,,,,,,,,,,,,,2.045326,29,,,,,0,percent of total billed charges,29 percent of charges; No services were performed during the 15 month look back period.,2.045326,29,,,,,0,percent of total billed charges,29 percent of charges; No services were performed during the 15 month look back period.,2.045326,29,,,,,0,percent of total billed charges,29 percent of charges; No services were performed during the 15 month look back period.,2.045326,29,,,,,0,percent of total billed charges,29 percent of charges; No services were performed during the 15 month look back period.,2.045326,29,,,,,0,percent of total billed charges,29 percent of charges; No services were performed during the 15 month look back period.,2.045326,29,,,,,0,percent of total billed charges,29 percent of charges; No services were performed during the 15 month look back period.,2.045326,29,,,,,0,percent of total billed charges,29 percent of charges; No services were performed during the 15 month look back period.,2.045326,29,,,,,0,percent of total billed charges,29 percent of charges; No services were performed during the 15 month look back period.,2.045326,29,,,,,0,percent of total billed charges,29 percent of charges; No services were performed during the 15 month look back period.,2.045326,29,,,,,0,percent of total billed charges,29 percent of charges; No services were performed during the 15 month look back period.,2.045326,29,,,,,0,percent of total billed charges,29 percent of charges; No services were performed during the 15 month look back period.,2.045326,29,,,,,0,percent of total billed charges,29 percent of charges; No services were performed during the 15 month look back period.,2.045326,29,,,,,0,percent of total billed charges,29 percent of charges; No services were performed during the 15 month look back period.,,,,,,,,,,2.045326,29,,,,,0,percent of total billed charges,29 percent of charges; No services were performed during the 15 month look back period.,,,,,,,,,,1.340041,19,,,,,0,percent of total billed charges,19 percent of charges; No services were performed during the 15 month look back period.,0.91687,13,,,,,0,percent of total billed charges,13 percent of charges; No services were performed during the 15 month look back period.,0.705285,10,,,,,0,percent of total billed charges,10 percent of charges; No services were performed during the 15 month look back period.,0.705285,10,,,,,0,percent of total billed charges,10 percent of charges; No services were performed during the 15 month look back period.,,,,,,,,,,2.82114,40,,,,,0,percent of total billed charges,40 percent of charges; No services were performed during the 15 month look back period.,,,,,,,,,,,,,,,,,,,2.115855,30,,,,,0,percent of total billed charges,30 Percent of charges; No services were performed during the 15 month look back period.,,,,,,,,,,2.256912,32,,,,,0,percent of total billed charges,32 pecent of charges; No services were performed during the 15 month look back period.,,,,,,,,,,2.256912,32,,,,,0,percent of total billed charges,32 pecent of charges; No services were performed during the 15 month look back period.,2.115855,30,,,,,0,percent of total billed charges,30 Percent of charges; No services were performed during the 15 month look back period.,2.256912,32,,,,,0,percent of total billed charges,32 pecent of charges; No services were performed during the 15 month look back period.,,,,,,,,,,,,,,,,,,,,,,,,,,,,2.256912,32,,,,,0,percent of total billed charges,32 pecent of charges; No services were performed during the 15 month look back period.,0.705285,10,,,,,0,percent of total billed charges,10 percent of charges; No services were performed during the 15 month look back period.,,,,,,,,,,,,,,,,,,,,,,,,,,,,,,,,,,,,,,,,,,,,,,,,,,,,,,,,,,,,,,,,0.705285,10,,,,,0,percent of total billed charges,10 percent of charges; No services were performed during the 15 month look back period.,,,,,,,,,,,,,,,,,,,,,,,,,,,,2.045326,29,,,,,0,percent of total billed charges,29 percent of charges; No services were performed during the 15 month look back period.,2.045326,29,,,,,0,percent of total billed charges,29 percent of charges; No services were performed during the 15 month look back period.,2.186383,31,,,,,0,percent of total billed charges,31 percent of charges; No services were performed during the 15 month look back period.,,,,,,,,,,0.705285,10,,,,,0,percent of total billed charges,10 percent of charges; No services were performed during the 15 month look back period.,2.256912,32,,,,,0,percent of total billed charges,32 pecent of charges; No services were performed during the 15 month look back period.,2.115855,30,,,,,0,percent of total billed charges,30 Percent of charges; No services were performed during the 15 month look back period.,0.705285,10,,,,,0,percent of total billed charges,10 percent of charges; No services were performed during the 15 month look back period.,2.115855,30,,,,,0,percent of total billed charges,30 Percent of charges; No services were performed during the 15 month look back period.,0.705285,10,,,,,0,percent of total billed charges,10 percent of charges; No services were performed during the 15 month look back period.,,,,,,,,,,,,,,,,,,,,,,,,,,,,,,,,,,,,,,,,,,,,,,0.070528,7.05285,
J0791,HCPCS,5010003,LOCAL,636,RC,INJ CRIZANLIZUMAB-TMCA 5MG,1945.6416,369.671904,Inpatient,ME,5,,,,,,,,,,,,,,,,,,,,583.69248,30,,,,,0,percent of total billed charges,30 Percent of charges; No services were performed during the 15 month look back period.,1945.6416,100,,,,,0,percent of total billed charges,100 percent of charges; No services were performed during the 15 month look back period.,,,,,,,,,,583.69248,30,,,,,0,percent of total billed charges,30 Percent of charges; No services were performed during the 15 month look back period.,583.69248,30,,,,,0,percent of total billed charges,30 Percent of charges; No services were performed during the 15 month look back period.,583.69248,30,,,,,0,percent of total billed charges,30 Percent of charges; No services were performed during the 15 month look back period.,194.56416,10,,,,,0,percent of total billed charges,10 percent of charges; No services were performed during the 15 month look back period.,,,,,,,,,,1420.318368,73,,,,,0,percent of total billed charges,73 percent of charges; No services were performed during the 15 month look back period.,194.56416,10,,,,,0,percent of total billed charges,10 percent of charges; No services were performed during the 15 month look back period.,,,,,,,,,,,,,,,,,,,622.605312,32,,,,,0,percent of total billed charges,32 pecent of charges; No services were performed during the 15 month look back period.,622.605312,32,,,,,0,percent of total billed charges,32 pecent of charges; No services were performed during the 15 month look back period.,622.605312,32,,,,,0,percent of total billed charges,32 pecent of charges; No services were performed during the 15 month look back period.,622.605312,32,,,,,0,percent of total billed charges,32 pecent of charges; No services were performed during the 15 month look back period.,,,,,,,,,,,,,,,,,,,,,,,,,,,,1420.318368,73,,,,,0,percent of total billed charges,73 percent of charges; No services were performed during the 15 month look back period.,583.69248,30,,,,,0,percent of total billed charges,30 Percent of charges; No services were performed during the 15 month look back period.,778.25664,40,,,,,0,percent of total billed charges,40 percent of charges; No services were performed during the 15 month look back period.,564.236064,29,,,,,0,percent of total billed charges,29 percent of charges; No services were performed during the 15 month look back period.,778.25664,40,,,,,0,percent of total billed charges,40 percent of charges; No services were performed during the 15 month look back period.,778.25664,40,,,,,0,percent of total billed charges,40 percent of charges; No services were performed during the 15 month look back period.,1420.318368,73,,,,,0,percent of total billed charges,73 percent of charges; No services were performed during the 15 month look back period.,,,,,,,,,,,,,,,,,,,,,,,,,,,,,,,,,,,,,564.236064,29,,,,,0,percent of total billed charges,29 percent of charges; No services were performed during the 15 month look back period.,564.236064,29,,,,,0,percent of total billed charges,29 percent of charges; No services were performed during the 15 month look back period.,564.236064,29,,,,,0,percent of total billed charges,29 percent of charges; No services were performed during the 15 month look back period.,564.236064,29,,,,,0,percent of total billed charges,29 percent of charges; No services were performed during the 15 month look back period.,564.236064,29,,,,,0,percent of total billed charges,29 percent of charges; No services were performed during the 15 month look back period.,564.236064,29,,,,,0,percent of total billed charges,29 percent of charges; No services were performed during the 15 month look back period.,564.236064,29,,,,,0,percent of total billed charges,29 percent of charges; No services were performed during the 15 month look back period.,1420.318368,73,,,,,0,percent of total billed charges,73 percent of charges; No services were performed during the 15 month look back period.,252.933408,13,,,,,0,percent of total billed charges,13 percent of charges; No services were performed during the 15 month look back period.,252.933408,13,,,,,0,percent of total billed charges,13 percent of charges; No services were performed during the 15 month look back period.,1420.318368,73,,,,,0,percent of total billed charges,73 percent of charges; No services were performed during the 15 month look back period.,622.605312,32,,,,,0,percent of total billed charges,32 pecent of charges; No services were performed during the 15 month look back period.,194.56416,10,,,,,0,percent of total billed charges,10 percent of charges; No services were performed during the 15 month look back period.,194.56416,10,,,,,0,percent of total billed charges,10 percent of charges; No services were performed during the 15 month look back period.,1420.318368,73,,,,,0,percent of total billed charges,73 percent of charges; No services were performed during the 15 month look back period.,,,,,,,,,,194.56416,10,,,,,0,percent of total billed charges,10 percent of charges; No services were performed during the 15 month look back period.,194.56416,10,,,,,0,percent of total billed charges,10 percent of charges; No services were performed during the 15 month look back period.,194.56416,10,,,,,0,percent of total billed charges,10 percent of charges; No services were performed during the 15 month look back period.,,,,,,,,,,194.56416,10,,,,,0,percent of total billed charges,10 percent of charges; No services were performed during the 15 month look back period.,194.56416,10,,,,,0,percent of total billed charges,10 percent of charges; No services were performed during the 15 month look back period.,,,,,,,,,,466.953984,24,,,,,0,percent of total billed charges,24 percent of charges; No services were performed during the 15 month look back period.,,,,,,,,,,,,,,,,,,,,,,,,,,,,,,,,,,,,,,,,,,,,,,,,,,,,,,,,,,,,,,,,,,,,,,,,,,,,,,,,,,1420.318368,73,,,,,0,percent of total billed charges,73 percent of charges; No services were performed during the 15 month look back period.,1420.318368,73,,,,,0,percent of total billed charges,73 percent of charges; No services were performed during the 15 month look back period.,1420.318368,73,,,,,0,percent of total billed charges,73 percent of charges; No services were performed during the 15 month look back period.,1420.318368,73,,,,,0,percent of total billed charges,73 percent of charges; No services were performed during the 15 month look back period.,1420.318368,73,,,,,0,percent of total billed charges,73 percent of charges; No services were performed during the 15 month look back period.,1420.318368,73,,,,,0,percent of total billed charges,73 percent of charges; No services were performed during the 15 month look back period.,1420.318368,73,,,,,0,percent of total billed charges,73 percent of charges; No services were performed during the 15 month look back period.,1420.318368,73,,,,,0,percent of total billed charges,73 percent of charges; No services were performed during the 15 month look back period.,1420.318368,73,,,,,0,percent of total billed charges,73 percent of charges; No services were performed during the 15 month look back period.,1420.318368,73,,,,,0,percent of total billed charges,73 percent of charges; No services were performed during the 15 month look back period.,1420.318368,73,,,,,0,percent of total billed charges,73 percent of charges; No services were performed during the 15 month look back period.,1420.318368,73,,,,,0,percent of total billed charges,73 percent of charges; No services were performed during the 15 month look back period.,1420.318368,73,,,,,0,percent of total billed charges,73 percent of charges; No services were performed during the 15 month look back period.,1420.318368,73,,,,,0,percent of total billed charges,73 percent of charges; No services were performed during the 15 month look back period.,1420.318368,73,,,,,0,percent of total billed charges,73 percent of charges; No services were performed during the 15 month look back period.,1420.318368,73,,,,,0,percent of total billed charges,73 percent of charges; No services were performed during the 15 month look back period.,1420.318368,73,,,,,0,percent of total billed charges,73 percent of charges; No services were performed during the 15 month look back period.,1420.318368,73,,,,,0,percent of total billed charges,73 percent of charges; No services were performed during the 15 month look back period.,1420.318368,73,,,,,0,percent of total billed charges,73 percent of charges; No services were performed during the 15 month look back period.,1420.318368,73,,,,,0,percent of total billed charges,73 percent of charges; No services were performed during the 15 month look back period.,1420.318368,73,,,,,0,percent of total billed charges,73 percent of charges; No services were performed during the 15 month look back period.,1420.318368,73,,,,,0,percent of total billed charges,73 percent of charges; No services were performed during the 15 month look back period.,1420.318368,73,,,,,0,percent of total billed charges,73 percent of charges; No services were performed during the 15 month look back period.,1420.318368,73,,,,,0,percent of total billed charges,73 percent of charges; No services were performed during the 15 month look back period.,1420.318368,73,,,,,0,percent of total billed charges,73 percent of charges; No services were performed during the 15 month look back period.,1420.318368,73,,,,,0,percent of total billed charges,73 percent of charges; No services were performed during the 15 month look back period.,564.236064,29,,,,,0,percent of total billed charges,29 percent of charges; No services were performed during the 15 month look back period.,564.236064,29,,,,,0,percent of total billed charges,29 percent of charges; No services were performed during the 15 month look back period.,564.236064,29,,,,,0,percent of total billed charges,29 percent of charges; No services were performed during the 15 month look back period.,564.236064,29,,,,,0,percent of total billed charges,29 percent of charges; No services were performed during the 15 month look back period.,778.25664,40,,,,,0,percent of total billed charges,40 percent of charges; No services were performed during the 15 month look back period.,778.25664,40,,,,,0,percent of total billed charges,40 percent of charges; No services were performed during the 15 month look back period.,622.605312,32,,,,,0,percent of total billed charges,32 pecent of charges; No services were performed during the 15 month look back period.,,,,,,,,,,194.56416,10,,,,,0,percent of total billed charges,10 percent of charges; No services were performed during the 15 month look back period.,,,,,,,,,,1420.318368,73,,,,,0,percent of total billed charges,73 percent of charges; No services were performed during the 15 month look back period.,778.25664,40,,,,,0,percent of total billed charges,40 percent of charges; No services were performed during the 15 month look back period.,,,,,,,,,,194.56416,10,,,,,0,percent of total billed charges,10 percent of charges; No services were performed during the 15 month look back period.,622.605312,32,,,,,0,percent of total billed charges,32 pecent of charges; No services were performed during the 15 month look back period.,,,,,,,,,,1420.318368,73,,,,,0,percent of total billed charges,73 percent of charges; No services were performed during the 15 month look back period.,,,,,,,,,,564.236064,29,,,,,0,percent of total billed charges,29 percent of charges; No services were performed during the 15 month look back period.,564.236064,29,,,,,0,percent of total billed charges,29 percent of charges; No services were performed during the 15 month look back period.,564.236064,29,,,,,0,percent of total billed charges,29 percent of charges; No services were performed during the 15 month look back period.,,,,,,,,,,466.953984,24,,,,,0,percent of total billed charges,24 percent of charges; No services were performed during the 15 month look back period.,,,,,,,,,,,,,,,,,,,,,,,,,,,,,,,,,,,,,,,,,,,,,,583.69248,30,,,,,0,percent of total billed charges,30 Percent of charges; No services were performed during the 15 month look back period.,583.69248,30,,,,,0,percent of total billed charges,30 Percent of charges; No services were performed during the 15 month look back period.,,,,,,,,,,622.605312,32,,,,,0,percent of total billed charges,32 pecent of charges; No services were performed during the 15 month look back period.,194.56416,10,,,,,0,percent of total billed charges,10 percent of charges; No services were performed during the 15 month look back period.,194.56416,10,,,,,0,percent of total billed charges,10 percent of charges; No services were performed during the 15 month look back period.,,,,,,,,,,622.605312,32,,,,,0,percent of total billed charges,32 pecent of charges; No services were performed during the 15 month look back period.,583.69248,30,,,,,0,percent of total billed charges,30 Percent of charges; No services were performed during the 15 month look back period.,583.69248,30,,,,,0,percent of total billed charges,30 Percent of charges; No services were performed during the 15 month look back period.,583.69248,30,,,,,0,percent of total billed charges,30 Percent of charges; No services were performed during the 15 month look back period.,1420.318368,73,,,,,0,percent of total billed charges,73 percent of charges; No services were performed during the 15 month look back period.,1420.318368,73,,,,,0,percent of total billed charges,73 percent of charges; No services were performed during the 15 month look back period.,1420.318368,73,,,,,0,percent of total billed charges,73 percent of charges; No services were performed during the 15 month look back period.,1420.318368,73,,,,,0,percent of total billed charges,73 percent of charges; No services were performed during the 15 month look back period.,1420.318368,73,,,,,0,percent of total billed charges,73 percent of charges; No services were performed during the 15 month look back period.,1420.318368,73,,,,,0,percent of total billed charges,73 percent of charges; No services were performed during the 15 month look back period.,1420.318368,73,,,,,0,percent of total billed charges,73 percent of charges; No services were performed during the 15 month look back period.,1420.318368,73,,,,,0,percent of total billed charges,73 percent of charges; No services were performed during the 15 month look back period.,1420.318368,73,,,,,0,percent of total billed charges,73 percent of charges; No services were performed during the 15 month look back period.,1420.318368,73,,,,,0,percent of total billed charges,73 percent of charges; No services were performed during the 15 month look back period.,1420.318368,73,,,,,0,percent of total billed charges,73 percent of charges; No services were performed during the 15 month look back period.,778.25664,40,,,,,0,percent of total billed charges,40 percent of charges; No services were performed during the 15 month look back period.,,,,,,,,,,622.605312,32,,,,,0,percent of total billed charges,32 pecent of charges; No services were performed during the 15 month look back period.,,,,,,,,,,583.69248,30,,,,,0,percent of total billed charges,30 Percent of charges; No services were performed during the 15 month look back period.,622.605312,32,,,,,0,percent of total billed charges,32 pecent of charges; No services were performed during the 15 month look back period.,622.605312,32,,,,,0,percent of total billed charges,32 pecent of charges; No services were performed during the 15 month look back period.,1420.318368,73,,,,,0,percent of total billed charges,73 percent of charges; No services were performed during the 15 month look back period.,389.12832,20,,,,,0,percent of total billed charges,20 percent of charges; No services were performed during the 15 month look back period.,622.605312,32,,,,,0,percent of total billed charges,32 pecent of charges; No services were performed during the 15 month look back period.,,,,,,,,,,,,,,,,,,,,,,,,,,,,,,,,,,,,,,,,,,,,,,,,,,,,,,,,,,,,,,,,622.605312,32,,,,,0,percent of total billed charges,32 pecent of charges; No services were performed during the 15 month look back period.,466.953984,24,,,,,0,percent of total billed charges,24 percent of charges; No services were performed during the 15 month look back period.,,,,,,,,,,,,,,,,,,,,,,,,,,,,,,,,,,,,,,,,,,,,,,,,,,,,,,,466.953984,24,,,,,0,percent of total billed charges,24 percent of charges; No services were performed during the 15 month look back period.,603.148896,31,,,,,0,percent of total billed charges,31 percent of charges; No services were performed during the 15 month look back period.,603.148896,31,,,,,0,percent of total billed charges,31 percent of charges; No services were performed during the 15 month look back period.,603.148896,31,,,,,0,percent of total billed charges,31 percent of charges; No services were performed during the 15 month look back period.,603.148896,31,,,,,0,percent of total billed charges,31 percent of charges; No services were performed during the 15 month look back period.,603.148896,31,,,,,0,percent of total billed charges,31 percent of charges; No services were performed during the 15 month look back period.,,,,,,,,,,778.25664,40,,,,,0,percent of total billed charges,40 percent of charges; No services were performed during the 15 month look back period.,778.25664,40,,,,,0,percent of total billed charges,40 percent of charges; No services were performed during the 15 month look back period.,778.25664,40,,,,,0,percent of total billed charges,40 percent of charges; No services were performed during the 15 month look back period.,778.25664,40,,,,,0,percent of total billed charges,40 percent of charges; No services were performed during the 15 month look back period.,583.69248,30,,,,,0,percent of total billed charges,30 Percent of charges; No services were performed during the 15 month look back period.,583.69248,30,,,,,0,percent of total billed charges,30 Percent of charges; No services were performed during the 15 month look back period.,583.69248,30,,,,,0,percent of total billed charges,30 Percent of charges; No services were performed during the 15 month look back period.,583.69248,30,,,,,0,percent of total billed charges,30 Percent of charges; No services were performed during the 15 month look back period.,466.953984,24,,,,,0,percent of total billed charges,24 percent of charges; No services were performed during the 15 month look back period.,466.953984,24,,,,,0,percent of total billed charges,24 percent of charges; No services were performed during the 15 month look back period.,,,,,,,,,,,,,,,,,,,,,,,,,,,,,,,,,,,,,,,,,,,,,,,,,,,,,,,466.953984,24,,,,,0,percent of total billed charges,24 percent of charges; No services were performed during the 15 month look back period.,583.69248,30,,,,,0,percent of total billed charges,30 Percent of charges; No services were performed during the 15 month look back period.,,,,,,,,,,,,,,,,,,,,,,,,,,,,,,,,,,,,,,,,,,,,,,,,,,,,,,,,,,,,,,,,,,,,,,,,,,,,,,,,,,,,,,,,,,,,,,,,,,,,,,,,,,,,,,,,,,,,,,,,,,,,,,,,,,,,,,,,,,,,,,,,,,,,,,,,,,,,,,,,,,,,,,,,,,,,,,,,,,,,,,,,,,,,,,,,,,,,,,,583.69248,30,,,,,0,percent of total billed charges,30 Percent of charges; No services were performed during the 15 month look back period.,,,,,,,,,,,,,,,,,,,,,,,,,,,,,,,,,,,,,,,,,,,,,,,,,,,,,,,,,,,,,,,,194.56416,10,,,,,0,percent of total billed charges,10 percent of charges; No services were performed during the 15 month look back period.,194.56416,10,,,,,0,percent of total billed charges,10 percent of charges; No services were performed during the 15 month look back period.,194.56416,10,,,,,0,percent of total billed charges,10 percent of charges; No services were performed during the 15 month look back period.,194.56416,10,,,,,0,percent of total billed charges,10 percent of charges; No services were performed during the 15 month look back period.,,,,,,,,,,466.953984,24,,,,,0,percent of total billed charges,24 percent of charges; No services were performed during the 15 month look back period.,564.236064,29,,,,,0,percent of total billed charges,29 percent of charges; No services were performed during the 15 month look back period.,564.236064,29,,,,,0,percent of total billed charges,29 percent of charges; No services were performed during the 15 month look back period.,564.236064,29,,,,,0,percent of total billed charges,29 percent of charges; No services were performed during the 15 month look back period.,564.236064,29,,,,,0,percent of total billed charges,29 percent of charges; No services were performed during the 15 month look back period.,,,,,,,,,,,,,,,,,,,,,,,,,,,,,,,,,,,,,,,,,,,,,,,,,,,,,,,,,,,,,,,,,,,,,,,,,,,,,,,,,,,,,,,,,,,583.69248,30,,,,,0,percent of total billed charges,30 Percent of charges; No services were performed during the 15 month look back period.,,,,,,,,,,,,,,,,,,,,,,,,,,,,,,,,,,,,,,,,,,,,,,,,,,,,,,,,,,,,,,,,,,,,,,,,,,,,,,,,,,,,,,,,,,,,,,,,,,,,,,,,,,,,,,,,,,,,,,,,,,,,,,,622.605312,32,,,,,0,percent of total billed charges,32 pecent of charges; No services were performed during the 15 month look back period.,,,,,,,,,,,,,,,,,,,,,,,,,,,,,,,,,,,,,,,,,,,,,,564.236064,29,,,,,0,percent of total billed charges,29 percent of charges; No services were performed during the 15 month look back period.,564.236064,29,,,,,0,percent of total billed charges,29 percent of charges; No services were performed during the 15 month look back period.,564.236064,29,,,,,0,percent of total billed charges,29 percent of charges; No services were performed during the 15 month look back period.,564.236064,29,,,,,0,percent of total billed charges,29 percent of charges; No services were performed during the 15 month look back period.,,,,,,,,,,564.236064,29,,,,,0,percent of total billed charges,29 percent of charges; No services were performed during the 15 month look back period.,583.69248,30,,,,,0,percent of total billed charges,30 Percent of charges; No services were performed during the 15 month look back period.,564.236064,29,,,,,0,percent of total billed charges,29 percent of charges; No services were performed during the 15 month look back period.,622.605312,32,,,,,0,percent of total billed charges,32 pecent of charges; No services were performed during the 15 month look back period.,564.236064,29,,,,,0,percent of total billed charges,29 percent of charges; No services were performed during the 15 month look back period.,,,,,,,,,,,,,,,,,,,,,,,,,,,,564.236064,29,,,,,0,percent of total billed charges,29 percent of charges; No services were performed during the 15 month look back period.,,,,,,,,,,,,,,,,,,,,,,,,,,,,,,,,,,,,,,,,,,,,,,564.236064,29,,,,,0,percent of total billed charges,29 percent of charges; No services were performed during the 15 month look back period.,564.236064,29,,,,,0,percent of total billed charges,29 percent of charges; No services were performed during the 15 month look back period.,564.236064,29,,,,,0,percent of total billed charges,29 percent of charges; No services were performed during the 15 month look back period.,564.236064,29,,,,,0,percent of total billed charges,29 percent of charges; No services were performed during the 15 month look back period.,,,,,,,,,,,,,,,,,,,,,,,,,,,,,,,,,,,,,,,,,,,,,,,,,,,,,,,,,,,,,,,,,,,,,,,,,,,,,,,,,,,,,,,,,,,564.236064,29,,,,,0,percent of total billed charges,29 percent of charges; No services were performed during the 15 month look back period.,622.605312,32,,,,,0,percent of total billed charges,32 pecent of charges; No services were performed during the 15 month look back period.,1420.318368,73,,,,,0,percent of total billed charges,73 percent of charges; No services were performed during the 15 month look back period.,194.56416,10,,,,,0,percent of total billed charges,10 percent of charges; No services were performed during the 15 month look back period.,194.56416,10,,,,,0,percent of total billed charges,10 percent of charges; No services were performed during the 15 month look back period.,583.69248,30,,,,,0,percent of total billed charges,30 Percent of charges; No services were performed during the 15 month look back period.,,,,,,,,,,778.25664,40,,,,,0,percent of total billed charges,40 percent of charges; No services were performed during the 15 month look back period.,778.25664,40,,,,,0,percent of total billed charges,40 percent of charges; No services were performed during the 15 month look back period.,,,,,,,,,,,,,,,,,,,,,,,,,,,,,,,,,,,,,,,,,,,,,,,,,,,,,,,194.56416,10,,,,,0,percent of total billed charges,10 percent of charges; No services were performed during the 15 month look back period.,,,,,,,,,,,,,,,,,,,,,,,,,,,,,,,,,,,,,564.236064,29,,,,,0,percent of total billed charges,29 percent of charges; No services were performed during the 15 month look back period.,,,,,,,,,,,,,,,,,,,564.236064,29,,,,,0,percent of total billed charges,29 percent of charges; No services were performed during the 15 month look back period.,,,,,,,,,,,,,,,,,,,,,,,,,,,,466.953984,24,,,,,0,percent of total billed charges,24 percent of charges; No services were performed during the 15 month look back period.,564.236064,29,,,,,0,percent of total billed charges,29 percent of charges; No services were performed during the 15 month look back period.,,,,,,,,,,,,,,,,,,,,,,,,,,,,,,,,,,,,,194.56416,10,,,,,0,percent of total billed charges,10 percent of charges; No services were performed during the 15 month look back period.,,,,,,,,,,,,,,,,,,,,,,,,,,,,,,,,,,,,,,,,,,,,,,,,,,,,,,,,,,,,,,,,,,,,,,,,,194.56416,10,,,,,0,percent of total billed charges,10 percent of charges; No services were performed during the 15 month look back period.,,,,,,,,,,,,,,,,,,,,,,,,,,,,,,,,,,,,,,,,,,,,,,,,,,,,,,,,,,,,,,,,,,,,,,,,,,,,,,,,,,,,,,,,,,,,,,,,,,,,,,,,,,,,,,,,,,,,,,564.236064,29,,,,,0,percent of total billed charges,29 percent of charges; No services were performed during the 15 month look back period.,564.236064,29,,,,,0,percent of total billed charges,29 percent of charges; No services were performed during the 15 month look back period.,564.236064,29,,,,,0,percent of total billed charges,29 percent of charges; No services were performed during the 15 month look back period.,564.236064,29,,,,,0,percent of total billed charges,29 percent of charges; No services were performed during the 15 month look back period.,564.236064,29,,,,,0,percent of total billed charges,29 percent of charges; No services were performed during the 15 month look back period.,564.236064,29,,,,,0,percent of total billed charges,29 percent of charges; No services were performed during the 15 month look back period.,564.236064,29,,,,,0,percent of total billed charges,29 percent of charges; No services were performed during the 15 month look back period.,564.236064,29,,,,,0,percent of total billed charges,29 percent of charges; No services were performed during the 15 month look back period.,564.236064,29,,,,,0,percent of total billed charges,29 percent of charges; No services were performed during the 15 month look back period.,564.236064,29,,,,,0,percent of total billed charges,29 percent of charges; No services were performed during the 15 month look back period.,564.236064,29,,,,,0,percent of total billed charges,29 percent of charges; No services were performed during the 15 month look back period.,564.236064,29,,,,,0,percent of total billed charges,29 percent of charges; No services were performed during the 15 month look back period.,564.236064,29,,,,,0,percent of total billed charges,29 percent of charges; No services were performed during the 15 month look back period.,,,,,,,,,,564.236064,29,,,,,0,percent of total billed charges,29 percent of charges; No services were performed during the 15 month look back period.,,,,,,,,,,369.671904,19,,,,,0,percent of total billed charges,19 percent of charges; No services were performed during the 15 month look back period.,252.933408,13,,,,,0,percent of total billed charges,13 percent of charges; No services were performed during the 15 month look back period.,194.56416,10,,,,,0,percent of total billed charges,10 percent of charges; No services were performed during the 15 month look back period.,194.56416,10,,,,,0,percent of total billed charges,10 percent of charges; No services were performed during the 15 month look back period.,,,,,,,,,,778.25664,40,,,,,0,percent of total billed charges,40 percent of charges; No services were performed during the 15 month look back period.,,,,,,,,,,,,,,,,,,,583.69248,30,,,,,0,percent of total billed charges,30 Percent of charges; No services were performed during the 15 month look back period.,,,,,,,,,,622.605312,32,,,,,0,percent of total billed charges,32 pecent of charges; No services were performed during the 15 month look back period.,,,,,,,,,,622.605312,32,,,,,0,percent of total billed charges,32 pecent of charges; No services were performed during the 15 month look back period.,583.69248,30,,,,,0,percent of total billed charges,30 Percent of charges; No services were performed during the 15 month look back period.,622.605312,32,,,,,0,percent of total billed charges,32 pecent of charges; No services were performed during the 15 month look back period.,,,,,,,,,,,,,,,,,,,,,,,,,,,,622.605312,32,,,,,0,percent of total billed charges,32 pecent of charges; No services were performed during the 15 month look back period.,194.56416,10,,,,,0,percent of total billed charges,10 percent of charges; No services were performed during the 15 month look back period.,,,,,,,,,,,,,,,,,,,,,,,,,,,,,,,,,,,,,,,,,,,,,,,,,,,,,,,,,,,,,,,,194.56416,10,,,,,0,percent of total billed charges,10 percent of charges; No services were performed during the 15 month look back period.,,,,,,,,,,,,,,,,,,,,,,,,,,,,564.236064,29,,,,,0,percent of total billed charges,29 percent of charges; No services were performed during the 15 month look back period.,564.236064,29,,,,,0,percent of total billed charges,29 percent of charges; No services were performed during the 15 month look back period.,603.148896,31,,,,,0,percent of total billed charges,31 percent of charges; No services were performed during the 15 month look back period.,,,,,,,,,,194.56416,10,,,,,0,percent of total billed charges,10 percent of charges; No services were performed during the 15 month look back period.,622.605312,32,,,,,0,percent of total billed charges,32 pecent of charges; No services were performed during the 15 month look back period.,583.69248,30,,,,,0,percent of total billed charges,30 Percent of charges; No services were performed during the 15 month look back period.,194.56416,10,,,,,0,percent of total billed charges,10 percent of charges; No services were performed during the 15 month look back period.,583.69248,30,,,,,0,percent of total billed charges,30 Percent of charges; No services were performed during the 15 month look back period.,194.56416,10,,,,,0,percent of total billed charges,10 percent of charges; No services were performed during the 15 month look back period.,,,,,,,,,,,,,,,,,,,,,,,,,,,,,,,,,,,,,,,,,,,,,,9.728208,2474.503636,
J0870,HCPCS,5010003,LOCAL,636,RC,"INJECTION, IMETELSTAT, 1 MG",698.896857,132.790403,Outpatient,EA,1,,55.51,,,,,,,Fee Schedule,"100 % 1199 Fee Schedule. ",55.51,,,,,,,Fee Schedule,"100 % 1199 Fee Schedule. ",419.338114,60,,,,,0,percent of total billed charges,60 percent of billed charges; No services were performed during the 15 month look back period.,698.896857,100,,,,,0,percent of total billed charges,100 percent of billed charges; No services were performed during the 15 month look back period.,55.51,,,,,,,Fee Schedule,"100% ASP Fee Schedule. ",419.338114,60,,,,,0,percent of total billed charges,60 percent of billed charges; No services were performed during the 15 month look back period.,419.338114,60,,,,,0,percent of total billed charges,60 percent of billed charges; No services were performed during the 15 month look back period.,419.338114,60,,,,,0,percent of total billed charges,60 percent of billed charges; No services were performed during the 15 month look back period.,9774.647273,,,,,,,Case Rate,"100 Percent of Medicaid APG. ",8145.539394,,,,,,,Case Rate,"100 Percent of Medicaid APG. ",545.139548,78,,,,,0,percent of total billed charges,78 percent of billed charges; No services were performed during the 15 month look back period.,,,,,,,,Fee Schedule,"100 % Zero Pay Code. ",8145.539394,,,,,,,Case Rate,"100 Percent of Medicaid APG. ",55.51,,,,,,,Fee Schedule,"100% ASP Fee Schedule. ",209.669057,30,,,,,0,percent of total billed charges,30 percent of billed charges; No services were performed during the 15 month look back period.,209.669057,30,,,,,0,percent of total billed charges,30 percent of billed charges; No services were performed during the 15 month look back period.,209.669057,30,,,,,0,percent of total billed charges,30 percent of billed charges; No services were performed during the 15 month look back period.,209.669057,30,,,,,0,percent of total billed charges,30 percent of billed charges; No services were performed during the 15 month look back period.,611.53475,87.5,,,,,0,percent of total billed charges,87.5 percent of billed charges; No services were performed during the 15 month look back period.,55.51,,,,,,,Fee Schedule,"100% ASP Fee Schedule. ",611.53475,87.5,,,,,0,percent of total billed charges,87.5 percent of billed charges; No services were performed during the 15 month look back period.,545.139548,78,,,,,0,percent of total billed charges,78 percent of billed charges; No services were performed during the 15 month look back period.,419.338114,60,,,,,0,percent of total billed charges,60 percent of billed charges; No services were performed during the 15 month look back period.,55.51,,,,,,,Fee Schedule,"100% ASP Fee Schedule. ",510.194705,73,,,,,0,percent of total billed charges,73 percent of billed charges; No services were performed during the 15 month look back period.,55.51,,,,,,,Fee Schedule,"100% ASP Fee Schedule. ",55.51,,,,,,,Fee Schedule,"100% ASP Fee Schedule. ",545.139548,78,,,,,0,percent of total billed charges,78 percent of billed charges; No services were performed during the 15 month look back period.,,,,,,,,,,,,,,,,,,,244.6139,35,,,,,0,percent of total billed charges,35 percent of billed charges; No services were performed during the 15 month look back period.,244.6139,35,,,,,0,percent of total billed charges,35 percent of billed charges; No services were performed during the 15 month look back period.,510.194705,73,,,,,0,percent of total billed charges,73 percent of billed charges; No services were performed during the 15 month look back period.,510.194705,73,,,,,0,percent of total billed charges,73 percent of billed charges; No services were performed during the 15 month look back period.,8145.539394,,,,,,,Case Rate,"100 Percent of Medicaid APG. Not APG payable, or payable under another fee schedule like ASP/AWP pays at 30% of charges",510.194705,73,,,,,0,percent of total billed charges,73 percent of billed charges; No services were performed during the 15 month look back period.,8145.539394,,,,,,,Case Rate,"100 Percent of Medicaid APG. Not APG payable, or payable under another fee schedule like ASP/AWP pays at 30% of charges",55.51,,,,,,,Fee Schedule,"100% ASP Fee Schedule. ",510.194705,73,,,,,0,percent of total billed charges,73 percent of billed charges; No services were performed during the 15 month look back period.,545.139548,78,,,,,0,percent of total billed charges,78 percent of billed charges; No services were performed during the 15 month look back period.,8145.539394,,,,,,,Case Rate,"100 Percent of Medicaid APG. If not priced under APG, then Metroplus FeeSched",8145.539394,,,,,,,Case Rate,"100 Percent of Medicaid APG. If not priced under APG, then Metroplus FeeSched",545.139548,78,,,,,0,percent of total billed charges,78 percent of billed charges; No services were performed during the 15 month look back period.,209.669057,30,,,,,0,percent of total billed charges,30 percent of billed charges; No services were performed during the 15 month look back period.,,,,,,,,Fee Schedule,"100 % Zero Pay Code. ",,,,,,,,Fee Schedule,"100 % Zero Pay Code. ",545.139548,78,,,,,0,percent of total billed charges,78 percent of billed charges; No services were performed during the 15 month look back period.,55.51,,,,,,,Fee Schedule,"100% ASP Fee Schedule. ",,,,,,,,Fee Schedule,"100 % Zero Pay Code. ",,,,,,,,Fee Schedule,"100 % Zero Pay Code. ",,,,,,,,Fee Schedule,"100 % Zero Pay Code. ",55.51,,,,,,,Fee Schedule,"100% ASP Fee Schedule. ",,,,,,,,Fee Schedule,"100 % Zero Pay Code. ",,,,,,,,Fee Schedule,"100 % Zero Pay Code. ",55.51,,,,,,,Fee Schedule,"100% of AWP Fee Schedule. ",349.448428,50,,,,,0,percent of total billed charges,50 percent of billed charges; No services were performed during the 15 month look back period.,314.503586,45,,,,,0,percent of total billed charges,45 percent of billed charges; No services were performed during the 15 month look back period.,314.503586,45,,,,,0,percent of total billed charges,45 percent of billed charges; No services were performed during the 15 month look back period.,314.503586,45,,,,,0,percent of total billed charges,45 percent of billed charges; No services were performed during the 15 month look back period.,314.503586,45,,,,,0,percent of total billed charges,45 percent of billed charges; No services were performed during the 15 month look back period.,314.503586,45,,,,,0,percent of total billed charges,45 percent of billed charges; No services were performed during the 15 month look back period.,314.503586,45,,,,,0,percent of total billed charges,45 percent of billed charges; No services were performed during the 15 month look back period.,55.51,,,,,,,Fee Schedule,"100% ASP Fee Schedule. ",55.51,,,,,,,Fee Schedule,"100% ASP Fee Schedule. ",314.503586,45,,,,,0,percent of total billed charges,45 percent of billed charges; No services were performed during the 15 month look back period.,545.139548,78,,,,,0,percent of total billed charges,78 percent of billed charges; No services were performed during the 15 month look back period.,545.139548,78,,,,,0,percent of total billed charges,78 percent of billed charges; No services were performed during the 15 month look back period.,545.139548,78,,,,,0,percent of total billed charges,78 percent of billed charges; No services were performed during the 15 month look back period.,545.139548,78,,,,,0,percent of total billed charges,78 percent of billed charges; No services were performed during the 15 month look back period.,545.139548,78,,,,,0,percent of total billed charges,78 percent of billed charges; No services were performed during the 15 month look back period.,545.139548,78,,,,,0,percent of total billed charges,78 percent of billed charges; No services were performed during the 15 month look back period.,545.139548,78,,,,,0,percent of total billed charges,78 percent of billed charges; No services were performed during the 15 month look back period.,545.139548,78,,,,,0,percent of total billed charges,78 percent of billed charges; No services were performed during the 15 month look back period.,545.139548,78,,,,,0,percent of total billed charges,78 percent of billed charges; No services were performed during the 15 month look back period.,545.139548,78,,,,,0,percent of total billed charges,78 percent of billed charges; No services were performed during the 15 month look back period.,545.139548,78,,,,,0,percent of total billed charges,78 percent of billed charges; No services were performed during the 15 month look back period.,545.139548,78,,,,,0,percent of total billed charges,78 percent of billed charges; No services were performed during the 15 month look back period.,545.139548,78,,,,,0,percent of total billed charges,78 percent of billed charges; No services were performed during the 15 month look back period.,545.139548,78,,,,,0,percent of total billed charges,78 percent of billed charges; No services were performed during the 15 month look back period.,545.139548,78,,,,,0,percent of total billed charges,78 percent of billed charges; No services were performed during the 15 month look back period.,545.139548,78,,,,,0,percent of total billed charges,78 percent of billed charges; No services were performed during the 15 month look back period.,545.139548,78,,,,,0,percent of total billed charges,78 percent of billed charges; No services were performed during the 15 month look back period.,545.139548,78,,,,,0,percent of total billed charges,78 percent of billed charges; No services were performed during the 15 month look back period.,545.139548,78,,,,,0,percent of total billed charges,78 percent of billed charges; No services were performed during the 15 month look back period.,545.139548,78,,,,,0,percent of total billed charges,78 percent of billed charges; No services were performed during the 15 month look back period.,545.139548,78,,,,,0,percent of total billed charges,78 percent of billed charges; No services were performed during the 15 month look back period.,545.139548,78,,,,,0,percent of total billed charges,78 percent of billed charges; No services were performed during the 15 month look back period.,545.139548,78,,,,,0,percent of total billed charges,78 percent of billed charges; No services were performed during the 15 month look back period.,545.139548,78,,,,,0,percent of total billed charges,78 percent of billed charges; No services were performed during the 15 month look back period.,545.139548,78,,,,,0,percent of total billed charges,78 percent of billed charges; No services were performed during the 15 month look back period.,545.139548,78,,,,,0,percent of total billed charges,78 percent of billed charges; No services were performed during the 15 month look back period.,510.194705,73,,,,,0,percent of total billed charges,73 percent of billed charges; No services were performed during the 15 month look back period.,510.194705,73,,,,,0,percent of total billed charges,73 percent of billed charges; No services were performed during the 15 month look back period.,510.194705,73,,,,,0,percent of total billed charges,73 percent of billed charges; No services were performed during the 15 month look back period.,510.194705,73,,,,,0,percent of total billed charges,73 percent of billed charges; No services were performed during the 15 month look back period.,559.117485,80,,,,,0,percent of total billed charges,80 percent of billed charges; No services were performed during the 15 month look back period.,559.117485,80,,,,,0,percent of total billed charges,80 percent of billed charges; No services were performed during the 15 month look back period.,209.669057,30,,,,,0,percent of total billed charges,30 percent of billed charges; No services were performed during the 15 month look back period.,314.503586,45,,,,,0,percent of total billed charges,45 percent of billed charges; No services were performed during the 15 month look back period.,,,,,,,,Fee Schedule,"100 % Zero Pay Code. ",314.503586,45,,,,,0,percent of total billed charges,45 percent of billed charges; No services were performed during the 15 month look back period.,545.139548,78,,,,,0,percent of total billed charges,78 percent of billed charges; No services were performed during the 15 month look back period.,559.117485,80,,,,,0,percent of total billed charges,80 percent of billed charges; No services were performed during the 15 month look back period.,314.503586,45,,,,,0,percent of total billed charges,45 percent of billed charges; No services were performed during the 15 month look back period.,,,,,,,,Fee Schedule,"100 % Zero Pay Code. ",209.669057,30,,,,,0,percent of total billed charges,30 percent of billed charges; No services were performed during the 15 month look back period.,,,,,,,,,,545.139548,78,,,,,0,percent of total billed charges,78 percent of billed charges; No services were performed during the 15 month look back period.,8145.539394,,,,,,,Case Rate,"100 Percent of Medicaid APG. ",510.194705,73,,,,,0,percent of total billed charges,73 percent of billed charges; No services were performed during the 15 month look back period.,8145.539394,,,,,,,Case Rate,"100 Percent of Medicaid APG. Not APG payable, or payable under another fee schedule like ASP/AWP pays at 30% of charges",55.51,,,,,,,Fee Schedule,"100% ASP Fee Schedule. ",55.51,,,,,,,Fee Schedule,"100% ASP Fee Schedule. ",349.448428,50,,,,,0,percent of total billed charges,50 percent of billed charges; No services were performed during the 15 month look back period.,55.51,,,,,,,Fee Schedule,"100% ASP Fee Schedule. ",55.51,,,,,,,Fee Schedule,"100% ASP Fee Schedule. ",8145.539394,,,,,,,Case Rate,"100 Percent of Medicaid APG. ",55.51,,,,,,,Fee Schedule,"100% ASP Fee Schedule. ",55.51,,,,,,,Fee Schedule,"100% ASP Fee Schedule. ",419.338114,60,,,,,0,percent of total billed charges,60 percent of billed charges; No services were performed during the 15 month look back period.,419.338114,60,,,,,0,percent of total billed charges,60 percent of billed charges; No services were performed during the 15 month look back period.,55.51,,,,,,,Fee Schedule,"100% ASP Fee Schedule. ",209.669057,30,,,,,0,percent of total billed charges,30 percent of billed charges; No services were performed during the 15 month look back period.,,,,,,,,Fee Schedule,"100 % Zero Pay Code. ",,,,,,,,Fee Schedule,"100 % Zero Pay Code. ",55.51,,,,,,,Fee Schedule,"100% ASP Fee Schedule. ",209.669057,30,,,,,0,percent of total billed charges,30 percent of billed charges; No services were performed during the 15 month look back period.,419.338114,60,,,,,0,percent of total billed charges,60 percent of billed charges; No services were performed during the 15 month look back period.,419.338114,60,,,,,0,percent of total billed charges,60 percent of billed charges; No services were performed during the 15 month look back period.,419.338114,60,,,,,0,percent of total billed charges,60 percent of billed charges; No services were performed during the 15 month look back period.,545.139548,78,,,,,0,percent of total billed charges,78 percent of billed charges; No services were performed during the 15 month look back period.,545.139548,78,,,,,0,percent of total billed charges,78 percent of billed charges; No services were performed during the 15 month look back period.,545.139548,78,,,,,0,percent of total billed charges,78 percent of billed charges; No services were performed during the 15 month look back period.,545.139548,78,,,,,0,percent of total billed charges,78 percent of billed charges; No services were performed during the 15 month look back period.,545.139548,78,,,,,0,percent of total billed charges,78 percent of billed charges; No services were performed during the 15 month look back period.,545.139548,78,,,,,0,percent of total billed charges,78 percent of billed charges; No services were performed during the 15 month look back period.,545.139548,78,,,,,0,percent of total billed charges,78 percent of billed charges; No services were performed during the 15 month look back period.,545.139548,78,,,,,0,percent of total billed charges,78 percent of billed charges; No services were performed during the 15 month look back period.,545.139548,78,,,,,0,percent of total billed charges,78 percent of billed charges; No services were performed during the 15 month look back period.,545.139548,78,,,,,0,percent of total billed charges,78 percent of billed charges; No services were performed during the 15 month look back period.,545.139548,78,,,,,0,percent of total billed charges,78 percent of billed charges; No services were performed during the 15 month look back period.,559.117485,80,,,,,0,percent of total billed charges,80 percent of billed charges; No services were performed during the 15 month look back period.,314.503586,45,,,,,0,percent of total billed charges,45 percent of billed charges; No services were performed during the 15 month look back period.,209.669057,30,,,,,0,percent of total billed charges,30 percent of billed charges; No services were performed during the 15 month look back period.,55.51,,,,,,,Fee Schedule,"100% ASP Fee Schedule. ",419.338114,60,,,,,0,percent of total billed charges,60 percent of billed charges; No services were performed during the 15 month look back period.,209.669057,30,,,,,0,percent of total billed charges,30 percent of billed charges; No services were performed during the 15 month look back period.,209.669057,30,,,,,0,percent of total billed charges,30 percent of billed charges; No services were performed during the 15 month look back period.,545.139548,78,,,,,0,percent of total billed charges,78 percent of billed charges; No services were performed during the 15 month look back period.,17431.454303,,,,,,,Case Rate,"214 Percent of Medicaid APG. Drugs not priced under APG, billed with revenue code 636 and not priced by Medicare ASP FeeSched will be reimbursed at 20% of charges.",209.669057,30,,,,,0,percent of total billed charges,30 percent of billed charges; No services were performed during the 15 month look back period.,8145.539394,,,,,,,Case Rate,"100 Percent of Medicaid APG. ",55.51,,,,,,,Fee Schedule,"100% ASP Fee Schedule. ",55.51,,,,,,,Fee Schedule,"100% ASP Fee Schedule. ",55.51,,,,,,,Fee Schedule,"100% ASP Fee Schedule. ",55.51,,,,,,,Fee Schedule,"100% ASP Fee Schedule. ",55.51,,,,,,,Fee Schedule,"100% ASP Fee Schedule. ",55.51,,,,,,,Fee Schedule,"100% ASP Fee Schedule. ",209.669057,30,,,,,0,percent of total billed charges,30 percent of billed charges; No services were performed during the 15 month look back period.,349.448428,50,,,,,0,percent of total billed charges,50 percent of billed charges; No services were performed during the 15 month look back period.,,,,,,,,,,,,,,,,,,,,,,,,,,,,,,,,,,,,,,,,,,,,,,,,,,,,,,,349.448428,50,,,,,0,percent of total billed charges,50 percent of billed charges; No services were performed during the 15 month look back period.,139.779371,20,,,,,0,percent of total billed charges,20 percent of billed charges; No services were performed during the 15 month look back period.,139.779371,20,,,,,0,percent of total billed charges,20 percent of billed charges; No services were performed during the 15 month look back period.,139.779371,20,,,,,0,percent of total billed charges,20 percent of billed charges; No services were performed during the 15 month look back period.,139.779371,20,,,,,0,percent of total billed charges,20 percent of billed charges; No services were performed during the 15 month look back period.,139.779371,20,,,,,0,percent of total billed charges,20 percent of billed charges; No services were performed during the 15 month look back period.,55.51,,,,,,,Fee Schedule,"100% ASP Fee Schedule. ",559.117485,80,,,,,0,percent of total billed charges,80 percent of billed charges; No services were performed during the 15 month look back period.,559.117485,80,,,,,0,percent of total billed charges,80 percent of billed charges; No services were performed during the 15 month look back period.,559.117485,80,,,,,0,percent of total billed charges,80 percent of billed charges; No services were performed during the 15 month look back period.,559.117485,80,,,,,0,percent of total billed charges,80 percent of billed charges; No services were performed during the 15 month look back period.,419.338114,60,,,,,0,percent of total billed charges,60 percent of billed charges; No services were performed during the 15 month look back period.,419.338114,60,,,,,0,percent of total billed charges,60 percent of billed charges; No services were performed during the 15 month look back period.,419.338114,60,,,,,0,percent of total billed charges,60 percent of billed charges; No services were performed during the 15 month look back period.,419.338114,60,,,,,0,percent of total billed charges,60 percent of billed charges; No services were performed during the 15 month look back period.,349.448428,50,,,,,0,percent of total billed charges,50 percent of billed charges; No services were performed during the 15 month look back period.,349.448428,50,,,,,0,percent of total billed charges,50 percent of billed charges; No services were performed during the 15 month look back period.,55.51,,,,,,,Fee Schedule,"100% ASP Fee Schedule. ",55.51,,,,,,,Fee Schedule,"100% ASP Fee Schedule. ",55.51,,,,,,,Fee Schedule,"100% ASP Fee Schedule. ",314.503586,45,,,,,0,percent of total billed charges,45 percent of billed charges; No services were performed during the 15 month look back period.,314.503586,45,,,,,0,percent of total billed charges,45 percent of billed charges; No services were performed during the 15 month look back period.,314.503586,45,,,,,0,percent of total billed charges,45 percent of billed charges; No services were performed during the 15 month look back period.,349.448428,50,,,,,0,percent of total billed charges,50 percent of billed charges; No services were performed during the 15 month look back period.,419.338114,60,,,,,0,percent of total billed charges,60 percent of billed charges; No services were performed during the 15 month look back period.,55.51,,,,,,,Fee Schedule,"100% ASP Fee Schedule. ",314.503586,45,,,,,0,percent of total billed charges,45 percent of billed charges; No services were performed during the 15 month look back period.,8145.539394,,,,,,,Case Rate,"100 Percent of Medicaid APG. ",56.6202,,,,,,,Fee Schedule,"100% of ASP Fee Schedule. ",56.6202,,,,,,,Fee Schedule,"100% of ASP Fee Schedule. ",56.6202,,,,,,,Fee Schedule,"100% of ASP Fee Schedule. ",244.6139,35,,,,,0,percent of total billed charges,35 percent of billed charges; No services were performed during the 15 month look back period.,,,,,,,,,,,,,,,,,,,,,,,,,,,,,,,,,,,,,,,,,,,,,,56.6202,,,,,,,Fee Schedule,"100% of ASP Fee Schedule. ",8145.539394,,,,,,,Case Rate,"100 Percent of Medicaid APG. ",,,,,,,,,,,,,,,,,,,,,,,,,,,,,,,,,,,,,,,,,,,,,,,,,,,,,,,55.51,,,,,,,Fee Schedule,"100% ASP Fee Schedule. ",55.51,,,,,,,Fee Schedule,"100% ASP Fee Schedule. ",419.338114,60,,,,,0,percent of total billed charges,60 percent of billed charges; No services were performed during the 15 month look back period.,55.51,,,,,,,Fee Schedule,"100% ASP Fee Schedule. ",,,,,,,,,,,,,,,,,,,244.6139,35,,,,,0,percent of total billed charges,35 percent of billed charges; No services were performed during the 15 month look back period.,244.6139,35,,,,,0,percent of total billed charges,35 percent of billed charges; No services were performed during the 15 month look back period.,611.53475,87.5,,,,,0,percent of total billed charges,87.5 percent of billed charges; No services were performed during the 15 month look back period.,611.53475,87.5,,,,,0,percent of total billed charges,87.5 percent of billed charges; No services were performed during the 15 month look back period.,18327.463636,,,,,,,Case Rate,"100 Percent of Medicaid APG. ",18327.463636,,,,,,,Case Rate,"100 Percent of Medicaid APG. ",18327.463636,,,,,,,Case Rate,"100 Percent of Medicaid APG. ",18327.463636,,,,,,,Case Rate,"100 Percent of Medicaid APG. ",314.503586,45,,,,,0,percent of total billed charges,45 percent of billed charges; No services were performed during the 15 month look back period.,349.448428,50,,,,,0,percent of total billed charges,50 percent of billed charges; No services were performed during the 15 month look back period.,9774.647273,,,,,,,Case Rate,"120 Percent of Medicaid APG. Not APG payable, or payable under another fee schedule like ASP/AWP pays at 30% of charges",9774.647273,,,,,,,Case Rate,"120 Percent of Medicaid APG. Not APG payable, or payable under another fee schedule like ASP/AWP pays at 30% of charges",8145.539394,,,,,,,Case Rate,"100 Percent of Medicaid APG. Not APG payable, or payable under another fee schedule like ASP/AWP pays at 30% of charges",8145.539394,,,,,,,Case Rate,"100 Percent of Medicaid APG. Not APG payable, or payable under another fee schedule like ASP/AWP pays at 30% of charges",314.503586,45,,,,,0,percent of total billed charges,45 percent of billed charges; No services were performed during the 15 month look back period.,314.503586,45,,,,,0,percent of total billed charges,45 percent of billed charges; No services were performed during the 15 month look back period.,55.51,,,,,,,Fee Schedule,"100% ASP Fee Schedule. ",314.503586,45,,,,,0,percent of total billed charges,45 percent of billed charges; No services were performed during the 15 month look back period.,314.503586,45,,,,,0,percent of total billed charges,45 percent of billed charges; No services were performed during the 15 month look back period.,314.503586,45,,,,,0,percent of total billed charges,45 percent of billed charges; No services were performed during the 15 month look back period.,314.503586,45,,,,,0,percent of total billed charges,45 percent of billed charges; No services were performed during the 15 month look back period.,55.51,,,,,,,Fee Schedule,"100% ASP Fee Schedule. ",314.503586,45,,,,,0,percent of total billed charges,45 percent of billed charges; No services were performed during the 15 month look back period.,314.503586,45,,,,,0,percent of total billed charges,45 percent of billed charges; No services were performed during the 15 month look back period.,419.338114,60,,,,,0,percent of total billed charges,60 percent of billed charges; No services were performed during the 15 month look back period.,8145.539394,,,,,,,Fee Schedule,100% APG. Lesser of 100% of billed charges applies.,611.53475,87.5,,,,,0,percent of total billed charges,87.5 percent of billed charges; No services were performed during the 15 month look back period.,,,,,,,,,,611.53475,87.5,,,,,0,percent of total billed charges,87.5 percent of billed charges; No services were performed during the 15 month look back period.,611.53475,87.5,,,,,0,percent of total billed charges,87.5 percent of billed charges; No services were performed during the 15 month look back period.,,,,,,,,,,,,,,,,,,,,,,,,,,,,,,,,,,,,,,,,,,,,,,,,,,,,,,,,,,,,,,,,,,,,,,,,,,,,,,,,,,209.669057,30,,,,,0,percent of total billed charges,30 percent of billed charges; No services were performed during the 15 month look back period.,,,,,,,,,,55.51,,,,,,,Fee Schedule,"100% ASP Fee Schedule. ",55.51,,,,,,,Fee Schedule,"100 % 1199 Fee Schedule. ",55.51,,,,,,,Fee Schedule,"100% ASP Fee Schedule. ",55.51,,,,,,,Fee Schedule,"100% ASP Fee Schedule. ",9774.647273,,,,,,,Case Rate,"120 Percent of Medicaid APG. Not APG payable, or payable under another fee schedule like ASP/AWP pays at 30% of charges",9774.647273,,,,,,,Case Rate,"120 Percent of Medicaid APG. Not APG payable, or payable under another fee schedule like ASP/AWP pays at 30% of charges",8145.539394,,,,,,,Case Rate,"100 Percent of Medicaid APG. Not APG payable, or payable under another fee schedule like ASP/AWP pays at 30% of charges",8145.539394,,,,,,,Case Rate,"100 Percent of Medicaid APG. Not APG payable, or payable under another fee schedule like ASP/AWP pays at 30% of charges",8145.539394,,,,,,,Case Rate,"100 Percent of Medicaid APG. ",510.194705,73,,,,,0,percent of total billed charges,73 percent of billed charges; No services were performed during the 15 month look back period.,419.338114,60,,,,,0,percent of total billed charges,60 percent of billed charges; No services were performed during the 15 month look back period.,510.194705,73,,,,,0,percent of total billed charges,73 percent of billed charges; No services were performed during the 15 month look back period.,209.669057,30,,,,,0,percent of total billed charges,30 percent of billed charges; No services were performed during the 15 month look back period.,55.51,,,,,,,Fee Schedule,"100% ASP Fee Schedule. ",55.51,,,,,,,Fee Schedule,"100% ASP Fee Schedule. ",55.51,,,,,,,Fee Schedule,"100% ASP Fee Schedule. ",55.51,,,,,,,Fee Schedule,"100% ASP Fee Schedule. ",55.51,,,,,,,Fee Schedule,"100% ASP Fee Schedule. ",55.51,,,,,,,Fee Schedule,"100% ASP Fee Schedule. ",,,,,,,,,,,,,,,,,,,,,,,,,,,,314.503586,45,,,,,0,percent of total billed charges,45 percent of billed charges; No services were performed during the 15 month look back period.,510.194705,73,,,,,0,percent of total billed charges,73 percent of billed charges; No services were performed during the 15 month look back period.,510.194705,73,,,,,0,percent of total billed charges,73 percent of billed charges; No services were performed during the 15 month look back period.,510.194705,73,,,,,0,percent of total billed charges,73 percent of billed charges; No services were performed during the 15 month look back period.,510.194705,73,,,,,0,percent of total billed charges,73 percent of billed charges; No services were performed during the 15 month look back period.,55.51,,,,,,,Fee Schedule,"100% ASP Fee Schedule. ",8145.539394,,,,,,,Case Rate,"100 Percent of Medicaid APG. ",314.503586,45,,,,,0,percent of total billed charges,45 percent of billed charges; No services were performed during the 15 month look back period.,8145.539394,,,,,,,Case Rate,"100 Percent of Medicaid APG. ",55.51,,,,,,,Fee Schedule,"100% ASP Fee Schedule. ",8145.539394,,,,,,,Case Rate,"100 Percent of Medicaid APG. ",55.51,,,,,,,Fee Schedule,"100% ASP Fee Schedule. ",55.51,,,,,,,Fee Schedule,"100% ASP Fee Schedule. ",8145.539394,,,,,,,Case Rate,"100 Percent of Medicaid APG. ",8145.539394,,,,,,,Case Rate,"100 Percent of Medicaid APG. ",510.194705,73,,,,,0,percent of total billed charges,73 percent of billed charges; No services were performed during the 15 month look back period.,209.669057,30,,,,,0,percent of total billed charges,30 percent of billed charges; No services were performed during the 15 month look back period.,545.139548,78,,,,,0,percent of total billed charges,78 percent of billed charges; No services were performed during the 15 month look back period.,,,,,,,,Fee Schedule,"100 % Zero Pay Code. ",,,,,,,,Fee Schedule,"100 % Zero Pay Code. ",419.338114,60,,,,,0,percent of total billed charges,60 percent of billed charges; No services were performed during the 15 month look back period.,55.51,,,,,,,Fee Schedule,"100% of AWP Fee Schedule. ",559.117485,80,,,,,0,percent of total billed charges,80 percent of billed charges; No services were performed during the 15 month look back period.,559.117485,80,,,,,0,percent of total billed charges,80 percent of billed charges; No services were performed during the 15 month look back period.,251.602868,36,,,,,0,percent of total billed charges,36 percent of billed charges; No services were performed during the 15 month look back period.,251.602868,36,,,,,0,percent of total billed charges,36 percent of billed charges; No services were performed during the 15 month look back period.,55.51,,,,,,,Fee Schedule,"100% ASP Fee Schedule. ",55.51,,,,,,,Fee Schedule,"100% ASP Fee Schedule. ",55.51,,,,,,,Fee Schedule,"100% ASP Fee Schedule. ",55.51,,,,,,,Fee Schedule,"100% ASP Fee Schedule. ",,,,,,,,Fee Schedule,"100 % Zero Pay Code. ",314.503586,45,,,,,0,percent of total billed charges,45 percent of billed charges; No services were performed during the 15 month look back period.,314.503586,45,,,,,0,percent of total billed charges,45 percent of billed charges; No services were performed during the 15 month look back period.,55.51,,,,,,,Fee Schedule,"100% ASP Fee Schedule. ",251.602868,36,,,,,0,percent of total billed charges,36 percent of billed charges; No services were performed during the 15 month look back period.,510.194705,73,,,,,0,percent of total billed charges,73 percent of billed charges; No services were performed during the 15 month look back period.,,,,,,,,,,8145.539394,,,,,,,Case Rate,"100 Percent of Medicaid APG. ",510.194705,73,,,,,0,percent of total billed charges,73 percent of billed charges; No services were performed during the 15 month look back period.,283.053227,40.5,,,,,0,percent of total billed charges,40.5 percent of billed charges; No services were performed during the 15 month look back period.,283.053227,40.5,,,,,0,percent of total billed charges,40.5 percent of billed charges; No services were performed during the 15 month look back period.,314.503586,45,,,,,0,percent of total billed charges,45 percent of billed charges; No services were performed during the 15 month look back period.,349.448428,50,,,,,0,percent of total billed charges,50 percent of billed charges; No services were performed during the 15 month look back period.,55.51,,,,,,,Fee Schedule,"100% ASP Fee Schedule. ",8552.816364,,,,,,,Fee Schedule,105 percent of Medicaid APG. otherwise 105% of Ordered NYS MCD FS or 105% of ASP+6%,8552.816364,,,,,,,Fee Schedule,105 percent of Medicaid APG. otherwise 105% of Ordered NYS MCD FS or 105% of ASP+6%,8552.816364,,,,,,,Fee Schedule,105 percent of Medicaid APG. otherwise 105% of Ordered NYS MCD FS or 105% of ASP+6%,10996.478182,,,,,,,Fee Schedule,135 percent of Medicaid APG. otherwise 135% of Ordered NYS MCD FS or 135% of ASP+6%,,,,,,,,Fee Schedule,"100 % Zero Pay Code. ",8552.816364,,,,,,,Fee Schedule,105 percent of Medicaid APG. otherwise 105% of Ordered NYS MCD FS or 105% of ASP+6%,8552.816364,,,,,,,Fee Schedule,105 percent of Medicaid APG. otherwise 105% of Ordered NYS MCD FS or 105% of ASP+6%,8552.816364,,,,,,,Fee Schedule,105 percent of Medicaid APG. otherwise 105% of Ordered NYS MCD FS or 105% of ASP+6%,8552.816364,,,,,,,Fee Schedule,105 percent of Medicaid APG. otherwise 105% of Ordered NYS MCD FS or 105% of ASP+6%,8552.816364,,,,,,,Fee Schedule,105 percent of Medicaid APG. otherwise 105% of Ordered NYS MCD FS or 105% of ASP+6%,10996.478182,,,,,,,Fee Schedule,135 percent of Medicaid APG. otherwise 135% of Ordered NYS MCD FS or 135% of ASP+6%,10996.478182,,,,,,,Fee Schedule,135 percent of Medicaid APG. otherwise 135% of Ordered NYS MCD FS or 135% of ASP+6%,55.51,,,,,,,Fee Schedule,"100% ASP Fee Schedule. ",,,,,,,,Fee Schedule,"100 % Zero Pay Code. ",55.51,,,,,,,Fee Schedule,"100% ASP Fee Schedule. ",8552.816364,,,,,,,Fee Schedule,105 percent of Medicaid APG. otherwise 105% of Ordered NYS MCD FS or 105% of ASP+6%,314.503586,45,,,,,0,percent of total billed charges,45 percent of billed charges; No services were performed during the 15 month look back period.,55.51,,,,,,,Fee Schedule,"100% ASP Fee Schedule. ",314.503586,45,,,,,0,percent of total billed charges,45 percent of billed charges; No services were performed during the 15 month look back period.,314.503586,45,,,,,0,percent of total billed charges,45 percent of billed charges; No services were performed during the 15 month look back period.,314.503586,45,,,,,0,percent of total billed charges,45 percent of billed charges; No services were performed during the 15 month look back period.,8552.816364,,,,,,,Fee Schedule,105 percent of Medicaid APG. otherwise 105% of Ordered NYS MCD FS or 105% of ASP+6%,55.51,,,,,,,Fee Schedule,"100% ASP Fee Schedule. ",314.503586,45,,,,,0,percent of total billed charges,45 percent of billed charges; No services were performed during the 15 month look back period.,10996.478182,,,,,,,Fee Schedule,135 percent of Medicaid APG. otherwise 135% of Ordered NYS MCD FS or 135% of ASP+6%,314.503586,45,,,,,0,percent of total billed charges,45 percent of billed charges; No services were performed during the 15 month look back period.,209.669057,30,,,,,0,percent of total billed charges,30% of Charges. ; No services were performed during the 15 month look back period.,55.51,,,,,,,Fee Schedule,"100% ASP Fee Schedule. ",510.194705,73,,,,,0,percent of total billed charges,73 percent of billed charges; No services were performed during the 15 month look back period.,510.194705,73,,,,,0,percent of total billed charges,73 percent of billed charges; No services were performed during the 15 month look back period.,510.194705,73,,,,,0,percent of total billed charges,73 percent of billed charges; No services were performed during the 15 month look back period.,510.194705,73,,,,,0,percent of total billed charges,73 percent of billed charges; No services were performed during the 15 month look back period.,510.194705,73,,,,,0,percent of total billed charges,73 percent of billed charges; No services were performed during the 15 month look back period.,510.194705,73,,,,,0,percent of total billed charges,73 percent of billed charges; No services were performed during the 15 month look back period.,510.194705,73,,,,,0,percent of total billed charges,73 percent of billed charges; No services were performed during the 15 month look back period.,510.194705,73,,,,,0,percent of total billed charges,73 percent of billed charges; No services were performed during the 15 month look back period.,510.194705,73,,,,,0,percent of total billed charges,73 percent of billed charges; No services were performed during the 15 month look back period.,510.194705,73,,,,,0,percent of total billed charges,73 percent of billed charges; No services were performed during the 15 month look back period.,510.194705,73,,,,,0,percent of total billed charges,73 percent of billed charges; No services were performed during the 15 month look back period.,510.194705,73,,,,,0,percent of total billed charges,73 percent of billed charges; No services were performed during the 15 month look back period.,55.51,,,,,,,Fee Schedule,"100% ASP Fee Schedule. ",510.194705,73,,,,,0,percent of total billed charges,73 percent of billed charges; No services were performed during the 15 month look back period.,55.51,,,,,,,Fee Schedule,"100% ASP Fee Schedule. ",18327.463636,,,,,,,Case Rate,"225 Percent of Medicaid APG. If not included in Medicaid APG, then 100 Percent of Manhattan Medicare",8145.539394,,,,,,,Case Rate,"100 Percent of Medicaid APG. If not priced under APG, then Metroplus FeeSched",,,,,,,,Fee Schedule,"100 % Zero Pay Code. ",,,,,,,,Fee Schedule,"100 % Zero Pay Code. ",55.51,,,,,,,Fee Schedule,"100% ASP Fee Schedule. ",559.117485,80,,,,,0,percent of total billed charges,80 percent of billed charges; No services were performed during the 15 month look back period.,55.51,,,,,,,Fee Schedule,"100% ASP Fee Schedule. ",55.51,,,,,,,Fee Schedule,"100% ASP Fee Schedule. ",419.338114,60,,,,,0,percent of total billed charges,60 percent of billed charges; No services were performed during the 15 month look back period.,55.51,,,,,,,Fee Schedule,"100% ASP Fee Schedule. ",209.669057,30,,,,,0,percent of total billed charges,30 percent of billed charges; No services were performed during the 15 month look back period.,55.51,,,,,,,Fee Schedule,"100% ASP Fee Schedule. ",209.669057,30,,,,,0,percent of total billed charges,30 percent of billed charges; No services were performed during the 15 month look back period.,419.338114,60,,,,,0,percent of total billed charges,60 percent of billed charges; No services were performed during the 15 month look back period.,209.669057,30,,,,,0,percent of total billed charges,30 percent of billed charges; No services were performed during the 15 month look back period.,55.51,,,,,,,Fee Schedule,"100% ASP Fee Schedule. ",8145.539394,,,,,,,Case Rate,"100 Percent of Medicaid APG. ",55.51,,,,,,,Fee Schedule,"100% ASP Fee Schedule. ",209.669057,30,,,,,0,percent of total billed charges,30 percent of billed charges; No services were performed during the 15 month look back period.,,,,,,,,Fee Schedule,"100 % Zero Pay Code. ",8145.539394,,,,,,,Case Rate,"100 Percent of Medicaid APG. ",314.503586,45,,,,,0,percent of total billed charges,45 percent of billed charges; No services were performed during the 15 month look back period.,,,,,,,,,,,,,,,,,,,314.503586,45,,,,,0,percent of total billed charges,45 percent of billed charges; No services were performed during the 15 month look back period.,314.503586,45,,,,,0,percent of total billed charges,45 percent of billed charges; No services were performed during the 15 month look back period.,314.503586,45,,,,,0,percent of total billed charges,45 percent of billed charges; No services were performed during the 15 month look back period.,,,,,,,,Fee Schedule,"100 % Zero Pay Code. ",314.503586,45,,,,,0,percent of total billed charges,45 percent of billed charges; No services were performed during the 15 month look back period.,314.503586,45,,,,,0,percent of total billed charges,45 percent of billed charges; No services were performed during the 15 month look back period.,314.503586,45,,,,,0,percent of total billed charges,45 percent of billed charges; No services were performed during the 15 month look back period.,510.194705,73,,,,,0,percent of total billed charges,73 percent of billed charges; No services were performed during the 15 month look back period.,510.194705,73,,,,,0,percent of total billed charges,73 percent of billed charges; No services were performed during the 15 month look back period.,139.779371,20,,,,,0,percent of total billed charges,20 percent of billed charges; No services were performed during the 15 month look back period.,8145.539394,,,,,,,Case Rate,"100 Percent of Medicaid APG. ",,,,,,,,Fee Schedule,"100 % Zero Pay Code. ",209.669057,30,,,,,0,percent of total billed charges,30 percent of billed charges; No services were performed during the 15 month look back period.,419.338114,60,,,,,0,percent of total billed charges,60 percent of billed charges; No services were performed during the 15 month look back period.,,,,,,,,Fee Schedule,"100 % Zero Pay Code. ",419.338114,60,,,,,0,percent of total billed charges,60 percent of billed charges; No services were performed during the 15 month look back period.,,,,,,,,Fee Schedule,"100 % Zero Pay Code. ",314.503586,45,,,,,0,percent of total billed charges,45 percent of billed charges; No services were performed during the 15 month look back period.,314.503586,45,,,,,0,percent of total billed charges,45 percent of billed charges; No services were performed during the 15 month look back period.,314.503586,45,,,,,0,percent of total billed charges,45 percent of billed charges; No services were performed during the 15 month look back period.,314.503586,45,,,,,0,percent of total billed charges,45 percent of billed charges; No services were performed during the 15 month look back period.,55.51,,,,,,,Fee Schedule,"100% ASP Fee Schedule. ",55.51,18327.463636,
J0882,HCPCS,5010003,LOCAL,636,RC,"DARBEPOETIN ALFA, ESRD USE",22.6422,4.302018,Outpatient,ME,1,,2.92,,,,,,,Fee Schedule,100 % 1199 Fee Schedule.,2.92,,,,,,,Fee Schedule,100 % 1199 Fee Schedule.,13.58532,60,,,,,0,percent of total billed charges,60 percent of billed charges; No services were performed during the 15 month look back period.,22.6422,100,,,,,0,percent of total billed charges,100 percent of billed charges; No services were performed during the 15 month look back period.,2.92,,,,,,,Fee Schedule,100% ASP Fee Schedule.,13.58532,60,,,,,0,percent of total billed charges,60 percent of billed charges; No services were performed during the 15 month look back period.,13.58532,60,,,,,0,percent of total billed charges,60 percent of billed charges; No services were performed during the 15 month look back period.,13.58532,60,,6645.24,891.6,6645.24,1 through 10,percent of total billed charges,60 percent of billed charges,4.92,,,,,,,Fee Schedule,100 Percent of Medicaid APG.,4.1,,,,,,,Fee Schedule,100 Percent of Medicaid APG.,17.660916,78,,,,,0,percent of total billed charges,78 percent of billed charges; No services were performed during the 15 month look back period.,,,,,,,,Fee Schedule,100 % Zero Pay Code.,4.1,,,,,,,Fee Schedule,100 Percent of Medicaid APG.,2.92,,,,,,,Fee Schedule,100% ASP Fee Schedule.,13.58532,60,,,,,0,percent of total billed charges,60 percent of billed charges; No services were performed during the 15 month look back period.,13.58532,60,,,,,0,percent of total billed charges,60 percent of billed charges; No services were performed during the 15 month look back period.,13.58532,60,,,,,0,percent of total billed charges,60 percent of billed charges; No services were performed during the 15 month look back period.,13.58532,60,,,,,0,percent of total billed charges,60 percent of billed charges; No services were performed during the 15 month look back period.,10.68,,,,,,,Fee schedule,115 Percent of AWP Fee Schedule.,2.92,,,,,,,Fee Schedule,100% ASP Fee Schedule.,10.68,,,,,,,Fee schedule,115 Percent of AWP Fee Schedule.,17.660916,78,,,,,0,percent of total billed charges,78 percent of billed charges; No services were performed during the 15 month look back period.,13.58532,60,,,,,0,percent of total billed charges,60 percent of billed charges; No services were performed during the 15 month look back period.,2.92,,,,,,,Fee Schedule,100% ASP Fee Schedule.,10.57,,,,,,,Fee Schedule,383 % Medicare ASP.,2.92,,,,,,,Fee Schedule,100% ASP Fee Schedule.,2.92,,,,,,,Fee Schedule,100% ASP Fee Schedule.,17.660916,78,,,,,0,percent of total billed charges,78 percent of billed charges; No services were performed during the 15 month look back period.,3,,,,,,,Fee Schedule,100 Percent of ASP if not priced then 95 Percent of AWP. Lesser of 100% of billed charges applies.,3,,,,,,,Fee Schedule,100 Percent of ASP if not priced then 95 Percent of AWP. Lesser of 100% of billed charges applies.,2.85,,,,,,,Fee schedule,95 Percent of ASP.,2.85,,,,,,,Fee schedule,95 Percent of ASP.,10.57,,,,,,,Fee Schedule,383 % Medicare ASP.,10.57,,,,,,,Fee Schedule,383 % Medicare ASP.,4.1,,,,,,,Fee Schedule,"100 Percent of Medicaid APG. Not APG payable, or payable under another fee schedule like ASP/AWP pays at 30% of charges",10.57,,,,,,,Fee Schedule,383 % Medicare ASP.,4.1,,,,,,,Fee Schedule,"100 Percent of Medicaid APG. Not APG payable, or payable under another fee schedule like ASP/AWP pays at 30% of charges",2.92,,,,,,,Fee Schedule,100% ASP Fee Schedule.,10.57,,,,,,,Fee Schedule,383 % Medicare ASP.,17.660916,78,,,,,0,percent of total billed charges,78 percent of billed charges; No services were performed during the 15 month look back period.,4.1,,,,,,,Fee Schedule,"106 percent of Average Sales Price.. Drugs not priced under APG, billed with revenue code 636 and not priced by Medicare ASP FeeSched will be reimbursed at 20% of charges.",4.1,,,,,,,Fee Schedule,"106 percent of Average Sales Price.. Drugs not priced under APG, billed with revenue code 636 and not priced by Medicare ASP FeeSched will be reimbursed at 20% of charges.",17.660916,78,,,,,0,percent of total billed charges,78 percent of billed charges; No services were performed during the 15 month look back period.,13.58532,60,,,,,0,percent of total billed charges,60 percent of billed charges; No services were performed during the 15 month look back period.,,,,,,,,Fee Schedule,100 % Zero Pay Code.,,,,,,,,Fee Schedule,100 % Zero Pay Code.,17.660916,78,,,,,0,percent of total billed charges,78 percent of billed charges; No services were performed during the 15 month look back period.,2.92,,,,,,,Fee Schedule,100% ASP Fee Schedule.,,,,,,,,Fee Schedule,100 % Zero Pay Code.,,,,,,,,Fee Schedule,100 % Zero Pay Code.,,,,,,,,Fee Schedule,100 % Zero Pay Code.,2.92,,,,,,,Fee Schedule,100% ASP Fee Schedule.,,,,,,,,Fee Schedule,100 % Zero Pay Code.,,,,,,,,Fee Schedule,100 % Zero Pay Code.,2.92,,,,,,,Fee Schedule,100% of AWP Fee Schedule.,11.3211,50,,,,,0,percent of total billed charges,50 percent of billed charges; No services were performed during the 15 month look back period.,14.71743,65,,,,,0,percent of total billed charges,65 percent of billed charges; No services were performed during the 15 month look back period.,14.71743,65,,,,,0,percent of total billed charges,65 percent of billed charges; No services were performed during the 15 month look back period.,14.71743,65,,,,,0,percent of total billed charges,65 percent of billed charges; No services were performed during the 15 month look back period.,14.71743,65,,,,,0,percent of total billed charges,65 percent of billed charges; No services were performed during the 15 month look back period.,14.71743,65,,,,,0,percent of total billed charges,65 percent of billed charges; No services were performed during the 15 month look back period.,14.71743,65,,,,,0,percent of total billed charges,65 percent of billed charges; No services were performed during the 15 month look back period.,2.92,,,,,,,Fee Schedule,100% ASP Fee Schedule.,2.92,,,,,,,Fee Schedule,100% ASP Fee Schedule.,14.71743,65,,,,,0,percent of total billed charges,65 percent of billed charges; No services were performed during the 15 month look back period.,17.660916,78,,,,,0,percent of total billed charges,78 percent of billed charges; No services were performed during the 15 month look back period.,17.660916,78,,,,,0,percent of total billed charges,78 percent of billed charges; No services were performed during the 15 month look back period.,17.660916,78,,,,,0,percent of total billed charges,78 percent of billed charges; No services were performed during the 15 month look back period.,17.660916,78,,,,,0,percent of total billed charges,78 percent of billed charges; No services were performed during the 15 month look back period.,17.660916,78,,,,,0,percent of total billed charges,78 percent of billed charges; No services were performed during the 15 month look back period.,17.660916,78,,,,,0,percent of total billed charges,78 percent of billed charges; No services were performed during the 15 month look back period.,17.660916,78,,,,,0,percent of total billed charges,78 percent of billed charges; No services were performed during the 15 month look back period.,17.660916,78,,,,,0,percent of total billed charges,78 percent of billed charges; No services were performed during the 15 month look back period.,17.660916,78,,,,,0,percent of total billed charges,78 percent of billed charges; No services were performed during the 15 month look back period.,17.660916,78,,,,,0,percent of total billed charges,78 percent of billed charges; No services were performed during the 15 month look back period.,17.660916,78,,,,,0,percent of total billed charges,78 percent of billed charges; No services were performed during the 15 month look back period.,17.660916,78,,,,,0,percent of total billed charges,78 percent of billed charges; No services were performed during the 15 month look back period.,17.660916,78,,,,,0,percent of total billed charges,78 percent of billed charges; No services were performed during the 15 month look back period.,17.660916,78,,,,,0,percent of total billed charges,78 percent of billed charges; No services were performed during the 15 month look back period.,17.660916,78,,,,,0,percent of total billed charges,78 percent of billed charges; No services were performed during the 15 month look back period.,17.660916,78,,,,,0,percent of total billed charges,78 percent of billed charges; No services were performed during the 15 month look back period.,17.660916,78,,,,,0,percent of total billed charges,78 percent of billed charges; No services were performed during the 15 month look back period.,17.660916,78,,,,,0,percent of total billed charges,78 percent of billed charges; No services were performed during the 15 month look back period.,17.660916,78,,,,,0,percent of total billed charges,78 percent of billed charges; No services were performed during the 15 month look back period.,17.660916,78,,,,,0,percent of total billed charges,78 percent of billed charges; No services were performed during the 15 month look back period.,17.660916,78,,,,,0,percent of total billed charges,78 percent of billed charges; No services were performed during the 15 month look back period.,17.660916,78,,,,,0,percent of total billed charges,78 percent of billed charges; No services were performed during the 15 month look back period.,17.660916,78,,,,,0,percent of total billed charges,78 percent of billed charges; No services were performed during the 15 month look back period.,17.660916,78,,,,,0,percent of total billed charges,78 percent of billed charges; No services were performed during the 15 month look back period.,17.660916,78,,,,,0,percent of total billed charges,78 percent of billed charges; No services were performed during the 15 month look back period.,17.660916,78,,,,,0,percent of total billed charges,78 percent of billed charges; No services were performed during the 15 month look back period.,10.57,,,,,,,Fee Schedule,383 % Medicare ASP.,10.57,,,,,,,Fee Schedule,383 % Medicare ASP.,10.57,,,,,,,Fee Schedule,383 % Medicare ASP.,10.57,,,,,,,Fee Schedule,383 % Medicare ASP.,15.84,,,,,,,Fee Schedule,574 % Medicare ASP.,15.84,,,,,,,Fee Schedule,574 % Medicare ASP.,13.58532,60,,,,,0,percent of total billed charges,60 percent of billed charges; No services were performed during the 15 month look back period.,14.71743,65,,,,,0,percent of total billed charges,65 percent of billed charges; No services were performed during the 15 month look back period.,,,,,,,,Fee Schedule,100 % Zero Pay Code.,14.71743,65,,,,,0,percent of total billed charges,65 percent of billed charges; No services were performed during the 15 month look back period.,17.660916,78,,,,,0,percent of total billed charges,78 percent of billed charges; No services were performed during the 15 month look back period.,15.84,,,,,,,Fee Schedule,574 % Medicare ASP.,14.71743,65,,,,,0,percent of total billed charges,65 percent of billed charges; No services were performed during the 15 month look back period.,,,,,,,,Fee Schedule,100 % Zero Pay Code.,13.58532,60,,,,,0,percent of total billed charges,60 percent of billed charges; No services were performed during the 15 month look back period.,,,,,,,,,,17.660916,78,,,,,0,percent of total billed charges,78 percent of billed charges; No services were performed during the 15 month look back period.,4.1,,,,,,,Fee Schedule,100 Percent of Medicaid APG.,10.57,,,,,,,Fee Schedule,383 % Medicare ASP.,4.1,,,,,,,Fee Schedule,"100 Percent of Medicaid APG. Not APG payable, or payable under another fee schedule like ASP/AWP pays at 30% of charges",2.92,,,,,,,Fee Schedule,100% ASP Fee Schedule.,2.92,,,,,,,Fee Schedule,100% ASP Fee Schedule.,11.3211,50,,,,,0,percent of total billed charges,50 percent of billed charges; No services were performed during the 15 month look back period.,2.92,,,,,,,Fee Schedule,100% ASP Fee Schedule.,2.92,,,,,,,Fee Schedule,100% ASP Fee Schedule.,4.1,,,,,,,Fee Schedule,100 Percent of Medicaid APG.,2.92,,,,,,,Fee Schedule,100% ASP Fee Schedule.,2.92,,,,,,,Fee Schedule,100% ASP Fee Schedule.,13.58532,60,,,,,0,percent of total billed charges,60 percent of billed charges; No services were performed during the 15 month look back period.,13.58532,60,,,,,0,percent of total billed charges,60 percent of billed charges; No services were performed during the 15 month look back period.,2.92,,,,,,,Fee Schedule,100% ASP Fee Schedule.,13.58532,60,,,,,0,percent of total billed charges,60 percent of billed charges; No services were performed during the 15 month look back period.,,,,,,,,Fee Schedule,100 % Zero Pay Code.,,,,,,,,Fee Schedule,100 % Zero Pay Code.,2.92,,,,,,,Fee Schedule,100% ASP Fee Schedule.,13.58532,60,,,,,0,percent of total billed charges,60 percent of billed charges; No services were performed during the 15 month look back period.,13.58532,60,,,,,0,percent of total billed charges,60 percent of billed charges; No services were performed during the 15 month look back period.,13.58532,60,,,,,0,percent of total billed charges,60 percent of billed charges; No services were performed during the 15 month look back period.,13.58532,60,,,,,0,percent of total billed charges,60 percent of billed charges; No services were performed during the 15 month look back period.,17.660916,78,,,,,0,percent of total billed charges,78 percent of billed charges; No services were performed during the 15 month look back period.,17.660916,78,,,,,0,percent of total billed charges,78 percent of billed charges; No services were performed during the 15 month look back period.,17.660916,78,,,,,0,percent of total billed charges,78 percent of billed charges; No services were performed during the 15 month look back period.,17.660916,78,,,,,0,percent of total billed charges,78 percent of billed charges; No services were performed during the 15 month look back period.,17.660916,78,,,,,0,percent of total billed charges,78 percent of billed charges; No services were performed during the 15 month look back period.,17.660916,78,,,,,0,percent of total billed charges,78 percent of billed charges; No services were performed during the 15 month look back period.,17.660916,78,,,,,0,percent of total billed charges,78 percent of billed charges; No services were performed during the 15 month look back period.,17.660916,78,,,,,0,percent of total billed charges,78 percent of billed charges; No services were performed during the 15 month look back period.,17.660916,78,,,,,0,percent of total billed charges,78 percent of billed charges; No services were performed during the 15 month look back period.,17.660916,78,,,,,0,percent of total billed charges,78 percent of billed charges; No services were performed during the 15 month look back period.,17.660916,78,,,,,0,percent of total billed charges,78 percent of billed charges; No services were performed during the 15 month look back period.,15.84,,,,,,,Fee Schedule,574 % Medicare ASP.,14.71743,65,,7082.96,7082.96,7082.96,1 through 10,percent of total billed charges,65 percent of billed charges,13.58532,60,,,,,0,percent of total billed charges,60 percent of billed charges; No services were performed during the 15 month look back period.,2.92,,,,,,,Fee Schedule,100% ASP Fee Schedule.,13.58532,60,,,,,0,percent of total billed charges,60 percent of billed charges; No services were performed during the 15 month look back period.,13.58532,60,,,,,0,percent of total billed charges,60 percent of billed charges; No services were performed during the 15 month look back period.,13.58532,60,,,,,0,percent of total billed charges,60 percent of billed charges; No services were performed during the 15 month look back period.,17.660916,78,,,,,0,percent of total billed charges,78 percent of billed charges; No services were performed during the 15 month look back period.,8.77,,,,,,,Fee Schedule,"141 percent of Average Sales Price.. Drugs not priced under APG, billed with revenue code 636 and not priced by Medicare ASP FeeSched will be reimbursed at 20% of charges.",13.58532,60,,,,,0,percent of total billed charges,60 percent of billed charges; No services were performed during the 15 month look back period.,4.1,,,,,,,Fee Schedule,100 Percent of Medicaid APG.,2.92,,,,,,,Fee Schedule,100% ASP Fee Schedule.,2.92,,,,,,,Fee Schedule,100% ASP Fee Schedule.,2.92,,,,,,,Fee Schedule,100% ASP Fee Schedule.,2.92,,,,,,,Fee Schedule,100% ASP Fee Schedule.,2.92,,,,,,,Fee Schedule,100% ASP Fee Schedule.,2.92,,,,,,,Fee Schedule,100% ASP Fee Schedule.,13.58532,60,,,,,0,percent of total billed charges,60 percent of billed charges; No services were performed during the 15 month look back period.,11.3211,50,,,,,0,percent of total billed charges,50 percent of billed charges; No services were performed during the 15 month look back period.,14.63,,,,,,,Fee Schedule,157.5 Percent of AWP Fee Schedule.,14.63,,,,,,,Fee Schedule,157.5 Percent of AWP Fee Schedule.,14.63,,,,,,,Fee Schedule,157.5 Percent of AWP Fee Schedule.,14.63,,,,,,,Fee Schedule,157.5 Percent of AWP Fee Schedule.,14.63,,,,,,,Fee Schedule,157.5 Percent of AWP Fee Schedule.,,,,,,,,,,11.3211,50,,,,,0,percent of total billed charges,50 percent of billed charges; No services were performed during the 15 month look back period.,4.11,,,,,,,Fee Schedule,141 Percent of of ASP. Drugs billed with revenue code 636 and not priced by Medicare ASP fee schedule will be reimburse at 20 percent of charges,4.11,,,,,,,Fee Schedule,141 Percent of of ASP. Drugs billed with revenue code 636 and not priced by Medicare ASP fee schedule will be reimburse at 20 percent of charges,4.11,,,,,,,Fee Schedule,141 Percent of of ASP. Drugs billed with revenue code 636 and not priced by Medicare ASP fee schedule will be reimburse at 20 percent of charges,4.11,,,,,,,Fee Schedule,141 Percent of of ASP. Drugs billed with revenue code 636 and not priced by Medicare ASP fee schedule will be reimburse at 20 percent of charges,4.11,,,,,,,Fee Schedule,141 Percent of of ASP. Drugs billed with revenue code 636 and not priced by Medicare ASP fee schedule will be reimburse at 20 percent of charges,2.92,,,,,,,Fee Schedule,100% ASP Fee Schedule.,15.84,,,,,,,Fee Schedule,574 % Medicare ASP.,15.84,,,,,,,Fee Schedule,574 % Medicare ASP.,15.84,,,,,,,Fee Schedule,574 % Medicare ASP.,15.84,,,,,,,Fee Schedule,574 % Medicare ASP.,13.58532,60,,,,,0,percent of total billed charges,60 percent of billed charges; No services were performed during the 15 month look back period.,13.58532,60,,,,,0,percent of total billed charges,60 percent of billed charges; No services were performed during the 15 month look back period.,13.58532,60,,,,,0,percent of total billed charges,60 percent of billed charges; No services were performed during the 15 month look back period.,13.58532,60,,,,,0,percent of total billed charges,60 percent of billed charges; No services were performed during the 15 month look back period.,11.3211,50,,,,,0,percent of total billed charges,50 percent of billed charges; No services were performed during the 15 month look back period.,11.3211,50,,,,,0,percent of total billed charges,50 percent of billed charges; No services were performed during the 15 month look back period.,2.92,,,,,,,Fee Schedule,100% ASP Fee Schedule.,2.92,,,,,,,Fee Schedule,100% ASP Fee Schedule.,2.92,,,,,,,Fee Schedule,100% ASP Fee Schedule.,14.71743,65,,,,,0,percent of total billed charges,65 percent of billed charges; No services were performed during the 15 month look back period.,14.71743,65,,,,,0,percent of total billed charges,65 percent of billed charges; No services were performed during the 15 month look back period.,14.71743,65,,,,,0,percent of total billed charges,65 percent of billed charges; No services were performed during the 15 month look back period.,11.3211,50,,,,,0,percent of total billed charges,50 percent of billed charges; No services were performed during the 15 month look back period.,13.58532,60,,,,,0,percent of total billed charges,60 percent of billed charges; No services were performed during the 15 month look back period.,2.92,,,,,,,Fee Schedule,100% ASP Fee Schedule.,14.71743,65,,,,,0,percent of total billed charges,65 percent of billed charges; No services were performed during the 15 month look back period.,4.1,,,,,,,Fee Schedule,100 Percent of Medicaid APG.,2.98,,,,,,,Fee Schedule,100% of ASP Fee Schedule.,2.98,,,,,,,Fee Schedule,100% of ASP Fee Schedule.,2.98,,,,,,,Fee Schedule,100% of ASP Fee Schedule.,2.85,,,,,,,Fee schedule,95 Percent of ASP.,0.226422,1,,,,,0,percent of total billed charges,Approximating Cost. Lesser of 100% of billed charges applies.; No services were performed during the 15 month look back period.,0.226422,1,,,,,0,percent of total billed charges,Approximating Cost. Lesser of 100% of billed charges applies.; No services were performed during the 15 month look back period.,0.226422,1,,,,,0,percent of total billed charges,Approximating Cost. Lesser of 100% of billed charges applies.; No services were performed during the 15 month look back period.,0.226422,1,,,,,0,percent of total billed charges,Approximating Cost. Lesser of 100% of billed charges applies.; No services were performed during the 15 month look back period.,0.226422,1,,,,,0,percent of total billed charges,Approximating Cost. Lesser of 100% of billed charges applies.; No services were performed during the 15 month look back period.,2.98,,,,,,,Fee Schedule,100% of ASP Fee Schedule.,4.1,,,,,,,Fee Schedule,100 Percent of Medicaid APG.,3,,,,,,,Fee Schedule,100 Percent of ASP if not priced then 95 Percent of AWP. Lesser of 100% of billed charges applies.,0.226422,1,,,,,0,percent of total billed charges,Approximating Cost. Lesser of 100% of billed charges applies.; No services were performed during the 15 month look back period.,0.226422,1,,,,,0,percent of total billed charges,Approximating Cost. Lesser of 100% of billed charges applies.; No services were performed during the 15 month look back period.,3,,,,,,,Fee Schedule,100 Percent of ASP if not priced then 95 Percent of AWP. Lesser of 100% of billed charges applies.,3,,,,,,,Fee Schedule,100 Percent of ASP if not priced then 95 Percent of AWP. Lesser of 100% of billed charges applies.,14.63,,,,,,,Fee Schedule,157.5 Percent of AWP Fee Schedule.,2.92,,,,,,,Fee Schedule,100% ASP Fee Schedule.,2.92,,,,,,,Fee Schedule,100% ASP Fee Schedule.,13.58532,60,,,,,0,percent of total billed charges,60 percent of billed charges; No services were performed during the 15 month look back period.,2.92,,,,,,,Fee Schedule,100% ASP Fee Schedule.,2.85,,,,,,,Fee Schedule,95 Percent of ASP.,2.85,,,,,,,Fee Schedule,95 Percent of ASP.,2.85,,,,,,,Fee schedule,95 Percent of ASP.,2.85,,,,,,,Fee schedule,95 Percent of ASP.,10.68,,,,,,,Fee Schedule,115 Percent of AWP.,10.68,,,,,,,Fee schedule,115 Percent of AWP Fee Schedule.,9.22,,,,,,,Fee Schedule,100 Percent of Medicaid APG.,9.22,,,,,,,Fee Schedule,100 Percent of Medicaid APG.,9.22,,,,,,,Fee Schedule,100 Percent of Medicaid APG.,9.22,,,,,,,Fee Schedule,100 Percent of Medicaid APG.,,,,,,,,,,11.3211,50,,,,,0,percent of total billed charges,50 percent of billed charges; No services were performed during the 15 month look back period.,4.92,,,,,,,Fee Schedule,"120 Percent of Medicaid APG. Not APG payable, or payable under another fee schedule like ASP/AWP pays at 30% of charges",4.92,,,,,,,Fee Schedule,"120 Percent of Medicaid APG. Not APG payable, or payable under another fee schedule like ASP/AWP pays at 30% of charges",4.1,,,,,,,Fee Schedule,"100 Percent of Medicaid APG. Not APG payable, or payable under another fee schedule like ASP/AWP pays at 30% of charges",4.1,,,,,,,Fee Schedule,"100 Percent of Medicaid APG. Not APG payable, or payable under another fee schedule like ASP/AWP pays at 30% of charges",14.71743,65,,,,,0,percent of total billed charges,65 percent of billed charges; No services were performed during the 15 month look back period.,14.71743,65,,,,,0,percent of total billed charges,65 percent of billed charges; No services were performed during the 15 month look back period.,2.92,,,,,,,Fee Schedule,100% ASP Fee Schedule.,14.71743,65,,,,,0,percent of total billed charges,65 percent of billed charges; No services were performed during the 15 month look back period.,14.71743,65,,,,,0,percent of total billed charges,65 percent of billed charges; No services were performed during the 15 month look back period.,14.71743,65,,,,,0,percent of total billed charges,65 percent of billed charges; No services were performed during the 15 month look back period.,14.71743,65,,,,,0,percent of total billed charges,65 percent of billed charges; No services were performed during the 15 month look back period.,2.92,,,,,,,Fee Schedule,100% ASP Fee Schedule.,14.71743,65,,,,,0,percent of total billed charges,65 percent of billed charges; No services were performed during the 15 month look back period.,14.71743,65,,,,,0,percent of total billed charges,65 percent of billed charges; No services were performed during the 15 month look back period.,13.58532,60,,,,,0,percent of total billed charges,60 percent of billed charges; No services were performed during the 15 month look back period.,4.1,,,,,,,Fee Schedule,100% APG. Lesser of 100% of billed charges applies.,10.68,,,,,,,Fee schedule,115 Percent of AWP Fee Schedule.,0.226422,1,,,,,0,percent of total billed charges,Approximating Cost. Lesser of 100% of billed charges applies.; No services were performed during the 15 month look back period.,10.68,,,,,,,Fee Schedule,115 Percent of AWP.,10.68,,,,,,,Fee schedule,115 Percent of AWP Fee Schedule.,0.226422,1,,,,,0,percent of total billed charges,Approximating Cost. Lesser of 100% of billed charges applies.; No services were performed during the 15 month look back period.,0.226422,1,,,,,0,percent of total billed charges,Approximating Cost. Lesser of 100% of billed charges applies.; No services were performed during the 15 month look back period.,0.226422,1,,,,,0,percent of total billed charges,Approximating Cost. Lesser of 100% of billed charges applies.; No services were performed during the 15 month look back period.,0.226422,1,,,,,0,percent of total billed charges,Approximating Cost. Lesser of 100% of billed charges applies.; No services were performed during the 15 month look back period.,0.226422,1,,,,,0,percent of total billed charges,Approximating Cost. Lesser of 100% of billed charges applies.; No services were performed during the 15 month look back period.,0.226422,1,,,,,0,percent of total billed charges,Approximating Cost. Lesser of 100% of billed charges applies.; No services were performed during the 15 month look back period.,,,,,,,,,,,,,,,,,,,,,,,,,,,,13.58532,60,,,,,0,percent of total billed charges,60 percent of billed charges; No services were performed during the 15 month look back period.,,,,,,,,,,2.92,,,,,,,Fee Schedule,100% ASP Fee Schedule.,2.92,,,,,,,Fee Schedule,100 % 1199 Fee Schedule.,2.92,,,,,,,Fee Schedule,100% ASP Fee Schedule.,2.92,,,,,,,Fee Schedule,100% ASP Fee Schedule.,4.92,,,,,,,Fee Schedule,"120 Percent of Medicaid APG. Not APG payable, or payable under another fee schedule like ASP/AWP pays at 30% of charges",4.92,,,,,,,Fee Schedule,"120 Percent of Medicaid APG. Not APG payable, or payable under another fee schedule like ASP/AWP pays at 30% of charges",4.1,,,,,,,Fee Schedule,"100 Percent of Medicaid APG. Not APG payable, or payable under another fee schedule like ASP/AWP pays at 30% of charges",4.1,,,,,,,Fee Schedule,"100 Percent of Medicaid APG. Not APG payable, or payable under another fee schedule like ASP/AWP pays at 30% of charges",4.1,,,,,,,Fee Schedule,100 Percent of Medicaid APG.,8.34,,,,,,,Fee Schedule,302 % Medicare ASP.,13.58532,60,,,,,0,percent of total billed charges,60 percent of billed charges; No services were performed during the 15 month look back period.,10.57,,,,,,,Fee Schedule,383 % Medicare ASP.,13.58532,60,,,,,0,percent of total billed charges,60 percent of billed charges; No services were performed during the 15 month look back period.,2.92,,,,,,,Fee Schedule,100% ASP Fee Schedule.,2.92,,,,,,,Fee Schedule,100% ASP Fee Schedule.,2.92,,,,,,,Fee Schedule,100% ASP Fee Schedule.,2.92,,,,,,,Fee Schedule,100% ASP Fee Schedule.,2.92,,,,,,,Fee Schedule,100% ASP Fee Schedule.,2.92,,,,,,,Fee Schedule,100% ASP Fee Schedule.,,,,,,,,,,0.226422,1,,,,,0,percent of total billed charges,Approximating Cost. Lesser of 100% of billed charges applies.; No services were performed during the 15 month look back period.,3,,,,,,,Fee Schedule,100 Percent of ASP if not priced then 95 Percent of AWP. Lesser of 100% of billed charges applies.,14.71743,65,,,,,0,percent of total billed charges,65 percent of billed charges; No services were performed during the 15 month look back period.,8.34,,,,,,,Fee Schedule,302 % Medicare ASP.,8.34,,,,,,,Fee Schedule,302 % Medicare ASP.,8.34,,,,,,,Fee Schedule,302 % Medicare ASP.,8.34,,,,,,,Fee Schedule,302 % Medicare ASP.,2.92,,,,,,,Fee Schedule,100% ASP Fee Schedule.,4.1,,,,,,,Fee Schedule,100 Percent of Medicaid APG.,14.71743,65,,,,,0,percent of total billed charges,65 percent of billed charges; No services were performed during the 15 month look back period.,4.1,,,,,,,Fee Schedule,100 Percent of Medicaid APG.,2.92,,,,,,,Fee Schedule,100% ASP Fee Schedule.,4.1,,,,,,,Fee Schedule,100 Percent of Medicaid APG.,2.92,,,,,,,Fee Schedule,100% ASP Fee Schedule.,2.92,,,,,,,Fee Schedule,100% ASP Fee Schedule.,4.1,,,,,,,Fee Schedule,100 Percent of Medicaid APG.,4.1,,,,,,,Fee Schedule,100 Percent of Medicaid APG.,8.34,,,,,,,Fee Schedule,302 % Medicare ASP.,13.58532,60,,,,,0,percent of total billed charges,60 percent of billed charges; No services were performed during the 15 month look back period.,17.660916,78,,,,,0,percent of total billed charges,78 percent of billed charges; No services were performed during the 15 month look back period.,,,,,,,,Fee Schedule,100 % Zero Pay Code.,,,,,,,,Fee Schedule,100 % Zero Pay Code.,13.58532,60,,,,,0,percent of total billed charges,60 percent of billed charges; No services were performed during the 15 month look back period.,2.92,,,,,,,Fee Schedule,100% of AWP Fee Schedule.,15.84,,,,,,,Fee Schedule,574 % Medicare ASP.,15.84,,,,,,,Fee Schedule,574 % Medicare ASP.,11.773944,52,,,,,0,percent of total billed charges,52 percent of billed charges; No services were performed during the 15 month look back period.,11.773944,52,,,,,0,percent of total billed charges,52 percent of billed charges; No services were performed during the 15 month look back period.,2.92,,,,,,,Fee Schedule,100% ASP Fee Schedule.,2.92,,,,,,,Fee Schedule,100% ASP Fee Schedule.,2.92,,,,,,,Fee Schedule,100% ASP Fee Schedule.,2.92,,,,,,,Fee Schedule,100% ASP Fee Schedule.,,,,,,,,Fee Schedule,100 % Zero Pay Code.,14.71743,65,,,,,0,percent of total billed charges,65 percent of billed charges; No services were performed during the 15 month look back period.,14.71743,65,,,,,0,percent of total billed charges,65 percent of billed charges; No services were performed during the 15 month look back period.,2.92,,,,,,,Fee Schedule,100% ASP Fee Schedule.,11.773944,52,,,,,0,percent of total billed charges,52 percent of billed charges; No services were performed during the 15 month look back period.,10.57,,,,,,,Fee Schedule,383 % Medicare ASP.,,,,,,,,,,4.1,,,,,,,Fee Schedule,100 Percent of Medicaid APG.,10.57,,,,,,,Fee Schedule,383 % Medicare ASP.,13.358898,59,,,,,0,percent of total billed charges,59 percent of billed charges; No services were performed during the 15 month look back period.,13.358898,59,,,,,0,percent of total billed charges,59 percent of billed charges; No services were performed during the 15 month look back period.,,,,,,,,,,11.3211,50,,,,,0,percent of total billed charges,50 percent of billed charges; No services were performed during the 15 month look back period.,2.92,,,,,,,Fee Schedule,100% ASP Fee Schedule.,4.3,,,,,,,Fee Schedule,105 percent of Medicaid APG. otherwise 105% of Ordered NYS MCD FS or 105% of ASP+6%,4.3,,,,,,,Fee Schedule,105 percent of Medicaid APG. otherwise 105% of Ordered NYS MCD FS or 105% of ASP+6%,4.3,,,,,,,Fee Schedule,105 percent of Medicaid APG. otherwise 105% of Ordered NYS MCD FS or 105% of ASP+6%,5.54,,,,,,,Fee Schedule,135 percent of Medicaid APG. otherwise 135% of Ordered NYS MCD FS or 135% of ASP+6%,,,,,,,,Fee Schedule,100 % Zero Pay Code.,4.3,,,,,,,Fee Schedule,105 percent of Medicaid APG. otherwise 105% of Ordered NYS MCD FS or 105% of ASP+6%,4.3,,,,,,,Fee Schedule,105 percent of Medicaid APG. otherwise 105% of Ordered NYS MCD FS or 105% of ASP+6%,4.3,,,,,,,Fee Schedule,105 percent of Medicaid APG. otherwise 105% of Ordered NYS MCD FS or 105% of ASP+6%,4.3,,,,,,,Fee Schedule,105 percent of Medicaid APG. otherwise 105% of Ordered NYS MCD FS or 105% of ASP+6%,4.3,,,,,,,Fee Schedule,105 percent of Medicaid APG. otherwise 105% of Ordered NYS MCD FS or 105% of ASP+6%,5.54,,,,,,,Fee Schedule,135 percent of Medicaid APG. otherwise 135% of Ordered NYS MCD FS or 135% of ASP+6%,5.54,,,,,,,Fee Schedule,135 percent of Medicaid APG. otherwise 135% of Ordered NYS MCD FS or 135% of ASP+6%,2.92,,,,,,,Fee Schedule,100% ASP Fee Schedule.,,,,,,,,Fee Schedule,100 % Zero Pay Code.,2.92,,,,,,,Fee Schedule,100% ASP Fee Schedule.,4.3,,,,,,,Fee Schedule,105 percent of Medicaid APG. otherwise 105% of Ordered NYS MCD FS or 105% of ASP+6%,14.71743,65,,,,,0,percent of total billed charges,65 percent of billed charges; No services were performed during the 15 month look back period.,2.92,,,,,,,Fee Schedule,100% ASP Fee Schedule.,14.71743,65,,,,,0,percent of total billed charges,65 percent of billed charges; No services were performed during the 15 month look back period.,14.71743,65,,,,,0,percent of total billed charges,65 percent of billed charges; No services were performed during the 15 month look back period.,14.71743,65,,,,,0,percent of total billed charges,65 percent of billed charges; No services were performed during the 15 month look back period.,4.3,,,,,,,Fee Schedule,105 percent of Medicaid APG. otherwise 105% of Ordered NYS MCD FS or 105% of ASP+6%,2.92,,,,,,,Fee Schedule,100% ASP Fee Schedule.,14.71743,65,,,,,0,percent of total billed charges,65 percent of billed charges; No services were performed during the 15 month look back period.,5.54,,,,,,,Fee Schedule,135 percent of Medicaid APG. otherwise 135% of Ordered NYS MCD FS or 135% of ASP+6%,14.71743,65,,,,,0,percent of total billed charges,65 percent of billed charges; No services were performed during the 15 month look back period.,6.79266,30,,,,,0,percent of total billed charges,30% of Charges.; No services were performed during the 15 month look back period.,2.92,,,,,,,Fee Schedule,100% ASP Fee Schedule.,8.34,,,,,,,Fee Schedule,302 % Medicare ASP.,8.34,,,,,,,Fee Schedule,302 % Medicare ASP.,8.34,,,,,,,Fee Schedule,302 % Medicare ASP.,8.34,,,,,,,Fee Schedule,302 % Medicare ASP.,8.34,,,,,,,Fee Schedule,302 % Medicare ASP.,10.57,,,,,,,Fee Schedule,383 % Medicare ASP.,10.57,,,,,,,Fee Schedule,383 % Medicare ASP.,8.34,,,,,,,Fee Schedule,302 % Medicare ASP.,8.34,,,,,,,Fee Schedule,302 % Medicare ASP.,8.34,,,,,,,Fee Schedule,302 % Medicare ASP.,8.34,,,,,,,Fee Schedule,302 % Medicare ASP.,8.34,,,,,,,Fee Schedule,302 % Medicare ASP.,2.92,,,,,,,Fee Schedule,100% ASP Fee Schedule.,10.57,,,,,,,Fee Schedule,383 % Medicare ASP.,2.92,,,,,,,Fee Schedule,100% ASP Fee Schedule.,9.22,,,,,,,Fee Schedule,"225 Percent of Medicaid APG. If not included in Medicaid APG, then 100 Percent of Manhattan Medicare",4.1,,,,,,,Fee Schedule,"106 percent of Average Sales Price.. Drugs not priced under APG, billed with revenue code 636 and not priced by Medicare ASP FeeSched will be reimbursed at 20% of charges.",,,,,,,,Fee Schedule,100 % Zero Pay Code.,,,,,,,,Fee Schedule,100 % Zero Pay Code.,2.92,,,,,,,Fee Schedule,100% ASP Fee Schedule.,15.84,,,,,,,Fee Schedule,574 % Medicare ASP.,2.92,,,,,,,Fee Schedule,100% ASP Fee Schedule.,2.92,,,,,,,Fee Schedule,100% ASP Fee Schedule.,13.58532,60,,,,,0,percent of total billed charges,60 percent of billed charges; No services were performed during the 15 month look back period.,2.92,,,,,,,Fee Schedule,100% ASP Fee Schedule.,13.58532,60,,,,,0,percent of total billed charges,60 percent of billed charges; No services were performed during the 15 month look back period.,2.92,,,,,,,Fee Schedule,100% ASP Fee Schedule.,13.58532,60,,,,,0,percent of total billed charges,60 percent of billed charges; No services were performed during the 15 month look back period.,13.58532,60,,,,,0,percent of total billed charges,60 percent of billed charges; No services were performed during the 15 month look back period.,13.58532,60,,,,,0,percent of total billed charges,60 percent of billed charges; No services were performed during the 15 month look back period.,2.92,,,,,,,Fee Schedule,100% ASP Fee Schedule.,4.1,,,,,,,Fee Schedule,100 Percent of Medicaid APG.,2.92,,,,,,,Fee Schedule,100% ASP Fee Schedule.,13.58532,60,,,,,0,percent of total billed charges,60 percent of billed charges; No services were performed during the 15 month look back period.,,,,,,,,Fee Schedule,100 % Zero Pay Code.,4.1,,,,,,,Fee Schedule,100 Percent of Medicaid APG.,14.71743,65,,,,,0,percent of total billed charges,65 percent of billed charges; No services were performed during the 15 month look back period.,,,,,,,,,,,,,,,,,,,14.71743,65,,,,,0,percent of total billed charges,65 percent of billed charges; No services were performed during the 15 month look back period.,14.71743,65,,,,,0,percent of total billed charges,65 percent of billed charges; No services were performed during the 15 month look back period.,14.71743,65,,,,,0,percent of total billed charges,65 percent of billed charges; No services were performed during the 15 month look back period.,,,,,,,,Fee Schedule,100 % Zero Pay Code.,14.71743,65,,,,,0,percent of total billed charges,65 percent of billed charges; No services were performed during the 15 month look back period.,14.71743,65,,,,,0,percent of total billed charges,65 percent of billed charges; No services were performed during the 15 month look back period.,14.71743,65,,,,,0,percent of total billed charges,65 percent of billed charges; No services were performed during the 15 month look back period.,10.57,,,,,,,Fee Schedule,383 % Medicare ASP.,10.57,,,,,,,Fee Schedule,383 % Medicare ASP.,4.11,,,,,,,Fee Schedule,141 Percent of of ASP. Drugs billed with revenue code 636 and not priced by Medicare ASP fee schedule will be reimburse at 20 percent of charges,4.1,,,,,,,Fee Schedule,100 Percent of Medicaid APG.,,,,,,,,Fee Schedule,100 % Zero Pay Code.,13.58532,60,,,,,0,percent of total billed charges,60 percent of billed charges; No services were performed during the 15 month look back period.,13.58532,60,,,,,0,percent of total billed charges,60 percent of billed charges; No services were performed during the 15 month look back period.,,,,,,,,Fee Schedule,100 % Zero Pay Code.,13.58532,60,,,,,0,percent of total billed charges,60 percent of billed charges; No services were performed during the 15 month look back period.,,,,,,,,Fee Schedule,100 % Zero Pay Code.,14.71743,65,,,,,0,percent of total billed charges,65 percent of billed charges; No services were performed during the 15 month look back period.,14.71743,65,,,,,0,percent of total billed charges,65 percent of billed charges; No services were performed during the 15 month look back period.,14.71743,65,,,,,0,percent of total billed charges,65 percent of billed charges; No services were performed during the 15 month look back period.,14.71743,65,,,,,0,percent of total billed charges,65 percent of billed charges; No services were performed during the 15 month look back period.,2.92,,,,,,,Fee Schedule,100% ASP Fee Schedule.,0.226422,45.2844,
J0884,HCPCS,5010003,LOCAL,636,RC,ARGATROBAN ESRD DIALYSIS 1MG,12.14136,2.306858,Outpatient,ME,1,,0.95,,,,,,,Fee Schedule,"100 % 1199 Fee Schedule. ",0.95,,,,,,,Fee Schedule,"100 % 1199 Fee Schedule. ",7.284816,60,,,,,0,percent of total billed charges,60 percent of billed charges; No services were performed during the 15 month look back period.,12.14136,100,,,,,0,percent of total billed charges,100 percent of billed charges; No services were performed during the 15 month look back period.,,,,,,,,Fee Schedule,"100% ASP Fee Schedule. ",7.284816,60,,,,,0,percent of total billed charges,60 percent of billed charges; No services were performed during the 15 month look back period.,7.284816,60,,,,,0,percent of total billed charges,60 percent of billed charges; No services were performed during the 15 month look back period.,7.284816,60,,,,,0,percent of total billed charges,60 percent of billed charges; No services were performed during the 15 month look back period.,186.772364,,,,,,,Case Rate,"100 Percent of Medicaid APG. ",155.643636,,,,,,,Case Rate,"100 Percent of Medicaid APG. ",9.470261,78,,,,,0,percent of total billed charges,78% of Billed Charges. Lesser of 100% of billed charges applies.; No services were performed during the 15 month look back period.,,,,,,,,Fee Schedule,"100 % Zero Pay Code. ",155.643636,,,,,,,Case Rate,"100 Percent of Medicaid APG. ",,,,,,,,Fee Schedule,"100% ASP Fee Schedule. ",3.642408,30,,,,,0,percent of total billed charges,30 percent of billed charges; No services were performed during the 15 month look back period.,3.642408,30,,,,,0,percent of total billed charges,30 percent of billed charges; No services were performed during the 15 month look back period.,3.642408,30,,,,,0,percent of total billed charges,30 percent of billed charges; No services were performed during the 15 month look back period.,3.642408,30,,,,,0,percent of total billed charges,30 percent of billed charges; No services were performed during the 15 month look back period.,4.83,,,,,,,Fee schedule,"115 Percent of AWP Fee Schedule. ",,,,,,,,Fee Schedule,"100% ASP Fee Schedule. ",4.83,,,,,,,Fee schedule,"115 Percent of AWP Fee Schedule. ",9.470261,78,,,,,0,percent of total billed charges,78% of Billed Charges. Lesser of 100% of billed charges applies.; No services were performed during the 15 month look back period.,7.284816,60,,,,,0,percent of total billed charges,60 percent of billed charges; No services were performed during the 15 month look back period.,,,,,,,,Fee Schedule,"100% ASP Fee Schedule. ",8.863193,73,,,,,0,percent of total billed charges,73 percent of billed charges; No services were performed during the 15 month look back period.,,,,,,,,Fee Schedule,"100% ASP Fee Schedule. ",,,,,,,,Fee Schedule,"100% ASP Fee Schedule. ",9.470261,78,,,,,0,percent of total billed charges,78% of Billed Charges. Lesser of 100% of billed charges applies.; No services were performed during the 15 month look back period.,0.739,,,,,,,Fee Schedule,100 Percent of ASP if not priced then 95 Percent of AWP. Lesser of 100% of billed charges applies.,0.739,,,,,,,Fee Schedule,100 Percent of ASP if not priced then 95 Percent of AWP. Lesser of 100% of billed charges applies.,155.643636,,,,,,,Case rate,"100 Percent of Medicaid APG. ",155.643636,,,,,,,Case rate,"100 Percent of Medicaid APG. ",8.863193,73,,,,,0,percent of total billed charges,73 percent of billed charges; No services were performed during the 15 month look back period.,8.863193,73,,,,,0,percent of total billed charges,73 percent of billed charges; No services were performed during the 15 month look back period.,155.643636,,,,,,,Case Rate,"100 Percent of Medicaid APG. Not APG payable, or payable under another fee schedule like ASP/AWP pays at 30% of charges",8.863193,73,,,,,0,percent of total billed charges,73 percent of billed charges; No services were performed during the 15 month look back period.,155.643636,,,,,,,Case Rate,"100 Percent of Medicaid APG. Not APG payable, or payable under another fee schedule like ASP/AWP pays at 30% of charges",,,,,,,,Fee Schedule,"100% ASP Fee Schedule. ",8.863193,73,,,,,0,percent of total billed charges,73 percent of billed charges; No services were performed during the 15 month look back period.,9.470261,78,,,,,0,percent of total billed charges,78% of Billed Charges. Lesser of 100% of billed charges applies.; No services were performed during the 15 month look back period.,155.643636,,,,,,,Case Rate,"100 Percent of Medicaid APG. ",155.643636,,,,,,,Case Rate,"100 Percent of Medicaid APG. ",9.470261,78,,,,,0,percent of total billed charges,78% of Billed Charges. Lesser of 100% of billed charges applies.; No services were performed during the 15 month look back period.,3.642408,30,,,,,0,percent of total billed charges,30 percent of billed charges; No services were performed during the 15 month look back period.,,,,,,,,Fee Schedule,"100 % Zero Pay Code. ",,,,,,,,Fee Schedule,"100 % Zero Pay Code. ",9.470261,78,,,,,0,percent of total billed charges,78% of Billed Charges. Lesser of 100% of billed charges applies.; No services were performed during the 15 month look back period.,,,,,,,,Fee Schedule,"100% ASP Fee Schedule. ",,,,,,,,Fee Schedule,"100 % Zero Pay Code. ",,,,,,,,Fee Schedule,"100 % Zero Pay Code. ",,,,,,,,Fee Schedule,"100 % Zero Pay Code. ",,,,,,,,Fee Schedule,"100% ASP Fee Schedule. ",,,,,,,,Fee Schedule,"100 % Zero Pay Code. ",,,,,,,,Fee Schedule,"100 % Zero Pay Code. ",,,,,,,,Fee Schedule,"100% of AWP Fee Schedule. ",6.07068,50,,,,,0,percent of total billed charges,50 percent of billed charges; No services were performed during the 15 month look back period.,5.463612,45,,,,,0,percent of total billed charges,45 percent of billed charges; No services were performed during the 15 month look back period.,5.463612,45,,,,,0,percent of total billed charges,45 percent of billed charges; No services were performed during the 15 month look back period.,5.463612,45,,,,,0,percent of total billed charges,45 percent of billed charges; No services were performed during the 15 month look back period.,5.463612,45,,,,,0,percent of total billed charges,45 percent of billed charges; No services were performed during the 15 month look back period.,5.463612,45,,,,,0,percent of total billed charges,45 percent of billed charges; No services were performed during the 15 month look back period.,5.463612,45,,,,,0,percent of total billed charges,45 percent of billed charges; No services were performed during the 15 month look back period.,,,,,,,,Fee Schedule,"100% ASP Fee Schedule. ",,,,,,,,Fee Schedule,"100% ASP Fee Schedule. ",5.463612,45,,,,,0,percent of total billed charges,45 percent of billed charges; No services were performed during the 15 month look back period.,9.470261,78,,,,,0,percent of total billed charges,78% of Billed Charges. Lesser of 100% of billed charges applies.; No services were performed during the 15 month look back period.,9.470261,78,,,,,0,percent of total billed charges,78% of Billed Charges. Lesser of 100% of billed charges applies.; No services were performed during the 15 month look back period.,9.470261,78,,,,,0,percent of total billed charges,78% of Billed Charges. Lesser of 100% of billed charges applies.; No services were performed during the 15 month look back period.,9.470261,78,,,,,0,percent of total billed charges,78% of Billed Charges. Lesser of 100% of billed charges applies.; No services were performed during the 15 month look back period.,9.470261,78,,,,,0,percent of total billed charges,78% of Billed Charges. Lesser of 100% of billed charges applies.; No services were performed during the 15 month look back period.,9.470261,78,,,,,0,percent of total billed charges,78% of Billed Charges. Lesser of 100% of billed charges applies.; No services were performed during the 15 month look back period.,9.470261,78,,,,,0,percent of total billed charges,78% of Billed Charges. Lesser of 100% of billed charges applies.; No services were performed during the 15 month look back period.,9.470261,78,,,,,0,percent of total billed charges,78% of Billed Charges. Lesser of 100% of billed charges applies.; No services were performed during the 15 month look back period.,9.470261,78,,,,,0,percent of total billed charges,78% of Billed Charges. Lesser of 100% of billed charges applies.; No services were performed during the 15 month look back period.,9.470261,78,,,,,0,percent of total billed charges,78% of Billed Charges. Lesser of 100% of billed charges applies.; No services were performed during the 15 month look back period.,9.470261,78,,,,,0,percent of total billed charges,78% of Billed Charges. Lesser of 100% of billed charges applies.; No services were performed during the 15 month look back period.,9.470261,78,,,,,0,percent of total billed charges,78% of Billed Charges. Lesser of 100% of billed charges applies.; No services were performed during the 15 month look back period.,9.470261,78,,,,,0,percent of total billed charges,78% of Billed Charges. Lesser of 100% of billed charges applies.; No services were performed during the 15 month look back period.,9.470261,78,,,,,0,percent of total billed charges,78% of Billed Charges. Lesser of 100% of billed charges applies.; No services were performed during the 15 month look back period.,9.470261,78,,,,,0,percent of total billed charges,78% of Billed Charges. Lesser of 100% of billed charges applies.; No services were performed during the 15 month look back period.,9.470261,78,,,,,0,percent of total billed charges,78% of Billed Charges. Lesser of 100% of billed charges applies.; No services were performed during the 15 month look back period.,9.470261,78,,,,,0,percent of total billed charges,78% of Billed Charges. Lesser of 100% of billed charges applies.; No services were performed during the 15 month look back period.,9.470261,78,,,,,0,percent of total billed charges,78% of Billed Charges. Lesser of 100% of billed charges applies.; No services were performed during the 15 month look back period.,9.470261,78,,,,,0,percent of total billed charges,78% of Billed Charges. Lesser of 100% of billed charges applies.; No services were performed during the 15 month look back period.,9.470261,78,,,,,0,percent of total billed charges,78% of Billed Charges. Lesser of 100% of billed charges applies.; No services were performed during the 15 month look back period.,9.470261,78,,,,,0,percent of total billed charges,78% of Billed Charges. Lesser of 100% of billed charges applies.; No services were performed during the 15 month look back period.,9.470261,78,,,,,0,percent of total billed charges,78% of Billed Charges. Lesser of 100% of billed charges applies.; No services were performed during the 15 month look back period.,9.470261,78,,,,,0,percent of total billed charges,78% of Billed Charges. Lesser of 100% of billed charges applies.; No services were performed during the 15 month look back period.,9.470261,78,,,,,0,percent of total billed charges,78% of Billed Charges. Lesser of 100% of billed charges applies.; No services were performed during the 15 month look back period.,9.470261,78,,,,,0,percent of total billed charges,78% of Billed Charges. Lesser of 100% of billed charges applies.; No services were performed during the 15 month look back period.,9.470261,78,,,,,0,percent of total billed charges,78% of Billed Charges. Lesser of 100% of billed charges applies.; No services were performed during the 15 month look back period.,8.863193,73,,,,,0,percent of total billed charges,73 percent of billed charges; No services were performed during the 15 month look back period.,8.863193,73,,,,,0,percent of total billed charges,73 percent of billed charges; No services were performed during the 15 month look back period.,8.863193,73,,,,,0,percent of total billed charges,73 percent of billed charges; No services were performed during the 15 month look back period.,8.863193,73,,,,,0,percent of total billed charges,73 percent of billed charges; No services were performed during the 15 month look back period.,9.713088,80,,,,,0,percent of total billed charges,80 percent of billed charges; No services were performed during the 15 month look back period.,9.713088,80,,,,,0,percent of total billed charges,80 percent of billed charges; No services were performed during the 15 month look back period.,3.642408,30,,,,,0,percent of total billed charges,30 percent of billed charges; No services were performed during the 15 month look back period.,5.463612,45,,,,,0,percent of total billed charges,45 percent of billed charges; No services were performed during the 15 month look back period.,,,,,,,,Fee Schedule,"100 % Zero Pay Code. ",5.463612,45,,,,,0,percent of total billed charges,45 percent of billed charges; No services were performed during the 15 month look back period.,9.470261,78,,,,,0,percent of total billed charges,78% of Billed Charges. Lesser of 100% of billed charges applies.; No services were performed during the 15 month look back period.,9.713088,80,,,,,0,percent of total billed charges,80 percent of billed charges; No services were performed during the 15 month look back period.,5.463612,45,,,,,0,percent of total billed charges,45 percent of billed charges; No services were performed during the 15 month look back period.,,,,,,,,Fee Schedule,"100 % Zero Pay Code. ",3.642408,30,,,,,0,percent of total billed charges,30 percent of billed charges; No services were performed during the 15 month look back period.,,,,,,,,,"NA. ",9.470261,78,,,,,0,percent of total billed charges,78% of Billed Charges. Lesser of 100% of billed charges applies.; No services were performed during the 15 month look back period.,155.643636,,,,,,,Case Rate,"100 Percent of Medicaid APG. ",8.863193,73,,,,,0,percent of total billed charges,73 percent of billed charges; No services were performed during the 15 month look back period.,155.643636,,,,,,,Case Rate,"100 Percent of Medicaid APG. Not APG payable, or payable under another fee schedule like ASP/AWP pays at 30% of charges",,,,,,,,Fee Schedule,"100% ASP Fee Schedule. ",,,,,,,,Fee Schedule,"100% ASP Fee Schedule. ",6.07068,50,,,,,0,percent of total billed charges,50 percent of billed charges; No services were performed during the 15 month look back period.,,,,,,,,Fee Schedule,"100% ASP Fee Schedule. ",,,,,,,,Fee Schedule,"100% ASP Fee Schedule. ",155.643636,,,,,,,Case Rate,"100 Percent of Medicaid APG. ",,,,,,,,Fee Schedule,"100% ASP Fee Schedule. ",,,,,,,,Fee Schedule,"100% ASP Fee Schedule. ",7.284816,60,,,,,0,percent of total billed charges,60 percent of billed charges; No services were performed during the 15 month look back period.,7.284816,60,,,,,0,percent of total billed charges,60 percent of billed charges; No services were performed during the 15 month look back period.,,,,,,,,Fee Schedule,"100% ASP Fee Schedule. ",3.642408,30,,,,,0,percent of total billed charges,30 percent of billed charges; No services were performed during the 15 month look back period.,,,,,,,,Fee Schedule,"100 % Zero Pay Code. ",,,,,,,,Fee Schedule,"100 % Zero Pay Code. ",,,,,,,,Fee Schedule,"100% ASP Fee Schedule. ",3.642408,30,,,,,0,percent of total billed charges,30 percent of billed charges; No services were performed during the 15 month look back period.,7.284816,60,,,,,0,percent of total billed charges,60 percent of billed charges; No services were performed during the 15 month look back period.,7.284816,60,,,,,0,percent of total billed charges,60 percent of billed charges; No services were performed during the 15 month look back period.,7.284816,60,,,,,0,percent of total billed charges,60 percent of billed charges; No services were performed during the 15 month look back period.,9.470261,78,,,,,0,percent of total billed charges,78% of Billed Charges. Lesser of 100% of billed charges applies.; No services were performed during the 15 month look back period.,9.470261,78,,,,,0,percent of total billed charges,78% of Billed Charges. Lesser of 100% of billed charges applies.; No services were performed during the 15 month look back period.,9.470261,78,,,,,0,percent of total billed charges,78% of Billed Charges. Lesser of 100% of billed charges applies.; No services were performed during the 15 month look back period.,9.470261,78,,,,,0,percent of total billed charges,78% of Billed Charges. Lesser of 100% of billed charges applies.; No services were performed during the 15 month look back period.,9.470261,78,,,,,0,percent of total billed charges,78% of Billed Charges. Lesser of 100% of billed charges applies.; No services were performed during the 15 month look back period.,9.470261,78,,,,,0,percent of total billed charges,78% of Billed Charges. Lesser of 100% of billed charges applies.; No services were performed during the 15 month look back period.,9.470261,78,,,,,0,percent of total billed charges,78% of Billed Charges. Lesser of 100% of billed charges applies.; No services were performed during the 15 month look back period.,9.470261,78,,,,,0,percent of total billed charges,78% of Billed Charges. Lesser of 100% of billed charges applies.; No services were performed during the 15 month look back period.,9.470261,78,,,,,0,percent of total billed charges,78% of Billed Charges. Lesser of 100% of billed charges applies.; No services were performed during the 15 month look back period.,9.470261,78,,,,,0,percent of total billed charges,78% of Billed Charges. Lesser of 100% of billed charges applies.; No services were performed during the 15 month look back period.,9.470261,78,,,,,0,percent of total billed charges,78% of Billed Charges. Lesser of 100% of billed charges applies.; No services were performed during the 15 month look back period.,9.713088,80,,,,,0,percent of total billed charges,80 percent of billed charges; No services were performed during the 15 month look back period.,5.463612,45,,,,,0,percent of total billed charges,45 percent of billed charges; No services were performed during the 15 month look back period.,3.642408,30,,,,,0,percent of total billed charges,30 percent of billed charges; No services were performed during the 15 month look back period.,,,,,,,,Fee Schedule,"100% ASP Fee Schedule. ",7.284816,60,,,,,0,percent of total billed charges,60 percent of billed charges; No services were performed during the 15 month look back period.,3.642408,30,,,,,0,percent of total billed charges,30 percent of billed charges; No services were performed during the 15 month look back period.,3.642408,30,,,,,0,percent of total billed charges,30 percent of billed charges; No services were performed during the 15 month look back period.,9.470261,78,,,,,0,percent of total billed charges,78% of Billed Charges. Lesser of 100% of billed charges applies.; No services were performed during the 15 month look back period.,333.077382,,,,,,,Case Rate,"214 Percent of Medicaid APG. Drugs not priced under APG, billed with revenue code 636 and not priced by Medicare ASP FeeSched will be reimbursed at 20% of charges.",3.642408,30,,,,,0,percent of total billed charges,30 percent of billed charges; No services were performed during the 15 month look back period.,155.643636,,,,,,,Case Rate,"100 Percent of Medicaid APG. ",,,,,,,,Fee Schedule,"100% ASP Fee Schedule. ",,,,,,,,Fee Schedule,"100% ASP Fee Schedule. ",,,,,,,,Fee Schedule,"100% ASP Fee Schedule. ",,,,,,,,Fee Schedule,"100% ASP Fee Schedule. ",,,,,,,,Fee Schedule,"100% ASP Fee Schedule. ",,,,,,,,Fee Schedule,"100% ASP Fee Schedule. ",3.642408,30,,,,,0,percent of total billed charges,30 percent of billed charges; No services were performed during the 15 month look back period.,6.07068,50,,,,,0,percent of total billed charges,50 percent of billed charges; No services were performed during the 15 month look back period.,,,,,,,,Fee Schedule,"157.5 Percent of AWP Fee Schedule. ",,,,,,,,Fee Schedule,"157.5 Percent of AWP Fee Schedule. ",,,,,,,,Fee Schedule,"157.5 Percent of AWP Fee Schedule. ",,,,,,,,Fee Schedule,"157.5 Percent of AWP Fee Schedule. ",,,,,,,,Fee Schedule,"157.5 Percent of AWP Fee Schedule. ",,,,,,,,,"NA. ",6.07068,50,,,,,0,percent of total billed charges,50 percent of billed charges; No services were performed during the 15 month look back period.,,,,,,,,Fee Schedule,141 Percent of of ASP. Drugs billed with revenue code 636 and not priced by Medicare ASP fee schedule will be reimburse at 20 percent of charges,,,,,,,,Fee Schedule,141 Percent of of ASP. Drugs billed with revenue code 636 and not priced by Medicare ASP fee schedule will be reimburse at 20 percent of charges,,,,,,,,Fee Schedule,141 Percent of of ASP. Drugs billed with revenue code 636 and not priced by Medicare ASP fee schedule will be reimburse at 20 percent of charges,,,,,,,,Fee Schedule,141 Percent of of ASP. Drugs billed with revenue code 636 and not priced by Medicare ASP fee schedule will be reimburse at 20 percent of charges,,,,,,,,Fee Schedule,141 Percent of of ASP. Drugs billed with revenue code 636 and not priced by Medicare ASP fee schedule will be reimburse at 20 percent of charges,,,,,,,,Fee Schedule,"100% ASP Fee Schedule. ",9.713088,80,,,,,0,percent of total billed charges,80 percent of billed charges; No services were performed during the 15 month look back period.,9.713088,80,,,,,0,percent of total billed charges,80 percent of billed charges; No services were performed during the 15 month look back period.,9.713088,80,,,,,0,percent of total billed charges,80 percent of billed charges; No services were performed during the 15 month look back period.,9.713088,80,,,,,0,percent of total billed charges,80 percent of billed charges; No services were performed during the 15 month look back period.,7.284816,60,,,,,0,percent of total billed charges,60 percent of billed charges; No services were performed during the 15 month look back period.,7.284816,60,,,,,0,percent of total billed charges,60 percent of billed charges; No services were performed during the 15 month look back period.,7.284816,60,,,,,0,percent of total billed charges,60 percent of billed charges; No services were performed during the 15 month look back period.,7.284816,60,,,,,0,percent of total billed charges,60 percent of billed charges; No services were performed during the 15 month look back period.,6.07068,50,,,,,0,percent of total billed charges,50 percent of billed charges; No services were performed during the 15 month look back period.,6.07068,50,,,,,0,percent of total billed charges,50 percent of billed charges; No services were performed during the 15 month look back period.,,,,,,,,Fee Schedule,"100% ASP Fee Schedule. ",,,,,,,,Fee Schedule,"100% ASP Fee Schedule. ",,,,,,,,Fee Schedule,"100% ASP Fee Schedule. ",5.463612,45,,,,,0,percent of total billed charges,45 percent of billed charges; No services were performed during the 15 month look back period.,5.463612,45,,,,,0,percent of total billed charges,45 percent of billed charges; No services were performed during the 15 month look back period.,5.463612,45,,,,,0,percent of total billed charges,45 percent of billed charges; No services were performed during the 15 month look back period.,6.07068,50,,,,,0,percent of total billed charges,50 percent of billed charges; No services were performed during the 15 month look back period.,7.284816,60,,,,,0,percent of total billed charges,60 percent of billed charges; No services were performed during the 15 month look back period.,,,,,,,,Fee Schedule,"100% ASP Fee Schedule. ",5.463612,45,,,,,0,percent of total billed charges,45 percent of billed charges; No services were performed during the 15 month look back period.,155.643636,,,,,,,Case Rate,"100 Percent of Medicaid APG. ",,,,,,,,Fee Schedule,"100% of ASP Fee Schedule. ",,,,,,,,Fee Schedule,"100% of ASP Fee Schedule. ",,,,,,,,Fee Schedule,"100% of ASP Fee Schedule. ",155.643636,,,,,,,Case rate,"100 Percent of Medicaid APG. ",350.198182,,,,,,,Case Rate,225% of NYS APG. Lesser of 100% of billed charges applies.,350.198182,,,,,,,Case Rate,225% of NYS APG. Lesser of 100% of billed charges applies.,350.198182,,,,,,,Case Rate,225% of NYS APG. Lesser of 100% of billed charges applies.,350.198182,,,,,,,Case Rate,225% of NYS APG. Lesser of 100% of billed charges applies.,350.198182,,,,,,,Case Rate,225% of NYS APG. Lesser of 100% of billed charges applies.,,,,,,,,Fee Schedule,"100% of ASP Fee Schedule. ",155.643636,,,,,,,Case Rate,"100 Percent of Medicaid APG. ",0.739,,,,,,,Fee Schedule,100 Percent of ASP if not priced then 95 Percent of AWP. Lesser of 100% of billed charges applies.,350.198182,,,,,,,Case Rate,225% of NYS APG. Lesser of 100% of billed charges applies.,350.198182,,,,,,,Case Rate,225% of NYS APG. Lesser of 100% of billed charges applies.,0.739,,,,,,,Fee Schedule,100 Percent of ASP if not priced then 95 Percent of AWP. Lesser of 100% of billed charges applies.,0.739,,,,,,,Fee Schedule,100 Percent of ASP if not priced then 95 Percent of AWP. Lesser of 100% of billed charges applies.,,,,,,,,Fee Schedule,"157.5 Percent of AWP Fee Schedule. ",,,,,,,,Fee Schedule,"100% ASP Fee Schedule. ",,,,,,,,Fee Schedule,"100% ASP Fee Schedule. ",7.284816,60,,,,,0,percent of total billed charges,60 percent of billed charges; No services were performed during the 15 month look back period.,,,,,,,,Fee Schedule,"100% ASP Fee Schedule. ",350.198182,,,,,,,Case Rate,"225 Percent of Medicaid APG. ",350.198182,,,,,,,Case Rate,"225 Percent of Medicaid APG. ",155.643636,,,,,,,Case rate,"100 Percent of Medicaid APG. ",155.643636,,,,,,,Case rate,"100 Percent of Medicaid APG. ",,,,,,,,Fee Schedule,"115 Percent of AWP. ",4.83,,,,,,,Fee schedule,"115 Percent of AWP Fee Schedule. ",350.198182,,,,,,,Case Rate,"100 Percent of Medicaid APG. ",350.198182,,,,,,,Case Rate,"100 Percent of Medicaid APG. ",350.198182,,,,,,,Case Rate,"100 Percent of Medicaid APG. ",350.198182,,,,,,,Case Rate,"100 Percent of Medicaid APG. ",5.463612,45,,,,,0,percent of total billed charges,45 percent of billed charges; No services were performed during the 15 month look back period.,6.07068,50,,,,,0,percent of total billed charges,50 percent of billed charges; No services were performed during the 15 month look back period.,186.772364,,,,,,,Case Rate,"120 Percent of Medicaid APG. Not APG payable, or payable under another fee schedule like ASP/AWP pays at 30% of charges",186.772364,,,,,,,Case Rate,"120 Percent of Medicaid APG. Not APG payable, or payable under another fee schedule like ASP/AWP pays at 30% of charges",155.643636,,,,,,,Case Rate,"100 Percent of Medicaid APG. Not APG payable, or payable under another fee schedule like ASP/AWP pays at 30% of charges",155.643636,,,,,,,Case Rate,"100 Percent of Medicaid APG. Not APG payable, or payable under another fee schedule like ASP/AWP pays at 30% of charges",5.463612,45,,,,,0,percent of total billed charges,45 percent of billed charges; No services were performed during the 15 month look back period.,5.463612,45,,,,,0,percent of total billed charges,45 percent of billed charges; No services were performed during the 15 month look back period.,,,,,,,,Fee Schedule,"100% ASP Fee Schedule. ",5.463612,45,,,,,0,percent of total billed charges,45 percent of billed charges; No services were performed during the 15 month look back period.,5.463612,45,,,,,0,percent of total billed charges,45 percent of billed charges; No services were performed during the 15 month look back period.,5.463612,45,,,,,0,percent of total billed charges,45 percent of billed charges; No services were performed during the 15 month look back period.,5.463612,45,,,,,0,percent of total billed charges,45 percent of billed charges; No services were performed during the 15 month look back period.,,,,,,,,Fee Schedule,"100% ASP Fee Schedule. ",5.463612,45,,,,,0,percent of total billed charges,45 percent of billed charges; No services were performed during the 15 month look back period.,5.463612,45,,,,,0,percent of total billed charges,45 percent of billed charges; No services were performed during the 15 month look back period.,7.284816,60,,,,,0,percent of total billed charges,60 percent of billed charges; No services were performed during the 15 month look back period.,155.643636,,,,,,,Fee Schedule,100% APG. Lesser of 100% of billed charges applies.,4.83,,,,,,,Fee schedule,"115 Percent of AWP Fee Schedule. ",350.198182,,,,,,,Case Rate,225% of NYS APG. Lesser of 100% of billed charges applies.,,,,,,,,Fee Schedule,"115 Percent of AWP. ",4.83,,,,,,,Fee schedule,"115 Percent of AWP Fee Schedule. ",350.198182,,,,,,,Case Rate,225% of NYS APG. Lesser of 100% of billed charges applies.,350.198182,,,,,,,Case Rate,225% of NYS APG. Lesser of 100% of billed charges applies.,350.198182,,,,,,,Case Rate,225% of NYS APG. Lesser of 100% of billed charges applies.,350.198182,,,,,,,Case Rate,225% of NYS APG. Lesser of 100% of billed charges applies.,350.198182,,,,,,,Case Rate,225% of NYS APG. Lesser of 100% of billed charges applies.,350.198182,,,,,,,Case Rate,225% of NYS APG. Lesser of 100% of billed charges applies.,,,,,,,,,"NA. ",,,,,,,,,"NA. ",,,,,,,,,"NA. ",3.642408,30,,,,,0,percent of total billed charges,30 percent of billed charges; No services were performed during the 15 month look back period.,,,,,,,,,"NA. ",,,,,,,,Fee Schedule,"100% ASP Fee Schedule. ",0.95,,,,,,,Fee Schedule,"100 % 1199 Fee Schedule. ",,,,,,,,Fee Schedule,"100% ASP Fee Schedule. ",,,,,,,,Fee Schedule,"100% ASP Fee Schedule. ",186.772364,,,,,,,Case Rate,"120 Percent of Medicaid APG. Not APG payable, or payable under another fee schedule like ASP/AWP pays at 30% of charges",186.772364,,,,,,,Case Rate,"120 Percent of Medicaid APG. Not APG payable, or payable under another fee schedule like ASP/AWP pays at 30% of charges",155.643636,,,,,,,Case Rate,"100 Percent of Medicaid APG. Not APG payable, or payable under another fee schedule like ASP/AWP pays at 30% of charges",155.643636,,,,,,,Case Rate,"100 Percent of Medicaid APG. Not APG payable, or payable under another fee schedule like ASP/AWP pays at 30% of charges",155.643636,,,,,,,Case Rate,"100 Percent of Medicaid APG. ",8.863193,73,,,,,0,percent of total billed charges,73 percent of billed charges; No services were performed during the 15 month look back period.,7.284816,60,,,,,0,percent of total billed charges,60 percent of billed charges; No services were performed during the 15 month look back period.,8.863193,73,,,,,0,percent of total billed charges,73 percent of billed charges; No services were performed during the 15 month look back period.,3.642408,30,,,,,0,percent of total billed charges,30 percent of billed charges; No services were performed during the 15 month look back period.,,,,,,,,Fee Schedule,"100% ASP Fee Schedule. ",,,,,,,,Fee Schedule,"100% ASP Fee Schedule. ",,,,,,,,Fee Schedule,"100% ASP Fee Schedule. ",,,,,,,,Fee Schedule,"100% ASP Fee Schedule. ",,,,,,,,Fee Schedule,"100% ASP Fee Schedule. ",,,,,,,,Fee Schedule,"100% ASP Fee Schedule. ",,,,,,,,,"NA. ",350.198182,,,,,,,Case Rate,225% of NYS APG. Lesser of 100% of billed charges applies.,0.739,,,,,,,Fee Schedule,100 Percent of ASP if not priced then 95 Percent of AWP. Lesser of 100% of billed charges applies.,5.463612,45,,,,,0,percent of total billed charges,45 percent of billed charges; No services were performed during the 15 month look back period.,8.863193,73,,,,,0,percent of total billed charges,73 percent of billed charges; No services were performed during the 15 month look back period.,8.863193,73,,,,,0,percent of total billed charges,73 percent of billed charges; No services were performed during the 15 month look back period.,8.863193,73,,,,,0,percent of total billed charges,73 percent of billed charges; No services were performed during the 15 month look back period.,8.863193,73,,,,,0,percent of total billed charges,73 percent of billed charges; No services were performed during the 15 month look back period.,,,,,,,,Fee Schedule,"100% ASP Fee Schedule. ",155.643636,,,,,,,Case Rate,"100 Percent of Medicaid APG. ",5.463612,45,,,,,0,percent of total billed charges,45 percent of billed charges; No services were performed during the 15 month look back period.,155.643636,,,,,,,Case Rate,"100 Percent of Medicaid APG. ",,,,,,,,Fee Schedule,"100% ASP Fee Schedule. ",155.643636,,,,,,,Case Rate,"100 Percent of Medicaid APG. ",,,,,,,,Fee Schedule,"100% ASP Fee Schedule. ",,,,,,,,Fee Schedule,"100% ASP Fee Schedule. ",155.643636,,,,,,,Case Rate,"100 Percent of Medicaid APG. ",155.643636,,,,,,,Case Rate,"100 Percent of Medicaid APG. ",8.863193,73,,,,,0,percent of total billed charges,73 percent of billed charges; No services were performed during the 15 month look back period.,3.642408,30,,,,,0,percent of total billed charges,30 percent of billed charges; No services were performed during the 15 month look back period.,9.470261,78,,,,,0,percent of total billed charges,78% of Billed Charges. Lesser of 100% of billed charges applies.; No services were performed during the 15 month look back period.,,,,,,,,Fee Schedule,"100 % Zero Pay Code. ",,,,,,,,Fee Schedule,"100 % Zero Pay Code. ",7.284816,60,,,,,0,percent of total billed charges,60 percent of billed charges; No services were performed during the 15 month look back period.,,,,,,,,Fee Schedule,"100% of AWP Fee Schedule. ",9.713088,80,,,,,0,percent of total billed charges,80 percent of billed charges; No services were performed during the 15 month look back period.,9.713088,80,,,,,0,percent of total billed charges,80 percent of billed charges; No services were performed during the 15 month look back period.,4.37089,36,,,,,0,percent of total billed charges,36 percent of billed charges; No services were performed during the 15 month look back period.,4.37089,36,,,,,0,percent of total billed charges,36 percent of billed charges; No services were performed during the 15 month look back period.,,,,,,,,Fee Schedule,"100% ASP Fee Schedule. ",,,,,,,,Fee Schedule,"100% ASP Fee Schedule. ",,,,,,,,Fee Schedule,"100% ASP Fee Schedule. ",,,,,,,,Fee Schedule,"100% ASP Fee Schedule. ",,,,,,,,Fee Schedule,"100 % Zero Pay Code. ",5.463612,45,,,,,0,percent of total billed charges,45 percent of billed charges; No services were performed during the 15 month look back period.,5.463612,45,,,,,0,percent of total billed charges,45 percent of billed charges; No services were performed during the 15 month look back period.,,,,,,,,Fee Schedule,"100% ASP Fee Schedule. ",4.37089,36,,,,,0,percent of total billed charges,36 percent of billed charges; No services were performed during the 15 month look back period.,8.863193,73,,,,,0,percent of total billed charges,73 percent of billed charges; No services were performed during the 15 month look back period.,186.772364,,,,,,,Fee Schedule,"120 Percent of Medicaid APG. ",155.643636,,,,,,,Case Rate,"100 Percent of Medicaid APG. ",8.863193,73,,,,,0,percent of total billed charges,73 percent of billed charges; No services were performed during the 15 month look back period.,4.917251,40.5,,,,,0,percent of total billed charges,40.5 percent of billed charges; No services were performed during the 15 month look back period.,4.917251,40.5,,,,,0,percent of total billed charges,40.5 percent of billed charges; No services were performed during the 15 month look back period.,5.463612,45,,,,,0,percent of total billed charges,45 percent of billed charges; No services were performed during the 15 month look back period.,6.07068,50,,,,,0,percent of total billed charges,50 percent of billed charges; No services were performed during the 15 month look back period.,,,,,,,,Fee Schedule,"100% ASP Fee Schedule. ",163.425818,,,,,,,Fee Schedule,105 percent of Medicaid APG. otherwise 105% of Ordered NYS MCD FS or 105% of ASP+6%,163.425818,,,,,,,Fee Schedule,105 percent of Medicaid APG. otherwise 105% of Ordered NYS MCD FS or 105% of ASP+6%,163.425818,,,,,,,Fee Schedule,105 percent of Medicaid APG. otherwise 105% of Ordered NYS MCD FS or 105% of ASP+6%,210.118909,,,,,,,Fee Schedule,135 percent of Medicaid APG. otherwise 135% of Ordered NYS MCD FS or 135% of ASP+6%,,,,,,,,Fee Schedule,"100 % Zero Pay Code. ",163.425818,,,,,,,Fee Schedule,105 percent of Medicaid APG. otherwise 105% of Ordered NYS MCD FS or 105% of ASP+6%,163.425818,,,,,,,Fee Schedule,105 percent of Medicaid APG. otherwise 105% of Ordered NYS MCD FS or 105% of ASP+6%,163.425818,,,,,,,Fee Schedule,105 percent of Medicaid APG. otherwise 105% of Ordered NYS MCD FS or 105% of ASP+6%,163.425818,,,,,,,Fee Schedule,105 percent of Medicaid APG. otherwise 105% of Ordered NYS MCD FS or 105% of ASP+6%,163.425818,,,,,,,Fee Schedule,105 percent of Medicaid APG. otherwise 105% of Ordered NYS MCD FS or 105% of ASP+6%,210.118909,,,,,,,Fee Schedule,135 percent of Medicaid APG. otherwise 135% of Ordered NYS MCD FS or 135% of ASP+6%,210.118909,,,,,,,Fee Schedule,135 percent of Medicaid APG. otherwise 135% of Ordered NYS MCD FS or 135% of ASP+6%,,,,,,,,Fee Schedule,"100% ASP Fee Schedule. ",,,,,,,,Fee Schedule,"100 % Zero Pay Code. ",,,,,,,,Fee Schedule,"100% ASP Fee Schedule. ",163.425818,,,,,,,Fee Schedule,105 percent of Medicaid APG. otherwise 105% of Ordered NYS MCD FS or 105% of ASP+6%,5.463612,45,,,,,0,percent of total billed charges,45 percent of billed charges; No services were performed during the 15 month look back period.,,,,,,,,Fee Schedule,"100% ASP Fee Schedule. ",5.463612,45,,,,,0,percent of total billed charges,45 percent of billed charges; No services were performed during the 15 month look back period.,5.463612,45,,,,,0,percent of total billed charges,45 percent of billed charges; No services were performed during the 15 month look back period.,5.463612,45,,,,,0,percent of total billed charges,45 percent of billed charges; No services were performed during the 15 month look back period.,163.425818,,,,,,,Fee Schedule,105 percent of Medicaid APG. otherwise 105% of Ordered NYS MCD FS or 105% of ASP+6%,,,,,,,,Fee Schedule,"100% ASP Fee Schedule. ",5.463612,45,,,,,0,percent of total billed charges,45 percent of billed charges; No services were performed during the 15 month look back period.,210.118909,,,,,,,Fee Schedule,135 percent of Medicaid APG. otherwise 135% of Ordered NYS MCD FS or 135% of ASP+6%,5.463612,45,,,,,0,percent of total billed charges,45 percent of billed charges; No services were performed during the 15 month look back period.,3.642408,30,,,,,0,percent of total billed charges,30% of Charges. ; No services were performed during the 15 month look back period.,,,,,,,,Fee Schedule,"100% ASP Fee Schedule. ",8.863193,73,,,,,0,percent of total billed charges,73 percent of billed charges; No services were performed during the 15 month look back period.,8.863193,73,,,,,0,percent of total billed charges,73 percent of billed charges; No services were performed during the 15 month look back period.,8.863193,73,,,,,0,percent of total billed charges,73 percent of billed charges; No services were performed during the 15 month look back period.,8.863193,73,,,,,0,percent of total billed charges,73 percent of billed charges; No services were performed during the 15 month look back period.,8.863193,73,,,,,0,percent of total billed charges,73 percent of billed charges; No services were performed during the 15 month look back period.,8.863193,73,,,,,0,percent of total billed charges,73 percent of billed charges; No services were performed during the 15 month look back period.,8.863193,73,,,,,0,percent of total billed charges,73 percent of billed charges; No services were performed during the 15 month look back period.,8.863193,73,,,,,0,percent of total billed charges,73 percent of billed charges; No services were performed during the 15 month look back period.,8.863193,73,,,,,0,percent of total billed charges,73 percent of billed charges; No services were performed during the 15 month look back period.,8.863193,73,,,,,0,percent of total billed charges,73 percent of billed charges; No services were performed during the 15 month look back period.,8.863193,73,,,,,0,percent of total billed charges,73 percent of billed charges; No services were performed during the 15 month look back period.,8.863193,73,,,,,0,percent of total billed charges,73 percent of billed charges; No services were performed during the 15 month look back period.,,,,,,,,Fee Schedule,"100% ASP Fee Schedule. ",8.863193,73,,,,,0,percent of total billed charges,73 percent of billed charges; No services were performed during the 15 month look back period.,,,,,,,,Fee Schedule,"100% ASP Fee Schedule. ",350.198182,,,,,,,Case Rate,"225 Percent of Medicaid APG. If not included in Medicaid APG, then 100 Percent of Manhattan Medicare",155.643636,,,,,,,Case Rate,"100 Percent of Medicaid APG. ",,,,,,,,Fee Schedule,"100 % Zero Pay Code. ",,,,,,,,Fee Schedule,"100 % Zero Pay Code. ",,,,,,,,Fee Schedule,"100% ASP Fee Schedule. ",9.713088,80,,,,,0,percent of total billed charges,80 percent of billed charges; No services were performed during the 15 month look back period.,,,,,,,,Fee Schedule,"100% ASP Fee Schedule. ",,,,,,,,Fee Schedule,"100% ASP Fee Schedule. ",7.284816,60,,,,,0,percent of total billed charges,60 percent of billed charges; No services were performed during the 15 month look back period.,,,,,,,,Fee Schedule,"100% ASP Fee Schedule. ",3.642408,30,,,,,0,percent of total billed charges,30 percent of billed charges; No services were performed during the 15 month look back period.,,,,,,,,Fee Schedule,"100% ASP Fee Schedule. ",3.642408,30,,,,,0,percent of total billed charges,30 percent of billed charges; No services were performed during the 15 month look back period.,7.284816,60,,,,,0,percent of total billed charges,60 percent of billed charges; No services were performed during the 15 month look back period.,3.642408,30,,,,,0,percent of total billed charges,30 percent of billed charges; No services were performed during the 15 month look back period.,,,,,,,,Fee Schedule,"100% ASP Fee Schedule. ",155.643636,,,,,,,Case Rate,"100 Percent of Medicaid APG. ",,,,,,,,Fee Schedule,"100% ASP Fee Schedule. ",3.642408,30,,,,,0,percent of total billed charges,30 percent of billed charges; No services were performed during the 15 month look back period.,,,,,,,,Fee Schedule,"100 % Zero Pay Code. ",155.643636,,,,,,,Case Rate,"100 Percent of Medicaid APG. ",5.463612,45,,,,,0,percent of total billed charges,45 percent of billed charges; No services were performed during the 15 month look back period.,186.772364,,,,,,,Fee Schedule,"120 Percent of Medicaid APG. ",186.772364,,,,,,,Fee Schedule,"120 Percent of Medicaid APG. ",5.463612,45,,,,,0,percent of total billed charges,45 percent of billed charges; No services were performed during the 15 month look back period.,5.463612,45,,,,,0,percent of total billed charges,45 percent of billed charges; No services were performed during the 15 month look back period.,5.463612,45,,,,,0,percent of total billed charges,45 percent of billed charges; No services were performed during the 15 month look back period.,,,,,,,,Fee Schedule,"100 % Zero Pay Code. ",5.463612,45,,,,,0,percent of total billed charges,45 percent of billed charges; No services were performed during the 15 month look back period.,5.463612,45,,,,,0,percent of total billed charges,45 percent of billed charges; No services were performed during the 15 month look back period.,5.463612,45,,,,,0,percent of total billed charges,45 percent of billed charges; No services were performed during the 15 month look back period.,8.863193,73,,,,,0,percent of total billed charges,73 percent of billed charges; No services were performed during the 15 month look back period.,8.863193,73,,,,,0,percent of total billed charges,73 percent of billed charges; No services were performed during the 15 month look back period.,,,,,,,,Fee Schedule,141 Percent of of ASP. Drugs billed with revenue code 636 and not priced by Medicare ASP fee schedule will be reimburse at 20 percent of charges,155.643636,,,,,,,Case Rate,"100 Percent of Medicaid APG. ",,,,,,,,Fee Schedule,"100 % Zero Pay Code. ",3.642408,30,,,,,0,percent of total billed charges,30 percent of billed charges; No services were performed during the 15 month look back period.,7.284816,60,,,,,0,percent of total billed charges,60 percent of billed charges; No services were performed during the 15 month look back period.,,,,,,,,Fee Schedule,"100 % Zero Pay Code. ",7.284816,60,,,,,0,percent of total billed charges,60 percent of billed charges; No services were performed during the 15 month look back period.,,,,,,,,Fee Schedule,"100 % Zero Pay Code. ",5.463612,45,,,,,0,percent of total billed charges,45 percent of billed charges; No services were performed during the 15 month look back period.,5.463612,45,,,,,0,percent of total billed charges,45 percent of billed charges; No services were performed during the 15 month look back period.,5.463612,45,,,,,0,percent of total billed charges,45 percent of billed charges; No services were performed during the 15 month look back period.,5.463612,45,,,,,0,percent of total billed charges,45 percent of billed charges; No services were performed during the 15 month look back period.,,,,,,,,Fee Schedule,"100% ASP Fee Schedule. ",0.739,350.198182,
J1100,HCPCS,,,490,RC,DEXAMETHASONE SODIUM PHOS,,,both,,,,0.09,,,,,,,Fee Schedule,"100 % 1199 Fee Schedule. ",0.09,,,,,,,Fee Schedule,"100 % 1199 Fee Schedule. ",,60,,,,,0,percent of total billed charges,60 percent of billed charges; No services were performed during the 15 month look back period.,,100,,,,,0,percent of total billed charges,100 percent of billed charges. ; No services were performed during the 15 month look back period.,,,,,,,,Other,"Not Payable. ",,60,,,,,0,percent of total billed charges,60 percent of billed charges; No services were performed during the 15 month look back period.,,60,,,,,0,percent of total billed charges,60 percent of billed charges; No services were performed during the 15 month look back period.,,60,,8125,8125,8125,1 through 10,percent of total billed charges,60 percent of billed charges,,,,,,,,Other,"100 Percent of Medicaid APG. ",,,,,,,,Other,"100 Percent of Medicaid APG. ",,78,,,,,0,percent of total billed charges,78% of Billed Charges. Lesser of 100% of billed charges applies.; No services were performed during the 15 month look back period.,,,,,,,,Fee Schedule,"100 % Zero Pay Code. ",,,,,,,,Other,"100 Percent of Medicaid APG. ",,,,,,,,Other,"Not Payable. ",6487,,,,,,,Case Rate,". MPL 100/50/25% maxmium of 3 procedures. All add ons apply, and lesser of 100% of billed charges",6487,,,,,,,Case Rate,". MPL 100/50/25% maxmium of 3 procedures. All add ons apply, and lesser of 100% of billed charges",6487,,,,,,,Case Rate,". MPL 100/50/25% maxmium of 3 procedures. All add ons apply, and lesser of 100% of billed charges",6487,,,,,,,Case Rate,". MPL 100/50/25% maxmium of 3 procedures. All add ons apply, and lesser of 100% of billed charges",0.29,,,,,,,Fee schedule,"115 Percent of AWP Fee Schedule. ",,,,,,,,Other,"Not Payable. ",0.29,,,,,,,Fee schedule,"115 Percent of AWP Fee Schedule. ",,78,,,,,0,percent of total billed charges,78% of Billed Charges. Lesser of 100% of billed charges applies.; No services were performed during the 15 month look back period.,,60,,,,,0,percent of total billed charges,60 percent of billed charges; No services were performed during the 15 month look back period.,,,,,,,,Other,"Not Payable. ",8427,,,,,,,Case Rate,". Primary procedure pays at 100%, all subsequent at 50%.",,,,,,,,Other,"Not Payable. ",,,,,,,,Other,"Not Payable. ",,78,,,,,0,percent of total billed charges,78% of Billed Charges. Lesser of 100% of billed charges applies.; No services were performed during the 15 month look back period.,0.12,,,,,,,Fee Schedule,100 Percent of ASP if not priced then 95 Percent of AWP. Lesser of 100% of billed charges applies.,0.12,,,,,,,Fee Schedule,100 Percent of ASP if not priced then 95 Percent of AWP. Lesser of 100% of billed charges applies.,0.11,,,,,,,Fee schedule,"95 Percent of ASP. ",0.11,,,,,,,Fee schedule,"95 Percent of ASP. ",8427,,,,,,,Case Rate,". Primary procedure pays at 100%, all subsequent at 50%.",8427,,,,,,,Case Rate,". Primary procedure pays at 100%, all subsequent at 50%.",,,,,,,,Other,"100 Percent of Medicaid APG. Not APG payable, or payable under another fee schedule like ASP/AWP pays at 30% of charges",8427,,,,,,,Case Rate,". Primary procedure pays at 100%, all subsequent at 50%.",,,,,,,,Other,"100 Percent of Medicaid APG. Not APG payable, or payable under another fee schedule like ASP/AWP pays at 30% of charges",,,,,,,,Other,"Not Payable. ",8427,,,,,,,Case Rate,". Primary procedure pays at 100%, all subsequent at 50%.",,78,,,,,0,percent of total billed charges,78% of Billed Charges. Lesser of 100% of billed charges applies.; No services were performed during the 15 month look back period.,,,,,,,,Other,"106 percent of Average Sales Price.. Drugs not priced under APG, billed with revenue code 636 and not priced by Medicare ASP FeeSched will be reimbursed at 20% of charges.",,,,,,,,Other,"106 percent of Average Sales Price.. Drugs not priced under APG, billed with revenue code 636 and not priced by Medicare ASP FeeSched will be reimbursed at 20% of charges.",,78,,,,,0,percent of total billed charges,78% of Billed Charges. Lesser of 100% of billed charges applies.; No services were performed during the 15 month look back period.,6487,,,,,,,Case Rate,". MPL 100/50/25% maxmium of 3 procedures. All add ons apply, and lesser of 100% of billed charges",,,,,,,,Fee Schedule,"100 % Zero Pay Code. ",,,,,,,,Fee Schedule,"100 % Zero Pay Code. ",,78,,,,,0,percent of total billed charges,78% of Billed Charges. Lesser of 100% of billed charges applies.; No services were performed during the 15 month look back period.,,,,,,,,Other,"Not Payable. ",,,,,,,,Fee Schedule,"100 % Zero Pay Code. ",,,,,,,,Fee Schedule,"100 % Zero Pay Code. ",,,,,,,,Fee Schedule,"100 % Zero Pay Code. ",,,,,,,,Other,"Not Payable. ",,,,,,,,Fee Schedule,"100 % Zero Pay Code. ",,,,,,,,Fee Schedule,"100 % Zero Pay Code. ",,,,,,,,Other,"Not Payable. ",25798,,,,,,,Case Rate,". MPL 100/75/50% all add ons apply, and lesser of 100% of billed charges",,65,,,,,0,percent of total billed charges,65 percent of billed charges; No services were performed during the 15 month look back period.,,65,,,,,0,percent of total billed charges,65 percent of billed charges; No services were performed during the 15 month look back period.,,65,,,,,0,percent of total billed charges,65 percent of billed charges; No services were performed during the 15 month look back period.,,65,,,,,0,percent of total billed charges,65 percent of billed charges; No services were performed during the 15 month look back period.,,65,,,,,0,percent of total billed charges,65 percent of billed charges; No services were performed during the 15 month look back period.,,65,,,,,0,percent of total billed charges,65 percent of billed charges; No services were performed during the 15 month look back period.,,,,,,,,Other,"Not Payable. ",,,,,,,,Other,"Not Payable. ",,65,,,,,0,percent of total billed charges,65 percent of billed charges; No services were performed during the 15 month look back period.,,78,,,,,0,percent of total billed charges,78% of Billed Charges. Lesser of 100% of billed charges applies.; No services were performed during the 15 month look back period.,,78,,,,,0,percent of total billed charges,78% of Billed Charges. Lesser of 100% of billed charges applies.; No services were performed during the 15 month look back period.,,78,,,,,0,percent of total billed charges,78% of Billed Charges. Lesser of 100% of billed charges applies.; No services were performed during the 15 month look back period.,,78,,,,,0,percent of total billed charges,78% of Billed Charges. Lesser of 100% of billed charges applies.; No services were performed during the 15 month look back period.,,78,,,,,0,percent of total billed charges,78% of Billed Charges. Lesser of 100% of billed charges applies.; No services were performed during the 15 month look back period.,,78,,,,,0,percent of total billed charges,78% of Billed Charges. Lesser of 100% of billed charges applies.; No services were performed during the 15 month look back period.,,78,,,,,0,percent of total billed charges,78% of Billed Charges. Lesser of 100% of billed charges applies.; No services were performed during the 15 month look back period.,,78,,,,,0,percent of total billed charges,78% of Billed Charges. Lesser of 100% of billed charges applies.; No services were performed during the 15 month look back period.,,78,,,,,0,percent of total billed charges,78% of Billed Charges. Lesser of 100% of billed charges applies.; No services were performed during the 15 month look back period.,,78,,,,,0,percent of total billed charges,78% of Billed Charges. Lesser of 100% of billed charges applies.; No services were performed during the 15 month look back period.,,78,,,,,0,percent of total billed charges,78% of Billed Charges. Lesser of 100% of billed charges applies.; No services were performed during the 15 month look back period.,,78,,,,,0,percent of total billed charges,78% of Billed Charges. Lesser of 100% of billed charges applies.; No services were performed during the 15 month look back period.,,78,,,,,0,percent of total billed charges,78% of Billed Charges. Lesser of 100% of billed charges applies.; No services were performed during the 15 month look back period.,,78,,,,,0,percent of total billed charges,78% of Billed Charges. Lesser of 100% of billed charges applies.; No services were performed during the 15 month look back period.,,78,,,,,0,percent of total billed charges,78% of Billed Charges. Lesser of 100% of billed charges applies.; No services were performed during the 15 month look back period.,,78,,,,,0,percent of total billed charges,78% of Billed Charges. Lesser of 100% of billed charges applies.; No services were performed during the 15 month look back period.,,78,,,,,0,percent of total billed charges,78% of Billed Charges. Lesser of 100% of billed charges applies.; No services were performed during the 15 month look back period.,,78,,,,,0,percent of total billed charges,78% of Billed Charges. Lesser of 100% of billed charges applies.; No services were performed during the 15 month look back period.,,78,,,,,0,percent of total billed charges,78% of Billed Charges. Lesser of 100% of billed charges applies.; No services were performed during the 15 month look back period.,,78,,,,,0,percent of total billed charges,78% of Billed Charges. Lesser of 100% of billed charges applies.; No services were performed during the 15 month look back period.,,78,,,,,0,percent of total billed charges,78% of Billed Charges. Lesser of 100% of billed charges applies.; No services were performed during the 15 month look back period.,,78,,,,,0,percent of total billed charges,78% of Billed Charges. Lesser of 100% of billed charges applies.; No services were performed during the 15 month look back period.,,78,,,,,0,percent of total billed charges,78% of Billed Charges. Lesser of 100% of billed charges applies.; No services were performed during the 15 month look back period.,,78,,,,,0,percent of total billed charges,78% of Billed Charges. Lesser of 100% of billed charges applies.; No services were performed during the 15 month look back period.,,78,,,,,0,percent of total billed charges,78% of Billed Charges. Lesser of 100% of billed charges applies.; No services were performed during the 15 month look back period.,,78,,,,,0,percent of total billed charges,78% of Billed Charges. Lesser of 100% of billed charges applies.; No services were performed during the 15 month look back period.,8427,,,,,,,Case Rate,". Primary procedure pays at 100%, all subsequent at 50%.",8427,,,,,,,Case Rate,". Primary procedure pays at 100%, all subsequent at 50%.",8427,,,,,,,Case Rate,". Primary procedure pays at 100%, all subsequent at 50%.",8427,,,,,,,Case Rate,". Primary procedure pays at 100%, all subsequent at 50%.",12574,,,,,,,Case Rate,". Primary procedure pays at 100%, all subsequent at 50%.",12574,,,,,,,Case Rate,". Primary procedure pays at 100%, all subsequent at 50%.",6487,,,,,,,Case Rate,". MPL 100/50/25% maxmium of 3 procedures. All add ons apply, and lesser of 100% of billed charges",,65,,,,,0,percent of total billed charges,65 percent of billed charges; No services were performed during the 15 month look back period.,,,,,,,,Fee Schedule,"100 % Zero Pay Code. ",,65,,,,,0,percent of total billed charges,65 percent of billed charges; No services were performed during the 15 month look back period.,,78,,,,,0,percent of total billed charges,78% of Billed Charges. Lesser of 100% of billed charges applies.; No services were performed during the 15 month look back period.,12574,,,,,,,Case Rate,". Primary procedure pays at 100%, all subsequent at 50%.",,65,,,,,0,percent of total billed charges,65 percent of billed charges; No services were performed during the 15 month look back period.,,,,,,,,Fee Schedule,"100 % Zero Pay Code. ",6487,,,,,,,Case Rate,". MPL 100/50/25% maxmium of 3 procedures. All add ons apply, and lesser of 100% of billed charges",,,,,,,,,"NA. ",,78,,,,,0,percent of total billed charges,78% of Billed Charges. Lesser of 100% of billed charges applies.; No services were performed during the 15 month look back period.,,,,,,,,Other,"100 Percent of Medicaid APG. ",8427,,,,,,,Case Rate,". Primary procedure pays at 100%, all subsequent at 50%.",,,,,,,,Other,"100 Percent of Medicaid APG. Not APG payable, or payable under another fee schedule like ASP/AWP pays at 30% of charges",,,,,,,,Other,"Not Payable. ",,,,,,,,Other,"Not Payable. ",25798,,,,,,,Case Rate,". MPL 100/75/50% all add ons apply, and lesser of 100% of billed charges",,,,,,,,Other,"Not Payable. ",,,,,,,,Other,"Not Payable. ",,,,,,,,Other,"100 Percent of Medicaid APG. ",,,,,,,,Other,"Not Payable. ",,,,,,,,Other,"Not Payable. ",,60,,,,,0,percent of total billed charges,60 percent of billed charges; No services were performed during the 15 month look back period.,,60,,,,,0,percent of total billed charges,60 percent of billed charges; No services were performed during the 15 month look back period.,,,,,,,,Other,"Not Payable. ",6487,,,,,,,Case Rate,". MPL 100/50/25% maxmium of 3 procedures. All add ons apply, and lesser of 100% of billed charges",,,,,,,,Fee Schedule,"100 % Zero Pay Code. ",,,,,,,,Fee Schedule,"100 % Zero Pay Code. ",,,,,,,,Other,"Not Payable. ",6487,,,,,,,Case Rate,". MPL 100/50/25% maxmium of 3 procedures. All add ons apply, and lesser of 100% of billed charges",,60,,,,,0,percent of total billed charges,60 percent of billed charges; No services were performed during the 15 month look back period.,,60,,,,,0,percent of total billed charges,60 percent of billed charges; No services were performed during the 15 month look back period.,,60,,,,,0,percent of total billed charges,60 percent of billed charges; No services were performed during the 15 month look back period.,,78,,,,,0,percent of total billed charges,78% of Billed Charges. Lesser of 100% of billed charges applies.; No services were performed during the 15 month look back period.,,78,,,,,0,percent of total billed charges,78% of Billed Charges. Lesser of 100% of billed charges applies.; No services were performed during the 15 month look back period.,,78,,,,,0,percent of total billed charges,78% of Billed Charges. Lesser of 100% of billed charges applies.; No services were performed during the 15 month look back period.,,78,,,,,0,percent of total billed charges,78% of Billed Charges. Lesser of 100% of billed charges applies.; No services were performed during the 15 month look back period.,,78,,,,,0,percent of total billed charges,78% of Billed Charges. Lesser of 100% of billed charges applies.; No services were performed during the 15 month look back period.,,78,,,,,0,percent of total billed charges,78% of Billed Charges. Lesser of 100% of billed charges applies.; No services were performed during the 15 month look back period.,,78,,,,,0,percent of total billed charges,78% of Billed Charges. Lesser of 100% of billed charges applies.; No services were performed during the 15 month look back period.,,78,,,,,0,percent of total billed charges,78% of Billed Charges. Lesser of 100% of billed charges applies.; No services were performed during the 15 month look back period.,,78,,,,,0,percent of total billed charges,78% of Billed Charges. Lesser of 100% of billed charges applies.; No services were performed during the 15 month look back period.,,78,,,,,0,percent of total billed charges,78% of Billed Charges. Lesser of 100% of billed charges applies.; No services were performed during the 15 month look back period.,,78,,,,,0,percent of total billed charges,78% of Billed Charges. Lesser of 100% of billed charges applies.; No services were performed during the 15 month look back period.,12574,,,,,,,Case Rate,". Primary procedure pays at 100%, all subsequent at 50%.",,65,,,,,0,percent of total billed charges,65 percent of billed charges; No services were performed during the 15 month look back period.,6487,,,,,,,Case Rate,". MPL 100/50/25% maxmium of 3 procedures. All add ons apply, and lesser of 100% of billed charges",,,,,,,,Other,"Not Payable. ",,60,,,,,0,percent of total billed charges,60 percent of billed charges; No services were performed during the 15 month look back period.,6487,,,,,,,Case Rate,". MPL 100/50/25% maxmium of 3 procedures. All add ons apply, and lesser of 100% of billed charges",6487,,,,,,,Case Rate,". MPL 100/50/25% maxmium of 3 procedures. All add ons apply, and lesser of 100% of billed charges",,78,,,,,0,percent of total billed charges,78% of Billed Charges. Lesser of 100% of billed charges applies.; No services were performed during the 15 month look back period.,,,,,,,,Other,"141 percent of Average Sales Price.. Drugs not priced under APG, billed with revenue code 636 and not priced by Medicare ASP FeeSched will be reimbursed at 20% of charges.",6487,,,,,,,Case Rate,". MPL 100/50/25% maxmium of 3 procedures. All add ons apply, and lesser of 100% of billed charges",,,,,,,,Other,"100 Percent of Medicaid APG. ",,,,,,,,Other,"Not Payable. ",,,,,,,,Other,"Not Payable. ",,,,,,,,Other,"Not Payable. ",,,,,,,,Other,"Not Payable. ",,,,,,,,Other,"Not Payable. ",,,,,,,,Other,"Not Payable. ",6487,,,,,,,Case Rate,". MPL 100/50/25% maxmium of 3 procedures. All add ons apply, and lesser of 100% of billed charges",25798,,,,,,,Case Rate,". MPL 100/75/50% all add ons apply, and lesser of 100% of billed charges",0.36,,,,,,,Fee Schedule,"157.5 Percent of AWP Fee Schedule. ",0.36,,,,,,,Fee Schedule,"157.5 Percent of AWP Fee Schedule. ",0.36,,,,,,,Fee Schedule,"157.5 Percent of AWP Fee Schedule. ",0.36,,,,,,,Fee Schedule,"157.5 Percent of AWP Fee Schedule. ",0.36,,,,,,,Fee Schedule,"157.5 Percent of AWP Fee Schedule. ",,,,,,,,,"NA. ",25798,,,,,,,Case Rate,". MPL 100/75/50% all add ons apply, and lesser of 100% of billed charges",,,,,,,,Fee Schedule,"Not Payable. ",,,,,,,,Fee Schedule,"Not Payable. ",,,,,,,,Fee Schedule,"Not Payable. ",,,,,,,,Fee Schedule,"Not Payable. ",,,,,,,,Fee Schedule,"Not Payable. ",,,,,,,,Other,"Not Payable. ",12574,,,,,,,Case Rate,". Primary procedure pays at 100%, all subsequent at 50%.",12574,,,,,,,Case Rate,". Primary procedure pays at 100%, all subsequent at 50%.",12574,,,,,,,Case Rate,". Primary procedure pays at 100%, all subsequent at 50%.",12574,,,,,,,Case Rate,". Primary procedure pays at 100%, all subsequent at 50%.",,60,,,,,0,percent of total billed charges,60 percent of billed charges; No services were performed during the 15 month look back period.,,60,,,,,0,percent of total billed charges,60 percent of billed charges; No services were performed during the 15 month look back period.,,60,,,,,0,percent of total billed charges,60 percent of billed charges; No services were performed during the 15 month look back period.,,60,,,,,0,percent of total billed charges,60 percent of billed charges; No services were performed during the 15 month look back period.,25798,,,,,,,Case Rate,". MPL 100/75/50% all add ons apply, and lesser of 100% of billed charges",25798,,,,,,,Case Rate,". MPL 100/75/50% all add ons apply, and lesser of 100% of billed charges",,,,,,,,Other,"Not Payable. ",,,,,,,,Other,"Not Payable. ",,,,,,,,Other,"Not Payable. ",,65,,,,,0,percent of total billed charges,65 percent of billed charges; No services were performed during the 15 month look back period.,,65,,,,,0,percent of total billed charges,65 percent of billed charges; No services were performed during the 15 month look back period.,,65,,,,,0,percent of total billed charges,65 percent of billed charges; No services were performed during the 15 month look back period.,25798,,,,,,,Case Rate,". MPL 100/75/50% all add ons apply, and lesser of 100% of billed charges",,60,,,,,0,percent of total billed charges,60 percent of billed charges; No services were performed during the 15 month look back period.,,,,,,,,Other,"Not Payable. ",,65,,,,,0,percent of total billed charges,65 percent of billed charges; No services were performed during the 15 month look back period.,,,,,,,,Other,"100 Percent of Medicaid APG. ",,,,,,,,Other,"Not Payable. ",,,,,,,,Other,"Not Payable. ",,,,,,,,Other,"Not Payable. ",0.11,,,,,,,Fee schedule,"95 Percent of ASP. ",,1,,,,,0,percent of total billed charges,Approximating Cost. Lesser of 100% of billed charges applies.; No services were performed during the 15 month look back period.,,1,,,,,0,percent of total billed charges,Approximating Cost. Lesser of 100% of billed charges applies.; No services were performed during the 15 month look back period.,,1,,,,,0,percent of total billed charges,Approximating Cost. Lesser of 100% of billed charges applies.; No services were performed during the 15 month look back period.,,1,,,,,0,percent of total billed charges,Approximating Cost. Lesser of 100% of billed charges applies.; No services were performed during the 15 month look back period.,,1,,,,,0,percent of total billed charges,Approximating Cost. Lesser of 100% of billed charges applies.; No services were performed during the 15 month look back period.,,,,,,,,Other,"Not Payable. ",,,,,,,,Other,"100 Percent of Medicaid APG. ",0.12,,,,,,,Fee Schedule,100 Percent of ASP if not priced then 95 Percent of AWP. Lesser of 100% of billed charges applies.,,1,,,,,0,percent of total billed charges,Approximating Cost. Lesser of 100% of billed charges applies.; No services were performed during the 15 month look back period.,,1,,,,,0,percent of total billed charges,Approximating Cost. Lesser of 100% of billed charges applies.; No services were performed during the 15 month look back period.,0.12,,,,,,,Fee Schedule,100 Percent of ASP if not priced then 95 Percent of AWP. Lesser of 100% of billed charges applies.,0.12,,,,,,,Fee Schedule,100 Percent of ASP if not priced then 95 Percent of AWP. Lesser of 100% of billed charges applies.,0.36,,,,,,,Fee Schedule,"157.5 Percent of AWP Fee Schedule. ",,,,,,,,Other,"Not Payable. ",,,,,,,,Other,"Not Payable. ",,60,,,,,0,percent of total billed charges,60 percent of billed charges; No services were performed during the 15 month look back period.,,,,,,,,Other,"Not Payable. ",0.11,,,,,,,Fee Schedule,"95 Percent of ASP. ",0.11,,,,,,,Fee Schedule,"95 Percent of ASP. ",0.11,,,,,,,Fee schedule,"95 Percent of ASP. ",0.11,,,,,,,Fee schedule,"95 Percent of ASP. ",0.26,,,,,,,Fee Schedule,"115 Percent of AWP. ",0.29,,,,,,,Fee schedule,"115 Percent of AWP Fee Schedule. ",,,,,,,,Other,"100 Percent of Medicaid APG. ",,,,,,,,Other,"100 Percent of Medicaid APG. ",,,,,,,,Other,"100 Percent of Medicaid APG. ",,,,,,,,Other,"100 Percent of Medicaid APG. ",13453,,,,,,,Case Rate,". MPL 100/75/50% all add ons apply, and lesser of 100% of billed charges",25798,,,,,,,Case Rate,". MPL 100/75/50% all add ons apply, and lesser of 100% of billed charges",,,,,,,,Other,"120 Percent of Medicaid APG. Not APG payable, or payable under another fee schedule like ASP/AWP pays at 30% of charges",,,,,,,,Other,"120 Percent of Medicaid APG. Not APG payable, or payable under another fee schedule like ASP/AWP pays at 30% of charges",,,,,,,,Other,"100 Percent of Medicaid APG. Not APG payable, or payable under another fee schedule like ASP/AWP pays at 30% of charges",,,,,,,,Other,"100 Percent of Medicaid APG. Not APG payable, or payable under another fee schedule like ASP/AWP pays at 30% of charges",,65,,,,,0,percent of total billed charges,65 percent of billed charges; No services were performed during the 15 month look back period.,,65,,,,,0,percent of total billed charges,65 percent of billed charges; No services were performed during the 15 month look back period.,,,,,,,,Other,"Not Payable. ",,65,,,,,0,percent of total billed charges,65 percent of billed charges; No services were performed during the 15 month look back period.,,65,,,,,0,percent of total billed charges,65 percent of billed charges; No services were performed during the 15 month look back period.,,65,,,,,0,percent of total billed charges,65 percent of billed charges; No services were performed during the 15 month look back period.,,65,,,,,0,percent of total billed charges,65 percent of billed charges; No services were performed during the 15 month look back period.,,,,,,,,Other,"Not Payable. ",,65,,,,,0,percent of total billed charges,65 percent of billed charges; No services were performed during the 15 month look back period.,,65,,,,,0,percent of total billed charges,65 percent of billed charges; No services were performed during the 15 month look back period.,,60,,,,,0,percent of total billed charges,60 percent of billed charges; No services were performed during the 15 month look back period.,0.12,,,,,,,Fee Schedule,105% of ASP. Lesser of 100% of billed charges applies.,0.29,,,,,,,Fee schedule,"115 Percent of AWP Fee Schedule. ",,1,,,,,0,percent of total billed charges,Approximating Cost. Lesser of 100% of billed charges applies.; No services were performed during the 15 month look back period.,0.26,,,,,,,Fee Schedule,"115 Percent of AWP. ",0.29,,,,,,,Fee schedule,"115 Percent of AWP Fee Schedule. ",,1,,,,,0,percent of total billed charges,Approximating Cost. Lesser of 100% of billed charges applies.; No services were performed during the 15 month look back period.,,1,,,,,0,percent of total billed charges,Approximating Cost. Lesser of 100% of billed charges applies.; No services were performed during the 15 month look back period.,,1,,,,,0,percent of total billed charges,Approximating Cost. Lesser of 100% of billed charges applies.; No services were performed during the 15 month look back period.,,1,,,,,0,percent of total billed charges,Approximating Cost. Lesser of 100% of billed charges applies.; No services were performed during the 15 month look back period.,,1,,,,,0,percent of total billed charges,Approximating Cost. Lesser of 100% of billed charges applies.; No services were performed during the 15 month look back period.,,1,,,,,0,percent of total billed charges,Approximating Cost. Lesser of 100% of billed charges applies.; No services were performed during the 15 month look back period.,,,,,,,,,"NA. ",,,,,,,,,"NA. ",,,,,,,,,"NA. ",6487,,,,,,,Case Rate,". MPL 100/50/25% maxmium of 3 procedures. All add ons apply, and lesser of 100% of billed charges",,,,,,,,,"NA. ",,,,,,,,Other,"Not Payable. ",0.09,,,,,,,Fee Schedule,"100 % 1199 Fee Schedule. ",,,,,,,,Other,"Not Payable. ",,,,,,,,Other,"Not Payable. ",,,,,,,,Other,"120 Percent of Medicaid APG. Not APG payable, or payable under another fee schedule like ASP/AWP pays at 30% of charges",,,,,,,,Other,"120 Percent of Medicaid APG. Not APG payable, or payable under another fee schedule like ASP/AWP pays at 30% of charges",,,,,,,,Other,"100 Percent of Medicaid APG. Not APG payable, or payable under another fee schedule like ASP/AWP pays at 30% of charges",,,,,,,,Other,"100 Percent of Medicaid APG. Not APG payable, or payable under another fee schedule like ASP/AWP pays at 30% of charges",,,,,,,,Other,"100 Percent of Medicaid APG. ",7163,,,,,,,Case Rate,". ",,60,,,,,0,percent of total billed charges,60 percent of billed charges; No services were performed during the 15 month look back period.,8427,,,,,,,Case Rate,". Primary procedure pays at 100%, all subsequent at 50%.",6487,,,,,,,Case Rate,". MPL 100/50/25% maxmium of 3 procedures. All add ons apply, and lesser of 100% of billed charges",,,,,,,,Other,"Not Payable. ",,,,,,,,Other,"Not Payable. ",,,,,,,,Other,"Not Payable. ",,,,,,,,Other,"Not Payable. ",,,,,,,,Other,"Not Payable. ",,,,,,,,Other,"Not Payable. ",,,,,,,,,"NA. ",,1,,,,,0,percent of total billed charges,Approximating Cost. Lesser of 100% of billed charges applies.; No services were performed during the 15 month look back period.,0.12,,,,,,,Fee Schedule,100 Percent of ASP if not priced then 95 Percent of AWP. Lesser of 100% of billed charges applies.,,65,,,,,0,percent of total billed charges,65 percent of billed charges; No services were performed during the 15 month look back period.,7163,,,,,,,Case Rate,". ",7163,,,,,,,Case Rate,". ",7163,,,,,,,Case Rate,". ",7163,,,,,,,Case Rate,". ",,,,,,,,Other,"Not Payable. ",,,,,,,,Other,"100 Percent of Medicaid APG. ",,65,,,,,0,percent of total billed charges,65 percent of billed charges; No services were performed during the 15 month look back period.,,,,,,,,Other,"100 Percent of Medicaid APG. ",,,,,,,,Other,"Not Payable. ",,,,,,,,Other,"100 Percent of Medicaid APG. ",,,,,,,,Other,"Not Payable. ",,,,,,,,Other,"Not Payable. ",,,,,,,,Other,"100 Percent of Medicaid APG. ",,,,,,,,Other,"100 Percent of Medicaid APG. ",7163,,,,,,,Case Rate,". ",6487,,,,,,,Case Rate,". MPL 100/50/25% maxmium of 3 procedures. All add ons apply, and lesser of 100% of billed charges",,78,,8125,8125,8125,1 through 10,percent of total billed charges,78% of Billed Charges. Lesser of 100% of billed charges applies.,,,,,,,,Fee Schedule,"100 % Zero Pay Code. ",,,,,,,,Fee Schedule,"100 % Zero Pay Code. ",,60,,,,,0,percent of total billed charges,60 percent of billed charges; No services were performed during the 15 month look back period.,,,,,,,,Other,"Not Payable. ",12574,,,,,,,Case Rate,". Primary procedure pays at 100%, all subsequent at 50%.",12574,,,,,,,Case Rate,". Primary procedure pays at 100%, all subsequent at 50%.",,52,,,,,0,percent of total billed charges,52 percent of billed charges; No services were performed during the 15 month look back period.,,52,,,,,0,percent of total billed charges,52 percent of billed charges; No services were performed during the 15 month look back period.,,,,,,,,Other,"Not Payable. ",,,,,,,,Other,"Not Payable. ",,,,,,,,Other,"Not Payable. ",,,,,,,,Other,"Not Payable. ",,,,,,,,Fee Schedule,"100 % Zero Pay Code. ",,65,,,,,0,percent of total billed charges,65 percent of billed charges; No services were performed during the 15 month look back period.,,65,,,,,0,percent of total billed charges,65 percent of billed charges; No services were performed during the 15 month look back period.,,,,,,,,Other,"Not Payable. ",,52,,,,,0,percent of total billed charges,52 percent of billed charges; No services were performed during the 15 month look back period.,8427,,,,,,,Case Rate,". Primary procedure pays at 100%, all subsequent at 50%.",,,,,,,,Fee Schedule,"120 Percent of Medicaid APG. ",,,,,,,,Other,"100 Percent of Medicaid APG. ",7163,,,,,,,Case Rate,". ",,59,,,,,0,percent of total billed charges,59 percent of billed charges; No services were performed during the 15 month look back period.,,59,,,,,0,percent of total billed charges,59 percent of billed charges; No services were performed during the 15 month look back period.,,65,,,,,0,percent of total billed charges,65 percent of billed charges; No services were performed during the 15 month look back period.,14948,,,,,,,Case Rate,". MPL 100/75/50% all add ons apply, and lesser of 100% of billed charges",,,,,,,,Other,"Not Payable. ",,,,,,,,Fee Schedule,"Not payable. ",,,,,,,,Fee Schedule,"Not payable. ",,,,,,,,Fee Schedule,"Not payable. ",,,,,,,,Fee Schedule,"Not payable. ",,,,,,,,Fee Schedule,"100 % Zero Pay Code. ",,,,,,,,Fee Schedule,"Not payable. ",,,,,,,,Fee Schedule,"Not payable. ",,,,,,,,Fee Schedule,"Not payable. ",,,,,,,,Fee Schedule,"Not payable. ",,,,,,,,Fee Schedule,"Not payable. ",,,,,,,,Fee Schedule,"Not payable. ",,,,,,,,Fee Schedule,"Not payable. ",,,,,,,,Other,"Not Payable. ",,,,,,,,Fee Schedule,"100 % Zero Pay Code. ",,,,,,,,Other,"Not Payable. ",,,,,,,,Fee Schedule,"Not payable. ",,65,,,,,0,percent of total billed charges,65 percent of billed charges; No services were performed during the 15 month look back period.,,,,,,,,Other,"Not Payable. ",,65,,,,,0,percent of total billed charges,65 percent of billed charges; No services were performed during the 15 month look back period.,,65,,,,,0,percent of total billed charges,65 percent of billed charges; No services were performed during the 15 month look back period.,,65,,,,,0,percent of total billed charges,65 percent of billed charges; No services were performed during the 15 month look back period.,,,,,,,,Fee Schedule,"Not payable. ",,,,,,,,Other,"Not Payable. ",,65,,,,,0,percent of total billed charges,65 percent of billed charges; No services were performed during the 15 month look back period.,,,,,,,,Fee Schedule,"Not payable. ",,65,,,,,0,percent of total billed charges,65 percent of billed charges; No services were performed during the 15 month look back period.,,30,,,,,0,percent of total billed charges,30% of Charges. ; No services were performed during the 15 month look back period.,,,,,,,,Other,"Not Payable. ",7163,,,,,,,Case Rate,". ",7163,,,,,,,Case Rate,". ",7163,,,,,,,Case Rate,". ",7163,,,,,,,Case Rate,". ",7163,,,,,,,Case Rate,". ",8427,,,,,,,Case Rate,". Primary procedure pays at 100%, all subsequent at 50%.",8427,,,,,,,Case Rate,". Primary procedure pays at 100%, all subsequent at 50%.",7163,,,,,,,Case Rate,". ",7163,,,,,,,Case Rate,". ",7163,,,,,,,Case Rate,". ",7163,,,,,,,Case Rate,". ",7163,,,,,,,Case Rate,". ",,,,,,,,Other,"Not Payable. ",8427,,,,,,,Case Rate,". Primary procedure pays at 100%, all subsequent at 50%.",,,,,,,,Other,"Not Payable. ",,,,,,,,Other,"106 percent of Average Sales Price.. Drugs not priced under APG, billed with revenue code 636 and not priced by Medicare ASP FeeSched will be reimbursed at 20% of charges.",,,,,,,,Other,"106 percent of Average Sales Price.. Drugs not priced under APG, billed with revenue code 636 and not priced by Medicare ASP FeeSched will be reimbursed at 20% of charges.",,,,,,,,Fee Schedule,"100 % Zero Pay Code. ",,,,,,,,Fee Schedule,"100 % Zero Pay Code. ",,,,,,,,Other,"Not Payable. ",12574,,,,,,,Case Rate,". Primary procedure pays at 100%, all subsequent at 50%.",,,,,,,,Other,"Not Payable. ",,,,,,,,Other,"Not Payable. ",,60,,,,,0,percent of total billed charges,60 percent of billed charges; No services were performed during the 15 month look back period.,,,,,,,,Other,"Not Payable. ",6487,,,,,,,Case Rate,". MPL 100/50/25% maxmium of 3 procedures. All add ons apply, and lesser of 100% of billed charges",,,,,,,,Other,"Not Payable. ",6487,,,,,,,Case Rate,". MPL 100/50/25% maxmium of 3 procedures. All add ons apply, and lesser of 100% of billed charges",,60,,,,,0,percent of total billed charges,60 percent of billed charges; No services were performed during the 15 month look back period.,6487,,,,,,,Case Rate,". MPL 100/50/25% maxmium of 3 procedures. All add ons apply, and lesser of 100% of billed charges",,,,,,,,Other,"Not Payable. ",,,,,,,,Other,"100 Percent of Medicaid APG. ",,,,,,,,Other,"Not Payable. ",6487,,,,,,,Case Rate,". MPL 100/50/25% maxmium of 3 procedures. All add ons apply, and lesser of 100% of billed charges",,,,,,,,Fee Schedule,"100 % Zero Pay Code. ",,,,,,,,Other,"100 Percent of Medicaid APG. ",,65,,,,,0,percent of total billed charges,65 percent of billed charges; No services were performed during the 15 month look back period.,,,,,,,,Fee Schedule,"120 Percent of Medicaid APG. ",,,,,,,,Fee Schedule,"120 Percent of Medicaid APG. ",,65,,,,,0,percent of total billed charges,65 percent of billed charges; No services were performed during the 15 month look back period.,,65,,,,,0,percent of total billed charges,65 percent of billed charges; No services were performed during the 15 month look back period.,,65,,,,,0,percent of total billed charges,65 percent of billed charges; No services were performed during the 15 month look back period.,,,,,,,,Fee Schedule,"100 % Zero Pay Code. ",,65,,,,,0,percent of total billed charges,65 percent of billed charges; No services were performed during the 15 month look back period.,,65,,,,,0,percent of total billed charges,65 percent of billed charges; No services were performed during the 15 month look back period.,,65,,,,,0,percent of total billed charges,65 percent of billed charges; No services were performed during the 15 month look back period.,7163,,,,,,,Case Rate,". ",7163,,,,,,,Case Rate,". ",,,,,,,,Fee Schedule,"Not Payable. ",,,,,,,,Other,"100 Percent of Medicaid APG. ",,,,,,,,Fee Schedule,"100 % Zero Pay Code. ",6487,,,,,,,Case Rate,". MPL 100/50/25% maxmium of 3 procedures. All add ons apply, and lesser of 100% of billed charges",,60,,,,,0,percent of total billed charges,60 percent of billed charges; No services were performed during the 15 month look back period.,,,,,,,,Fee Schedule,"100 % Zero Pay Code. ",,60,,,,,0,percent of total billed charges,60 percent of billed charges; No services were performed during the 15 month look back period.,,,,,,,,Fee Schedule,"100 % Zero Pay Code. ",,65,,,,,0,percent of total billed charges,65 percent of billed charges; No services were performed during the 15 month look back period.,,65,,,,,0,percent of total billed charges,65 percent of billed charges; No services were performed during the 15 month look back period.,,65,,,,,0,percent of total billed charges,65 percent of billed charges; No services were performed during the 15 month look back period.,,65,,,,,0,percent of total billed charges,65 percent of billed charges; No services were performed during the 15 month look back period.,,,,,,,,Other,"Not Payable. ",0.09,25798,
J1203,HCPCS,5010003,LOCAL,636,RC,"INJ, CIPAGLUCOSIDASE, 5 MG",1351.380361,256.762269,Inpatient,ME,5,,,,,,,,,,,,,,,,,,,,405.414108,30,,,,,0,percent of total billed charges,30 Percent of charges; No services were performed during the 15 month look back period.,1351.380361,100,,,,,0,percent of total billed charges,100 percent of charges; No services were performed during the 15 month look back period.,,,,,,,,,,405.414108,30,,,,,0,percent of total billed charges,30 Percent of charges; No services were performed during the 15 month look back period.,405.414108,30,,,,,0,percent of total billed charges,30 Percent of charges; No services were performed during the 15 month look back period.,405.414108,30,,,,,0,percent of total billed charges,30 Percent of charges; No services were performed during the 15 month look back period.,135.138036,10,,,,,0,percent of total billed charges,10 percent of charges; No services were performed during the 15 month look back period.,,,,,,,,,,986.507664,73,,,,,0,percent of total billed charges,73 percent of charges; No services were performed during the 15 month look back period.,135.138036,10,,,,,0,percent of total billed charges,10 percent of charges; No services were performed during the 15 month look back period.,,,,,,,,,,,,,,,,,,,432.441716,32,,,,,0,percent of total billed charges,32 pecent of charges; No services were performed during the 15 month look back period.,432.441716,32,,,,,0,percent of total billed charges,32 pecent of charges; No services were performed during the 15 month look back period.,432.441716,32,,,,,0,percent of total billed charges,32 pecent of charges; No services were performed during the 15 month look back period.,432.441716,32,,,,,0,percent of total billed charges,32 pecent of charges; No services were performed during the 15 month look back period.,,,,,,,,,,,,,,,,,,,,,,,,,,,,986.507664,73,,,,,0,percent of total billed charges,73 percent of charges; No services were performed during the 15 month look back period.,405.414108,30,,,,,0,percent of total billed charges,30 Percent of charges; No services were performed during the 15 month look back period.,540.552144,40,,,,,0,percent of total billed charges,40 percent of charges; No services were performed during the 15 month look back period.,391.900305,29,,,,,0,percent of total billed charges,29 percent of charges; No services were performed during the 15 month look back period.,540.552144,40,,,,,0,percent of total billed charges,40 percent of charges; No services were performed during the 15 month look back period.,540.552144,40,,,,,0,percent of total billed charges,40 percent of charges; No services were performed during the 15 month look back period.,986.507664,73,,,,,0,percent of total billed charges,73 percent of charges; No services were performed during the 15 month look back period.,,,,,,,,,,,,,,,,,,,,,,,,,,,,,,,,,,,,,391.900305,29,,,,,0,percent of total billed charges,29 percent of charges; No services were performed during the 15 month look back period.,391.900305,29,,,,,0,percent of total billed charges,29 percent of charges; No services were performed during the 15 month look back period.,391.900305,29,,,,,0,percent of total billed charges,29 percent of charges; No services were performed during the 15 month look back period.,391.900305,29,,,,,0,percent of total billed charges,29 percent of charges; No services were performed during the 15 month look back period.,391.900305,29,,,,,0,percent of total billed charges,29 percent of charges; No services were performed during the 15 month look back period.,391.900305,29,,,,,0,percent of total billed charges,29 percent of charges; No services were performed during the 15 month look back period.,391.900305,29,,,,,0,percent of total billed charges,29 percent of charges; No services were performed during the 15 month look back period.,986.507664,73,,,,,0,percent of total billed charges,73 percent of charges; No services were performed during the 15 month look back period.,175.679447,13,,,,,0,percent of total billed charges,13 percent of charges; No services were performed during the 15 month look back period.,175.679447,13,,,,,0,percent of total billed charges,13 percent of charges; No services were performed during the 15 month look back period.,986.507664,73,,,,,0,percent of total billed charges,73 percent of charges; No services were performed during the 15 month look back period.,432.441716,32,,,,,0,percent of total billed charges,32 pecent of charges; No services were performed during the 15 month look back period.,135.138036,10,,,,,0,percent of total billed charges,10 percent of charges; No services were performed during the 15 month look back period.,135.138036,10,,,,,0,percent of total billed charges,10 percent of charges; No services were performed during the 15 month look back period.,986.507664,73,,,,,0,percent of total billed charges,73 percent of charges; No services were performed during the 15 month look back period.,,,,,,,,,,135.138036,10,,,,,0,percent of total billed charges,10 percent of charges; No services were performed during the 15 month look back period.,135.138036,10,,,,,0,percent of total billed charges,10 percent of charges; No services were performed during the 15 month look back period.,135.138036,10,,,,,0,percent of total billed charges,10 percent of charges; No services were performed during the 15 month look back period.,,,,,,,,,,135.138036,10,,,,,0,percent of total billed charges,10 percent of charges; No services were performed during the 15 month look back period.,135.138036,10,,,,,0,percent of total billed charges,10 percent of charges; No services were performed during the 15 month look back period.,,,,,,,,,,324.331287,24,,,,,0,percent of total billed charges,24 percent of charges; No services were performed during the 15 month look back period.,,,,,,,,,,,,,,,,,,,,,,,,,,,,,,,,,,,,,,,,,,,,,,,,,,,,,,,,,,,,,,,,,,,,,,,,,,,,,,,,,,986.507664,73,,,,,0,percent of total billed charges,73 percent of charges; No services were performed during the 15 month look back period.,986.507664,73,,,,,0,percent of total billed charges,73 percent of charges; No services were performed during the 15 month look back period.,986.507664,73,,,,,0,percent of total billed charges,73 percent of charges; No services were performed during the 15 month look back period.,986.507664,73,,,,,0,percent of total billed charges,73 percent of charges; No services were performed during the 15 month look back period.,986.507664,73,,,,,0,percent of total billed charges,73 percent of charges; No services were performed during the 15 month look back period.,986.507664,73,,,,,0,percent of total billed charges,73 percent of charges; No services were performed during the 15 month look back period.,986.507664,73,,,,,0,percent of total billed charges,73 percent of charges; No services were performed during the 15 month look back period.,986.507664,73,,,,,0,percent of total billed charges,73 percent of charges; No services were performed during the 15 month look back period.,986.507664,73,,,,,0,percent of total billed charges,73 percent of charges; No services were performed during the 15 month look back period.,986.507664,73,,,,,0,percent of total billed charges,73 percent of charges; No services were performed during the 15 month look back period.,986.507664,73,,,,,0,percent of total billed charges,73 percent of charges; No services were performed during the 15 month look back period.,986.507664,73,,,,,0,percent of total billed charges,73 percent of charges; No services were performed during the 15 month look back period.,986.507664,73,,,,,0,percent of total billed charges,73 percent of charges; No services were performed during the 15 month look back period.,986.507664,73,,,,,0,percent of total billed charges,73 percent of charges; No services were performed during the 15 month look back period.,986.507664,73,,,,,0,percent of total billed charges,73 percent of charges; No services were performed during the 15 month look back period.,986.507664,73,,,,,0,percent of total billed charges,73 percent of charges; No services were performed during the 15 month look back period.,986.507664,73,,,,,0,percent of total billed charges,73 percent of charges; No services were performed during the 15 month look back period.,986.507664,73,,,,,0,percent of total billed charges,73 percent of charges; No services were performed during the 15 month look back period.,986.507664,73,,,,,0,percent of total billed charges,73 percent of charges; No services were performed during the 15 month look back period.,986.507664,73,,,,,0,percent of total billed charges,73 percent of charges; No services were performed during the 15 month look back period.,986.507664,73,,,,,0,percent of total billed charges,73 percent of charges; No services were performed during the 15 month look back period.,986.507664,73,,,,,0,percent of total billed charges,73 percent of charges; No services were performed during the 15 month look back period.,986.507664,73,,,,,0,percent of total billed charges,73 percent of charges; No services were performed during the 15 month look back period.,986.507664,73,,,,,0,percent of total billed charges,73 percent of charges; No services were performed during the 15 month look back period.,986.507664,73,,,,,0,percent of total billed charges,73 percent of charges; No services were performed during the 15 month look back period.,986.507664,73,,,,,0,percent of total billed charges,73 percent of charges; No services were performed during the 15 month look back period.,391.900305,29,,,,,0,percent of total billed charges,29 percent of charges; No services were performed during the 15 month look back period.,391.900305,29,,,,,0,percent of total billed charges,29 percent of charges; No services were performed during the 15 month look back period.,391.900305,29,,,,,0,percent of total billed charges,29 percent of charges; No services were performed during the 15 month look back period.,391.900305,29,,,,,0,percent of total billed charges,29 percent of charges; No services were performed during the 15 month look back period.,540.552144,40,,,,,0,percent of total billed charges,40 percent of charges; No services were performed during the 15 month look back period.,540.552144,40,,,,,0,percent of total billed charges,40 percent of charges; No services were performed during the 15 month look back period.,432.441716,32,,,,,0,percent of total billed charges,32 pecent of charges; No services were performed during the 15 month look back period.,,,,,,,,,,135.138036,10,,,,,0,percent of total billed charges,10 percent of charges; No services were performed during the 15 month look back period.,,,,,,,,,,986.507664,73,,,,,0,percent of total billed charges,73 percent of charges; No services were performed during the 15 month look back period.,540.552144,40,,,,,0,percent of total billed charges,40 percent of charges; No services were performed during the 15 month look back period.,,,,,,,,,,135.138036,10,,,,,0,percent of total billed charges,10 percent of charges; No services were performed during the 15 month look back period.,432.441716,32,,,,,0,percent of total billed charges,32 pecent of charges; No services were performed during the 15 month look back period.,,,,,,,,,,986.507664,73,,,,,0,percent of total billed charges,73 percent of charges; No services were performed during the 15 month look back period.,,,,,,,,,,391.900305,29,,,,,0,percent of total billed charges,29 percent of charges; No services were performed during the 15 month look back period.,391.900305,29,,,,,0,percent of total billed charges,29 percent of charges; No services were performed during the 15 month look back period.,391.900305,29,,,,,0,percent of total billed charges,29 percent of charges; No services were performed during the 15 month look back period.,,,,,,,,,,324.331287,24,,,,,0,percent of total billed charges,24 percent of charges; No services were performed during the 15 month look back period.,,,,,,,,,,,,,,,,,,,,,,,,,,,,,,,,,,,,,,,,,,,,,,405.414108,30,,,,,0,percent of total billed charges,30 Percent of charges; No services were performed during the 15 month look back period.,405.414108,30,,,,,0,percent of total billed charges,30 Percent of charges; No services were performed during the 15 month look back period.,,,,,,,,,,432.441716,32,,,,,0,percent of total billed charges,32 pecent of charges; No services were performed during the 15 month look back period.,135.138036,10,,,,,0,percent of total billed charges,10 percent of charges; No services were performed during the 15 month look back period.,135.138036,10,,,,,0,percent of total billed charges,10 percent of charges; No services were performed during the 15 month look back period.,,,,,,,,,,432.441716,32,,,,,0,percent of total billed charges,32 pecent of charges; No services were performed during the 15 month look back period.,405.414108,30,,,,,0,percent of total billed charges,30 Percent of charges; No services were performed during the 15 month look back period.,405.414108,30,,,,,0,percent of total billed charges,30 Percent of charges; No services were performed during the 15 month look back period.,405.414108,30,,,,,0,percent of total billed charges,30 Percent of charges; No services were performed during the 15 month look back period.,986.507664,73,,,,,0,percent of total billed charges,73 percent of charges; No services were performed during the 15 month look back period.,986.507664,73,,,,,0,percent of total billed charges,73 percent of charges; No services were performed during the 15 month look back period.,986.507664,73,,,,,0,percent of total billed charges,73 percent of charges; No services were performed during the 15 month look back period.,986.507664,73,,,,,0,percent of total billed charges,73 percent of charges; No services were performed during the 15 month look back period.,986.507664,73,,,,,0,percent of total billed charges,73 percent of charges; No services were performed during the 15 month look back period.,986.507664,73,,,,,0,percent of total billed charges,73 percent of charges; No services were performed during the 15 month look back period.,986.507664,73,,,,,0,percent of total billed charges,73 percent of charges; No services were performed during the 15 month look back period.,986.507664,73,,,,,0,percent of total billed charges,73 percent of charges; No services were performed during the 15 month look back period.,986.507664,73,,,,,0,percent of total billed charges,73 percent of charges; No services were performed during the 15 month look back period.,986.507664,73,,,,,0,percent of total billed charges,73 percent of charges; No services were performed during the 15 month look back period.,986.507664,73,,,,,0,percent of total billed charges,73 percent of charges; No services were performed during the 15 month look back period.,540.552144,40,,,,,0,percent of total billed charges,40 percent of charges; No services were performed during the 15 month look back period.,,,,,,,,,,432.441716,32,,,,,0,percent of total billed charges,32 pecent of charges; No services were performed during the 15 month look back period.,,,,,,,,,,405.414108,30,,,,,0,percent of total billed charges,30 Percent of charges; No services were performed during the 15 month look back period.,432.441716,32,,,,,0,percent of total billed charges,32 pecent of charges; No services were performed during the 15 month look back period.,432.441716,32,,,,,0,percent of total billed charges,32 pecent of charges; No services were performed during the 15 month look back period.,986.507664,73,,,,,0,percent of total billed charges,73 percent of charges; No services were performed during the 15 month look back period.,270.276072,20,,,,,0,percent of total billed charges,20 percent of charges; No services were performed during the 15 month look back period.,432.441716,32,,,,,0,percent of total billed charges,32 pecent of charges; No services were performed during the 15 month look back period.,,,,,,,,,,,,,,,,,,,,,,,,,,,,,,,,,,,,,,,,,,,,,,,,,,,,,,,,,,,,,,,,432.441716,32,,,,,0,percent of total billed charges,32 pecent of charges; No services were performed during the 15 month look back period.,324.331287,24,,,,,0,percent of total billed charges,24 percent of charges; No services were performed during the 15 month look back period.,,,,,,,,,,,,,,,,,,,,,,,,,,,,,,,,,,,,,,,,,,,,,,,,,,,,,,,324.331287,24,,,,,0,percent of total billed charges,24 percent of charges; No services were performed during the 15 month look back period.,418.927912,31,,,,,0,percent of total billed charges,31 percent of charges; No services were performed during the 15 month look back period.,418.927912,31,,,,,0,percent of total billed charges,31 percent of charges; No services were performed during the 15 month look back period.,418.927912,31,,,,,0,percent of total billed charges,31 percent of charges; No services were performed during the 15 month look back period.,418.927912,31,,,,,0,percent of total billed charges,31 percent of charges; No services were performed during the 15 month look back period.,418.927912,31,,,,,0,percent of total billed charges,31 percent of charges; No services were performed during the 15 month look back period.,,,,,,,,,,540.552144,40,,,,,0,percent of total billed charges,40 percent of charges; No services were performed during the 15 month look back period.,540.552144,40,,,,,0,percent of total billed charges,40 percent of charges; No services were performed during the 15 month look back period.,540.552144,40,,,,,0,percent of total billed charges,40 percent of charges; No services were performed during the 15 month look back period.,540.552144,40,,,,,0,percent of total billed charges,40 percent of charges; No services were performed during the 15 month look back period.,405.414108,30,,,,,0,percent of total billed charges,30 Percent of charges; No services were performed during the 15 month look back period.,405.414108,30,,,,,0,percent of total billed charges,30 Percent of charges; No services were performed during the 15 month look back period.,405.414108,30,,,,,0,percent of total billed charges,30 Percent of charges; No services were performed during the 15 month look back period.,405.414108,30,,,,,0,percent of total billed charges,30 Percent of charges; No services were performed during the 15 month look back period.,324.331287,24,,,,,0,percent of total billed charges,24 percent of charges; No services were performed during the 15 month look back period.,324.331287,24,,,,,0,percent of total billed charges,24 percent of charges; No services were performed during the 15 month look back period.,,,,,,,,,,,,,,,,,,,,,,,,,,,,,,,,,,,,,,,,,,,,,,,,,,,,,,,324.331287,24,,,,,0,percent of total billed charges,24 percent of charges; No services were performed during the 15 month look back period.,405.414108,30,,,,,0,percent of total billed charges,30 Percent of charges; No services were performed during the 15 month look back period.,,,,,,,,,,,,,,,,,,,,,,,,,,,,,,,,,,,,,,,,,,,,,,,,,,,,,,,,,,,,,,,,,,,,,,,,,,,,,,,,,,,,,,,,,,,,,,,,,,,,,,,,,,,,,,,,,,,,,,,,,,,,,,,,,,,,,,,,,,,,,,,,,,,,,,,,,,,,,,,,,,,,,,,,,,,,,,,,,,,,,,,,,,,,,,,,,,,,,,,405.414108,30,,,,,0,percent of total billed charges,30 Percent of charges; No services were performed during the 15 month look back period.,,,,,,,,,,,,,,,,,,,,,,,,,,,,,,,,,,,,,,,,,,,,,,,,,,,,,,,,,,,,,,,,135.138036,10,,,,,0,percent of total billed charges,10 percent of charges; No services were performed during the 15 month look back period.,135.138036,10,,,,,0,percent of total billed charges,10 percent of charges; No services were performed during the 15 month look back period.,135.138036,10,,,,,0,percent of total billed charges,10 percent of charges; No services were performed during the 15 month look back period.,135.138036,10,,,,,0,percent of total billed charges,10 percent of charges; No services were performed during the 15 month look back period.,,,,,,,,,,324.331287,24,,,,,0,percent of total billed charges,24 percent of charges; No services were performed during the 15 month look back period.,391.900305,29,,,,,0,percent of total billed charges,29 percent of charges; No services were performed during the 15 month look back period.,391.900305,29,,,,,0,percent of total billed charges,29 percent of charges; No services were performed during the 15 month look back period.,391.900305,29,,,,,0,percent of total billed charges,29 percent of charges; No services were performed during the 15 month look back period.,391.900305,29,,,,,0,percent of total billed charges,29 percent of charges; No services were performed during the 15 month look back period.,,,,,,,,,,,,,,,,,,,,,,,,,,,,,,,,,,,,,,,,,,,,,,,,,,,,,,,,,,,,,,,,,,,,,,,,,,,,,,,,,,,,,,,,,,,405.414108,30,,,,,0,percent of total billed charges,30 Percent of charges; No services were performed during the 15 month look back period.,,,,,,,,,,,,,,,,,,,,,,,,,,,,,,,,,,,,,,,,,,,,,,,,,,,,,,,,,,,,,,,,,,,,,,,,,,,,,,,,,,,,,,,,,,,,,,,,,,,,,,,,,,,,,,,,,,,,,,,,,,,,,,,432.441716,32,,,,,0,percent of total billed charges,32 pecent of charges; No services were performed during the 15 month look back period.,,,,,,,,,,,,,,,,,,,,,,,,,,,,,,,,,,,,,,,,,,,,,,391.900305,29,,,,,0,percent of total billed charges,29 percent of charges; No services were performed during the 15 month look back period.,391.900305,29,,,,,0,percent of total billed charges,29 percent of charges; No services were performed during the 15 month look back period.,391.900305,29,,,,,0,percent of total billed charges,29 percent of charges; No services were performed during the 15 month look back period.,391.900305,29,,,,,0,percent of total billed charges,29 percent of charges; No services were performed during the 15 month look back period.,,,,,,,,,,391.900305,29,,,,,0,percent of total billed charges,29 percent of charges; No services were performed during the 15 month look back period.,405.414108,30,,,,,0,percent of total billed charges,30 Percent of charges; No services were performed during the 15 month look back period.,391.900305,29,,,,,0,percent of total billed charges,29 percent of charges; No services were performed during the 15 month look back period.,432.441716,32,,,,,0,percent of total billed charges,32 pecent of charges; No services were performed during the 15 month look back period.,391.900305,29,,,,,0,percent of total billed charges,29 percent of charges; No services were performed during the 15 month look back period.,,,,,,,,,,,,,,,,,,,,,,,,,,,,391.900305,29,,,,,0,percent of total billed charges,29 percent of charges; No services were performed during the 15 month look back period.,,,,,,,,,,,,,,,,,,,,,,,,,,,,,,,,,,,,,,,,,,,,,,391.900305,29,,,,,0,percent of total billed charges,29 percent of charges; No services were performed during the 15 month look back period.,391.900305,29,,,,,0,percent of total billed charges,29 percent of charges; No services were performed during the 15 month look back period.,391.900305,29,,,,,0,percent of total billed charges,29 percent of charges; No services were performed during the 15 month look back period.,391.900305,29,,,,,0,percent of total billed charges,29 percent of charges; No services were performed during the 15 month look back period.,,,,,,,,,,,,,,,,,,,,,,,,,,,,,,,,,,,,,,,,,,,,,,,,,,,,,,,,,,,,,,,,,,,,,,,,,,,,,,,,,,,,,,,,,,,391.900305,29,,,,,0,percent of total billed charges,29 percent of charges; No services were performed during the 15 month look back period.,432.441716,32,,,,,0,percent of total billed charges,32 pecent of charges; No services were performed during the 15 month look back period.,986.507664,73,,,,,0,percent of total billed charges,73 percent of charges; No services were performed during the 15 month look back period.,135.138036,10,,,,,0,percent of total billed charges,10 percent of charges; No services were performed during the 15 month look back period.,135.138036,10,,,,,0,percent of total billed charges,10 percent of charges; No services were performed during the 15 month look back period.,405.414108,30,,,,,0,percent of total billed charges,30 Percent of charges; No services were performed during the 15 month look back period.,,,,,,,,,,540.552144,40,,,,,0,percent of total billed charges,40 percent of charges; No services were performed during the 15 month look back period.,540.552144,40,,,,,0,percent of total billed charges,40 percent of charges; No services were performed during the 15 month look back period.,,,,,,,,,,,,,,,,,,,,,,,,,,,,,,,,,,,,,,,,,,,,,,,,,,,,,,,135.138036,10,,,,,0,percent of total billed charges,10 percent of charges; No services were performed during the 15 month look back period.,,,,,,,,,,,,,,,,,,,,,,,,,,,,,,,,,,,,,391.900305,29,,,,,0,percent of total billed charges,29 percent of charges; No services were performed during the 15 month look back period.,,,,,,,,,,,,,,,,,,,391.900305,29,,,,,0,percent of total billed charges,29 percent of charges; No services were performed during the 15 month look back period.,,,,,,,,,,,,,,,,,,,,,,,,,,,,324.331287,24,,,,,0,percent of total billed charges,24 percent of charges; No services were performed during the 15 month look back period.,391.900305,29,,,,,0,percent of total billed charges,29 percent of charges; No services were performed during the 15 month look back period.,,,,,,,,,,,,,,,,,,,,,,,,,,,,,,,,,,,,,135.138036,10,,,,,0,percent of total billed charges,10 percent of charges; No services were performed during the 15 month look back period.,,,,,,,,,,,,,,,,,,,,,,,,,,,,,,,,,,,,,,,,,,,,,,,,,,,,,,,,,,,,,,,,,,,,,,,,,135.138036,10,,,,,0,percent of total billed charges,10 percent of charges; No services were performed during the 15 month look back period.,,,,,,,,,,,,,,,,,,,,,,,,,,,,,,,,,,,,,,,,,,,,,,,,,,,,,,,,,,,,,,,,,,,,,,,,,,,,,,,,,,,,,,,,,,,,,,,,,,,,,,,,,,,,,,,,,,,,,,391.900305,29,,,,,0,percent of total billed charges,29 percent of charges; No services were performed during the 15 month look back period.,391.900305,29,,,,,0,percent of total billed charges,29 percent of charges; No services were performed during the 15 month look back period.,391.900305,29,,,,,0,percent of total billed charges,29 percent of charges; No services were performed during the 15 month look back period.,391.900305,29,,,,,0,percent of total billed charges,29 percent of charges; No services were performed during the 15 month look back period.,391.900305,29,,,,,0,percent of total billed charges,29 percent of charges; No services were performed during the 15 month look back period.,391.900305,29,,,,,0,percent of total billed charges,29 percent of charges; No services were performed during the 15 month look back period.,391.900305,29,,,,,0,percent of total billed charges,29 percent of charges; No services were performed during the 15 month look back period.,391.900305,29,,,,,0,percent of total billed charges,29 percent of charges; No services were performed during the 15 month look back period.,391.900305,29,,,,,0,percent of total billed charges,29 percent of charges; No services were performed during the 15 month look back period.,391.900305,29,,,,,0,percent of total billed charges,29 percent of charges; No services were performed during the 15 month look back period.,391.900305,29,,,,,0,percent of total billed charges,29 percent of charges; No services were performed during the 15 month look back period.,391.900305,29,,,,,0,percent of total billed charges,29 percent of charges; No services were performed during the 15 month look back period.,391.900305,29,,,,,0,percent of total billed charges,29 percent of charges; No services were performed during the 15 month look back period.,,,,,,,,,,391.900305,29,,,,,0,percent of total billed charges,29 percent of charges; No services were performed during the 15 month look back period.,,,,,,,,,,256.762269,19,,,,,0,percent of total billed charges,19 percent of charges; No services were performed during the 15 month look back period.,175.679447,13,,,,,0,percent of total billed charges,13 percent of charges; No services were performed during the 15 month look back period.,135.138036,10,,,,,0,percent of total billed charges,10 percent of charges; No services were performed during the 15 month look back period.,135.138036,10,,,,,0,percent of total billed charges,10 percent of charges; No services were performed during the 15 month look back period.,,,,,,,,,,540.552144,40,,,,,0,percent of total billed charges,40 percent of charges; No services were performed during the 15 month look back period.,,,,,,,,,,,,,,,,,,,405.414108,30,,,,,0,percent of total billed charges,30 Percent of charges; No services were performed during the 15 month look back period.,,,,,,,,,,432.441716,32,,,,,0,percent of total billed charges,32 pecent of charges; No services were performed during the 15 month look back period.,,,,,,,,,,432.441716,32,,,,,0,percent of total billed charges,32 pecent of charges; No services were performed during the 15 month look back period.,405.414108,30,,,,,0,percent of total billed charges,30 Percent of charges; No services were performed during the 15 month look back period.,432.441716,32,,,,,0,percent of total billed charges,32 pecent of charges; No services were performed during the 15 month look back period.,,,,,,,,,,,,,,,,,,,,,,,,,,,,432.441716,32,,,,,0,percent of total billed charges,32 pecent of charges; No services were performed during the 15 month look back period.,135.138036,10,,,,,0,percent of total billed charges,10 percent of charges; No services were performed during the 15 month look back period.,,,,,,,,,,,,,,,,,,,,,,,,,,,,,,,,,,,,,,,,,,,,,,,,,,,,,,,,,,,,,,,,135.138036,10,,,,,0,percent of total billed charges,10 percent of charges; No services were performed during the 15 month look back period.,,,,,,,,,,,,,,,,,,,,,,,,,,,,391.900305,29,,,,,0,percent of total billed charges,29 percent of charges; No services were performed during the 15 month look back period.,391.900305,29,,,,,0,percent of total billed charges,29 percent of charges; No services were performed during the 15 month look back period.,418.927912,31,,,,,0,percent of total billed charges,31 percent of charges; No services were performed during the 15 month look back period.,,,,,,,,,,135.138036,10,,,,,0,percent of total billed charges,10 percent of charges; No services were performed during the 15 month look back period.,432.441716,32,,,,,0,percent of total billed charges,32 pecent of charges; No services were performed during the 15 month look back period.,405.414108,30,,,,,0,percent of total billed charges,30 Percent of charges; No services were performed during the 15 month look back period.,135.138036,10,,,,,0,percent of total billed charges,10 percent of charges; No services were performed during the 15 month look back period.,405.414108,30,,,,,0,percent of total billed charges,30 Percent of charges; No services were performed during the 15 month look back period.,135.138036,10,,,,,0,percent of total billed charges,10 percent of charges; No services were performed during the 15 month look back period.,,,,,,,,,,,,,,,,,,,,,,,,,,,,,,,,,,,,,,,,,,,,,,13.513804,1351.380361,
J1301,HCPCS,5010003,LOCAL,636,RC,"INJECTION, EDARAVONE, 1 MG",163.909607,31.142825,Outpatient,ME,1,,20.41,,,,,,,Fee Schedule,"100 % 1199 Fee Schedule. ",20.41,,,,,,,Fee Schedule,"100 % 1199 Fee Schedule. ",98.345764,60,,,,,0,percent of total billed charges,60 percent of billed charges; No services were performed during the 15 month look back period.,163.909607,100,,,,,0,percent of total billed charges,100 percent of billed charges; No services were performed during the 15 month look back period.,20.405,,,,,,,Fee Schedule,"100% ASP Fee Schedule. ",98.345764,60,,,,,0,percent of total billed charges,60 percent of billed charges; No services were performed during the 15 month look back period.,98.345764,60,,,,,0,percent of total billed charges,60 percent of billed charges; No services were performed during the 15 month look back period.,98.345764,60,,,,,0,percent of total billed charges,60 percent of billed charges; No services were performed during the 15 month look back period.,907.214545,,,,,,,Case Rate,"100 Percent of Medicaid APG. ",756.012121,,,,,,,Case Rate,"100 Percent of Medicaid APG. ",127.849494,78,,,,,0,percent of total billed charges,78% of Billed Charges. Lesser of 100% of billed charges applies.; No services were performed during the 15 month look back period.,,,,,,,,Fee Schedule,"100 % Zero Pay Code. ",756.012121,,,,,,,Case Rate,"100 Percent of Medicaid APG. ",20.405,,,,,,,Fee Schedule,"100% ASP Fee Schedule. ",49.172882,30,,,,,0,percent of total billed charges,30 percent of billed charges; No services were performed during the 15 month look back period.,49.172882,30,,,,,0,percent of total billed charges,30 percent of billed charges; No services were performed during the 15 month look back period.,49.172882,30,,,,,0,percent of total billed charges,30 percent of billed charges; No services were performed during the 15 month look back period.,49.172882,30,,,,,0,percent of total billed charges,30 percent of billed charges; No services were performed during the 15 month look back period.,28.6925,,,,,,,Fee schedule,"115 Percent of AWP Fee Schedule. ",20.405,,,,,,,Fee Schedule,"100% ASP Fee Schedule. ",28.6925,,,,,,,Fee schedule,"115 Percent of AWP Fee Schedule. ",127.849494,78,,,,,0,percent of total billed charges,78% of Billed Charges. Lesser of 100% of billed charges applies.; No services were performed during the 15 month look back period.,98.345764,60,,,,,0,percent of total billed charges,60 percent of billed charges; No services were performed during the 15 month look back period.,20.405,,,,,,,Fee Schedule,"100% ASP Fee Schedule. ",119.654013,73,,,,,0,percent of total billed charges,73 percent of billed charges; No services were performed during the 15 month look back period.,20.405,,,,,,,Fee Schedule,"100% ASP Fee Schedule. ",20.405,,,,,,,Fee Schedule,"100% ASP Fee Schedule. ",127.849494,78,,,,,0,percent of total billed charges,78% of Billed Charges. Lesser of 100% of billed charges applies.; No services were performed during the 15 month look back period.,18.837,,,,,,,Fee Schedule,100 Percent of ASP if not priced then 95 Percent of AWP. Lesser of 100% of billed charges applies.,18.837,,,,,,,Fee Schedule,100 Percent of ASP if not priced then 95 Percent of AWP. Lesser of 100% of billed charges applies.,17.89515,,,,,,,Fee schedule,"95 Percent of ASP. ",17.89515,,,,,,,Fee schedule,"95 Percent of ASP. ",119.654013,73,,,,,0,percent of total billed charges,73 percent of billed charges; No services were performed during the 15 month look back period.,119.654013,73,,,,,0,percent of total billed charges,73 percent of billed charges; No services were performed during the 15 month look back period.,756.012121,,,,,,,Case Rate,"100 Percent of Medicaid APG. Not APG payable, or payable under another fee schedule like ASP/AWP pays at 30% of charges",119.654013,73,,,,,0,percent of total billed charges,73 percent of billed charges; No services were performed during the 15 month look back period.,756.012121,,,,,,,Case Rate,"100 Percent of Medicaid APG. Not APG payable, or payable under another fee schedule like ASP/AWP pays at 30% of charges",20.405,,,,,,,Fee Schedule,"100% ASP Fee Schedule. ",119.654013,73,,,,,0,percent of total billed charges,73 percent of billed charges; No services were performed during the 15 month look back period.,127.849494,78,,,,,0,percent of total billed charges,78% of Billed Charges. Lesser of 100% of billed charges applies.; No services were performed during the 15 month look back period.,756.012121,,,,,,,Case Rate,"106 percent of Average Sales Price.. Drugs not priced under APG, billed with revenue code 636 and not priced by Medicare ASP FeeSched will be reimbursed at 20% of charges.",756.012121,,,,,,,Case Rate,"106 percent of Average Sales Price.. Drugs not priced under APG, billed with revenue code 636 and not priced by Medicare ASP FeeSched will be reimbursed at 20% of charges.",127.849494,78,,,,,0,percent of total billed charges,78% of Billed Charges. Lesser of 100% of billed charges applies.; No services were performed during the 15 month look back period.,49.172882,30,,,,,0,percent of total billed charges,30 percent of billed charges; No services were performed during the 15 month look back period.,,,,,,,,Fee Schedule,"100 % Zero Pay Code. ",,,,,,,,Fee Schedule,"100 % Zero Pay Code. ",127.849494,78,,,,,0,percent of total billed charges,78% of Billed Charges. Lesser of 100% of billed charges applies.; No services were performed during the 15 month look back period.,20.405,,,,,,,Fee Schedule,"100% ASP Fee Schedule. ",,,,,,,,Fee Schedule,"100 % Zero Pay Code. ",,,,,,,,Fee Schedule,"100 % Zero Pay Code. ",,,,,,,,Fee Schedule,"100 % Zero Pay Code. ",20.405,,,,,,,Fee Schedule,"100% ASP Fee Schedule. ",,,,,,,,Fee Schedule,"100 % Zero Pay Code. ",,,,,,,,Fee Schedule,"100 % Zero Pay Code. ",20.405,,,,,,,Fee Schedule,"100% of AWP Fee Schedule. ",81.954804,50,,,,,0,percent of total billed charges,50 percent of billed charges; No services were performed during the 15 month look back period.,73.759323,45,,,,,0,percent of total billed charges,45 percent of billed charges; No services were performed during the 15 month look back period.,73.759323,45,,,,,0,percent of total billed charges,45 percent of billed charges; No services were performed during the 15 month look back period.,73.759323,45,,,,,0,percent of total billed charges,45 percent of billed charges; No services were performed during the 15 month look back period.,73.759323,45,,,,,0,percent of total billed charges,45 percent of billed charges; No services were performed during the 15 month look back period.,73.759323,45,,,,,0,percent of total billed charges,45 percent of billed charges; No services were performed during the 15 month look back period.,73.759323,45,,,,,0,percent of total billed charges,45 percent of billed charges; No services were performed during the 15 month look back period.,20.405,,,,,,,Fee Schedule,"100% ASP Fee Schedule. ",20.405,,,,,,,Fee Schedule,"100% ASP Fee Schedule. ",73.759323,45,,,,,0,percent of total billed charges,45 percent of billed charges; No services were performed during the 15 month look back period.,127.849494,78,,,,,0,percent of total billed charges,78% of Billed Charges. Lesser of 100% of billed charges applies.; No services were performed during the 15 month look back period.,127.849494,78,,,,,0,percent of total billed charges,78% of Billed Charges. Lesser of 100% of billed charges applies.; No services were performed during the 15 month look back period.,127.849494,78,,,,,0,percent of total billed charges,78% of Billed Charges. Lesser of 100% of billed charges applies.; No services were performed during the 15 month look back period.,127.849494,78,,,,,0,percent of total billed charges,78% of Billed Charges. Lesser of 100% of billed charges applies.; No services were performed during the 15 month look back period.,127.849494,78,,,,,0,percent of total billed charges,78% of Billed Charges. Lesser of 100% of billed charges applies.; No services were performed during the 15 month look back period.,127.849494,78,,,,,0,percent of total billed charges,78% of Billed Charges. Lesser of 100% of billed charges applies.; No services were performed during the 15 month look back period.,127.849494,78,,,,,0,percent of total billed charges,78% of Billed Charges. Lesser of 100% of billed charges applies.; No services were performed during the 15 month look back period.,127.849494,78,,,,,0,percent of total billed charges,78% of Billed Charges. Lesser of 100% of billed charges applies.; No services were performed during the 15 month look back period.,127.849494,78,,,,,0,percent of total billed charges,78% of Billed Charges. Lesser of 100% of billed charges applies.; No services were performed during the 15 month look back period.,127.849494,78,,,,,0,percent of total billed charges,78% of Billed Charges. Lesser of 100% of billed charges applies.; No services were performed during the 15 month look back period.,127.849494,78,,,,,0,percent of total billed charges,78% of Billed Charges. Lesser of 100% of billed charges applies.; No services were performed during the 15 month look back period.,127.849494,78,,,,,0,percent of total billed charges,78% of Billed Charges. Lesser of 100% of billed charges applies.; No services were performed during the 15 month look back period.,127.849494,78,,,,,0,percent of total billed charges,78% of Billed Charges. Lesser of 100% of billed charges applies.; No services were performed during the 15 month look back period.,127.849494,78,,,,,0,percent of total billed charges,78% of Billed Charges. Lesser of 100% of billed charges applies.; No services were performed during the 15 month look back period.,127.849494,78,,,,,0,percent of total billed charges,78% of Billed Charges. Lesser of 100% of billed charges applies.; No services were performed during the 15 month look back period.,127.849494,78,,,,,0,percent of total billed charges,78% of Billed Charges. Lesser of 100% of billed charges applies.; No services were performed during the 15 month look back period.,127.849494,78,,,,,0,percent of total billed charges,78% of Billed Charges. Lesser of 100% of billed charges applies.; No services were performed during the 15 month look back period.,127.849494,78,,,,,0,percent of total billed charges,78% of Billed Charges. Lesser of 100% of billed charges applies.; No services were performed during the 15 month look back period.,127.849494,78,,,,,0,percent of total billed charges,78% of Billed Charges. Lesser of 100% of billed charges applies.; No services were performed during the 15 month look back period.,127.849494,78,,,,,0,percent of total billed charges,78% of Billed Charges. Lesser of 100% of billed charges applies.; No services were performed during the 15 month look back period.,127.849494,78,,,,,0,percent of total billed charges,78% of Billed Charges. Lesser of 100% of billed charges applies.; No services were performed during the 15 month look back period.,127.849494,78,,,,,0,percent of total billed charges,78% of Billed Charges. Lesser of 100% of billed charges applies.; No services were performed during the 15 month look back period.,127.849494,78,,,,,0,percent of total billed charges,78% of Billed Charges. Lesser of 100% of billed charges applies.; No services were performed during the 15 month look back period.,127.849494,78,,,,,0,percent of total billed charges,78% of Billed Charges. Lesser of 100% of billed charges applies.; No services were performed during the 15 month look back period.,127.849494,78,,,,,0,percent of total billed charges,78% of Billed Charges. Lesser of 100% of billed charges applies.; No services were performed during the 15 month look back period.,127.849494,78,,,,,0,percent of total billed charges,78% of Billed Charges. Lesser of 100% of billed charges applies.; No services were performed during the 15 month look back period.,119.654013,73,,,,,0,percent of total billed charges,73 percent of billed charges; No services were performed during the 15 month look back period.,119.654013,73,,,,,0,percent of total billed charges,73 percent of billed charges; No services were performed during the 15 month look back period.,119.654013,73,,,,,0,percent of total billed charges,73 percent of billed charges; No services were performed during the 15 month look back period.,119.654013,73,,,,,0,percent of total billed charges,73 percent of billed charges; No services were performed during the 15 month look back period.,131.127686,80,,,,,0,percent of total billed charges,80 percent of billed charges; No services were performed during the 15 month look back period.,131.127686,80,,,,,0,percent of total billed charges,80 percent of billed charges; No services were performed during the 15 month look back period.,49.172882,30,,,,,0,percent of total billed charges,30 percent of billed charges; No services were performed during the 15 month look back period.,73.759323,45,,,,,0,percent of total billed charges,45 percent of billed charges; No services were performed during the 15 month look back period.,,,,,,,,Fee Schedule,"100 % Zero Pay Code. ",73.759323,45,,,,,0,percent of total billed charges,45 percent of billed charges; No services were performed during the 15 month look back period.,127.849494,78,,,,,0,percent of total billed charges,78% of Billed Charges. Lesser of 100% of billed charges applies.; No services were performed during the 15 month look back period.,131.127686,80,,,,,0,percent of total billed charges,80 percent of billed charges; No services were performed during the 15 month look back period.,73.759323,45,,,,,0,percent of total billed charges,45 percent of billed charges; No services were performed during the 15 month look back period.,,,,,,,,Fee Schedule,"100 % Zero Pay Code. ",49.172882,30,,,,,0,percent of total billed charges,30 percent of billed charges; No services were performed during the 15 month look back period.,,,,,,,,,"NA. ",127.849494,78,,,,,0,percent of total billed charges,78% of Billed Charges. Lesser of 100% of billed charges applies.; No services were performed during the 15 month look back period.,756.012121,,,,,,,Case Rate,"100 Percent of Medicaid APG. ",119.654013,73,,,,,0,percent of total billed charges,73 percent of billed charges; No services were performed during the 15 month look back period.,756.012121,,,,,,,Case Rate,"100 Percent of Medicaid APG. Not APG payable, or payable under another fee schedule like ASP/AWP pays at 30% of charges",20.405,,,,,,,Fee Schedule,"100% ASP Fee Schedule. ",20.405,,,,,,,Fee Schedule,"100% ASP Fee Schedule. ",81.954804,50,,,,,0,percent of total billed charges,50 percent of billed charges; No services were performed during the 15 month look back period.,20.405,,,,,,,Fee Schedule,"100% ASP Fee Schedule. ",20.405,,,,,,,Fee Schedule,"100% ASP Fee Schedule. ",756.012121,,,,,,,Case Rate,"100 Percent of Medicaid APG. ",20.405,,,,,,,Fee Schedule,"100% ASP Fee Schedule. ",20.405,,,,,,,Fee Schedule,"100% ASP Fee Schedule. ",98.345764,60,,,,,0,percent of total billed charges,60 percent of billed charges; No services were performed during the 15 month look back period.,98.345764,60,,,,,0,percent of total billed charges,60 percent of billed charges; No services were performed during the 15 month look back period.,20.405,,,,,,,Fee Schedule,"100% ASP Fee Schedule. ",49.172882,30,,,,,0,percent of total billed charges,30 percent of billed charges; No services were performed during the 15 month look back period.,,,,,,,,Fee Schedule,"100 % Zero Pay Code. ",,,,,,,,Fee Schedule,"100 % Zero Pay Code. ",20.405,,,,,,,Fee Schedule,"100% ASP Fee Schedule. ",49.172882,30,,,,,0,percent of total billed charges,30 percent of billed charges; No services were performed during the 15 month look back period.,98.345764,60,,,,,0,percent of total billed charges,60 percent of billed charges; No services were performed during the 15 month look back period.,98.345764,60,,,,,0,percent of total billed charges,60 percent of billed charges; No services were performed during the 15 month look back period.,98.345764,60,,,,,0,percent of total billed charges,60 percent of billed charges; No services were performed during the 15 month look back period.,127.849494,78,,,,,0,percent of total billed charges,78% of Billed Charges. Lesser of 100% of billed charges applies.; No services were performed during the 15 month look back period.,127.849494,78,,,,,0,percent of total billed charges,78% of Billed Charges. Lesser of 100% of billed charges applies.; No services were performed during the 15 month look back period.,127.849494,78,,,,,0,percent of total billed charges,78% of Billed Charges. Lesser of 100% of billed charges applies.; No services were performed during the 15 month look back period.,127.849494,78,,,,,0,percent of total billed charges,78% of Billed Charges. Lesser of 100% of billed charges applies.; No services were performed during the 15 month look back period.,127.849494,78,,,,,0,percent of total billed charges,78% of Billed Charges. Lesser of 100% of billed charges applies.; No services were performed during the 15 month look back period.,127.849494,78,,,,,0,percent of total billed charges,78% of Billed Charges. Lesser of 100% of billed charges applies.; No services were performed during the 15 month look back period.,127.849494,78,,,,,0,percent of total billed charges,78% of Billed Charges. Lesser of 100% of billed charges applies.; No services were performed during the 15 month look back period.,127.849494,78,,,,,0,percent of total billed charges,78% of Billed Charges. Lesser of 100% of billed charges applies.; No services were performed during the 15 month look back period.,127.849494,78,,,,,0,percent of total billed charges,78% of Billed Charges. Lesser of 100% of billed charges applies.; No services were performed during the 15 month look back period.,127.849494,78,,,,,0,percent of total billed charges,78% of Billed Charges. Lesser of 100% of billed charges applies.; No services were performed during the 15 month look back period.,127.849494,78,,,,,0,percent of total billed charges,78% of Billed Charges. Lesser of 100% of billed charges applies.; No services were performed during the 15 month look back period.,131.127686,80,,,,,0,percent of total billed charges,80 percent of billed charges; No services were performed during the 15 month look back period.,73.759323,45,,,,,0,percent of total billed charges,45 percent of billed charges; No services were performed during the 15 month look back period.,49.172882,30,,,,,0,percent of total billed charges,30 percent of billed charges; No services were performed during the 15 month look back period.,20.405,,,,,,,Fee Schedule,"100% ASP Fee Schedule. ",98.345764,60,,,,,0,percent of total billed charges,60 percent of billed charges; No services were performed during the 15 month look back period.,49.172882,30,,,,,0,percent of total billed charges,30 percent of billed charges; No services were performed during the 15 month look back period.,49.172882,30,,,,,0,percent of total billed charges,30 percent of billed charges; No services were performed during the 15 month look back period.,127.849494,78,,,,,0,percent of total billed charges,78% of Billed Charges. Lesser of 100% of billed charges applies.; No services were performed during the 15 month look back period.,1617.865939,,,,,,,Case Rate,"141 percent of Average Sales Price.. Drugs not priced under APG, billed with revenue code 636 and not priced by Medicare ASP FeeSched will be reimbursed at 20% of charges.",49.172882,30,,,,,0,percent of total billed charges,30 percent of billed charges; No services were performed during the 15 month look back period.,756.012121,,,,,,,Case Rate,"100 Percent of Medicaid APG. ",20.405,,,,,,,Fee Schedule,"100% ASP Fee Schedule. ",20.405,,,,,,,Fee Schedule,"100% ASP Fee Schedule. ",20.405,,,,,,,Fee Schedule,"100% ASP Fee Schedule. ",20.405,,,,,,,Fee Schedule,"100% ASP Fee Schedule. ",20.405,,,,,,,Fee Schedule,"100% ASP Fee Schedule. ",20.405,,,,,,,Fee Schedule,"100% ASP Fee Schedule. ",49.172882,30,,,,,0,percent of total billed charges,30 percent of billed charges; No services were performed during the 15 month look back period.,81.954804,50,,,,,0,percent of total billed charges,50 percent of billed charges; No services were performed during the 15 month look back period.,31.9095,,,,,,,Fee Schedule,"157.5 Percent of AWP Fee Schedule. ",31.9095,,,,,,,Fee Schedule,"157.5 Percent of AWP Fee Schedule. ",31.9095,,,,,,,Fee Schedule,"157.5 Percent of AWP Fee Schedule. ",31.9095,,,,,,,Fee Schedule,"157.5 Percent of AWP Fee Schedule. ",31.9095,,,,,,,Fee Schedule,"157.5 Percent of AWP Fee Schedule. ",,,,,,,,,"NA. ",81.954804,50,,,,,0,percent of total billed charges,50 percent of billed charges; No services were performed during the 15 month look back period.,28.77105,,,,,,,Fee Schedule,141 Percent of of ASP. Drugs billed with revenue code 636 and not priced by Medicare ASP fee schedule will be reimburse at 20 percent of charges,28.77105,,,,,,,Fee Schedule,141 Percent of of ASP. Drugs billed with revenue code 636 and not priced by Medicare ASP fee schedule will be reimburse at 20 percent of charges,28.77105,,,,,,,Fee Schedule,141 Percent of of ASP. Drugs billed with revenue code 636 and not priced by Medicare ASP fee schedule will be reimburse at 20 percent of charges,28.77105,,,,,,,Fee Schedule,141 Percent of of ASP. Drugs billed with revenue code 636 and not priced by Medicare ASP fee schedule will be reimburse at 20 percent of charges,28.77105,,,,,,,Fee Schedule,141 Percent of of ASP. Drugs billed with revenue code 636 and not priced by Medicare ASP fee schedule will be reimburse at 20 percent of charges,20.405,,,,,,,Fee Schedule,"100% ASP Fee Schedule. ",131.127686,80,,,,,0,percent of total billed charges,80 percent of billed charges; No services were performed during the 15 month look back period.,131.127686,80,,,,,0,percent of total billed charges,80 percent of billed charges; No services were performed during the 15 month look back period.,131.127686,80,,,,,0,percent of total billed charges,80 percent of billed charges; No services were performed during the 15 month look back period.,131.127686,80,,,,,0,percent of total billed charges,80 percent of billed charges; No services were performed during the 15 month look back period.,98.345764,60,,,,,0,percent of total billed charges,60 percent of billed charges; No services were performed during the 15 month look back period.,98.345764,60,,,,,0,percent of total billed charges,60 percent of billed charges; No services were performed during the 15 month look back period.,98.345764,60,,,,,0,percent of total billed charges,60 percent of billed charges; No services were performed during the 15 month look back period.,98.345764,60,,,,,0,percent of total billed charges,60 percent of billed charges; No services were performed during the 15 month look back period.,81.954804,50,,,,,0,percent of total billed charges,50 percent of billed charges; No services were performed during the 15 month look back period.,81.954804,50,,,,,0,percent of total billed charges,50 percent of billed charges; No services were performed during the 15 month look back period.,20.405,,,,,,,Fee Schedule,"100% ASP Fee Schedule. ",20.405,,,,,,,Fee Schedule,"100% ASP Fee Schedule. ",20.405,,,,,,,Fee Schedule,"100% ASP Fee Schedule. ",73.759323,45,,,,,0,percent of total billed charges,45 percent of billed charges; No services were performed during the 15 month look back period.,73.759323,45,,,,,0,percent of total billed charges,45 percent of billed charges; No services were performed during the 15 month look back period.,73.759323,45,,,,,0,percent of total billed charges,45 percent of billed charges; No services were performed during the 15 month look back period.,81.954804,50,,,,,0,percent of total billed charges,50 percent of billed charges; No services were performed during the 15 month look back period.,98.345764,60,,,,,0,percent of total billed charges,60 percent of billed charges; No services were performed during the 15 month look back period.,20.405,,,,,,,Fee Schedule,"100% ASP Fee Schedule. ",73.759323,45,,,,,0,percent of total billed charges,45 percent of billed charges; No services were performed during the 15 month look back period.,756.012121,,,,,,,Case Rate,"100 Percent of Medicaid APG. ",20.8131,,,,,,,Fee Schedule,"100% of ASP Fee Schedule. ",20.8131,,,,,,,Fee Schedule,"100% of ASP Fee Schedule. ",20.8131,,,,,,,Fee Schedule,"100% of ASP Fee Schedule. ",17.89515,,,,,,,Fee schedule,"95 Percent of ASP. ",1.639096,1,,,,,0,percent of total billed charges,Approximating Cost. Lesser of 100% of billed charges applies.; No services were performed during the 15 month look back period.,1.639096,1,,,,,0,percent of total billed charges,Approximating Cost. Lesser of 100% of billed charges applies.; No services were performed during the 15 month look back period.,1.639096,1,,,,,0,percent of total billed charges,Approximating Cost. Lesser of 100% of billed charges applies.; No services were performed during the 15 month look back period.,1.639096,1,,,,,0,percent of total billed charges,Approximating Cost. Lesser of 100% of billed charges applies.; No services were performed during the 15 month look back period.,1.639096,1,,,,,0,percent of total billed charges,Approximating Cost. Lesser of 100% of billed charges applies.; No services were performed during the 15 month look back period.,20.8131,,,,,,,Fee Schedule,"100% of ASP Fee Schedule. ",756.012121,,,,,,,Case Rate,"100 Percent of Medicaid APG. ",18.837,,,,,,,Fee Schedule,100 Percent of ASP if not priced then 95 Percent of AWP. Lesser of 100% of billed charges applies.,1.639096,1,,,,,0,percent of total billed charges,Approximating Cost. Lesser of 100% of billed charges applies.; No services were performed during the 15 month look back period.,1.639096,1,,,,,0,percent of total billed charges,Approximating Cost. Lesser of 100% of billed charges applies.; No services were performed during the 15 month look back period.,18.837,,,,,,,Fee Schedule,100 Percent of ASP if not priced then 95 Percent of AWP. Lesser of 100% of billed charges applies.,18.837,,,,,,,Fee Schedule,100 Percent of ASP if not priced then 95 Percent of AWP. Lesser of 100% of billed charges applies.,31.9095,,,,,,,Fee Schedule,"157.5 Percent of AWP Fee Schedule. ",20.405,,,,,,,Fee Schedule,"100% ASP Fee Schedule. ",20.405,,,,,,,Fee Schedule,"100% ASP Fee Schedule. ",98.345764,60,,,,,0,percent of total billed charges,60 percent of billed charges; No services were performed during the 15 month look back period.,20.405,,,,,,,Fee Schedule,"100% ASP Fee Schedule. ",17.89515,,,,,,,Fee Schedule,"95 Percent of ASP. ",17.89515,,,,,,,Fee Schedule,"95 Percent of ASP. ",17.89515,,,,,,,Fee schedule,"95 Percent of ASP. ",17.89515,,,,,,,Fee schedule,"95 Percent of ASP. ",23.299,,,,,,,Fee Schedule,"115 Percent of AWP. ",28.6925,,,,,,,Fee schedule,"115 Percent of AWP Fee Schedule. ",1701.027273,,,,,,,Case Rate,"100 Percent of Medicaid APG. ",1701.027273,,,,,,,Case Rate,"100 Percent of Medicaid APG. ",1701.027273,,,,,,,Case Rate,"100 Percent of Medicaid APG. ",1701.027273,,,,,,,Case Rate,"100 Percent of Medicaid APG. ",73.759323,45,,,,,0,percent of total billed charges,45 percent of billed charges; No services were performed during the 15 month look back period.,81.954804,50,,,,,0,percent of total billed charges,50 percent of billed charges; No services were performed during the 15 month look back period.,907.214545,,,,,,,Case Rate,"120 Percent of Medicaid APG. Not APG payable, or payable under another fee schedule like ASP/AWP pays at 30% of charges",907.214545,,,,,,,Case Rate,"120 Percent of Medicaid APG. Not APG payable, or payable under another fee schedule like ASP/AWP pays at 30% of charges",756.012121,,,,,,,Case Rate,"100 Percent of Medicaid APG. Not APG payable, or payable under another fee schedule like ASP/AWP pays at 30% of charges",756.012121,,,,,,,Case Rate,"100 Percent of Medicaid APG. Not APG payable, or payable under another fee schedule like ASP/AWP pays at 30% of charges",73.759323,45,,,,,0,percent of total billed charges,45 percent of billed charges; No services were performed during the 15 month look back period.,73.759323,45,,,,,0,percent of total billed charges,45 percent of billed charges; No services were performed during the 15 month look back period.,20.405,,,,,,,Fee Schedule,"100% ASP Fee Schedule. ",73.759323,45,,,,,0,percent of total billed charges,45 percent of billed charges; No services were performed during the 15 month look back period.,73.759323,45,,,,,0,percent of total billed charges,45 percent of billed charges; No services were performed during the 15 month look back period.,73.759323,45,,,,,0,percent of total billed charges,45 percent of billed charges; No services were performed during the 15 month look back period.,73.759323,45,,,,,0,percent of total billed charges,45 percent of billed charges; No services were performed during the 15 month look back period.,20.405,,,,,,,Fee Schedule,"100% ASP Fee Schedule. ",73.759323,45,,,,,0,percent of total billed charges,45 percent of billed charges; No services were performed during the 15 month look back period.,73.759323,45,,,,,0,percent of total billed charges,45 percent of billed charges; No services were performed during the 15 month look back period.,98.345764,60,,,,,0,percent of total billed charges,60 percent of billed charges; No services were performed during the 15 month look back period.,19.77885,,,,,,,Fee Schedule,105% of ASP. Lesser of 100% of billed charges applies.,28.6925,,,,,,,Fee schedule,"115 Percent of AWP Fee Schedule. ",1.639096,1,,,,,0,percent of total billed charges,Approximating Cost. Lesser of 100% of billed charges applies.; No services were performed during the 15 month look back period.,23.299,,,,,,,Fee Schedule,"115 Percent of AWP. ",28.6925,,,,,,,Fee schedule,"115 Percent of AWP Fee Schedule. ",1.639096,1,,,,,0,percent of total billed charges,Approximating Cost. Lesser of 100% of billed charges applies.; No services were performed during the 15 month look back period.,1.639096,1,,,,,0,percent of total billed charges,Approximating Cost. Lesser of 100% of billed charges applies.; No services were performed during the 15 month look back period.,1.639096,1,,,,,0,percent of total billed charges,Approximating Cost. Lesser of 100% of billed charges applies.; No services were performed during the 15 month look back period.,1.639096,1,,,,,0,percent of total billed charges,Approximating Cost. Lesser of 100% of billed charges applies.; No services were performed during the 15 month look back period.,1.639096,1,,,,,0,percent of total billed charges,Approximating Cost. Lesser of 100% of billed charges applies.; No services were performed during the 15 month look back period.,1.639096,1,,,,,0,percent of total billed charges,Approximating Cost. Lesser of 100% of billed charges applies.; No services were performed during the 15 month look back period.,,,,,,,,,"NA. ",,,,,,,,,"NA. ",,,,,,,,,"NA. ",49.172882,30,,,,,0,percent of total billed charges,30 percent of billed charges; No services were performed during the 15 month look back period.,,,,,,,,,"NA. ",20.405,,,,,,,Fee Schedule,"100% ASP Fee Schedule. ",20.41,,,,,,,Fee Schedule,"100 % 1199 Fee Schedule. ",20.405,,,,,,,Fee Schedule,"100% ASP Fee Schedule. ",20.405,,,,,,,Fee Schedule,"100% ASP Fee Schedule. ",907.214545,,,,,,,Case Rate,"120 Percent of Medicaid APG. Not APG payable, or payable under another fee schedule like ASP/AWP pays at 30% of charges",907.214545,,,,,,,Case Rate,"120 Percent of Medicaid APG. Not APG payable, or payable under another fee schedule like ASP/AWP pays at 30% of charges",756.012121,,,,,,,Case Rate,"100 Percent of Medicaid APG. Not APG payable, or payable under another fee schedule like ASP/AWP pays at 30% of charges",756.012121,,,,,,,Case Rate,"100 Percent of Medicaid APG. Not APG payable, or payable under another fee schedule like ASP/AWP pays at 30% of charges",756.012121,,,,,,,Case Rate,"100 Percent of Medicaid APG. ",119.654013,73,,,,,0,percent of total billed charges,73 percent of billed charges; No services were performed during the 15 month look back period.,98.345764,60,,,,,0,percent of total billed charges,60 percent of billed charges; No services were performed during the 15 month look back period.,119.654013,73,,,,,0,percent of total billed charges,73 percent of billed charges; No services were performed during the 15 month look back period.,49.172882,30,,,,,0,percent of total billed charges,30 percent of billed charges; No services were performed during the 15 month look back period.,20.405,,,,,,,Fee Schedule,"100% ASP Fee Schedule. ",20.405,,,,,,,Fee Schedule,"100% ASP Fee Schedule. ",20.405,,,,,,,Fee Schedule,"100% ASP Fee Schedule. ",20.405,,,,,,,Fee Schedule,"100% ASP Fee Schedule. ",20.405,,,,,,,Fee Schedule,"100% ASP Fee Schedule. ",20.405,,,,,,,Fee Schedule,"100% ASP Fee Schedule. ",,,,,,,,,"NA. ",1.639096,1,,,,,0,percent of total billed charges,Approximating Cost. Lesser of 100% of billed charges applies.; No services were performed during the 15 month look back period.,18.837,,,,,,,Fee Schedule,100 Percent of ASP if not priced then 95 Percent of AWP. Lesser of 100% of billed charges applies.,73.759323,45,,,,,0,percent of total billed charges,45 percent of billed charges; No services were performed during the 15 month look back period.,119.654013,73,,,,,0,percent of total billed charges,73 percent of billed charges; No services were performed during the 15 month look back period.,119.654013,73,,,,,0,percent of total billed charges,73 percent of billed charges; No services were performed during the 15 month look back period.,119.654013,73,,,,,0,percent of total billed charges,73 percent of billed charges; No services were performed during the 15 month look back period.,119.654013,73,,,,,0,percent of total billed charges,73 percent of billed charges; No services were performed during the 15 month look back period.,20.405,,,,,,,Fee Schedule,"100% ASP Fee Schedule. ",756.012121,,,,,,,Case Rate,"100 Percent of Medicaid APG. ",73.759323,45,,,,,0,percent of total billed charges,45 percent of billed charges; No services were performed during the 15 month look back period.,756.012121,,,,,,,Case Rate,"100 Percent of Medicaid APG. ",20.405,,,,,,,Fee Schedule,"100% ASP Fee Schedule. ",756.012121,,,,,,,Case Rate,"100 Percent of Medicaid APG. ",20.405,,,,,,,Fee Schedule,"100% ASP Fee Schedule. ",20.405,,,,,,,Fee Schedule,"100% ASP Fee Schedule. ",756.012121,,,,,,,Case Rate,"100 Percent of Medicaid APG. ",756.012121,,,,,,,Case Rate,"100 Percent of Medicaid APG. ",119.654013,73,,,,,0,percent of total billed charges,73 percent of billed charges; No services were performed during the 15 month look back period.,49.172882,30,,,,,0,percent of total billed charges,30 percent of billed charges; No services were performed during the 15 month look back period.,127.849494,78,,,,,0,percent of total billed charges,78% of Billed Charges. Lesser of 100% of billed charges applies.; No services were performed during the 15 month look back period.,,,,,,,,Fee Schedule,"100 % Zero Pay Code. ",,,,,,,,Fee Schedule,"100 % Zero Pay Code. ",98.345764,60,,,,,0,percent of total billed charges,60 percent of billed charges; No services were performed during the 15 month look back period.,20.405,,,,,,,Fee Schedule,"100% of AWP Fee Schedule. ",131.127686,80,,,,,0,percent of total billed charges,80 percent of billed charges; No services were performed during the 15 month look back period.,131.127686,80,,,,,0,percent of total billed charges,80 percent of billed charges; No services were performed during the 15 month look back period.,59.007459,36,,,,,0,percent of total billed charges,36 percent of billed charges; No services were performed during the 15 month look back period.,59.007459,36,,,,,0,percent of total billed charges,36 percent of billed charges; No services were performed during the 15 month look back period.,20.405,,,,,,,Fee Schedule,"100% ASP Fee Schedule. ",20.405,,,,,,,Fee Schedule,"100% ASP Fee Schedule. ",20.405,,,,,,,Fee Schedule,"100% ASP Fee Schedule. ",20.405,,,,,,,Fee Schedule,"100% ASP Fee Schedule. ",,,,,,,,Fee Schedule,"100 % Zero Pay Code. ",73.759323,45,,,,,0,percent of total billed charges,45 percent of billed charges; No services were performed during the 15 month look back period.,73.759323,45,,,,,0,percent of total billed charges,45 percent of billed charges; No services were performed during the 15 month look back period.,20.405,,,,,,,Fee Schedule,"100% ASP Fee Schedule. ",59.007459,36,,,,,0,percent of total billed charges,36 percent of billed charges; No services were performed during the 15 month look back period.,119.654013,73,,,,,0,percent of total billed charges,73 percent of billed charges; No services were performed during the 15 month look back period.,907.214545,,,,,,,Fee Schedule,"120 Percent of Medicaid APG. ",756.012121,,,,,,,Case Rate,"100 Percent of Medicaid APG. ",119.654013,73,,,,,0,percent of total billed charges,73 percent of billed charges; No services were performed during the 15 month look back period.,66.383391,40.5,,,,,0,percent of total billed charges,40.5 percent of billed charges; No services were performed during the 15 month look back period.,66.383391,40.5,,,,,0,percent of total billed charges,40.5 percent of billed charges; No services were performed during the 15 month look back period.,73.759323,45,,,,,0,percent of total billed charges,45 percent of billed charges; No services were performed during the 15 month look back period.,81.954804,50,,,,,0,percent of total billed charges,50 percent of billed charges; No services were performed during the 15 month look back period.,20.405,,,,,,,Fee Schedule,"100% ASP Fee Schedule. ",793.812727,,,,,,,Fee Schedule,105 percent of Medicaid APG. otherwise 105% of Ordered NYS MCD FS or 105% of ASP+6%,793.812727,,,,,,,Fee Schedule,105 percent of Medicaid APG. otherwise 105% of Ordered NYS MCD FS or 105% of ASP+6%,793.812727,,,,,,,Fee Schedule,105 percent of Medicaid APG. otherwise 105% of Ordered NYS MCD FS or 105% of ASP+6%,1020.616364,,,,,,,Fee Schedule,135 percent of Medicaid APG. otherwise 135% of Ordered NYS MCD FS or 135% of ASP+6%,,,,,,,,Fee Schedule,"100 % Zero Pay Code. ",793.812727,,,,,,,Fee Schedule,105 percent of Medicaid APG. otherwise 105% of Ordered NYS MCD FS or 105% of ASP+6%,793.812727,,,,,,,Fee Schedule,105 percent of Medicaid APG. otherwise 105% of Ordered NYS MCD FS or 105% of ASP+6%,793.812727,,,,,,,Fee Schedule,105 percent of Medicaid APG. otherwise 105% of Ordered NYS MCD FS or 105% of ASP+6%,793.812727,,,,,,,Fee Schedule,105 percent of Medicaid APG. otherwise 105% of Ordered NYS MCD FS or 105% of ASP+6%,793.812727,,,,,,,Fee Schedule,105 percent of Medicaid APG. otherwise 105% of Ordered NYS MCD FS or 105% of ASP+6%,1020.616364,,,,,,,Fee Schedule,135 percent of Medicaid APG. otherwise 135% of Ordered NYS MCD FS or 135% of ASP+6%,1020.616364,,,,,,,Fee Schedule,135 percent of Medicaid APG. otherwise 135% of Ordered NYS MCD FS or 135% of ASP+6%,20.405,,,,,,,Fee Schedule,"100% ASP Fee Schedule. ",,,,,,,,Fee Schedule,"100 % Zero Pay Code. ",20.405,,,,,,,Fee Schedule,"100% ASP Fee Schedule. ",793.812727,,,,,,,Fee Schedule,105 percent of Medicaid APG. otherwise 105% of Ordered NYS MCD FS or 105% of ASP+6%,73.759323,45,,,,,0,percent of total billed charges,45 percent of billed charges; No services were performed during the 15 month look back period.,20.405,,,,,,,Fee Schedule,"100% ASP Fee Schedule. ",73.759323,45,,,,,0,percent of total billed charges,45 percent of billed charges; No services were performed during the 15 month look back period.,73.759323,45,,,,,0,percent of total billed charges,45 percent of billed charges; No services were performed during the 15 month look back period.,73.759323,45,,,,,0,percent of total billed charges,45 percent of billed charges; No services were performed during the 15 month look back period.,793.812727,,,,,,,Fee Schedule,105 percent of Medicaid APG. otherwise 105% of Ordered NYS MCD FS or 105% of ASP+6%,20.405,,,,,,,Fee Schedule,"100% ASP Fee Schedule. ",73.759323,45,,,,,0,percent of total billed charges,45 percent of billed charges; No services were performed during the 15 month look back period.,1020.616364,,,,,,,Fee Schedule,135 percent of Medicaid APG. otherwise 135% of Ordered NYS MCD FS or 135% of ASP+6%,73.759323,45,,,,,0,percent of total billed charges,45 percent of billed charges; No services were performed during the 15 month look back period.,49.172882,30,,,,,0,percent of total billed charges,30% of Charges. ; No services were performed during the 15 month look back period.,20.405,,,,,,,Fee Schedule,"100% ASP Fee Schedule. ",119.654013,73,,,,,0,percent of total billed charges,73 percent of billed charges; No services were performed during the 15 month look back period.,119.654013,73,,,,,0,percent of total billed charges,73 percent of billed charges; No services were performed during the 15 month look back period.,119.654013,73,,,,,0,percent of total billed charges,73 percent of billed charges; No services were performed during the 15 month look back period.,119.654013,73,,,,,0,percent of total billed charges,73 percent of billed charges; No services were performed during the 15 month look back period.,119.654013,73,,,,,0,percent of total billed charges,73 percent of billed charges; No services were performed during the 15 month look back period.,119.654013,73,,,,,0,percent of total billed charges,73 percent of billed charges; No services were performed during the 15 month look back period.,119.654013,73,,,,,0,percent of total billed charges,73 percent of billed charges; No services were performed during the 15 month look back period.,119.654013,73,,,,,0,percent of total billed charges,73 percent of billed charges; No services were performed during the 15 month look back period.,119.654013,73,,,,,0,percent of total billed charges,73 percent of billed charges; No services were performed during the 15 month look back period.,119.654013,73,,,,,0,percent of total billed charges,73 percent of billed charges; No services were performed during the 15 month look back period.,119.654013,73,,,,,0,percent of total billed charges,73 percent of billed charges; No services were performed during the 15 month look back period.,119.654013,73,,,,,0,percent of total billed charges,73 percent of billed charges; No services were performed during the 15 month look back period.,20.405,,,,,,,Fee Schedule,"100% ASP Fee Schedule. ",119.654013,73,,,,,0,percent of total billed charges,73 percent of billed charges; No services were performed during the 15 month look back period.,20.405,,,,,,,Fee Schedule,"100% ASP Fee Schedule. ",1701.027273,,,,,,,Case Rate,"106 percent of Average Sales Price.. Drugs not priced under APG, billed with revenue code 636 and not priced by Medicare ASP FeeSched will be reimbursed at 20% of charges.",756.012121,,,,,,,Case Rate,"106 percent of Average Sales Price.. Drugs not priced under APG, billed with revenue code 636 and not priced by Medicare ASP FeeSched will be reimbursed at 20% of charges.",,,,,,,,Fee Schedule,"100 % Zero Pay Code. ",,,,,,,,Fee Schedule,"100 % Zero Pay Code. ",20.405,,,,,,,Fee Schedule,"100% ASP Fee Schedule. ",131.127686,80,,,,,0,percent of total billed charges,80 percent of billed charges; No services were performed during the 15 month look back period.,20.405,,,,,,,Fee Schedule,"100% ASP Fee Schedule. ",20.405,,,,,,,Fee Schedule,"100% ASP Fee Schedule. ",98.345764,60,,,,,0,percent of total billed charges,60 percent of billed charges; No services were performed during the 15 month look back period.,20.405,,,,,,,Fee Schedule,"100% ASP Fee Schedule. ",49.172882,30,,,,,0,percent of total billed charges,30 percent of billed charges; No services were performed during the 15 month look back period.,20.405,,,,,,,Fee Schedule,"100% ASP Fee Schedule. ",49.172882,30,,,,,0,percent of total billed charges,30 percent of billed charges; No services were performed during the 15 month look back period.,98.345764,60,,,,,0,percent of total billed charges,60 percent of billed charges; No services were performed during the 15 month look back period.,49.172882,30,,,,,0,percent of total billed charges,30 percent of billed charges; No services were performed during the 15 month look back period.,20.405,,,,,,,Fee Schedule,"100% ASP Fee Schedule. ",756.012121,,,,,,,Case Rate,"100 Percent of Medicaid APG. ",20.405,,,,,,,Fee Schedule,"100% ASP Fee Schedule. ",49.172882,30,,,,,0,percent of total billed charges,30 percent of billed charges; No services were performed during the 15 month look back period.,,,,,,,,Fee Schedule,"100 % Zero Pay Code. ",756.012121,,,,,,,Case Rate,"100 Percent of Medicaid APG. ",73.759323,45,,,,,0,percent of total billed charges,45 percent of billed charges; No services were performed during the 15 month look back period.,907.214545,,,,,,,Fee Schedule,"120 Percent of Medicaid APG. ",907.214545,,,,,,,Fee Schedule,"120 Percent of Medicaid APG. ",73.759323,45,,,,,0,percent of total billed charges,45 percent of billed charges; No services were performed during the 15 month look back period.,73.759323,45,,,,,0,percent of total billed charges,45 percent of billed charges; No services were performed during the 15 month look back period.,73.759323,45,,,,,0,percent of total billed charges,45 percent of billed charges; No services were performed during the 15 month look back period.,,,,,,,,Fee Schedule,"100 % Zero Pay Code. ",73.759323,45,,,,,0,percent of total billed charges,45 percent of billed charges; No services were performed during the 15 month look back period.,73.759323,45,,,,,0,percent of total billed charges,45 percent of billed charges; No services were performed during the 15 month look back period.,73.759323,45,,,,,0,percent of total billed charges,45 percent of billed charges; No services were performed during the 15 month look back period.,119.654013,73,,,,,0,percent of total billed charges,73 percent of billed charges; No services were performed during the 15 month look back period.,119.654013,73,,,,,0,percent of total billed charges,73 percent of billed charges; No services were performed during the 15 month look back period.,28.77105,,,,,,,Fee Schedule,141 Percent of of ASP. Drugs billed with revenue code 636 and not priced by Medicare ASP fee schedule will be reimburse at 20 percent of charges,756.012121,,,,,,,Case Rate,"100 Percent of Medicaid APG. ",,,,,,,,Fee Schedule,"100 % Zero Pay Code. ",49.172882,30,,,,,0,percent of total billed charges,30 percent of billed charges; No services were performed during the 15 month look back period.,98.345764,60,,,,,0,percent of total billed charges,60 percent of billed charges; No services were performed during the 15 month look back period.,,,,,,,,Fee Schedule,"100 % Zero Pay Code. ",98.345764,60,,,,,0,percent of total billed charges,60 percent of billed charges; No services were performed during the 15 month look back period.,,,,,,,,Fee Schedule,"100 % Zero Pay Code. ",73.759323,45,,,,,0,percent of total billed charges,45 percent of billed charges; No services were performed during the 15 month look back period.,73.759323,45,,,,,0,percent of total billed charges,45 percent of billed charges; No services were performed during the 15 month look back period.,73.759323,45,,,,,0,percent of total billed charges,45 percent of billed charges; No services were performed during the 15 month look back period.,73.759323,45,,,,,0,percent of total billed charges,45 percent of billed charges; No services were performed during the 15 month look back period.,20.405,,,,,,,Fee Schedule,"100% ASP Fee Schedule. ",1.639096,1701.027273,
J1325,HCPCS,5010003,LOCAL,636,RC,EPOPROSTENOL INJECTION,248.513378,47.217542,Inpatient,ME,0.5,,,,,,,,,,,,,,,,,,,,74.554014,30,,,,,0,percent of total billed charges,30 Percent of charges; No services were performed during the 15 month look back period.,248.513378,100,,,,,0,percent of total billed charges,100 percent of charges; No services were performed during the 15 month look back period.,,,,,,,,,,74.554014,30,,,,,0,percent of total billed charges,30 Percent of charges; No services were performed during the 15 month look back period.,74.554014,30,,,,,0,percent of total billed charges,30 Percent of charges; No services were performed during the 15 month look back period.,74.554014,30,,,,,0,percent of total billed charges,30 Percent of charges; No services were performed during the 15 month look back period.,24.851338,10,,,,,0,percent of total billed charges,10 percent of charges; No services were performed during the 15 month look back period.,,,,,,,,,,181.414766,73,,,,,0,percent of total billed charges,73 percent of charges; No services were performed during the 15 month look back period.,24.851338,10,,,,,0,percent of total billed charges,10 percent of charges; No services were performed during the 15 month look back period.,,,,,,,,,,,,,,,,,,,79.524281,32,,,,,0,percent of total billed charges,32 pecent of charges; No services were performed during the 15 month look back period.,79.524281,32,,,,,0,percent of total billed charges,32 pecent of charges; No services were performed during the 15 month look back period.,79.524281,32,,,,,0,percent of total billed charges,32 pecent of charges; No services were performed during the 15 month look back period.,79.524281,32,,,,,0,percent of total billed charges,32 pecent of charges; No services were performed during the 15 month look back period.,,,,,,,,,,,,,,,,,,,,,,,,,,,,181.414766,73,,,,,0,percent of total billed charges,73 percent of charges; No services were performed during the 15 month look back period.,74.554014,30,,,,,0,percent of total billed charges,30 Percent of charges; No services were performed during the 15 month look back period.,99.405351,40,,,,,0,percent of total billed charges,40 percent of charges; No services were performed during the 15 month look back period.,72.06888,29,,,,,0,percent of total billed charges,29 percent of charges; No services were performed during the 15 month look back period.,99.405351,40,,,,,0,percent of total billed charges,40 percent of charges; No services were performed during the 15 month look back period.,99.405351,40,,,,,0,percent of total billed charges,40 percent of charges; No services were performed during the 15 month look back period.,181.414766,73,,,,,0,percent of total billed charges,73 percent of charges; No services were performed during the 15 month look back period.,,,,,,,,,,,,,,,,,,,,,,,,,,,,,,,,,,,,,72.06888,29,,,,,0,percent of total billed charges,29 percent of charges; No services were performed during the 15 month look back period.,72.06888,29,,,,,0,percent of total billed charges,29 percent of charges; No services were performed during the 15 month look back period.,72.06888,29,,,,,0,percent of total billed charges,29 percent of charges; No services were performed during the 15 month look back period.,72.06888,29,,,,,0,percent of total billed charges,29 percent of charges; No services were performed during the 15 month look back period.,72.06888,29,,,,,0,percent of total billed charges,29 percent of charges; No services were performed during the 15 month look back period.,72.06888,29,,,,,0,percent of total billed charges,29 percent of charges; No services were performed during the 15 month look back period.,72.06888,29,,,,,0,percent of total billed charges,29 percent of charges; No services were performed during the 15 month look back period.,181.414766,73,,,,,0,percent of total billed charges,73 percent of charges; No services were performed during the 15 month look back period.,32.306739,13,,,,,0,percent of total billed charges,13 percent of charges; No services were performed during the 15 month look back period.,32.306739,13,,,,,0,percent of total billed charges,13 percent of charges; No services were performed during the 15 month look back period.,181.414766,73,,,,,0,percent of total billed charges,73 percent of charges; No services were performed during the 15 month look back period.,79.524281,32,,,,,0,percent of total billed charges,32 pecent of charges; No services were performed during the 15 month look back period.,24.851338,10,,,,,0,percent of total billed charges,10 percent of charges; No services were performed during the 15 month look back period.,24.851338,10,,,,,0,percent of total billed charges,10 percent of charges; No services were performed during the 15 month look back period.,181.414766,73,,,,,0,percent of total billed charges,73 percent of charges; No services were performed during the 15 month look back period.,,,,,,,,,,24.851338,10,,,,,0,percent of total billed charges,10 percent of charges; No services were performed during the 15 month look back period.,24.851338,10,,,,,0,percent of total billed charges,10 percent of charges; No services were performed during the 15 month look back period.,24.851338,10,,,,,0,percent of total billed charges,10 percent of charges; No services were performed during the 15 month look back period.,,,,,,,,,,24.851338,10,,,,,0,percent of total billed charges,10 percent of charges; No services were performed during the 15 month look back period.,24.851338,10,,,,,0,percent of total billed charges,10 percent of charges; No services were performed during the 15 month look back period.,,,,,,,,,,59.643211,24,,,,,0,percent of total billed charges,24 percent of charges; No services were performed during the 15 month look back period.,,,,,,,,,,,,,,,,,,,,,,,,,,,,,,,,,,,,,,,,,,,,,,,,,,,,,,,,,,,,,,,,,,,,,,,,,,,,,,,,,,181.414766,73,,,,,0,percent of total billed charges,73 percent of charges; No services were performed during the 15 month look back period.,181.414766,73,,,,,0,percent of total billed charges,73 percent of charges; No services were performed during the 15 month look back period.,181.414766,73,,,,,0,percent of total billed charges,73 percent of charges; No services were performed during the 15 month look back period.,181.414766,73,,,,,0,percent of total billed charges,73 percent of charges; No services were performed during the 15 month look back period.,181.414766,73,,,,,0,percent of total billed charges,73 percent of charges; No services were performed during the 15 month look back period.,181.414766,73,,,,,0,percent of total billed charges,73 percent of charges; No services were performed during the 15 month look back period.,181.414766,73,,,,,0,percent of total billed charges,73 percent of charges; No services were performed during the 15 month look back period.,181.414766,73,,,,,0,percent of total billed charges,73 percent of charges; No services were performed during the 15 month look back period.,181.414766,73,,,,,0,percent of total billed charges,73 percent of charges; No services were performed during the 15 month look back period.,181.414766,73,,,,,0,percent of total billed charges,73 percent of charges; No services were performed during the 15 month look back period.,181.414766,73,,,,,0,percent of total billed charges,73 percent of charges; No services were performed during the 15 month look back period.,181.414766,73,,,,,0,percent of total billed charges,73 percent of charges; No services were performed during the 15 month look back period.,181.414766,73,,,,,0,percent of total billed charges,73 percent of charges; No services were performed during the 15 month look back period.,181.414766,73,,,,,0,percent of total billed charges,73 percent of charges; No services were performed during the 15 month look back period.,181.414766,73,,,,,0,percent of total billed charges,73 percent of charges; No services were performed during the 15 month look back period.,181.414766,73,,,,,0,percent of total billed charges,73 percent of charges; No services were performed during the 15 month look back period.,181.414766,73,,,,,0,percent of total billed charges,73 percent of charges; No services were performed during the 15 month look back period.,181.414766,73,,,,,0,percent of total billed charges,73 percent of charges; No services were performed during the 15 month look back period.,181.414766,73,,,,,0,percent of total billed charges,73 percent of charges; No services were performed during the 15 month look back period.,181.414766,73,,,,,0,percent of total billed charges,73 percent of charges; No services were performed during the 15 month look back period.,181.414766,73,,,,,0,percent of total billed charges,73 percent of charges; No services were performed during the 15 month look back period.,181.414766,73,,,,,0,percent of total billed charges,73 percent of charges; No services were performed during the 15 month look back period.,181.414766,73,,,,,0,percent of total billed charges,73 percent of charges; No services were performed during the 15 month look back period.,181.414766,73,,,,,0,percent of total billed charges,73 percent of charges; No services were performed during the 15 month look back period.,181.414766,73,,,,,0,percent of total billed charges,73 percent of charges; No services were performed during the 15 month look back period.,181.414766,73,,,,,0,percent of total billed charges,73 percent of charges; No services were performed during the 15 month look back period.,72.06888,29,,,,,0,percent of total billed charges,29 percent of charges; No services were performed during the 15 month look back period.,72.06888,29,,,,,0,percent of total billed charges,29 percent of charges; No services were performed during the 15 month look back period.,72.06888,29,,,,,0,percent of total billed charges,29 percent of charges; No services were performed during the 15 month look back period.,72.06888,29,,,,,0,percent of total billed charges,29 percent of charges; No services were performed during the 15 month look back period.,99.405351,40,,,,,0,percent of total billed charges,40 percent of charges; No services were performed during the 15 month look back period.,99.405351,40,,,,,0,percent of total billed charges,40 percent of charges; No services were performed during the 15 month look back period.,79.524281,32,,,,,0,percent of total billed charges,32 pecent of charges; No services were performed during the 15 month look back period.,,,,,,,,,,24.851338,10,,,,,0,percent of total billed charges,10 percent of charges; No services were performed during the 15 month look back period.,,,,,,,,,,181.414766,73,,,,,0,percent of total billed charges,73 percent of charges; No services were performed during the 15 month look back period.,99.405351,40,,,,,0,percent of total billed charges,40 percent of charges; No services were performed during the 15 month look back period.,,,,,,,,,,24.851338,10,,,,,0,percent of total billed charges,10 percent of charges; No services were performed during the 15 month look back period.,79.524281,32,,,,,0,percent of total billed charges,32 pecent of charges; No services were performed during the 15 month look back period.,,,,,,,,,,181.414766,73,,,,,0,percent of total billed charges,73 percent of charges; No services were performed during the 15 month look back period.,,,,,,,,,,72.06888,29,,,,,0,percent of total billed charges,29 percent of charges; No services were performed during the 15 month look back period.,72.06888,29,,,,,0,percent of total billed charges,29 percent of charges; No services were performed during the 15 month look back period.,72.06888,29,,,,,0,percent of total billed charges,29 percent of charges; No services were performed during the 15 month look back period.,,,,,,,,,,59.643211,24,,,,,0,percent of total billed charges,24 percent of charges; No services were performed during the 15 month look back period.,,,,,,,,,,,,,,,,,,,,,,,,,,,,,,,,,,,,,,,,,,,,,,74.554014,30,,,,,0,percent of total billed charges,30 Percent of charges; No services were performed during the 15 month look back period.,74.554014,30,,,,,0,percent of total billed charges,30 Percent of charges; No services were performed during the 15 month look back period.,,,,,,,,,,79.524281,32,,,,,0,percent of total billed charges,32 pecent of charges; No services were performed during the 15 month look back period.,24.851338,10,,,,,0,percent of total billed charges,10 percent of charges; No services were performed during the 15 month look back period.,24.851338,10,,,,,0,percent of total billed charges,10 percent of charges; No services were performed during the 15 month look back period.,,,,,,,,,,79.524281,32,,,,,0,percent of total billed charges,32 pecent of charges; No services were performed during the 15 month look back period.,74.554014,30,,,,,0,percent of total billed charges,30 Percent of charges; No services were performed during the 15 month look back period.,74.554014,30,,,,,0,percent of total billed charges,30 Percent of charges; No services were performed during the 15 month look back period.,74.554014,30,,,,,0,percent of total billed charges,30 Percent of charges; No services were performed during the 15 month look back period.,181.414766,73,,,,,0,percent of total billed charges,73 percent of charges; No services were performed during the 15 month look back period.,181.414766,73,,,,,0,percent of total billed charges,73 percent of charges; No services were performed during the 15 month look back period.,181.414766,73,,,,,0,percent of total billed charges,73 percent of charges; No services were performed during the 15 month look back period.,181.414766,73,,,,,0,percent of total billed charges,73 percent of charges; No services were performed during the 15 month look back period.,181.414766,73,,,,,0,percent of total billed charges,73 percent of charges; No services were performed during the 15 month look back period.,181.414766,73,,,,,0,percent of total billed charges,73 percent of charges; No services were performed during the 15 month look back period.,181.414766,73,,,,,0,percent of total billed charges,73 percent of charges; No services were performed during the 15 month look back period.,181.414766,73,,,,,0,percent of total billed charges,73 percent of charges; No services were performed during the 15 month look back period.,181.414766,73,,,,,0,percent of total billed charges,73 percent of charges; No services were performed during the 15 month look back period.,181.414766,73,,,,,0,percent of total billed charges,73 percent of charges; No services were performed during the 15 month look back period.,181.414766,73,,,,,0,percent of total billed charges,73 percent of charges; No services were performed during the 15 month look back period.,99.405351,40,,,,,0,percent of total billed charges,40 percent of charges; No services were performed during the 15 month look back period.,,,,,,,,,,79.524281,32,,,,,0,percent of total billed charges,32 pecent of charges; No services were performed during the 15 month look back period.,,,,,,,,,,74.554014,30,,,,,0,percent of total billed charges,30 Percent of charges; No services were performed during the 15 month look back period.,79.524281,32,,,,,0,percent of total billed charges,32 pecent of charges; No services were performed during the 15 month look back period.,79.524281,32,,,,,0,percent of total billed charges,32 pecent of charges; No services were performed during the 15 month look back period.,181.414766,73,,,,,0,percent of total billed charges,73 percent of charges; No services were performed during the 15 month look back period.,49.702676,20,,,,,0,percent of total billed charges,20 percent of charges; No services were performed during the 15 month look back period.,79.524281,32,,,,,0,percent of total billed charges,32 pecent of charges; No services were performed during the 15 month look back period.,,,,,,,,,,,,,,,,,,,,,,,,,,,,,,,,,,,,,,,,,,,,,,,,,,,,,,,,,,,,,,,,79.524281,32,,,,,0,percent of total billed charges,32 pecent of charges; No services were performed during the 15 month look back period.,59.643211,24,,,,,0,percent of total billed charges,24 percent of charges; No services were performed during the 15 month look back period.,,,,,,,,,,,,,,,,,,,,,,,,,,,,,,,,,,,,,,,,,,,,,,,,,,,,,,,59.643211,24,,,,,0,percent of total billed charges,24 percent of charges; No services were performed during the 15 month look back period.,77.039147,31,,,,,0,percent of total billed charges,31 percent of charges; No services were performed during the 15 month look back period.,77.039147,31,,,,,0,percent of total billed charges,31 percent of charges; No services were performed during the 15 month look back period.,77.039147,31,,,,,0,percent of total billed charges,31 percent of charges; No services were performed during the 15 month look back period.,77.039147,31,,,,,0,percent of total billed charges,31 percent of charges; No services were performed during the 15 month look back period.,77.039147,31,,,,,0,percent of total billed charges,31 percent of charges; No services were performed during the 15 month look back period.,,,,,,,,,,99.405351,40,,,,,0,percent of total billed charges,40 percent of charges; No services were performed during the 15 month look back period.,99.405351,40,,,,,0,percent of total billed charges,40 percent of charges; No services were performed during the 15 month look back period.,99.405351,40,,,,,0,percent of total billed charges,40 percent of charges; No services were performed during the 15 month look back period.,99.405351,40,,,,,0,percent of total billed charges,40 percent of charges; No services were performed during the 15 month look back period.,74.554014,30,,,,,0,percent of total billed charges,30 Percent of charges; No services were performed during the 15 month look back period.,74.554014,30,,,,,0,percent of total billed charges,30 Percent of charges; No services were performed during the 15 month look back period.,74.554014,30,,,,,0,percent of total billed charges,30 Percent of charges; No services were performed during the 15 month look back period.,74.554014,30,,,,,0,percent of total billed charges,30 Percent of charges; No services were performed during the 15 month look back period.,59.643211,24,,,,,0,percent of total billed charges,24 percent of charges; No services were performed during the 15 month look back period.,59.643211,24,,,,,0,percent of total billed charges,24 percent of charges; No services were performed during the 15 month look back period.,,,,,,,,,,,,,,,,,,,,,,,,,,,,,,,,,,,,,,,,,,,,,,,,,,,,,,,59.643211,24,,,,,0,percent of total billed charges,24 percent of charges; No services were performed during the 15 month look back period.,74.554014,30,,,,,0,percent of total billed charges,30 Percent of charges; No services were performed during the 15 month look back period.,,,,,,,,,,,,,,,,,,,,,,,,,,,,,,,,,,,,,,,,,,,,,,,,,,,,,,,,,,,,,,,,,,,,,,,,,,,,,,,,,,,,,,,,,,,,,,,,,,,,,,,,,,,,,,,,,,,,,,,,,,,,,,,,,,,,,,,,,,,,,,,,,,,,,,,,,,,,,,,,,,,,,,,,,,,,,,,,,,,,,,,,,,,,,,,,,,,,,,,74.554014,30,,,,,0,percent of total billed charges,30 Percent of charges; No services were performed during the 15 month look back period.,,,,,,,,,,,,,,,,,,,,,,,,,,,,,,,,,,,,,,,,,,,,,,,,,,,,,,,,,,,,,,,,24.851338,10,,,,,0,percent of total billed charges,10 percent of charges; No services were performed during the 15 month look back period.,24.851338,10,,,,,0,percent of total billed charges,10 percent of charges; No services were performed during the 15 month look back period.,24.851338,10,,,,,0,percent of total billed charges,10 percent of charges; No services were performed during the 15 month look back period.,24.851338,10,,,,,0,percent of total billed charges,10 percent of charges; No services were performed during the 15 month look back period.,,,,,,,,,,59.643211,24,,,,,0,percent of total billed charges,24 percent of charges; No services were performed during the 15 month look back period.,72.06888,29,,,,,0,percent of total billed charges,29 percent of charges; No services were performed during the 15 month look back period.,72.06888,29,,,,,0,percent of total billed charges,29 percent of charges; No services were performed during the 15 month look back period.,72.06888,29,,,,,0,percent of total billed charges,29 percent of charges; No services were performed during the 15 month look back period.,72.06888,29,,,,,0,percent of total billed charges,29 percent of charges; No services were performed during the 15 month look back period.,,,,,,,,,,,,,,,,,,,,,,,,,,,,,,,,,,,,,,,,,,,,,,,,,,,,,,,,,,,,,,,,,,,,,,,,,,,,,,,,,,,,,,,,,,,74.554014,30,,,,,0,percent of total billed charges,30 Percent of charges; No services were performed during the 15 month look back period.,,,,,,,,,,,,,,,,,,,,,,,,,,,,,,,,,,,,,,,,,,,,,,,,,,,,,,,,,,,,,,,,,,,,,,,,,,,,,,,,,,,,,,,,,,,,,,,,,,,,,,,,,,,,,,,,,,,,,,,,,,,,,,,79.524281,32,,,,,0,percent of total billed charges,32 pecent of charges; No services were performed during the 15 month look back period.,,,,,,,,,,,,,,,,,,,,,,,,,,,,,,,,,,,,,,,,,,,,,,72.06888,29,,,,,0,percent of total billed charges,29 percent of charges; No services were performed during the 15 month look back period.,72.06888,29,,,,,0,percent of total billed charges,29 percent of charges; No services were performed during the 15 month look back period.,72.06888,29,,,,,0,percent of total billed charges,29 percent of charges; No services were performed during the 15 month look back period.,72.06888,29,,,,,0,percent of total billed charges,29 percent of charges; No services were performed during the 15 month look back period.,,,,,,,,,,72.06888,29,,,,,0,percent of total billed charges,29 percent of charges; No services were performed during the 15 month look back period.,74.554014,30,,,,,0,percent of total billed charges,30 Percent of charges; No services were performed during the 15 month look back period.,72.06888,29,,,,,0,percent of total billed charges,29 percent of charges; No services were performed during the 15 month look back period.,79.524281,32,,,,,0,percent of total billed charges,32 pecent of charges; No services were performed during the 15 month look back period.,72.06888,29,,,,,0,percent of total billed charges,29 percent of charges; No services were performed during the 15 month look back period.,,,,,,,,,,,,,,,,,,,,,,,,,,,,72.06888,29,,,,,0,percent of total billed charges,29 percent of charges; No services were performed during the 15 month look back period.,,,,,,,,,,,,,,,,,,,,,,,,,,,,,,,,,,,,,,,,,,,,,,72.06888,29,,,,,0,percent of total billed charges,29 percent of charges; No services were performed during the 15 month look back period.,72.06888,29,,,,,0,percent of total billed charges,29 percent of charges; No services were performed during the 15 month look back period.,72.06888,29,,,,,0,percent of total billed charges,29 percent of charges; No services were performed during the 15 month look back period.,72.06888,29,,,,,0,percent of total billed charges,29 percent of charges; No services were performed during the 15 month look back period.,,,,,,,,,,,,,,,,,,,,,,,,,,,,,,,,,,,,,,,,,,,,,,,,,,,,,,,,,,,,,,,,,,,,,,,,,,,,,,,,,,,,,,,,,,,72.06888,29,,,,,0,percent of total billed charges,29 percent of charges; No services were performed during the 15 month look back period.,79.524281,32,,,,,0,percent of total billed charges,32 pecent of charges; No services were performed during the 15 month look back period.,181.414766,73,,,,,0,percent of total billed charges,73 percent of charges; No services were performed during the 15 month look back period.,24.851338,10,,,,,0,percent of total billed charges,10 percent of charges; No services were performed during the 15 month look back period.,24.851338,10,,,,,0,percent of total billed charges,10 percent of charges; No services were performed during the 15 month look back period.,74.554014,30,,,,,0,percent of total billed charges,30 Percent of charges; No services were performed during the 15 month look back period.,,,,,,,,,,99.405351,40,,,,,0,percent of total billed charges,40 percent of charges; No services were performed during the 15 month look back period.,99.405351,40,,,,,0,percent of total billed charges,40 percent of charges; No services were performed during the 15 month look back period.,,,,,,,,,,,,,,,,,,,,,,,,,,,,,,,,,,,,,,,,,,,,,,,,,,,,,,,24.851338,10,,,,,0,percent of total billed charges,10 percent of charges; No services were performed during the 15 month look back period.,,,,,,,,,,,,,,,,,,,,,,,,,,,,,,,,,,,,,72.06888,29,,,,,0,percent of total billed charges,29 percent of charges; No services were performed during the 15 month look back period.,,,,,,,,,,,,,,,,,,,72.06888,29,,,,,0,percent of total billed charges,29 percent of charges; No services were performed during the 15 month look back period.,,,,,,,,,,,,,,,,,,,,,,,,,,,,59.643211,24,,,,,0,percent of total billed charges,24 percent of charges; No services were performed during the 15 month look back period.,72.06888,29,,,,,0,percent of total billed charges,29 percent of charges; No services were performed during the 15 month look back period.,,,,,,,,,,,,,,,,,,,,,,,,,,,,,,,,,,,,,24.851338,10,,,,,0,percent of total billed charges,10 percent of charges; No services were performed during the 15 month look back period.,,,,,,,,,,,,,,,,,,,,,,,,,,,,,,,,,,,,,,,,,,,,,,,,,,,,,,,,,,,,,,,,,,,,,,,,,24.851338,10,,,,,0,percent of total billed charges,10 percent of charges; No services were performed during the 15 month look back period.,,,,,,,,,,,,,,,,,,,,,,,,,,,,,,,,,,,,,,,,,,,,,,,,,,,,,,,,,,,,,,,,,,,,,,,,,,,,,,,,,,,,,,,,,,,,,,,,,,,,,,,,,,,,,,,,,,,,,,72.06888,29,,,,,0,percent of total billed charges,29 percent of charges; No services were performed during the 15 month look back period.,72.06888,29,,,,,0,percent of total billed charges,29 percent of charges; No services were performed during the 15 month look back period.,72.06888,29,,,,,0,percent of total billed charges,29 percent of charges; No services were performed during the 15 month look back period.,72.06888,29,,,,,0,percent of total billed charges,29 percent of charges; No services were performed during the 15 month look back period.,72.06888,29,,,,,0,percent of total billed charges,29 percent of charges; No services were performed during the 15 month look back period.,72.06888,29,,,,,0,percent of total billed charges,29 percent of charges; No services were performed during the 15 month look back period.,72.06888,29,,,,,0,percent of total billed charges,29 percent of charges; No services were performed during the 15 month look back period.,72.06888,29,,,,,0,percent of total billed charges,29 percent of charges; No services were performed during the 15 month look back period.,72.06888,29,,,,,0,percent of total billed charges,29 percent of charges; No services were performed during the 15 month look back period.,72.06888,29,,,,,0,percent of total billed charges,29 percent of charges; No services were performed during the 15 month look back period.,72.06888,29,,,,,0,percent of total billed charges,29 percent of charges; No services were performed during the 15 month look back period.,72.06888,29,,,,,0,percent of total billed charges,29 percent of charges; No services were performed during the 15 month look back period.,72.06888,29,,,,,0,percent of total billed charges,29 percent of charges; No services were performed during the 15 month look back period.,,,,,,,,,,72.06888,29,,,,,0,percent of total billed charges,29 percent of charges; No services were performed during the 15 month look back period.,,,,,,,,,,47.217542,19,,,,,0,percent of total billed charges,19 percent of charges; No services were performed during the 15 month look back period.,32.306739,13,,,,,0,percent of total billed charges,13 percent of charges; No services were performed during the 15 month look back period.,24.851338,10,,,,,0,percent of total billed charges,10 percent of charges; No services were performed during the 15 month look back period.,24.851338,10,,,,,0,percent of total billed charges,10 percent of charges; No services were performed during the 15 month look back period.,,,,,,,,,,99.405351,40,,,,,0,percent of total billed charges,40 percent of charges; No services were performed during the 15 month look back period.,,,,,,,,,,,,,,,,,,,74.554014,30,,,,,0,percent of total billed charges,30 Percent of charges; No services were performed during the 15 month look back period.,,,,,,,,,,79.524281,32,,,,,0,percent of total billed charges,32 pecent of charges; No services were performed during the 15 month look back period.,,,,,,,,,,79.524281,32,,,,,0,percent of total billed charges,32 pecent of charges; No services were performed during the 15 month look back period.,74.554014,30,,,,,0,percent of total billed charges,30 Percent of charges; No services were performed during the 15 month look back period.,79.524281,32,,,,,0,percent of total billed charges,32 pecent of charges; No services were performed during the 15 month look back period.,,,,,,,,,,,,,,,,,,,,,,,,,,,,79.524281,32,,,,,0,percent of total billed charges,32 pecent of charges; No services were performed during the 15 month look back period.,24.851338,10,,,,,0,percent of total billed charges,10 percent of charges; No services were performed during the 15 month look back period.,,,,,,,,,,,,,,,,,,,,,,,,,,,,,,,,,,,,,,,,,,,,,,,,,,,,,,,,,,,,,,,,24.851338,10,,,,,0,percent of total billed charges,10 percent of charges; No services were performed during the 15 month look back period.,,,,,,,,,,,,,,,,,,,,,,,,,,,,72.06888,29,,,,,0,percent of total billed charges,29 percent of charges; No services were performed during the 15 month look back period.,72.06888,29,,,,,0,percent of total billed charges,29 percent of charges; No services were performed during the 15 month look back period.,77.039147,31,,,,,0,percent of total billed charges,31 percent of charges; No services were performed during the 15 month look back period.,,,,,,,,,,24.851338,10,,,,,0,percent of total billed charges,10 percent of charges; No services were performed during the 15 month look back period.,79.524281,32,,,,,0,percent of total billed charges,32 pecent of charges; No services were performed during the 15 month look back period.,74.554014,30,,,,,0,percent of total billed charges,30 Percent of charges; No services were performed during the 15 month look back period.,24.851338,10,,,,,0,percent of total billed charges,10 percent of charges; No services were performed during the 15 month look back period.,74.554014,30,,,,,0,percent of total billed charges,30 Percent of charges; No services were performed during the 15 month look back period.,24.851338,10,,,,,0,percent of total billed charges,10 percent of charges; No services were performed during the 15 month look back period.,,,,,,,,,,,,,,,,,,,,,,,,,,,,,,,,,,,,,,,,,,,,,,1.242567,248.513378,
J1442,HCPCS,5010003,LOCAL,636,RC,INJ FILGRASTIM EXCL BIOSIMIL,7.432994,1.412269,Outpatient,ME,0.001,,0.98,,,,,,,Fee Schedule,"100 % 1199 Fee Schedule. ",0.98,,,,,,,Fee Schedule,"100 % 1199 Fee Schedule. ",4.459796,60,,105.51,105.51,105.51,1 through 10,percent of total billed charges,60 percent of billed charges,7.432994,100,,,,,0,percent of total billed charges,100 percent of billed charges; No services were performed during the 15 month look back period.,0.983,,,,,,,Fee Schedule,"100% ASP Fee Schedule. ",4.459796,60,,,,,0,percent of total billed charges,60 percent of billed charges; No services were performed during the 15 month look back period.,4.459796,60,,1080,1058.4,1861.65,19,percent of total billed charges,60 percent of billed charges,4.459796,60,,,,,0,percent of total billed charges,60 percent of billed charges; No services were performed during the 15 month look back period.,406.548364,,,,,,,Case Rate,"100 Percent of Medicaid APG. ",338.790303,,,,,,,Case Rate,"100 Percent of Medicaid APG. ",5.797735,78,,,,,0,percent of total billed charges,78% of Billed Charges. Lesser of 100% of billed charges applies.; No services were performed during the 15 month look back period.,,,,,,,,Fee Schedule,"100 % Zero Pay Code. ",338.790303,,,,,,,Case Rate,"100 Percent of Medicaid APG. ",0.983,,,,,,,Fee Schedule,"100% ASP Fee Schedule. ",2.229898,30,,79,79,2978.64,1 through 10,percent of total billed charges,30 percent of billed charges,2.229898,30,,,,,0,percent of total billed charges,30 percent of billed charges; No services were performed during the 15 month look back period.,2.229898,30,,148.76,59.7,148.76,1 through 10,percent of total billed charges,30 percent of billed charges,2.229898,30,,,,,0,percent of total billed charges,30 percent of billed charges; No services were performed during the 15 month look back period.,1.4375,,,,,,,Fee schedule,"115 Percent of AWP Fee Schedule. ",0.983,,,,,,,Fee Schedule,"100% ASP Fee Schedule. ",1.4375,,,,,,,Fee schedule,"115 Percent of AWP Fee Schedule. ",5.797735,78,,,,,0,percent of total billed charges,78% of Billed Charges. Lesser of 100% of billed charges applies.; No services were performed during the 15 month look back period.,4.459796,60,,,,,0,percent of total billed charges,60 percent of billed charges; No services were performed during the 15 month look back period.,0.983,,,,,,,Fee Schedule,"100% ASP Fee Schedule. ",5.426085,73,,1861.65,1861.65,1861.65,1 through 10,percent of total billed charges,73 percent of billed charges,0.983,,,,,,,Fee Schedule,"100% ASP Fee Schedule. ",0.983,,,,,,,Fee Schedule,"100% ASP Fee Schedule. ",5.797735,78,,,,,0,percent of total billed charges,78% of Billed Charges. Lesser of 100% of billed charges applies.; No services were performed during the 15 month look back period.,0.985,,,,,,,Fee Schedule,100 Percent of ASP if not priced then 95 Percent of AWP. Lesser of 100% of billed charges applies.,0.985,,,,,,,Fee Schedule,100 Percent of ASP if not priced then 95 Percent of AWP. Lesser of 100% of billed charges applies.,0.93575,,,,,,,Fee schedule,"95 Percent of ASP. ",0.93575,,,,,,,Fee schedule,"95 Percent of ASP. ",5.426085,73,,,,,0,percent of total billed charges,73 percent of billed charges; No services were performed during the 15 month look back period.,5.426085,73,,,,,0,percent of total billed charges,73 percent of billed charges; No services were performed during the 15 month look back period.,338.790303,,,,,,,Case Rate,"100 Percent of Medicaid APG. Not APG payable, or payable under another fee schedule like ASP/AWP pays at 30% of charges",5.426085,73,,59.04,45.36,1861.65,1 through 10,percent of total billed charges,73 percent of billed charges,338.790303,,,,,,,Case Rate,"100 Percent of Medicaid APG. Not APG payable, or payable under another fee schedule like ASP/AWP pays at 30% of charges",0.983,,,,,,,Fee Schedule,"100% ASP Fee Schedule. ",5.426085,73,,,,,0,percent of total billed charges,73 percent of billed charges; No services were performed during the 15 month look back period.,5.797735,78,,2963.52,2963.52,2963.52,1 through 10,percent of total billed charges,78% of Billed Charges. Lesser of 100% of billed charges applies.,338.790303,,,,,,,Case Rate,"106 percent of Average Sales Price.. Drugs not priced under APG, billed with revenue code 636 and not priced by Medicare ASP FeeSched will be reimbursed at 20% of charges.",338.790303,,,,,,,Case Rate,"106 percent of Average Sales Price.. Drugs not priced under APG, billed with revenue code 636 and not priced by Medicare ASP FeeSched will be reimbursed at 20% of charges.",5.797735,78,,,,,0,percent of total billed charges,78% of Billed Charges. Lesser of 100% of billed charges applies.; No services were performed during the 15 month look back period.,2.229898,30,,,,,0,percent of total billed charges,30 percent of billed charges; No services were performed during the 15 month look back period.,,,,,,,,Fee Schedule,"100 % Zero Pay Code. ",,,,,,,,Fee Schedule,"100 % Zero Pay Code. ",5.797735,78,,,,,0,percent of total billed charges,78% of Billed Charges. Lesser of 100% of billed charges applies.; No services were performed during the 15 month look back period.,0.983,,,,,,,Fee Schedule,"100% ASP Fee Schedule. ",,,,,,,,Fee Schedule,"100 % Zero Pay Code. ",,,,,,,,Fee Schedule,"100 % Zero Pay Code. ",,,,,,,,Fee Schedule,"100 % Zero Pay Code. ",0.983,,,,,,,Fee Schedule,"100% ASP Fee Schedule. ",,,,,,,,Fee Schedule,"100 % Zero Pay Code. ",,,,,,,,Fee Schedule,"100 % Zero Pay Code. ",0.983,,,,,,,Fee Schedule,"100% of AWP Fee Schedule. ",3.716497,50,,,,,0,percent of total billed charges,50 percent of billed charges; No services were performed during the 15 month look back period.,3.344847,45,,330,330,330,1 through 10,percent of total billed charges,45 percent of billed charges,3.344847,45,,323.4,323.4,2978.64,24,percent of total billed charges,45 percent of billed charges,3.344847,45,,1852.2,1852.2,1852.2,11,percent of total billed charges,45 percent of billed charges,3.344847,45,,,,,0,percent of total billed charges,45 percent of billed charges; No services were performed during the 15 month look back period.,3.344847,45,,,,,0,percent of total billed charges,45 percent of billed charges; No services were performed during the 15 month look back period.,3.344847,45,,1861.65,528,2978.64,41,percent of total billed charges,45 percent of billed charges,0.983,,,,,,,Fee Schedule,"100% ASP Fee Schedule. ",0.983,,,,,,,Fee Schedule,"100% ASP Fee Schedule. ",3.344847,45,,1861.65,1852.2,1861.65,1 through 10,percent of total billed charges,45 percent of billed charges,5.797735,78,,,,,0,percent of total billed charges,78% of Billed Charges. Lesser of 100% of billed charges applies.; No services were performed during the 15 month look back period.,5.797735,78,,,,,0,percent of total billed charges,78% of Billed Charges. Lesser of 100% of billed charges applies.; No services were performed during the 15 month look back period.,5.797735,78,,,,,0,percent of total billed charges,78% of Billed Charges. Lesser of 100% of billed charges applies.; No services were performed during the 15 month look back period.,5.797735,78,,,,,0,percent of total billed charges,78% of Billed Charges. Lesser of 100% of billed charges applies.; No services were performed during the 15 month look back period.,5.797735,78,,,,,0,percent of total billed charges,78% of Billed Charges. Lesser of 100% of billed charges applies.; No services were performed during the 15 month look back period.,5.797735,78,,,,,0,percent of total billed charges,78% of Billed Charges. Lesser of 100% of billed charges applies.; No services were performed during the 15 month look back period.,5.797735,78,,,,,0,percent of total billed charges,78% of Billed Charges. Lesser of 100% of billed charges applies.; No services were performed during the 15 month look back period.,5.797735,78,,,,,0,percent of total billed charges,78% of Billed Charges. Lesser of 100% of billed charges applies.; No services were performed during the 15 month look back period.,5.797735,78,,,,,0,percent of total billed charges,78% of Billed Charges. Lesser of 100% of billed charges applies.; No services were performed during the 15 month look back period.,5.797735,78,,,,,0,percent of total billed charges,78% of Billed Charges. Lesser of 100% of billed charges applies.; No services were performed during the 15 month look back period.,5.797735,78,,,,,0,percent of total billed charges,78% of Billed Charges. Lesser of 100% of billed charges applies.; No services were performed during the 15 month look back period.,5.797735,78,,,,,0,percent of total billed charges,78% of Billed Charges. Lesser of 100% of billed charges applies.; No services were performed during the 15 month look back period.,5.797735,78,,,,,0,percent of total billed charges,78% of Billed Charges. Lesser of 100% of billed charges applies.; No services were performed during the 15 month look back period.,5.797735,78,,,,,0,percent of total billed charges,78% of Billed Charges. Lesser of 100% of billed charges applies.; No services were performed during the 15 month look back period.,5.797735,78,,,,,0,percent of total billed charges,78% of Billed Charges. Lesser of 100% of billed charges applies.; No services were performed during the 15 month look back period.,5.797735,78,,,,,0,percent of total billed charges,78% of Billed Charges. Lesser of 100% of billed charges applies.; No services were performed during the 15 month look back period.,5.797735,78,,,,,0,percent of total billed charges,78% of Billed Charges. Lesser of 100% of billed charges applies.; No services were performed during the 15 month look back period.,5.797735,78,,,,,0,percent of total billed charges,78% of Billed Charges. Lesser of 100% of billed charges applies.; No services were performed during the 15 month look back period.,5.797735,78,,,,,0,percent of total billed charges,78% of Billed Charges. Lesser of 100% of billed charges applies.; No services were performed during the 15 month look back period.,5.797735,78,,,,,0,percent of total billed charges,78% of Billed Charges. Lesser of 100% of billed charges applies.; No services were performed during the 15 month look back period.,5.797735,78,,,,,0,percent of total billed charges,78% of Billed Charges. Lesser of 100% of billed charges applies.; No services were performed during the 15 month look back period.,5.797735,78,,,,,0,percent of total billed charges,78% of Billed Charges. Lesser of 100% of billed charges applies.; No services were performed during the 15 month look back period.,5.797735,78,,,,,0,percent of total billed charges,78% of Billed Charges. Lesser of 100% of billed charges applies.; No services were performed during the 15 month look back period.,5.797735,78,,,,,0,percent of total billed charges,78% of Billed Charges. Lesser of 100% of billed charges applies.; No services were performed during the 15 month look back period.,5.797735,78,,,,,0,percent of total billed charges,78% of Billed Charges. Lesser of 100% of billed charges applies.; No services were performed during the 15 month look back period.,5.797735,78,,,,,0,percent of total billed charges,78% of Billed Charges. Lesser of 100% of billed charges applies.; No services were performed during the 15 month look back period.,5.426085,73,,,,,0,percent of total billed charges,73 percent of billed charges; No services were performed during the 15 month look back period.,5.426085,73,,,,,0,percent of total billed charges,73 percent of billed charges; No services were performed during the 15 month look back period.,5.426085,73,,,,,0,percent of total billed charges,73 percent of billed charges; No services were performed during the 15 month look back period.,5.426085,73,,,,,0,percent of total billed charges,73 percent of billed charges; No services were performed during the 15 month look back period.,5.946395,80,,,,,0,percent of total billed charges,80 percent of billed charges; No services were performed during the 15 month look back period.,5.946395,80,,1861.65,1861.65,1861.65,1 through 10,percent of total billed charges,80 percent of billed charges,2.229898,30,,,,,0,percent of total billed charges,30 percent of billed charges; No services were performed during the 15 month look back period.,3.344847,45,,,,,0,percent of total billed charges,45 percent of billed charges; No services were performed during the 15 month look back period.,,,,,,,,Fee Schedule,"100 % Zero Pay Code. ",3.344847,45,,1861.65,517.44,2978.64,1 through 10,percent of total billed charges,45 percent of billed charges,5.797735,78,,,,,0,percent of total billed charges,78% of Billed Charges. Lesser of 100% of billed charges applies.; No services were performed during the 15 month look back period.,5.946395,80,,,,,0,percent of total billed charges,80 percent of billed charges; No services were performed during the 15 month look back period.,3.344847,45,,,,,0,percent of total billed charges,45 percent of billed charges; No services were performed during the 15 month look back period.,,,,,,,,Fee Schedule,"100 % Zero Pay Code. ",2.229898,30,,,,,0,percent of total billed charges,30 percent of billed charges; No services were performed during the 15 month look back period.,,,,,,,,,"NA. ",5.797735,78,,,,,0,percent of total billed charges,78% of Billed Charges. Lesser of 100% of billed charges applies.; No services were performed during the 15 month look back period.,338.790303,,,,,,,Case Rate,"100 Percent of Medicaid APG. ",5.426085,73,,,,,0,percent of total billed charges,73 percent of billed charges; No services were performed during the 15 month look back period.,338.790303,,,,,,,Case Rate,"100 Percent of Medicaid APG. Not APG payable, or payable under another fee schedule like ASP/AWP pays at 30% of charges",0.983,,,,,,,Fee Schedule,"100% ASP Fee Schedule. ",0.983,,,,,,,Fee Schedule,"100% ASP Fee Schedule. ",3.716497,50,,,,,0,percent of total billed charges,50 percent of billed charges; No services were performed during the 15 month look back period.,0.983,,,,,,,Fee Schedule,"100% ASP Fee Schedule. ",0.983,,,,,,,Fee Schedule,"100% ASP Fee Schedule. ",338.790303,,,,,,,Case Rate,"100 Percent of Medicaid APG. ",0.983,,,,,,,Fee Schedule,"100% ASP Fee Schedule. ",0.983,,,,,,,Fee Schedule,"100% ASP Fee Schedule. ",4.459796,60,,,,,0,percent of total billed charges,60 percent of billed charges; No services were performed during the 15 month look back period.,4.459796,60,,,,,0,percent of total billed charges,60 percent of billed charges; No services were performed during the 15 month look back period.,0.983,,,,,,,Fee Schedule,"100% ASP Fee Schedule. ",2.229898,30,,,,,0,percent of total billed charges,30 percent of billed charges; No services were performed during the 15 month look back period.,,,,,,,,Fee Schedule,"100 % Zero Pay Code. ",,,,,,,,Fee Schedule,"100 % Zero Pay Code. ",0.983,,,,,,,Fee Schedule,"100% ASP Fee Schedule. ",2.229898,30,,1861.65,558,2978.64,11,percent of total billed charges,30 percent of billed charges,4.459796,60,,,,,0,percent of total billed charges,60 percent of billed charges; No services were performed during the 15 month look back period.,4.459796,60,,,,,0,percent of total billed charges,60 percent of billed charges; No services were performed during the 15 month look back period.,4.459796,60,,1861.65,1861.65,1861.65,1 through 10,percent of total billed charges,60 percent of billed charges,5.797735,78,,,,,0,percent of total billed charges,78% of Billed Charges. Lesser of 100% of billed charges applies.; No services were performed during the 15 month look back period.,5.797735,78,,,,,0,percent of total billed charges,78% of Billed Charges. Lesser of 100% of billed charges applies.; No services were performed during the 15 month look back period.,5.797735,78,,,,,0,percent of total billed charges,78% of Billed Charges. Lesser of 100% of billed charges applies.; No services were performed during the 15 month look back period.,5.797735,78,,,,,0,percent of total billed charges,78% of Billed Charges. Lesser of 100% of billed charges applies.; No services were performed during the 15 month look back period.,5.797735,78,,,,,0,percent of total billed charges,78% of Billed Charges. Lesser of 100% of billed charges applies.; No services were performed during the 15 month look back period.,5.797735,78,,,,,0,percent of total billed charges,78% of Billed Charges. Lesser of 100% of billed charges applies.; No services were performed during the 15 month look back period.,5.797735,78,,,,,0,percent of total billed charges,78% of Billed Charges. Lesser of 100% of billed charges applies.; No services were performed during the 15 month look back period.,5.797735,78,,,,,0,percent of total billed charges,78% of Billed Charges. Lesser of 100% of billed charges applies.; No services were performed during the 15 month look back period.,5.797735,78,,,,,0,percent of total billed charges,78% of Billed Charges. Lesser of 100% of billed charges applies.; No services were performed during the 15 month look back period.,5.797735,78,,,,,0,percent of total billed charges,78% of Billed Charges. Lesser of 100% of billed charges applies.; No services were performed during the 15 month look back period.,5.797735,78,,,,,0,percent of total billed charges,78% of Billed Charges. Lesser of 100% of billed charges applies.; No services were performed during the 15 month look back period.,5.946395,80,,1861.65,1852.2,2978.64,22,percent of total billed charges,80 percent of billed charges,3.344847,45,,1861.65,323.4,2978.64,377,percent of total billed charges,45 percent of billed charges,2.229898,30,,,,,0,percent of total billed charges,30 percent of billed charges; No services were performed during the 15 month look back period.,0.983,,,,,,,Fee Schedule,"100% ASP Fee Schedule. ",4.459796,60,,,,,0,percent of total billed charges,60 percent of billed charges; No services were performed during the 15 month look back period.,2.229898,30,,,,,0,percent of total billed charges,30 percent of billed charges; No services were performed during the 15 month look back period.,2.229898,30,,,,,0,percent of total billed charges,30 percent of billed charges; No services were performed during the 15 month look back period.,5.797735,78,,,,,0,percent of total billed charges,78% of Billed Charges. Lesser of 100% of billed charges applies.; No services were performed during the 15 month look back period.,725.011248,,,,,,,Case Rate,"141 percent of Average Sales Price.. Drugs not priced under APG, billed with revenue code 636 and not priced by Medicare ASP FeeSched will be reimbursed at 20% of charges.",2.229898,30,,,,,0,percent of total billed charges,30 percent of billed charges; No services were performed during the 15 month look back period.,338.790303,,,,,,,Case Rate,"100 Percent of Medicaid APG. ",0.983,,,,,,,Fee Schedule,"100% ASP Fee Schedule. ",0.983,,,,,,,Fee Schedule,"100% ASP Fee Schedule. ",0.983,,,,,,,Fee Schedule,"100% ASP Fee Schedule. ",0.983,,,,,,,Fee Schedule,"100% ASP Fee Schedule. ",0.983,,,,,,,Fee Schedule,"100% ASP Fee Schedule. ",0.983,,,,,,,Fee Schedule,"100% ASP Fee Schedule. ",2.229898,30,,,,,0,percent of total billed charges,30 percent of billed charges; No services were performed during the 15 month look back period.,3.716497,50,,,,,0,percent of total billed charges,50 percent of billed charges; No services were performed during the 15 month look back period.,1.96875,,,,,,,Fee Schedule,"157.5 Percent of AWP Fee Schedule. ",1.96875,,,,,,,Fee Schedule,"157.5 Percent of AWP Fee Schedule. ",1.96875,,,,,,,Fee Schedule,"157.5 Percent of AWP Fee Schedule. ",1.96875,,,,,,,Fee Schedule,"157.5 Percent of AWP Fee Schedule. ",1.96875,,,,,,,Fee Schedule,"157.5 Percent of AWP Fee Schedule. ",,,,,,,,,"NA. ",3.716497,50,,,,,0,percent of total billed charges,50 percent of billed charges; No services were performed during the 15 month look back period.,1.38603,,,,,,,Fee Schedule,141 Percent of of ASP. Drugs billed with revenue code 636 and not priced by Medicare ASP fee schedule will be reimburse at 20 percent of charges,1.38603,,,,,,,Fee Schedule,141 Percent of of ASP. Drugs billed with revenue code 636 and not priced by Medicare ASP fee schedule will be reimburse at 20 percent of charges,1.38603,,,,,,,Fee Schedule,141 Percent of of ASP. Drugs billed with revenue code 636 and not priced by Medicare ASP fee schedule will be reimburse at 20 percent of charges,1.38603,,,,,,,Fee Schedule,141 Percent of of ASP. Drugs billed with revenue code 636 and not priced by Medicare ASP fee schedule will be reimburse at 20 percent of charges,1.38603,,,,,,,Fee Schedule,141 Percent of of ASP. Drugs billed with revenue code 636 and not priced by Medicare ASP fee schedule will be reimburse at 20 percent of charges,0.983,,,,,,,Fee Schedule,"100% ASP Fee Schedule. ",5.946395,80,,,,,0,percent of total billed charges,80 percent of billed charges; No services were performed during the 15 month look back period.,5.946395,80,,,,,0,percent of total billed charges,80 percent of billed charges; No services were performed during the 15 month look back period.,5.946395,80,,,,,0,percent of total billed charges,80 percent of billed charges; No services were performed during the 15 month look back period.,5.946395,80,,,,,0,percent of total billed charges,80 percent of billed charges; No services were performed during the 15 month look back period.,4.459796,60,,,,,0,percent of total billed charges,60 percent of billed charges; No services were performed during the 15 month look back period.,4.459796,60,,,,,0,percent of total billed charges,60 percent of billed charges; No services were performed during the 15 month look back period.,4.459796,60,,,,,0,percent of total billed charges,60 percent of billed charges; No services were performed during the 15 month look back period.,4.459796,60,,,,,0,percent of total billed charges,60 percent of billed charges; No services were performed during the 15 month look back period.,3.716497,50,,,,,0,percent of total billed charges,50 percent of billed charges; No services were performed during the 15 month look back period.,3.716497,50,,,,,0,percent of total billed charges,50 percent of billed charges; No services were performed during the 15 month look back period.,0.983,,,,,,,Fee Schedule,"100% ASP Fee Schedule. ",0.983,,,,,,,Fee Schedule,"100% ASP Fee Schedule. ",0.983,,,,,,,Fee Schedule,"100% ASP Fee Schedule. ",3.344847,45,,,,,0,percent of total billed charges,45 percent of billed charges; No services were performed during the 15 month look back period.,3.344847,45,,,,,0,percent of total billed charges,45 percent of billed charges; No services were performed during the 15 month look back period.,3.344847,45,,,,,0,percent of total billed charges,45 percent of billed charges; No services were performed during the 15 month look back period.,3.716497,50,,,,,0,percent of total billed charges,50 percent of billed charges; No services were performed during the 15 month look back period.,4.459796,60,,,,,0,percent of total billed charges,60 percent of billed charges; No services were performed during the 15 month look back period.,0.983,,,,,,,Fee Schedule,"100% ASP Fee Schedule. ",3.344847,45,,,,,0,percent of total billed charges,45 percent of billed charges; No services were performed during the 15 month look back period.,338.790303,,,,,,,Case Rate,"100 Percent of Medicaid APG. ",1.00266,,,,,,,Fee Schedule,"100% of ASP Fee Schedule. ",1.00266,,,,,,,Fee Schedule,"100% of ASP Fee Schedule. ",1.00266,,,,,,,Fee Schedule,"100% of ASP Fee Schedule. ",0.93575,,,,,,,Fee schedule,"95 Percent of ASP. ",0.07433,1,,,,,0,percent of total billed charges,Approximating Cost. Lesser of 100% of billed charges applies.; No services were performed during the 15 month look back period.,0.07433,1,,2978.64,2978.64,2978.64,1 through 10,percent of total billed charges,Approximating Cost. Lesser of 100% of billed charges applies.,0.07433,1,,,,,0,percent of total billed charges,Approximating Cost. Lesser of 100% of billed charges applies.; No services were performed during the 15 month look back period.,0.07433,1,,,,,0,percent of total billed charges,Approximating Cost. Lesser of 100% of billed charges applies.; No services were performed during the 15 month look back period.,0.07433,1,,,,,0,percent of total billed charges,Approximating Cost. Lesser of 100% of billed charges applies.; No services were performed during the 15 month look back period.,1.00266,,,,,,,Fee Schedule,"100% of ASP Fee Schedule. ",338.790303,,,,,,,Case Rate,"100 Percent of Medicaid APG. ",0.985,,,,,,,Fee Schedule,100 Percent of ASP if not priced then 95 Percent of AWP. Lesser of 100% of billed charges applies.,0.07433,1,,,,,0,percent of total billed charges,Approximating Cost. Lesser of 100% of billed charges applies.; No services were performed during the 15 month look back period.,0.07433,1,,,,,0,percent of total billed charges,Approximating Cost. Lesser of 100% of billed charges applies.; No services were performed during the 15 month look back period.,0.985,,,,,,,Fee Schedule,100 Percent of ASP if not priced then 95 Percent of AWP. Lesser of 100% of billed charges applies.,0.985,,,,,,,Fee Schedule,100 Percent of ASP if not priced then 95 Percent of AWP. Lesser of 100% of billed charges applies.,1.96875,,,,,,,Fee Schedule,"157.5 Percent of AWP Fee Schedule. ",0.983,,,,,,,Fee Schedule,"100% ASP Fee Schedule. ",0.983,,,,,,,Fee Schedule,"100% ASP Fee Schedule. ",4.459796,60,,,,,0,percent of total billed charges,60 percent of billed charges; No services were performed during the 15 month look back period.,0.983,,,,,,,Fee Schedule,"100% ASP Fee Schedule. ",0.93575,,,,,,,Fee Schedule,"95 Percent of ASP. ",0.93575,,,,,,,Fee Schedule,"95 Percent of ASP. ",0.93575,,,,,,,Fee schedule,"95 Percent of ASP. ",0.93575,,,,,,,Fee schedule,"95 Percent of ASP. ",1.4375,,,,,,,Fee Schedule,"115 Percent of AWP. ",1.4375,,,,,,,Fee schedule,"115 Percent of AWP Fee Schedule. ",762.278182,,,,,,,Case Rate,"100 Percent of Medicaid APG. ",762.278182,,,,,,,Case Rate,"100 Percent of Medicaid APG. ",762.278182,,,,,,,Case Rate,"100 Percent of Medicaid APG. ",762.278182,,,,,,,Case Rate,"100 Percent of Medicaid APG. ",3.344847,45,,,,,0,percent of total billed charges,45 percent of billed charges; No services were performed during the 15 month look back period.,3.716497,50,,,,,0,percent of total billed charges,50 percent of billed charges; No services were performed during the 15 month look back period.,406.548364,,,,,,,Case Rate,"120 Percent of Medicaid APG. Not APG payable, or payable under another fee schedule like ASP/AWP pays at 30% of charges",406.548364,,,,,,,Case Rate,"120 Percent of Medicaid APG. Not APG payable, or payable under another fee schedule like ASP/AWP pays at 30% of charges",338.790303,,,,,,,Case Rate,"100 Percent of Medicaid APG. Not APG payable, or payable under another fee schedule like ASP/AWP pays at 30% of charges",338.790303,,,,,,,Case Rate,"100 Percent of Medicaid APG. Not APG payable, or payable under another fee schedule like ASP/AWP pays at 30% of charges",3.344847,45,,2978.64,2978.64,2978.64,1 through 10,percent of total billed charges,45 percent of billed charges,3.344847,45,,,,,0,percent of total billed charges,45 percent of billed charges; No services were performed during the 15 month look back period.,0.983,,,,,,,Fee Schedule,"100% ASP Fee Schedule. ",3.344847,45,,323.4,323.4,2978.64,20,percent of total billed charges,45 percent of billed charges,3.344847,45,,1852.2,528,1861.65,43,percent of total billed charges,45 percent of billed charges,3.344847,45,,,,,0,percent of total billed charges,45 percent of billed charges; No services were performed during the 15 month look back period.,3.344847,45,,,,,0,percent of total billed charges,45 percent of billed charges; No services were performed during the 15 month look back period.,0.983,,,,,,,Fee Schedule,"100% ASP Fee Schedule. ",3.344847,45,,,,,0,percent of total billed charges,45 percent of billed charges; No services were performed during the 15 month look back period.,3.344847,45,,,,,0,percent of total billed charges,45 percent of billed charges; No services were performed during the 15 month look back period.,4.459796,60,,,,,0,percent of total billed charges,60 percent of billed charges; No services were performed during the 15 month look back period.,1.03425,,,,,,,Fee Schedule,105% of ASP. Lesser of 100% of billed charges applies.,1.4375,,,,,,,Fee schedule,"115 Percent of AWP Fee Schedule. ",0.07433,1,,,,,0,percent of total billed charges,Approximating Cost. Lesser of 100% of billed charges applies.; No services were performed during the 15 month look back period.,1.4375,,,,,,,Fee Schedule,"115 Percent of AWP. ",1.4375,,,,,,,Fee schedule,"115 Percent of AWP Fee Schedule. ",0.07433,1,,,,,0,percent of total billed charges,Approximating Cost. Lesser of 100% of billed charges applies.; No services were performed during the 15 month look back period.,0.07433,1,,,,,0,percent of total billed charges,Approximating Cost. Lesser of 100% of billed charges applies.; No services were performed during the 15 month look back period.,0.07433,1,,,,,0,percent of total billed charges,Approximating Cost. Lesser of 100% of billed charges applies.; No services were performed during the 15 month look back period.,0.07433,1,,,,,0,percent of total billed charges,Approximating Cost. Lesser of 100% of billed charges applies.; No services were performed during the 15 month look back period.,0.07433,1,,,,,0,percent of total billed charges,Approximating Cost. Lesser of 100% of billed charges applies.; No services were performed during the 15 month look back period.,0.07433,1,,,,,0,percent of total billed charges,Approximating Cost. Lesser of 100% of billed charges applies.; No services were performed during the 15 month look back period.,,,,,,,,,"NA. ",,,,,,,,,"NA. ",,,,,,,,,"NA. ",2.229898,30,,,,,0,percent of total billed charges,30 percent of billed charges; No services were performed during the 15 month look back period.,,,,,,,,,"NA. ",0.983,,,,,,,Fee Schedule,"100% ASP Fee Schedule. ",0.98,,,,,,,Fee Schedule,"100 % 1199 Fee Schedule. ",0.983,,,,,,,Fee Schedule,"100% ASP Fee Schedule. ",0.983,,,,,,,Fee Schedule,"100% ASP Fee Schedule. ",406.548364,,,,,,,Case Rate,"120 Percent of Medicaid APG. Not APG payable, or payable under another fee schedule like ASP/AWP pays at 30% of charges",406.548364,,,,,,,Case Rate,"120 Percent of Medicaid APG. Not APG payable, or payable under another fee schedule like ASP/AWP pays at 30% of charges",338.790303,,,,,,,Case Rate,"100 Percent of Medicaid APG. Not APG payable, or payable under another fee schedule like ASP/AWP pays at 30% of charges",338.790303,,,,,,,Case Rate,"100 Percent of Medicaid APG. Not APG payable, or payable under another fee schedule like ASP/AWP pays at 30% of charges",338.790303,,,,,,,Case Rate,"100 Percent of Medicaid APG. ",5.426085,73,,,,,0,percent of total billed charges,73 percent of billed charges; No services were performed during the 15 month look back period.,4.459796,60,,1300.83,1300.83,1300.83,1 through 10,percent of total billed charges,60 percent of billed charges,5.426085,73,,,,,0,percent of total billed charges,73 percent of billed charges; No services were performed during the 15 month look back period.,2.229898,30,,,,,0,percent of total billed charges,30 percent of billed charges; No services were performed during the 15 month look back period.,0.983,,,,,,,Fee Schedule,"100% ASP Fee Schedule. ",0.983,,,,,,,Fee Schedule,"100% ASP Fee Schedule. ",0.983,,,,,,,Fee Schedule,"100% ASP Fee Schedule. ",0.983,,,,,,,Fee Schedule,"100% ASP Fee Schedule. ",0.983,,,,,,,Fee Schedule,"100% ASP Fee Schedule. ",0.983,,,,,,,Fee Schedule,"100% ASP Fee Schedule. ",,,,,,,,,"NA. ",0.07433,1,,1861.65,1861.65,2978.64,1 through 10,percent of total billed charges,Approximating Cost. Lesser of 100% of billed charges applies.,0.985,,,,,,,Fee Schedule,100 Percent of ASP if not priced then 95 Percent of AWP. Lesser of 100% of billed charges applies.,3.344847,45,,,,,0,percent of total billed charges,45 percent of billed charges; No services were performed during the 15 month look back period.,5.426085,73,,,,,0,percent of total billed charges,73 percent of billed charges; No services were performed during the 15 month look back period.,5.426085,73,,,,,0,percent of total billed charges,73 percent of billed charges; No services were performed during the 15 month look back period.,5.426085,73,,,,,0,percent of total billed charges,73 percent of billed charges; No services were performed during the 15 month look back period.,5.426085,73,,,,,0,percent of total billed charges,73 percent of billed charges; No services were performed during the 15 month look back period.,0.983,,,,,,,Fee Schedule,"100% ASP Fee Schedule. ",338.790303,,,,,,,Case Rate,"100 Percent of Medicaid APG. ",3.344847,45,,,,,0,percent of total billed charges,45 percent of billed charges; No services were performed during the 15 month look back period.,338.790303,,,,,,,Case Rate,"100 Percent of Medicaid APG. ",0.983,,,,,,,Fee Schedule,"100% ASP Fee Schedule. ",338.790303,,,,,,,Case Rate,"100 Percent of Medicaid APG. ",0.983,,,,,,,Fee Schedule,"100% ASP Fee Schedule. ",0.983,,,,,,,Fee Schedule,"100% ASP Fee Schedule. ",338.790303,,,,,,,Case Rate,"100 Percent of Medicaid APG. ",338.790303,,,,,,,Case Rate,"100 Percent of Medicaid APG. ",5.426085,73,,,,,0,percent of total billed charges,73 percent of billed charges; No services were performed during the 15 month look back period.,2.229898,30,,,,,0,percent of total billed charges,30 percent of billed charges; No services were performed during the 15 month look back period.,5.797735,78,,,,,0,percent of total billed charges,78% of Billed Charges. Lesser of 100% of billed charges applies.; No services were performed during the 15 month look back period.,,,,,,,,Fee Schedule,"100 % Zero Pay Code. ",,,,,,,,Fee Schedule,"100 % Zero Pay Code. ",4.459796,60,,,,,0,percent of total billed charges,60 percent of billed charges; No services were performed during the 15 month look back period.,0.983,,,,,,,Fee Schedule,"100% of AWP Fee Schedule. ",5.946395,80,,,,,0,percent of total billed charges,80 percent of billed charges; No services were performed during the 15 month look back period.,5.946395,80,,,,,0,percent of total billed charges,80 percent of billed charges; No services were performed during the 15 month look back period.,2.675878,36,,,,,0,percent of total billed charges,36 percent of billed charges; No services were performed during the 15 month look back period.,2.675878,36,,,,,0,percent of total billed charges,36 percent of billed charges; No services were performed during the 15 month look back period.,0.983,,,,,,,Fee Schedule,"100% ASP Fee Schedule. ",0.983,,,,,,,Fee Schedule,"100% ASP Fee Schedule. ",0.983,,,,,,,Fee Schedule,"100% ASP Fee Schedule. ",0.983,,,,,,,Fee Schedule,"100% ASP Fee Schedule. ",,,,,,,,Fee Schedule,"100 % Zero Pay Code. ",3.344847,45,,,,,0,percent of total billed charges,45 percent of billed charges; No services were performed during the 15 month look back period.,3.344847,45,,,,,0,percent of total billed charges,45 percent of billed charges; No services were performed during the 15 month look back period.,0.983,,,,,,,Fee Schedule,"100% ASP Fee Schedule. ",2.675878,36,,,,,0,percent of total billed charges,36 percent of billed charges; No services were performed during the 15 month look back period.,5.426085,73,,,,,0,percent of total billed charges,73 percent of billed charges; No services were performed during the 15 month look back period.,406.548364,,,,,,,Fee Schedule,"120 Percent of Medicaid APG. ",338.790303,,,,,,,Case Rate,"100 Percent of Medicaid APG. ",5.426085,73,,,,,0,percent of total billed charges,73 percent of billed charges; No services were performed during the 15 month look back period.,3.010362,40.5,,,,,0,percent of total billed charges,40.5 percent of billed charges; No services were performed during the 15 month look back period.,3.010362,40.5,,323.4,58.98,1861.65,1 through 10,percent of total billed charges,40.5 percent of billed charges,3.344847,45,,,,,0,percent of total billed charges,45 percent of billed charges; No services were performed during the 15 month look back period.,3.716497,50,,,,,0,percent of total billed charges,50 percent of billed charges; No services were performed during the 15 month look back period.,0.983,,,,,,,Fee Schedule,"100% ASP Fee Schedule. ",355.729818,,,,,,,Fee Schedule,105 percent of Medicaid APG. otherwise 105% of Ordered NYS MCD FS or 105% of ASP+6%,355.729818,,,,,,,Fee Schedule,105 percent of Medicaid APG. otherwise 105% of Ordered NYS MCD FS or 105% of ASP+6%,355.729818,,,,,,,Fee Schedule,105 percent of Medicaid APG. otherwise 105% of Ordered NYS MCD FS or 105% of ASP+6%,457.366909,,,,,,,Fee Schedule,135 percent of Medicaid APG. otherwise 135% of Ordered NYS MCD FS or 135% of ASP+6%,,,,,,,,Fee Schedule,"100 % Zero Pay Code. ",355.729818,,,,,,,Fee Schedule,105 percent of Medicaid APG. otherwise 105% of Ordered NYS MCD FS or 105% of ASP+6%,355.729818,,,,,,,Fee Schedule,105 percent of Medicaid APG. otherwise 105% of Ordered NYS MCD FS or 105% of ASP+6%,355.729818,,,,,,,Fee Schedule,105 percent of Medicaid APG. otherwise 105% of Ordered NYS MCD FS or 105% of ASP+6%,355.729818,,,,,,,Fee Schedule,105 percent of Medicaid APG. otherwise 105% of Ordered NYS MCD FS or 105% of ASP+6%,355.729818,,,,,,,Fee Schedule,105 percent of Medicaid APG. otherwise 105% of Ordered NYS MCD FS or 105% of ASP+6%,457.366909,,,,,,,Fee Schedule,135 percent of Medicaid APG. otherwise 135% of Ordered NYS MCD FS or 135% of ASP+6%,457.366909,,,,,,,Fee Schedule,135 percent of Medicaid APG. otherwise 135% of Ordered NYS MCD FS or 135% of ASP+6%,0.983,,,,,,,Fee Schedule,"100% ASP Fee Schedule. ",,,,,,,,Fee Schedule,"100 % Zero Pay Code. ",0.983,,,,,,,Fee Schedule,"100% ASP Fee Schedule. ",355.729818,,,,,,,Fee Schedule,105 percent of Medicaid APG. otherwise 105% of Ordered NYS MCD FS or 105% of ASP+6%,3.344847,45,,,,,0,percent of total billed charges,45 percent of billed charges; No services were performed during the 15 month look back period.,0.983,,,,,,,Fee Schedule,"100% ASP Fee Schedule. ",3.344847,45,,,,,0,percent of total billed charges,45 percent of billed charges; No services were performed during the 15 month look back period.,3.344847,45,,,,,0,percent of total billed charges,45 percent of billed charges; No services were performed during the 15 month look back period.,3.344847,45,,,,,0,percent of total billed charges,45 percent of billed charges; No services were performed during the 15 month look back period.,355.729818,,,,,,,Fee Schedule,105 percent of Medicaid APG. otherwise 105% of Ordered NYS MCD FS or 105% of ASP+6%,0.983,,,,,,,Fee Schedule,"100% ASP Fee Schedule. ",3.344847,45,,,,,0,percent of total billed charges,45 percent of billed charges; No services were performed during the 15 month look back period.,457.366909,,,,,,,Fee Schedule,135 percent of Medicaid APG. otherwise 135% of Ordered NYS MCD FS or 135% of ASP+6%,3.344847,45,,,,,0,percent of total billed charges,45 percent of billed charges; No services were performed during the 15 month look back period.,2.229898,30,,555.66,555.66,555.66,1 through 10,percent of total billed charges,"30% of Charges. ",0.983,,,,,,,Fee Schedule,"100% ASP Fee Schedule. ",5.426085,73,,,,,0,percent of total billed charges,73 percent of billed charges; No services were performed during the 15 month look back period.,5.426085,73,,,,,0,percent of total billed charges,73 percent of billed charges; No services were performed during the 15 month look back period.,5.426085,73,,,,,0,percent of total billed charges,73 percent of billed charges; No services were performed during the 15 month look back period.,5.426085,73,,,,,0,percent of total billed charges,73 percent of billed charges; No services were performed during the 15 month look back period.,5.426085,73,,,,,0,percent of total billed charges,73 percent of billed charges; No services were performed during the 15 month look back period.,5.426085,73,,,,,0,percent of total billed charges,73 percent of billed charges; No services were performed during the 15 month look back period.,5.426085,73,,,,,0,percent of total billed charges,73 percent of billed charges; No services were performed during the 15 month look back period.,5.426085,73,,,,,0,percent of total billed charges,73 percent of billed charges; No services were performed during the 15 month look back period.,5.426085,73,,,,,0,percent of total billed charges,73 percent of billed charges; No services were performed during the 15 month look back period.,5.426085,73,,,,,0,percent of total billed charges,73 percent of billed charges; No services were performed during the 15 month look back period.,5.426085,73,,,,,0,percent of total billed charges,73 percent of billed charges; No services were performed during the 15 month look back period.,5.426085,73,,,,,0,percent of total billed charges,73 percent of billed charges; No services were performed during the 15 month look back period.,0.983,,,,,,,Fee Schedule,"100% ASP Fee Schedule. ",5.426085,73,,1861.65,1861.65,1861.65,1 through 10,percent of total billed charges,73 percent of billed charges,0.983,,,,,,,Fee Schedule,"100% ASP Fee Schedule. ",762.278182,,,,,,,Case Rate,"106 percent of Average Sales Price.. Drugs not priced under APG, billed with revenue code 636 and not priced by Medicare ASP FeeSched will be reimbursed at 20% of charges.",338.790303,,,,,,,Case Rate,"106 percent of Average Sales Price.. Drugs not priced under APG, billed with revenue code 636 and not priced by Medicare ASP FeeSched will be reimbursed at 20% of charges.",,,,,,,,Fee Schedule,"100 % Zero Pay Code. ",,,,,,,,Fee Schedule,"100 % Zero Pay Code. ",0.983,,,,,,,Fee Schedule,"100% ASP Fee Schedule. ",5.946395,80,,,,,0,percent of total billed charges,80 percent of billed charges; No services were performed during the 15 month look back period.,0.983,,,,,,,Fee Schedule,"100% ASP Fee Schedule. ",0.983,,,,,,,Fee Schedule,"100% ASP Fee Schedule. ",4.459796,60,,,,,0,percent of total billed charges,60 percent of billed charges; No services were performed during the 15 month look back period.,0.983,,,,,,,Fee Schedule,"100% ASP Fee Schedule. ",2.229898,30,,,,,0,percent of total billed charges,30 percent of billed charges; No services were performed during the 15 month look back period.,0.983,,,,,,,Fee Schedule,"100% ASP Fee Schedule. ",2.229898,30,,,,,0,percent of total billed charges,30 percent of billed charges; No services were performed during the 15 month look back period.,4.459796,60,,,,,0,percent of total billed charges,60 percent of billed charges; No services were performed during the 15 month look back period.,2.229898,30,,,,,0,percent of total billed charges,30 percent of billed charges; No services were performed during the 15 month look back period.,0.983,,,,,,,Fee Schedule,"100% ASP Fee Schedule. ",338.790303,,,,,,,Case Rate,"100 Percent of Medicaid APG. ",0.983,,,,,,,Fee Schedule,"100% ASP Fee Schedule. ",2.229898,30,,,,,0,percent of total billed charges,30 percent of billed charges; No services were performed during the 15 month look back period.,,,,,,,,Fee Schedule,"100 % Zero Pay Code. ",338.790303,,,,,,,Case Rate,"100 Percent of Medicaid APG. ",3.344847,45,,,,,0,percent of total billed charges,45 percent of billed charges; No services were performed during the 15 month look back period.,406.548364,,,,,,,Fee Schedule,"120 Percent of Medicaid APG. ",406.548364,,,,,,,Fee Schedule,"120 Percent of Medicaid APG. ",3.344847,45,,,,,0,percent of total billed charges,45 percent of billed charges; No services were performed during the 15 month look back period.,3.344847,45,,,,,0,percent of total billed charges,45 percent of billed charges; No services were performed during the 15 month look back period.,3.344847,45,,,,,0,percent of total billed charges,45 percent of billed charges; No services were performed during the 15 month look back period.,,,,,,,,Fee Schedule,"100 % Zero Pay Code. ",3.344847,45,,,,,0,percent of total billed charges,45 percent of billed charges; No services were performed during the 15 month look back period.,3.344847,45,,,,,0,percent of total billed charges,45 percent of billed charges; No services were performed during the 15 month look back period.,3.344847,45,,,,,0,percent of total billed charges,45 percent of billed charges; No services were performed during the 15 month look back period.,5.426085,73,,,,,0,percent of total billed charges,73 percent of billed charges; No services were performed during the 15 month look back period.,5.426085,73,,,,,0,percent of total billed charges,73 percent of billed charges; No services were performed during the 15 month look back period.,1.38603,,,,,,,Fee Schedule,141 Percent of of ASP. Drugs billed with revenue code 636 and not priced by Medicare ASP fee schedule will be reimburse at 20 percent of charges,338.790303,,,,,,,Case Rate,"100 Percent of Medicaid APG. ",,,,,,,,Fee Schedule,"100 % Zero Pay Code. ",2.229898,30,,,,,0,percent of total billed charges,30 percent of billed charges; No services were performed during the 15 month look back period.,4.459796,60,,,,,0,percent of total billed charges,60 percent of billed charges; No services were performed during the 15 month look back period.,,,,,,,,Fee Schedule,"100 % Zero Pay Code. ",4.459796,60,,,,,0,percent of total billed charges,60 percent of billed charges; No services were performed during the 15 month look back period.,,,,,,,,Fee Schedule,"100 % Zero Pay Code. ",3.344847,45,,,,,0,percent of total billed charges,45 percent of billed charges; No services were performed during the 15 month look back period.,3.344847,45,,,,,0,percent of total billed charges,45 percent of billed charges; No services were performed during the 15 month look back period.,3.344847,45,,,,,0,percent of total billed charges,45 percent of billed charges; No services were performed during the 15 month look back period.,3.344847,45,,,,,0,percent of total billed charges,45 percent of billed charges; No services were performed during the 15 month look back period.,0.983,,,,,,,Fee Schedule,"100% ASP Fee Schedule. ",0.07433,762.278182,
J1598,HCPCS,5010003,LOCAL,636,RC,INJ GLYCOPYRROLATE FRES KABI,14.00112,2.660213,Outpatient,ME,0.1,,1.66,,,,,,,Fee Schedule,100 % 1199 Fee Schedule.,1.66,,,,,,,Fee Schedule,100 % 1199 Fee Schedule.,8.400672,60,,,,,0,percent of total billed charges,60 percent of billed charges; No services were performed during the 15 month look back period.,14.00112,100,,,,,0,percent of total billed charges,100 percent of billed charges; No services were performed during the 15 month look back period.,1.66,,,,,,,Fee Schedule,100% ASP Fee Schedule.,8.400672,60,,,,,0,percent of total billed charges,60 percent of billed charges; No services were performed during the 15 month look back period.,8.400672,60,,,,,0,percent of total billed charges,60 percent of billed charges; No services were performed during the 15 month look back period.,8.400672,60,,,,,0,percent of total billed charges,60 percent of billed charges; No services were performed during the 15 month look back period.,,,,,,,,Other,100 Percent of Medicaid APG.,,,,,,,,Other,100 Percent of Medicaid APG.,10.920874,78,,,,,0,percent of total billed charges,78 percent of billed charges; No services were performed during the 15 month look back period.,,,,,,,,Fee Schedule,100 % Zero Pay Code.,,,,,,,,Other,100 Percent of Medicaid APG.,1.66,,,,,,,Fee Schedule,100% ASP Fee Schedule.,8.400672,60,,,,,0,percent of total billed charges,60 percent of billed charges; No services were performed during the 15 month look back period.,8.400672,60,,,,,0,percent of total billed charges,60 percent of billed charges; No services were performed during the 15 month look back period.,8.400672,60,,,,,0,percent of total billed charges,60 percent of billed charges; No services were performed during the 15 month look back period.,8.400672,60,,,,,0,percent of total billed charges,60 percent of billed charges; No services were performed during the 15 month look back period.,,,,,,,,Fee schedule,Not Payable.,1.66,,,,,,,Fee Schedule,100% ASP Fee Schedule.,,,,,,,,Fee schedule,Not Payable.,10.920874,78,,,,,0,percent of total billed charges,78 percent of billed charges; No services were performed during the 15 month look back period.,8.400672,60,,,,,0,percent of total billed charges,60 percent of billed charges; No services were performed during the 15 month look back period.,1.66,,,,,,,Fee Schedule,100% ASP Fee Schedule.,4.85,,,,,,,Fee Schedule,383 % Medicare ASP.,1.66,,,,,,,Fee Schedule,100% ASP Fee Schedule.,1.66,,,,,,,Fee Schedule,100% ASP Fee Schedule.,10.920874,78,,,,,0,percent of total billed charges,78 percent of billed charges; No services were performed during the 15 month look back period.,1.85,,,,,,,Fee Schedule,100 Percent of ASP if not priced then 95 Percent of AWP. Lesser of 100% of billed charges applies.,1.85,,,,,,,Fee Schedule,100 Percent of ASP if not priced then 95 Percent of AWP. Lesser of 100% of billed charges applies.,1.76,,,,,,,Fee schedule,95 Percent of ASP.,1.76,,,,,,,Fee schedule,95 Percent of ASP.,4.85,,,,,,,Fee Schedule,383 % Medicare ASP.,4.85,,,,,,,Fee Schedule,383 % Medicare ASP.,,,,,,,,Other,"100 Percent of Medicaid APG. Not APG payable, or payable under another fee schedule like ASP/AWP pays at 30% of charges",4.85,,,,,,,Fee Schedule,383 % Medicare ASP.,,,,,,,,Other,"100 Percent of Medicaid APG. Not APG payable, or payable under another fee schedule like ASP/AWP pays at 30% of charges",1.66,,,,,,,Fee Schedule,100% ASP Fee Schedule.,4.85,,,,,,,Fee Schedule,383 % Medicare ASP.,10.920874,78,,,,,0,percent of total billed charges,78 percent of billed charges; No services were performed during the 15 month look back period.,,,,,,,,Fee Schedule,Not payable.,,,,,,,,Fee Schedule,Not payable.,10.920874,78,,,,,0,percent of total billed charges,78 percent of billed charges; No services were performed during the 15 month look back period.,8.400672,60,,,,,0,percent of total billed charges,60 percent of billed charges; No services were performed during the 15 month look back period.,,,,,,,,Fee Schedule,100 % Zero Pay Code.,,,,,,,,Fee Schedule,100 % Zero Pay Code.,10.920874,78,,,,,0,percent of total billed charges,78 percent of billed charges; No services were performed during the 15 month look back period.,1.66,,,,,,,Fee Schedule,100% ASP Fee Schedule.,,,,,,,,Fee Schedule,100 % Zero Pay Code.,,,,,,,,Fee Schedule,100 % Zero Pay Code.,,,,,,,,Fee Schedule,100 % Zero Pay Code.,1.66,,,,,,,Fee Schedule,100% ASP Fee Schedule.,,,,,,,,Fee Schedule,100 % Zero Pay Code.,,,,,,,,Fee Schedule,100 % Zero Pay Code.,1.66,,,,,,,Fee Schedule,100% of AWP Fee Schedule.,7.00056,50,,,,,0,percent of total billed charges,50 percent of billed charges; No services were performed during the 15 month look back period.,9.100728,65,,,,,0,percent of total billed charges,65 percent of billed charges; No services were performed during the 15 month look back period.,9.100728,65,,,,,0,percent of total billed charges,65 percent of billed charges; No services were performed during the 15 month look back period.,9.100728,65,,,,,0,percent of total billed charges,65 percent of billed charges; No services were performed during the 15 month look back period.,9.100728,65,,,,,0,percent of total billed charges,65 percent of billed charges; No services were performed during the 15 month look back period.,9.100728,65,,,,,0,percent of total billed charges,65 percent of billed charges; No services were performed during the 15 month look back period.,9.100728,65,,,,,0,percent of total billed charges,65 percent of billed charges; No services were performed during the 15 month look back period.,1.66,,,,,,,Fee Schedule,100% ASP Fee Schedule.,1.66,,,,,,,Fee Schedule,100% ASP Fee Schedule.,9.100728,65,,,,,0,percent of total billed charges,65 percent of billed charges; No services were performed during the 15 month look back period.,10.920874,78,,,,,0,percent of total billed charges,78 percent of billed charges; No services were performed during the 15 month look back period.,10.920874,78,,,,,0,percent of total billed charges,78 percent of billed charges; No services were performed during the 15 month look back period.,10.920874,78,,,,,0,percent of total billed charges,78 percent of billed charges; No services were performed during the 15 month look back period.,10.920874,78,,,,,0,percent of total billed charges,78 percent of billed charges; No services were performed during the 15 month look back period.,10.920874,78,,,,,0,percent of total billed charges,78 percent of billed charges; No services were performed during the 15 month look back period.,10.920874,78,,,,,0,percent of total billed charges,78 percent of billed charges; No services were performed during the 15 month look back period.,10.920874,78,,,,,0,percent of total billed charges,78 percent of billed charges; No services were performed during the 15 month look back period.,10.920874,78,,,,,0,percent of total billed charges,78 percent of billed charges; No services were performed during the 15 month look back period.,10.920874,78,,,,,0,percent of total billed charges,78 percent of billed charges; No services were performed during the 15 month look back period.,10.920874,78,,,,,0,percent of total billed charges,78 percent of billed charges; No services were performed during the 15 month look back period.,10.920874,78,,,,,0,percent of total billed charges,78 percent of billed charges; No services were performed during the 15 month look back period.,10.920874,78,,,,,0,percent of total billed charges,78 percent of billed charges; No services were performed during the 15 month look back period.,10.920874,78,,,,,0,percent of total billed charges,78 percent of billed charges; No services were performed during the 15 month look back period.,10.920874,78,,,,,0,percent of total billed charges,78 percent of billed charges; No services were performed during the 15 month look back period.,10.920874,78,,,,,0,percent of total billed charges,78 percent of billed charges; No services were performed during the 15 month look back period.,10.920874,78,,,,,0,percent of total billed charges,78 percent of billed charges; No services were performed during the 15 month look back period.,10.920874,78,,,,,0,percent of total billed charges,78 percent of billed charges; No services were performed during the 15 month look back period.,10.920874,78,,,,,0,percent of total billed charges,78 percent of billed charges; No services were performed during the 15 month look back period.,10.920874,78,,,,,0,percent of total billed charges,78 percent of billed charges; No services were performed during the 15 month look back period.,10.920874,78,,,,,0,percent of total billed charges,78 percent of billed charges; No services were performed during the 15 month look back period.,10.920874,78,,,,,0,percent of total billed charges,78 percent of billed charges; No services were performed during the 15 month look back period.,10.920874,78,,,,,0,percent of total billed charges,78 percent of billed charges; No services were performed during the 15 month look back period.,10.920874,78,,,,,0,percent of total billed charges,78 percent of billed charges; No services were performed during the 15 month look back period.,10.920874,78,,,,,0,percent of total billed charges,78 percent of billed charges; No services were performed during the 15 month look back period.,10.920874,78,,,,,0,percent of total billed charges,78 percent of billed charges; No services were performed during the 15 month look back period.,10.920874,78,,,,,0,percent of total billed charges,78 percent of billed charges; No services were performed during the 15 month look back period.,4.85,,,,,,,Fee Schedule,383 % Medicare ASP.,4.85,,,,,,,Fee Schedule,383 % Medicare ASP.,4.85,,,,,,,Fee Schedule,383 % Medicare ASP.,4.85,,,,,,,Fee Schedule,383 % Medicare ASP.,7.27,,,,,,,Fee Schedule,574 % Medicare ASP.,7.27,,,,,,,Fee Schedule,574 % Medicare ASP.,8.400672,60,,,,,0,percent of total billed charges,60 percent of billed charges; No services were performed during the 15 month look back period.,9.100728,65,,,,,0,percent of total billed charges,65 percent of billed charges; No services were performed during the 15 month look back period.,,,,,,,,Fee Schedule,100 % Zero Pay Code.,9.100728,65,,,,,0,percent of total billed charges,65 percent of billed charges; No services were performed during the 15 month look back period.,10.920874,78,,,,,0,percent of total billed charges,78 percent of billed charges; No services were performed during the 15 month look back period.,7.27,,,,,,,Fee Schedule,574 % Medicare ASP.,9.100728,65,,,,,0,percent of total billed charges,65 percent of billed charges; No services were performed during the 15 month look back period.,,,,,,,,Fee Schedule,100 % Zero Pay Code.,8.400672,60,,,,,0,percent of total billed charges,60 percent of billed charges; No services were performed during the 15 month look back period.,,,,,,,,,,10.920874,78,,,,,0,percent of total billed charges,78 percent of billed charges; No services were performed during the 15 month look back period.,,,,,,,,Other,100 Percent of Medicaid APG.,4.85,,,,,,,Fee Schedule,383 % Medicare ASP.,,,,,,,,Other,"100 Percent of Medicaid APG. Not APG payable, or payable under another fee schedule like ASP/AWP pays at 30% of charges",1.66,,,,,,,Fee Schedule,100% ASP Fee Schedule.,1.66,,,,,,,Fee Schedule,100% ASP Fee Schedule.,7.00056,50,,,,,0,percent of total billed charges,50 percent of billed charges; No services were performed during the 15 month look back period.,1.66,,,,,,,Fee Schedule,100% ASP Fee Schedule.,1.66,,,,,,,Fee Schedule,100% ASP Fee Schedule.,,,,,,,,Other,100 Percent of Medicaid APG.,1.66,,,,,,,Fee Schedule,100% ASP Fee Schedule.,1.66,,,,,,,Fee Schedule,100% ASP Fee Schedule.,8.400672,60,,,,,0,percent of total billed charges,60 percent of billed charges; No services were performed during the 15 month look back period.,8.400672,60,,,,,0,percent of total billed charges,60 percent of billed charges; No services were performed during the 15 month look back period.,1.66,,,,,,,Fee Schedule,100% ASP Fee Schedule.,8.400672,60,,,,,0,percent of total billed charges,60 percent of billed charges; No services were performed during the 15 month look back period.,,,,,,,,Fee Schedule,100 % Zero Pay Code.,,,,,,,,Fee Schedule,100 % Zero Pay Code.,1.66,,,,,,,Fee Schedule,100% ASP Fee Schedule.,8.400672,60,,,,,0,percent of total billed charges,60 percent of billed charges; No services were performed during the 15 month look back period.,8.400672,60,,,,,0,percent of total billed charges,60 percent of billed charges; No services were performed during the 15 month look back period.,8.400672,60,,,,,0,percent of total billed charges,60 percent of billed charges; No services were performed during the 15 month look back period.,8.400672,60,,,,,0,percent of total billed charges,60 percent of billed charges; No services were performed during the 15 month look back period.,10.920874,78,,,,,0,percent of total billed charges,78 percent of billed charges; No services were performed during the 15 month look back period.,10.920874,78,,,,,0,percent of total billed charges,78 percent of billed charges; No services were performed during the 15 month look back period.,10.920874,78,,,,,0,percent of total billed charges,78 percent of billed charges; No services were performed during the 15 month look back period.,10.920874,78,,,,,0,percent of total billed charges,78 percent of billed charges; No services were performed during the 15 month look back period.,10.920874,78,,,,,0,percent of total billed charges,78 percent of billed charges; No services were performed during the 15 month look back period.,10.920874,78,,,,,0,percent of total billed charges,78 percent of billed charges; No services were performed during the 15 month look back period.,10.920874,78,,,,,0,percent of total billed charges,78 percent of billed charges; No services were performed during the 15 month look back period.,10.920874,78,,,,,0,percent of total billed charges,78 percent of billed charges; No services were performed during the 15 month look back period.,10.920874,78,,,,,0,percent of total billed charges,78 percent of billed charges; No services were performed during the 15 month look back period.,10.920874,78,,,,,0,percent of total billed charges,78 percent of billed charges; No services were performed during the 15 month look back period.,10.920874,78,,,,,0,percent of total billed charges,78 percent of billed charges; No services were performed during the 15 month look back period.,7.27,,,,,,,Fee Schedule,574 % Medicare ASP.,9.100728,65,,,,,0,percent of total billed charges,65 percent of billed charges; No services were performed during the 15 month look back period.,8.400672,60,,,,,0,percent of total billed charges,60 percent of billed charges; No services were performed during the 15 month look back period.,1.66,,,,,,,Fee Schedule,100% ASP Fee Schedule.,8.400672,60,,,,,0,percent of total billed charges,60 percent of billed charges; No services were performed during the 15 month look back period.,8.400672,60,,,,,0,percent of total billed charges,60 percent of billed charges; No services were performed during the 15 month look back period.,8.400672,60,,,,,0,percent of total billed charges,60 percent of billed charges; No services were performed during the 15 month look back period.,10.920874,78,,,,,0,percent of total billed charges,78 percent of billed charges; No services were performed during the 15 month look back period.,2.800224,20,,,,,0,percent of total billed charges,"20 percent of billed charges. Drugs not priced under APG, billed with revenue code 636 and not priced by Medicare ASP FeeSched will be reimbursed at 20% of charges.; No services were performed during the 15 month look back period.",8.400672,60,,,,,0,percent of total billed charges,60 percent of billed charges; No services were performed during the 15 month look back period.,,,,,,,,Other,100 Percent of Medicaid APG.,1.66,,,,,,,Fee Schedule,100% ASP Fee Schedule.,1.66,,,,,,,Fee Schedule,100% ASP Fee Schedule.,1.66,,,,,,,Fee Schedule,100% ASP Fee Schedule.,1.66,,,,,,,Fee Schedule,100% ASP Fee Schedule.,1.66,,,,,,,Fee Schedule,100% ASP Fee Schedule.,1.66,,,,,,,Fee Schedule,100% ASP Fee Schedule.,8.400672,60,,,,,0,percent of total billed charges,60 percent of billed charges; No services were performed during the 15 month look back period.,7.00056,50,,,,,0,percent of total billed charges,50 percent of billed charges; No services were performed during the 15 month look back period.,,,,,,,,Fee Schedule,Not Payable.,,,,,,,,Fee Schedule,Not Payable.,,,,,,,,Fee Schedule,Not Payable.,,,,,,,,Fee Schedule,Not Payable.,,,,,,,,Fee Schedule,Not Payable.,,,,,,,,,,7.00056,50,,,,,0,percent of total billed charges,50 percent of billed charges; No services were performed during the 15 month look back period.,,,,,,,,Fee Schedule,Not Payable.,,,,,,,,Fee Schedule,Not Payable.,,,,,,,,Fee Schedule,Not Payable.,,,,,,,,Fee Schedule,Not Payable.,,,,,,,,Fee Schedule,Not Payable.,1.66,,,,,,,Fee Schedule,100% ASP Fee Schedule.,7.27,,,,,,,Fee Schedule,574 % Medicare ASP.,7.27,,,,,,,Fee Schedule,574 % Medicare ASP.,7.27,,,,,,,Fee Schedule,574 % Medicare ASP.,7.27,,,,,,,Fee Schedule,574 % Medicare ASP.,8.400672,60,,,,,0,percent of total billed charges,60 percent of billed charges; No services were performed during the 15 month look back period.,8.400672,60,,,,,0,percent of total billed charges,60 percent of billed charges; No services were performed during the 15 month look back period.,8.400672,60,,,,,0,percent of total billed charges,60 percent of billed charges; No services were performed during the 15 month look back period.,8.400672,60,,,,,0,percent of total billed charges,60 percent of billed charges; No services were performed during the 15 month look back period.,7.00056,50,,,,,0,percent of total billed charges,50 percent of billed charges; No services were performed during the 15 month look back period.,7.00056,50,,,,,0,percent of total billed charges,50 percent of billed charges; No services were performed during the 15 month look back period.,1.66,,,,,,,Fee Schedule,100% ASP Fee Schedule.,1.66,,,,,,,Fee Schedule,100% ASP Fee Schedule.,1.66,,,,,,,Fee Schedule,100% ASP Fee Schedule.,9.100728,65,,,,,0,percent of total billed charges,65 percent of billed charges; No services were performed during the 15 month look back period.,9.100728,65,,,,,0,percent of total billed charges,65 percent of billed charges; No services were performed during the 15 month look back period.,9.100728,65,,,,,0,percent of total billed charges,65 percent of billed charges; No services were performed during the 15 month look back period.,7.00056,50,,,,,0,percent of total billed charges,50 percent of billed charges; No services were performed during the 15 month look back period.,8.400672,60,,,,,0,percent of total billed charges,60 percent of billed charges; No services were performed during the 15 month look back period.,1.66,,,,,,,Fee Schedule,100% ASP Fee Schedule.,9.100728,65,,,,,0,percent of total billed charges,65 percent of billed charges; No services were performed during the 15 month look back period.,,,,,,,,Other,100 Percent of Medicaid APG.,1.69,,,,,,,Fee Schedule,100% of ASP Fee Schedule.,1.69,,,,,,,Fee Schedule,100% of ASP Fee Schedule.,1.69,,,,,,,Fee Schedule,100% of ASP Fee Schedule.,1.76,,,,,,,Fee schedule,95 Percent of ASP.,,,,,,,,Fee Schedule,Not payable.,,,,,,,,Fee Schedule,Not payable.,,,,,,,,Fee Schedule,Not payable.,,,,,,,,Fee Schedule,Not payable.,,,,,,,,Fee Schedule,Not payable.,1.69,,,,,,,Fee Schedule,100% of ASP Fee Schedule.,,,,,,,,Other,100 Percent of Medicaid APG.,1.85,,,,,,,Fee Schedule,100 Percent of ASP if not priced then 95 Percent of AWP. Lesser of 100% of billed charges applies.,,,,,,,,Fee Schedule,Not payable.,,,,,,,,Fee Schedule,Not payable.,1.85,,,,,,,Fee Schedule,100 Percent of ASP if not priced then 95 Percent of AWP. Lesser of 100% of billed charges applies.,1.85,,,,,,,Fee Schedule,100 Percent of ASP if not priced then 95 Percent of AWP. Lesser of 100% of billed charges applies.,,,,,,,,Fee Schedule,Not Payable.,1.66,,,,,,,Fee Schedule,100% ASP Fee Schedule.,1.66,,,,,,,Fee Schedule,100% ASP Fee Schedule.,8.400672,60,,,,,0,percent of total billed charges,60 percent of billed charges; No services were performed during the 15 month look back period.,1.66,,,,,,,Fee Schedule,100% ASP Fee Schedule.,,,,,,,,,,,,,,,,,,,1.76,,,,,,,Fee schedule,95 Percent of ASP.,1.76,,,,,,,Fee schedule,95 Percent of ASP.,,,,,,,,Other,Not Payable.,,,,,,,,Fee schedule,Not Payable.,,,,,,,,Other,100 Percent of Medicaid APG.,,,,,,,,Other,100 Percent of Medicaid APG.,,,,,,,,Other,100 Percent of Medicaid APG.,,,,,,,,Other,100 Percent of Medicaid APG.,,,,,,,,,,7.00056,50,,,,,0,percent of total billed charges,50 percent of billed charges; No services were performed during the 15 month look back period.,,,,,,,,Other,"120 Percent of Medicaid APG. Not APG payable, or payable under another fee schedule like ASP/AWP pays at 30% of charges",,,,,,,,Other,"120 Percent of Medicaid APG. Not APG payable, or payable under another fee schedule like ASP/AWP pays at 30% of charges",,,,,,,,Other,"100 Percent of Medicaid APG. Not APG payable, or payable under another fee schedule like ASP/AWP pays at 30% of charges",,,,,,,,Other,"100 Percent of Medicaid APG. Not APG payable, or payable under another fee schedule like ASP/AWP pays at 30% of charges",9.100728,65,,,,,0,percent of total billed charges,65 percent of billed charges; No services were performed during the 15 month look back period.,9.100728,65,,,,,0,percent of total billed charges,65 percent of billed charges; No services were performed during the 15 month look back period.,1.66,,,,,,,Fee Schedule,100% ASP Fee Schedule.,9.100728,65,,,,,0,percent of total billed charges,65 percent of billed charges; No services were performed during the 15 month look back period.,9.100728,65,,,,,0,percent of total billed charges,65 percent of billed charges; No services were performed during the 15 month look back period.,9.100728,65,,,,,0,percent of total billed charges,65 percent of billed charges; No services were performed during the 15 month look back period.,9.100728,65,,,,,0,percent of total billed charges,65 percent of billed charges; No services were performed during the 15 month look back period.,1.66,,,,,,,Fee Schedule,100% ASP Fee Schedule.,9.100728,65,,,,,0,percent of total billed charges,65 percent of billed charges; No services were performed during the 15 month look back period.,9.100728,65,,,,,0,percent of total billed charges,65 percent of billed charges; No services were performed during the 15 month look back period.,8.400672,60,,,,,0,percent of total billed charges,60 percent of billed charges; No services were performed during the 15 month look back period.,,,,,,,,Fee Schedule,100% APG. Lesser of 100% of billed charges applies.,,,,,,,,Fee schedule,Not Payable.,,,,,,,,Fee Schedule,Not payable.,,,,,,,,Other,Not Payable.,,,,,,,,Fee schedule,Not Payable.,,,,,,,,Fee Schedule,Not payable.,,,,,,,,Fee Schedule,Not payable.,,,,,,,,Fee Schedule,Not payable.,,,,,,,,Fee Schedule,Not payable.,,,,,,,,Fee Schedule,Not payable.,,,,,,,,Fee Schedule,Not payable.,,,,,,,,,,,,,,,,,,,,,,,,,,,,8.400672,60,,,,,0,percent of total billed charges,60 percent of billed charges; No services were performed during the 15 month look back period.,,,,,,,,,,1.66,,,,,,,Fee Schedule,100% ASP Fee Schedule.,1.66,,,,,,,Fee Schedule,100 % 1199 Fee Schedule.,1.66,,,,,,,Fee Schedule,100% ASP Fee Schedule.,1.66,,,,,,,Fee Schedule,100% ASP Fee Schedule.,,,,,,,,Other,"120 Percent of Medicaid APG. Not APG payable, or payable under another fee schedule like ASP/AWP pays at 30% of charges",,,,,,,,Other,"120 Percent of Medicaid APG. Not APG payable, or payable under another fee schedule like ASP/AWP pays at 30% of charges",,,,,,,,Other,"100 Percent of Medicaid APG. Not APG payable, or payable under another fee schedule like ASP/AWP pays at 30% of charges",,,,,,,,Other,"100 Percent of Medicaid APG. Not APG payable, or payable under another fee schedule like ASP/AWP pays at 30% of charges",,,,,,,,Other,100 Percent of Medicaid APG.,3.82,,,,,,,Fee Schedule,302 % Medicare ASP.,8.400672,60,,,,,0,percent of total billed charges,60 percent of billed charges; No services were performed during the 15 month look back period.,4.85,,,,,,,Fee Schedule,383 % Medicare ASP.,8.400672,60,,,,,0,percent of total billed charges,60 percent of billed charges; No services were performed during the 15 month look back period.,1.66,,,,,,,Fee Schedule,100% ASP Fee Schedule.,1.66,,,,,,,Fee Schedule,100% ASP Fee Schedule.,1.66,,,,,,,Fee Schedule,100% ASP Fee Schedule.,1.66,,,,,,,Fee Schedule,100% ASP Fee Schedule.,1.66,,,,,,,Fee Schedule,100% ASP Fee Schedule.,1.66,,,,,,,Fee Schedule,100% ASP Fee Schedule.,,,,,,,,,,,,,,,,,Fee Schedule,Not payable.,1.85,,,,,,,Fee Schedule,100 Percent of ASP if not priced then 95 Percent of AWP. Lesser of 100% of billed charges applies.,9.100728,65,,,,,0,percent of total billed charges,65 percent of billed charges; No services were performed during the 15 month look back period.,3.82,,,,,,,Fee Schedule,302 % Medicare ASP.,3.82,,,,,,,Fee Schedule,302 % Medicare ASP.,3.82,,,,,,,Fee Schedule,302 % Medicare ASP.,3.82,,,,,,,Fee Schedule,302 % Medicare ASP.,1.66,,,,,,,Fee Schedule,100% ASP Fee Schedule.,,,,,,,,Other,100 Percent of Medicaid APG.,9.100728,65,,,,,0,percent of total billed charges,65 percent of billed charges; No services were performed during the 15 month look back period.,,,,,,,,Other,100 Percent of Medicaid APG.,1.66,,,,,,,Fee Schedule,100% ASP Fee Schedule.,,,,,,,,Other,100 Percent of Medicaid APG.,1.66,,,,,,,Fee Schedule,100% ASP Fee Schedule.,1.66,,,,,,,Fee Schedule,100% ASP Fee Schedule.,,,,,,,,Other,100 Percent of Medicaid APG.,,,,,,,,Other,100 Percent of Medicaid APG.,3.82,,,,,,,Fee Schedule,302 % Medicare ASP.,8.400672,60,,,,,0,percent of total billed charges,60 percent of billed charges; No services were performed during the 15 month look back period.,10.920874,78,,,,,0,percent of total billed charges,78 percent of billed charges; No services were performed during the 15 month look back period.,,,,,,,,Fee Schedule,100 % Zero Pay Code.,,,,,,,,Fee Schedule,100 % Zero Pay Code.,8.400672,60,,,,,0,percent of total billed charges,60 percent of billed charges; No services were performed during the 15 month look back period.,1.66,,,,,,,Fee Schedule,100% of AWP Fee Schedule.,7.27,,,,,,,Fee Schedule,574 % Medicare ASP.,7.27,,,,,,,Fee Schedule,574 % Medicare ASP.,7.280582,52,,,,,0,percent of total billed charges,52 percent of billed charges; No services were performed during the 15 month look back period.,7.280582,52,,,,,0,percent of total billed charges,52 percent of billed charges; No services were performed during the 15 month look back period.,1.66,,,,,,,Fee Schedule,100% ASP Fee Schedule.,1.66,,,,,,,Fee Schedule,100% ASP Fee Schedule.,1.66,,,,,,,Fee Schedule,100% ASP Fee Schedule.,1.66,,,,,,,Fee Schedule,100% ASP Fee Schedule.,,,,,,,,Fee Schedule,100 % Zero Pay Code.,9.100728,65,,,,,0,percent of total billed charges,65 percent of billed charges; No services were performed during the 15 month look back period.,9.100728,65,,,,,0,percent of total billed charges,65 percent of billed charges; No services were performed during the 15 month look back period.,1.66,,,,,,,Fee Schedule,100% ASP Fee Schedule.,7.280582,52,,,,,0,percent of total billed charges,52 percent of billed charges; No services were performed during the 15 month look back period.,4.85,,,,,,,Fee Schedule,383 % Medicare ASP.,,,,,,,,,,,,,,,,,Other,100 Percent of Medicaid APG.,4.85,,,,,,,Fee Schedule,383 % Medicare ASP.,8.260661,59,,,,,0,percent of total billed charges,59 percent of billed charges; No services were performed during the 15 month look back period.,8.260661,59,,,,,0,percent of total billed charges,59 percent of billed charges; No services were performed during the 15 month look back period.,,,,,,,,,,7.00056,50,,,,,0,percent of total billed charges,50 percent of billed charges; No services were performed during the 15 month look back period.,1.66,,,,,,,Fee Schedule,100% ASP Fee Schedule.,,,,,,,,Fee Schedule,Not payable.,,,,,,,,Fee Schedule,Not payable.,,,,,,,,Fee Schedule,Not payable.,,,,,,,,Fee Schedule,Not payable.,,,,,,,,Fee Schedule,100 % Zero Pay Code.,,,,,,,,Fee Schedule,Not payable.,,,,,,,,Fee Schedule,Not payable.,,,,,,,,Fee Schedule,Not payable.,,,,,,,,Fee Schedule,Not payable.,,,,,,,,Fee Schedule,Not payable.,,,,,,,,Fee Schedule,Not payable.,,,,,,,,Fee Schedule,Not payable.,1.66,,,,,,,Fee Schedule,100% ASP Fee Schedule.,,,,,,,,Fee Schedule,100 % Zero Pay Code.,1.66,,,,,,,Fee Schedule,100% ASP Fee Schedule.,,,,,,,,Fee Schedule,Not payable.,9.100728,65,,,,,0,percent of total billed charges,65 percent of billed charges; No services were performed during the 15 month look back period.,1.66,,,,,,,Fee Schedule,100% ASP Fee Schedule.,9.100728,65,,,,,0,percent of total billed charges,65 percent of billed charges; No services were performed during the 15 month look back period.,9.100728,65,,,,,0,percent of total billed charges,65 percent of billed charges; No services were performed during the 15 month look back period.,9.100728,65,,,,,0,percent of total billed charges,65 percent of billed charges; No services were performed during the 15 month look back period.,,,,,,,,Fee Schedule,Not payable.,1.66,,,,,,,Fee Schedule,100% ASP Fee Schedule.,9.100728,65,,,,,0,percent of total billed charges,65 percent of billed charges; No services were performed during the 15 month look back period.,,,,,,,,Fee Schedule,Not payable.,9.100728,65,,,,,0,percent of total billed charges,65 percent of billed charges; No services were performed during the 15 month look back period.,4.200336,30,,,,,0,percent of total billed charges,30% of Charges.; No services were performed during the 15 month look back period.,1.66,,,,,,,Fee Schedule,100% ASP Fee Schedule.,3.82,,,,,,,Fee Schedule,302 % Medicare ASP.,3.82,,,,,,,Fee Schedule,302 % Medicare ASP.,3.82,,,,,,,Fee Schedule,302 % Medicare ASP.,3.82,,,,,,,Fee Schedule,302 % Medicare ASP.,3.82,,,,,,,Fee Schedule,302 % Medicare ASP.,4.85,,,,,,,Fee Schedule,383 % Medicare ASP.,4.85,,,,,,,Fee Schedule,383 % Medicare ASP.,3.82,,,,,,,Fee Schedule,302 % Medicare ASP.,3.82,,,,,,,Fee Schedule,302 % Medicare ASP.,3.82,,,,,,,Fee Schedule,302 % Medicare ASP.,3.82,,,,,,,Fee Schedule,302 % Medicare ASP.,3.82,,,,,,,Fee Schedule,302 % Medicare ASP.,1.66,,,,,,,Fee Schedule,100% ASP Fee Schedule.,4.85,,,,,,,Fee Schedule,383 % Medicare ASP.,1.66,,,,,,,Fee Schedule,100% ASP Fee Schedule.,2.800224,20,,,,,0,percent of total billed charges,20 percent of billed charges.; No services were performed during the 15 month look back period.,,,,,,,,Fee Schedule,Not payable.,,,,,,,,Fee Schedule,100 % Zero Pay Code.,,,,,,,,Fee Schedule,100 % Zero Pay Code.,1.66,,,,,,,Fee Schedule,100% ASP Fee Schedule.,7.27,,,,,,,Fee Schedule,574 % Medicare ASP.,1.66,,,,,,,Fee Schedule,100% ASP Fee Schedule.,1.66,,,,,,,Fee Schedule,100% ASP Fee Schedule.,8.400672,60,,,,,0,percent of total billed charges,60 percent of billed charges; No services were performed during the 15 month look back period.,1.66,,,,,,,Fee Schedule,100% ASP Fee Schedule.,8.400672,60,,,,,0,percent of total billed charges,60 percent of billed charges; No services were performed during the 15 month look back period.,1.66,,,,,,,Fee Schedule,100% ASP Fee Schedule.,8.400672,60,,,,,0,percent of total billed charges,60 percent of billed charges; No services were performed during the 15 month look back period.,8.400672,60,,,,,0,percent of total billed charges,60 percent of billed charges; No services were performed during the 15 month look back period.,8.400672,60,,,,,0,percent of total billed charges,60 percent of billed charges; No services were performed during the 15 month look back period.,1.66,,,,,,,Fee Schedule,100% ASP Fee Schedule.,,,,,,,,Other,100 Percent of Medicaid APG.,1.66,,,,,,,Fee Schedule,100% ASP Fee Schedule.,8.400672,60,,,,,0,percent of total billed charges,60 percent of billed charges; No services were performed during the 15 month look back period.,,,,,,,,Fee Schedule,100 % Zero Pay Code.,,,,,,,,Other,100 Percent of Medicaid APG.,9.100728,65,,,,,0,percent of total billed charges,65 percent of billed charges; No services were performed during the 15 month look back period.,,,,,,,,,,,,,,,,,,,9.100728,65,,,,,0,percent of total billed charges,65 percent of billed charges; No services were performed during the 15 month look back period.,9.100728,65,,,,,0,percent of total billed charges,65 percent of billed charges; No services were performed during the 15 month look back period.,9.100728,65,,,,,0,percent of total billed charges,65 percent of billed charges; No services were performed during the 15 month look back period.,,,,,,,,Fee Schedule,100 % Zero Pay Code.,9.100728,65,,,,,0,percent of total billed charges,65 percent of billed charges; No services were performed during the 15 month look back period.,9.100728,65,,,,,0,percent of total billed charges,65 percent of billed charges; No services were performed during the 15 month look back period.,9.100728,65,,,,,0,percent of total billed charges,65 percent of billed charges; No services were performed during the 15 month look back period.,4.85,,,,,,,Fee Schedule,383 % Medicare ASP.,4.85,,,,,,,Fee Schedule,383 % Medicare ASP.,,,,,,,,Fee Schedule,Not Payable.,,,,,,,,Other,100 Percent of Medicaid APG.,,,,,,,,Fee Schedule,100 % Zero Pay Code.,8.400672,60,,,,,0,percent of total billed charges,60 percent of billed charges; No services were performed during the 15 month look back period.,8.400672,60,,,,,0,percent of total billed charges,60 percent of billed charges; No services were performed during the 15 month look back period.,,,,,,,,Fee Schedule,100 % Zero Pay Code.,8.400672,60,,,,,0,percent of total billed charges,60 percent of billed charges; No services were performed during the 15 month look back period.,,,,,,,,Fee Schedule,100 % Zero Pay Code.,9.100728,65,,,,,0,percent of total billed charges,65 percent of billed charges; No services were performed during the 15 month look back period.,9.100728,65,,,,,0,percent of total billed charges,65 percent of billed charges; No services were performed during the 15 month look back period.,9.100728,65,,,,,0,percent of total billed charges,65 percent of billed charges; No services were performed during the 15 month look back period.,9.100728,65,,,,,0,percent of total billed charges,65 percent of billed charges; No services were performed during the 15 month look back period.,1.66,,,,,,,Fee Schedule,100% ASP Fee Schedule.,0.140011,28.00224,
J1744,HCPCS,5010003,LOCAL,636,RC,ICATIBANT INJECTION,1701.756,323.33364,Outpatient,ME,1,,125.32,,,,,,,Fee Schedule,"100 % 1199 Fee Schedule. ",125.32,,,,,,,Fee Schedule,"100 % 1199 Fee Schedule. ",1021.0536,60,,,,,0,percent of total billed charges,60 percent of billed charges; No services were performed during the 15 month look back period.,1701.756,100,,,,,0,percent of total billed charges,100 percent of billed charges; No services were performed during the 15 month look back period.,125.317,,,,,,,Fee Schedule,"100% ASP Fee Schedule. ",1021.0536,60,,,,,0,percent of total billed charges,60 percent of billed charges; No services were performed during the 15 month look back period.,1021.0536,60,,,,,0,percent of total billed charges,60 percent of billed charges; No services were performed during the 15 month look back period.,1021.0536,60,,,,,0,percent of total billed charges,60 percent of billed charges; No services were performed during the 15 month look back period.,6395.738182,,,,,,,Case Rate,"100 Percent of Medicaid APG. ",5329.781818,,,,,,,Case Rate,"100 Percent of Medicaid APG. ",1327.36968,78,,,,,0,percent of total billed charges,78 percent of billed charges; No services were performed during the 15 month look back period.,,,,,,,,Fee Schedule,"100 % Zero Pay Code. ",5329.781818,,,,,,,Case Rate,"100 Percent of Medicaid APG. ",125.317,,,,,,,Fee Schedule,"100% ASP Fee Schedule. ",510.5268,30,,,,,0,percent of total billed charges,30 percent of billed charges; No services were performed during the 15 month look back period.,510.5268,30,,,,,0,percent of total billed charges,30 percent of billed charges; No services were performed during the 15 month look back period.,510.5268,30,,,,,0,percent of total billed charges,30 percent of billed charges; No services were performed during the 15 month look back period.,510.5268,30,,,,,0,percent of total billed charges,30 percent of billed charges; No services were performed during the 15 month look back period.,140.3,,,,,,,Fee schedule,"115 Percent of AWP Fee Schedule. ",125.317,,,,,,,Fee Schedule,"100% ASP Fee Schedule. ",140.3,,,,,,,Fee schedule,"115 Percent of AWP Fee Schedule. ",1327.36968,78,,,,,0,percent of total billed charges,78 percent of billed charges; No services were performed during the 15 month look back period.,1021.0536,60,,,,,0,percent of total billed charges,60 percent of billed charges; No services were performed during the 15 month look back period.,125.317,,,,,,,Fee Schedule,"100% ASP Fee Schedule. ",1242.28188,73,,,,,0,percent of total billed charges,73 percent of billed charges; No services were performed during the 15 month look back period.,125.317,,,,,,,Fee Schedule,"100% ASP Fee Schedule. ",125.317,,,,,,,Fee Schedule,"100% ASP Fee Schedule. ",1327.36968,78,,,,,0,percent of total billed charges,78 percent of billed charges; No services were performed during the 15 month look back period.,79.724,,,,,,,Fee Schedule,95 Percent of AWP. Lesser of 100% of billed charges applies.,79.724,,,,,,,Fee Schedule,95 Percent of AWP. Lesser of 100% of billed charges applies.,5329.781818,,,,,,,Case rate,"35 Percent of Charges. ",5329.781818,,,,,,,Case rate,"35 Percent of Charges. ",1242.28188,73,,,,,0,percent of total billed charges,73 percent of billed charges; No services were performed during the 15 month look back period.,1242.28188,73,,,,,0,percent of total billed charges,73 percent of billed charges; No services were performed during the 15 month look back period.,5329.781818,,,,,,,Case Rate,"100 Percent of Medicaid APG. Not APG payable, or payable under another fee schedule like ASP/AWP pays at 30% of charges",1242.28188,73,,,,,0,percent of total billed charges,73 percent of billed charges; No services were performed during the 15 month look back period.,5329.781818,,,,,,,Case Rate,"100 Percent of Medicaid APG. Not APG payable, or payable under another fee schedule like ASP/AWP pays at 30% of charges",125.317,,,,,,,Fee Schedule,"100% ASP Fee Schedule. ",1242.28188,73,,,,,0,percent of total billed charges,73 percent of billed charges; No services were performed during the 15 month look back period.,1327.36968,78,,,,,0,percent of total billed charges,78 percent of billed charges; No services were performed during the 15 month look back period.,5329.781818,,,,,,,Case Rate,"100 Percent of Medicaid APG. ",5329.781818,,,,,,,Case Rate,"100 Percent of Medicaid APG. ",1327.36968,78,,,,,0,percent of total billed charges,78 percent of billed charges; No services were performed during the 15 month look back period.,510.5268,30,,,,,0,percent of total billed charges,30 percent of billed charges; No services were performed during the 15 month look back period.,,,,,,,,Fee Schedule,"100 % Zero Pay Code. ",,,,,,,,Fee Schedule,"100 % Zero Pay Code. ",1327.36968,78,,,,,0,percent of total billed charges,78 percent of billed charges; No services were performed during the 15 month look back period.,125.317,,,,,,,Fee Schedule,"100% ASP Fee Schedule. ",,,,,,,,Fee Schedule,"100 % Zero Pay Code. ",,,,,,,,Fee Schedule,"100 % Zero Pay Code. ",,,,,,,,Fee Schedule,"100 % Zero Pay Code. ",125.317,,,,,,,Fee Schedule,"100% ASP Fee Schedule. ",,,,,,,,Fee Schedule,"100 % Zero Pay Code. ",,,,,,,,Fee Schedule,"100 % Zero Pay Code. ",125.317,,,,,,,Fee Schedule,"100% of AWP Fee Schedule. ",850.878,50,,,,,0,percent of total billed charges,50 percent of billed charges; No services were performed during the 15 month look back period.,765.7902,45,,,,,0,percent of total billed charges,45 percent of billed charges; No services were performed during the 15 month look back period.,765.7902,45,,,,,0,percent of total billed charges,45 percent of billed charges; No services were performed during the 15 month look back period.,765.7902,45,,,,,0,percent of total billed charges,45 percent of billed charges; No services were performed during the 15 month look back period.,765.7902,45,,,,,0,percent of total billed charges,45 percent of billed charges; No services were performed during the 15 month look back period.,765.7902,45,,,,,0,percent of total billed charges,45 percent of billed charges; No services were performed during the 15 month look back period.,765.7902,45,,,,,0,percent of total billed charges,45 percent of billed charges; No services were performed during the 15 month look back period.,125.317,,,,,,,Fee Schedule,"100% ASP Fee Schedule. ",125.317,,,,,,,Fee Schedule,"100% ASP Fee Schedule. ",765.7902,45,,,,,0,percent of total billed charges,45 percent of billed charges; No services were performed during the 15 month look back period.,1327.36968,78,,,,,0,percent of total billed charges,78 percent of billed charges; No services were performed during the 15 month look back period.,1327.36968,78,,,,,0,percent of total billed charges,78 percent of billed charges; No services were performed during the 15 month look back period.,1327.36968,78,,,,,0,percent of total billed charges,78 percent of billed charges; No services were performed during the 15 month look back period.,1327.36968,78,,,,,0,percent of total billed charges,78 percent of billed charges; No services were performed during the 15 month look back period.,1327.36968,78,,,,,0,percent of total billed charges,78 percent of billed charges; No services were performed during the 15 month look back period.,1327.36968,78,,,,,0,percent of total billed charges,78 percent of billed charges; No services were performed during the 15 month look back period.,1327.36968,78,,,,,0,percent of total billed charges,78 percent of billed charges; No services were performed during the 15 month look back period.,1327.36968,78,,,,,0,percent of total billed charges,78 percent of billed charges; No services were performed during the 15 month look back period.,1327.36968,78,,,,,0,percent of total billed charges,78 percent of billed charges; No services were performed during the 15 month look back period.,1327.36968,78,,,,,0,percent of total billed charges,78 percent of billed charges; No services were performed during the 15 month look back period.,1327.36968,78,,,,,0,percent of total billed charges,78 percent of billed charges; No services were performed during the 15 month look back period.,1327.36968,78,,,,,0,percent of total billed charges,78 percent of billed charges; No services were performed during the 15 month look back period.,1327.36968,78,,,,,0,percent of total billed charges,78 percent of billed charges; No services were performed during the 15 month look back period.,1327.36968,78,,,,,0,percent of total billed charges,78 percent of billed charges; No services were performed during the 15 month look back period.,1327.36968,78,,,,,0,percent of total billed charges,78 percent of billed charges; No services were performed during the 15 month look back period.,1327.36968,78,,,,,0,percent of total billed charges,78 percent of billed charges; No services were performed during the 15 month look back period.,1327.36968,78,,,,,0,percent of total billed charges,78 percent of billed charges; No services were performed during the 15 month look back period.,1327.36968,78,,,,,0,percent of total billed charges,78 percent of billed charges; No services were performed during the 15 month look back period.,1327.36968,78,,,,,0,percent of total billed charges,78 percent of billed charges; No services were performed during the 15 month look back period.,1327.36968,78,,,,,0,percent of total billed charges,78 percent of billed charges; No services were performed during the 15 month look back period.,1327.36968,78,,,,,0,percent of total billed charges,78 percent of billed charges; No services were performed during the 15 month look back period.,1327.36968,78,,,,,0,percent of total billed charges,78 percent of billed charges; No services were performed during the 15 month look back period.,1327.36968,78,,,,,0,percent of total billed charges,78 percent of billed charges; No services were performed during the 15 month look back period.,1327.36968,78,,,,,0,percent of total billed charges,78 percent of billed charges; No services were performed during the 15 month look back period.,1327.36968,78,,,,,0,percent of total billed charges,78 percent of billed charges; No services were performed during the 15 month look back period.,1327.36968,78,,,,,0,percent of total billed charges,78 percent of billed charges; No services were performed during the 15 month look back period.,1242.28188,73,,,,,0,percent of total billed charges,73 percent of billed charges; No services were performed during the 15 month look back period.,1242.28188,73,,,,,0,percent of total billed charges,73 percent of billed charges; No services were performed during the 15 month look back period.,1242.28188,73,,,,,0,percent of total billed charges,73 percent of billed charges; No services were performed during the 15 month look back period.,1242.28188,73,,,,,0,percent of total billed charges,73 percent of billed charges; No services were performed during the 15 month look back period.,1361.4048,80,,,,,0,percent of total billed charges,80 percent of billed charges; No services were performed during the 15 month look back period.,1361.4048,80,,,,,0,percent of total billed charges,80 percent of billed charges; No services were performed during the 15 month look back period.,510.5268,30,,,,,0,percent of total billed charges,30 percent of billed charges; No services were performed during the 15 month look back period.,765.7902,45,,,,,0,percent of total billed charges,45 percent of billed charges; No services were performed during the 15 month look back period.,,,,,,,,Fee Schedule,"100 % Zero Pay Code. ",765.7902,45,,,,,0,percent of total billed charges,45 percent of billed charges; No services were performed during the 15 month look back period.,1327.36968,78,,,,,0,percent of total billed charges,78 percent of billed charges; No services were performed during the 15 month look back period.,1361.4048,80,,,,,0,percent of total billed charges,80 percent of billed charges; No services were performed during the 15 month look back period.,765.7902,45,,,,,0,percent of total billed charges,45 percent of billed charges; No services were performed during the 15 month look back period.,,,,,,,,Fee Schedule,"100 % Zero Pay Code. ",510.5268,30,,,,,0,percent of total billed charges,30 percent of billed charges; No services were performed during the 15 month look back period.,,,,,,,,,,1327.36968,78,,,,,0,percent of total billed charges,78 percent of billed charges; No services were performed during the 15 month look back period.,5329.781818,,,,,,,Case Rate,"100 Percent of Medicaid APG. ",1242.28188,73,,,,,0,percent of total billed charges,73 percent of billed charges; No services were performed during the 15 month look back period.,5329.781818,,,,,,,Case Rate,"100 Percent of Medicaid APG. Not APG payable, or payable under another fee schedule like ASP/AWP pays at 30% of charges",125.317,,,,,,,Fee Schedule,"100% ASP Fee Schedule. ",125.317,,,,,,,Fee Schedule,"100% ASP Fee Schedule. ",850.878,50,,,,,0,percent of total billed charges,50 percent of billed charges; No services were performed during the 15 month look back period.,125.317,,,,,,,Fee Schedule,"100% ASP Fee Schedule. ",125.317,,,,,,,Fee Schedule,"100% ASP Fee Schedule. ",5329.781818,,,,,,,Case Rate,"100 Percent of Medicaid APG. ",125.317,,,,,,,Fee Schedule,"100% ASP Fee Schedule. ",125.317,,,,,,,Fee Schedule,"100% ASP Fee Schedule. ",1021.0536,60,,,,,0,percent of total billed charges,60 percent of billed charges; No services were performed during the 15 month look back period.,1021.0536,60,,,,,0,percent of total billed charges,60 percent of billed charges; No services were performed during the 15 month look back period.,125.317,,,,,,,Fee Schedule,"100% ASP Fee Schedule. ",510.5268,30,,,,,0,percent of total billed charges,30 percent of billed charges; No services were performed during the 15 month look back period.,,,,,,,,Fee Schedule,"100 % Zero Pay Code. ",,,,,,,,Fee Schedule,"100 % Zero Pay Code. ",125.317,,,,,,,Fee Schedule,"100% ASP Fee Schedule. ",510.5268,30,,,,,0,percent of total billed charges,30 percent of billed charges; No services were performed during the 15 month look back period.,1021.0536,60,,,,,0,percent of total billed charges,60 percent of billed charges; No services were performed during the 15 month look back period.,1021.0536,60,,,,,0,percent of total billed charges,60 percent of billed charges; No services were performed during the 15 month look back period.,1021.0536,60,,,,,0,percent of total billed charges,60 percent of billed charges; No services were performed during the 15 month look back period.,1327.36968,78,,,,,0,percent of total billed charges,78 percent of billed charges; No services were performed during the 15 month look back period.,1327.36968,78,,,,,0,percent of total billed charges,78 percent of billed charges; No services were performed during the 15 month look back period.,1327.36968,78,,,,,0,percent of total billed charges,78 percent of billed charges; No services were performed during the 15 month look back period.,1327.36968,78,,,,,0,percent of total billed charges,78 percent of billed charges; No services were performed during the 15 month look back period.,1327.36968,78,,,,,0,percent of total billed charges,78 percent of billed charges; No services were performed during the 15 month look back period.,1327.36968,78,,,,,0,percent of total billed charges,78 percent of billed charges; No services were performed during the 15 month look back period.,1327.36968,78,,,,,0,percent of total billed charges,78 percent of billed charges; No services were performed during the 15 month look back period.,1327.36968,78,,,,,0,percent of total billed charges,78 percent of billed charges; No services were performed during the 15 month look back period.,1327.36968,78,,,,,0,percent of total billed charges,78 percent of billed charges; No services were performed during the 15 month look back period.,1327.36968,78,,,,,0,percent of total billed charges,78 percent of billed charges; No services were performed during the 15 month look back period.,1327.36968,78,,,,,0,percent of total billed charges,78 percent of billed charges; No services were performed during the 15 month look back period.,1361.4048,80,,,,,0,percent of total billed charges,80 percent of billed charges; No services were performed during the 15 month look back period.,765.7902,45,,,,,0,percent of total billed charges,45 percent of billed charges; No services were performed during the 15 month look back period.,510.5268,30,,,,,0,percent of total billed charges,30 percent of billed charges; No services were performed during the 15 month look back period.,125.317,,,,,,,Fee Schedule,"100% ASP Fee Schedule. ",1021.0536,60,,,,,0,percent of total billed charges,60 percent of billed charges; No services were performed during the 15 month look back period.,510.5268,30,,,,,0,percent of total billed charges,30 percent of billed charges; No services were performed during the 15 month look back period.,510.5268,30,,,,,0,percent of total billed charges,30 percent of billed charges; No services were performed during the 15 month look back period.,1327.36968,78,,,,,0,percent of total billed charges,78 percent of billed charges; No services were performed during the 15 month look back period.,11405.733091,,,,,,,Case Rate,"214 Percent of Medicaid APG. Drugs not priced under APG, billed with revenue code 636 and not priced by Medicare ASP FeeSched will be reimbursed at 20% of charges.",510.5268,30,,,,,0,percent of total billed charges,30 percent of billed charges; No services were performed during the 15 month look back period.,5329.781818,,,,,,,Case Rate,"100 Percent of Medicaid APG. ",125.317,,,,,,,Fee Schedule,"100% ASP Fee Schedule. ",125.317,,,,,,,Fee Schedule,"100% ASP Fee Schedule. ",125.317,,,,,,,Fee Schedule,"100% ASP Fee Schedule. ",125.317,,,,,,,Fee Schedule,"100% ASP Fee Schedule. ",125.317,,,,,,,Fee Schedule,"100% ASP Fee Schedule. ",125.317,,,,,,,Fee Schedule,"100% ASP Fee Schedule. ",510.5268,30,,,,,0,percent of total billed charges,30 percent of billed charges; No services were performed during the 15 month look back period.,850.878,50,,,,,0,percent of total billed charges,50 percent of billed charges; No services were performed during the 15 month look back period.,132.174,,,,,,,Fee Schedule,"157.5 Percent of AWP Fee Schedule. ",132.174,,,,,,,Fee Schedule,"157.5 Percent of AWP Fee Schedule. ",132.174,,,,,,,Fee Schedule,"157.5 Percent of AWP Fee Schedule. ",132.174,,,,,,,Fee Schedule,"157.5 Percent of AWP Fee Schedule. ",132.174,,,,,,,Fee Schedule,"157.5 Percent of AWP Fee Schedule. ",,,,,,,,,,850.878,50,,,,,0,percent of total billed charges,50 percent of billed charges; No services were performed during the 15 month look back period.,176.69697,,,,,,,Fee Schedule,141 Percent of of ASP. Drugs billed with revenue code 636 and not priced by Medicare ASP fee schedule will be reimburse at 20 percent of charges,176.69697,,,,,,,Fee Schedule,141 Percent of of ASP. Drugs billed with revenue code 636 and not priced by Medicare ASP fee schedule will be reimburse at 20 percent of charges,176.69697,,,,,,,Fee Schedule,141 Percent of of ASP. Drugs billed with revenue code 636 and not priced by Medicare ASP fee schedule will be reimburse at 20 percent of charges,176.69697,,,,,,,Fee Schedule,141 Percent of of ASP. Drugs billed with revenue code 636 and not priced by Medicare ASP fee schedule will be reimburse at 20 percent of charges,176.69697,,,,,,,Fee Schedule,141 Percent of of ASP. Drugs billed with revenue code 636 and not priced by Medicare ASP fee schedule will be reimburse at 20 percent of charges,125.317,,,,,,,Fee Schedule,"100% ASP Fee Schedule. ",1361.4048,80,,,,,0,percent of total billed charges,80 percent of billed charges; No services were performed during the 15 month look back period.,1361.4048,80,,,,,0,percent of total billed charges,80 percent of billed charges; No services were performed during the 15 month look back period.,1361.4048,80,,,,,0,percent of total billed charges,80 percent of billed charges; No services were performed during the 15 month look back period.,1361.4048,80,,,,,0,percent of total billed charges,80 percent of billed charges; No services were performed during the 15 month look back period.,1021.0536,60,,,,,0,percent of total billed charges,60 percent of billed charges; No services were performed during the 15 month look back period.,1021.0536,60,,,,,0,percent of total billed charges,60 percent of billed charges; No services were performed during the 15 month look back period.,1021.0536,60,,,,,0,percent of total billed charges,60 percent of billed charges; No services were performed during the 15 month look back period.,1021.0536,60,,,,,0,percent of total billed charges,60 percent of billed charges; No services were performed during the 15 month look back period.,850.878,50,,,,,0,percent of total billed charges,50 percent of billed charges; No services were performed during the 15 month look back period.,850.878,50,,,,,0,percent of total billed charges,50 percent of billed charges; No services were performed during the 15 month look back period.,125.317,,,,,,,Fee Schedule,"100% ASP Fee Schedule. ",125.317,,,,,,,Fee Schedule,"100% ASP Fee Schedule. ",125.317,,,,,,,Fee Schedule,"100% ASP Fee Schedule. ",765.7902,45,,,,,0,percent of total billed charges,45 percent of billed charges; No services were performed during the 15 month look back period.,765.7902,45,,,,,0,percent of total billed charges,45 percent of billed charges; No services were performed during the 15 month look back period.,765.7902,45,,,,,0,percent of total billed charges,45 percent of billed charges; No services were performed during the 15 month look back period.,850.878,50,,,,,0,percent of total billed charges,50 percent of billed charges; No services were performed during the 15 month look back period.,1021.0536,60,,,,,0,percent of total billed charges,60 percent of billed charges; No services were performed during the 15 month look back period.,125.317,,,,,,,Fee Schedule,"100% ASP Fee Schedule. ",765.7902,45,,,,,0,percent of total billed charges,45 percent of billed charges; No services were performed during the 15 month look back period.,5329.781818,,,,,,,Case Rate,"100 Percent of Medicaid APG. ",127.82334,,,,,,,Fee Schedule,"100% of ASP Fee Schedule. ",127.82334,,,,,,,Fee Schedule,"100% of ASP Fee Schedule. ",127.82334,,,,,,,Fee Schedule,"100% of ASP Fee Schedule. ",5329.781818,,,,,,,Case rate,"35 Percent of Charges. ",11992.009091,,,,,,,Case Rate,225% of NYS APG. Lesser of 100% of billed charges applies.,11992.009091,,,,,,,Case Rate,225% of NYS APG. Lesser of 100% of billed charges applies.,11992.009091,,,,,,,Case Rate,225% of NYS APG. Lesser of 100% of billed charges applies.,11992.009091,,,,,,,Case Rate,225% of NYS APG. Lesser of 100% of billed charges applies.,11992.009091,,,,,,,Case Rate,225% of NYS APG. Lesser of 100% of billed charges applies.,127.82334,,,,,,,Fee Schedule,"100% of ASP Fee Schedule. ",5329.781818,,,,,,,Case Rate,"100 Percent of Medicaid APG. ",79.724,,,,,,,Fee Schedule,95 Percent of AWP. Lesser of 100% of billed charges applies.,11992.009091,,,,,,,Case Rate,225% of NYS APG. Lesser of 100% of billed charges applies.,11992.009091,,,,,,,Case Rate,225% of NYS APG. Lesser of 100% of billed charges applies.,79.724,,,,,,,Fee Schedule,95 Percent of AWP. Lesser of 100% of billed charges applies.,79.724,,,,,,,Fee Schedule,95 Percent of AWP. Lesser of 100% of billed charges applies.,132.174,,,,,,,Fee Schedule,"157.5 Percent of AWP Fee Schedule. ",125.317,,,,,,,Fee Schedule,"100% ASP Fee Schedule. ",125.317,,,,,,,Fee Schedule,"100% ASP Fee Schedule. ",1021.0536,60,,,,,0,percent of total billed charges,60 percent of billed charges; No services were performed during the 15 month look back period.,125.317,,,,,,,Fee Schedule,"100% ASP Fee Schedule. ",11992.009091,,,,,,,Case Rate,"225 Percent of Medicaid APG. ",11992.009091,,,,,,,Case Rate,"225 Percent of Medicaid APG. ",5329.781818,,,,,,,Case rate,"35 Percent of Charges. ",5329.781818,,,,,,,Case rate,"35 Percent of Charges. ",96.508,,,,,,,Fee Schedule,"115 Percent of AWP. ",140.3,,,,,,,Fee schedule,"115 Percent of AWP Fee Schedule. ",11992.009091,,,,,,,Case Rate,"100 Percent of Medicaid APG. ",11992.009091,,,,,,,Case Rate,"100 Percent of Medicaid APG. ",11992.009091,,,,,,,Case Rate,"100 Percent of Medicaid APG. ",11992.009091,,,,,,,Case Rate,"100 Percent of Medicaid APG. ",765.7902,45,,,,,0,percent of total billed charges,45 percent of billed charges; No services were performed during the 15 month look back period.,850.878,50,,,,,0,percent of total billed charges,50 percent of billed charges; No services were performed during the 15 month look back period.,6395.738182,,,,,,,Case Rate,"120 Percent of Medicaid APG. Not APG payable, or payable under another fee schedule like ASP/AWP pays at 30% of charges",6395.738182,,,,,,,Case Rate,"120 Percent of Medicaid APG. Not APG payable, or payable under another fee schedule like ASP/AWP pays at 30% of charges",5329.781818,,,,,,,Case Rate,"100 Percent of Medicaid APG. Not APG payable, or payable under another fee schedule like ASP/AWP pays at 30% of charges",5329.781818,,,,,,,Case Rate,"100 Percent of Medicaid APG. Not APG payable, or payable under another fee schedule like ASP/AWP pays at 30% of charges",765.7902,45,,,,,0,percent of total billed charges,45 percent of billed charges; No services were performed during the 15 month look back period.,765.7902,45,,,,,0,percent of total billed charges,45 percent of billed charges; No services were performed during the 15 month look back period.,125.317,,,,,,,Fee Schedule,"100% ASP Fee Schedule. ",765.7902,45,,,,,0,percent of total billed charges,45 percent of billed charges; No services were performed during the 15 month look back period.,765.7902,45,,,,,0,percent of total billed charges,45 percent of billed charges; No services were performed during the 15 month look back period.,765.7902,45,,,,,0,percent of total billed charges,45 percent of billed charges; No services were performed during the 15 month look back period.,765.7902,45,,,,,0,percent of total billed charges,45 percent of billed charges; No services were performed during the 15 month look back period.,125.317,,,,,,,Fee Schedule,"100% ASP Fee Schedule. ",765.7902,45,,,,,0,percent of total billed charges,45 percent of billed charges; No services were performed during the 15 month look back period.,765.7902,45,,,,,0,percent of total billed charges,45 percent of billed charges; No services were performed during the 15 month look back period.,1021.0536,60,,,,,0,percent of total billed charges,60 percent of billed charges; No services were performed during the 15 month look back period.,5329.781818,,,,,,,Fee Schedule,100% APG. Lesser of 100% of billed charges applies.,140.3,,,,,,,Fee schedule,"115 Percent of AWP Fee Schedule. ",11992.009091,,,,,,,Case Rate,225% of NYS APG. Lesser of 100% of billed charges applies.,96.508,,,,,,,Fee Schedule,"115 Percent of AWP. ",140.3,,,,,,,Fee schedule,"115 Percent of AWP Fee Schedule. ",11992.009091,,,,,,,Case Rate,225% of NYS APG. Lesser of 100% of billed charges applies.,11992.009091,,,,,,,Case Rate,225% of NYS APG. Lesser of 100% of billed charges applies.,11992.009091,,,,,,,Case Rate,225% of NYS APG. Lesser of 100% of billed charges applies.,11992.009091,,,,,,,Case Rate,225% of NYS APG. Lesser of 100% of billed charges applies.,11992.009091,,,,,,,Case Rate,225% of NYS APG. Lesser of 100% of billed charges applies.,11992.009091,,,,,,,Case Rate,225% of NYS APG. Lesser of 100% of billed charges applies.,,,,,,,,,,,,,,,,,,,,,,,,,,,,510.5268,30,,,,,0,percent of total billed charges,30 percent of billed charges; No services were performed during the 15 month look back period.,,,,,,,,,,125.317,,,,,,,Fee Schedule,"100% ASP Fee Schedule. ",125.32,,,,,,,Fee Schedule,"100 % 1199 Fee Schedule. ",125.317,,,,,,,Fee Schedule,"100% ASP Fee Schedule. ",125.317,,,,,,,Fee Schedule,"100% ASP Fee Schedule. ",6395.738182,,,,,,,Case Rate,"120 Percent of Medicaid APG. Not APG payable, or payable under another fee schedule like ASP/AWP pays at 30% of charges",6395.738182,,,,,,,Case Rate,"120 Percent of Medicaid APG. Not APG payable, or payable under another fee schedule like ASP/AWP pays at 30% of charges",5329.781818,,,,,,,Case Rate,"100 Percent of Medicaid APG. Not APG payable, or payable under another fee schedule like ASP/AWP pays at 30% of charges",5329.781818,,,,,,,Case Rate,"100 Percent of Medicaid APG. Not APG payable, or payable under another fee schedule like ASP/AWP pays at 30% of charges",5329.781818,,,,,,,Case Rate,"100 Percent of Medicaid APG. ",1242.28188,73,,,,,0,percent of total billed charges,73 percent of billed charges; No services were performed during the 15 month look back period.,1021.0536,60,,,,,0,percent of total billed charges,60 percent of billed charges; No services were performed during the 15 month look back period.,1242.28188,73,,,,,0,percent of total billed charges,73 percent of billed charges; No services were performed during the 15 month look back period.,510.5268,30,,,,,0,percent of total billed charges,30 percent of billed charges; No services were performed during the 15 month look back period.,125.317,,,,,,,Fee Schedule,"100% ASP Fee Schedule. ",125.317,,,,,,,Fee Schedule,"100% ASP Fee Schedule. ",125.317,,,,,,,Fee Schedule,"100% ASP Fee Schedule. ",125.317,,,,,,,Fee Schedule,"100% ASP Fee Schedule. ",125.317,,,,,,,Fee Schedule,"100% ASP Fee Schedule. ",125.317,,,,,,,Fee Schedule,"100% ASP Fee Schedule. ",,,,,,,,,,11992.009091,,,,,,,Case Rate,225% of NYS APG. Lesser of 100% of billed charges applies.,79.724,,,,,,,Fee Schedule,95 Percent of AWP. Lesser of 100% of billed charges applies.,765.7902,45,,,,,0,percent of total billed charges,45 percent of billed charges; No services were performed during the 15 month look back period.,1242.28188,73,,,,,0,percent of total billed charges,73 percent of billed charges; No services were performed during the 15 month look back period.,1242.28188,73,,,,,0,percent of total billed charges,73 percent of billed charges; No services were performed during the 15 month look back period.,1242.28188,73,,,,,0,percent of total billed charges,73 percent of billed charges; No services were performed during the 15 month look back period.,1242.28188,73,,,,,0,percent of total billed charges,73 percent of billed charges; No services were performed during the 15 month look back period.,125.317,,,,,,,Fee Schedule,"100% ASP Fee Schedule. ",5329.781818,,,,,,,Case Rate,"100 Percent of Medicaid APG. ",765.7902,45,,,,,0,percent of total billed charges,45 percent of billed charges; No services were performed during the 15 month look back period.,5329.781818,,,,,,,Case Rate,"100 Percent of Medicaid APG. ",125.317,,,,,,,Fee Schedule,"100% ASP Fee Schedule. ",5329.781818,,,,,,,Case Rate,"100 Percent of Medicaid APG. ",125.317,,,,,,,Fee Schedule,"100% ASP Fee Schedule. ",125.317,,,,,,,Fee Schedule,"100% ASP Fee Schedule. ",5329.781818,,,,,,,Case Rate,"100 Percent of Medicaid APG. ",5329.781818,,,,,,,Case Rate,"100 Percent of Medicaid APG. ",1242.28188,73,,,,,0,percent of total billed charges,73 percent of billed charges; No services were performed during the 15 month look back period.,510.5268,30,,,,,0,percent of total billed charges,30 percent of billed charges; No services were performed during the 15 month look back period.,1327.36968,78,,,,,0,percent of total billed charges,78 percent of billed charges; No services were performed during the 15 month look back period.,,,,,,,,Fee Schedule,"100 % Zero Pay Code. ",,,,,,,,Fee Schedule,"100 % Zero Pay Code. ",1021.0536,60,,,,,0,percent of total billed charges,60 percent of billed charges; No services were performed during the 15 month look back period.,125.317,,,,,,,Fee Schedule,"100% of AWP Fee Schedule. ",1361.4048,80,,,,,0,percent of total billed charges,80 percent of billed charges; No services were performed during the 15 month look back period.,1361.4048,80,,,,,0,percent of total billed charges,80 percent of billed charges; No services were performed during the 15 month look back period.,612.63216,36,,,,,0,percent of total billed charges,36 percent of billed charges; No services were performed during the 15 month look back period.,612.63216,36,,,,,0,percent of total billed charges,36 percent of billed charges; No services were performed during the 15 month look back period.,125.317,,,,,,,Fee Schedule,"100% ASP Fee Schedule. ",125.317,,,,,,,Fee Schedule,"100% ASP Fee Schedule. ",125.317,,,,,,,Fee Schedule,"100% ASP Fee Schedule. ",125.317,,,,,,,Fee Schedule,"100% ASP Fee Schedule. ",,,,,,,,Fee Schedule,"100 % Zero Pay Code. ",765.7902,45,,,,,0,percent of total billed charges,45 percent of billed charges; No services were performed during the 15 month look back period.,765.7902,45,,,,,0,percent of total billed charges,45 percent of billed charges; No services were performed during the 15 month look back period.,125.317,,,,,,,Fee Schedule,"100% ASP Fee Schedule. ",612.63216,36,,,,,0,percent of total billed charges,36 percent of billed charges; No services were performed during the 15 month look back period.,1242.28188,73,,,,,0,percent of total billed charges,73 percent of billed charges; No services were performed during the 15 month look back period.,6395.738182,,,,,,,Fee Schedule,"120 Percent of Medicaid APG. ",5329.781818,,,,,,,Case Rate,"100 Percent of Medicaid APG. ",1242.28188,73,,,,,0,percent of total billed charges,73 percent of billed charges; No services were performed during the 15 month look back period.,689.21118,40.5,,,,,0,percent of total billed charges,40.5 percent of billed charges; No services were performed during the 15 month look back period.,689.21118,40.5,,,,,0,percent of total billed charges,40.5 percent of billed charges; No services were performed during the 15 month look back period.,765.7902,45,,,,,0,percent of total billed charges,45 percent of billed charges; No services were performed during the 15 month look back period.,850.878,50,,,,,0,percent of total billed charges,50 percent of billed charges; No services were performed during the 15 month look back period.,125.317,,,,,,,Fee Schedule,"100% ASP Fee Schedule. ",5596.270909,,,,,,,Fee Schedule,105 percent of Medicaid APG. otherwise 105% of Ordered NYS MCD FS or 105% of ASP+6%,5596.270909,,,,,,,Fee Schedule,105 percent of Medicaid APG. otherwise 105% of Ordered NYS MCD FS or 105% of ASP+6%,5596.270909,,,,,,,Fee Schedule,105 percent of Medicaid APG. otherwise 105% of Ordered NYS MCD FS or 105% of ASP+6%,7195.205455,,,,,,,Fee Schedule,135 percent of Medicaid APG. otherwise 135% of Ordered NYS MCD FS or 135% of ASP+6%,,,,,,,,Fee Schedule,"100 % Zero Pay Code. ",5596.270909,,,,,,,Fee Schedule,105 percent of Medicaid APG. otherwise 105% of Ordered NYS MCD FS or 105% of ASP+6%,5596.270909,,,,,,,Fee Schedule,105 percent of Medicaid APG. otherwise 105% of Ordered NYS MCD FS or 105% of ASP+6%,5596.270909,,,,,,,Fee Schedule,105 percent of Medicaid APG. otherwise 105% of Ordered NYS MCD FS or 105% of ASP+6%,5596.270909,,,,,,,Fee Schedule,105 percent of Medicaid APG. otherwise 105% of Ordered NYS MCD FS or 105% of ASP+6%,5596.270909,,,,,,,Fee Schedule,105 percent of Medicaid APG. otherwise 105% of Ordered NYS MCD FS or 105% of ASP+6%,7195.205455,,,,,,,Fee Schedule,135 percent of Medicaid APG. otherwise 135% of Ordered NYS MCD FS or 135% of ASP+6%,7195.205455,,,,,,,Fee Schedule,135 percent of Medicaid APG. otherwise 135% of Ordered NYS MCD FS or 135% of ASP+6%,125.317,,,,,,,Fee Schedule,"100% ASP Fee Schedule. ",,,,,,,,Fee Schedule,"100 % Zero Pay Code. ",125.317,,,,,,,Fee Schedule,"100% ASP Fee Schedule. ",5596.270909,,,,,,,Fee Schedule,105 percent of Medicaid APG. otherwise 105% of Ordered NYS MCD FS or 105% of ASP+6%,765.7902,45,,,,,0,percent of total billed charges,45 percent of billed charges; No services were performed during the 15 month look back period.,125.317,,,,,,,Fee Schedule,"100% ASP Fee Schedule. ",765.7902,45,,,,,0,percent of total billed charges,45 percent of billed charges; No services were performed during the 15 month look back period.,765.7902,45,,,,,0,percent of total billed charges,45 percent of billed charges; No services were performed during the 15 month look back period.,765.7902,45,,,,,0,percent of total billed charges,45 percent of billed charges; No services were performed during the 15 month look back period.,5596.270909,,,,,,,Fee Schedule,105 percent of Medicaid APG. otherwise 105% of Ordered NYS MCD FS or 105% of ASP+6%,125.317,,,,,,,Fee Schedule,"100% ASP Fee Schedule. ",765.7902,45,,,,,0,percent of total billed charges,45 percent of billed charges; No services were performed during the 15 month look back period.,7195.205455,,,,,,,Fee Schedule,135 percent of Medicaid APG. otherwise 135% of Ordered NYS MCD FS or 135% of ASP+6%,765.7902,45,,,,,0,percent of total billed charges,45 percent of billed charges; No services were performed during the 15 month look back period.,510.5268,30,,,,,0,percent of total billed charges,30% of Charges. ; No services were performed during the 15 month look back period.,125.317,,,,,,,Fee Schedule,"100% ASP Fee Schedule. ",1242.28188,73,,,,,0,percent of total billed charges,73 percent of billed charges; No services were performed during the 15 month look back period.,1242.28188,73,,,,,0,percent of total billed charges,73 percent of billed charges; No services were performed during the 15 month look back period.,1242.28188,73,,,,,0,percent of total billed charges,73 percent of billed charges; No services were performed during the 15 month look back period.,1242.28188,73,,,,,0,percent of total billed charges,73 percent of billed charges; No services were performed during the 15 month look back period.,1242.28188,73,,,,,0,percent of total billed charges,73 percent of billed charges; No services were performed during the 15 month look back period.,1242.28188,73,,,,,0,percent of total billed charges,73 percent of billed charges; No services were performed during the 15 month look back period.,1242.28188,73,,,,,0,percent of total billed charges,73 percent of billed charges; No services were performed during the 15 month look back period.,1242.28188,73,,,,,0,percent of total billed charges,73 percent of billed charges; No services were performed during the 15 month look back period.,1242.28188,73,,,,,0,percent of total billed charges,73 percent of billed charges; No services were performed during the 15 month look back period.,1242.28188,73,,,,,0,percent of total billed charges,73 percent of billed charges; No services were performed during the 15 month look back period.,1242.28188,73,,,,,0,percent of total billed charges,73 percent of billed charges; No services were performed during the 15 month look back period.,1242.28188,73,,,,,0,percent of total billed charges,73 percent of billed charges; No services were performed during the 15 month look back period.,125.317,,,,,,,Fee Schedule,"100% ASP Fee Schedule. ",1242.28188,73,,,,,0,percent of total billed charges,73 percent of billed charges; No services were performed during the 15 month look back period.,125.317,,,,,,,Fee Schedule,"100% ASP Fee Schedule. ",11992.009091,,,,,,,Case Rate,"225 Percent of Medicaid APG. If not included in Medicaid APG, then 100 Percent of Manhattan Medicare",5329.781818,,,,,,,Case Rate,"100 Percent of Medicaid APG. ",,,,,,,,Fee Schedule,"100 % Zero Pay Code. ",,,,,,,,Fee Schedule,"100 % Zero Pay Code. ",125.317,,,,,,,Fee Schedule,"100% ASP Fee Schedule. ",1361.4048,80,,,,,0,percent of total billed charges,80 percent of billed charges; No services were performed during the 15 month look back period.,125.317,,,,,,,Fee Schedule,"100% ASP Fee Schedule. ",125.317,,,,,,,Fee Schedule,"100% ASP Fee Schedule. ",1021.0536,60,,,,,0,percent of total billed charges,60 percent of billed charges; No services were performed during the 15 month look back period.,125.317,,,,,,,Fee Schedule,"100% ASP Fee Schedule. ",510.5268,30,,,,,0,percent of total billed charges,30 percent of billed charges; No services were performed during the 15 month look back period.,125.317,,,,,,,Fee Schedule,"100% ASP Fee Schedule. ",510.5268,30,,,,,0,percent of total billed charges,30 percent of billed charges; No services were performed during the 15 month look back period.,1021.0536,60,,,,,0,percent of total billed charges,60 percent of billed charges; No services were performed during the 15 month look back period.,510.5268,30,,,,,0,percent of total billed charges,30 percent of billed charges; No services were performed during the 15 month look back period.,125.317,,,,,,,Fee Schedule,"100% ASP Fee Schedule. ",5329.781818,,,,,,,Case Rate,"100 Percent of Medicaid APG. ",125.317,,,,,,,Fee Schedule,"100% ASP Fee Schedule. ",510.5268,30,,,,,0,percent of total billed charges,30 percent of billed charges; No services were performed during the 15 month look back period.,,,,,,,,Fee Schedule,"100 % Zero Pay Code. ",5329.781818,,,,,,,Case Rate,"100 Percent of Medicaid APG. ",765.7902,45,,,,,0,percent of total billed charges,45 percent of billed charges; No services were performed during the 15 month look back period.,6395.738182,,,,,,,Fee Schedule,"120 Percent of Medicaid APG. ",6395.738182,,,,,,,Fee Schedule,"120 Percent of Medicaid APG. ",765.7902,45,,,,,0,percent of total billed charges,45 percent of billed charges; No services were performed during the 15 month look back period.,765.7902,45,,,,,0,percent of total billed charges,45 percent of billed charges; No services were performed during the 15 month look back period.,765.7902,45,,,,,0,percent of total billed charges,45 percent of billed charges; No services were performed during the 15 month look back period.,,,,,,,,Fee Schedule,"100 % Zero Pay Code. ",765.7902,45,,,,,0,percent of total billed charges,45 percent of billed charges; No services were performed during the 15 month look back period.,765.7902,45,,,,,0,percent of total billed charges,45 percent of billed charges; No services were performed during the 15 month look back period.,765.7902,45,,,,,0,percent of total billed charges,45 percent of billed charges; No services were performed during the 15 month look back period.,1242.28188,73,,,,,0,percent of total billed charges,73 percent of billed charges; No services were performed during the 15 month look back period.,1242.28188,73,,,,,0,percent of total billed charges,73 percent of billed charges; No services were performed during the 15 month look back period.,176.69697,,,,,,,Fee Schedule,141 Percent of of ASP. Drugs billed with revenue code 636 and not priced by Medicare ASP fee schedule will be reimburse at 20 percent of charges,5329.781818,,,,,,,Case Rate,"100 Percent of Medicaid APG. ",,,,,,,,Fee Schedule,"100 % Zero Pay Code. ",510.5268,30,,,,,0,percent of total billed charges,30 percent of billed charges; No services were performed during the 15 month look back period.,1021.0536,60,,,,,0,percent of total billed charges,60 percent of billed charges; No services were performed during the 15 month look back period.,,,,,,,,Fee Schedule,"100 % Zero Pay Code. ",1021.0536,60,,,,,0,percent of total billed charges,60 percent of billed charges; No services were performed during the 15 month look back period.,,,,,,,,Fee Schedule,"100 % Zero Pay Code. ",765.7902,45,,,,,0,percent of total billed charges,45 percent of billed charges; No services were performed during the 15 month look back period.,765.7902,45,,,,,0,percent of total billed charges,45 percent of billed charges; No services were performed during the 15 month look back period.,765.7902,45,,,,,0,percent of total billed charges,45 percent of billed charges; No services were performed during the 15 month look back period.,765.7902,45,,,,,0,percent of total billed charges,45 percent of billed charges; No services were performed during the 15 month look back period.,125.317,,,,,,,Fee Schedule,"100% ASP Fee Schedule. ",79.724,11992.009091,
J1747,HCPCS,5010003,LOCAL,636,RC,"INJ, SPESOLIMAB-SBZO, 1 MG",455.285827,86.504307,Outpatient,ME,1,,61.43,,,,,,,Fee Schedule,"100 % 1199 Fee Schedule. ",61.43,,,,,,,Fee Schedule,"100 % 1199 Fee Schedule. ",273.171496,60,,,,,0,percent of total billed charges,60 percent of billed charges; No services were performed during the 15 month look back period.,455.285827,100,,,,,0,percent of total billed charges,100 percent of billed charges; No services were performed during the 15 month look back period.,66.063,,,,,,,Fee Schedule,"100% ASP Fee Schedule. ",273.171496,60,,,,,0,percent of total billed charges,60 percent of billed charges; No services were performed during the 15 month look back period.,273.171496,60,,,,,0,percent of total billed charges,60 percent of billed charges; No services were performed during the 15 month look back period.,273.171496,60,,,,,0,percent of total billed charges,60 percent of billed charges; No services were performed during the 15 month look back period.,,,,,,,,Other,"100 Percent of Medicaid APG. ",,,,,,,,Other,"100 Percent of Medicaid APG. ",355.122945,78,,,,,0,percent of total billed charges,78 percent of billed charges; No services were performed during the 15 month look back period.,,,,,,,,Fee Schedule,"100 % Zero Pay Code. ",,,,,,,,Other,"100 Percent of Medicaid APG. ",66.063,,,,,,,Fee Schedule,"100% ASP Fee Schedule. ",136.585748,30,,,,,0,percent of total billed charges,30 percent of billed charges; No services were performed during the 15 month look back period.,136.585748,30,,,,,0,percent of total billed charges,30 percent of billed charges; No services were performed during the 15 month look back period.,136.585748,30,,,,,0,percent of total billed charges,30 percent of billed charges; No services were performed during the 15 month look back period.,136.585748,30,,,,,0,percent of total billed charges,30 percent of billed charges; No services were performed during the 15 month look back period.,79.971,,,,,,,Fee schedule,"115 Percent of AWP Fee Schedule. ",66.063,,,,,,,Fee Schedule,"100% ASP Fee Schedule. ",79.971,,,,,,,Fee schedule,"115 Percent of AWP Fee Schedule. ",355.122945,78,,,,,0,percent of total billed charges,78 percent of billed charges; No services were performed during the 15 month look back period.,273.171496,60,,,,,0,percent of total billed charges,60 percent of billed charges; No services were performed during the 15 month look back period.,61.428,,,,,,,Fee Schedule,"100% ASP Fee Schedule. ",332.358654,73,,,,,0,percent of total billed charges,73 percent of billed charges; No services were performed during the 15 month look back period.,61.428,,,,,,,Fee Schedule,"100% ASP Fee Schedule. ",61.428,,,,,,,Fee Schedule,"100% ASP Fee Schedule. ",355.122945,78,,,,,0,percent of total billed charges,78 percent of billed charges; No services were performed during the 15 month look back period.,,,,,,,,Fee Schedule,"Not payable. ",,,,,,,,Fee Schedule,"Not payable. ",,,,,,,,Case rate,"35 Percent of Charges. ",,,,,,,,Case rate,"35 Percent of Charges. ",332.358654,73,,,,,0,percent of total billed charges,73 percent of billed charges; No services were performed during the 15 month look back period.,332.358654,73,,,,,0,percent of total billed charges,73 percent of billed charges; No services were performed during the 15 month look back period.,,,,,,,,Other,"100 Percent of Medicaid APG. Not APG payable, or payable under another fee schedule like ASP/AWP pays at 30% of charges",332.358654,73,,,,,0,percent of total billed charges,73 percent of billed charges; No services were performed during the 15 month look back period.,,,,,,,,Other,"100 Percent of Medicaid APG. Not APG payable, or payable under another fee schedule like ASP/AWP pays at 30% of charges",61.428,,,,,,,Fee Schedule,"100% ASP Fee Schedule. ",332.358654,73,,,,,0,percent of total billed charges,73 percent of billed charges; No services were performed during the 15 month look back period.,355.122945,78,,,,,0,percent of total billed charges,78 percent of billed charges; No services were performed during the 15 month look back period.,,,,,,,,Other,"100 Percent of Medicaid APG. If not priced under APG, then Metroplus FeeSched",,,,,,,,Other,"100 Percent of Medicaid APG. If not priced under APG, then Metroplus FeeSched",355.122945,78,,,,,0,percent of total billed charges,78 percent of billed charges; No services were performed during the 15 month look back period.,136.585748,30,,,,,0,percent of total billed charges,30 percent of billed charges; No services were performed during the 15 month look back period.,,,,,,,,Fee Schedule,"100 % Zero Pay Code. ",,,,,,,,Fee Schedule,"100 % Zero Pay Code. ",355.122945,78,,,,,0,percent of total billed charges,78 percent of billed charges; No services were performed during the 15 month look back period.,66.063,,,,,,,Fee Schedule,"100% ASP Fee Schedule. ",,,,,,,,Fee Schedule,"100 % Zero Pay Code. ",,,,,,,,Fee Schedule,"100 % Zero Pay Code. ",,,,,,,,Fee Schedule,"100 % Zero Pay Code. ",66.063,,,,,,,Fee Schedule,"100% ASP Fee Schedule. ",,,,,,,,Fee Schedule,"100 % Zero Pay Code. ",,,,,,,,Fee Schedule,"100 % Zero Pay Code. ",66.063,,,,,,,Fee Schedule,"100% of AWP Fee Schedule. ",227.642914,50,,,,,0,percent of total billed charges,50 percent of billed charges; No services were performed during the 15 month look back period.,204.878622,45,,,,,0,percent of total billed charges,45 percent of billed charges; No services were performed during the 15 month look back period.,204.878622,45,,,,,0,percent of total billed charges,45 percent of billed charges; No services were performed during the 15 month look back period.,204.878622,45,,,,,0,percent of total billed charges,45 percent of billed charges; No services were performed during the 15 month look back period.,204.878622,45,,,,,0,percent of total billed charges,45 percent of billed charges; No services were performed during the 15 month look back period.,204.878622,45,,,,,0,percent of total billed charges,45 percent of billed charges; No services were performed during the 15 month look back period.,204.878622,45,,,,,0,percent of total billed charges,45 percent of billed charges; No services were performed during the 15 month look back period.,66.063,,,,,,,Fee Schedule,"100% ASP Fee Schedule. ",66.063,,,,,,,Fee Schedule,"100% ASP Fee Schedule. ",204.878622,45,,,,,0,percent of total billed charges,45 percent of billed charges; No services were performed during the 15 month look back period.,355.122945,78,,,,,0,percent of total billed charges,78 percent of billed charges; No services were performed during the 15 month look back period.,355.122945,78,,,,,0,percent of total billed charges,78 percent of billed charges; No services were performed during the 15 month look back period.,355.122945,78,,,,,0,percent of total billed charges,78 percent of billed charges; No services were performed during the 15 month look back period.,355.122945,78,,,,,0,percent of total billed charges,78 percent of billed charges; No services were performed during the 15 month look back period.,355.122945,78,,,,,0,percent of total billed charges,78 percent of billed charges; No services were performed during the 15 month look back period.,355.122945,78,,,,,0,percent of total billed charges,78 percent of billed charges; No services were performed during the 15 month look back period.,355.122945,78,,,,,0,percent of total billed charges,78 percent of billed charges; No services were performed during the 15 month look back period.,355.122945,78,,,,,0,percent of total billed charges,78 percent of billed charges; No services were performed during the 15 month look back period.,355.122945,78,,,,,0,percent of total billed charges,78 percent of billed charges; No services were performed during the 15 month look back period.,355.122945,78,,,,,0,percent of total billed charges,78 percent of billed charges; No services were performed during the 15 month look back period.,355.122945,78,,,,,0,percent of total billed charges,78 percent of billed charges; No services were performed during the 15 month look back period.,355.122945,78,,,,,0,percent of total billed charges,78 percent of billed charges; No services were performed during the 15 month look back period.,355.122945,78,,,,,0,percent of total billed charges,78 percent of billed charges; No services were performed during the 15 month look back period.,355.122945,78,,,,,0,percent of total billed charges,78 percent of billed charges; No services were performed during the 15 month look back period.,355.122945,78,,,,,0,percent of total billed charges,78 percent of billed charges; No services were performed during the 15 month look back period.,355.122945,78,,,,,0,percent of total billed charges,78 percent of billed charges; No services were performed during the 15 month look back period.,355.122945,78,,,,,0,percent of total billed charges,78 percent of billed charges; No services were performed during the 15 month look back period.,355.122945,78,,,,,0,percent of total billed charges,78 percent of billed charges; No services were performed during the 15 month look back period.,355.122945,78,,,,,0,percent of total billed charges,78 percent of billed charges; No services were performed during the 15 month look back period.,355.122945,78,,,,,0,percent of total billed charges,78 percent of billed charges; No services were performed during the 15 month look back period.,355.122945,78,,,,,0,percent of total billed charges,78 percent of billed charges; No services were performed during the 15 month look back period.,355.122945,78,,,,,0,percent of total billed charges,78 percent of billed charges; No services were performed during the 15 month look back period.,355.122945,78,,,,,0,percent of total billed charges,78 percent of billed charges; No services were performed during the 15 month look back period.,355.122945,78,,,,,0,percent of total billed charges,78 percent of billed charges; No services were performed during the 15 month look back period.,355.122945,78,,,,,0,percent of total billed charges,78 percent of billed charges; No services were performed during the 15 month look back period.,355.122945,78,,,,,0,percent of total billed charges,78 percent of billed charges; No services were performed during the 15 month look back period.,332.358654,73,,,,,0,percent of total billed charges,73 percent of billed charges; No services were performed during the 15 month look back period.,332.358654,73,,,,,0,percent of total billed charges,73 percent of billed charges; No services were performed during the 15 month look back period.,332.358654,73,,,,,0,percent of total billed charges,73 percent of billed charges; No services were performed during the 15 month look back period.,332.358654,73,,,,,0,percent of total billed charges,73 percent of billed charges; No services were performed during the 15 month look back period.,364.228662,80,,,,,0,percent of total billed charges,80 percent of billed charges; No services were performed during the 15 month look back period.,364.228662,80,,,,,0,percent of total billed charges,80 percent of billed charges; No services were performed during the 15 month look back period.,136.585748,30,,,,,0,percent of total billed charges,30 percent of billed charges; No services were performed during the 15 month look back period.,204.878622,45,,,,,0,percent of total billed charges,45 percent of billed charges; No services were performed during the 15 month look back period.,,,,,,,,Fee Schedule,"100 % Zero Pay Code. ",204.878622,45,,,,,0,percent of total billed charges,45 percent of billed charges; No services were performed during the 15 month look back period.,355.122945,78,,,,,0,percent of total billed charges,78 percent of billed charges; No services were performed during the 15 month look back period.,364.228662,80,,,,,0,percent of total billed charges,80 percent of billed charges; No services were performed during the 15 month look back period.,204.878622,45,,,,,0,percent of total billed charges,45 percent of billed charges; No services were performed during the 15 month look back period.,,,,,,,,Fee Schedule,"100 % Zero Pay Code. ",136.585748,30,,,,,0,percent of total billed charges,30 percent of billed charges; No services were performed during the 15 month look back period.,,,,,,,,,,355.122945,78,,,,,0,percent of total billed charges,78 percent of billed charges; No services were performed during the 15 month look back period.,,,,,,,,Other,"100 Percent of Medicaid APG. ",332.358654,73,,,,,0,percent of total billed charges,73 percent of billed charges; No services were performed during the 15 month look back period.,,,,,,,,Other,"100 Percent of Medicaid APG. Not APG payable, or payable under another fee schedule like ASP/AWP pays at 30% of charges",61.428,,,,,,,Fee Schedule,"100% ASP Fee Schedule. ",66.063,,,,,,,Fee Schedule,"100% ASP Fee Schedule. ",227.642914,50,,,,,0,percent of total billed charges,50 percent of billed charges; No services were performed during the 15 month look back period.,66.063,,,,,,,Fee Schedule,"100% ASP Fee Schedule. ",66.063,,,,,,,Fee Schedule,"100% ASP Fee Schedule. ",,,,,,,,Other,"100 Percent of Medicaid APG. ",66.063,,,,,,,Fee Schedule,"100% ASP Fee Schedule. ",66.063,,,,,,,Fee Schedule,"100% ASP Fee Schedule. ",273.171496,60,,,,,0,percent of total billed charges,60 percent of billed charges; No services were performed during the 15 month look back period.,273.171496,60,,,,,0,percent of total billed charges,60 percent of billed charges; No services were performed during the 15 month look back period.,66.063,,,,,,,Fee Schedule,"100% ASP Fee Schedule. ",136.585748,30,,,,,0,percent of total billed charges,30 percent of billed charges; No services were performed during the 15 month look back period.,,,,,,,,Fee Schedule,"100 % Zero Pay Code. ",,,,,,,,Fee Schedule,"100 % Zero Pay Code. ",66.063,,,,,,,Fee Schedule,"100% ASP Fee Schedule. ",136.585748,30,,,,,0,percent of total billed charges,30 percent of billed charges; No services were performed during the 15 month look back period.,273.171496,60,,,,,0,percent of total billed charges,60 percent of billed charges; No services were performed during the 15 month look back period.,273.171496,60,,,,,0,percent of total billed charges,60 percent of billed charges; No services were performed during the 15 month look back period.,273.171496,60,,,,,0,percent of total billed charges,60 percent of billed charges; No services were performed during the 15 month look back period.,355.122945,78,,,,,0,percent of total billed charges,78 percent of billed charges; No services were performed during the 15 month look back period.,355.122945,78,,,,,0,percent of total billed charges,78 percent of billed charges; No services were performed during the 15 month look back period.,355.122945,78,,,,,0,percent of total billed charges,78 percent of billed charges; No services were performed during the 15 month look back period.,355.122945,78,,,,,0,percent of total billed charges,78 percent of billed charges; No services were performed during the 15 month look back period.,355.122945,78,,,,,0,percent of total billed charges,78 percent of billed charges; No services were performed during the 15 month look back period.,355.122945,78,,,,,0,percent of total billed charges,78 percent of billed charges; No services were performed during the 15 month look back period.,355.122945,78,,,,,0,percent of total billed charges,78 percent of billed charges; No services were performed during the 15 month look back period.,355.122945,78,,,,,0,percent of total billed charges,78 percent of billed charges; No services were performed during the 15 month look back period.,355.122945,78,,,,,0,percent of total billed charges,78 percent of billed charges; No services were performed during the 15 month look back period.,355.122945,78,,,,,0,percent of total billed charges,78 percent of billed charges; No services were performed during the 15 month look back period.,355.122945,78,,,,,0,percent of total billed charges,78 percent of billed charges; No services were performed during the 15 month look back period.,364.228662,80,,,,,0,percent of total billed charges,80 percent of billed charges; No services were performed during the 15 month look back period.,204.878622,45,,,,,0,percent of total billed charges,45 percent of billed charges; No services were performed during the 15 month look back period.,136.585748,30,,,,,0,percent of total billed charges,30 percent of billed charges; No services were performed during the 15 month look back period.,66.063,,,,,,,Fee Schedule,"100% ASP Fee Schedule. ",273.171496,60,,,,,0,percent of total billed charges,60 percent of billed charges; No services were performed during the 15 month look back period.,136.585748,30,,,,,0,percent of total billed charges,30 percent of billed charges; No services were performed during the 15 month look back period.,136.585748,30,,,,,0,percent of total billed charges,30 percent of billed charges; No services were performed during the 15 month look back period.,355.122945,78,,,,,0,percent of total billed charges,78 percent of billed charges; No services were performed during the 15 month look back period.,,,,,,,,Other,"Not payable. ",136.585748,30,,,,,0,percent of total billed charges,30 percent of billed charges; No services were performed during the 15 month look back period.,,,,,,,,Other,"100 Percent of Medicaid APG. ",66.063,,,,,,,Fee Schedule,"100% ASP Fee Schedule. ",66.063,,,,,,,Fee Schedule,"100% ASP Fee Schedule. ",66.063,,,,,,,Fee Schedule,"100% ASP Fee Schedule. ",66.063,,,,,,,Fee Schedule,"100% ASP Fee Schedule. ",66.063,,,,,,,Fee Schedule,"100% ASP Fee Schedule. ",66.063,,,,,,,Fee Schedule,"100% ASP Fee Schedule. ",136.585748,30,,,,,0,percent of total billed charges,30 percent of billed charges; No services were performed during the 15 month look back period.,227.642914,50,,,,,0,percent of total billed charges,50 percent of billed charges; No services were performed during the 15 month look back period.,117.19575,,,,,,,Fee Schedule,"157.5 Percent of AWP Fee Schedule. ",117.19575,,,,,,,Fee Schedule,"157.5 Percent of AWP Fee Schedule. ",117.19575,,,,,,,Fee Schedule,"157.5 Percent of AWP Fee Schedule. ",117.19575,,,,,,,Fee Schedule,"157.5 Percent of AWP Fee Schedule. ",117.19575,,,,,,,Fee Schedule,"157.5 Percent of AWP Fee Schedule. ",,,,,,,,,,227.642914,50,,,,,0,percent of total billed charges,50 percent of billed charges; No services were performed during the 15 month look back period.,93.14883,,,,,,,Fee Schedule,141 Percent of of ASP. Drugs billed with revenue code 636 and not priced by Medicare ASP fee schedule will be reimburse at 20 percent of charges,93.14883,,,,,,,Fee Schedule,141 Percent of of ASP. Drugs billed with revenue code 636 and not priced by Medicare ASP fee schedule will be reimburse at 20 percent of charges,93.14883,,,,,,,Fee Schedule,141 Percent of of ASP. Drugs billed with revenue code 636 and not priced by Medicare ASP fee schedule will be reimburse at 20 percent of charges,93.14883,,,,,,,Fee Schedule,141 Percent of of ASP. Drugs billed with revenue code 636 and not priced by Medicare ASP fee schedule will be reimburse at 20 percent of charges,93.14883,,,,,,,Fee Schedule,141 Percent of of ASP. Drugs billed with revenue code 636 and not priced by Medicare ASP fee schedule will be reimburse at 20 percent of charges,66.063,,,,,,,Fee Schedule,"100% ASP Fee Schedule. ",364.228662,80,,,,,0,percent of total billed charges,80 percent of billed charges; No services were performed during the 15 month look back period.,364.228662,80,,,,,0,percent of total billed charges,80 percent of billed charges; No services were performed during the 15 month look back period.,364.228662,80,,,,,0,percent of total billed charges,80 percent of billed charges; No services were performed during the 15 month look back period.,364.228662,80,,,,,0,percent of total billed charges,80 percent of billed charges; No services were performed during the 15 month look back period.,273.171496,60,,,,,0,percent of total billed charges,60 percent of billed charges; No services were performed during the 15 month look back period.,273.171496,60,,,,,0,percent of total billed charges,60 percent of billed charges; No services were performed during the 15 month look back period.,273.171496,60,,,,,0,percent of total billed charges,60 percent of billed charges; No services were performed during the 15 month look back period.,273.171496,60,,,,,0,percent of total billed charges,60 percent of billed charges; No services were performed during the 15 month look back period.,227.642914,50,,,,,0,percent of total billed charges,50 percent of billed charges; No services were performed during the 15 month look back period.,227.642914,50,,,,,0,percent of total billed charges,50 percent of billed charges; No services were performed during the 15 month look back period.,66.063,,,,,,,Fee Schedule,"100% ASP Fee Schedule. ",66.063,,,,,,,Fee Schedule,"100% ASP Fee Schedule. ",66.063,,,,,,,Fee Schedule,"100% ASP Fee Schedule. ",204.878622,45,,,,,0,percent of total billed charges,45 percent of billed charges; No services were performed during the 15 month look back period.,204.878622,45,,,,,0,percent of total billed charges,45 percent of billed charges; No services were performed during the 15 month look back period.,204.878622,45,,,,,0,percent of total billed charges,45 percent of billed charges; No services were performed during the 15 month look back period.,227.642914,50,,,,,0,percent of total billed charges,50 percent of billed charges; No services were performed during the 15 month look back period.,273.171496,60,,,,,0,percent of total billed charges,60 percent of billed charges; No services were performed during the 15 month look back period.,66.063,,,,,,,Fee Schedule,"100% ASP Fee Schedule. ",204.878622,45,,,,,0,percent of total billed charges,45 percent of billed charges; No services were performed during the 15 month look back period.,,,,,,,,Other,"100 Percent of Medicaid APG. ",62.65656,,,,,,,Fee Schedule,"100% of ASP Fee Schedule. ",62.65656,,,,,,,Fee Schedule,"100% of ASP Fee Schedule. ",62.65656,,,,,,,Fee Schedule,"100% of ASP Fee Schedule. ",,,,,,,,Case rate,"35 Percent of Charges. ",,,,,,,,Fee Schedule,"Not payable. ",,,,,,,,Fee Schedule,"Not payable. ",,,,,,,,Fee Schedule,"Not payable. ",,,,,,,,Fee Schedule,"Not payable. ",,,,,,,,Fee Schedule,"Not payable. ",62.65656,,,,,,,Fee Schedule,"100% of ASP Fee Schedule. ",,,,,,,,Other,"100 Percent of Medicaid APG. ",,,,,,,,Fee Schedule,"Not payable. ",,,,,,,,Fee Schedule,"Not payable. ",,,,,,,,Fee Schedule,"Not payable. ",,,,,,,,Fee Schedule,"Not payable. ",,,,,,,,Fee Schedule,"Not payable. ",117.19575,,,,,,,Fee Schedule,"157.5 Percent of AWP Fee Schedule. ",66.063,,,,,,,Fee Schedule,"100% ASP Fee Schedule. ",66.063,,,,,,,Fee Schedule,"100% ASP Fee Schedule. ",273.171496,60,,,,,0,percent of total billed charges,60 percent of billed charges; No services were performed during the 15 month look back period.,66.063,,,,,,,Fee Schedule,"100% ASP Fee Schedule. ",,,,,,,,Case Rate,"NA. ",,,,,,,,Case Rate,"NA. ",,,,,,,,Case rate,"35 Percent of Charges. ",,,,,,,,Case rate,"35 Percent of Charges. ",85.5715,,,,,,,Fee Schedule,"115 Percent of AWP. ",79.971,,,,,,,Fee schedule,"115 Percent of AWP Fee Schedule. ",,,,,,,,Other,"100 Percent of Medicaid APG. ",,,,,,,,Other,"100 Percent of Medicaid APG. ",,,,,,,,Other,"100 Percent of Medicaid APG. ",,,,,,,,Other,"100 Percent of Medicaid APG. ",204.878622,45,,,,,0,percent of total billed charges,45 percent of billed charges; No services were performed during the 15 month look back period.,227.642914,50,,,,,0,percent of total billed charges,50 percent of billed charges; No services were performed during the 15 month look back period.,,,,,,,,Other,"120 Percent of Medicaid APG. Not APG payable, or payable under another fee schedule like ASP/AWP pays at 30% of charges",,,,,,,,Other,"120 Percent of Medicaid APG. Not APG payable, or payable under another fee schedule like ASP/AWP pays at 30% of charges",,,,,,,,Other,"100 Percent of Medicaid APG. Not APG payable, or payable under another fee schedule like ASP/AWP pays at 30% of charges",,,,,,,,Other,"100 Percent of Medicaid APG. Not APG payable, or payable under another fee schedule like ASP/AWP pays at 30% of charges",204.878622,45,,,,,0,percent of total billed charges,45 percent of billed charges; No services were performed during the 15 month look back period.,204.878622,45,,,,,0,percent of total billed charges,45 percent of billed charges; No services were performed during the 15 month look back period.,66.063,,,,,,,Fee Schedule,"100% ASP Fee Schedule. ",204.878622,45,,,,,0,percent of total billed charges,45 percent of billed charges; No services were performed during the 15 month look back period.,204.878622,45,,,,,0,percent of total billed charges,45 percent of billed charges; No services were performed during the 15 month look back period.,204.878622,45,,,,,0,percent of total billed charges,45 percent of billed charges; No services were performed during the 15 month look back period.,204.878622,45,,,,,0,percent of total billed charges,45 percent of billed charges; No services were performed during the 15 month look back period.,66.063,,,,,,,Fee Schedule,"100% ASP Fee Schedule. ",204.878622,45,,,,,0,percent of total billed charges,45 percent of billed charges; No services were performed during the 15 month look back period.,204.878622,45,,,,,0,percent of total billed charges,45 percent of billed charges; No services were performed during the 15 month look back period.,273.171496,60,,,,,0,percent of total billed charges,60 percent of billed charges; No services were performed during the 15 month look back period.,,,,,,,,Fee Schedule,100% APG. Lesser of 100% of billed charges applies.,79.971,,,,,,,Fee schedule,"115 Percent of AWP Fee Schedule. ",,,,,,,,Fee Schedule,"Not payable. ",85.5715,,,,,,,Fee Schedule,"115 Percent of AWP. ",79.971,,,,,,,Fee schedule,"115 Percent of AWP Fee Schedule. ",,,,,,,,Fee Schedule,"Not payable. ",,,,,,,,Fee Schedule,"Not payable. ",,,,,,,,Fee Schedule,"Not payable. ",,,,,,,,Fee Schedule,"Not payable. ",,,,,,,,Fee Schedule,"Not payable. ",,,,,,,,Fee Schedule,"Not payable. ",,,,,,,,,,,,,,,,,,,,,,,,,,,,136.585748,30,,,,,0,percent of total billed charges,30 percent of billed charges; No services were performed during the 15 month look back period.,,,,,,,,,,66.063,,,,,,,Fee Schedule,"100% ASP Fee Schedule. ",61.43,,,,,,,Fee Schedule,"100 % 1199 Fee Schedule. ",66.063,,,,,,,Fee Schedule,"100% ASP Fee Schedule. ",66.063,,,,,,,Fee Schedule,"100% ASP Fee Schedule. ",,,,,,,,Other,"120 Percent of Medicaid APG. Not APG payable, or payable under another fee schedule like ASP/AWP pays at 30% of charges",,,,,,,,Other,"120 Percent of Medicaid APG. Not APG payable, or payable under another fee schedule like ASP/AWP pays at 30% of charges",,,,,,,,Other,"100 Percent of Medicaid APG. Not APG payable, or payable under another fee schedule like ASP/AWP pays at 30% of charges",,,,,,,,Other,"100 Percent of Medicaid APG. Not APG payable, or payable under another fee schedule like ASP/AWP pays at 30% of charges",,,,,,,,Other,"100 Percent of Medicaid APG. ",332.358654,73,,,,,0,percent of total billed charges,73 percent of billed charges; No services were performed during the 15 month look back period.,273.171496,60,,,,,0,percent of total billed charges,60 percent of billed charges; No services were performed during the 15 month look back period.,332.358654,73,,,,,0,percent of total billed charges,73 percent of billed charges; No services were performed during the 15 month look back period.,136.585748,30,,,,,0,percent of total billed charges,30 percent of billed charges; No services were performed during the 15 month look back period.,61.428,,,,,,,Fee Schedule,"100% ASP Fee Schedule. ",66.063,,,,,,,Fee Schedule,"100% ASP Fee Schedule. ",66.063,,,,,,,Fee Schedule,"100% ASP Fee Schedule. ",66.063,,,,,,,Fee Schedule,"100% ASP Fee Schedule. ",61.428,,,,,,,Fee Schedule,"100% ASP Fee Schedule. ",66.063,,,,,,,Fee Schedule,"100% ASP Fee Schedule. ",,,,,,,,,,,,,,,,,Fee Schedule,"Not payable. ",,,,,,,,Fee Schedule,"Not payable. ",204.878622,45,,,,,0,percent of total billed charges,45 percent of billed charges; No services were performed during the 15 month look back period.,332.358654,73,,,,,0,percent of total billed charges,73 percent of billed charges; No services were performed during the 15 month look back period.,332.358654,73,,,,,0,percent of total billed charges,73 percent of billed charges; No services were performed during the 15 month look back period.,332.358654,73,,,,,0,percent of total billed charges,73 percent of billed charges; No services were performed during the 15 month look back period.,332.358654,73,,,,,0,percent of total billed charges,73 percent of billed charges; No services were performed during the 15 month look back period.,66.063,,,,,,,Fee Schedule,"100% ASP Fee Schedule. ",,,,,,,,Other,"100 Percent of Medicaid APG. ",204.878622,45,,,,,0,percent of total billed charges,45 percent of billed charges; No services were performed during the 15 month look back period.,,,,,,,,Other,"100 Percent of Medicaid APG. ",66.063,,,,,,,Fee Schedule,"100% ASP Fee Schedule. ",,,,,,,,Other,"100 Percent of Medicaid APG. ",66.063,,,,,,,Fee Schedule,"100% ASP Fee Schedule. ",66.063,,,,,,,Fee Schedule,"100% ASP Fee Schedule. ",,,,,,,,Other,"100 Percent of Medicaid APG. ",,,,,,,,Other,"100 Percent of Medicaid APG. ",332.358654,73,,,,,0,percent of total billed charges,73 percent of billed charges; No services were performed during the 15 month look back period.,136.585748,30,,,,,0,percent of total billed charges,30 percent of billed charges; No services were performed during the 15 month look back period.,355.122945,78,,,,,0,percent of total billed charges,78 percent of billed charges; No services were performed during the 15 month look back period.,,,,,,,,Fee Schedule,"100 % Zero Pay Code. ",,,,,,,,Fee Schedule,"100 % Zero Pay Code. ",273.171496,60,,,,,0,percent of total billed charges,60 percent of billed charges; No services were performed during the 15 month look back period.,66.063,,,,,,,Fee Schedule,"100% of AWP Fee Schedule. ",364.228662,80,,,,,0,percent of total billed charges,80 percent of billed charges; No services were performed during the 15 month look back period.,364.228662,80,,,,,0,percent of total billed charges,80 percent of billed charges; No services were performed during the 15 month look back period.,163.902898,36,,,,,0,percent of total billed charges,36 percent of billed charges; No services were performed during the 15 month look back period.,163.902898,36,,,,,0,percent of total billed charges,36 percent of billed charges; No services were performed during the 15 month look back period.,66.063,,,,,,,Fee Schedule,"100% ASP Fee Schedule. ",66.063,,,,,,,Fee Schedule,"100% ASP Fee Schedule. ",66.063,,,,,,,Fee Schedule,"100% ASP Fee Schedule. ",66.063,,,,,,,Fee Schedule,"100% ASP Fee Schedule. ",,,,,,,,Fee Schedule,"100 % Zero Pay Code. ",204.878622,45,,,,,0,percent of total billed charges,45 percent of billed charges; No services were performed during the 15 month look back period.,204.878622,45,,,,,0,percent of total billed charges,45 percent of billed charges; No services were performed during the 15 month look back period.,66.063,,,,,,,Fee Schedule,"100% ASP Fee Schedule. ",163.902898,36,,,,,0,percent of total billed charges,36 percent of billed charges; No services were performed during the 15 month look back period.,332.358654,73,,,,,0,percent of total billed charges,73 percent of billed charges; No services were performed during the 15 month look back period.,,,,,,,,Fee Schedule,"Not payable. ",,,,,,,,Other,"100 Percent of Medicaid APG. ",332.358654,73,,,,,0,percent of total billed charges,73 percent of billed charges; No services were performed during the 15 month look back period.,184.39076,40.5,,,,,0,percent of total billed charges,40.5 percent of billed charges; No services were performed during the 15 month look back period.,184.39076,40.5,,,,,0,percent of total billed charges,40.5 percent of billed charges; No services were performed during the 15 month look back period.,204.878622,45,,,,,0,percent of total billed charges,45 percent of billed charges; No services were performed during the 15 month look back period.,227.642914,50,,,,,0,percent of total billed charges,50 percent of billed charges; No services were performed during the 15 month look back period.,61.428,,,,,,,Fee Schedule,"100% ASP Fee Schedule. ",,,,,,,,Fee Schedule,"Not payable. ",,,,,,,,Fee Schedule,"Not payable. ",,,,,,,,Fee Schedule,"Not payable. ",,,,,,,,Fee Schedule,"Not payable. ",,,,,,,,Fee Schedule,"100 % Zero Pay Code. ",,,,,,,,Fee Schedule,"Not payable. ",,,,,,,,Fee Schedule,"Not payable. ",,,,,,,,Fee Schedule,"Not payable. ",,,,,,,,Fee Schedule,"Not payable. ",,,,,,,,Fee Schedule,"Not payable. ",,,,,,,,Fee Schedule,"Not payable. ",,,,,,,,Fee Schedule,"Not payable. ",66.063,,,,,,,Fee Schedule,"100% ASP Fee Schedule. ",,,,,,,,Fee Schedule,"100 % Zero Pay Code. ",66.063,,,,,,,Fee Schedule,"100% ASP Fee Schedule. ",,,,,,,,Fee Schedule,"Not payable. ",204.878622,45,,,,,0,percent of total billed charges,45 percent of billed charges; No services were performed during the 15 month look back period.,66.063,,,,,,,Fee Schedule,"100% ASP Fee Schedule. ",204.878622,45,,,,,0,percent of total billed charges,45 percent of billed charges; No services were performed during the 15 month look back period.,204.878622,45,,,,,0,percent of total billed charges,45 percent of billed charges; No services were performed during the 15 month look back period.,204.878622,45,,,,,0,percent of total billed charges,45 percent of billed charges; No services were performed during the 15 month look back period.,,,,,,,,Fee Schedule,"Not payable. ",66.063,,,,,,,Fee Schedule,"100% ASP Fee Schedule. ",204.878622,45,,,,,0,percent of total billed charges,45 percent of billed charges; No services were performed during the 15 month look back period.,,,,,,,,Fee Schedule,"Not payable. ",204.878622,45,,,,,0,percent of total billed charges,45 percent of billed charges; No services were performed during the 15 month look back period.,136.585748,30,,,,,0,percent of total billed charges,30% of Charges. ; No services were performed during the 15 month look back period.,61.428,,,,,,,Fee Schedule,"100% ASP Fee Schedule. ",332.358654,73,,,,,0,percent of total billed charges,73 percent of billed charges; No services were performed during the 15 month look back period.,332.358654,73,,,,,0,percent of total billed charges,73 percent of billed charges; No services were performed during the 15 month look back period.,332.358654,73,,,,,0,percent of total billed charges,73 percent of billed charges; No services were performed during the 15 month look back period.,332.358654,73,,,,,0,percent of total billed charges,73 percent of billed charges; No services were performed during the 15 month look back period.,332.358654,73,,,,,0,percent of total billed charges,73 percent of billed charges; No services were performed during the 15 month look back period.,332.358654,73,,,,,0,percent of total billed charges,73 percent of billed charges; No services were performed during the 15 month look back period.,332.358654,73,,,,,0,percent of total billed charges,73 percent of billed charges; No services were performed during the 15 month look back period.,332.358654,73,,,,,0,percent of total billed charges,73 percent of billed charges; No services were performed during the 15 month look back period.,332.358654,73,,,,,0,percent of total billed charges,73 percent of billed charges; No services were performed during the 15 month look back period.,332.358654,73,,,,,0,percent of total billed charges,73 percent of billed charges; No services were performed during the 15 month look back period.,332.358654,73,,,,,0,percent of total billed charges,73 percent of billed charges; No services were performed during the 15 month look back period.,332.358654,73,,,,,0,percent of total billed charges,73 percent of billed charges; No services were performed during the 15 month look back period.,66.063,,,,,,,Fee Schedule,"100% ASP Fee Schedule. ",332.358654,73,,,,,0,percent of total billed charges,73 percent of billed charges; No services were performed during the 15 month look back period.,66.063,,,,,,,Fee Schedule,"100% ASP Fee Schedule. ",91.057165,20,,,,,0,percent of total billed charges,20 percent of billed charges. ; No services were performed during the 15 month look back period.,,,,,,,,Other,"100 Percent of Medicaid APG. If not priced under APG, then Metroplus FeeSched",,,,,,,,Fee Schedule,"100 % Zero Pay Code. ",,,,,,,,Fee Schedule,"100 % Zero Pay Code. ",66.063,,,,,,,Fee Schedule,"100% ASP Fee Schedule. ",364.228662,80,,,,,0,percent of total billed charges,80 percent of billed charges; No services were performed during the 15 month look back period.,66.063,,,,,,,Fee Schedule,"100% ASP Fee Schedule. ",66.063,,,,,,,Fee Schedule,"100% ASP Fee Schedule. ",273.171496,60,,,,,0,percent of total billed charges,60 percent of billed charges; No services were performed during the 15 month look back period.,66.063,,,,,,,Fee Schedule,"100% ASP Fee Schedule. ",136.585748,30,,,,,0,percent of total billed charges,30 percent of billed charges; No services were performed during the 15 month look back period.,66.063,,,,,,,Fee Schedule,"100% ASP Fee Schedule. ",136.585748,30,,,,,0,percent of total billed charges,30 percent of billed charges; No services were performed during the 15 month look back period.,273.171496,60,,,,,0,percent of total billed charges,60 percent of billed charges; No services were performed during the 15 month look back period.,136.585748,30,,,,,0,percent of total billed charges,30 percent of billed charges; No services were performed during the 15 month look back period.,66.063,,,,,,,Fee Schedule,"100% ASP Fee Schedule. ",,,,,,,,Other,"100 Percent of Medicaid APG. ",66.063,,,,,,,Fee Schedule,"100% ASP Fee Schedule. ",136.585748,30,,,,,0,percent of total billed charges,30 percent of billed charges; No services were performed during the 15 month look back period.,,,,,,,,Fee Schedule,"100 % Zero Pay Code. ",,,,,,,,Other,"100 Percent of Medicaid APG. ",204.878622,45,,,,,0,percent of total billed charges,45 percent of billed charges; No services were performed during the 15 month look back period.,,,,,,,,Fee Schedule,"Not payable. ",,,,,,,,Fee Schedule,"Not payable. ",204.878622,45,,,,,0,percent of total billed charges,45 percent of billed charges; No services were performed during the 15 month look back period.,204.878622,45,,,,,0,percent of total billed charges,45 percent of billed charges; No services were performed during the 15 month look back period.,204.878622,45,,,,,0,percent of total billed charges,45 percent of billed charges; No services were performed during the 15 month look back period.,,,,,,,,Fee Schedule,"100 % Zero Pay Code. ",204.878622,45,,,,,0,percent of total billed charges,45 percent of billed charges; No services were performed during the 15 month look back period.,204.878622,45,,,,,0,percent of total billed charges,45 percent of billed charges; No services were performed during the 15 month look back period.,204.878622,45,,,,,0,percent of total billed charges,45 percent of billed charges; No services were performed during the 15 month look back period.,332.358654,73,,,,,0,percent of total billed charges,73 percent of billed charges; No services were performed during the 15 month look back period.,332.358654,73,,,,,0,percent of total billed charges,73 percent of billed charges; No services were performed during the 15 month look back period.,93.14883,,,,,,,Fee Schedule,141 Percent of of ASP. Drugs billed with revenue code 636 and not priced by Medicare ASP fee schedule will be reimburse at 20 percent of charges,,,,,,,,Other,"100 Percent of Medicaid APG. ",,,,,,,,Fee Schedule,"100 % Zero Pay Code. ",136.585748,30,,,,,0,percent of total billed charges,30 percent of billed charges; No services were performed during the 15 month look back period.,273.171496,60,,,,,0,percent of total billed charges,60 percent of billed charges; No services were performed during the 15 month look back period.,,,,,,,,Fee Schedule,"100 % Zero Pay Code. ",273.171496,60,,,,,0,percent of total billed charges,60 percent of billed charges; No services were performed during the 15 month look back period.,,,,,,,,Fee Schedule,"100 % Zero Pay Code. ",204.878622,45,,,,,0,percent of total billed charges,45 percent of billed charges; No services were performed during the 15 month look back period.,204.878622,45,,,,,0,percent of total billed charges,45 percent of billed charges; No services were performed during the 15 month look back period.,204.878622,45,,,,,0,percent of total billed charges,45 percent of billed charges; No services were performed during the 15 month look back period.,204.878622,45,,,,,0,percent of total billed charges,45 percent of billed charges; No services were performed during the 15 month look back period.,66.063,,,,,,,Fee Schedule,"100% ASP Fee Schedule. ",4.552858,910.571654,
J2021,HCPCS,5010003,LOCAL,636,RC,"INJ, LINEZOLID (HOSPIRA)",62.748,11.92212,Outpatient,ME,200,,6.34,,,,,,,Fee Schedule,"100 % 1199 Fee Schedule. ",6.34,,,,,,,Fee Schedule,"100 % 1199 Fee Schedule. ",37.6488,60,,,,,0,percent of total billed charges,60 percent of billed charges; No services were performed during the 15 month look back period.,62.748,100,,,,,0,percent of total billed charges,100 percent of billed charges; No services were performed during the 15 month look back period.,,,,,,,,Fee Schedule,"100% ASP Fee Schedule. ",37.6488,60,,,,,0,percent of total billed charges,60 percent of billed charges; No services were performed during the 15 month look back period.,37.6488,60,,,,,0,percent of total billed charges,60 percent of billed charges; No services were performed during the 15 month look back period.,37.6488,60,,,,,0,percent of total billed charges,60 percent of billed charges; No services were performed during the 15 month look back period.,113.905455,,,,,,,Case Rate,"100 Percent of Medicaid APG. ",94.921212,,,,,,,Case Rate,"100 Percent of Medicaid APG. ",48.94344,78,,,,,0,percent of total billed charges,78 percent of billed charges; No services were performed during the 15 month look back period.,,,,,,,,Fee Schedule,"100 % Zero Pay Code. ",94.921212,,,,,,,Case Rate,"100 Percent of Medicaid APG. ",,,,,,,,Fee Schedule,"100% ASP Fee Schedule. ",18.8244,30,,,,,0,percent of total billed charges,30 percent of billed charges; No services were performed during the 15 month look back period.,18.8244,30,,,,,0,percent of total billed charges,30 percent of billed charges; No services were performed during the 15 month look back period.,18.8244,30,,,,,0,percent of total billed charges,30 percent of billed charges; No services were performed during the 15 month look back period.,18.8244,30,,,,,0,percent of total billed charges,30 percent of billed charges; No services were performed during the 15 month look back period.,37.076,,,,,,,Fee schedule,"115 Percent of AWP Fee Schedule. ",,,,,,,,Fee Schedule,"100% ASP Fee Schedule. ",37.076,,,,,,,Fee schedule,"115 Percent of AWP Fee Schedule. ",48.94344,78,,,,,0,percent of total billed charges,78 percent of billed charges; No services were performed during the 15 month look back period.,37.6488,60,,,,,0,percent of total billed charges,60 percent of billed charges; No services were performed during the 15 month look back period.,,,,,,,,Fee Schedule,"100% ASP Fee Schedule. ",45.80604,73,,,,,0,percent of total billed charges,73 percent of billed charges; No services were performed during the 15 month look back period.,,,,,,,,Fee Schedule,"100% ASP Fee Schedule. ",,,,,,,,Fee Schedule,"100% ASP Fee Schedule. ",48.94344,78,,,,,0,percent of total billed charges,78 percent of billed charges; No services were performed during the 15 month look back period.,6.338,,,,,,,Fee Schedule,100 Percent of ASP if not priced then 95 Percent of AWP. Lesser of 100% of billed charges applies.,6.338,,,,,,,Fee Schedule,100 Percent of ASP if not priced then 95 Percent of AWP. Lesser of 100% of billed charges applies.,94.921212,,,,,,,Case rate,"35 Percent of Charges. ",94.921212,,,,,,,Case rate,"35 Percent of Charges. ",45.80604,73,,,,,0,percent of total billed charges,73 percent of billed charges; No services were performed during the 15 month look back period.,45.80604,73,,,,,0,percent of total billed charges,73 percent of billed charges; No services were performed during the 15 month look back period.,94.921212,,,,,,,Case Rate,"100 Percent of Medicaid APG. Not APG payable, or payable under another fee schedule like ASP/AWP pays at 30% of charges",45.80604,73,,,,,0,percent of total billed charges,73 percent of billed charges; No services were performed during the 15 month look back period.,94.921212,,,,,,,Case Rate,"100 Percent of Medicaid APG. Not APG payable, or payable under another fee schedule like ASP/AWP pays at 30% of charges",,,,,,,,Fee Schedule,"100% ASP Fee Schedule. ",45.80604,73,,,,,0,percent of total billed charges,73 percent of billed charges; No services were performed during the 15 month look back period.,48.94344,78,,,,,0,percent of total billed charges,78 percent of billed charges; No services were performed during the 15 month look back period.,94.921212,,,,,,,Case Rate,"100 Percent of Medicaid APG. ",94.921212,,,,,,,Case Rate,"100 Percent of Medicaid APG. ",48.94344,78,,,,,0,percent of total billed charges,78 percent of billed charges; No services were performed during the 15 month look back period.,18.8244,30,,,,,0,percent of total billed charges,30 percent of billed charges; No services were performed during the 15 month look back period.,,,,,,,,Fee Schedule,"100 % Zero Pay Code. ",,,,,,,,Fee Schedule,"100 % Zero Pay Code. ",48.94344,78,,,,,0,percent of total billed charges,78 percent of billed charges; No services were performed during the 15 month look back period.,,,,,,,,Fee Schedule,"100% ASP Fee Schedule. ",,,,,,,,Fee Schedule,"100 % Zero Pay Code. ",,,,,,,,Fee Schedule,"100 % Zero Pay Code. ",,,,,,,,Fee Schedule,"100 % Zero Pay Code. ",,,,,,,,Fee Schedule,"100% ASP Fee Schedule. ",,,,,,,,Fee Schedule,"100 % Zero Pay Code. ",,,,,,,,Fee Schedule,"100 % Zero Pay Code. ",,,,,,,,Fee Schedule,"100% of AWP Fee Schedule. ",31.374,50,,,,,0,percent of total billed charges,50 percent of billed charges; No services were performed during the 15 month look back period.,28.2366,45,,,,,0,percent of total billed charges,45 percent of billed charges; No services were performed during the 15 month look back period.,28.2366,45,,,,,0,percent of total billed charges,45 percent of billed charges; No services were performed during the 15 month look back period.,28.2366,45,,,,,0,percent of total billed charges,45 percent of billed charges; No services were performed during the 15 month look back period.,28.2366,45,,,,,0,percent of total billed charges,45 percent of billed charges; No services were performed during the 15 month look back period.,28.2366,45,,,,,0,percent of total billed charges,45 percent of billed charges; No services were performed during the 15 month look back period.,28.2366,45,,,,,0,percent of total billed charges,45 percent of billed charges; No services were performed during the 15 month look back period.,,,,,,,,Fee Schedule,"100% ASP Fee Schedule. ",,,,,,,,Fee Schedule,"100% ASP Fee Schedule. ",28.2366,45,,,,,0,percent of total billed charges,45 percent of billed charges; No services were performed during the 15 month look back period.,48.94344,78,,,,,0,percent of total billed charges,78 percent of billed charges; No services were performed during the 15 month look back period.,48.94344,78,,,,,0,percent of total billed charges,78 percent of billed charges; No services were performed during the 15 month look back period.,48.94344,78,,,,,0,percent of total billed charges,78 percent of billed charges; No services were performed during the 15 month look back period.,48.94344,78,,,,,0,percent of total billed charges,78 percent of billed charges; No services were performed during the 15 month look back period.,48.94344,78,,,,,0,percent of total billed charges,78 percent of billed charges; No services were performed during the 15 month look back period.,48.94344,78,,,,,0,percent of total billed charges,78 percent of billed charges; No services were performed during the 15 month look back period.,48.94344,78,,,,,0,percent of total billed charges,78 percent of billed charges; No services were performed during the 15 month look back period.,48.94344,78,,,,,0,percent of total billed charges,78 percent of billed charges; No services were performed during the 15 month look back period.,48.94344,78,,,,,0,percent of total billed charges,78 percent of billed charges; No services were performed during the 15 month look back period.,48.94344,78,,,,,0,percent of total billed charges,78 percent of billed charges; No services were performed during the 15 month look back period.,48.94344,78,,,,,0,percent of total billed charges,78 percent of billed charges; No services were performed during the 15 month look back period.,48.94344,78,,,,,0,percent of total billed charges,78 percent of billed charges; No services were performed during the 15 month look back period.,48.94344,78,,,,,0,percent of total billed charges,78 percent of billed charges; No services were performed during the 15 month look back period.,48.94344,78,,,,,0,percent of total billed charges,78 percent of billed charges; No services were performed during the 15 month look back period.,48.94344,78,,,,,0,percent of total billed charges,78 percent of billed charges; No services were performed during the 15 month look back period.,48.94344,78,,,,,0,percent of total billed charges,78 percent of billed charges; No services were performed during the 15 month look back period.,48.94344,78,,,,,0,percent of total billed charges,78 percent of billed charges; No services were performed during the 15 month look back period.,48.94344,78,,,,,0,percent of total billed charges,78 percent of billed charges; No services were performed during the 15 month look back period.,48.94344,78,,,,,0,percent of total billed charges,78 percent of billed charges; No services were performed during the 15 month look back period.,48.94344,78,,,,,0,percent of total billed charges,78 percent of billed charges; No services were performed during the 15 month look back period.,48.94344,78,,,,,0,percent of total billed charges,78 percent of billed charges; No services were performed during the 15 month look back period.,48.94344,78,,,,,0,percent of total billed charges,78 percent of billed charges; No services were performed during the 15 month look back period.,48.94344,78,,,,,0,percent of total billed charges,78 percent of billed charges; No services were performed during the 15 month look back period.,48.94344,78,,,,,0,percent of total billed charges,78 percent of billed charges; No services were performed during the 15 month look back period.,48.94344,78,,,,,0,percent of total billed charges,78 percent of billed charges; No services were performed during the 15 month look back period.,48.94344,78,,,,,0,percent of total billed charges,78 percent of billed charges; No services were performed during the 15 month look back period.,45.80604,73,,,,,0,percent of total billed charges,73 percent of billed charges; No services were performed during the 15 month look back period.,45.80604,73,,,,,0,percent of total billed charges,73 percent of billed charges; No services were performed during the 15 month look back period.,45.80604,73,,,,,0,percent of total billed charges,73 percent of billed charges; No services were performed during the 15 month look back period.,45.80604,73,,,,,0,percent of total billed charges,73 percent of billed charges; No services were performed during the 15 month look back period.,50.1984,80,,,,,0,percent of total billed charges,80 percent of billed charges; No services were performed during the 15 month look back period.,50.1984,80,,,,,0,percent of total billed charges,80 percent of billed charges; No services were performed during the 15 month look back period.,18.8244,30,,,,,0,percent of total billed charges,30 percent of billed charges; No services were performed during the 15 month look back period.,28.2366,45,,,,,0,percent of total billed charges,45 percent of billed charges; No services were performed during the 15 month look back period.,,,,,,,,Fee Schedule,"100 % Zero Pay Code. ",28.2366,45,,,,,0,percent of total billed charges,45 percent of billed charges; No services were performed during the 15 month look back period.,48.94344,78,,,,,0,percent of total billed charges,78 percent of billed charges; No services were performed during the 15 month look back period.,50.1984,80,,,,,0,percent of total billed charges,80 percent of billed charges; No services were performed during the 15 month look back period.,28.2366,45,,,,,0,percent of total billed charges,45 percent of billed charges; No services were performed during the 15 month look back period.,,,,,,,,Fee Schedule,"100 % Zero Pay Code. ",18.8244,30,,,,,0,percent of total billed charges,30 percent of billed charges; No services were performed during the 15 month look back period.,,,,,,,,,,48.94344,78,,,,,0,percent of total billed charges,78 percent of billed charges; No services were performed during the 15 month look back period.,94.921212,,,,,,,Case Rate,"100 Percent of Medicaid APG. ",45.80604,73,,,,,0,percent of total billed charges,73 percent of billed charges; No services were performed during the 15 month look back period.,94.921212,,,,,,,Case Rate,"100 Percent of Medicaid APG. Not APG payable, or payable under another fee schedule like ASP/AWP pays at 30% of charges",,,,,,,,Fee Schedule,"100% ASP Fee Schedule. ",,,,,,,,Fee Schedule,"100% ASP Fee Schedule. ",31.374,50,,,,,0,percent of total billed charges,50 percent of billed charges; No services were performed during the 15 month look back period.,,,,,,,,Fee Schedule,"100% ASP Fee Schedule. ",,,,,,,,Fee Schedule,"100% ASP Fee Schedule. ",94.921212,,,,,,,Case Rate,"100 Percent of Medicaid APG. ",,,,,,,,Fee Schedule,"100% ASP Fee Schedule. ",,,,,,,,Fee Schedule,"100% ASP Fee Schedule. ",37.6488,60,,,,,0,percent of total billed charges,60 percent of billed charges; No services were performed during the 15 month look back period.,37.6488,60,,,,,0,percent of total billed charges,60 percent of billed charges; No services were performed during the 15 month look back period.,,,,,,,,Fee Schedule,"100% ASP Fee Schedule. ",18.8244,30,,,,,0,percent of total billed charges,30 percent of billed charges; No services were performed during the 15 month look back period.,,,,,,,,Fee Schedule,"100 % Zero Pay Code. ",,,,,,,,Fee Schedule,"100 % Zero Pay Code. ",,,,,,,,Fee Schedule,"100% ASP Fee Schedule. ",18.8244,30,,,,,0,percent of total billed charges,30 percent of billed charges; No services were performed during the 15 month look back period.,37.6488,60,,,,,0,percent of total billed charges,60 percent of billed charges; No services were performed during the 15 month look back period.,37.6488,60,,,,,0,percent of total billed charges,60 percent of billed charges; No services were performed during the 15 month look back period.,37.6488,60,,,,,0,percent of total billed charges,60 percent of billed charges; No services were performed during the 15 month look back period.,48.94344,78,,,,,0,percent of total billed charges,78 percent of billed charges; No services were performed during the 15 month look back period.,48.94344,78,,,,,0,percent of total billed charges,78 percent of billed charges; No services were performed during the 15 month look back period.,48.94344,78,,,,,0,percent of total billed charges,78 percent of billed charges; No services were performed during the 15 month look back period.,48.94344,78,,,,,0,percent of total billed charges,78 percent of billed charges; No services were performed during the 15 month look back period.,48.94344,78,,,,,0,percent of total billed charges,78 percent of billed charges; No services were performed during the 15 month look back period.,48.94344,78,,,,,0,percent of total billed charges,78 percent of billed charges; No services were performed during the 15 month look back period.,48.94344,78,,,,,0,percent of total billed charges,78 percent of billed charges; No services were performed during the 15 month look back period.,48.94344,78,,,,,0,percent of total billed charges,78 percent of billed charges; No services were performed during the 15 month look back period.,48.94344,78,,,,,0,percent of total billed charges,78 percent of billed charges; No services were performed during the 15 month look back period.,48.94344,78,,,,,0,percent of total billed charges,78 percent of billed charges; No services were performed during the 15 month look back period.,48.94344,78,,,,,0,percent of total billed charges,78 percent of billed charges; No services were performed during the 15 month look back period.,50.1984,80,,,,,0,percent of total billed charges,80 percent of billed charges; No services were performed during the 15 month look back period.,28.2366,45,,,,,0,percent of total billed charges,45 percent of billed charges; No services were performed during the 15 month look back period.,18.8244,30,,,,,0,percent of total billed charges,30 percent of billed charges; No services were performed during the 15 month look back period.,,,,,,,,Fee Schedule,"100% ASP Fee Schedule. ",37.6488,60,,,,,0,percent of total billed charges,60 percent of billed charges; No services were performed during the 15 month look back period.,18.8244,30,,,,,0,percent of total billed charges,30 percent of billed charges; No services were performed during the 15 month look back period.,18.8244,30,,,,,0,percent of total billed charges,30 percent of billed charges; No services were performed during the 15 month look back period.,48.94344,78,,,,,0,percent of total billed charges,78 percent of billed charges; No services were performed during the 15 month look back period.,203.131394,,,,,,,Case Rate,"214 Percent of Medicaid APG. Drugs not priced under APG, billed with revenue code 636 and not priced by Medicare ASP FeeSched will be reimbursed at 20% of charges.",18.8244,30,,,,,0,percent of total billed charges,30 percent of billed charges; No services were performed during the 15 month look back period.,94.921212,,,,,,,Case Rate,"100 Percent of Medicaid APG. ",,,,,,,,Fee Schedule,"100% ASP Fee Schedule. ",,,,,,,,Fee Schedule,"100% ASP Fee Schedule. ",,,,,,,,Fee Schedule,"100% ASP Fee Schedule. ",,,,,,,,Fee Schedule,"100% ASP Fee Schedule. ",,,,,,,,Fee Schedule,"100% ASP Fee Schedule. ",,,,,,,,Fee Schedule,"100% ASP Fee Schedule. ",18.8244,30,,,,,0,percent of total billed charges,30 percent of billed charges; No services were performed during the 15 month look back period.,31.374,50,,,,,0,percent of total billed charges,50 percent of billed charges; No services were performed during the 15 month look back period.,50.778,,,,,,,Fee Schedule,"157.5 Percent of AWP Fee Schedule. ",50.778,,,,,,,Fee Schedule,"157.5 Percent of AWP Fee Schedule. ",50.778,,,,,,,Fee Schedule,"157.5 Percent of AWP Fee Schedule. ",50.778,,,,,,,Fee Schedule,"157.5 Percent of AWP Fee Schedule. ",50.778,,,,,,,Fee Schedule,"157.5 Percent of AWP Fee Schedule. ",,,,,,,,,,31.374,50,,,,,0,percent of total billed charges,50 percent of billed charges; No services were performed during the 15 month look back period.,,,,,,,,Fee Schedule,141 Percent of of ASP. Drugs billed with revenue code 636 and not priced by Medicare ASP fee schedule will be reimburse at 20 percent of charges,,,,,,,,Fee Schedule,141 Percent of of ASP. Drugs billed with revenue code 636 and not priced by Medicare ASP fee schedule will be reimburse at 20 percent of charges,,,,,,,,Fee Schedule,141 Percent of of ASP. Drugs billed with revenue code 636 and not priced by Medicare ASP fee schedule will be reimburse at 20 percent of charges,,,,,,,,Fee Schedule,141 Percent of of ASP. Drugs billed with revenue code 636 and not priced by Medicare ASP fee schedule will be reimburse at 20 percent of charges,,,,,,,,Fee Schedule,141 Percent of of ASP. Drugs billed with revenue code 636 and not priced by Medicare ASP fee schedule will be reimburse at 20 percent of charges,,,,,,,,Fee Schedule,"100% ASP Fee Schedule. ",50.1984,80,,,,,0,percent of total billed charges,80 percent of billed charges; No services were performed during the 15 month look back period.,50.1984,80,,,,,0,percent of total billed charges,80 percent of billed charges; No services were performed during the 15 month look back period.,50.1984,80,,,,,0,percent of total billed charges,80 percent of billed charges; No services were performed during the 15 month look back period.,50.1984,80,,,,,0,percent of total billed charges,80 percent of billed charges; No services were performed during the 15 month look back period.,37.6488,60,,,,,0,percent of total billed charges,60 percent of billed charges; No services were performed during the 15 month look back period.,37.6488,60,,,,,0,percent of total billed charges,60 percent of billed charges; No services were performed during the 15 month look back period.,37.6488,60,,,,,0,percent of total billed charges,60 percent of billed charges; No services were performed during the 15 month look back period.,37.6488,60,,,,,0,percent of total billed charges,60 percent of billed charges; No services were performed during the 15 month look back period.,31.374,50,,,,,0,percent of total billed charges,50 percent of billed charges; No services were performed during the 15 month look back period.,31.374,50,,,,,0,percent of total billed charges,50 percent of billed charges; No services were performed during the 15 month look back period.,,,,,,,,Fee Schedule,"100% ASP Fee Schedule. ",,,,,,,,Fee Schedule,"100% ASP Fee Schedule. ",,,,,,,,Fee Schedule,"100% ASP Fee Schedule. ",28.2366,45,,,,,0,percent of total billed charges,45 percent of billed charges; No services were performed during the 15 month look back period.,28.2366,45,,,,,0,percent of total billed charges,45 percent of billed charges; No services were performed during the 15 month look back period.,28.2366,45,,,,,0,percent of total billed charges,45 percent of billed charges; No services were performed during the 15 month look back period.,31.374,50,,,,,0,percent of total billed charges,50 percent of billed charges; No services were performed during the 15 month look back period.,37.6488,60,,,,,0,percent of total billed charges,60 percent of billed charges; No services were performed during the 15 month look back period.,,,,,,,,Fee Schedule,"100% ASP Fee Schedule. ",28.2366,45,,,,,0,percent of total billed charges,45 percent of billed charges; No services were performed during the 15 month look back period.,94.921212,,,,,,,Case Rate,"100 Percent of Medicaid APG. ",,,,,,,,Fee Schedule,"100% of ASP Fee Schedule. ",,,,,,,,Fee Schedule,"100% of ASP Fee Schedule. ",,,,,,,,Fee Schedule,"100% of ASP Fee Schedule. ",94.921212,,,,,,,Case rate,"35 Percent of Charges. ",213.572727,,,,,,,Case Rate,225% of NYS APG. Lesser of 100% of billed charges applies.,213.572727,,,,,,,Case Rate,225% of NYS APG. Lesser of 100% of billed charges applies.,213.572727,,,,,,,Case Rate,225% of NYS APG. Lesser of 100% of billed charges applies.,213.572727,,,,,,,Case Rate,225% of NYS APG. Lesser of 100% of billed charges applies.,213.572727,,,,,,,Case Rate,225% of NYS APG. Lesser of 100% of billed charges applies.,,,,,,,,Fee Schedule,"100% of ASP Fee Schedule. ",94.921212,,,,,,,Case Rate,"100 Percent of Medicaid APG. ",6.338,,,,,,,Fee Schedule,100 Percent of ASP if not priced then 95 Percent of AWP. Lesser of 100% of billed charges applies.,213.572727,,,,,,,Case Rate,225% of NYS APG. Lesser of 100% of billed charges applies.,213.572727,,,,,,,Case Rate,225% of NYS APG. Lesser of 100% of billed charges applies.,6.338,,,,,,,Fee Schedule,100 Percent of ASP if not priced then 95 Percent of AWP. Lesser of 100% of billed charges applies.,6.338,,,,,,,Fee Schedule,100 Percent of ASP if not priced then 95 Percent of AWP. Lesser of 100% of billed charges applies.,50.778,,,,,,,Fee Schedule,"157.5 Percent of AWP Fee Schedule. ",,,,,,,,Fee Schedule,"100% ASP Fee Schedule. ",,,,,,,,Fee Schedule,"100% ASP Fee Schedule. ",37.6488,60,,,,,0,percent of total billed charges,60 percent of billed charges; No services were performed during the 15 month look back period.,,,,,,,,Fee Schedule,"100% ASP Fee Schedule. ",213.572727,,,,,,,Case Rate,"225 Percent of Medicaid APG. ",213.572727,,,,,,,Case Rate,"225 Percent of Medicaid APG. ",94.921212,,,,,,,Case rate,"35 Percent of Charges. ",94.921212,,,,,,,Case rate,"35 Percent of Charges. ",37.076,,,,,,,Fee Schedule,"115 Percent of AWP. ",37.076,,,,,,,Fee schedule,"115 Percent of AWP Fee Schedule. ",213.572727,,,,,,,Case Rate,"100 Percent of Medicaid APG. ",213.572727,,,,,,,Case Rate,"100 Percent of Medicaid APG. ",213.572727,,,,,,,Case Rate,"100 Percent of Medicaid APG. ",213.572727,,,,,,,Case Rate,"100 Percent of Medicaid APG. ",28.2366,45,,,,,0,percent of total billed charges,45 percent of billed charges; No services were performed during the 15 month look back period.,31.374,50,,,,,0,percent of total billed charges,50 percent of billed charges; No services were performed during the 15 month look back period.,113.905455,,,,,,,Case Rate,"120 Percent of Medicaid APG. Not APG payable, or payable under another fee schedule like ASP/AWP pays at 30% of charges",113.905455,,,,,,,Case Rate,"120 Percent of Medicaid APG. Not APG payable, or payable under another fee schedule like ASP/AWP pays at 30% of charges",94.921212,,,,,,,Case Rate,"100 Percent of Medicaid APG. Not APG payable, or payable under another fee schedule like ASP/AWP pays at 30% of charges",94.921212,,,,,,,Case Rate,"100 Percent of Medicaid APG. Not APG payable, or payable under another fee schedule like ASP/AWP pays at 30% of charges",28.2366,45,,,,,0,percent of total billed charges,45 percent of billed charges; No services were performed during the 15 month look back period.,28.2366,45,,,,,0,percent of total billed charges,45 percent of billed charges; No services were performed during the 15 month look back period.,,,,,,,,Fee Schedule,"100% ASP Fee Schedule. ",28.2366,45,,,,,0,percent of total billed charges,45 percent of billed charges; No services were performed during the 15 month look back period.,28.2366,45,,,,,0,percent of total billed charges,45 percent of billed charges; No services were performed during the 15 month look back period.,28.2366,45,,,,,0,percent of total billed charges,45 percent of billed charges; No services were performed during the 15 month look back period.,28.2366,45,,,,,0,percent of total billed charges,45 percent of billed charges; No services were performed during the 15 month look back period.,,,,,,,,Fee Schedule,"100% ASP Fee Schedule. ",28.2366,45,,,,,0,percent of total billed charges,45 percent of billed charges; No services were performed during the 15 month look back period.,28.2366,45,,,,,0,percent of total billed charges,45 percent of billed charges; No services were performed during the 15 month look back period.,37.6488,60,,,,,0,percent of total billed charges,60 percent of billed charges; No services were performed during the 15 month look back period.,94.921212,,,,,,,Fee Schedule,100% APG. Lesser of 100% of billed charges applies.,37.076,,,,,,,Fee schedule,"115 Percent of AWP Fee Schedule. ",213.572727,,,,,,,Case Rate,225% of NYS APG. Lesser of 100% of billed charges applies.,37.076,,,,,,,Fee Schedule,"115 Percent of AWP. ",37.076,,,,,,,Fee schedule,"115 Percent of AWP Fee Schedule. ",213.572727,,,,,,,Case Rate,225% of NYS APG. Lesser of 100% of billed charges applies.,213.572727,,,,,,,Case Rate,225% of NYS APG. Lesser of 100% of billed charges applies.,213.572727,,,,,,,Case Rate,225% of NYS APG. Lesser of 100% of billed charges applies.,213.572727,,,,,,,Case Rate,225% of NYS APG. Lesser of 100% of billed charges applies.,213.572727,,,,,,,Case Rate,225% of NYS APG. Lesser of 100% of billed charges applies.,213.572727,,,,,,,Case Rate,225% of NYS APG. Lesser of 100% of billed charges applies.,,,,,,,,,,,,,,,,,,,,,,,,,,,,18.8244,30,,,,,0,percent of total billed charges,30 percent of billed charges; No services were performed during the 15 month look back period.,,,,,,,,,,,,,,,,,Fee Schedule,"100% ASP Fee Schedule. ",6.34,,,,,,,Fee Schedule,"100 % 1199 Fee Schedule. ",,,,,,,,Fee Schedule,"100% ASP Fee Schedule. ",,,,,,,,Fee Schedule,"100% ASP Fee Schedule. ",113.905455,,,,,,,Case Rate,"120 Percent of Medicaid APG. Not APG payable, or payable under another fee schedule like ASP/AWP pays at 30% of charges",113.905455,,,,,,,Case Rate,"120 Percent of Medicaid APG. Not APG payable, or payable under another fee schedule like ASP/AWP pays at 30% of charges",94.921212,,,,,,,Case Rate,"100 Percent of Medicaid APG. Not APG payable, or payable under another fee schedule like ASP/AWP pays at 30% of charges",94.921212,,,,,,,Case Rate,"100 Percent of Medicaid APG. Not APG payable, or payable under another fee schedule like ASP/AWP pays at 30% of charges",94.921212,,,,,,,Case Rate,"100 Percent of Medicaid APG. ",45.80604,73,,,,,0,percent of total billed charges,73 percent of billed charges; No services were performed during the 15 month look back period.,37.6488,60,,,,,0,percent of total billed charges,60 percent of billed charges; No services were performed during the 15 month look back period.,45.80604,73,,,,,0,percent of total billed charges,73 percent of billed charges; No services were performed during the 15 month look back period.,18.8244,30,,,,,0,percent of total billed charges,30 percent of billed charges; No services were performed during the 15 month look back period.,,,,,,,,Fee Schedule,"100% ASP Fee Schedule. ",,,,,,,,Fee Schedule,"100% ASP Fee Schedule. ",,,,,,,,Fee Schedule,"100% ASP Fee Schedule. ",,,,,,,,Fee Schedule,"100% ASP Fee Schedule. ",,,,,,,,Fee Schedule,"100% ASP Fee Schedule. ",,,,,,,,Fee Schedule,"100% ASP Fee Schedule. ",,,,,,,,,,213.572727,,,,,,,Case Rate,225% of NYS APG. Lesser of 100% of billed charges applies.,6.338,,,,,,,Fee Schedule,100 Percent of ASP if not priced then 95 Percent of AWP. Lesser of 100% of billed charges applies.,28.2366,45,,,,,0,percent of total billed charges,45 percent of billed charges; No services were performed during the 15 month look back period.,45.80604,73,,,,,0,percent of total billed charges,73 percent of billed charges; No services were performed during the 15 month look back period.,45.80604,73,,,,,0,percent of total billed charges,73 percent of billed charges; No services were performed during the 15 month look back period.,45.80604,73,,,,,0,percent of total billed charges,73 percent of billed charges; No services were performed during the 15 month look back period.,45.80604,73,,,,,0,percent of total billed charges,73 percent of billed charges; No services were performed during the 15 month look back period.,,,,,,,,Fee Schedule,"100% ASP Fee Schedule. ",94.921212,,,,,,,Case Rate,"100 Percent of Medicaid APG. ",28.2366,45,,,,,0,percent of total billed charges,45 percent of billed charges; No services were performed during the 15 month look back period.,94.921212,,,,,,,Case Rate,"100 Percent of Medicaid APG. ",,,,,,,,Fee Schedule,"100% ASP Fee Schedule. ",94.921212,,,,,,,Case Rate,"100 Percent of Medicaid APG. ",,,,,,,,Fee Schedule,"100% ASP Fee Schedule. ",,,,,,,,Fee Schedule,"100% ASP Fee Schedule. ",94.921212,,,,,,,Case Rate,"100 Percent of Medicaid APG. ",94.921212,,,,,,,Case Rate,"100 Percent of Medicaid APG. ",45.80604,73,,,,,0,percent of total billed charges,73 percent of billed charges; No services were performed during the 15 month look back period.,18.8244,30,,,,,0,percent of total billed charges,30 percent of billed charges; No services were performed during the 15 month look back period.,48.94344,78,,,,,0,percent of total billed charges,78 percent of billed charges; No services were performed during the 15 month look back period.,,,,,,,,Fee Schedule,"100 % Zero Pay Code. ",,,,,,,,Fee Schedule,"100 % Zero Pay Code. ",37.6488,60,,,,,0,percent of total billed charges,60 percent of billed charges; No services were performed during the 15 month look back period.,,,,,,,,Fee Schedule,"100% of AWP Fee Schedule. ",50.1984,80,,,,,0,percent of total billed charges,80 percent of billed charges; No services were performed during the 15 month look back period.,50.1984,80,,,,,0,percent of total billed charges,80 percent of billed charges; No services were performed during the 15 month look back period.,22.58928,36,,,,,0,percent of total billed charges,36 percent of billed charges; No services were performed during the 15 month look back period.,22.58928,36,,,,,0,percent of total billed charges,36 percent of billed charges; No services were performed during the 15 month look back period.,,,,,,,,Fee Schedule,"100% ASP Fee Schedule. ",,,,,,,,Fee Schedule,"100% ASP Fee Schedule. ",,,,,,,,Fee Schedule,"100% ASP Fee Schedule. ",,,,,,,,Fee Schedule,"100% ASP Fee Schedule. ",,,,,,,,Fee Schedule,"100 % Zero Pay Code. ",28.2366,45,,,,,0,percent of total billed charges,45 percent of billed charges; No services were performed during the 15 month look back period.,28.2366,45,,,,,0,percent of total billed charges,45 percent of billed charges; No services were performed during the 15 month look back period.,,,,,,,,Fee Schedule,"100% ASP Fee Schedule. ",22.58928,36,,,,,0,percent of total billed charges,36 percent of billed charges; No services were performed during the 15 month look back period.,45.80604,73,,,,,0,percent of total billed charges,73 percent of billed charges; No services were performed during the 15 month look back period.,113.905455,,,,,,,Fee Schedule,"120 Percent of Medicaid APG. ",94.921212,,,,,,,Case Rate,"100 Percent of Medicaid APG. ",45.80604,73,,,,,0,percent of total billed charges,73 percent of billed charges; No services were performed during the 15 month look back period.,25.41294,40.5,,,,,0,percent of total billed charges,40.5 percent of billed charges; No services were performed during the 15 month look back period.,25.41294,40.5,,,,,0,percent of total billed charges,40.5 percent of billed charges; No services were performed during the 15 month look back period.,28.2366,45,,,,,0,percent of total billed charges,45 percent of billed charges; No services were performed during the 15 month look back period.,31.374,50,,,,,0,percent of total billed charges,50 percent of billed charges; No services were performed during the 15 month look back period.,,,,,,,,Fee Schedule,"100% ASP Fee Schedule. ",99.667273,,,,,,,Fee Schedule,105 percent of Medicaid APG. otherwise 105% of Ordered NYS MCD FS or 105% of ASP+6%,99.667273,,,,,,,Fee Schedule,105 percent of Medicaid APG. otherwise 105% of Ordered NYS MCD FS or 105% of ASP+6%,99.667273,,,,,,,Fee Schedule,105 percent of Medicaid APG. otherwise 105% of Ordered NYS MCD FS or 105% of ASP+6%,128.143636,,,,,,,Fee Schedule,135 percent of Medicaid APG. otherwise 135% of Ordered NYS MCD FS or 135% of ASP+6%,,,,,,,,Fee Schedule,"100 % Zero Pay Code. ",99.667273,,,,,,,Fee Schedule,105 percent of Medicaid APG. otherwise 105% of Ordered NYS MCD FS or 105% of ASP+6%,99.667273,,,,,,,Fee Schedule,105 percent of Medicaid APG. otherwise 105% of Ordered NYS MCD FS or 105% of ASP+6%,99.667273,,,,,,,Fee Schedule,105 percent of Medicaid APG. otherwise 105% of Ordered NYS MCD FS or 105% of ASP+6%,99.667273,,,,,,,Fee Schedule,105 percent of Medicaid APG. otherwise 105% of Ordered NYS MCD FS or 105% of ASP+6%,99.667273,,,,,,,Fee Schedule,105 percent of Medicaid APG. otherwise 105% of Ordered NYS MCD FS or 105% of ASP+6%,128.143636,,,,,,,Fee Schedule,135 percent of Medicaid APG. otherwise 135% of Ordered NYS MCD FS or 135% of ASP+6%,128.143636,,,,,,,Fee Schedule,135 percent of Medicaid APG. otherwise 135% of Ordered NYS MCD FS or 135% of ASP+6%,,,,,,,,Fee Schedule,"100% ASP Fee Schedule. ",,,,,,,,Fee Schedule,"100 % Zero Pay Code. ",,,,,,,,Fee Schedule,"100% ASP Fee Schedule. ",99.667273,,,,,,,Fee Schedule,105 percent of Medicaid APG. otherwise 105% of Ordered NYS MCD FS or 105% of ASP+6%,28.2366,45,,,,,0,percent of total billed charges,45 percent of billed charges; No services were performed during the 15 month look back period.,,,,,,,,Fee Schedule,"100% ASP Fee Schedule. ",28.2366,45,,,,,0,percent of total billed charges,45 percent of billed charges; No services were performed during the 15 month look back period.,28.2366,45,,,,,0,percent of total billed charges,45 percent of billed charges; No services were performed during the 15 month look back period.,28.2366,45,,,,,0,percent of total billed charges,45 percent of billed charges; No services were performed during the 15 month look back period.,99.667273,,,,,,,Fee Schedule,105 percent of Medicaid APG. otherwise 105% of Ordered NYS MCD FS or 105% of ASP+6%,,,,,,,,Fee Schedule,"100% ASP Fee Schedule. ",28.2366,45,,,,,0,percent of total billed charges,45 percent of billed charges; No services were performed during the 15 month look back period.,128.143636,,,,,,,Fee Schedule,135 percent of Medicaid APG. otherwise 135% of Ordered NYS MCD FS or 135% of ASP+6%,28.2366,45,,,,,0,percent of total billed charges,45 percent of billed charges; No services were performed during the 15 month look back period.,18.8244,30,,,,,0,percent of total billed charges,30% of Charges. ; No services were performed during the 15 month look back period.,,,,,,,,Fee Schedule,"100% ASP Fee Schedule. ",45.80604,73,,,,,0,percent of total billed charges,73 percent of billed charges; No services were performed during the 15 month look back period.,45.80604,73,,,,,0,percent of total billed charges,73 percent of billed charges; No services were performed during the 15 month look back period.,45.80604,73,,,,,0,percent of total billed charges,73 percent of billed charges; No services were performed during the 15 month look back period.,45.80604,73,,,,,0,percent of total billed charges,73 percent of billed charges; No services were performed during the 15 month look back period.,45.80604,73,,,,,0,percent of total billed charges,73 percent of billed charges; No services were performed during the 15 month look back period.,45.80604,73,,,,,0,percent of total billed charges,73 percent of billed charges; No services were performed during the 15 month look back period.,45.80604,73,,,,,0,percent of total billed charges,73 percent of billed charges; No services were performed during the 15 month look back period.,45.80604,73,,,,,0,percent of total billed charges,73 percent of billed charges; No services were performed during the 15 month look back period.,45.80604,73,,,,,0,percent of total billed charges,73 percent of billed charges; No services were performed during the 15 month look back period.,45.80604,73,,,,,0,percent of total billed charges,73 percent of billed charges; No services were performed during the 15 month look back period.,45.80604,73,,,,,0,percent of total billed charges,73 percent of billed charges; No services were performed during the 15 month look back period.,45.80604,73,,,,,0,percent of total billed charges,73 percent of billed charges; No services were performed during the 15 month look back period.,,,,,,,,Fee Schedule,"100% ASP Fee Schedule. ",45.80604,73,,,,,0,percent of total billed charges,73 percent of billed charges; No services were performed during the 15 month look back period.,,,,,,,,Fee Schedule,"100% ASP Fee Schedule. ",213.572727,,,,,,,Case Rate,"225 Percent of Medicaid APG. If not included in Medicaid APG, then 100 Percent of Manhattan Medicare",94.921212,,,,,,,Case Rate,"100 Percent of Medicaid APG. ",,,,,,,,Fee Schedule,"100 % Zero Pay Code. ",,,,,,,,Fee Schedule,"100 % Zero Pay Code. ",,,,,,,,Fee Schedule,"100% ASP Fee Schedule. ",50.1984,80,,,,,0,percent of total billed charges,80 percent of billed charges; No services were performed during the 15 month look back period.,,,,,,,,Fee Schedule,"100% ASP Fee Schedule. ",,,,,,,,Fee Schedule,"100% ASP Fee Schedule. ",37.6488,60,,,,,0,percent of total billed charges,60 percent of billed charges; No services were performed during the 15 month look back period.,,,,,,,,Fee Schedule,"100% ASP Fee Schedule. ",18.8244,30,,,,,0,percent of total billed charges,30 percent of billed charges; No services were performed during the 15 month look back period.,,,,,,,,Fee Schedule,"100% ASP Fee Schedule. ",18.8244,30,,,,,0,percent of total billed charges,30 percent of billed charges; No services were performed during the 15 month look back period.,37.6488,60,,,,,0,percent of total billed charges,60 percent of billed charges; No services were performed during the 15 month look back period.,18.8244,30,,,,,0,percent of total billed charges,30 percent of billed charges; No services were performed during the 15 month look back period.,,,,,,,,Fee Schedule,"100% ASP Fee Schedule. ",94.921212,,,,,,,Case Rate,"100 Percent of Medicaid APG. ",,,,,,,,Fee Schedule,"100% ASP Fee Schedule. ",18.8244,30,,,,,0,percent of total billed charges,30 percent of billed charges; No services were performed during the 15 month look back period.,,,,,,,,Fee Schedule,"100 % Zero Pay Code. ",94.921212,,,,,,,Case Rate,"100 Percent of Medicaid APG. ",28.2366,45,,,,,0,percent of total billed charges,45 percent of billed charges; No services were performed during the 15 month look back period.,113.905455,,,,,,,Fee Schedule,"120 Percent of Medicaid APG. ",113.905455,,,,,,,Fee Schedule,"120 Percent of Medicaid APG. ",28.2366,45,,,,,0,percent of total billed charges,45 percent of billed charges; No services were performed during the 15 month look back period.,28.2366,45,,,,,0,percent of total billed charges,45 percent of billed charges; No services were performed during the 15 month look back period.,28.2366,45,,,,,0,percent of total billed charges,45 percent of billed charges; No services were performed during the 15 month look back period.,,,,,,,,Fee Schedule,"100 % Zero Pay Code. ",28.2366,45,,,,,0,percent of total billed charges,45 percent of billed charges; No services were performed during the 15 month look back period.,28.2366,45,,,,,0,percent of total billed charges,45 percent of billed charges; No services were performed during the 15 month look back period.,28.2366,45,,,,,0,percent of total billed charges,45 percent of billed charges; No services were performed during the 15 month look back period.,45.80604,73,,,,,0,percent of total billed charges,73 percent of billed charges; No services were performed during the 15 month look back period.,45.80604,73,,,,,0,percent of total billed charges,73 percent of billed charges; No services were performed during the 15 month look back period.,,,,,,,,Fee Schedule,141 Percent of of ASP. Drugs billed with revenue code 636 and not priced by Medicare ASP fee schedule will be reimburse at 20 percent of charges,94.921212,,,,,,,Case Rate,"100 Percent of Medicaid APG. ",,,,,,,,Fee Schedule,"100 % Zero Pay Code. ",18.8244,30,,,,,0,percent of total billed charges,30 percent of billed charges; No services were performed during the 15 month look back period.,37.6488,60,,,,,0,percent of total billed charges,60 percent of billed charges; No services were performed during the 15 month look back period.,,,,,,,,Fee Schedule,"100 % Zero Pay Code. ",37.6488,60,,,,,0,percent of total billed charges,60 percent of billed charges; No services were performed during the 15 month look back period.,,,,,,,,Fee Schedule,"100 % Zero Pay Code. ",28.2366,45,,,,,0,percent of total billed charges,45 percent of billed charges; No services were performed during the 15 month look back period.,28.2366,45,,,,,0,percent of total billed charges,45 percent of billed charges; No services were performed during the 15 month look back period.,28.2366,45,,,,,0,percent of total billed charges,45 percent of billed charges; No services were performed during the 15 month look back period.,28.2366,45,,,,,0,percent of total billed charges,45 percent of billed charges; No services were performed during the 15 month look back period.,,,,,,,,Fee Schedule,"100% ASP Fee Schedule. ",6.338,213.572727,
J2430,HCPCS,5010003,LOCAL,636,RC,PAMIDRONATE DISODIUM /30 MG,190.250823,36.147656,Inpatient,ME,30,,,,,,,,,,,,,,,,,,,,57.075247,30,,,,,0,percent of total billed charges,30 Percent of charges; No services were performed during the 15 month look back period.,190.250823,100,,,,,0,percent of total billed charges,100 percent of charges; No services were performed during the 15 month look back period.,,,,,,,,,,57.075247,30,,,,,0,percent of total billed charges,30 Percent of charges; No services were performed during the 15 month look back period.,57.075247,30,,,,,0,percent of total billed charges,30 Percent of charges; No services were performed during the 15 month look back period.,57.075247,30,,,,,0,percent of total billed charges,30 Percent of charges; No services were performed during the 15 month look back period.,19.025082,10,,,,,0,percent of total billed charges,10 percent of charges; No services were performed during the 15 month look back period.,,,,,,,,,,138.883101,73,,,,,0,percent of total billed charges,73 percent of charges; No services were performed during the 15 month look back period.,19.025082,10,,,,,0,percent of total billed charges,10 percent of charges; No services were performed during the 15 month look back period.,,,,,,,,,,,,,,,,,,,60.880263,32,,,,,0,percent of total billed charges,32 pecent of charges; No services were performed during the 15 month look back period.,60.880263,32,,,,,0,percent of total billed charges,32 pecent of charges; No services were performed during the 15 month look back period.,60.880263,32,,,,,0,percent of total billed charges,32 pecent of charges; No services were performed during the 15 month look back period.,60.880263,32,,,,,0,percent of total billed charges,32 pecent of charges; No services were performed during the 15 month look back period.,,,,,,,,,,,,,,,,,,,,,,,,,,,,138.883101,73,,,,,0,percent of total billed charges,73 percent of charges; No services were performed during the 15 month look back period.,57.075247,30,,,,,0,percent of total billed charges,30 Percent of charges; No services were performed during the 15 month look back period.,76.100329,40,,,,,0,percent of total billed charges,40 percent of charges; No services were performed during the 15 month look back period.,55.172739,29,,,,,0,percent of total billed charges,29 percent of charges; No services were performed during the 15 month look back period.,76.100329,40,,,,,0,percent of total billed charges,40 percent of charges; No services were performed during the 15 month look back period.,76.100329,40,,,,,0,percent of total billed charges,40 percent of charges; No services were performed during the 15 month look back period.,138.883101,73,,,,,0,percent of total billed charges,73 percent of charges; No services were performed during the 15 month look back period.,,,,,,,,,,,,,,,,,,,,,,,,,,,,,,,,,,,,,55.172739,29,,,,,0,percent of total billed charges,29 percent of charges; No services were performed during the 15 month look back period.,55.172739,29,,,,,0,percent of total billed charges,29 percent of charges; No services were performed during the 15 month look back period.,55.172739,29,,,,,0,percent of total billed charges,29 percent of charges; No services were performed during the 15 month look back period.,55.172739,29,,,,,0,percent of total billed charges,29 percent of charges; No services were performed during the 15 month look back period.,55.172739,29,,,,,0,percent of total billed charges,29 percent of charges; No services were performed during the 15 month look back period.,55.172739,29,,,,,0,percent of total billed charges,29 percent of charges; No services were performed during the 15 month look back period.,55.172739,29,,,,,0,percent of total billed charges,29 percent of charges; No services were performed during the 15 month look back period.,138.883101,73,,,,,0,percent of total billed charges,73 percent of charges; No services were performed during the 15 month look back period.,24.732607,13,,,,,0,percent of total billed charges,13 percent of charges; No services were performed during the 15 month look back period.,24.732607,13,,,,,0,percent of total billed charges,13 percent of charges; No services were performed during the 15 month look back period.,138.883101,73,,,,,0,percent of total billed charges,73 percent of charges; No services were performed during the 15 month look back period.,60.880263,32,,,,,0,percent of total billed charges,32 pecent of charges; No services were performed during the 15 month look back period.,19.025082,10,,,,,0,percent of total billed charges,10 percent of charges; No services were performed during the 15 month look back period.,19.025082,10,,,,,0,percent of total billed charges,10 percent of charges; No services were performed during the 15 month look back period.,138.883101,73,,,,,0,percent of total billed charges,73 percent of charges; No services were performed during the 15 month look back period.,,,,,,,,,,19.025082,10,,,,,0,percent of total billed charges,10 percent of charges; No services were performed during the 15 month look back period.,19.025082,10,,,,,0,percent of total billed charges,10 percent of charges; No services were performed during the 15 month look back period.,19.025082,10,,,,,0,percent of total billed charges,10 percent of charges; No services were performed during the 15 month look back period.,,,,,,,,,,19.025082,10,,,,,0,percent of total billed charges,10 percent of charges; No services were performed during the 15 month look back period.,19.025082,10,,,,,0,percent of total billed charges,10 percent of charges; No services were performed during the 15 month look back period.,,,,,,,,,,45.660198,24,,,,,0,percent of total billed charges,24 percent of charges; No services were performed during the 15 month look back period.,,,,,,,,,,,,,,,,,,,,,,,,,,,,,,,,,,,,,,,,,,,,,,,,,,,,,,,,,,,,,,,,,,,,,,,,,,,,,,,,,,138.883101,73,,,,,0,percent of total billed charges,73 percent of charges; No services were performed during the 15 month look back period.,138.883101,73,,,,,0,percent of total billed charges,73 percent of charges; No services were performed during the 15 month look back period.,138.883101,73,,,,,0,percent of total billed charges,73 percent of charges; No services were performed during the 15 month look back period.,138.883101,73,,,,,0,percent of total billed charges,73 percent of charges; No services were performed during the 15 month look back period.,138.883101,73,,,,,0,percent of total billed charges,73 percent of charges; No services were performed during the 15 month look back period.,138.883101,73,,,,,0,percent of total billed charges,73 percent of charges; No services were performed during the 15 month look back period.,138.883101,73,,,,,0,percent of total billed charges,73 percent of charges; No services were performed during the 15 month look back period.,138.883101,73,,,,,0,percent of total billed charges,73 percent of charges; No services were performed during the 15 month look back period.,138.883101,73,,,,,0,percent of total billed charges,73 percent of charges; No services were performed during the 15 month look back period.,138.883101,73,,,,,0,percent of total billed charges,73 percent of charges; No services were performed during the 15 month look back period.,138.883101,73,,,,,0,percent of total billed charges,73 percent of charges; No services were performed during the 15 month look back period.,138.883101,73,,,,,0,percent of total billed charges,73 percent of charges; No services were performed during the 15 month look back period.,138.883101,73,,,,,0,percent of total billed charges,73 percent of charges; No services were performed during the 15 month look back period.,138.883101,73,,,,,0,percent of total billed charges,73 percent of charges; No services were performed during the 15 month look back period.,138.883101,73,,,,,0,percent of total billed charges,73 percent of charges; No services were performed during the 15 month look back period.,138.883101,73,,,,,0,percent of total billed charges,73 percent of charges; No services were performed during the 15 month look back period.,138.883101,73,,,,,0,percent of total billed charges,73 percent of charges; No services were performed during the 15 month look back period.,138.883101,73,,,,,0,percent of total billed charges,73 percent of charges; No services were performed during the 15 month look back period.,138.883101,73,,,,,0,percent of total billed charges,73 percent of charges; No services were performed during the 15 month look back period.,138.883101,73,,,,,0,percent of total billed charges,73 percent of charges; No services were performed during the 15 month look back period.,138.883101,73,,,,,0,percent of total billed charges,73 percent of charges; No services were performed during the 15 month look back period.,138.883101,73,,,,,0,percent of total billed charges,73 percent of charges; No services were performed during the 15 month look back period.,138.883101,73,,,,,0,percent of total billed charges,73 percent of charges; No services were performed during the 15 month look back period.,138.883101,73,,,,,0,percent of total billed charges,73 percent of charges; No services were performed during the 15 month look back period.,138.883101,73,,,,,0,percent of total billed charges,73 percent of charges; No services were performed during the 15 month look back period.,138.883101,73,,,,,0,percent of total billed charges,73 percent of charges; No services were performed during the 15 month look back period.,55.172739,29,,,,,0,percent of total billed charges,29 percent of charges; No services were performed during the 15 month look back period.,55.172739,29,,,,,0,percent of total billed charges,29 percent of charges; No services were performed during the 15 month look back period.,55.172739,29,,,,,0,percent of total billed charges,29 percent of charges; No services were performed during the 15 month look back period.,55.172739,29,,,,,0,percent of total billed charges,29 percent of charges; No services were performed during the 15 month look back period.,76.100329,40,,,,,0,percent of total billed charges,40 percent of charges; No services were performed during the 15 month look back period.,76.100329,40,,,,,0,percent of total billed charges,40 percent of charges; No services were performed during the 15 month look back period.,60.880263,32,,,,,0,percent of total billed charges,32 pecent of charges; No services were performed during the 15 month look back period.,,,,,,,,,,19.025082,10,,,,,0,percent of total billed charges,10 percent of charges; No services were performed during the 15 month look back period.,,,,,,,,,,138.883101,73,,,,,0,percent of total billed charges,73 percent of charges; No services were performed during the 15 month look back period.,76.100329,40,,,,,0,percent of total billed charges,40 percent of charges; No services were performed during the 15 month look back period.,,,,,,,,,,19.025082,10,,,,,0,percent of total billed charges,10 percent of charges; No services were performed during the 15 month look back period.,60.880263,32,,,,,0,percent of total billed charges,32 pecent of charges; No services were performed during the 15 month look back period.,,,,,,,,,,138.883101,73,,,,,0,percent of total billed charges,73 percent of charges; No services were performed during the 15 month look back period.,,,,,,,,,,55.172739,29,,,,,0,percent of total billed charges,29 percent of charges; No services were performed during the 15 month look back period.,55.172739,29,,,,,0,percent of total billed charges,29 percent of charges; No services were performed during the 15 month look back period.,55.172739,29,,,,,0,percent of total billed charges,29 percent of charges; No services were performed during the 15 month look back period.,,,,,,,,,,45.660198,24,,,,,0,percent of total billed charges,24 percent of charges; No services were performed during the 15 month look back period.,,,,,,,,,,,,,,,,,,,,,,,,,,,,,,,,,,,,,,,,,,,,,,57.075247,30,,,,,0,percent of total billed charges,30 Percent of charges; No services were performed during the 15 month look back period.,57.075247,30,,,,,0,percent of total billed charges,30 Percent of charges; No services were performed during the 15 month look back period.,,,,,,,,,,60.880263,32,,,,,0,percent of total billed charges,32 pecent of charges; No services were performed during the 15 month look back period.,19.025082,10,,,,,0,percent of total billed charges,10 percent of charges; No services were performed during the 15 month look back period.,19.025082,10,,,,,0,percent of total billed charges,10 percent of charges; No services were performed during the 15 month look back period.,,,,,,,,,,60.880263,32,,,,,0,percent of total billed charges,32 pecent of charges; No services were performed during the 15 month look back period.,57.075247,30,,,,,0,percent of total billed charges,30 Percent of charges; No services were performed during the 15 month look back period.,57.075247,30,,,,,0,percent of total billed charges,30 Percent of charges; No services were performed during the 15 month look back period.,57.075247,30,,,,,0,percent of total billed charges,30 Percent of charges; No services were performed during the 15 month look back period.,138.883101,73,,,,,0,percent of total billed charges,73 percent of charges; No services were performed during the 15 month look back period.,138.883101,73,,,,,0,percent of total billed charges,73 percent of charges; No services were performed during the 15 month look back period.,138.883101,73,,,,,0,percent of total billed charges,73 percent of charges; No services were performed during the 15 month look back period.,138.883101,73,,,,,0,percent of total billed charges,73 percent of charges; No services were performed during the 15 month look back period.,138.883101,73,,,,,0,percent of total billed charges,73 percent of charges; No services were performed during the 15 month look back period.,138.883101,73,,,,,0,percent of total billed charges,73 percent of charges; No services were performed during the 15 month look back period.,138.883101,73,,,,,0,percent of total billed charges,73 percent of charges; No services were performed during the 15 month look back period.,138.883101,73,,,,,0,percent of total billed charges,73 percent of charges; No services were performed during the 15 month look back period.,138.883101,73,,,,,0,percent of total billed charges,73 percent of charges; No services were performed during the 15 month look back period.,138.883101,73,,,,,0,percent of total billed charges,73 percent of charges; No services were performed during the 15 month look back period.,138.883101,73,,,,,0,percent of total billed charges,73 percent of charges; No services were performed during the 15 month look back period.,76.100329,40,,,,,0,percent of total billed charges,40 percent of charges; No services were performed during the 15 month look back period.,,,,,,,,,,60.880263,32,,,,,0,percent of total billed charges,32 pecent of charges; No services were performed during the 15 month look back period.,,,,,,,,,,57.075247,30,,,,,0,percent of total billed charges,30 Percent of charges; No services were performed during the 15 month look back period.,60.880263,32,,,,,0,percent of total billed charges,32 pecent of charges; No services were performed during the 15 month look back period.,60.880263,32,,,,,0,percent of total billed charges,32 pecent of charges; No services were performed during the 15 month look back period.,138.883101,73,,,,,0,percent of total billed charges,73 percent of charges; No services were performed during the 15 month look back period.,38.050165,20,,,,,0,percent of total billed charges,20 percent of charges; No services were performed during the 15 month look back period.,60.880263,32,,,,,0,percent of total billed charges,32 pecent of charges; No services were performed during the 15 month look back period.,,,,,,,,,,,,,,,,,,,,,,,,,,,,,,,,,,,,,,,,,,,,,,,,,,,,,,,,,,,,,,,,60.880263,32,,,,,0,percent of total billed charges,32 pecent of charges; No services were performed during the 15 month look back period.,45.660198,24,,,,,0,percent of total billed charges,24 percent of charges; No services were performed during the 15 month look back period.,,,,,,,,,,,,,,,,,,,,,,,,,,,,,,,,,,,,,,,,,,,,,,,,,,,,,,,45.660198,24,,,,,0,percent of total billed charges,24 percent of charges; No services were performed during the 15 month look back period.,58.977755,31,,,,,0,percent of total billed charges,31 percent of charges; No services were performed during the 15 month look back period.,58.977755,31,,,,,0,percent of total billed charges,31 percent of charges; No services were performed during the 15 month look back period.,58.977755,31,,,,,0,percent of total billed charges,31 percent of charges; No services were performed during the 15 month look back period.,58.977755,31,,,,,0,percent of total billed charges,31 percent of charges; No services were performed during the 15 month look back period.,58.977755,31,,,,,0,percent of total billed charges,31 percent of charges; No services were performed during the 15 month look back period.,,,,,,,,,,76.100329,40,,,,,0,percent of total billed charges,40 percent of charges; No services were performed during the 15 month look back period.,76.100329,40,,,,,0,percent of total billed charges,40 percent of charges; No services were performed during the 15 month look back period.,76.100329,40,,,,,0,percent of total billed charges,40 percent of charges; No services were performed during the 15 month look back period.,76.100329,40,,,,,0,percent of total billed charges,40 percent of charges; No services were performed during the 15 month look back period.,57.075247,30,,,,,0,percent of total billed charges,30 Percent of charges; No services were performed during the 15 month look back period.,57.075247,30,,,,,0,percent of total billed charges,30 Percent of charges; No services were performed during the 15 month look back period.,57.075247,30,,,,,0,percent of total billed charges,30 Percent of charges; No services were performed during the 15 month look back period.,57.075247,30,,,,,0,percent of total billed charges,30 Percent of charges; No services were performed during the 15 month look back period.,45.660198,24,,,,,0,percent of total billed charges,24 percent of charges; No services were performed during the 15 month look back period.,45.660198,24,,,,,0,percent of total billed charges,24 percent of charges; No services were performed during the 15 month look back period.,,,,,,,,,,,,,,,,,,,,,,,,,,,,,,,,,,,,,,,,,,,,,,,,,,,,,,,45.660198,24,,,,,0,percent of total billed charges,24 percent of charges; No services were performed during the 15 month look back period.,57.075247,30,,,,,0,percent of total billed charges,30 Percent of charges; No services were performed during the 15 month look back period.,,,,,,,,,,,,,,,,,,,,,,,,,,,,,,,,,,,,,,,,,,,,,,,,,,,,,,,,,,,,,,,,,,,,,,,,,,,,,,,,,,,,,,,,,,,,,,,,,,,,,,,,,,,,,,,,,,,,,,,,,,,,,,,,,,,,,,,,,,,,,,,,,,,,,,,,,,,,,,,,,,,,,,,,,,,,,,,,,,,,,,,,,,,,,,,,,,,,,,,57.075247,30,,,,,0,percent of total billed charges,30 Percent of charges; No services were performed during the 15 month look back period.,,,,,,,,,,,,,,,,,,,,,,,,,,,,,,,,,,,,,,,,,,,,,,,,,,,,,,,,,,,,,,,,19.025082,10,,,,,0,percent of total billed charges,10 percent of charges; No services were performed during the 15 month look back period.,19.025082,10,,,,,0,percent of total billed charges,10 percent of charges; No services were performed during the 15 month look back period.,19.025082,10,,,,,0,percent of total billed charges,10 percent of charges; No services were performed during the 15 month look back period.,19.025082,10,,,,,0,percent of total billed charges,10 percent of charges; No services were performed during the 15 month look back period.,,,,,,,,,,45.660198,24,,,,,0,percent of total billed charges,24 percent of charges; No services were performed during the 15 month look back period.,55.172739,29,,,,,0,percent of total billed charges,29 percent of charges; No services were performed during the 15 month look back period.,55.172739,29,,,,,0,percent of total billed charges,29 percent of charges; No services were performed during the 15 month look back period.,55.172739,29,,,,,0,percent of total billed charges,29 percent of charges; No services were performed during the 15 month look back period.,55.172739,29,,,,,0,percent of total billed charges,29 percent of charges; No services were performed during the 15 month look back period.,,,,,,,,,,,,,,,,,,,,,,,,,,,,,,,,,,,,,,,,,,,,,,,,,,,,,,,,,,,,,,,,,,,,,,,,,,,,,,,,,,,,,,,,,,,57.075247,30,,,,,0,percent of total billed charges,30 Percent of charges; No services were performed during the 15 month look back period.,,,,,,,,,,,,,,,,,,,,,,,,,,,,,,,,,,,,,,,,,,,,,,,,,,,,,,,,,,,,,,,,,,,,,,,,,,,,,,,,,,,,,,,,,,,,,,,,,,,,,,,,,,,,,,,,,,,,,,,,,,,,,,,60.880263,32,,,,,0,percent of total billed charges,32 pecent of charges; No services were performed during the 15 month look back period.,,,,,,,,,,,,,,,,,,,,,,,,,,,,,,,,,,,,,,,,,,,,,,55.172739,29,,,,,0,percent of total billed charges,29 percent of charges; No services were performed during the 15 month look back period.,55.172739,29,,,,,0,percent of total billed charges,29 percent of charges; No services were performed during the 15 month look back period.,55.172739,29,,,,,0,percent of total billed charges,29 percent of charges; No services were performed during the 15 month look back period.,55.172739,29,,,,,0,percent of total billed charges,29 percent of charges; No services were performed during the 15 month look back period.,,,,,,,,,,55.172739,29,,,,,0,percent of total billed charges,29 percent of charges; No services were performed during the 15 month look back period.,57.075247,30,,,,,0,percent of total billed charges,30 Percent of charges; No services were performed during the 15 month look back period.,55.172739,29,,,,,0,percent of total billed charges,29 percent of charges; No services were performed during the 15 month look back period.,60.880263,32,,,,,0,percent of total billed charges,32 pecent of charges; No services were performed during the 15 month look back period.,55.172739,29,,,,,0,percent of total billed charges,29 percent of charges; No services were performed during the 15 month look back period.,,,,,,,,,,,,,,,,,,,,,,,,,,,,55.172739,29,,,,,0,percent of total billed charges,29 percent of charges; No services were performed during the 15 month look back period.,,,,,,,,,,,,,,,,,,,,,,,,,,,,,,,,,,,,,,,,,,,,,,55.172739,29,,,,,0,percent of total billed charges,29 percent of charges; No services were performed during the 15 month look back period.,55.172739,29,,,,,0,percent of total billed charges,29 percent of charges; No services were performed during the 15 month look back period.,55.172739,29,,,,,0,percent of total billed charges,29 percent of charges; No services were performed during the 15 month look back period.,55.172739,29,,,,,0,percent of total billed charges,29 percent of charges; No services were performed during the 15 month look back period.,,,,,,,,,,,,,,,,,,,,,,,,,,,,,,,,,,,,,,,,,,,,,,,,,,,,,,,,,,,,,,,,,,,,,,,,,,,,,,,,,,,,,,,,,,,55.172739,29,,,,,0,percent of total billed charges,29 percent of charges; No services were performed during the 15 month look back period.,60.880263,32,,,,,0,percent of total billed charges,32 pecent of charges; No services were performed during the 15 month look back period.,138.883101,73,,,,,0,percent of total billed charges,73 percent of charges; No services were performed during the 15 month look back period.,19.025082,10,,,,,0,percent of total billed charges,10 percent of charges; No services were performed during the 15 month look back period.,19.025082,10,,,,,0,percent of total billed charges,10 percent of charges; No services were performed during the 15 month look back period.,57.075247,30,,,,,0,percent of total billed charges,30 Percent of charges; No services were performed during the 15 month look back period.,,,,,,,,,,76.100329,40,,,,,0,percent of total billed charges,40 percent of charges; No services were performed during the 15 month look back period.,76.100329,40,,,,,0,percent of total billed charges,40 percent of charges; No services were performed during the 15 month look back period.,,,,,,,,,,,,,,,,,,,,,,,,,,,,,,,,,,,,,,,,,,,,,,,,,,,,,,,19.025082,10,,,,,0,percent of total billed charges,10 percent of charges; No services were performed during the 15 month look back period.,,,,,,,,,,,,,,,,,,,,,,,,,,,,,,,,,,,,,55.172739,29,,,,,0,percent of total billed charges,29 percent of charges; No services were performed during the 15 month look back period.,,,,,,,,,,,,,,,,,,,55.172739,29,,,,,0,percent of total billed charges,29 percent of charges; No services were performed during the 15 month look back period.,,,,,,,,,,,,,,,,,,,,,,,,,,,,45.660198,24,,,,,0,percent of total billed charges,24 percent of charges; No services were performed during the 15 month look back period.,55.172739,29,,,,,0,percent of total billed charges,29 percent of charges; No services were performed during the 15 month look back period.,,,,,,,,,,,,,,,,,,,,,,,,,,,,,,,,,,,,,19.025082,10,,,,,0,percent of total billed charges,10 percent of charges; No services were performed during the 15 month look back period.,,,,,,,,,,,,,,,,,,,,,,,,,,,,,,,,,,,,,,,,,,,,,,,,,,,,,,,,,,,,,,,,,,,,,,,,,19.025082,10,,,,,0,percent of total billed charges,10 percent of charges; No services were performed during the 15 month look back period.,,,,,,,,,,,,,,,,,,,,,,,,,,,,,,,,,,,,,,,,,,,,,,,,,,,,,,,,,,,,,,,,,,,,,,,,,,,,,,,,,,,,,,,,,,,,,,,,,,,,,,,,,,,,,,,,,,,,,,55.172739,29,,,,,0,percent of total billed charges,29 percent of charges; No services were performed during the 15 month look back period.,55.172739,29,,,,,0,percent of total billed charges,29 percent of charges; No services were performed during the 15 month look back period.,55.172739,29,,,,,0,percent of total billed charges,29 percent of charges; No services were performed during the 15 month look back period.,55.172739,29,,,,,0,percent of total billed charges,29 percent of charges; No services were performed during the 15 month look back period.,55.172739,29,,,,,0,percent of total billed charges,29 percent of charges; No services were performed during the 15 month look back period.,55.172739,29,,,,,0,percent of total billed charges,29 percent of charges; No services were performed during the 15 month look back period.,55.172739,29,,,,,0,percent of total billed charges,29 percent of charges; No services were performed during the 15 month look back period.,55.172739,29,,,,,0,percent of total billed charges,29 percent of charges; No services were performed during the 15 month look back period.,55.172739,29,,,,,0,percent of total billed charges,29 percent of charges; No services were performed during the 15 month look back period.,55.172739,29,,,,,0,percent of total billed charges,29 percent of charges; No services were performed during the 15 month look back period.,55.172739,29,,,,,0,percent of total billed charges,29 percent of charges; No services were performed during the 15 month look back period.,55.172739,29,,,,,0,percent of total billed charges,29 percent of charges; No services were performed during the 15 month look back period.,55.172739,29,,,,,0,percent of total billed charges,29 percent of charges; No services were performed during the 15 month look back period.,,,,,,,,,,55.172739,29,,,,,0,percent of total billed charges,29 percent of charges; No services were performed during the 15 month look back period.,,,,,,,,,,36.147656,19,,,,,0,percent of total billed charges,19 percent of charges; No services were performed during the 15 month look back period.,24.732607,13,,,,,0,percent of total billed charges,13 percent of charges; No services were performed during the 15 month look back period.,19.025082,10,,,,,0,percent of total billed charges,10 percent of charges; No services were performed during the 15 month look back period.,19.025082,10,,,,,0,percent of total billed charges,10 percent of charges; No services were performed during the 15 month look back period.,,,,,,,,,,76.100329,40,,,,,0,percent of total billed charges,40 percent of charges; No services were performed during the 15 month look back period.,,,,,,,,,,,,,,,,,,,57.075247,30,,,,,0,percent of total billed charges,30 Percent of charges; No services were performed during the 15 month look back period.,,,,,,,,,,60.880263,32,,,,,0,percent of total billed charges,32 pecent of charges; No services were performed during the 15 month look back period.,,,,,,,,,,60.880263,32,,,,,0,percent of total billed charges,32 pecent of charges; No services were performed during the 15 month look back period.,57.075247,30,,,,,0,percent of total billed charges,30 Percent of charges; No services were performed during the 15 month look back period.,60.880263,32,,,,,0,percent of total billed charges,32 pecent of charges; No services were performed during the 15 month look back period.,,,,,,,,,,,,,,,,,,,,,,,,,,,,60.880263,32,,,,,0,percent of total billed charges,32 pecent of charges; No services were performed during the 15 month look back period.,19.025082,10,,,,,0,percent of total billed charges,10 percent of charges; No services were performed during the 15 month look back period.,,,,,,,,,,,,,,,,,,,,,,,,,,,,,,,,,,,,,,,,,,,,,,,,,,,,,,,,,,,,,,,,19.025082,10,,,,,0,percent of total billed charges,10 percent of charges; No services were performed during the 15 month look back period.,,,,,,,,,,,,,,,,,,,,,,,,,,,,55.172739,29,,,,,0,percent of total billed charges,29 percent of charges; No services were performed during the 15 month look back period.,55.172739,29,,,,,0,percent of total billed charges,29 percent of charges; No services were performed during the 15 month look back period.,58.977755,31,,,,,0,percent of total billed charges,31 percent of charges; No services were performed during the 15 month look back period.,,,,,,,,,,19.025082,10,,,,,0,percent of total billed charges,10 percent of charges; No services were performed during the 15 month look back period.,60.880263,32,,,,,0,percent of total billed charges,32 pecent of charges; No services were performed during the 15 month look back period.,57.075247,30,,,,,0,percent of total billed charges,30 Percent of charges; No services were performed during the 15 month look back period.,19.025082,10,,,,,0,percent of total billed charges,10 percent of charges; No services were performed during the 15 month look back period.,57.075247,30,,,,,0,percent of total billed charges,30 Percent of charges; No services were performed during the 15 month look back period.,19.025082,10,,,,,0,percent of total billed charges,10 percent of charges; No services were performed during the 15 month look back period.,,,,,,,,,,,,,,,,,,,,,,,,,,,,,,,,,,,,,,,,,,,,,,0.951254,213.572727,
J2786,HCPCS,5010003,LOCAL,636,RC,"INJECTION, RESLIZUMAB, 1MG",156.02328,29.644423,Inpatient,ME,1,,,,,,,,,,,,,,,,,,,,46.806984,30,,,,,0,percent of total billed charges,30 Percent of charges; No services were performed during the 15 month look back period.,156.02328,100,,,,,0,percent of total billed charges,100 percent of charges; No services were performed during the 15 month look back period.,,,,,,,,,,46.806984,30,,,,,0,percent of total billed charges,30 Percent of charges; No services were performed during the 15 month look back period.,46.806984,30,,,,,0,percent of total billed charges,30 Percent of charges; No services were performed during the 15 month look back period.,46.806984,30,,,,,0,percent of total billed charges,30 Percent of charges; No services were performed during the 15 month look back period.,15.602328,10,,,,,0,percent of total billed charges,10 percent of charges; No services were performed during the 15 month look back period.,,,,,,,,,,113.896994,73,,,,,0,percent of total billed charges,73 percent of charges; No services were performed during the 15 month look back period.,15.602328,10,,,,,0,percent of total billed charges,10 percent of charges; No services were performed during the 15 month look back period.,,,,,,,,,,,,,,,,,,,49.92745,32,,,,,0,percent of total billed charges,32 pecent of charges; No services were performed during the 15 month look back period.,49.92745,32,,,,,0,percent of total billed charges,32 pecent of charges; No services were performed during the 15 month look back period.,49.92745,32,,,,,0,percent of total billed charges,32 pecent of charges; No services were performed during the 15 month look back period.,49.92745,32,,,,,0,percent of total billed charges,32 pecent of charges; No services were performed during the 15 month look back period.,,,,,,,,,,,,,,,,,,,,,,,,,,,,113.896994,73,,,,,0,percent of total billed charges,73 percent of charges; No services were performed during the 15 month look back period.,46.806984,30,,,,,0,percent of total billed charges,30 Percent of charges; No services were performed during the 15 month look back period.,62.409312,40,,,,,0,percent of total billed charges,40 percent of charges; No services were performed during the 15 month look back period.,45.246751,29,,,,,0,percent of total billed charges,29 percent of charges; No services were performed during the 15 month look back period.,62.409312,40,,,,,0,percent of total billed charges,40 percent of charges; No services were performed during the 15 month look back period.,62.409312,40,,,,,0,percent of total billed charges,40 percent of charges; No services were performed during the 15 month look back period.,113.896994,73,,,,,0,percent of total billed charges,73 percent of charges; No services were performed during the 15 month look back period.,,,,,,,,,,,,,,,,,,,,,,,,,,,,,,,,,,,,,45.246751,29,,,,,0,percent of total billed charges,29 percent of charges; No services were performed during the 15 month look back period.,45.246751,29,,,,,0,percent of total billed charges,29 percent of charges; No services were performed during the 15 month look back period.,45.246751,29,,,,,0,percent of total billed charges,29 percent of charges; No services were performed during the 15 month look back period.,45.246751,29,,,,,0,percent of total billed charges,29 percent of charges; No services were performed during the 15 month look back period.,45.246751,29,,,,,0,percent of total billed charges,29 percent of charges; No services were performed during the 15 month look back period.,45.246751,29,,,,,0,percent of total billed charges,29 percent of charges; No services were performed during the 15 month look back period.,45.246751,29,,,,,0,percent of total billed charges,29 percent of charges; No services were performed during the 15 month look back period.,113.896994,73,,,,,0,percent of total billed charges,73 percent of charges; No services were performed during the 15 month look back period.,20.283026,13,,,,,0,percent of total billed charges,13 percent of charges; No services were performed during the 15 month look back period.,20.283026,13,,,,,0,percent of total billed charges,13 percent of charges; No services were performed during the 15 month look back period.,113.896994,73,,,,,0,percent of total billed charges,73 percent of charges; No services were performed during the 15 month look back period.,49.92745,32,,,,,0,percent of total billed charges,32 pecent of charges; No services were performed during the 15 month look back period.,15.602328,10,,,,,0,percent of total billed charges,10 percent of charges; No services were performed during the 15 month look back period.,15.602328,10,,,,,0,percent of total billed charges,10 percent of charges; No services were performed during the 15 month look back period.,113.896994,73,,,,,0,percent of total billed charges,73 percent of charges; No services were performed during the 15 month look back period.,,,,,,,,,,15.602328,10,,,,,0,percent of total billed charges,10 percent of charges; No services were performed during the 15 month look back period.,15.602328,10,,,,,0,percent of total billed charges,10 percent of charges; No services were performed during the 15 month look back period.,15.602328,10,,,,,0,percent of total billed charges,10 percent of charges; No services were performed during the 15 month look back period.,,,,,,,,,,15.602328,10,,,,,0,percent of total billed charges,10 percent of charges; No services were performed during the 15 month look back period.,15.602328,10,,,,,0,percent of total billed charges,10 percent of charges; No services were performed during the 15 month look back period.,,,,,,,,,,37.445587,24,,,,,0,percent of total billed charges,24 percent of charges; No services were performed during the 15 month look back period.,,,,,,,,,,,,,,,,,,,,,,,,,,,,,,,,,,,,,,,,,,,,,,,,,,,,,,,,,,,,,,,,,,,,,,,,,,,,,,,,,,113.896994,73,,,,,0,percent of total billed charges,73 percent of charges; No services were performed during the 15 month look back period.,113.896994,73,,,,,0,percent of total billed charges,73 percent of charges; No services were performed during the 15 month look back period.,113.896994,73,,,,,0,percent of total billed charges,73 percent of charges; No services were performed during the 15 month look back period.,113.896994,73,,,,,0,percent of total billed charges,73 percent of charges; No services were performed during the 15 month look back period.,113.896994,73,,,,,0,percent of total billed charges,73 percent of charges; No services were performed during the 15 month look back period.,113.896994,73,,,,,0,percent of total billed charges,73 percent of charges; No services were performed during the 15 month look back period.,113.896994,73,,,,,0,percent of total billed charges,73 percent of charges; No services were performed during the 15 month look back period.,113.896994,73,,,,,0,percent of total billed charges,73 percent of charges; No services were performed during the 15 month look back period.,113.896994,73,,,,,0,percent of total billed charges,73 percent of charges; No services were performed during the 15 month look back period.,113.896994,73,,,,,0,percent of total billed charges,73 percent of charges; No services were performed during the 15 month look back period.,113.896994,73,,,,,0,percent of total billed charges,73 percent of charges; No services were performed during the 15 month look back period.,113.896994,73,,,,,0,percent of total billed charges,73 percent of charges; No services were performed during the 15 month look back period.,113.896994,73,,,,,0,percent of total billed charges,73 percent of charges; No services were performed during the 15 month look back period.,113.896994,73,,,,,0,percent of total billed charges,73 percent of charges; No services were performed during the 15 month look back period.,113.896994,73,,,,,0,percent of total billed charges,73 percent of charges; No services were performed during the 15 month look back period.,113.896994,73,,,,,0,percent of total billed charges,73 percent of charges; No services were performed during the 15 month look back period.,113.896994,73,,,,,0,percent of total billed charges,73 percent of charges; No services were performed during the 15 month look back period.,113.896994,73,,,,,0,percent of total billed charges,73 percent of charges; No services were performed during the 15 month look back period.,113.896994,73,,,,,0,percent of total billed charges,73 percent of charges; No services were performed during the 15 month look back period.,113.896994,73,,,,,0,percent of total billed charges,73 percent of charges; No services were performed during the 15 month look back period.,113.896994,73,,,,,0,percent of total billed charges,73 percent of charges; No services were performed during the 15 month look back period.,113.896994,73,,,,,0,percent of total billed charges,73 percent of charges; No services were performed during the 15 month look back period.,113.896994,73,,,,,0,percent of total billed charges,73 percent of charges; No services were performed during the 15 month look back period.,113.896994,73,,,,,0,percent of total billed charges,73 percent of charges; No services were performed during the 15 month look back period.,113.896994,73,,,,,0,percent of total billed charges,73 percent of charges; No services were performed during the 15 month look back period.,113.896994,73,,,,,0,percent of total billed charges,73 percent of charges; No services were performed during the 15 month look back period.,45.246751,29,,,,,0,percent of total billed charges,29 percent of charges; No services were performed during the 15 month look back period.,45.246751,29,,,,,0,percent of total billed charges,29 percent of charges; No services were performed during the 15 month look back period.,45.246751,29,,,,,0,percent of total billed charges,29 percent of charges; No services were performed during the 15 month look back period.,45.246751,29,,,,,0,percent of total billed charges,29 percent of charges; No services were performed during the 15 month look back period.,62.409312,40,,,,,0,percent of total billed charges,40 percent of charges; No services were performed during the 15 month look back period.,62.409312,40,,,,,0,percent of total billed charges,40 percent of charges; No services were performed during the 15 month look back period.,49.92745,32,,,,,0,percent of total billed charges,32 pecent of charges; No services were performed during the 15 month look back period.,,,,,,,,,,15.602328,10,,,,,0,percent of total billed charges,10 percent of charges; No services were performed during the 15 month look back period.,,,,,,,,,,113.896994,73,,,,,0,percent of total billed charges,73 percent of charges; No services were performed during the 15 month look back period.,62.409312,40,,,,,0,percent of total billed charges,40 percent of charges; No services were performed during the 15 month look back period.,,,,,,,,,,15.602328,10,,,,,0,percent of total billed charges,10 percent of charges; No services were performed during the 15 month look back period.,49.92745,32,,,,,0,percent of total billed charges,32 pecent of charges; No services were performed during the 15 month look back period.,,,,,,,,,,113.896994,73,,,,,0,percent of total billed charges,73 percent of charges; No services were performed during the 15 month look back period.,,,,,,,,,,45.246751,29,,,,,0,percent of total billed charges,29 percent of charges; No services were performed during the 15 month look back period.,45.246751,29,,,,,0,percent of total billed charges,29 percent of charges; No services were performed during the 15 month look back period.,45.246751,29,,,,,0,percent of total billed charges,29 percent of charges; No services were performed during the 15 month look back period.,,,,,,,,,,37.445587,24,,,,,0,percent of total billed charges,24 percent of charges; No services were performed during the 15 month look back period.,,,,,,,,,,,,,,,,,,,,,,,,,,,,,,,,,,,,,,,,,,,,,,46.806984,30,,,,,0,percent of total billed charges,30 Percent of charges; No services were performed during the 15 month look back period.,46.806984,30,,,,,0,percent of total billed charges,30 Percent of charges; No services were performed during the 15 month look back period.,,,,,,,,,,49.92745,32,,,,,0,percent of total billed charges,32 pecent of charges; No services were performed during the 15 month look back period.,15.602328,10,,,,,0,percent of total billed charges,10 percent of charges; No services were performed during the 15 month look back period.,15.602328,10,,,,,0,percent of total billed charges,10 percent of charges; No services were performed during the 15 month look back period.,,,,,,,,,,49.92745,32,,,,,0,percent of total billed charges,32 pecent of charges; No services were performed during the 15 month look back period.,46.806984,30,,,,,0,percent of total billed charges,30 Percent of charges; No services were performed during the 15 month look back period.,46.806984,30,,,,,0,percent of total billed charges,30 Percent of charges; No services were performed during the 15 month look back period.,46.806984,30,,,,,0,percent of total billed charges,30 Percent of charges; No services were performed during the 15 month look back period.,113.896994,73,,,,,0,percent of total billed charges,73 percent of charges; No services were performed during the 15 month look back period.,113.896994,73,,,,,0,percent of total billed charges,73 percent of charges; No services were performed during the 15 month look back period.,113.896994,73,,,,,0,percent of total billed charges,73 percent of charges; No services were performed during the 15 month look back period.,113.896994,73,,,,,0,percent of total billed charges,73 percent of charges; No services were performed during the 15 month look back period.,113.896994,73,,,,,0,percent of total billed charges,73 percent of charges; No services were performed during the 15 month look back period.,113.896994,73,,,,,0,percent of total billed charges,73 percent of charges; No services were performed during the 15 month look back period.,113.896994,73,,,,,0,percent of total billed charges,73 percent of charges; No services were performed during the 15 month look back period.,113.896994,73,,,,,0,percent of total billed charges,73 percent of charges; No services were performed during the 15 month look back period.,113.896994,73,,,,,0,percent of total billed charges,73 percent of charges; No services were performed during the 15 month look back period.,113.896994,73,,,,,0,percent of total billed charges,73 percent of charges; No services were performed during the 15 month look back period.,113.896994,73,,,,,0,percent of total billed charges,73 percent of charges; No services were performed during the 15 month look back period.,62.409312,40,,,,,0,percent of total billed charges,40 percent of charges; No services were performed during the 15 month look back period.,,,,,,,,,,49.92745,32,,,,,0,percent of total billed charges,32 pecent of charges; No services were performed during the 15 month look back period.,,,,,,,,,,46.806984,30,,,,,0,percent of total billed charges,30 Percent of charges; No services were performed during the 15 month look back period.,49.92745,32,,,,,0,percent of total billed charges,32 pecent of charges; No services were performed during the 15 month look back period.,49.92745,32,,,,,0,percent of total billed charges,32 pecent of charges; No services were performed during the 15 month look back period.,113.896994,73,,,,,0,percent of total billed charges,73 percent of charges; No services were performed during the 15 month look back period.,31.204656,20,,,,,0,percent of total billed charges,20 percent of charges; No services were performed during the 15 month look back period.,49.92745,32,,,,,0,percent of total billed charges,32 pecent of charges; No services were performed during the 15 month look back period.,,,,,,,,,,,,,,,,,,,,,,,,,,,,,,,,,,,,,,,,,,,,,,,,,,,,,,,,,,,,,,,,49.92745,32,,,,,0,percent of total billed charges,32 pecent of charges; No services were performed during the 15 month look back period.,37.445587,24,,,,,0,percent of total billed charges,24 percent of charges; No services were performed during the 15 month look back period.,,,,,,,,,,,,,,,,,,,,,,,,,,,,,,,,,,,,,,,,,,,,,,,,,,,,,,,37.445587,24,,,,,0,percent of total billed charges,24 percent of charges; No services were performed during the 15 month look back period.,48.367217,31,,,,,0,percent of total billed charges,31 percent of charges; No services were performed during the 15 month look back period.,48.367217,31,,,,,0,percent of total billed charges,31 percent of charges; No services were performed during the 15 month look back period.,48.367217,31,,,,,0,percent of total billed charges,31 percent of charges; No services were performed during the 15 month look back period.,48.367217,31,,,,,0,percent of total billed charges,31 percent of charges; No services were performed during the 15 month look back period.,48.367217,31,,,,,0,percent of total billed charges,31 percent of charges; No services were performed during the 15 month look back period.,,,,,,,,,,62.409312,40,,,,,0,percent of total billed charges,40 percent of charges; No services were performed during the 15 month look back period.,62.409312,40,,,,,0,percent of total billed charges,40 percent of charges; No services were performed during the 15 month look back period.,62.409312,40,,,,,0,percent of total billed charges,40 percent of charges; No services were performed during the 15 month look back period.,62.409312,40,,,,,0,percent of total billed charges,40 percent of charges; No services were performed during the 15 month look back period.,46.806984,30,,,,,0,percent of total billed charges,30 Percent of charges; No services were performed during the 15 month look back period.,46.806984,30,,,,,0,percent of total billed charges,30 Percent of charges; No services were performed during the 15 month look back period.,46.806984,30,,,,,0,percent of total billed charges,30 Percent of charges; No services were performed during the 15 month look back period.,46.806984,30,,,,,0,percent of total billed charges,30 Percent of charges; No services were performed during the 15 month look back period.,37.445587,24,,,,,0,percent of total billed charges,24 percent of charges; No services were performed during the 15 month look back period.,37.445587,24,,,,,0,percent of total billed charges,24 percent of charges; No services were performed during the 15 month look back period.,,,,,,,,,,,,,,,,,,,,,,,,,,,,,,,,,,,,,,,,,,,,,,,,,,,,,,,37.445587,24,,,,,0,percent of total billed charges,24 percent of charges; No services were performed during the 15 month look back period.,46.806984,30,,,,,0,percent of total billed charges,30 Percent of charges; No services were performed during the 15 month look back period.,,,,,,,,,,,,,,,,,,,,,,,,,,,,,,,,,,,,,,,,,,,,,,,,,,,,,,,,,,,,,,,,,,,,,,,,,,,,,,,,,,,,,,,,,,,,,,,,,,,,,,,,,,,,,,,,,,,,,,,,,,,,,,,,,,,,,,,,,,,,,,,,,,,,,,,,,,,,,,,,,,,,,,,,,,,,,,,,,,,,,,,,,,,,,,,,,,,,,,,46.806984,30,,,,,0,percent of total billed charges,30 Percent of charges; No services were performed during the 15 month look back period.,,,,,,,,,,,,,,,,,,,,,,,,,,,,,,,,,,,,,,,,,,,,,,,,,,,,,,,,,,,,,,,,15.602328,10,,,,,0,percent of total billed charges,10 percent of charges; No services were performed during the 15 month look back period.,15.602328,10,,,,,0,percent of total billed charges,10 percent of charges; No services were performed during the 15 month look back period.,15.602328,10,,,,,0,percent of total billed charges,10 percent of charges; No services were performed during the 15 month look back period.,15.602328,10,,,,,0,percent of total billed charges,10 percent of charges; No services were performed during the 15 month look back period.,,,,,,,,,,37.445587,24,,,,,0,percent of total billed charges,24 percent of charges; No services were performed during the 15 month look back period.,45.246751,29,,,,,0,percent of total billed charges,29 percent of charges; No services were performed during the 15 month look back period.,45.246751,29,,,,,0,percent of total billed charges,29 percent of charges; No services were performed during the 15 month look back period.,45.246751,29,,,,,0,percent of total billed charges,29 percent of charges; No services were performed during the 15 month look back period.,45.246751,29,,,,,0,percent of total billed charges,29 percent of charges; No services were performed during the 15 month look back period.,,,,,,,,,,,,,,,,,,,,,,,,,,,,,,,,,,,,,,,,,,,,,,,,,,,,,,,,,,,,,,,,,,,,,,,,,,,,,,,,,,,,,,,,,,,46.806984,30,,,,,0,percent of total billed charges,30 Percent of charges; No services were performed during the 15 month look back period.,,,,,,,,,,,,,,,,,,,,,,,,,,,,,,,,,,,,,,,,,,,,,,,,,,,,,,,,,,,,,,,,,,,,,,,,,,,,,,,,,,,,,,,,,,,,,,,,,,,,,,,,,,,,,,,,,,,,,,,,,,,,,,,49.92745,32,,,,,0,percent of total billed charges,32 pecent of charges; No services were performed during the 15 month look back period.,,,,,,,,,,,,,,,,,,,,,,,,,,,,,,,,,,,,,,,,,,,,,,45.246751,29,,,,,0,percent of total billed charges,29 percent of charges; No services were performed during the 15 month look back period.,45.246751,29,,,,,0,percent of total billed charges,29 percent of charges; No services were performed during the 15 month look back period.,45.246751,29,,,,,0,percent of total billed charges,29 percent of charges; No services were performed during the 15 month look back period.,45.246751,29,,,,,0,percent of total billed charges,29 percent of charges; No services were performed during the 15 month look back period.,,,,,,,,,,45.246751,29,,,,,0,percent of total billed charges,29 percent of charges; No services were performed during the 15 month look back period.,46.806984,30,,,,,0,percent of total billed charges,30 Percent of charges; No services were performed during the 15 month look back period.,45.246751,29,,,,,0,percent of total billed charges,29 percent of charges; No services were performed during the 15 month look back period.,49.92745,32,,,,,0,percent of total billed charges,32 pecent of charges; No services were performed during the 15 month look back period.,45.246751,29,,,,,0,percent of total billed charges,29 percent of charges; No services were performed during the 15 month look back period.,,,,,,,,,,,,,,,,,,,,,,,,,,,,45.246751,29,,,,,0,percent of total billed charges,29 percent of charges; No services were performed during the 15 month look back period.,,,,,,,,,,,,,,,,,,,,,,,,,,,,,,,,,,,,,,,,,,,,,,45.246751,29,,,,,0,percent of total billed charges,29 percent of charges; No services were performed during the 15 month look back period.,45.246751,29,,,,,0,percent of total billed charges,29 percent of charges; No services were performed during the 15 month look back period.,45.246751,29,,,,,0,percent of total billed charges,29 percent of charges; No services were performed during the 15 month look back period.,45.246751,29,,,,,0,percent of total billed charges,29 percent of charges; No services were performed during the 15 month look back period.,,,,,,,,,,,,,,,,,,,,,,,,,,,,,,,,,,,,,,,,,,,,,,,,,,,,,,,,,,,,,,,,,,,,,,,,,,,,,,,,,,,,,,,,,,,45.246751,29,,,,,0,percent of total billed charges,29 percent of charges; No services were performed during the 15 month look back period.,49.92745,32,,,,,0,percent of total billed charges,32 pecent of charges; No services were performed during the 15 month look back period.,113.896994,73,,,,,0,percent of total billed charges,73 percent of charges; No services were performed during the 15 month look back period.,15.602328,10,,,,,0,percent of total billed charges,10 percent of charges; No services were performed during the 15 month look back period.,15.602328,10,,,,,0,percent of total billed charges,10 percent of charges; No services were performed during the 15 month look back period.,46.806984,30,,,,,0,percent of total billed charges,30 Percent of charges; No services were performed during the 15 month look back period.,,,,,,,,,,62.409312,40,,,,,0,percent of total billed charges,40 percent of charges; No services were performed during the 15 month look back period.,62.409312,40,,,,,0,percent of total billed charges,40 percent of charges; No services were performed during the 15 month look back period.,,,,,,,,,,,,,,,,,,,,,,,,,,,,,,,,,,,,,,,,,,,,,,,,,,,,,,,15.602328,10,,,,,0,percent of total billed charges,10 percent of charges; No services were performed during the 15 month look back period.,,,,,,,,,,,,,,,,,,,,,,,,,,,,,,,,,,,,,45.246751,29,,,,,0,percent of total billed charges,29 percent of charges; No services were performed during the 15 month look back period.,,,,,,,,,,,,,,,,,,,45.246751,29,,,,,0,percent of total billed charges,29 percent of charges; No services were performed during the 15 month look back period.,,,,,,,,,,,,,,,,,,,,,,,,,,,,37.445587,24,,,,,0,percent of total billed charges,24 percent of charges; No services were performed during the 15 month look back period.,45.246751,29,,,,,0,percent of total billed charges,29 percent of charges; No services were performed during the 15 month look back period.,,,,,,,,,,,,,,,,,,,,,,,,,,,,,,,,,,,,,15.602328,10,,,,,0,percent of total billed charges,10 percent of charges; No services were performed during the 15 month look back period.,,,,,,,,,,,,,,,,,,,,,,,,,,,,,,,,,,,,,,,,,,,,,,,,,,,,,,,,,,,,,,,,,,,,,,,,,15.602328,10,,,,,0,percent of total billed charges,10 percent of charges; No services were performed during the 15 month look back period.,,,,,,,,,,,,,,,,,,,,,,,,,,,,,,,,,,,,,,,,,,,,,,,,,,,,,,,,,,,,,,,,,,,,,,,,,,,,,,,,,,,,,,,,,,,,,,,,,,,,,,,,,,,,,,,,,,,,,,45.246751,29,,,,,0,percent of total billed charges,29 percent of charges; No services were performed during the 15 month look back period.,45.246751,29,,,,,0,percent of total billed charges,29 percent of charges; No services were performed during the 15 month look back period.,45.246751,29,,,,,0,percent of total billed charges,29 percent of charges; No services were performed during the 15 month look back period.,45.246751,29,,,,,0,percent of total billed charges,29 percent of charges; No services were performed during the 15 month look back period.,45.246751,29,,,,,0,percent of total billed charges,29 percent of charges; No services were performed during the 15 month look back period.,45.246751,29,,,,,0,percent of total billed charges,29 percent of charges; No services were performed during the 15 month look back period.,45.246751,29,,,,,0,percent of total billed charges,29 percent of charges; No services were performed during the 15 month look back period.,45.246751,29,,,,,0,percent of total billed charges,29 percent of charges; No services were performed during the 15 month look back period.,45.246751,29,,,,,0,percent of total billed charges,29 percent of charges; No services were performed during the 15 month look back period.,45.246751,29,,,,,0,percent of total billed charges,29 percent of charges; No services were performed during the 15 month look back period.,45.246751,29,,,,,0,percent of total billed charges,29 percent of charges; No services were performed during the 15 month look back period.,45.246751,29,,,,,0,percent of total billed charges,29 percent of charges; No services were performed during the 15 month look back period.,45.246751,29,,,,,0,percent of total billed charges,29 percent of charges; No services were performed during the 15 month look back period.,,,,,,,,,,45.246751,29,,,,,0,percent of total billed charges,29 percent of charges; No services were performed during the 15 month look back period.,,,,,,,,,,29.644423,19,,,,,0,percent of total billed charges,19 percent of charges; No services were performed during the 15 month look back period.,20.283026,13,,,,,0,percent of total billed charges,13 percent of charges; No services were performed during the 15 month look back period.,15.602328,10,,,,,0,percent of total billed charges,10 percent of charges; No services were performed during the 15 month look back period.,15.602328,10,,,,,0,percent of total billed charges,10 percent of charges; No services were performed during the 15 month look back period.,,,,,,,,,,62.409312,40,,,,,0,percent of total billed charges,40 percent of charges; No services were performed during the 15 month look back period.,,,,,,,,,,,,,,,,,,,46.806984,30,,,,,0,percent of total billed charges,30 Percent of charges; No services were performed during the 15 month look back period.,,,,,,,,,,49.92745,32,,,,,0,percent of total billed charges,32 pecent of charges; No services were performed during the 15 month look back period.,,,,,,,,,,49.92745,32,,,,,0,percent of total billed charges,32 pecent of charges; No services were performed during the 15 month look back period.,46.806984,30,,,,,0,percent of total billed charges,30 Percent of charges; No services were performed during the 15 month look back period.,49.92745,32,,,,,0,percent of total billed charges,32 pecent of charges; No services were performed during the 15 month look back period.,,,,,,,,,,,,,,,,,,,,,,,,,,,,49.92745,32,,,,,0,percent of total billed charges,32 pecent of charges; No services were performed during the 15 month look back period.,15.602328,10,,,,,0,percent of total billed charges,10 percent of charges; No services were performed during the 15 month look back period.,,,,,,,,,,,,,,,,,,,,,,,,,,,,,,,,,,,,,,,,,,,,,,,,,,,,,,,,,,,,,,,,15.602328,10,,,,,0,percent of total billed charges,10 percent of charges; No services were performed during the 15 month look back period.,,,,,,,,,,,,,,,,,,,,,,,,,,,,45.246751,29,,,,,0,percent of total billed charges,29 percent of charges; No services were performed during the 15 month look back period.,45.246751,29,,,,,0,percent of total billed charges,29 percent of charges; No services were performed during the 15 month look back period.,48.367217,31,,,,,0,percent of total billed charges,31 percent of charges; No services were performed during the 15 month look back period.,,,,,,,,,,15.602328,10,,,,,0,percent of total billed charges,10 percent of charges; No services were performed during the 15 month look back period.,49.92745,32,,,,,0,percent of total billed charges,32 pecent of charges; No services were performed during the 15 month look back period.,46.806984,30,,,,,0,percent of total billed charges,30 Percent of charges; No services were performed during the 15 month look back period.,15.602328,10,,,,,0,percent of total billed charges,10 percent of charges; No services were performed during the 15 month look back period.,46.806984,30,,,,,0,percent of total billed charges,30 Percent of charges; No services were performed during the 15 month look back period.,15.602328,10,,,,,0,percent of total billed charges,10 percent of charges; No services were performed during the 15 month look back period.,,,,,,,,,,,,,,,,,,,,,,,,,,,,,,,,,,,,,,,,,,,,,,10.49,3496.990909,
J2790,HCPCS,5020021,LOCAL,636,RC,RHO D IMMUNE GLOBULIN INJ,943.733387,179.309343,Outpatient,UN,1,,77.16,,,,,,,Fee Schedule,"100 % 1199 Fee Schedule. ",77.16,,,,,,,Fee Schedule,"100 % 1199 Fee Schedule. ",566.240032,60,,,,,0,percent of total billed charges,60 percent of billed charges; No services were performed during the 15 month look back period.,943.733387,100,,,,,0,percent of total billed charges,100 percent of billed charges; No services were performed during the 15 month look back period.,,,,,,,,Other,"Not Payable. ",566.240032,60,,,,,0,percent of total billed charges,60 percent of billed charges; No services were performed during the 15 month look back period.,566.240032,60,,,,,0,percent of total billed charges,60 percent of billed charges; No services were performed during the 15 month look back period.,566.240032,60,,,,,0,percent of total billed charges,60 percent of billed charges; No services were performed during the 15 month look back period.,186.772364,,,,,,,Case Rate,"100 Percent of Medicaid APG. ",155.643636,,,,,,,Case Rate,"100 Percent of Medicaid APG. ",736.112042,78,,,,,0,percent of total billed charges,78% of Billed Charges. Lesser of 100% of billed charges applies.; No services were performed during the 15 month look back period.,,,,,,,,Fee Schedule,"100 % Zero Pay Code. ",155.643636,,,,,,,Case Rate,"100 Percent of Medicaid APG. ",,,,,,,,Other,"Not Payable. ",283.120016,30,,,,,0,percent of total billed charges,30 percent of billed charges; No services were performed during the 15 month look back period.,283.120016,30,,,,,0,percent of total billed charges,30 percent of billed charges; No services were performed during the 15 month look back period.,283.120016,30,,,,,0,percent of total billed charges,30 percent of billed charges; No services were performed during the 15 month look back period.,283.120016,30,,,,,0,percent of total billed charges,30 percent of billed charges; No services were performed during the 15 month look back period.,114.31,,,,,,,Fee schedule,"115 Percent of AWP Fee Schedule. ",,,,,,,,Other,"Not Payable. ",114.31,,,,,,,Fee schedule,"115 Percent of AWP Fee Schedule. ",736.112042,78,,,,,0,percent of total billed charges,78% of Billed Charges. Lesser of 100% of billed charges applies.; No services were performed during the 15 month look back period.,566.240032,60,,,,,0,percent of total billed charges,60 percent of billed charges; No services were performed during the 15 month look back period.,,,,,,,,Other,"Not Payable. ",688.925372,73,,,,,0,percent of total billed charges,73 percent of billed charges; No services were performed during the 15 month look back period.,,,,,,,,Other,"Not Payable. ",,,,,,,,Other,"Not Payable. ",736.112042,78,,,,,0,percent of total billed charges,78% of Billed Charges. Lesser of 100% of billed charges applies.; No services were performed during the 15 month look back period.,82.423,,,,,,,Fee Schedule,100 Percent of ASP if not priced then 95 Percent of AWP. Lesser of 100% of billed charges applies.,82.423,,,,,,,Fee Schedule,100 Percent of ASP if not priced then 95 Percent of AWP. Lesser of 100% of billed charges applies.,78.30185,,,,,,,Fee schedule,"95 Percent of ASP. ",78.30185,,,,,,,Fee schedule,"95 Percent of ASP. ",688.925372,73,,,,,0,percent of total billed charges,73 percent of billed charges; No services were performed during the 15 month look back period.,688.925372,73,,,,,0,percent of total billed charges,73 percent of billed charges; No services were performed during the 15 month look back period.,155.643636,,,,,,,Case Rate,"100 Percent of Medicaid APG. Not APG payable, or payable under another fee schedule like ASP/AWP pays at 30% of charges",688.925372,73,,,,,0,percent of total billed charges,73 percent of billed charges; No services were performed during the 15 month look back period.,155.643636,,,,,,,Case Rate,"100 Percent of Medicaid APG. Not APG payable, or payable under another fee schedule like ASP/AWP pays at 30% of charges",,,,,,,,Other,"Not Payable. ",688.925372,73,,,,,0,percent of total billed charges,73 percent of billed charges; No services were performed during the 15 month look back period.,736.112042,78,,,,,0,percent of total billed charges,78% of Billed Charges. Lesser of 100% of billed charges applies.; No services were performed during the 15 month look back period.,155.643636,,,,,,,Case Rate,"106 percent of Average Sales Price.. Drugs not priced under APG, billed with revenue code 636 and not priced by Medicare ASP FeeSched will be reimbursed at 20% of charges.",155.643636,,,,,,,Case Rate,"106 percent of Average Sales Price.. Drugs not priced under APG, billed with revenue code 636 and not priced by Medicare ASP FeeSched will be reimbursed at 20% of charges.",736.112042,78,,,,,0,percent of total billed charges,78% of Billed Charges. Lesser of 100% of billed charges applies.; No services were performed during the 15 month look back period.,283.120016,30,,,,,0,percent of total billed charges,30 percent of billed charges; No services were performed during the 15 month look back period.,,,,,,,,Fee Schedule,"100 % Zero Pay Code. ",,,,,,,,Fee Schedule,"100 % Zero Pay Code. ",736.112042,78,,,,,0,percent of total billed charges,78% of Billed Charges. Lesser of 100% of billed charges applies.; No services were performed during the 15 month look back period.,,,,,,,,Other,"Not Payable. ",,,,,,,,Fee Schedule,"100 % Zero Pay Code. ",,,,,,,,Fee Schedule,"100 % Zero Pay Code. ",,,,,,,,Fee Schedule,"100 % Zero Pay Code. ",,,,,,,,Other,"Not Payable. ",,,,,,,,Fee Schedule,"100 % Zero Pay Code. ",,,,,,,,Fee Schedule,"100 % Zero Pay Code. ",,,,,,,,Other,"Not Payable. ",471.866693,50,,,,,0,percent of total billed charges,50 percent of billed charges; No services were performed during the 15 month look back period.,424.680024,45,,,,,0,percent of total billed charges,45 percent of billed charges; No services were performed during the 15 month look back period.,424.680024,45,,,,,0,percent of total billed charges,45 percent of billed charges; No services were performed during the 15 month look back period.,424.680024,45,,,,,0,percent of total billed charges,45 percent of billed charges; No services were performed during the 15 month look back period.,424.680024,45,,,,,0,percent of total billed charges,45 percent of billed charges; No services were performed during the 15 month look back period.,424.680024,45,,,,,0,percent of total billed charges,45 percent of billed charges; No services were performed during the 15 month look back period.,424.680024,45,,,,,0,percent of total billed charges,45 percent of billed charges; No services were performed during the 15 month look back period.,,,,,,,,Other,"Not Payable. ",,,,,,,,Other,"Not Payable. ",424.680024,45,,,,,0,percent of total billed charges,45 percent of billed charges; No services were performed during the 15 month look back period.,736.112042,78,,,,,0,percent of total billed charges,78% of Billed Charges. Lesser of 100% of billed charges applies.; No services were performed during the 15 month look back period.,736.112042,78,,,,,0,percent of total billed charges,78% of Billed Charges. Lesser of 100% of billed charges applies.; No services were performed during the 15 month look back period.,736.112042,78,,,,,0,percent of total billed charges,78% of Billed Charges. Lesser of 100% of billed charges applies.; No services were performed during the 15 month look back period.,736.112042,78,,,,,0,percent of total billed charges,78% of Billed Charges. Lesser of 100% of billed charges applies.; No services were performed during the 15 month look back period.,736.112042,78,,,,,0,percent of total billed charges,78% of Billed Charges. Lesser of 100% of billed charges applies.; No services were performed during the 15 month look back period.,736.112042,78,,,,,0,percent of total billed charges,78% of Billed Charges. Lesser of 100% of billed charges applies.; No services were performed during the 15 month look back period.,736.112042,78,,,,,0,percent of total billed charges,78% of Billed Charges. Lesser of 100% of billed charges applies.; No services were performed during the 15 month look back period.,736.112042,78,,,,,0,percent of total billed charges,78% of Billed Charges. Lesser of 100% of billed charges applies.; No services were performed during the 15 month look back period.,736.112042,78,,,,,0,percent of total billed charges,78% of Billed Charges. Lesser of 100% of billed charges applies.; No services were performed during the 15 month look back period.,736.112042,78,,,,,0,percent of total billed charges,78% of Billed Charges. Lesser of 100% of billed charges applies.; No services were performed during the 15 month look back period.,736.112042,78,,,,,0,percent of total billed charges,78% of Billed Charges. Lesser of 100% of billed charges applies.; No services were performed during the 15 month look back period.,736.112042,78,,,,,0,percent of total billed charges,78% of Billed Charges. Lesser of 100% of billed charges applies.; No services were performed during the 15 month look back period.,736.112042,78,,,,,0,percent of total billed charges,78% of Billed Charges. Lesser of 100% of billed charges applies.; No services were performed during the 15 month look back period.,736.112042,78,,,,,0,percent of total billed charges,78% of Billed Charges. Lesser of 100% of billed charges applies.; No services were performed during the 15 month look back period.,736.112042,78,,,,,0,percent of total billed charges,78% of Billed Charges. Lesser of 100% of billed charges applies.; No services were performed during the 15 month look back period.,736.112042,78,,,,,0,percent of total billed charges,78% of Billed Charges. Lesser of 100% of billed charges applies.; No services were performed during the 15 month look back period.,736.112042,78,,,,,0,percent of total billed charges,78% of Billed Charges. Lesser of 100% of billed charges applies.; No services were performed during the 15 month look back period.,736.112042,78,,,,,0,percent of total billed charges,78% of Billed Charges. Lesser of 100% of billed charges applies.; No services were performed during the 15 month look back period.,736.112042,78,,,,,0,percent of total billed charges,78% of Billed Charges. Lesser of 100% of billed charges applies.; No services were performed during the 15 month look back period.,736.112042,78,,,,,0,percent of total billed charges,78% of Billed Charges. Lesser of 100% of billed charges applies.; No services were performed during the 15 month look back period.,736.112042,78,,,,,0,percent of total billed charges,78% of Billed Charges. Lesser of 100% of billed charges applies.; No services were performed during the 15 month look back period.,736.112042,78,,,,,0,percent of total billed charges,78% of Billed Charges. Lesser of 100% of billed charges applies.; No services were performed during the 15 month look back period.,736.112042,78,,,,,0,percent of total billed charges,78% of Billed Charges. Lesser of 100% of billed charges applies.; No services were performed during the 15 month look back period.,736.112042,78,,,,,0,percent of total billed charges,78% of Billed Charges. Lesser of 100% of billed charges applies.; No services were performed during the 15 month look back period.,736.112042,78,,,,,0,percent of total billed charges,78% of Billed Charges. Lesser of 100% of billed charges applies.; No services were performed during the 15 month look back period.,736.112042,78,,,,,0,percent of total billed charges,78% of Billed Charges. Lesser of 100% of billed charges applies.; No services were performed during the 15 month look back period.,688.925372,73,,,,,0,percent of total billed charges,73 percent of billed charges; No services were performed during the 15 month look back period.,688.925372,73,,,,,0,percent of total billed charges,73 percent of billed charges; No services were performed during the 15 month look back period.,688.925372,73,,,,,0,percent of total billed charges,73 percent of billed charges; No services were performed during the 15 month look back period.,688.925372,73,,,,,0,percent of total billed charges,73 percent of billed charges; No services were performed during the 15 month look back period.,754.986709,80,,,,,0,percent of total billed charges,80 percent of billed charges; No services were performed during the 15 month look back period.,754.986709,80,,,,,0,percent of total billed charges,80 percent of billed charges; No services were performed during the 15 month look back period.,283.120016,30,,,,,0,percent of total billed charges,30 percent of billed charges; No services were performed during the 15 month look back period.,424.680024,45,,,,,0,percent of total billed charges,45 percent of billed charges; No services were performed during the 15 month look back period.,,,,,,,,Fee Schedule,"100 % Zero Pay Code. ",424.680024,45,,,,,0,percent of total billed charges,45 percent of billed charges; No services were performed during the 15 month look back period.,736.112042,78,,,,,0,percent of total billed charges,78% of Billed Charges. Lesser of 100% of billed charges applies.; No services were performed during the 15 month look back period.,754.986709,80,,,,,0,percent of total billed charges,80 percent of billed charges; No services were performed during the 15 month look back period.,424.680024,45,,,,,0,percent of total billed charges,45 percent of billed charges; No services were performed during the 15 month look back period.,,,,,,,,Fee Schedule,"100 % Zero Pay Code. ",283.120016,30,,,,,0,percent of total billed charges,30 percent of billed charges; No services were performed during the 15 month look back period.,,,,,,,,,"NA. ",736.112042,78,,,,,0,percent of total billed charges,78% of Billed Charges. Lesser of 100% of billed charges applies.; No services were performed during the 15 month look back period.,155.643636,,,,,,,Case Rate,"100 Percent of Medicaid APG. ",688.925372,73,,,,,0,percent of total billed charges,73 percent of billed charges; No services were performed during the 15 month look back period.,155.643636,,,,,,,Case Rate,"100 Percent of Medicaid APG. Not APG payable, or payable under another fee schedule like ASP/AWP pays at 30% of charges",,,,,,,,Other,"Not Payable. ",,,,,,,,Other,"Not Payable. ",471.866693,50,,,,,0,percent of total billed charges,50 percent of billed charges; No services were performed during the 15 month look back period.,,,,,,,,Other,"Not Payable. ",,,,,,,,Other,"Not Payable. ",155.643636,,,,,,,Case Rate,"100 Percent of Medicaid APG. ",,,,,,,,Other,"Not Payable. ",,,,,,,,Other,"Not Payable. ",566.240032,60,,,,,0,percent of total billed charges,60 percent of billed charges; No services were performed during the 15 month look back period.,566.240032,60,,,,,0,percent of total billed charges,60 percent of billed charges; No services were performed during the 15 month look back period.,,,,,,,,Other,"Not Payable. ",283.120016,30,,,,,0,percent of total billed charges,30 percent of billed charges; No services were performed during the 15 month look back period.,,,,,,,,Fee Schedule,"100 % Zero Pay Code. ",,,,,,,,Fee Schedule,"100 % Zero Pay Code. ",,,,,,,,Other,"Not Payable. ",283.120016,30,,,,,0,percent of total billed charges,30 percent of billed charges; No services were performed during the 15 month look back period.,566.240032,60,,,,,0,percent of total billed charges,60 percent of billed charges; No services were performed during the 15 month look back period.,566.240032,60,,,,,0,percent of total billed charges,60 percent of billed charges; No services were performed during the 15 month look back period.,566.240032,60,,,,,0,percent of total billed charges,60 percent of billed charges; No services were performed during the 15 month look back period.,736.112042,78,,,,,0,percent of total billed charges,78% of Billed Charges. Lesser of 100% of billed charges applies.; No services were performed during the 15 month look back period.,736.112042,78,,,,,0,percent of total billed charges,78% of Billed Charges. Lesser of 100% of billed charges applies.; No services were performed during the 15 month look back period.,736.112042,78,,,,,0,percent of total billed charges,78% of Billed Charges. Lesser of 100% of billed charges applies.; No services were performed during the 15 month look back period.,736.112042,78,,,,,0,percent of total billed charges,78% of Billed Charges. Lesser of 100% of billed charges applies.; No services were performed during the 15 month look back period.,736.112042,78,,,,,0,percent of total billed charges,78% of Billed Charges. Lesser of 100% of billed charges applies.; No services were performed during the 15 month look back period.,736.112042,78,,,,,0,percent of total billed charges,78% of Billed Charges. Lesser of 100% of billed charges applies.; No services were performed during the 15 month look back period.,736.112042,78,,,,,0,percent of total billed charges,78% of Billed Charges. Lesser of 100% of billed charges applies.; No services were performed during the 15 month look back period.,736.112042,78,,,,,0,percent of total billed charges,78% of Billed Charges. Lesser of 100% of billed charges applies.; No services were performed during the 15 month look back period.,736.112042,78,,,,,0,percent of total billed charges,78% of Billed Charges. Lesser of 100% of billed charges applies.; No services were performed during the 15 month look back period.,736.112042,78,,,,,0,percent of total billed charges,78% of Billed Charges. Lesser of 100% of billed charges applies.; No services were performed during the 15 month look back period.,736.112042,78,,,,,0,percent of total billed charges,78% of Billed Charges. Lesser of 100% of billed charges applies.; No services were performed during the 15 month look back period.,754.986709,80,,,,,0,percent of total billed charges,80 percent of billed charges; No services were performed during the 15 month look back period.,424.680024,45,,,,,0,percent of total billed charges,45 percent of billed charges; No services were performed during the 15 month look back period.,283.120016,30,,,,,0,percent of total billed charges,30 percent of billed charges; No services were performed during the 15 month look back period.,,,,,,,,Other,"Not Payable. ",566.240032,60,,,,,0,percent of total billed charges,60 percent of billed charges; No services were performed during the 15 month look back period.,283.120016,30,,,,,0,percent of total billed charges,30 percent of billed charges; No services were performed during the 15 month look back period.,283.120016,30,,,,,0,percent of total billed charges,30 percent of billed charges; No services were performed during the 15 month look back period.,736.112042,78,,,,,0,percent of total billed charges,78% of Billed Charges. Lesser of 100% of billed charges applies.; No services were performed during the 15 month look back period.,333.077382,,,,,,,Case Rate,"141 percent of Average Sales Price.. Drugs not priced under APG, billed with revenue code 636 and not priced by Medicare ASP FeeSched will be reimbursed at 20% of charges.",283.120016,30,,,,,0,percent of total billed charges,30 percent of billed charges; No services were performed during the 15 month look back period.,155.643636,,,,,,,Case Rate,"100 Percent of Medicaid APG. ",,,,,,,,Other,"Not Payable. ",,,,,,,,Other,"Not Payable. ",,,,,,,,Other,"Not Payable. ",,,,,,,,Other,"Not Payable. ",,,,,,,,Other,"Not Payable. ",,,,,,,,Other,"Not Payable. ",283.120016,30,,,,,0,percent of total billed charges,30 percent of billed charges; No services were performed during the 15 month look back period.,471.866693,50,,,,,0,percent of total billed charges,50 percent of billed charges; No services were performed during the 15 month look back period.,156.555,,,,,,,Fee Schedule,"157.5 Percent of AWP Fee Schedule. ",156.555,,,,,,,Fee Schedule,"157.5 Percent of AWP Fee Schedule. ",156.555,,,,,,,Fee Schedule,"157.5 Percent of AWP Fee Schedule. ",156.555,,,,,,,Fee Schedule,"157.5 Percent of AWP Fee Schedule. ",156.555,,,,,,,Fee Schedule,"157.5 Percent of AWP Fee Schedule. ",,,,,,,,,"NA. ",471.866693,50,,,,,0,percent of total billed charges,50 percent of billed charges; No services were performed during the 15 month look back period.,,,,,,,,Fee Schedule,NA. Not payable,,,,,,,,Fee Schedule,NA. Not payable,,,,,,,,Fee Schedule,NA. Not payable,,,,,,,,Fee Schedule,NA. Not payable,,,,,,,,Fee Schedule,NA. Not payable,,,,,,,,Other,"Not Payable. ",754.986709,80,,,,,0,percent of total billed charges,80 percent of billed charges; No services were performed during the 15 month look back period.,754.986709,80,,,,,0,percent of total billed charges,80 percent of billed charges; No services were performed during the 15 month look back period.,754.986709,80,,,,,0,percent of total billed charges,80 percent of billed charges; No services were performed during the 15 month look back period.,754.986709,80,,,,,0,percent of total billed charges,80 percent of billed charges; No services were performed during the 15 month look back period.,566.240032,60,,,,,0,percent of total billed charges,60 percent of billed charges; No services were performed during the 15 month look back period.,566.240032,60,,,,,0,percent of total billed charges,60 percent of billed charges; No services were performed during the 15 month look back period.,566.240032,60,,,,,0,percent of total billed charges,60 percent of billed charges; No services were performed during the 15 month look back period.,566.240032,60,,,,,0,percent of total billed charges,60 percent of billed charges; No services were performed during the 15 month look back period.,471.866693,50,,,,,0,percent of total billed charges,50 percent of billed charges; No services were performed during the 15 month look back period.,471.866693,50,,,,,0,percent of total billed charges,50 percent of billed charges; No services were performed during the 15 month look back period.,,,,,,,,Other,"Not Payable. ",,,,,,,,Other,"Not Payable. ",,,,,,,,Other,"Not Payable. ",424.680024,45,,,,,0,percent of total billed charges,45 percent of billed charges; No services were performed during the 15 month look back period.,424.680024,45,,,,,0,percent of total billed charges,45 percent of billed charges; No services were performed during the 15 month look back period.,424.680024,45,,,,,0,percent of total billed charges,45 percent of billed charges; No services were performed during the 15 month look back period.,471.866693,50,,,,,0,percent of total billed charges,50 percent of billed charges; No services were performed during the 15 month look back period.,566.240032,60,,,,,0,percent of total billed charges,60 percent of billed charges; No services were performed during the 15 month look back period.,,,,,,,,Other,"Not Payable. ",424.680024,45,,,,,0,percent of total billed charges,45 percent of billed charges; No services were performed during the 15 month look back period.,155.643636,,,,,,,Case Rate,"100 Percent of Medicaid APG. ",,,,,,,,Other,"Not Payable. ",,,,,,,,Other,"Not Payable. ",,,,,,,,Other,"Not Payable. ",78.30185,,,,,,,Fee schedule,"95 Percent of ASP. ",9.437334,1,,,,,0,percent of total billed charges,Approximating Cost. Lesser of 100% of billed charges applies.; No services were performed during the 15 month look back period.,9.437334,1,,,,,0,percent of total billed charges,Approximating Cost. Lesser of 100% of billed charges applies.; No services were performed during the 15 month look back period.,9.437334,1,,,,,0,percent of total billed charges,Approximating Cost. Lesser of 100% of billed charges applies.; No services were performed during the 15 month look back period.,9.437334,1,,,,,0,percent of total billed charges,Approximating Cost. Lesser of 100% of billed charges applies.; No services were performed during the 15 month look back period.,9.437334,1,,,,,0,percent of total billed charges,Approximating Cost. Lesser of 100% of billed charges applies.; No services were performed during the 15 month look back period.,,,,,,,,Other,"Not Payable. ",155.643636,,,,,,,Case Rate,"100 Percent of Medicaid APG. ",82.423,,,,,,,Fee Schedule,100 Percent of ASP if not priced then 95 Percent of AWP. Lesser of 100% of billed charges applies.,9.437334,1,,,,,0,percent of total billed charges,Approximating Cost. Lesser of 100% of billed charges applies.; No services were performed during the 15 month look back period.,9.437334,1,,,,,0,percent of total billed charges,Approximating Cost. Lesser of 100% of billed charges applies.; No services were performed during the 15 month look back period.,82.423,,,,,,,Fee Schedule,100 Percent of ASP if not priced then 95 Percent of AWP. Lesser of 100% of billed charges applies.,82.423,,,,,,,Fee Schedule,100 Percent of ASP if not priced then 95 Percent of AWP. Lesser of 100% of billed charges applies.,156.555,,,,,,,Fee Schedule,"157.5 Percent of AWP Fee Schedule. ",,,,,,,,Other,"Not Payable. ",,,,,,,,Other,"Not Payable. ",566.240032,60,,,,,0,percent of total billed charges,60 percent of billed charges; No services were performed during the 15 month look back period.,,,,,,,,Other,"Not Payable. ",78.30185,,,,,,,Fee Schedule,"95 Percent of ASP. ",78.30185,,,,,,,Fee Schedule,"95 Percent of ASP. ",78.30185,,,,,,,Fee schedule,"95 Percent of ASP. ",78.30185,,,,,,,Fee schedule,"95 Percent of ASP. ",114.31,,,,,,,Fee Schedule,"115 Percent of AWP. ",114.31,,,,,,,Fee schedule,"115 Percent of AWP Fee Schedule. ",350.198182,,,,,,,Case Rate,"100 Percent of Medicaid APG. ",350.198182,,,,,,,Case Rate,"100 Percent of Medicaid APG. ",350.198182,,,,,,,Case Rate,"100 Percent of Medicaid APG. ",350.198182,,,,,,,Case Rate,"100 Percent of Medicaid APG. ",424.680024,45,,,,,0,percent of total billed charges,45 percent of billed charges; No services were performed during the 15 month look back period.,471.866693,50,,,,,0,percent of total billed charges,50 percent of billed charges; No services were performed during the 15 month look back period.,186.772364,,,,,,,Case Rate,"120 Percent of Medicaid APG. Not APG payable, or payable under another fee schedule like ASP/AWP pays at 30% of charges",186.772364,,,,,,,Case Rate,"120 Percent of Medicaid APG. Not APG payable, or payable under another fee schedule like ASP/AWP pays at 30% of charges",155.643636,,,,,,,Case Rate,"100 Percent of Medicaid APG. Not APG payable, or payable under another fee schedule like ASP/AWP pays at 30% of charges",155.643636,,,,,,,Case Rate,"100 Percent of Medicaid APG. Not APG payable, or payable under another fee schedule like ASP/AWP pays at 30% of charges",424.680024,45,,,,,0,percent of total billed charges,45 percent of billed charges; No services were performed during the 15 month look back period.,424.680024,45,,,,,0,percent of total billed charges,45 percent of billed charges; No services were performed during the 15 month look back period.,,,,,,,,Other,"Not Payable. ",424.680024,45,,,,,0,percent of total billed charges,45 percent of billed charges; No services were performed during the 15 month look back period.,424.680024,45,,,,,0,percent of total billed charges,45 percent of billed charges; No services were performed during the 15 month look back period.,424.680024,45,,,,,0,percent of total billed charges,45 percent of billed charges; No services were performed during the 15 month look back period.,424.680024,45,,,,,0,percent of total billed charges,45 percent of billed charges; No services were performed during the 15 month look back period.,,,,,,,,Other,"Not Payable. ",424.680024,45,,,,,0,percent of total billed charges,45 percent of billed charges; No services were performed during the 15 month look back period.,424.680024,45,,,,,0,percent of total billed charges,45 percent of billed charges; No services were performed during the 15 month look back period.,566.240032,60,,,,,0,percent of total billed charges,60 percent of billed charges; No services were performed during the 15 month look back period.,86.54415,,,,,,,Fee Schedule,105% of ASP. Lesser of 100% of billed charges applies.,114.31,,,,,,,Fee schedule,"115 Percent of AWP Fee Schedule. ",9.437334,1,,,,,0,percent of total billed charges,Approximating Cost. Lesser of 100% of billed charges applies.; No services were performed during the 15 month look back period.,114.31,,,,,,,Fee Schedule,"115 Percent of AWP. ",114.31,,,,,,,Fee schedule,"115 Percent of AWP Fee Schedule. ",9.437334,1,,,,,0,percent of total billed charges,Approximating Cost. Lesser of 100% of billed charges applies.; No services were performed during the 15 month look back period.,9.437334,1,,,,,0,percent of total billed charges,Approximating Cost. Lesser of 100% of billed charges applies.; No services were performed during the 15 month look back period.,9.437334,1,,,,,0,percent of total billed charges,Approximating Cost. Lesser of 100% of billed charges applies.; No services were performed during the 15 month look back period.,9.437334,1,,,,,0,percent of total billed charges,Approximating Cost. Lesser of 100% of billed charges applies.; No services were performed during the 15 month look back period.,9.437334,1,,,,,0,percent of total billed charges,Approximating Cost. Lesser of 100% of billed charges applies.; No services were performed during the 15 month look back period.,9.437334,1,,,,,0,percent of total billed charges,Approximating Cost. Lesser of 100% of billed charges applies.; No services were performed during the 15 month look back period.,,,,,,,,,"NA. ",,,,,,,,,"NA. ",,,,,,,,,"NA. ",283.120016,30,,,,,0,percent of total billed charges,30 percent of billed charges; No services were performed during the 15 month look back period.,,,,,,,,,"NA. ",,,,,,,,Other,"Not Payable. ",77.16,,,,,,,Fee Schedule,"100 % 1199 Fee Schedule. ",,,,,,,,Other,"Not Payable. ",,,,,,,,Other,"Not Payable. ",186.772364,,,,,,,Case Rate,"120 Percent of Medicaid APG. Not APG payable, or payable under another fee schedule like ASP/AWP pays at 30% of charges",186.772364,,,,,,,Case Rate,"120 Percent of Medicaid APG. Not APG payable, or payable under another fee schedule like ASP/AWP pays at 30% of charges",155.643636,,,,,,,Case Rate,"100 Percent of Medicaid APG. Not APG payable, or payable under another fee schedule like ASP/AWP pays at 30% of charges",155.643636,,,,,,,Case Rate,"100 Percent of Medicaid APG. Not APG payable, or payable under another fee schedule like ASP/AWP pays at 30% of charges",155.643636,,,,,,,Case Rate,"100 Percent of Medicaid APG. ",688.925372,73,,,,,0,percent of total billed charges,73 percent of billed charges; No services were performed during the 15 month look back period.,566.240032,60,,,,,0,percent of total billed charges,60 percent of billed charges; No services were performed during the 15 month look back period.,688.925372,73,,,,,0,percent of total billed charges,73 percent of billed charges; No services were performed during the 15 month look back period.,283.120016,30,,,,,0,percent of total billed charges,30 percent of billed charges; No services were performed during the 15 month look back period.,,,,,,,,Other,"Not Payable. ",,,,,,,,Other,"Not Payable. ",,,,,,,,Other,"Not Payable. ",,,,,,,,Other,"Not Payable. ",,,,,,,,Other,"Not Payable. ",,,,,,,,Other,"Not Payable. ",,,,,,,,,"NA. ",9.437334,1,,,,,0,percent of total billed charges,Approximating Cost. Lesser of 100% of billed charges applies.; No services were performed during the 15 month look back period.,82.423,,,,,,,Fee Schedule,100 Percent of ASP if not priced then 95 Percent of AWP. Lesser of 100% of billed charges applies.,424.680024,45,,,,,0,percent of total billed charges,45 percent of billed charges; No services were performed during the 15 month look back period.,688.925372,73,,,,,0,percent of total billed charges,73 percent of billed charges; No services were performed during the 15 month look back period.,688.925372,73,,,,,0,percent of total billed charges,73 percent of billed charges; No services were performed during the 15 month look back period.,688.925372,73,,,,,0,percent of total billed charges,73 percent of billed charges; No services were performed during the 15 month look back period.,688.925372,73,,,,,0,percent of total billed charges,73 percent of billed charges; No services were performed during the 15 month look back period.,,,,,,,,Other,"Not Payable. ",155.643636,,,,,,,Case Rate,"100 Percent of Medicaid APG. ",424.680024,45,,,,,0,percent of total billed charges,45 percent of billed charges; No services were performed during the 15 month look back period.,155.643636,,,,,,,Case Rate,"100 Percent of Medicaid APG. ",,,,,,,,Other,"Not Payable. ",155.643636,,,,,,,Case Rate,"100 Percent of Medicaid APG. ",,,,,,,,Other,"Not Payable. ",,,,,,,,Other,"Not Payable. ",155.643636,,,,,,,Case Rate,"100 Percent of Medicaid APG. ",155.643636,,,,,,,Case Rate,"100 Percent of Medicaid APG. ",688.925372,73,,,,,0,percent of total billed charges,73 percent of billed charges; No services were performed during the 15 month look back period.,283.120016,30,,,,,0,percent of total billed charges,30 percent of billed charges; No services were performed during the 15 month look back period.,736.112042,78,,,,,0,percent of total billed charges,78% of Billed Charges. Lesser of 100% of billed charges applies.; No services were performed during the 15 month look back period.,,,,,,,,Fee Schedule,"100 % Zero Pay Code. ",,,,,,,,Fee Schedule,"100 % Zero Pay Code. ",566.240032,60,,,,,0,percent of total billed charges,60 percent of billed charges; No services were performed during the 15 month look back period.,,,,,,,,Other,"Not Payable. ",754.986709,80,,,,,0,percent of total billed charges,80 percent of billed charges; No services were performed during the 15 month look back period.,754.986709,80,,,,,0,percent of total billed charges,80 percent of billed charges; No services were performed during the 15 month look back period.,339.744019,36,,,,,0,percent of total billed charges,36 percent of billed charges; No services were performed during the 15 month look back period.,339.744019,36,,,,,0,percent of total billed charges,36 percent of billed charges; No services were performed during the 15 month look back period.,,,,,,,,Other,"Not Payable. ",,,,,,,,Other,"Not Payable. ",,,,,,,,Other,"Not Payable. ",,,,,,,,Other,"Not Payable. ",,,,,,,,Fee Schedule,"100 % Zero Pay Code. ",424.680024,45,,,,,0,percent of total billed charges,45 percent of billed charges; No services were performed during the 15 month look back period.,424.680024,45,,,,,0,percent of total billed charges,45 percent of billed charges; No services were performed during the 15 month look back period.,,,,,,,,Other,"Not Payable. ",339.744019,36,,,,,0,percent of total billed charges,36 percent of billed charges; No services were performed during the 15 month look back period.,688.925372,73,,,,,0,percent of total billed charges,73 percent of billed charges; No services were performed during the 15 month look back period.,186.772364,,,,,,,Fee Schedule,"120 Percent of Medicaid APG. ",155.643636,,,,,,,Case Rate,"100 Percent of Medicaid APG. ",688.925372,73,,,,,0,percent of total billed charges,73 percent of billed charges; No services were performed during the 15 month look back period.,382.212022,40.5,,,,,0,percent of total billed charges,40.5 percent of billed charges; No services were performed during the 15 month look back period.,382.212022,40.5,,,,,0,percent of total billed charges,40.5 percent of billed charges; No services were performed during the 15 month look back period.,424.680024,45,,,,,0,percent of total billed charges,45 percent of billed charges; No services were performed during the 15 month look back period.,471.866693,50,,,,,0,percent of total billed charges,50 percent of billed charges; No services were performed during the 15 month look back period.,,,,,,,,Other,"Not Payable. ",163.425818,,,,,,,Fee Schedule,105 percent of Medicaid APG. otherwise 105% of Ordered NYS MCD FS or 105% of ASP+6%,163.425818,,,,,,,Fee Schedule,105 percent of Medicaid APG. otherwise 105% of Ordered NYS MCD FS or 105% of ASP+6%,163.425818,,,,,,,Fee Schedule,105 percent of Medicaid APG. otherwise 105% of Ordered NYS MCD FS or 105% of ASP+6%,210.118909,,,,,,,Fee Schedule,135 percent of Medicaid APG. otherwise 135% of Ordered NYS MCD FS or 135% of ASP+6%,,,,,,,,Fee Schedule,"100 % Zero Pay Code. ",163.425818,,,,,,,Fee Schedule,105 percent of Medicaid APG. otherwise 105% of Ordered NYS MCD FS or 105% of ASP+6%,163.425818,,,,,,,Fee Schedule,105 percent of Medicaid APG. otherwise 105% of Ordered NYS MCD FS or 105% of ASP+6%,163.425818,,,,,,,Fee Schedule,105 percent of Medicaid APG. otherwise 105% of Ordered NYS MCD FS or 105% of ASP+6%,163.425818,,,,,,,Fee Schedule,105 percent of Medicaid APG. otherwise 105% of Ordered NYS MCD FS or 105% of ASP+6%,163.425818,,,,,,,Fee Schedule,105 percent of Medicaid APG. otherwise 105% of Ordered NYS MCD FS or 105% of ASP+6%,210.118909,,,,,,,Fee Schedule,135 percent of Medicaid APG. otherwise 135% of Ordered NYS MCD FS or 135% of ASP+6%,210.118909,,,,,,,Fee Schedule,135 percent of Medicaid APG. otherwise 135% of Ordered NYS MCD FS or 135% of ASP+6%,,,,,,,,Other,"Not Payable. ",,,,,,,,Fee Schedule,"100 % Zero Pay Code. ",,,,,,,,Other,"Not Payable. ",163.425818,,,,,,,Fee Schedule,105 percent of Medicaid APG. otherwise 105% of Ordered NYS MCD FS or 105% of ASP+6%,424.680024,45,,,,,0,percent of total billed charges,45 percent of billed charges; No services were performed during the 15 month look back period.,,,,,,,,Other,"Not Payable. ",424.680024,45,,,,,0,percent of total billed charges,45 percent of billed charges; No services were performed during the 15 month look back period.,424.680024,45,,,,,0,percent of total billed charges,45 percent of billed charges; No services were performed during the 15 month look back period.,424.680024,45,,,,,0,percent of total billed charges,45 percent of billed charges; No services were performed during the 15 month look back period.,163.425818,,,,,,,Fee Schedule,105 percent of Medicaid APG. otherwise 105% of Ordered NYS MCD FS or 105% of ASP+6%,,,,,,,,Other,"Not Payable. ",424.680024,45,,,,,0,percent of total billed charges,45 percent of billed charges; No services were performed during the 15 month look back period.,210.118909,,,,,,,Fee Schedule,135 percent of Medicaid APG. otherwise 135% of Ordered NYS MCD FS or 135% of ASP+6%,424.680024,45,,,,,0,percent of total billed charges,45 percent of billed charges; No services were performed during the 15 month look back period.,283.120016,30,,,,,0,percent of total billed charges,30% of Charges. ; No services were performed during the 15 month look back period.,,,,,,,,Other,"Not Payable. ",688.925372,73,,,,,0,percent of total billed charges,73 percent of billed charges; No services were performed during the 15 month look back period.,688.925372,73,,,,,0,percent of total billed charges,73 percent of billed charges; No services were performed during the 15 month look back period.,688.925372,73,,,,,0,percent of total billed charges,73 percent of billed charges; No services were performed during the 15 month look back period.,688.925372,73,,,,,0,percent of total billed charges,73 percent of billed charges; No services were performed during the 15 month look back period.,688.925372,73,,,,,0,percent of total billed charges,73 percent of billed charges; No services were performed during the 15 month look back period.,688.925372,73,,,,,0,percent of total billed charges,73 percent of billed charges; No services were performed during the 15 month look back period.,688.925372,73,,,,,0,percent of total billed charges,73 percent of billed charges; No services were performed during the 15 month look back period.,688.925372,73,,,,,0,percent of total billed charges,73 percent of billed charges; No services were performed during the 15 month look back period.,688.925372,73,,,,,0,percent of total billed charges,73 percent of billed charges; No services were performed during the 15 month look back period.,688.925372,73,,,,,0,percent of total billed charges,73 percent of billed charges; No services were performed during the 15 month look back period.,688.925372,73,,,,,0,percent of total billed charges,73 percent of billed charges; No services were performed during the 15 month look back period.,688.925372,73,,,,,0,percent of total billed charges,73 percent of billed charges; No services were performed during the 15 month look back period.,,,,,,,,Other,"Not Payable. ",688.925372,73,,,,,0,percent of total billed charges,73 percent of billed charges; No services were performed during the 15 month look back period.,,,,,,,,Other,"Not Payable. ",350.198182,,,,,,,Case Rate,"106 percent of Average Sales Price.. Drugs not priced under APG, billed with revenue code 636 and not priced by Medicare ASP FeeSched will be reimbursed at 20% of charges.",155.643636,,,,,,,Case Rate,"106 percent of Average Sales Price.. Drugs not priced under APG, billed with revenue code 636 and not priced by Medicare ASP FeeSched will be reimbursed at 20% of charges.",,,,,,,,Fee Schedule,"100 % Zero Pay Code. ",,,,,,,,Fee Schedule,"100 % Zero Pay Code. ",,,,,,,,Other,"Not Payable. ",754.986709,80,,,,,0,percent of total billed charges,80 percent of billed charges; No services were performed during the 15 month look back period.,,,,,,,,Other,"Not Payable. ",,,,,,,,Other,"Not Payable. ",566.240032,60,,,,,0,percent of total billed charges,60 percent of billed charges; No services were performed during the 15 month look back period.,,,,,,,,Other,"Not Payable. ",283.120016,30,,,,,0,percent of total billed charges,30 percent of billed charges; No services were performed during the 15 month look back period.,,,,,,,,Other,"Not Payable. ",283.120016,30,,,,,0,percent of total billed charges,30 percent of billed charges; No services were performed during the 15 month look back period.,566.240032,60,,,,,0,percent of total billed charges,60 percent of billed charges; No services were performed during the 15 month look back period.,283.120016,30,,,,,0,percent of total billed charges,30 percent of billed charges; No services were performed during the 15 month look back period.,,,,,,,,Other,"Not Payable. ",155.643636,,,,,,,Case Rate,"100 Percent of Medicaid APG. ",,,,,,,,Other,"Not Payable. ",283.120016,30,,,,,0,percent of total billed charges,30 percent of billed charges; No services were performed during the 15 month look back period.,,,,,,,,Fee Schedule,"100 % Zero Pay Code. ",155.643636,,,,,,,Case Rate,"100 Percent of Medicaid APG. ",424.680024,45,,,,,0,percent of total billed charges,45 percent of billed charges; No services were performed during the 15 month look back period.,186.772364,,,,,,,Fee Schedule,"120 Percent of Medicaid APG. ",186.772364,,,,,,,Fee Schedule,"120 Percent of Medicaid APG. ",424.680024,45,,,,,0,percent of total billed charges,45 percent of billed charges; No services were performed during the 15 month look back period.,424.680024,45,,,,,0,percent of total billed charges,45 percent of billed charges; No services were performed during the 15 month look back period.,424.680024,45,,,,,0,percent of total billed charges,45 percent of billed charges; No services were performed during the 15 month look back period.,,,,,,,,Fee Schedule,"100 % Zero Pay Code. ",424.680024,45,,,,,0,percent of total billed charges,45 percent of billed charges; No services were performed during the 15 month look back period.,424.680024,45,,,,,0,percent of total billed charges,45 percent of billed charges; No services were performed during the 15 month look back period.,424.680024,45,,,,,0,percent of total billed charges,45 percent of billed charges; No services were performed during the 15 month look back period.,688.925372,73,,,,,0,percent of total billed charges,73 percent of billed charges; No services were performed during the 15 month look back period.,688.925372,73,,,,,0,percent of total billed charges,73 percent of billed charges; No services were performed during the 15 month look back period.,,,,,,,,Fee Schedule,NA. Not payable,155.643636,,,,,,,Case Rate,"100 Percent of Medicaid APG. ",,,,,,,,Fee Schedule,"100 % Zero Pay Code. ",283.120016,30,,,,,0,percent of total billed charges,30 percent of billed charges; No services were performed during the 15 month look back period.,566.240032,60,,,,,0,percent of total billed charges,60 percent of billed charges; No services were performed during the 15 month look back period.,,,,,,,,Fee Schedule,"100 % Zero Pay Code. ",566.240032,60,,,,,0,percent of total billed charges,60 percent of billed charges; No services were performed during the 15 month look back period.,,,,,,,,Fee Schedule,"100 % Zero Pay Code. ",424.680024,45,,,,,0,percent of total billed charges,45 percent of billed charges; No services were performed during the 15 month look back period.,424.680024,45,,,,,0,percent of total billed charges,45 percent of billed charges; No services were performed during the 15 month look back period.,424.680024,45,,,,,0,percent of total billed charges,45 percent of billed charges; No services were performed during the 15 month look back period.,424.680024,45,,,,,0,percent of total billed charges,45 percent of billed charges; No services were performed during the 15 month look back period.,,,,,,,,Other,"Not Payable. ",9.437334,943.733387,
J2798,HCPCS,5010003,LOCAL,636,RC,"INJ., PERSERIS, 0.5 MG",169.540545,32.212704,Inpatient,ME,0.5,,,,,,,,,,,,,,,,,,,,50.862163,30,,,,,0,percent of total billed charges,30 Percent of charges; No services were performed during the 15 month look back period.,169.540545,100,,,,,0,percent of total billed charges,100 percent of charges; No services were performed during the 15 month look back period.,,,,,,,,,,50.862163,30,,,,,0,percent of total billed charges,30 Percent of charges; No services were performed during the 15 month look back period.,50.862163,30,,,,,0,percent of total billed charges,30 Percent of charges; No services were performed during the 15 month look back period.,50.862163,30,,,,,0,percent of total billed charges,30 Percent of charges; No services were performed during the 15 month look back period.,16.954054,10,,,,,0,percent of total billed charges,10 percent of charges; No services were performed during the 15 month look back period.,,,,,,,,,,123.764598,73,,,,,0,percent of total billed charges,73 percent of charges; No services were performed during the 15 month look back period.,16.954054,10,,,,,0,percent of total billed charges,10 percent of charges; No services were performed during the 15 month look back period.,,,,,,,,,,,,,,,,,,,54.252974,32,,,,,0,percent of total billed charges,32 pecent of charges; No services were performed during the 15 month look back period.,54.252974,32,,,,,0,percent of total billed charges,32 pecent of charges; No services were performed during the 15 month look back period.,54.252974,32,,,,,0,percent of total billed charges,32 pecent of charges; No services were performed during the 15 month look back period.,54.252974,32,,,,,0,percent of total billed charges,32 pecent of charges; No services were performed during the 15 month look back period.,,,,,,,,,,,,,,,,,,,,,,,,,,,,123.764598,73,,,,,0,percent of total billed charges,73 percent of charges; No services were performed during the 15 month look back period.,50.862163,30,,,,,0,percent of total billed charges,30 Percent of charges; No services were performed during the 15 month look back period.,67.816218,40,,,,,0,percent of total billed charges,40 percent of charges; No services were performed during the 15 month look back period.,49.166758,29,,,,,0,percent of total billed charges,29 percent of charges; No services were performed during the 15 month look back period.,67.816218,40,,,,,0,percent of total billed charges,40 percent of charges; No services were performed during the 15 month look back period.,67.816218,40,,,,,0,percent of total billed charges,40 percent of charges; No services were performed during the 15 month look back period.,123.764598,73,,,,,0,percent of total billed charges,73 percent of charges; No services were performed during the 15 month look back period.,,,,,,,,,,,,,,,,,,,,,,,,,,,,,,,,,,,,,49.166758,29,,,,,0,percent of total billed charges,29 percent of charges; No services were performed during the 15 month look back period.,49.166758,29,,,,,0,percent of total billed charges,29 percent of charges; No services were performed during the 15 month look back period.,49.166758,29,,,,,0,percent of total billed charges,29 percent of charges; No services were performed during the 15 month look back period.,49.166758,29,,,,,0,percent of total billed charges,29 percent of charges; No services were performed during the 15 month look back period.,49.166758,29,,,,,0,percent of total billed charges,29 percent of charges; No services were performed during the 15 month look back period.,49.166758,29,,,,,0,percent of total billed charges,29 percent of charges; No services were performed during the 15 month look back period.,49.166758,29,,,,,0,percent of total billed charges,29 percent of charges; No services were performed during the 15 month look back period.,123.764598,73,,,,,0,percent of total billed charges,73 percent of charges; No services were performed during the 15 month look back period.,22.040271,13,,,,,0,percent of total billed charges,13 percent of charges; No services were performed during the 15 month look back period.,22.040271,13,,,,,0,percent of total billed charges,13 percent of charges; No services were performed during the 15 month look back period.,123.764598,73,,,,,0,percent of total billed charges,73 percent of charges; No services were performed during the 15 month look back period.,54.252974,32,,,,,0,percent of total billed charges,32 pecent of charges; No services were performed during the 15 month look back period.,16.954054,10,,,,,0,percent of total billed charges,10 percent of charges; No services were performed during the 15 month look back period.,16.954054,10,,,,,0,percent of total billed charges,10 percent of charges; No services were performed during the 15 month look back period.,123.764598,73,,,,,0,percent of total billed charges,73 percent of charges; No services were performed during the 15 month look back period.,,,,,,,,,,16.954054,10,,,,,0,percent of total billed charges,10 percent of charges; No services were performed during the 15 month look back period.,16.954054,10,,,,,0,percent of total billed charges,10 percent of charges; No services were performed during the 15 month look back period.,16.954054,10,,,,,0,percent of total billed charges,10 percent of charges; No services were performed during the 15 month look back period.,,,,,,,,,,16.954054,10,,,,,0,percent of total billed charges,10 percent of charges; No services were performed during the 15 month look back period.,16.954054,10,,,,,0,percent of total billed charges,10 percent of charges; No services were performed during the 15 month look back period.,,,,,,,,,,40.689731,24,,,,,0,percent of total billed charges,24 percent of charges; No services were performed during the 15 month look back period.,,,,,,,,,,,,,,,,,,,,,,,,,,,,,,,,,,,,,,,,,,,,,,,,,,,,,,,,,,,,,,,,,,,,,,,,,,,,,,,,,,123.764598,73,,,,,0,percent of total billed charges,73 percent of charges; No services were performed during the 15 month look back period.,123.764598,73,,,,,0,percent of total billed charges,73 percent of charges; No services were performed during the 15 month look back period.,123.764598,73,,,,,0,percent of total billed charges,73 percent of charges; No services were performed during the 15 month look back period.,123.764598,73,,,,,0,percent of total billed charges,73 percent of charges; No services were performed during the 15 month look back period.,123.764598,73,,,,,0,percent of total billed charges,73 percent of charges; No services were performed during the 15 month look back period.,123.764598,73,,,,,0,percent of total billed charges,73 percent of charges; No services were performed during the 15 month look back period.,123.764598,73,,,,,0,percent of total billed charges,73 percent of charges; No services were performed during the 15 month look back period.,123.764598,73,,,,,0,percent of total billed charges,73 percent of charges; No services were performed during the 15 month look back period.,123.764598,73,,,,,0,percent of total billed charges,73 percent of charges; No services were performed during the 15 month look back period.,123.764598,73,,,,,0,percent of total billed charges,73 percent of charges; No services were performed during the 15 month look back period.,123.764598,73,,,,,0,percent of total billed charges,73 percent of charges; No services were performed during the 15 month look back period.,123.764598,73,,,,,0,percent of total billed charges,73 percent of charges; No services were performed during the 15 month look back period.,123.764598,73,,,,,0,percent of total billed charges,73 percent of charges; No services were performed during the 15 month look back period.,123.764598,73,,,,,0,percent of total billed charges,73 percent of charges; No services were performed during the 15 month look back period.,123.764598,73,,,,,0,percent of total billed charges,73 percent of charges; No services were performed during the 15 month look back period.,123.764598,73,,,,,0,percent of total billed charges,73 percent of charges; No services were performed during the 15 month look back period.,123.764598,73,,,,,0,percent of total billed charges,73 percent of charges; No services were performed during the 15 month look back period.,123.764598,73,,,,,0,percent of total billed charges,73 percent of charges; No services were performed during the 15 month look back period.,123.764598,73,,,,,0,percent of total billed charges,73 percent of charges; No services were performed during the 15 month look back period.,123.764598,73,,,,,0,percent of total billed charges,73 percent of charges; No services were performed during the 15 month look back period.,123.764598,73,,,,,0,percent of total billed charges,73 percent of charges; No services were performed during the 15 month look back period.,123.764598,73,,,,,0,percent of total billed charges,73 percent of charges; No services were performed during the 15 month look back period.,123.764598,73,,,,,0,percent of total billed charges,73 percent of charges; No services were performed during the 15 month look back period.,123.764598,73,,,,,0,percent of total billed charges,73 percent of charges; No services were performed during the 15 month look back period.,123.764598,73,,,,,0,percent of total billed charges,73 percent of charges; No services were performed during the 15 month look back period.,123.764598,73,,,,,0,percent of total billed charges,73 percent of charges; No services were performed during the 15 month look back period.,49.166758,29,,,,,0,percent of total billed charges,29 percent of charges; No services were performed during the 15 month look back period.,49.166758,29,,,,,0,percent of total billed charges,29 percent of charges; No services were performed during the 15 month look back period.,49.166758,29,,,,,0,percent of total billed charges,29 percent of charges; No services were performed during the 15 month look back period.,49.166758,29,,,,,0,percent of total billed charges,29 percent of charges; No services were performed during the 15 month look back period.,67.816218,40,,,,,0,percent of total billed charges,40 percent of charges; No services were performed during the 15 month look back period.,67.816218,40,,,,,0,percent of total billed charges,40 percent of charges; No services were performed during the 15 month look back period.,54.252974,32,,,,,0,percent of total billed charges,32 pecent of charges; No services were performed during the 15 month look back period.,,,,,,,,,,16.954054,10,,,,,0,percent of total billed charges,10 percent of charges; No services were performed during the 15 month look back period.,,,,,,,,,,123.764598,73,,,,,0,percent of total billed charges,73 percent of charges; No services were performed during the 15 month look back period.,67.816218,40,,,,,0,percent of total billed charges,40 percent of charges; No services were performed during the 15 month look back period.,,,,,,,,,,16.954054,10,,,,,0,percent of total billed charges,10 percent of charges; No services were performed during the 15 month look back period.,54.252974,32,,,,,0,percent of total billed charges,32 pecent of charges; No services were performed during the 15 month look back period.,,,,,,,,,,123.764598,73,,,,,0,percent of total billed charges,73 percent of charges; No services were performed during the 15 month look back period.,,,,,,,,,,49.166758,29,,,,,0,percent of total billed charges,29 percent of charges; No services were performed during the 15 month look back period.,49.166758,29,,,,,0,percent of total billed charges,29 percent of charges; No services were performed during the 15 month look back period.,49.166758,29,,,,,0,percent of total billed charges,29 percent of charges; No services were performed during the 15 month look back period.,,,,,,,,,,40.689731,24,,,,,0,percent of total billed charges,24 percent of charges; No services were performed during the 15 month look back period.,,,,,,,,,,,,,,,,,,,,,,,,,,,,,,,,,,,,,,,,,,,,,,50.862163,30,,,,,0,percent of total billed charges,30 Percent of charges; No services were performed during the 15 month look back period.,50.862163,30,,,,,0,percent of total billed charges,30 Percent of charges; No services were performed during the 15 month look back period.,,,,,,,,,,54.252974,32,,,,,0,percent of total billed charges,32 pecent of charges; No services were performed during the 15 month look back period.,16.954054,10,,,,,0,percent of total billed charges,10 percent of charges; No services were performed during the 15 month look back period.,16.954054,10,,,,,0,percent of total billed charges,10 percent of charges; No services were performed during the 15 month look back period.,,,,,,,,,,54.252974,32,,,,,0,percent of total billed charges,32 pecent of charges; No services were performed during the 15 month look back period.,50.862163,30,,,,,0,percent of total billed charges,30 Percent of charges; No services were performed during the 15 month look back period.,50.862163,30,,,,,0,percent of total billed charges,30 Percent of charges; No services were performed during the 15 month look back period.,50.862163,30,,,,,0,percent of total billed charges,30 Percent of charges; No services were performed during the 15 month look back period.,123.764598,73,,,,,0,percent of total billed charges,73 percent of charges; No services were performed during the 15 month look back period.,123.764598,73,,,,,0,percent of total billed charges,73 percent of charges; No services were performed during the 15 month look back period.,123.764598,73,,,,,0,percent of total billed charges,73 percent of charges; No services were performed during the 15 month look back period.,123.764598,73,,,,,0,percent of total billed charges,73 percent of charges; No services were performed during the 15 month look back period.,123.764598,73,,,,,0,percent of total billed charges,73 percent of charges; No services were performed during the 15 month look back period.,123.764598,73,,,,,0,percent of total billed charges,73 percent of charges; No services were performed during the 15 month look back period.,123.764598,73,,,,,0,percent of total billed charges,73 percent of charges; No services were performed during the 15 month look back period.,123.764598,73,,,,,0,percent of total billed charges,73 percent of charges; No services were performed during the 15 month look back period.,123.764598,73,,,,,0,percent of total billed charges,73 percent of charges; No services were performed during the 15 month look back period.,123.764598,73,,,,,0,percent of total billed charges,73 percent of charges; No services were performed during the 15 month look back period.,123.764598,73,,,,,0,percent of total billed charges,73 percent of charges; No services were performed during the 15 month look back period.,67.816218,40,,,,,0,percent of total billed charges,40 percent of charges; No services were performed during the 15 month look back period.,,,,,,,,,,54.252974,32,,,,,0,percent of total billed charges,32 pecent of charges; No services were performed during the 15 month look back period.,,,,,,,,,,50.862163,30,,,,,0,percent of total billed charges,30 Percent of charges; No services were performed during the 15 month look back period.,54.252974,32,,,,,0,percent of total billed charges,32 pecent of charges; No services were performed during the 15 month look back period.,54.252974,32,,,,,0,percent of total billed charges,32 pecent of charges; No services were performed during the 15 month look back period.,123.764598,73,,,,,0,percent of total billed charges,73 percent of charges; No services were performed during the 15 month look back period.,33.908109,20,,,,,0,percent of total billed charges,20 percent of charges; No services were performed during the 15 month look back period.,54.252974,32,,,,,0,percent of total billed charges,32 pecent of charges; No services were performed during the 15 month look back period.,,,,,,,,,,,,,,,,,,,,,,,,,,,,,,,,,,,,,,,,,,,,,,,,,,,,,,,,,,,,,,,,54.252974,32,,,,,0,percent of total billed charges,32 pecent of charges; No services were performed during the 15 month look back period.,40.689731,24,,,,,0,percent of total billed charges,24 percent of charges; No services were performed during the 15 month look back period.,,,,,,,,,,,,,,,,,,,,,,,,,,,,,,,,,,,,,,,,,,,,,,,,,,,,,,,40.689731,24,,,,,0,percent of total billed charges,24 percent of charges; No services were performed during the 15 month look back period.,52.557569,31,,,,,0,percent of total billed charges,31 percent of charges; No services were performed during the 15 month look back period.,52.557569,31,,,,,0,percent of total billed charges,31 percent of charges; No services were performed during the 15 month look back period.,52.557569,31,,,,,0,percent of total billed charges,31 percent of charges; No services were performed during the 15 month look back period.,52.557569,31,,,,,0,percent of total billed charges,31 percent of charges; No services were performed during the 15 month look back period.,52.557569,31,,,,,0,percent of total billed charges,31 percent of charges; No services were performed during the 15 month look back period.,,,,,,,,,,67.816218,40,,,,,0,percent of total billed charges,40 percent of charges; No services were performed during the 15 month look back period.,67.816218,40,,,,,0,percent of total billed charges,40 percent of charges; No services were performed during the 15 month look back period.,67.816218,40,,,,,0,percent of total billed charges,40 percent of charges; No services were performed during the 15 month look back period.,67.816218,40,,,,,0,percent of total billed charges,40 percent of charges; No services were performed during the 15 month look back period.,50.862163,30,,,,,0,percent of total billed charges,30 Percent of charges; No services were performed during the 15 month look back period.,50.862163,30,,,,,0,percent of total billed charges,30 Percent of charges; No services were performed during the 15 month look back period.,50.862163,30,,,,,0,percent of total billed charges,30 Percent of charges; No services were performed during the 15 month look back period.,50.862163,30,,,,,0,percent of total billed charges,30 Percent of charges; No services were performed during the 15 month look back period.,40.689731,24,,,,,0,percent of total billed charges,24 percent of charges; No services were performed during the 15 month look back period.,40.689731,24,,,,,0,percent of total billed charges,24 percent of charges; No services were performed during the 15 month look back period.,,,,,,,,,,,,,,,,,,,,,,,,,,,,,,,,,,,,,,,,,,,,,,,,,,,,,,,40.689731,24,,,,,0,percent of total billed charges,24 percent of charges; No services were performed during the 15 month look back period.,50.862163,30,,,,,0,percent of total billed charges,30 Percent of charges; No services were performed during the 15 month look back period.,,,,,,,,,,,,,,,,,,,,,,,,,,,,,,,,,,,,,,,,,,,,,,,,,,,,,,,,,,,,,,,,,,,,,,,,,,,,,,,,,,,,,,,,,,,,,,,,,,,,,,,,,,,,,,,,,,,,,,,,,,,,,,,,,,,,,,,,,,,,,,,,,,,,,,,,,,,,,,,,,,,,,,,,,,,,,,,,,,,,,,,,,,,,,,,,,,,,,,,50.862163,30,,,,,0,percent of total billed charges,30 Percent of charges; No services were performed during the 15 month look back period.,,,,,,,,,,,,,,,,,,,,,,,,,,,,,,,,,,,,,,,,,,,,,,,,,,,,,,,,,,,,,,,,16.954054,10,,,,,0,percent of total billed charges,10 percent of charges; No services were performed during the 15 month look back period.,16.954054,10,,,,,0,percent of total billed charges,10 percent of charges; No services were performed during the 15 month look back period.,16.954054,10,,,,,0,percent of total billed charges,10 percent of charges; No services were performed during the 15 month look back period.,16.954054,10,,,,,0,percent of total billed charges,10 percent of charges; No services were performed during the 15 month look back period.,,,,,,,,,,40.689731,24,,,,,0,percent of total billed charges,24 percent of charges; No services were performed during the 15 month look back period.,49.166758,29,,,,,0,percent of total billed charges,29 percent of charges; No services were performed during the 15 month look back period.,49.166758,29,,,,,0,percent of total billed charges,29 percent of charges; No services were performed during the 15 month look back period.,49.166758,29,,,,,0,percent of total billed charges,29 percent of charges; No services were performed during the 15 month look back period.,49.166758,29,,,,,0,percent of total billed charges,29 percent of charges; No services were performed during the 15 month look back period.,,,,,,,,,,,,,,,,,,,,,,,,,,,,,,,,,,,,,,,,,,,,,,,,,,,,,,,,,,,,,,,,,,,,,,,,,,,,,,,,,,,,,,,,,,,50.862163,30,,,,,0,percent of total billed charges,30 Percent of charges; No services were performed during the 15 month look back period.,,,,,,,,,,,,,,,,,,,,,,,,,,,,,,,,,,,,,,,,,,,,,,,,,,,,,,,,,,,,,,,,,,,,,,,,,,,,,,,,,,,,,,,,,,,,,,,,,,,,,,,,,,,,,,,,,,,,,,,,,,,,,,,54.252974,32,,,,,0,percent of total billed charges,32 pecent of charges; No services were performed during the 15 month look back period.,,,,,,,,,,,,,,,,,,,,,,,,,,,,,,,,,,,,,,,,,,,,,,49.166758,29,,,,,0,percent of total billed charges,29 percent of charges; No services were performed during the 15 month look back period.,49.166758,29,,,,,0,percent of total billed charges,29 percent of charges; No services were performed during the 15 month look back period.,49.166758,29,,,,,0,percent of total billed charges,29 percent of charges; No services were performed during the 15 month look back period.,49.166758,29,,,,,0,percent of total billed charges,29 percent of charges; No services were performed during the 15 month look back period.,,,,,,,,,,49.166758,29,,,,,0,percent of total billed charges,29 percent of charges; No services were performed during the 15 month look back period.,50.862163,30,,,,,0,percent of total billed charges,30 Percent of charges; No services were performed during the 15 month look back period.,49.166758,29,,,,,0,percent of total billed charges,29 percent of charges; No services were performed during the 15 month look back period.,54.252974,32,,,,,0,percent of total billed charges,32 pecent of charges; No services were performed during the 15 month look back period.,49.166758,29,,,,,0,percent of total billed charges,29 percent of charges; No services were performed during the 15 month look back period.,,,,,,,,,,,,,,,,,,,,,,,,,,,,49.166758,29,,,,,0,percent of total billed charges,29 percent of charges; No services were performed during the 15 month look back period.,,,,,,,,,,,,,,,,,,,,,,,,,,,,,,,,,,,,,,,,,,,,,,49.166758,29,,,,,0,percent of total billed charges,29 percent of charges; No services were performed during the 15 month look back period.,49.166758,29,,,,,0,percent of total billed charges,29 percent of charges; No services were performed during the 15 month look back period.,49.166758,29,,,,,0,percent of total billed charges,29 percent of charges; No services were performed during the 15 month look back period.,49.166758,29,,,,,0,percent of total billed charges,29 percent of charges; No services were performed during the 15 month look back period.,,,,,,,,,,,,,,,,,,,,,,,,,,,,,,,,,,,,,,,,,,,,,,,,,,,,,,,,,,,,,,,,,,,,,,,,,,,,,,,,,,,,,,,,,,,49.166758,29,,,,,0,percent of total billed charges,29 percent of charges; No services were performed during the 15 month look back period.,54.252974,32,,,,,0,percent of total billed charges,32 pecent of charges; No services were performed during the 15 month look back period.,123.764598,73,,,,,0,percent of total billed charges,73 percent of charges; No services were performed during the 15 month look back period.,16.954054,10,,,,,0,percent of total billed charges,10 percent of charges; No services were performed during the 15 month look back period.,16.954054,10,,,,,0,percent of total billed charges,10 percent of charges; No services were performed during the 15 month look back period.,50.862163,30,,,,,0,percent of total billed charges,30 Percent of charges; No services were performed during the 15 month look back period.,,,,,,,,,,67.816218,40,,,,,0,percent of total billed charges,40 percent of charges; No services were performed during the 15 month look back period.,67.816218,40,,,,,0,percent of total billed charges,40 percent of charges; No services were performed during the 15 month look back period.,,,,,,,,,,,,,,,,,,,,,,,,,,,,,,,,,,,,,,,,,,,,,,,,,,,,,,,16.954054,10,,,,,0,percent of total billed charges,10 percent of charges; No services were performed during the 15 month look back period.,,,,,,,,,,,,,,,,,,,,,,,,,,,,,,,,,,,,,49.166758,29,,,,,0,percent of total billed charges,29 percent of charges; No services were performed during the 15 month look back period.,,,,,,,,,,,,,,,,,,,49.166758,29,,,,,0,percent of total billed charges,29 percent of charges; No services were performed during the 15 month look back period.,,,,,,,,,,,,,,,,,,,,,,,,,,,,40.689731,24,,,,,0,percent of total billed charges,24 percent of charges; No services were performed during the 15 month look back period.,49.166758,29,,,,,0,percent of total billed charges,29 percent of charges; No services were performed during the 15 month look back period.,,,,,,,,,,,,,,,,,,,,,,,,,,,,,,,,,,,,,16.954054,10,,,,,0,percent of total billed charges,10 percent of charges; No services were performed during the 15 month look back period.,,,,,,,,,,,,,,,,,,,,,,,,,,,,,,,,,,,,,,,,,,,,,,,,,,,,,,,,,,,,,,,,,,,,,,,,,16.954054,10,,,,,0,percent of total billed charges,10 percent of charges; No services were performed during the 15 month look back period.,,,,,,,,,,,,,,,,,,,,,,,,,,,,,,,,,,,,,,,,,,,,,,,,,,,,,,,,,,,,,,,,,,,,,,,,,,,,,,,,,,,,,,,,,,,,,,,,,,,,,,,,,,,,,,,,,,,,,,49.166758,29,,,,,0,percent of total billed charges,29 percent of charges; No services were performed during the 15 month look back period.,49.166758,29,,,,,0,percent of total billed charges,29 percent of charges; No services were performed during the 15 month look back period.,49.166758,29,,,,,0,percent of total billed charges,29 percent of charges; No services were performed during the 15 month look back period.,49.166758,29,,,,,0,percent of total billed charges,29 percent of charges; No services were performed during the 15 month look back period.,49.166758,29,,,,,0,percent of total billed charges,29 percent of charges; No services were performed during the 15 month look back period.,49.166758,29,,,,,0,percent of total billed charges,29 percent of charges; No services were performed during the 15 month look back period.,49.166758,29,,,,,0,percent of total billed charges,29 percent of charges; No services were performed during the 15 month look back period.,49.166758,29,,,,,0,percent of total billed charges,29 percent of charges; No services were performed during the 15 month look back period.,49.166758,29,,,,,0,percent of total billed charges,29 percent of charges; No services were performed during the 15 month look back period.,49.166758,29,,,,,0,percent of total billed charges,29 percent of charges; No services were performed during the 15 month look back period.,49.166758,29,,,,,0,percent of total billed charges,29 percent of charges; No services were performed during the 15 month look back period.,49.166758,29,,,,,0,percent of total billed charges,29 percent of charges; No services were performed during the 15 month look back period.,49.166758,29,,,,,0,percent of total billed charges,29 percent of charges; No services were performed during the 15 month look back period.,,,,,,,,,,49.166758,29,,,,,0,percent of total billed charges,29 percent of charges; No services were performed during the 15 month look back period.,,,,,,,,,,32.212704,19,,,,,0,percent of total billed charges,19 percent of charges; No services were performed during the 15 month look back period.,22.040271,13,,,,,0,percent of total billed charges,13 percent of charges; No services were performed during the 15 month look back period.,16.954054,10,,,,,0,percent of total billed charges,10 percent of charges; No services were performed during the 15 month look back period.,16.954054,10,,,,,0,percent of total billed charges,10 percent of charges; No services were performed during the 15 month look back period.,,,,,,,,,,67.816218,40,,,,,0,percent of total billed charges,40 percent of charges; No services were performed during the 15 month look back period.,,,,,,,,,,,,,,,,,,,50.862163,30,,,,,0,percent of total billed charges,30 Percent of charges; No services were performed during the 15 month look back period.,,,,,,,,,,54.252974,32,,,,,0,percent of total billed charges,32 pecent of charges; No services were performed during the 15 month look back period.,,,,,,,,,,54.252974,32,,,,,0,percent of total billed charges,32 pecent of charges; No services were performed during the 15 month look back period.,50.862163,30,,,,,0,percent of total billed charges,30 Percent of charges; No services were performed during the 15 month look back period.,54.252974,32,,,,,0,percent of total billed charges,32 pecent of charges; No services were performed during the 15 month look back period.,,,,,,,,,,,,,,,,,,,,,,,,,,,,54.252974,32,,,,,0,percent of total billed charges,32 pecent of charges; No services were performed during the 15 month look back period.,16.954054,10,,,,,0,percent of total billed charges,10 percent of charges; No services were performed during the 15 month look back period.,,,,,,,,,,,,,,,,,,,,,,,,,,,,,,,,,,,,,,,,,,,,,,,,,,,,,,,,,,,,,,,,16.954054,10,,,,,0,percent of total billed charges,10 percent of charges; No services were performed during the 15 month look back period.,,,,,,,,,,,,,,,,,,,,,,,,,,,,49.166758,29,,,,,0,percent of total billed charges,29 percent of charges; No services were performed during the 15 month look back period.,49.166758,29,,,,,0,percent of total billed charges,29 percent of charges; No services were performed during the 15 month look back period.,52.557569,31,,,,,0,percent of total billed charges,31 percent of charges; No services were performed during the 15 month look back period.,,,,,,,,,,16.954054,10,,,,,0,percent of total billed charges,10 percent of charges; No services were performed during the 15 month look back period.,54.252974,32,,,,,0,percent of total billed charges,32 pecent of charges; No services were performed during the 15 month look back period.,50.862163,30,,,,,0,percent of total billed charges,30 Percent of charges; No services were performed during the 15 month look back period.,16.954054,10,,,,,0,percent of total billed charges,10 percent of charges; No services were performed during the 15 month look back period.,50.862163,30,,,,,0,percent of total billed charges,30 Percent of charges; No services were performed during the 15 month look back period.,16.954054,10,,,,,0,percent of total billed charges,10 percent of charges; No services were performed during the 15 month look back period.,,,,,,,,,,,,,,,,,,,,,,,,,,,,,,,,,,,,,,,,,,,,,,12.137,1143.507273,
J2850,HCPCS,5010003,LOCAL,636,RC,INJ SECRETIN SYNTHETIC HUMAN,536.381773,101.912537,Inpatient,ME,0.001,,,,,,,,,,,,,,,,,,,,160.914532,30,,,,,0,percent of total billed charges,30 Percent of charges; No services were performed during the 15 month look back period.,536.381773,100,,,,,0,percent of total billed charges,100 percent of charges; No services were performed during the 15 month look back period.,,,,,,,,,,160.914532,30,,,,,0,percent of total billed charges,30 Percent of charges; No services were performed during the 15 month look back period.,160.914532,30,,,,,0,percent of total billed charges,30 Percent of charges; No services were performed during the 15 month look back period.,160.914532,30,,,,,0,percent of total billed charges,30 Percent of charges; No services were performed during the 15 month look back period.,53.638177,10,,,,,0,percent of total billed charges,10 percent of charges; No services were performed during the 15 month look back period.,,,,,,,,,,391.558694,73,,,,,0,percent of total billed charges,73 percent of charges; No services were performed during the 15 month look back period.,53.638177,10,,,,,0,percent of total billed charges,10 percent of charges; No services were performed during the 15 month look back period.,,,,,,,,,,,,,,,,,,,171.642167,32,,,,,0,percent of total billed charges,32 pecent of charges; No services were performed during the 15 month look back period.,171.642167,32,,,,,0,percent of total billed charges,32 pecent of charges; No services were performed during the 15 month look back period.,171.642167,32,,,,,0,percent of total billed charges,32 pecent of charges; No services were performed during the 15 month look back period.,171.642167,32,,,,,0,percent of total billed charges,32 pecent of charges; No services were performed during the 15 month look back period.,,,,,,,,,,,,,,,,,,,,,,,,,,,,391.558694,73,,,,,0,percent of total billed charges,73 percent of charges; No services were performed during the 15 month look back period.,160.914532,30,,,,,0,percent of total billed charges,30 Percent of charges; No services were performed during the 15 month look back period.,214.552709,40,,,,,0,percent of total billed charges,40 percent of charges; No services were performed during the 15 month look back period.,155.550714,29,,,,,0,percent of total billed charges,29 percent of charges; No services were performed during the 15 month look back period.,214.552709,40,,,,,0,percent of total billed charges,40 percent of charges; No services were performed during the 15 month look back period.,214.552709,40,,,,,0,percent of total billed charges,40 percent of charges; No services were performed during the 15 month look back period.,391.558694,73,,,,,0,percent of total billed charges,73 percent of charges; No services were performed during the 15 month look back period.,,,,,,,,,,,,,,,,,,,,,,,,,,,,,,,,,,,,,155.550714,29,,,,,0,percent of total billed charges,29 percent of charges; No services were performed during the 15 month look back period.,155.550714,29,,,,,0,percent of total billed charges,29 percent of charges; No services were performed during the 15 month look back period.,155.550714,29,,,,,0,percent of total billed charges,29 percent of charges; No services were performed during the 15 month look back period.,155.550714,29,,,,,0,percent of total billed charges,29 percent of charges; No services were performed during the 15 month look back period.,155.550714,29,,,,,0,percent of total billed charges,29 percent of charges; No services were performed during the 15 month look back period.,155.550714,29,,,,,0,percent of total billed charges,29 percent of charges; No services were performed during the 15 month look back period.,155.550714,29,,,,,0,percent of total billed charges,29 percent of charges; No services were performed during the 15 month look back period.,391.558694,73,,,,,0,percent of total billed charges,73 percent of charges; No services were performed during the 15 month look back period.,69.729631,13,,,,,0,percent of total billed charges,13 percent of charges; No services were performed during the 15 month look back period.,69.729631,13,,,,,0,percent of total billed charges,13 percent of charges; No services were performed during the 15 month look back period.,391.558694,73,,,,,0,percent of total billed charges,73 percent of charges; No services were performed during the 15 month look back period.,171.642167,32,,,,,0,percent of total billed charges,32 pecent of charges; No services were performed during the 15 month look back period.,53.638177,10,,,,,0,percent of total billed charges,10 percent of charges; No services were performed during the 15 month look back period.,53.638177,10,,,,,0,percent of total billed charges,10 percent of charges; No services were performed during the 15 month look back period.,391.558694,73,,,,,0,percent of total billed charges,73 percent of charges; No services were performed during the 15 month look back period.,,,,,,,,,,53.638177,10,,,,,0,percent of total billed charges,10 percent of charges; No services were performed during the 15 month look back period.,53.638177,10,,,,,0,percent of total billed charges,10 percent of charges; No services were performed during the 15 month look back period.,53.638177,10,,,,,0,percent of total billed charges,10 percent of charges; No services were performed during the 15 month look back period.,,,,,,,,,,53.638177,10,,,,,0,percent of total billed charges,10 percent of charges; No services were performed during the 15 month look back period.,53.638177,10,,,,,0,percent of total billed charges,10 percent of charges; No services were performed during the 15 month look back period.,,,,,,,,,,128.731626,24,,,,,0,percent of total billed charges,24 percent of charges; No services were performed during the 15 month look back period.,,,,,,,,,,,,,,,,,,,,,,,,,,,,,,,,,,,,,,,,,,,,,,,,,,,,,,,,,,,,,,,,,,,,,,,,,,,,,,,,,,391.558694,73,,,,,0,percent of total billed charges,73 percent of charges; No services were performed during the 15 month look back period.,391.558694,73,,,,,0,percent of total billed charges,73 percent of charges; No services were performed during the 15 month look back period.,391.558694,73,,,,,0,percent of total billed charges,73 percent of charges; No services were performed during the 15 month look back period.,391.558694,73,,,,,0,percent of total billed charges,73 percent of charges; No services were performed during the 15 month look back period.,391.558694,73,,,,,0,percent of total billed charges,73 percent of charges; No services were performed during the 15 month look back period.,391.558694,73,,,,,0,percent of total billed charges,73 percent of charges; No services were performed during the 15 month look back period.,391.558694,73,,,,,0,percent of total billed charges,73 percent of charges; No services were performed during the 15 month look back period.,391.558694,73,,,,,0,percent of total billed charges,73 percent of charges; No services were performed during the 15 month look back period.,391.558694,73,,,,,0,percent of total billed charges,73 percent of charges; No services were performed during the 15 month look back period.,391.558694,73,,,,,0,percent of total billed charges,73 percent of charges; No services were performed during the 15 month look back period.,391.558694,73,,,,,0,percent of total billed charges,73 percent of charges; No services were performed during the 15 month look back period.,391.558694,73,,,,,0,percent of total billed charges,73 percent of charges; No services were performed during the 15 month look back period.,391.558694,73,,,,,0,percent of total billed charges,73 percent of charges; No services were performed during the 15 month look back period.,391.558694,73,,,,,0,percent of total billed charges,73 percent of charges; No services were performed during the 15 month look back period.,391.558694,73,,,,,0,percent of total billed charges,73 percent of charges; No services were performed during the 15 month look back period.,391.558694,73,,,,,0,percent of total billed charges,73 percent of charges; No services were performed during the 15 month look back period.,391.558694,73,,,,,0,percent of total billed charges,73 percent of charges; No services were performed during the 15 month look back period.,391.558694,73,,,,,0,percent of total billed charges,73 percent of charges; No services were performed during the 15 month look back period.,391.558694,73,,,,,0,percent of total billed charges,73 percent of charges; No services were performed during the 15 month look back period.,391.558694,73,,,,,0,percent of total billed charges,73 percent of charges; No services were performed during the 15 month look back period.,391.558694,73,,,,,0,percent of total billed charges,73 percent of charges; No services were performed during the 15 month look back period.,391.558694,73,,,,,0,percent of total billed charges,73 percent of charges; No services were performed during the 15 month look back period.,391.558694,73,,,,,0,percent of total billed charges,73 percent of charges; No services were performed during the 15 month look back period.,391.558694,73,,,,,0,percent of total billed charges,73 percent of charges; No services were performed during the 15 month look back period.,391.558694,73,,,,,0,percent of total billed charges,73 percent of charges; No services were performed during the 15 month look back period.,391.558694,73,,,,,0,percent of total billed charges,73 percent of charges; No services were performed during the 15 month look back period.,155.550714,29,,,,,0,percent of total billed charges,29 percent of charges; No services were performed during the 15 month look back period.,155.550714,29,,,,,0,percent of total billed charges,29 percent of charges; No services were performed during the 15 month look back period.,155.550714,29,,,,,0,percent of total billed charges,29 percent of charges; No services were performed during the 15 month look back period.,155.550714,29,,,,,0,percent of total billed charges,29 percent of charges; No services were performed during the 15 month look back period.,214.552709,40,,,,,0,percent of total billed charges,40 percent of charges; No services were performed during the 15 month look back period.,214.552709,40,,,,,0,percent of total billed charges,40 percent of charges; No services were performed during the 15 month look back period.,171.642167,32,,,,,0,percent of total billed charges,32 pecent of charges; No services were performed during the 15 month look back period.,,,,,,,,,,53.638177,10,,,,,0,percent of total billed charges,10 percent of charges; No services were performed during the 15 month look back period.,,,,,,,,,,391.558694,73,,,,,0,percent of total billed charges,73 percent of charges; No services were performed during the 15 month look back period.,214.552709,40,,,,,0,percent of total billed charges,40 percent of charges; No services were performed during the 15 month look back period.,,,,,,,,,,53.638177,10,,,,,0,percent of total billed charges,10 percent of charges; No services were performed during the 15 month look back period.,171.642167,32,,,,,0,percent of total billed charges,32 pecent of charges; No services were performed during the 15 month look back period.,,,,,,,,,,391.558694,73,,,,,0,percent of total billed charges,73 percent of charges; No services were performed during the 15 month look back period.,,,,,,,,,,155.550714,29,,,,,0,percent of total billed charges,29 percent of charges; No services were performed during the 15 month look back period.,155.550714,29,,,,,0,percent of total billed charges,29 percent of charges; No services were performed during the 15 month look back period.,155.550714,29,,,,,0,percent of total billed charges,29 percent of charges; No services were performed during the 15 month look back period.,,,,,,,,,,128.731626,24,,,,,0,percent of total billed charges,24 percent of charges; No services were performed during the 15 month look back period.,,,,,,,,,,,,,,,,,,,,,,,,,,,,,,,,,,,,,,,,,,,,,,160.914532,30,,,,,0,percent of total billed charges,30 Percent of charges; No services were performed during the 15 month look back period.,160.914532,30,,,,,0,percent of total billed charges,30 Percent of charges; No services were performed during the 15 month look back period.,,,,,,,,,,171.642167,32,,,,,0,percent of total billed charges,32 pecent of charges; No services were performed during the 15 month look back period.,53.638177,10,,,,,0,percent of total billed charges,10 percent of charges; No services were performed during the 15 month look back period.,53.638177,10,,,,,0,percent of total billed charges,10 percent of charges; No services were performed during the 15 month look back period.,,,,,,,,,,171.642167,32,,,,,0,percent of total billed charges,32 pecent of charges; No services were performed during the 15 month look back period.,160.914532,30,,,,,0,percent of total billed charges,30 Percent of charges; No services were performed during the 15 month look back period.,160.914532,30,,,,,0,percent of total billed charges,30 Percent of charges; No services were performed during the 15 month look back period.,160.914532,30,,,,,0,percent of total billed charges,30 Percent of charges; No services were performed during the 15 month look back period.,391.558694,73,,,,,0,percent of total billed charges,73 percent of charges; No services were performed during the 15 month look back period.,391.558694,73,,,,,0,percent of total billed charges,73 percent of charges; No services were performed during the 15 month look back period.,391.558694,73,,,,,0,percent of total billed charges,73 percent of charges; No services were performed during the 15 month look back period.,391.558694,73,,,,,0,percent of total billed charges,73 percent of charges; No services were performed during the 15 month look back period.,391.558694,73,,,,,0,percent of total billed charges,73 percent of charges; No services were performed during the 15 month look back period.,391.558694,73,,,,,0,percent of total billed charges,73 percent of charges; No services were performed during the 15 month look back period.,391.558694,73,,,,,0,percent of total billed charges,73 percent of charges; No services were performed during the 15 month look back period.,391.558694,73,,,,,0,percent of total billed charges,73 percent of charges; No services were performed during the 15 month look back period.,391.558694,73,,,,,0,percent of total billed charges,73 percent of charges; No services were performed during the 15 month look back period.,391.558694,73,,,,,0,percent of total billed charges,73 percent of charges; No services were performed during the 15 month look back period.,391.558694,73,,,,,0,percent of total billed charges,73 percent of charges; No services were performed during the 15 month look back period.,214.552709,40,,,,,0,percent of total billed charges,40 percent of charges; No services were performed during the 15 month look back period.,,,,,,,,,,171.642167,32,,,,,0,percent of total billed charges,32 pecent of charges; No services were performed during the 15 month look back period.,,,,,,,,,,160.914532,30,,,,,0,percent of total billed charges,30 Percent of charges; No services were performed during the 15 month look back period.,171.642167,32,,,,,0,percent of total billed charges,32 pecent of charges; No services were performed during the 15 month look back period.,171.642167,32,,,,,0,percent of total billed charges,32 pecent of charges; No services were performed during the 15 month look back period.,391.558694,73,,,,,0,percent of total billed charges,73 percent of charges; No services were performed during the 15 month look back period.,107.276355,20,,,,,0,percent of total billed charges,20 percent of charges; No services were performed during the 15 month look back period.,171.642167,32,,,,,0,percent of total billed charges,32 pecent of charges; No services were performed during the 15 month look back period.,,,,,,,,,,,,,,,,,,,,,,,,,,,,,,,,,,,,,,,,,,,,,,,,,,,,,,,,,,,,,,,,171.642167,32,,,,,0,percent of total billed charges,32 pecent of charges; No services were performed during the 15 month look back period.,128.731626,24,,,,,0,percent of total billed charges,24 percent of charges; No services were performed during the 15 month look back period.,,,,,,,,,,,,,,,,,,,,,,,,,,,,,,,,,,,,,,,,,,,,,,,,,,,,,,,128.731626,24,,,,,0,percent of total billed charges,24 percent of charges; No services were performed during the 15 month look back period.,166.27835,31,,,,,0,percent of total billed charges,31 percent of charges; No services were performed during the 15 month look back period.,166.27835,31,,,,,0,percent of total billed charges,31 percent of charges; No services were performed during the 15 month look back period.,166.27835,31,,,,,0,percent of total billed charges,31 percent of charges; No services were performed during the 15 month look back period.,166.27835,31,,,,,0,percent of total billed charges,31 percent of charges; No services were performed during the 15 month look back period.,166.27835,31,,,,,0,percent of total billed charges,31 percent of charges; No services were performed during the 15 month look back period.,,,,,,,,,,214.552709,40,,,,,0,percent of total billed charges,40 percent of charges; No services were performed during the 15 month look back period.,214.552709,40,,,,,0,percent of total billed charges,40 percent of charges; No services were performed during the 15 month look back period.,214.552709,40,,,,,0,percent of total billed charges,40 percent of charges; No services were performed during the 15 month look back period.,214.552709,40,,,,,0,percent of total billed charges,40 percent of charges; No services were performed during the 15 month look back period.,160.914532,30,,,,,0,percent of total billed charges,30 Percent of charges; No services were performed during the 15 month look back period.,160.914532,30,,,,,0,percent of total billed charges,30 Percent of charges; No services were performed during the 15 month look back period.,160.914532,30,,,,,0,percent of total billed charges,30 Percent of charges; No services were performed during the 15 month look back period.,160.914532,30,,,,,0,percent of total billed charges,30 Percent of charges; No services were performed during the 15 month look back period.,128.731626,24,,,,,0,percent of total billed charges,24 percent of charges; No services were performed during the 15 month look back period.,128.731626,24,,,,,0,percent of total billed charges,24 percent of charges; No services were performed during the 15 month look back period.,,,,,,,,,,,,,,,,,,,,,,,,,,,,,,,,,,,,,,,,,,,,,,,,,,,,,,,128.731626,24,,,,,0,percent of total billed charges,24 percent of charges; No services were performed during the 15 month look back period.,160.914532,30,,,,,0,percent of total billed charges,30 Percent of charges; No services were performed during the 15 month look back period.,,,,,,,,,,,,,,,,,,,,,,,,,,,,,,,,,,,,,,,,,,,,,,,,,,,,,,,,,,,,,,,,,,,,,,,,,,,,,,,,,,,,,,,,,,,,,,,,,,,,,,,,,,,,,,,,,,,,,,,,,,,,,,,,,,,,,,,,,,,,,,,,,,,,,,,,,,,,,,,,,,,,,,,,,,,,,,,,,,,,,,,,,,,,,,,,,,,,,,,160.914532,30,,,,,0,percent of total billed charges,30 Percent of charges; No services were performed during the 15 month look back period.,,,,,,,,,,,,,,,,,,,,,,,,,,,,,,,,,,,,,,,,,,,,,,,,,,,,,,,,,,,,,,,,53.638177,10,,,,,0,percent of total billed charges,10 percent of charges; No services were performed during the 15 month look back period.,53.638177,10,,,,,0,percent of total billed charges,10 percent of charges; No services were performed during the 15 month look back period.,53.638177,10,,,,,0,percent of total billed charges,10 percent of charges; No services were performed during the 15 month look back period.,53.638177,10,,,,,0,percent of total billed charges,10 percent of charges; No services were performed during the 15 month look back period.,,,,,,,,,,128.731626,24,,,,,0,percent of total billed charges,24 percent of charges; No services were performed during the 15 month look back period.,155.550714,29,,,,,0,percent of total billed charges,29 percent of charges; No services were performed during the 15 month look back period.,155.550714,29,,,,,0,percent of total billed charges,29 percent of charges; No services were performed during the 15 month look back period.,155.550714,29,,,,,0,percent of total billed charges,29 percent of charges; No services were performed during the 15 month look back period.,155.550714,29,,,,,0,percent of total billed charges,29 percent of charges; No services were performed during the 15 month look back period.,,,,,,,,,,,,,,,,,,,,,,,,,,,,,,,,,,,,,,,,,,,,,,,,,,,,,,,,,,,,,,,,,,,,,,,,,,,,,,,,,,,,,,,,,,,160.914532,30,,,,,0,percent of total billed charges,30 Percent of charges; No services were performed during the 15 month look back period.,,,,,,,,,,,,,,,,,,,,,,,,,,,,,,,,,,,,,,,,,,,,,,,,,,,,,,,,,,,,,,,,,,,,,,,,,,,,,,,,,,,,,,,,,,,,,,,,,,,,,,,,,,,,,,,,,,,,,,,,,,,,,,,171.642167,32,,,,,0,percent of total billed charges,32 pecent of charges; No services were performed during the 15 month look back period.,,,,,,,,,,,,,,,,,,,,,,,,,,,,,,,,,,,,,,,,,,,,,,155.550714,29,,,,,0,percent of total billed charges,29 percent of charges; No services were performed during the 15 month look back period.,155.550714,29,,,,,0,percent of total billed charges,29 percent of charges; No services were performed during the 15 month look back period.,155.550714,29,,,,,0,percent of total billed charges,29 percent of charges; No services were performed during the 15 month look back period.,155.550714,29,,,,,0,percent of total billed charges,29 percent of charges; No services were performed during the 15 month look back period.,,,,,,,,,,155.550714,29,,,,,0,percent of total billed charges,29 percent of charges; No services were performed during the 15 month look back period.,160.914532,30,,,,,0,percent of total billed charges,30 Percent of charges; No services were performed during the 15 month look back period.,155.550714,29,,,,,0,percent of total billed charges,29 percent of charges; No services were performed during the 15 month look back period.,171.642167,32,,,,,0,percent of total billed charges,32 pecent of charges; No services were performed during the 15 month look back period.,155.550714,29,,,,,0,percent of total billed charges,29 percent of charges; No services were performed during the 15 month look back period.,,,,,,,,,,,,,,,,,,,,,,,,,,,,155.550714,29,,,,,0,percent of total billed charges,29 percent of charges; No services were performed during the 15 month look back period.,,,,,,,,,,,,,,,,,,,,,,,,,,,,,,,,,,,,,,,,,,,,,,155.550714,29,,,,,0,percent of total billed charges,29 percent of charges; No services were performed during the 15 month look back period.,155.550714,29,,,,,0,percent of total billed charges,29 percent of charges; No services were performed during the 15 month look back period.,155.550714,29,,,,,0,percent of total billed charges,29 percent of charges; No services were performed during the 15 month look back period.,155.550714,29,,,,,0,percent of total billed charges,29 percent of charges; No services were performed during the 15 month look back period.,,,,,,,,,,,,,,,,,,,,,,,,,,,,,,,,,,,,,,,,,,,,,,,,,,,,,,,,,,,,,,,,,,,,,,,,,,,,,,,,,,,,,,,,,,,155.550714,29,,,,,0,percent of total billed charges,29 percent of charges; No services were performed during the 15 month look back period.,171.642167,32,,,,,0,percent of total billed charges,32 pecent of charges; No services were performed during the 15 month look back period.,391.558694,73,,,,,0,percent of total billed charges,73 percent of charges; No services were performed during the 15 month look back period.,53.638177,10,,,,,0,percent of total billed charges,10 percent of charges; No services were performed during the 15 month look back period.,53.638177,10,,,,,0,percent of total billed charges,10 percent of charges; No services were performed during the 15 month look back period.,160.914532,30,,,,,0,percent of total billed charges,30 Percent of charges; No services were performed during the 15 month look back period.,,,,,,,,,,214.552709,40,,,,,0,percent of total billed charges,40 percent of charges; No services were performed during the 15 month look back period.,214.552709,40,,,,,0,percent of total billed charges,40 percent of charges; No services were performed during the 15 month look back period.,,,,,,,,,,,,,,,,,,,,,,,,,,,,,,,,,,,,,,,,,,,,,,,,,,,,,,,53.638177,10,,,,,0,percent of total billed charges,10 percent of charges; No services were performed during the 15 month look back period.,,,,,,,,,,,,,,,,,,,,,,,,,,,,,,,,,,,,,155.550714,29,,,,,0,percent of total billed charges,29 percent of charges; No services were performed during the 15 month look back period.,,,,,,,,,,,,,,,,,,,155.550714,29,,,,,0,percent of total billed charges,29 percent of charges; No services were performed during the 15 month look back period.,,,,,,,,,,,,,,,,,,,,,,,,,,,,128.731626,24,,,,,0,percent of total billed charges,24 percent of charges; No services were performed during the 15 month look back period.,155.550714,29,,,,,0,percent of total billed charges,29 percent of charges; No services were performed during the 15 month look back period.,,,,,,,,,,,,,,,,,,,,,,,,,,,,,,,,,,,,,53.638177,10,,,,,0,percent of total billed charges,10 percent of charges; No services were performed during the 15 month look back period.,,,,,,,,,,,,,,,,,,,,,,,,,,,,,,,,,,,,,,,,,,,,,,,,,,,,,,,,,,,,,,,,,,,,,,,,,53.638177,10,,,,,0,percent of total billed charges,10 percent of charges; No services were performed during the 15 month look back period.,,,,,,,,,,,,,,,,,,,,,,,,,,,,,,,,,,,,,,,,,,,,,,,,,,,,,,,,,,,,,,,,,,,,,,,,,,,,,,,,,,,,,,,,,,,,,,,,,,,,,,,,,,,,,,,,,,,,,,155.550714,29,,,,,0,percent of total billed charges,29 percent of charges; No services were performed during the 15 month look back period.,155.550714,29,,,,,0,percent of total billed charges,29 percent of charges; No services were performed during the 15 month look back period.,155.550714,29,,,,,0,percent of total billed charges,29 percent of charges; No services were performed during the 15 month look back period.,155.550714,29,,,,,0,percent of total billed charges,29 percent of charges; No services were performed during the 15 month look back period.,155.550714,29,,,,,0,percent of total billed charges,29 percent of charges; No services were performed during the 15 month look back period.,155.550714,29,,,,,0,percent of total billed charges,29 percent of charges; No services were performed during the 15 month look back period.,155.550714,29,,,,,0,percent of total billed charges,29 percent of charges; No services were performed during the 15 month look back period.,155.550714,29,,,,,0,percent of total billed charges,29 percent of charges; No services were performed during the 15 month look back period.,155.550714,29,,,,,0,percent of total billed charges,29 percent of charges; No services were performed during the 15 month look back period.,155.550714,29,,,,,0,percent of total billed charges,29 percent of charges; No services were performed during the 15 month look back period.,155.550714,29,,,,,0,percent of total billed charges,29 percent of charges; No services were performed during the 15 month look back period.,155.550714,29,,,,,0,percent of total billed charges,29 percent of charges; No services were performed during the 15 month look back period.,155.550714,29,,,,,0,percent of total billed charges,29 percent of charges; No services were performed during the 15 month look back period.,,,,,,,,,,155.550714,29,,,,,0,percent of total billed charges,29 percent of charges; No services were performed during the 15 month look back period.,,,,,,,,,,101.912537,19,,,,,0,percent of total billed charges,19 percent of charges; No services were performed during the 15 month look back period.,69.729631,13,,,,,0,percent of total billed charges,13 percent of charges; No services were performed during the 15 month look back period.,53.638177,10,,,,,0,percent of total billed charges,10 percent of charges; No services were performed during the 15 month look back period.,53.638177,10,,,,,0,percent of total billed charges,10 percent of charges; No services were performed during the 15 month look back period.,,,,,,,,,,214.552709,40,,,,,0,percent of total billed charges,40 percent of charges; No services were performed during the 15 month look back period.,,,,,,,,,,,,,,,,,,,160.914532,30,,,,,0,percent of total billed charges,30 Percent of charges; No services were performed during the 15 month look back period.,,,,,,,,,,171.642167,32,,,,,0,percent of total billed charges,32 pecent of charges; No services were performed during the 15 month look back period.,,,,,,,,,,171.642167,32,,,,,0,percent of total billed charges,32 pecent of charges; No services were performed during the 15 month look back period.,160.914532,30,,,,,0,percent of total billed charges,30 Percent of charges; No services were performed during the 15 month look back period.,171.642167,32,,,,,0,percent of total billed charges,32 pecent of charges; No services were performed during the 15 month look back period.,,,,,,,,,,,,,,,,,,,,,,,,,,,,171.642167,32,,,,,0,percent of total billed charges,32 pecent of charges; No services were performed during the 15 month look back period.,53.638177,10,,,,,0,percent of total billed charges,10 percent of charges; No services were performed during the 15 month look back period.,,,,,,,,,,,,,,,,,,,,,,,,,,,,,,,,,,,,,,,,,,,,,,,,,,,,,,,,,,,,,,,,53.638177,10,,,,,0,percent of total billed charges,10 percent of charges; No services were performed during the 15 month look back period.,,,,,,,,,,,,,,,,,,,,,,,,,,,,155.550714,29,,,,,0,percent of total billed charges,29 percent of charges; No services were performed during the 15 month look back period.,155.550714,29,,,,,0,percent of total billed charges,29 percent of charges; No services were performed during the 15 month look back period.,166.27835,31,,,,,0,percent of total billed charges,31 percent of charges; No services were performed during the 15 month look back period.,,,,,,,,,,53.638177,10,,,,,0,percent of total billed charges,10 percent of charges; No services were performed during the 15 month look back period.,171.642167,32,,,,,0,percent of total billed charges,32 pecent of charges; No services were performed during the 15 month look back period.,160.914532,30,,,,,0,percent of total billed charges,30 Percent of charges; No services were performed during the 15 month look back period.,53.638177,10,,,,,0,percent of total billed charges,10 percent of charges; No services were performed during the 15 month look back period.,160.914532,30,,,,,0,percent of total billed charges,30 Percent of charges; No services were performed during the 15 month look back period.,53.638177,10,,,,,0,percent of total billed charges,10 percent of charges; No services were performed during the 15 month look back period.,,,,,,,,,,,,,,,,,,,,,,,,,,,,,,,,,,,,,,,,,,,,,,34.78,1143.507273,
J3055,HCPCS,5010003,LOCAL,636,RC,INJ TALQUETAMAB-TGVS 0.25 MG,1057.97664,201.015562,Outpatient,ME,0.25,,70,,,,,,,Fee Schedule,"100 % 1199 Fee Schedule. ",70,,,,,,,Fee Schedule,"100 % 1199 Fee Schedule. ",634.785984,60,,,,,0,percent of total billed charges,60 percent of billed charges; No services were performed during the 15 month look back period.,1057.97664,100,,,,,0,percent of total billed charges,100 percent of billed charges; No services were performed during the 15 month look back period.,76.5415,,,,,,,Fee Schedule,"100% ASP Fee Schedule. ",634.785984,60,,,,,0,percent of total billed charges,60 percent of billed charges; No services were performed during the 15 month look back period.,634.785984,60,,,,,0,percent of total billed charges,60 percent of billed charges; No services were performed during the 15 month look back period.,634.785984,60,,,,,0,percent of total billed charges,60 percent of billed charges; No services were performed during the 15 month look back period.,6395.738182,,,,,,,Case Rate,"100 Percent of Medicaid APG. ",5329.781818,,,,,,,Case Rate,"100 Percent of Medicaid APG. ",825.221779,78,,,,,0,percent of total billed charges,78 percent of billed charges; No services were performed during the 15 month look back period.,,,,,,,,Fee Schedule,"100 % Zero Pay Code. ",5329.781818,,,,,,,Case Rate,"100 Percent of Medicaid APG. ",76.5415,,,,,,,Fee Schedule,"100% ASP Fee Schedule. ",317.392992,30,,,,,0,percent of total billed charges,30 percent of billed charges; No services were performed during the 15 month look back period.,317.392992,30,,,,,0,percent of total billed charges,30 percent of billed charges; No services were performed during the 15 month look back period.,317.392992,30,,,,,0,percent of total billed charges,30 percent of billed charges; No services were performed during the 15 month look back period.,317.392992,30,,,,,0,percent of total billed charges,30 percent of billed charges; No services were performed during the 15 month look back period.,89.355,,,,,,,Fee schedule,"115 Percent of AWP Fee Schedule. ",76.5415,,,,,,,Fee Schedule,"100% ASP Fee Schedule. ",89.355,,,,,,,Fee schedule,"115 Percent of AWP Fee Schedule. ",825.221779,78,,,,,0,percent of total billed charges,78 percent of billed charges; No services were performed during the 15 month look back period.,634.785984,60,,,,,0,percent of total billed charges,60 percent of billed charges; No services were performed during the 15 month look back period.,69.997,,,,,,,Fee Schedule,"100% ASP Fee Schedule. ",772.322947,73,,,,,0,percent of total billed charges,73 percent of billed charges; No services were performed during the 15 month look back period.,69.997,,,,,,,Fee Schedule,"100% ASP Fee Schedule. ",69.997,,,,,,,Fee Schedule,"100% ASP Fee Schedule. ",825.221779,78,,,,,0,percent of total billed charges,78 percent of billed charges; No services were performed during the 15 month look back period.,,,,,,,,,,,,,,,,,,,370.291824,35,,,,,0,percent of total billed charges,35 percent of billed charges; No services were performed during the 15 month look back period.,370.291824,35,,,,,0,percent of total billed charges,35 percent of billed charges; No services were performed during the 15 month look back period.,772.322947,73,,,,,0,percent of total billed charges,73 percent of billed charges; No services were performed during the 15 month look back period.,772.322947,73,,,,,0,percent of total billed charges,73 percent of billed charges; No services were performed during the 15 month look back period.,5329.781818,,,,,,,Case Rate,"100 Percent of Medicaid APG. Not APG payable, or payable under another fee schedule like ASP/AWP pays at 30% of charges",772.322947,73,,,,,0,percent of total billed charges,73 percent of billed charges; No services were performed during the 15 month look back period.,5329.781818,,,,,,,Case Rate,"100 Percent of Medicaid APG. Not APG payable, or payable under another fee schedule like ASP/AWP pays at 30% of charges",69.997,,,,,,,Fee Schedule,"100% ASP Fee Schedule. ",772.322947,73,,,,,0,percent of total billed charges,73 percent of billed charges; No services were performed during the 15 month look back period.,825.221779,78,,,,,0,percent of total billed charges,78 percent of billed charges; No services were performed during the 15 month look back period.,5329.781818,,,,,,,Case Rate,"100 Percent of Medicaid APG. If not priced under APG, then Metroplus FeeSched",5329.781818,,,,,,,Case Rate,"100 Percent of Medicaid APG. If not priced under APG, then Metroplus FeeSched",825.221779,78,,,,,0,percent of total billed charges,78 percent of billed charges; No services were performed during the 15 month look back period.,317.392992,30,,,,,0,percent of total billed charges,30 percent of billed charges; No services were performed during the 15 month look back period.,,,,,,,,Fee Schedule,"100 % Zero Pay Code. ",,,,,,,,Fee Schedule,"100 % Zero Pay Code. ",825.221779,78,,,,,0,percent of total billed charges,78 percent of billed charges; No services were performed during the 15 month look back period.,76.5415,,,,,,,Fee Schedule,"100% ASP Fee Schedule. ",,,,,,,,Fee Schedule,"100 % Zero Pay Code. ",,,,,,,,Fee Schedule,"100 % Zero Pay Code. ",,,,,,,,Fee Schedule,"100 % Zero Pay Code. ",76.5415,,,,,,,Fee Schedule,"100% ASP Fee Schedule. ",,,,,,,,Fee Schedule,"100 % Zero Pay Code. ",,,,,,,,Fee Schedule,"100 % Zero Pay Code. ",76.5415,,,,,,,Fee Schedule,"100% of AWP Fee Schedule. ",528.98832,50,,,,,0,percent of total billed charges,50 percent of billed charges; No services were performed during the 15 month look back period.,476.089488,45,,,,,0,percent of total billed charges,45 percent of billed charges; No services were performed during the 15 month look back period.,476.089488,45,,,,,0,percent of total billed charges,45 percent of billed charges; No services were performed during the 15 month look back period.,476.089488,45,,,,,0,percent of total billed charges,45 percent of billed charges; No services were performed during the 15 month look back period.,476.089488,45,,,,,0,percent of total billed charges,45 percent of billed charges; No services were performed during the 15 month look back period.,476.089488,45,,,,,0,percent of total billed charges,45 percent of billed charges; No services were performed during the 15 month look back period.,476.089488,45,,,,,0,percent of total billed charges,45 percent of billed charges; No services were performed during the 15 month look back period.,76.5415,,,,,,,Fee Schedule,"100% ASP Fee Schedule. ",76.5415,,,,,,,Fee Schedule,"100% ASP Fee Schedule. ",476.089488,45,,,,,0,percent of total billed charges,45 percent of billed charges; No services were performed during the 15 month look back period.,825.221779,78,,,,,0,percent of total billed charges,78 percent of billed charges; No services were performed during the 15 month look back period.,825.221779,78,,,,,0,percent of total billed charges,78 percent of billed charges; No services were performed during the 15 month look back period.,825.221779,78,,,,,0,percent of total billed charges,78 percent of billed charges; No services were performed during the 15 month look back period.,825.221779,78,,,,,0,percent of total billed charges,78 percent of billed charges; No services were performed during the 15 month look back period.,825.221779,78,,,,,0,percent of total billed charges,78 percent of billed charges; No services were performed during the 15 month look back period.,825.221779,78,,,,,0,percent of total billed charges,78 percent of billed charges; No services were performed during the 15 month look back period.,825.221779,78,,,,,0,percent of total billed charges,78 percent of billed charges; No services were performed during the 15 month look back period.,825.221779,78,,,,,0,percent of total billed charges,78 percent of billed charges; No services were performed during the 15 month look back period.,825.221779,78,,,,,0,percent of total billed charges,78 percent of billed charges; No services were performed during the 15 month look back period.,825.221779,78,,,,,0,percent of total billed charges,78 percent of billed charges; No services were performed during the 15 month look back period.,825.221779,78,,,,,0,percent of total billed charges,78 percent of billed charges; No services were performed during the 15 month look back period.,825.221779,78,,,,,0,percent of total billed charges,78 percent of billed charges; No services were performed during the 15 month look back period.,825.221779,78,,,,,0,percent of total billed charges,78 percent of billed charges; No services were performed during the 15 month look back period.,825.221779,78,,,,,0,percent of total billed charges,78 percent of billed charges; No services were performed during the 15 month look back period.,825.221779,78,,,,,0,percent of total billed charges,78 percent of billed charges; No services were performed during the 15 month look back period.,825.221779,78,,,,,0,percent of total billed charges,78 percent of billed charges; No services were performed during the 15 month look back period.,825.221779,78,,,,,0,percent of total billed charges,78 percent of billed charges; No services were performed during the 15 month look back period.,825.221779,78,,,,,0,percent of total billed charges,78 percent of billed charges; No services were performed during the 15 month look back period.,825.221779,78,,,,,0,percent of total billed charges,78 percent of billed charges; No services were performed during the 15 month look back period.,825.221779,78,,,,,0,percent of total billed charges,78 percent of billed charges; No services were performed during the 15 month look back period.,825.221779,78,,,,,0,percent of total billed charges,78 percent of billed charges; No services were performed during the 15 month look back period.,825.221779,78,,,,,0,percent of total billed charges,78 percent of billed charges; No services were performed during the 15 month look back period.,825.221779,78,,,,,0,percent of total billed charges,78 percent of billed charges; No services were performed during the 15 month look back period.,825.221779,78,,,,,0,percent of total billed charges,78 percent of billed charges; No services were performed during the 15 month look back period.,825.221779,78,,,,,0,percent of total billed charges,78 percent of billed charges; No services were performed during the 15 month look back period.,825.221779,78,,,,,0,percent of total billed charges,78 percent of billed charges; No services were performed during the 15 month look back period.,772.322947,73,,,,,0,percent of total billed charges,73 percent of billed charges; No services were performed during the 15 month look back period.,772.322947,73,,,,,0,percent of total billed charges,73 percent of billed charges; No services were performed during the 15 month look back period.,772.322947,73,,,,,0,percent of total billed charges,73 percent of billed charges; No services were performed during the 15 month look back period.,772.322947,73,,,,,0,percent of total billed charges,73 percent of billed charges; No services were performed during the 15 month look back period.,846.381312,80,,,,,0,percent of total billed charges,80 percent of billed charges; No services were performed during the 15 month look back period.,846.381312,80,,,,,0,percent of total billed charges,80 percent of billed charges; No services were performed during the 15 month look back period.,317.392992,30,,,,,0,percent of total billed charges,30 percent of billed charges; No services were performed during the 15 month look back period.,476.089488,45,,,,,0,percent of total billed charges,45 percent of billed charges; No services were performed during the 15 month look back period.,,,,,,,,Fee Schedule,"100 % Zero Pay Code. ",476.089488,45,,1785.96,148.83,139928.34,28,percent of total billed charges,45 percent of billed charges,825.221779,78,,,,,0,percent of total billed charges,78 percent of billed charges; No services were performed during the 15 month look back period.,846.381312,80,,,,,0,percent of total billed charges,80 percent of billed charges; No services were performed during the 15 month look back period.,476.089488,45,,,,,0,percent of total billed charges,45 percent of billed charges; No services were performed during the 15 month look back period.,,,,,,,,Fee Schedule,"100 % Zero Pay Code. ",317.392992,30,,,,,0,percent of total billed charges,30 percent of billed charges; No services were performed during the 15 month look back period.,,,,,,,,,,825.221779,78,,,,,0,percent of total billed charges,78 percent of billed charges; No services were performed during the 15 month look back period.,5329.781818,,,,,,,Case Rate,"100 Percent of Medicaid APG. ",772.322947,73,,,,,0,percent of total billed charges,73 percent of billed charges; No services were performed during the 15 month look back period.,5329.781818,,,,,,,Case Rate,"100 Percent of Medicaid APG. Not APG payable, or payable under another fee schedule like ASP/AWP pays at 30% of charges",69.997,,,,,,,Fee Schedule,"100% ASP Fee Schedule. ",76.5415,,,,,,,Fee Schedule,"100% ASP Fee Schedule. ",528.98832,50,,,,,0,percent of total billed charges,50 percent of billed charges; No services were performed during the 15 month look back period.,76.5415,,,,,,,Fee Schedule,"100% ASP Fee Schedule. ",76.5415,,,,,,,Fee Schedule,"100% ASP Fee Schedule. ",5329.781818,,,,,,,Case Rate,"100 Percent of Medicaid APG. ",76.5415,,,,,,,Fee Schedule,"100% ASP Fee Schedule. ",76.5415,,,,,,,Fee Schedule,"100% ASP Fee Schedule. ",634.785984,60,,,,,0,percent of total billed charges,60 percent of billed charges; No services were performed during the 15 month look back period.,634.785984,60,,,,,0,percent of total billed charges,60 percent of billed charges; No services were performed during the 15 month look back period.,76.5415,,,,,,,Fee Schedule,"100% ASP Fee Schedule. ",317.392992,30,,,,,0,percent of total billed charges,30 percent of billed charges; No services were performed during the 15 month look back period.,,,,,,,,Fee Schedule,"100 % Zero Pay Code. ",,,,,,,,Fee Schedule,"100 % Zero Pay Code. ",76.5415,,,,,,,Fee Schedule,"100% ASP Fee Schedule. ",317.392992,30,,1608.36,250.45,7834.42,24,percent of total billed charges,30 percent of billed charges,634.785984,60,,,,,0,percent of total billed charges,60 percent of billed charges; No services were performed during the 15 month look back period.,634.785984,60,,30715.98,5512.5,110918.81,33,percent of total billed charges,60 percent of billed charges,634.785984,60,,,,,0,percent of total billed charges,60 percent of billed charges; No services were performed during the 15 month look back period.,825.221779,78,,,,,0,percent of total billed charges,78 percent of billed charges; No services were performed during the 15 month look back period.,825.221779,78,,,,,0,percent of total billed charges,78 percent of billed charges; No services were performed during the 15 month look back period.,825.221779,78,,,,,0,percent of total billed charges,78 percent of billed charges; No services were performed during the 15 month look back period.,825.221779,78,,,,,0,percent of total billed charges,78 percent of billed charges; No services were performed during the 15 month look back period.,825.221779,78,,,,,0,percent of total billed charges,78 percent of billed charges; No services were performed during the 15 month look back period.,825.221779,78,,,,,0,percent of total billed charges,78 percent of billed charges; No services were performed during the 15 month look back period.,825.221779,78,,,,,0,percent of total billed charges,78 percent of billed charges; No services were performed during the 15 month look back period.,825.221779,78,,,,,0,percent of total billed charges,78 percent of billed charges; No services were performed during the 15 month look back period.,825.221779,78,,,,,0,percent of total billed charges,78 percent of billed charges; No services were performed during the 15 month look back period.,825.221779,78,,,,,0,percent of total billed charges,78 percent of billed charges; No services were performed during the 15 month look back period.,825.221779,78,,,,,0,percent of total billed charges,78 percent of billed charges; No services were performed during the 15 month look back period.,846.381312,80,,,,,0,percent of total billed charges,80 percent of billed charges; No services were performed during the 15 month look back period.,476.089488,45,,,,,0,percent of total billed charges,45 percent of billed charges; No services were performed during the 15 month look back period.,317.392992,30,,,,,0,percent of total billed charges,30 percent of billed charges; No services were performed during the 15 month look back period.,76.5415,,,,,,,Fee Schedule,"100% ASP Fee Schedule. ",634.785984,60,,,,,0,percent of total billed charges,60 percent of billed charges; No services were performed during the 15 month look back period.,317.392992,30,,,,,0,percent of total billed charges,30 percent of billed charges; No services were performed during the 15 month look back period.,317.392992,30,,,,,0,percent of total billed charges,30 percent of billed charges; No services were performed during the 15 month look back period.,825.221779,78,,,,,0,percent of total billed charges,78 percent of billed charges; No services were performed during the 15 month look back period.,11405.733091,,,,,,,Case Rate,"214 Percent of Medicaid APG. Drugs not priced under APG, billed with revenue code 636 and not priced by Medicare ASP FeeSched will be reimbursed at 20% of charges.",317.392992,30,,,,,0,percent of total billed charges,30 percent of billed charges; No services were performed during the 15 month look back period.,5329.781818,,,,,,,Case Rate,"100 Percent of Medicaid APG. ",76.5415,,,,,,,Fee Schedule,"100% ASP Fee Schedule. ",76.5415,,,,,,,Fee Schedule,"100% ASP Fee Schedule. ",76.5415,,,,,,,Fee Schedule,"100% ASP Fee Schedule. ",76.5415,,,,,,,Fee Schedule,"100% ASP Fee Schedule. ",76.5415,,,,,,,Fee Schedule,"100% ASP Fee Schedule. ",76.5415,,,,,,,Fee Schedule,"100% ASP Fee Schedule. ",317.392992,30,,,,,0,percent of total billed charges,30 percent of billed charges; No services were performed during the 15 month look back period.,528.98832,50,,,,,0,percent of total billed charges,50 percent of billed charges; No services were performed during the 15 month look back period.,131.607,,,,,,,Fee Schedule,"157.5 Percent of AWP Fee Schedule. ",131.607,,,,,,,Fee Schedule,"157.5 Percent of AWP Fee Schedule. ",131.607,,,,,,,Fee Schedule,"157.5 Percent of AWP Fee Schedule. ",131.607,,,,,,,Fee Schedule,"157.5 Percent of AWP Fee Schedule. ",131.607,,,,,,,Fee Schedule,"157.5 Percent of AWP Fee Schedule. ",,,,,,,,,,528.98832,50,,,,,0,percent of total billed charges,50 percent of billed charges; No services were performed during the 15 month look back period.,107.923515,,,,,,,Fee Schedule,141 Percent of of ASP. Drugs billed with revenue code 636 and not priced by Medicare ASP fee schedule will be reimburse at 20 percent of charges,107.923515,,,,,,,Fee Schedule,141 Percent of of ASP. Drugs billed with revenue code 636 and not priced by Medicare ASP fee schedule will be reimburse at 20 percent of charges,107.923515,,,,,,,Fee Schedule,141 Percent of of ASP. Drugs billed with revenue code 636 and not priced by Medicare ASP fee schedule will be reimburse at 20 percent of charges,107.923515,,,,,,,Fee Schedule,141 Percent of of ASP. Drugs billed with revenue code 636 and not priced by Medicare ASP fee schedule will be reimburse at 20 percent of charges,107.923515,,,,,,,Fee Schedule,141 Percent of of ASP. Drugs billed with revenue code 636 and not priced by Medicare ASP fee schedule will be reimburse at 20 percent of charges,76.5415,,,,,,,Fee Schedule,"100% ASP Fee Schedule. ",846.381312,80,,,,,0,percent of total billed charges,80 percent of billed charges; No services were performed during the 15 month look back period.,846.381312,80,,,,,0,percent of total billed charges,80 percent of billed charges; No services were performed during the 15 month look back period.,846.381312,80,,,,,0,percent of total billed charges,80 percent of billed charges; No services were performed during the 15 month look back period.,846.381312,80,,,,,0,percent of total billed charges,80 percent of billed charges; No services were performed during the 15 month look back period.,634.785984,60,,,,,0,percent of total billed charges,60 percent of billed charges; No services were performed during the 15 month look back period.,634.785984,60,,,,,0,percent of total billed charges,60 percent of billed charges; No services were performed during the 15 month look back period.,634.785984,60,,,,,0,percent of total billed charges,60 percent of billed charges; No services were performed during the 15 month look back period.,634.785984,60,,,,,0,percent of total billed charges,60 percent of billed charges; No services were performed during the 15 month look back period.,528.98832,50,,,,,0,percent of total billed charges,50 percent of billed charges; No services were performed during the 15 month look back period.,528.98832,50,,,,,0,percent of total billed charges,50 percent of billed charges; No services were performed during the 15 month look back period.,76.5415,,,,,,,Fee Schedule,"100% ASP Fee Schedule. ",76.5415,,,,,,,Fee Schedule,"100% ASP Fee Schedule. ",76.5415,,,,,,,Fee Schedule,"100% ASP Fee Schedule. ",476.089488,45,,,,,0,percent of total billed charges,45 percent of billed charges; No services were performed during the 15 month look back period.,476.089488,45,,,,,0,percent of total billed charges,45 percent of billed charges; No services were performed during the 15 month look back period.,476.089488,45,,,,,0,percent of total billed charges,45 percent of billed charges; No services were performed during the 15 month look back period.,528.98832,50,,,,,0,percent of total billed charges,50 percent of billed charges; No services were performed during the 15 month look back period.,634.785984,60,,,,,0,percent of total billed charges,60 percent of billed charges; No services were performed during the 15 month look back period.,76.5415,,,,,,,Fee Schedule,"100% ASP Fee Schedule. ",476.089488,45,,,,,0,percent of total billed charges,45 percent of billed charges; No services were performed during the 15 month look back period.,5329.781818,,,,,,,Case Rate,"100 Percent of Medicaid APG. ",71.39694,,,,,,,Fee Schedule,"100% of ASP Fee Schedule. ",71.39694,,,,,,,Fee Schedule,"100% of ASP Fee Schedule. ",71.39694,,,,,,,Fee Schedule,"100% of ASP Fee Schedule. ",370.291824,35,,,,,0,percent of total billed charges,35 percent of billed charges; No services were performed during the 15 month look back period.,,,,,,,,,,,,,,,,,,,,,,,,,,,,,,,,,,,,,,,,,,,,,,71.39694,,,,,,,Fee Schedule,"100% of ASP Fee Schedule. ",5329.781818,,,,,,,Case Rate,"100 Percent of Medicaid APG. ",,,,,,,,,,,,,,,,,,,,,,,,,,,,,,,,,,,,,,,,,,,,,,131.607,,,,,,,Fee Schedule,"157.5 Percent of AWP Fee Schedule. ",76.5415,,,,,,,Fee Schedule,"100% ASP Fee Schedule. ",76.5415,,,,,,,Fee Schedule,"100% ASP Fee Schedule. ",634.785984,60,,,,,0,percent of total billed charges,60 percent of billed charges; No services were performed during the 15 month look back period.,76.5415,,,,,,,Fee Schedule,"100% ASP Fee Schedule. ",,,,,,,,,,,,,,,,,,,370.291824,35,,,,,0,percent of total billed charges,35 percent of billed charges; No services were performed during the 15 month look back period.,370.291824,35,,,,,0,percent of total billed charges,35 percent of billed charges; No services were performed during the 15 month look back period.,96.094,,,,,,,Fee Schedule,"115 Percent of AWP. ",89.355,,,,,,,Fee schedule,"115 Percent of AWP Fee Schedule. ",11992.009091,,,,,,,Case Rate,"100 Percent of Medicaid APG. ",11992.009091,,,,,,,Case Rate,"100 Percent of Medicaid APG. ",11992.009091,,,,,,,Case Rate,"100 Percent of Medicaid APG. ",11992.009091,,,,,,,Case Rate,"100 Percent of Medicaid APG. ",476.089488,45,,,,,0,percent of total billed charges,45 percent of billed charges; No services were performed during the 15 month look back period.,528.98832,50,,,,,0,percent of total billed charges,50 percent of billed charges; No services were performed during the 15 month look back period.,6395.738182,,,,,,,Case Rate,"120 Percent of Medicaid APG. Not APG payable, or payable under another fee schedule like ASP/AWP pays at 30% of charges",6395.738182,,,,,,,Case Rate,"120 Percent of Medicaid APG. Not APG payable, or payable under another fee schedule like ASP/AWP pays at 30% of charges",5329.781818,,,,,,,Case Rate,"100 Percent of Medicaid APG. Not APG payable, or payable under another fee schedule like ASP/AWP pays at 30% of charges",5329.781818,,,,,,,Case Rate,"100 Percent of Medicaid APG. Not APG payable, or payable under another fee schedule like ASP/AWP pays at 30% of charges",476.089488,45,,,,,0,percent of total billed charges,45 percent of billed charges; No services were performed during the 15 month look back period.,476.089488,45,,,,,0,percent of total billed charges,45 percent of billed charges; No services were performed during the 15 month look back period.,76.5415,,,,,,,Fee Schedule,"100% ASP Fee Schedule. ",476.089488,45,,,,,0,percent of total billed charges,45 percent of billed charges; No services were performed during the 15 month look back period.,476.089488,45,,,,,0,percent of total billed charges,45 percent of billed charges; No services were performed during the 15 month look back period.,476.089488,45,,,,,0,percent of total billed charges,45 percent of billed charges; No services were performed during the 15 month look back period.,476.089488,45,,,,,0,percent of total billed charges,45 percent of billed charges; No services were performed during the 15 month look back period.,76.5415,,,,,,,Fee Schedule,"100% ASP Fee Schedule. ",476.089488,45,,,,,0,percent of total billed charges,45 percent of billed charges; No services were performed during the 15 month look back period.,476.089488,45,,,,,0,percent of total billed charges,45 percent of billed charges; No services were performed during the 15 month look back period.,634.785984,60,,,,,0,percent of total billed charges,60 percent of billed charges; No services were performed during the 15 month look back period.,5329.781818,,,,,,,Fee Schedule,100% APG. Lesser of 100% of billed charges applies.,89.355,,,,,,,Fee schedule,"115 Percent of AWP Fee Schedule. ",,,,,,,,,,96.094,,,,,,,Fee Schedule,"115 Percent of AWP. ",89.355,,,,,,,Fee schedule,"115 Percent of AWP Fee Schedule. ",,,,,,,,,,,,,,,,,,,,,,,,,,,,,,,,,,,,,,,,,,,,,,,,,,,,,,,,,,,,,,,,,,,,,,,,,,,,,,,,,,317.392992,30,,,,,0,percent of total billed charges,30 percent of billed charges; No services were performed during the 15 month look back period.,,,,,,,,,,76.5415,,,,,,,Fee Schedule,"100% ASP Fee Schedule. ",70,,,,,,,Fee Schedule,"100 % 1199 Fee Schedule. ",76.5415,,,,,,,Fee Schedule,"100% ASP Fee Schedule. ",76.5415,,,,,,,Fee Schedule,"100% ASP Fee Schedule. ",6395.738182,,,,,,,Case Rate,"120 Percent of Medicaid APG. Not APG payable, or payable under another fee schedule like ASP/AWP pays at 30% of charges",6395.738182,,,,,,,Case Rate,"120 Percent of Medicaid APG. Not APG payable, or payable under another fee schedule like ASP/AWP pays at 30% of charges",5329.781818,,,,,,,Case Rate,"100 Percent of Medicaid APG. Not APG payable, or payable under another fee schedule like ASP/AWP pays at 30% of charges",5329.781818,,,,,,,Case Rate,"100 Percent of Medicaid APG. Not APG payable, or payable under another fee schedule like ASP/AWP pays at 30% of charges",5329.781818,,,,,,,Case Rate,"100 Percent of Medicaid APG. ",772.322947,73,,,,,0,percent of total billed charges,73 percent of billed charges; No services were performed during the 15 month look back period.,634.785984,60,,,,,0,percent of total billed charges,60 percent of billed charges; No services were performed during the 15 month look back period.,772.322947,73,,,,,0,percent of total billed charges,73 percent of billed charges; No services were performed during the 15 month look back period.,317.392992,30,,,,,0,percent of total billed charges,30 percent of billed charges; No services were performed during the 15 month look back period.,69.997,,,,,,,Fee Schedule,"100% ASP Fee Schedule. ",76.5415,,,,,,,Fee Schedule,"100% ASP Fee Schedule. ",76.5415,,,,,,,Fee Schedule,"100% ASP Fee Schedule. ",76.5415,,,,,,,Fee Schedule,"100% ASP Fee Schedule. ",69.997,,,,,,,Fee Schedule,"100% ASP Fee Schedule. ",76.5415,,,,,,,Fee Schedule,"100% ASP Fee Schedule. ",,,,,,,,,,,,,,,,,,,,,,,,,,,,476.089488,45,,,,,0,percent of total billed charges,45 percent of billed charges; No services were performed during the 15 month look back period.,772.322947,73,,,,,0,percent of total billed charges,73 percent of billed charges; No services were performed during the 15 month look back period.,772.322947,73,,,,,0,percent of total billed charges,73 percent of billed charges; No services were performed during the 15 month look back period.,772.322947,73,,,,,0,percent of total billed charges,73 percent of billed charges; No services were performed during the 15 month look back period.,772.322947,73,,,,,0,percent of total billed charges,73 percent of billed charges; No services were performed during the 15 month look back period.,76.5415,,,,,,,Fee Schedule,"100% ASP Fee Schedule. ",5329.781818,,,,,,,Case Rate,"100 Percent of Medicaid APG. ",476.089488,45,,,,,0,percent of total billed charges,45 percent of billed charges; No services were performed during the 15 month look back period.,5329.781818,,,,,,,Case Rate,"100 Percent of Medicaid APG. ",76.5415,,,,,,,Fee Schedule,"100% ASP Fee Schedule. ",5329.781818,,,,,,,Case Rate,"100 Percent of Medicaid APG. ",76.5415,,,,,,,Fee Schedule,"100% ASP Fee Schedule. ",76.5415,,,,,,,Fee Schedule,"100% ASP Fee Schedule. ",5329.781818,,,,,,,Case Rate,"100 Percent of Medicaid APG. ",5329.781818,,,,,,,Case Rate,"100 Percent of Medicaid APG. ",772.322947,73,,,,,0,percent of total billed charges,73 percent of billed charges; No services were performed during the 15 month look back period.,317.392992,30,,,,,0,percent of total billed charges,30 percent of billed charges; No services were performed during the 15 month look back period.,825.221779,78,,,,,0,percent of total billed charges,78 percent of billed charges; No services were performed during the 15 month look back period.,,,,,,,,Fee Schedule,"100 % Zero Pay Code. ",,,,,,,,Fee Schedule,"100 % Zero Pay Code. ",634.785984,60,,,,,0,percent of total billed charges,60 percent of billed charges; No services were performed during the 15 month look back period.,76.5415,,,,,,,Fee Schedule,"100% of AWP Fee Schedule. ",846.381312,80,,,,,0,percent of total billed charges,80 percent of billed charges; No services were performed during the 15 month look back period.,846.381312,80,,,,,0,percent of total billed charges,80 percent of billed charges; No services were performed during the 15 month look back period.,380.87159,36,,,,,0,percent of total billed charges,36 percent of billed charges; No services were performed during the 15 month look back period.,380.87159,36,,,,,0,percent of total billed charges,36 percent of billed charges; No services were performed during the 15 month look back period.,76.5415,,,,,,,Fee Schedule,"100% ASP Fee Schedule. ",76.5415,,,,,,,Fee Schedule,"100% ASP Fee Schedule. ",76.5415,,,,,,,Fee Schedule,"100% ASP Fee Schedule. ",76.5415,,,,,,,Fee Schedule,"100% ASP Fee Schedule. ",,,,,,,,Fee Schedule,"100 % Zero Pay Code. ",476.089488,45,,,,,0,percent of total billed charges,45 percent of billed charges; No services were performed during the 15 month look back period.,476.089488,45,,,,,0,percent of total billed charges,45 percent of billed charges; No services were performed during the 15 month look back period.,76.5415,,,,,,,Fee Schedule,"100% ASP Fee Schedule. ",380.87159,36,,,,,0,percent of total billed charges,36 percent of billed charges; No services were performed during the 15 month look back period.,772.322947,73,,,,,0,percent of total billed charges,73 percent of billed charges; No services were performed during the 15 month look back period.,,,,,,,,,,5329.781818,,,,,,,Case Rate,"100 Percent of Medicaid APG. ",772.322947,73,,,,,0,percent of total billed charges,73 percent of billed charges; No services were performed during the 15 month look back period.,428.480539,40.5,,,,,0,percent of total billed charges,40.5 percent of billed charges; No services were performed during the 15 month look back period.,428.480539,40.5,,,,,0,percent of total billed charges,40.5 percent of billed charges; No services were performed during the 15 month look back period.,476.089488,45,,,,,0,percent of total billed charges,45 percent of billed charges; No services were performed during the 15 month look back period.,528.98832,50,,,,,0,percent of total billed charges,50 percent of billed charges; No services were performed during the 15 month look back period.,69.997,,,,,,,Fee Schedule,"100% ASP Fee Schedule. ",5596.270909,,,,,,,Fee Schedule,105 percent of Medicaid APG. otherwise 105% of Ordered NYS MCD FS or 105% of ASP+6%,5596.270909,,,,,,,Fee Schedule,105 percent of Medicaid APG. otherwise 105% of Ordered NYS MCD FS or 105% of ASP+6%,5596.270909,,,,,,,Fee Schedule,105 percent of Medicaid APG. otherwise 105% of Ordered NYS MCD FS or 105% of ASP+6%,7195.205455,,,,,,,Fee Schedule,135 percent of Medicaid APG. otherwise 135% of Ordered NYS MCD FS or 135% of ASP+6%,,,,,,,,Fee Schedule,"100 % Zero Pay Code. ",5596.270909,,,,,,,Fee Schedule,105 percent of Medicaid APG. otherwise 105% of Ordered NYS MCD FS or 105% of ASP+6%,5596.270909,,,,,,,Fee Schedule,105 percent of Medicaid APG. otherwise 105% of Ordered NYS MCD FS or 105% of ASP+6%,5596.270909,,,,,,,Fee Schedule,105 percent of Medicaid APG. otherwise 105% of Ordered NYS MCD FS or 105% of ASP+6%,5596.270909,,,,,,,Fee Schedule,105 percent of Medicaid APG. otherwise 105% of Ordered NYS MCD FS or 105% of ASP+6%,5596.270909,,,,,,,Fee Schedule,105 percent of Medicaid APG. otherwise 105% of Ordered NYS MCD FS or 105% of ASP+6%,7195.205455,,,,,,,Fee Schedule,135 percent of Medicaid APG. otherwise 135% of Ordered NYS MCD FS or 135% of ASP+6%,7195.205455,,,,,,,Fee Schedule,135 percent of Medicaid APG. otherwise 135% of Ordered NYS MCD FS or 135% of ASP+6%,76.5415,,,,,,,Fee Schedule,"100% ASP Fee Schedule. ",,,,,,,,Fee Schedule,"100 % Zero Pay Code. ",76.5415,,,,,,,Fee Schedule,"100% ASP Fee Schedule. ",5596.270909,,,,,,,Fee Schedule,105 percent of Medicaid APG. otherwise 105% of Ordered NYS MCD FS or 105% of ASP+6%,476.089488,45,,,,,0,percent of total billed charges,45 percent of billed charges; No services were performed during the 15 month look back period.,76.5415,,,,,,,Fee Schedule,"100% ASP Fee Schedule. ",476.089488,45,,,,,0,percent of total billed charges,45 percent of billed charges; No services were performed during the 15 month look back period.,476.089488,45,,,,,0,percent of total billed charges,45 percent of billed charges; No services were performed during the 15 month look back period.,476.089488,45,,,,,0,percent of total billed charges,45 percent of billed charges; No services were performed during the 15 month look back period.,5596.270909,,,,,,,Fee Schedule,105 percent of Medicaid APG. otherwise 105% of Ordered NYS MCD FS or 105% of ASP+6%,76.5415,,,,,,,Fee Schedule,"100% ASP Fee Schedule. ",476.089488,45,,,,,0,percent of total billed charges,45 percent of billed charges; No services were performed during the 15 month look back period.,7195.205455,,,,,,,Fee Schedule,135 percent of Medicaid APG. otherwise 135% of Ordered NYS MCD FS or 135% of ASP+6%,476.089488,45,,,,,0,percent of total billed charges,45 percent of billed charges; No services were performed during the 15 month look back period.,317.392992,30,,,,,0,percent of total billed charges,30% of Charges. ; No services were performed during the 15 month look back period.,69.997,,,,,,,Fee Schedule,"100% ASP Fee Schedule. ",772.322947,73,,,,,0,percent of total billed charges,73 percent of billed charges; No services were performed during the 15 month look back period.,772.322947,73,,,,,0,percent of total billed charges,73 percent of billed charges; No services were performed during the 15 month look back period.,772.322947,73,,,,,0,percent of total billed charges,73 percent of billed charges; No services were performed during the 15 month look back period.,772.322947,73,,,,,0,percent of total billed charges,73 percent of billed charges; No services were performed during the 15 month look back period.,772.322947,73,,,,,0,percent of total billed charges,73 percent of billed charges; No services were performed during the 15 month look back period.,772.322947,73,,,,,0,percent of total billed charges,73 percent of billed charges; No services were performed during the 15 month look back period.,772.322947,73,,,,,0,percent of total billed charges,73 percent of billed charges; No services were performed during the 15 month look back period.,772.322947,73,,,,,0,percent of total billed charges,73 percent of billed charges; No services were performed during the 15 month look back period.,772.322947,73,,,,,0,percent of total billed charges,73 percent of billed charges; No services were performed during the 15 month look back period.,772.322947,73,,,,,0,percent of total billed charges,73 percent of billed charges; No services were performed during the 15 month look back period.,772.322947,73,,,,,0,percent of total billed charges,73 percent of billed charges; No services were performed during the 15 month look back period.,772.322947,73,,,,,0,percent of total billed charges,73 percent of billed charges; No services were performed during the 15 month look back period.,76.5415,,,,,,,Fee Schedule,"100% ASP Fee Schedule. ",772.322947,73,,,,,0,percent of total billed charges,73 percent of billed charges; No services were performed during the 15 month look back period.,76.5415,,,,,,,Fee Schedule,"100% ASP Fee Schedule. ",11992.009091,,,,,,,Case Rate,"225 Percent of Medicaid APG. If not included in Medicaid APG, then 100 Percent of Manhattan Medicare",5329.781818,,,,,,,Case Rate,"100 Percent of Medicaid APG. If not priced under APG, then Metroplus FeeSched",,,,,,,,Fee Schedule,"100 % Zero Pay Code. ",,,,,,,,Fee Schedule,"100 % Zero Pay Code. ",76.5415,,,,,,,Fee Schedule,"100% ASP Fee Schedule. ",846.381312,80,,,,,0,percent of total billed charges,80 percent of billed charges; No services were performed during the 15 month look back period.,76.5415,,,,,,,Fee Schedule,"100% ASP Fee Schedule. ",76.5415,,,,,,,Fee Schedule,"100% ASP Fee Schedule. ",634.785984,60,,,,,0,percent of total billed charges,60 percent of billed charges; No services were performed during the 15 month look back period.,76.5415,,,,,,,Fee Schedule,"100% ASP Fee Schedule. ",317.392992,30,,,,,0,percent of total billed charges,30 percent of billed charges; No services were performed during the 15 month look back period.,76.5415,,,,,,,Fee Schedule,"100% ASP Fee Schedule. ",317.392992,30,,,,,0,percent of total billed charges,30 percent of billed charges; No services were performed during the 15 month look back period.,634.785984,60,,,,,0,percent of total billed charges,60 percent of billed charges; No services were performed during the 15 month look back period.,317.392992,30,,,,,0,percent of total billed charges,30 percent of billed charges; No services were performed during the 15 month look back period.,76.5415,,,,,,,Fee Schedule,"100% ASP Fee Schedule. ",5329.781818,,,,,,,Case Rate,"100 Percent of Medicaid APG. ",76.5415,,,,,,,Fee Schedule,"100% ASP Fee Schedule. ",317.392992,30,,,,,0,percent of total billed charges,30 percent of billed charges; No services were performed during the 15 month look back period.,,,,,,,,Fee Schedule,"100 % Zero Pay Code. ",5329.781818,,,,,,,Case Rate,"100 Percent of Medicaid APG. ",476.089488,45,,,,,0,percent of total billed charges,45 percent of billed charges; No services were performed during the 15 month look back period.,,,,,,,,,,,,,,,,,,,476.089488,45,,,,,0,percent of total billed charges,45 percent of billed charges; No services were performed during the 15 month look back period.,476.089488,45,,,,,0,percent of total billed charges,45 percent of billed charges; No services were performed during the 15 month look back period.,476.089488,45,,,,,0,percent of total billed charges,45 percent of billed charges; No services were performed during the 15 month look back period.,,,,,,,,Fee Schedule,"100 % Zero Pay Code. ",476.089488,45,,,,,0,percent of total billed charges,45 percent of billed charges; No services were performed during the 15 month look back period.,476.089488,45,,,,,0,percent of total billed charges,45 percent of billed charges; No services were performed during the 15 month look back period.,476.089488,45,,,,,0,percent of total billed charges,45 percent of billed charges; No services were performed during the 15 month look back period.,772.322947,73,,,,,0,percent of total billed charges,73 percent of billed charges; No services were performed during the 15 month look back period.,772.322947,73,,,,,0,percent of total billed charges,73 percent of billed charges; No services were performed during the 15 month look back period.,107.923515,,,,,,,Fee Schedule,141 Percent of of ASP. Drugs billed with revenue code 636 and not priced by Medicare ASP fee schedule will be reimburse at 20 percent of charges,5329.781818,,,,,,,Case Rate,"100 Percent of Medicaid APG. ",,,,,,,,Fee Schedule,"100 % Zero Pay Code. ",317.392992,30,,,,,0,percent of total billed charges,30 percent of billed charges; No services were performed during the 15 month look back period.,634.785984,60,,,,,0,percent of total billed charges,60 percent of billed charges; No services were performed during the 15 month look back period.,,,,,,,,Fee Schedule,"100 % Zero Pay Code. ",634.785984,60,,,,,0,percent of total billed charges,60 percent of billed charges; No services were performed during the 15 month look back period.,,,,,,,,Fee Schedule,"100 % Zero Pay Code. ",476.089488,45,,,,,0,percent of total billed charges,45 percent of billed charges; No services were performed during the 15 month look back period.,476.089488,45,,,,,0,percent of total billed charges,45 percent of billed charges; No services were performed during the 15 month look back period.,476.089488,45,,,,,0,percent of total billed charges,45 percent of billed charges; No services were performed during the 15 month look back period.,476.089488,45,,,,,0,percent of total billed charges,45 percent of billed charges; No services were performed during the 15 month look back period.,76.5415,,,,,,,Fee Schedule,"100% ASP Fee Schedule. ",69.997,11992.009091,
J3245,HCPCS,5010003,LOCAL,636,RC,"INJ., TILDRAKIZUMAB, 1 MG",2013.65136,382.593758,Inpatient,ME,1,,,,,,,,,,,,,,,,,,,,604.095408,30,,,,,0,percent of total billed charges,30 Percent of charges; No services were performed during the 15 month look back period.,2013.65136,100,,,,,0,percent of total billed charges,100 percent of charges; No services were performed during the 15 month look back period.,,,,,,,,,,604.095408,30,,,,,0,percent of total billed charges,30 Percent of charges; No services were performed during the 15 month look back period.,604.095408,30,,,,,0,percent of total billed charges,30 Percent of charges; No services were performed during the 15 month look back period.,604.095408,30,,,,,0,percent of total billed charges,30 Percent of charges; No services were performed during the 15 month look back period.,201.365136,10,,,,,0,percent of total billed charges,10 percent of charges; No services were performed during the 15 month look back period.,,,,,,,,,,1469.965493,73,,,,,0,percent of total billed charges,73 percent of charges; No services were performed during the 15 month look back period.,201.365136,10,,,,,0,percent of total billed charges,10 percent of charges; No services were performed during the 15 month look back period.,,,,,,,,,,,,,,,,,,,644.368435,32,,,,,0,percent of total billed charges,32 pecent of charges; No services were performed during the 15 month look back period.,644.368435,32,,,,,0,percent of total billed charges,32 pecent of charges; No services were performed during the 15 month look back period.,644.368435,32,,,,,0,percent of total billed charges,32 pecent of charges; No services were performed during the 15 month look back period.,644.368435,32,,,,,0,percent of total billed charges,32 pecent of charges; No services were performed during the 15 month look back period.,,,,,,,,,,,,,,,,,,,,,,,,,,,,1469.965493,73,,,,,0,percent of total billed charges,73 percent of charges; No services were performed during the 15 month look back period.,604.095408,30,,,,,0,percent of total billed charges,30 Percent of charges; No services were performed during the 15 month look back period.,805.460544,40,,,,,0,percent of total billed charges,40 percent of charges; No services were performed during the 15 month look back period.,583.958894,29,,,,,0,percent of total billed charges,29 percent of charges; No services were performed during the 15 month look back period.,805.460544,40,,,,,0,percent of total billed charges,40 percent of charges; No services were performed during the 15 month look back period.,805.460544,40,,,,,0,percent of total billed charges,40 percent of charges; No services were performed during the 15 month look back period.,1469.965493,73,,,,,0,percent of total billed charges,73 percent of charges; No services were performed during the 15 month look back period.,,,,,,,,,,,,,,,,,,,,,,,,,,,,,,,,,,,,,583.958894,29,,,,,0,percent of total billed charges,29 percent of charges; No services were performed during the 15 month look back period.,583.958894,29,,,,,0,percent of total billed charges,29 percent of charges; No services were performed during the 15 month look back period.,583.958894,29,,,,,0,percent of total billed charges,29 percent of charges; No services were performed during the 15 month look back period.,583.958894,29,,,,,0,percent of total billed charges,29 percent of charges; No services were performed during the 15 month look back period.,583.958894,29,,,,,0,percent of total billed charges,29 percent of charges; No services were performed during the 15 month look back period.,583.958894,29,,,,,0,percent of total billed charges,29 percent of charges; No services were performed during the 15 month look back period.,583.958894,29,,,,,0,percent of total billed charges,29 percent of charges; No services were performed during the 15 month look back period.,1469.965493,73,,,,,0,percent of total billed charges,73 percent of charges; No services were performed during the 15 month look back period.,261.774677,13,,,,,0,percent of total billed charges,13 percent of charges; No services were performed during the 15 month look back period.,261.774677,13,,,,,0,percent of total billed charges,13 percent of charges; No services were performed during the 15 month look back period.,1469.965493,73,,,,,0,percent of total billed charges,73 percent of charges; No services were performed during the 15 month look back period.,644.368435,32,,,,,0,percent of total billed charges,32 pecent of charges; No services were performed during the 15 month look back period.,201.365136,10,,,,,0,percent of total billed charges,10 percent of charges; No services were performed during the 15 month look back period.,201.365136,10,,,,,0,percent of total billed charges,10 percent of charges; No services were performed during the 15 month look back period.,1469.965493,73,,,,,0,percent of total billed charges,73 percent of charges; No services were performed during the 15 month look back period.,,,,,,,,,,201.365136,10,,,,,0,percent of total billed charges,10 percent of charges; No services were performed during the 15 month look back period.,201.365136,10,,,,,0,percent of total billed charges,10 percent of charges; No services were performed during the 15 month look back period.,201.365136,10,,,,,0,percent of total billed charges,10 percent of charges; No services were performed during the 15 month look back period.,,,,,,,,,,201.365136,10,,,,,0,percent of total billed charges,10 percent of charges; No services were performed during the 15 month look back period.,201.365136,10,,,,,0,percent of total billed charges,10 percent of charges; No services were performed during the 15 month look back period.,,,,,,,,,,483.276326,24,,,,,0,percent of total billed charges,24 percent of charges; No services were performed during the 15 month look back period.,,,,,,,,,,,,,,,,,,,,,,,,,,,,,,,,,,,,,,,,,,,,,,,,,,,,,,,,,,,,,,,,,,,,,,,,,,,,,,,,,,1469.965493,73,,,,,0,percent of total billed charges,73 percent of charges; No services were performed during the 15 month look back period.,1469.965493,73,,,,,0,percent of total billed charges,73 percent of charges; No services were performed during the 15 month look back period.,1469.965493,73,,,,,0,percent of total billed charges,73 percent of charges; No services were performed during the 15 month look back period.,1469.965493,73,,,,,0,percent of total billed charges,73 percent of charges; No services were performed during the 15 month look back period.,1469.965493,73,,,,,0,percent of total billed charges,73 percent of charges; No services were performed during the 15 month look back period.,1469.965493,73,,,,,0,percent of total billed charges,73 percent of charges; No services were performed during the 15 month look back period.,1469.965493,73,,,,,0,percent of total billed charges,73 percent of charges; No services were performed during the 15 month look back period.,1469.965493,73,,,,,0,percent of total billed charges,73 percent of charges; No services were performed during the 15 month look back period.,1469.965493,73,,,,,0,percent of total billed charges,73 percent of charges; No services were performed during the 15 month look back period.,1469.965493,73,,,,,0,percent of total billed charges,73 percent of charges; No services were performed during the 15 month look back period.,1469.965493,73,,,,,0,percent of total billed charges,73 percent of charges; No services were performed during the 15 month look back period.,1469.965493,73,,,,,0,percent of total billed charges,73 percent of charges; No services were performed during the 15 month look back period.,1469.965493,73,,,,,0,percent of total billed charges,73 percent of charges; No services were performed during the 15 month look back period.,1469.965493,73,,,,,0,percent of total billed charges,73 percent of charges; No services were performed during the 15 month look back period.,1469.965493,73,,,,,0,percent of total billed charges,73 percent of charges; No services were performed during the 15 month look back period.,1469.965493,73,,,,,0,percent of total billed charges,73 percent of charges; No services were performed during the 15 month look back period.,1469.965493,73,,,,,0,percent of total billed charges,73 percent of charges; No services were performed during the 15 month look back period.,1469.965493,73,,,,,0,percent of total billed charges,73 percent of charges; No services were performed during the 15 month look back period.,1469.965493,73,,,,,0,percent of total billed charges,73 percent of charges; No services were performed during the 15 month look back period.,1469.965493,73,,,,,0,percent of total billed charges,73 percent of charges; No services were performed during the 15 month look back period.,1469.965493,73,,,,,0,percent of total billed charges,73 percent of charges; No services were performed during the 15 month look back period.,1469.965493,73,,,,,0,percent of total billed charges,73 percent of charges; No services were performed during the 15 month look back period.,1469.965493,73,,,,,0,percent of total billed charges,73 percent of charges; No services were performed during the 15 month look back period.,1469.965493,73,,,,,0,percent of total billed charges,73 percent of charges; No services were performed during the 15 month look back period.,1469.965493,73,,,,,0,percent of total billed charges,73 percent of charges; No services were performed during the 15 month look back period.,1469.965493,73,,,,,0,percent of total billed charges,73 percent of charges; No services were performed during the 15 month look back period.,583.958894,29,,,,,0,percent of total billed charges,29 percent of charges; No services were performed during the 15 month look back period.,583.958894,29,,,,,0,percent of total billed charges,29 percent of charges; No services were performed during the 15 month look back period.,583.958894,29,,,,,0,percent of total billed charges,29 percent of charges; No services were performed during the 15 month look back period.,583.958894,29,,,,,0,percent of total billed charges,29 percent of charges; No services were performed during the 15 month look back period.,805.460544,40,,,,,0,percent of total billed charges,40 percent of charges; No services were performed during the 15 month look back period.,805.460544,40,,,,,0,percent of total billed charges,40 percent of charges; No services were performed during the 15 month look back period.,644.368435,32,,,,,0,percent of total billed charges,32 pecent of charges; No services were performed during the 15 month look back period.,,,,,,,,,,201.365136,10,,,,,0,percent of total billed charges,10 percent of charges; No services were performed during the 15 month look back period.,,,,,,,,,,1469.965493,73,,,,,0,percent of total billed charges,73 percent of charges; No services were performed during the 15 month look back period.,805.460544,40,,,,,0,percent of total billed charges,40 percent of charges; No services were performed during the 15 month look back period.,,,,,,,,,,201.365136,10,,,,,0,percent of total billed charges,10 percent of charges; No services were performed during the 15 month look back period.,644.368435,32,,,,,0,percent of total billed charges,32 pecent of charges; No services were performed during the 15 month look back period.,,,,,,,,,,1469.965493,73,,,,,0,percent of total billed charges,73 percent of charges; No services were performed during the 15 month look back period.,,,,,,,,,,583.958894,29,,,,,0,percent of total billed charges,29 percent of charges; No services were performed during the 15 month look back period.,583.958894,29,,,,,0,percent of total billed charges,29 percent of charges; No services were performed during the 15 month look back period.,583.958894,29,,,,,0,percent of total billed charges,29 percent of charges; No services were performed during the 15 month look back period.,,,,,,,,,,483.276326,24,,,,,0,percent of total billed charges,24 percent of charges; No services were performed during the 15 month look back period.,,,,,,,,,,,,,,,,,,,,,,,,,,,,,,,,,,,,,,,,,,,,,,604.095408,30,,,,,0,percent of total billed charges,30 Percent of charges; No services were performed during the 15 month look back period.,604.095408,30,,,,,0,percent of total billed charges,30 Percent of charges; No services were performed during the 15 month look back period.,,,,,,,,,,644.368435,32,,,,,0,percent of total billed charges,32 pecent of charges; No services were performed during the 15 month look back period.,201.365136,10,,,,,0,percent of total billed charges,10 percent of charges; No services were performed during the 15 month look back period.,201.365136,10,,,,,0,percent of total billed charges,10 percent of charges; No services were performed during the 15 month look back period.,,,,,,,,,,644.368435,32,,,,,0,percent of total billed charges,32 pecent of charges; No services were performed during the 15 month look back period.,604.095408,30,,,,,0,percent of total billed charges,30 Percent of charges; No services were performed during the 15 month look back period.,604.095408,30,,,,,0,percent of total billed charges,30 Percent of charges; No services were performed during the 15 month look back period.,604.095408,30,,,,,0,percent of total billed charges,30 Percent of charges; No services were performed during the 15 month look back period.,1469.965493,73,,,,,0,percent of total billed charges,73 percent of charges; No services were performed during the 15 month look back period.,1469.965493,73,,,,,0,percent of total billed charges,73 percent of charges; No services were performed during the 15 month look back period.,1469.965493,73,,,,,0,percent of total billed charges,73 percent of charges; No services were performed during the 15 month look back period.,1469.965493,73,,,,,0,percent of total billed charges,73 percent of charges; No services were performed during the 15 month look back period.,1469.965493,73,,,,,0,percent of total billed charges,73 percent of charges; No services were performed during the 15 month look back period.,1469.965493,73,,,,,0,percent of total billed charges,73 percent of charges; No services were performed during the 15 month look back period.,1469.965493,73,,,,,0,percent of total billed charges,73 percent of charges; No services were performed during the 15 month look back period.,1469.965493,73,,,,,0,percent of total billed charges,73 percent of charges; No services were performed during the 15 month look back period.,1469.965493,73,,,,,0,percent of total billed charges,73 percent of charges; No services were performed during the 15 month look back period.,1469.965493,73,,,,,0,percent of total billed charges,73 percent of charges; No services were performed during the 15 month look back period.,1469.965493,73,,,,,0,percent of total billed charges,73 percent of charges; No services were performed during the 15 month look back period.,805.460544,40,,,,,0,percent of total billed charges,40 percent of charges; No services were performed during the 15 month look back period.,,,,,,,,,,644.368435,32,,,,,0,percent of total billed charges,32 pecent of charges; No services were performed during the 15 month look back period.,,,,,,,,,,604.095408,30,,,,,0,percent of total billed charges,30 Percent of charges; No services were performed during the 15 month look back period.,644.368435,32,,,,,0,percent of total billed charges,32 pecent of charges; No services were performed during the 15 month look back period.,644.368435,32,,,,,0,percent of total billed charges,32 pecent of charges; No services were performed during the 15 month look back period.,1469.965493,73,,,,,0,percent of total billed charges,73 percent of charges; No services were performed during the 15 month look back period.,402.730272,20,,,,,0,percent of total billed charges,20 percent of charges; No services were performed during the 15 month look back period.,644.368435,32,,,,,0,percent of total billed charges,32 pecent of charges; No services were performed during the 15 month look back period.,,,,,,,,,,,,,,,,,,,,,,,,,,,,,,,,,,,,,,,,,,,,,,,,,,,,,,,,,,,,,,,,644.368435,32,,,,,0,percent of total billed charges,32 pecent of charges; No services were performed during the 15 month look back period.,483.276326,24,,,,,0,percent of total billed charges,24 percent of charges; No services were performed during the 15 month look back period.,,,,,,,,,,,,,,,,,,,,,,,,,,,,,,,,,,,,,,,,,,,,,,,,,,,,,,,483.276326,24,,,,,0,percent of total billed charges,24 percent of charges; No services were performed during the 15 month look back period.,624.231922,31,,,,,0,percent of total billed charges,31 percent of charges; No services were performed during the 15 month look back period.,624.231922,31,,,,,0,percent of total billed charges,31 percent of charges; No services were performed during the 15 month look back period.,624.231922,31,,,,,0,percent of total billed charges,31 percent of charges; No services were performed during the 15 month look back period.,624.231922,31,,,,,0,percent of total billed charges,31 percent of charges; No services were performed during the 15 month look back period.,624.231922,31,,,,,0,percent of total billed charges,31 percent of charges; No services were performed during the 15 month look back period.,,,,,,,,,,805.460544,40,,,,,0,percent of total billed charges,40 percent of charges; No services were performed during the 15 month look back period.,805.460544,40,,,,,0,percent of total billed charges,40 percent of charges; No services were performed during the 15 month look back period.,805.460544,40,,,,,0,percent of total billed charges,40 percent of charges; No services were performed during the 15 month look back period.,805.460544,40,,,,,0,percent of total billed charges,40 percent of charges; No services were performed during the 15 month look back period.,604.095408,30,,,,,0,percent of total billed charges,30 Percent of charges; No services were performed during the 15 month look back period.,604.095408,30,,,,,0,percent of total billed charges,30 Percent of charges; No services were performed during the 15 month look back period.,604.095408,30,,,,,0,percent of total billed charges,30 Percent of charges; No services were performed during the 15 month look back period.,604.095408,30,,,,,0,percent of total billed charges,30 Percent of charges; No services were performed during the 15 month look back period.,483.276326,24,,,,,0,percent of total billed charges,24 percent of charges; No services were performed during the 15 month look back period.,483.276326,24,,,,,0,percent of total billed charges,24 percent of charges; No services were performed during the 15 month look back period.,,,,,,,,,,,,,,,,,,,,,,,,,,,,,,,,,,,,,,,,,,,,,,,,,,,,,,,483.276326,24,,,,,0,percent of total billed charges,24 percent of charges; No services were performed during the 15 month look back period.,604.095408,30,,,,,0,percent of total billed charges,30 Percent of charges; No services were performed during the 15 month look back period.,,,,,,,,,,,,,,,,,,,,,,,,,,,,,,,,,,,,,,,,,,,,,,,,,,,,,,,,,,,,,,,,,,,,,,,,,,,,,,,,,,,,,,,,,,,,,,,,,,,,,,,,,,,,,,,,,,,,,,,,,,,,,,,,,,,,,,,,,,,,,,,,,,,,,,,,,,,,,,,,,,,,,,,,,,,,,,,,,,,,,,,,,,,,,,,,,,,,,,,604.095408,30,,,,,0,percent of total billed charges,30 Percent of charges; No services were performed during the 15 month look back period.,,,,,,,,,,,,,,,,,,,,,,,,,,,,,,,,,,,,,,,,,,,,,,,,,,,,,,,,,,,,,,,,201.365136,10,,,,,0,percent of total billed charges,10 percent of charges; No services were performed during the 15 month look back period.,201.365136,10,,,,,0,percent of total billed charges,10 percent of charges; No services were performed during the 15 month look back period.,201.365136,10,,,,,0,percent of total billed charges,10 percent of charges; No services were performed during the 15 month look back period.,201.365136,10,,,,,0,percent of total billed charges,10 percent of charges; No services were performed during the 15 month look back period.,,,,,,,,,,483.276326,24,,,,,0,percent of total billed charges,24 percent of charges; No services were performed during the 15 month look back period.,583.958894,29,,,,,0,percent of total billed charges,29 percent of charges; No services were performed during the 15 month look back period.,583.958894,29,,,,,0,percent of total billed charges,29 percent of charges; No services were performed during the 15 month look back period.,583.958894,29,,,,,0,percent of total billed charges,29 percent of charges; No services were performed during the 15 month look back period.,583.958894,29,,,,,0,percent of total billed charges,29 percent of charges; No services were performed during the 15 month look back period.,,,,,,,,,,,,,,,,,,,,,,,,,,,,,,,,,,,,,,,,,,,,,,,,,,,,,,,,,,,,,,,,,,,,,,,,,,,,,,,,,,,,,,,,,,,604.095408,30,,,,,0,percent of total billed charges,30 Percent of charges; No services were performed during the 15 month look back period.,,,,,,,,,,,,,,,,,,,,,,,,,,,,,,,,,,,,,,,,,,,,,,,,,,,,,,,,,,,,,,,,,,,,,,,,,,,,,,,,,,,,,,,,,,,,,,,,,,,,,,,,,,,,,,,,,,,,,,,,,,,,,,,644.368435,32,,,,,0,percent of total billed charges,32 pecent of charges; No services were performed during the 15 month look back period.,,,,,,,,,,,,,,,,,,,,,,,,,,,,,,,,,,,,,,,,,,,,,,583.958894,29,,,,,0,percent of total billed charges,29 percent of charges; No services were performed during the 15 month look back period.,583.958894,29,,,,,0,percent of total billed charges,29 percent of charges; No services were performed during the 15 month look back period.,583.958894,29,,,,,0,percent of total billed charges,29 percent of charges; No services were performed during the 15 month look back period.,583.958894,29,,,,,0,percent of total billed charges,29 percent of charges; No services were performed during the 15 month look back period.,,,,,,,,,,583.958894,29,,,,,0,percent of total billed charges,29 percent of charges; No services were performed during the 15 month look back period.,604.095408,30,,,,,0,percent of total billed charges,30 Percent of charges; No services were performed during the 15 month look back period.,583.958894,29,,,,,0,percent of total billed charges,29 percent of charges; No services were performed during the 15 month look back period.,644.368435,32,,,,,0,percent of total billed charges,32 pecent of charges; No services were performed during the 15 month look back period.,583.958894,29,,,,,0,percent of total billed charges,29 percent of charges; No services were performed during the 15 month look back period.,,,,,,,,,,,,,,,,,,,,,,,,,,,,583.958894,29,,,,,0,percent of total billed charges,29 percent of charges; No services were performed during the 15 month look back period.,,,,,,,,,,,,,,,,,,,,,,,,,,,,,,,,,,,,,,,,,,,,,,583.958894,29,,,,,0,percent of total billed charges,29 percent of charges; No services were performed during the 15 month look back period.,583.958894,29,,,,,0,percent of total billed charges,29 percent of charges; No services were performed during the 15 month look back period.,583.958894,29,,,,,0,percent of total billed charges,29 percent of charges; No services were performed during the 15 month look back period.,583.958894,29,,,,,0,percent of total billed charges,29 percent of charges; No services were performed during the 15 month look back period.,,,,,,,,,,,,,,,,,,,,,,,,,,,,,,,,,,,,,,,,,,,,,,,,,,,,,,,,,,,,,,,,,,,,,,,,,,,,,,,,,,,,,,,,,,,583.958894,29,,,,,0,percent of total billed charges,29 percent of charges; No services were performed during the 15 month look back period.,644.368435,32,,,,,0,percent of total billed charges,32 pecent of charges; No services were performed during the 15 month look back period.,1469.965493,73,,,,,0,percent of total billed charges,73 percent of charges; No services were performed during the 15 month look back period.,201.365136,10,,,,,0,percent of total billed charges,10 percent of charges; No services were performed during the 15 month look back period.,201.365136,10,,,,,0,percent of total billed charges,10 percent of charges; No services were performed during the 15 month look back period.,604.095408,30,,,,,0,percent of total billed charges,30 Percent of charges; No services were performed during the 15 month look back period.,,,,,,,,,,805.460544,40,,,,,0,percent of total billed charges,40 percent of charges; No services were performed during the 15 month look back period.,805.460544,40,,,,,0,percent of total billed charges,40 percent of charges; No services were performed during the 15 month look back period.,,,,,,,,,,,,,,,,,,,,,,,,,,,,,,,,,,,,,,,,,,,,,,,,,,,,,,,201.365136,10,,,,,0,percent of total billed charges,10 percent of charges; No services were performed during the 15 month look back period.,,,,,,,,,,,,,,,,,,,,,,,,,,,,,,,,,,,,,583.958894,29,,,,,0,percent of total billed charges,29 percent of charges; No services were performed during the 15 month look back period.,,,,,,,,,,,,,,,,,,,583.958894,29,,,,,0,percent of total billed charges,29 percent of charges; No services were performed during the 15 month look back period.,,,,,,,,,,,,,,,,,,,,,,,,,,,,483.276326,24,,,,,0,percent of total billed charges,24 percent of charges; No services were performed during the 15 month look back period.,583.958894,29,,,,,0,percent of total billed charges,29 percent of charges; No services were performed during the 15 month look back period.,,,,,,,,,,,,,,,,,,,,,,,,,,,,,,,,,,,,,201.365136,10,,,,,0,percent of total billed charges,10 percent of charges; No services were performed during the 15 month look back period.,,,,,,,,,,,,,,,,,,,,,,,,,,,,,,,,,,,,,,,,,,,,,,,,,,,,,,,,,,,,,,,,,,,,,,,,,201.365136,10,,,,,0,percent of total billed charges,10 percent of charges; No services were performed during the 15 month look back period.,,,,,,,,,,,,,,,,,,,,,,,,,,,,,,,,,,,,,,,,,,,,,,,,,,,,,,,,,,,,,,,,,,,,,,,,,,,,,,,,,,,,,,,,,,,,,,,,,,,,,,,,,,,,,,,,,,,,,,583.958894,29,,,,,0,percent of total billed charges,29 percent of charges; No services were performed during the 15 month look back period.,583.958894,29,,,,,0,percent of total billed charges,29 percent of charges; No services were performed during the 15 month look back period.,583.958894,29,,,,,0,percent of total billed charges,29 percent of charges; No services were performed during the 15 month look back period.,583.958894,29,,,,,0,percent of total billed charges,29 percent of charges; No services were performed during the 15 month look back period.,583.958894,29,,,,,0,percent of total billed charges,29 percent of charges; No services were performed during the 15 month look back period.,583.958894,29,,,,,0,percent of total billed charges,29 percent of charges; No services were performed during the 15 month look back period.,583.958894,29,,,,,0,percent of total billed charges,29 percent of charges; No services were performed during the 15 month look back period.,583.958894,29,,,,,0,percent of total billed charges,29 percent of charges; No services were performed during the 15 month look back period.,583.958894,29,,,,,0,percent of total billed charges,29 percent of charges; No services were performed during the 15 month look back period.,583.958894,29,,,,,0,percent of total billed charges,29 percent of charges; No services were performed during the 15 month look back period.,583.958894,29,,,,,0,percent of total billed charges,29 percent of charges; No services were performed during the 15 month look back period.,583.958894,29,,,,,0,percent of total billed charges,29 percent of charges; No services were performed during the 15 month look back period.,583.958894,29,,,,,0,percent of total billed charges,29 percent of charges; No services were performed during the 15 month look back period.,,,,,,,,,,583.958894,29,,,,,0,percent of total billed charges,29 percent of charges; No services were performed during the 15 month look back period.,,,,,,,,,,382.593758,19,,,,,0,percent of total billed charges,19 percent of charges; No services were performed during the 15 month look back period.,261.774677,13,,,,,0,percent of total billed charges,13 percent of charges; No services were performed during the 15 month look back period.,201.365136,10,,,,,0,percent of total billed charges,10 percent of charges; No services were performed during the 15 month look back period.,201.365136,10,,,,,0,percent of total billed charges,10 percent of charges; No services were performed during the 15 month look back period.,,,,,,,,,,805.460544,40,,,,,0,percent of total billed charges,40 percent of charges; No services were performed during the 15 month look back period.,,,,,,,,,,,,,,,,,,,604.095408,30,,,,,0,percent of total billed charges,30 Percent of charges; No services were performed during the 15 month look back period.,,,,,,,,,,644.368435,32,,,,,0,percent of total billed charges,32 pecent of charges; No services were performed during the 15 month look back period.,,,,,,,,,,644.368435,32,,,,,0,percent of total billed charges,32 pecent of charges; No services were performed during the 15 month look back period.,604.095408,30,,,,,0,percent of total billed charges,30 Percent of charges; No services were performed during the 15 month look back period.,644.368435,32,,,,,0,percent of total billed charges,32 pecent of charges; No services were performed during the 15 month look back period.,,,,,,,,,,,,,,,,,,,,,,,,,,,,644.368435,32,,,,,0,percent of total billed charges,32 pecent of charges; No services were performed during the 15 month look back period.,201.365136,10,,,,,0,percent of total billed charges,10 percent of charges; No services were performed during the 15 month look back period.,,,,,,,,,,,,,,,,,,,,,,,,,,,,,,,,,,,,,,,,,,,,,,,,,,,,,,,,,,,,,,,,201.365136,10,,,,,0,percent of total billed charges,10 percent of charges; No services were performed during the 15 month look back period.,,,,,,,,,,,,,,,,,,,,,,,,,,,,583.958894,29,,,,,0,percent of total billed charges,29 percent of charges; No services were performed during the 15 month look back period.,583.958894,29,,,,,0,percent of total billed charges,29 percent of charges; No services were performed during the 15 month look back period.,624.231922,31,,,,,0,percent of total billed charges,31 percent of charges; No services were performed during the 15 month look back period.,,,,,,,,,,201.365136,10,,,,,0,percent of total billed charges,10 percent of charges; No services were performed during the 15 month look back period.,644.368435,32,,,,,0,percent of total billed charges,32 pecent of charges; No services were performed during the 15 month look back period.,604.095408,30,,,,,0,percent of total billed charges,30 Percent of charges; No services were performed during the 15 month look back period.,201.365136,10,,,,,0,percent of total billed charges,10 percent of charges; No services were performed during the 15 month look back period.,604.095408,30,,,,,0,percent of total billed charges,30 Percent of charges; No services were performed during the 15 month look back period.,201.365136,10,,,,,0,percent of total billed charges,10 percent of charges; No services were performed during the 15 month look back period.,,,,,,,,,,,,,,,,,,,,,,,,,,,,,,,,,,,,,,,,,,,,,,126.238,18327.463636,
J3260,HCPCS,5010003,LOCAL,636,RC,TOBRAMYCIN SULFATE INJECTION,30.862339,5.863844,Inpatient,ME,80,,,,,,,,,,,,,,,,,,,,9.258702,30,,,,,0,percent of total billed charges,30 Percent of charges; No services were performed during the 15 month look back period.,30.862339,100,,,,,0,percent of total billed charges,100 percent of charges; No services were performed during the 15 month look back period.,,,,,,,,,,9.258702,30,,,,,0,percent of total billed charges,30 Percent of charges; No services were performed during the 15 month look back period.,9.258702,30,,,,,0,percent of total billed charges,30 Percent of charges; No services were performed during the 15 month look back period.,9.258702,30,,,,,0,percent of total billed charges,30 Percent of charges; No services were performed during the 15 month look back period.,3.086234,10,,,,,0,percent of total billed charges,10 percent of charges; No services were performed during the 15 month look back period.,,,,,,,,,,22.529508,73,,,,,0,percent of total billed charges,73 percent of charges; No services were performed during the 15 month look back period.,3.086234,10,,,,,0,percent of total billed charges,10 percent of charges; No services were performed during the 15 month look back period.,,,,,,,,,,,,,,,,,,,9.875949,32,,,,,0,percent of total billed charges,32 pecent of charges; No services were performed during the 15 month look back period.,9.875949,32,,,,,0,percent of total billed charges,32 pecent of charges; No services were performed during the 15 month look back period.,9.875949,32,,,,,0,percent of total billed charges,32 pecent of charges; No services were performed during the 15 month look back period.,9.875949,32,,,,,0,percent of total billed charges,32 pecent of charges; No services were performed during the 15 month look back period.,,,,,,,,,,,,,,,,,,,,,,,,,,,,22.529508,73,,,,,0,percent of total billed charges,73 percent of charges; No services were performed during the 15 month look back period.,9.258702,30,,,,,0,percent of total billed charges,30 Percent of charges; No services were performed during the 15 month look back period.,12.344936,40,,,,,0,percent of total billed charges,40 percent of charges; No services were performed during the 15 month look back period.,8.950078,29,,,,,0,percent of total billed charges,29 percent of charges; No services were performed during the 15 month look back period.,12.344936,40,,,,,0,percent of total billed charges,40 percent of charges; No services were performed during the 15 month look back period.,12.344936,40,,,,,0,percent of total billed charges,40 percent of charges; No services were performed during the 15 month look back period.,22.529508,73,,,,,0,percent of total billed charges,73 percent of charges; No services were performed during the 15 month look back period.,,,,,,,,,,,,,,,,,,,,,,,,,,,,,,,,,,,,,8.950078,29,,,,,0,percent of total billed charges,29 percent of charges; No services were performed during the 15 month look back period.,8.950078,29,,,,,0,percent of total billed charges,29 percent of charges; No services were performed during the 15 month look back period.,8.950078,29,,,,,0,percent of total billed charges,29 percent of charges; No services were performed during the 15 month look back period.,8.950078,29,,,,,0,percent of total billed charges,29 percent of charges; No services were performed during the 15 month look back period.,8.950078,29,,,,,0,percent of total billed charges,29 percent of charges; No services were performed during the 15 month look back period.,8.950078,29,,,,,0,percent of total billed charges,29 percent of charges; No services were performed during the 15 month look back period.,8.950078,29,,,,,0,percent of total billed charges,29 percent of charges; No services were performed during the 15 month look back period.,22.529508,73,,,,,0,percent of total billed charges,73 percent of charges; No services were performed during the 15 month look back period.,4.012104,13,,,,,0,percent of total billed charges,13 percent of charges; No services were performed during the 15 month look back period.,4.012104,13,,,,,0,percent of total billed charges,13 percent of charges; No services were performed during the 15 month look back period.,22.529508,73,,,,,0,percent of total billed charges,73 percent of charges; No services were performed during the 15 month look back period.,9.875949,32,,,,,0,percent of total billed charges,32 pecent of charges; No services were performed during the 15 month look back period.,3.086234,10,,,,,0,percent of total billed charges,10 percent of charges; No services were performed during the 15 month look back period.,3.086234,10,,,,,0,percent of total billed charges,10 percent of charges; No services were performed during the 15 month look back period.,22.529508,73,,,,,0,percent of total billed charges,73 percent of charges; No services were performed during the 15 month look back period.,,,,,,,,,,3.086234,10,,,,,0,percent of total billed charges,10 percent of charges; No services were performed during the 15 month look back period.,3.086234,10,,,,,0,percent of total billed charges,10 percent of charges; No services were performed during the 15 month look back period.,3.086234,10,,,,,0,percent of total billed charges,10 percent of charges; No services were performed during the 15 month look back period.,,,,,,,,,,3.086234,10,,,,,0,percent of total billed charges,10 percent of charges; No services were performed during the 15 month look back period.,3.086234,10,,,,,0,percent of total billed charges,10 percent of charges; No services were performed during the 15 month look back period.,,,,,,,,,,7.406961,24,,,,,0,percent of total billed charges,24 percent of charges; No services were performed during the 15 month look back period.,,,,,,,,,,,,,,,,,,,,,,,,,,,,,,,,,,,,,,,,,,,,,,,,,,,,,,,,,,,,,,,,,,,,,,,,,,,,,,,,,,22.529508,73,,,,,0,percent of total billed charges,73 percent of charges; No services were performed during the 15 month look back period.,22.529508,73,,,,,0,percent of total billed charges,73 percent of charges; No services were performed during the 15 month look back period.,22.529508,73,,,,,0,percent of total billed charges,73 percent of charges; No services were performed during the 15 month look back period.,22.529508,73,,,,,0,percent of total billed charges,73 percent of charges; No services were performed during the 15 month look back period.,22.529508,73,,,,,0,percent of total billed charges,73 percent of charges; No services were performed during the 15 month look back period.,22.529508,73,,,,,0,percent of total billed charges,73 percent of charges; No services were performed during the 15 month look back period.,22.529508,73,,,,,0,percent of total billed charges,73 percent of charges; No services were performed during the 15 month look back period.,22.529508,73,,,,,0,percent of total billed charges,73 percent of charges; No services were performed during the 15 month look back period.,22.529508,73,,,,,0,percent of total billed charges,73 percent of charges; No services were performed during the 15 month look back period.,22.529508,73,,,,,0,percent of total billed charges,73 percent of charges; No services were performed during the 15 month look back period.,22.529508,73,,,,,0,percent of total billed charges,73 percent of charges; No services were performed during the 15 month look back period.,22.529508,73,,,,,0,percent of total billed charges,73 percent of charges; No services were performed during the 15 month look back period.,22.529508,73,,,,,0,percent of total billed charges,73 percent of charges; No services were performed during the 15 month look back period.,22.529508,73,,,,,0,percent of total billed charges,73 percent of charges; No services were performed during the 15 month look back period.,22.529508,73,,,,,0,percent of total billed charges,73 percent of charges; No services were performed during the 15 month look back period.,22.529508,73,,,,,0,percent of total billed charges,73 percent of charges; No services were performed during the 15 month look back period.,22.529508,73,,,,,0,percent of total billed charges,73 percent of charges; No services were performed during the 15 month look back period.,22.529508,73,,,,,0,percent of total billed charges,73 percent of charges; No services were performed during the 15 month look back period.,22.529508,73,,,,,0,percent of total billed charges,73 percent of charges; No services were performed during the 15 month look back period.,22.529508,73,,,,,0,percent of total billed charges,73 percent of charges; No services were performed during the 15 month look back period.,22.529508,73,,,,,0,percent of total billed charges,73 percent of charges; No services were performed during the 15 month look back period.,22.529508,73,,,,,0,percent of total billed charges,73 percent of charges; No services were performed during the 15 month look back period.,22.529508,73,,,,,0,percent of total billed charges,73 percent of charges; No services were performed during the 15 month look back period.,22.529508,73,,,,,0,percent of total billed charges,73 percent of charges; No services were performed during the 15 month look back period.,22.529508,73,,,,,0,percent of total billed charges,73 percent of charges; No services were performed during the 15 month look back period.,22.529508,73,,,,,0,percent of total billed charges,73 percent of charges; No services were performed during the 15 month look back period.,8.950078,29,,,,,0,percent of total billed charges,29 percent of charges; No services were performed during the 15 month look back period.,8.950078,29,,,,,0,percent of total billed charges,29 percent of charges; No services were performed during the 15 month look back period.,8.950078,29,,,,,0,percent of total billed charges,29 percent of charges; No services were performed during the 15 month look back period.,8.950078,29,,,,,0,percent of total billed charges,29 percent of charges; No services were performed during the 15 month look back period.,12.344936,40,,,,,0,percent of total billed charges,40 percent of charges; No services were performed during the 15 month look back period.,12.344936,40,,,,,0,percent of total billed charges,40 percent of charges; No services were performed during the 15 month look back period.,9.875949,32,,,,,0,percent of total billed charges,32 pecent of charges; No services were performed during the 15 month look back period.,,,,,,,,,,3.086234,10,,,,,0,percent of total billed charges,10 percent of charges; No services were performed during the 15 month look back period.,,,,,,,,,,22.529508,73,,,,,0,percent of total billed charges,73 percent of charges; No services were performed during the 15 month look back period.,12.344936,40,,,,,0,percent of total billed charges,40 percent of charges; No services were performed during the 15 month look back period.,,,,,,,,,,3.086234,10,,,,,0,percent of total billed charges,10 percent of charges; No services were performed during the 15 month look back period.,9.875949,32,,,,,0,percent of total billed charges,32 pecent of charges; No services were performed during the 15 month look back period.,,,,,,,,,,22.529508,73,,,,,0,percent of total billed charges,73 percent of charges; No services were performed during the 15 month look back period.,,,,,,,,,,8.950078,29,,,,,0,percent of total billed charges,29 percent of charges; No services were performed during the 15 month look back period.,8.950078,29,,,,,0,percent of total billed charges,29 percent of charges; No services were performed during the 15 month look back period.,8.950078,29,,,,,0,percent of total billed charges,29 percent of charges; No services were performed during the 15 month look back period.,,,,,,,,,,7.406961,24,,,,,0,percent of total billed charges,24 percent of charges; No services were performed during the 15 month look back period.,,,,,,,,,,,,,,,,,,,,,,,,,,,,,,,,,,,,,,,,,,,,,,9.258702,30,,,,,0,percent of total billed charges,30 Percent of charges; No services were performed during the 15 month look back period.,9.258702,30,,,,,0,percent of total billed charges,30 Percent of charges; No services were performed during the 15 month look back period.,,,,,,,,,,9.875949,32,,,,,0,percent of total billed charges,32 pecent of charges; No services were performed during the 15 month look back period.,3.086234,10,,,,,0,percent of total billed charges,10 percent of charges; No services were performed during the 15 month look back period.,3.086234,10,,,,,0,percent of total billed charges,10 percent of charges; No services were performed during the 15 month look back period.,,,,,,,,,,9.875949,32,,,,,0,percent of total billed charges,32 pecent of charges; No services were performed during the 15 month look back period.,9.258702,30,,,,,0,percent of total billed charges,30 Percent of charges; No services were performed during the 15 month look back period.,9.258702,30,,,,,0,percent of total billed charges,30 Percent of charges; No services were performed during the 15 month look back period.,9.258702,30,,,,,0,percent of total billed charges,30 Percent of charges; No services were performed during the 15 month look back period.,22.529508,73,,,,,0,percent of total billed charges,73 percent of charges; No services were performed during the 15 month look back period.,22.529508,73,,,,,0,percent of total billed charges,73 percent of charges; No services were performed during the 15 month look back period.,22.529508,73,,,,,0,percent of total billed charges,73 percent of charges; No services were performed during the 15 month look back period.,22.529508,73,,,,,0,percent of total billed charges,73 percent of charges; No services were performed during the 15 month look back period.,22.529508,73,,,,,0,percent of total billed charges,73 percent of charges; No services were performed during the 15 month look back period.,22.529508,73,,,,,0,percent of total billed charges,73 percent of charges; No services were performed during the 15 month look back period.,22.529508,73,,,,,0,percent of total billed charges,73 percent of charges; No services were performed during the 15 month look back period.,22.529508,73,,,,,0,percent of total billed charges,73 percent of charges; No services were performed during the 15 month look back period.,22.529508,73,,,,,0,percent of total billed charges,73 percent of charges; No services were performed during the 15 month look back period.,22.529508,73,,,,,0,percent of total billed charges,73 percent of charges; No services were performed during the 15 month look back period.,22.529508,73,,,,,0,percent of total billed charges,73 percent of charges; No services were performed during the 15 month look back period.,12.344936,40,,,,,0,percent of total billed charges,40 percent of charges; No services were performed during the 15 month look back period.,,,,,,,,,,9.875949,32,,,,,0,percent of total billed charges,32 pecent of charges; No services were performed during the 15 month look back period.,,,,,,,,,,9.258702,30,,,,,0,percent of total billed charges,30 Percent of charges; No services were performed during the 15 month look back period.,9.875949,32,,,,,0,percent of total billed charges,32 pecent of charges; No services were performed during the 15 month look back period.,9.875949,32,,,,,0,percent of total billed charges,32 pecent of charges; No services were performed during the 15 month look back period.,22.529508,73,,,,,0,percent of total billed charges,73 percent of charges; No services were performed during the 15 month look back period.,6.172468,20,,,,,0,percent of total billed charges,20 percent of charges; No services were performed during the 15 month look back period.,9.875949,32,,,,,0,percent of total billed charges,32 pecent of charges; No services were performed during the 15 month look back period.,,,,,,,,,,,,,,,,,,,,,,,,,,,,,,,,,,,,,,,,,,,,,,,,,,,,,,,,,,,,,,,,9.875949,32,,,,,0,percent of total billed charges,32 pecent of charges; No services were performed during the 15 month look back period.,7.406961,24,,,,,0,percent of total billed charges,24 percent of charges; No services were performed during the 15 month look back period.,,,,,,,,,,,,,,,,,,,,,,,,,,,,,,,,,,,,,,,,,,,,,,,,,,,,,,,7.406961,24,,,,,0,percent of total billed charges,24 percent of charges; No services were performed during the 15 month look back period.,9.567325,31,,,,,0,percent of total billed charges,31 percent of charges; No services were performed during the 15 month look back period.,9.567325,31,,,,,0,percent of total billed charges,31 percent of charges; No services were performed during the 15 month look back period.,9.567325,31,,,,,0,percent of total billed charges,31 percent of charges; No services were performed during the 15 month look back period.,9.567325,31,,,,,0,percent of total billed charges,31 percent of charges; No services were performed during the 15 month look back period.,9.567325,31,,,,,0,percent of total billed charges,31 percent of charges; No services were performed during the 15 month look back period.,,,,,,,,,,12.344936,40,,,,,0,percent of total billed charges,40 percent of charges; No services were performed during the 15 month look back period.,12.344936,40,,,,,0,percent of total billed charges,40 percent of charges; No services were performed during the 15 month look back period.,12.344936,40,,,,,0,percent of total billed charges,40 percent of charges; No services were performed during the 15 month look back period.,12.344936,40,,,,,0,percent of total billed charges,40 percent of charges; No services were performed during the 15 month look back period.,9.258702,30,,,,,0,percent of total billed charges,30 Percent of charges; No services were performed during the 15 month look back period.,9.258702,30,,,,,0,percent of total billed charges,30 Percent of charges; No services were performed during the 15 month look back period.,9.258702,30,,,,,0,percent of total billed charges,30 Percent of charges; No services were performed during the 15 month look back period.,9.258702,30,,,,,0,percent of total billed charges,30 Percent of charges; No services were performed during the 15 month look back period.,7.406961,24,,,,,0,percent of total billed charges,24 percent of charges; No services were performed during the 15 month look back period.,7.406961,24,,,,,0,percent of total billed charges,24 percent of charges; No services were performed during the 15 month look back period.,,,,,,,,,,,,,,,,,,,,,,,,,,,,,,,,,,,,,,,,,,,,,,,,,,,,,,,7.406961,24,,,,,0,percent of total billed charges,24 percent of charges; No services were performed during the 15 month look back period.,9.258702,30,,,,,0,percent of total billed charges,30 Percent of charges; No services were performed during the 15 month look back period.,,,,,,,,,,,,,,,,,,,,,,,,,,,,,,,,,,,,,,,,,,,,,,,,,,,,,,,,,,,,,,,,,,,,,,,,,,,,,,,,,,,,,,,,,,,,,,,,,,,,,,,,,,,,,,,,,,,,,,,,,,,,,,,,,,,,,,,,,,,,,,,,,,,,,,,,,,,,,,,,,,,,,,,,,,,,,,,,,,,,,,,,,,,,,,,,,,,,,,,9.258702,30,,,,,0,percent of total billed charges,30 Percent of charges; No services were performed during the 15 month look back period.,,,,,,,,,,,,,,,,,,,,,,,,,,,,,,,,,,,,,,,,,,,,,,,,,,,,,,,,,,,,,,,,3.086234,10,,,,,0,percent of total billed charges,10 percent of charges; No services were performed during the 15 month look back period.,3.086234,10,,,,,0,percent of total billed charges,10 percent of charges; No services were performed during the 15 month look back period.,3.086234,10,,,,,0,percent of total billed charges,10 percent of charges; No services were performed during the 15 month look back period.,3.086234,10,,,,,0,percent of total billed charges,10 percent of charges; No services were performed during the 15 month look back period.,,,,,,,,,,7.406961,24,,,,,0,percent of total billed charges,24 percent of charges; No services were performed during the 15 month look back period.,8.950078,29,,,,,0,percent of total billed charges,29 percent of charges; No services were performed during the 15 month look back period.,8.950078,29,,,,,0,percent of total billed charges,29 percent of charges; No services were performed during the 15 month look back period.,8.950078,29,,,,,0,percent of total billed charges,29 percent of charges; No services were performed during the 15 month look back period.,8.950078,29,,,,,0,percent of total billed charges,29 percent of charges; No services were performed during the 15 month look back period.,,,,,,,,,,,,,,,,,,,,,,,,,,,,,,,,,,,,,,,,,,,,,,,,,,,,,,,,,,,,,,,,,,,,,,,,,,,,,,,,,,,,,,,,,,,9.258702,30,,,,,0,percent of total billed charges,30 Percent of charges; No services were performed during the 15 month look back period.,,,,,,,,,,,,,,,,,,,,,,,,,,,,,,,,,,,,,,,,,,,,,,,,,,,,,,,,,,,,,,,,,,,,,,,,,,,,,,,,,,,,,,,,,,,,,,,,,,,,,,,,,,,,,,,,,,,,,,,,,,,,,,,9.875949,32,,,,,0,percent of total billed charges,32 pecent of charges; No services were performed during the 15 month look back period.,,,,,,,,,,,,,,,,,,,,,,,,,,,,,,,,,,,,,,,,,,,,,,8.950078,29,,,,,0,percent of total billed charges,29 percent of charges; No services were performed during the 15 month look back period.,8.950078,29,,,,,0,percent of total billed charges,29 percent of charges; No services were performed during the 15 month look back period.,8.950078,29,,,,,0,percent of total billed charges,29 percent of charges; No services were performed during the 15 month look back period.,8.950078,29,,,,,0,percent of total billed charges,29 percent of charges; No services were performed during the 15 month look back period.,,,,,,,,,,8.950078,29,,,,,0,percent of total billed charges,29 percent of charges; No services were performed during the 15 month look back period.,9.258702,30,,,,,0,percent of total billed charges,30 Percent of charges; No services were performed during the 15 month look back period.,8.950078,29,,,,,0,percent of total billed charges,29 percent of charges; No services were performed during the 15 month look back period.,9.875949,32,,,,,0,percent of total billed charges,32 pecent of charges; No services were performed during the 15 month look back period.,8.950078,29,,,,,0,percent of total billed charges,29 percent of charges; No services were performed during the 15 month look back period.,,,,,,,,,,,,,,,,,,,,,,,,,,,,8.950078,29,,,,,0,percent of total billed charges,29 percent of charges; No services were performed during the 15 month look back period.,,,,,,,,,,,,,,,,,,,,,,,,,,,,,,,,,,,,,,,,,,,,,,8.950078,29,,,,,0,percent of total billed charges,29 percent of charges; No services were performed during the 15 month look back period.,8.950078,29,,,,,0,percent of total billed charges,29 percent of charges; No services were performed during the 15 month look back period.,8.950078,29,,,,,0,percent of total billed charges,29 percent of charges; No services were performed during the 15 month look back period.,8.950078,29,,,,,0,percent of total billed charges,29 percent of charges; No services were performed during the 15 month look back period.,,,,,,,,,,,,,,,,,,,,,,,,,,,,,,,,,,,,,,,,,,,,,,,,,,,,,,,,,,,,,,,,,,,,,,,,,,,,,,,,,,,,,,,,,,,8.950078,29,,,,,0,percent of total billed charges,29 percent of charges; No services were performed during the 15 month look back period.,9.875949,32,,,,,0,percent of total billed charges,32 pecent of charges; No services were performed during the 15 month look back period.,22.529508,73,,,,,0,percent of total billed charges,73 percent of charges; No services were performed during the 15 month look back period.,3.086234,10,,,,,0,percent of total billed charges,10 percent of charges; No services were performed during the 15 month look back period.,3.086234,10,,,,,0,percent of total billed charges,10 percent of charges; No services were performed during the 15 month look back period.,9.258702,30,,,,,0,percent of total billed charges,30 Percent of charges; No services were performed during the 15 month look back period.,,,,,,,,,,12.344936,40,,,,,0,percent of total billed charges,40 percent of charges; No services were performed during the 15 month look back period.,12.344936,40,,,,,0,percent of total billed charges,40 percent of charges; No services were performed during the 15 month look back period.,,,,,,,,,,,,,,,,,,,,,,,,,,,,,,,,,,,,,,,,,,,,,,,,,,,,,,,3.086234,10,,,,,0,percent of total billed charges,10 percent of charges; No services were performed during the 15 month look back period.,,,,,,,,,,,,,,,,,,,,,,,,,,,,,,,,,,,,,8.950078,29,,,,,0,percent of total billed charges,29 percent of charges; No services were performed during the 15 month look back period.,,,,,,,,,,,,,,,,,,,8.950078,29,,,,,0,percent of total billed charges,29 percent of charges; No services were performed during the 15 month look back period.,,,,,,,,,,,,,,,,,,,,,,,,,,,,7.406961,24,,,,,0,percent of total billed charges,24 percent of charges; No services were performed during the 15 month look back period.,8.950078,29,,,,,0,percent of total billed charges,29 percent of charges; No services were performed during the 15 month look back period.,,,,,,,,,,,,,,,,,,,,,,,,,,,,,,,,,,,,,3.086234,10,,,,,0,percent of total billed charges,10 percent of charges; No services were performed during the 15 month look back period.,,,,,,,,,,,,,,,,,,,,,,,,,,,,,,,,,,,,,,,,,,,,,,,,,,,,,,,,,,,,,,,,,,,,,,,,,3.086234,10,,,,,0,percent of total billed charges,10 percent of charges; No services were performed during the 15 month look back period.,,,,,,,,,,,,,,,,,,,,,,,,,,,,,,,,,,,,,,,,,,,,,,,,,,,,,,,,,,,,,,,,,,,,,,,,,,,,,,,,,,,,,,,,,,,,,,,,,,,,,,,,,,,,,,,,,,,,,,8.950078,29,,,,,0,percent of total billed charges,29 percent of charges; No services were performed during the 15 month look back period.,8.950078,29,,,,,0,percent of total billed charges,29 percent of charges; No services were performed during the 15 month look back period.,8.950078,29,,,,,0,percent of total billed charges,29 percent of charges; No services were performed during the 15 month look back period.,8.950078,29,,,,,0,percent of total billed charges,29 percent of charges; No services were performed during the 15 month look back period.,8.950078,29,,,,,0,percent of total billed charges,29 percent of charges; No services were performed during the 15 month look back period.,8.950078,29,,,,,0,percent of total billed charges,29 percent of charges; No services were performed during the 15 month look back period.,8.950078,29,,,,,0,percent of total billed charges,29 percent of charges; No services were performed during the 15 month look back period.,8.950078,29,,,,,0,percent of total billed charges,29 percent of charges; No services were performed during the 15 month look back period.,8.950078,29,,,,,0,percent of total billed charges,29 percent of charges; No services were performed during the 15 month look back period.,8.950078,29,,,,,0,percent of total billed charges,29 percent of charges; No services were performed during the 15 month look back period.,8.950078,29,,,,,0,percent of total billed charges,29 percent of charges; No services were performed during the 15 month look back period.,8.950078,29,,,,,0,percent of total billed charges,29 percent of charges; No services were performed during the 15 month look back period.,8.950078,29,,,,,0,percent of total billed charges,29 percent of charges; No services were performed during the 15 month look back period.,,,,,,,,,,8.950078,29,,,,,0,percent of total billed charges,29 percent of charges; No services were performed during the 15 month look back period.,,,,,,,,,,5.863844,19,,,,,0,percent of total billed charges,19 percent of charges; No services were performed during the 15 month look back period.,4.012104,13,,,,,0,percent of total billed charges,13 percent of charges; No services were performed during the 15 month look back period.,3.086234,10,,,,,0,percent of total billed charges,10 percent of charges; No services were performed during the 15 month look back period.,3.086234,10,,,,,0,percent of total billed charges,10 percent of charges; No services were performed during the 15 month look back period.,,,,,,,,,,12.344936,40,,,,,0,percent of total billed charges,40 percent of charges; No services were performed during the 15 month look back period.,,,,,,,,,,,,,,,,,,,9.258702,30,,,,,0,percent of total billed charges,30 Percent of charges; No services were performed during the 15 month look back period.,,,,,,,,,,9.875949,32,,,,,0,percent of total billed charges,32 pecent of charges; No services were performed during the 15 month look back period.,,,,,,,,,,9.875949,32,,,,,0,percent of total billed charges,32 pecent of charges; No services were performed during the 15 month look back period.,9.258702,30,,,,,0,percent of total billed charges,30 Percent of charges; No services were performed during the 15 month look back period.,9.875949,32,,,,,0,percent of total billed charges,32 pecent of charges; No services were performed during the 15 month look back period.,,,,,,,,,,,,,,,,,,,,,,,,,,,,9.875949,32,,,,,0,percent of total billed charges,32 pecent of charges; No services were performed during the 15 month look back period.,3.086234,10,,,,,0,percent of total billed charges,10 percent of charges; No services were performed during the 15 month look back period.,,,,,,,,,,,,,,,,,,,,,,,,,,,,,,,,,,,,,,,,,,,,,,,,,,,,,,,,,,,,,,,,3.086234,10,,,,,0,percent of total billed charges,10 percent of charges; No services were performed during the 15 month look back period.,,,,,,,,,,,,,,,,,,,,,,,,,,,,8.950078,29,,,,,0,percent of total billed charges,29 percent of charges; No services were performed during the 15 month look back period.,8.950078,29,,,,,0,percent of total billed charges,29 percent of charges; No services were performed during the 15 month look back period.,9.567325,31,,,,,0,percent of total billed charges,31 percent of charges; No services were performed during the 15 month look back period.,,,,,,,,,,3.086234,10,,,,,0,percent of total billed charges,10 percent of charges; No services were performed during the 15 month look back period.,9.875949,32,,,,,0,percent of total billed charges,32 pecent of charges; No services were performed during the 15 month look back period.,9.258702,30,,,,,0,percent of total billed charges,30 Percent of charges; No services were performed during the 15 month look back period.,3.086234,10,,,,,0,percent of total billed charges,10 percent of charges; No services were performed during the 15 month look back period.,9.258702,30,,,,,0,percent of total billed charges,30 Percent of charges; No services were performed during the 15 month look back period.,3.086234,10,,,,,0,percent of total billed charges,10 percent of charges; No services were performed during the 15 month look back period.,,,,,,,,,,,,,,,,,,,,,,,,,,,,,,,,,,,,,,,,,,,,,,0.154312,30.862339,
J3380,HCPCS,5010003,LOCAL,636,RC,INJ VEDOLIZUMAB IV 1 MG,163.825192,31.126787,Outpatient,ME,1,,21.16,,,,,,,Fee Schedule,"100 % 1199 Fee Schedule. ",21.16,,,,,,,Fee Schedule,"100 % 1199 Fee Schedule. ",98.295115,60,,,,,0,percent of total billed charges,60 percent of billed charges; No services were performed during the 15 month look back period.,163.825192,100,,,,,0,percent of total billed charges,100 percent of billed charges; No services were performed during the 15 month look back period.,21.162,,,,,,,Fee Schedule,"100% ASP Fee Schedule. ",98.295115,60,,,,,0,percent of total billed charges,60 percent of billed charges; No services were performed during the 15 month look back period.,98.295115,60,,15025.5,14283,15444,69,percent of total billed charges,60 percent of billed charges,98.295115,60,,15025.5,14283,15444,1 through 10,percent of total billed charges,60 percent of billed charges,6395.738182,,,,,,,Case Rate,"100 Percent of Medicaid APG. ",5329.781818,,,,,,,Case Rate,"100 Percent of Medicaid APG. ",127.78365,78,,,,,0,percent of total billed charges,78% of Billed Charges. Lesser of 100% of billed charges applies.; No services were performed during the 15 month look back period.,,,,,,,,Fee Schedule,"100 % Zero Pay Code. ",5329.781818,,,,,,,Case Rate,"100 Percent of Medicaid APG. ",21.162,,,,,,,Fee Schedule,"100% ASP Fee Schedule. ",49.147558,30,,,,,0,percent of total billed charges,30 percent of billed charges; No services were performed during the 15 month look back period.,49.147558,30,,,,,0,percent of total billed charges,30 percent of billed charges; No services were performed during the 15 month look back period.,49.147558,30,,1311.31,1269.72,12617.8,14,percent of total billed charges,30 percent of billed charges,49.147558,30,,,,,0,percent of total billed charges,30 percent of billed charges; No services were performed during the 15 month look back period.,39.8705,,,,,,,Fee schedule,"115 Percent of AWP Fee Schedule. ",21.162,,,,,,,Fee Schedule,"100% ASP Fee Schedule. ",39.8705,,,,,,,Fee schedule,"115 Percent of AWP Fee Schedule. ",127.78365,78,,,,,0,percent of total billed charges,78% of Billed Charges. Lesser of 100% of billed charges applies.; No services were performed during the 15 month look back period.,98.295115,60,,,,,0,percent of total billed charges,60 percent of billed charges; No services were performed during the 15 month look back period.,21.162,,,,,,,Fee Schedule,"100% ASP Fee Schedule. ",119.59239,73,,18010.19,12741.46,19783.01,1 through 10,percent of total billed charges,73 percent of billed charges,21.162,,,,,,,Fee Schedule,"100% ASP Fee Schedule. ",21.162,,,,,,,Fee Schedule,"100% ASP Fee Schedule. ",127.78365,78,,,,,0,percent of total billed charges,78% of Billed Charges. Lesser of 100% of billed charges applies.; No services were performed during the 15 month look back period.,22.062,,,,,,,Fee Schedule,100 Percent of ASP if not priced then 95 Percent of AWP. Lesser of 100% of billed charges applies.,22.062,,,,,,,Fee Schedule,100 Percent of ASP if not priced then 95 Percent of AWP. Lesser of 100% of billed charges applies.,20.9589,,,,,,,Fee schedule,"95 Percent of ASP. ",20.9589,,,,,,,Fee schedule,"95 Percent of ASP. ",119.59239,73,,,,,0,percent of total billed charges,73 percent of billed charges; No services were performed during the 15 month look back period.,119.59239,73,,,,,0,percent of total billed charges,73 percent of billed charges; No services were performed during the 15 month look back period.,5329.781818,,,,,,,Case Rate,"100 Percent of Medicaid APG. Not APG payable, or payable under another fee schedule like ASP/AWP pays at 30% of charges",119.59239,73,,12741.46,5918.74,55709.96,48,percent of total billed charges,73 percent of billed charges,5329.781818,,,,,,,Case Rate,"100 Percent of Medicaid APG. Not APG payable, or payable under another fee schedule like ASP/AWP pays at 30% of charges",21.162,,,,,,,Fee Schedule,"100% ASP Fee Schedule. ",119.59239,73,,,,,0,percent of total billed charges,73 percent of billed charges; No services were performed during the 15 month look back period.,127.78365,78,,,,,0,percent of total billed charges,78% of Billed Charges. Lesser of 100% of billed charges applies.; No services were performed during the 15 month look back period.,5329.781818,,,,,,,Case Rate,"106 percent of Average Sales Price.. Drugs not priced under APG, billed with revenue code 636 and not priced by Medicare ASP FeeSched will be reimbursed at 20% of charges.",5329.781818,,,,,,,Case Rate,"106 percent of Average Sales Price.. Drugs not priced under APG, billed with revenue code 636 and not priced by Medicare ASP FeeSched will be reimbursed at 20% of charges.",127.78365,78,,,,,0,percent of total billed charges,78% of Billed Charges. Lesser of 100% of billed charges applies.; No services were performed during the 15 month look back period.,49.147558,30,,,,,0,percent of total billed charges,30 percent of billed charges; No services were performed during the 15 month look back period.,,,,,,,,Fee Schedule,"100 % Zero Pay Code. ",,,,,,,,Fee Schedule,"100 % Zero Pay Code. ",127.78365,78,,,,,0,percent of total billed charges,78% of Billed Charges. Lesser of 100% of billed charges applies.; No services were performed during the 15 month look back period.,21.162,,,,,,,Fee Schedule,"100% ASP Fee Schedule. ",,,,,,,,Fee Schedule,"100 % Zero Pay Code. ",,,,,,,,Fee Schedule,"100 % Zero Pay Code. ",,,,,,,,Fee Schedule,"100 % Zero Pay Code. ",21.162,,,,,,,Fee Schedule,"100% ASP Fee Schedule. ",,,,,,,,Fee Schedule,"100 % Zero Pay Code. ",,,,,,,,Fee Schedule,"100 % Zero Pay Code. ",21.162,,,,,,,Fee Schedule,"100% of AWP Fee Schedule. ",81.912596,50,,,,,0,percent of total billed charges,50 percent of billed charges; No services were performed during the 15 month look back period.,73.721337,45,,7151.1,7151.1,7550.4,26,percent of total billed charges,45 percent of billed charges,73.721337,45,,55709.96,7151.1,55709.96,73,percent of total billed charges,45 percent of billed charges,73.721337,45,,,,,0,percent of total billed charges,45 percent of billed charges; No services were performed during the 15 month look back period.,73.721337,45,,,,,0,percent of total billed charges,45 percent of billed charges; No services were performed during the 15 month look back period.,73.721337,45,,7345.8,7151.1,55709.96,20,percent of total billed charges,45 percent of billed charges,73.721337,45,,7550.4,7151.1,55709.96,96,percent of total billed charges,45 percent of billed charges,21.162,,,,,,,Fee Schedule,"100% ASP Fee Schedule. ",21.162,,,,,,,Fee Schedule,"100% ASP Fee Schedule. ",73.721337,45,,,,,0,percent of total billed charges,45 percent of billed charges; No services were performed during the 15 month look back period.,127.78365,78,,,,,0,percent of total billed charges,78% of Billed Charges. Lesser of 100% of billed charges applies.; No services were performed during the 15 month look back period.,127.78365,78,,,,,0,percent of total billed charges,78% of Billed Charges. Lesser of 100% of billed charges applies.; No services were performed during the 15 month look back period.,127.78365,78,,,,,0,percent of total billed charges,78% of Billed Charges. Lesser of 100% of billed charges applies.; No services were performed during the 15 month look back period.,127.78365,78,,,,,0,percent of total billed charges,78% of Billed Charges. Lesser of 100% of billed charges applies.; No services were performed during the 15 month look back period.,127.78365,78,,,,,0,percent of total billed charges,78% of Billed Charges. Lesser of 100% of billed charges applies.; No services were performed during the 15 month look back period.,127.78365,78,,,,,0,percent of total billed charges,78% of Billed Charges. Lesser of 100% of billed charges applies.; No services were performed during the 15 month look back period.,127.78365,78,,,,,0,percent of total billed charges,78% of Billed Charges. Lesser of 100% of billed charges applies.; No services were performed during the 15 month look back period.,127.78365,78,,,,,0,percent of total billed charges,78% of Billed Charges. Lesser of 100% of billed charges applies.; No services were performed during the 15 month look back period.,127.78365,78,,,,,0,percent of total billed charges,78% of Billed Charges. Lesser of 100% of billed charges applies.; No services were performed during the 15 month look back period.,127.78365,78,,,,,0,percent of total billed charges,78% of Billed Charges. Lesser of 100% of billed charges applies.; No services were performed during the 15 month look back period.,127.78365,78,,,,,0,percent of total billed charges,78% of Billed Charges. Lesser of 100% of billed charges applies.; No services were performed during the 15 month look back period.,127.78365,78,,,,,0,percent of total billed charges,78% of Billed Charges. Lesser of 100% of billed charges applies.; No services were performed during the 15 month look back period.,127.78365,78,,,,,0,percent of total billed charges,78% of Billed Charges. Lesser of 100% of billed charges applies.; No services were performed during the 15 month look back period.,127.78365,78,,,,,0,percent of total billed charges,78% of Billed Charges. Lesser of 100% of billed charges applies.; No services were performed during the 15 month look back period.,127.78365,78,,,,,0,percent of total billed charges,78% of Billed Charges. Lesser of 100% of billed charges applies.; No services were performed during the 15 month look back period.,127.78365,78,,,,,0,percent of total billed charges,78% of Billed Charges. Lesser of 100% of billed charges applies.; No services were performed during the 15 month look back period.,127.78365,78,,,,,0,percent of total billed charges,78% of Billed Charges. Lesser of 100% of billed charges applies.; No services were performed during the 15 month look back period.,127.78365,78,,,,,0,percent of total billed charges,78% of Billed Charges. Lesser of 100% of billed charges applies.; No services were performed during the 15 month look back period.,127.78365,78,,,,,0,percent of total billed charges,78% of Billed Charges. Lesser of 100% of billed charges applies.; No services were performed during the 15 month look back period.,127.78365,78,,,,,0,percent of total billed charges,78% of Billed Charges. Lesser of 100% of billed charges applies.; No services were performed during the 15 month look back period.,127.78365,78,,,,,0,percent of total billed charges,78% of Billed Charges. Lesser of 100% of billed charges applies.; No services were performed during the 15 month look back period.,127.78365,78,,,,,0,percent of total billed charges,78% of Billed Charges. Lesser of 100% of billed charges applies.; No services were performed during the 15 month look back period.,127.78365,78,,,,,0,percent of total billed charges,78% of Billed Charges. Lesser of 100% of billed charges applies.; No services were performed during the 15 month look back period.,127.78365,78,,,,,0,percent of total billed charges,78% of Billed Charges. Lesser of 100% of billed charges applies.; No services were performed during the 15 month look back period.,127.78365,78,,,,,0,percent of total billed charges,78% of Billed Charges. Lesser of 100% of billed charges applies.; No services were performed during the 15 month look back period.,127.78365,78,,,,,0,percent of total billed charges,78% of Billed Charges. Lesser of 100% of billed charges applies.; No services were performed during the 15 month look back period.,119.59239,73,,,,,0,percent of total billed charges,73 percent of billed charges; No services were performed during the 15 month look back period.,119.59239,73,,,,,0,percent of total billed charges,73 percent of billed charges; No services were performed during the 15 month look back period.,119.59239,73,,,,,0,percent of total billed charges,73 percent of billed charges; No services were performed during the 15 month look back period.,119.59239,73,,,,,0,percent of total billed charges,73 percent of billed charges; No services were performed during the 15 month look back period.,131.060154,80,,,,,0,percent of total billed charges,80 percent of billed charges; No services were performed during the 15 month look back period.,131.060154,80,,2532.46,2532.46,2532.46,1 through 10,percent of total billed charges,80 percent of billed charges,49.147558,30,,,,,0,percent of total billed charges,30 percent of billed charges; No services were performed during the 15 month look back period.,73.721337,45,,7550.4,7550.4,7550.4,1 through 10,percent of total billed charges,45 percent of billed charges,,,,,,,,Fee Schedule,"100 % Zero Pay Code. ",73.721337,45,,7151.1,7151.1,55709.96,22,percent of total billed charges,45 percent of billed charges,127.78365,78,,,,,0,percent of total billed charges,78% of Billed Charges. Lesser of 100% of billed charges applies.; No services were performed during the 15 month look back period.,131.060154,80,,,,,0,percent of total billed charges,80 percent of billed charges; No services were performed during the 15 month look back period.,73.721337,45,,,,,0,percent of total billed charges,45 percent of billed charges; No services were performed during the 15 month look back period.,,,,,,,,Fee Schedule,"100 % Zero Pay Code. ",49.147558,30,,,,,0,percent of total billed charges,30 percent of billed charges; No services were performed during the 15 month look back period.,,,,,,,,,"NA. ",127.78365,78,,,,,0,percent of total billed charges,78% of Billed Charges. Lesser of 100% of billed charges applies.; No services were performed during the 15 month look back period.,5329.781818,,,,,,,Case Rate,"100 Percent of Medicaid APG. ",119.59239,73,,,,,0,percent of total billed charges,73 percent of billed charges; No services were performed during the 15 month look back period.,5329.781818,,,,,,,Case Rate,"100 Percent of Medicaid APG. Not APG payable, or payable under another fee schedule like ASP/AWP pays at 30% of charges",21.162,,,,,,,Fee Schedule,"100% ASP Fee Schedule. ",21.162,,,,,,,Fee Schedule,"100% ASP Fee Schedule. ",81.912596,50,,,,,0,percent of total billed charges,50 percent of billed charges; No services were performed during the 15 month look back period.,21.162,,,,,,,Fee Schedule,"100% ASP Fee Schedule. ",21.162,,,,,,,Fee Schedule,"100% ASP Fee Schedule. ",5329.781818,,,,,,,Case Rate,"100 Percent of Medicaid APG. ",21.162,,,,,,,Fee Schedule,"100% ASP Fee Schedule. ",21.162,,,,,,,Fee Schedule,"100% ASP Fee Schedule. ",98.295115,60,,,,,0,percent of total billed charges,60 percent of billed charges; No services were performed during the 15 month look back period.,98.295115,60,,,,,0,percent of total billed charges,60 percent of billed charges; No services were performed during the 15 month look back period.,21.162,,,,,,,Fee Schedule,"100% ASP Fee Schedule. ",49.147558,30,,,,,0,percent of total billed charges,30 percent of billed charges; No services were performed during the 15 month look back period.,,,,,,,,Fee Schedule,"100 % Zero Pay Code. ",,,,,,,,Fee Schedule,"100 % Zero Pay Code. ",21.162,,,,,,,Fee Schedule,"100% ASP Fee Schedule. ",49.147558,30,,12600,8448.51,12948,32,percent of total billed charges,30 percent of billed charges,98.295115,60,,,,,0,percent of total billed charges,60 percent of billed charges; No services were performed during the 15 month look back period.,98.295115,60,,15444,14283,55709.96,45,percent of total billed charges,60 percent of billed charges,98.295115,60,,,,,0,percent of total billed charges,60 percent of billed charges; No services were performed during the 15 month look back period.,127.78365,78,,,,,0,percent of total billed charges,78% of Billed Charges. Lesser of 100% of billed charges applies.; No services were performed during the 15 month look back period.,127.78365,78,,,,,0,percent of total billed charges,78% of Billed Charges. Lesser of 100% of billed charges applies.; No services were performed during the 15 month look back period.,127.78365,78,,,,,0,percent of total billed charges,78% of Billed Charges. Lesser of 100% of billed charges applies.; No services were performed during the 15 month look back period.,127.78365,78,,,,,0,percent of total billed charges,78% of Billed Charges. Lesser of 100% of billed charges applies.; No services were performed during the 15 month look back period.,127.78365,78,,,,,0,percent of total billed charges,78% of Billed Charges. Lesser of 100% of billed charges applies.; No services were performed during the 15 month look back period.,127.78365,78,,,,,0,percent of total billed charges,78% of Billed Charges. Lesser of 100% of billed charges applies.; No services were performed during the 15 month look back period.,127.78365,78,,,,,0,percent of total billed charges,78% of Billed Charges. Lesser of 100% of billed charges applies.; No services were performed during the 15 month look back period.,127.78365,78,,,,,0,percent of total billed charges,78% of Billed Charges. Lesser of 100% of billed charges applies.; No services were performed during the 15 month look back period.,127.78365,78,,,,,0,percent of total billed charges,78% of Billed Charges. Lesser of 100% of billed charges applies.; No services were performed during the 15 month look back period.,127.78365,78,,1269.72,1269.72,1269.72,1 through 10,percent of total billed charges,78% of Billed Charges. Lesser of 100% of billed charges applies.,127.78365,78,,,,,0,percent of total billed charges,78% of Billed Charges. Lesser of 100% of billed charges applies.; No services were performed during the 15 month look back period.,131.060154,80,,1365.23,1331.75,54780.75,14,percent of total billed charges,80 percent of billed charges,73.721337,45,,7167.37,1335.6,55709.96,292,percent of total billed charges,45 percent of billed charges,49.147558,30,,12280.58,11692.48,12608.83,1 through 10,percent of total billed charges,30 percent of billed charges,21.162,,,,,,,Fee Schedule,"100% ASP Fee Schedule. ",98.295115,60,,,,,0,percent of total billed charges,60 percent of billed charges; No services were performed during the 15 month look back period.,49.147558,30,,,,,0,percent of total billed charges,30 percent of billed charges; No services were performed during the 15 month look back period.,49.147558,30,,12279.85,11690.92,55709.96,1 through 10,percent of total billed charges,30 percent of billed charges,127.78365,78,,,,,0,percent of total billed charges,78% of Billed Charges. Lesser of 100% of billed charges applies.; No services were performed during the 15 month look back period.,11405.733091,,,,,,,Case Rate,"141 percent of Average Sales Price.. Drugs not priced under APG, billed with revenue code 636 and not priced by Medicare ASP FeeSched will be reimbursed at 20% of charges.",49.147558,30,,,,,0,percent of total billed charges,30 percent of billed charges; No services were performed during the 15 month look back period.,5329.781818,,,,,,,Case Rate,"100 Percent of Medicaid APG. ",21.162,,,,,,,Fee Schedule,"100% ASP Fee Schedule. ",21.162,,,,,,,Fee Schedule,"100% ASP Fee Schedule. ",21.162,,,,,,,Fee Schedule,"100% ASP Fee Schedule. ",21.162,,,,,,,Fee Schedule,"100% ASP Fee Schedule. ",21.162,,,,,,,Fee Schedule,"100% ASP Fee Schedule. ",21.162,,,,,,,Fee Schedule,"100% ASP Fee Schedule. ",49.147558,30,,,,,0,percent of total billed charges,30 percent of billed charges; No services were performed during the 15 month look back period.,81.912596,50,,,,,0,percent of total billed charges,50 percent of billed charges; No services were performed during the 15 month look back period.,58.968,,,,,,,Fee Schedule,"157.5 Percent of AWP Fee Schedule. ",58.968,,,,,,,Fee Schedule,"157.5 Percent of AWP Fee Schedule. ",58.968,,,,,,,Fee Schedule,"157.5 Percent of AWP Fee Schedule. ",58.968,,,,,,,Fee Schedule,"157.5 Percent of AWP Fee Schedule. ",58.968,,,,,,,Fee Schedule,"157.5 Percent of AWP Fee Schedule. ",,,,,,,,,"NA. ",81.912596,50,,,,,0,percent of total billed charges,50 percent of billed charges; No services were performed during the 15 month look back period.,29.83842,,,,,,,Fee Schedule,141 Percent of of ASP. Drugs billed with revenue code 636 and not priced by Medicare ASP fee schedule will be reimburse at 20 percent of charges,29.83842,,,,,,,Fee Schedule,141 Percent of of ASP. Drugs billed with revenue code 636 and not priced by Medicare ASP fee schedule will be reimburse at 20 percent of charges,29.83842,,,,,,,Fee Schedule,141 Percent of of ASP. Drugs billed with revenue code 636 and not priced by Medicare ASP fee schedule will be reimburse at 20 percent of charges,29.83842,,,,,,,Fee Schedule,141 Percent of of ASP. Drugs billed with revenue code 636 and not priced by Medicare ASP fee schedule will be reimburse at 20 percent of charges,29.83842,,,,,,,Fee Schedule,141 Percent of of ASP. Drugs billed with revenue code 636 and not priced by Medicare ASP fee schedule will be reimburse at 20 percent of charges,21.162,,,,,,,Fee Schedule,"100% ASP Fee Schedule. ",131.060154,80,,,,,0,percent of total billed charges,80 percent of billed charges; No services were performed during the 15 month look back period.,131.060154,80,,,,,0,percent of total billed charges,80 percent of billed charges; No services were performed during the 15 month look back period.,131.060154,80,,,,,0,percent of total billed charges,80 percent of billed charges; No services were performed during the 15 month look back period.,131.060154,80,,,,,0,percent of total billed charges,80 percent of billed charges; No services were performed during the 15 month look back period.,98.295115,60,,16348.37,16348.37,16348.37,1 through 10,percent of total billed charges,60 percent of billed charges,98.295115,60,,,,,0,percent of total billed charges,60 percent of billed charges; No services were performed during the 15 month look back period.,98.295115,60,,,,,0,percent of total billed charges,60 percent of billed charges; No services were performed during the 15 month look back period.,98.295115,60,,,,,0,percent of total billed charges,60 percent of billed charges; No services were performed during the 15 month look back period.,81.912596,50,,,,,0,percent of total billed charges,50 percent of billed charges; No services were performed during the 15 month look back period.,81.912596,50,,,,,0,percent of total billed charges,50 percent of billed charges; No services were performed during the 15 month look back period.,21.162,,,,,,,Fee Schedule,"100% ASP Fee Schedule. ",21.162,,,,,,,Fee Schedule,"100% ASP Fee Schedule. ",21.162,,,,,,,Fee Schedule,"100% ASP Fee Schedule. ",73.721337,45,,,,,0,percent of total billed charges,45 percent of billed charges; No services were performed during the 15 month look back period.,73.721337,45,,,,,0,percent of total billed charges,45 percent of billed charges; No services were performed during the 15 month look back period.,73.721337,45,,,,,0,percent of total billed charges,45 percent of billed charges; No services were performed during the 15 month look back period.,81.912596,50,,,,,0,percent of total billed charges,50 percent of billed charges; No services were performed during the 15 month look back period.,98.295115,60,,,,,0,percent of total billed charges,60 percent of billed charges; No services were performed during the 15 month look back period.,21.162,,,,,,,Fee Schedule,"100% ASP Fee Schedule. ",73.721337,45,,,,,0,percent of total billed charges,45 percent of billed charges; No services were performed during the 15 month look back period.,5329.781818,,,,,,,Case Rate,"100 Percent of Medicaid APG. ",21.58524,,,,,,,Fee Schedule,"100% of ASP Fee Schedule. ",21.58524,,,,,,,Fee Schedule,"100% of ASP Fee Schedule. ",21.58524,,,,,,,Fee Schedule,"100% of ASP Fee Schedule. ",20.9589,,,,,,,Fee schedule,"95 Percent of ASP. ",1.638252,1,,55709.96,6662.22,55709.96,1 through 10,percent of total billed charges,Approximating Cost. Lesser of 100% of billed charges applies.,1.638252,1,,55709.96,6662.22,55709.96,1 through 10,percent of total billed charges,Approximating Cost. Lesser of 100% of billed charges applies.,1.638252,1,,55709.96,6662.22,55709.96,1 through 10,percent of total billed charges,Approximating Cost. Lesser of 100% of billed charges applies.,1.638252,1,,,,,0,percent of total billed charges,Approximating Cost. Lesser of 100% of billed charges applies.; No services were performed during the 15 month look back period.,1.638252,1,,55709.96,55709.96,55709.96,1 through 10,percent of total billed charges,Approximating Cost. Lesser of 100% of billed charges applies.,21.58524,,,,,,,Fee Schedule,"100% of ASP Fee Schedule. ",5329.781818,,,,,,,Case Rate,"100 Percent of Medicaid APG. ",22.062,,,,,,,Fee Schedule,100 Percent of ASP if not priced then 95 Percent of AWP. Lesser of 100% of billed charges applies.,1.638252,1,,6662.22,6662.22,6662.22,1 through 10,percent of total billed charges,Approximating Cost. Lesser of 100% of billed charges applies.,1.638252,1,,,,,0,percent of total billed charges,Approximating Cost. Lesser of 100% of billed charges applies.; No services were performed during the 15 month look back period.,22.062,,,,,,,Fee Schedule,100 Percent of ASP if not priced then 95 Percent of AWP. Lesser of 100% of billed charges applies.,22.062,,,,,,,Fee Schedule,100 Percent of ASP if not priced then 95 Percent of AWP. Lesser of 100% of billed charges applies.,58.968,,,,,,,Fee Schedule,"157.5 Percent of AWP Fee Schedule. ",21.162,,,,,,,Fee Schedule,"100% ASP Fee Schedule. ",21.162,,,,,,,Fee Schedule,"100% ASP Fee Schedule. ",98.295115,60,,,,,0,percent of total billed charges,60 percent of billed charges; No services were performed during the 15 month look back period.,21.162,,,,,,,Fee Schedule,"100% ASP Fee Schedule. ",20.9589,,,,,,,Fee Schedule,"95 Percent of ASP. ",20.9589,,,,,,,Fee Schedule,"95 Percent of ASP. ",20.9589,,,,,,,Fee schedule,"95 Percent of ASP. ",20.9589,,,,,,,Fee schedule,"95 Percent of ASP. ",43.056,,,,,,,Fee Schedule,"115 Percent of AWP. ",39.8705,,,,,,,Fee schedule,"115 Percent of AWP Fee Schedule. ",11992.009091,,,,,,,Case Rate,"100 Percent of Medicaid APG. ",11992.009091,,,,,,,Case Rate,"100 Percent of Medicaid APG. ",11992.009091,,,,,,,Case Rate,"100 Percent of Medicaid APG. ",11992.009091,,,,,,,Case Rate,"100 Percent of Medicaid APG. ",73.721337,45,,,,,0,percent of total billed charges,45 percent of billed charges; No services were performed during the 15 month look back period.,81.912596,50,,,,,0,percent of total billed charges,50 percent of billed charges; No services were performed during the 15 month look back period.,6395.738182,,,,,,,Case Rate,"120 Percent of Medicaid APG. Not APG payable, or payable under another fee schedule like ASP/AWP pays at 30% of charges",6395.738182,,,,,,,Case Rate,"120 Percent of Medicaid APG. Not APG payable, or payable under another fee schedule like ASP/AWP pays at 30% of charges",5329.781818,,,,,,,Case Rate,"100 Percent of Medicaid APG. Not APG payable, or payable under another fee schedule like ASP/AWP pays at 30% of charges",5329.781818,,,,,,,Case Rate,"100 Percent of Medicaid APG. Not APG payable, or payable under another fee schedule like ASP/AWP pays at 30% of charges",73.721337,45,,7151.1,7151.1,55709.96,1 through 10,percent of total billed charges,45 percent of billed charges,73.721337,45,,,,,0,percent of total billed charges,45 percent of billed charges; No services were performed during the 15 month look back period.,21.162,,,,,,,Fee Schedule,"100% ASP Fee Schedule. ",73.721337,45,,55709.96,7345.8,55709.96,1 through 10,percent of total billed charges,45 percent of billed charges,73.721337,45,,7345.8,7151.1,55709.96,211,percent of total billed charges,45 percent of billed charges,73.721337,45,,,,,0,percent of total billed charges,45 percent of billed charges; No services were performed during the 15 month look back period.,73.721337,45,,,,,0,percent of total billed charges,45 percent of billed charges; No services were performed during the 15 month look back period.,21.162,,,,,,,Fee Schedule,"100% ASP Fee Schedule. ",73.721337,45,,,,,0,percent of total billed charges,45 percent of billed charges; No services were performed during the 15 month look back period.,73.721337,45,,7345.8,7151.1,7550.4,14,percent of total billed charges,45 percent of billed charges,98.295115,60,,,,,0,percent of total billed charges,60 percent of billed charges; No services were performed during the 15 month look back period.,23.1651,,,,,,,Fee Schedule,105% of ASP. Lesser of 100% of billed charges applies.,39.8705,,,,,,,Fee schedule,"115 Percent of AWP Fee Schedule. ",1.638252,1,,,,,0,percent of total billed charges,Approximating Cost. Lesser of 100% of billed charges applies.; No services were performed during the 15 month look back period.,43.056,,,,,,,Fee Schedule,"115 Percent of AWP. ",39.8705,,,,,,,Fee schedule,"115 Percent of AWP Fee Schedule. ",1.638252,1,,,,,0,percent of total billed charges,Approximating Cost. Lesser of 100% of billed charges applies.; No services were performed during the 15 month look back period.,1.638252,1,,,,,0,percent of total billed charges,Approximating Cost. Lesser of 100% of billed charges applies.; No services were performed during the 15 month look back period.,1.638252,1,,,,,0,percent of total billed charges,Approximating Cost. Lesser of 100% of billed charges applies.; No services were performed during the 15 month look back period.,1.638252,1,,,,,0,percent of total billed charges,Approximating Cost. Lesser of 100% of billed charges applies.; No services were performed during the 15 month look back period.,1.638252,1,,,,,0,percent of total billed charges,Approximating Cost. Lesser of 100% of billed charges applies.; No services were performed during the 15 month look back period.,1.638252,1,,,,,0,percent of total billed charges,Approximating Cost. Lesser of 100% of billed charges applies.; No services were performed during the 15 month look back period.,,,,,,,,,"NA. ",,,,,,,,,"NA. ",,,,,,,,,"NA. ",49.147558,30,,,,,0,percent of total billed charges,30 percent of billed charges; No services were performed during the 15 month look back period.,,,,,,,,,"NA. ",21.162,,,,,,,Fee Schedule,"100% ASP Fee Schedule. ",21.16,,,,,,,Fee Schedule,"100 % 1199 Fee Schedule. ",21.162,,,,,,,Fee Schedule,"100% ASP Fee Schedule. ",21.162,,,,,,,Fee Schedule,"100% ASP Fee Schedule. ",6395.738182,,,,,,,Case Rate,"120 Percent of Medicaid APG. Not APG payable, or payable under another fee schedule like ASP/AWP pays at 30% of charges",6395.738182,,,,,,,Case Rate,"120 Percent of Medicaid APG. Not APG payable, or payable under another fee schedule like ASP/AWP pays at 30% of charges",5329.781818,,,,,,,Case Rate,"100 Percent of Medicaid APG. Not APG payable, or payable under another fee schedule like ASP/AWP pays at 30% of charges",5329.781818,,,,,,,Case Rate,"100 Percent of Medicaid APG. Not APG payable, or payable under another fee schedule like ASP/AWP pays at 30% of charges",5329.781818,,,,,,,Case Rate,"100 Percent of Medicaid APG. ",119.59239,73,,,,,0,percent of total billed charges,73 percent of billed charges; No services were performed during the 15 month look back period.,98.295115,60,,15843.81,15821.5,15843.81,1 through 10,percent of total billed charges,60 percent of billed charges,119.59239,73,,,,,0,percent of total billed charges,73 percent of billed charges; No services were performed during the 15 month look back period.,49.147558,30,,12264,11976,12948,20,percent of total billed charges,30 percent of billed charges,21.162,,,,,,,Fee Schedule,"100% ASP Fee Schedule. ",21.162,,,,,,,Fee Schedule,"100% ASP Fee Schedule. ",21.162,,,,,,,Fee Schedule,"100% ASP Fee Schedule. ",21.162,,,,,,,Fee Schedule,"100% ASP Fee Schedule. ",21.162,,,,,,,Fee Schedule,"100% ASP Fee Schedule. ",21.162,,,,,,,Fee Schedule,"100% ASP Fee Schedule. ",,,,,,,,,"NA. ",1.638252,1,,55709.96,11992,55709.96,32,percent of total billed charges,Approximating Cost. Lesser of 100% of billed charges applies.,22.062,,,,,,,Fee Schedule,100 Percent of ASP if not priced then 95 Percent of AWP. Lesser of 100% of billed charges applies.,73.721337,45,,,,,0,percent of total billed charges,45 percent of billed charges; No services were performed during the 15 month look back period.,119.59239,73,,,,,0,percent of total billed charges,73 percent of billed charges; No services were performed during the 15 month look back period.,119.59239,73,,,,,0,percent of total billed charges,73 percent of billed charges; No services were performed during the 15 month look back period.,119.59239,73,,,,,0,percent of total billed charges,73 percent of billed charges; No services were performed during the 15 month look back period.,119.59239,73,,,,,0,percent of total billed charges,73 percent of billed charges; No services were performed during the 15 month look back period.,21.162,,,,,,,Fee Schedule,"100% ASP Fee Schedule. ",5329.781818,,,,,,,Case Rate,"100 Percent of Medicaid APG. ",73.721337,45,,,,,0,percent of total billed charges,45 percent of billed charges; No services were performed during the 15 month look back period.,5329.781818,,,,,,,Case Rate,"100 Percent of Medicaid APG. ",21.162,,,,,,,Fee Schedule,"100% ASP Fee Schedule. ",5329.781818,,,,,,,Case Rate,"100 Percent of Medicaid APG. ",21.162,,,,,,,Fee Schedule,"100% ASP Fee Schedule. ",21.162,,,,,,,Fee Schedule,"100% ASP Fee Schedule. ",5329.781818,,,,,,,Case Rate,"100 Percent of Medicaid APG. ",5329.781818,,,,,,,Case Rate,"100 Percent of Medicaid APG. ",119.59239,73,,,,,0,percent of total billed charges,73 percent of billed charges; No services were performed during the 15 month look back period.,49.147558,30,,,,,0,percent of total billed charges,30 percent of billed charges; No services were performed during the 15 month look back period.,127.78365,78,,,,,0,percent of total billed charges,78% of Billed Charges. Lesser of 100% of billed charges applies.; No services were performed during the 15 month look back period.,,,,,,,,Fee Schedule,"100 % Zero Pay Code. ",,,,,,,,Fee Schedule,"100 % Zero Pay Code. ",98.295115,60,,,,,0,percent of total billed charges,60 percent of billed charges; No services were performed during the 15 month look back period.,21.162,,,,,,,Fee Schedule,"100% of AWP Fee Schedule. ",131.060154,80,,,,,0,percent of total billed charges,80 percent of billed charges; No services were performed during the 15 month look back period.,131.060154,80,,,,,0,percent of total billed charges,80 percent of billed charges; No services were performed during the 15 month look back period.,58.977069,36,,,,,0,percent of total billed charges,36 percent of billed charges; No services were performed during the 15 month look back period.,58.977069,36,,7550.4,7345.8,7550.4,1 through 10,percent of total billed charges,36 percent of billed charges,21.162,,,,,,,Fee Schedule,"100% ASP Fee Schedule. ",21.162,,,,,,,Fee Schedule,"100% ASP Fee Schedule. ",21.162,,,,,,,Fee Schedule,"100% ASP Fee Schedule. ",21.162,,,,,,,Fee Schedule,"100% ASP Fee Schedule. ",,,,,,,,Fee Schedule,"100 % Zero Pay Code. ",73.721337,45,,,,,0,percent of total billed charges,45 percent of billed charges; No services were performed during the 15 month look back period.,73.721337,45,,,,,0,percent of total billed charges,45 percent of billed charges; No services were performed during the 15 month look back period.,21.162,,,,,,,Fee Schedule,"100% ASP Fee Schedule. ",58.977069,36,,,,,0,percent of total billed charges,36 percent of billed charges; No services were performed during the 15 month look back period.,119.59239,73,,,,,0,percent of total billed charges,73 percent of billed charges; No services were performed during the 15 month look back period.,6395.738182,,,,,,,Fee Schedule,"120 Percent of Medicaid APG. ",5329.781818,,,,,,,Case Rate,"100 Percent of Medicaid APG. ",119.59239,73,,,,,0,percent of total billed charges,73 percent of billed charges; No services were performed during the 15 month look back period.,66.349203,40.5,,7345.8,7151.1,55709.96,29,percent of total billed charges,40.5 percent of billed charges,66.349203,40.5,,7151.1,7151.1,55709.96,70,percent of total billed charges,40.5 percent of billed charges,73.721337,45,,,,,0,percent of total billed charges,45 percent of billed charges; No services were performed during the 15 month look back period.,81.912596,50,,,,,0,percent of total billed charges,50 percent of billed charges; No services were performed during the 15 month look back period.,21.162,,,,,,,Fee Schedule,"100% ASP Fee Schedule. ",5596.270909,,,,,,,Fee Schedule,105 percent of Medicaid APG. otherwise 105% of Ordered NYS MCD FS or 105% of ASP+6%,5596.270909,,,,,,,Fee Schedule,105 percent of Medicaid APG. otherwise 105% of Ordered NYS MCD FS or 105% of ASP+6%,5596.270909,,,,,,,Fee Schedule,105 percent of Medicaid APG. otherwise 105% of Ordered NYS MCD FS or 105% of ASP+6%,7195.205455,,,,,,,Fee Schedule,135 percent of Medicaid APG. otherwise 135% of Ordered NYS MCD FS or 135% of ASP+6%,,,,,,,,Fee Schedule,"100 % Zero Pay Code. ",5596.270909,,,,,,,Fee Schedule,105 percent of Medicaid APG. otherwise 105% of Ordered NYS MCD FS or 105% of ASP+6%,5596.270909,,,,,,,Fee Schedule,105 percent of Medicaid APG. otherwise 105% of Ordered NYS MCD FS or 105% of ASP+6%,5596.270909,,,,,,,Fee Schedule,105 percent of Medicaid APG. otherwise 105% of Ordered NYS MCD FS or 105% of ASP+6%,5596.270909,,,,,,,Fee Schedule,105 percent of Medicaid APG. otherwise 105% of Ordered NYS MCD FS or 105% of ASP+6%,5596.270909,,,,,,,Fee Schedule,105 percent of Medicaid APG. otherwise 105% of Ordered NYS MCD FS or 105% of ASP+6%,7195.205455,,,,,,,Fee Schedule,135 percent of Medicaid APG. otherwise 135% of Ordered NYS MCD FS or 135% of ASP+6%,7195.205455,,,,,,,Fee Schedule,135 percent of Medicaid APG. otherwise 135% of Ordered NYS MCD FS or 135% of ASP+6%,21.162,,,,,,,Fee Schedule,"100% ASP Fee Schedule. ",,,,,,,,Fee Schedule,"100 % Zero Pay Code. ",21.162,,,,,,,Fee Schedule,"100% ASP Fee Schedule. ",5596.270909,,,,,,,Fee Schedule,105 percent of Medicaid APG. otherwise 105% of Ordered NYS MCD FS or 105% of ASP+6%,73.721337,45,,7550.4,7550.4,7550.4,1 through 10,percent of total billed charges,45 percent of billed charges,21.162,,,,,,,Fee Schedule,"100% ASP Fee Schedule. ",73.721337,45,,,,,0,percent of total billed charges,45 percent of billed charges; No services were performed during the 15 month look back period.,73.721337,45,,7550.4,7550.4,7550.4,1 through 10,percent of total billed charges,45 percent of billed charges,73.721337,45,,,,,0,percent of total billed charges,45 percent of billed charges; No services were performed during the 15 month look back period.,5596.270909,,,,,,,Fee Schedule,105 percent of Medicaid APG. otherwise 105% of Ordered NYS MCD FS or 105% of ASP+6%,21.162,,,,,,,Fee Schedule,"100% ASP Fee Schedule. ",73.721337,45,,7151.1,7151.1,7550.4,1 through 10,percent of total billed charges,45 percent of billed charges,7195.205455,,,,,,,Fee Schedule,135 percent of Medicaid APG. otherwise 135% of Ordered NYS MCD FS or 135% of ASP+6%,73.721337,45,,,,,0,percent of total billed charges,45 percent of billed charges; No services were performed during the 15 month look back period.,49.147558,30,,,,,0,percent of total billed charges,30% of Charges. ; No services were performed during the 15 month look back period.,21.162,,,,,,,Fee Schedule,"100% ASP Fee Schedule. ",119.59239,73,,,,,0,percent of total billed charges,73 percent of billed charges; No services were performed during the 15 month look back period.,119.59239,73,,,,,0,percent of total billed charges,73 percent of billed charges; No services were performed during the 15 month look back period.,119.59239,73,,,,,0,percent of total billed charges,73 percent of billed charges; No services were performed during the 15 month look back period.,119.59239,73,,,,,0,percent of total billed charges,73 percent of billed charges; No services were performed during the 15 month look back period.,119.59239,73,,,,,0,percent of total billed charges,73 percent of billed charges; No services were performed during the 15 month look back period.,119.59239,73,,,,,0,percent of total billed charges,73 percent of billed charges; No services were performed during the 15 month look back period.,119.59239,73,,,,,0,percent of total billed charges,73 percent of billed charges; No services were performed during the 15 month look back period.,119.59239,73,,,,,0,percent of total billed charges,73 percent of billed charges; No services were performed during the 15 month look back period.,119.59239,73,,,,,0,percent of total billed charges,73 percent of billed charges; No services were performed during the 15 month look back period.,119.59239,73,,,,,0,percent of total billed charges,73 percent of billed charges; No services were performed during the 15 month look back period.,119.59239,73,,,,,0,percent of total billed charges,73 percent of billed charges; No services were performed during the 15 month look back period.,119.59239,73,,,,,0,percent of total billed charges,73 percent of billed charges; No services were performed during the 15 month look back period.,21.162,,,,,,,Fee Schedule,"100% ASP Fee Schedule. ",119.59239,73,,,,,0,percent of total billed charges,73 percent of billed charges; No services were performed during the 15 month look back period.,21.162,,,,,,,Fee Schedule,"100% ASP Fee Schedule. ",11992.009091,,,,,,,Case Rate,"106 percent of Average Sales Price.. Drugs not priced under APG, billed with revenue code 636 and not priced by Medicare ASP FeeSched will be reimbursed at 20% of charges.",5329.781818,,,,,,,Case Rate,"106 percent of Average Sales Price.. Drugs not priced under APG, billed with revenue code 636 and not priced by Medicare ASP FeeSched will be reimbursed at 20% of charges.",,,,,,,,Fee Schedule,"100 % Zero Pay Code. ",,,,,,,,Fee Schedule,"100 % Zero Pay Code. ",21.162,,,,,,,Fee Schedule,"100% ASP Fee Schedule. ",131.060154,80,,,,,0,percent of total billed charges,80 percent of billed charges; No services were performed during the 15 month look back period.,21.162,,,,,,,Fee Schedule,"100% ASP Fee Schedule. ",21.162,,,,,,,Fee Schedule,"100% ASP Fee Schedule. ",98.295115,60,,,,,0,percent of total billed charges,60 percent of billed charges; No services were performed during the 15 month look back period.,21.162,,,,,,,Fee Schedule,"100% ASP Fee Schedule. ",49.147558,30,,,,,0,percent of total billed charges,30 percent of billed charges; No services were performed during the 15 month look back period.,21.162,,,,,,,Fee Schedule,"100% ASP Fee Schedule. ",49.147558,30,,,,,0,percent of total billed charges,30 percent of billed charges; No services were performed during the 15 month look back period.,98.295115,60,,,,,0,percent of total billed charges,60 percent of billed charges; No services were performed during the 15 month look back period.,49.147558,30,,,,,0,percent of total billed charges,30 percent of billed charges; No services were performed during the 15 month look back period.,21.162,,,,,,,Fee Schedule,"100% ASP Fee Schedule. ",5329.781818,,,,,,,Case Rate,"100 Percent of Medicaid APG. ",21.162,,,,,,,Fee Schedule,"100% ASP Fee Schedule. ",49.147558,30,,,,,0,percent of total billed charges,30 percent of billed charges; No services were performed during the 15 month look back period.,,,,,,,,Fee Schedule,"100 % Zero Pay Code. ",5329.781818,,,,,,,Case Rate,"100 Percent of Medicaid APG. ",73.721337,45,,,,,0,percent of total billed charges,45 percent of billed charges; No services were performed during the 15 month look back period.,6395.738182,,,,,,,Fee Schedule,"120 Percent of Medicaid APG. ",6395.738182,,,,,,,Fee Schedule,"120 Percent of Medicaid APG. ",73.721337,45,,,,,0,percent of total billed charges,45 percent of billed charges; No services were performed during the 15 month look back period.,73.721337,45,,,,,0,percent of total billed charges,45 percent of billed charges; No services were performed during the 15 month look back period.,73.721337,45,,,,,0,percent of total billed charges,45 percent of billed charges; No services were performed during the 15 month look back period.,,,,,,,,Fee Schedule,"100 % Zero Pay Code. ",73.721337,45,,,,,0,percent of total billed charges,45 percent of billed charges; No services were performed during the 15 month look back period.,73.721337,45,,,,,0,percent of total billed charges,45 percent of billed charges; No services were performed during the 15 month look back period.,73.721337,45,,7550.4,7550.4,7550.4,1 through 10,percent of total billed charges,45 percent of billed charges,119.59239,73,,,,,0,percent of total billed charges,73 percent of billed charges; No services were performed during the 15 month look back period.,119.59239,73,,,,,0,percent of total billed charges,73 percent of billed charges; No services were performed during the 15 month look back period.,29.83842,,,,,,,Fee Schedule,141 Percent of of ASP. Drugs billed with revenue code 636 and not priced by Medicare ASP fee schedule will be reimburse at 20 percent of charges,5329.781818,,,,,,,Case Rate,"100 Percent of Medicaid APG. ",,,,,,,,Fee Schedule,"100 % Zero Pay Code. ",49.147558,30,,,,,0,percent of total billed charges,30 percent of billed charges; No services were performed during the 15 month look back period.,98.295115,60,,,,,0,percent of total billed charges,60 percent of billed charges; No services were performed during the 15 month look back period.,,,,,,,,Fee Schedule,"100 % Zero Pay Code. ",98.295115,60,,,,,0,percent of total billed charges,60 percent of billed charges; No services were performed during the 15 month look back period.,,,,,,,,Fee Schedule,"100 % Zero Pay Code. ",73.721337,45,,,,,0,percent of total billed charges,45 percent of billed charges; No services were performed during the 15 month look back period.,73.721337,45,,,,,0,percent of total billed charges,45 percent of billed charges; No services were performed during the 15 month look back period.,73.721337,45,,,,,0,percent of total billed charges,45 percent of billed charges; No services were performed during the 15 month look back period.,73.721337,45,,,,,0,percent of total billed charges,45 percent of billed charges; No services were performed during the 15 month look back period.,21.162,,,,,,,Fee Schedule,"100% ASP Fee Schedule. ",1.638252,11992.009091,
J7131,HCPCS,5010003,LOCAL,636,RC,HYPERTONIC SALINE SOL,63,11.97,Outpatient,ML,1,,31.5,50,,,,,0,percent of total billed charges,50 percent of billed charges; No services were performed during the 15 month look back period.,31.5,50,,,,,0,percent of total billed charges,50 percent of billed charges; No services were performed during the 15 month look back period.,37.8,60,,,,,0,percent of total billed charges,60 percent of billed charges; No services were performed during the 15 month look back period.,63,100,,,,,0,percent of total billed charges,100 percent of billed charges; No services were performed during the 15 month look back period.,,,,,,,,Other,"Not Payable. ",37.8,60,,,,,0,percent of total billed charges,60 percent of billed charges; No services were performed during the 15 month look back period.,37.8,60,,,,,0,percent of total billed charges,60 percent of billed charges; No services were performed during the 15 month look back period.,37.8,60,,,,,0,percent of total billed charges,60 percent of billed charges; No services were performed during the 15 month look back period.,,,,,,,,Other,"100 Percent of Medicaid APG. ",,,,,,,,Other,"100 Percent of Medicaid APG. ",49.14,78,,,,,0,percent of total billed charges,78% of Billed Charges. Lesser of 100% of billed charges applies.; No services were performed during the 15 month look back period.,,,,,,,,Fee Schedule,"100 % Zero Pay Code. ",,,,,,,,Other,"100 Percent of Medicaid APG. ",,,,,,,,Other,"Not Payable. ",18.9,30,,,,,0,percent of total billed charges,30 percent of billed charges; No services were performed during the 15 month look back period.,18.9,30,,,,,0,percent of total billed charges,30 percent of billed charges; No services were performed during the 15 month look back period.,18.9,30,,,,,0,percent of total billed charges,30 percent of billed charges; No services were performed during the 15 month look back period.,18.9,30,,,,,0,percent of total billed charges,30 percent of billed charges; No services were performed during the 15 month look back period.,0.161,,,,,,,Fee schedule,"115 Percent of AWP Fee Schedule. ",,,,,,,,Other,"Not Payable. ",0.161,,,,,,,Fee schedule,"115 Percent of AWP Fee Schedule. ",49.14,78,,,,,0,percent of total billed charges,78% of Billed Charges. Lesser of 100% of billed charges applies.; No services were performed during the 15 month look back period.,37.8,60,,,,,0,percent of total billed charges,60 percent of billed charges; No services were performed during the 15 month look back period.,,,,,,,,Other,"Not Payable. ",45.99,73,,,,,0,percent of total billed charges,73 percent of billed charges; No services were performed during the 15 month look back period.,,,,,,,,Other,"Not Payable. ",,,,,,,,Other,"Not Payable. ",49.14,78,,,,,0,percent of total billed charges,78% of Billed Charges. Lesser of 100% of billed charges applies.; No services were performed during the 15 month look back period.,0.19,,,,,,,Fee Schedule,95 Percent of AWP. Lesser of 100% of billed charges applies.,0.19,,,,,,,Fee Schedule,95 Percent of AWP. Lesser of 100% of billed charges applies.,0.63,1,,,,,0,percent of total billed charges,35 Percent of Charges. ; No services were performed during the 15 month look back period.,0.63,1,,,,,0,percent of total billed charges,35 Percent of Charges. ; No services were performed during the 15 month look back period.,45.99,73,,,,,0,percent of total billed charges,73 percent of billed charges; No services were performed during the 15 month look back period.,45.99,73,,,,,0,percent of total billed charges,73 percent of billed charges; No services were performed during the 15 month look back period.,,,,,,,,Other,"100 Percent of Medicaid APG. Not APG payable, or payable under another fee schedule like ASP/AWP pays at 30% of charges",45.99,73,,,,,0,percent of total billed charges,73 percent of billed charges; No services were performed during the 15 month look back period.,,,,,,,,Other,"100 Percent of Medicaid APG. Not APG payable, or payable under another fee schedule like ASP/AWP pays at 30% of charges",,,,,,,,Other,"Not Payable. ",45.99,73,,,,,0,percent of total billed charges,73 percent of billed charges; No services were performed during the 15 month look back period.,49.14,78,,,,,0,percent of total billed charges,78% of Billed Charges. Lesser of 100% of billed charges applies.; No services were performed during the 15 month look back period.,,,,,,,,Other,"106 percent of Average Sales Price.. Drugs not priced under APG, billed with revenue code 636 and not priced by Medicare ASP FeeSched will be reimbursed at 20% of charges.",,,,,,,,Other,"106 percent of Average Sales Price.. Drugs not priced under APG, billed with revenue code 636 and not priced by Medicare ASP FeeSched will be reimbursed at 20% of charges.",49.14,78,,,,,0,percent of total billed charges,78% of Billed Charges. Lesser of 100% of billed charges applies.; No services were performed during the 15 month look back period.,18.9,30,,,,,0,percent of total billed charges,30 percent of billed charges; No services were performed during the 15 month look back period.,,,,,,,,Fee Schedule,"100 % Zero Pay Code. ",,,,,,,,Fee Schedule,"100 % Zero Pay Code. ",49.14,78,,,,,0,percent of total billed charges,78% of Billed Charges. Lesser of 100% of billed charges applies.; No services were performed during the 15 month look back period.,,,,,,,,Other,"Not Payable. ",,,,,,,,Fee Schedule,"100 % Zero Pay Code. ",,,,,,,,Fee Schedule,"100 % Zero Pay Code. ",,,,,,,,Fee Schedule,"100 % Zero Pay Code. ",,,,,,,,Other,"Not Payable. ",,,,,,,,Fee Schedule,"100 % Zero Pay Code. ",,,,,,,,Fee Schedule,"100 % Zero Pay Code. ",,,,,,,,Other,"Not Payable. ",31.5,50,,,,,0,percent of total billed charges,50 percent of billed charges; No services were performed during the 15 month look back period.,28.35,45,,,,,0,percent of total billed charges,45 percent of billed charges; No services were performed during the 15 month look back period.,28.35,45,,,,,0,percent of total billed charges,45 percent of billed charges; No services were performed during the 15 month look back period.,28.35,45,,,,,0,percent of total billed charges,45 percent of billed charges; No services were performed during the 15 month look back period.,28.35,45,,,,,0,percent of total billed charges,45 percent of billed charges; No services were performed during the 15 month look back period.,28.35,45,,,,,0,percent of total billed charges,45 percent of billed charges; No services were performed during the 15 month look back period.,28.35,45,,,,,0,percent of total billed charges,45 percent of billed charges; No services were performed during the 15 month look back period.,,,,,,,,Other,"Not Payable. ",,,,,,,,Other,"Not Payable. ",28.35,45,,,,,0,percent of total billed charges,45 percent of billed charges; No services were performed during the 15 month look back period.,49.14,78,,,,,0,percent of total billed charges,78% of Billed Charges. Lesser of 100% of billed charges applies.; No services were performed during the 15 month look back period.,49.14,78,,,,,0,percent of total billed charges,78% of Billed Charges. Lesser of 100% of billed charges applies.; No services were performed during the 15 month look back period.,49.14,78,,,,,0,percent of total billed charges,78% of Billed Charges. Lesser of 100% of billed charges applies.; No services were performed during the 15 month look back period.,49.14,78,,,,,0,percent of total billed charges,78% of Billed Charges. Lesser of 100% of billed charges applies.; No services were performed during the 15 month look back period.,49.14,78,,,,,0,percent of total billed charges,78% of Billed Charges. Lesser of 100% of billed charges applies.; No services were performed during the 15 month look back period.,49.14,78,,,,,0,percent of total billed charges,78% of Billed Charges. Lesser of 100% of billed charges applies.; No services were performed during the 15 month look back period.,49.14,78,,,,,0,percent of total billed charges,78% of Billed Charges. Lesser of 100% of billed charges applies.; No services were performed during the 15 month look back period.,49.14,78,,,,,0,percent of total billed charges,78% of Billed Charges. Lesser of 100% of billed charges applies.; No services were performed during the 15 month look back period.,49.14,78,,,,,0,percent of total billed charges,78% of Billed Charges. Lesser of 100% of billed charges applies.; No services were performed during the 15 month look back period.,49.14,78,,,,,0,percent of total billed charges,78% of Billed Charges. Lesser of 100% of billed charges applies.; No services were performed during the 15 month look back period.,49.14,78,,,,,0,percent of total billed charges,78% of Billed Charges. Lesser of 100% of billed charges applies.; No services were performed during the 15 month look back period.,49.14,78,,,,,0,percent of total billed charges,78% of Billed Charges. Lesser of 100% of billed charges applies.; No services were performed during the 15 month look back period.,49.14,78,,,,,0,percent of total billed charges,78% of Billed Charges. Lesser of 100% of billed charges applies.; No services were performed during the 15 month look back period.,49.14,78,,,,,0,percent of total billed charges,78% of Billed Charges. Lesser of 100% of billed charges applies.; No services were performed during the 15 month look back period.,49.14,78,,,,,0,percent of total billed charges,78% of Billed Charges. Lesser of 100% of billed charges applies.; No services were performed during the 15 month look back period.,49.14,78,,,,,0,percent of total billed charges,78% of Billed Charges. Lesser of 100% of billed charges applies.; No services were performed during the 15 month look back period.,49.14,78,,,,,0,percent of total billed charges,78% of Billed Charges. Lesser of 100% of billed charges applies.; No services were performed during the 15 month look back period.,49.14,78,,,,,0,percent of total billed charges,78% of Billed Charges. Lesser of 100% of billed charges applies.; No services were performed during the 15 month look back period.,49.14,78,,,,,0,percent of total billed charges,78% of Billed Charges. Lesser of 100% of billed charges applies.; No services were performed during the 15 month look back period.,49.14,78,,,,,0,percent of total billed charges,78% of Billed Charges. Lesser of 100% of billed charges applies.; No services were performed during the 15 month look back period.,49.14,78,,,,,0,percent of total billed charges,78% of Billed Charges. Lesser of 100% of billed charges applies.; No services were performed during the 15 month look back period.,49.14,78,,,,,0,percent of total billed charges,78% of Billed Charges. Lesser of 100% of billed charges applies.; No services were performed during the 15 month look back period.,49.14,78,,,,,0,percent of total billed charges,78% of Billed Charges. Lesser of 100% of billed charges applies.; No services were performed during the 15 month look back period.,49.14,78,,,,,0,percent of total billed charges,78% of Billed Charges. Lesser of 100% of billed charges applies.; No services were performed during the 15 month look back period.,49.14,78,,,,,0,percent of total billed charges,78% of Billed Charges. Lesser of 100% of billed charges applies.; No services were performed during the 15 month look back period.,49.14,78,,,,,0,percent of total billed charges,78% of Billed Charges. Lesser of 100% of billed charges applies.; No services were performed during the 15 month look back period.,45.99,73,,,,,0,percent of total billed charges,73 percent of billed charges; No services were performed during the 15 month look back period.,45.99,73,,,,,0,percent of total billed charges,73 percent of billed charges; No services were performed during the 15 month look back period.,45.99,73,,,,,0,percent of total billed charges,73 percent of billed charges; No services were performed during the 15 month look back period.,45.99,73,,,,,0,percent of total billed charges,73 percent of billed charges; No services were performed during the 15 month look back period.,50.4,80,,,,,0,percent of total billed charges,80 percent of billed charges; No services were performed during the 15 month look back period.,50.4,80,,,,,0,percent of total billed charges,80 percent of billed charges; No services were performed during the 15 month look back period.,18.9,30,,,,,0,percent of total billed charges,30 percent of billed charges; No services were performed during the 15 month look back period.,28.35,45,,,,,0,percent of total billed charges,45 percent of billed charges; No services were performed during the 15 month look back period.,,,,,,,,Fee Schedule,"100 % Zero Pay Code. ",28.35,45,,,,,0,percent of total billed charges,45 percent of billed charges; No services were performed during the 15 month look back period.,49.14,78,,,,,0,percent of total billed charges,78% of Billed Charges. Lesser of 100% of billed charges applies.; No services were performed during the 15 month look back period.,50.4,80,,,,,0,percent of total billed charges,80 percent of billed charges; No services were performed during the 15 month look back period.,28.35,45,,,,,0,percent of total billed charges,45 percent of billed charges; No services were performed during the 15 month look back period.,,,,,,,,Fee Schedule,"100 % Zero Pay Code. ",18.9,30,,,,,0,percent of total billed charges,30 percent of billed charges; No services were performed during the 15 month look back period.,,,,,,,,,"NA. ",49.14,78,,,,,0,percent of total billed charges,78% of Billed Charges. Lesser of 100% of billed charges applies.; No services were performed during the 15 month look back period.,,,,,,,,Other,"100 Percent of Medicaid APG. ",45.99,73,,,,,0,percent of total billed charges,73 percent of billed charges; No services were performed during the 15 month look back period.,,,,,,,,Other,"100 Percent of Medicaid APG. Not APG payable, or payable under another fee schedule like ASP/AWP pays at 30% of charges",,,,,,,,Other,"Not Payable. ",,,,,,,,Other,"Not Payable. ",31.5,50,,,,,0,percent of total billed charges,50 percent of billed charges; No services were performed during the 15 month look back period.,,,,,,,,Other,"Not Payable. ",,,,,,,,Other,"Not Payable. ",,,,,,,,Other,"100 Percent of Medicaid APG. ",,,,,,,,Other,"Not Payable. ",,,,,,,,Other,"Not Payable. ",37.8,60,,,,,0,percent of total billed charges,60 percent of billed charges; No services were performed during the 15 month look back period.,37.8,60,,,,,0,percent of total billed charges,60 percent of billed charges; No services were performed during the 15 month look back period.,,,,,,,,Other,"Not Payable. ",18.9,30,,,,,0,percent of total billed charges,30 percent of billed charges; No services were performed during the 15 month look back period.,,,,,,,,Fee Schedule,"100 % Zero Pay Code. ",,,,,,,,Fee Schedule,"100 % Zero Pay Code. ",,,,,,,,Other,"Not Payable. ",18.9,30,,,,,0,percent of total billed charges,30 percent of billed charges; No services were performed during the 15 month look back period.,37.8,60,,,,,0,percent of total billed charges,60 percent of billed charges; No services were performed during the 15 month look back period.,37.8,60,,,,,0,percent of total billed charges,60 percent of billed charges; No services were performed during the 15 month look back period.,37.8,60,,,,,0,percent of total billed charges,60 percent of billed charges; No services were performed during the 15 month look back period.,49.14,78,,,,,0,percent of total billed charges,78% of Billed Charges. Lesser of 100% of billed charges applies.; No services were performed during the 15 month look back period.,49.14,78,,,,,0,percent of total billed charges,78% of Billed Charges. Lesser of 100% of billed charges applies.; No services were performed during the 15 month look back period.,49.14,78,,,,,0,percent of total billed charges,78% of Billed Charges. Lesser of 100% of billed charges applies.; No services were performed during the 15 month look back period.,49.14,78,,,,,0,percent of total billed charges,78% of Billed Charges. Lesser of 100% of billed charges applies.; No services were performed during the 15 month look back period.,49.14,78,,,,,0,percent of total billed charges,78% of Billed Charges. Lesser of 100% of billed charges applies.; No services were performed during the 15 month look back period.,49.14,78,,,,,0,percent of total billed charges,78% of Billed Charges. Lesser of 100% of billed charges applies.; No services were performed during the 15 month look back period.,49.14,78,,,,,0,percent of total billed charges,78% of Billed Charges. Lesser of 100% of billed charges applies.; No services were performed during the 15 month look back period.,49.14,78,,,,,0,percent of total billed charges,78% of Billed Charges. Lesser of 100% of billed charges applies.; No services were performed during the 15 month look back period.,49.14,78,,,,,0,percent of total billed charges,78% of Billed Charges. Lesser of 100% of billed charges applies.; No services were performed during the 15 month look back period.,49.14,78,,,,,0,percent of total billed charges,78% of Billed Charges. Lesser of 100% of billed charges applies.; No services were performed during the 15 month look back period.,49.14,78,,,,,0,percent of total billed charges,78% of Billed Charges. Lesser of 100% of billed charges applies.; No services were performed during the 15 month look back period.,50.4,80,,,,,0,percent of total billed charges,80 percent of billed charges; No services were performed during the 15 month look back period.,28.35,45,,,,,0,percent of total billed charges,45 percent of billed charges; No services were performed during the 15 month look back period.,18.9,30,,,,,0,percent of total billed charges,30 percent of billed charges; No services were performed during the 15 month look back period.,,,,,,,,Other,"Not Payable. ",37.8,60,,,,,0,percent of total billed charges,60 percent of billed charges; No services were performed during the 15 month look back period.,18.9,30,,,,,0,percent of total billed charges,30 percent of billed charges; No services were performed during the 15 month look back period.,18.9,30,,,,,0,percent of total billed charges,30 percent of billed charges; No services were performed during the 15 month look back period.,49.14,78,,,,,0,percent of total billed charges,78% of Billed Charges. Lesser of 100% of billed charges applies.; No services were performed during the 15 month look back period.,12.6,20,,,,,0,percent of total billed charges,"20 percent of billed charges. Drugs not priced under APG, billed with revenue code 636 and not priced by Medicare ASP FeeSched will be reimbursed at 20% of charges.; No services were performed during the 15 month look back period.",18.9,30,,,,,0,percent of total billed charges,30 percent of billed charges; No services were performed during the 15 month look back period.,,,,,,,,Other,"100 Percent of Medicaid APG. ",,,,,,,,Other,"Not Payable. ",,,,,,,,Other,"Not Payable. ",,,,,,,,Other,"Not Payable. ",,,,,,,,Other,"Not Payable. ",,,,,,,,Other,"Not Payable. ",,,,,,,,Other,"Not Payable. ",18.9,30,,,,,0,percent of total billed charges,30 percent of billed charges; No services were performed during the 15 month look back period.,31.5,50,,,,,0,percent of total billed charges,50 percent of billed charges; No services were performed during the 15 month look back period.,0.315,,,,,,,Fee Schedule,"157.5 Percent of AWP Fee Schedule. ",0.315,,,,,,,Fee Schedule,"157.5 Percent of AWP Fee Schedule. ",0.315,,,,,,,Fee Schedule,"157.5 Percent of AWP Fee Schedule. ",0.315,,,,,,,Fee Schedule,"157.5 Percent of AWP Fee Schedule. ",0.315,,,,,,,Fee Schedule,"157.5 Percent of AWP Fee Schedule. ",,,,,,,,,"NA. ",31.5,50,,,,,0,percent of total billed charges,50 percent of billed charges; No services were performed during the 15 month look back period.,,,,,,,,Fee Schedule,"Not Payable. ",,,,,,,,Fee Schedule,"Not Payable. ",,,,,,,,Fee Schedule,"Not Payable. ",,,,,,,,Fee Schedule,"Not Payable. ",,,,,,,,Fee Schedule,"Not Payable. ",,,,,,,,Other,"Not Payable. ",50.4,80,,,,,0,percent of total billed charges,80 percent of billed charges; No services were performed during the 15 month look back period.,50.4,80,,,,,0,percent of total billed charges,80 percent of billed charges; No services were performed during the 15 month look back period.,50.4,80,,,,,0,percent of total billed charges,80 percent of billed charges; No services were performed during the 15 month look back period.,50.4,80,,,,,0,percent of total billed charges,80 percent of billed charges; No services were performed during the 15 month look back period.,37.8,60,,,,,0,percent of total billed charges,60 percent of billed charges; No services were performed during the 15 month look back period.,37.8,60,,,,,0,percent of total billed charges,60 percent of billed charges; No services were performed during the 15 month look back period.,37.8,60,,,,,0,percent of total billed charges,60 percent of billed charges; No services were performed during the 15 month look back period.,37.8,60,,,,,0,percent of total billed charges,60 percent of billed charges; No services were performed during the 15 month look back period.,31.5,50,,,,,0,percent of total billed charges,50 percent of billed charges; No services were performed during the 15 month look back period.,31.5,50,,,,,0,percent of total billed charges,50 percent of billed charges; No services were performed during the 15 month look back period.,,,,,,,,Other,"Not Payable. ",,,,,,,,Other,"Not Payable. ",,,,,,,,Other,"Not Payable. ",28.35,45,,,,,0,percent of total billed charges,45 percent of billed charges; No services were performed during the 15 month look back period.,28.35,45,,,,,0,percent of total billed charges,45 percent of billed charges; No services were performed during the 15 month look back period.,28.35,45,,,,,0,percent of total billed charges,45 percent of billed charges; No services were performed during the 15 month look back period.,31.5,50,,,,,0,percent of total billed charges,50 percent of billed charges; No services were performed during the 15 month look back period.,37.8,60,,,,,0,percent of total billed charges,60 percent of billed charges; No services were performed during the 15 month look back period.,,,,,,,,Other,"Not Payable. ",28.35,45,,,,,0,percent of total billed charges,45 percent of billed charges; No services were performed during the 15 month look back period.,,,,,,,,Other,"100 Percent of Medicaid APG. ",,,,,,,,Other,"Not Payable. ",,,,,,,,Other,"Not Payable. ",,,,,,,,Other,"Not Payable. ",0.63,1,,,,,0,percent of total billed charges,35 Percent of Charges. ; No services were performed during the 15 month look back period.,,,,,,,,Fee Schedule,225% of NYS APG. Lesser of 100% of billed charges applies.,,,,,,,,Fee Schedule,225% of NYS APG. Lesser of 100% of billed charges applies.,,,,,,,,Fee Schedule,225% of NYS APG. Lesser of 100% of billed charges applies.,,,,,,,,Fee Schedule,225% of NYS APG. Lesser of 100% of billed charges applies.,,,,,,,,Fee Schedule,225% of NYS APG. Lesser of 100% of billed charges applies.,,,,,,,,Other,"Not Payable. ",,,,,,,,Other,"100 Percent of Medicaid APG. ",0.19,,,,,,,Fee Schedule,95 Percent of AWP. Lesser of 100% of billed charges applies.,,,,,,,,Fee Schedule,225% of NYS APG. Lesser of 100% of billed charges applies.,,,,,,,,Fee Schedule,225% of NYS APG. Lesser of 100% of billed charges applies.,0.19,,,,,,,Fee Schedule,95 Percent of AWP. Lesser of 100% of billed charges applies.,0.19,,,,,,,Fee Schedule,95 Percent of AWP. Lesser of 100% of billed charges applies.,0.315,,,,,,,Fee Schedule,"157.5 Percent of AWP Fee Schedule. ",,,,,,,,Other,"Not Payable. ",,,,,,,,Other,"Not Payable. ",37.8,60,,,,,0,percent of total billed charges,60 percent of billed charges; No services were performed during the 15 month look back period.,,,,,,,,Other,"Not Payable. ",,,,,,,,Fee Schedule,"225 Percent of Medicaid APG. ",,,,,,,,Fee Schedule,"225 Percent of Medicaid APG. ",0.63,1,,,,,0,percent of total billed charges,35 Percent of Charges. ; No services were performed during the 15 month look back period.,0.63,1,,,,,0,percent of total billed charges,35 Percent of Charges. ; No services were performed during the 15 month look back period.,0.23,,,,,,,Fee Schedule,"115 Percent of AWP. ",0.161,,,,,,,Fee schedule,"115 Percent of AWP Fee Schedule. ",,,,,,,,Other,"100 Percent of Medicaid APG. ",,,,,,,,Other,"100 Percent of Medicaid APG. ",,,,,,,,Other,"100 Percent of Medicaid APG. ",,,,,,,,Other,"100 Percent of Medicaid APG. ",28.35,45,,,,,0,percent of total billed charges,45 percent of billed charges; No services were performed during the 15 month look back period.,31.5,50,,,,,0,percent of total billed charges,50 percent of billed charges; No services were performed during the 15 month look back period.,,,,,,,,Other,"120 Percent of Medicaid APG. Not APG payable, or payable under another fee schedule like ASP/AWP pays at 30% of charges",,,,,,,,Other,"120 Percent of Medicaid APG. Not APG payable, or payable under another fee schedule like ASP/AWP pays at 30% of charges",,,,,,,,Other,"100 Percent of Medicaid APG. Not APG payable, or payable under another fee schedule like ASP/AWP pays at 30% of charges",,,,,,,,Other,"100 Percent of Medicaid APG. Not APG payable, or payable under another fee schedule like ASP/AWP pays at 30% of charges",28.35,45,,,,,0,percent of total billed charges,45 percent of billed charges; No services were performed during the 15 month look back period.,28.35,45,,,,,0,percent of total billed charges,45 percent of billed charges; No services were performed during the 15 month look back period.,,,,,,,,Other,"Not Payable. ",28.35,45,,,,,0,percent of total billed charges,45 percent of billed charges; No services were performed during the 15 month look back period.,28.35,45,,,,,0,percent of total billed charges,45 percent of billed charges; No services were performed during the 15 month look back period.,28.35,45,,,,,0,percent of total billed charges,45 percent of billed charges; No services were performed during the 15 month look back period.,28.35,45,,,,,0,percent of total billed charges,45 percent of billed charges; No services were performed during the 15 month look back period.,,,,,,,,Other,"Not Payable. ",28.35,45,,,,,0,percent of total billed charges,45 percent of billed charges; No services were performed during the 15 month look back period.,28.35,45,,,,,0,percent of total billed charges,45 percent of billed charges; No services were performed during the 15 month look back period.,37.8,60,,,,,0,percent of total billed charges,60 percent of billed charges; No services were performed during the 15 month look back period.,,,,,,,,Fee Schedule,100% of RBRVS. Lesser of 100% of billed charges applies.,0.161,,,,,,,Fee schedule,"115 Percent of AWP Fee Schedule. ",,,,,,,,Fee Schedule,225% of NYS APG. Lesser of 100% of billed charges applies.,0.23,,,,,,,Fee Schedule,"115 Percent of AWP. ",0.161,,,,,,,Fee schedule,"115 Percent of AWP Fee Schedule. ",,,,,,,,Fee Schedule,225% of NYS APG. Lesser of 100% of billed charges applies.,,,,,,,,Fee Schedule,225% of NYS APG. Lesser of 100% of billed charges applies.,,,,,,,,Fee Schedule,225% of NYS APG. Lesser of 100% of billed charges applies.,,,,,,,,Fee Schedule,225% of NYS APG. Lesser of 100% of billed charges applies.,,,,,,,,Fee Schedule,225% of NYS APG. Lesser of 100% of billed charges applies.,,,,,,,,Fee Schedule,225% of NYS APG. Lesser of 100% of billed charges applies.,,,,,,,,,"NA. ",,,,,,,,,"NA. ",,,,,,,,,"NA. ",18.9,30,,,,,0,percent of total billed charges,30 percent of billed charges; No services were performed during the 15 month look back period.,,,,,,,,,"NA. ",,,,,,,,Other,"Not Payable. ",31.5,50,,,,,0,percent of total billed charges,50 percent of billed charges; No services were performed during the 15 month look back period.,,,,,,,,Other,"Not Payable. ",,,,,,,,Other,"Not Payable. ",,,,,,,,Other,"120 Percent of Medicaid APG. Not APG payable, or payable under another fee schedule like ASP/AWP pays at 30% of charges",,,,,,,,Other,"120 Percent of Medicaid APG. Not APG payable, or payable under another fee schedule like ASP/AWP pays at 30% of charges",,,,,,,,Other,"100 Percent of Medicaid APG. Not APG payable, or payable under another fee schedule like ASP/AWP pays at 30% of charges",,,,,,,,Other,"100 Percent of Medicaid APG. Not APG payable, or payable under another fee schedule like ASP/AWP pays at 30% of charges",,,,,,,,Other,"100 Percent of Medicaid APG. ",45.99,73,,,,,0,percent of total billed charges,73 percent of billed charges; No services were performed during the 15 month look back period.,37.8,60,,,,,0,percent of total billed charges,60 percent of billed charges; No services were performed during the 15 month look back period.,45.99,73,,,,,0,percent of total billed charges,73 percent of billed charges; No services were performed during the 15 month look back period.,18.9,30,,,,,0,percent of total billed charges,30 percent of billed charges; No services were performed during the 15 month look back period.,,,,,,,,Other,"Not Payable. ",,,,,,,,Other,"Not Payable. ",,,,,,,,Other,"Not Payable. ",,,,,,,,Other,"Not Payable. ",,,,,,,,Other,"Not Payable. ",,,,,,,,Other,"Not Payable. ",,,,,,,,,"NA. ",,,,,,,,Fee Schedule,225% of NYS APG. Lesser of 100% of billed charges applies.,0.19,,,,,,,Fee Schedule,95 Percent of AWP. Lesser of 100% of billed charges applies.,28.35,45,,,,,0,percent of total billed charges,45 percent of billed charges; No services were performed during the 15 month look back period.,45.99,73,,,,,0,percent of total billed charges,73 percent of billed charges; No services were performed during the 15 month look back period.,45.99,73,,,,,0,percent of total billed charges,73 percent of billed charges; No services were performed during the 15 month look back period.,45.99,73,,,,,0,percent of total billed charges,73 percent of billed charges; No services were performed during the 15 month look back period.,45.99,73,,,,,0,percent of total billed charges,73 percent of billed charges; No services were performed during the 15 month look back period.,,,,,,,,Other,"Not Payable. ",,,,,,,,Other,"100 Percent of Medicaid APG. ",28.35,45,,,,,0,percent of total billed charges,45 percent of billed charges; No services were performed during the 15 month look back period.,,,,,,,,Other,"100 Percent of Medicaid APG. ",,,,,,,,Other,"Not Payable. ",,,,,,,,Other,"100 Percent of Medicaid APG. ",,,,,,,,Other,"Not Payable. ",,,,,,,,Other,"Not Payable. ",,,,,,,,Other,"100 Percent of Medicaid APG. ",,,,,,,,Other,"100 Percent of Medicaid APG. ",45.99,73,,,,,0,percent of total billed charges,73 percent of billed charges; No services were performed during the 15 month look back period.,18.9,30,,,,,0,percent of total billed charges,30 percent of billed charges; No services were performed during the 15 month look back period.,49.14,78,,,,,0,percent of total billed charges,78% of Billed Charges. Lesser of 100% of billed charges applies.; No services were performed during the 15 month look back period.,,,,,,,,Fee Schedule,"100 % Zero Pay Code. ",,,,,,,,Fee Schedule,"100 % Zero Pay Code. ",37.8,60,,,,,0,percent of total billed charges,60 percent of billed charges; No services were performed during the 15 month look back period.,,,,,,,,Other,"Not Payable. ",50.4,80,,,,,0,percent of total billed charges,80 percent of billed charges; No services were performed during the 15 month look back period.,50.4,80,,,,,0,percent of total billed charges,80 percent of billed charges; No services were performed during the 15 month look back period.,22.68,36,,,,,0,percent of total billed charges,36 percent of billed charges; No services were performed during the 15 month look back period.,22.68,36,,,,,0,percent of total billed charges,36 percent of billed charges; No services were performed during the 15 month look back period.,,,,,,,,Other,"Not Payable. ",,,,,,,,Other,"Not Payable. ",,,,,,,,Other,"Not Payable. ",,,,,,,,Other,"Not Payable. ",,,,,,,,Fee Schedule,"100 % Zero Pay Code. ",28.35,45,,,,,0,percent of total billed charges,45 percent of billed charges; No services were performed during the 15 month look back period.,28.35,45,,,,,0,percent of total billed charges,45 percent of billed charges; No services were performed during the 15 month look back period.,,,,,,,,Other,"Not Payable. ",22.68,36,,,,,0,percent of total billed charges,36 percent of billed charges; No services were performed during the 15 month look back period.,45.99,73,,,,,0,percent of total billed charges,73 percent of billed charges; No services were performed during the 15 month look back period.,,,,,,,,Fee Schedule,"120 Percent of Medicaid APG. ",,,,,,,,Other,"100 Percent of Medicaid APG. ",45.99,73,,,,,0,percent of total billed charges,73 percent of billed charges; No services were performed during the 15 month look back period.,25.515,40.5,,,,,0,percent of total billed charges,40.5 percent of billed charges; No services were performed during the 15 month look back period.,25.515,40.5,,,,,0,percent of total billed charges,40.5 percent of billed charges; No services were performed during the 15 month look back period.,28.35,45,,,,,0,percent of total billed charges,45 percent of billed charges; No services were performed during the 15 month look back period.,31.5,50,,,,,0,percent of total billed charges,50 percent of billed charges; No services were performed during the 15 month look back period.,,,,,,,,Other,"Not Payable. ",,,,,,,,Fee Schedule,"Not payable. ",,,,,,,,Fee Schedule,"Not payable. ",,,,,,,,Fee Schedule,"Not payable. ",,,,,,,,Fee Schedule,"Not payable. ",,,,,,,,Fee Schedule,"100 % Zero Pay Code. ",,,,,,,,Fee Schedule,"Not payable. ",,,,,,,,Fee Schedule,"Not payable. ",,,,,,,,Fee Schedule,"Not payable. ",,,,,,,,Fee Schedule,"Not payable. ",,,,,,,,Fee Schedule,"Not payable. ",,,,,,,,Fee Schedule,"Not payable. ",,,,,,,,Fee Schedule,"Not payable. ",,,,,,,,Other,"Not Payable. ",,,,,,,,Fee Schedule,"100 % Zero Pay Code. ",,,,,,,,Other,"Not Payable. ",,,,,,,,Fee Schedule,"Not payable. ",28.35,45,,,,,0,percent of total billed charges,45 percent of billed charges; No services were performed during the 15 month look back period.,,,,,,,,Other,"Not Payable. ",28.35,45,,,,,0,percent of total billed charges,45 percent of billed charges; No services were performed during the 15 month look back period.,28.35,45,,,,,0,percent of total billed charges,45 percent of billed charges; No services were performed during the 15 month look back period.,28.35,45,,,,,0,percent of total billed charges,45 percent of billed charges; No services were performed during the 15 month look back period.,,,,,,,,Fee Schedule,"Not payable. ",,,,,,,,Other,"Not Payable. ",28.35,45,,,,,0,percent of total billed charges,45 percent of billed charges; No services were performed during the 15 month look back period.,,,,,,,,Fee Schedule,"Not payable. ",28.35,45,,,,,0,percent of total billed charges,45 percent of billed charges; No services were performed during the 15 month look back period.,18.9,30,,,,,0,percent of total billed charges,30% of Charges. ; No services were performed during the 15 month look back period.,,,,,,,,Other,"Not Payable. ",45.99,73,,,,,0,percent of total billed charges,73 percent of billed charges; No services were performed during the 15 month look back period.,45.99,73,,,,,0,percent of total billed charges,73 percent of billed charges; No services were performed during the 15 month look back period.,45.99,73,,,,,0,percent of total billed charges,73 percent of billed charges; No services were performed during the 15 month look back period.,45.99,73,,,,,0,percent of total billed charges,73 percent of billed charges; No services were performed during the 15 month look back period.,45.99,73,,,,,0,percent of total billed charges,73 percent of billed charges; No services were performed during the 15 month look back period.,45.99,73,,,,,0,percent of total billed charges,73 percent of billed charges; No services were performed during the 15 month look back period.,45.99,73,,,,,0,percent of total billed charges,73 percent of billed charges; No services were performed during the 15 month look back period.,45.99,73,,,,,0,percent of total billed charges,73 percent of billed charges; No services were performed during the 15 month look back period.,45.99,73,,,,,0,percent of total billed charges,73 percent of billed charges; No services were performed during the 15 month look back period.,45.99,73,,,,,0,percent of total billed charges,73 percent of billed charges; No services were performed during the 15 month look back period.,45.99,73,,,,,0,percent of total billed charges,73 percent of billed charges; No services were performed during the 15 month look back period.,45.99,73,,,,,0,percent of total billed charges,73 percent of billed charges; No services were performed during the 15 month look back period.,,,,,,,,Other,"Not Payable. ",45.99,73,,,,,0,percent of total billed charges,73 percent of billed charges; No services were performed during the 15 month look back period.,,,,,,,,Other,"Not Payable. ",,,,,,,,Other,"106 percent of Average Sales Price.. Drugs not priced under APG, billed with revenue code 636 and not priced by Medicare ASP FeeSched will be reimbursed at 20% of charges.",,,,,,,,Other,"106 percent of Average Sales Price.. Drugs not priced under APG, billed with revenue code 636 and not priced by Medicare ASP FeeSched will be reimbursed at 20% of charges.",,,,,,,,Fee Schedule,"100 % Zero Pay Code. ",,,,,,,,Fee Schedule,"100 % Zero Pay Code. ",,,,,,,,Other,"Not Payable. ",50.4,80,,,,,0,percent of total billed charges,80 percent of billed charges; No services were performed during the 15 month look back period.,,,,,,,,Other,"Not Payable. ",,,,,,,,Other,"Not Payable. ",37.8,60,,,,,0,percent of total billed charges,60 percent of billed charges; No services were performed during the 15 month look back period.,,,,,,,,Other,"Not Payable. ",18.9,30,,,,,0,percent of total billed charges,30 percent of billed charges; No services were performed during the 15 month look back period.,,,,,,,,Other,"Not Payable. ",18.9,30,,,,,0,percent of total billed charges,30 percent of billed charges; No services were performed during the 15 month look back period.,37.8,60,,,,,0,percent of total billed charges,60 percent of billed charges; No services were performed during the 15 month look back period.,18.9,30,,,,,0,percent of total billed charges,30 percent of billed charges; No services were performed during the 15 month look back period.,,,,,,,,Other,"Not Payable. ",,,,,,,,Other,"100 Percent of Medicaid APG. ",,,,,,,,Other,"Not Payable. ",18.9,30,,,,,0,percent of total billed charges,30 percent of billed charges; No services were performed during the 15 month look back period.,,,,,,,,Fee Schedule,"100 % Zero Pay Code. ",,,,,,,,Other,"100 Percent of Medicaid APG. ",28.35,45,,,,,0,percent of total billed charges,45 percent of billed charges; No services were performed during the 15 month look back period.,,,,,,,,Fee Schedule,"120 Percent of Medicaid APG. ",,,,,,,,Fee Schedule,"120 Percent of Medicaid APG. ",28.35,45,,,,,0,percent of total billed charges,45 percent of billed charges; No services were performed during the 15 month look back period.,28.35,45,,,,,0,percent of total billed charges,45 percent of billed charges; No services were performed during the 15 month look back period.,28.35,45,,,,,0,percent of total billed charges,45 percent of billed charges; No services were performed during the 15 month look back period.,,,,,,,,Fee Schedule,"100 % Zero Pay Code. ",28.35,45,,,,,0,percent of total billed charges,45 percent of billed charges; No services were performed during the 15 month look back period.,28.35,45,,,,,0,percent of total billed charges,45 percent of billed charges; No services were performed during the 15 month look back period.,28.35,45,,,,,0,percent of total billed charges,45 percent of billed charges; No services were performed during the 15 month look back period.,45.99,73,,,,,0,percent of total billed charges,73 percent of billed charges; No services were performed during the 15 month look back period.,45.99,73,,,,,0,percent of total billed charges,73 percent of billed charges; No services were performed during the 15 month look back period.,,,,,,,,Fee Schedule,"Not Payable. ",,,,,,,,Other,"100 Percent of Medicaid APG. ",,,,,,,,Fee Schedule,"100 % Zero Pay Code. ",18.9,30,,,,,0,percent of total billed charges,30 percent of billed charges; No services were performed during the 15 month look back period.,37.8,60,,,,,0,percent of total billed charges,60 percent of billed charges; No services were performed during the 15 month look back period.,,,,,,,,Fee Schedule,"100 % Zero Pay Code. ",37.8,60,,,,,0,percent of total billed charges,60 percent of billed charges; No services were performed during the 15 month look back period.,,,,,,,,Fee Schedule,"100 % Zero Pay Code. ",28.35,45,,,,,0,percent of total billed charges,45 percent of billed charges; No services were performed during the 15 month look back period.,28.35,45,,,,,0,percent of total billed charges,45 percent of billed charges; No services were performed during the 15 month look back period.,28.35,45,,,,,0,percent of total billed charges,45 percent of billed charges; No services were performed during the 15 month look back period.,28.35,45,,,,,0,percent of total billed charges,45 percent of billed charges; No services were performed during the 15 month look back period.,,,,,,,,Other,"Not Payable. ",0.161,63,
J7296,HCPCS,5010015,LOCAL,636,RC,"KYLEENA, 19.5 MG",15304.338,2907.82422,Inpatient,EA,1,,,,,,,,,,,,,,,,,,,,4591.3014,30,,,,,0,percent of total billed charges,30 Percent of charges; No services were performed during the 15 month look back period.,15304.338,100,,,,,0,percent of total billed charges,100 percent of charges; No services were performed during the 15 month look back period.,,,,,,,,,,4591.3014,30,,,,,0,percent of total billed charges,30 Percent of charges; No services were performed during the 15 month look back period.,4591.3014,30,,,,,0,percent of total billed charges,30 Percent of charges; No services were performed during the 15 month look back period.,4591.3014,30,,,,,0,percent of total billed charges,30 Percent of charges; No services were performed during the 15 month look back period.,1530.4338,10,,,,,0,percent of total billed charges,10 percent of charges; No services were performed during the 15 month look back period.,,,,,,,,,,11172.16674,73,,,,,0,percent of total billed charges,73 percent of charges; No services were performed during the 15 month look back period.,1530.4338,10,,,,,0,percent of total billed charges,10 percent of charges; No services were performed during the 15 month look back period.,,,,,,,,,,,,,,,,,,,4897.38816,32,,,,,0,percent of total billed charges,32 pecent of charges; No services were performed during the 15 month look back period.,4897.38816,32,,,,,0,percent of total billed charges,32 pecent of charges; No services were performed during the 15 month look back period.,4897.38816,32,,,,,0,percent of total billed charges,32 pecent of charges; No services were performed during the 15 month look back period.,4897.38816,32,,,,,0,percent of total billed charges,32 pecent of charges; No services were performed during the 15 month look back period.,,,,,,,,,,,,,,,,,,,,,,,,,,,,11172.16674,73,,,,,0,percent of total billed charges,73 percent of charges; No services were performed during the 15 month look back period.,4591.3014,30,,,,,0,percent of total billed charges,30 Percent of charges; No services were performed during the 15 month look back period.,6121.7352,40,,,,,0,percent of total billed charges,40 percent of charges; No services were performed during the 15 month look back period.,4438.25802,29,,,,,0,percent of total billed charges,29 percent of charges; No services were performed during the 15 month look back period.,6121.7352,40,,,,,0,percent of total billed charges,40 percent of charges; No services were performed during the 15 month look back period.,6121.7352,40,,,,,0,percent of total billed charges,40 percent of charges; No services were performed during the 15 month look back period.,11172.16674,73,,,,,0,percent of total billed charges,73 percent of charges; No services were performed during the 15 month look back period.,,,,,,,,,,,,,,,,,,,,,,,,,,,,,,,,,,,,,4438.25802,29,,,,,0,percent of total billed charges,29 percent of charges; No services were performed during the 15 month look back period.,4438.25802,29,,,,,0,percent of total billed charges,29 percent of charges; No services were performed during the 15 month look back period.,4438.25802,29,,,,,0,percent of total billed charges,29 percent of charges; No services were performed during the 15 month look back period.,4438.25802,29,,,,,0,percent of total billed charges,29 percent of charges; No services were performed during the 15 month look back period.,4438.25802,29,,,,,0,percent of total billed charges,29 percent of charges; No services were performed during the 15 month look back period.,4438.25802,29,,,,,0,percent of total billed charges,29 percent of charges; No services were performed during the 15 month look back period.,4438.25802,29,,,,,0,percent of total billed charges,29 percent of charges; No services were performed during the 15 month look back period.,11172.16674,73,,,,,0,percent of total billed charges,73 percent of charges; No services were performed during the 15 month look back period.,1989.56394,13,,,,,0,percent of total billed charges,13 percent of charges; No services were performed during the 15 month look back period.,1989.56394,13,,,,,0,percent of total billed charges,13 percent of charges; No services were performed during the 15 month look back period.,11172.16674,73,,,,,0,percent of total billed charges,73 percent of charges; No services were performed during the 15 month look back period.,4897.38816,32,,,,,0,percent of total billed charges,32 pecent of charges; No services were performed during the 15 month look back period.,1530.4338,10,,,,,0,percent of total billed charges,10 percent of charges; No services were performed during the 15 month look back period.,1530.4338,10,,,,,0,percent of total billed charges,10 percent of charges; No services were performed during the 15 month look back period.,11172.16674,73,,,,,0,percent of total billed charges,73 percent of charges; No services were performed during the 15 month look back period.,,,,,,,,,,1530.4338,10,,,,,0,percent of total billed charges,10 percent of charges; No services were performed during the 15 month look back period.,1530.4338,10,,,,,0,percent of total billed charges,10 percent of charges; No services were performed during the 15 month look back period.,1530.4338,10,,,,,0,percent of total billed charges,10 percent of charges; No services were performed during the 15 month look back period.,,,,,,,,,,1530.4338,10,,,,,0,percent of total billed charges,10 percent of charges; No services were performed during the 15 month look back period.,1530.4338,10,,,,,0,percent of total billed charges,10 percent of charges; No services were performed during the 15 month look back period.,,,,,,,,,,3673.04112,24,,,,,0,percent of total billed charges,24 percent of charges; No services were performed during the 15 month look back period.,,,,,,,,,,,,,,,,,,,,,,,,,,,,,,,,,,,,,,,,,,,,,,,,,,,,,,,,,,,,,,,,,,,,,,,,,,,,,,,,,,11172.16674,73,,,,,0,percent of total billed charges,73 percent of charges; No services were performed during the 15 month look back period.,11172.16674,73,,,,,0,percent of total billed charges,73 percent of charges; No services were performed during the 15 month look back period.,11172.16674,73,,,,,0,percent of total billed charges,73 percent of charges; No services were performed during the 15 month look back period.,11172.16674,73,,,,,0,percent of total billed charges,73 percent of charges; No services were performed during the 15 month look back period.,11172.16674,73,,,,,0,percent of total billed charges,73 percent of charges; No services were performed during the 15 month look back period.,11172.16674,73,,,,,0,percent of total billed charges,73 percent of charges; No services were performed during the 15 month look back period.,11172.16674,73,,,,,0,percent of total billed charges,73 percent of charges; No services were performed during the 15 month look back period.,11172.16674,73,,,,,0,percent of total billed charges,73 percent of charges; No services were performed during the 15 month look back period.,11172.16674,73,,,,,0,percent of total billed charges,73 percent of charges; No services were performed during the 15 month look back period.,11172.16674,73,,,,,0,percent of total billed charges,73 percent of charges; No services were performed during the 15 month look back period.,11172.16674,73,,,,,0,percent of total billed charges,73 percent of charges; No services were performed during the 15 month look back period.,11172.16674,73,,,,,0,percent of total billed charges,73 percent of charges; No services were performed during the 15 month look back period.,11172.16674,73,,,,,0,percent of total billed charges,73 percent of charges; No services were performed during the 15 month look back period.,11172.16674,73,,,,,0,percent of total billed charges,73 percent of charges; No services were performed during the 15 month look back period.,11172.16674,73,,,,,0,percent of total billed charges,73 percent of charges; No services were performed during the 15 month look back period.,11172.16674,73,,,,,0,percent of total billed charges,73 percent of charges; No services were performed during the 15 month look back period.,11172.16674,73,,,,,0,percent of total billed charges,73 percent of charges; No services were performed during the 15 month look back period.,11172.16674,73,,,,,0,percent of total billed charges,73 percent of charges; No services were performed during the 15 month look back period.,11172.16674,73,,,,,0,percent of total billed charges,73 percent of charges; No services were performed during the 15 month look back period.,11172.16674,73,,,,,0,percent of total billed charges,73 percent of charges; No services were performed during the 15 month look back period.,11172.16674,73,,,,,0,percent of total billed charges,73 percent of charges; No services were performed during the 15 month look back period.,11172.16674,73,,,,,0,percent of total billed charges,73 percent of charges; No services were performed during the 15 month look back period.,11172.16674,73,,,,,0,percent of total billed charges,73 percent of charges; No services were performed during the 15 month look back period.,11172.16674,73,,,,,0,percent of total billed charges,73 percent of charges; No services were performed during the 15 month look back period.,11172.16674,73,,,,,0,percent of total billed charges,73 percent of charges; No services were performed during the 15 month look back period.,11172.16674,73,,,,,0,percent of total billed charges,73 percent of charges; No services were performed during the 15 month look back period.,4438.25802,29,,,,,0,percent of total billed charges,29 percent of charges; No services were performed during the 15 month look back period.,4438.25802,29,,,,,0,percent of total billed charges,29 percent of charges; No services were performed during the 15 month look back period.,4438.25802,29,,,,,0,percent of total billed charges,29 percent of charges; No services were performed during the 15 month look back period.,4438.25802,29,,,,,0,percent of total billed charges,29 percent of charges; No services were performed during the 15 month look back period.,6121.7352,40,,,,,0,percent of total billed charges,40 percent of charges; No services were performed during the 15 month look back period.,6121.7352,40,,,,,0,percent of total billed charges,40 percent of charges; No services were performed during the 15 month look back period.,4897.38816,32,,,,,0,percent of total billed charges,32 pecent of charges; No services were performed during the 15 month look back period.,,,,,,,,,,1530.4338,10,,,,,0,percent of total billed charges,10 percent of charges; No services were performed during the 15 month look back period.,,,,,,,,,,11172.16674,73,,,,,0,percent of total billed charges,73 percent of charges; No services were performed during the 15 month look back period.,6121.7352,40,,,,,0,percent of total billed charges,40 percent of charges; No services were performed during the 15 month look back period.,,,,,,,,,,1530.4338,10,,,,,0,percent of total billed charges,10 percent of charges; No services were performed during the 15 month look back period.,4897.38816,32,,,,,0,percent of total billed charges,32 pecent of charges; No services were performed during the 15 month look back period.,,,,,,,,,,11172.16674,73,,,,,0,percent of total billed charges,73 percent of charges; No services were performed during the 15 month look back period.,,,,,,,,,,4438.25802,29,,,,,0,percent of total billed charges,29 percent of charges; No services were performed during the 15 month look back period.,4438.25802,29,,,,,0,percent of total billed charges,29 percent of charges; No services were performed during the 15 month look back period.,4438.25802,29,,,,,0,percent of total billed charges,29 percent of charges; No services were performed during the 15 month look back period.,,,,,,,,,,3673.04112,24,,,,,0,percent of total billed charges,24 percent of charges; No services were performed during the 15 month look back period.,,,,,,,,,,,,,,,,,,,,,,,,,,,,,,,,,,,,,,,,,,,,,,4591.3014,30,,,,,0,percent of total billed charges,30 Percent of charges; No services were performed during the 15 month look back period.,4591.3014,30,,,,,0,percent of total billed charges,30 Percent of charges; No services were performed during the 15 month look back period.,,,,,,,,,,4897.38816,32,,,,,0,percent of total billed charges,32 pecent of charges; No services were performed during the 15 month look back period.,1530.4338,10,,,,,0,percent of total billed charges,10 percent of charges; No services were performed during the 15 month look back period.,1530.4338,10,,,,,0,percent of total billed charges,10 percent of charges; No services were performed during the 15 month look back period.,,,,,,,,,,4897.38816,32,,,,,0,percent of total billed charges,32 pecent of charges; No services were performed during the 15 month look back period.,4591.3014,30,,,,,0,percent of total billed charges,30 Percent of charges; No services were performed during the 15 month look back period.,4591.3014,30,,,,,0,percent of total billed charges,30 Percent of charges; No services were performed during the 15 month look back period.,4591.3014,30,,,,,0,percent of total billed charges,30 Percent of charges; No services were performed during the 15 month look back period.,11172.16674,73,,,,,0,percent of total billed charges,73 percent of charges; No services were performed during the 15 month look back period.,11172.16674,73,,,,,0,percent of total billed charges,73 percent of charges; No services were performed during the 15 month look back period.,11172.16674,73,,,,,0,percent of total billed charges,73 percent of charges; No services were performed during the 15 month look back period.,11172.16674,73,,,,,0,percent of total billed charges,73 percent of charges; No services were performed during the 15 month look back period.,11172.16674,73,,,,,0,percent of total billed charges,73 percent of charges; No services were performed during the 15 month look back period.,11172.16674,73,,,,,0,percent of total billed charges,73 percent of charges; No services were performed during the 15 month look back period.,11172.16674,73,,,,,0,percent of total billed charges,73 percent of charges; No services were performed during the 15 month look back period.,11172.16674,73,,,,,0,percent of total billed charges,73 percent of charges; No services were performed during the 15 month look back period.,11172.16674,73,,,,,0,percent of total billed charges,73 percent of charges; No services were performed during the 15 month look back period.,11172.16674,73,,,,,0,percent of total billed charges,73 percent of charges; No services were performed during the 15 month look back period.,11172.16674,73,,,,,0,percent of total billed charges,73 percent of charges; No services were performed during the 15 month look back period.,6121.7352,40,,,,,0,percent of total billed charges,40 percent of charges; No services were performed during the 15 month look back period.,,,,,,,,,,4897.38816,32,,,,,0,percent of total billed charges,32 pecent of charges; No services were performed during the 15 month look back period.,,,,,,,,,,4591.3014,30,,,,,0,percent of total billed charges,30 Percent of charges; No services were performed during the 15 month look back period.,4897.38816,32,,,,,0,percent of total billed charges,32 pecent of charges; No services were performed during the 15 month look back period.,4897.38816,32,,,,,0,percent of total billed charges,32 pecent of charges; No services were performed during the 15 month look back period.,11172.16674,73,,,,,0,percent of total billed charges,73 percent of charges; No services were performed during the 15 month look back period.,3060.8676,20,,,,,0,percent of total billed charges,20 percent of charges; No services were performed during the 15 month look back period.,4897.38816,32,,,,,0,percent of total billed charges,32 pecent of charges; No services were performed during the 15 month look back period.,,,,,,,,,,,,,,,,,,,,,,,,,,,,,,,,,,,,,,,,,,,,,,,,,,,,,,,,,,,,,,,,4897.38816,32,,,,,0,percent of total billed charges,32 pecent of charges; No services were performed during the 15 month look back period.,3673.04112,24,,,,,0,percent of total billed charges,24 percent of charges; No services were performed during the 15 month look back period.,,,,,,,,,,,,,,,,,,,,,,,,,,,,,,,,,,,,,,,,,,,,,,,,,,,,,,,3673.04112,24,,,,,0,percent of total billed charges,24 percent of charges; No services were performed during the 15 month look back period.,4744.34478,31,,,,,0,percent of total billed charges,31 percent of charges; No services were performed during the 15 month look back period.,4744.34478,31,,,,,0,percent of total billed charges,31 percent of charges; No services were performed during the 15 month look back period.,4744.34478,31,,,,,0,percent of total billed charges,31 percent of charges; No services were performed during the 15 month look back period.,4744.34478,31,,,,,0,percent of total billed charges,31 percent of charges; No services were performed during the 15 month look back period.,4744.34478,31,,,,,0,percent of total billed charges,31 percent of charges; No services were performed during the 15 month look back period.,,,,,,,,,,6121.7352,40,,,,,0,percent of total billed charges,40 percent of charges; No services were performed during the 15 month look back period.,6121.7352,40,,,,,0,percent of total billed charges,40 percent of charges; No services were performed during the 15 month look back period.,6121.7352,40,,,,,0,percent of total billed charges,40 percent of charges; No services were performed during the 15 month look back period.,6121.7352,40,,,,,0,percent of total billed charges,40 percent of charges; No services were performed during the 15 month look back period.,4591.3014,30,,,,,0,percent of total billed charges,30 Percent of charges; No services were performed during the 15 month look back period.,4591.3014,30,,,,,0,percent of total billed charges,30 Percent of charges; No services were performed during the 15 month look back period.,4591.3014,30,,,,,0,percent of total billed charges,30 Percent of charges; No services were performed during the 15 month look back period.,4591.3014,30,,,,,0,percent of total billed charges,30 Percent of charges; No services were performed during the 15 month look back period.,3673.04112,24,,,,,0,percent of total billed charges,24 percent of charges; No services were performed during the 15 month look back period.,3673.04112,24,,,,,0,percent of total billed charges,24 percent of charges; No services were performed during the 15 month look back period.,,,,,,,,,,,,,,,,,,,,,,,,,,,,,,,,,,,,,,,,,,,,,,,,,,,,,,,3673.04112,24,,,,,0,percent of total billed charges,24 percent of charges; No services were performed during the 15 month look back period.,4591.3014,30,,,,,0,percent of total billed charges,30 Percent of charges; No services were performed during the 15 month look back period.,,,,,,,,,,,,,,,,,,,,,,,,,,,,,,,,,,,,,,,,,,,,,,,,,,,,,,,,,,,,,,,,,,,,,,,,,,,,,,,,,,,,,,,,,,,,,,,,,,,,,,,,,,,,,,,,,,,,,,,,,,,,,,,,,,,,,,,,,,,,,,,,,,,,,,,,,,,,,,,,,,,,,,,,,,,,,,,,,,,,,,,,,,,,,,,,,,,,,,,4591.3014,30,,,,,0,percent of total billed charges,30 Percent of charges; No services were performed during the 15 month look back period.,,,,,,,,,,,,,,,,,,,,,,,,,,,,,,,,,,,,,,,,,,,,,,,,,,,,,,,,,,,,,,,,1530.4338,10,,,,,0,percent of total billed charges,10 percent of charges; No services were performed during the 15 month look back period.,1530.4338,10,,,,,0,percent of total billed charges,10 percent of charges; No services were performed during the 15 month look back period.,1530.4338,10,,,,,0,percent of total billed charges,10 percent of charges; No services were performed during the 15 month look back period.,1530.4338,10,,,,,0,percent of total billed charges,10 percent of charges; No services were performed during the 15 month look back period.,,,,,,,,,,3673.04112,24,,,,,0,percent of total billed charges,24 percent of charges; No services were performed during the 15 month look back period.,4438.25802,29,,,,,0,percent of total billed charges,29 percent of charges; No services were performed during the 15 month look back period.,4438.25802,29,,,,,0,percent of total billed charges,29 percent of charges; No services were performed during the 15 month look back period.,4438.25802,29,,,,,0,percent of total billed charges,29 percent of charges; No services were performed during the 15 month look back period.,4438.25802,29,,,,,0,percent of total billed charges,29 percent of charges; No services were performed during the 15 month look back period.,,,,,,,,,,,,,,,,,,,,,,,,,,,,,,,,,,,,,,,,,,,,,,,,,,,,,,,,,,,,,,,,,,,,,,,,,,,,,,,,,,,,,,,,,,,4591.3014,30,,,,,0,percent of total billed charges,30 Percent of charges; No services were performed during the 15 month look back period.,,,,,,,,,,,,,,,,,,,,,,,,,,,,,,,,,,,,,,,,,,,,,,,,,,,,,,,,,,,,,,,,,,,,,,,,,,,,,,,,,,,,,,,,,,,,,,,,,,,,,,,,,,,,,,,,,,,,,,,,,,,,,,,4897.38816,32,,,,,0,percent of total billed charges,32 pecent of charges; No services were performed during the 15 month look back period.,,,,,,,,,,,,,,,,,,,,,,,,,,,,,,,,,,,,,,,,,,,,,,4438.25802,29,,,,,0,percent of total billed charges,29 percent of charges; No services were performed during the 15 month look back period.,4438.25802,29,,,,,0,percent of total billed charges,29 percent of charges; No services were performed during the 15 month look back period.,4438.25802,29,,,,,0,percent of total billed charges,29 percent of charges; No services were performed during the 15 month look back period.,4438.25802,29,,,,,0,percent of total billed charges,29 percent of charges; No services were performed during the 15 month look back period.,,,,,,,,,,4438.25802,29,,,,,0,percent of total billed charges,29 percent of charges; No services were performed during the 15 month look back period.,4591.3014,30,,,,,0,percent of total billed charges,30 Percent of charges; No services were performed during the 15 month look back period.,4438.25802,29,,,,,0,percent of total billed charges,29 percent of charges; No services were performed during the 15 month look back period.,4897.38816,32,,,,,0,percent of total billed charges,32 pecent of charges; No services were performed during the 15 month look back period.,4438.25802,29,,,,,0,percent of total billed charges,29 percent of charges; No services were performed during the 15 month look back period.,,,,,,,,,,,,,,,,,,,,,,,,,,,,4438.25802,29,,,,,0,percent of total billed charges,29 percent of charges; No services were performed during the 15 month look back period.,,,,,,,,,,,,,,,,,,,,,,,,,,,,,,,,,,,,,,,,,,,,,,4438.25802,29,,,,,0,percent of total billed charges,29 percent of charges; No services were performed during the 15 month look back period.,4438.25802,29,,,,,0,percent of total billed charges,29 percent of charges; No services were performed during the 15 month look back period.,4438.25802,29,,,,,0,percent of total billed charges,29 percent of charges; No services were performed during the 15 month look back period.,4438.25802,29,,,,,0,percent of total billed charges,29 percent of charges; No services were performed during the 15 month look back period.,,,,,,,,,,,,,,,,,,,,,,,,,,,,,,,,,,,,,,,,,,,,,,,,,,,,,,,,,,,,,,,,,,,,,,,,,,,,,,,,,,,,,,,,,,,4438.25802,29,,,,,0,percent of total billed charges,29 percent of charges; No services were performed during the 15 month look back period.,4897.38816,32,,,,,0,percent of total billed charges,32 pecent of charges; No services were performed during the 15 month look back period.,11172.16674,73,,,,,0,percent of total billed charges,73 percent of charges; No services were performed during the 15 month look back period.,1530.4338,10,,,,,0,percent of total billed charges,10 percent of charges; No services were performed during the 15 month look back period.,1530.4338,10,,,,,0,percent of total billed charges,10 percent of charges; No services were performed during the 15 month look back period.,4591.3014,30,,,,,0,percent of total billed charges,30 Percent of charges; No services were performed during the 15 month look back period.,,,,,,,,,,6121.7352,40,,,,,0,percent of total billed charges,40 percent of charges; No services were performed during the 15 month look back period.,6121.7352,40,,,,,0,percent of total billed charges,40 percent of charges; No services were performed during the 15 month look back period.,,,,,,,,,,,,,,,,,,,,,,,,,,,,,,,,,,,,,,,,,,,,,,,,,,,,,,,1530.4338,10,,,,,0,percent of total billed charges,10 percent of charges; No services were performed during the 15 month look back period.,,,,,,,,,,,,,,,,,,,,,,,,,,,,,,,,,,,,,4438.25802,29,,,,,0,percent of total billed charges,29 percent of charges; No services were performed during the 15 month look back period.,,,,,,,,,,,,,,,,,,,4438.25802,29,,,,,0,percent of total billed charges,29 percent of charges; No services were performed during the 15 month look back period.,,,,,,,,,,,,,,,,,,,,,,,,,,,,3673.04112,24,,,,,0,percent of total billed charges,24 percent of charges; No services were performed during the 15 month look back period.,4438.25802,29,,,,,0,percent of total billed charges,29 percent of charges; No services were performed during the 15 month look back period.,,,,,,,,,,,,,,,,,,,,,,,,,,,,,,,,,,,,,1530.4338,10,,,,,0,percent of total billed charges,10 percent of charges; No services were performed during the 15 month look back period.,,,,,,,,,,,,,,,,,,,,,,,,,,,,,,,,,,,,,,,,,,,,,,,,,,,,,,,,,,,,,,,,,,,,,,,,,1530.4338,10,,,,,0,percent of total billed charges,10 percent of charges; No services were performed during the 15 month look back period.,,,,,,,,,,,,,,,,,,,,,,,,,,,,,,,,,,,,,,,,,,,,,,,,,,,,,,,,,,,,,,,,,,,,,,,,,,,,,,,,,,,,,,,,,,,,,,,,,,,,,,,,,,,,,,,,,,,,,,4438.25802,29,,,,,0,percent of total billed charges,29 percent of charges; No services were performed during the 15 month look back period.,4438.25802,29,,,,,0,percent of total billed charges,29 percent of charges; No services were performed during the 15 month look back period.,4438.25802,29,,,,,0,percent of total billed charges,29 percent of charges; No services were performed during the 15 month look back period.,4438.25802,29,,,,,0,percent of total billed charges,29 percent of charges; No services were performed during the 15 month look back period.,4438.25802,29,,,,,0,percent of total billed charges,29 percent of charges; No services were performed during the 15 month look back period.,4438.25802,29,,,,,0,percent of total billed charges,29 percent of charges; No services were performed during the 15 month look back period.,4438.25802,29,,,,,0,percent of total billed charges,29 percent of charges; No services were performed during the 15 month look back period.,4438.25802,29,,,,,0,percent of total billed charges,29 percent of charges; No services were performed during the 15 month look back period.,4438.25802,29,,,,,0,percent of total billed charges,29 percent of charges; No services were performed during the 15 month look back period.,4438.25802,29,,,,,0,percent of total billed charges,29 percent of charges; No services were performed during the 15 month look back period.,4438.25802,29,,,,,0,percent of total billed charges,29 percent of charges; No services were performed during the 15 month look back period.,4438.25802,29,,,,,0,percent of total billed charges,29 percent of charges; No services were performed during the 15 month look back period.,4438.25802,29,,,,,0,percent of total billed charges,29 percent of charges; No services were performed during the 15 month look back period.,,,,,,,,,,4438.25802,29,,,,,0,percent of total billed charges,29 percent of charges; No services were performed during the 15 month look back period.,,,,,,,,,,2907.82422,19,,,,,0,percent of total billed charges,19 percent of charges; No services were performed during the 15 month look back period.,1989.56394,13,,,,,0,percent of total billed charges,13 percent of charges; No services were performed during the 15 month look back period.,1530.4338,10,,,,,0,percent of total billed charges,10 percent of charges; No services were performed during the 15 month look back period.,1530.4338,10,,,,,0,percent of total billed charges,10 percent of charges; No services were performed during the 15 month look back period.,,,,,,,,,,6121.7352,40,,,,,0,percent of total billed charges,40 percent of charges; No services were performed during the 15 month look back period.,,,,,,,,,,,,,,,,,,,4591.3014,30,,,,,0,percent of total billed charges,30 Percent of charges; No services were performed during the 15 month look back period.,,,,,,,,,,4897.38816,32,,,,,0,percent of total billed charges,32 pecent of charges; No services were performed during the 15 month look back period.,,,,,,,,,,4897.38816,32,,,,,0,percent of total billed charges,32 pecent of charges; No services were performed during the 15 month look back period.,4591.3014,30,,,,,0,percent of total billed charges,30 Percent of charges; No services were performed during the 15 month look back period.,4897.38816,32,,,,,0,percent of total billed charges,32 pecent of charges; No services were performed during the 15 month look back period.,,,,,,,,,,,,,,,,,,,,,,,,,,,,4897.38816,32,,,,,0,percent of total billed charges,32 pecent of charges; No services were performed during the 15 month look back period.,1530.4338,10,,,,,0,percent of total billed charges,10 percent of charges; No services were performed during the 15 month look back period.,,,,,,,,,,,,,,,,,,,,,,,,,,,,,,,,,,,,,,,,,,,,,,,,,,,,,,,,,,,,,,,,1530.4338,10,,,,,0,percent of total billed charges,10 percent of charges; No services were performed during the 15 month look back period.,,,,,,,,,,,,,,,,,,,,,,,,,,,,4438.25802,29,,,,,0,percent of total billed charges,29 percent of charges; No services were performed during the 15 month look back period.,4438.25802,29,,,,,0,percent of total billed charges,29 percent of charges; No services were performed during the 15 month look back period.,4744.34478,31,,,,,0,percent of total billed charges,31 percent of charges; No services were performed during the 15 month look back period.,,,,,,,,,,1530.4338,10,,,,,0,percent of total billed charges,10 percent of charges; No services were performed during the 15 month look back period.,4897.38816,32,,,,,0,percent of total billed charges,32 pecent of charges; No services were performed during the 15 month look back period.,4591.3014,30,,,,,0,percent of total billed charges,30 Percent of charges; No services were performed during the 15 month look back period.,1530.4338,10,,,,,0,percent of total billed charges,10 percent of charges; No services were performed during the 15 month look back period.,4591.3014,30,,,,,0,percent of total billed charges,30 Percent of charges; No services were performed during the 15 month look back period.,1530.4338,10,,,,,0,percent of total billed charges,10 percent of charges; No services were performed during the 15 month look back period.,,,,,,,,,,,,,,,,,,,,,,,,,,,,,,,,,,,,,,,,,,,,,,153.04338,15304.338,
J7321,HCPCS,5010003,LOCAL,636,RC,HYALGAN SUPARTZ VISCO-3 DOSE,1104.138,209.78622,Inpatient,ML,2.5,,,,,,,,,,,,,,,,,,,,331.2414,30,,,,,0,percent of total billed charges,30 Percent of charges; No services were performed during the 15 month look back period.,1104.138,100,,,,,0,percent of total billed charges,100 percent of charges; No services were performed during the 15 month look back period.,,,,,,,,,,331.2414,30,,,,,0,percent of total billed charges,30 Percent of charges; No services were performed during the 15 month look back period.,331.2414,30,,,,,0,percent of total billed charges,30 Percent of charges; No services were performed during the 15 month look back period.,331.2414,30,,,,,0,percent of total billed charges,30 Percent of charges; No services were performed during the 15 month look back period.,110.4138,10,,,,,0,percent of total billed charges,10 percent of charges; No services were performed during the 15 month look back period.,,,,,,,,,,806.02074,73,,,,,0,percent of total billed charges,73 percent of charges; No services were performed during the 15 month look back period.,110.4138,10,,,,,0,percent of total billed charges,10 percent of charges; No services were performed during the 15 month look back period.,,,,,,,,,,,,,,,,,,,353.32416,32,,,,,0,percent of total billed charges,32 pecent of charges; No services were performed during the 15 month look back period.,353.32416,32,,,,,0,percent of total billed charges,32 pecent of charges; No services were performed during the 15 month look back period.,353.32416,32,,,,,0,percent of total billed charges,32 pecent of charges; No services were performed during the 15 month look back period.,353.32416,32,,,,,0,percent of total billed charges,32 pecent of charges; No services were performed during the 15 month look back period.,,,,,,,,,,,,,,,,,,,,,,,,,,,,806.02074,73,,,,,0,percent of total billed charges,73 percent of charges; No services were performed during the 15 month look back period.,331.2414,30,,,,,0,percent of total billed charges,30 Percent of charges; No services were performed during the 15 month look back period.,441.6552,40,,,,,0,percent of total billed charges,40 percent of charges; No services were performed during the 15 month look back period.,320.20002,29,,,,,0,percent of total billed charges,29 percent of charges; No services were performed during the 15 month look back period.,441.6552,40,,,,,0,percent of total billed charges,40 percent of charges; No services were performed during the 15 month look back period.,441.6552,40,,,,,0,percent of total billed charges,40 percent of charges; No services were performed during the 15 month look back period.,806.02074,73,,,,,0,percent of total billed charges,73 percent of charges; No services were performed during the 15 month look back period.,,,,,,,,,,,,,,,,,,,,,,,,,,,,,,,,,,,,,320.20002,29,,,,,0,percent of total billed charges,29 percent of charges; No services were performed during the 15 month look back period.,320.20002,29,,,,,0,percent of total billed charges,29 percent of charges; No services were performed during the 15 month look back period.,320.20002,29,,,,,0,percent of total billed charges,29 percent of charges; No services were performed during the 15 month look back period.,320.20002,29,,,,,0,percent of total billed charges,29 percent of charges; No services were performed during the 15 month look back period.,320.20002,29,,,,,0,percent of total billed charges,29 percent of charges; No services were performed during the 15 month look back period.,320.20002,29,,,,,0,percent of total billed charges,29 percent of charges; No services were performed during the 15 month look back period.,320.20002,29,,,,,0,percent of total billed charges,29 percent of charges; No services were performed during the 15 month look back period.,806.02074,73,,,,,0,percent of total billed charges,73 percent of charges; No services were performed during the 15 month look back period.,143.53794,13,,,,,0,percent of total billed charges,13 percent of charges; No services were performed during the 15 month look back period.,143.53794,13,,,,,0,percent of total billed charges,13 percent of charges; No services were performed during the 15 month look back period.,806.02074,73,,,,,0,percent of total billed charges,73 percent of charges; No services were performed during the 15 month look back period.,353.32416,32,,,,,0,percent of total billed charges,32 pecent of charges; No services were performed during the 15 month look back period.,110.4138,10,,,,,0,percent of total billed charges,10 percent of charges; No services were performed during the 15 month look back period.,110.4138,10,,,,,0,percent of total billed charges,10 percent of charges; No services were performed during the 15 month look back period.,806.02074,73,,,,,0,percent of total billed charges,73 percent of charges; No services were performed during the 15 month look back period.,,,,,,,,,,110.4138,10,,,,,0,percent of total billed charges,10 percent of charges; No services were performed during the 15 month look back period.,110.4138,10,,,,,0,percent of total billed charges,10 percent of charges; No services were performed during the 15 month look back period.,110.4138,10,,,,,0,percent of total billed charges,10 percent of charges; No services were performed during the 15 month look back period.,,,,,,,,,,110.4138,10,,,,,0,percent of total billed charges,10 percent of charges; No services were performed during the 15 month look back period.,110.4138,10,,,,,0,percent of total billed charges,10 percent of charges; No services were performed during the 15 month look back period.,,,,,,,,,,264.99312,24,,,,,0,percent of total billed charges,24 percent of charges; No services were performed during the 15 month look back period.,,,,,,,,,,,,,,,,,,,,,,,,,,,,,,,,,,,,,,,,,,,,,,,,,,,,,,,,,,,,,,,,,,,,,,,,,,,,,,,,,,806.02074,73,,,,,0,percent of total billed charges,73 percent of charges; No services were performed during the 15 month look back period.,806.02074,73,,,,,0,percent of total billed charges,73 percent of charges; No services were performed during the 15 month look back period.,806.02074,73,,,,,0,percent of total billed charges,73 percent of charges; No services were performed during the 15 month look back period.,806.02074,73,,,,,0,percent of total billed charges,73 percent of charges; No services were performed during the 15 month look back period.,806.02074,73,,,,,0,percent of total billed charges,73 percent of charges; No services were performed during the 15 month look back period.,806.02074,73,,,,,0,percent of total billed charges,73 percent of charges; No services were performed during the 15 month look back period.,806.02074,73,,,,,0,percent of total billed charges,73 percent of charges; No services were performed during the 15 month look back period.,806.02074,73,,,,,0,percent of total billed charges,73 percent of charges; No services were performed during the 15 month look back period.,806.02074,73,,,,,0,percent of total billed charges,73 percent of charges; No services were performed during the 15 month look back period.,806.02074,73,,,,,0,percent of total billed charges,73 percent of charges; No services were performed during the 15 month look back period.,806.02074,73,,,,,0,percent of total billed charges,73 percent of charges; No services were performed during the 15 month look back period.,806.02074,73,,,,,0,percent of total billed charges,73 percent of charges; No services were performed during the 15 month look back period.,806.02074,73,,,,,0,percent of total billed charges,73 percent of charges; No services were performed during the 15 month look back period.,806.02074,73,,,,,0,percent of total billed charges,73 percent of charges; No services were performed during the 15 month look back period.,806.02074,73,,,,,0,percent of total billed charges,73 percent of charges; No services were performed during the 15 month look back period.,806.02074,73,,,,,0,percent of total billed charges,73 percent of charges; No services were performed during the 15 month look back period.,806.02074,73,,,,,0,percent of total billed charges,73 percent of charges; No services were performed during the 15 month look back period.,806.02074,73,,,,,0,percent of total billed charges,73 percent of charges; No services were performed during the 15 month look back period.,806.02074,73,,,,,0,percent of total billed charges,73 percent of charges; No services were performed during the 15 month look back period.,806.02074,73,,,,,0,percent of total billed charges,73 percent of charges; No services were performed during the 15 month look back period.,806.02074,73,,,,,0,percent of total billed charges,73 percent of charges; No services were performed during the 15 month look back period.,806.02074,73,,,,,0,percent of total billed charges,73 percent of charges; No services were performed during the 15 month look back period.,806.02074,73,,,,,0,percent of total billed charges,73 percent of charges; No services were performed during the 15 month look back period.,806.02074,73,,,,,0,percent of total billed charges,73 percent of charges; No services were performed during the 15 month look back period.,806.02074,73,,,,,0,percent of total billed charges,73 percent of charges; No services were performed during the 15 month look back period.,806.02074,73,,,,,0,percent of total billed charges,73 percent of charges; No services were performed during the 15 month look back period.,320.20002,29,,,,,0,percent of total billed charges,29 percent of charges; No services were performed during the 15 month look back period.,320.20002,29,,,,,0,percent of total billed charges,29 percent of charges; No services were performed during the 15 month look back period.,320.20002,29,,,,,0,percent of total billed charges,29 percent of charges; No services were performed during the 15 month look back period.,320.20002,29,,,,,0,percent of total billed charges,29 percent of charges; No services were performed during the 15 month look back period.,441.6552,40,,,,,0,percent of total billed charges,40 percent of charges; No services were performed during the 15 month look back period.,441.6552,40,,,,,0,percent of total billed charges,40 percent of charges; No services were performed during the 15 month look back period.,353.32416,32,,,,,0,percent of total billed charges,32 pecent of charges; No services were performed during the 15 month look back period.,,,,,,,,,,110.4138,10,,,,,0,percent of total billed charges,10 percent of charges; No services were performed during the 15 month look back period.,,,,,,,,,,806.02074,73,,,,,0,percent of total billed charges,73 percent of charges; No services were performed during the 15 month look back period.,441.6552,40,,,,,0,percent of total billed charges,40 percent of charges; No services were performed during the 15 month look back period.,,,,,,,,,,110.4138,10,,,,,0,percent of total billed charges,10 percent of charges; No services were performed during the 15 month look back period.,353.32416,32,,,,,0,percent of total billed charges,32 pecent of charges; No services were performed during the 15 month look back period.,,,,,,,,,,806.02074,73,,,,,0,percent of total billed charges,73 percent of charges; No services were performed during the 15 month look back period.,,,,,,,,,,320.20002,29,,,,,0,percent of total billed charges,29 percent of charges; No services were performed during the 15 month look back period.,320.20002,29,,,,,0,percent of total billed charges,29 percent of charges; No services were performed during the 15 month look back period.,320.20002,29,,,,,0,percent of total billed charges,29 percent of charges; No services were performed during the 15 month look back period.,,,,,,,,,,264.99312,24,,,,,0,percent of total billed charges,24 percent of charges; No services were performed during the 15 month look back period.,,,,,,,,,,,,,,,,,,,,,,,,,,,,,,,,,,,,,,,,,,,,,,331.2414,30,,,,,0,percent of total billed charges,30 Percent of charges; No services were performed during the 15 month look back period.,331.2414,30,,,,,0,percent of total billed charges,30 Percent of charges; No services were performed during the 15 month look back period.,,,,,,,,,,353.32416,32,,,,,0,percent of total billed charges,32 pecent of charges; No services were performed during the 15 month look back period.,110.4138,10,,,,,0,percent of total billed charges,10 percent of charges; No services were performed during the 15 month look back period.,110.4138,10,,,,,0,percent of total billed charges,10 percent of charges; No services were performed during the 15 month look back period.,,,,,,,,,,353.32416,32,,,,,0,percent of total billed charges,32 pecent of charges; No services were performed during the 15 month look back period.,331.2414,30,,,,,0,percent of total billed charges,30 Percent of charges; No services were performed during the 15 month look back period.,331.2414,30,,,,,0,percent of total billed charges,30 Percent of charges; No services were performed during the 15 month look back period.,331.2414,30,,,,,0,percent of total billed charges,30 Percent of charges; No services were performed during the 15 month look back period.,806.02074,73,,,,,0,percent of total billed charges,73 percent of charges; No services were performed during the 15 month look back period.,806.02074,73,,,,,0,percent of total billed charges,73 percent of charges; No services were performed during the 15 month look back period.,806.02074,73,,,,,0,percent of total billed charges,73 percent of charges; No services were performed during the 15 month look back period.,806.02074,73,,,,,0,percent of total billed charges,73 percent of charges; No services were performed during the 15 month look back period.,806.02074,73,,,,,0,percent of total billed charges,73 percent of charges; No services were performed during the 15 month look back period.,806.02074,73,,,,,0,percent of total billed charges,73 percent of charges; No services were performed during the 15 month look back period.,806.02074,73,,,,,0,percent of total billed charges,73 percent of charges; No services were performed during the 15 month look back period.,806.02074,73,,,,,0,percent of total billed charges,73 percent of charges; No services were performed during the 15 month look back period.,806.02074,73,,,,,0,percent of total billed charges,73 percent of charges; No services were performed during the 15 month look back period.,806.02074,73,,,,,0,percent of total billed charges,73 percent of charges; No services were performed during the 15 month look back period.,806.02074,73,,,,,0,percent of total billed charges,73 percent of charges; No services were performed during the 15 month look back period.,441.6552,40,,,,,0,percent of total billed charges,40 percent of charges; No services were performed during the 15 month look back period.,,,,,,,,,,353.32416,32,,,,,0,percent of total billed charges,32 pecent of charges; No services were performed during the 15 month look back period.,,,,,,,,,,331.2414,30,,,,,0,percent of total billed charges,30 Percent of charges; No services were performed during the 15 month look back period.,353.32416,32,,,,,0,percent of total billed charges,32 pecent of charges; No services were performed during the 15 month look back period.,353.32416,32,,,,,0,percent of total billed charges,32 pecent of charges; No services were performed during the 15 month look back period.,806.02074,73,,,,,0,percent of total billed charges,73 percent of charges; No services were performed during the 15 month look back period.,220.8276,20,,,,,0,percent of total billed charges,20 percent of charges; No services were performed during the 15 month look back period.,353.32416,32,,,,,0,percent of total billed charges,32 pecent of charges; No services were performed during the 15 month look back period.,,,,,,,,,,,,,,,,,,,,,,,,,,,,,,,,,,,,,,,,,,,,,,,,,,,,,,,,,,,,,,,,353.32416,32,,,,,0,percent of total billed charges,32 pecent of charges; No services were performed during the 15 month look back period.,264.99312,24,,,,,0,percent of total billed charges,24 percent of charges; No services were performed during the 15 month look back period.,,,,,,,,,,,,,,,,,,,,,,,,,,,,,,,,,,,,,,,,,,,,,,,,,,,,,,,264.99312,24,,,,,0,percent of total billed charges,24 percent of charges; No services were performed during the 15 month look back period.,342.28278,31,,,,,0,percent of total billed charges,31 percent of charges; No services were performed during the 15 month look back period.,342.28278,31,,,,,0,percent of total billed charges,31 percent of charges; No services were performed during the 15 month look back period.,342.28278,31,,,,,0,percent of total billed charges,31 percent of charges; No services were performed during the 15 month look back period.,342.28278,31,,,,,0,percent of total billed charges,31 percent of charges; No services were performed during the 15 month look back period.,342.28278,31,,,,,0,percent of total billed charges,31 percent of charges; No services were performed during the 15 month look back period.,,,,,,,,,,441.6552,40,,,,,0,percent of total billed charges,40 percent of charges; No services were performed during the 15 month look back period.,441.6552,40,,,,,0,percent of total billed charges,40 percent of charges; No services were performed during the 15 month look back period.,441.6552,40,,,,,0,percent of total billed charges,40 percent of charges; No services were performed during the 15 month look back period.,441.6552,40,,,,,0,percent of total billed charges,40 percent of charges; No services were performed during the 15 month look back period.,331.2414,30,,,,,0,percent of total billed charges,30 Percent of charges; No services were performed during the 15 month look back period.,331.2414,30,,,,,0,percent of total billed charges,30 Percent of charges; No services were performed during the 15 month look back period.,331.2414,30,,,,,0,percent of total billed charges,30 Percent of charges; No services were performed during the 15 month look back period.,331.2414,30,,,,,0,percent of total billed charges,30 Percent of charges; No services were performed during the 15 month look back period.,264.99312,24,,,,,0,percent of total billed charges,24 percent of charges; No services were performed during the 15 month look back period.,264.99312,24,,,,,0,percent of total billed charges,24 percent of charges; No services were performed during the 15 month look back period.,,,,,,,,,,,,,,,,,,,,,,,,,,,,,,,,,,,,,,,,,,,,,,,,,,,,,,,264.99312,24,,,,,0,percent of total billed charges,24 percent of charges; No services were performed during the 15 month look back period.,331.2414,30,,,,,0,percent of total billed charges,30 Percent of charges; No services were performed during the 15 month look back period.,,,,,,,,,,,,,,,,,,,,,,,,,,,,,,,,,,,,,,,,,,,,,,,,,,,,,,,,,,,,,,,,,,,,,,,,,,,,,,,,,,,,,,,,,,,,,,,,,,,,,,,,,,,,,,,,,,,,,,,,,,,,,,,,,,,,,,,,,,,,,,,,,,,,,,,,,,,,,,,,,,,,,,,,,,,,,,,,,,,,,,,,,,,,,,,,,,,,,,,331.2414,30,,,,,0,percent of total billed charges,30 Percent of charges; No services were performed during the 15 month look back period.,,,,,,,,,,,,,,,,,,,,,,,,,,,,,,,,,,,,,,,,,,,,,,,,,,,,,,,,,,,,,,,,110.4138,10,,,,,0,percent of total billed charges,10 percent of charges; No services were performed during the 15 month look back period.,110.4138,10,,,,,0,percent of total billed charges,10 percent of charges; No services were performed during the 15 month look back period.,110.4138,10,,,,,0,percent of total billed charges,10 percent of charges; No services were performed during the 15 month look back period.,110.4138,10,,,,,0,percent of total billed charges,10 percent of charges; No services were performed during the 15 month look back period.,,,,,,,,,,264.99312,24,,,,,0,percent of total billed charges,24 percent of charges; No services were performed during the 15 month look back period.,320.20002,29,,,,,0,percent of total billed charges,29 percent of charges; No services were performed during the 15 month look back period.,320.20002,29,,,,,0,percent of total billed charges,29 percent of charges; No services were performed during the 15 month look back period.,320.20002,29,,,,,0,percent of total billed charges,29 percent of charges; No services were performed during the 15 month look back period.,320.20002,29,,,,,0,percent of total billed charges,29 percent of charges; No services were performed during the 15 month look back period.,,,,,,,,,,,,,,,,,,,,,,,,,,,,,,,,,,,,,,,,,,,,,,,,,,,,,,,,,,,,,,,,,,,,,,,,,,,,,,,,,,,,,,,,,,,331.2414,30,,,,,0,percent of total billed charges,30 Percent of charges; No services were performed during the 15 month look back period.,,,,,,,,,,,,,,,,,,,,,,,,,,,,,,,,,,,,,,,,,,,,,,,,,,,,,,,,,,,,,,,,,,,,,,,,,,,,,,,,,,,,,,,,,,,,,,,,,,,,,,,,,,,,,,,,,,,,,,,,,,,,,,,353.32416,32,,,,,0,percent of total billed charges,32 pecent of charges; No services were performed during the 15 month look back period.,,,,,,,,,,,,,,,,,,,,,,,,,,,,,,,,,,,,,,,,,,,,,,320.20002,29,,,,,0,percent of total billed charges,29 percent of charges; No services were performed during the 15 month look back period.,320.20002,29,,,,,0,percent of total billed charges,29 percent of charges; No services were performed during the 15 month look back period.,320.20002,29,,,,,0,percent of total billed charges,29 percent of charges; No services were performed during the 15 month look back period.,320.20002,29,,,,,0,percent of total billed charges,29 percent of charges; No services were performed during the 15 month look back period.,,,,,,,,,,320.20002,29,,,,,0,percent of total billed charges,29 percent of charges; No services were performed during the 15 month look back period.,331.2414,30,,,,,0,percent of total billed charges,30 Percent of charges; No services were performed during the 15 month look back period.,320.20002,29,,,,,0,percent of total billed charges,29 percent of charges; No services were performed during the 15 month look back period.,353.32416,32,,,,,0,percent of total billed charges,32 pecent of charges; No services were performed during the 15 month look back period.,320.20002,29,,,,,0,percent of total billed charges,29 percent of charges; No services were performed during the 15 month look back period.,,,,,,,,,,,,,,,,,,,,,,,,,,,,320.20002,29,,,,,0,percent of total billed charges,29 percent of charges; No services were performed during the 15 month look back period.,,,,,,,,,,,,,,,,,,,,,,,,,,,,,,,,,,,,,,,,,,,,,,320.20002,29,,,,,0,percent of total billed charges,29 percent of charges; No services were performed during the 15 month look back period.,320.20002,29,,,,,0,percent of total billed charges,29 percent of charges; No services were performed during the 15 month look back period.,320.20002,29,,,,,0,percent of total billed charges,29 percent of charges; No services were performed during the 15 month look back period.,320.20002,29,,,,,0,percent of total billed charges,29 percent of charges; No services were performed during the 15 month look back period.,,,,,,,,,,,,,,,,,,,,,,,,,,,,,,,,,,,,,,,,,,,,,,,,,,,,,,,,,,,,,,,,,,,,,,,,,,,,,,,,,,,,,,,,,,,320.20002,29,,,,,0,percent of total billed charges,29 percent of charges; No services were performed during the 15 month look back period.,353.32416,32,,,,,0,percent of total billed charges,32 pecent of charges; No services were performed during the 15 month look back period.,806.02074,73,,,,,0,percent of total billed charges,73 percent of charges; No services were performed during the 15 month look back period.,110.4138,10,,,,,0,percent of total billed charges,10 percent of charges; No services were performed during the 15 month look back period.,110.4138,10,,,,,0,percent of total billed charges,10 percent of charges; No services were performed during the 15 month look back period.,331.2414,30,,,,,0,percent of total billed charges,30 Percent of charges; No services were performed during the 15 month look back period.,,,,,,,,,,441.6552,40,,,,,0,percent of total billed charges,40 percent of charges; No services were performed during the 15 month look back period.,441.6552,40,,,,,0,percent of total billed charges,40 percent of charges; No services were performed during the 15 month look back period.,,,,,,,,,,,,,,,,,,,,,,,,,,,,,,,,,,,,,,,,,,,,,,,,,,,,,,,110.4138,10,,,,,0,percent of total billed charges,10 percent of charges; No services were performed during the 15 month look back period.,,,,,,,,,,,,,,,,,,,,,,,,,,,,,,,,,,,,,320.20002,29,,,,,0,percent of total billed charges,29 percent of charges; No services were performed during the 15 month look back period.,,,,,,,,,,,,,,,,,,,320.20002,29,,,,,0,percent of total billed charges,29 percent of charges; No services were performed during the 15 month look back period.,,,,,,,,,,,,,,,,,,,,,,,,,,,,264.99312,24,,,,,0,percent of total billed charges,24 percent of charges; No services were performed during the 15 month look back period.,320.20002,29,,,,,0,percent of total billed charges,29 percent of charges; No services were performed during the 15 month look back period.,,,,,,,,,,,,,,,,,,,,,,,,,,,,,,,,,,,,,110.4138,10,,,,,0,percent of total billed charges,10 percent of charges; No services were performed during the 15 month look back period.,,,,,,,,,,,,,,,,,,,,,,,,,,,,,,,,,,,,,,,,,,,,,,,,,,,,,,,,,,,,,,,,,,,,,,,,,110.4138,10,,,,,0,percent of total billed charges,10 percent of charges; No services were performed during the 15 month look back period.,,,,,,,,,,,,,,,,,,,,,,,,,,,,,,,,,,,,,,,,,,,,,,,,,,,,,,,,,,,,,,,,,,,,,,,,,,,,,,,,,,,,,,,,,,,,,,,,,,,,,,,,,,,,,,,,,,,,,,320.20002,29,,,,,0,percent of total billed charges,29 percent of charges; No services were performed during the 15 month look back period.,320.20002,29,,,,,0,percent of total billed charges,29 percent of charges; No services were performed during the 15 month look back period.,320.20002,29,,,,,0,percent of total billed charges,29 percent of charges; No services were performed during the 15 month look back period.,320.20002,29,,,,,0,percent of total billed charges,29 percent of charges; No services were performed during the 15 month look back period.,320.20002,29,,,,,0,percent of total billed charges,29 percent of charges; No services were performed during the 15 month look back period.,320.20002,29,,,,,0,percent of total billed charges,29 percent of charges; No services were performed during the 15 month look back period.,320.20002,29,,,,,0,percent of total billed charges,29 percent of charges; No services were performed during the 15 month look back period.,320.20002,29,,,,,0,percent of total billed charges,29 percent of charges; No services were performed during the 15 month look back period.,320.20002,29,,,,,0,percent of total billed charges,29 percent of charges; No services were performed during the 15 month look back period.,320.20002,29,,,,,0,percent of total billed charges,29 percent of charges; No services were performed during the 15 month look back period.,320.20002,29,,,,,0,percent of total billed charges,29 percent of charges; No services were performed during the 15 month look back period.,320.20002,29,,,,,0,percent of total billed charges,29 percent of charges; No services were performed during the 15 month look back period.,320.20002,29,,,,,0,percent of total billed charges,29 percent of charges; No services were performed during the 15 month look back period.,,,,,,,,,,320.20002,29,,,,,0,percent of total billed charges,29 percent of charges; No services were performed during the 15 month look back period.,,,,,,,,,,209.78622,19,,,,,0,percent of total billed charges,19 percent of charges; No services were performed during the 15 month look back period.,143.53794,13,,,,,0,percent of total billed charges,13 percent of charges; No services were performed during the 15 month look back period.,110.4138,10,,,,,0,percent of total billed charges,10 percent of charges; No services were performed during the 15 month look back period.,110.4138,10,,,,,0,percent of total billed charges,10 percent of charges; No services were performed during the 15 month look back period.,,,,,,,,,,441.6552,40,,,,,0,percent of total billed charges,40 percent of charges; No services were performed during the 15 month look back period.,,,,,,,,,,,,,,,,,,,331.2414,30,,,,,0,percent of total billed charges,30 Percent of charges; No services were performed during the 15 month look back period.,,,,,,,,,,353.32416,32,,,,,0,percent of total billed charges,32 pecent of charges; No services were performed during the 15 month look back period.,,,,,,,,,,353.32416,32,,,,,0,percent of total billed charges,32 pecent of charges; No services were performed during the 15 month look back period.,331.2414,30,,,,,0,percent of total billed charges,30 Percent of charges; No services were performed during the 15 month look back period.,353.32416,32,,,,,0,percent of total billed charges,32 pecent of charges; No services were performed during the 15 month look back period.,,,,,,,,,,,,,,,,,,,,,,,,,,,,353.32416,32,,,,,0,percent of total billed charges,32 pecent of charges; No services were performed during the 15 month look back period.,110.4138,10,,,,,0,percent of total billed charges,10 percent of charges; No services were performed during the 15 month look back period.,,,,,,,,,,,,,,,,,,,,,,,,,,,,,,,,,,,,,,,,,,,,,,,,,,,,,,,,,,,,,,,,110.4138,10,,,,,0,percent of total billed charges,10 percent of charges; No services were performed during the 15 month look back period.,,,,,,,,,,,,,,,,,,,,,,,,,,,,320.20002,29,,,,,0,percent of total billed charges,29 percent of charges; No services were performed during the 15 month look back period.,320.20002,29,,,,,0,percent of total billed charges,29 percent of charges; No services were performed during the 15 month look back period.,342.28278,31,,,,,0,percent of total billed charges,31 percent of charges; No services were performed during the 15 month look back period.,,,,,,,,,,110.4138,10,,,,,0,percent of total billed charges,10 percent of charges; No services were performed during the 15 month look back period.,353.32416,32,,,,,0,percent of total billed charges,32 pecent of charges; No services were performed during the 15 month look back period.,331.2414,30,,,,,0,percent of total billed charges,30 Percent of charges; No services were performed during the 15 month look back period.,110.4138,10,,,,,0,percent of total billed charges,10 percent of charges; No services were performed during the 15 month look back period.,331.2414,30,,,,,0,percent of total billed charges,30 Percent of charges; No services were performed during the 15 month look back period.,110.4138,10,,,,,0,percent of total billed charges,10 percent of charges; No services were performed during the 15 month look back period.,,,,,,,,,,,,,,,,,,,,,,,,,,,,,,,,,,,,,,,,,,,,,,73.387,1104.138,
J7325,HCPCS,5010003,LOCAL,636,RC,SYNVISC OR SYNVISC-ONE,69.27228,13.161733,Outpatient,ME,1,,9.25,,,,,,,Fee Schedule,"100 % 1199 Fee Schedule. ",9.25,,,,,,,Fee Schedule,"100 % 1199 Fee Schedule. ",41.563368,60,,,,,0,percent of total billed charges,60 percent of billed charges; No services were performed during the 15 month look back period.,69.27228,100,,,,,0,percent of total billed charges,100 percent of billed charges; No services were performed during the 15 month look back period.,9.252,,,,,,,Fee Schedule,"100% ASP Fee Schedule. ",41.563368,60,,,,,0,percent of total billed charges,60 percent of billed charges; No services were performed during the 15 month look back period.,41.563368,60,,,,,0,percent of total billed charges,60 percent of billed charges; No services were performed during the 15 month look back period.,41.563368,60,,,,,0,percent of total billed charges,60 percent of billed charges; No services were performed during the 15 month look back period.,406.548364,,,,,,,Case Rate,"100 Percent of Medicaid APG. ",338.790303,,,,,,,Case Rate,"100 Percent of Medicaid APG. ",54.032378,78,,,,,0,percent of total billed charges,78% of Billed Charges. Lesser of 100% of billed charges applies.; No services were performed during the 15 month look back period.,,,,,,,,Fee Schedule,"100 % Zero Pay Code. ",338.790303,,,,,,,Case Rate,"100 Percent of Medicaid APG. ",9.252,,,,,,,Fee Schedule,"100% ASP Fee Schedule. ",20.781684,30,,,,,0,percent of total billed charges,30 percent of billed charges; No services were performed during the 15 month look back period.,20.781684,30,,,,,0,percent of total billed charges,30 percent of billed charges; No services were performed during the 15 month look back period.,20.781684,30,,,,,0,percent of total billed charges,30 percent of billed charges; No services were performed during the 15 month look back period.,20.781684,30,,,,,0,percent of total billed charges,30 percent of billed charges; No services were performed during the 15 month look back period.,39.376,,,,,,,Fee schedule,"115 Percent of AWP Fee Schedule. ",9.252,,,,,,,Fee Schedule,"100% ASP Fee Schedule. ",39.376,,,,,,,Fee schedule,"115 Percent of AWP Fee Schedule. ",54.032378,78,,,,,0,percent of total billed charges,78% of Billed Charges. Lesser of 100% of billed charges applies.; No services were performed during the 15 month look back period.,41.563368,60,,,,,0,percent of total billed charges,60 percent of billed charges; No services were performed during the 15 month look back period.,9.252,,,,,,,Fee Schedule,"100% ASP Fee Schedule. ",50.568764,73,,,,,0,percent of total billed charges,73 percent of billed charges; No services were performed during the 15 month look back period.,9.252,,,,,,,Fee Schedule,"100% ASP Fee Schedule. ",9.252,,,,,,,Fee Schedule,"100% ASP Fee Schedule. ",54.032378,78,,,,,0,percent of total billed charges,78% of Billed Charges. Lesser of 100% of billed charges applies.; No services were performed during the 15 month look back period.,9.09,,,,,,,Fee Schedule,100 Percent of ASP if not priced then 95 Percent of AWP. Lesser of 100% of billed charges applies.,9.09,,,,,,,Fee Schedule,100 Percent of ASP if not priced then 95 Percent of AWP. Lesser of 100% of billed charges applies.,338.790303,,,,,,,Case rate,"35 Percent of Charges. ",338.790303,,,,,,,Case rate,"35 Percent of Charges. ",50.568764,73,,,,,0,percent of total billed charges,73 percent of billed charges; No services were performed during the 15 month look back period.,50.568764,73,,,,,0,percent of total billed charges,73 percent of billed charges; No services were performed during the 15 month look back period.,338.790303,,,,,,,Case Rate,"100 Percent of Medicaid APG. Not APG payable, or payable under another fee schedule like ASP/AWP pays at 30% of charges",50.568764,73,,,,,0,percent of total billed charges,73 percent of billed charges; No services were performed during the 15 month look back period.,338.790303,,,,,,,Case Rate,"100 Percent of Medicaid APG. Not APG payable, or payable under another fee schedule like ASP/AWP pays at 30% of charges",9.252,,,,,,,Fee Schedule,"100% ASP Fee Schedule. ",50.568764,73,,,,,0,percent of total billed charges,73 percent of billed charges; No services were performed during the 15 month look back period.,54.032378,78,,,,,0,percent of total billed charges,78% of Billed Charges. Lesser of 100% of billed charges applies.; No services were performed during the 15 month look back period.,338.790303,,,,,,,Case Rate,"100 Percent of Medicaid APG. ",338.790303,,,,,,,Case Rate,"100 Percent of Medicaid APG. ",54.032378,78,,,,,0,percent of total billed charges,78% of Billed Charges. Lesser of 100% of billed charges applies.; No services were performed during the 15 month look back period.,20.781684,30,,,,,0,percent of total billed charges,30 percent of billed charges; No services were performed during the 15 month look back period.,,,,,,,,Fee Schedule,"100 % Zero Pay Code. ",,,,,,,,Fee Schedule,"100 % Zero Pay Code. ",54.032378,78,,,,,0,percent of total billed charges,78% of Billed Charges. Lesser of 100% of billed charges applies.; No services were performed during the 15 month look back period.,9.252,,,,,,,Fee Schedule,"100% ASP Fee Schedule. ",,,,,,,,Fee Schedule,"100 % Zero Pay Code. ",,,,,,,,Fee Schedule,"100 % Zero Pay Code. ",,,,,,,,Fee Schedule,"100 % Zero Pay Code. ",9.252,,,,,,,Fee Schedule,"100% ASP Fee Schedule. ",,,,,,,,Fee Schedule,"100 % Zero Pay Code. ",,,,,,,,Fee Schedule,"100 % Zero Pay Code. ",9.252,,,,,,,Fee Schedule,"100% of AWP Fee Schedule. ",34.63614,50,,,,,0,percent of total billed charges,50 percent of billed charges; No services were performed during the 15 month look back period.,31.172526,45,,,,,0,percent of total billed charges,45 percent of billed charges; No services were performed during the 15 month look back period.,31.172526,45,,,,,0,percent of total billed charges,45 percent of billed charges; No services were performed during the 15 month look back period.,31.172526,45,,,,,0,percent of total billed charges,45 percent of billed charges; No services were performed during the 15 month look back period.,31.172526,45,,,,,0,percent of total billed charges,45 percent of billed charges; No services were performed during the 15 month look back period.,31.172526,45,,,,,0,percent of total billed charges,45 percent of billed charges; No services were performed during the 15 month look back period.,31.172526,45,,,,,0,percent of total billed charges,45 percent of billed charges; No services were performed during the 15 month look back period.,9.252,,,,,,,Fee Schedule,"100% ASP Fee Schedule. ",9.252,,,,,,,Fee Schedule,"100% ASP Fee Schedule. ",31.172526,45,,,,,0,percent of total billed charges,45 percent of billed charges; No services were performed during the 15 month look back period.,54.032378,78,,,,,0,percent of total billed charges,78% of Billed Charges. Lesser of 100% of billed charges applies.; No services were performed during the 15 month look back period.,54.032378,78,,,,,0,percent of total billed charges,78% of Billed Charges. Lesser of 100% of billed charges applies.; No services were performed during the 15 month look back period.,54.032378,78,,,,,0,percent of total billed charges,78% of Billed Charges. Lesser of 100% of billed charges applies.; No services were performed during the 15 month look back period.,54.032378,78,,,,,0,percent of total billed charges,78% of Billed Charges. Lesser of 100% of billed charges applies.; No services were performed during the 15 month look back period.,54.032378,78,,,,,0,percent of total billed charges,78% of Billed Charges. Lesser of 100% of billed charges applies.; No services were performed during the 15 month look back period.,54.032378,78,,,,,0,percent of total billed charges,78% of Billed Charges. Lesser of 100% of billed charges applies.; No services were performed during the 15 month look back period.,54.032378,78,,,,,0,percent of total billed charges,78% of Billed Charges. Lesser of 100% of billed charges applies.; No services were performed during the 15 month look back period.,54.032378,78,,,,,0,percent of total billed charges,78% of Billed Charges. Lesser of 100% of billed charges applies.; No services were performed during the 15 month look back period.,54.032378,78,,,,,0,percent of total billed charges,78% of Billed Charges. Lesser of 100% of billed charges applies.; No services were performed during the 15 month look back period.,54.032378,78,,,,,0,percent of total billed charges,78% of Billed Charges. Lesser of 100% of billed charges applies.; No services were performed during the 15 month look back period.,54.032378,78,,,,,0,percent of total billed charges,78% of Billed Charges. Lesser of 100% of billed charges applies.; No services were performed during the 15 month look back period.,54.032378,78,,,,,0,percent of total billed charges,78% of Billed Charges. Lesser of 100% of billed charges applies.; No services were performed during the 15 month look back period.,54.032378,78,,,,,0,percent of total billed charges,78% of Billed Charges. Lesser of 100% of billed charges applies.; No services were performed during the 15 month look back period.,54.032378,78,,,,,0,percent of total billed charges,78% of Billed Charges. Lesser of 100% of billed charges applies.; No services were performed during the 15 month look back period.,54.032378,78,,,,,0,percent of total billed charges,78% of Billed Charges. Lesser of 100% of billed charges applies.; No services were performed during the 15 month look back period.,54.032378,78,,,,,0,percent of total billed charges,78% of Billed Charges. Lesser of 100% of billed charges applies.; No services were performed during the 15 month look back period.,54.032378,78,,,,,0,percent of total billed charges,78% of Billed Charges. Lesser of 100% of billed charges applies.; No services were performed during the 15 month look back period.,54.032378,78,,,,,0,percent of total billed charges,78% of Billed Charges. Lesser of 100% of billed charges applies.; No services were performed during the 15 month look back period.,54.032378,78,,,,,0,percent of total billed charges,78% of Billed Charges. Lesser of 100% of billed charges applies.; No services were performed during the 15 month look back period.,54.032378,78,,,,,0,percent of total billed charges,78% of Billed Charges. Lesser of 100% of billed charges applies.; No services were performed during the 15 month look back period.,54.032378,78,,,,,0,percent of total billed charges,78% of Billed Charges. Lesser of 100% of billed charges applies.; No services were performed during the 15 month look back period.,54.032378,78,,,,,0,percent of total billed charges,78% of Billed Charges. Lesser of 100% of billed charges applies.; No services were performed during the 15 month look back period.,54.032378,78,,,,,0,percent of total billed charges,78% of Billed Charges. Lesser of 100% of billed charges applies.; No services were performed during the 15 month look back period.,54.032378,78,,,,,0,percent of total billed charges,78% of Billed Charges. Lesser of 100% of billed charges applies.; No services were performed during the 15 month look back period.,54.032378,78,,,,,0,percent of total billed charges,78% of Billed Charges. Lesser of 100% of billed charges applies.; No services were performed during the 15 month look back period.,54.032378,78,,,,,0,percent of total billed charges,78% of Billed Charges. Lesser of 100% of billed charges applies.; No services were performed during the 15 month look back period.,50.568764,73,,,,,0,percent of total billed charges,73 percent of billed charges; No services were performed during the 15 month look back period.,50.568764,73,,,,,0,percent of total billed charges,73 percent of billed charges; No services were performed during the 15 month look back period.,50.568764,73,,,,,0,percent of total billed charges,73 percent of billed charges; No services were performed during the 15 month look back period.,50.568764,73,,,,,0,percent of total billed charges,73 percent of billed charges; No services were performed during the 15 month look back period.,55.417824,80,,,,,0,percent of total billed charges,80 percent of billed charges; No services were performed during the 15 month look back period.,55.417824,80,,,,,0,percent of total billed charges,80 percent of billed charges; No services were performed during the 15 month look back period.,20.781684,30,,,,,0,percent of total billed charges,30 percent of billed charges; No services were performed during the 15 month look back period.,31.172526,45,,,,,0,percent of total billed charges,45 percent of billed charges; No services were performed during the 15 month look back period.,,,,,,,,Fee Schedule,"100 % Zero Pay Code. ",31.172526,45,,,,,0,percent of total billed charges,45 percent of billed charges; No services were performed during the 15 month look back period.,54.032378,78,,,,,0,percent of total billed charges,78% of Billed Charges. Lesser of 100% of billed charges applies.; No services were performed during the 15 month look back period.,55.417824,80,,,,,0,percent of total billed charges,80 percent of billed charges; No services were performed during the 15 month look back period.,31.172526,45,,,,,0,percent of total billed charges,45 percent of billed charges; No services were performed during the 15 month look back period.,,,,,,,,Fee Schedule,"100 % Zero Pay Code. ",20.781684,30,,,,,0,percent of total billed charges,30 percent of billed charges; No services were performed during the 15 month look back period.,,,,,,,,,"NA. ",54.032378,78,,,,,0,percent of total billed charges,78% of Billed Charges. Lesser of 100% of billed charges applies.; No services were performed during the 15 month look back period.,338.790303,,,,,,,Case Rate,"100 Percent of Medicaid APG. ",50.568764,73,,,,,0,percent of total billed charges,73 percent of billed charges; No services were performed during the 15 month look back period.,338.790303,,,,,,,Case Rate,"100 Percent of Medicaid APG. Not APG payable, or payable under another fee schedule like ASP/AWP pays at 30% of charges",9.252,,,,,,,Fee Schedule,"100% ASP Fee Schedule. ",9.252,,,,,,,Fee Schedule,"100% ASP Fee Schedule. ",34.63614,50,,,,,0,percent of total billed charges,50 percent of billed charges; No services were performed during the 15 month look back period.,9.252,,,,,,,Fee Schedule,"100% ASP Fee Schedule. ",9.252,,,,,,,Fee Schedule,"100% ASP Fee Schedule. ",338.790303,,,,,,,Case Rate,"100 Percent of Medicaid APG. ",9.252,,,,,,,Fee Schedule,"100% ASP Fee Schedule. ",9.252,,,,,,,Fee Schedule,"100% ASP Fee Schedule. ",41.563368,60,,,,,0,percent of total billed charges,60 percent of billed charges; No services were performed during the 15 month look back period.,41.563368,60,,,,,0,percent of total billed charges,60 percent of billed charges; No services were performed during the 15 month look back period.,9.252,,,,,,,Fee Schedule,"100% ASP Fee Schedule. ",20.781684,30,,,,,0,percent of total billed charges,30 percent of billed charges; No services were performed during the 15 month look back period.,,,,,,,,Fee Schedule,"100 % Zero Pay Code. ",,,,,,,,Fee Schedule,"100 % Zero Pay Code. ",9.252,,,,,,,Fee Schedule,"100% ASP Fee Schedule. ",20.781684,30,,,,,0,percent of total billed charges,30 percent of billed charges; No services were performed during the 15 month look back period.,41.563368,60,,,,,0,percent of total billed charges,60 percent of billed charges; No services were performed during the 15 month look back period.,41.563368,60,,,,,0,percent of total billed charges,60 percent of billed charges; No services were performed during the 15 month look back period.,41.563368,60,,,,,0,percent of total billed charges,60 percent of billed charges; No services were performed during the 15 month look back period.,54.032378,78,,,,,0,percent of total billed charges,78% of Billed Charges. Lesser of 100% of billed charges applies.; No services were performed during the 15 month look back period.,54.032378,78,,,,,0,percent of total billed charges,78% of Billed Charges. Lesser of 100% of billed charges applies.; No services were performed during the 15 month look back period.,54.032378,78,,,,,0,percent of total billed charges,78% of Billed Charges. Lesser of 100% of billed charges applies.; No services were performed during the 15 month look back period.,54.032378,78,,,,,0,percent of total billed charges,78% of Billed Charges. Lesser of 100% of billed charges applies.; No services were performed during the 15 month look back period.,54.032378,78,,,,,0,percent of total billed charges,78% of Billed Charges. Lesser of 100% of billed charges applies.; No services were performed during the 15 month look back period.,54.032378,78,,,,,0,percent of total billed charges,78% of Billed Charges. Lesser of 100% of billed charges applies.; No services were performed during the 15 month look back period.,54.032378,78,,,,,0,percent of total billed charges,78% of Billed Charges. Lesser of 100% of billed charges applies.; No services were performed during the 15 month look back period.,54.032378,78,,,,,0,percent of total billed charges,78% of Billed Charges. Lesser of 100% of billed charges applies.; No services were performed during the 15 month look back period.,54.032378,78,,,,,0,percent of total billed charges,78% of Billed Charges. Lesser of 100% of billed charges applies.; No services were performed during the 15 month look back period.,54.032378,78,,,,,0,percent of total billed charges,78% of Billed Charges. Lesser of 100% of billed charges applies.; No services were performed during the 15 month look back period.,54.032378,78,,,,,0,percent of total billed charges,78% of Billed Charges. Lesser of 100% of billed charges applies.; No services were performed during the 15 month look back period.,55.417824,80,,,,,0,percent of total billed charges,80 percent of billed charges; No services were performed during the 15 month look back period.,31.172526,45,,,,,0,percent of total billed charges,45 percent of billed charges; No services were performed during the 15 month look back period.,20.781684,30,,,,,0,percent of total billed charges,30 percent of billed charges; No services were performed during the 15 month look back period.,9.252,,,,,,,Fee Schedule,"100% ASP Fee Schedule. ",41.563368,60,,,,,0,percent of total billed charges,60 percent of billed charges; No services were performed during the 15 month look back period.,20.781684,30,,,,,0,percent of total billed charges,30 percent of billed charges; No services were performed during the 15 month look back period.,20.781684,30,,,,,0,percent of total billed charges,30 percent of billed charges; No services were performed during the 15 month look back period.,54.032378,78,,,,,0,percent of total billed charges,78% of Billed Charges. Lesser of 100% of billed charges applies.; No services were performed during the 15 month look back period.,725.011248,,,,,,,Case Rate,"214 Percent of Medicaid APG. Drugs not priced under APG, billed with revenue code 636 and not priced by Medicare ASP FeeSched will be reimbursed at 20% of charges.",20.781684,30,,,,,0,percent of total billed charges,30 percent of billed charges; No services were performed during the 15 month look back period.,338.790303,,,,,,,Case Rate,"100 Percent of Medicaid APG. ",9.252,,,,,,,Fee Schedule,"100% ASP Fee Schedule. ",9.252,,,,,,,Fee Schedule,"100% ASP Fee Schedule. ",9.252,,,,,,,Fee Schedule,"100% ASP Fee Schedule. ",9.252,,,,,,,Fee Schedule,"100% ASP Fee Schedule. ",9.252,,,,,,,Fee Schedule,"100% ASP Fee Schedule. ",9.252,,,,,,,Fee Schedule,"100% ASP Fee Schedule. ",20.781684,30,,,,,0,percent of total billed charges,30 percent of billed charges; No services were performed during the 15 month look back period.,34.63614,50,,,,,0,percent of total billed charges,50 percent of billed charges; No services were performed during the 15 month look back period.,53.928,,,,,,,Fee Schedule,"157.5 Percent of AWP Fee Schedule. ",53.928,,,,,,,Fee Schedule,"157.5 Percent of AWP Fee Schedule. ",53.928,,,,,,,Fee Schedule,"157.5 Percent of AWP Fee Schedule. ",53.928,,,,,,,Fee Schedule,"157.5 Percent of AWP Fee Schedule. ",53.928,,,,,,,Fee Schedule,"157.5 Percent of AWP Fee Schedule. ",,,,,,,,,"NA. ",34.63614,50,,,,,0,percent of total billed charges,50 percent of billed charges; No services were performed during the 15 month look back period.,13.04532,,,,,,,Fee Schedule,141 Percent of of ASP. Drugs billed with revenue code 636 and not priced by Medicare ASP fee schedule will be reimburse at 20 percent of charges,13.04532,,,,,,,Fee Schedule,141 Percent of of ASP. Drugs billed with revenue code 636 and not priced by Medicare ASP fee schedule will be reimburse at 20 percent of charges,13.04532,,,,,,,Fee Schedule,141 Percent of of ASP. Drugs billed with revenue code 636 and not priced by Medicare ASP fee schedule will be reimburse at 20 percent of charges,13.04532,,,,,,,Fee Schedule,141 Percent of of ASP. Drugs billed with revenue code 636 and not priced by Medicare ASP fee schedule will be reimburse at 20 percent of charges,13.04532,,,,,,,Fee Schedule,141 Percent of of ASP. Drugs billed with revenue code 636 and not priced by Medicare ASP fee schedule will be reimburse at 20 percent of charges,9.252,,,,,,,Fee Schedule,"100% ASP Fee Schedule. ",55.417824,80,,,,,0,percent of total billed charges,80 percent of billed charges; No services were performed during the 15 month look back period.,55.417824,80,,,,,0,percent of total billed charges,80 percent of billed charges; No services were performed during the 15 month look back period.,55.417824,80,,,,,0,percent of total billed charges,80 percent of billed charges; No services were performed during the 15 month look back period.,55.417824,80,,,,,0,percent of total billed charges,80 percent of billed charges; No services were performed during the 15 month look back period.,41.563368,60,,,,,0,percent of total billed charges,60 percent of billed charges; No services were performed during the 15 month look back period.,41.563368,60,,,,,0,percent of total billed charges,60 percent of billed charges; No services were performed during the 15 month look back period.,41.563368,60,,,,,0,percent of total billed charges,60 percent of billed charges; No services were performed during the 15 month look back period.,41.563368,60,,,,,0,percent of total billed charges,60 percent of billed charges; No services were performed during the 15 month look back period.,34.63614,50,,,,,0,percent of total billed charges,50 percent of billed charges; No services were performed during the 15 month look back period.,34.63614,50,,,,,0,percent of total billed charges,50 percent of billed charges; No services were performed during the 15 month look back period.,9.252,,,,,,,Fee Schedule,"100% ASP Fee Schedule. ",9.252,,,,,,,Fee Schedule,"100% ASP Fee Schedule. ",9.252,,,,,,,Fee Schedule,"100% ASP Fee Schedule. ",31.172526,45,,,,,0,percent of total billed charges,45 percent of billed charges; No services were performed during the 15 month look back period.,31.172526,45,,,,,0,percent of total billed charges,45 percent of billed charges; No services were performed during the 15 month look back period.,31.172526,45,,,,,0,percent of total billed charges,45 percent of billed charges; No services were performed during the 15 month look back period.,34.63614,50,,,,,0,percent of total billed charges,50 percent of billed charges; No services were performed during the 15 month look back period.,41.563368,60,,,,,0,percent of total billed charges,60 percent of billed charges; No services were performed during the 15 month look back period.,9.252,,,,,,,Fee Schedule,"100% ASP Fee Schedule. ",31.172526,45,,,,,0,percent of total billed charges,45 percent of billed charges; No services were performed during the 15 month look back period.,338.790303,,,,,,,Case Rate,"100 Percent of Medicaid APG. ",9.43704,,,,,,,Fee Schedule,"100% of ASP Fee Schedule. ",9.43704,,,,,,,Fee Schedule,"100% of ASP Fee Schedule. ",9.43704,,,,,,,Fee Schedule,"100% of ASP Fee Schedule. ",338.790303,,,,,,,Case rate,"35 Percent of Charges. ",762.278182,,,,,,,Case Rate,225% of NYS APG. Lesser of 100% of billed charges applies.,762.278182,,,,,,,Case Rate,225% of NYS APG. Lesser of 100% of billed charges applies.,762.278182,,,,,,,Case Rate,225% of NYS APG. Lesser of 100% of billed charges applies.,762.278182,,,,,,,Case Rate,225% of NYS APG. Lesser of 100% of billed charges applies.,762.278182,,,,,,,Case Rate,225% of NYS APG. Lesser of 100% of billed charges applies.,9.43704,,,,,,,Fee Schedule,"100% of ASP Fee Schedule. ",338.790303,,,,,,,Case Rate,"100 Percent of Medicaid APG. ",9.09,,,,,,,Fee Schedule,100 Percent of ASP if not priced then 95 Percent of AWP. Lesser of 100% of billed charges applies.,762.278182,,,,,,,Case Rate,225% of NYS APG. Lesser of 100% of billed charges applies.,762.278182,,,,,,,Case Rate,225% of NYS APG. Lesser of 100% of billed charges applies.,9.09,,,,,,,Fee Schedule,100 Percent of ASP if not priced then 95 Percent of AWP. Lesser of 100% of billed charges applies.,9.09,,,,,,,Fee Schedule,100 Percent of ASP if not priced then 95 Percent of AWP. Lesser of 100% of billed charges applies.,53.928,,,,,,,Fee Schedule,"157.5 Percent of AWP Fee Schedule. ",9.252,,,,,,,Fee Schedule,"100% ASP Fee Schedule. ",9.252,,,,,,,Fee Schedule,"100% ASP Fee Schedule. ",41.563368,60,,,,,0,percent of total billed charges,60 percent of billed charges; No services were performed during the 15 month look back period.,9.252,,,,,,,Fee Schedule,"100% ASP Fee Schedule. ",762.278182,,,,,,,Case Rate,"225 Percent of Medicaid APG. ",762.278182,,,,,,,Case Rate,"225 Percent of Medicaid APG. ",338.790303,,,,,,,Case rate,"35 Percent of Charges. ",338.790303,,,,,,,Case rate,"35 Percent of Charges. ",39.376,,,,,,,Fee Schedule,"115 Percent of AWP. ",39.376,,,,,,,Fee schedule,"115 Percent of AWP Fee Schedule. ",762.278182,,,,,,,Case Rate,"100 Percent of Medicaid APG. ",762.278182,,,,,,,Case Rate,"100 Percent of Medicaid APG. ",762.278182,,,,,,,Case Rate,"100 Percent of Medicaid APG. ",762.278182,,,,,,,Case Rate,"100 Percent of Medicaid APG. ",31.172526,45,,,,,0,percent of total billed charges,45 percent of billed charges; No services were performed during the 15 month look back period.,34.63614,50,,,,,0,percent of total billed charges,50 percent of billed charges; No services were performed during the 15 month look back period.,406.548364,,,,,,,Case Rate,"120 Percent of Medicaid APG. Not APG payable, or payable under another fee schedule like ASP/AWP pays at 30% of charges",406.548364,,,,,,,Case Rate,"120 Percent of Medicaid APG. Not APG payable, or payable under another fee schedule like ASP/AWP pays at 30% of charges",338.790303,,,,,,,Case Rate,"100 Percent of Medicaid APG. Not APG payable, or payable under another fee schedule like ASP/AWP pays at 30% of charges",338.790303,,,,,,,Case Rate,"100 Percent of Medicaid APG. Not APG payable, or payable under another fee schedule like ASP/AWP pays at 30% of charges",31.172526,45,,,,,0,percent of total billed charges,45 percent of billed charges; No services were performed during the 15 month look back period.,31.172526,45,,,,,0,percent of total billed charges,45 percent of billed charges; No services were performed during the 15 month look back period.,9.252,,,,,,,Fee Schedule,"100% ASP Fee Schedule. ",31.172526,45,,,,,0,percent of total billed charges,45 percent of billed charges; No services were performed during the 15 month look back period.,31.172526,45,,,,,0,percent of total billed charges,45 percent of billed charges; No services were performed during the 15 month look back period.,31.172526,45,,,,,0,percent of total billed charges,45 percent of billed charges; No services were performed during the 15 month look back period.,31.172526,45,,,,,0,percent of total billed charges,45 percent of billed charges; No services were performed during the 15 month look back period.,9.252,,,,,,,Fee Schedule,"100% ASP Fee Schedule. ",31.172526,45,,,,,0,percent of total billed charges,45 percent of billed charges; No services were performed during the 15 month look back period.,31.172526,45,,,,,0,percent of total billed charges,45 percent of billed charges; No services were performed during the 15 month look back period.,41.563368,60,,,,,0,percent of total billed charges,60 percent of billed charges; No services were performed during the 15 month look back period.,338.790303,,,,,,,Fee Schedule,100% APG. Lesser of 100% of billed charges applies.,39.376,,,,,,,Fee schedule,"115 Percent of AWP Fee Schedule. ",762.278182,,,,,,,Case Rate,225% of NYS APG. Lesser of 100% of billed charges applies.,39.376,,,,,,,Fee Schedule,"115 Percent of AWP. ",39.376,,,,,,,Fee schedule,"115 Percent of AWP Fee Schedule. ",762.278182,,,,,,,Case Rate,225% of NYS APG. Lesser of 100% of billed charges applies.,762.278182,,,,,,,Case Rate,225% of NYS APG. Lesser of 100% of billed charges applies.,762.278182,,,,,,,Case Rate,225% of NYS APG. Lesser of 100% of billed charges applies.,762.278182,,,,,,,Case Rate,225% of NYS APG. Lesser of 100% of billed charges applies.,762.278182,,,,,,,Case Rate,225% of NYS APG. Lesser of 100% of billed charges applies.,762.278182,,,,,,,Case Rate,225% of NYS APG. Lesser of 100% of billed charges applies.,,,,,,,,,"NA. ",,,,,,,,,"NA. ",,,,,,,,,"NA. ",20.781684,30,,,,,0,percent of total billed charges,30 percent of billed charges; No services were performed during the 15 month look back period.,,,,,,,,,"NA. ",9.252,,,,,,,Fee Schedule,"100% ASP Fee Schedule. ",9.25,,,,,,,Fee Schedule,"100 % 1199 Fee Schedule. ",9.252,,,,,,,Fee Schedule,"100% ASP Fee Schedule. ",9.252,,,,,,,Fee Schedule,"100% ASP Fee Schedule. ",406.548364,,,,,,,Case Rate,"120 Percent of Medicaid APG. Not APG payable, or payable under another fee schedule like ASP/AWP pays at 30% of charges",406.548364,,,,,,,Case Rate,"120 Percent of Medicaid APG. Not APG payable, or payable under another fee schedule like ASP/AWP pays at 30% of charges",338.790303,,,,,,,Case Rate,"100 Percent of Medicaid APG. Not APG payable, or payable under another fee schedule like ASP/AWP pays at 30% of charges",338.790303,,,,,,,Case Rate,"100 Percent of Medicaid APG. Not APG payable, or payable under another fee schedule like ASP/AWP pays at 30% of charges",338.790303,,,,,,,Case Rate,"100 Percent of Medicaid APG. ",50.568764,73,,,,,0,percent of total billed charges,73 percent of billed charges; No services were performed during the 15 month look back period.,41.563368,60,,,,,0,percent of total billed charges,60 percent of billed charges; No services were performed during the 15 month look back period.,50.568764,73,,,,,0,percent of total billed charges,73 percent of billed charges; No services were performed during the 15 month look back period.,20.781684,30,,,,,0,percent of total billed charges,30 percent of billed charges; No services were performed during the 15 month look back period.,9.252,,,,,,,Fee Schedule,"100% ASP Fee Schedule. ",9.252,,,,,,,Fee Schedule,"100% ASP Fee Schedule. ",9.252,,,,,,,Fee Schedule,"100% ASP Fee Schedule. ",9.252,,,,,,,Fee Schedule,"100% ASP Fee Schedule. ",9.252,,,,,,,Fee Schedule,"100% ASP Fee Schedule. ",9.252,,,,,,,Fee Schedule,"100% ASP Fee Schedule. ",,,,,,,,,"NA. ",762.278182,,,,,,,Case Rate,225% of NYS APG. Lesser of 100% of billed charges applies.,9.09,,,,,,,Fee Schedule,100 Percent of ASP if not priced then 95 Percent of AWP. Lesser of 100% of billed charges applies.,31.172526,45,,,,,0,percent of total billed charges,45 percent of billed charges; No services were performed during the 15 month look back period.,50.568764,73,,,,,0,percent of total billed charges,73 percent of billed charges; No services were performed during the 15 month look back period.,50.568764,73,,,,,0,percent of total billed charges,73 percent of billed charges; No services were performed during the 15 month look back period.,50.568764,73,,,,,0,percent of total billed charges,73 percent of billed charges; No services were performed during the 15 month look back period.,50.568764,73,,,,,0,percent of total billed charges,73 percent of billed charges; No services were performed during the 15 month look back period.,9.252,,,,,,,Fee Schedule,"100% ASP Fee Schedule. ",338.790303,,,,,,,Case Rate,"100 Percent of Medicaid APG. ",31.172526,45,,,,,0,percent of total billed charges,45 percent of billed charges; No services were performed during the 15 month look back period.,338.790303,,,,,,,Case Rate,"100 Percent of Medicaid APG. ",9.252,,,,,,,Fee Schedule,"100% ASP Fee Schedule. ",338.790303,,,,,,,Case Rate,"100 Percent of Medicaid APG. ",9.252,,,,,,,Fee Schedule,"100% ASP Fee Schedule. ",9.252,,,,,,,Fee Schedule,"100% ASP Fee Schedule. ",338.790303,,,,,,,Case Rate,"100 Percent of Medicaid APG. ",338.790303,,,,,,,Case Rate,"100 Percent of Medicaid APG. ",50.568764,73,,,,,0,percent of total billed charges,73 percent of billed charges; No services were performed during the 15 month look back period.,20.781684,30,,,,,0,percent of total billed charges,30 percent of billed charges; No services were performed during the 15 month look back period.,54.032378,78,,,,,0,percent of total billed charges,78% of Billed Charges. Lesser of 100% of billed charges applies.; No services were performed during the 15 month look back period.,,,,,,,,Fee Schedule,"100 % Zero Pay Code. ",,,,,,,,Fee Schedule,"100 % Zero Pay Code. ",41.563368,60,,,,,0,percent of total billed charges,60 percent of billed charges; No services were performed during the 15 month look back period.,9.252,,,,,,,Fee Schedule,"100% of AWP Fee Schedule. ",55.417824,80,,,,,0,percent of total billed charges,80 percent of billed charges; No services were performed during the 15 month look back period.,55.417824,80,,,,,0,percent of total billed charges,80 percent of billed charges; No services were performed during the 15 month look back period.,24.938021,36,,,,,0,percent of total billed charges,36 percent of billed charges; No services were performed during the 15 month look back period.,24.938021,36,,,,,0,percent of total billed charges,36 percent of billed charges; No services were performed during the 15 month look back period.,9.252,,,,,,,Fee Schedule,"100% ASP Fee Schedule. ",9.252,,,,,,,Fee Schedule,"100% ASP Fee Schedule. ",9.252,,,,,,,Fee Schedule,"100% ASP Fee Schedule. ",9.252,,,,,,,Fee Schedule,"100% ASP Fee Schedule. ",,,,,,,,Fee Schedule,"100 % Zero Pay Code. ",31.172526,45,,,,,0,percent of total billed charges,45 percent of billed charges; No services were performed during the 15 month look back period.,31.172526,45,,,,,0,percent of total billed charges,45 percent of billed charges; No services were performed during the 15 month look back period.,9.252,,,,,,,Fee Schedule,"100% ASP Fee Schedule. ",24.938021,36,,,,,0,percent of total billed charges,36 percent of billed charges; No services were performed during the 15 month look back period.,50.568764,73,,,,,0,percent of total billed charges,73 percent of billed charges; No services were performed during the 15 month look back period.,406.548364,,,,,,,Fee Schedule,"120 Percent of Medicaid APG. ",338.790303,,,,,,,Case Rate,"100 Percent of Medicaid APG. ",50.568764,73,,,,,0,percent of total billed charges,73 percent of billed charges; No services were performed during the 15 month look back period.,28.055273,40.5,,,,,0,percent of total billed charges,40.5 percent of billed charges; No services were performed during the 15 month look back period.,28.055273,40.5,,,,,0,percent of total billed charges,40.5 percent of billed charges; No services were performed during the 15 month look back period.,31.172526,45,,,,,0,percent of total billed charges,45 percent of billed charges; No services were performed during the 15 month look back period.,34.63614,50,,,,,0,percent of total billed charges,50 percent of billed charges; No services were performed during the 15 month look back period.,9.252,,,,,,,Fee Schedule,"100% ASP Fee Schedule. ",355.729818,,,,,,,Fee Schedule,105 percent of Medicaid APG. otherwise 105% of Ordered NYS MCD FS or 105% of ASP+6%,355.729818,,,,,,,Fee Schedule,105 percent of Medicaid APG. otherwise 105% of Ordered NYS MCD FS or 105% of ASP+6%,355.729818,,,,,,,Fee Schedule,105 percent of Medicaid APG. otherwise 105% of Ordered NYS MCD FS or 105% of ASP+6%,457.366909,,,,,,,Fee Schedule,135 percent of Medicaid APG. otherwise 135% of Ordered NYS MCD FS or 135% of ASP+6%,,,,,,,,Fee Schedule,"100 % Zero Pay Code. ",355.729818,,,,,,,Fee Schedule,105 percent of Medicaid APG. otherwise 105% of Ordered NYS MCD FS or 105% of ASP+6%,355.729818,,,,,,,Fee Schedule,105 percent of Medicaid APG. otherwise 105% of Ordered NYS MCD FS or 105% of ASP+6%,355.729818,,,,,,,Fee Schedule,105 percent of Medicaid APG. otherwise 105% of Ordered NYS MCD FS or 105% of ASP+6%,355.729818,,,,,,,Fee Schedule,105 percent of Medicaid APG. otherwise 105% of Ordered NYS MCD FS or 105% of ASP+6%,355.729818,,,,,,,Fee Schedule,105 percent of Medicaid APG. otherwise 105% of Ordered NYS MCD FS or 105% of ASP+6%,457.366909,,,,,,,Fee Schedule,135 percent of Medicaid APG. otherwise 135% of Ordered NYS MCD FS or 135% of ASP+6%,457.366909,,,,,,,Fee Schedule,135 percent of Medicaid APG. otherwise 135% of Ordered NYS MCD FS or 135% of ASP+6%,9.252,,,,,,,Fee Schedule,"100% ASP Fee Schedule. ",,,,,,,,Fee Schedule,"100 % Zero Pay Code. ",9.252,,,,,,,Fee Schedule,"100% ASP Fee Schedule. ",355.729818,,,,,,,Fee Schedule,105 percent of Medicaid APG. otherwise 105% of Ordered NYS MCD FS or 105% of ASP+6%,31.172526,45,,,,,0,percent of total billed charges,45 percent of billed charges; No services were performed during the 15 month look back period.,9.252,,,,,,,Fee Schedule,"100% ASP Fee Schedule. ",31.172526,45,,,,,0,percent of total billed charges,45 percent of billed charges; No services were performed during the 15 month look back period.,31.172526,45,,,,,0,percent of total billed charges,45 percent of billed charges; No services were performed during the 15 month look back period.,31.172526,45,,,,,0,percent of total billed charges,45 percent of billed charges; No services were performed during the 15 month look back period.,355.729818,,,,,,,Fee Schedule,105 percent of Medicaid APG. otherwise 105% of Ordered NYS MCD FS or 105% of ASP+6%,9.252,,,,,,,Fee Schedule,"100% ASP Fee Schedule. ",31.172526,45,,,,,0,percent of total billed charges,45 percent of billed charges; No services were performed during the 15 month look back period.,457.366909,,,,,,,Fee Schedule,135 percent of Medicaid APG. otherwise 135% of Ordered NYS MCD FS or 135% of ASP+6%,31.172526,45,,,,,0,percent of total billed charges,45 percent of billed charges; No services were performed during the 15 month look back period.,20.781684,30,,,,,0,percent of total billed charges,30% of Charges. ; No services were performed during the 15 month look back period.,9.252,,,,,,,Fee Schedule,"100% ASP Fee Schedule. ",50.568764,73,,,,,0,percent of total billed charges,73 percent of billed charges; No services were performed during the 15 month look back period.,50.568764,73,,,,,0,percent of total billed charges,73 percent of billed charges; No services were performed during the 15 month look back period.,50.568764,73,,,,,0,percent of total billed charges,73 percent of billed charges; No services were performed during the 15 month look back period.,50.568764,73,,,,,0,percent of total billed charges,73 percent of billed charges; No services were performed during the 15 month look back period.,50.568764,73,,,,,0,percent of total billed charges,73 percent of billed charges; No services were performed during the 15 month look back period.,50.568764,73,,,,,0,percent of total billed charges,73 percent of billed charges; No services were performed during the 15 month look back period.,50.568764,73,,,,,0,percent of total billed charges,73 percent of billed charges; No services were performed during the 15 month look back period.,50.568764,73,,,,,0,percent of total billed charges,73 percent of billed charges; No services were performed during the 15 month look back period.,50.568764,73,,,,,0,percent of total billed charges,73 percent of billed charges; No services were performed during the 15 month look back period.,50.568764,73,,,,,0,percent of total billed charges,73 percent of billed charges; No services were performed during the 15 month look back period.,50.568764,73,,,,,0,percent of total billed charges,73 percent of billed charges; No services were performed during the 15 month look back period.,50.568764,73,,,,,0,percent of total billed charges,73 percent of billed charges; No services were performed during the 15 month look back period.,9.252,,,,,,,Fee Schedule,"100% ASP Fee Schedule. ",50.568764,73,,,,,0,percent of total billed charges,73 percent of billed charges; No services were performed during the 15 month look back period.,9.252,,,,,,,Fee Schedule,"100% ASP Fee Schedule. ",762.278182,,,,,,,Case Rate,"225 Percent of Medicaid APG. If not included in Medicaid APG, then 100 Percent of Manhattan Medicare",338.790303,,,,,,,Case Rate,"100 Percent of Medicaid APG. ",,,,,,,,Fee Schedule,"100 % Zero Pay Code. ",,,,,,,,Fee Schedule,"100 % Zero Pay Code. ",9.252,,,,,,,Fee Schedule,"100% ASP Fee Schedule. ",55.417824,80,,,,,0,percent of total billed charges,80 percent of billed charges; No services were performed during the 15 month look back period.,9.252,,,,,,,Fee Schedule,"100% ASP Fee Schedule. ",9.252,,,,,,,Fee Schedule,"100% ASP Fee Schedule. ",41.563368,60,,,,,0,percent of total billed charges,60 percent of billed charges; No services were performed during the 15 month look back period.,9.252,,,,,,,Fee Schedule,"100% ASP Fee Schedule. ",20.781684,30,,,,,0,percent of total billed charges,30 percent of billed charges; No services were performed during the 15 month look back period.,9.252,,,,,,,Fee Schedule,"100% ASP Fee Schedule. ",20.781684,30,,,,,0,percent of total billed charges,30 percent of billed charges; No services were performed during the 15 month look back period.,41.563368,60,,,,,0,percent of total billed charges,60 percent of billed charges; No services were performed during the 15 month look back period.,20.781684,30,,,,,0,percent of total billed charges,30 percent of billed charges; No services were performed during the 15 month look back period.,9.252,,,,,,,Fee Schedule,"100% ASP Fee Schedule. ",338.790303,,,,,,,Case Rate,"100 Percent of Medicaid APG. ",9.252,,,,,,,Fee Schedule,"100% ASP Fee Schedule. ",20.781684,30,,,,,0,percent of total billed charges,30 percent of billed charges; No services were performed during the 15 month look back period.,,,,,,,,Fee Schedule,"100 % Zero Pay Code. ",338.790303,,,,,,,Case Rate,"100 Percent of Medicaid APG. ",31.172526,45,,,,,0,percent of total billed charges,45 percent of billed charges; No services were performed during the 15 month look back period.,406.548364,,,,,,,Fee Schedule,"120 Percent of Medicaid APG. ",406.548364,,,,,,,Fee Schedule,"120 Percent of Medicaid APG. ",31.172526,45,,,,,0,percent of total billed charges,45 percent of billed charges; No services were performed during the 15 month look back period.,31.172526,45,,,,,0,percent of total billed charges,45 percent of billed charges; No services were performed during the 15 month look back period.,31.172526,45,,,,,0,percent of total billed charges,45 percent of billed charges; No services were performed during the 15 month look back period.,,,,,,,,Fee Schedule,"100 % Zero Pay Code. ",31.172526,45,,,,,0,percent of total billed charges,45 percent of billed charges; No services were performed during the 15 month look back period.,31.172526,45,,,,,0,percent of total billed charges,45 percent of billed charges; No services were performed during the 15 month look back period.,31.172526,45,,,,,0,percent of total billed charges,45 percent of billed charges; No services were performed during the 15 month look back period.,50.568764,73,,,,,0,percent of total billed charges,73 percent of billed charges; No services were performed during the 15 month look back period.,50.568764,73,,,,,0,percent of total billed charges,73 percent of billed charges; No services were performed during the 15 month look back period.,13.04532,,,,,,,Fee Schedule,141 Percent of of ASP. Drugs billed with revenue code 636 and not priced by Medicare ASP fee schedule will be reimburse at 20 percent of charges,338.790303,,,,,,,Case Rate,"100 Percent of Medicaid APG. ",,,,,,,,Fee Schedule,"100 % Zero Pay Code. ",20.781684,30,,,,,0,percent of total billed charges,30 percent of billed charges; No services were performed during the 15 month look back period.,41.563368,60,,,,,0,percent of total billed charges,60 percent of billed charges; No services were performed during the 15 month look back period.,,,,,,,,Fee Schedule,"100 % Zero Pay Code. ",41.563368,60,,,,,0,percent of total billed charges,60 percent of billed charges; No services were performed during the 15 month look back period.,,,,,,,,Fee Schedule,"100 % Zero Pay Code. ",31.172526,45,,,,,0,percent of total billed charges,45 percent of billed charges; No services were performed during the 15 month look back period.,31.172526,45,,,,,0,percent of total billed charges,45 percent of billed charges; No services were performed during the 15 month look back period.,31.172526,45,,,,,0,percent of total billed charges,45 percent of billed charges; No services were performed during the 15 month look back period.,31.172526,45,,,,,0,percent of total billed charges,45 percent of billed charges; No services were performed during the 15 month look back period.,9.252,,,,,,,Fee Schedule,"100% ASP Fee Schedule. ",9.09,762.278182,
J7510,HCPCS,5010003,LOCAL,636,RC,PREDNISOLONE ORAL PER 5 MG,8.63978,1.641558,Inpatient,ME,5,,,,,,,,,,,,,,,,,,,,2.591934,30,,,,,0,percent of total billed charges,30 Percent of charges; No services were performed during the 15 month look back period.,8.63978,100,,,,,0,percent of total billed charges,100 percent of charges; No services were performed during the 15 month look back period.,,,,,,,,,,2.591934,30,,,,,0,percent of total billed charges,30 Percent of charges; No services were performed during the 15 month look back period.,2.591934,30,,,,,0,percent of total billed charges,30 Percent of charges; No services were performed during the 15 month look back period.,2.591934,30,,,,,0,percent of total billed charges,30 Percent of charges; No services were performed during the 15 month look back period.,0.863978,10,,,,,0,percent of total billed charges,10 percent of charges; No services were performed during the 15 month look back period.,,,,,,,,,,6.307039,73,,,,,0,percent of total billed charges,73 percent of charges; No services were performed during the 15 month look back period.,0.863978,10,,,,,0,percent of total billed charges,10 percent of charges; No services were performed during the 15 month look back period.,,,,,,,,,,,,,,,,,,,2.764729,32,,,,,0,percent of total billed charges,32 pecent of charges; No services were performed during the 15 month look back period.,2.764729,32,,,,,0,percent of total billed charges,32 pecent of charges; No services were performed during the 15 month look back period.,2.764729,32,,,,,0,percent of total billed charges,32 pecent of charges; No services were performed during the 15 month look back period.,2.764729,32,,,,,0,percent of total billed charges,32 pecent of charges; No services were performed during the 15 month look back period.,,,,,,,,,,,,,,,,,,,,,,,,,,,,6.307039,73,,,,,0,percent of total billed charges,73 percent of charges; No services were performed during the 15 month look back period.,2.591934,30,,,,,0,percent of total billed charges,30 Percent of charges; No services were performed during the 15 month look back period.,3.455912,40,,,,,0,percent of total billed charges,40 percent of charges; No services were performed during the 15 month look back period.,2.505536,29,,,,,0,percent of total billed charges,29 percent of charges; No services were performed during the 15 month look back period.,3.455912,40,,,,,0,percent of total billed charges,40 percent of charges; No services were performed during the 15 month look back period.,3.455912,40,,,,,0,percent of total billed charges,40 percent of charges; No services were performed during the 15 month look back period.,6.307039,73,,,,,0,percent of total billed charges,73 percent of charges; No services were performed during the 15 month look back period.,,,,,,,,,,,,,,,,,,,,,,,,,,,,,,,,,,,,,2.505536,29,,,,,0,percent of total billed charges,29 percent of charges; No services were performed during the 15 month look back period.,2.505536,29,,,,,0,percent of total billed charges,29 percent of charges; No services were performed during the 15 month look back period.,2.505536,29,,,,,0,percent of total billed charges,29 percent of charges; No services were performed during the 15 month look back period.,2.505536,29,,,,,0,percent of total billed charges,29 percent of charges; No services were performed during the 15 month look back period.,2.505536,29,,,,,0,percent of total billed charges,29 percent of charges; No services were performed during the 15 month look back period.,2.505536,29,,,,,0,percent of total billed charges,29 percent of charges; No services were performed during the 15 month look back period.,2.505536,29,,,,,0,percent of total billed charges,29 percent of charges; No services were performed during the 15 month look back period.,6.307039,73,,,,,0,percent of total billed charges,73 percent of charges; No services were performed during the 15 month look back period.,1.123171,13,,,,,0,percent of total billed charges,13 percent of charges; No services were performed during the 15 month look back period.,1.123171,13,,,,,0,percent of total billed charges,13 percent of charges; No services were performed during the 15 month look back period.,6.307039,73,,,,,0,percent of total billed charges,73 percent of charges; No services were performed during the 15 month look back period.,2.764729,32,,,,,0,percent of total billed charges,32 pecent of charges; No services were performed during the 15 month look back period.,0.863978,10,,,,,0,percent of total billed charges,10 percent of charges; No services were performed during the 15 month look back period.,0.863978,10,,,,,0,percent of total billed charges,10 percent of charges; No services were performed during the 15 month look back period.,6.307039,73,,,,,0,percent of total billed charges,73 percent of charges; No services were performed during the 15 month look back period.,,,,,,,,,,0.863978,10,,,,,0,percent of total billed charges,10 percent of charges; No services were performed during the 15 month look back period.,0.863978,10,,,,,0,percent of total billed charges,10 percent of charges; No services were performed during the 15 month look back period.,0.863978,10,,,,,0,percent of total billed charges,10 percent of charges; No services were performed during the 15 month look back period.,,,,,,,,,,0.863978,10,,,,,0,percent of total billed charges,10 percent of charges; No services were performed during the 15 month look back period.,0.863978,10,,,,,0,percent of total billed charges,10 percent of charges; No services were performed during the 15 month look back period.,,,,,,,,,,2.073547,24,,,,,0,percent of total billed charges,24 percent of charges; No services were performed during the 15 month look back period.,,,,,,,,,,,,,,,,,,,,,,,,,,,,,,,,,,,,,,,,,,,,,,,,,,,,,,,,,,,,,,,,,,,,,,,,,,,,,,,,,,6.307039,73,,,,,0,percent of total billed charges,73 percent of charges; No services were performed during the 15 month look back period.,6.307039,73,,,,,0,percent of total billed charges,73 percent of charges; No services were performed during the 15 month look back period.,6.307039,73,,,,,0,percent of total billed charges,73 percent of charges; No services were performed during the 15 month look back period.,6.307039,73,,,,,0,percent of total billed charges,73 percent of charges; No services were performed during the 15 month look back period.,6.307039,73,,,,,0,percent of total billed charges,73 percent of charges; No services were performed during the 15 month look back period.,6.307039,73,,,,,0,percent of total billed charges,73 percent of charges; No services were performed during the 15 month look back period.,6.307039,73,,,,,0,percent of total billed charges,73 percent of charges; No services were performed during the 15 month look back period.,6.307039,73,,,,,0,percent of total billed charges,73 percent of charges; No services were performed during the 15 month look back period.,6.307039,73,,,,,0,percent of total billed charges,73 percent of charges; No services were performed during the 15 month look back period.,6.307039,73,,,,,0,percent of total billed charges,73 percent of charges; No services were performed during the 15 month look back period.,6.307039,73,,,,,0,percent of total billed charges,73 percent of charges; No services were performed during the 15 month look back period.,6.307039,73,,,,,0,percent of total billed charges,73 percent of charges; No services were performed during the 15 month look back period.,6.307039,73,,,,,0,percent of total billed charges,73 percent of charges; No services were performed during the 15 month look back period.,6.307039,73,,,,,0,percent of total billed charges,73 percent of charges; No services were performed during the 15 month look back period.,6.307039,73,,,,,0,percent of total billed charges,73 percent of charges; No services were performed during the 15 month look back period.,6.307039,73,,,,,0,percent of total billed charges,73 percent of charges; No services were performed during the 15 month look back period.,6.307039,73,,,,,0,percent of total billed charges,73 percent of charges; No services were performed during the 15 month look back period.,6.307039,73,,,,,0,percent of total billed charges,73 percent of charges; No services were performed during the 15 month look back period.,6.307039,73,,,,,0,percent of total billed charges,73 percent of charges; No services were performed during the 15 month look back period.,6.307039,73,,,,,0,percent of total billed charges,73 percent of charges; No services were performed during the 15 month look back period.,6.307039,73,,,,,0,percent of total billed charges,73 percent of charges; No services were performed during the 15 month look back period.,6.307039,73,,,,,0,percent of total billed charges,73 percent of charges; No services were performed during the 15 month look back period.,6.307039,73,,,,,0,percent of total billed charges,73 percent of charges; No services were performed during the 15 month look back period.,6.307039,73,,,,,0,percent of total billed charges,73 percent of charges; No services were performed during the 15 month look back period.,6.307039,73,,,,,0,percent of total billed charges,73 percent of charges; No services were performed during the 15 month look back period.,6.307039,73,,,,,0,percent of total billed charges,73 percent of charges; No services were performed during the 15 month look back period.,2.505536,29,,,,,0,percent of total billed charges,29 percent of charges; No services were performed during the 15 month look back period.,2.505536,29,,,,,0,percent of total billed charges,29 percent of charges; No services were performed during the 15 month look back period.,2.505536,29,,,,,0,percent of total billed charges,29 percent of charges; No services were performed during the 15 month look back period.,2.505536,29,,,,,0,percent of total billed charges,29 percent of charges; No services were performed during the 15 month look back period.,3.455912,40,,,,,0,percent of total billed charges,40 percent of charges; No services were performed during the 15 month look back period.,3.455912,40,,,,,0,percent of total billed charges,40 percent of charges; No services were performed during the 15 month look back period.,2.764729,32,,,,,0,percent of total billed charges,32 pecent of charges; No services were performed during the 15 month look back period.,,,,,,,,,,0.863978,10,,,,,0,percent of total billed charges,10 percent of charges; No services were performed during the 15 month look back period.,,,,,,,,,,6.307039,73,,,,,0,percent of total billed charges,73 percent of charges; No services were performed during the 15 month look back period.,3.455912,40,,,,,0,percent of total billed charges,40 percent of charges; No services were performed during the 15 month look back period.,,,,,,,,,,0.863978,10,,,,,0,percent of total billed charges,10 percent of charges; No services were performed during the 15 month look back period.,2.764729,32,,,,,0,percent of total billed charges,32 pecent of charges; No services were performed during the 15 month look back period.,,,,,,,,,,6.307039,73,,,,,0,percent of total billed charges,73 percent of charges; No services were performed during the 15 month look back period.,,,,,,,,,,2.505536,29,,,,,0,percent of total billed charges,29 percent of charges; No services were performed during the 15 month look back period.,2.505536,29,,,,,0,percent of total billed charges,29 percent of charges; No services were performed during the 15 month look back period.,2.505536,29,,,,,0,percent of total billed charges,29 percent of charges; No services were performed during the 15 month look back period.,,,,,,,,,,2.073547,24,,,,,0,percent of total billed charges,24 percent of charges; No services were performed during the 15 month look back period.,,,,,,,,,,,,,,,,,,,,,,,,,,,,,,,,,,,,,,,,,,,,,,2.591934,30,,,,,0,percent of total billed charges,30 Percent of charges; No services were performed during the 15 month look back period.,2.591934,30,,,,,0,percent of total billed charges,30 Percent of charges; No services were performed during the 15 month look back period.,,,,,,,,,,2.764729,32,,,,,0,percent of total billed charges,32 pecent of charges; No services were performed during the 15 month look back period.,0.863978,10,,,,,0,percent of total billed charges,10 percent of charges; No services were performed during the 15 month look back period.,0.863978,10,,,,,0,percent of total billed charges,10 percent of charges; No services were performed during the 15 month look back period.,,,,,,,,,,2.764729,32,,,,,0,percent of total billed charges,32 pecent of charges; No services were performed during the 15 month look back period.,2.591934,30,,,,,0,percent of total billed charges,30 Percent of charges; No services were performed during the 15 month look back period.,2.591934,30,,,,,0,percent of total billed charges,30 Percent of charges; No services were performed during the 15 month look back period.,2.591934,30,,,,,0,percent of total billed charges,30 Percent of charges; No services were performed during the 15 month look back period.,6.307039,73,,,,,0,percent of total billed charges,73 percent of charges; No services were performed during the 15 month look back period.,6.307039,73,,,,,0,percent of total billed charges,73 percent of charges; No services were performed during the 15 month look back period.,6.307039,73,,,,,0,percent of total billed charges,73 percent of charges; No services were performed during the 15 month look back period.,6.307039,73,,,,,0,percent of total billed charges,73 percent of charges; No services were performed during the 15 month look back period.,6.307039,73,,,,,0,percent of total billed charges,73 percent of charges; No services were performed during the 15 month look back period.,6.307039,73,,,,,0,percent of total billed charges,73 percent of charges; No services were performed during the 15 month look back period.,6.307039,73,,,,,0,percent of total billed charges,73 percent of charges; No services were performed during the 15 month look back period.,6.307039,73,,,,,0,percent of total billed charges,73 percent of charges; No services were performed during the 15 month look back period.,6.307039,73,,,,,0,percent of total billed charges,73 percent of charges; No services were performed during the 15 month look back period.,6.307039,73,,,,,0,percent of total billed charges,73 percent of charges; No services were performed during the 15 month look back period.,6.307039,73,,,,,0,percent of total billed charges,73 percent of charges; No services were performed during the 15 month look back period.,3.455912,40,,,,,0,percent of total billed charges,40 percent of charges; No services were performed during the 15 month look back period.,,,,,,,,,,2.764729,32,,,,,0,percent of total billed charges,32 pecent of charges; No services were performed during the 15 month look back period.,,,,,,,,,,2.591934,30,,,,,0,percent of total billed charges,30 Percent of charges; No services were performed during the 15 month look back period.,2.764729,32,,,,,0,percent of total billed charges,32 pecent of charges; No services were performed during the 15 month look back period.,2.764729,32,,,,,0,percent of total billed charges,32 pecent of charges; No services were performed during the 15 month look back period.,6.307039,73,,,,,0,percent of total billed charges,73 percent of charges; No services were performed during the 15 month look back period.,1.727956,20,,,,,0,percent of total billed charges,20 percent of charges; No services were performed during the 15 month look back period.,2.764729,32,,,,,0,percent of total billed charges,32 pecent of charges; No services were performed during the 15 month look back period.,,,,,,,,,,,,,,,,,,,,,,,,,,,,,,,,,,,,,,,,,,,,,,,,,,,,,,,,,,,,,,,,2.764729,32,,,,,0,percent of total billed charges,32 pecent of charges; No services were performed during the 15 month look back period.,2.073547,24,,,,,0,percent of total billed charges,24 percent of charges; No services were performed during the 15 month look back period.,,,,,,,,,,,,,,,,,,,,,,,,,,,,,,,,,,,,,,,,,,,,,,,,,,,,,,,2.073547,24,,,,,0,percent of total billed charges,24 percent of charges; No services were performed during the 15 month look back period.,2.678332,31,,,,,0,percent of total billed charges,31 percent of charges; No services were performed during the 15 month look back period.,2.678332,31,,,,,0,percent of total billed charges,31 percent of charges; No services were performed during the 15 month look back period.,2.678332,31,,,,,0,percent of total billed charges,31 percent of charges; No services were performed during the 15 month look back period.,2.678332,31,,,,,0,percent of total billed charges,31 percent of charges; No services were performed during the 15 month look back period.,2.678332,31,,,,,0,percent of total billed charges,31 percent of charges; No services were performed during the 15 month look back period.,,,,,,,,,,3.455912,40,,,,,0,percent of total billed charges,40 percent of charges; No services were performed during the 15 month look back period.,3.455912,40,,,,,0,percent of total billed charges,40 percent of charges; No services were performed during the 15 month look back period.,3.455912,40,,,,,0,percent of total billed charges,40 percent of charges; No services were performed during the 15 month look back period.,3.455912,40,,,,,0,percent of total billed charges,40 percent of charges; No services were performed during the 15 month look back period.,2.591934,30,,,,,0,percent of total billed charges,30 Percent of charges; No services were performed during the 15 month look back period.,2.591934,30,,,,,0,percent of total billed charges,30 Percent of charges; No services were performed during the 15 month look back period.,2.591934,30,,,,,0,percent of total billed charges,30 Percent of charges; No services were performed during the 15 month look back period.,2.591934,30,,,,,0,percent of total billed charges,30 Percent of charges; No services were performed during the 15 month look back period.,2.073547,24,,,,,0,percent of total billed charges,24 percent of charges; No services were performed during the 15 month look back period.,2.073547,24,,,,,0,percent of total billed charges,24 percent of charges; No services were performed during the 15 month look back period.,,,,,,,,,,,,,,,,,,,,,,,,,,,,,,,,,,,,,,,,,,,,,,,,,,,,,,,2.073547,24,,,,,0,percent of total billed charges,24 percent of charges; No services were performed during the 15 month look back period.,2.591934,30,,,,,0,percent of total billed charges,30 Percent of charges; No services were performed during the 15 month look back period.,,,,,,,,,,,,,,,,,,,,,,,,,,,,,,,,,,,,,,,,,,,,,,,,,,,,,,,,,,,,,,,,,,,,,,,,,,,,,,,,,,,,,,,,,,,,,,,,,,,,,,,,,,,,,,,,,,,,,,,,,,,,,,,,,,,,,,,,,,,,,,,,,,,,,,,,,,,,,,,,,,,,,,,,,,,,,,,,,,,,,,,,,,,,,,,,,,,,,,,2.591934,30,,,,,0,percent of total billed charges,30 Percent of charges; No services were performed during the 15 month look back period.,,,,,,,,,,,,,,,,,,,,,,,,,,,,,,,,,,,,,,,,,,,,,,,,,,,,,,,,,,,,,,,,0.863978,10,,,,,0,percent of total billed charges,10 percent of charges; No services were performed during the 15 month look back period.,0.863978,10,,,,,0,percent of total billed charges,10 percent of charges; No services were performed during the 15 month look back period.,0.863978,10,,,,,0,percent of total billed charges,10 percent of charges; No services were performed during the 15 month look back period.,0.863978,10,,,,,0,percent of total billed charges,10 percent of charges; No services were performed during the 15 month look back period.,,,,,,,,,,2.073547,24,,,,,0,percent of total billed charges,24 percent of charges; No services were performed during the 15 month look back period.,2.505536,29,,,,,0,percent of total billed charges,29 percent of charges; No services were performed during the 15 month look back period.,2.505536,29,,,,,0,percent of total billed charges,29 percent of charges; No services were performed during the 15 month look back period.,2.505536,29,,,,,0,percent of total billed charges,29 percent of charges; No services were performed during the 15 month look back period.,2.505536,29,,,,,0,percent of total billed charges,29 percent of charges; No services were performed during the 15 month look back period.,,,,,,,,,,,,,,,,,,,,,,,,,,,,,,,,,,,,,,,,,,,,,,,,,,,,,,,,,,,,,,,,,,,,,,,,,,,,,,,,,,,,,,,,,,,2.591934,30,,,,,0,percent of total billed charges,30 Percent of charges; No services were performed during the 15 month look back period.,,,,,,,,,,,,,,,,,,,,,,,,,,,,,,,,,,,,,,,,,,,,,,,,,,,,,,,,,,,,,,,,,,,,,,,,,,,,,,,,,,,,,,,,,,,,,,,,,,,,,,,,,,,,,,,,,,,,,,,,,,,,,,,2.764729,32,,,,,0,percent of total billed charges,32 pecent of charges; No services were performed during the 15 month look back period.,,,,,,,,,,,,,,,,,,,,,,,,,,,,,,,,,,,,,,,,,,,,,,2.505536,29,,,,,0,percent of total billed charges,29 percent of charges; No services were performed during the 15 month look back period.,2.505536,29,,,,,0,percent of total billed charges,29 percent of charges; No services were performed during the 15 month look back period.,2.505536,29,,,,,0,percent of total billed charges,29 percent of charges; No services were performed during the 15 month look back period.,2.505536,29,,,,,0,percent of total billed charges,29 percent of charges; No services were performed during the 15 month look back period.,,,,,,,,,,2.505536,29,,,,,0,percent of total billed charges,29 percent of charges; No services were performed during the 15 month look back period.,2.591934,30,,,,,0,percent of total billed charges,30 Percent of charges; No services were performed during the 15 month look back period.,2.505536,29,,,,,0,percent of total billed charges,29 percent of charges; No services were performed during the 15 month look back period.,2.764729,32,,,,,0,percent of total billed charges,32 pecent of charges; No services were performed during the 15 month look back period.,2.505536,29,,,,,0,percent of total billed charges,29 percent of charges; No services were performed during the 15 month look back period.,,,,,,,,,,,,,,,,,,,,,,,,,,,,2.505536,29,,,,,0,percent of total billed charges,29 percent of charges; No services were performed during the 15 month look back period.,,,,,,,,,,,,,,,,,,,,,,,,,,,,,,,,,,,,,,,,,,,,,,2.505536,29,,,,,0,percent of total billed charges,29 percent of charges; No services were performed during the 15 month look back period.,2.505536,29,,,,,0,percent of total billed charges,29 percent of charges; No services were performed during the 15 month look back period.,2.505536,29,,,,,0,percent of total billed charges,29 percent of charges; No services were performed during the 15 month look back period.,2.505536,29,,,,,0,percent of total billed charges,29 percent of charges; No services were performed during the 15 month look back period.,,,,,,,,,,,,,,,,,,,,,,,,,,,,,,,,,,,,,,,,,,,,,,,,,,,,,,,,,,,,,,,,,,,,,,,,,,,,,,,,,,,,,,,,,,,2.505536,29,,,,,0,percent of total billed charges,29 percent of charges; No services were performed during the 15 month look back period.,2.764729,32,,,,,0,percent of total billed charges,32 pecent of charges; No services were performed during the 15 month look back period.,6.307039,73,,,,,0,percent of total billed charges,73 percent of charges; No services were performed during the 15 month look back period.,0.863978,10,,,,,0,percent of total billed charges,10 percent of charges; No services were performed during the 15 month look back period.,0.863978,10,,,,,0,percent of total billed charges,10 percent of charges; No services were performed during the 15 month look back period.,2.591934,30,,,,,0,percent of total billed charges,30 Percent of charges; No services were performed during the 15 month look back period.,,,,,,,,,,3.455912,40,,,,,0,percent of total billed charges,40 percent of charges; No services were performed during the 15 month look back period.,3.455912,40,,,,,0,percent of total billed charges,40 percent of charges; No services were performed during the 15 month look back period.,,,,,,,,,,,,,,,,,,,,,,,,,,,,,,,,,,,,,,,,,,,,,,,,,,,,,,,0.863978,10,,,,,0,percent of total billed charges,10 percent of charges; No services were performed during the 15 month look back period.,,,,,,,,,,,,,,,,,,,,,,,,,,,,,,,,,,,,,2.505536,29,,,,,0,percent of total billed charges,29 percent of charges; No services were performed during the 15 month look back period.,,,,,,,,,,,,,,,,,,,2.505536,29,,,,,0,percent of total billed charges,29 percent of charges; No services were performed during the 15 month look back period.,,,,,,,,,,,,,,,,,,,,,,,,,,,,2.073547,24,,,,,0,percent of total billed charges,24 percent of charges; No services were performed during the 15 month look back period.,2.505536,29,,,,,0,percent of total billed charges,29 percent of charges; No services were performed during the 15 month look back period.,,,,,,,,,,,,,,,,,,,,,,,,,,,,,,,,,,,,,0.863978,10,,,,,0,percent of total billed charges,10 percent of charges; No services were performed during the 15 month look back period.,,,,,,,,,,,,,,,,,,,,,,,,,,,,,,,,,,,,,,,,,,,,,,,,,,,,,,,,,,,,,,,,,,,,,,,,,0.863978,10,,,,,0,percent of total billed charges,10 percent of charges; No services were performed during the 15 month look back period.,,,,,,,,,,,,,,,,,,,,,,,,,,,,,,,,,,,,,,,,,,,,,,,,,,,,,,,,,,,,,,,,,,,,,,,,,,,,,,,,,,,,,,,,,,,,,,,,,,,,,,,,,,,,,,,,,,,,,,2.505536,29,,,,,0,percent of total billed charges,29 percent of charges; No services were performed during the 15 month look back period.,2.505536,29,,,,,0,percent of total billed charges,29 percent of charges; No services were performed during the 15 month look back period.,2.505536,29,,,,,0,percent of total billed charges,29 percent of charges; No services were performed during the 15 month look back period.,2.505536,29,,,,,0,percent of total billed charges,29 percent of charges; No services were performed during the 15 month look back period.,2.505536,29,,,,,0,percent of total billed charges,29 percent of charges; No services were performed during the 15 month look back period.,2.505536,29,,,,,0,percent of total billed charges,29 percent of charges; No services were performed during the 15 month look back period.,2.505536,29,,,,,0,percent of total billed charges,29 percent of charges; No services were performed during the 15 month look back period.,2.505536,29,,,,,0,percent of total billed charges,29 percent of charges; No services were performed during the 15 month look back period.,2.505536,29,,,,,0,percent of total billed charges,29 percent of charges; No services were performed during the 15 month look back period.,2.505536,29,,,,,0,percent of total billed charges,29 percent of charges; No services were performed during the 15 month look back period.,2.505536,29,,,,,0,percent of total billed charges,29 percent of charges; No services were performed during the 15 month look back period.,2.505536,29,,,,,0,percent of total billed charges,29 percent of charges; No services were performed during the 15 month look back period.,2.505536,29,,,,,0,percent of total billed charges,29 percent of charges; No services were performed during the 15 month look back period.,,,,,,,,,,2.505536,29,,,,,0,percent of total billed charges,29 percent of charges; No services were performed during the 15 month look back period.,,,,,,,,,,1.641558,19,,,,,0,percent of total billed charges,19 percent of charges; No services were performed during the 15 month look back period.,1.123171,13,,,,,0,percent of total billed charges,13 percent of charges; No services were performed during the 15 month look back period.,0.863978,10,,,,,0,percent of total billed charges,10 percent of charges; No services were performed during the 15 month look back period.,0.863978,10,,,,,0,percent of total billed charges,10 percent of charges; No services were performed during the 15 month look back period.,,,,,,,,,,3.455912,40,,,,,0,percent of total billed charges,40 percent of charges; No services were performed during the 15 month look back period.,,,,,,,,,,,,,,,,,,,2.591934,30,,,,,0,percent of total billed charges,30 Percent of charges; No services were performed during the 15 month look back period.,,,,,,,,,,2.764729,32,,,,,0,percent of total billed charges,32 pecent of charges; No services were performed during the 15 month look back period.,,,,,,,,,,2.764729,32,,,,,0,percent of total billed charges,32 pecent of charges; No services were performed during the 15 month look back period.,2.591934,30,,,,,0,percent of total billed charges,30 Percent of charges; No services were performed during the 15 month look back period.,2.764729,32,,,,,0,percent of total billed charges,32 pecent of charges; No services were performed during the 15 month look back period.,,,,,,,,,,,,,,,,,,,,,,,,,,,,2.764729,32,,,,,0,percent of total billed charges,32 pecent of charges; No services were performed during the 15 month look back period.,0.863978,10,,,,,0,percent of total billed charges,10 percent of charges; No services were performed during the 15 month look back period.,,,,,,,,,,,,,,,,,,,,,,,,,,,,,,,,,,,,,,,,,,,,,,,,,,,,,,,,,,,,,,,,0.863978,10,,,,,0,percent of total billed charges,10 percent of charges; No services were performed during the 15 month look back period.,,,,,,,,,,,,,,,,,,,,,,,,,,,,2.505536,29,,,,,0,percent of total billed charges,29 percent of charges; No services were performed during the 15 month look back period.,2.505536,29,,,,,0,percent of total billed charges,29 percent of charges; No services were performed during the 15 month look back period.,2.678332,31,,,,,0,percent of total billed charges,31 percent of charges; No services were performed during the 15 month look back period.,,,,,,,,,,0.863978,10,,,,,0,percent of total billed charges,10 percent of charges; No services were performed during the 15 month look back period.,2.764729,32,,,,,0,percent of total billed charges,32 pecent of charges; No services were performed during the 15 month look back period.,2.591934,30,,,,,0,percent of total billed charges,30 Percent of charges; No services were performed during the 15 month look back period.,0.863978,10,,,,,0,percent of total billed charges,10 percent of charges; No services were performed during the 15 month look back period.,2.591934,30,,,,,0,percent of total billed charges,30 Percent of charges; No services were performed during the 15 month look back period.,0.863978,10,,,,,0,percent of total billed charges,10 percent of charges; No services were performed during the 15 month look back period.,,,,,,,,,,,,,,,,,,,,,,,,,,,,,,,,,,,,,,,,,,,,,,0.043199,8.63978,
J7519,HCPCS,5010003,LOCAL,636,RC,INJ. MYCOPHENOLATE MOFETIL,6.22944,1.183594,Inpatient,ME,10,,,,,,,,,,,,,,,,,,,,1.868832,30,,,,,0,percent of total billed charges,30 Percent of charges; No services were performed during the 15 month look back period.,6.22944,100,,,,,0,percent of total billed charges,100 percent of charges; No services were performed during the 15 month look back period.,,,,,,,,,,1.868832,30,,,,,0,percent of total billed charges,30 Percent of charges; No services were performed during the 15 month look back period.,1.868832,30,,,,,0,percent of total billed charges,30 Percent of charges; No services were performed during the 15 month look back period.,1.868832,30,,,,,0,percent of total billed charges,30 Percent of charges; No services were performed during the 15 month look back period.,0.622944,10,,,,,0,percent of total billed charges,10 percent of charges; No services were performed during the 15 month look back period.,,,,,,,,,,4.547491,73,,,,,0,percent of total billed charges,73 percent of charges; No services were performed during the 15 month look back period.,0.622944,10,,,,,0,percent of total billed charges,10 percent of charges; No services were performed during the 15 month look back period.,,,,,,,,,,,,,,,,,,,1.993421,32,,,,,0,percent of total billed charges,32 pecent of charges; No services were performed during the 15 month look back period.,1.993421,32,,,,,0,percent of total billed charges,32 pecent of charges; No services were performed during the 15 month look back period.,1.993421,32,,,,,0,percent of total billed charges,32 pecent of charges; No services were performed during the 15 month look back period.,1.993421,32,,,,,0,percent of total billed charges,32 pecent of charges; No services were performed during the 15 month look back period.,,,,,,,,,,,,,,,,,,,,,,,,,,,,4.547491,73,,,,,0,percent of total billed charges,73 percent of charges; No services were performed during the 15 month look back period.,1.868832,30,,,,,0,percent of total billed charges,30 Percent of charges; No services were performed during the 15 month look back period.,2.491776,40,,,,,0,percent of total billed charges,40 percent of charges; No services were performed during the 15 month look back period.,1.806538,29,,,,,0,percent of total billed charges,29 percent of charges; No services were performed during the 15 month look back period.,2.491776,40,,,,,0,percent of total billed charges,40 percent of charges; No services were performed during the 15 month look back period.,2.491776,40,,,,,0,percent of total billed charges,40 percent of charges; No services were performed during the 15 month look back period.,4.547491,73,,,,,0,percent of total billed charges,73 percent of charges; No services were performed during the 15 month look back period.,,,,,,,,,,,,,,,,,,,,,,,,,,,,,,,,,,,,,1.806538,29,,,,,0,percent of total billed charges,29 percent of charges; No services were performed during the 15 month look back period.,1.806538,29,,,,,0,percent of total billed charges,29 percent of charges; No services were performed during the 15 month look back period.,1.806538,29,,,,,0,percent of total billed charges,29 percent of charges; No services were performed during the 15 month look back period.,1.806538,29,,,,,0,percent of total billed charges,29 percent of charges; No services were performed during the 15 month look back period.,1.806538,29,,,,,0,percent of total billed charges,29 percent of charges; No services were performed during the 15 month look back period.,1.806538,29,,,,,0,percent of total billed charges,29 percent of charges; No services were performed during the 15 month look back period.,1.806538,29,,,,,0,percent of total billed charges,29 percent of charges; No services were performed during the 15 month look back period.,4.547491,73,,,,,0,percent of total billed charges,73 percent of charges; No services were performed during the 15 month look back period.,0.809827,13,,,,,0,percent of total billed charges,13 percent of charges; No services were performed during the 15 month look back period.,0.809827,13,,,,,0,percent of total billed charges,13 percent of charges; No services were performed during the 15 month look back period.,4.547491,73,,,,,0,percent of total billed charges,73 percent of charges; No services were performed during the 15 month look back period.,1.993421,32,,,,,0,percent of total billed charges,32 pecent of charges; No services were performed during the 15 month look back period.,0.622944,10,,,,,0,percent of total billed charges,10 percent of charges; No services were performed during the 15 month look back period.,0.622944,10,,,,,0,percent of total billed charges,10 percent of charges; No services were performed during the 15 month look back period.,4.547491,73,,,,,0,percent of total billed charges,73 percent of charges; No services were performed during the 15 month look back period.,,,,,,,,,,0.622944,10,,,,,0,percent of total billed charges,10 percent of charges; No services were performed during the 15 month look back period.,0.622944,10,,,,,0,percent of total billed charges,10 percent of charges; No services were performed during the 15 month look back period.,0.622944,10,,,,,0,percent of total billed charges,10 percent of charges; No services were performed during the 15 month look back period.,,,,,,,,,,0.622944,10,,,,,0,percent of total billed charges,10 percent of charges; No services were performed during the 15 month look back period.,0.622944,10,,,,,0,percent of total billed charges,10 percent of charges; No services were performed during the 15 month look back period.,,,,,,,,,,1.495066,24,,,,,0,percent of total billed charges,24 percent of charges; No services were performed during the 15 month look back period.,,,,,,,,,,,,,,,,,,,,,,,,,,,,,,,,,,,,,,,,,,,,,,,,,,,,,,,,,,,,,,,,,,,,,,,,,,,,,,,,,,4.547491,73,,,,,0,percent of total billed charges,73 percent of charges; No services were performed during the 15 month look back period.,4.547491,73,,,,,0,percent of total billed charges,73 percent of charges; No services were performed during the 15 month look back period.,4.547491,73,,,,,0,percent of total billed charges,73 percent of charges; No services were performed during the 15 month look back period.,4.547491,73,,,,,0,percent of total billed charges,73 percent of charges; No services were performed during the 15 month look back period.,4.547491,73,,,,,0,percent of total billed charges,73 percent of charges; No services were performed during the 15 month look back period.,4.547491,73,,,,,0,percent of total billed charges,73 percent of charges; No services were performed during the 15 month look back period.,4.547491,73,,,,,0,percent of total billed charges,73 percent of charges; No services were performed during the 15 month look back period.,4.547491,73,,,,,0,percent of total billed charges,73 percent of charges; No services were performed during the 15 month look back period.,4.547491,73,,,,,0,percent of total billed charges,73 percent of charges; No services were performed during the 15 month look back period.,4.547491,73,,,,,0,percent of total billed charges,73 percent of charges; No services were performed during the 15 month look back period.,4.547491,73,,,,,0,percent of total billed charges,73 percent of charges; No services were performed during the 15 month look back period.,4.547491,73,,,,,0,percent of total billed charges,73 percent of charges; No services were performed during the 15 month look back period.,4.547491,73,,,,,0,percent of total billed charges,73 percent of charges; No services were performed during the 15 month look back period.,4.547491,73,,,,,0,percent of total billed charges,73 percent of charges; No services were performed during the 15 month look back period.,4.547491,73,,,,,0,percent of total billed charges,73 percent of charges; No services were performed during the 15 month look back period.,4.547491,73,,,,,0,percent of total billed charges,73 percent of charges; No services were performed during the 15 month look back period.,4.547491,73,,,,,0,percent of total billed charges,73 percent of charges; No services were performed during the 15 month look back period.,4.547491,73,,,,,0,percent of total billed charges,73 percent of charges; No services were performed during the 15 month look back period.,4.547491,73,,,,,0,percent of total billed charges,73 percent of charges; No services were performed during the 15 month look back period.,4.547491,73,,,,,0,percent of total billed charges,73 percent of charges; No services were performed during the 15 month look back period.,4.547491,73,,,,,0,percent of total billed charges,73 percent of charges; No services were performed during the 15 month look back period.,4.547491,73,,,,,0,percent of total billed charges,73 percent of charges; No services were performed during the 15 month look back period.,4.547491,73,,,,,0,percent of total billed charges,73 percent of charges; No services were performed during the 15 month look back period.,4.547491,73,,,,,0,percent of total billed charges,73 percent of charges; No services were performed during the 15 month look back period.,4.547491,73,,,,,0,percent of total billed charges,73 percent of charges; No services were performed during the 15 month look back period.,4.547491,73,,,,,0,percent of total billed charges,73 percent of charges; No services were performed during the 15 month look back period.,1.806538,29,,,,,0,percent of total billed charges,29 percent of charges; No services were performed during the 15 month look back period.,1.806538,29,,,,,0,percent of total billed charges,29 percent of charges; No services were performed during the 15 month look back period.,1.806538,29,,,,,0,percent of total billed charges,29 percent of charges; No services were performed during the 15 month look back period.,1.806538,29,,,,,0,percent of total billed charges,29 percent of charges; No services were performed during the 15 month look back period.,2.491776,40,,,,,0,percent of total billed charges,40 percent of charges; No services were performed during the 15 month look back period.,2.491776,40,,,,,0,percent of total billed charges,40 percent of charges; No services were performed during the 15 month look back period.,1.993421,32,,,,,0,percent of total billed charges,32 pecent of charges; No services were performed during the 15 month look back period.,,,,,,,,,,0.622944,10,,,,,0,percent of total billed charges,10 percent of charges; No services were performed during the 15 month look back period.,,,,,,,,,,4.547491,73,,,,,0,percent of total billed charges,73 percent of charges; No services were performed during the 15 month look back period.,2.491776,40,,,,,0,percent of total billed charges,40 percent of charges; No services were performed during the 15 month look back period.,,,,,,,,,,0.622944,10,,,,,0,percent of total billed charges,10 percent of charges; No services were performed during the 15 month look back period.,1.993421,32,,,,,0,percent of total billed charges,32 pecent of charges; No services were performed during the 15 month look back period.,,,,,,,,,,4.547491,73,,,,,0,percent of total billed charges,73 percent of charges; No services were performed during the 15 month look back period.,,,,,,,,,,1.806538,29,,,,,0,percent of total billed charges,29 percent of charges; No services were performed during the 15 month look back period.,1.806538,29,,,,,0,percent of total billed charges,29 percent of charges; No services were performed during the 15 month look back period.,1.806538,29,,,,,0,percent of total billed charges,29 percent of charges; No services were performed during the 15 month look back period.,,,,,,,,,,1.495066,24,,,,,0,percent of total billed charges,24 percent of charges; No services were performed during the 15 month look back period.,,,,,,,,,,,,,,,,,,,,,,,,,,,,,,,,,,,,,,,,,,,,,,1.868832,30,,,,,0,percent of total billed charges,30 Percent of charges; No services were performed during the 15 month look back period.,1.868832,30,,,,,0,percent of total billed charges,30 Percent of charges; No services were performed during the 15 month look back period.,,,,,,,,,,1.993421,32,,,,,0,percent of total billed charges,32 pecent of charges; No services were performed during the 15 month look back period.,0.622944,10,,,,,0,percent of total billed charges,10 percent of charges; No services were performed during the 15 month look back period.,0.622944,10,,,,,0,percent of total billed charges,10 percent of charges; No services were performed during the 15 month look back period.,,,,,,,,,,1.993421,32,,,,,0,percent of total billed charges,32 pecent of charges; No services were performed during the 15 month look back period.,1.868832,30,,,,,0,percent of total billed charges,30 Percent of charges; No services were performed during the 15 month look back period.,1.868832,30,,,,,0,percent of total billed charges,30 Percent of charges; No services were performed during the 15 month look back period.,1.868832,30,,,,,0,percent of total billed charges,30 Percent of charges; No services were performed during the 15 month look back period.,4.547491,73,,,,,0,percent of total billed charges,73 percent of charges; No services were performed during the 15 month look back period.,4.547491,73,,,,,0,percent of total billed charges,73 percent of charges; No services were performed during the 15 month look back period.,4.547491,73,,,,,0,percent of total billed charges,73 percent of charges; No services were performed during the 15 month look back period.,4.547491,73,,,,,0,percent of total billed charges,73 percent of charges; No services were performed during the 15 month look back period.,4.547491,73,,,,,0,percent of total billed charges,73 percent of charges; No services were performed during the 15 month look back period.,4.547491,73,,,,,0,percent of total billed charges,73 percent of charges; No services were performed during the 15 month look back period.,4.547491,73,,,,,0,percent of total billed charges,73 percent of charges; No services were performed during the 15 month look back period.,4.547491,73,,,,,0,percent of total billed charges,73 percent of charges; No services were performed during the 15 month look back period.,4.547491,73,,,,,0,percent of total billed charges,73 percent of charges; No services were performed during the 15 month look back period.,4.547491,73,,,,,0,percent of total billed charges,73 percent of charges; No services were performed during the 15 month look back period.,4.547491,73,,,,,0,percent of total billed charges,73 percent of charges; No services were performed during the 15 month look back period.,2.491776,40,,,,,0,percent of total billed charges,40 percent of charges; No services were performed during the 15 month look back period.,,,,,,,,,,1.993421,32,,,,,0,percent of total billed charges,32 pecent of charges; No services were performed during the 15 month look back period.,,,,,,,,,,1.868832,30,,,,,0,percent of total billed charges,30 Percent of charges; No services were performed during the 15 month look back period.,1.993421,32,,,,,0,percent of total billed charges,32 pecent of charges; No services were performed during the 15 month look back period.,1.993421,32,,,,,0,percent of total billed charges,32 pecent of charges; No services were performed during the 15 month look back period.,4.547491,73,,,,,0,percent of total billed charges,73 percent of charges; No services were performed during the 15 month look back period.,1.245888,20,,,,,0,percent of total billed charges,20 percent of charges; No services were performed during the 15 month look back period.,1.993421,32,,,,,0,percent of total billed charges,32 pecent of charges; No services were performed during the 15 month look back period.,,,,,,,,,,,,,,,,,,,,,,,,,,,,,,,,,,,,,,,,,,,,,,,,,,,,,,,,,,,,,,,,1.993421,32,,,,,0,percent of total billed charges,32 pecent of charges; No services were performed during the 15 month look back period.,1.495066,24,,,,,0,percent of total billed charges,24 percent of charges; No services were performed during the 15 month look back period.,,,,,,,,,,,,,,,,,,,,,,,,,,,,,,,,,,,,,,,,,,,,,,,,,,,,,,,1.495066,24,,,,,0,percent of total billed charges,24 percent of charges; No services were performed during the 15 month look back period.,1.931126,31,,,,,0,percent of total billed charges,31 percent of charges; No services were performed during the 15 month look back period.,1.931126,31,,,,,0,percent of total billed charges,31 percent of charges; No services were performed during the 15 month look back period.,1.931126,31,,,,,0,percent of total billed charges,31 percent of charges; No services were performed during the 15 month look back period.,1.931126,31,,,,,0,percent of total billed charges,31 percent of charges; No services were performed during the 15 month look back period.,1.931126,31,,,,,0,percent of total billed charges,31 percent of charges; No services were performed during the 15 month look back period.,,,,,,,,,,2.491776,40,,,,,0,percent of total billed charges,40 percent of charges; No services were performed during the 15 month look back period.,2.491776,40,,,,,0,percent of total billed charges,40 percent of charges; No services were performed during the 15 month look back period.,2.491776,40,,,,,0,percent of total billed charges,40 percent of charges; No services were performed during the 15 month look back period.,2.491776,40,,,,,0,percent of total billed charges,40 percent of charges; No services were performed during the 15 month look back period.,1.868832,30,,,,,0,percent of total billed charges,30 Percent of charges; No services were performed during the 15 month look back period.,1.868832,30,,,,,0,percent of total billed charges,30 Percent of charges; No services were performed during the 15 month look back period.,1.868832,30,,,,,0,percent of total billed charges,30 Percent of charges; No services were performed during the 15 month look back period.,1.868832,30,,,,,0,percent of total billed charges,30 Percent of charges; No services were performed during the 15 month look back period.,1.495066,24,,,,,0,percent of total billed charges,24 percent of charges; No services were performed during the 15 month look back period.,1.495066,24,,,,,0,percent of total billed charges,24 percent of charges; No services were performed during the 15 month look back period.,,,,,,,,,,,,,,,,,,,,,,,,,,,,,,,,,,,,,,,,,,,,,,,,,,,,,,,1.495066,24,,,,,0,percent of total billed charges,24 percent of charges; No services were performed during the 15 month look back period.,1.868832,30,,,,,0,percent of total billed charges,30 Percent of charges; No services were performed during the 15 month look back period.,,,,,,,,,,,,,,,,,,,,,,,,,,,,,,,,,,,,,,,,,,,,,,,,,,,,,,,,,,,,,,,,,,,,,,,,,,,,,,,,,,,,,,,,,,,,,,,,,,,,,,,,,,,,,,,,,,,,,,,,,,,,,,,,,,,,,,,,,,,,,,,,,,,,,,,,,,,,,,,,,,,,,,,,,,,,,,,,,,,,,,,,,,,,,,,,,,,,,,,1.868832,30,,,,,0,percent of total billed charges,30 Percent of charges; No services were performed during the 15 month look back period.,,,,,,,,,,,,,,,,,,,,,,,,,,,,,,,,,,,,,,,,,,,,,,,,,,,,,,,,,,,,,,,,0.622944,10,,,,,0,percent of total billed charges,10 percent of charges; No services were performed during the 15 month look back period.,0.622944,10,,,,,0,percent of total billed charges,10 percent of charges; No services were performed during the 15 month look back period.,0.622944,10,,,,,0,percent of total billed charges,10 percent of charges; No services were performed during the 15 month look back period.,0.622944,10,,,,,0,percent of total billed charges,10 percent of charges; No services were performed during the 15 month look back period.,,,,,,,,,,1.495066,24,,,,,0,percent of total billed charges,24 percent of charges; No services were performed during the 15 month look back period.,1.806538,29,,,,,0,percent of total billed charges,29 percent of charges; No services were performed during the 15 month look back period.,1.806538,29,,,,,0,percent of total billed charges,29 percent of charges; No services were performed during the 15 month look back period.,1.806538,29,,,,,0,percent of total billed charges,29 percent of charges; No services were performed during the 15 month look back period.,1.806538,29,,,,,0,percent of total billed charges,29 percent of charges; No services were performed during the 15 month look back period.,,,,,,,,,,,,,,,,,,,,,,,,,,,,,,,,,,,,,,,,,,,,,,,,,,,,,,,,,,,,,,,,,,,,,,,,,,,,,,,,,,,,,,,,,,,1.868832,30,,,,,0,percent of total billed charges,30 Percent of charges; No services were performed during the 15 month look back period.,,,,,,,,,,,,,,,,,,,,,,,,,,,,,,,,,,,,,,,,,,,,,,,,,,,,,,,,,,,,,,,,,,,,,,,,,,,,,,,,,,,,,,,,,,,,,,,,,,,,,,,,,,,,,,,,,,,,,,,,,,,,,,,1.993421,32,,,,,0,percent of total billed charges,32 pecent of charges; No services were performed during the 15 month look back period.,,,,,,,,,,,,,,,,,,,,,,,,,,,,,,,,,,,,,,,,,,,,,,1.806538,29,,,,,0,percent of total billed charges,29 percent of charges; No services were performed during the 15 month look back period.,1.806538,29,,,,,0,percent of total billed charges,29 percent of charges; No services were performed during the 15 month look back period.,1.806538,29,,,,,0,percent of total billed charges,29 percent of charges; No services were performed during the 15 month look back period.,1.806538,29,,,,,0,percent of total billed charges,29 percent of charges; No services were performed during the 15 month look back period.,,,,,,,,,,1.806538,29,,,,,0,percent of total billed charges,29 percent of charges; No services were performed during the 15 month look back period.,1.868832,30,,,,,0,percent of total billed charges,30 Percent of charges; No services were performed during the 15 month look back period.,1.806538,29,,,,,0,percent of total billed charges,29 percent of charges; No services were performed during the 15 month look back period.,1.993421,32,,,,,0,percent of total billed charges,32 pecent of charges; No services were performed during the 15 month look back period.,1.806538,29,,,,,0,percent of total billed charges,29 percent of charges; No services were performed during the 15 month look back period.,,,,,,,,,,,,,,,,,,,,,,,,,,,,1.806538,29,,,,,0,percent of total billed charges,29 percent of charges; No services were performed during the 15 month look back period.,,,,,,,,,,,,,,,,,,,,,,,,,,,,,,,,,,,,,,,,,,,,,,1.806538,29,,,,,0,percent of total billed charges,29 percent of charges; No services were performed during the 15 month look back period.,1.806538,29,,,,,0,percent of total billed charges,29 percent of charges; No services were performed during the 15 month look back period.,1.806538,29,,,,,0,percent of total billed charges,29 percent of charges; No services were performed during the 15 month look back period.,1.806538,29,,,,,0,percent of total billed charges,29 percent of charges; No services were performed during the 15 month look back period.,,,,,,,,,,,,,,,,,,,,,,,,,,,,,,,,,,,,,,,,,,,,,,,,,,,,,,,,,,,,,,,,,,,,,,,,,,,,,,,,,,,,,,,,,,,1.806538,29,,,,,0,percent of total billed charges,29 percent of charges; No services were performed during the 15 month look back period.,1.993421,32,,,,,0,percent of total billed charges,32 pecent of charges; No services were performed during the 15 month look back period.,4.547491,73,,,,,0,percent of total billed charges,73 percent of charges; No services were performed during the 15 month look back period.,0.622944,10,,,,,0,percent of total billed charges,10 percent of charges; No services were performed during the 15 month look back period.,0.622944,10,,,,,0,percent of total billed charges,10 percent of charges; No services were performed during the 15 month look back period.,1.868832,30,,,,,0,percent of total billed charges,30 Percent of charges; No services were performed during the 15 month look back period.,,,,,,,,,,2.491776,40,,,,,0,percent of total billed charges,40 percent of charges; No services were performed during the 15 month look back period.,2.491776,40,,,,,0,percent of total billed charges,40 percent of charges; No services were performed during the 15 month look back period.,,,,,,,,,,,,,,,,,,,,,,,,,,,,,,,,,,,,,,,,,,,,,,,,,,,,,,,0.622944,10,,,,,0,percent of total billed charges,10 percent of charges; No services were performed during the 15 month look back period.,,,,,,,,,,,,,,,,,,,,,,,,,,,,,,,,,,,,,1.806538,29,,,,,0,percent of total billed charges,29 percent of charges; No services were performed during the 15 month look back period.,,,,,,,,,,,,,,,,,,,1.806538,29,,,,,0,percent of total billed charges,29 percent of charges; No services were performed during the 15 month look back period.,,,,,,,,,,,,,,,,,,,,,,,,,,,,1.495066,24,,,,,0,percent of total billed charges,24 percent of charges; No services were performed during the 15 month look back period.,1.806538,29,,,,,0,percent of total billed charges,29 percent of charges; No services were performed during the 15 month look back period.,,,,,,,,,,,,,,,,,,,,,,,,,,,,,,,,,,,,,0.622944,10,,,,,0,percent of total billed charges,10 percent of charges; No services were performed during the 15 month look back period.,,,,,,,,,,,,,,,,,,,,,,,,,,,,,,,,,,,,,,,,,,,,,,,,,,,,,,,,,,,,,,,,,,,,,,,,,0.622944,10,,,,,0,percent of total billed charges,10 percent of charges; No services were performed during the 15 month look back period.,,,,,,,,,,,,,,,,,,,,,,,,,,,,,,,,,,,,,,,,,,,,,,,,,,,,,,,,,,,,,,,,,,,,,,,,,,,,,,,,,,,,,,,,,,,,,,,,,,,,,,,,,,,,,,,,,,,,,,1.806538,29,,,,,0,percent of total billed charges,29 percent of charges; No services were performed during the 15 month look back period.,1.806538,29,,,,,0,percent of total billed charges,29 percent of charges; No services were performed during the 15 month look back period.,1.806538,29,,,,,0,percent of total billed charges,29 percent of charges; No services were performed during the 15 month look back period.,1.806538,29,,,,,0,percent of total billed charges,29 percent of charges; No services were performed during the 15 month look back period.,1.806538,29,,,,,0,percent of total billed charges,29 percent of charges; No services were performed during the 15 month look back period.,1.806538,29,,,,,0,percent of total billed charges,29 percent of charges; No services were performed during the 15 month look back period.,1.806538,29,,,,,0,percent of total billed charges,29 percent of charges; No services were performed during the 15 month look back period.,1.806538,29,,,,,0,percent of total billed charges,29 percent of charges; No services were performed during the 15 month look back period.,1.806538,29,,,,,0,percent of total billed charges,29 percent of charges; No services were performed during the 15 month look back period.,1.806538,29,,,,,0,percent of total billed charges,29 percent of charges; No services were performed during the 15 month look back period.,1.806538,29,,,,,0,percent of total billed charges,29 percent of charges; No services were performed during the 15 month look back period.,1.806538,29,,,,,0,percent of total billed charges,29 percent of charges; No services were performed during the 15 month look back period.,1.806538,29,,,,,0,percent of total billed charges,29 percent of charges; No services were performed during the 15 month look back period.,,,,,,,,,,1.806538,29,,,,,0,percent of total billed charges,29 percent of charges; No services were performed during the 15 month look back period.,,,,,,,,,,1.183594,19,,,,,0,percent of total billed charges,19 percent of charges; No services were performed during the 15 month look back period.,0.809827,13,,,,,0,percent of total billed charges,13 percent of charges; No services were performed during the 15 month look back period.,0.622944,10,,,,,0,percent of total billed charges,10 percent of charges; No services were performed during the 15 month look back period.,0.622944,10,,,,,0,percent of total billed charges,10 percent of charges; No services were performed during the 15 month look back period.,,,,,,,,,,2.491776,40,,,,,0,percent of total billed charges,40 percent of charges; No services were performed during the 15 month look back period.,,,,,,,,,,,,,,,,,,,1.868832,30,,,,,0,percent of total billed charges,30 Percent of charges; No services were performed during the 15 month look back period.,,,,,,,,,,1.993421,32,,,,,0,percent of total billed charges,32 pecent of charges; No services were performed during the 15 month look back period.,,,,,,,,,,1.993421,32,,,,,0,percent of total billed charges,32 pecent of charges; No services were performed during the 15 month look back period.,1.868832,30,,,,,0,percent of total billed charges,30 Percent of charges; No services were performed during the 15 month look back period.,1.993421,32,,,,,0,percent of total billed charges,32 pecent of charges; No services were performed during the 15 month look back period.,,,,,,,,,,,,,,,,,,,,,,,,,,,,1.993421,32,,,,,0,percent of total billed charges,32 pecent of charges; No services were performed during the 15 month look back period.,0.622944,10,,,,,0,percent of total billed charges,10 percent of charges; No services were performed during the 15 month look back period.,,,,,,,,,,,,,,,,,,,,,,,,,,,,,,,,,,,,,,,,,,,,,,,,,,,,,,,,,,,,,,,,0.622944,10,,,,,0,percent of total billed charges,10 percent of charges; No services were performed during the 15 month look back period.,,,,,,,,,,,,,,,,,,,,,,,,,,,,1.806538,29,,,,,0,percent of total billed charges,29 percent of charges; No services were performed during the 15 month look back period.,1.806538,29,,,,,0,percent of total billed charges,29 percent of charges; No services were performed during the 15 month look back period.,1.931126,31,,,,,0,percent of total billed charges,31 percent of charges; No services were performed during the 15 month look back period.,,,,,,,,,,0.622944,10,,,,,0,percent of total billed charges,10 percent of charges; No services were performed during the 15 month look back period.,1.993421,32,,,,,0,percent of total billed charges,32 pecent of charges; No services were performed during the 15 month look back period.,1.868832,30,,,,,0,percent of total billed charges,30 Percent of charges; No services were performed during the 15 month look back period.,0.622944,10,,,,,0,percent of total billed charges,10 percent of charges; No services were performed during the 15 month look back period.,1.868832,30,,,,,0,percent of total billed charges,30 Percent of charges; No services were performed during the 15 month look back period.,0.622944,10,,,,,0,percent of total billed charges,10 percent of charges; No services were performed during the 15 month look back period.,,,,,,,,,,,,,,,,,,,,,,,,,,,,,,,,,,,,,,,,,,,,,,0.31,1143.507273,
J7614,HCPCS,5010015,LOCAL,636,RC,LEVALBUTEROL NON-COMP UNIT,0.65016,0.12353,Outpatient,ME,0.5,,0.09,,,,,,,Fee Schedule,"100 % 1199 Fee Schedule. ",0.09,,,,,,,Fee Schedule,"100 % 1199 Fee Schedule. ",0.390096,60,,,,,0,percent of total billed charges,60 percent of billed charges; No services were performed during the 15 month look back period.,0.65016,100,,,,,0,percent of total billed charges,100 percent of billed charges; No services were performed during the 15 month look back period.,,,,,,,,Other,"Not Payable. ",0.390096,60,,,,,0,percent of total billed charges,60 percent of billed charges; No services were performed during the 15 month look back period.,0.390096,60,,0.41,0.36,0.69,1 through 10,percent of total billed charges,60 percent of billed charges,0.390096,60,,,,,0,percent of total billed charges,60 percent of billed charges; No services were performed during the 15 month look back period.,,,,,,,,Other,"100 Percent of Medicaid APG. ",,,,,,,,Other,"100 Percent of Medicaid APG. ",0.507125,78,,,,,0,percent of total billed charges,78% of Billed Charges. Lesser of 100% of billed charges applies.; No services were performed during the 15 month look back period.,,,,,,,,Fee Schedule,"100 % Zero Pay Code. ",,,,,,,,Other,"100 Percent of Medicaid APG. ",,,,,,,,Other,"Not Payable. ",0.195048,30,,,,,0,percent of total billed charges,30 percent of billed charges; No services were performed during the 15 month look back period.,0.195048,30,,,,,0,percent of total billed charges,30 percent of billed charges; No services were performed during the 15 month look back period.,0.195048,30,,,,,0,percent of total billed charges,30 percent of billed charges; No services were performed during the 15 month look back period.,0.195048,30,,,,,0,percent of total billed charges,30 percent of billed charges; No services were performed during the 15 month look back period.,1.541,,,,,,,Fee schedule,"115 Percent of AWP Fee Schedule. ",,,,,,,,Other,"Not Payable. ",1.541,,,,,,,Fee schedule,"115 Percent of AWP Fee Schedule. ",0.507125,78,,,,,0,percent of total billed charges,78% of Billed Charges. Lesser of 100% of billed charges applies.; No services were performed during the 15 month look back period.,0.390096,60,,,,,0,percent of total billed charges,60 percent of billed charges; No services were performed during the 15 month look back period.,,,,,,,,Other,"Not Payable. ",0.474617,73,,,,,0,percent of total billed charges,73 percent of billed charges; No services were performed during the 15 month look back period.,,,,,,,,Other,"Not Payable. ",,,,,,,,Other,"Not Payable. ",0.507125,78,,,,,0,percent of total billed charges,78% of Billed Charges. Lesser of 100% of billed charges applies.; No services were performed during the 15 month look back period.,0.088,,,,,,,Fee Schedule,100 Percent of ASP if not priced then 95 Percent of AWP. Lesser of 100% of billed charges applies.,0.088,,,,,,,Fee Schedule,100 Percent of ASP if not priced then 95 Percent of AWP. Lesser of 100% of billed charges applies.,0.0836,,,,,,,Fee schedule,"95 Percent of ASP. ",0.0836,,,,,,,Fee schedule,"95 Percent of ASP. ",0.474617,73,,,,,0,percent of total billed charges,73 percent of billed charges; No services were performed during the 15 month look back period.,0.474617,73,,,,,0,percent of total billed charges,73 percent of billed charges; No services were performed during the 15 month look back period.,,,,,,,,Other,"100 Percent of Medicaid APG. Not APG payable, or payable under another fee schedule like ASP/AWP pays at 30% of charges",0.474617,73,,0.36,0.16,0.36,16,percent of total billed charges,73 percent of billed charges,,,,,,,,Other,"100 Percent of Medicaid APG. Not APG payable, or payable under another fee schedule like ASP/AWP pays at 30% of charges",,,,,,,,Other,"Not Payable. ",0.474617,73,,,,,0,percent of total billed charges,73 percent of billed charges; No services were performed during the 15 month look back period.,0.507125,78,,,,,0,percent of total billed charges,78% of Billed Charges. Lesser of 100% of billed charges applies.; No services were performed during the 15 month look back period.,,,,,,,,Other,"106 percent of Average Sales Price.. Drugs not priced under APG, billed with revenue code 636 and not priced by Medicare ASP FeeSched will be reimbursed at 20% of charges.",,,,,,,,Other,"106 percent of Average Sales Price.. Drugs not priced under APG, billed with revenue code 636 and not priced by Medicare ASP FeeSched will be reimbursed at 20% of charges.",0.507125,78,,,,,0,percent of total billed charges,78% of Billed Charges. Lesser of 100% of billed charges applies.; No services were performed during the 15 month look back period.,0.195048,30,,,,,0,percent of total billed charges,30 percent of billed charges; No services were performed during the 15 month look back period.,,,,,,,,Fee Schedule,"100 % Zero Pay Code. ",,,,,,,,Fee Schedule,"100 % Zero Pay Code. ",0.507125,78,,,,,0,percent of total billed charges,78% of Billed Charges. Lesser of 100% of billed charges applies.; No services were performed during the 15 month look back period.,,,,,,,,Other,"Not Payable. ",,,,,,,,Fee Schedule,"100 % Zero Pay Code. ",,,,,,,,Fee Schedule,"100 % Zero Pay Code. ",,,,,,,,Fee Schedule,"100 % Zero Pay Code. ",,,,,,,,Other,"Not Payable. ",,,,,,,,Fee Schedule,"100 % Zero Pay Code. ",,,,,,,,Fee Schedule,"100 % Zero Pay Code. ",,,,,,,,Other,"Not Payable. ",0.32508,50,,,,,0,percent of total billed charges,50 percent of billed charges; No services were performed during the 15 month look back period.,0.292572,45,,,,,0,percent of total billed charges,45 percent of billed charges; No services were performed during the 15 month look back period.,0.292572,45,,,,,0,percent of total billed charges,45 percent of billed charges; No services were performed during the 15 month look back period.,0.292572,45,,,,,0,percent of total billed charges,45 percent of billed charges; No services were performed during the 15 month look back period.,0.292572,45,,,,,0,percent of total billed charges,45 percent of billed charges; No services were performed during the 15 month look back period.,0.292572,45,,,,,0,percent of total billed charges,45 percent of billed charges; No services were performed during the 15 month look back period.,0.292572,45,,0.69,0.69,0.69,1 through 10,percent of total billed charges,45 percent of billed charges,,,,,,,,Other,"Not Payable. ",,,,,,,,Other,"Not Payable. ",0.292572,45,,,,,0,percent of total billed charges,45 percent of billed charges; No services were performed during the 15 month look back period.,0.507125,78,,,,,0,percent of total billed charges,78% of Billed Charges. Lesser of 100% of billed charges applies.; No services were performed during the 15 month look back period.,0.507125,78,,,,,0,percent of total billed charges,78% of Billed Charges. Lesser of 100% of billed charges applies.; No services were performed during the 15 month look back period.,0.507125,78,,,,,0,percent of total billed charges,78% of Billed Charges. Lesser of 100% of billed charges applies.; No services were performed during the 15 month look back period.,0.507125,78,,,,,0,percent of total billed charges,78% of Billed Charges. Lesser of 100% of billed charges applies.; No services were performed during the 15 month look back period.,0.507125,78,,,,,0,percent of total billed charges,78% of Billed Charges. Lesser of 100% of billed charges applies.; No services were performed during the 15 month look back period.,0.507125,78,,,,,0,percent of total billed charges,78% of Billed Charges. Lesser of 100% of billed charges applies.; No services were performed during the 15 month look back period.,0.507125,78,,,,,0,percent of total billed charges,78% of Billed Charges. Lesser of 100% of billed charges applies.; No services were performed during the 15 month look back period.,0.507125,78,,,,,0,percent of total billed charges,78% of Billed Charges. Lesser of 100% of billed charges applies.; No services were performed during the 15 month look back period.,0.507125,78,,,,,0,percent of total billed charges,78% of Billed Charges. Lesser of 100% of billed charges applies.; No services were performed during the 15 month look back period.,0.507125,78,,,,,0,percent of total billed charges,78% of Billed Charges. Lesser of 100% of billed charges applies.; No services were performed during the 15 month look back period.,0.507125,78,,,,,0,percent of total billed charges,78% of Billed Charges. Lesser of 100% of billed charges applies.; No services were performed during the 15 month look back period.,0.507125,78,,,,,0,percent of total billed charges,78% of Billed Charges. Lesser of 100% of billed charges applies.; No services were performed during the 15 month look back period.,0.507125,78,,,,,0,percent of total billed charges,78% of Billed Charges. Lesser of 100% of billed charges applies.; No services were performed during the 15 month look back period.,0.507125,78,,,,,0,percent of total billed charges,78% of Billed Charges. Lesser of 100% of billed charges applies.; No services were performed during the 15 month look back period.,0.507125,78,,,,,0,percent of total billed charges,78% of Billed Charges. Lesser of 100% of billed charges applies.; No services were performed during the 15 month look back period.,0.507125,78,,,,,0,percent of total billed charges,78% of Billed Charges. Lesser of 100% of billed charges applies.; No services were performed during the 15 month look back period.,0.507125,78,,,,,0,percent of total billed charges,78% of Billed Charges. Lesser of 100% of billed charges applies.; No services were performed during the 15 month look back period.,0.507125,78,,,,,0,percent of total billed charges,78% of Billed Charges. Lesser of 100% of billed charges applies.; No services were performed during the 15 month look back period.,0.507125,78,,,,,0,percent of total billed charges,78% of Billed Charges. Lesser of 100% of billed charges applies.; No services were performed during the 15 month look back period.,0.507125,78,,,,,0,percent of total billed charges,78% of Billed Charges. Lesser of 100% of billed charges applies.; No services were performed during the 15 month look back period.,0.507125,78,,,,,0,percent of total billed charges,78% of Billed Charges. Lesser of 100% of billed charges applies.; No services were performed during the 15 month look back period.,0.507125,78,,,,,0,percent of total billed charges,78% of Billed Charges. Lesser of 100% of billed charges applies.; No services were performed during the 15 month look back period.,0.507125,78,,,,,0,percent of total billed charges,78% of Billed Charges. Lesser of 100% of billed charges applies.; No services were performed during the 15 month look back period.,0.507125,78,,,,,0,percent of total billed charges,78% of Billed Charges. Lesser of 100% of billed charges applies.; No services were performed during the 15 month look back period.,0.507125,78,,,,,0,percent of total billed charges,78% of Billed Charges. Lesser of 100% of billed charges applies.; No services were performed during the 15 month look back period.,0.507125,78,,,,,0,percent of total billed charges,78% of Billed Charges. Lesser of 100% of billed charges applies.; No services were performed during the 15 month look back period.,0.474617,73,,,,,0,percent of total billed charges,73 percent of billed charges; No services were performed during the 15 month look back period.,0.474617,73,,,,,0,percent of total billed charges,73 percent of billed charges; No services were performed during the 15 month look back period.,0.474617,73,,,,,0,percent of total billed charges,73 percent of billed charges; No services were performed during the 15 month look back period.,0.474617,73,,,,,0,percent of total billed charges,73 percent of billed charges; No services were performed during the 15 month look back period.,0.520128,80,,,,,0,percent of total billed charges,80 percent of billed charges; No services were performed during the 15 month look back period.,0.520128,80,,,,,0,percent of total billed charges,80 percent of billed charges; No services were performed during the 15 month look back period.,0.195048,30,,,,,0,percent of total billed charges,30 percent of billed charges; No services were performed during the 15 month look back period.,0.292572,45,,,,,0,percent of total billed charges,45 percent of billed charges; No services were performed during the 15 month look back period.,,,,,,,,Fee Schedule,"100 % Zero Pay Code. ",0.292572,45,,,,,0,percent of total billed charges,45 percent of billed charges; No services were performed during the 15 month look back period.,0.507125,78,,,,,0,percent of total billed charges,78% of Billed Charges. Lesser of 100% of billed charges applies.; No services were performed during the 15 month look back period.,0.520128,80,,,,,0,percent of total billed charges,80 percent of billed charges; No services were performed during the 15 month look back period.,0.292572,45,,,,,0,percent of total billed charges,45 percent of billed charges; No services were performed during the 15 month look back period.,,,,,,,,Fee Schedule,"100 % Zero Pay Code. ",0.195048,30,,,,,0,percent of total billed charges,30 percent of billed charges; No services were performed during the 15 month look back period.,,,,,,,,,"NA. ",0.507125,78,,,,,0,percent of total billed charges,78% of Billed Charges. Lesser of 100% of billed charges applies.; No services were performed during the 15 month look back period.,,,,,,,,Other,"100 Percent of Medicaid APG. ",0.474617,73,,,,,0,percent of total billed charges,73 percent of billed charges; No services were performed during the 15 month look back period.,,,,,,,,Other,"100 Percent of Medicaid APG. Not APG payable, or payable under another fee schedule like ASP/AWP pays at 30% of charges",,,,,,,,Other,"Not Payable. ",,,,,,,,Other,"Not Payable. ",0.32508,50,,,,,0,percent of total billed charges,50 percent of billed charges; No services were performed during the 15 month look back period.,,,,,,,,Other,"Not Payable. ",,,,,,,,Other,"Not Payable. ",,,,,,,,Other,"100 Percent of Medicaid APG. ",,,,,,,,Other,"Not Payable. ",,,,,,,,Other,"Not Payable. ",0.390096,60,,,,,0,percent of total billed charges,60 percent of billed charges; No services were performed during the 15 month look back period.,0.390096,60,,,,,0,percent of total billed charges,60 percent of billed charges; No services were performed during the 15 month look back period.,,,,,,,,Other,"Not Payable. ",0.195048,30,,,,,0,percent of total billed charges,30 percent of billed charges; No services were performed during the 15 month look back period.,,,,,,,,Fee Schedule,"100 % Zero Pay Code. ",,,,,,,,Fee Schedule,"100 % Zero Pay Code. ",,,,,,,,Other,"Not Payable. ",0.195048,30,,,,,0,percent of total billed charges,30 percent of billed charges; No services were performed during the 15 month look back period.,0.390096,60,,,,,0,percent of total billed charges,60 percent of billed charges; No services were performed during the 15 month look back period.,0.390096,60,,0.36,0.36,0.36,1 through 10,percent of total billed charges,60 percent of billed charges,0.390096,60,,,,,0,percent of total billed charges,60 percent of billed charges; No services were performed during the 15 month look back period.,0.507125,78,,,,,0,percent of total billed charges,78% of Billed Charges. Lesser of 100% of billed charges applies.; No services were performed during the 15 month look back period.,0.507125,78,,,,,0,percent of total billed charges,78% of Billed Charges. Lesser of 100% of billed charges applies.; No services were performed during the 15 month look back period.,0.507125,78,,,,,0,percent of total billed charges,78% of Billed Charges. Lesser of 100% of billed charges applies.; No services were performed during the 15 month look back period.,0.507125,78,,,,,0,percent of total billed charges,78% of Billed Charges. Lesser of 100% of billed charges applies.; No services were performed during the 15 month look back period.,0.507125,78,,,,,0,percent of total billed charges,78% of Billed Charges. Lesser of 100% of billed charges applies.; No services were performed during the 15 month look back period.,0.507125,78,,,,,0,percent of total billed charges,78% of Billed Charges. Lesser of 100% of billed charges applies.; No services were performed during the 15 month look back period.,0.507125,78,,,,,0,percent of total billed charges,78% of Billed Charges. Lesser of 100% of billed charges applies.; No services were performed during the 15 month look back period.,0.507125,78,,,,,0,percent of total billed charges,78% of Billed Charges. Lesser of 100% of billed charges applies.; No services were performed during the 15 month look back period.,0.507125,78,,,,,0,percent of total billed charges,78% of Billed Charges. Lesser of 100% of billed charges applies.; No services were performed during the 15 month look back period.,0.507125,78,,,,,0,percent of total billed charges,78% of Billed Charges. Lesser of 100% of billed charges applies.; No services were performed during the 15 month look back period.,0.507125,78,,,,,0,percent of total billed charges,78% of Billed Charges. Lesser of 100% of billed charges applies.; No services were performed during the 15 month look back period.,0.520128,80,,,,,0,percent of total billed charges,80 percent of billed charges; No services were performed during the 15 month look back period.,0.292572,45,,0.2,0.18,0.2,1 through 10,percent of total billed charges,45 percent of billed charges,0.195048,30,,,,,0,percent of total billed charges,30 percent of billed charges; No services were performed during the 15 month look back period.,,,,,,,,Other,"Not Payable. ",0.390096,60,,,,,0,percent of total billed charges,60 percent of billed charges; No services were performed during the 15 month look back period.,0.195048,30,,,,,0,percent of total billed charges,30 percent of billed charges; No services were performed during the 15 month look back period.,0.195048,30,,,,,0,percent of total billed charges,30 percent of billed charges; No services were performed during the 15 month look back period.,0.507125,78,,,,,0,percent of total billed charges,78% of Billed Charges. Lesser of 100% of billed charges applies.; No services were performed during the 15 month look back period.,,,,,,,,Other,"141 percent of Average Sales Price.. Drugs not priced under APG, billed with revenue code 636 and not priced by Medicare ASP FeeSched will be reimbursed at 20% of charges.",0.195048,30,,,,,0,percent of total billed charges,30 percent of billed charges; No services were performed during the 15 month look back period.,,,,,,,,Other,"100 Percent of Medicaid APG. ",,,,,,,,Other,"Not Payable. ",,,,,,,,Other,"Not Payable. ",,,,,,,,Other,"Not Payable. ",,,,,,,,Other,"Not Payable. ",,,,,,,,Other,"Not Payable. ",,,,,,,,Other,"Not Payable. ",0.195048,30,,,,,0,percent of total billed charges,30 percent of billed charges; No services were performed during the 15 month look back period.,0.32508,50,,,,,0,percent of total billed charges,50 percent of billed charges; No services were performed during the 15 month look back period.,2.394,,,,,,,Fee Schedule,"157.5 Percent of AWP Fee Schedule. ",2.394,,,,,,,Fee Schedule,"157.5 Percent of AWP Fee Schedule. ",2.394,,,,,,,Fee Schedule,"157.5 Percent of AWP Fee Schedule. ",2.394,,,,,,,Fee Schedule,"157.5 Percent of AWP Fee Schedule. ",2.394,,,,,,,Fee Schedule,"157.5 Percent of AWP Fee Schedule. ",,,,,,,,,"NA. ",0.32508,50,,,,,0,percent of total billed charges,50 percent of billed charges; No services were performed during the 15 month look back period.,,,,,,,,Fee Schedule,"Not Payable. ",,,,,,,,Fee Schedule,"Not Payable. ",,,,,,,,Fee Schedule,"Not Payable. ",,,,,,,,Fee Schedule,"Not Payable. ",,,,,,,,Fee Schedule,"Not Payable. ",,,,,,,,Other,"Not Payable. ",0.520128,80,,,,,0,percent of total billed charges,80 percent of billed charges; No services were performed during the 15 month look back period.,0.520128,80,,,,,0,percent of total billed charges,80 percent of billed charges; No services were performed during the 15 month look back period.,0.520128,80,,,,,0,percent of total billed charges,80 percent of billed charges; No services were performed during the 15 month look back period.,0.520128,80,,,,,0,percent of total billed charges,80 percent of billed charges; No services were performed during the 15 month look back period.,0.390096,60,,,,,0,percent of total billed charges,60 percent of billed charges; No services were performed during the 15 month look back period.,0.390096,60,,,,,0,percent of total billed charges,60 percent of billed charges; No services were performed during the 15 month look back period.,0.390096,60,,,,,0,percent of total billed charges,60 percent of billed charges; No services were performed during the 15 month look back period.,0.390096,60,,,,,0,percent of total billed charges,60 percent of billed charges; No services were performed during the 15 month look back period.,0.32508,50,,,,,0,percent of total billed charges,50 percent of billed charges; No services were performed during the 15 month look back period.,0.32508,50,,,,,0,percent of total billed charges,50 percent of billed charges; No services were performed during the 15 month look back period.,,,,,,,,Other,"Not Payable. ",,,,,,,,Other,"Not Payable. ",,,,,,,,Other,"Not Payable. ",0.292572,45,,,,,0,percent of total billed charges,45 percent of billed charges; No services were performed during the 15 month look back period.,0.292572,45,,,,,0,percent of total billed charges,45 percent of billed charges; No services were performed during the 15 month look back period.,0.292572,45,,,,,0,percent of total billed charges,45 percent of billed charges; No services were performed during the 15 month look back period.,0.32508,50,,,,,0,percent of total billed charges,50 percent of billed charges; No services were performed during the 15 month look back period.,0.390096,60,,,,,0,percent of total billed charges,60 percent of billed charges; No services were performed during the 15 month look back period.,,,,,,,,Other,"Not Payable. ",0.292572,45,,,,,0,percent of total billed charges,45 percent of billed charges; No services were performed during the 15 month look back period.,,,,,,,,Other,"100 Percent of Medicaid APG. ",,,,,,,,Other,"Not Payable. ",,,,,,,,Other,"Not Payable. ",,,,,,,,Other,"Not Payable. ",0.0836,,,,,,,Fee schedule,"95 Percent of ASP. ",0.006502,1,,,,,0,percent of total billed charges,Approximating Cost. Lesser of 100% of billed charges applies.; No services were performed during the 15 month look back period.,0.006502,1,,,,,0,percent of total billed charges,Approximating Cost. Lesser of 100% of billed charges applies.; No services were performed during the 15 month look back period.,0.006502,1,,,,,0,percent of total billed charges,Approximating Cost. Lesser of 100% of billed charges applies.; No services were performed during the 15 month look back period.,0.006502,1,,,,,0,percent of total billed charges,Approximating Cost. Lesser of 100% of billed charges applies.; No services were performed during the 15 month look back period.,0.006502,1,,,,,0,percent of total billed charges,Approximating Cost. Lesser of 100% of billed charges applies.; No services were performed during the 15 month look back period.,,,,,,,,Other,"Not Payable. ",,,,,,,,Other,"100 Percent of Medicaid APG. ",0.088,,,,,,,Fee Schedule,100 Percent of ASP if not priced then 95 Percent of AWP. Lesser of 100% of billed charges applies.,0.006502,1,,,,,0,percent of total billed charges,Approximating Cost. Lesser of 100% of billed charges applies.; No services were performed during the 15 month look back period.,0.006502,1,,,,,0,percent of total billed charges,Approximating Cost. Lesser of 100% of billed charges applies.; No services were performed during the 15 month look back period.,0.088,,,,,,,Fee Schedule,100 Percent of ASP if not priced then 95 Percent of AWP. Lesser of 100% of billed charges applies.,0.088,,,,,,,Fee Schedule,100 Percent of ASP if not priced then 95 Percent of AWP. Lesser of 100% of billed charges applies.,2.394,,,,,,,Fee Schedule,"157.5 Percent of AWP Fee Schedule. ",,,,,,,,Other,"Not Payable. ",,,,,,,,Other,"Not Payable. ",0.390096,60,,,,,0,percent of total billed charges,60 percent of billed charges; No services were performed during the 15 month look back period.,,,,,,,,Other,"Not Payable. ",0.0836,,,,,,,Fee Schedule,"95 Percent of ASP. ",0.0836,,,,,,,Fee Schedule,"95 Percent of ASP. ",0.0836,,,,,,,Fee schedule,"95 Percent of ASP. ",0.0836,,,,,,,Fee schedule,"95 Percent of ASP. ",1.748,,,,,,,Fee Schedule,"115 Percent of AWP. ",1.541,,,,,,,Fee schedule,"115 Percent of AWP Fee Schedule. ",,,,,,,,Other,"100 Percent of Medicaid APG. ",,,,,,,,Other,"100 Percent of Medicaid APG. ",,,,,,,,Other,"100 Percent of Medicaid APG. ",,,,,,,,Other,"100 Percent of Medicaid APG. ",0.292572,45,,,,,0,percent of total billed charges,45 percent of billed charges; No services were performed during the 15 month look back period.,0.32508,50,,,,,0,percent of total billed charges,50 percent of billed charges; No services were performed during the 15 month look back period.,,,,,,,,Other,"120 Percent of Medicaid APG. Not APG payable, or payable under another fee schedule like ASP/AWP pays at 30% of charges",,,,,,,,Other,"120 Percent of Medicaid APG. Not APG payable, or payable under another fee schedule like ASP/AWP pays at 30% of charges",,,,,,,,Other,"100 Percent of Medicaid APG. Not APG payable, or payable under another fee schedule like ASP/AWP pays at 30% of charges",,,,,,,,Other,"100 Percent of Medicaid APG. Not APG payable, or payable under another fee schedule like ASP/AWP pays at 30% of charges",0.292572,45,,,,,0,percent of total billed charges,45 percent of billed charges; No services were performed during the 15 month look back period.,0.292572,45,,,,,0,percent of total billed charges,45 percent of billed charges; No services were performed during the 15 month look back period.,,,,,,,,Other,"Not Payable. ",0.292572,45,,,,,0,percent of total billed charges,45 percent of billed charges; No services were performed during the 15 month look back period.,0.292572,45,,,,,0,percent of total billed charges,45 percent of billed charges; No services were performed during the 15 month look back period.,0.292572,45,,,,,0,percent of total billed charges,45 percent of billed charges; No services were performed during the 15 month look back period.,0.292572,45,,,,,0,percent of total billed charges,45 percent of billed charges; No services were performed during the 15 month look back period.,,,,,,,,Other,"Not Payable. ",0.292572,45,,,,,0,percent of total billed charges,45 percent of billed charges; No services were performed during the 15 month look back period.,0.292572,45,,,,,0,percent of total billed charges,45 percent of billed charges; No services were performed during the 15 month look back period.,0.390096,60,,,,,0,percent of total billed charges,60 percent of billed charges; No services were performed during the 15 month look back period.,0.0924,,,,,,,Fee Schedule,105% of ASP. Lesser of 100% of billed charges applies.,1.541,,,,,,,Fee schedule,"115 Percent of AWP Fee Schedule. ",0.006502,1,,,,,0,percent of total billed charges,Approximating Cost. Lesser of 100% of billed charges applies.; No services were performed during the 15 month look back period.,1.748,,,,,,,Fee Schedule,"115 Percent of AWP. ",1.541,,,,,,,Fee schedule,"115 Percent of AWP Fee Schedule. ",0.006502,1,,,,,0,percent of total billed charges,Approximating Cost. Lesser of 100% of billed charges applies.; No services were performed during the 15 month look back period.,0.006502,1,,,,,0,percent of total billed charges,Approximating Cost. Lesser of 100% of billed charges applies.; No services were performed during the 15 month look back period.,0.006502,1,,,,,0,percent of total billed charges,Approximating Cost. Lesser of 100% of billed charges applies.; No services were performed during the 15 month look back period.,0.006502,1,,,,,0,percent of total billed charges,Approximating Cost. Lesser of 100% of billed charges applies.; No services were performed during the 15 month look back period.,0.006502,1,,,,,0,percent of total billed charges,Approximating Cost. Lesser of 100% of billed charges applies.; No services were performed during the 15 month look back period.,0.006502,1,,,,,0,percent of total billed charges,Approximating Cost. Lesser of 100% of billed charges applies.; No services were performed during the 15 month look back period.,,,,,,,,,"NA. ",,,,,,,,,"NA. ",,,,,,,,,"NA. ",0.195048,30,,,,,0,percent of total billed charges,30 percent of billed charges; No services were performed during the 15 month look back period.,,,,,,,,,"NA. ",,,,,,,,Other,"Not Payable. ",0.09,,,,,,,Fee Schedule,"100 % 1199 Fee Schedule. ",,,,,,,,Other,"Not Payable. ",,,,,,,,Other,"Not Payable. ",,,,,,,,Other,"120 Percent of Medicaid APG. Not APG payable, or payable under another fee schedule like ASP/AWP pays at 30% of charges",,,,,,,,Other,"120 Percent of Medicaid APG. Not APG payable, or payable under another fee schedule like ASP/AWP pays at 30% of charges",,,,,,,,Other,"100 Percent of Medicaid APG. Not APG payable, or payable under another fee schedule like ASP/AWP pays at 30% of charges",,,,,,,,Other,"100 Percent of Medicaid APG. Not APG payable, or payable under another fee schedule like ASP/AWP pays at 30% of charges",,,,,,,,Other,"100 Percent of Medicaid APG. ",0.474617,73,,,,,0,percent of total billed charges,73 percent of billed charges; No services were performed during the 15 month look back period.,0.390096,60,,,,,0,percent of total billed charges,60 percent of billed charges; No services were performed during the 15 month look back period.,0.474617,73,,,,,0,percent of total billed charges,73 percent of billed charges; No services were performed during the 15 month look back period.,0.195048,30,,,,,0,percent of total billed charges,30 percent of billed charges; No services were performed during the 15 month look back period.,,,,,,,,Other,"Not Payable. ",,,,,,,,Other,"Not Payable. ",,,,,,,,Other,"Not Payable. ",,,,,,,,Other,"Not Payable. ",,,,,,,,Other,"Not Payable. ",,,,,,,,Other,"Not Payable. ",,,,,,,,,"NA. ",0.006502,1,,,,,0,percent of total billed charges,Approximating Cost. Lesser of 100% of billed charges applies.; No services were performed during the 15 month look back period.,0.088,,,,,,,Fee Schedule,100 Percent of ASP if not priced then 95 Percent of AWP. Lesser of 100% of billed charges applies.,0.292572,45,,,,,0,percent of total billed charges,45 percent of billed charges; No services were performed during the 15 month look back period.,0.474617,73,,,,,0,percent of total billed charges,73 percent of billed charges; No services were performed during the 15 month look back period.,0.474617,73,,,,,0,percent of total billed charges,73 percent of billed charges; No services were performed during the 15 month look back period.,0.474617,73,,,,,0,percent of total billed charges,73 percent of billed charges; No services were performed during the 15 month look back period.,0.474617,73,,,,,0,percent of total billed charges,73 percent of billed charges; No services were performed during the 15 month look back period.,,,,,,,,Other,"Not Payable. ",,,,,,,,Other,"100 Percent of Medicaid APG. ",0.292572,45,,,,,0,percent of total billed charges,45 percent of billed charges; No services were performed during the 15 month look back period.,,,,,,,,Other,"100 Percent of Medicaid APG. ",,,,,,,,Other,"Not Payable. ",,,,,,,,Other,"100 Percent of Medicaid APG. ",,,,,,,,Other,"Not Payable. ",,,,,,,,Other,"Not Payable. ",,,,,,,,Other,"100 Percent of Medicaid APG. ",,,,,,,,Other,"100 Percent of Medicaid APG. ",0.474617,73,,,,,0,percent of total billed charges,73 percent of billed charges; No services were performed during the 15 month look back period.,0.195048,30,,,,,0,percent of total billed charges,30 percent of billed charges; No services were performed during the 15 month look back period.,0.507125,78,,,,,0,percent of total billed charges,78% of Billed Charges. Lesser of 100% of billed charges applies.; No services were performed during the 15 month look back period.,,,,,,,,Fee Schedule,"100 % Zero Pay Code. ",,,,,,,,Fee Schedule,"100 % Zero Pay Code. ",0.390096,60,,,,,0,percent of total billed charges,60 percent of billed charges; No services were performed during the 15 month look back period.,,,,,,,,Other,"Not Payable. ",0.520128,80,,,,,0,percent of total billed charges,80 percent of billed charges; No services were performed during the 15 month look back period.,0.520128,80,,,,,0,percent of total billed charges,80 percent of billed charges; No services were performed during the 15 month look back period.,0.234058,36,,,,,0,percent of total billed charges,36 percent of billed charges; No services were performed during the 15 month look back period.,0.234058,36,,,,,0,percent of total billed charges,36 percent of billed charges; No services were performed during the 15 month look back period.,,,,,,,,Other,"Not Payable. ",,,,,,,,Other,"Not Payable. ",,,,,,,,Other,"Not Payable. ",,,,,,,,Other,"Not Payable. ",,,,,,,,Fee Schedule,"100 % Zero Pay Code. ",0.292572,45,,,,,0,percent of total billed charges,45 percent of billed charges; No services were performed during the 15 month look back period.,0.292572,45,,,,,0,percent of total billed charges,45 percent of billed charges; No services were performed during the 15 month look back period.,,,,,,,,Other,"Not Payable. ",0.234058,36,,,,,0,percent of total billed charges,36 percent of billed charges; No services were performed during the 15 month look back period.,0.474617,73,,,,,0,percent of total billed charges,73 percent of billed charges; No services were performed during the 15 month look back period.,,,,,,,,Fee Schedule,"120 Percent of Medicaid APG. ",,,,,,,,Other,"100 Percent of Medicaid APG. ",0.474617,73,,,,,0,percent of total billed charges,73 percent of billed charges; No services were performed during the 15 month look back period.,0.263315,40.5,,,,,0,percent of total billed charges,40.5 percent of billed charges; No services were performed during the 15 month look back period.,0.263315,40.5,,,,,0,percent of total billed charges,40.5 percent of billed charges; No services were performed during the 15 month look back period.,0.292572,45,,,,,0,percent of total billed charges,45 percent of billed charges; No services were performed during the 15 month look back period.,0.32508,50,,,,,0,percent of total billed charges,50 percent of billed charges; No services were performed during the 15 month look back period.,,,,,,,,Other,"Not Payable. ",,,,,,,,Fee Schedule,"Not payable. ",,,,,,,,Fee Schedule,"Not payable. ",,,,,,,,Fee Schedule,"Not payable. ",,,,,,,,Fee Schedule,"Not payable. ",,,,,,,,Fee Schedule,"100 % Zero Pay Code. ",,,,,,,,Fee Schedule,"Not payable. ",,,,,,,,Fee Schedule,"Not payable. ",,,,,,,,Fee Schedule,"Not payable. ",,,,,,,,Fee Schedule,"Not payable. ",,,,,,,,Fee Schedule,"Not payable. ",,,,,,,,Fee Schedule,"Not payable. ",,,,,,,,Fee Schedule,"Not payable. ",,,,,,,,Other,"Not Payable. ",,,,,,,,Fee Schedule,"100 % Zero Pay Code. ",,,,,,,,Other,"Not Payable. ",,,,,,,,Fee Schedule,"Not payable. ",0.292572,45,,,,,0,percent of total billed charges,45 percent of billed charges; No services were performed during the 15 month look back period.,,,,,,,,Other,"Not Payable. ",0.292572,45,,,,,0,percent of total billed charges,45 percent of billed charges; No services were performed during the 15 month look back period.,0.292572,45,,,,,0,percent of total billed charges,45 percent of billed charges; No services were performed during the 15 month look back period.,0.292572,45,,,,,0,percent of total billed charges,45 percent of billed charges; No services were performed during the 15 month look back period.,,,,,,,,Fee Schedule,"Not payable. ",,,,,,,,Other,"Not Payable. ",0.292572,45,,,,,0,percent of total billed charges,45 percent of billed charges; No services were performed during the 15 month look back period.,,,,,,,,Fee Schedule,"Not payable. ",0.292572,45,,,,,0,percent of total billed charges,45 percent of billed charges; No services were performed during the 15 month look back period.,0.195048,30,,,,,0,percent of total billed charges,30% of Charges. ; No services were performed during the 15 month look back period.,,,,,,,,Other,"Not Payable. ",0.474617,73,,,,,0,percent of total billed charges,73 percent of billed charges; No services were performed during the 15 month look back period.,0.474617,73,,,,,0,percent of total billed charges,73 percent of billed charges; No services were performed during the 15 month look back period.,0.474617,73,,,,,0,percent of total billed charges,73 percent of billed charges; No services were performed during the 15 month look back period.,0.474617,73,,,,,0,percent of total billed charges,73 percent of billed charges; No services were performed during the 15 month look back period.,0.474617,73,,,,,0,percent of total billed charges,73 percent of billed charges; No services were performed during the 15 month look back period.,0.474617,73,,,,,0,percent of total billed charges,73 percent of billed charges; No services were performed during the 15 month look back period.,0.474617,73,,,,,0,percent of total billed charges,73 percent of billed charges; No services were performed during the 15 month look back period.,0.474617,73,,,,,0,percent of total billed charges,73 percent of billed charges; No services were performed during the 15 month look back period.,0.474617,73,,,,,0,percent of total billed charges,73 percent of billed charges; No services were performed during the 15 month look back period.,0.474617,73,,,,,0,percent of total billed charges,73 percent of billed charges; No services were performed during the 15 month look back period.,0.474617,73,,,,,0,percent of total billed charges,73 percent of billed charges; No services were performed during the 15 month look back period.,0.474617,73,,,,,0,percent of total billed charges,73 percent of billed charges; No services were performed during the 15 month look back period.,,,,,,,,Other,"Not Payable. ",0.474617,73,,,,,0,percent of total billed charges,73 percent of billed charges; No services were performed during the 15 month look back period.,,,,,,,,Other,"Not Payable. ",,,,,,,,Other,"106 percent of Average Sales Price.. Drugs not priced under APG, billed with revenue code 636 and not priced by Medicare ASP FeeSched will be reimbursed at 20% of charges.",,,,,,,,Other,"106 percent of Average Sales Price.. Drugs not priced under APG, billed with revenue code 636 and not priced by Medicare ASP FeeSched will be reimbursed at 20% of charges.",,,,,,,,Fee Schedule,"100 % Zero Pay Code. ",,,,,,,,Fee Schedule,"100 % Zero Pay Code. ",,,,,,,,Other,"Not Payable. ",0.520128,80,,,,,0,percent of total billed charges,80 percent of billed charges; No services were performed during the 15 month look back period.,,,,,,,,Other,"Not Payable. ",,,,,,,,Other,"Not Payable. ",0.390096,60,,,,,0,percent of total billed charges,60 percent of billed charges; No services were performed during the 15 month look back period.,,,,,,,,Other,"Not Payable. ",0.195048,30,,,,,0,percent of total billed charges,30 percent of billed charges; No services were performed during the 15 month look back period.,,,,,,,,Other,"Not Payable. ",0.195048,30,,,,,0,percent of total billed charges,30 percent of billed charges; No services were performed during the 15 month look back period.,0.390096,60,,,,,0,percent of total billed charges,60 percent of billed charges; No services were performed during the 15 month look back period.,0.195048,30,,,,,0,percent of total billed charges,30 percent of billed charges; No services were performed during the 15 month look back period.,,,,,,,,Other,"Not Payable. ",,,,,,,,Other,"100 Percent of Medicaid APG. ",,,,,,,,Other,"Not Payable. ",0.195048,30,,,,,0,percent of total billed charges,30 percent of billed charges; No services were performed during the 15 month look back period.,,,,,,,,Fee Schedule,"100 % Zero Pay Code. ",,,,,,,,Other,"100 Percent of Medicaid APG. ",0.292572,45,,,,,0,percent of total billed charges,45 percent of billed charges; No services were performed during the 15 month look back period.,,,,,,,,Fee Schedule,"120 Percent of Medicaid APG. ",,,,,,,,Fee Schedule,"120 Percent of Medicaid APG. ",0.292572,45,,,,,0,percent of total billed charges,45 percent of billed charges; No services were performed during the 15 month look back period.,0.292572,45,,,,,0,percent of total billed charges,45 percent of billed charges; No services were performed during the 15 month look back period.,0.292572,45,,,,,0,percent of total billed charges,45 percent of billed charges; No services were performed during the 15 month look back period.,,,,,,,,Fee Schedule,"100 % Zero Pay Code. ",0.292572,45,,,,,0,percent of total billed charges,45 percent of billed charges; No services were performed during the 15 month look back period.,0.292572,45,,,,,0,percent of total billed charges,45 percent of billed charges; No services were performed during the 15 month look back period.,0.292572,45,,,,,0,percent of total billed charges,45 percent of billed charges; No services were performed during the 15 month look back period.,0.474617,73,,,,,0,percent of total billed charges,73 percent of billed charges; No services were performed during the 15 month look back period.,0.474617,73,,,,,0,percent of total billed charges,73 percent of billed charges; No services were performed during the 15 month look back period.,,,,,,,,Fee Schedule,"Not Payable. ",,,,,,,,Other,"100 Percent of Medicaid APG. ",,,,,,,,Fee Schedule,"100 % Zero Pay Code. ",0.195048,30,,,,,0,percent of total billed charges,30 percent of billed charges; No services were performed during the 15 month look back period.,0.390096,60,,,,,0,percent of total billed charges,60 percent of billed charges; No services were performed during the 15 month look back period.,,,,,,,,Fee Schedule,"100 % Zero Pay Code. ",0.390096,60,,,,,0,percent of total billed charges,60 percent of billed charges; No services were performed during the 15 month look back period.,,,,,,,,Fee Schedule,"100 % Zero Pay Code. ",0.292572,45,,,,,0,percent of total billed charges,45 percent of billed charges; No services were performed during the 15 month look back period.,0.292572,45,,,,,0,percent of total billed charges,45 percent of billed charges; No services were performed during the 15 month look back period.,0.292572,45,,,,,0,percent of total billed charges,45 percent of billed charges; No services were performed during the 15 month look back period.,0.292572,45,,,,,0,percent of total billed charges,45 percent of billed charges; No services were performed during the 15 month look back period.,,,,,,,,Other,"Not Payable. ",0.006502,2.394,
J7644,HCPCS,5010015,LOCAL,636,RC,IPRATROPIUM BROMIDE NON-COMP,2.7594,0.524286,Outpatient,ME,1,,0.36,,,,,,,Fee Schedule,"100 % 1199 Fee Schedule. ",0.36,,,,,,,Fee Schedule,"100 % 1199 Fee Schedule. ",1.65564,60,,,,,0,percent of total billed charges,60 percent of billed charges; No services were performed during the 15 month look back period.,2.7594,100,,,,,0,percent of total billed charges,100 percent of billed charges; No services were performed during the 15 month look back period.,,,,,,,,Other,"Not Payable. ",1.65564,60,,,,,0,percent of total billed charges,60 percent of billed charges; No services were performed during the 15 month look back period.,1.65564,60,,0.86,0.81,2.46,24,percent of total billed charges,60 percent of billed charges,1.65564,60,,0.81,0.81,0.81,1 through 10,percent of total billed charges,60 percent of billed charges,,,,,,,,Other,"100 Percent of Medicaid APG. ",,,,,,,,Other,"100 Percent of Medicaid APG. ",2.152332,78,,,,,0,percent of total billed charges,78% of Billed Charges. Lesser of 100% of billed charges applies.; No services were performed during the 15 month look back period.,,,,,,,,Fee Schedule,"100 % Zero Pay Code. ",,,,,,,,Other,"100 Percent of Medicaid APG. ",,,,,,,,Other,"Not Payable. ",0.82782,30,,,,,0,percent of total billed charges,30 percent of billed charges; No services were performed during the 15 month look back period.,0.82782,30,,,,,0,percent of total billed charges,30 percent of billed charges; No services were performed during the 15 month look back period.,0.82782,30,,,,,0,percent of total billed charges,30 percent of billed charges; No services were performed during the 15 month look back period.,0.82782,30,,,,,0,percent of total billed charges,30 percent of billed charges; No services were performed during the 15 month look back period.,0.644,,,,,,,Fee schedule,"115 Percent of AWP Fee Schedule. ",,,,,,,,Other,"Not Payable. ",0.644,,,,,,,Fee schedule,"115 Percent of AWP Fee Schedule. ",2.152332,78,,,,,0,percent of total billed charges,78% of Billed Charges. Lesser of 100% of billed charges applies.; No services were performed during the 15 month look back period.,1.65564,60,,,,,0,percent of total billed charges,60 percent of billed charges; No services were performed during the 15 month look back period.,,,,,,,,Other,"Not Payable. ",2.014362,73,,,,,0,percent of total billed charges,73 percent of billed charges; No services were performed during the 15 month look back period.,,,,,,,,Other,"Not Payable. ",,,,,,,,Other,"Not Payable. ",2.152332,78,,,,,0,percent of total billed charges,78% of Billed Charges. Lesser of 100% of billed charges applies.; No services were performed during the 15 month look back period.,0.394,,,,,,,Fee Schedule,100 Percent of ASP if not priced then 95 Percent of AWP. Lesser of 100% of billed charges applies.,0.394,,,,,,,Fee Schedule,100 Percent of ASP if not priced then 95 Percent of AWP. Lesser of 100% of billed charges applies.,0.3743,,,,,,,Fee schedule,"95 Percent of ASP. ",0.3743,,,,,,,Fee schedule,"95 Percent of ASP. ",2.014362,73,,,,,0,percent of total billed charges,73 percent of billed charges; No services were performed during the 15 month look back period.,2.014362,73,,,,,0,percent of total billed charges,73 percent of billed charges; No services were performed during the 15 month look back period.,,,,,,,,Other,"100 Percent of Medicaid APG. Not APG payable, or payable under another fee schedule like ASP/AWP pays at 30% of charges",2.014362,73,,2.46,2.46,2.46,1 through 10,percent of total billed charges,73 percent of billed charges,,,,,,,,Other,"100 Percent of Medicaid APG. Not APG payable, or payable under another fee schedule like ASP/AWP pays at 30% of charges",,,,,,,,Other,"Not Payable. ",2.014362,73,,,,,0,percent of total billed charges,73 percent of billed charges; No services were performed during the 15 month look back period.,2.152332,78,,,,,0,percent of total billed charges,78% of Billed Charges. Lesser of 100% of billed charges applies.; No services were performed during the 15 month look back period.,,,,,,,,Other,"106 percent of Average Sales Price.. Drugs not priced under APG, billed with revenue code 636 and not priced by Medicare ASP FeeSched will be reimbursed at 20% of charges.",,,,,,,,Other,"106 percent of Average Sales Price.. Drugs not priced under APG, billed with revenue code 636 and not priced by Medicare ASP FeeSched will be reimbursed at 20% of charges.",2.152332,78,,,,,0,percent of total billed charges,78% of Billed Charges. Lesser of 100% of billed charges applies.; No services were performed during the 15 month look back period.,0.82782,30,,,,,0,percent of total billed charges,30 percent of billed charges; No services were performed during the 15 month look back period.,,,,,,,,Fee Schedule,"100 % Zero Pay Code. ",,,,,,,,Fee Schedule,"100 % Zero Pay Code. ",2.152332,78,,,,,0,percent of total billed charges,78% of Billed Charges. Lesser of 100% of billed charges applies.; No services were performed during the 15 month look back period.,,,,,,,,Other,"Not Payable. ",,,,,,,,Fee Schedule,"100 % Zero Pay Code. ",,,,,,,,Fee Schedule,"100 % Zero Pay Code. ",,,,,,,,Fee Schedule,"100 % Zero Pay Code. ",,,,,,,,Other,"Not Payable. ",,,,,,,,Fee Schedule,"100 % Zero Pay Code. ",,,,,,,,Fee Schedule,"100 % Zero Pay Code. ",,,,,,,,Other,"Not Payable. ",1.3797,50,,,,,0,percent of total billed charges,50 percent of billed charges; No services were performed during the 15 month look back period.,1.24173,45,,0.4,0.4,0.4,11,percent of total billed charges,45 percent of billed charges,1.24173,45,,0.41,0.4,2.46,1 through 10,percent of total billed charges,45 percent of billed charges,1.24173,45,,,,,0,percent of total billed charges,45 percent of billed charges; No services were performed during the 15 month look back period.,1.24173,45,,,,,0,percent of total billed charges,45 percent of billed charges; No services were performed during the 15 month look back period.,1.24173,45,,,,,0,percent of total billed charges,45 percent of billed charges; No services were performed during the 15 month look back period.,1.24173,45,,0.41,0.41,2.46,1 through 10,percent of total billed charges,45 percent of billed charges,,,,,,,,Other,"Not Payable. ",,,,,,,,Other,"Not Payable. ",1.24173,45,,,,,0,percent of total billed charges,45 percent of billed charges; No services were performed during the 15 month look back period.,2.152332,78,,,,,0,percent of total billed charges,78% of Billed Charges. Lesser of 100% of billed charges applies.; No services were performed during the 15 month look back period.,2.152332,78,,,,,0,percent of total billed charges,78% of Billed Charges. Lesser of 100% of billed charges applies.; No services were performed during the 15 month look back period.,2.152332,78,,,,,0,percent of total billed charges,78% of Billed Charges. Lesser of 100% of billed charges applies.; No services were performed during the 15 month look back period.,2.152332,78,,,,,0,percent of total billed charges,78% of Billed Charges. Lesser of 100% of billed charges applies.; No services were performed during the 15 month look back period.,2.152332,78,,,,,0,percent of total billed charges,78% of Billed Charges. Lesser of 100% of billed charges applies.; No services were performed during the 15 month look back period.,2.152332,78,,,,,0,percent of total billed charges,78% of Billed Charges. Lesser of 100% of billed charges applies.; No services were performed during the 15 month look back period.,2.152332,78,,,,,0,percent of total billed charges,78% of Billed Charges. Lesser of 100% of billed charges applies.; No services were performed during the 15 month look back period.,2.152332,78,,,,,0,percent of total billed charges,78% of Billed Charges. Lesser of 100% of billed charges applies.; No services were performed during the 15 month look back period.,2.152332,78,,,,,0,percent of total billed charges,78% of Billed Charges. Lesser of 100% of billed charges applies.; No services were performed during the 15 month look back period.,2.152332,78,,,,,0,percent of total billed charges,78% of Billed Charges. Lesser of 100% of billed charges applies.; No services were performed during the 15 month look back period.,2.152332,78,,,,,0,percent of total billed charges,78% of Billed Charges. Lesser of 100% of billed charges applies.; No services were performed during the 15 month look back period.,2.152332,78,,,,,0,percent of total billed charges,78% of Billed Charges. Lesser of 100% of billed charges applies.; No services were performed during the 15 month look back period.,2.152332,78,,,,,0,percent of total billed charges,78% of Billed Charges. Lesser of 100% of billed charges applies.; No services were performed during the 15 month look back period.,2.152332,78,,,,,0,percent of total billed charges,78% of Billed Charges. Lesser of 100% of billed charges applies.; No services were performed during the 15 month look back period.,2.152332,78,,,,,0,percent of total billed charges,78% of Billed Charges. Lesser of 100% of billed charges applies.; No services were performed during the 15 month look back period.,2.152332,78,,,,,0,percent of total billed charges,78% of Billed Charges. Lesser of 100% of billed charges applies.; No services were performed during the 15 month look back period.,2.152332,78,,,,,0,percent of total billed charges,78% of Billed Charges. Lesser of 100% of billed charges applies.; No services were performed during the 15 month look back period.,2.152332,78,,,,,0,percent of total billed charges,78% of Billed Charges. Lesser of 100% of billed charges applies.; No services were performed during the 15 month look back period.,2.152332,78,,,,,0,percent of total billed charges,78% of Billed Charges. Lesser of 100% of billed charges applies.; No services were performed during the 15 month look back period.,2.152332,78,,,,,0,percent of total billed charges,78% of Billed Charges. Lesser of 100% of billed charges applies.; No services were performed during the 15 month look back period.,2.152332,78,,,,,0,percent of total billed charges,78% of Billed Charges. Lesser of 100% of billed charges applies.; No services were performed during the 15 month look back period.,2.152332,78,,,,,0,percent of total billed charges,78% of Billed Charges. Lesser of 100% of billed charges applies.; No services were performed during the 15 month look back period.,2.152332,78,,,,,0,percent of total billed charges,78% of Billed Charges. Lesser of 100% of billed charges applies.; No services were performed during the 15 month look back period.,2.152332,78,,,,,0,percent of total billed charges,78% of Billed Charges. Lesser of 100% of billed charges applies.; No services were performed during the 15 month look back period.,2.152332,78,,,,,0,percent of total billed charges,78% of Billed Charges. Lesser of 100% of billed charges applies.; No services were performed during the 15 month look back period.,2.152332,78,,,,,0,percent of total billed charges,78% of Billed Charges. Lesser of 100% of billed charges applies.; No services were performed during the 15 month look back period.,2.014362,73,,,,,0,percent of total billed charges,73 percent of billed charges; No services were performed during the 15 month look back period.,2.014362,73,,,,,0,percent of total billed charges,73 percent of billed charges; No services were performed during the 15 month look back period.,2.014362,73,,,,,0,percent of total billed charges,73 percent of billed charges; No services were performed during the 15 month look back period.,2.014362,73,,,,,0,percent of total billed charges,73 percent of billed charges; No services were performed during the 15 month look back period.,2.20752,80,,,,,0,percent of total billed charges,80 percent of billed charges; No services were performed during the 15 month look back period.,2.20752,80,,1.7,1.7,1.7,1 through 10,percent of total billed charges,80 percent of billed charges,0.82782,30,,,,,0,percent of total billed charges,30 percent of billed charges; No services were performed during the 15 month look back period.,1.24173,45,,0.4,0.4,0.4,1 through 10,percent of total billed charges,45 percent of billed charges,,,,,,,,Fee Schedule,"100 % Zero Pay Code. ",1.24173,45,,0.42,0.4,0.42,1 through 10,percent of total billed charges,45 percent of billed charges,2.152332,78,,,,,0,percent of total billed charges,78% of Billed Charges. Lesser of 100% of billed charges applies.; No services were performed during the 15 month look back period.,2.20752,80,,,,,0,percent of total billed charges,80 percent of billed charges; No services were performed during the 15 month look back period.,1.24173,45,,,,,0,percent of total billed charges,45 percent of billed charges; No services were performed during the 15 month look back period.,,,,,,,,Fee Schedule,"100 % Zero Pay Code. ",0.82782,30,,,,,0,percent of total billed charges,30 percent of billed charges; No services were performed during the 15 month look back period.,,,,,,,,,"NA. ",2.152332,78,,,,,0,percent of total billed charges,78% of Billed Charges. Lesser of 100% of billed charges applies.; No services were performed during the 15 month look back period.,,,,,,,,Other,"100 Percent of Medicaid APG. ",2.014362,73,,,,,0,percent of total billed charges,73 percent of billed charges; No services were performed during the 15 month look back period.,,,,,,,,Other,"100 Percent of Medicaid APG. Not APG payable, or payable under another fee schedule like ASP/AWP pays at 30% of charges",,,,,,,,Other,"Not Payable. ",,,,,,,,Other,"Not Payable. ",1.3797,50,,,,,0,percent of total billed charges,50 percent of billed charges; No services were performed during the 15 month look back period.,,,,,,,,Other,"Not Payable. ",,,,,,,,Other,"Not Payable. ",,,,,,,,Other,"100 Percent of Medicaid APG. ",,,,,,,,Other,"Not Payable. ",,,,,,,,Other,"Not Payable. ",1.65564,60,,,,,0,percent of total billed charges,60 percent of billed charges; No services were performed during the 15 month look back period.,1.65564,60,,,,,0,percent of total billed charges,60 percent of billed charges; No services were performed during the 15 month look back period.,,,,,,,,Other,"Not Payable. ",0.82782,30,,,,,0,percent of total billed charges,30 percent of billed charges; No services were performed during the 15 month look back period.,,,,,,,,Fee Schedule,"100 % Zero Pay Code. ",,,,,,,,Fee Schedule,"100 % Zero Pay Code. ",,,,,,,,Other,"Not Payable. ",0.82782,30,,1.11,0.55,4.92,13,percent of total billed charges,30 percent of billed charges,1.65564,60,,,,,0,percent of total billed charges,60 percent of billed charges; No services were performed during the 15 month look back period.,1.65564,60,,1.62,0.81,1.62,1 through 10,percent of total billed charges,60 percent of billed charges,1.65564,60,,,,,0,percent of total billed charges,60 percent of billed charges; No services were performed during the 15 month look back period.,2.152332,78,,,,,0,percent of total billed charges,78% of Billed Charges. Lesser of 100% of billed charges applies.; No services were performed during the 15 month look back period.,2.152332,78,,,,,0,percent of total billed charges,78% of Billed Charges. Lesser of 100% of billed charges applies.; No services were performed during the 15 month look back period.,2.152332,78,,,,,0,percent of total billed charges,78% of Billed Charges. Lesser of 100% of billed charges applies.; No services were performed during the 15 month look back period.,2.152332,78,,,,,0,percent of total billed charges,78% of Billed Charges. Lesser of 100% of billed charges applies.; No services were performed during the 15 month look back period.,2.152332,78,,,,,0,percent of total billed charges,78% of Billed Charges. Lesser of 100% of billed charges applies.; No services were performed during the 15 month look back period.,2.152332,78,,,,,0,percent of total billed charges,78% of Billed Charges. Lesser of 100% of billed charges applies.; No services were performed during the 15 month look back period.,2.152332,78,,,,,0,percent of total billed charges,78% of Billed Charges. Lesser of 100% of billed charges applies.; No services were performed during the 15 month look back period.,2.152332,78,,,,,0,percent of total billed charges,78% of Billed Charges. Lesser of 100% of billed charges applies.; No services were performed during the 15 month look back period.,2.152332,78,,,,,0,percent of total billed charges,78% of Billed Charges. Lesser of 100% of billed charges applies.; No services were performed during the 15 month look back period.,2.152332,78,,,,,0,percent of total billed charges,78% of Billed Charges. Lesser of 100% of billed charges applies.; No services were performed during the 15 month look back period.,2.152332,78,,,,,0,percent of total billed charges,78% of Billed Charges. Lesser of 100% of billed charges applies.; No services were performed during the 15 month look back period.,2.20752,80,,2.46,2.46,2.46,1 through 10,percent of total billed charges,80 percent of billed charges,1.24173,45,,0.42,0.4,2.46,27,percent of total billed charges,45 percent of billed charges,0.82782,30,,,,,0,percent of total billed charges,30 percent of billed charges; No services were performed during the 15 month look back period.,,,,,,,,Other,"Not Payable. ",1.65564,60,,,,,0,percent of total billed charges,60 percent of billed charges; No services were performed during the 15 month look back period.,0.82782,30,,,,,0,percent of total billed charges,30 percent of billed charges; No services were performed during the 15 month look back period.,0.82782,30,,,,,0,percent of total billed charges,30 percent of billed charges; No services were performed during the 15 month look back period.,2.152332,78,,,,,0,percent of total billed charges,78% of Billed Charges. Lesser of 100% of billed charges applies.; No services were performed during the 15 month look back period.,,,,,,,,Other,"141 percent of Average Sales Price.. Drugs not priced under APG, billed with revenue code 636 and not priced by Medicare ASP FeeSched will be reimbursed at 20% of charges.",0.82782,30,,,,,0,percent of total billed charges,30 percent of billed charges; No services were performed during the 15 month look back period.,,,,,,,,Other,"100 Percent of Medicaid APG. ",,,,,,,,Other,"Not Payable. ",,,,,,,,Other,"Not Payable. ",,,,,,,,Other,"Not Payable. ",,,,,,,,Other,"Not Payable. ",,,,,,,,Other,"Not Payable. ",,,,,,,,Other,"Not Payable. ",0.82782,30,,,,,0,percent of total billed charges,30 percent of billed charges; No services were performed during the 15 month look back period.,1.3797,50,,,,,0,percent of total billed charges,50 percent of billed charges; No services were performed during the 15 month look back period.,0.9135,,,,,,,Fee Schedule,"157.5 Percent of AWP Fee Schedule. ",0.9135,,,,,,,Fee Schedule,"157.5 Percent of AWP Fee Schedule. ",0.9135,,,,,,,Fee Schedule,"157.5 Percent of AWP Fee Schedule. ",0.9135,,,,,,,Fee Schedule,"157.5 Percent of AWP Fee Schedule. ",0.9135,,,,,,,Fee Schedule,"157.5 Percent of AWP Fee Schedule. ",,,,,,,,,"NA. ",1.3797,50,,,,,0,percent of total billed charges,50 percent of billed charges; No services were performed during the 15 month look back period.,,,,,,,,Fee Schedule,"Not Payable. ",,,,,,,,Fee Schedule,"Not Payable. ",,,,,,,,Fee Schedule,"Not Payable. ",,,,,,,,Fee Schedule,"Not Payable. ",,,,,,,,Fee Schedule,"Not Payable. ",,,,,,,,Other,"Not Payable. ",2.20752,80,,,,,0,percent of total billed charges,80 percent of billed charges; No services were performed during the 15 month look back period.,2.20752,80,,,,,0,percent of total billed charges,80 percent of billed charges; No services were performed during the 15 month look back period.,2.20752,80,,,,,0,percent of total billed charges,80 percent of billed charges; No services were performed during the 15 month look back period.,2.20752,80,,,,,0,percent of total billed charges,80 percent of billed charges; No services were performed during the 15 month look back period.,1.65564,60,,,,,0,percent of total billed charges,60 percent of billed charges; No services were performed during the 15 month look back period.,1.65564,60,,,,,0,percent of total billed charges,60 percent of billed charges; No services were performed during the 15 month look back period.,1.65564,60,,,,,0,percent of total billed charges,60 percent of billed charges; No services were performed during the 15 month look back period.,1.65564,60,,,,,0,percent of total billed charges,60 percent of billed charges; No services were performed during the 15 month look back period.,1.3797,50,,,,,0,percent of total billed charges,50 percent of billed charges; No services were performed during the 15 month look back period.,1.3797,50,,,,,0,percent of total billed charges,50 percent of billed charges; No services were performed during the 15 month look back period.,,,,,,,,Other,"Not Payable. ",,,,,,,,Other,"Not Payable. ",,,,,,,,Other,"Not Payable. ",1.24173,45,,,,,0,percent of total billed charges,45 percent of billed charges; No services were performed during the 15 month look back period.,1.24173,45,,,,,0,percent of total billed charges,45 percent of billed charges; No services were performed during the 15 month look back period.,1.24173,45,,,,,0,percent of total billed charges,45 percent of billed charges; No services were performed during the 15 month look back period.,1.3797,50,,,,,0,percent of total billed charges,50 percent of billed charges; No services were performed during the 15 month look back period.,1.65564,60,,,,,0,percent of total billed charges,60 percent of billed charges; No services were performed during the 15 month look back period.,,,,,,,,Other,"Not Payable. ",1.24173,45,,,,,0,percent of total billed charges,45 percent of billed charges; No services were performed during the 15 month look back period.,,,,,,,,Other,"100 Percent of Medicaid APG. ",,,,,,,,Other,"Not Payable. ",,,,,,,,Other,"Not Payable. ",,,,,,,,Other,"Not Payable. ",0.3743,,,,,,,Fee schedule,"95 Percent of ASP. ",0.027594,1,,2.46,2.46,2.46,1 through 10,percent of total billed charges,Approximating Cost. Lesser of 100% of billed charges applies.,0.027594,1,,,,,0,percent of total billed charges,Approximating Cost. Lesser of 100% of billed charges applies.; No services were performed during the 15 month look back period.,0.027594,1,,,,,0,percent of total billed charges,Approximating Cost. Lesser of 100% of billed charges applies.; No services were performed during the 15 month look back period.,0.027594,1,,,,,0,percent of total billed charges,Approximating Cost. Lesser of 100% of billed charges applies.; No services were performed during the 15 month look back period.,0.027594,1,,,,,0,percent of total billed charges,Approximating Cost. Lesser of 100% of billed charges applies.; No services were performed during the 15 month look back period.,,,,,,,,Other,"Not Payable. ",,,,,,,,Other,"100 Percent of Medicaid APG. ",0.394,,,,,,,Fee Schedule,100 Percent of ASP if not priced then 95 Percent of AWP. Lesser of 100% of billed charges applies.,0.027594,1,,,,,0,percent of total billed charges,Approximating Cost. Lesser of 100% of billed charges applies.; No services were performed during the 15 month look back period.,0.027594,1,,,,,0,percent of total billed charges,Approximating Cost. Lesser of 100% of billed charges applies.; No services were performed during the 15 month look back period.,0.394,,,,,,,Fee Schedule,100 Percent of ASP if not priced then 95 Percent of AWP. Lesser of 100% of billed charges applies.,0.394,,,,,,,Fee Schedule,100 Percent of ASP if not priced then 95 Percent of AWP. Lesser of 100% of billed charges applies.,0.9135,,,,,,,Fee Schedule,"157.5 Percent of AWP Fee Schedule. ",,,,,,,,Other,"Not Payable. ",,,,,,,,Other,"Not Payable. ",1.65564,60,,,,,0,percent of total billed charges,60 percent of billed charges; No services were performed during the 15 month look back period.,,,,,,,,Other,"Not Payable. ",0.3743,,,,,,,Fee Schedule,"95 Percent of ASP. ",0.3743,,,,,,,Fee Schedule,"95 Percent of ASP. ",0.3743,,,,,,,Fee schedule,"95 Percent of ASP. ",0.3743,,,,,,,Fee schedule,"95 Percent of ASP. ",0.667,,,,,,,Fee Schedule,"115 Percent of AWP. ",0.644,,,,,,,Fee schedule,"115 Percent of AWP Fee Schedule. ",,,,,,,,Other,"100 Percent of Medicaid APG. ",,,,,,,,Other,"100 Percent of Medicaid APG. ",,,,,,,,Other,"100 Percent of Medicaid APG. ",,,,,,,,Other,"100 Percent of Medicaid APG. ",1.24173,45,,,,,0,percent of total billed charges,45 percent of billed charges; No services were performed during the 15 month look back period.,1.3797,50,,,,,0,percent of total billed charges,50 percent of billed charges; No services were performed during the 15 month look back period.,,,,,,,,Other,"120 Percent of Medicaid APG. Not APG payable, or payable under another fee schedule like ASP/AWP pays at 30% of charges",,,,,,,,Other,"120 Percent of Medicaid APG. Not APG payable, or payable under another fee schedule like ASP/AWP pays at 30% of charges",,,,,,,,Other,"100 Percent of Medicaid APG. Not APG payable, or payable under another fee schedule like ASP/AWP pays at 30% of charges",,,,,,,,Other,"100 Percent of Medicaid APG. Not APG payable, or payable under another fee schedule like ASP/AWP pays at 30% of charges",1.24173,45,,0.41,0.41,0.41,1 through 10,percent of total billed charges,45 percent of billed charges,1.24173,45,,,,,0,percent of total billed charges,45 percent of billed charges; No services were performed during the 15 month look back period.,,,,,,,,Other,"Not Payable. ",1.24173,45,,,,,0,percent of total billed charges,45 percent of billed charges; No services were performed during the 15 month look back period.,1.24173,45,,0.41,0.4,2.46,24,percent of total billed charges,45 percent of billed charges,1.24173,45,,,,,0,percent of total billed charges,45 percent of billed charges; No services were performed during the 15 month look back period.,1.24173,45,,,,,0,percent of total billed charges,45 percent of billed charges; No services were performed during the 15 month look back period.,,,,,,,,Other,"Not Payable. ",1.24173,45,,,,,0,percent of total billed charges,45 percent of billed charges; No services were performed during the 15 month look back period.,1.24173,45,,,,,0,percent of total billed charges,45 percent of billed charges; No services were performed during the 15 month look back period.,1.65564,60,,,,,0,percent of total billed charges,60 percent of billed charges; No services were performed during the 15 month look back period.,0.4137,,,,,,,Fee Schedule,105% of ASP. Lesser of 100% of billed charges applies.,0.644,,,,,,,Fee schedule,"115 Percent of AWP Fee Schedule. ",0.027594,1,,,,,0,percent of total billed charges,Approximating Cost. Lesser of 100% of billed charges applies.; No services were performed during the 15 month look back period.,0.667,,,,,,,Fee Schedule,"115 Percent of AWP. ",0.644,,,,,,,Fee schedule,"115 Percent of AWP Fee Schedule. ",0.027594,1,,,,,0,percent of total billed charges,Approximating Cost. Lesser of 100% of billed charges applies.; No services were performed during the 15 month look back period.,0.027594,1,,,,,0,percent of total billed charges,Approximating Cost. Lesser of 100% of billed charges applies.; No services were performed during the 15 month look back period.,0.027594,1,,,,,0,percent of total billed charges,Approximating Cost. Lesser of 100% of billed charges applies.; No services were performed during the 15 month look back period.,0.027594,1,,,,,0,percent of total billed charges,Approximating Cost. Lesser of 100% of billed charges applies.; No services were performed during the 15 month look back period.,0.027594,1,,,,,0,percent of total billed charges,Approximating Cost. Lesser of 100% of billed charges applies.; No services were performed during the 15 month look back period.,0.027594,1,,,,,0,percent of total billed charges,Approximating Cost. Lesser of 100% of billed charges applies.; No services were performed during the 15 month look back period.,,,,,,,,,"NA. ",,,,,,,,,"NA. ",,,,,,,,,"NA. ",0.82782,30,,,,,0,percent of total billed charges,30 percent of billed charges; No services were performed during the 15 month look back period.,,,,,,,,,"NA. ",,,,,,,,Other,"Not Payable. ",0.36,,,,,,,Fee Schedule,"100 % 1199 Fee Schedule. ",,,,,,,,Other,"Not Payable. ",,,,,,,,Other,"Not Payable. ",,,,,,,,Other,"120 Percent of Medicaid APG. Not APG payable, or payable under another fee schedule like ASP/AWP pays at 30% of charges",,,,,,,,Other,"120 Percent of Medicaid APG. Not APG payable, or payable under another fee schedule like ASP/AWP pays at 30% of charges",,,,,,,,Other,"100 Percent of Medicaid APG. Not APG payable, or payable under another fee schedule like ASP/AWP pays at 30% of charges",,,,,,,,Other,"100 Percent of Medicaid APG. Not APG payable, or payable under another fee schedule like ASP/AWP pays at 30% of charges",,,,,,,,Other,"100 Percent of Medicaid APG. ",2.014362,73,,,,,0,percent of total billed charges,73 percent of billed charges; No services were performed during the 15 month look back period.,1.65564,60,,,,,0,percent of total billed charges,60 percent of billed charges; No services were performed during the 15 month look back period.,2.014362,73,,,,,0,percent of total billed charges,73 percent of billed charges; No services were performed during the 15 month look back period.,0.82782,30,,,,,0,percent of total billed charges,30 percent of billed charges; No services were performed during the 15 month look back period.,,,,,,,,Other,"Not Payable. ",,,,,,,,Other,"Not Payable. ",,,,,,,,Other,"Not Payable. ",,,,,,,,Other,"Not Payable. ",,,,,,,,Other,"Not Payable. ",,,,,,,,Other,"Not Payable. ",,,,,,,,,"NA. ",0.027594,1,,1.7,1.7,1.7,1 through 10,percent of total billed charges,Approximating Cost. Lesser of 100% of billed charges applies.,0.394,,,,,,,Fee Schedule,100 Percent of ASP if not priced then 95 Percent of AWP. Lesser of 100% of billed charges applies.,1.24173,45,,,,,0,percent of total billed charges,45 percent of billed charges; No services were performed during the 15 month look back period.,2.014362,73,,,,,0,percent of total billed charges,73 percent of billed charges; No services were performed during the 15 month look back period.,2.014362,73,,,,,0,percent of total billed charges,73 percent of billed charges; No services were performed during the 15 month look back period.,2.014362,73,,,,,0,percent of total billed charges,73 percent of billed charges; No services were performed during the 15 month look back period.,2.014362,73,,,,,0,percent of total billed charges,73 percent of billed charges; No services were performed during the 15 month look back period.,,,,,,,,Other,"Not Payable. ",,,,,,,,Other,"100 Percent of Medicaid APG. ",1.24173,45,,,,,0,percent of total billed charges,45 percent of billed charges; No services were performed during the 15 month look back period.,,,,,,,,Other,"100 Percent of Medicaid APG. ",,,,,,,,Other,"Not Payable. ",,,,,,,,Other,"100 Percent of Medicaid APG. ",,,,,,,,Other,"Not Payable. ",,,,,,,,Other,"Not Payable. ",,,,,,,,Other,"100 Percent of Medicaid APG. ",,,,,,,,Other,"100 Percent of Medicaid APG. ",2.014362,73,,,,,0,percent of total billed charges,73 percent of billed charges; No services were performed during the 15 month look back period.,0.82782,30,,,,,0,percent of total billed charges,30 percent of billed charges; No services were performed during the 15 month look back period.,2.152332,78,,,,,0,percent of total billed charges,78% of Billed Charges. Lesser of 100% of billed charges applies.; No services were performed during the 15 month look back period.,,,,,,,,Fee Schedule,"100 % Zero Pay Code. ",,,,,,,,Fee Schedule,"100 % Zero Pay Code. ",1.65564,60,,,,,0,percent of total billed charges,60 percent of billed charges; No services were performed during the 15 month look back period.,,,,,,,,Other,"Not Payable. ",2.20752,80,,,,,0,percent of total billed charges,80 percent of billed charges; No services were performed during the 15 month look back period.,2.20752,80,,,,,0,percent of total billed charges,80 percent of billed charges; No services were performed during the 15 month look back period.,0.993384,36,,,,,0,percent of total billed charges,36 percent of billed charges; No services were performed during the 15 month look back period.,0.993384,36,,,,,0,percent of total billed charges,36 percent of billed charges; No services were performed during the 15 month look back period.,,,,,,,,Other,"Not Payable. ",,,,,,,,Other,"Not Payable. ",,,,,,,,Other,"Not Payable. ",,,,,,,,Other,"Not Payable. ",,,,,,,,Fee Schedule,"100 % Zero Pay Code. ",1.24173,45,,,,,0,percent of total billed charges,45 percent of billed charges; No services were performed during the 15 month look back period.,1.24173,45,,,,,0,percent of total billed charges,45 percent of billed charges; No services were performed during the 15 month look back period.,,,,,,,,Other,"Not Payable. ",0.993384,36,,,,,0,percent of total billed charges,36 percent of billed charges; No services were performed during the 15 month look back period.,2.014362,73,,1.7,1.7,1.7,1 through 10,percent of total billed charges,73 percent of billed charges,,,,,,,,Fee Schedule,"120 Percent of Medicaid APG. ",,,,,,,,Other,"100 Percent of Medicaid APG. ",2.014362,73,,,,,0,percent of total billed charges,73 percent of billed charges; No services were performed during the 15 month look back period.,1.117557,40.5,,,,,0,percent of total billed charges,40.5 percent of billed charges; No services were performed during the 15 month look back period.,1.117557,40.5,,0.42,0.41,2.46,1 through 10,percent of total billed charges,40.5 percent of billed charges,1.24173,45,,,,,0,percent of total billed charges,45 percent of billed charges; No services were performed during the 15 month look back period.,1.3797,50,,,,,0,percent of total billed charges,50 percent of billed charges; No services were performed during the 15 month look back period.,,,,,,,,Other,"Not Payable. ",,,,,,,,Fee Schedule,"Not payable. ",,,,,,,,Fee Schedule,"Not payable. ",,,,,,,,Fee Schedule,"Not payable. ",,,,,,,,Fee Schedule,"Not payable. ",,,,,,,,Fee Schedule,"100 % Zero Pay Code. ",,,,,,,,Fee Schedule,"Not payable. ",,,,,,,,Fee Schedule,"Not payable. ",,,,,,,,Fee Schedule,"Not payable. ",,,,,,,,Fee Schedule,"Not payable. ",,,,,,,,Fee Schedule,"Not payable. ",,,,,,,,Fee Schedule,"Not payable. ",,,,,,,,Fee Schedule,"Not payable. ",,,,,,,,Other,"Not Payable. ",,,,,,,,Fee Schedule,"100 % Zero Pay Code. ",,,,,,,,Other,"Not Payable. ",,,,,,,,Fee Schedule,"Not payable. ",1.24173,45,,,,,0,percent of total billed charges,45 percent of billed charges; No services were performed during the 15 month look back period.,,,,,,,,Other,"Not Payable. ",1.24173,45,,,,,0,percent of total billed charges,45 percent of billed charges; No services were performed during the 15 month look back period.,1.24173,45,,,,,0,percent of total billed charges,45 percent of billed charges; No services were performed during the 15 month look back period.,1.24173,45,,,,,0,percent of total billed charges,45 percent of billed charges; No services were performed during the 15 month look back period.,,,,,,,,Fee Schedule,"Not payable. ",,,,,,,,Other,"Not Payable. ",1.24173,45,,,,,0,percent of total billed charges,45 percent of billed charges; No services were performed during the 15 month look back period.,,,,,,,,Fee Schedule,"Not payable. ",1.24173,45,,,,,0,percent of total billed charges,45 percent of billed charges; No services were performed during the 15 month look back period.,0.82782,30,,,,,0,percent of total billed charges,30% of Charges. ; No services were performed during the 15 month look back period.,,,,,,,,Other,"Not Payable. ",2.014362,73,,,,,0,percent of total billed charges,73 percent of billed charges; No services were performed during the 15 month look back period.,2.014362,73,,,,,0,percent of total billed charges,73 percent of billed charges; No services were performed during the 15 month look back period.,2.014362,73,,,,,0,percent of total billed charges,73 percent of billed charges; No services were performed during the 15 month look back period.,2.014362,73,,,,,0,percent of total billed charges,73 percent of billed charges; No services were performed during the 15 month look back period.,2.014362,73,,,,,0,percent of total billed charges,73 percent of billed charges; No services were performed during the 15 month look back period.,2.014362,73,,,,,0,percent of total billed charges,73 percent of billed charges; No services were performed during the 15 month look back period.,2.014362,73,,,,,0,percent of total billed charges,73 percent of billed charges; No services were performed during the 15 month look back period.,2.014362,73,,,,,0,percent of total billed charges,73 percent of billed charges; No services were performed during the 15 month look back period.,2.014362,73,,,,,0,percent of total billed charges,73 percent of billed charges; No services were performed during the 15 month look back period.,2.014362,73,,,,,0,percent of total billed charges,73 percent of billed charges; No services were performed during the 15 month look back period.,2.014362,73,,,,,0,percent of total billed charges,73 percent of billed charges; No services were performed during the 15 month look back period.,2.014362,73,,,,,0,percent of total billed charges,73 percent of billed charges; No services were performed during the 15 month look back period.,,,,,,,,Other,"Not Payable. ",2.014362,73,,,,,0,percent of total billed charges,73 percent of billed charges; No services were performed during the 15 month look back period.,,,,,,,,Other,"Not Payable. ",,,,,,,,Other,"106 percent of Average Sales Price.. Drugs not priced under APG, billed with revenue code 636 and not priced by Medicare ASP FeeSched will be reimbursed at 20% of charges.",,,,,,,,Other,"106 percent of Average Sales Price.. Drugs not priced under APG, billed with revenue code 636 and not priced by Medicare ASP FeeSched will be reimbursed at 20% of charges.",,,,,,,,Fee Schedule,"100 % Zero Pay Code. ",,,,,,,,Fee Schedule,"100 % Zero Pay Code. ",,,,,,,,Other,"Not Payable. ",2.20752,80,,,,,0,percent of total billed charges,80 percent of billed charges; No services were performed during the 15 month look back period.,,,,,,,,Other,"Not Payable. ",,,,,,,,Other,"Not Payable. ",1.65564,60,,,,,0,percent of total billed charges,60 percent of billed charges; No services were performed during the 15 month look back period.,,,,,,,,Other,"Not Payable. ",0.82782,30,,,,,0,percent of total billed charges,30 percent of billed charges; No services were performed during the 15 month look back period.,,,,,,,,Other,"Not Payable. ",0.82782,30,,,,,0,percent of total billed charges,30 percent of billed charges; No services were performed during the 15 month look back period.,1.65564,60,,,,,0,percent of total billed charges,60 percent of billed charges; No services were performed during the 15 month look back period.,0.82782,30,,,,,0,percent of total billed charges,30 percent of billed charges; No services were performed during the 15 month look back period.,,,,,,,,Other,"Not Payable. ",,,,,,,,Other,"100 Percent of Medicaid APG. ",,,,,,,,Other,"Not Payable. ",0.82782,30,,,,,0,percent of total billed charges,30 percent of billed charges; No services were performed during the 15 month look back period.,,,,,,,,Fee Schedule,"100 % Zero Pay Code. ",,,,,,,,Other,"100 Percent of Medicaid APG. ",1.24173,45,,,,,0,percent of total billed charges,45 percent of billed charges; No services were performed during the 15 month look back period.,,,,,,,,Fee Schedule,"120 Percent of Medicaid APG. ",,,,,,,,Fee Schedule,"120 Percent of Medicaid APG. ",1.24173,45,,,,,0,percent of total billed charges,45 percent of billed charges; No services were performed during the 15 month look back period.,1.24173,45,,,,,0,percent of total billed charges,45 percent of billed charges; No services were performed during the 15 month look back period.,1.24173,45,,,,,0,percent of total billed charges,45 percent of billed charges; No services were performed during the 15 month look back period.,,,,,,,,Fee Schedule,"100 % Zero Pay Code. ",1.24173,45,,,,,0,percent of total billed charges,45 percent of billed charges; No services were performed during the 15 month look back period.,1.24173,45,,,,,0,percent of total billed charges,45 percent of billed charges; No services were performed during the 15 month look back period.,1.24173,45,,,,,0,percent of total billed charges,45 percent of billed charges; No services were performed during the 15 month look back period.,2.014362,73,,,,,0,percent of total billed charges,73 percent of billed charges; No services were performed during the 15 month look back period.,2.014362,73,,,,,0,percent of total billed charges,73 percent of billed charges; No services were performed during the 15 month look back period.,,,,,,,,Fee Schedule,"Not Payable. ",,,,,,,,Other,"100 Percent of Medicaid APG. ",,,,,,,,Fee Schedule,"100 % Zero Pay Code. ",0.82782,30,,,,,0,percent of total billed charges,30 percent of billed charges; No services were performed during the 15 month look back period.,1.65564,60,,,,,0,percent of total billed charges,60 percent of billed charges; No services were performed during the 15 month look back period.,,,,,,,,Fee Schedule,"100 % Zero Pay Code. ",1.65564,60,,,,,0,percent of total billed charges,60 percent of billed charges; No services were performed during the 15 month look back period.,,,,,,,,Fee Schedule,"100 % Zero Pay Code. ",1.24173,45,,,,,0,percent of total billed charges,45 percent of billed charges; No services were performed during the 15 month look back period.,1.24173,45,,,,,0,percent of total billed charges,45 percent of billed charges; No services were performed during the 15 month look back period.,1.24173,45,,,,,0,percent of total billed charges,45 percent of billed charges; No services were performed during the 15 month look back period.,1.24173,45,,,,,0,percent of total billed charges,45 percent of billed charges; No services were performed during the 15 month look back period.,,,,,,,,Other,"Not Payable. ",0.027594,5.5188,
J8515,HCPCS,5010015,LOCAL,636,RC,"CABERGOLINE, ORAL 0.25MG",30.4227,5.780313,Outpatient,ME,0.25,,14.572,,,,,,,Fee Schedule,"100 % 1199 Fee Schedule. ",14.572,,,,,,,Fee Schedule,"100 % 1199 Fee Schedule. ",18.25362,60,,,,,0,percent of total billed charges,60 percent of billed charges; No services were performed during the 15 month look back period.,30.4227,100,,,,,0,percent of total billed charges,100 percent of billed charges; No services were performed during the 15 month look back period.,,,,,,,,Other,"Not Payable. ",18.25362,60,,,,,0,percent of total billed charges,60 percent of billed charges; No services were performed during the 15 month look back period.,18.25362,60,,48.36,29.02,48.36,1 through 10,percent of total billed charges,60 percent of billed charges,18.25362,60,,,,,0,percent of total billed charges,60 percent of billed charges; No services were performed during the 15 month look back period.,,,,,,,,Other,"100 Percent of Medicaid APG. ",,,,,,,,Other,"100 Percent of Medicaid APG. ",23.729706,78,,,,,0,percent of total billed charges,78% of Billed Charges. Lesser of 100% of billed charges applies.; No services were performed during the 15 month look back period.,,,,,,,,Fee Schedule,"100 % Zero Pay Code. ",,,,,,,,Other,"100 Percent of Medicaid APG. ",,,,,,,,Other,"Not Payable. ",9.12681,30,,,,,0,percent of total billed charges,30 percent of billed charges; No services were performed during the 15 month look back period.,9.12681,30,,,,,0,percent of total billed charges,30 percent of billed charges; No services were performed during the 15 month look back period.,9.12681,30,,,,,0,percent of total billed charges,30 percent of billed charges; No services were performed during the 15 month look back period.,9.12681,30,,,,,0,percent of total billed charges,30 percent of billed charges; No services were performed during the 15 month look back period.,4.025,,,,,,,Fee schedule,"115 Percent of AWP Fee Schedule. ",,,,,,,,Other,"Not Payable. ",4.025,,,,,,,Fee schedule,"115 Percent of AWP Fee Schedule. ",23.729706,78,,,,,0,percent of total billed charges,78% of Billed Charges. Lesser of 100% of billed charges applies.; No services were performed during the 15 month look back period.,18.25362,60,,,,,0,percent of total billed charges,60 percent of billed charges; No services were performed during the 15 month look back period.,,,,,,,,Other,"Not Payable. ",22.208571,73,,,,,0,percent of total billed charges,73 percent of billed charges; No services were performed during the 15 month look back period.,,,,,,,,Other,"Not Payable. ",,,,,,,,Other,"Not Payable. ",23.729706,78,,,,,0,percent of total billed charges,78% of Billed Charges. Lesser of 100% of billed charges applies.; No services were performed during the 15 month look back period.,1.786,,,,,,,Fee Schedule,95 Percent of AWP. Lesser of 100% of billed charges applies.,1.786,,,,,,,Fee Schedule,95 Percent of AWP. Lesser of 100% of billed charges applies.,0.304227,1,,,,,0,percent of total billed charges,35 Percent of Charges. ; No services were performed during the 15 month look back period.,0.304227,1,,,,,0,percent of total billed charges,35 Percent of Charges. ; No services were performed during the 15 month look back period.,22.208571,73,,,,,0,percent of total billed charges,73 percent of billed charges; No services were performed during the 15 month look back period.,22.208571,73,,,,,0,percent of total billed charges,73 percent of billed charges; No services were performed during the 15 month look back period.,,,,,,,,Other,"100 Percent of Medicaid APG. Not APG payable, or payable under another fee schedule like ASP/AWP pays at 30% of charges",22.208571,73,,,,,0,percent of total billed charges,73 percent of billed charges; No services were performed during the 15 month look back period.,,,,,,,,Other,"100 Percent of Medicaid APG. Not APG payable, or payable under another fee schedule like ASP/AWP pays at 30% of charges",,,,,,,,Other,"Not Payable. ",22.208571,73,,,,,0,percent of total billed charges,73 percent of billed charges; No services were performed during the 15 month look back period.,23.729706,78,,,,,0,percent of total billed charges,78% of Billed Charges. Lesser of 100% of billed charges applies.; No services were performed during the 15 month look back period.,,,,,,,,Other,"106 percent of Average Sales Price.. Drugs not priced under APG, billed with revenue code 636 and not priced by Medicare ASP FeeSched will be reimbursed at 20% of charges.",,,,,,,,Other,"106 percent of Average Sales Price.. Drugs not priced under APG, billed with revenue code 636 and not priced by Medicare ASP FeeSched will be reimbursed at 20% of charges.",23.729706,78,,,,,0,percent of total billed charges,78% of Billed Charges. Lesser of 100% of billed charges applies.; No services were performed during the 15 month look back period.,9.12681,30,,,,,0,percent of total billed charges,30 percent of billed charges; No services were performed during the 15 month look back period.,,,,,,,,Fee Schedule,"100 % Zero Pay Code. ",,,,,,,,Fee Schedule,"100 % Zero Pay Code. ",23.729706,78,,,,,0,percent of total billed charges,78% of Billed Charges. Lesser of 100% of billed charges applies.; No services were performed during the 15 month look back period.,,,,,,,,Other,"Not Payable. ",,,,,,,,Fee Schedule,"100 % Zero Pay Code. ",,,,,,,,Fee Schedule,"100 % Zero Pay Code. ",,,,,,,,Fee Schedule,"100 % Zero Pay Code. ",,,,,,,,Other,"Not Payable. ",,,,,,,,Fee Schedule,"100 % Zero Pay Code. ",,,,,,,,Fee Schedule,"100 % Zero Pay Code. ",,,,,,,,Other,"Not Payable. ",15.21135,50,,,,,0,percent of total billed charges,50 percent of billed charges; No services were performed during the 15 month look back period.,13.690215,45,,,,,0,percent of total billed charges,45 percent of billed charges; No services were performed during the 15 month look back period.,13.690215,45,,,,,0,percent of total billed charges,45 percent of billed charges; No services were performed during the 15 month look back period.,13.690215,45,,,,,0,percent of total billed charges,45 percent of billed charges; No services were performed during the 15 month look back period.,13.690215,45,,,,,0,percent of total billed charges,45 percent of billed charges; No services were performed during the 15 month look back period.,13.690215,45,,,,,0,percent of total billed charges,45 percent of billed charges; No services were performed during the 15 month look back period.,13.690215,45,,,,,0,percent of total billed charges,45 percent of billed charges; No services were performed during the 15 month look back period.,,,,,,,,Other,"Not Payable. ",,,,,,,,Other,"Not Payable. ",13.690215,45,,,,,0,percent of total billed charges,45 percent of billed charges; No services were performed during the 15 month look back period.,23.729706,78,,,,,0,percent of total billed charges,78% of Billed Charges. Lesser of 100% of billed charges applies.; No services were performed during the 15 month look back period.,23.729706,78,,,,,0,percent of total billed charges,78% of Billed Charges. Lesser of 100% of billed charges applies.; No services were performed during the 15 month look back period.,23.729706,78,,,,,0,percent of total billed charges,78% of Billed Charges. Lesser of 100% of billed charges applies.; No services were performed during the 15 month look back period.,23.729706,78,,,,,0,percent of total billed charges,78% of Billed Charges. Lesser of 100% of billed charges applies.; No services were performed during the 15 month look back period.,23.729706,78,,,,,0,percent of total billed charges,78% of Billed Charges. Lesser of 100% of billed charges applies.; No services were performed during the 15 month look back period.,23.729706,78,,,,,0,percent of total billed charges,78% of Billed Charges. Lesser of 100% of billed charges applies.; No services were performed during the 15 month look back period.,23.729706,78,,,,,0,percent of total billed charges,78% of Billed Charges. Lesser of 100% of billed charges applies.; No services were performed during the 15 month look back period.,23.729706,78,,,,,0,percent of total billed charges,78% of Billed Charges. Lesser of 100% of billed charges applies.; No services were performed during the 15 month look back period.,23.729706,78,,,,,0,percent of total billed charges,78% of Billed Charges. Lesser of 100% of billed charges applies.; No services were performed during the 15 month look back period.,23.729706,78,,,,,0,percent of total billed charges,78% of Billed Charges. Lesser of 100% of billed charges applies.; No services were performed during the 15 month look back period.,23.729706,78,,,,,0,percent of total billed charges,78% of Billed Charges. Lesser of 100% of billed charges applies.; No services were performed during the 15 month look back period.,23.729706,78,,,,,0,percent of total billed charges,78% of Billed Charges. Lesser of 100% of billed charges applies.; No services were performed during the 15 month look back period.,23.729706,78,,,,,0,percent of total billed charges,78% of Billed Charges. Lesser of 100% of billed charges applies.; No services were performed during the 15 month look back period.,23.729706,78,,,,,0,percent of total billed charges,78% of Billed Charges. Lesser of 100% of billed charges applies.; No services were performed during the 15 month look back period.,23.729706,78,,,,,0,percent of total billed charges,78% of Billed Charges. Lesser of 100% of billed charges applies.; No services were performed during the 15 month look back period.,23.729706,78,,,,,0,percent of total billed charges,78% of Billed Charges. Lesser of 100% of billed charges applies.; No services were performed during the 15 month look back period.,23.729706,78,,,,,0,percent of total billed charges,78% of Billed Charges. Lesser of 100% of billed charges applies.; No services were performed during the 15 month look back period.,23.729706,78,,,,,0,percent of total billed charges,78% of Billed Charges. Lesser of 100% of billed charges applies.; No services were performed during the 15 month look back period.,23.729706,78,,,,,0,percent of total billed charges,78% of Billed Charges. Lesser of 100% of billed charges applies.; No services were performed during the 15 month look back period.,23.729706,78,,,,,0,percent of total billed charges,78% of Billed Charges. Lesser of 100% of billed charges applies.; No services were performed during the 15 month look back period.,23.729706,78,,,,,0,percent of total billed charges,78% of Billed Charges. Lesser of 100% of billed charges applies.; No services were performed during the 15 month look back period.,23.729706,78,,,,,0,percent of total billed charges,78% of Billed Charges. Lesser of 100% of billed charges applies.; No services were performed during the 15 month look back period.,23.729706,78,,,,,0,percent of total billed charges,78% of Billed Charges. Lesser of 100% of billed charges applies.; No services were performed during the 15 month look back period.,23.729706,78,,,,,0,percent of total billed charges,78% of Billed Charges. Lesser of 100% of billed charges applies.; No services were performed during the 15 month look back period.,23.729706,78,,,,,0,percent of total billed charges,78% of Billed Charges. Lesser of 100% of billed charges applies.; No services were performed during the 15 month look back period.,23.729706,78,,,,,0,percent of total billed charges,78% of Billed Charges. Lesser of 100% of billed charges applies.; No services were performed during the 15 month look back period.,22.208571,73,,,,,0,percent of total billed charges,73 percent of billed charges; No services were performed during the 15 month look back period.,22.208571,73,,,,,0,percent of total billed charges,73 percent of billed charges; No services were performed during the 15 month look back period.,22.208571,73,,,,,0,percent of total billed charges,73 percent of billed charges; No services were performed during the 15 month look back period.,22.208571,73,,,,,0,percent of total billed charges,73 percent of billed charges; No services were performed during the 15 month look back period.,24.33816,80,,,,,0,percent of total billed charges,80 percent of billed charges; No services were performed during the 15 month look back period.,24.33816,80,,,,,0,percent of total billed charges,80 percent of billed charges; No services were performed during the 15 month look back period.,9.12681,30,,,,,0,percent of total billed charges,30 percent of billed charges; No services were performed during the 15 month look back period.,13.690215,45,,,,,0,percent of total billed charges,45 percent of billed charges; No services were performed during the 15 month look back period.,,,,,,,,Fee Schedule,"100 % Zero Pay Code. ",13.690215,45,,,,,0,percent of total billed charges,45 percent of billed charges; No services were performed during the 15 month look back period.,23.729706,78,,,,,0,percent of total billed charges,78% of Billed Charges. Lesser of 100% of billed charges applies.; No services were performed during the 15 month look back period.,24.33816,80,,,,,0,percent of total billed charges,80 percent of billed charges; No services were performed during the 15 month look back period.,13.690215,45,,,,,0,percent of total billed charges,45 percent of billed charges; No services were performed during the 15 month look back period.,,,,,,,,Fee Schedule,"100 % Zero Pay Code. ",9.12681,30,,,,,0,percent of total billed charges,30 percent of billed charges; No services were performed during the 15 month look back period.,,,,,,,,,"NA. ",23.729706,78,,,,,0,percent of total billed charges,78% of Billed Charges. Lesser of 100% of billed charges applies.; No services were performed during the 15 month look back period.,,,,,,,,Other,"100 Percent of Medicaid APG. ",22.208571,73,,,,,0,percent of total billed charges,73 percent of billed charges; No services were performed during the 15 month look back period.,,,,,,,,Other,"100 Percent of Medicaid APG. Not APG payable, or payable under another fee schedule like ASP/AWP pays at 30% of charges",,,,,,,,Other,"Not Payable. ",,,,,,,,Other,"Not Payable. ",15.21135,50,,,,,0,percent of total billed charges,50 percent of billed charges; No services were performed during the 15 month look back period.,,,,,,,,Other,"Not Payable. ",,,,,,,,Other,"Not Payable. ",,,,,,,,Other,"100 Percent of Medicaid APG. ",,,,,,,,Other,"Not Payable. ",,,,,,,,Other,"Not Payable. ",18.25362,60,,,,,0,percent of total billed charges,60 percent of billed charges; No services were performed during the 15 month look back period.,18.25362,60,,,,,0,percent of total billed charges,60 percent of billed charges; No services were performed during the 15 month look back period.,,,,,,,,Other,"Not Payable. ",9.12681,30,,,,,0,percent of total billed charges,30 percent of billed charges; No services were performed during the 15 month look back period.,,,,,,,,Fee Schedule,"100 % Zero Pay Code. ",,,,,,,,Fee Schedule,"100 % Zero Pay Code. ",,,,,,,,Other,"Not Payable. ",9.12681,30,,,,,0,percent of total billed charges,30 percent of billed charges; No services were performed during the 15 month look back period.,18.25362,60,,,,,0,percent of total billed charges,60 percent of billed charges; No services were performed during the 15 month look back period.,18.25362,60,,,,,0,percent of total billed charges,60 percent of billed charges; No services were performed during the 15 month look back period.,18.25362,60,,,,,0,percent of total billed charges,60 percent of billed charges; No services were performed during the 15 month look back period.,23.729706,78,,,,,0,percent of total billed charges,78% of Billed Charges. Lesser of 100% of billed charges applies.; No services were performed during the 15 month look back period.,23.729706,78,,,,,0,percent of total billed charges,78% of Billed Charges. Lesser of 100% of billed charges applies.; No services were performed during the 15 month look back period.,23.729706,78,,,,,0,percent of total billed charges,78% of Billed Charges. Lesser of 100% of billed charges applies.; No services were performed during the 15 month look back period.,23.729706,78,,,,,0,percent of total billed charges,78% of Billed Charges. Lesser of 100% of billed charges applies.; No services were performed during the 15 month look back period.,23.729706,78,,,,,0,percent of total billed charges,78% of Billed Charges. Lesser of 100% of billed charges applies.; No services were performed during the 15 month look back period.,23.729706,78,,,,,0,percent of total billed charges,78% of Billed Charges. Lesser of 100% of billed charges applies.; No services were performed during the 15 month look back period.,23.729706,78,,,,,0,percent of total billed charges,78% of Billed Charges. Lesser of 100% of billed charges applies.; No services were performed during the 15 month look back period.,23.729706,78,,,,,0,percent of total billed charges,78% of Billed Charges. Lesser of 100% of billed charges applies.; No services were performed during the 15 month look back period.,23.729706,78,,,,,0,percent of total billed charges,78% of Billed Charges. Lesser of 100% of billed charges applies.; No services were performed during the 15 month look back period.,23.729706,78,,,,,0,percent of total billed charges,78% of Billed Charges. Lesser of 100% of billed charges applies.; No services were performed during the 15 month look back period.,23.729706,78,,,,,0,percent of total billed charges,78% of Billed Charges. Lesser of 100% of billed charges applies.; No services were performed during the 15 month look back period.,24.33816,80,,,,,0,percent of total billed charges,80 percent of billed charges; No services were performed during the 15 month look back period.,13.690215,45,,,,,0,percent of total billed charges,45 percent of billed charges; No services were performed during the 15 month look back period.,9.12681,30,,,,,0,percent of total billed charges,30 percent of billed charges; No services were performed during the 15 month look back period.,,,,,,,,Other,"Not Payable. ",18.25362,60,,,,,0,percent of total billed charges,60 percent of billed charges; No services were performed during the 15 month look back period.,9.12681,30,,,,,0,percent of total billed charges,30 percent of billed charges; No services were performed during the 15 month look back period.,9.12681,30,,,,,0,percent of total billed charges,30 percent of billed charges; No services were performed during the 15 month look back period.,23.729706,78,,,,,0,percent of total billed charges,78% of Billed Charges. Lesser of 100% of billed charges applies.; No services were performed during the 15 month look back period.,6.08454,20,,,,,0,percent of total billed charges,"20 percent of billed charges. Drugs not priced under APG, billed with revenue code 636 and not priced by Medicare ASP FeeSched will be reimbursed at 20% of charges.; No services were performed during the 15 month look back period.",9.12681,30,,,,,0,percent of total billed charges,30 percent of billed charges; No services were performed during the 15 month look back period.,,,,,,,,Other,"100 Percent of Medicaid APG. ",,,,,,,,Other,"Not Payable. ",,,,,,,,Other,"Not Payable. ",,,,,,,,Other,"Not Payable. ",,,,,,,,Other,"Not Payable. ",,,,,,,,Other,"Not Payable. ",,,,,,,,Other,"Not Payable. ",9.12681,30,,,,,0,percent of total billed charges,30 percent of billed charges; No services were performed during the 15 month look back period.,15.21135,50,,,,,0,percent of total billed charges,50 percent of billed charges; No services were performed during the 15 month look back period.,2.961,,,,,,,Fee Schedule,"157.5 Percent of AWP Fee Schedule. ",2.961,,,,,,,Fee Schedule,"157.5 Percent of AWP Fee Schedule. ",2.961,,,,,,,Fee Schedule,"157.5 Percent of AWP Fee Schedule. ",2.961,,,,,,,Fee Schedule,"157.5 Percent of AWP Fee Schedule. ",2.961,,,,,,,Fee Schedule,"157.5 Percent of AWP Fee Schedule. ",,,,,,,,,"NA. ",15.21135,50,,,,,0,percent of total billed charges,50 percent of billed charges; No services were performed during the 15 month look back period.,,,,,,,,Fee Schedule,"Not Payable. ",,,,,,,,Fee Schedule,"Not Payable. ",,,,,,,,Fee Schedule,"Not Payable. ",,,,,,,,Fee Schedule,"Not Payable. ",,,,,,,,Fee Schedule,"Not Payable. ",,,,,,,,Other,"Not Payable. ",24.33816,80,,,,,0,percent of total billed charges,80 percent of billed charges; No services were performed during the 15 month look back period.,24.33816,80,,,,,0,percent of total billed charges,80 percent of billed charges; No services were performed during the 15 month look back period.,24.33816,80,,,,,0,percent of total billed charges,80 percent of billed charges; No services were performed during the 15 month look back period.,24.33816,80,,,,,0,percent of total billed charges,80 percent of billed charges; No services were performed during the 15 month look back period.,18.25362,60,,,,,0,percent of total billed charges,60 percent of billed charges; No services were performed during the 15 month look back period.,18.25362,60,,,,,0,percent of total billed charges,60 percent of billed charges; No services were performed during the 15 month look back period.,18.25362,60,,,,,0,percent of total billed charges,60 percent of billed charges; No services were performed during the 15 month look back period.,18.25362,60,,,,,0,percent of total billed charges,60 percent of billed charges; No services were performed during the 15 month look back period.,15.21135,50,,,,,0,percent of total billed charges,50 percent of billed charges; No services were performed during the 15 month look back period.,15.21135,50,,,,,0,percent of total billed charges,50 percent of billed charges; No services were performed during the 15 month look back period.,,,,,,,,Other,"Not Payable. ",,,,,,,,Other,"Not Payable. ",,,,,,,,Other,"Not Payable. ",13.690215,45,,,,,0,percent of total billed charges,45 percent of billed charges; No services were performed during the 15 month look back period.,13.690215,45,,,,,0,percent of total billed charges,45 percent of billed charges; No services were performed during the 15 month look back period.,13.690215,45,,,,,0,percent of total billed charges,45 percent of billed charges; No services were performed during the 15 month look back period.,15.21135,50,,,,,0,percent of total billed charges,50 percent of billed charges; No services were performed during the 15 month look back period.,18.25362,60,,,,,0,percent of total billed charges,60 percent of billed charges; No services were performed during the 15 month look back period.,,,,,,,,Other,"Not Payable. ",13.690215,45,,,,,0,percent of total billed charges,45 percent of billed charges; No services were performed during the 15 month look back period.,,,,,,,,Other,"100 Percent of Medicaid APG. ",,,,,,,,Other,"Not Payable. ",,,,,,,,Other,"Not Payable. ",,,,,,,,Other,"Not Payable. ",0.304227,1,,,,,0,percent of total billed charges,35 Percent of Charges. ; No services were performed during the 15 month look back period.,,,,,,,,Fee Schedule,225% of NYS APG. Lesser of 100% of billed charges applies.,,,,,,,,Fee Schedule,225% of NYS APG. Lesser of 100% of billed charges applies.,,,,,,,,Fee Schedule,225% of NYS APG. Lesser of 100% of billed charges applies.,,,,,,,,Fee Schedule,225% of NYS APG. Lesser of 100% of billed charges applies.,,,,,,,,Fee Schedule,225% of NYS APG. Lesser of 100% of billed charges applies.,,,,,,,,Other,"Not Payable. ",,,,,,,,Other,"100 Percent of Medicaid APG. ",1.786,,,,,,,Fee Schedule,95 Percent of AWP. Lesser of 100% of billed charges applies.,,,,,,,,Fee Schedule,225% of NYS APG. Lesser of 100% of billed charges applies.,,,,,,,,Fee Schedule,225% of NYS APG. Lesser of 100% of billed charges applies.,1.786,,,,,,,Fee Schedule,95 Percent of AWP. Lesser of 100% of billed charges applies.,1.786,,,,,,,Fee Schedule,95 Percent of AWP. Lesser of 100% of billed charges applies.,2.961,,,,,,,Fee Schedule,"157.5 Percent of AWP Fee Schedule. ",,,,,,,,Other,"Not Payable. ",,,,,,,,Other,"Not Payable. ",18.25362,60,,,,,0,percent of total billed charges,60 percent of billed charges; No services were performed during the 15 month look back period.,,,,,,,,Other,"Not Payable. ",,,,,,,,Fee Schedule,"225 Percent of Medicaid APG. ",,,,,,,,Fee Schedule,"225 Percent of Medicaid APG. ",0.304227,1,,,,,0,percent of total billed charges,35 Percent of Charges. ; No services were performed during the 15 month look back period.,0.304227,1,,,,,0,percent of total billed charges,35 Percent of Charges. ; No services were performed during the 15 month look back period.,2.162,,,,,,,Fee Schedule,"115 Percent of AWP. ",4.025,,,,,,,Fee schedule,"115 Percent of AWP Fee Schedule. ",,,,,,,,Other,"100 Percent of Medicaid APG. ",,,,,,,,Other,"100 Percent of Medicaid APG. ",,,,,,,,Other,"100 Percent of Medicaid APG. ",,,,,,,,Other,"100 Percent of Medicaid APG. ",13.690215,45,,,,,0,percent of total billed charges,45 percent of billed charges; No services were performed during the 15 month look back period.,15.21135,50,,,,,0,percent of total billed charges,50 percent of billed charges; No services were performed during the 15 month look back period.,,,,,,,,Other,"120 Percent of Medicaid APG. Not APG payable, or payable under another fee schedule like ASP/AWP pays at 30% of charges",,,,,,,,Other,"120 Percent of Medicaid APG. Not APG payable, or payable under another fee schedule like ASP/AWP pays at 30% of charges",,,,,,,,Other,"100 Percent of Medicaid APG. Not APG payable, or payable under another fee schedule like ASP/AWP pays at 30% of charges",,,,,,,,Other,"100 Percent of Medicaid APG. Not APG payable, or payable under another fee schedule like ASP/AWP pays at 30% of charges",13.690215,45,,,,,0,percent of total billed charges,45 percent of billed charges; No services were performed during the 15 month look back period.,13.690215,45,,,,,0,percent of total billed charges,45 percent of billed charges; No services were performed during the 15 month look back period.,,,,,,,,Other,"Not Payable. ",13.690215,45,,,,,0,percent of total billed charges,45 percent of billed charges; No services were performed during the 15 month look back period.,13.690215,45,,,,,0,percent of total billed charges,45 percent of billed charges; No services were performed during the 15 month look back period.,13.690215,45,,,,,0,percent of total billed charges,45 percent of billed charges; No services were performed during the 15 month look back period.,13.690215,45,,,,,0,percent of total billed charges,45 percent of billed charges; No services were performed during the 15 month look back period.,,,,,,,,Other,"Not Payable. ",13.690215,45,,,,,0,percent of total billed charges,45 percent of billed charges; No services were performed during the 15 month look back period.,13.690215,45,,,,,0,percent of total billed charges,45 percent of billed charges; No services were performed during the 15 month look back period.,18.25362,60,,,,,0,percent of total billed charges,60 percent of billed charges; No services were performed during the 15 month look back period.,,,,,,,,Fee Schedule,100% of RBRVS. Lesser of 100% of billed charges applies.,4.025,,,,,,,Fee schedule,"115 Percent of AWP Fee Schedule. ",,,,,,,,Fee Schedule,225% of NYS APG. Lesser of 100% of billed charges applies.,2.162,,,,,,,Fee Schedule,"115 Percent of AWP. ",4.025,,,,,,,Fee schedule,"115 Percent of AWP Fee Schedule. ",,,,,,,,Fee Schedule,225% of NYS APG. Lesser of 100% of billed charges applies.,,,,,,,,Fee Schedule,225% of NYS APG. Lesser of 100% of billed charges applies.,,,,,,,,Fee Schedule,225% of NYS APG. Lesser of 100% of billed charges applies.,,,,,,,,Fee Schedule,225% of NYS APG. Lesser of 100% of billed charges applies.,,,,,,,,Fee Schedule,225% of NYS APG. Lesser of 100% of billed charges applies.,,,,,,,,Fee Schedule,225% of NYS APG. Lesser of 100% of billed charges applies.,,,,,,,,,"NA. ",,,,,,,,,"NA. ",,,,,,,,,"NA. ",9.12681,30,,,,,0,percent of total billed charges,30 percent of billed charges; No services were performed during the 15 month look back period.,,,,,,,,,"NA. ",,,,,,,,Other,"Not Payable. ",14.572,,,,,,,Fee Schedule,"100 % 1199 Fee Schedule. ",,,,,,,,Other,"Not Payable. ",,,,,,,,Other,"Not Payable. ",,,,,,,,Other,"120 Percent of Medicaid APG. Not APG payable, or payable under another fee schedule like ASP/AWP pays at 30% of charges",,,,,,,,Other,"120 Percent of Medicaid APG. Not APG payable, or payable under another fee schedule like ASP/AWP pays at 30% of charges",,,,,,,,Other,"100 Percent of Medicaid APG. Not APG payable, or payable under another fee schedule like ASP/AWP pays at 30% of charges",,,,,,,,Other,"100 Percent of Medicaid APG. Not APG payable, or payable under another fee schedule like ASP/AWP pays at 30% of charges",,,,,,,,Other,"100 Percent of Medicaid APG. ",22.208571,73,,,,,0,percent of total billed charges,73 percent of billed charges; No services were performed during the 15 month look back period.,18.25362,60,,,,,0,percent of total billed charges,60 percent of billed charges; No services were performed during the 15 month look back period.,22.208571,73,,,,,0,percent of total billed charges,73 percent of billed charges; No services were performed during the 15 month look back period.,9.12681,30,,,,,0,percent of total billed charges,30 percent of billed charges; No services were performed during the 15 month look back period.,,,,,,,,Other,"Not Payable. ",,,,,,,,Other,"Not Payable. ",,,,,,,,Other,"Not Payable. ",,,,,,,,Other,"Not Payable. ",,,,,,,,Other,"Not Payable. ",,,,,,,,Other,"Not Payable. ",,,,,,,,,"NA. ",,,,,,,,Fee Schedule,225% of NYS APG. Lesser of 100% of billed charges applies.,1.786,,,,,,,Fee Schedule,95 Percent of AWP. Lesser of 100% of billed charges applies.,13.690215,45,,,,,0,percent of total billed charges,45 percent of billed charges; No services were performed during the 15 month look back period.,22.208571,73,,,,,0,percent of total billed charges,73 percent of billed charges; No services were performed during the 15 month look back period.,22.208571,73,,,,,0,percent of total billed charges,73 percent of billed charges; No services were performed during the 15 month look back period.,22.208571,73,,,,,0,percent of total billed charges,73 percent of billed charges; No services were performed during the 15 month look back period.,22.208571,73,,,,,0,percent of total billed charges,73 percent of billed charges; No services were performed during the 15 month look back period.,,,,,,,,Other,"Not Payable. ",,,,,,,,Other,"100 Percent of Medicaid APG. ",13.690215,45,,,,,0,percent of total billed charges,45 percent of billed charges; No services were performed during the 15 month look back period.,,,,,,,,Other,"100 Percent of Medicaid APG. ",,,,,,,,Other,"Not Payable. ",,,,,,,,Other,"100 Percent of Medicaid APG. ",,,,,,,,Other,"Not Payable. ",,,,,,,,Other,"Not Payable. ",,,,,,,,Other,"100 Percent of Medicaid APG. ",,,,,,,,Other,"100 Percent of Medicaid APG. ",22.208571,73,,,,,0,percent of total billed charges,73 percent of billed charges; No services were performed during the 15 month look back period.,9.12681,30,,,,,0,percent of total billed charges,30 percent of billed charges; No services were performed during the 15 month look back period.,23.729706,78,,,,,0,percent of total billed charges,78% of Billed Charges. Lesser of 100% of billed charges applies.; No services were performed during the 15 month look back period.,,,,,,,,Fee Schedule,"100 % Zero Pay Code. ",,,,,,,,Fee Schedule,"100 % Zero Pay Code. ",18.25362,60,,,,,0,percent of total billed charges,60 percent of billed charges; No services were performed during the 15 month look back period.,,,,,,,,Other,"Not Payable. ",24.33816,80,,,,,0,percent of total billed charges,80 percent of billed charges; No services were performed during the 15 month look back period.,24.33816,80,,,,,0,percent of total billed charges,80 percent of billed charges; No services were performed during the 15 month look back period.,10.952172,36,,,,,0,percent of total billed charges,36 percent of billed charges; No services were performed during the 15 month look back period.,10.952172,36,,,,,0,percent of total billed charges,36 percent of billed charges; No services were performed during the 15 month look back period.,,,,,,,,Other,"Not Payable. ",,,,,,,,Other,"Not Payable. ",,,,,,,,Other,"Not Payable. ",,,,,,,,Other,"Not Payable. ",,,,,,,,Fee Schedule,"100 % Zero Pay Code. ",13.690215,45,,,,,0,percent of total billed charges,45 percent of billed charges; No services were performed during the 15 month look back period.,13.690215,45,,,,,0,percent of total billed charges,45 percent of billed charges; No services were performed during the 15 month look back period.,,,,,,,,Other,"Not Payable. ",10.952172,36,,,,,0,percent of total billed charges,36 percent of billed charges; No services were performed during the 15 month look back period.,22.208571,73,,,,,0,percent of total billed charges,73 percent of billed charges; No services were performed during the 15 month look back period.,,,,,,,,Fee Schedule,"120 Percent of Medicaid APG. ",,,,,,,,Other,"100 Percent of Medicaid APG. ",22.208571,73,,,,,0,percent of total billed charges,73 percent of billed charges; No services were performed during the 15 month look back period.,12.321193,40.5,,,,,0,percent of total billed charges,40.5 percent of billed charges; No services were performed during the 15 month look back period.,12.321193,40.5,,,,,0,percent of total billed charges,40.5 percent of billed charges; No services were performed during the 15 month look back period.,13.690215,45,,,,,0,percent of total billed charges,45 percent of billed charges; No services were performed during the 15 month look back period.,15.21135,50,,,,,0,percent of total billed charges,50 percent of billed charges; No services were performed during the 15 month look back period.,,,,,,,,Other,"Not Payable. ",,,,,,,,Fee Schedule,"Not payable. ",,,,,,,,Fee Schedule,"Not payable. ",,,,,,,,Fee Schedule,"Not payable. ",,,,,,,,Fee Schedule,"Not payable. ",,,,,,,,Fee Schedule,"100 % Zero Pay Code. ",,,,,,,,Fee Schedule,"Not payable. ",,,,,,,,Fee Schedule,"Not payable. ",,,,,,,,Fee Schedule,"Not payable. ",,,,,,,,Fee Schedule,"Not payable. ",,,,,,,,Fee Schedule,"Not payable. ",,,,,,,,Fee Schedule,"Not payable. ",,,,,,,,Fee Schedule,"Not payable. ",,,,,,,,Other,"Not Payable. ",,,,,,,,Fee Schedule,"100 % Zero Pay Code. ",,,,,,,,Other,"Not Payable. ",,,,,,,,Fee Schedule,"Not payable. ",13.690215,45,,,,,0,percent of total billed charges,45 percent of billed charges; No services were performed during the 15 month look back period.,,,,,,,,Other,"Not Payable. ",13.690215,45,,,,,0,percent of total billed charges,45 percent of billed charges; No services were performed during the 15 month look back period.,13.690215,45,,,,,0,percent of total billed charges,45 percent of billed charges; No services were performed during the 15 month look back period.,13.690215,45,,,,,0,percent of total billed charges,45 percent of billed charges; No services were performed during the 15 month look back period.,,,,,,,,Fee Schedule,"Not payable. ",,,,,,,,Other,"Not Payable. ",13.690215,45,,,,,0,percent of total billed charges,45 percent of billed charges; No services were performed during the 15 month look back period.,,,,,,,,Fee Schedule,"Not payable. ",13.690215,45,,,,,0,percent of total billed charges,45 percent of billed charges; No services were performed during the 15 month look back period.,9.12681,30,,,,,0,percent of total billed charges,30% of Charges. ; No services were performed during the 15 month look back period.,,,,,,,,Other,"Not Payable. ",22.208571,73,,,,,0,percent of total billed charges,73 percent of billed charges; No services were performed during the 15 month look back period.,22.208571,73,,,,,0,percent of total billed charges,73 percent of billed charges; No services were performed during the 15 month look back period.,22.208571,73,,,,,0,percent of total billed charges,73 percent of billed charges; No services were performed during the 15 month look back period.,22.208571,73,,,,,0,percent of total billed charges,73 percent of billed charges; No services were performed during the 15 month look back period.,22.208571,73,,,,,0,percent of total billed charges,73 percent of billed charges; No services were performed during the 15 month look back period.,22.208571,73,,,,,0,percent of total billed charges,73 percent of billed charges; No services were performed during the 15 month look back period.,22.208571,73,,,,,0,percent of total billed charges,73 percent of billed charges; No services were performed during the 15 month look back period.,22.208571,73,,,,,0,percent of total billed charges,73 percent of billed charges; No services were performed during the 15 month look back period.,22.208571,73,,,,,0,percent of total billed charges,73 percent of billed charges; No services were performed during the 15 month look back period.,22.208571,73,,,,,0,percent of total billed charges,73 percent of billed charges; No services were performed during the 15 month look back period.,22.208571,73,,,,,0,percent of total billed charges,73 percent of billed charges; No services were performed during the 15 month look back period.,22.208571,73,,,,,0,percent of total billed charges,73 percent of billed charges; No services were performed during the 15 month look back period.,,,,,,,,Other,"Not Payable. ",22.208571,73,,,,,0,percent of total billed charges,73 percent of billed charges; No services were performed during the 15 month look back period.,,,,,,,,Other,"Not Payable. ",,,,,,,,Other,"106 percent of Average Sales Price.. Drugs not priced under APG, billed with revenue code 636 and not priced by Medicare ASP FeeSched will be reimbursed at 20% of charges.",,,,,,,,Other,"106 percent of Average Sales Price.. Drugs not priced under APG, billed with revenue code 636 and not priced by Medicare ASP FeeSched will be reimbursed at 20% of charges.",,,,,,,,Fee Schedule,"100 % Zero Pay Code. ",,,,,,,,Fee Schedule,"100 % Zero Pay Code. ",,,,,,,,Other,"Not Payable. ",24.33816,80,,,,,0,percent of total billed charges,80 percent of billed charges; No services were performed during the 15 month look back period.,,,,,,,,Other,"Not Payable. ",,,,,,,,Other,"Not Payable. ",18.25362,60,,,,,0,percent of total billed charges,60 percent of billed charges; No services were performed during the 15 month look back period.,,,,,,,,Other,"Not Payable. ",9.12681,30,,,,,0,percent of total billed charges,30 percent of billed charges; No services were performed during the 15 month look back period.,,,,,,,,Other,"Not Payable. ",9.12681,30,,,,,0,percent of total billed charges,30 percent of billed charges; No services were performed during the 15 month look back period.,18.25362,60,,,,,0,percent of total billed charges,60 percent of billed charges; No services were performed during the 15 month look back period.,9.12681,30,,,,,0,percent of total billed charges,30 percent of billed charges; No services were performed during the 15 month look back period.,,,,,,,,Other,"Not Payable. ",,,,,,,,Other,"100 Percent of Medicaid APG. ",,,,,,,,Other,"Not Payable. ",9.12681,30,,,,,0,percent of total billed charges,30 percent of billed charges; No services were performed during the 15 month look back period.,,,,,,,,Fee Schedule,"100 % Zero Pay Code. ",,,,,,,,Other,"100 Percent of Medicaid APG. ",13.690215,45,,,,,0,percent of total billed charges,45 percent of billed charges; No services were performed during the 15 month look back period.,,,,,,,,Fee Schedule,"120 Percent of Medicaid APG. ",,,,,,,,Fee Schedule,"120 Percent of Medicaid APG. ",13.690215,45,,,,,0,percent of total billed charges,45 percent of billed charges; No services were performed during the 15 month look back period.,13.690215,45,,,,,0,percent of total billed charges,45 percent of billed charges; No services were performed during the 15 month look back period.,13.690215,45,,,,,0,percent of total billed charges,45 percent of billed charges; No services were performed during the 15 month look back period.,,,,,,,,Fee Schedule,"100 % Zero Pay Code. ",13.690215,45,,,,,0,percent of total billed charges,45 percent of billed charges; No services were performed during the 15 month look back period.,13.690215,45,,,,,0,percent of total billed charges,45 percent of billed charges; No services were performed during the 15 month look back period.,13.690215,45,,,,,0,percent of total billed charges,45 percent of billed charges; No services were performed during the 15 month look back period.,22.208571,73,,,,,0,percent of total billed charges,73 percent of billed charges; No services were performed during the 15 month look back period.,22.208571,73,,,,,0,percent of total billed charges,73 percent of billed charges; No services were performed during the 15 month look back period.,,,,,,,,Fee Schedule,"Not Payable. ",,,,,,,,Other,"100 Percent of Medicaid APG. ",,,,,,,,Fee Schedule,"100 % Zero Pay Code. ",9.12681,30,,,,,0,percent of total billed charges,30 percent of billed charges; No services were performed during the 15 month look back period.,18.25362,60,,,,,0,percent of total billed charges,60 percent of billed charges; No services were performed during the 15 month look back period.,,,,,,,,Fee Schedule,"100 % Zero Pay Code. ",18.25362,60,,,,,0,percent of total billed charges,60 percent of billed charges; No services were performed during the 15 month look back period.,,,,,,,,Fee Schedule,"100 % Zero Pay Code. ",13.690215,45,,,,,0,percent of total billed charges,45 percent of billed charges; No services were performed during the 15 month look back period.,13.690215,45,,,,,0,percent of total billed charges,45 percent of billed charges; No services were performed during the 15 month look back period.,13.690215,45,,,,,0,percent of total billed charges,45 percent of billed charges; No services were performed during the 15 month look back period.,13.690215,45,,,,,0,percent of total billed charges,45 percent of billed charges; No services were performed during the 15 month look back period.,,,,,,,,Other,"Not Payable. ",0.304227,30.4227,
J8560,HCPCS,5010003,LOCAL,636,RC,ETOPOSIDE ORAL 50 MG,1157.04288,219.838147,Inpatient,ME,50,,,,,,,,,,,,,,,,,,,,347.112864,30,,,,,0,percent of total billed charges,30 Percent of charges; No services were performed during the 15 month look back period.,1157.04288,100,,,,,0,percent of total billed charges,100 percent of charges; No services were performed during the 15 month look back period.,,,,,,,,,,347.112864,30,,,,,0,percent of total billed charges,30 Percent of charges; No services were performed during the 15 month look back period.,347.112864,30,,,,,0,percent of total billed charges,30 Percent of charges; No services were performed during the 15 month look back period.,347.112864,30,,,,,0,percent of total billed charges,30 Percent of charges; No services were performed during the 15 month look back period.,115.704288,10,,,,,0,percent of total billed charges,10 percent of charges; No services were performed during the 15 month look back period.,,,,,,,,,,844.641302,73,,,,,0,percent of total billed charges,73 percent of charges; No services were performed during the 15 month look back period.,115.704288,10,,,,,0,percent of total billed charges,10 percent of charges; No services were performed during the 15 month look back period.,,,,,,,,,,,,,,,,,,,370.253722,32,,,,,0,percent of total billed charges,32 pecent of charges; No services were performed during the 15 month look back period.,370.253722,32,,,,,0,percent of total billed charges,32 pecent of charges; No services were performed during the 15 month look back period.,370.253722,32,,,,,0,percent of total billed charges,32 pecent of charges; No services were performed during the 15 month look back period.,370.253722,32,,,,,0,percent of total billed charges,32 pecent of charges; No services were performed during the 15 month look back period.,,,,,,,,,,,,,,,,,,,,,,,,,,,,844.641302,73,,,,,0,percent of total billed charges,73 percent of charges; No services were performed during the 15 month look back period.,347.112864,30,,,,,0,percent of total billed charges,30 Percent of charges; No services were performed during the 15 month look back period.,462.817152,40,,,,,0,percent of total billed charges,40 percent of charges; No services were performed during the 15 month look back period.,335.542435,29,,,,,0,percent of total billed charges,29 percent of charges; No services were performed during the 15 month look back period.,462.817152,40,,,,,0,percent of total billed charges,40 percent of charges; No services were performed during the 15 month look back period.,462.817152,40,,,,,0,percent of total billed charges,40 percent of charges; No services were performed during the 15 month look back period.,844.641302,73,,,,,0,percent of total billed charges,73 percent of charges; No services were performed during the 15 month look back period.,,,,,,,,,,,,,,,,,,,,,,,,,,,,,,,,,,,,,335.542435,29,,,,,0,percent of total billed charges,29 percent of charges; No services were performed during the 15 month look back period.,335.542435,29,,,,,0,percent of total billed charges,29 percent of charges; No services were performed during the 15 month look back period.,335.542435,29,,,,,0,percent of total billed charges,29 percent of charges; No services were performed during the 15 month look back period.,335.542435,29,,,,,0,percent of total billed charges,29 percent of charges; No services were performed during the 15 month look back period.,335.542435,29,,,,,0,percent of total billed charges,29 percent of charges; No services were performed during the 15 month look back period.,335.542435,29,,,,,0,percent of total billed charges,29 percent of charges; No services were performed during the 15 month look back period.,335.542435,29,,,,,0,percent of total billed charges,29 percent of charges; No services were performed during the 15 month look back period.,844.641302,73,,,,,0,percent of total billed charges,73 percent of charges; No services were performed during the 15 month look back period.,150.415574,13,,,,,0,percent of total billed charges,13 percent of charges; No services were performed during the 15 month look back period.,150.415574,13,,,,,0,percent of total billed charges,13 percent of charges; No services were performed during the 15 month look back period.,844.641302,73,,,,,0,percent of total billed charges,73 percent of charges; No services were performed during the 15 month look back period.,370.253722,32,,,,,0,percent of total billed charges,32 pecent of charges; No services were performed during the 15 month look back period.,115.704288,10,,,,,0,percent of total billed charges,10 percent of charges; No services were performed during the 15 month look back period.,115.704288,10,,,,,0,percent of total billed charges,10 percent of charges; No services were performed during the 15 month look back period.,844.641302,73,,,,,0,percent of total billed charges,73 percent of charges; No services were performed during the 15 month look back period.,,,,,,,,,,115.704288,10,,,,,0,percent of total billed charges,10 percent of charges; No services were performed during the 15 month look back period.,115.704288,10,,,,,0,percent of total billed charges,10 percent of charges; No services were performed during the 15 month look back period.,115.704288,10,,,,,0,percent of total billed charges,10 percent of charges; No services were performed during the 15 month look back period.,,,,,,,,,,115.704288,10,,,,,0,percent of total billed charges,10 percent of charges; No services were performed during the 15 month look back period.,115.704288,10,,,,,0,percent of total billed charges,10 percent of charges; No services were performed during the 15 month look back period.,,,,,,,,,,277.690291,24,,,,,0,percent of total billed charges,24 percent of charges; No services were performed during the 15 month look back period.,,,,,,,,,,,,,,,,,,,,,,,,,,,,,,,,,,,,,,,,,,,,,,,,,,,,,,,,,,,,,,,,,,,,,,,,,,,,,,,,,,844.641302,73,,,,,0,percent of total billed charges,73 percent of charges; No services were performed during the 15 month look back period.,844.641302,73,,,,,0,percent of total billed charges,73 percent of charges; No services were performed during the 15 month look back period.,844.641302,73,,,,,0,percent of total billed charges,73 percent of charges; No services were performed during the 15 month look back period.,844.641302,73,,,,,0,percent of total billed charges,73 percent of charges; No services were performed during the 15 month look back period.,844.641302,73,,,,,0,percent of total billed charges,73 percent of charges; No services were performed during the 15 month look back period.,844.641302,73,,,,,0,percent of total billed charges,73 percent of charges; No services were performed during the 15 month look back period.,844.641302,73,,,,,0,percent of total billed charges,73 percent of charges; No services were performed during the 15 month look back period.,844.641302,73,,,,,0,percent of total billed charges,73 percent of charges; No services were performed during the 15 month look back period.,844.641302,73,,,,,0,percent of total billed charges,73 percent of charges; No services were performed during the 15 month look back period.,844.641302,73,,,,,0,percent of total billed charges,73 percent of charges; No services were performed during the 15 month look back period.,844.641302,73,,,,,0,percent of total billed charges,73 percent of charges; No services were performed during the 15 month look back period.,844.641302,73,,,,,0,percent of total billed charges,73 percent of charges; No services were performed during the 15 month look back period.,844.641302,73,,,,,0,percent of total billed charges,73 percent of charges; No services were performed during the 15 month look back period.,844.641302,73,,,,,0,percent of total billed charges,73 percent of charges; No services were performed during the 15 month look back period.,844.641302,73,,,,,0,percent of total billed charges,73 percent of charges; No services were performed during the 15 month look back period.,844.641302,73,,,,,0,percent of total billed charges,73 percent of charges; No services were performed during the 15 month look back period.,844.641302,73,,,,,0,percent of total billed charges,73 percent of charges; No services were performed during the 15 month look back period.,844.641302,73,,,,,0,percent of total billed charges,73 percent of charges; No services were performed during the 15 month look back period.,844.641302,73,,,,,0,percent of total billed charges,73 percent of charges; No services were performed during the 15 month look back period.,844.641302,73,,,,,0,percent of total billed charges,73 percent of charges; No services were performed during the 15 month look back period.,844.641302,73,,,,,0,percent of total billed charges,73 percent of charges; No services were performed during the 15 month look back period.,844.641302,73,,,,,0,percent of total billed charges,73 percent of charges; No services were performed during the 15 month look back period.,844.641302,73,,,,,0,percent of total billed charges,73 percent of charges; No services were performed during the 15 month look back period.,844.641302,73,,,,,0,percent of total billed charges,73 percent of charges; No services were performed during the 15 month look back period.,844.641302,73,,,,,0,percent of total billed charges,73 percent of charges; No services were performed during the 15 month look back period.,844.641302,73,,,,,0,percent of total billed charges,73 percent of charges; No services were performed during the 15 month look back period.,335.542435,29,,,,,0,percent of total billed charges,29 percent of charges; No services were performed during the 15 month look back period.,335.542435,29,,,,,0,percent of total billed charges,29 percent of charges; No services were performed during the 15 month look back period.,335.542435,29,,,,,0,percent of total billed charges,29 percent of charges; No services were performed during the 15 month look back period.,335.542435,29,,,,,0,percent of total billed charges,29 percent of charges; No services were performed during the 15 month look back period.,462.817152,40,,,,,0,percent of total billed charges,40 percent of charges; No services were performed during the 15 month look back period.,462.817152,40,,,,,0,percent of total billed charges,40 percent of charges; No services were performed during the 15 month look back period.,370.253722,32,,,,,0,percent of total billed charges,32 pecent of charges; No services were performed during the 15 month look back period.,,,,,,,,,,115.704288,10,,,,,0,percent of total billed charges,10 percent of charges; No services were performed during the 15 month look back period.,,,,,,,,,,844.641302,73,,,,,0,percent of total billed charges,73 percent of charges; No services were performed during the 15 month look back period.,462.817152,40,,,,,0,percent of total billed charges,40 percent of charges; No services were performed during the 15 month look back period.,,,,,,,,,,115.704288,10,,,,,0,percent of total billed charges,10 percent of charges; No services were performed during the 15 month look back period.,370.253722,32,,,,,0,percent of total billed charges,32 pecent of charges; No services were performed during the 15 month look back period.,,,,,,,,,,844.641302,73,,,,,0,percent of total billed charges,73 percent of charges; No services were performed during the 15 month look back period.,,,,,,,,,,335.542435,29,,,,,0,percent of total billed charges,29 percent of charges; No services were performed during the 15 month look back period.,335.542435,29,,,,,0,percent of total billed charges,29 percent of charges; No services were performed during the 15 month look back period.,335.542435,29,,,,,0,percent of total billed charges,29 percent of charges; No services were performed during the 15 month look back period.,,,,,,,,,,277.690291,24,,,,,0,percent of total billed charges,24 percent of charges; No services were performed during the 15 month look back period.,,,,,,,,,,,,,,,,,,,,,,,,,,,,,,,,,,,,,,,,,,,,,,347.112864,30,,,,,0,percent of total billed charges,30 Percent of charges; No services were performed during the 15 month look back period.,347.112864,30,,,,,0,percent of total billed charges,30 Percent of charges; No services were performed during the 15 month look back period.,,,,,,,,,,370.253722,32,,,,,0,percent of total billed charges,32 pecent of charges; No services were performed during the 15 month look back period.,115.704288,10,,,,,0,percent of total billed charges,10 percent of charges; No services were performed during the 15 month look back period.,115.704288,10,,,,,0,percent of total billed charges,10 percent of charges; No services were performed during the 15 month look back period.,,,,,,,,,,370.253722,32,,,,,0,percent of total billed charges,32 pecent of charges; No services were performed during the 15 month look back period.,347.112864,30,,,,,0,percent of total billed charges,30 Percent of charges; No services were performed during the 15 month look back period.,347.112864,30,,,,,0,percent of total billed charges,30 Percent of charges; No services were performed during the 15 month look back period.,347.112864,30,,,,,0,percent of total billed charges,30 Percent of charges; No services were performed during the 15 month look back period.,844.641302,73,,,,,0,percent of total billed charges,73 percent of charges; No services were performed during the 15 month look back period.,844.641302,73,,,,,0,percent of total billed charges,73 percent of charges; No services were performed during the 15 month look back period.,844.641302,73,,,,,0,percent of total billed charges,73 percent of charges; No services were performed during the 15 month look back period.,844.641302,73,,,,,0,percent of total billed charges,73 percent of charges; No services were performed during the 15 month look back period.,844.641302,73,,,,,0,percent of total billed charges,73 percent of charges; No services were performed during the 15 month look back period.,844.641302,73,,,,,0,percent of total billed charges,73 percent of charges; No services were performed during the 15 month look back period.,844.641302,73,,,,,0,percent of total billed charges,73 percent of charges; No services were performed during the 15 month look back period.,844.641302,73,,,,,0,percent of total billed charges,73 percent of charges; No services were performed during the 15 month look back period.,844.641302,73,,,,,0,percent of total billed charges,73 percent of charges; No services were performed during the 15 month look back period.,844.641302,73,,,,,0,percent of total billed charges,73 percent of charges; No services were performed during the 15 month look back period.,844.641302,73,,,,,0,percent of total billed charges,73 percent of charges; No services were performed during the 15 month look back period.,462.817152,40,,,,,0,percent of total billed charges,40 percent of charges; No services were performed during the 15 month look back period.,,,,,,,,,,370.253722,32,,,,,0,percent of total billed charges,32 pecent of charges; No services were performed during the 15 month look back period.,,,,,,,,,,347.112864,30,,,,,0,percent of total billed charges,30 Percent of charges; No services were performed during the 15 month look back period.,370.253722,32,,,,,0,percent of total billed charges,32 pecent of charges; No services were performed during the 15 month look back period.,370.253722,32,,,,,0,percent of total billed charges,32 pecent of charges; No services were performed during the 15 month look back period.,844.641302,73,,,,,0,percent of total billed charges,73 percent of charges; No services were performed during the 15 month look back period.,231.408576,20,,,,,0,percent of total billed charges,20 percent of charges; No services were performed during the 15 month look back period.,370.253722,32,,,,,0,percent of total billed charges,32 pecent of charges; No services were performed during the 15 month look back period.,,,,,,,,,,,,,,,,,,,,,,,,,,,,,,,,,,,,,,,,,,,,,,,,,,,,,,,,,,,,,,,,370.253722,32,,,,,0,percent of total billed charges,32 pecent of charges; No services were performed during the 15 month look back period.,277.690291,24,,,,,0,percent of total billed charges,24 percent of charges; No services were performed during the 15 month look back period.,,,,,,,,,,,,,,,,,,,,,,,,,,,,,,,,,,,,,,,,,,,,,,,,,,,,,,,277.690291,24,,,,,0,percent of total billed charges,24 percent of charges; No services were performed during the 15 month look back period.,358.683293,31,,,,,0,percent of total billed charges,31 percent of charges; No services were performed during the 15 month look back period.,358.683293,31,,,,,0,percent of total billed charges,31 percent of charges; No services were performed during the 15 month look back period.,358.683293,31,,,,,0,percent of total billed charges,31 percent of charges; No services were performed during the 15 month look back period.,358.683293,31,,,,,0,percent of total billed charges,31 percent of charges; No services were performed during the 15 month look back period.,358.683293,31,,,,,0,percent of total billed charges,31 percent of charges; No services were performed during the 15 month look back period.,,,,,,,,,,462.817152,40,,,,,0,percent of total billed charges,40 percent of charges; No services were performed during the 15 month look back period.,462.817152,40,,,,,0,percent of total billed charges,40 percent of charges; No services were performed during the 15 month look back period.,462.817152,40,,,,,0,percent of total billed charges,40 percent of charges; No services were performed during the 15 month look back period.,462.817152,40,,,,,0,percent of total billed charges,40 percent of charges; No services were performed during the 15 month look back period.,347.112864,30,,,,,0,percent of total billed charges,30 Percent of charges; No services were performed during the 15 month look back period.,347.112864,30,,,,,0,percent of total billed charges,30 Percent of charges; No services were performed during the 15 month look back period.,347.112864,30,,,,,0,percent of total billed charges,30 Percent of charges; No services were performed during the 15 month look back period.,347.112864,30,,,,,0,percent of total billed charges,30 Percent of charges; No services were performed during the 15 month look back period.,277.690291,24,,,,,0,percent of total billed charges,24 percent of charges; No services were performed during the 15 month look back period.,277.690291,24,,,,,0,percent of total billed charges,24 percent of charges; No services were performed during the 15 month look back period.,,,,,,,,,,,,,,,,,,,,,,,,,,,,,,,,,,,,,,,,,,,,,,,,,,,,,,,277.690291,24,,,,,0,percent of total billed charges,24 percent of charges; No services were performed during the 15 month look back period.,347.112864,30,,,,,0,percent of total billed charges,30 Percent of charges; No services were performed during the 15 month look back period.,,,,,,,,,,,,,,,,,,,,,,,,,,,,,,,,,,,,,,,,,,,,,,,,,,,,,,,,,,,,,,,,,,,,,,,,,,,,,,,,,,,,,,,,,,,,,,,,,,,,,,,,,,,,,,,,,,,,,,,,,,,,,,,,,,,,,,,,,,,,,,,,,,,,,,,,,,,,,,,,,,,,,,,,,,,,,,,,,,,,,,,,,,,,,,,,,,,,,,,347.112864,30,,,,,0,percent of total billed charges,30 Percent of charges; No services were performed during the 15 month look back period.,,,,,,,,,,,,,,,,,,,,,,,,,,,,,,,,,,,,,,,,,,,,,,,,,,,,,,,,,,,,,,,,115.704288,10,,,,,0,percent of total billed charges,10 percent of charges; No services were performed during the 15 month look back period.,115.704288,10,,,,,0,percent of total billed charges,10 percent of charges; No services were performed during the 15 month look back period.,115.704288,10,,,,,0,percent of total billed charges,10 percent of charges; No services were performed during the 15 month look back period.,115.704288,10,,,,,0,percent of total billed charges,10 percent of charges; No services were performed during the 15 month look back period.,,,,,,,,,,277.690291,24,,,,,0,percent of total billed charges,24 percent of charges; No services were performed during the 15 month look back period.,335.542435,29,,,,,0,percent of total billed charges,29 percent of charges; No services were performed during the 15 month look back period.,335.542435,29,,,,,0,percent of total billed charges,29 percent of charges; No services were performed during the 15 month look back period.,335.542435,29,,,,,0,percent of total billed charges,29 percent of charges; No services were performed during the 15 month look back period.,335.542435,29,,,,,0,percent of total billed charges,29 percent of charges; No services were performed during the 15 month look back period.,,,,,,,,,,,,,,,,,,,,,,,,,,,,,,,,,,,,,,,,,,,,,,,,,,,,,,,,,,,,,,,,,,,,,,,,,,,,,,,,,,,,,,,,,,,347.112864,30,,,,,0,percent of total billed charges,30 Percent of charges; No services were performed during the 15 month look back period.,,,,,,,,,,,,,,,,,,,,,,,,,,,,,,,,,,,,,,,,,,,,,,,,,,,,,,,,,,,,,,,,,,,,,,,,,,,,,,,,,,,,,,,,,,,,,,,,,,,,,,,,,,,,,,,,,,,,,,,,,,,,,,,370.253722,32,,,,,0,percent of total billed charges,32 pecent of charges; No services were performed during the 15 month look back period.,,,,,,,,,,,,,,,,,,,,,,,,,,,,,,,,,,,,,,,,,,,,,,335.542435,29,,,,,0,percent of total billed charges,29 percent of charges; No services were performed during the 15 month look back period.,335.542435,29,,,,,0,percent of total billed charges,29 percent of charges; No services were performed during the 15 month look back period.,335.542435,29,,,,,0,percent of total billed charges,29 percent of charges; No services were performed during the 15 month look back period.,335.542435,29,,,,,0,percent of total billed charges,29 percent of charges; No services were performed during the 15 month look back period.,,,,,,,,,,335.542435,29,,,,,0,percent of total billed charges,29 percent of charges; No services were performed during the 15 month look back period.,347.112864,30,,,,,0,percent of total billed charges,30 Percent of charges; No services were performed during the 15 month look back period.,335.542435,29,,,,,0,percent of total billed charges,29 percent of charges; No services were performed during the 15 month look back period.,370.253722,32,,,,,0,percent of total billed charges,32 pecent of charges; No services were performed during the 15 month look back period.,335.542435,29,,,,,0,percent of total billed charges,29 percent of charges; No services were performed during the 15 month look back period.,,,,,,,,,,,,,,,,,,,,,,,,,,,,335.542435,29,,,,,0,percent of total billed charges,29 percent of charges; No services were performed during the 15 month look back period.,,,,,,,,,,,,,,,,,,,,,,,,,,,,,,,,,,,,,,,,,,,,,,335.542435,29,,,,,0,percent of total billed charges,29 percent of charges; No services were performed during the 15 month look back period.,335.542435,29,,,,,0,percent of total billed charges,29 percent of charges; No services were performed during the 15 month look back period.,335.542435,29,,,,,0,percent of total billed charges,29 percent of charges; No services were performed during the 15 month look back period.,335.542435,29,,,,,0,percent of total billed charges,29 percent of charges; No services were performed during the 15 month look back period.,,,,,,,,,,,,,,,,,,,,,,,,,,,,,,,,,,,,,,,,,,,,,,,,,,,,,,,,,,,,,,,,,,,,,,,,,,,,,,,,,,,,,,,,,,,335.542435,29,,,,,0,percent of total billed charges,29 percent of charges; No services were performed during the 15 month look back period.,370.253722,32,,,,,0,percent of total billed charges,32 pecent of charges; No services were performed during the 15 month look back period.,844.641302,73,,,,,0,percent of total billed charges,73 percent of charges; No services were performed during the 15 month look back period.,115.704288,10,,,,,0,percent of total billed charges,10 percent of charges; No services were performed during the 15 month look back period.,115.704288,10,,,,,0,percent of total billed charges,10 percent of charges; No services were performed during the 15 month look back period.,347.112864,30,,,,,0,percent of total billed charges,30 Percent of charges; No services were performed during the 15 month look back period.,,,,,,,,,,462.817152,40,,,,,0,percent of total billed charges,40 percent of charges; No services were performed during the 15 month look back period.,462.817152,40,,,,,0,percent of total billed charges,40 percent of charges; No services were performed during the 15 month look back period.,,,,,,,,,,,,,,,,,,,,,,,,,,,,,,,,,,,,,,,,,,,,,,,,,,,,,,,115.704288,10,,,,,0,percent of total billed charges,10 percent of charges; No services were performed during the 15 month look back period.,,,,,,,,,,,,,,,,,,,,,,,,,,,,,,,,,,,,,335.542435,29,,,,,0,percent of total billed charges,29 percent of charges; No services were performed during the 15 month look back period.,,,,,,,,,,,,,,,,,,,335.542435,29,,,,,0,percent of total billed charges,29 percent of charges; No services were performed during the 15 month look back period.,,,,,,,,,,,,,,,,,,,,,,,,,,,,277.690291,24,,,,,0,percent of total billed charges,24 percent of charges; No services were performed during the 15 month look back period.,335.542435,29,,,,,0,percent of total billed charges,29 percent of charges; No services were performed during the 15 month look back period.,,,,,,,,,,,,,,,,,,,,,,,,,,,,,,,,,,,,,115.704288,10,,,,,0,percent of total billed charges,10 percent of charges; No services were performed during the 15 month look back period.,,,,,,,,,,,,,,,,,,,,,,,,,,,,,,,,,,,,,,,,,,,,,,,,,,,,,,,,,,,,,,,,,,,,,,,,,115.704288,10,,,,,0,percent of total billed charges,10 percent of charges; No services were performed during the 15 month look back period.,,,,,,,,,,,,,,,,,,,,,,,,,,,,,,,,,,,,,,,,,,,,,,,,,,,,,,,,,,,,,,,,,,,,,,,,,,,,,,,,,,,,,,,,,,,,,,,,,,,,,,,,,,,,,,,,,,,,,,335.542435,29,,,,,0,percent of total billed charges,29 percent of charges; No services were performed during the 15 month look back period.,335.542435,29,,,,,0,percent of total billed charges,29 percent of charges; No services were performed during the 15 month look back period.,335.542435,29,,,,,0,percent of total billed charges,29 percent of charges; No services were performed during the 15 month look back period.,335.542435,29,,,,,0,percent of total billed charges,29 percent of charges; No services were performed during the 15 month look back period.,335.542435,29,,,,,0,percent of total billed charges,29 percent of charges; No services were performed during the 15 month look back period.,335.542435,29,,,,,0,percent of total billed charges,29 percent of charges; No services were performed during the 15 month look back period.,335.542435,29,,,,,0,percent of total billed charges,29 percent of charges; No services were performed during the 15 month look back period.,335.542435,29,,,,,0,percent of total billed charges,29 percent of charges; No services were performed during the 15 month look back period.,335.542435,29,,,,,0,percent of total billed charges,29 percent of charges; No services were performed during the 15 month look back period.,335.542435,29,,,,,0,percent of total billed charges,29 percent of charges; No services were performed during the 15 month look back period.,335.542435,29,,,,,0,percent of total billed charges,29 percent of charges; No services were performed during the 15 month look back period.,335.542435,29,,,,,0,percent of total billed charges,29 percent of charges; No services were performed during the 15 month look back period.,335.542435,29,,,,,0,percent of total billed charges,29 percent of charges; No services were performed during the 15 month look back period.,,,,,,,,,,335.542435,29,,,,,0,percent of total billed charges,29 percent of charges; No services were performed during the 15 month look back period.,,,,,,,,,,219.838147,19,,,,,0,percent of total billed charges,19 percent of charges; No services were performed during the 15 month look back period.,150.415574,13,,,,,0,percent of total billed charges,13 percent of charges; No services were performed during the 15 month look back period.,115.704288,10,,,,,0,percent of total billed charges,10 percent of charges; No services were performed during the 15 month look back period.,115.704288,10,,,,,0,percent of total billed charges,10 percent of charges; No services were performed during the 15 month look back period.,,,,,,,,,,462.817152,40,,,,,0,percent of total billed charges,40 percent of charges; No services were performed during the 15 month look back period.,,,,,,,,,,,,,,,,,,,347.112864,30,,,,,0,percent of total billed charges,30 Percent of charges; No services were performed during the 15 month look back period.,,,,,,,,,,370.253722,32,,,,,0,percent of total billed charges,32 pecent of charges; No services were performed during the 15 month look back period.,,,,,,,,,,370.253722,32,,,,,0,percent of total billed charges,32 pecent of charges; No services were performed during the 15 month look back period.,347.112864,30,,,,,0,percent of total billed charges,30 Percent of charges; No services were performed during the 15 month look back period.,370.253722,32,,,,,0,percent of total billed charges,32 pecent of charges; No services were performed during the 15 month look back period.,,,,,,,,,,,,,,,,,,,,,,,,,,,,370.253722,32,,,,,0,percent of total billed charges,32 pecent of charges; No services were performed during the 15 month look back period.,115.704288,10,,,,,0,percent of total billed charges,10 percent of charges; No services were performed during the 15 month look back period.,,,,,,,,,,,,,,,,,,,,,,,,,,,,,,,,,,,,,,,,,,,,,,,,,,,,,,,,,,,,,,,,115.704288,10,,,,,0,percent of total billed charges,10 percent of charges; No services were performed during the 15 month look back period.,,,,,,,,,,,,,,,,,,,,,,,,,,,,335.542435,29,,,,,0,percent of total billed charges,29 percent of charges; No services were performed during the 15 month look back period.,335.542435,29,,,,,0,percent of total billed charges,29 percent of charges; No services were performed during the 15 month look back period.,358.683293,31,,,,,0,percent of total billed charges,31 percent of charges; No services were performed during the 15 month look back period.,,,,,,,,,,115.704288,10,,,,,0,percent of total billed charges,10 percent of charges; No services were performed during the 15 month look back period.,370.253722,32,,,,,0,percent of total billed charges,32 pecent of charges; No services were performed during the 15 month look back period.,347.112864,30,,,,,0,percent of total billed charges,30 Percent of charges; No services were performed during the 15 month look back period.,115.704288,10,,,,,0,percent of total billed charges,10 percent of charges; No services were performed during the 15 month look back period.,347.112864,30,,,,,0,percent of total billed charges,30 Percent of charges; No services were performed during the 15 month look back period.,115.704288,10,,,,,0,percent of total billed charges,10 percent of charges; No services were performed during the 15 month look back period.,,,,,,,,,,,,,,,,,,,,,,,,,,,,,,,,,,,,,,,,,,,,,,5.785214,1157.04288,
J9025,HCPCS,5010003,LOCAL,636,RC,AZACITIDINE INJECTION,4.3092,0.818748,Inpatient,ME,1,,,,,,,,,,,,,,,,,,,,1.29276,30,,,,,0,percent of total billed charges,30 Percent of charges; No services were performed during the 15 month look back period.,4.3092,100,,,,,0,percent of total billed charges,100 percent of charges; No services were performed during the 15 month look back period.,,,,,,,,,,1.29276,30,,,,,0,percent of total billed charges,30 Percent of charges; No services were performed during the 15 month look back period.,1.29276,30,,,,,0,percent of total billed charges,30 Percent of charges; No services were performed during the 15 month look back period.,1.29276,30,,,,,0,percent of total billed charges,30 Percent of charges; No services were performed during the 15 month look back period.,0.43092,10,,,,,0,percent of total billed charges,10 percent of charges; No services were performed during the 15 month look back period.,,,,,,,,,,3.145716,73,,,,,0,percent of total billed charges,73 percent of charges; No services were performed during the 15 month look back period.,0.43092,10,,,,,0,percent of total billed charges,10 percent of charges; No services were performed during the 15 month look back period.,,,,,,,,,,,,,,,,,,,1.378944,32,,,,,0,percent of total billed charges,32 pecent of charges; No services were performed during the 15 month look back period.,1.378944,32,,,,,0,percent of total billed charges,32 pecent of charges; No services were performed during the 15 month look back period.,1.378944,32,,,,,0,percent of total billed charges,32 pecent of charges; No services were performed during the 15 month look back period.,1.378944,32,,,,,0,percent of total billed charges,32 pecent of charges; No services were performed during the 15 month look back period.,,,,,,,,,,,,,,,,,,,,,,,,,,,,3.145716,73,,,,,0,percent of total billed charges,73 percent of charges; No services were performed during the 15 month look back period.,1.29276,30,,,,,0,percent of total billed charges,30 Percent of charges; No services were performed during the 15 month look back period.,1.72368,40,,,,,0,percent of total billed charges,40 percent of charges; No services were performed during the 15 month look back period.,1.249668,29,,,,,0,percent of total billed charges,29 percent of charges; No services were performed during the 15 month look back period.,1.72368,40,,,,,0,percent of total billed charges,40 percent of charges; No services were performed during the 15 month look back period.,1.72368,40,,,,,0,percent of total billed charges,40 percent of charges; No services were performed during the 15 month look back period.,3.145716,73,,,,,0,percent of total billed charges,73 percent of charges; No services were performed during the 15 month look back period.,,,,,,,,,,,,,,,,,,,,,,,,,,,,,,,,,,,,,1.249668,29,,,,,0,percent of total billed charges,29 percent of charges; No services were performed during the 15 month look back period.,1.249668,29,,,,,0,percent of total billed charges,29 percent of charges; No services were performed during the 15 month look back period.,1.249668,29,,,,,0,percent of total billed charges,29 percent of charges; No services were performed during the 15 month look back period.,1.249668,29,,,,,0,percent of total billed charges,29 percent of charges; No services were performed during the 15 month look back period.,1.249668,29,,,,,0,percent of total billed charges,29 percent of charges; No services were performed during the 15 month look back period.,1.249668,29,,,,,0,percent of total billed charges,29 percent of charges; No services were performed during the 15 month look back period.,1.249668,29,,,,,0,percent of total billed charges,29 percent of charges; No services were performed during the 15 month look back period.,3.145716,73,,,,,0,percent of total billed charges,73 percent of charges; No services were performed during the 15 month look back period.,0.560196,13,,,,,0,percent of total billed charges,13 percent of charges; No services were performed during the 15 month look back period.,0.560196,13,,,,,0,percent of total billed charges,13 percent of charges; No services were performed during the 15 month look back period.,3.145716,73,,,,,0,percent of total billed charges,73 percent of charges; No services were performed during the 15 month look back period.,1.378944,32,,,,,0,percent of total billed charges,32 pecent of charges; No services were performed during the 15 month look back period.,0.43092,10,,,,,0,percent of total billed charges,10 percent of charges; No services were performed during the 15 month look back period.,0.43092,10,,,,,0,percent of total billed charges,10 percent of charges; No services were performed during the 15 month look back period.,3.145716,73,,,,,0,percent of total billed charges,73 percent of charges; No services were performed during the 15 month look back period.,,,,,,,,,,0.43092,10,,,,,0,percent of total billed charges,10 percent of charges; No services were performed during the 15 month look back period.,0.43092,10,,,,,0,percent of total billed charges,10 percent of charges; No services were performed during the 15 month look back period.,0.43092,10,,,,,0,percent of total billed charges,10 percent of charges; No services were performed during the 15 month look back period.,,,,,,,,,,0.43092,10,,,,,0,percent of total billed charges,10 percent of charges; No services were performed during the 15 month look back period.,0.43092,10,,,,,0,percent of total billed charges,10 percent of charges; No services were performed during the 15 month look back period.,,,,,,,,,,1.034208,24,,,,,0,percent of total billed charges,24 percent of charges; No services were performed during the 15 month look back period.,,,,,,,,,,,,,,,,,,,,,,,,,,,,,,,,,,,,,,,,,,,,,,,,,,,,,,,,,,,,,,,,,,,,,,,,,,,,,,,,,,3.145716,73,,,,,0,percent of total billed charges,73 percent of charges; No services were performed during the 15 month look back period.,3.145716,73,,,,,0,percent of total billed charges,73 percent of charges; No services were performed during the 15 month look back period.,3.145716,73,,,,,0,percent of total billed charges,73 percent of charges; No services were performed during the 15 month look back period.,3.145716,73,,,,,0,percent of total billed charges,73 percent of charges; No services were performed during the 15 month look back period.,3.145716,73,,,,,0,percent of total billed charges,73 percent of charges; No services were performed during the 15 month look back period.,3.145716,73,,,,,0,percent of total billed charges,73 percent of charges; No services were performed during the 15 month look back period.,3.145716,73,,,,,0,percent of total billed charges,73 percent of charges; No services were performed during the 15 month look back period.,3.145716,73,,,,,0,percent of total billed charges,73 percent of charges; No services were performed during the 15 month look back period.,3.145716,73,,,,,0,percent of total billed charges,73 percent of charges; No services were performed during the 15 month look back period.,3.145716,73,,,,,0,percent of total billed charges,73 percent of charges; No services were performed during the 15 month look back period.,3.145716,73,,,,,0,percent of total billed charges,73 percent of charges; No services were performed during the 15 month look back period.,3.145716,73,,,,,0,percent of total billed charges,73 percent of charges; No services were performed during the 15 month look back period.,3.145716,73,,,,,0,percent of total billed charges,73 percent of charges; No services were performed during the 15 month look back period.,3.145716,73,,,,,0,percent of total billed charges,73 percent of charges; No services were performed during the 15 month look back period.,3.145716,73,,,,,0,percent of total billed charges,73 percent of charges; No services were performed during the 15 month look back period.,3.145716,73,,,,,0,percent of total billed charges,73 percent of charges; No services were performed during the 15 month look back period.,3.145716,73,,,,,0,percent of total billed charges,73 percent of charges; No services were performed during the 15 month look back period.,3.145716,73,,,,,0,percent of total billed charges,73 percent of charges; No services were performed during the 15 month look back period.,3.145716,73,,,,,0,percent of total billed charges,73 percent of charges; No services were performed during the 15 month look back period.,3.145716,73,,,,,0,percent of total billed charges,73 percent of charges; No services were performed during the 15 month look back period.,3.145716,73,,,,,0,percent of total billed charges,73 percent of charges; No services were performed during the 15 month look back period.,3.145716,73,,,,,0,percent of total billed charges,73 percent of charges; No services were performed during the 15 month look back period.,3.145716,73,,,,,0,percent of total billed charges,73 percent of charges; No services were performed during the 15 month look back period.,3.145716,73,,,,,0,percent of total billed charges,73 percent of charges; No services were performed during the 15 month look back period.,3.145716,73,,,,,0,percent of total billed charges,73 percent of charges; No services were performed during the 15 month look back period.,3.145716,73,,,,,0,percent of total billed charges,73 percent of charges; No services were performed during the 15 month look back period.,1.249668,29,,,,,0,percent of total billed charges,29 percent of charges; No services were performed during the 15 month look back period.,1.249668,29,,,,,0,percent of total billed charges,29 percent of charges; No services were performed during the 15 month look back period.,1.249668,29,,,,,0,percent of total billed charges,29 percent of charges; No services were performed during the 15 month look back period.,1.249668,29,,,,,0,percent of total billed charges,29 percent of charges; No services were performed during the 15 month look back period.,1.72368,40,,,,,0,percent of total billed charges,40 percent of charges; No services were performed during the 15 month look back period.,1.72368,40,,,,,0,percent of total billed charges,40 percent of charges; No services were performed during the 15 month look back period.,1.378944,32,,,,,0,percent of total billed charges,32 pecent of charges; No services were performed during the 15 month look back period.,,,,,,,,,,0.43092,10,,,,,0,percent of total billed charges,10 percent of charges; No services were performed during the 15 month look back period.,,,,,,,,,,3.145716,73,,,,,0,percent of total billed charges,73 percent of charges; No services were performed during the 15 month look back period.,1.72368,40,,,,,0,percent of total billed charges,40 percent of charges; No services were performed during the 15 month look back period.,,,,,,,,,,0.43092,10,,,,,0,percent of total billed charges,10 percent of charges; No services were performed during the 15 month look back period.,1.378944,32,,,,,0,percent of total billed charges,32 pecent of charges; No services were performed during the 15 month look back period.,,,,,,,,,,3.145716,73,,,,,0,percent of total billed charges,73 percent of charges; No services were performed during the 15 month look back period.,,,,,,,,,,1.249668,29,,,,,0,percent of total billed charges,29 percent of charges; No services were performed during the 15 month look back period.,1.249668,29,,,,,0,percent of total billed charges,29 percent of charges; No services were performed during the 15 month look back period.,1.249668,29,,,,,0,percent of total billed charges,29 percent of charges; No services were performed during the 15 month look back period.,,,,,,,,,,1.034208,24,,,,,0,percent of total billed charges,24 percent of charges; No services were performed during the 15 month look back period.,,,,,,,,,,,,,,,,,,,,,,,,,,,,,,,,,,,,,,,,,,,,,,1.29276,30,,,,,0,percent of total billed charges,30 Percent of charges; No services were performed during the 15 month look back period.,1.29276,30,,,,,0,percent of total billed charges,30 Percent of charges; No services were performed during the 15 month look back period.,,,,,,,,,,1.378944,32,,,,,0,percent of total billed charges,32 pecent of charges; No services were performed during the 15 month look back period.,0.43092,10,,,,,0,percent of total billed charges,10 percent of charges; No services were performed during the 15 month look back period.,0.43092,10,,,,,0,percent of total billed charges,10 percent of charges; No services were performed during the 15 month look back period.,,,,,,,,,,1.378944,32,,,,,0,percent of total billed charges,32 pecent of charges; No services were performed during the 15 month look back period.,1.29276,30,,,,,0,percent of total billed charges,30 Percent of charges; No services were performed during the 15 month look back period.,1.29276,30,,,,,0,percent of total billed charges,30 Percent of charges; No services were performed during the 15 month look back period.,1.29276,30,,,,,0,percent of total billed charges,30 Percent of charges; No services were performed during the 15 month look back period.,3.145716,73,,,,,0,percent of total billed charges,73 percent of charges; No services were performed during the 15 month look back period.,3.145716,73,,,,,0,percent of total billed charges,73 percent of charges; No services were performed during the 15 month look back period.,3.145716,73,,,,,0,percent of total billed charges,73 percent of charges; No services were performed during the 15 month look back period.,3.145716,73,,,,,0,percent of total billed charges,73 percent of charges; No services were performed during the 15 month look back period.,3.145716,73,,,,,0,percent of total billed charges,73 percent of charges; No services were performed during the 15 month look back period.,3.145716,73,,,,,0,percent of total billed charges,73 percent of charges; No services were performed during the 15 month look back period.,3.145716,73,,,,,0,percent of total billed charges,73 percent of charges; No services were performed during the 15 month look back period.,3.145716,73,,,,,0,percent of total billed charges,73 percent of charges; No services were performed during the 15 month look back period.,3.145716,73,,,,,0,percent of total billed charges,73 percent of charges; No services were performed during the 15 month look back period.,3.145716,73,,,,,0,percent of total billed charges,73 percent of charges; No services were performed during the 15 month look back period.,3.145716,73,,,,,0,percent of total billed charges,73 percent of charges; No services were performed during the 15 month look back period.,1.72368,40,,,,,0,percent of total billed charges,40 percent of charges; No services were performed during the 15 month look back period.,,,,,,,,,,1.378944,32,,,,,0,percent of total billed charges,32 pecent of charges; No services were performed during the 15 month look back period.,,,,,,,,,,1.29276,30,,,,,0,percent of total billed charges,30 Percent of charges; No services were performed during the 15 month look back period.,1.378944,32,,,,,0,percent of total billed charges,32 pecent of charges; No services were performed during the 15 month look back period.,1.378944,32,,,,,0,percent of total billed charges,32 pecent of charges; No services were performed during the 15 month look back period.,3.145716,73,,,,,0,percent of total billed charges,73 percent of charges; No services were performed during the 15 month look back period.,0.86184,20,,,,,0,percent of total billed charges,20 percent of charges; No services were performed during the 15 month look back period.,1.378944,32,,,,,0,percent of total billed charges,32 pecent of charges; No services were performed during the 15 month look back period.,,,,,,,,,,,,,,,,,,,,,,,,,,,,,,,,,,,,,,,,,,,,,,,,,,,,,,,,,,,,,,,,1.378944,32,,,,,0,percent of total billed charges,32 pecent of charges; No services were performed during the 15 month look back period.,1.034208,24,,,,,0,percent of total billed charges,24 percent of charges; No services were performed during the 15 month look back period.,,,,,,,,,,,,,,,,,,,,,,,,,,,,,,,,,,,,,,,,,,,,,,,,,,,,,,,1.034208,24,,,,,0,percent of total billed charges,24 percent of charges; No services were performed during the 15 month look back period.,1.335852,31,,,,,0,percent of total billed charges,31 percent of charges; No services were performed during the 15 month look back period.,1.335852,31,,,,,0,percent of total billed charges,31 percent of charges; No services were performed during the 15 month look back period.,1.335852,31,,,,,0,percent of total billed charges,31 percent of charges; No services were performed during the 15 month look back period.,1.335852,31,,,,,0,percent of total billed charges,31 percent of charges; No services were performed during the 15 month look back period.,1.335852,31,,,,,0,percent of total billed charges,31 percent of charges; No services were performed during the 15 month look back period.,,,,,,,,,,1.72368,40,,,,,0,percent of total billed charges,40 percent of charges; No services were performed during the 15 month look back period.,1.72368,40,,,,,0,percent of total billed charges,40 percent of charges; No services were performed during the 15 month look back period.,1.72368,40,,,,,0,percent of total billed charges,40 percent of charges; No services were performed during the 15 month look back period.,1.72368,40,,,,,0,percent of total billed charges,40 percent of charges; No services were performed during the 15 month look back period.,1.29276,30,,,,,0,percent of total billed charges,30 Percent of charges; No services were performed during the 15 month look back period.,1.29276,30,,,,,0,percent of total billed charges,30 Percent of charges; No services were performed during the 15 month look back period.,1.29276,30,,,,,0,percent of total billed charges,30 Percent of charges; No services were performed during the 15 month look back period.,1.29276,30,,,,,0,percent of total billed charges,30 Percent of charges; No services were performed during the 15 month look back period.,1.034208,24,,,,,0,percent of total billed charges,24 percent of charges; No services were performed during the 15 month look back period.,1.034208,24,,,,,0,percent of total billed charges,24 percent of charges; No services were performed during the 15 month look back period.,,,,,,,,,,,,,,,,,,,,,,,,,,,,,,,,,,,,,,,,,,,,,,,,,,,,,,,1.034208,24,,,,,0,percent of total billed charges,24 percent of charges; No services were performed during the 15 month look back period.,1.29276,30,,,,,0,percent of total billed charges,30 Percent of charges; No services were performed during the 15 month look back period.,,,,,,,,,,,,,,,,,,,,,,,,,,,,,,,,,,,,,,,,,,,,,,,,,,,,,,,,,,,,,,,,,,,,,,,,,,,,,,,,,,,,,,,,,,,,,,,,,,,,,,,,,,,,,,,,,,,,,,,,,,,,,,,,,,,,,,,,,,,,,,,,,,,,,,,,,,,,,,,,,,,,,,,,,,,,,,,,,,,,,,,,,,,,,,,,,,,,,,,1.29276,30,,,,,0,percent of total billed charges,30 Percent of charges; No services were performed during the 15 month look back period.,,,,,,,,,,,,,,,,,,,,,,,,,,,,,,,,,,,,,,,,,,,,,,,,,,,,,,,,,,,,,,,,0.43092,10,,,,,0,percent of total billed charges,10 percent of charges; No services were performed during the 15 month look back period.,0.43092,10,,,,,0,percent of total billed charges,10 percent of charges; No services were performed during the 15 month look back period.,0.43092,10,,,,,0,percent of total billed charges,10 percent of charges; No services were performed during the 15 month look back period.,0.43092,10,,,,,0,percent of total billed charges,10 percent of charges; No services were performed during the 15 month look back period.,,,,,,,,,,1.034208,24,,,,,0,percent of total billed charges,24 percent of charges; No services were performed during the 15 month look back period.,1.249668,29,,,,,0,percent of total billed charges,29 percent of charges; No services were performed during the 15 month look back period.,1.249668,29,,,,,0,percent of total billed charges,29 percent of charges; No services were performed during the 15 month look back period.,1.249668,29,,,,,0,percent of total billed charges,29 percent of charges; No services were performed during the 15 month look back period.,1.249668,29,,,,,0,percent of total billed charges,29 percent of charges; No services were performed during the 15 month look back period.,,,,,,,,,,,,,,,,,,,,,,,,,,,,,,,,,,,,,,,,,,,,,,,,,,,,,,,,,,,,,,,,,,,,,,,,,,,,,,,,,,,,,,,,,,,1.29276,30,,,,,0,percent of total billed charges,30 Percent of charges; No services were performed during the 15 month look back period.,,,,,,,,,,,,,,,,,,,,,,,,,,,,,,,,,,,,,,,,,,,,,,,,,,,,,,,,,,,,,,,,,,,,,,,,,,,,,,,,,,,,,,,,,,,,,,,,,,,,,,,,,,,,,,,,,,,,,,,,,,,,,,,1.378944,32,,,,,0,percent of total billed charges,32 pecent of charges; No services were performed during the 15 month look back period.,,,,,,,,,,,,,,,,,,,,,,,,,,,,,,,,,,,,,,,,,,,,,,1.249668,29,,,,,0,percent of total billed charges,29 percent of charges; No services were performed during the 15 month look back period.,1.249668,29,,,,,0,percent of total billed charges,29 percent of charges; No services were performed during the 15 month look back period.,1.249668,29,,,,,0,percent of total billed charges,29 percent of charges; No services were performed during the 15 month look back period.,1.249668,29,,,,,0,percent of total billed charges,29 percent of charges; No services were performed during the 15 month look back period.,,,,,,,,,,1.249668,29,,,,,0,percent of total billed charges,29 percent of charges; No services were performed during the 15 month look back period.,1.29276,30,,,,,0,percent of total billed charges,30 Percent of charges; No services were performed during the 15 month look back period.,1.249668,29,,,,,0,percent of total billed charges,29 percent of charges; No services were performed during the 15 month look back period.,1.378944,32,,,,,0,percent of total billed charges,32 pecent of charges; No services were performed during the 15 month look back period.,1.249668,29,,,,,0,percent of total billed charges,29 percent of charges; No services were performed during the 15 month look back period.,,,,,,,,,,,,,,,,,,,,,,,,,,,,1.249668,29,,,,,0,percent of total billed charges,29 percent of charges; No services were performed during the 15 month look back period.,,,,,,,,,,,,,,,,,,,,,,,,,,,,,,,,,,,,,,,,,,,,,,1.249668,29,,,,,0,percent of total billed charges,29 percent of charges; No services were performed during the 15 month look back period.,1.249668,29,,,,,0,percent of total billed charges,29 percent of charges; No services were performed during the 15 month look back period.,1.249668,29,,,,,0,percent of total billed charges,29 percent of charges; No services were performed during the 15 month look back period.,1.249668,29,,,,,0,percent of total billed charges,29 percent of charges; No services were performed during the 15 month look back period.,,,,,,,,,,,,,,,,,,,,,,,,,,,,,,,,,,,,,,,,,,,,,,,,,,,,,,,,,,,,,,,,,,,,,,,,,,,,,,,,,,,,,,,,,,,1.249668,29,,,,,0,percent of total billed charges,29 percent of charges; No services were performed during the 15 month look back period.,1.378944,32,,,,,0,percent of total billed charges,32 pecent of charges; No services were performed during the 15 month look back period.,3.145716,73,,,,,0,percent of total billed charges,73 percent of charges; No services were performed during the 15 month look back period.,0.43092,10,,,,,0,percent of total billed charges,10 percent of charges; No services were performed during the 15 month look back period.,0.43092,10,,,,,0,percent of total billed charges,10 percent of charges; No services were performed during the 15 month look back period.,1.29276,30,,,,,0,percent of total billed charges,30 Percent of charges; No services were performed during the 15 month look back period.,,,,,,,,,,1.72368,40,,,,,0,percent of total billed charges,40 percent of charges; No services were performed during the 15 month look back period.,1.72368,40,,,,,0,percent of total billed charges,40 percent of charges; No services were performed during the 15 month look back period.,,,,,,,,,,,,,,,,,,,,,,,,,,,,,,,,,,,,,,,,,,,,,,,,,,,,,,,0.43092,10,,,,,0,percent of total billed charges,10 percent of charges; No services were performed during the 15 month look back period.,,,,,,,,,,,,,,,,,,,,,,,,,,,,,,,,,,,,,1.249668,29,,,,,0,percent of total billed charges,29 percent of charges; No services were performed during the 15 month look back period.,,,,,,,,,,,,,,,,,,,1.249668,29,,,,,0,percent of total billed charges,29 percent of charges; No services were performed during the 15 month look back period.,,,,,,,,,,,,,,,,,,,,,,,,,,,,1.034208,24,,,,,0,percent of total billed charges,24 percent of charges; No services were performed during the 15 month look back period.,1.249668,29,,,,,0,percent of total billed charges,29 percent of charges; No services were performed during the 15 month look back period.,,,,,,,,,,,,,,,,,,,,,,,,,,,,,,,,,,,,,0.43092,10,,,,,0,percent of total billed charges,10 percent of charges; No services were performed during the 15 month look back period.,,,,,,,,,,,,,,,,,,,,,,,,,,,,,,,,,,,,,,,,,,,,,,,,,,,,,,,,,,,,,,,,,,,,,,,,,0.43092,10,,,,,0,percent of total billed charges,10 percent of charges; No services were performed during the 15 month look back period.,,,,,,,,,,,,,,,,,,,,,,,,,,,,,,,,,,,,,,,,,,,,,,,,,,,,,,,,,,,,,,,,,,,,,,,,,,,,,,,,,,,,,,,,,,,,,,,,,,,,,,,,,,,,,,,,,,,,,,1.249668,29,,,,,0,percent of total billed charges,29 percent of charges; No services were performed during the 15 month look back period.,1.249668,29,,,,,0,percent of total billed charges,29 percent of charges; No services were performed during the 15 month look back period.,1.249668,29,,,,,0,percent of total billed charges,29 percent of charges; No services were performed during the 15 month look back period.,1.249668,29,,,,,0,percent of total billed charges,29 percent of charges; No services were performed during the 15 month look back period.,1.249668,29,,,,,0,percent of total billed charges,29 percent of charges; No services were performed during the 15 month look back period.,1.249668,29,,,,,0,percent of total billed charges,29 percent of charges; No services were performed during the 15 month look back period.,1.249668,29,,,,,0,percent of total billed charges,29 percent of charges; No services were performed during the 15 month look back period.,1.249668,29,,,,,0,percent of total billed charges,29 percent of charges; No services were performed during the 15 month look back period.,1.249668,29,,,,,0,percent of total billed charges,29 percent of charges; No services were performed during the 15 month look back period.,1.249668,29,,,,,0,percent of total billed charges,29 percent of charges; No services were performed during the 15 month look back period.,1.249668,29,,,,,0,percent of total billed charges,29 percent of charges; No services were performed during the 15 month look back period.,1.249668,29,,,,,0,percent of total billed charges,29 percent of charges; No services were performed during the 15 month look back period.,1.249668,29,,,,,0,percent of total billed charges,29 percent of charges; No services were performed during the 15 month look back period.,,,,,,,,,,1.249668,29,,,,,0,percent of total billed charges,29 percent of charges; No services were performed during the 15 month look back period.,,,,,,,,,,0.818748,19,,,,,0,percent of total billed charges,19 percent of charges; No services were performed during the 15 month look back period.,0.560196,13,,,,,0,percent of total billed charges,13 percent of charges; No services were performed during the 15 month look back period.,0.43092,10,,,,,0,percent of total billed charges,10 percent of charges; No services were performed during the 15 month look back period.,0.43092,10,,,,,0,percent of total billed charges,10 percent of charges; No services were performed during the 15 month look back period.,,,,,,,,,,1.72368,40,,,,,0,percent of total billed charges,40 percent of charges; No services were performed during the 15 month look back period.,,,,,,,,,,,,,,,,,,,1.29276,30,,,,,0,percent of total billed charges,30 Percent of charges; No services were performed during the 15 month look back period.,,,,,,,,,,1.378944,32,,,,,0,percent of total billed charges,32 pecent of charges; No services were performed during the 15 month look back period.,,,,,,,,,,1.378944,32,,,,,0,percent of total billed charges,32 pecent of charges; No services were performed during the 15 month look back period.,1.29276,30,,,,,0,percent of total billed charges,30 Percent of charges; No services were performed during the 15 month look back period.,1.378944,32,,,,,0,percent of total billed charges,32 pecent of charges; No services were performed during the 15 month look back period.,,,,,,,,,,,,,,,,,,,,,,,,,,,,1.378944,32,,,,,0,percent of total billed charges,32 pecent of charges; No services were performed during the 15 month look back period.,0.43092,10,,,,,0,percent of total billed charges,10 percent of charges; No services were performed during the 15 month look back period.,,,,,,,,,,,,,,,,,,,,,,,,,,,,,,,,,,,,,,,,,,,,,,,,,,,,,,,,,,,,,,,,0.43092,10,,,,,0,percent of total billed charges,10 percent of charges; No services were performed during the 15 month look back period.,,,,,,,,,,,,,,,,,,,,,,,,,,,,1.249668,29,,,,,0,percent of total billed charges,29 percent of charges; No services were performed during the 15 month look back period.,1.249668,29,,,,,0,percent of total billed charges,29 percent of charges; No services were performed during the 15 month look back period.,1.335852,31,,,,,0,percent of total billed charges,31 percent of charges; No services were performed during the 15 month look back period.,,,,,,,,,,0.43092,10,,,,,0,percent of total billed charges,10 percent of charges; No services were performed during the 15 month look back period.,1.378944,32,,,,,0,percent of total billed charges,32 pecent of charges; No services were performed during the 15 month look back period.,1.29276,30,,,,,0,percent of total billed charges,30 Percent of charges; No services were performed during the 15 month look back period.,0.43092,10,,,,,0,percent of total billed charges,10 percent of charges; No services were performed during the 15 month look back period.,1.29276,30,,,,,0,percent of total billed charges,30 Percent of charges; No services were performed during the 15 month look back period.,0.43092,10,,,,,0,percent of total billed charges,10 percent of charges; No services were performed during the 15 month look back period.,,,,,,,,,,,,,,,,,,,,,,,,,,,,,,,,,,,,,,,,,,,,,,0.021546,4.3092,
J9027,HCPCS,5010003,LOCAL,636,RC,CLOFARABINE INJECTION,127.8396,24.289524,Inpatient,ME,1,,,,,,,,,,,,,,,,,,,,38.35188,30,,,,,0,percent of total billed charges,30 Percent of charges; No services were performed during the 15 month look back period.,127.8396,100,,,,,0,percent of total billed charges,100 percent of charges; No services were performed during the 15 month look back period.,,,,,,,,,,38.35188,30,,,,,0,percent of total billed charges,30 Percent of charges; No services were performed during the 15 month look back period.,38.35188,30,,,,,0,percent of total billed charges,30 Percent of charges; No services were performed during the 15 month look back period.,38.35188,30,,,,,0,percent of total billed charges,30 Percent of charges; No services were performed during the 15 month look back period.,12.78396,10,,,,,0,percent of total billed charges,10 percent of charges; No services were performed during the 15 month look back period.,,,,,,,,,,93.322908,73,,,,,0,percent of total billed charges,73 percent of charges; No services were performed during the 15 month look back period.,12.78396,10,,,,,0,percent of total billed charges,10 percent of charges; No services were performed during the 15 month look back period.,,,,,,,,,,,,,,,,,,,40.908672,32,,,,,0,percent of total billed charges,32 pecent of charges; No services were performed during the 15 month look back period.,40.908672,32,,,,,0,percent of total billed charges,32 pecent of charges; No services were performed during the 15 month look back period.,40.908672,32,,,,,0,percent of total billed charges,32 pecent of charges; No services were performed during the 15 month look back period.,40.908672,32,,,,,0,percent of total billed charges,32 pecent of charges; No services were performed during the 15 month look back period.,,,,,,,,,,,,,,,,,,,,,,,,,,,,93.322908,73,,,,,0,percent of total billed charges,73 percent of charges; No services were performed during the 15 month look back period.,38.35188,30,,,,,0,percent of total billed charges,30 Percent of charges; No services were performed during the 15 month look back period.,51.13584,40,,,,,0,percent of total billed charges,40 percent of charges; No services were performed during the 15 month look back period.,37.073484,29,,,,,0,percent of total billed charges,29 percent of charges; No services were performed during the 15 month look back period.,51.13584,40,,,,,0,percent of total billed charges,40 percent of charges; No services were performed during the 15 month look back period.,51.13584,40,,,,,0,percent of total billed charges,40 percent of charges; No services were performed during the 15 month look back period.,93.322908,73,,,,,0,percent of total billed charges,73 percent of charges; No services were performed during the 15 month look back period.,,,,,,,,,,,,,,,,,,,,,,,,,,,,,,,,,,,,,37.073484,29,,,,,0,percent of total billed charges,29 percent of charges; No services were performed during the 15 month look back period.,37.073484,29,,,,,0,percent of total billed charges,29 percent of charges; No services were performed during the 15 month look back period.,37.073484,29,,,,,0,percent of total billed charges,29 percent of charges; No services were performed during the 15 month look back period.,37.073484,29,,,,,0,percent of total billed charges,29 percent of charges; No services were performed during the 15 month look back period.,37.073484,29,,,,,0,percent of total billed charges,29 percent of charges; No services were performed during the 15 month look back period.,37.073484,29,,,,,0,percent of total billed charges,29 percent of charges; No services were performed during the 15 month look back period.,37.073484,29,,,,,0,percent of total billed charges,29 percent of charges; No services were performed during the 15 month look back period.,93.322908,73,,,,,0,percent of total billed charges,73 percent of charges; No services were performed during the 15 month look back period.,16.619148,13,,,,,0,percent of total billed charges,13 percent of charges; No services were performed during the 15 month look back period.,16.619148,13,,,,,0,percent of total billed charges,13 percent of charges; No services were performed during the 15 month look back period.,93.322908,73,,,,,0,percent of total billed charges,73 percent of charges; No services were performed during the 15 month look back period.,40.908672,32,,,,,0,percent of total billed charges,32 pecent of charges; No services were performed during the 15 month look back period.,12.78396,10,,,,,0,percent of total billed charges,10 percent of charges; No services were performed during the 15 month look back period.,12.78396,10,,,,,0,percent of total billed charges,10 percent of charges; No services were performed during the 15 month look back period.,93.322908,73,,,,,0,percent of total billed charges,73 percent of charges; No services were performed during the 15 month look back period.,,,,,,,,,,12.78396,10,,,,,0,percent of total billed charges,10 percent of charges; No services were performed during the 15 month look back period.,12.78396,10,,,,,0,percent of total billed charges,10 percent of charges; No services were performed during the 15 month look back period.,12.78396,10,,,,,0,percent of total billed charges,10 percent of charges; No services were performed during the 15 month look back period.,,,,,,,,,,12.78396,10,,,,,0,percent of total billed charges,10 percent of charges; No services were performed during the 15 month look back period.,12.78396,10,,,,,0,percent of total billed charges,10 percent of charges; No services were performed during the 15 month look back period.,,,,,,,,,,30.681504,24,,,,,0,percent of total billed charges,24 percent of charges; No services were performed during the 15 month look back period.,,,,,,,,,,,,,,,,,,,,,,,,,,,,,,,,,,,,,,,,,,,,,,,,,,,,,,,,,,,,,,,,,,,,,,,,,,,,,,,,,,93.322908,73,,,,,0,percent of total billed charges,73 percent of charges; No services were performed during the 15 month look back period.,93.322908,73,,,,,0,percent of total billed charges,73 percent of charges; No services were performed during the 15 month look back period.,93.322908,73,,,,,0,percent of total billed charges,73 percent of charges; No services were performed during the 15 month look back period.,93.322908,73,,,,,0,percent of total billed charges,73 percent of charges; No services were performed during the 15 month look back period.,93.322908,73,,,,,0,percent of total billed charges,73 percent of charges; No services were performed during the 15 month look back period.,93.322908,73,,,,,0,percent of total billed charges,73 percent of charges; No services were performed during the 15 month look back period.,93.322908,73,,,,,0,percent of total billed charges,73 percent of charges; No services were performed during the 15 month look back period.,93.322908,73,,,,,0,percent of total billed charges,73 percent of charges; No services were performed during the 15 month look back period.,93.322908,73,,,,,0,percent of total billed charges,73 percent of charges; No services were performed during the 15 month look back period.,93.322908,73,,,,,0,percent of total billed charges,73 percent of charges; No services were performed during the 15 month look back period.,93.322908,73,,,,,0,percent of total billed charges,73 percent of charges; No services were performed during the 15 month look back period.,93.322908,73,,,,,0,percent of total billed charges,73 percent of charges; No services were performed during the 15 month look back period.,93.322908,73,,,,,0,percent of total billed charges,73 percent of charges; No services were performed during the 15 month look back period.,93.322908,73,,,,,0,percent of total billed charges,73 percent of charges; No services were performed during the 15 month look back period.,93.322908,73,,,,,0,percent of total billed charges,73 percent of charges; No services were performed during the 15 month look back period.,93.322908,73,,,,,0,percent of total billed charges,73 percent of charges; No services were performed during the 15 month look back period.,93.322908,73,,,,,0,percent of total billed charges,73 percent of charges; No services were performed during the 15 month look back period.,93.322908,73,,,,,0,percent of total billed charges,73 percent of charges; No services were performed during the 15 month look back period.,93.322908,73,,,,,0,percent of total billed charges,73 percent of charges; No services were performed during the 15 month look back period.,93.322908,73,,,,,0,percent of total billed charges,73 percent of charges; No services were performed during the 15 month look back period.,93.322908,73,,,,,0,percent of total billed charges,73 percent of charges; No services were performed during the 15 month look back period.,93.322908,73,,,,,0,percent of total billed charges,73 percent of charges; No services were performed during the 15 month look back period.,93.322908,73,,,,,0,percent of total billed charges,73 percent of charges; No services were performed during the 15 month look back period.,93.322908,73,,,,,0,percent of total billed charges,73 percent of charges; No services were performed during the 15 month look back period.,93.322908,73,,,,,0,percent of total billed charges,73 percent of charges; No services were performed during the 15 month look back period.,93.322908,73,,,,,0,percent of total billed charges,73 percent of charges; No services were performed during the 15 month look back period.,37.073484,29,,,,,0,percent of total billed charges,29 percent of charges; No services were performed during the 15 month look back period.,37.073484,29,,,,,0,percent of total billed charges,29 percent of charges; No services were performed during the 15 month look back period.,37.073484,29,,,,,0,percent of total billed charges,29 percent of charges; No services were performed during the 15 month look back period.,37.073484,29,,,,,0,percent of total billed charges,29 percent of charges; No services were performed during the 15 month look back period.,51.13584,40,,,,,0,percent of total billed charges,40 percent of charges; No services were performed during the 15 month look back period.,51.13584,40,,,,,0,percent of total billed charges,40 percent of charges; No services were performed during the 15 month look back period.,40.908672,32,,,,,0,percent of total billed charges,32 pecent of charges; No services were performed during the 15 month look back period.,,,,,,,,,,12.78396,10,,,,,0,percent of total billed charges,10 percent of charges; No services were performed during the 15 month look back period.,,,,,,,,,,93.322908,73,,,,,0,percent of total billed charges,73 percent of charges; No services were performed during the 15 month look back period.,51.13584,40,,,,,0,percent of total billed charges,40 percent of charges; No services were performed during the 15 month look back period.,,,,,,,,,,12.78396,10,,,,,0,percent of total billed charges,10 percent of charges; No services were performed during the 15 month look back period.,40.908672,32,,,,,0,percent of total billed charges,32 pecent of charges; No services were performed during the 15 month look back period.,,,,,,,,,,93.322908,73,,,,,0,percent of total billed charges,73 percent of charges; No services were performed during the 15 month look back period.,,,,,,,,,,37.073484,29,,,,,0,percent of total billed charges,29 percent of charges; No services were performed during the 15 month look back period.,37.073484,29,,,,,0,percent of total billed charges,29 percent of charges; No services were performed during the 15 month look back period.,37.073484,29,,,,,0,percent of total billed charges,29 percent of charges; No services were performed during the 15 month look back period.,,,,,,,,,,30.681504,24,,,,,0,percent of total billed charges,24 percent of charges; No services were performed during the 15 month look back period.,,,,,,,,,,,,,,,,,,,,,,,,,,,,,,,,,,,,,,,,,,,,,,38.35188,30,,,,,0,percent of total billed charges,30 Percent of charges; No services were performed during the 15 month look back period.,38.35188,30,,,,,0,percent of total billed charges,30 Percent of charges; No services were performed during the 15 month look back period.,,,,,,,,,,40.908672,32,,,,,0,percent of total billed charges,32 pecent of charges; No services were performed during the 15 month look back period.,12.78396,10,,,,,0,percent of total billed charges,10 percent of charges; No services were performed during the 15 month look back period.,12.78396,10,,,,,0,percent of total billed charges,10 percent of charges; No services were performed during the 15 month look back period.,,,,,,,,,,40.908672,32,,,,,0,percent of total billed charges,32 pecent of charges; No services were performed during the 15 month look back period.,38.35188,30,,,,,0,percent of total billed charges,30 Percent of charges; No services were performed during the 15 month look back period.,38.35188,30,,,,,0,percent of total billed charges,30 Percent of charges; No services were performed during the 15 month look back period.,38.35188,30,,,,,0,percent of total billed charges,30 Percent of charges; No services were performed during the 15 month look back period.,93.322908,73,,,,,0,percent of total billed charges,73 percent of charges; No services were performed during the 15 month look back period.,93.322908,73,,,,,0,percent of total billed charges,73 percent of charges; No services were performed during the 15 month look back period.,93.322908,73,,,,,0,percent of total billed charges,73 percent of charges; No services were performed during the 15 month look back period.,93.322908,73,,,,,0,percent of total billed charges,73 percent of charges; No services were performed during the 15 month look back period.,93.322908,73,,,,,0,percent of total billed charges,73 percent of charges; No services were performed during the 15 month look back period.,93.322908,73,,,,,0,percent of total billed charges,73 percent of charges; No services were performed during the 15 month look back period.,93.322908,73,,,,,0,percent of total billed charges,73 percent of charges; No services were performed during the 15 month look back period.,93.322908,73,,,,,0,percent of total billed charges,73 percent of charges; No services were performed during the 15 month look back period.,93.322908,73,,,,,0,percent of total billed charges,73 percent of charges; No services were performed during the 15 month look back period.,93.322908,73,,,,,0,percent of total billed charges,73 percent of charges; No services were performed during the 15 month look back period.,93.322908,73,,,,,0,percent of total billed charges,73 percent of charges; No services were performed during the 15 month look back period.,51.13584,40,,,,,0,percent of total billed charges,40 percent of charges; No services were performed during the 15 month look back period.,,,,,,,,,,40.908672,32,,,,,0,percent of total billed charges,32 pecent of charges; No services were performed during the 15 month look back period.,,,,,,,,,,38.35188,30,,,,,0,percent of total billed charges,30 Percent of charges; No services were performed during the 15 month look back period.,40.908672,32,,,,,0,percent of total billed charges,32 pecent of charges; No services were performed during the 15 month look back period.,40.908672,32,,,,,0,percent of total billed charges,32 pecent of charges; No services were performed during the 15 month look back period.,93.322908,73,,,,,0,percent of total billed charges,73 percent of charges; No services were performed during the 15 month look back period.,25.56792,20,,,,,0,percent of total billed charges,20 percent of charges; No services were performed during the 15 month look back period.,40.908672,32,,,,,0,percent of total billed charges,32 pecent of charges; No services were performed during the 15 month look back period.,,,,,,,,,,,,,,,,,,,,,,,,,,,,,,,,,,,,,,,,,,,,,,,,,,,,,,,,,,,,,,,,40.908672,32,,,,,0,percent of total billed charges,32 pecent of charges; No services were performed during the 15 month look back period.,30.681504,24,,,,,0,percent of total billed charges,24 percent of charges; No services were performed during the 15 month look back period.,,,,,,,,,,,,,,,,,,,,,,,,,,,,,,,,,,,,,,,,,,,,,,,,,,,,,,,30.681504,24,,,,,0,percent of total billed charges,24 percent of charges; No services were performed during the 15 month look back period.,39.630276,31,,,,,0,percent of total billed charges,31 percent of charges; No services were performed during the 15 month look back period.,39.630276,31,,,,,0,percent of total billed charges,31 percent of charges; No services were performed during the 15 month look back period.,39.630276,31,,,,,0,percent of total billed charges,31 percent of charges; No services were performed during the 15 month look back period.,39.630276,31,,,,,0,percent of total billed charges,31 percent of charges; No services were performed during the 15 month look back period.,39.630276,31,,,,,0,percent of total billed charges,31 percent of charges; No services were performed during the 15 month look back period.,,,,,,,,,,51.13584,40,,,,,0,percent of total billed charges,40 percent of charges; No services were performed during the 15 month look back period.,51.13584,40,,,,,0,percent of total billed charges,40 percent of charges; No services were performed during the 15 month look back period.,51.13584,40,,,,,0,percent of total billed charges,40 percent of charges; No services were performed during the 15 month look back period.,51.13584,40,,,,,0,percent of total billed charges,40 percent of charges; No services were performed during the 15 month look back period.,38.35188,30,,,,,0,percent of total billed charges,30 Percent of charges; No services were performed during the 15 month look back period.,38.35188,30,,,,,0,percent of total billed charges,30 Percent of charges; No services were performed during the 15 month look back period.,38.35188,30,,,,,0,percent of total billed charges,30 Percent of charges; No services were performed during the 15 month look back period.,38.35188,30,,,,,0,percent of total billed charges,30 Percent of charges; No services were performed during the 15 month look back period.,30.681504,24,,,,,0,percent of total billed charges,24 percent of charges; No services were performed during the 15 month look back period.,30.681504,24,,,,,0,percent of total billed charges,24 percent of charges; No services were performed during the 15 month look back period.,,,,,,,,,,,,,,,,,,,,,,,,,,,,,,,,,,,,,,,,,,,,,,,,,,,,,,,30.681504,24,,,,,0,percent of total billed charges,24 percent of charges; No services were performed during the 15 month look back period.,38.35188,30,,,,,0,percent of total billed charges,30 Percent of charges; No services were performed during the 15 month look back period.,,,,,,,,,,,,,,,,,,,,,,,,,,,,,,,,,,,,,,,,,,,,,,,,,,,,,,,,,,,,,,,,,,,,,,,,,,,,,,,,,,,,,,,,,,,,,,,,,,,,,,,,,,,,,,,,,,,,,,,,,,,,,,,,,,,,,,,,,,,,,,,,,,,,,,,,,,,,,,,,,,,,,,,,,,,,,,,,,,,,,,,,,,,,,,,,,,,,,,,38.35188,30,,,,,0,percent of total billed charges,30 Percent of charges; No services were performed during the 15 month look back period.,,,,,,,,,,,,,,,,,,,,,,,,,,,,,,,,,,,,,,,,,,,,,,,,,,,,,,,,,,,,,,,,12.78396,10,,,,,0,percent of total billed charges,10 percent of charges; No services were performed during the 15 month look back period.,12.78396,10,,,,,0,percent of total billed charges,10 percent of charges; No services were performed during the 15 month look back period.,12.78396,10,,,,,0,percent of total billed charges,10 percent of charges; No services were performed during the 15 month look back period.,12.78396,10,,,,,0,percent of total billed charges,10 percent of charges; No services were performed during the 15 month look back period.,,,,,,,,,,30.681504,24,,,,,0,percent of total billed charges,24 percent of charges; No services were performed during the 15 month look back period.,37.073484,29,,,,,0,percent of total billed charges,29 percent of charges; No services were performed during the 15 month look back period.,37.073484,29,,,,,0,percent of total billed charges,29 percent of charges; No services were performed during the 15 month look back period.,37.073484,29,,,,,0,percent of total billed charges,29 percent of charges; No services were performed during the 15 month look back period.,37.073484,29,,,,,0,percent of total billed charges,29 percent of charges; No services were performed during the 15 month look back period.,,,,,,,,,,,,,,,,,,,,,,,,,,,,,,,,,,,,,,,,,,,,,,,,,,,,,,,,,,,,,,,,,,,,,,,,,,,,,,,,,,,,,,,,,,,38.35188,30,,,,,0,percent of total billed charges,30 Percent of charges; No services were performed during the 15 month look back period.,,,,,,,,,,,,,,,,,,,,,,,,,,,,,,,,,,,,,,,,,,,,,,,,,,,,,,,,,,,,,,,,,,,,,,,,,,,,,,,,,,,,,,,,,,,,,,,,,,,,,,,,,,,,,,,,,,,,,,,,,,,,,,,40.908672,32,,,,,0,percent of total billed charges,32 pecent of charges; No services were performed during the 15 month look back period.,,,,,,,,,,,,,,,,,,,,,,,,,,,,,,,,,,,,,,,,,,,,,,37.073484,29,,,,,0,percent of total billed charges,29 percent of charges; No services were performed during the 15 month look back period.,37.073484,29,,,,,0,percent of total billed charges,29 percent of charges; No services were performed during the 15 month look back period.,37.073484,29,,,,,0,percent of total billed charges,29 percent of charges; No services were performed during the 15 month look back period.,37.073484,29,,,,,0,percent of total billed charges,29 percent of charges; No services were performed during the 15 month look back period.,,,,,,,,,,37.073484,29,,,,,0,percent of total billed charges,29 percent of charges; No services were performed during the 15 month look back period.,38.35188,30,,,,,0,percent of total billed charges,30 Percent of charges; No services were performed during the 15 month look back period.,37.073484,29,,,,,0,percent of total billed charges,29 percent of charges; No services were performed during the 15 month look back period.,40.908672,32,,,,,0,percent of total billed charges,32 pecent of charges; No services were performed during the 15 month look back period.,37.073484,29,,,,,0,percent of total billed charges,29 percent of charges; No services were performed during the 15 month look back period.,,,,,,,,,,,,,,,,,,,,,,,,,,,,37.073484,29,,,,,0,percent of total billed charges,29 percent of charges; No services were performed during the 15 month look back period.,,,,,,,,,,,,,,,,,,,,,,,,,,,,,,,,,,,,,,,,,,,,,,37.073484,29,,,,,0,percent of total billed charges,29 percent of charges; No services were performed during the 15 month look back period.,37.073484,29,,,,,0,percent of total billed charges,29 percent of charges; No services were performed during the 15 month look back period.,37.073484,29,,,,,0,percent of total billed charges,29 percent of charges; No services were performed during the 15 month look back period.,37.073484,29,,,,,0,percent of total billed charges,29 percent of charges; No services were performed during the 15 month look back period.,,,,,,,,,,,,,,,,,,,,,,,,,,,,,,,,,,,,,,,,,,,,,,,,,,,,,,,,,,,,,,,,,,,,,,,,,,,,,,,,,,,,,,,,,,,37.073484,29,,,,,0,percent of total billed charges,29 percent of charges; No services were performed during the 15 month look back period.,40.908672,32,,,,,0,percent of total billed charges,32 pecent of charges; No services were performed during the 15 month look back period.,93.322908,73,,,,,0,percent of total billed charges,73 percent of charges; No services were performed during the 15 month look back period.,12.78396,10,,,,,0,percent of total billed charges,10 percent of charges; No services were performed during the 15 month look back period.,12.78396,10,,,,,0,percent of total billed charges,10 percent of charges; No services were performed during the 15 month look back period.,38.35188,30,,,,,0,percent of total billed charges,30 Percent of charges; No services were performed during the 15 month look back period.,,,,,,,,,,51.13584,40,,,,,0,percent of total billed charges,40 percent of charges; No services were performed during the 15 month look back period.,51.13584,40,,,,,0,percent of total billed charges,40 percent of charges; No services were performed during the 15 month look back period.,,,,,,,,,,,,,,,,,,,,,,,,,,,,,,,,,,,,,,,,,,,,,,,,,,,,,,,12.78396,10,,,,,0,percent of total billed charges,10 percent of charges; No services were performed during the 15 month look back period.,,,,,,,,,,,,,,,,,,,,,,,,,,,,,,,,,,,,,37.073484,29,,,,,0,percent of total billed charges,29 percent of charges; No services were performed during the 15 month look back period.,,,,,,,,,,,,,,,,,,,37.073484,29,,,,,0,percent of total billed charges,29 percent of charges; No services were performed during the 15 month look back period.,,,,,,,,,,,,,,,,,,,,,,,,,,,,30.681504,24,,,,,0,percent of total billed charges,24 percent of charges; No services were performed during the 15 month look back period.,37.073484,29,,,,,0,percent of total billed charges,29 percent of charges; No services were performed during the 15 month look back period.,,,,,,,,,,,,,,,,,,,,,,,,,,,,,,,,,,,,,12.78396,10,,,,,0,percent of total billed charges,10 percent of charges; No services were performed during the 15 month look back period.,,,,,,,,,,,,,,,,,,,,,,,,,,,,,,,,,,,,,,,,,,,,,,,,,,,,,,,,,,,,,,,,,,,,,,,,,12.78396,10,,,,,0,percent of total billed charges,10 percent of charges; No services were performed during the 15 month look back period.,,,,,,,,,,,,,,,,,,,,,,,,,,,,,,,,,,,,,,,,,,,,,,,,,,,,,,,,,,,,,,,,,,,,,,,,,,,,,,,,,,,,,,,,,,,,,,,,,,,,,,,,,,,,,,,,,,,,,,37.073484,29,,,,,0,percent of total billed charges,29 percent of charges; No services were performed during the 15 month look back period.,37.073484,29,,,,,0,percent of total billed charges,29 percent of charges; No services were performed during the 15 month look back period.,37.073484,29,,,,,0,percent of total billed charges,29 percent of charges; No services were performed during the 15 month look back period.,37.073484,29,,,,,0,percent of total billed charges,29 percent of charges; No services were performed during the 15 month look back period.,37.073484,29,,,,,0,percent of total billed charges,29 percent of charges; No services were performed during the 15 month look back period.,37.073484,29,,,,,0,percent of total billed charges,29 percent of charges; No services were performed during the 15 month look back period.,37.073484,29,,,,,0,percent of total billed charges,29 percent of charges; No services were performed during the 15 month look back period.,37.073484,29,,,,,0,percent of total billed charges,29 percent of charges; No services were performed during the 15 month look back period.,37.073484,29,,,,,0,percent of total billed charges,29 percent of charges; No services were performed during the 15 month look back period.,37.073484,29,,,,,0,percent of total billed charges,29 percent of charges; No services were performed during the 15 month look back period.,37.073484,29,,,,,0,percent of total billed charges,29 percent of charges; No services were performed during the 15 month look back period.,37.073484,29,,,,,0,percent of total billed charges,29 percent of charges; No services were performed during the 15 month look back period.,37.073484,29,,,,,0,percent of total billed charges,29 percent of charges; No services were performed during the 15 month look back period.,,,,,,,,,,37.073484,29,,,,,0,percent of total billed charges,29 percent of charges; No services were performed during the 15 month look back period.,,,,,,,,,,24.289524,19,,,,,0,percent of total billed charges,19 percent of charges; No services were performed during the 15 month look back period.,16.619148,13,,,,,0,percent of total billed charges,13 percent of charges; No services were performed during the 15 month look back period.,12.78396,10,,,,,0,percent of total billed charges,10 percent of charges; No services were performed during the 15 month look back period.,12.78396,10,,,,,0,percent of total billed charges,10 percent of charges; No services were performed during the 15 month look back period.,,,,,,,,,,51.13584,40,,,,,0,percent of total billed charges,40 percent of charges; No services were performed during the 15 month look back period.,,,,,,,,,,,,,,,,,,,38.35188,30,,,,,0,percent of total billed charges,30 Percent of charges; No services were performed during the 15 month look back period.,,,,,,,,,,40.908672,32,,,,,0,percent of total billed charges,32 pecent of charges; No services were performed during the 15 month look back period.,,,,,,,,,,40.908672,32,,,,,0,percent of total billed charges,32 pecent of charges; No services were performed during the 15 month look back period.,38.35188,30,,,,,0,percent of total billed charges,30 Percent of charges; No services were performed during the 15 month look back period.,40.908672,32,,,,,0,percent of total billed charges,32 pecent of charges; No services were performed during the 15 month look back period.,,,,,,,,,,,,,,,,,,,,,,,,,,,,40.908672,32,,,,,0,percent of total billed charges,32 pecent of charges; No services were performed during the 15 month look back period.,12.78396,10,,,,,0,percent of total billed charges,10 percent of charges; No services were performed during the 15 month look back period.,,,,,,,,,,,,,,,,,,,,,,,,,,,,,,,,,,,,,,,,,,,,,,,,,,,,,,,,,,,,,,,,12.78396,10,,,,,0,percent of total billed charges,10 percent of charges; No services were performed during the 15 month look back period.,,,,,,,,,,,,,,,,,,,,,,,,,,,,37.073484,29,,,,,0,percent of total billed charges,29 percent of charges; No services were performed during the 15 month look back period.,37.073484,29,,,,,0,percent of total billed charges,29 percent of charges; No services were performed during the 15 month look back period.,39.630276,31,,,,,0,percent of total billed charges,31 percent of charges; No services were performed during the 15 month look back period.,,,,,,,,,,12.78396,10,,,,,0,percent of total billed charges,10 percent of charges; No services were performed during the 15 month look back period.,40.908672,32,,,,,0,percent of total billed charges,32 pecent of charges; No services were performed during the 15 month look back period.,38.35188,30,,,,,0,percent of total billed charges,30 Percent of charges; No services were performed during the 15 month look back period.,12.78396,10,,,,,0,percent of total billed charges,10 percent of charges; No services were performed during the 15 month look back period.,38.35188,30,,,,,0,percent of total billed charges,30 Percent of charges; No services were performed during the 15 month look back period.,12.78396,10,,,,,0,percent of total billed charges,10 percent of charges; No services were performed during the 15 month look back period.,,,,,,,,,,,,,,,,,,,,,,,,,,,,,,,,,,,,,,,,,,,,,,0.639198,2474.503636,
J9028,HCPCS,5010003,LOCAL,636,RC,"INJ, NOGAPENDEKIN PMLN, 1MCG",1434.4344,272.542536,Inpatient,ME,0.001,,,,,,,,,,,,,,,,,,,,430.33032,30,,,,,0,percent of total billed charges,30 Percent of charges; No services were performed during the 15 month look back period.,1434.4344,100,,,,,0,percent of total billed charges,100 percent of charges; No services were performed during the 15 month look back period.,,,,,,,,,,430.33032,30,,,,,0,percent of total billed charges,30 Percent of charges; No services were performed during the 15 month look back period.,430.33032,30,,,,,0,percent of total billed charges,30 Percent of charges; No services were performed during the 15 month look back period.,430.33032,30,,,,,0,percent of total billed charges,30 Percent of charges; No services were performed during the 15 month look back period.,143.44344,10,,,,,0,percent of total billed charges,10 percent of charges; No services were performed during the 15 month look back period.,,,,,,,,,,1047.137112,73,,,,,0,percent of total billed charges,73 percent of charges; No services were performed during the 15 month look back period.,143.44344,10,,,,,0,percent of total billed charges,10 percent of charges; No services were performed during the 15 month look back period.,,,,,,,,,,,,,,,,,,,459.019008,32,,,,,0,percent of total billed charges,32 pecent of charges; No services were performed during the 15 month look back period.,459.019008,32,,,,,0,percent of total billed charges,32 pecent of charges; No services were performed during the 15 month look back period.,459.019008,32,,,,,0,percent of total billed charges,32 pecent of charges; No services were performed during the 15 month look back period.,459.019008,32,,,,,0,percent of total billed charges,32 pecent of charges; No services were performed during the 15 month look back period.,,,,,,,,,,,,,,,,,,,,,,,,,,,,1047.137112,73,,,,,0,percent of total billed charges,73 percent of charges; No services were performed during the 15 month look back period.,430.33032,30,,,,,0,percent of total billed charges,30 Percent of charges; No services were performed during the 15 month look back period.,573.77376,40,,,,,0,percent of total billed charges,40 percent of charges; No services were performed during the 15 month look back period.,415.985976,29,,,,,0,percent of total billed charges,29 percent of charges; No services were performed during the 15 month look back period.,573.77376,40,,,,,0,percent of total billed charges,40 percent of charges; No services were performed during the 15 month look back period.,573.77376,40,,,,,0,percent of total billed charges,40 percent of charges; No services were performed during the 15 month look back period.,1047.137112,73,,,,,0,percent of total billed charges,73 percent of charges; No services were performed during the 15 month look back period.,,,,,,,,,,,,,,,,,,,,,,,,,,,,,,,,,,,,,415.985976,29,,,,,0,percent of total billed charges,29 percent of charges; No services were performed during the 15 month look back period.,415.985976,29,,,,,0,percent of total billed charges,29 percent of charges; No services were performed during the 15 month look back period.,415.985976,29,,,,,0,percent of total billed charges,29 percent of charges; No services were performed during the 15 month look back period.,415.985976,29,,,,,0,percent of total billed charges,29 percent of charges; No services were performed during the 15 month look back period.,415.985976,29,,,,,0,percent of total billed charges,29 percent of charges; No services were performed during the 15 month look back period.,415.985976,29,,,,,0,percent of total billed charges,29 percent of charges; No services were performed during the 15 month look back period.,415.985976,29,,,,,0,percent of total billed charges,29 percent of charges; No services were performed during the 15 month look back period.,1047.137112,73,,,,,0,percent of total billed charges,73 percent of charges; No services were performed during the 15 month look back period.,186.476472,13,,,,,0,percent of total billed charges,13 percent of charges; No services were performed during the 15 month look back period.,186.476472,13,,,,,0,percent of total billed charges,13 percent of charges; No services were performed during the 15 month look back period.,1047.137112,73,,,,,0,percent of total billed charges,73 percent of charges; No services were performed during the 15 month look back period.,459.019008,32,,,,,0,percent of total billed charges,32 pecent of charges; No services were performed during the 15 month look back period.,143.44344,10,,,,,0,percent of total billed charges,10 percent of charges; No services were performed during the 15 month look back period.,143.44344,10,,,,,0,percent of total billed charges,10 percent of charges; No services were performed during the 15 month look back period.,1047.137112,73,,,,,0,percent of total billed charges,73 percent of charges; No services were performed during the 15 month look back period.,,,,,,,,,,143.44344,10,,,,,0,percent of total billed charges,10 percent of charges; No services were performed during the 15 month look back period.,143.44344,10,,,,,0,percent of total billed charges,10 percent of charges; No services were performed during the 15 month look back period.,143.44344,10,,,,,0,percent of total billed charges,10 percent of charges; No services were performed during the 15 month look back period.,,,,,,,,,,143.44344,10,,,,,0,percent of total billed charges,10 percent of charges; No services were performed during the 15 month look back period.,143.44344,10,,,,,0,percent of total billed charges,10 percent of charges; No services were performed during the 15 month look back period.,,,,,,,,,,344.264256,24,,,,,0,percent of total billed charges,24 percent of charges; No services were performed during the 15 month look back period.,,,,,,,,,,,,,,,,,,,,,,,,,,,,,,,,,,,,,,,,,,,,,,,,,,,,,,,,,,,,,,,,,,,,,,,,,,,,,,,,,,1047.137112,73,,,,,0,percent of total billed charges,73 percent of charges; No services were performed during the 15 month look back period.,1047.137112,73,,,,,0,percent of total billed charges,73 percent of charges; No services were performed during the 15 month look back period.,1047.137112,73,,,,,0,percent of total billed charges,73 percent of charges; No services were performed during the 15 month look back period.,1047.137112,73,,,,,0,percent of total billed charges,73 percent of charges; No services were performed during the 15 month look back period.,1047.137112,73,,,,,0,percent of total billed charges,73 percent of charges; No services were performed during the 15 month look back period.,1047.137112,73,,,,,0,percent of total billed charges,73 percent of charges; No services were performed during the 15 month look back period.,1047.137112,73,,,,,0,percent of total billed charges,73 percent of charges; No services were performed during the 15 month look back period.,1047.137112,73,,,,,0,percent of total billed charges,73 percent of charges; No services were performed during the 15 month look back period.,1047.137112,73,,,,,0,percent of total billed charges,73 percent of charges; No services were performed during the 15 month look back period.,1047.137112,73,,,,,0,percent of total billed charges,73 percent of charges; No services were performed during the 15 month look back period.,1047.137112,73,,,,,0,percent of total billed charges,73 percent of charges; No services were performed during the 15 month look back period.,1047.137112,73,,,,,0,percent of total billed charges,73 percent of charges; No services were performed during the 15 month look back period.,1047.137112,73,,,,,0,percent of total billed charges,73 percent of charges; No services were performed during the 15 month look back period.,1047.137112,73,,,,,0,percent of total billed charges,73 percent of charges; No services were performed during the 15 month look back period.,1047.137112,73,,,,,0,percent of total billed charges,73 percent of charges; No services were performed during the 15 month look back period.,1047.137112,73,,,,,0,percent of total billed charges,73 percent of charges; No services were performed during the 15 month look back period.,1047.137112,73,,,,,0,percent of total billed charges,73 percent of charges; No services were performed during the 15 month look back period.,1047.137112,73,,,,,0,percent of total billed charges,73 percent of charges; No services were performed during the 15 month look back period.,1047.137112,73,,,,,0,percent of total billed charges,73 percent of charges; No services were performed during the 15 month look back period.,1047.137112,73,,,,,0,percent of total billed charges,73 percent of charges; No services were performed during the 15 month look back period.,1047.137112,73,,,,,0,percent of total billed charges,73 percent of charges; No services were performed during the 15 month look back period.,1047.137112,73,,,,,0,percent of total billed charges,73 percent of charges; No services were performed during the 15 month look back period.,1047.137112,73,,,,,0,percent of total billed charges,73 percent of charges; No services were performed during the 15 month look back period.,1047.137112,73,,,,,0,percent of total billed charges,73 percent of charges; No services were performed during the 15 month look back period.,1047.137112,73,,,,,0,percent of total billed charges,73 percent of charges; No services were performed during the 15 month look back period.,1047.137112,73,,,,,0,percent of total billed charges,73 percent of charges; No services were performed during the 15 month look back period.,415.985976,29,,,,,0,percent of total billed charges,29 percent of charges; No services were performed during the 15 month look back period.,415.985976,29,,,,,0,percent of total billed charges,29 percent of charges; No services were performed during the 15 month look back period.,415.985976,29,,,,,0,percent of total billed charges,29 percent of charges; No services were performed during the 15 month look back period.,415.985976,29,,,,,0,percent of total billed charges,29 percent of charges; No services were performed during the 15 month look back period.,573.77376,40,,,,,0,percent of total billed charges,40 percent of charges; No services were performed during the 15 month look back period.,573.77376,40,,,,,0,percent of total billed charges,40 percent of charges; No services were performed during the 15 month look back period.,459.019008,32,,,,,0,percent of total billed charges,32 pecent of charges; No services were performed during the 15 month look back period.,,,,,,,,,,143.44344,10,,,,,0,percent of total billed charges,10 percent of charges; No services were performed during the 15 month look back period.,,,,,,,,,,1047.137112,73,,,,,0,percent of total billed charges,73 percent of charges; No services were performed during the 15 month look back period.,573.77376,40,,,,,0,percent of total billed charges,40 percent of charges; No services were performed during the 15 month look back period.,,,,,,,,,,143.44344,10,,,,,0,percent of total billed charges,10 percent of charges; No services were performed during the 15 month look back period.,459.019008,32,,,,,0,percent of total billed charges,32 pecent of charges; No services were performed during the 15 month look back period.,,,,,,,,,,1047.137112,73,,,,,0,percent of total billed charges,73 percent of charges; No services were performed during the 15 month look back period.,,,,,,,,,,415.985976,29,,,,,0,percent of total billed charges,29 percent of charges; No services were performed during the 15 month look back period.,415.985976,29,,,,,0,percent of total billed charges,29 percent of charges; No services were performed during the 15 month look back period.,415.985976,29,,,,,0,percent of total billed charges,29 percent of charges; No services were performed during the 15 month look back period.,,,,,,,,,,344.264256,24,,,,,0,percent of total billed charges,24 percent of charges; No services were performed during the 15 month look back period.,,,,,,,,,,,,,,,,,,,,,,,,,,,,,,,,,,,,,,,,,,,,,,430.33032,30,,,,,0,percent of total billed charges,30 Percent of charges; No services were performed during the 15 month look back period.,430.33032,30,,,,,0,percent of total billed charges,30 Percent of charges; No services were performed during the 15 month look back period.,,,,,,,,,,459.019008,32,,,,,0,percent of total billed charges,32 pecent of charges; No services were performed during the 15 month look back period.,143.44344,10,,,,,0,percent of total billed charges,10 percent of charges; No services were performed during the 15 month look back period.,143.44344,10,,,,,0,percent of total billed charges,10 percent of charges; No services were performed during the 15 month look back period.,,,,,,,,,,459.019008,32,,,,,0,percent of total billed charges,32 pecent of charges; No services were performed during the 15 month look back period.,430.33032,30,,,,,0,percent of total billed charges,30 Percent of charges; No services were performed during the 15 month look back period.,430.33032,30,,,,,0,percent of total billed charges,30 Percent of charges; No services were performed during the 15 month look back period.,430.33032,30,,,,,0,percent of total billed charges,30 Percent of charges; No services were performed during the 15 month look back period.,1047.137112,73,,,,,0,percent of total billed charges,73 percent of charges; No services were performed during the 15 month look back period.,1047.137112,73,,,,,0,percent of total billed charges,73 percent of charges; No services were performed during the 15 month look back period.,1047.137112,73,,,,,0,percent of total billed charges,73 percent of charges; No services were performed during the 15 month look back period.,1047.137112,73,,,,,0,percent of total billed charges,73 percent of charges; No services were performed during the 15 month look back period.,1047.137112,73,,,,,0,percent of total billed charges,73 percent of charges; No services were performed during the 15 month look back period.,1047.137112,73,,,,,0,percent of total billed charges,73 percent of charges; No services were performed during the 15 month look back period.,1047.137112,73,,,,,0,percent of total billed charges,73 percent of charges; No services were performed during the 15 month look back period.,1047.137112,73,,,,,0,percent of total billed charges,73 percent of charges; No services were performed during the 15 month look back period.,1047.137112,73,,,,,0,percent of total billed charges,73 percent of charges; No services were performed during the 15 month look back period.,1047.137112,73,,,,,0,percent of total billed charges,73 percent of charges; No services were performed during the 15 month look back period.,1047.137112,73,,,,,0,percent of total billed charges,73 percent of charges; No services were performed during the 15 month look back period.,573.77376,40,,,,,0,percent of total billed charges,40 percent of charges; No services were performed during the 15 month look back period.,,,,,,,,,,459.019008,32,,,,,0,percent of total billed charges,32 pecent of charges; No services were performed during the 15 month look back period.,,,,,,,,,,430.33032,30,,,,,0,percent of total billed charges,30 Percent of charges; No services were performed during the 15 month look back period.,459.019008,32,,,,,0,percent of total billed charges,32 pecent of charges; No services were performed during the 15 month look back period.,459.019008,32,,,,,0,percent of total billed charges,32 pecent of charges; No services were performed during the 15 month look back period.,1047.137112,73,,,,,0,percent of total billed charges,73 percent of charges; No services were performed during the 15 month look back period.,286.88688,20,,,,,0,percent of total billed charges,20 percent of charges; No services were performed during the 15 month look back period.,459.019008,32,,,,,0,percent of total billed charges,32 pecent of charges; No services were performed during the 15 month look back period.,,,,,,,,,,,,,,,,,,,,,,,,,,,,,,,,,,,,,,,,,,,,,,,,,,,,,,,,,,,,,,,,459.019008,32,,,,,0,percent of total billed charges,32 pecent of charges; No services were performed during the 15 month look back period.,344.264256,24,,,,,0,percent of total billed charges,24 percent of charges; No services were performed during the 15 month look back period.,,,,,,,,,,,,,,,,,,,,,,,,,,,,,,,,,,,,,,,,,,,,,,,,,,,,,,,344.264256,24,,,,,0,percent of total billed charges,24 percent of charges; No services were performed during the 15 month look back period.,444.674664,31,,,,,0,percent of total billed charges,31 percent of charges; No services were performed during the 15 month look back period.,444.674664,31,,,,,0,percent of total billed charges,31 percent of charges; No services were performed during the 15 month look back period.,444.674664,31,,,,,0,percent of total billed charges,31 percent of charges; No services were performed during the 15 month look back period.,444.674664,31,,,,,0,percent of total billed charges,31 percent of charges; No services were performed during the 15 month look back period.,444.674664,31,,,,,0,percent of total billed charges,31 percent of charges; No services were performed during the 15 month look back period.,,,,,,,,,,573.77376,40,,,,,0,percent of total billed charges,40 percent of charges; No services were performed during the 15 month look back period.,573.77376,40,,,,,0,percent of total billed charges,40 percent of charges; No services were performed during the 15 month look back period.,573.77376,40,,,,,0,percent of total billed charges,40 percent of charges; No services were performed during the 15 month look back period.,573.77376,40,,,,,0,percent of total billed charges,40 percent of charges; No services were performed during the 15 month look back period.,430.33032,30,,,,,0,percent of total billed charges,30 Percent of charges; No services were performed during the 15 month look back period.,430.33032,30,,,,,0,percent of total billed charges,30 Percent of charges; No services were performed during the 15 month look back period.,430.33032,30,,,,,0,percent of total billed charges,30 Percent of charges; No services were performed during the 15 month look back period.,430.33032,30,,,,,0,percent of total billed charges,30 Percent of charges; No services were performed during the 15 month look back period.,344.264256,24,,,,,0,percent of total billed charges,24 percent of charges; No services were performed during the 15 month look back period.,344.264256,24,,,,,0,percent of total billed charges,24 percent of charges; No services were performed during the 15 month look back period.,,,,,,,,,,,,,,,,,,,,,,,,,,,,,,,,,,,,,,,,,,,,,,,,,,,,,,,344.264256,24,,,,,0,percent of total billed charges,24 percent of charges; No services were performed during the 15 month look back period.,430.33032,30,,,,,0,percent of total billed charges,30 Percent of charges; No services were performed during the 15 month look back period.,,,,,,,,,,,,,,,,,,,,,,,,,,,,,,,,,,,,,,,,,,,,,,,,,,,,,,,,,,,,,,,,,,,,,,,,,,,,,,,,,,,,,,,,,,,,,,,,,,,,,,,,,,,,,,,,,,,,,,,,,,,,,,,,,,,,,,,,,,,,,,,,,,,,,,,,,,,,,,,,,,,,,,,,,,,,,,,,,,,,,,,,,,,,,,,,,,,,,,,430.33032,30,,,,,0,percent of total billed charges,30 Percent of charges; No services were performed during the 15 month look back period.,,,,,,,,,,,,,,,,,,,,,,,,,,,,,,,,,,,,,,,,,,,,,,,,,,,,,,,,,,,,,,,,143.44344,10,,,,,0,percent of total billed charges,10 percent of charges; No services were performed during the 15 month look back period.,143.44344,10,,,,,0,percent of total billed charges,10 percent of charges; No services were performed during the 15 month look back period.,143.44344,10,,,,,0,percent of total billed charges,10 percent of charges; No services were performed during the 15 month look back period.,143.44344,10,,,,,0,percent of total billed charges,10 percent of charges; No services were performed during the 15 month look back period.,,,,,,,,,,344.264256,24,,,,,0,percent of total billed charges,24 percent of charges; No services were performed during the 15 month look back period.,415.985976,29,,,,,0,percent of total billed charges,29 percent of charges; No services were performed during the 15 month look back period.,415.985976,29,,,,,0,percent of total billed charges,29 percent of charges; No services were performed during the 15 month look back period.,415.985976,29,,,,,0,percent of total billed charges,29 percent of charges; No services were performed during the 15 month look back period.,415.985976,29,,,,,0,percent of total billed charges,29 percent of charges; No services were performed during the 15 month look back period.,,,,,,,,,,,,,,,,,,,,,,,,,,,,,,,,,,,,,,,,,,,,,,,,,,,,,,,,,,,,,,,,,,,,,,,,,,,,,,,,,,,,,,,,,,,430.33032,30,,,,,0,percent of total billed charges,30 Percent of charges; No services were performed during the 15 month look back period.,,,,,,,,,,,,,,,,,,,,,,,,,,,,,,,,,,,,,,,,,,,,,,,,,,,,,,,,,,,,,,,,,,,,,,,,,,,,,,,,,,,,,,,,,,,,,,,,,,,,,,,,,,,,,,,,,,,,,,,,,,,,,,,459.019008,32,,,,,0,percent of total billed charges,32 pecent of charges; No services were performed during the 15 month look back period.,,,,,,,,,,,,,,,,,,,,,,,,,,,,,,,,,,,,,,,,,,,,,,415.985976,29,,,,,0,percent of total billed charges,29 percent of charges; No services were performed during the 15 month look back period.,415.985976,29,,,,,0,percent of total billed charges,29 percent of charges; No services were performed during the 15 month look back period.,415.985976,29,,,,,0,percent of total billed charges,29 percent of charges; No services were performed during the 15 month look back period.,415.985976,29,,,,,0,percent of total billed charges,29 percent of charges; No services were performed during the 15 month look back period.,,,,,,,,,,415.985976,29,,,,,0,percent of total billed charges,29 percent of charges; No services were performed during the 15 month look back period.,430.33032,30,,,,,0,percent of total billed charges,30 Percent of charges; No services were performed during the 15 month look back period.,415.985976,29,,,,,0,percent of total billed charges,29 percent of charges; No services were performed during the 15 month look back period.,459.019008,32,,,,,0,percent of total billed charges,32 pecent of charges; No services were performed during the 15 month look back period.,415.985976,29,,,,,0,percent of total billed charges,29 percent of charges; No services were performed during the 15 month look back period.,,,,,,,,,,,,,,,,,,,,,,,,,,,,415.985976,29,,,,,0,percent of total billed charges,29 percent of charges; No services were performed during the 15 month look back period.,,,,,,,,,,,,,,,,,,,,,,,,,,,,,,,,,,,,,,,,,,,,,,415.985976,29,,,,,0,percent of total billed charges,29 percent of charges; No services were performed during the 15 month look back period.,415.985976,29,,,,,0,percent of total billed charges,29 percent of charges; No services were performed during the 15 month look back period.,415.985976,29,,,,,0,percent of total billed charges,29 percent of charges; No services were performed during the 15 month look back period.,415.985976,29,,,,,0,percent of total billed charges,29 percent of charges; No services were performed during the 15 month look back period.,,,,,,,,,,,,,,,,,,,,,,,,,,,,,,,,,,,,,,,,,,,,,,,,,,,,,,,,,,,,,,,,,,,,,,,,,,,,,,,,,,,,,,,,,,,415.985976,29,,,,,0,percent of total billed charges,29 percent of charges; No services were performed during the 15 month look back period.,459.019008,32,,,,,0,percent of total billed charges,32 pecent of charges; No services were performed during the 15 month look back period.,1047.137112,73,,,,,0,percent of total billed charges,73 percent of charges; No services were performed during the 15 month look back period.,143.44344,10,,,,,0,percent of total billed charges,10 percent of charges; No services were performed during the 15 month look back period.,143.44344,10,,,,,0,percent of total billed charges,10 percent of charges; No services were performed during the 15 month look back period.,430.33032,30,,,,,0,percent of total billed charges,30 Percent of charges; No services were performed during the 15 month look back period.,,,,,,,,,,573.77376,40,,,,,0,percent of total billed charges,40 percent of charges; No services were performed during the 15 month look back period.,573.77376,40,,,,,0,percent of total billed charges,40 percent of charges; No services were performed during the 15 month look back period.,,,,,,,,,,,,,,,,,,,,,,,,,,,,,,,,,,,,,,,,,,,,,,,,,,,,,,,143.44344,10,,,,,0,percent of total billed charges,10 percent of charges; No services were performed during the 15 month look back period.,,,,,,,,,,,,,,,,,,,,,,,,,,,,,,,,,,,,,415.985976,29,,,,,0,percent of total billed charges,29 percent of charges; No services were performed during the 15 month look back period.,,,,,,,,,,,,,,,,,,,415.985976,29,,,,,0,percent of total billed charges,29 percent of charges; No services were performed during the 15 month look back period.,,,,,,,,,,,,,,,,,,,,,,,,,,,,344.264256,24,,,,,0,percent of total billed charges,24 percent of charges; No services were performed during the 15 month look back period.,415.985976,29,,,,,0,percent of total billed charges,29 percent of charges; No services were performed during the 15 month look back period.,,,,,,,,,,,,,,,,,,,,,,,,,,,,,,,,,,,,,143.44344,10,,,,,0,percent of total billed charges,10 percent of charges; No services were performed during the 15 month look back period.,,,,,,,,,,,,,,,,,,,,,,,,,,,,,,,,,,,,,,,,,,,,,,,,,,,,,,,,,,,,,,,,,,,,,,,,,143.44344,10,,,,,0,percent of total billed charges,10 percent of charges; No services were performed during the 15 month look back period.,,,,,,,,,,,,,,,,,,,,,,,,,,,,,,,,,,,,,,,,,,,,,,,,,,,,,,,,,,,,,,,,,,,,,,,,,,,,,,,,,,,,,,,,,,,,,,,,,,,,,,,,,,,,,,,,,,,,,,415.985976,29,,,,,0,percent of total billed charges,29 percent of charges; No services were performed during the 15 month look back period.,415.985976,29,,,,,0,percent of total billed charges,29 percent of charges; No services were performed during the 15 month look back period.,415.985976,29,,,,,0,percent of total billed charges,29 percent of charges; No services were performed during the 15 month look back period.,415.985976,29,,,,,0,percent of total billed charges,29 percent of charges; No services were performed during the 15 month look back period.,415.985976,29,,,,,0,percent of total billed charges,29 percent of charges; No services were performed during the 15 month look back period.,415.985976,29,,,,,0,percent of total billed charges,29 percent of charges; No services were performed during the 15 month look back period.,415.985976,29,,,,,0,percent of total billed charges,29 percent of charges; No services were performed during the 15 month look back period.,415.985976,29,,,,,0,percent of total billed charges,29 percent of charges; No services were performed during the 15 month look back period.,415.985976,29,,,,,0,percent of total billed charges,29 percent of charges; No services were performed during the 15 month look back period.,415.985976,29,,,,,0,percent of total billed charges,29 percent of charges; No services were performed during the 15 month look back period.,415.985976,29,,,,,0,percent of total billed charges,29 percent of charges; No services were performed during the 15 month look back period.,415.985976,29,,,,,0,percent of total billed charges,29 percent of charges; No services were performed during the 15 month look back period.,415.985976,29,,,,,0,percent of total billed charges,29 percent of charges; No services were performed during the 15 month look back period.,,,,,,,,,,415.985976,29,,,,,0,percent of total billed charges,29 percent of charges; No services were performed during the 15 month look back period.,,,,,,,,,,272.542536,19,,,,,0,percent of total billed charges,19 percent of charges; No services were performed during the 15 month look back period.,186.476472,13,,,,,0,percent of total billed charges,13 percent of charges; No services were performed during the 15 month look back period.,143.44344,10,,,,,0,percent of total billed charges,10 percent of charges; No services were performed during the 15 month look back period.,143.44344,10,,,,,0,percent of total billed charges,10 percent of charges; No services were performed during the 15 month look back period.,,,,,,,,,,573.77376,40,,,,,0,percent of total billed charges,40 percent of charges; No services were performed during the 15 month look back period.,,,,,,,,,,,,,,,,,,,430.33032,30,,,,,0,percent of total billed charges,30 Percent of charges; No services were performed during the 15 month look back period.,,,,,,,,,,459.019008,32,,,,,0,percent of total billed charges,32 pecent of charges; No services were performed during the 15 month look back period.,,,,,,,,,,459.019008,32,,,,,0,percent of total billed charges,32 pecent of charges; No services were performed during the 15 month look back period.,430.33032,30,,,,,0,percent of total billed charges,30 Percent of charges; No services were performed during the 15 month look back period.,459.019008,32,,,,,0,percent of total billed charges,32 pecent of charges; No services were performed during the 15 month look back period.,,,,,,,,,,,,,,,,,,,,,,,,,,,,459.019008,32,,,,,0,percent of total billed charges,32 pecent of charges; No services were performed during the 15 month look back period.,143.44344,10,,,,,0,percent of total billed charges,10 percent of charges; No services were performed during the 15 month look back period.,,,,,,,,,,,,,,,,,,,,,,,,,,,,,,,,,,,,,,,,,,,,,,,,,,,,,,,,,,,,,,,,143.44344,10,,,,,0,percent of total billed charges,10 percent of charges; No services were performed during the 15 month look back period.,,,,,,,,,,,,,,,,,,,,,,,,,,,,415.985976,29,,,,,0,percent of total billed charges,29 percent of charges; No services were performed during the 15 month look back period.,415.985976,29,,,,,0,percent of total billed charges,29 percent of charges; No services were performed during the 15 month look back period.,444.674664,31,,,,,0,percent of total billed charges,31 percent of charges; No services were performed during the 15 month look back period.,,,,,,,,,,143.44344,10,,,,,0,percent of total billed charges,10 percent of charges; No services were performed during the 15 month look back period.,459.019008,32,,,,,0,percent of total billed charges,32 pecent of charges; No services were performed during the 15 month look back period.,430.33032,30,,,,,0,percent of total billed charges,30 Percent of charges; No services were performed during the 15 month look back period.,143.44344,10,,,,,0,percent of total billed charges,10 percent of charges; No services were performed during the 15 month look back period.,430.33032,30,,,,,0,percent of total billed charges,30 Percent of charges; No services were performed during the 15 month look back period.,143.44344,10,,,,,0,percent of total billed charges,10 percent of charges; No services were performed during the 15 month look back period.,,,,,,,,,,,,,,,,,,,,,,,,,,,,,,,,,,,,,,,,,,,,,,94.58,7489.98,
J9040,HCPCS,5010003,LOCAL,636,RC,BLEOMYCIN SULFATE INJECTION,158.08716,30.03656,Outpatient,UN,15,,21.56,,,,,,,Fee Schedule,"100 % 1199 Fee Schedule. ",21.56,,,,,,,Fee Schedule,"100 % 1199 Fee Schedule. ",94.852296,60,,,,,0,percent of total billed charges,60 percent of billed charges; No services were performed during the 15 month look back period.,158.08716,100,,,,,0,percent of total billed charges,100 percent of billed charges; No services were performed during the 15 month look back period.,,,,,,,,Other,"Not Payable. ",94.852296,60,,,,,0,percent of total billed charges,60 percent of billed charges; No services were performed during the 15 month look back period.,94.852296,60,,111.06,48.51,111.06,12,percent of total billed charges,60 percent of billed charges,94.852296,60,,,,,0,percent of total billed charges,60 percent of billed charges; No services were performed during the 15 month look back period.,,,,,,,,Other,"100 Percent of Medicaid APG. ",,,,,,,,Other,"100 Percent of Medicaid APG. ",123.307985,78,,,,,0,percent of total billed charges,78% of Billed Charges. Lesser of 100% of billed charges applies.; No services were performed during the 15 month look back period.,,,,,,,,Fee Schedule,"100 % Zero Pay Code. ",,,,,,,,Other,"100 Percent of Medicaid APG. ",,,,,,,,Other,"Not Payable. ",47.426148,30,,,,,0,percent of total billed charges,30 percent of billed charges; No services were performed during the 15 month look back period.,47.426148,30,,,,,0,percent of total billed charges,30 percent of billed charges; No services were performed during the 15 month look back period.,47.426148,30,,,,,0,percent of total billed charges,30 percent of billed charges; No services were performed during the 15 month look back period.,47.426148,30,,,,,0,percent of total billed charges,30 percent of billed charges; No services were performed during the 15 month look back period.,54.1075,,,,,,,Fee schedule,"115 Percent of AWP Fee Schedule. ",,,,,,,,Other,"Not Payable. ",54.1075,,,,,,,Fee schedule,"115 Percent of AWP Fee Schedule. ",123.307985,78,,,,,0,percent of total billed charges,78% of Billed Charges. Lesser of 100% of billed charges applies.; No services were performed during the 15 month look back period.,94.852296,60,,,,,0,percent of total billed charges,60 percent of billed charges; No services were performed during the 15 month look back period.,,,,,,,,Other,"Not Payable. ",115.403627,73,,,,,0,percent of total billed charges,73 percent of billed charges; No services were performed during the 15 month look back period.,,,,,,,,Other,"Not Payable. ",,,,,,,,Other,"Not Payable. ",123.307985,78,,,,,0,percent of total billed charges,78% of Billed Charges. Lesser of 100% of billed charges applies.; No services were performed during the 15 month look back period.,20.899,,,,,,,Fee Schedule,100 Percent of ASP if not priced then 95 Percent of AWP. Lesser of 100% of billed charges applies.,20.899,,,,,,,Fee Schedule,100 Percent of ASP if not priced then 95 Percent of AWP. Lesser of 100% of billed charges applies.,26.12375,,,,,,,Fee schedule,"125 Percent of ASP. ",26.12375,,,,,,,Fee schedule,"125 Percent of ASP. ",115.403627,73,,,,,0,percent of total billed charges,73 percent of billed charges; No services were performed during the 15 month look back period.,115.403627,73,,,,,0,percent of total billed charges,73 percent of billed charges; No services were performed during the 15 month look back period.,,,,,,,,Other,"100 Percent of Medicaid APG. Not APG payable, or payable under another fee schedule like ASP/AWP pays at 30% of charges",115.403627,73,,,,,0,percent of total billed charges,73 percent of billed charges; No services were performed during the 15 month look back period.,,,,,,,,Other,"100 Percent of Medicaid APG. Not APG payable, or payable under another fee schedule like ASP/AWP pays at 30% of charges",,,,,,,,Other,"Not Payable. ",115.403627,73,,,,,0,percent of total billed charges,73 percent of billed charges; No services were performed during the 15 month look back period.,123.307985,78,,,,,0,percent of total billed charges,78% of Billed Charges. Lesser of 100% of billed charges applies.; No services were performed during the 15 month look back period.,,,,,,,,Other,"106 percent of Average Sales Price.. Drugs not priced under APG, billed with revenue code 636 and not priced by Medicare ASP FeeSched will be reimbursed at 20% of charges.",,,,,,,,Other,"106 percent of Average Sales Price.. Drugs not priced under APG, billed with revenue code 636 and not priced by Medicare ASP FeeSched will be reimbursed at 20% of charges.",123.307985,78,,,,,0,percent of total billed charges,78% of Billed Charges. Lesser of 100% of billed charges applies.; No services were performed during the 15 month look back period.,47.426148,30,,,,,0,percent of total billed charges,30 percent of billed charges; No services were performed during the 15 month look back period.,,,,,,,,Fee Schedule,"100 % Zero Pay Code. ",,,,,,,,Fee Schedule,"100 % Zero Pay Code. ",123.307985,78,,,,,0,percent of total billed charges,78% of Billed Charges. Lesser of 100% of billed charges applies.; No services were performed during the 15 month look back period.,,,,,,,,Other,"Not Payable. ",,,,,,,,Fee Schedule,"100 % Zero Pay Code. ",,,,,,,,Fee Schedule,"100 % Zero Pay Code. ",,,,,,,,Fee Schedule,"100 % Zero Pay Code. ",,,,,,,,Other,"Not Payable. ",,,,,,,,Fee Schedule,"100 % Zero Pay Code. ",,,,,,,,Fee Schedule,"100 % Zero Pay Code. ",,,,,,,,Other,"Not Payable. ",79.04358,50,,,,,0,percent of total billed charges,50 percent of billed charges; No services were performed during the 15 month look back period.,71.139222,45,,46,46,46,1 through 10,percent of total billed charges,45 percent of billed charges,71.139222,45,,,,,0,percent of total billed charges,45 percent of billed charges; No services were performed during the 15 month look back period.,71.139222,45,,,,,0,percent of total billed charges,45 percent of billed charges; No services were performed during the 15 month look back period.,71.139222,45,,,,,0,percent of total billed charges,45 percent of billed charges; No services were performed during the 15 month look back period.,71.139222,45,,55.31,27.65,171.35,1 through 10,percent of total billed charges,45 percent of billed charges,71.139222,45,,69,23,476.82,15,percent of total billed charges,45 percent of billed charges,,,,,,,,Other,"Not Payable. ",,,,,,,,Other,"Not Payable. ",71.139222,45,,,,,0,percent of total billed charges,45 percent of billed charges; No services were performed during the 15 month look back period.,123.307985,78,,,,,0,percent of total billed charges,78% of Billed Charges. Lesser of 100% of billed charges applies.; No services were performed during the 15 month look back period.,123.307985,78,,,,,0,percent of total billed charges,78% of Billed Charges. Lesser of 100% of billed charges applies.; No services were performed during the 15 month look back period.,123.307985,78,,,,,0,percent of total billed charges,78% of Billed Charges. Lesser of 100% of billed charges applies.; No services were performed during the 15 month look back period.,123.307985,78,,,,,0,percent of total billed charges,78% of Billed Charges. Lesser of 100% of billed charges applies.; No services were performed during the 15 month look back period.,123.307985,78,,,,,0,percent of total billed charges,78% of Billed Charges. Lesser of 100% of billed charges applies.; No services were performed during the 15 month look back period.,123.307985,78,,,,,0,percent of total billed charges,78% of Billed Charges. Lesser of 100% of billed charges applies.; No services were performed during the 15 month look back period.,123.307985,78,,,,,0,percent of total billed charges,78% of Billed Charges. Lesser of 100% of billed charges applies.; No services were performed during the 15 month look back period.,123.307985,78,,,,,0,percent of total billed charges,78% of Billed Charges. Lesser of 100% of billed charges applies.; No services were performed during the 15 month look back period.,123.307985,78,,,,,0,percent of total billed charges,78% of Billed Charges. Lesser of 100% of billed charges applies.; No services were performed during the 15 month look back period.,123.307985,78,,,,,0,percent of total billed charges,78% of Billed Charges. Lesser of 100% of billed charges applies.; No services were performed during the 15 month look back period.,123.307985,78,,,,,0,percent of total billed charges,78% of Billed Charges. Lesser of 100% of billed charges applies.; No services were performed during the 15 month look back period.,123.307985,78,,,,,0,percent of total billed charges,78% of Billed Charges. Lesser of 100% of billed charges applies.; No services were performed during the 15 month look back period.,123.307985,78,,,,,0,percent of total billed charges,78% of Billed Charges. Lesser of 100% of billed charges applies.; No services were performed during the 15 month look back period.,123.307985,78,,,,,0,percent of total billed charges,78% of Billed Charges. Lesser of 100% of billed charges applies.; No services were performed during the 15 month look back period.,123.307985,78,,,,,0,percent of total billed charges,78% of Billed Charges. Lesser of 100% of billed charges applies.; No services were performed during the 15 month look back period.,123.307985,78,,,,,0,percent of total billed charges,78% of Billed Charges. Lesser of 100% of billed charges applies.; No services were performed during the 15 month look back period.,123.307985,78,,,,,0,percent of total billed charges,78% of Billed Charges. Lesser of 100% of billed charges applies.; No services were performed during the 15 month look back period.,123.307985,78,,,,,0,percent of total billed charges,78% of Billed Charges. Lesser of 100% of billed charges applies.; No services were performed during the 15 month look back period.,123.307985,78,,,,,0,percent of total billed charges,78% of Billed Charges. Lesser of 100% of billed charges applies.; No services were performed during the 15 month look back period.,123.307985,78,,,,,0,percent of total billed charges,78% of Billed Charges. Lesser of 100% of billed charges applies.; No services were performed during the 15 month look back period.,123.307985,78,,,,,0,percent of total billed charges,78% of Billed Charges. Lesser of 100% of billed charges applies.; No services were performed during the 15 month look back period.,123.307985,78,,,,,0,percent of total billed charges,78% of Billed Charges. Lesser of 100% of billed charges applies.; No services were performed during the 15 month look back period.,123.307985,78,,,,,0,percent of total billed charges,78% of Billed Charges. Lesser of 100% of billed charges applies.; No services were performed during the 15 month look back period.,123.307985,78,,,,,0,percent of total billed charges,78% of Billed Charges. Lesser of 100% of billed charges applies.; No services were performed during the 15 month look back period.,123.307985,78,,,,,0,percent of total billed charges,78% of Billed Charges. Lesser of 100% of billed charges applies.; No services were performed during the 15 month look back period.,123.307985,78,,,,,0,percent of total billed charges,78% of Billed Charges. Lesser of 100% of billed charges applies.; No services were performed during the 15 month look back period.,115.403627,73,,,,,0,percent of total billed charges,73 percent of billed charges; No services were performed during the 15 month look back period.,115.403627,73,,,,,0,percent of total billed charges,73 percent of billed charges; No services were performed during the 15 month look back period.,115.403627,73,,,,,0,percent of total billed charges,73 percent of billed charges; No services were performed during the 15 month look back period.,115.403627,73,,,,,0,percent of total billed charges,73 percent of billed charges; No services were performed during the 15 month look back period.,126.469728,80,,,,,0,percent of total billed charges,80 percent of billed charges; No services were performed during the 15 month look back period.,126.469728,80,,,,,0,percent of total billed charges,80 percent of billed charges; No services were performed during the 15 month look back period.,47.426148,30,,,,,0,percent of total billed charges,30 percent of billed charges; No services were performed during the 15 month look back period.,71.139222,45,,,,,0,percent of total billed charges,45 percent of billed charges; No services were performed during the 15 month look back period.,,,,,,,,Fee Schedule,"100 % Zero Pay Code. ",71.139222,45,,,,,0,percent of total billed charges,45 percent of billed charges; No services were performed during the 15 month look back period.,123.307985,78,,,,,0,percent of total billed charges,78% of Billed Charges. Lesser of 100% of billed charges applies.; No services were performed during the 15 month look back period.,126.469728,80,,,,,0,percent of total billed charges,80 percent of billed charges; No services were performed during the 15 month look back period.,71.139222,45,,,,,0,percent of total billed charges,45 percent of billed charges; No services were performed during the 15 month look back period.,,,,,,,,Fee Schedule,"100 % Zero Pay Code. ",47.426148,30,,,,,0,percent of total billed charges,30 percent of billed charges; No services were performed during the 15 month look back period.,,,,,,,,,"NA. ",123.307985,78,,,,,0,percent of total billed charges,78% of Billed Charges. Lesser of 100% of billed charges applies.; No services were performed during the 15 month look back period.,,,,,,,,Other,"100 Percent of Medicaid APG. ",115.403627,73,,,,,0,percent of total billed charges,73 percent of billed charges; No services were performed during the 15 month look back period.,,,,,,,,Other,"100 Percent of Medicaid APG. Not APG payable, or payable under another fee schedule like ASP/AWP pays at 30% of charges",,,,,,,,Other,"Not Payable. ",,,,,,,,Other,"Not Payable. ",79.04358,50,,,,,0,percent of total billed charges,50 percent of billed charges; No services were performed during the 15 month look back period.,,,,,,,,Other,"Not Payable. ",,,,,,,,Other,"Not Payable. ",,,,,,,,Other,"100 Percent of Medicaid APG. ",,,,,,,,Other,"Not Payable. ",,,,,,,,Other,"Not Payable. ",94.852296,60,,,,,0,percent of total billed charges,60 percent of billed charges; No services were performed during the 15 month look back period.,94.852296,60,,,,,0,percent of total billed charges,60 percent of billed charges; No services were performed during the 15 month look back period.,,,,,,,,Other,"Not Payable. ",47.426148,30,,,,,0,percent of total billed charges,30 percent of billed charges; No services were performed during the 15 month look back period.,,,,,,,,Fee Schedule,"100 % Zero Pay Code. ",,,,,,,,Fee Schedule,"100 % Zero Pay Code. ",,,,,,,,Other,"Not Payable. ",47.426148,30,,158.94,63,171.35,1 through 10,percent of total billed charges,30 percent of billed charges,94.852296,60,,,,,0,percent of total billed charges,60 percent of billed charges; No services were performed during the 15 month look back period.,94.852296,60,,47.05,47.05,47.05,1 through 10,percent of total billed charges,60 percent of billed charges,94.852296,60,,,,,0,percent of total billed charges,60 percent of billed charges; No services were performed during the 15 month look back period.,123.307985,78,,,,,0,percent of total billed charges,78% of Billed Charges. Lesser of 100% of billed charges applies.; No services were performed during the 15 month look back period.,123.307985,78,,,,,0,percent of total billed charges,78% of Billed Charges. Lesser of 100% of billed charges applies.; No services were performed during the 15 month look back period.,123.307985,78,,,,,0,percent of total billed charges,78% of Billed Charges. Lesser of 100% of billed charges applies.; No services were performed during the 15 month look back period.,123.307985,78,,,,,0,percent of total billed charges,78% of Billed Charges. Lesser of 100% of billed charges applies.; No services were performed during the 15 month look back period.,123.307985,78,,,,,0,percent of total billed charges,78% of Billed Charges. Lesser of 100% of billed charges applies.; No services were performed during the 15 month look back period.,123.307985,78,,,,,0,percent of total billed charges,78% of Billed Charges. Lesser of 100% of billed charges applies.; No services were performed during the 15 month look back period.,123.307985,78,,,,,0,percent of total billed charges,78% of Billed Charges. Lesser of 100% of billed charges applies.; No services were performed during the 15 month look back period.,123.307985,78,,,,,0,percent of total billed charges,78% of Billed Charges. Lesser of 100% of billed charges applies.; No services were performed during the 15 month look back period.,123.307985,78,,,,,0,percent of total billed charges,78% of Billed Charges. Lesser of 100% of billed charges applies.; No services were performed during the 15 month look back period.,123.307985,78,,,,,0,percent of total billed charges,78% of Billed Charges. Lesser of 100% of billed charges applies.; No services were performed during the 15 month look back period.,123.307985,78,,,,,0,percent of total billed charges,78% of Billed Charges. Lesser of 100% of billed charges applies.; No services were performed during the 15 month look back period.,126.469728,80,,,,,0,percent of total billed charges,80 percent of billed charges; No services were performed during the 15 month look back period.,71.139222,45,,54.3,46,317.88,12,percent of total billed charges,45 percent of billed charges,47.426148,30,,,,,0,percent of total billed charges,30 percent of billed charges; No services were performed during the 15 month look back period.,,,,,,,,Other,"Not Payable. ",94.852296,60,,,,,0,percent of total billed charges,60 percent of billed charges; No services were performed during the 15 month look back period.,47.426148,30,,,,,0,percent of total billed charges,30 percent of billed charges; No services were performed during the 15 month look back period.,47.426148,30,,,,,0,percent of total billed charges,30 percent of billed charges; No services were performed during the 15 month look back period.,123.307985,78,,,,,0,percent of total billed charges,78% of Billed Charges. Lesser of 100% of billed charges applies.; No services were performed during the 15 month look back period.,,,,,,,,Other,"141 percent of Average Sales Price.. Drugs not priced under APG, billed with revenue code 636 and not priced by Medicare ASP FeeSched will be reimbursed at 20% of charges.",47.426148,30,,,,,0,percent of total billed charges,30 percent of billed charges; No services were performed during the 15 month look back period.,,,,,,,,Other,"100 Percent of Medicaid APG. ",,,,,,,,Other,"Not Payable. ",,,,,,,,Other,"Not Payable. ",,,,,,,,Other,"Not Payable. ",,,,,,,,Other,"Not Payable. ",,,,,,,,Other,"Not Payable. ",,,,,,,,Other,"Not Payable. ",47.426148,30,,,,,0,percent of total billed charges,30 percent of billed charges; No services were performed during the 15 month look back period.,79.04358,50,,,,,0,percent of total billed charges,50 percent of billed charges; No services were performed during the 15 month look back period.,74.10375,,,,,,,Fee Schedule,"157.5 Percent of AWP Fee Schedule. ",74.10375,,,,,,,Fee Schedule,"157.5 Percent of AWP Fee Schedule. ",74.10375,,,,,,,Fee Schedule,"157.5 Percent of AWP Fee Schedule. ",74.10375,,,,,,,Fee Schedule,"157.5 Percent of AWP Fee Schedule. ",74.10375,,,,,,,Fee Schedule,"157.5 Percent of AWP Fee Schedule. ",,,,,,,,,"NA. ",79.04358,50,,,,,0,percent of total billed charges,50 percent of billed charges; No services were performed during the 15 month look back period.,,,,,,,,Fee Schedule,"Not Payable. ",,,,,,,,Fee Schedule,"Not Payable. ",,,,,,,,Fee Schedule,"Not Payable. ",,,,,,,,Fee Schedule,"Not Payable. ",,,,,,,,Fee Schedule,"Not Payable. ",,,,,,,,Other,"Not Payable. ",126.469728,80,,,,,0,percent of total billed charges,80 percent of billed charges; No services were performed during the 15 month look back period.,126.469728,80,,,,,0,percent of total billed charges,80 percent of billed charges; No services were performed during the 15 month look back period.,126.469728,80,,,,,0,percent of total billed charges,80 percent of billed charges; No services were performed during the 15 month look back period.,126.469728,80,,,,,0,percent of total billed charges,80 percent of billed charges; No services were performed during the 15 month look back period.,94.852296,60,,,,,0,percent of total billed charges,60 percent of billed charges; No services were performed during the 15 month look back period.,94.852296,60,,,,,0,percent of total billed charges,60 percent of billed charges; No services were performed during the 15 month look back period.,94.852296,60,,,,,0,percent of total billed charges,60 percent of billed charges; No services were performed during the 15 month look back period.,94.852296,60,,,,,0,percent of total billed charges,60 percent of billed charges; No services were performed during the 15 month look back period.,79.04358,50,,,,,0,percent of total billed charges,50 percent of billed charges; No services were performed during the 15 month look back period.,79.04358,50,,,,,0,percent of total billed charges,50 percent of billed charges; No services were performed during the 15 month look back period.,,,,,,,,Other,"Not Payable. ",,,,,,,,Other,"Not Payable. ",,,,,,,,Other,"Not Payable. ",71.139222,45,,,,,0,percent of total billed charges,45 percent of billed charges; No services were performed during the 15 month look back period.,71.139222,45,,,,,0,percent of total billed charges,45 percent of billed charges; No services were performed during the 15 month look back period.,71.139222,45,,,,,0,percent of total billed charges,45 percent of billed charges; No services were performed during the 15 month look back period.,79.04358,50,,,,,0,percent of total billed charges,50 percent of billed charges; No services were performed during the 15 month look back period.,94.852296,60,,,,,0,percent of total billed charges,60 percent of billed charges; No services were performed during the 15 month look back period.,,,,,,,,Other,"Not Payable. ",71.139222,45,,,,,0,percent of total billed charges,45 percent of billed charges; No services were performed during the 15 month look back period.,,,,,,,,Other,"100 Percent of Medicaid APG. ",,,,,,,,Other,"Not Payable. ",,,,,,,,Other,"Not Payable. ",,,,,,,,Other,"Not Payable. ",26.12375,,,,,,,Fee schedule,"125 Percent of ASP. ",1.580872,1,,,,,0,percent of total billed charges,Approximating Cost. Lesser of 100% of billed charges applies.; No services were performed during the 15 month look back period.,1.580872,1,,317.88,317.88,317.88,1 through 10,percent of total billed charges,Approximating Cost. Lesser of 100% of billed charges applies.,1.580872,1,,,,,0,percent of total billed charges,Approximating Cost. Lesser of 100% of billed charges applies.; No services were performed during the 15 month look back period.,1.580872,1,,,,,0,percent of total billed charges,Approximating Cost. Lesser of 100% of billed charges applies.; No services were performed during the 15 month look back period.,1.580872,1,,,,,0,percent of total billed charges,Approximating Cost. Lesser of 100% of billed charges applies.; No services were performed during the 15 month look back period.,,,,,,,,Other,"Not Payable. ",,,,,,,,Other,"100 Percent of Medicaid APG. ",20.899,,,,,,,Fee Schedule,100 Percent of ASP if not priced then 95 Percent of AWP. Lesser of 100% of billed charges applies.,1.580872,1,,,,,0,percent of total billed charges,Approximating Cost. Lesser of 100% of billed charges applies.; No services were performed during the 15 month look back period.,1.580872,1,,,,,0,percent of total billed charges,Approximating Cost. Lesser of 100% of billed charges applies.; No services were performed during the 15 month look back period.,20.899,,,,,,,Fee Schedule,100 Percent of ASP if not priced then 95 Percent of AWP. Lesser of 100% of billed charges applies.,20.899,,,,,,,Fee Schedule,100 Percent of ASP if not priced then 95 Percent of AWP. Lesser of 100% of billed charges applies.,74.10375,,,,,,,Fee Schedule,"157.5 Percent of AWP Fee Schedule. ",,,,,,,,Other,"Not Payable. ",,,,,,,,Other,"Not Payable. ",94.852296,60,,,,,0,percent of total billed charges,60 percent of billed charges; No services were performed during the 15 month look back period.,,,,,,,,Other,"Not Payable. ",26.12375,,,,,,,Fee Schedule,"125 Percent of ASP. ",26.12375,,,,,,,Fee Schedule,"125 Percent of ASP. ",26.12375,,,,,,,Fee schedule,"125 Percent of ASP. ",26.12375,,,,,,,Fee schedule,"125 Percent of ASP. ",54.1075,,,,,,,Fee Schedule,"115 Percent of AWP. ",54.1075,,,,,,,Fee schedule,"115 Percent of AWP Fee Schedule. ",,,,,,,,Other,"100 Percent of Medicaid APG. ",,,,,,,,Other,"100 Percent of Medicaid APG. ",,,,,,,,Other,"100 Percent of Medicaid APG. ",,,,,,,,Other,"100 Percent of Medicaid APG. ",71.139222,45,,,,,0,percent of total billed charges,45 percent of billed charges; No services were performed during the 15 month look back period.,79.04358,50,,,,,0,percent of total billed charges,50 percent of billed charges; No services were performed during the 15 month look back period.,,,,,,,,Other,"120 Percent of Medicaid APG. Not APG payable, or payable under another fee schedule like ASP/AWP pays at 30% of charges",,,,,,,,Other,"120 Percent of Medicaid APG. Not APG payable, or payable under another fee schedule like ASP/AWP pays at 30% of charges",,,,,,,,Other,"100 Percent of Medicaid APG. Not APG payable, or payable under another fee schedule like ASP/AWP pays at 30% of charges",,,,,,,,Other,"100 Percent of Medicaid APG. Not APG payable, or payable under another fee schedule like ASP/AWP pays at 30% of charges",71.139222,45,,,,,0,percent of total billed charges,45 percent of billed charges; No services were performed during the 15 month look back period.,71.139222,45,,,,,0,percent of total billed charges,45 percent of billed charges; No services were performed during the 15 month look back period.,,,,,,,,Other,"Not Payable. ",71.139222,45,,,,,0,percent of total billed charges,45 percent of billed charges; No services were performed during the 15 month look back period.,71.139222,45,,27.65,27.15,27.65,1 through 10,percent of total billed charges,45 percent of billed charges,71.139222,45,,,,,0,percent of total billed charges,45 percent of billed charges; No services were performed during the 15 month look back period.,71.139222,45,,,,,0,percent of total billed charges,45 percent of billed charges; No services were performed during the 15 month look back period.,,,,,,,,Other,"Not Payable. ",71.139222,45,,,,,0,percent of total billed charges,45 percent of billed charges; No services were performed during the 15 month look back period.,71.139222,45,,,,,0,percent of total billed charges,45 percent of billed charges; No services were performed during the 15 month look back period.,94.852296,60,,,,,0,percent of total billed charges,60 percent of billed charges; No services were performed during the 15 month look back period.,21.94395,,,,,,,Fee Schedule,105% of ASP. Lesser of 100% of billed charges applies.,54.1075,,,,,,,Fee schedule,"115 Percent of AWP Fee Schedule. ",1.580872,1,,,,,0,percent of total billed charges,Approximating Cost. Lesser of 100% of billed charges applies.; No services were performed during the 15 month look back period.,54.1075,,,,,,,Fee Schedule,"115 Percent of AWP. ",54.1075,,,,,,,Fee schedule,"115 Percent of AWP Fee Schedule. ",1.580872,1,,,,,0,percent of total billed charges,Approximating Cost. Lesser of 100% of billed charges applies.; No services were performed during the 15 month look back period.,1.580872,1,,,,,0,percent of total billed charges,Approximating Cost. Lesser of 100% of billed charges applies.; No services were performed during the 15 month look back period.,1.580872,1,,,,,0,percent of total billed charges,Approximating Cost. Lesser of 100% of billed charges applies.; No services were performed during the 15 month look back period.,1.580872,1,,,,,0,percent of total billed charges,Approximating Cost. Lesser of 100% of billed charges applies.; No services were performed during the 15 month look back period.,1.580872,1,,,,,0,percent of total billed charges,Approximating Cost. Lesser of 100% of billed charges applies.; No services were performed during the 15 month look back period.,1.580872,1,,,,,0,percent of total billed charges,Approximating Cost. Lesser of 100% of billed charges applies.; No services were performed during the 15 month look back period.,,,,,,,,,"NA. ",,,,,,,,,"NA. ",,,,,,,,,"NA. ",47.426148,30,,,,,0,percent of total billed charges,30 percent of billed charges; No services were performed during the 15 month look back period.,,,,,,,,,"NA. ",,,,,,,,Other,"Not Payable. ",21.56,,,,,,,Fee Schedule,"100 % 1199 Fee Schedule. ",,,,,,,,Other,"Not Payable. ",,,,,,,,Other,"Not Payable. ",,,,,,,,Other,"120 Percent of Medicaid APG. Not APG payable, or payable under another fee schedule like ASP/AWP pays at 30% of charges",,,,,,,,Other,"120 Percent of Medicaid APG. Not APG payable, or payable under another fee schedule like ASP/AWP pays at 30% of charges",,,,,,,,Other,"100 Percent of Medicaid APG. Not APG payable, or payable under another fee schedule like ASP/AWP pays at 30% of charges",,,,,,,,Other,"100 Percent of Medicaid APG. Not APG payable, or payable under another fee schedule like ASP/AWP pays at 30% of charges",,,,,,,,Other,"100 Percent of Medicaid APG. ",115.403627,73,,,,,0,percent of total billed charges,73 percent of billed charges; No services were performed during the 15 month look back period.,94.852296,60,,,,,0,percent of total billed charges,60 percent of billed charges; No services were performed during the 15 month look back period.,115.403627,73,,,,,0,percent of total billed charges,73 percent of billed charges; No services were performed during the 15 month look back period.,47.426148,30,,,,,0,percent of total billed charges,30 percent of billed charges; No services were performed during the 15 month look back period.,,,,,,,,Other,"Not Payable. ",,,,,,,,Other,"Not Payable. ",,,,,,,,Other,"Not Payable. ",,,,,,,,Other,"Not Payable. ",,,,,,,,Other,"Not Payable. ",,,,,,,,Other,"Not Payable. ",,,,,,,,,"NA. ",1.580872,1,,158.94,158.94,158.94,1 through 10,percent of total billed charges,Approximating Cost. Lesser of 100% of billed charges applies.,20.899,,,,,,,Fee Schedule,100 Percent of ASP if not priced then 95 Percent of AWP. Lesser of 100% of billed charges applies.,71.139222,45,,,,,0,percent of total billed charges,45 percent of billed charges; No services were performed during the 15 month look back period.,115.403627,73,,,,,0,percent of total billed charges,73 percent of billed charges; No services were performed during the 15 month look back period.,115.403627,73,,,,,0,percent of total billed charges,73 percent of billed charges; No services were performed during the 15 month look back period.,115.403627,73,,,,,0,percent of total billed charges,73 percent of billed charges; No services were performed during the 15 month look back period.,115.403627,73,,,,,0,percent of total billed charges,73 percent of billed charges; No services were performed during the 15 month look back period.,,,,,,,,Other,"Not Payable. ",,,,,,,,Other,"100 Percent of Medicaid APG. ",71.139222,45,,,,,0,percent of total billed charges,45 percent of billed charges; No services were performed during the 15 month look back period.,,,,,,,,Other,"100 Percent of Medicaid APG. ",,,,,,,,Other,"Not Payable. ",,,,,,,,Other,"100 Percent of Medicaid APG. ",,,,,,,,Other,"Not Payable. ",,,,,,,,Other,"Not Payable. ",,,,,,,,Other,"100 Percent of Medicaid APG. ",,,,,,,,Other,"100 Percent of Medicaid APG. ",115.403627,73,,,,,0,percent of total billed charges,73 percent of billed charges; No services were performed during the 15 month look back period.,47.426148,30,,,,,0,percent of total billed charges,30 percent of billed charges; No services were performed during the 15 month look back period.,123.307985,78,,,,,0,percent of total billed charges,78% of Billed Charges. Lesser of 100% of billed charges applies.; No services were performed during the 15 month look back period.,,,,,,,,Fee Schedule,"100 % Zero Pay Code. ",,,,,,,,Fee Schedule,"100 % Zero Pay Code. ",94.852296,60,,,,,0,percent of total billed charges,60 percent of billed charges; No services were performed during the 15 month look back period.,,,,,,,,Other,"Not Payable. ",126.469728,80,,,,,0,percent of total billed charges,80 percent of billed charges; No services were performed during the 15 month look back period.,126.469728,80,,,,,0,percent of total billed charges,80 percent of billed charges; No services were performed during the 15 month look back period.,56.911378,36,,,,,0,percent of total billed charges,36 percent of billed charges; No services were performed during the 15 month look back period.,56.911378,36,,,,,0,percent of total billed charges,36 percent of billed charges; No services were performed during the 15 month look back period.,,,,,,,,Other,"Not Payable. ",,,,,,,,Other,"Not Payable. ",,,,,,,,Other,"Not Payable. ",,,,,,,,Other,"Not Payable. ",,,,,,,,Fee Schedule,"100 % Zero Pay Code. ",71.139222,45,,,,,0,percent of total billed charges,45 percent of billed charges; No services were performed during the 15 month look back period.,71.139222,45,,,,,0,percent of total billed charges,45 percent of billed charges; No services were performed during the 15 month look back period.,,,,,,,,Other,"Not Payable. ",56.911378,36,,,,,0,percent of total billed charges,36 percent of billed charges; No services were performed during the 15 month look back period.,115.403627,73,,,,,0,percent of total billed charges,73 percent of billed charges; No services were performed during the 15 month look back period.,,,,,,,,Fee Schedule,"120 Percent of Medicaid APG. ",,,,,,,,Other,"100 Percent of Medicaid APG. ",115.403627,73,,,,,0,percent of total billed charges,73 percent of billed charges; No services were performed during the 15 month look back period.,64.0253,40.5,,,,,0,percent of total billed charges,40.5 percent of billed charges; No services were performed during the 15 month look back period.,64.0253,40.5,,,,,0,percent of total billed charges,40.5 percent of billed charges; No services were performed during the 15 month look back period.,71.139222,45,,,,,0,percent of total billed charges,45 percent of billed charges; No services were performed during the 15 month look back period.,79.04358,50,,,,,0,percent of total billed charges,50 percent of billed charges; No services were performed during the 15 month look back period.,,,,,,,,Other,"Not Payable. ",,,,,,,,Fee Schedule,"Not payable. ",,,,,,,,Fee Schedule,"Not payable. ",,,,,,,,Fee Schedule,"Not payable. ",,,,,,,,Fee Schedule,"Not payable. ",,,,,,,,Fee Schedule,"100 % Zero Pay Code. ",,,,,,,,Fee Schedule,"Not payable. ",,,,,,,,Fee Schedule,"Not payable. ",,,,,,,,Fee Schedule,"Not payable. ",,,,,,,,Fee Schedule,"Not payable. ",,,,,,,,Fee Schedule,"Not payable. ",,,,,,,,Fee Schedule,"Not payable. ",,,,,,,,Fee Schedule,"Not payable. ",,,,,,,,Other,"Not Payable. ",,,,,,,,Fee Schedule,"100 % Zero Pay Code. ",,,,,,,,Other,"Not Payable. ",,,,,,,,Fee Schedule,"Not payable. ",71.139222,45,,,,,0,percent of total billed charges,45 percent of billed charges; No services were performed during the 15 month look back period.,,,,,,,,Other,"Not Payable. ",71.139222,45,,,,,0,percent of total billed charges,45 percent of billed charges; No services were performed during the 15 month look back period.,71.139222,45,,,,,0,percent of total billed charges,45 percent of billed charges; No services were performed during the 15 month look back period.,71.139222,45,,,,,0,percent of total billed charges,45 percent of billed charges; No services were performed during the 15 month look back period.,,,,,,,,Fee Schedule,"Not payable. ",,,,,,,,Other,"Not Payable. ",71.139222,45,,,,,0,percent of total billed charges,45 percent of billed charges; No services were performed during the 15 month look back period.,,,,,,,,Fee Schedule,"Not payable. ",71.139222,45,,,,,0,percent of total billed charges,45 percent of billed charges; No services were performed during the 15 month look back period.,47.426148,30,,,,,0,percent of total billed charges,30% of Charges. ; No services were performed during the 15 month look back period.,,,,,,,,Other,"Not Payable. ",115.403627,73,,,,,0,percent of total billed charges,73 percent of billed charges; No services were performed during the 15 month look back period.,115.403627,73,,,,,0,percent of total billed charges,73 percent of billed charges; No services were performed during the 15 month look back period.,115.403627,73,,,,,0,percent of total billed charges,73 percent of billed charges; No services were performed during the 15 month look back period.,115.403627,73,,,,,0,percent of total billed charges,73 percent of billed charges; No services were performed during the 15 month look back period.,115.403627,73,,,,,0,percent of total billed charges,73 percent of billed charges; No services were performed during the 15 month look back period.,115.403627,73,,,,,0,percent of total billed charges,73 percent of billed charges; No services were performed during the 15 month look back period.,115.403627,73,,,,,0,percent of total billed charges,73 percent of billed charges; No services were performed during the 15 month look back period.,115.403627,73,,,,,0,percent of total billed charges,73 percent of billed charges; No services were performed during the 15 month look back period.,115.403627,73,,,,,0,percent of total billed charges,73 percent of billed charges; No services were performed during the 15 month look back period.,115.403627,73,,,,,0,percent of total billed charges,73 percent of billed charges; No services were performed during the 15 month look back period.,115.403627,73,,,,,0,percent of total billed charges,73 percent of billed charges; No services were performed during the 15 month look back period.,115.403627,73,,,,,0,percent of total billed charges,73 percent of billed charges; No services were performed during the 15 month look back period.,,,,,,,,Other,"Not Payable. ",115.403627,73,,,,,0,percent of total billed charges,73 percent of billed charges; No services were performed during the 15 month look back period.,,,,,,,,Other,"Not Payable. ",,,,,,,,Other,"106 percent of Average Sales Price.. Drugs not priced under APG, billed with revenue code 636 and not priced by Medicare ASP FeeSched will be reimbursed at 20% of charges.",,,,,,,,Other,"106 percent of Average Sales Price.. Drugs not priced under APG, billed with revenue code 636 and not priced by Medicare ASP FeeSched will be reimbursed at 20% of charges.",,,,,,,,Fee Schedule,"100 % Zero Pay Code. ",,,,,,,,Fee Schedule,"100 % Zero Pay Code. ",,,,,,,,Other,"Not Payable. ",126.469728,80,,,,,0,percent of total billed charges,80 percent of billed charges; No services were performed during the 15 month look back period.,,,,,,,,Other,"Not Payable. ",,,,,,,,Other,"Not Payable. ",94.852296,60,,,,,0,percent of total billed charges,60 percent of billed charges; No services were performed during the 15 month look back period.,,,,,,,,Other,"Not Payable. ",47.426148,30,,,,,0,percent of total billed charges,30 percent of billed charges; No services were performed during the 15 month look back period.,,,,,,,,Other,"Not Payable. ",47.426148,30,,,,,0,percent of total billed charges,30 percent of billed charges; No services were performed during the 15 month look back period.,94.852296,60,,,,,0,percent of total billed charges,60 percent of billed charges; No services were performed during the 15 month look back period.,47.426148,30,,,,,0,percent of total billed charges,30 percent of billed charges; No services were performed during the 15 month look back period.,,,,,,,,Other,"Not Payable. ",,,,,,,,Other,"100 Percent of Medicaid APG. ",,,,,,,,Other,"Not Payable. ",47.426148,30,,,,,0,percent of total billed charges,30 percent of billed charges; No services were performed during the 15 month look back period.,,,,,,,,Fee Schedule,"100 % Zero Pay Code. ",,,,,,,,Other,"100 Percent of Medicaid APG. ",71.139222,45,,,,,0,percent of total billed charges,45 percent of billed charges; No services were performed during the 15 month look back period.,,,,,,,,Fee Schedule,"120 Percent of Medicaid APG. ",,,,,,,,Fee Schedule,"120 Percent of Medicaid APG. ",71.139222,45,,,,,0,percent of total billed charges,45 percent of billed charges; No services were performed during the 15 month look back period.,71.139222,45,,,,,0,percent of total billed charges,45 percent of billed charges; No services were performed during the 15 month look back period.,71.139222,45,,,,,0,percent of total billed charges,45 percent of billed charges; No services were performed during the 15 month look back period.,,,,,,,,Fee Schedule,"100 % Zero Pay Code. ",71.139222,45,,,,,0,percent of total billed charges,45 percent of billed charges; No services were performed during the 15 month look back period.,71.139222,45,,,,,0,percent of total billed charges,45 percent of billed charges; No services were performed during the 15 month look back period.,71.139222,45,,,,,0,percent of total billed charges,45 percent of billed charges; No services were performed during the 15 month look back period.,115.403627,73,,,,,0,percent of total billed charges,73 percent of billed charges; No services were performed during the 15 month look back period.,115.403627,73,,,,,0,percent of total billed charges,73 percent of billed charges; No services were performed during the 15 month look back period.,,,,,,,,Fee Schedule,"Not Payable. ",,,,,,,,Other,"100 Percent of Medicaid APG. ",,,,,,,,Fee Schedule,"100 % Zero Pay Code. ",47.426148,30,,,,,0,percent of total billed charges,30 percent of billed charges; No services were performed during the 15 month look back period.,94.852296,60,,,,,0,percent of total billed charges,60 percent of billed charges; No services were performed during the 15 month look back period.,,,,,,,,Fee Schedule,"100 % Zero Pay Code. ",94.852296,60,,,,,0,percent of total billed charges,60 percent of billed charges; No services were performed during the 15 month look back period.,,,,,,,,Fee Schedule,"100 % Zero Pay Code. ",71.139222,45,,,,,0,percent of total billed charges,45 percent of billed charges; No services were performed during the 15 month look back period.,71.139222,45,,,,,0,percent of total billed charges,45 percent of billed charges; No services were performed during the 15 month look back period.,71.139222,45,,,,,0,percent of total billed charges,45 percent of billed charges; No services were performed during the 15 month look back period.,71.139222,45,,,,,0,percent of total billed charges,45 percent of billed charges; No services were performed during the 15 month look back period.,,,,,,,,Other,"Not Payable. ",1.580872,316.17432,
J9055,HCPCS,5010003,LOCAL,636,RC,CETUXIMAB INJECTION,1165.6764,221.478516,Inpatient,ME,10,,,,,,,,,,,,,,,,,,,,349.70292,30,,,,,0,percent of total billed charges,30 Percent of charges; No services were performed during the 15 month look back period.,1165.6764,100,,,,,0,percent of total billed charges,100 percent of charges; No services were performed during the 15 month look back period.,,,,,,,,,,349.70292,30,,,,,0,percent of total billed charges,30 Percent of charges; No services were performed during the 15 month look back period.,349.70292,30,,,,,0,percent of total billed charges,30 Percent of charges; No services were performed during the 15 month look back period.,349.70292,30,,,,,0,percent of total billed charges,30 Percent of charges; No services were performed during the 15 month look back period.,116.56764,10,,,,,0,percent of total billed charges,10 percent of charges; No services were performed during the 15 month look back period.,,,,,,,,,,850.943772,73,,,,,0,percent of total billed charges,73 percent of charges; No services were performed during the 15 month look back period.,116.56764,10,,,,,0,percent of total billed charges,10 percent of charges; No services were performed during the 15 month look back period.,,,,,,,,,,,,,,,,,,,373.016448,32,,,,,0,percent of total billed charges,32 pecent of charges; No services were performed during the 15 month look back period.,373.016448,32,,,,,0,percent of total billed charges,32 pecent of charges; No services were performed during the 15 month look back period.,373.016448,32,,,,,0,percent of total billed charges,32 pecent of charges; No services were performed during the 15 month look back period.,373.016448,32,,,,,0,percent of total billed charges,32 pecent of charges; No services were performed during the 15 month look back period.,,,,,,,,,,,,,,,,,,,,,,,,,,,,850.943772,73,,,,,0,percent of total billed charges,73 percent of charges; No services were performed during the 15 month look back period.,349.70292,30,,,,,0,percent of total billed charges,30 Percent of charges; No services were performed during the 15 month look back period.,466.27056,40,,,,,0,percent of total billed charges,40 percent of charges; No services were performed during the 15 month look back period.,338.046156,29,,,,,0,percent of total billed charges,29 percent of charges; No services were performed during the 15 month look back period.,466.27056,40,,,,,0,percent of total billed charges,40 percent of charges; No services were performed during the 15 month look back period.,466.27056,40,,,,,0,percent of total billed charges,40 percent of charges; No services were performed during the 15 month look back period.,850.943772,73,,,,,0,percent of total billed charges,73 percent of charges; No services were performed during the 15 month look back period.,,,,,,,,,,,,,,,,,,,,,,,,,,,,,,,,,,,,,338.046156,29,,,,,0,percent of total billed charges,29 percent of charges; No services were performed during the 15 month look back period.,338.046156,29,,,,,0,percent of total billed charges,29 percent of charges; No services were performed during the 15 month look back period.,338.046156,29,,,,,0,percent of total billed charges,29 percent of charges; No services were performed during the 15 month look back period.,338.046156,29,,,,,0,percent of total billed charges,29 percent of charges; No services were performed during the 15 month look back period.,338.046156,29,,,,,0,percent of total billed charges,29 percent of charges; No services were performed during the 15 month look back period.,338.046156,29,,,,,0,percent of total billed charges,29 percent of charges; No services were performed during the 15 month look back period.,338.046156,29,,,,,0,percent of total billed charges,29 percent of charges; No services were performed during the 15 month look back period.,850.943772,73,,,,,0,percent of total billed charges,73 percent of charges; No services were performed during the 15 month look back period.,151.537932,13,,,,,0,percent of total billed charges,13 percent of charges; No services were performed during the 15 month look back period.,151.537932,13,,,,,0,percent of total billed charges,13 percent of charges; No services were performed during the 15 month look back period.,850.943772,73,,,,,0,percent of total billed charges,73 percent of charges; No services were performed during the 15 month look back period.,373.016448,32,,,,,0,percent of total billed charges,32 pecent of charges; No services were performed during the 15 month look back period.,116.56764,10,,,,,0,percent of total billed charges,10 percent of charges; No services were performed during the 15 month look back period.,116.56764,10,,,,,0,percent of total billed charges,10 percent of charges; No services were performed during the 15 month look back period.,850.943772,73,,,,,0,percent of total billed charges,73 percent of charges; No services were performed during the 15 month look back period.,,,,,,,,,,116.56764,10,,,,,0,percent of total billed charges,10 percent of charges; No services were performed during the 15 month look back period.,116.56764,10,,,,,0,percent of total billed charges,10 percent of charges; No services were performed during the 15 month look back period.,116.56764,10,,,,,0,percent of total billed charges,10 percent of charges; No services were performed during the 15 month look back period.,,,,,,,,,,116.56764,10,,,,,0,percent of total billed charges,10 percent of charges; No services were performed during the 15 month look back period.,116.56764,10,,,,,0,percent of total billed charges,10 percent of charges; No services were performed during the 15 month look back period.,,,,,,,,,,279.762336,24,,,,,0,percent of total billed charges,24 percent of charges; No services were performed during the 15 month look back period.,,,,,,,,,,,,,,,,,,,,,,,,,,,,,,,,,,,,,,,,,,,,,,,,,,,,,,,,,,,,,,,,,,,,,,,,,,,,,,,,,,850.943772,73,,,,,0,percent of total billed charges,73 percent of charges; No services were performed during the 15 month look back period.,850.943772,73,,,,,0,percent of total billed charges,73 percent of charges; No services were performed during the 15 month look back period.,850.943772,73,,,,,0,percent of total billed charges,73 percent of charges; No services were performed during the 15 month look back period.,850.943772,73,,,,,0,percent of total billed charges,73 percent of charges; No services were performed during the 15 month look back period.,850.943772,73,,,,,0,percent of total billed charges,73 percent of charges; No services were performed during the 15 month look back period.,850.943772,73,,,,,0,percent of total billed charges,73 percent of charges; No services were performed during the 15 month look back period.,850.943772,73,,,,,0,percent of total billed charges,73 percent of charges; No services were performed during the 15 month look back period.,850.943772,73,,,,,0,percent of total billed charges,73 percent of charges; No services were performed during the 15 month look back period.,850.943772,73,,,,,0,percent of total billed charges,73 percent of charges; No services were performed during the 15 month look back period.,850.943772,73,,,,,0,percent of total billed charges,73 percent of charges; No services were performed during the 15 month look back period.,850.943772,73,,,,,0,percent of total billed charges,73 percent of charges; No services were performed during the 15 month look back period.,850.943772,73,,,,,0,percent of total billed charges,73 percent of charges; No services were performed during the 15 month look back period.,850.943772,73,,,,,0,percent of total billed charges,73 percent of charges; No services were performed during the 15 month look back period.,850.943772,73,,,,,0,percent of total billed charges,73 percent of charges; No services were performed during the 15 month look back period.,850.943772,73,,,,,0,percent of total billed charges,73 percent of charges; No services were performed during the 15 month look back period.,850.943772,73,,,,,0,percent of total billed charges,73 percent of charges; No services were performed during the 15 month look back period.,850.943772,73,,,,,0,percent of total billed charges,73 percent of charges; No services were performed during the 15 month look back period.,850.943772,73,,,,,0,percent of total billed charges,73 percent of charges; No services were performed during the 15 month look back period.,850.943772,73,,,,,0,percent of total billed charges,73 percent of charges; No services were performed during the 15 month look back period.,850.943772,73,,,,,0,percent of total billed charges,73 percent of charges; No services were performed during the 15 month look back period.,850.943772,73,,,,,0,percent of total billed charges,73 percent of charges; No services were performed during the 15 month look back period.,850.943772,73,,,,,0,percent of total billed charges,73 percent of charges; No services were performed during the 15 month look back period.,850.943772,73,,,,,0,percent of total billed charges,73 percent of charges; No services were performed during the 15 month look back period.,850.943772,73,,,,,0,percent of total billed charges,73 percent of charges; No services were performed during the 15 month look back period.,850.943772,73,,,,,0,percent of total billed charges,73 percent of charges; No services were performed during the 15 month look back period.,850.943772,73,,,,,0,percent of total billed charges,73 percent of charges; No services were performed during the 15 month look back period.,338.046156,29,,,,,0,percent of total billed charges,29 percent of charges; No services were performed during the 15 month look back period.,338.046156,29,,,,,0,percent of total billed charges,29 percent of charges; No services were performed during the 15 month look back period.,338.046156,29,,,,,0,percent of total billed charges,29 percent of charges; No services were performed during the 15 month look back period.,338.046156,29,,,,,0,percent of total billed charges,29 percent of charges; No services were performed during the 15 month look back period.,466.27056,40,,,,,0,percent of total billed charges,40 percent of charges; No services were performed during the 15 month look back period.,466.27056,40,,,,,0,percent of total billed charges,40 percent of charges; No services were performed during the 15 month look back period.,373.016448,32,,,,,0,percent of total billed charges,32 pecent of charges; No services were performed during the 15 month look back period.,,,,,,,,,,116.56764,10,,,,,0,percent of total billed charges,10 percent of charges; No services were performed during the 15 month look back period.,,,,,,,,,,850.943772,73,,,,,0,percent of total billed charges,73 percent of charges; No services were performed during the 15 month look back period.,466.27056,40,,,,,0,percent of total billed charges,40 percent of charges; No services were performed during the 15 month look back period.,,,,,,,,,,116.56764,10,,,,,0,percent of total billed charges,10 percent of charges; No services were performed during the 15 month look back period.,373.016448,32,,,,,0,percent of total billed charges,32 pecent of charges; No services were performed during the 15 month look back period.,,,,,,,,,,850.943772,73,,,,,0,percent of total billed charges,73 percent of charges; No services were performed during the 15 month look back period.,,,,,,,,,,338.046156,29,,,,,0,percent of total billed charges,29 percent of charges; No services were performed during the 15 month look back period.,338.046156,29,,,,,0,percent of total billed charges,29 percent of charges; No services were performed during the 15 month look back period.,338.046156,29,,,,,0,percent of total billed charges,29 percent of charges; No services were performed during the 15 month look back period.,,,,,,,,,,279.762336,24,,,,,0,percent of total billed charges,24 percent of charges; No services were performed during the 15 month look back period.,,,,,,,,,,,,,,,,,,,,,,,,,,,,,,,,,,,,,,,,,,,,,,349.70292,30,,,,,0,percent of total billed charges,30 Percent of charges; No services were performed during the 15 month look back period.,349.70292,30,,,,,0,percent of total billed charges,30 Percent of charges; No services were performed during the 15 month look back period.,,,,,,,,,,373.016448,32,,,,,0,percent of total billed charges,32 pecent of charges; No services were performed during the 15 month look back period.,116.56764,10,,,,,0,percent of total billed charges,10 percent of charges; No services were performed during the 15 month look back period.,116.56764,10,,,,,0,percent of total billed charges,10 percent of charges; No services were performed during the 15 month look back period.,,,,,,,,,,373.016448,32,,,,,0,percent of total billed charges,32 pecent of charges; No services were performed during the 15 month look back period.,349.70292,30,,,,,0,percent of total billed charges,30 Percent of charges; No services were performed during the 15 month look back period.,349.70292,30,,,,,0,percent of total billed charges,30 Percent of charges; No services were performed during the 15 month look back period.,349.70292,30,,,,,0,percent of total billed charges,30 Percent of charges; No services were performed during the 15 month look back period.,850.943772,73,,,,,0,percent of total billed charges,73 percent of charges; No services were performed during the 15 month look back period.,850.943772,73,,,,,0,percent of total billed charges,73 percent of charges; No services were performed during the 15 month look back period.,850.943772,73,,,,,0,percent of total billed charges,73 percent of charges; No services were performed during the 15 month look back period.,850.943772,73,,,,,0,percent of total billed charges,73 percent of charges; No services were performed during the 15 month look back period.,850.943772,73,,,,,0,percent of total billed charges,73 percent of charges; No services were performed during the 15 month look back period.,850.943772,73,,,,,0,percent of total billed charges,73 percent of charges; No services were performed during the 15 month look back period.,850.943772,73,,,,,0,percent of total billed charges,73 percent of charges; No services were performed during the 15 month look back period.,850.943772,73,,,,,0,percent of total billed charges,73 percent of charges; No services were performed during the 15 month look back period.,850.943772,73,,,,,0,percent of total billed charges,73 percent of charges; No services were performed during the 15 month look back period.,850.943772,73,,,,,0,percent of total billed charges,73 percent of charges; No services were performed during the 15 month look back period.,850.943772,73,,,,,0,percent of total billed charges,73 percent of charges; No services were performed during the 15 month look back period.,466.27056,40,,,,,0,percent of total billed charges,40 percent of charges; No services were performed during the 15 month look back period.,,,,,,,,,,373.016448,32,,,,,0,percent of total billed charges,32 pecent of charges; No services were performed during the 15 month look back period.,,,,,,,,,,349.70292,30,,,,,0,percent of total billed charges,30 Percent of charges; No services were performed during the 15 month look back period.,373.016448,32,,,,,0,percent of total billed charges,32 pecent of charges; No services were performed during the 15 month look back period.,373.016448,32,,,,,0,percent of total billed charges,32 pecent of charges; No services were performed during the 15 month look back period.,850.943772,73,,,,,0,percent of total billed charges,73 percent of charges; No services were performed during the 15 month look back period.,233.13528,20,,,,,0,percent of total billed charges,20 percent of charges; No services were performed during the 15 month look back period.,373.016448,32,,,,,0,percent of total billed charges,32 pecent of charges; No services were performed during the 15 month look back period.,,,,,,,,,,,,,,,,,,,,,,,,,,,,,,,,,,,,,,,,,,,,,,,,,,,,,,,,,,,,,,,,373.016448,32,,,,,0,percent of total billed charges,32 pecent of charges; No services were performed during the 15 month look back period.,279.762336,24,,,,,0,percent of total billed charges,24 percent of charges; No services were performed during the 15 month look back period.,,,,,,,,,,,,,,,,,,,,,,,,,,,,,,,,,,,,,,,,,,,,,,,,,,,,,,,279.762336,24,,,,,0,percent of total billed charges,24 percent of charges; No services were performed during the 15 month look back period.,361.359684,31,,,,,0,percent of total billed charges,31 percent of charges; No services were performed during the 15 month look back period.,361.359684,31,,,,,0,percent of total billed charges,31 percent of charges; No services were performed during the 15 month look back period.,361.359684,31,,,,,0,percent of total billed charges,31 percent of charges; No services were performed during the 15 month look back period.,361.359684,31,,,,,0,percent of total billed charges,31 percent of charges; No services were performed during the 15 month look back period.,361.359684,31,,,,,0,percent of total billed charges,31 percent of charges; No services were performed during the 15 month look back period.,,,,,,,,,,466.27056,40,,,,,0,percent of total billed charges,40 percent of charges; No services were performed during the 15 month look back period.,466.27056,40,,,,,0,percent of total billed charges,40 percent of charges; No services were performed during the 15 month look back period.,466.27056,40,,,,,0,percent of total billed charges,40 percent of charges; No services were performed during the 15 month look back period.,466.27056,40,,,,,0,percent of total billed charges,40 percent of charges; No services were performed during the 15 month look back period.,349.70292,30,,,,,0,percent of total billed charges,30 Percent of charges; No services were performed during the 15 month look back period.,349.70292,30,,,,,0,percent of total billed charges,30 Percent of charges; No services were performed during the 15 month look back period.,349.70292,30,,,,,0,percent of total billed charges,30 Percent of charges; No services were performed during the 15 month look back period.,349.70292,30,,,,,0,percent of total billed charges,30 Percent of charges; No services were performed during the 15 month look back period.,279.762336,24,,,,,0,percent of total billed charges,24 percent of charges; No services were performed during the 15 month look back period.,279.762336,24,,,,,0,percent of total billed charges,24 percent of charges; No services were performed during the 15 month look back period.,,,,,,,,,,,,,,,,,,,,,,,,,,,,,,,,,,,,,,,,,,,,,,,,,,,,,,,279.762336,24,,,,,0,percent of total billed charges,24 percent of charges; No services were performed during the 15 month look back period.,349.70292,30,,,,,0,percent of total billed charges,30 Percent of charges; No services were performed during the 15 month look back period.,,,,,,,,,,,,,,,,,,,,,,,,,,,,,,,,,,,,,,,,,,,,,,,,,,,,,,,,,,,,,,,,,,,,,,,,,,,,,,,,,,,,,,,,,,,,,,,,,,,,,,,,,,,,,,,,,,,,,,,,,,,,,,,,,,,,,,,,,,,,,,,,,,,,,,,,,,,,,,,,,,,,,,,,,,,,,,,,,,,,,,,,,,,,,,,,,,,,,,,349.70292,30,,,,,0,percent of total billed charges,30 Percent of charges; No services were performed during the 15 month look back period.,,,,,,,,,,,,,,,,,,,,,,,,,,,,,,,,,,,,,,,,,,,,,,,,,,,,,,,,,,,,,,,,116.56764,10,,,,,0,percent of total billed charges,10 percent of charges; No services were performed during the 15 month look back period.,116.56764,10,,,,,0,percent of total billed charges,10 percent of charges; No services were performed during the 15 month look back period.,116.56764,10,,,,,0,percent of total billed charges,10 percent of charges; No services were performed during the 15 month look back period.,116.56764,10,,,,,0,percent of total billed charges,10 percent of charges; No services were performed during the 15 month look back period.,,,,,,,,,,279.762336,24,,,,,0,percent of total billed charges,24 percent of charges; No services were performed during the 15 month look back period.,338.046156,29,,,,,0,percent of total billed charges,29 percent of charges; No services were performed during the 15 month look back period.,338.046156,29,,,,,0,percent of total billed charges,29 percent of charges; No services were performed during the 15 month look back period.,338.046156,29,,,,,0,percent of total billed charges,29 percent of charges; No services were performed during the 15 month look back period.,338.046156,29,,,,,0,percent of total billed charges,29 percent of charges; No services were performed during the 15 month look back period.,,,,,,,,,,,,,,,,,,,,,,,,,,,,,,,,,,,,,,,,,,,,,,,,,,,,,,,,,,,,,,,,,,,,,,,,,,,,,,,,,,,,,,,,,,,349.70292,30,,,,,0,percent of total billed charges,30 Percent of charges; No services were performed during the 15 month look back period.,,,,,,,,,,,,,,,,,,,,,,,,,,,,,,,,,,,,,,,,,,,,,,,,,,,,,,,,,,,,,,,,,,,,,,,,,,,,,,,,,,,,,,,,,,,,,,,,,,,,,,,,,,,,,,,,,,,,,,,,,,,,,,,373.016448,32,,,,,0,percent of total billed charges,32 pecent of charges; No services were performed during the 15 month look back period.,,,,,,,,,,,,,,,,,,,,,,,,,,,,,,,,,,,,,,,,,,,,,,338.046156,29,,,,,0,percent of total billed charges,29 percent of charges; No services were performed during the 15 month look back period.,338.046156,29,,,,,0,percent of total billed charges,29 percent of charges; No services were performed during the 15 month look back period.,338.046156,29,,,,,0,percent of total billed charges,29 percent of charges; No services were performed during the 15 month look back period.,338.046156,29,,,,,0,percent of total billed charges,29 percent of charges; No services were performed during the 15 month look back period.,,,,,,,,,,338.046156,29,,,,,0,percent of total billed charges,29 percent of charges; No services were performed during the 15 month look back period.,349.70292,30,,,,,0,percent of total billed charges,30 Percent of charges; No services were performed during the 15 month look back period.,338.046156,29,,,,,0,percent of total billed charges,29 percent of charges; No services were performed during the 15 month look back period.,373.016448,32,,,,,0,percent of total billed charges,32 pecent of charges; No services were performed during the 15 month look back period.,338.046156,29,,,,,0,percent of total billed charges,29 percent of charges; No services were performed during the 15 month look back period.,,,,,,,,,,,,,,,,,,,,,,,,,,,,338.046156,29,,,,,0,percent of total billed charges,29 percent of charges; No services were performed during the 15 month look back period.,,,,,,,,,,,,,,,,,,,,,,,,,,,,,,,,,,,,,,,,,,,,,,338.046156,29,,,,,0,percent of total billed charges,29 percent of charges; No services were performed during the 15 month look back period.,338.046156,29,,,,,0,percent of total billed charges,29 percent of charges; No services were performed during the 15 month look back period.,338.046156,29,,,,,0,percent of total billed charges,29 percent of charges; No services were performed during the 15 month look back period.,338.046156,29,,,,,0,percent of total billed charges,29 percent of charges; No services were performed during the 15 month look back period.,,,,,,,,,,,,,,,,,,,,,,,,,,,,,,,,,,,,,,,,,,,,,,,,,,,,,,,,,,,,,,,,,,,,,,,,,,,,,,,,,,,,,,,,,,,338.046156,29,,,,,0,percent of total billed charges,29 percent of charges; No services were performed during the 15 month look back period.,373.016448,32,,,,,0,percent of total billed charges,32 pecent of charges; No services were performed during the 15 month look back period.,850.943772,73,,,,,0,percent of total billed charges,73 percent of charges; No services were performed during the 15 month look back period.,116.56764,10,,,,,0,percent of total billed charges,10 percent of charges; No services were performed during the 15 month look back period.,116.56764,10,,,,,0,percent of total billed charges,10 percent of charges; No services were performed during the 15 month look back period.,349.70292,30,,,,,0,percent of total billed charges,30 Percent of charges; No services were performed during the 15 month look back period.,,,,,,,,,,466.27056,40,,,,,0,percent of total billed charges,40 percent of charges; No services were performed during the 15 month look back period.,466.27056,40,,,,,0,percent of total billed charges,40 percent of charges; No services were performed during the 15 month look back period.,,,,,,,,,,,,,,,,,,,,,,,,,,,,,,,,,,,,,,,,,,,,,,,,,,,,,,,116.56764,10,,,,,0,percent of total billed charges,10 percent of charges; No services were performed during the 15 month look back period.,,,,,,,,,,,,,,,,,,,,,,,,,,,,,,,,,,,,,338.046156,29,,,,,0,percent of total billed charges,29 percent of charges; No services were performed during the 15 month look back period.,,,,,,,,,,,,,,,,,,,338.046156,29,,,,,0,percent of total billed charges,29 percent of charges; No services were performed during the 15 month look back period.,,,,,,,,,,,,,,,,,,,,,,,,,,,,279.762336,24,,,,,0,percent of total billed charges,24 percent of charges; No services were performed during the 15 month look back period.,338.046156,29,,,,,0,percent of total billed charges,29 percent of charges; No services were performed during the 15 month look back period.,,,,,,,,,,,,,,,,,,,,,,,,,,,,,,,,,,,,,116.56764,10,,,,,0,percent of total billed charges,10 percent of charges; No services were performed during the 15 month look back period.,,,,,,,,,,,,,,,,,,,,,,,,,,,,,,,,,,,,,,,,,,,,,,,,,,,,,,,,,,,,,,,,,,,,,,,,,116.56764,10,,,,,0,percent of total billed charges,10 percent of charges; No services were performed during the 15 month look back period.,,,,,,,,,,,,,,,,,,,,,,,,,,,,,,,,,,,,,,,,,,,,,,,,,,,,,,,,,,,,,,,,,,,,,,,,,,,,,,,,,,,,,,,,,,,,,,,,,,,,,,,,,,,,,,,,,,,,,,338.046156,29,,,,,0,percent of total billed charges,29 percent of charges; No services were performed during the 15 month look back period.,338.046156,29,,,,,0,percent of total billed charges,29 percent of charges; No services were performed during the 15 month look back period.,338.046156,29,,,,,0,percent of total billed charges,29 percent of charges; No services were performed during the 15 month look back period.,338.046156,29,,,,,0,percent of total billed charges,29 percent of charges; No services were performed during the 15 month look back period.,338.046156,29,,,,,0,percent of total billed charges,29 percent of charges; No services were performed during the 15 month look back period.,338.046156,29,,,,,0,percent of total billed charges,29 percent of charges; No services were performed during the 15 month look back period.,338.046156,29,,,,,0,percent of total billed charges,29 percent of charges; No services were performed during the 15 month look back period.,338.046156,29,,,,,0,percent of total billed charges,29 percent of charges; No services were performed during the 15 month look back period.,338.046156,29,,,,,0,percent of total billed charges,29 percent of charges; No services were performed during the 15 month look back period.,338.046156,29,,,,,0,percent of total billed charges,29 percent of charges; No services were performed during the 15 month look back period.,338.046156,29,,,,,0,percent of total billed charges,29 percent of charges; No services were performed during the 15 month look back period.,338.046156,29,,,,,0,percent of total billed charges,29 percent of charges; No services were performed during the 15 month look back period.,338.046156,29,,,,,0,percent of total billed charges,29 percent of charges; No services were performed during the 15 month look back period.,,,,,,,,,,338.046156,29,,,,,0,percent of total billed charges,29 percent of charges; No services were performed during the 15 month look back period.,,,,,,,,,,221.478516,19,,,,,0,percent of total billed charges,19 percent of charges; No services were performed during the 15 month look back period.,151.537932,13,,,,,0,percent of total billed charges,13 percent of charges; No services were performed during the 15 month look back period.,116.56764,10,,,,,0,percent of total billed charges,10 percent of charges; No services were performed during the 15 month look back period.,116.56764,10,,,,,0,percent of total billed charges,10 percent of charges; No services were performed during the 15 month look back period.,,,,,,,,,,466.27056,40,,,,,0,percent of total billed charges,40 percent of charges; No services were performed during the 15 month look back period.,,,,,,,,,,,,,,,,,,,349.70292,30,,,,,0,percent of total billed charges,30 Percent of charges; No services were performed during the 15 month look back period.,,,,,,,,,,373.016448,32,,,,,0,percent of total billed charges,32 pecent of charges; No services were performed during the 15 month look back period.,,,,,,,,,,373.016448,32,,,,,0,percent of total billed charges,32 pecent of charges; No services were performed during the 15 month look back period.,349.70292,30,,,,,0,percent of total billed charges,30 Percent of charges; No services were performed during the 15 month look back period.,373.016448,32,,,,,0,percent of total billed charges,32 pecent of charges; No services were performed during the 15 month look back period.,,,,,,,,,,,,,,,,,,,,,,,,,,,,373.016448,32,,,,,0,percent of total billed charges,32 pecent of charges; No services were performed during the 15 month look back period.,116.56764,10,,,,,0,percent of total billed charges,10 percent of charges; No services were performed during the 15 month look back period.,,,,,,,,,,,,,,,,,,,,,,,,,,,,,,,,,,,,,,,,,,,,,,,,,,,,,,,,,,,,,,,,116.56764,10,,,,,0,percent of total billed charges,10 percent of charges; No services were performed during the 15 month look back period.,,,,,,,,,,,,,,,,,,,,,,,,,,,,338.046156,29,,,,,0,percent of total billed charges,29 percent of charges; No services were performed during the 15 month look back period.,338.046156,29,,,,,0,percent of total billed charges,29 percent of charges; No services were performed during the 15 month look back period.,361.359684,31,,,,,0,percent of total billed charges,31 percent of charges; No services were performed during the 15 month look back period.,,,,,,,,,,116.56764,10,,,,,0,percent of total billed charges,10 percent of charges; No services were performed during the 15 month look back period.,373.016448,32,,,,,0,percent of total billed charges,32 pecent of charges; No services were performed during the 15 month look back period.,349.70292,30,,,,,0,percent of total billed charges,30 Percent of charges; No services were performed during the 15 month look back period.,116.56764,10,,,,,0,percent of total billed charges,10 percent of charges; No services were performed during the 15 month look back period.,349.70292,30,,,,,0,percent of total billed charges,30 Percent of charges; No services were performed during the 15 month look back period.,116.56764,10,,,,,0,percent of total billed charges,10 percent of charges; No services were performed during the 15 month look back period.,,,,,,,,,,,,,,,,,,,,,,,,,,,,,,,,,,,,,,,,,,,,,,5.828382,4768.489091,
J9074,HCPCS,5010003,LOCAL,636,RC,"INJ, CYCLOPHOSPHAMD, SANDOZ",31.8276,6.047244,Outpatient,ME,5,,4.34,,,,,,,Fee Schedule,100 % 1199 Fee Schedule.,4.34,,,,,,,Fee Schedule,100 % 1199 Fee Schedule.,19.09656,60,,,,,0,percent of total billed charges,60 percent of billed charges; No services were performed during the 15 month look back period.,31.8276,100,,,,,0,percent of total billed charges,100 percent of billed charges; No services were performed during the 15 month look back period.,4.34,,,,,,,Fee Schedule,100% ASP Fee Schedule.,19.09656,60,,,,,0,percent of total billed charges,60 percent of billed charges; No services were performed during the 15 month look back period.,19.09656,60,,,,,0,percent of total billed charges,60 percent of billed charges; No services were performed during the 15 month look back period.,19.09656,60,,,,,0,percent of total billed charges,60 percent of billed charges; No services were performed during the 15 month look back period.,,,,,,,,Other,100 Percent of Medicaid APG.,,,,,,,,Other,100 Percent of Medicaid APG.,24.825528,78,,,,,0,percent of total billed charges,78 percent of billed charges; No services were performed during the 15 month look back period.,,,,,,,,Fee Schedule,100 % Zero Pay Code.,,,,,,,,Other,100 Percent of Medicaid APG.,4.34,,,,,,,Fee Schedule,100% ASP Fee Schedule.,19.09656,60,,,,,0,percent of total billed charges,60 percent of billed charges; No services were performed during the 15 month look back period.,19.09656,60,,,,,0,percent of total billed charges,60 percent of billed charges; No services were performed during the 15 month look back period.,19.09656,60,,,,,0,percent of total billed charges,60 percent of billed charges; No services were performed during the 15 month look back period.,19.09656,60,,,,,0,percent of total billed charges,60 percent of billed charges; No services were performed during the 15 month look back period.,,,,,,,,Fee schedule,Not Payable.,4.34,,,,,,,Fee Schedule,100% ASP Fee Schedule.,,,,,,,,Fee schedule,Not Payable.,24.825528,78,,,,,0,percent of total billed charges,78 percent of billed charges; No services were performed during the 15 month look back period.,19.09656,60,,,,,0,percent of total billed charges,60 percent of billed charges; No services were performed during the 15 month look back period.,4.34,,,,,,,Fee Schedule,100% ASP Fee Schedule.,14.22,,,,,,,Fee Schedule,383 % Medicare ASP.,4.34,,,,,,,Fee Schedule,100% ASP Fee Schedule.,4.34,,,,,,,Fee Schedule,100% ASP Fee Schedule.,24.825528,78,,,,,0,percent of total billed charges,78 percent of billed charges; No services were performed during the 15 month look back period.,,,,,,,,Fee Schedule,.,,,,,,,,Fee Schedule,.,0.318276,1,,,,,0,percent of total billed charges,35 Percent of Charges.; No services were performed during the 15 month look back period.,0.318276,1,,3451.59,3105.65,3451.59,1 through 10,percent of total billed charges,35 Percent of Charges.,14.22,,,,,,,Fee Schedule,383 % Medicare ASP.,14.22,,,,,,,Fee Schedule,383 % Medicare ASP.,,,,,,,,Other,"100 Percent of Medicaid APG. Not APG payable, or payable under another fee schedule like ASP/AWP pays at 30% of charges",14.22,,,,,,,Fee Schedule,383 % Medicare ASP.,,,,,,,,Other,"100 Percent of Medicaid APG. Not APG payable, or payable under another fee schedule like ASP/AWP pays at 30% of charges",4.34,,,,,,,Fee Schedule,100% ASP Fee Schedule.,14.22,,,,,,,Fee Schedule,383 % Medicare ASP.,24.825528,78,,,,,0,percent of total billed charges,78 percent of billed charges; No services were performed during the 15 month look back period.,,,,,,,,Fee Schedule,Not payable.,,,,,,,,Fee Schedule,Not payable.,24.825528,78,,,,,0,percent of total billed charges,78 percent of billed charges; No services were performed during the 15 month look back period.,19.09656,60,,,,,0,percent of total billed charges,60 percent of billed charges; No services were performed during the 15 month look back period.,,,,,,,,Fee Schedule,100 % Zero Pay Code.,,,,,,,,Fee Schedule,100 % Zero Pay Code.,24.825528,78,,,,,0,percent of total billed charges,78 percent of billed charges; No services were performed during the 15 month look back period.,4.34,,,,,,,Fee Schedule,100% ASP Fee Schedule.,,,,,,,,Fee Schedule,100 % Zero Pay Code.,,,,,,,,Fee Schedule,100 % Zero Pay Code.,,,,,,,,Fee Schedule,100 % Zero Pay Code.,4.34,,,,,,,Fee Schedule,100% ASP Fee Schedule.,,,,,,,,Fee Schedule,100 % Zero Pay Code.,,,,,,,,Fee Schedule,100 % Zero Pay Code.,4.34,,,,,,,Fee Schedule,100% of AWP Fee Schedule.,15.9138,50,,,,,0,percent of total billed charges,50 percent of billed charges; No services were performed during the 15 month look back period.,20.68794,65,,,,,0,percent of total billed charges,65 percent of billed charges; No services were performed during the 15 month look back period.,20.68794,65,,,,,0,percent of total billed charges,65 percent of billed charges; No services were performed during the 15 month look back period.,20.68794,65,,,,,0,percent of total billed charges,65 percent of billed charges; No services were performed during the 15 month look back period.,20.68794,65,,,,,0,percent of total billed charges,65 percent of billed charges; No services were performed during the 15 month look back period.,20.68794,65,,,,,0,percent of total billed charges,65 percent of billed charges; No services were performed during the 15 month look back period.,20.68794,65,,1057.49,463.1,1057.49,1 through 10,percent of total billed charges,65 percent of billed charges,4.34,,,,,,,Fee Schedule,100% ASP Fee Schedule.,4.34,,,,,,,Fee Schedule,100% ASP Fee Schedule.,20.68794,65,,,,,0,percent of total billed charges,65 percent of billed charges; No services were performed during the 15 month look back period.,24.825528,78,,,,,0,percent of total billed charges,78 percent of billed charges; No services were performed during the 15 month look back period.,24.825528,78,,,,,0,percent of total billed charges,78 percent of billed charges; No services were performed during the 15 month look back period.,24.825528,78,,,,,0,percent of total billed charges,78 percent of billed charges; No services were performed during the 15 month look back period.,24.825528,78,,,,,0,percent of total billed charges,78 percent of billed charges; No services were performed during the 15 month look back period.,24.825528,78,,,,,0,percent of total billed charges,78 percent of billed charges; No services were performed during the 15 month look back period.,24.825528,78,,,,,0,percent of total billed charges,78 percent of billed charges; No services were performed during the 15 month look back period.,24.825528,78,,,,,0,percent of total billed charges,78 percent of billed charges; No services were performed during the 15 month look back period.,24.825528,78,,,,,0,percent of total billed charges,78 percent of billed charges; No services were performed during the 15 month look back period.,24.825528,78,,,,,0,percent of total billed charges,78 percent of billed charges; No services were performed during the 15 month look back period.,24.825528,78,,,,,0,percent of total billed charges,78 percent of billed charges; No services were performed during the 15 month look back period.,24.825528,78,,,,,0,percent of total billed charges,78 percent of billed charges; No services were performed during the 15 month look back period.,24.825528,78,,,,,0,percent of total billed charges,78 percent of billed charges; No services were performed during the 15 month look back period.,24.825528,78,,,,,0,percent of total billed charges,78 percent of billed charges; No services were performed during the 15 month look back period.,24.825528,78,,,,,0,percent of total billed charges,78 percent of billed charges; No services were performed during the 15 month look back period.,24.825528,78,,,,,0,percent of total billed charges,78 percent of billed charges; No services were performed during the 15 month look back period.,24.825528,78,,,,,0,percent of total billed charges,78 percent of billed charges; No services were performed during the 15 month look back period.,24.825528,78,,,,,0,percent of total billed charges,78 percent of billed charges; No services were performed during the 15 month look back period.,24.825528,78,,,,,0,percent of total billed charges,78 percent of billed charges; No services were performed during the 15 month look back period.,24.825528,78,,,,,0,percent of total billed charges,78 percent of billed charges; No services were performed during the 15 month look back period.,24.825528,78,,,,,0,percent of total billed charges,78 percent of billed charges; No services were performed during the 15 month look back period.,24.825528,78,,,,,0,percent of total billed charges,78 percent of billed charges; No services were performed during the 15 month look back period.,24.825528,78,,,,,0,percent of total billed charges,78 percent of billed charges; No services were performed during the 15 month look back period.,24.825528,78,,,,,0,percent of total billed charges,78 percent of billed charges; No services were performed during the 15 month look back period.,24.825528,78,,,,,0,percent of total billed charges,78 percent of billed charges; No services were performed during the 15 month look back period.,24.825528,78,,,,,0,percent of total billed charges,78 percent of billed charges; No services were performed during the 15 month look back period.,24.825528,78,,,,,0,percent of total billed charges,78 percent of billed charges; No services were performed during the 15 month look back period.,14.22,,,,,,,Fee Schedule,383 % Medicare ASP.,14.22,,,,,,,Fee Schedule,383 % Medicare ASP.,14.22,,,,,,,Fee Schedule,383 % Medicare ASP.,14.22,,,,,,,Fee Schedule,383 % Medicare ASP.,21.31,,,,,,,Fee Schedule,574 % Medicare ASP.,21.31,,,,,,,Fee Schedule,574 % Medicare ASP.,19.09656,60,,,,,0,percent of total billed charges,60 percent of billed charges; No services were performed during the 15 month look back period.,20.68794,65,,,,,0,percent of total billed charges,65 percent of billed charges; No services were performed during the 15 month look back period.,,,,,,,,Fee Schedule,100 % Zero Pay Code.,20.68794,65,,,,,0,percent of total billed charges,65 percent of billed charges; No services were performed during the 15 month look back period.,24.825528,78,,,,,0,percent of total billed charges,78 percent of billed charges; No services were performed during the 15 month look back period.,21.31,,,,,,,Fee Schedule,574 % Medicare ASP.,20.68794,65,,,,,0,percent of total billed charges,65 percent of billed charges; No services were performed during the 15 month look back period.,,,,,,,,Fee Schedule,100 % Zero Pay Code.,19.09656,60,,,,,0,percent of total billed charges,60 percent of billed charges; No services were performed during the 15 month look back period.,,,,,,,,,,24.825528,78,,,,,0,percent of total billed charges,78 percent of billed charges; No services were performed during the 15 month look back period.,,,,,,,,Other,100 Percent of Medicaid APG.,14.22,,,,,,,Fee Schedule,383 % Medicare ASP.,,,,,,,,Other,"100 Percent of Medicaid APG. Not APG payable, or payable under another fee schedule like ASP/AWP pays at 30% of charges",4.34,,,,,,,Fee Schedule,100% ASP Fee Schedule.,4.34,,,,,,,Fee Schedule,100% ASP Fee Schedule.,15.9138,50,,,,,0,percent of total billed charges,50 percent of billed charges; No services were performed during the 15 month look back period.,4.34,,,,,,,Fee Schedule,100% ASP Fee Schedule.,4.34,,,,,,,Fee Schedule,100% ASP Fee Schedule.,,,,,,,,Other,100 Percent of Medicaid APG.,4.34,,,,,,,Fee Schedule,100% ASP Fee Schedule.,4.34,,,,,,,Fee Schedule,100% ASP Fee Schedule.,19.09656,60,,,,,0,percent of total billed charges,60 percent of billed charges; No services were performed during the 15 month look back period.,19.09656,60,,,,,0,percent of total billed charges,60 percent of billed charges; No services were performed during the 15 month look back period.,4.34,,,,,,,Fee Schedule,100% ASP Fee Schedule.,19.09656,60,,,,,0,percent of total billed charges,60 percent of billed charges; No services were performed during the 15 month look back period.,,,,,,,,Fee Schedule,100 % Zero Pay Code.,,,,,,,,Fee Schedule,100 % Zero Pay Code.,4.34,,,,,,,Fee Schedule,100% ASP Fee Schedule.,19.09656,60,,1141.1,257.31,1141.1,1 through 10,percent of total billed charges,60 percent of billed charges,19.09656,60,,,,,0,percent of total billed charges,60 percent of billed charges; No services were performed during the 15 month look back period.,19.09656,60,,1849.84,1849.84,1849.84,1 through 10,percent of total billed charges,60 percent of billed charges,19.09656,60,,,,,0,percent of total billed charges,60 percent of billed charges; No services were performed during the 15 month look back period.,24.825528,78,,,,,0,percent of total billed charges,78 percent of billed charges; No services were performed during the 15 month look back period.,24.825528,78,,,,,0,percent of total billed charges,78 percent of billed charges; No services were performed during the 15 month look back period.,24.825528,78,,,,,0,percent of total billed charges,78 percent of billed charges; No services were performed during the 15 month look back period.,24.825528,78,,,,,0,percent of total billed charges,78 percent of billed charges; No services were performed during the 15 month look back period.,24.825528,78,,,,,0,percent of total billed charges,78 percent of billed charges; No services were performed during the 15 month look back period.,24.825528,78,,,,,0,percent of total billed charges,78 percent of billed charges; No services were performed during the 15 month look back period.,24.825528,78,,,,,0,percent of total billed charges,78 percent of billed charges; No services were performed during the 15 month look back period.,24.825528,78,,,,,0,percent of total billed charges,78 percent of billed charges; No services were performed during the 15 month look back period.,24.825528,78,,,,,0,percent of total billed charges,78 percent of billed charges; No services were performed during the 15 month look back period.,24.825528,78,,,,,0,percent of total billed charges,78 percent of billed charges; No services were performed during the 15 month look back period.,24.825528,78,,,,,0,percent of total billed charges,78 percent of billed charges; No services were performed during the 15 month look back period.,21.31,,,,,,,Fee Schedule,574 % Medicare ASP.,20.68794,65,,1069.76,1069.76,1069.76,1 through 10,percent of total billed charges,65 percent of billed charges,19.09656,60,,,,,0,percent of total billed charges,60 percent of billed charges; No services were performed during the 15 month look back period.,4.34,,,,,,,Fee Schedule,100% ASP Fee Schedule.,19.09656,60,,,,,0,percent of total billed charges,60 percent of billed charges; No services were performed during the 15 month look back period.,19.09656,60,,,,,0,percent of total billed charges,60 percent of billed charges; No services were performed during the 15 month look back period.,19.09656,60,,,,,0,percent of total billed charges,60 percent of billed charges; No services were performed during the 15 month look back period.,24.825528,78,,,,,0,percent of total billed charges,78 percent of billed charges; No services were performed during the 15 month look back period.,6.36552,20,,,,,0,percent of total billed charges,"20 percent of billed charges. Drugs not priced under APG, billed with revenue code 636 and not priced by Medicare ASP FeeSched will be reimbursed at 20% of charges.; No services were performed during the 15 month look back period.",19.09656,60,,,,,0,percent of total billed charges,60 percent of billed charges; No services were performed during the 15 month look back period.,,,,,,,,Other,100 Percent of Medicaid APG.,4.34,,,,,,,Fee Schedule,100% ASP Fee Schedule.,4.34,,,,,,,Fee Schedule,100% ASP Fee Schedule.,4.34,,,,,,,Fee Schedule,100% ASP Fee Schedule.,4.34,,,,,,,Fee Schedule,100% ASP Fee Schedule.,4.34,,,,,,,Fee Schedule,100% ASP Fee Schedule.,4.34,,,,,,,Fee Schedule,100% ASP Fee Schedule.,19.09656,60,,,,,0,percent of total billed charges,60 percent of billed charges; No services were performed during the 15 month look back period.,15.9138,50,,,,,0,percent of total billed charges,50 percent of billed charges; No services were performed during the 15 month look back period.,,,,,,,,Fee Schedule,Not Payable.,,,,,,,,Fee Schedule,Not Payable.,,,,,,,,Fee Schedule,Not Payable.,,,,,,,,Fee Schedule,Not Payable.,,,,,,,,Fee Schedule,Not Payable.,,,,,,,,,,15.9138,50,,,,,0,percent of total billed charges,50 percent of billed charges; No services were performed during the 15 month look back period.,6.13,,,,,,,Fee Schedule,141 Percent of of ASP. Drugs billed with revenue code 636 and not priced by Medicare ASP fee schedule will be reimburse at 20 percent of charges,6.13,,,,,,,Fee Schedule,141 Percent of of ASP. Drugs billed with revenue code 636 and not priced by Medicare ASP fee schedule will be reimburse at 20 percent of charges,6.13,,,,,,,Fee Schedule,141 Percent of of ASP. Drugs billed with revenue code 636 and not priced by Medicare ASP fee schedule will be reimburse at 20 percent of charges,6.13,,,,,,,Fee Schedule,141 Percent of of ASP. Drugs billed with revenue code 636 and not priced by Medicare ASP fee schedule will be reimburse at 20 percent of charges,6.13,,,,,,,Fee Schedule,141 Percent of of ASP. Drugs billed with revenue code 636 and not priced by Medicare ASP fee schedule will be reimburse at 20 percent of charges,4.34,,,,,,,Fee Schedule,100% ASP Fee Schedule.,21.31,,,,,,,Fee Schedule,574 % Medicare ASP.,21.31,,,,,,,Fee Schedule,574 % Medicare ASP.,21.31,,,,,,,Fee Schedule,574 % Medicare ASP.,21.31,,,,,,,Fee Schedule,574 % Medicare ASP.,19.09656,60,,,,,0,percent of total billed charges,60 percent of billed charges; No services were performed during the 15 month look back period.,19.09656,60,,,,,0,percent of total billed charges,60 percent of billed charges; No services were performed during the 15 month look back period.,19.09656,60,,,,,0,percent of total billed charges,60 percent of billed charges; No services were performed during the 15 month look back period.,19.09656,60,,,,,0,percent of total billed charges,60 percent of billed charges; No services were performed during the 15 month look back period.,15.9138,50,,,,,0,percent of total billed charges,50 percent of billed charges; No services were performed during the 15 month look back period.,15.9138,50,,,,,0,percent of total billed charges,50 percent of billed charges; No services were performed during the 15 month look back period.,4.34,,,,,,,Fee Schedule,100% ASP Fee Schedule.,4.34,,,,,,,Fee Schedule,100% ASP Fee Schedule.,4.34,,,,,,,Fee Schedule,100% ASP Fee Schedule.,20.68794,65,,,,,0,percent of total billed charges,65 percent of billed charges; No services were performed during the 15 month look back period.,20.68794,65,,,,,0,percent of total billed charges,65 percent of billed charges; No services were performed during the 15 month look back period.,20.68794,65,,,,,0,percent of total billed charges,65 percent of billed charges; No services were performed during the 15 month look back period.,15.9138,50,,,,,0,percent of total billed charges,50 percent of billed charges; No services were performed during the 15 month look back period.,19.09656,60,,,,,0,percent of total billed charges,60 percent of billed charges; No services were performed during the 15 month look back period.,4.34,,,,,,,Fee Schedule,100% ASP Fee Schedule.,20.68794,65,,,,,0,percent of total billed charges,65 percent of billed charges; No services were performed during the 15 month look back period.,,,,,,,,Other,100 Percent of Medicaid APG.,4.43,,,,,,,Fee Schedule,100% of ASP Fee Schedule.,4.43,,,,,,,Fee Schedule,100% of ASP Fee Schedule.,4.43,,,,,,,Fee Schedule,100% of ASP Fee Schedule.,0.318276,1,,,,,0,percent of total billed charges,35 Percent of Charges.; No services were performed during the 15 month look back period.,,,,,,,,Fee Schedule,Not payable.,,,,,,,,Fee Schedule,Not payable.,,,,,,,,Fee Schedule,Not payable.,,,,,,,,Fee Schedule,Not payable.,,,,,,,,Fee Schedule,Not payable.,4.43,,,,,,,Fee Schedule,100% of ASP Fee Schedule.,,,,,,,,Other,100 Percent of Medicaid APG.,,,,,,,,Fee Schedule,.,,,,,,,,Fee Schedule,Not payable.,,,,,,,,Fee Schedule,Not payable.,,,,,,,,Fee Schedule,.,,,,,,,,Fee Schedule,.,,,,,,,,Fee Schedule,Not Payable.,4.34,,,,,,,Fee Schedule,100% ASP Fee Schedule.,4.34,,,,,,,Fee Schedule,100% ASP Fee Schedule.,19.09656,60,,,,,0,percent of total billed charges,60 percent of billed charges; No services were performed during the 15 month look back period.,4.34,,,,,,,Fee Schedule,100% ASP Fee Schedule.,,,,,,,,,,,,,,,,,,,0.318276,1,,,,,0,percent of total billed charges,35 Percent of Charges.; No services were performed during the 15 month look back period.,0.318276,1,,,,,0,percent of total billed charges,35 Percent of Charges.; No services were performed during the 15 month look back period.,,,,,,,,Other,Not Payable.,,,,,,,,Fee schedule,Not Payable.,,,,,,,,Other,100 Percent of Medicaid APG.,,,,,,,,Other,100 Percent of Medicaid APG.,,,,,,,,Other,100 Percent of Medicaid APG.,,,,,,,,Other,100 Percent of Medicaid APG.,,,,,,,,,,15.9138,50,,,,,0,percent of total billed charges,50 percent of billed charges; No services were performed during the 15 month look back period.,,,,,,,,Other,"120 Percent of Medicaid APG. Not APG payable, or payable under another fee schedule like ASP/AWP pays at 30% of charges",,,,,,,,Other,"120 Percent of Medicaid APG. Not APG payable, or payable under another fee schedule like ASP/AWP pays at 30% of charges",,,,,,,,Other,"100 Percent of Medicaid APG. Not APG payable, or payable under another fee schedule like ASP/AWP pays at 30% of charges",,,,,,,,Other,"100 Percent of Medicaid APG. Not APG payable, or payable under another fee schedule like ASP/AWP pays at 30% of charges",20.68794,65,,2172.39,2172.39,2172.39,1 through 10,percent of total billed charges,65 percent of billed charges,20.68794,65,,,,,0,percent of total billed charges,65 percent of billed charges; No services were performed during the 15 month look back period.,4.34,,,,,,,Fee Schedule,100% ASP Fee Schedule.,20.68794,65,,,,,0,percent of total billed charges,65 percent of billed charges; No services were performed during the 15 month look back period.,20.68794,65,,555.72,555.72,1327.54,1 through 10,percent of total billed charges,65 percent of billed charges,20.68794,65,,,,,0,percent of total billed charges,65 percent of billed charges; No services were performed during the 15 month look back period.,20.68794,65,,,,,0,percent of total billed charges,65 percent of billed charges; No services were performed during the 15 month look back period.,4.34,,,,,,,Fee Schedule,100% ASP Fee Schedule.,20.68794,65,,,,,0,percent of total billed charges,65 percent of billed charges; No services were performed during the 15 month look back period.,20.68794,65,,,,,0,percent of total billed charges,65 percent of billed charges; No services were performed during the 15 month look back period.,19.09656,60,,,,,0,percent of total billed charges,60 percent of billed charges; No services were performed during the 15 month look back period.,,,,,,,,Fee Schedule,100% APG. Lesser of 100% of billed charges applies.,,,,,,,,Fee schedule,Not Payable.,,,,,,,,Fee Schedule,Not payable.,,,,,,,,Other,Not Payable.,,,,,,,,Fee schedule,Not Payable.,,,,,,,,Fee Schedule,Not payable.,,,,,,,,Fee Schedule,Not payable.,,,,,,,,Fee Schedule,Not payable.,,,,,,,,Fee Schedule,Not payable.,,,,,,,,Fee Schedule,Not payable.,,,,,,,,Fee Schedule,Not payable.,,,,,,,,,,,,,,,,,,,,,,,,,,,,19.09656,60,,,,,0,percent of total billed charges,60 percent of billed charges; No services were performed during the 15 month look back period.,,,,,,,,,,4.34,,,,,,,Fee Schedule,100% ASP Fee Schedule.,4.34,,,,,,,Fee Schedule,100 % 1199 Fee Schedule.,4.34,,,,,,,Fee Schedule,100% ASP Fee Schedule.,4.34,,,,,,,Fee Schedule,100% ASP Fee Schedule.,,,,,,,,Other,"120 Percent of Medicaid APG. Not APG payable, or payable under another fee schedule like ASP/AWP pays at 30% of charges",,,,,,,,Other,"120 Percent of Medicaid APG. Not APG payable, or payable under another fee schedule like ASP/AWP pays at 30% of charges",,,,,,,,Other,"100 Percent of Medicaid APG. Not APG payable, or payable under another fee schedule like ASP/AWP pays at 30% of charges",,,,,,,,Other,"100 Percent of Medicaid APG. Not APG payable, or payable under another fee schedule like ASP/AWP pays at 30% of charges",,,,,,,,Other,100 Percent of Medicaid APG.,11.21,,,,,,,Fee Schedule,302 % Medicare ASP.,19.09656,60,,,,,0,percent of total billed charges,60 percent of billed charges; No services were performed during the 15 month look back period.,14.22,,,,,,,Fee Schedule,383 % Medicare ASP.,19.09656,60,,,,,0,percent of total billed charges,60 percent of billed charges; No services were performed during the 15 month look back period.,4.34,,,,,,,Fee Schedule,100% ASP Fee Schedule.,4.34,,,,,,,Fee Schedule,100% ASP Fee Schedule.,4.34,,,,,,,Fee Schedule,100% ASP Fee Schedule.,4.34,,,,,,,Fee Schedule,100% ASP Fee Schedule.,4.34,,,,,,,Fee Schedule,100% ASP Fee Schedule.,4.34,,,,,,,Fee Schedule,100% ASP Fee Schedule.,,,,,,,,,,,,,,,,,Fee Schedule,Not payable.,,,,,,,,Fee Schedule,.,20.68794,65,,,,,0,percent of total billed charges,65 percent of billed charges; No services were performed during the 15 month look back period.,11.21,,,,,,,Fee Schedule,302 % Medicare ASP.,11.21,,,,,,,Fee Schedule,302 % Medicare ASP.,11.21,,,,,,,Fee Schedule,302 % Medicare ASP.,11.21,,,,,,,Fee Schedule,302 % Medicare ASP.,4.34,,,,,,,Fee Schedule,100% ASP Fee Schedule.,,,,,,,,Other,100 Percent of Medicaid APG.,20.68794,65,,,,,0,percent of total billed charges,65 percent of billed charges; No services were performed during the 15 month look back period.,,,,,,,,Other,100 Percent of Medicaid APG.,4.34,,,,,,,Fee Schedule,100% ASP Fee Schedule.,,,,,,,,Other,100 Percent of Medicaid APG.,4.34,,,,,,,Fee Schedule,100% ASP Fee Schedule.,4.34,,,,,,,Fee Schedule,100% ASP Fee Schedule.,,,,,,,,Other,100 Percent of Medicaid APG.,,,,,,,,Other,100 Percent of Medicaid APG.,11.21,,,,,,,Fee Schedule,302 % Medicare ASP.,19.09656,60,,,,,0,percent of total billed charges,60 percent of billed charges; No services were performed during the 15 month look back period.,24.825528,78,,,,,0,percent of total billed charges,78 percent of billed charges; No services were performed during the 15 month look back period.,,,,,,,,Fee Schedule,100 % Zero Pay Code.,,,,,,,,Fee Schedule,100 % Zero Pay Code.,19.09656,60,,,,,0,percent of total billed charges,60 percent of billed charges; No services were performed during the 15 month look back period.,4.34,,,,,,,Fee Schedule,100% of AWP Fee Schedule.,21.31,,,,,,,Fee Schedule,574 % Medicare ASP.,21.31,,,,,,,Fee Schedule,574 % Medicare ASP.,16.550352,52,,,,,0,percent of total billed charges,52 percent of billed charges; No services were performed during the 15 month look back period.,16.550352,52,,,,,0,percent of total billed charges,52 percent of billed charges; No services were performed during the 15 month look back period.,4.34,,,,,,,Fee Schedule,100% ASP Fee Schedule.,4.34,,,,,,,Fee Schedule,100% ASP Fee Schedule.,4.34,,,,,,,Fee Schedule,100% ASP Fee Schedule.,4.34,,,,,,,Fee Schedule,100% ASP Fee Schedule.,,,,,,,,Fee Schedule,100 % Zero Pay Code.,20.68794,65,,,,,0,percent of total billed charges,65 percent of billed charges; No services were performed during the 15 month look back period.,20.68794,65,,,,,0,percent of total billed charges,65 percent of billed charges; No services were performed during the 15 month look back period.,4.34,,,,,,,Fee Schedule,100% ASP Fee Schedule.,16.550352,52,,,,,0,percent of total billed charges,52 percent of billed charges; No services were performed during the 15 month look back period.,14.22,,,,,,,Fee Schedule,383 % Medicare ASP.,,,,,,,,,,,,,,,,,Other,100 Percent of Medicaid APG.,14.22,,,,,,,Fee Schedule,383 % Medicare ASP.,18.778284,59,,879.89,879.89,879.89,1 through 10,percent of total billed charges,59 percent of billed charges,18.778284,59,,,,,0,percent of total billed charges,59 percent of billed charges; No services were performed during the 15 month look back period.,,,,,,,,,,15.9138,50,,,,,0,percent of total billed charges,50 percent of billed charges; No services were performed during the 15 month look back period.,4.34,,,,,,,Fee Schedule,100% ASP Fee Schedule.,,,,,,,,Fee Schedule,Not payable.,,,,,,,,Fee Schedule,Not payable.,,,,,,,,Fee Schedule,Not payable.,,,,,,,,Fee Schedule,Not payable.,,,,,,,,Fee Schedule,100 % Zero Pay Code.,,,,,,,,Fee Schedule,Not payable.,,,,,,,,Fee Schedule,Not payable.,,,,,,,,Fee Schedule,Not payable.,,,,,,,,Fee Schedule,Not payable.,,,,,,,,Fee Schedule,Not payable.,,,,,,,,Fee Schedule,Not payable.,,,,,,,,Fee Schedule,Not payable.,4.34,,,,,,,Fee Schedule,100% ASP Fee Schedule.,,,,,,,,Fee Schedule,100 % Zero Pay Code.,4.34,,,,,,,Fee Schedule,100% ASP Fee Schedule.,,,,,,,,Fee Schedule,Not payable.,20.68794,65,,,,,0,percent of total billed charges,65 percent of billed charges; No services were performed during the 15 month look back period.,4.34,,,,,,,Fee Schedule,100% ASP Fee Schedule.,20.68794,65,,,,,0,percent of total billed charges,65 percent of billed charges; No services were performed during the 15 month look back period.,20.68794,65,,,,,0,percent of total billed charges,65 percent of billed charges; No services were performed during the 15 month look back period.,20.68794,65,,,,,0,percent of total billed charges,65 percent of billed charges; No services were performed during the 15 month look back period.,,,,,,,,Fee Schedule,Not payable.,4.34,,,,,,,Fee Schedule,100% ASP Fee Schedule.,20.68794,65,,,,,0,percent of total billed charges,65 percent of billed charges; No services were performed during the 15 month look back period.,,,,,,,,Fee Schedule,Not payable.,20.68794,65,,,,,0,percent of total billed charges,65 percent of billed charges; No services were performed during the 15 month look back period.,9.54828,30,,,,,0,percent of total billed charges,30% of Charges.; No services were performed during the 15 month look back period.,4.34,,,,,,,Fee Schedule,100% ASP Fee Schedule.,11.21,,,,,,,Fee Schedule,302 % Medicare ASP.,11.21,,,,,,,Fee Schedule,302 % Medicare ASP.,11.21,,,,,,,Fee Schedule,302 % Medicare ASP.,11.21,,,,,,,Fee Schedule,302 % Medicare ASP.,11.21,,,,,,,Fee Schedule,302 % Medicare ASP.,14.22,,,,,,,Fee Schedule,383 % Medicare ASP.,14.22,,,,,,,Fee Schedule,383 % Medicare ASP.,11.21,,,,,,,Fee Schedule,302 % Medicare ASP.,11.21,,,,,,,Fee Schedule,302 % Medicare ASP.,11.21,,,,,,,Fee Schedule,302 % Medicare ASP.,11.21,,,,,,,Fee Schedule,302 % Medicare ASP.,11.21,,,,,,,Fee Schedule,302 % Medicare ASP.,4.34,,,,,,,Fee Schedule,100% ASP Fee Schedule.,14.22,,,,,,,Fee Schedule,383 % Medicare ASP.,4.34,,,,,,,Fee Schedule,100% ASP Fee Schedule.,6.36552,20,,2687.33,2687.33,2687.33,1 through 10,percent of total billed charges,20 percent of billed charges.,,,,,,,,Fee Schedule,Not payable.,,,,,,,,Fee Schedule,100 % Zero Pay Code.,,,,,,,,Fee Schedule,100 % Zero Pay Code.,4.34,,,,,,,Fee Schedule,100% ASP Fee Schedule.,21.31,,,,,,,Fee Schedule,574 % Medicare ASP.,4.34,,,,,,,Fee Schedule,100% ASP Fee Schedule.,4.34,,,,,,,Fee Schedule,100% ASP Fee Schedule.,19.09656,60,,,,,0,percent of total billed charges,60 percent of billed charges; No services were performed during the 15 month look back period.,4.34,,,,,,,Fee Schedule,100% ASP Fee Schedule.,19.09656,60,,,,,0,percent of total billed charges,60 percent of billed charges; No services were performed during the 15 month look back period.,4.34,,,,,,,Fee Schedule,100% ASP Fee Schedule.,19.09656,60,,,,,0,percent of total billed charges,60 percent of billed charges; No services were performed during the 15 month look back period.,19.09656,60,,,,,0,percent of total billed charges,60 percent of billed charges; No services were performed during the 15 month look back period.,19.09656,60,,,,,0,percent of total billed charges,60 percent of billed charges; No services were performed during the 15 month look back period.,4.34,,,,,,,Fee Schedule,100% ASP Fee Schedule.,,,,,,,,Other,100 Percent of Medicaid APG.,4.34,,,,,,,Fee Schedule,100% ASP Fee Schedule.,19.09656,60,,,,,0,percent of total billed charges,60 percent of billed charges; No services were performed during the 15 month look back period.,,,,,,,,Fee Schedule,100 % Zero Pay Code.,,,,,,,,Other,100 Percent of Medicaid APG.,20.68794,65,,,,,0,percent of total billed charges,65 percent of billed charges; No services were performed during the 15 month look back period.,,,,,,,,,,,,,,,,,,,20.68794,65,,,,,0,percent of total billed charges,65 percent of billed charges; No services were performed during the 15 month look back period.,20.68794,65,,,,,0,percent of total billed charges,65 percent of billed charges; No services were performed during the 15 month look back period.,20.68794,65,,,,,0,percent of total billed charges,65 percent of billed charges; No services were performed during the 15 month look back period.,,,,,,,,Fee Schedule,100 % Zero Pay Code.,20.68794,65,,,,,0,percent of total billed charges,65 percent of billed charges; No services were performed during the 15 month look back period.,20.68794,65,,,,,0,percent of total billed charges,65 percent of billed charges; No services were performed during the 15 month look back period.,20.68794,65,,,,,0,percent of total billed charges,65 percent of billed charges; No services were performed during the 15 month look back period.,14.22,,,,,,,Fee Schedule,383 % Medicare ASP.,14.22,,,,,,,Fee Schedule,383 % Medicare ASP.,6.13,,,,,,,Fee Schedule,141 Percent of of ASP. Drugs billed with revenue code 636 and not priced by Medicare ASP fee schedule will be reimburse at 20 percent of charges,,,,,,,,Other,100 Percent of Medicaid APG.,,,,,,,,Fee Schedule,100 % Zero Pay Code.,19.09656,60,,,,,0,percent of total billed charges,60 percent of billed charges; No services were performed during the 15 month look back period.,19.09656,60,,,,,0,percent of total billed charges,60 percent of billed charges; No services were performed during the 15 month look back period.,,,,,,,,Fee Schedule,100 % Zero Pay Code.,19.09656,60,,,,,0,percent of total billed charges,60 percent of billed charges; No services were performed during the 15 month look back period.,,,,,,,,Fee Schedule,100 % Zero Pay Code.,20.68794,65,,,,,0,percent of total billed charges,65 percent of billed charges; No services were performed during the 15 month look back period.,20.68794,65,,,,,0,percent of total billed charges,65 percent of billed charges; No services were performed during the 15 month look back period.,20.68794,65,,,,,0,percent of total billed charges,65 percent of billed charges; No services were performed during the 15 month look back period.,20.68794,65,,,,,0,percent of total billed charges,65 percent of billed charges; No services were performed during the 15 month look back period.,4.34,,,,,,,Fee Schedule,100% ASP Fee Schedule.,0.318276,63.6552,
J9171,HCPCS,5010003,LOCAL,636,RC,DOCETAXEL INJECTION,8.05644,1.530724,Outpatient,ME,1,,0.61,,,,,,,Fee Schedule,"100 % 1199 Fee Schedule. ",0.61,,,,,,,Fee Schedule,"100 % 1199 Fee Schedule. ",4.833864,60,,,,,0,percent of total billed charges,60 percent of billed charges; No services were performed during the 15 month look back period.,8.05644,100,,,,,0,percent of total billed charges,100 percent of billed charges; No services were performed during the 15 month look back period.,,,,,,,,Other,"Not Payable. ",4.833864,60,,,,,0,percent of total billed charges,60 percent of billed charges; No services were performed during the 15 month look back period.,4.833864,60,,201.76,60.77,332.82,63,percent of total billed charges,60 percent of billed charges,4.833864,60,,270.9,270.9,270.9,1 through 10,percent of total billed charges,60 percent of billed charges,,,,,,,,Other,"100 Percent of Medicaid APG. ",,,,,,,,Other,"100 Percent of Medicaid APG. ",6.284023,78,,,,,0,percent of total billed charges,78% of Billed Charges. Lesser of 100% of billed charges applies.; No services were performed during the 15 month look back period.,,,,,,,,Fee Schedule,"100 % Zero Pay Code. ",,,,,,,,Other,"100 Percent of Medicaid APG. ",,,,,,,,Other,"Not Payable. ",2.416932,30,,,,,0,percent of total billed charges,30 percent of billed charges; No services were performed during the 15 month look back period.,2.416932,30,,,,,0,percent of total billed charges,30 percent of billed charges; No services were performed during the 15 month look back period.,2.416932,30,,,,,0,percent of total billed charges,30 percent of billed charges; No services were performed during the 15 month look back period.,2.416932,30,,,,,0,percent of total billed charges,30 percent of billed charges; No services were performed during the 15 month look back period.,2.76,,,,,,,Fee schedule,"115 Percent of AWP Fee Schedule. ",,,,,,,,Other,"Not Payable. ",2.76,,,,,,,Fee schedule,"115 Percent of AWP Fee Schedule. ",6.284023,78,,,,,0,percent of total billed charges,78% of Billed Charges. Lesser of 100% of billed charges applies.; No services were performed during the 15 month look back period.,4.833864,60,,,,,0,percent of total billed charges,60 percent of billed charges; No services were performed during the 15 month look back period.,,,,,,,,Other,"Not Payable. ",5.881201,73,,,,,0,percent of total billed charges,73 percent of billed charges; No services were performed during the 15 month look back period.,,,,,,,,Other,"Not Payable. ",,,,,,,,Other,"Not Payable. ",6.284023,78,,,,,0,percent of total billed charges,78% of Billed Charges. Lesser of 100% of billed charges applies.; No services were performed during the 15 month look back period.,0.379,,,,,,,Fee Schedule,100 Percent of ASP if not priced then 95 Percent of AWP. Lesser of 100% of billed charges applies.,0.379,,,,,,,Fee Schedule,100 Percent of ASP if not priced then 95 Percent of AWP. Lesser of 100% of billed charges applies.,0.47375,,,,,,,Fee schedule,"125 Percent of ASP. ",0.47375,,,,,,,Fee schedule,"125 Percent of ASP. ",5.881201,73,,,,,0,percent of total billed charges,73 percent of billed charges; No services were performed during the 15 month look back period.,5.881201,73,,,,,0,percent of total billed charges,73 percent of billed charges; No services were performed during the 15 month look back period.,,,,,,,,Other,"100 Percent of Medicaid APG. Not APG payable, or payable under another fee schedule like ASP/AWP pays at 30% of charges",5.881201,73,,,,,0,percent of total billed charges,73 percent of billed charges; No services were performed during the 15 month look back period.,,,,,,,,Other,"100 Percent of Medicaid APG. Not APG payable, or payable under another fee schedule like ASP/AWP pays at 30% of charges",,,,,,,,Other,"Not Payable. ",5.881201,73,,,,,0,percent of total billed charges,73 percent of billed charges; No services were performed during the 15 month look back period.,6.284023,78,,,,,0,percent of total billed charges,78% of Billed Charges. Lesser of 100% of billed charges applies.; No services were performed during the 15 month look back period.,,,,,,,,Other,"106 percent of Average Sales Price.. Drugs not priced under APG, billed with revenue code 636 and not priced by Medicare ASP FeeSched will be reimbursed at 20% of charges.",,,,,,,,Other,"106 percent of Average Sales Price.. Drugs not priced under APG, billed with revenue code 636 and not priced by Medicare ASP FeeSched will be reimbursed at 20% of charges.",6.284023,78,,,,,0,percent of total billed charges,78% of Billed Charges. Lesser of 100% of billed charges applies.; No services were performed during the 15 month look back period.,2.416932,30,,,,,0,percent of total billed charges,30 percent of billed charges; No services were performed during the 15 month look back period.,,,,,,,,Fee Schedule,"100 % Zero Pay Code. ",,,,,,,,Fee Schedule,"100 % Zero Pay Code. ",6.284023,78,,,,,0,percent of total billed charges,78% of Billed Charges. Lesser of 100% of billed charges applies.; No services were performed during the 15 month look back period.,,,,,,,,Other,"Not Payable. ",,,,,,,,Fee Schedule,"100 % Zero Pay Code. ",,,,,,,,Fee Schedule,"100 % Zero Pay Code. ",,,,,,,,Fee Schedule,"100 % Zero Pay Code. ",,,,,,,,Other,"Not Payable. ",,,,,,,,Fee Schedule,"100 % Zero Pay Code. ",,,,,,,,Fee Schedule,"100 % Zero Pay Code. ",,,,,,,,Other,"Not Payable. ",4.02822,50,,,,,0,percent of total billed charges,50 percent of billed charges; No services were performed during the 15 month look back period.,3.625398,45,,101.18,101.18,127.68,12,percent of total billed charges,45 percent of billed charges,3.625398,45,,146.86,146.86,1271.25,1 through 10,percent of total billed charges,45 percent of billed charges,3.625398,45,,149.47,149.47,149.47,1 through 10,percent of total billed charges,45 percent of billed charges,3.625398,45,,,,,0,percent of total billed charges,45 percent of billed charges; No services were performed during the 15 month look back period.,3.625398,45,,110.01,110.01,144.74,1 through 10,percent of total billed charges,45 percent of billed charges,3.625398,45,,119.65,100.8,917.71,95,percent of total billed charges,45 percent of billed charges,,,,,,,,Other,"Not Payable. ",,,,,,,,Other,"Not Payable. ",3.625398,45,,,,,0,percent of total billed charges,45 percent of billed charges; No services were performed during the 15 month look back period.,6.284023,78,,,,,0,percent of total billed charges,78% of Billed Charges. Lesser of 100% of billed charges applies.; No services were performed during the 15 month look back period.,6.284023,78,,,,,0,percent of total billed charges,78% of Billed Charges. Lesser of 100% of billed charges applies.; No services were performed during the 15 month look back period.,6.284023,78,,,,,0,percent of total billed charges,78% of Billed Charges. Lesser of 100% of billed charges applies.; No services were performed during the 15 month look back period.,6.284023,78,,,,,0,percent of total billed charges,78% of Billed Charges. Lesser of 100% of billed charges applies.; No services were performed during the 15 month look back period.,6.284023,78,,,,,0,percent of total billed charges,78% of Billed Charges. Lesser of 100% of billed charges applies.; No services were performed during the 15 month look back period.,6.284023,78,,,,,0,percent of total billed charges,78% of Billed Charges. Lesser of 100% of billed charges applies.; No services were performed during the 15 month look back period.,6.284023,78,,,,,0,percent of total billed charges,78% of Billed Charges. Lesser of 100% of billed charges applies.; No services were performed during the 15 month look back period.,6.284023,78,,,,,0,percent of total billed charges,78% of Billed Charges. Lesser of 100% of billed charges applies.; No services were performed during the 15 month look back period.,6.284023,78,,,,,0,percent of total billed charges,78% of Billed Charges. Lesser of 100% of billed charges applies.; No services were performed during the 15 month look back period.,6.284023,78,,,,,0,percent of total billed charges,78% of Billed Charges. Lesser of 100% of billed charges applies.; No services were performed during the 15 month look back period.,6.284023,78,,,,,0,percent of total billed charges,78% of Billed Charges. Lesser of 100% of billed charges applies.; No services were performed during the 15 month look back period.,6.284023,78,,,,,0,percent of total billed charges,78% of Billed Charges. Lesser of 100% of billed charges applies.; No services were performed during the 15 month look back period.,6.284023,78,,,,,0,percent of total billed charges,78% of Billed Charges. Lesser of 100% of billed charges applies.; No services were performed during the 15 month look back period.,6.284023,78,,,,,0,percent of total billed charges,78% of Billed Charges. Lesser of 100% of billed charges applies.; No services were performed during the 15 month look back period.,6.284023,78,,,,,0,percent of total billed charges,78% of Billed Charges. Lesser of 100% of billed charges applies.; No services were performed during the 15 month look back period.,6.284023,78,,,,,0,percent of total billed charges,78% of Billed Charges. Lesser of 100% of billed charges applies.; No services were performed during the 15 month look back period.,6.284023,78,,,,,0,percent of total billed charges,78% of Billed Charges. Lesser of 100% of billed charges applies.; No services were performed during the 15 month look back period.,6.284023,78,,,,,0,percent of total billed charges,78% of Billed Charges. Lesser of 100% of billed charges applies.; No services were performed during the 15 month look back period.,6.284023,78,,,,,0,percent of total billed charges,78% of Billed Charges. Lesser of 100% of billed charges applies.; No services were performed during the 15 month look back period.,6.284023,78,,,,,0,percent of total billed charges,78% of Billed Charges. Lesser of 100% of billed charges applies.; No services were performed during the 15 month look back period.,6.284023,78,,,,,0,percent of total billed charges,78% of Billed Charges. Lesser of 100% of billed charges applies.; No services were performed during the 15 month look back period.,6.284023,78,,,,,0,percent of total billed charges,78% of Billed Charges. Lesser of 100% of billed charges applies.; No services were performed during the 15 month look back period.,6.284023,78,,,,,0,percent of total billed charges,78% of Billed Charges. Lesser of 100% of billed charges applies.; No services were performed during the 15 month look back period.,6.284023,78,,,,,0,percent of total billed charges,78% of Billed Charges. Lesser of 100% of billed charges applies.; No services were performed during the 15 month look back period.,6.284023,78,,,,,0,percent of total billed charges,78% of Billed Charges. Lesser of 100% of billed charges applies.; No services were performed during the 15 month look back period.,6.284023,78,,,,,0,percent of total billed charges,78% of Billed Charges. Lesser of 100% of billed charges applies.; No services were performed during the 15 month look back period.,5.881201,73,,,,,0,percent of total billed charges,73 percent of billed charges; No services were performed during the 15 month look back period.,5.881201,73,,,,,0,percent of total billed charges,73 percent of billed charges; No services were performed during the 15 month look back period.,5.881201,73,,,,,0,percent of total billed charges,73 percent of billed charges; No services were performed during the 15 month look back period.,5.881201,73,,,,,0,percent of total billed charges,73 percent of billed charges; No services were performed during the 15 month look back period.,6.445152,80,,,,,0,percent of total billed charges,80 percent of billed charges; No services were performed during the 15 month look back period.,6.445152,80,,917.71,917.71,917.71,1 through 10,percent of total billed charges,80 percent of billed charges,2.416932,30,,,,,0,percent of total billed charges,30 percent of billed charges; No services were performed during the 15 month look back period.,3.625398,45,,,,,0,percent of total billed charges,45 percent of billed charges; No services were performed during the 15 month look back period.,,,,,,,,Fee Schedule,"100 % Zero Pay Code. ",3.625398,45,,,,,0,percent of total billed charges,45 percent of billed charges; No services were performed during the 15 month look back period.,6.284023,78,,,,,0,percent of total billed charges,78% of Billed Charges. Lesser of 100% of billed charges applies.; No services were performed during the 15 month look back period.,6.445152,80,,,,,0,percent of total billed charges,80 percent of billed charges; No services were performed during the 15 month look back period.,3.625398,45,,,,,0,percent of total billed charges,45 percent of billed charges; No services were performed during the 15 month look back period.,,,,,,,,Fee Schedule,"100 % Zero Pay Code. ",2.416932,30,,,,,0,percent of total billed charges,30 percent of billed charges; No services were performed during the 15 month look back period.,,,,,,,,,"NA. ",6.284023,78,,,,,0,percent of total billed charges,78% of Billed Charges. Lesser of 100% of billed charges applies.; No services were performed during the 15 month look back period.,,,,,,,,Other,"100 Percent of Medicaid APG. ",5.881201,73,,1083.2,1083.2,1083.2,1 through 10,percent of total billed charges,73 percent of billed charges,,,,,,,,Other,"100 Percent of Medicaid APG. Not APG payable, or payable under another fee schedule like ASP/AWP pays at 30% of charges",,,,,,,,Other,"Not Payable. ",,,,,,,,Other,"Not Payable. ",4.02822,50,,,,,0,percent of total billed charges,50 percent of billed charges; No services were performed during the 15 month look back period.,,,,,,,,Other,"Not Payable. ",,,,,,,,Other,"Not Payable. ",,,,,,,,Other,"100 Percent of Medicaid APG. ",,,,,,,,Other,"Not Payable. ",,,,,,,,Other,"Not Payable. ",4.833864,60,,,,,0,percent of total billed charges,60 percent of billed charges; No services were performed during the 15 month look back period.,4.833864,60,,,,,0,percent of total billed charges,60 percent of billed charges; No services were performed during the 15 month look back period.,,,,,,,,Other,"Not Payable. ",2.416932,30,,,,,0,percent of total billed charges,30 percent of billed charges; No services were performed during the 15 month look back period.,,,,,,,,Fee Schedule,"100 % Zero Pay Code. ",,,,,,,,Fee Schedule,"100 % Zero Pay Code. ",,,,,,,,Other,"Not Payable. ",2.416932,30,,174,66.23,323.26,75,percent of total billed charges,30 percent of billed charges,4.833864,60,,,,,0,percent of total billed charges,60 percent of billed charges; No services were performed during the 15 month look back period.,4.833864,60,,263.16,185.29,1023.02,34,percent of total billed charges,60 percent of billed charges,4.833864,60,,,,,0,percent of total billed charges,60 percent of billed charges; No services were performed during the 15 month look back period.,6.284023,78,,,,,0,percent of total billed charges,78% of Billed Charges. Lesser of 100% of billed charges applies.; No services were performed during the 15 month look back period.,6.284023,78,,,,,0,percent of total billed charges,78% of Billed Charges. Lesser of 100% of billed charges applies.; No services were performed during the 15 month look back period.,6.284023,78,,,,,0,percent of total billed charges,78% of Billed Charges. Lesser of 100% of billed charges applies.; No services were performed during the 15 month look back period.,6.284023,78,,,,,0,percent of total billed charges,78% of Billed Charges. Lesser of 100% of billed charges applies.; No services were performed during the 15 month look back period.,6.284023,78,,,,,0,percent of total billed charges,78% of Billed Charges. Lesser of 100% of billed charges applies.; No services were performed during the 15 month look back period.,6.284023,78,,,,,0,percent of total billed charges,78% of Billed Charges. Lesser of 100% of billed charges applies.; No services were performed during the 15 month look back period.,6.284023,78,,,,,0,percent of total billed charges,78% of Billed Charges. Lesser of 100% of billed charges applies.; No services were performed during the 15 month look back period.,6.284023,78,,,,,0,percent of total billed charges,78% of Billed Charges. Lesser of 100% of billed charges applies.; No services were performed during the 15 month look back period.,6.284023,78,,,,,0,percent of total billed charges,78% of Billed Charges. Lesser of 100% of billed charges applies.; No services were performed during the 15 month look back period.,6.284023,78,,,,,0,percent of total billed charges,78% of Billed Charges. Lesser of 100% of billed charges applies.; No services were performed during the 15 month look back period.,6.284023,78,,,,,0,percent of total billed charges,78% of Billed Charges. Lesser of 100% of billed charges applies.; No services were performed during the 15 month look back period.,6.445152,80,,917.71,278.32,985.41,1 through 10,percent of total billed charges,80 percent of billed charges,3.625398,45,,137.17,98.77,1090.72,279,percent of total billed charges,45 percent of billed charges,2.416932,30,,,,,0,percent of total billed charges,30 percent of billed charges; No services were performed during the 15 month look back period.,,,,,,,,Other,"Not Payable. ",4.833864,60,,,,,0,percent of total billed charges,60 percent of billed charges; No services were performed during the 15 month look back period.,2.416932,30,,,,,0,percent of total billed charges,30 percent of billed charges; No services were performed during the 15 month look back period.,2.416932,30,,91.38,81.59,91.38,1 through 10,percent of total billed charges,30 percent of billed charges,6.284023,78,,,,,0,percent of total billed charges,78% of Billed Charges. Lesser of 100% of billed charges applies.; No services were performed during the 15 month look back period.,,,,,,,,Other,"141 percent of Average Sales Price.. Drugs not priced under APG, billed with revenue code 636 and not priced by Medicare ASP FeeSched will be reimbursed at 20% of charges.",2.416932,30,,,,,0,percent of total billed charges,30 percent of billed charges; No services were performed during the 15 month look back period.,,,,,,,,Other,"100 Percent of Medicaid APG. ",,,,,,,,Other,"Not Payable. ",,,,,,,,Other,"Not Payable. ",,,,,,,,Other,"Not Payable. ",,,,,,,,Other,"Not Payable. ",,,,,,,,Other,"Not Payable. ",,,,,,,,Other,"Not Payable. ",2.416932,30,,,,,0,percent of total billed charges,30 percent of billed charges; No services were performed during the 15 month look back period.,4.02822,50,,,,,0,percent of total billed charges,50 percent of billed charges; No services were performed during the 15 month look back period.,3.78,,,,,,,Fee Schedule,"157.5 Percent of AWP Fee Schedule. ",3.78,,,,,,,Fee Schedule,"157.5 Percent of AWP Fee Schedule. ",3.78,,,,,,,Fee Schedule,"157.5 Percent of AWP Fee Schedule. ",3.78,,,,,,,Fee Schedule,"157.5 Percent of AWP Fee Schedule. ",3.78,,,,,,,Fee Schedule,"157.5 Percent of AWP Fee Schedule. ",,,,,,,,,"NA. ",4.02822,50,,,,,0,percent of total billed charges,50 percent of billed charges; No services were performed during the 15 month look back period.,,,,,,,,Fee Schedule,"Not Payable. ",,,,,,,,Fee Schedule,"Not Payable. ",,,,,,,,Fee Schedule,"Not Payable. ",,,,,,,,Fee Schedule,"Not Payable. ",,,,,,,,Fee Schedule,"Not Payable. ",,,,,,,,Other,"Not Payable. ",6.445152,80,,,,,0,percent of total billed charges,80 percent of billed charges; No services were performed during the 15 month look back period.,6.445152,80,,,,,0,percent of total billed charges,80 percent of billed charges; No services were performed during the 15 month look back period.,6.445152,80,,,,,0,percent of total billed charges,80 percent of billed charges; No services were performed during the 15 month look back period.,6.445152,80,,,,,0,percent of total billed charges,80 percent of billed charges; No services were performed during the 15 month look back period.,4.833864,60,,,,,0,percent of total billed charges,60 percent of billed charges; No services were performed during the 15 month look back period.,4.833864,60,,,,,0,percent of total billed charges,60 percent of billed charges; No services were performed during the 15 month look back period.,4.833864,60,,,,,0,percent of total billed charges,60 percent of billed charges; No services were performed during the 15 month look back period.,4.833864,60,,,,,0,percent of total billed charges,60 percent of billed charges; No services were performed during the 15 month look back period.,4.02822,50,,,,,0,percent of total billed charges,50 percent of billed charges; No services were performed during the 15 month look back period.,4.02822,50,,,,,0,percent of total billed charges,50 percent of billed charges; No services were performed during the 15 month look back period.,,,,,,,,Other,"Not Payable. ",,,,,,,,Other,"Not Payable. ",,,,,,,,Other,"Not Payable. ",3.625398,45,,,,,0,percent of total billed charges,45 percent of billed charges; No services were performed during the 15 month look back period.,3.625398,45,,,,,0,percent of total billed charges,45 percent of billed charges; No services were performed during the 15 month look back period.,3.625398,45,,,,,0,percent of total billed charges,45 percent of billed charges; No services were performed during the 15 month look back period.,4.02822,50,,,,,0,percent of total billed charges,50 percent of billed charges; No services were performed during the 15 month look back period.,4.833864,60,,,,,0,percent of total billed charges,60 percent of billed charges; No services were performed during the 15 month look back period.,,,,,,,,Other,"Not Payable. ",3.625398,45,,,,,0,percent of total billed charges,45 percent of billed charges; No services were performed during the 15 month look back period.,,,,,,,,Other,"100 Percent of Medicaid APG. ",,,,,,,,Other,"Not Payable. ",,,,,,,,Other,"Not Payable. ",,,,,,,,Other,"Not Payable. ",0.47375,,,,,,,Fee schedule,"125 Percent of ASP. ",0.080564,1,,,,,0,percent of total billed charges,Approximating Cost. Lesser of 100% of billed charges applies.; No services were performed during the 15 month look back period.,0.080564,1,,,,,0,percent of total billed charges,Approximating Cost. Lesser of 100% of billed charges applies.; No services were performed during the 15 month look back period.,0.080564,1,,,,,0,percent of total billed charges,Approximating Cost. Lesser of 100% of billed charges applies.; No services were performed during the 15 month look back period.,0.080564,1,,,,,0,percent of total billed charges,Approximating Cost. Lesser of 100% of billed charges applies.; No services were performed during the 15 month look back period.,0.080564,1,,,,,0,percent of total billed charges,Approximating Cost. Lesser of 100% of billed charges applies.; No services were performed during the 15 month look back period.,,,,,,,,Other,"Not Payable. ",,,,,,,,Other,"100 Percent of Medicaid APG. ",0.379,,,,,,,Fee Schedule,100 Percent of ASP if not priced then 95 Percent of AWP. Lesser of 100% of billed charges applies.,0.080564,1,,,,,0,percent of total billed charges,Approximating Cost. Lesser of 100% of billed charges applies.; No services were performed during the 15 month look back period.,0.080564,1,,,,,0,percent of total billed charges,Approximating Cost. Lesser of 100% of billed charges applies.; No services were performed during the 15 month look back period.,0.379,,,,,,,Fee Schedule,100 Percent of ASP if not priced then 95 Percent of AWP. Lesser of 100% of billed charges applies.,0.379,,,,,,,Fee Schedule,100 Percent of ASP if not priced then 95 Percent of AWP. Lesser of 100% of billed charges applies.,3.78,,,,,,,Fee Schedule,"157.5 Percent of AWP Fee Schedule. ",,,,,,,,Other,"Not Payable. ",,,,,,,,Other,"Not Payable. ",4.833864,60,,,,,0,percent of total billed charges,60 percent of billed charges; No services were performed during the 15 month look back period.,,,,,,,,Other,"Not Payable. ",0.47375,,,,,,,Fee Schedule,"125 Percent of ASP. ",0.47375,,,,,,,Fee Schedule,"125 Percent of ASP. ",0.47375,,,,,,,Fee schedule,"125 Percent of ASP. ",0.47375,,,,,,,Fee schedule,"125 Percent of ASP. ",2.76,,,,,,,Fee Schedule,"115 Percent of AWP. ",2.76,,,,,,,Fee schedule,"115 Percent of AWP Fee Schedule. ",,,,,,,,Other,"100 Percent of Medicaid APG. ",,,,,,,,Other,"100 Percent of Medicaid APG. ",,,,,,,,Other,"100 Percent of Medicaid APG. ",,,,,,,,Other,"100 Percent of Medicaid APG. ",3.625398,45,,399.38,399.38,399.38,1 through 10,percent of total billed charges,45 percent of billed charges,4.02822,50,,,,,0,percent of total billed charges,50 percent of billed charges; No services were performed during the 15 month look back period.,,,,,,,,Other,"120 Percent of Medicaid APG. Not APG payable, or payable under another fee schedule like ASP/AWP pays at 30% of charges",,,,,,,,Other,"120 Percent of Medicaid APG. Not APG payable, or payable under another fee schedule like ASP/AWP pays at 30% of charges",,,,,,,,Other,"100 Percent of Medicaid APG. Not APG payable, or payable under another fee schedule like ASP/AWP pays at 30% of charges",,,,,,,,Other,"100 Percent of Medicaid APG. Not APG payable, or payable under another fee schedule like ASP/AWP pays at 30% of charges",3.625398,45,,125.27,125.27,1173.46,1 through 10,percent of total billed charges,45 percent of billed charges,3.625398,45,,,,,0,percent of total billed charges,45 percent of billed charges; No services were performed during the 15 month look back period.,,,,,,,,Other,"Not Payable. ",3.625398,45,,32.15,32.15,278.32,14,percent of total billed charges,45 percent of billed charges,3.625398,45,,112.1,29.71,278.32,106,percent of total billed charges,45 percent of billed charges,3.625398,45,,,,,0,percent of total billed charges,45 percent of billed charges; No services were performed during the 15 month look back period.,3.625398,45,,,,,0,percent of total billed charges,45 percent of billed charges; No services were performed during the 15 month look back period.,,,,,,,,Other,"Not Payable. ",3.625398,45,,,,,0,percent of total billed charges,45 percent of billed charges; No services were performed during the 15 month look back period.,3.625398,45,,,,,0,percent of total billed charges,45 percent of billed charges; No services were performed during the 15 month look back period.,4.833864,60,,,,,0,percent of total billed charges,60 percent of billed charges; No services were performed during the 15 month look back period.,0.39795,,,,,,,Fee Schedule,105% of ASP. Lesser of 100% of billed charges applies.,2.76,,,,,,,Fee schedule,"115 Percent of AWP Fee Schedule. ",0.080564,1,,,,,0,percent of total billed charges,Approximating Cost. Lesser of 100% of billed charges applies.; No services were performed during the 15 month look back period.,2.76,,,,,,,Fee Schedule,"115 Percent of AWP. ",2.76,,,,,,,Fee schedule,"115 Percent of AWP Fee Schedule. ",0.080564,1,,,,,0,percent of total billed charges,Approximating Cost. Lesser of 100% of billed charges applies.; No services were performed during the 15 month look back period.,0.080564,1,,,,,0,percent of total billed charges,Approximating Cost. Lesser of 100% of billed charges applies.; No services were performed during the 15 month look back period.,0.080564,1,,,,,0,percent of total billed charges,Approximating Cost. Lesser of 100% of billed charges applies.; No services were performed during the 15 month look back period.,0.080564,1,,,,,0,percent of total billed charges,Approximating Cost. Lesser of 100% of billed charges applies.; No services were performed during the 15 month look back period.,0.080564,1,,,,,0,percent of total billed charges,Approximating Cost. Lesser of 100% of billed charges applies.; No services were performed during the 15 month look back period.,0.080564,1,,,,,0,percent of total billed charges,Approximating Cost. Lesser of 100% of billed charges applies.; No services were performed during the 15 month look back period.,,,,,,,,,"NA. ",,,,,,,,,"NA. ",,,,,,,,,"NA. ",2.416932,30,,,,,0,percent of total billed charges,30 percent of billed charges; No services were performed during the 15 month look back period.,,,,,,,,,"NA. ",,,,,,,,Other,"Not Payable. ",0.61,,,,,,,Fee Schedule,"100 % 1199 Fee Schedule. ",,,,,,,,Other,"Not Payable. ",,,,,,,,Other,"Not Payable. ",,,,,,,,Other,"120 Percent of Medicaid APG. Not APG payable, or payable under another fee schedule like ASP/AWP pays at 30% of charges",,,,,,,,Other,"120 Percent of Medicaid APG. Not APG payable, or payable under another fee schedule like ASP/AWP pays at 30% of charges",,,,,,,,Other,"100 Percent of Medicaid APG. Not APG payable, or payable under another fee schedule like ASP/AWP pays at 30% of charges",,,,,,,,Other,"100 Percent of Medicaid APG. Not APG payable, or payable under another fee schedule like ASP/AWP pays at 30% of charges",,,,,,,,Other,"100 Percent of Medicaid APG. ",5.881201,73,,,,,0,percent of total billed charges,73 percent of billed charges; No services were performed during the 15 month look back period.,4.833864,60,,,,,0,percent of total billed charges,60 percent of billed charges; No services were performed during the 15 month look back period.,5.881201,73,,,,,0,percent of total billed charges,73 percent of billed charges; No services were performed during the 15 month look back period.,2.416932,30,,,,,0,percent of total billed charges,30 percent of billed charges; No services were performed during the 15 month look back period.,,,,,,,,Other,"Not Payable. ",,,,,,,,Other,"Not Payable. ",,,,,,,,Other,"Not Payable. ",,,,,,,,Other,"Not Payable. ",,,,,,,,Other,"Not Payable. ",,,,,,,,Other,"Not Payable. ",,,,,,,,,"NA. ",0.080564,1,,661.95,571.44,895.14,13,percent of total billed charges,Approximating Cost. Lesser of 100% of billed charges applies.,0.379,,,,,,,Fee Schedule,100 Percent of ASP if not priced then 95 Percent of AWP. Lesser of 100% of billed charges applies.,3.625398,45,,,,,0,percent of total billed charges,45 percent of billed charges; No services were performed during the 15 month look back period.,5.881201,73,,,,,0,percent of total billed charges,73 percent of billed charges; No services were performed during the 15 month look back period.,5.881201,73,,,,,0,percent of total billed charges,73 percent of billed charges; No services were performed during the 15 month look back period.,5.881201,73,,,,,0,percent of total billed charges,73 percent of billed charges; No services were performed during the 15 month look back period.,5.881201,73,,,,,0,percent of total billed charges,73 percent of billed charges; No services were performed during the 15 month look back period.,,,,,,,,Other,"Not Payable. ",,,,,,,,Other,"100 Percent of Medicaid APG. ",3.625398,45,,,,,0,percent of total billed charges,45 percent of billed charges; No services were performed during the 15 month look back period.,,,,,,,,Other,"100 Percent of Medicaid APG. ",,,,,,,,Other,"Not Payable. ",,,,,,,,Other,"100 Percent of Medicaid APG. ",,,,,,,,Other,"Not Payable. ",,,,,,,,Other,"Not Payable. ",,,,,,,,Other,"100 Percent of Medicaid APG. ",,,,,,,,Other,"100 Percent of Medicaid APG. ",5.881201,73,,,,,0,percent of total billed charges,73 percent of billed charges; No services were performed during the 15 month look back period.,2.416932,30,,,,,0,percent of total billed charges,30 percent of billed charges; No services were performed during the 15 month look back period.,6.284023,78,,,,,0,percent of total billed charges,78% of Billed Charges. Lesser of 100% of billed charges applies.; No services were performed during the 15 month look back period.,,,,,,,,Fee Schedule,"100 % Zero Pay Code. ",,,,,,,,Fee Schedule,"100 % Zero Pay Code. ",4.833864,60,,,,,0,percent of total billed charges,60 percent of billed charges; No services were performed during the 15 month look back period.,,,,,,,,Other,"Not Payable. ",6.445152,80,,,,,0,percent of total billed charges,80 percent of billed charges; No services were performed during the 15 month look back period.,6.445152,80,,,,,0,percent of total billed charges,80 percent of billed charges; No services were performed during the 15 month look back period.,2.900318,36,,,,,0,percent of total billed charges,36 percent of billed charges; No services were performed during the 15 month look back period.,2.900318,36,,,,,0,percent of total billed charges,36 percent of billed charges; No services were performed during the 15 month look back period.,,,,,,,,Other,"Not Payable. ",,,,,,,,Other,"Not Payable. ",,,,,,,,Other,"Not Payable. ",,,,,,,,Other,"Not Payable. ",,,,,,,,Fee Schedule,"100 % Zero Pay Code. ",3.625398,45,,121.66,112.42,132.44,1 through 10,percent of total billed charges,45 percent of billed charges,3.625398,45,,,,,0,percent of total billed charges,45 percent of billed charges; No services were performed during the 15 month look back period.,,,,,,,,Other,"Not Payable. ",2.900318,36,,,,,0,percent of total billed charges,36 percent of billed charges; No services were performed during the 15 month look back period.,5.881201,73,,,,,0,percent of total billed charges,73 percent of billed charges; No services were performed during the 15 month look back period.,,,,,,,,Fee Schedule,"120 Percent of Medicaid APG. ",,,,,,,,Other,"100 Percent of Medicaid APG. ",5.881201,73,,,,,0,percent of total billed charges,73 percent of billed charges; No services were performed during the 15 month look back period.,3.262858,40.5,,112.57,89.87,119.65,1 through 10,percent of total billed charges,40.5 percent of billed charges,3.262858,40.5,,104.06,95.56,119.65,12,percent of total billed charges,40.5 percent of billed charges,3.625398,45,,,,,0,percent of total billed charges,45 percent of billed charges; No services were performed during the 15 month look back period.,4.02822,50,,,,,0,percent of total billed charges,50 percent of billed charges; No services were performed during the 15 month look back period.,,,,,,,,Other,"Not Payable. ",,,,,,,,Fee Schedule,"Not payable. ",,,,,,,,Fee Schedule,"Not payable. ",,,,,,,,Fee Schedule,"Not payable. ",,,,,,,,Fee Schedule,"Not payable. ",,,,,,,,Fee Schedule,"100 % Zero Pay Code. ",,,,,,,,Fee Schedule,"Not payable. ",,,,,,,,Fee Schedule,"Not payable. ",,,,,,,,Fee Schedule,"Not payable. ",,,,,,,,Fee Schedule,"Not payable. ",,,,,,,,Fee Schedule,"Not payable. ",,,,,,,,Fee Schedule,"Not payable. ",,,,,,,,Fee Schedule,"Not payable. ",,,,,,,,Other,"Not Payable. ",,,,,,,,Fee Schedule,"100 % Zero Pay Code. ",,,,,,,,Other,"Not Payable. ",,,,,,,,Fee Schedule,"Not payable. ",3.625398,45,,,,,0,percent of total billed charges,45 percent of billed charges; No services were performed during the 15 month look back period.,,,,,,,,Other,"Not Payable. ",3.625398,45,,,,,0,percent of total billed charges,45 percent of billed charges; No services were performed during the 15 month look back period.,3.625398,45,,,,,0,percent of total billed charges,45 percent of billed charges; No services were performed during the 15 month look back period.,3.625398,45,,,,,0,percent of total billed charges,45 percent of billed charges; No services were performed during the 15 month look back period.,,,,,,,,Fee Schedule,"Not payable. ",,,,,,,,Other,"Not Payable. ",3.625398,45,,,,,0,percent of total billed charges,45 percent of billed charges; No services were performed during the 15 month look back period.,,,,,,,,Fee Schedule,"Not payable. ",3.625398,45,,,,,0,percent of total billed charges,45 percent of billed charges; No services were performed during the 15 month look back period.,2.416932,30,,,,,0,percent of total billed charges,30% of Charges. ; No services were performed during the 15 month look back period.,,,,,,,,Other,"Not Payable. ",5.881201,73,,,,,0,percent of total billed charges,73 percent of billed charges; No services were performed during the 15 month look back period.,5.881201,73,,,,,0,percent of total billed charges,73 percent of billed charges; No services were performed during the 15 month look back period.,5.881201,73,,,,,0,percent of total billed charges,73 percent of billed charges; No services were performed during the 15 month look back period.,5.881201,73,,,,,0,percent of total billed charges,73 percent of billed charges; No services were performed during the 15 month look back period.,5.881201,73,,,,,0,percent of total billed charges,73 percent of billed charges; No services were performed during the 15 month look back period.,5.881201,73,,,,,0,percent of total billed charges,73 percent of billed charges; No services were performed during the 15 month look back period.,5.881201,73,,,,,0,percent of total billed charges,73 percent of billed charges; No services were performed during the 15 month look back period.,5.881201,73,,,,,0,percent of total billed charges,73 percent of billed charges; No services were performed during the 15 month look back period.,5.881201,73,,,,,0,percent of total billed charges,73 percent of billed charges; No services were performed during the 15 month look back period.,5.881201,73,,,,,0,percent of total billed charges,73 percent of billed charges; No services were performed during the 15 month look back period.,5.881201,73,,,,,0,percent of total billed charges,73 percent of billed charges; No services were performed during the 15 month look back period.,5.881201,73,,,,,0,percent of total billed charges,73 percent of billed charges; No services were performed during the 15 month look back period.,,,,,,,,Other,"Not Payable. ",5.881201,73,,,,,0,percent of total billed charges,73 percent of billed charges; No services were performed during the 15 month look back period.,,,,,,,,Other,"Not Payable. ",,,,,,,,Other,"106 percent of Average Sales Price.. Drugs not priced under APG, billed with revenue code 636 and not priced by Medicare ASP FeeSched will be reimbursed at 20% of charges.",,,,,,,,Other,"106 percent of Average Sales Price.. Drugs not priced under APG, billed with revenue code 636 and not priced by Medicare ASP FeeSched will be reimbursed at 20% of charges.",,,,,,,,Fee Schedule,"100 % Zero Pay Code. ",,,,,,,,Fee Schedule,"100 % Zero Pay Code. ",,,,,,,,Other,"Not Payable. ",6.445152,80,,,,,0,percent of total billed charges,80 percent of billed charges; No services were performed during the 15 month look back period.,,,,,,,,Other,"Not Payable. ",,,,,,,,Other,"Not Payable. ",4.833864,60,,,,,0,percent of total billed charges,60 percent of billed charges; No services were performed during the 15 month look back period.,,,,,,,,Other,"Not Payable. ",2.416932,30,,,,,0,percent of total billed charges,30 percent of billed charges; No services were performed during the 15 month look back period.,,,,,,,,Other,"Not Payable. ",2.416932,30,,,,,0,percent of total billed charges,30 percent of billed charges; No services were performed during the 15 month look back period.,4.833864,60,,,,,0,percent of total billed charges,60 percent of billed charges; No services were performed during the 15 month look back period.,2.416932,30,,,,,0,percent of total billed charges,30 percent of billed charges; No services were performed during the 15 month look back period.,,,,,,,,Other,"Not Payable. ",,,,,,,,Other,"100 Percent of Medicaid APG. ",,,,,,,,Other,"Not Payable. ",2.416932,30,,,,,0,percent of total billed charges,30 percent of billed charges; No services were performed during the 15 month look back period.,,,,,,,,Fee Schedule,"100 % Zero Pay Code. ",,,,,,,,Other,"100 Percent of Medicaid APG. ",3.625398,45,,,,,0,percent of total billed charges,45 percent of billed charges; No services were performed during the 15 month look back period.,,,,,,,,Fee Schedule,"120 Percent of Medicaid APG. ",,,,,,,,Fee Schedule,"120 Percent of Medicaid APG. ",3.625398,45,,,,,0,percent of total billed charges,45 percent of billed charges; No services were performed during the 15 month look back period.,3.625398,45,,,,,0,percent of total billed charges,45 percent of billed charges; No services were performed during the 15 month look back period.,3.625398,45,,,,,0,percent of total billed charges,45 percent of billed charges; No services were performed during the 15 month look back period.,,,,,,,,Fee Schedule,"100 % Zero Pay Code. ",3.625398,45,,,,,0,percent of total billed charges,45 percent of billed charges; No services were performed during the 15 month look back period.,3.625398,45,,,,,0,percent of total billed charges,45 percent of billed charges; No services were performed during the 15 month look back period.,3.625398,45,,,,,0,percent of total billed charges,45 percent of billed charges; No services were performed during the 15 month look back period.,5.881201,73,,,,,0,percent of total billed charges,73 percent of billed charges; No services were performed during the 15 month look back period.,5.881201,73,,,,,0,percent of total billed charges,73 percent of billed charges; No services were performed during the 15 month look back period.,,,,,,,,Fee Schedule,"Not Payable. ",,,,,,,,Other,"100 Percent of Medicaid APG. ",,,,,,,,Fee Schedule,"100 % Zero Pay Code. ",2.416932,30,,,,,0,percent of total billed charges,30 percent of billed charges; No services were performed during the 15 month look back period.,4.833864,60,,,,,0,percent of total billed charges,60 percent of billed charges; No services were performed during the 15 month look back period.,,,,,,,,Fee Schedule,"100 % Zero Pay Code. ",4.833864,60,,,,,0,percent of total billed charges,60 percent of billed charges; No services were performed during the 15 month look back period.,,,,,,,,Fee Schedule,"100 % Zero Pay Code. ",3.625398,45,,,,,0,percent of total billed charges,45 percent of billed charges; No services were performed during the 15 month look back period.,3.625398,45,,,,,0,percent of total billed charges,45 percent of billed charges; No services were performed during the 15 month look back period.,3.625398,45,,,,,0,percent of total billed charges,45 percent of billed charges; No services were performed during the 15 month look back period.,3.625398,45,,278.32,35,278.32,1 through 10,percent of total billed charges,45 percent of billed charges,,,,,,,,Other,"Not Payable. ",0.080564,11.7558,
J9201,HCPCS,5010003,LOCAL,636,RC,IN GEMCITABINE HCL NOS 200MG,25.855104,4.91247,Outpatient,ME,200,,2.98,,,,,,,Fee Schedule,"100 % 1199 Fee Schedule. ",2.98,,,,,,,Fee Schedule,"100 % 1199 Fee Schedule. ",15.513062,60,,,,,0,percent of total billed charges,60 percent of billed charges; No services were performed during the 15 month look back period.,25.855104,100,,,,,0,percent of total billed charges,100 percent of billed charges; No services were performed during the 15 month look back period.,,,,,,,,Other,"Not Payable. ",15.513062,60,,,,,0,percent of total billed charges,60 percent of billed charges; No services were performed during the 15 month look back period.,15.513062,60,,58.12,32.29,165.61,180,percent of total billed charges,60 percent of billed charges,15.513062,60,,50.22,50.22,50.22,1 through 10,percent of total billed charges,60 percent of billed charges,9.936,,,,,,,Fee Schedule,"100 Percent of Medicaid APG. ",8.28,,,,,,,Fee Schedule,"100 Percent of Medicaid APG. ",20.166981,78,,,,,0,percent of total billed charges,78% of Billed Charges. Lesser of 100% of billed charges applies.; No services were performed during the 15 month look back period.,,,,,,,,Fee Schedule,"100 % Zero Pay Code. ",8.28,,,,,,,Fee Schedule,"100 Percent of Medicaid APG. ",,,,,,,,Other,"Not Payable. ",7.756531,30,,,,,0,percent of total billed charges,30 percent of billed charges; No services were performed during the 15 month look back period.,7.756531,30,,,,,0,percent of total billed charges,30 percent of billed charges; No services were performed during the 15 month look back period.,7.756531,30,,248.41,132.38,248.41,17,percent of total billed charges,30 percent of billed charges,7.756531,30,,,,,0,percent of total billed charges,30 percent of billed charges; No services were performed during the 15 month look back period.,14.0875,,,,,,,Fee schedule,"115 Percent of AWP Fee Schedule. ",,,,,,,,Other,"Not Payable. ",14.0875,,,,,,,Fee schedule,"115 Percent of AWP Fee Schedule. ",20.166981,78,,,,,0,percent of total billed charges,78% of Billed Charges. Lesser of 100% of billed charges applies.; No services were performed during the 15 month look back period.,15.513062,60,,,,,0,percent of total billed charges,60 percent of billed charges; No services were performed during the 15 month look back period.,,,,,,,,Other,"Not Payable. ",18.874226,73,,138.01,138.01,138.01,1 through 10,percent of total billed charges,73 percent of billed charges,,,,,,,,Other,"Not Payable. ",,,,,,,,Other,"Not Payable. ",20.166981,78,,,,,0,percent of total billed charges,78% of Billed Charges. Lesser of 100% of billed charges applies.; No services were performed during the 15 month look back period.,2.958,,,,,,,Fee Schedule,100 Percent of ASP if not priced then 95 Percent of AWP. Lesser of 100% of billed charges applies.,2.958,,,,,,,Fee Schedule,100 Percent of ASP if not priced then 95 Percent of AWP. Lesser of 100% of billed charges applies.,3.6975,,,,,,,Fee schedule,"125 Percent of ASP. ",3.6975,,,,,,,Fee schedule,"125 Percent of ASP. ",18.874226,73,,,,,0,percent of total billed charges,73 percent of billed charges; No services were performed during the 15 month look back period.,18.874226,73,,,,,0,percent of total billed charges,73 percent of billed charges; No services were performed during the 15 month look back period.,8.28,,,,,,,Fee Schedule,"100 Percent of Medicaid APG. Not APG payable, or payable under another fee schedule like ASP/AWP pays at 30% of charges",18.874226,73,,57.96,57.96,193.21,20,percent of total billed charges,73 percent of billed charges,8.28,,,,,,,Fee Schedule,"100 Percent of Medicaid APG. Not APG payable, or payable under another fee schedule like ASP/AWP pays at 30% of charges",,,,,,,,Other,"Not Payable. ",18.874226,73,,,,,0,percent of total billed charges,73 percent of billed charges; No services were performed during the 15 month look back period.,20.166981,78,,138.01,138.01,138.01,1 through 10,percent of total billed charges,78% of Billed Charges. Lesser of 100% of billed charges applies.,8.28,,,,,,,Fee Schedule,"106 percent of Average Sales Price.. Drugs not priced under APG, billed with revenue code 636 and not priced by Medicare ASP FeeSched will be reimbursed at 20% of charges.",8.28,,,,,,,Fee Schedule,"106 percent of Average Sales Price.. Drugs not priced under APG, billed with revenue code 636 and not priced by Medicare ASP FeeSched will be reimbursed at 20% of charges.",20.166981,78,,,,,0,percent of total billed charges,78% of Billed Charges. Lesser of 100% of billed charges applies.; No services were performed during the 15 month look back period.,7.756531,30,,,,,0,percent of total billed charges,30 percent of billed charges; No services were performed during the 15 month look back period.,,,,,,,,Fee Schedule,"100 % Zero Pay Code. ",,,,,,,,Fee Schedule,"100 % Zero Pay Code. ",20.166981,78,,,,,0,percent of total billed charges,78% of Billed Charges. Lesser of 100% of billed charges applies.; No services were performed during the 15 month look back period.,,,,,,,,Other,"Not Payable. ",,,,,,,,Fee Schedule,"100 % Zero Pay Code. ",,,,,,,,Fee Schedule,"100 % Zero Pay Code. ",,,,,,,,Fee Schedule,"100 % Zero Pay Code. ",,,,,,,,Other,"Not Payable. ",,,,,,,,Fee Schedule,"100 % Zero Pay Code. ",,,,,,,,Fee Schedule,"100 % Zero Pay Code. ",,,,,,,,Other,"Not Payable. ",12.927552,50,,,,,0,percent of total billed charges,50 percent of billed charges; No services were performed during the 15 month look back period.,11.634797,45,,264.75,36.3,264.75,1 through 10,percent of total billed charges,45 percent of billed charges,11.634797,45,,32.67,24.55,248.41,124,percent of total billed charges,45 percent of billed charges,11.634797,45,,,,,0,percent of total billed charges,45 percent of billed charges; No services were performed during the 15 month look back period.,11.634797,45,,,,,0,percent of total billed charges,45 percent of billed charges; No services were performed during the 15 month look back period.,11.634797,45,,,,,0,percent of total billed charges,45 percent of billed charges; No services were performed during the 15 month look back period.,11.634797,45,,28.41,25.26,193.21,86,percent of total billed charges,45 percent of billed charges,,,,,,,,Other,"Not Payable. ",,,,,,,,Other,"Not Payable. ",11.634797,45,,22.1,22.1,165.61,1 through 10,percent of total billed charges,45 percent of billed charges,20.166981,78,,,,,0,percent of total billed charges,78% of Billed Charges. Lesser of 100% of billed charges applies.; No services were performed during the 15 month look back period.,20.166981,78,,,,,0,percent of total billed charges,78% of Billed Charges. Lesser of 100% of billed charges applies.; No services were performed during the 15 month look back period.,20.166981,78,,,,,0,percent of total billed charges,78% of Billed Charges. Lesser of 100% of billed charges applies.; No services were performed during the 15 month look back period.,20.166981,78,,,,,0,percent of total billed charges,78% of Billed Charges. Lesser of 100% of billed charges applies.; No services were performed during the 15 month look back period.,20.166981,78,,,,,0,percent of total billed charges,78% of Billed Charges. Lesser of 100% of billed charges applies.; No services were performed during the 15 month look back period.,20.166981,78,,,,,0,percent of total billed charges,78% of Billed Charges. Lesser of 100% of billed charges applies.; No services were performed during the 15 month look back period.,20.166981,78,,,,,0,percent of total billed charges,78% of Billed Charges. Lesser of 100% of billed charges applies.; No services were performed during the 15 month look back period.,20.166981,78,,,,,0,percent of total billed charges,78% of Billed Charges. Lesser of 100% of billed charges applies.; No services were performed during the 15 month look back period.,20.166981,78,,,,,0,percent of total billed charges,78% of Billed Charges. Lesser of 100% of billed charges applies.; No services were performed during the 15 month look back period.,20.166981,78,,,,,0,percent of total billed charges,78% of Billed Charges. Lesser of 100% of billed charges applies.; No services were performed during the 15 month look back period.,20.166981,78,,,,,0,percent of total billed charges,78% of Billed Charges. Lesser of 100% of billed charges applies.; No services were performed during the 15 month look back period.,20.166981,78,,,,,0,percent of total billed charges,78% of Billed Charges. Lesser of 100% of billed charges applies.; No services were performed during the 15 month look back period.,20.166981,78,,,,,0,percent of total billed charges,78% of Billed Charges. Lesser of 100% of billed charges applies.; No services were performed during the 15 month look back period.,20.166981,78,,,,,0,percent of total billed charges,78% of Billed Charges. Lesser of 100% of billed charges applies.; No services were performed during the 15 month look back period.,20.166981,78,,,,,0,percent of total billed charges,78% of Billed Charges. Lesser of 100% of billed charges applies.; No services were performed during the 15 month look back period.,20.166981,78,,,,,0,percent of total billed charges,78% of Billed Charges. Lesser of 100% of billed charges applies.; No services were performed during the 15 month look back period.,20.166981,78,,,,,0,percent of total billed charges,78% of Billed Charges. Lesser of 100% of billed charges applies.; No services were performed during the 15 month look back period.,20.166981,78,,,,,0,percent of total billed charges,78% of Billed Charges. Lesser of 100% of billed charges applies.; No services were performed during the 15 month look back period.,20.166981,78,,,,,0,percent of total billed charges,78% of Billed Charges. Lesser of 100% of billed charges applies.; No services were performed during the 15 month look back period.,20.166981,78,,,,,0,percent of total billed charges,78% of Billed Charges. Lesser of 100% of billed charges applies.; No services were performed during the 15 month look back period.,20.166981,78,,,,,0,percent of total billed charges,78% of Billed Charges. Lesser of 100% of billed charges applies.; No services were performed during the 15 month look back period.,20.166981,78,,,,,0,percent of total billed charges,78% of Billed Charges. Lesser of 100% of billed charges applies.; No services were performed during the 15 month look back period.,20.166981,78,,,,,0,percent of total billed charges,78% of Billed Charges. Lesser of 100% of billed charges applies.; No services were performed during the 15 month look back period.,20.166981,78,,,,,0,percent of total billed charges,78% of Billed Charges. Lesser of 100% of billed charges applies.; No services were performed during the 15 month look back period.,20.166981,78,,,,,0,percent of total billed charges,78% of Billed Charges. Lesser of 100% of billed charges applies.; No services were performed during the 15 month look back period.,20.166981,78,,,,,0,percent of total billed charges,78% of Billed Charges. Lesser of 100% of billed charges applies.; No services were performed during the 15 month look back period.,18.874226,73,,,,,0,percent of total billed charges,73 percent of billed charges; No services were performed during the 15 month look back period.,18.874226,73,,,,,0,percent of total billed charges,73 percent of billed charges; No services were performed during the 15 month look back period.,18.874226,73,,,,,0,percent of total billed charges,73 percent of billed charges; No services were performed during the 15 month look back period.,18.874226,73,,,,,0,percent of total billed charges,73 percent of billed charges; No services were performed during the 15 month look back period.,20.684083,80,,,,,0,percent of total billed charges,80 percent of billed charges; No services were performed during the 15 month look back period.,20.684083,80,,,,,0,percent of total billed charges,80 percent of billed charges; No services were performed during the 15 month look back period.,7.756531,30,,,,,0,percent of total billed charges,30 percent of billed charges; No services were performed during the 15 month look back period.,11.634797,45,,23.4,4.38,37.61,1 through 10,percent of total billed charges,45 percent of billed charges,,,,,,,,Fee Schedule,"100 % Zero Pay Code. ",11.634797,45,,25.26,18.94,220.81,57,percent of total billed charges,45 percent of billed charges,20.166981,78,,,,,0,percent of total billed charges,78% of Billed Charges. Lesser of 100% of billed charges applies.; No services were performed during the 15 month look back period.,20.684083,80,,,,,0,percent of total billed charges,80 percent of billed charges; No services were performed during the 15 month look back period.,11.634797,45,,,,,0,percent of total billed charges,45 percent of billed charges; No services were performed during the 15 month look back period.,,,,,,,,Fee Schedule,"100 % Zero Pay Code. ",7.756531,30,,,,,0,percent of total billed charges,30 percent of billed charges; No services were performed during the 15 month look back period.,,,,,,,,,"NA. ",20.166981,78,,,,,0,percent of total billed charges,78% of Billed Charges. Lesser of 100% of billed charges applies.; No services were performed during the 15 month look back period.,8.28,,,,,,,Fee Schedule,"100 Percent of Medicaid APG. ",18.874226,73,,,,,0,percent of total billed charges,73 percent of billed charges; No services were performed during the 15 month look back period.,8.28,,,,,,,Fee Schedule,"100 Percent of Medicaid APG. Not APG payable, or payable under another fee schedule like ASP/AWP pays at 30% of charges",,,,,,,,Other,"Not Payable. ",,,,,,,,Other,"Not Payable. ",12.927552,50,,,,,0,percent of total billed charges,50 percent of billed charges; No services were performed during the 15 month look back period.,,,,,,,,Other,"Not Payable. ",,,,,,,,Other,"Not Payable. ",8.28,,,,,,,Fee Schedule,"100 Percent of Medicaid APG. ",,,,,,,,Other,"Not Payable. ",,,,,,,,Other,"Not Payable. ",15.513062,60,,,,,0,percent of total billed charges,60 percent of billed charges; No services were performed during the 15 month look back period.,15.513062,60,,,,,0,percent of total billed charges,60 percent of billed charges; No services were performed during the 15 month look back period.,,,,,,,,Other,"Not Payable. ",7.756531,30,,,,,0,percent of total billed charges,30 percent of billed charges; No services were performed during the 15 month look back period.,,,,,,,,Fee Schedule,"100 % Zero Pay Code. ",,,,,,,,Fee Schedule,"100 % Zero Pay Code. ",,,,,,,,Other,"Not Payable. ",7.756531,30,,64.8,34.15,115.93,86,percent of total billed charges,30 percent of billed charges,15.513062,60,,,,,0,percent of total billed charges,60 percent of billed charges; No services were performed during the 15 month look back period.,15.513062,60,,66.83,37.67,89.1,59,percent of total billed charges,60 percent of billed charges,15.513062,60,,,,,0,percent of total billed charges,60 percent of billed charges; No services were performed during the 15 month look back period.,20.166981,78,,,,,0,percent of total billed charges,78% of Billed Charges. Lesser of 100% of billed charges applies.; No services were performed during the 15 month look back period.,20.166981,78,,,,,0,percent of total billed charges,78% of Billed Charges. Lesser of 100% of billed charges applies.; No services were performed during the 15 month look back period.,20.166981,78,,,,,0,percent of total billed charges,78% of Billed Charges. Lesser of 100% of billed charges applies.; No services were performed during the 15 month look back period.,20.166981,78,,,,,0,percent of total billed charges,78% of Billed Charges. Lesser of 100% of billed charges applies.; No services were performed during the 15 month look back period.,20.166981,78,,,,,0,percent of total billed charges,78% of Billed Charges. Lesser of 100% of billed charges applies.; No services were performed during the 15 month look back period.,20.166981,78,,,,,0,percent of total billed charges,78% of Billed Charges. Lesser of 100% of billed charges applies.; No services were performed during the 15 month look back period.,20.166981,78,,,,,0,percent of total billed charges,78% of Billed Charges. Lesser of 100% of billed charges applies.; No services were performed during the 15 month look back period.,20.166981,78,,,,,0,percent of total billed charges,78% of Billed Charges. Lesser of 100% of billed charges applies.; No services were performed during the 15 month look back period.,20.166981,78,,,,,0,percent of total billed charges,78% of Billed Charges. Lesser of 100% of billed charges applies.; No services were performed during the 15 month look back period.,20.166981,78,,,,,0,percent of total billed charges,78% of Billed Charges. Lesser of 100% of billed charges applies.; No services were performed during the 15 month look back period.,20.166981,78,,,,,0,percent of total billed charges,78% of Billed Charges. Lesser of 100% of billed charges applies.; No services were performed during the 15 month look back period.,20.684083,80,,220.81,82.8,276.01,11,percent of total billed charges,80 percent of billed charges,11.634797,45,,138.01,15.35,264.75,254,percent of total billed charges,45 percent of billed charges,7.756531,30,,,,,0,percent of total billed charges,30 percent of billed charges; No services were performed during the 15 month look back period.,,,,,,,,Other,"Not Payable. ",15.513062,60,,,,,0,percent of total billed charges,60 percent of billed charges; No services were performed during the 15 month look back period.,7.756531,30,,,,,0,percent of total billed charges,30 percent of billed charges; No services were performed during the 15 month look back period.,7.756531,30,,152.32,152.32,152.32,1 through 10,percent of total billed charges,30 percent of billed charges,20.166981,78,,,,,0,percent of total billed charges,78% of Billed Charges. Lesser of 100% of billed charges applies.; No services were performed during the 15 month look back period.,17.7192,,,,,,,Fee Schedule,"141 percent of Average Sales Price.. Drugs not priced under APG, billed with revenue code 636 and not priced by Medicare ASP FeeSched will be reimbursed at 20% of charges.",7.756531,30,,,,,0,percent of total billed charges,30 percent of billed charges; No services were performed during the 15 month look back period.,8.28,,,,,,,Fee Schedule,"100 Percent of Medicaid APG. ",,,,,,,,Other,"Not Payable. ",,,,,,,,Other,"Not Payable. ",,,,,,,,Other,"Not Payable. ",,,,,,,,Other,"Not Payable. ",,,,,,,,Other,"Not Payable. ",,,,,,,,Other,"Not Payable. ",7.756531,30,,,,,0,percent of total billed charges,30 percent of billed charges; No services were performed during the 15 month look back period.,12.927552,50,,,,,0,percent of total billed charges,50 percent of billed charges; No services were performed during the 15 month look back period.,18.75825,,,,,,,Fee Schedule,"157.5 Percent of AWP Fee Schedule. ",18.75825,,,,,,,Fee Schedule,"157.5 Percent of AWP Fee Schedule. ",18.75825,,,,,,,Fee Schedule,"157.5 Percent of AWP Fee Schedule. ",18.75825,,,,,,,Fee Schedule,"157.5 Percent of AWP Fee Schedule. ",18.75825,,,,,,,Fee Schedule,"157.5 Percent of AWP Fee Schedule. ",,,,,,,,,"NA. ",12.927552,50,,,,,0,percent of total billed charges,50 percent of billed charges; No services were performed during the 15 month look back period.,,,,,,,,Fee Schedule,"Not Payable. ",,,,,,,,Fee Schedule,"Not Payable. ",,,,,,,,Fee Schedule,"Not Payable. ",,,,,,,,Fee Schedule,"Not Payable. ",,,,,,,,Fee Schedule,"Not Payable. ",,,,,,,,Other,"Not Payable. ",20.684083,80,,,,,0,percent of total billed charges,80 percent of billed charges; No services were performed during the 15 month look back period.,20.684083,80,,,,,0,percent of total billed charges,80 percent of billed charges; No services were performed during the 15 month look back period.,20.684083,80,,,,,0,percent of total billed charges,80 percent of billed charges; No services were performed during the 15 month look back period.,20.684083,80,,,,,0,percent of total billed charges,80 percent of billed charges; No services were performed during the 15 month look back period.,15.513062,60,,,,,0,percent of total billed charges,60 percent of billed charges; No services were performed during the 15 month look back period.,15.513062,60,,,,,0,percent of total billed charges,60 percent of billed charges; No services were performed during the 15 month look back period.,15.513062,60,,,,,0,percent of total billed charges,60 percent of billed charges; No services were performed during the 15 month look back period.,15.513062,60,,,,,0,percent of total billed charges,60 percent of billed charges; No services were performed during the 15 month look back period.,12.927552,50,,,,,0,percent of total billed charges,50 percent of billed charges; No services were performed during the 15 month look back period.,12.927552,50,,,,,0,percent of total billed charges,50 percent of billed charges; No services were performed during the 15 month look back period.,,,,,,,,Other,"Not Payable. ",,,,,,,,Other,"Not Payable. ",,,,,,,,Other,"Not Payable. ",11.634797,45,,,,,0,percent of total billed charges,45 percent of billed charges; No services were performed during the 15 month look back period.,11.634797,45,,,,,0,percent of total billed charges,45 percent of billed charges; No services were performed during the 15 month look back period.,11.634797,45,,,,,0,percent of total billed charges,45 percent of billed charges; No services were performed during the 15 month look back period.,12.927552,50,,,,,0,percent of total billed charges,50 percent of billed charges; No services were performed during the 15 month look back period.,15.513062,60,,,,,0,percent of total billed charges,60 percent of billed charges; No services were performed during the 15 month look back period.,,,,,,,,Other,"Not Payable. ",11.634797,45,,,,,0,percent of total billed charges,45 percent of billed charges; No services were performed during the 15 month look back period.,8.28,,,,,,,Fee Schedule,"100 Percent of Medicaid APG. ",,,,,,,,Other,"Not Payable. ",,,,,,,,Other,"Not Payable. ",,,,,,,,Other,"Not Payable. ",3.6975,,,,,,,Fee schedule,"125 Percent of ASP. ",0.258551,1,,,,,0,percent of total billed charges,Approximating Cost. Lesser of 100% of billed charges applies.; No services were performed during the 15 month look back period.,0.258551,1,,,,,0,percent of total billed charges,Approximating Cost. Lesser of 100% of billed charges applies.; No services were performed during the 15 month look back period.,0.258551,1,,,,,0,percent of total billed charges,Approximating Cost. Lesser of 100% of billed charges applies.; No services were performed during the 15 month look back period.,0.258551,1,,,,,0,percent of total billed charges,Approximating Cost. Lesser of 100% of billed charges applies.; No services were performed during the 15 month look back period.,0.258551,1,,,,,0,percent of total billed charges,Approximating Cost. Lesser of 100% of billed charges applies.; No services were performed during the 15 month look back period.,,,,,,,,Other,"Not Payable. ",8.28,,,,,,,Fee Schedule,"100 Percent of Medicaid APG. ",2.958,,,,,,,Fee Schedule,100 Percent of ASP if not priced then 95 Percent of AWP. Lesser of 100% of billed charges applies.,0.258551,1,,,,,0,percent of total billed charges,Approximating Cost. Lesser of 100% of billed charges applies.; No services were performed during the 15 month look back period.,0.258551,1,,,,,0,percent of total billed charges,Approximating Cost. Lesser of 100% of billed charges applies.; No services were performed during the 15 month look back period.,2.958,,,,,,,Fee Schedule,100 Percent of ASP if not priced then 95 Percent of AWP. Lesser of 100% of billed charges applies.,2.958,,,,,,,Fee Schedule,100 Percent of ASP if not priced then 95 Percent of AWP. Lesser of 100% of billed charges applies.,18.75825,,,,,,,Fee Schedule,"157.5 Percent of AWP Fee Schedule. ",,,,,,,,Other,"Not Payable. ",,,,,,,,Other,"Not Payable. ",15.513062,60,,,,,0,percent of total billed charges,60 percent of billed charges; No services were performed during the 15 month look back period.,,,,,,,,Other,"Not Payable. ",3.6975,,,,,,,Fee Schedule,"125 Percent of ASP. ",3.6975,,,,,,,Fee Schedule,"125 Percent of ASP. ",3.6975,,,,,,,Fee schedule,"125 Percent of ASP. ",3.6975,,,,,,,Fee schedule,"125 Percent of ASP. ",13.6965,,,,,,,Fee Schedule,"115 Percent of AWP. ",14.0875,,,,,,,Fee schedule,"115 Percent of AWP Fee Schedule. ",18.63,,,,,,,Fee Schedule,"100 Percent of Medicaid APG. ",18.63,,,,,,,Fee Schedule,"100 Percent of Medicaid APG. ",18.63,,,,,,,Fee Schedule,"100 Percent of Medicaid APG. ",18.63,,,,,,,Fee Schedule,"100 Percent of Medicaid APG. ",11.634797,45,,,,,0,percent of total billed charges,45 percent of billed charges; No services were performed during the 15 month look back period.,12.927552,50,,,,,0,percent of total billed charges,50 percent of billed charges; No services were performed during the 15 month look back period.,9.936,,,,,,,Fee Schedule,"120 Percent of Medicaid APG. Not APG payable, or payable under another fee schedule like ASP/AWP pays at 30% of charges",9.936,,,,,,,Fee Schedule,"120 Percent of Medicaid APG. Not APG payable, or payable under another fee schedule like ASP/AWP pays at 30% of charges",8.28,,,,,,,Fee Schedule,"100 Percent of Medicaid APG. Not APG payable, or payable under another fee schedule like ASP/AWP pays at 30% of charges",8.28,,,,,,,Fee Schedule,"100 Percent of Medicaid APG. Not APG payable, or payable under another fee schedule like ASP/AWP pays at 30% of charges",11.634797,45,,25.26,24.55,193.21,1 through 10,percent of total billed charges,45 percent of billed charges,11.634797,45,,,,,0,percent of total billed charges,45 percent of billed charges; No services were performed during the 15 month look back period.,,,,,,,,Other,"Not Payable. ",11.634797,45,,27.62,15.35,165.61,23,percent of total billed charges,45 percent of billed charges,11.634797,45,,25.26,15.79,165.61,107,percent of total billed charges,45 percent of billed charges,11.634797,45,,,,,0,percent of total billed charges,45 percent of billed charges; No services were performed during the 15 month look back period.,11.634797,45,,,,,0,percent of total billed charges,45 percent of billed charges; No services were performed during the 15 month look back period.,,,,,,,,Other,"Not Payable. ",11.634797,45,,,,,0,percent of total billed charges,45 percent of billed charges; No services were performed during the 15 month look back period.,11.634797,45,,,,,0,percent of total billed charges,45 percent of billed charges; No services were performed during the 15 month look back period.,15.513062,60,,,,,0,percent of total billed charges,60 percent of billed charges; No services were performed during the 15 month look back period.,8.28,,,,,,,Fee Schedule,100% APG. Lesser of 100% of billed charges applies.,14.0875,,,,,,,Fee schedule,"115 Percent of AWP Fee Schedule. ",0.258551,1,,,,,0,percent of total billed charges,Approximating Cost. Lesser of 100% of billed charges applies.; No services were performed during the 15 month look back period.,13.6965,,,,,,,Fee Schedule,"115 Percent of AWP. ",14.0875,,,,,,,Fee schedule,"115 Percent of AWP Fee Schedule. ",0.258551,1,,,,,0,percent of total billed charges,Approximating Cost. Lesser of 100% of billed charges applies.; No services were performed during the 15 month look back period.,0.258551,1,,,,,0,percent of total billed charges,Approximating Cost. Lesser of 100% of billed charges applies.; No services were performed during the 15 month look back period.,0.258551,1,,,,,0,percent of total billed charges,Approximating Cost. Lesser of 100% of billed charges applies.; No services were performed during the 15 month look back period.,0.258551,1,,,,,0,percent of total billed charges,Approximating Cost. Lesser of 100% of billed charges applies.; No services were performed during the 15 month look back period.,0.258551,1,,,,,0,percent of total billed charges,Approximating Cost. Lesser of 100% of billed charges applies.; No services were performed during the 15 month look back period.,0.258551,1,,,,,0,percent of total billed charges,Approximating Cost. Lesser of 100% of billed charges applies.; No services were performed during the 15 month look back period.,,,,,,,,,"NA. ",,,,,,,,,"NA. ",,,,,,,,,"NA. ",7.756531,30,,115.93,111.2,125.55,12,percent of total billed charges,30 percent of billed charges,,,,,,,,,"NA. ",,,,,,,,Other,"Not Payable. ",2.98,,,,,,,Fee Schedule,"100 % 1199 Fee Schedule. ",,,,,,,,Other,"Not Payable. ",,,,,,,,Other,"Not Payable. ",9.936,,,,,,,Fee Schedule,"120 Percent of Medicaid APG. Not APG payable, or payable under another fee schedule like ASP/AWP pays at 30% of charges",9.936,,,,,,,Fee Schedule,"120 Percent of Medicaid APG. Not APG payable, or payable under another fee schedule like ASP/AWP pays at 30% of charges",8.28,,,,,,,Fee Schedule,"100 Percent of Medicaid APG. Not APG payable, or payable under another fee schedule like ASP/AWP pays at 30% of charges",8.28,,,,,,,Fee Schedule,"100 Percent of Medicaid APG. Not APG payable, or payable under another fee schedule like ASP/AWP pays at 30% of charges",8.28,,,,,,,Fee Schedule,"100 Percent of Medicaid APG. ",18.874226,73,,,,,0,percent of total billed charges,73 percent of billed charges; No services were performed during the 15 month look back period.,15.513062,60,,,,,0,percent of total billed charges,60 percent of billed charges; No services were performed during the 15 month look back period.,18.874226,73,,,,,0,percent of total billed charges,73 percent of billed charges; No services were performed during the 15 month look back period.,7.756531,30,,,,,0,percent of total billed charges,30 percent of billed charges; No services were performed during the 15 month look back period.,,,,,,,,Other,"Not Payable. ",,,,,,,,Other,"Not Payable. ",,,,,,,,Other,"Not Payable. ",,,,,,,,Other,"Not Payable. ",,,,,,,,Other,"Not Payable. ",,,,,,,,Other,"Not Payable. ",,,,,,,,,"NA. ",0.258551,1,,303.62,167.67,303.62,12,percent of total billed charges,Approximating Cost. Lesser of 100% of billed charges applies.,2.958,,,,,,,Fee Schedule,100 Percent of ASP if not priced then 95 Percent of AWP. Lesser of 100% of billed charges applies.,11.634797,45,,,,,0,percent of total billed charges,45 percent of billed charges; No services were performed during the 15 month look back period.,18.874226,73,,,,,0,percent of total billed charges,73 percent of billed charges; No services were performed during the 15 month look back period.,18.874226,73,,,,,0,percent of total billed charges,73 percent of billed charges; No services were performed during the 15 month look back period.,18.874226,73,,,,,0,percent of total billed charges,73 percent of billed charges; No services were performed during the 15 month look back period.,18.874226,73,,,,,0,percent of total billed charges,73 percent of billed charges; No services were performed during the 15 month look back period.,,,,,,,,Other,"Not Payable. ",8.28,,,,,,,Fee Schedule,"100 Percent of Medicaid APG. ",11.634797,45,,,,,0,percent of total billed charges,45 percent of billed charges; No services were performed during the 15 month look back period.,8.28,,,,,,,Fee Schedule,"100 Percent of Medicaid APG. ",,,,,,,,Other,"Not Payable. ",8.28,,,,,,,Fee Schedule,"100 Percent of Medicaid APG. ",,,,,,,,Other,"Not Payable. ",,,,,,,,Other,"Not Payable. ",8.28,,,,,,,Fee Schedule,"100 Percent of Medicaid APG. ",8.28,,,,,,,Fee Schedule,"100 Percent of Medicaid APG. ",18.874226,73,,,,,0,percent of total billed charges,73 percent of billed charges; No services were performed during the 15 month look back period.,7.756531,30,,,,,0,percent of total billed charges,30 percent of billed charges; No services were performed during the 15 month look back period.,20.166981,78,,,,,0,percent of total billed charges,78% of Billed Charges. Lesser of 100% of billed charges applies.; No services were performed during the 15 month look back period.,,,,,,,,Fee Schedule,"100 % Zero Pay Code. ",,,,,,,,Fee Schedule,"100 % Zero Pay Code. ",15.513062,60,,,,,0,percent of total billed charges,60 percent of billed charges; No services were performed during the 15 month look back period.,,,,,,,,Other,"Not Payable. ",20.684083,80,,,,,0,percent of total billed charges,80 percent of billed charges; No services were performed during the 15 month look back period.,20.684083,80,,,,,0,percent of total billed charges,80 percent of billed charges; No services were performed during the 15 month look back period.,9.307837,36,,,,,0,percent of total billed charges,36 percent of billed charges; No services were performed during the 15 month look back period.,9.307837,36,,22.1,22.1,22.1,1 through 10,percent of total billed charges,36 percent of billed charges,,,,,,,,Other,"Not Payable. ",,,,,,,,Other,"Not Payable. ",,,,,,,,Other,"Not Payable. ",,,,,,,,Other,"Not Payable. ",,,,,,,,Fee Schedule,"100 % Zero Pay Code. ",11.634797,45,,,,,0,percent of total billed charges,45 percent of billed charges; No services were performed during the 15 month look back period.,11.634797,45,,,,,0,percent of total billed charges,45 percent of billed charges; No services were performed during the 15 month look back period.,,,,,,,,Other,"Not Payable. ",9.307837,36,,,,,0,percent of total billed charges,36 percent of billed charges; No services were performed during the 15 month look back period.,18.874226,73,,,,,0,percent of total billed charges,73 percent of billed charges; No services were performed during the 15 month look back period.,9.936,,,,,,,Fee Schedule,"120 Percent of Medicaid APG. ",8.28,,,,,,,Fee Schedule,"100 Percent of Medicaid APG. ",18.874226,73,,,,,0,percent of total billed charges,73 percent of billed charges; No services were performed during the 15 month look back period.,10.471317,40.5,,,,,0,percent of total billed charges,40.5 percent of billed charges; No services were performed during the 15 month look back period.,10.471317,40.5,,,,,0,percent of total billed charges,40.5 percent of billed charges; No services were performed during the 15 month look back period.,11.634797,45,,,,,0,percent of total billed charges,45 percent of billed charges; No services were performed during the 15 month look back period.,12.927552,50,,,,,0,percent of total billed charges,50 percent of billed charges; No services were performed during the 15 month look back period.,,,,,,,,Other,"Not Payable. ",8.694,,,,,,,Fee Schedule,105 percent of Medicaid APG. otherwise 105% of Ordered NYS MCD FS or 105% of ASP+6%,8.694,,,,,,,Fee Schedule,105 percent of Medicaid APG. otherwise 105% of Ordered NYS MCD FS or 105% of ASP+6%,8.694,,,,,,,Fee Schedule,105 percent of Medicaid APG. otherwise 105% of Ordered NYS MCD FS or 105% of ASP+6%,11.178,,,,,,,Fee Schedule,135 percent of Medicaid APG. otherwise 135% of Ordered NYS MCD FS or 135% of ASP+6%,,,,,,,,Fee Schedule,"100 % Zero Pay Code. ",8.694,,,,,,,Fee Schedule,105 percent of Medicaid APG. otherwise 105% of Ordered NYS MCD FS or 105% of ASP+6%,8.694,,,,,,,Fee Schedule,105 percent of Medicaid APG. otherwise 105% of Ordered NYS MCD FS or 105% of ASP+6%,8.694,,,,,,,Fee Schedule,105 percent of Medicaid APG. otherwise 105% of Ordered NYS MCD FS or 105% of ASP+6%,8.694,,,,,,,Fee Schedule,105 percent of Medicaid APG. otherwise 105% of Ordered NYS MCD FS or 105% of ASP+6%,8.694,,,,,,,Fee Schedule,105 percent of Medicaid APG. otherwise 105% of Ordered NYS MCD FS or 105% of ASP+6%,11.178,,,,,,,Fee Schedule,135 percent of Medicaid APG. otherwise 135% of Ordered NYS MCD FS or 135% of ASP+6%,11.178,,,,,,,Fee Schedule,135 percent of Medicaid APG. otherwise 135% of Ordered NYS MCD FS or 135% of ASP+6%,,,,,,,,Other,"Not Payable. ",,,,,,,,Fee Schedule,"100 % Zero Pay Code. ",,,,,,,,Other,"Not Payable. ",8.694,,,,,,,Fee Schedule,105 percent of Medicaid APG. otherwise 105% of Ordered NYS MCD FS or 105% of ASP+6%,11.634797,45,,,,,0,percent of total billed charges,45 percent of billed charges; No services were performed during the 15 month look back period.,,,,,,,,Other,"Not Payable. ",11.634797,45,,,,,0,percent of total billed charges,45 percent of billed charges; No services were performed during the 15 month look back period.,11.634797,45,,22.1,22.1,193.21,33,percent of total billed charges,45 percent of billed charges,11.634797,45,,,,,0,percent of total billed charges,45 percent of billed charges; No services were performed during the 15 month look back period.,8.694,,,,,,,Fee Schedule,105 percent of Medicaid APG. otherwise 105% of Ordered NYS MCD FS or 105% of ASP+6%,,,,,,,,Other,"Not Payable. ",11.634797,45,,,,,0,percent of total billed charges,45 percent of billed charges; No services were performed during the 15 month look back period.,11.178,,,,,,,Fee Schedule,135 percent of Medicaid APG. otherwise 135% of Ordered NYS MCD FS or 135% of ASP+6%,11.634797,45,,,,,0,percent of total billed charges,45 percent of billed charges; No services were performed during the 15 month look back period.,7.756531,30,,,,,0,percent of total billed charges,30% of Charges. ; No services were performed during the 15 month look back period.,,,,,,,,Other,"Not Payable. ",18.874226,73,,,,,0,percent of total billed charges,73 percent of billed charges; No services were performed during the 15 month look back period.,18.874226,73,,,,,0,percent of total billed charges,73 percent of billed charges; No services were performed during the 15 month look back period.,18.874226,73,,,,,0,percent of total billed charges,73 percent of billed charges; No services were performed during the 15 month look back period.,18.874226,73,,,,,0,percent of total billed charges,73 percent of billed charges; No services were performed during the 15 month look back period.,18.874226,73,,,,,0,percent of total billed charges,73 percent of billed charges; No services were performed during the 15 month look back period.,18.874226,73,,,,,0,percent of total billed charges,73 percent of billed charges; No services were performed during the 15 month look back period.,18.874226,73,,,,,0,percent of total billed charges,73 percent of billed charges; No services were performed during the 15 month look back period.,18.874226,73,,,,,0,percent of total billed charges,73 percent of billed charges; No services were performed during the 15 month look back period.,18.874226,73,,,,,0,percent of total billed charges,73 percent of billed charges; No services were performed during the 15 month look back period.,18.874226,73,,,,,0,percent of total billed charges,73 percent of billed charges; No services were performed during the 15 month look back period.,18.874226,73,,,,,0,percent of total billed charges,73 percent of billed charges; No services were performed during the 15 month look back period.,18.874226,73,,,,,0,percent of total billed charges,73 percent of billed charges; No services were performed during the 15 month look back period.,,,,,,,,Other,"Not Payable. ",18.874226,73,,,,,0,percent of total billed charges,73 percent of billed charges; No services were performed during the 15 month look back period.,,,,,,,,Other,"Not Payable. ",18.63,,,,,,,Fee Schedule,"106 percent of Average Sales Price.. Drugs not priced under APG, billed with revenue code 636 and not priced by Medicare ASP FeeSched will be reimbursed at 20% of charges.",8.28,,,,,,,Fee Schedule,"106 percent of Average Sales Price.. Drugs not priced under APG, billed with revenue code 636 and not priced by Medicare ASP FeeSched will be reimbursed at 20% of charges.",,,,,,,,Fee Schedule,"100 % Zero Pay Code. ",,,,,,,,Fee Schedule,"100 % Zero Pay Code. ",,,,,,,,Other,"Not Payable. ",20.684083,80,,,,,0,percent of total billed charges,80 percent of billed charges; No services were performed during the 15 month look back period.,,,,,,,,Other,"Not Payable. ",,,,,,,,Other,"Not Payable. ",15.513062,60,,,,,0,percent of total billed charges,60 percent of billed charges; No services were performed during the 15 month look back period.,,,,,,,,Other,"Not Payable. ",7.756531,30,,,,,0,percent of total billed charges,30 percent of billed charges; No services were performed during the 15 month look back period.,,,,,,,,Other,"Not Payable. ",7.756531,30,,,,,0,percent of total billed charges,30 percent of billed charges; No services were performed during the 15 month look back period.,15.513062,60,,,,,0,percent of total billed charges,60 percent of billed charges; No services were performed during the 15 month look back period.,7.756531,30,,,,,0,percent of total billed charges,30 percent of billed charges; No services were performed during the 15 month look back period.,,,,,,,,Other,"Not Payable. ",8.28,,,,,,,Fee Schedule,"100 Percent of Medicaid APG. ",,,,,,,,Other,"Not Payable. ",7.756531,30,,,,,0,percent of total billed charges,30 percent of billed charges; No services were performed during the 15 month look back period.,,,,,,,,Fee Schedule,"100 % Zero Pay Code. ",8.28,,,,,,,Fee Schedule,"100 Percent of Medicaid APG. ",11.634797,45,,,,,0,percent of total billed charges,45 percent of billed charges; No services were performed during the 15 month look back period.,9.936,,,,,,,Fee Schedule,"120 Percent of Medicaid APG. ",9.936,,,,,,,Fee Schedule,"120 Percent of Medicaid APG. ",11.634797,45,,,,,0,percent of total billed charges,45 percent of billed charges; No services were performed during the 15 month look back period.,11.634797,45,,,,,0,percent of total billed charges,45 percent of billed charges; No services were performed during the 15 month look back period.,11.634797,45,,,,,0,percent of total billed charges,45 percent of billed charges; No services were performed during the 15 month look back period.,,,,,,,,Fee Schedule,"100 % Zero Pay Code. ",11.634797,45,,,,,0,percent of total billed charges,45 percent of billed charges; No services were performed during the 15 month look back period.,11.634797,45,,,,,0,percent of total billed charges,45 percent of billed charges; No services were performed during the 15 month look back period.,11.634797,45,,,,,0,percent of total billed charges,45 percent of billed charges; No services were performed during the 15 month look back period.,18.874226,73,,,,,0,percent of total billed charges,73 percent of billed charges; No services were performed during the 15 month look back period.,18.874226,73,,,,,0,percent of total billed charges,73 percent of billed charges; No services were performed during the 15 month look back period.,,,,,,,,Fee Schedule,"Not Payable. ",8.28,,,,,,,Fee Schedule,"100 Percent of Medicaid APG. ",,,,,,,,Fee Schedule,"100 % Zero Pay Code. ",7.756531,30,,,,,0,percent of total billed charges,30 percent of billed charges; No services were performed during the 15 month look back period.,15.513062,60,,,,,0,percent of total billed charges,60 percent of billed charges; No services were performed during the 15 month look back period.,,,,,,,,Fee Schedule,"100 % Zero Pay Code. ",15.513062,60,,,,,0,percent of total billed charges,60 percent of billed charges; No services were performed during the 15 month look back period.,,,,,,,,Fee Schedule,"100 % Zero Pay Code. ",11.634797,45,,,,,0,percent of total billed charges,45 percent of billed charges; No services were performed during the 15 month look back period.,11.634797,45,,,,,0,percent of total billed charges,45 percent of billed charges; No services were performed during the 15 month look back period.,11.634797,45,,,,,0,percent of total billed charges,45 percent of billed charges; No services were performed during the 15 month look back period.,11.634797,45,,165.61,18.15,165.61,1 through 10,percent of total billed charges,45 percent of billed charges,,,,,,,,Other,"Not Payable. ",0.258551,44.809817,
J9266,HCPCS,5010003,LOCAL,636,RC,PEGASPARGASE INJECTION,409306.4892,77768.232948,Inpatient,EA,1,,,,,,,,,,,,,,,,,,,,122791.94676,30,,,,,0,percent of total billed charges,30 Percent of charges; No services were performed during the 15 month look back period.,409306.4892,100,,,,,0,percent of total billed charges,100 percent of charges; No services were performed during the 15 month look back period.,,,,,,,,,,122791.94676,30,,,,,0,percent of total billed charges,30 Percent of charges; No services were performed during the 15 month look back period.,122791.94676,30,,,,,0,percent of total billed charges,30 Percent of charges; No services were performed during the 15 month look back period.,122791.94676,30,,,,,0,percent of total billed charges,30 Percent of charges; No services were performed during the 15 month look back period.,40930.64892,10,,,,,0,percent of total billed charges,10 percent of charges; No services were performed during the 15 month look back period.,,,,,,,,,,298793.737116,73,,,,,0,percent of total billed charges,73 percent of charges; No services were performed during the 15 month look back period.,40930.64892,10,,,,,0,percent of total billed charges,10 percent of charges; No services were performed during the 15 month look back period.,,,,,,,,,,,,,,,,,,,130978.076544,32,,,,,0,percent of total billed charges,32 pecent of charges; No services were performed during the 15 month look back period.,130978.076544,32,,,,,0,percent of total billed charges,32 pecent of charges; No services were performed during the 15 month look back period.,130978.076544,32,,,,,0,percent of total billed charges,32 pecent of charges; No services were performed during the 15 month look back period.,130978.076544,32,,,,,0,percent of total billed charges,32 pecent of charges; No services were performed during the 15 month look back period.,,,,,,,,,,,,,,,,,,,,,,,,,,,,298793.737116,73,,,,,0,percent of total billed charges,73 percent of charges; No services were performed during the 15 month look back period.,122791.94676,30,,,,,0,percent of total billed charges,30 Percent of charges; No services were performed during the 15 month look back period.,163722.59568,40,,,,,0,percent of total billed charges,40 percent of charges; No services were performed during the 15 month look back period.,118698.881868,29,,,,,0,percent of total billed charges,29 percent of charges; No services were performed during the 15 month look back period.,163722.59568,40,,,,,0,percent of total billed charges,40 percent of charges; No services were performed during the 15 month look back period.,163722.59568,40,,,,,0,percent of total billed charges,40 percent of charges; No services were performed during the 15 month look back period.,298793.737116,73,,,,,0,percent of total billed charges,73 percent of charges; No services were performed during the 15 month look back period.,,,,,,,,,,,,,,,,,,,,,,,,,,,,,,,,,,,,,118698.881868,29,,,,,0,percent of total billed charges,29 percent of charges; No services were performed during the 15 month look back period.,118698.881868,29,,,,,0,percent of total billed charges,29 percent of charges; No services were performed during the 15 month look back period.,118698.881868,29,,,,,0,percent of total billed charges,29 percent of charges; No services were performed during the 15 month look back period.,118698.881868,29,,,,,0,percent of total billed charges,29 percent of charges; No services were performed during the 15 month look back period.,118698.881868,29,,,,,0,percent of total billed charges,29 percent of charges; No services were performed during the 15 month look back period.,118698.881868,29,,,,,0,percent of total billed charges,29 percent of charges; No services were performed during the 15 month look back period.,118698.881868,29,,,,,0,percent of total billed charges,29 percent of charges; No services were performed during the 15 month look back period.,298793.737116,73,,,,,0,percent of total billed charges,73 percent of charges; No services were performed during the 15 month look back period.,53209.843596,13,,,,,0,percent of total billed charges,13 percent of charges; No services were performed during the 15 month look back period.,53209.843596,13,,,,,0,percent of total billed charges,13 percent of charges; No services were performed during the 15 month look back period.,298793.737116,73,,,,,0,percent of total billed charges,73 percent of charges; No services were performed during the 15 month look back period.,130978.076544,32,,,,,0,percent of total billed charges,32 pecent of charges; No services were performed during the 15 month look back period.,40930.64892,10,,,,,0,percent of total billed charges,10 percent of charges; No services were performed during the 15 month look back period.,40930.64892,10,,,,,0,percent of total billed charges,10 percent of charges; No services were performed during the 15 month look back period.,298793.737116,73,,,,,0,percent of total billed charges,73 percent of charges; No services were performed during the 15 month look back period.,,,,,,,,,,40930.64892,10,,,,,0,percent of total billed charges,10 percent of charges; No services were performed during the 15 month look back period.,40930.64892,10,,,,,0,percent of total billed charges,10 percent of charges; No services were performed during the 15 month look back period.,40930.64892,10,,,,,0,percent of total billed charges,10 percent of charges; No services were performed during the 15 month look back period.,,,,,,,,,,40930.64892,10,,,,,0,percent of total billed charges,10 percent of charges; No services were performed during the 15 month look back period.,40930.64892,10,,,,,0,percent of total billed charges,10 percent of charges; No services were performed during the 15 month look back period.,,,,,,,,,,98233.557408,24,,,,,0,percent of total billed charges,24 percent of charges; No services were performed during the 15 month look back period.,,,,,,,,,,,,,,,,,,,,,,,,,,,,,,,,,,,,,,,,,,,,,,,,,,,,,,,,,,,,,,,,,,,,,,,,,,,,,,,,,,298793.737116,73,,,,,0,percent of total billed charges,73 percent of charges; No services were performed during the 15 month look back period.,298793.737116,73,,,,,0,percent of total billed charges,73 percent of charges; No services were performed during the 15 month look back period.,298793.737116,73,,,,,0,percent of total billed charges,73 percent of charges; No services were performed during the 15 month look back period.,298793.737116,73,,,,,0,percent of total billed charges,73 percent of charges; No services were performed during the 15 month look back period.,298793.737116,73,,,,,0,percent of total billed charges,73 percent of charges; No services were performed during the 15 month look back period.,298793.737116,73,,,,,0,percent of total billed charges,73 percent of charges; No services were performed during the 15 month look back period.,298793.737116,73,,,,,0,percent of total billed charges,73 percent of charges; No services were performed during the 15 month look back period.,298793.737116,73,,,,,0,percent of total billed charges,73 percent of charges; No services were performed during the 15 month look back period.,298793.737116,73,,,,,0,percent of total billed charges,73 percent of charges; No services were performed during the 15 month look back period.,298793.737116,73,,,,,0,percent of total billed charges,73 percent of charges; No services were performed during the 15 month look back period.,298793.737116,73,,,,,0,percent of total billed charges,73 percent of charges; No services were performed during the 15 month look back period.,298793.737116,73,,,,,0,percent of total billed charges,73 percent of charges; No services were performed during the 15 month look back period.,298793.737116,73,,,,,0,percent of total billed charges,73 percent of charges; No services were performed during the 15 month look back period.,298793.737116,73,,,,,0,percent of total billed charges,73 percent of charges; No services were performed during the 15 month look back period.,298793.737116,73,,,,,0,percent of total billed charges,73 percent of charges; No services were performed during the 15 month look back period.,298793.737116,73,,,,,0,percent of total billed charges,73 percent of charges; No services were performed during the 15 month look back period.,298793.737116,73,,,,,0,percent of total billed charges,73 percent of charges; No services were performed during the 15 month look back period.,298793.737116,73,,,,,0,percent of total billed charges,73 percent of charges; No services were performed during the 15 month look back period.,298793.737116,73,,,,,0,percent of total billed charges,73 percent of charges; No services were performed during the 15 month look back period.,298793.737116,73,,,,,0,percent of total billed charges,73 percent of charges; No services were performed during the 15 month look back period.,298793.737116,73,,,,,0,percent of total billed charges,73 percent of charges; No services were performed during the 15 month look back period.,298793.737116,73,,,,,0,percent of total billed charges,73 percent of charges; No services were performed during the 15 month look back period.,298793.737116,73,,,,,0,percent of total billed charges,73 percent of charges; No services were performed during the 15 month look back period.,298793.737116,73,,,,,0,percent of total billed charges,73 percent of charges; No services were performed during the 15 month look back period.,298793.737116,73,,,,,0,percent of total billed charges,73 percent of charges; No services were performed during the 15 month look back period.,298793.737116,73,,,,,0,percent of total billed charges,73 percent of charges; No services were performed during the 15 month look back period.,118698.881868,29,,,,,0,percent of total billed charges,29 percent of charges; No services were performed during the 15 month look back period.,118698.881868,29,,,,,0,percent of total billed charges,29 percent of charges; No services were performed during the 15 month look back period.,118698.881868,29,,,,,0,percent of total billed charges,29 percent of charges; No services were performed during the 15 month look back period.,118698.881868,29,,,,,0,percent of total billed charges,29 percent of charges; No services were performed during the 15 month look back period.,163722.59568,40,,,,,0,percent of total billed charges,40 percent of charges; No services were performed during the 15 month look back period.,163722.59568,40,,,,,0,percent of total billed charges,40 percent of charges; No services were performed during the 15 month look back period.,130978.076544,32,,,,,0,percent of total billed charges,32 pecent of charges; No services were performed during the 15 month look back period.,,,,,,,,,,40930.64892,10,,,,,0,percent of total billed charges,10 percent of charges; No services were performed during the 15 month look back period.,,,,,,,,,,298793.737116,73,,,,,0,percent of total billed charges,73 percent of charges; No services were performed during the 15 month look back period.,163722.59568,40,,,,,0,percent of total billed charges,40 percent of charges; No services were performed during the 15 month look back period.,,,,,,,,,,40930.64892,10,,,,,0,percent of total billed charges,10 percent of charges; No services were performed during the 15 month look back period.,130978.076544,32,,,,,0,percent of total billed charges,32 pecent of charges; No services were performed during the 15 month look back period.,,,,,,,,,,298793.737116,73,,,,,0,percent of total billed charges,73 percent of charges; No services were performed during the 15 month look back period.,,,,,,,,,,118698.881868,29,,,,,0,percent of total billed charges,29 percent of charges; No services were performed during the 15 month look back period.,118698.881868,29,,,,,0,percent of total billed charges,29 percent of charges; No services were performed during the 15 month look back period.,118698.881868,29,,,,,0,percent of total billed charges,29 percent of charges; No services were performed during the 15 month look back period.,,,,,,,,,,98233.557408,24,,,,,0,percent of total billed charges,24 percent of charges; No services were performed during the 15 month look back period.,,,,,,,,,,,,,,,,,,,,,,,,,,,,,,,,,,,,,,,,,,,,,,122791.94676,30,,,,,0,percent of total billed charges,30 Percent of charges; No services were performed during the 15 month look back period.,122791.94676,30,,,,,0,percent of total billed charges,30 Percent of charges; No services were performed during the 15 month look back period.,,,,,,,,,,130978.076544,32,,,,,0,percent of total billed charges,32 pecent of charges; No services were performed during the 15 month look back period.,40930.64892,10,,,,,0,percent of total billed charges,10 percent of charges; No services were performed during the 15 month look back period.,40930.64892,10,,,,,0,percent of total billed charges,10 percent of charges; No services were performed during the 15 month look back period.,,,,,,,,,,130978.076544,32,,,,,0,percent of total billed charges,32 pecent of charges; No services were performed during the 15 month look back period.,122791.94676,30,,,,,0,percent of total billed charges,30 Percent of charges; No services were performed during the 15 month look back period.,122791.94676,30,,,,,0,percent of total billed charges,30 Percent of charges; No services were performed during the 15 month look back period.,122791.94676,30,,,,,0,percent of total billed charges,30 Percent of charges; No services were performed during the 15 month look back period.,298793.737116,73,,,,,0,percent of total billed charges,73 percent of charges; No services were performed during the 15 month look back period.,298793.737116,73,,,,,0,percent of total billed charges,73 percent of charges; No services were performed during the 15 month look back period.,298793.737116,73,,,,,0,percent of total billed charges,73 percent of charges; No services were performed during the 15 month look back period.,298793.737116,73,,,,,0,percent of total billed charges,73 percent of charges; No services were performed during the 15 month look back period.,298793.737116,73,,,,,0,percent of total billed charges,73 percent of charges; No services were performed during the 15 month look back period.,298793.737116,73,,,,,0,percent of total billed charges,73 percent of charges; No services were performed during the 15 month look back period.,298793.737116,73,,,,,0,percent of total billed charges,73 percent of charges; No services were performed during the 15 month look back period.,298793.737116,73,,,,,0,percent of total billed charges,73 percent of charges; No services were performed during the 15 month look back period.,298793.737116,73,,,,,0,percent of total billed charges,73 percent of charges; No services were performed during the 15 month look back period.,298793.737116,73,,,,,0,percent of total billed charges,73 percent of charges; No services were performed during the 15 month look back period.,298793.737116,73,,,,,0,percent of total billed charges,73 percent of charges; No services were performed during the 15 month look back period.,163722.59568,40,,,,,0,percent of total billed charges,40 percent of charges; No services were performed during the 15 month look back period.,,,,,,,,,,130978.076544,32,,,,,0,percent of total billed charges,32 pecent of charges; No services were performed during the 15 month look back period.,,,,,,,,,,122791.94676,30,,,,,0,percent of total billed charges,30 Percent of charges; No services were performed during the 15 month look back period.,130978.076544,32,,,,,0,percent of total billed charges,32 pecent of charges; No services were performed during the 15 month look back period.,130978.076544,32,,,,,0,percent of total billed charges,32 pecent of charges; No services were performed during the 15 month look back period.,298793.737116,73,,,,,0,percent of total billed charges,73 percent of charges; No services were performed during the 15 month look back period.,81861.29784,20,,,,,0,percent of total billed charges,20 percent of charges; No services were performed during the 15 month look back period.,130978.076544,32,,,,,0,percent of total billed charges,32 pecent of charges; No services were performed during the 15 month look back period.,,,,,,,,,,,,,,,,,,,,,,,,,,,,,,,,,,,,,,,,,,,,,,,,,,,,,,,,,,,,,,,,130978.076544,32,,,,,0,percent of total billed charges,32 pecent of charges; No services were performed during the 15 month look back period.,98233.557408,24,,,,,0,percent of total billed charges,24 percent of charges; No services were performed during the 15 month look back period.,,,,,,,,,,,,,,,,,,,,,,,,,,,,,,,,,,,,,,,,,,,,,,,,,,,,,,,98233.557408,24,,,,,0,percent of total billed charges,24 percent of charges; No services were performed during the 15 month look back period.,126885.011652,31,,,,,0,percent of total billed charges,31 percent of charges; No services were performed during the 15 month look back period.,126885.011652,31,,,,,0,percent of total billed charges,31 percent of charges; No services were performed during the 15 month look back period.,126885.011652,31,,,,,0,percent of total billed charges,31 percent of charges; No services were performed during the 15 month look back period.,126885.011652,31,,,,,0,percent of total billed charges,31 percent of charges; No services were performed during the 15 month look back period.,126885.011652,31,,,,,0,percent of total billed charges,31 percent of charges; No services were performed during the 15 month look back period.,,,,,,,,,,163722.59568,40,,,,,0,percent of total billed charges,40 percent of charges; No services were performed during the 15 month look back period.,163722.59568,40,,,,,0,percent of total billed charges,40 percent of charges; No services were performed during the 15 month look back period.,163722.59568,40,,,,,0,percent of total billed charges,40 percent of charges; No services were performed during the 15 month look back period.,163722.59568,40,,,,,0,percent of total billed charges,40 percent of charges; No services were performed during the 15 month look back period.,122791.94676,30,,,,,0,percent of total billed charges,30 Percent of charges; No services were performed during the 15 month look back period.,122791.94676,30,,,,,0,percent of total billed charges,30 Percent of charges; No services were performed during the 15 month look back period.,122791.94676,30,,,,,0,percent of total billed charges,30 Percent of charges; No services were performed during the 15 month look back period.,122791.94676,30,,,,,0,percent of total billed charges,30 Percent of charges; No services were performed during the 15 month look back period.,98233.557408,24,,,,,0,percent of total billed charges,24 percent of charges; No services were performed during the 15 month look back period.,98233.557408,24,,,,,0,percent of total billed charges,24 percent of charges; No services were performed during the 15 month look back period.,,,,,,,,,,,,,,,,,,,,,,,,,,,,,,,,,,,,,,,,,,,,,,,,,,,,,,,98233.557408,24,,,,,0,percent of total billed charges,24 percent of charges; No services were performed during the 15 month look back period.,122791.94676,30,,,,,0,percent of total billed charges,30 Percent of charges; No services were performed during the 15 month look back period.,,,,,,,,,,,,,,,,,,,,,,,,,,,,,,,,,,,,,,,,,,,,,,,,,,,,,,,,,,,,,,,,,,,,,,,,,,,,,,,,,,,,,,,,,,,,,,,,,,,,,,,,,,,,,,,,,,,,,,,,,,,,,,,,,,,,,,,,,,,,,,,,,,,,,,,,,,,,,,,,,,,,,,,,,,,,,,,,,,,,,,,,,,,,,,,,,,,,,,,122791.94676,30,,,,,0,percent of total billed charges,30 Percent of charges; No services were performed during the 15 month look back period.,,,,,,,,,,,,,,,,,,,,,,,,,,,,,,,,,,,,,,,,,,,,,,,,,,,,,,,,,,,,,,,,40930.64892,10,,,,,0,percent of total billed charges,10 percent of charges; No services were performed during the 15 month look back period.,40930.64892,10,,,,,0,percent of total billed charges,10 percent of charges; No services were performed during the 15 month look back period.,40930.64892,10,,,,,0,percent of total billed charges,10 percent of charges; No services were performed during the 15 month look back period.,40930.64892,10,,,,,0,percent of total billed charges,10 percent of charges; No services were performed during the 15 month look back period.,,,,,,,,,,98233.557408,24,,,,,0,percent of total billed charges,24 percent of charges; No services were performed during the 15 month look back period.,118698.881868,29,,,,,0,percent of total billed charges,29 percent of charges; No services were performed during the 15 month look back period.,118698.881868,29,,,,,0,percent of total billed charges,29 percent of charges; No services were performed during the 15 month look back period.,118698.881868,29,,,,,0,percent of total billed charges,29 percent of charges; No services were performed during the 15 month look back period.,118698.881868,29,,,,,0,percent of total billed charges,29 percent of charges; No services were performed during the 15 month look back period.,,,,,,,,,,,,,,,,,,,,,,,,,,,,,,,,,,,,,,,,,,,,,,,,,,,,,,,,,,,,,,,,,,,,,,,,,,,,,,,,,,,,,,,,,,,122791.94676,30,,,,,0,percent of total billed charges,30 Percent of charges; No services were performed during the 15 month look back period.,,,,,,,,,,,,,,,,,,,,,,,,,,,,,,,,,,,,,,,,,,,,,,,,,,,,,,,,,,,,,,,,,,,,,,,,,,,,,,,,,,,,,,,,,,,,,,,,,,,,,,,,,,,,,,,,,,,,,,,,,,,,,,,130978.076544,32,,,,,0,percent of total billed charges,32 pecent of charges; No services were performed during the 15 month look back period.,,,,,,,,,,,,,,,,,,,,,,,,,,,,,,,,,,,,,,,,,,,,,,118698.881868,29,,,,,0,percent of total billed charges,29 percent of charges; No services were performed during the 15 month look back period.,118698.881868,29,,,,,0,percent of total billed charges,29 percent of charges; No services were performed during the 15 month look back period.,118698.881868,29,,,,,0,percent of total billed charges,29 percent of charges; No services were performed during the 15 month look back period.,118698.881868,29,,,,,0,percent of total billed charges,29 percent of charges; No services were performed during the 15 month look back period.,,,,,,,,,,118698.881868,29,,,,,0,percent of total billed charges,29 percent of charges; No services were performed during the 15 month look back period.,122791.94676,30,,,,,0,percent of total billed charges,30 Percent of charges; No services were performed during the 15 month look back period.,118698.881868,29,,,,,0,percent of total billed charges,29 percent of charges; No services were performed during the 15 month look back period.,130978.076544,32,,,,,0,percent of total billed charges,32 pecent of charges; No services were performed during the 15 month look back period.,118698.881868,29,,,,,0,percent of total billed charges,29 percent of charges; No services were performed during the 15 month look back period.,,,,,,,,,,,,,,,,,,,,,,,,,,,,118698.881868,29,,,,,0,percent of total billed charges,29 percent of charges; No services were performed during the 15 month look back period.,,,,,,,,,,,,,,,,,,,,,,,,,,,,,,,,,,,,,,,,,,,,,,118698.881868,29,,,,,0,percent of total billed charges,29 percent of charges; No services were performed during the 15 month look back period.,118698.881868,29,,,,,0,percent of total billed charges,29 percent of charges; No services were performed during the 15 month look back period.,118698.881868,29,,,,,0,percent of total billed charges,29 percent of charges; No services were performed during the 15 month look back period.,118698.881868,29,,,,,0,percent of total billed charges,29 percent of charges; No services were performed during the 15 month look back period.,,,,,,,,,,,,,,,,,,,,,,,,,,,,,,,,,,,,,,,,,,,,,,,,,,,,,,,,,,,,,,,,,,,,,,,,,,,,,,,,,,,,,,,,,,,118698.881868,29,,,,,0,percent of total billed charges,29 percent of charges; No services were performed during the 15 month look back period.,130978.076544,32,,,,,0,percent of total billed charges,32 pecent of charges; No services were performed during the 15 month look back period.,298793.737116,73,,,,,0,percent of total billed charges,73 percent of charges; No services were performed during the 15 month look back period.,40930.64892,10,,,,,0,percent of total billed charges,10 percent of charges; No services were performed during the 15 month look back period.,40930.64892,10,,,,,0,percent of total billed charges,10 percent of charges; No services were performed during the 15 month look back period.,122791.94676,30,,,,,0,percent of total billed charges,30 Percent of charges; No services were performed during the 15 month look back period.,,,,,,,,,,163722.59568,40,,,,,0,percent of total billed charges,40 percent of charges; No services were performed during the 15 month look back period.,163722.59568,40,,,,,0,percent of total billed charges,40 percent of charges; No services were performed during the 15 month look back period.,,,,,,,,,,,,,,,,,,,,,,,,,,,,,,,,,,,,,,,,,,,,,,,,,,,,,,,40930.64892,10,,,,,0,percent of total billed charges,10 percent of charges; No services were performed during the 15 month look back period.,,,,,,,,,,,,,,,,,,,,,,,,,,,,,,,,,,,,,118698.881868,29,,,,,0,percent of total billed charges,29 percent of charges; No services were performed during the 15 month look back period.,,,,,,,,,,,,,,,,,,,118698.881868,29,,,,,0,percent of total billed charges,29 percent of charges; No services were performed during the 15 month look back period.,,,,,,,,,,,,,,,,,,,,,,,,,,,,98233.557408,24,,,,,0,percent of total billed charges,24 percent of charges; No services were performed during the 15 month look back period.,118698.881868,29,,,,,0,percent of total billed charges,29 percent of charges; No services were performed during the 15 month look back period.,,,,,,,,,,,,,,,,,,,,,,,,,,,,,,,,,,,,,40930.64892,10,,,,,0,percent of total billed charges,10 percent of charges; No services were performed during the 15 month look back period.,,,,,,,,,,,,,,,,,,,,,,,,,,,,,,,,,,,,,,,,,,,,,,,,,,,,,,,,,,,,,,,,,,,,,,,,,40930.64892,10,,,,,0,percent of total billed charges,10 percent of charges; No services were performed during the 15 month look back period.,,,,,,,,,,,,,,,,,,,,,,,,,,,,,,,,,,,,,,,,,,,,,,,,,,,,,,,,,,,,,,,,,,,,,,,,,,,,,,,,,,,,,,,,,,,,,,,,,,,,,,,,,,,,,,,,,,,,,,118698.881868,29,,,,,0,percent of total billed charges,29 percent of charges; No services were performed during the 15 month look back period.,118698.881868,29,,,,,0,percent of total billed charges,29 percent of charges; No services were performed during the 15 month look back period.,118698.881868,29,,,,,0,percent of total billed charges,29 percent of charges; No services were performed during the 15 month look back period.,118698.881868,29,,,,,0,percent of total billed charges,29 percent of charges; No services were performed during the 15 month look back period.,118698.881868,29,,,,,0,percent of total billed charges,29 percent of charges; No services were performed during the 15 month look back period.,118698.881868,29,,,,,0,percent of total billed charges,29 percent of charges; No services were performed during the 15 month look back period.,118698.881868,29,,,,,0,percent of total billed charges,29 percent of charges; No services were performed during the 15 month look back period.,118698.881868,29,,,,,0,percent of total billed charges,29 percent of charges; No services were performed during the 15 month look back period.,118698.881868,29,,,,,0,percent of total billed charges,29 percent of charges; No services were performed during the 15 month look back period.,118698.881868,29,,,,,0,percent of total billed charges,29 percent of charges; No services were performed during the 15 month look back period.,118698.881868,29,,,,,0,percent of total billed charges,29 percent of charges; No services were performed during the 15 month look back period.,118698.881868,29,,,,,0,percent of total billed charges,29 percent of charges; No services were performed during the 15 month look back period.,118698.881868,29,,,,,0,percent of total billed charges,29 percent of charges; No services were performed during the 15 month look back period.,,,,,,,,,,118698.881868,29,,,,,0,percent of total billed charges,29 percent of charges; No services were performed during the 15 month look back period.,,,,,,,,,,77768.232948,19,,,,,0,percent of total billed charges,19 percent of charges; No services were performed during the 15 month look back period.,53209.843596,13,,,,,0,percent of total billed charges,13 percent of charges; No services were performed during the 15 month look back period.,40930.64892,10,,,,,0,percent of total billed charges,10 percent of charges; No services were performed during the 15 month look back period.,40930.64892,10,,,,,0,percent of total billed charges,10 percent of charges; No services were performed during the 15 month look back period.,,,,,,,,,,163722.59568,40,,,,,0,percent of total billed charges,40 percent of charges; No services were performed during the 15 month look back period.,,,,,,,,,,,,,,,,,,,122791.94676,30,,,,,0,percent of total billed charges,30 Percent of charges; No services were performed during the 15 month look back period.,,,,,,,,,,130978.076544,32,,,,,0,percent of total billed charges,32 pecent of charges; No services were performed during the 15 month look back period.,,,,,,,,,,130978.076544,32,,,,,0,percent of total billed charges,32 pecent of charges; No services were performed during the 15 month look back period.,122791.94676,30,,,,,0,percent of total billed charges,30 Percent of charges; No services were performed during the 15 month look back period.,130978.076544,32,,,,,0,percent of total billed charges,32 pecent of charges; No services were performed during the 15 month look back period.,,,,,,,,,,,,,,,,,,,,,,,,,,,,130978.076544,32,,,,,0,percent of total billed charges,32 pecent of charges; No services were performed during the 15 month look back period.,40930.64892,10,,,,,0,percent of total billed charges,10 percent of charges; No services were performed during the 15 month look back period.,,,,,,,,,,,,,,,,,,,,,,,,,,,,,,,,,,,,,,,,,,,,,,,,,,,,,,,,,,,,,,,,40930.64892,10,,,,,0,percent of total billed charges,10 percent of charges; No services were performed during the 15 month look back period.,,,,,,,,,,,,,,,,,,,,,,,,,,,,118698.881868,29,,,,,0,percent of total billed charges,29 percent of charges; No services were performed during the 15 month look back period.,118698.881868,29,,,,,0,percent of total billed charges,29 percent of charges; No services were performed during the 15 month look back period.,126885.011652,31,,,,,0,percent of total billed charges,31 percent of charges; No services were performed during the 15 month look back period.,,,,,,,,,,40930.64892,10,,,,,0,percent of total billed charges,10 percent of charges; No services were performed during the 15 month look back period.,130978.076544,32,,,,,0,percent of total billed charges,32 pecent of charges; No services were performed during the 15 month look back period.,122791.94676,30,,,,,0,percent of total billed charges,30 Percent of charges; No services were performed during the 15 month look back period.,40930.64892,10,,,,,0,percent of total billed charges,10 percent of charges; No services were performed during the 15 month look back period.,122791.94676,30,,,,,0,percent of total billed charges,30 Percent of charges; No services were performed during the 15 month look back period.,40930.64892,10,,,,,0,percent of total billed charges,10 percent of charges; No services were performed during the 15 month look back period.,,,,,,,,,,,,,,,,,,,,,,,,,,,,,,,,,,,,,,,,,,,,,,2046.532446,409306.4892,
J9272,HCPCS,5010003,LOCAL,636,RC,"INJ, DOSTARLIMAB-GXLY, 10 MG",3629.76768,689.655859,Inpatient,ME,10,,,,,,,,,,,,,,,,,,,,1088.930304,30,,,,,0,percent of total billed charges,30 Percent of charges; No services were performed during the 15 month look back period.,3629.76768,100,,,,,0,percent of total billed charges,100 percent of charges; No services were performed during the 15 month look back period.,,,,,,,,,,1088.930304,30,,,,,0,percent of total billed charges,30 Percent of charges; No services were performed during the 15 month look back period.,1088.930304,30,,,,,0,percent of total billed charges,30 Percent of charges; No services were performed during the 15 month look back period.,1088.930304,30,,,,,0,percent of total billed charges,30 Percent of charges; No services were performed during the 15 month look back period.,362.976768,10,,,,,0,percent of total billed charges,10 percent of charges; No services were performed during the 15 month look back period.,,,,,,,,,,2649.730406,73,,,,,0,percent of total billed charges,73 percent of charges; No services were performed during the 15 month look back period.,362.976768,10,,,,,0,percent of total billed charges,10 percent of charges; No services were performed during the 15 month look back period.,,,,,,,,,,,,,,,,,,,1161.525658,32,,,,,0,percent of total billed charges,32 pecent of charges; No services were performed during the 15 month look back period.,1161.525658,32,,,,,0,percent of total billed charges,32 pecent of charges; No services were performed during the 15 month look back period.,1161.525658,32,,,,,0,percent of total billed charges,32 pecent of charges; No services were performed during the 15 month look back period.,1161.525658,32,,,,,0,percent of total billed charges,32 pecent of charges; No services were performed during the 15 month look back period.,,,,,,,,,,,,,,,,,,,,,,,,,,,,2649.730406,73,,,,,0,percent of total billed charges,73 percent of charges; No services were performed during the 15 month look back period.,1088.930304,30,,,,,0,percent of total billed charges,30 Percent of charges; No services were performed during the 15 month look back period.,1451.907072,40,,,,,0,percent of total billed charges,40 percent of charges; No services were performed during the 15 month look back period.,1052.632627,29,,,,,0,percent of total billed charges,29 percent of charges; No services were performed during the 15 month look back period.,1451.907072,40,,,,,0,percent of total billed charges,40 percent of charges; No services were performed during the 15 month look back period.,1451.907072,40,,,,,0,percent of total billed charges,40 percent of charges; No services were performed during the 15 month look back period.,2649.730406,73,,,,,0,percent of total billed charges,73 percent of charges; No services were performed during the 15 month look back period.,,,,,,,,,,,,,,,,,,,,,,,,,,,,,,,,,,,,,1052.632627,29,,,,,0,percent of total billed charges,29 percent of charges; No services were performed during the 15 month look back period.,1052.632627,29,,,,,0,percent of total billed charges,29 percent of charges; No services were performed during the 15 month look back period.,1052.632627,29,,,,,0,percent of total billed charges,29 percent of charges; No services were performed during the 15 month look back period.,1052.632627,29,,,,,0,percent of total billed charges,29 percent of charges; No services were performed during the 15 month look back period.,1052.632627,29,,,,,0,percent of total billed charges,29 percent of charges; No services were performed during the 15 month look back period.,1052.632627,29,,,,,0,percent of total billed charges,29 percent of charges; No services were performed during the 15 month look back period.,1052.632627,29,,,,,0,percent of total billed charges,29 percent of charges; No services were performed during the 15 month look back period.,2649.730406,73,,,,,0,percent of total billed charges,73 percent of charges; No services were performed during the 15 month look back period.,471.869798,13,,,,,0,percent of total billed charges,13 percent of charges; No services were performed during the 15 month look back period.,471.869798,13,,,,,0,percent of total billed charges,13 percent of charges; No services were performed during the 15 month look back period.,2649.730406,73,,,,,0,percent of total billed charges,73 percent of charges; No services were performed during the 15 month look back period.,1161.525658,32,,,,,0,percent of total billed charges,32 pecent of charges; No services were performed during the 15 month look back period.,362.976768,10,,,,,0,percent of total billed charges,10 percent of charges; No services were performed during the 15 month look back period.,362.976768,10,,,,,0,percent of total billed charges,10 percent of charges; No services were performed during the 15 month look back period.,2649.730406,73,,,,,0,percent of total billed charges,73 percent of charges; No services were performed during the 15 month look back period.,,,,,,,,,,362.976768,10,,,,,0,percent of total billed charges,10 percent of charges; No services were performed during the 15 month look back period.,362.976768,10,,,,,0,percent of total billed charges,10 percent of charges; No services were performed during the 15 month look back period.,362.976768,10,,,,,0,percent of total billed charges,10 percent of charges; No services were performed during the 15 month look back period.,,,,,,,,,,362.976768,10,,,,,0,percent of total billed charges,10 percent of charges; No services were performed during the 15 month look back period.,362.976768,10,,,,,0,percent of total billed charges,10 percent of charges; No services were performed during the 15 month look back period.,,,,,,,,,,871.144243,24,,,,,0,percent of total billed charges,24 percent of charges; No services were performed during the 15 month look back period.,,,,,,,,,,,,,,,,,,,,,,,,,,,,,,,,,,,,,,,,,,,,,,,,,,,,,,,,,,,,,,,,,,,,,,,,,,,,,,,,,,2649.730406,73,,,,,0,percent of total billed charges,73 percent of charges; No services were performed during the 15 month look back period.,2649.730406,73,,,,,0,percent of total billed charges,73 percent of charges; No services were performed during the 15 month look back period.,2649.730406,73,,,,,0,percent of total billed charges,73 percent of charges; No services were performed during the 15 month look back period.,2649.730406,73,,,,,0,percent of total billed charges,73 percent of charges; No services were performed during the 15 month look back period.,2649.730406,73,,,,,0,percent of total billed charges,73 percent of charges; No services were performed during the 15 month look back period.,2649.730406,73,,,,,0,percent of total billed charges,73 percent of charges; No services were performed during the 15 month look back period.,2649.730406,73,,,,,0,percent of total billed charges,73 percent of charges; No services were performed during the 15 month look back period.,2649.730406,73,,,,,0,percent of total billed charges,73 percent of charges; No services were performed during the 15 month look back period.,2649.730406,73,,,,,0,percent of total billed charges,73 percent of charges; No services were performed during the 15 month look back period.,2649.730406,73,,,,,0,percent of total billed charges,73 percent of charges; No services were performed during the 15 month look back period.,2649.730406,73,,,,,0,percent of total billed charges,73 percent of charges; No services were performed during the 15 month look back period.,2649.730406,73,,,,,0,percent of total billed charges,73 percent of charges; No services were performed during the 15 month look back period.,2649.730406,73,,,,,0,percent of total billed charges,73 percent of charges; No services were performed during the 15 month look back period.,2649.730406,73,,,,,0,percent of total billed charges,73 percent of charges; No services were performed during the 15 month look back period.,2649.730406,73,,,,,0,percent of total billed charges,73 percent of charges; No services were performed during the 15 month look back period.,2649.730406,73,,,,,0,percent of total billed charges,73 percent of charges; No services were performed during the 15 month look back period.,2649.730406,73,,,,,0,percent of total billed charges,73 percent of charges; No services were performed during the 15 month look back period.,2649.730406,73,,,,,0,percent of total billed charges,73 percent of charges; No services were performed during the 15 month look back period.,2649.730406,73,,,,,0,percent of total billed charges,73 percent of charges; No services were performed during the 15 month look back period.,2649.730406,73,,,,,0,percent of total billed charges,73 percent of charges; No services were performed during the 15 month look back period.,2649.730406,73,,,,,0,percent of total billed charges,73 percent of charges; No services were performed during the 15 month look back period.,2649.730406,73,,,,,0,percent of total billed charges,73 percent of charges; No services were performed during the 15 month look back period.,2649.730406,73,,,,,0,percent of total billed charges,73 percent of charges; No services were performed during the 15 month look back period.,2649.730406,73,,,,,0,percent of total billed charges,73 percent of charges; No services were performed during the 15 month look back period.,2649.730406,73,,,,,0,percent of total billed charges,73 percent of charges; No services were performed during the 15 month look back period.,2649.730406,73,,,,,0,percent of total billed charges,73 percent of charges; No services were performed during the 15 month look back period.,1052.632627,29,,,,,0,percent of total billed charges,29 percent of charges; No services were performed during the 15 month look back period.,1052.632627,29,,,,,0,percent of total billed charges,29 percent of charges; No services were performed during the 15 month look back period.,1052.632627,29,,,,,0,percent of total billed charges,29 percent of charges; No services were performed during the 15 month look back period.,1052.632627,29,,,,,0,percent of total billed charges,29 percent of charges; No services were performed during the 15 month look back period.,1451.907072,40,,,,,0,percent of total billed charges,40 percent of charges; No services were performed during the 15 month look back period.,1451.907072,40,,,,,0,percent of total billed charges,40 percent of charges; No services were performed during the 15 month look back period.,1161.525658,32,,,,,0,percent of total billed charges,32 pecent of charges; No services were performed during the 15 month look back period.,,,,,,,,,,362.976768,10,,,,,0,percent of total billed charges,10 percent of charges; No services were performed during the 15 month look back period.,,,,,,,,,,2649.730406,73,,,,,0,percent of total billed charges,73 percent of charges; No services were performed during the 15 month look back period.,1451.907072,40,,,,,0,percent of total billed charges,40 percent of charges; No services were performed during the 15 month look back period.,,,,,,,,,,362.976768,10,,,,,0,percent of total billed charges,10 percent of charges; No services were performed during the 15 month look back period.,1161.525658,32,,,,,0,percent of total billed charges,32 pecent of charges; No services were performed during the 15 month look back period.,,,,,,,,,,2649.730406,73,,,,,0,percent of total billed charges,73 percent of charges; No services were performed during the 15 month look back period.,,,,,,,,,,1052.632627,29,,,,,0,percent of total billed charges,29 percent of charges; No services were performed during the 15 month look back period.,1052.632627,29,,,,,0,percent of total billed charges,29 percent of charges; No services were performed during the 15 month look back period.,1052.632627,29,,,,,0,percent of total billed charges,29 percent of charges; No services were performed during the 15 month look back period.,,,,,,,,,,871.144243,24,,,,,0,percent of total billed charges,24 percent of charges; No services were performed during the 15 month look back period.,,,,,,,,,,,,,,,,,,,,,,,,,,,,,,,,,,,,,,,,,,,,,,1088.930304,30,,,,,0,percent of total billed charges,30 Percent of charges; No services were performed during the 15 month look back period.,1088.930304,30,,,,,0,percent of total billed charges,30 Percent of charges; No services were performed during the 15 month look back period.,,,,,,,,,,1161.525658,32,,,,,0,percent of total billed charges,32 pecent of charges; No services were performed during the 15 month look back period.,362.976768,10,,,,,0,percent of total billed charges,10 percent of charges; No services were performed during the 15 month look back period.,362.976768,10,,,,,0,percent of total billed charges,10 percent of charges; No services were performed during the 15 month look back period.,,,,,,,,,,1161.525658,32,,,,,0,percent of total billed charges,32 pecent of charges; No services were performed during the 15 month look back period.,1088.930304,30,,,,,0,percent of total billed charges,30 Percent of charges; No services were performed during the 15 month look back period.,1088.930304,30,,,,,0,percent of total billed charges,30 Percent of charges; No services were performed during the 15 month look back period.,1088.930304,30,,,,,0,percent of total billed charges,30 Percent of charges; No services were performed during the 15 month look back period.,2649.730406,73,,,,,0,percent of total billed charges,73 percent of charges; No services were performed during the 15 month look back period.,2649.730406,73,,,,,0,percent of total billed charges,73 percent of charges; No services were performed during the 15 month look back period.,2649.730406,73,,,,,0,percent of total billed charges,73 percent of charges; No services were performed during the 15 month look back period.,2649.730406,73,,,,,0,percent of total billed charges,73 percent of charges; No services were performed during the 15 month look back period.,2649.730406,73,,,,,0,percent of total billed charges,73 percent of charges; No services were performed during the 15 month look back period.,2649.730406,73,,,,,0,percent of total billed charges,73 percent of charges; No services were performed during the 15 month look back period.,2649.730406,73,,,,,0,percent of total billed charges,73 percent of charges; No services were performed during the 15 month look back period.,2649.730406,73,,,,,0,percent of total billed charges,73 percent of charges; No services were performed during the 15 month look back period.,2649.730406,73,,,,,0,percent of total billed charges,73 percent of charges; No services were performed during the 15 month look back period.,2649.730406,73,,,,,0,percent of total billed charges,73 percent of charges; No services were performed during the 15 month look back period.,2649.730406,73,,,,,0,percent of total billed charges,73 percent of charges; No services were performed during the 15 month look back period.,1451.907072,40,,,,,0,percent of total billed charges,40 percent of charges; No services were performed during the 15 month look back period.,,,,,,,,,,1161.525658,32,,,,,0,percent of total billed charges,32 pecent of charges; No services were performed during the 15 month look back period.,,,,,,,,,,1088.930304,30,,,,,0,percent of total billed charges,30 Percent of charges; No services were performed during the 15 month look back period.,1161.525658,32,,,,,0,percent of total billed charges,32 pecent of charges; No services were performed during the 15 month look back period.,1161.525658,32,,,,,0,percent of total billed charges,32 pecent of charges; No services were performed during the 15 month look back period.,2649.730406,73,,,,,0,percent of total billed charges,73 percent of charges; No services were performed during the 15 month look back period.,725.953536,20,,,,,0,percent of total billed charges,20 percent of charges; No services were performed during the 15 month look back period.,1161.525658,32,,,,,0,percent of total billed charges,32 pecent of charges; No services were performed during the 15 month look back period.,,,,,,,,,,,,,,,,,,,,,,,,,,,,,,,,,,,,,,,,,,,,,,,,,,,,,,,,,,,,,,,,1161.525658,32,,,,,0,percent of total billed charges,32 pecent of charges; No services were performed during the 15 month look back period.,871.144243,24,,,,,0,percent of total billed charges,24 percent of charges; No services were performed during the 15 month look back period.,,,,,,,,,,,,,,,,,,,,,,,,,,,,,,,,,,,,,,,,,,,,,,,,,,,,,,,871.144243,24,,,,,0,percent of total billed charges,24 percent of charges; No services were performed during the 15 month look back period.,1125.227981,31,,,,,0,percent of total billed charges,31 percent of charges; No services were performed during the 15 month look back period.,1125.227981,31,,,,,0,percent of total billed charges,31 percent of charges; No services were performed during the 15 month look back period.,1125.227981,31,,,,,0,percent of total billed charges,31 percent of charges; No services were performed during the 15 month look back period.,1125.227981,31,,,,,0,percent of total billed charges,31 percent of charges; No services were performed during the 15 month look back period.,1125.227981,31,,,,,0,percent of total billed charges,31 percent of charges; No services were performed during the 15 month look back period.,,,,,,,,,,1451.907072,40,,,,,0,percent of total billed charges,40 percent of charges; No services were performed during the 15 month look back period.,1451.907072,40,,,,,0,percent of total billed charges,40 percent of charges; No services were performed during the 15 month look back period.,1451.907072,40,,,,,0,percent of total billed charges,40 percent of charges; No services were performed during the 15 month look back period.,1451.907072,40,,,,,0,percent of total billed charges,40 percent of charges; No services were performed during the 15 month look back period.,1088.930304,30,,,,,0,percent of total billed charges,30 Percent of charges; No services were performed during the 15 month look back period.,1088.930304,30,,,,,0,percent of total billed charges,30 Percent of charges; No services were performed during the 15 month look back period.,1088.930304,30,,,,,0,percent of total billed charges,30 Percent of charges; No services were performed during the 15 month look back period.,1088.930304,30,,,,,0,percent of total billed charges,30 Percent of charges; No services were performed during the 15 month look back period.,871.144243,24,,,,,0,percent of total billed charges,24 percent of charges; No services were performed during the 15 month look back period.,871.144243,24,,,,,0,percent of total billed charges,24 percent of charges; No services were performed during the 15 month look back period.,,,,,,,,,,,,,,,,,,,,,,,,,,,,,,,,,,,,,,,,,,,,,,,,,,,,,,,871.144243,24,,,,,0,percent of total billed charges,24 percent of charges; No services were performed during the 15 month look back period.,1088.930304,30,,,,,0,percent of total billed charges,30 Percent of charges; No services were performed during the 15 month look back period.,,,,,,,,,,,,,,,,,,,,,,,,,,,,,,,,,,,,,,,,,,,,,,,,,,,,,,,,,,,,,,,,,,,,,,,,,,,,,,,,,,,,,,,,,,,,,,,,,,,,,,,,,,,,,,,,,,,,,,,,,,,,,,,,,,,,,,,,,,,,,,,,,,,,,,,,,,,,,,,,,,,,,,,,,,,,,,,,,,,,,,,,,,,,,,,,,,,,,,,1088.930304,30,,,,,0,percent of total billed charges,30 Percent of charges; No services were performed during the 15 month look back period.,,,,,,,,,,,,,,,,,,,,,,,,,,,,,,,,,,,,,,,,,,,,,,,,,,,,,,,,,,,,,,,,362.976768,10,,,,,0,percent of total billed charges,10 percent of charges; No services were performed during the 15 month look back period.,362.976768,10,,,,,0,percent of total billed charges,10 percent of charges; No services were performed during the 15 month look back period.,362.976768,10,,,,,0,percent of total billed charges,10 percent of charges; No services were performed during the 15 month look back period.,362.976768,10,,,,,0,percent of total billed charges,10 percent of charges; No services were performed during the 15 month look back period.,,,,,,,,,,871.144243,24,,,,,0,percent of total billed charges,24 percent of charges; No services were performed during the 15 month look back period.,1052.632627,29,,,,,0,percent of total billed charges,29 percent of charges; No services were performed during the 15 month look back period.,1052.632627,29,,,,,0,percent of total billed charges,29 percent of charges; No services were performed during the 15 month look back period.,1052.632627,29,,,,,0,percent of total billed charges,29 percent of charges; No services were performed during the 15 month look back period.,1052.632627,29,,,,,0,percent of total billed charges,29 percent of charges; No services were performed during the 15 month look back period.,,,,,,,,,,,,,,,,,,,,,,,,,,,,,,,,,,,,,,,,,,,,,,,,,,,,,,,,,,,,,,,,,,,,,,,,,,,,,,,,,,,,,,,,,,,1088.930304,30,,,,,0,percent of total billed charges,30 Percent of charges; No services were performed during the 15 month look back period.,,,,,,,,,,,,,,,,,,,,,,,,,,,,,,,,,,,,,,,,,,,,,,,,,,,,,,,,,,,,,,,,,,,,,,,,,,,,,,,,,,,,,,,,,,,,,,,,,,,,,,,,,,,,,,,,,,,,,,,,,,,,,,,1161.525658,32,,,,,0,percent of total billed charges,32 pecent of charges; No services were performed during the 15 month look back period.,,,,,,,,,,,,,,,,,,,,,,,,,,,,,,,,,,,,,,,,,,,,,,1052.632627,29,,,,,0,percent of total billed charges,29 percent of charges; No services were performed during the 15 month look back period.,1052.632627,29,,,,,0,percent of total billed charges,29 percent of charges; No services were performed during the 15 month look back period.,1052.632627,29,,,,,0,percent of total billed charges,29 percent of charges; No services were performed during the 15 month look back period.,1052.632627,29,,,,,0,percent of total billed charges,29 percent of charges; No services were performed during the 15 month look back period.,,,,,,,,,,1052.632627,29,,,,,0,percent of total billed charges,29 percent of charges; No services were performed during the 15 month look back period.,1088.930304,30,,,,,0,percent of total billed charges,30 Percent of charges; No services were performed during the 15 month look back period.,1052.632627,29,,,,,0,percent of total billed charges,29 percent of charges; No services were performed during the 15 month look back period.,1161.525658,32,,,,,0,percent of total billed charges,32 pecent of charges; No services were performed during the 15 month look back period.,1052.632627,29,,,,,0,percent of total billed charges,29 percent of charges; No services were performed during the 15 month look back period.,,,,,,,,,,,,,,,,,,,,,,,,,,,,1052.632627,29,,,,,0,percent of total billed charges,29 percent of charges; No services were performed during the 15 month look back period.,,,,,,,,,,,,,,,,,,,,,,,,,,,,,,,,,,,,,,,,,,,,,,1052.632627,29,,,,,0,percent of total billed charges,29 percent of charges; No services were performed during the 15 month look back period.,1052.632627,29,,,,,0,percent of total billed charges,29 percent of charges; No services were performed during the 15 month look back period.,1052.632627,29,,,,,0,percent of total billed charges,29 percent of charges; No services were performed during the 15 month look back period.,1052.632627,29,,,,,0,percent of total billed charges,29 percent of charges; No services were performed during the 15 month look back period.,,,,,,,,,,,,,,,,,,,,,,,,,,,,,,,,,,,,,,,,,,,,,,,,,,,,,,,,,,,,,,,,,,,,,,,,,,,,,,,,,,,,,,,,,,,1052.632627,29,,,,,0,percent of total billed charges,29 percent of charges; No services were performed during the 15 month look back period.,1161.525658,32,,,,,0,percent of total billed charges,32 pecent of charges; No services were performed during the 15 month look back period.,2649.730406,73,,,,,0,percent of total billed charges,73 percent of charges; No services were performed during the 15 month look back period.,362.976768,10,,,,,0,percent of total billed charges,10 percent of charges; No services were performed during the 15 month look back period.,362.976768,10,,,,,0,percent of total billed charges,10 percent of charges; No services were performed during the 15 month look back period.,1088.930304,30,,,,,0,percent of total billed charges,30 Percent of charges; No services were performed during the 15 month look back period.,,,,,,,,,,1451.907072,40,,,,,0,percent of total billed charges,40 percent of charges; No services were performed during the 15 month look back period.,1451.907072,40,,,,,0,percent of total billed charges,40 percent of charges; No services were performed during the 15 month look back period.,,,,,,,,,,,,,,,,,,,,,,,,,,,,,,,,,,,,,,,,,,,,,,,,,,,,,,,362.976768,10,,,,,0,percent of total billed charges,10 percent of charges; No services were performed during the 15 month look back period.,,,,,,,,,,,,,,,,,,,,,,,,,,,,,,,,,,,,,1052.632627,29,,,,,0,percent of total billed charges,29 percent of charges; No services were performed during the 15 month look back period.,,,,,,,,,,,,,,,,,,,1052.632627,29,,,,,0,percent of total billed charges,29 percent of charges; No services were performed during the 15 month look back period.,,,,,,,,,,,,,,,,,,,,,,,,,,,,871.144243,24,,,,,0,percent of total billed charges,24 percent of charges; No services were performed during the 15 month look back period.,1052.632627,29,,,,,0,percent of total billed charges,29 percent of charges; No services were performed during the 15 month look back period.,,,,,,,,,,,,,,,,,,,,,,,,,,,,,,,,,,,,,362.976768,10,,,,,0,percent of total billed charges,10 percent of charges; No services were performed during the 15 month look back period.,,,,,,,,,,,,,,,,,,,,,,,,,,,,,,,,,,,,,,,,,,,,,,,,,,,,,,,,,,,,,,,,,,,,,,,,,362.976768,10,,,,,0,percent of total billed charges,10 percent of charges; No services were performed during the 15 month look back period.,,,,,,,,,,,,,,,,,,,,,,,,,,,,,,,,,,,,,,,,,,,,,,,,,,,,,,,,,,,,,,,,,,,,,,,,,,,,,,,,,,,,,,,,,,,,,,,,,,,,,,,,,,,,,,,,,,,,,,1052.632627,29,,,,,0,percent of total billed charges,29 percent of charges; No services were performed during the 15 month look back period.,1052.632627,29,,,,,0,percent of total billed charges,29 percent of charges; No services were performed during the 15 month look back period.,1052.632627,29,,,,,0,percent of total billed charges,29 percent of charges; No services were performed during the 15 month look back period.,1052.632627,29,,,,,0,percent of total billed charges,29 percent of charges; No services were performed during the 15 month look back period.,1052.632627,29,,,,,0,percent of total billed charges,29 percent of charges; No services were performed during the 15 month look back period.,1052.632627,29,,,,,0,percent of total billed charges,29 percent of charges; No services were performed during the 15 month look back period.,1052.632627,29,,,,,0,percent of total billed charges,29 percent of charges; No services were performed during the 15 month look back period.,1052.632627,29,,,,,0,percent of total billed charges,29 percent of charges; No services were performed during the 15 month look back period.,1052.632627,29,,,,,0,percent of total billed charges,29 percent of charges; No services were performed during the 15 month look back period.,1052.632627,29,,,,,0,percent of total billed charges,29 percent of charges; No services were performed during the 15 month look back period.,1052.632627,29,,,,,0,percent of total billed charges,29 percent of charges; No services were performed during the 15 month look back period.,1052.632627,29,,,,,0,percent of total billed charges,29 percent of charges; No services were performed during the 15 month look back period.,1052.632627,29,,,,,0,percent of total billed charges,29 percent of charges; No services were performed during the 15 month look back period.,,,,,,,,,,1052.632627,29,,,,,0,percent of total billed charges,29 percent of charges; No services were performed during the 15 month look back period.,,,,,,,,,,689.655859,19,,,,,0,percent of total billed charges,19 percent of charges; No services were performed during the 15 month look back period.,471.869798,13,,,,,0,percent of total billed charges,13 percent of charges; No services were performed during the 15 month look back period.,362.976768,10,,,,,0,percent of total billed charges,10 percent of charges; No services were performed during the 15 month look back period.,362.976768,10,,,,,0,percent of total billed charges,10 percent of charges; No services were performed during the 15 month look back period.,,,,,,,,,,1451.907072,40,,,,,0,percent of total billed charges,40 percent of charges; No services were performed during the 15 month look back period.,,,,,,,,,,,,,,,,,,,1088.930304,30,,,,,0,percent of total billed charges,30 Percent of charges; No services were performed during the 15 month look back period.,,,,,,,,,,1161.525658,32,,,,,0,percent of total billed charges,32 pecent of charges; No services were performed during the 15 month look back period.,,,,,,,,,,1161.525658,32,,,,,0,percent of total billed charges,32 pecent of charges; No services were performed during the 15 month look back period.,1088.930304,30,,,,,0,percent of total billed charges,30 Percent of charges; No services were performed during the 15 month look back period.,1161.525658,32,,,,,0,percent of total billed charges,32 pecent of charges; No services were performed during the 15 month look back period.,,,,,,,,,,,,,,,,,,,,,,,,,,,,1161.525658,32,,,,,0,percent of total billed charges,32 pecent of charges; No services were performed during the 15 month look back period.,362.976768,10,,,,,0,percent of total billed charges,10 percent of charges; No services were performed during the 15 month look back period.,,,,,,,,,,,,,,,,,,,,,,,,,,,,,,,,,,,,,,,,,,,,,,,,,,,,,,,,,,,,,,,,362.976768,10,,,,,0,percent of total billed charges,10 percent of charges; No services were performed during the 15 month look back period.,,,,,,,,,,,,,,,,,,,,,,,,,,,,1052.632627,29,,,,,0,percent of total billed charges,29 percent of charges; No services were performed during the 15 month look back period.,1052.632627,29,,,,,0,percent of total billed charges,29 percent of charges; No services were performed during the 15 month look back period.,1125.227981,31,,,,,0,percent of total billed charges,31 percent of charges; No services were performed during the 15 month look back period.,,,,,,,,,,362.976768,10,,,,,0,percent of total billed charges,10 percent of charges; No services were performed during the 15 month look back period.,1161.525658,32,,,,,0,percent of total billed charges,32 pecent of charges; No services were performed during the 15 month look back period.,1088.930304,30,,,,,0,percent of total billed charges,30 Percent of charges; No services were performed during the 15 month look back period.,362.976768,10,,,,,0,percent of total billed charges,10 percent of charges; No services were performed during the 15 month look back period.,1088.930304,30,,,,,0,percent of total billed charges,30 Percent of charges; No services were performed during the 15 month look back period.,362.976768,10,,,,,0,percent of total billed charges,10 percent of charges; No services were performed during the 15 month look back period.,,,,,,,,,,,,,,,,,,,,,,,,,,,,,,,,,,,,,,,,,,,,,,18.148838,18327.463636,
J9274,HCPCS,5010003,LOCAL,636,RC,"INJ, TEBENTAFUSP-TEBN, 1 MCG",3247.11072,616.951037,Inpatient,ME,0.001,,,,,,,,,,,,,,,,,,,,974.133216,30,,,,,0,percent of total billed charges,30 Percent of charges; No services were performed during the 15 month look back period.,3247.11072,100,,,,,0,percent of total billed charges,100 percent of charges; No services were performed during the 15 month look back period.,,,,,,,,,,974.133216,30,,,,,0,percent of total billed charges,30 Percent of charges; No services were performed during the 15 month look back period.,974.133216,30,,,,,0,percent of total billed charges,30 Percent of charges; No services were performed during the 15 month look back period.,974.133216,30,,,,,0,percent of total billed charges,30 Percent of charges; No services were performed during the 15 month look back period.,324.711072,10,,,,,0,percent of total billed charges,10 percent of charges; No services were performed during the 15 month look back period.,,,,,,,,,,2370.390826,73,,,,,0,percent of total billed charges,73 percent of charges; No services were performed during the 15 month look back period.,324.711072,10,,,,,0,percent of total billed charges,10 percent of charges; No services were performed during the 15 month look back period.,,,,,,,,,,,,,,,,,,,1039.07543,32,,,,,0,percent of total billed charges,32 pecent of charges; No services were performed during the 15 month look back period.,1039.07543,32,,,,,0,percent of total billed charges,32 pecent of charges; No services were performed during the 15 month look back period.,1039.07543,32,,,,,0,percent of total billed charges,32 pecent of charges; No services were performed during the 15 month look back period.,1039.07543,32,,,,,0,percent of total billed charges,32 pecent of charges; No services were performed during the 15 month look back period.,,,,,,,,,,,,,,,,,,,,,,,,,,,,2370.390826,73,,,,,0,percent of total billed charges,73 percent of charges; No services were performed during the 15 month look back period.,974.133216,30,,,,,0,percent of total billed charges,30 Percent of charges; No services were performed during the 15 month look back period.,1298.844288,40,,,,,0,percent of total billed charges,40 percent of charges; No services were performed during the 15 month look back period.,941.662109,29,,,,,0,percent of total billed charges,29 percent of charges; No services were performed during the 15 month look back period.,1298.844288,40,,,,,0,percent of total billed charges,40 percent of charges; No services were performed during the 15 month look back period.,1298.844288,40,,,,,0,percent of total billed charges,40 percent of charges; No services were performed during the 15 month look back period.,2370.390826,73,,,,,0,percent of total billed charges,73 percent of charges; No services were performed during the 15 month look back period.,,,,,,,,,,,,,,,,,,,,,,,,,,,,,,,,,,,,,941.662109,29,,,,,0,percent of total billed charges,29 percent of charges; No services were performed during the 15 month look back period.,941.662109,29,,,,,0,percent of total billed charges,29 percent of charges; No services were performed during the 15 month look back period.,941.662109,29,,,,,0,percent of total billed charges,29 percent of charges; No services were performed during the 15 month look back period.,941.662109,29,,,,,0,percent of total billed charges,29 percent of charges; No services were performed during the 15 month look back period.,941.662109,29,,,,,0,percent of total billed charges,29 percent of charges; No services were performed during the 15 month look back period.,941.662109,29,,,,,0,percent of total billed charges,29 percent of charges; No services were performed during the 15 month look back period.,941.662109,29,,,,,0,percent of total billed charges,29 percent of charges; No services were performed during the 15 month look back period.,2370.390826,73,,,,,0,percent of total billed charges,73 percent of charges; No services were performed during the 15 month look back period.,422.124394,13,,,,,0,percent of total billed charges,13 percent of charges; No services were performed during the 15 month look back period.,422.124394,13,,,,,0,percent of total billed charges,13 percent of charges; No services were performed during the 15 month look back period.,2370.390826,73,,,,,0,percent of total billed charges,73 percent of charges; No services were performed during the 15 month look back period.,1039.07543,32,,,,,0,percent of total billed charges,32 pecent of charges; No services were performed during the 15 month look back period.,324.711072,10,,,,,0,percent of total billed charges,10 percent of charges; No services were performed during the 15 month look back period.,324.711072,10,,,,,0,percent of total billed charges,10 percent of charges; No services were performed during the 15 month look back period.,2370.390826,73,,,,,0,percent of total billed charges,73 percent of charges; No services were performed during the 15 month look back period.,,,,,,,,,,324.711072,10,,,,,0,percent of total billed charges,10 percent of charges; No services were performed during the 15 month look back period.,324.711072,10,,,,,0,percent of total billed charges,10 percent of charges; No services were performed during the 15 month look back period.,324.711072,10,,,,,0,percent of total billed charges,10 percent of charges; No services were performed during the 15 month look back period.,,,,,,,,,,324.711072,10,,,,,0,percent of total billed charges,10 percent of charges; No services were performed during the 15 month look back period.,324.711072,10,,,,,0,percent of total billed charges,10 percent of charges; No services were performed during the 15 month look back period.,,,,,,,,,,779.306573,24,,,,,0,percent of total billed charges,24 percent of charges; No services were performed during the 15 month look back period.,,,,,,,,,,,,,,,,,,,,,,,,,,,,,,,,,,,,,,,,,,,,,,,,,,,,,,,,,,,,,,,,,,,,,,,,,,,,,,,,,,2370.390826,73,,,,,0,percent of total billed charges,73 percent of charges; No services were performed during the 15 month look back period.,2370.390826,73,,,,,0,percent of total billed charges,73 percent of charges; No services were performed during the 15 month look back period.,2370.390826,73,,,,,0,percent of total billed charges,73 percent of charges; No services were performed during the 15 month look back period.,2370.390826,73,,,,,0,percent of total billed charges,73 percent of charges; No services were performed during the 15 month look back period.,2370.390826,73,,,,,0,percent of total billed charges,73 percent of charges; No services were performed during the 15 month look back period.,2370.390826,73,,,,,0,percent of total billed charges,73 percent of charges; No services were performed during the 15 month look back period.,2370.390826,73,,,,,0,percent of total billed charges,73 percent of charges; No services were performed during the 15 month look back period.,2370.390826,73,,,,,0,percent of total billed charges,73 percent of charges; No services were performed during the 15 month look back period.,2370.390826,73,,,,,0,percent of total billed charges,73 percent of charges; No services were performed during the 15 month look back period.,2370.390826,73,,,,,0,percent of total billed charges,73 percent of charges; No services were performed during the 15 month look back period.,2370.390826,73,,,,,0,percent of total billed charges,73 percent of charges; No services were performed during the 15 month look back period.,2370.390826,73,,,,,0,percent of total billed charges,73 percent of charges; No services were performed during the 15 month look back period.,2370.390826,73,,,,,0,percent of total billed charges,73 percent of charges; No services were performed during the 15 month look back period.,2370.390826,73,,,,,0,percent of total billed charges,73 percent of charges; No services were performed during the 15 month look back period.,2370.390826,73,,,,,0,percent of total billed charges,73 percent of charges; No services were performed during the 15 month look back period.,2370.390826,73,,,,,0,percent of total billed charges,73 percent of charges; No services were performed during the 15 month look back period.,2370.390826,73,,,,,0,percent of total billed charges,73 percent of charges; No services were performed during the 15 month look back period.,2370.390826,73,,,,,0,percent of total billed charges,73 percent of charges; No services were performed during the 15 month look back period.,2370.390826,73,,,,,0,percent of total billed charges,73 percent of charges; No services were performed during the 15 month look back period.,2370.390826,73,,,,,0,percent of total billed charges,73 percent of charges; No services were performed during the 15 month look back period.,2370.390826,73,,,,,0,percent of total billed charges,73 percent of charges; No services were performed during the 15 month look back period.,2370.390826,73,,,,,0,percent of total billed charges,73 percent of charges; No services were performed during the 15 month look back period.,2370.390826,73,,,,,0,percent of total billed charges,73 percent of charges; No services were performed during the 15 month look back period.,2370.390826,73,,,,,0,percent of total billed charges,73 percent of charges; No services were performed during the 15 month look back period.,2370.390826,73,,,,,0,percent of total billed charges,73 percent of charges; No services were performed during the 15 month look back period.,2370.390826,73,,,,,0,percent of total billed charges,73 percent of charges; No services were performed during the 15 month look back period.,941.662109,29,,,,,0,percent of total billed charges,29 percent of charges; No services were performed during the 15 month look back period.,941.662109,29,,,,,0,percent of total billed charges,29 percent of charges; No services were performed during the 15 month look back period.,941.662109,29,,,,,0,percent of total billed charges,29 percent of charges; No services were performed during the 15 month look back period.,941.662109,29,,,,,0,percent of total billed charges,29 percent of charges; No services were performed during the 15 month look back period.,1298.844288,40,,,,,0,percent of total billed charges,40 percent of charges; No services were performed during the 15 month look back period.,1298.844288,40,,,,,0,percent of total billed charges,40 percent of charges; No services were performed during the 15 month look back period.,1039.07543,32,,,,,0,percent of total billed charges,32 pecent of charges; No services were performed during the 15 month look back period.,,,,,,,,,,324.711072,10,,,,,0,percent of total billed charges,10 percent of charges; No services were performed during the 15 month look back period.,,,,,,,,,,2370.390826,73,,,,,0,percent of total billed charges,73 percent of charges; No services were performed during the 15 month look back period.,1298.844288,40,,,,,0,percent of total billed charges,40 percent of charges; No services were performed during the 15 month look back period.,,,,,,,,,,324.711072,10,,,,,0,percent of total billed charges,10 percent of charges; No services were performed during the 15 month look back period.,1039.07543,32,,,,,0,percent of total billed charges,32 pecent of charges; No services were performed during the 15 month look back period.,,,,,,,,,,2370.390826,73,,,,,0,percent of total billed charges,73 percent of charges; No services were performed during the 15 month look back period.,,,,,,,,,,941.662109,29,,,,,0,percent of total billed charges,29 percent of charges; No services were performed during the 15 month look back period.,941.662109,29,,,,,0,percent of total billed charges,29 percent of charges; No services were performed during the 15 month look back period.,941.662109,29,,,,,0,percent of total billed charges,29 percent of charges; No services were performed during the 15 month look back period.,,,,,,,,,,779.306573,24,,,,,0,percent of total billed charges,24 percent of charges; No services were performed during the 15 month look back period.,,,,,,,,,,,,,,,,,,,,,,,,,,,,,,,,,,,,,,,,,,,,,,974.133216,30,,,,,0,percent of total billed charges,30 Percent of charges; No services were performed during the 15 month look back period.,974.133216,30,,,,,0,percent of total billed charges,30 Percent of charges; No services were performed during the 15 month look back period.,,,,,,,,,,1039.07543,32,,,,,0,percent of total billed charges,32 pecent of charges; No services were performed during the 15 month look back period.,324.711072,10,,,,,0,percent of total billed charges,10 percent of charges; No services were performed during the 15 month look back period.,324.711072,10,,,,,0,percent of total billed charges,10 percent of charges; No services were performed during the 15 month look back period.,,,,,,,,,,1039.07543,32,,,,,0,percent of total billed charges,32 pecent of charges; No services were performed during the 15 month look back period.,974.133216,30,,,,,0,percent of total billed charges,30 Percent of charges; No services were performed during the 15 month look back period.,974.133216,30,,,,,0,percent of total billed charges,30 Percent of charges; No services were performed during the 15 month look back period.,974.133216,30,,,,,0,percent of total billed charges,30 Percent of charges; No services were performed during the 15 month look back period.,2370.390826,73,,,,,0,percent of total billed charges,73 percent of charges; No services were performed during the 15 month look back period.,2370.390826,73,,,,,0,percent of total billed charges,73 percent of charges; No services were performed during the 15 month look back period.,2370.390826,73,,,,,0,percent of total billed charges,73 percent of charges; No services were performed during the 15 month look back period.,2370.390826,73,,,,,0,percent of total billed charges,73 percent of charges; No services were performed during the 15 month look back period.,2370.390826,73,,,,,0,percent of total billed charges,73 percent of charges; No services were performed during the 15 month look back period.,2370.390826,73,,,,,0,percent of total billed charges,73 percent of charges; No services were performed during the 15 month look back period.,2370.390826,73,,,,,0,percent of total billed charges,73 percent of charges; No services were performed during the 15 month look back period.,2370.390826,73,,,,,0,percent of total billed charges,73 percent of charges; No services were performed during the 15 month look back period.,2370.390826,73,,,,,0,percent of total billed charges,73 percent of charges; No services were performed during the 15 month look back period.,2370.390826,73,,,,,0,percent of total billed charges,73 percent of charges; No services were performed during the 15 month look back period.,2370.390826,73,,,,,0,percent of total billed charges,73 percent of charges; No services were performed during the 15 month look back period.,1298.844288,40,,,,,0,percent of total billed charges,40 percent of charges; No services were performed during the 15 month look back period.,,,,,,,,,,1039.07543,32,,,,,0,percent of total billed charges,32 pecent of charges; No services were performed during the 15 month look back period.,,,,,,,,,,974.133216,30,,,,,0,percent of total billed charges,30 Percent of charges; No services were performed during the 15 month look back period.,1039.07543,32,,,,,0,percent of total billed charges,32 pecent of charges; No services were performed during the 15 month look back period.,1039.07543,32,,,,,0,percent of total billed charges,32 pecent of charges; No services were performed during the 15 month look back period.,2370.390826,73,,,,,0,percent of total billed charges,73 percent of charges; No services were performed during the 15 month look back period.,649.422144,20,,,,,0,percent of total billed charges,20 percent of charges; No services were performed during the 15 month look back period.,1039.07543,32,,,,,0,percent of total billed charges,32 pecent of charges; No services were performed during the 15 month look back period.,,,,,,,,,,,,,,,,,,,,,,,,,,,,,,,,,,,,,,,,,,,,,,,,,,,,,,,,,,,,,,,,1039.07543,32,,,,,0,percent of total billed charges,32 pecent of charges; No services were performed during the 15 month look back period.,779.306573,24,,,,,0,percent of total billed charges,24 percent of charges; No services were performed during the 15 month look back period.,,,,,,,,,,,,,,,,,,,,,,,,,,,,,,,,,,,,,,,,,,,,,,,,,,,,,,,779.306573,24,,,,,0,percent of total billed charges,24 percent of charges; No services were performed during the 15 month look back period.,1006.604323,31,,,,,0,percent of total billed charges,31 percent of charges; No services were performed during the 15 month look back period.,1006.604323,31,,,,,0,percent of total billed charges,31 percent of charges; No services were performed during the 15 month look back period.,1006.604323,31,,,,,0,percent of total billed charges,31 percent of charges; No services were performed during the 15 month look back period.,1006.604323,31,,,,,0,percent of total billed charges,31 percent of charges; No services were performed during the 15 month look back period.,1006.604323,31,,,,,0,percent of total billed charges,31 percent of charges; No services were performed during the 15 month look back period.,,,,,,,,,,1298.844288,40,,,,,0,percent of total billed charges,40 percent of charges; No services were performed during the 15 month look back period.,1298.844288,40,,,,,0,percent of total billed charges,40 percent of charges; No services were performed during the 15 month look back period.,1298.844288,40,,,,,0,percent of total billed charges,40 percent of charges; No services were performed during the 15 month look back period.,1298.844288,40,,,,,0,percent of total billed charges,40 percent of charges; No services were performed during the 15 month look back period.,974.133216,30,,,,,0,percent of total billed charges,30 Percent of charges; No services were performed during the 15 month look back period.,974.133216,30,,,,,0,percent of total billed charges,30 Percent of charges; No services were performed during the 15 month look back period.,974.133216,30,,,,,0,percent of total billed charges,30 Percent of charges; No services were performed during the 15 month look back period.,974.133216,30,,,,,0,percent of total billed charges,30 Percent of charges; No services were performed during the 15 month look back period.,779.306573,24,,,,,0,percent of total billed charges,24 percent of charges; No services were performed during the 15 month look back period.,779.306573,24,,,,,0,percent of total billed charges,24 percent of charges; No services were performed during the 15 month look back period.,,,,,,,,,,,,,,,,,,,,,,,,,,,,,,,,,,,,,,,,,,,,,,,,,,,,,,,779.306573,24,,,,,0,percent of total billed charges,24 percent of charges; No services were performed during the 15 month look back period.,974.133216,30,,,,,0,percent of total billed charges,30 Percent of charges; No services were performed during the 15 month look back period.,,,,,,,,,,,,,,,,,,,,,,,,,,,,,,,,,,,,,,,,,,,,,,,,,,,,,,,,,,,,,,,,,,,,,,,,,,,,,,,,,,,,,,,,,,,,,,,,,,,,,,,,,,,,,,,,,,,,,,,,,,,,,,,,,,,,,,,,,,,,,,,,,,,,,,,,,,,,,,,,,,,,,,,,,,,,,,,,,,,,,,,,,,,,,,,,,,,,,,,974.133216,30,,,,,0,percent of total billed charges,30 Percent of charges; No services were performed during the 15 month look back period.,,,,,,,,,,,,,,,,,,,,,,,,,,,,,,,,,,,,,,,,,,,,,,,,,,,,,,,,,,,,,,,,324.711072,10,,,,,0,percent of total billed charges,10 percent of charges; No services were performed during the 15 month look back period.,324.711072,10,,,,,0,percent of total billed charges,10 percent of charges; No services were performed during the 15 month look back period.,324.711072,10,,,,,0,percent of total billed charges,10 percent of charges; No services were performed during the 15 month look back period.,324.711072,10,,,,,0,percent of total billed charges,10 percent of charges; No services were performed during the 15 month look back period.,,,,,,,,,,779.306573,24,,,,,0,percent of total billed charges,24 percent of charges; No services were performed during the 15 month look back period.,941.662109,29,,,,,0,percent of total billed charges,29 percent of charges; No services were performed during the 15 month look back period.,941.662109,29,,,,,0,percent of total billed charges,29 percent of charges; No services were performed during the 15 month look back period.,941.662109,29,,,,,0,percent of total billed charges,29 percent of charges; No services were performed during the 15 month look back period.,941.662109,29,,,,,0,percent of total billed charges,29 percent of charges; No services were performed during the 15 month look back period.,,,,,,,,,,,,,,,,,,,,,,,,,,,,,,,,,,,,,,,,,,,,,,,,,,,,,,,,,,,,,,,,,,,,,,,,,,,,,,,,,,,,,,,,,,,974.133216,30,,,,,0,percent of total billed charges,30 Percent of charges; No services were performed during the 15 month look back period.,,,,,,,,,,,,,,,,,,,,,,,,,,,,,,,,,,,,,,,,,,,,,,,,,,,,,,,,,,,,,,,,,,,,,,,,,,,,,,,,,,,,,,,,,,,,,,,,,,,,,,,,,,,,,,,,,,,,,,,,,,,,,,,1039.07543,32,,,,,0,percent of total billed charges,32 pecent of charges; No services were performed during the 15 month look back period.,,,,,,,,,,,,,,,,,,,,,,,,,,,,,,,,,,,,,,,,,,,,,,941.662109,29,,,,,0,percent of total billed charges,29 percent of charges; No services were performed during the 15 month look back period.,941.662109,29,,,,,0,percent of total billed charges,29 percent of charges; No services were performed during the 15 month look back period.,941.662109,29,,,,,0,percent of total billed charges,29 percent of charges; No services were performed during the 15 month look back period.,941.662109,29,,,,,0,percent of total billed charges,29 percent of charges; No services were performed during the 15 month look back period.,,,,,,,,,,941.662109,29,,,,,0,percent of total billed charges,29 percent of charges; No services were performed during the 15 month look back period.,974.133216,30,,,,,0,percent of total billed charges,30 Percent of charges; No services were performed during the 15 month look back period.,941.662109,29,,,,,0,percent of total billed charges,29 percent of charges; No services were performed during the 15 month look back period.,1039.07543,32,,,,,0,percent of total billed charges,32 pecent of charges; No services were performed during the 15 month look back period.,941.662109,29,,,,,0,percent of total billed charges,29 percent of charges; No services were performed during the 15 month look back period.,,,,,,,,,,,,,,,,,,,,,,,,,,,,941.662109,29,,,,,0,percent of total billed charges,29 percent of charges; No services were performed during the 15 month look back period.,,,,,,,,,,,,,,,,,,,,,,,,,,,,,,,,,,,,,,,,,,,,,,941.662109,29,,,,,0,percent of total billed charges,29 percent of charges; No services were performed during the 15 month look back period.,941.662109,29,,,,,0,percent of total billed charges,29 percent of charges; No services were performed during the 15 month look back period.,941.662109,29,,,,,0,percent of total billed charges,29 percent of charges; No services were performed during the 15 month look back period.,941.662109,29,,,,,0,percent of total billed charges,29 percent of charges; No services were performed during the 15 month look back period.,,,,,,,,,,,,,,,,,,,,,,,,,,,,,,,,,,,,,,,,,,,,,,,,,,,,,,,,,,,,,,,,,,,,,,,,,,,,,,,,,,,,,,,,,,,941.662109,29,,,,,0,percent of total billed charges,29 percent of charges; No services were performed during the 15 month look back period.,1039.07543,32,,,,,0,percent of total billed charges,32 pecent of charges; No services were performed during the 15 month look back period.,2370.390826,73,,,,,0,percent of total billed charges,73 percent of charges; No services were performed during the 15 month look back period.,324.711072,10,,,,,0,percent of total billed charges,10 percent of charges; No services were performed during the 15 month look back period.,324.711072,10,,,,,0,percent of total billed charges,10 percent of charges; No services were performed during the 15 month look back period.,974.133216,30,,,,,0,percent of total billed charges,30 Percent of charges; No services were performed during the 15 month look back period.,,,,,,,,,,1298.844288,40,,,,,0,percent of total billed charges,40 percent of charges; No services were performed during the 15 month look back period.,1298.844288,40,,,,,0,percent of total billed charges,40 percent of charges; No services were performed during the 15 month look back period.,,,,,,,,,,,,,,,,,,,,,,,,,,,,,,,,,,,,,,,,,,,,,,,,,,,,,,,324.711072,10,,,,,0,percent of total billed charges,10 percent of charges; No services were performed during the 15 month look back period.,,,,,,,,,,,,,,,,,,,,,,,,,,,,,,,,,,,,,941.662109,29,,,,,0,percent of total billed charges,29 percent of charges; No services were performed during the 15 month look back period.,,,,,,,,,,,,,,,,,,,941.662109,29,,,,,0,percent of total billed charges,29 percent of charges; No services were performed during the 15 month look back period.,,,,,,,,,,,,,,,,,,,,,,,,,,,,779.306573,24,,,,,0,percent of total billed charges,24 percent of charges; No services were performed during the 15 month look back period.,941.662109,29,,,,,0,percent of total billed charges,29 percent of charges; No services were performed during the 15 month look back period.,,,,,,,,,,,,,,,,,,,,,,,,,,,,,,,,,,,,,324.711072,10,,,,,0,percent of total billed charges,10 percent of charges; No services were performed during the 15 month look back period.,,,,,,,,,,,,,,,,,,,,,,,,,,,,,,,,,,,,,,,,,,,,,,,,,,,,,,,,,,,,,,,,,,,,,,,,,324.711072,10,,,,,0,percent of total billed charges,10 percent of charges; No services were performed during the 15 month look back period.,,,,,,,,,,,,,,,,,,,,,,,,,,,,,,,,,,,,,,,,,,,,,,,,,,,,,,,,,,,,,,,,,,,,,,,,,,,,,,,,,,,,,,,,,,,,,,,,,,,,,,,,,,,,,,,,,,,,,,941.662109,29,,,,,0,percent of total billed charges,29 percent of charges; No services were performed during the 15 month look back period.,941.662109,29,,,,,0,percent of total billed charges,29 percent of charges; No services were performed during the 15 month look back period.,941.662109,29,,,,,0,percent of total billed charges,29 percent of charges; No services were performed during the 15 month look back period.,941.662109,29,,,,,0,percent of total billed charges,29 percent of charges; No services were performed during the 15 month look back period.,941.662109,29,,,,,0,percent of total billed charges,29 percent of charges; No services were performed during the 15 month look back period.,941.662109,29,,,,,0,percent of total billed charges,29 percent of charges; No services were performed during the 15 month look back period.,941.662109,29,,,,,0,percent of total billed charges,29 percent of charges; No services were performed during the 15 month look back period.,941.662109,29,,,,,0,percent of total billed charges,29 percent of charges; No services were performed during the 15 month look back period.,941.662109,29,,,,,0,percent of total billed charges,29 percent of charges; No services were performed during the 15 month look back period.,941.662109,29,,,,,0,percent of total billed charges,29 percent of charges; No services were performed during the 15 month look back period.,941.662109,29,,,,,0,percent of total billed charges,29 percent of charges; No services were performed during the 15 month look back period.,941.662109,29,,,,,0,percent of total billed charges,29 percent of charges; No services were performed during the 15 month look back period.,941.662109,29,,,,,0,percent of total billed charges,29 percent of charges; No services were performed during the 15 month look back period.,,,,,,,,,,941.662109,29,,,,,0,percent of total billed charges,29 percent of charges; No services were performed during the 15 month look back period.,,,,,,,,,,616.951037,19,,,,,0,percent of total billed charges,19 percent of charges; No services were performed during the 15 month look back period.,422.124394,13,,,,,0,percent of total billed charges,13 percent of charges; No services were performed during the 15 month look back period.,324.711072,10,,,,,0,percent of total billed charges,10 percent of charges; No services were performed during the 15 month look back period.,324.711072,10,,,,,0,percent of total billed charges,10 percent of charges; No services were performed during the 15 month look back period.,,,,,,,,,,1298.844288,40,,,,,0,percent of total billed charges,40 percent of charges; No services were performed during the 15 month look back period.,,,,,,,,,,,,,,,,,,,974.133216,30,,,,,0,percent of total billed charges,30 Percent of charges; No services were performed during the 15 month look back period.,,,,,,,,,,1039.07543,32,,,,,0,percent of total billed charges,32 pecent of charges; No services were performed during the 15 month look back period.,,,,,,,,,,1039.07543,32,,,,,0,percent of total billed charges,32 pecent of charges; No services were performed during the 15 month look back period.,974.133216,30,,,,,0,percent of total billed charges,30 Percent of charges; No services were performed during the 15 month look back period.,1039.07543,32,,,,,0,percent of total billed charges,32 pecent of charges; No services were performed during the 15 month look back period.,,,,,,,,,,,,,,,,,,,,,,,,,,,,1039.07543,32,,,,,0,percent of total billed charges,32 pecent of charges; No services were performed during the 15 month look back period.,324.711072,10,,,,,0,percent of total billed charges,10 percent of charges; No services were performed during the 15 month look back period.,,,,,,,,,,,,,,,,,,,,,,,,,,,,,,,,,,,,,,,,,,,,,,,,,,,,,,,,,,,,,,,,324.711072,10,,,,,0,percent of total billed charges,10 percent of charges; No services were performed during the 15 month look back period.,,,,,,,,,,,,,,,,,,,,,,,,,,,,941.662109,29,,,,,0,percent of total billed charges,29 percent of charges; No services were performed during the 15 month look back period.,941.662109,29,,,,,0,percent of total billed charges,29 percent of charges; No services were performed during the 15 month look back period.,1006.604323,31,,,,,0,percent of total billed charges,31 percent of charges; No services were performed during the 15 month look back period.,,,,,,,,,,324.711072,10,,,,,0,percent of total billed charges,10 percent of charges; No services were performed during the 15 month look back period.,1039.07543,32,,,,,0,percent of total billed charges,32 pecent of charges; No services were performed during the 15 month look back period.,974.133216,30,,,,,0,percent of total billed charges,30 Percent of charges; No services were performed during the 15 month look back period.,324.711072,10,,,,,0,percent of total billed charges,10 percent of charges; No services were performed during the 15 month look back period.,974.133216,30,,,,,0,percent of total billed charges,30 Percent of charges; No services were performed during the 15 month look back period.,324.711072,10,,,,,0,percent of total billed charges,10 percent of charges; No services were performed during the 15 month look back period.,,,,,,,,,,,,,,,,,,,,,,,,,,,,,,,,,,,,,,,,,,,,,,16.235554,3247.11072,
J9295,HCPCS,5010003,LOCAL,636,RC,"INJECTION, NECITUMUMAB, 1 MG",43.326239,8.231985,Outpatient,ME,1,,5.73,,,,,,,Fee Schedule,"100 % 1199 Fee Schedule. ",5.73,,,,,,,Fee Schedule,"100 % 1199 Fee Schedule. ",25.995743,60,,,,,0,percent of total billed charges,60 percent of billed charges; No services were performed during the 15 month look back period.,43.326239,100,,,,,0,percent of total billed charges,100 percent of billed charges; No services were performed during the 15 month look back period.,5.731,,,,,,,Fee Schedule,"100% ASP Fee Schedule. ",25.995743,60,,,,,0,percent of total billed charges,60 percent of billed charges; No services were performed during the 15 month look back period.,25.995743,60,,,,,0,percent of total billed charges,60 percent of billed charges; No services were performed during the 15 month look back period.,25.995743,60,,,,,0,percent of total billed charges,60 percent of billed charges; No services were performed during the 15 month look back period.,6395.738182,,,,,,,Case Rate,"100 Percent of Medicaid APG. ",5329.781818,,,,,,,Case Rate,"100 Percent of Medicaid APG. ",33.794466,78,,,,,0,percent of total billed charges,78 percent of billed charges; No services were performed during the 15 month look back period.,,,,,,,,Fee Schedule,"100 % Zero Pay Code. ",5329.781818,,,,,,,Case Rate,"100 Percent of Medicaid APG. ",5.731,,,,,,,Fee Schedule,"100% ASP Fee Schedule. ",12.997872,30,,,,,0,percent of total billed charges,30 percent of billed charges; No services were performed during the 15 month look back period.,12.997872,30,,,,,0,percent of total billed charges,30 percent of billed charges; No services were performed during the 15 month look back period.,12.997872,30,,,,,0,percent of total billed charges,30 percent of billed charges; No services were performed during the 15 month look back period.,12.997872,30,,,,,0,percent of total billed charges,30 percent of billed charges; No services were performed during the 15 month look back period.,7.4635,,,,,,,Fee schedule,"115 Percent of AWP Fee Schedule. ",5.731,,,,,,,Fee Schedule,"100% ASP Fee Schedule. ",7.4635,,,,,,,Fee schedule,"115 Percent of AWP Fee Schedule. ",33.794466,78,,,,,0,percent of total billed charges,78 percent of billed charges; No services were performed during the 15 month look back period.,25.995743,60,,,,,0,percent of total billed charges,60 percent of billed charges; No services were performed during the 15 month look back period.,5.731,,,,,,,Fee Schedule,"100% ASP Fee Schedule. ",31.628154,73,,,,,0,percent of total billed charges,73 percent of billed charges; No services were performed during the 15 month look back period.,5.731,,,,,,,Fee Schedule,"100% ASP Fee Schedule. ",5.731,,,,,,,Fee Schedule,"100% ASP Fee Schedule. ",33.794466,78,,,,,0,percent of total billed charges,78 percent of billed charges; No services were performed during the 15 month look back period.,,,,,,,,Fee Schedule,"Not payable. ",,,,,,,,Fee Schedule,"Not payable. ",0.433262,1,,,,,0,percent of total billed charges,35 Percent of Charges. ; No services were performed during the 15 month look back period.,0.433262,1,,,,,0,percent of total billed charges,35 Percent of Charges. ; No services were performed during the 15 month look back period.,31.628154,73,,,,,0,percent of total billed charges,73 percent of billed charges; No services were performed during the 15 month look back period.,31.628154,73,,,,,0,percent of total billed charges,73 percent of billed charges; No services were performed during the 15 month look back period.,5329.781818,,,,,,,Case Rate,"100 Percent of Medicaid APG. Not APG payable, or payable under another fee schedule like ASP/AWP pays at 30% of charges",31.628154,73,,,,,0,percent of total billed charges,73 percent of billed charges; No services were performed during the 15 month look back period.,5329.781818,,,,,,,Case Rate,"100 Percent of Medicaid APG. Not APG payable, or payable under another fee schedule like ASP/AWP pays at 30% of charges",5.731,,,,,,,Fee Schedule,"100% ASP Fee Schedule. ",31.628154,73,,,,,0,percent of total billed charges,73 percent of billed charges; No services were performed during the 15 month look back period.,33.794466,78,,,,,0,percent of total billed charges,78 percent of billed charges; No services were performed during the 15 month look back period.,5329.781818,,,,,,,Case Rate,"NA. ",5329.781818,,,,,,,Case Rate,"NA. ",33.794466,78,,,,,0,percent of total billed charges,78 percent of billed charges; No services were performed during the 15 month look back period.,12.997872,30,,,,,0,percent of total billed charges,30 percent of billed charges; No services were performed during the 15 month look back period.,,,,,,,,Fee Schedule,"100 % Zero Pay Code. ",,,,,,,,Fee Schedule,"100 % Zero Pay Code. ",33.794466,78,,,,,0,percent of total billed charges,78 percent of billed charges; No services were performed during the 15 month look back period.,5.731,,,,,,,Fee Schedule,"100% ASP Fee Schedule. ",,,,,,,,Fee Schedule,"100 % Zero Pay Code. ",,,,,,,,Fee Schedule,"100 % Zero Pay Code. ",,,,,,,,Fee Schedule,"100 % Zero Pay Code. ",5.731,,,,,,,Fee Schedule,"100% ASP Fee Schedule. ",,,,,,,,Fee Schedule,"100 % Zero Pay Code. ",,,,,,,,Fee Schedule,"100 % Zero Pay Code. ",5.731,,,,,,,Fee Schedule,"100% of AWP Fee Schedule. ",21.66312,50,,,,,0,percent of total billed charges,50 percent of billed charges; No services were performed during the 15 month look back period.,19.496808,45,,,,,0,percent of total billed charges,45 percent of billed charges; No services were performed during the 15 month look back period.,19.496808,45,,,,,0,percent of total billed charges,45 percent of billed charges; No services were performed during the 15 month look back period.,19.496808,45,,,,,0,percent of total billed charges,45 percent of billed charges; No services were performed during the 15 month look back period.,19.496808,45,,,,,0,percent of total billed charges,45 percent of billed charges; No services were performed during the 15 month look back period.,19.496808,45,,,,,0,percent of total billed charges,45 percent of billed charges; No services were performed during the 15 month look back period.,19.496808,45,,,,,0,percent of total billed charges,45 percent of billed charges; No services were performed during the 15 month look back period.,5.731,,,,,,,Fee Schedule,"100% ASP Fee Schedule. ",5.731,,,,,,,Fee Schedule,"100% ASP Fee Schedule. ",19.496808,45,,,,,0,percent of total billed charges,45 percent of billed charges; No services were performed during the 15 month look back period.,33.794466,78,,,,,0,percent of total billed charges,78 percent of billed charges; No services were performed during the 15 month look back period.,33.794466,78,,,,,0,percent of total billed charges,78 percent of billed charges; No services were performed during the 15 month look back period.,33.794466,78,,,,,0,percent of total billed charges,78 percent of billed charges; No services were performed during the 15 month look back period.,33.794466,78,,,,,0,percent of total billed charges,78 percent of billed charges; No services were performed during the 15 month look back period.,33.794466,78,,,,,0,percent of total billed charges,78 percent of billed charges; No services were performed during the 15 month look back period.,33.794466,78,,,,,0,percent of total billed charges,78 percent of billed charges; No services were performed during the 15 month look back period.,33.794466,78,,,,,0,percent of total billed charges,78 percent of billed charges; No services were performed during the 15 month look back period.,33.794466,78,,,,,0,percent of total billed charges,78 percent of billed charges; No services were performed during the 15 month look back period.,33.794466,78,,,,,0,percent of total billed charges,78 percent of billed charges; No services were performed during the 15 month look back period.,33.794466,78,,,,,0,percent of total billed charges,78 percent of billed charges; No services were performed during the 15 month look back period.,33.794466,78,,,,,0,percent of total billed charges,78 percent of billed charges; No services were performed during the 15 month look back period.,33.794466,78,,,,,0,percent of total billed charges,78 percent of billed charges; No services were performed during the 15 month look back period.,33.794466,78,,,,,0,percent of total billed charges,78 percent of billed charges; No services were performed during the 15 month look back period.,33.794466,78,,,,,0,percent of total billed charges,78 percent of billed charges; No services were performed during the 15 month look back period.,33.794466,78,,,,,0,percent of total billed charges,78 percent of billed charges; No services were performed during the 15 month look back period.,33.794466,78,,,,,0,percent of total billed charges,78 percent of billed charges; No services were performed during the 15 month look back period.,33.794466,78,,,,,0,percent of total billed charges,78 percent of billed charges; No services were performed during the 15 month look back period.,33.794466,78,,,,,0,percent of total billed charges,78 percent of billed charges; No services were performed during the 15 month look back period.,33.794466,78,,,,,0,percent of total billed charges,78 percent of billed charges; No services were performed during the 15 month look back period.,33.794466,78,,,,,0,percent of total billed charges,78 percent of billed charges; No services were performed during the 15 month look back period.,33.794466,78,,,,,0,percent of total billed charges,78 percent of billed charges; No services were performed during the 15 month look back period.,33.794466,78,,,,,0,percent of total billed charges,78 percent of billed charges; No services were performed during the 15 month look back period.,33.794466,78,,,,,0,percent of total billed charges,78 percent of billed charges; No services were performed during the 15 month look back period.,33.794466,78,,,,,0,percent of total billed charges,78 percent of billed charges; No services were performed during the 15 month look back period.,33.794466,78,,,,,0,percent of total billed charges,78 percent of billed charges; No services were performed during the 15 month look back period.,33.794466,78,,,,,0,percent of total billed charges,78 percent of billed charges; No services were performed during the 15 month look back period.,31.628154,73,,,,,0,percent of total billed charges,73 percent of billed charges; No services were performed during the 15 month look back period.,31.628154,73,,,,,0,percent of total billed charges,73 percent of billed charges; No services were performed during the 15 month look back period.,31.628154,73,,,,,0,percent of total billed charges,73 percent of billed charges; No services were performed during the 15 month look back period.,31.628154,73,,,,,0,percent of total billed charges,73 percent of billed charges; No services were performed during the 15 month look back period.,34.660991,80,,,,,0,percent of total billed charges,80 percent of billed charges; No services were performed during the 15 month look back period.,34.660991,80,,,,,0,percent of total billed charges,80 percent of billed charges; No services were performed during the 15 month look back period.,12.997872,30,,,,,0,percent of total billed charges,30 percent of billed charges; No services were performed during the 15 month look back period.,19.496808,45,,,,,0,percent of total billed charges,45 percent of billed charges; No services were performed during the 15 month look back period.,,,,,,,,Fee Schedule,"100 % Zero Pay Code. ",19.496808,45,,,,,0,percent of total billed charges,45 percent of billed charges; No services were performed during the 15 month look back period.,33.794466,78,,,,,0,percent of total billed charges,78 percent of billed charges; No services were performed during the 15 month look back period.,34.660991,80,,,,,0,percent of total billed charges,80 percent of billed charges; No services were performed during the 15 month look back period.,19.496808,45,,,,,0,percent of total billed charges,45 percent of billed charges; No services were performed during the 15 month look back period.,,,,,,,,Fee Schedule,"100 % Zero Pay Code. ",12.997872,30,,,,,0,percent of total billed charges,30 percent of billed charges; No services were performed during the 15 month look back period.,,,,,,,,,,33.794466,78,,,,,0,percent of total billed charges,78 percent of billed charges; No services were performed during the 15 month look back period.,5329.781818,,,,,,,Case Rate,"100 Percent of Medicaid APG. ",31.628154,73,,,,,0,percent of total billed charges,73 percent of billed charges; No services were performed during the 15 month look back period.,5329.781818,,,,,,,Case Rate,"100 Percent of Medicaid APG. Not APG payable, or payable under another fee schedule like ASP/AWP pays at 30% of charges",5.731,,,,,,,Fee Schedule,"100% ASP Fee Schedule. ",5.731,,,,,,,Fee Schedule,"100% ASP Fee Schedule. ",21.66312,50,,,,,0,percent of total billed charges,50 percent of billed charges; No services were performed during the 15 month look back period.,5.731,,,,,,,Fee Schedule,"100% ASP Fee Schedule. ",5.731,,,,,,,Fee Schedule,"100% ASP Fee Schedule. ",5329.781818,,,,,,,Case Rate,"100 Percent of Medicaid APG. ",5.731,,,,,,,Fee Schedule,"100% ASP Fee Schedule. ",5.731,,,,,,,Fee Schedule,"100% ASP Fee Schedule. ",25.995743,60,,,,,0,percent of total billed charges,60 percent of billed charges; No services were performed during the 15 month look back period.,25.995743,60,,,,,0,percent of total billed charges,60 percent of billed charges; No services were performed during the 15 month look back period.,5.731,,,,,,,Fee Schedule,"100% ASP Fee Schedule. ",12.997872,30,,,,,0,percent of total billed charges,30 percent of billed charges; No services were performed during the 15 month look back period.,,,,,,,,Fee Schedule,"100 % Zero Pay Code. ",,,,,,,,Fee Schedule,"100 % Zero Pay Code. ",5.731,,,,,,,Fee Schedule,"100% ASP Fee Schedule. ",12.997872,30,,,,,0,percent of total billed charges,30 percent of billed charges; No services were performed during the 15 month look back period.,25.995743,60,,,,,0,percent of total billed charges,60 percent of billed charges; No services were performed during the 15 month look back period.,25.995743,60,,,,,0,percent of total billed charges,60 percent of billed charges; No services were performed during the 15 month look back period.,25.995743,60,,,,,0,percent of total billed charges,60 percent of billed charges; No services were performed during the 15 month look back period.,33.794466,78,,,,,0,percent of total billed charges,78 percent of billed charges; No services were performed during the 15 month look back period.,33.794466,78,,,,,0,percent of total billed charges,78 percent of billed charges; No services were performed during the 15 month look back period.,33.794466,78,,,,,0,percent of total billed charges,78 percent of billed charges; No services were performed during the 15 month look back period.,33.794466,78,,,,,0,percent of total billed charges,78 percent of billed charges; No services were performed during the 15 month look back period.,33.794466,78,,,,,0,percent of total billed charges,78 percent of billed charges; No services were performed during the 15 month look back period.,33.794466,78,,,,,0,percent of total billed charges,78 percent of billed charges; No services were performed during the 15 month look back period.,33.794466,78,,,,,0,percent of total billed charges,78 percent of billed charges; No services were performed during the 15 month look back period.,33.794466,78,,,,,0,percent of total billed charges,78 percent of billed charges; No services were performed during the 15 month look back period.,33.794466,78,,,,,0,percent of total billed charges,78 percent of billed charges; No services were performed during the 15 month look back period.,33.794466,78,,,,,0,percent of total billed charges,78 percent of billed charges; No services were performed during the 15 month look back period.,33.794466,78,,,,,0,percent of total billed charges,78 percent of billed charges; No services were performed during the 15 month look back period.,34.660991,80,,,,,0,percent of total billed charges,80 percent of billed charges; No services were performed during the 15 month look back period.,19.496808,45,,,,,0,percent of total billed charges,45 percent of billed charges; No services were performed during the 15 month look back period.,12.997872,30,,,,,0,percent of total billed charges,30 percent of billed charges; No services were performed during the 15 month look back period.,5.731,,,,,,,Fee Schedule,"100% ASP Fee Schedule. ",25.995743,60,,,,,0,percent of total billed charges,60 percent of billed charges; No services were performed during the 15 month look back period.,12.997872,30,,,,,0,percent of total billed charges,30 percent of billed charges; No services were performed during the 15 month look back period.,12.997872,30,,,,,0,percent of total billed charges,30 percent of billed charges; No services were performed during the 15 month look back period.,33.794466,78,,,,,0,percent of total billed charges,78 percent of billed charges; No services were performed during the 15 month look back period.,11405.733091,,,,,,,Case Rate,"Not payable. ",12.997872,30,,,,,0,percent of total billed charges,30 percent of billed charges; No services were performed during the 15 month look back period.,5329.781818,,,,,,,Case Rate,"100 Percent of Medicaid APG. ",5.731,,,,,,,Fee Schedule,"100% ASP Fee Schedule. ",5.731,,,,,,,Fee Schedule,"100% ASP Fee Schedule. ",5.731,,,,,,,Fee Schedule,"100% ASP Fee Schedule. ",5.731,,,,,,,Fee Schedule,"100% ASP Fee Schedule. ",5.731,,,,,,,Fee Schedule,"100% ASP Fee Schedule. ",5.731,,,,,,,Fee Schedule,"100% ASP Fee Schedule. ",12.997872,30,,,,,0,percent of total billed charges,30 percent of billed charges; No services were performed during the 15 month look back period.,21.66312,50,,,,,0,percent of total billed charges,50 percent of billed charges; No services were performed during the 15 month look back period.,10.22175,,,,,,,Fee Schedule,"157.5 Percent of AWP Fee Schedule. ",10.22175,,,,,,,Fee Schedule,"157.5 Percent of AWP Fee Schedule. ",10.22175,,,,,,,Fee Schedule,"157.5 Percent of AWP Fee Schedule. ",10.22175,,,,,,,Fee Schedule,"157.5 Percent of AWP Fee Schedule. ",10.22175,,,,,,,Fee Schedule,"157.5 Percent of AWP Fee Schedule. ",,,,,,,,,,21.66312,50,,,,,0,percent of total billed charges,50 percent of billed charges; No services were performed during the 15 month look back period.,8.08071,,,,,,,Fee Schedule,141 Percent of of ASP. Drugs billed with revenue code 636 and not priced by Medicare ASP fee schedule will be reimburse at 20 percent of charges,8.08071,,,,,,,Fee Schedule,141 Percent of of ASP. Drugs billed with revenue code 636 and not priced by Medicare ASP fee schedule will be reimburse at 20 percent of charges,8.08071,,,,,,,Fee Schedule,141 Percent of of ASP. Drugs billed with revenue code 636 and not priced by Medicare ASP fee schedule will be reimburse at 20 percent of charges,8.08071,,,,,,,Fee Schedule,141 Percent of of ASP. Drugs billed with revenue code 636 and not priced by Medicare ASP fee schedule will be reimburse at 20 percent of charges,8.08071,,,,,,,Fee Schedule,141 Percent of of ASP. Drugs billed with revenue code 636 and not priced by Medicare ASP fee schedule will be reimburse at 20 percent of charges,5.731,,,,,,,Fee Schedule,"100% ASP Fee Schedule. ",34.660991,80,,,,,0,percent of total billed charges,80 percent of billed charges; No services were performed during the 15 month look back period.,34.660991,80,,,,,0,percent of total billed charges,80 percent of billed charges; No services were performed during the 15 month look back period.,34.660991,80,,,,,0,percent of total billed charges,80 percent of billed charges; No services were performed during the 15 month look back period.,34.660991,80,,,,,0,percent of total billed charges,80 percent of billed charges; No services were performed during the 15 month look back period.,25.995743,60,,,,,0,percent of total billed charges,60 percent of billed charges; No services were performed during the 15 month look back period.,25.995743,60,,,,,0,percent of total billed charges,60 percent of billed charges; No services were performed during the 15 month look back period.,25.995743,60,,,,,0,percent of total billed charges,60 percent of billed charges; No services were performed during the 15 month look back period.,25.995743,60,,,,,0,percent of total billed charges,60 percent of billed charges; No services were performed during the 15 month look back period.,21.66312,50,,,,,0,percent of total billed charges,50 percent of billed charges; No services were performed during the 15 month look back period.,21.66312,50,,,,,0,percent of total billed charges,50 percent of billed charges; No services were performed during the 15 month look back period.,5.731,,,,,,,Fee Schedule,"100% ASP Fee Schedule. ",5.731,,,,,,,Fee Schedule,"100% ASP Fee Schedule. ",5.731,,,,,,,Fee Schedule,"100% ASP Fee Schedule. ",19.496808,45,,,,,0,percent of total billed charges,45 percent of billed charges; No services were performed during the 15 month look back period.,19.496808,45,,,,,0,percent of total billed charges,45 percent of billed charges; No services were performed during the 15 month look back period.,19.496808,45,,,,,0,percent of total billed charges,45 percent of billed charges; No services were performed during the 15 month look back period.,21.66312,50,,,,,0,percent of total billed charges,50 percent of billed charges; No services were performed during the 15 month look back period.,25.995743,60,,,,,0,percent of total billed charges,60 percent of billed charges; No services were performed during the 15 month look back period.,5.731,,,,,,,Fee Schedule,"100% ASP Fee Schedule. ",19.496808,45,,,,,0,percent of total billed charges,45 percent of billed charges; No services were performed during the 15 month look back period.,5329.781818,,,,,,,Case Rate,"100 Percent of Medicaid APG. ",5.84562,,,,,,,Fee Schedule,"100% of ASP Fee Schedule. ",5.84562,,,,,,,Fee Schedule,"100% of ASP Fee Schedule. ",5.84562,,,,,,,Fee Schedule,"100% of ASP Fee Schedule. ",0.433262,1,,,,,0,percent of total billed charges,35 Percent of Charges. ; No services were performed during the 15 month look back period.,11992.009091,,,,,,,Fee Schedule,"Not payable. ",11992.009091,,,,,,,Fee Schedule,"Not payable. ",11992.009091,,,,,,,Fee Schedule,"Not payable. ",11992.009091,,,,,,,Fee Schedule,"Not payable. ",11992.009091,,,,,,,Fee Schedule,"Not payable. ",5.84562,,,,,,,Fee Schedule,"100% of ASP Fee Schedule. ",5329.781818,,,,,,,Case Rate,"100 Percent of Medicaid APG. ",,,,,,,,Fee Schedule,"Not payable. ",11992.009091,,,,,,,Fee Schedule,"Not payable. ",11992.009091,,,,,,,Fee Schedule,"Not payable. ",,,,,,,,Fee Schedule,"Not payable. ",,,,,,,,Fee Schedule,"Not payable. ",10.22175,,,,,,,Fee Schedule,"157.5 Percent of AWP Fee Schedule. ",5.731,,,,,,,Fee Schedule,"100% ASP Fee Schedule. ",5.731,,,,,,,Fee Schedule,"100% ASP Fee Schedule. ",25.995743,60,,,,,0,percent of total billed charges,60 percent of billed charges; No services were performed during the 15 month look back period.,5.731,,,,,,,Fee Schedule,"100% ASP Fee Schedule. ",,,,,,,,Other,"Not payable. ",,,,,,,,Other,"Not payable. ",0.433262,1,,,,,0,percent of total billed charges,35 Percent of Charges. ; No services were performed during the 15 month look back period.,0.433262,1,,,,,0,percent of total billed charges,35 Percent of Charges. ; No services were performed during the 15 month look back period.,7.4635,,,,,,,Fee Schedule,"115 Percent of AWP. ",7.4635,,,,,,,Fee schedule,"115 Percent of AWP Fee Schedule. ",11992.009091,,,,,,,Case Rate,"100 Percent of Medicaid APG. ",11992.009091,,,,,,,Case Rate,"100 Percent of Medicaid APG. ",11992.009091,,,,,,,Case Rate,"100 Percent of Medicaid APG. ",11992.009091,,,,,,,Case Rate,"100 Percent of Medicaid APG. ",19.496808,45,,,,,0,percent of total billed charges,45 percent of billed charges; No services were performed during the 15 month look back period.,21.66312,50,,,,,0,percent of total billed charges,50 percent of billed charges; No services were performed during the 15 month look back period.,6395.738182,,,,,,,Case Rate,"120 Percent of Medicaid APG. Not APG payable, or payable under another fee schedule like ASP/AWP pays at 30% of charges",6395.738182,,,,,,,Case Rate,"120 Percent of Medicaid APG. Not APG payable, or payable under another fee schedule like ASP/AWP pays at 30% of charges",5329.781818,,,,,,,Case Rate,"100 Percent of Medicaid APG. Not APG payable, or payable under another fee schedule like ASP/AWP pays at 30% of charges",5329.781818,,,,,,,Case Rate,"100 Percent of Medicaid APG. Not APG payable, or payable under another fee schedule like ASP/AWP pays at 30% of charges",19.496808,45,,,,,0,percent of total billed charges,45 percent of billed charges; No services were performed during the 15 month look back period.,19.496808,45,,,,,0,percent of total billed charges,45 percent of billed charges; No services were performed during the 15 month look back period.,5.731,,,,,,,Fee Schedule,"100% ASP Fee Schedule. ",19.496808,45,,,,,0,percent of total billed charges,45 percent of billed charges; No services were performed during the 15 month look back period.,19.496808,45,,,,,0,percent of total billed charges,45 percent of billed charges; No services were performed during the 15 month look back period.,19.496808,45,,,,,0,percent of total billed charges,45 percent of billed charges; No services were performed during the 15 month look back period.,19.496808,45,,,,,0,percent of total billed charges,45 percent of billed charges; No services were performed during the 15 month look back period.,5.731,,,,,,,Fee Schedule,"100% ASP Fee Schedule. ",19.496808,45,,,,,0,percent of total billed charges,45 percent of billed charges; No services were performed during the 15 month look back period.,19.496808,45,,,,,0,percent of total billed charges,45 percent of billed charges; No services were performed during the 15 month look back period.,25.995743,60,,,,,0,percent of total billed charges,60 percent of billed charges; No services were performed during the 15 month look back period.,5329.781818,,,,,,,Fee Schedule,100% APG. Lesser of 100% of billed charges applies.,7.4635,,,,,,,Fee schedule,"115 Percent of AWP Fee Schedule. ",11992.009091,,,,,,,Fee Schedule,"Not payable. ",7.4635,,,,,,,Fee Schedule,"115 Percent of AWP. ",7.4635,,,,,,,Fee schedule,"115 Percent of AWP Fee Schedule. ",11992.009091,,,,,,,Fee Schedule,"Not payable. ",11992.009091,,,,,,,Fee Schedule,"Not payable. ",11992.009091,,,,,,,Fee Schedule,"Not payable. ",11992.009091,,,,,,,Fee Schedule,"Not payable. ",11992.009091,,,,,,,Fee Schedule,"Not payable. ",11992.009091,,,,,,,Fee Schedule,"Not payable. ",,,,,,,,,,,,,,,,,,,,,,,,,,,,12.997872,30,,,,,0,percent of total billed charges,30 percent of billed charges; No services were performed during the 15 month look back period.,,,,,,,,,,5.731,,,,,,,Fee Schedule,"100% ASP Fee Schedule. ",5.73,,,,,,,Fee Schedule,"100 % 1199 Fee Schedule. ",5.731,,,,,,,Fee Schedule,"100% ASP Fee Schedule. ",5.731,,,,,,,Fee Schedule,"100% ASP Fee Schedule. ",6395.738182,,,,,,,Case Rate,"120 Percent of Medicaid APG. Not APG payable, or payable under another fee schedule like ASP/AWP pays at 30% of charges",6395.738182,,,,,,,Case Rate,"120 Percent of Medicaid APG. Not APG payable, or payable under another fee schedule like ASP/AWP pays at 30% of charges",5329.781818,,,,,,,Case Rate,"100 Percent of Medicaid APG. Not APG payable, or payable under another fee schedule like ASP/AWP pays at 30% of charges",5329.781818,,,,,,,Case Rate,"100 Percent of Medicaid APG. Not APG payable, or payable under another fee schedule like ASP/AWP pays at 30% of charges",5329.781818,,,,,,,Case Rate,"100 Percent of Medicaid APG. ",31.628154,73,,,,,0,percent of total billed charges,73 percent of billed charges; No services were performed during the 15 month look back period.,25.995743,60,,,,,0,percent of total billed charges,60 percent of billed charges; No services were performed during the 15 month look back period.,31.628154,73,,,,,0,percent of total billed charges,73 percent of billed charges; No services were performed during the 15 month look back period.,12.997872,30,,,,,0,percent of total billed charges,30 percent of billed charges; No services were performed during the 15 month look back period.,5.731,,,,,,,Fee Schedule,"100% ASP Fee Schedule. ",5.731,,,,,,,Fee Schedule,"100% ASP Fee Schedule. ",5.731,,,,,,,Fee Schedule,"100% ASP Fee Schedule. ",5.731,,,,,,,Fee Schedule,"100% ASP Fee Schedule. ",5.731,,,,,,,Fee Schedule,"100% ASP Fee Schedule. ",5.731,,,,,,,Fee Schedule,"100% ASP Fee Schedule. ",,,,,,,,,,11992.009091,,,,,,,Fee Schedule,"Not payable. ",,,,,,,,Fee Schedule,"Not payable. ",19.496808,45,,,,,0,percent of total billed charges,45 percent of billed charges; No services were performed during the 15 month look back period.,31.628154,73,,,,,0,percent of total billed charges,73 percent of billed charges; No services were performed during the 15 month look back period.,31.628154,73,,,,,0,percent of total billed charges,73 percent of billed charges; No services were performed during the 15 month look back period.,31.628154,73,,,,,0,percent of total billed charges,73 percent of billed charges; No services were performed during the 15 month look back period.,31.628154,73,,,,,0,percent of total billed charges,73 percent of billed charges; No services were performed during the 15 month look back period.,5.731,,,,,,,Fee Schedule,"100% ASP Fee Schedule. ",5329.781818,,,,,,,Case Rate,"100 Percent of Medicaid APG. ",19.496808,45,,,,,0,percent of total billed charges,45 percent of billed charges; No services were performed during the 15 month look back period.,5329.781818,,,,,,,Case Rate,"100 Percent of Medicaid APG. ",5.731,,,,,,,Fee Schedule,"100% ASP Fee Schedule. ",5329.781818,,,,,,,Case Rate,"100 Percent of Medicaid APG. ",5.731,,,,,,,Fee Schedule,"100% ASP Fee Schedule. ",5.731,,,,,,,Fee Schedule,"100% ASP Fee Schedule. ",5329.781818,,,,,,,Case Rate,"100 Percent of Medicaid APG. ",5329.781818,,,,,,,Case Rate,"100 Percent of Medicaid APG. ",31.628154,73,,,,,0,percent of total billed charges,73 percent of billed charges; No services were performed during the 15 month look back period.,12.997872,30,,,,,0,percent of total billed charges,30 percent of billed charges; No services were performed during the 15 month look back period.,33.794466,78,,,,,0,percent of total billed charges,78 percent of billed charges; No services were performed during the 15 month look back period.,,,,,,,,Fee Schedule,"100 % Zero Pay Code. ",,,,,,,,Fee Schedule,"100 % Zero Pay Code. ",25.995743,60,,,,,0,percent of total billed charges,60 percent of billed charges; No services were performed during the 15 month look back period.,5.731,,,,,,,Fee Schedule,"100% of AWP Fee Schedule. ",34.660991,80,,,,,0,percent of total billed charges,80 percent of billed charges; No services were performed during the 15 month look back period.,34.660991,80,,,,,0,percent of total billed charges,80 percent of billed charges; No services were performed during the 15 month look back period.,15.597446,36,,,,,0,percent of total billed charges,36 percent of billed charges; No services were performed during the 15 month look back period.,15.597446,36,,,,,0,percent of total billed charges,36 percent of billed charges; No services were performed during the 15 month look back period.,5.731,,,,,,,Fee Schedule,"100% ASP Fee Schedule. ",5.731,,,,,,,Fee Schedule,"100% ASP Fee Schedule. ",5.731,,,,,,,Fee Schedule,"100% ASP Fee Schedule. ",5.731,,,,,,,Fee Schedule,"100% ASP Fee Schedule. ",,,,,,,,Fee Schedule,"100 % Zero Pay Code. ",19.496808,45,,,,,0,percent of total billed charges,45 percent of billed charges; No services were performed during the 15 month look back period.,19.496808,45,,,,,0,percent of total billed charges,45 percent of billed charges; No services were performed during the 15 month look back period.,5.731,,,,,,,Fee Schedule,"100% ASP Fee Schedule. ",15.597446,36,,,,,0,percent of total billed charges,36 percent of billed charges; No services were performed during the 15 month look back period.,31.628154,73,,,,,0,percent of total billed charges,73 percent of billed charges; No services were performed during the 15 month look back period.,,,,,,,,Fee Schedule,"Not payable. ",5329.781818,,,,,,,Case Rate,"100 Percent of Medicaid APG. ",31.628154,73,,,,,0,percent of total billed charges,73 percent of billed charges; No services were performed during the 15 month look back period.,17.547127,40.5,,,,,0,percent of total billed charges,40.5 percent of billed charges; No services were performed during the 15 month look back period.,17.547127,40.5,,,,,0,percent of total billed charges,40.5 percent of billed charges; No services were performed during the 15 month look back period.,19.496808,45,,,,,0,percent of total billed charges,45 percent of billed charges; No services were performed during the 15 month look back period.,21.66312,50,,,,,0,percent of total billed charges,50 percent of billed charges; No services were performed during the 15 month look back period.,5.731,,,,,,,Fee Schedule,"100% ASP Fee Schedule. ",5596.270909,,,,,,,Fee Schedule,"Not payable. ",5596.270909,,,,,,,Fee Schedule,"Not payable. ",5596.270909,,,,,,,Fee Schedule,"Not payable. ",7195.205455,,,,,,,Fee Schedule,"Not payable. ",,,,,,,,Fee Schedule,"100 % Zero Pay Code. ",5596.270909,,,,,,,Fee Schedule,"Not payable. ",5596.270909,,,,,,,Fee Schedule,"Not payable. ",5596.270909,,,,,,,Fee Schedule,"Not payable. ",5596.270909,,,,,,,Fee Schedule,"Not payable. ",5596.270909,,,,,,,Fee Schedule,"Not payable. ",7195.205455,,,,,,,Fee Schedule,"Not payable. ",7195.205455,,,,,,,Fee Schedule,"Not payable. ",5.731,,,,,,,Fee Schedule,"100% ASP Fee Schedule. ",,,,,,,,Fee Schedule,"100 % Zero Pay Code. ",5.731,,,,,,,Fee Schedule,"100% ASP Fee Schedule. ",5596.270909,,,,,,,Fee Schedule,"Not payable. ",19.496808,45,,,,,0,percent of total billed charges,45 percent of billed charges; No services were performed during the 15 month look back period.,5.731,,,,,,,Fee Schedule,"100% ASP Fee Schedule. ",19.496808,45,,,,,0,percent of total billed charges,45 percent of billed charges; No services were performed during the 15 month look back period.,19.496808,45,,,,,0,percent of total billed charges,45 percent of billed charges; No services were performed during the 15 month look back period.,19.496808,45,,,,,0,percent of total billed charges,45 percent of billed charges; No services were performed during the 15 month look back period.,5596.270909,,,,,,,Fee Schedule,"Not payable. ",5.731,,,,,,,Fee Schedule,"100% ASP Fee Schedule. ",19.496808,45,,,,,0,percent of total billed charges,45 percent of billed charges; No services were performed during the 15 month look back period.,7195.205455,,,,,,,Fee Schedule,"Not payable. ",19.496808,45,,,,,0,percent of total billed charges,45 percent of billed charges; No services were performed during the 15 month look back period.,12.997872,30,,,,,0,percent of total billed charges,30% of Charges. ; No services were performed during the 15 month look back period.,5.731,,,,,,,Fee Schedule,"100% ASP Fee Schedule. ",31.628154,73,,,,,0,percent of total billed charges,73 percent of billed charges; No services were performed during the 15 month look back period.,31.628154,73,,,,,0,percent of total billed charges,73 percent of billed charges; No services were performed during the 15 month look back period.,31.628154,73,,,,,0,percent of total billed charges,73 percent of billed charges; No services were performed during the 15 month look back period.,31.628154,73,,,,,0,percent of total billed charges,73 percent of billed charges; No services were performed during the 15 month look back period.,31.628154,73,,,,,0,percent of total billed charges,73 percent of billed charges; No services were performed during the 15 month look back period.,31.628154,73,,,,,0,percent of total billed charges,73 percent of billed charges; No services were performed during the 15 month look back period.,31.628154,73,,,,,0,percent of total billed charges,73 percent of billed charges; No services were performed during the 15 month look back period.,31.628154,73,,,,,0,percent of total billed charges,73 percent of billed charges; No services were performed during the 15 month look back period.,31.628154,73,,,,,0,percent of total billed charges,73 percent of billed charges; No services were performed during the 15 month look back period.,31.628154,73,,,,,0,percent of total billed charges,73 percent of billed charges; No services were performed during the 15 month look back period.,31.628154,73,,,,,0,percent of total billed charges,73 percent of billed charges; No services were performed during the 15 month look back period.,31.628154,73,,,,,0,percent of total billed charges,73 percent of billed charges; No services were performed during the 15 month look back period.,5.731,,,,,,,Fee Schedule,"100% ASP Fee Schedule. ",31.628154,73,,,,,0,percent of total billed charges,73 percent of billed charges; No services were performed during the 15 month look back period.,5.731,,,,,,,Fee Schedule,"100% ASP Fee Schedule. ",11992.009091,,,,,,,Case Rate,"225 Percent of Medicaid APG. If not included in Medicaid APG, then 100 Percent of Manhattan Medicare",5329.781818,,,,,,,Case Rate,"NA. ",,,,,,,,Fee Schedule,"100 % Zero Pay Code. ",,,,,,,,Fee Schedule,"100 % Zero Pay Code. ",5.731,,,,,,,Fee Schedule,"100% ASP Fee Schedule. ",34.660991,80,,,,,0,percent of total billed charges,80 percent of billed charges; No services were performed during the 15 month look back period.,5.731,,,,,,,Fee Schedule,"100% ASP Fee Schedule. ",5.731,,,,,,,Fee Schedule,"100% ASP Fee Schedule. ",25.995743,60,,,,,0,percent of total billed charges,60 percent of billed charges; No services were performed during the 15 month look back period.,5.731,,,,,,,Fee Schedule,"100% ASP Fee Schedule. ",12.997872,30,,,,,0,percent of total billed charges,30 percent of billed charges; No services were performed during the 15 month look back period.,5.731,,,,,,,Fee Schedule,"100% ASP Fee Schedule. ",12.997872,30,,,,,0,percent of total billed charges,30 percent of billed charges; No services were performed during the 15 month look back period.,25.995743,60,,,,,0,percent of total billed charges,60 percent of billed charges; No services were performed during the 15 month look back period.,12.997872,30,,,,,0,percent of total billed charges,30 percent of billed charges; No services were performed during the 15 month look back period.,5.731,,,,,,,Fee Schedule,"100% ASP Fee Schedule. ",5329.781818,,,,,,,Case Rate,"100 Percent of Medicaid APG. ",5.731,,,,,,,Fee Schedule,"100% ASP Fee Schedule. ",12.997872,30,,,,,0,percent of total billed charges,30 percent of billed charges; No services were performed during the 15 month look back period.,,,,,,,,Fee Schedule,"100 % Zero Pay Code. ",5329.781818,,,,,,,Case Rate,"100 Percent of Medicaid APG. ",19.496808,45,,,,,0,percent of total billed charges,45 percent of billed charges; No services were performed during the 15 month look back period.,,,,,,,,Fee Schedule,"Not payable. ",,,,,,,,Fee Schedule,"Not payable. ",19.496808,45,,,,,0,percent of total billed charges,45 percent of billed charges; No services were performed during the 15 month look back period.,19.496808,45,,,,,0,percent of total billed charges,45 percent of billed charges; No services were performed during the 15 month look back period.,19.496808,45,,,,,0,percent of total billed charges,45 percent of billed charges; No services were performed during the 15 month look back period.,,,,,,,,Fee Schedule,"100 % Zero Pay Code. ",19.496808,45,,,,,0,percent of total billed charges,45 percent of billed charges; No services were performed during the 15 month look back period.,19.496808,45,,,,,0,percent of total billed charges,45 percent of billed charges; No services were performed during the 15 month look back period.,19.496808,45,,,,,0,percent of total billed charges,45 percent of billed charges; No services were performed during the 15 month look back period.,31.628154,73,,,,,0,percent of total billed charges,73 percent of billed charges; No services were performed during the 15 month look back period.,31.628154,73,,,,,0,percent of total billed charges,73 percent of billed charges; No services were performed during the 15 month look back period.,8.08071,,,,,,,Fee Schedule,141 Percent of of ASP. Drugs billed with revenue code 636 and not priced by Medicare ASP fee schedule will be reimburse at 20 percent of charges,5329.781818,,,,,,,Case Rate,"100 Percent of Medicaid APG. ",,,,,,,,Fee Schedule,"100 % Zero Pay Code. ",12.997872,30,,,,,0,percent of total billed charges,30 percent of billed charges; No services were performed during the 15 month look back period.,25.995743,60,,,,,0,percent of total billed charges,60 percent of billed charges; No services were performed during the 15 month look back period.,,,,,,,,Fee Schedule,"100 % Zero Pay Code. ",25.995743,60,,,,,0,percent of total billed charges,60 percent of billed charges; No services were performed during the 15 month look back period.,,,,,,,,Fee Schedule,"100 % Zero Pay Code. ",19.496808,45,,,,,0,percent of total billed charges,45 percent of billed charges; No services were performed during the 15 month look back period.,19.496808,45,,,,,0,percent of total billed charges,45 percent of billed charges; No services were performed during the 15 month look back period.,19.496808,45,,,,,0,percent of total billed charges,45 percent of billed charges; No services were performed during the 15 month look back period.,19.496808,45,,,,,0,percent of total billed charges,45 percent of billed charges; No services were performed during the 15 month look back period.,5.731,,,,,,,Fee Schedule,"100% ASP Fee Schedule. ",0.433262,11992.009091,
J9307,HCPCS,5010003,LOCAL,636,RC,PRALATREXATE INJECTION,5651.37216,1073.76071,Inpatient,ME,1,,,,,,,,,,,,,,,,,,,,1695.411648,30,,,,,0,percent of total billed charges,30 Percent of charges; No services were performed during the 15 month look back period.,5651.37216,100,,,,,0,percent of total billed charges,100 percent of charges; No services were performed during the 15 month look back period.,,,,,,,,,,1695.411648,30,,,,,0,percent of total billed charges,30 Percent of charges; No services were performed during the 15 month look back period.,1695.411648,30,,,,,0,percent of total billed charges,30 Percent of charges; No services were performed during the 15 month look back period.,1695.411648,30,,,,,0,percent of total billed charges,30 Percent of charges; No services were performed during the 15 month look back period.,565.137216,10,,,,,0,percent of total billed charges,10 percent of charges; No services were performed during the 15 month look back period.,,,,,,,,,,4125.501677,73,,,,,0,percent of total billed charges,73 percent of charges; No services were performed during the 15 month look back period.,565.137216,10,,,,,0,percent of total billed charges,10 percent of charges; No services were performed during the 15 month look back period.,,,,,,,,,,,,,,,,,,,1808.439091,32,,,,,0,percent of total billed charges,32 pecent of charges; No services were performed during the 15 month look back period.,1808.439091,32,,,,,0,percent of total billed charges,32 pecent of charges; No services were performed during the 15 month look back period.,1808.439091,32,,,,,0,percent of total billed charges,32 pecent of charges; No services were performed during the 15 month look back period.,1808.439091,32,,,,,0,percent of total billed charges,32 pecent of charges; No services were performed during the 15 month look back period.,,,,,,,,,,,,,,,,,,,,,,,,,,,,4125.501677,73,,,,,0,percent of total billed charges,73 percent of charges; No services were performed during the 15 month look back period.,1695.411648,30,,,,,0,percent of total billed charges,30 Percent of charges; No services were performed during the 15 month look back period.,2260.548864,40,,,,,0,percent of total billed charges,40 percent of charges; No services were performed during the 15 month look back period.,1638.897926,29,,,,,0,percent of total billed charges,29 percent of charges; No services were performed during the 15 month look back period.,2260.548864,40,,,,,0,percent of total billed charges,40 percent of charges; No services were performed during the 15 month look back period.,2260.548864,40,,,,,0,percent of total billed charges,40 percent of charges; No services were performed during the 15 month look back period.,4125.501677,73,,,,,0,percent of total billed charges,73 percent of charges; No services were performed during the 15 month look back period.,,,,,,,,,,,,,,,,,,,,,,,,,,,,,,,,,,,,,1638.897926,29,,,,,0,percent of total billed charges,29 percent of charges; No services were performed during the 15 month look back period.,1638.897926,29,,,,,0,percent of total billed charges,29 percent of charges; No services were performed during the 15 month look back period.,1638.897926,29,,,,,0,percent of total billed charges,29 percent of charges; No services were performed during the 15 month look back period.,1638.897926,29,,,,,0,percent of total billed charges,29 percent of charges; No services were performed during the 15 month look back period.,1638.897926,29,,,,,0,percent of total billed charges,29 percent of charges; No services were performed during the 15 month look back period.,1638.897926,29,,,,,0,percent of total billed charges,29 percent of charges; No services were performed during the 15 month look back period.,1638.897926,29,,,,,0,percent of total billed charges,29 percent of charges; No services were performed during the 15 month look back period.,4125.501677,73,,,,,0,percent of total billed charges,73 percent of charges; No services were performed during the 15 month look back period.,734.678381,13,,,,,0,percent of total billed charges,13 percent of charges; No services were performed during the 15 month look back period.,734.678381,13,,,,,0,percent of total billed charges,13 percent of charges; No services were performed during the 15 month look back period.,4125.501677,73,,,,,0,percent of total billed charges,73 percent of charges; No services were performed during the 15 month look back period.,1808.439091,32,,,,,0,percent of total billed charges,32 pecent of charges; No services were performed during the 15 month look back period.,565.137216,10,,,,,0,percent of total billed charges,10 percent of charges; No services were performed during the 15 month look back period.,565.137216,10,,,,,0,percent of total billed charges,10 percent of charges; No services were performed during the 15 month look back period.,4125.501677,73,,,,,0,percent of total billed charges,73 percent of charges; No services were performed during the 15 month look back period.,,,,,,,,,,565.137216,10,,,,,0,percent of total billed charges,10 percent of charges; No services were performed during the 15 month look back period.,565.137216,10,,,,,0,percent of total billed charges,10 percent of charges; No services were performed during the 15 month look back period.,565.137216,10,,,,,0,percent of total billed charges,10 percent of charges; No services were performed during the 15 month look back period.,,,,,,,,,,565.137216,10,,,,,0,percent of total billed charges,10 percent of charges; No services were performed during the 15 month look back period.,565.137216,10,,,,,0,percent of total billed charges,10 percent of charges; No services were performed during the 15 month look back period.,,,,,,,,,,1356.329318,24,,,,,0,percent of total billed charges,24 percent of charges; No services were performed during the 15 month look back period.,,,,,,,,,,,,,,,,,,,,,,,,,,,,,,,,,,,,,,,,,,,,,,,,,,,,,,,,,,,,,,,,,,,,,,,,,,,,,,,,,,4125.501677,73,,,,,0,percent of total billed charges,73 percent of charges; No services were performed during the 15 month look back period.,4125.501677,73,,,,,0,percent of total billed charges,73 percent of charges; No services were performed during the 15 month look back period.,4125.501677,73,,,,,0,percent of total billed charges,73 percent of charges; No services were performed during the 15 month look back period.,4125.501677,73,,,,,0,percent of total billed charges,73 percent of charges; No services were performed during the 15 month look back period.,4125.501677,73,,,,,0,percent of total billed charges,73 percent of charges; No services were performed during the 15 month look back period.,4125.501677,73,,,,,0,percent of total billed charges,73 percent of charges; No services were performed during the 15 month look back period.,4125.501677,73,,,,,0,percent of total billed charges,73 percent of charges; No services were performed during the 15 month look back period.,4125.501677,73,,,,,0,percent of total billed charges,73 percent of charges; No services were performed during the 15 month look back period.,4125.501677,73,,,,,0,percent of total billed charges,73 percent of charges; No services were performed during the 15 month look back period.,4125.501677,73,,,,,0,percent of total billed charges,73 percent of charges; No services were performed during the 15 month look back period.,4125.501677,73,,,,,0,percent of total billed charges,73 percent of charges; No services were performed during the 15 month look back period.,4125.501677,73,,,,,0,percent of total billed charges,73 percent of charges; No services were performed during the 15 month look back period.,4125.501677,73,,,,,0,percent of total billed charges,73 percent of charges; No services were performed during the 15 month look back period.,4125.501677,73,,,,,0,percent of total billed charges,73 percent of charges; No services were performed during the 15 month look back period.,4125.501677,73,,,,,0,percent of total billed charges,73 percent of charges; No services were performed during the 15 month look back period.,4125.501677,73,,,,,0,percent of total billed charges,73 percent of charges; No services were performed during the 15 month look back period.,4125.501677,73,,,,,0,percent of total billed charges,73 percent of charges; No services were performed during the 15 month look back period.,4125.501677,73,,,,,0,percent of total billed charges,73 percent of charges; No services were performed during the 15 month look back period.,4125.501677,73,,,,,0,percent of total billed charges,73 percent of charges; No services were performed during the 15 month look back period.,4125.501677,73,,,,,0,percent of total billed charges,73 percent of charges; No services were performed during the 15 month look back period.,4125.501677,73,,,,,0,percent of total billed charges,73 percent of charges; No services were performed during the 15 month look back period.,4125.501677,73,,,,,0,percent of total billed charges,73 percent of charges; No services were performed during the 15 month look back period.,4125.501677,73,,,,,0,percent of total billed charges,73 percent of charges; No services were performed during the 15 month look back period.,4125.501677,73,,,,,0,percent of total billed charges,73 percent of charges; No services were performed during the 15 month look back period.,4125.501677,73,,,,,0,percent of total billed charges,73 percent of charges; No services were performed during the 15 month look back period.,4125.501677,73,,,,,0,percent of total billed charges,73 percent of charges; No services were performed during the 15 month look back period.,1638.897926,29,,,,,0,percent of total billed charges,29 percent of charges; No services were performed during the 15 month look back period.,1638.897926,29,,,,,0,percent of total billed charges,29 percent of charges; No services were performed during the 15 month look back period.,1638.897926,29,,,,,0,percent of total billed charges,29 percent of charges; No services were performed during the 15 month look back period.,1638.897926,29,,,,,0,percent of total billed charges,29 percent of charges; No services were performed during the 15 month look back period.,2260.548864,40,,,,,0,percent of total billed charges,40 percent of charges; No services were performed during the 15 month look back period.,2260.548864,40,,,,,0,percent of total billed charges,40 percent of charges; No services were performed during the 15 month look back period.,1808.439091,32,,,,,0,percent of total billed charges,32 pecent of charges; No services were performed during the 15 month look back period.,,,,,,,,,,565.137216,10,,,,,0,percent of total billed charges,10 percent of charges; No services were performed during the 15 month look back period.,,,,,,,,,,4125.501677,73,,,,,0,percent of total billed charges,73 percent of charges; No services were performed during the 15 month look back period.,2260.548864,40,,,,,0,percent of total billed charges,40 percent of charges; No services were performed during the 15 month look back period.,,,,,,,,,,565.137216,10,,,,,0,percent of total billed charges,10 percent of charges; No services were performed during the 15 month look back period.,1808.439091,32,,,,,0,percent of total billed charges,32 pecent of charges; No services were performed during the 15 month look back period.,,,,,,,,,,4125.501677,73,,,,,0,percent of total billed charges,73 percent of charges; No services were performed during the 15 month look back period.,,,,,,,,,,1638.897926,29,,,,,0,percent of total billed charges,29 percent of charges; No services were performed during the 15 month look back period.,1638.897926,29,,,,,0,percent of total billed charges,29 percent of charges; No services were performed during the 15 month look back period.,1638.897926,29,,,,,0,percent of total billed charges,29 percent of charges; No services were performed during the 15 month look back period.,,,,,,,,,,1356.329318,24,,,,,0,percent of total billed charges,24 percent of charges; No services were performed during the 15 month look back period.,,,,,,,,,,,,,,,,,,,,,,,,,,,,,,,,,,,,,,,,,,,,,,1695.411648,30,,,,,0,percent of total billed charges,30 Percent of charges; No services were performed during the 15 month look back period.,1695.411648,30,,,,,0,percent of total billed charges,30 Percent of charges; No services were performed during the 15 month look back period.,,,,,,,,,,1808.439091,32,,,,,0,percent of total billed charges,32 pecent of charges; No services were performed during the 15 month look back period.,565.137216,10,,,,,0,percent of total billed charges,10 percent of charges; No services were performed during the 15 month look back period.,565.137216,10,,,,,0,percent of total billed charges,10 percent of charges; No services were performed during the 15 month look back period.,,,,,,,,,,1808.439091,32,,,,,0,percent of total billed charges,32 pecent of charges; No services were performed during the 15 month look back period.,1695.411648,30,,,,,0,percent of total billed charges,30 Percent of charges; No services were performed during the 15 month look back period.,1695.411648,30,,,,,0,percent of total billed charges,30 Percent of charges; No services were performed during the 15 month look back period.,1695.411648,30,,,,,0,percent of total billed charges,30 Percent of charges; No services were performed during the 15 month look back period.,4125.501677,73,,,,,0,percent of total billed charges,73 percent of charges; No services were performed during the 15 month look back period.,4125.501677,73,,,,,0,percent of total billed charges,73 percent of charges; No services were performed during the 15 month look back period.,4125.501677,73,,,,,0,percent of total billed charges,73 percent of charges; No services were performed during the 15 month look back period.,4125.501677,73,,,,,0,percent of total billed charges,73 percent of charges; No services were performed during the 15 month look back period.,4125.501677,73,,,,,0,percent of total billed charges,73 percent of charges; No services were performed during the 15 month look back period.,4125.501677,73,,,,,0,percent of total billed charges,73 percent of charges; No services were performed during the 15 month look back period.,4125.501677,73,,,,,0,percent of total billed charges,73 percent of charges; No services were performed during the 15 month look back period.,4125.501677,73,,,,,0,percent of total billed charges,73 percent of charges; No services were performed during the 15 month look back period.,4125.501677,73,,,,,0,percent of total billed charges,73 percent of charges; No services were performed during the 15 month look back period.,4125.501677,73,,,,,0,percent of total billed charges,73 percent of charges; No services were performed during the 15 month look back period.,4125.501677,73,,,,,0,percent of total billed charges,73 percent of charges; No services were performed during the 15 month look back period.,2260.548864,40,,,,,0,percent of total billed charges,40 percent of charges; No services were performed during the 15 month look back period.,,,,,,,,,,1808.439091,32,,,,,0,percent of total billed charges,32 pecent of charges; No services were performed during the 15 month look back period.,,,,,,,,,,1695.411648,30,,,,,0,percent of total billed charges,30 Percent of charges; No services were performed during the 15 month look back period.,1808.439091,32,,,,,0,percent of total billed charges,32 pecent of charges; No services were performed during the 15 month look back period.,1808.439091,32,,,,,0,percent of total billed charges,32 pecent of charges; No services were performed during the 15 month look back period.,4125.501677,73,,,,,0,percent of total billed charges,73 percent of charges; No services were performed during the 15 month look back period.,1130.274432,20,,,,,0,percent of total billed charges,20 percent of charges; No services were performed during the 15 month look back period.,1808.439091,32,,,,,0,percent of total billed charges,32 pecent of charges; No services were performed during the 15 month look back period.,,,,,,,,,,,,,,,,,,,,,,,,,,,,,,,,,,,,,,,,,,,,,,,,,,,,,,,,,,,,,,,,1808.439091,32,,,,,0,percent of total billed charges,32 pecent of charges; No services were performed during the 15 month look back period.,1356.329318,24,,,,,0,percent of total billed charges,24 percent of charges; No services were performed during the 15 month look back period.,,,,,,,,,,,,,,,,,,,,,,,,,,,,,,,,,,,,,,,,,,,,,,,,,,,,,,,1356.329318,24,,,,,0,percent of total billed charges,24 percent of charges; No services were performed during the 15 month look back period.,1751.92537,31,,,,,0,percent of total billed charges,31 percent of charges; No services were performed during the 15 month look back period.,1751.92537,31,,,,,0,percent of total billed charges,31 percent of charges; No services were performed during the 15 month look back period.,1751.92537,31,,,,,0,percent of total billed charges,31 percent of charges; No services were performed during the 15 month look back period.,1751.92537,31,,,,,0,percent of total billed charges,31 percent of charges; No services were performed during the 15 month look back period.,1751.92537,31,,,,,0,percent of total billed charges,31 percent of charges; No services were performed during the 15 month look back period.,,,,,,,,,,2260.548864,40,,,,,0,percent of total billed charges,40 percent of charges; No services were performed during the 15 month look back period.,2260.548864,40,,,,,0,percent of total billed charges,40 percent of charges; No services were performed during the 15 month look back period.,2260.548864,40,,,,,0,percent of total billed charges,40 percent of charges; No services were performed during the 15 month look back period.,2260.548864,40,,,,,0,percent of total billed charges,40 percent of charges; No services were performed during the 15 month look back period.,1695.411648,30,,,,,0,percent of total billed charges,30 Percent of charges; No services were performed during the 15 month look back period.,1695.411648,30,,,,,0,percent of total billed charges,30 Percent of charges; No services were performed during the 15 month look back period.,1695.411648,30,,,,,0,percent of total billed charges,30 Percent of charges; No services were performed during the 15 month look back period.,1695.411648,30,,,,,0,percent of total billed charges,30 Percent of charges; No services were performed during the 15 month look back period.,1356.329318,24,,,,,0,percent of total billed charges,24 percent of charges; No services were performed during the 15 month look back period.,1356.329318,24,,,,,0,percent of total billed charges,24 percent of charges; No services were performed during the 15 month look back period.,,,,,,,,,,,,,,,,,,,,,,,,,,,,,,,,,,,,,,,,,,,,,,,,,,,,,,,1356.329318,24,,,,,0,percent of total billed charges,24 percent of charges; No services were performed during the 15 month look back period.,1695.411648,30,,,,,0,percent of total billed charges,30 Percent of charges; No services were performed during the 15 month look back period.,,,,,,,,,,,,,,,,,,,,,,,,,,,,,,,,,,,,,,,,,,,,,,,,,,,,,,,,,,,,,,,,,,,,,,,,,,,,,,,,,,,,,,,,,,,,,,,,,,,,,,,,,,,,,,,,,,,,,,,,,,,,,,,,,,,,,,,,,,,,,,,,,,,,,,,,,,,,,,,,,,,,,,,,,,,,,,,,,,,,,,,,,,,,,,,,,,,,,,,1695.411648,30,,,,,0,percent of total billed charges,30 Percent of charges; No services were performed during the 15 month look back period.,,,,,,,,,,,,,,,,,,,,,,,,,,,,,,,,,,,,,,,,,,,,,,,,,,,,,,,,,,,,,,,,565.137216,10,,,,,0,percent of total billed charges,10 percent of charges; No services were performed during the 15 month look back period.,565.137216,10,,,,,0,percent of total billed charges,10 percent of charges; No services were performed during the 15 month look back period.,565.137216,10,,,,,0,percent of total billed charges,10 percent of charges; No services were performed during the 15 month look back period.,565.137216,10,,,,,0,percent of total billed charges,10 percent of charges; No services were performed during the 15 month look back period.,,,,,,,,,,1356.329318,24,,,,,0,percent of total billed charges,24 percent of charges; No services were performed during the 15 month look back period.,1638.897926,29,,,,,0,percent of total billed charges,29 percent of charges; No services were performed during the 15 month look back period.,1638.897926,29,,,,,0,percent of total billed charges,29 percent of charges; No services were performed during the 15 month look back period.,1638.897926,29,,,,,0,percent of total billed charges,29 percent of charges; No services were performed during the 15 month look back period.,1638.897926,29,,,,,0,percent of total billed charges,29 percent of charges; No services were performed during the 15 month look back period.,,,,,,,,,,,,,,,,,,,,,,,,,,,,,,,,,,,,,,,,,,,,,,,,,,,,,,,,,,,,,,,,,,,,,,,,,,,,,,,,,,,,,,,,,,,1695.411648,30,,,,,0,percent of total billed charges,30 Percent of charges; No services were performed during the 15 month look back period.,,,,,,,,,,,,,,,,,,,,,,,,,,,,,,,,,,,,,,,,,,,,,,,,,,,,,,,,,,,,,,,,,,,,,,,,,,,,,,,,,,,,,,,,,,,,,,,,,,,,,,,,,,,,,,,,,,,,,,,,,,,,,,,1808.439091,32,,,,,0,percent of total billed charges,32 pecent of charges; No services were performed during the 15 month look back period.,,,,,,,,,,,,,,,,,,,,,,,,,,,,,,,,,,,,,,,,,,,,,,1638.897926,29,,,,,0,percent of total billed charges,29 percent of charges; No services were performed during the 15 month look back period.,1638.897926,29,,,,,0,percent of total billed charges,29 percent of charges; No services were performed during the 15 month look back period.,1638.897926,29,,,,,0,percent of total billed charges,29 percent of charges; No services were performed during the 15 month look back period.,1638.897926,29,,,,,0,percent of total billed charges,29 percent of charges; No services were performed during the 15 month look back period.,,,,,,,,,,1638.897926,29,,,,,0,percent of total billed charges,29 percent of charges; No services were performed during the 15 month look back period.,1695.411648,30,,,,,0,percent of total billed charges,30 Percent of charges; No services were performed during the 15 month look back period.,1638.897926,29,,,,,0,percent of total billed charges,29 percent of charges; No services were performed during the 15 month look back period.,1808.439091,32,,,,,0,percent of total billed charges,32 pecent of charges; No services were performed during the 15 month look back period.,1638.897926,29,,,,,0,percent of total billed charges,29 percent of charges; No services were performed during the 15 month look back period.,,,,,,,,,,,,,,,,,,,,,,,,,,,,1638.897926,29,,,,,0,percent of total billed charges,29 percent of charges; No services were performed during the 15 month look back period.,,,,,,,,,,,,,,,,,,,,,,,,,,,,,,,,,,,,,,,,,,,,,,1638.897926,29,,,,,0,percent of total billed charges,29 percent of charges; No services were performed during the 15 month look back period.,1638.897926,29,,,,,0,percent of total billed charges,29 percent of charges; No services were performed during the 15 month look back period.,1638.897926,29,,,,,0,percent of total billed charges,29 percent of charges; No services were performed during the 15 month look back period.,1638.897926,29,,,,,0,percent of total billed charges,29 percent of charges; No services were performed during the 15 month look back period.,,,,,,,,,,,,,,,,,,,,,,,,,,,,,,,,,,,,,,,,,,,,,,,,,,,,,,,,,,,,,,,,,,,,,,,,,,,,,,,,,,,,,,,,,,,1638.897926,29,,,,,0,percent of total billed charges,29 percent of charges; No services were performed during the 15 month look back period.,1808.439091,32,,,,,0,percent of total billed charges,32 pecent of charges; No services were performed during the 15 month look back period.,4125.501677,73,,,,,0,percent of total billed charges,73 percent of charges; No services were performed during the 15 month look back period.,565.137216,10,,,,,0,percent of total billed charges,10 percent of charges; No services were performed during the 15 month look back period.,565.137216,10,,,,,0,percent of total billed charges,10 percent of charges; No services were performed during the 15 month look back period.,1695.411648,30,,,,,0,percent of total billed charges,30 Percent of charges; No services were performed during the 15 month look back period.,,,,,,,,,,2260.548864,40,,,,,0,percent of total billed charges,40 percent of charges; No services were performed during the 15 month look back period.,2260.548864,40,,,,,0,percent of total billed charges,40 percent of charges; No services were performed during the 15 month look back period.,,,,,,,,,,,,,,,,,,,,,,,,,,,,,,,,,,,,,,,,,,,,,,,,,,,,,,,565.137216,10,,,,,0,percent of total billed charges,10 percent of charges; No services were performed during the 15 month look back period.,,,,,,,,,,,,,,,,,,,,,,,,,,,,,,,,,,,,,1638.897926,29,,,,,0,percent of total billed charges,29 percent of charges; No services were performed during the 15 month look back period.,,,,,,,,,,,,,,,,,,,1638.897926,29,,,,,0,percent of total billed charges,29 percent of charges; No services were performed during the 15 month look back period.,,,,,,,,,,,,,,,,,,,,,,,,,,,,1356.329318,24,,,,,0,percent of total billed charges,24 percent of charges; No services were performed during the 15 month look back period.,1638.897926,29,,,,,0,percent of total billed charges,29 percent of charges; No services were performed during the 15 month look back period.,,,,,,,,,,,,,,,,,,,,,,,,,,,,,,,,,,,,,565.137216,10,,,,,0,percent of total billed charges,10 percent of charges; No services were performed during the 15 month look back period.,,,,,,,,,,,,,,,,,,,,,,,,,,,,,,,,,,,,,,,,,,,,,,,,,,,,,,,,,,,,,,,,,,,,,,,,,565.137216,10,,,,,0,percent of total billed charges,10 percent of charges; No services were performed during the 15 month look back period.,,,,,,,,,,,,,,,,,,,,,,,,,,,,,,,,,,,,,,,,,,,,,,,,,,,,,,,,,,,,,,,,,,,,,,,,,,,,,,,,,,,,,,,,,,,,,,,,,,,,,,,,,,,,,,,,,,,,,,1638.897926,29,,,,,0,percent of total billed charges,29 percent of charges; No services were performed during the 15 month look back period.,1638.897926,29,,,,,0,percent of total billed charges,29 percent of charges; No services were performed during the 15 month look back period.,1638.897926,29,,,,,0,percent of total billed charges,29 percent of charges; No services were performed during the 15 month look back period.,1638.897926,29,,,,,0,percent of total billed charges,29 percent of charges; No services were performed during the 15 month look back period.,1638.897926,29,,,,,0,percent of total billed charges,29 percent of charges; No services were performed during the 15 month look back period.,1638.897926,29,,,,,0,percent of total billed charges,29 percent of charges; No services were performed during the 15 month look back period.,1638.897926,29,,,,,0,percent of total billed charges,29 percent of charges; No services were performed during the 15 month look back period.,1638.897926,29,,,,,0,percent of total billed charges,29 percent of charges; No services were performed during the 15 month look back period.,1638.897926,29,,,,,0,percent of total billed charges,29 percent of charges; No services were performed during the 15 month look back period.,1638.897926,29,,,,,0,percent of total billed charges,29 percent of charges; No services were performed during the 15 month look back period.,1638.897926,29,,,,,0,percent of total billed charges,29 percent of charges; No services were performed during the 15 month look back period.,1638.897926,29,,,,,0,percent of total billed charges,29 percent of charges; No services were performed during the 15 month look back period.,1638.897926,29,,,,,0,percent of total billed charges,29 percent of charges; No services were performed during the 15 month look back period.,,,,,,,,,,1638.897926,29,,,,,0,percent of total billed charges,29 percent of charges; No services were performed during the 15 month look back period.,,,,,,,,,,1073.76071,19,,,,,0,percent of total billed charges,19 percent of charges; No services were performed during the 15 month look back period.,734.678381,13,,,,,0,percent of total billed charges,13 percent of charges; No services were performed during the 15 month look back period.,565.137216,10,,,,,0,percent of total billed charges,10 percent of charges; No services were performed during the 15 month look back period.,565.137216,10,,,,,0,percent of total billed charges,10 percent of charges; No services were performed during the 15 month look back period.,,,,,,,,,,2260.548864,40,,,,,0,percent of total billed charges,40 percent of charges; No services were performed during the 15 month look back period.,,,,,,,,,,,,,,,,,,,1695.411648,30,,,,,0,percent of total billed charges,30 Percent of charges; No services were performed during the 15 month look back period.,,,,,,,,,,1808.439091,32,,,,,0,percent of total billed charges,32 pecent of charges; No services were performed during the 15 month look back period.,,,,,,,,,,1808.439091,32,,,,,0,percent of total billed charges,32 pecent of charges; No services were performed during the 15 month look back period.,1695.411648,30,,,,,0,percent of total billed charges,30 Percent of charges; No services were performed during the 15 month look back period.,1808.439091,32,,,,,0,percent of total billed charges,32 pecent of charges; No services were performed during the 15 month look back period.,,,,,,,,,,,,,,,,,,,,,,,,,,,,1808.439091,32,,,,,0,percent of total billed charges,32 pecent of charges; No services were performed during the 15 month look back period.,565.137216,10,,,,,0,percent of total billed charges,10 percent of charges; No services were performed during the 15 month look back period.,,,,,,,,,,,,,,,,,,,,,,,,,,,,,,,,,,,,,,,,,,,,,,,,,,,,,,,,,,,,,,,,565.137216,10,,,,,0,percent of total billed charges,10 percent of charges; No services were performed during the 15 month look back period.,,,,,,,,,,,,,,,,,,,,,,,,,,,,1638.897926,29,,,,,0,percent of total billed charges,29 percent of charges; No services were performed during the 15 month look back period.,1638.897926,29,,,,,0,percent of total billed charges,29 percent of charges; No services were performed during the 15 month look back period.,1751.92537,31,,,,,0,percent of total billed charges,31 percent of charges; No services were performed during the 15 month look back period.,,,,,,,,,,565.137216,10,,,,,0,percent of total billed charges,10 percent of charges; No services were performed during the 15 month look back period.,1808.439091,32,,,,,0,percent of total billed charges,32 pecent of charges; No services were performed during the 15 month look back period.,1695.411648,30,,,,,0,percent of total billed charges,30 Percent of charges; No services were performed during the 15 month look back period.,565.137216,10,,,,,0,percent of total billed charges,10 percent of charges; No services were performed during the 15 month look back period.,1695.411648,30,,,,,0,percent of total billed charges,30 Percent of charges; No services were performed during the 15 month look back period.,565.137216,10,,,,,0,percent of total billed charges,10 percent of charges; No services were performed during the 15 month look back period.,,,,,,,,,,,,,,,,,,,,,,,,,,,,,,,,,,,,,,,,,,,,,,28.256861,11992.009091,
J9311,HCPCS,5010003,LOCAL,636,RC,"INJ RITUXIMAB, HYALURONIDASE",276.514749,52.537802,Outpatient,ME,10,,37.53,,,,,,,Fee Schedule,"100 % 1199 Fee Schedule. ",37.53,,,,,,,Fee Schedule,"100 % 1199 Fee Schedule. ",165.908849,60,,,,,0,percent of total billed charges,60 percent of billed charges; No services were performed during the 15 month look back period.,276.514749,100,,39621.71,39621.71,39621.71,1 through 10,percent of total billed charges,100 percent of billed charges,37.526,,,,,,,Fee Schedule,"100% ASP Fee Schedule. ",165.908849,60,,,,,0,percent of total billed charges,60 percent of billed charges; No services were performed during the 15 month look back period.,165.908849,60,,11522.7,11522.7,11636.1,1 through 10,percent of total billed charges,60 percent of billed charges,165.908849,60,,,,,0,percent of total billed charges,60 percent of billed charges; No services were performed during the 15 month look back period.,3994.656,,,,,,,Case Rate,"100 Percent of Medicaid APG. ",3328.88,,,,,,,Case Rate,"100 Percent of Medicaid APG. ",215.681504,78,,,,,0,percent of total billed charges,78% of Billed Charges. Lesser of 100% of billed charges applies.; No services were performed during the 15 month look back period.,,,,,,,,Fee Schedule,"100 % Zero Pay Code. ",3328.88,,,,,,,Case Rate,"100 Percent of Medicaid APG. ",37.526,,,,,,,Fee Schedule,"100% ASP Fee Schedule. ",82.954425,30,,1034.38,1022.76,1034.38,1 through 10,percent of total billed charges,30 percent of billed charges,82.954425,30,,,,,0,percent of total billed charges,30 percent of billed charges; No services were performed during the 15 month look back period.,82.954425,30,,39621.71,355.03,39621.71,1 through 10,percent of total billed charges,30 percent of billed charges,82.954425,30,,,,,0,percent of total billed charges,30 percent of billed charges; No services were performed during the 15 month look back period.,64.8255,,,,,,,Fee schedule,"115 Percent of AWP Fee Schedule. ",37.526,,,,,,,Fee Schedule,"100% ASP Fee Schedule. ",64.8255,,,,,,,Fee schedule,"115 Percent of AWP Fee Schedule. ",215.681504,78,,,,,0,percent of total billed charges,78% of Billed Charges. Lesser of 100% of billed charges applies.; No services were performed during the 15 month look back period.,165.908849,60,,,,,0,percent of total billed charges,60 percent of billed charges; No services were performed during the 15 month look back period.,37.526,,,,,,,Fee Schedule,"100% ASP Fee Schedule. ",201.855767,73,,,,,0,percent of total billed charges,73 percent of billed charges; No services were performed during the 15 month look back period.,37.526,,,,,,,Fee Schedule,"100% ASP Fee Schedule. ",37.526,,,,,,,Fee Schedule,"100% ASP Fee Schedule. ",215.681504,78,,,,,0,percent of total billed charges,78% of Billed Charges. Lesser of 100% of billed charges applies.; No services were performed during the 15 month look back period.,36.962,,,,,,,Fee Schedule,100 Percent of ASP if not priced then 95 Percent of AWP. Lesser of 100% of billed charges applies.,36.962,,,,,,,Fee Schedule,100 Percent of ASP if not priced then 95 Percent of AWP. Lesser of 100% of billed charges applies.,46.2025,,,,,,,Fee schedule,"125 Percent of ASP. ",46.2025,,,,,,,Fee schedule,"125 Percent of ASP. ",201.855767,73,,,,,0,percent of total billed charges,73 percent of billed charges; No services were performed during the 15 month look back period.,201.855767,73,,,,,0,percent of total billed charges,73 percent of billed charges; No services were performed during the 15 month look back period.,3328.88,,,,,,,Case Rate,"100 Percent of Medicaid APG. Not APG payable, or payable under another fee schedule like ASP/AWP pays at 30% of charges",201.855767,73,,372.31,198.66,39872.27,1 through 10,percent of total billed charges,73 percent of billed charges,3328.88,,,,,,,Case Rate,"100 Percent of Medicaid APG. Not APG payable, or payable under another fee schedule like ASP/AWP pays at 30% of charges",37.526,,,,,,,Fee Schedule,"100% ASP Fee Schedule. ",201.855767,73,,,,,0,percent of total billed charges,73 percent of billed charges; No services were performed during the 15 month look back period.,215.681504,78,,,,,0,percent of total billed charges,78% of Billed Charges. Lesser of 100% of billed charges applies.; No services were performed during the 15 month look back period.,3328.88,,,,,,,Case Rate,"106 percent of Average Sales Price.. Drugs not priced under APG, billed with revenue code 636 and not priced by Medicare ASP FeeSched will be reimbursed at 20% of charges.",3328.88,,,,,,,Case Rate,"106 percent of Average Sales Price.. Drugs not priced under APG, billed with revenue code 636 and not priced by Medicare ASP FeeSched will be reimbursed at 20% of charges.",215.681504,78,,,,,0,percent of total billed charges,78% of Billed Charges. Lesser of 100% of billed charges applies.; No services were performed during the 15 month look back period.,82.954425,30,,,,,0,percent of total billed charges,30 percent of billed charges; No services were performed during the 15 month look back period.,,,,,,,,Fee Schedule,"100 % Zero Pay Code. ",,,,,,,,Fee Schedule,"100 % Zero Pay Code. ",215.681504,78,,,,,0,percent of total billed charges,78% of Billed Charges. Lesser of 100% of billed charges applies.; No services were performed during the 15 month look back period.,37.526,,,,,,,Fee Schedule,"100% ASP Fee Schedule. ",,,,,,,,Fee Schedule,"100 % Zero Pay Code. ",,,,,,,,Fee Schedule,"100 % Zero Pay Code. ",,,,,,,,Fee Schedule,"100 % Zero Pay Code. ",37.526,,,,,,,Fee Schedule,"100% ASP Fee Schedule. ",,,,,,,,Fee Schedule,"100 % Zero Pay Code. ",,,,,,,,Fee Schedule,"100 % Zero Pay Code. ",37.526,,,,,,,Fee Schedule,"100% of AWP Fee Schedule. ",138.257374,50,,,,,0,percent of total billed charges,50 percent of billed charges; No services were performed during the 15 month look back period.,124.431637,45,,5633.32,5633.32,5633.32,1 through 10,percent of total billed charges,45 percent of billed charges,124.431637,45,,39621.71,39621.71,39621.71,1 through 10,percent of total billed charges,45 percent of billed charges,124.431637,45,,,,,0,percent of total billed charges,45 percent of billed charges; No services were performed during the 15 month look back period.,124.431637,45,,,,,0,percent of total billed charges,45 percent of billed charges; No services were performed during the 15 month look back period.,124.431637,45,,,,,0,percent of total billed charges,45 percent of billed charges; No services were performed during the 15 month look back period.,124.431637,45,,5688.76,5625.62,5688.76,1 through 10,percent of total billed charges,45 percent of billed charges,37.526,,,,,,,Fee Schedule,"100% ASP Fee Schedule. ",37.526,,,,,,,Fee Schedule,"100% ASP Fee Schedule. ",124.431637,45,,,,,0,percent of total billed charges,45 percent of billed charges; No services were performed during the 15 month look back period.,215.681504,78,,,,,0,percent of total billed charges,78% of Billed Charges. Lesser of 100% of billed charges applies.; No services were performed during the 15 month look back period.,215.681504,78,,,,,0,percent of total billed charges,78% of Billed Charges. Lesser of 100% of billed charges applies.; No services were performed during the 15 month look back period.,215.681504,78,,,,,0,percent of total billed charges,78% of Billed Charges. Lesser of 100% of billed charges applies.; No services were performed during the 15 month look back period.,215.681504,78,,,,,0,percent of total billed charges,78% of Billed Charges. Lesser of 100% of billed charges applies.; No services were performed during the 15 month look back period.,215.681504,78,,,,,0,percent of total billed charges,78% of Billed Charges. Lesser of 100% of billed charges applies.; No services were performed during the 15 month look back period.,215.681504,78,,,,,0,percent of total billed charges,78% of Billed Charges. Lesser of 100% of billed charges applies.; No services were performed during the 15 month look back period.,215.681504,78,,,,,0,percent of total billed charges,78% of Billed Charges. Lesser of 100% of billed charges applies.; No services were performed during the 15 month look back period.,215.681504,78,,,,,0,percent of total billed charges,78% of Billed Charges. Lesser of 100% of billed charges applies.; No services were performed during the 15 month look back period.,215.681504,78,,,,,0,percent of total billed charges,78% of Billed Charges. Lesser of 100% of billed charges applies.; No services were performed during the 15 month look back period.,215.681504,78,,,,,0,percent of total billed charges,78% of Billed Charges. Lesser of 100% of billed charges applies.; No services were performed during the 15 month look back period.,215.681504,78,,,,,0,percent of total billed charges,78% of Billed Charges. Lesser of 100% of billed charges applies.; No services were performed during the 15 month look back period.,215.681504,78,,,,,0,percent of total billed charges,78% of Billed Charges. Lesser of 100% of billed charges applies.; No services were performed during the 15 month look back period.,215.681504,78,,,,,0,percent of total billed charges,78% of Billed Charges. Lesser of 100% of billed charges applies.; No services were performed during the 15 month look back period.,215.681504,78,,,,,0,percent of total billed charges,78% of Billed Charges. Lesser of 100% of billed charges applies.; No services were performed during the 15 month look back period.,215.681504,78,,,,,0,percent of total billed charges,78% of Billed Charges. Lesser of 100% of billed charges applies.; No services were performed during the 15 month look back period.,215.681504,78,,,,,0,percent of total billed charges,78% of Billed Charges. Lesser of 100% of billed charges applies.; No services were performed during the 15 month look back period.,215.681504,78,,,,,0,percent of total billed charges,78% of Billed Charges. Lesser of 100% of billed charges applies.; No services were performed during the 15 month look back period.,215.681504,78,,,,,0,percent of total billed charges,78% of Billed Charges. Lesser of 100% of billed charges applies.; No services were performed during the 15 month look back period.,215.681504,78,,,,,0,percent of total billed charges,78% of Billed Charges. Lesser of 100% of billed charges applies.; No services were performed during the 15 month look back period.,215.681504,78,,,,,0,percent of total billed charges,78% of Billed Charges. Lesser of 100% of billed charges applies.; No services were performed during the 15 month look back period.,215.681504,78,,,,,0,percent of total billed charges,78% of Billed Charges. Lesser of 100% of billed charges applies.; No services were performed during the 15 month look back period.,215.681504,78,,,,,0,percent of total billed charges,78% of Billed Charges. Lesser of 100% of billed charges applies.; No services were performed during the 15 month look back period.,215.681504,78,,,,,0,percent of total billed charges,78% of Billed Charges. Lesser of 100% of billed charges applies.; No services were performed during the 15 month look back period.,215.681504,78,,,,,0,percent of total billed charges,78% of Billed Charges. Lesser of 100% of billed charges applies.; No services were performed during the 15 month look back period.,215.681504,78,,,,,0,percent of total billed charges,78% of Billed Charges. Lesser of 100% of billed charges applies.; No services were performed during the 15 month look back period.,215.681504,78,,,,,0,percent of total billed charges,78% of Billed Charges. Lesser of 100% of billed charges applies.; No services were performed during the 15 month look back period.,201.855767,73,,,,,0,percent of total billed charges,73 percent of billed charges; No services were performed during the 15 month look back period.,201.855767,73,,,,,0,percent of total billed charges,73 percent of billed charges; No services were performed during the 15 month look back period.,201.855767,73,,,,,0,percent of total billed charges,73 percent of billed charges; No services were performed during the 15 month look back period.,201.855767,73,,,,,0,percent of total billed charges,73 percent of billed charges; No services were performed during the 15 month look back period.,221.211799,80,,,,,0,percent of total billed charges,80 percent of billed charges; No services were performed during the 15 month look back period.,221.211799,80,,,,,0,percent of total billed charges,80 percent of billed charges; No services were performed during the 15 month look back period.,82.954425,30,,,,,0,percent of total billed charges,30 percent of billed charges; No services were performed during the 15 month look back period.,124.431637,45,,,,,0,percent of total billed charges,45 percent of billed charges; No services were performed during the 15 month look back period.,,,,,,,,Fee Schedule,"100 % Zero Pay Code. ",124.431637,45,,,,,0,percent of total billed charges,45 percent of billed charges; No services were performed during the 15 month look back period.,215.681504,78,,,,,0,percent of total billed charges,78% of Billed Charges. Lesser of 100% of billed charges applies.; No services were performed during the 15 month look back period.,221.211799,80,,,,,0,percent of total billed charges,80 percent of billed charges; No services were performed during the 15 month look back period.,124.431637,45,,,,,0,percent of total billed charges,45 percent of billed charges; No services were performed during the 15 month look back period.,,,,,,,,Fee Schedule,"100 % Zero Pay Code. ",82.954425,30,,,,,0,percent of total billed charges,30 percent of billed charges; No services were performed during the 15 month look back period.,,,,,,,,,"NA. ",215.681504,78,,,,,0,percent of total billed charges,78% of Billed Charges. Lesser of 100% of billed charges applies.; No services were performed during the 15 month look back period.,3328.88,,,,,,,Case Rate,"100 Percent of Medicaid APG. ",201.855767,73,,,,,0,percent of total billed charges,73 percent of billed charges; No services were performed during the 15 month look back period.,3328.88,,,,,,,Case Rate,"100 Percent of Medicaid APG. Not APG payable, or payable under another fee schedule like ASP/AWP pays at 30% of charges",37.526,,,,,,,Fee Schedule,"100% ASP Fee Schedule. ",37.526,,,,,,,Fee Schedule,"100% ASP Fee Schedule. ",138.257374,50,,,,,0,percent of total billed charges,50 percent of billed charges; No services were performed during the 15 month look back period.,37.526,,,,,,,Fee Schedule,"100% ASP Fee Schedule. ",37.526,,,,,,,Fee Schedule,"100% ASP Fee Schedule. ",3328.88,,,,,,,Case Rate,"100 Percent of Medicaid APG. ",37.526,,,,,,,Fee Schedule,"100% ASP Fee Schedule. ",37.526,,,,,,,Fee Schedule,"100% ASP Fee Schedule. ",165.908849,60,,,,,0,percent of total billed charges,60 percent of billed charges; No services were performed during the 15 month look back period.,165.908849,60,,,,,0,percent of total billed charges,60 percent of billed charges; No services were performed during the 15 month look back period.,37.526,,,,,,,Fee Schedule,"100% ASP Fee Schedule. ",82.954425,30,,,,,0,percent of total billed charges,30 percent of billed charges; No services were performed during the 15 month look back period.,,,,,,,,Fee Schedule,"100 % Zero Pay Code. ",,,,,,,,Fee Schedule,"100 % Zero Pay Code. ",37.526,,,,,,,Fee Schedule,"100% ASP Fee Schedule. ",82.954425,30,,,,,0,percent of total billed charges,30 percent of billed charges; No services were performed during the 15 month look back period.,165.908849,60,,,,,0,percent of total billed charges,60 percent of billed charges; No services were performed during the 15 month look back period.,165.908849,60,,,,,0,percent of total billed charges,60 percent of billed charges; No services were performed during the 15 month look back period.,165.908849,60,,,,,0,percent of total billed charges,60 percent of billed charges; No services were performed during the 15 month look back period.,215.681504,78,,,,,0,percent of total billed charges,78% of Billed Charges. Lesser of 100% of billed charges applies.; No services were performed during the 15 month look back period.,215.681504,78,,,,,0,percent of total billed charges,78% of Billed Charges. Lesser of 100% of billed charges applies.; No services were performed during the 15 month look back period.,215.681504,78,,,,,0,percent of total billed charges,78% of Billed Charges. Lesser of 100% of billed charges applies.; No services were performed during the 15 month look back period.,215.681504,78,,,,,0,percent of total billed charges,78% of Billed Charges. Lesser of 100% of billed charges applies.; No services were performed during the 15 month look back period.,215.681504,78,,,,,0,percent of total billed charges,78% of Billed Charges. Lesser of 100% of billed charges applies.; No services were performed during the 15 month look back period.,215.681504,78,,,,,0,percent of total billed charges,78% of Billed Charges. Lesser of 100% of billed charges applies.; No services were performed during the 15 month look back period.,215.681504,78,,,,,0,percent of total billed charges,78% of Billed Charges. Lesser of 100% of billed charges applies.; No services were performed during the 15 month look back period.,215.681504,78,,,,,0,percent of total billed charges,78% of Billed Charges. Lesser of 100% of billed charges applies.; No services were performed during the 15 month look back period.,215.681504,78,,,,,0,percent of total billed charges,78% of Billed Charges. Lesser of 100% of billed charges applies.; No services were performed during the 15 month look back period.,215.681504,78,,,,,0,percent of total billed charges,78% of Billed Charges. Lesser of 100% of billed charges applies.; No services were performed during the 15 month look back period.,215.681504,78,,,,,0,percent of total billed charges,78% of Billed Charges. Lesser of 100% of billed charges applies.; No services were performed during the 15 month look back period.,221.211799,80,,,,,0,percent of total billed charges,80 percent of billed charges; No services were performed during the 15 month look back period.,124.431637,45,,39621.71,5633.32,39872.27,33,percent of total billed charges,45 percent of billed charges,82.954425,30,,,,,0,percent of total billed charges,30 percent of billed charges; No services were performed during the 15 month look back period.,37.526,,,,,,,Fee Schedule,"100% ASP Fee Schedule. ",165.908849,60,,,,,0,percent of total billed charges,60 percent of billed charges; No services were performed during the 15 month look back period.,82.954425,30,,,,,0,percent of total billed charges,30 percent of billed charges; No services were performed during the 15 month look back period.,82.954425,30,,,,,0,percent of total billed charges,30 percent of billed charges; No services were performed during the 15 month look back period.,215.681504,78,,,,,0,percent of total billed charges,78% of Billed Charges. Lesser of 100% of billed charges applies.; No services were performed during the 15 month look back period.,7123.8032,,,,,,,Case Rate,"141 percent of Average Sales Price.. Drugs not priced under APG, billed with revenue code 636 and not priced by Medicare ASP FeeSched will be reimbursed at 20% of charges.",82.954425,30,,,,,0,percent of total billed charges,30 percent of billed charges; No services were performed during the 15 month look back period.,3328.88,,,,,,,Case Rate,"100 Percent of Medicaid APG. ",37.526,,,,,,,Fee Schedule,"100% ASP Fee Schedule. ",37.526,,,,,,,Fee Schedule,"100% ASP Fee Schedule. ",37.526,,,,,,,Fee Schedule,"100% ASP Fee Schedule. ",37.526,,,,,,,Fee Schedule,"100% ASP Fee Schedule. ",37.526,,,,,,,Fee Schedule,"100% ASP Fee Schedule. ",37.526,,,,,,,Fee Schedule,"100% ASP Fee Schedule. ",82.954425,30,,,,,0,percent of total billed charges,30 percent of billed charges; No services were performed during the 15 month look back period.,138.257374,50,,,,,0,percent of total billed charges,50 percent of billed charges; No services were performed during the 15 month look back period.,88.78275,,,,,,,Fee Schedule,"157.5 Percent of AWP Fee Schedule. ",88.78275,,,,,,,Fee Schedule,"157.5 Percent of AWP Fee Schedule. ",88.78275,,,,,,,Fee Schedule,"157.5 Percent of AWP Fee Schedule. ",88.78275,,,,,,,Fee Schedule,"157.5 Percent of AWP Fee Schedule. ",88.78275,,,,,,,Fee Schedule,"157.5 Percent of AWP Fee Schedule. ",,,,,,,,,"NA. ",138.257374,50,,,,,0,percent of total billed charges,50 percent of billed charges; No services were performed during the 15 month look back period.,52.91166,,,,,,,Fee Schedule,141 Percent of of ASP. Drugs billed with revenue code 636 and not priced by Medicare ASP fee schedule will be reimburse at 20 percent of charges,52.91166,,,,,,,Fee Schedule,141 Percent of of ASP. Drugs billed with revenue code 636 and not priced by Medicare ASP fee schedule will be reimburse at 20 percent of charges,52.91166,,,,,,,Fee Schedule,141 Percent of of ASP. Drugs billed with revenue code 636 and not priced by Medicare ASP fee schedule will be reimburse at 20 percent of charges,52.91166,,,,,,,Fee Schedule,141 Percent of of ASP. Drugs billed with revenue code 636 and not priced by Medicare ASP fee schedule will be reimburse at 20 percent of charges,52.91166,,,,,,,Fee Schedule,141 Percent of of ASP. Drugs billed with revenue code 636 and not priced by Medicare ASP fee schedule will be reimburse at 20 percent of charges,37.526,,,,,,,Fee Schedule,"100% ASP Fee Schedule. ",221.211799,80,,,,,0,percent of total billed charges,80 percent of billed charges; No services were performed during the 15 month look back period.,221.211799,80,,,,,0,percent of total billed charges,80 percent of billed charges; No services were performed during the 15 month look back period.,221.211799,80,,,,,0,percent of total billed charges,80 percent of billed charges; No services were performed during the 15 month look back period.,221.211799,80,,,,,0,percent of total billed charges,80 percent of billed charges; No services were performed during the 15 month look back period.,165.908849,60,,,,,0,percent of total billed charges,60 percent of billed charges; No services were performed during the 15 month look back period.,165.908849,60,,,,,0,percent of total billed charges,60 percent of billed charges; No services were performed during the 15 month look back period.,165.908849,60,,,,,0,percent of total billed charges,60 percent of billed charges; No services were performed during the 15 month look back period.,165.908849,60,,,,,0,percent of total billed charges,60 percent of billed charges; No services were performed during the 15 month look back period.,138.257374,50,,,,,0,percent of total billed charges,50 percent of billed charges; No services were performed during the 15 month look back period.,138.257374,50,,,,,0,percent of total billed charges,50 percent of billed charges; No services were performed during the 15 month look back period.,37.526,,,,,,,Fee Schedule,"100% ASP Fee Schedule. ",37.526,,,,,,,Fee Schedule,"100% ASP Fee Schedule. ",37.526,,,,,,,Fee Schedule,"100% ASP Fee Schedule. ",124.431637,45,,5688.76,5625.62,5688.76,1 through 10,percent of total billed charges,45 percent of billed charges,124.431637,45,,,,,0,percent of total billed charges,45 percent of billed charges; No services were performed during the 15 month look back period.,124.431637,45,,,,,0,percent of total billed charges,45 percent of billed charges; No services were performed during the 15 month look back period.,138.257374,50,,,,,0,percent of total billed charges,50 percent of billed charges; No services were performed during the 15 month look back period.,165.908849,60,,,,,0,percent of total billed charges,60 percent of billed charges; No services were performed during the 15 month look back period.,37.526,,,,,,,Fee Schedule,"100% ASP Fee Schedule. ",124.431637,45,,,,,0,percent of total billed charges,45 percent of billed charges; No services were performed during the 15 month look back period.,3328.88,,,,,,,Case Rate,"100 Percent of Medicaid APG. ",38.27652,,,,,,,Fee Schedule,"100% of ASP Fee Schedule. ",38.27652,,,,,,,Fee Schedule,"100% of ASP Fee Schedule. ",38.27652,,,,,,,Fee Schedule,"100% of ASP Fee Schedule. ",46.2025,,,,,,,Fee schedule,"125 Percent of ASP. ",2.765147,1,,,,,0,percent of total billed charges,Approximating Cost. Lesser of 100% of billed charges applies.; No services were performed during the 15 month look back period.,2.765147,1,,,,,0,percent of total billed charges,Approximating Cost. Lesser of 100% of billed charges applies.; No services were performed during the 15 month look back period.,2.765147,1,,,,,0,percent of total billed charges,Approximating Cost. Lesser of 100% of billed charges applies.; No services were performed during the 15 month look back period.,2.765147,1,,,,,0,percent of total billed charges,Approximating Cost. Lesser of 100% of billed charges applies.; No services were performed during the 15 month look back period.,2.765147,1,,,,,0,percent of total billed charges,Approximating Cost. Lesser of 100% of billed charges applies.; No services were performed during the 15 month look back period.,38.27652,,,,,,,Fee Schedule,"100% of ASP Fee Schedule. ",3328.88,,,,,,,Case Rate,"100 Percent of Medicaid APG. ",36.962,,,,,,,Fee Schedule,100 Percent of ASP if not priced then 95 Percent of AWP. Lesser of 100% of billed charges applies.,2.765147,1,,,,,0,percent of total billed charges,Approximating Cost. Lesser of 100% of billed charges applies.; No services were performed during the 15 month look back period.,2.765147,1,,,,,0,percent of total billed charges,Approximating Cost. Lesser of 100% of billed charges applies.; No services were performed during the 15 month look back period.,36.962,,,,,,,Fee Schedule,100 Percent of ASP if not priced then 95 Percent of AWP. Lesser of 100% of billed charges applies.,36.962,,,,,,,Fee Schedule,100 Percent of ASP if not priced then 95 Percent of AWP. Lesser of 100% of billed charges applies.,88.78275,,,,,,,Fee Schedule,"157.5 Percent of AWP Fee Schedule. ",37.526,,,,,,,Fee Schedule,"100% ASP Fee Schedule. ",37.526,,,,,,,Fee Schedule,"100% ASP Fee Schedule. ",165.908849,60,,,,,0,percent of total billed charges,60 percent of billed charges; No services were performed during the 15 month look back period.,37.526,,,,,,,Fee Schedule,"100% ASP Fee Schedule. ",46.2025,,,,,,,Fee Schedule,"125 Percent of ASP. ",46.2025,,,,,,,Fee Schedule,"125 Percent of ASP. ",46.2025,,,,,,,Fee schedule,"125 Percent of ASP. ",46.2025,,,,,,,Fee schedule,"125 Percent of ASP. ",64.8255,,,,,,,Fee Schedule,"115 Percent of AWP. ",64.8255,,,,,,,Fee schedule,"115 Percent of AWP Fee Schedule. ",7489.98,,,,,,,Case Rate,"100 Percent of Medicaid APG. ",7489.98,,,,,,,Case Rate,"100 Percent of Medicaid APG. ",7489.98,,,,,,,Case Rate,"100 Percent of Medicaid APG. ",7489.98,,,,,,,Case Rate,"100 Percent of Medicaid APG. ",124.431637,45,,,,,0,percent of total billed charges,45 percent of billed charges; No services were performed during the 15 month look back period.,138.257374,50,,,,,0,percent of total billed charges,50 percent of billed charges; No services were performed during the 15 month look back period.,3994.656,,,,,,,Case Rate,"120 Percent of Medicaid APG. Not APG payable, or payable under another fee schedule like ASP/AWP pays at 30% of charges",3994.656,,,,,,,Case Rate,"120 Percent of Medicaid APG. Not APG payable, or payable under another fee schedule like ASP/AWP pays at 30% of charges",3328.88,,,,,,,Case Rate,"100 Percent of Medicaid APG. Not APG payable, or payable under another fee schedule like ASP/AWP pays at 30% of charges",3328.88,,,,,,,Case Rate,"100 Percent of Medicaid APG. Not APG payable, or payable under another fee schedule like ASP/AWP pays at 30% of charges",124.431637,45,,,,,0,percent of total billed charges,45 percent of billed charges; No services were performed during the 15 month look back period.,124.431637,45,,,,,0,percent of total billed charges,45 percent of billed charges; No services were performed during the 15 month look back period.,37.526,,,,,,,Fee Schedule,"100% ASP Fee Schedule. ",124.431637,45,,5633.32,5633.32,5633.32,1 through 10,percent of total billed charges,45 percent of billed charges,124.431637,45,,5688.76,5633.32,5688.76,1 through 10,percent of total billed charges,45 percent of billed charges,124.431637,45,,,,,0,percent of total billed charges,45 percent of billed charges; No services were performed during the 15 month look back period.,124.431637,45,,,,,0,percent of total billed charges,45 percent of billed charges; No services were performed during the 15 month look back period.,37.526,,,,,,,Fee Schedule,"100% ASP Fee Schedule. ",124.431637,45,,,,,0,percent of total billed charges,45 percent of billed charges; No services were performed during the 15 month look back period.,124.431637,45,,,,,0,percent of total billed charges,45 percent of billed charges; No services were performed during the 15 month look back period.,165.908849,60,,,,,0,percent of total billed charges,60 percent of billed charges; No services were performed during the 15 month look back period.,38.8101,,,,,,,Fee Schedule,105% of ASP. Lesser of 100% of billed charges applies.,64.8255,,,,,,,Fee schedule,"115 Percent of AWP Fee Schedule. ",2.765147,1,,,,,0,percent of total billed charges,Approximating Cost. Lesser of 100% of billed charges applies.; No services were performed during the 15 month look back period.,64.8255,,,,,,,Fee Schedule,"115 Percent of AWP. ",64.8255,,,,,,,Fee schedule,"115 Percent of AWP Fee Schedule. ",2.765147,1,,,,,0,percent of total billed charges,Approximating Cost. Lesser of 100% of billed charges applies.; No services were performed during the 15 month look back period.,2.765147,1,,,,,0,percent of total billed charges,Approximating Cost. Lesser of 100% of billed charges applies.; No services were performed during the 15 month look back period.,2.765147,1,,,,,0,percent of total billed charges,Approximating Cost. Lesser of 100% of billed charges applies.; No services were performed during the 15 month look back period.,2.765147,1,,,,,0,percent of total billed charges,Approximating Cost. Lesser of 100% of billed charges applies.; No services were performed during the 15 month look back period.,2.765147,1,,,,,0,percent of total billed charges,Approximating Cost. Lesser of 100% of billed charges applies.; No services were performed during the 15 month look back period.,2.765147,1,,,,,0,percent of total billed charges,Approximating Cost. Lesser of 100% of billed charges applies.; No services were performed during the 15 month look back period.,,,,,,,,,"NA. ",,,,,,,,,"NA. ",,,,,,,,,"NA. ",82.954425,30,,,,,0,percent of total billed charges,30 percent of billed charges; No services were performed during the 15 month look back period.,,,,,,,,,"NA. ",37.526,,,,,,,Fee Schedule,"100% ASP Fee Schedule. ",37.53,,,,,,,Fee Schedule,"100 % 1199 Fee Schedule. ",37.526,,,,,,,Fee Schedule,"100% ASP Fee Schedule. ",37.526,,,,,,,Fee Schedule,"100% ASP Fee Schedule. ",3994.656,,,,,,,Case Rate,"120 Percent of Medicaid APG. Not APG payable, or payable under another fee schedule like ASP/AWP pays at 30% of charges",3994.656,,,,,,,Case Rate,"120 Percent of Medicaid APG. Not APG payable, or payable under another fee schedule like ASP/AWP pays at 30% of charges",3328.88,,,,,,,Case Rate,"100 Percent of Medicaid APG. Not APG payable, or payable under another fee schedule like ASP/AWP pays at 30% of charges",3328.88,,,,,,,Case Rate,"100 Percent of Medicaid APG. Not APG payable, or payable under another fee schedule like ASP/AWP pays at 30% of charges",3328.88,,,,,,,Case Rate,"100 Percent of Medicaid APG. ",201.855767,73,,,,,0,percent of total billed charges,73 percent of billed charges; No services were performed during the 15 month look back period.,165.908849,60,,,,,0,percent of total billed charges,60 percent of billed charges; No services were performed during the 15 month look back period.,201.855767,73,,,,,0,percent of total billed charges,73 percent of billed charges; No services were performed during the 15 month look back period.,82.954425,30,,,,,0,percent of total billed charges,30 percent of billed charges; No services were performed during the 15 month look back period.,37.526,,,,,,,Fee Schedule,"100% ASP Fee Schedule. ",37.526,,,,,,,Fee Schedule,"100% ASP Fee Schedule. ",37.526,,,,,,,Fee Schedule,"100% ASP Fee Schedule. ",37.526,,,,,,,Fee Schedule,"100% ASP Fee Schedule. ",37.526,,,,,,,Fee Schedule,"100% ASP Fee Schedule. ",37.526,,,,,,,Fee Schedule,"100% ASP Fee Schedule. ",,,,,,,,,"NA. ",2.765147,1,,39621.71,39621.71,39621.71,1 through 10,percent of total billed charges,Approximating Cost. Lesser of 100% of billed charges applies.,36.962,,,,,,,Fee Schedule,100 Percent of ASP if not priced then 95 Percent of AWP. Lesser of 100% of billed charges applies.,124.431637,45,,,,,0,percent of total billed charges,45 percent of billed charges; No services were performed during the 15 month look back period.,201.855767,73,,,,,0,percent of total billed charges,73 percent of billed charges; No services were performed during the 15 month look back period.,201.855767,73,,,,,0,percent of total billed charges,73 percent of billed charges; No services were performed during the 15 month look back period.,201.855767,73,,,,,0,percent of total billed charges,73 percent of billed charges; No services were performed during the 15 month look back period.,201.855767,73,,,,,0,percent of total billed charges,73 percent of billed charges; No services were performed during the 15 month look back period.,37.526,,,,,,,Fee Schedule,"100% ASP Fee Schedule. ",3328.88,,,,,,,Case Rate,"100 Percent of Medicaid APG. ",124.431637,45,,,,,0,percent of total billed charges,45 percent of billed charges; No services were performed during the 15 month look back period.,3328.88,,,,,,,Case Rate,"100 Percent of Medicaid APG. ",37.526,,,,,,,Fee Schedule,"100% ASP Fee Schedule. ",3328.88,,,,,,,Case Rate,"100 Percent of Medicaid APG. ",37.526,,,,,,,Fee Schedule,"100% ASP Fee Schedule. ",37.526,,,,,,,Fee Schedule,"100% ASP Fee Schedule. ",3328.88,,,,,,,Case Rate,"100 Percent of Medicaid APG. ",3328.88,,,,,,,Case Rate,"100 Percent of Medicaid APG. ",201.855767,73,,,,,0,percent of total billed charges,73 percent of billed charges; No services were performed during the 15 month look back period.,82.954425,30,,,,,0,percent of total billed charges,30 percent of billed charges; No services were performed during the 15 month look back period.,215.681504,78,,,,,0,percent of total billed charges,78% of Billed Charges. Lesser of 100% of billed charges applies.; No services were performed during the 15 month look back period.,,,,,,,,Fee Schedule,"100 % Zero Pay Code. ",,,,,,,,Fee Schedule,"100 % Zero Pay Code. ",165.908849,60,,,,,0,percent of total billed charges,60 percent of billed charges; No services were performed during the 15 month look back period.,37.526,,,,,,,Fee Schedule,"100% of AWP Fee Schedule. ",221.211799,80,,,,,0,percent of total billed charges,80 percent of billed charges; No services were performed during the 15 month look back period.,221.211799,80,,,,,0,percent of total billed charges,80 percent of billed charges; No services were performed during the 15 month look back period.,99.54531,36,,,,,0,percent of total billed charges,36 percent of billed charges; No services were performed during the 15 month look back period.,99.54531,36,,,,,0,percent of total billed charges,36 percent of billed charges; No services were performed during the 15 month look back period.,37.526,,,,,,,Fee Schedule,"100% ASP Fee Schedule. ",37.526,,,,,,,Fee Schedule,"100% ASP Fee Schedule. ",37.526,,,,,,,Fee Schedule,"100% ASP Fee Schedule. ",37.526,,,,,,,Fee Schedule,"100% ASP Fee Schedule. ",,,,,,,,Fee Schedule,"100 % Zero Pay Code. ",124.431637,45,,,,,0,percent of total billed charges,45 percent of billed charges; No services were performed during the 15 month look back period.,124.431637,45,,,,,0,percent of total billed charges,45 percent of billed charges; No services were performed during the 15 month look back period.,37.526,,,,,,,Fee Schedule,"100% ASP Fee Schedule. ",99.54531,36,,,,,0,percent of total billed charges,36 percent of billed charges; No services were performed during the 15 month look back period.,201.855767,73,,,,,0,percent of total billed charges,73 percent of billed charges; No services were performed during the 15 month look back period.,3994.656,,,,,,,Fee Schedule,"120 Percent of Medicaid APG. ",3328.88,,,,,,,Case Rate,"100 Percent of Medicaid APG. ",201.855767,73,,,,,0,percent of total billed charges,73 percent of billed charges; No services were performed during the 15 month look back period.,111.988473,40.5,,,,,0,percent of total billed charges,40.5 percent of billed charges; No services were performed during the 15 month look back period.,111.988473,40.5,,,,,0,percent of total billed charges,40.5 percent of billed charges; No services were performed during the 15 month look back period.,124.431637,45,,,,,0,percent of total billed charges,45 percent of billed charges; No services were performed during the 15 month look back period.,138.257374,50,,,,,0,percent of total billed charges,50 percent of billed charges; No services were performed during the 15 month look back period.,37.526,,,,,,,Fee Schedule,"100% ASP Fee Schedule. ",3495.324,,,,,,,Fee Schedule,105 percent of Medicaid APG. otherwise 105% of Ordered NYS MCD FS or 105% of ASP+6%,3495.324,,,,,,,Fee Schedule,105 percent of Medicaid APG. otherwise 105% of Ordered NYS MCD FS or 105% of ASP+6%,3495.324,,,,,,,Fee Schedule,105 percent of Medicaid APG. otherwise 105% of Ordered NYS MCD FS or 105% of ASP+6%,4493.988,,,,,,,Fee Schedule,135 percent of Medicaid APG. otherwise 135% of Ordered NYS MCD FS or 135% of ASP+6%,,,,,,,,Fee Schedule,"100 % Zero Pay Code. ",3495.324,,,,,,,Fee Schedule,105 percent of Medicaid APG. otherwise 105% of Ordered NYS MCD FS or 105% of ASP+6%,3495.324,,,,,,,Fee Schedule,105 percent of Medicaid APG. otherwise 105% of Ordered NYS MCD FS or 105% of ASP+6%,3495.324,,,,,,,Fee Schedule,105 percent of Medicaid APG. otherwise 105% of Ordered NYS MCD FS or 105% of ASP+6%,3495.324,,,,,,,Fee Schedule,105 percent of Medicaid APG. otherwise 105% of Ordered NYS MCD FS or 105% of ASP+6%,3495.324,,,,,,,Fee Schedule,105 percent of Medicaid APG. otherwise 105% of Ordered NYS MCD FS or 105% of ASP+6%,4493.988,,,,,,,Fee Schedule,135 percent of Medicaid APG. otherwise 135% of Ordered NYS MCD FS or 135% of ASP+6%,4493.988,,,,,,,Fee Schedule,135 percent of Medicaid APG. otherwise 135% of Ordered NYS MCD FS or 135% of ASP+6%,37.526,,,,,,,Fee Schedule,"100% ASP Fee Schedule. ",,,,,,,,Fee Schedule,"100 % Zero Pay Code. ",37.526,,,,,,,Fee Schedule,"100% ASP Fee Schedule. ",3495.324,,,,,,,Fee Schedule,105 percent of Medicaid APG. otherwise 105% of Ordered NYS MCD FS or 105% of ASP+6%,124.431637,45,,,,,0,percent of total billed charges,45 percent of billed charges; No services were performed during the 15 month look back period.,37.526,,,,,,,Fee Schedule,"100% ASP Fee Schedule. ",124.431637,45,,,,,0,percent of total billed charges,45 percent of billed charges; No services were performed during the 15 month look back period.,124.431637,45,,,,,0,percent of total billed charges,45 percent of billed charges; No services were performed during the 15 month look back period.,124.431637,45,,,,,0,percent of total billed charges,45 percent of billed charges; No services were performed during the 15 month look back period.,3495.324,,,,,,,Fee Schedule,105 percent of Medicaid APG. otherwise 105% of Ordered NYS MCD FS or 105% of ASP+6%,37.526,,,,,,,Fee Schedule,"100% ASP Fee Schedule. ",124.431637,45,,,,,0,percent of total billed charges,45 percent of billed charges; No services were performed during the 15 month look back period.,4493.988,,,,,,,Fee Schedule,135 percent of Medicaid APG. otherwise 135% of Ordered NYS MCD FS or 135% of ASP+6%,124.431637,45,,,,,0,percent of total billed charges,45 percent of billed charges; No services were performed during the 15 month look back period.,82.954425,30,,,,,0,percent of total billed charges,30% of Charges. ; No services were performed during the 15 month look back period.,37.526,,,,,,,Fee Schedule,"100% ASP Fee Schedule. ",201.855767,73,,,,,0,percent of total billed charges,73 percent of billed charges; No services were performed during the 15 month look back period.,201.855767,73,,,,,0,percent of total billed charges,73 percent of billed charges; No services were performed during the 15 month look back period.,201.855767,73,,,,,0,percent of total billed charges,73 percent of billed charges; No services were performed during the 15 month look back period.,201.855767,73,,,,,0,percent of total billed charges,73 percent of billed charges; No services were performed during the 15 month look back period.,201.855767,73,,,,,0,percent of total billed charges,73 percent of billed charges; No services were performed during the 15 month look back period.,201.855767,73,,,,,0,percent of total billed charges,73 percent of billed charges; No services were performed during the 15 month look back period.,201.855767,73,,,,,0,percent of total billed charges,73 percent of billed charges; No services were performed during the 15 month look back period.,201.855767,73,,,,,0,percent of total billed charges,73 percent of billed charges; No services were performed during the 15 month look back period.,201.855767,73,,,,,0,percent of total billed charges,73 percent of billed charges; No services were performed during the 15 month look back period.,201.855767,73,,,,,0,percent of total billed charges,73 percent of billed charges; No services were performed during the 15 month look back period.,201.855767,73,,,,,0,percent of total billed charges,73 percent of billed charges; No services were performed during the 15 month look back period.,201.855767,73,,,,,0,percent of total billed charges,73 percent of billed charges; No services were performed during the 15 month look back period.,37.526,,,,,,,Fee Schedule,"100% ASP Fee Schedule. ",201.855767,73,,,,,0,percent of total billed charges,73 percent of billed charges; No services were performed during the 15 month look back period.,37.526,,,,,,,Fee Schedule,"100% ASP Fee Schedule. ",7489.98,,,,,,,Case Rate,"106 percent of Average Sales Price.. Drugs not priced under APG, billed with revenue code 636 and not priced by Medicare ASP FeeSched will be reimbursed at 20% of charges.",3328.88,,,,,,,Case Rate,"106 percent of Average Sales Price.. Drugs not priced under APG, billed with revenue code 636 and not priced by Medicare ASP FeeSched will be reimbursed at 20% of charges.",,,,,,,,Fee Schedule,"100 % Zero Pay Code. ",,,,,,,,Fee Schedule,"100 % Zero Pay Code. ",37.526,,,,,,,Fee Schedule,"100% ASP Fee Schedule. ",221.211799,80,,,,,0,percent of total billed charges,80 percent of billed charges; No services were performed during the 15 month look back period.,37.526,,,,,,,Fee Schedule,"100% ASP Fee Schedule. ",37.526,,,,,,,Fee Schedule,"100% ASP Fee Schedule. ",165.908849,60,,,,,0,percent of total billed charges,60 percent of billed charges; No services were performed during the 15 month look back period.,37.526,,,,,,,Fee Schedule,"100% ASP Fee Schedule. ",82.954425,30,,,,,0,percent of total billed charges,30 percent of billed charges; No services were performed during the 15 month look back period.,37.526,,,,,,,Fee Schedule,"100% ASP Fee Schedule. ",82.954425,30,,,,,0,percent of total billed charges,30 percent of billed charges; No services were performed during the 15 month look back period.,165.908849,60,,,,,0,percent of total billed charges,60 percent of billed charges; No services were performed during the 15 month look back period.,82.954425,30,,,,,0,percent of total billed charges,30 percent of billed charges; No services were performed during the 15 month look back period.,37.526,,,,,,,Fee Schedule,"100% ASP Fee Schedule. ",3328.88,,,,,,,Case Rate,"100 Percent of Medicaid APG. ",37.526,,,,,,,Fee Schedule,"100% ASP Fee Schedule. ",82.954425,30,,,,,0,percent of total billed charges,30 percent of billed charges; No services were performed during the 15 month look back period.,,,,,,,,Fee Schedule,"100 % Zero Pay Code. ",3328.88,,,,,,,Case Rate,"100 Percent of Medicaid APG. ",124.431637,45,,,,,0,percent of total billed charges,45 percent of billed charges; No services were performed during the 15 month look back period.,3994.656,,,,,,,Fee Schedule,"120 Percent of Medicaid APG. ",3994.656,,,,,,,Fee Schedule,"120 Percent of Medicaid APG. ",124.431637,45,,,,,0,percent of total billed charges,45 percent of billed charges; No services were performed during the 15 month look back period.,124.431637,45,,,,,0,percent of total billed charges,45 percent of billed charges; No services were performed during the 15 month look back period.,124.431637,45,,,,,0,percent of total billed charges,45 percent of billed charges; No services were performed during the 15 month look back period.,,,,,,,,Fee Schedule,"100 % Zero Pay Code. ",124.431637,45,,,,,0,percent of total billed charges,45 percent of billed charges; No services were performed during the 15 month look back period.,124.431637,45,,,,,0,percent of total billed charges,45 percent of billed charges; No services were performed during the 15 month look back period.,124.431637,45,,,,,0,percent of total billed charges,45 percent of billed charges; No services were performed during the 15 month look back period.,201.855767,73,,,,,0,percent of total billed charges,73 percent of billed charges; No services were performed during the 15 month look back period.,201.855767,73,,,,,0,percent of total billed charges,73 percent of billed charges; No services were performed during the 15 month look back period.,52.91166,,,,,,,Fee Schedule,141 Percent of of ASP. Drugs billed with revenue code 636 and not priced by Medicare ASP fee schedule will be reimburse at 20 percent of charges,3328.88,,,,,,,Case Rate,"100 Percent of Medicaid APG. ",,,,,,,,Fee Schedule,"100 % Zero Pay Code. ",82.954425,30,,,,,0,percent of total billed charges,30 percent of billed charges; No services were performed during the 15 month look back period.,165.908849,60,,,,,0,percent of total billed charges,60 percent of billed charges; No services were performed during the 15 month look back period.,,,,,,,,Fee Schedule,"100 % Zero Pay Code. ",165.908849,60,,,,,0,percent of total billed charges,60 percent of billed charges; No services were performed during the 15 month look back period.,,,,,,,,Fee Schedule,"100 % Zero Pay Code. ",124.431637,45,,,,,0,percent of total billed charges,45 percent of billed charges; No services were performed during the 15 month look back period.,124.431637,45,,,,,0,percent of total billed charges,45 percent of billed charges; No services were performed during the 15 month look back period.,124.431637,45,,,,,0,percent of total billed charges,45 percent of billed charges; No services were performed during the 15 month look back period.,124.431637,45,,,,,0,percent of total billed charges,45 percent of billed charges; No services were performed during the 15 month look back period.,37.526,,,,,,,Fee Schedule,"100% ASP Fee Schedule. ",2.765147,7489.98,
J9395,HCPCS,5010003,LOCAL,636,RC,"INJECTION, FULVESTRANT",100.63872,19.121357,Inpatient,ME,25,,,,,,,,,,,,,,,,,,,,30.191616,30,,,,,0,percent of total billed charges,30 Percent of charges; No services were performed during the 15 month look back period.,100.63872,100,,,,,0,percent of total billed charges,100 percent of charges; No services were performed during the 15 month look back period.,,,,,,,,,,30.191616,30,,,,,0,percent of total billed charges,30 Percent of charges; No services were performed during the 15 month look back period.,30.191616,30,,,,,0,percent of total billed charges,30 Percent of charges; No services were performed during the 15 month look back period.,30.191616,30,,,,,0,percent of total billed charges,30 Percent of charges; No services were performed during the 15 month look back period.,10.063872,10,,,,,0,percent of total billed charges,10 percent of charges; No services were performed during the 15 month look back period.,,,,,,,,,,73.466266,73,,,,,0,percent of total billed charges,73 percent of charges; No services were performed during the 15 month look back period.,10.063872,10,,,,,0,percent of total billed charges,10 percent of charges; No services were performed during the 15 month look back period.,,,,,,,,,,,,,,,,,,,32.20439,32,,,,,0,percent of total billed charges,32 pecent of charges; No services were performed during the 15 month look back period.,32.20439,32,,,,,0,percent of total billed charges,32 pecent of charges; No services were performed during the 15 month look back period.,32.20439,32,,,,,0,percent of total billed charges,32 pecent of charges; No services were performed during the 15 month look back period.,32.20439,32,,,,,0,percent of total billed charges,32 pecent of charges; No services were performed during the 15 month look back period.,,,,,,,,,,,,,,,,,,,,,,,,,,,,73.466266,73,,,,,0,percent of total billed charges,73 percent of charges; No services were performed during the 15 month look back period.,30.191616,30,,,,,0,percent of total billed charges,30 Percent of charges; No services were performed during the 15 month look back period.,40.255488,40,,,,,0,percent of total billed charges,40 percent of charges; No services were performed during the 15 month look back period.,29.185229,29,,,,,0,percent of total billed charges,29 percent of charges; No services were performed during the 15 month look back period.,40.255488,40,,,,,0,percent of total billed charges,40 percent of charges; No services were performed during the 15 month look back period.,40.255488,40,,,,,0,percent of total billed charges,40 percent of charges; No services were performed during the 15 month look back period.,73.466266,73,,,,,0,percent of total billed charges,73 percent of charges; No services were performed during the 15 month look back period.,,,,,,,,,,,,,,,,,,,,,,,,,,,,,,,,,,,,,29.185229,29,,,,,0,percent of total billed charges,29 percent of charges; No services were performed during the 15 month look back period.,29.185229,29,,,,,0,percent of total billed charges,29 percent of charges; No services were performed during the 15 month look back period.,29.185229,29,,,,,0,percent of total billed charges,29 percent of charges; No services were performed during the 15 month look back period.,29.185229,29,,,,,0,percent of total billed charges,29 percent of charges; No services were performed during the 15 month look back period.,29.185229,29,,,,,0,percent of total billed charges,29 percent of charges; No services were performed during the 15 month look back period.,29.185229,29,,,,,0,percent of total billed charges,29 percent of charges; No services were performed during the 15 month look back period.,29.185229,29,,,,,0,percent of total billed charges,29 percent of charges; No services were performed during the 15 month look back period.,73.466266,73,,,,,0,percent of total billed charges,73 percent of charges; No services were performed during the 15 month look back period.,13.083034,13,,,,,0,percent of total billed charges,13 percent of charges; No services were performed during the 15 month look back period.,13.083034,13,,,,,0,percent of total billed charges,13 percent of charges; No services were performed during the 15 month look back period.,73.466266,73,,,,,0,percent of total billed charges,73 percent of charges; No services were performed during the 15 month look back period.,32.20439,32,,,,,0,percent of total billed charges,32 pecent of charges; No services were performed during the 15 month look back period.,10.063872,10,,,,,0,percent of total billed charges,10 percent of charges; No services were performed during the 15 month look back period.,10.063872,10,,,,,0,percent of total billed charges,10 percent of charges; No services were performed during the 15 month look back period.,73.466266,73,,,,,0,percent of total billed charges,73 percent of charges; No services were performed during the 15 month look back period.,,,,,,,,,,10.063872,10,,,,,0,percent of total billed charges,10 percent of charges; No services were performed during the 15 month look back period.,10.063872,10,,,,,0,percent of total billed charges,10 percent of charges; No services were performed during the 15 month look back period.,10.063872,10,,,,,0,percent of total billed charges,10 percent of charges; No services were performed during the 15 month look back period.,,,,,,,,,,10.063872,10,,,,,0,percent of total billed charges,10 percent of charges; No services were performed during the 15 month look back period.,10.063872,10,,,,,0,percent of total billed charges,10 percent of charges; No services were performed during the 15 month look back period.,,,,,,,,,,24.153293,24,,,,,0,percent of total billed charges,24 percent of charges; No services were performed during the 15 month look back period.,,,,,,,,,,,,,,,,,,,,,,,,,,,,,,,,,,,,,,,,,,,,,,,,,,,,,,,,,,,,,,,,,,,,,,,,,,,,,,,,,,73.466266,73,,,,,0,percent of total billed charges,73 percent of charges; No services were performed during the 15 month look back period.,73.466266,73,,,,,0,percent of total billed charges,73 percent of charges; No services were performed during the 15 month look back period.,73.466266,73,,,,,0,percent of total billed charges,73 percent of charges; No services were performed during the 15 month look back period.,73.466266,73,,,,,0,percent of total billed charges,73 percent of charges; No services were performed during the 15 month look back period.,73.466266,73,,,,,0,percent of total billed charges,73 percent of charges; No services were performed during the 15 month look back period.,73.466266,73,,,,,0,percent of total billed charges,73 percent of charges; No services were performed during the 15 month look back period.,73.466266,73,,,,,0,percent of total billed charges,73 percent of charges; No services were performed during the 15 month look back period.,73.466266,73,,,,,0,percent of total billed charges,73 percent of charges; No services were performed during the 15 month look back period.,73.466266,73,,,,,0,percent of total billed charges,73 percent of charges; No services were performed during the 15 month look back period.,73.466266,73,,,,,0,percent of total billed charges,73 percent of charges; No services were performed during the 15 month look back period.,73.466266,73,,,,,0,percent of total billed charges,73 percent of charges; No services were performed during the 15 month look back period.,73.466266,73,,,,,0,percent of total billed charges,73 percent of charges; No services were performed during the 15 month look back period.,73.466266,73,,,,,0,percent of total billed charges,73 percent of charges; No services were performed during the 15 month look back period.,73.466266,73,,,,,0,percent of total billed charges,73 percent of charges; No services were performed during the 15 month look back period.,73.466266,73,,,,,0,percent of total billed charges,73 percent of charges; No services were performed during the 15 month look back period.,73.466266,73,,,,,0,percent of total billed charges,73 percent of charges; No services were performed during the 15 month look back period.,73.466266,73,,,,,0,percent of total billed charges,73 percent of charges; No services were performed during the 15 month look back period.,73.466266,73,,,,,0,percent of total billed charges,73 percent of charges; No services were performed during the 15 month look back period.,73.466266,73,,,,,0,percent of total billed charges,73 percent of charges; No services were performed during the 15 month look back period.,73.466266,73,,,,,0,percent of total billed charges,73 percent of charges; No services were performed during the 15 month look back period.,73.466266,73,,,,,0,percent of total billed charges,73 percent of charges; No services were performed during the 15 month look back period.,73.466266,73,,,,,0,percent of total billed charges,73 percent of charges; No services were performed during the 15 month look back period.,73.466266,73,,,,,0,percent of total billed charges,73 percent of charges; No services were performed during the 15 month look back period.,73.466266,73,,,,,0,percent of total billed charges,73 percent of charges; No services were performed during the 15 month look back period.,73.466266,73,,,,,0,percent of total billed charges,73 percent of charges; No services were performed during the 15 month look back period.,73.466266,73,,,,,0,percent of total billed charges,73 percent of charges; No services were performed during the 15 month look back period.,29.185229,29,,,,,0,percent of total billed charges,29 percent of charges; No services were performed during the 15 month look back period.,29.185229,29,,,,,0,percent of total billed charges,29 percent of charges; No services were performed during the 15 month look back period.,29.185229,29,,,,,0,percent of total billed charges,29 percent of charges; No services were performed during the 15 month look back period.,29.185229,29,,,,,0,percent of total billed charges,29 percent of charges; No services were performed during the 15 month look back period.,40.255488,40,,,,,0,percent of total billed charges,40 percent of charges; No services were performed during the 15 month look back period.,40.255488,40,,,,,0,percent of total billed charges,40 percent of charges; No services were performed during the 15 month look back period.,32.20439,32,,,,,0,percent of total billed charges,32 pecent of charges; No services were performed during the 15 month look back period.,,,,,,,,,,10.063872,10,,,,,0,percent of total billed charges,10 percent of charges; No services were performed during the 15 month look back period.,,,,,,,,,,73.466266,73,,,,,0,percent of total billed charges,73 percent of charges; No services were performed during the 15 month look back period.,40.255488,40,,,,,0,percent of total billed charges,40 percent of charges; No services were performed during the 15 month look back period.,,,,,,,,,,10.063872,10,,,,,0,percent of total billed charges,10 percent of charges; No services were performed during the 15 month look back period.,32.20439,32,,,,,0,percent of total billed charges,32 pecent of charges; No services were performed during the 15 month look back period.,,,,,,,,,,73.466266,73,,,,,0,percent of total billed charges,73 percent of charges; No services were performed during the 15 month look back period.,,,,,,,,,,29.185229,29,,,,,0,percent of total billed charges,29 percent of charges; No services were performed during the 15 month look back period.,29.185229,29,,,,,0,percent of total billed charges,29 percent of charges; No services were performed during the 15 month look back period.,29.185229,29,,,,,0,percent of total billed charges,29 percent of charges; No services were performed during the 15 month look back period.,,,,,,,,,,24.153293,24,,,,,0,percent of total billed charges,24 percent of charges; No services were performed during the 15 month look back period.,,,,,,,,,,,,,,,,,,,,,,,,,,,,,,,,,,,,,,,,,,,,,,30.191616,30,,,,,0,percent of total billed charges,30 Percent of charges; No services were performed during the 15 month look back period.,30.191616,30,,,,,0,percent of total billed charges,30 Percent of charges; No services were performed during the 15 month look back period.,,,,,,,,,,32.20439,32,,,,,0,percent of total billed charges,32 pecent of charges; No services were performed during the 15 month look back period.,10.063872,10,,,,,0,percent of total billed charges,10 percent of charges; No services were performed during the 15 month look back period.,10.063872,10,,,,,0,percent of total billed charges,10 percent of charges; No services were performed during the 15 month look back period.,,,,,,,,,,32.20439,32,,,,,0,percent of total billed charges,32 pecent of charges; No services were performed during the 15 month look back period.,30.191616,30,,,,,0,percent of total billed charges,30 Percent of charges; No services were performed during the 15 month look back period.,30.191616,30,,,,,0,percent of total billed charges,30 Percent of charges; No services were performed during the 15 month look back period.,30.191616,30,,,,,0,percent of total billed charges,30 Percent of charges; No services were performed during the 15 month look back period.,73.466266,73,,,,,0,percent of total billed charges,73 percent of charges; No services were performed during the 15 month look back period.,73.466266,73,,,,,0,percent of total billed charges,73 percent of charges; No services were performed during the 15 month look back period.,73.466266,73,,,,,0,percent of total billed charges,73 percent of charges; No services were performed during the 15 month look back period.,73.466266,73,,,,,0,percent of total billed charges,73 percent of charges; No services were performed during the 15 month look back period.,73.466266,73,,,,,0,percent of total billed charges,73 percent of charges; No services were performed during the 15 month look back period.,73.466266,73,,,,,0,percent of total billed charges,73 percent of charges; No services were performed during the 15 month look back period.,73.466266,73,,,,,0,percent of total billed charges,73 percent of charges; No services were performed during the 15 month look back period.,73.466266,73,,,,,0,percent of total billed charges,73 percent of charges; No services were performed during the 15 month look back period.,73.466266,73,,,,,0,percent of total billed charges,73 percent of charges; No services were performed during the 15 month look back period.,73.466266,73,,,,,0,percent of total billed charges,73 percent of charges; No services were performed during the 15 month look back period.,73.466266,73,,,,,0,percent of total billed charges,73 percent of charges; No services were performed during the 15 month look back period.,40.255488,40,,,,,0,percent of total billed charges,40 percent of charges; No services were performed during the 15 month look back period.,,,,,,,,,,32.20439,32,,,,,0,percent of total billed charges,32 pecent of charges; No services were performed during the 15 month look back period.,,,,,,,,,,30.191616,30,,,,,0,percent of total billed charges,30 Percent of charges; No services were performed during the 15 month look back period.,32.20439,32,,,,,0,percent of total billed charges,32 pecent of charges; No services were performed during the 15 month look back period.,32.20439,32,,,,,0,percent of total billed charges,32 pecent of charges; No services were performed during the 15 month look back period.,73.466266,73,,,,,0,percent of total billed charges,73 percent of charges; No services were performed during the 15 month look back period.,20.127744,20,,,,,0,percent of total billed charges,20 percent of charges; No services were performed during the 15 month look back period.,32.20439,32,,,,,0,percent of total billed charges,32 pecent of charges; No services were performed during the 15 month look back period.,,,,,,,,,,,,,,,,,,,,,,,,,,,,,,,,,,,,,,,,,,,,,,,,,,,,,,,,,,,,,,,,32.20439,32,,,,,0,percent of total billed charges,32 pecent of charges; No services were performed during the 15 month look back period.,24.153293,24,,,,,0,percent of total billed charges,24 percent of charges; No services were performed during the 15 month look back period.,,,,,,,,,,,,,,,,,,,,,,,,,,,,,,,,,,,,,,,,,,,,,,,,,,,,,,,24.153293,24,,,,,0,percent of total billed charges,24 percent of charges; No services were performed during the 15 month look back period.,31.198003,31,,,,,0,percent of total billed charges,31 percent of charges; No services were performed during the 15 month look back period.,31.198003,31,,,,,0,percent of total billed charges,31 percent of charges; No services were performed during the 15 month look back period.,31.198003,31,,,,,0,percent of total billed charges,31 percent of charges; No services were performed during the 15 month look back period.,31.198003,31,,,,,0,percent of total billed charges,31 percent of charges; No services were performed during the 15 month look back period.,31.198003,31,,,,,0,percent of total billed charges,31 percent of charges; No services were performed during the 15 month look back period.,,,,,,,,,,40.255488,40,,,,,0,percent of total billed charges,40 percent of charges; No services were performed during the 15 month look back period.,40.255488,40,,,,,0,percent of total billed charges,40 percent of charges; No services were performed during the 15 month look back period.,40.255488,40,,,,,0,percent of total billed charges,40 percent of charges; No services were performed during the 15 month look back period.,40.255488,40,,,,,0,percent of total billed charges,40 percent of charges; No services were performed during the 15 month look back period.,30.191616,30,,,,,0,percent of total billed charges,30 Percent of charges; No services were performed during the 15 month look back period.,30.191616,30,,,,,0,percent of total billed charges,30 Percent of charges; No services were performed during the 15 month look back period.,30.191616,30,,,,,0,percent of total billed charges,30 Percent of charges; No services were performed during the 15 month look back period.,30.191616,30,,,,,0,percent of total billed charges,30 Percent of charges; No services were performed during the 15 month look back period.,24.153293,24,,,,,0,percent of total billed charges,24 percent of charges; No services were performed during the 15 month look back period.,24.153293,24,,,,,0,percent of total billed charges,24 percent of charges; No services were performed during the 15 month look back period.,,,,,,,,,,,,,,,,,,,,,,,,,,,,,,,,,,,,,,,,,,,,,,,,,,,,,,,24.153293,24,,,,,0,percent of total billed charges,24 percent of charges; No services were performed during the 15 month look back period.,30.191616,30,,,,,0,percent of total billed charges,30 Percent of charges; No services were performed during the 15 month look back period.,,,,,,,,,,,,,,,,,,,,,,,,,,,,,,,,,,,,,,,,,,,,,,,,,,,,,,,,,,,,,,,,,,,,,,,,,,,,,,,,,,,,,,,,,,,,,,,,,,,,,,,,,,,,,,,,,,,,,,,,,,,,,,,,,,,,,,,,,,,,,,,,,,,,,,,,,,,,,,,,,,,,,,,,,,,,,,,,,,,,,,,,,,,,,,,,,,,,,,,30.191616,30,,,,,0,percent of total billed charges,30 Percent of charges; No services were performed during the 15 month look back period.,,,,,,,,,,,,,,,,,,,,,,,,,,,,,,,,,,,,,,,,,,,,,,,,,,,,,,,,,,,,,,,,10.063872,10,,,,,0,percent of total billed charges,10 percent of charges; No services were performed during the 15 month look back period.,10.063872,10,,,,,0,percent of total billed charges,10 percent of charges; No services were performed during the 15 month look back period.,10.063872,10,,,,,0,percent of total billed charges,10 percent of charges; No services were performed during the 15 month look back period.,10.063872,10,,,,,0,percent of total billed charges,10 percent of charges; No services were performed during the 15 month look back period.,,,,,,,,,,24.153293,24,,,,,0,percent of total billed charges,24 percent of charges; No services were performed during the 15 month look back period.,29.185229,29,,,,,0,percent of total billed charges,29 percent of charges; No services were performed during the 15 month look back period.,29.185229,29,,,,,0,percent of total billed charges,29 percent of charges; No services were performed during the 15 month look back period.,29.185229,29,,,,,0,percent of total billed charges,29 percent of charges; No services were performed during the 15 month look back period.,29.185229,29,,,,,0,percent of total billed charges,29 percent of charges; No services were performed during the 15 month look back period.,,,,,,,,,,,,,,,,,,,,,,,,,,,,,,,,,,,,,,,,,,,,,,,,,,,,,,,,,,,,,,,,,,,,,,,,,,,,,,,,,,,,,,,,,,,30.191616,30,,,,,0,percent of total billed charges,30 Percent of charges; No services were performed during the 15 month look back period.,,,,,,,,,,,,,,,,,,,,,,,,,,,,,,,,,,,,,,,,,,,,,,,,,,,,,,,,,,,,,,,,,,,,,,,,,,,,,,,,,,,,,,,,,,,,,,,,,,,,,,,,,,,,,,,,,,,,,,,,,,,,,,,32.20439,32,,,,,0,percent of total billed charges,32 pecent of charges; No services were performed during the 15 month look back period.,,,,,,,,,,,,,,,,,,,,,,,,,,,,,,,,,,,,,,,,,,,,,,29.185229,29,,,,,0,percent of total billed charges,29 percent of charges; No services were performed during the 15 month look back period.,29.185229,29,,,,,0,percent of total billed charges,29 percent of charges; No services were performed during the 15 month look back period.,29.185229,29,,,,,0,percent of total billed charges,29 percent of charges; No services were performed during the 15 month look back period.,29.185229,29,,,,,0,percent of total billed charges,29 percent of charges; No services were performed during the 15 month look back period.,,,,,,,,,,29.185229,29,,,,,0,percent of total billed charges,29 percent of charges; No services were performed during the 15 month look back period.,30.191616,30,,,,,0,percent of total billed charges,30 Percent of charges; No services were performed during the 15 month look back period.,29.185229,29,,,,,0,percent of total billed charges,29 percent of charges; No services were performed during the 15 month look back period.,32.20439,32,,,,,0,percent of total billed charges,32 pecent of charges; No services were performed during the 15 month look back period.,29.185229,29,,,,,0,percent of total billed charges,29 percent of charges; No services were performed during the 15 month look back period.,,,,,,,,,,,,,,,,,,,,,,,,,,,,29.185229,29,,,,,0,percent of total billed charges,29 percent of charges; No services were performed during the 15 month look back period.,,,,,,,,,,,,,,,,,,,,,,,,,,,,,,,,,,,,,,,,,,,,,,29.185229,29,,,,,0,percent of total billed charges,29 percent of charges; No services were performed during the 15 month look back period.,29.185229,29,,,,,0,percent of total billed charges,29 percent of charges; No services were performed during the 15 month look back period.,29.185229,29,,,,,0,percent of total billed charges,29 percent of charges; No services were performed during the 15 month look back period.,29.185229,29,,,,,0,percent of total billed charges,29 percent of charges; No services were performed during the 15 month look back period.,,,,,,,,,,,,,,,,,,,,,,,,,,,,,,,,,,,,,,,,,,,,,,,,,,,,,,,,,,,,,,,,,,,,,,,,,,,,,,,,,,,,,,,,,,,29.185229,29,,,,,0,percent of total billed charges,29 percent of charges; No services were performed during the 15 month look back period.,32.20439,32,,,,,0,percent of total billed charges,32 pecent of charges; No services were performed during the 15 month look back period.,73.466266,73,,,,,0,percent of total billed charges,73 percent of charges; No services were performed during the 15 month look back period.,10.063872,10,,,,,0,percent of total billed charges,10 percent of charges; No services were performed during the 15 month look back period.,10.063872,10,,,,,0,percent of total billed charges,10 percent of charges; No services were performed during the 15 month look back period.,30.191616,30,,,,,0,percent of total billed charges,30 Percent of charges; No services were performed during the 15 month look back period.,,,,,,,,,,40.255488,40,,,,,0,percent of total billed charges,40 percent of charges; No services were performed during the 15 month look back period.,40.255488,40,,,,,0,percent of total billed charges,40 percent of charges; No services were performed during the 15 month look back period.,,,,,,,,,,,,,,,,,,,,,,,,,,,,,,,,,,,,,,,,,,,,,,,,,,,,,,,10.063872,10,,,,,0,percent of total billed charges,10 percent of charges; No services were performed during the 15 month look back period.,,,,,,,,,,,,,,,,,,,,,,,,,,,,,,,,,,,,,29.185229,29,,,,,0,percent of total billed charges,29 percent of charges; No services were performed during the 15 month look back period.,,,,,,,,,,,,,,,,,,,29.185229,29,,,,,0,percent of total billed charges,29 percent of charges; No services were performed during the 15 month look back period.,,,,,,,,,,,,,,,,,,,,,,,,,,,,24.153293,24,,,,,0,percent of total billed charges,24 percent of charges; No services were performed during the 15 month look back period.,29.185229,29,,,,,0,percent of total billed charges,29 percent of charges; No services were performed during the 15 month look back period.,,,,,,,,,,,,,,,,,,,,,,,,,,,,,,,,,,,,,10.063872,10,,,,,0,percent of total billed charges,10 percent of charges; No services were performed during the 15 month look back period.,,,,,,,,,,,,,,,,,,,,,,,,,,,,,,,,,,,,,,,,,,,,,,,,,,,,,,,,,,,,,,,,,,,,,,,,,10.063872,10,,,,,0,percent of total billed charges,10 percent of charges; No services were performed during the 15 month look back period.,,,,,,,,,,,,,,,,,,,,,,,,,,,,,,,,,,,,,,,,,,,,,,,,,,,,,,,,,,,,,,,,,,,,,,,,,,,,,,,,,,,,,,,,,,,,,,,,,,,,,,,,,,,,,,,,,,,,,,29.185229,29,,,,,0,percent of total billed charges,29 percent of charges; No services were performed during the 15 month look back period.,29.185229,29,,,,,0,percent of total billed charges,29 percent of charges; No services were performed during the 15 month look back period.,29.185229,29,,,,,0,percent of total billed charges,29 percent of charges; No services were performed during the 15 month look back period.,29.185229,29,,,,,0,percent of total billed charges,29 percent of charges; No services were performed during the 15 month look back period.,29.185229,29,,,,,0,percent of total billed charges,29 percent of charges; No services were performed during the 15 month look back period.,29.185229,29,,,,,0,percent of total billed charges,29 percent of charges; No services were performed during the 15 month look back period.,29.185229,29,,,,,0,percent of total billed charges,29 percent of charges; No services were performed during the 15 month look back period.,29.185229,29,,,,,0,percent of total billed charges,29 percent of charges; No services were performed during the 15 month look back period.,29.185229,29,,,,,0,percent of total billed charges,29 percent of charges; No services were performed during the 15 month look back period.,29.185229,29,,,,,0,percent of total billed charges,29 percent of charges; No services were performed during the 15 month look back period.,29.185229,29,,,,,0,percent of total billed charges,29 percent of charges; No services were performed during the 15 month look back period.,29.185229,29,,,,,0,percent of total billed charges,29 percent of charges; No services were performed during the 15 month look back period.,29.185229,29,,,,,0,percent of total billed charges,29 percent of charges; No services were performed during the 15 month look back period.,,,,,,,,,,29.185229,29,,,,,0,percent of total billed charges,29 percent of charges; No services were performed during the 15 month look back period.,,,,,,,,,,19.121357,19,,,,,0,percent of total billed charges,19 percent of charges; No services were performed during the 15 month look back period.,13.083034,13,,,,,0,percent of total billed charges,13 percent of charges; No services were performed during the 15 month look back period.,10.063872,10,,,,,0,percent of total billed charges,10 percent of charges; No services were performed during the 15 month look back period.,10.063872,10,,,,,0,percent of total billed charges,10 percent of charges; No services were performed during the 15 month look back period.,,,,,,,,,,40.255488,40,,,,,0,percent of total billed charges,40 percent of charges; No services were performed during the 15 month look back period.,,,,,,,,,,,,,,,,,,,30.191616,30,,,,,0,percent of total billed charges,30 Percent of charges; No services were performed during the 15 month look back period.,,,,,,,,,,32.20439,32,,,,,0,percent of total billed charges,32 pecent of charges; No services were performed during the 15 month look back period.,,,,,,,,,,32.20439,32,,,,,0,percent of total billed charges,32 pecent of charges; No services were performed during the 15 month look back period.,30.191616,30,,,,,0,percent of total billed charges,30 Percent of charges; No services were performed during the 15 month look back period.,32.20439,32,,,,,0,percent of total billed charges,32 pecent of charges; No services were performed during the 15 month look back period.,,,,,,,,,,,,,,,,,,,,,,,,,,,,32.20439,32,,,,,0,percent of total billed charges,32 pecent of charges; No services were performed during the 15 month look back period.,10.063872,10,,,,,0,percent of total billed charges,10 percent of charges; No services were performed during the 15 month look back period.,,,,,,,,,,,,,,,,,,,,,,,,,,,,,,,,,,,,,,,,,,,,,,,,,,,,,,,,,,,,,,,,10.063872,10,,,,,0,percent of total billed charges,10 percent of charges; No services were performed during the 15 month look back period.,,,,,,,,,,,,,,,,,,,,,,,,,,,,29.185229,29,,,,,0,percent of total billed charges,29 percent of charges; No services were performed during the 15 month look back period.,29.185229,29,,,,,0,percent of total billed charges,29 percent of charges; No services were performed during the 15 month look back period.,31.198003,31,,,,,0,percent of total billed charges,31 percent of charges; No services were performed during the 15 month look back period.,,,,,,,,,,10.063872,10,,,,,0,percent of total billed charges,10 percent of charges; No services were performed during the 15 month look back period.,32.20439,32,,,,,0,percent of total billed charges,32 pecent of charges; No services were performed during the 15 month look back period.,30.191616,30,,,,,0,percent of total billed charges,30 Percent of charges; No services were performed during the 15 month look back period.,10.063872,10,,,,,0,percent of total billed charges,10 percent of charges; No services were performed during the 15 month look back period.,30.191616,30,,,,,0,percent of total billed charges,30 Percent of charges; No services were performed during the 15 month look back period.,10.063872,10,,,,,0,percent of total billed charges,10 percent of charges; No services were performed during the 15 month look back period.,,,,,,,,,,,,,,,,,,,,,,,,,,,,,,,,,,,,,,,,,,,,,,0.503194,100.63872,
L3906,HCPCS,6066762,LOCAL,274,RC,"HC WHFO,GAUNTLET,C/F",1072.77,203.8263,both,,,,,,,,,,,,Not separately priced,,,,,,,,,Not separately priced,225.2817,21,,,,,0,percent of total billed charges,21 percent of billed charges. Add on payment.; No services were performed during the 15 month look back period.,225.2817,21,,,,,0,percent of total billed charges,21 percent of billed charges. Add on payment.; No services were performed during the 15 month look back period.,,,,,,,,,Not separately priced,225.2817,21,,,,,0,percent of total billed charges,21 percent of billed charges. Add on payment.; No services were performed during the 15 month look back period.,225.2817,21,,,,,0,percent of total billed charges,21 percent of billed charges. Add on payment.; No services were performed during the 15 month look back period.,225.2817,21,,,,,0,percent of total billed charges,21 percent of billed charges. Add on payment.; No services were performed during the 15 month look back period.,,,,,,,,,Not separately priced,,,,,,,,,Not separately priced,783.1221,73,,,,,0,percent of total billed charges,73 percent of billed charges. Add on payment; No services were performed during the 15 month look back period.,,,,,,,,,Not payable.,,,,,,,,,Not separately priced,,,,,,,,,Not separately priced,335.77701,31.3,,,,,0,percent of total billed charges,31.3 percent of billed charges. Add on payment; No services were performed during the 15 month look back period.,335.77701,31.3,,,,,0,percent of total billed charges,31.3 percent of billed charges. Add on payment; No services were performed during the 15 month look back period.,335.77701,31.3,,,,,0,percent of total billed charges,31.3 percent of billed charges. Add on payment; No services were performed during the 15 month look back period.,335.77701,31.3,,,,,0,percent of total billed charges,31.3 percent of billed charges. Add on payment; No services were performed during the 15 month look back period.,118.0047,11,,,,,0,percent of total billed charges,11 percent of billed charges. Add on payment.; No services were performed during the 15 month look back period.,,,,,,,,,Not separately priced,118.0047,11,,,,,0,percent of total billed charges,11 percent of billed charges. Add on payment.; No services were performed during the 15 month look back period.,783.1221,73,,,,,0,percent of total billed charges,73 percent of billed charges. Add on payment; No services were performed during the 15 month look back period.,225.2817,21,,,,,0,percent of total billed charges,21 percent of billed charges. Add on payment.; No services were performed during the 15 month look back period.,,,,,,,,,Not separately priced,450.5634,42,,,,,0,percent of total billed charges,42 percent of billed charges. Add on payment.; No services were performed during the 15 month look back period.,,,,,,,,,Not separately priced,,,,,,,,,Not separately priced,783.1221,73,,,,,0,percent of total billed charges,73 percent of billed charges. Add on payment; No services were performed during the 15 month look back period.,,,,,,,,,Not separately priced,,,,,,,,,Not separately priced,,,,,,,,,Not separately priced,,,,,,,,,Not separately priced,450.5634,42,,,,,0,percent of total billed charges,42 percent of billed charges. Add on payment.; No services were performed during the 15 month look back period.,450.5634,42,,,,,0,percent of total billed charges,42 percent of billed charges. Add on payment.; No services were performed during the 15 month look back period.,,,,,,,,,Not separately priced,450.5634,42,,,,,0,percent of total billed charges,42 percent of billed charges. Add on payment.; No services were performed during the 15 month look back period.,,,,,,,,,Not separately priced,,,,,,,,,Not separately priced,450.5634,42,,,,,0,percent of total billed charges,42 percent of billed charges. Add on payment.; No services were performed during the 15 month look back period.,783.1221,73,,,,,0,percent of total billed charges,73 percent of billed charges. Add on payment; No services were performed during the 15 month look back period.,118.0047,11,,,,,0,percent of total billed charges,11 percent of billed charges. Add on payment.; No services were performed during the 15 month look back period.,118.0047,11,,,,,0,percent of total billed charges,11 percent of billed charges. Add on payment.; No services were performed during the 15 month look back period.,783.1221,73,,,,,0,percent of total billed charges,73 percent of billed charges. Add on payment; No services were performed during the 15 month look back period.,335.77701,31.3,,,,,0,percent of total billed charges,31.3 percent of billed charges. Add on payment; No services were performed during the 15 month look back period.,,,,,,,,,Not payable.,,,,,,,,,Not payable.,783.1221,73,,,,,0,percent of total billed charges,73 percent of billed charges. Add on payment; No services were performed during the 15 month look back period.,,,,,,,,,Not separately priced,,,,,,,,,Not payable.,,,,,,,,,Not payable.,,,,,,,,,Not payable.,,,,,,,,,Not separately priced,,,,,,,,,Not payable.,,,,,,,,,Not payable.,118.0047,11,,,,,0,percent of total billed charges,11 percent of billed charges. Add on payment.; No services were performed during the 15 month look back period.,193.0986,18,,,,,0,percent of total billed charges,18 percent of billed charges. Add on payment; 15% when billed with CAS; No services were performed during the 15 month look back period.,356.15964,33.2,,,,,0,percent of total billed charges,33.2 percent of billed charges. Add on payment; No services were performed during the 15 month look back period.,356.15964,33.2,,,,,0,percent of total billed charges,33.2 percent of billed charges. Add on payment; No services were performed during the 15 month look back period.,356.15964,33.2,,,,,0,percent of total billed charges,33.2 percent of billed charges. Add on payment; No services were performed during the 15 month look back period.,356.15964,33.2,,,,,0,percent of total billed charges,33.2 percent of billed charges. Add on payment; No services were performed during the 15 month look back period.,356.15964,33.2,,,,,0,percent of total billed charges,33.2 percent of billed charges. Add on payment; No services were performed during the 15 month look back period.,356.15964,33.2,,,,,0,percent of total billed charges,33.2 percent of billed charges. Add on payment; No services were performed during the 15 month look back period.,,,,,,,,,Not separately priced,,,,,,,,,Not separately priced,356.15964,33.2,,,,,0,percent of total billed charges,33.2 percent of billed charges. Add on payment; No services were performed during the 15 month look back period.,783.1221,73,,,,,0,percent of total billed charges,73 percent of billed charges. Add on payment; No services were performed during the 15 month look back period.,783.1221,73,,,,,0,percent of total billed charges,73 percent of billed charges. Add on payment; No services were performed during the 15 month look back period.,783.1221,73,,,,,0,percent of total billed charges,73 percent of billed charges. Add on payment; No services were performed during the 15 month look back period.,783.1221,73,,,,,0,percent of total billed charges,73 percent of billed charges. Add on payment; No services were performed during the 15 month look back period.,783.1221,73,,,,,0,percent of total billed charges,73 percent of billed charges. Add on payment; No services were performed during the 15 month look back period.,783.1221,73,,,,,0,percent of total billed charges,73 percent of billed charges. Add on payment; No services were performed during the 15 month look back period.,783.1221,73,,,,,0,percent of total billed charges,73 percent of billed charges. Add on payment; No services were performed during the 15 month look back period.,783.1221,73,,,,,0,percent of total billed charges,73 percent of billed charges. Add on payment; No services were performed during the 15 month look back period.,783.1221,73,,,,,0,percent of total billed charges,73 percent of billed charges. Add on payment; No services were performed during the 15 month look back period.,783.1221,73,,,,,0,percent of total billed charges,73 percent of billed charges. Add on payment; No services were performed during the 15 month look back period.,783.1221,73,,,,,0,percent of total billed charges,73 percent of billed charges. Add on payment; No services were performed during the 15 month look back period.,783.1221,73,,,,,0,percent of total billed charges,73 percent of billed charges. Add on payment; No services were performed during the 15 month look back period.,783.1221,73,,,,,0,percent of total billed charges,73 percent of billed charges. Add on payment; No services were performed during the 15 month look back period.,783.1221,73,,,,,0,percent of total billed charges,73 percent of billed charges. Add on payment; No services were performed during the 15 month look back period.,783.1221,73,,,,,0,percent of total billed charges,73 percent of billed charges. Add on payment; No services were performed during the 15 month look back period.,783.1221,73,,,,,0,percent of total billed charges,73 percent of billed charges. Add on payment; No services were performed during the 15 month look back period.,783.1221,73,,,,,0,percent of total billed charges,73 percent of billed charges. Add on payment; No services were performed during the 15 month look back period.,783.1221,73,,,,,0,percent of total billed charges,73 percent of billed charges. Add on payment; No services were performed during the 15 month look back period.,783.1221,73,,,,,0,percent of total billed charges,73 percent of billed charges. Add on payment; No services were performed during the 15 month look back period.,783.1221,73,,,,,0,percent of total billed charges,73 percent of billed charges. Add on payment; No services were performed during the 15 month look back period.,783.1221,73,,,,,0,percent of total billed charges,73 percent of billed charges. Add on payment; No services were performed during the 15 month look back period.,783.1221,73,,,,,0,percent of total billed charges,73 percent of billed charges. Add on payment; No services were performed during the 15 month look back period.,783.1221,73,,,,,0,percent of total billed charges,73 percent of billed charges. Add on payment; No services were performed during the 15 month look back period.,783.1221,73,,,,,0,percent of total billed charges,73 percent of billed charges. Add on payment; No services were performed during the 15 month look back period.,783.1221,73,,,,,0,percent of total billed charges,73 percent of billed charges. Add on payment; No services were performed during the 15 month look back period.,783.1221,73,,,,,0,percent of total billed charges,73 percent of billed charges. Add on payment; No services were performed during the 15 month look back period.,450.5634,42,,,,,0,percent of total billed charges,42 percent of billed charges. Add on payment.; No services were performed during the 15 month look back period.,450.5634,42,,,,,0,percent of total billed charges,42 percent of billed charges. Add on payment.; No services were performed during the 15 month look back period.,450.5634,42,,,,,0,percent of total billed charges,42 percent of billed charges. Add on payment.; No services were performed during the 15 month look back period.,450.5634,42,,,,,0,percent of total billed charges,42 percent of billed charges. Add on payment.; No services were performed during the 15 month look back period.,482.7465,45,,,,,0,percent of total billed charges,45 percent of billed charges. Add on payment; No services were performed during the 15 month look back period.,482.7465,45,,,,,0,percent of total billed charges,45 percent of billed charges. Add on payment; No services were performed during the 15 month look back period.,335.77701,31.3,,,,,0,percent of total billed charges,31.3 percent of billed charges. Add on payment; No services were performed during the 15 month look back period.,356.15964,33.2,,,,,0,percent of total billed charges,33.2 percent of billed charges. Add on payment; No services were performed during the 15 month look back period.,,,,,,,,,Not payable.,356.15964,33.2,,,,,0,percent of total billed charges,33.2 percent of billed charges. Add on payment; No services were performed during the 15 month look back period.,783.1221,73,,,,,0,percent of total billed charges,73 percent of billed charges. Add on payment; No services were performed during the 15 month look back period.,482.7465,45,,,,,0,percent of total billed charges,45 percent of billed charges. Add on payment; No services were performed during the 15 month look back period.,356.15964,33.2,,,,,0,percent of total billed charges,33.2 percent of billed charges. Add on payment; No services were performed during the 15 month look back period.,,,,,,,,,Not payable.,335.77701,31.3,,,,,0,percent of total billed charges,31.3 percent of billed charges. Add on payment; No services were performed during the 15 month look back period.,,,,,,,,,,783.1221,73,,,,,0,percent of total billed charges,73 percent of billed charges. Add on payment; No services were performed during the 15 month look back period.,,,,,,,,,Not separately priced,450.5634,42,,,,,0,percent of total billed charges,42 percent of billed charges. Add on payment.; No services were performed during the 15 month look back period.,,,,,,,,,Not separately priced,,,,,,,,,Not separately priced,,,,,,,,,Not separately priced,193.0986,18,,,,,0,percent of total billed charges,18 percent of billed charges. Add on payment; 15% when billed with CAS; No services were performed during the 15 month look back period.,,,,,,,,,Not separately priced,,,,,,,,,Not separately priced,,,,,,,,,Not separately priced,,,,,,,,,Not separately priced,,,,,,,,,Not separately priced,225.2817,21,,,,,0,percent of total billed charges,21 percent of billed charges. Add on payment.; No services were performed during the 15 month look back period.,225.2817,21,,,,,0,percent of total billed charges,21 percent of billed charges. Add on payment.; No services were performed during the 15 month look back period.,,,,,,,,,Not separately priced,335.77701,31.3,,,,,0,percent of total billed charges,31.3 percent of billed charges. Add on payment; No services were performed during the 15 month look back period.,,,,,,,,,Not payable.,,,,,,,,,Not payable.,,,,,,,,,Not separately priced,335.77701,31.3,,,,,0,percent of total billed charges,31.3 percent of billed charges. Add on payment; No services were performed during the 15 month look back period.,225.2817,21,,,,,0,percent of total billed charges,21 percent of billed charges. Add on payment.; No services were performed during the 15 month look back period.,225.2817,21,,,,,0,percent of total billed charges,21 percent of billed charges. Add on payment.; No services were performed during the 15 month look back period.,225.2817,21,,,,,0,percent of total billed charges,21 percent of billed charges. Add on payment.; No services were performed during the 15 month look back period.,783.1221,73,,,,,0,percent of total billed charges,73 percent of billed charges. Add on payment; No services were performed during the 15 month look back period.,783.1221,73,,,,,0,percent of total billed charges,73 percent of billed charges. Add on payment; No services were performed during the 15 month look back period.,783.1221,73,,,,,0,percent of total billed charges,73 percent of billed charges. Add on payment; No services were performed during the 15 month look back period.,783.1221,73,,,,,0,percent of total billed charges,73 percent of billed charges. Add on payment; No services were performed during the 15 month look back period.,783.1221,73,,,,,0,percent of total billed charges,73 percent of billed charges. Add on payment; No services were performed during the 15 month look back period.,783.1221,73,,,,,0,percent of total billed charges,73 percent of billed charges. Add on payment; No services were performed during the 15 month look back period.,783.1221,73,,,,,0,percent of total billed charges,73 percent of billed charges. Add on payment; No services were performed during the 15 month look back period.,783.1221,73,,,,,0,percent of total billed charges,73 percent of billed charges. Add on payment; No services were performed during the 15 month look back period.,783.1221,73,,,,,0,percent of total billed charges,73 percent of billed charges. Add on payment; No services were performed during the 15 month look back period.,783.1221,73,,,,,0,percent of total billed charges,73 percent of billed charges. Add on payment; No services were performed during the 15 month look back period.,783.1221,73,,,,,0,percent of total billed charges,73 percent of billed charges. Add on payment; No services were performed during the 15 month look back period.,482.7465,45,,,,,0,percent of total billed charges,45 percent of billed charges. Add on payment; No services were performed during the 15 month look back period.,356.15964,33.2,,,,,0,percent of total billed charges,33.2 percent of billed charges. Add on payment; No services were performed during the 15 month look back period.,335.77701,31.3,,,,,0,percent of total billed charges,31.3 percent of billed charges. Add on payment; No services were performed during the 15 month look back period.,,,,,,,,,Not separately priced,225.2817,21,,,,,0,percent of total billed charges,21 percent of billed charges. Add on payment.; No services were performed during the 15 month look back period.,335.77701,31.3,,,,,0,percent of total billed charges,31.3 percent of billed charges. Add on payment; No services were performed during the 15 month look back period.,335.77701,31.3,,,,,0,percent of total billed charges,31.3 percent of billed charges. Add on payment; No services were performed during the 15 month look back period.,783.1221,73,,,,,0,percent of total billed charges,73 percent of billed charges. Add on payment; No services were performed during the 15 month look back period.,268.1925,25,,,,,0,percent of total billed charges,25 percent of billed charges. Add on payment.; No services were performed during the 15 month look back period.,335.77701,31.3,,,,,0,percent of total billed charges,31.3 percent of billed charges. Add on payment; No services were performed during the 15 month look back period.,,,,,,,,,Not separately priced,,,,,,,,,Not separately priced,,,,,,,,,Not separately priced,,,,,,,,,Not separately priced,,,,,,,,,Not separately priced,,,,,,,,,Not separately priced,,,,,,,,,Not separately priced,335.77701,31.3,,,,,0,percent of total billed charges,31.3 percent of billed charges. Add on payment; No services were performed during the 15 month look back period.,193.0986,18,,,,,0,percent of total billed charges,18 percent of billed charges. Add on payment; 15% when billed with CAS; No services were performed during the 15 month look back period.,,,,,,,,,Not separately priced,,,,,,,,,Not separately priced,,,,,,,,,Not separately priced,,,,,,,,,Not separately priced,,,,,,,,,Not separately priced,,,,,,,,,,193.0986,18,,,,,0,percent of total billed charges,18 percent of billed charges. Add on payment; 15% when billed with CAS; No services were performed during the 15 month look back period.,354.0141,33,,,,,0,percent of total billed charges,33 percent of billed charges. Add on payment.; No services were performed during the 15 month look back period.,354.0141,33,,,,,0,percent of total billed charges,33 percent of billed charges. Add on payment.; No services were performed during the 15 month look back period.,354.0141,33,,,,,0,percent of total billed charges,33 percent of billed charges. Add on payment.; No services were performed during the 15 month look back period.,354.0141,33,,,,,0,percent of total billed charges,33 percent of billed charges. Add on payment.; No services were performed during the 15 month look back period.,354.0141,33,,,,,0,percent of total billed charges,33 percent of billed charges. Add on payment.; No services were performed during the 15 month look back period.,,,,,,,,,Not separately priced,482.7465,45,,,,,0,percent of total billed charges,45 percent of billed charges. Add on payment; No services were performed during the 15 month look back period.,482.7465,45,,,,,0,percent of total billed charges,45 percent of billed charges. Add on payment; No services were performed during the 15 month look back period.,482.7465,45,,,,,0,percent of total billed charges,45 percent of billed charges. Add on payment; No services were performed during the 15 month look back period.,482.7465,45,,,,,0,percent of total billed charges,45 percent of billed charges. Add on payment; No services were performed during the 15 month look back period.,225.2817,21,,,,,0,percent of total billed charges,21 percent of billed charges. Add on payment.; No services were performed during the 15 month look back period.,225.2817,21,,,,,0,percent of total billed charges,21 percent of billed charges. Add on payment.; No services were performed during the 15 month look back period.,225.2817,21,,,,,0,percent of total billed charges,21 percent of billed charges. Add on payment.; No services were performed during the 15 month look back period.,225.2817,21,,,,,0,percent of total billed charges,21 percent of billed charges. Add on payment.; No services were performed during the 15 month look back period.,193.0986,18,,,,,0,percent of total billed charges,18 percent of billed charges. Add on payment; 15% when billed with CAS; No services were performed during the 15 month look back period.,193.0986,18,,,,,0,percent of total billed charges,18 percent of billed charges. Add on payment; 15% when billed with CAS; No services were performed during the 15 month look back period.,,,,,,,,,Not separately priced,,,,,,,,,Not separately priced,,,,,,,,,Not separately priced,356.15964,33.2,,,,,0,percent of total billed charges,33.2 percent of billed charges. Add on payment; No services were performed during the 15 month look back period.,356.15964,33.2,,,,,0,percent of total billed charges,33.2 percent of billed charges. Add on payment; No services were performed during the 15 month look back period.,356.15964,33.2,,,,,0,percent of total billed charges,33.2 percent of billed charges. Add on payment; No services were performed during the 15 month look back period.,193.0986,18,,,,,0,percent of total billed charges,18 percent of billed charges. Add on payment; 15% when billed with CAS; No services were performed during the 15 month look back period.,225.2817,21,,,,,0,percent of total billed charges,21 percent of billed charges. Add on payment.; No services were performed during the 15 month look back period.,,,,,,,,,Not separately priced,356.15964,33.2,,,,,0,percent of total billed charges,33.2 percent of billed charges. Add on payment; No services were performed during the 15 month look back period.,,,,,,,,,Not separately priced,268.1925,25,,,,,0,percent of total billed charges,25 percent of billed charges. Add on payment; No services were performed during the 15 month look back period.,268.1925,25,,,,,0,percent of total billed charges,25 percent of billed charges. Add on payment; No services were performed during the 15 month look back period.,268.1925,25,,,,,0,percent of total billed charges,25 percent of billed charges. Add on payment; No services were performed during the 15 month look back period.,,,,,,,,,Not separately priced,,,,,,,,,Not separately priced,,,,,,,,,Not separately priced,,,,,,,,,Not separately priced,,,,,,,,,Not separately priced,,,,,,,,,Not separately priced,268.1925,25,,,,,0,percent of total billed charges,25 percent of billed charges. Add on payment; No services were performed during the 15 month look back period.,,,,,,,,,Not separately priced,,,,,,,,,Not separately priced,,,,,,,,,Not separately priced,,,,,,,,,Not separately priced,,,,,,,,,Not separately priced,,,,,,,,,Not separately priced,,,,,,,,,Not separately priced,,,,,,,,,Not separately priced,,,,,,,,,Not separately priced,225.2817,21,,,,,0,percent of total billed charges,21 percent of billed charges. Add on payment.; No services were performed during the 15 month look back period.,,,,,,,,,Not separately priced,,,,,,,,,Not separately priced,,,,,,,,,Not separately priced,,,,,,,,,Not separately priced,,,,,,,,,Not separately priced,,,,,,,,,Not separately priced,118.0047,11,,,,,0,percent of total billed charges,11 percent of billed charges. Add on payment.; No services were performed during the 15 month look back period.,,,,,,,,,Not separately priced,,,,,,,,,Not separately priced,,,,,,,,,Not separately priced,,,,,,,,,Not separately priced,193.0986,18,,,,,0,percent of total billed charges,18 percent of billed charges. Add on payment; 15% when billed with CAS; No services were performed during the 15 month look back period.,193.0986,18,,,,,0,percent of total billed charges,18 percent of billed charges. Add on payment; 15% when billed with CAS; No services were performed during the 15 month look back period.,,,,,,,,,Not separately priced,,,,,,,,,Not separately priced,,,,,,,,,Not separately priced,,,,,,,,,Not separately priced,356.15964,33.2,,,,,0,percent of total billed charges,33.2 percent of billed charges. Add on payment; No services were performed during the 15 month look back period.,356.15964,33.2,,,,,0,percent of total billed charges,33.2 percent of billed charges. Add on payment; No services were performed during the 15 month look back period.,,,,,,,,,Not separately priced,356.15964,33.2,,,,,0,percent of total billed charges,33.2 percent of billed charges. Add on payment; No services were performed during the 15 month look back period.,356.15964,33.2,,,,,0,percent of total billed charges,33.2 percent of billed charges. Add on payment; No services were performed during the 15 month look back period.,356.15964,33.2,,,,,0,percent of total billed charges,33.2 percent of billed charges. Add on payment; No services were performed during the 15 month look back period.,356.15964,33.2,,,,,0,percent of total billed charges,33.2 percent of billed charges. Add on payment; No services were performed during the 15 month look back period.,,,,,,,,,Not separately priced,356.15964,33.2,,,,,0,percent of total billed charges,33.2 percent of billed charges. Add on payment; No services were performed during the 15 month look back period.,356.15964,33.2,,,,,0,percent of total billed charges,33.2 percent of billed charges. Add on payment; No services were performed during the 15 month look back period.,225.2817,21,,,,,0,percent of total billed charges,21 percent of billed charges. Add on payment.; No services were performed during the 15 month look back period.,,,,,,,,,Not separately priced,118.0047,11,,,,,0,percent of total billed charges,11 percent of billed charges. Add on payment.; No services were performed during the 15 month look back period.,,,,,,,,,Not separately priced,,,,,,,,,Not separately priced,118.0047,11,,,,,0,percent of total billed charges,11 percent of billed charges. Add on payment.; No services were performed during the 15 month look back period.,,,,,,,,,Not separately priced,,,,,,,,,Not separately priced,,,,,,,,,Not separately priced,,,,,,,,,Not separately priced,,,,,,,,,Not separately priced,,,,,,,,,Not separately priced,,,,,,,,,,,,,,,,,,,,,,,,,,,,335.77701,31.3,,,,,0,percent of total billed charges,31.3 percent of billed charges. Add on payment; No services were performed during the 15 month look back period.,,,,,,,,,,,,,,,,,,Not separately priced,,,,,,,,,Not separately priced,,,,,,,,,Not separately priced,,,,,,,,,Not separately priced,,,,,,,,,Not separately priced,,,,,,,,,Not separately priced,,,,,,,,,Not separately priced,,,,,,,,,Not separately priced,,,,,,,,,Not separately priced,450.5634,42,,,,,0,percent of total billed charges,42 percent of billed charges. Add on payment.; No services were performed during the 15 month look back period.,225.2817,21,,,,,0,percent of total billed charges,21 percent of billed charges. Add on payment.; No services were performed during the 15 month look back period.,450.5634,42,,,,,0,percent of total billed charges,42 percent of billed charges. Add on payment.; No services were performed during the 15 month look back period.,335.77701,31.3,,,,,0,percent of total billed charges,31.3 percent of billed charges. Add on payment; No services were performed during the 15 month look back period.,,,,,,,,,Not separately priced,,,,,,,,,Not separately priced,,,,,,,,,Not separately priced,,,,,,,,,Not separately priced,,,,,,,,,Not separately priced,,,,,,,,,Not separately priced,,,,,,,,,,,,,,,,,,Not separately priced,,,,,,,,,Not separately priced,356.15964,33.2,,,,,0,percent of total billed charges,33.2 percent of billed charges. Add on payment; No services were performed during the 15 month look back period.,450.5634,42,,,,,0,percent of total billed charges,42 percent of billed charges. Add on payment.; No services were performed during the 15 month look back period.,450.5634,42,,,,,0,percent of total billed charges,42 percent of billed charges. Add on payment.; No services were performed during the 15 month look back period.,450.5634,42,,,,,0,percent of total billed charges,42 percent of billed charges. Add on payment.; No services were performed during the 15 month look back period.,450.5634,42,,,,,0,percent of total billed charges,42 percent of billed charges. Add on payment.; No services were performed during the 15 month look back period.,,,,,,,,,Not separately priced,,,,,,,,,Not separately priced,356.15964,33.2,,,,,0,percent of total billed charges,33.2 percent of billed charges. Add on payment; No services were performed during the 15 month look back period.,,,,,,,,,Not separately priced,,,,,,,,,Not separately priced,,,,,,,,,Not separately priced,,,,,,,,,Not separately priced,,,,,,,,,Not separately priced,,,,,,,,,Not separately priced,,,,,,,,,Not separately priced,450.5634,42,,,,,0,percent of total billed charges,42 percent of billed charges. Add on payment.; No services were performed during the 15 month look back period.,335.77701,31.3,,,,,0,percent of total billed charges,31.3 percent of billed charges. Add on payment; No services were performed during the 15 month look back period.,783.1221,73,,,,,0,percent of total billed charges,73 percent of billed charges. Add on payment; No services were performed during the 15 month look back period.,,,,,,,,,Not payable.,,,,,,,,,Not payable.,225.2817,21,,,,,0,percent of total billed charges,21 percent of billed charges. Add on payment.; No services were performed during the 15 month look back period.,,,,,,,,,Not separately priced,482.7465,45,,,,,0,percent of total billed charges,45 percent of billed charges. Add on payment; No services were performed during the 15 month look back period.,482.7465,45,,,,,0,percent of total billed charges,45 percent of billed charges. Add on payment; No services were performed during the 15 month look back period.,356.15964,33.2,,,,,0,percent of total billed charges,33.2 percent of billed charges. Add on payment; No services were performed during the 15 month look back period.,356.15964,33.2,,,,,0,percent of total billed charges,33.2 percent of billed charges. Add on payment; No services were performed during the 15 month look back period.,,,,,,,,,Not separately priced,,,,,,,,,Not separately priced,,,,,,,,,Not separately priced,,,,,,,,,Not separately priced,,,,,,,,,Not payable.,356.15964,33.2,,,,,0,percent of total billed charges,33.2 percent of billed charges. Add on payment; No services were performed during the 15 month look back period.,356.15964,33.2,,,,,0,percent of total billed charges,33.2 percent of billed charges. Add on payment; No services were performed during the 15 month look back period.,,,,,,,,,Not separately priced,356.15964,33.2,,,,,0,percent of total billed charges,33.2 percent of billed charges. Add on payment; No services were performed during the 15 month look back period.,450.5634,42,,,,,0,percent of total billed charges,42 percent of billed charges. Add on payment.; No services were performed during the 15 month look back period.,,,,,,,,,Not separately priced,,,,,,,,,Not separately priced,450.5634,42,,,,,0,percent of total billed charges,42 percent of billed charges. Add on payment.; No services were performed during the 15 month look back period.,356.15964,33.2,,,,,0,percent of total billed charges,33.2 percent of billed charges. Add on payment; No services were performed during the 15 month look back period.,356.15964,33.2,,,,,0,percent of total billed charges,33.2 percent of billed charges. Add on payment; No services were performed during the 15 month look back period.,356.15964,33.2,,,,,0,percent of total billed charges,33.2 percent of billed charges. Add on payment; No services were performed during the 15 month look back period.,193.0986,18,,,,,0,percent of total billed charges,18 percent of billed charges. Add on payment; 15% when billed with CAS; No services were performed during the 15 month look back period.,,,,,,,,,Not separately priced,,,,,,,,,Not separately priced,,,,,,,,,Not separately priced,,,,,,,,,Not separately priced,,,,,,,,,Not separately priced,,,,,,,,,Not payable.,,,,,,,,,Not separately priced,,,,,,,,,Not separately priced,,,,,,,,,Not separately priced,,,,,,,,,Not separately priced,,,,,,,,,Not separately priced,,,,,,,,,Not separately priced,,,,,,,,,Not separately priced,,,,,,,,,Not separately priced,,,,,,,,,Not payable.,,,,,,,,,Not separately priced,,,,,,,,,Not separately priced,356.15964,33.2,,,,,0,percent of total billed charges,33.2 percent of billed charges. Add on payment; No services were performed during the 15 month look back period.,,,,,,,,,Not separately priced,356.15964,33.2,,,,,0,percent of total billed charges,33.2 percent of billed charges. Add on payment; No services were performed during the 15 month look back period.,356.15964,33.2,,,,,0,percent of total billed charges,33.2 percent of billed charges. Add on payment; No services were performed during the 15 month look back period.,356.15964,33.2,,,,,0,percent of total billed charges,33.2 percent of billed charges. Add on payment; No services were performed during the 15 month look back period.,,,,,,,,,Not separately priced,,,,,,,,,Not separately priced,356.15964,33.2,,,,,0,percent of total billed charges,33.2 percent of billed charges. Add on payment; No services were performed during the 15 month look back period.,,,,,,,,,Not separately priced,356.15964,33.2,,,,,0,percent of total billed charges,33.2 percent of billed charges. Add on payment; No services were performed during the 15 month look back period.,,,,,,,,,Not separately priced,,,,,,,,,Not separately priced,450.5634,42,,,,,0,percent of total billed charges,42 percent of billed charges. Add on payment.; No services were performed during the 15 month look back period.,450.5634,42,,,,,0,percent of total billed charges,42 percent of billed charges. Add on payment.; No services were performed during the 15 month look back period.,450.5634,42,,,,,0,percent of total billed charges,42 percent of billed charges. Add on payment.; No services were performed during the 15 month look back period.,450.5634,42,,,,,0,percent of total billed charges,42 percent of billed charges. Add on payment.; No services were performed during the 15 month look back period.,450.5634,42,,,,,0,percent of total billed charges,42 percent of billed charges. Add on payment.; No services were performed during the 15 month look back period.,450.5634,42,,,,,0,percent of total billed charges,42 percent of billed charges. Add on payment.; No services were performed during the 15 month look back period.,450.5634,42,,,,,0,percent of total billed charges,42 percent of billed charges. Add on payment.; No services were performed during the 15 month look back period.,450.5634,42,,,,,0,percent of total billed charges,42 percent of billed charges. Add on payment.; No services were performed during the 15 month look back period.,450.5634,42,,,,,0,percent of total billed charges,42 percent of billed charges. Add on payment.; No services were performed during the 15 month look back period.,450.5634,42,,,,,0,percent of total billed charges,42 percent of billed charges. Add on payment.; No services were performed during the 15 month look back period.,450.5634,42,,,,,0,percent of total billed charges,42 percent of billed charges. Add on payment.; No services were performed during the 15 month look back period.,450.5634,42,,,,,0,percent of total billed charges,42 percent of billed charges. Add on payment.; No services were performed during the 15 month look back period.,,,,,,,,,Not separately priced,450.5634,42,,,,,0,percent of total billed charges,42 percent of billed charges. Add on payment.; No services were performed during the 15 month look back period.,,,,,,,,,Not separately priced,268.1925,25,,,,,0,percent of total billed charges,25 percent of billed charges. Add on payment.; No services were performed during the 15 month look back period.,118.0047,11,,,,,0,percent of total billed charges,11 percent of billed charges. Add on payment.; No services were performed during the 15 month look back period.,,,,,,,,,Not payable.,,,,,,,,,Not payable.,,,,,,,,,Not separately priced,482.7465,45,,,,,0,percent of total billed charges,45 percent of billed charges. Add on payment; No services were performed during the 15 month look back period.,,,,,,,,,Not separately priced,,,,,,,,,Not separately priced,225.2817,21,,,,,0,percent of total billed charges,21 percent of billed charges. Add on payment.; No services were performed during the 15 month look back period.,,,,,,,,,Not separately priced,335.77701,31.3,,,,,0,percent of total billed charges,31.3 percent of billed charges. Add on payment; No services were performed during the 15 month look back period.,,,,,,,,,Not separately priced,335.77701,31.3,,,,,0,percent of total billed charges,31.3 percent of billed charges. Add on payment; No services were performed during the 15 month look back period.,225.2817,21,,,,,0,percent of total billed charges,21 percent of billed charges. Add on payment.; No services were performed during the 15 month look back period.,335.77701,31.3,,,,,0,percent of total billed charges,31.3 percent of billed charges. Add on payment; No services were performed during the 15 month look back period.,,,,,,,,,Not separately priced,,,,,,,,,Not separately priced,,,,,,,,,Not separately priced,335.77701,31.3,,,,,0,percent of total billed charges,31.3 percent of billed charges. Add on payment; No services were performed during the 15 month look back period.,,,,,,,,,Not payable.,,,,,,,,,Not separately priced,356.15964,33.2,,,,,0,percent of total billed charges,33.2 percent of billed charges. Add on payment; No services were performed during the 15 month look back period.,,,,,,,,,Not separately priced,,,,,,,,,Not separately priced,356.15964,33.2,,,,,0,percent of total billed charges,33.2 percent of billed charges. Add on payment; No services were performed during the 15 month look back period.,356.15964,33.2,,,,,0,percent of total billed charges,33.2 percent of billed charges. Add on payment; No services were performed during the 15 month look back period.,356.15964,33.2,,,,,0,percent of total billed charges,33.2 percent of billed charges. Add on payment; No services were performed during the 15 month look back period.,,,,,,,,,Not payable.,356.15964,33.2,,,,,0,percent of total billed charges,33.2 percent of billed charges. Add on payment; No services were performed during the 15 month look back period.,356.15964,33.2,,,,,0,percent of total billed charges,33.2 percent of billed charges. Add on payment; No services were performed during the 15 month look back period.,356.15964,33.2,,,,,0,percent of total billed charges,33.2 percent of billed charges. Add on payment; No services were performed during the 15 month look back period.,450.5634,42,,,,,0,percent of total billed charges,42 percent of billed charges. Add on payment.; No services were performed during the 15 month look back period.,450.5634,42,,,,,0,percent of total billed charges,42 percent of billed charges. Add on payment.; No services were performed during the 15 month look back period.,354.0141,33,,,,,0,percent of total billed charges,33 percent of billed charges. Add on payment.; No services were performed during the 15 month look back period.,,,,,,,,,Not separately priced,,,,,,,,,Not payable.,335.77701,31.3,,,,,0,percent of total billed charges,31.3 percent of billed charges. Add on payment; No services were performed during the 15 month look back period.,225.2817,21,,,,,0,percent of total billed charges,21 percent of billed charges. Add on payment.; No services were performed during the 15 month look back period.,,,,,,,,,Not payable.,225.2817,21,,,,,0,percent of total billed charges,21 percent of billed charges. Add on payment.; No services were performed during the 15 month look back period.,,,,,,,,,Not payable.,356.15964,33.2,,,,,0,percent of total billed charges,33.2 percent of billed charges. Add on payment; No services were performed during the 15 month look back period.,356.15964,33.2,,,,,0,percent of total billed charges,33.2 percent of billed charges. Add on payment; No services were performed during the 15 month look back period.,356.15964,33.2,,,,,0,percent of total billed charges,33.2 percent of billed charges. Add on payment; No services were performed during the 15 month look back period.,356.15964,33.2,,,,,0,percent of total billed charges,33.2 percent of billed charges. Add on payment; No services were performed during the 15 month look back period.,,,,,,,,,Not separately priced,45.98,783.1221,
MS006,DRG,,,,,MS-DRG 006 LIVER TRANSPLANT WITHOUT MCC,,,Inpatient,,,,148815.24,,,,,,,Case Rate,Medicare Base Rate times Standard Inpatient Weight. Local 1199 High/Low day Outlier Local 1199 High/Low day Outlier,148815.24,,,,,,,Case Rate,Medicare Base Rate times Standard Inpatient Weight. Local 1199 High/Low day Outlier Local 1199 High/Low day Outlier,120951.51,,,,,,,Case Rate,"Medicare Base Rate times Standard Inpatient Weight. GMLOS + 8 Outlier per Diem $6,968.00. Add-on payment, and lesser of 100% of billed charges. GMLOS + 8 Outlier per Diem $6,968.00. Add-on payment, and lesser of 100% of billed charges.",,100,,,,,0,Percent of total billed charges,100 percent of charges.  ; No services were performed during the 15 month look back period.,46120.19,,,,,,,Case Rate,"Medicare Base Rate times Standard Inpatient Weight. 100 percent of Medicare DRG. Add-on payment,  . 100 percent of Medicare DRG. Add-on payment,  .",120951.51,,,,,,,Case Rate,"Medicare Base Rate times Standard Inpatient Weight. GMLOS + 8 Outlier per Diem $6,968.00. Add-on payment, and lesser of 100% of billed charges. GMLOS + 8 Outlier per Diem $6,968.00. Add-on payment, and lesser of 100% of billed charges.",120951.51,,,,,,,Case Rate,"Medicare Base Rate times Standard Inpatient Weight. GMLOS + 8 Outlier per Diem $6,968.00. Add-on payment, and lesser of 100% of billed charges. GMLOS + 8 Outlier per Diem $6,968.00. Add-on payment, and lesser of 100% of billed charges.",120951.51,,,,,,,Case Rate,"Medicare Base Rate times Standard Inpatient Weight. GMLOS + 8 Outlier per Diem $6,968.00. Add-on payment, and lesser of 100% of billed charges. GMLOS + 8 Outlier per Diem $6,968.00. Add-on payment, and lesser of 100% of billed charges.",,,,,,,,," ",,,,,,,,," ",,73,,,,,0,Percent of total billed charges,73 percent of charges.  ; No services were performed during the 15 month look back period.,177133.4,,,,,,,Case Rate,"Medicare Base Rate times Standard Inpatient Weight. AMLOS + 5 Outlier per Diem $7,362.00. Add-on payment, and lesser of 100% of billed charges. AMLOS + 5 Outlier per Diem $7,362.00. Add-on payment, and lesser of 100% of billed charges.",,,,,,,,," ",46120.19,,,,,,,Case Rate,"Medicare Base Rate times Standard Inpatient Weight. 100 percent of Medicare DRG. Add-on payment,  . 100 percent of Medicare DRG. Add-on payment,  .",134510.1,,,,,,,Case Rate,"Medicare Base Rate times Standard Inpatient Weight. Outlier (25+) per Diem $7,671.00. Add-on payment, and lesser of 100% of billed charges. Outlier (25+) per Diem $7,671.00. Add-on payment, and lesser of 100% of billed charges.",134510.1,,,,,,,Case Rate,"Medicare Base Rate times Standard Inpatient Weight. Outlier (25+) per Diem $7,671.00. Add-on payment, and lesser of 100% of billed charges. Outlier (25+) per Diem $7,671.00. Add-on payment, and lesser of 100% of billed charges.",134510.1,,,,,,,Case Rate,"Medicare Base Rate times Standard Inpatient Weight. Outlier (25+) per Diem $7,671.00. Add-on payment, and lesser of 100% of billed charges. Outlier (25+) per Diem $7,671.00. Add-on payment, and lesser of 100% of billed charges.",134510.1,,,,,,,Case Rate,"Medicare Base Rate times Standard Inpatient Weight. Outlier (25+) per Diem $7,671.00. Add-on payment, and lesser of 100% of billed charges. Outlier (25+) per Diem $7,671.00. Add-on payment, and lesser of 100% of billed charges.",,,,,,,,," ",46120.19,,,,,,,Case Rate,"Medicare Base Rate times Standard Inpatient Weight. 100 percent of Medicare DRG. Add-on payment,  . 100 percent of Medicare DRG. Add-on payment,  .",,,,,,,,," ",,73,,,,,0,Percent of total billed charges,73 percent of charges.  ; No services were performed during the 15 month look back period.,120951.51,,,,,,,Case Rate,"Medicare Base Rate times Standard Inpatient Weight. GMLOS + 8 Outlier per Diem $6,968.00. Add-on payment, and lesser of 100% of billed charges. GMLOS + 8 Outlier per Diem $6,968.00. Add-on payment, and lesser of 100% of billed charges.",46120.19,,,,,,,Case Rate,"Medicare Base Rate times Standard Inpatient Weight. 100 percent of Medicare DRG. Add-on payment, and lesser of 100% of billed charges. 100 percent of Medicare DRG. Add-on payment, and lesser of 100% of billed charges.",137658.62,,,,,,,Case Rate,"Medicare Base Rate times Standard Inpatient Weight. Add-on payment, and lesser of 100% of billed charges. Add-on payment, and lesser of 100% of billed charges.",46120.19,,,,,,,Case Rate,"Medicare Base Rate times Standard Inpatient Weight. 100 percent of Medicare DRG. Add-on payment, and lesser of 100% of billed charges. 100 percent of Medicare DRG. Add-on payment, and lesser of 100% of billed charges.",46120.19,,,,,,,Case Rate,"Medicare Base Rate times Standard Inpatient Weight. 100 percent of Medicare DRG. Add-on payment, and lesser of 100% of billed charges. 100 percent of Medicare DRG. Add-on payment, and lesser of 100% of billed charges.",,73,,,,,0,Percent of total billed charges,73 percent of charges.  ; No services were performed during the 15 month look back period.,,,,,,,,," ",,,,,,,,," ",,,,,,,,," ",,,,,,,,," ",137658.62,,,,,,,Case Rate,"Medicare Base Rate times Standard Inpatient Weight. Add-on payment, and lesser of 100% of billed charges. Add-on payment, and lesser of 100% of billed charges.",137658.62,,,,,,,Case Rate,"Medicare Base Rate times Standard Inpatient Weight. Add-on payment, and lesser of 100% of billed charges. Add-on payment, and lesser of 100% of billed charges.",,,,,,,,," ",137658.62,,,,,,,Case Rate,"Medicare Base Rate times Standard Inpatient Weight. Add-on payment, and lesser of 100% of billed charges. Add-on payment, and lesser of 100% of billed charges.",,,,,,,,," ",46120.19,,,,,,,Case Rate,"Medicare Base Rate times Standard Inpatient Weight. 100 percent of Medicare DRG. Add-on payment, . 100 percent of Medicare DRG. Add-on payment, .",137658.62,,,,,,,Case Rate,"Medicare Base Rate times Standard Inpatient Weight. Add-on payment, and lesser of 100% of billed charges. Add-on payment, and lesser of 100% of billed charges.",,73,,,,,0,Percent of total billed charges,73 percent of charges.  ; No services were performed during the 15 month look back period.,,,,,,,,," ",,,,,,,,," ",,73,,,,,0,Percent of total billed charges,73 percent of charges.  ; No services were performed during the 15 month look back period.,134510.1,,,,,,,Case Rate,"Medicare Base Rate times Standard Inpatient Weight. Outlier (25+) per Diem $7,671.00. Add-on payment, and lesser of 100% of billed charges. Outlier (25+) per Diem $7,671.00. Add-on payment, and lesser of 100% of billed charges.",128852.96,,,,,,,Case Rate,"Medicare Base Rate times Standard Inpatient Weight. AMLOS + 5 Outlier per Diem $7,167.00. Add-on payment, and lesser of 100% of billed charges. AMLOS + 5 Outlier per Diem $7,167.00. Add-on payment, and lesser of 100% of billed charges.",128852.96,,,,,,,Case Rate,"Medicare Base Rate times Standard Inpatient Weight. AMLOS + 5 Outlier per Diem $7,167.00. Add-on payment, and lesser of 100% of billed charges. AMLOS + 5 Outlier per Diem $7,167.00. Add-on payment, and lesser of 100% of billed charges.",,73,,,,,0,Percent of total billed charges,73 percent of charges.  ; No services were performed during the 15 month look back period.,46120.19,,,,,,,Case Rate,"Medicare Base Rate times Standard Inpatient Weight. 100 percent of Medicare DRG. Add-on payment,  . 100 percent of Medicare DRG. Add-on payment,  .",177133.4,,,,,,,Case Rate,"Medicare Base Rate times Standard Inpatient Weight. AMLOS + 5 Outlier per Diem $7,362.00. Add-on payment, and lesser of 100% of billed charges. AMLOS + 5 Outlier per Diem $7,362.00. Add-on payment, and lesser of 100% of billed charges.",177133.4,,,,,,,Case Rate,"Medicare Base Rate times Standard Inpatient Weight. AMLOS + 5 Outlier per Diem $7,362.00. Add-on payment, and lesser of 100% of billed charges. AMLOS + 5 Outlier per Diem $7,362.00. Add-on payment, and lesser of 100% of billed charges.",177133.4,,,,,,,Case Rate,"Medicare Base Rate times Standard Inpatient Weight. AMLOS + 5 Outlier per Diem $7,362.00. Add-on payment, and lesser of 100% of billed charges. AMLOS + 5 Outlier per Diem $7,362.00. Add-on payment, and lesser of 100% of billed charges.",46120.19,,,,,,,Case Rate,"Medicare Base Rate times Standard Inpatient Weight. 100 percent of Medicare DRG. Add-on payment,  . 100 percent of Medicare DRG. Add-on payment,  .",177133.4,,,,,,,Case Rate,"Medicare Base Rate times Standard Inpatient Weight. AMLOS + 5 Outlier per Diem $7,362.00. Add-on payment, and lesser of 100% of billed charges. AMLOS + 5 Outlier per Diem $7,362.00. Add-on payment, and lesser of 100% of billed charges.",177133.4,,,,,,,Case Rate,"Medicare Base Rate times Standard Inpatient Weight. AMLOS + 5 Outlier per Diem $7,362.00. Add-on payment, and lesser of 100% of billed charges. AMLOS + 5 Outlier per Diem $7,362.00. Add-on payment, and lesser of 100% of billed charges.",46120.19,,,,,,,Case Rate,"Medicare Base Rate times Standard Inpatient Weight. 100 percent of Medicare DRG. Add-on payment, and lesser of 100% of billed charges. 100 percent of Medicare DRG. Add-on payment, and lesser of 100% of billed charges.",201686.32,,,,,,,Case Rate,"Medicare Base Rate times Standard Inpatient Weight. GMLOS + 6 Outlier per Diem $11,932.00. Add-on payment, and lesser of 100% of billed charges. GMLOS + 6 Outlier per Diem $11,932.00. Add-on payment, and lesser of 100% of billed charges.",191410.72,,,,,,,Case Rate,"Medicare Base Rate times Standard Inpatient Weight. GMLOS + 6 Outlier per Diem $9,081.00 Add-on payment, and lesser of 100% of billed charges. GMLOS + 6 Outlier per Diem $9,081.00 Add-on payment, and lesser of 100% of billed charges.",191410.72,,,,,,,Case Rate,"Medicare Base Rate times Standard Inpatient Weight. GMLOS + 6 Outlier per Diem $9,081.00 Add-on payment, and lesser of 100% of billed charges. GMLOS + 6 Outlier per Diem $9,081.00 Add-on payment, and lesser of 100% of billed charges.",188549.69,,,,,,,Case Rate,"Medicare Base Rate times Standard Inpatient Weight. GMLOS + 6 Outlier per Diem $9,081.00 Add-on payment, and lesser of 100% of billed charges. GMLOS + 6 Outlier per Diem $9,081.00 Add-on payment, and lesser of 100% of billed charges.",211085.51,,,,,,,Case Rate,"Medicare Base Rate times Standard Inpatient Weight. GMLOS + 6 Outlier per Diem $9,081.00 Add-on payment, and lesser of 100% of billed charges. GMLOS + 6 Outlier per Diem $9,081.00 Add-on payment, and lesser of 100% of billed charges.",188549.69,,,,,,,Case Rate,"Medicare Base Rate times Standard Inpatient Weight. GMLOS + 6 Outlier per Diem $9,081.00 Add-on payment, and lesser of 100% of billed charges. GMLOS + 6 Outlier per Diem $9,081.00 Add-on payment, and lesser of 100% of billed charges.",191410.72,,,,,,,Case Rate,"Medicare Base Rate times Standard Inpatient Weight. GMLOS + 6 Outlier per Diem $9,081.00 Add-on payment, and lesser of 100% of billed charges. GMLOS + 6 Outlier per Diem $9,081.00 Add-on payment, and lesser of 100% of billed charges.",46120.19,,,,,,,Case Rate,"Medicare Base Rate times Standard Inpatient Weight. 100 percent of Medicare DRG. Add-on payment,  . 100 percent of Medicare DRG. Add-on payment,  .",46120.19,,,,,,,Case Rate,"Medicare Base Rate times Standard Inpatient Weight. 100 percent of Medicare DRG. Add-on payment,  . 100 percent of Medicare DRG. Add-on payment,  .",211085.51,,,,,,,Case Rate,"Medicare Base Rate times Standard Inpatient Weight. GMLOS + 6 Outlier per Diem $9,081.00 Add-on payment, and lesser of 100% of billed charges. GMLOS + 6 Outlier per Diem $9,081.00 Add-on payment, and lesser of 100% of billed charges.",,73,,,,,0,Percent of total billed charges,73 percent of charges.  ; No services were performed during the 15 month look back period.,,73,,,,,0,Percent of total billed charges,73 percent of charges.  ; No services were performed during the 15 month look back period.,,73,,,,,0,Percent of total billed charges,73 percent of charges.  ; No services were performed during the 15 month look back period.,,73,,,,,0,Percent of total billed charges,73 percent of charges.  ; No services were performed during the 15 month look back period.,,73,,,,,0,Percent of total billed charges,73 percent of charges.  ; No services were performed during the 15 month look back period.,,73,,,,,0,Percent of total billed charges,73 percent of charges.  ; No services were performed during the 15 month look back period.,,73,,,,,0,Percent of total billed charges,73 percent of charges.  ; No services were performed during the 15 month look back period.,,73,,,,,0,Percent of total billed charges,73 percent of charges.  ; No services were performed during the 15 month look back period.,,73,,,,,0,Percent of total billed charges,73 percent of charges.  ; No services were performed during the 15 month look back period.,,73,,,,,0,Percent of total billed charges,73 percent of charges.  ; No services were performed during the 15 month look back period.,,73,,,,,0,Percent of total billed charges,73 percent of charges.  ; No services were performed during the 15 month look back period.,,73,,,,,0,Percent of total billed charges,73 percent of charges.  ; No services were performed during the 15 month look back period.,,73,,,,,0,Percent of total billed charges,73 percent of charges.  ; No services were performed during the 15 month look back period.,,73,,,,,0,Percent of total billed charges,73 percent of charges.  ; No services were performed during the 15 month look back period.,,73,,,,,0,Percent of total billed charges,73 percent of charges.  ; No services were performed during the 15 month look back period.,,73,,,,,0,Percent of total billed charges,73 percent of charges.  ; No services were performed during the 15 month look back period.,,73,,,,,0,Percent of total billed charges,73 percent of charges.  ; No services were performed during the 15 month look back period.,,73,,,,,0,Percent of total billed charges,73 percent of charges.  ; No services were performed during the 15 month look back period.,,73,,,,,0,Percent of total billed charges,73 percent of charges.  ; No services were performed during the 15 month look back period.,,73,,,,,0,Percent of total billed charges,73 percent of charges.  ; No services were performed during the 15 month look back period.,,73,,,,,0,Percent of total billed charges,73 percent of charges.  ; No services were performed during the 15 month look back period.,,73,,,,,0,Percent of total billed charges,73 percent of charges.  ; No services were performed during the 15 month look back period.,,73,,,,,0,Percent of total billed charges,73 percent of charges.  ; No services were performed during the 15 month look back period.,,73,,,,,0,Percent of total billed charges,73 percent of charges.  ; No services were performed during the 15 month look back period.,,73,,,,,0,Percent of total billed charges,73 percent of charges.  ; No services were performed during the 15 month look back period.,,73,,,,,0,Percent of total billed charges,73 percent of charges.  ; No services were performed during the 15 month look back period.,137658.62,,,,,,,Case Rate,"Medicare Base Rate times Standard Inpatient Weight. Add-on payment, and lesser of 100% of billed charges. Add-on payment, and lesser of 100% of billed charges.",137658.62,,,,,,,Case Rate,"Medicare Base Rate times Standard Inpatient Weight. Add-on payment, and lesser of 100% of billed charges. Add-on payment, and lesser of 100% of billed charges.",137658.62,,,,,,,Case Rate,"Medicare Base Rate times Standard Inpatient Weight. Add-on payment, and lesser of 100% of billed charges. Add-on payment, and lesser of 100% of billed charges.",137658.62,,,,,,,Case Rate,"Medicare Base Rate times Standard Inpatient Weight. Add-on payment, and lesser of 100% of billed charges. Add-on payment, and lesser of 100% of billed charges.",136731.22,,,,,,,Case Rate,"Medicare Base Rate times Standard Inpatient Weight. Add-on payment, and lesser of 100% of billed charges. Add-on payment, and lesser of 100% of billed charges.",136731.22,,,,,,,Case Rate,"Medicare Base Rate times Standard Inpatient Weight. Add-on payment, and lesser of 100% of billed charges. Add-on payment, and lesser of 100% of billed charges.",134510.1,,,,,,,Case Rate,"Medicare Base Rate times Standard Inpatient Weight. Outlier (25+) per Diem $7,671.00. Add-on payment, and lesser of 100% of billed charges. Outlier (25+) per Diem $7,671.00. Add-on payment, and lesser of 100% of billed charges.",191410.72,,,,,,,Case Rate,"Medicare Base Rate times Standard Inpatient Weight. GMLOS + 6 Outlier per Diem $9,081.00 Add-on payment, and lesser of 100% of billed charges. GMLOS + 6 Outlier per Diem $9,081.00 Add-on payment, and lesser of 100% of billed charges.",177133.4,,,,,,,Case Rate,"Medicare Base Rate times Standard Inpatient Weight. AMLOS + 5 Outlier per Diem $7,362.00. Add-on payment, and lesser of 100% of billed charges. AMLOS + 5 Outlier per Diem $7,362.00. Add-on payment, and lesser of 100% of billed charges.",188549.69,,,,,,,Case Rate,"Medicare Base Rate times Standard Inpatient Weight. GMLOS + 6 Outlier per Diem $9,081.00 Add-on payment, and lesser of 100% of billed charges. GMLOS + 6 Outlier per Diem $9,081.00 Add-on payment, and lesser of 100% of billed charges.",,73,,,,,0,Percent of total billed charges,73 percent of charges.  ; No services were performed during the 15 month look back period.,136731.22,,,,,,,Case Rate,"Medicare Base Rate times Standard Inpatient Weight. Add-on payment, and lesser of 100% of billed charges. Add-on payment, and lesser of 100% of billed charges.",191410.72,,,,,,,Case Rate,"Medicare Base Rate times Standard Inpatient Weight. GMLOS + 6 Outlier per Diem $9,081.00 Add-on payment, and lesser of 100% of billed charges. GMLOS + 6 Outlier per Diem $9,081.00 Add-on payment, and lesser of 100% of billed charges.",177133.4,,,,,,,Case Rate,"Medicare Base Rate times Standard Inpatient Weight. AMLOS + 5 Outlier per Diem $7,362.00. Add-on payment, and lesser of 100% of billed charges. AMLOS + 5 Outlier per Diem $7,362.00. Add-on payment, and lesser of 100% of billed charges.",134510.1,,,,,,,Case Rate,"Medicare Base Rate times Standard Inpatient Weight. Outlier (25+) per Diem $7,671.00. Add-on payment, and lesser of 100% of billed charges. Outlier (25+) per Diem $7,671.00. Add-on payment, and lesser of 100% of billed charges.",358628,,,,,,,Case Rate,".  ",,73,,,,,0,Percent of total billed charges,73 percent of charges.  ; No services were performed during the 15 month look back period.,,,,,,,,," ",137658.62,,,,,,,Case Rate,"Medicare Base Rate times Standard Inpatient Weight. Add-on payment, and lesser of 100% of billed charges. Add-on payment, and lesser of 100% of billed charges.",,,,,,,,," ",46120.19,,,,,,,Case Rate,"Medicare Base Rate times Standard Inpatient Weight. 100 percent of Medicare DRG. Add-on payment, . 100 percent of Medicare DRG. Add-on payment, .",46120.19,,,,,,,Case Rate,"Medicare Base Rate times Standard Inpatient Weight. 100 percent of Medicare DRG. Add-on payment,  . 100 percent of Medicare DRG. Add-on payment,  .",201686.32,,,,,,,Case Rate,"Medicare Base Rate times Standard Inpatient Weight. GMLOS + 6 Outlier per Diem $11,932.00. Add-on payment, and lesser of 100% of billed charges. GMLOS + 6 Outlier per Diem $11,932.00. Add-on payment, and lesser of 100% of billed charges.",46120.19,,,,,,,Case Rate,"Medicare Base Rate times Standard Inpatient Weight. 100 percent of Medicare DRG. Add-on payment,  . 100 percent of Medicare DRG. Add-on payment,  .",46120.19,,,,,,,Case Rate,"Medicare Base Rate times Standard Inpatient Weight. 100 percent of Medicare DRG. Add-on payment,  . 100 percent of Medicare DRG. Add-on payment,  .",,,,,,,,," ",46120.19,,,,,,,Case Rate,"Medicare Base Rate times Standard Inpatient Weight. 100 percent of Medicare DRG. Add-on payment,  . 100 percent of Medicare DRG. Add-on payment,  .",46120.19,,,,,,,Case Rate,"Medicare Base Rate times Standard Inpatient Weight. 100 percent of Medicare DRG. Add-on payment,  . 100 percent of Medicare DRG. Add-on payment,  .",120951.51,,,,,,,Case Rate,"Medicare Base Rate times Standard Inpatient Weight. GMLOS + 8 Outlier per Diem $6,968.00. Add-on payment, and lesser of 100% of billed charges. GMLOS + 8 Outlier per Diem $6,968.00. Add-on payment, and lesser of 100% of billed charges.",120951.51,,,,,,,Case Rate,"Medicare Base Rate times Standard Inpatient Weight. GMLOS + 8 Outlier per Diem $6,968.00. Add-on payment, and lesser of 100% of billed charges. GMLOS + 8 Outlier per Diem $6,968.00. Add-on payment, and lesser of 100% of billed charges.",46120.19,,,,,,,Case Rate,"Medicare Base Rate times Standard Inpatient Weight. 100 percent of Medicare DRG. Add-on payment,  . 100 percent of Medicare DRG. Add-on payment,  .",134510.1,,,,,,,Case Rate,"Medicare Base Rate times Standard Inpatient Weight. Outlier (25+) per Diem $7,671.00. Add-on payment, and lesser of 100% of billed charges. Outlier (25+) per Diem $7,671.00. Add-on payment, and lesser of 100% of billed charges.",177133.4,,,,,,,Case Rate,"Medicare Base Rate times Standard Inpatient Weight. AMLOS + 5 Outlier per Diem $7,362.00. Add-on payment, and lesser of 100% of billed charges. AMLOS + 5 Outlier per Diem $7,362.00. Add-on payment, and lesser of 100% of billed charges.",177133.4,,,,,,,Case Rate,"Medicare Base Rate times Standard Inpatient Weight. AMLOS + 5 Outlier per Diem $7,362.00. Add-on payment, and lesser of 100% of billed charges. AMLOS + 5 Outlier per Diem $7,362.00. Add-on payment, and lesser of 100% of billed charges.",46120.19,,,,,,,Case Rate,"Medicare Base Rate times Standard Inpatient Weight. 100 percent of Medicare DRG. Add-on payment,  . 100 percent of Medicare DRG. Add-on payment,  .",134510.1,,,,,,,Case Rate,"Medicare Base Rate times Standard Inpatient Weight. Outlier (25+) per Diem $7,671.00. Add-on payment, and lesser of 100% of billed charges. Outlier (25+) per Diem $7,671.00. Add-on payment, and lesser of 100% of billed charges.",120951.51,,,,,,,Case Rate,"Medicare Base Rate times Standard Inpatient Weight. GMLOS + 8 Outlier per Diem $6,968.00. Add-on payment, and lesser of 100% of billed charges. GMLOS + 8 Outlier per Diem $6,968.00. Add-on payment, and lesser of 100% of billed charges.",120951.51,,,,,,,Case Rate,"Medicare Base Rate times Standard Inpatient Weight. GMLOS + 8 Outlier per Diem $6,968.00. Add-on payment, and lesser of 100% of billed charges. GMLOS + 8 Outlier per Diem $6,968.00. Add-on payment, and lesser of 100% of billed charges.",120951.51,,,,,,,Case Rate,"Medicare Base Rate times Standard Inpatient Weight. GMLOS + 8 Outlier per Diem $6,968.00. Add-on payment, and lesser of 100% of billed charges. GMLOS + 8 Outlier per Diem $6,968.00. Add-on payment, and lesser of 100% of billed charges.",,73,,,,,0,Percent of total billed charges,73 percent of charges.  ; No services were performed during the 15 month look back period.,,73,,,,,0,Percent of total billed charges,73 percent of charges.  ; No services were performed during the 15 month look back period.,,73,,,,,0,Percent of total billed charges,73 percent of charges.  ; No services were performed during the 15 month look back period.,,73,,,,,0,Percent of total billed charges,73 percent of charges.  ; No services were performed during the 15 month look back period.,,73,,,,,0,Percent of total billed charges,73 percent of charges.  ; No services were performed during the 15 month look back period.,,73,,,,,0,Percent of total billed charges,73 percent of charges.  ; No services were performed during the 15 month look back period.,,73,,,,,0,Percent of total billed charges,73 percent of charges.  ; No services were performed during the 15 month look back period.,,73,,,,,0,Percent of total billed charges,73 percent of charges.  ; No services were performed during the 15 month look back period.,,73,,,,,0,Percent of total billed charges,73 percent of charges.  ; No services were performed during the 15 month look back period.,,73,,,,,0,Percent of total billed charges,73 percent of charges.  ; No services were performed during the 15 month look back period.,,73,,,,,0,Percent of total billed charges,73 percent of charges.  ; No services were performed during the 15 month look back period.,136731.22,,,,,,,Case Rate,"Medicare Base Rate times Standard Inpatient Weight. Add-on payment, and lesser of 100% of billed charges. Add-on payment, and lesser of 100% of billed charges.",191410.72,,,,,,,Case Rate,"Medicare Base Rate times Standard Inpatient Weight. GMLOS + 6 Outlier per Diem $9,081.00 Add-on payment, and lesser of 100% of billed charges. GMLOS + 6 Outlier per Diem $9,081.00 Add-on payment, and lesser of 100% of billed charges.",134510.1,,,,,,,Case Rate,"Medicare Base Rate times Standard Inpatient Weight. Outlier (25+) per Diem $7,671.00. Add-on payment, and lesser of 100% of billed charges. Outlier (25+) per Diem $7,671.00. Add-on payment, and lesser of 100% of billed charges.",46120.19,,,,,,,Case Rate,"Medicare Base Rate times Standard Inpatient Weight. 100 percent of Medicare DRG. Add-on payment,  . 100 percent of Medicare DRG. Add-on payment,  .",120951.51,,,,,,,Case Rate,"Medicare Base Rate times Standard Inpatient Weight. GMLOS + 8 Outlier per Diem $6,968.00. Add-on payment, and lesser of 100% of billed charges. GMLOS + 8 Outlier per Diem $6,968.00. Add-on payment, and lesser of 100% of billed charges.",134510.1,,,,,,,Case Rate,"Medicare Base Rate times Standard Inpatient Weight. Outlier (25+) per Diem $7,671.00. Add-on payment, and lesser of 100% of billed charges. Outlier (25+) per Diem $7,671.00. Add-on payment, and lesser of 100% of billed charges.",134510.1,,,,,,,Case Rate,"Medicare Base Rate times Standard Inpatient Weight. Outlier (25+) per Diem $7,671.00. Add-on payment, and lesser of 100% of billed charges. Outlier (25+) per Diem $7,671.00. Add-on payment, and lesser of 100% of billed charges.",,73,,,,,0,Percent of total billed charges,73 percent of charges.  ; No services were performed during the 15 month look back period.,,,,,,,,," ",134510.1,,,,,,,Case Rate,"Medicare Base Rate times Standard Inpatient Weight. Outlier (25+) per Diem $7,671.00. Add-on payment, and lesser of 100% of billed charges. Outlier (25+) per Diem $7,671.00. Add-on payment, and lesser of 100% of billed charges.",,,,,,,,," ",46120.19,,,,,,,Case Rate,"Medicare Base Rate times Standard Inpatient Weight. 100 percent of Medicare DRG. Add-on payment,  . 100 percent of Medicare DRG. Add-on payment,  .",46120.19,,,,,,,Case Rate,"Medicare Base Rate times Standard Inpatient Weight. 100 percent of Medicare DRG. Add-on payment,  . 100 percent of Medicare DRG. Add-on payment,  .",46120.19,,,,,,,Case Rate,"Medicare Base Rate times Standard Inpatient Weight. 100 percent of Medicare DRG. Add-on payment,  . 100 percent of Medicare DRG. Add-on payment,  .",46120.19,,,,,,,Case Rate,"Medicare Base Rate times Standard Inpatient Weight. 100 percent of Medicare DRG. Add-on payment,  . 100 percent of Medicare DRG. Add-on payment,  .",46120.19,,,,,,,Case Rate,"Medicare Base Rate times Standard Inpatient Weight. 100 percent of Medicare DRG. Add-on payment,  . 100 percent of Medicare DRG. Add-on payment,  .",46120.19,,,,,,,Case Rate,"Medicare Base Rate times Standard Inpatient Weight. 100 percent of Medicare DRG. Add-on payment,  . 100 percent of Medicare DRG. Add-on payment,  .",134510.1,,,,,,,Case Rate,"Medicare Base Rate times Standard Inpatient Weight. Outlier (25+) per Diem $7,671.00. Add-on payment, and lesser of 100% of billed charges. Outlier (25+) per Diem $7,671.00. Add-on payment, and lesser of 100% of billed charges.",201686.32,,,,,,,Case Rate,"Medicare Base Rate times Standard Inpatient Weight. GMLOS + 6 Outlier per Diem $11,932.00. Add-on payment, and lesser of 100% of billed charges. GMLOS + 6 Outlier per Diem $11,932.00. Add-on payment, and lesser of 100% of billed charges.",,,,,,,,," ",,,,,,,,," ",,,,,,,,," ",,,,,,,,," ",,,,,,,,," ",325770,,,,,,,Case Rate,".  ",201686.32,,,,,,,Case Rate,"Medicare Base Rate times Standard Inpatient Weight. GMLOS + 6 Outlier per Diem $11,932.00. Add-on payment, and lesser of 100% of billed charges. GMLOS + 6 Outlier per Diem $11,932.00. Add-on payment, and lesser of 100% of billed charges.",121136.13,,,,,,,Case Rate,. 200 percent of Medicare 200 percent of Medicare,121136.13,,,,,,,Case Rate,. 200 percent of Medicare 200 percent of Medicare,121136.13,,,,,,,Case Rate,. 200 percent of Medicare 200 percent of Medicare,121136.13,,,,,,,Case Rate,. 200 percent of Medicare 200 percent of Medicare,121136.13,,,,,,,Case Rate,. 200 percent of Medicare 200 percent of Medicare,46120.19,,,,,,,Case Rate,"Medicare Base Rate times Standard Inpatient Weight. 100 percent of Medicare DRG. Add-on payment,  . 100 percent of Medicare DRG. Add-on payment,  .",136731.22,,,,,,,Case Rate,"Medicare Base Rate times Standard Inpatient Weight. Add-on payment, and lesser of 100% of billed charges. Add-on payment, and lesser of 100% of billed charges.",136731.22,,,,,,,Case Rate,"Medicare Base Rate times Standard Inpatient Weight. Add-on payment, and lesser of 100% of billed charges. Add-on payment, and lesser of 100% of billed charges.",136731.22,,,,,,,Case Rate,"Medicare Base Rate times Standard Inpatient Weight. Add-on payment, and lesser of 100% of billed charges. Add-on payment, and lesser of 100% of billed charges.",136731.22,,,,,,,Case Rate,"Medicare Base Rate times Standard Inpatient Weight. Add-on payment, and lesser of 100% of billed charges. Add-on payment, and lesser of 100% of billed charges.",120951.51,,,,,,,Case Rate,"Medicare Base Rate times Standard Inpatient Weight. GMLOS + 8 Outlier per Diem $6,968.00. Add-on payment, and lesser of 100% of billed charges. GMLOS + 8 Outlier per Diem $6,968.00. Add-on payment, and lesser of 100% of billed charges.",120951.51,,,,,,,Case Rate,"Medicare Base Rate times Standard Inpatient Weight. GMLOS + 8 Outlier per Diem $6,968.00. Add-on payment, and lesser of 100% of billed charges. GMLOS + 8 Outlier per Diem $6,968.00. Add-on payment, and lesser of 100% of billed charges.",120951.51,,,,,,,Case Rate,"Medicare Base Rate times Standard Inpatient Weight. GMLOS + 8 Outlier per Diem $6,968.00. Add-on payment, and lesser of 100% of billed charges. GMLOS + 8 Outlier per Diem $6,968.00. Add-on payment, and lesser of 100% of billed charges.",120951.51,,,,,,,Case Rate,"Medicare Base Rate times Standard Inpatient Weight. GMLOS + 8 Outlier per Diem $6,968.00. Add-on payment, and lesser of 100% of billed charges. GMLOS + 8 Outlier per Diem $6,968.00. Add-on payment, and lesser of 100% of billed charges.",201686.32,,,,,,,Case Rate,"Medicare Base Rate times Standard Inpatient Weight. GMLOS + 6 Outlier per Diem $11,932.00. Add-on payment, and lesser of 100% of billed charges. GMLOS + 6 Outlier per Diem $11,932.00. Add-on payment, and lesser of 100% of billed charges.",201686.32,,,,,,,Case Rate,"Medicare Base Rate times Standard Inpatient Weight. GMLOS + 6 Outlier per Diem $11,932.00. Add-on payment, and lesser of 100% of billed charges. GMLOS + 6 Outlier per Diem $11,932.00. Add-on payment, and lesser of 100% of billed charges.",46120.19,,,,,,,Case Rate,"Medicare Base Rate times Standard Inpatient Weight. 100 percent of Medicare DRG. Add-on payment,  . 100 percent of Medicare DRG. Add-on payment,  .",46120.19,,,,,,,Case Rate,"Medicare Base Rate times Standard Inpatient Weight. 100 percent of Medicare DRG. Add-on payment,  . 100 percent of Medicare DRG. Add-on payment,  .",46120.19,,,,,,,Case Rate,"Medicare Base Rate times Standard Inpatient Weight. 100 percent of Medicare DRG. Add-on payment,  . 100 percent of Medicare DRG. Add-on payment,  .",191410.72,,,,,,,Case Rate,"Medicare Base Rate times Standard Inpatient Weight. GMLOS + 6 Outlier per Diem $9,081.00 Add-on payment, and lesser of 100% of billed charges. GMLOS + 6 Outlier per Diem $9,081.00 Add-on payment, and lesser of 100% of billed charges.",191410.72,,,,,,,Case Rate,"Medicare Base Rate times Standard Inpatient Weight. GMLOS + 6 Outlier per Diem $9,081.00 Add-on payment, and lesser of 100% of billed charges. GMLOS + 6 Outlier per Diem $9,081.00 Add-on payment, and lesser of 100% of billed charges.",191410.72,,,,,,,Case Rate,"Medicare Base Rate times Standard Inpatient Weight. GMLOS + 6 Outlier per Diem $9,081.00 Add-on payment, and lesser of 100% of billed charges. GMLOS + 6 Outlier per Diem $9,081.00 Add-on payment, and lesser of 100% of billed charges.",201686.32,,,,,,,Case Rate,"Medicare Base Rate times Standard Inpatient Weight. GMLOS + 6 Outlier per Diem $11,932.00. Add-on payment, and lesser of 100% of billed charges. GMLOS + 6 Outlier per Diem $11,932.00. Add-on payment, and lesser of 100% of billed charges.",120951.51,,,,,,,Case Rate,"Medicare Base Rate times Standard Inpatient Weight. GMLOS + 8 Outlier per Diem $6,968.00. Add-on payment, and lesser of 100% of billed charges. GMLOS + 8 Outlier per Diem $6,968.00. Add-on payment, and lesser of 100% of billed charges.",46120.19,,,,,,,Case Rate,"Medicare Base Rate times Standard Inpatient Weight. 100 percent of Medicare DRG. Add-on payment,  . 100 percent of Medicare DRG. Add-on payment,  .",188549.69,,,,,,,Case Rate,"Medicare Base Rate times Standard Inpatient Weight. GMLOS + 6 Outlier per Diem $9,081.00 Add-on payment, and lesser of 100% of billed charges. GMLOS + 6 Outlier per Diem $9,081.00 Add-on payment, and lesser of 100% of billed charges.",,,,,,,,," ",47042.6,,,,,,,Case Rate,"Medicare Base Rate times Standard Inpatient Weight. 100 percent of Medicare DRG. Add-on payment, and lesser of 100% of billed charges. 100 percent of Medicare DRG. Add-on payment, and lesser of 100% of billed charges.",47042.6,,,,,,,Case Rate,"Medicare Base Rate times Standard Inpatient Weight. 100 percent of Medicare DRG. Add-on payment, and lesser of 100% of billed charges. 100 percent of Medicare DRG. Add-on payment, and lesser of 100% of billed charges.",47042.6,,,,,,,Case Rate,"Medicare Base Rate times Standard Inpatient Weight. 100 percent of Medicare DRG. Add-on payment, and lesser of 100% of billed charges. 100 percent of Medicare DRG. Add-on payment, and lesser of 100% of billed charges.",,,,,,,,," ",,,,,,,,," ",,,,,,,,," ",,,,,,,,," ",,,,,,,,," ",,,,,,,,," ",47042.6,,,,,,,Case Rate,"Medicare Base Rate times Standard Inpatient Weight. 100 percent of Medicare DRG. Add-on payment, and lesser of 100% of billed charges. 100 percent of Medicare DRG. Add-on payment, and lesser of 100% of billed charges.",,,,,,,,," ",,,,,,,,," ",,,,,,,,," ",,,,,,,,," ",,,,,,,,," ",,,,,,,,," ",,,,,,,,," ",46120.19,,,,,,,Case Rate,"Medicare Base Rate times Standard Inpatient Weight. 100 percent of Medicare DRG. Add-on payment,  . 100 percent of Medicare DRG. Add-on payment,  .",46120.19,,,,,,,Case Rate,"Medicare Base Rate times Standard Inpatient Weight. 100 percent of Medicare DRG. Add-on payment,  . 100 percent of Medicare DRG. Add-on payment,  .",120951.51,,,,,,,Case Rate,"Medicare Base Rate times Standard Inpatient Weight. GMLOS + 8 Outlier per Diem $6,968.00. Add-on payment, and lesser of 100% of billed charges. GMLOS + 8 Outlier per Diem $6,968.00. Add-on payment, and lesser of 100% of billed charges.",46120.19,,,,,,,Case Rate,"Medicare Base Rate times Standard Inpatient Weight. 100 percent of Medicare DRG. Add-on payment,  . 100 percent of Medicare DRG. Add-on payment,  .",,,,,,,,," ",,,,,,,,," ",,,,,,,,," ",,,,,,,,," ",,,,,,,,," ",,,,,,,,," ",,,,,,,,," ",,,,,,,,," ",,,,,,,,," ",,,,,,,,," ",,,,,,,,," ",201686.32,,,,,,,Case Rate,"Medicare Base Rate times Standard Inpatient Weight. GMLOS + 6 Outlier per Diem $11,932.00. Add-on payment, and lesser of 100% of billed charges. GMLOS + 6 Outlier per Diem $11,932.00. Add-on payment, and lesser of 100% of billed charges.",,,,,,,,," ",,,,,,,,," ",,,,,,,,," ",,,,,,,,," ",191410.72,,,,,,,Case Rate,"Medicare Base Rate times Standard Inpatient Weight. GMLOS + 6 Outlier per Diem $9,081.00 Add-on payment, and lesser of 100% of billed charges. GMLOS + 6 Outlier per Diem $9,081.00 Add-on payment, and lesser of 100% of billed charges.",188549.69,,,,,,,Case Rate,"Medicare Base Rate times Standard Inpatient Weight. GMLOS + 6 Outlier per Diem $9,081.00 Add-on payment, and lesser of 100% of billed charges. GMLOS + 6 Outlier per Diem $9,081.00 Add-on payment, and lesser of 100% of billed charges.",46120.19,,,,,,,Case Rate,"Medicare Base Rate times Standard Inpatient Weight. 100 percent of Medicare DRG. Add-on payment,  . 100 percent of Medicare DRG. Add-on payment,  .",188549.69,,,,,,,Case Rate,"Medicare Base Rate times Standard Inpatient Weight. GMLOS + 6 Outlier per Diem $9,081.00 Add-on payment, and lesser of 100% of billed charges. GMLOS + 6 Outlier per Diem $9,081.00 Add-on payment, and lesser of 100% of billed charges.",191410.72,,,,,,,Case Rate,"Medicare Base Rate times Standard Inpatient Weight. GMLOS + 6 Outlier per Diem $9,081.00 Add-on payment, and lesser of 100% of billed charges. GMLOS + 6 Outlier per Diem $9,081.00 Add-on payment, and lesser of 100% of billed charges.",191410.72,,,,,,,Case Rate,"Medicare Base Rate times Standard Inpatient Weight. GMLOS + 6 Outlier per Diem $9,081.00 Add-on payment, and lesser of 100% of billed charges. GMLOS + 6 Outlier per Diem $9,081.00 Add-on payment, and lesser of 100% of billed charges.",188549.69,,,,,,,Case Rate,"Medicare Base Rate times Standard Inpatient Weight. GMLOS + 6 Outlier per Diem $9,081.00 Add-on payment, and lesser of 100% of billed charges. GMLOS + 6 Outlier per Diem $9,081.00 Add-on payment, and lesser of 100% of billed charges.",46120.19,,,,,,,Case Rate,"Medicare Base Rate times Standard Inpatient Weight. 100 percent of Medicare DRG. Add-on payment,  . 100 percent of Medicare DRG. Add-on payment,  .",188549.69,,,,,,,Case Rate,"Medicare Base Rate times Standard Inpatient Weight. GMLOS + 6 Outlier per Diem $9,081.00 Add-on payment, and lesser of 100% of billed charges. GMLOS + 6 Outlier per Diem $9,081.00 Add-on payment, and lesser of 100% of billed charges.",191410.72,,,,,,,Case Rate,"Medicare Base Rate times Standard Inpatient Weight. GMLOS + 6 Outlier per Diem $9,081.00 Add-on payment, and lesser of 100% of billed charges. GMLOS + 6 Outlier per Diem $9,081.00 Add-on payment, and lesser of 100% of billed charges.",120951.51,,,,,,,Case Rate,"Medicare Base Rate times Standard Inpatient Weight. GMLOS + 8 Outlier per Diem $6,968.00. Add-on payment, and lesser of 100% of billed charges. GMLOS + 8 Outlier per Diem $6,968.00. Add-on payment, and lesser of 100% of billed charges.",,,,,,,,," ",,,,,,,,," ",,,,,,,,," ",,,,,,,,," ",,,,,,,,," ",,,,,,,,," ",,,,,,,,," ",,,,,,,,," ",,,,,,,,," ",,,,,,,,," ",,,,,,,,," ",358628,,,,,,,Case Rate,".  ",358628,,,,,,,Case Rate,".  ",325770,,,,,,,Case Rate,".  ",134510.1,,,,,,,Case Rate,"Medicare Base Rate times Standard Inpatient Weight. Outlier (25+) per Diem $7,671.00. Add-on payment, and lesser of 100% of billed charges. Outlier (25+) per Diem $7,671.00. Add-on payment, and lesser of 100% of billed charges.",350156,,,,,,,Case Rate,". Add-on payment, and lesser of 100% of billed charges. Add-on payment, and lesser of 100% of billed charges.",46120.19,,,,,,,Case Rate,"Medicare Base Rate times Standard Inpatient Weight. 100 percent of Medicare DRG. Add-on payment,  . 100 percent of Medicare DRG. Add-on payment,  .",148815.24,,,,,,,Case Rate,Medicare Base Rate times Standard Inpatient Weight. Local 1199 High/Low day Outlier Local 1199 High/Low day Outlier,46120.19,,,,,,,Case Rate,"Medicare Base Rate times Standard Inpatient Weight. 100 percent of Medicare DRG. Add-on payment,  . 100 percent of Medicare DRG. Add-on payment,  .",46120.19,,,,,,,Case Rate,"Medicare Base Rate times Standard Inpatient Weight. 100 percent of Medicare DRG. Add-on payment,  . 100 percent of Medicare DRG. Add-on payment,  .",,,,,,,,," ",,,,,,,,," ",,,,,,,,," ",,,,,,,,," ",,,,,,,,," ",117014.7,,,,,,,Case Rate,"Medicare Base Rate times Standard Inpatient Weight. GMLOS + 8 Outlier per Diem $4,623.00. Add-on payment, and lesser of 100% of billed charges. GMLOS + 8 Outlier per Diem $4,623.00. Add-on payment, and lesser of 100% of billed charges.",120951.51,,,,,,,Case Rate,"Medicare Base Rate times Standard Inpatient Weight. GMLOS + 8 Outlier per Diem $6,968.00. Add-on payment, and lesser of 100% of billed charges. GMLOS + 8 Outlier per Diem $6,968.00. Add-on payment, and lesser of 100% of billed charges.",137658.62,,,,,,,Case Rate,"Medicare Base Rate times Standard Inpatient Weight. Add-on payment, and lesser of 100% of billed charges. Add-on payment, and lesser of 100% of billed charges.",134510.1,,,,,,,Case Rate,"Medicare Base Rate times Standard Inpatient Weight. Outlier (25+) per Diem $7,671.00. Add-on payment, and lesser of 100% of billed charges. Outlier (25+) per Diem $7,671.00. Add-on payment, and lesser of 100% of billed charges.",46120.19,,,,,,,Case Rate,"Medicare Base Rate times Standard Inpatient Weight. 100 percent of Medicare DRG. Add-on payment, . 100 percent of Medicare DRG. Add-on payment, .",46120.19,,,,,,,Case Rate,"Medicare Base Rate times Standard Inpatient Weight. 100 percent of Medicare DRG. Add-on payment,  . 100 percent of Medicare DRG. Add-on payment,  .",46120.19,,,,,,,Case Rate,"Medicare Base Rate times Standard Inpatient Weight. 100 percent of Medicare DRG. Add-on payment,  . 100 percent of Medicare DRG. Add-on payment,  .",46120.19,,,,,,,Case Rate,"Medicare Base Rate times Standard Inpatient Weight. 100 percent of Medicare DRG. Add-on payment,  . 100 percent of Medicare DRG. Add-on payment,  .",46120.19,,,,,,,Case Rate,"Medicare Base Rate times Standard Inpatient Weight. 100 percent of Medicare DRG. Add-on payment, . 100 percent of Medicare DRG. Add-on payment, .",46120.19,,,,,,,Case Rate,"Medicare Base Rate times Standard Inpatient Weight. 100 percent of Medicare DRG. Add-on payment,  . 100 percent of Medicare DRG. Add-on payment,  .",358628,,,,,,,Case Rate,".  ",,,,,,,,," ",,,,,,,,," ",191410.72,,,,,,,Case Rate,"Medicare Base Rate times Standard Inpatient Weight. GMLOS + 6 Outlier per Diem $9,081.00 Add-on payment, and lesser of 100% of billed charges. GMLOS + 6 Outlier per Diem $9,081.00 Add-on payment, and lesser of 100% of billed charges.",117014.7,,,,,,,Case Rate,"Medicare Base Rate times Standard Inpatient Weight. GMLOS + 8 Outlier per Diem $4,623.00. Add-on payment, and lesser of 100% of billed charges. GMLOS + 8 Outlier per Diem $4,623.00. Add-on payment, and lesser of 100% of billed charges.",117014.7,,,,,,,Case Rate,"Medicare Base Rate times Standard Inpatient Weight. GMLOS + 8 Outlier per Diem $4,623.00. Add-on payment, and lesser of 100% of billed charges. GMLOS + 8 Outlier per Diem $4,623.00. Add-on payment, and lesser of 100% of billed charges.",117014.7,,,,,,,Case Rate,"Medicare Base Rate times Standard Inpatient Weight. GMLOS + 8 Outlier per Diem $4,623.00. Add-on payment, and lesser of 100% of billed charges. GMLOS + 8 Outlier per Diem $4,623.00. Add-on payment, and lesser of 100% of billed charges.",117014.7,,,,,,,Case Rate,"Medicare Base Rate times Standard Inpatient Weight. GMLOS + 8 Outlier per Diem $4,623.00. Add-on payment, and lesser of 100% of billed charges. GMLOS + 8 Outlier per Diem $4,623.00. Add-on payment, and lesser of 100% of billed charges.",46120.19,,,,,,,Case Rate,"Medicare Base Rate times Standard Inpatient Weight. 100 percent of Medicare DRG. Add-on payment,  . 100 percent of Medicare DRG. Add-on payment,  .",,,,,,,,," ",191410.72,,,,,,,Case Rate,"Medicare Base Rate times Standard Inpatient Weight. GMLOS + 6 Outlier per Diem $9,081.00 Add-on payment, and lesser of 100% of billed charges. GMLOS + 6 Outlier per Diem $9,081.00 Add-on payment, and lesser of 100% of billed charges.",,,,,,,,," ",46120.19,,,,,,,Case Rate,"Medicare Base Rate times Standard Inpatient Weight. 100 percent of Medicare DRG. Add-on payment,  . 100 percent of Medicare DRG. Add-on payment,  .",,,,,,,,," ",46120.19,,,,,,,Case Rate,"Medicare Base Rate times Standard Inpatient Weight. 100 percent of Medicare DRG. Add-on payment,  . 100 percent of Medicare DRG. Add-on payment,  .",46120.19,,,,,,,Case Rate,"Medicare Base Rate times Standard Inpatient Weight. 100 percent of Medicare DRG. Add-on payment,  . 100 percent of Medicare DRG. Add-on payment,  .",,,,,,,,," ",,,,,,,,," ",117014.7,,,,,,,Case Rate,"Medicare Base Rate times Standard Inpatient Weight. GMLOS + 8 Outlier per Diem $4,623.00. Add-on payment, and lesser of 100% of billed charges. GMLOS + 8 Outlier per Diem $4,623.00. Add-on payment, and lesser of 100% of billed charges.",134510.1,,,,,,,Case Rate,"Medicare Base Rate times Standard Inpatient Weight. Outlier (25+) per Diem $7,671.00. Add-on payment, and lesser of 100% of billed charges. Outlier (25+) per Diem $7,671.00. Add-on payment, and lesser of 100% of billed charges.",,73,,,,,0,Percent of total billed charges,73 percent of charges.  ; No services were performed during the 15 month look back period.,177133.4,,,,,,,Case Rate,"Medicare Base Rate times Standard Inpatient Weight. AMLOS + 5 Outlier per Diem $7,362.00. Add-on payment, and lesser of 100% of billed charges. AMLOS + 5 Outlier per Diem $7,362.00. Add-on payment, and lesser of 100% of billed charges.",177133.4,,,,,,,Case Rate,"Medicare Base Rate times Standard Inpatient Weight. AMLOS + 5 Outlier per Diem $7,362.00. Add-on payment, and lesser of 100% of billed charges. AMLOS + 5 Outlier per Diem $7,362.00. Add-on payment, and lesser of 100% of billed charges.",120951.51,,,,,,,Case Rate,"Medicare Base Rate times Standard Inpatient Weight. GMLOS + 8 Outlier per Diem $6,968.00. Add-on payment, and lesser of 100% of billed charges. GMLOS + 8 Outlier per Diem $6,968.00. Add-on payment, and lesser of 100% of billed charges.",42891.78,,,,,,,Case Rate,"Medicare Base Rate times Standard Inpatient Weight. 93 percent of Medicare DRG. Add-on payment, and lesser of 100% of billed charges. 93 percent of Medicare DRG. Add-on payment, and lesser of 100% of billed charges.",136731.22,,,,,,,Case Rate,"Medicare Base Rate times Standard Inpatient Weight. Add-on payment, and lesser of 100% of billed charges. Add-on payment, and lesser of 100% of billed charges.",136731.22,,,,,,,Case Rate,"Medicare Base Rate times Standard Inpatient Weight. Add-on payment, and lesser of 100% of billed charges. Add-on payment, and lesser of 100% of billed charges.",150841.61,,,,,,,Case Rate,"Medicare Base Rate times Standard Inpatient Weight. GMLOS + 6 Outlier per Diem $7,265.00 Add-on payment, and lesser of 100% of billed charges. GMLOS + 6 Outlier per Diem $7,265.00 Add-on payment, and lesser of 100% of billed charges.",191410.72,,,,,,,Case Rate,"Medicare Base Rate times Standard Inpatient Weight. GMLOS + 6 Outlier per Diem $9,081.00 Add-on payment, and lesser of 100% of billed charges. GMLOS + 6 Outlier per Diem $9,081.00 Add-on payment, and lesser of 100% of billed charges.",46120.19,,,,,,,Case Rate,"Medicare Base Rate times Standard Inpatient Weight. 100 percent of Medicare DRG. Add-on payment,  . 100 percent of Medicare DRG. Add-on payment,  .",46120.19,,,,,,,Case Rate,"Medicare Base Rate times Standard Inpatient Weight. 100 percent of Medicare DRG. Add-on payment,  . 100 percent of Medicare DRG. Add-on payment,  .",46120.19,,,,,,,Case Rate,"Medicare Base Rate times Standard Inpatient Weight. 100 percent of Medicare DRG. Add-on payment,  . 100 percent of Medicare DRG. Add-on payment,  .",46120.19,,,,,,,Case Rate,"Medicare Base Rate times Standard Inpatient Weight. 100 percent of Medicare DRG. Add-on payment,  . 100 percent of Medicare DRG. Add-on payment,  .",177133.4,,,,,,,Case Rate,"Medicare Base Rate times Standard Inpatient Weight. AMLOS + 5 Outlier per Diem $7,362.00. Add-on payment, and lesser of 100% of billed charges. AMLOS + 5 Outlier per Diem $7,362.00. Add-on payment, and lesser of 100% of billed charges.",191410.72,,,,,,,Case Rate,"Medicare Base Rate times Standard Inpatient Weight. GMLOS + 6 Outlier per Diem $9,081.00 Add-on payment, and lesser of 100% of billed charges. GMLOS + 6 Outlier per Diem $9,081.00 Add-on payment, and lesser of 100% of billed charges.",191410.72,,,,,,,Case Rate,"Medicare Base Rate times Standard Inpatient Weight. GMLOS + 6 Outlier per Diem $9,081.00 Add-on payment, and lesser of 100% of billed charges. GMLOS + 6 Outlier per Diem $9,081.00 Add-on payment, and lesser of 100% of billed charges.",46120.19,,,,,,,Case Rate,"Medicare Base Rate times Standard Inpatient Weight. 100 percent of Medicare DRG. Add-on payment,  . 100 percent of Medicare DRG. Add-on payment,  .",150841.61,,,,,,,Case Rate,"Medicare Base Rate times Standard Inpatient Weight. GMLOS + 6 Outlier per Diem $7,265.00 Add-on payment, and lesser of 100% of billed charges. GMLOS + 6 Outlier per Diem $7,265.00 Add-on payment, and lesser of 100% of billed charges.",137658.62,,,,,,,Case Rate,"Medicare Base Rate times Standard Inpatient Weight. Add-on payment, and lesser of 100% of billed charges. Add-on payment, and lesser of 100% of billed charges.",,,,,,,,," ",,,,,,,,," ",117014.7,,,,,,,Case Rate,"Medicare Base Rate times Standard Inpatient Weight. GMLOS + 8 Outlier per Diem $4,623.00. Add-on payment, and lesser of 100% of billed charges. GMLOS + 8 Outlier per Diem $4,623.00. Add-on payment, and lesser of 100% of billed charges.",169695.65,,,,,,,Case Rate,"Medicare Base Rate times Standard Inpatient Weight. GMLOS + 6 Outlier per Diem $8,173.00 Add-on payment, and lesser of 100% of billed charges. GMLOS + 6 Outlier per Diem $8,173.00 Add-on payment, and lesser of 100% of billed charges.",191410.72,,,,,,,Case Rate,"Medicare Base Rate times Standard Inpatient Weight. GMLOS + 6 Outlier per Diem $9,081.00 Add-on payment, and lesser of 100% of billed charges. GMLOS + 6 Outlier per Diem $9,081.00 Add-on payment, and lesser of 100% of billed charges.",191410.72,,,,,,,Case Rate,"Medicare Base Rate times Standard Inpatient Weight. GMLOS + 6 Outlier per Diem $9,081.00 Add-on payment, and lesser of 100% of billed charges. GMLOS + 6 Outlier per Diem $9,081.00 Add-on payment, and lesser of 100% of billed charges.",138966.25,,,,,,,Case Rate,"Medicare Base Rate times Standard Inpatient Weight. GMLOS + 6 Outlier per Diem $8,221.00. Add-on payment, and lesser of 100% of billed charges. GMLOS + 6 Outlier per Diem $8,221.00. Add-on payment, and lesser of 100% of billed charges.",46120.19,,,,,,,Case Rate,"Medicare Base Rate times Standard Inpatient Weight. 100 percent of Medicare DRG. Add-on payment, . 100 percent of Medicare DRG. Add-on payment, .",,,,,,,,," ",,,,,,,,," ",,,,,,,,," ",,,,,,,,," ",177133.4,,,,,,,Case Rate,"Medicare Base Rate times Standard Inpatient Weight. AMLOS + 5 Outlier per Diem $7,362.00. Add-on payment, and lesser of 100% of billed charges. AMLOS + 5 Outlier per Diem $7,362.00. Add-on payment, and lesser of 100% of billed charges.",,,,,,,,," ",,,,,,,,," ",,,,,,,,," ",,,,,,,,," ",,,,,,,,," ",,,,,,,,," ",,,,,,,,," ",46120.19,,,,,,,Case Rate,"Medicare Base Rate times Standard Inpatient Weight. 100 percent of Medicare DRG. Add-on payment,  . 100 percent of Medicare DRG. Add-on payment,  .",177133.4,,,,,,,Case Rate,"Medicare Base Rate times Standard Inpatient Weight. AMLOS + 5 Outlier per Diem $7,362.00. Add-on payment, and lesser of 100% of billed charges. AMLOS + 5 Outlier per Diem $7,362.00. Add-on payment, and lesser of 100% of billed charges.",46120.19,,,,,,,Case Rate,"Medicare Base Rate times Standard Inpatient Weight. 100 percent of Medicare DRG. Add-on payment,  . 100 percent of Medicare DRG. Add-on payment,  .",,,,,,,,," ",191410.72,,,,,,,Case Rate,"Medicare Base Rate times Standard Inpatient Weight. GMLOS + 6 Outlier per Diem $9,081.00 Add-on payment, and lesser of 100% of billed charges. GMLOS + 6 Outlier per Diem $9,081.00 Add-on payment, and lesser of 100% of billed charges.",46120.19,,,,,,,Case Rate,"Medicare Base Rate times Standard Inpatient Weight. 100 percent of Medicare DRG. Add-on payment,  . 100 percent of Medicare DRG. Add-on payment,  .",191410.72,,,,,,,Case Rate,"Medicare Base Rate times Standard Inpatient Weight. GMLOS + 6 Outlier per Diem $9,081.00 Add-on payment, and lesser of 100% of billed charges. GMLOS + 6 Outlier per Diem $9,081.00 Add-on payment, and lesser of 100% of billed charges.",191410.72,,,,,,,Case Rate,"Medicare Base Rate times Standard Inpatient Weight. GMLOS + 6 Outlier per Diem $9,081.00 Add-on payment, and lesser of 100% of billed charges. GMLOS + 6 Outlier per Diem $9,081.00 Add-on payment, and lesser of 100% of billed charges.",191410.72,,,,,,,Case Rate,"Medicare Base Rate times Standard Inpatient Weight. GMLOS + 6 Outlier per Diem $9,081.00 Add-on payment, and lesser of 100% of billed charges. GMLOS + 6 Outlier per Diem $9,081.00 Add-on payment, and lesser of 100% of billed charges.",,,,,,,,," ",46120.19,,,,,,,Case Rate,"Medicare Base Rate times Standard Inpatient Weight. 100 percent of Medicare DRG. Add-on payment,  . 100 percent of Medicare DRG. Add-on payment,  .",191410.72,,,,,,,Case Rate,"Medicare Base Rate times Standard Inpatient Weight. GMLOS + 6 Outlier per Diem $9,081.00 Add-on payment, and lesser of 100% of billed charges. GMLOS + 6 Outlier per Diem $9,081.00 Add-on payment, and lesser of 100% of billed charges.",,,,,,,,," ",191410.72,,,,,,,Case Rate,"Medicare Base Rate times Standard Inpatient Weight. GMLOS + 6 Outlier per Diem $9,081.00 Add-on payment, and lesser of 100% of billed charges. GMLOS + 6 Outlier per Diem $9,081.00 Add-on payment, and lesser of 100% of billed charges.",48426.2,,,,,,,Case Rate,"105% of the Diagnostic Related Group fee schedule established by CMS for Medicare in force as of the date of payment.. Delay in Discharge per diem $4,007 Delay in Discharge per diem $4,007",46120.19,,,,,,,Case Rate,"Medicare Base Rate times Standard Inpatient Weight. 100 percent of Medicare DRG. Add-on payment, . 100 percent of Medicare DRG. Add-on payment, .",117014.7,,,,,,,Case Rate,"Medicare Base Rate times Standard Inpatient Weight. GMLOS + 8 Outlier per Diem $4,623.00. Add-on payment, and lesser of 100% of billed charges. GMLOS + 8 Outlier per Diem $4,623.00. Add-on payment, and lesser of 100% of billed charges.",117014.7,,,,,,,Case Rate,"Medicare Base Rate times Standard Inpatient Weight. GMLOS + 8 Outlier per Diem $4,623.00. Add-on payment, and lesser of 100% of billed charges. GMLOS + 8 Outlier per Diem $4,623.00. Add-on payment, and lesser of 100% of billed charges.",117014.7,,,,,,,Case Rate,"Medicare Base Rate times Standard Inpatient Weight. GMLOS + 8 Outlier per Diem $4,623.00. Add-on payment, and lesser of 100% of billed charges. GMLOS + 8 Outlier per Diem $4,623.00. Add-on payment, and lesser of 100% of billed charges.",117014.7,,,,,,,Case Rate,"Medicare Base Rate times Standard Inpatient Weight. GMLOS + 8 Outlier per Diem $4,623.00. Add-on payment, and lesser of 100% of billed charges. GMLOS + 8 Outlier per Diem $4,623.00. Add-on payment, and lesser of 100% of billed charges.",117014.7,,,,,,,Case Rate,"Medicare Base Rate times Standard Inpatient Weight. GMLOS + 8 Outlier per Diem $4,623.00. Add-on payment, and lesser of 100% of billed charges. GMLOS + 8 Outlier per Diem $4,623.00. Add-on payment, and lesser of 100% of billed charges.",137658.62,,,,,,,Case Rate,"Medicare Base Rate times Standard Inpatient Weight. Add-on payment, and lesser of 100% of billed charges. Add-on payment, and lesser of 100% of billed charges.",137658.62,,,,,,,Case Rate,"Medicare Base Rate times Standard Inpatient Weight. Add-on payment, and lesser of 100% of billed charges. Add-on payment, and lesser of 100% of billed charges.",117014.7,,,,,,,Case Rate,"Medicare Base Rate times Standard Inpatient Weight. GMLOS + 8 Outlier per Diem $4,623.00. Add-on payment, and lesser of 100% of billed charges. GMLOS + 8 Outlier per Diem $4,623.00. Add-on payment, and lesser of 100% of billed charges.",117014.7,,,,,,,Case Rate,"Medicare Base Rate times Standard Inpatient Weight. GMLOS + 8 Outlier per Diem $4,623.00. Add-on payment, and lesser of 100% of billed charges. GMLOS + 8 Outlier per Diem $4,623.00. Add-on payment, and lesser of 100% of billed charges.",117014.7,,,,,,,Case Rate,"Medicare Base Rate times Standard Inpatient Weight. GMLOS + 8 Outlier per Diem $4,623.00. Add-on payment, and lesser of 100% of billed charges. GMLOS + 8 Outlier per Diem $4,623.00. Add-on payment, and lesser of 100% of billed charges.",117014.7,,,,,,,Case Rate,"Medicare Base Rate times Standard Inpatient Weight. GMLOS + 8 Outlier per Diem $4,623.00. Add-on payment, and lesser of 100% of billed charges. GMLOS + 8 Outlier per Diem $4,623.00. Add-on payment, and lesser of 100% of billed charges.",117014.7,,,,,,,Case Rate,"Medicare Base Rate times Standard Inpatient Weight. GMLOS + 8 Outlier per Diem $4,623.00. Add-on payment, and lesser of 100% of billed charges. GMLOS + 8 Outlier per Diem $4,623.00. Add-on payment, and lesser of 100% of billed charges.",46120.19,,,,,,,Case Rate,"Medicare Base Rate times Standard Inpatient Weight. 100 percent of Medicare DRG. Add-on payment,  . 100 percent of Medicare DRG. Add-on payment,  .",137658.62,,,,,,,Case Rate,"Medicare Base Rate times Standard Inpatient Weight. Add-on payment, and lesser of 100% of billed charges. Add-on payment, and lesser of 100% of billed charges.",46120.19,,,,,,,Case Rate,"Medicare Base Rate times Standard Inpatient Weight. 100 percent of Medicare DRG. Add-on payment,  . 100 percent of Medicare DRG. Add-on payment,  .",,,,,,,,," ",,,,,,,,," ",177133.4,,,,,,,Case Rate,"Medicare Base Rate times Standard Inpatient Weight. AMLOS + 5 Outlier per Diem $7,362.00. Add-on payment, and lesser of 100% of billed charges. AMLOS + 5 Outlier per Diem $7,362.00. Add-on payment, and lesser of 100% of billed charges.",177133.4,,,,,,,Case Rate,"Medicare Base Rate times Standard Inpatient Weight. AMLOS + 5 Outlier per Diem $7,362.00. Add-on payment, and lesser of 100% of billed charges. AMLOS + 5 Outlier per Diem $7,362.00. Add-on payment, and lesser of 100% of billed charges.",46120.19,,,,,,,Case Rate,"Medicare Base Rate times Standard Inpatient Weight. 100 percent of Medicare DRG. Add-on payment,  . 100 percent of Medicare DRG. Add-on payment,  .",136731.22,,,,,,,Case Rate,"Medicare Base Rate times Standard Inpatient Weight. Add-on payment, and lesser of 100% of billed charges. Add-on payment, and lesser of 100% of billed charges.",46120.19,,,,,,,Case Rate,"Medicare Base Rate times Standard Inpatient Weight. 100 percent of Medicare DRG. Add-on payment,  . 100 percent of Medicare DRG. Add-on payment,  .",46120.19,,,,,,,Case Rate,"Medicare Base Rate times Standard Inpatient Weight. 100 percent of Medicare DRG. Add-on payment,  . 100 percent of Medicare DRG. Add-on payment,  .",120951.51,,,,,,,Case Rate,"Medicare Base Rate times Standard Inpatient Weight. GMLOS + 8 Outlier per Diem $6,968.00. Add-on payment, and lesser of 100% of billed charges. GMLOS + 8 Outlier per Diem $6,968.00. Add-on payment, and lesser of 100% of billed charges.",46120.19,,,,,,,Case Rate,"Medicare Base Rate times Standard Inpatient Weight. 100 percent of Medicare DRG. Add-on payment,  . 100 percent of Medicare DRG. Add-on payment,  .",134510.1,,,,,,,Case Rate,"Medicare Base Rate times Standard Inpatient Weight. Outlier (25+) per Diem $7,671.00. Add-on payment, and lesser of 100% of billed charges. Outlier (25+) per Diem $7,671.00. Add-on payment, and lesser of 100% of billed charges.",46120.19,,,,,,,Case Rate,"Medicare Base Rate times Standard Inpatient Weight. 100 percent of Medicare DRG. Add-on payment,  . 100 percent of Medicare DRG. Add-on payment,  .",134510.1,,,,,,,Case Rate,"Medicare Base Rate times Standard Inpatient Weight. Outlier (25+) per Diem $7,671.00. Add-on payment, and lesser of 100% of billed charges. Outlier (25+) per Diem $7,671.00. Add-on payment, and lesser of 100% of billed charges.",120951.51,,,,,,,Case Rate,"Medicare Base Rate times Standard Inpatient Weight. GMLOS + 8 Outlier per Diem $6,968.00. Add-on payment, and lesser of 100% of billed charges. GMLOS + 8 Outlier per Diem $6,968.00. Add-on payment, and lesser of 100% of billed charges.",134510.1,,,,,,,Case Rate,"Medicare Base Rate times Standard Inpatient Weight. Outlier (25+) per Diem $7,671.00. Add-on payment, and lesser of 100% of billed charges. Outlier (25+) per Diem $7,671.00. Add-on payment, and lesser of 100% of billed charges.",46120.19,,,,,,,Case Rate,"Medicare Base Rate times Standard Inpatient Weight. 100 percent of Medicare DRG. Add-on payment,  . 100 percent of Medicare DRG. Add-on payment,  .",,,,,,,,," ",46120.19,,,,,,,Case Rate,"Medicare Base Rate times Standard Inpatient Weight. 100 percent of Medicare DRG. Add-on payment,  . 100 percent of Medicare DRG. Add-on payment,  .",134510.1,,,,,,,Case Rate,"Medicare Base Rate times Standard Inpatient Weight. Outlier (25+) per Diem $7,671.00. Add-on payment, and lesser of 100% of billed charges. Outlier (25+) per Diem $7,671.00. Add-on payment, and lesser of 100% of billed charges.",177133.4,,,,,,,Case Rate,"Medicare Base Rate times Standard Inpatient Weight. AMLOS + 5 Outlier per Diem $7,362.00. Add-on payment, and lesser of 100% of billed charges. AMLOS + 5 Outlier per Diem $7,362.00. Add-on payment, and lesser of 100% of billed charges.",,,,,,,,," ",191410.72,,,,,,,Case Rate,"Medicare Base Rate times Standard Inpatient Weight. GMLOS + 6 Outlier per Diem $9,081.00 Add-on payment, and lesser of 100% of billed charges. GMLOS + 6 Outlier per Diem $9,081.00 Add-on payment, and lesser of 100% of billed charges.",,,,,,,,," ",,,,,,,,," ",188549.69,,,,,,,Case Rate,"Medicare Base Rate times Standard Inpatient Weight. GMLOS + 6 Outlier per Diem $9,081.00 Add-on payment, and lesser of 100% of billed charges. GMLOS + 6 Outlier per Diem $9,081.00 Add-on payment, and lesser of 100% of billed charges.",188549.69,,,,,,,Case Rate,"Medicare Base Rate times Standard Inpatient Weight. GMLOS + 6 Outlier per Diem $9,081.00 Add-on payment, and lesser of 100% of billed charges. GMLOS + 6 Outlier per Diem $9,081.00 Add-on payment, and lesser of 100% of billed charges.",191410.72,,,,,,,Case Rate,"Medicare Base Rate times Standard Inpatient Weight. GMLOS + 6 Outlier per Diem $9,081.00 Add-on payment, and lesser of 100% of billed charges. GMLOS + 6 Outlier per Diem $9,081.00 Add-on payment, and lesser of 100% of billed charges.",177133.4,,,,,,,Case Rate,"Medicare Base Rate times Standard Inpatient Weight. AMLOS + 5 Outlier per Diem $7,362.00. Add-on payment, and lesser of 100% of billed charges. AMLOS + 5 Outlier per Diem $7,362.00. Add-on payment, and lesser of 100% of billed charges.",191410.72,,,,,,,Case Rate,"Medicare Base Rate times Standard Inpatient Weight. GMLOS + 6 Outlier per Diem $9,081.00 Add-on payment, and lesser of 100% of billed charges. GMLOS + 6 Outlier per Diem $9,081.00 Add-on payment, and lesser of 100% of billed charges.",188549.69,,,,,,,Case Rate,"Medicare Base Rate times Standard Inpatient Weight. GMLOS + 6 Outlier per Diem $9,081.00 Add-on payment, and lesser of 100% of billed charges. GMLOS + 6 Outlier per Diem $9,081.00 Add-on payment, and lesser of 100% of billed charges.",191410.72,,,,,,,Case Rate,"Medicare Base Rate times Standard Inpatient Weight. GMLOS + 6 Outlier per Diem $9,081.00 Add-on payment, and lesser of 100% of billed charges. GMLOS + 6 Outlier per Diem $9,081.00 Add-on payment, and lesser of 100% of billed charges.",117014.7,,,,,,,Case Rate,"Medicare Base Rate times Standard Inpatient Weight. GMLOS + 8 Outlier per Diem $4,623.00. Add-on payment, and lesser of 100% of billed charges. GMLOS + 8 Outlier per Diem $4,623.00. Add-on payment, and lesser of 100% of billed charges.",117014.7,,,,,,,Case Rate,"Medicare Base Rate times Standard Inpatient Weight. GMLOS + 8 Outlier per Diem $4,623.00. Add-on payment, and lesser of 100% of billed charges. GMLOS + 8 Outlier per Diem $4,623.00. Add-on payment, and lesser of 100% of billed charges.",121136.13,,,,,,,Case Rate,. 200 percent of Medicare 200 percent of Medicare,,,,,,,,," ",177133.4,,,,,,,Case Rate,"Medicare Base Rate times Standard Inpatient Weight. AMLOS + 5 Outlier per Diem $7,362.00. Add-on payment, and lesser of 100% of billed charges. AMLOS + 5 Outlier per Diem $7,362.00. Add-on payment, and lesser of 100% of billed charges.",134510.1,,,,,,,Case Rate,"Medicare Base Rate times Standard Inpatient Weight. Outlier (25+) per Diem $7,671.00. Add-on payment, and lesser of 100% of billed charges. Outlier (25+) per Diem $7,671.00. Add-on payment, and lesser of 100% of billed charges.",120951.51,,,,,,,Case Rate,"Medicare Base Rate times Standard Inpatient Weight. GMLOS + 8 Outlier per Diem $6,968.00. Add-on payment, and lesser of 100% of billed charges. GMLOS + 8 Outlier per Diem $6,968.00. Add-on payment, and lesser of 100% of billed charges.",177133.4,,,,,,,Case Rate,"Medicare Base Rate times Standard Inpatient Weight. AMLOS + 5 Outlier per Diem $7,362.00. Add-on payment, and lesser of 100% of billed charges. AMLOS + 5 Outlier per Diem $7,362.00. Add-on payment, and lesser of 100% of billed charges.",120951.51,,,,,,,Case Rate,"Medicare Base Rate times Standard Inpatient Weight. GMLOS + 8 Outlier per Diem $6,968.00. Add-on payment, and lesser of 100% of billed charges. GMLOS + 8 Outlier per Diem $6,968.00. Add-on payment, and lesser of 100% of billed charges.",177133.4,,,,,,,Case Rate,"Medicare Base Rate times Standard Inpatient Weight. AMLOS + 5 Outlier per Diem $7,362.00. Add-on payment, and lesser of 100% of billed charges. AMLOS + 5 Outlier per Diem $7,362.00. Add-on payment, and lesser of 100% of billed charges.",191410.72,,,,,,,Case Rate,"Medicare Base Rate times Standard Inpatient Weight. GMLOS + 6 Outlier per Diem $9,081.00 Add-on payment, and lesser of 100% of billed charges. GMLOS + 6 Outlier per Diem $9,081.00 Add-on payment, and lesser of 100% of billed charges.",188549.69,,,,,,,Case Rate,"Medicare Base Rate times Standard Inpatient Weight. GMLOS + 6 Outlier per Diem $9,081.00 Add-on payment, and lesser of 100% of billed charges. GMLOS + 6 Outlier per Diem $9,081.00 Add-on payment, and lesser of 100% of billed charges.",188549.69,,,,,,,Case Rate,"Medicare Base Rate times Standard Inpatient Weight. GMLOS + 6 Outlier per Diem $9,081.00 Add-on payment, and lesser of 100% of billed charges. GMLOS + 6 Outlier per Diem $9,081.00 Add-on payment, and lesser of 100% of billed charges.",191410.72,,,,,,,Case Rate,"Medicare Base Rate times Standard Inpatient Weight. GMLOS + 6 Outlier per Diem $9,081.00 Add-on payment, and lesser of 100% of billed charges. GMLOS + 6 Outlier per Diem $9,081.00 Add-on payment, and lesser of 100% of billed charges.",46120.19,,,,,,,Case Rate,"Medicare Base Rate times Standard Inpatient Weight. 100 percent of Medicare DRG. Add-on payment,  . 100 percent of Medicare DRG. Add-on payment,  .",40670.19,358628,
MS034,DRG,,,,,MS-DRG 034 CAROTID ARTERY STENT PROCEDURES WITH MCC,,,Inpatient,,,,124222.38,,,,,,,Case Rate,Medicare Base Rate times Standard Inpatient Weight. Local 1199 High/Low day Outlier Local 1199 High/Low day Outlier,124222.38,,,,,,,Case Rate,Medicare Base Rate times Standard Inpatient Weight. Local 1199 High/Low day Outlier Local 1199 High/Low day Outlier,100963.34,,,,,,,Case Rate,"Medicare Base Rate times Standard Inpatient Weight. GMLOS + 8 Outlier per Diem $6,968.00. Add-on payment, and lesser of 100% of billed charges. GMLOS + 8 Outlier per Diem $6,968.00. Add-on payment, and lesser of 100% of billed charges.",,100,,,,,0,Percent of total billed charges,100 percent of charges.  ; No services were performed during the 15 month look back period.,38589.34,,,,,,,Case Rate,"Medicare Base Rate times Standard Inpatient Weight. 100 percent of Medicare DRG. Add-on payment,  . 100 percent of Medicare DRG. Add-on payment,  .",100963.34,,,,,,,Case Rate,"Medicare Base Rate times Standard Inpatient Weight. GMLOS + 8 Outlier per Diem $6,968.00. Add-on payment, and lesser of 100% of billed charges. GMLOS + 8 Outlier per Diem $6,968.00. Add-on payment, and lesser of 100% of billed charges.",100963.34,,,,,,,Case Rate,"Medicare Base Rate times Standard Inpatient Weight. GMLOS + 8 Outlier per Diem $6,968.00. Add-on payment, and lesser of 100% of billed charges. GMLOS + 8 Outlier per Diem $6,968.00. Add-on payment, and lesser of 100% of billed charges.",100963.34,,,,,,,Case Rate,"Medicare Base Rate times Standard Inpatient Weight. GMLOS + 8 Outlier per Diem $6,968.00. Add-on payment, and lesser of 100% of billed charges. GMLOS + 8 Outlier per Diem $6,968.00. Add-on payment, and lesser of 100% of billed charges.",,,,,,,,," ",,,,,,,,," ",,73,,,,,0,Percent of total billed charges,73 percent of charges.  ; No services were performed during the 15 month look back period.,147860.74,,,,,,,Case Rate,"Medicare Base Rate times Standard Inpatient Weight. AMLOS + 5 Outlier per Diem $7,362.00. Add-on payment, and lesser of 100% of billed charges. AMLOS + 5 Outlier per Diem $7,362.00. Add-on payment, and lesser of 100% of billed charges.",,,,,,,,," ",38589.34,,,,,,,Case Rate,"Medicare Base Rate times Standard Inpatient Weight. 100 percent of Medicare DRG. Add-on payment,  . 100 percent of Medicare DRG. Add-on payment,  .",112281.27,,,,,,,Case Rate,"Medicare Base Rate times Standard Inpatient Weight. Outlier (25+) per Diem $7,671.00. Add-on payment, and lesser of 100% of billed charges. Outlier (25+) per Diem $7,671.00. Add-on payment, and lesser of 100% of billed charges.",112281.27,,,,,,,Case Rate,"Medicare Base Rate times Standard Inpatient Weight. Outlier (25+) per Diem $7,671.00. Add-on payment, and lesser of 100% of billed charges. Outlier (25+) per Diem $7,671.00. Add-on payment, and lesser of 100% of billed charges.",112281.27,,,,,,,Case Rate,"Medicare Base Rate times Standard Inpatient Weight. Outlier (25+) per Diem $7,671.00. Add-on payment, and lesser of 100% of billed charges. Outlier (25+) per Diem $7,671.00. Add-on payment, and lesser of 100% of billed charges.",112281.27,,,,,,,Case Rate,"Medicare Base Rate times Standard Inpatient Weight. Outlier (25+) per Diem $7,671.00. Add-on payment, and lesser of 100% of billed charges. Outlier (25+) per Diem $7,671.00. Add-on payment, and lesser of 100% of billed charges.",,,,,,,,," ",38589.34,,,,,,,Case Rate,"Medicare Base Rate times Standard Inpatient Weight. 100 percent of Medicare DRG. Add-on payment,  . 100 percent of Medicare DRG. Add-on payment,  .",,,,,,,,," ",,73,,,,,0,Percent of total billed charges,73 percent of charges.  ; No services were performed during the 15 month look back period.,100963.34,,,,,,,Case Rate,"Medicare Base Rate times Standard Inpatient Weight. GMLOS + 8 Outlier per Diem $6,968.00. Add-on payment, and lesser of 100% of billed charges. GMLOS + 8 Outlier per Diem $6,968.00. Add-on payment, and lesser of 100% of billed charges.",38589.34,,,,,,,Case Rate,"Medicare Base Rate times Standard Inpatient Weight. 100 percent of Medicare DRG. Add-on payment, and lesser of 100% of billed charges. 100 percent of Medicare DRG. Add-on payment, and lesser of 100% of billed charges.",114909.47,,,,,,,Case Rate,"Medicare Base Rate times Standard Inpatient Weight. Add-on payment, and lesser of 100% of billed charges. Add-on payment, and lesser of 100% of billed charges.",38589.34,,,,,,,Case Rate,"Medicare Base Rate times Standard Inpatient Weight. 100 percent of Medicare DRG. Add-on payment, and lesser of 100% of billed charges. 100 percent of Medicare DRG. Add-on payment, and lesser of 100% of billed charges.",38589.34,,,,,,,Case Rate,"Medicare Base Rate times Standard Inpatient Weight. 100 percent of Medicare DRG. Add-on payment, and lesser of 100% of billed charges. 100 percent of Medicare DRG. Add-on payment, and lesser of 100% of billed charges.",,73,,,,,0,Percent of total billed charges,73 percent of charges.  ; No services were performed during the 15 month look back period.,,,,,,,,," ",,,,,,,,," ",,,,,,,,," ",,,,,,,,," ",114909.47,,,,,,,Case Rate,"Medicare Base Rate times Standard Inpatient Weight. Add-on payment, and lesser of 100% of billed charges. Add-on payment, and lesser of 100% of billed charges.",114909.47,,,,,,,Case Rate,"Medicare Base Rate times Standard Inpatient Weight. Add-on payment, and lesser of 100% of billed charges. Add-on payment, and lesser of 100% of billed charges.",,,,,,,,," ",114909.47,,,,,,,Case Rate,"Medicare Base Rate times Standard Inpatient Weight. Add-on payment, and lesser of 100% of billed charges. Add-on payment, and lesser of 100% of billed charges.",,,,,,,,," ",38589.34,,,,,,,Case Rate,"Medicare Base Rate times Standard Inpatient Weight. 100 percent of Medicare DRG. Add-on payment, . 100 percent of Medicare DRG. Add-on payment, .",114909.47,,,,,,,Case Rate,"Medicare Base Rate times Standard Inpatient Weight. Add-on payment, and lesser of 100% of billed charges. Add-on payment, and lesser of 100% of billed charges.",,73,,,,,0,Percent of total billed charges,73 percent of charges.  ; No services were performed during the 15 month look back period.,,,,,,,,," ",,,,,,,,," ",,73,,,,,0,Percent of total billed charges,73 percent of charges.  ; No services were performed during the 15 month look back period.,112281.27,,,,,,,Case Rate,"Medicare Base Rate times Standard Inpatient Weight. Outlier (25+) per Diem $7,671.00. Add-on payment, and lesser of 100% of billed charges. Outlier (25+) per Diem $7,671.00. Add-on payment, and lesser of 100% of billed charges.",107559.01,,,,,,,Case Rate,"Medicare Base Rate times Standard Inpatient Weight. AMLOS + 5 Outlier per Diem $7,167.00. Add-on payment, and lesser of 100% of billed charges. AMLOS + 5 Outlier per Diem $7,167.00. Add-on payment, and lesser of 100% of billed charges.",107559.01,,,,,,,Case Rate,"Medicare Base Rate times Standard Inpatient Weight. AMLOS + 5 Outlier per Diem $7,167.00. Add-on payment, and lesser of 100% of billed charges. AMLOS + 5 Outlier per Diem $7,167.00. Add-on payment, and lesser of 100% of billed charges.",,73,,,,,0,Percent of total billed charges,73 percent of charges.  ; No services were performed during the 15 month look back period.,38589.34,,,,,,,Case Rate,"Medicare Base Rate times Standard Inpatient Weight. 100 percent of Medicare DRG. Add-on payment,  . 100 percent of Medicare DRG. Add-on payment,  .",147860.74,,,,,,,Case Rate,"Medicare Base Rate times Standard Inpatient Weight. AMLOS + 5 Outlier per Diem $7,362.00. Add-on payment, and lesser of 100% of billed charges. AMLOS + 5 Outlier per Diem $7,362.00. Add-on payment, and lesser of 100% of billed charges.",147860.74,,,,,,,Case Rate,"Medicare Base Rate times Standard Inpatient Weight. AMLOS + 5 Outlier per Diem $7,362.00. Add-on payment, and lesser of 100% of billed charges. AMLOS + 5 Outlier per Diem $7,362.00. Add-on payment, and lesser of 100% of billed charges.",147860.74,,,,,,,Case Rate,"Medicare Base Rate times Standard Inpatient Weight. AMLOS + 5 Outlier per Diem $7,362.00. Add-on payment, and lesser of 100% of billed charges. AMLOS + 5 Outlier per Diem $7,362.00. Add-on payment, and lesser of 100% of billed charges.",38589.34,,,,,,,Case Rate,"Medicare Base Rate times Standard Inpatient Weight. 100 percent of Medicare DRG. Add-on payment,  . 100 percent of Medicare DRG. Add-on payment,  .",147860.74,,,,,,,Case Rate,"Medicare Base Rate times Standard Inpatient Weight. AMLOS + 5 Outlier per Diem $7,362.00. Add-on payment, and lesser of 100% of billed charges. AMLOS + 5 Outlier per Diem $7,362.00. Add-on payment, and lesser of 100% of billed charges.",147860.74,,,,,,,Case Rate,"Medicare Base Rate times Standard Inpatient Weight. AMLOS + 5 Outlier per Diem $7,362.00. Add-on payment, and lesser of 100% of billed charges. AMLOS + 5 Outlier per Diem $7,362.00. Add-on payment, and lesser of 100% of billed charges.",38589.34,,,,,,,Case Rate,"Medicare Base Rate times Standard Inpatient Weight. 100 percent of Medicare DRG. Add-on payment, and lesser of 100% of billed charges. 100 percent of Medicare DRG. Add-on payment, and lesser of 100% of billed charges.",168356.1,,,,,,,Case Rate,"Medicare Base Rate times Standard Inpatient Weight. GMLOS + 6 Outlier per Diem $11,932.00. Add-on payment, and lesser of 100% of billed charges. GMLOS + 6 Outlier per Diem $11,932.00. Add-on payment, and lesser of 100% of billed charges.",159778.63,,,,,,,Case Rate,"Medicare Base Rate times Standard Inpatient Weight. GMLOS + 6 Outlier per Diem $9,081.00 Add-on payment, and lesser of 100% of billed charges. GMLOS + 6 Outlier per Diem $9,081.00 Add-on payment, and lesser of 100% of billed charges.",159778.63,,,,,,,Case Rate,"Medicare Base Rate times Standard Inpatient Weight. GMLOS + 6 Outlier per Diem $9,081.00 Add-on payment, and lesser of 100% of billed charges. GMLOS + 6 Outlier per Diem $9,081.00 Add-on payment, and lesser of 100% of billed charges.",157390.4,,,,,,,Case Rate,"Medicare Base Rate times Standard Inpatient Weight. GMLOS + 6 Outlier per Diem $9,081.00 Add-on payment, and lesser of 100% of billed charges. GMLOS + 6 Outlier per Diem $9,081.00 Add-on payment, and lesser of 100% of billed charges.",176202.01,,,,,,,Case Rate,"Medicare Base Rate times Standard Inpatient Weight. GMLOS + 6 Outlier per Diem $9,081.00 Add-on payment, and lesser of 100% of billed charges. GMLOS + 6 Outlier per Diem $9,081.00 Add-on payment, and lesser of 100% of billed charges.",157390.4,,,,,,,Case Rate,"Medicare Base Rate times Standard Inpatient Weight. GMLOS + 6 Outlier per Diem $9,081.00 Add-on payment, and lesser of 100% of billed charges. GMLOS + 6 Outlier per Diem $9,081.00 Add-on payment, and lesser of 100% of billed charges.",159778.63,,,,,,,Case Rate,"Medicare Base Rate times Standard Inpatient Weight. GMLOS + 6 Outlier per Diem $9,081.00 Add-on payment, and lesser of 100% of billed charges. GMLOS + 6 Outlier per Diem $9,081.00 Add-on payment, and lesser of 100% of billed charges.",38589.34,,,,,,,Case Rate,"Medicare Base Rate times Standard Inpatient Weight. 100 percent of Medicare DRG. Add-on payment,  . 100 percent of Medicare DRG. Add-on payment,  .",38589.34,,,,,,,Case Rate,"Medicare Base Rate times Standard Inpatient Weight. 100 percent of Medicare DRG. Add-on payment,  . 100 percent of Medicare DRG. Add-on payment,  .",176202.01,,,,,,,Case Rate,"Medicare Base Rate times Standard Inpatient Weight. GMLOS + 6 Outlier per Diem $9,081.00 Add-on payment, and lesser of 100% of billed charges. GMLOS + 6 Outlier per Diem $9,081.00 Add-on payment, and lesser of 100% of billed charges.",,73,,,,,0,Percent of total billed charges,73 percent of charges.  ; No services were performed during the 15 month look back period.,,73,,,,,0,Percent of total billed charges,73 percent of charges.  ; No services were performed during the 15 month look back period.,,73,,,,,0,Percent of total billed charges,73 percent of charges.  ; No services were performed during the 15 month look back period.,,73,,,,,0,Percent of total billed charges,73 percent of charges.  ; No services were performed during the 15 month look back period.,,73,,,,,0,Percent of total billed charges,73 percent of charges.  ; No services were performed during the 15 month look back period.,,73,,,,,0,Percent of total billed charges,73 percent of charges.  ; No services were performed during the 15 month look back period.,,73,,,,,0,Percent of total billed charges,73 percent of charges.  ; No services were performed during the 15 month look back period.,,73,,,,,0,Percent of total billed charges,73 percent of charges.  ; No services were performed during the 15 month look back period.,,73,,,,,0,Percent of total billed charges,73 percent of charges.  ; No services were performed during the 15 month look back period.,,73,,,,,0,Percent of total billed charges,73 percent of charges.  ; No services were performed during the 15 month look back period.,,73,,,,,0,Percent of total billed charges,73 percent of charges.  ; No services were performed during the 15 month look back period.,,73,,,,,0,Percent of total billed charges,73 percent of charges.  ; No services were performed during the 15 month look back period.,,73,,,,,0,Percent of total billed charges,73 percent of charges.  ; No services were performed during the 15 month look back period.,,73,,,,,0,Percent of total billed charges,73 percent of charges.  ; No services were performed during the 15 month look back period.,,73,,,,,0,Percent of total billed charges,73 percent of charges.  ; No services were performed during the 15 month look back period.,,73,,,,,0,Percent of total billed charges,73 percent of charges.  ; No services were performed during the 15 month look back period.,,73,,,,,0,Percent of total billed charges,73 percent of charges.  ; No services were performed during the 15 month look back period.,,73,,,,,0,Percent of total billed charges,73 percent of charges.  ; No services were performed during the 15 month look back period.,,73,,,,,0,Percent of total billed charges,73 percent of charges.  ; No services were performed during the 15 month look back period.,,73,,,,,0,Percent of total billed charges,73 percent of charges.  ; No services were performed during the 15 month look back period.,,73,,,,,0,Percent of total billed charges,73 percent of charges.  ; No services were performed during the 15 month look back period.,,73,,,,,0,Percent of total billed charges,73 percent of charges.  ; No services were performed during the 15 month look back period.,,73,,,,,0,Percent of total billed charges,73 percent of charges.  ; No services were performed during the 15 month look back period.,,73,,,,,0,Percent of total billed charges,73 percent of charges.  ; No services were performed during the 15 month look back period.,,73,,,,,0,Percent of total billed charges,73 percent of charges.  ; No services were performed during the 15 month look back period.,,73,,,,,0,Percent of total billed charges,73 percent of charges.  ; No services were performed during the 15 month look back period.,114909.47,,,,,,,Case Rate,"Medicare Base Rate times Standard Inpatient Weight. Add-on payment, and lesser of 100% of billed charges. Add-on payment, and lesser of 100% of billed charges.",114909.47,,,,,,,Case Rate,"Medicare Base Rate times Standard Inpatient Weight. Add-on payment, and lesser of 100% of billed charges. Add-on payment, and lesser of 100% of billed charges.",114909.47,,,,,,,Case Rate,"Medicare Base Rate times Standard Inpatient Weight. Add-on payment, and lesser of 100% of billed charges. Add-on payment, and lesser of 100% of billed charges.",114909.47,,,,,,,Case Rate,"Medicare Base Rate times Standard Inpatient Weight. Add-on payment, and lesser of 100% of billed charges. Add-on payment, and lesser of 100% of billed charges.",114135.33,,,,,,,Case Rate,"Medicare Base Rate times Standard Inpatient Weight. Add-on payment, and lesser of 100% of billed charges. Add-on payment, and lesser of 100% of billed charges.",114135.33,,,,,,,Case Rate,"Medicare Base Rate times Standard Inpatient Weight. Add-on payment, and lesser of 100% of billed charges. Add-on payment, and lesser of 100% of billed charges.",112281.27,,,,,,,Case Rate,"Medicare Base Rate times Standard Inpatient Weight. Outlier (25+) per Diem $7,671.00. Add-on payment, and lesser of 100% of billed charges. Outlier (25+) per Diem $7,671.00. Add-on payment, and lesser of 100% of billed charges.",159778.63,,,,,,,Case Rate,"Medicare Base Rate times Standard Inpatient Weight. GMLOS + 6 Outlier per Diem $9,081.00 Add-on payment, and lesser of 100% of billed charges. GMLOS + 6 Outlier per Diem $9,081.00 Add-on payment, and lesser of 100% of billed charges.",147860.74,,,,,,,Case Rate,"Medicare Base Rate times Standard Inpatient Weight. AMLOS + 5 Outlier per Diem $7,362.00. Add-on payment, and lesser of 100% of billed charges. AMLOS + 5 Outlier per Diem $7,362.00. Add-on payment, and lesser of 100% of billed charges.",157390.4,,,,,,,Case Rate,"Medicare Base Rate times Standard Inpatient Weight. GMLOS + 6 Outlier per Diem $9,081.00 Add-on payment, and lesser of 100% of billed charges. GMLOS + 6 Outlier per Diem $9,081.00 Add-on payment, and lesser of 100% of billed charges.",,73,,,,,0,Percent of total billed charges,73 percent of charges.  ; No services were performed during the 15 month look back period.,114135.33,,,,,,,Case Rate,"Medicare Base Rate times Standard Inpatient Weight. Add-on payment, and lesser of 100% of billed charges. Add-on payment, and lesser of 100% of billed charges.",159778.63,,,,,,,Case Rate,"Medicare Base Rate times Standard Inpatient Weight. GMLOS + 6 Outlier per Diem $9,081.00 Add-on payment, and lesser of 100% of billed charges. GMLOS + 6 Outlier per Diem $9,081.00 Add-on payment, and lesser of 100% of billed charges.",147860.74,,,,,,,Case Rate,"Medicare Base Rate times Standard Inpatient Weight. AMLOS + 5 Outlier per Diem $7,362.00. Add-on payment, and lesser of 100% of billed charges. AMLOS + 5 Outlier per Diem $7,362.00. Add-on payment, and lesser of 100% of billed charges.",112281.27,,,,,,,Case Rate,"Medicare Base Rate times Standard Inpatient Weight. Outlier (25+) per Diem $7,671.00. Add-on payment, and lesser of 100% of billed charges. Outlier (25+) per Diem $7,671.00. Add-on payment, and lesser of 100% of billed charges.",,,,,,,,," ",,73,,,,,0,Percent of total billed charges,73 percent of charges.  ; No services were performed during the 15 month look back period.,,,,,,,,," ",114909.47,,,,,,,Case Rate,"Medicare Base Rate times Standard Inpatient Weight. Add-on payment, and lesser of 100% of billed charges. Add-on payment, and lesser of 100% of billed charges.",,,,,,,,," ",38589.34,,,,,,,Case Rate,"Medicare Base Rate times Standard Inpatient Weight. 100 percent of Medicare DRG. Add-on payment, . 100 percent of Medicare DRG. Add-on payment, .",38589.34,,,,,,,Case Rate,"Medicare Base Rate times Standard Inpatient Weight. 100 percent of Medicare DRG. Add-on payment,  . 100 percent of Medicare DRG. Add-on payment,  .",168356.1,,,,,,,Case Rate,"Medicare Base Rate times Standard Inpatient Weight. GMLOS + 6 Outlier per Diem $11,932.00. Add-on payment, and lesser of 100% of billed charges. GMLOS + 6 Outlier per Diem $11,932.00. Add-on payment, and lesser of 100% of billed charges.",38589.34,,,,,,,Case Rate,"Medicare Base Rate times Standard Inpatient Weight. 100 percent of Medicare DRG. Add-on payment,  . 100 percent of Medicare DRG. Add-on payment,  .",38589.34,,,,,,,Case Rate,"Medicare Base Rate times Standard Inpatient Weight. 100 percent of Medicare DRG. Add-on payment,  . 100 percent of Medicare DRG. Add-on payment,  .",,,,,,,,," ",38589.34,,,,,,,Case Rate,"Medicare Base Rate times Standard Inpatient Weight. 100 percent of Medicare DRG. Add-on payment,  . 100 percent of Medicare DRG. Add-on payment,  .",38589.34,,,,,,,Case Rate,"Medicare Base Rate times Standard Inpatient Weight. 100 percent of Medicare DRG. Add-on payment,  . 100 percent of Medicare DRG. Add-on payment,  .",100963.34,,,,,,,Case Rate,"Medicare Base Rate times Standard Inpatient Weight. GMLOS + 8 Outlier per Diem $6,968.00. Add-on payment, and lesser of 100% of billed charges. GMLOS + 8 Outlier per Diem $6,968.00. Add-on payment, and lesser of 100% of billed charges.",100963.34,,,,,,,Case Rate,"Medicare Base Rate times Standard Inpatient Weight. GMLOS + 8 Outlier per Diem $6,968.00. Add-on payment, and lesser of 100% of billed charges. GMLOS + 8 Outlier per Diem $6,968.00. Add-on payment, and lesser of 100% of billed charges.",38589.34,,,,,,,Case Rate,"Medicare Base Rate times Standard Inpatient Weight. 100 percent of Medicare DRG. Add-on payment,  . 100 percent of Medicare DRG. Add-on payment,  .",112281.27,,,,,,,Case Rate,"Medicare Base Rate times Standard Inpatient Weight. Outlier (25+) per Diem $7,671.00. Add-on payment, and lesser of 100% of billed charges. Outlier (25+) per Diem $7,671.00. Add-on payment, and lesser of 100% of billed charges.",147860.74,,,,,,,Case Rate,"Medicare Base Rate times Standard Inpatient Weight. AMLOS + 5 Outlier per Diem $7,362.00. Add-on payment, and lesser of 100% of billed charges. AMLOS + 5 Outlier per Diem $7,362.00. Add-on payment, and lesser of 100% of billed charges.",147860.74,,,,,,,Case Rate,"Medicare Base Rate times Standard Inpatient Weight. AMLOS + 5 Outlier per Diem $7,362.00. Add-on payment, and lesser of 100% of billed charges. AMLOS + 5 Outlier per Diem $7,362.00. Add-on payment, and lesser of 100% of billed charges.",38589.34,,,,,,,Case Rate,"Medicare Base Rate times Standard Inpatient Weight. 100 percent of Medicare DRG. Add-on payment,  . 100 percent of Medicare DRG. Add-on payment,  .",112281.27,,,,,,,Case Rate,"Medicare Base Rate times Standard Inpatient Weight. Outlier (25+) per Diem $7,671.00. Add-on payment, and lesser of 100% of billed charges. Outlier (25+) per Diem $7,671.00. Add-on payment, and lesser of 100% of billed charges.",100963.34,,,,,,,Case Rate,"Medicare Base Rate times Standard Inpatient Weight. GMLOS + 8 Outlier per Diem $6,968.00. Add-on payment, and lesser of 100% of billed charges. GMLOS + 8 Outlier per Diem $6,968.00. Add-on payment, and lesser of 100% of billed charges.",100963.34,,,,,,,Case Rate,"Medicare Base Rate times Standard Inpatient Weight. GMLOS + 8 Outlier per Diem $6,968.00. Add-on payment, and lesser of 100% of billed charges. GMLOS + 8 Outlier per Diem $6,968.00. Add-on payment, and lesser of 100% of billed charges.",100963.34,,,,,,,Case Rate,"Medicare Base Rate times Standard Inpatient Weight. GMLOS + 8 Outlier per Diem $6,968.00. Add-on payment, and lesser of 100% of billed charges. GMLOS + 8 Outlier per Diem $6,968.00. Add-on payment, and lesser of 100% of billed charges.",,73,,,,,0,Percent of total billed charges,73 percent of charges.  ; No services were performed during the 15 month look back period.,,73,,,,,0,Percent of total billed charges,73 percent of charges.  ; No services were performed during the 15 month look back period.,,73,,,,,0,Percent of total billed charges,73 percent of charges.  ; No services were performed during the 15 month look back period.,,73,,,,,0,Percent of total billed charges,73 percent of charges.  ; No services were performed during the 15 month look back period.,,73,,,,,0,Percent of total billed charges,73 percent of charges.  ; No services were performed during the 15 month look back period.,,73,,,,,0,Percent of total billed charges,73 percent of charges.  ; No services were performed during the 15 month look back period.,,73,,,,,0,Percent of total billed charges,73 percent of charges.  ; No services were performed during the 15 month look back period.,,73,,,,,0,Percent of total billed charges,73 percent of charges.  ; No services were performed during the 15 month look back period.,,73,,,,,0,Percent of total billed charges,73 percent of charges.  ; No services were performed during the 15 month look back period.,,73,,,,,0,Percent of total billed charges,73 percent of charges.  ; No services were performed during the 15 month look back period.,,73,,,,,0,Percent of total billed charges,73 percent of charges.  ; No services were performed during the 15 month look back period.,114135.33,,,,,,,Case Rate,"Medicare Base Rate times Standard Inpatient Weight. Add-on payment, and lesser of 100% of billed charges. Add-on payment, and lesser of 100% of billed charges.",159778.63,,,,,,,Case Rate,"Medicare Base Rate times Standard Inpatient Weight. GMLOS + 6 Outlier per Diem $9,081.00 Add-on payment, and lesser of 100% of billed charges. GMLOS + 6 Outlier per Diem $9,081.00 Add-on payment, and lesser of 100% of billed charges.",112281.27,,,,,,,Case Rate,"Medicare Base Rate times Standard Inpatient Weight. Outlier (25+) per Diem $7,671.00. Add-on payment, and lesser of 100% of billed charges. Outlier (25+) per Diem $7,671.00. Add-on payment, and lesser of 100% of billed charges.",38589.34,,,,,,,Case Rate,"Medicare Base Rate times Standard Inpatient Weight. 100 percent of Medicare DRG. Add-on payment,  . 100 percent of Medicare DRG. Add-on payment,  .",100963.34,,,,,,,Case Rate,"Medicare Base Rate times Standard Inpatient Weight. GMLOS + 8 Outlier per Diem $6,968.00. Add-on payment, and lesser of 100% of billed charges. GMLOS + 8 Outlier per Diem $6,968.00. Add-on payment, and lesser of 100% of billed charges.",112281.27,,,,,,,Case Rate,"Medicare Base Rate times Standard Inpatient Weight. Outlier (25+) per Diem $7,671.00. Add-on payment, and lesser of 100% of billed charges. Outlier (25+) per Diem $7,671.00. Add-on payment, and lesser of 100% of billed charges.",112281.27,,,,,,,Case Rate,"Medicare Base Rate times Standard Inpatient Weight. Outlier (25+) per Diem $7,671.00. Add-on payment, and lesser of 100% of billed charges. Outlier (25+) per Diem $7,671.00. Add-on payment, and lesser of 100% of billed charges.",,73,,,,,0,Percent of total billed charges,73 percent of charges.  ; No services were performed during the 15 month look back period.,,,,,,,,," ",112281.27,,,,,,,Case Rate,"Medicare Base Rate times Standard Inpatient Weight. Outlier (25+) per Diem $7,671.00. Add-on payment, and lesser of 100% of billed charges. Outlier (25+) per Diem $7,671.00. Add-on payment, and lesser of 100% of billed charges.",,,,,,,,," ",38589.34,,,,,,,Case Rate,"Medicare Base Rate times Standard Inpatient Weight. 100 percent of Medicare DRG. Add-on payment,  . 100 percent of Medicare DRG. Add-on payment,  .",38589.34,,,,,,,Case Rate,"Medicare Base Rate times Standard Inpatient Weight. 100 percent of Medicare DRG. Add-on payment,  . 100 percent of Medicare DRG. Add-on payment,  .",38589.34,,,,,,,Case Rate,"Medicare Base Rate times Standard Inpatient Weight. 100 percent of Medicare DRG. Add-on payment,  . 100 percent of Medicare DRG. Add-on payment,  .",38589.34,,,,,,,Case Rate,"Medicare Base Rate times Standard Inpatient Weight. 100 percent of Medicare DRG. Add-on payment,  . 100 percent of Medicare DRG. Add-on payment,  .",38589.34,,,,,,,Case Rate,"Medicare Base Rate times Standard Inpatient Weight. 100 percent of Medicare DRG. Add-on payment,  . 100 percent of Medicare DRG. Add-on payment,  .",38589.34,,,,,,,Case Rate,"Medicare Base Rate times Standard Inpatient Weight. 100 percent of Medicare DRG. Add-on payment,  . 100 percent of Medicare DRG. Add-on payment,  .",112281.27,,,,,,,Case Rate,"Medicare Base Rate times Standard Inpatient Weight. Outlier (25+) per Diem $7,671.00. Add-on payment, and lesser of 100% of billed charges. Outlier (25+) per Diem $7,671.00. Add-on payment, and lesser of 100% of billed charges.",168356.1,,,,,,,Case Rate,"Medicare Base Rate times Standard Inpatient Weight. GMLOS + 6 Outlier per Diem $11,932.00. Add-on payment, and lesser of 100% of billed charges. GMLOS + 6 Outlier per Diem $11,932.00. Add-on payment, and lesser of 100% of billed charges.",,,,,,,,," ",,,,,,,,," ",,,,,,,,," ",,,,,,,,," ",,,,,,,,," ",,,,,,,,," ",168356.1,,,,,,,Case Rate,"Medicare Base Rate times Standard Inpatient Weight. GMLOS + 6 Outlier per Diem $11,932.00. Add-on payment, and lesser of 100% of billed charges. GMLOS + 6 Outlier per Diem $11,932.00. Add-on payment, and lesser of 100% of billed charges.",101299.17,,,,,,,Case Rate,. 200 percent of Medicare 200 percent of Medicare,101299.17,,,,,,,Case Rate,. 200 percent of Medicare 200 percent of Medicare,101299.17,,,,,,,Case Rate,. 200 percent of Medicare 200 percent of Medicare,101299.17,,,,,,,Case Rate,. 200 percent of Medicare 200 percent of Medicare,101299.17,,,,,,,Case Rate,. 200 percent of Medicare 200 percent of Medicare,38589.34,,,,,,,Case Rate,"Medicare Base Rate times Standard Inpatient Weight. 100 percent of Medicare DRG. Add-on payment,  . 100 percent of Medicare DRG. Add-on payment,  .",114135.33,,,,,,,Case Rate,"Medicare Base Rate times Standard Inpatient Weight. Add-on payment, and lesser of 100% of billed charges. Add-on payment, and lesser of 100% of billed charges.",114135.33,,,,,,,Case Rate,"Medicare Base Rate times Standard Inpatient Weight. Add-on payment, and lesser of 100% of billed charges. Add-on payment, and lesser of 100% of billed charges.",114135.33,,,,,,,Case Rate,"Medicare Base Rate times Standard Inpatient Weight. Add-on payment, and lesser of 100% of billed charges. Add-on payment, and lesser of 100% of billed charges.",114135.33,,,,,,,Case Rate,"Medicare Base Rate times Standard Inpatient Weight. Add-on payment, and lesser of 100% of billed charges. Add-on payment, and lesser of 100% of billed charges.",100963.34,,,,,,,Case Rate,"Medicare Base Rate times Standard Inpatient Weight. GMLOS + 8 Outlier per Diem $6,968.00. Add-on payment, and lesser of 100% of billed charges. GMLOS + 8 Outlier per Diem $6,968.00. Add-on payment, and lesser of 100% of billed charges.",100963.34,,,,,,,Case Rate,"Medicare Base Rate times Standard Inpatient Weight. GMLOS + 8 Outlier per Diem $6,968.00. Add-on payment, and lesser of 100% of billed charges. GMLOS + 8 Outlier per Diem $6,968.00. Add-on payment, and lesser of 100% of billed charges.",100963.34,,,,,,,Case Rate,"Medicare Base Rate times Standard Inpatient Weight. GMLOS + 8 Outlier per Diem $6,968.00. Add-on payment, and lesser of 100% of billed charges. GMLOS + 8 Outlier per Diem $6,968.00. Add-on payment, and lesser of 100% of billed charges.",100963.34,,,,,,,Case Rate,"Medicare Base Rate times Standard Inpatient Weight. GMLOS + 8 Outlier per Diem $6,968.00. Add-on payment, and lesser of 100% of billed charges. GMLOS + 8 Outlier per Diem $6,968.00. Add-on payment, and lesser of 100% of billed charges.",168356.1,,,,,,,Case Rate,"Medicare Base Rate times Standard Inpatient Weight. GMLOS + 6 Outlier per Diem $11,932.00. Add-on payment, and lesser of 100% of billed charges. GMLOS + 6 Outlier per Diem $11,932.00. Add-on payment, and lesser of 100% of billed charges.",168356.1,,,,,,,Case Rate,"Medicare Base Rate times Standard Inpatient Weight. GMLOS + 6 Outlier per Diem $11,932.00. Add-on payment, and lesser of 100% of billed charges. GMLOS + 6 Outlier per Diem $11,932.00. Add-on payment, and lesser of 100% of billed charges.",38589.34,,,,,,,Case Rate,"Medicare Base Rate times Standard Inpatient Weight. 100 percent of Medicare DRG. Add-on payment,  . 100 percent of Medicare DRG. Add-on payment,  .",38589.34,,,,,,,Case Rate,"Medicare Base Rate times Standard Inpatient Weight. 100 percent of Medicare DRG. Add-on payment,  . 100 percent of Medicare DRG. Add-on payment,  .",38589.34,,,,,,,Case Rate,"Medicare Base Rate times Standard Inpatient Weight. 100 percent of Medicare DRG. Add-on payment,  . 100 percent of Medicare DRG. Add-on payment,  .",159778.63,,,,,,,Case Rate,"Medicare Base Rate times Standard Inpatient Weight. GMLOS + 6 Outlier per Diem $9,081.00 Add-on payment, and lesser of 100% of billed charges. GMLOS + 6 Outlier per Diem $9,081.00 Add-on payment, and lesser of 100% of billed charges.",159778.63,,,,,,,Case Rate,"Medicare Base Rate times Standard Inpatient Weight. GMLOS + 6 Outlier per Diem $9,081.00 Add-on payment, and lesser of 100% of billed charges. GMLOS + 6 Outlier per Diem $9,081.00 Add-on payment, and lesser of 100% of billed charges.",159778.63,,,,,,,Case Rate,"Medicare Base Rate times Standard Inpatient Weight. GMLOS + 6 Outlier per Diem $9,081.00 Add-on payment, and lesser of 100% of billed charges. GMLOS + 6 Outlier per Diem $9,081.00 Add-on payment, and lesser of 100% of billed charges.",168356.1,,,,,,,Case Rate,"Medicare Base Rate times Standard Inpatient Weight. GMLOS + 6 Outlier per Diem $11,932.00. Add-on payment, and lesser of 100% of billed charges. GMLOS + 6 Outlier per Diem $11,932.00. Add-on payment, and lesser of 100% of billed charges.",100963.34,,,,,,,Case Rate,"Medicare Base Rate times Standard Inpatient Weight. GMLOS + 8 Outlier per Diem $6,968.00. Add-on payment, and lesser of 100% of billed charges. GMLOS + 8 Outlier per Diem $6,968.00. Add-on payment, and lesser of 100% of billed charges.",38589.34,,,,,,,Case Rate,"Medicare Base Rate times Standard Inpatient Weight. 100 percent of Medicare DRG. Add-on payment,  . 100 percent of Medicare DRG. Add-on payment,  .",157390.4,,,,,,,Case Rate,"Medicare Base Rate times Standard Inpatient Weight. GMLOS + 6 Outlier per Diem $9,081.00 Add-on payment, and lesser of 100% of billed charges. GMLOS + 6 Outlier per Diem $9,081.00 Add-on payment, and lesser of 100% of billed charges.",,,,,,,,," ",39361.12,,,,,,,Case Rate,"Medicare Base Rate times Standard Inpatient Weight. 100 percent of Medicare DRG. Add-on payment, and lesser of 100% of billed charges. 100 percent of Medicare DRG. Add-on payment, and lesser of 100% of billed charges.",39361.12,,,,,,,Case Rate,"Medicare Base Rate times Standard Inpatient Weight. 100 percent of Medicare DRG. Add-on payment, and lesser of 100% of billed charges. 100 percent of Medicare DRG. Add-on payment, and lesser of 100% of billed charges.",39361.12,,,,,,,Case Rate,"Medicare Base Rate times Standard Inpatient Weight. 100 percent of Medicare DRG. Add-on payment, and lesser of 100% of billed charges. 100 percent of Medicare DRG. Add-on payment, and lesser of 100% of billed charges.",,,,,,,,," ",,,,,,,,," ",,,,,,,,," ",,,,,,,,," ",,,,,,,,," ",,,,,,,,," ",39361.12,,,,,,,Case Rate,"Medicare Base Rate times Standard Inpatient Weight. 100 percent of Medicare DRG. Add-on payment, and lesser of 100% of billed charges. 100 percent of Medicare DRG. Add-on payment, and lesser of 100% of billed charges.",,,,,,,,," ",,,,,,,,," ",,,,,,,,," ",,,,,,,,," ",,,,,,,,," ",,,,,,,,," ",,,,,,,,," ",38589.34,,,,,,,Case Rate,"Medicare Base Rate times Standard Inpatient Weight. 100 percent of Medicare DRG. Add-on payment,  . 100 percent of Medicare DRG. Add-on payment,  .",38589.34,,,,,,,Case Rate,"Medicare Base Rate times Standard Inpatient Weight. 100 percent of Medicare DRG. Add-on payment,  . 100 percent of Medicare DRG. Add-on payment,  .",100963.34,,,,,,,Case Rate,"Medicare Base Rate times Standard Inpatient Weight. GMLOS + 8 Outlier per Diem $6,968.00. Add-on payment, and lesser of 100% of billed charges. GMLOS + 8 Outlier per Diem $6,968.00. Add-on payment, and lesser of 100% of billed charges.",38589.34,,,,,,,Case Rate,"Medicare Base Rate times Standard Inpatient Weight. 100 percent of Medicare DRG. Add-on payment,  . 100 percent of Medicare DRG. Add-on payment,  .",,,,,,,,," ",,,,,,,,," ",,,,,,,,," ",,,,,,,,," ",,,,,,,,," ",,,,,,,,," ",,,,,,,,," ",,,,,,,,," ",,,,,,,,," ",,,,,,,,," ",,,,,,,,," ",168356.1,,,,,,,Case Rate,"Medicare Base Rate times Standard Inpatient Weight. GMLOS + 6 Outlier per Diem $11,932.00. Add-on payment, and lesser of 100% of billed charges. GMLOS + 6 Outlier per Diem $11,932.00. Add-on payment, and lesser of 100% of billed charges.",,,,,,,,," ",,,,,,,,," ",,,,,,,,," ",,,,,,,,," ",159778.63,,,,,,,Case Rate,"Medicare Base Rate times Standard Inpatient Weight. GMLOS + 6 Outlier per Diem $9,081.00 Add-on payment, and lesser of 100% of billed charges. GMLOS + 6 Outlier per Diem $9,081.00 Add-on payment, and lesser of 100% of billed charges.",157390.4,,,,,,,Case Rate,"Medicare Base Rate times Standard Inpatient Weight. GMLOS + 6 Outlier per Diem $9,081.00 Add-on payment, and lesser of 100% of billed charges. GMLOS + 6 Outlier per Diem $9,081.00 Add-on payment, and lesser of 100% of billed charges.",38589.34,,,,,,,Case Rate,"Medicare Base Rate times Standard Inpatient Weight. 100 percent of Medicare DRG. Add-on payment,  . 100 percent of Medicare DRG. Add-on payment,  .",157390.4,,,,,,,Case Rate,"Medicare Base Rate times Standard Inpatient Weight. GMLOS + 6 Outlier per Diem $9,081.00 Add-on payment, and lesser of 100% of billed charges. GMLOS + 6 Outlier per Diem $9,081.00 Add-on payment, and lesser of 100% of billed charges.",159778.63,,,,,,,Case Rate,"Medicare Base Rate times Standard Inpatient Weight. GMLOS + 6 Outlier per Diem $9,081.00 Add-on payment, and lesser of 100% of billed charges. GMLOS + 6 Outlier per Diem $9,081.00 Add-on payment, and lesser of 100% of billed charges.",159778.63,,,,,,,Case Rate,"Medicare Base Rate times Standard Inpatient Weight. GMLOS + 6 Outlier per Diem $9,081.00 Add-on payment, and lesser of 100% of billed charges. GMLOS + 6 Outlier per Diem $9,081.00 Add-on payment, and lesser of 100% of billed charges.",157390.4,,,,,,,Case Rate,"Medicare Base Rate times Standard Inpatient Weight. GMLOS + 6 Outlier per Diem $9,081.00 Add-on payment, and lesser of 100% of billed charges. GMLOS + 6 Outlier per Diem $9,081.00 Add-on payment, and lesser of 100% of billed charges.",38589.34,,,,,,,Case Rate,"Medicare Base Rate times Standard Inpatient Weight. 100 percent of Medicare DRG. Add-on payment,  . 100 percent of Medicare DRG. Add-on payment,  .",157390.4,,,,,,,Case Rate,"Medicare Base Rate times Standard Inpatient Weight. GMLOS + 6 Outlier per Diem $9,081.00 Add-on payment, and lesser of 100% of billed charges. GMLOS + 6 Outlier per Diem $9,081.00 Add-on payment, and lesser of 100% of billed charges.",159778.63,,,,,,,Case Rate,"Medicare Base Rate times Standard Inpatient Weight. GMLOS + 6 Outlier per Diem $9,081.00 Add-on payment, and lesser of 100% of billed charges. GMLOS + 6 Outlier per Diem $9,081.00 Add-on payment, and lesser of 100% of billed charges.",100963.34,,,,,,,Case Rate,"Medicare Base Rate times Standard Inpatient Weight. GMLOS + 8 Outlier per Diem $6,968.00. Add-on payment, and lesser of 100% of billed charges. GMLOS + 8 Outlier per Diem $6,968.00. Add-on payment, and lesser of 100% of billed charges.",,,,,,,,," ",,,,,,,,," ",,,,,,,,," ",,,,,,,,," ",,,,,,,,," ",,,,,,,,," ",,,,,,,,," ",,,,,,,,," ",,,,,,,,," ",,,,,,,,," ",,,,,,,,," ",,,,,,,,," ",,,,,,,,," ",,,,,,,,," ",112281.27,,,,,,,Case Rate,"Medicare Base Rate times Standard Inpatient Weight. Outlier (25+) per Diem $7,671.00. Add-on payment, and lesser of 100% of billed charges. Outlier (25+) per Diem $7,671.00. Add-on payment, and lesser of 100% of billed charges.",,,,,,,,," ",38589.34,,,,,,,Case Rate,"Medicare Base Rate times Standard Inpatient Weight. 100 percent of Medicare DRG. Add-on payment,  . 100 percent of Medicare DRG. Add-on payment,  .",124222.38,,,,,,,Case Rate,Medicare Base Rate times Standard Inpatient Weight. Local 1199 High/Low day Outlier Local 1199 High/Low day Outlier,38589.34,,,,,,,Case Rate,"Medicare Base Rate times Standard Inpatient Weight. 100 percent of Medicare DRG. Add-on payment,  . 100 percent of Medicare DRG. Add-on payment,  .",38589.34,,,,,,,Case Rate,"Medicare Base Rate times Standard Inpatient Weight. 100 percent of Medicare DRG. Add-on payment,  . 100 percent of Medicare DRG. Add-on payment,  .",,,,,,,,," ",,,,,,,,," ",,,,,,,,," ",,,,,,,,," ",,,,,,,,," ",97677.11,,,,,,,Case Rate,"Medicare Base Rate times Standard Inpatient Weight. GMLOS + 8 Outlier per Diem $4,623.00. Add-on payment, and lesser of 100% of billed charges. GMLOS + 8 Outlier per Diem $4,623.00. Add-on payment, and lesser of 100% of billed charges.",100963.34,,,,,,,Case Rate,"Medicare Base Rate times Standard Inpatient Weight. GMLOS + 8 Outlier per Diem $6,968.00. Add-on payment, and lesser of 100% of billed charges. GMLOS + 8 Outlier per Diem $6,968.00. Add-on payment, and lesser of 100% of billed charges.",114909.47,,,,,,,Case Rate,"Medicare Base Rate times Standard Inpatient Weight. Add-on payment, and lesser of 100% of billed charges. Add-on payment, and lesser of 100% of billed charges.",112281.27,,,,,,,Case Rate,"Medicare Base Rate times Standard Inpatient Weight. Outlier (25+) per Diem $7,671.00. Add-on payment, and lesser of 100% of billed charges. Outlier (25+) per Diem $7,671.00. Add-on payment, and lesser of 100% of billed charges.",38589.34,,,,,,,Case Rate,"Medicare Base Rate times Standard Inpatient Weight. 100 percent of Medicare DRG. Add-on payment, . 100 percent of Medicare DRG. Add-on payment, .",38589.34,,,,,,,Case Rate,"Medicare Base Rate times Standard Inpatient Weight. 100 percent of Medicare DRG. Add-on payment,  . 100 percent of Medicare DRG. Add-on payment,  .",38589.34,,,,,,,Case Rate,"Medicare Base Rate times Standard Inpatient Weight. 100 percent of Medicare DRG. Add-on payment,  . 100 percent of Medicare DRG. Add-on payment,  .",38589.34,,,,,,,Case Rate,"Medicare Base Rate times Standard Inpatient Weight. 100 percent of Medicare DRG. Add-on payment,  . 100 percent of Medicare DRG. Add-on payment,  .",38589.34,,,,,,,Case Rate,"Medicare Base Rate times Standard Inpatient Weight. 100 percent of Medicare DRG. Add-on payment, . 100 percent of Medicare DRG. Add-on payment, .",38589.34,,,,,,,Case Rate,"Medicare Base Rate times Standard Inpatient Weight. 100 percent of Medicare DRG. Add-on payment,  . 100 percent of Medicare DRG. Add-on payment,  .",,,,,,,,," ",,,,,,,,," ",,,,,,,,," ",159778.63,,,,,,,Case Rate,"Medicare Base Rate times Standard Inpatient Weight. GMLOS + 6 Outlier per Diem $9,081.00 Add-on payment, and lesser of 100% of billed charges. GMLOS + 6 Outlier per Diem $9,081.00 Add-on payment, and lesser of 100% of billed charges.",97677.11,,,,,,,Case Rate,"Medicare Base Rate times Standard Inpatient Weight. GMLOS + 8 Outlier per Diem $4,623.00. Add-on payment, and lesser of 100% of billed charges. GMLOS + 8 Outlier per Diem $4,623.00. Add-on payment, and lesser of 100% of billed charges.",97677.11,,,,,,,Case Rate,"Medicare Base Rate times Standard Inpatient Weight. GMLOS + 8 Outlier per Diem $4,623.00. Add-on payment, and lesser of 100% of billed charges. GMLOS + 8 Outlier per Diem $4,623.00. Add-on payment, and lesser of 100% of billed charges.",97677.11,,,,,,,Case Rate,"Medicare Base Rate times Standard Inpatient Weight. GMLOS + 8 Outlier per Diem $4,623.00. Add-on payment, and lesser of 100% of billed charges. GMLOS + 8 Outlier per Diem $4,623.00. Add-on payment, and lesser of 100% of billed charges.",97677.11,,,,,,,Case Rate,"Medicare Base Rate times Standard Inpatient Weight. GMLOS + 8 Outlier per Diem $4,623.00. Add-on payment, and lesser of 100% of billed charges. GMLOS + 8 Outlier per Diem $4,623.00. Add-on payment, and lesser of 100% of billed charges.",38589.34,,,,,,,Case Rate,"Medicare Base Rate times Standard Inpatient Weight. 100 percent of Medicare DRG. Add-on payment,  . 100 percent of Medicare DRG. Add-on payment,  .",,,,,,,,," ",159778.63,,,,,,,Case Rate,"Medicare Base Rate times Standard Inpatient Weight. GMLOS + 6 Outlier per Diem $9,081.00 Add-on payment, and lesser of 100% of billed charges. GMLOS + 6 Outlier per Diem $9,081.00 Add-on payment, and lesser of 100% of billed charges.",,,,,,,,," ",38589.34,,,,,,,Case Rate,"Medicare Base Rate times Standard Inpatient Weight. 100 percent of Medicare DRG. Add-on payment,  . 100 percent of Medicare DRG. Add-on payment,  .",,,,,,,,," ",38589.34,,,,,,,Case Rate,"Medicare Base Rate times Standard Inpatient Weight. 100 percent of Medicare DRG. Add-on payment,  . 100 percent of Medicare DRG. Add-on payment,  .",38589.34,,,,,,,Case Rate,"Medicare Base Rate times Standard Inpatient Weight. 100 percent of Medicare DRG. Add-on payment,  . 100 percent of Medicare DRG. Add-on payment,  .",,,,,,,,," ",,,,,,,,," ",97677.11,,,,,,,Case Rate,"Medicare Base Rate times Standard Inpatient Weight. GMLOS + 8 Outlier per Diem $4,623.00. Add-on payment, and lesser of 100% of billed charges. GMLOS + 8 Outlier per Diem $4,623.00. Add-on payment, and lesser of 100% of billed charges.",112281.27,,,,,,,Case Rate,"Medicare Base Rate times Standard Inpatient Weight. Outlier (25+) per Diem $7,671.00. Add-on payment, and lesser of 100% of billed charges. Outlier (25+) per Diem $7,671.00. Add-on payment, and lesser of 100% of billed charges.",,73,,,,,0,Percent of total billed charges,73 percent of charges.  ; No services were performed during the 15 month look back period.,147860.74,,,,,,,Case Rate,"Medicare Base Rate times Standard Inpatient Weight. AMLOS + 5 Outlier per Diem $7,362.00. Add-on payment, and lesser of 100% of billed charges. AMLOS + 5 Outlier per Diem $7,362.00. Add-on payment, and lesser of 100% of billed charges.",147860.74,,,,,,,Case Rate,"Medicare Base Rate times Standard Inpatient Weight. AMLOS + 5 Outlier per Diem $7,362.00. Add-on payment, and lesser of 100% of billed charges. AMLOS + 5 Outlier per Diem $7,362.00. Add-on payment, and lesser of 100% of billed charges.",100963.34,,,,,,,Case Rate,"Medicare Base Rate times Standard Inpatient Weight. GMLOS + 8 Outlier per Diem $6,968.00. Add-on payment, and lesser of 100% of billed charges. GMLOS + 8 Outlier per Diem $6,968.00. Add-on payment, and lesser of 100% of billed charges.",35888.08,,,,,,,Case Rate,"Medicare Base Rate times Standard Inpatient Weight. 93 percent of Medicare DRG. Add-on payment, and lesser of 100% of billed charges. 93 percent of Medicare DRG. Add-on payment, and lesser of 100% of billed charges.",114135.33,,,,,,,Case Rate,"Medicare Base Rate times Standard Inpatient Weight. Add-on payment, and lesser of 100% of billed charges. Add-on payment, and lesser of 100% of billed charges.",114135.33,,,,,,,Case Rate,"Medicare Base Rate times Standard Inpatient Weight. Add-on payment, and lesser of 100% of billed charges. Add-on payment, and lesser of 100% of billed charges.",125913.87,,,,,,,Case Rate,"Medicare Base Rate times Standard Inpatient Weight. GMLOS + 6 Outlier per Diem $7,265.00 Add-on payment, and lesser of 100% of billed charges. GMLOS + 6 Outlier per Diem $7,265.00 Add-on payment, and lesser of 100% of billed charges.",159778.63,,,,,,,Case Rate,"Medicare Base Rate times Standard Inpatient Weight. GMLOS + 6 Outlier per Diem $9,081.00 Add-on payment, and lesser of 100% of billed charges. GMLOS + 6 Outlier per Diem $9,081.00 Add-on payment, and lesser of 100% of billed charges.",38589.34,,,,,,,Case Rate,"Medicare Base Rate times Standard Inpatient Weight. 100 percent of Medicare DRG. Add-on payment,  . 100 percent of Medicare DRG. Add-on payment,  .",38589.34,,,,,,,Case Rate,"Medicare Base Rate times Standard Inpatient Weight. 100 percent of Medicare DRG. Add-on payment,  . 100 percent of Medicare DRG. Add-on payment,  .",38589.34,,,,,,,Case Rate,"Medicare Base Rate times Standard Inpatient Weight. 100 percent of Medicare DRG. Add-on payment,  . 100 percent of Medicare DRG. Add-on payment,  .",38589.34,,,,,,,Case Rate,"Medicare Base Rate times Standard Inpatient Weight. 100 percent of Medicare DRG. Add-on payment,  . 100 percent of Medicare DRG. Add-on payment,  .",147860.74,,,,,,,Case Rate,"Medicare Base Rate times Standard Inpatient Weight. AMLOS + 5 Outlier per Diem $7,362.00. Add-on payment, and lesser of 100% of billed charges. AMLOS + 5 Outlier per Diem $7,362.00. Add-on payment, and lesser of 100% of billed charges.",159778.63,,,,,,,Case Rate,"Medicare Base Rate times Standard Inpatient Weight. GMLOS + 6 Outlier per Diem $9,081.00 Add-on payment, and lesser of 100% of billed charges. GMLOS + 6 Outlier per Diem $9,081.00 Add-on payment, and lesser of 100% of billed charges.",159778.63,,,,,,,Case Rate,"Medicare Base Rate times Standard Inpatient Weight. GMLOS + 6 Outlier per Diem $9,081.00 Add-on payment, and lesser of 100% of billed charges. GMLOS + 6 Outlier per Diem $9,081.00 Add-on payment, and lesser of 100% of billed charges.",38589.34,,,,,,,Case Rate,"Medicare Base Rate times Standard Inpatient Weight. 100 percent of Medicare DRG. Add-on payment,  . 100 percent of Medicare DRG. Add-on payment,  .",125913.87,,,,,,,Case Rate,"Medicare Base Rate times Standard Inpatient Weight. GMLOS + 6 Outlier per Diem $7,265.00 Add-on payment, and lesser of 100% of billed charges. GMLOS + 6 Outlier per Diem $7,265.00 Add-on payment, and lesser of 100% of billed charges.",114909.47,,,,,,,Case Rate,"Medicare Base Rate times Standard Inpatient Weight. Add-on payment, and lesser of 100% of billed charges. Add-on payment, and lesser of 100% of billed charges.",,,,,,,,," ",,,,,,,,," ",97677.11,,,,,,,Case Rate,"Medicare Base Rate times Standard Inpatient Weight. GMLOS + 8 Outlier per Diem $4,623.00. Add-on payment, and lesser of 100% of billed charges. GMLOS + 8 Outlier per Diem $4,623.00. Add-on payment, and lesser of 100% of billed charges.",141652.14,,,,,,,Case Rate,"Medicare Base Rate times Standard Inpatient Weight. GMLOS + 6 Outlier per Diem $8,173.00 Add-on payment, and lesser of 100% of billed charges. GMLOS + 6 Outlier per Diem $8,173.00 Add-on payment, and lesser of 100% of billed charges.",159778.63,,,,,,,Case Rate,"Medicare Base Rate times Standard Inpatient Weight. GMLOS + 6 Outlier per Diem $9,081.00 Add-on payment, and lesser of 100% of billed charges. GMLOS + 6 Outlier per Diem $9,081.00 Add-on payment, and lesser of 100% of billed charges.",159778.63,,,,,,,Case Rate,"Medicare Base Rate times Standard Inpatient Weight. GMLOS + 6 Outlier per Diem $9,081.00 Add-on payment, and lesser of 100% of billed charges. GMLOS + 6 Outlier per Diem $9,081.00 Add-on payment, and lesser of 100% of billed charges.",116001.01,,,,,,,Case Rate,"Medicare Base Rate times Standard Inpatient Weight. GMLOS + 6 Outlier per Diem $8,221.00. Add-on payment, and lesser of 100% of billed charges. GMLOS + 6 Outlier per Diem $8,221.00. Add-on payment, and lesser of 100% of billed charges.",38589.34,,,,,,,Case Rate,"Medicare Base Rate times Standard Inpatient Weight. 100 percent of Medicare DRG. Add-on payment, . 100 percent of Medicare DRG. Add-on payment, .",,,,,,,,," ",,,,,,,,," ",,,,,,,,," ",,,,,,,,," ",147860.74,,,,,,,Case Rate,"Medicare Base Rate times Standard Inpatient Weight. AMLOS + 5 Outlier per Diem $7,362.00. Add-on payment, and lesser of 100% of billed charges. AMLOS + 5 Outlier per Diem $7,362.00. Add-on payment, and lesser of 100% of billed charges.",,,,,,,,," ",,,,,,,,," ",,,,,,,,," ",,,,,,,,," ",,,,,,,,," ",,,,,,,,," ",,,,,,,,," ",38589.34,,,,,,,Case Rate,"Medicare Base Rate times Standard Inpatient Weight. 100 percent of Medicare DRG. Add-on payment,  . 100 percent of Medicare DRG. Add-on payment,  .",147860.74,,,,,,,Case Rate,"Medicare Base Rate times Standard Inpatient Weight. AMLOS + 5 Outlier per Diem $7,362.00. Add-on payment, and lesser of 100% of billed charges. AMLOS + 5 Outlier per Diem $7,362.00. Add-on payment, and lesser of 100% of billed charges.",38589.34,,,,,,,Case Rate,"Medicare Base Rate times Standard Inpatient Weight. 100 percent of Medicare DRG. Add-on payment,  . 100 percent of Medicare DRG. Add-on payment,  .",,,,,,,,," ",159778.63,,,,,,,Case Rate,"Medicare Base Rate times Standard Inpatient Weight. GMLOS + 6 Outlier per Diem $9,081.00 Add-on payment, and lesser of 100% of billed charges. GMLOS + 6 Outlier per Diem $9,081.00 Add-on payment, and lesser of 100% of billed charges.",38589.34,,,,,,,Case Rate,"Medicare Base Rate times Standard Inpatient Weight. 100 percent of Medicare DRG. Add-on payment,  . 100 percent of Medicare DRG. Add-on payment,  .",159778.63,,,,,,,Case Rate,"Medicare Base Rate times Standard Inpatient Weight. GMLOS + 6 Outlier per Diem $9,081.00 Add-on payment, and lesser of 100% of billed charges. GMLOS + 6 Outlier per Diem $9,081.00 Add-on payment, and lesser of 100% of billed charges.",159778.63,,,,,,,Case Rate,"Medicare Base Rate times Standard Inpatient Weight. GMLOS + 6 Outlier per Diem $9,081.00 Add-on payment, and lesser of 100% of billed charges. GMLOS + 6 Outlier per Diem $9,081.00 Add-on payment, and lesser of 100% of billed charges.",159778.63,,,,,,,Case Rate,"Medicare Base Rate times Standard Inpatient Weight. GMLOS + 6 Outlier per Diem $9,081.00 Add-on payment, and lesser of 100% of billed charges. GMLOS + 6 Outlier per Diem $9,081.00 Add-on payment, and lesser of 100% of billed charges.",,,,,,,,," ",38589.34,,,,,,,Case Rate,"Medicare Base Rate times Standard Inpatient Weight. 100 percent of Medicare DRG. Add-on payment,  . 100 percent of Medicare DRG. Add-on payment,  .",159778.63,,,,,,,Case Rate,"Medicare Base Rate times Standard Inpatient Weight. GMLOS + 6 Outlier per Diem $9,081.00 Add-on payment, and lesser of 100% of billed charges. GMLOS + 6 Outlier per Diem $9,081.00 Add-on payment, and lesser of 100% of billed charges.",,,,,,,,," ",159778.63,,,,,,,Case Rate,"Medicare Base Rate times Standard Inpatient Weight. GMLOS + 6 Outlier per Diem $9,081.00 Add-on payment, and lesser of 100% of billed charges. GMLOS + 6 Outlier per Diem $9,081.00 Add-on payment, and lesser of 100% of billed charges.",40518.8,,,,,,,Case Rate,"105% of the Diagnostic Related Group fee schedule established by CMS for Medicare in force as of the date of payment.. Delay in Discharge per diem $4,007 Delay in Discharge per diem $4,007",38589.34,,,,,,,Case Rate,"Medicare Base Rate times Standard Inpatient Weight. 100 percent of Medicare DRG. Add-on payment, . 100 percent of Medicare DRG. Add-on payment, .",97677.11,,,,,,,Case Rate,"Medicare Base Rate times Standard Inpatient Weight. GMLOS + 8 Outlier per Diem $4,623.00. Add-on payment, and lesser of 100% of billed charges. GMLOS + 8 Outlier per Diem $4,623.00. Add-on payment, and lesser of 100% of billed charges.",97677.11,,,,,,,Case Rate,"Medicare Base Rate times Standard Inpatient Weight. GMLOS + 8 Outlier per Diem $4,623.00. Add-on payment, and lesser of 100% of billed charges. GMLOS + 8 Outlier per Diem $4,623.00. Add-on payment, and lesser of 100% of billed charges.",97677.11,,,,,,,Case Rate,"Medicare Base Rate times Standard Inpatient Weight. GMLOS + 8 Outlier per Diem $4,623.00. Add-on payment, and lesser of 100% of billed charges. GMLOS + 8 Outlier per Diem $4,623.00. Add-on payment, and lesser of 100% of billed charges.",97677.11,,,,,,,Case Rate,"Medicare Base Rate times Standard Inpatient Weight. GMLOS + 8 Outlier per Diem $4,623.00. Add-on payment, and lesser of 100% of billed charges. GMLOS + 8 Outlier per Diem $4,623.00. Add-on payment, and lesser of 100% of billed charges.",97677.11,,,,,,,Case Rate,"Medicare Base Rate times Standard Inpatient Weight. GMLOS + 8 Outlier per Diem $4,623.00. Add-on payment, and lesser of 100% of billed charges. GMLOS + 8 Outlier per Diem $4,623.00. Add-on payment, and lesser of 100% of billed charges.",114909.47,,,,,,,Case Rate,"Medicare Base Rate times Standard Inpatient Weight. Add-on payment, and lesser of 100% of billed charges. Add-on payment, and lesser of 100% of billed charges.",114909.47,,,,,,,Case Rate,"Medicare Base Rate times Standard Inpatient Weight. Add-on payment, and lesser of 100% of billed charges. Add-on payment, and lesser of 100% of billed charges.",97677.11,,,,,,,Case Rate,"Medicare Base Rate times Standard Inpatient Weight. GMLOS + 8 Outlier per Diem $4,623.00. Add-on payment, and lesser of 100% of billed charges. GMLOS + 8 Outlier per Diem $4,623.00. Add-on payment, and lesser of 100% of billed charges.",97677.11,,,,,,,Case Rate,"Medicare Base Rate times Standard Inpatient Weight. GMLOS + 8 Outlier per Diem $4,623.00. Add-on payment, and lesser of 100% of billed charges. GMLOS + 8 Outlier per Diem $4,623.00. Add-on payment, and lesser of 100% of billed charges.",97677.11,,,,,,,Case Rate,"Medicare Base Rate times Standard Inpatient Weight. GMLOS + 8 Outlier per Diem $4,623.00. Add-on payment, and lesser of 100% of billed charges. GMLOS + 8 Outlier per Diem $4,623.00. Add-on payment, and lesser of 100% of billed charges.",97677.11,,,,,,,Case Rate,"Medicare Base Rate times Standard Inpatient Weight. GMLOS + 8 Outlier per Diem $4,623.00. Add-on payment, and lesser of 100% of billed charges. GMLOS + 8 Outlier per Diem $4,623.00. Add-on payment, and lesser of 100% of billed charges.",97677.11,,,,,,,Case Rate,"Medicare Base Rate times Standard Inpatient Weight. GMLOS + 8 Outlier per Diem $4,623.00. Add-on payment, and lesser of 100% of billed charges. GMLOS + 8 Outlier per Diem $4,623.00. Add-on payment, and lesser of 100% of billed charges.",38589.34,,,,,,,Case Rate,"Medicare Base Rate times Standard Inpatient Weight. 100 percent of Medicare DRG. Add-on payment,  . 100 percent of Medicare DRG. Add-on payment,  .",114909.47,,,,,,,Case Rate,"Medicare Base Rate times Standard Inpatient Weight. Add-on payment, and lesser of 100% of billed charges. Add-on payment, and lesser of 100% of billed charges.",38589.34,,,,,,,Case Rate,"Medicare Base Rate times Standard Inpatient Weight. 100 percent of Medicare DRG. Add-on payment,  . 100 percent of Medicare DRG. Add-on payment,  .",,,,,,,,," ",,,,,,,,," ",147860.74,,,,,,,Case Rate,"Medicare Base Rate times Standard Inpatient Weight. AMLOS + 5 Outlier per Diem $7,362.00. Add-on payment, and lesser of 100% of billed charges. AMLOS + 5 Outlier per Diem $7,362.00. Add-on payment, and lesser of 100% of billed charges.",147860.74,,,,,,,Case Rate,"Medicare Base Rate times Standard Inpatient Weight. AMLOS + 5 Outlier per Diem $7,362.00. Add-on payment, and lesser of 100% of billed charges. AMLOS + 5 Outlier per Diem $7,362.00. Add-on payment, and lesser of 100% of billed charges.",38589.34,,,,,,,Case Rate,"Medicare Base Rate times Standard Inpatient Weight. 100 percent of Medicare DRG. Add-on payment,  . 100 percent of Medicare DRG. Add-on payment,  .",114135.33,,,,,,,Case Rate,"Medicare Base Rate times Standard Inpatient Weight. Add-on payment, and lesser of 100% of billed charges. Add-on payment, and lesser of 100% of billed charges.",38589.34,,,,,,,Case Rate,"Medicare Base Rate times Standard Inpatient Weight. 100 percent of Medicare DRG. Add-on payment,  . 100 percent of Medicare DRG. Add-on payment,  .",38589.34,,,,,,,Case Rate,"Medicare Base Rate times Standard Inpatient Weight. 100 percent of Medicare DRG. Add-on payment,  . 100 percent of Medicare DRG. Add-on payment,  .",100963.34,,,,,,,Case Rate,"Medicare Base Rate times Standard Inpatient Weight. GMLOS + 8 Outlier per Diem $6,968.00. Add-on payment, and lesser of 100% of billed charges. GMLOS + 8 Outlier per Diem $6,968.00. Add-on payment, and lesser of 100% of billed charges.",38589.34,,,,,,,Case Rate,"Medicare Base Rate times Standard Inpatient Weight. 100 percent of Medicare DRG. Add-on payment,  . 100 percent of Medicare DRG. Add-on payment,  .",112281.27,,,,,,,Case Rate,"Medicare Base Rate times Standard Inpatient Weight. Outlier (25+) per Diem $7,671.00. Add-on payment, and lesser of 100% of billed charges. Outlier (25+) per Diem $7,671.00. Add-on payment, and lesser of 100% of billed charges.",38589.34,,,,,,,Case Rate,"Medicare Base Rate times Standard Inpatient Weight. 100 percent of Medicare DRG. Add-on payment,  . 100 percent of Medicare DRG. Add-on payment,  .",112281.27,,,,,,,Case Rate,"Medicare Base Rate times Standard Inpatient Weight. Outlier (25+) per Diem $7,671.00. Add-on payment, and lesser of 100% of billed charges. Outlier (25+) per Diem $7,671.00. Add-on payment, and lesser of 100% of billed charges.",100963.34,,,,,,,Case Rate,"Medicare Base Rate times Standard Inpatient Weight. GMLOS + 8 Outlier per Diem $6,968.00. Add-on payment, and lesser of 100% of billed charges. GMLOS + 8 Outlier per Diem $6,968.00. Add-on payment, and lesser of 100% of billed charges.",112281.27,,,,,,,Case Rate,"Medicare Base Rate times Standard Inpatient Weight. Outlier (25+) per Diem $7,671.00. Add-on payment, and lesser of 100% of billed charges. Outlier (25+) per Diem $7,671.00. Add-on payment, and lesser of 100% of billed charges.",38589.34,,,,,,,Case Rate,"Medicare Base Rate times Standard Inpatient Weight. 100 percent of Medicare DRG. Add-on payment,  . 100 percent of Medicare DRG. Add-on payment,  .",,,,,,,,," ",38589.34,,,,,,,Case Rate,"Medicare Base Rate times Standard Inpatient Weight. 100 percent of Medicare DRG. Add-on payment,  . 100 percent of Medicare DRG. Add-on payment,  .",112281.27,,,,,,,Case Rate,"Medicare Base Rate times Standard Inpatient Weight. Outlier (25+) per Diem $7,671.00. Add-on payment, and lesser of 100% of billed charges. Outlier (25+) per Diem $7,671.00. Add-on payment, and lesser of 100% of billed charges.",147860.74,,,,,,,Case Rate,"Medicare Base Rate times Standard Inpatient Weight. AMLOS + 5 Outlier per Diem $7,362.00. Add-on payment, and lesser of 100% of billed charges. AMLOS + 5 Outlier per Diem $7,362.00. Add-on payment, and lesser of 100% of billed charges.",,,,,,,,," ",159778.63,,,,,,,Case Rate,"Medicare Base Rate times Standard Inpatient Weight. GMLOS + 6 Outlier per Diem $9,081.00 Add-on payment, and lesser of 100% of billed charges. GMLOS + 6 Outlier per Diem $9,081.00 Add-on payment, and lesser of 100% of billed charges.",,,,,,,,," ",,,,,,,,," ",157390.4,,,,,,,Case Rate,"Medicare Base Rate times Standard Inpatient Weight. GMLOS + 6 Outlier per Diem $9,081.00 Add-on payment, and lesser of 100% of billed charges. GMLOS + 6 Outlier per Diem $9,081.00 Add-on payment, and lesser of 100% of billed charges.",157390.4,,,,,,,Case Rate,"Medicare Base Rate times Standard Inpatient Weight. GMLOS + 6 Outlier per Diem $9,081.00 Add-on payment, and lesser of 100% of billed charges. GMLOS + 6 Outlier per Diem $9,081.00 Add-on payment, and lesser of 100% of billed charges.",159778.63,,,,,,,Case Rate,"Medicare Base Rate times Standard Inpatient Weight. GMLOS + 6 Outlier per Diem $9,081.00 Add-on payment, and lesser of 100% of billed charges. GMLOS + 6 Outlier per Diem $9,081.00 Add-on payment, and lesser of 100% of billed charges.",147860.74,,,,,,,Case Rate,"Medicare Base Rate times Standard Inpatient Weight. AMLOS + 5 Outlier per Diem $7,362.00. Add-on payment, and lesser of 100% of billed charges. AMLOS + 5 Outlier per Diem $7,362.00. Add-on payment, and lesser of 100% of billed charges.",159778.63,,,,,,,Case Rate,"Medicare Base Rate times Standard Inpatient Weight. GMLOS + 6 Outlier per Diem $9,081.00 Add-on payment, and lesser of 100% of billed charges. GMLOS + 6 Outlier per Diem $9,081.00 Add-on payment, and lesser of 100% of billed charges.",157390.4,,,,,,,Case Rate,"Medicare Base Rate times Standard Inpatient Weight. GMLOS + 6 Outlier per Diem $9,081.00 Add-on payment, and lesser of 100% of billed charges. GMLOS + 6 Outlier per Diem $9,081.00 Add-on payment, and lesser of 100% of billed charges.",159778.63,,,,,,,Case Rate,"Medicare Base Rate times Standard Inpatient Weight. GMLOS + 6 Outlier per Diem $9,081.00 Add-on payment, and lesser of 100% of billed charges. GMLOS + 6 Outlier per Diem $9,081.00 Add-on payment, and lesser of 100% of billed charges.",97677.11,,,,,,,Case Rate,"Medicare Base Rate times Standard Inpatient Weight. GMLOS + 8 Outlier per Diem $4,623.00. Add-on payment, and lesser of 100% of billed charges. GMLOS + 8 Outlier per Diem $4,623.00. Add-on payment, and lesser of 100% of billed charges.",97677.11,,,,,,,Case Rate,"Medicare Base Rate times Standard Inpatient Weight. GMLOS + 8 Outlier per Diem $4,623.00. Add-on payment, and lesser of 100% of billed charges. GMLOS + 8 Outlier per Diem $4,623.00. Add-on payment, and lesser of 100% of billed charges.",101299.17,,,,,,,Case Rate,. 200 percent of Medicare 200 percent of Medicare,,,,,,,,," ",147860.74,,,,,,,Case Rate,"Medicare Base Rate times Standard Inpatient Weight. AMLOS + 5 Outlier per Diem $7,362.00. Add-on payment, and lesser of 100% of billed charges. AMLOS + 5 Outlier per Diem $7,362.00. Add-on payment, and lesser of 100% of billed charges.",112281.27,,,,,,,Case Rate,"Medicare Base Rate times Standard Inpatient Weight. Outlier (25+) per Diem $7,671.00. Add-on payment, and lesser of 100% of billed charges. Outlier (25+) per Diem $7,671.00. Add-on payment, and lesser of 100% of billed charges.",100963.34,,,,,,,Case Rate,"Medicare Base Rate times Standard Inpatient Weight. GMLOS + 8 Outlier per Diem $6,968.00. Add-on payment, and lesser of 100% of billed charges. GMLOS + 8 Outlier per Diem $6,968.00. Add-on payment, and lesser of 100% of billed charges.",147860.74,,,,,,,Case Rate,"Medicare Base Rate times Standard Inpatient Weight. AMLOS + 5 Outlier per Diem $7,362.00. Add-on payment, and lesser of 100% of billed charges. AMLOS + 5 Outlier per Diem $7,362.00. Add-on payment, and lesser of 100% of billed charges.",100963.34,,,,,,,Case Rate,"Medicare Base Rate times Standard Inpatient Weight. GMLOS + 8 Outlier per Diem $6,968.00. Add-on payment, and lesser of 100% of billed charges. GMLOS + 8 Outlier per Diem $6,968.00. Add-on payment, and lesser of 100% of billed charges.",147860.74,,,,,,,Case Rate,"Medicare Base Rate times Standard Inpatient Weight. AMLOS + 5 Outlier per Diem $7,362.00. Add-on payment, and lesser of 100% of billed charges. AMLOS + 5 Outlier per Diem $7,362.00. Add-on payment, and lesser of 100% of billed charges.",159778.63,,,,,,,Case Rate,"Medicare Base Rate times Standard Inpatient Weight. GMLOS + 6 Outlier per Diem $9,081.00 Add-on payment, and lesser of 100% of billed charges. GMLOS + 6 Outlier per Diem $9,081.00 Add-on payment, and lesser of 100% of billed charges.",157390.4,,,,,,,Case Rate,"Medicare Base Rate times Standard Inpatient Weight. GMLOS + 6 Outlier per Diem $9,081.00 Add-on payment, and lesser of 100% of billed charges. GMLOS + 6 Outlier per Diem $9,081.00 Add-on payment, and lesser of 100% of billed charges.",157390.4,,,,,,,Case Rate,"Medicare Base Rate times Standard Inpatient Weight. GMLOS + 6 Outlier per Diem $9,081.00 Add-on payment, and lesser of 100% of billed charges. GMLOS + 6 Outlier per Diem $9,081.00 Add-on payment, and lesser of 100% of billed charges.",159778.63,,,,,,,Case Rate,"Medicare Base Rate times Standard Inpatient Weight. GMLOS + 6 Outlier per Diem $9,081.00 Add-on payment, and lesser of 100% of billed charges. GMLOS + 6 Outlier per Diem $9,081.00 Add-on payment, and lesser of 100% of billed charges.",38589.34,,,,,,,Case Rate,"Medicare Base Rate times Standard Inpatient Weight. 100 percent of Medicare DRG. Add-on payment,  . 100 percent of Medicare DRG. Add-on payment,  .",34012.4,176202.01,
MS091,DRG,,,,,MS-DRG 091 OTHER DISORDERS OF NERVOUS SYSTEM WITH MCC,,,Inpatient,,,,56361.73,,,,,,,Case Rate,Medicare Base Rate times Standard Inpatient Weight. Local 1199 High/Low day Outlier Local 1199 High/Low day Outlier,56361.73,,,,,,,Case Rate,Medicare Base Rate times Standard Inpatient Weight. Local 1199 High/Low day Outlier Local 1199 High/Low day Outlier,47549,,,,,,,Case Rate,". Add-on payment, and lesser of 100% of billed charges. Add-on payment, and lesser of 100% of billed charges.",,100,,,,,0,Percent of total billed charges,100 percent of charges.  ; No services were performed during the 15 month look back period.,17808.97,,,,,,,Case Rate,"Medicare Base Rate times Standard Inpatient Weight. 100 percent of Medicare DRG. Add-on payment,  . 100 percent of Medicare DRG. Add-on payment,  .",47549,,,,,,,Case Rate,". Add-on payment, and lesser of 100% of billed charges. Add-on payment, and lesser of 100% of billed charges.",47549,,,,,,,Case Rate,". Add-on payment, and lesser of 100% of billed charges. Add-on payment, and lesser of 100% of billed charges.",47549,,,,,,,Case Rate,". Add-on payment, and lesser of 100% of billed charges. Add-on payment, and lesser of 100% of billed charges.",,,,,,,,," ",,,,,,,,," ",,73,,,,,0,Percent of total billed charges,73 percent of charges.  ; No services were performed during the 15 month look back period.,67086.84,,,,,,,Case Rate,"Medicare Base Rate times Standard Inpatient Weight. AMLOS + 5 Outlier per Diem $7,362.00. Add-on payment, and lesser of 100% of billed charges. AMLOS + 5 Outlier per Diem $7,362.00. Add-on payment, and lesser of 100% of billed charges.",,,,,,,,," ",17808.97,,,,,,,Case Rate,"Medicare Base Rate times Standard Inpatient Weight. 100 percent of Medicare DRG. Add-on payment,  . 100 percent of Medicare DRG. Add-on payment,  .",50943.85,,,,,,,Case Rate,"Medicare Base Rate times Standard Inpatient Weight. Outlier (25+) per Diem $7,671.00. Add-on payment, and lesser of 100% of billed charges. Outlier (25+) per Diem $7,671.00. Add-on payment, and lesser of 100% of billed charges.",50943.85,,,,,,,Case Rate,"Medicare Base Rate times Standard Inpatient Weight. Outlier (25+) per Diem $7,671.00. Add-on payment, and lesser of 100% of billed charges. Outlier (25+) per Diem $7,671.00. Add-on payment, and lesser of 100% of billed charges.",50943.85,,,,,,,Case Rate,"Medicare Base Rate times Standard Inpatient Weight. Outlier (25+) per Diem $7,671.00. Add-on payment, and lesser of 100% of billed charges. Outlier (25+) per Diem $7,671.00. Add-on payment, and lesser of 100% of billed charges.",50943.85,,,,,,,Case Rate,"Medicare Base Rate times Standard Inpatient Weight. Outlier (25+) per Diem $7,671.00. Add-on payment, and lesser of 100% of billed charges. Outlier (25+) per Diem $7,671.00. Add-on payment, and lesser of 100% of billed charges.",,,,,,,,," ",17808.97,,,,,,,Case Rate,"Medicare Base Rate times Standard Inpatient Weight. 100 percent of Medicare DRG. Add-on payment,  . 100 percent of Medicare DRG. Add-on payment,  .",,,,,,,,," ",,73,,,,,0,Percent of total billed charges,73 percent of charges.  ; No services were performed during the 15 month look back period.,47549,,,,,,,Case Rate,". Add-on payment, and lesser of 100% of billed charges. Add-on payment, and lesser of 100% of billed charges.",17808.97,,,,,,,Case Rate,"Medicare Base Rate times Standard Inpatient Weight. 100 percent of Medicare DRG. Add-on payment, and lesser of 100% of billed charges. 100 percent of Medicare DRG. Add-on payment, and lesser of 100% of billed charges.",52136.31,,,,,,,Case Rate,"Medicare Base Rate times Standard Inpatient Weight. Add-on payment, and lesser of 100% of billed charges. Add-on payment, and lesser of 100% of billed charges.",17808.97,,,,,,,Case Rate,"Medicare Base Rate times Standard Inpatient Weight. 100 percent of Medicare DRG. Add-on payment, and lesser of 100% of billed charges. 100 percent of Medicare DRG. Add-on payment, and lesser of 100% of billed charges.",17808.97,,,,,,,Case Rate,"Medicare Base Rate times Standard Inpatient Weight. 100 percent of Medicare DRG. Add-on payment, and lesser of 100% of billed charges. 100 percent of Medicare DRG. Add-on payment, and lesser of 100% of billed charges.",,73,,,,,0,Percent of total billed charges,73 percent of charges.  ; No services were performed during the 15 month look back period.,,,,,,,,," ",,,,,,,,," ",,,,,,,,," ",,,,,,,,," ",52136.31,,,,,,,Case Rate,"Medicare Base Rate times Standard Inpatient Weight. Add-on payment, and lesser of 100% of billed charges. Add-on payment, and lesser of 100% of billed charges.",52136.31,,,,,,,Case Rate,"Medicare Base Rate times Standard Inpatient Weight. Add-on payment, and lesser of 100% of billed charges. Add-on payment, and lesser of 100% of billed charges.",,,,,,,,," ",52136.31,,,,,,,Case Rate,"Medicare Base Rate times Standard Inpatient Weight. Add-on payment, and lesser of 100% of billed charges. Add-on payment, and lesser of 100% of billed charges.",,,,,,,,," ",17808.97,,,,,,,Case Rate,"Medicare Base Rate times Standard Inpatient Weight. 100 percent of Medicare DRG. Add-on payment, . 100 percent of Medicare DRG. Add-on payment, .",52136.31,,,,,,,Case Rate,"Medicare Base Rate times Standard Inpatient Weight. Add-on payment, and lesser of 100% of billed charges. Add-on payment, and lesser of 100% of billed charges.",,73,,,,,0,Percent of total billed charges,73 percent of charges.  ; No services were performed during the 15 month look back period.,,,,,,,,," ",,,,,,,,," ",,73,,,,,0,Percent of total billed charges,73 percent of charges.  ; No services were performed during the 15 month look back period.,50943.85,,,,,,,Case Rate,"Medicare Base Rate times Standard Inpatient Weight. Outlier (25+) per Diem $7,671.00. Add-on payment, and lesser of 100% of billed charges. Outlier (25+) per Diem $7,671.00. Add-on payment, and lesser of 100% of billed charges.",48801.29,,,,,,,Case Rate,"Medicare Base Rate times Standard Inpatient Weight. AMLOS + 5 Outlier per Diem $7,167.00. Add-on payment, and lesser of 100% of billed charges. AMLOS + 5 Outlier per Diem $7,167.00. Add-on payment, and lesser of 100% of billed charges.",48801.29,,,,,,,Case Rate,"Medicare Base Rate times Standard Inpatient Weight. AMLOS + 5 Outlier per Diem $7,167.00. Add-on payment, and lesser of 100% of billed charges. AMLOS + 5 Outlier per Diem $7,167.00. Add-on payment, and lesser of 100% of billed charges.",,73,,,,,0,Percent of total billed charges,73 percent of charges.  ; No services were performed during the 15 month look back period.,17808.97,,,,,,,Case Rate,"Medicare Base Rate times Standard Inpatient Weight. 100 percent of Medicare DRG. Add-on payment,  . 100 percent of Medicare DRG. Add-on payment,  .",67086.84,,,,,,,Case Rate,"Medicare Base Rate times Standard Inpatient Weight. AMLOS + 5 Outlier per Diem $7,362.00. Add-on payment, and lesser of 100% of billed charges. AMLOS + 5 Outlier per Diem $7,362.00. Add-on payment, and lesser of 100% of billed charges.",67086.84,,,,,,,Case Rate,"Medicare Base Rate times Standard Inpatient Weight. AMLOS + 5 Outlier per Diem $7,362.00. Add-on payment, and lesser of 100% of billed charges. AMLOS + 5 Outlier per Diem $7,362.00. Add-on payment, and lesser of 100% of billed charges.",67086.84,,,,,,,Case Rate,"Medicare Base Rate times Standard Inpatient Weight. AMLOS + 5 Outlier per Diem $7,362.00. Add-on payment, and lesser of 100% of billed charges. AMLOS + 5 Outlier per Diem $7,362.00. Add-on payment, and lesser of 100% of billed charges.",17808.97,,,,,,,Case Rate,"Medicare Base Rate times Standard Inpatient Weight. 100 percent of Medicare DRG. Add-on payment,  . 100 percent of Medicare DRG. Add-on payment,  .",67086.84,,,,,,,Case Rate,"Medicare Base Rate times Standard Inpatient Weight. AMLOS + 5 Outlier per Diem $7,362.00. Add-on payment, and lesser of 100% of billed charges. AMLOS + 5 Outlier per Diem $7,362.00. Add-on payment, and lesser of 100% of billed charges.",67086.84,,,,,,,Case Rate,"Medicare Base Rate times Standard Inpatient Weight. AMLOS + 5 Outlier per Diem $7,362.00. Add-on payment, and lesser of 100% of billed charges. AMLOS + 5 Outlier per Diem $7,362.00. Add-on payment, and lesser of 100% of billed charges.",17808.97,,,,,,,Case Rate,"Medicare Base Rate times Standard Inpatient Weight. 100 percent of Medicare DRG. Add-on payment, and lesser of 100% of billed charges. 100 percent of Medicare DRG. Add-on payment, and lesser of 100% of billed charges.",76385.92,,,,,,,Case Rate,"Medicare Base Rate times Standard Inpatient Weight. GMLOS + 6 Outlier per Diem $11,932.00. Add-on payment, and lesser of 100% of billed charges. GMLOS + 6 Outlier per Diem $11,932.00. Add-on payment, and lesser of 100% of billed charges.",72494.18,,,,,,,Case Rate,"Medicare Base Rate times Standard Inpatient Weight. GMLOS + 6 Outlier per Diem $9,081.00 Add-on payment, and lesser of 100% of billed charges. GMLOS + 6 Outlier per Diem $9,081.00 Add-on payment, and lesser of 100% of billed charges.",72494.18,,,,,,,Case Rate,"Medicare Base Rate times Standard Inpatient Weight. GMLOS + 6 Outlier per Diem $9,081.00 Add-on payment, and lesser of 100% of billed charges. GMLOS + 6 Outlier per Diem $9,081.00 Add-on payment, and lesser of 100% of billed charges.",71410.6,,,,,,,Case Rate,"Medicare Base Rate times Standard Inpatient Weight. GMLOS + 6 Outlier per Diem $9,081.00 Add-on payment, and lesser of 100% of billed charges. GMLOS + 6 Outlier per Diem $9,081.00 Add-on payment, and lesser of 100% of billed charges.",79945.74,,,,,,,Case Rate,"Medicare Base Rate times Standard Inpatient Weight. GMLOS + 6 Outlier per Diem $9,081.00 Add-on payment, and lesser of 100% of billed charges. GMLOS + 6 Outlier per Diem $9,081.00 Add-on payment, and lesser of 100% of billed charges.",71410.6,,,,,,,Case Rate,"Medicare Base Rate times Standard Inpatient Weight. GMLOS + 6 Outlier per Diem $9,081.00 Add-on payment, and lesser of 100% of billed charges. GMLOS + 6 Outlier per Diem $9,081.00 Add-on payment, and lesser of 100% of billed charges.",72494.18,,,,,,,Case Rate,"Medicare Base Rate times Standard Inpatient Weight. GMLOS + 6 Outlier per Diem $9,081.00 Add-on payment, and lesser of 100% of billed charges. GMLOS + 6 Outlier per Diem $9,081.00 Add-on payment, and lesser of 100% of billed charges.",17808.97,,,,,,,Case Rate,"Medicare Base Rate times Standard Inpatient Weight. 100 percent of Medicare DRG. Add-on payment,  . 100 percent of Medicare DRG. Add-on payment,  .",17808.97,,,,,,,Case Rate,"Medicare Base Rate times Standard Inpatient Weight. 100 percent of Medicare DRG. Add-on payment,  . 100 percent of Medicare DRG. Add-on payment,  .",79945.74,,,,,,,Case Rate,"Medicare Base Rate times Standard Inpatient Weight. GMLOS + 6 Outlier per Diem $9,081.00 Add-on payment, and lesser of 100% of billed charges. GMLOS + 6 Outlier per Diem $9,081.00 Add-on payment, and lesser of 100% of billed charges.",,73,,,,,0,Percent of total billed charges,73 percent of charges.  ; No services were performed during the 15 month look back period.,,73,,,,,0,Percent of total billed charges,73 percent of charges.  ; No services were performed during the 15 month look back period.,,73,,,,,0,Percent of total billed charges,73 percent of charges.  ; No services were performed during the 15 month look back period.,,73,,,,,0,Percent of total billed charges,73 percent of charges.  ; No services were performed during the 15 month look back period.,,73,,,,,0,Percent of total billed charges,73 percent of charges.  ; No services were performed during the 15 month look back period.,,73,,,,,0,Percent of total billed charges,73 percent of charges.  ; No services were performed during the 15 month look back period.,,73,,,,,0,Percent of total billed charges,73 percent of charges.  ; No services were performed during the 15 month look back period.,,73,,,,,0,Percent of total billed charges,73 percent of charges.  ; No services were performed during the 15 month look back period.,,73,,,,,0,Percent of total billed charges,73 percent of charges.  ; No services were performed during the 15 month look back period.,,73,,,,,0,Percent of total billed charges,73 percent of charges.  ; No services were performed during the 15 month look back period.,,73,,,,,0,Percent of total billed charges,73 percent of charges.  ; No services were performed during the 15 month look back period.,,73,,,,,0,Percent of total billed charges,73 percent of charges.  ; No services were performed during the 15 month look back period.,,73,,,,,0,Percent of total billed charges,73 percent of charges.  ; No services were performed during the 15 month look back period.,,73,,,,,0,Percent of total billed charges,73 percent of charges.  ; No services were performed during the 15 month look back period.,,73,,,,,0,Percent of total billed charges,73 percent of charges.  ; No services were performed during the 15 month look back period.,,73,,,,,0,Percent of total billed charges,73 percent of charges.  ; No services were performed during the 15 month look back period.,,73,,,,,0,Percent of total billed charges,73 percent of charges.  ; No services were performed during the 15 month look back period.,,73,,,,,0,Percent of total billed charges,73 percent of charges.  ; No services were performed during the 15 month look back period.,,73,,,,,0,Percent of total billed charges,73 percent of charges.  ; No services were performed during the 15 month look back period.,,73,,,,,0,Percent of total billed charges,73 percent of charges.  ; No services were performed during the 15 month look back period.,,73,,,,,0,Percent of total billed charges,73 percent of charges.  ; No services were performed during the 15 month look back period.,,73,,,,,0,Percent of total billed charges,73 percent of charges.  ; No services were performed during the 15 month look back period.,,73,,,,,0,Percent of total billed charges,73 percent of charges.  ; No services were performed during the 15 month look back period.,,73,,,,,0,Percent of total billed charges,73 percent of charges.  ; No services were performed during the 15 month look back period.,,73,,,,,0,Percent of total billed charges,73 percent of charges.  ; No services were performed during the 15 month look back period.,,73,,,,,0,Percent of total billed charges,73 percent of charges.  ; No services were performed during the 15 month look back period.,52136.31,,,,,,,Case Rate,"Medicare Base Rate times Standard Inpatient Weight. Add-on payment, and lesser of 100% of billed charges. Add-on payment, and lesser of 100% of billed charges.",52136.31,,,,,,,Case Rate,"Medicare Base Rate times Standard Inpatient Weight. Add-on payment, and lesser of 100% of billed charges. Add-on payment, and lesser of 100% of billed charges.",52136.31,,,,,,,Case Rate,"Medicare Base Rate times Standard Inpatient Weight. Add-on payment, and lesser of 100% of billed charges. Add-on payment, and lesser of 100% of billed charges.",52136.31,,,,,,,Case Rate,"Medicare Base Rate times Standard Inpatient Weight. Add-on payment, and lesser of 100% of billed charges. Add-on payment, and lesser of 100% of billed charges.",51785.07,,,,,,,Case Rate,"Medicare Base Rate times Standard Inpatient Weight. Add-on payment, and lesser of 100% of billed charges. Add-on payment, and lesser of 100% of billed charges.",51785.07,,,,,,,Case Rate,"Medicare Base Rate times Standard Inpatient Weight. Add-on payment, and lesser of 100% of billed charges. Add-on payment, and lesser of 100% of billed charges.",50943.85,,,,,,,Case Rate,"Medicare Base Rate times Standard Inpatient Weight. Outlier (25+) per Diem $7,671.00. Add-on payment, and lesser of 100% of billed charges. Outlier (25+) per Diem $7,671.00. Add-on payment, and lesser of 100% of billed charges.",72494.18,,,,,,,Case Rate,"Medicare Base Rate times Standard Inpatient Weight. GMLOS + 6 Outlier per Diem $9,081.00 Add-on payment, and lesser of 100% of billed charges. GMLOS + 6 Outlier per Diem $9,081.00 Add-on payment, and lesser of 100% of billed charges.",67086.84,,,,,,,Case Rate,"Medicare Base Rate times Standard Inpatient Weight. AMLOS + 5 Outlier per Diem $7,362.00. Add-on payment, and lesser of 100% of billed charges. AMLOS + 5 Outlier per Diem $7,362.00. Add-on payment, and lesser of 100% of billed charges.",71410.6,,,,,,,Case Rate,"Medicare Base Rate times Standard Inpatient Weight. GMLOS + 6 Outlier per Diem $9,081.00 Add-on payment, and lesser of 100% of billed charges. GMLOS + 6 Outlier per Diem $9,081.00 Add-on payment, and lesser of 100% of billed charges.",,73,,,,,0,Percent of total billed charges,73 percent of charges.  ; No services were performed during the 15 month look back period.,51785.07,,,,,,,Case Rate,"Medicare Base Rate times Standard Inpatient Weight. Add-on payment, and lesser of 100% of billed charges. Add-on payment, and lesser of 100% of billed charges.",72494.18,,,,,,,Case Rate,"Medicare Base Rate times Standard Inpatient Weight. GMLOS + 6 Outlier per Diem $9,081.00 Add-on payment, and lesser of 100% of billed charges. GMLOS + 6 Outlier per Diem $9,081.00 Add-on payment, and lesser of 100% of billed charges.",67086.84,,,,,,,Case Rate,"Medicare Base Rate times Standard Inpatient Weight. AMLOS + 5 Outlier per Diem $7,362.00. Add-on payment, and lesser of 100% of billed charges. AMLOS + 5 Outlier per Diem $7,362.00. Add-on payment, and lesser of 100% of billed charges.",50943.85,,,,,,,Case Rate,"Medicare Base Rate times Standard Inpatient Weight. Outlier (25+) per Diem $7,671.00. Add-on payment, and lesser of 100% of billed charges. Outlier (25+) per Diem $7,671.00. Add-on payment, and lesser of 100% of billed charges.",,,,,,,,," ",,73,,,,,0,Percent of total billed charges,73 percent of charges.  ; No services were performed during the 15 month look back period.,,,,,,,,," ",52136.31,,,,,,,Case Rate,"Medicare Base Rate times Standard Inpatient Weight. Add-on payment, and lesser of 100% of billed charges. Add-on payment, and lesser of 100% of billed charges.",,,,,,,,," ",17808.97,,,,,,,Case Rate,"Medicare Base Rate times Standard Inpatient Weight. 100 percent of Medicare DRG. Add-on payment, . 100 percent of Medicare DRG. Add-on payment, .",17808.97,,,,,,,Case Rate,"Medicare Base Rate times Standard Inpatient Weight. 100 percent of Medicare DRG. Add-on payment,  . 100 percent of Medicare DRG. Add-on payment,  .",76385.92,,,,,,,Case Rate,"Medicare Base Rate times Standard Inpatient Weight. GMLOS + 6 Outlier per Diem $11,932.00. Add-on payment, and lesser of 100% of billed charges. GMLOS + 6 Outlier per Diem $11,932.00. Add-on payment, and lesser of 100% of billed charges.",17808.97,,,,,,,Case Rate,"Medicare Base Rate times Standard Inpatient Weight. 100 percent of Medicare DRG. Add-on payment,  . 100 percent of Medicare DRG. Add-on payment,  .",17808.97,,,,,,,Case Rate,"Medicare Base Rate times Standard Inpatient Weight. 100 percent of Medicare DRG. Add-on payment,  . 100 percent of Medicare DRG. Add-on payment,  .",,,,,,,,," ",17808.97,,,,,,,Case Rate,"Medicare Base Rate times Standard Inpatient Weight. 100 percent of Medicare DRG. Add-on payment,  . 100 percent of Medicare DRG. Add-on payment,  .",17808.97,,,,,,,Case Rate,"Medicare Base Rate times Standard Inpatient Weight. 100 percent of Medicare DRG. Add-on payment,  . 100 percent of Medicare DRG. Add-on payment,  .",47549,,,,,,,Case Rate,". Add-on payment, and lesser of 100% of billed charges. Add-on payment, and lesser of 100% of billed charges.",47549,,,,,,,Case Rate,". Add-on payment, and lesser of 100% of billed charges. Add-on payment, and lesser of 100% of billed charges.",17808.97,,,,,,,Case Rate,"Medicare Base Rate times Standard Inpatient Weight. 100 percent of Medicare DRG. Add-on payment,  . 100 percent of Medicare DRG. Add-on payment,  .",50943.85,,,,,,,Case Rate,"Medicare Base Rate times Standard Inpatient Weight. Outlier (25+) per Diem $7,671.00. Add-on payment, and lesser of 100% of billed charges. Outlier (25+) per Diem $7,671.00. Add-on payment, and lesser of 100% of billed charges.",67086.84,,,,,,,Case Rate,"Medicare Base Rate times Standard Inpatient Weight. AMLOS + 5 Outlier per Diem $7,362.00. Add-on payment, and lesser of 100% of billed charges. AMLOS + 5 Outlier per Diem $7,362.00. Add-on payment, and lesser of 100% of billed charges.",67086.84,,,,,,,Case Rate,"Medicare Base Rate times Standard Inpatient Weight. AMLOS + 5 Outlier per Diem $7,362.00. Add-on payment, and lesser of 100% of billed charges. AMLOS + 5 Outlier per Diem $7,362.00. Add-on payment, and lesser of 100% of billed charges.",17808.97,,,,,,,Case Rate,"Medicare Base Rate times Standard Inpatient Weight. 100 percent of Medicare DRG. Add-on payment,  . 100 percent of Medicare DRG. Add-on payment,  .",50943.85,,,,,,,Case Rate,"Medicare Base Rate times Standard Inpatient Weight. Outlier (25+) per Diem $7,671.00. Add-on payment, and lesser of 100% of billed charges. Outlier (25+) per Diem $7,671.00. Add-on payment, and lesser of 100% of billed charges.",47549,,,,,,,Case Rate,". Add-on payment, and lesser of 100% of billed charges. Add-on payment, and lesser of 100% of billed charges.",47549,,,,,,,Case Rate,". Add-on payment, and lesser of 100% of billed charges. Add-on payment, and lesser of 100% of billed charges.",47549,,,,,,,Case Rate,". Add-on payment, and lesser of 100% of billed charges. Add-on payment, and lesser of 100% of billed charges.",,73,,,,,0,Percent of total billed charges,73 percent of charges.  ; No services were performed during the 15 month look back period.,,73,,,,,0,Percent of total billed charges,73 percent of charges.  ; No services were performed during the 15 month look back period.,,73,,,,,0,Percent of total billed charges,73 percent of charges.  ; No services were performed during the 15 month look back period.,,73,,,,,0,Percent of total billed charges,73 percent of charges.  ; No services were performed during the 15 month look back period.,,73,,,,,0,Percent of total billed charges,73 percent of charges.  ; No services were performed during the 15 month look back period.,,73,,,,,0,Percent of total billed charges,73 percent of charges.  ; No services were performed during the 15 month look back period.,,73,,,,,0,Percent of total billed charges,73 percent of charges.  ; No services were performed during the 15 month look back period.,,73,,,,,0,Percent of total billed charges,73 percent of charges.  ; No services were performed during the 15 month look back period.,,73,,,,,0,Percent of total billed charges,73 percent of charges.  ; No services were performed during the 15 month look back period.,,73,,,,,0,Percent of total billed charges,73 percent of charges.  ; No services were performed during the 15 month look back period.,,73,,,,,0,Percent of total billed charges,73 percent of charges.  ; No services were performed during the 15 month look back period.,51785.07,,,,,,,Case Rate,"Medicare Base Rate times Standard Inpatient Weight. Add-on payment, and lesser of 100% of billed charges. Add-on payment, and lesser of 100% of billed charges.",72494.18,,,,,,,Case Rate,"Medicare Base Rate times Standard Inpatient Weight. GMLOS + 6 Outlier per Diem $9,081.00 Add-on payment, and lesser of 100% of billed charges. GMLOS + 6 Outlier per Diem $9,081.00 Add-on payment, and lesser of 100% of billed charges.",50943.85,,,,,,,Case Rate,"Medicare Base Rate times Standard Inpatient Weight. Outlier (25+) per Diem $7,671.00. Add-on payment, and lesser of 100% of billed charges. Outlier (25+) per Diem $7,671.00. Add-on payment, and lesser of 100% of billed charges.",17808.97,,,,,,,Case Rate,"Medicare Base Rate times Standard Inpatient Weight. 100 percent of Medicare DRG. Add-on payment,  . 100 percent of Medicare DRG. Add-on payment,  .",47549,,,,,,,Case Rate,". Add-on payment, and lesser of 100% of billed charges. Add-on payment, and lesser of 100% of billed charges.",50943.85,,,,,,,Case Rate,"Medicare Base Rate times Standard Inpatient Weight. Outlier (25+) per Diem $7,671.00. Add-on payment, and lesser of 100% of billed charges. Outlier (25+) per Diem $7,671.00. Add-on payment, and lesser of 100% of billed charges.",50943.85,,,,,,,Case Rate,"Medicare Base Rate times Standard Inpatient Weight. Outlier (25+) per Diem $7,671.00. Add-on payment, and lesser of 100% of billed charges. Outlier (25+) per Diem $7,671.00. Add-on payment, and lesser of 100% of billed charges.",,73,,,,,0,Percent of total billed charges,73 percent of charges.  ; No services were performed during the 15 month look back period.,,,,,,,,," ",50943.85,,,,,,,Case Rate,"Medicare Base Rate times Standard Inpatient Weight. Outlier (25+) per Diem $7,671.00. Add-on payment, and lesser of 100% of billed charges. Outlier (25+) per Diem $7,671.00. Add-on payment, and lesser of 100% of billed charges.",,,,,,,,," ",17808.97,,,,,,,Case Rate,"Medicare Base Rate times Standard Inpatient Weight. 100 percent of Medicare DRG. Add-on payment,  . 100 percent of Medicare DRG. Add-on payment,  .",17808.97,,,,,,,Case Rate,"Medicare Base Rate times Standard Inpatient Weight. 100 percent of Medicare DRG. Add-on payment,  . 100 percent of Medicare DRG. Add-on payment,  .",17808.97,,,,,,,Case Rate,"Medicare Base Rate times Standard Inpatient Weight. 100 percent of Medicare DRG. Add-on payment,  . 100 percent of Medicare DRG. Add-on payment,  .",17808.97,,,,,,,Case Rate,"Medicare Base Rate times Standard Inpatient Weight. 100 percent of Medicare DRG. Add-on payment,  . 100 percent of Medicare DRG. Add-on payment,  .",17808.97,,,,,,,Case Rate,"Medicare Base Rate times Standard Inpatient Weight. 100 percent of Medicare DRG. Add-on payment,  . 100 percent of Medicare DRG. Add-on payment,  .",17808.97,,,,,,,Case Rate,"Medicare Base Rate times Standard Inpatient Weight. 100 percent of Medicare DRG. Add-on payment,  . 100 percent of Medicare DRG. Add-on payment,  .",50943.85,,,,,,,Case Rate,"Medicare Base Rate times Standard Inpatient Weight. Outlier (25+) per Diem $7,671.00. Add-on payment, and lesser of 100% of billed charges. Outlier (25+) per Diem $7,671.00. Add-on payment, and lesser of 100% of billed charges.",76385.92,,,,,,,Case Rate,"Medicare Base Rate times Standard Inpatient Weight. GMLOS + 6 Outlier per Diem $11,932.00. Add-on payment, and lesser of 100% of billed charges. GMLOS + 6 Outlier per Diem $11,932.00. Add-on payment, and lesser of 100% of billed charges.",,,,,,,,," ",,,,,,,,," ",,,,,,,,," ",,,,,,,,," ",,,,,,,,," ",,,,,,,,," ",76385.92,,,,,,,Case Rate,"Medicare Base Rate times Standard Inpatient Weight. GMLOS + 6 Outlier per Diem $11,932.00. Add-on payment, and lesser of 100% of billed charges. GMLOS + 6 Outlier per Diem $11,932.00. Add-on payment, and lesser of 100% of billed charges.",46561.81,,,,,,,Case Rate,. 200 percent of Medicare 200 percent of Medicare,46561.81,,,,,,,Case Rate,. 200 percent of Medicare 200 percent of Medicare,46561.81,,,,,,,Case Rate,. 200 percent of Medicare 200 percent of Medicare,46561.81,,,,,,,Case Rate,. 200 percent of Medicare 200 percent of Medicare,46561.81,,,,,,,Case Rate,. 200 percent of Medicare 200 percent of Medicare,17808.97,,,,,,,Case Rate,"Medicare Base Rate times Standard Inpatient Weight. 100 percent of Medicare DRG. Add-on payment,  . 100 percent of Medicare DRG. Add-on payment,  .",51785.07,,,,,,,Case Rate,"Medicare Base Rate times Standard Inpatient Weight. Add-on payment, and lesser of 100% of billed charges. Add-on payment, and lesser of 100% of billed charges.",51785.07,,,,,,,Case Rate,"Medicare Base Rate times Standard Inpatient Weight. Add-on payment, and lesser of 100% of billed charges. Add-on payment, and lesser of 100% of billed charges.",51785.07,,,,,,,Case Rate,"Medicare Base Rate times Standard Inpatient Weight. Add-on payment, and lesser of 100% of billed charges. Add-on payment, and lesser of 100% of billed charges.",51785.07,,,,,,,Case Rate,"Medicare Base Rate times Standard Inpatient Weight. Add-on payment, and lesser of 100% of billed charges. Add-on payment, and lesser of 100% of billed charges.",47549,,,,,,,Case Rate,". Add-on payment, and lesser of 100% of billed charges. Add-on payment, and lesser of 100% of billed charges.",47549,,,,,,,Case Rate,". Add-on payment, and lesser of 100% of billed charges. Add-on payment, and lesser of 100% of billed charges.",47549,,,,,,,Case Rate,". Add-on payment, and lesser of 100% of billed charges. Add-on payment, and lesser of 100% of billed charges.",47549,,,,,,,Case Rate,". Add-on payment, and lesser of 100% of billed charges. Add-on payment, and lesser of 100% of billed charges.",76385.92,,,,,,,Case Rate,"Medicare Base Rate times Standard Inpatient Weight. GMLOS + 6 Outlier per Diem $11,932.00. Add-on payment, and lesser of 100% of billed charges. GMLOS + 6 Outlier per Diem $11,932.00. Add-on payment, and lesser of 100% of billed charges.",76385.92,,,,,,,Case Rate,"Medicare Base Rate times Standard Inpatient Weight. GMLOS + 6 Outlier per Diem $11,932.00. Add-on payment, and lesser of 100% of billed charges. GMLOS + 6 Outlier per Diem $11,932.00. Add-on payment, and lesser of 100% of billed charges.",17808.97,,,,,,,Case Rate,"Medicare Base Rate times Standard Inpatient Weight. 100 percent of Medicare DRG. Add-on payment,  . 100 percent of Medicare DRG. Add-on payment,  .",17808.97,,,,,,,Case Rate,"Medicare Base Rate times Standard Inpatient Weight. 100 percent of Medicare DRG. Add-on payment,  . 100 percent of Medicare DRG. Add-on payment,  .",17808.97,,,,,,,Case Rate,"Medicare Base Rate times Standard Inpatient Weight. 100 percent of Medicare DRG. Add-on payment,  . 100 percent of Medicare DRG. Add-on payment,  .",72494.18,,,,,,,Case Rate,"Medicare Base Rate times Standard Inpatient Weight. GMLOS + 6 Outlier per Diem $9,081.00 Add-on payment, and lesser of 100% of billed charges. GMLOS + 6 Outlier per Diem $9,081.00 Add-on payment, and lesser of 100% of billed charges.",72494.18,,,,,,,Case Rate,"Medicare Base Rate times Standard Inpatient Weight. GMLOS + 6 Outlier per Diem $9,081.00 Add-on payment, and lesser of 100% of billed charges. GMLOS + 6 Outlier per Diem $9,081.00 Add-on payment, and lesser of 100% of billed charges.",72494.18,,,,,,,Case Rate,"Medicare Base Rate times Standard Inpatient Weight. GMLOS + 6 Outlier per Diem $9,081.00 Add-on payment, and lesser of 100% of billed charges. GMLOS + 6 Outlier per Diem $9,081.00 Add-on payment, and lesser of 100% of billed charges.",76385.92,,,,,,,Case Rate,"Medicare Base Rate times Standard Inpatient Weight. GMLOS + 6 Outlier per Diem $11,932.00. Add-on payment, and lesser of 100% of billed charges. GMLOS + 6 Outlier per Diem $11,932.00. Add-on payment, and lesser of 100% of billed charges.",47549,,,,,,,Case Rate,". Add-on payment, and lesser of 100% of billed charges. Add-on payment, and lesser of 100% of billed charges.",17808.97,,,,,,,Case Rate,"Medicare Base Rate times Standard Inpatient Weight. 100 percent of Medicare DRG. Add-on payment,  . 100 percent of Medicare DRG. Add-on payment,  .",71410.6,,,,,,,Case Rate,"Medicare Base Rate times Standard Inpatient Weight. GMLOS + 6 Outlier per Diem $9,081.00 Add-on payment, and lesser of 100% of billed charges. GMLOS + 6 Outlier per Diem $9,081.00 Add-on payment, and lesser of 100% of billed charges.",,,,,,,,," ",18165.15,,,,,,,Case Rate,"Medicare Base Rate times Standard Inpatient Weight. 100 percent of Medicare DRG. Add-on payment, and lesser of 100% of billed charges. 100 percent of Medicare DRG. Add-on payment, and lesser of 100% of billed charges.",18165.15,,,,,,,Case Rate,"Medicare Base Rate times Standard Inpatient Weight. 100 percent of Medicare DRG. Add-on payment, and lesser of 100% of billed charges. 100 percent of Medicare DRG. Add-on payment, and lesser of 100% of billed charges.",18165.15,,,,,,,Case Rate,"Medicare Base Rate times Standard Inpatient Weight. 100 percent of Medicare DRG. Add-on payment, and lesser of 100% of billed charges. 100 percent of Medicare DRG. Add-on payment, and lesser of 100% of billed charges.",,,,,,,,," ",,,,,,,,," ",,,,,,,,," ",,,,,,,,," ",,,,,,,,," ",,,,,,,,," ",18165.15,,,,,,,Case Rate,"Medicare Base Rate times Standard Inpatient Weight. 100 percent of Medicare DRG. Add-on payment, and lesser of 100% of billed charges. 100 percent of Medicare DRG. Add-on payment, and lesser of 100% of billed charges.",,,,,,,,," ",,,,,,,,," ",,,,,,,,," ",,,,,,,,," ",,,,,,,,," ",,,,,,,,," ",,,,,,,,," ",17808.97,,,,,,,Case Rate,"Medicare Base Rate times Standard Inpatient Weight. 100 percent of Medicare DRG. Add-on payment,  . 100 percent of Medicare DRG. Add-on payment,  .",17808.97,,,,,,,Case Rate,"Medicare Base Rate times Standard Inpatient Weight. 100 percent of Medicare DRG. Add-on payment,  . 100 percent of Medicare DRG. Add-on payment,  .",47549,,,,,,,Case Rate,". Add-on payment, and lesser of 100% of billed charges. Add-on payment, and lesser of 100% of billed charges.",17808.97,,,,,,,Case Rate,"Medicare Base Rate times Standard Inpatient Weight. 100 percent of Medicare DRG. Add-on payment,  . 100 percent of Medicare DRG. Add-on payment,  .",,,,,,,,," ",,,,,,,,," ",,,,,,,,," ",,,,,,,,," ",,,,,,,,," ",,,,,,,,," ",,,,,,,,," ",,,,,,,,," ",,,,,,,,," ",,,,,,,,," ",,,,,,,,," ",76385.92,,,,,,,Case Rate,"Medicare Base Rate times Standard Inpatient Weight. GMLOS + 6 Outlier per Diem $11,932.00. Add-on payment, and lesser of 100% of billed charges. GMLOS + 6 Outlier per Diem $11,932.00. Add-on payment, and lesser of 100% of billed charges.",,,,,,,,," ",,,,,,,,," ",,,,,,,,," ",,,,,,,,," ",72494.18,,,,,,,Case Rate,"Medicare Base Rate times Standard Inpatient Weight. GMLOS + 6 Outlier per Diem $9,081.00 Add-on payment, and lesser of 100% of billed charges. GMLOS + 6 Outlier per Diem $9,081.00 Add-on payment, and lesser of 100% of billed charges.",71410.6,,,,,,,Case Rate,"Medicare Base Rate times Standard Inpatient Weight. GMLOS + 6 Outlier per Diem $9,081.00 Add-on payment, and lesser of 100% of billed charges. GMLOS + 6 Outlier per Diem $9,081.00 Add-on payment, and lesser of 100% of billed charges.",17808.97,,,,,,,Case Rate,"Medicare Base Rate times Standard Inpatient Weight. 100 percent of Medicare DRG. Add-on payment,  . 100 percent of Medicare DRG. Add-on payment,  .",71410.6,,,,,,,Case Rate,"Medicare Base Rate times Standard Inpatient Weight. GMLOS + 6 Outlier per Diem $9,081.00 Add-on payment, and lesser of 100% of billed charges. GMLOS + 6 Outlier per Diem $9,081.00 Add-on payment, and lesser of 100% of billed charges.",72494.18,,,,,,,Case Rate,"Medicare Base Rate times Standard Inpatient Weight. GMLOS + 6 Outlier per Diem $9,081.00 Add-on payment, and lesser of 100% of billed charges. GMLOS + 6 Outlier per Diem $9,081.00 Add-on payment, and lesser of 100% of billed charges.",72494.18,,,,,,,Case Rate,"Medicare Base Rate times Standard Inpatient Weight. GMLOS + 6 Outlier per Diem $9,081.00 Add-on payment, and lesser of 100% of billed charges. GMLOS + 6 Outlier per Diem $9,081.00 Add-on payment, and lesser of 100% of billed charges.",71410.6,,,,,,,Case Rate,"Medicare Base Rate times Standard Inpatient Weight. GMLOS + 6 Outlier per Diem $9,081.00 Add-on payment, and lesser of 100% of billed charges. GMLOS + 6 Outlier per Diem $9,081.00 Add-on payment, and lesser of 100% of billed charges.",17808.97,,,,,,,Case Rate,"Medicare Base Rate times Standard Inpatient Weight. 100 percent of Medicare DRG. Add-on payment,  . 100 percent of Medicare DRG. Add-on payment,  .",71410.6,,,,,,,Case Rate,"Medicare Base Rate times Standard Inpatient Weight. GMLOS + 6 Outlier per Diem $9,081.00 Add-on payment, and lesser of 100% of billed charges. GMLOS + 6 Outlier per Diem $9,081.00 Add-on payment, and lesser of 100% of billed charges.",72494.18,,,,,,,Case Rate,"Medicare Base Rate times Standard Inpatient Weight. GMLOS + 6 Outlier per Diem $9,081.00 Add-on payment, and lesser of 100% of billed charges. GMLOS + 6 Outlier per Diem $9,081.00 Add-on payment, and lesser of 100% of billed charges.",47549,,,,,,,Case Rate,". Add-on payment, and lesser of 100% of billed charges. Add-on payment, and lesser of 100% of billed charges.",,,,,,,,," ",,,,,,,,," ",,,,,,,,," ",,,,,,,,," ",,,,,,,,," ",,,,,,,,," ",,,,,,,,," ",,,,,,,,," ",,,,,,,,," ",,,,,,,,," ",,,,,,,,," ",,,,,,,,," ",,,,,,,,," ",,,,,,,,," ",50943.85,,,,,,,Case Rate,"Medicare Base Rate times Standard Inpatient Weight. Outlier (25+) per Diem $7,671.00. Add-on payment, and lesser of 100% of billed charges. Outlier (25+) per Diem $7,671.00. Add-on payment, and lesser of 100% of billed charges.",,,,,,,,," ",17808.97,,,,,,,Case Rate,"Medicare Base Rate times Standard Inpatient Weight. 100 percent of Medicare DRG. Add-on payment,  . 100 percent of Medicare DRG. Add-on payment,  .",56361.73,,,,,,,Case Rate,Medicare Base Rate times Standard Inpatient Weight. Local 1199 High/Low day Outlier Local 1199 High/Low day Outlier,17808.97,,,,,,,Case Rate,"Medicare Base Rate times Standard Inpatient Weight. 100 percent of Medicare DRG. Add-on payment,  . 100 percent of Medicare DRG. Add-on payment,  .",17808.97,,,,,,,Case Rate,"Medicare Base Rate times Standard Inpatient Weight. 100 percent of Medicare DRG. Add-on payment,  . 100 percent of Medicare DRG. Add-on payment,  .",,,,,,,,," ",,,,,,,,," ",,,,,,,,," ",,,,,,,,," ",,,,,,,,," ",44317.71,,,,,,,Case Rate,"Medicare Base Rate times Standard Inpatient Weight. GMLOS + 8 Outlier per Diem $4,623.00. Add-on payment, and lesser of 100% of billed charges. GMLOS + 8 Outlier per Diem $4,623.00. Add-on payment, and lesser of 100% of billed charges.",47549,,,,,,,Case Rate,". Add-on payment, and lesser of 100% of billed charges. Add-on payment, and lesser of 100% of billed charges.",52136.31,,,,,,,Case Rate,"Medicare Base Rate times Standard Inpatient Weight. Add-on payment, and lesser of 100% of billed charges. Add-on payment, and lesser of 100% of billed charges.",50943.85,,,,,,,Case Rate,"Medicare Base Rate times Standard Inpatient Weight. Outlier (25+) per Diem $7,671.00. Add-on payment, and lesser of 100% of billed charges. Outlier (25+) per Diem $7,671.00. Add-on payment, and lesser of 100% of billed charges.",17808.97,,,,,,,Case Rate,"Medicare Base Rate times Standard Inpatient Weight. 100 percent of Medicare DRG. Add-on payment, . 100 percent of Medicare DRG. Add-on payment, .",17808.97,,,,,,,Case Rate,"Medicare Base Rate times Standard Inpatient Weight. 100 percent of Medicare DRG. Add-on payment,  . 100 percent of Medicare DRG. Add-on payment,  .",17808.97,,,,,,,Case Rate,"Medicare Base Rate times Standard Inpatient Weight. 100 percent of Medicare DRG. Add-on payment,  . 100 percent of Medicare DRG. Add-on payment,  .",17808.97,,,,,,,Case Rate,"Medicare Base Rate times Standard Inpatient Weight. 100 percent of Medicare DRG. Add-on payment,  . 100 percent of Medicare DRG. Add-on payment,  .",17808.97,,,,,,,Case Rate,"Medicare Base Rate times Standard Inpatient Weight. 100 percent of Medicare DRG. Add-on payment, . 100 percent of Medicare DRG. Add-on payment, .",17808.97,,,,,,,Case Rate,"Medicare Base Rate times Standard Inpatient Weight. 100 percent of Medicare DRG. Add-on payment,  . 100 percent of Medicare DRG. Add-on payment,  .",,,,,,,,," ",,,,,,,,," ",,,,,,,,," ",72494.18,,,,,,,Case Rate,"Medicare Base Rate times Standard Inpatient Weight. GMLOS + 6 Outlier per Diem $9,081.00 Add-on payment, and lesser of 100% of billed charges. GMLOS + 6 Outlier per Diem $9,081.00 Add-on payment, and lesser of 100% of billed charges.",44317.71,,,,,,,Case Rate,"Medicare Base Rate times Standard Inpatient Weight. GMLOS + 8 Outlier per Diem $4,623.00. Add-on payment, and lesser of 100% of billed charges. GMLOS + 8 Outlier per Diem $4,623.00. Add-on payment, and lesser of 100% of billed charges.",44317.71,,,,,,,Case Rate,"Medicare Base Rate times Standard Inpatient Weight. GMLOS + 8 Outlier per Diem $4,623.00. Add-on payment, and lesser of 100% of billed charges. GMLOS + 8 Outlier per Diem $4,623.00. Add-on payment, and lesser of 100% of billed charges.",44317.71,,,,,,,Case Rate,"Medicare Base Rate times Standard Inpatient Weight. GMLOS + 8 Outlier per Diem $4,623.00. Add-on payment, and lesser of 100% of billed charges. GMLOS + 8 Outlier per Diem $4,623.00. Add-on payment, and lesser of 100% of billed charges.",44317.71,,,,,,,Case Rate,"Medicare Base Rate times Standard Inpatient Weight. GMLOS + 8 Outlier per Diem $4,623.00. Add-on payment, and lesser of 100% of billed charges. GMLOS + 8 Outlier per Diem $4,623.00. Add-on payment, and lesser of 100% of billed charges.",17808.97,,,,,,,Case Rate,"Medicare Base Rate times Standard Inpatient Weight. 100 percent of Medicare DRG. Add-on payment,  . 100 percent of Medicare DRG. Add-on payment,  .",,,,,,,,," ",72494.18,,,,,,,Case Rate,"Medicare Base Rate times Standard Inpatient Weight. GMLOS + 6 Outlier per Diem $9,081.00 Add-on payment, and lesser of 100% of billed charges. GMLOS + 6 Outlier per Diem $9,081.00 Add-on payment, and lesser of 100% of billed charges.",,,,,,,,," ",17808.97,,,,,,,Case Rate,"Medicare Base Rate times Standard Inpatient Weight. 100 percent of Medicare DRG. Add-on payment,  . 100 percent of Medicare DRG. Add-on payment,  .",,,,,,,,," ",17808.97,,,,,,,Case Rate,"Medicare Base Rate times Standard Inpatient Weight. 100 percent of Medicare DRG. Add-on payment,  . 100 percent of Medicare DRG. Add-on payment,  .",17808.97,,,,,,,Case Rate,"Medicare Base Rate times Standard Inpatient Weight. 100 percent of Medicare DRG. Add-on payment,  . 100 percent of Medicare DRG. Add-on payment,  .",,,,,,,,," ",,,,,,,,," ",44317.71,,,,,,,Case Rate,"Medicare Base Rate times Standard Inpatient Weight. GMLOS + 8 Outlier per Diem $4,623.00. Add-on payment, and lesser of 100% of billed charges. GMLOS + 8 Outlier per Diem $4,623.00. Add-on payment, and lesser of 100% of billed charges.",50943.85,,,,,,,Case Rate,"Medicare Base Rate times Standard Inpatient Weight. Outlier (25+) per Diem $7,671.00. Add-on payment, and lesser of 100% of billed charges. Outlier (25+) per Diem $7,671.00. Add-on payment, and lesser of 100% of billed charges.",,73,,,,,0,Percent of total billed charges,73 percent of charges.  ; No services were performed during the 15 month look back period.,67086.84,,,,,,,Case Rate,"Medicare Base Rate times Standard Inpatient Weight. AMLOS + 5 Outlier per Diem $7,362.00. Add-on payment, and lesser of 100% of billed charges. AMLOS + 5 Outlier per Diem $7,362.00. Add-on payment, and lesser of 100% of billed charges.",67086.84,,,,,,,Case Rate,"Medicare Base Rate times Standard Inpatient Weight. AMLOS + 5 Outlier per Diem $7,362.00. Add-on payment, and lesser of 100% of billed charges. AMLOS + 5 Outlier per Diem $7,362.00. Add-on payment, and lesser of 100% of billed charges.",47549,,,,,,,Case Rate,". Add-on payment, and lesser of 100% of billed charges. Add-on payment, and lesser of 100% of billed charges.",16562.34,,,,,,,Case Rate,"Medicare Base Rate times Standard Inpatient Weight. 93 percent of Medicare DRG. Add-on payment, and lesser of 100% of billed charges. 93 percent of Medicare DRG. Add-on payment, and lesser of 100% of billed charges.",51785.07,,,,,,,Case Rate,"Medicare Base Rate times Standard Inpatient Weight. Add-on payment, and lesser of 100% of billed charges. Add-on payment, and lesser of 100% of billed charges.",51785.07,,,,,,,Case Rate,"Medicare Base Rate times Standard Inpatient Weight. Add-on payment, and lesser of 100% of billed charges. Add-on payment, and lesser of 100% of billed charges.",57129.19,,,,,,,Case Rate,"Medicare Base Rate times Standard Inpatient Weight. GMLOS + 6 Outlier per Diem $7,265.00 Add-on payment, and lesser of 100% of billed charges. GMLOS + 6 Outlier per Diem $7,265.00 Add-on payment, and lesser of 100% of billed charges.",72494.18,,,,,,,Case Rate,"Medicare Base Rate times Standard Inpatient Weight. GMLOS + 6 Outlier per Diem $9,081.00 Add-on payment, and lesser of 100% of billed charges. GMLOS + 6 Outlier per Diem $9,081.00 Add-on payment, and lesser of 100% of billed charges.",17808.97,,,,,,,Case Rate,"Medicare Base Rate times Standard Inpatient Weight. 100 percent of Medicare DRG. Add-on payment,  . 100 percent of Medicare DRG. Add-on payment,  .",17808.97,,,,,,,Case Rate,"Medicare Base Rate times Standard Inpatient Weight. 100 percent of Medicare DRG. Add-on payment,  . 100 percent of Medicare DRG. Add-on payment,  .",17808.97,,,,,,,Case Rate,"Medicare Base Rate times Standard Inpatient Weight. 100 percent of Medicare DRG. Add-on payment,  . 100 percent of Medicare DRG. Add-on payment,  .",17808.97,,,,,,,Case Rate,"Medicare Base Rate times Standard Inpatient Weight. 100 percent of Medicare DRG. Add-on payment,  . 100 percent of Medicare DRG. Add-on payment,  .",67086.84,,,,,,,Case Rate,"Medicare Base Rate times Standard Inpatient Weight. AMLOS + 5 Outlier per Diem $7,362.00. Add-on payment, and lesser of 100% of billed charges. AMLOS + 5 Outlier per Diem $7,362.00. Add-on payment, and lesser of 100% of billed charges.",72494.18,,,,,,,Case Rate,"Medicare Base Rate times Standard Inpatient Weight. GMLOS + 6 Outlier per Diem $9,081.00 Add-on payment, and lesser of 100% of billed charges. GMLOS + 6 Outlier per Diem $9,081.00 Add-on payment, and lesser of 100% of billed charges.",72494.18,,,,,,,Case Rate,"Medicare Base Rate times Standard Inpatient Weight. GMLOS + 6 Outlier per Diem $9,081.00 Add-on payment, and lesser of 100% of billed charges. GMLOS + 6 Outlier per Diem $9,081.00 Add-on payment, and lesser of 100% of billed charges.",17808.97,,,,,,,Case Rate,"Medicare Base Rate times Standard Inpatient Weight. 100 percent of Medicare DRG. Add-on payment,  . 100 percent of Medicare DRG. Add-on payment,  .",57129.19,,,,,,,Case Rate,"Medicare Base Rate times Standard Inpatient Weight. GMLOS + 6 Outlier per Diem $7,265.00 Add-on payment, and lesser of 100% of billed charges. GMLOS + 6 Outlier per Diem $7,265.00 Add-on payment, and lesser of 100% of billed charges.",52136.31,,,,,,,Case Rate,"Medicare Base Rate times Standard Inpatient Weight. Add-on payment, and lesser of 100% of billed charges. Add-on payment, and lesser of 100% of billed charges.",,,,,,,,," ",,,,,,,,," ",44317.71,,,,,,,Case Rate,"Medicare Base Rate times Standard Inpatient Weight. GMLOS + 8 Outlier per Diem $4,623.00. Add-on payment, and lesser of 100% of billed charges. GMLOS + 8 Outlier per Diem $4,623.00. Add-on payment, and lesser of 100% of billed charges.",64269.9,,,,,,,Case Rate,"Medicare Base Rate times Standard Inpatient Weight. GMLOS + 6 Outlier per Diem $8,173.00 Add-on payment, and lesser of 100% of billed charges. GMLOS + 6 Outlier per Diem $8,173.00 Add-on payment, and lesser of 100% of billed charges.",72494.18,,,,,,,Case Rate,"Medicare Base Rate times Standard Inpatient Weight. GMLOS + 6 Outlier per Diem $9,081.00 Add-on payment, and lesser of 100% of billed charges. GMLOS + 6 Outlier per Diem $9,081.00 Add-on payment, and lesser of 100% of billed charges.",72494.18,,,,,,,Case Rate,"Medicare Base Rate times Standard Inpatient Weight. GMLOS + 6 Outlier per Diem $9,081.00 Add-on payment, and lesser of 100% of billed charges. GMLOS + 6 Outlier per Diem $9,081.00 Add-on payment, and lesser of 100% of billed charges.",52631.56,,,,,,,Case Rate,"Medicare Base Rate times Standard Inpatient Weight. GMLOS + 6 Outlier per Diem $8,221.00. Add-on payment, and lesser of 100% of billed charges. GMLOS + 6 Outlier per Diem $8,221.00. Add-on payment, and lesser of 100% of billed charges.",17808.97,,,,,,,Case Rate,"Medicare Base Rate times Standard Inpatient Weight. 100 percent of Medicare DRG. Add-on payment, . 100 percent of Medicare DRG. Add-on payment, .",,,,,,,,," ",,,,,,,,," ",,,,,,,,," ",,,,,,,,," ",67086.84,,,,,,,Case Rate,"Medicare Base Rate times Standard Inpatient Weight. AMLOS + 5 Outlier per Diem $7,362.00. Add-on payment, and lesser of 100% of billed charges. AMLOS + 5 Outlier per Diem $7,362.00. Add-on payment, and lesser of 100% of billed charges.",,,,,,,,," ",,,,,,,,," ",,,,,,,,," ",,,,,,,,," ",,,,,,,,," ",,,,,,,,," ",,,,,,,,," ",17808.97,,,,,,,Case Rate,"Medicare Base Rate times Standard Inpatient Weight. 100 percent of Medicare DRG. Add-on payment,  . 100 percent of Medicare DRG. Add-on payment,  .",67086.84,,,,,,,Case Rate,"Medicare Base Rate times Standard Inpatient Weight. AMLOS + 5 Outlier per Diem $7,362.00. Add-on payment, and lesser of 100% of billed charges. AMLOS + 5 Outlier per Diem $7,362.00. Add-on payment, and lesser of 100% of billed charges.",17808.97,,,,,,,Case Rate,"Medicare Base Rate times Standard Inpatient Weight. 100 percent of Medicare DRG. Add-on payment,  . 100 percent of Medicare DRG. Add-on payment,  .",,,,,,,,," ",72494.18,,,,,,,Case Rate,"Medicare Base Rate times Standard Inpatient Weight. GMLOS + 6 Outlier per Diem $9,081.00 Add-on payment, and lesser of 100% of billed charges. GMLOS + 6 Outlier per Diem $9,081.00 Add-on payment, and lesser of 100% of billed charges.",17808.97,,,,,,,Case Rate,"Medicare Base Rate times Standard Inpatient Weight. 100 percent of Medicare DRG. Add-on payment,  . 100 percent of Medicare DRG. Add-on payment,  .",72494.18,,,,,,,Case Rate,"Medicare Base Rate times Standard Inpatient Weight. GMLOS + 6 Outlier per Diem $9,081.00 Add-on payment, and lesser of 100% of billed charges. GMLOS + 6 Outlier per Diem $9,081.00 Add-on payment, and lesser of 100% of billed charges.",72494.18,,,,,,,Case Rate,"Medicare Base Rate times Standard Inpatient Weight. GMLOS + 6 Outlier per Diem $9,081.00 Add-on payment, and lesser of 100% of billed charges. GMLOS + 6 Outlier per Diem $9,081.00 Add-on payment, and lesser of 100% of billed charges.",72494.18,,,,,,,Case Rate,"Medicare Base Rate times Standard Inpatient Weight. GMLOS + 6 Outlier per Diem $9,081.00 Add-on payment, and lesser of 100% of billed charges. GMLOS + 6 Outlier per Diem $9,081.00 Add-on payment, and lesser of 100% of billed charges.",,,,,,,,," ",17808.97,,,,,,,Case Rate,"Medicare Base Rate times Standard Inpatient Weight. 100 percent of Medicare DRG. Add-on payment,  . 100 percent of Medicare DRG. Add-on payment,  .",72494.18,,,,,,,Case Rate,"Medicare Base Rate times Standard Inpatient Weight. GMLOS + 6 Outlier per Diem $9,081.00 Add-on payment, and lesser of 100% of billed charges. GMLOS + 6 Outlier per Diem $9,081.00 Add-on payment, and lesser of 100% of billed charges.",,,,,,,,," ",72494.18,,,,,,,Case Rate,"Medicare Base Rate times Standard Inpatient Weight. GMLOS + 6 Outlier per Diem $9,081.00 Add-on payment, and lesser of 100% of billed charges. GMLOS + 6 Outlier per Diem $9,081.00 Add-on payment, and lesser of 100% of billed charges.",18699.42,,,,,,,Case Rate,"105% of the Diagnostic Related Group fee schedule established by CMS for Medicare in force as of the date of payment.. Delay in Discharge per diem $4,007 Delay in Discharge per diem $4,007",17808.97,,,,,,,Case Rate,"Medicare Base Rate times Standard Inpatient Weight. 100 percent of Medicare DRG. Add-on payment, . 100 percent of Medicare DRG. Add-on payment, .",44317.71,,,,,,,Case Rate,"Medicare Base Rate times Standard Inpatient Weight. GMLOS + 8 Outlier per Diem $4,623.00. Add-on payment, and lesser of 100% of billed charges. GMLOS + 8 Outlier per Diem $4,623.00. Add-on payment, and lesser of 100% of billed charges.",44317.71,,,,,,,Case Rate,"Medicare Base Rate times Standard Inpatient Weight. GMLOS + 8 Outlier per Diem $4,623.00. Add-on payment, and lesser of 100% of billed charges. GMLOS + 8 Outlier per Diem $4,623.00. Add-on payment, and lesser of 100% of billed charges.",44317.71,,,,,,,Case Rate,"Medicare Base Rate times Standard Inpatient Weight. GMLOS + 8 Outlier per Diem $4,623.00. Add-on payment, and lesser of 100% of billed charges. GMLOS + 8 Outlier per Diem $4,623.00. Add-on payment, and lesser of 100% of billed charges.",44317.71,,,,,,,Case Rate,"Medicare Base Rate times Standard Inpatient Weight. GMLOS + 8 Outlier per Diem $4,623.00. Add-on payment, and lesser of 100% of billed charges. GMLOS + 8 Outlier per Diem $4,623.00. Add-on payment, and lesser of 100% of billed charges.",44317.71,,,,,,,Case Rate,"Medicare Base Rate times Standard Inpatient Weight. GMLOS + 8 Outlier per Diem $4,623.00. Add-on payment, and lesser of 100% of billed charges. GMLOS + 8 Outlier per Diem $4,623.00. Add-on payment, and lesser of 100% of billed charges.",52136.31,,,,,,,Case Rate,"Medicare Base Rate times Standard Inpatient Weight. Add-on payment, and lesser of 100% of billed charges. Add-on payment, and lesser of 100% of billed charges.",52136.31,,,,,,,Case Rate,"Medicare Base Rate times Standard Inpatient Weight. Add-on payment, and lesser of 100% of billed charges. Add-on payment, and lesser of 100% of billed charges.",44317.71,,,,,,,Case Rate,"Medicare Base Rate times Standard Inpatient Weight. GMLOS + 8 Outlier per Diem $4,623.00. Add-on payment, and lesser of 100% of billed charges. GMLOS + 8 Outlier per Diem $4,623.00. Add-on payment, and lesser of 100% of billed charges.",44317.71,,,,,,,Case Rate,"Medicare Base Rate times Standard Inpatient Weight. GMLOS + 8 Outlier per Diem $4,623.00. Add-on payment, and lesser of 100% of billed charges. GMLOS + 8 Outlier per Diem $4,623.00. Add-on payment, and lesser of 100% of billed charges.",44317.71,,,,,,,Case Rate,"Medicare Base Rate times Standard Inpatient Weight. GMLOS + 8 Outlier per Diem $4,623.00. Add-on payment, and lesser of 100% of billed charges. GMLOS + 8 Outlier per Diem $4,623.00. Add-on payment, and lesser of 100% of billed charges.",44317.71,,,,,,,Case Rate,"Medicare Base Rate times Standard Inpatient Weight. GMLOS + 8 Outlier per Diem $4,623.00. Add-on payment, and lesser of 100% of billed charges. GMLOS + 8 Outlier per Diem $4,623.00. Add-on payment, and lesser of 100% of billed charges.",44317.71,,,,,,,Case Rate,"Medicare Base Rate times Standard Inpatient Weight. GMLOS + 8 Outlier per Diem $4,623.00. Add-on payment, and lesser of 100% of billed charges. GMLOS + 8 Outlier per Diem $4,623.00. Add-on payment, and lesser of 100% of billed charges.",17808.97,,,,,,,Case Rate,"Medicare Base Rate times Standard Inpatient Weight. 100 percent of Medicare DRG. Add-on payment,  . 100 percent of Medicare DRG. Add-on payment,  .",52136.31,,,,,,,Case Rate,"Medicare Base Rate times Standard Inpatient Weight. Add-on payment, and lesser of 100% of billed charges. Add-on payment, and lesser of 100% of billed charges.",17808.97,,,,,,,Case Rate,"Medicare Base Rate times Standard Inpatient Weight. 100 percent of Medicare DRG. Add-on payment,  . 100 percent of Medicare DRG. Add-on payment,  .",,,,,,,,," ",,,,,,,,," ",67086.84,,,,,,,Case Rate,"Medicare Base Rate times Standard Inpatient Weight. AMLOS + 5 Outlier per Diem $7,362.00. Add-on payment, and lesser of 100% of billed charges. AMLOS + 5 Outlier per Diem $7,362.00. Add-on payment, and lesser of 100% of billed charges.",67086.84,,,,,,,Case Rate,"Medicare Base Rate times Standard Inpatient Weight. AMLOS + 5 Outlier per Diem $7,362.00. Add-on payment, and lesser of 100% of billed charges. AMLOS + 5 Outlier per Diem $7,362.00. Add-on payment, and lesser of 100% of billed charges.",17808.97,,,,,,,Case Rate,"Medicare Base Rate times Standard Inpatient Weight. 100 percent of Medicare DRG. Add-on payment,  . 100 percent of Medicare DRG. Add-on payment,  .",51785.07,,,,,,,Case Rate,"Medicare Base Rate times Standard Inpatient Weight. Add-on payment, and lesser of 100% of billed charges. Add-on payment, and lesser of 100% of billed charges.",17808.97,,,,,,,Case Rate,"Medicare Base Rate times Standard Inpatient Weight. 100 percent of Medicare DRG. Add-on payment,  . 100 percent of Medicare DRG. Add-on payment,  .",17808.97,,,,,,,Case Rate,"Medicare Base Rate times Standard Inpatient Weight. 100 percent of Medicare DRG. Add-on payment,  . 100 percent of Medicare DRG. Add-on payment,  .",47549,,,,,,,Case Rate,". Add-on payment, and lesser of 100% of billed charges. Add-on payment, and lesser of 100% of billed charges.",17808.97,,,,,,,Case Rate,"Medicare Base Rate times Standard Inpatient Weight. 100 percent of Medicare DRG. Add-on payment,  . 100 percent of Medicare DRG. Add-on payment,  .",50943.85,,,,,,,Case Rate,"Medicare Base Rate times Standard Inpatient Weight. Outlier (25+) per Diem $7,671.00. Add-on payment, and lesser of 100% of billed charges. Outlier (25+) per Diem $7,671.00. Add-on payment, and lesser of 100% of billed charges.",17808.97,,,,,,,Case Rate,"Medicare Base Rate times Standard Inpatient Weight. 100 percent of Medicare DRG. Add-on payment,  . 100 percent of Medicare DRG. Add-on payment,  .",50943.85,,,,,,,Case Rate,"Medicare Base Rate times Standard Inpatient Weight. Outlier (25+) per Diem $7,671.00. Add-on payment, and lesser of 100% of billed charges. Outlier (25+) per Diem $7,671.00. Add-on payment, and lesser of 100% of billed charges.",47549,,,,,,,Case Rate,". Add-on payment, and lesser of 100% of billed charges. Add-on payment, and lesser of 100% of billed charges.",50943.85,,,,,,,Case Rate,"Medicare Base Rate times Standard Inpatient Weight. Outlier (25+) per Diem $7,671.00. Add-on payment, and lesser of 100% of billed charges. Outlier (25+) per Diem $7,671.00. Add-on payment, and lesser of 100% of billed charges.",17808.97,,,,,,,Case Rate,"Medicare Base Rate times Standard Inpatient Weight. 100 percent of Medicare DRG. Add-on payment,  . 100 percent of Medicare DRG. Add-on payment,  .",,,,,,,,," ",17808.97,,,,,,,Case Rate,"Medicare Base Rate times Standard Inpatient Weight. 100 percent of Medicare DRG. Add-on payment,  . 100 percent of Medicare DRG. Add-on payment,  .",50943.85,,,,,,,Case Rate,"Medicare Base Rate times Standard Inpatient Weight. Outlier (25+) per Diem $7,671.00. Add-on payment, and lesser of 100% of billed charges. Outlier (25+) per Diem $7,671.00. Add-on payment, and lesser of 100% of billed charges.",67086.84,,,,,,,Case Rate,"Medicare Base Rate times Standard Inpatient Weight. AMLOS + 5 Outlier per Diem $7,362.00. Add-on payment, and lesser of 100% of billed charges. AMLOS + 5 Outlier per Diem $7,362.00. Add-on payment, and lesser of 100% of billed charges.",,,,,,,,," ",72494.18,,,,,,,Case Rate,"Medicare Base Rate times Standard Inpatient Weight. GMLOS + 6 Outlier per Diem $9,081.00 Add-on payment, and lesser of 100% of billed charges. GMLOS + 6 Outlier per Diem $9,081.00 Add-on payment, and lesser of 100% of billed charges.",,,,,,,,," ",,,,,,,,," ",71410.6,,,,,,,Case Rate,"Medicare Base Rate times Standard Inpatient Weight. GMLOS + 6 Outlier per Diem $9,081.00 Add-on payment, and lesser of 100% of billed charges. GMLOS + 6 Outlier per Diem $9,081.00 Add-on payment, and lesser of 100% of billed charges.",71410.6,,,,,,,Case Rate,"Medicare Base Rate times Standard Inpatient Weight. GMLOS + 6 Outlier per Diem $9,081.00 Add-on payment, and lesser of 100% of billed charges. GMLOS + 6 Outlier per Diem $9,081.00 Add-on payment, and lesser of 100% of billed charges.",72494.18,,,,,,,Case Rate,"Medicare Base Rate times Standard Inpatient Weight. GMLOS + 6 Outlier per Diem $9,081.00 Add-on payment, and lesser of 100% of billed charges. GMLOS + 6 Outlier per Diem $9,081.00 Add-on payment, and lesser of 100% of billed charges.",67086.84,,,,,,,Case Rate,"Medicare Base Rate times Standard Inpatient Weight. AMLOS + 5 Outlier per Diem $7,362.00. Add-on payment, and lesser of 100% of billed charges. AMLOS + 5 Outlier per Diem $7,362.00. Add-on payment, and lesser of 100% of billed charges.",72494.18,,,,,,,Case Rate,"Medicare Base Rate times Standard Inpatient Weight. GMLOS + 6 Outlier per Diem $9,081.00 Add-on payment, and lesser of 100% of billed charges. GMLOS + 6 Outlier per Diem $9,081.00 Add-on payment, and lesser of 100% of billed charges.",71410.6,,,,,,,Case Rate,"Medicare Base Rate times Standard Inpatient Weight. GMLOS + 6 Outlier per Diem $9,081.00 Add-on payment, and lesser of 100% of billed charges. GMLOS + 6 Outlier per Diem $9,081.00 Add-on payment, and lesser of 100% of billed charges.",72494.18,,,,,,,Case Rate,"Medicare Base Rate times Standard Inpatient Weight. GMLOS + 6 Outlier per Diem $9,081.00 Add-on payment, and lesser of 100% of billed charges. GMLOS + 6 Outlier per Diem $9,081.00 Add-on payment, and lesser of 100% of billed charges.",44317.71,,,,,,,Case Rate,"Medicare Base Rate times Standard Inpatient Weight. GMLOS + 8 Outlier per Diem $4,623.00. Add-on payment, and lesser of 100% of billed charges. GMLOS + 8 Outlier per Diem $4,623.00. Add-on payment, and lesser of 100% of billed charges.",44317.71,,,,,,,Case Rate,"Medicare Base Rate times Standard Inpatient Weight. GMLOS + 8 Outlier per Diem $4,623.00. Add-on payment, and lesser of 100% of billed charges. GMLOS + 8 Outlier per Diem $4,623.00. Add-on payment, and lesser of 100% of billed charges.",46561.81,,,,,,,Case Rate,. 200 percent of Medicare 200 percent of Medicare,,,,,,,,," ",67086.84,,,,,,,Case Rate,"Medicare Base Rate times Standard Inpatient Weight. AMLOS + 5 Outlier per Diem $7,362.00. Add-on payment, and lesser of 100% of billed charges. AMLOS + 5 Outlier per Diem $7,362.00. Add-on payment, and lesser of 100% of billed charges.",50943.85,,,,,,,Case Rate,"Medicare Base Rate times Standard Inpatient Weight. Outlier (25+) per Diem $7,671.00. Add-on payment, and lesser of 100% of billed charges. Outlier (25+) per Diem $7,671.00. Add-on payment, and lesser of 100% of billed charges.",47549,,,,,,,Case Rate,". Add-on payment, and lesser of 100% of billed charges. Add-on payment, and lesser of 100% of billed charges.",67086.84,,,,,,,Case Rate,"Medicare Base Rate times Standard Inpatient Weight. AMLOS + 5 Outlier per Diem $7,362.00. Add-on payment, and lesser of 100% of billed charges. AMLOS + 5 Outlier per Diem $7,362.00. Add-on payment, and lesser of 100% of billed charges.",47549,,,,,,,Case Rate,". Add-on payment, and lesser of 100% of billed charges. Add-on payment, and lesser of 100% of billed charges.",67086.84,,,,,,,Case Rate,"Medicare Base Rate times Standard Inpatient Weight. AMLOS + 5 Outlier per Diem $7,362.00. Add-on payment, and lesser of 100% of billed charges. AMLOS + 5 Outlier per Diem $7,362.00. Add-on payment, and lesser of 100% of billed charges.",72494.18,,,,,,,Case Rate,"Medicare Base Rate times Standard Inpatient Weight. GMLOS + 6 Outlier per Diem $9,081.00 Add-on payment, and lesser of 100% of billed charges. GMLOS + 6 Outlier per Diem $9,081.00 Add-on payment, and lesser of 100% of billed charges.",71410.6,,,,,,,Case Rate,"Medicare Base Rate times Standard Inpatient Weight. GMLOS + 6 Outlier per Diem $9,081.00 Add-on payment, and lesser of 100% of billed charges. GMLOS + 6 Outlier per Diem $9,081.00 Add-on payment, and lesser of 100% of billed charges.",71410.6,,,,,,,Case Rate,"Medicare Base Rate times Standard Inpatient Weight. GMLOS + 6 Outlier per Diem $9,081.00 Add-on payment, and lesser of 100% of billed charges. GMLOS + 6 Outlier per Diem $9,081.00 Add-on payment, and lesser of 100% of billed charges.",72494.18,,,,,,,Case Rate,"Medicare Base Rate times Standard Inpatient Weight. GMLOS + 6 Outlier per Diem $9,081.00 Add-on payment, and lesser of 100% of billed charges. GMLOS + 6 Outlier per Diem $9,081.00 Add-on payment, and lesser of 100% of billed charges.",17808.97,,,,,,,Case Rate,"Medicare Base Rate times Standard Inpatient Weight. 100 percent of Medicare DRG. Add-on payment,  . 100 percent of Medicare DRG. Add-on payment,  .",15641.14,79945.74,
MS141,DRG,,,,,MS-DRG 141 MAJOR HEAD AND NECK PROCEDURES WITH CC,,,Inpatient,,,,69998.04,,,,,,,Case Rate,Medicare Base Rate times Standard Inpatient Weight. Local 1199 High/Low day Outlier Local 1199 High/Low day Outlier,69998.04,,,,,,,Case Rate,Medicare Base Rate times Standard Inpatient Weight. Local 1199 High/Low day Outlier Local 1199 High/Low day Outlier,56891.81,,,,,,,Case Rate,"Medicare Base Rate times Standard Inpatient Weight. GMLOS + 8 Outlier per Diem $6,968.00. Add-on payment, and lesser of 100% of billed charges. GMLOS + 8 Outlier per Diem $6,968.00. Add-on payment, and lesser of 100% of billed charges.",,100,,,,,0,Percent of total billed charges,100 percent of charges.  ; No services were performed during the 15 month look back period.,21984.7,,,,,,,Case Rate,"Medicare Base Rate times Standard Inpatient Weight. 100 percent of Medicare DRG. Add-on payment,  . 100 percent of Medicare DRG. Add-on payment,  .",56891.81,,,,,,,Case Rate,"Medicare Base Rate times Standard Inpatient Weight. GMLOS + 8 Outlier per Diem $6,968.00. Add-on payment, and lesser of 100% of billed charges. GMLOS + 8 Outlier per Diem $6,968.00. Add-on payment, and lesser of 100% of billed charges.",56891.81,,,,,,,Case Rate,"Medicare Base Rate times Standard Inpatient Weight. GMLOS + 8 Outlier per Diem $6,968.00. Add-on payment, and lesser of 100% of billed charges. GMLOS + 8 Outlier per Diem $6,968.00. Add-on payment, and lesser of 100% of billed charges.",56891.81,,,,,,,Case Rate,"Medicare Base Rate times Standard Inpatient Weight. GMLOS + 8 Outlier per Diem $6,968.00. Add-on payment, and lesser of 100% of billed charges. GMLOS + 8 Outlier per Diem $6,968.00. Add-on payment, and lesser of 100% of billed charges.",,,,,,,,," ",,,,,,,,," ",,73,,,,,0,Percent of total billed charges,73 percent of charges.  ; No services were performed during the 15 month look back period.,83318.02,,,,,,,Case Rate,"Medicare Base Rate times Standard Inpatient Weight. AMLOS + 5 Outlier per Diem $7,362.00. Add-on payment, and lesser of 100% of billed charges. AMLOS + 5 Outlier per Diem $7,362.00. Add-on payment, and lesser of 100% of billed charges.",,,,,,,,," ",21984.7,,,,,,,Case Rate,"Medicare Base Rate times Standard Inpatient Weight. 100 percent of Medicare DRG. Add-on payment,  . 100 percent of Medicare DRG. Add-on payment,  .",63269.35,,,,,,,Case Rate,"Medicare Base Rate times Standard Inpatient Weight. Outlier (25+) per Diem $7,671.00. Add-on payment, and lesser of 100% of billed charges. Outlier (25+) per Diem $7,671.00. Add-on payment, and lesser of 100% of billed charges.",63269.35,,,,,,,Case Rate,"Medicare Base Rate times Standard Inpatient Weight. Outlier (25+) per Diem $7,671.00. Add-on payment, and lesser of 100% of billed charges. Outlier (25+) per Diem $7,671.00. Add-on payment, and lesser of 100% of billed charges.",63269.35,,,,,,,Case Rate,"Medicare Base Rate times Standard Inpatient Weight. Outlier (25+) per Diem $7,671.00. Add-on payment, and lesser of 100% of billed charges. Outlier (25+) per Diem $7,671.00. Add-on payment, and lesser of 100% of billed charges.",63269.35,,,,,,,Case Rate,"Medicare Base Rate times Standard Inpatient Weight. Outlier (25+) per Diem $7,671.00. Add-on payment, and lesser of 100% of billed charges. Outlier (25+) per Diem $7,671.00. Add-on payment, and lesser of 100% of billed charges.",,,,,,,,," ",21984.7,,,,,,,Case Rate,"Medicare Base Rate times Standard Inpatient Weight. 100 percent of Medicare DRG. Add-on payment,  . 100 percent of Medicare DRG. Add-on payment,  .",,,,,,,,," ",,73,,,,,0,Percent of total billed charges,73 percent of charges.  ; No services were performed during the 15 month look back period.,56891.81,,,,,,,Case Rate,"Medicare Base Rate times Standard Inpatient Weight. GMLOS + 8 Outlier per Diem $6,968.00. Add-on payment, and lesser of 100% of billed charges. GMLOS + 8 Outlier per Diem $6,968.00. Add-on payment, and lesser of 100% of billed charges.",21984.7,,,,,,,Case Rate,"Medicare Base Rate times Standard Inpatient Weight. 100 percent of Medicare DRG. Add-on payment, and lesser of 100% of billed charges. 100 percent of Medicare DRG. Add-on payment, and lesser of 100% of billed charges.",64750.32,,,,,,,Case Rate,"Medicare Base Rate times Standard Inpatient Weight. Add-on payment, and lesser of 100% of billed charges. Add-on payment, and lesser of 100% of billed charges.",21984.7,,,,,,,Case Rate,"Medicare Base Rate times Standard Inpatient Weight. 100 percent of Medicare DRG. Add-on payment, and lesser of 100% of billed charges. 100 percent of Medicare DRG. Add-on payment, and lesser of 100% of billed charges.",21984.7,,,,,,,Case Rate,"Medicare Base Rate times Standard Inpatient Weight. 100 percent of Medicare DRG. Add-on payment, and lesser of 100% of billed charges. 100 percent of Medicare DRG. Add-on payment, and lesser of 100% of billed charges.",,73,,,,,0,Percent of total billed charges,73 percent of charges.  ; No services were performed during the 15 month look back period.,,,,,,,,," ",,,,,,,,," ",,,,,,,,," ",,,,,,,,," ",64750.32,,,,,,,Case Rate,"Medicare Base Rate times Standard Inpatient Weight. Add-on payment, and lesser of 100% of billed charges. Add-on payment, and lesser of 100% of billed charges.",64750.32,,,,,,,Case Rate,"Medicare Base Rate times Standard Inpatient Weight. Add-on payment, and lesser of 100% of billed charges. Add-on payment, and lesser of 100% of billed charges.",,,,,,,,," ",64750.32,,,,,,,Case Rate,"Medicare Base Rate times Standard Inpatient Weight. Add-on payment, and lesser of 100% of billed charges. Add-on payment, and lesser of 100% of billed charges.",,,,,,,,," ",21984.7,,,,,,,Case Rate,"Medicare Base Rate times Standard Inpatient Weight. 100 percent of Medicare DRG. Add-on payment, . 100 percent of Medicare DRG. Add-on payment, .",64750.32,,,,,,,Case Rate,"Medicare Base Rate times Standard Inpatient Weight. Add-on payment, and lesser of 100% of billed charges. Add-on payment, and lesser of 100% of billed charges.",,73,,,,,0,Percent of total billed charges,73 percent of charges.  ; No services were performed during the 15 month look back period.,,,,,,,,," ",,,,,,,,," ",,73,,,,,0,Percent of total billed charges,73 percent of charges.  ; No services were performed during the 15 month look back period.,63269.35,,,,,,,Case Rate,"Medicare Base Rate times Standard Inpatient Weight. Outlier (25+) per Diem $7,671.00. Add-on payment, and lesser of 100% of billed charges. Outlier (25+) per Diem $7,671.00. Add-on payment, and lesser of 100% of billed charges.",60608.41,,,,,,,Case Rate,"Medicare Base Rate times Standard Inpatient Weight. AMLOS + 5 Outlier per Diem $7,167.00. Add-on payment, and lesser of 100% of billed charges. AMLOS + 5 Outlier per Diem $7,167.00. Add-on payment, and lesser of 100% of billed charges.",60608.41,,,,,,,Case Rate,"Medicare Base Rate times Standard Inpatient Weight. AMLOS + 5 Outlier per Diem $7,167.00. Add-on payment, and lesser of 100% of billed charges. AMLOS + 5 Outlier per Diem $7,167.00. Add-on payment, and lesser of 100% of billed charges.",,73,,,,,0,Percent of total billed charges,73 percent of charges.  ; No services were performed during the 15 month look back period.,21984.7,,,,,,,Case Rate,"Medicare Base Rate times Standard Inpatient Weight. 100 percent of Medicare DRG. Add-on payment,  . 100 percent of Medicare DRG. Add-on payment,  .",83318.02,,,,,,,Case Rate,"Medicare Base Rate times Standard Inpatient Weight. AMLOS + 5 Outlier per Diem $7,362.00. Add-on payment, and lesser of 100% of billed charges. AMLOS + 5 Outlier per Diem $7,362.00. Add-on payment, and lesser of 100% of billed charges.",83318.02,,,,,,,Case Rate,"Medicare Base Rate times Standard Inpatient Weight. AMLOS + 5 Outlier per Diem $7,362.00. Add-on payment, and lesser of 100% of billed charges. AMLOS + 5 Outlier per Diem $7,362.00. Add-on payment, and lesser of 100% of billed charges.",83318.02,,,,,,,Case Rate,"Medicare Base Rate times Standard Inpatient Weight. AMLOS + 5 Outlier per Diem $7,362.00. Add-on payment, and lesser of 100% of billed charges. AMLOS + 5 Outlier per Diem $7,362.00. Add-on payment, and lesser of 100% of billed charges.",21984.7,,,,,,,Case Rate,"Medicare Base Rate times Standard Inpatient Weight. 100 percent of Medicare DRG. Add-on payment,  . 100 percent of Medicare DRG. Add-on payment,  .",83318.02,,,,,,,Case Rate,"Medicare Base Rate times Standard Inpatient Weight. AMLOS + 5 Outlier per Diem $7,362.00. Add-on payment, and lesser of 100% of billed charges. AMLOS + 5 Outlier per Diem $7,362.00. Add-on payment, and lesser of 100% of billed charges.",83318.02,,,,,,,Case Rate,"Medicare Base Rate times Standard Inpatient Weight. AMLOS + 5 Outlier per Diem $7,362.00. Add-on payment, and lesser of 100% of billed charges. AMLOS + 5 Outlier per Diem $7,362.00. Add-on payment, and lesser of 100% of billed charges.",21984.7,,,,,,,Case Rate,"Medicare Base Rate times Standard Inpatient Weight. 100 percent of Medicare DRG. Add-on payment, and lesser of 100% of billed charges. 100 percent of Medicare DRG. Add-on payment, and lesser of 100% of billed charges.",94866.94,,,,,,,Case Rate,"Medicare Base Rate times Standard Inpatient Weight. GMLOS + 6 Outlier per Diem $11,932.00. Add-on payment, and lesser of 100% of billed charges. GMLOS + 6 Outlier per Diem $11,932.00. Add-on payment, and lesser of 100% of billed charges.",90033.63,,,,,,,Case Rate,"Medicare Base Rate times Standard Inpatient Weight. GMLOS + 6 Outlier per Diem $9,081.00 Add-on payment, and lesser of 100% of billed charges. GMLOS + 6 Outlier per Diem $9,081.00 Add-on payment, and lesser of 100% of billed charges.",90033.63,,,,,,,Case Rate,"Medicare Base Rate times Standard Inpatient Weight. GMLOS + 6 Outlier per Diem $9,081.00 Add-on payment, and lesser of 100% of billed charges. GMLOS + 6 Outlier per Diem $9,081.00 Add-on payment, and lesser of 100% of billed charges.",88687.89,,,,,,,Case Rate,"Medicare Base Rate times Standard Inpatient Weight. GMLOS + 6 Outlier per Diem $9,081.00 Add-on payment, and lesser of 100% of billed charges. GMLOS + 6 Outlier per Diem $9,081.00 Add-on payment, and lesser of 100% of billed charges.",99288.03,,,,,,,Case Rate,"Medicare Base Rate times Standard Inpatient Weight. GMLOS + 6 Outlier per Diem $9,081.00 Add-on payment, and lesser of 100% of billed charges. GMLOS + 6 Outlier per Diem $9,081.00 Add-on payment, and lesser of 100% of billed charges.",88687.89,,,,,,,Case Rate,"Medicare Base Rate times Standard Inpatient Weight. GMLOS + 6 Outlier per Diem $9,081.00 Add-on payment, and lesser of 100% of billed charges. GMLOS + 6 Outlier per Diem $9,081.00 Add-on payment, and lesser of 100% of billed charges.",90033.63,,,,,,,Case Rate,"Medicare Base Rate times Standard Inpatient Weight. GMLOS + 6 Outlier per Diem $9,081.00 Add-on payment, and lesser of 100% of billed charges. GMLOS + 6 Outlier per Diem $9,081.00 Add-on payment, and lesser of 100% of billed charges.",21984.7,,,,,,,Case Rate,"Medicare Base Rate times Standard Inpatient Weight. 100 percent of Medicare DRG. Add-on payment,  . 100 percent of Medicare DRG. Add-on payment,  .",21984.7,,,,,,,Case Rate,"Medicare Base Rate times Standard Inpatient Weight. 100 percent of Medicare DRG. Add-on payment,  . 100 percent of Medicare DRG. Add-on payment,  .",99288.03,,,,,,,Case Rate,"Medicare Base Rate times Standard Inpatient Weight. GMLOS + 6 Outlier per Diem $9,081.00 Add-on payment, and lesser of 100% of billed charges. GMLOS + 6 Outlier per Diem $9,081.00 Add-on payment, and lesser of 100% of billed charges.",,73,,,,,0,Percent of total billed charges,73 percent of charges.  ; No services were performed during the 15 month look back period.,,73,,,,,0,Percent of total billed charges,73 percent of charges.  ; No services were performed during the 15 month look back period.,,73,,,,,0,Percent of total billed charges,73 percent of charges.  ; No services were performed during the 15 month look back period.,,73,,,,,0,Percent of total billed charges,73 percent of charges.  ; No services were performed during the 15 month look back period.,,73,,,,,0,Percent of total billed charges,73 percent of charges.  ; No services were performed during the 15 month look back period.,,73,,,,,0,Percent of total billed charges,73 percent of charges.  ; No services were performed during the 15 month look back period.,,73,,,,,0,Percent of total billed charges,73 percent of charges.  ; No services were performed during the 15 month look back period.,,73,,,,,0,Percent of total billed charges,73 percent of charges.  ; No services were performed during the 15 month look back period.,,73,,,,,0,Percent of total billed charges,73 percent of charges.  ; No services were performed during the 15 month look back period.,,73,,,,,0,Percent of total billed charges,73 percent of charges.  ; No services were performed during the 15 month look back period.,,73,,,,,0,Percent of total billed charges,73 percent of charges.  ; No services were performed during the 15 month look back period.,,73,,,,,0,Percent of total billed charges,73 percent of charges.  ; No services were performed during the 15 month look back period.,,73,,,,,0,Percent of total billed charges,73 percent of charges.  ; No services were performed during the 15 month look back period.,,73,,,,,0,Percent of total billed charges,73 percent of charges.  ; No services were performed during the 15 month look back period.,,73,,,,,0,Percent of total billed charges,73 percent of charges.  ; No services were performed during the 15 month look back period.,,73,,,,,0,Percent of total billed charges,73 percent of charges.  ; No services were performed during the 15 month look back period.,,73,,,,,0,Percent of total billed charges,73 percent of charges.  ; No services were performed during the 15 month look back period.,,73,,,,,0,Percent of total billed charges,73 percent of charges.  ; No services were performed during the 15 month look back period.,,73,,,,,0,Percent of total billed charges,73 percent of charges.  ; No services were performed during the 15 month look back period.,,73,,,,,0,Percent of total billed charges,73 percent of charges.  ; No services were performed during the 15 month look back period.,,73,,,,,0,Percent of total billed charges,73 percent of charges.  ; No services were performed during the 15 month look back period.,,73,,,,,0,Percent of total billed charges,73 percent of charges.  ; No services were performed during the 15 month look back period.,,73,,,,,0,Percent of total billed charges,73 percent of charges.  ; No services were performed during the 15 month look back period.,,73,,,,,0,Percent of total billed charges,73 percent of charges.  ; No services were performed during the 15 month look back period.,,73,,,,,0,Percent of total billed charges,73 percent of charges.  ; No services were performed during the 15 month look back period.,,73,,,,,0,Percent of total billed charges,73 percent of charges.  ; No services were performed during the 15 month look back period.,64750.32,,,,,,,Case Rate,"Medicare Base Rate times Standard Inpatient Weight. Add-on payment, and lesser of 100% of billed charges. Add-on payment, and lesser of 100% of billed charges.",64750.32,,,,,,,Case Rate,"Medicare Base Rate times Standard Inpatient Weight. Add-on payment, and lesser of 100% of billed charges. Add-on payment, and lesser of 100% of billed charges.",64750.32,,,,,,,Case Rate,"Medicare Base Rate times Standard Inpatient Weight. Add-on payment, and lesser of 100% of billed charges. Add-on payment, and lesser of 100% of billed charges.",64750.32,,,,,,,Case Rate,"Medicare Base Rate times Standard Inpatient Weight. Add-on payment, and lesser of 100% of billed charges. Add-on payment, and lesser of 100% of billed charges.",64314.1,,,,,,,Case Rate,"Medicare Base Rate times Standard Inpatient Weight. Add-on payment, and lesser of 100% of billed charges. Add-on payment, and lesser of 100% of billed charges.",64314.1,,,,,,,Case Rate,"Medicare Base Rate times Standard Inpatient Weight. Add-on payment, and lesser of 100% of billed charges. Add-on payment, and lesser of 100% of billed charges.",63269.35,,,,,,,Case Rate,"Medicare Base Rate times Standard Inpatient Weight. Outlier (25+) per Diem $7,671.00. Add-on payment, and lesser of 100% of billed charges. Outlier (25+) per Diem $7,671.00. Add-on payment, and lesser of 100% of billed charges.",90033.63,,,,,,,Case Rate,"Medicare Base Rate times Standard Inpatient Weight. GMLOS + 6 Outlier per Diem $9,081.00 Add-on payment, and lesser of 100% of billed charges. GMLOS + 6 Outlier per Diem $9,081.00 Add-on payment, and lesser of 100% of billed charges.",83318.02,,,,,,,Case Rate,"Medicare Base Rate times Standard Inpatient Weight. AMLOS + 5 Outlier per Diem $7,362.00. Add-on payment, and lesser of 100% of billed charges. AMLOS + 5 Outlier per Diem $7,362.00. Add-on payment, and lesser of 100% of billed charges.",88687.89,,,,,,,Case Rate,"Medicare Base Rate times Standard Inpatient Weight. GMLOS + 6 Outlier per Diem $9,081.00 Add-on payment, and lesser of 100% of billed charges. GMLOS + 6 Outlier per Diem $9,081.00 Add-on payment, and lesser of 100% of billed charges.",,73,,,,,0,Percent of total billed charges,73 percent of charges.  ; No services were performed during the 15 month look back period.,64314.1,,,,,,,Case Rate,"Medicare Base Rate times Standard Inpatient Weight. Add-on payment, and lesser of 100% of billed charges. Add-on payment, and lesser of 100% of billed charges.",90033.63,,,,,,,Case Rate,"Medicare Base Rate times Standard Inpatient Weight. GMLOS + 6 Outlier per Diem $9,081.00 Add-on payment, and lesser of 100% of billed charges. GMLOS + 6 Outlier per Diem $9,081.00 Add-on payment, and lesser of 100% of billed charges.",83318.02,,,,,,,Case Rate,"Medicare Base Rate times Standard Inpatient Weight. AMLOS + 5 Outlier per Diem $7,362.00. Add-on payment, and lesser of 100% of billed charges. AMLOS + 5 Outlier per Diem $7,362.00. Add-on payment, and lesser of 100% of billed charges.",63269.35,,,,,,,Case Rate,"Medicare Base Rate times Standard Inpatient Weight. Outlier (25+) per Diem $7,671.00. Add-on payment, and lesser of 100% of billed charges. Outlier (25+) per Diem $7,671.00. Add-on payment, and lesser of 100% of billed charges.",,,,,,,,," ",,73,,,,,0,Percent of total billed charges,73 percent of charges.  ; No services were performed during the 15 month look back period.,,,,,,,,," ",64750.32,,,,,,,Case Rate,"Medicare Base Rate times Standard Inpatient Weight. Add-on payment, and lesser of 100% of billed charges. Add-on payment, and lesser of 100% of billed charges.",,,,,,,,," ",21984.7,,,,,,,Case Rate,"Medicare Base Rate times Standard Inpatient Weight. 100 percent of Medicare DRG. Add-on payment, . 100 percent of Medicare DRG. Add-on payment, .",21984.7,,,,,,,Case Rate,"Medicare Base Rate times Standard Inpatient Weight. 100 percent of Medicare DRG. Add-on payment,  . 100 percent of Medicare DRG. Add-on payment,  .",94866.94,,,,,,,Case Rate,"Medicare Base Rate times Standard Inpatient Weight. GMLOS + 6 Outlier per Diem $11,932.00. Add-on payment, and lesser of 100% of billed charges. GMLOS + 6 Outlier per Diem $11,932.00. Add-on payment, and lesser of 100% of billed charges.",21984.7,,,,,,,Case Rate,"Medicare Base Rate times Standard Inpatient Weight. 100 percent of Medicare DRG. Add-on payment,  . 100 percent of Medicare DRG. Add-on payment,  .",21984.7,,,,,,,Case Rate,"Medicare Base Rate times Standard Inpatient Weight. 100 percent of Medicare DRG. Add-on payment,  . 100 percent of Medicare DRG. Add-on payment,  .",,,,,,,,," ",21984.7,,,,,,,Case Rate,"Medicare Base Rate times Standard Inpatient Weight. 100 percent of Medicare DRG. Add-on payment,  . 100 percent of Medicare DRG. Add-on payment,  .",21984.7,,,,,,,Case Rate,"Medicare Base Rate times Standard Inpatient Weight. 100 percent of Medicare DRG. Add-on payment,  . 100 percent of Medicare DRG. Add-on payment,  .",56891.81,,,,,,,Case Rate,"Medicare Base Rate times Standard Inpatient Weight. GMLOS + 8 Outlier per Diem $6,968.00. Add-on payment, and lesser of 100% of billed charges. GMLOS + 8 Outlier per Diem $6,968.00. Add-on payment, and lesser of 100% of billed charges.",56891.81,,,,,,,Case Rate,"Medicare Base Rate times Standard Inpatient Weight. GMLOS + 8 Outlier per Diem $6,968.00. Add-on payment, and lesser of 100% of billed charges. GMLOS + 8 Outlier per Diem $6,968.00. Add-on payment, and lesser of 100% of billed charges.",21984.7,,,,,,,Case Rate,"Medicare Base Rate times Standard Inpatient Weight. 100 percent of Medicare DRG. Add-on payment,  . 100 percent of Medicare DRG. Add-on payment,  .",63269.35,,,,,,,Case Rate,"Medicare Base Rate times Standard Inpatient Weight. Outlier (25+) per Diem $7,671.00. Add-on payment, and lesser of 100% of billed charges. Outlier (25+) per Diem $7,671.00. Add-on payment, and lesser of 100% of billed charges.",83318.02,,,,,,,Case Rate,"Medicare Base Rate times Standard Inpatient Weight. AMLOS + 5 Outlier per Diem $7,362.00. Add-on payment, and lesser of 100% of billed charges. AMLOS + 5 Outlier per Diem $7,362.00. Add-on payment, and lesser of 100% of billed charges.",83318.02,,,,,,,Case Rate,"Medicare Base Rate times Standard Inpatient Weight. AMLOS + 5 Outlier per Diem $7,362.00. Add-on payment, and lesser of 100% of billed charges. AMLOS + 5 Outlier per Diem $7,362.00. Add-on payment, and lesser of 100% of billed charges.",21984.7,,,,,,,Case Rate,"Medicare Base Rate times Standard Inpatient Weight. 100 percent of Medicare DRG. Add-on payment,  . 100 percent of Medicare DRG. Add-on payment,  .",63269.35,,,,,,,Case Rate,"Medicare Base Rate times Standard Inpatient Weight. Outlier (25+) per Diem $7,671.00. Add-on payment, and lesser of 100% of billed charges. Outlier (25+) per Diem $7,671.00. Add-on payment, and lesser of 100% of billed charges.",56891.81,,,,,,,Case Rate,"Medicare Base Rate times Standard Inpatient Weight. GMLOS + 8 Outlier per Diem $6,968.00. Add-on payment, and lesser of 100% of billed charges. GMLOS + 8 Outlier per Diem $6,968.00. Add-on payment, and lesser of 100% of billed charges.",56891.81,,,,,,,Case Rate,"Medicare Base Rate times Standard Inpatient Weight. GMLOS + 8 Outlier per Diem $6,968.00. Add-on payment, and lesser of 100% of billed charges. GMLOS + 8 Outlier per Diem $6,968.00. Add-on payment, and lesser of 100% of billed charges.",56891.81,,,,,,,Case Rate,"Medicare Base Rate times Standard Inpatient Weight. GMLOS + 8 Outlier per Diem $6,968.00. Add-on payment, and lesser of 100% of billed charges. GMLOS + 8 Outlier per Diem $6,968.00. Add-on payment, and lesser of 100% of billed charges.",,73,,,,,0,Percent of total billed charges,73 percent of charges.  ; No services were performed during the 15 month look back period.,,73,,,,,0,Percent of total billed charges,73 percent of charges.  ; No services were performed during the 15 month look back period.,,73,,,,,0,Percent of total billed charges,73 percent of charges.  ; No services were performed during the 15 month look back period.,,73,,,,,0,Percent of total billed charges,73 percent of charges.  ; No services were performed during the 15 month look back period.,,73,,,,,0,Percent of total billed charges,73 percent of charges.  ; No services were performed during the 15 month look back period.,,73,,,,,0,Percent of total billed charges,73 percent of charges.  ; No services were performed during the 15 month look back period.,,73,,,,,0,Percent of total billed charges,73 percent of charges.  ; No services were performed during the 15 month look back period.,,73,,,,,0,Percent of total billed charges,73 percent of charges.  ; No services were performed during the 15 month look back period.,,73,,,,,0,Percent of total billed charges,73 percent of charges.  ; No services were performed during the 15 month look back period.,,73,,,,,0,Percent of total billed charges,73 percent of charges.  ; No services were performed during the 15 month look back period.,,73,,,,,0,Percent of total billed charges,73 percent of charges.  ; No services were performed during the 15 month look back period.,64314.1,,,,,,,Case Rate,"Medicare Base Rate times Standard Inpatient Weight. Add-on payment, and lesser of 100% of billed charges. Add-on payment, and lesser of 100% of billed charges.",90033.63,,,,,,,Case Rate,"Medicare Base Rate times Standard Inpatient Weight. GMLOS + 6 Outlier per Diem $9,081.00 Add-on payment, and lesser of 100% of billed charges. GMLOS + 6 Outlier per Diem $9,081.00 Add-on payment, and lesser of 100% of billed charges.",63269.35,,,,,,,Case Rate,"Medicare Base Rate times Standard Inpatient Weight. Outlier (25+) per Diem $7,671.00. Add-on payment, and lesser of 100% of billed charges. Outlier (25+) per Diem $7,671.00. Add-on payment, and lesser of 100% of billed charges.",21984.7,,,,,,,Case Rate,"Medicare Base Rate times Standard Inpatient Weight. 100 percent of Medicare DRG. Add-on payment,  . 100 percent of Medicare DRG. Add-on payment,  .",56891.81,,,,,,,Case Rate,"Medicare Base Rate times Standard Inpatient Weight. GMLOS + 8 Outlier per Diem $6,968.00. Add-on payment, and lesser of 100% of billed charges. GMLOS + 8 Outlier per Diem $6,968.00. Add-on payment, and lesser of 100% of billed charges.",63269.35,,,,,,,Case Rate,"Medicare Base Rate times Standard Inpatient Weight. Outlier (25+) per Diem $7,671.00. Add-on payment, and lesser of 100% of billed charges. Outlier (25+) per Diem $7,671.00. Add-on payment, and lesser of 100% of billed charges.",63269.35,,,,,,,Case Rate,"Medicare Base Rate times Standard Inpatient Weight. Outlier (25+) per Diem $7,671.00. Add-on payment, and lesser of 100% of billed charges. Outlier (25+) per Diem $7,671.00. Add-on payment, and lesser of 100% of billed charges.",,73,,,,,0,Percent of total billed charges,73 percent of charges.  ; No services were performed during the 15 month look back period.,,,,,,,,," ",63269.35,,,,,,,Case Rate,"Medicare Base Rate times Standard Inpatient Weight. Outlier (25+) per Diem $7,671.00. Add-on payment, and lesser of 100% of billed charges. Outlier (25+) per Diem $7,671.00. Add-on payment, and lesser of 100% of billed charges.",,,,,,,,," ",21984.7,,,,,,,Case Rate,"Medicare Base Rate times Standard Inpatient Weight. 100 percent of Medicare DRG. Add-on payment,  . 100 percent of Medicare DRG. Add-on payment,  .",21984.7,,,,,,,Case Rate,"Medicare Base Rate times Standard Inpatient Weight. 100 percent of Medicare DRG. Add-on payment,  . 100 percent of Medicare DRG. Add-on payment,  .",21984.7,,,,,,,Case Rate,"Medicare Base Rate times Standard Inpatient Weight. 100 percent of Medicare DRG. Add-on payment,  . 100 percent of Medicare DRG. Add-on payment,  .",21984.7,,,,,,,Case Rate,"Medicare Base Rate times Standard Inpatient Weight. 100 percent of Medicare DRG. Add-on payment,  . 100 percent of Medicare DRG. Add-on payment,  .",21984.7,,,,,,,Case Rate,"Medicare Base Rate times Standard Inpatient Weight. 100 percent of Medicare DRG. Add-on payment,  . 100 percent of Medicare DRG. Add-on payment,  .",21984.7,,,,,,,Case Rate,"Medicare Base Rate times Standard Inpatient Weight. 100 percent of Medicare DRG. Add-on payment,  . 100 percent of Medicare DRG. Add-on payment,  .",63269.35,,,,,,,Case Rate,"Medicare Base Rate times Standard Inpatient Weight. Outlier (25+) per Diem $7,671.00. Add-on payment, and lesser of 100% of billed charges. Outlier (25+) per Diem $7,671.00. Add-on payment, and lesser of 100% of billed charges.",94866.94,,,,,,,Case Rate,"Medicare Base Rate times Standard Inpatient Weight. GMLOS + 6 Outlier per Diem $11,932.00. Add-on payment, and lesser of 100% of billed charges. GMLOS + 6 Outlier per Diem $11,932.00. Add-on payment, and lesser of 100% of billed charges.",,,,,,,,," ",,,,,,,,," ",,,,,,,,," ",,,,,,,,," ",,,,,,,,," ",,,,,,,,," ",94866.94,,,,,,,Case Rate,"Medicare Base Rate times Standard Inpatient Weight. GMLOS + 6 Outlier per Diem $11,932.00. Add-on payment, and lesser of 100% of billed charges. GMLOS + 6 Outlier per Diem $11,932.00. Add-on payment, and lesser of 100% of billed charges.",57561.06,,,,,,,Case Rate,. 200 percent of Medicare 200 percent of Medicare,57561.06,,,,,,,Case Rate,. 200 percent of Medicare 200 percent of Medicare,57561.06,,,,,,,Case Rate,. 200 percent of Medicare 200 percent of Medicare,57561.06,,,,,,,Case Rate,. 200 percent of Medicare 200 percent of Medicare,57561.06,,,,,,,Case Rate,. 200 percent of Medicare 200 percent of Medicare,21984.7,,,,,,,Case Rate,"Medicare Base Rate times Standard Inpatient Weight. 100 percent of Medicare DRG. Add-on payment,  . 100 percent of Medicare DRG. Add-on payment,  .",64314.1,,,,,,,Case Rate,"Medicare Base Rate times Standard Inpatient Weight. Add-on payment, and lesser of 100% of billed charges. Add-on payment, and lesser of 100% of billed charges.",64314.1,,,,,,,Case Rate,"Medicare Base Rate times Standard Inpatient Weight. Add-on payment, and lesser of 100% of billed charges. Add-on payment, and lesser of 100% of billed charges.",64314.1,,,,,,,Case Rate,"Medicare Base Rate times Standard Inpatient Weight. Add-on payment, and lesser of 100% of billed charges. Add-on payment, and lesser of 100% of billed charges.",64314.1,,,,,,,Case Rate,"Medicare Base Rate times Standard Inpatient Weight. Add-on payment, and lesser of 100% of billed charges. Add-on payment, and lesser of 100% of billed charges.",56891.81,,,,,,,Case Rate,"Medicare Base Rate times Standard Inpatient Weight. GMLOS + 8 Outlier per Diem $6,968.00. Add-on payment, and lesser of 100% of billed charges. GMLOS + 8 Outlier per Diem $6,968.00. Add-on payment, and lesser of 100% of billed charges.",56891.81,,,,,,,Case Rate,"Medicare Base Rate times Standard Inpatient Weight. GMLOS + 8 Outlier per Diem $6,968.00. Add-on payment, and lesser of 100% of billed charges. GMLOS + 8 Outlier per Diem $6,968.00. Add-on payment, and lesser of 100% of billed charges.",56891.81,,,,,,,Case Rate,"Medicare Base Rate times Standard Inpatient Weight. GMLOS + 8 Outlier per Diem $6,968.00. Add-on payment, and lesser of 100% of billed charges. GMLOS + 8 Outlier per Diem $6,968.00. Add-on payment, and lesser of 100% of billed charges.",56891.81,,,,,,,Case Rate,"Medicare Base Rate times Standard Inpatient Weight. GMLOS + 8 Outlier per Diem $6,968.00. Add-on payment, and lesser of 100% of billed charges. GMLOS + 8 Outlier per Diem $6,968.00. Add-on payment, and lesser of 100% of billed charges.",94866.94,,,,,,,Case Rate,"Medicare Base Rate times Standard Inpatient Weight. GMLOS + 6 Outlier per Diem $11,932.00. Add-on payment, and lesser of 100% of billed charges. GMLOS + 6 Outlier per Diem $11,932.00. Add-on payment, and lesser of 100% of billed charges.",94866.94,,,,,,,Case Rate,"Medicare Base Rate times Standard Inpatient Weight. GMLOS + 6 Outlier per Diem $11,932.00. Add-on payment, and lesser of 100% of billed charges. GMLOS + 6 Outlier per Diem $11,932.00. Add-on payment, and lesser of 100% of billed charges.",21984.7,,,,,,,Case Rate,"Medicare Base Rate times Standard Inpatient Weight. 100 percent of Medicare DRG. Add-on payment,  . 100 percent of Medicare DRG. Add-on payment,  .",21984.7,,,,,,,Case Rate,"Medicare Base Rate times Standard Inpatient Weight. 100 percent of Medicare DRG. Add-on payment,  . 100 percent of Medicare DRG. Add-on payment,  .",21984.7,,,,,,,Case Rate,"Medicare Base Rate times Standard Inpatient Weight. 100 percent of Medicare DRG. Add-on payment,  . 100 percent of Medicare DRG. Add-on payment,  .",90033.63,,,,,,,Case Rate,"Medicare Base Rate times Standard Inpatient Weight. GMLOS + 6 Outlier per Diem $9,081.00 Add-on payment, and lesser of 100% of billed charges. GMLOS + 6 Outlier per Diem $9,081.00 Add-on payment, and lesser of 100% of billed charges.",90033.63,,,,,,,Case Rate,"Medicare Base Rate times Standard Inpatient Weight. GMLOS + 6 Outlier per Diem $9,081.00 Add-on payment, and lesser of 100% of billed charges. GMLOS + 6 Outlier per Diem $9,081.00 Add-on payment, and lesser of 100% of billed charges.",90033.63,,,,,,,Case Rate,"Medicare Base Rate times Standard Inpatient Weight. GMLOS + 6 Outlier per Diem $9,081.00 Add-on payment, and lesser of 100% of billed charges. GMLOS + 6 Outlier per Diem $9,081.00 Add-on payment, and lesser of 100% of billed charges.",94866.94,,,,,,,Case Rate,"Medicare Base Rate times Standard Inpatient Weight. GMLOS + 6 Outlier per Diem $11,932.00. Add-on payment, and lesser of 100% of billed charges. GMLOS + 6 Outlier per Diem $11,932.00. Add-on payment, and lesser of 100% of billed charges.",56891.81,,,,,,,Case Rate,"Medicare Base Rate times Standard Inpatient Weight. GMLOS + 8 Outlier per Diem $6,968.00. Add-on payment, and lesser of 100% of billed charges. GMLOS + 8 Outlier per Diem $6,968.00. Add-on payment, and lesser of 100% of billed charges.",21984.7,,,,,,,Case Rate,"Medicare Base Rate times Standard Inpatient Weight. 100 percent of Medicare DRG. Add-on payment,  . 100 percent of Medicare DRG. Add-on payment,  .",88687.89,,,,,,,Case Rate,"Medicare Base Rate times Standard Inpatient Weight. GMLOS + 6 Outlier per Diem $9,081.00 Add-on payment, and lesser of 100% of billed charges. GMLOS + 6 Outlier per Diem $9,081.00 Add-on payment, and lesser of 100% of billed charges.",,,,,,,,," ",22424.39,,,,,,,Case Rate,"Medicare Base Rate times Standard Inpatient Weight. 100 percent of Medicare DRG. Add-on payment, and lesser of 100% of billed charges. 100 percent of Medicare DRG. Add-on payment, and lesser of 100% of billed charges.",22424.39,,,,,,,Case Rate,"Medicare Base Rate times Standard Inpatient Weight. 100 percent of Medicare DRG. Add-on payment, and lesser of 100% of billed charges. 100 percent of Medicare DRG. Add-on payment, and lesser of 100% of billed charges.",22424.39,,,,,,,Case Rate,"Medicare Base Rate times Standard Inpatient Weight. 100 percent of Medicare DRG. Add-on payment, and lesser of 100% of billed charges. 100 percent of Medicare DRG. Add-on payment, and lesser of 100% of billed charges.",,,,,,,,," ",,,,,,,,," ",,,,,,,,," ",,,,,,,,," ",,,,,,,,," ",,,,,,,,," ",22424.39,,,,,,,Case Rate,"Medicare Base Rate times Standard Inpatient Weight. 100 percent of Medicare DRG. Add-on payment, and lesser of 100% of billed charges. 100 percent of Medicare DRG. Add-on payment, and lesser of 100% of billed charges.",,,,,,,,," ",,,,,,,,," ",,,,,,,,," ",,,,,,,,," ",,,,,,,,," ",,,,,,,,," ",,,,,,,,," ",21984.7,,,,,,,Case Rate,"Medicare Base Rate times Standard Inpatient Weight. 100 percent of Medicare DRG. Add-on payment,  . 100 percent of Medicare DRG. Add-on payment,  .",21984.7,,,,,,,Case Rate,"Medicare Base Rate times Standard Inpatient Weight. 100 percent of Medicare DRG. Add-on payment,  . 100 percent of Medicare DRG. Add-on payment,  .",56891.81,,,,,,,Case Rate,"Medicare Base Rate times Standard Inpatient Weight. GMLOS + 8 Outlier per Diem $6,968.00. Add-on payment, and lesser of 100% of billed charges. GMLOS + 8 Outlier per Diem $6,968.00. Add-on payment, and lesser of 100% of billed charges.",21984.7,,,,,,,Case Rate,"Medicare Base Rate times Standard Inpatient Weight. 100 percent of Medicare DRG. Add-on payment,  . 100 percent of Medicare DRG. Add-on payment,  .",,,,,,,,," ",,,,,,,,," ",,,,,,,,," ",,,,,,,,," ",,,,,,,,," ",,,,,,,,," ",,,,,,,,," ",,,,,,,,," ",,,,,,,,," ",,,,,,,,," ",,,,,,,,," ",94866.94,,,,,,,Case Rate,"Medicare Base Rate times Standard Inpatient Weight. GMLOS + 6 Outlier per Diem $11,932.00. Add-on payment, and lesser of 100% of billed charges. GMLOS + 6 Outlier per Diem $11,932.00. Add-on payment, and lesser of 100% of billed charges.",,,,,,,,," ",,,,,,,,," ",,,,,,,,," ",,,,,,,,," ",90033.63,,,,,,,Case Rate,"Medicare Base Rate times Standard Inpatient Weight. GMLOS + 6 Outlier per Diem $9,081.00 Add-on payment, and lesser of 100% of billed charges. GMLOS + 6 Outlier per Diem $9,081.00 Add-on payment, and lesser of 100% of billed charges.",88687.89,,,,,,,Case Rate,"Medicare Base Rate times Standard Inpatient Weight. GMLOS + 6 Outlier per Diem $9,081.00 Add-on payment, and lesser of 100% of billed charges. GMLOS + 6 Outlier per Diem $9,081.00 Add-on payment, and lesser of 100% of billed charges.",21984.7,,,,,,,Case Rate,"Medicare Base Rate times Standard Inpatient Weight. 100 percent of Medicare DRG. Add-on payment,  . 100 percent of Medicare DRG. Add-on payment,  .",88687.89,,,,,,,Case Rate,"Medicare Base Rate times Standard Inpatient Weight. GMLOS + 6 Outlier per Diem $9,081.00 Add-on payment, and lesser of 100% of billed charges. GMLOS + 6 Outlier per Diem $9,081.00 Add-on payment, and lesser of 100% of billed charges.",90033.63,,,,,,,Case Rate,"Medicare Base Rate times Standard Inpatient Weight. GMLOS + 6 Outlier per Diem $9,081.00 Add-on payment, and lesser of 100% of billed charges. GMLOS + 6 Outlier per Diem $9,081.00 Add-on payment, and lesser of 100% of billed charges.",90033.63,,,,,,,Case Rate,"Medicare Base Rate times Standard Inpatient Weight. GMLOS + 6 Outlier per Diem $9,081.00 Add-on payment, and lesser of 100% of billed charges. GMLOS + 6 Outlier per Diem $9,081.00 Add-on payment, and lesser of 100% of billed charges.",88687.89,,,,,,,Case Rate,"Medicare Base Rate times Standard Inpatient Weight. GMLOS + 6 Outlier per Diem $9,081.00 Add-on payment, and lesser of 100% of billed charges. GMLOS + 6 Outlier per Diem $9,081.00 Add-on payment, and lesser of 100% of billed charges.",21984.7,,,,,,,Case Rate,"Medicare Base Rate times Standard Inpatient Weight. 100 percent of Medicare DRG. Add-on payment,  . 100 percent of Medicare DRG. Add-on payment,  .",88687.89,,,,,,,Case Rate,"Medicare Base Rate times Standard Inpatient Weight. GMLOS + 6 Outlier per Diem $9,081.00 Add-on payment, and lesser of 100% of billed charges. GMLOS + 6 Outlier per Diem $9,081.00 Add-on payment, and lesser of 100% of billed charges.",90033.63,,,,,,,Case Rate,"Medicare Base Rate times Standard Inpatient Weight. GMLOS + 6 Outlier per Diem $9,081.00 Add-on payment, and lesser of 100% of billed charges. GMLOS + 6 Outlier per Diem $9,081.00 Add-on payment, and lesser of 100% of billed charges.",56891.81,,,,,,,Case Rate,"Medicare Base Rate times Standard Inpatient Weight. GMLOS + 8 Outlier per Diem $6,968.00. Add-on payment, and lesser of 100% of billed charges. GMLOS + 8 Outlier per Diem $6,968.00. Add-on payment, and lesser of 100% of billed charges.",,,,,,,,," ",,,,,,,,," ",,,,,,,,," ",,,,,,,,," ",,,,,,,,," ",,,,,,,,," ",,,,,,,,," ",,,,,,,,," ",,,,,,,,," ",,,,,,,,," ",,,,,,,,," ",,,,,,,,," ",,,,,,,,," ",,,,,,,,," ",63269.35,,,,,,,Case Rate,"Medicare Base Rate times Standard Inpatient Weight. Outlier (25+) per Diem $7,671.00. Add-on payment, and lesser of 100% of billed charges. Outlier (25+) per Diem $7,671.00. Add-on payment, and lesser of 100% of billed charges.",,,,,,,,," ",21984.7,,,,,,,Case Rate,"Medicare Base Rate times Standard Inpatient Weight. 100 percent of Medicare DRG. Add-on payment,  . 100 percent of Medicare DRG. Add-on payment,  .",69998.04,,,,,,,Case Rate,Medicare Base Rate times Standard Inpatient Weight. Local 1199 High/Low day Outlier Local 1199 High/Low day Outlier,21984.7,,,,,,,Case Rate,"Medicare Base Rate times Standard Inpatient Weight. 100 percent of Medicare DRG. Add-on payment,  . 100 percent of Medicare DRG. Add-on payment,  .",21984.7,,,,,,,Case Rate,"Medicare Base Rate times Standard Inpatient Weight. 100 percent of Medicare DRG. Add-on payment,  . 100 percent of Medicare DRG. Add-on payment,  .",,,,,,,,," ",,,,,,,,," ",,,,,,,,," ",,,,,,,,," ",,,,,,,,," ",55040.06,,,,,,,Case Rate,"Medicare Base Rate times Standard Inpatient Weight. GMLOS + 8 Outlier per Diem $4,623.00. Add-on payment, and lesser of 100% of billed charges. GMLOS + 8 Outlier per Diem $4,623.00. Add-on payment, and lesser of 100% of billed charges.",56891.81,,,,,,,Case Rate,"Medicare Base Rate times Standard Inpatient Weight. GMLOS + 8 Outlier per Diem $6,968.00. Add-on payment, and lesser of 100% of billed charges. GMLOS + 8 Outlier per Diem $6,968.00. Add-on payment, and lesser of 100% of billed charges.",64750.32,,,,,,,Case Rate,"Medicare Base Rate times Standard Inpatient Weight. Add-on payment, and lesser of 100% of billed charges. Add-on payment, and lesser of 100% of billed charges.",63269.35,,,,,,,Case Rate,"Medicare Base Rate times Standard Inpatient Weight. Outlier (25+) per Diem $7,671.00. Add-on payment, and lesser of 100% of billed charges. Outlier (25+) per Diem $7,671.00. Add-on payment, and lesser of 100% of billed charges.",21984.7,,,,,,,Case Rate,"Medicare Base Rate times Standard Inpatient Weight. 100 percent of Medicare DRG. Add-on payment, . 100 percent of Medicare DRG. Add-on payment, .",21984.7,,,,,,,Case Rate,"Medicare Base Rate times Standard Inpatient Weight. 100 percent of Medicare DRG. Add-on payment,  . 100 percent of Medicare DRG. Add-on payment,  .",21984.7,,,,,,,Case Rate,"Medicare Base Rate times Standard Inpatient Weight. 100 percent of Medicare DRG. Add-on payment,  . 100 percent of Medicare DRG. Add-on payment,  .",21984.7,,,,,,,Case Rate,"Medicare Base Rate times Standard Inpatient Weight. 100 percent of Medicare DRG. Add-on payment,  . 100 percent of Medicare DRG. Add-on payment,  .",21984.7,,,,,,,Case Rate,"Medicare Base Rate times Standard Inpatient Weight. 100 percent of Medicare DRG. Add-on payment, . 100 percent of Medicare DRG. Add-on payment, .",21984.7,,,,,,,Case Rate,"Medicare Base Rate times Standard Inpatient Weight. 100 percent of Medicare DRG. Add-on payment,  . 100 percent of Medicare DRG. Add-on payment,  .",,,,,,,,," ",,,,,,,,," ",,,,,,,,," ",90033.63,,,,,,,Case Rate,"Medicare Base Rate times Standard Inpatient Weight. GMLOS + 6 Outlier per Diem $9,081.00 Add-on payment, and lesser of 100% of billed charges. GMLOS + 6 Outlier per Diem $9,081.00 Add-on payment, and lesser of 100% of billed charges.",55040.06,,,,,,,Case Rate,"Medicare Base Rate times Standard Inpatient Weight. GMLOS + 8 Outlier per Diem $4,623.00. Add-on payment, and lesser of 100% of billed charges. GMLOS + 8 Outlier per Diem $4,623.00. Add-on payment, and lesser of 100% of billed charges.",55040.06,,,,,,,Case Rate,"Medicare Base Rate times Standard Inpatient Weight. GMLOS + 8 Outlier per Diem $4,623.00. Add-on payment, and lesser of 100% of billed charges. GMLOS + 8 Outlier per Diem $4,623.00. Add-on payment, and lesser of 100% of billed charges.",55040.06,,,,,,,Case Rate,"Medicare Base Rate times Standard Inpatient Weight. GMLOS + 8 Outlier per Diem $4,623.00. Add-on payment, and lesser of 100% of billed charges. GMLOS + 8 Outlier per Diem $4,623.00. Add-on payment, and lesser of 100% of billed charges.",55040.06,,,,,,,Case Rate,"Medicare Base Rate times Standard Inpatient Weight. GMLOS + 8 Outlier per Diem $4,623.00. Add-on payment, and lesser of 100% of billed charges. GMLOS + 8 Outlier per Diem $4,623.00. Add-on payment, and lesser of 100% of billed charges.",21984.7,,,,,,,Case Rate,"Medicare Base Rate times Standard Inpatient Weight. 100 percent of Medicare DRG. Add-on payment,  . 100 percent of Medicare DRG. Add-on payment,  .",,,,,,,,," ",90033.63,,,,,,,Case Rate,"Medicare Base Rate times Standard Inpatient Weight. GMLOS + 6 Outlier per Diem $9,081.00 Add-on payment, and lesser of 100% of billed charges. GMLOS + 6 Outlier per Diem $9,081.00 Add-on payment, and lesser of 100% of billed charges.",,,,,,,,," ",21984.7,,,,,,,Case Rate,"Medicare Base Rate times Standard Inpatient Weight. 100 percent of Medicare DRG. Add-on payment,  . 100 percent of Medicare DRG. Add-on payment,  .",,,,,,,,," ",21984.7,,,,,,,Case Rate,"Medicare Base Rate times Standard Inpatient Weight. 100 percent of Medicare DRG. Add-on payment,  . 100 percent of Medicare DRG. Add-on payment,  .",21984.7,,,,,,,Case Rate,"Medicare Base Rate times Standard Inpatient Weight. 100 percent of Medicare DRG. Add-on payment,  . 100 percent of Medicare DRG. Add-on payment,  .",,,,,,,,," ",,,,,,,,," ",55040.06,,,,,,,Case Rate,"Medicare Base Rate times Standard Inpatient Weight. GMLOS + 8 Outlier per Diem $4,623.00. Add-on payment, and lesser of 100% of billed charges. GMLOS + 8 Outlier per Diem $4,623.00. Add-on payment, and lesser of 100% of billed charges.",63269.35,,,,,,,Case Rate,"Medicare Base Rate times Standard Inpatient Weight. Outlier (25+) per Diem $7,671.00. Add-on payment, and lesser of 100% of billed charges. Outlier (25+) per Diem $7,671.00. Add-on payment, and lesser of 100% of billed charges.",,73,,,,,0,Percent of total billed charges,73 percent of charges.  ; No services were performed during the 15 month look back period.,83318.02,,,,,,,Case Rate,"Medicare Base Rate times Standard Inpatient Weight. AMLOS + 5 Outlier per Diem $7,362.00. Add-on payment, and lesser of 100% of billed charges. AMLOS + 5 Outlier per Diem $7,362.00. Add-on payment, and lesser of 100% of billed charges.",83318.02,,,,,,,Case Rate,"Medicare Base Rate times Standard Inpatient Weight. AMLOS + 5 Outlier per Diem $7,362.00. Add-on payment, and lesser of 100% of billed charges. AMLOS + 5 Outlier per Diem $7,362.00. Add-on payment, and lesser of 100% of billed charges.",56891.81,,,,,,,Case Rate,"Medicare Base Rate times Standard Inpatient Weight. GMLOS + 8 Outlier per Diem $6,968.00. Add-on payment, and lesser of 100% of billed charges. GMLOS + 8 Outlier per Diem $6,968.00. Add-on payment, and lesser of 100% of billed charges.",20445.77,,,,,,,Case Rate,"Medicare Base Rate times Standard Inpatient Weight. 93 percent of Medicare DRG. Add-on payment, and lesser of 100% of billed charges. 93 percent of Medicare DRG. Add-on payment, and lesser of 100% of billed charges.",64314.1,,,,,,,Case Rate,"Medicare Base Rate times Standard Inpatient Weight. Add-on payment, and lesser of 100% of billed charges. Add-on payment, and lesser of 100% of billed charges.",64314.1,,,,,,,Case Rate,"Medicare Base Rate times Standard Inpatient Weight. Add-on payment, and lesser of 100% of billed charges. Add-on payment, and lesser of 100% of billed charges.",70951.18,,,,,,,Case Rate,"Medicare Base Rate times Standard Inpatient Weight. GMLOS + 6 Outlier per Diem $7,265.00 Add-on payment, and lesser of 100% of billed charges. GMLOS + 6 Outlier per Diem $7,265.00 Add-on payment, and lesser of 100% of billed charges.",90033.63,,,,,,,Case Rate,"Medicare Base Rate times Standard Inpatient Weight. GMLOS + 6 Outlier per Diem $9,081.00 Add-on payment, and lesser of 100% of billed charges. GMLOS + 6 Outlier per Diem $9,081.00 Add-on payment, and lesser of 100% of billed charges.",21984.7,,,,,,,Case Rate,"Medicare Base Rate times Standard Inpatient Weight. 100 percent of Medicare DRG. Add-on payment,  . 100 percent of Medicare DRG. Add-on payment,  .",21984.7,,,,,,,Case Rate,"Medicare Base Rate times Standard Inpatient Weight. 100 percent of Medicare DRG. Add-on payment,  . 100 percent of Medicare DRG. Add-on payment,  .",21984.7,,,,,,,Case Rate,"Medicare Base Rate times Standard Inpatient Weight. 100 percent of Medicare DRG. Add-on payment,  . 100 percent of Medicare DRG. Add-on payment,  .",21984.7,,,,,,,Case Rate,"Medicare Base Rate times Standard Inpatient Weight. 100 percent of Medicare DRG. Add-on payment,  . 100 percent of Medicare DRG. Add-on payment,  .",83318.02,,,,,,,Case Rate,"Medicare Base Rate times Standard Inpatient Weight. AMLOS + 5 Outlier per Diem $7,362.00. Add-on payment, and lesser of 100% of billed charges. AMLOS + 5 Outlier per Diem $7,362.00. Add-on payment, and lesser of 100% of billed charges.",90033.63,,,,,,,Case Rate,"Medicare Base Rate times Standard Inpatient Weight. GMLOS + 6 Outlier per Diem $9,081.00 Add-on payment, and lesser of 100% of billed charges. GMLOS + 6 Outlier per Diem $9,081.00 Add-on payment, and lesser of 100% of billed charges.",90033.63,,,,,,,Case Rate,"Medicare Base Rate times Standard Inpatient Weight. GMLOS + 6 Outlier per Diem $9,081.00 Add-on payment, and lesser of 100% of billed charges. GMLOS + 6 Outlier per Diem $9,081.00 Add-on payment, and lesser of 100% of billed charges.",21984.7,,,,,,,Case Rate,"Medicare Base Rate times Standard Inpatient Weight. 100 percent of Medicare DRG. Add-on payment,  . 100 percent of Medicare DRG. Add-on payment,  .",70951.18,,,,,,,Case Rate,"Medicare Base Rate times Standard Inpatient Weight. GMLOS + 6 Outlier per Diem $7,265.00 Add-on payment, and lesser of 100% of billed charges. GMLOS + 6 Outlier per Diem $7,265.00 Add-on payment, and lesser of 100% of billed charges.",64750.32,,,,,,,Case Rate,"Medicare Base Rate times Standard Inpatient Weight. Add-on payment, and lesser of 100% of billed charges. Add-on payment, and lesser of 100% of billed charges.",,,,,,,,," ",,,,,,,,," ",55040.06,,,,,,,Case Rate,"Medicare Base Rate times Standard Inpatient Weight. GMLOS + 8 Outlier per Diem $4,623.00. Add-on payment, and lesser of 100% of billed charges. GMLOS + 8 Outlier per Diem $4,623.00. Add-on payment, and lesser of 100% of billed charges.",79819.54,,,,,,,Case Rate,"Medicare Base Rate times Standard Inpatient Weight. GMLOS + 6 Outlier per Diem $8,173.00 Add-on payment, and lesser of 100% of billed charges. GMLOS + 6 Outlier per Diem $8,173.00 Add-on payment, and lesser of 100% of billed charges.",90033.63,,,,,,,Case Rate,"Medicare Base Rate times Standard Inpatient Weight. GMLOS + 6 Outlier per Diem $9,081.00 Add-on payment, and lesser of 100% of billed charges. GMLOS + 6 Outlier per Diem $9,081.00 Add-on payment, and lesser of 100% of billed charges.",90033.63,,,,,,,Case Rate,"Medicare Base Rate times Standard Inpatient Weight. GMLOS + 6 Outlier per Diem $9,081.00 Add-on payment, and lesser of 100% of billed charges. GMLOS + 6 Outlier per Diem $9,081.00 Add-on payment, and lesser of 100% of billed charges.",65365.39,,,,,,,Case Rate,"Medicare Base Rate times Standard Inpatient Weight. GMLOS + 6 Outlier per Diem $8,221.00. Add-on payment, and lesser of 100% of billed charges. GMLOS + 6 Outlier per Diem $8,221.00. Add-on payment, and lesser of 100% of billed charges.",21984.7,,,,,,,Case Rate,"Medicare Base Rate times Standard Inpatient Weight. 100 percent of Medicare DRG. Add-on payment, . 100 percent of Medicare DRG. Add-on payment, .",,,,,,,,," ",,,,,,,,," ",,,,,,,,," ",,,,,,,,," ",83318.02,,,,,,,Case Rate,"Medicare Base Rate times Standard Inpatient Weight. AMLOS + 5 Outlier per Diem $7,362.00. Add-on payment, and lesser of 100% of billed charges. AMLOS + 5 Outlier per Diem $7,362.00. Add-on payment, and lesser of 100% of billed charges.",,,,,,,,," ",,,,,,,,," ",,,,,,,,," ",,,,,,,,," ",,,,,,,,," ",,,,,,,,," ",,,,,,,,," ",21984.7,,,,,,,Case Rate,"Medicare Base Rate times Standard Inpatient Weight. 100 percent of Medicare DRG. Add-on payment,  . 100 percent of Medicare DRG. Add-on payment,  .",83318.02,,,,,,,Case Rate,"Medicare Base Rate times Standard Inpatient Weight. AMLOS + 5 Outlier per Diem $7,362.00. Add-on payment, and lesser of 100% of billed charges. AMLOS + 5 Outlier per Diem $7,362.00. Add-on payment, and lesser of 100% of billed charges.",21984.7,,,,,,,Case Rate,"Medicare Base Rate times Standard Inpatient Weight. 100 percent of Medicare DRG. Add-on payment,  . 100 percent of Medicare DRG. Add-on payment,  .",,,,,,,,," ",90033.63,,,,,,,Case Rate,"Medicare Base Rate times Standard Inpatient Weight. GMLOS + 6 Outlier per Diem $9,081.00 Add-on payment, and lesser of 100% of billed charges. GMLOS + 6 Outlier per Diem $9,081.00 Add-on payment, and lesser of 100% of billed charges.",21984.7,,,,,,,Case Rate,"Medicare Base Rate times Standard Inpatient Weight. 100 percent of Medicare DRG. Add-on payment,  . 100 percent of Medicare DRG. Add-on payment,  .",90033.63,,,,,,,Case Rate,"Medicare Base Rate times Standard Inpatient Weight. GMLOS + 6 Outlier per Diem $9,081.00 Add-on payment, and lesser of 100% of billed charges. GMLOS + 6 Outlier per Diem $9,081.00 Add-on payment, and lesser of 100% of billed charges.",90033.63,,,,,,,Case Rate,"Medicare Base Rate times Standard Inpatient Weight. GMLOS + 6 Outlier per Diem $9,081.00 Add-on payment, and lesser of 100% of billed charges. GMLOS + 6 Outlier per Diem $9,081.00 Add-on payment, and lesser of 100% of billed charges.",90033.63,,,,,,,Case Rate,"Medicare Base Rate times Standard Inpatient Weight. GMLOS + 6 Outlier per Diem $9,081.00 Add-on payment, and lesser of 100% of billed charges. GMLOS + 6 Outlier per Diem $9,081.00 Add-on payment, and lesser of 100% of billed charges.",,,,,,,,," ",21984.7,,,,,,,Case Rate,"Medicare Base Rate times Standard Inpatient Weight. 100 percent of Medicare DRG. Add-on payment,  . 100 percent of Medicare DRG. Add-on payment,  .",90033.63,,,,,,,Case Rate,"Medicare Base Rate times Standard Inpatient Weight. GMLOS + 6 Outlier per Diem $9,081.00 Add-on payment, and lesser of 100% of billed charges. GMLOS + 6 Outlier per Diem $9,081.00 Add-on payment, and lesser of 100% of billed charges.",,,,,,,,," ",90033.63,,,,,,,Case Rate,"Medicare Base Rate times Standard Inpatient Weight. GMLOS + 6 Outlier per Diem $9,081.00 Add-on payment, and lesser of 100% of billed charges. GMLOS + 6 Outlier per Diem $9,081.00 Add-on payment, and lesser of 100% of billed charges.",23083.93,,,,,,,Case Rate,"105% of the Diagnostic Related Group fee schedule established by CMS for Medicare in force as of the date of payment.. Delay in Discharge per diem $4,007 Delay in Discharge per diem $4,007",21984.7,,,,,,,Case Rate,"Medicare Base Rate times Standard Inpatient Weight. 100 percent of Medicare DRG. Add-on payment, . 100 percent of Medicare DRG. Add-on payment, .",55040.06,,,,,,,Case Rate,"Medicare Base Rate times Standard Inpatient Weight. GMLOS + 8 Outlier per Diem $4,623.00. Add-on payment, and lesser of 100% of billed charges. GMLOS + 8 Outlier per Diem $4,623.00. Add-on payment, and lesser of 100% of billed charges.",55040.06,,,,,,,Case Rate,"Medicare Base Rate times Standard Inpatient Weight. GMLOS + 8 Outlier per Diem $4,623.00. Add-on payment, and lesser of 100% of billed charges. GMLOS + 8 Outlier per Diem $4,623.00. Add-on payment, and lesser of 100% of billed charges.",55040.06,,,,,,,Case Rate,"Medicare Base Rate times Standard Inpatient Weight. GMLOS + 8 Outlier per Diem $4,623.00. Add-on payment, and lesser of 100% of billed charges. GMLOS + 8 Outlier per Diem $4,623.00. Add-on payment, and lesser of 100% of billed charges.",55040.06,,,,,,,Case Rate,"Medicare Base Rate times Standard Inpatient Weight. GMLOS + 8 Outlier per Diem $4,623.00. Add-on payment, and lesser of 100% of billed charges. GMLOS + 8 Outlier per Diem $4,623.00. Add-on payment, and lesser of 100% of billed charges.",55040.06,,,,,,,Case Rate,"Medicare Base Rate times Standard Inpatient Weight. GMLOS + 8 Outlier per Diem $4,623.00. Add-on payment, and lesser of 100% of billed charges. GMLOS + 8 Outlier per Diem $4,623.00. Add-on payment, and lesser of 100% of billed charges.",64750.32,,,,,,,Case Rate,"Medicare Base Rate times Standard Inpatient Weight. Add-on payment, and lesser of 100% of billed charges. Add-on payment, and lesser of 100% of billed charges.",64750.32,,,,,,,Case Rate,"Medicare Base Rate times Standard Inpatient Weight. Add-on payment, and lesser of 100% of billed charges. Add-on payment, and lesser of 100% of billed charges.",55040.06,,,,,,,Case Rate,"Medicare Base Rate times Standard Inpatient Weight. GMLOS + 8 Outlier per Diem $4,623.00. Add-on payment, and lesser of 100% of billed charges. GMLOS + 8 Outlier per Diem $4,623.00. Add-on payment, and lesser of 100% of billed charges.",55040.06,,,,,,,Case Rate,"Medicare Base Rate times Standard Inpatient Weight. GMLOS + 8 Outlier per Diem $4,623.00. Add-on payment, and lesser of 100% of billed charges. GMLOS + 8 Outlier per Diem $4,623.00. Add-on payment, and lesser of 100% of billed charges.",55040.06,,,,,,,Case Rate,"Medicare Base Rate times Standard Inpatient Weight. GMLOS + 8 Outlier per Diem $4,623.00. Add-on payment, and lesser of 100% of billed charges. GMLOS + 8 Outlier per Diem $4,623.00. Add-on payment, and lesser of 100% of billed charges.",55040.06,,,,,,,Case Rate,"Medicare Base Rate times Standard Inpatient Weight. GMLOS + 8 Outlier per Diem $4,623.00. Add-on payment, and lesser of 100% of billed charges. GMLOS + 8 Outlier per Diem $4,623.00. Add-on payment, and lesser of 100% of billed charges.",55040.06,,,,,,,Case Rate,"Medicare Base Rate times Standard Inpatient Weight. GMLOS + 8 Outlier per Diem $4,623.00. Add-on payment, and lesser of 100% of billed charges. GMLOS + 8 Outlier per Diem $4,623.00. Add-on payment, and lesser of 100% of billed charges.",21984.7,,,,,,,Case Rate,"Medicare Base Rate times Standard Inpatient Weight. 100 percent of Medicare DRG. Add-on payment,  . 100 percent of Medicare DRG. Add-on payment,  .",64750.32,,,,,,,Case Rate,"Medicare Base Rate times Standard Inpatient Weight. Add-on payment, and lesser of 100% of billed charges. Add-on payment, and lesser of 100% of billed charges.",21984.7,,,,,,,Case Rate,"Medicare Base Rate times Standard Inpatient Weight. 100 percent of Medicare DRG. Add-on payment,  . 100 percent of Medicare DRG. Add-on payment,  .",,,,,,,,," ",,,,,,,,," ",83318.02,,,,,,,Case Rate,"Medicare Base Rate times Standard Inpatient Weight. AMLOS + 5 Outlier per Diem $7,362.00. Add-on payment, and lesser of 100% of billed charges. AMLOS + 5 Outlier per Diem $7,362.00. Add-on payment, and lesser of 100% of billed charges.",83318.02,,,,,,,Case Rate,"Medicare Base Rate times Standard Inpatient Weight. AMLOS + 5 Outlier per Diem $7,362.00. Add-on payment, and lesser of 100% of billed charges. AMLOS + 5 Outlier per Diem $7,362.00. Add-on payment, and lesser of 100% of billed charges.",21984.7,,,,,,,Case Rate,"Medicare Base Rate times Standard Inpatient Weight. 100 percent of Medicare DRG. Add-on payment,  . 100 percent of Medicare DRG. Add-on payment,  .",64314.1,,,,,,,Case Rate,"Medicare Base Rate times Standard Inpatient Weight. Add-on payment, and lesser of 100% of billed charges. Add-on payment, and lesser of 100% of billed charges.",21984.7,,,,,,,Case Rate,"Medicare Base Rate times Standard Inpatient Weight. 100 percent of Medicare DRG. Add-on payment,  . 100 percent of Medicare DRG. Add-on payment,  .",21984.7,,,,,,,Case Rate,"Medicare Base Rate times Standard Inpatient Weight. 100 percent of Medicare DRG. Add-on payment,  . 100 percent of Medicare DRG. Add-on payment,  .",56891.81,,,,,,,Case Rate,"Medicare Base Rate times Standard Inpatient Weight. GMLOS + 8 Outlier per Diem $6,968.00. Add-on payment, and lesser of 100% of billed charges. GMLOS + 8 Outlier per Diem $6,968.00. Add-on payment, and lesser of 100% of billed charges.",21984.7,,,,,,,Case Rate,"Medicare Base Rate times Standard Inpatient Weight. 100 percent of Medicare DRG. Add-on payment,  . 100 percent of Medicare DRG. Add-on payment,  .",63269.35,,,,,,,Case Rate,"Medicare Base Rate times Standard Inpatient Weight. Outlier (25+) per Diem $7,671.00. Add-on payment, and lesser of 100% of billed charges. Outlier (25+) per Diem $7,671.00. Add-on payment, and lesser of 100% of billed charges.",21984.7,,,,,,,Case Rate,"Medicare Base Rate times Standard Inpatient Weight. 100 percent of Medicare DRG. Add-on payment,  . 100 percent of Medicare DRG. Add-on payment,  .",63269.35,,,,,,,Case Rate,"Medicare Base Rate times Standard Inpatient Weight. Outlier (25+) per Diem $7,671.00. Add-on payment, and lesser of 100% of billed charges. Outlier (25+) per Diem $7,671.00. Add-on payment, and lesser of 100% of billed charges.",56891.81,,,,,,,Case Rate,"Medicare Base Rate times Standard Inpatient Weight. GMLOS + 8 Outlier per Diem $6,968.00. Add-on payment, and lesser of 100% of billed charges. GMLOS + 8 Outlier per Diem $6,968.00. Add-on payment, and lesser of 100% of billed charges.",63269.35,,,,,,,Case Rate,"Medicare Base Rate times Standard Inpatient Weight. Outlier (25+) per Diem $7,671.00. Add-on payment, and lesser of 100% of billed charges. Outlier (25+) per Diem $7,671.00. Add-on payment, and lesser of 100% of billed charges.",21984.7,,,,,,,Case Rate,"Medicare Base Rate times Standard Inpatient Weight. 100 percent of Medicare DRG. Add-on payment,  . 100 percent of Medicare DRG. Add-on payment,  .",,,,,,,,," ",21984.7,,,,,,,Case Rate,"Medicare Base Rate times Standard Inpatient Weight. 100 percent of Medicare DRG. Add-on payment,  . 100 percent of Medicare DRG. Add-on payment,  .",63269.35,,,,,,,Case Rate,"Medicare Base Rate times Standard Inpatient Weight. Outlier (25+) per Diem $7,671.00. Add-on payment, and lesser of 100% of billed charges. Outlier (25+) per Diem $7,671.00. Add-on payment, and lesser of 100% of billed charges.",83318.02,,,,,,,Case Rate,"Medicare Base Rate times Standard Inpatient Weight. AMLOS + 5 Outlier per Diem $7,362.00. Add-on payment, and lesser of 100% of billed charges. AMLOS + 5 Outlier per Diem $7,362.00. Add-on payment, and lesser of 100% of billed charges.",,,,,,,,," ",90033.63,,,,,,,Case Rate,"Medicare Base Rate times Standard Inpatient Weight. GMLOS + 6 Outlier per Diem $9,081.00 Add-on payment, and lesser of 100% of billed charges. GMLOS + 6 Outlier per Diem $9,081.00 Add-on payment, and lesser of 100% of billed charges.",,,,,,,,," ",,,,,,,,," ",88687.89,,,,,,,Case Rate,"Medicare Base Rate times Standard Inpatient Weight. GMLOS + 6 Outlier per Diem $9,081.00 Add-on payment, and lesser of 100% of billed charges. GMLOS + 6 Outlier per Diem $9,081.00 Add-on payment, and lesser of 100% of billed charges.",88687.89,,,,,,,Case Rate,"Medicare Base Rate times Standard Inpatient Weight. GMLOS + 6 Outlier per Diem $9,081.00 Add-on payment, and lesser of 100% of billed charges. GMLOS + 6 Outlier per Diem $9,081.00 Add-on payment, and lesser of 100% of billed charges.",90033.63,,,,,,,Case Rate,"Medicare Base Rate times Standard Inpatient Weight. GMLOS + 6 Outlier per Diem $9,081.00 Add-on payment, and lesser of 100% of billed charges. GMLOS + 6 Outlier per Diem $9,081.00 Add-on payment, and lesser of 100% of billed charges.",83318.02,,,,,,,Case Rate,"Medicare Base Rate times Standard Inpatient Weight. AMLOS + 5 Outlier per Diem $7,362.00. Add-on payment, and lesser of 100% of billed charges. AMLOS + 5 Outlier per Diem $7,362.00. Add-on payment, and lesser of 100% of billed charges.",90033.63,,,,,,,Case Rate,"Medicare Base Rate times Standard Inpatient Weight. GMLOS + 6 Outlier per Diem $9,081.00 Add-on payment, and lesser of 100% of billed charges. GMLOS + 6 Outlier per Diem $9,081.00 Add-on payment, and lesser of 100% of billed charges.",88687.89,,,,,,,Case Rate,"Medicare Base Rate times Standard Inpatient Weight. GMLOS + 6 Outlier per Diem $9,081.00 Add-on payment, and lesser of 100% of billed charges. GMLOS + 6 Outlier per Diem $9,081.00 Add-on payment, and lesser of 100% of billed charges.",90033.63,,,,,,,Case Rate,"Medicare Base Rate times Standard Inpatient Weight. GMLOS + 6 Outlier per Diem $9,081.00 Add-on payment, and lesser of 100% of billed charges. GMLOS + 6 Outlier per Diem $9,081.00 Add-on payment, and lesser of 100% of billed charges.",55040.06,,,,,,,Case Rate,"Medicare Base Rate times Standard Inpatient Weight. GMLOS + 8 Outlier per Diem $4,623.00. Add-on payment, and lesser of 100% of billed charges. GMLOS + 8 Outlier per Diem $4,623.00. Add-on payment, and lesser of 100% of billed charges.",55040.06,,,,,,,Case Rate,"Medicare Base Rate times Standard Inpatient Weight. GMLOS + 8 Outlier per Diem $4,623.00. Add-on payment, and lesser of 100% of billed charges. GMLOS + 8 Outlier per Diem $4,623.00. Add-on payment, and lesser of 100% of billed charges.",57561.06,,,,,,,Case Rate,. 200 percent of Medicare 200 percent of Medicare,,,,,,,,," ",83318.02,,,,,,,Case Rate,"Medicare Base Rate times Standard Inpatient Weight. AMLOS + 5 Outlier per Diem $7,362.00. Add-on payment, and lesser of 100% of billed charges. AMLOS + 5 Outlier per Diem $7,362.00. Add-on payment, and lesser of 100% of billed charges.",63269.35,,,,,,,Case Rate,"Medicare Base Rate times Standard Inpatient Weight. Outlier (25+) per Diem $7,671.00. Add-on payment, and lesser of 100% of billed charges. Outlier (25+) per Diem $7,671.00. Add-on payment, and lesser of 100% of billed charges.",56891.81,,,,,,,Case Rate,"Medicare Base Rate times Standard Inpatient Weight. GMLOS + 8 Outlier per Diem $6,968.00. Add-on payment, and lesser of 100% of billed charges. GMLOS + 8 Outlier per Diem $6,968.00. Add-on payment, and lesser of 100% of billed charges.",83318.02,,,,,,,Case Rate,"Medicare Base Rate times Standard Inpatient Weight. AMLOS + 5 Outlier per Diem $7,362.00. Add-on payment, and lesser of 100% of billed charges. AMLOS + 5 Outlier per Diem $7,362.00. Add-on payment, and lesser of 100% of billed charges.",56891.81,,,,,,,Case Rate,"Medicare Base Rate times Standard Inpatient Weight. GMLOS + 8 Outlier per Diem $6,968.00. Add-on payment, and lesser of 100% of billed charges. GMLOS + 8 Outlier per Diem $6,968.00. Add-on payment, and lesser of 100% of billed charges.",83318.02,,,,,,,Case Rate,"Medicare Base Rate times Standard Inpatient Weight. AMLOS + 5 Outlier per Diem $7,362.00. Add-on payment, and lesser of 100% of billed charges. AMLOS + 5 Outlier per Diem $7,362.00. Add-on payment, and lesser of 100% of billed charges.",90033.63,,,,,,,Case Rate,"Medicare Base Rate times Standard Inpatient Weight. GMLOS + 6 Outlier per Diem $9,081.00 Add-on payment, and lesser of 100% of billed charges. GMLOS + 6 Outlier per Diem $9,081.00 Add-on payment, and lesser of 100% of billed charges.",88687.89,,,,,,,Case Rate,"Medicare Base Rate times Standard Inpatient Weight. GMLOS + 6 Outlier per Diem $9,081.00 Add-on payment, and lesser of 100% of billed charges. GMLOS + 6 Outlier per Diem $9,081.00 Add-on payment, and lesser of 100% of billed charges.",88687.89,,,,,,,Case Rate,"Medicare Base Rate times Standard Inpatient Weight. GMLOS + 6 Outlier per Diem $9,081.00 Add-on payment, and lesser of 100% of billed charges. GMLOS + 6 Outlier per Diem $9,081.00 Add-on payment, and lesser of 100% of billed charges.",90033.63,,,,,,,Case Rate,"Medicare Base Rate times Standard Inpatient Weight. GMLOS + 6 Outlier per Diem $9,081.00 Add-on payment, and lesser of 100% of billed charges. GMLOS + 6 Outlier per Diem $9,081.00 Add-on payment, and lesser of 100% of billed charges.",21984.7,,,,,,,Case Rate,"Medicare Base Rate times Standard Inpatient Weight. 100 percent of Medicare DRG. Add-on payment,  . 100 percent of Medicare DRG. Add-on payment,  .",19332.77,99288.03,
MS219,DRG,,,,,MS-DRG 219 CARDIAC VALVE AND OTHER MAJOR CARDIOTHORACIC PROCEDURES WITHOUT CARDIAC CATHETERIZATION WITH MCC,,,Inpatient,,,,246419.68,,,,,,,Case Rate,Medicare Base Rate times Standard Inpatient Weight. Local 1199 High/Low day Outlier Local 1199 High/Low day Outlier,246419.68,,,,,,,Case Rate,Medicare Base Rate times Standard Inpatient Weight. Local 1199 High/Low day Outlier Local 1199 High/Low day Outlier,166781,,,,,,,Case Rate,". Add-on payment, and lesser of 100% of billed charges. Add-on payment, and lesser of 100% of billed charges.",,100,,14606.02,2472.56,100190.11,19,Percent of total billed charges,"100 percent of charges.  ",76008.73,,,,,,,Case Rate,"Medicare Base Rate times Standard Inpatient Weight. 100 percent of Medicare DRG. Add-on payment,  . 100 percent of Medicare DRG. Add-on payment,  .",166781,,,,,,,Case Rate,". Add-on payment, and lesser of 100% of billed charges. Add-on payment, and lesser of 100% of billed charges.",166781,,,,,,,Case Rate,". Add-on payment, and lesser of 100% of billed charges. Add-on payment, and lesser of 100% of billed charges.",166781,,,,,,,Case Rate,". Add-on payment, and lesser of 100% of billed charges. Add-on payment, and lesser of 100% of billed charges.",,,,,,,,," ",,,,,,,,," ",,73,,,,,0,Percent of total billed charges,73 percent of charges.  ; No services were performed during the 15 month look back period.,288215,,,,,,,Case Rate,"Medicare Base Rate times Standard Inpatient Weight. AMLOS + 5 Outlier per Diem $7,362.00. Add-on payment, and lesser of 100% of billed charges. AMLOS + 5 Outlier per Diem $7,362.00. Add-on payment, and lesser of 100% of billed charges.",,,,,,,,," ",76008.73,,,,,,,Case Rate,"Medicare Base Rate times Standard Inpatient Weight. 100 percent of Medicare DRG. Add-on payment,  . 100 percent of Medicare DRG. Add-on payment,  .",222732.13,,,,,,,Case Rate,"Medicare Base Rate times Standard Inpatient Weight. Outlier (25+) per Diem $7,671.00. Add-on payment, and lesser of 100% of billed charges. Outlier (25+) per Diem $7,671.00. Add-on payment, and lesser of 100% of billed charges.",222732.13,,,,,,,Case Rate,"Medicare Base Rate times Standard Inpatient Weight. Outlier (25+) per Diem $7,671.00. Add-on payment, and lesser of 100% of billed charges. Outlier (25+) per Diem $7,671.00. Add-on payment, and lesser of 100% of billed charges.",222732.13,,,,,,,Case Rate,"Medicare Base Rate times Standard Inpatient Weight. Outlier (25+) per Diem $7,671.00. Add-on payment, and lesser of 100% of billed charges. Outlier (25+) per Diem $7,671.00. Add-on payment, and lesser of 100% of billed charges.",222732.13,,,,,,,Case Rate,"Medicare Base Rate times Standard Inpatient Weight. Outlier (25+) per Diem $7,671.00. Add-on payment, and lesser of 100% of billed charges. Outlier (25+) per Diem $7,671.00. Add-on payment, and lesser of 100% of billed charges.",,,,,,,,," ",76008.73,,,,,,,Case Rate,"Medicare Base Rate times Standard Inpatient Weight. 100 percent of Medicare DRG. Add-on payment,  . 100 percent of Medicare DRG. Add-on payment,  .",,,,,,,,," ",,73,,,,,0,Percent of total billed charges,73 percent of charges.  ; No services were performed during the 15 month look back period.,166781,,,,,,,Case Rate,". Add-on payment, and lesser of 100% of billed charges. Add-on payment, and lesser of 100% of billed charges.",76008.73,,,,,,,Case Rate,"Medicare Base Rate times Standard Inpatient Weight. 100 percent of Medicare DRG. Add-on payment, and lesser of 100% of billed charges. 100 percent of Medicare DRG. Add-on payment, and lesser of 100% of billed charges.",227945.69,,,,,,,Case Rate,"Medicare Base Rate times Standard Inpatient Weight. Add-on payment, and lesser of 100% of billed charges. Add-on payment, and lesser of 100% of billed charges.",76008.73,,,,,,,Case Rate,"Medicare Base Rate times Standard Inpatient Weight. 100 percent of Medicare DRG. Add-on payment, and lesser of 100% of billed charges. 100 percent of Medicare DRG. Add-on payment, and lesser of 100% of billed charges.",76008.73,,,,,,,Case Rate,"Medicare Base Rate times Standard Inpatient Weight. 100 percent of Medicare DRG. Add-on payment, and lesser of 100% of billed charges. 100 percent of Medicare DRG. Add-on payment, and lesser of 100% of billed charges.",,73,,,,,0,Percent of total billed charges,73 percent of charges.  ; No services were performed during the 15 month look back period.,,,,,,,,," ",,,,,,,,," ",,,,,,,,," ",,,,,,,,," ",227945.69,,,,,,,Case Rate,"Medicare Base Rate times Standard Inpatient Weight. Add-on payment, and lesser of 100% of billed charges. Add-on payment, and lesser of 100% of billed charges.",227945.69,,,,,,,Case Rate,"Medicare Base Rate times Standard Inpatient Weight. Add-on payment, and lesser of 100% of billed charges. Add-on payment, and lesser of 100% of billed charges.",,,,,,,,," ",227945.69,,,,,,,Case Rate,"Medicare Base Rate times Standard Inpatient Weight. Add-on payment, and lesser of 100% of billed charges. Add-on payment, and lesser of 100% of billed charges.",,,,,,,,," ",76008.73,,,,,,,Case Rate,"Medicare Base Rate times Standard Inpatient Weight. 100 percent of Medicare DRG. Add-on payment, . 100 percent of Medicare DRG. Add-on payment, .",227945.69,,,,,,,Case Rate,"Medicare Base Rate times Standard Inpatient Weight. Add-on payment, and lesser of 100% of billed charges. Add-on payment, and lesser of 100% of billed charges.",,73,,3509.46,789.72,35538,25,Percent of total billed charges,"73 percent of charges.  ",,,,,,,,," ",,,,,,,,," ",,73,,,,,0,Percent of total billed charges,73 percent of charges.  ; No services were performed during the 15 month look back period.,222732.13,,,,,,,Case Rate,"Medicare Base Rate times Standard Inpatient Weight. Outlier (25+) per Diem $7,671.00. Add-on payment, and lesser of 100% of billed charges. Outlier (25+) per Diem $7,671.00. Add-on payment, and lesser of 100% of billed charges.",220863,,,,,,,Case Rate,". Add-on payment, and lesser of 100% of billed charges. Add-on payment, and lesser of 100% of billed charges.",220863,,,,,,,Case Rate,". Add-on payment, and lesser of 100% of billed charges. Add-on payment, and lesser of 100% of billed charges.",,73,,,,,0,Percent of total billed charges,73 percent of charges.  ; No services were performed during the 15 month look back period.,76008.73,,,,,,,Case Rate,"Medicare Base Rate times Standard Inpatient Weight. 100 percent of Medicare DRG. Add-on payment,  . 100 percent of Medicare DRG. Add-on payment,  .",288215,,,,,,,Case Rate,"Medicare Base Rate times Standard Inpatient Weight. AMLOS + 5 Outlier per Diem $7,362.00. Add-on payment, and lesser of 100% of billed charges. AMLOS + 5 Outlier per Diem $7,362.00. Add-on payment, and lesser of 100% of billed charges.",288215,,,,,,,Case Rate,"Medicare Base Rate times Standard Inpatient Weight. AMLOS + 5 Outlier per Diem $7,362.00. Add-on payment, and lesser of 100% of billed charges. AMLOS + 5 Outlier per Diem $7,362.00. Add-on payment, and lesser of 100% of billed charges.",288215,,,,,,,Case Rate,"Medicare Base Rate times Standard Inpatient Weight. AMLOS + 5 Outlier per Diem $7,362.00. Add-on payment, and lesser of 100% of billed charges. AMLOS + 5 Outlier per Diem $7,362.00. Add-on payment, and lesser of 100% of billed charges.",76008.73,,,,,,,Case Rate,"Medicare Base Rate times Standard Inpatient Weight. 100 percent of Medicare DRG. Add-on payment,  . 100 percent of Medicare DRG. Add-on payment,  .",288215,,,,,,,Case Rate,"Medicare Base Rate times Standard Inpatient Weight. AMLOS + 5 Outlier per Diem $7,362.00. Add-on payment, and lesser of 100% of billed charges. AMLOS + 5 Outlier per Diem $7,362.00. Add-on payment, and lesser of 100% of billed charges.",288215,,,,,,,Case Rate,"Medicare Base Rate times Standard Inpatient Weight. AMLOS + 5 Outlier per Diem $7,362.00. Add-on payment, and lesser of 100% of billed charges. AMLOS + 5 Outlier per Diem $7,362.00. Add-on payment, and lesser of 100% of billed charges.",76008.73,,,,,,,Case Rate,"Medicare Base Rate times Standard Inpatient Weight. 100 percent of Medicare DRG. Add-on payment, and lesser of 100% of billed charges. 100 percent of Medicare DRG. Add-on payment, and lesser of 100% of billed charges.",333967.66,,,,,,,Case Rate,"Medicare Base Rate times Standard Inpatient Weight. GMLOS + 6 Outlier per Diem $11,932.00. Add-on payment, and lesser of 100% of billed charges. GMLOS + 6 Outlier per Diem $11,932.00. Add-on payment, and lesser of 100% of billed charges.",316952.55,,,,,,,Case Rate,"Medicare Base Rate times Standard Inpatient Weight. GMLOS + 6 Outlier per Diem $9,081.00 Add-on payment, and lesser of 100% of billed charges. GMLOS + 6 Outlier per Diem $9,081.00 Add-on payment, and lesser of 100% of billed charges.",316952.55,,,,,,,Case Rate,"Medicare Base Rate times Standard Inpatient Weight. GMLOS + 6 Outlier per Diem $9,081.00 Add-on payment, and lesser of 100% of billed charges. GMLOS + 6 Outlier per Diem $9,081.00 Add-on payment, and lesser of 100% of billed charges.",312215.03,,,,,,,Case Rate,"Medicare Base Rate times Standard Inpatient Weight. GMLOS + 6 Outlier per Diem $9,081.00 Add-on payment, and lesser of 100% of billed charges. GMLOS + 6 Outlier per Diem $9,081.00 Add-on payment, and lesser of 100% of billed charges.",349531.57,,,,,,,Case Rate,"Medicare Base Rate times Standard Inpatient Weight. GMLOS + 6 Outlier per Diem $9,081.00 Add-on payment, and lesser of 100% of billed charges. GMLOS + 6 Outlier per Diem $9,081.00 Add-on payment, and lesser of 100% of billed charges.",312215.03,,,,,,,Case Rate,"Medicare Base Rate times Standard Inpatient Weight. GMLOS + 6 Outlier per Diem $9,081.00 Add-on payment, and lesser of 100% of billed charges. GMLOS + 6 Outlier per Diem $9,081.00 Add-on payment, and lesser of 100% of billed charges.",316952.55,,,,,,,Case Rate,"Medicare Base Rate times Standard Inpatient Weight. GMLOS + 6 Outlier per Diem $9,081.00 Add-on payment, and lesser of 100% of billed charges. GMLOS + 6 Outlier per Diem $9,081.00 Add-on payment, and lesser of 100% of billed charges.",76008.73,,,,,,,Case Rate,"Medicare Base Rate times Standard Inpatient Weight. 100 percent of Medicare DRG. Add-on payment,  . 100 percent of Medicare DRG. Add-on payment,  .",76008.73,,,,,,,Case Rate,"Medicare Base Rate times Standard Inpatient Weight. 100 percent of Medicare DRG. Add-on payment,  . 100 percent of Medicare DRG. Add-on payment,  .",349531.57,,,,,,,Case Rate,"Medicare Base Rate times Standard Inpatient Weight. GMLOS + 6 Outlier per Diem $9,081.00 Add-on payment, and lesser of 100% of billed charges. GMLOS + 6 Outlier per Diem $9,081.00 Add-on payment, and lesser of 100% of billed charges.",,73,,,,,0,Percent of total billed charges,73 percent of charges.  ; No services were performed during the 15 month look back period.,,73,,,,,0,Percent of total billed charges,73 percent of charges.  ; No services were performed during the 15 month look back period.,,73,,,,,0,Percent of total billed charges,73 percent of charges.  ; No services were performed during the 15 month look back period.,,73,,,,,0,Percent of total billed charges,73 percent of charges.  ; No services were performed during the 15 month look back period.,,73,,,,,0,Percent of total billed charges,73 percent of charges.  ; No services were performed during the 15 month look back period.,,73,,,,,0,Percent of total billed charges,73 percent of charges.  ; No services were performed during the 15 month look back period.,,73,,,,,0,Percent of total billed charges,73 percent of charges.  ; No services were performed during the 15 month look back period.,,73,,,,,0,Percent of total billed charges,73 percent of charges.  ; No services were performed during the 15 month look back period.,,73,,,,,0,Percent of total billed charges,73 percent of charges.  ; No services were performed during the 15 month look back period.,,73,,,,,0,Percent of total billed charges,73 percent of charges.  ; No services were performed during the 15 month look back period.,,73,,,,,0,Percent of total billed charges,73 percent of charges.  ; No services were performed during the 15 month look back period.,,73,,,,,0,Percent of total billed charges,73 percent of charges.  ; No services were performed during the 15 month look back period.,,73,,,,,0,Percent of total billed charges,73 percent of charges.  ; No services were performed during the 15 month look back period.,,73,,,,,0,Percent of total billed charges,73 percent of charges.  ; No services were performed during the 15 month look back period.,,73,,,,,0,Percent of total billed charges,73 percent of charges.  ; No services were performed during the 15 month look back period.,,73,,,,,0,Percent of total billed charges,73 percent of charges.  ; No services were performed during the 15 month look back period.,,73,,,,,0,Percent of total billed charges,73 percent of charges.  ; No services were performed during the 15 month look back period.,,73,,,,,0,Percent of total billed charges,73 percent of charges.  ; No services were performed during the 15 month look back period.,,73,,,,,0,Percent of total billed charges,73 percent of charges.  ; No services were performed during the 15 month look back period.,,73,,,,,0,Percent of total billed charges,73 percent of charges.  ; No services were performed during the 15 month look back period.,,73,,,,,0,Percent of total billed charges,73 percent of charges.  ; No services were performed during the 15 month look back period.,,73,,,,,0,Percent of total billed charges,73 percent of charges.  ; No services were performed during the 15 month look back period.,,73,,,,,0,Percent of total billed charges,73 percent of charges.  ; No services were performed during the 15 month look back period.,,73,,,,,0,Percent of total billed charges,73 percent of charges.  ; No services were performed during the 15 month look back period.,,73,,,,,0,Percent of total billed charges,73 percent of charges.  ; No services were performed during the 15 month look back period.,,73,,,,,0,Percent of total billed charges,73 percent of charges.  ; No services were performed during the 15 month look back period.,227945.69,,,,,,,Case Rate,"Medicare Base Rate times Standard Inpatient Weight. Add-on payment, and lesser of 100% of billed charges. Add-on payment, and lesser of 100% of billed charges.",227945.69,,,,,,,Case Rate,"Medicare Base Rate times Standard Inpatient Weight. Add-on payment, and lesser of 100% of billed charges. Add-on payment, and lesser of 100% of billed charges.",227945.69,,,,,,,Case Rate,"Medicare Base Rate times Standard Inpatient Weight. Add-on payment, and lesser of 100% of billed charges. Add-on payment, and lesser of 100% of billed charges.",227945.69,,,,,,,Case Rate,"Medicare Base Rate times Standard Inpatient Weight. Add-on payment, and lesser of 100% of billed charges. Add-on payment, and lesser of 100% of billed charges.",226410.03,,,,,,,Case Rate,"Medicare Base Rate times Standard Inpatient Weight. Add-on payment, and lesser of 100% of billed charges. Add-on payment, and lesser of 100% of billed charges.",226410.03,,,,,,,Case Rate,"Medicare Base Rate times Standard Inpatient Weight. Add-on payment, and lesser of 100% of billed charges. Add-on payment, and lesser of 100% of billed charges.",222732.13,,,,,,,Case Rate,"Medicare Base Rate times Standard Inpatient Weight. Outlier (25+) per Diem $7,671.00. Add-on payment, and lesser of 100% of billed charges. Outlier (25+) per Diem $7,671.00. Add-on payment, and lesser of 100% of billed charges.",316952.55,,,,,,,Case Rate,"Medicare Base Rate times Standard Inpatient Weight. GMLOS + 6 Outlier per Diem $9,081.00 Add-on payment, and lesser of 100% of billed charges. GMLOS + 6 Outlier per Diem $9,081.00 Add-on payment, and lesser of 100% of billed charges.",288215,,,,,,,Case Rate,"Medicare Base Rate times Standard Inpatient Weight. AMLOS + 5 Outlier per Diem $7,362.00. Add-on payment, and lesser of 100% of billed charges. AMLOS + 5 Outlier per Diem $7,362.00. Add-on payment, and lesser of 100% of billed charges.",312215.03,,,,,,,Case Rate,"Medicare Base Rate times Standard Inpatient Weight. GMLOS + 6 Outlier per Diem $9,081.00 Add-on payment, and lesser of 100% of billed charges. GMLOS + 6 Outlier per Diem $9,081.00 Add-on payment, and lesser of 100% of billed charges.",,73,,,,,0,Percent of total billed charges,73 percent of charges.  ; No services were performed during the 15 month look back period.,226410.03,,,,,,,Case Rate,"Medicare Base Rate times Standard Inpatient Weight. Add-on payment, and lesser of 100% of billed charges. Add-on payment, and lesser of 100% of billed charges.",316952.55,,,,,,,Case Rate,"Medicare Base Rate times Standard Inpatient Weight. GMLOS + 6 Outlier per Diem $9,081.00 Add-on payment, and lesser of 100% of billed charges. GMLOS + 6 Outlier per Diem $9,081.00 Add-on payment, and lesser of 100% of billed charges.",288215,,,,,,,Case Rate,"Medicare Base Rate times Standard Inpatient Weight. AMLOS + 5 Outlier per Diem $7,362.00. Add-on payment, and lesser of 100% of billed charges. AMLOS + 5 Outlier per Diem $7,362.00. Add-on payment, and lesser of 100% of billed charges.",222732.13,,,,,,,Case Rate,"Medicare Base Rate times Standard Inpatient Weight. Outlier (25+) per Diem $7,671.00. Add-on payment, and lesser of 100% of billed charges. Outlier (25+) per Diem $7,671.00. Add-on payment, and lesser of 100% of billed charges.",,,,,,,,," ",,73,,,,,0,Percent of total billed charges,73 percent of charges.  ; No services were performed during the 15 month look back period.,,,,,,,,," ",227945.69,,,,,,,Case Rate,"Medicare Base Rate times Standard Inpatient Weight. Add-on payment, and lesser of 100% of billed charges. Add-on payment, and lesser of 100% of billed charges.",,,,,,,,," ",76008.73,,,,,,,Case Rate,"Medicare Base Rate times Standard Inpatient Weight. 100 percent of Medicare DRG. Add-on payment, . 100 percent of Medicare DRG. Add-on payment, .",76008.73,,,,,,,Case Rate,"Medicare Base Rate times Standard Inpatient Weight. 100 percent of Medicare DRG. Add-on payment,  . 100 percent of Medicare DRG. Add-on payment,  .",333967.66,,,,,,,Case Rate,"Medicare Base Rate times Standard Inpatient Weight. GMLOS + 6 Outlier per Diem $11,932.00. Add-on payment, and lesser of 100% of billed charges. GMLOS + 6 Outlier per Diem $11,932.00. Add-on payment, and lesser of 100% of billed charges.",76008.73,,,,,,,Case Rate,"Medicare Base Rate times Standard Inpatient Weight. 100 percent of Medicare DRG. Add-on payment,  . 100 percent of Medicare DRG. Add-on payment,  .",76008.73,,,,,,,Case Rate,"Medicare Base Rate times Standard Inpatient Weight. 100 percent of Medicare DRG. Add-on payment,  . 100 percent of Medicare DRG. Add-on payment,  .",,,,,,,,," ",76008.73,,,,,,,Case Rate,"Medicare Base Rate times Standard Inpatient Weight. 100 percent of Medicare DRG. Add-on payment,  . 100 percent of Medicare DRG. Add-on payment,  .",76008.73,,,,,,,Case Rate,"Medicare Base Rate times Standard Inpatient Weight. 100 percent of Medicare DRG. Add-on payment,  . 100 percent of Medicare DRG. Add-on payment,  .",166781,,,,,,,Case Rate,". Add-on payment, and lesser of 100% of billed charges. Add-on payment, and lesser of 100% of billed charges.",166781,,,,,,,Case Rate,". Add-on payment, and lesser of 100% of billed charges. Add-on payment, and lesser of 100% of billed charges.",76008.73,,,,,,,Case Rate,"Medicare Base Rate times Standard Inpatient Weight. 100 percent of Medicare DRG. Add-on payment,  . 100 percent of Medicare DRG. Add-on payment,  .",222732.13,,,,,,,Case Rate,"Medicare Base Rate times Standard Inpatient Weight. Outlier (25+) per Diem $7,671.00. Add-on payment, and lesser of 100% of billed charges. Outlier (25+) per Diem $7,671.00. Add-on payment, and lesser of 100% of billed charges.",288215,,,,,,,Case Rate,"Medicare Base Rate times Standard Inpatient Weight. AMLOS + 5 Outlier per Diem $7,362.00. Add-on payment, and lesser of 100% of billed charges. AMLOS + 5 Outlier per Diem $7,362.00. Add-on payment, and lesser of 100% of billed charges.",288215,,,,,,,Case Rate,"Medicare Base Rate times Standard Inpatient Weight. AMLOS + 5 Outlier per Diem $7,362.00. Add-on payment, and lesser of 100% of billed charges. AMLOS + 5 Outlier per Diem $7,362.00. Add-on payment, and lesser of 100% of billed charges.",76008.73,,,,,,,Case Rate,"Medicare Base Rate times Standard Inpatient Weight. 100 percent of Medicare DRG. Add-on payment,  . 100 percent of Medicare DRG. Add-on payment,  .",222732.13,,,,,,,Case Rate,"Medicare Base Rate times Standard Inpatient Weight. Outlier (25+) per Diem $7,671.00. Add-on payment, and lesser of 100% of billed charges. Outlier (25+) per Diem $7,671.00. Add-on payment, and lesser of 100% of billed charges.",166781,,,,,,,Case Rate,". Add-on payment, and lesser of 100% of billed charges. Add-on payment, and lesser of 100% of billed charges.",166781,,,,,,,Case Rate,". Add-on payment, and lesser of 100% of billed charges. Add-on payment, and lesser of 100% of billed charges.",166781,,,,,,,Case Rate,". Add-on payment, and lesser of 100% of billed charges. Add-on payment, and lesser of 100% of billed charges.",,73,,,,,0,Percent of total billed charges,73 percent of charges.  ; No services were performed during the 15 month look back period.,,73,,,,,0,Percent of total billed charges,73 percent of charges.  ; No services were performed during the 15 month look back period.,,73,,,,,0,Percent of total billed charges,73 percent of charges.  ; No services were performed during the 15 month look back period.,,73,,,,,0,Percent of total billed charges,73 percent of charges.  ; No services were performed during the 15 month look back period.,,73,,,,,0,Percent of total billed charges,73 percent of charges.  ; No services were performed during the 15 month look back period.,,73,,,,,0,Percent of total billed charges,73 percent of charges.  ; No services were performed during the 15 month look back period.,,73,,,,,0,Percent of total billed charges,73 percent of charges.  ; No services were performed during the 15 month look back period.,,73,,,,,0,Percent of total billed charges,73 percent of charges.  ; No services were performed during the 15 month look back period.,,73,,,,,0,Percent of total billed charges,73 percent of charges.  ; No services were performed during the 15 month look back period.,,73,,1676,1676,1676,1 through 10,Percent of total billed charges,"73 percent of charges.  ",,73,,,,,0,Percent of total billed charges,73 percent of charges.  ; No services were performed during the 15 month look back period.,226410.03,,,,,,,Case Rate,"Medicare Base Rate times Standard Inpatient Weight. Add-on payment, and lesser of 100% of billed charges. Add-on payment, and lesser of 100% of billed charges.",316952.55,,,,,,,Case Rate,"Medicare Base Rate times Standard Inpatient Weight. GMLOS + 6 Outlier per Diem $9,081.00 Add-on payment, and lesser of 100% of billed charges. GMLOS + 6 Outlier per Diem $9,081.00 Add-on payment, and lesser of 100% of billed charges.",222732.13,,,,,,,Case Rate,"Medicare Base Rate times Standard Inpatient Weight. Outlier (25+) per Diem $7,671.00. Add-on payment, and lesser of 100% of billed charges. Outlier (25+) per Diem $7,671.00. Add-on payment, and lesser of 100% of billed charges.",76008.73,,,,,,,Case Rate,"Medicare Base Rate times Standard Inpatient Weight. 100 percent of Medicare DRG. Add-on payment,  . 100 percent of Medicare DRG. Add-on payment,  .",166781,,,,,,,Case Rate,". Add-on payment, and lesser of 100% of billed charges. Add-on payment, and lesser of 100% of billed charges.",222732.13,,,,,,,Case Rate,"Medicare Base Rate times Standard Inpatient Weight. Outlier (25+) per Diem $7,671.00. Add-on payment, and lesser of 100% of billed charges. Outlier (25+) per Diem $7,671.00. Add-on payment, and lesser of 100% of billed charges.",222732.13,,,,,,,Case Rate,"Medicare Base Rate times Standard Inpatient Weight. Outlier (25+) per Diem $7,671.00. Add-on payment, and lesser of 100% of billed charges. Outlier (25+) per Diem $7,671.00. Add-on payment, and lesser of 100% of billed charges.",,73,,,,,0,Percent of total billed charges,73 percent of charges.  ; No services were performed during the 15 month look back period.,,,,,,,,," ",222732.13,,,,,,,Case Rate,"Medicare Base Rate times Standard Inpatient Weight. Outlier (25+) per Diem $7,671.00. Add-on payment, and lesser of 100% of billed charges. Outlier (25+) per Diem $7,671.00. Add-on payment, and lesser of 100% of billed charges.",,,,,,,,," ",76008.73,,,,,,,Case Rate,"Medicare Base Rate times Standard Inpatient Weight. 100 percent of Medicare DRG. Add-on payment,  . 100 percent of Medicare DRG. Add-on payment,  .",76008.73,,,,,,,Case Rate,"Medicare Base Rate times Standard Inpatient Weight. 100 percent of Medicare DRG. Add-on payment,  . 100 percent of Medicare DRG. Add-on payment,  .",76008.73,,,,,,,Case Rate,"Medicare Base Rate times Standard Inpatient Weight. 100 percent of Medicare DRG. Add-on payment,  . 100 percent of Medicare DRG. Add-on payment,  .",76008.73,,,,,,,Case Rate,"Medicare Base Rate times Standard Inpatient Weight. 100 percent of Medicare DRG. Add-on payment,  . 100 percent of Medicare DRG. Add-on payment,  .",76008.73,,,,,,,Case Rate,"Medicare Base Rate times Standard Inpatient Weight. 100 percent of Medicare DRG. Add-on payment,  . 100 percent of Medicare DRG. Add-on payment,  .",76008.73,,,,,,,Case Rate,"Medicare Base Rate times Standard Inpatient Weight. 100 percent of Medicare DRG. Add-on payment,  . 100 percent of Medicare DRG. Add-on payment,  .",222732.13,,,,,,,Case Rate,"Medicare Base Rate times Standard Inpatient Weight. Outlier (25+) per Diem $7,671.00. Add-on payment, and lesser of 100% of billed charges. Outlier (25+) per Diem $7,671.00. Add-on payment, and lesser of 100% of billed charges.",333967.66,,,,,,,Case Rate,"Medicare Base Rate times Standard Inpatient Weight. GMLOS + 6 Outlier per Diem $11,932.00. Add-on payment, and lesser of 100% of billed charges. GMLOS + 6 Outlier per Diem $11,932.00. Add-on payment, and lesser of 100% of billed charges.",,,,,,,,," ",,,,,,,,," ",,,,,,,,," ",,,,,,,,," ",,,,,,,,," ",,,,,,,,," ",333967.66,,,,,,,Case Rate,"Medicare Base Rate times Standard Inpatient Weight. GMLOS + 6 Outlier per Diem $11,932.00. Add-on payment, and lesser of 100% of billed charges. GMLOS + 6 Outlier per Diem $11,932.00. Add-on payment, and lesser of 100% of billed charges.",199865.26,,,,,,,Case Rate,. 200 percent of Medicare 200 percent of Medicare,199865.26,,,,,,,Case Rate,. 200 percent of Medicare 200 percent of Medicare,199865.26,,,,,,,Case Rate,. 200 percent of Medicare 200 percent of Medicare,199865.26,,,,,,,Case Rate,. 200 percent of Medicare 200 percent of Medicare,199865.26,,,,,,,Case Rate,. 200 percent of Medicare 200 percent of Medicare,76008.73,,,,,,,Case Rate,"Medicare Base Rate times Standard Inpatient Weight. 100 percent of Medicare DRG. Add-on payment,  . 100 percent of Medicare DRG. Add-on payment,  .",226410.03,,,,,,,Case Rate,"Medicare Base Rate times Standard Inpatient Weight. Add-on payment, and lesser of 100% of billed charges. Add-on payment, and lesser of 100% of billed charges.",226410.03,,,,,,,Case Rate,"Medicare Base Rate times Standard Inpatient Weight. Add-on payment, and lesser of 100% of billed charges. Add-on payment, and lesser of 100% of billed charges.",226410.03,,,,,,,Case Rate,"Medicare Base Rate times Standard Inpatient Weight. Add-on payment, and lesser of 100% of billed charges. Add-on payment, and lesser of 100% of billed charges.",226410.03,,,,,,,Case Rate,"Medicare Base Rate times Standard Inpatient Weight. Add-on payment, and lesser of 100% of billed charges. Add-on payment, and lesser of 100% of billed charges.",166781,,,,,,,Case Rate,". Add-on payment, and lesser of 100% of billed charges. Add-on payment, and lesser of 100% of billed charges.",166781,,,,,,,Case Rate,". Add-on payment, and lesser of 100% of billed charges. Add-on payment, and lesser of 100% of billed charges.",166781,,,,,,,Case Rate,". Add-on payment, and lesser of 100% of billed charges. Add-on payment, and lesser of 100% of billed charges.",166781,,,,,,,Case Rate,". Add-on payment, and lesser of 100% of billed charges. Add-on payment, and lesser of 100% of billed charges.",333967.66,,,,,,,Case Rate,"Medicare Base Rate times Standard Inpatient Weight. GMLOS + 6 Outlier per Diem $11,932.00. Add-on payment, and lesser of 100% of billed charges. GMLOS + 6 Outlier per Diem $11,932.00. Add-on payment, and lesser of 100% of billed charges.",333967.66,,,,,,,Case Rate,"Medicare Base Rate times Standard Inpatient Weight. GMLOS + 6 Outlier per Diem $11,932.00. Add-on payment, and lesser of 100% of billed charges. GMLOS + 6 Outlier per Diem $11,932.00. Add-on payment, and lesser of 100% of billed charges.",76008.73,,,,,,,Case Rate,"Medicare Base Rate times Standard Inpatient Weight. 100 percent of Medicare DRG. Add-on payment,  . 100 percent of Medicare DRG. Add-on payment,  .",76008.73,,,,,,,Case Rate,"Medicare Base Rate times Standard Inpatient Weight. 100 percent of Medicare DRG. Add-on payment,  . 100 percent of Medicare DRG. Add-on payment,  .",76008.73,,,,,,,Case Rate,"Medicare Base Rate times Standard Inpatient Weight. 100 percent of Medicare DRG. Add-on payment,  . 100 percent of Medicare DRG. Add-on payment,  .",316952.55,,,,,,,Case Rate,"Medicare Base Rate times Standard Inpatient Weight. GMLOS + 6 Outlier per Diem $9,081.00 Add-on payment, and lesser of 100% of billed charges. GMLOS + 6 Outlier per Diem $9,081.00 Add-on payment, and lesser of 100% of billed charges.",316952.55,,,,,,,Case Rate,"Medicare Base Rate times Standard Inpatient Weight. GMLOS + 6 Outlier per Diem $9,081.00 Add-on payment, and lesser of 100% of billed charges. GMLOS + 6 Outlier per Diem $9,081.00 Add-on payment, and lesser of 100% of billed charges.",316952.55,,,,,,,Case Rate,"Medicare Base Rate times Standard Inpatient Weight. GMLOS + 6 Outlier per Diem $9,081.00 Add-on payment, and lesser of 100% of billed charges. GMLOS + 6 Outlier per Diem $9,081.00 Add-on payment, and lesser of 100% of billed charges.",333967.66,,,,,,,Case Rate,"Medicare Base Rate times Standard Inpatient Weight. GMLOS + 6 Outlier per Diem $11,932.00. Add-on payment, and lesser of 100% of billed charges. GMLOS + 6 Outlier per Diem $11,932.00. Add-on payment, and lesser of 100% of billed charges.",166781,,,,,,,Case Rate,". Add-on payment, and lesser of 100% of billed charges. Add-on payment, and lesser of 100% of billed charges.",76008.73,,,,,,,Case Rate,"Medicare Base Rate times Standard Inpatient Weight. 100 percent of Medicare DRG. Add-on payment,  . 100 percent of Medicare DRG. Add-on payment,  .",312215.03,,,,,,,Case Rate,"Medicare Base Rate times Standard Inpatient Weight. GMLOS + 6 Outlier per Diem $9,081.00 Add-on payment, and lesser of 100% of billed charges. GMLOS + 6 Outlier per Diem $9,081.00 Add-on payment, and lesser of 100% of billed charges.",,,,,,,,," ",77528.91,,,,,,,Case Rate,"Medicare Base Rate times Standard Inpatient Weight. 100 percent of Medicare DRG. Add-on payment, and lesser of 100% of billed charges. 100 percent of Medicare DRG. Add-on payment, and lesser of 100% of billed charges.",77528.91,,,,,,,Case Rate,"Medicare Base Rate times Standard Inpatient Weight. 100 percent of Medicare DRG. Add-on payment, and lesser of 100% of billed charges. 100 percent of Medicare DRG. Add-on payment, and lesser of 100% of billed charges.",77528.91,,,,,,,Case Rate,"Medicare Base Rate times Standard Inpatient Weight. 100 percent of Medicare DRG. Add-on payment, and lesser of 100% of billed charges. 100 percent of Medicare DRG. Add-on payment, and lesser of 100% of billed charges.",,,,,,,,," ",,,,,,,,," ",,,,,,,,," ",,,,,,,,," ",,,,,,,,," ",,,,,,,,," ",77528.91,,,,,,,Case Rate,"Medicare Base Rate times Standard Inpatient Weight. 100 percent of Medicare DRG. Add-on payment, and lesser of 100% of billed charges. 100 percent of Medicare DRG. Add-on payment, and lesser of 100% of billed charges.",,,,,,,,," ",,,,,,,,," ",,,,,,,,," ",,,,,,,,," ",,,,,,,,," ",,,,,,,,," ",,,,,,,,," ",76008.73,,,,,,,Case Rate,"Medicare Base Rate times Standard Inpatient Weight. 100 percent of Medicare DRG. Add-on payment,  . 100 percent of Medicare DRG. Add-on payment,  .",76008.73,,,,,,,Case Rate,"Medicare Base Rate times Standard Inpatient Weight. 100 percent of Medicare DRG. Add-on payment,  . 100 percent of Medicare DRG. Add-on payment,  .",166781,,,,,,,Case Rate,". Add-on payment, and lesser of 100% of billed charges. Add-on payment, and lesser of 100% of billed charges.",76008.73,,,,,,,Case Rate,"Medicare Base Rate times Standard Inpatient Weight. 100 percent of Medicare DRG. Add-on payment,  . 100 percent of Medicare DRG. Add-on payment,  .",,,,,,,,," ",,,,,,,,," ",,,,,,,,," ",,,,,,,,," ",,,,,,,,," ",,,,,,,,," ",,,,,,,,," ",,,,,,,,," ",,,,,,,,," ",,,,,,,,," ",,,,,,,,," ",333967.66,,,,,,,Case Rate,"Medicare Base Rate times Standard Inpatient Weight. GMLOS + 6 Outlier per Diem $11,932.00. Add-on payment, and lesser of 100% of billed charges. GMLOS + 6 Outlier per Diem $11,932.00. Add-on payment, and lesser of 100% of billed charges.",,,,,,,,," ",,,,,,,,," ",,,,,,,,," ",,,,,,,,," ",316952.55,,,,,,,Case Rate,"Medicare Base Rate times Standard Inpatient Weight. GMLOS + 6 Outlier per Diem $9,081.00 Add-on payment, and lesser of 100% of billed charges. GMLOS + 6 Outlier per Diem $9,081.00 Add-on payment, and lesser of 100% of billed charges.",312215.03,,,,,,,Case Rate,"Medicare Base Rate times Standard Inpatient Weight. GMLOS + 6 Outlier per Diem $9,081.00 Add-on payment, and lesser of 100% of billed charges. GMLOS + 6 Outlier per Diem $9,081.00 Add-on payment, and lesser of 100% of billed charges.",76008.73,,,,,,,Case Rate,"Medicare Base Rate times Standard Inpatient Weight. 100 percent of Medicare DRG. Add-on payment,  . 100 percent of Medicare DRG. Add-on payment,  .",312215.03,,,,,,,Case Rate,"Medicare Base Rate times Standard Inpatient Weight. GMLOS + 6 Outlier per Diem $9,081.00 Add-on payment, and lesser of 100% of billed charges. GMLOS + 6 Outlier per Diem $9,081.00 Add-on payment, and lesser of 100% of billed charges.",316952.55,,,,,,,Case Rate,"Medicare Base Rate times Standard Inpatient Weight. GMLOS + 6 Outlier per Diem $9,081.00 Add-on payment, and lesser of 100% of billed charges. GMLOS + 6 Outlier per Diem $9,081.00 Add-on payment, and lesser of 100% of billed charges.",316952.55,,,,,,,Case Rate,"Medicare Base Rate times Standard Inpatient Weight. GMLOS + 6 Outlier per Diem $9,081.00 Add-on payment, and lesser of 100% of billed charges. GMLOS + 6 Outlier per Diem $9,081.00 Add-on payment, and lesser of 100% of billed charges.",312215.03,,,,,,,Case Rate,"Medicare Base Rate times Standard Inpatient Weight. GMLOS + 6 Outlier per Diem $9,081.00 Add-on payment, and lesser of 100% of billed charges. GMLOS + 6 Outlier per Diem $9,081.00 Add-on payment, and lesser of 100% of billed charges.",76008.73,,,,,,,Case Rate,"Medicare Base Rate times Standard Inpatient Weight. 100 percent of Medicare DRG. Add-on payment,  . 100 percent of Medicare DRG. Add-on payment,  .",312215.03,,,,,,,Case Rate,"Medicare Base Rate times Standard Inpatient Weight. GMLOS + 6 Outlier per Diem $9,081.00 Add-on payment, and lesser of 100% of billed charges. GMLOS + 6 Outlier per Diem $9,081.00 Add-on payment, and lesser of 100% of billed charges.",316952.55,,,,,,,Case Rate,"Medicare Base Rate times Standard Inpatient Weight. GMLOS + 6 Outlier per Diem $9,081.00 Add-on payment, and lesser of 100% of billed charges. GMLOS + 6 Outlier per Diem $9,081.00 Add-on payment, and lesser of 100% of billed charges.",166781,,,,,,,Case Rate,". Add-on payment, and lesser of 100% of billed charges. Add-on payment, and lesser of 100% of billed charges.",,,,,,,,," ",,,,,,,,," ",,,,,,,,," ",,,,,,,,," ",,,,,,,,," ",,,,,,,,," ",,,,,,,,," ",,,,,,,,," ",,,,,,,,," ",,,,,,,,," ",,,,,,,,," ",,,,,,,,," ",,,,,,,,," ",,,,,,,,," ",222732.13,,,,,,,Case Rate,"Medicare Base Rate times Standard Inpatient Weight. Outlier (25+) per Diem $7,671.00. Add-on payment, and lesser of 100% of billed charges. Outlier (25+) per Diem $7,671.00. Add-on payment, and lesser of 100% of billed charges.",,,,,,,,," ",76008.73,,,,,,,Case Rate,"Medicare Base Rate times Standard Inpatient Weight. 100 percent of Medicare DRG. Add-on payment,  . 100 percent of Medicare DRG. Add-on payment,  .",246419.68,,,,,,,Case Rate,Medicare Base Rate times Standard Inpatient Weight. Local 1199 High/Low day Outlier Local 1199 High/Low day Outlier,76008.73,,,,,,,Case Rate,"Medicare Base Rate times Standard Inpatient Weight. 100 percent of Medicare DRG. Add-on payment,  . 100 percent of Medicare DRG. Add-on payment,  .",76008.73,,,,,,,Case Rate,"Medicare Base Rate times Standard Inpatient Weight. 100 percent of Medicare DRG. Add-on payment,  . 100 percent of Medicare DRG. Add-on payment,  .",,,,,,,,," ",,,,,,,,," ",,,,,,,,," ",,,,,,,,," ",,,,,,,,," ",193761.9,,,,,,,Case Rate,"Medicare Base Rate times Standard Inpatient Weight. GMLOS + 8 Outlier per Diem $4,623.00. Add-on payment, and lesser of 100% of billed charges. GMLOS + 8 Outlier per Diem $4,623.00. Add-on payment, and lesser of 100% of billed charges.",166781,,,,,,,Case Rate,". Add-on payment, and lesser of 100% of billed charges. Add-on payment, and lesser of 100% of billed charges.",227945.69,,,,,,,Case Rate,"Medicare Base Rate times Standard Inpatient Weight. Add-on payment, and lesser of 100% of billed charges. Add-on payment, and lesser of 100% of billed charges.",222732.13,,,,,,,Case Rate,"Medicare Base Rate times Standard Inpatient Weight. Outlier (25+) per Diem $7,671.00. Add-on payment, and lesser of 100% of billed charges. Outlier (25+) per Diem $7,671.00. Add-on payment, and lesser of 100% of billed charges.",76008.73,,,,,,,Case Rate,"Medicare Base Rate times Standard Inpatient Weight. 100 percent of Medicare DRG. Add-on payment, . 100 percent of Medicare DRG. Add-on payment, .",76008.73,,,,,,,Case Rate,"Medicare Base Rate times Standard Inpatient Weight. 100 percent of Medicare DRG. Add-on payment,  . 100 percent of Medicare DRG. Add-on payment,  .",76008.73,,,,,,,Case Rate,"Medicare Base Rate times Standard Inpatient Weight. 100 percent of Medicare DRG. Add-on payment,  . 100 percent of Medicare DRG. Add-on payment,  .",76008.73,,,,,,,Case Rate,"Medicare Base Rate times Standard Inpatient Weight. 100 percent of Medicare DRG. Add-on payment,  . 100 percent of Medicare DRG. Add-on payment,  .",76008.73,,,,,,,Case Rate,"Medicare Base Rate times Standard Inpatient Weight. 100 percent of Medicare DRG. Add-on payment, . 100 percent of Medicare DRG. Add-on payment, .",76008.73,,,,,,,Case Rate,"Medicare Base Rate times Standard Inpatient Weight. 100 percent of Medicare DRG. Add-on payment,  . 100 percent of Medicare DRG. Add-on payment,  .",,,,,,,,," ",,,,,,,,," ",,,,,,,,," ",316952.55,,,,,,,Case Rate,"Medicare Base Rate times Standard Inpatient Weight. GMLOS + 6 Outlier per Diem $9,081.00 Add-on payment, and lesser of 100% of billed charges. GMLOS + 6 Outlier per Diem $9,081.00 Add-on payment, and lesser of 100% of billed charges.",193761.9,,,,,,,Case Rate,"Medicare Base Rate times Standard Inpatient Weight. GMLOS + 8 Outlier per Diem $4,623.00. Add-on payment, and lesser of 100% of billed charges. GMLOS + 8 Outlier per Diem $4,623.00. Add-on payment, and lesser of 100% of billed charges.",193761.9,,,,,,,Case Rate,"Medicare Base Rate times Standard Inpatient Weight. GMLOS + 8 Outlier per Diem $4,623.00. Add-on payment, and lesser of 100% of billed charges. GMLOS + 8 Outlier per Diem $4,623.00. Add-on payment, and lesser of 100% of billed charges.",193761.9,,,,,,,Case Rate,"Medicare Base Rate times Standard Inpatient Weight. GMLOS + 8 Outlier per Diem $4,623.00. Add-on payment, and lesser of 100% of billed charges. GMLOS + 8 Outlier per Diem $4,623.00. Add-on payment, and lesser of 100% of billed charges.",193761.9,,,,,,,Case Rate,"Medicare Base Rate times Standard Inpatient Weight. GMLOS + 8 Outlier per Diem $4,623.00. Add-on payment, and lesser of 100% of billed charges. GMLOS + 8 Outlier per Diem $4,623.00. Add-on payment, and lesser of 100% of billed charges.",76008.73,,,,,,,Case Rate,"Medicare Base Rate times Standard Inpatient Weight. 100 percent of Medicare DRG. Add-on payment,  . 100 percent of Medicare DRG. Add-on payment,  .",,,,,,,,," ",316952.55,,,,,,,Case Rate,"Medicare Base Rate times Standard Inpatient Weight. GMLOS + 6 Outlier per Diem $9,081.00 Add-on payment, and lesser of 100% of billed charges. GMLOS + 6 Outlier per Diem $9,081.00 Add-on payment, and lesser of 100% of billed charges.",,,,,,,,," ",76008.73,,,,,,,Case Rate,"Medicare Base Rate times Standard Inpatient Weight. 100 percent of Medicare DRG. Add-on payment,  . 100 percent of Medicare DRG. Add-on payment,  .",,,,,,,,," ",76008.73,,,,,,,Case Rate,"Medicare Base Rate times Standard Inpatient Weight. 100 percent of Medicare DRG. Add-on payment,  . 100 percent of Medicare DRG. Add-on payment,  .",76008.73,,,,,,,Case Rate,"Medicare Base Rate times Standard Inpatient Weight. 100 percent of Medicare DRG. Add-on payment,  . 100 percent of Medicare DRG. Add-on payment,  .",,,,,,,,," ",,,,,,,,," ",193761.9,,,,,,,Case Rate,"Medicare Base Rate times Standard Inpatient Weight. GMLOS + 8 Outlier per Diem $4,623.00. Add-on payment, and lesser of 100% of billed charges. GMLOS + 8 Outlier per Diem $4,623.00. Add-on payment, and lesser of 100% of billed charges.",222732.13,,,,,,,Case Rate,"Medicare Base Rate times Standard Inpatient Weight. Outlier (25+) per Diem $7,671.00. Add-on payment, and lesser of 100% of billed charges. Outlier (25+) per Diem $7,671.00. Add-on payment, and lesser of 100% of billed charges.",,73,,,,,0,Percent of total billed charges,73 percent of charges.  ; No services were performed during the 15 month look back period.,288215,,,,,,,Case Rate,"Medicare Base Rate times Standard Inpatient Weight. AMLOS + 5 Outlier per Diem $7,362.00. Add-on payment, and lesser of 100% of billed charges. AMLOS + 5 Outlier per Diem $7,362.00. Add-on payment, and lesser of 100% of billed charges.",288215,,,,,,,Case Rate,"Medicare Base Rate times Standard Inpatient Weight. AMLOS + 5 Outlier per Diem $7,362.00. Add-on payment, and lesser of 100% of billed charges. AMLOS + 5 Outlier per Diem $7,362.00. Add-on payment, and lesser of 100% of billed charges.",166781,,,,,,,Case Rate,". Add-on payment, and lesser of 100% of billed charges. Add-on payment, and lesser of 100% of billed charges.",70688.12,,,,,,,Case Rate,"Medicare Base Rate times Standard Inpatient Weight. 93 percent of Medicare DRG. Add-on payment, and lesser of 100% of billed charges. 93 percent of Medicare DRG. Add-on payment, and lesser of 100% of billed charges.",226410.03,,,,,,,Case Rate,"Medicare Base Rate times Standard Inpatient Weight. Add-on payment, and lesser of 100% of billed charges. Add-on payment, and lesser of 100% of billed charges.",226410.03,,,,,,,Case Rate,"Medicare Base Rate times Standard Inpatient Weight. Add-on payment, and lesser of 100% of billed charges. Add-on payment, and lesser of 100% of billed charges.",249775.1,,,,,,,Case Rate,"Medicare Base Rate times Standard Inpatient Weight. GMLOS + 6 Outlier per Diem $7,265.00 Add-on payment, and lesser of 100% of billed charges. GMLOS + 6 Outlier per Diem $7,265.00 Add-on payment, and lesser of 100% of billed charges.",316952.55,,,,,,,Case Rate,"Medicare Base Rate times Standard Inpatient Weight. GMLOS + 6 Outlier per Diem $9,081.00 Add-on payment, and lesser of 100% of billed charges. GMLOS + 6 Outlier per Diem $9,081.00 Add-on payment, and lesser of 100% of billed charges.",76008.73,,,,,,,Case Rate,"Medicare Base Rate times Standard Inpatient Weight. 100 percent of Medicare DRG. Add-on payment,  . 100 percent of Medicare DRG. Add-on payment,  .",76008.73,,,,,,,Case Rate,"Medicare Base Rate times Standard Inpatient Weight. 100 percent of Medicare DRG. Add-on payment,  . 100 percent of Medicare DRG. Add-on payment,  .",76008.73,,,,,,,Case Rate,"Medicare Base Rate times Standard Inpatient Weight. 100 percent of Medicare DRG. Add-on payment,  . 100 percent of Medicare DRG. Add-on payment,  .",76008.73,,,,,,,Case Rate,"Medicare Base Rate times Standard Inpatient Weight. 100 percent of Medicare DRG. Add-on payment,  . 100 percent of Medicare DRG. Add-on payment,  .",288215,,,,,,,Case Rate,"Medicare Base Rate times Standard Inpatient Weight. AMLOS + 5 Outlier per Diem $7,362.00. Add-on payment, and lesser of 100% of billed charges. AMLOS + 5 Outlier per Diem $7,362.00. Add-on payment, and lesser of 100% of billed charges.",316952.55,,,,,,,Case Rate,"Medicare Base Rate times Standard Inpatient Weight. GMLOS + 6 Outlier per Diem $9,081.00 Add-on payment, and lesser of 100% of billed charges. GMLOS + 6 Outlier per Diem $9,081.00 Add-on payment, and lesser of 100% of billed charges.",316952.55,,,,,,,Case Rate,"Medicare Base Rate times Standard Inpatient Weight. GMLOS + 6 Outlier per Diem $9,081.00 Add-on payment, and lesser of 100% of billed charges. GMLOS + 6 Outlier per Diem $9,081.00 Add-on payment, and lesser of 100% of billed charges.",76008.73,,,,,,,Case Rate,"Medicare Base Rate times Standard Inpatient Weight. 100 percent of Medicare DRG. Add-on payment,  . 100 percent of Medicare DRG. Add-on payment,  .",249775.1,,,,,,,Case Rate,"Medicare Base Rate times Standard Inpatient Weight. GMLOS + 6 Outlier per Diem $7,265.00 Add-on payment, and lesser of 100% of billed charges. GMLOS + 6 Outlier per Diem $7,265.00 Add-on payment, and lesser of 100% of billed charges.",227945.69,,,,,,,Case Rate,"Medicare Base Rate times Standard Inpatient Weight. Add-on payment, and lesser of 100% of billed charges. Add-on payment, and lesser of 100% of billed charges.",,,,,,,,," ",,,,,,,,," ",193761.9,,,,,,,Case Rate,"Medicare Base Rate times Standard Inpatient Weight. GMLOS + 8 Outlier per Diem $4,623.00. Add-on payment, and lesser of 100% of billed charges. GMLOS + 8 Outlier per Diem $4,623.00. Add-on payment, and lesser of 100% of billed charges.",280995.07,,,,,,,Case Rate,"Medicare Base Rate times Standard Inpatient Weight. GMLOS + 6 Outlier per Diem $8,173.00 Add-on payment, and lesser of 100% of billed charges. GMLOS + 6 Outlier per Diem $8,173.00 Add-on payment, and lesser of 100% of billed charges.",316952.55,,,,,,,Case Rate,"Medicare Base Rate times Standard Inpatient Weight. GMLOS + 6 Outlier per Diem $9,081.00 Add-on payment, and lesser of 100% of billed charges. GMLOS + 6 Outlier per Diem $9,081.00 Add-on payment, and lesser of 100% of billed charges.",316952.55,,,,,,,Case Rate,"Medicare Base Rate times Standard Inpatient Weight. GMLOS + 6 Outlier per Diem $9,081.00 Add-on payment, and lesser of 100% of billed charges. GMLOS + 6 Outlier per Diem $9,081.00 Add-on payment, and lesser of 100% of billed charges.",230110.97,,,,,,,Case Rate,"Medicare Base Rate times Standard Inpatient Weight. GMLOS + 6 Outlier per Diem $8,221.00. Add-on payment, and lesser of 100% of billed charges. GMLOS + 6 Outlier per Diem $8,221.00. Add-on payment, and lesser of 100% of billed charges.",76008.73,,,,,,,Case Rate,"Medicare Base Rate times Standard Inpatient Weight. 100 percent of Medicare DRG. Add-on payment, . 100 percent of Medicare DRG. Add-on payment, .",,,,,,,,," ",,,,,,,,," ",,,,,,,,," ",,,,,,,,," ",288215,,,,,,,Case Rate,"Medicare Base Rate times Standard Inpatient Weight. AMLOS + 5 Outlier per Diem $7,362.00. Add-on payment, and lesser of 100% of billed charges. AMLOS + 5 Outlier per Diem $7,362.00. Add-on payment, and lesser of 100% of billed charges.",,,,,,,,," ",,,,,,,,," ",,,,,,,,," ",,,,,,,,," ",,,,,,,,," ",,,,,,,,," ",,,,,,,,," ",76008.73,,,,,,,Case Rate,"Medicare Base Rate times Standard Inpatient Weight. 100 percent of Medicare DRG. Add-on payment,  . 100 percent of Medicare DRG. Add-on payment,  .",288215,,,,,,,Case Rate,"Medicare Base Rate times Standard Inpatient Weight. AMLOS + 5 Outlier per Diem $7,362.00. Add-on payment, and lesser of 100% of billed charges. AMLOS + 5 Outlier per Diem $7,362.00. Add-on payment, and lesser of 100% of billed charges.",76008.73,,,,,,,Case Rate,"Medicare Base Rate times Standard Inpatient Weight. 100 percent of Medicare DRG. Add-on payment,  . 100 percent of Medicare DRG. Add-on payment,  .",,,,,,,,," ",316952.55,,,,,,,Case Rate,"Medicare Base Rate times Standard Inpatient Weight. GMLOS + 6 Outlier per Diem $9,081.00 Add-on payment, and lesser of 100% of billed charges. GMLOS + 6 Outlier per Diem $9,081.00 Add-on payment, and lesser of 100% of billed charges.",76008.73,,,,,,,Case Rate,"Medicare Base Rate times Standard Inpatient Weight. 100 percent of Medicare DRG. Add-on payment,  . 100 percent of Medicare DRG. Add-on payment,  .",316952.55,,,,,,,Case Rate,"Medicare Base Rate times Standard Inpatient Weight. GMLOS + 6 Outlier per Diem $9,081.00 Add-on payment, and lesser of 100% of billed charges. GMLOS + 6 Outlier per Diem $9,081.00 Add-on payment, and lesser of 100% of billed charges.",316952.55,,,,,,,Case Rate,"Medicare Base Rate times Standard Inpatient Weight. GMLOS + 6 Outlier per Diem $9,081.00 Add-on payment, and lesser of 100% of billed charges. GMLOS + 6 Outlier per Diem $9,081.00 Add-on payment, and lesser of 100% of billed charges.",316952.55,,,,,,,Case Rate,"Medicare Base Rate times Standard Inpatient Weight. GMLOS + 6 Outlier per Diem $9,081.00 Add-on payment, and lesser of 100% of billed charges. GMLOS + 6 Outlier per Diem $9,081.00 Add-on payment, and lesser of 100% of billed charges.",,,,,,,,," ",76008.73,,,,,,,Case Rate,"Medicare Base Rate times Standard Inpatient Weight. 100 percent of Medicare DRG. Add-on payment,  . 100 percent of Medicare DRG. Add-on payment,  .",316952.55,,,,,,,Case Rate,"Medicare Base Rate times Standard Inpatient Weight. GMLOS + 6 Outlier per Diem $9,081.00 Add-on payment, and lesser of 100% of billed charges. GMLOS + 6 Outlier per Diem $9,081.00 Add-on payment, and lesser of 100% of billed charges.",,,,,,,,," ",316952.55,,,,,,,Case Rate,"Medicare Base Rate times Standard Inpatient Weight. GMLOS + 6 Outlier per Diem $9,081.00 Add-on payment, and lesser of 100% of billed charges. GMLOS + 6 Outlier per Diem $9,081.00 Add-on payment, and lesser of 100% of billed charges.",79809.17,,,,,,,Case Rate,"105% of the Diagnostic Related Group fee schedule established by CMS for Medicare in force as of the date of payment.. Delay in Discharge per diem $4,007 Delay in Discharge per diem $4,007",76008.73,,,,,,,Case Rate,"Medicare Base Rate times Standard Inpatient Weight. 100 percent of Medicare DRG. Add-on payment, . 100 percent of Medicare DRG. Add-on payment, .",193761.9,,,,,,,Case Rate,"Medicare Base Rate times Standard Inpatient Weight. GMLOS + 8 Outlier per Diem $4,623.00. Add-on payment, and lesser of 100% of billed charges. GMLOS + 8 Outlier per Diem $4,623.00. Add-on payment, and lesser of 100% of billed charges.",193761.9,,,,,,,Case Rate,"Medicare Base Rate times Standard Inpatient Weight. GMLOS + 8 Outlier per Diem $4,623.00. Add-on payment, and lesser of 100% of billed charges. GMLOS + 8 Outlier per Diem $4,623.00. Add-on payment, and lesser of 100% of billed charges.",193761.9,,,,,,,Case Rate,"Medicare Base Rate times Standard Inpatient Weight. GMLOS + 8 Outlier per Diem $4,623.00. Add-on payment, and lesser of 100% of billed charges. GMLOS + 8 Outlier per Diem $4,623.00. Add-on payment, and lesser of 100% of billed charges.",193761.9,,,,,,,Case Rate,"Medicare Base Rate times Standard Inpatient Weight. GMLOS + 8 Outlier per Diem $4,623.00. Add-on payment, and lesser of 100% of billed charges. GMLOS + 8 Outlier per Diem $4,623.00. Add-on payment, and lesser of 100% of billed charges.",193761.9,,,,,,,Case Rate,"Medicare Base Rate times Standard Inpatient Weight. GMLOS + 8 Outlier per Diem $4,623.00. Add-on payment, and lesser of 100% of billed charges. GMLOS + 8 Outlier per Diem $4,623.00. Add-on payment, and lesser of 100% of billed charges.",227945.69,,,,,,,Case Rate,"Medicare Base Rate times Standard Inpatient Weight. Add-on payment, and lesser of 100% of billed charges. Add-on payment, and lesser of 100% of billed charges.",227945.69,,,,,,,Case Rate,"Medicare Base Rate times Standard Inpatient Weight. Add-on payment, and lesser of 100% of billed charges. Add-on payment, and lesser of 100% of billed charges.",193761.9,,,,,,,Case Rate,"Medicare Base Rate times Standard Inpatient Weight. GMLOS + 8 Outlier per Diem $4,623.00. Add-on payment, and lesser of 100% of billed charges. GMLOS + 8 Outlier per Diem $4,623.00. Add-on payment, and lesser of 100% of billed charges.",193761.9,,,,,,,Case Rate,"Medicare Base Rate times Standard Inpatient Weight. GMLOS + 8 Outlier per Diem $4,623.00. Add-on payment, and lesser of 100% of billed charges. GMLOS + 8 Outlier per Diem $4,623.00. Add-on payment, and lesser of 100% of billed charges.",193761.9,,,,,,,Case Rate,"Medicare Base Rate times Standard Inpatient Weight. GMLOS + 8 Outlier per Diem $4,623.00. Add-on payment, and lesser of 100% of billed charges. GMLOS + 8 Outlier per Diem $4,623.00. Add-on payment, and lesser of 100% of billed charges.",193761.9,,,,,,,Case Rate,"Medicare Base Rate times Standard Inpatient Weight. GMLOS + 8 Outlier per Diem $4,623.00. Add-on payment, and lesser of 100% of billed charges. GMLOS + 8 Outlier per Diem $4,623.00. Add-on payment, and lesser of 100% of billed charges.",193761.9,,,,,,,Case Rate,"Medicare Base Rate times Standard Inpatient Weight. GMLOS + 8 Outlier per Diem $4,623.00. Add-on payment, and lesser of 100% of billed charges. GMLOS + 8 Outlier per Diem $4,623.00. Add-on payment, and lesser of 100% of billed charges.",76008.73,,,,,,,Case Rate,"Medicare Base Rate times Standard Inpatient Weight. 100 percent of Medicare DRG. Add-on payment,  . 100 percent of Medicare DRG. Add-on payment,  .",227945.69,,,,,,,Case Rate,"Medicare Base Rate times Standard Inpatient Weight. Add-on payment, and lesser of 100% of billed charges. Add-on payment, and lesser of 100% of billed charges.",76008.73,,,,,,,Case Rate,"Medicare Base Rate times Standard Inpatient Weight. 100 percent of Medicare DRG. Add-on payment,  . 100 percent of Medicare DRG. Add-on payment,  .",,,,,,,,," ",,,,,,,,," ",288215,,,,,,,Case Rate,"Medicare Base Rate times Standard Inpatient Weight. AMLOS + 5 Outlier per Diem $7,362.00. Add-on payment, and lesser of 100% of billed charges. AMLOS + 5 Outlier per Diem $7,362.00. Add-on payment, and lesser of 100% of billed charges.",288215,,,,,,,Case Rate,"Medicare Base Rate times Standard Inpatient Weight. AMLOS + 5 Outlier per Diem $7,362.00. Add-on payment, and lesser of 100% of billed charges. AMLOS + 5 Outlier per Diem $7,362.00. Add-on payment, and lesser of 100% of billed charges.",76008.73,,,,,,,Case Rate,"Medicare Base Rate times Standard Inpatient Weight. 100 percent of Medicare DRG. Add-on payment,  . 100 percent of Medicare DRG. Add-on payment,  .",226410.03,,,,,,,Case Rate,"Medicare Base Rate times Standard Inpatient Weight. Add-on payment, and lesser of 100% of billed charges. Add-on payment, and lesser of 100% of billed charges.",76008.73,,,,,,,Case Rate,"Medicare Base Rate times Standard Inpatient Weight. 100 percent of Medicare DRG. Add-on payment,  . 100 percent of Medicare DRG. Add-on payment,  .",76008.73,,,,,,,Case Rate,"Medicare Base Rate times Standard Inpatient Weight. 100 percent of Medicare DRG. Add-on payment,  . 100 percent of Medicare DRG. Add-on payment,  .",166781,,,,,,,Case Rate,". Add-on payment, and lesser of 100% of billed charges. Add-on payment, and lesser of 100% of billed charges.",76008.73,,,,,,,Case Rate,"Medicare Base Rate times Standard Inpatient Weight. 100 percent of Medicare DRG. Add-on payment,  . 100 percent of Medicare DRG. Add-on payment,  .",222732.13,,,,,,,Case Rate,"Medicare Base Rate times Standard Inpatient Weight. Outlier (25+) per Diem $7,671.00. Add-on payment, and lesser of 100% of billed charges. Outlier (25+) per Diem $7,671.00. Add-on payment, and lesser of 100% of billed charges.",76008.73,,,,,,,Case Rate,"Medicare Base Rate times Standard Inpatient Weight. 100 percent of Medicare DRG. Add-on payment,  . 100 percent of Medicare DRG. Add-on payment,  .",222732.13,,,,,,,Case Rate,"Medicare Base Rate times Standard Inpatient Weight. Outlier (25+) per Diem $7,671.00. Add-on payment, and lesser of 100% of billed charges. Outlier (25+) per Diem $7,671.00. Add-on payment, and lesser of 100% of billed charges.",166781,,,,,,,Case Rate,". Add-on payment, and lesser of 100% of billed charges. Add-on payment, and lesser of 100% of billed charges.",222732.13,,,,,,,Case Rate,"Medicare Base Rate times Standard Inpatient Weight. Outlier (25+) per Diem $7,671.00. Add-on payment, and lesser of 100% of billed charges. Outlier (25+) per Diem $7,671.00. Add-on payment, and lesser of 100% of billed charges.",76008.73,,,,,,,Case Rate,"Medicare Base Rate times Standard Inpatient Weight. 100 percent of Medicare DRG. Add-on payment,  . 100 percent of Medicare DRG. Add-on payment,  .",,,,,,,,," ",76008.73,,,,,,,Case Rate,"Medicare Base Rate times Standard Inpatient Weight. 100 percent of Medicare DRG. Add-on payment,  . 100 percent of Medicare DRG. Add-on payment,  .",222732.13,,,,,,,Case Rate,"Medicare Base Rate times Standard Inpatient Weight. Outlier (25+) per Diem $7,671.00. Add-on payment, and lesser of 100% of billed charges. Outlier (25+) per Diem $7,671.00. Add-on payment, and lesser of 100% of billed charges.",288215,,,,,,,Case Rate,"Medicare Base Rate times Standard Inpatient Weight. AMLOS + 5 Outlier per Diem $7,362.00. Add-on payment, and lesser of 100% of billed charges. AMLOS + 5 Outlier per Diem $7,362.00. Add-on payment, and lesser of 100% of billed charges.",,,,,,,,," ",316952.55,,,,,,,Case Rate,"Medicare Base Rate times Standard Inpatient Weight. GMLOS + 6 Outlier per Diem $9,081.00 Add-on payment, and lesser of 100% of billed charges. GMLOS + 6 Outlier per Diem $9,081.00 Add-on payment, and lesser of 100% of billed charges.",,,,,,,,," ",,,,,,,,," ",312215.03,,,,,,,Case Rate,"Medicare Base Rate times Standard Inpatient Weight. GMLOS + 6 Outlier per Diem $9,081.00 Add-on payment, and lesser of 100% of billed charges. GMLOS + 6 Outlier per Diem $9,081.00 Add-on payment, and lesser of 100% of billed charges.",312215.03,,,,,,,Case Rate,"Medicare Base Rate times Standard Inpatient Weight. GMLOS + 6 Outlier per Diem $9,081.00 Add-on payment, and lesser of 100% of billed charges. GMLOS + 6 Outlier per Diem $9,081.00 Add-on payment, and lesser of 100% of billed charges.",316952.55,,,,,,,Case Rate,"Medicare Base Rate times Standard Inpatient Weight. GMLOS + 6 Outlier per Diem $9,081.00 Add-on payment, and lesser of 100% of billed charges. GMLOS + 6 Outlier per Diem $9,081.00 Add-on payment, and lesser of 100% of billed charges.",288215,,,,,,,Case Rate,"Medicare Base Rate times Standard Inpatient Weight. AMLOS + 5 Outlier per Diem $7,362.00. Add-on payment, and lesser of 100% of billed charges. AMLOS + 5 Outlier per Diem $7,362.00. Add-on payment, and lesser of 100% of billed charges.",316952.55,,,,,,,Case Rate,"Medicare Base Rate times Standard Inpatient Weight. GMLOS + 6 Outlier per Diem $9,081.00 Add-on payment, and lesser of 100% of billed charges. GMLOS + 6 Outlier per Diem $9,081.00 Add-on payment, and lesser of 100% of billed charges.",312215.03,,,,,,,Case Rate,"Medicare Base Rate times Standard Inpatient Weight. GMLOS + 6 Outlier per Diem $9,081.00 Add-on payment, and lesser of 100% of billed charges. GMLOS + 6 Outlier per Diem $9,081.00 Add-on payment, and lesser of 100% of billed charges.",316952.55,,,,,,,Case Rate,"Medicare Base Rate times Standard Inpatient Weight. GMLOS + 6 Outlier per Diem $9,081.00 Add-on payment, and lesser of 100% of billed charges. GMLOS + 6 Outlier per Diem $9,081.00 Add-on payment, and lesser of 100% of billed charges.",193761.9,,,,,,,Case Rate,"Medicare Base Rate times Standard Inpatient Weight. GMLOS + 8 Outlier per Diem $4,623.00. Add-on payment, and lesser of 100% of billed charges. GMLOS + 8 Outlier per Diem $4,623.00. Add-on payment, and lesser of 100% of billed charges.",193761.9,,,,,,,Case Rate,"Medicare Base Rate times Standard Inpatient Weight. GMLOS + 8 Outlier per Diem $4,623.00. Add-on payment, and lesser of 100% of billed charges. GMLOS + 8 Outlier per Diem $4,623.00. Add-on payment, and lesser of 100% of billed charges.",199865.26,,,,,,,Case Rate,. 200 percent of Medicare 200 percent of Medicare,,,,,,,,," ",288215,,,,,,,Case Rate,"Medicare Base Rate times Standard Inpatient Weight. AMLOS + 5 Outlier per Diem $7,362.00. Add-on payment, and lesser of 100% of billed charges. AMLOS + 5 Outlier per Diem $7,362.00. Add-on payment, and lesser of 100% of billed charges.",222732.13,,,,,,,Case Rate,"Medicare Base Rate times Standard Inpatient Weight. Outlier (25+) per Diem $7,671.00. Add-on payment, and lesser of 100% of billed charges. Outlier (25+) per Diem $7,671.00. Add-on payment, and lesser of 100% of billed charges.",166781,,,,,,,Case Rate,". Add-on payment, and lesser of 100% of billed charges. Add-on payment, and lesser of 100% of billed charges.",288215,,,,,,,Case Rate,"Medicare Base Rate times Standard Inpatient Weight. AMLOS + 5 Outlier per Diem $7,362.00. Add-on payment, and lesser of 100% of billed charges. AMLOS + 5 Outlier per Diem $7,362.00. Add-on payment, and lesser of 100% of billed charges.",166781,,,,,,,Case Rate,". Add-on payment, and lesser of 100% of billed charges. Add-on payment, and lesser of 100% of billed charges.",288215,,,,,,,Case Rate,"Medicare Base Rate times Standard Inpatient Weight. AMLOS + 5 Outlier per Diem $7,362.00. Add-on payment, and lesser of 100% of billed charges. AMLOS + 5 Outlier per Diem $7,362.00. Add-on payment, and lesser of 100% of billed charges.",316952.55,,,,,,,Case Rate,"Medicare Base Rate times Standard Inpatient Weight. GMLOS + 6 Outlier per Diem $9,081.00 Add-on payment, and lesser of 100% of billed charges. GMLOS + 6 Outlier per Diem $9,081.00 Add-on payment, and lesser of 100% of billed charges.",312215.03,,,,,,,Case Rate,"Medicare Base Rate times Standard Inpatient Weight. GMLOS + 6 Outlier per Diem $9,081.00 Add-on payment, and lesser of 100% of billed charges. GMLOS + 6 Outlier per Diem $9,081.00 Add-on payment, and lesser of 100% of billed charges.",312215.03,,,,,,,Case Rate,"Medicare Base Rate times Standard Inpatient Weight. GMLOS + 6 Outlier per Diem $9,081.00 Add-on payment, and lesser of 100% of billed charges. GMLOS + 6 Outlier per Diem $9,081.00 Add-on payment, and lesser of 100% of billed charges.",316952.55,,,,,,,Case Rate,"Medicare Base Rate times Standard Inpatient Weight. GMLOS + 6 Outlier per Diem $9,081.00 Add-on payment, and lesser of 100% of billed charges. GMLOS + 6 Outlier per Diem $9,081.00 Add-on payment, and lesser of 100% of billed charges.",76008.73,,,,,,,Case Rate,"Medicare Base Rate times Standard Inpatient Weight. 100 percent of Medicare DRG. Add-on payment,  . 100 percent of Medicare DRG. Add-on payment,  .",67093.69,349531.6,
MS263,DRG,,,,,MS-DRG 263 VEIN LIGATION AND STRIPPING,,,Inpatient,,,,98121.14,,,,,,,Case Rate,Medicare Base Rate times Standard Inpatient Weight. Local 1199 High/Low day Outlier Local 1199 High/Low day Outlier,98121.14,,,,,,,Case Rate,Medicare Base Rate times Standard Inpatient Weight. Local 1199 High/Low day Outlier Local 1199 High/Low day Outlier,79749.22,,,,,,,Case Rate,"Medicare Base Rate times Standard Inpatient Weight. GMLOS + 8 Outlier per Diem $6,968.00. Add-on payment, and lesser of 100% of billed charges. GMLOS + 8 Outlier per Diem $6,968.00. Add-on payment, and lesser of 100% of billed charges.",,100,,,,,0,Percent of total billed charges,100 percent of charges.  ; No services were performed during the 15 month look back period.,30596.59,,,,,,,Case Rate,"Medicare Base Rate times Standard Inpatient Weight. 100 percent of Medicare DRG. Add-on payment,  . 100 percent of Medicare DRG. Add-on payment,  .",79749.22,,,,,,,Case Rate,"Medicare Base Rate times Standard Inpatient Weight. GMLOS + 8 Outlier per Diem $6,968.00. Add-on payment, and lesser of 100% of billed charges. GMLOS + 8 Outlier per Diem $6,968.00. Add-on payment, and lesser of 100% of billed charges.",79749.22,,,,,,,Case Rate,"Medicare Base Rate times Standard Inpatient Weight. GMLOS + 8 Outlier per Diem $6,968.00. Add-on payment, and lesser of 100% of billed charges. GMLOS + 8 Outlier per Diem $6,968.00. Add-on payment, and lesser of 100% of billed charges.",79749.22,,,,,,,Case Rate,"Medicare Base Rate times Standard Inpatient Weight. GMLOS + 8 Outlier per Diem $6,968.00. Add-on payment, and lesser of 100% of billed charges. GMLOS + 8 Outlier per Diem $6,968.00. Add-on payment, and lesser of 100% of billed charges.",,,,,,,,," ",,,,,,,,," ",,73,,,,,0,Percent of total billed charges,73 percent of charges.  ; No services were performed during the 15 month look back period.,116792.68,,,,,,,Case Rate,"Medicare Base Rate times Standard Inpatient Weight. AMLOS + 5 Outlier per Diem $7,362.00. Add-on payment, and lesser of 100% of billed charges. AMLOS + 5 Outlier per Diem $7,362.00. Add-on payment, and lesser of 100% of billed charges.",,,,,,,,," ",30596.59,,,,,,,Case Rate,"Medicare Base Rate times Standard Inpatient Weight. 100 percent of Medicare DRG. Add-on payment,  . 100 percent of Medicare DRG. Add-on payment,  .",88689.06,,,,,,,Case Rate,"Medicare Base Rate times Standard Inpatient Weight. Outlier (25+) per Diem $7,671.00. Add-on payment, and lesser of 100% of billed charges. Outlier (25+) per Diem $7,671.00. Add-on payment, and lesser of 100% of billed charges.",88689.06,,,,,,,Case Rate,"Medicare Base Rate times Standard Inpatient Weight. Outlier (25+) per Diem $7,671.00. Add-on payment, and lesser of 100% of billed charges. Outlier (25+) per Diem $7,671.00. Add-on payment, and lesser of 100% of billed charges.",88689.06,,,,,,,Case Rate,"Medicare Base Rate times Standard Inpatient Weight. Outlier (25+) per Diem $7,671.00. Add-on payment, and lesser of 100% of billed charges. Outlier (25+) per Diem $7,671.00. Add-on payment, and lesser of 100% of billed charges.",88689.06,,,,,,,Case Rate,"Medicare Base Rate times Standard Inpatient Weight. Outlier (25+) per Diem $7,671.00. Add-on payment, and lesser of 100% of billed charges. Outlier (25+) per Diem $7,671.00. Add-on payment, and lesser of 100% of billed charges.",,,,,,,,," ",30596.59,,,,,,,Case Rate,"Medicare Base Rate times Standard Inpatient Weight. 100 percent of Medicare DRG. Add-on payment,  . 100 percent of Medicare DRG. Add-on payment,  .",,,,,,,,," ",,73,,,,,0,Percent of total billed charges,73 percent of charges.  ; No services were performed during the 15 month look back period.,79749.22,,,,,,,Case Rate,"Medicare Base Rate times Standard Inpatient Weight. GMLOS + 8 Outlier per Diem $6,968.00. Add-on payment, and lesser of 100% of billed charges. GMLOS + 8 Outlier per Diem $6,968.00. Add-on payment, and lesser of 100% of billed charges.",30596.59,,,,,,,Case Rate,"Medicare Base Rate times Standard Inpatient Weight. 100 percent of Medicare DRG. Add-on payment, and lesser of 100% of billed charges. 100 percent of Medicare DRG. Add-on payment, and lesser of 100% of billed charges.",90765.03,,,,,,,Case Rate,"Medicare Base Rate times Standard Inpatient Weight. Add-on payment, and lesser of 100% of billed charges. Add-on payment, and lesser of 100% of billed charges.",30596.59,,,,,,,Case Rate,"Medicare Base Rate times Standard Inpatient Weight. 100 percent of Medicare DRG. Add-on payment, and lesser of 100% of billed charges. 100 percent of Medicare DRG. Add-on payment, and lesser of 100% of billed charges.",30596.59,,,,,,,Case Rate,"Medicare Base Rate times Standard Inpatient Weight. 100 percent of Medicare DRG. Add-on payment, and lesser of 100% of billed charges. 100 percent of Medicare DRG. Add-on payment, and lesser of 100% of billed charges.",,73,,,,,0,Percent of total billed charges,73 percent of charges.  ; No services were performed during the 15 month look back period.,,,,,,,,," ",,,,,,,,," ",,,,,,,,," ",,,,,,,,," ",90765.03,,,,,,,Case Rate,"Medicare Base Rate times Standard Inpatient Weight. Add-on payment, and lesser of 100% of billed charges. Add-on payment, and lesser of 100% of billed charges.",90765.03,,,,,,,Case Rate,"Medicare Base Rate times Standard Inpatient Weight. Add-on payment, and lesser of 100% of billed charges. Add-on payment, and lesser of 100% of billed charges.",,,,,,,,," ",90765.03,,,,,,,Case Rate,"Medicare Base Rate times Standard Inpatient Weight. Add-on payment, and lesser of 100% of billed charges. Add-on payment, and lesser of 100% of billed charges.",,,,,,,,," ",30596.59,,,,,,,Case Rate,"Medicare Base Rate times Standard Inpatient Weight. 100 percent of Medicare DRG. Add-on payment, . 100 percent of Medicare DRG. Add-on payment, .",90765.03,,,,,,,Case Rate,"Medicare Base Rate times Standard Inpatient Weight. Add-on payment, and lesser of 100% of billed charges. Add-on payment, and lesser of 100% of billed charges.",,73,,,,,0,Percent of total billed charges,73 percent of charges.  ; No services were performed during the 15 month look back period.,,,,,,,,," ",,,,,,,,," ",,73,,,,,0,Percent of total billed charges,73 percent of charges.  ; No services were performed during the 15 month look back period.,88689.06,,,,,,,Case Rate,"Medicare Base Rate times Standard Inpatient Weight. Outlier (25+) per Diem $7,671.00. Add-on payment, and lesser of 100% of billed charges. Outlier (25+) per Diem $7,671.00. Add-on payment, and lesser of 100% of billed charges.",84959.03,,,,,,,Case Rate,"Medicare Base Rate times Standard Inpatient Weight. AMLOS + 5 Outlier per Diem $7,167.00. Add-on payment, and lesser of 100% of billed charges. AMLOS + 5 Outlier per Diem $7,167.00. Add-on payment, and lesser of 100% of billed charges.",84959.03,,,,,,,Case Rate,"Medicare Base Rate times Standard Inpatient Weight. AMLOS + 5 Outlier per Diem $7,167.00. Add-on payment, and lesser of 100% of billed charges. AMLOS + 5 Outlier per Diem $7,167.00. Add-on payment, and lesser of 100% of billed charges.",,73,,,,,0,Percent of total billed charges,73 percent of charges.  ; No services were performed during the 15 month look back period.,30596.59,,,,,,,Case Rate,"Medicare Base Rate times Standard Inpatient Weight. 100 percent of Medicare DRG. Add-on payment,  . 100 percent of Medicare DRG. Add-on payment,  .",116792.68,,,,,,,Case Rate,"Medicare Base Rate times Standard Inpatient Weight. AMLOS + 5 Outlier per Diem $7,362.00. Add-on payment, and lesser of 100% of billed charges. AMLOS + 5 Outlier per Diem $7,362.00. Add-on payment, and lesser of 100% of billed charges.",116792.68,,,,,,,Case Rate,"Medicare Base Rate times Standard Inpatient Weight. AMLOS + 5 Outlier per Diem $7,362.00. Add-on payment, and lesser of 100% of billed charges. AMLOS + 5 Outlier per Diem $7,362.00. Add-on payment, and lesser of 100% of billed charges.",116792.68,,,,,,,Case Rate,"Medicare Base Rate times Standard Inpatient Weight. AMLOS + 5 Outlier per Diem $7,362.00. Add-on payment, and lesser of 100% of billed charges. AMLOS + 5 Outlier per Diem $7,362.00. Add-on payment, and lesser of 100% of billed charges.",30596.59,,,,,,,Case Rate,"Medicare Base Rate times Standard Inpatient Weight. 100 percent of Medicare DRG. Add-on payment,  . 100 percent of Medicare DRG. Add-on payment,  .",116792.68,,,,,,,Case Rate,"Medicare Base Rate times Standard Inpatient Weight. AMLOS + 5 Outlier per Diem $7,362.00. Add-on payment, and lesser of 100% of billed charges. AMLOS + 5 Outlier per Diem $7,362.00. Add-on payment, and lesser of 100% of billed charges.",116792.68,,,,,,,Case Rate,"Medicare Base Rate times Standard Inpatient Weight. AMLOS + 5 Outlier per Diem $7,362.00. Add-on payment, and lesser of 100% of billed charges. AMLOS + 5 Outlier per Diem $7,362.00. Add-on payment, and lesser of 100% of billed charges.",30596.59,,,,,,,Case Rate,"Medicare Base Rate times Standard Inpatient Weight. 100 percent of Medicare DRG. Add-on payment, and lesser of 100% of billed charges. 100 percent of Medicare DRG. Add-on payment, and lesser of 100% of billed charges.",132981.61,,,,,,,Case Rate,"Medicare Base Rate times Standard Inpatient Weight. GMLOS + 6 Outlier per Diem $11,932.00. Add-on payment, and lesser of 100% of billed charges. GMLOS + 6 Outlier per Diem $11,932.00. Add-on payment, and lesser of 100% of billed charges.",126206.41,,,,,,,Case Rate,"Medicare Base Rate times Standard Inpatient Weight. GMLOS + 6 Outlier per Diem $9,081.00 Add-on payment, and lesser of 100% of billed charges. GMLOS + 6 Outlier per Diem $9,081.00 Add-on payment, and lesser of 100% of billed charges.",126206.41,,,,,,,Case Rate,"Medicare Base Rate times Standard Inpatient Weight. GMLOS + 6 Outlier per Diem $9,081.00 Add-on payment, and lesser of 100% of billed charges. GMLOS + 6 Outlier per Diem $9,081.00 Add-on payment, and lesser of 100% of billed charges.",124320,,,,,,,Case Rate,"Medicare Base Rate times Standard Inpatient Weight. GMLOS + 6 Outlier per Diem $9,081.00 Add-on payment, and lesser of 100% of billed charges. GMLOS + 6 Outlier per Diem $9,081.00 Add-on payment, and lesser of 100% of billed charges.",139178.96,,,,,,,Case Rate,"Medicare Base Rate times Standard Inpatient Weight. GMLOS + 6 Outlier per Diem $9,081.00 Add-on payment, and lesser of 100% of billed charges. GMLOS + 6 Outlier per Diem $9,081.00 Add-on payment, and lesser of 100% of billed charges.",124320,,,,,,,Case Rate,"Medicare Base Rate times Standard Inpatient Weight. GMLOS + 6 Outlier per Diem $9,081.00 Add-on payment, and lesser of 100% of billed charges. GMLOS + 6 Outlier per Diem $9,081.00 Add-on payment, and lesser of 100% of billed charges.",126206.41,,,,,,,Case Rate,"Medicare Base Rate times Standard Inpatient Weight. GMLOS + 6 Outlier per Diem $9,081.00 Add-on payment, and lesser of 100% of billed charges. GMLOS + 6 Outlier per Diem $9,081.00 Add-on payment, and lesser of 100% of billed charges.",30596.59,,,,,,,Case Rate,"Medicare Base Rate times Standard Inpatient Weight. 100 percent of Medicare DRG. Add-on payment,  . 100 percent of Medicare DRG. Add-on payment,  .",30596.59,,,,,,,Case Rate,"Medicare Base Rate times Standard Inpatient Weight. 100 percent of Medicare DRG. Add-on payment,  . 100 percent of Medicare DRG. Add-on payment,  .",139178.96,,,,,,,Case Rate,"Medicare Base Rate times Standard Inpatient Weight. GMLOS + 6 Outlier per Diem $9,081.00 Add-on payment, and lesser of 100% of billed charges. GMLOS + 6 Outlier per Diem $9,081.00 Add-on payment, and lesser of 100% of billed charges.",,73,,,,,0,Percent of total billed charges,73 percent of charges.  ; No services were performed during the 15 month look back period.,,73,,,,,0,Percent of total billed charges,73 percent of charges.  ; No services were performed during the 15 month look back period.,,73,,,,,0,Percent of total billed charges,73 percent of charges.  ; No services were performed during the 15 month look back period.,,73,,,,,0,Percent of total billed charges,73 percent of charges.  ; No services were performed during the 15 month look back period.,,73,,,,,0,Percent of total billed charges,73 percent of charges.  ; No services were performed during the 15 month look back period.,,73,,,,,0,Percent of total billed charges,73 percent of charges.  ; No services were performed during the 15 month look back period.,,73,,,,,0,Percent of total billed charges,73 percent of charges.  ; No services were performed during the 15 month look back period.,,73,,,,,0,Percent of total billed charges,73 percent of charges.  ; No services were performed during the 15 month look back period.,,73,,,,,0,Percent of total billed charges,73 percent of charges.  ; No services were performed during the 15 month look back period.,,73,,,,,0,Percent of total billed charges,73 percent of charges.  ; No services were performed during the 15 month look back period.,,73,,,,,0,Percent of total billed charges,73 percent of charges.  ; No services were performed during the 15 month look back period.,,73,,,,,0,Percent of total billed charges,73 percent of charges.  ; No services were performed during the 15 month look back period.,,73,,,,,0,Percent of total billed charges,73 percent of charges.  ; No services were performed during the 15 month look back period.,,73,,,,,0,Percent of total billed charges,73 percent of charges.  ; No services were performed during the 15 month look back period.,,73,,,,,0,Percent of total billed charges,73 percent of charges.  ; No services were performed during the 15 month look back period.,,73,,,,,0,Percent of total billed charges,73 percent of charges.  ; No services were performed during the 15 month look back period.,,73,,,,,0,Percent of total billed charges,73 percent of charges.  ; No services were performed during the 15 month look back period.,,73,,,,,0,Percent of total billed charges,73 percent of charges.  ; No services were performed during the 15 month look back period.,,73,,,,,0,Percent of total billed charges,73 percent of charges.  ; No services were performed during the 15 month look back period.,,73,,,,,0,Percent of total billed charges,73 percent of charges.  ; No services were performed during the 15 month look back period.,,73,,,,,0,Percent of total billed charges,73 percent of charges.  ; No services were performed during the 15 month look back period.,,73,,,,,0,Percent of total billed charges,73 percent of charges.  ; No services were performed during the 15 month look back period.,,73,,,,,0,Percent of total billed charges,73 percent of charges.  ; No services were performed during the 15 month look back period.,,73,,,,,0,Percent of total billed charges,73 percent of charges.  ; No services were performed during the 15 month look back period.,,73,,,,,0,Percent of total billed charges,73 percent of charges.  ; No services were performed during the 15 month look back period.,,73,,,,,0,Percent of total billed charges,73 percent of charges.  ; No services were performed during the 15 month look back period.,90765.03,,,,,,,Case Rate,"Medicare Base Rate times Standard Inpatient Weight. Add-on payment, and lesser of 100% of billed charges. Add-on payment, and lesser of 100% of billed charges.",90765.03,,,,,,,Case Rate,"Medicare Base Rate times Standard Inpatient Weight. Add-on payment, and lesser of 100% of billed charges. Add-on payment, and lesser of 100% of billed charges.",90765.03,,,,,,,Case Rate,"Medicare Base Rate times Standard Inpatient Weight. Add-on payment, and lesser of 100% of billed charges. Add-on payment, and lesser of 100% of billed charges.",90765.03,,,,,,,Case Rate,"Medicare Base Rate times Standard Inpatient Weight. Add-on payment, and lesser of 100% of billed charges. Add-on payment, and lesser of 100% of billed charges.",90153.55,,,,,,,Case Rate,"Medicare Base Rate times Standard Inpatient Weight. Add-on payment, and lesser of 100% of billed charges. Add-on payment, and lesser of 100% of billed charges.",90153.55,,,,,,,Case Rate,"Medicare Base Rate times Standard Inpatient Weight. Add-on payment, and lesser of 100% of billed charges. Add-on payment, and lesser of 100% of billed charges.",88689.06,,,,,,,Case Rate,"Medicare Base Rate times Standard Inpatient Weight. Outlier (25+) per Diem $7,671.00. Add-on payment, and lesser of 100% of billed charges. Outlier (25+) per Diem $7,671.00. Add-on payment, and lesser of 100% of billed charges.",126206.41,,,,,,,Case Rate,"Medicare Base Rate times Standard Inpatient Weight. GMLOS + 6 Outlier per Diem $9,081.00 Add-on payment, and lesser of 100% of billed charges. GMLOS + 6 Outlier per Diem $9,081.00 Add-on payment, and lesser of 100% of billed charges.",116792.68,,,,,,,Case Rate,"Medicare Base Rate times Standard Inpatient Weight. AMLOS + 5 Outlier per Diem $7,362.00. Add-on payment, and lesser of 100% of billed charges. AMLOS + 5 Outlier per Diem $7,362.00. Add-on payment, and lesser of 100% of billed charges.",124320,,,,,,,Case Rate,"Medicare Base Rate times Standard Inpatient Weight. GMLOS + 6 Outlier per Diem $9,081.00 Add-on payment, and lesser of 100% of billed charges. GMLOS + 6 Outlier per Diem $9,081.00 Add-on payment, and lesser of 100% of billed charges.",,73,,,,,0,Percent of total billed charges,73 percent of charges.  ; No services were performed during the 15 month look back period.,90153.55,,,,,,,Case Rate,"Medicare Base Rate times Standard Inpatient Weight. Add-on payment, and lesser of 100% of billed charges. Add-on payment, and lesser of 100% of billed charges.",126206.41,,,,,,,Case Rate,"Medicare Base Rate times Standard Inpatient Weight. GMLOS + 6 Outlier per Diem $9,081.00 Add-on payment, and lesser of 100% of billed charges. GMLOS + 6 Outlier per Diem $9,081.00 Add-on payment, and lesser of 100% of billed charges.",116792.68,,,,,,,Case Rate,"Medicare Base Rate times Standard Inpatient Weight. AMLOS + 5 Outlier per Diem $7,362.00. Add-on payment, and lesser of 100% of billed charges. AMLOS + 5 Outlier per Diem $7,362.00. Add-on payment, and lesser of 100% of billed charges.",88689.06,,,,,,,Case Rate,"Medicare Base Rate times Standard Inpatient Weight. Outlier (25+) per Diem $7,671.00. Add-on payment, and lesser of 100% of billed charges. Outlier (25+) per Diem $7,671.00. Add-on payment, and lesser of 100% of billed charges.",,,,,,,,," ",,73,,,,,0,Percent of total billed charges,73 percent of charges.  ; No services were performed during the 15 month look back period.,,,,,,,,," ",90765.03,,,,,,,Case Rate,"Medicare Base Rate times Standard Inpatient Weight. Add-on payment, and lesser of 100% of billed charges. Add-on payment, and lesser of 100% of billed charges.",,,,,,,,," ",30596.59,,,,,,,Case Rate,"Medicare Base Rate times Standard Inpatient Weight. 100 percent of Medicare DRG. Add-on payment, . 100 percent of Medicare DRG. Add-on payment, .",30596.59,,,,,,,Case Rate,"Medicare Base Rate times Standard Inpatient Weight. 100 percent of Medicare DRG. Add-on payment,  . 100 percent of Medicare DRG. Add-on payment,  .",132981.61,,,,,,,Case Rate,"Medicare Base Rate times Standard Inpatient Weight. GMLOS + 6 Outlier per Diem $11,932.00. Add-on payment, and lesser of 100% of billed charges. GMLOS + 6 Outlier per Diem $11,932.00. Add-on payment, and lesser of 100% of billed charges.",30596.59,,,,,,,Case Rate,"Medicare Base Rate times Standard Inpatient Weight. 100 percent of Medicare DRG. Add-on payment,  . 100 percent of Medicare DRG. Add-on payment,  .",30596.59,,,,,,,Case Rate,"Medicare Base Rate times Standard Inpatient Weight. 100 percent of Medicare DRG. Add-on payment,  . 100 percent of Medicare DRG. Add-on payment,  .",,,,,,,,," ",30596.59,,,,,,,Case Rate,"Medicare Base Rate times Standard Inpatient Weight. 100 percent of Medicare DRG. Add-on payment,  . 100 percent of Medicare DRG. Add-on payment,  .",30596.59,,,,,,,Case Rate,"Medicare Base Rate times Standard Inpatient Weight. 100 percent of Medicare DRG. Add-on payment,  . 100 percent of Medicare DRG. Add-on payment,  .",79749.22,,,,,,,Case Rate,"Medicare Base Rate times Standard Inpatient Weight. GMLOS + 8 Outlier per Diem $6,968.00. Add-on payment, and lesser of 100% of billed charges. GMLOS + 8 Outlier per Diem $6,968.00. Add-on payment, and lesser of 100% of billed charges.",79749.22,,,,,,,Case Rate,"Medicare Base Rate times Standard Inpatient Weight. GMLOS + 8 Outlier per Diem $6,968.00. Add-on payment, and lesser of 100% of billed charges. GMLOS + 8 Outlier per Diem $6,968.00. Add-on payment, and lesser of 100% of billed charges.",30596.59,,,,,,,Case Rate,"Medicare Base Rate times Standard Inpatient Weight. 100 percent of Medicare DRG. Add-on payment,  . 100 percent of Medicare DRG. Add-on payment,  .",88689.06,,,,,,,Case Rate,"Medicare Base Rate times Standard Inpatient Weight. Outlier (25+) per Diem $7,671.00. Add-on payment, and lesser of 100% of billed charges. Outlier (25+) per Diem $7,671.00. Add-on payment, and lesser of 100% of billed charges.",116792.68,,,,,,,Case Rate,"Medicare Base Rate times Standard Inpatient Weight. AMLOS + 5 Outlier per Diem $7,362.00. Add-on payment, and lesser of 100% of billed charges. AMLOS + 5 Outlier per Diem $7,362.00. Add-on payment, and lesser of 100% of billed charges.",116792.68,,,,,,,Case Rate,"Medicare Base Rate times Standard Inpatient Weight. AMLOS + 5 Outlier per Diem $7,362.00. Add-on payment, and lesser of 100% of billed charges. AMLOS + 5 Outlier per Diem $7,362.00. Add-on payment, and lesser of 100% of billed charges.",30596.59,,,,,,,Case Rate,"Medicare Base Rate times Standard Inpatient Weight. 100 percent of Medicare DRG. Add-on payment,  . 100 percent of Medicare DRG. Add-on payment,  .",88689.06,,,,,,,Case Rate,"Medicare Base Rate times Standard Inpatient Weight. Outlier (25+) per Diem $7,671.00. Add-on payment, and lesser of 100% of billed charges. Outlier (25+) per Diem $7,671.00. Add-on payment, and lesser of 100% of billed charges.",79749.22,,,,,,,Case Rate,"Medicare Base Rate times Standard Inpatient Weight. GMLOS + 8 Outlier per Diem $6,968.00. Add-on payment, and lesser of 100% of billed charges. GMLOS + 8 Outlier per Diem $6,968.00. Add-on payment, and lesser of 100% of billed charges.",79749.22,,,,,,,Case Rate,"Medicare Base Rate times Standard Inpatient Weight. GMLOS + 8 Outlier per Diem $6,968.00. Add-on payment, and lesser of 100% of billed charges. GMLOS + 8 Outlier per Diem $6,968.00. Add-on payment, and lesser of 100% of billed charges.",79749.22,,,,,,,Case Rate,"Medicare Base Rate times Standard Inpatient Weight. GMLOS + 8 Outlier per Diem $6,968.00. Add-on payment, and lesser of 100% of billed charges. GMLOS + 8 Outlier per Diem $6,968.00. Add-on payment, and lesser of 100% of billed charges.",,73,,,,,0,Percent of total billed charges,73 percent of charges.  ; No services were performed during the 15 month look back period.,,73,,,,,0,Percent of total billed charges,73 percent of charges.  ; No services were performed during the 15 month look back period.,,73,,,,,0,Percent of total billed charges,73 percent of charges.  ; No services were performed during the 15 month look back period.,,73,,,,,0,Percent of total billed charges,73 percent of charges.  ; No services were performed during the 15 month look back period.,,73,,,,,0,Percent of total billed charges,73 percent of charges.  ; No services were performed during the 15 month look back period.,,73,,,,,0,Percent of total billed charges,73 percent of charges.  ; No services were performed during the 15 month look back period.,,73,,,,,0,Percent of total billed charges,73 percent of charges.  ; No services were performed during the 15 month look back period.,,73,,,,,0,Percent of total billed charges,73 percent of charges.  ; No services were performed during the 15 month look back period.,,73,,,,,0,Percent of total billed charges,73 percent of charges.  ; No services were performed during the 15 month look back period.,,73,,,,,0,Percent of total billed charges,73 percent of charges.  ; No services were performed during the 15 month look back period.,,73,,,,,0,Percent of total billed charges,73 percent of charges.  ; No services were performed during the 15 month look back period.,90153.55,,,,,,,Case Rate,"Medicare Base Rate times Standard Inpatient Weight. Add-on payment, and lesser of 100% of billed charges. Add-on payment, and lesser of 100% of billed charges.",126206.41,,,,,,,Case Rate,"Medicare Base Rate times Standard Inpatient Weight. GMLOS + 6 Outlier per Diem $9,081.00 Add-on payment, and lesser of 100% of billed charges. GMLOS + 6 Outlier per Diem $9,081.00 Add-on payment, and lesser of 100% of billed charges.",88689.06,,,,,,,Case Rate,"Medicare Base Rate times Standard Inpatient Weight. Outlier (25+) per Diem $7,671.00. Add-on payment, and lesser of 100% of billed charges. Outlier (25+) per Diem $7,671.00. Add-on payment, and lesser of 100% of billed charges.",30596.59,,,,,,,Case Rate,"Medicare Base Rate times Standard Inpatient Weight. 100 percent of Medicare DRG. Add-on payment,  . 100 percent of Medicare DRG. Add-on payment,  .",79749.22,,,,,,,Case Rate,"Medicare Base Rate times Standard Inpatient Weight. GMLOS + 8 Outlier per Diem $6,968.00. Add-on payment, and lesser of 100% of billed charges. GMLOS + 8 Outlier per Diem $6,968.00. Add-on payment, and lesser of 100% of billed charges.",88689.06,,,,,,,Case Rate,"Medicare Base Rate times Standard Inpatient Weight. Outlier (25+) per Diem $7,671.00. Add-on payment, and lesser of 100% of billed charges. Outlier (25+) per Diem $7,671.00. Add-on payment, and lesser of 100% of billed charges.",88689.06,,,,,,,Case Rate,"Medicare Base Rate times Standard Inpatient Weight. Outlier (25+) per Diem $7,671.00. Add-on payment, and lesser of 100% of billed charges. Outlier (25+) per Diem $7,671.00. Add-on payment, and lesser of 100% of billed charges.",,73,,,,,0,Percent of total billed charges,73 percent of charges.  ; No services were performed during the 15 month look back period.,,,,,,,,," ",88689.06,,,,,,,Case Rate,"Medicare Base Rate times Standard Inpatient Weight. Outlier (25+) per Diem $7,671.00. Add-on payment, and lesser of 100% of billed charges. Outlier (25+) per Diem $7,671.00. Add-on payment, and lesser of 100% of billed charges.",,,,,,,,," ",30596.59,,,,,,,Case Rate,"Medicare Base Rate times Standard Inpatient Weight. 100 percent of Medicare DRG. Add-on payment,  . 100 percent of Medicare DRG. Add-on payment,  .",30596.59,,,,,,,Case Rate,"Medicare Base Rate times Standard Inpatient Weight. 100 percent of Medicare DRG. Add-on payment,  . 100 percent of Medicare DRG. Add-on payment,  .",30596.59,,,,,,,Case Rate,"Medicare Base Rate times Standard Inpatient Weight. 100 percent of Medicare DRG. Add-on payment,  . 100 percent of Medicare DRG. Add-on payment,  .",30596.59,,,,,,,Case Rate,"Medicare Base Rate times Standard Inpatient Weight. 100 percent of Medicare DRG. Add-on payment,  . 100 percent of Medicare DRG. Add-on payment,  .",30596.59,,,,,,,Case Rate,"Medicare Base Rate times Standard Inpatient Weight. 100 percent of Medicare DRG. Add-on payment,  . 100 percent of Medicare DRG. Add-on payment,  .",30596.59,,,,,,,Case Rate,"Medicare Base Rate times Standard Inpatient Weight. 100 percent of Medicare DRG. Add-on payment,  . 100 percent of Medicare DRG. Add-on payment,  .",88689.06,,,,,,,Case Rate,"Medicare Base Rate times Standard Inpatient Weight. Outlier (25+) per Diem $7,671.00. Add-on payment, and lesser of 100% of billed charges. Outlier (25+) per Diem $7,671.00. Add-on payment, and lesser of 100% of billed charges.",132981.61,,,,,,,Case Rate,"Medicare Base Rate times Standard Inpatient Weight. GMLOS + 6 Outlier per Diem $11,932.00. Add-on payment, and lesser of 100% of billed charges. GMLOS + 6 Outlier per Diem $11,932.00. Add-on payment, and lesser of 100% of billed charges.",,,,,,,,," ",,,,,,,,," ",,,,,,,,," ",,,,,,,,," ",,,,,,,,," ",,,,,,,,," ",132981.61,,,,,,,Case Rate,"Medicare Base Rate times Standard Inpatient Weight. GMLOS + 6 Outlier per Diem $11,932.00. Add-on payment, and lesser of 100% of billed charges. GMLOS + 6 Outlier per Diem $11,932.00. Add-on payment, and lesser of 100% of billed charges.",80245.54,,,,,,,Case Rate,. 200 percent of Medicare 200 percent of Medicare,80245.54,,,,,,,Case Rate,. 200 percent of Medicare 200 percent of Medicare,80245.54,,,,,,,Case Rate,. 200 percent of Medicare 200 percent of Medicare,80245.54,,,,,,,Case Rate,. 200 percent of Medicare 200 percent of Medicare,80245.54,,,,,,,Case Rate,. 200 percent of Medicare 200 percent of Medicare,30596.59,,,,,,,Case Rate,"Medicare Base Rate times Standard Inpatient Weight. 100 percent of Medicare DRG. Add-on payment,  . 100 percent of Medicare DRG. Add-on payment,  .",90153.55,,,,,,,Case Rate,"Medicare Base Rate times Standard Inpatient Weight. Add-on payment, and lesser of 100% of billed charges. Add-on payment, and lesser of 100% of billed charges.",90153.55,,,,,,,Case Rate,"Medicare Base Rate times Standard Inpatient Weight. Add-on payment, and lesser of 100% of billed charges. Add-on payment, and lesser of 100% of billed charges.",90153.55,,,,,,,Case Rate,"Medicare Base Rate times Standard Inpatient Weight. Add-on payment, and lesser of 100% of billed charges. Add-on payment, and lesser of 100% of billed charges.",90153.55,,,,,,,Case Rate,"Medicare Base Rate times Standard Inpatient Weight. Add-on payment, and lesser of 100% of billed charges. Add-on payment, and lesser of 100% of billed charges.",79749.22,,,,,,,Case Rate,"Medicare Base Rate times Standard Inpatient Weight. GMLOS + 8 Outlier per Diem $6,968.00. Add-on payment, and lesser of 100% of billed charges. GMLOS + 8 Outlier per Diem $6,968.00. Add-on payment, and lesser of 100% of billed charges.",79749.22,,,,,,,Case Rate,"Medicare Base Rate times Standard Inpatient Weight. GMLOS + 8 Outlier per Diem $6,968.00. Add-on payment, and lesser of 100% of billed charges. GMLOS + 8 Outlier per Diem $6,968.00. Add-on payment, and lesser of 100% of billed charges.",79749.22,,,,,,,Case Rate,"Medicare Base Rate times Standard Inpatient Weight. GMLOS + 8 Outlier per Diem $6,968.00. Add-on payment, and lesser of 100% of billed charges. GMLOS + 8 Outlier per Diem $6,968.00. Add-on payment, and lesser of 100% of billed charges.",79749.22,,,,,,,Case Rate,"Medicare Base Rate times Standard Inpatient Weight. GMLOS + 8 Outlier per Diem $6,968.00. Add-on payment, and lesser of 100% of billed charges. GMLOS + 8 Outlier per Diem $6,968.00. Add-on payment, and lesser of 100% of billed charges.",132981.61,,,,,,,Case Rate,"Medicare Base Rate times Standard Inpatient Weight. GMLOS + 6 Outlier per Diem $11,932.00. Add-on payment, and lesser of 100% of billed charges. GMLOS + 6 Outlier per Diem $11,932.00. Add-on payment, and lesser of 100% of billed charges.",132981.61,,,,,,,Case Rate,"Medicare Base Rate times Standard Inpatient Weight. GMLOS + 6 Outlier per Diem $11,932.00. Add-on payment, and lesser of 100% of billed charges. GMLOS + 6 Outlier per Diem $11,932.00. Add-on payment, and lesser of 100% of billed charges.",30596.59,,,,,,,Case Rate,"Medicare Base Rate times Standard Inpatient Weight. 100 percent of Medicare DRG. Add-on payment,  . 100 percent of Medicare DRG. Add-on payment,  .",30596.59,,,,,,,Case Rate,"Medicare Base Rate times Standard Inpatient Weight. 100 percent of Medicare DRG. Add-on payment,  . 100 percent of Medicare DRG. Add-on payment,  .",30596.59,,,,,,,Case Rate,"Medicare Base Rate times Standard Inpatient Weight. 100 percent of Medicare DRG. Add-on payment,  . 100 percent of Medicare DRG. Add-on payment,  .",126206.41,,,,,,,Case Rate,"Medicare Base Rate times Standard Inpatient Weight. GMLOS + 6 Outlier per Diem $9,081.00 Add-on payment, and lesser of 100% of billed charges. GMLOS + 6 Outlier per Diem $9,081.00 Add-on payment, and lesser of 100% of billed charges.",126206.41,,,,,,,Case Rate,"Medicare Base Rate times Standard Inpatient Weight. GMLOS + 6 Outlier per Diem $9,081.00 Add-on payment, and lesser of 100% of billed charges. GMLOS + 6 Outlier per Diem $9,081.00 Add-on payment, and lesser of 100% of billed charges.",126206.41,,,,,,,Case Rate,"Medicare Base Rate times Standard Inpatient Weight. GMLOS + 6 Outlier per Diem $9,081.00 Add-on payment, and lesser of 100% of billed charges. GMLOS + 6 Outlier per Diem $9,081.00 Add-on payment, and lesser of 100% of billed charges.",132981.61,,,,,,,Case Rate,"Medicare Base Rate times Standard Inpatient Weight. GMLOS + 6 Outlier per Diem $11,932.00. Add-on payment, and lesser of 100% of billed charges. GMLOS + 6 Outlier per Diem $11,932.00. Add-on payment, and lesser of 100% of billed charges.",79749.22,,,,,,,Case Rate,"Medicare Base Rate times Standard Inpatient Weight. GMLOS + 8 Outlier per Diem $6,968.00. Add-on payment, and lesser of 100% of billed charges. GMLOS + 8 Outlier per Diem $6,968.00. Add-on payment, and lesser of 100% of billed charges.",30596.59,,,,,,,Case Rate,"Medicare Base Rate times Standard Inpatient Weight. 100 percent of Medicare DRG. Add-on payment,  . 100 percent of Medicare DRG. Add-on payment,  .",124320,,,,,,,Case Rate,"Medicare Base Rate times Standard Inpatient Weight. GMLOS + 6 Outlier per Diem $9,081.00 Add-on payment, and lesser of 100% of billed charges. GMLOS + 6 Outlier per Diem $9,081.00 Add-on payment, and lesser of 100% of billed charges.",,,,,,,,," ",31208.52,,,,,,,Case Rate,"Medicare Base Rate times Standard Inpatient Weight. 100 percent of Medicare DRG. Add-on payment, and lesser of 100% of billed charges. 100 percent of Medicare DRG. Add-on payment, and lesser of 100% of billed charges.",31208.52,,,,,,,Case Rate,"Medicare Base Rate times Standard Inpatient Weight. 100 percent of Medicare DRG. Add-on payment, and lesser of 100% of billed charges. 100 percent of Medicare DRG. Add-on payment, and lesser of 100% of billed charges.",31208.52,,,,,,,Case Rate,"Medicare Base Rate times Standard Inpatient Weight. 100 percent of Medicare DRG. Add-on payment, and lesser of 100% of billed charges. 100 percent of Medicare DRG. Add-on payment, and lesser of 100% of billed charges.",,,,,,,,," ",,,,,,,,," ",,,,,,,,," ",,,,,,,,," ",,,,,,,,," ",,,,,,,,," ",31208.52,,,,,,,Case Rate,"Medicare Base Rate times Standard Inpatient Weight. 100 percent of Medicare DRG. Add-on payment, and lesser of 100% of billed charges. 100 percent of Medicare DRG. Add-on payment, and lesser of 100% of billed charges.",,,,,,,,," ",,,,,,,,," ",,,,,,,,," ",,,,,,,,," ",,,,,,,,," ",,,,,,,,," ",,,,,,,,," ",30596.59,,,,,,,Case Rate,"Medicare Base Rate times Standard Inpatient Weight. 100 percent of Medicare DRG. Add-on payment,  . 100 percent of Medicare DRG. Add-on payment,  .",30596.59,,,,,,,Case Rate,"Medicare Base Rate times Standard Inpatient Weight. 100 percent of Medicare DRG. Add-on payment,  . 100 percent of Medicare DRG. Add-on payment,  .",79749.22,,,,,,,Case Rate,"Medicare Base Rate times Standard Inpatient Weight. GMLOS + 8 Outlier per Diem $6,968.00. Add-on payment, and lesser of 100% of billed charges. GMLOS + 8 Outlier per Diem $6,968.00. Add-on payment, and lesser of 100% of billed charges.",30596.59,,,,,,,Case Rate,"Medicare Base Rate times Standard Inpatient Weight. 100 percent of Medicare DRG. Add-on payment,  . 100 percent of Medicare DRG. Add-on payment,  .",,,,,,,,," ",,,,,,,,," ",,,,,,,,," ",,,,,,,,," ",,,,,,,,," ",,,,,,,,," ",,,,,,,,," ",,,,,,,,," ",,,,,,,,," ",,,,,,,,," ",,,,,,,,," ",132981.61,,,,,,,Case Rate,"Medicare Base Rate times Standard Inpatient Weight. GMLOS + 6 Outlier per Diem $11,932.00. Add-on payment, and lesser of 100% of billed charges. GMLOS + 6 Outlier per Diem $11,932.00. Add-on payment, and lesser of 100% of billed charges.",,,,,,,,," ",,,,,,,,," ",,,,,,,,," ",,,,,,,,," ",126206.41,,,,,,,Case Rate,"Medicare Base Rate times Standard Inpatient Weight. GMLOS + 6 Outlier per Diem $9,081.00 Add-on payment, and lesser of 100% of billed charges. GMLOS + 6 Outlier per Diem $9,081.00 Add-on payment, and lesser of 100% of billed charges.",124320,,,,,,,Case Rate,"Medicare Base Rate times Standard Inpatient Weight. GMLOS + 6 Outlier per Diem $9,081.00 Add-on payment, and lesser of 100% of billed charges. GMLOS + 6 Outlier per Diem $9,081.00 Add-on payment, and lesser of 100% of billed charges.",30596.59,,,,,,,Case Rate,"Medicare Base Rate times Standard Inpatient Weight. 100 percent of Medicare DRG. Add-on payment,  . 100 percent of Medicare DRG. Add-on payment,  .",124320,,,,,,,Case Rate,"Medicare Base Rate times Standard Inpatient Weight. GMLOS + 6 Outlier per Diem $9,081.00 Add-on payment, and lesser of 100% of billed charges. GMLOS + 6 Outlier per Diem $9,081.00 Add-on payment, and lesser of 100% of billed charges.",126206.41,,,,,,,Case Rate,"Medicare Base Rate times Standard Inpatient Weight. GMLOS + 6 Outlier per Diem $9,081.00 Add-on payment, and lesser of 100% of billed charges. GMLOS + 6 Outlier per Diem $9,081.00 Add-on payment, and lesser of 100% of billed charges.",126206.41,,,,,,,Case Rate,"Medicare Base Rate times Standard Inpatient Weight. GMLOS + 6 Outlier per Diem $9,081.00 Add-on payment, and lesser of 100% of billed charges. GMLOS + 6 Outlier per Diem $9,081.00 Add-on payment, and lesser of 100% of billed charges.",124320,,,,,,,Case Rate,"Medicare Base Rate times Standard Inpatient Weight. GMLOS + 6 Outlier per Diem $9,081.00 Add-on payment, and lesser of 100% of billed charges. GMLOS + 6 Outlier per Diem $9,081.00 Add-on payment, and lesser of 100% of billed charges.",30596.59,,,,,,,Case Rate,"Medicare Base Rate times Standard Inpatient Weight. 100 percent of Medicare DRG. Add-on payment,  . 100 percent of Medicare DRG. Add-on payment,  .",124320,,,,,,,Case Rate,"Medicare Base Rate times Standard Inpatient Weight. GMLOS + 6 Outlier per Diem $9,081.00 Add-on payment, and lesser of 100% of billed charges. GMLOS + 6 Outlier per Diem $9,081.00 Add-on payment, and lesser of 100% of billed charges.",126206.41,,,,,,,Case Rate,"Medicare Base Rate times Standard Inpatient Weight. GMLOS + 6 Outlier per Diem $9,081.00 Add-on payment, and lesser of 100% of billed charges. GMLOS + 6 Outlier per Diem $9,081.00 Add-on payment, and lesser of 100% of billed charges.",79749.22,,,,,,,Case Rate,"Medicare Base Rate times Standard Inpatient Weight. GMLOS + 8 Outlier per Diem $6,968.00. Add-on payment, and lesser of 100% of billed charges. GMLOS + 8 Outlier per Diem $6,968.00. Add-on payment, and lesser of 100% of billed charges.",,,,,,,,," ",,,,,,,,," ",,,,,,,,," ",,,,,,,,," ",,,,,,,,," ",,,,,,,,," ",,,,,,,,," ",,,,,,,,," ",,,,,,,,," ",,,,,,,,," ",,,,,,,,," ",,,,,,,,," ",,,,,,,,," ",,,,,,,,," ",88689.06,,,,,,,Case Rate,"Medicare Base Rate times Standard Inpatient Weight. Outlier (25+) per Diem $7,671.00. Add-on payment, and lesser of 100% of billed charges. Outlier (25+) per Diem $7,671.00. Add-on payment, and lesser of 100% of billed charges.",,,,,,,,," ",30596.59,,,,,,,Case Rate,"Medicare Base Rate times Standard Inpatient Weight. 100 percent of Medicare DRG. Add-on payment,  . 100 percent of Medicare DRG. Add-on payment,  .",98121.14,,,,,,,Case Rate,Medicare Base Rate times Standard Inpatient Weight. Local 1199 High/Low day Outlier Local 1199 High/Low day Outlier,30596.59,,,,,,,Case Rate,"Medicare Base Rate times Standard Inpatient Weight. 100 percent of Medicare DRG. Add-on payment,  . 100 percent of Medicare DRG. Add-on payment,  .",30596.59,,,,,,,Case Rate,"Medicare Base Rate times Standard Inpatient Weight. 100 percent of Medicare DRG. Add-on payment,  . 100 percent of Medicare DRG. Add-on payment,  .",,,,,,,,," ",,,,,,,,," ",,,,,,,,," ",,,,,,,,," ",,,,,,,,," ",77153.49,,,,,,,Case Rate,"Medicare Base Rate times Standard Inpatient Weight. GMLOS + 8 Outlier per Diem $4,623.00. Add-on payment, and lesser of 100% of billed charges. GMLOS + 8 Outlier per Diem $4,623.00. Add-on payment, and lesser of 100% of billed charges.",79749.22,,,,,,,Case Rate,"Medicare Base Rate times Standard Inpatient Weight. GMLOS + 8 Outlier per Diem $6,968.00. Add-on payment, and lesser of 100% of billed charges. GMLOS + 8 Outlier per Diem $6,968.00. Add-on payment, and lesser of 100% of billed charges.",90765.03,,,,,,,Case Rate,"Medicare Base Rate times Standard Inpatient Weight. Add-on payment, and lesser of 100% of billed charges. Add-on payment, and lesser of 100% of billed charges.",88689.06,,,,,,,Case Rate,"Medicare Base Rate times Standard Inpatient Weight. Outlier (25+) per Diem $7,671.00. Add-on payment, and lesser of 100% of billed charges. Outlier (25+) per Diem $7,671.00. Add-on payment, and lesser of 100% of billed charges.",30596.59,,,,,,,Case Rate,"Medicare Base Rate times Standard Inpatient Weight. 100 percent of Medicare DRG. Add-on payment, . 100 percent of Medicare DRG. Add-on payment, .",30596.59,,,,,,,Case Rate,"Medicare Base Rate times Standard Inpatient Weight. 100 percent of Medicare DRG. Add-on payment,  . 100 percent of Medicare DRG. Add-on payment,  .",30596.59,,,,,,,Case Rate,"Medicare Base Rate times Standard Inpatient Weight. 100 percent of Medicare DRG. Add-on payment,  . 100 percent of Medicare DRG. Add-on payment,  .",30596.59,,,,,,,Case Rate,"Medicare Base Rate times Standard Inpatient Weight. 100 percent of Medicare DRG. Add-on payment,  . 100 percent of Medicare DRG. Add-on payment,  .",30596.59,,,,,,,Case Rate,"Medicare Base Rate times Standard Inpatient Weight. 100 percent of Medicare DRG. Add-on payment, . 100 percent of Medicare DRG. Add-on payment, .",30596.59,,,,,,,Case Rate,"Medicare Base Rate times Standard Inpatient Weight. 100 percent of Medicare DRG. Add-on payment,  . 100 percent of Medicare DRG. Add-on payment,  .",,,,,,,,," ",,,,,,,,," ",,,,,,,,," ",126206.41,,,,,,,Case Rate,"Medicare Base Rate times Standard Inpatient Weight. GMLOS + 6 Outlier per Diem $9,081.00 Add-on payment, and lesser of 100% of billed charges. GMLOS + 6 Outlier per Diem $9,081.00 Add-on payment, and lesser of 100% of billed charges.",77153.49,,,,,,,Case Rate,"Medicare Base Rate times Standard Inpatient Weight. GMLOS + 8 Outlier per Diem $4,623.00. Add-on payment, and lesser of 100% of billed charges. GMLOS + 8 Outlier per Diem $4,623.00. Add-on payment, and lesser of 100% of billed charges.",77153.49,,,,,,,Case Rate,"Medicare Base Rate times Standard Inpatient Weight. GMLOS + 8 Outlier per Diem $4,623.00. Add-on payment, and lesser of 100% of billed charges. GMLOS + 8 Outlier per Diem $4,623.00. Add-on payment, and lesser of 100% of billed charges.",77153.49,,,,,,,Case Rate,"Medicare Base Rate times Standard Inpatient Weight. GMLOS + 8 Outlier per Diem $4,623.00. Add-on payment, and lesser of 100% of billed charges. GMLOS + 8 Outlier per Diem $4,623.00. Add-on payment, and lesser of 100% of billed charges.",77153.49,,,,,,,Case Rate,"Medicare Base Rate times Standard Inpatient Weight. GMLOS + 8 Outlier per Diem $4,623.00. Add-on payment, and lesser of 100% of billed charges. GMLOS + 8 Outlier per Diem $4,623.00. Add-on payment, and lesser of 100% of billed charges.",30596.59,,,,,,,Case Rate,"Medicare Base Rate times Standard Inpatient Weight. 100 percent of Medicare DRG. Add-on payment,  . 100 percent of Medicare DRG. Add-on payment,  .",,,,,,,,," ",126206.41,,,,,,,Case Rate,"Medicare Base Rate times Standard Inpatient Weight. GMLOS + 6 Outlier per Diem $9,081.00 Add-on payment, and lesser of 100% of billed charges. GMLOS + 6 Outlier per Diem $9,081.00 Add-on payment, and lesser of 100% of billed charges.",,,,,,,,," ",30596.59,,,,,,,Case Rate,"Medicare Base Rate times Standard Inpatient Weight. 100 percent of Medicare DRG. Add-on payment,  . 100 percent of Medicare DRG. Add-on payment,  .",,,,,,,,," ",30596.59,,,,,,,Case Rate,"Medicare Base Rate times Standard Inpatient Weight. 100 percent of Medicare DRG. Add-on payment,  . 100 percent of Medicare DRG. Add-on payment,  .",30596.59,,,,,,,Case Rate,"Medicare Base Rate times Standard Inpatient Weight. 100 percent of Medicare DRG. Add-on payment,  . 100 percent of Medicare DRG. Add-on payment,  .",,,,,,,,," ",,,,,,,,," ",77153.49,,,,,,,Case Rate,"Medicare Base Rate times Standard Inpatient Weight. GMLOS + 8 Outlier per Diem $4,623.00. Add-on payment, and lesser of 100% of billed charges. GMLOS + 8 Outlier per Diem $4,623.00. Add-on payment, and lesser of 100% of billed charges.",88689.06,,,,,,,Case Rate,"Medicare Base Rate times Standard Inpatient Weight. Outlier (25+) per Diem $7,671.00. Add-on payment, and lesser of 100% of billed charges. Outlier (25+) per Diem $7,671.00. Add-on payment, and lesser of 100% of billed charges.",,73,,,,,0,Percent of total billed charges,73 percent of charges.  ; No services were performed during the 15 month look back period.,116792.68,,,,,,,Case Rate,"Medicare Base Rate times Standard Inpatient Weight. AMLOS + 5 Outlier per Diem $7,362.00. Add-on payment, and lesser of 100% of billed charges. AMLOS + 5 Outlier per Diem $7,362.00. Add-on payment, and lesser of 100% of billed charges.",116792.68,,,,,,,Case Rate,"Medicare Base Rate times Standard Inpatient Weight. AMLOS + 5 Outlier per Diem $7,362.00. Add-on payment, and lesser of 100% of billed charges. AMLOS + 5 Outlier per Diem $7,362.00. Add-on payment, and lesser of 100% of billed charges.",79749.22,,,,,,,Case Rate,"Medicare Base Rate times Standard Inpatient Weight. GMLOS + 8 Outlier per Diem $6,968.00. Add-on payment, and lesser of 100% of billed charges. GMLOS + 8 Outlier per Diem $6,968.00. Add-on payment, and lesser of 100% of billed charges.",28454.83,,,,,,,Case Rate,"Medicare Base Rate times Standard Inpatient Weight. 93 percent of Medicare DRG. Add-on payment, and lesser of 100% of billed charges. 93 percent of Medicare DRG. Add-on payment, and lesser of 100% of billed charges.",90153.55,,,,,,,Case Rate,"Medicare Base Rate times Standard Inpatient Weight. Add-on payment, and lesser of 100% of billed charges. Add-on payment, and lesser of 100% of billed charges.",90153.55,,,,,,,Case Rate,"Medicare Base Rate times Standard Inpatient Weight. Add-on payment, and lesser of 100% of billed charges. Add-on payment, and lesser of 100% of billed charges.",99457.22,,,,,,,Case Rate,"Medicare Base Rate times Standard Inpatient Weight. GMLOS + 6 Outlier per Diem $7,265.00 Add-on payment, and lesser of 100% of billed charges. GMLOS + 6 Outlier per Diem $7,265.00 Add-on payment, and lesser of 100% of billed charges.",126206.41,,,,,,,Case Rate,"Medicare Base Rate times Standard Inpatient Weight. GMLOS + 6 Outlier per Diem $9,081.00 Add-on payment, and lesser of 100% of billed charges. GMLOS + 6 Outlier per Diem $9,081.00 Add-on payment, and lesser of 100% of billed charges.",30596.59,,,,,,,Case Rate,"Medicare Base Rate times Standard Inpatient Weight. 100 percent of Medicare DRG. Add-on payment,  . 100 percent of Medicare DRG. Add-on payment,  .",30596.59,,,,,,,Case Rate,"Medicare Base Rate times Standard Inpatient Weight. 100 percent of Medicare DRG. Add-on payment,  . 100 percent of Medicare DRG. Add-on payment,  .",30596.59,,,,,,,Case Rate,"Medicare Base Rate times Standard Inpatient Weight. 100 percent of Medicare DRG. Add-on payment,  . 100 percent of Medicare DRG. Add-on payment,  .",30596.59,,,,,,,Case Rate,"Medicare Base Rate times Standard Inpatient Weight. 100 percent of Medicare DRG. Add-on payment,  . 100 percent of Medicare DRG. Add-on payment,  .",116792.68,,,,,,,Case Rate,"Medicare Base Rate times Standard Inpatient Weight. AMLOS + 5 Outlier per Diem $7,362.00. Add-on payment, and lesser of 100% of billed charges. AMLOS + 5 Outlier per Diem $7,362.00. Add-on payment, and lesser of 100% of billed charges.",126206.41,,,,,,,Case Rate,"Medicare Base Rate times Standard Inpatient Weight. GMLOS + 6 Outlier per Diem $9,081.00 Add-on payment, and lesser of 100% of billed charges. GMLOS + 6 Outlier per Diem $9,081.00 Add-on payment, and lesser of 100% of billed charges.",126206.41,,,,,,,Case Rate,"Medicare Base Rate times Standard Inpatient Weight. GMLOS + 6 Outlier per Diem $9,081.00 Add-on payment, and lesser of 100% of billed charges. GMLOS + 6 Outlier per Diem $9,081.00 Add-on payment, and lesser of 100% of billed charges.",30596.59,,,,,,,Case Rate,"Medicare Base Rate times Standard Inpatient Weight. 100 percent of Medicare DRG. Add-on payment,  . 100 percent of Medicare DRG. Add-on payment,  .",99457.22,,,,,,,Case Rate,"Medicare Base Rate times Standard Inpatient Weight. GMLOS + 6 Outlier per Diem $7,265.00 Add-on payment, and lesser of 100% of billed charges. GMLOS + 6 Outlier per Diem $7,265.00 Add-on payment, and lesser of 100% of billed charges.",90765.03,,,,,,,Case Rate,"Medicare Base Rate times Standard Inpatient Weight. Add-on payment, and lesser of 100% of billed charges. Add-on payment, and lesser of 100% of billed charges.",,,,,,,,," ",,,,,,,,," ",77153.49,,,,,,,Case Rate,"Medicare Base Rate times Standard Inpatient Weight. GMLOS + 8 Outlier per Diem $4,623.00. Add-on payment, and lesser of 100% of billed charges. GMLOS + 8 Outlier per Diem $4,623.00. Add-on payment, and lesser of 100% of billed charges.",111888.61,,,,,,,Case Rate,"Medicare Base Rate times Standard Inpatient Weight. GMLOS + 6 Outlier per Diem $8,173.00 Add-on payment, and lesser of 100% of billed charges. GMLOS + 6 Outlier per Diem $8,173.00 Add-on payment, and lesser of 100% of billed charges.",126206.41,,,,,,,Case Rate,"Medicare Base Rate times Standard Inpatient Weight. GMLOS + 6 Outlier per Diem $9,081.00 Add-on payment, and lesser of 100% of billed charges. GMLOS + 6 Outlier per Diem $9,081.00 Add-on payment, and lesser of 100% of billed charges.",126206.41,,,,,,,Case Rate,"Medicare Base Rate times Standard Inpatient Weight. GMLOS + 6 Outlier per Diem $9,081.00 Add-on payment, and lesser of 100% of billed charges. GMLOS + 6 Outlier per Diem $9,081.00 Add-on payment, and lesser of 100% of billed charges.",91627.22,,,,,,,Case Rate,"Medicare Base Rate times Standard Inpatient Weight. GMLOS + 6 Outlier per Diem $8,221.00. Add-on payment, and lesser of 100% of billed charges. GMLOS + 6 Outlier per Diem $8,221.00. Add-on payment, and lesser of 100% of billed charges.",30596.59,,,,,,,Case Rate,"Medicare Base Rate times Standard Inpatient Weight. 100 percent of Medicare DRG. Add-on payment, . 100 percent of Medicare DRG. Add-on payment, .",,,,,,,,," ",,,,,,,,," ",,,,,,,,," ",,,,,,,,," ",116792.68,,,,,,,Case Rate,"Medicare Base Rate times Standard Inpatient Weight. AMLOS + 5 Outlier per Diem $7,362.00. Add-on payment, and lesser of 100% of billed charges. AMLOS + 5 Outlier per Diem $7,362.00. Add-on payment, and lesser of 100% of billed charges.",,,,,,,,," ",,,,,,,,," ",,,,,,,,," ",,,,,,,,," ",,,,,,,,," ",,,,,,,,," ",,,,,,,,," ",30596.59,,,,,,,Case Rate,"Medicare Base Rate times Standard Inpatient Weight. 100 percent of Medicare DRG. Add-on payment,  . 100 percent of Medicare DRG. Add-on payment,  .",116792.68,,,,,,,Case Rate,"Medicare Base Rate times Standard Inpatient Weight. AMLOS + 5 Outlier per Diem $7,362.00. Add-on payment, and lesser of 100% of billed charges. AMLOS + 5 Outlier per Diem $7,362.00. Add-on payment, and lesser of 100% of billed charges.",30596.59,,,,,,,Case Rate,"Medicare Base Rate times Standard Inpatient Weight. 100 percent of Medicare DRG. Add-on payment,  . 100 percent of Medicare DRG. Add-on payment,  .",,,,,,,,," ",126206.41,,,,,,,Case Rate,"Medicare Base Rate times Standard Inpatient Weight. GMLOS + 6 Outlier per Diem $9,081.00 Add-on payment, and lesser of 100% of billed charges. GMLOS + 6 Outlier per Diem $9,081.00 Add-on payment, and lesser of 100% of billed charges.",30596.59,,,,,,,Case Rate,"Medicare Base Rate times Standard Inpatient Weight. 100 percent of Medicare DRG. Add-on payment,  . 100 percent of Medicare DRG. Add-on payment,  .",126206.41,,,,,,,Case Rate,"Medicare Base Rate times Standard Inpatient Weight. GMLOS + 6 Outlier per Diem $9,081.00 Add-on payment, and lesser of 100% of billed charges. GMLOS + 6 Outlier per Diem $9,081.00 Add-on payment, and lesser of 100% of billed charges.",126206.41,,,,,,,Case Rate,"Medicare Base Rate times Standard Inpatient Weight. GMLOS + 6 Outlier per Diem $9,081.00 Add-on payment, and lesser of 100% of billed charges. GMLOS + 6 Outlier per Diem $9,081.00 Add-on payment, and lesser of 100% of billed charges.",126206.41,,,,,,,Case Rate,"Medicare Base Rate times Standard Inpatient Weight. GMLOS + 6 Outlier per Diem $9,081.00 Add-on payment, and lesser of 100% of billed charges. GMLOS + 6 Outlier per Diem $9,081.00 Add-on payment, and lesser of 100% of billed charges.",,,,,,,,," ",30596.59,,,,,,,Case Rate,"Medicare Base Rate times Standard Inpatient Weight. 100 percent of Medicare DRG. Add-on payment,  . 100 percent of Medicare DRG. Add-on payment,  .",126206.41,,,,,,,Case Rate,"Medicare Base Rate times Standard Inpatient Weight. GMLOS + 6 Outlier per Diem $9,081.00 Add-on payment, and lesser of 100% of billed charges. GMLOS + 6 Outlier per Diem $9,081.00 Add-on payment, and lesser of 100% of billed charges.",,,,,,,,," ",126206.41,,,,,,,Case Rate,"Medicare Base Rate times Standard Inpatient Weight. GMLOS + 6 Outlier per Diem $9,081.00 Add-on payment, and lesser of 100% of billed charges. GMLOS + 6 Outlier per Diem $9,081.00 Add-on payment, and lesser of 100% of billed charges.",32126.42,,,,,,,Case Rate,"105% of the Diagnostic Related Group fee schedule established by CMS for Medicare in force as of the date of payment.. Delay in Discharge per diem $4,007 Delay in Discharge per diem $4,007",30596.59,,,,,,,Case Rate,"Medicare Base Rate times Standard Inpatient Weight. 100 percent of Medicare DRG. Add-on payment, . 100 percent of Medicare DRG. Add-on payment, .",77153.49,,,,,,,Case Rate,"Medicare Base Rate times Standard Inpatient Weight. GMLOS + 8 Outlier per Diem $4,623.00. Add-on payment, and lesser of 100% of billed charges. GMLOS + 8 Outlier per Diem $4,623.00. Add-on payment, and lesser of 100% of billed charges.",77153.49,,,,,,,Case Rate,"Medicare Base Rate times Standard Inpatient Weight. GMLOS + 8 Outlier per Diem $4,623.00. Add-on payment, and lesser of 100% of billed charges. GMLOS + 8 Outlier per Diem $4,623.00. Add-on payment, and lesser of 100% of billed charges.",77153.49,,,,,,,Case Rate,"Medicare Base Rate times Standard Inpatient Weight. GMLOS + 8 Outlier per Diem $4,623.00. Add-on payment, and lesser of 100% of billed charges. GMLOS + 8 Outlier per Diem $4,623.00. Add-on payment, and lesser of 100% of billed charges.",77153.49,,,,,,,Case Rate,"Medicare Base Rate times Standard Inpatient Weight. GMLOS + 8 Outlier per Diem $4,623.00. Add-on payment, and lesser of 100% of billed charges. GMLOS + 8 Outlier per Diem $4,623.00. Add-on payment, and lesser of 100% of billed charges.",77153.49,,,,,,,Case Rate,"Medicare Base Rate times Standard Inpatient Weight. GMLOS + 8 Outlier per Diem $4,623.00. Add-on payment, and lesser of 100% of billed charges. GMLOS + 8 Outlier per Diem $4,623.00. Add-on payment, and lesser of 100% of billed charges.",90765.03,,,,,,,Case Rate,"Medicare Base Rate times Standard Inpatient Weight. Add-on payment, and lesser of 100% of billed charges. Add-on payment, and lesser of 100% of billed charges.",90765.03,,,,,,,Case Rate,"Medicare Base Rate times Standard Inpatient Weight. Add-on payment, and lesser of 100% of billed charges. Add-on payment, and lesser of 100% of billed charges.",77153.49,,,,,,,Case Rate,"Medicare Base Rate times Standard Inpatient Weight. GMLOS + 8 Outlier per Diem $4,623.00. Add-on payment, and lesser of 100% of billed charges. GMLOS + 8 Outlier per Diem $4,623.00. Add-on payment, and lesser of 100% of billed charges.",77153.49,,,,,,,Case Rate,"Medicare Base Rate times Standard Inpatient Weight. GMLOS + 8 Outlier per Diem $4,623.00. Add-on payment, and lesser of 100% of billed charges. GMLOS + 8 Outlier per Diem $4,623.00. Add-on payment, and lesser of 100% of billed charges.",77153.49,,,,,,,Case Rate,"Medicare Base Rate times Standard Inpatient Weight. GMLOS + 8 Outlier per Diem $4,623.00. Add-on payment, and lesser of 100% of billed charges. GMLOS + 8 Outlier per Diem $4,623.00. Add-on payment, and lesser of 100% of billed charges.",77153.49,,,,,,,Case Rate,"Medicare Base Rate times Standard Inpatient Weight. GMLOS + 8 Outlier per Diem $4,623.00. Add-on payment, and lesser of 100% of billed charges. GMLOS + 8 Outlier per Diem $4,623.00. Add-on payment, and lesser of 100% of billed charges.",77153.49,,,,,,,Case Rate,"Medicare Base Rate times Standard Inpatient Weight. GMLOS + 8 Outlier per Diem $4,623.00. Add-on payment, and lesser of 100% of billed charges. GMLOS + 8 Outlier per Diem $4,623.00. Add-on payment, and lesser of 100% of billed charges.",30596.59,,,,,,,Case Rate,"Medicare Base Rate times Standard Inpatient Weight. 100 percent of Medicare DRG. Add-on payment,  . 100 percent of Medicare DRG. Add-on payment,  .",90765.03,,,,,,,Case Rate,"Medicare Base Rate times Standard Inpatient Weight. Add-on payment, and lesser of 100% of billed charges. Add-on payment, and lesser of 100% of billed charges.",30596.59,,,,,,,Case Rate,"Medicare Base Rate times Standard Inpatient Weight. 100 percent of Medicare DRG. Add-on payment,  . 100 percent of Medicare DRG. Add-on payment,  .",,,,,,,,," ",,,,,,,,," ",116792.68,,,,,,,Case Rate,"Medicare Base Rate times Standard Inpatient Weight. AMLOS + 5 Outlier per Diem $7,362.00. Add-on payment, and lesser of 100% of billed charges. AMLOS + 5 Outlier per Diem $7,362.00. Add-on payment, and lesser of 100% of billed charges.",116792.68,,,,,,,Case Rate,"Medicare Base Rate times Standard Inpatient Weight. AMLOS + 5 Outlier per Diem $7,362.00. Add-on payment, and lesser of 100% of billed charges. AMLOS + 5 Outlier per Diem $7,362.00. Add-on payment, and lesser of 100% of billed charges.",30596.59,,,,,,,Case Rate,"Medicare Base Rate times Standard Inpatient Weight. 100 percent of Medicare DRG. Add-on payment,  . 100 percent of Medicare DRG. Add-on payment,  .",90153.55,,,,,,,Case Rate,"Medicare Base Rate times Standard Inpatient Weight. Add-on payment, and lesser of 100% of billed charges. Add-on payment, and lesser of 100% of billed charges.",30596.59,,,,,,,Case Rate,"Medicare Base Rate times Standard Inpatient Weight. 100 percent of Medicare DRG. Add-on payment,  . 100 percent of Medicare DRG. Add-on payment,  .",30596.59,,,,,,,Case Rate,"Medicare Base Rate times Standard Inpatient Weight. 100 percent of Medicare DRG. Add-on payment,  . 100 percent of Medicare DRG. Add-on payment,  .",79749.22,,,,,,,Case Rate,"Medicare Base Rate times Standard Inpatient Weight. GMLOS + 8 Outlier per Diem $6,968.00. Add-on payment, and lesser of 100% of billed charges. GMLOS + 8 Outlier per Diem $6,968.00. Add-on payment, and lesser of 100% of billed charges.",30596.59,,,,,,,Case Rate,"Medicare Base Rate times Standard Inpatient Weight. 100 percent of Medicare DRG. Add-on payment,  . 100 percent of Medicare DRG. Add-on payment,  .",88689.06,,,,,,,Case Rate,"Medicare Base Rate times Standard Inpatient Weight. Outlier (25+) per Diem $7,671.00. Add-on payment, and lesser of 100% of billed charges. Outlier (25+) per Diem $7,671.00. Add-on payment, and lesser of 100% of billed charges.",30596.59,,,,,,,Case Rate,"Medicare Base Rate times Standard Inpatient Weight. 100 percent of Medicare DRG. Add-on payment,  . 100 percent of Medicare DRG. Add-on payment,  .",88689.06,,,,,,,Case Rate,"Medicare Base Rate times Standard Inpatient Weight. Outlier (25+) per Diem $7,671.00. Add-on payment, and lesser of 100% of billed charges. Outlier (25+) per Diem $7,671.00. Add-on payment, and lesser of 100% of billed charges.",79749.22,,,,,,,Case Rate,"Medicare Base Rate times Standard Inpatient Weight. GMLOS + 8 Outlier per Diem $6,968.00. Add-on payment, and lesser of 100% of billed charges. GMLOS + 8 Outlier per Diem $6,968.00. Add-on payment, and lesser of 100% of billed charges.",88689.06,,,,,,,Case Rate,"Medicare Base Rate times Standard Inpatient Weight. Outlier (25+) per Diem $7,671.00. Add-on payment, and lesser of 100% of billed charges. Outlier (25+) per Diem $7,671.00. Add-on payment, and lesser of 100% of billed charges.",30596.59,,,,,,,Case Rate,"Medicare Base Rate times Standard Inpatient Weight. 100 percent of Medicare DRG. Add-on payment,  . 100 percent of Medicare DRG. Add-on payment,  .",,,,,,,,," ",30596.59,,,,,,,Case Rate,"Medicare Base Rate times Standard Inpatient Weight. 100 percent of Medicare DRG. Add-on payment,  . 100 percent of Medicare DRG. Add-on payment,  .",88689.06,,,,,,,Case Rate,"Medicare Base Rate times Standard Inpatient Weight. Outlier (25+) per Diem $7,671.00. Add-on payment, and lesser of 100% of billed charges. Outlier (25+) per Diem $7,671.00. Add-on payment, and lesser of 100% of billed charges.",116792.68,,,,,,,Case Rate,"Medicare Base Rate times Standard Inpatient Weight. AMLOS + 5 Outlier per Diem $7,362.00. Add-on payment, and lesser of 100% of billed charges. AMLOS + 5 Outlier per Diem $7,362.00. Add-on payment, and lesser of 100% of billed charges.",,,,,,,,," ",126206.41,,,,,,,Case Rate,"Medicare Base Rate times Standard Inpatient Weight. GMLOS + 6 Outlier per Diem $9,081.00 Add-on payment, and lesser of 100% of billed charges. GMLOS + 6 Outlier per Diem $9,081.00 Add-on payment, and lesser of 100% of billed charges.",,,,,,,,," ",,,,,,,,," ",124320,,,,,,,Case Rate,"Medicare Base Rate times Standard Inpatient Weight. GMLOS + 6 Outlier per Diem $9,081.00 Add-on payment, and lesser of 100% of billed charges. GMLOS + 6 Outlier per Diem $9,081.00 Add-on payment, and lesser of 100% of billed charges.",124320,,,,,,,Case Rate,"Medicare Base Rate times Standard Inpatient Weight. GMLOS + 6 Outlier per Diem $9,081.00 Add-on payment, and lesser of 100% of billed charges. GMLOS + 6 Outlier per Diem $9,081.00 Add-on payment, and lesser of 100% of billed charges.",126206.41,,,,,,,Case Rate,"Medicare Base Rate times Standard Inpatient Weight. GMLOS + 6 Outlier per Diem $9,081.00 Add-on payment, and lesser of 100% of billed charges. GMLOS + 6 Outlier per Diem $9,081.00 Add-on payment, and lesser of 100% of billed charges.",116792.68,,,,,,,Case Rate,"Medicare Base Rate times Standard Inpatient Weight. AMLOS + 5 Outlier per Diem $7,362.00. Add-on payment, and lesser of 100% of billed charges. AMLOS + 5 Outlier per Diem $7,362.00. Add-on payment, and lesser of 100% of billed charges.",126206.41,,,,,,,Case Rate,"Medicare Base Rate times Standard Inpatient Weight. GMLOS + 6 Outlier per Diem $9,081.00 Add-on payment, and lesser of 100% of billed charges. GMLOS + 6 Outlier per Diem $9,081.00 Add-on payment, and lesser of 100% of billed charges.",124320,,,,,,,Case Rate,"Medicare Base Rate times Standard Inpatient Weight. GMLOS + 6 Outlier per Diem $9,081.00 Add-on payment, and lesser of 100% of billed charges. GMLOS + 6 Outlier per Diem $9,081.00 Add-on payment, and lesser of 100% of billed charges.",126206.41,,,,,,,Case Rate,"Medicare Base Rate times Standard Inpatient Weight. GMLOS + 6 Outlier per Diem $9,081.00 Add-on payment, and lesser of 100% of billed charges. GMLOS + 6 Outlier per Diem $9,081.00 Add-on payment, and lesser of 100% of billed charges.",77153.49,,,,,,,Case Rate,"Medicare Base Rate times Standard Inpatient Weight. GMLOS + 8 Outlier per Diem $4,623.00. Add-on payment, and lesser of 100% of billed charges. GMLOS + 8 Outlier per Diem $4,623.00. Add-on payment, and lesser of 100% of billed charges.",77153.49,,,,,,,Case Rate,"Medicare Base Rate times Standard Inpatient Weight. GMLOS + 8 Outlier per Diem $4,623.00. Add-on payment, and lesser of 100% of billed charges. GMLOS + 8 Outlier per Diem $4,623.00. Add-on payment, and lesser of 100% of billed charges.",80245.54,,,,,,,Case Rate,. 200 percent of Medicare 200 percent of Medicare,,,,,,,,," ",116792.68,,,,,,,Case Rate,"Medicare Base Rate times Standard Inpatient Weight. AMLOS + 5 Outlier per Diem $7,362.00. Add-on payment, and lesser of 100% of billed charges. AMLOS + 5 Outlier per Diem $7,362.00. Add-on payment, and lesser of 100% of billed charges.",88689.06,,,,,,,Case Rate,"Medicare Base Rate times Standard Inpatient Weight. Outlier (25+) per Diem $7,671.00. Add-on payment, and lesser of 100% of billed charges. Outlier (25+) per Diem $7,671.00. Add-on payment, and lesser of 100% of billed charges.",79749.22,,,,,,,Case Rate,"Medicare Base Rate times Standard Inpatient Weight. GMLOS + 8 Outlier per Diem $6,968.00. Add-on payment, and lesser of 100% of billed charges. GMLOS + 8 Outlier per Diem $6,968.00. Add-on payment, and lesser of 100% of billed charges.",116792.68,,,,,,,Case Rate,"Medicare Base Rate times Standard Inpatient Weight. AMLOS + 5 Outlier per Diem $7,362.00. Add-on payment, and lesser of 100% of billed charges. AMLOS + 5 Outlier per Diem $7,362.00. Add-on payment, and lesser of 100% of billed charges.",79749.22,,,,,,,Case Rate,"Medicare Base Rate times Standard Inpatient Weight. GMLOS + 8 Outlier per Diem $6,968.00. Add-on payment, and lesser of 100% of billed charges. GMLOS + 8 Outlier per Diem $6,968.00. Add-on payment, and lesser of 100% of billed charges.",116792.68,,,,,,,Case Rate,"Medicare Base Rate times Standard Inpatient Weight. AMLOS + 5 Outlier per Diem $7,362.00. Add-on payment, and lesser of 100% of billed charges. AMLOS + 5 Outlier per Diem $7,362.00. Add-on payment, and lesser of 100% of billed charges.",126206.41,,,,,,,Case Rate,"Medicare Base Rate times Standard Inpatient Weight. GMLOS + 6 Outlier per Diem $9,081.00 Add-on payment, and lesser of 100% of billed charges. GMLOS + 6 Outlier per Diem $9,081.00 Add-on payment, and lesser of 100% of billed charges.",124320,,,,,,,Case Rate,"Medicare Base Rate times Standard Inpatient Weight. GMLOS + 6 Outlier per Diem $9,081.00 Add-on payment, and lesser of 100% of billed charges. GMLOS + 6 Outlier per Diem $9,081.00 Add-on payment, and lesser of 100% of billed charges.",124320,,,,,,,Case Rate,"Medicare Base Rate times Standard Inpatient Weight. GMLOS + 6 Outlier per Diem $9,081.00 Add-on payment, and lesser of 100% of billed charges. GMLOS + 6 Outlier per Diem $9,081.00 Add-on payment, and lesser of 100% of billed charges.",126206.41,,,,,,,Case Rate,"Medicare Base Rate times Standard Inpatient Weight. GMLOS + 6 Outlier per Diem $9,081.00 Add-on payment, and lesser of 100% of billed charges. GMLOS + 6 Outlier per Diem $9,081.00 Add-on payment, and lesser of 100% of billed charges.",30596.59,,,,,,,Case Rate,"Medicare Base Rate times Standard Inpatient Weight. 100 percent of Medicare DRG. Add-on payment,  . 100 percent of Medicare DRG. Add-on payment,  .",26946.27,139179,
MS292,DRG,,,,,MS-DRG 292 HEART FAILURE AND SHOCK WITH CC,,,Inpatient,,,,27246.96,,,,,,,Case Rate,Medicare Base Rate times Standard Inpatient Weight. Local 1199 High/Low day Outlier Local 1199 High/Low day Outlier,27246.96,,,,,,,Case Rate,Medicare Base Rate times Standard Inpatient Weight. Local 1199 High/Low day Outlier Local 1199 High/Low day Outlier,22145.32,,,,,,,Case Rate,"Medicare Base Rate times Standard Inpatient Weight. GMLOS + 8 Outlier per Diem $6,968.00. Add-on payment, and lesser of 100% of billed charges. GMLOS + 8 Outlier per Diem $6,968.00. Add-on payment, and lesser of 100% of billed charges.",,100,,,,,0,Percent of total billed charges,100 percent of charges.  ; No services were performed during the 15 month look back period.,8893.41,,,,,,,Case Rate,"Medicare Base Rate times Standard Inpatient Weight. 100 percent of Medicare DRG. Add-on payment,  . 100 percent of Medicare DRG. Add-on payment,  .",22145.32,,,,,,,Case Rate,"Medicare Base Rate times Standard Inpatient Weight. GMLOS + 8 Outlier per Diem $6,968.00. Add-on payment, and lesser of 100% of billed charges. GMLOS + 8 Outlier per Diem $6,968.00. Add-on payment, and lesser of 100% of billed charges.",22145.32,,,,,,,Case Rate,"Medicare Base Rate times Standard Inpatient Weight. GMLOS + 8 Outlier per Diem $6,968.00. Add-on payment, and lesser of 100% of billed charges. GMLOS + 8 Outlier per Diem $6,968.00. Add-on payment, and lesser of 100% of billed charges.",22145.32,,,,,,,Case Rate,"Medicare Base Rate times Standard Inpatient Weight. GMLOS + 8 Outlier per Diem $6,968.00. Add-on payment, and lesser of 100% of billed charges. GMLOS + 8 Outlier per Diem $6,968.00. Add-on payment, and lesser of 100% of billed charges.",,,,,,,,," ",,,,,,,,," ",,73,,,,,0,Percent of total billed charges,73 percent of charges.  ; No services were performed during the 15 month look back period.,32431.8,,,,,,,Case Rate,"Medicare Base Rate times Standard Inpatient Weight. AMLOS + 5 Outlier per Diem $7,362.00. Add-on payment, and lesser of 100% of billed charges. AMLOS + 5 Outlier per Diem $7,362.00. Add-on payment, and lesser of 100% of billed charges.",,,,,,,,," ",8893.41,,,,,,,Case Rate,"Medicare Base Rate times Standard Inpatient Weight. 100 percent of Medicare DRG. Add-on payment,  . 100 percent of Medicare DRG. Add-on payment,  .",24627.79,,,,,,,Case Rate,"Medicare Base Rate times Standard Inpatient Weight. Outlier (25+) per Diem $7,671.00. Add-on payment, and lesser of 100% of billed charges. Outlier (25+) per Diem $7,671.00. Add-on payment, and lesser of 100% of billed charges.",24627.79,,,,,,,Case Rate,"Medicare Base Rate times Standard Inpatient Weight. Outlier (25+) per Diem $7,671.00. Add-on payment, and lesser of 100% of billed charges. Outlier (25+) per Diem $7,671.00. Add-on payment, and lesser of 100% of billed charges.",24627.79,,,,,,,Case Rate,"Medicare Base Rate times Standard Inpatient Weight. Outlier (25+) per Diem $7,671.00. Add-on payment, and lesser of 100% of billed charges. Outlier (25+) per Diem $7,671.00. Add-on payment, and lesser of 100% of billed charges.",24627.79,,,,,,,Case Rate,"Medicare Base Rate times Standard Inpatient Weight. Outlier (25+) per Diem $7,671.00. Add-on payment, and lesser of 100% of billed charges. Outlier (25+) per Diem $7,671.00. Add-on payment, and lesser of 100% of billed charges.",,,,,,,,," ",8893.41,,,,,,,Case Rate,"Medicare Base Rate times Standard Inpatient Weight. 100 percent of Medicare DRG. Add-on payment,  . 100 percent of Medicare DRG. Add-on payment,  .",,,,,,,,," ",,73,,,,,0,Percent of total billed charges,73 percent of charges.  ; No services were performed during the 15 month look back period.,22145.32,,,,,,,Case Rate,"Medicare Base Rate times Standard Inpatient Weight. GMLOS + 8 Outlier per Diem $6,968.00. Add-on payment, and lesser of 100% of billed charges. GMLOS + 8 Outlier per Diem $6,968.00. Add-on payment, and lesser of 100% of billed charges.",8893.41,,,,,,,Case Rate,"Medicare Base Rate times Standard Inpatient Weight. 100 percent of Medicare DRG. Add-on payment, and lesser of 100% of billed charges. 100 percent of Medicare DRG. Add-on payment, and lesser of 100% of billed charges.",25204.26,,,,,,,Case Rate,"Medicare Base Rate times Standard Inpatient Weight. Add-on payment, and lesser of 100% of billed charges. Add-on payment, and lesser of 100% of billed charges.",8893.41,,,,,,,Case Rate,"Medicare Base Rate times Standard Inpatient Weight. 100 percent of Medicare DRG. Add-on payment, and lesser of 100% of billed charges. 100 percent of Medicare DRG. Add-on payment, and lesser of 100% of billed charges.",8893.41,,,,,,,Case Rate,"Medicare Base Rate times Standard Inpatient Weight. 100 percent of Medicare DRG. Add-on payment, and lesser of 100% of billed charges. 100 percent of Medicare DRG. Add-on payment, and lesser of 100% of billed charges.",,73,,,,,0,Percent of total billed charges,73 percent of charges.  ; No services were performed during the 15 month look back period.,,,,,,,,," ",,,,,,,,," ",,,,,,,,," ",,,,,,,,," ",25204.26,,,,,,,Case Rate,"Medicare Base Rate times Standard Inpatient Weight. Add-on payment, and lesser of 100% of billed charges. Add-on payment, and lesser of 100% of billed charges.",25204.26,,,,,,,Case Rate,"Medicare Base Rate times Standard Inpatient Weight. Add-on payment, and lesser of 100% of billed charges. Add-on payment, and lesser of 100% of billed charges.",,,,,,,,," ",25204.26,,,,,,,Case Rate,"Medicare Base Rate times Standard Inpatient Weight. Add-on payment, and lesser of 100% of billed charges. Add-on payment, and lesser of 100% of billed charges.",,,,,,,,," ",8893.41,,,,,,,Case Rate,"Medicare Base Rate times Standard Inpatient Weight. 100 percent of Medicare DRG. Add-on payment, . 100 percent of Medicare DRG. Add-on payment, .",25204.26,,,,,,,Case Rate,"Medicare Base Rate times Standard Inpatient Weight. Add-on payment, and lesser of 100% of billed charges. Add-on payment, and lesser of 100% of billed charges.",,73,,,,,0,Percent of total billed charges,73 percent of charges.  ; No services were performed during the 15 month look back period.,,,,,,,,," ",,,,,,,,," ",,73,,,,,0,Percent of total billed charges,73 percent of charges.  ; No services were performed during the 15 month look back period.,24627.79,,,,,,,Case Rate,"Medicare Base Rate times Standard Inpatient Weight. Outlier (25+) per Diem $7,671.00. Add-on payment, and lesser of 100% of billed charges. Outlier (25+) per Diem $7,671.00. Add-on payment, and lesser of 100% of billed charges.",23592.01,,,,,,,Case Rate,"Medicare Base Rate times Standard Inpatient Weight. AMLOS + 5 Outlier per Diem $7,167.00. Add-on payment, and lesser of 100% of billed charges. AMLOS + 5 Outlier per Diem $7,167.00. Add-on payment, and lesser of 100% of billed charges.",23592.01,,,,,,,Case Rate,"Medicare Base Rate times Standard Inpatient Weight. AMLOS + 5 Outlier per Diem $7,167.00. Add-on payment, and lesser of 100% of billed charges. AMLOS + 5 Outlier per Diem $7,167.00. Add-on payment, and lesser of 100% of billed charges.",,73,,,,,0,Percent of total billed charges,73 percent of charges.  ; No services were performed during the 15 month look back period.,8893.41,,,,,,,Case Rate,"Medicare Base Rate times Standard Inpatient Weight. 100 percent of Medicare DRG. Add-on payment,  . 100 percent of Medicare DRG. Add-on payment,  .",32431.8,,,,,,,Case Rate,"Medicare Base Rate times Standard Inpatient Weight. AMLOS + 5 Outlier per Diem $7,362.00. Add-on payment, and lesser of 100% of billed charges. AMLOS + 5 Outlier per Diem $7,362.00. Add-on payment, and lesser of 100% of billed charges.",32431.8,,,,,,,Case Rate,"Medicare Base Rate times Standard Inpatient Weight. AMLOS + 5 Outlier per Diem $7,362.00. Add-on payment, and lesser of 100% of billed charges. AMLOS + 5 Outlier per Diem $7,362.00. Add-on payment, and lesser of 100% of billed charges.",32431.8,,,,,,,Case Rate,"Medicare Base Rate times Standard Inpatient Weight. AMLOS + 5 Outlier per Diem $7,362.00. Add-on payment, and lesser of 100% of billed charges. AMLOS + 5 Outlier per Diem $7,362.00. Add-on payment, and lesser of 100% of billed charges.",8893.41,,,,,,,Case Rate,"Medicare Base Rate times Standard Inpatient Weight. 100 percent of Medicare DRG. Add-on payment,  . 100 percent of Medicare DRG. Add-on payment,  .",32431.8,,,,,,,Case Rate,"Medicare Base Rate times Standard Inpatient Weight. AMLOS + 5 Outlier per Diem $7,362.00. Add-on payment, and lesser of 100% of billed charges. AMLOS + 5 Outlier per Diem $7,362.00. Add-on payment, and lesser of 100% of billed charges.",32431.8,,,,,,,Case Rate,"Medicare Base Rate times Standard Inpatient Weight. AMLOS + 5 Outlier per Diem $7,362.00. Add-on payment, and lesser of 100% of billed charges. AMLOS + 5 Outlier per Diem $7,362.00. Add-on payment, and lesser of 100% of billed charges.",8893.41,,,,,,,Case Rate,"Medicare Base Rate times Standard Inpatient Weight. 100 percent of Medicare DRG. Add-on payment, and lesser of 100% of billed charges. 100 percent of Medicare DRG. Add-on payment, and lesser of 100% of billed charges.",36927.25,,,,,,,Case Rate,"Medicare Base Rate times Standard Inpatient Weight. GMLOS + 6 Outlier per Diem $11,932.00. Add-on payment, and lesser of 100% of billed charges. GMLOS + 6 Outlier per Diem $11,932.00. Add-on payment, and lesser of 100% of billed charges.",35045.87,,,,,,,Case Rate,"Medicare Base Rate times Standard Inpatient Weight. GMLOS + 6 Outlier per Diem $9,081.00 Add-on payment, and lesser of 100% of billed charges. GMLOS + 6 Outlier per Diem $9,081.00 Add-on payment, and lesser of 100% of billed charges.",35045.87,,,,,,,Case Rate,"Medicare Base Rate times Standard Inpatient Weight. GMLOS + 6 Outlier per Diem $9,081.00 Add-on payment, and lesser of 100% of billed charges. GMLOS + 6 Outlier per Diem $9,081.00 Add-on payment, and lesser of 100% of billed charges.",34522.04,,,,,,,Case Rate,"Medicare Base Rate times Standard Inpatient Weight. GMLOS + 6 Outlier per Diem $9,081.00 Add-on payment, and lesser of 100% of billed charges. GMLOS + 6 Outlier per Diem $9,081.00 Add-on payment, and lesser of 100% of billed charges.",38648.18,,,,,,,Case Rate,"Medicare Base Rate times Standard Inpatient Weight. GMLOS + 6 Outlier per Diem $9,081.00 Add-on payment, and lesser of 100% of billed charges. GMLOS + 6 Outlier per Diem $9,081.00 Add-on payment, and lesser of 100% of billed charges.",34522.04,,,,,,,Case Rate,"Medicare Base Rate times Standard Inpatient Weight. GMLOS + 6 Outlier per Diem $9,081.00 Add-on payment, and lesser of 100% of billed charges. GMLOS + 6 Outlier per Diem $9,081.00 Add-on payment, and lesser of 100% of billed charges.",35045.87,,,,,,,Case Rate,"Medicare Base Rate times Standard Inpatient Weight. GMLOS + 6 Outlier per Diem $9,081.00 Add-on payment, and lesser of 100% of billed charges. GMLOS + 6 Outlier per Diem $9,081.00 Add-on payment, and lesser of 100% of billed charges.",8893.41,,,,,,,Case Rate,"Medicare Base Rate times Standard Inpatient Weight. 100 percent of Medicare DRG. Add-on payment,  . 100 percent of Medicare DRG. Add-on payment,  .",8893.41,,,,,,,Case Rate,"Medicare Base Rate times Standard Inpatient Weight. 100 percent of Medicare DRG. Add-on payment,  . 100 percent of Medicare DRG. Add-on payment,  .",38648.18,,,,,,,Case Rate,"Medicare Base Rate times Standard Inpatient Weight. GMLOS + 6 Outlier per Diem $9,081.00 Add-on payment, and lesser of 100% of billed charges. GMLOS + 6 Outlier per Diem $9,081.00 Add-on payment, and lesser of 100% of billed charges.",,73,,,,,0,Percent of total billed charges,73 percent of charges.  ; No services were performed during the 15 month look back period.,,73,,,,,0,Percent of total billed charges,73 percent of charges.  ; No services were performed during the 15 month look back period.,,73,,,,,0,Percent of total billed charges,73 percent of charges.  ; No services were performed during the 15 month look back period.,,73,,,,,0,Percent of total billed charges,73 percent of charges.  ; No services were performed during the 15 month look back period.,,73,,,,,0,Percent of total billed charges,73 percent of charges.  ; No services were performed during the 15 month look back period.,,73,,,,,0,Percent of total billed charges,73 percent of charges.  ; No services were performed during the 15 month look back period.,,73,,,,,0,Percent of total billed charges,73 percent of charges.  ; No services were performed during the 15 month look back period.,,73,,,,,0,Percent of total billed charges,73 percent of charges.  ; No services were performed during the 15 month look back period.,,73,,,,,0,Percent of total billed charges,73 percent of charges.  ; No services were performed during the 15 month look back period.,,73,,,,,0,Percent of total billed charges,73 percent of charges.  ; No services were performed during the 15 month look back period.,,73,,,,,0,Percent of total billed charges,73 percent of charges.  ; No services were performed during the 15 month look back period.,,73,,,,,0,Percent of total billed charges,73 percent of charges.  ; No services were performed during the 15 month look back period.,,73,,,,,0,Percent of total billed charges,73 percent of charges.  ; No services were performed during the 15 month look back period.,,73,,,,,0,Percent of total billed charges,73 percent of charges.  ; No services were performed during the 15 month look back period.,,73,,,,,0,Percent of total billed charges,73 percent of charges.  ; No services were performed during the 15 month look back period.,,73,,,,,0,Percent of total billed charges,73 percent of charges.  ; No services were performed during the 15 month look back period.,,73,,,,,0,Percent of total billed charges,73 percent of charges.  ; No services were performed during the 15 month look back period.,,73,,,,,0,Percent of total billed charges,73 percent of charges.  ; No services were performed during the 15 month look back period.,,73,,,,,0,Percent of total billed charges,73 percent of charges.  ; No services were performed during the 15 month look back period.,,73,,,,,0,Percent of total billed charges,73 percent of charges.  ; No services were performed during the 15 month look back period.,,73,,,,,0,Percent of total billed charges,73 percent of charges.  ; No services were performed during the 15 month look back period.,,73,,,,,0,Percent of total billed charges,73 percent of charges.  ; No services were performed during the 15 month look back period.,,73,,,,,0,Percent of total billed charges,73 percent of charges.  ; No services were performed during the 15 month look back period.,,73,,,,,0,Percent of total billed charges,73 percent of charges.  ; No services were performed during the 15 month look back period.,,73,,,,,0,Percent of total billed charges,73 percent of charges.  ; No services were performed during the 15 month look back period.,,73,,,,,0,Percent of total billed charges,73 percent of charges.  ; No services were performed during the 15 month look back period.,25204.26,,,,,,,Case Rate,"Medicare Base Rate times Standard Inpatient Weight. Add-on payment, and lesser of 100% of billed charges. Add-on payment, and lesser of 100% of billed charges.",25204.26,,,,,,,Case Rate,"Medicare Base Rate times Standard Inpatient Weight. Add-on payment, and lesser of 100% of billed charges. Add-on payment, and lesser of 100% of billed charges.",25204.26,,,,,,,Case Rate,"Medicare Base Rate times Standard Inpatient Weight. Add-on payment, and lesser of 100% of billed charges. Add-on payment, and lesser of 100% of billed charges.",25204.26,,,,,,,Case Rate,"Medicare Base Rate times Standard Inpatient Weight. Add-on payment, and lesser of 100% of billed charges. Add-on payment, and lesser of 100% of billed charges.",25034.46,,,,,,,Case Rate,"Medicare Base Rate times Standard Inpatient Weight. Add-on payment, and lesser of 100% of billed charges. Add-on payment, and lesser of 100% of billed charges.",25034.46,,,,,,,Case Rate,"Medicare Base Rate times Standard Inpatient Weight. Add-on payment, and lesser of 100% of billed charges. Add-on payment, and lesser of 100% of billed charges.",24627.79,,,,,,,Case Rate,"Medicare Base Rate times Standard Inpatient Weight. Outlier (25+) per Diem $7,671.00. Add-on payment, and lesser of 100% of billed charges. Outlier (25+) per Diem $7,671.00. Add-on payment, and lesser of 100% of billed charges.",35045.87,,,,,,,Case Rate,"Medicare Base Rate times Standard Inpatient Weight. GMLOS + 6 Outlier per Diem $9,081.00 Add-on payment, and lesser of 100% of billed charges. GMLOS + 6 Outlier per Diem $9,081.00 Add-on payment, and lesser of 100% of billed charges.",32431.8,,,,,,,Case Rate,"Medicare Base Rate times Standard Inpatient Weight. AMLOS + 5 Outlier per Diem $7,362.00. Add-on payment, and lesser of 100% of billed charges. AMLOS + 5 Outlier per Diem $7,362.00. Add-on payment, and lesser of 100% of billed charges.",34522.04,,,,,,,Case Rate,"Medicare Base Rate times Standard Inpatient Weight. GMLOS + 6 Outlier per Diem $9,081.00 Add-on payment, and lesser of 100% of billed charges. GMLOS + 6 Outlier per Diem $9,081.00 Add-on payment, and lesser of 100% of billed charges.",,73,,,,,0,Percent of total billed charges,73 percent of charges.  ; No services were performed during the 15 month look back period.,25034.46,,,,,,,Case Rate,"Medicare Base Rate times Standard Inpatient Weight. Add-on payment, and lesser of 100% of billed charges. Add-on payment, and lesser of 100% of billed charges.",35045.87,,,,,,,Case Rate,"Medicare Base Rate times Standard Inpatient Weight. GMLOS + 6 Outlier per Diem $9,081.00 Add-on payment, and lesser of 100% of billed charges. GMLOS + 6 Outlier per Diem $9,081.00 Add-on payment, and lesser of 100% of billed charges.",32431.8,,,,,,,Case Rate,"Medicare Base Rate times Standard Inpatient Weight. AMLOS + 5 Outlier per Diem $7,362.00. Add-on payment, and lesser of 100% of billed charges. AMLOS + 5 Outlier per Diem $7,362.00. Add-on payment, and lesser of 100% of billed charges.",24627.79,,,,,,,Case Rate,"Medicare Base Rate times Standard Inpatient Weight. Outlier (25+) per Diem $7,671.00. Add-on payment, and lesser of 100% of billed charges. Outlier (25+) per Diem $7,671.00. Add-on payment, and lesser of 100% of billed charges.",,,,,,,,," ",,73,,,,,0,Percent of total billed charges,73 percent of charges.  ; No services were performed during the 15 month look back period.,,,,,,,,," ",25204.26,,,,,,,Case Rate,"Medicare Base Rate times Standard Inpatient Weight. Add-on payment, and lesser of 100% of billed charges. Add-on payment, and lesser of 100% of billed charges.",,,,,,,,," ",8893.41,,,,,,,Case Rate,"Medicare Base Rate times Standard Inpatient Weight. 100 percent of Medicare DRG. Add-on payment, . 100 percent of Medicare DRG. Add-on payment, .",8893.41,,,,,,,Case Rate,"Medicare Base Rate times Standard Inpatient Weight. 100 percent of Medicare DRG. Add-on payment,  . 100 percent of Medicare DRG. Add-on payment,  .",36927.25,,,,,,,Case Rate,"Medicare Base Rate times Standard Inpatient Weight. GMLOS + 6 Outlier per Diem $11,932.00. Add-on payment, and lesser of 100% of billed charges. GMLOS + 6 Outlier per Diem $11,932.00. Add-on payment, and lesser of 100% of billed charges.",8893.41,,,,,,,Case Rate,"Medicare Base Rate times Standard Inpatient Weight. 100 percent of Medicare DRG. Add-on payment,  . 100 percent of Medicare DRG. Add-on payment,  .",8893.41,,,,,,,Case Rate,"Medicare Base Rate times Standard Inpatient Weight. 100 percent of Medicare DRG. Add-on payment,  . 100 percent of Medicare DRG. Add-on payment,  .",,,,,,,,," ",8893.41,,,,,,,Case Rate,"Medicare Base Rate times Standard Inpatient Weight. 100 percent of Medicare DRG. Add-on payment,  . 100 percent of Medicare DRG. Add-on payment,  .",8893.41,,,,,,,Case Rate,"Medicare Base Rate times Standard Inpatient Weight. 100 percent of Medicare DRG. Add-on payment,  . 100 percent of Medicare DRG. Add-on payment,  .",22145.32,,,,,,,Case Rate,"Medicare Base Rate times Standard Inpatient Weight. GMLOS + 8 Outlier per Diem $6,968.00. Add-on payment, and lesser of 100% of billed charges. GMLOS + 8 Outlier per Diem $6,968.00. Add-on payment, and lesser of 100% of billed charges.",22145.32,,,,,,,Case Rate,"Medicare Base Rate times Standard Inpatient Weight. GMLOS + 8 Outlier per Diem $6,968.00. Add-on payment, and lesser of 100% of billed charges. GMLOS + 8 Outlier per Diem $6,968.00. Add-on payment, and lesser of 100% of billed charges.",8893.41,,,,,,,Case Rate,"Medicare Base Rate times Standard Inpatient Weight. 100 percent of Medicare DRG. Add-on payment,  . 100 percent of Medicare DRG. Add-on payment,  .",24627.79,,,,,,,Case Rate,"Medicare Base Rate times Standard Inpatient Weight. Outlier (25+) per Diem $7,671.00. Add-on payment, and lesser of 100% of billed charges. Outlier (25+) per Diem $7,671.00. Add-on payment, and lesser of 100% of billed charges.",32431.8,,,,,,,Case Rate,"Medicare Base Rate times Standard Inpatient Weight. AMLOS + 5 Outlier per Diem $7,362.00. Add-on payment, and lesser of 100% of billed charges. AMLOS + 5 Outlier per Diem $7,362.00. Add-on payment, and lesser of 100% of billed charges.",32431.8,,,,,,,Case Rate,"Medicare Base Rate times Standard Inpatient Weight. AMLOS + 5 Outlier per Diem $7,362.00. Add-on payment, and lesser of 100% of billed charges. AMLOS + 5 Outlier per Diem $7,362.00. Add-on payment, and lesser of 100% of billed charges.",8893.41,,,,,,,Case Rate,"Medicare Base Rate times Standard Inpatient Weight. 100 percent of Medicare DRG. Add-on payment,  . 100 percent of Medicare DRG. Add-on payment,  .",24627.79,,,,,,,Case Rate,"Medicare Base Rate times Standard Inpatient Weight. Outlier (25+) per Diem $7,671.00. Add-on payment, and lesser of 100% of billed charges. Outlier (25+) per Diem $7,671.00. Add-on payment, and lesser of 100% of billed charges.",22145.32,,,,,,,Case Rate,"Medicare Base Rate times Standard Inpatient Weight. GMLOS + 8 Outlier per Diem $6,968.00. Add-on payment, and lesser of 100% of billed charges. GMLOS + 8 Outlier per Diem $6,968.00. Add-on payment, and lesser of 100% of billed charges.",22145.32,,,,,,,Case Rate,"Medicare Base Rate times Standard Inpatient Weight. GMLOS + 8 Outlier per Diem $6,968.00. Add-on payment, and lesser of 100% of billed charges. GMLOS + 8 Outlier per Diem $6,968.00. Add-on payment, and lesser of 100% of billed charges.",22145.32,,,,,,,Case Rate,"Medicare Base Rate times Standard Inpatient Weight. GMLOS + 8 Outlier per Diem $6,968.00. Add-on payment, and lesser of 100% of billed charges. GMLOS + 8 Outlier per Diem $6,968.00. Add-on payment, and lesser of 100% of billed charges.",,73,,,,,0,Percent of total billed charges,73 percent of charges.  ; No services were performed during the 15 month look back period.,,73,,,,,0,Percent of total billed charges,73 percent of charges.  ; No services were performed during the 15 month look back period.,,73,,,,,0,Percent of total billed charges,73 percent of charges.  ; No services were performed during the 15 month look back period.,,73,,,,,0,Percent of total billed charges,73 percent of charges.  ; No services were performed during the 15 month look back period.,,73,,,,,0,Percent of total billed charges,73 percent of charges.  ; No services were performed during the 15 month look back period.,,73,,,,,0,Percent of total billed charges,73 percent of charges.  ; No services were performed during the 15 month look back period.,,73,,,,,0,Percent of total billed charges,73 percent of charges.  ; No services were performed during the 15 month look back period.,,73,,,,,0,Percent of total billed charges,73 percent of charges.  ; No services were performed during the 15 month look back period.,,73,,,,,0,Percent of total billed charges,73 percent of charges.  ; No services were performed during the 15 month look back period.,,73,,,,,0,Percent of total billed charges,73 percent of charges.  ; No services were performed during the 15 month look back period.,,73,,,,,0,Percent of total billed charges,73 percent of charges.  ; No services were performed during the 15 month look back period.,25034.46,,,,,,,Case Rate,"Medicare Base Rate times Standard Inpatient Weight. Add-on payment, and lesser of 100% of billed charges. Add-on payment, and lesser of 100% of billed charges.",35045.87,,,,,,,Case Rate,"Medicare Base Rate times Standard Inpatient Weight. GMLOS + 6 Outlier per Diem $9,081.00 Add-on payment, and lesser of 100% of billed charges. GMLOS + 6 Outlier per Diem $9,081.00 Add-on payment, and lesser of 100% of billed charges.",24627.79,,,,,,,Case Rate,"Medicare Base Rate times Standard Inpatient Weight. Outlier (25+) per Diem $7,671.00. Add-on payment, and lesser of 100% of billed charges. Outlier (25+) per Diem $7,671.00. Add-on payment, and lesser of 100% of billed charges.",8893.41,,,,,,,Case Rate,"Medicare Base Rate times Standard Inpatient Weight. 100 percent of Medicare DRG. Add-on payment,  . 100 percent of Medicare DRG. Add-on payment,  .",22145.32,,,,,,,Case Rate,"Medicare Base Rate times Standard Inpatient Weight. GMLOS + 8 Outlier per Diem $6,968.00. Add-on payment, and lesser of 100% of billed charges. GMLOS + 8 Outlier per Diem $6,968.00. Add-on payment, and lesser of 100% of billed charges.",24627.79,,,,,,,Case Rate,"Medicare Base Rate times Standard Inpatient Weight. Outlier (25+) per Diem $7,671.00. Add-on payment, and lesser of 100% of billed charges. Outlier (25+) per Diem $7,671.00. Add-on payment, and lesser of 100% of billed charges.",24627.79,,,,,,,Case Rate,"Medicare Base Rate times Standard Inpatient Weight. Outlier (25+) per Diem $7,671.00. Add-on payment, and lesser of 100% of billed charges. Outlier (25+) per Diem $7,671.00. Add-on payment, and lesser of 100% of billed charges.",,73,,,,,0,Percent of total billed charges,73 percent of charges.  ; No services were performed during the 15 month look back period.,,,,,,,,," ",24627.79,,,,,,,Case Rate,"Medicare Base Rate times Standard Inpatient Weight. Outlier (25+) per Diem $7,671.00. Add-on payment, and lesser of 100% of billed charges. Outlier (25+) per Diem $7,671.00. Add-on payment, and lesser of 100% of billed charges.",,,,,,,,," ",8893.41,,,,,,,Case Rate,"Medicare Base Rate times Standard Inpatient Weight. 100 percent of Medicare DRG. Add-on payment,  . 100 percent of Medicare DRG. Add-on payment,  .",8893.41,,,,,,,Case Rate,"Medicare Base Rate times Standard Inpatient Weight. 100 percent of Medicare DRG. Add-on payment,  . 100 percent of Medicare DRG. Add-on payment,  .",8893.41,,,,,,,Case Rate,"Medicare Base Rate times Standard Inpatient Weight. 100 percent of Medicare DRG. Add-on payment,  . 100 percent of Medicare DRG. Add-on payment,  .",8893.41,,,,,,,Case Rate,"Medicare Base Rate times Standard Inpatient Weight. 100 percent of Medicare DRG. Add-on payment,  . 100 percent of Medicare DRG. Add-on payment,  .",8893.41,,,,,,,Case Rate,"Medicare Base Rate times Standard Inpatient Weight. 100 percent of Medicare DRG. Add-on payment,  . 100 percent of Medicare DRG. Add-on payment,  .",8893.41,,,,,,,Case Rate,"Medicare Base Rate times Standard Inpatient Weight. 100 percent of Medicare DRG. Add-on payment,  . 100 percent of Medicare DRG. Add-on payment,  .",24627.79,,,,,,,Case Rate,"Medicare Base Rate times Standard Inpatient Weight. Outlier (25+) per Diem $7,671.00. Add-on payment, and lesser of 100% of billed charges. Outlier (25+) per Diem $7,671.00. Add-on payment, and lesser of 100% of billed charges.",36927.25,,,,,,,Case Rate,"Medicare Base Rate times Standard Inpatient Weight. GMLOS + 6 Outlier per Diem $11,932.00. Add-on payment, and lesser of 100% of billed charges. GMLOS + 6 Outlier per Diem $11,932.00. Add-on payment, and lesser of 100% of billed charges.",,,,,,,,," ",,,,,,,,," ",,,,,,,,," ",,,,,,,,," ",,,,,,,,," ",,,,,,,,," ",36927.25,,,,,,,Case Rate,"Medicare Base Rate times Standard Inpatient Weight. GMLOS + 6 Outlier per Diem $11,932.00. Add-on payment, and lesser of 100% of billed charges. GMLOS + 6 Outlier per Diem $11,932.00. Add-on payment, and lesser of 100% of billed charges.",23077.42,,,,,,,Case Rate,. 200 percent of Medicare 200 percent of Medicare,23077.42,,,,,,,Case Rate,. 200 percent of Medicare 200 percent of Medicare,23077.42,,,,,,,Case Rate,. 200 percent of Medicare 200 percent of Medicare,23077.42,,,,,,,Case Rate,. 200 percent of Medicare 200 percent of Medicare,23077.42,,,,,,,Case Rate,. 200 percent of Medicare 200 percent of Medicare,8893.41,,,,,,,Case Rate,"Medicare Base Rate times Standard Inpatient Weight. 100 percent of Medicare DRG. Add-on payment,  . 100 percent of Medicare DRG. Add-on payment,  .",25034.46,,,,,,,Case Rate,"Medicare Base Rate times Standard Inpatient Weight. Add-on payment, and lesser of 100% of billed charges. Add-on payment, and lesser of 100% of billed charges.",25034.46,,,,,,,Case Rate,"Medicare Base Rate times Standard Inpatient Weight. Add-on payment, and lesser of 100% of billed charges. Add-on payment, and lesser of 100% of billed charges.",25034.46,,,,,,,Case Rate,"Medicare Base Rate times Standard Inpatient Weight. Add-on payment, and lesser of 100% of billed charges. Add-on payment, and lesser of 100% of billed charges.",25034.46,,,,,,,Case Rate,"Medicare Base Rate times Standard Inpatient Weight. Add-on payment, and lesser of 100% of billed charges. Add-on payment, and lesser of 100% of billed charges.",22145.32,,,,,,,Case Rate,"Medicare Base Rate times Standard Inpatient Weight. GMLOS + 8 Outlier per Diem $6,968.00. Add-on payment, and lesser of 100% of billed charges. GMLOS + 8 Outlier per Diem $6,968.00. Add-on payment, and lesser of 100% of billed charges.",22145.32,,,,,,,Case Rate,"Medicare Base Rate times Standard Inpatient Weight. GMLOS + 8 Outlier per Diem $6,968.00. Add-on payment, and lesser of 100% of billed charges. GMLOS + 8 Outlier per Diem $6,968.00. Add-on payment, and lesser of 100% of billed charges.",22145.32,,,,,,,Case Rate,"Medicare Base Rate times Standard Inpatient Weight. GMLOS + 8 Outlier per Diem $6,968.00. Add-on payment, and lesser of 100% of billed charges. GMLOS + 8 Outlier per Diem $6,968.00. Add-on payment, and lesser of 100% of billed charges.",22145.32,,,,,,,Case Rate,"Medicare Base Rate times Standard Inpatient Weight. GMLOS + 8 Outlier per Diem $6,968.00. Add-on payment, and lesser of 100% of billed charges. GMLOS + 8 Outlier per Diem $6,968.00. Add-on payment, and lesser of 100% of billed charges.",36927.25,,,,,,,Case Rate,"Medicare Base Rate times Standard Inpatient Weight. GMLOS + 6 Outlier per Diem $11,932.00. Add-on payment, and lesser of 100% of billed charges. GMLOS + 6 Outlier per Diem $11,932.00. Add-on payment, and lesser of 100% of billed charges.",36927.25,,,,,,,Case Rate,"Medicare Base Rate times Standard Inpatient Weight. GMLOS + 6 Outlier per Diem $11,932.00. Add-on payment, and lesser of 100% of billed charges. GMLOS + 6 Outlier per Diem $11,932.00. Add-on payment, and lesser of 100% of billed charges.",8893.41,,,,,,,Case Rate,"Medicare Base Rate times Standard Inpatient Weight. 100 percent of Medicare DRG. Add-on payment,  . 100 percent of Medicare DRG. Add-on payment,  .",8893.41,,,,,,,Case Rate,"Medicare Base Rate times Standard Inpatient Weight. 100 percent of Medicare DRG. Add-on payment,  . 100 percent of Medicare DRG. Add-on payment,  .",8893.41,,,,,,,Case Rate,"Medicare Base Rate times Standard Inpatient Weight. 100 percent of Medicare DRG. Add-on payment,  . 100 percent of Medicare DRG. Add-on payment,  .",35045.87,,,,,,,Case Rate,"Medicare Base Rate times Standard Inpatient Weight. GMLOS + 6 Outlier per Diem $9,081.00 Add-on payment, and lesser of 100% of billed charges. GMLOS + 6 Outlier per Diem $9,081.00 Add-on payment, and lesser of 100% of billed charges.",35045.87,,,,,,,Case Rate,"Medicare Base Rate times Standard Inpatient Weight. GMLOS + 6 Outlier per Diem $9,081.00 Add-on payment, and lesser of 100% of billed charges. GMLOS + 6 Outlier per Diem $9,081.00 Add-on payment, and lesser of 100% of billed charges.",35045.87,,,,,,,Case Rate,"Medicare Base Rate times Standard Inpatient Weight. GMLOS + 6 Outlier per Diem $9,081.00 Add-on payment, and lesser of 100% of billed charges. GMLOS + 6 Outlier per Diem $9,081.00 Add-on payment, and lesser of 100% of billed charges.",36927.25,,,,,,,Case Rate,"Medicare Base Rate times Standard Inpatient Weight. GMLOS + 6 Outlier per Diem $11,932.00. Add-on payment, and lesser of 100% of billed charges. GMLOS + 6 Outlier per Diem $11,932.00. Add-on payment, and lesser of 100% of billed charges.",22145.32,,,,,,,Case Rate,"Medicare Base Rate times Standard Inpatient Weight. GMLOS + 8 Outlier per Diem $6,968.00. Add-on payment, and lesser of 100% of billed charges. GMLOS + 8 Outlier per Diem $6,968.00. Add-on payment, and lesser of 100% of billed charges.",8893.41,,,,,,,Case Rate,"Medicare Base Rate times Standard Inpatient Weight. 100 percent of Medicare DRG. Add-on payment,  . 100 percent of Medicare DRG. Add-on payment,  .",34522.04,,,,,,,Case Rate,"Medicare Base Rate times Standard Inpatient Weight. GMLOS + 6 Outlier per Diem $9,081.00 Add-on payment, and lesser of 100% of billed charges. GMLOS + 6 Outlier per Diem $9,081.00 Add-on payment, and lesser of 100% of billed charges.",,,,,,,,," ",9071.28,,,,,,,Case Rate,"Medicare Base Rate times Standard Inpatient Weight. 100 percent of Medicare DRG. Add-on payment, and lesser of 100% of billed charges. 100 percent of Medicare DRG. Add-on payment, and lesser of 100% of billed charges.",9071.28,,,,,,,Case Rate,"Medicare Base Rate times Standard Inpatient Weight. 100 percent of Medicare DRG. Add-on payment, and lesser of 100% of billed charges. 100 percent of Medicare DRG. Add-on payment, and lesser of 100% of billed charges.",9071.28,,,,,,,Case Rate,"Medicare Base Rate times Standard Inpatient Weight. 100 percent of Medicare DRG. Add-on payment, and lesser of 100% of billed charges. 100 percent of Medicare DRG. Add-on payment, and lesser of 100% of billed charges.",,,,,,,,," ",,,,,,,,," ",,,,,,,,," ",,,,,,,,," ",,,,,,,,," ",,,,,,,,," ",9071.28,,,,,,,Case Rate,"Medicare Base Rate times Standard Inpatient Weight. 100 percent of Medicare DRG. Add-on payment, and lesser of 100% of billed charges. 100 percent of Medicare DRG. Add-on payment, and lesser of 100% of billed charges.",,,,,,,,," ",,,,,,,,," ",,,,,,,,," ",,,,,,,,," ",,,,,,,,," ",,,,,,,,," ",,,,,,,,," ",8893.41,,,,,,,Case Rate,"Medicare Base Rate times Standard Inpatient Weight. 100 percent of Medicare DRG. Add-on payment,  . 100 percent of Medicare DRG. Add-on payment,  .",8893.41,,,,,,,Case Rate,"Medicare Base Rate times Standard Inpatient Weight. 100 percent of Medicare DRG. Add-on payment,  . 100 percent of Medicare DRG. Add-on payment,  .",22145.32,,,,,,,Case Rate,"Medicare Base Rate times Standard Inpatient Weight. GMLOS + 8 Outlier per Diem $6,968.00. Add-on payment, and lesser of 100% of billed charges. GMLOS + 8 Outlier per Diem $6,968.00. Add-on payment, and lesser of 100% of billed charges.",8893.41,,,,,,,Case Rate,"Medicare Base Rate times Standard Inpatient Weight. 100 percent of Medicare DRG. Add-on payment,  . 100 percent of Medicare DRG. Add-on payment,  .",,,,,,,,," ",,,,,,,,," ",,,,,,,,," ",,,,,,,,," ",,,,,,,,," ",,,,,,,,," ",,,,,,,,," ",,,,,,,,," ",,,,,,,,," ",,,,,,,,," ",,,,,,,,," ",36927.25,,,,,,,Case Rate,"Medicare Base Rate times Standard Inpatient Weight. GMLOS + 6 Outlier per Diem $11,932.00. Add-on payment, and lesser of 100% of billed charges. GMLOS + 6 Outlier per Diem $11,932.00. Add-on payment, and lesser of 100% of billed charges.",,,,,,,,," ",,,,,,,,," ",,,,,,,,," ",,,,,,,,," ",35045.87,,,,,,,Case Rate,"Medicare Base Rate times Standard Inpatient Weight. GMLOS + 6 Outlier per Diem $9,081.00 Add-on payment, and lesser of 100% of billed charges. GMLOS + 6 Outlier per Diem $9,081.00 Add-on payment, and lesser of 100% of billed charges.",34522.04,,,,,,,Case Rate,"Medicare Base Rate times Standard Inpatient Weight. GMLOS + 6 Outlier per Diem $9,081.00 Add-on payment, and lesser of 100% of billed charges. GMLOS + 6 Outlier per Diem $9,081.00 Add-on payment, and lesser of 100% of billed charges.",8893.41,,,,,,,Case Rate,"Medicare Base Rate times Standard Inpatient Weight. 100 percent of Medicare DRG. Add-on payment,  . 100 percent of Medicare DRG. Add-on payment,  .",34522.04,,,,,,,Case Rate,"Medicare Base Rate times Standard Inpatient Weight. GMLOS + 6 Outlier per Diem $9,081.00 Add-on payment, and lesser of 100% of billed charges. GMLOS + 6 Outlier per Diem $9,081.00 Add-on payment, and lesser of 100% of billed charges.",35045.87,,,,,,,Case Rate,"Medicare Base Rate times Standard Inpatient Weight. GMLOS + 6 Outlier per Diem $9,081.00 Add-on payment, and lesser of 100% of billed charges. GMLOS + 6 Outlier per Diem $9,081.00 Add-on payment, and lesser of 100% of billed charges.",35045.87,,,,,,,Case Rate,"Medicare Base Rate times Standard Inpatient Weight. GMLOS + 6 Outlier per Diem $9,081.00 Add-on payment, and lesser of 100% of billed charges. GMLOS + 6 Outlier per Diem $9,081.00 Add-on payment, and lesser of 100% of billed charges.",34522.04,,,,,,,Case Rate,"Medicare Base Rate times Standard Inpatient Weight. GMLOS + 6 Outlier per Diem $9,081.00 Add-on payment, and lesser of 100% of billed charges. GMLOS + 6 Outlier per Diem $9,081.00 Add-on payment, and lesser of 100% of billed charges.",8893.41,,,,,,,Case Rate,"Medicare Base Rate times Standard Inpatient Weight. 100 percent of Medicare DRG. Add-on payment,  . 100 percent of Medicare DRG. Add-on payment,  .",34522.04,,,,,,,Case Rate,"Medicare Base Rate times Standard Inpatient Weight. GMLOS + 6 Outlier per Diem $9,081.00 Add-on payment, and lesser of 100% of billed charges. GMLOS + 6 Outlier per Diem $9,081.00 Add-on payment, and lesser of 100% of billed charges.",35045.87,,,,,,,Case Rate,"Medicare Base Rate times Standard Inpatient Weight. GMLOS + 6 Outlier per Diem $9,081.00 Add-on payment, and lesser of 100% of billed charges. GMLOS + 6 Outlier per Diem $9,081.00 Add-on payment, and lesser of 100% of billed charges.",22145.32,,,,,,,Case Rate,"Medicare Base Rate times Standard Inpatient Weight. GMLOS + 8 Outlier per Diem $6,968.00. Add-on payment, and lesser of 100% of billed charges. GMLOS + 8 Outlier per Diem $6,968.00. Add-on payment, and lesser of 100% of billed charges.",,,,,,,,," ",,,,,,,,," ",,,,,,,,," ",,,,,,,,," ",,,,,,,,," ",,,,,,,,," ",,,,,,,,," ",,,,,,,,," ",,,,,,,,," ",,,,,,,,," ",,,,,,,,," ",,,,,,,,," ",,,,,,,,," ",,,,,,,,," ",24627.79,,,,,,,Case Rate,"Medicare Base Rate times Standard Inpatient Weight. Outlier (25+) per Diem $7,671.00. Add-on payment, and lesser of 100% of billed charges. Outlier (25+) per Diem $7,671.00. Add-on payment, and lesser of 100% of billed charges.",,,,,,,,," ",8893.41,,,,,,,Case Rate,"Medicare Base Rate times Standard Inpatient Weight. 100 percent of Medicare DRG. Add-on payment,  . 100 percent of Medicare DRG. Add-on payment,  .",27246.96,,,,,,,Case Rate,Medicare Base Rate times Standard Inpatient Weight. Local 1199 High/Low day Outlier Local 1199 High/Low day Outlier,8893.41,,,,,,,Case Rate,"Medicare Base Rate times Standard Inpatient Weight. 100 percent of Medicare DRG. Add-on payment,  . 100 percent of Medicare DRG. Add-on payment,  .",8893.41,,,,,,,Case Rate,"Medicare Base Rate times Standard Inpatient Weight. 100 percent of Medicare DRG. Add-on payment,  . 100 percent of Medicare DRG. Add-on payment,  .",,,,,,,,," ",,,,,,,,," ",,,,,,,,," ",,,,,,,,," ",,,,,,,,," ",21424.52,,,,,,,Case Rate,"Medicare Base Rate times Standard Inpatient Weight. GMLOS + 8 Outlier per Diem $4,623.00. Add-on payment, and lesser of 100% of billed charges. GMLOS + 8 Outlier per Diem $4,623.00. Add-on payment, and lesser of 100% of billed charges.",22145.32,,,,,,,Case Rate,"Medicare Base Rate times Standard Inpatient Weight. GMLOS + 8 Outlier per Diem $6,968.00. Add-on payment, and lesser of 100% of billed charges. GMLOS + 8 Outlier per Diem $6,968.00. Add-on payment, and lesser of 100% of billed charges.",25204.26,,,,,,,Case Rate,"Medicare Base Rate times Standard Inpatient Weight. Add-on payment, and lesser of 100% of billed charges. Add-on payment, and lesser of 100% of billed charges.",24627.79,,,,,,,Case Rate,"Medicare Base Rate times Standard Inpatient Weight. Outlier (25+) per Diem $7,671.00. Add-on payment, and lesser of 100% of billed charges. Outlier (25+) per Diem $7,671.00. Add-on payment, and lesser of 100% of billed charges.",8893.41,,,,,,,Case Rate,"Medicare Base Rate times Standard Inpatient Weight. 100 percent of Medicare DRG. Add-on payment, . 100 percent of Medicare DRG. Add-on payment, .",8893.41,,,,,,,Case Rate,"Medicare Base Rate times Standard Inpatient Weight. 100 percent of Medicare DRG. Add-on payment,  . 100 percent of Medicare DRG. Add-on payment,  .",8893.41,,,,,,,Case Rate,"Medicare Base Rate times Standard Inpatient Weight. 100 percent of Medicare DRG. Add-on payment,  . 100 percent of Medicare DRG. Add-on payment,  .",8893.41,,,,,,,Case Rate,"Medicare Base Rate times Standard Inpatient Weight. 100 percent of Medicare DRG. Add-on payment,  . 100 percent of Medicare DRG. Add-on payment,  .",8893.41,,,,,,,Case Rate,"Medicare Base Rate times Standard Inpatient Weight. 100 percent of Medicare DRG. Add-on payment, . 100 percent of Medicare DRG. Add-on payment, .",8893.41,,,,,,,Case Rate,"Medicare Base Rate times Standard Inpatient Weight. 100 percent of Medicare DRG. Add-on payment,  . 100 percent of Medicare DRG. Add-on payment,  .",,,,,,,,," ",,,,,,,,," ",,,,,,,,," ",35045.87,,,,,,,Case Rate,"Medicare Base Rate times Standard Inpatient Weight. GMLOS + 6 Outlier per Diem $9,081.00 Add-on payment, and lesser of 100% of billed charges. GMLOS + 6 Outlier per Diem $9,081.00 Add-on payment, and lesser of 100% of billed charges.",21424.52,,,,,,,Case Rate,"Medicare Base Rate times Standard Inpatient Weight. GMLOS + 8 Outlier per Diem $4,623.00. Add-on payment, and lesser of 100% of billed charges. GMLOS + 8 Outlier per Diem $4,623.00. Add-on payment, and lesser of 100% of billed charges.",21424.52,,,,,,,Case Rate,"Medicare Base Rate times Standard Inpatient Weight. GMLOS + 8 Outlier per Diem $4,623.00. Add-on payment, and lesser of 100% of billed charges. GMLOS + 8 Outlier per Diem $4,623.00. Add-on payment, and lesser of 100% of billed charges.",21424.52,,,,,,,Case Rate,"Medicare Base Rate times Standard Inpatient Weight. GMLOS + 8 Outlier per Diem $4,623.00. Add-on payment, and lesser of 100% of billed charges. GMLOS + 8 Outlier per Diem $4,623.00. Add-on payment, and lesser of 100% of billed charges.",21424.52,,,,,,,Case Rate,"Medicare Base Rate times Standard Inpatient Weight. GMLOS + 8 Outlier per Diem $4,623.00. Add-on payment, and lesser of 100% of billed charges. GMLOS + 8 Outlier per Diem $4,623.00. Add-on payment, and lesser of 100% of billed charges.",8893.41,,,,,,,Case Rate,"Medicare Base Rate times Standard Inpatient Weight. 100 percent of Medicare DRG. Add-on payment,  . 100 percent of Medicare DRG. Add-on payment,  .",,,,,,,,," ",35045.87,,,,,,,Case Rate,"Medicare Base Rate times Standard Inpatient Weight. GMLOS + 6 Outlier per Diem $9,081.00 Add-on payment, and lesser of 100% of billed charges. GMLOS + 6 Outlier per Diem $9,081.00 Add-on payment, and lesser of 100% of billed charges.",,,,,,,,," ",8893.41,,,,,,,Case Rate,"Medicare Base Rate times Standard Inpatient Weight. 100 percent of Medicare DRG. Add-on payment,  . 100 percent of Medicare DRG. Add-on payment,  .",,,,,,,,," ",8893.41,,,,,,,Case Rate,"Medicare Base Rate times Standard Inpatient Weight. 100 percent of Medicare DRG. Add-on payment,  . 100 percent of Medicare DRG. Add-on payment,  .",8893.41,,,,,,,Case Rate,"Medicare Base Rate times Standard Inpatient Weight. 100 percent of Medicare DRG. Add-on payment,  . 100 percent of Medicare DRG. Add-on payment,  .",,,,,,,,," ",,,,,,,,," ",21424.52,,,,,,,Case Rate,"Medicare Base Rate times Standard Inpatient Weight. GMLOS + 8 Outlier per Diem $4,623.00. Add-on payment, and lesser of 100% of billed charges. GMLOS + 8 Outlier per Diem $4,623.00. Add-on payment, and lesser of 100% of billed charges.",24627.79,,,,,,,Case Rate,"Medicare Base Rate times Standard Inpatient Weight. Outlier (25+) per Diem $7,671.00. Add-on payment, and lesser of 100% of billed charges. Outlier (25+) per Diem $7,671.00. Add-on payment, and lesser of 100% of billed charges.",,73,,,,,0,Percent of total billed charges,73 percent of charges.  ; No services were performed during the 15 month look back period.,32431.8,,,,,,,Case Rate,"Medicare Base Rate times Standard Inpatient Weight. AMLOS + 5 Outlier per Diem $7,362.00. Add-on payment, and lesser of 100% of billed charges. AMLOS + 5 Outlier per Diem $7,362.00. Add-on payment, and lesser of 100% of billed charges.",32431.8,,,,,,,Case Rate,"Medicare Base Rate times Standard Inpatient Weight. AMLOS + 5 Outlier per Diem $7,362.00. Add-on payment, and lesser of 100% of billed charges. AMLOS + 5 Outlier per Diem $7,362.00. Add-on payment, and lesser of 100% of billed charges.",22145.32,,,,,,,Case Rate,"Medicare Base Rate times Standard Inpatient Weight. GMLOS + 8 Outlier per Diem $6,968.00. Add-on payment, and lesser of 100% of billed charges. GMLOS + 8 Outlier per Diem $6,968.00. Add-on payment, and lesser of 100% of billed charges.",8270.88,,,,,,,Case Rate,"Medicare Base Rate times Standard Inpatient Weight. 93 percent of Medicare DRG. Add-on payment, and lesser of 100% of billed charges. 93 percent of Medicare DRG. Add-on payment, and lesser of 100% of billed charges.",25034.46,,,,,,,Case Rate,"Medicare Base Rate times Standard Inpatient Weight. Add-on payment, and lesser of 100% of billed charges. Add-on payment, and lesser of 100% of billed charges.",25034.46,,,,,,,Case Rate,"Medicare Base Rate times Standard Inpatient Weight. Add-on payment, and lesser of 100% of billed charges. Add-on payment, and lesser of 100% of billed charges.",27617.97,,,,,,,Case Rate,"Medicare Base Rate times Standard Inpatient Weight. GMLOS + 6 Outlier per Diem $7,265.00 Add-on payment, and lesser of 100% of billed charges. GMLOS + 6 Outlier per Diem $7,265.00 Add-on payment, and lesser of 100% of billed charges.",35045.87,,,,,,,Case Rate,"Medicare Base Rate times Standard Inpatient Weight. GMLOS + 6 Outlier per Diem $9,081.00 Add-on payment, and lesser of 100% of billed charges. GMLOS + 6 Outlier per Diem $9,081.00 Add-on payment, and lesser of 100% of billed charges.",8893.41,,,,,,,Case Rate,"Medicare Base Rate times Standard Inpatient Weight. 100 percent of Medicare DRG. Add-on payment,  . 100 percent of Medicare DRG. Add-on payment,  .",8893.41,,,,,,,Case Rate,"Medicare Base Rate times Standard Inpatient Weight. 100 percent of Medicare DRG. Add-on payment,  . 100 percent of Medicare DRG. Add-on payment,  .",8893.41,,,,,,,Case Rate,"Medicare Base Rate times Standard Inpatient Weight. 100 percent of Medicare DRG. Add-on payment,  . 100 percent of Medicare DRG. Add-on payment,  .",8893.41,,,,,,,Case Rate,"Medicare Base Rate times Standard Inpatient Weight. 100 percent of Medicare DRG. Add-on payment,  . 100 percent of Medicare DRG. Add-on payment,  .",32431.8,,,,,,,Case Rate,"Medicare Base Rate times Standard Inpatient Weight. AMLOS + 5 Outlier per Diem $7,362.00. Add-on payment, and lesser of 100% of billed charges. AMLOS + 5 Outlier per Diem $7,362.00. Add-on payment, and lesser of 100% of billed charges.",35045.87,,,,,,,Case Rate,"Medicare Base Rate times Standard Inpatient Weight. GMLOS + 6 Outlier per Diem $9,081.00 Add-on payment, and lesser of 100% of billed charges. GMLOS + 6 Outlier per Diem $9,081.00 Add-on payment, and lesser of 100% of billed charges.",35045.87,,,,,,,Case Rate,"Medicare Base Rate times Standard Inpatient Weight. GMLOS + 6 Outlier per Diem $9,081.00 Add-on payment, and lesser of 100% of billed charges. GMLOS + 6 Outlier per Diem $9,081.00 Add-on payment, and lesser of 100% of billed charges.",8893.41,,,,,,,Case Rate,"Medicare Base Rate times Standard Inpatient Weight. 100 percent of Medicare DRG. Add-on payment,  . 100 percent of Medicare DRG. Add-on payment,  .",27617.97,,,,,,,Case Rate,"Medicare Base Rate times Standard Inpatient Weight. GMLOS + 6 Outlier per Diem $7,265.00 Add-on payment, and lesser of 100% of billed charges. GMLOS + 6 Outlier per Diem $7,265.00 Add-on payment, and lesser of 100% of billed charges.",25204.26,,,,,,,Case Rate,"Medicare Base Rate times Standard Inpatient Weight. Add-on payment, and lesser of 100% of billed charges. Add-on payment, and lesser of 100% of billed charges.",,,,,,,,," ",,,,,,,,," ",21424.52,,,,,,,Case Rate,"Medicare Base Rate times Standard Inpatient Weight. GMLOS + 8 Outlier per Diem $4,623.00. Add-on payment, and lesser of 100% of billed charges. GMLOS + 8 Outlier per Diem $4,623.00. Add-on payment, and lesser of 100% of billed charges.",31070,,,,,,,Case Rate,"Medicare Base Rate times Standard Inpatient Weight. GMLOS + 6 Outlier per Diem $8,173.00 Add-on payment, and lesser of 100% of billed charges. GMLOS + 6 Outlier per Diem $8,173.00 Add-on payment, and lesser of 100% of billed charges.",35045.87,,,,,,,Case Rate,"Medicare Base Rate times Standard Inpatient Weight. GMLOS + 6 Outlier per Diem $9,081.00 Add-on payment, and lesser of 100% of billed charges. GMLOS + 6 Outlier per Diem $9,081.00 Add-on payment, and lesser of 100% of billed charges.",35045.87,,,,,,,Case Rate,"Medicare Base Rate times Standard Inpatient Weight. GMLOS + 6 Outlier per Diem $9,081.00 Add-on payment, and lesser of 100% of billed charges. GMLOS + 6 Outlier per Diem $9,081.00 Add-on payment, and lesser of 100% of billed charges.",25443.68,,,,,,,Case Rate,"Medicare Base Rate times Standard Inpatient Weight. GMLOS + 6 Outlier per Diem $8,221.00. Add-on payment, and lesser of 100% of billed charges. GMLOS + 6 Outlier per Diem $8,221.00. Add-on payment, and lesser of 100% of billed charges.",8893.41,,,,,,,Case Rate,"Medicare Base Rate times Standard Inpatient Weight. 100 percent of Medicare DRG. Add-on payment, . 100 percent of Medicare DRG. Add-on payment, .",,,,,,,,," ",,,,,,,,," ",,,,,,,,," ",,,,,,,,," ",32431.8,,,,,,,Case Rate,"Medicare Base Rate times Standard Inpatient Weight. AMLOS + 5 Outlier per Diem $7,362.00. Add-on payment, and lesser of 100% of billed charges. AMLOS + 5 Outlier per Diem $7,362.00. Add-on payment, and lesser of 100% of billed charges.",,,,,,,,," ",,,,,,,,," ",,,,,,,,," ",,,,,,,,," ",,,,,,,,," ",,,,,,,,," ",,,,,,,,," ",8893.41,,,,,,,Case Rate,"Medicare Base Rate times Standard Inpatient Weight. 100 percent of Medicare DRG. Add-on payment,  . 100 percent of Medicare DRG. Add-on payment,  .",32431.8,,,,,,,Case Rate,"Medicare Base Rate times Standard Inpatient Weight. AMLOS + 5 Outlier per Diem $7,362.00. Add-on payment, and lesser of 100% of billed charges. AMLOS + 5 Outlier per Diem $7,362.00. Add-on payment, and lesser of 100% of billed charges.",8893.41,,,,,,,Case Rate,"Medicare Base Rate times Standard Inpatient Weight. 100 percent of Medicare DRG. Add-on payment,  . 100 percent of Medicare DRG. Add-on payment,  .",,,,,,,,," ",35045.87,,,,,,,Case Rate,"Medicare Base Rate times Standard Inpatient Weight. GMLOS + 6 Outlier per Diem $9,081.00 Add-on payment, and lesser of 100% of billed charges. GMLOS + 6 Outlier per Diem $9,081.00 Add-on payment, and lesser of 100% of billed charges.",8893.41,,,,,,,Case Rate,"Medicare Base Rate times Standard Inpatient Weight. 100 percent of Medicare DRG. Add-on payment,  . 100 percent of Medicare DRG. Add-on payment,  .",35045.87,,,,,,,Case Rate,"Medicare Base Rate times Standard Inpatient Weight. GMLOS + 6 Outlier per Diem $9,081.00 Add-on payment, and lesser of 100% of billed charges. GMLOS + 6 Outlier per Diem $9,081.00 Add-on payment, and lesser of 100% of billed charges.",35045.87,,,,,,,Case Rate,"Medicare Base Rate times Standard Inpatient Weight. GMLOS + 6 Outlier per Diem $9,081.00 Add-on payment, and lesser of 100% of billed charges. GMLOS + 6 Outlier per Diem $9,081.00 Add-on payment, and lesser of 100% of billed charges.",35045.87,,,,,,,Case Rate,"Medicare Base Rate times Standard Inpatient Weight. GMLOS + 6 Outlier per Diem $9,081.00 Add-on payment, and lesser of 100% of billed charges. GMLOS + 6 Outlier per Diem $9,081.00 Add-on payment, and lesser of 100% of billed charges.",,,,,,,,," ",8893.41,,,,,,,Case Rate,"Medicare Base Rate times Standard Inpatient Weight. 100 percent of Medicare DRG. Add-on payment,  . 100 percent of Medicare DRG. Add-on payment,  .",35045.87,,,,,,,Case Rate,"Medicare Base Rate times Standard Inpatient Weight. GMLOS + 6 Outlier per Diem $9,081.00 Add-on payment, and lesser of 100% of billed charges. GMLOS + 6 Outlier per Diem $9,081.00 Add-on payment, and lesser of 100% of billed charges.",,,,,,,,," ",35045.87,,,,,,,Case Rate,"Medicare Base Rate times Standard Inpatient Weight. GMLOS + 6 Outlier per Diem $9,081.00 Add-on payment, and lesser of 100% of billed charges. GMLOS + 6 Outlier per Diem $9,081.00 Add-on payment, and lesser of 100% of billed charges.",9338.08,,,,,,,Case Rate,"105% of the Diagnostic Related Group fee schedule established by CMS for Medicare in force as of the date of payment.. Delay in Discharge per diem $4,007 Delay in Discharge per diem $4,007",8893.41,,,,,,,Case Rate,"Medicare Base Rate times Standard Inpatient Weight. 100 percent of Medicare DRG. Add-on payment, . 100 percent of Medicare DRG. Add-on payment, .",21424.52,,,,,,,Case Rate,"Medicare Base Rate times Standard Inpatient Weight. GMLOS + 8 Outlier per Diem $4,623.00. Add-on payment, and lesser of 100% of billed charges. GMLOS + 8 Outlier per Diem $4,623.00. Add-on payment, and lesser of 100% of billed charges.",21424.52,,,,,,,Case Rate,"Medicare Base Rate times Standard Inpatient Weight. GMLOS + 8 Outlier per Diem $4,623.00. Add-on payment, and lesser of 100% of billed charges. GMLOS + 8 Outlier per Diem $4,623.00. Add-on payment, and lesser of 100% of billed charges.",21424.52,,,,,,,Case Rate,"Medicare Base Rate times Standard Inpatient Weight. GMLOS + 8 Outlier per Diem $4,623.00. Add-on payment, and lesser of 100% of billed charges. GMLOS + 8 Outlier per Diem $4,623.00. Add-on payment, and lesser of 100% of billed charges.",21424.52,,,,,,,Case Rate,"Medicare Base Rate times Standard Inpatient Weight. GMLOS + 8 Outlier per Diem $4,623.00. Add-on payment, and lesser of 100% of billed charges. GMLOS + 8 Outlier per Diem $4,623.00. Add-on payment, and lesser of 100% of billed charges.",21424.52,,,,,,,Case Rate,"Medicare Base Rate times Standard Inpatient Weight. GMLOS + 8 Outlier per Diem $4,623.00. Add-on payment, and lesser of 100% of billed charges. GMLOS + 8 Outlier per Diem $4,623.00. Add-on payment, and lesser of 100% of billed charges.",25204.26,,,,,,,Case Rate,"Medicare Base Rate times Standard Inpatient Weight. Add-on payment, and lesser of 100% of billed charges. Add-on payment, and lesser of 100% of billed charges.",25204.26,,,,,,,Case Rate,"Medicare Base Rate times Standard Inpatient Weight. Add-on payment, and lesser of 100% of billed charges. Add-on payment, and lesser of 100% of billed charges.",21424.52,,,,,,,Case Rate,"Medicare Base Rate times Standard Inpatient Weight. GMLOS + 8 Outlier per Diem $4,623.00. Add-on payment, and lesser of 100% of billed charges. GMLOS + 8 Outlier per Diem $4,623.00. Add-on payment, and lesser of 100% of billed charges.",21424.52,,,,,,,Case Rate,"Medicare Base Rate times Standard Inpatient Weight. GMLOS + 8 Outlier per Diem $4,623.00. Add-on payment, and lesser of 100% of billed charges. GMLOS + 8 Outlier per Diem $4,623.00. Add-on payment, and lesser of 100% of billed charges.",21424.52,,,,,,,Case Rate,"Medicare Base Rate times Standard Inpatient Weight. GMLOS + 8 Outlier per Diem $4,623.00. Add-on payment, and lesser of 100% of billed charges. GMLOS + 8 Outlier per Diem $4,623.00. Add-on payment, and lesser of 100% of billed charges.",21424.52,,,,,,,Case Rate,"Medicare Base Rate times Standard Inpatient Weight. GMLOS + 8 Outlier per Diem $4,623.00. Add-on payment, and lesser of 100% of billed charges. GMLOS + 8 Outlier per Diem $4,623.00. Add-on payment, and lesser of 100% of billed charges.",21424.52,,,,,,,Case Rate,"Medicare Base Rate times Standard Inpatient Weight. GMLOS + 8 Outlier per Diem $4,623.00. Add-on payment, and lesser of 100% of billed charges. GMLOS + 8 Outlier per Diem $4,623.00. Add-on payment, and lesser of 100% of billed charges.",8893.41,,,,,,,Case Rate,"Medicare Base Rate times Standard Inpatient Weight. 100 percent of Medicare DRG. Add-on payment,  . 100 percent of Medicare DRG. Add-on payment,  .",25204.26,,,,,,,Case Rate,"Medicare Base Rate times Standard Inpatient Weight. Add-on payment, and lesser of 100% of billed charges. Add-on payment, and lesser of 100% of billed charges.",8893.41,,,,,,,Case Rate,"Medicare Base Rate times Standard Inpatient Weight. 100 percent of Medicare DRG. Add-on payment,  . 100 percent of Medicare DRG. Add-on payment,  .",,,,,,,,," ",,,,,,,,," ",32431.8,,,,,,,Case Rate,"Medicare Base Rate times Standard Inpatient Weight. AMLOS + 5 Outlier per Diem $7,362.00. Add-on payment, and lesser of 100% of billed charges. AMLOS + 5 Outlier per Diem $7,362.00. Add-on payment, and lesser of 100% of billed charges.",32431.8,,,,,,,Case Rate,"Medicare Base Rate times Standard Inpatient Weight. AMLOS + 5 Outlier per Diem $7,362.00. Add-on payment, and lesser of 100% of billed charges. AMLOS + 5 Outlier per Diem $7,362.00. Add-on payment, and lesser of 100% of billed charges.",8893.41,,,,,,,Case Rate,"Medicare Base Rate times Standard Inpatient Weight. 100 percent of Medicare DRG. Add-on payment,  . 100 percent of Medicare DRG. Add-on payment,  .",25034.46,,,,,,,Case Rate,"Medicare Base Rate times Standard Inpatient Weight. Add-on payment, and lesser of 100% of billed charges. Add-on payment, and lesser of 100% of billed charges.",8893.41,,,,,,,Case Rate,"Medicare Base Rate times Standard Inpatient Weight. 100 percent of Medicare DRG. Add-on payment,  . 100 percent of Medicare DRG. Add-on payment,  .",8893.41,,,,,,,Case Rate,"Medicare Base Rate times Standard Inpatient Weight. 100 percent of Medicare DRG. Add-on payment,  . 100 percent of Medicare DRG. Add-on payment,  .",22145.32,,,,,,,Case Rate,"Medicare Base Rate times Standard Inpatient Weight. GMLOS + 8 Outlier per Diem $6,968.00. Add-on payment, and lesser of 100% of billed charges. GMLOS + 8 Outlier per Diem $6,968.00. Add-on payment, and lesser of 100% of billed charges.",8893.41,,,,,,,Case Rate,"Medicare Base Rate times Standard Inpatient Weight. 100 percent of Medicare DRG. Add-on payment,  . 100 percent of Medicare DRG. Add-on payment,  .",24627.79,,,,,,,Case Rate,"Medicare Base Rate times Standard Inpatient Weight. Outlier (25+) per Diem $7,671.00. Add-on payment, and lesser of 100% of billed charges. Outlier (25+) per Diem $7,671.00. Add-on payment, and lesser of 100% of billed charges.",8893.41,,,,,,,Case Rate,"Medicare Base Rate times Standard Inpatient Weight. 100 percent of Medicare DRG. Add-on payment,  . 100 percent of Medicare DRG. Add-on payment,  .",24627.79,,,,,,,Case Rate,"Medicare Base Rate times Standard Inpatient Weight. Outlier (25+) per Diem $7,671.00. Add-on payment, and lesser of 100% of billed charges. Outlier (25+) per Diem $7,671.00. Add-on payment, and lesser of 100% of billed charges.",22145.32,,,,,,,Case Rate,"Medicare Base Rate times Standard Inpatient Weight. GMLOS + 8 Outlier per Diem $6,968.00. Add-on payment, and lesser of 100% of billed charges. GMLOS + 8 Outlier per Diem $6,968.00. Add-on payment, and lesser of 100% of billed charges.",24627.79,,,,,,,Case Rate,"Medicare Base Rate times Standard Inpatient Weight. Outlier (25+) per Diem $7,671.00. Add-on payment, and lesser of 100% of billed charges. Outlier (25+) per Diem $7,671.00. Add-on payment, and lesser of 100% of billed charges.",8893.41,,,,,,,Case Rate,"Medicare Base Rate times Standard Inpatient Weight. 100 percent of Medicare DRG. Add-on payment,  . 100 percent of Medicare DRG. Add-on payment,  .",,,,,,,,," ",8893.41,,,,,,,Case Rate,"Medicare Base Rate times Standard Inpatient Weight. 100 percent of Medicare DRG. Add-on payment,  . 100 percent of Medicare DRG. Add-on payment,  .",24627.79,,,,,,,Case Rate,"Medicare Base Rate times Standard Inpatient Weight. Outlier (25+) per Diem $7,671.00. Add-on payment, and lesser of 100% of billed charges. Outlier (25+) per Diem $7,671.00. Add-on payment, and lesser of 100% of billed charges.",32431.8,,,,,,,Case Rate,"Medicare Base Rate times Standard Inpatient Weight. AMLOS + 5 Outlier per Diem $7,362.00. Add-on payment, and lesser of 100% of billed charges. AMLOS + 5 Outlier per Diem $7,362.00. Add-on payment, and lesser of 100% of billed charges.",,,,,,,,," ",35045.87,,,,,,,Case Rate,"Medicare Base Rate times Standard Inpatient Weight. GMLOS + 6 Outlier per Diem $9,081.00 Add-on payment, and lesser of 100% of billed charges. GMLOS + 6 Outlier per Diem $9,081.00 Add-on payment, and lesser of 100% of billed charges.",,,,,,,,," ",,,,,,,,," ",34522.04,,,,,,,Case Rate,"Medicare Base Rate times Standard Inpatient Weight. GMLOS + 6 Outlier per Diem $9,081.00 Add-on payment, and lesser of 100% of billed charges. GMLOS + 6 Outlier per Diem $9,081.00 Add-on payment, and lesser of 100% of billed charges.",34522.04,,,,,,,Case Rate,"Medicare Base Rate times Standard Inpatient Weight. GMLOS + 6 Outlier per Diem $9,081.00 Add-on payment, and lesser of 100% of billed charges. GMLOS + 6 Outlier per Diem $9,081.00 Add-on payment, and lesser of 100% of billed charges.",35045.87,,,,,,,Case Rate,"Medicare Base Rate times Standard Inpatient Weight. GMLOS + 6 Outlier per Diem $9,081.00 Add-on payment, and lesser of 100% of billed charges. GMLOS + 6 Outlier per Diem $9,081.00 Add-on payment, and lesser of 100% of billed charges.",32431.8,,,,,,,Case Rate,"Medicare Base Rate times Standard Inpatient Weight. AMLOS + 5 Outlier per Diem $7,362.00. Add-on payment, and lesser of 100% of billed charges. AMLOS + 5 Outlier per Diem $7,362.00. Add-on payment, and lesser of 100% of billed charges.",35045.87,,,,,,,Case Rate,"Medicare Base Rate times Standard Inpatient Weight. GMLOS + 6 Outlier per Diem $9,081.00 Add-on payment, and lesser of 100% of billed charges. GMLOS + 6 Outlier per Diem $9,081.00 Add-on payment, and lesser of 100% of billed charges.",34522.04,,,,,,,Case Rate,"Medicare Base Rate times Standard Inpatient Weight. GMLOS + 6 Outlier per Diem $9,081.00 Add-on payment, and lesser of 100% of billed charges. GMLOS + 6 Outlier per Diem $9,081.00 Add-on payment, and lesser of 100% of billed charges.",35045.87,,,,,,,Case Rate,"Medicare Base Rate times Standard Inpatient Weight. GMLOS + 6 Outlier per Diem $9,081.00 Add-on payment, and lesser of 100% of billed charges. GMLOS + 6 Outlier per Diem $9,081.00 Add-on payment, and lesser of 100% of billed charges.",21424.52,,,,,,,Case Rate,"Medicare Base Rate times Standard Inpatient Weight. GMLOS + 8 Outlier per Diem $4,623.00. Add-on payment, and lesser of 100% of billed charges. GMLOS + 8 Outlier per Diem $4,623.00. Add-on payment, and lesser of 100% of billed charges.",21424.52,,,,,,,Case Rate,"Medicare Base Rate times Standard Inpatient Weight. GMLOS + 8 Outlier per Diem $4,623.00. Add-on payment, and lesser of 100% of billed charges. GMLOS + 8 Outlier per Diem $4,623.00. Add-on payment, and lesser of 100% of billed charges.",23077.42,,,,,,,Case Rate,. 200 percent of Medicare 200 percent of Medicare,,,,,,,,," ",32431.8,,,,,,,Case Rate,"Medicare Base Rate times Standard Inpatient Weight. AMLOS + 5 Outlier per Diem $7,362.00. Add-on payment, and lesser of 100% of billed charges. AMLOS + 5 Outlier per Diem $7,362.00. Add-on payment, and lesser of 100% of billed charges.",24627.79,,,,,,,Case Rate,"Medicare Base Rate times Standard Inpatient Weight. Outlier (25+) per Diem $7,671.00. Add-on payment, and lesser of 100% of billed charges. Outlier (25+) per Diem $7,671.00. Add-on payment, and lesser of 100% of billed charges.",22145.32,,,,,,,Case Rate,"Medicare Base Rate times Standard Inpatient Weight. GMLOS + 8 Outlier per Diem $6,968.00. Add-on payment, and lesser of 100% of billed charges. GMLOS + 8 Outlier per Diem $6,968.00. Add-on payment, and lesser of 100% of billed charges.",32431.8,,,,,,,Case Rate,"Medicare Base Rate times Standard Inpatient Weight. AMLOS + 5 Outlier per Diem $7,362.00. Add-on payment, and lesser of 100% of billed charges. AMLOS + 5 Outlier per Diem $7,362.00. Add-on payment, and lesser of 100% of billed charges.",22145.32,,,,,,,Case Rate,"Medicare Base Rate times Standard Inpatient Weight. GMLOS + 8 Outlier per Diem $6,968.00. Add-on payment, and lesser of 100% of billed charges. GMLOS + 8 Outlier per Diem $6,968.00. Add-on payment, and lesser of 100% of billed charges.",32431.8,,,,,,,Case Rate,"Medicare Base Rate times Standard Inpatient Weight. AMLOS + 5 Outlier per Diem $7,362.00. Add-on payment, and lesser of 100% of billed charges. AMLOS + 5 Outlier per Diem $7,362.00. Add-on payment, and lesser of 100% of billed charges.",35045.87,,,,,,,Case Rate,"Medicare Base Rate times Standard Inpatient Weight. GMLOS + 6 Outlier per Diem $9,081.00 Add-on payment, and lesser of 100% of billed charges. GMLOS + 6 Outlier per Diem $9,081.00 Add-on payment, and lesser of 100% of billed charges.",34522.04,,,,,,,Case Rate,"Medicare Base Rate times Standard Inpatient Weight. GMLOS + 6 Outlier per Diem $9,081.00 Add-on payment, and lesser of 100% of billed charges. GMLOS + 6 Outlier per Diem $9,081.00 Add-on payment, and lesser of 100% of billed charges.",34522.04,,,,,,,Case Rate,"Medicare Base Rate times Standard Inpatient Weight. GMLOS + 6 Outlier per Diem $9,081.00 Add-on payment, and lesser of 100% of billed charges. GMLOS + 6 Outlier per Diem $9,081.00 Add-on payment, and lesser of 100% of billed charges.",35045.87,,,,,,,Case Rate,"Medicare Base Rate times Standard Inpatient Weight. GMLOS + 6 Outlier per Diem $9,081.00 Add-on payment, and lesser of 100% of billed charges. GMLOS + 6 Outlier per Diem $9,081.00 Add-on payment, and lesser of 100% of billed charges.",8893.41,,,,,,,Case Rate,"Medicare Base Rate times Standard Inpatient Weight. 100 percent of Medicare DRG. Add-on payment,  . 100 percent of Medicare DRG. Add-on payment,  .",7759.19,38648.18,
MS332,DRG,,,,,MS-DRG 332 RECTAL RESECTION WITH MCC,,,Inpatient,,,,116199.13,,,,,,,Case Rate,Medicare Base Rate times Standard Inpatient Weight. Local 1199 High/Low day Outlier Local 1199 High/Low day Outlier,116199.13,,,,,,,Case Rate,Medicare Base Rate times Standard Inpatient Weight. Local 1199 High/Low day Outlier Local 1199 High/Low day Outlier,94442.34,,,,,,,Case Rate,"Medicare Base Rate times Standard Inpatient Weight. GMLOS + 8 Outlier per Diem $6,968.00. Add-on payment, and lesser of 100% of billed charges. GMLOS + 8 Outlier per Diem $6,968.00. Add-on payment, and lesser of 100% of billed charges.",,100,,,,,0,Percent of total billed charges,100 percent of charges.  ; No services were performed during the 15 month look back period.,36132.45,,,,,,,Case Rate,"Medicare Base Rate times Standard Inpatient Weight. 100 percent of Medicare DRG. Add-on payment,  . 100 percent of Medicare DRG. Add-on payment,  .",94442.34,,,,,,,Case Rate,"Medicare Base Rate times Standard Inpatient Weight. GMLOS + 8 Outlier per Diem $6,968.00. Add-on payment, and lesser of 100% of billed charges. GMLOS + 8 Outlier per Diem $6,968.00. Add-on payment, and lesser of 100% of billed charges.",94442.34,,,,,,,Case Rate,"Medicare Base Rate times Standard Inpatient Weight. GMLOS + 8 Outlier per Diem $6,968.00. Add-on payment, and lesser of 100% of billed charges. GMLOS + 8 Outlier per Diem $6,968.00. Add-on payment, and lesser of 100% of billed charges.",94442.34,,,,,,,Case Rate,"Medicare Base Rate times Standard Inpatient Weight. GMLOS + 8 Outlier per Diem $6,968.00. Add-on payment, and lesser of 100% of billed charges. GMLOS + 8 Outlier per Diem $6,968.00. Add-on payment, and lesser of 100% of billed charges.",,,,,,,,," ",,,,,,,,," ",,73,,,,,0,Percent of total billed charges,73 percent of charges.  ; No services were performed during the 15 month look back period.,138310.74,,,,,,,Case Rate,"Medicare Base Rate times Standard Inpatient Weight. AMLOS + 5 Outlier per Diem $7,362.00. Add-on payment, and lesser of 100% of billed charges. AMLOS + 5 Outlier per Diem $7,362.00. Add-on payment, and lesser of 100% of billed charges.",,,,,,,,," ",36132.45,,,,,,,Case Rate,"Medicare Base Rate times Standard Inpatient Weight. 100 percent of Medicare DRG. Add-on payment,  . 100 percent of Medicare DRG. Add-on payment,  .",105029.27,,,,,,,Case Rate,"Medicare Base Rate times Standard Inpatient Weight. Outlier (25+) per Diem $7,671.00. Add-on payment, and lesser of 100% of billed charges. Outlier (25+) per Diem $7,671.00. Add-on payment, and lesser of 100% of billed charges.",105029.27,,,,,,,Case Rate,"Medicare Base Rate times Standard Inpatient Weight. Outlier (25+) per Diem $7,671.00. Add-on payment, and lesser of 100% of billed charges. Outlier (25+) per Diem $7,671.00. Add-on payment, and lesser of 100% of billed charges.",105029.27,,,,,,,Case Rate,"Medicare Base Rate times Standard Inpatient Weight. Outlier (25+) per Diem $7,671.00. Add-on payment, and lesser of 100% of billed charges. Outlier (25+) per Diem $7,671.00. Add-on payment, and lesser of 100% of billed charges.",105029.27,,,,,,,Case Rate,"Medicare Base Rate times Standard Inpatient Weight. Outlier (25+) per Diem $7,671.00. Add-on payment, and lesser of 100% of billed charges. Outlier (25+) per Diem $7,671.00. Add-on payment, and lesser of 100% of billed charges.",,,,,,,,," ",36132.45,,,,,,,Case Rate,"Medicare Base Rate times Standard Inpatient Weight. 100 percent of Medicare DRG. Add-on payment,  . 100 percent of Medicare DRG. Add-on payment,  .",,,,,,,,," ",,73,,,,,0,Percent of total billed charges,73 percent of charges.  ; No services were performed during the 15 month look back period.,94442.34,,,,,,,Case Rate,"Medicare Base Rate times Standard Inpatient Weight. GMLOS + 8 Outlier per Diem $6,968.00. Add-on payment, and lesser of 100% of billed charges. GMLOS + 8 Outlier per Diem $6,968.00. Add-on payment, and lesser of 100% of billed charges.",36132.45,,,,,,,Case Rate,"Medicare Base Rate times Standard Inpatient Weight. 100 percent of Medicare DRG. Add-on payment, and lesser of 100% of billed charges. 100 percent of Medicare DRG. Add-on payment, and lesser of 100% of billed charges.",107487.72,,,,,,,Case Rate,"Medicare Base Rate times Standard Inpatient Weight. Add-on payment, and lesser of 100% of billed charges. Add-on payment, and lesser of 100% of billed charges.",36132.45,,,,,,,Case Rate,"Medicare Base Rate times Standard Inpatient Weight. 100 percent of Medicare DRG. Add-on payment, and lesser of 100% of billed charges. 100 percent of Medicare DRG. Add-on payment, and lesser of 100% of billed charges.",36132.45,,,,,,,Case Rate,"Medicare Base Rate times Standard Inpatient Weight. 100 percent of Medicare DRG. Add-on payment, and lesser of 100% of billed charges. 100 percent of Medicare DRG. Add-on payment, and lesser of 100% of billed charges.",,73,,,,,0,Percent of total billed charges,73 percent of charges.  ; No services were performed during the 15 month look back period.,,,,,,,,," ",,,,,,,,," ",,,,,,,,," ",,,,,,,,," ",107487.72,,,,,,,Case Rate,"Medicare Base Rate times Standard Inpatient Weight. Add-on payment, and lesser of 100% of billed charges. Add-on payment, and lesser of 100% of billed charges.",107487.72,,,,,,,Case Rate,"Medicare Base Rate times Standard Inpatient Weight. Add-on payment, and lesser of 100% of billed charges. Add-on payment, and lesser of 100% of billed charges.",,,,,,,,," ",107487.72,,,,,,,Case Rate,"Medicare Base Rate times Standard Inpatient Weight. Add-on payment, and lesser of 100% of billed charges. Add-on payment, and lesser of 100% of billed charges.",,,,,,,,," ",36132.45,,,,,,,Case Rate,"Medicare Base Rate times Standard Inpatient Weight. 100 percent of Medicare DRG. Add-on payment, . 100 percent of Medicare DRG. Add-on payment, .",107487.72,,,,,,,Case Rate,"Medicare Base Rate times Standard Inpatient Weight. Add-on payment, and lesser of 100% of billed charges. Add-on payment, and lesser of 100% of billed charges.",,73,,,,,0,Percent of total billed charges,73 percent of charges.  ; No services were performed during the 15 month look back period.,,,,,,,,," ",,,,,,,,," ",,73,,,,,0,Percent of total billed charges,73 percent of charges.  ; No services were performed during the 15 month look back period.,105029.27,,,,,,,Case Rate,"Medicare Base Rate times Standard Inpatient Weight. Outlier (25+) per Diem $7,671.00. Add-on payment, and lesser of 100% of billed charges. Outlier (25+) per Diem $7,671.00. Add-on payment, and lesser of 100% of billed charges.",100612.01,,,,,,,Case Rate,"Medicare Base Rate times Standard Inpatient Weight. AMLOS + 5 Outlier per Diem $7,167.00. Add-on payment, and lesser of 100% of billed charges. AMLOS + 5 Outlier per Diem $7,167.00. Add-on payment, and lesser of 100% of billed charges.",100612.01,,,,,,,Case Rate,"Medicare Base Rate times Standard Inpatient Weight. AMLOS + 5 Outlier per Diem $7,167.00. Add-on payment, and lesser of 100% of billed charges. AMLOS + 5 Outlier per Diem $7,167.00. Add-on payment, and lesser of 100% of billed charges.",,73,,,,,0,Percent of total billed charges,73 percent of charges.  ; No services were performed during the 15 month look back period.,36132.45,,,,,,,Case Rate,"Medicare Base Rate times Standard Inpatient Weight. 100 percent of Medicare DRG. Add-on payment,  . 100 percent of Medicare DRG. Add-on payment,  .",138310.74,,,,,,,Case Rate,"Medicare Base Rate times Standard Inpatient Weight. AMLOS + 5 Outlier per Diem $7,362.00. Add-on payment, and lesser of 100% of billed charges. AMLOS + 5 Outlier per Diem $7,362.00. Add-on payment, and lesser of 100% of billed charges.",138310.74,,,,,,,Case Rate,"Medicare Base Rate times Standard Inpatient Weight. AMLOS + 5 Outlier per Diem $7,362.00. Add-on payment, and lesser of 100% of billed charges. AMLOS + 5 Outlier per Diem $7,362.00. Add-on payment, and lesser of 100% of billed charges.",138310.74,,,,,,,Case Rate,"Medicare Base Rate times Standard Inpatient Weight. AMLOS + 5 Outlier per Diem $7,362.00. Add-on payment, and lesser of 100% of billed charges. AMLOS + 5 Outlier per Diem $7,362.00. Add-on payment, and lesser of 100% of billed charges.",36132.45,,,,,,,Case Rate,"Medicare Base Rate times Standard Inpatient Weight. 100 percent of Medicare DRG. Add-on payment,  . 100 percent of Medicare DRG. Add-on payment,  .",138310.74,,,,,,,Case Rate,"Medicare Base Rate times Standard Inpatient Weight. AMLOS + 5 Outlier per Diem $7,362.00. Add-on payment, and lesser of 100% of billed charges. AMLOS + 5 Outlier per Diem $7,362.00. Add-on payment, and lesser of 100% of billed charges.",138310.74,,,,,,,Case Rate,"Medicare Base Rate times Standard Inpatient Weight. AMLOS + 5 Outlier per Diem $7,362.00. Add-on payment, and lesser of 100% of billed charges. AMLOS + 5 Outlier per Diem $7,362.00. Add-on payment, and lesser of 100% of billed charges.",36132.45,,,,,,,Case Rate,"Medicare Base Rate times Standard Inpatient Weight. 100 percent of Medicare DRG. Add-on payment, and lesser of 100% of billed charges. 100 percent of Medicare DRG. Add-on payment, and lesser of 100% of billed charges.",157482.35,,,,,,,Case Rate,"Medicare Base Rate times Standard Inpatient Weight. GMLOS + 6 Outlier per Diem $11,932.00. Add-on payment, and lesser of 100% of billed charges. GMLOS + 6 Outlier per Diem $11,932.00. Add-on payment, and lesser of 100% of billed charges.",149458.88,,,,,,,Case Rate,"Medicare Base Rate times Standard Inpatient Weight. GMLOS + 6 Outlier per Diem $9,081.00 Add-on payment, and lesser of 100% of billed charges. GMLOS + 6 Outlier per Diem $9,081.00 Add-on payment, and lesser of 100% of billed charges.",149458.88,,,,,,,Case Rate,"Medicare Base Rate times Standard Inpatient Weight. GMLOS + 6 Outlier per Diem $9,081.00 Add-on payment, and lesser of 100% of billed charges. GMLOS + 6 Outlier per Diem $9,081.00 Add-on payment, and lesser of 100% of billed charges.",147224.9,,,,,,,Case Rate,"Medicare Base Rate times Standard Inpatient Weight. GMLOS + 6 Outlier per Diem $9,081.00 Add-on payment, and lesser of 100% of billed charges. GMLOS + 6 Outlier per Diem $9,081.00 Add-on payment, and lesser of 100% of billed charges.",164821.51,,,,,,,Case Rate,"Medicare Base Rate times Standard Inpatient Weight. GMLOS + 6 Outlier per Diem $9,081.00 Add-on payment, and lesser of 100% of billed charges. GMLOS + 6 Outlier per Diem $9,081.00 Add-on payment, and lesser of 100% of billed charges.",147224.9,,,,,,,Case Rate,"Medicare Base Rate times Standard Inpatient Weight. GMLOS + 6 Outlier per Diem $9,081.00 Add-on payment, and lesser of 100% of billed charges. GMLOS + 6 Outlier per Diem $9,081.00 Add-on payment, and lesser of 100% of billed charges.",149458.88,,,,,,,Case Rate,"Medicare Base Rate times Standard Inpatient Weight. GMLOS + 6 Outlier per Diem $9,081.00 Add-on payment, and lesser of 100% of billed charges. GMLOS + 6 Outlier per Diem $9,081.00 Add-on payment, and lesser of 100% of billed charges.",36132.45,,,,,,,Case Rate,"Medicare Base Rate times Standard Inpatient Weight. 100 percent of Medicare DRG. Add-on payment,  . 100 percent of Medicare DRG. Add-on payment,  .",36132.45,,,,,,,Case Rate,"Medicare Base Rate times Standard Inpatient Weight. 100 percent of Medicare DRG. Add-on payment,  . 100 percent of Medicare DRG. Add-on payment,  .",164821.51,,,,,,,Case Rate,"Medicare Base Rate times Standard Inpatient Weight. GMLOS + 6 Outlier per Diem $9,081.00 Add-on payment, and lesser of 100% of billed charges. GMLOS + 6 Outlier per Diem $9,081.00 Add-on payment, and lesser of 100% of billed charges.",,73,,,,,0,Percent of total billed charges,73 percent of charges.  ; No services were performed during the 15 month look back period.,,73,,,,,0,Percent of total billed charges,73 percent of charges.  ; No services were performed during the 15 month look back period.,,73,,,,,0,Percent of total billed charges,73 percent of charges.  ; No services were performed during the 15 month look back period.,,73,,,,,0,Percent of total billed charges,73 percent of charges.  ; No services were performed during the 15 month look back period.,,73,,,,,0,Percent of total billed charges,73 percent of charges.  ; No services were performed during the 15 month look back period.,,73,,,,,0,Percent of total billed charges,73 percent of charges.  ; No services were performed during the 15 month look back period.,,73,,,,,0,Percent of total billed charges,73 percent of charges.  ; No services were performed during the 15 month look back period.,,73,,,,,0,Percent of total billed charges,73 percent of charges.  ; No services were performed during the 15 month look back period.,,73,,,,,0,Percent of total billed charges,73 percent of charges.  ; No services were performed during the 15 month look back period.,,73,,,,,0,Percent of total billed charges,73 percent of charges.  ; No services were performed during the 15 month look back period.,,73,,,,,0,Percent of total billed charges,73 percent of charges.  ; No services were performed during the 15 month look back period.,,73,,,,,0,Percent of total billed charges,73 percent of charges.  ; No services were performed during the 15 month look back period.,,73,,,,,0,Percent of total billed charges,73 percent of charges.  ; No services were performed during the 15 month look back period.,,73,,,,,0,Percent of total billed charges,73 percent of charges.  ; No services were performed during the 15 month look back period.,,73,,,,,0,Percent of total billed charges,73 percent of charges.  ; No services were performed during the 15 month look back period.,,73,,,,,0,Percent of total billed charges,73 percent of charges.  ; No services were performed during the 15 month look back period.,,73,,,,,0,Percent of total billed charges,73 percent of charges.  ; No services were performed during the 15 month look back period.,,73,,,,,0,Percent of total billed charges,73 percent of charges.  ; No services were performed during the 15 month look back period.,,73,,,,,0,Percent of total billed charges,73 percent of charges.  ; No services were performed during the 15 month look back period.,,73,,,,,0,Percent of total billed charges,73 percent of charges.  ; No services were performed during the 15 month look back period.,,73,,,,,0,Percent of total billed charges,73 percent of charges.  ; No services were performed during the 15 month look back period.,,73,,,,,0,Percent of total billed charges,73 percent of charges.  ; No services were performed during the 15 month look back period.,,73,,,,,0,Percent of total billed charges,73 percent of charges.  ; No services were performed during the 15 month look back period.,,73,,,,,0,Percent of total billed charges,73 percent of charges.  ; No services were performed during the 15 month look back period.,,73,,,,,0,Percent of total billed charges,73 percent of charges.  ; No services were performed during the 15 month look back period.,,73,,,,,0,Percent of total billed charges,73 percent of charges.  ; No services were performed during the 15 month look back period.,107487.72,,,,,,,Case Rate,"Medicare Base Rate times Standard Inpatient Weight. Add-on payment, and lesser of 100% of billed charges. Add-on payment, and lesser of 100% of billed charges.",107487.72,,,,,,,Case Rate,"Medicare Base Rate times Standard Inpatient Weight. Add-on payment, and lesser of 100% of billed charges. Add-on payment, and lesser of 100% of billed charges.",107487.72,,,,,,,Case Rate,"Medicare Base Rate times Standard Inpatient Weight. Add-on payment, and lesser of 100% of billed charges. Add-on payment, and lesser of 100% of billed charges.",107487.72,,,,,,,Case Rate,"Medicare Base Rate times Standard Inpatient Weight. Add-on payment, and lesser of 100% of billed charges. Add-on payment, and lesser of 100% of billed charges.",106763.58,,,,,,,Case Rate,"Medicare Base Rate times Standard Inpatient Weight. Add-on payment, and lesser of 100% of billed charges. Add-on payment, and lesser of 100% of billed charges.",106763.58,,,,,,,Case Rate,"Medicare Base Rate times Standard Inpatient Weight. Add-on payment, and lesser of 100% of billed charges. Add-on payment, and lesser of 100% of billed charges.",105029.27,,,,,,,Case Rate,"Medicare Base Rate times Standard Inpatient Weight. Outlier (25+) per Diem $7,671.00. Add-on payment, and lesser of 100% of billed charges. Outlier (25+) per Diem $7,671.00. Add-on payment, and lesser of 100% of billed charges.",149458.88,,,,,,,Case Rate,"Medicare Base Rate times Standard Inpatient Weight. GMLOS + 6 Outlier per Diem $9,081.00 Add-on payment, and lesser of 100% of billed charges. GMLOS + 6 Outlier per Diem $9,081.00 Add-on payment, and lesser of 100% of billed charges.",138310.74,,,,,,,Case Rate,"Medicare Base Rate times Standard Inpatient Weight. AMLOS + 5 Outlier per Diem $7,362.00. Add-on payment, and lesser of 100% of billed charges. AMLOS + 5 Outlier per Diem $7,362.00. Add-on payment, and lesser of 100% of billed charges.",147224.9,,,,,,,Case Rate,"Medicare Base Rate times Standard Inpatient Weight. GMLOS + 6 Outlier per Diem $9,081.00 Add-on payment, and lesser of 100% of billed charges. GMLOS + 6 Outlier per Diem $9,081.00 Add-on payment, and lesser of 100% of billed charges.",,73,,,,,0,Percent of total billed charges,73 percent of charges.  ; No services were performed during the 15 month look back period.,106763.58,,,,,,,Case Rate,"Medicare Base Rate times Standard Inpatient Weight. Add-on payment, and lesser of 100% of billed charges. Add-on payment, and lesser of 100% of billed charges.",149458.88,,,,,,,Case Rate,"Medicare Base Rate times Standard Inpatient Weight. GMLOS + 6 Outlier per Diem $9,081.00 Add-on payment, and lesser of 100% of billed charges. GMLOS + 6 Outlier per Diem $9,081.00 Add-on payment, and lesser of 100% of billed charges.",138310.74,,,,,,,Case Rate,"Medicare Base Rate times Standard Inpatient Weight. AMLOS + 5 Outlier per Diem $7,362.00. Add-on payment, and lesser of 100% of billed charges. AMLOS + 5 Outlier per Diem $7,362.00. Add-on payment, and lesser of 100% of billed charges.",105029.27,,,,,,,Case Rate,"Medicare Base Rate times Standard Inpatient Weight. Outlier (25+) per Diem $7,671.00. Add-on payment, and lesser of 100% of billed charges. Outlier (25+) per Diem $7,671.00. Add-on payment, and lesser of 100% of billed charges.",,,,,,,,," ",,73,,,,,0,Percent of total billed charges,73 percent of charges.  ; No services were performed during the 15 month look back period.,,,,,,,,," ",107487.72,,,,,,,Case Rate,"Medicare Base Rate times Standard Inpatient Weight. Add-on payment, and lesser of 100% of billed charges. Add-on payment, and lesser of 100% of billed charges.",,,,,,,,," ",36132.45,,,,,,,Case Rate,"Medicare Base Rate times Standard Inpatient Weight. 100 percent of Medicare DRG. Add-on payment, . 100 percent of Medicare DRG. Add-on payment, .",36132.45,,,,,,,Case Rate,"Medicare Base Rate times Standard Inpatient Weight. 100 percent of Medicare DRG. Add-on payment,  . 100 percent of Medicare DRG. Add-on payment,  .",157482.35,,,,,,,Case Rate,"Medicare Base Rate times Standard Inpatient Weight. GMLOS + 6 Outlier per Diem $11,932.00. Add-on payment, and lesser of 100% of billed charges. GMLOS + 6 Outlier per Diem $11,932.00. Add-on payment, and lesser of 100% of billed charges.",36132.45,,,,,,,Case Rate,"Medicare Base Rate times Standard Inpatient Weight. 100 percent of Medicare DRG. Add-on payment,  . 100 percent of Medicare DRG. Add-on payment,  .",36132.45,,,,,,,Case Rate,"Medicare Base Rate times Standard Inpatient Weight. 100 percent of Medicare DRG. Add-on payment,  . 100 percent of Medicare DRG. Add-on payment,  .",,,,,,,,," ",36132.45,,,,,,,Case Rate,"Medicare Base Rate times Standard Inpatient Weight. 100 percent of Medicare DRG. Add-on payment,  . 100 percent of Medicare DRG. Add-on payment,  .",36132.45,,,,,,,Case Rate,"Medicare Base Rate times Standard Inpatient Weight. 100 percent of Medicare DRG. Add-on payment,  . 100 percent of Medicare DRG. Add-on payment,  .",94442.34,,,,,,,Case Rate,"Medicare Base Rate times Standard Inpatient Weight. GMLOS + 8 Outlier per Diem $6,968.00. Add-on payment, and lesser of 100% of billed charges. GMLOS + 8 Outlier per Diem $6,968.00. Add-on payment, and lesser of 100% of billed charges.",94442.34,,,,,,,Case Rate,"Medicare Base Rate times Standard Inpatient Weight. GMLOS + 8 Outlier per Diem $6,968.00. Add-on payment, and lesser of 100% of billed charges. GMLOS + 8 Outlier per Diem $6,968.00. Add-on payment, and lesser of 100% of billed charges.",36132.45,,,,,,,Case Rate,"Medicare Base Rate times Standard Inpatient Weight. 100 percent of Medicare DRG. Add-on payment,  . 100 percent of Medicare DRG. Add-on payment,  .",105029.27,,,,,,,Case Rate,"Medicare Base Rate times Standard Inpatient Weight. Outlier (25+) per Diem $7,671.00. Add-on payment, and lesser of 100% of billed charges. Outlier (25+) per Diem $7,671.00. Add-on payment, and lesser of 100% of billed charges.",138310.74,,,,,,,Case Rate,"Medicare Base Rate times Standard Inpatient Weight. AMLOS + 5 Outlier per Diem $7,362.00. Add-on payment, and lesser of 100% of billed charges. AMLOS + 5 Outlier per Diem $7,362.00. Add-on payment, and lesser of 100% of billed charges.",138310.74,,,,,,,Case Rate,"Medicare Base Rate times Standard Inpatient Weight. AMLOS + 5 Outlier per Diem $7,362.00. Add-on payment, and lesser of 100% of billed charges. AMLOS + 5 Outlier per Diem $7,362.00. Add-on payment, and lesser of 100% of billed charges.",36132.45,,,,,,,Case Rate,"Medicare Base Rate times Standard Inpatient Weight. 100 percent of Medicare DRG. Add-on payment,  . 100 percent of Medicare DRG. Add-on payment,  .",105029.27,,,,,,,Case Rate,"Medicare Base Rate times Standard Inpatient Weight. Outlier (25+) per Diem $7,671.00. Add-on payment, and lesser of 100% of billed charges. Outlier (25+) per Diem $7,671.00. Add-on payment, and lesser of 100% of billed charges.",94442.34,,,,,,,Case Rate,"Medicare Base Rate times Standard Inpatient Weight. GMLOS + 8 Outlier per Diem $6,968.00. Add-on payment, and lesser of 100% of billed charges. GMLOS + 8 Outlier per Diem $6,968.00. Add-on payment, and lesser of 100% of billed charges.",94442.34,,,,,,,Case Rate,"Medicare Base Rate times Standard Inpatient Weight. GMLOS + 8 Outlier per Diem $6,968.00. Add-on payment, and lesser of 100% of billed charges. GMLOS + 8 Outlier per Diem $6,968.00. Add-on payment, and lesser of 100% of billed charges.",94442.34,,,,,,,Case Rate,"Medicare Base Rate times Standard Inpatient Weight. GMLOS + 8 Outlier per Diem $6,968.00. Add-on payment, and lesser of 100% of billed charges. GMLOS + 8 Outlier per Diem $6,968.00. Add-on payment, and lesser of 100% of billed charges.",,73,,,,,0,Percent of total billed charges,73 percent of charges.  ; No services were performed during the 15 month look back period.,,73,,,,,0,Percent of total billed charges,73 percent of charges.  ; No services were performed during the 15 month look back period.,,73,,,,,0,Percent of total billed charges,73 percent of charges.  ; No services were performed during the 15 month look back period.,,73,,,,,0,Percent of total billed charges,73 percent of charges.  ; No services were performed during the 15 month look back period.,,73,,,,,0,Percent of total billed charges,73 percent of charges.  ; No services were performed during the 15 month look back period.,,73,,,,,0,Percent of total billed charges,73 percent of charges.  ; No services were performed during the 15 month look back period.,,73,,,,,0,Percent of total billed charges,73 percent of charges.  ; No services were performed during the 15 month look back period.,,73,,,,,0,Percent of total billed charges,73 percent of charges.  ; No services were performed during the 15 month look back period.,,73,,,,,0,Percent of total billed charges,73 percent of charges.  ; No services were performed during the 15 month look back period.,,73,,,,,0,Percent of total billed charges,73 percent of charges.  ; No services were performed during the 15 month look back period.,,73,,,,,0,Percent of total billed charges,73 percent of charges.  ; No services were performed during the 15 month look back period.,106763.58,,,,,,,Case Rate,"Medicare Base Rate times Standard Inpatient Weight. Add-on payment, and lesser of 100% of billed charges. Add-on payment, and lesser of 100% of billed charges.",149458.88,,,,,,,Case Rate,"Medicare Base Rate times Standard Inpatient Weight. GMLOS + 6 Outlier per Diem $9,081.00 Add-on payment, and lesser of 100% of billed charges. GMLOS + 6 Outlier per Diem $9,081.00 Add-on payment, and lesser of 100% of billed charges.",105029.27,,,,,,,Case Rate,"Medicare Base Rate times Standard Inpatient Weight. Outlier (25+) per Diem $7,671.00. Add-on payment, and lesser of 100% of billed charges. Outlier (25+) per Diem $7,671.00. Add-on payment, and lesser of 100% of billed charges.",36132.45,,,,,,,Case Rate,"Medicare Base Rate times Standard Inpatient Weight. 100 percent of Medicare DRG. Add-on payment,  . 100 percent of Medicare DRG. Add-on payment,  .",94442.34,,,,,,,Case Rate,"Medicare Base Rate times Standard Inpatient Weight. GMLOS + 8 Outlier per Diem $6,968.00. Add-on payment, and lesser of 100% of billed charges. GMLOS + 8 Outlier per Diem $6,968.00. Add-on payment, and lesser of 100% of billed charges.",105029.27,,,,,,,Case Rate,"Medicare Base Rate times Standard Inpatient Weight. Outlier (25+) per Diem $7,671.00. Add-on payment, and lesser of 100% of billed charges. Outlier (25+) per Diem $7,671.00. Add-on payment, and lesser of 100% of billed charges.",105029.27,,,,,,,Case Rate,"Medicare Base Rate times Standard Inpatient Weight. Outlier (25+) per Diem $7,671.00. Add-on payment, and lesser of 100% of billed charges. Outlier (25+) per Diem $7,671.00. Add-on payment, and lesser of 100% of billed charges.",,73,,,,,0,Percent of total billed charges,73 percent of charges.  ; No services were performed during the 15 month look back period.,,,,,,,,," ",105029.27,,,,,,,Case Rate,"Medicare Base Rate times Standard Inpatient Weight. Outlier (25+) per Diem $7,671.00. Add-on payment, and lesser of 100% of billed charges. Outlier (25+) per Diem $7,671.00. Add-on payment, and lesser of 100% of billed charges.",,,,,,,,," ",36132.45,,,,,,,Case Rate,"Medicare Base Rate times Standard Inpatient Weight. 100 percent of Medicare DRG. Add-on payment,  . 100 percent of Medicare DRG. Add-on payment,  .",36132.45,,,,,,,Case Rate,"Medicare Base Rate times Standard Inpatient Weight. 100 percent of Medicare DRG. Add-on payment,  . 100 percent of Medicare DRG. Add-on payment,  .",36132.45,,,,,,,Case Rate,"Medicare Base Rate times Standard Inpatient Weight. 100 percent of Medicare DRG. Add-on payment,  . 100 percent of Medicare DRG. Add-on payment,  .",36132.45,,,,,,,Case Rate,"Medicare Base Rate times Standard Inpatient Weight. 100 percent of Medicare DRG. Add-on payment,  . 100 percent of Medicare DRG. Add-on payment,  .",36132.45,,,,,,,Case Rate,"Medicare Base Rate times Standard Inpatient Weight. 100 percent of Medicare DRG. Add-on payment,  . 100 percent of Medicare DRG. Add-on payment,  .",36132.45,,,,,,,Case Rate,"Medicare Base Rate times Standard Inpatient Weight. 100 percent of Medicare DRG. Add-on payment,  . 100 percent of Medicare DRG. Add-on payment,  .",105029.27,,,,,,,Case Rate,"Medicare Base Rate times Standard Inpatient Weight. Outlier (25+) per Diem $7,671.00. Add-on payment, and lesser of 100% of billed charges. Outlier (25+) per Diem $7,671.00. Add-on payment, and lesser of 100% of billed charges.",157482.35,,,,,,,Case Rate,"Medicare Base Rate times Standard Inpatient Weight. GMLOS + 6 Outlier per Diem $11,932.00. Add-on payment, and lesser of 100% of billed charges. GMLOS + 6 Outlier per Diem $11,932.00. Add-on payment, and lesser of 100% of billed charges.",,,,,,,,," ",,,,,,,,," ",,,,,,,,," ",,,,,,,,," ",,,,,,,,," ",,,,,,,,," ",157482.35,,,,,,,Case Rate,"Medicare Base Rate times Standard Inpatient Weight. GMLOS + 6 Outlier per Diem $11,932.00. Add-on payment, and lesser of 100% of billed charges. GMLOS + 6 Outlier per Diem $11,932.00. Add-on payment, and lesser of 100% of billed charges.",94827.5,,,,,,,Case Rate,. 200 percent of Medicare 200 percent of Medicare,94827.5,,,,,,,Case Rate,. 200 percent of Medicare 200 percent of Medicare,94827.5,,,,,,,Case Rate,. 200 percent of Medicare 200 percent of Medicare,94827.5,,,,,,,Case Rate,. 200 percent of Medicare 200 percent of Medicare,94827.5,,,,,,,Case Rate,. 200 percent of Medicare 200 percent of Medicare,36132.45,,,,,,,Case Rate,"Medicare Base Rate times Standard Inpatient Weight. 100 percent of Medicare DRG. Add-on payment,  . 100 percent of Medicare DRG. Add-on payment,  .",106763.58,,,,,,,Case Rate,"Medicare Base Rate times Standard Inpatient Weight. Add-on payment, and lesser of 100% of billed charges. Add-on payment, and lesser of 100% of billed charges.",106763.58,,,,,,,Case Rate,"Medicare Base Rate times Standard Inpatient Weight. Add-on payment, and lesser of 100% of billed charges. Add-on payment, and lesser of 100% of billed charges.",106763.58,,,,,,,Case Rate,"Medicare Base Rate times Standard Inpatient Weight. Add-on payment, and lesser of 100% of billed charges. Add-on payment, and lesser of 100% of billed charges.",106763.58,,,,,,,Case Rate,"Medicare Base Rate times Standard Inpatient Weight. Add-on payment, and lesser of 100% of billed charges. Add-on payment, and lesser of 100% of billed charges.",94442.34,,,,,,,Case Rate,"Medicare Base Rate times Standard Inpatient Weight. GMLOS + 8 Outlier per Diem $6,968.00. Add-on payment, and lesser of 100% of billed charges. GMLOS + 8 Outlier per Diem $6,968.00. Add-on payment, and lesser of 100% of billed charges.",94442.34,,,,,,,Case Rate,"Medicare Base Rate times Standard Inpatient Weight. GMLOS + 8 Outlier per Diem $6,968.00. Add-on payment, and lesser of 100% of billed charges. GMLOS + 8 Outlier per Diem $6,968.00. Add-on payment, and lesser of 100% of billed charges.",94442.34,,,,,,,Case Rate,"Medicare Base Rate times Standard Inpatient Weight. GMLOS + 8 Outlier per Diem $6,968.00. Add-on payment, and lesser of 100% of billed charges. GMLOS + 8 Outlier per Diem $6,968.00. Add-on payment, and lesser of 100% of billed charges.",94442.34,,,,,,,Case Rate,"Medicare Base Rate times Standard Inpatient Weight. GMLOS + 8 Outlier per Diem $6,968.00. Add-on payment, and lesser of 100% of billed charges. GMLOS + 8 Outlier per Diem $6,968.00. Add-on payment, and lesser of 100% of billed charges.",157482.35,,,,,,,Case Rate,"Medicare Base Rate times Standard Inpatient Weight. GMLOS + 6 Outlier per Diem $11,932.00. Add-on payment, and lesser of 100% of billed charges. GMLOS + 6 Outlier per Diem $11,932.00. Add-on payment, and lesser of 100% of billed charges.",157482.35,,,,,,,Case Rate,"Medicare Base Rate times Standard Inpatient Weight. GMLOS + 6 Outlier per Diem $11,932.00. Add-on payment, and lesser of 100% of billed charges. GMLOS + 6 Outlier per Diem $11,932.00. Add-on payment, and lesser of 100% of billed charges.",36132.45,,,,,,,Case Rate,"Medicare Base Rate times Standard Inpatient Weight. 100 percent of Medicare DRG. Add-on payment,  . 100 percent of Medicare DRG. Add-on payment,  .",36132.45,,,,,,,Case Rate,"Medicare Base Rate times Standard Inpatient Weight. 100 percent of Medicare DRG. Add-on payment,  . 100 percent of Medicare DRG. Add-on payment,  .",36132.45,,,,,,,Case Rate,"Medicare Base Rate times Standard Inpatient Weight. 100 percent of Medicare DRG. Add-on payment,  . 100 percent of Medicare DRG. Add-on payment,  .",149458.88,,,,,,,Case Rate,"Medicare Base Rate times Standard Inpatient Weight. GMLOS + 6 Outlier per Diem $9,081.00 Add-on payment, and lesser of 100% of billed charges. GMLOS + 6 Outlier per Diem $9,081.00 Add-on payment, and lesser of 100% of billed charges.",149458.88,,,,,,,Case Rate,"Medicare Base Rate times Standard Inpatient Weight. GMLOS + 6 Outlier per Diem $9,081.00 Add-on payment, and lesser of 100% of billed charges. GMLOS + 6 Outlier per Diem $9,081.00 Add-on payment, and lesser of 100% of billed charges.",149458.88,,,,,,,Case Rate,"Medicare Base Rate times Standard Inpatient Weight. GMLOS + 6 Outlier per Diem $9,081.00 Add-on payment, and lesser of 100% of billed charges. GMLOS + 6 Outlier per Diem $9,081.00 Add-on payment, and lesser of 100% of billed charges.",157482.35,,,,,,,Case Rate,"Medicare Base Rate times Standard Inpatient Weight. GMLOS + 6 Outlier per Diem $11,932.00. Add-on payment, and lesser of 100% of billed charges. GMLOS + 6 Outlier per Diem $11,932.00. Add-on payment, and lesser of 100% of billed charges.",94442.34,,,,,,,Case Rate,"Medicare Base Rate times Standard Inpatient Weight. GMLOS + 8 Outlier per Diem $6,968.00. Add-on payment, and lesser of 100% of billed charges. GMLOS + 8 Outlier per Diem $6,968.00. Add-on payment, and lesser of 100% of billed charges.",36132.45,,,,,,,Case Rate,"Medicare Base Rate times Standard Inpatient Weight. 100 percent of Medicare DRG. Add-on payment,  . 100 percent of Medicare DRG. Add-on payment,  .",147224.9,,,,,,,Case Rate,"Medicare Base Rate times Standard Inpatient Weight. GMLOS + 6 Outlier per Diem $9,081.00 Add-on payment, and lesser of 100% of billed charges. GMLOS + 6 Outlier per Diem $9,081.00 Add-on payment, and lesser of 100% of billed charges.",,,,,,,,," ",36855.1,,,,,,,Case Rate,"Medicare Base Rate times Standard Inpatient Weight. 100 percent of Medicare DRG. Add-on payment, and lesser of 100% of billed charges. 100 percent of Medicare DRG. Add-on payment, and lesser of 100% of billed charges.",36855.1,,,,,,,Case Rate,"Medicare Base Rate times Standard Inpatient Weight. 100 percent of Medicare DRG. Add-on payment, and lesser of 100% of billed charges. 100 percent of Medicare DRG. Add-on payment, and lesser of 100% of billed charges.",36855.1,,,,,,,Case Rate,"Medicare Base Rate times Standard Inpatient Weight. 100 percent of Medicare DRG. Add-on payment, and lesser of 100% of billed charges. 100 percent of Medicare DRG. Add-on payment, and lesser of 100% of billed charges.",,,,,,,,," ",,,,,,,,," ",,,,,,,,," ",,,,,,,,," ",,,,,,,,," ",,,,,,,,," ",36855.1,,,,,,,Case Rate,"Medicare Base Rate times Standard Inpatient Weight. 100 percent of Medicare DRG. Add-on payment, and lesser of 100% of billed charges. 100 percent of Medicare DRG. Add-on payment, and lesser of 100% of billed charges.",,,,,,,,," ",,,,,,,,," ",,,,,,,,," ",,,,,,,,," ",,,,,,,,," ",,,,,,,,," ",,,,,,,,," ",36132.45,,,,,,,Case Rate,"Medicare Base Rate times Standard Inpatient Weight. 100 percent of Medicare DRG. Add-on payment,  . 100 percent of Medicare DRG. Add-on payment,  .",36132.45,,,,,,,Case Rate,"Medicare Base Rate times Standard Inpatient Weight. 100 percent of Medicare DRG. Add-on payment,  . 100 percent of Medicare DRG. Add-on payment,  .",94442.34,,,,,,,Case Rate,"Medicare Base Rate times Standard Inpatient Weight. GMLOS + 8 Outlier per Diem $6,968.00. Add-on payment, and lesser of 100% of billed charges. GMLOS + 8 Outlier per Diem $6,968.00. Add-on payment, and lesser of 100% of billed charges.",36132.45,,,,,,,Case Rate,"Medicare Base Rate times Standard Inpatient Weight. 100 percent of Medicare DRG. Add-on payment,  . 100 percent of Medicare DRG. Add-on payment,  .",,,,,,,,," ",,,,,,,,," ",,,,,,,,," ",,,,,,,,," ",,,,,,,,," ",,,,,,,,," ",,,,,,,,," ",,,,,,,,," ",,,,,,,,," ",,,,,,,,," ",,,,,,,,," ",157482.35,,,,,,,Case Rate,"Medicare Base Rate times Standard Inpatient Weight. GMLOS + 6 Outlier per Diem $11,932.00. Add-on payment, and lesser of 100% of billed charges. GMLOS + 6 Outlier per Diem $11,932.00. Add-on payment, and lesser of 100% of billed charges.",,,,,,,,," ",,,,,,,,," ",,,,,,,,," ",,,,,,,,," ",149458.88,,,,,,,Case Rate,"Medicare Base Rate times Standard Inpatient Weight. GMLOS + 6 Outlier per Diem $9,081.00 Add-on payment, and lesser of 100% of billed charges. GMLOS + 6 Outlier per Diem $9,081.00 Add-on payment, and lesser of 100% of billed charges.",147224.9,,,,,,,Case Rate,"Medicare Base Rate times Standard Inpatient Weight. GMLOS + 6 Outlier per Diem $9,081.00 Add-on payment, and lesser of 100% of billed charges. GMLOS + 6 Outlier per Diem $9,081.00 Add-on payment, and lesser of 100% of billed charges.",36132.45,,,,,,,Case Rate,"Medicare Base Rate times Standard Inpatient Weight. 100 percent of Medicare DRG. Add-on payment,  . 100 percent of Medicare DRG. Add-on payment,  .",147224.9,,,,,,,Case Rate,"Medicare Base Rate times Standard Inpatient Weight. GMLOS + 6 Outlier per Diem $9,081.00 Add-on payment, and lesser of 100% of billed charges. GMLOS + 6 Outlier per Diem $9,081.00 Add-on payment, and lesser of 100% of billed charges.",149458.88,,,,,,,Case Rate,"Medicare Base Rate times Standard Inpatient Weight. GMLOS + 6 Outlier per Diem $9,081.00 Add-on payment, and lesser of 100% of billed charges. GMLOS + 6 Outlier per Diem $9,081.00 Add-on payment, and lesser of 100% of billed charges.",149458.88,,,,,,,Case Rate,"Medicare Base Rate times Standard Inpatient Weight. GMLOS + 6 Outlier per Diem $9,081.00 Add-on payment, and lesser of 100% of billed charges. GMLOS + 6 Outlier per Diem $9,081.00 Add-on payment, and lesser of 100% of billed charges.",147224.9,,,,,,,Case Rate,"Medicare Base Rate times Standard Inpatient Weight. GMLOS + 6 Outlier per Diem $9,081.00 Add-on payment, and lesser of 100% of billed charges. GMLOS + 6 Outlier per Diem $9,081.00 Add-on payment, and lesser of 100% of billed charges.",36132.45,,,,,,,Case Rate,"Medicare Base Rate times Standard Inpatient Weight. 100 percent of Medicare DRG. Add-on payment,  . 100 percent of Medicare DRG. Add-on payment,  .",147224.9,,,,,,,Case Rate,"Medicare Base Rate times Standard Inpatient Weight. GMLOS + 6 Outlier per Diem $9,081.00 Add-on payment, and lesser of 100% of billed charges. GMLOS + 6 Outlier per Diem $9,081.00 Add-on payment, and lesser of 100% of billed charges.",149458.88,,,,,,,Case Rate,"Medicare Base Rate times Standard Inpatient Weight. GMLOS + 6 Outlier per Diem $9,081.00 Add-on payment, and lesser of 100% of billed charges. GMLOS + 6 Outlier per Diem $9,081.00 Add-on payment, and lesser of 100% of billed charges.",94442.34,,,,,,,Case Rate,"Medicare Base Rate times Standard Inpatient Weight. GMLOS + 8 Outlier per Diem $6,968.00. Add-on payment, and lesser of 100% of billed charges. GMLOS + 8 Outlier per Diem $6,968.00. Add-on payment, and lesser of 100% of billed charges.",,,,,,,,," ",,,,,,,,," ",,,,,,,,," ",,,,,,,,," ",,,,,,,,," ",,,,,,,,," ",,,,,,,,," ",,,,,,,,," ",,,,,,,,," ",,,,,,,,," ",,,,,,,,," ",,,,,,,,," ",,,,,,,,," ",,,,,,,,," ",105029.27,,,,,,,Case Rate,"Medicare Base Rate times Standard Inpatient Weight. Outlier (25+) per Diem $7,671.00. Add-on payment, and lesser of 100% of billed charges. Outlier (25+) per Diem $7,671.00. Add-on payment, and lesser of 100% of billed charges.",,,,,,,,," ",36132.45,,,,,,,Case Rate,"Medicare Base Rate times Standard Inpatient Weight. 100 percent of Medicare DRG. Add-on payment,  . 100 percent of Medicare DRG. Add-on payment,  .",116199.13,,,,,,,Case Rate,Medicare Base Rate times Standard Inpatient Weight. Local 1199 High/Low day Outlier Local 1199 High/Low day Outlier,36132.45,,,,,,,Case Rate,"Medicare Base Rate times Standard Inpatient Weight. 100 percent of Medicare DRG. Add-on payment,  . 100 percent of Medicare DRG. Add-on payment,  .",36132.45,,,,,,,Case Rate,"Medicare Base Rate times Standard Inpatient Weight. 100 percent of Medicare DRG. Add-on payment,  . 100 percent of Medicare DRG. Add-on payment,  .",,,,,,,,," ",,,,,,,,," ",,,,,,,,," ",,,,,,,,," ",,,,,,,,," ",91368.36,,,,,,,Case Rate,"Medicare Base Rate times Standard Inpatient Weight. GMLOS + 8 Outlier per Diem $4,623.00. Add-on payment, and lesser of 100% of billed charges. GMLOS + 8 Outlier per Diem $4,623.00. Add-on payment, and lesser of 100% of billed charges.",94442.34,,,,,,,Case Rate,"Medicare Base Rate times Standard Inpatient Weight. GMLOS + 8 Outlier per Diem $6,968.00. Add-on payment, and lesser of 100% of billed charges. GMLOS + 8 Outlier per Diem $6,968.00. Add-on payment, and lesser of 100% of billed charges.",107487.72,,,,,,,Case Rate,"Medicare Base Rate times Standard Inpatient Weight. Add-on payment, and lesser of 100% of billed charges. Add-on payment, and lesser of 100% of billed charges.",105029.27,,,,,,,Case Rate,"Medicare Base Rate times Standard Inpatient Weight. Outlier (25+) per Diem $7,671.00. Add-on payment, and lesser of 100% of billed charges. Outlier (25+) per Diem $7,671.00. Add-on payment, and lesser of 100% of billed charges.",36132.45,,,,,,,Case Rate,"Medicare Base Rate times Standard Inpatient Weight. 100 percent of Medicare DRG. Add-on payment, . 100 percent of Medicare DRG. Add-on payment, .",36132.45,,,,,,,Case Rate,"Medicare Base Rate times Standard Inpatient Weight. 100 percent of Medicare DRG. Add-on payment,  . 100 percent of Medicare DRG. Add-on payment,  .",36132.45,,,,,,,Case Rate,"Medicare Base Rate times Standard Inpatient Weight. 100 percent of Medicare DRG. Add-on payment,  . 100 percent of Medicare DRG. Add-on payment,  .",36132.45,,,,,,,Case Rate,"Medicare Base Rate times Standard Inpatient Weight. 100 percent of Medicare DRG. Add-on payment,  . 100 percent of Medicare DRG. Add-on payment,  .",36132.45,,,,,,,Case Rate,"Medicare Base Rate times Standard Inpatient Weight. 100 percent of Medicare DRG. Add-on payment, . 100 percent of Medicare DRG. Add-on payment, .",36132.45,,,,,,,Case Rate,"Medicare Base Rate times Standard Inpatient Weight. 100 percent of Medicare DRG. Add-on payment,  . 100 percent of Medicare DRG. Add-on payment,  .",,,,,,,,," ",,,,,,,,," ",,,,,,,,," ",149458.88,,,,,,,Case Rate,"Medicare Base Rate times Standard Inpatient Weight. GMLOS + 6 Outlier per Diem $9,081.00 Add-on payment, and lesser of 100% of billed charges. GMLOS + 6 Outlier per Diem $9,081.00 Add-on payment, and lesser of 100% of billed charges.",91368.36,,,,,,,Case Rate,"Medicare Base Rate times Standard Inpatient Weight. GMLOS + 8 Outlier per Diem $4,623.00. Add-on payment, and lesser of 100% of billed charges. GMLOS + 8 Outlier per Diem $4,623.00. Add-on payment, and lesser of 100% of billed charges.",91368.36,,,,,,,Case Rate,"Medicare Base Rate times Standard Inpatient Weight. GMLOS + 8 Outlier per Diem $4,623.00. Add-on payment, and lesser of 100% of billed charges. GMLOS + 8 Outlier per Diem $4,623.00. Add-on payment, and lesser of 100% of billed charges.",91368.36,,,,,,,Case Rate,"Medicare Base Rate times Standard Inpatient Weight. GMLOS + 8 Outlier per Diem $4,623.00. Add-on payment, and lesser of 100% of billed charges. GMLOS + 8 Outlier per Diem $4,623.00. Add-on payment, and lesser of 100% of billed charges.",91368.36,,,,,,,Case Rate,"Medicare Base Rate times Standard Inpatient Weight. GMLOS + 8 Outlier per Diem $4,623.00. Add-on payment, and lesser of 100% of billed charges. GMLOS + 8 Outlier per Diem $4,623.00. Add-on payment, and lesser of 100% of billed charges.",36132.45,,,,,,,Case Rate,"Medicare Base Rate times Standard Inpatient Weight. 100 percent of Medicare DRG. Add-on payment,  . 100 percent of Medicare DRG. Add-on payment,  .",,,,,,,,," ",149458.88,,,,,,,Case Rate,"Medicare Base Rate times Standard Inpatient Weight. GMLOS + 6 Outlier per Diem $9,081.00 Add-on payment, and lesser of 100% of billed charges. GMLOS + 6 Outlier per Diem $9,081.00 Add-on payment, and lesser of 100% of billed charges.",,,,,,,,," ",36132.45,,,,,,,Case Rate,"Medicare Base Rate times Standard Inpatient Weight. 100 percent of Medicare DRG. Add-on payment,  . 100 percent of Medicare DRG. Add-on payment,  .",,,,,,,,," ",36132.45,,,,,,,Case Rate,"Medicare Base Rate times Standard Inpatient Weight. 100 percent of Medicare DRG. Add-on payment,  . 100 percent of Medicare DRG. Add-on payment,  .",36132.45,,,,,,,Case Rate,"Medicare Base Rate times Standard Inpatient Weight. 100 percent of Medicare DRG. Add-on payment,  . 100 percent of Medicare DRG. Add-on payment,  .",,,,,,,,," ",,,,,,,,," ",91368.36,,,,,,,Case Rate,"Medicare Base Rate times Standard Inpatient Weight. GMLOS + 8 Outlier per Diem $4,623.00. Add-on payment, and lesser of 100% of billed charges. GMLOS + 8 Outlier per Diem $4,623.00. Add-on payment, and lesser of 100% of billed charges.",105029.27,,,,,,,Case Rate,"Medicare Base Rate times Standard Inpatient Weight. Outlier (25+) per Diem $7,671.00. Add-on payment, and lesser of 100% of billed charges. Outlier (25+) per Diem $7,671.00. Add-on payment, and lesser of 100% of billed charges.",,73,,,,,0,Percent of total billed charges,73 percent of charges.  ; No services were performed during the 15 month look back period.,138310.74,,,,,,,Case Rate,"Medicare Base Rate times Standard Inpatient Weight. AMLOS + 5 Outlier per Diem $7,362.00. Add-on payment, and lesser of 100% of billed charges. AMLOS + 5 Outlier per Diem $7,362.00. Add-on payment, and lesser of 100% of billed charges.",138310.74,,,,,,,Case Rate,"Medicare Base Rate times Standard Inpatient Weight. AMLOS + 5 Outlier per Diem $7,362.00. Add-on payment, and lesser of 100% of billed charges. AMLOS + 5 Outlier per Diem $7,362.00. Add-on payment, and lesser of 100% of billed charges.",94442.34,,,,,,,Case Rate,"Medicare Base Rate times Standard Inpatient Weight. GMLOS + 8 Outlier per Diem $6,968.00. Add-on payment, and lesser of 100% of billed charges. GMLOS + 8 Outlier per Diem $6,968.00. Add-on payment, and lesser of 100% of billed charges.",33603.18,,,,,,,Case Rate,"Medicare Base Rate times Standard Inpatient Weight. 93 percent of Medicare DRG. Add-on payment, and lesser of 100% of billed charges. 93 percent of Medicare DRG. Add-on payment, and lesser of 100% of billed charges.",106763.58,,,,,,,Case Rate,"Medicare Base Rate times Standard Inpatient Weight. Add-on payment, and lesser of 100% of billed charges. Add-on payment, and lesser of 100% of billed charges.",106763.58,,,,,,,Case Rate,"Medicare Base Rate times Standard Inpatient Weight. Add-on payment, and lesser of 100% of billed charges. Add-on payment, and lesser of 100% of billed charges.",117781.37,,,,,,,Case Rate,"Medicare Base Rate times Standard Inpatient Weight. GMLOS + 6 Outlier per Diem $7,265.00 Add-on payment, and lesser of 100% of billed charges. GMLOS + 6 Outlier per Diem $7,265.00 Add-on payment, and lesser of 100% of billed charges.",149458.88,,,,,,,Case Rate,"Medicare Base Rate times Standard Inpatient Weight. GMLOS + 6 Outlier per Diem $9,081.00 Add-on payment, and lesser of 100% of billed charges. GMLOS + 6 Outlier per Diem $9,081.00 Add-on payment, and lesser of 100% of billed charges.",36132.45,,,,,,,Case Rate,"Medicare Base Rate times Standard Inpatient Weight. 100 percent of Medicare DRG. Add-on payment,  . 100 percent of Medicare DRG. Add-on payment,  .",36132.45,,,,,,,Case Rate,"Medicare Base Rate times Standard Inpatient Weight. 100 percent of Medicare DRG. Add-on payment,  . 100 percent of Medicare DRG. Add-on payment,  .",36132.45,,,,,,,Case Rate,"Medicare Base Rate times Standard Inpatient Weight. 100 percent of Medicare DRG. Add-on payment,  . 100 percent of Medicare DRG. Add-on payment,  .",36132.45,,,,,,,Case Rate,"Medicare Base Rate times Standard Inpatient Weight. 100 percent of Medicare DRG. Add-on payment,  . 100 percent of Medicare DRG. Add-on payment,  .",138310.74,,,,,,,Case Rate,"Medicare Base Rate times Standard Inpatient Weight. AMLOS + 5 Outlier per Diem $7,362.00. Add-on payment, and lesser of 100% of billed charges. AMLOS + 5 Outlier per Diem $7,362.00. Add-on payment, and lesser of 100% of billed charges.",149458.88,,,,,,,Case Rate,"Medicare Base Rate times Standard Inpatient Weight. GMLOS + 6 Outlier per Diem $9,081.00 Add-on payment, and lesser of 100% of billed charges. GMLOS + 6 Outlier per Diem $9,081.00 Add-on payment, and lesser of 100% of billed charges.",149458.88,,,,,,,Case Rate,"Medicare Base Rate times Standard Inpatient Weight. GMLOS + 6 Outlier per Diem $9,081.00 Add-on payment, and lesser of 100% of billed charges. GMLOS + 6 Outlier per Diem $9,081.00 Add-on payment, and lesser of 100% of billed charges.",36132.45,,,,,,,Case Rate,"Medicare Base Rate times Standard Inpatient Weight. 100 percent of Medicare DRG. Add-on payment,  . 100 percent of Medicare DRG. Add-on payment,  .",117781.37,,,,,,,Case Rate,"Medicare Base Rate times Standard Inpatient Weight. GMLOS + 6 Outlier per Diem $7,265.00 Add-on payment, and lesser of 100% of billed charges. GMLOS + 6 Outlier per Diem $7,265.00 Add-on payment, and lesser of 100% of billed charges.",107487.72,,,,,,,Case Rate,"Medicare Base Rate times Standard Inpatient Weight. Add-on payment, and lesser of 100% of billed charges. Add-on payment, and lesser of 100% of billed charges.",,,,,,,,," ",,,,,,,,," ",91368.36,,,,,,,Case Rate,"Medicare Base Rate times Standard Inpatient Weight. GMLOS + 8 Outlier per Diem $4,623.00. Add-on payment, and lesser of 100% of billed charges. GMLOS + 8 Outlier per Diem $4,623.00. Add-on payment, and lesser of 100% of billed charges.",132503.14,,,,,,,Case Rate,"Medicare Base Rate times Standard Inpatient Weight. GMLOS + 6 Outlier per Diem $8,173.00 Add-on payment, and lesser of 100% of billed charges. GMLOS + 6 Outlier per Diem $8,173.00 Add-on payment, and lesser of 100% of billed charges.",149458.88,,,,,,,Case Rate,"Medicare Base Rate times Standard Inpatient Weight. GMLOS + 6 Outlier per Diem $9,081.00 Add-on payment, and lesser of 100% of billed charges. GMLOS + 6 Outlier per Diem $9,081.00 Add-on payment, and lesser of 100% of billed charges.",149458.88,,,,,,,Case Rate,"Medicare Base Rate times Standard Inpatient Weight. GMLOS + 6 Outlier per Diem $9,081.00 Add-on payment, and lesser of 100% of billed charges. GMLOS + 6 Outlier per Diem $9,081.00 Add-on payment, and lesser of 100% of billed charges.",108508.76,,,,,,,Case Rate,"Medicare Base Rate times Standard Inpatient Weight. GMLOS + 6 Outlier per Diem $8,221.00. Add-on payment, and lesser of 100% of billed charges. GMLOS + 6 Outlier per Diem $8,221.00. Add-on payment, and lesser of 100% of billed charges.",36132.45,,,,,,,Case Rate,"Medicare Base Rate times Standard Inpatient Weight. 100 percent of Medicare DRG. Add-on payment, . 100 percent of Medicare DRG. Add-on payment, .",,,,,,,,," ",,,,,,,,," ",,,,,,,,," ",,,,,,,,," ",138310.74,,,,,,,Case Rate,"Medicare Base Rate times Standard Inpatient Weight. AMLOS + 5 Outlier per Diem $7,362.00. Add-on payment, and lesser of 100% of billed charges. AMLOS + 5 Outlier per Diem $7,362.00. Add-on payment, and lesser of 100% of billed charges.",,,,,,,,," ",,,,,,,,," ",,,,,,,,," ",,,,,,,,," ",,,,,,,,," ",,,,,,,,," ",,,,,,,,," ",36132.45,,,,,,,Case Rate,"Medicare Base Rate times Standard Inpatient Weight. 100 percent of Medicare DRG. Add-on payment,  . 100 percent of Medicare DRG. Add-on payment,  .",138310.74,,,,,,,Case Rate,"Medicare Base Rate times Standard Inpatient Weight. AMLOS + 5 Outlier per Diem $7,362.00. Add-on payment, and lesser of 100% of billed charges. AMLOS + 5 Outlier per Diem $7,362.00. Add-on payment, and lesser of 100% of billed charges.",36132.45,,,,,,,Case Rate,"Medicare Base Rate times Standard Inpatient Weight. 100 percent of Medicare DRG. Add-on payment,  . 100 percent of Medicare DRG. Add-on payment,  .",,,,,,,,," ",149458.88,,,,,,,Case Rate,"Medicare Base Rate times Standard Inpatient Weight. GMLOS + 6 Outlier per Diem $9,081.00 Add-on payment, and lesser of 100% of billed charges. GMLOS + 6 Outlier per Diem $9,081.00 Add-on payment, and lesser of 100% of billed charges.",36132.45,,,,,,,Case Rate,"Medicare Base Rate times Standard Inpatient Weight. 100 percent of Medicare DRG. Add-on payment,  . 100 percent of Medicare DRG. Add-on payment,  .",149458.88,,,,,,,Case Rate,"Medicare Base Rate times Standard Inpatient Weight. GMLOS + 6 Outlier per Diem $9,081.00 Add-on payment, and lesser of 100% of billed charges. GMLOS + 6 Outlier per Diem $9,081.00 Add-on payment, and lesser of 100% of billed charges.",149458.88,,,,,,,Case Rate,"Medicare Base Rate times Standard Inpatient Weight. GMLOS + 6 Outlier per Diem $9,081.00 Add-on payment, and lesser of 100% of billed charges. GMLOS + 6 Outlier per Diem $9,081.00 Add-on payment, and lesser of 100% of billed charges.",149458.88,,,,,,,Case Rate,"Medicare Base Rate times Standard Inpatient Weight. GMLOS + 6 Outlier per Diem $9,081.00 Add-on payment, and lesser of 100% of billed charges. GMLOS + 6 Outlier per Diem $9,081.00 Add-on payment, and lesser of 100% of billed charges.",,,,,,,,," ",36132.45,,,,,,,Case Rate,"Medicare Base Rate times Standard Inpatient Weight. 100 percent of Medicare DRG. Add-on payment,  . 100 percent of Medicare DRG. Add-on payment,  .",149458.88,,,,,,,Case Rate,"Medicare Base Rate times Standard Inpatient Weight. GMLOS + 6 Outlier per Diem $9,081.00 Add-on payment, and lesser of 100% of billed charges. GMLOS + 6 Outlier per Diem $9,081.00 Add-on payment, and lesser of 100% of billed charges.",,,,,,,,," ",149458.88,,,,,,,Case Rate,"Medicare Base Rate times Standard Inpatient Weight. GMLOS + 6 Outlier per Diem $9,081.00 Add-on payment, and lesser of 100% of billed charges. GMLOS + 6 Outlier per Diem $9,081.00 Add-on payment, and lesser of 100% of billed charges.",37939.07,,,,,,,Case Rate,"105% of the Diagnostic Related Group fee schedule established by CMS for Medicare in force as of the date of payment.. Delay in Discharge per diem $4,007 Delay in Discharge per diem $4,007",36132.45,,,,,,,Case Rate,"Medicare Base Rate times Standard Inpatient Weight. 100 percent of Medicare DRG. Add-on payment, . 100 percent of Medicare DRG. Add-on payment, .",91368.36,,,,,,,Case Rate,"Medicare Base Rate times Standard Inpatient Weight. GMLOS + 8 Outlier per Diem $4,623.00. Add-on payment, and lesser of 100% of billed charges. GMLOS + 8 Outlier per Diem $4,623.00. Add-on payment, and lesser of 100% of billed charges.",91368.36,,,,,,,Case Rate,"Medicare Base Rate times Standard Inpatient Weight. GMLOS + 8 Outlier per Diem $4,623.00. Add-on payment, and lesser of 100% of billed charges. GMLOS + 8 Outlier per Diem $4,623.00. Add-on payment, and lesser of 100% of billed charges.",91368.36,,,,,,,Case Rate,"Medicare Base Rate times Standard Inpatient Weight. GMLOS + 8 Outlier per Diem $4,623.00. Add-on payment, and lesser of 100% of billed charges. GMLOS + 8 Outlier per Diem $4,623.00. Add-on payment, and lesser of 100% of billed charges.",91368.36,,,,,,,Case Rate,"Medicare Base Rate times Standard Inpatient Weight. GMLOS + 8 Outlier per Diem $4,623.00. Add-on payment, and lesser of 100% of billed charges. GMLOS + 8 Outlier per Diem $4,623.00. Add-on payment, and lesser of 100% of billed charges.",91368.36,,,,,,,Case Rate,"Medicare Base Rate times Standard Inpatient Weight. GMLOS + 8 Outlier per Diem $4,623.00. Add-on payment, and lesser of 100% of billed charges. GMLOS + 8 Outlier per Diem $4,623.00. Add-on payment, and lesser of 100% of billed charges.",107487.72,,,,,,,Case Rate,"Medicare Base Rate times Standard Inpatient Weight. Add-on payment, and lesser of 100% of billed charges. Add-on payment, and lesser of 100% of billed charges.",107487.72,,,,,,,Case Rate,"Medicare Base Rate times Standard Inpatient Weight. Add-on payment, and lesser of 100% of billed charges. Add-on payment, and lesser of 100% of billed charges.",91368.36,,,,,,,Case Rate,"Medicare Base Rate times Standard Inpatient Weight. GMLOS + 8 Outlier per Diem $4,623.00. Add-on payment, and lesser of 100% of billed charges. GMLOS + 8 Outlier per Diem $4,623.00. Add-on payment, and lesser of 100% of billed charges.",91368.36,,,,,,,Case Rate,"Medicare Base Rate times Standard Inpatient Weight. GMLOS + 8 Outlier per Diem $4,623.00. Add-on payment, and lesser of 100% of billed charges. GMLOS + 8 Outlier per Diem $4,623.00. Add-on payment, and lesser of 100% of billed charges.",91368.36,,,,,,,Case Rate,"Medicare Base Rate times Standard Inpatient Weight. GMLOS + 8 Outlier per Diem $4,623.00. Add-on payment, and lesser of 100% of billed charges. GMLOS + 8 Outlier per Diem $4,623.00. Add-on payment, and lesser of 100% of billed charges.",91368.36,,,,,,,Case Rate,"Medicare Base Rate times Standard Inpatient Weight. GMLOS + 8 Outlier per Diem $4,623.00. Add-on payment, and lesser of 100% of billed charges. GMLOS + 8 Outlier per Diem $4,623.00. Add-on payment, and lesser of 100% of billed charges.",91368.36,,,,,,,Case Rate,"Medicare Base Rate times Standard Inpatient Weight. GMLOS + 8 Outlier per Diem $4,623.00. Add-on payment, and lesser of 100% of billed charges. GMLOS + 8 Outlier per Diem $4,623.00. Add-on payment, and lesser of 100% of billed charges.",36132.45,,,,,,,Case Rate,"Medicare Base Rate times Standard Inpatient Weight. 100 percent of Medicare DRG. Add-on payment,  . 100 percent of Medicare DRG. Add-on payment,  .",107487.72,,,,,,,Case Rate,"Medicare Base Rate times Standard Inpatient Weight. Add-on payment, and lesser of 100% of billed charges. Add-on payment, and lesser of 100% of billed charges.",36132.45,,,,,,,Case Rate,"Medicare Base Rate times Standard Inpatient Weight. 100 percent of Medicare DRG. Add-on payment,  . 100 percent of Medicare DRG. Add-on payment,  .",,,,,,,,," ",,,,,,,,," ",138310.74,,,,,,,Case Rate,"Medicare Base Rate times Standard Inpatient Weight. AMLOS + 5 Outlier per Diem $7,362.00. Add-on payment, and lesser of 100% of billed charges. AMLOS + 5 Outlier per Diem $7,362.00. Add-on payment, and lesser of 100% of billed charges.",138310.74,,,,,,,Case Rate,"Medicare Base Rate times Standard Inpatient Weight. AMLOS + 5 Outlier per Diem $7,362.00. Add-on payment, and lesser of 100% of billed charges. AMLOS + 5 Outlier per Diem $7,362.00. Add-on payment, and lesser of 100% of billed charges.",36132.45,,,,,,,Case Rate,"Medicare Base Rate times Standard Inpatient Weight. 100 percent of Medicare DRG. Add-on payment,  . 100 percent of Medicare DRG. Add-on payment,  .",106763.58,,,,,,,Case Rate,"Medicare Base Rate times Standard Inpatient Weight. Add-on payment, and lesser of 100% of billed charges. Add-on payment, and lesser of 100% of billed charges.",36132.45,,,,,,,Case Rate,"Medicare Base Rate times Standard Inpatient Weight. 100 percent of Medicare DRG. Add-on payment,  . 100 percent of Medicare DRG. Add-on payment,  .",36132.45,,,,,,,Case Rate,"Medicare Base Rate times Standard Inpatient Weight. 100 percent of Medicare DRG. Add-on payment,  . 100 percent of Medicare DRG. Add-on payment,  .",94442.34,,,,,,,Case Rate,"Medicare Base Rate times Standard Inpatient Weight. GMLOS + 8 Outlier per Diem $6,968.00. Add-on payment, and lesser of 100% of billed charges. GMLOS + 8 Outlier per Diem $6,968.00. Add-on payment, and lesser of 100% of billed charges.",36132.45,,,,,,,Case Rate,"Medicare Base Rate times Standard Inpatient Weight. 100 percent of Medicare DRG. Add-on payment,  . 100 percent of Medicare DRG. Add-on payment,  .",105029.27,,,,,,,Case Rate,"Medicare Base Rate times Standard Inpatient Weight. Outlier (25+) per Diem $7,671.00. Add-on payment, and lesser of 100% of billed charges. Outlier (25+) per Diem $7,671.00. Add-on payment, and lesser of 100% of billed charges.",36132.45,,,,,,,Case Rate,"Medicare Base Rate times Standard Inpatient Weight. 100 percent of Medicare DRG. Add-on payment,  . 100 percent of Medicare DRG. Add-on payment,  .",105029.27,,,,,,,Case Rate,"Medicare Base Rate times Standard Inpatient Weight. Outlier (25+) per Diem $7,671.00. Add-on payment, and lesser of 100% of billed charges. Outlier (25+) per Diem $7,671.00. Add-on payment, and lesser of 100% of billed charges.",94442.34,,,,,,,Case Rate,"Medicare Base Rate times Standard Inpatient Weight. GMLOS + 8 Outlier per Diem $6,968.00. Add-on payment, and lesser of 100% of billed charges. GMLOS + 8 Outlier per Diem $6,968.00. Add-on payment, and lesser of 100% of billed charges.",105029.27,,,,,,,Case Rate,"Medicare Base Rate times Standard Inpatient Weight. Outlier (25+) per Diem $7,671.00. Add-on payment, and lesser of 100% of billed charges. Outlier (25+) per Diem $7,671.00. Add-on payment, and lesser of 100% of billed charges.",36132.45,,,,,,,Case Rate,"Medicare Base Rate times Standard Inpatient Weight. 100 percent of Medicare DRG. Add-on payment,  . 100 percent of Medicare DRG. Add-on payment,  .",,,,,,,,," ",36132.45,,,,,,,Case Rate,"Medicare Base Rate times Standard Inpatient Weight. 100 percent of Medicare DRG. Add-on payment,  . 100 percent of Medicare DRG. Add-on payment,  .",105029.27,,,,,,,Case Rate,"Medicare Base Rate times Standard Inpatient Weight. Outlier (25+) per Diem $7,671.00. Add-on payment, and lesser of 100% of billed charges. Outlier (25+) per Diem $7,671.00. Add-on payment, and lesser of 100% of billed charges.",138310.74,,,,,,,Case Rate,"Medicare Base Rate times Standard Inpatient Weight. AMLOS + 5 Outlier per Diem $7,362.00. Add-on payment, and lesser of 100% of billed charges. AMLOS + 5 Outlier per Diem $7,362.00. Add-on payment, and lesser of 100% of billed charges.",,,,,,,,," ",149458.88,,,,,,,Case Rate,"Medicare Base Rate times Standard Inpatient Weight. GMLOS + 6 Outlier per Diem $9,081.00 Add-on payment, and lesser of 100% of billed charges. GMLOS + 6 Outlier per Diem $9,081.00 Add-on payment, and lesser of 100% of billed charges.",,,,,,,,," ",,,,,,,,," ",147224.9,,,,,,,Case Rate,"Medicare Base Rate times Standard Inpatient Weight. GMLOS + 6 Outlier per Diem $9,081.00 Add-on payment, and lesser of 100% of billed charges. GMLOS + 6 Outlier per Diem $9,081.00 Add-on payment, and lesser of 100% of billed charges.",147224.9,,,,,,,Case Rate,"Medicare Base Rate times Standard Inpatient Weight. GMLOS + 6 Outlier per Diem $9,081.00 Add-on payment, and lesser of 100% of billed charges. GMLOS + 6 Outlier per Diem $9,081.00 Add-on payment, and lesser of 100% of billed charges.",149458.88,,,,,,,Case Rate,"Medicare Base Rate times Standard Inpatient Weight. GMLOS + 6 Outlier per Diem $9,081.00 Add-on payment, and lesser of 100% of billed charges. GMLOS + 6 Outlier per Diem $9,081.00 Add-on payment, and lesser of 100% of billed charges.",138310.74,,,,,,,Case Rate,"Medicare Base Rate times Standard Inpatient Weight. AMLOS + 5 Outlier per Diem $7,362.00. Add-on payment, and lesser of 100% of billed charges. AMLOS + 5 Outlier per Diem $7,362.00. Add-on payment, and lesser of 100% of billed charges.",149458.88,,,,,,,Case Rate,"Medicare Base Rate times Standard Inpatient Weight. GMLOS + 6 Outlier per Diem $9,081.00 Add-on payment, and lesser of 100% of billed charges. GMLOS + 6 Outlier per Diem $9,081.00 Add-on payment, and lesser of 100% of billed charges.",147224.9,,,,,,,Case Rate,"Medicare Base Rate times Standard Inpatient Weight. GMLOS + 6 Outlier per Diem $9,081.00 Add-on payment, and lesser of 100% of billed charges. GMLOS + 6 Outlier per Diem $9,081.00 Add-on payment, and lesser of 100% of billed charges.",149458.88,,,,,,,Case Rate,"Medicare Base Rate times Standard Inpatient Weight. GMLOS + 6 Outlier per Diem $9,081.00 Add-on payment, and lesser of 100% of billed charges. GMLOS + 6 Outlier per Diem $9,081.00 Add-on payment, and lesser of 100% of billed charges.",91368.36,,,,,,,Case Rate,"Medicare Base Rate times Standard Inpatient Weight. GMLOS + 8 Outlier per Diem $4,623.00. Add-on payment, and lesser of 100% of billed charges. GMLOS + 8 Outlier per Diem $4,623.00. Add-on payment, and lesser of 100% of billed charges.",91368.36,,,,,,,Case Rate,"Medicare Base Rate times Standard Inpatient Weight. GMLOS + 8 Outlier per Diem $4,623.00. Add-on payment, and lesser of 100% of billed charges. GMLOS + 8 Outlier per Diem $4,623.00. Add-on payment, and lesser of 100% of billed charges.",94827.5,,,,,,,Case Rate,. 200 percent of Medicare 200 percent of Medicare,,,,,,,,," ",138310.74,,,,,,,Case Rate,"Medicare Base Rate times Standard Inpatient Weight. AMLOS + 5 Outlier per Diem $7,362.00. Add-on payment, and lesser of 100% of billed charges. AMLOS + 5 Outlier per Diem $7,362.00. Add-on payment, and lesser of 100% of billed charges.",105029.27,,,,,,,Case Rate,"Medicare Base Rate times Standard Inpatient Weight. Outlier (25+) per Diem $7,671.00. Add-on payment, and lesser of 100% of billed charges. Outlier (25+) per Diem $7,671.00. Add-on payment, and lesser of 100% of billed charges.",94442.34,,,,,,,Case Rate,"Medicare Base Rate times Standard Inpatient Weight. GMLOS + 8 Outlier per Diem $6,968.00. Add-on payment, and lesser of 100% of billed charges. GMLOS + 8 Outlier per Diem $6,968.00. Add-on payment, and lesser of 100% of billed charges.",138310.74,,,,,,,Case Rate,"Medicare Base Rate times Standard Inpatient Weight. AMLOS + 5 Outlier per Diem $7,362.00. Add-on payment, and lesser of 100% of billed charges. AMLOS + 5 Outlier per Diem $7,362.00. Add-on payment, and lesser of 100% of billed charges.",94442.34,,,,,,,Case Rate,"Medicare Base Rate times Standard Inpatient Weight. GMLOS + 8 Outlier per Diem $6,968.00. Add-on payment, and lesser of 100% of billed charges. GMLOS + 8 Outlier per Diem $6,968.00. Add-on payment, and lesser of 100% of billed charges.",138310.74,,,,,,,Case Rate,"Medicare Base Rate times Standard Inpatient Weight. AMLOS + 5 Outlier per Diem $7,362.00. Add-on payment, and lesser of 100% of billed charges. AMLOS + 5 Outlier per Diem $7,362.00. Add-on payment, and lesser of 100% of billed charges.",149458.88,,,,,,,Case Rate,"Medicare Base Rate times Standard Inpatient Weight. GMLOS + 6 Outlier per Diem $9,081.00 Add-on payment, and lesser of 100% of billed charges. GMLOS + 6 Outlier per Diem $9,081.00 Add-on payment, and lesser of 100% of billed charges.",147224.9,,,,,,,Case Rate,"Medicare Base Rate times Standard Inpatient Weight. GMLOS + 6 Outlier per Diem $9,081.00 Add-on payment, and lesser of 100% of billed charges. GMLOS + 6 Outlier per Diem $9,081.00 Add-on payment, and lesser of 100% of billed charges.",147224.9,,,,,,,Case Rate,"Medicare Base Rate times Standard Inpatient Weight. GMLOS + 6 Outlier per Diem $9,081.00 Add-on payment, and lesser of 100% of billed charges. GMLOS + 6 Outlier per Diem $9,081.00 Add-on payment, and lesser of 100% of billed charges.",149458.88,,,,,,,Case Rate,"Medicare Base Rate times Standard Inpatient Weight. GMLOS + 6 Outlier per Diem $9,081.00 Add-on payment, and lesser of 100% of billed charges. GMLOS + 6 Outlier per Diem $9,081.00 Add-on payment, and lesser of 100% of billed charges.",36132.45,,,,,,,Case Rate,"Medicare Base Rate times Standard Inpatient Weight. 100 percent of Medicare DRG. Add-on payment,  . 100 percent of Medicare DRG. Add-on payment,  .",31840.34,164821.51,
MS335,DRG,,,,,MS-DRG 335 PERITONEAL ADHESIOLYSIS WITH MCC,,,Inpatient,,,,114600.89,,,,,,,Case Rate,Medicare Base Rate times Standard Inpatient Weight. Local 1199 High/Low day Outlier Local 1199 High/Low day Outlier,114600.89,,,,,,,Case Rate,Medicare Base Rate times Standard Inpatient Weight. Local 1199 High/Low day Outlier Local 1199 High/Low day Outlier,93143.36,,,,,,,Case Rate,"Medicare Base Rate times Standard Inpatient Weight. GMLOS + 8 Outlier per Diem $6,968.00. Add-on payment, and lesser of 100% of billed charges. GMLOS + 8 Outlier per Diem $6,968.00. Add-on payment, and lesser of 100% of billed charges.",,100,,,,,0,Percent of total billed charges,100 percent of charges.  ; No services were performed during the 15 month look back period.,35643.04,,,,,,,Case Rate,"Medicare Base Rate times Standard Inpatient Weight. 100 percent of Medicare DRG. Add-on payment,  . 100 percent of Medicare DRG. Add-on payment,  .",93143.36,,,,,,,Case Rate,"Medicare Base Rate times Standard Inpatient Weight. GMLOS + 8 Outlier per Diem $6,968.00. Add-on payment, and lesser of 100% of billed charges. GMLOS + 8 Outlier per Diem $6,968.00. Add-on payment, and lesser of 100% of billed charges.",93143.36,,,,,,,Case Rate,"Medicare Base Rate times Standard Inpatient Weight. GMLOS + 8 Outlier per Diem $6,968.00. Add-on payment, and lesser of 100% of billed charges. GMLOS + 8 Outlier per Diem $6,968.00. Add-on payment, and lesser of 100% of billed charges.",93143.36,,,,,,,Case Rate,"Medicare Base Rate times Standard Inpatient Weight. GMLOS + 8 Outlier per Diem $6,968.00. Add-on payment, and lesser of 100% of billed charges. GMLOS + 8 Outlier per Diem $6,968.00. Add-on payment, and lesser of 100% of billed charges.",,,,,,,,," ",,,,,,,,," ",,73,,,,,0,Percent of total billed charges,73 percent of charges.  ; No services were performed during the 15 month look back period.,136408.38,,,,,,,Case Rate,"Medicare Base Rate times Standard Inpatient Weight. AMLOS + 5 Outlier per Diem $7,362.00. Add-on payment, and lesser of 100% of billed charges. AMLOS + 5 Outlier per Diem $7,362.00. Add-on payment, and lesser of 100% of billed charges.",,,,,,,,," ",35643.04,,,,,,,Case Rate,"Medicare Base Rate times Standard Inpatient Weight. 100 percent of Medicare DRG. Add-on payment,  . 100 percent of Medicare DRG. Add-on payment,  .",103584.67,,,,,,,Case Rate,"Medicare Base Rate times Standard Inpatient Weight. Outlier (25+) per Diem $7,671.00. Add-on payment, and lesser of 100% of billed charges. Outlier (25+) per Diem $7,671.00. Add-on payment, and lesser of 100% of billed charges.",103584.67,,,,,,,Case Rate,"Medicare Base Rate times Standard Inpatient Weight. Outlier (25+) per Diem $7,671.00. Add-on payment, and lesser of 100% of billed charges. Outlier (25+) per Diem $7,671.00. Add-on payment, and lesser of 100% of billed charges.",103584.67,,,,,,,Case Rate,"Medicare Base Rate times Standard Inpatient Weight. Outlier (25+) per Diem $7,671.00. Add-on payment, and lesser of 100% of billed charges. Outlier (25+) per Diem $7,671.00. Add-on payment, and lesser of 100% of billed charges.",103584.67,,,,,,,Case Rate,"Medicare Base Rate times Standard Inpatient Weight. Outlier (25+) per Diem $7,671.00. Add-on payment, and lesser of 100% of billed charges. Outlier (25+) per Diem $7,671.00. Add-on payment, and lesser of 100% of billed charges.",,,,,,,,," ",35643.04,,,,,,,Case Rate,"Medicare Base Rate times Standard Inpatient Weight. 100 percent of Medicare DRG. Add-on payment,  . 100 percent of Medicare DRG. Add-on payment,  .",,,,,,,,," ",,73,,,,,0,Percent of total billed charges,73 percent of charges.  ; No services were performed during the 15 month look back period.,93143.36,,,,,,,Case Rate,"Medicare Base Rate times Standard Inpatient Weight. GMLOS + 8 Outlier per Diem $6,968.00. Add-on payment, and lesser of 100% of billed charges. GMLOS + 8 Outlier per Diem $6,968.00. Add-on payment, and lesser of 100% of billed charges.",35643.04,,,,,,,Case Rate,"Medicare Base Rate times Standard Inpatient Weight. 100 percent of Medicare DRG. Add-on payment, and lesser of 100% of billed charges. 100 percent of Medicare DRG. Add-on payment, and lesser of 100% of billed charges.",106009.31,,,,,,,Case Rate,"Medicare Base Rate times Standard Inpatient Weight. Add-on payment, and lesser of 100% of billed charges. Add-on payment, and lesser of 100% of billed charges.",35643.04,,,,,,,Case Rate,"Medicare Base Rate times Standard Inpatient Weight. 100 percent of Medicare DRG. Add-on payment, and lesser of 100% of billed charges. 100 percent of Medicare DRG. Add-on payment, and lesser of 100% of billed charges.",35643.04,,,,,,,Case Rate,"Medicare Base Rate times Standard Inpatient Weight. 100 percent of Medicare DRG. Add-on payment, and lesser of 100% of billed charges. 100 percent of Medicare DRG. Add-on payment, and lesser of 100% of billed charges.",,73,,,,,0,Percent of total billed charges,73 percent of charges.  ; No services were performed during the 15 month look back period.,,,,,,,,," ",,,,,,,,," ",,,,,,,,," ",,,,,,,,," ",106009.31,,,,,,,Case Rate,"Medicare Base Rate times Standard Inpatient Weight. Add-on payment, and lesser of 100% of billed charges. Add-on payment, and lesser of 100% of billed charges.",106009.31,,,,,,,Case Rate,"Medicare Base Rate times Standard Inpatient Weight. Add-on payment, and lesser of 100% of billed charges. Add-on payment, and lesser of 100% of billed charges.",,,,,,,,," ",106009.31,,,,,,,Case Rate,"Medicare Base Rate times Standard Inpatient Weight. Add-on payment, and lesser of 100% of billed charges. Add-on payment, and lesser of 100% of billed charges.",,,,,,,,," ",35643.04,,,,,,,Case Rate,"Medicare Base Rate times Standard Inpatient Weight. 100 percent of Medicare DRG. Add-on payment, . 100 percent of Medicare DRG. Add-on payment, .",106009.31,,,,,,,Case Rate,"Medicare Base Rate times Standard Inpatient Weight. Add-on payment, and lesser of 100% of billed charges. Add-on payment, and lesser of 100% of billed charges.",,73,,,,,0,Percent of total billed charges,73 percent of charges.  ; No services were performed during the 15 month look back period.,,,,,,,,," ",,,,,,,,," ",,73,,,,,0,Percent of total billed charges,73 percent of charges.  ; No services were performed during the 15 month look back period.,103584.67,,,,,,,Case Rate,"Medicare Base Rate times Standard Inpatient Weight. Outlier (25+) per Diem $7,671.00. Add-on payment, and lesser of 100% of billed charges. Outlier (25+) per Diem $7,671.00. Add-on payment, and lesser of 100% of billed charges.",99228.17,,,,,,,Case Rate,"Medicare Base Rate times Standard Inpatient Weight. AMLOS + 5 Outlier per Diem $7,167.00. Add-on payment, and lesser of 100% of billed charges. AMLOS + 5 Outlier per Diem $7,167.00. Add-on payment, and lesser of 100% of billed charges.",99228.17,,,,,,,Case Rate,"Medicare Base Rate times Standard Inpatient Weight. AMLOS + 5 Outlier per Diem $7,167.00. Add-on payment, and lesser of 100% of billed charges. AMLOS + 5 Outlier per Diem $7,167.00. Add-on payment, and lesser of 100% of billed charges.",,73,,,,,0,Percent of total billed charges,73 percent of charges.  ; No services were performed during the 15 month look back period.,35643.04,,,,,,,Case Rate,"Medicare Base Rate times Standard Inpatient Weight. 100 percent of Medicare DRG. Add-on payment,  . 100 percent of Medicare DRG. Add-on payment,  .",136408.38,,,,,,,Case Rate,"Medicare Base Rate times Standard Inpatient Weight. AMLOS + 5 Outlier per Diem $7,362.00. Add-on payment, and lesser of 100% of billed charges. AMLOS + 5 Outlier per Diem $7,362.00. Add-on payment, and lesser of 100% of billed charges.",136408.38,,,,,,,Case Rate,"Medicare Base Rate times Standard Inpatient Weight. AMLOS + 5 Outlier per Diem $7,362.00. Add-on payment, and lesser of 100% of billed charges. AMLOS + 5 Outlier per Diem $7,362.00. Add-on payment, and lesser of 100% of billed charges.",136408.38,,,,,,,Case Rate,"Medicare Base Rate times Standard Inpatient Weight. AMLOS + 5 Outlier per Diem $7,362.00. Add-on payment, and lesser of 100% of billed charges. AMLOS + 5 Outlier per Diem $7,362.00. Add-on payment, and lesser of 100% of billed charges.",35643.04,,,,,,,Case Rate,"Medicare Base Rate times Standard Inpatient Weight. 100 percent of Medicare DRG. Add-on payment,  . 100 percent of Medicare DRG. Add-on payment,  .",136408.38,,,,,,,Case Rate,"Medicare Base Rate times Standard Inpatient Weight. AMLOS + 5 Outlier per Diem $7,362.00. Add-on payment, and lesser of 100% of billed charges. AMLOS + 5 Outlier per Diem $7,362.00. Add-on payment, and lesser of 100% of billed charges.",136408.38,,,,,,,Case Rate,"Medicare Base Rate times Standard Inpatient Weight. AMLOS + 5 Outlier per Diem $7,362.00. Add-on payment, and lesser of 100% of billed charges. AMLOS + 5 Outlier per Diem $7,362.00. Add-on payment, and lesser of 100% of billed charges.",35643.04,,,,,,,Case Rate,"Medicare Base Rate times Standard Inpatient Weight. 100 percent of Medicare DRG. Add-on payment, and lesser of 100% of billed charges. 100 percent of Medicare DRG. Add-on payment, and lesser of 100% of billed charges.",155316.3,,,,,,,Case Rate,"Medicare Base Rate times Standard Inpatient Weight. GMLOS + 6 Outlier per Diem $11,932.00. Add-on payment, and lesser of 100% of billed charges. GMLOS + 6 Outlier per Diem $11,932.00. Add-on payment, and lesser of 100% of billed charges.",147403.18,,,,,,,Case Rate,"Medicare Base Rate times Standard Inpatient Weight. GMLOS + 6 Outlier per Diem $9,081.00 Add-on payment, and lesser of 100% of billed charges. GMLOS + 6 Outlier per Diem $9,081.00 Add-on payment, and lesser of 100% of billed charges.",147403.18,,,,,,,Case Rate,"Medicare Base Rate times Standard Inpatient Weight. GMLOS + 6 Outlier per Diem $9,081.00 Add-on payment, and lesser of 100% of billed charges. GMLOS + 6 Outlier per Diem $9,081.00 Add-on payment, and lesser of 100% of billed charges.",145199.94,,,,,,,Case Rate,"Medicare Base Rate times Standard Inpatient Weight. GMLOS + 6 Outlier per Diem $9,081.00 Add-on payment, and lesser of 100% of billed charges. GMLOS + 6 Outlier per Diem $9,081.00 Add-on payment, and lesser of 100% of billed charges.",162554.51,,,,,,,Case Rate,"Medicare Base Rate times Standard Inpatient Weight. GMLOS + 6 Outlier per Diem $9,081.00 Add-on payment, and lesser of 100% of billed charges. GMLOS + 6 Outlier per Diem $9,081.00 Add-on payment, and lesser of 100% of billed charges.",145199.94,,,,,,,Case Rate,"Medicare Base Rate times Standard Inpatient Weight. GMLOS + 6 Outlier per Diem $9,081.00 Add-on payment, and lesser of 100% of billed charges. GMLOS + 6 Outlier per Diem $9,081.00 Add-on payment, and lesser of 100% of billed charges.",147403.18,,,,,,,Case Rate,"Medicare Base Rate times Standard Inpatient Weight. GMLOS + 6 Outlier per Diem $9,081.00 Add-on payment, and lesser of 100% of billed charges. GMLOS + 6 Outlier per Diem $9,081.00 Add-on payment, and lesser of 100% of billed charges.",35643.04,,,,,,,Case Rate,"Medicare Base Rate times Standard Inpatient Weight. 100 percent of Medicare DRG. Add-on payment,  . 100 percent of Medicare DRG. Add-on payment,  .",35643.04,,,,,,,Case Rate,"Medicare Base Rate times Standard Inpatient Weight. 100 percent of Medicare DRG. Add-on payment,  . 100 percent of Medicare DRG. Add-on payment,  .",162554.51,,,,,,,Case Rate,"Medicare Base Rate times Standard Inpatient Weight. GMLOS + 6 Outlier per Diem $9,081.00 Add-on payment, and lesser of 100% of billed charges. GMLOS + 6 Outlier per Diem $9,081.00 Add-on payment, and lesser of 100% of billed charges.",,73,,,,,0,Percent of total billed charges,73 percent of charges.  ; No services were performed during the 15 month look back period.,,73,,,,,0,Percent of total billed charges,73 percent of charges.  ; No services were performed during the 15 month look back period.,,73,,,,,0,Percent of total billed charges,73 percent of charges.  ; No services were performed during the 15 month look back period.,,73,,,,,0,Percent of total billed charges,73 percent of charges.  ; No services were performed during the 15 month look back period.,,73,,,,,0,Percent of total billed charges,73 percent of charges.  ; No services were performed during the 15 month look back period.,,73,,,,,0,Percent of total billed charges,73 percent of charges.  ; No services were performed during the 15 month look back period.,,73,,,,,0,Percent of total billed charges,73 percent of charges.  ; No services were performed during the 15 month look back period.,,73,,,,,0,Percent of total billed charges,73 percent of charges.  ; No services were performed during the 15 month look back period.,,73,,,,,0,Percent of total billed charges,73 percent of charges.  ; No services were performed during the 15 month look back period.,,73,,,,,0,Percent of total billed charges,73 percent of charges.  ; No services were performed during the 15 month look back period.,,73,,,,,0,Percent of total billed charges,73 percent of charges.  ; No services were performed during the 15 month look back period.,,73,,,,,0,Percent of total billed charges,73 percent of charges.  ; No services were performed during the 15 month look back period.,,73,,,,,0,Percent of total billed charges,73 percent of charges.  ; No services were performed during the 15 month look back period.,,73,,,,,0,Percent of total billed charges,73 percent of charges.  ; No services were performed during the 15 month look back period.,,73,,,,,0,Percent of total billed charges,73 percent of charges.  ; No services were performed during the 15 month look back period.,,73,,,,,0,Percent of total billed charges,73 percent of charges.  ; No services were performed during the 15 month look back period.,,73,,,,,0,Percent of total billed charges,73 percent of charges.  ; No services were performed during the 15 month look back period.,,73,,,,,0,Percent of total billed charges,73 percent of charges.  ; No services were performed during the 15 month look back period.,,73,,,,,0,Percent of total billed charges,73 percent of charges.  ; No services were performed during the 15 month look back period.,,73,,,,,0,Percent of total billed charges,73 percent of charges.  ; No services were performed during the 15 month look back period.,,73,,,,,0,Percent of total billed charges,73 percent of charges.  ; No services were performed during the 15 month look back period.,,73,,,,,0,Percent of total billed charges,73 percent of charges.  ; No services were performed during the 15 month look back period.,,73,,,,,0,Percent of total billed charges,73 percent of charges.  ; No services were performed during the 15 month look back period.,,73,,,,,0,Percent of total billed charges,73 percent of charges.  ; No services were performed during the 15 month look back period.,,73,,,,,0,Percent of total billed charges,73 percent of charges.  ; No services were performed during the 15 month look back period.,,73,,,,,0,Percent of total billed charges,73 percent of charges.  ; No services were performed during the 15 month look back period.,106009.31,,,,,,,Case Rate,"Medicare Base Rate times Standard Inpatient Weight. Add-on payment, and lesser of 100% of billed charges. Add-on payment, and lesser of 100% of billed charges.",106009.31,,,,,,,Case Rate,"Medicare Base Rate times Standard Inpatient Weight. Add-on payment, and lesser of 100% of billed charges. Add-on payment, and lesser of 100% of billed charges.",106009.31,,,,,,,Case Rate,"Medicare Base Rate times Standard Inpatient Weight. Add-on payment, and lesser of 100% of billed charges. Add-on payment, and lesser of 100% of billed charges.",106009.31,,,,,,,Case Rate,"Medicare Base Rate times Standard Inpatient Weight. Add-on payment, and lesser of 100% of billed charges. Add-on payment, and lesser of 100% of billed charges.",105295.13,,,,,,,Case Rate,"Medicare Base Rate times Standard Inpatient Weight. Add-on payment, and lesser of 100% of billed charges. Add-on payment, and lesser of 100% of billed charges.",105295.13,,,,,,,Case Rate,"Medicare Base Rate times Standard Inpatient Weight. Add-on payment, and lesser of 100% of billed charges. Add-on payment, and lesser of 100% of billed charges.",103584.67,,,,,,,Case Rate,"Medicare Base Rate times Standard Inpatient Weight. Outlier (25+) per Diem $7,671.00. Add-on payment, and lesser of 100% of billed charges. Outlier (25+) per Diem $7,671.00. Add-on payment, and lesser of 100% of billed charges.",147403.18,,,,,,,Case Rate,"Medicare Base Rate times Standard Inpatient Weight. GMLOS + 6 Outlier per Diem $9,081.00 Add-on payment, and lesser of 100% of billed charges. GMLOS + 6 Outlier per Diem $9,081.00 Add-on payment, and lesser of 100% of billed charges.",136408.38,,,,,,,Case Rate,"Medicare Base Rate times Standard Inpatient Weight. AMLOS + 5 Outlier per Diem $7,362.00. Add-on payment, and lesser of 100% of billed charges. AMLOS + 5 Outlier per Diem $7,362.00. Add-on payment, and lesser of 100% of billed charges.",145199.94,,,,,,,Case Rate,"Medicare Base Rate times Standard Inpatient Weight. GMLOS + 6 Outlier per Diem $9,081.00 Add-on payment, and lesser of 100% of billed charges. GMLOS + 6 Outlier per Diem $9,081.00 Add-on payment, and lesser of 100% of billed charges.",,73,,,,,0,Percent of total billed charges,73 percent of charges.  ; No services were performed during the 15 month look back period.,105295.13,,,,,,,Case Rate,"Medicare Base Rate times Standard Inpatient Weight. Add-on payment, and lesser of 100% of billed charges. Add-on payment, and lesser of 100% of billed charges.",147403.18,,,,,,,Case Rate,"Medicare Base Rate times Standard Inpatient Weight. GMLOS + 6 Outlier per Diem $9,081.00 Add-on payment, and lesser of 100% of billed charges. GMLOS + 6 Outlier per Diem $9,081.00 Add-on payment, and lesser of 100% of billed charges.",136408.38,,,,,,,Case Rate,"Medicare Base Rate times Standard Inpatient Weight. AMLOS + 5 Outlier per Diem $7,362.00. Add-on payment, and lesser of 100% of billed charges. AMLOS + 5 Outlier per Diem $7,362.00. Add-on payment, and lesser of 100% of billed charges.",103584.67,,,,,,,Case Rate,"Medicare Base Rate times Standard Inpatient Weight. Outlier (25+) per Diem $7,671.00. Add-on payment, and lesser of 100% of billed charges. Outlier (25+) per Diem $7,671.00. Add-on payment, and lesser of 100% of billed charges.",,,,,,,,," ",,73,,,,,0,Percent of total billed charges,73 percent of charges.  ; No services were performed during the 15 month look back period.,,,,,,,,," ",106009.31,,,,,,,Case Rate,"Medicare Base Rate times Standard Inpatient Weight. Add-on payment, and lesser of 100% of billed charges. Add-on payment, and lesser of 100% of billed charges.",,,,,,,,," ",35643.04,,,,,,,Case Rate,"Medicare Base Rate times Standard Inpatient Weight. 100 percent of Medicare DRG. Add-on payment, . 100 percent of Medicare DRG. Add-on payment, .",35643.04,,,,,,,Case Rate,"Medicare Base Rate times Standard Inpatient Weight. 100 percent of Medicare DRG. Add-on payment,  . 100 percent of Medicare DRG. Add-on payment,  .",155316.3,,,,,,,Case Rate,"Medicare Base Rate times Standard Inpatient Weight. GMLOS + 6 Outlier per Diem $11,932.00. Add-on payment, and lesser of 100% of billed charges. GMLOS + 6 Outlier per Diem $11,932.00. Add-on payment, and lesser of 100% of billed charges.",35643.04,,,,,,,Case Rate,"Medicare Base Rate times Standard Inpatient Weight. 100 percent of Medicare DRG. Add-on payment,  . 100 percent of Medicare DRG. Add-on payment,  .",35643.04,,,,,,,Case Rate,"Medicare Base Rate times Standard Inpatient Weight. 100 percent of Medicare DRG. Add-on payment,  . 100 percent of Medicare DRG. Add-on payment,  .",,,,,,,,," ",35643.04,,,,,,,Case Rate,"Medicare Base Rate times Standard Inpatient Weight. 100 percent of Medicare DRG. Add-on payment,  . 100 percent of Medicare DRG. Add-on payment,  .",35643.04,,,,,,,Case Rate,"Medicare Base Rate times Standard Inpatient Weight. 100 percent of Medicare DRG. Add-on payment,  . 100 percent of Medicare DRG. Add-on payment,  .",93143.36,,,,,,,Case Rate,"Medicare Base Rate times Standard Inpatient Weight. GMLOS + 8 Outlier per Diem $6,968.00. Add-on payment, and lesser of 100% of billed charges. GMLOS + 8 Outlier per Diem $6,968.00. Add-on payment, and lesser of 100% of billed charges.",93143.36,,,,,,,Case Rate,"Medicare Base Rate times Standard Inpatient Weight. GMLOS + 8 Outlier per Diem $6,968.00. Add-on payment, and lesser of 100% of billed charges. GMLOS + 8 Outlier per Diem $6,968.00. Add-on payment, and lesser of 100% of billed charges.",35643.04,,,,,,,Case Rate,"Medicare Base Rate times Standard Inpatient Weight. 100 percent of Medicare DRG. Add-on payment,  . 100 percent of Medicare DRG. Add-on payment,  .",103584.67,,,,,,,Case Rate,"Medicare Base Rate times Standard Inpatient Weight. Outlier (25+) per Diem $7,671.00. Add-on payment, and lesser of 100% of billed charges. Outlier (25+) per Diem $7,671.00. Add-on payment, and lesser of 100% of billed charges.",136408.38,,,,,,,Case Rate,"Medicare Base Rate times Standard Inpatient Weight. AMLOS + 5 Outlier per Diem $7,362.00. Add-on payment, and lesser of 100% of billed charges. AMLOS + 5 Outlier per Diem $7,362.00. Add-on payment, and lesser of 100% of billed charges.",136408.38,,,,,,,Case Rate,"Medicare Base Rate times Standard Inpatient Weight. AMLOS + 5 Outlier per Diem $7,362.00. Add-on payment, and lesser of 100% of billed charges. AMLOS + 5 Outlier per Diem $7,362.00. Add-on payment, and lesser of 100% of billed charges.",35643.04,,,,,,,Case Rate,"Medicare Base Rate times Standard Inpatient Weight. 100 percent of Medicare DRG. Add-on payment,  . 100 percent of Medicare DRG. Add-on payment,  .",103584.67,,,,,,,Case Rate,"Medicare Base Rate times Standard Inpatient Weight. Outlier (25+) per Diem $7,671.00. Add-on payment, and lesser of 100% of billed charges. Outlier (25+) per Diem $7,671.00. Add-on payment, and lesser of 100% of billed charges.",93143.36,,,,,,,Case Rate,"Medicare Base Rate times Standard Inpatient Weight. GMLOS + 8 Outlier per Diem $6,968.00. Add-on payment, and lesser of 100% of billed charges. GMLOS + 8 Outlier per Diem $6,968.00. Add-on payment, and lesser of 100% of billed charges.",93143.36,,,,,,,Case Rate,"Medicare Base Rate times Standard Inpatient Weight. GMLOS + 8 Outlier per Diem $6,968.00. Add-on payment, and lesser of 100% of billed charges. GMLOS + 8 Outlier per Diem $6,968.00. Add-on payment, and lesser of 100% of billed charges.",93143.36,,,,,,,Case Rate,"Medicare Base Rate times Standard Inpatient Weight. GMLOS + 8 Outlier per Diem $6,968.00. Add-on payment, and lesser of 100% of billed charges. GMLOS + 8 Outlier per Diem $6,968.00. Add-on payment, and lesser of 100% of billed charges.",,73,,,,,0,Percent of total billed charges,73 percent of charges.  ; No services were performed during the 15 month look back period.,,73,,,,,0,Percent of total billed charges,73 percent of charges.  ; No services were performed during the 15 month look back period.,,73,,,,,0,Percent of total billed charges,73 percent of charges.  ; No services were performed during the 15 month look back period.,,73,,,,,0,Percent of total billed charges,73 percent of charges.  ; No services were performed during the 15 month look back period.,,73,,,,,0,Percent of total billed charges,73 percent of charges.  ; No services were performed during the 15 month look back period.,,73,,,,,0,Percent of total billed charges,73 percent of charges.  ; No services were performed during the 15 month look back period.,,73,,,,,0,Percent of total billed charges,73 percent of charges.  ; No services were performed during the 15 month look back period.,,73,,,,,0,Percent of total billed charges,73 percent of charges.  ; No services were performed during the 15 month look back period.,,73,,,,,0,Percent of total billed charges,73 percent of charges.  ; No services were performed during the 15 month look back period.,,73,,,,,0,Percent of total billed charges,73 percent of charges.  ; No services were performed during the 15 month look back period.,,73,,,,,0,Percent of total billed charges,73 percent of charges.  ; No services were performed during the 15 month look back period.,105295.13,,,,,,,Case Rate,"Medicare Base Rate times Standard Inpatient Weight. Add-on payment, and lesser of 100% of billed charges. Add-on payment, and lesser of 100% of billed charges.",147403.18,,,,,,,Case Rate,"Medicare Base Rate times Standard Inpatient Weight. GMLOS + 6 Outlier per Diem $9,081.00 Add-on payment, and lesser of 100% of billed charges. GMLOS + 6 Outlier per Diem $9,081.00 Add-on payment, and lesser of 100% of billed charges.",103584.67,,,,,,,Case Rate,"Medicare Base Rate times Standard Inpatient Weight. Outlier (25+) per Diem $7,671.00. Add-on payment, and lesser of 100% of billed charges. Outlier (25+) per Diem $7,671.00. Add-on payment, and lesser of 100% of billed charges.",35643.04,,,,,,,Case Rate,"Medicare Base Rate times Standard Inpatient Weight. 100 percent of Medicare DRG. Add-on payment,  . 100 percent of Medicare DRG. Add-on payment,  .",93143.36,,,,,,,Case Rate,"Medicare Base Rate times Standard Inpatient Weight. GMLOS + 8 Outlier per Diem $6,968.00. Add-on payment, and lesser of 100% of billed charges. GMLOS + 8 Outlier per Diem $6,968.00. Add-on payment, and lesser of 100% of billed charges.",103584.67,,,,,,,Case Rate,"Medicare Base Rate times Standard Inpatient Weight. Outlier (25+) per Diem $7,671.00. Add-on payment, and lesser of 100% of billed charges. Outlier (25+) per Diem $7,671.00. Add-on payment, and lesser of 100% of billed charges.",103584.67,,,,,,,Case Rate,"Medicare Base Rate times Standard Inpatient Weight. Outlier (25+) per Diem $7,671.00. Add-on payment, and lesser of 100% of billed charges. Outlier (25+) per Diem $7,671.00. Add-on payment, and lesser of 100% of billed charges.",,73,,,,,0,Percent of total billed charges,73 percent of charges.  ; No services were performed during the 15 month look back period.,,,,,,,,," ",103584.67,,,,,,,Case Rate,"Medicare Base Rate times Standard Inpatient Weight. Outlier (25+) per Diem $7,671.00. Add-on payment, and lesser of 100% of billed charges. Outlier (25+) per Diem $7,671.00. Add-on payment, and lesser of 100% of billed charges.",,,,,,,,," ",35643.04,,,,,,,Case Rate,"Medicare Base Rate times Standard Inpatient Weight. 100 percent of Medicare DRG. Add-on payment,  . 100 percent of Medicare DRG. Add-on payment,  .",35643.04,,,,,,,Case Rate,"Medicare Base Rate times Standard Inpatient Weight. 100 percent of Medicare DRG. Add-on payment,  . 100 percent of Medicare DRG. Add-on payment,  .",35643.04,,,,,,,Case Rate,"Medicare Base Rate times Standard Inpatient Weight. 100 percent of Medicare DRG. Add-on payment,  . 100 percent of Medicare DRG. Add-on payment,  .",35643.04,,,,,,,Case Rate,"Medicare Base Rate times Standard Inpatient Weight. 100 percent of Medicare DRG. Add-on payment,  . 100 percent of Medicare DRG. Add-on payment,  .",35643.04,,,,,,,Case Rate,"Medicare Base Rate times Standard Inpatient Weight. 100 percent of Medicare DRG. Add-on payment,  . 100 percent of Medicare DRG. Add-on payment,  .",35643.04,,,,,,,Case Rate,"Medicare Base Rate times Standard Inpatient Weight. 100 percent of Medicare DRG. Add-on payment,  . 100 percent of Medicare DRG. Add-on payment,  .",103584.67,,,,,,,Case Rate,"Medicare Base Rate times Standard Inpatient Weight. Outlier (25+) per Diem $7,671.00. Add-on payment, and lesser of 100% of billed charges. Outlier (25+) per Diem $7,671.00. Add-on payment, and lesser of 100% of billed charges.",155316.3,,,,,,,Case Rate,"Medicare Base Rate times Standard Inpatient Weight. GMLOS + 6 Outlier per Diem $11,932.00. Add-on payment, and lesser of 100% of billed charges. GMLOS + 6 Outlier per Diem $11,932.00. Add-on payment, and lesser of 100% of billed charges.",,,,,,,,," ",,,,,,,,," ",,,,,,,,," ",,,,,,,,," ",,,,,,,,," ",,,,,,,,," ",155316.3,,,,,,,Case Rate,"Medicare Base Rate times Standard Inpatient Weight. GMLOS + 6 Outlier per Diem $11,932.00. Add-on payment, and lesser of 100% of billed charges. GMLOS + 6 Outlier per Diem $11,932.00. Add-on payment, and lesser of 100% of billed charges.",93538.35,,,,,,,Case Rate,. 200 percent of Medicare 200 percent of Medicare,93538.35,,,,,,,Case Rate,. 200 percent of Medicare 200 percent of Medicare,93538.35,,,,,,,Case Rate,. 200 percent of Medicare 200 percent of Medicare,93538.35,,,,,,,Case Rate,. 200 percent of Medicare 200 percent of Medicare,93538.35,,,,,,,Case Rate,. 200 percent of Medicare 200 percent of Medicare,35643.04,,,,,,,Case Rate,"Medicare Base Rate times Standard Inpatient Weight. 100 percent of Medicare DRG. Add-on payment,  . 100 percent of Medicare DRG. Add-on payment,  .",105295.13,,,,,,,Case Rate,"Medicare Base Rate times Standard Inpatient Weight. Add-on payment, and lesser of 100% of billed charges. Add-on payment, and lesser of 100% of billed charges.",105295.13,,,,,,,Case Rate,"Medicare Base Rate times Standard Inpatient Weight. Add-on payment, and lesser of 100% of billed charges. Add-on payment, and lesser of 100% of billed charges.",105295.13,,,,,,,Case Rate,"Medicare Base Rate times Standard Inpatient Weight. Add-on payment, and lesser of 100% of billed charges. Add-on payment, and lesser of 100% of billed charges.",105295.13,,,,,,,Case Rate,"Medicare Base Rate times Standard Inpatient Weight. Add-on payment, and lesser of 100% of billed charges. Add-on payment, and lesser of 100% of billed charges.",93143.36,,,,,,,Case Rate,"Medicare Base Rate times Standard Inpatient Weight. GMLOS + 8 Outlier per Diem $6,968.00. Add-on payment, and lesser of 100% of billed charges. GMLOS + 8 Outlier per Diem $6,968.00. Add-on payment, and lesser of 100% of billed charges.",93143.36,,,,,,,Case Rate,"Medicare Base Rate times Standard Inpatient Weight. GMLOS + 8 Outlier per Diem $6,968.00. Add-on payment, and lesser of 100% of billed charges. GMLOS + 8 Outlier per Diem $6,968.00. Add-on payment, and lesser of 100% of billed charges.",93143.36,,,,,,,Case Rate,"Medicare Base Rate times Standard Inpatient Weight. GMLOS + 8 Outlier per Diem $6,968.00. Add-on payment, and lesser of 100% of billed charges. GMLOS + 8 Outlier per Diem $6,968.00. Add-on payment, and lesser of 100% of billed charges.",93143.36,,,,,,,Case Rate,"Medicare Base Rate times Standard Inpatient Weight. GMLOS + 8 Outlier per Diem $6,968.00. Add-on payment, and lesser of 100% of billed charges. GMLOS + 8 Outlier per Diem $6,968.00. Add-on payment, and lesser of 100% of billed charges.",155316.3,,,,,,,Case Rate,"Medicare Base Rate times Standard Inpatient Weight. GMLOS + 6 Outlier per Diem $11,932.00. Add-on payment, and lesser of 100% of billed charges. GMLOS + 6 Outlier per Diem $11,932.00. Add-on payment, and lesser of 100% of billed charges.",155316.3,,,,,,,Case Rate,"Medicare Base Rate times Standard Inpatient Weight. GMLOS + 6 Outlier per Diem $11,932.00. Add-on payment, and lesser of 100% of billed charges. GMLOS + 6 Outlier per Diem $11,932.00. Add-on payment, and lesser of 100% of billed charges.",35643.04,,,,,,,Case Rate,"Medicare Base Rate times Standard Inpatient Weight. 100 percent of Medicare DRG. Add-on payment,  . 100 percent of Medicare DRG. Add-on payment,  .",35643.04,,,,,,,Case Rate,"Medicare Base Rate times Standard Inpatient Weight. 100 percent of Medicare DRG. Add-on payment,  . 100 percent of Medicare DRG. Add-on payment,  .",35643.04,,,,,,,Case Rate,"Medicare Base Rate times Standard Inpatient Weight. 100 percent of Medicare DRG. Add-on payment,  . 100 percent of Medicare DRG. Add-on payment,  .",147403.18,,,,,,,Case Rate,"Medicare Base Rate times Standard Inpatient Weight. GMLOS + 6 Outlier per Diem $9,081.00 Add-on payment, and lesser of 100% of billed charges. GMLOS + 6 Outlier per Diem $9,081.00 Add-on payment, and lesser of 100% of billed charges.",147403.18,,,,,,,Case Rate,"Medicare Base Rate times Standard Inpatient Weight. GMLOS + 6 Outlier per Diem $9,081.00 Add-on payment, and lesser of 100% of billed charges. GMLOS + 6 Outlier per Diem $9,081.00 Add-on payment, and lesser of 100% of billed charges.",147403.18,,,,,,,Case Rate,"Medicare Base Rate times Standard Inpatient Weight. GMLOS + 6 Outlier per Diem $9,081.00 Add-on payment, and lesser of 100% of billed charges. GMLOS + 6 Outlier per Diem $9,081.00 Add-on payment, and lesser of 100% of billed charges.",155316.3,,,,,,,Case Rate,"Medicare Base Rate times Standard Inpatient Weight. GMLOS + 6 Outlier per Diem $11,932.00. Add-on payment, and lesser of 100% of billed charges. GMLOS + 6 Outlier per Diem $11,932.00. Add-on payment, and lesser of 100% of billed charges.",93143.36,,,,,,,Case Rate,"Medicare Base Rate times Standard Inpatient Weight. GMLOS + 8 Outlier per Diem $6,968.00. Add-on payment, and lesser of 100% of billed charges. GMLOS + 8 Outlier per Diem $6,968.00. Add-on payment, and lesser of 100% of billed charges.",35643.04,,,,,,,Case Rate,"Medicare Base Rate times Standard Inpatient Weight. 100 percent of Medicare DRG. Add-on payment,  . 100 percent of Medicare DRG. Add-on payment,  .",145199.94,,,,,,,Case Rate,"Medicare Base Rate times Standard Inpatient Weight. GMLOS + 6 Outlier per Diem $9,081.00 Add-on payment, and lesser of 100% of billed charges. GMLOS + 6 Outlier per Diem $9,081.00 Add-on payment, and lesser of 100% of billed charges.",,,,,,,,," ",36355.9,,,,,,,Case Rate,"Medicare Base Rate times Standard Inpatient Weight. 100 percent of Medicare DRG. Add-on payment, and lesser of 100% of billed charges. 100 percent of Medicare DRG. Add-on payment, and lesser of 100% of billed charges.",36355.9,,,,,,,Case Rate,"Medicare Base Rate times Standard Inpatient Weight. 100 percent of Medicare DRG. Add-on payment, and lesser of 100% of billed charges. 100 percent of Medicare DRG. Add-on payment, and lesser of 100% of billed charges.",36355.9,,,,,,,Case Rate,"Medicare Base Rate times Standard Inpatient Weight. 100 percent of Medicare DRG. Add-on payment, and lesser of 100% of billed charges. 100 percent of Medicare DRG. Add-on payment, and lesser of 100% of billed charges.",,,,,,,,," ",,,,,,,,," ",,,,,,,,," ",,,,,,,,," ",,,,,,,,," ",,,,,,,,," ",36355.9,,,,,,,Case Rate,"Medicare Base Rate times Standard Inpatient Weight. 100 percent of Medicare DRG. Add-on payment, and lesser of 100% of billed charges. 100 percent of Medicare DRG. Add-on payment, and lesser of 100% of billed charges.",,,,,,,,," ",,,,,,,,," ",,,,,,,,," ",,,,,,,,," ",,,,,,,,," ",,,,,,,,," ",,,,,,,,," ",35643.04,,,,,,,Case Rate,"Medicare Base Rate times Standard Inpatient Weight. 100 percent of Medicare DRG. Add-on payment,  . 100 percent of Medicare DRG. Add-on payment,  .",35643.04,,,,,,,Case Rate,"Medicare Base Rate times Standard Inpatient Weight. 100 percent of Medicare DRG. Add-on payment,  . 100 percent of Medicare DRG. Add-on payment,  .",93143.36,,,,,,,Case Rate,"Medicare Base Rate times Standard Inpatient Weight. GMLOS + 8 Outlier per Diem $6,968.00. Add-on payment, and lesser of 100% of billed charges. GMLOS + 8 Outlier per Diem $6,968.00. Add-on payment, and lesser of 100% of billed charges.",35643.04,,,,,,,Case Rate,"Medicare Base Rate times Standard Inpatient Weight. 100 percent of Medicare DRG. Add-on payment,  . 100 percent of Medicare DRG. Add-on payment,  .",,,,,,,,," ",,,,,,,,," ",,,,,,,,," ",,,,,,,,," ",,,,,,,,," ",,,,,,,,," ",,,,,,,,," ",,,,,,,,," ",,,,,,,,," ",,,,,,,,," ",,,,,,,,," ",155316.3,,,,,,,Case Rate,"Medicare Base Rate times Standard Inpatient Weight. GMLOS + 6 Outlier per Diem $11,932.00. Add-on payment, and lesser of 100% of billed charges. GMLOS + 6 Outlier per Diem $11,932.00. Add-on payment, and lesser of 100% of billed charges.",,,,,,,,," ",,,,,,,,," ",,,,,,,,," ",,,,,,,,," ",147403.18,,,,,,,Case Rate,"Medicare Base Rate times Standard Inpatient Weight. GMLOS + 6 Outlier per Diem $9,081.00 Add-on payment, and lesser of 100% of billed charges. GMLOS + 6 Outlier per Diem $9,081.00 Add-on payment, and lesser of 100% of billed charges.",145199.94,,,,,,,Case Rate,"Medicare Base Rate times Standard Inpatient Weight. GMLOS + 6 Outlier per Diem $9,081.00 Add-on payment, and lesser of 100% of billed charges. GMLOS + 6 Outlier per Diem $9,081.00 Add-on payment, and lesser of 100% of billed charges.",35643.04,,,,,,,Case Rate,"Medicare Base Rate times Standard Inpatient Weight. 100 percent of Medicare DRG. Add-on payment,  . 100 percent of Medicare DRG. Add-on payment,  .",145199.94,,,,,,,Case Rate,"Medicare Base Rate times Standard Inpatient Weight. GMLOS + 6 Outlier per Diem $9,081.00 Add-on payment, and lesser of 100% of billed charges. GMLOS + 6 Outlier per Diem $9,081.00 Add-on payment, and lesser of 100% of billed charges.",147403.18,,,,,,,Case Rate,"Medicare Base Rate times Standard Inpatient Weight. GMLOS + 6 Outlier per Diem $9,081.00 Add-on payment, and lesser of 100% of billed charges. GMLOS + 6 Outlier per Diem $9,081.00 Add-on payment, and lesser of 100% of billed charges.",147403.18,,,,,,,Case Rate,"Medicare Base Rate times Standard Inpatient Weight. GMLOS + 6 Outlier per Diem $9,081.00 Add-on payment, and lesser of 100% of billed charges. GMLOS + 6 Outlier per Diem $9,081.00 Add-on payment, and lesser of 100% of billed charges.",145199.94,,,,,,,Case Rate,"Medicare Base Rate times Standard Inpatient Weight. GMLOS + 6 Outlier per Diem $9,081.00 Add-on payment, and lesser of 100% of billed charges. GMLOS + 6 Outlier per Diem $9,081.00 Add-on payment, and lesser of 100% of billed charges.",35643.04,,,,,,,Case Rate,"Medicare Base Rate times Standard Inpatient Weight. 100 percent of Medicare DRG. Add-on payment,  . 100 percent of Medicare DRG. Add-on payment,  .",145199.94,,,,,,,Case Rate,"Medicare Base Rate times Standard Inpatient Weight. GMLOS + 6 Outlier per Diem $9,081.00 Add-on payment, and lesser of 100% of billed charges. GMLOS + 6 Outlier per Diem $9,081.00 Add-on payment, and lesser of 100% of billed charges.",147403.18,,,,,,,Case Rate,"Medicare Base Rate times Standard Inpatient Weight. GMLOS + 6 Outlier per Diem $9,081.00 Add-on payment, and lesser of 100% of billed charges. GMLOS + 6 Outlier per Diem $9,081.00 Add-on payment, and lesser of 100% of billed charges.",93143.36,,,,,,,Case Rate,"Medicare Base Rate times Standard Inpatient Weight. GMLOS + 8 Outlier per Diem $6,968.00. Add-on payment, and lesser of 100% of billed charges. GMLOS + 8 Outlier per Diem $6,968.00. Add-on payment, and lesser of 100% of billed charges.",,,,,,,,," ",,,,,,,,," ",,,,,,,,," ",,,,,,,,," ",,,,,,,,," ",,,,,,,,," ",,,,,,,,," ",,,,,,,,," ",,,,,,,,," ",,,,,,,,," ",,,,,,,,," ",,,,,,,,," ",,,,,,,,," ",,,,,,,,," ",103584.67,,,,,,,Case Rate,"Medicare Base Rate times Standard Inpatient Weight. Outlier (25+) per Diem $7,671.00. Add-on payment, and lesser of 100% of billed charges. Outlier (25+) per Diem $7,671.00. Add-on payment, and lesser of 100% of billed charges.",,,,,,,,," ",35643.04,,,,,,,Case Rate,"Medicare Base Rate times Standard Inpatient Weight. 100 percent of Medicare DRG. Add-on payment,  . 100 percent of Medicare DRG. Add-on payment,  .",114600.89,,,,,,,Case Rate,Medicare Base Rate times Standard Inpatient Weight. Local 1199 High/Low day Outlier Local 1199 High/Low day Outlier,35643.04,,,,,,,Case Rate,"Medicare Base Rate times Standard Inpatient Weight. 100 percent of Medicare DRG. Add-on payment,  . 100 percent of Medicare DRG. Add-on payment,  .",35643.04,,,,,,,Case Rate,"Medicare Base Rate times Standard Inpatient Weight. 100 percent of Medicare DRG. Add-on payment,  . 100 percent of Medicare DRG. Add-on payment,  .",,,,,,,,," ",,,,,,,,," ",,,,,,,,," ",,,,,,,,," ",,,,,,,,," ",90111.66,,,,,,,Case Rate,"Medicare Base Rate times Standard Inpatient Weight. GMLOS + 8 Outlier per Diem $4,623.00. Add-on payment, and lesser of 100% of billed charges. GMLOS + 8 Outlier per Diem $4,623.00. Add-on payment, and lesser of 100% of billed charges.",93143.36,,,,,,,Case Rate,"Medicare Base Rate times Standard Inpatient Weight. GMLOS + 8 Outlier per Diem $6,968.00. Add-on payment, and lesser of 100% of billed charges. GMLOS + 8 Outlier per Diem $6,968.00. Add-on payment, and lesser of 100% of billed charges.",106009.31,,,,,,,Case Rate,"Medicare Base Rate times Standard Inpatient Weight. Add-on payment, and lesser of 100% of billed charges. Add-on payment, and lesser of 100% of billed charges.",103584.67,,,,,,,Case Rate,"Medicare Base Rate times Standard Inpatient Weight. Outlier (25+) per Diem $7,671.00. Add-on payment, and lesser of 100% of billed charges. Outlier (25+) per Diem $7,671.00. Add-on payment, and lesser of 100% of billed charges.",35643.04,,,,,,,Case Rate,"Medicare Base Rate times Standard Inpatient Weight. 100 percent of Medicare DRG. Add-on payment, . 100 percent of Medicare DRG. Add-on payment, .",35643.04,,,,,,,Case Rate,"Medicare Base Rate times Standard Inpatient Weight. 100 percent of Medicare DRG. Add-on payment,  . 100 percent of Medicare DRG. Add-on payment,  .",35643.04,,,,,,,Case Rate,"Medicare Base Rate times Standard Inpatient Weight. 100 percent of Medicare DRG. Add-on payment,  . 100 percent of Medicare DRG. Add-on payment,  .",35643.04,,,,,,,Case Rate,"Medicare Base Rate times Standard Inpatient Weight. 100 percent of Medicare DRG. Add-on payment,  . 100 percent of Medicare DRG. Add-on payment,  .",35643.04,,,,,,,Case Rate,"Medicare Base Rate times Standard Inpatient Weight. 100 percent of Medicare DRG. Add-on payment, . 100 percent of Medicare DRG. Add-on payment, .",35643.04,,,,,,,Case Rate,"Medicare Base Rate times Standard Inpatient Weight. 100 percent of Medicare DRG. Add-on payment,  . 100 percent of Medicare DRG. Add-on payment,  .",,,,,,,,," ",,,,,,,,," ",,,,,,,,," ",147403.18,,,,,,,Case Rate,"Medicare Base Rate times Standard Inpatient Weight. GMLOS + 6 Outlier per Diem $9,081.00 Add-on payment, and lesser of 100% of billed charges. GMLOS + 6 Outlier per Diem $9,081.00 Add-on payment, and lesser of 100% of billed charges.",90111.66,,,,,,,Case Rate,"Medicare Base Rate times Standard Inpatient Weight. GMLOS + 8 Outlier per Diem $4,623.00. Add-on payment, and lesser of 100% of billed charges. GMLOS + 8 Outlier per Diem $4,623.00. Add-on payment, and lesser of 100% of billed charges.",90111.66,,,,,,,Case Rate,"Medicare Base Rate times Standard Inpatient Weight. GMLOS + 8 Outlier per Diem $4,623.00. Add-on payment, and lesser of 100% of billed charges. GMLOS + 8 Outlier per Diem $4,623.00. Add-on payment, and lesser of 100% of billed charges.",90111.66,,,,,,,Case Rate,"Medicare Base Rate times Standard Inpatient Weight. GMLOS + 8 Outlier per Diem $4,623.00. Add-on payment, and lesser of 100% of billed charges. GMLOS + 8 Outlier per Diem $4,623.00. Add-on payment, and lesser of 100% of billed charges.",90111.66,,,,,,,Case Rate,"Medicare Base Rate times Standard Inpatient Weight. GMLOS + 8 Outlier per Diem $4,623.00. Add-on payment, and lesser of 100% of billed charges. GMLOS + 8 Outlier per Diem $4,623.00. Add-on payment, and lesser of 100% of billed charges.",35643.04,,,,,,,Case Rate,"Medicare Base Rate times Standard Inpatient Weight. 100 percent of Medicare DRG. Add-on payment,  . 100 percent of Medicare DRG. Add-on payment,  .",,,,,,,,," ",147403.18,,,,,,,Case Rate,"Medicare Base Rate times Standard Inpatient Weight. GMLOS + 6 Outlier per Diem $9,081.00 Add-on payment, and lesser of 100% of billed charges. GMLOS + 6 Outlier per Diem $9,081.00 Add-on payment, and lesser of 100% of billed charges.",,,,,,,,," ",35643.04,,,,,,,Case Rate,"Medicare Base Rate times Standard Inpatient Weight. 100 percent of Medicare DRG. Add-on payment,  . 100 percent of Medicare DRG. Add-on payment,  .",,,,,,,,," ",35643.04,,,,,,,Case Rate,"Medicare Base Rate times Standard Inpatient Weight. 100 percent of Medicare DRG. Add-on payment,  . 100 percent of Medicare DRG. Add-on payment,  .",35643.04,,,,,,,Case Rate,"Medicare Base Rate times Standard Inpatient Weight. 100 percent of Medicare DRG. Add-on payment,  . 100 percent of Medicare DRG. Add-on payment,  .",,,,,,,,," ",,,,,,,,," ",90111.66,,,,,,,Case Rate,"Medicare Base Rate times Standard Inpatient Weight. GMLOS + 8 Outlier per Diem $4,623.00. Add-on payment, and lesser of 100% of billed charges. GMLOS + 8 Outlier per Diem $4,623.00. Add-on payment, and lesser of 100% of billed charges.",103584.67,,,,,,,Case Rate,"Medicare Base Rate times Standard Inpatient Weight. Outlier (25+) per Diem $7,671.00. Add-on payment, and lesser of 100% of billed charges. Outlier (25+) per Diem $7,671.00. Add-on payment, and lesser of 100% of billed charges.",,73,,,,,0,Percent of total billed charges,73 percent of charges.  ; No services were performed during the 15 month look back period.,136408.38,,,,,,,Case Rate,"Medicare Base Rate times Standard Inpatient Weight. AMLOS + 5 Outlier per Diem $7,362.00. Add-on payment, and lesser of 100% of billed charges. AMLOS + 5 Outlier per Diem $7,362.00. Add-on payment, and lesser of 100% of billed charges.",136408.38,,,,,,,Case Rate,"Medicare Base Rate times Standard Inpatient Weight. AMLOS + 5 Outlier per Diem $7,362.00. Add-on payment, and lesser of 100% of billed charges. AMLOS + 5 Outlier per Diem $7,362.00. Add-on payment, and lesser of 100% of billed charges.",93143.36,,,,,,,Case Rate,"Medicare Base Rate times Standard Inpatient Weight. GMLOS + 8 Outlier per Diem $6,968.00. Add-on payment, and lesser of 100% of billed charges. GMLOS + 8 Outlier per Diem $6,968.00. Add-on payment, and lesser of 100% of billed charges.",33148.02,,,,,,,Case Rate,"Medicare Base Rate times Standard Inpatient Weight. 93 percent of Medicare DRG. Add-on payment, and lesser of 100% of billed charges. 93 percent of Medicare DRG. Add-on payment, and lesser of 100% of billed charges.",105295.13,,,,,,,Case Rate,"Medicare Base Rate times Standard Inpatient Weight. Add-on payment, and lesser of 100% of billed charges. Add-on payment, and lesser of 100% of billed charges.",105295.13,,,,,,,Case Rate,"Medicare Base Rate times Standard Inpatient Weight. Add-on payment, and lesser of 100% of billed charges. Add-on payment, and lesser of 100% of billed charges.",116161.38,,,,,,,Case Rate,"Medicare Base Rate times Standard Inpatient Weight. GMLOS + 6 Outlier per Diem $7,265.00 Add-on payment, and lesser of 100% of billed charges. GMLOS + 6 Outlier per Diem $7,265.00 Add-on payment, and lesser of 100% of billed charges.",147403.18,,,,,,,Case Rate,"Medicare Base Rate times Standard Inpatient Weight. GMLOS + 6 Outlier per Diem $9,081.00 Add-on payment, and lesser of 100% of billed charges. GMLOS + 6 Outlier per Diem $9,081.00 Add-on payment, and lesser of 100% of billed charges.",35643.04,,,,,,,Case Rate,"Medicare Base Rate times Standard Inpatient Weight. 100 percent of Medicare DRG. Add-on payment,  . 100 percent of Medicare DRG. Add-on payment,  .",35643.04,,,,,,,Case Rate,"Medicare Base Rate times Standard Inpatient Weight. 100 percent of Medicare DRG. Add-on payment,  . 100 percent of Medicare DRG. Add-on payment,  .",35643.04,,,,,,,Case Rate,"Medicare Base Rate times Standard Inpatient Weight. 100 percent of Medicare DRG. Add-on payment,  . 100 percent of Medicare DRG. Add-on payment,  .",35643.04,,,,,,,Case Rate,"Medicare Base Rate times Standard Inpatient Weight. 100 percent of Medicare DRG. Add-on payment,  . 100 percent of Medicare DRG. Add-on payment,  .",136408.38,,,,,,,Case Rate,"Medicare Base Rate times Standard Inpatient Weight. AMLOS + 5 Outlier per Diem $7,362.00. Add-on payment, and lesser of 100% of billed charges. AMLOS + 5 Outlier per Diem $7,362.00. Add-on payment, and lesser of 100% of billed charges.",147403.18,,,,,,,Case Rate,"Medicare Base Rate times Standard Inpatient Weight. GMLOS + 6 Outlier per Diem $9,081.00 Add-on payment, and lesser of 100% of billed charges. GMLOS + 6 Outlier per Diem $9,081.00 Add-on payment, and lesser of 100% of billed charges.",147403.18,,,,,,,Case Rate,"Medicare Base Rate times Standard Inpatient Weight. GMLOS + 6 Outlier per Diem $9,081.00 Add-on payment, and lesser of 100% of billed charges. GMLOS + 6 Outlier per Diem $9,081.00 Add-on payment, and lesser of 100% of billed charges.",35643.04,,,,,,,Case Rate,"Medicare Base Rate times Standard Inpatient Weight. 100 percent of Medicare DRG. Add-on payment,  . 100 percent of Medicare DRG. Add-on payment,  .",116161.38,,,,,,,Case Rate,"Medicare Base Rate times Standard Inpatient Weight. GMLOS + 6 Outlier per Diem $7,265.00 Add-on payment, and lesser of 100% of billed charges. GMLOS + 6 Outlier per Diem $7,265.00 Add-on payment, and lesser of 100% of billed charges.",106009.31,,,,,,,Case Rate,"Medicare Base Rate times Standard Inpatient Weight. Add-on payment, and lesser of 100% of billed charges. Add-on payment, and lesser of 100% of billed charges.",,,,,,,,," ",,,,,,,,," ",90111.66,,,,,,,Case Rate,"Medicare Base Rate times Standard Inpatient Weight. GMLOS + 8 Outlier per Diem $4,623.00. Add-on payment, and lesser of 100% of billed charges. GMLOS + 8 Outlier per Diem $4,623.00. Add-on payment, and lesser of 100% of billed charges.",130680.66,,,,,,,Case Rate,"Medicare Base Rate times Standard Inpatient Weight. GMLOS + 6 Outlier per Diem $8,173.00 Add-on payment, and lesser of 100% of billed charges. GMLOS + 6 Outlier per Diem $8,173.00 Add-on payment, and lesser of 100% of billed charges.",147403.18,,,,,,,Case Rate,"Medicare Base Rate times Standard Inpatient Weight. GMLOS + 6 Outlier per Diem $9,081.00 Add-on payment, and lesser of 100% of billed charges. GMLOS + 6 Outlier per Diem $9,081.00 Add-on payment, and lesser of 100% of billed charges.",147403.18,,,,,,,Case Rate,"Medicare Base Rate times Standard Inpatient Weight. GMLOS + 6 Outlier per Diem $9,081.00 Add-on payment, and lesser of 100% of billed charges. GMLOS + 6 Outlier per Diem $9,081.00 Add-on payment, and lesser of 100% of billed charges.",107016.3,,,,,,,Case Rate,"Medicare Base Rate times Standard Inpatient Weight. GMLOS + 6 Outlier per Diem $8,221.00. Add-on payment, and lesser of 100% of billed charges. GMLOS + 6 Outlier per Diem $8,221.00. Add-on payment, and lesser of 100% of billed charges.",35643.04,,,,,,,Case Rate,"Medicare Base Rate times Standard Inpatient Weight. 100 percent of Medicare DRG. Add-on payment, . 100 percent of Medicare DRG. Add-on payment, .",,,,,,,,," ",,,,,,,,," ",,,,,,,,," ",,,,,,,,," ",136408.38,,,,,,,Case Rate,"Medicare Base Rate times Standard Inpatient Weight. AMLOS + 5 Outlier per Diem $7,362.00. Add-on payment, and lesser of 100% of billed charges. AMLOS + 5 Outlier per Diem $7,362.00. Add-on payment, and lesser of 100% of billed charges.",,,,,,,,," ",,,,,,,,," ",,,,,,,,," ",,,,,,,,," ",,,,,,,,," ",,,,,,,,," ",,,,,,,,," ",35643.04,,,,,,,Case Rate,"Medicare Base Rate times Standard Inpatient Weight. 100 percent of Medicare DRG. Add-on payment,  . 100 percent of Medicare DRG. Add-on payment,  .",136408.38,,,,,,,Case Rate,"Medicare Base Rate times Standard Inpatient Weight. AMLOS + 5 Outlier per Diem $7,362.00. Add-on payment, and lesser of 100% of billed charges. AMLOS + 5 Outlier per Diem $7,362.00. Add-on payment, and lesser of 100% of billed charges.",35643.04,,,,,,,Case Rate,"Medicare Base Rate times Standard Inpatient Weight. 100 percent of Medicare DRG. Add-on payment,  . 100 percent of Medicare DRG. Add-on payment,  .",,,,,,,,," ",147403.18,,,,,,,Case Rate,"Medicare Base Rate times Standard Inpatient Weight. GMLOS + 6 Outlier per Diem $9,081.00 Add-on payment, and lesser of 100% of billed charges. GMLOS + 6 Outlier per Diem $9,081.00 Add-on payment, and lesser of 100% of billed charges.",35643.04,,,,,,,Case Rate,"Medicare Base Rate times Standard Inpatient Weight. 100 percent of Medicare DRG. Add-on payment,  . 100 percent of Medicare DRG. Add-on payment,  .",147403.18,,,,,,,Case Rate,"Medicare Base Rate times Standard Inpatient Weight. GMLOS + 6 Outlier per Diem $9,081.00 Add-on payment, and lesser of 100% of billed charges. GMLOS + 6 Outlier per Diem $9,081.00 Add-on payment, and lesser of 100% of billed charges.",147403.18,,,,,,,Case Rate,"Medicare Base Rate times Standard Inpatient Weight. GMLOS + 6 Outlier per Diem $9,081.00 Add-on payment, and lesser of 100% of billed charges. GMLOS + 6 Outlier per Diem $9,081.00 Add-on payment, and lesser of 100% of billed charges.",147403.18,,,,,,,Case Rate,"Medicare Base Rate times Standard Inpatient Weight. GMLOS + 6 Outlier per Diem $9,081.00 Add-on payment, and lesser of 100% of billed charges. GMLOS + 6 Outlier per Diem $9,081.00 Add-on payment, and lesser of 100% of billed charges.",,,,,,,,," ",35643.04,,,,,,,Case Rate,"Medicare Base Rate times Standard Inpatient Weight. 100 percent of Medicare DRG. Add-on payment,  . 100 percent of Medicare DRG. Add-on payment,  .",147403.18,,,,,,,Case Rate,"Medicare Base Rate times Standard Inpatient Weight. GMLOS + 6 Outlier per Diem $9,081.00 Add-on payment, and lesser of 100% of billed charges. GMLOS + 6 Outlier per Diem $9,081.00 Add-on payment, and lesser of 100% of billed charges.",,,,,,,,," ",147403.18,,,,,,,Case Rate,"Medicare Base Rate times Standard Inpatient Weight. GMLOS + 6 Outlier per Diem $9,081.00 Add-on payment, and lesser of 100% of billed charges. GMLOS + 6 Outlier per Diem $9,081.00 Add-on payment, and lesser of 100% of billed charges.",37425.19,,,,,,,Case Rate,"105% of the Diagnostic Related Group fee schedule established by CMS for Medicare in force as of the date of payment.. Delay in Discharge per diem $4,007 Delay in Discharge per diem $4,007",35643.04,,,,,,,Case Rate,"Medicare Base Rate times Standard Inpatient Weight. 100 percent of Medicare DRG. Add-on payment, . 100 percent of Medicare DRG. Add-on payment, .",90111.66,,,,,,,Case Rate,"Medicare Base Rate times Standard Inpatient Weight. GMLOS + 8 Outlier per Diem $4,623.00. Add-on payment, and lesser of 100% of billed charges. GMLOS + 8 Outlier per Diem $4,623.00. Add-on payment, and lesser of 100% of billed charges.",90111.66,,,,,,,Case Rate,"Medicare Base Rate times Standard Inpatient Weight. GMLOS + 8 Outlier per Diem $4,623.00. Add-on payment, and lesser of 100% of billed charges. GMLOS + 8 Outlier per Diem $4,623.00. Add-on payment, and lesser of 100% of billed charges.",90111.66,,,,,,,Case Rate,"Medicare Base Rate times Standard Inpatient Weight. GMLOS + 8 Outlier per Diem $4,623.00. Add-on payment, and lesser of 100% of billed charges. GMLOS + 8 Outlier per Diem $4,623.00. Add-on payment, and lesser of 100% of billed charges.",90111.66,,,,,,,Case Rate,"Medicare Base Rate times Standard Inpatient Weight. GMLOS + 8 Outlier per Diem $4,623.00. Add-on payment, and lesser of 100% of billed charges. GMLOS + 8 Outlier per Diem $4,623.00. Add-on payment, and lesser of 100% of billed charges.",90111.66,,,,,,,Case Rate,"Medicare Base Rate times Standard Inpatient Weight. GMLOS + 8 Outlier per Diem $4,623.00. Add-on payment, and lesser of 100% of billed charges. GMLOS + 8 Outlier per Diem $4,623.00. Add-on payment, and lesser of 100% of billed charges.",106009.31,,,,,,,Case Rate,"Medicare Base Rate times Standard Inpatient Weight. Add-on payment, and lesser of 100% of billed charges. Add-on payment, and lesser of 100% of billed charges.",106009.31,,,,,,,Case Rate,"Medicare Base Rate times Standard Inpatient Weight. Add-on payment, and lesser of 100% of billed charges. Add-on payment, and lesser of 100% of billed charges.",90111.66,,,,,,,Case Rate,"Medicare Base Rate times Standard Inpatient Weight. GMLOS + 8 Outlier per Diem $4,623.00. Add-on payment, and lesser of 100% of billed charges. GMLOS + 8 Outlier per Diem $4,623.00. Add-on payment, and lesser of 100% of billed charges.",90111.66,,,,,,,Case Rate,"Medicare Base Rate times Standard Inpatient Weight. GMLOS + 8 Outlier per Diem $4,623.00. Add-on payment, and lesser of 100% of billed charges. GMLOS + 8 Outlier per Diem $4,623.00. Add-on payment, and lesser of 100% of billed charges.",90111.66,,,,,,,Case Rate,"Medicare Base Rate times Standard Inpatient Weight. GMLOS + 8 Outlier per Diem $4,623.00. Add-on payment, and lesser of 100% of billed charges. GMLOS + 8 Outlier per Diem $4,623.00. Add-on payment, and lesser of 100% of billed charges.",90111.66,,,,,,,Case Rate,"Medicare Base Rate times Standard Inpatient Weight. GMLOS + 8 Outlier per Diem $4,623.00. Add-on payment, and lesser of 100% of billed charges. GMLOS + 8 Outlier per Diem $4,623.00. Add-on payment, and lesser of 100% of billed charges.",90111.66,,,,,,,Case Rate,"Medicare Base Rate times Standard Inpatient Weight. GMLOS + 8 Outlier per Diem $4,623.00. Add-on payment, and lesser of 100% of billed charges. GMLOS + 8 Outlier per Diem $4,623.00. Add-on payment, and lesser of 100% of billed charges.",35643.04,,,,,,,Case Rate,"Medicare Base Rate times Standard Inpatient Weight. 100 percent of Medicare DRG. Add-on payment,  . 100 percent of Medicare DRG. Add-on payment,  .",106009.31,,,,,,,Case Rate,"Medicare Base Rate times Standard Inpatient Weight. Add-on payment, and lesser of 100% of billed charges. Add-on payment, and lesser of 100% of billed charges.",35643.04,,,,,,,Case Rate,"Medicare Base Rate times Standard Inpatient Weight. 100 percent of Medicare DRG. Add-on payment,  . 100 percent of Medicare DRG. Add-on payment,  .",,,,,,,,," ",,,,,,,,," ",136408.38,,,,,,,Case Rate,"Medicare Base Rate times Standard Inpatient Weight. AMLOS + 5 Outlier per Diem $7,362.00. Add-on payment, and lesser of 100% of billed charges. AMLOS + 5 Outlier per Diem $7,362.00. Add-on payment, and lesser of 100% of billed charges.",136408.38,,,,,,,Case Rate,"Medicare Base Rate times Standard Inpatient Weight. AMLOS + 5 Outlier per Diem $7,362.00. Add-on payment, and lesser of 100% of billed charges. AMLOS + 5 Outlier per Diem $7,362.00. Add-on payment, and lesser of 100% of billed charges.",35643.04,,,,,,,Case Rate,"Medicare Base Rate times Standard Inpatient Weight. 100 percent of Medicare DRG. Add-on payment,  . 100 percent of Medicare DRG. Add-on payment,  .",105295.13,,,,,,,Case Rate,"Medicare Base Rate times Standard Inpatient Weight. Add-on payment, and lesser of 100% of billed charges. Add-on payment, and lesser of 100% of billed charges.",35643.04,,,,,,,Case Rate,"Medicare Base Rate times Standard Inpatient Weight. 100 percent of Medicare DRG. Add-on payment,  . 100 percent of Medicare DRG. Add-on payment,  .",35643.04,,,,,,,Case Rate,"Medicare Base Rate times Standard Inpatient Weight. 100 percent of Medicare DRG. Add-on payment,  . 100 percent of Medicare DRG. Add-on payment,  .",93143.36,,,,,,,Case Rate,"Medicare Base Rate times Standard Inpatient Weight. GMLOS + 8 Outlier per Diem $6,968.00. Add-on payment, and lesser of 100% of billed charges. GMLOS + 8 Outlier per Diem $6,968.00. Add-on payment, and lesser of 100% of billed charges.",35643.04,,,,,,,Case Rate,"Medicare Base Rate times Standard Inpatient Weight. 100 percent of Medicare DRG. Add-on payment,  . 100 percent of Medicare DRG. Add-on payment,  .",103584.67,,,,,,,Case Rate,"Medicare Base Rate times Standard Inpatient Weight. Outlier (25+) per Diem $7,671.00. Add-on payment, and lesser of 100% of billed charges. Outlier (25+) per Diem $7,671.00. Add-on payment, and lesser of 100% of billed charges.",35643.04,,,,,,,Case Rate,"Medicare Base Rate times Standard Inpatient Weight. 100 percent of Medicare DRG. Add-on payment,  . 100 percent of Medicare DRG. Add-on payment,  .",103584.67,,,,,,,Case Rate,"Medicare Base Rate times Standard Inpatient Weight. Outlier (25+) per Diem $7,671.00. Add-on payment, and lesser of 100% of billed charges. Outlier (25+) per Diem $7,671.00. Add-on payment, and lesser of 100% of billed charges.",93143.36,,,,,,,Case Rate,"Medicare Base Rate times Standard Inpatient Weight. GMLOS + 8 Outlier per Diem $6,968.00. Add-on payment, and lesser of 100% of billed charges. GMLOS + 8 Outlier per Diem $6,968.00. Add-on payment, and lesser of 100% of billed charges.",103584.67,,,,,,,Case Rate,"Medicare Base Rate times Standard Inpatient Weight. Outlier (25+) per Diem $7,671.00. Add-on payment, and lesser of 100% of billed charges. Outlier (25+) per Diem $7,671.00. Add-on payment, and lesser of 100% of billed charges.",35643.04,,,,,,,Case Rate,"Medicare Base Rate times Standard Inpatient Weight. 100 percent of Medicare DRG. Add-on payment,  . 100 percent of Medicare DRG. Add-on payment,  .",,,,,,,,," ",35643.04,,,,,,,Case Rate,"Medicare Base Rate times Standard Inpatient Weight. 100 percent of Medicare DRG. Add-on payment,  . 100 percent of Medicare DRG. Add-on payment,  .",103584.67,,,,,,,Case Rate,"Medicare Base Rate times Standard Inpatient Weight. Outlier (25+) per Diem $7,671.00. Add-on payment, and lesser of 100% of billed charges. Outlier (25+) per Diem $7,671.00. Add-on payment, and lesser of 100% of billed charges.",136408.38,,,,,,,Case Rate,"Medicare Base Rate times Standard Inpatient Weight. AMLOS + 5 Outlier per Diem $7,362.00. Add-on payment, and lesser of 100% of billed charges. AMLOS + 5 Outlier per Diem $7,362.00. Add-on payment, and lesser of 100% of billed charges.",,,,,,,,," ",147403.18,,,,,,,Case Rate,"Medicare Base Rate times Standard Inpatient Weight. GMLOS + 6 Outlier per Diem $9,081.00 Add-on payment, and lesser of 100% of billed charges. GMLOS + 6 Outlier per Diem $9,081.00 Add-on payment, and lesser of 100% of billed charges.",,,,,,,,," ",,,,,,,,," ",145199.94,,,,,,,Case Rate,"Medicare Base Rate times Standard Inpatient Weight. GMLOS + 6 Outlier per Diem $9,081.00 Add-on payment, and lesser of 100% of billed charges. GMLOS + 6 Outlier per Diem $9,081.00 Add-on payment, and lesser of 100% of billed charges.",145199.94,,,,,,,Case Rate,"Medicare Base Rate times Standard Inpatient Weight. GMLOS + 6 Outlier per Diem $9,081.00 Add-on payment, and lesser of 100% of billed charges. GMLOS + 6 Outlier per Diem $9,081.00 Add-on payment, and lesser of 100% of billed charges.",147403.18,,,,,,,Case Rate,"Medicare Base Rate times Standard Inpatient Weight. GMLOS + 6 Outlier per Diem $9,081.00 Add-on payment, and lesser of 100% of billed charges. GMLOS + 6 Outlier per Diem $9,081.00 Add-on payment, and lesser of 100% of billed charges.",136408.38,,,,,,,Case Rate,"Medicare Base Rate times Standard Inpatient Weight. AMLOS + 5 Outlier per Diem $7,362.00. Add-on payment, and lesser of 100% of billed charges. AMLOS + 5 Outlier per Diem $7,362.00. Add-on payment, and lesser of 100% of billed charges.",147403.18,,,,,,,Case Rate,"Medicare Base Rate times Standard Inpatient Weight. GMLOS + 6 Outlier per Diem $9,081.00 Add-on payment, and lesser of 100% of billed charges. GMLOS + 6 Outlier per Diem $9,081.00 Add-on payment, and lesser of 100% of billed charges.",145199.94,,,,,,,Case Rate,"Medicare Base Rate times Standard Inpatient Weight. GMLOS + 6 Outlier per Diem $9,081.00 Add-on payment, and lesser of 100% of billed charges. GMLOS + 6 Outlier per Diem $9,081.00 Add-on payment, and lesser of 100% of billed charges.",147403.18,,,,,,,Case Rate,"Medicare Base Rate times Standard Inpatient Weight. GMLOS + 6 Outlier per Diem $9,081.00 Add-on payment, and lesser of 100% of billed charges. GMLOS + 6 Outlier per Diem $9,081.00 Add-on payment, and lesser of 100% of billed charges.",90111.66,,,,,,,Case Rate,"Medicare Base Rate times Standard Inpatient Weight. GMLOS + 8 Outlier per Diem $4,623.00. Add-on payment, and lesser of 100% of billed charges. GMLOS + 8 Outlier per Diem $4,623.00. Add-on payment, and lesser of 100% of billed charges.",90111.66,,,,,,,Case Rate,"Medicare Base Rate times Standard Inpatient Weight. GMLOS + 8 Outlier per Diem $4,623.00. Add-on payment, and lesser of 100% of billed charges. GMLOS + 8 Outlier per Diem $4,623.00. Add-on payment, and lesser of 100% of billed charges.",93538.35,,,,,,,Case Rate,. 200 percent of Medicare 200 percent of Medicare,,,,,,,,," ",136408.38,,,,,,,Case Rate,"Medicare Base Rate times Standard Inpatient Weight. AMLOS + 5 Outlier per Diem $7,362.00. Add-on payment, and lesser of 100% of billed charges. AMLOS + 5 Outlier per Diem $7,362.00. Add-on payment, and lesser of 100% of billed charges.",103584.67,,,,,,,Case Rate,"Medicare Base Rate times Standard Inpatient Weight. Outlier (25+) per Diem $7,671.00. Add-on payment, and lesser of 100% of billed charges. Outlier (25+) per Diem $7,671.00. Add-on payment, and lesser of 100% of billed charges.",93143.36,,,,,,,Case Rate,"Medicare Base Rate times Standard Inpatient Weight. GMLOS + 8 Outlier per Diem $6,968.00. Add-on payment, and lesser of 100% of billed charges. GMLOS + 8 Outlier per Diem $6,968.00. Add-on payment, and lesser of 100% of billed charges.",136408.38,,,,,,,Case Rate,"Medicare Base Rate times Standard Inpatient Weight. AMLOS + 5 Outlier per Diem $7,362.00. Add-on payment, and lesser of 100% of billed charges. AMLOS + 5 Outlier per Diem $7,362.00. Add-on payment, and lesser of 100% of billed charges.",93143.36,,,,,,,Case Rate,"Medicare Base Rate times Standard Inpatient Weight. GMLOS + 8 Outlier per Diem $6,968.00. Add-on payment, and lesser of 100% of billed charges. GMLOS + 8 Outlier per Diem $6,968.00. Add-on payment, and lesser of 100% of billed charges.",136408.38,,,,,,,Case Rate,"Medicare Base Rate times Standard Inpatient Weight. AMLOS + 5 Outlier per Diem $7,362.00. Add-on payment, and lesser of 100% of billed charges. AMLOS + 5 Outlier per Diem $7,362.00. Add-on payment, and lesser of 100% of billed charges.",147403.18,,,,,,,Case Rate,"Medicare Base Rate times Standard Inpatient Weight. GMLOS + 6 Outlier per Diem $9,081.00 Add-on payment, and lesser of 100% of billed charges. GMLOS + 6 Outlier per Diem $9,081.00 Add-on payment, and lesser of 100% of billed charges.",145199.94,,,,,,,Case Rate,"Medicare Base Rate times Standard Inpatient Weight. GMLOS + 6 Outlier per Diem $9,081.00 Add-on payment, and lesser of 100% of billed charges. GMLOS + 6 Outlier per Diem $9,081.00 Add-on payment, and lesser of 100% of billed charges.",145199.94,,,,,,,Case Rate,"Medicare Base Rate times Standard Inpatient Weight. GMLOS + 6 Outlier per Diem $9,081.00 Add-on payment, and lesser of 100% of billed charges. GMLOS + 6 Outlier per Diem $9,081.00 Add-on payment, and lesser of 100% of billed charges.",147403.18,,,,,,,Case Rate,"Medicare Base Rate times Standard Inpatient Weight. GMLOS + 6 Outlier per Diem $9,081.00 Add-on payment, and lesser of 100% of billed charges. GMLOS + 6 Outlier per Diem $9,081.00 Add-on payment, and lesser of 100% of billed charges.",35643.04,,,,,,,Case Rate,"Medicare Base Rate times Standard Inpatient Weight. 100 percent of Medicare DRG. Add-on payment,  . 100 percent of Medicare DRG. Add-on payment,  .",31407.67,162554.51,
MS385,DRG,,,,,MS-DRG 385 INFLAMMATORY BOWEL DISEASE WITH MCC,,,Inpatient,,,,50780.75,,,,,,,Case Rate,Medicare Base Rate times Standard Inpatient Weight. Local 1199 High/Low day Outlier Local 1199 High/Low day Outlier,50780.75,,,,,,,Case Rate,Medicare Base Rate times Standard Inpatient Weight. Local 1199 High/Low day Outlier Local 1199 High/Low day Outlier,41272.71,,,,,,,Case Rate,"Medicare Base Rate times Standard Inpatient Weight. GMLOS + 8 Outlier per Diem $6,968.00. Add-on payment, and lesser of 100% of billed charges. GMLOS + 8 Outlier per Diem $6,968.00. Add-on payment, and lesser of 100% of billed charges.",,100,,,,,0,Percent of total billed charges,100 percent of charges.  ; No services were performed during the 15 month look back period.,16099.96,,,,,,,Case Rate,"Medicare Base Rate times Standard Inpatient Weight. 100 percent of Medicare DRG. Add-on payment,  . 100 percent of Medicare DRG. Add-on payment,  .",41272.71,,,,,,,Case Rate,"Medicare Base Rate times Standard Inpatient Weight. GMLOS + 8 Outlier per Diem $6,968.00. Add-on payment, and lesser of 100% of billed charges. GMLOS + 8 Outlier per Diem $6,968.00. Add-on payment, and lesser of 100% of billed charges.",41272.71,,,,,,,Case Rate,"Medicare Base Rate times Standard Inpatient Weight. GMLOS + 8 Outlier per Diem $6,968.00. Add-on payment, and lesser of 100% of billed charges. GMLOS + 8 Outlier per Diem $6,968.00. Add-on payment, and lesser of 100% of billed charges.",41272.71,,,,,,,Case Rate,"Medicare Base Rate times Standard Inpatient Weight. GMLOS + 8 Outlier per Diem $6,968.00. Add-on payment, and lesser of 100% of billed charges. GMLOS + 8 Outlier per Diem $6,968.00. Add-on payment, and lesser of 100% of billed charges.",,,,,,,,," ",,,,,,,,," ",,73,,,,,0,Percent of total billed charges,73 percent of charges.  ; No services were performed during the 15 month look back period.,60443.86,,,,,,,Case Rate,"Medicare Base Rate times Standard Inpatient Weight. AMLOS + 5 Outlier per Diem $7,362.00. Add-on payment, and lesser of 100% of billed charges. AMLOS + 5 Outlier per Diem $7,362.00. Add-on payment, and lesser of 100% of billed charges.",,,,,,,,," ",16099.96,,,,,,,Case Rate,"Medicare Base Rate times Standard Inpatient Weight. 100 percent of Medicare DRG. Add-on payment,  . 100 percent of Medicare DRG. Add-on payment,  .",45899.36,,,,,,,Case Rate,"Medicare Base Rate times Standard Inpatient Weight. Outlier (25+) per Diem $7,671.00. Add-on payment, and lesser of 100% of billed charges. Outlier (25+) per Diem $7,671.00. Add-on payment, and lesser of 100% of billed charges.",45899.36,,,,,,,Case Rate,"Medicare Base Rate times Standard Inpatient Weight. Outlier (25+) per Diem $7,671.00. Add-on payment, and lesser of 100% of billed charges. Outlier (25+) per Diem $7,671.00. Add-on payment, and lesser of 100% of billed charges.",45899.36,,,,,,,Case Rate,"Medicare Base Rate times Standard Inpatient Weight. Outlier (25+) per Diem $7,671.00. Add-on payment, and lesser of 100% of billed charges. Outlier (25+) per Diem $7,671.00. Add-on payment, and lesser of 100% of billed charges.",45899.36,,,,,,,Case Rate,"Medicare Base Rate times Standard Inpatient Weight. Outlier (25+) per Diem $7,671.00. Add-on payment, and lesser of 100% of billed charges. Outlier (25+) per Diem $7,671.00. Add-on payment, and lesser of 100% of billed charges.",,,,,,,,," ",16099.96,,,,,,,Case Rate,"Medicare Base Rate times Standard Inpatient Weight. 100 percent of Medicare DRG. Add-on payment,  . 100 percent of Medicare DRG. Add-on payment,  .",,,,,,,,," ",,73,,,,,0,Percent of total billed charges,73 percent of charges.  ; No services were performed during the 15 month look back period.,41272.71,,,,,,,Case Rate,"Medicare Base Rate times Standard Inpatient Weight. GMLOS + 8 Outlier per Diem $6,968.00. Add-on payment, and lesser of 100% of billed charges. GMLOS + 8 Outlier per Diem $6,968.00. Add-on payment, and lesser of 100% of billed charges.",16099.96,,,,,,,Case Rate,"Medicare Base Rate times Standard Inpatient Weight. 100 percent of Medicare DRG. Add-on payment, and lesser of 100% of billed charges. 100 percent of Medicare DRG. Add-on payment, and lesser of 100% of billed charges.",46973.74,,,,,,,Case Rate,"Medicare Base Rate times Standard Inpatient Weight. Add-on payment, and lesser of 100% of billed charges. Add-on payment, and lesser of 100% of billed charges.",16099.96,,,,,,,Case Rate,"Medicare Base Rate times Standard Inpatient Weight. 100 percent of Medicare DRG. Add-on payment, and lesser of 100% of billed charges. 100 percent of Medicare DRG. Add-on payment, and lesser of 100% of billed charges.",16099.96,,,,,,,Case Rate,"Medicare Base Rate times Standard Inpatient Weight. 100 percent of Medicare DRG. Add-on payment, and lesser of 100% of billed charges. 100 percent of Medicare DRG. Add-on payment, and lesser of 100% of billed charges.",,73,,,,,0,Percent of total billed charges,73 percent of charges.  ; No services were performed during the 15 month look back period.,,,,,,,,," ",,,,,,,,," ",,,,,,,,," ",,,,,,,,," ",46973.74,,,,,,,Case Rate,"Medicare Base Rate times Standard Inpatient Weight. Add-on payment, and lesser of 100% of billed charges. Add-on payment, and lesser of 100% of billed charges.",46973.74,,,,,,,Case Rate,"Medicare Base Rate times Standard Inpatient Weight. Add-on payment, and lesser of 100% of billed charges. Add-on payment, and lesser of 100% of billed charges.",,,,,,,,," ",46973.74,,,,,,,Case Rate,"Medicare Base Rate times Standard Inpatient Weight. Add-on payment, and lesser of 100% of billed charges. Add-on payment, and lesser of 100% of billed charges.",,,,,,,,," ",16099.96,,,,,,,Case Rate,"Medicare Base Rate times Standard Inpatient Weight. 100 percent of Medicare DRG. Add-on payment, . 100 percent of Medicare DRG. Add-on payment, .",46973.74,,,,,,,Case Rate,"Medicare Base Rate times Standard Inpatient Weight. Add-on payment, and lesser of 100% of billed charges. Add-on payment, and lesser of 100% of billed charges.",,73,,,,,0,Percent of total billed charges,73 percent of charges.  ; No services were performed during the 15 month look back period.,,,,,,,,," ",,,,,,,,," ",,73,,,,,0,Percent of total billed charges,73 percent of charges.  ; No services were performed during the 15 month look back period.,45899.36,,,,,,,Case Rate,"Medicare Base Rate times Standard Inpatient Weight. Outlier (25+) per Diem $7,671.00. Add-on payment, and lesser of 100% of billed charges. Outlier (25+) per Diem $7,671.00. Add-on payment, and lesser of 100% of billed charges.",43968.95,,,,,,,Case Rate,"Medicare Base Rate times Standard Inpatient Weight. AMLOS + 5 Outlier per Diem $7,167.00. Add-on payment, and lesser of 100% of billed charges. AMLOS + 5 Outlier per Diem $7,167.00. Add-on payment, and lesser of 100% of billed charges.",43968.95,,,,,,,Case Rate,"Medicare Base Rate times Standard Inpatient Weight. AMLOS + 5 Outlier per Diem $7,167.00. Add-on payment, and lesser of 100% of billed charges. AMLOS + 5 Outlier per Diem $7,167.00. Add-on payment, and lesser of 100% of billed charges.",,73,,,,,0,Percent of total billed charges,73 percent of charges.  ; No services were performed during the 15 month look back period.,16099.96,,,,,,,Case Rate,"Medicare Base Rate times Standard Inpatient Weight. 100 percent of Medicare DRG. Add-on payment,  . 100 percent of Medicare DRG. Add-on payment,  .",60443.86,,,,,,,Case Rate,"Medicare Base Rate times Standard Inpatient Weight. AMLOS + 5 Outlier per Diem $7,362.00. Add-on payment, and lesser of 100% of billed charges. AMLOS + 5 Outlier per Diem $7,362.00. Add-on payment, and lesser of 100% of billed charges.",60443.86,,,,,,,Case Rate,"Medicare Base Rate times Standard Inpatient Weight. AMLOS + 5 Outlier per Diem $7,362.00. Add-on payment, and lesser of 100% of billed charges. AMLOS + 5 Outlier per Diem $7,362.00. Add-on payment, and lesser of 100% of billed charges.",60443.86,,,,,,,Case Rate,"Medicare Base Rate times Standard Inpatient Weight. AMLOS + 5 Outlier per Diem $7,362.00. Add-on payment, and lesser of 100% of billed charges. AMLOS + 5 Outlier per Diem $7,362.00. Add-on payment, and lesser of 100% of billed charges.",16099.96,,,,,,,Case Rate,"Medicare Base Rate times Standard Inpatient Weight. 100 percent of Medicare DRG. Add-on payment,  . 100 percent of Medicare DRG. Add-on payment,  .",60443.86,,,,,,,Case Rate,"Medicare Base Rate times Standard Inpatient Weight. AMLOS + 5 Outlier per Diem $7,362.00. Add-on payment, and lesser of 100% of billed charges. AMLOS + 5 Outlier per Diem $7,362.00. Add-on payment, and lesser of 100% of billed charges.",60443.86,,,,,,,Case Rate,"Medicare Base Rate times Standard Inpatient Weight. AMLOS + 5 Outlier per Diem $7,362.00. Add-on payment, and lesser of 100% of billed charges. AMLOS + 5 Outlier per Diem $7,362.00. Add-on payment, and lesser of 100% of billed charges.",16099.96,,,,,,,Case Rate,"Medicare Base Rate times Standard Inpatient Weight. 100 percent of Medicare DRG. Add-on payment, and lesser of 100% of billed charges. 100 percent of Medicare DRG. Add-on payment, and lesser of 100% of billed charges.",68822.14,,,,,,,Case Rate,"Medicare Base Rate times Standard Inpatient Weight. GMLOS + 6 Outlier per Diem $11,932.00. Add-on payment, and lesser of 100% of billed charges. GMLOS + 6 Outlier per Diem $11,932.00. Add-on payment, and lesser of 100% of billed charges.",65315.76,,,,,,,Case Rate,"Medicare Base Rate times Standard Inpatient Weight. GMLOS + 6 Outlier per Diem $9,081.00 Add-on payment, and lesser of 100% of billed charges. GMLOS + 6 Outlier per Diem $9,081.00 Add-on payment, and lesser of 100% of billed charges.",65315.76,,,,,,,Case Rate,"Medicare Base Rate times Standard Inpatient Weight. GMLOS + 6 Outlier per Diem $9,081.00 Add-on payment, and lesser of 100% of billed charges. GMLOS + 6 Outlier per Diem $9,081.00 Add-on payment, and lesser of 100% of billed charges.",64339.48,,,,,,,Case Rate,"Medicare Base Rate times Standard Inpatient Weight. GMLOS + 6 Outlier per Diem $9,081.00 Add-on payment, and lesser of 100% of billed charges. GMLOS + 6 Outlier per Diem $9,081.00 Add-on payment, and lesser of 100% of billed charges.",72029.46,,,,,,,Case Rate,"Medicare Base Rate times Standard Inpatient Weight. GMLOS + 6 Outlier per Diem $9,081.00 Add-on payment, and lesser of 100% of billed charges. GMLOS + 6 Outlier per Diem $9,081.00 Add-on payment, and lesser of 100% of billed charges.",64339.48,,,,,,,Case Rate,"Medicare Base Rate times Standard Inpatient Weight. GMLOS + 6 Outlier per Diem $9,081.00 Add-on payment, and lesser of 100% of billed charges. GMLOS + 6 Outlier per Diem $9,081.00 Add-on payment, and lesser of 100% of billed charges.",65315.76,,,,,,,Case Rate,"Medicare Base Rate times Standard Inpatient Weight. GMLOS + 6 Outlier per Diem $9,081.00 Add-on payment, and lesser of 100% of billed charges. GMLOS + 6 Outlier per Diem $9,081.00 Add-on payment, and lesser of 100% of billed charges.",16099.96,,,,,,,Case Rate,"Medicare Base Rate times Standard Inpatient Weight. 100 percent of Medicare DRG. Add-on payment,  . 100 percent of Medicare DRG. Add-on payment,  .",16099.96,,,,,,,Case Rate,"Medicare Base Rate times Standard Inpatient Weight. 100 percent of Medicare DRG. Add-on payment,  . 100 percent of Medicare DRG. Add-on payment,  .",72029.46,,,,,,,Case Rate,"Medicare Base Rate times Standard Inpatient Weight. GMLOS + 6 Outlier per Diem $9,081.00 Add-on payment, and lesser of 100% of billed charges. GMLOS + 6 Outlier per Diem $9,081.00 Add-on payment, and lesser of 100% of billed charges.",,73,,,,,0,Percent of total billed charges,73 percent of charges.  ; No services were performed during the 15 month look back period.,,73,,,,,0,Percent of total billed charges,73 percent of charges.  ; No services were performed during the 15 month look back period.,,73,,,,,0,Percent of total billed charges,73 percent of charges.  ; No services were performed during the 15 month look back period.,,73,,,,,0,Percent of total billed charges,73 percent of charges.  ; No services were performed during the 15 month look back period.,,73,,,,,0,Percent of total billed charges,73 percent of charges.  ; No services were performed during the 15 month look back period.,,73,,,,,0,Percent of total billed charges,73 percent of charges.  ; No services were performed during the 15 month look back period.,,73,,,,,0,Percent of total billed charges,73 percent of charges.  ; No services were performed during the 15 month look back period.,,73,,,,,0,Percent of total billed charges,73 percent of charges.  ; No services were performed during the 15 month look back period.,,73,,,,,0,Percent of total billed charges,73 percent of charges.  ; No services were performed during the 15 month look back period.,,73,,,,,0,Percent of total billed charges,73 percent of charges.  ; No services were performed during the 15 month look back period.,,73,,,,,0,Percent of total billed charges,73 percent of charges.  ; No services were performed during the 15 month look back period.,,73,,,,,0,Percent of total billed charges,73 percent of charges.  ; No services were performed during the 15 month look back period.,,73,,,,,0,Percent of total billed charges,73 percent of charges.  ; No services were performed during the 15 month look back period.,,73,,,,,0,Percent of total billed charges,73 percent of charges.  ; No services were performed during the 15 month look back period.,,73,,,,,0,Percent of total billed charges,73 percent of charges.  ; No services were performed during the 15 month look back period.,,73,,,,,0,Percent of total billed charges,73 percent of charges.  ; No services were performed during the 15 month look back period.,,73,,,,,0,Percent of total billed charges,73 percent of charges.  ; No services were performed during the 15 month look back period.,,73,,,,,0,Percent of total billed charges,73 percent of charges.  ; No services were performed during the 15 month look back period.,,73,,,,,0,Percent of total billed charges,73 percent of charges.  ; No services were performed during the 15 month look back period.,,73,,,,,0,Percent of total billed charges,73 percent of charges.  ; No services were performed during the 15 month look back period.,,73,,,,,0,Percent of total billed charges,73 percent of charges.  ; No services were performed during the 15 month look back period.,,73,,,,,0,Percent of total billed charges,73 percent of charges.  ; No services were performed during the 15 month look back period.,,73,,,,,0,Percent of total billed charges,73 percent of charges.  ; No services were performed during the 15 month look back period.,,73,,,,,0,Percent of total billed charges,73 percent of charges.  ; No services were performed during the 15 month look back period.,,73,,,,,0,Percent of total billed charges,73 percent of charges.  ; No services were performed during the 15 month look back period.,,73,,,,,0,Percent of total billed charges,73 percent of charges.  ; No services were performed during the 15 month look back period.,46973.74,,,,,,,Case Rate,"Medicare Base Rate times Standard Inpatient Weight. Add-on payment, and lesser of 100% of billed charges. Add-on payment, and lesser of 100% of billed charges.",46973.74,,,,,,,Case Rate,"Medicare Base Rate times Standard Inpatient Weight. Add-on payment, and lesser of 100% of billed charges. Add-on payment, and lesser of 100% of billed charges.",46973.74,,,,,,,Case Rate,"Medicare Base Rate times Standard Inpatient Weight. Add-on payment, and lesser of 100% of billed charges. Add-on payment, and lesser of 100% of billed charges.",46973.74,,,,,,,Case Rate,"Medicare Base Rate times Standard Inpatient Weight. Add-on payment, and lesser of 100% of billed charges. Add-on payment, and lesser of 100% of billed charges.",46657.28,,,,,,,Case Rate,"Medicare Base Rate times Standard Inpatient Weight. Add-on payment, and lesser of 100% of billed charges. Add-on payment, and lesser of 100% of billed charges.",46657.28,,,,,,,Case Rate,"Medicare Base Rate times Standard Inpatient Weight. Add-on payment, and lesser of 100% of billed charges. Add-on payment, and lesser of 100% of billed charges.",45899.36,,,,,,,Case Rate,"Medicare Base Rate times Standard Inpatient Weight. Outlier (25+) per Diem $7,671.00. Add-on payment, and lesser of 100% of billed charges. Outlier (25+) per Diem $7,671.00. Add-on payment, and lesser of 100% of billed charges.",65315.76,,,,,,,Case Rate,"Medicare Base Rate times Standard Inpatient Weight. GMLOS + 6 Outlier per Diem $9,081.00 Add-on payment, and lesser of 100% of billed charges. GMLOS + 6 Outlier per Diem $9,081.00 Add-on payment, and lesser of 100% of billed charges.",60443.86,,,,,,,Case Rate,"Medicare Base Rate times Standard Inpatient Weight. AMLOS + 5 Outlier per Diem $7,362.00. Add-on payment, and lesser of 100% of billed charges. AMLOS + 5 Outlier per Diem $7,362.00. Add-on payment, and lesser of 100% of billed charges.",64339.48,,,,,,,Case Rate,"Medicare Base Rate times Standard Inpatient Weight. GMLOS + 6 Outlier per Diem $9,081.00 Add-on payment, and lesser of 100% of billed charges. GMLOS + 6 Outlier per Diem $9,081.00 Add-on payment, and lesser of 100% of billed charges.",,73,,,,,0,Percent of total billed charges,73 percent of charges.  ; No services were performed during the 15 month look back period.,46657.28,,,,,,,Case Rate,"Medicare Base Rate times Standard Inpatient Weight. Add-on payment, and lesser of 100% of billed charges. Add-on payment, and lesser of 100% of billed charges.",65315.76,,,,,,,Case Rate,"Medicare Base Rate times Standard Inpatient Weight. GMLOS + 6 Outlier per Diem $9,081.00 Add-on payment, and lesser of 100% of billed charges. GMLOS + 6 Outlier per Diem $9,081.00 Add-on payment, and lesser of 100% of billed charges.",60443.86,,,,,,,Case Rate,"Medicare Base Rate times Standard Inpatient Weight. AMLOS + 5 Outlier per Diem $7,362.00. Add-on payment, and lesser of 100% of billed charges. AMLOS + 5 Outlier per Diem $7,362.00. Add-on payment, and lesser of 100% of billed charges.",45899.36,,,,,,,Case Rate,"Medicare Base Rate times Standard Inpatient Weight. Outlier (25+) per Diem $7,671.00. Add-on payment, and lesser of 100% of billed charges. Outlier (25+) per Diem $7,671.00. Add-on payment, and lesser of 100% of billed charges.",,,,,,,,," ",,73,,,,,0,Percent of total billed charges,73 percent of charges.  ; No services were performed during the 15 month look back period.,,,,,,,,," ",46973.74,,,,,,,Case Rate,"Medicare Base Rate times Standard Inpatient Weight. Add-on payment, and lesser of 100% of billed charges. Add-on payment, and lesser of 100% of billed charges.",,,,,,,,," ",16099.96,,,,,,,Case Rate,"Medicare Base Rate times Standard Inpatient Weight. 100 percent of Medicare DRG. Add-on payment, . 100 percent of Medicare DRG. Add-on payment, .",16099.96,,,,,,,Case Rate,"Medicare Base Rate times Standard Inpatient Weight. 100 percent of Medicare DRG. Add-on payment,  . 100 percent of Medicare DRG. Add-on payment,  .",68822.14,,,,,,,Case Rate,"Medicare Base Rate times Standard Inpatient Weight. GMLOS + 6 Outlier per Diem $11,932.00. Add-on payment, and lesser of 100% of billed charges. GMLOS + 6 Outlier per Diem $11,932.00. Add-on payment, and lesser of 100% of billed charges.",16099.96,,,,,,,Case Rate,"Medicare Base Rate times Standard Inpatient Weight. 100 percent of Medicare DRG. Add-on payment,  . 100 percent of Medicare DRG. Add-on payment,  .",16099.96,,,,,,,Case Rate,"Medicare Base Rate times Standard Inpatient Weight. 100 percent of Medicare DRG. Add-on payment,  . 100 percent of Medicare DRG. Add-on payment,  .",,,,,,,,," ",16099.96,,,,,,,Case Rate,"Medicare Base Rate times Standard Inpatient Weight. 100 percent of Medicare DRG. Add-on payment,  . 100 percent of Medicare DRG. Add-on payment,  .",16099.96,,,,,,,Case Rate,"Medicare Base Rate times Standard Inpatient Weight. 100 percent of Medicare DRG. Add-on payment,  . 100 percent of Medicare DRG. Add-on payment,  .",41272.71,,,,,,,Case Rate,"Medicare Base Rate times Standard Inpatient Weight. GMLOS + 8 Outlier per Diem $6,968.00. Add-on payment, and lesser of 100% of billed charges. GMLOS + 8 Outlier per Diem $6,968.00. Add-on payment, and lesser of 100% of billed charges.",41272.71,,,,,,,Case Rate,"Medicare Base Rate times Standard Inpatient Weight. GMLOS + 8 Outlier per Diem $6,968.00. Add-on payment, and lesser of 100% of billed charges. GMLOS + 8 Outlier per Diem $6,968.00. Add-on payment, and lesser of 100% of billed charges.",16099.96,,,,,,,Case Rate,"Medicare Base Rate times Standard Inpatient Weight. 100 percent of Medicare DRG. Add-on payment,  . 100 percent of Medicare DRG. Add-on payment,  .",45899.36,,,,,,,Case Rate,"Medicare Base Rate times Standard Inpatient Weight. Outlier (25+) per Diem $7,671.00. Add-on payment, and lesser of 100% of billed charges. Outlier (25+) per Diem $7,671.00. Add-on payment, and lesser of 100% of billed charges.",60443.86,,,,,,,Case Rate,"Medicare Base Rate times Standard Inpatient Weight. AMLOS + 5 Outlier per Diem $7,362.00. Add-on payment, and lesser of 100% of billed charges. AMLOS + 5 Outlier per Diem $7,362.00. Add-on payment, and lesser of 100% of billed charges.",60443.86,,,,,,,Case Rate,"Medicare Base Rate times Standard Inpatient Weight. AMLOS + 5 Outlier per Diem $7,362.00. Add-on payment, and lesser of 100% of billed charges. AMLOS + 5 Outlier per Diem $7,362.00. Add-on payment, and lesser of 100% of billed charges.",16099.96,,,,,,,Case Rate,"Medicare Base Rate times Standard Inpatient Weight. 100 percent of Medicare DRG. Add-on payment,  . 100 percent of Medicare DRG. Add-on payment,  .",45899.36,,,,,,,Case Rate,"Medicare Base Rate times Standard Inpatient Weight. Outlier (25+) per Diem $7,671.00. Add-on payment, and lesser of 100% of billed charges. Outlier (25+) per Diem $7,671.00. Add-on payment, and lesser of 100% of billed charges.",41272.71,,,,,,,Case Rate,"Medicare Base Rate times Standard Inpatient Weight. GMLOS + 8 Outlier per Diem $6,968.00. Add-on payment, and lesser of 100% of billed charges. GMLOS + 8 Outlier per Diem $6,968.00. Add-on payment, and lesser of 100% of billed charges.",41272.71,,,,,,,Case Rate,"Medicare Base Rate times Standard Inpatient Weight. GMLOS + 8 Outlier per Diem $6,968.00. Add-on payment, and lesser of 100% of billed charges. GMLOS + 8 Outlier per Diem $6,968.00. Add-on payment, and lesser of 100% of billed charges.",41272.71,,,,,,,Case Rate,"Medicare Base Rate times Standard Inpatient Weight. GMLOS + 8 Outlier per Diem $6,968.00. Add-on payment, and lesser of 100% of billed charges. GMLOS + 8 Outlier per Diem $6,968.00. Add-on payment, and lesser of 100% of billed charges.",,73,,,,,0,Percent of total billed charges,73 percent of charges.  ; No services were performed during the 15 month look back period.,,73,,,,,0,Percent of total billed charges,73 percent of charges.  ; No services were performed during the 15 month look back period.,,73,,,,,0,Percent of total billed charges,73 percent of charges.  ; No services were performed during the 15 month look back period.,,73,,,,,0,Percent of total billed charges,73 percent of charges.  ; No services were performed during the 15 month look back period.,,73,,,,,0,Percent of total billed charges,73 percent of charges.  ; No services were performed during the 15 month look back period.,,73,,,,,0,Percent of total billed charges,73 percent of charges.  ; No services were performed during the 15 month look back period.,,73,,,,,0,Percent of total billed charges,73 percent of charges.  ; No services were performed during the 15 month look back period.,,73,,,,,0,Percent of total billed charges,73 percent of charges.  ; No services were performed during the 15 month look back period.,,73,,,,,0,Percent of total billed charges,73 percent of charges.  ; No services were performed during the 15 month look back period.,,73,,,,,0,Percent of total billed charges,73 percent of charges.  ; No services were performed during the 15 month look back period.,,73,,,,,0,Percent of total billed charges,73 percent of charges.  ; No services were performed during the 15 month look back period.,46657.28,,,,,,,Case Rate,"Medicare Base Rate times Standard Inpatient Weight. Add-on payment, and lesser of 100% of billed charges. Add-on payment, and lesser of 100% of billed charges.",65315.76,,,,,,,Case Rate,"Medicare Base Rate times Standard Inpatient Weight. GMLOS + 6 Outlier per Diem $9,081.00 Add-on payment, and lesser of 100% of billed charges. GMLOS + 6 Outlier per Diem $9,081.00 Add-on payment, and lesser of 100% of billed charges.",45899.36,,,,,,,Case Rate,"Medicare Base Rate times Standard Inpatient Weight. Outlier (25+) per Diem $7,671.00. Add-on payment, and lesser of 100% of billed charges. Outlier (25+) per Diem $7,671.00. Add-on payment, and lesser of 100% of billed charges.",16099.96,,,,,,,Case Rate,"Medicare Base Rate times Standard Inpatient Weight. 100 percent of Medicare DRG. Add-on payment,  . 100 percent of Medicare DRG. Add-on payment,  .",41272.71,,,,,,,Case Rate,"Medicare Base Rate times Standard Inpatient Weight. GMLOS + 8 Outlier per Diem $6,968.00. Add-on payment, and lesser of 100% of billed charges. GMLOS + 8 Outlier per Diem $6,968.00. Add-on payment, and lesser of 100% of billed charges.",45899.36,,,,,,,Case Rate,"Medicare Base Rate times Standard Inpatient Weight. Outlier (25+) per Diem $7,671.00. Add-on payment, and lesser of 100% of billed charges. Outlier (25+) per Diem $7,671.00. Add-on payment, and lesser of 100% of billed charges.",45899.36,,,,,,,Case Rate,"Medicare Base Rate times Standard Inpatient Weight. Outlier (25+) per Diem $7,671.00. Add-on payment, and lesser of 100% of billed charges. Outlier (25+) per Diem $7,671.00. Add-on payment, and lesser of 100% of billed charges.",,73,,,,,0,Percent of total billed charges,73 percent of charges.  ; No services were performed during the 15 month look back period.,,,,,,,,," ",45899.36,,,,,,,Case Rate,"Medicare Base Rate times Standard Inpatient Weight. Outlier (25+) per Diem $7,671.00. Add-on payment, and lesser of 100% of billed charges. Outlier (25+) per Diem $7,671.00. Add-on payment, and lesser of 100% of billed charges.",,,,,,,,," ",16099.96,,,,,,,Case Rate,"Medicare Base Rate times Standard Inpatient Weight. 100 percent of Medicare DRG. Add-on payment,  . 100 percent of Medicare DRG. Add-on payment,  .",16099.96,,,,,,,Case Rate,"Medicare Base Rate times Standard Inpatient Weight. 100 percent of Medicare DRG. Add-on payment,  . 100 percent of Medicare DRG. Add-on payment,  .",16099.96,,,,,,,Case Rate,"Medicare Base Rate times Standard Inpatient Weight. 100 percent of Medicare DRG. Add-on payment,  . 100 percent of Medicare DRG. Add-on payment,  .",16099.96,,,,,,,Case Rate,"Medicare Base Rate times Standard Inpatient Weight. 100 percent of Medicare DRG. Add-on payment,  . 100 percent of Medicare DRG. Add-on payment,  .",16099.96,,,,,,,Case Rate,"Medicare Base Rate times Standard Inpatient Weight. 100 percent of Medicare DRG. Add-on payment,  . 100 percent of Medicare DRG. Add-on payment,  .",16099.96,,,,,,,Case Rate,"Medicare Base Rate times Standard Inpatient Weight. 100 percent of Medicare DRG. Add-on payment,  . 100 percent of Medicare DRG. Add-on payment,  .",45899.36,,,,,,,Case Rate,"Medicare Base Rate times Standard Inpatient Weight. Outlier (25+) per Diem $7,671.00. Add-on payment, and lesser of 100% of billed charges. Outlier (25+) per Diem $7,671.00. Add-on payment, and lesser of 100% of billed charges.",68822.14,,,,,,,Case Rate,"Medicare Base Rate times Standard Inpatient Weight. GMLOS + 6 Outlier per Diem $11,932.00. Add-on payment, and lesser of 100% of billed charges. GMLOS + 6 Outlier per Diem $11,932.00. Add-on payment, and lesser of 100% of billed charges.",,,,,,,,," ",,,,,,,,," ",,,,,,,,," ",,,,,,,,," ",,,,,,,,," ",,,,,,,,," ",68822.14,,,,,,,Case Rate,"Medicare Base Rate times Standard Inpatient Weight. GMLOS + 6 Outlier per Diem $11,932.00. Add-on payment, and lesser of 100% of billed charges. GMLOS + 6 Outlier per Diem $11,932.00. Add-on payment, and lesser of 100% of billed charges.",42060.12,,,,,,,Case Rate,. 200 percent of Medicare 200 percent of Medicare,42060.12,,,,,,,Case Rate,. 200 percent of Medicare 200 percent of Medicare,42060.12,,,,,,,Case Rate,. 200 percent of Medicare 200 percent of Medicare,42060.12,,,,,,,Case Rate,. 200 percent of Medicare 200 percent of Medicare,42060.12,,,,,,,Case Rate,. 200 percent of Medicare 200 percent of Medicare,16099.96,,,,,,,Case Rate,"Medicare Base Rate times Standard Inpatient Weight. 100 percent of Medicare DRG. Add-on payment,  . 100 percent of Medicare DRG. Add-on payment,  .",46657.28,,,,,,,Case Rate,"Medicare Base Rate times Standard Inpatient Weight. Add-on payment, and lesser of 100% of billed charges. Add-on payment, and lesser of 100% of billed charges.",46657.28,,,,,,,Case Rate,"Medicare Base Rate times Standard Inpatient Weight. Add-on payment, and lesser of 100% of billed charges. Add-on payment, and lesser of 100% of billed charges.",46657.28,,,,,,,Case Rate,"Medicare Base Rate times Standard Inpatient Weight. Add-on payment, and lesser of 100% of billed charges. Add-on payment, and lesser of 100% of billed charges.",46657.28,,,,,,,Case Rate,"Medicare Base Rate times Standard Inpatient Weight. Add-on payment, and lesser of 100% of billed charges. Add-on payment, and lesser of 100% of billed charges.",41272.71,,,,,,,Case Rate,"Medicare Base Rate times Standard Inpatient Weight. GMLOS + 8 Outlier per Diem $6,968.00. Add-on payment, and lesser of 100% of billed charges. GMLOS + 8 Outlier per Diem $6,968.00. Add-on payment, and lesser of 100% of billed charges.",41272.71,,,,,,,Case Rate,"Medicare Base Rate times Standard Inpatient Weight. GMLOS + 8 Outlier per Diem $6,968.00. Add-on payment, and lesser of 100% of billed charges. GMLOS + 8 Outlier per Diem $6,968.00. Add-on payment, and lesser of 100% of billed charges.",41272.71,,,,,,,Case Rate,"Medicare Base Rate times Standard Inpatient Weight. GMLOS + 8 Outlier per Diem $6,968.00. Add-on payment, and lesser of 100% of billed charges. GMLOS + 8 Outlier per Diem $6,968.00. Add-on payment, and lesser of 100% of billed charges.",41272.71,,,,,,,Case Rate,"Medicare Base Rate times Standard Inpatient Weight. GMLOS + 8 Outlier per Diem $6,968.00. Add-on payment, and lesser of 100% of billed charges. GMLOS + 8 Outlier per Diem $6,968.00. Add-on payment, and lesser of 100% of billed charges.",68822.14,,,,,,,Case Rate,"Medicare Base Rate times Standard Inpatient Weight. GMLOS + 6 Outlier per Diem $11,932.00. Add-on payment, and lesser of 100% of billed charges. GMLOS + 6 Outlier per Diem $11,932.00. Add-on payment, and lesser of 100% of billed charges.",68822.14,,,,,,,Case Rate,"Medicare Base Rate times Standard Inpatient Weight. GMLOS + 6 Outlier per Diem $11,932.00. Add-on payment, and lesser of 100% of billed charges. GMLOS + 6 Outlier per Diem $11,932.00. Add-on payment, and lesser of 100% of billed charges.",16099.96,,,,,,,Case Rate,"Medicare Base Rate times Standard Inpatient Weight. 100 percent of Medicare DRG. Add-on payment,  . 100 percent of Medicare DRG. Add-on payment,  .",16099.96,,,,,,,Case Rate,"Medicare Base Rate times Standard Inpatient Weight. 100 percent of Medicare DRG. Add-on payment,  . 100 percent of Medicare DRG. Add-on payment,  .",16099.96,,,,,,,Case Rate,"Medicare Base Rate times Standard Inpatient Weight. 100 percent of Medicare DRG. Add-on payment,  . 100 percent of Medicare DRG. Add-on payment,  .",65315.76,,,,,,,Case Rate,"Medicare Base Rate times Standard Inpatient Weight. GMLOS + 6 Outlier per Diem $9,081.00 Add-on payment, and lesser of 100% of billed charges. GMLOS + 6 Outlier per Diem $9,081.00 Add-on payment, and lesser of 100% of billed charges.",65315.76,,,,,,,Case Rate,"Medicare Base Rate times Standard Inpatient Weight. GMLOS + 6 Outlier per Diem $9,081.00 Add-on payment, and lesser of 100% of billed charges. GMLOS + 6 Outlier per Diem $9,081.00 Add-on payment, and lesser of 100% of billed charges.",65315.76,,,,,,,Case Rate,"Medicare Base Rate times Standard Inpatient Weight. GMLOS + 6 Outlier per Diem $9,081.00 Add-on payment, and lesser of 100% of billed charges. GMLOS + 6 Outlier per Diem $9,081.00 Add-on payment, and lesser of 100% of billed charges.",68822.14,,,,,,,Case Rate,"Medicare Base Rate times Standard Inpatient Weight. GMLOS + 6 Outlier per Diem $11,932.00. Add-on payment, and lesser of 100% of billed charges. GMLOS + 6 Outlier per Diem $11,932.00. Add-on payment, and lesser of 100% of billed charges.",41272.71,,,,,,,Case Rate,"Medicare Base Rate times Standard Inpatient Weight. GMLOS + 8 Outlier per Diem $6,968.00. Add-on payment, and lesser of 100% of billed charges. GMLOS + 8 Outlier per Diem $6,968.00. Add-on payment, and lesser of 100% of billed charges.",16099.96,,,,,,,Case Rate,"Medicare Base Rate times Standard Inpatient Weight. 100 percent of Medicare DRG. Add-on payment,  . 100 percent of Medicare DRG. Add-on payment,  .",64339.48,,,,,,,Case Rate,"Medicare Base Rate times Standard Inpatient Weight. GMLOS + 6 Outlier per Diem $9,081.00 Add-on payment, and lesser of 100% of billed charges. GMLOS + 6 Outlier per Diem $9,081.00 Add-on payment, and lesser of 100% of billed charges.",,,,,,,,," ",16421.96,,,,,,,Case Rate,"Medicare Base Rate times Standard Inpatient Weight. 100 percent of Medicare DRG. Add-on payment, and lesser of 100% of billed charges. 100 percent of Medicare DRG. Add-on payment, and lesser of 100% of billed charges.",16421.96,,,,,,,Case Rate,"Medicare Base Rate times Standard Inpatient Weight. 100 percent of Medicare DRG. Add-on payment, and lesser of 100% of billed charges. 100 percent of Medicare DRG. Add-on payment, and lesser of 100% of billed charges.",16421.96,,,,,,,Case Rate,"Medicare Base Rate times Standard Inpatient Weight. 100 percent of Medicare DRG. Add-on payment, and lesser of 100% of billed charges. 100 percent of Medicare DRG. Add-on payment, and lesser of 100% of billed charges.",,,,,,,,," ",,,,,,,,," ",,,,,,,,," ",,,,,,,,," ",,,,,,,,," ",,,,,,,,," ",16421.96,,,,,,,Case Rate,"Medicare Base Rate times Standard Inpatient Weight. 100 percent of Medicare DRG. Add-on payment, and lesser of 100% of billed charges. 100 percent of Medicare DRG. Add-on payment, and lesser of 100% of billed charges.",,,,,,,,," ",,,,,,,,," ",,,,,,,,," ",,,,,,,,," ",,,,,,,,," ",,,,,,,,," ",,,,,,,,," ",16099.96,,,,,,,Case Rate,"Medicare Base Rate times Standard Inpatient Weight. 100 percent of Medicare DRG. Add-on payment,  . 100 percent of Medicare DRG. Add-on payment,  .",16099.96,,,,,,,Case Rate,"Medicare Base Rate times Standard Inpatient Weight. 100 percent of Medicare DRG. Add-on payment,  . 100 percent of Medicare DRG. Add-on payment,  .",41272.71,,,,,,,Case Rate,"Medicare Base Rate times Standard Inpatient Weight. GMLOS + 8 Outlier per Diem $6,968.00. Add-on payment, and lesser of 100% of billed charges. GMLOS + 8 Outlier per Diem $6,968.00. Add-on payment, and lesser of 100% of billed charges.",16099.96,,,,,,,Case Rate,"Medicare Base Rate times Standard Inpatient Weight. 100 percent of Medicare DRG. Add-on payment,  . 100 percent of Medicare DRG. Add-on payment,  .",,,,,,,,," ",,,,,,,,," ",,,,,,,,," ",,,,,,,,," ",,,,,,,,," ",,,,,,,,," ",,,,,,,,," ",,,,,,,,," ",,,,,,,,," ",,,,,,,,," ",,,,,,,,," ",68822.14,,,,,,,Case Rate,"Medicare Base Rate times Standard Inpatient Weight. GMLOS + 6 Outlier per Diem $11,932.00. Add-on payment, and lesser of 100% of billed charges. GMLOS + 6 Outlier per Diem $11,932.00. Add-on payment, and lesser of 100% of billed charges.",,,,,,,,," ",,,,,,,,," ",,,,,,,,," ",,,,,,,,," ",65315.76,,,,,,,Case Rate,"Medicare Base Rate times Standard Inpatient Weight. GMLOS + 6 Outlier per Diem $9,081.00 Add-on payment, and lesser of 100% of billed charges. GMLOS + 6 Outlier per Diem $9,081.00 Add-on payment, and lesser of 100% of billed charges.",64339.48,,,,,,,Case Rate,"Medicare Base Rate times Standard Inpatient Weight. GMLOS + 6 Outlier per Diem $9,081.00 Add-on payment, and lesser of 100% of billed charges. GMLOS + 6 Outlier per Diem $9,081.00 Add-on payment, and lesser of 100% of billed charges.",16099.96,,,,,,,Case Rate,"Medicare Base Rate times Standard Inpatient Weight. 100 percent of Medicare DRG. Add-on payment,  . 100 percent of Medicare DRG. Add-on payment,  .",64339.48,,,,,,,Case Rate,"Medicare Base Rate times Standard Inpatient Weight. GMLOS + 6 Outlier per Diem $9,081.00 Add-on payment, and lesser of 100% of billed charges. GMLOS + 6 Outlier per Diem $9,081.00 Add-on payment, and lesser of 100% of billed charges.",65315.76,,,,,,,Case Rate,"Medicare Base Rate times Standard Inpatient Weight. GMLOS + 6 Outlier per Diem $9,081.00 Add-on payment, and lesser of 100% of billed charges. GMLOS + 6 Outlier per Diem $9,081.00 Add-on payment, and lesser of 100% of billed charges.",65315.76,,,,,,,Case Rate,"Medicare Base Rate times Standard Inpatient Weight. GMLOS + 6 Outlier per Diem $9,081.00 Add-on payment, and lesser of 100% of billed charges. GMLOS + 6 Outlier per Diem $9,081.00 Add-on payment, and lesser of 100% of billed charges.",64339.48,,,,,,,Case Rate,"Medicare Base Rate times Standard Inpatient Weight. GMLOS + 6 Outlier per Diem $9,081.00 Add-on payment, and lesser of 100% of billed charges. GMLOS + 6 Outlier per Diem $9,081.00 Add-on payment, and lesser of 100% of billed charges.",16099.96,,,,,,,Case Rate,"Medicare Base Rate times Standard Inpatient Weight. 100 percent of Medicare DRG. Add-on payment,  . 100 percent of Medicare DRG. Add-on payment,  .",64339.48,,,,,,,Case Rate,"Medicare Base Rate times Standard Inpatient Weight. GMLOS + 6 Outlier per Diem $9,081.00 Add-on payment, and lesser of 100% of billed charges. GMLOS + 6 Outlier per Diem $9,081.00 Add-on payment, and lesser of 100% of billed charges.",65315.76,,,,,,,Case Rate,"Medicare Base Rate times Standard Inpatient Weight. GMLOS + 6 Outlier per Diem $9,081.00 Add-on payment, and lesser of 100% of billed charges. GMLOS + 6 Outlier per Diem $9,081.00 Add-on payment, and lesser of 100% of billed charges.",41272.71,,,,,,,Case Rate,"Medicare Base Rate times Standard Inpatient Weight. GMLOS + 8 Outlier per Diem $6,968.00. Add-on payment, and lesser of 100% of billed charges. GMLOS + 8 Outlier per Diem $6,968.00. Add-on payment, and lesser of 100% of billed charges.",,,,,,,,," ",,,,,,,,," ",,,,,,,,," ",,,,,,,,," ",,,,,,,,," ",,,,,,,,," ",,,,,,,,," ",,,,,,,,," ",,,,,,,,," ",,,,,,,,," ",,,,,,,,," ",,,,,,,,," ",,,,,,,,," ",,,,,,,,," ",45899.36,,,,,,,Case Rate,"Medicare Base Rate times Standard Inpatient Weight. Outlier (25+) per Diem $7,671.00. Add-on payment, and lesser of 100% of billed charges. Outlier (25+) per Diem $7,671.00. Add-on payment, and lesser of 100% of billed charges.",,,,,,,,," ",16099.96,,,,,,,Case Rate,"Medicare Base Rate times Standard Inpatient Weight. 100 percent of Medicare DRG. Add-on payment,  . 100 percent of Medicare DRG. Add-on payment,  .",50780.75,,,,,,,Case Rate,Medicare Base Rate times Standard Inpatient Weight. Local 1199 High/Low day Outlier Local 1199 High/Low day Outlier,16099.96,,,,,,,Case Rate,"Medicare Base Rate times Standard Inpatient Weight. 100 percent of Medicare DRG. Add-on payment,  . 100 percent of Medicare DRG. Add-on payment,  .",16099.96,,,,,,,Case Rate,"Medicare Base Rate times Standard Inpatient Weight. 100 percent of Medicare DRG. Add-on payment,  . 100 percent of Medicare DRG. Add-on payment,  .",,,,,,,,," ",,,,,,,,," ",,,,,,,,," ",,,,,,,,," ",,,,,,,,," ",39929.34,,,,,,,Case Rate,"Medicare Base Rate times Standard Inpatient Weight. GMLOS + 8 Outlier per Diem $4,623.00. Add-on payment, and lesser of 100% of billed charges. GMLOS + 8 Outlier per Diem $4,623.00. Add-on payment, and lesser of 100% of billed charges.",41272.71,,,,,,,Case Rate,"Medicare Base Rate times Standard Inpatient Weight. GMLOS + 8 Outlier per Diem $6,968.00. Add-on payment, and lesser of 100% of billed charges. GMLOS + 8 Outlier per Diem $6,968.00. Add-on payment, and lesser of 100% of billed charges.",46973.74,,,,,,,Case Rate,"Medicare Base Rate times Standard Inpatient Weight. Add-on payment, and lesser of 100% of billed charges. Add-on payment, and lesser of 100% of billed charges.",45899.36,,,,,,,Case Rate,"Medicare Base Rate times Standard Inpatient Weight. Outlier (25+) per Diem $7,671.00. Add-on payment, and lesser of 100% of billed charges. Outlier (25+) per Diem $7,671.00. Add-on payment, and lesser of 100% of billed charges.",16099.96,,,,,,,Case Rate,"Medicare Base Rate times Standard Inpatient Weight. 100 percent of Medicare DRG. Add-on payment, . 100 percent of Medicare DRG. Add-on payment, .",16099.96,,,,,,,Case Rate,"Medicare Base Rate times Standard Inpatient Weight. 100 percent of Medicare DRG. Add-on payment,  . 100 percent of Medicare DRG. Add-on payment,  .",16099.96,,,,,,,Case Rate,"Medicare Base Rate times Standard Inpatient Weight. 100 percent of Medicare DRG. Add-on payment,  . 100 percent of Medicare DRG. Add-on payment,  .",16099.96,,,,,,,Case Rate,"Medicare Base Rate times Standard Inpatient Weight. 100 percent of Medicare DRG. Add-on payment,  . 100 percent of Medicare DRG. Add-on payment,  .",16099.96,,,,,,,Case Rate,"Medicare Base Rate times Standard Inpatient Weight. 100 percent of Medicare DRG. Add-on payment, . 100 percent of Medicare DRG. Add-on payment, .",16099.96,,,,,,,Case Rate,"Medicare Base Rate times Standard Inpatient Weight. 100 percent of Medicare DRG. Add-on payment,  . 100 percent of Medicare DRG. Add-on payment,  .",,,,,,,,," ",,,,,,,,," ",,,,,,,,," ",65315.76,,,,,,,Case Rate,"Medicare Base Rate times Standard Inpatient Weight. GMLOS + 6 Outlier per Diem $9,081.00 Add-on payment, and lesser of 100% of billed charges. GMLOS + 6 Outlier per Diem $9,081.00 Add-on payment, and lesser of 100% of billed charges.",39929.34,,,,,,,Case Rate,"Medicare Base Rate times Standard Inpatient Weight. GMLOS + 8 Outlier per Diem $4,623.00. Add-on payment, and lesser of 100% of billed charges. GMLOS + 8 Outlier per Diem $4,623.00. Add-on payment, and lesser of 100% of billed charges.",39929.34,,,,,,,Case Rate,"Medicare Base Rate times Standard Inpatient Weight. GMLOS + 8 Outlier per Diem $4,623.00. Add-on payment, and lesser of 100% of billed charges. GMLOS + 8 Outlier per Diem $4,623.00. Add-on payment, and lesser of 100% of billed charges.",39929.34,,,,,,,Case Rate,"Medicare Base Rate times Standard Inpatient Weight. GMLOS + 8 Outlier per Diem $4,623.00. Add-on payment, and lesser of 100% of billed charges. GMLOS + 8 Outlier per Diem $4,623.00. Add-on payment, and lesser of 100% of billed charges.",39929.34,,,,,,,Case Rate,"Medicare Base Rate times Standard Inpatient Weight. GMLOS + 8 Outlier per Diem $4,623.00. Add-on payment, and lesser of 100% of billed charges. GMLOS + 8 Outlier per Diem $4,623.00. Add-on payment, and lesser of 100% of billed charges.",16099.96,,,,,,,Case Rate,"Medicare Base Rate times Standard Inpatient Weight. 100 percent of Medicare DRG. Add-on payment,  . 100 percent of Medicare DRG. Add-on payment,  .",,,,,,,,," ",65315.76,,,,,,,Case Rate,"Medicare Base Rate times Standard Inpatient Weight. GMLOS + 6 Outlier per Diem $9,081.00 Add-on payment, and lesser of 100% of billed charges. GMLOS + 6 Outlier per Diem $9,081.00 Add-on payment, and lesser of 100% of billed charges.",,,,,,,,," ",16099.96,,,,,,,Case Rate,"Medicare Base Rate times Standard Inpatient Weight. 100 percent of Medicare DRG. Add-on payment,  . 100 percent of Medicare DRG. Add-on payment,  .",,,,,,,,," ",16099.96,,,,,,,Case Rate,"Medicare Base Rate times Standard Inpatient Weight. 100 percent of Medicare DRG. Add-on payment,  . 100 percent of Medicare DRG. Add-on payment,  .",16099.96,,,,,,,Case Rate,"Medicare Base Rate times Standard Inpatient Weight. 100 percent of Medicare DRG. Add-on payment,  . 100 percent of Medicare DRG. Add-on payment,  .",,,,,,,,," ",,,,,,,,," ",39929.34,,,,,,,Case Rate,"Medicare Base Rate times Standard Inpatient Weight. GMLOS + 8 Outlier per Diem $4,623.00. Add-on payment, and lesser of 100% of billed charges. GMLOS + 8 Outlier per Diem $4,623.00. Add-on payment, and lesser of 100% of billed charges.",45899.36,,,,,,,Case Rate,"Medicare Base Rate times Standard Inpatient Weight. Outlier (25+) per Diem $7,671.00. Add-on payment, and lesser of 100% of billed charges. Outlier (25+) per Diem $7,671.00. Add-on payment, and lesser of 100% of billed charges.",,73,,,,,0,Percent of total billed charges,73 percent of charges.  ; No services were performed during the 15 month look back period.,60443.86,,,,,,,Case Rate,"Medicare Base Rate times Standard Inpatient Weight. AMLOS + 5 Outlier per Diem $7,362.00. Add-on payment, and lesser of 100% of billed charges. AMLOS + 5 Outlier per Diem $7,362.00. Add-on payment, and lesser of 100% of billed charges.",60443.86,,,,,,,Case Rate,"Medicare Base Rate times Standard Inpatient Weight. AMLOS + 5 Outlier per Diem $7,362.00. Add-on payment, and lesser of 100% of billed charges. AMLOS + 5 Outlier per Diem $7,362.00. Add-on payment, and lesser of 100% of billed charges.",41272.71,,,,,,,Case Rate,"Medicare Base Rate times Standard Inpatient Weight. GMLOS + 8 Outlier per Diem $6,968.00. Add-on payment, and lesser of 100% of billed charges. GMLOS + 8 Outlier per Diem $6,968.00. Add-on payment, and lesser of 100% of billed charges.",14972.96,,,,,,,Case Rate,"Medicare Base Rate times Standard Inpatient Weight. 93 percent of Medicare DRG. Add-on payment, and lesser of 100% of billed charges. 93 percent of Medicare DRG. Add-on payment, and lesser of 100% of billed charges.",46657.28,,,,,,,Case Rate,"Medicare Base Rate times Standard Inpatient Weight. Add-on payment, and lesser of 100% of billed charges. Add-on payment, and lesser of 100% of billed charges.",46657.28,,,,,,,Case Rate,"Medicare Base Rate times Standard Inpatient Weight. Add-on payment, and lesser of 100% of billed charges. Add-on payment, and lesser of 100% of billed charges.",51472.22,,,,,,,Case Rate,"Medicare Base Rate times Standard Inpatient Weight. GMLOS + 6 Outlier per Diem $7,265.00 Add-on payment, and lesser of 100% of billed charges. GMLOS + 6 Outlier per Diem $7,265.00 Add-on payment, and lesser of 100% of billed charges.",65315.76,,,,,,,Case Rate,"Medicare Base Rate times Standard Inpatient Weight. GMLOS + 6 Outlier per Diem $9,081.00 Add-on payment, and lesser of 100% of billed charges. GMLOS + 6 Outlier per Diem $9,081.00 Add-on payment, and lesser of 100% of billed charges.",16099.96,,,,,,,Case Rate,"Medicare Base Rate times Standard Inpatient Weight. 100 percent of Medicare DRG. Add-on payment,  . 100 percent of Medicare DRG. Add-on payment,  .",16099.96,,,,,,,Case Rate,"Medicare Base Rate times Standard Inpatient Weight. 100 percent of Medicare DRG. Add-on payment,  . 100 percent of Medicare DRG. Add-on payment,  .",16099.96,,,,,,,Case Rate,"Medicare Base Rate times Standard Inpatient Weight. 100 percent of Medicare DRG. Add-on payment,  . 100 percent of Medicare DRG. Add-on payment,  .",16099.96,,,,,,,Case Rate,"Medicare Base Rate times Standard Inpatient Weight. 100 percent of Medicare DRG. Add-on payment,  . 100 percent of Medicare DRG. Add-on payment,  .",60443.86,,,,,,,Case Rate,"Medicare Base Rate times Standard Inpatient Weight. AMLOS + 5 Outlier per Diem $7,362.00. Add-on payment, and lesser of 100% of billed charges. AMLOS + 5 Outlier per Diem $7,362.00. Add-on payment, and lesser of 100% of billed charges.",65315.76,,,,,,,Case Rate,"Medicare Base Rate times Standard Inpatient Weight. GMLOS + 6 Outlier per Diem $9,081.00 Add-on payment, and lesser of 100% of billed charges. GMLOS + 6 Outlier per Diem $9,081.00 Add-on payment, and lesser of 100% of billed charges.",65315.76,,,,,,,Case Rate,"Medicare Base Rate times Standard Inpatient Weight. GMLOS + 6 Outlier per Diem $9,081.00 Add-on payment, and lesser of 100% of billed charges. GMLOS + 6 Outlier per Diem $9,081.00 Add-on payment, and lesser of 100% of billed charges.",16099.96,,,,,,,Case Rate,"Medicare Base Rate times Standard Inpatient Weight. 100 percent of Medicare DRG. Add-on payment,  . 100 percent of Medicare DRG. Add-on payment,  .",51472.22,,,,,,,Case Rate,"Medicare Base Rate times Standard Inpatient Weight. GMLOS + 6 Outlier per Diem $7,265.00 Add-on payment, and lesser of 100% of billed charges. GMLOS + 6 Outlier per Diem $7,265.00 Add-on payment, and lesser of 100% of billed charges.",46973.74,,,,,,,Case Rate,"Medicare Base Rate times Standard Inpatient Weight. Add-on payment, and lesser of 100% of billed charges. Add-on payment, and lesser of 100% of billed charges.",,,,,,,,," ",,,,,,,,," ",39929.34,,,,,,,Case Rate,"Medicare Base Rate times Standard Inpatient Weight. GMLOS + 8 Outlier per Diem $4,623.00. Add-on payment, and lesser of 100% of billed charges. GMLOS + 8 Outlier per Diem $4,623.00. Add-on payment, and lesser of 100% of billed charges.",57905.85,,,,,,,Case Rate,"Medicare Base Rate times Standard Inpatient Weight. GMLOS + 6 Outlier per Diem $8,173.00 Add-on payment, and lesser of 100% of billed charges. GMLOS + 6 Outlier per Diem $8,173.00 Add-on payment, and lesser of 100% of billed charges.",65315.76,,,,,,,Case Rate,"Medicare Base Rate times Standard Inpatient Weight. GMLOS + 6 Outlier per Diem $9,081.00 Add-on payment, and lesser of 100% of billed charges. GMLOS + 6 Outlier per Diem $9,081.00 Add-on payment, and lesser of 100% of billed charges.",65315.76,,,,,,,Case Rate,"Medicare Base Rate times Standard Inpatient Weight. GMLOS + 6 Outlier per Diem $9,081.00 Add-on payment, and lesser of 100% of billed charges. GMLOS + 6 Outlier per Diem $9,081.00 Add-on payment, and lesser of 100% of billed charges.",47419.95,,,,,,,Case Rate,"Medicare Base Rate times Standard Inpatient Weight. GMLOS + 6 Outlier per Diem $8,221.00. Add-on payment, and lesser of 100% of billed charges. GMLOS + 6 Outlier per Diem $8,221.00. Add-on payment, and lesser of 100% of billed charges.",16099.96,,,,,,,Case Rate,"Medicare Base Rate times Standard Inpatient Weight. 100 percent of Medicare DRG. Add-on payment, . 100 percent of Medicare DRG. Add-on payment, .",,,,,,,,," ",,,,,,,,," ",,,,,,,,," ",,,,,,,,," ",60443.86,,,,,,,Case Rate,"Medicare Base Rate times Standard Inpatient Weight. AMLOS + 5 Outlier per Diem $7,362.00. Add-on payment, and lesser of 100% of billed charges. AMLOS + 5 Outlier per Diem $7,362.00. Add-on payment, and lesser of 100% of billed charges.",,,,,,,,," ",,,,,,,,," ",,,,,,,,," ",,,,,,,,," ",,,,,,,,," ",,,,,,,,," ",,,,,,,,," ",16099.96,,,,,,,Case Rate,"Medicare Base Rate times Standard Inpatient Weight. 100 percent of Medicare DRG. Add-on payment,  . 100 percent of Medicare DRG. Add-on payment,  .",60443.86,,,,,,,Case Rate,"Medicare Base Rate times Standard Inpatient Weight. AMLOS + 5 Outlier per Diem $7,362.00. Add-on payment, and lesser of 100% of billed charges. AMLOS + 5 Outlier per Diem $7,362.00. Add-on payment, and lesser of 100% of billed charges.",16099.96,,,,,,,Case Rate,"Medicare Base Rate times Standard Inpatient Weight. 100 percent of Medicare DRG. Add-on payment,  . 100 percent of Medicare DRG. Add-on payment,  .",,,,,,,,," ",65315.76,,,,,,,Case Rate,"Medicare Base Rate times Standard Inpatient Weight. GMLOS + 6 Outlier per Diem $9,081.00 Add-on payment, and lesser of 100% of billed charges. GMLOS + 6 Outlier per Diem $9,081.00 Add-on payment, and lesser of 100% of billed charges.",16099.96,,,,,,,Case Rate,"Medicare Base Rate times Standard Inpatient Weight. 100 percent of Medicare DRG. Add-on payment,  . 100 percent of Medicare DRG. Add-on payment,  .",65315.76,,,,,,,Case Rate,"Medicare Base Rate times Standard Inpatient Weight. GMLOS + 6 Outlier per Diem $9,081.00 Add-on payment, and lesser of 100% of billed charges. GMLOS + 6 Outlier per Diem $9,081.00 Add-on payment, and lesser of 100% of billed charges.",65315.76,,,,,,,Case Rate,"Medicare Base Rate times Standard Inpatient Weight. GMLOS + 6 Outlier per Diem $9,081.00 Add-on payment, and lesser of 100% of billed charges. GMLOS + 6 Outlier per Diem $9,081.00 Add-on payment, and lesser of 100% of billed charges.",65315.76,,,,,,,Case Rate,"Medicare Base Rate times Standard Inpatient Weight. GMLOS + 6 Outlier per Diem $9,081.00 Add-on payment, and lesser of 100% of billed charges. GMLOS + 6 Outlier per Diem $9,081.00 Add-on payment, and lesser of 100% of billed charges.",,,,,,,,," ",16099.96,,,,,,,Case Rate,"Medicare Base Rate times Standard Inpatient Weight. 100 percent of Medicare DRG. Add-on payment,  . 100 percent of Medicare DRG. Add-on payment,  .",65315.76,,,,,,,Case Rate,"Medicare Base Rate times Standard Inpatient Weight. GMLOS + 6 Outlier per Diem $9,081.00 Add-on payment, and lesser of 100% of billed charges. GMLOS + 6 Outlier per Diem $9,081.00 Add-on payment, and lesser of 100% of billed charges.",,,,,,,,," ",65315.76,,,,,,,Case Rate,"Medicare Base Rate times Standard Inpatient Weight. GMLOS + 6 Outlier per Diem $9,081.00 Add-on payment, and lesser of 100% of billed charges. GMLOS + 6 Outlier per Diem $9,081.00 Add-on payment, and lesser of 100% of billed charges.",16904.96,,,,,,,Case Rate,"105% of the Diagnostic Related Group fee schedule established by CMS for Medicare in force as of the date of payment.. Delay in Discharge per diem $4,007 Delay in Discharge per diem $4,007",16099.96,,,,,,,Case Rate,"Medicare Base Rate times Standard Inpatient Weight. 100 percent of Medicare DRG. Add-on payment, . 100 percent of Medicare DRG. Add-on payment, .",39929.34,,,,,,,Case Rate,"Medicare Base Rate times Standard Inpatient Weight. GMLOS + 8 Outlier per Diem $4,623.00. Add-on payment, and lesser of 100% of billed charges. GMLOS + 8 Outlier per Diem $4,623.00. Add-on payment, and lesser of 100% of billed charges.",39929.34,,,,,,,Case Rate,"Medicare Base Rate times Standard Inpatient Weight. GMLOS + 8 Outlier per Diem $4,623.00. Add-on payment, and lesser of 100% of billed charges. GMLOS + 8 Outlier per Diem $4,623.00. Add-on payment, and lesser of 100% of billed charges.",39929.34,,,,,,,Case Rate,"Medicare Base Rate times Standard Inpatient Weight. GMLOS + 8 Outlier per Diem $4,623.00. Add-on payment, and lesser of 100% of billed charges. GMLOS + 8 Outlier per Diem $4,623.00. Add-on payment, and lesser of 100% of billed charges.",39929.34,,,,,,,Case Rate,"Medicare Base Rate times Standard Inpatient Weight. GMLOS + 8 Outlier per Diem $4,623.00. Add-on payment, and lesser of 100% of billed charges. GMLOS + 8 Outlier per Diem $4,623.00. Add-on payment, and lesser of 100% of billed charges.",39929.34,,,,,,,Case Rate,"Medicare Base Rate times Standard Inpatient Weight. GMLOS + 8 Outlier per Diem $4,623.00. Add-on payment, and lesser of 100% of billed charges. GMLOS + 8 Outlier per Diem $4,623.00. Add-on payment, and lesser of 100% of billed charges.",46973.74,,,,,,,Case Rate,"Medicare Base Rate times Standard Inpatient Weight. Add-on payment, and lesser of 100% of billed charges. Add-on payment, and lesser of 100% of billed charges.",46973.74,,,,,,,Case Rate,"Medicare Base Rate times Standard Inpatient Weight. Add-on payment, and lesser of 100% of billed charges. Add-on payment, and lesser of 100% of billed charges.",39929.34,,,,,,,Case Rate,"Medicare Base Rate times Standard Inpatient Weight. GMLOS + 8 Outlier per Diem $4,623.00. Add-on payment, and lesser of 100% of billed charges. GMLOS + 8 Outlier per Diem $4,623.00. Add-on payment, and lesser of 100% of billed charges.",39929.34,,,,,,,Case Rate,"Medicare Base Rate times Standard Inpatient Weight. GMLOS + 8 Outlier per Diem $4,623.00. Add-on payment, and lesser of 100% of billed charges. GMLOS + 8 Outlier per Diem $4,623.00. Add-on payment, and lesser of 100% of billed charges.",39929.34,,,,,,,Case Rate,"Medicare Base Rate times Standard Inpatient Weight. GMLOS + 8 Outlier per Diem $4,623.00. Add-on payment, and lesser of 100% of billed charges. GMLOS + 8 Outlier per Diem $4,623.00. Add-on payment, and lesser of 100% of billed charges.",39929.34,,,,,,,Case Rate,"Medicare Base Rate times Standard Inpatient Weight. GMLOS + 8 Outlier per Diem $4,623.00. Add-on payment, and lesser of 100% of billed charges. GMLOS + 8 Outlier per Diem $4,623.00. Add-on payment, and lesser of 100% of billed charges.",39929.34,,,,,,,Case Rate,"Medicare Base Rate times Standard Inpatient Weight. GMLOS + 8 Outlier per Diem $4,623.00. Add-on payment, and lesser of 100% of billed charges. GMLOS + 8 Outlier per Diem $4,623.00. Add-on payment, and lesser of 100% of billed charges.",16099.96,,,,,,,Case Rate,"Medicare Base Rate times Standard Inpatient Weight. 100 percent of Medicare DRG. Add-on payment,  . 100 percent of Medicare DRG. Add-on payment,  .",46973.74,,,,,,,Case Rate,"Medicare Base Rate times Standard Inpatient Weight. Add-on payment, and lesser of 100% of billed charges. Add-on payment, and lesser of 100% of billed charges.",16099.96,,,,,,,Case Rate,"Medicare Base Rate times Standard Inpatient Weight. 100 percent of Medicare DRG. Add-on payment,  . 100 percent of Medicare DRG. Add-on payment,  .",,,,,,,,," ",,,,,,,,," ",60443.86,,,,,,,Case Rate,"Medicare Base Rate times Standard Inpatient Weight. AMLOS + 5 Outlier per Diem $7,362.00. Add-on payment, and lesser of 100% of billed charges. AMLOS + 5 Outlier per Diem $7,362.00. Add-on payment, and lesser of 100% of billed charges.",60443.86,,,,,,,Case Rate,"Medicare Base Rate times Standard Inpatient Weight. AMLOS + 5 Outlier per Diem $7,362.00. Add-on payment, and lesser of 100% of billed charges. AMLOS + 5 Outlier per Diem $7,362.00. Add-on payment, and lesser of 100% of billed charges.",16099.96,,,,,,,Case Rate,"Medicare Base Rate times Standard Inpatient Weight. 100 percent of Medicare DRG. Add-on payment,  . 100 percent of Medicare DRG. Add-on payment,  .",46657.28,,,,,,,Case Rate,"Medicare Base Rate times Standard Inpatient Weight. Add-on payment, and lesser of 100% of billed charges. Add-on payment, and lesser of 100% of billed charges.",16099.96,,,,,,,Case Rate,"Medicare Base Rate times Standard Inpatient Weight. 100 percent of Medicare DRG. Add-on payment,  . 100 percent of Medicare DRG. Add-on payment,  .",16099.96,,,,,,,Case Rate,"Medicare Base Rate times Standard Inpatient Weight. 100 percent of Medicare DRG. Add-on payment,  . 100 percent of Medicare DRG. Add-on payment,  .",41272.71,,,,,,,Case Rate,"Medicare Base Rate times Standard Inpatient Weight. GMLOS + 8 Outlier per Diem $6,968.00. Add-on payment, and lesser of 100% of billed charges. GMLOS + 8 Outlier per Diem $6,968.00. Add-on payment, and lesser of 100% of billed charges.",16099.96,,,,,,,Case Rate,"Medicare Base Rate times Standard Inpatient Weight. 100 percent of Medicare DRG. Add-on payment,  . 100 percent of Medicare DRG. Add-on payment,  .",45899.36,,,,,,,Case Rate,"Medicare Base Rate times Standard Inpatient Weight. Outlier (25+) per Diem $7,671.00. Add-on payment, and lesser of 100% of billed charges. Outlier (25+) per Diem $7,671.00. Add-on payment, and lesser of 100% of billed charges.",16099.96,,,,,,,Case Rate,"Medicare Base Rate times Standard Inpatient Weight. 100 percent of Medicare DRG. Add-on payment,  . 100 percent of Medicare DRG. Add-on payment,  .",45899.36,,,,,,,Case Rate,"Medicare Base Rate times Standard Inpatient Weight. Outlier (25+) per Diem $7,671.00. Add-on payment, and lesser of 100% of billed charges. Outlier (25+) per Diem $7,671.00. Add-on payment, and lesser of 100% of billed charges.",41272.71,,,,,,,Case Rate,"Medicare Base Rate times Standard Inpatient Weight. GMLOS + 8 Outlier per Diem $6,968.00. Add-on payment, and lesser of 100% of billed charges. GMLOS + 8 Outlier per Diem $6,968.00. Add-on payment, and lesser of 100% of billed charges.",45899.36,,,,,,,Case Rate,"Medicare Base Rate times Standard Inpatient Weight. Outlier (25+) per Diem $7,671.00. Add-on payment, and lesser of 100% of billed charges. Outlier (25+) per Diem $7,671.00. Add-on payment, and lesser of 100% of billed charges.",16099.96,,,,,,,Case Rate,"Medicare Base Rate times Standard Inpatient Weight. 100 percent of Medicare DRG. Add-on payment,  . 100 percent of Medicare DRG. Add-on payment,  .",,,,,,,,," ",16099.96,,,,,,,Case Rate,"Medicare Base Rate times Standard Inpatient Weight. 100 percent of Medicare DRG. Add-on payment,  . 100 percent of Medicare DRG. Add-on payment,  .",45899.36,,,,,,,Case Rate,"Medicare Base Rate times Standard Inpatient Weight. Outlier (25+) per Diem $7,671.00. Add-on payment, and lesser of 100% of billed charges. Outlier (25+) per Diem $7,671.00. Add-on payment, and lesser of 100% of billed charges.",60443.86,,,,,,,Case Rate,"Medicare Base Rate times Standard Inpatient Weight. AMLOS + 5 Outlier per Diem $7,362.00. Add-on payment, and lesser of 100% of billed charges. AMLOS + 5 Outlier per Diem $7,362.00. Add-on payment, and lesser of 100% of billed charges.",,,,,,,,," ",65315.76,,,,,,,Case Rate,"Medicare Base Rate times Standard Inpatient Weight. GMLOS + 6 Outlier per Diem $9,081.00 Add-on payment, and lesser of 100% of billed charges. GMLOS + 6 Outlier per Diem $9,081.00 Add-on payment, and lesser of 100% of billed charges.",,,,,,,,," ",,,,,,,,," ",64339.48,,,,,,,Case Rate,"Medicare Base Rate times Standard Inpatient Weight. GMLOS + 6 Outlier per Diem $9,081.00 Add-on payment, and lesser of 100% of billed charges. GMLOS + 6 Outlier per Diem $9,081.00 Add-on payment, and lesser of 100% of billed charges.",64339.48,,,,,,,Case Rate,"Medicare Base Rate times Standard Inpatient Weight. GMLOS + 6 Outlier per Diem $9,081.00 Add-on payment, and lesser of 100% of billed charges. GMLOS + 6 Outlier per Diem $9,081.00 Add-on payment, and lesser of 100% of billed charges.",65315.76,,,,,,,Case Rate,"Medicare Base Rate times Standard Inpatient Weight. GMLOS + 6 Outlier per Diem $9,081.00 Add-on payment, and lesser of 100% of billed charges. GMLOS + 6 Outlier per Diem $9,081.00 Add-on payment, and lesser of 100% of billed charges.",60443.86,,,,,,,Case Rate,"Medicare Base Rate times Standard Inpatient Weight. AMLOS + 5 Outlier per Diem $7,362.00. Add-on payment, and lesser of 100% of billed charges. AMLOS + 5 Outlier per Diem $7,362.00. Add-on payment, and lesser of 100% of billed charges.",65315.76,,,,,,,Case Rate,"Medicare Base Rate times Standard Inpatient Weight. GMLOS + 6 Outlier per Diem $9,081.00 Add-on payment, and lesser of 100% of billed charges. GMLOS + 6 Outlier per Diem $9,081.00 Add-on payment, and lesser of 100% of billed charges.",64339.48,,,,,,,Case Rate,"Medicare Base Rate times Standard Inpatient Weight. GMLOS + 6 Outlier per Diem $9,081.00 Add-on payment, and lesser of 100% of billed charges. GMLOS + 6 Outlier per Diem $9,081.00 Add-on payment, and lesser of 100% of billed charges.",65315.76,,,,,,,Case Rate,"Medicare Base Rate times Standard Inpatient Weight. GMLOS + 6 Outlier per Diem $9,081.00 Add-on payment, and lesser of 100% of billed charges. GMLOS + 6 Outlier per Diem $9,081.00 Add-on payment, and lesser of 100% of billed charges.",39929.34,,,,,,,Case Rate,"Medicare Base Rate times Standard Inpatient Weight. GMLOS + 8 Outlier per Diem $4,623.00. Add-on payment, and lesser of 100% of billed charges. GMLOS + 8 Outlier per Diem $4,623.00. Add-on payment, and lesser of 100% of billed charges.",39929.34,,,,,,,Case Rate,"Medicare Base Rate times Standard Inpatient Weight. GMLOS + 8 Outlier per Diem $4,623.00. Add-on payment, and lesser of 100% of billed charges. GMLOS + 8 Outlier per Diem $4,623.00. Add-on payment, and lesser of 100% of billed charges.",42060.12,,,,,,,Case Rate,. 200 percent of Medicare 200 percent of Medicare,,,,,,,,," ",60443.86,,,,,,,Case Rate,"Medicare Base Rate times Standard Inpatient Weight. AMLOS + 5 Outlier per Diem $7,362.00. Add-on payment, and lesser of 100% of billed charges. AMLOS + 5 Outlier per Diem $7,362.00. Add-on payment, and lesser of 100% of billed charges.",45899.36,,,,,,,Case Rate,"Medicare Base Rate times Standard Inpatient Weight. Outlier (25+) per Diem $7,671.00. Add-on payment, and lesser of 100% of billed charges. Outlier (25+) per Diem $7,671.00. Add-on payment, and lesser of 100% of billed charges.",41272.71,,,,,,,Case Rate,"Medicare Base Rate times Standard Inpatient Weight. GMLOS + 8 Outlier per Diem $6,968.00. Add-on payment, and lesser of 100% of billed charges. GMLOS + 8 Outlier per Diem $6,968.00. Add-on payment, and lesser of 100% of billed charges.",60443.86,,,,,,,Case Rate,"Medicare Base Rate times Standard Inpatient Weight. AMLOS + 5 Outlier per Diem $7,362.00. Add-on payment, and lesser of 100% of billed charges. AMLOS + 5 Outlier per Diem $7,362.00. Add-on payment, and lesser of 100% of billed charges.",41272.71,,,,,,,Case Rate,"Medicare Base Rate times Standard Inpatient Weight. GMLOS + 8 Outlier per Diem $6,968.00. Add-on payment, and lesser of 100% of billed charges. GMLOS + 8 Outlier per Diem $6,968.00. Add-on payment, and lesser of 100% of billed charges.",60443.86,,,,,,,Case Rate,"Medicare Base Rate times Standard Inpatient Weight. AMLOS + 5 Outlier per Diem $7,362.00. Add-on payment, and lesser of 100% of billed charges. AMLOS + 5 Outlier per Diem $7,362.00. Add-on payment, and lesser of 100% of billed charges.",65315.76,,,,,,,Case Rate,"Medicare Base Rate times Standard Inpatient Weight. GMLOS + 6 Outlier per Diem $9,081.00 Add-on payment, and lesser of 100% of billed charges. GMLOS + 6 Outlier per Diem $9,081.00 Add-on payment, and lesser of 100% of billed charges.",64339.48,,,,,,,Case Rate,"Medicare Base Rate times Standard Inpatient Weight. GMLOS + 6 Outlier per Diem $9,081.00 Add-on payment, and lesser of 100% of billed charges. GMLOS + 6 Outlier per Diem $9,081.00 Add-on payment, and lesser of 100% of billed charges.",64339.48,,,,,,,Case Rate,"Medicare Base Rate times Standard Inpatient Weight. GMLOS + 6 Outlier per Diem $9,081.00 Add-on payment, and lesser of 100% of billed charges. GMLOS + 6 Outlier per Diem $9,081.00 Add-on payment, and lesser of 100% of billed charges.",65315.76,,,,,,,Case Rate,"Medicare Base Rate times Standard Inpatient Weight. GMLOS + 6 Outlier per Diem $9,081.00 Add-on payment, and lesser of 100% of billed charges. GMLOS + 6 Outlier per Diem $9,081.00 Add-on payment, and lesser of 100% of billed charges.",16099.96,,,,,,,Case Rate,"Medicare Base Rate times Standard Inpatient Weight. 100 percent of Medicare DRG. Add-on payment,  . 100 percent of Medicare DRG. Add-on payment,  .",14130.26,72029.46,
MS390,DRG,,,,,MS-DRG 390 GASTROINTESTINAL OBSTRUCTION WITHOUT CC/MCC,,,Inpatient,,,,17458.59,,,,,,,Case Rate,Medicare Base Rate times Standard Inpatient Weight. Local 1199 High/Low day Outlier Local 1199 High/Low day Outlier,17458.59,,,,,,,Case Rate,Medicare Base Rate times Standard Inpatient Weight. Local 1199 High/Low day Outlier Local 1199 High/Low day Outlier,14189.7,,,,,,,Case Rate,"Medicare Base Rate times Standard Inpatient Weight. GMLOS + 8 Outlier per Diem $6,968.00. Add-on payment, and lesser of 100% of billed charges. GMLOS + 8 Outlier per Diem $6,968.00. Add-on payment, and lesser of 100% of billed charges.",,100,,,,,0,Percent of total billed charges,100 percent of charges.  ; No services were performed during the 15 month look back period.,5896.01,,,,,,,Case Rate,"Medicare Base Rate times Standard Inpatient Weight. 100 percent of Medicare DRG. Add-on payment,  . 100 percent of Medicare DRG. Add-on payment,  .",14189.7,,,,,,,Case Rate,"Medicare Base Rate times Standard Inpatient Weight. GMLOS + 8 Outlier per Diem $6,968.00. Add-on payment, and lesser of 100% of billed charges. GMLOS + 8 Outlier per Diem $6,968.00. Add-on payment, and lesser of 100% of billed charges.",14189.7,,,,,,,Case Rate,"Medicare Base Rate times Standard Inpatient Weight. GMLOS + 8 Outlier per Diem $6,968.00. Add-on payment, and lesser of 100% of billed charges. GMLOS + 8 Outlier per Diem $6,968.00. Add-on payment, and lesser of 100% of billed charges.",14189.7,,,,,,,Case Rate,"Medicare Base Rate times Standard Inpatient Weight. GMLOS + 8 Outlier per Diem $6,968.00. Add-on payment, and lesser of 100% of billed charges. GMLOS + 8 Outlier per Diem $6,968.00. Add-on payment, and lesser of 100% of billed charges.",,,,,,,,," ",,,,,,,,," ",,73,,,,,0,Percent of total billed charges,73 percent of charges.  ; No services were performed during the 15 month look back period.,20780.8,,,,,,,Case Rate,"Medicare Base Rate times Standard Inpatient Weight. AMLOS + 5 Outlier per Diem $7,362.00. Add-on payment, and lesser of 100% of billed charges. AMLOS + 5 Outlier per Diem $7,362.00. Add-on payment, and lesser of 100% of billed charges.",,,,,,,,," ",5896.01,,,,,,,Case Rate,"Medicare Base Rate times Standard Inpatient Weight. 100 percent of Medicare DRG. Add-on payment,  . 100 percent of Medicare DRG. Add-on payment,  .",15780.35,,,,,,,Case Rate,"Medicare Base Rate times Standard Inpatient Weight. Outlier (25+) per Diem $7,671.00. Add-on payment, and lesser of 100% of billed charges. Outlier (25+) per Diem $7,671.00. Add-on payment, and lesser of 100% of billed charges.",15780.35,,,,,,,Case Rate,"Medicare Base Rate times Standard Inpatient Weight. Outlier (25+) per Diem $7,671.00. Add-on payment, and lesser of 100% of billed charges. Outlier (25+) per Diem $7,671.00. Add-on payment, and lesser of 100% of billed charges.",15780.35,,,,,,,Case Rate,"Medicare Base Rate times Standard Inpatient Weight. Outlier (25+) per Diem $7,671.00. Add-on payment, and lesser of 100% of billed charges. Outlier (25+) per Diem $7,671.00. Add-on payment, and lesser of 100% of billed charges.",15780.35,,,,,,,Case Rate,"Medicare Base Rate times Standard Inpatient Weight. Outlier (25+) per Diem $7,671.00. Add-on payment, and lesser of 100% of billed charges. Outlier (25+) per Diem $7,671.00. Add-on payment, and lesser of 100% of billed charges.",,,,,,,,," ",5896.01,,,,,,,Case Rate,"Medicare Base Rate times Standard Inpatient Weight. 100 percent of Medicare DRG. Add-on payment,  . 100 percent of Medicare DRG. Add-on payment,  .",,,,,,,,," ",,73,,,,,0,Percent of total billed charges,73 percent of charges.  ; No services were performed during the 15 month look back period.,14189.7,,,,,,,Case Rate,"Medicare Base Rate times Standard Inpatient Weight. GMLOS + 8 Outlier per Diem $6,968.00. Add-on payment, and lesser of 100% of billed charges. GMLOS + 8 Outlier per Diem $6,968.00. Add-on payment, and lesser of 100% of billed charges.",5896.01,,,,,,,Case Rate,"Medicare Base Rate times Standard Inpatient Weight. 100 percent of Medicare DRG. Add-on payment, and lesser of 100% of billed charges. 100 percent of Medicare DRG. Add-on payment, and lesser of 100% of billed charges.",16149.73,,,,,,,Case Rate,"Medicare Base Rate times Standard Inpatient Weight. Add-on payment, and lesser of 100% of billed charges. Add-on payment, and lesser of 100% of billed charges.",5896.01,,,,,,,Case Rate,"Medicare Base Rate times Standard Inpatient Weight. 100 percent of Medicare DRG. Add-on payment, and lesser of 100% of billed charges. 100 percent of Medicare DRG. Add-on payment, and lesser of 100% of billed charges.",5896.01,,,,,,,Case Rate,"Medicare Base Rate times Standard Inpatient Weight. 100 percent of Medicare DRG. Add-on payment, and lesser of 100% of billed charges. 100 percent of Medicare DRG. Add-on payment, and lesser of 100% of billed charges.",,73,,,,,0,Percent of total billed charges,73 percent of charges.  ; No services were performed during the 15 month look back period.,,,,,,,,," ",,,,,,,,," ",,,,,,,,," ",,,,,,,,," ",16149.73,,,,,,,Case Rate,"Medicare Base Rate times Standard Inpatient Weight. Add-on payment, and lesser of 100% of billed charges. Add-on payment, and lesser of 100% of billed charges.",16149.73,,,,,,,Case Rate,"Medicare Base Rate times Standard Inpatient Weight. Add-on payment, and lesser of 100% of billed charges. Add-on payment, and lesser of 100% of billed charges.",,,,,,,,," ",16149.73,,,,,,,Case Rate,"Medicare Base Rate times Standard Inpatient Weight. Add-on payment, and lesser of 100% of billed charges. Add-on payment, and lesser of 100% of billed charges.",,,,,,,,," ",5896.01,,,,,,,Case Rate,"Medicare Base Rate times Standard Inpatient Weight. 100 percent of Medicare DRG. Add-on payment, . 100 percent of Medicare DRG. Add-on payment, .",16149.73,,,,,,,Case Rate,"Medicare Base Rate times Standard Inpatient Weight. Add-on payment, and lesser of 100% of billed charges. Add-on payment, and lesser of 100% of billed charges.",,73,,,,,0,Percent of total billed charges,73 percent of charges.  ; No services were performed during the 15 month look back period.,,,,,,,,," ",,,,,,,,," ",,73,,,,,0,Percent of total billed charges,73 percent of charges.  ; No services were performed during the 15 month look back period.,15780.35,,,,,,,Case Rate,"Medicare Base Rate times Standard Inpatient Weight. Outlier (25+) per Diem $7,671.00. Add-on payment, and lesser of 100% of billed charges. Outlier (25+) per Diem $7,671.00. Add-on payment, and lesser of 100% of billed charges.",15116.67,,,,,,,Case Rate,"Medicare Base Rate times Standard Inpatient Weight. AMLOS + 5 Outlier per Diem $7,167.00. Add-on payment, and lesser of 100% of billed charges. AMLOS + 5 Outlier per Diem $7,167.00. Add-on payment, and lesser of 100% of billed charges.",15116.67,,,,,,,Case Rate,"Medicare Base Rate times Standard Inpatient Weight. AMLOS + 5 Outlier per Diem $7,167.00. Add-on payment, and lesser of 100% of billed charges. AMLOS + 5 Outlier per Diem $7,167.00. Add-on payment, and lesser of 100% of billed charges.",,73,,,,,0,Percent of total billed charges,73 percent of charges.  ; No services were performed during the 15 month look back period.,5896.01,,,,,,,Case Rate,"Medicare Base Rate times Standard Inpatient Weight. 100 percent of Medicare DRG. Add-on payment,  . 100 percent of Medicare DRG. Add-on payment,  .",20780.8,,,,,,,Case Rate,"Medicare Base Rate times Standard Inpatient Weight. AMLOS + 5 Outlier per Diem $7,362.00. Add-on payment, and lesser of 100% of billed charges. AMLOS + 5 Outlier per Diem $7,362.00. Add-on payment, and lesser of 100% of billed charges.",20780.8,,,,,,,Case Rate,"Medicare Base Rate times Standard Inpatient Weight. AMLOS + 5 Outlier per Diem $7,362.00. Add-on payment, and lesser of 100% of billed charges. AMLOS + 5 Outlier per Diem $7,362.00. Add-on payment, and lesser of 100% of billed charges.",20780.8,,,,,,,Case Rate,"Medicare Base Rate times Standard Inpatient Weight. AMLOS + 5 Outlier per Diem $7,362.00. Add-on payment, and lesser of 100% of billed charges. AMLOS + 5 Outlier per Diem $7,362.00. Add-on payment, and lesser of 100% of billed charges.",5896.01,,,,,,,Case Rate,"Medicare Base Rate times Standard Inpatient Weight. 100 percent of Medicare DRG. Add-on payment,  . 100 percent of Medicare DRG. Add-on payment,  .",20780.8,,,,,,,Case Rate,"Medicare Base Rate times Standard Inpatient Weight. AMLOS + 5 Outlier per Diem $7,362.00. Add-on payment, and lesser of 100% of billed charges. AMLOS + 5 Outlier per Diem $7,362.00. Add-on payment, and lesser of 100% of billed charges.",20780.8,,,,,,,Case Rate,"Medicare Base Rate times Standard Inpatient Weight. AMLOS + 5 Outlier per Diem $7,362.00. Add-on payment, and lesser of 100% of billed charges. AMLOS + 5 Outlier per Diem $7,362.00. Add-on payment, and lesser of 100% of billed charges.",5896.01,,,,,,,Case Rate,"Medicare Base Rate times Standard Inpatient Weight. 100 percent of Medicare DRG. Add-on payment, and lesser of 100% of billed charges. 100 percent of Medicare DRG. Add-on payment, and lesser of 100% of billed charges.",23661.28,,,,,,,Case Rate,"Medicare Base Rate times Standard Inpatient Weight. GMLOS + 6 Outlier per Diem $11,932.00. Add-on payment, and lesser of 100% of billed charges. GMLOS + 6 Outlier per Diem $11,932.00. Add-on payment, and lesser of 100% of billed charges.",22455.78,,,,,,,Case Rate,"Medicare Base Rate times Standard Inpatient Weight. GMLOS + 6 Outlier per Diem $9,081.00 Add-on payment, and lesser of 100% of billed charges. GMLOS + 6 Outlier per Diem $9,081.00 Add-on payment, and lesser of 100% of billed charges.",22455.78,,,,,,,Case Rate,"Medicare Base Rate times Standard Inpatient Weight. GMLOS + 6 Outlier per Diem $9,081.00 Add-on payment, and lesser of 100% of billed charges. GMLOS + 6 Outlier per Diem $9,081.00 Add-on payment, and lesser of 100% of billed charges.",22120.13,,,,,,,Case Rate,"Medicare Base Rate times Standard Inpatient Weight. GMLOS + 6 Outlier per Diem $9,081.00 Add-on payment, and lesser of 100% of billed charges. GMLOS + 6 Outlier per Diem $9,081.00 Add-on payment, and lesser of 100% of billed charges.",24763.97,,,,,,,Case Rate,"Medicare Base Rate times Standard Inpatient Weight. GMLOS + 6 Outlier per Diem $9,081.00 Add-on payment, and lesser of 100% of billed charges. GMLOS + 6 Outlier per Diem $9,081.00 Add-on payment, and lesser of 100% of billed charges.",22120.13,,,,,,,Case Rate,"Medicare Base Rate times Standard Inpatient Weight. GMLOS + 6 Outlier per Diem $9,081.00 Add-on payment, and lesser of 100% of billed charges. GMLOS + 6 Outlier per Diem $9,081.00 Add-on payment, and lesser of 100% of billed charges.",22455.78,,,,,,,Case Rate,"Medicare Base Rate times Standard Inpatient Weight. GMLOS + 6 Outlier per Diem $9,081.00 Add-on payment, and lesser of 100% of billed charges. GMLOS + 6 Outlier per Diem $9,081.00 Add-on payment, and lesser of 100% of billed charges.",5896.01,,,,,,,Case Rate,"Medicare Base Rate times Standard Inpatient Weight. 100 percent of Medicare DRG. Add-on payment,  . 100 percent of Medicare DRG. Add-on payment,  .",5896.01,,,,,,,Case Rate,"Medicare Base Rate times Standard Inpatient Weight. 100 percent of Medicare DRG. Add-on payment,  . 100 percent of Medicare DRG. Add-on payment,  .",24763.97,,,,,,,Case Rate,"Medicare Base Rate times Standard Inpatient Weight. GMLOS + 6 Outlier per Diem $9,081.00 Add-on payment, and lesser of 100% of billed charges. GMLOS + 6 Outlier per Diem $9,081.00 Add-on payment, and lesser of 100% of billed charges.",,73,,,,,0,Percent of total billed charges,73 percent of charges.  ; No services were performed during the 15 month look back period.,,73,,,,,0,Percent of total billed charges,73 percent of charges.  ; No services were performed during the 15 month look back period.,,73,,,,,0,Percent of total billed charges,73 percent of charges.  ; No services were performed during the 15 month look back period.,,73,,,,,0,Percent of total billed charges,73 percent of charges.  ; No services were performed during the 15 month look back period.,,73,,,,,0,Percent of total billed charges,73 percent of charges.  ; No services were performed during the 15 month look back period.,,73,,,,,0,Percent of total billed charges,73 percent of charges.  ; No services were performed during the 15 month look back period.,,73,,,,,0,Percent of total billed charges,73 percent of charges.  ; No services were performed during the 15 month look back period.,,73,,,,,0,Percent of total billed charges,73 percent of charges.  ; No services were performed during the 15 month look back period.,,73,,,,,0,Percent of total billed charges,73 percent of charges.  ; No services were performed during the 15 month look back period.,,73,,,,,0,Percent of total billed charges,73 percent of charges.  ; No services were performed during the 15 month look back period.,,73,,,,,0,Percent of total billed charges,73 percent of charges.  ; No services were performed during the 15 month look back period.,,73,,,,,0,Percent of total billed charges,73 percent of charges.  ; No services were performed during the 15 month look back period.,,73,,,,,0,Percent of total billed charges,73 percent of charges.  ; No services were performed during the 15 month look back period.,,73,,,,,0,Percent of total billed charges,73 percent of charges.  ; No services were performed during the 15 month look back period.,,73,,,,,0,Percent of total billed charges,73 percent of charges.  ; No services were performed during the 15 month look back period.,,73,,,,,0,Percent of total billed charges,73 percent of charges.  ; No services were performed during the 15 month look back period.,,73,,,,,0,Percent of total billed charges,73 percent of charges.  ; No services were performed during the 15 month look back period.,,73,,,,,0,Percent of total billed charges,73 percent of charges.  ; No services were performed during the 15 month look back period.,,73,,,,,0,Percent of total billed charges,73 percent of charges.  ; No services were performed during the 15 month look back period.,,73,,,,,0,Percent of total billed charges,73 percent of charges.  ; No services were performed during the 15 month look back period.,,73,,,,,0,Percent of total billed charges,73 percent of charges.  ; No services were performed during the 15 month look back period.,,73,,,,,0,Percent of total billed charges,73 percent of charges.  ; No services were performed during the 15 month look back period.,,73,,,,,0,Percent of total billed charges,73 percent of charges.  ; No services were performed during the 15 month look back period.,,73,,,,,0,Percent of total billed charges,73 percent of charges.  ; No services were performed during the 15 month look back period.,,73,,,,,0,Percent of total billed charges,73 percent of charges.  ; No services were performed during the 15 month look back period.,,73,,,,,0,Percent of total billed charges,73 percent of charges.  ; No services were performed during the 15 month look back period.,16149.73,,,,,,,Case Rate,"Medicare Base Rate times Standard Inpatient Weight. Add-on payment, and lesser of 100% of billed charges. Add-on payment, and lesser of 100% of billed charges.",16149.73,,,,,,,Case Rate,"Medicare Base Rate times Standard Inpatient Weight. Add-on payment, and lesser of 100% of billed charges. Add-on payment, and lesser of 100% of billed charges.",16149.73,,,,,,,Case Rate,"Medicare Base Rate times Standard Inpatient Weight. Add-on payment, and lesser of 100% of billed charges. Add-on payment, and lesser of 100% of billed charges.",16149.73,,,,,,,Case Rate,"Medicare Base Rate times Standard Inpatient Weight. Add-on payment, and lesser of 100% of billed charges. Add-on payment, and lesser of 100% of billed charges.",16040.93,,,,,,,Case Rate,"Medicare Base Rate times Standard Inpatient Weight. Add-on payment, and lesser of 100% of billed charges. Add-on payment, and lesser of 100% of billed charges.",16040.93,,,,,,,Case Rate,"Medicare Base Rate times Standard Inpatient Weight. Add-on payment, and lesser of 100% of billed charges. Add-on payment, and lesser of 100% of billed charges.",15780.35,,,,,,,Case Rate,"Medicare Base Rate times Standard Inpatient Weight. Outlier (25+) per Diem $7,671.00. Add-on payment, and lesser of 100% of billed charges. Outlier (25+) per Diem $7,671.00. Add-on payment, and lesser of 100% of billed charges.",22455.78,,,,,,,Case Rate,"Medicare Base Rate times Standard Inpatient Weight. GMLOS + 6 Outlier per Diem $9,081.00 Add-on payment, and lesser of 100% of billed charges. GMLOS + 6 Outlier per Diem $9,081.00 Add-on payment, and lesser of 100% of billed charges.",20780.8,,,,,,,Case Rate,"Medicare Base Rate times Standard Inpatient Weight. AMLOS + 5 Outlier per Diem $7,362.00. Add-on payment, and lesser of 100% of billed charges. AMLOS + 5 Outlier per Diem $7,362.00. Add-on payment, and lesser of 100% of billed charges.",22120.13,,,,,,,Case Rate,"Medicare Base Rate times Standard Inpatient Weight. GMLOS + 6 Outlier per Diem $9,081.00 Add-on payment, and lesser of 100% of billed charges. GMLOS + 6 Outlier per Diem $9,081.00 Add-on payment, and lesser of 100% of billed charges.",,73,,,,,0,Percent of total billed charges,73 percent of charges.  ; No services were performed during the 15 month look back period.,16040.93,,,,,,,Case Rate,"Medicare Base Rate times Standard Inpatient Weight. Add-on payment, and lesser of 100% of billed charges. Add-on payment, and lesser of 100% of billed charges.",22455.78,,,,,,,Case Rate,"Medicare Base Rate times Standard Inpatient Weight. GMLOS + 6 Outlier per Diem $9,081.00 Add-on payment, and lesser of 100% of billed charges. GMLOS + 6 Outlier per Diem $9,081.00 Add-on payment, and lesser of 100% of billed charges.",20780.8,,,,,,,Case Rate,"Medicare Base Rate times Standard Inpatient Weight. AMLOS + 5 Outlier per Diem $7,362.00. Add-on payment, and lesser of 100% of billed charges. AMLOS + 5 Outlier per Diem $7,362.00. Add-on payment, and lesser of 100% of billed charges.",15780.35,,,,,,,Case Rate,"Medicare Base Rate times Standard Inpatient Weight. Outlier (25+) per Diem $7,671.00. Add-on payment, and lesser of 100% of billed charges. Outlier (25+) per Diem $7,671.00. Add-on payment, and lesser of 100% of billed charges.",,,,,,,,," ",,73,,,,,0,Percent of total billed charges,73 percent of charges.  ; No services were performed during the 15 month look back period.,,,,,,,,," ",16149.73,,,,,,,Case Rate,"Medicare Base Rate times Standard Inpatient Weight. Add-on payment, and lesser of 100% of billed charges. Add-on payment, and lesser of 100% of billed charges.",,,,,,,,," ",5896.01,,,,,,,Case Rate,"Medicare Base Rate times Standard Inpatient Weight. 100 percent of Medicare DRG. Add-on payment, . 100 percent of Medicare DRG. Add-on payment, .",5896.01,,,,,,,Case Rate,"Medicare Base Rate times Standard Inpatient Weight. 100 percent of Medicare DRG. Add-on payment,  . 100 percent of Medicare DRG. Add-on payment,  .",23661.28,,,,,,,Case Rate,"Medicare Base Rate times Standard Inpatient Weight. GMLOS + 6 Outlier per Diem $11,932.00. Add-on payment, and lesser of 100% of billed charges. GMLOS + 6 Outlier per Diem $11,932.00. Add-on payment, and lesser of 100% of billed charges.",5896.01,,,,,,,Case Rate,"Medicare Base Rate times Standard Inpatient Weight. 100 percent of Medicare DRG. Add-on payment,  . 100 percent of Medicare DRG. Add-on payment,  .",5896.01,,,,,,,Case Rate,"Medicare Base Rate times Standard Inpatient Weight. 100 percent of Medicare DRG. Add-on payment,  . 100 percent of Medicare DRG. Add-on payment,  .",,,,,,,,," ",5896.01,,,,,,,Case Rate,"Medicare Base Rate times Standard Inpatient Weight. 100 percent of Medicare DRG. Add-on payment,  . 100 percent of Medicare DRG. Add-on payment,  .",5896.01,,,,,,,Case Rate,"Medicare Base Rate times Standard Inpatient Weight. 100 percent of Medicare DRG. Add-on payment,  . 100 percent of Medicare DRG. Add-on payment,  .",14189.7,,,,,,,Case Rate,"Medicare Base Rate times Standard Inpatient Weight. GMLOS + 8 Outlier per Diem $6,968.00. Add-on payment, and lesser of 100% of billed charges. GMLOS + 8 Outlier per Diem $6,968.00. Add-on payment, and lesser of 100% of billed charges.",14189.7,,,,,,,Case Rate,"Medicare Base Rate times Standard Inpatient Weight. GMLOS + 8 Outlier per Diem $6,968.00. Add-on payment, and lesser of 100% of billed charges. GMLOS + 8 Outlier per Diem $6,968.00. Add-on payment, and lesser of 100% of billed charges.",5896.01,,,,,,,Case Rate,"Medicare Base Rate times Standard Inpatient Weight. 100 percent of Medicare DRG. Add-on payment,  . 100 percent of Medicare DRG. Add-on payment,  .",15780.35,,,,,,,Case Rate,"Medicare Base Rate times Standard Inpatient Weight. Outlier (25+) per Diem $7,671.00. Add-on payment, and lesser of 100% of billed charges. Outlier (25+) per Diem $7,671.00. Add-on payment, and lesser of 100% of billed charges.",20780.8,,,,,,,Case Rate,"Medicare Base Rate times Standard Inpatient Weight. AMLOS + 5 Outlier per Diem $7,362.00. Add-on payment, and lesser of 100% of billed charges. AMLOS + 5 Outlier per Diem $7,362.00. Add-on payment, and lesser of 100% of billed charges.",20780.8,,,,,,,Case Rate,"Medicare Base Rate times Standard Inpatient Weight. AMLOS + 5 Outlier per Diem $7,362.00. Add-on payment, and lesser of 100% of billed charges. AMLOS + 5 Outlier per Diem $7,362.00. Add-on payment, and lesser of 100% of billed charges.",5896.01,,,,,,,Case Rate,"Medicare Base Rate times Standard Inpatient Weight. 100 percent of Medicare DRG. Add-on payment,  . 100 percent of Medicare DRG. Add-on payment,  .",15780.35,,,,,,,Case Rate,"Medicare Base Rate times Standard Inpatient Weight. Outlier (25+) per Diem $7,671.00. Add-on payment, and lesser of 100% of billed charges. Outlier (25+) per Diem $7,671.00. Add-on payment, and lesser of 100% of billed charges.",14189.7,,,,,,,Case Rate,"Medicare Base Rate times Standard Inpatient Weight. GMLOS + 8 Outlier per Diem $6,968.00. Add-on payment, and lesser of 100% of billed charges. GMLOS + 8 Outlier per Diem $6,968.00. Add-on payment, and lesser of 100% of billed charges.",14189.7,,,,,,,Case Rate,"Medicare Base Rate times Standard Inpatient Weight. GMLOS + 8 Outlier per Diem $6,968.00. Add-on payment, and lesser of 100% of billed charges. GMLOS + 8 Outlier per Diem $6,968.00. Add-on payment, and lesser of 100% of billed charges.",14189.7,,,,,,,Case Rate,"Medicare Base Rate times Standard Inpatient Weight. GMLOS + 8 Outlier per Diem $6,968.00. Add-on payment, and lesser of 100% of billed charges. GMLOS + 8 Outlier per Diem $6,968.00. Add-on payment, and lesser of 100% of billed charges.",,73,,,,,0,Percent of total billed charges,73 percent of charges.  ; No services were performed during the 15 month look back period.,,73,,,,,0,Percent of total billed charges,73 percent of charges.  ; No services were performed during the 15 month look back period.,,73,,,,,0,Percent of total billed charges,73 percent of charges.  ; No services were performed during the 15 month look back period.,,73,,,,,0,Percent of total billed charges,73 percent of charges.  ; No services were performed during the 15 month look back period.,,73,,,,,0,Percent of total billed charges,73 percent of charges.  ; No services were performed during the 15 month look back period.,,73,,,,,0,Percent of total billed charges,73 percent of charges.  ; No services were performed during the 15 month look back period.,,73,,,,,0,Percent of total billed charges,73 percent of charges.  ; No services were performed during the 15 month look back period.,,73,,,,,0,Percent of total billed charges,73 percent of charges.  ; No services were performed during the 15 month look back period.,,73,,,,,0,Percent of total billed charges,73 percent of charges.  ; No services were performed during the 15 month look back period.,,73,,,,,0,Percent of total billed charges,73 percent of charges.  ; No services were performed during the 15 month look back period.,,73,,,,,0,Percent of total billed charges,73 percent of charges.  ; No services were performed during the 15 month look back period.,16040.93,,,,,,,Case Rate,"Medicare Base Rate times Standard Inpatient Weight. Add-on payment, and lesser of 100% of billed charges. Add-on payment, and lesser of 100% of billed charges.",22455.78,,,,,,,Case Rate,"Medicare Base Rate times Standard Inpatient Weight. GMLOS + 6 Outlier per Diem $9,081.00 Add-on payment, and lesser of 100% of billed charges. GMLOS + 6 Outlier per Diem $9,081.00 Add-on payment, and lesser of 100% of billed charges.",15780.35,,,,,,,Case Rate,"Medicare Base Rate times Standard Inpatient Weight. Outlier (25+) per Diem $7,671.00. Add-on payment, and lesser of 100% of billed charges. Outlier (25+) per Diem $7,671.00. Add-on payment, and lesser of 100% of billed charges.",5896.01,,,,,,,Case Rate,"Medicare Base Rate times Standard Inpatient Weight. 100 percent of Medicare DRG. Add-on payment,  . 100 percent of Medicare DRG. Add-on payment,  .",14189.7,,,,,,,Case Rate,"Medicare Base Rate times Standard Inpatient Weight. GMLOS + 8 Outlier per Diem $6,968.00. Add-on payment, and lesser of 100% of billed charges. GMLOS + 8 Outlier per Diem $6,968.00. Add-on payment, and lesser of 100% of billed charges.",15780.35,,,,,,,Case Rate,"Medicare Base Rate times Standard Inpatient Weight. Outlier (25+) per Diem $7,671.00. Add-on payment, and lesser of 100% of billed charges. Outlier (25+) per Diem $7,671.00. Add-on payment, and lesser of 100% of billed charges.",15780.35,,,,,,,Case Rate,"Medicare Base Rate times Standard Inpatient Weight. Outlier (25+) per Diem $7,671.00. Add-on payment, and lesser of 100% of billed charges. Outlier (25+) per Diem $7,671.00. Add-on payment, and lesser of 100% of billed charges.",,73,,,,,0,Percent of total billed charges,73 percent of charges.  ; No services were performed during the 15 month look back period.,,,,,,,,," ",15780.35,,,,,,,Case Rate,"Medicare Base Rate times Standard Inpatient Weight. Outlier (25+) per Diem $7,671.00. Add-on payment, and lesser of 100% of billed charges. Outlier (25+) per Diem $7,671.00. Add-on payment, and lesser of 100% of billed charges.",,,,,,,,," ",5896.01,,,,,,,Case Rate,"Medicare Base Rate times Standard Inpatient Weight. 100 percent of Medicare DRG. Add-on payment,  . 100 percent of Medicare DRG. Add-on payment,  .",5896.01,,,,,,,Case Rate,"Medicare Base Rate times Standard Inpatient Weight. 100 percent of Medicare DRG. Add-on payment,  . 100 percent of Medicare DRG. Add-on payment,  .",5896.01,,,,,,,Case Rate,"Medicare Base Rate times Standard Inpatient Weight. 100 percent of Medicare DRG. Add-on payment,  . 100 percent of Medicare DRG. Add-on payment,  .",5896.01,,,,,,,Case Rate,"Medicare Base Rate times Standard Inpatient Weight. 100 percent of Medicare DRG. Add-on payment,  . 100 percent of Medicare DRG. Add-on payment,  .",5896.01,,,,,,,Case Rate,"Medicare Base Rate times Standard Inpatient Weight. 100 percent of Medicare DRG. Add-on payment,  . 100 percent of Medicare DRG. Add-on payment,  .",5896.01,,,,,,,Case Rate,"Medicare Base Rate times Standard Inpatient Weight. 100 percent of Medicare DRG. Add-on payment,  . 100 percent of Medicare DRG. Add-on payment,  .",15780.35,,,,,,,Case Rate,"Medicare Base Rate times Standard Inpatient Weight. Outlier (25+) per Diem $7,671.00. Add-on payment, and lesser of 100% of billed charges. Outlier (25+) per Diem $7,671.00. Add-on payment, and lesser of 100% of billed charges.",23661.28,,,,,,,Case Rate,"Medicare Base Rate times Standard Inpatient Weight. GMLOS + 6 Outlier per Diem $11,932.00. Add-on payment, and lesser of 100% of billed charges. GMLOS + 6 Outlier per Diem $11,932.00. Add-on payment, and lesser of 100% of billed charges.",,,,,,,,," ",,,,,,,,," ",,,,,,,,," ",,,,,,,,," ",,,,,,,,," ",,,,,,,,," ",23661.28,,,,,,,Case Rate,"Medicare Base Rate times Standard Inpatient Weight. GMLOS + 6 Outlier per Diem $11,932.00. Add-on payment, and lesser of 100% of billed charges. GMLOS + 6 Outlier per Diem $11,932.00. Add-on payment, and lesser of 100% of billed charges.",15181.99,,,,,,,Case Rate,. 200 percent of Medicare 200 percent of Medicare,15181.99,,,,,,,Case Rate,. 200 percent of Medicare 200 percent of Medicare,15181.99,,,,,,,Case Rate,. 200 percent of Medicare 200 percent of Medicare,15181.99,,,,,,,Case Rate,. 200 percent of Medicare 200 percent of Medicare,15181.99,,,,,,,Case Rate,. 200 percent of Medicare 200 percent of Medicare,5896.01,,,,,,,Case Rate,"Medicare Base Rate times Standard Inpatient Weight. 100 percent of Medicare DRG. Add-on payment,  . 100 percent of Medicare DRG. Add-on payment,  .",16040.93,,,,,,,Case Rate,"Medicare Base Rate times Standard Inpatient Weight. Add-on payment, and lesser of 100% of billed charges. Add-on payment, and lesser of 100% of billed charges.",16040.93,,,,,,,Case Rate,"Medicare Base Rate times Standard Inpatient Weight. Add-on payment, and lesser of 100% of billed charges. Add-on payment, and lesser of 100% of billed charges.",16040.93,,,,,,,Case Rate,"Medicare Base Rate times Standard Inpatient Weight. Add-on payment, and lesser of 100% of billed charges. Add-on payment, and lesser of 100% of billed charges.",16040.93,,,,,,,Case Rate,"Medicare Base Rate times Standard Inpatient Weight. Add-on payment, and lesser of 100% of billed charges. Add-on payment, and lesser of 100% of billed charges.",14189.7,,,,,,,Case Rate,"Medicare Base Rate times Standard Inpatient Weight. GMLOS + 8 Outlier per Diem $6,968.00. Add-on payment, and lesser of 100% of billed charges. GMLOS + 8 Outlier per Diem $6,968.00. Add-on payment, and lesser of 100% of billed charges.",14189.7,,,,,,,Case Rate,"Medicare Base Rate times Standard Inpatient Weight. GMLOS + 8 Outlier per Diem $6,968.00. Add-on payment, and lesser of 100% of billed charges. GMLOS + 8 Outlier per Diem $6,968.00. Add-on payment, and lesser of 100% of billed charges.",14189.7,,,,,,,Case Rate,"Medicare Base Rate times Standard Inpatient Weight. GMLOS + 8 Outlier per Diem $6,968.00. Add-on payment, and lesser of 100% of billed charges. GMLOS + 8 Outlier per Diem $6,968.00. Add-on payment, and lesser of 100% of billed charges.",14189.7,,,,,,,Case Rate,"Medicare Base Rate times Standard Inpatient Weight. GMLOS + 8 Outlier per Diem $6,968.00. Add-on payment, and lesser of 100% of billed charges. GMLOS + 8 Outlier per Diem $6,968.00. Add-on payment, and lesser of 100% of billed charges.",23661.28,,,,,,,Case Rate,"Medicare Base Rate times Standard Inpatient Weight. GMLOS + 6 Outlier per Diem $11,932.00. Add-on payment, and lesser of 100% of billed charges. GMLOS + 6 Outlier per Diem $11,932.00. Add-on payment, and lesser of 100% of billed charges.",23661.28,,,,,,,Case Rate,"Medicare Base Rate times Standard Inpatient Weight. GMLOS + 6 Outlier per Diem $11,932.00. Add-on payment, and lesser of 100% of billed charges. GMLOS + 6 Outlier per Diem $11,932.00. Add-on payment, and lesser of 100% of billed charges.",5896.01,,,,,,,Case Rate,"Medicare Base Rate times Standard Inpatient Weight. 100 percent of Medicare DRG. Add-on payment,  . 100 percent of Medicare DRG. Add-on payment,  .",5896.01,,,,,,,Case Rate,"Medicare Base Rate times Standard Inpatient Weight. 100 percent of Medicare DRG. Add-on payment,  . 100 percent of Medicare DRG. Add-on payment,  .",5896.01,,,,,,,Case Rate,"Medicare Base Rate times Standard Inpatient Weight. 100 percent of Medicare DRG. Add-on payment,  . 100 percent of Medicare DRG. Add-on payment,  .",22455.78,,,,,,,Case Rate,"Medicare Base Rate times Standard Inpatient Weight. GMLOS + 6 Outlier per Diem $9,081.00 Add-on payment, and lesser of 100% of billed charges. GMLOS + 6 Outlier per Diem $9,081.00 Add-on payment, and lesser of 100% of billed charges.",22455.78,,,,,,,Case Rate,"Medicare Base Rate times Standard Inpatient Weight. GMLOS + 6 Outlier per Diem $9,081.00 Add-on payment, and lesser of 100% of billed charges. GMLOS + 6 Outlier per Diem $9,081.00 Add-on payment, and lesser of 100% of billed charges.",22455.78,,,,,,,Case Rate,"Medicare Base Rate times Standard Inpatient Weight. GMLOS + 6 Outlier per Diem $9,081.00 Add-on payment, and lesser of 100% of billed charges. GMLOS + 6 Outlier per Diem $9,081.00 Add-on payment, and lesser of 100% of billed charges.",23661.28,,,,,,,Case Rate,"Medicare Base Rate times Standard Inpatient Weight. GMLOS + 6 Outlier per Diem $11,932.00. Add-on payment, and lesser of 100% of billed charges. GMLOS + 6 Outlier per Diem $11,932.00. Add-on payment, and lesser of 100% of billed charges.",14189.7,,,,,,,Case Rate,"Medicare Base Rate times Standard Inpatient Weight. GMLOS + 8 Outlier per Diem $6,968.00. Add-on payment, and lesser of 100% of billed charges. GMLOS + 8 Outlier per Diem $6,968.00. Add-on payment, and lesser of 100% of billed charges.",5896.01,,,,,,,Case Rate,"Medicare Base Rate times Standard Inpatient Weight. 100 percent of Medicare DRG. Add-on payment,  . 100 percent of Medicare DRG. Add-on payment,  .",22120.13,,,,,,,Case Rate,"Medicare Base Rate times Standard Inpatient Weight. GMLOS + 6 Outlier per Diem $9,081.00 Add-on payment, and lesser of 100% of billed charges. GMLOS + 6 Outlier per Diem $9,081.00 Add-on payment, and lesser of 100% of billed charges.",,,,,,,,," ",6013.93,,,,,,,Case Rate,"Medicare Base Rate times Standard Inpatient Weight. 100 percent of Medicare DRG. Add-on payment, and lesser of 100% of billed charges. 100 percent of Medicare DRG. Add-on payment, and lesser of 100% of billed charges.",6013.93,,,,,,,Case Rate,"Medicare Base Rate times Standard Inpatient Weight. 100 percent of Medicare DRG. Add-on payment, and lesser of 100% of billed charges. 100 percent of Medicare DRG. Add-on payment, and lesser of 100% of billed charges.",6013.93,,,,,,,Case Rate,"Medicare Base Rate times Standard Inpatient Weight. 100 percent of Medicare DRG. Add-on payment, and lesser of 100% of billed charges. 100 percent of Medicare DRG. Add-on payment, and lesser of 100% of billed charges.",,,,,,,,," ",,,,,,,,," ",,,,,,,,," ",,,,,,,,," ",,,,,,,,," ",,,,,,,,," ",6013.93,,,,,,,Case Rate,"Medicare Base Rate times Standard Inpatient Weight. 100 percent of Medicare DRG. Add-on payment, and lesser of 100% of billed charges. 100 percent of Medicare DRG. Add-on payment, and lesser of 100% of billed charges.",,,,,,,,," ",,,,,,,,," ",,,,,,,,," ",,,,,,,,," ",,,,,,,,," ",,,,,,,,," ",,,,,,,,," ",5896.01,,,,,,,Case Rate,"Medicare Base Rate times Standard Inpatient Weight. 100 percent of Medicare DRG. Add-on payment,  . 100 percent of Medicare DRG. Add-on payment,  .",5896.01,,,,,,,Case Rate,"Medicare Base Rate times Standard Inpatient Weight. 100 percent of Medicare DRG. Add-on payment,  . 100 percent of Medicare DRG. Add-on payment,  .",14189.7,,,,,,,Case Rate,"Medicare Base Rate times Standard Inpatient Weight. GMLOS + 8 Outlier per Diem $6,968.00. Add-on payment, and lesser of 100% of billed charges. GMLOS + 8 Outlier per Diem $6,968.00. Add-on payment, and lesser of 100% of billed charges.",5896.01,,,,,,,Case Rate,"Medicare Base Rate times Standard Inpatient Weight. 100 percent of Medicare DRG. Add-on payment,  . 100 percent of Medicare DRG. Add-on payment,  .",,,,,,,,," ",,,,,,,,," ",,,,,,,,," ",,,,,,,,," ",,,,,,,,," ",,,,,,,,," ",,,,,,,,," ",,,,,,,,," ",,,,,,,,," ",,,,,,,,," ",,,,,,,,," ",23661.28,,,,,,,Case Rate,"Medicare Base Rate times Standard Inpatient Weight. GMLOS + 6 Outlier per Diem $11,932.00. Add-on payment, and lesser of 100% of billed charges. GMLOS + 6 Outlier per Diem $11,932.00. Add-on payment, and lesser of 100% of billed charges.",,,,,,,,," ",,,,,,,,," ",,,,,,,,," ",,,,,,,,," ",22455.78,,,,,,,Case Rate,"Medicare Base Rate times Standard Inpatient Weight. GMLOS + 6 Outlier per Diem $9,081.00 Add-on payment, and lesser of 100% of billed charges. GMLOS + 6 Outlier per Diem $9,081.00 Add-on payment, and lesser of 100% of billed charges.",22120.13,,,,,,,Case Rate,"Medicare Base Rate times Standard Inpatient Weight. GMLOS + 6 Outlier per Diem $9,081.00 Add-on payment, and lesser of 100% of billed charges. GMLOS + 6 Outlier per Diem $9,081.00 Add-on payment, and lesser of 100% of billed charges.",5896.01,,,,,,,Case Rate,"Medicare Base Rate times Standard Inpatient Weight. 100 percent of Medicare DRG. Add-on payment,  . 100 percent of Medicare DRG. Add-on payment,  .",22120.13,,,,,,,Case Rate,"Medicare Base Rate times Standard Inpatient Weight. GMLOS + 6 Outlier per Diem $9,081.00 Add-on payment, and lesser of 100% of billed charges. GMLOS + 6 Outlier per Diem $9,081.00 Add-on payment, and lesser of 100% of billed charges.",22455.78,,,,,,,Case Rate,"Medicare Base Rate times Standard Inpatient Weight. GMLOS + 6 Outlier per Diem $9,081.00 Add-on payment, and lesser of 100% of billed charges. GMLOS + 6 Outlier per Diem $9,081.00 Add-on payment, and lesser of 100% of billed charges.",22455.78,,,,,,,Case Rate,"Medicare Base Rate times Standard Inpatient Weight. GMLOS + 6 Outlier per Diem $9,081.00 Add-on payment, and lesser of 100% of billed charges. GMLOS + 6 Outlier per Diem $9,081.00 Add-on payment, and lesser of 100% of billed charges.",22120.13,,,,,,,Case Rate,"Medicare Base Rate times Standard Inpatient Weight. GMLOS + 6 Outlier per Diem $9,081.00 Add-on payment, and lesser of 100% of billed charges. GMLOS + 6 Outlier per Diem $9,081.00 Add-on payment, and lesser of 100% of billed charges.",5896.01,,,,,,,Case Rate,"Medicare Base Rate times Standard Inpatient Weight. 100 percent of Medicare DRG. Add-on payment,  . 100 percent of Medicare DRG. Add-on payment,  .",22120.13,,,,,,,Case Rate,"Medicare Base Rate times Standard Inpatient Weight. GMLOS + 6 Outlier per Diem $9,081.00 Add-on payment, and lesser of 100% of billed charges. GMLOS + 6 Outlier per Diem $9,081.00 Add-on payment, and lesser of 100% of billed charges.",22455.78,,,,,,,Case Rate,"Medicare Base Rate times Standard Inpatient Weight. GMLOS + 6 Outlier per Diem $9,081.00 Add-on payment, and lesser of 100% of billed charges. GMLOS + 6 Outlier per Diem $9,081.00 Add-on payment, and lesser of 100% of billed charges.",14189.7,,,,,,,Case Rate,"Medicare Base Rate times Standard Inpatient Weight. GMLOS + 8 Outlier per Diem $6,968.00. Add-on payment, and lesser of 100% of billed charges. GMLOS + 8 Outlier per Diem $6,968.00. Add-on payment, and lesser of 100% of billed charges.",,,,,,,,," ",,,,,,,,," ",,,,,,,,," ",,,,,,,,," ",,,,,,,,," ",,,,,,,,," ",,,,,,,,," ",,,,,,,,," ",,,,,,,,," ",,,,,,,,," ",,,,,,,,," ",,,,,,,,," ",,,,,,,,," ",,,,,,,,," ",15780.35,,,,,,,Case Rate,"Medicare Base Rate times Standard Inpatient Weight. Outlier (25+) per Diem $7,671.00. Add-on payment, and lesser of 100% of billed charges. Outlier (25+) per Diem $7,671.00. Add-on payment, and lesser of 100% of billed charges.",,,,,,,,," ",5896.01,,,,,,,Case Rate,"Medicare Base Rate times Standard Inpatient Weight. 100 percent of Medicare DRG. Add-on payment,  . 100 percent of Medicare DRG. Add-on payment,  .",17458.59,,,,,,,Case Rate,Medicare Base Rate times Standard Inpatient Weight. Local 1199 High/Low day Outlier Local 1199 High/Low day Outlier,5896.01,,,,,,,Case Rate,"Medicare Base Rate times Standard Inpatient Weight. 100 percent of Medicare DRG. Add-on payment,  . 100 percent of Medicare DRG. Add-on payment,  .",5896.01,,,,,,,Case Rate,"Medicare Base Rate times Standard Inpatient Weight. 100 percent of Medicare DRG. Add-on payment,  . 100 percent of Medicare DRG. Add-on payment,  .",,,,,,,,," ",,,,,,,,," ",,,,,,,,," ",,,,,,,,," ",,,,,,,,," ",13727.84,,,,,,,Case Rate,"Medicare Base Rate times Standard Inpatient Weight. GMLOS + 8 Outlier per Diem $4,623.00. Add-on payment, and lesser of 100% of billed charges. GMLOS + 8 Outlier per Diem $4,623.00. Add-on payment, and lesser of 100% of billed charges.",14189.7,,,,,,,Case Rate,"Medicare Base Rate times Standard Inpatient Weight. GMLOS + 8 Outlier per Diem $6,968.00. Add-on payment, and lesser of 100% of billed charges. GMLOS + 8 Outlier per Diem $6,968.00. Add-on payment, and lesser of 100% of billed charges.",16149.73,,,,,,,Case Rate,"Medicare Base Rate times Standard Inpatient Weight. Add-on payment, and lesser of 100% of billed charges. Add-on payment, and lesser of 100% of billed charges.",15780.35,,,,,,,Case Rate,"Medicare Base Rate times Standard Inpatient Weight. Outlier (25+) per Diem $7,671.00. Add-on payment, and lesser of 100% of billed charges. Outlier (25+) per Diem $7,671.00. Add-on payment, and lesser of 100% of billed charges.",5896.01,,,,,,,Case Rate,"Medicare Base Rate times Standard Inpatient Weight. 100 percent of Medicare DRG. Add-on payment, . 100 percent of Medicare DRG. Add-on payment, .",5896.01,,,,,,,Case Rate,"Medicare Base Rate times Standard Inpatient Weight. 100 percent of Medicare DRG. Add-on payment,  . 100 percent of Medicare DRG. Add-on payment,  .",5896.01,,,,,,,Case Rate,"Medicare Base Rate times Standard Inpatient Weight. 100 percent of Medicare DRG. Add-on payment,  . 100 percent of Medicare DRG. Add-on payment,  .",5896.01,,,,,,,Case Rate,"Medicare Base Rate times Standard Inpatient Weight. 100 percent of Medicare DRG. Add-on payment,  . 100 percent of Medicare DRG. Add-on payment,  .",5896.01,,,,,,,Case Rate,"Medicare Base Rate times Standard Inpatient Weight. 100 percent of Medicare DRG. Add-on payment, . 100 percent of Medicare DRG. Add-on payment, .",5896.01,,,,,,,Case Rate,"Medicare Base Rate times Standard Inpatient Weight. 100 percent of Medicare DRG. Add-on payment,  . 100 percent of Medicare DRG. Add-on payment,  .",,,,,,,,," ",,,,,,,,," ",,,,,,,,," ",22455.78,,,,,,,Case Rate,"Medicare Base Rate times Standard Inpatient Weight. GMLOS + 6 Outlier per Diem $9,081.00 Add-on payment, and lesser of 100% of billed charges. GMLOS + 6 Outlier per Diem $9,081.00 Add-on payment, and lesser of 100% of billed charges.",13727.84,,,,,,,Case Rate,"Medicare Base Rate times Standard Inpatient Weight. GMLOS + 8 Outlier per Diem $4,623.00. Add-on payment, and lesser of 100% of billed charges. GMLOS + 8 Outlier per Diem $4,623.00. Add-on payment, and lesser of 100% of billed charges.",13727.84,,,,,,,Case Rate,"Medicare Base Rate times Standard Inpatient Weight. GMLOS + 8 Outlier per Diem $4,623.00. Add-on payment, and lesser of 100% of billed charges. GMLOS + 8 Outlier per Diem $4,623.00. Add-on payment, and lesser of 100% of billed charges.",13727.84,,,,,,,Case Rate,"Medicare Base Rate times Standard Inpatient Weight. GMLOS + 8 Outlier per Diem $4,623.00. Add-on payment, and lesser of 100% of billed charges. GMLOS + 8 Outlier per Diem $4,623.00. Add-on payment, and lesser of 100% of billed charges.",13727.84,,,,,,,Case Rate,"Medicare Base Rate times Standard Inpatient Weight. GMLOS + 8 Outlier per Diem $4,623.00. Add-on payment, and lesser of 100% of billed charges. GMLOS + 8 Outlier per Diem $4,623.00. Add-on payment, and lesser of 100% of billed charges.",5896.01,,,,,,,Case Rate,"Medicare Base Rate times Standard Inpatient Weight. 100 percent of Medicare DRG. Add-on payment,  . 100 percent of Medicare DRG. Add-on payment,  .",,,,,,,,," ",22455.78,,,,,,,Case Rate,"Medicare Base Rate times Standard Inpatient Weight. GMLOS + 6 Outlier per Diem $9,081.00 Add-on payment, and lesser of 100% of billed charges. GMLOS + 6 Outlier per Diem $9,081.00 Add-on payment, and lesser of 100% of billed charges.",,,,,,,,," ",5896.01,,,,,,,Case Rate,"Medicare Base Rate times Standard Inpatient Weight. 100 percent of Medicare DRG. Add-on payment,  . 100 percent of Medicare DRG. Add-on payment,  .",,,,,,,,," ",5896.01,,,,,,,Case Rate,"Medicare Base Rate times Standard Inpatient Weight. 100 percent of Medicare DRG. Add-on payment,  . 100 percent of Medicare DRG. Add-on payment,  .",5896.01,,,,,,,Case Rate,"Medicare Base Rate times Standard Inpatient Weight. 100 percent of Medicare DRG. Add-on payment,  . 100 percent of Medicare DRG. Add-on payment,  .",,,,,,,,," ",,,,,,,,," ",13727.84,,,,,,,Case Rate,"Medicare Base Rate times Standard Inpatient Weight. GMLOS + 8 Outlier per Diem $4,623.00. Add-on payment, and lesser of 100% of billed charges. GMLOS + 8 Outlier per Diem $4,623.00. Add-on payment, and lesser of 100% of billed charges.",15780.35,,,,,,,Case Rate,"Medicare Base Rate times Standard Inpatient Weight. Outlier (25+) per Diem $7,671.00. Add-on payment, and lesser of 100% of billed charges. Outlier (25+) per Diem $7,671.00. Add-on payment, and lesser of 100% of billed charges.",,73,,,,,0,Percent of total billed charges,73 percent of charges.  ; No services were performed during the 15 month look back period.,20780.8,,,,,,,Case Rate,"Medicare Base Rate times Standard Inpatient Weight. AMLOS + 5 Outlier per Diem $7,362.00. Add-on payment, and lesser of 100% of billed charges. AMLOS + 5 Outlier per Diem $7,362.00. Add-on payment, and lesser of 100% of billed charges.",20780.8,,,,,,,Case Rate,"Medicare Base Rate times Standard Inpatient Weight. AMLOS + 5 Outlier per Diem $7,362.00. Add-on payment, and lesser of 100% of billed charges. AMLOS + 5 Outlier per Diem $7,362.00. Add-on payment, and lesser of 100% of billed charges.",14189.7,,,,,,,Case Rate,"Medicare Base Rate times Standard Inpatient Weight. GMLOS + 8 Outlier per Diem $6,968.00. Add-on payment, and lesser of 100% of billed charges. GMLOS + 8 Outlier per Diem $6,968.00. Add-on payment, and lesser of 100% of billed charges.",5483.29,,,,,,,Case Rate,"Medicare Base Rate times Standard Inpatient Weight. 93 percent of Medicare DRG. Add-on payment, and lesser of 100% of billed charges. 93 percent of Medicare DRG. Add-on payment, and lesser of 100% of billed charges.",16040.93,,,,,,,Case Rate,"Medicare Base Rate times Standard Inpatient Weight. Add-on payment, and lesser of 100% of billed charges. Add-on payment, and lesser of 100% of billed charges.",16040.93,,,,,,,Case Rate,"Medicare Base Rate times Standard Inpatient Weight. Add-on payment, and lesser of 100% of billed charges. Add-on payment, and lesser of 100% of billed charges.",17696.32,,,,,,,Case Rate,"Medicare Base Rate times Standard Inpatient Weight. GMLOS + 6 Outlier per Diem $7,265.00 Add-on payment, and lesser of 100% of billed charges. GMLOS + 6 Outlier per Diem $7,265.00 Add-on payment, and lesser of 100% of billed charges.",22455.78,,,,,,,Case Rate,"Medicare Base Rate times Standard Inpatient Weight. GMLOS + 6 Outlier per Diem $9,081.00 Add-on payment, and lesser of 100% of billed charges. GMLOS + 6 Outlier per Diem $9,081.00 Add-on payment, and lesser of 100% of billed charges.",5896.01,,,,,,,Case Rate,"Medicare Base Rate times Standard Inpatient Weight. 100 percent of Medicare DRG. Add-on payment,  . 100 percent of Medicare DRG. Add-on payment,  .",5896.01,,,,,,,Case Rate,"Medicare Base Rate times Standard Inpatient Weight. 100 percent of Medicare DRG. Add-on payment,  . 100 percent of Medicare DRG. Add-on payment,  .",5896.01,,,,,,,Case Rate,"Medicare Base Rate times Standard Inpatient Weight. 100 percent of Medicare DRG. Add-on payment,  . 100 percent of Medicare DRG. Add-on payment,  .",5896.01,,,,,,,Case Rate,"Medicare Base Rate times Standard Inpatient Weight. 100 percent of Medicare DRG. Add-on payment,  . 100 percent of Medicare DRG. Add-on payment,  .",20780.8,,,,,,,Case Rate,"Medicare Base Rate times Standard Inpatient Weight. AMLOS + 5 Outlier per Diem $7,362.00. Add-on payment, and lesser of 100% of billed charges. AMLOS + 5 Outlier per Diem $7,362.00. Add-on payment, and lesser of 100% of billed charges.",22455.78,,,,,,,Case Rate,"Medicare Base Rate times Standard Inpatient Weight. GMLOS + 6 Outlier per Diem $9,081.00 Add-on payment, and lesser of 100% of billed charges. GMLOS + 6 Outlier per Diem $9,081.00 Add-on payment, and lesser of 100% of billed charges.",22455.78,,,,,,,Case Rate,"Medicare Base Rate times Standard Inpatient Weight. GMLOS + 6 Outlier per Diem $9,081.00 Add-on payment, and lesser of 100% of billed charges. GMLOS + 6 Outlier per Diem $9,081.00 Add-on payment, and lesser of 100% of billed charges.",5896.01,,,,,,,Case Rate,"Medicare Base Rate times Standard Inpatient Weight. 100 percent of Medicare DRG. Add-on payment,  . 100 percent of Medicare DRG. Add-on payment,  .",17696.32,,,,,,,Case Rate,"Medicare Base Rate times Standard Inpatient Weight. GMLOS + 6 Outlier per Diem $7,265.00 Add-on payment, and lesser of 100% of billed charges. GMLOS + 6 Outlier per Diem $7,265.00 Add-on payment, and lesser of 100% of billed charges.",16149.73,,,,,,,Case Rate,"Medicare Base Rate times Standard Inpatient Weight. Add-on payment, and lesser of 100% of billed charges. Add-on payment, and lesser of 100% of billed charges.",,,,,,,,," ",,,,,,,,," ",13727.84,,,,,,,Case Rate,"Medicare Base Rate times Standard Inpatient Weight. GMLOS + 8 Outlier per Diem $4,623.00. Add-on payment, and lesser of 100% of billed charges. GMLOS + 8 Outlier per Diem $4,623.00. Add-on payment, and lesser of 100% of billed charges.",19908.22,,,,,,,Case Rate,"Medicare Base Rate times Standard Inpatient Weight. GMLOS + 6 Outlier per Diem $8,173.00 Add-on payment, and lesser of 100% of billed charges. GMLOS + 6 Outlier per Diem $8,173.00 Add-on payment, and lesser of 100% of billed charges.",22455.78,,,,,,,Case Rate,"Medicare Base Rate times Standard Inpatient Weight. GMLOS + 6 Outlier per Diem $9,081.00 Add-on payment, and lesser of 100% of billed charges. GMLOS + 6 Outlier per Diem $9,081.00 Add-on payment, and lesser of 100% of billed charges.",22455.78,,,,,,,Case Rate,"Medicare Base Rate times Standard Inpatient Weight. GMLOS + 6 Outlier per Diem $9,081.00 Add-on payment, and lesser of 100% of billed charges. GMLOS + 6 Outlier per Diem $9,081.00 Add-on payment, and lesser of 100% of billed charges.",16303.14,,,,,,,Case Rate,"Medicare Base Rate times Standard Inpatient Weight. GMLOS + 6 Outlier per Diem $8,221.00. Add-on payment, and lesser of 100% of billed charges. GMLOS + 6 Outlier per Diem $8,221.00. Add-on payment, and lesser of 100% of billed charges.",5896.01,,,,,,,Case Rate,"Medicare Base Rate times Standard Inpatient Weight. 100 percent of Medicare DRG. Add-on payment, . 100 percent of Medicare DRG. Add-on payment, .",,,,,,,,," ",,,,,,,,," ",,,,,,,,," ",,,,,,,,," ",20780.8,,,,,,,Case Rate,"Medicare Base Rate times Standard Inpatient Weight. AMLOS + 5 Outlier per Diem $7,362.00. Add-on payment, and lesser of 100% of billed charges. AMLOS + 5 Outlier per Diem $7,362.00. Add-on payment, and lesser of 100% of billed charges.",,,,,,,,," ",,,,,,,,," ",,,,,,,,," ",,,,,,,,," ",,,,,,,,," ",,,,,,,,," ",,,,,,,,," ",5896.01,,,,,,,Case Rate,"Medicare Base Rate times Standard Inpatient Weight. 100 percent of Medicare DRG. Add-on payment,  . 100 percent of Medicare DRG. Add-on payment,  .",20780.8,,,,,,,Case Rate,"Medicare Base Rate times Standard Inpatient Weight. AMLOS + 5 Outlier per Diem $7,362.00. Add-on payment, and lesser of 100% of billed charges. AMLOS + 5 Outlier per Diem $7,362.00. Add-on payment, and lesser of 100% of billed charges.",5896.01,,,,,,,Case Rate,"Medicare Base Rate times Standard Inpatient Weight. 100 percent of Medicare DRG. Add-on payment,  . 100 percent of Medicare DRG. Add-on payment,  .",,,,,,,,," ",22455.78,,,,,,,Case Rate,"Medicare Base Rate times Standard Inpatient Weight. GMLOS + 6 Outlier per Diem $9,081.00 Add-on payment, and lesser of 100% of billed charges. GMLOS + 6 Outlier per Diem $9,081.00 Add-on payment, and lesser of 100% of billed charges.",5896.01,,,,,,,Case Rate,"Medicare Base Rate times Standard Inpatient Weight. 100 percent of Medicare DRG. Add-on payment,  . 100 percent of Medicare DRG. Add-on payment,  .",22455.78,,,,,,,Case Rate,"Medicare Base Rate times Standard Inpatient Weight. GMLOS + 6 Outlier per Diem $9,081.00 Add-on payment, and lesser of 100% of billed charges. GMLOS + 6 Outlier per Diem $9,081.00 Add-on payment, and lesser of 100% of billed charges.",22455.78,,,,,,,Case Rate,"Medicare Base Rate times Standard Inpatient Weight. GMLOS + 6 Outlier per Diem $9,081.00 Add-on payment, and lesser of 100% of billed charges. GMLOS + 6 Outlier per Diem $9,081.00 Add-on payment, and lesser of 100% of billed charges.",22455.78,,,,,,,Case Rate,"Medicare Base Rate times Standard Inpatient Weight. GMLOS + 6 Outlier per Diem $9,081.00 Add-on payment, and lesser of 100% of billed charges. GMLOS + 6 Outlier per Diem $9,081.00 Add-on payment, and lesser of 100% of billed charges.",,,,,,,,," ",5896.01,,,,,,,Case Rate,"Medicare Base Rate times Standard Inpatient Weight. 100 percent of Medicare DRG. Add-on payment,  . 100 percent of Medicare DRG. Add-on payment,  .",22455.78,,,,,,,Case Rate,"Medicare Base Rate times Standard Inpatient Weight. GMLOS + 6 Outlier per Diem $9,081.00 Add-on payment, and lesser of 100% of billed charges. GMLOS + 6 Outlier per Diem $9,081.00 Add-on payment, and lesser of 100% of billed charges.",,,,,,,,," ",22455.78,,,,,,,Case Rate,"Medicare Base Rate times Standard Inpatient Weight. GMLOS + 6 Outlier per Diem $9,081.00 Add-on payment, and lesser of 100% of billed charges. GMLOS + 6 Outlier per Diem $9,081.00 Add-on payment, and lesser of 100% of billed charges.",6190.81,,,,,,,Case Rate,"105% of the Diagnostic Related Group fee schedule established by CMS for Medicare in force as of the date of payment.. Delay in Discharge per diem $4,007 Delay in Discharge per diem $4,007",5896.01,,,,,,,Case Rate,"Medicare Base Rate times Standard Inpatient Weight. 100 percent of Medicare DRG. Add-on payment, . 100 percent of Medicare DRG. Add-on payment, .",13727.84,,,,,,,Case Rate,"Medicare Base Rate times Standard Inpatient Weight. GMLOS + 8 Outlier per Diem $4,623.00. Add-on payment, and lesser of 100% of billed charges. GMLOS + 8 Outlier per Diem $4,623.00. Add-on payment, and lesser of 100% of billed charges.",13727.84,,,,,,,Case Rate,"Medicare Base Rate times Standard Inpatient Weight. GMLOS + 8 Outlier per Diem $4,623.00. Add-on payment, and lesser of 100% of billed charges. GMLOS + 8 Outlier per Diem $4,623.00. Add-on payment, and lesser of 100% of billed charges.",13727.84,,,,,,,Case Rate,"Medicare Base Rate times Standard Inpatient Weight. GMLOS + 8 Outlier per Diem $4,623.00. Add-on payment, and lesser of 100% of billed charges. GMLOS + 8 Outlier per Diem $4,623.00. Add-on payment, and lesser of 100% of billed charges.",13727.84,,,,,,,Case Rate,"Medicare Base Rate times Standard Inpatient Weight. GMLOS + 8 Outlier per Diem $4,623.00. Add-on payment, and lesser of 100% of billed charges. GMLOS + 8 Outlier per Diem $4,623.00. Add-on payment, and lesser of 100% of billed charges.",13727.84,,,,,,,Case Rate,"Medicare Base Rate times Standard Inpatient Weight. GMLOS + 8 Outlier per Diem $4,623.00. Add-on payment, and lesser of 100% of billed charges. GMLOS + 8 Outlier per Diem $4,623.00. Add-on payment, and lesser of 100% of billed charges.",16149.73,,,,,,,Case Rate,"Medicare Base Rate times Standard Inpatient Weight. Add-on payment, and lesser of 100% of billed charges. Add-on payment, and lesser of 100% of billed charges.",16149.73,,,,,,,Case Rate,"Medicare Base Rate times Standard Inpatient Weight. Add-on payment, and lesser of 100% of billed charges. Add-on payment, and lesser of 100% of billed charges.",13727.84,,,,,,,Case Rate,"Medicare Base Rate times Standard Inpatient Weight. GMLOS + 8 Outlier per Diem $4,623.00. Add-on payment, and lesser of 100% of billed charges. GMLOS + 8 Outlier per Diem $4,623.00. Add-on payment, and lesser of 100% of billed charges.",13727.84,,,,,,,Case Rate,"Medicare Base Rate times Standard Inpatient Weight. GMLOS + 8 Outlier per Diem $4,623.00. Add-on payment, and lesser of 100% of billed charges. GMLOS + 8 Outlier per Diem $4,623.00. Add-on payment, and lesser of 100% of billed charges.",13727.84,,,,,,,Case Rate,"Medicare Base Rate times Standard Inpatient Weight. GMLOS + 8 Outlier per Diem $4,623.00. Add-on payment, and lesser of 100% of billed charges. GMLOS + 8 Outlier per Diem $4,623.00. Add-on payment, and lesser of 100% of billed charges.",13727.84,,,,,,,Case Rate,"Medicare Base Rate times Standard Inpatient Weight. GMLOS + 8 Outlier per Diem $4,623.00. Add-on payment, and lesser of 100% of billed charges. GMLOS + 8 Outlier per Diem $4,623.00. Add-on payment, and lesser of 100% of billed charges.",13727.84,,,,,,,Case Rate,"Medicare Base Rate times Standard Inpatient Weight. GMLOS + 8 Outlier per Diem $4,623.00. Add-on payment, and lesser of 100% of billed charges. GMLOS + 8 Outlier per Diem $4,623.00. Add-on payment, and lesser of 100% of billed charges.",5896.01,,,,,,,Case Rate,"Medicare Base Rate times Standard Inpatient Weight. 100 percent of Medicare DRG. Add-on payment,  . 100 percent of Medicare DRG. Add-on payment,  .",16149.73,,,,,,,Case Rate,"Medicare Base Rate times Standard Inpatient Weight. Add-on payment, and lesser of 100% of billed charges. Add-on payment, and lesser of 100% of billed charges.",5896.01,,,,,,,Case Rate,"Medicare Base Rate times Standard Inpatient Weight. 100 percent of Medicare DRG. Add-on payment,  . 100 percent of Medicare DRG. Add-on payment,  .",,,,,,,,," ",,,,,,,,," ",20780.8,,,,,,,Case Rate,"Medicare Base Rate times Standard Inpatient Weight. AMLOS + 5 Outlier per Diem $7,362.00. Add-on payment, and lesser of 100% of billed charges. AMLOS + 5 Outlier per Diem $7,362.00. Add-on payment, and lesser of 100% of billed charges.",20780.8,,,,,,,Case Rate,"Medicare Base Rate times Standard Inpatient Weight. AMLOS + 5 Outlier per Diem $7,362.00. Add-on payment, and lesser of 100% of billed charges. AMLOS + 5 Outlier per Diem $7,362.00. Add-on payment, and lesser of 100% of billed charges.",5896.01,,,,,,,Case Rate,"Medicare Base Rate times Standard Inpatient Weight. 100 percent of Medicare DRG. Add-on payment,  . 100 percent of Medicare DRG. Add-on payment,  .",16040.93,,,,,,,Case Rate,"Medicare Base Rate times Standard Inpatient Weight. Add-on payment, and lesser of 100% of billed charges. Add-on payment, and lesser of 100% of billed charges.",5896.01,,,,,,,Case Rate,"Medicare Base Rate times Standard Inpatient Weight. 100 percent of Medicare DRG. Add-on payment,  . 100 percent of Medicare DRG. Add-on payment,  .",5896.01,,,,,,,Case Rate,"Medicare Base Rate times Standard Inpatient Weight. 100 percent of Medicare DRG. Add-on payment,  . 100 percent of Medicare DRG. Add-on payment,  .",14189.7,,,,,,,Case Rate,"Medicare Base Rate times Standard Inpatient Weight. GMLOS + 8 Outlier per Diem $6,968.00. Add-on payment, and lesser of 100% of billed charges. GMLOS + 8 Outlier per Diem $6,968.00. Add-on payment, and lesser of 100% of billed charges.",5896.01,,,,,,,Case Rate,"Medicare Base Rate times Standard Inpatient Weight. 100 percent of Medicare DRG. Add-on payment,  . 100 percent of Medicare DRG. Add-on payment,  .",15780.35,,,,,,,Case Rate,"Medicare Base Rate times Standard Inpatient Weight. Outlier (25+) per Diem $7,671.00. Add-on payment, and lesser of 100% of billed charges. Outlier (25+) per Diem $7,671.00. Add-on payment, and lesser of 100% of billed charges.",5896.01,,,,,,,Case Rate,"Medicare Base Rate times Standard Inpatient Weight. 100 percent of Medicare DRG. Add-on payment,  . 100 percent of Medicare DRG. Add-on payment,  .",15780.35,,,,,,,Case Rate,"Medicare Base Rate times Standard Inpatient Weight. Outlier (25+) per Diem $7,671.00. Add-on payment, and lesser of 100% of billed charges. Outlier (25+) per Diem $7,671.00. Add-on payment, and lesser of 100% of billed charges.",14189.7,,,,,,,Case Rate,"Medicare Base Rate times Standard Inpatient Weight. GMLOS + 8 Outlier per Diem $6,968.00. Add-on payment, and lesser of 100% of billed charges. GMLOS + 8 Outlier per Diem $6,968.00. Add-on payment, and lesser of 100% of billed charges.",15780.35,,,,,,,Case Rate,"Medicare Base Rate times Standard Inpatient Weight. Outlier (25+) per Diem $7,671.00. Add-on payment, and lesser of 100% of billed charges. Outlier (25+) per Diem $7,671.00. Add-on payment, and lesser of 100% of billed charges.",5896.01,,,,,,,Case Rate,"Medicare Base Rate times Standard Inpatient Weight. 100 percent of Medicare DRG. Add-on payment,  . 100 percent of Medicare DRG. Add-on payment,  .",,,,,,,,," ",5896.01,,,,,,,Case Rate,"Medicare Base Rate times Standard Inpatient Weight. 100 percent of Medicare DRG. Add-on payment,  . 100 percent of Medicare DRG. Add-on payment,  .",15780.35,,,,,,,Case Rate,"Medicare Base Rate times Standard Inpatient Weight. Outlier (25+) per Diem $7,671.00. Add-on payment, and lesser of 100% of billed charges. Outlier (25+) per Diem $7,671.00. Add-on payment, and lesser of 100% of billed charges.",20780.8,,,,,,,Case Rate,"Medicare Base Rate times Standard Inpatient Weight. AMLOS + 5 Outlier per Diem $7,362.00. Add-on payment, and lesser of 100% of billed charges. AMLOS + 5 Outlier per Diem $7,362.00. Add-on payment, and lesser of 100% of billed charges.",,,,,,,,," ",22455.78,,,,,,,Case Rate,"Medicare Base Rate times Standard Inpatient Weight. GMLOS + 6 Outlier per Diem $9,081.00 Add-on payment, and lesser of 100% of billed charges. GMLOS + 6 Outlier per Diem $9,081.00 Add-on payment, and lesser of 100% of billed charges.",,,,,,,,," ",,,,,,,,," ",22120.13,,,,,,,Case Rate,"Medicare Base Rate times Standard Inpatient Weight. GMLOS + 6 Outlier per Diem $9,081.00 Add-on payment, and lesser of 100% of billed charges. GMLOS + 6 Outlier per Diem $9,081.00 Add-on payment, and lesser of 100% of billed charges.",22120.13,,,,,,,Case Rate,"Medicare Base Rate times Standard Inpatient Weight. GMLOS + 6 Outlier per Diem $9,081.00 Add-on payment, and lesser of 100% of billed charges. GMLOS + 6 Outlier per Diem $9,081.00 Add-on payment, and lesser of 100% of billed charges.",22455.78,,,,,,,Case Rate,"Medicare Base Rate times Standard Inpatient Weight. GMLOS + 6 Outlier per Diem $9,081.00 Add-on payment, and lesser of 100% of billed charges. GMLOS + 6 Outlier per Diem $9,081.00 Add-on payment, and lesser of 100% of billed charges.",20780.8,,,,,,,Case Rate,"Medicare Base Rate times Standard Inpatient Weight. AMLOS + 5 Outlier per Diem $7,362.00. Add-on payment, and lesser of 100% of billed charges. AMLOS + 5 Outlier per Diem $7,362.00. Add-on payment, and lesser of 100% of billed charges.",22455.78,,,,,,,Case Rate,"Medicare Base Rate times Standard Inpatient Weight. GMLOS + 6 Outlier per Diem $9,081.00 Add-on payment, and lesser of 100% of billed charges. GMLOS + 6 Outlier per Diem $9,081.00 Add-on payment, and lesser of 100% of billed charges.",22120.13,,,,,,,Case Rate,"Medicare Base Rate times Standard Inpatient Weight. GMLOS + 6 Outlier per Diem $9,081.00 Add-on payment, and lesser of 100% of billed charges. GMLOS + 6 Outlier per Diem $9,081.00 Add-on payment, and lesser of 100% of billed charges.",22455.78,,,,,,,Case Rate,"Medicare Base Rate times Standard Inpatient Weight. GMLOS + 6 Outlier per Diem $9,081.00 Add-on payment, and lesser of 100% of billed charges. GMLOS + 6 Outlier per Diem $9,081.00 Add-on payment, and lesser of 100% of billed charges.",13727.84,,,,,,,Case Rate,"Medicare Base Rate times Standard Inpatient Weight. GMLOS + 8 Outlier per Diem $4,623.00. Add-on payment, and lesser of 100% of billed charges. GMLOS + 8 Outlier per Diem $4,623.00. Add-on payment, and lesser of 100% of billed charges.",13727.84,,,,,,,Case Rate,"Medicare Base Rate times Standard Inpatient Weight. GMLOS + 8 Outlier per Diem $4,623.00. Add-on payment, and lesser of 100% of billed charges. GMLOS + 8 Outlier per Diem $4,623.00. Add-on payment, and lesser of 100% of billed charges.",15181.99,,,,,,,Case Rate,. 200 percent of Medicare 200 percent of Medicare,,,,,,,,," ",20780.8,,,,,,,Case Rate,"Medicare Base Rate times Standard Inpatient Weight. AMLOS + 5 Outlier per Diem $7,362.00. Add-on payment, and lesser of 100% of billed charges. AMLOS + 5 Outlier per Diem $7,362.00. Add-on payment, and lesser of 100% of billed charges.",15780.35,,,,,,,Case Rate,"Medicare Base Rate times Standard Inpatient Weight. Outlier (25+) per Diem $7,671.00. Add-on payment, and lesser of 100% of billed charges. Outlier (25+) per Diem $7,671.00. Add-on payment, and lesser of 100% of billed charges.",14189.7,,,,,,,Case Rate,"Medicare Base Rate times Standard Inpatient Weight. GMLOS + 8 Outlier per Diem $6,968.00. Add-on payment, and lesser of 100% of billed charges. GMLOS + 8 Outlier per Diem $6,968.00. Add-on payment, and lesser of 100% of billed charges.",20780.8,,,,,,,Case Rate,"Medicare Base Rate times Standard Inpatient Weight. AMLOS + 5 Outlier per Diem $7,362.00. Add-on payment, and lesser of 100% of billed charges. AMLOS + 5 Outlier per Diem $7,362.00. Add-on payment, and lesser of 100% of billed charges.",14189.7,,,,,,,Case Rate,"Medicare Base Rate times Standard Inpatient Weight. GMLOS + 8 Outlier per Diem $6,968.00. Add-on payment, and lesser of 100% of billed charges. GMLOS + 8 Outlier per Diem $6,968.00. Add-on payment, and lesser of 100% of billed charges.",20780.8,,,,,,,Case Rate,"Medicare Base Rate times Standard Inpatient Weight. AMLOS + 5 Outlier per Diem $7,362.00. Add-on payment, and lesser of 100% of billed charges. AMLOS + 5 Outlier per Diem $7,362.00. Add-on payment, and lesser of 100% of billed charges.",22455.78,,,,,,,Case Rate,"Medicare Base Rate times Standard Inpatient Weight. GMLOS + 6 Outlier per Diem $9,081.00 Add-on payment, and lesser of 100% of billed charges. GMLOS + 6 Outlier per Diem $9,081.00 Add-on payment, and lesser of 100% of billed charges.",22120.13,,,,,,,Case Rate,"Medicare Base Rate times Standard Inpatient Weight. GMLOS + 6 Outlier per Diem $9,081.00 Add-on payment, and lesser of 100% of billed charges. GMLOS + 6 Outlier per Diem $9,081.00 Add-on payment, and lesser of 100% of billed charges.",22120.13,,,,,,,Case Rate,"Medicare Base Rate times Standard Inpatient Weight. GMLOS + 6 Outlier per Diem $9,081.00 Add-on payment, and lesser of 100% of billed charges. GMLOS + 6 Outlier per Diem $9,081.00 Add-on payment, and lesser of 100% of billed charges.",22455.78,,,,,,,Case Rate,"Medicare Base Rate times Standard Inpatient Weight. GMLOS + 6 Outlier per Diem $9,081.00 Add-on payment, and lesser of 100% of billed charges. GMLOS + 6 Outlier per Diem $9,081.00 Add-on payment, and lesser of 100% of billed charges.",5896.01,,,,,,,Case Rate,"Medicare Base Rate times Standard Inpatient Weight. 100 percent of Medicare DRG. Add-on payment,  . 100 percent of Medicare DRG. Add-on payment,  .",5109.28,24763.97,
MS441,DRG,,,,,"MS-DRG 441 DISORDERS OF LIVER EXCEPT MALIGNANCY, CIRRHOSIS OR ALCOHOLIC HEPATITIS WITH MCC",,,Inpatient,,,,57597.31,,,,,,,Case Rate,Medicare Base Rate times Standard Inpatient Weight. Local 1199 High/Low day Outlier Local 1199 High/Low day Outlier,57597.31,,,,,,,Case Rate,Medicare Base Rate times Standard Inpatient Weight. Local 1199 High/Low day Outlier Local 1199 High/Low day Outlier,49309,,,,,,,Case Rate,". Add-on payment, and lesser of 100% of billed charges. Add-on payment, and lesser of 100% of billed charges.",,100,,,,,0,Percent of total billed charges,100 percent of charges.  ; No services were performed during the 15 month look back period.,18187.33,,,,,,,Case Rate,"Medicare Base Rate times Standard Inpatient Weight. 100 percent of Medicare DRG. Add-on payment,  . 100 percent of Medicare DRG. Add-on payment,  .",49309,,,,,,,Case Rate,". Add-on payment, and lesser of 100% of billed charges. Add-on payment, and lesser of 100% of billed charges.",49309,,,,,,,Case Rate,". Add-on payment, and lesser of 100% of billed charges. Add-on payment, and lesser of 100% of billed charges.",49309,,,,,,,Case Rate,". Add-on payment, and lesser of 100% of billed charges. Add-on payment, and lesser of 100% of billed charges.",,,,,,,,," ",,,,,,,,," ",,73,,,,,0,Percent of total billed charges,73 percent of charges.  ; No services were performed during the 15 month look back period.,68557.54,,,,,,,Case Rate,"Medicare Base Rate times Standard Inpatient Weight. AMLOS + 5 Outlier per Diem $7,362.00. Add-on payment, and lesser of 100% of billed charges. AMLOS + 5 Outlier per Diem $7,362.00. Add-on payment, and lesser of 100% of billed charges.",,,,,,,,," ",18187.33,,,,,,,Case Rate,"Medicare Base Rate times Standard Inpatient Weight. 100 percent of Medicare DRG. Add-on payment,  . 100 percent of Medicare DRG. Add-on payment,  .",52060.66,,,,,,,Case Rate,"Medicare Base Rate times Standard Inpatient Weight. Outlier (25+) per Diem $7,671.00. Add-on payment, and lesser of 100% of billed charges. Outlier (25+) per Diem $7,671.00. Add-on payment, and lesser of 100% of billed charges.",52060.66,,,,,,,Case Rate,"Medicare Base Rate times Standard Inpatient Weight. Outlier (25+) per Diem $7,671.00. Add-on payment, and lesser of 100% of billed charges. Outlier (25+) per Diem $7,671.00. Add-on payment, and lesser of 100% of billed charges.",52060.66,,,,,,,Case Rate,"Medicare Base Rate times Standard Inpatient Weight. Outlier (25+) per Diem $7,671.00. Add-on payment, and lesser of 100% of billed charges. Outlier (25+) per Diem $7,671.00. Add-on payment, and lesser of 100% of billed charges.",52060.66,,,,,,,Case Rate,"Medicare Base Rate times Standard Inpatient Weight. Outlier (25+) per Diem $7,671.00. Add-on payment, and lesser of 100% of billed charges. Outlier (25+) per Diem $7,671.00. Add-on payment, and lesser of 100% of billed charges.",,,,,,,,," ",18187.33,,,,,,,Case Rate,"Medicare Base Rate times Standard Inpatient Weight. 100 percent of Medicare DRG. Add-on payment,  . 100 percent of Medicare DRG. Add-on payment,  .",,,,,,,,," ",,73,,,,,0,Percent of total billed charges,73 percent of charges.  ; No services were performed during the 15 month look back period.,49309,,,,,,,Case Rate,". Add-on payment, and lesser of 100% of billed charges. Add-on payment, and lesser of 100% of billed charges.",18187.33,,,,,,,Case Rate,"Medicare Base Rate times Standard Inpatient Weight. 100 percent of Medicare DRG. Add-on payment, and lesser of 100% of billed charges. 100 percent of Medicare DRG. Add-on payment, and lesser of 100% of billed charges.",53279.26,,,,,,,Case Rate,"Medicare Base Rate times Standard Inpatient Weight. Add-on payment, and lesser of 100% of billed charges. Add-on payment, and lesser of 100% of billed charges.",18187.33,,,,,,,Case Rate,"Medicare Base Rate times Standard Inpatient Weight. 100 percent of Medicare DRG. Add-on payment, and lesser of 100% of billed charges. 100 percent of Medicare DRG. Add-on payment, and lesser of 100% of billed charges.",18187.33,,,,,,,Case Rate,"Medicare Base Rate times Standard Inpatient Weight. 100 percent of Medicare DRG. Add-on payment, and lesser of 100% of billed charges. 100 percent of Medicare DRG. Add-on payment, and lesser of 100% of billed charges.",,73,,,,,0,Percent of total billed charges,73 percent of charges.  ; No services were performed during the 15 month look back period.,,,,,,,,," ",,,,,,,,," ",,,,,,,,," ",,,,,,,,," ",53279.26,,,,,,,Case Rate,"Medicare Base Rate times Standard Inpatient Weight. Add-on payment, and lesser of 100% of billed charges. Add-on payment, and lesser of 100% of billed charges.",53279.26,,,,,,,Case Rate,"Medicare Base Rate times Standard Inpatient Weight. Add-on payment, and lesser of 100% of billed charges. Add-on payment, and lesser of 100% of billed charges.",,,,,,,,," ",53279.26,,,,,,,Case Rate,"Medicare Base Rate times Standard Inpatient Weight. Add-on payment, and lesser of 100% of billed charges. Add-on payment, and lesser of 100% of billed charges.",,,,,,,,," ",18187.33,,,,,,,Case Rate,"Medicare Base Rate times Standard Inpatient Weight. 100 percent of Medicare DRG. Add-on payment, . 100 percent of Medicare DRG. Add-on payment, .",53279.26,,,,,,,Case Rate,"Medicare Base Rate times Standard Inpatient Weight. Add-on payment, and lesser of 100% of billed charges. Add-on payment, and lesser of 100% of billed charges.",,73,,,,,0,Percent of total billed charges,73 percent of charges.  ; No services were performed during the 15 month look back period.,,,,,,,,," ",,,,,,,,," ",,73,,,,,0,Percent of total billed charges,73 percent of charges.  ; No services were performed during the 15 month look back period.,52060.66,,,,,,,Case Rate,"Medicare Base Rate times Standard Inpatient Weight. Outlier (25+) per Diem $7,671.00. Add-on payment, and lesser of 100% of billed charges. Outlier (25+) per Diem $7,671.00. Add-on payment, and lesser of 100% of billed charges.",49871.12,,,,,,,Case Rate,"Medicare Base Rate times Standard Inpatient Weight. AMLOS + 5 Outlier per Diem $7,167.00. Add-on payment, and lesser of 100% of billed charges. AMLOS + 5 Outlier per Diem $7,167.00. Add-on payment, and lesser of 100% of billed charges.",49871.12,,,,,,,Case Rate,"Medicare Base Rate times Standard Inpatient Weight. AMLOS + 5 Outlier per Diem $7,167.00. Add-on payment, and lesser of 100% of billed charges. AMLOS + 5 Outlier per Diem $7,167.00. Add-on payment, and lesser of 100% of billed charges.",,73,,,,,0,Percent of total billed charges,73 percent of charges.  ; No services were performed during the 15 month look back period.,18187.33,,,,,,,Case Rate,"Medicare Base Rate times Standard Inpatient Weight. 100 percent of Medicare DRG. Add-on payment,  . 100 percent of Medicare DRG. Add-on payment,  .",68557.54,,,,,,,Case Rate,"Medicare Base Rate times Standard Inpatient Weight. AMLOS + 5 Outlier per Diem $7,362.00. Add-on payment, and lesser of 100% of billed charges. AMLOS + 5 Outlier per Diem $7,362.00. Add-on payment, and lesser of 100% of billed charges.",68557.54,,,,,,,Case Rate,"Medicare Base Rate times Standard Inpatient Weight. AMLOS + 5 Outlier per Diem $7,362.00. Add-on payment, and lesser of 100% of billed charges. AMLOS + 5 Outlier per Diem $7,362.00. Add-on payment, and lesser of 100% of billed charges.",68557.54,,,,,,,Case Rate,"Medicare Base Rate times Standard Inpatient Weight. AMLOS + 5 Outlier per Diem $7,362.00. Add-on payment, and lesser of 100% of billed charges. AMLOS + 5 Outlier per Diem $7,362.00. Add-on payment, and lesser of 100% of billed charges.",18187.33,,,,,,,Case Rate,"Medicare Base Rate times Standard Inpatient Weight. 100 percent of Medicare DRG. Add-on payment,  . 100 percent of Medicare DRG. Add-on payment,  .",68557.54,,,,,,,Case Rate,"Medicare Base Rate times Standard Inpatient Weight. AMLOS + 5 Outlier per Diem $7,362.00. Add-on payment, and lesser of 100% of billed charges. AMLOS + 5 Outlier per Diem $7,362.00. Add-on payment, and lesser of 100% of billed charges.",68557.54,,,,,,,Case Rate,"Medicare Base Rate times Standard Inpatient Weight. AMLOS + 5 Outlier per Diem $7,362.00. Add-on payment, and lesser of 100% of billed charges. AMLOS + 5 Outlier per Diem $7,362.00. Add-on payment, and lesser of 100% of billed charges.",18187.33,,,,,,,Case Rate,"Medicare Base Rate times Standard Inpatient Weight. 100 percent of Medicare DRG. Add-on payment, and lesser of 100% of billed charges. 100 percent of Medicare DRG. Add-on payment, and lesser of 100% of billed charges.",78060.48,,,,,,,Case Rate,"Medicare Base Rate times Standard Inpatient Weight. GMLOS + 6 Outlier per Diem $11,932.00. Add-on payment, and lesser of 100% of billed charges. GMLOS + 6 Outlier per Diem $11,932.00. Add-on payment, and lesser of 100% of billed charges.",74083.42,,,,,,,Case Rate,"Medicare Base Rate times Standard Inpatient Weight. GMLOS + 6 Outlier per Diem $9,081.00 Add-on payment, and lesser of 100% of billed charges. GMLOS + 6 Outlier per Diem $9,081.00 Add-on payment, and lesser of 100% of billed charges.",74083.42,,,,,,,Case Rate,"Medicare Base Rate times Standard Inpatient Weight. GMLOS + 6 Outlier per Diem $9,081.00 Add-on payment, and lesser of 100% of billed charges. GMLOS + 6 Outlier per Diem $9,081.00 Add-on payment, and lesser of 100% of billed charges.",72976.09,,,,,,,Case Rate,"Medicare Base Rate times Standard Inpatient Weight. GMLOS + 6 Outlier per Diem $9,081.00 Add-on payment, and lesser of 100% of billed charges. GMLOS + 6 Outlier per Diem $9,081.00 Add-on payment, and lesser of 100% of billed charges.",81698.33,,,,,,,Case Rate,"Medicare Base Rate times Standard Inpatient Weight. GMLOS + 6 Outlier per Diem $9,081.00 Add-on payment, and lesser of 100% of billed charges. GMLOS + 6 Outlier per Diem $9,081.00 Add-on payment, and lesser of 100% of billed charges.",72976.09,,,,,,,Case Rate,"Medicare Base Rate times Standard Inpatient Weight. GMLOS + 6 Outlier per Diem $9,081.00 Add-on payment, and lesser of 100% of billed charges. GMLOS + 6 Outlier per Diem $9,081.00 Add-on payment, and lesser of 100% of billed charges.",74083.42,,,,,,,Case Rate,"Medicare Base Rate times Standard Inpatient Weight. GMLOS + 6 Outlier per Diem $9,081.00 Add-on payment, and lesser of 100% of billed charges. GMLOS + 6 Outlier per Diem $9,081.00 Add-on payment, and lesser of 100% of billed charges.",18187.33,,,,,,,Case Rate,"Medicare Base Rate times Standard Inpatient Weight. 100 percent of Medicare DRG. Add-on payment,  . 100 percent of Medicare DRG. Add-on payment,  .",18187.33,,,,,,,Case Rate,"Medicare Base Rate times Standard Inpatient Weight. 100 percent of Medicare DRG. Add-on payment,  . 100 percent of Medicare DRG. Add-on payment,  .",81698.33,,,,,,,Case Rate,"Medicare Base Rate times Standard Inpatient Weight. GMLOS + 6 Outlier per Diem $9,081.00 Add-on payment, and lesser of 100% of billed charges. GMLOS + 6 Outlier per Diem $9,081.00 Add-on payment, and lesser of 100% of billed charges.",,73,,,,,0,Percent of total billed charges,73 percent of charges.  ; No services were performed during the 15 month look back period.,,73,,,,,0,Percent of total billed charges,73 percent of charges.  ; No services were performed during the 15 month look back period.,,73,,,,,0,Percent of total billed charges,73 percent of charges.  ; No services were performed during the 15 month look back period.,,73,,,,,0,Percent of total billed charges,73 percent of charges.  ; No services were performed during the 15 month look back period.,,73,,,,,0,Percent of total billed charges,73 percent of charges.  ; No services were performed during the 15 month look back period.,,73,,,,,0,Percent of total billed charges,73 percent of charges.  ; No services were performed during the 15 month look back period.,,73,,,,,0,Percent of total billed charges,73 percent of charges.  ; No services were performed during the 15 month look back period.,,73,,,,,0,Percent of total billed charges,73 percent of charges.  ; No services were performed during the 15 month look back period.,,73,,,,,0,Percent of total billed charges,73 percent of charges.  ; No services were performed during the 15 month look back period.,,73,,,,,0,Percent of total billed charges,73 percent of charges.  ; No services were performed during the 15 month look back period.,,73,,,,,0,Percent of total billed charges,73 percent of charges.  ; No services were performed during the 15 month look back period.,,73,,,,,0,Percent of total billed charges,73 percent of charges.  ; No services were performed during the 15 month look back period.,,73,,,,,0,Percent of total billed charges,73 percent of charges.  ; No services were performed during the 15 month look back period.,,73,,,,,0,Percent of total billed charges,73 percent of charges.  ; No services were performed during the 15 month look back period.,,73,,,,,0,Percent of total billed charges,73 percent of charges.  ; No services were performed during the 15 month look back period.,,73,,,,,0,Percent of total billed charges,73 percent of charges.  ; No services were performed during the 15 month look back period.,,73,,,,,0,Percent of total billed charges,73 percent of charges.  ; No services were performed during the 15 month look back period.,,73,,,,,0,Percent of total billed charges,73 percent of charges.  ; No services were performed during the 15 month look back period.,,73,,,,,0,Percent of total billed charges,73 percent of charges.  ; No services were performed during the 15 month look back period.,,73,,,,,0,Percent of total billed charges,73 percent of charges.  ; No services were performed during the 15 month look back period.,,73,,,,,0,Percent of total billed charges,73 percent of charges.  ; No services were performed during the 15 month look back period.,,73,,,,,0,Percent of total billed charges,73 percent of charges.  ; No services were performed during the 15 month look back period.,,73,,,,,0,Percent of total billed charges,73 percent of charges.  ; No services were performed during the 15 month look back period.,,73,,,,,0,Percent of total billed charges,73 percent of charges.  ; No services were performed during the 15 month look back period.,,73,,,,,0,Percent of total billed charges,73 percent of charges.  ; No services were performed during the 15 month look back period.,,73,,,,,0,Percent of total billed charges,73 percent of charges.  ; No services were performed during the 15 month look back period.,53279.26,,,,,,,Case Rate,"Medicare Base Rate times Standard Inpatient Weight. Add-on payment, and lesser of 100% of billed charges. Add-on payment, and lesser of 100% of billed charges.",53279.26,,,,,,,Case Rate,"Medicare Base Rate times Standard Inpatient Weight. Add-on payment, and lesser of 100% of billed charges. Add-on payment, and lesser of 100% of billed charges.",53279.26,,,,,,,Case Rate,"Medicare Base Rate times Standard Inpatient Weight. Add-on payment, and lesser of 100% of billed charges. Add-on payment, and lesser of 100% of billed charges.",53279.26,,,,,,,Case Rate,"Medicare Base Rate times Standard Inpatient Weight. Add-on payment, and lesser of 100% of billed charges. Add-on payment, and lesser of 100% of billed charges.",52920.32,,,,,,,Case Rate,"Medicare Base Rate times Standard Inpatient Weight. Add-on payment, and lesser of 100% of billed charges. Add-on payment, and lesser of 100% of billed charges.",52920.32,,,,,,,Case Rate,"Medicare Base Rate times Standard Inpatient Weight. Add-on payment, and lesser of 100% of billed charges. Add-on payment, and lesser of 100% of billed charges.",52060.66,,,,,,,Case Rate,"Medicare Base Rate times Standard Inpatient Weight. Outlier (25+) per Diem $7,671.00. Add-on payment, and lesser of 100% of billed charges. Outlier (25+) per Diem $7,671.00. Add-on payment, and lesser of 100% of billed charges.",74083.42,,,,,,,Case Rate,"Medicare Base Rate times Standard Inpatient Weight. GMLOS + 6 Outlier per Diem $9,081.00 Add-on payment, and lesser of 100% of billed charges. GMLOS + 6 Outlier per Diem $9,081.00 Add-on payment, and lesser of 100% of billed charges.",68557.54,,,,,,,Case Rate,"Medicare Base Rate times Standard Inpatient Weight. AMLOS + 5 Outlier per Diem $7,362.00. Add-on payment, and lesser of 100% of billed charges. AMLOS + 5 Outlier per Diem $7,362.00. Add-on payment, and lesser of 100% of billed charges.",72976.09,,,,,,,Case Rate,"Medicare Base Rate times Standard Inpatient Weight. GMLOS + 6 Outlier per Diem $9,081.00 Add-on payment, and lesser of 100% of billed charges. GMLOS + 6 Outlier per Diem $9,081.00 Add-on payment, and lesser of 100% of billed charges.",,73,,,,,0,Percent of total billed charges,73 percent of charges.  ; No services were performed during the 15 month look back period.,52920.32,,,,,,,Case Rate,"Medicare Base Rate times Standard Inpatient Weight. Add-on payment, and lesser of 100% of billed charges. Add-on payment, and lesser of 100% of billed charges.",74083.42,,,,,,,Case Rate,"Medicare Base Rate times Standard Inpatient Weight. GMLOS + 6 Outlier per Diem $9,081.00 Add-on payment, and lesser of 100% of billed charges. GMLOS + 6 Outlier per Diem $9,081.00 Add-on payment, and lesser of 100% of billed charges.",68557.54,,,,,,,Case Rate,"Medicare Base Rate times Standard Inpatient Weight. AMLOS + 5 Outlier per Diem $7,362.00. Add-on payment, and lesser of 100% of billed charges. AMLOS + 5 Outlier per Diem $7,362.00. Add-on payment, and lesser of 100% of billed charges.",52060.66,,,,,,,Case Rate,"Medicare Base Rate times Standard Inpatient Weight. Outlier (25+) per Diem $7,671.00. Add-on payment, and lesser of 100% of billed charges. Outlier (25+) per Diem $7,671.00. Add-on payment, and lesser of 100% of billed charges.",,,,,,,,," ",,73,,,,,0,Percent of total billed charges,73 percent of charges.  ; No services were performed during the 15 month look back period.,,,,,,,,," ",53279.26,,,,,,,Case Rate,"Medicare Base Rate times Standard Inpatient Weight. Add-on payment, and lesser of 100% of billed charges. Add-on payment, and lesser of 100% of billed charges.",,,,,,,,," ",18187.33,,,,,,,Case Rate,"Medicare Base Rate times Standard Inpatient Weight. 100 percent of Medicare DRG. Add-on payment, . 100 percent of Medicare DRG. Add-on payment, .",18187.33,,,,,,,Case Rate,"Medicare Base Rate times Standard Inpatient Weight. 100 percent of Medicare DRG. Add-on payment,  . 100 percent of Medicare DRG. Add-on payment,  .",78060.48,,,,,,,Case Rate,"Medicare Base Rate times Standard Inpatient Weight. GMLOS + 6 Outlier per Diem $11,932.00. Add-on payment, and lesser of 100% of billed charges. GMLOS + 6 Outlier per Diem $11,932.00. Add-on payment, and lesser of 100% of billed charges.",18187.33,,,,,,,Case Rate,"Medicare Base Rate times Standard Inpatient Weight. 100 percent of Medicare DRG. Add-on payment,  . 100 percent of Medicare DRG. Add-on payment,  .",18187.33,,,,,,,Case Rate,"Medicare Base Rate times Standard Inpatient Weight. 100 percent of Medicare DRG. Add-on payment,  . 100 percent of Medicare DRG. Add-on payment,  .",,,,,,,,," ",18187.33,,,,,,,Case Rate,"Medicare Base Rate times Standard Inpatient Weight. 100 percent of Medicare DRG. Add-on payment,  . 100 percent of Medicare DRG. Add-on payment,  .",18187.33,,,,,,,Case Rate,"Medicare Base Rate times Standard Inpatient Weight. 100 percent of Medicare DRG. Add-on payment,  . 100 percent of Medicare DRG. Add-on payment,  .",49309,,,,,,,Case Rate,". Add-on payment, and lesser of 100% of billed charges. Add-on payment, and lesser of 100% of billed charges.",49309,,,,,,,Case Rate,". Add-on payment, and lesser of 100% of billed charges. Add-on payment, and lesser of 100% of billed charges.",18187.33,,,,,,,Case Rate,"Medicare Base Rate times Standard Inpatient Weight. 100 percent of Medicare DRG. Add-on payment,  . 100 percent of Medicare DRG. Add-on payment,  .",52060.66,,,,,,,Case Rate,"Medicare Base Rate times Standard Inpatient Weight. Outlier (25+) per Diem $7,671.00. Add-on payment, and lesser of 100% of billed charges. Outlier (25+) per Diem $7,671.00. Add-on payment, and lesser of 100% of billed charges.",68557.54,,,,,,,Case Rate,"Medicare Base Rate times Standard Inpatient Weight. AMLOS + 5 Outlier per Diem $7,362.00. Add-on payment, and lesser of 100% of billed charges. AMLOS + 5 Outlier per Diem $7,362.00. Add-on payment, and lesser of 100% of billed charges.",68557.54,,,,,,,Case Rate,"Medicare Base Rate times Standard Inpatient Weight. AMLOS + 5 Outlier per Diem $7,362.00. Add-on payment, and lesser of 100% of billed charges. AMLOS + 5 Outlier per Diem $7,362.00. Add-on payment, and lesser of 100% of billed charges.",18187.33,,,,,,,Case Rate,"Medicare Base Rate times Standard Inpatient Weight. 100 percent of Medicare DRG. Add-on payment,  . 100 percent of Medicare DRG. Add-on payment,  .",52060.66,,,,,,,Case Rate,"Medicare Base Rate times Standard Inpatient Weight. Outlier (25+) per Diem $7,671.00. Add-on payment, and lesser of 100% of billed charges. Outlier (25+) per Diem $7,671.00. Add-on payment, and lesser of 100% of billed charges.",49309,,,,,,,Case Rate,". Add-on payment, and lesser of 100% of billed charges. Add-on payment, and lesser of 100% of billed charges.",49309,,,,,,,Case Rate,". Add-on payment, and lesser of 100% of billed charges. Add-on payment, and lesser of 100% of billed charges.",49309,,,,,,,Case Rate,". Add-on payment, and lesser of 100% of billed charges. Add-on payment, and lesser of 100% of billed charges.",,73,,,,,0,Percent of total billed charges,73 percent of charges.  ; No services were performed during the 15 month look back period.,,73,,,,,0,Percent of total billed charges,73 percent of charges.  ; No services were performed during the 15 month look back period.,,73,,,,,0,Percent of total billed charges,73 percent of charges.  ; No services were performed during the 15 month look back period.,,73,,,,,0,Percent of total billed charges,73 percent of charges.  ; No services were performed during the 15 month look back period.,,73,,,,,0,Percent of total billed charges,73 percent of charges.  ; No services were performed during the 15 month look back period.,,73,,,,,0,Percent of total billed charges,73 percent of charges.  ; No services were performed during the 15 month look back period.,,73,,,,,0,Percent of total billed charges,73 percent of charges.  ; No services were performed during the 15 month look back period.,,73,,,,,0,Percent of total billed charges,73 percent of charges.  ; No services were performed during the 15 month look back period.,,73,,,,,0,Percent of total billed charges,73 percent of charges.  ; No services were performed during the 15 month look back period.,,73,,,,,0,Percent of total billed charges,73 percent of charges.  ; No services were performed during the 15 month look back period.,,73,,,,,0,Percent of total billed charges,73 percent of charges.  ; No services were performed during the 15 month look back period.,52920.32,,,,,,,Case Rate,"Medicare Base Rate times Standard Inpatient Weight. Add-on payment, and lesser of 100% of billed charges. Add-on payment, and lesser of 100% of billed charges.",74083.42,,,,,,,Case Rate,"Medicare Base Rate times Standard Inpatient Weight. GMLOS + 6 Outlier per Diem $9,081.00 Add-on payment, and lesser of 100% of billed charges. GMLOS + 6 Outlier per Diem $9,081.00 Add-on payment, and lesser of 100% of billed charges.",52060.66,,,,,,,Case Rate,"Medicare Base Rate times Standard Inpatient Weight. Outlier (25+) per Diem $7,671.00. Add-on payment, and lesser of 100% of billed charges. Outlier (25+) per Diem $7,671.00. Add-on payment, and lesser of 100% of billed charges.",18187.33,,,,,,,Case Rate,"Medicare Base Rate times Standard Inpatient Weight. 100 percent of Medicare DRG. Add-on payment,  . 100 percent of Medicare DRG. Add-on payment,  .",49309,,,,,,,Case Rate,". Add-on payment, and lesser of 100% of billed charges. Add-on payment, and lesser of 100% of billed charges.",52060.66,,,,,,,Case Rate,"Medicare Base Rate times Standard Inpatient Weight. Outlier (25+) per Diem $7,671.00. Add-on payment, and lesser of 100% of billed charges. Outlier (25+) per Diem $7,671.00. Add-on payment, and lesser of 100% of billed charges.",52060.66,,,,,,,Case Rate,"Medicare Base Rate times Standard Inpatient Weight. Outlier (25+) per Diem $7,671.00. Add-on payment, and lesser of 100% of billed charges. Outlier (25+) per Diem $7,671.00. Add-on payment, and lesser of 100% of billed charges.",,73,,,,,0,Percent of total billed charges,73 percent of charges.  ; No services were performed during the 15 month look back period.,,,,,,,,," ",52060.66,,,,,,,Case Rate,"Medicare Base Rate times Standard Inpatient Weight. Outlier (25+) per Diem $7,671.00. Add-on payment, and lesser of 100% of billed charges. Outlier (25+) per Diem $7,671.00. Add-on payment, and lesser of 100% of billed charges.",,,,,,,,," ",18187.33,,,,,,,Case Rate,"Medicare Base Rate times Standard Inpatient Weight. 100 percent of Medicare DRG. Add-on payment,  . 100 percent of Medicare DRG. Add-on payment,  .",18187.33,,,,,,,Case Rate,"Medicare Base Rate times Standard Inpatient Weight. 100 percent of Medicare DRG. Add-on payment,  . 100 percent of Medicare DRG. Add-on payment,  .",18187.33,,,,,,,Case Rate,"Medicare Base Rate times Standard Inpatient Weight. 100 percent of Medicare DRG. Add-on payment,  . 100 percent of Medicare DRG. Add-on payment,  .",18187.33,,,,,,,Case Rate,"Medicare Base Rate times Standard Inpatient Weight. 100 percent of Medicare DRG. Add-on payment,  . 100 percent of Medicare DRG. Add-on payment,  .",18187.33,,,,,,,Case Rate,"Medicare Base Rate times Standard Inpatient Weight. 100 percent of Medicare DRG. Add-on payment,  . 100 percent of Medicare DRG. Add-on payment,  .",18187.33,,,,,,,Case Rate,"Medicare Base Rate times Standard Inpatient Weight. 100 percent of Medicare DRG. Add-on payment,  . 100 percent of Medicare DRG. Add-on payment,  .",52060.66,,,,,,,Case Rate,"Medicare Base Rate times Standard Inpatient Weight. Outlier (25+) per Diem $7,671.00. Add-on payment, and lesser of 100% of billed charges. Outlier (25+) per Diem $7,671.00. Add-on payment, and lesser of 100% of billed charges.",78060.48,,,,,,,Case Rate,"Medicare Base Rate times Standard Inpatient Weight. GMLOS + 6 Outlier per Diem $11,932.00. Add-on payment, and lesser of 100% of billed charges. GMLOS + 6 Outlier per Diem $11,932.00. Add-on payment, and lesser of 100% of billed charges.",,,,,,,,," ",,,,,,,,," ",,,,,,,,," ",,,,,,,,," ",,,,,,,,," ",,,,,,,,," ",78060.48,,,,,,,Case Rate,"Medicare Base Rate times Standard Inpatient Weight. GMLOS + 6 Outlier per Diem $11,932.00. Add-on payment, and lesser of 100% of billed charges. GMLOS + 6 Outlier per Diem $11,932.00. Add-on payment, and lesser of 100% of billed charges.",47558.45,,,,,,,Case Rate,. 200 percent of Medicare 200 percent of Medicare,47558.45,,,,,,,Case Rate,. 200 percent of Medicare 200 percent of Medicare,47558.45,,,,,,,Case Rate,. 200 percent of Medicare 200 percent of Medicare,47558.45,,,,,,,Case Rate,. 200 percent of Medicare 200 percent of Medicare,47558.45,,,,,,,Case Rate,. 200 percent of Medicare 200 percent of Medicare,18187.33,,,,,,,Case Rate,"Medicare Base Rate times Standard Inpatient Weight. 100 percent of Medicare DRG. Add-on payment,  . 100 percent of Medicare DRG. Add-on payment,  .",52920.32,,,,,,,Case Rate,"Medicare Base Rate times Standard Inpatient Weight. Add-on payment, and lesser of 100% of billed charges. Add-on payment, and lesser of 100% of billed charges.",52920.32,,,,,,,Case Rate,"Medicare Base Rate times Standard Inpatient Weight. Add-on payment, and lesser of 100% of billed charges. Add-on payment, and lesser of 100% of billed charges.",52920.32,,,,,,,Case Rate,"Medicare Base Rate times Standard Inpatient Weight. Add-on payment, and lesser of 100% of billed charges. Add-on payment, and lesser of 100% of billed charges.",52920.32,,,,,,,Case Rate,"Medicare Base Rate times Standard Inpatient Weight. Add-on payment, and lesser of 100% of billed charges. Add-on payment, and lesser of 100% of billed charges.",49309,,,,,,,Case Rate,". Add-on payment, and lesser of 100% of billed charges. Add-on payment, and lesser of 100% of billed charges.",49309,,,,,,,Case Rate,". Add-on payment, and lesser of 100% of billed charges. Add-on payment, and lesser of 100% of billed charges.",49309,,,,,,,Case Rate,". Add-on payment, and lesser of 100% of billed charges. Add-on payment, and lesser of 100% of billed charges.",49309,,,,,,,Case Rate,". Add-on payment, and lesser of 100% of billed charges. Add-on payment, and lesser of 100% of billed charges.",78060.48,,,,,,,Case Rate,"Medicare Base Rate times Standard Inpatient Weight. GMLOS + 6 Outlier per Diem $11,932.00. Add-on payment, and lesser of 100% of billed charges. GMLOS + 6 Outlier per Diem $11,932.00. Add-on payment, and lesser of 100% of billed charges.",78060.48,,,,,,,Case Rate,"Medicare Base Rate times Standard Inpatient Weight. GMLOS + 6 Outlier per Diem $11,932.00. Add-on payment, and lesser of 100% of billed charges. GMLOS + 6 Outlier per Diem $11,932.00. Add-on payment, and lesser of 100% of billed charges.",18187.33,,,,,,,Case Rate,"Medicare Base Rate times Standard Inpatient Weight. 100 percent of Medicare DRG. Add-on payment,  . 100 percent of Medicare DRG. Add-on payment,  .",18187.33,,,,,,,Case Rate,"Medicare Base Rate times Standard Inpatient Weight. 100 percent of Medicare DRG. Add-on payment,  . 100 percent of Medicare DRG. Add-on payment,  .",18187.33,,,,,,,Case Rate,"Medicare Base Rate times Standard Inpatient Weight. 100 percent of Medicare DRG. Add-on payment,  . 100 percent of Medicare DRG. Add-on payment,  .",74083.42,,,,,,,Case Rate,"Medicare Base Rate times Standard Inpatient Weight. GMLOS + 6 Outlier per Diem $9,081.00 Add-on payment, and lesser of 100% of billed charges. GMLOS + 6 Outlier per Diem $9,081.00 Add-on payment, and lesser of 100% of billed charges.",74083.42,,,,,,,Case Rate,"Medicare Base Rate times Standard Inpatient Weight. GMLOS + 6 Outlier per Diem $9,081.00 Add-on payment, and lesser of 100% of billed charges. GMLOS + 6 Outlier per Diem $9,081.00 Add-on payment, and lesser of 100% of billed charges.",74083.42,,,,,,,Case Rate,"Medicare Base Rate times Standard Inpatient Weight. GMLOS + 6 Outlier per Diem $9,081.00 Add-on payment, and lesser of 100% of billed charges. GMLOS + 6 Outlier per Diem $9,081.00 Add-on payment, and lesser of 100% of billed charges.",78060.48,,,,,,,Case Rate,"Medicare Base Rate times Standard Inpatient Weight. GMLOS + 6 Outlier per Diem $11,932.00. Add-on payment, and lesser of 100% of billed charges. GMLOS + 6 Outlier per Diem $11,932.00. Add-on payment, and lesser of 100% of billed charges.",49309,,,,,,,Case Rate,". Add-on payment, and lesser of 100% of billed charges. Add-on payment, and lesser of 100% of billed charges.",18187.33,,,,,,,Case Rate,"Medicare Base Rate times Standard Inpatient Weight. 100 percent of Medicare DRG. Add-on payment,  . 100 percent of Medicare DRG. Add-on payment,  .",72976.09,,,,,,,Case Rate,"Medicare Base Rate times Standard Inpatient Weight. GMLOS + 6 Outlier per Diem $9,081.00 Add-on payment, and lesser of 100% of billed charges. GMLOS + 6 Outlier per Diem $9,081.00 Add-on payment, and lesser of 100% of billed charges.",,,,,,,,," ",18551.08,,,,,,,Case Rate,"Medicare Base Rate times Standard Inpatient Weight. 100 percent of Medicare DRG. Add-on payment, and lesser of 100% of billed charges. 100 percent of Medicare DRG. Add-on payment, and lesser of 100% of billed charges.",18551.08,,,,,,,Case Rate,"Medicare Base Rate times Standard Inpatient Weight. 100 percent of Medicare DRG. Add-on payment, and lesser of 100% of billed charges. 100 percent of Medicare DRG. Add-on payment, and lesser of 100% of billed charges.",18551.08,,,,,,,Case Rate,"Medicare Base Rate times Standard Inpatient Weight. 100 percent of Medicare DRG. Add-on payment, and lesser of 100% of billed charges. 100 percent of Medicare DRG. Add-on payment, and lesser of 100% of billed charges.",,,,,,,,," ",,,,,,,,," ",,,,,,,,," ",,,,,,,,," ",,,,,,,,," ",,,,,,,,," ",18551.08,,,,,,,Case Rate,"Medicare Base Rate times Standard Inpatient Weight. 100 percent of Medicare DRG. Add-on payment, and lesser of 100% of billed charges. 100 percent of Medicare DRG. Add-on payment, and lesser of 100% of billed charges.",,,,,,,,," ",,,,,,,,," ",,,,,,,,," ",,,,,,,,," ",,,,,,,,," ",,,,,,,,," ",,,,,,,,," ",18187.33,,,,,,,Case Rate,"Medicare Base Rate times Standard Inpatient Weight. 100 percent of Medicare DRG. Add-on payment,  . 100 percent of Medicare DRG. Add-on payment,  .",18187.33,,,,,,,Case Rate,"Medicare Base Rate times Standard Inpatient Weight. 100 percent of Medicare DRG. Add-on payment,  . 100 percent of Medicare DRG. Add-on payment,  .",49309,,,,,,,Case Rate,". Add-on payment, and lesser of 100% of billed charges. Add-on payment, and lesser of 100% of billed charges.",18187.33,,,,,,,Case Rate,"Medicare Base Rate times Standard Inpatient Weight. 100 percent of Medicare DRG. Add-on payment,  . 100 percent of Medicare DRG. Add-on payment,  .",,,,,,,,," ",,,,,,,,," ",,,,,,,,," ",,,,,,,,," ",,,,,,,,," ",,,,,,,,," ",,,,,,,,," ",,,,,,,,," ",,,,,,,,," ",,,,,,,,," ",,,,,,,,," ",78060.48,,,,,,,Case Rate,"Medicare Base Rate times Standard Inpatient Weight. GMLOS + 6 Outlier per Diem $11,932.00. Add-on payment, and lesser of 100% of billed charges. GMLOS + 6 Outlier per Diem $11,932.00. Add-on payment, and lesser of 100% of billed charges.",,,,,,,,," ",,,,,,,,," ",,,,,,,,," ",,,,,,,,," ",74083.42,,,,,,,Case Rate,"Medicare Base Rate times Standard Inpatient Weight. GMLOS + 6 Outlier per Diem $9,081.00 Add-on payment, and lesser of 100% of billed charges. GMLOS + 6 Outlier per Diem $9,081.00 Add-on payment, and lesser of 100% of billed charges.",72976.09,,,,,,,Case Rate,"Medicare Base Rate times Standard Inpatient Weight. GMLOS + 6 Outlier per Diem $9,081.00 Add-on payment, and lesser of 100% of billed charges. GMLOS + 6 Outlier per Diem $9,081.00 Add-on payment, and lesser of 100% of billed charges.",18187.33,,,,,,,Case Rate,"Medicare Base Rate times Standard Inpatient Weight. 100 percent of Medicare DRG. Add-on payment,  . 100 percent of Medicare DRG. Add-on payment,  .",72976.09,,,,,,,Case Rate,"Medicare Base Rate times Standard Inpatient Weight. GMLOS + 6 Outlier per Diem $9,081.00 Add-on payment, and lesser of 100% of billed charges. GMLOS + 6 Outlier per Diem $9,081.00 Add-on payment, and lesser of 100% of billed charges.",74083.42,,,,,,,Case Rate,"Medicare Base Rate times Standard Inpatient Weight. GMLOS + 6 Outlier per Diem $9,081.00 Add-on payment, and lesser of 100% of billed charges. GMLOS + 6 Outlier per Diem $9,081.00 Add-on payment, and lesser of 100% of billed charges.",74083.42,,,,,,,Case Rate,"Medicare Base Rate times Standard Inpatient Weight. GMLOS + 6 Outlier per Diem $9,081.00 Add-on payment, and lesser of 100% of billed charges. GMLOS + 6 Outlier per Diem $9,081.00 Add-on payment, and lesser of 100% of billed charges.",72976.09,,,,,,,Case Rate,"Medicare Base Rate times Standard Inpatient Weight. GMLOS + 6 Outlier per Diem $9,081.00 Add-on payment, and lesser of 100% of billed charges. GMLOS + 6 Outlier per Diem $9,081.00 Add-on payment, and lesser of 100% of billed charges.",18187.33,,,,,,,Case Rate,"Medicare Base Rate times Standard Inpatient Weight. 100 percent of Medicare DRG. Add-on payment,  . 100 percent of Medicare DRG. Add-on payment,  .",72976.09,,,,,,,Case Rate,"Medicare Base Rate times Standard Inpatient Weight. GMLOS + 6 Outlier per Diem $9,081.00 Add-on payment, and lesser of 100% of billed charges. GMLOS + 6 Outlier per Diem $9,081.00 Add-on payment, and lesser of 100% of billed charges.",74083.42,,,,,,,Case Rate,"Medicare Base Rate times Standard Inpatient Weight. GMLOS + 6 Outlier per Diem $9,081.00 Add-on payment, and lesser of 100% of billed charges. GMLOS + 6 Outlier per Diem $9,081.00 Add-on payment, and lesser of 100% of billed charges.",49309,,,,,,,Case Rate,". Add-on payment, and lesser of 100% of billed charges. Add-on payment, and lesser of 100% of billed charges.",,,,,,,,," ",,,,,,,,," ",,,,,,,,," ",,,,,,,,," ",,,,,,,,," ",,,,,,,,," ",,,,,,,,," ",,,,,,,,," ",,,,,,,,," ",,,,,,,,," ",,,,,,,,," ",,,,,,,,," ",,,,,,,,," ",,,,,,,,," ",52060.66,,,,,,,Case Rate,"Medicare Base Rate times Standard Inpatient Weight. Outlier (25+) per Diem $7,671.00. Add-on payment, and lesser of 100% of billed charges. Outlier (25+) per Diem $7,671.00. Add-on payment, and lesser of 100% of billed charges.",,,,,,,,," ",18187.33,,,,,,,Case Rate,"Medicare Base Rate times Standard Inpatient Weight. 100 percent of Medicare DRG. Add-on payment,  . 100 percent of Medicare DRG. Add-on payment,  .",57597.31,,,,,,,Case Rate,Medicare Base Rate times Standard Inpatient Weight. Local 1199 High/Low day Outlier Local 1199 High/Low day Outlier,18187.33,,,,,,,Case Rate,"Medicare Base Rate times Standard Inpatient Weight. 100 percent of Medicare DRG. Add-on payment,  . 100 percent of Medicare DRG. Add-on payment,  .",18187.33,,,,,,,Case Rate,"Medicare Base Rate times Standard Inpatient Weight. 100 percent of Medicare DRG. Add-on payment,  . 100 percent of Medicare DRG. Add-on payment,  .",,,,,,,,," ",,,,,,,,," ",,,,,,,,," ",,,,,,,,," ",,,,,,,,," ",45289.25,,,,,,,Case Rate,"Medicare Base Rate times Standard Inpatient Weight. GMLOS + 8 Outlier per Diem $4,623.00. Add-on payment, and lesser of 100% of billed charges. GMLOS + 8 Outlier per Diem $4,623.00. Add-on payment, and lesser of 100% of billed charges.",49309,,,,,,,Case Rate,". Add-on payment, and lesser of 100% of billed charges. Add-on payment, and lesser of 100% of billed charges.",53279.26,,,,,,,Case Rate,"Medicare Base Rate times Standard Inpatient Weight. Add-on payment, and lesser of 100% of billed charges. Add-on payment, and lesser of 100% of billed charges.",52060.66,,,,,,,Case Rate,"Medicare Base Rate times Standard Inpatient Weight. Outlier (25+) per Diem $7,671.00. Add-on payment, and lesser of 100% of billed charges. Outlier (25+) per Diem $7,671.00. Add-on payment, and lesser of 100% of billed charges.",18187.33,,,,,,,Case Rate,"Medicare Base Rate times Standard Inpatient Weight. 100 percent of Medicare DRG. Add-on payment, . 100 percent of Medicare DRG. Add-on payment, .",18187.33,,,,,,,Case Rate,"Medicare Base Rate times Standard Inpatient Weight. 100 percent of Medicare DRG. Add-on payment,  . 100 percent of Medicare DRG. Add-on payment,  .",18187.33,,,,,,,Case Rate,"Medicare Base Rate times Standard Inpatient Weight. 100 percent of Medicare DRG. Add-on payment,  . 100 percent of Medicare DRG. Add-on payment,  .",18187.33,,,,,,,Case Rate,"Medicare Base Rate times Standard Inpatient Weight. 100 percent of Medicare DRG. Add-on payment,  . 100 percent of Medicare DRG. Add-on payment,  .",18187.33,,,,,,,Case Rate,"Medicare Base Rate times Standard Inpatient Weight. 100 percent of Medicare DRG. Add-on payment, . 100 percent of Medicare DRG. Add-on payment, .",18187.33,,,,,,,Case Rate,"Medicare Base Rate times Standard Inpatient Weight. 100 percent of Medicare DRG. Add-on payment,  . 100 percent of Medicare DRG. Add-on payment,  .",,,,,,,,," ",,,,,,,,," ",,,,,,,,," ",74083.42,,,,,,,Case Rate,"Medicare Base Rate times Standard Inpatient Weight. GMLOS + 6 Outlier per Diem $9,081.00 Add-on payment, and lesser of 100% of billed charges. GMLOS + 6 Outlier per Diem $9,081.00 Add-on payment, and lesser of 100% of billed charges.",45289.25,,,,,,,Case Rate,"Medicare Base Rate times Standard Inpatient Weight. GMLOS + 8 Outlier per Diem $4,623.00. Add-on payment, and lesser of 100% of billed charges. GMLOS + 8 Outlier per Diem $4,623.00. Add-on payment, and lesser of 100% of billed charges.",45289.25,,,,,,,Case Rate,"Medicare Base Rate times Standard Inpatient Weight. GMLOS + 8 Outlier per Diem $4,623.00. Add-on payment, and lesser of 100% of billed charges. GMLOS + 8 Outlier per Diem $4,623.00. Add-on payment, and lesser of 100% of billed charges.",45289.25,,,,,,,Case Rate,"Medicare Base Rate times Standard Inpatient Weight. GMLOS + 8 Outlier per Diem $4,623.00. Add-on payment, and lesser of 100% of billed charges. GMLOS + 8 Outlier per Diem $4,623.00. Add-on payment, and lesser of 100% of billed charges.",45289.25,,,,,,,Case Rate,"Medicare Base Rate times Standard Inpatient Weight. GMLOS + 8 Outlier per Diem $4,623.00. Add-on payment, and lesser of 100% of billed charges. GMLOS + 8 Outlier per Diem $4,623.00. Add-on payment, and lesser of 100% of billed charges.",18187.33,,,,,,,Case Rate,"Medicare Base Rate times Standard Inpatient Weight. 100 percent of Medicare DRG. Add-on payment,  . 100 percent of Medicare DRG. Add-on payment,  .",,,,,,,,," ",74083.42,,,,,,,Case Rate,"Medicare Base Rate times Standard Inpatient Weight. GMLOS + 6 Outlier per Diem $9,081.00 Add-on payment, and lesser of 100% of billed charges. GMLOS + 6 Outlier per Diem $9,081.00 Add-on payment, and lesser of 100% of billed charges.",,,,,,,,," ",18187.33,,,,,,,Case Rate,"Medicare Base Rate times Standard Inpatient Weight. 100 percent of Medicare DRG. Add-on payment,  . 100 percent of Medicare DRG. Add-on payment,  .",,,,,,,,," ",18187.33,,,,,,,Case Rate,"Medicare Base Rate times Standard Inpatient Weight. 100 percent of Medicare DRG. Add-on payment,  . 100 percent of Medicare DRG. Add-on payment,  .",18187.33,,,,,,,Case Rate,"Medicare Base Rate times Standard Inpatient Weight. 100 percent of Medicare DRG. Add-on payment,  . 100 percent of Medicare DRG. Add-on payment,  .",,,,,,,,," ",,,,,,,,," ",45289.25,,,,,,,Case Rate,"Medicare Base Rate times Standard Inpatient Weight. GMLOS + 8 Outlier per Diem $4,623.00. Add-on payment, and lesser of 100% of billed charges. GMLOS + 8 Outlier per Diem $4,623.00. Add-on payment, and lesser of 100% of billed charges.",52060.66,,,,,,,Case Rate,"Medicare Base Rate times Standard Inpatient Weight. Outlier (25+) per Diem $7,671.00. Add-on payment, and lesser of 100% of billed charges. Outlier (25+) per Diem $7,671.00. Add-on payment, and lesser of 100% of billed charges.",,73,,,,,0,Percent of total billed charges,73 percent of charges.  ; No services were performed during the 15 month look back period.,68557.54,,,,,,,Case Rate,"Medicare Base Rate times Standard Inpatient Weight. AMLOS + 5 Outlier per Diem $7,362.00. Add-on payment, and lesser of 100% of billed charges. AMLOS + 5 Outlier per Diem $7,362.00. Add-on payment, and lesser of 100% of billed charges.",68557.54,,,,,,,Case Rate,"Medicare Base Rate times Standard Inpatient Weight. AMLOS + 5 Outlier per Diem $7,362.00. Add-on payment, and lesser of 100% of billed charges. AMLOS + 5 Outlier per Diem $7,362.00. Add-on payment, and lesser of 100% of billed charges.",49309,,,,,,,Case Rate,". Add-on payment, and lesser of 100% of billed charges. Add-on payment, and lesser of 100% of billed charges.",16914.22,,,,,,,Case Rate,"Medicare Base Rate times Standard Inpatient Weight. 93 percent of Medicare DRG. Add-on payment, and lesser of 100% of billed charges. 93 percent of Medicare DRG. Add-on payment, and lesser of 100% of billed charges.",52920.32,,,,,,,Case Rate,"Medicare Base Rate times Standard Inpatient Weight. Add-on payment, and lesser of 100% of billed charges. Add-on payment, and lesser of 100% of billed charges.",52920.32,,,,,,,Case Rate,"Medicare Base Rate times Standard Inpatient Weight. Add-on payment, and lesser of 100% of billed charges. Add-on payment, and lesser of 100% of billed charges.",58381.59,,,,,,,Case Rate,"Medicare Base Rate times Standard Inpatient Weight. GMLOS + 6 Outlier per Diem $7,265.00 Add-on payment, and lesser of 100% of billed charges. GMLOS + 6 Outlier per Diem $7,265.00 Add-on payment, and lesser of 100% of billed charges.",74083.42,,,,,,,Case Rate,"Medicare Base Rate times Standard Inpatient Weight. GMLOS + 6 Outlier per Diem $9,081.00 Add-on payment, and lesser of 100% of billed charges. GMLOS + 6 Outlier per Diem $9,081.00 Add-on payment, and lesser of 100% of billed charges.",18187.33,,,,,,,Case Rate,"Medicare Base Rate times Standard Inpatient Weight. 100 percent of Medicare DRG. Add-on payment,  . 100 percent of Medicare DRG. Add-on payment,  .",18187.33,,,,,,,Case Rate,"Medicare Base Rate times Standard Inpatient Weight. 100 percent of Medicare DRG. Add-on payment,  . 100 percent of Medicare DRG. Add-on payment,  .",18187.33,,,,,,,Case Rate,"Medicare Base Rate times Standard Inpatient Weight. 100 percent of Medicare DRG. Add-on payment,  . 100 percent of Medicare DRG. Add-on payment,  .",18187.33,,,,,,,Case Rate,"Medicare Base Rate times Standard Inpatient Weight. 100 percent of Medicare DRG. Add-on payment,  . 100 percent of Medicare DRG. Add-on payment,  .",68557.54,,,,,,,Case Rate,"Medicare Base Rate times Standard Inpatient Weight. AMLOS + 5 Outlier per Diem $7,362.00. Add-on payment, and lesser of 100% of billed charges. AMLOS + 5 Outlier per Diem $7,362.00. Add-on payment, and lesser of 100% of billed charges.",74083.42,,,,,,,Case Rate,"Medicare Base Rate times Standard Inpatient Weight. GMLOS + 6 Outlier per Diem $9,081.00 Add-on payment, and lesser of 100% of billed charges. GMLOS + 6 Outlier per Diem $9,081.00 Add-on payment, and lesser of 100% of billed charges.",74083.42,,,,,,,Case Rate,"Medicare Base Rate times Standard Inpatient Weight. GMLOS + 6 Outlier per Diem $9,081.00 Add-on payment, and lesser of 100% of billed charges. GMLOS + 6 Outlier per Diem $9,081.00 Add-on payment, and lesser of 100% of billed charges.",18187.33,,,,,,,Case Rate,"Medicare Base Rate times Standard Inpatient Weight. 100 percent of Medicare DRG. Add-on payment,  . 100 percent of Medicare DRG. Add-on payment,  .",58381.59,,,,,,,Case Rate,"Medicare Base Rate times Standard Inpatient Weight. GMLOS + 6 Outlier per Diem $7,265.00 Add-on payment, and lesser of 100% of billed charges. GMLOS + 6 Outlier per Diem $7,265.00 Add-on payment, and lesser of 100% of billed charges.",53279.26,,,,,,,Case Rate,"Medicare Base Rate times Standard Inpatient Weight. Add-on payment, and lesser of 100% of billed charges. Add-on payment, and lesser of 100% of billed charges.",,,,,,,,," ",,,,,,,,," ",45289.25,,,,,,,Case Rate,"Medicare Base Rate times Standard Inpatient Weight. GMLOS + 8 Outlier per Diem $4,623.00. Add-on payment, and lesser of 100% of billed charges. GMLOS + 8 Outlier per Diem $4,623.00. Add-on payment, and lesser of 100% of billed charges.",65678.84,,,,,,,Case Rate,"Medicare Base Rate times Standard Inpatient Weight. GMLOS + 6 Outlier per Diem $8,173.00 Add-on payment, and lesser of 100% of billed charges. GMLOS + 6 Outlier per Diem $8,173.00 Add-on payment, and lesser of 100% of billed charges.",74083.42,,,,,,,Case Rate,"Medicare Base Rate times Standard Inpatient Weight. GMLOS + 6 Outlier per Diem $9,081.00 Add-on payment, and lesser of 100% of billed charges. GMLOS + 6 Outlier per Diem $9,081.00 Add-on payment, and lesser of 100% of billed charges.",74083.42,,,,,,,Case Rate,"Medicare Base Rate times Standard Inpatient Weight. GMLOS + 6 Outlier per Diem $9,081.00 Add-on payment, and lesser of 100% of billed charges. GMLOS + 6 Outlier per Diem $9,081.00 Add-on payment, and lesser of 100% of billed charges.",53785.36,,,,,,,Case Rate,"Medicare Base Rate times Standard Inpatient Weight. GMLOS + 6 Outlier per Diem $8,221.00. Add-on payment, and lesser of 100% of billed charges. GMLOS + 6 Outlier per Diem $8,221.00. Add-on payment, and lesser of 100% of billed charges.",18187.33,,,,,,,Case Rate,"Medicare Base Rate times Standard Inpatient Weight. 100 percent of Medicare DRG. Add-on payment, . 100 percent of Medicare DRG. Add-on payment, .",,,,,,,,," ",,,,,,,,," ",,,,,,,,," ",,,,,,,,," ",68557.54,,,,,,,Case Rate,"Medicare Base Rate times Standard Inpatient Weight. AMLOS + 5 Outlier per Diem $7,362.00. Add-on payment, and lesser of 100% of billed charges. AMLOS + 5 Outlier per Diem $7,362.00. Add-on payment, and lesser of 100% of billed charges.",,,,,,,,," ",,,,,,,,," ",,,,,,,,," ",,,,,,,,," ",,,,,,,,," ",,,,,,,,," ",,,,,,,,," ",18187.33,,,,,,,Case Rate,"Medicare Base Rate times Standard Inpatient Weight. 100 percent of Medicare DRG. Add-on payment,  . 100 percent of Medicare DRG. Add-on payment,  .",68557.54,,,,,,,Case Rate,"Medicare Base Rate times Standard Inpatient Weight. AMLOS + 5 Outlier per Diem $7,362.00. Add-on payment, and lesser of 100% of billed charges. AMLOS + 5 Outlier per Diem $7,362.00. Add-on payment, and lesser of 100% of billed charges.",18187.33,,,,,,,Case Rate,"Medicare Base Rate times Standard Inpatient Weight. 100 percent of Medicare DRG. Add-on payment,  . 100 percent of Medicare DRG. Add-on payment,  .",,,,,,,,," ",74083.42,,,,,,,Case Rate,"Medicare Base Rate times Standard Inpatient Weight. GMLOS + 6 Outlier per Diem $9,081.00 Add-on payment, and lesser of 100% of billed charges. GMLOS + 6 Outlier per Diem $9,081.00 Add-on payment, and lesser of 100% of billed charges.",18187.33,,,,,,,Case Rate,"Medicare Base Rate times Standard Inpatient Weight. 100 percent of Medicare DRG. Add-on payment,  . 100 percent of Medicare DRG. Add-on payment,  .",74083.42,,,,,,,Case Rate,"Medicare Base Rate times Standard Inpatient Weight. GMLOS + 6 Outlier per Diem $9,081.00 Add-on payment, and lesser of 100% of billed charges. GMLOS + 6 Outlier per Diem $9,081.00 Add-on payment, and lesser of 100% of billed charges.",74083.42,,,,,,,Case Rate,"Medicare Base Rate times Standard Inpatient Weight. GMLOS + 6 Outlier per Diem $9,081.00 Add-on payment, and lesser of 100% of billed charges. GMLOS + 6 Outlier per Diem $9,081.00 Add-on payment, and lesser of 100% of billed charges.",74083.42,,,,,,,Case Rate,"Medicare Base Rate times Standard Inpatient Weight. GMLOS + 6 Outlier per Diem $9,081.00 Add-on payment, and lesser of 100% of billed charges. GMLOS + 6 Outlier per Diem $9,081.00 Add-on payment, and lesser of 100% of billed charges.",,,,,,,,," ",18187.33,,,,,,,Case Rate,"Medicare Base Rate times Standard Inpatient Weight. 100 percent of Medicare DRG. Add-on payment,  . 100 percent of Medicare DRG. Add-on payment,  .",74083.42,,,,,,,Case Rate,"Medicare Base Rate times Standard Inpatient Weight. GMLOS + 6 Outlier per Diem $9,081.00 Add-on payment, and lesser of 100% of billed charges. GMLOS + 6 Outlier per Diem $9,081.00 Add-on payment, and lesser of 100% of billed charges.",,,,,,,,," ",74083.42,,,,,,,Case Rate,"Medicare Base Rate times Standard Inpatient Weight. GMLOS + 6 Outlier per Diem $9,081.00 Add-on payment, and lesser of 100% of billed charges. GMLOS + 6 Outlier per Diem $9,081.00 Add-on payment, and lesser of 100% of billed charges.",19096.7,,,,,,,Case Rate,"105% of the Diagnostic Related Group fee schedule established by CMS for Medicare in force as of the date of payment.. Delay in Discharge per diem $4,007 Delay in Discharge per diem $4,007",18187.33,,,,,,,Case Rate,"Medicare Base Rate times Standard Inpatient Weight. 100 percent of Medicare DRG. Add-on payment, . 100 percent of Medicare DRG. Add-on payment, .",45289.25,,,,,,,Case Rate,"Medicare Base Rate times Standard Inpatient Weight. GMLOS + 8 Outlier per Diem $4,623.00. Add-on payment, and lesser of 100% of billed charges. GMLOS + 8 Outlier per Diem $4,623.00. Add-on payment, and lesser of 100% of billed charges.",45289.25,,,,,,,Case Rate,"Medicare Base Rate times Standard Inpatient Weight. GMLOS + 8 Outlier per Diem $4,623.00. Add-on payment, and lesser of 100% of billed charges. GMLOS + 8 Outlier per Diem $4,623.00. Add-on payment, and lesser of 100% of billed charges.",45289.25,,,,,,,Case Rate,"Medicare Base Rate times Standard Inpatient Weight. GMLOS + 8 Outlier per Diem $4,623.00. Add-on payment, and lesser of 100% of billed charges. GMLOS + 8 Outlier per Diem $4,623.00. Add-on payment, and lesser of 100% of billed charges.",45289.25,,,,,,,Case Rate,"Medicare Base Rate times Standard Inpatient Weight. GMLOS + 8 Outlier per Diem $4,623.00. Add-on payment, and lesser of 100% of billed charges. GMLOS + 8 Outlier per Diem $4,623.00. Add-on payment, and lesser of 100% of billed charges.",45289.25,,,,,,,Case Rate,"Medicare Base Rate times Standard Inpatient Weight. GMLOS + 8 Outlier per Diem $4,623.00. Add-on payment, and lesser of 100% of billed charges. GMLOS + 8 Outlier per Diem $4,623.00. Add-on payment, and lesser of 100% of billed charges.",53279.26,,,,,,,Case Rate,"Medicare Base Rate times Standard Inpatient Weight. Add-on payment, and lesser of 100% of billed charges. Add-on payment, and lesser of 100% of billed charges.",53279.26,,,,,,,Case Rate,"Medicare Base Rate times Standard Inpatient Weight. Add-on payment, and lesser of 100% of billed charges. Add-on payment, and lesser of 100% of billed charges.",45289.25,,,,,,,Case Rate,"Medicare Base Rate times Standard Inpatient Weight. GMLOS + 8 Outlier per Diem $4,623.00. Add-on payment, and lesser of 100% of billed charges. GMLOS + 8 Outlier per Diem $4,623.00. Add-on payment, and lesser of 100% of billed charges.",45289.25,,,,,,,Case Rate,"Medicare Base Rate times Standard Inpatient Weight. GMLOS + 8 Outlier per Diem $4,623.00. Add-on payment, and lesser of 100% of billed charges. GMLOS + 8 Outlier per Diem $4,623.00. Add-on payment, and lesser of 100% of billed charges.",45289.25,,,,,,,Case Rate,"Medicare Base Rate times Standard Inpatient Weight. GMLOS + 8 Outlier per Diem $4,623.00. Add-on payment, and lesser of 100% of billed charges. GMLOS + 8 Outlier per Diem $4,623.00. Add-on payment, and lesser of 100% of billed charges.",45289.25,,,,,,,Case Rate,"Medicare Base Rate times Standard Inpatient Weight. GMLOS + 8 Outlier per Diem $4,623.00. Add-on payment, and lesser of 100% of billed charges. GMLOS + 8 Outlier per Diem $4,623.00. Add-on payment, and lesser of 100% of billed charges.",45289.25,,,,,,,Case Rate,"Medicare Base Rate times Standard Inpatient Weight. GMLOS + 8 Outlier per Diem $4,623.00. Add-on payment, and lesser of 100% of billed charges. GMLOS + 8 Outlier per Diem $4,623.00. Add-on payment, and lesser of 100% of billed charges.",18187.33,,,,,,,Case Rate,"Medicare Base Rate times Standard Inpatient Weight. 100 percent of Medicare DRG. Add-on payment,  . 100 percent of Medicare DRG. Add-on payment,  .",53279.26,,,,,,,Case Rate,"Medicare Base Rate times Standard Inpatient Weight. Add-on payment, and lesser of 100% of billed charges. Add-on payment, and lesser of 100% of billed charges.",18187.33,,,,,,,Case Rate,"Medicare Base Rate times Standard Inpatient Weight. 100 percent of Medicare DRG. Add-on payment,  . 100 percent of Medicare DRG. Add-on payment,  .",,,,,,,,," ",,,,,,,,," ",68557.54,,,,,,,Case Rate,"Medicare Base Rate times Standard Inpatient Weight. AMLOS + 5 Outlier per Diem $7,362.00. Add-on payment, and lesser of 100% of billed charges. AMLOS + 5 Outlier per Diem $7,362.00. Add-on payment, and lesser of 100% of billed charges.",68557.54,,,,,,,Case Rate,"Medicare Base Rate times Standard Inpatient Weight. AMLOS + 5 Outlier per Diem $7,362.00. Add-on payment, and lesser of 100% of billed charges. AMLOS + 5 Outlier per Diem $7,362.00. Add-on payment, and lesser of 100% of billed charges.",18187.33,,,,,,,Case Rate,"Medicare Base Rate times Standard Inpatient Weight. 100 percent of Medicare DRG. Add-on payment,  . 100 percent of Medicare DRG. Add-on payment,  .",52920.32,,,,,,,Case Rate,"Medicare Base Rate times Standard Inpatient Weight. Add-on payment, and lesser of 100% of billed charges. Add-on payment, and lesser of 100% of billed charges.",18187.33,,,,,,,Case Rate,"Medicare Base Rate times Standard Inpatient Weight. 100 percent of Medicare DRG. Add-on payment,  . 100 percent of Medicare DRG. Add-on payment,  .",18187.33,,,,,,,Case Rate,"Medicare Base Rate times Standard Inpatient Weight. 100 percent of Medicare DRG. Add-on payment,  . 100 percent of Medicare DRG. Add-on payment,  .",49309,,,,,,,Case Rate,". Add-on payment, and lesser of 100% of billed charges. Add-on payment, and lesser of 100% of billed charges.",18187.33,,,,,,,Case Rate,"Medicare Base Rate times Standard Inpatient Weight. 100 percent of Medicare DRG. Add-on payment,  . 100 percent of Medicare DRG. Add-on payment,  .",52060.66,,,,,,,Case Rate,"Medicare Base Rate times Standard Inpatient Weight. Outlier (25+) per Diem $7,671.00. Add-on payment, and lesser of 100% of billed charges. Outlier (25+) per Diem $7,671.00. Add-on payment, and lesser of 100% of billed charges.",18187.33,,,,,,,Case Rate,"Medicare Base Rate times Standard Inpatient Weight. 100 percent of Medicare DRG. Add-on payment,  . 100 percent of Medicare DRG. Add-on payment,  .",52060.66,,,,,,,Case Rate,"Medicare Base Rate times Standard Inpatient Weight. Outlier (25+) per Diem $7,671.00. Add-on payment, and lesser of 100% of billed charges. Outlier (25+) per Diem $7,671.00. Add-on payment, and lesser of 100% of billed charges.",49309,,,,,,,Case Rate,". Add-on payment, and lesser of 100% of billed charges. Add-on payment, and lesser of 100% of billed charges.",52060.66,,,,,,,Case Rate,"Medicare Base Rate times Standard Inpatient Weight. Outlier (25+) per Diem $7,671.00. Add-on payment, and lesser of 100% of billed charges. Outlier (25+) per Diem $7,671.00. Add-on payment, and lesser of 100% of billed charges.",18187.33,,,,,,,Case Rate,"Medicare Base Rate times Standard Inpatient Weight. 100 percent of Medicare DRG. Add-on payment,  . 100 percent of Medicare DRG. Add-on payment,  .",,,,,,,,," ",18187.33,,,,,,,Case Rate,"Medicare Base Rate times Standard Inpatient Weight. 100 percent of Medicare DRG. Add-on payment,  . 100 percent of Medicare DRG. Add-on payment,  .",52060.66,,,,,,,Case Rate,"Medicare Base Rate times Standard Inpatient Weight. Outlier (25+) per Diem $7,671.00. Add-on payment, and lesser of 100% of billed charges. Outlier (25+) per Diem $7,671.00. Add-on payment, and lesser of 100% of billed charges.",68557.54,,,,,,,Case Rate,"Medicare Base Rate times Standard Inpatient Weight. AMLOS + 5 Outlier per Diem $7,362.00. Add-on payment, and lesser of 100% of billed charges. AMLOS + 5 Outlier per Diem $7,362.00. Add-on payment, and lesser of 100% of billed charges.",,,,,,,,," ",74083.42,,,,,,,Case Rate,"Medicare Base Rate times Standard Inpatient Weight. GMLOS + 6 Outlier per Diem $9,081.00 Add-on payment, and lesser of 100% of billed charges. GMLOS + 6 Outlier per Diem $9,081.00 Add-on payment, and lesser of 100% of billed charges.",,,,,,,,," ",,,,,,,,," ",72976.09,,,,,,,Case Rate,"Medicare Base Rate times Standard Inpatient Weight. GMLOS + 6 Outlier per Diem $9,081.00 Add-on payment, and lesser of 100% of billed charges. GMLOS + 6 Outlier per Diem $9,081.00 Add-on payment, and lesser of 100% of billed charges.",72976.09,,,,,,,Case Rate,"Medicare Base Rate times Standard Inpatient Weight. GMLOS + 6 Outlier per Diem $9,081.00 Add-on payment, and lesser of 100% of billed charges. GMLOS + 6 Outlier per Diem $9,081.00 Add-on payment, and lesser of 100% of billed charges.",74083.42,,,,,,,Case Rate,"Medicare Base Rate times Standard Inpatient Weight. GMLOS + 6 Outlier per Diem $9,081.00 Add-on payment, and lesser of 100% of billed charges. GMLOS + 6 Outlier per Diem $9,081.00 Add-on payment, and lesser of 100% of billed charges.",68557.54,,,,,,,Case Rate,"Medicare Base Rate times Standard Inpatient Weight. AMLOS + 5 Outlier per Diem $7,362.00. Add-on payment, and lesser of 100% of billed charges. AMLOS + 5 Outlier per Diem $7,362.00. Add-on payment, and lesser of 100% of billed charges.",74083.42,,,,,,,Case Rate,"Medicare Base Rate times Standard Inpatient Weight. GMLOS + 6 Outlier per Diem $9,081.00 Add-on payment, and lesser of 100% of billed charges. GMLOS + 6 Outlier per Diem $9,081.00 Add-on payment, and lesser of 100% of billed charges.",72976.09,,,,,,,Case Rate,"Medicare Base Rate times Standard Inpatient Weight. GMLOS + 6 Outlier per Diem $9,081.00 Add-on payment, and lesser of 100% of billed charges. GMLOS + 6 Outlier per Diem $9,081.00 Add-on payment, and lesser of 100% of billed charges.",74083.42,,,,,,,Case Rate,"Medicare Base Rate times Standard Inpatient Weight. GMLOS + 6 Outlier per Diem $9,081.00 Add-on payment, and lesser of 100% of billed charges. GMLOS + 6 Outlier per Diem $9,081.00 Add-on payment, and lesser of 100% of billed charges.",45289.25,,,,,,,Case Rate,"Medicare Base Rate times Standard Inpatient Weight. GMLOS + 8 Outlier per Diem $4,623.00. Add-on payment, and lesser of 100% of billed charges. GMLOS + 8 Outlier per Diem $4,623.00. Add-on payment, and lesser of 100% of billed charges.",45289.25,,,,,,,Case Rate,"Medicare Base Rate times Standard Inpatient Weight. GMLOS + 8 Outlier per Diem $4,623.00. Add-on payment, and lesser of 100% of billed charges. GMLOS + 8 Outlier per Diem $4,623.00. Add-on payment, and lesser of 100% of billed charges.",47558.45,,,,,,,Case Rate,. 200 percent of Medicare 200 percent of Medicare,,,,,,,,," ",68557.54,,,,,,,Case Rate,"Medicare Base Rate times Standard Inpatient Weight. AMLOS + 5 Outlier per Diem $7,362.00. Add-on payment, and lesser of 100% of billed charges. AMLOS + 5 Outlier per Diem $7,362.00. Add-on payment, and lesser of 100% of billed charges.",52060.66,,,,,,,Case Rate,"Medicare Base Rate times Standard Inpatient Weight. Outlier (25+) per Diem $7,671.00. Add-on payment, and lesser of 100% of billed charges. Outlier (25+) per Diem $7,671.00. Add-on payment, and lesser of 100% of billed charges.",49309,,,,,,,Case Rate,". Add-on payment, and lesser of 100% of billed charges. Add-on payment, and lesser of 100% of billed charges.",68557.54,,,,,,,Case Rate,"Medicare Base Rate times Standard Inpatient Weight. AMLOS + 5 Outlier per Diem $7,362.00. Add-on payment, and lesser of 100% of billed charges. AMLOS + 5 Outlier per Diem $7,362.00. Add-on payment, and lesser of 100% of billed charges.",49309,,,,,,,Case Rate,". Add-on payment, and lesser of 100% of billed charges. Add-on payment, and lesser of 100% of billed charges.",68557.54,,,,,,,Case Rate,"Medicare Base Rate times Standard Inpatient Weight. AMLOS + 5 Outlier per Diem $7,362.00. Add-on payment, and lesser of 100% of billed charges. AMLOS + 5 Outlier per Diem $7,362.00. Add-on payment, and lesser of 100% of billed charges.",74083.42,,,,,,,Case Rate,"Medicare Base Rate times Standard Inpatient Weight. GMLOS + 6 Outlier per Diem $9,081.00 Add-on payment, and lesser of 100% of billed charges. GMLOS + 6 Outlier per Diem $9,081.00 Add-on payment, and lesser of 100% of billed charges.",72976.09,,,,,,,Case Rate,"Medicare Base Rate times Standard Inpatient Weight. GMLOS + 6 Outlier per Diem $9,081.00 Add-on payment, and lesser of 100% of billed charges. GMLOS + 6 Outlier per Diem $9,081.00 Add-on payment, and lesser of 100% of billed charges.",72976.09,,,,,,,Case Rate,"Medicare Base Rate times Standard Inpatient Weight. GMLOS + 6 Outlier per Diem $9,081.00 Add-on payment, and lesser of 100% of billed charges. GMLOS + 6 Outlier per Diem $9,081.00 Add-on payment, and lesser of 100% of billed charges.",74083.42,,,,,,,Case Rate,"Medicare Base Rate times Standard Inpatient Weight. GMLOS + 6 Outlier per Diem $9,081.00 Add-on payment, and lesser of 100% of billed charges. GMLOS + 6 Outlier per Diem $9,081.00 Add-on payment, and lesser of 100% of billed charges.",18187.33,,,,,,,Case Rate,"Medicare Base Rate times Standard Inpatient Weight. 100 percent of Medicare DRG. Add-on payment,  . 100 percent of Medicare DRG. Add-on payment,  .",15975.64,81698.33,
MS493,DRG,,,,,"MS-DRG 493 LOWER EXTREMITY AND HUMERUS PROCEDURES EXCEPT HIP, FOOT AND FEMUR WITH CC",,,Inpatient,,,,81391.06,,,,,,,Case Rate,Medicare Base Rate times Standard Inpatient Weight. Local 1199 High/Low day Outlier Local 1199 High/Low day Outlier,81391.06,,,,,,,Case Rate,Medicare Base Rate times Standard Inpatient Weight. Local 1199 High/Low day Outlier Local 1199 High/Low day Outlier,66151.63,,,,,,,Case Rate,"Medicare Base Rate times Standard Inpatient Weight. GMLOS + 8 Outlier per Diem $6,968.00. Add-on payment, and lesser of 100% of billed charges. GMLOS + 8 Outlier per Diem $6,968.00. Add-on payment, and lesser of 100% of billed charges.",,100,,,,,0,Percent of total billed charges,100 percent of charges.  ; No services were performed during the 15 month look back period.,25473.48,,,,,,,Case Rate,"Medicare Base Rate times Standard Inpatient Weight. 100 percent of Medicare DRG. Add-on payment,  . 100 percent of Medicare DRG. Add-on payment,  .",66151.63,,,,,,,Case Rate,"Medicare Base Rate times Standard Inpatient Weight. GMLOS + 8 Outlier per Diem $6,968.00. Add-on payment, and lesser of 100% of billed charges. GMLOS + 8 Outlier per Diem $6,968.00. Add-on payment, and lesser of 100% of billed charges.",66151.63,,,,,,,Case Rate,"Medicare Base Rate times Standard Inpatient Weight. GMLOS + 8 Outlier per Diem $6,968.00. Add-on payment, and lesser of 100% of billed charges. GMLOS + 8 Outlier per Diem $6,968.00. Add-on payment, and lesser of 100% of billed charges.",66151.63,,,,,,,Case Rate,"Medicare Base Rate times Standard Inpatient Weight. GMLOS + 8 Outlier per Diem $6,968.00. Add-on payment, and lesser of 100% of billed charges. GMLOS + 8 Outlier per Diem $6,968.00. Add-on payment, and lesser of 100% of billed charges.",,,,,,,,," ",,,,,,,,," ",,73,,,,,0,Percent of total billed charges,73 percent of charges.  ; No services were performed during the 15 month look back period.,96879.02,,,,,,,Case Rate,"Medicare Base Rate times Standard Inpatient Weight. AMLOS + 5 Outlier per Diem $7,362.00. Add-on payment, and lesser of 100% of billed charges. AMLOS + 5 Outlier per Diem $7,362.00. Add-on payment, and lesser of 100% of billed charges.",,,,,,,,," ",25473.48,,,,,,,Case Rate,"Medicare Base Rate times Standard Inpatient Weight. 100 percent of Medicare DRG. Add-on payment,  . 100 percent of Medicare DRG. Add-on payment,  .",73567.19,,,,,,,Case Rate,"Medicare Base Rate times Standard Inpatient Weight. Outlier (25+) per Diem $7,671.00. Add-on payment, and lesser of 100% of billed charges. Outlier (25+) per Diem $7,671.00. Add-on payment, and lesser of 100% of billed charges.",73567.19,,,,,,,Case Rate,"Medicare Base Rate times Standard Inpatient Weight. Outlier (25+) per Diem $7,671.00. Add-on payment, and lesser of 100% of billed charges. Outlier (25+) per Diem $7,671.00. Add-on payment, and lesser of 100% of billed charges.",73567.19,,,,,,,Case Rate,"Medicare Base Rate times Standard Inpatient Weight. Outlier (25+) per Diem $7,671.00. Add-on payment, and lesser of 100% of billed charges. Outlier (25+) per Diem $7,671.00. Add-on payment, and lesser of 100% of billed charges.",73567.19,,,,,,,Case Rate,"Medicare Base Rate times Standard Inpatient Weight. Outlier (25+) per Diem $7,671.00. Add-on payment, and lesser of 100% of billed charges. Outlier (25+) per Diem $7,671.00. Add-on payment, and lesser of 100% of billed charges.",,,,,,,,," ",25473.48,,,,,,,Case Rate,"Medicare Base Rate times Standard Inpatient Weight. 100 percent of Medicare DRG. Add-on payment,  . 100 percent of Medicare DRG. Add-on payment,  .",,,,,,,,," ",,73,,,,,0,Percent of total billed charges,73 percent of charges.  ; No services were performed during the 15 month look back period.,66151.63,,,,,,,Case Rate,"Medicare Base Rate times Standard Inpatient Weight. GMLOS + 8 Outlier per Diem $6,968.00. Add-on payment, and lesser of 100% of billed charges. GMLOS + 8 Outlier per Diem $6,968.00. Add-on payment, and lesser of 100% of billed charges.",25473.48,,,,,,,Case Rate,"Medicare Base Rate times Standard Inpatient Weight. 100 percent of Medicare DRG. Add-on payment, and lesser of 100% of billed charges. 100 percent of Medicare DRG. Add-on payment, and lesser of 100% of billed charges.",75289.2,,,,,,,Case Rate,"Medicare Base Rate times Standard Inpatient Weight. Add-on payment, and lesser of 100% of billed charges. Add-on payment, and lesser of 100% of billed charges.",25473.48,,,,,,,Case Rate,"Medicare Base Rate times Standard Inpatient Weight. 100 percent of Medicare DRG. Add-on payment, and lesser of 100% of billed charges. 100 percent of Medicare DRG. Add-on payment, and lesser of 100% of billed charges.",25473.48,,,,,,,Case Rate,"Medicare Base Rate times Standard Inpatient Weight. 100 percent of Medicare DRG. Add-on payment, and lesser of 100% of billed charges. 100 percent of Medicare DRG. Add-on payment, and lesser of 100% of billed charges.",,73,,,,,0,Percent of total billed charges,73 percent of charges.  ; No services were performed during the 15 month look back period.,,,,,,,,," ",,,,,,,,," ",,,,,,,,," ",,,,,,,,," ",75289.2,,,,,,,Case Rate,"Medicare Base Rate times Standard Inpatient Weight. Add-on payment, and lesser of 100% of billed charges. Add-on payment, and lesser of 100% of billed charges.",75289.2,,,,,,,Case Rate,"Medicare Base Rate times Standard Inpatient Weight. Add-on payment, and lesser of 100% of billed charges. Add-on payment, and lesser of 100% of billed charges.",,,,,,,,," ",75289.2,,,,,,,Case Rate,"Medicare Base Rate times Standard Inpatient Weight. Add-on payment, and lesser of 100% of billed charges. Add-on payment, and lesser of 100% of billed charges.",,,,,,,,," ",25473.48,,,,,,,Case Rate,"Medicare Base Rate times Standard Inpatient Weight. 100 percent of Medicare DRG. Add-on payment, . 100 percent of Medicare DRG. Add-on payment, .",75289.2,,,,,,,Case Rate,"Medicare Base Rate times Standard Inpatient Weight. Add-on payment, and lesser of 100% of billed charges. Add-on payment, and lesser of 100% of billed charges.",,73,,,,,0,Percent of total billed charges,73 percent of charges.  ; No services were performed during the 15 month look back period.,,,,,,,,," ",,,,,,,,," ",,73,,,,,0,Percent of total billed charges,73 percent of charges.  ; No services were performed during the 15 month look back period.,73567.19,,,,,,,Case Rate,"Medicare Base Rate times Standard Inpatient Weight. Outlier (25+) per Diem $7,671.00. Add-on payment, and lesser of 100% of billed charges. Outlier (25+) per Diem $7,671.00. Add-on payment, and lesser of 100% of billed charges.",70473.15,,,,,,,Case Rate,"Medicare Base Rate times Standard Inpatient Weight. AMLOS + 5 Outlier per Diem $7,167.00. Add-on payment, and lesser of 100% of billed charges. AMLOS + 5 Outlier per Diem $7,167.00. Add-on payment, and lesser of 100% of billed charges.",70473.15,,,,,,,Case Rate,"Medicare Base Rate times Standard Inpatient Weight. AMLOS + 5 Outlier per Diem $7,167.00. Add-on payment, and lesser of 100% of billed charges. AMLOS + 5 Outlier per Diem $7,167.00. Add-on payment, and lesser of 100% of billed charges.",,73,,,,,0,Percent of total billed charges,73 percent of charges.  ; No services were performed during the 15 month look back period.,25473.48,,,,,,,Case Rate,"Medicare Base Rate times Standard Inpatient Weight. 100 percent of Medicare DRG. Add-on payment,  . 100 percent of Medicare DRG. Add-on payment,  .",96879.02,,,,,,,Case Rate,"Medicare Base Rate times Standard Inpatient Weight. AMLOS + 5 Outlier per Diem $7,362.00. Add-on payment, and lesser of 100% of billed charges. AMLOS + 5 Outlier per Diem $7,362.00. Add-on payment, and lesser of 100% of billed charges.",96879.02,,,,,,,Case Rate,"Medicare Base Rate times Standard Inpatient Weight. AMLOS + 5 Outlier per Diem $7,362.00. Add-on payment, and lesser of 100% of billed charges. AMLOS + 5 Outlier per Diem $7,362.00. Add-on payment, and lesser of 100% of billed charges.",96879.02,,,,,,,Case Rate,"Medicare Base Rate times Standard Inpatient Weight. AMLOS + 5 Outlier per Diem $7,362.00. Add-on payment, and lesser of 100% of billed charges. AMLOS + 5 Outlier per Diem $7,362.00. Add-on payment, and lesser of 100% of billed charges.",25473.48,,,,,,,Case Rate,"Medicare Base Rate times Standard Inpatient Weight. 100 percent of Medicare DRG. Add-on payment,  . 100 percent of Medicare DRG. Add-on payment,  .",96879.02,,,,,,,Case Rate,"Medicare Base Rate times Standard Inpatient Weight. AMLOS + 5 Outlier per Diem $7,362.00. Add-on payment, and lesser of 100% of billed charges. AMLOS + 5 Outlier per Diem $7,362.00. Add-on payment, and lesser of 100% of billed charges.",96879.02,,,,,,,Case Rate,"Medicare Base Rate times Standard Inpatient Weight. AMLOS + 5 Outlier per Diem $7,362.00. Add-on payment, and lesser of 100% of billed charges. AMLOS + 5 Outlier per Diem $7,362.00. Add-on payment, and lesser of 100% of billed charges.",25473.48,,,,,,,Case Rate,"Medicare Base Rate times Standard Inpatient Weight. 100 percent of Medicare DRG. Add-on payment, and lesser of 100% of billed charges. 100 percent of Medicare DRG. Add-on payment, and lesser of 100% of billed charges.",110307.67,,,,,,,Case Rate,"Medicare Base Rate times Standard Inpatient Weight. GMLOS + 6 Outlier per Diem $11,932.00. Add-on payment, and lesser of 100% of billed charges. GMLOS + 6 Outlier per Diem $11,932.00. Add-on payment, and lesser of 100% of billed charges.",104687.67,,,,,,,Case Rate,"Medicare Base Rate times Standard Inpatient Weight. GMLOS + 6 Outlier per Diem $9,081.00 Add-on payment, and lesser of 100% of billed charges. GMLOS + 6 Outlier per Diem $9,081.00 Add-on payment, and lesser of 100% of billed charges.",104687.67,,,,,,,Case Rate,"Medicare Base Rate times Standard Inpatient Weight. GMLOS + 6 Outlier per Diem $9,081.00 Add-on payment, and lesser of 100% of billed charges. GMLOS + 6 Outlier per Diem $9,081.00 Add-on payment, and lesser of 100% of billed charges.",103122.9,,,,,,,Case Rate,"Medicare Base Rate times Standard Inpatient Weight. GMLOS + 6 Outlier per Diem $9,081.00 Add-on payment, and lesser of 100% of billed charges. GMLOS + 6 Outlier per Diem $9,081.00 Add-on payment, and lesser of 100% of billed charges.",115448.34,,,,,,,Case Rate,"Medicare Base Rate times Standard Inpatient Weight. GMLOS + 6 Outlier per Diem $9,081.00 Add-on payment, and lesser of 100% of billed charges. GMLOS + 6 Outlier per Diem $9,081.00 Add-on payment, and lesser of 100% of billed charges.",103122.9,,,,,,,Case Rate,"Medicare Base Rate times Standard Inpatient Weight. GMLOS + 6 Outlier per Diem $9,081.00 Add-on payment, and lesser of 100% of billed charges. GMLOS + 6 Outlier per Diem $9,081.00 Add-on payment, and lesser of 100% of billed charges.",104687.67,,,,,,,Case Rate,"Medicare Base Rate times Standard Inpatient Weight. GMLOS + 6 Outlier per Diem $9,081.00 Add-on payment, and lesser of 100% of billed charges. GMLOS + 6 Outlier per Diem $9,081.00 Add-on payment, and lesser of 100% of billed charges.",25473.48,,,,,,,Case Rate,"Medicare Base Rate times Standard Inpatient Weight. 100 percent of Medicare DRG. Add-on payment,  . 100 percent of Medicare DRG. Add-on payment,  .",25473.48,,,,,,,Case Rate,"Medicare Base Rate times Standard Inpatient Weight. 100 percent of Medicare DRG. Add-on payment,  . 100 percent of Medicare DRG. Add-on payment,  .",115448.34,,,,,,,Case Rate,"Medicare Base Rate times Standard Inpatient Weight. GMLOS + 6 Outlier per Diem $9,081.00 Add-on payment, and lesser of 100% of billed charges. GMLOS + 6 Outlier per Diem $9,081.00 Add-on payment, and lesser of 100% of billed charges.",,73,,,,,0,Percent of total billed charges,73 percent of charges.  ; No services were performed during the 15 month look back period.,,73,,,,,0,Percent of total billed charges,73 percent of charges.  ; No services were performed during the 15 month look back period.,,73,,,,,0,Percent of total billed charges,73 percent of charges.  ; No services were performed during the 15 month look back period.,,73,,,,,0,Percent of total billed charges,73 percent of charges.  ; No services were performed during the 15 month look back period.,,73,,,,,0,Percent of total billed charges,73 percent of charges.  ; No services were performed during the 15 month look back period.,,73,,,,,0,Percent of total billed charges,73 percent of charges.  ; No services were performed during the 15 month look back period.,,73,,,,,0,Percent of total billed charges,73 percent of charges.  ; No services were performed during the 15 month look back period.,,73,,,,,0,Percent of total billed charges,73 percent of charges.  ; No services were performed during the 15 month look back period.,,73,,,,,0,Percent of total billed charges,73 percent of charges.  ; No services were performed during the 15 month look back period.,,73,,,,,0,Percent of total billed charges,73 percent of charges.  ; No services were performed during the 15 month look back period.,,73,,,,,0,Percent of total billed charges,73 percent of charges.  ; No services were performed during the 15 month look back period.,,73,,,,,0,Percent of total billed charges,73 percent of charges.  ; No services were performed during the 15 month look back period.,,73,,,,,0,Percent of total billed charges,73 percent of charges.  ; No services were performed during the 15 month look back period.,,73,,,,,0,Percent of total billed charges,73 percent of charges.  ; No services were performed during the 15 month look back period.,,73,,,,,0,Percent of total billed charges,73 percent of charges.  ; No services were performed during the 15 month look back period.,,73,,,,,0,Percent of total billed charges,73 percent of charges.  ; No services were performed during the 15 month look back period.,,73,,,,,0,Percent of total billed charges,73 percent of charges.  ; No services were performed during the 15 month look back period.,,73,,,,,0,Percent of total billed charges,73 percent of charges.  ; No services were performed during the 15 month look back period.,,73,,,,,0,Percent of total billed charges,73 percent of charges.  ; No services were performed during the 15 month look back period.,,73,,,,,0,Percent of total billed charges,73 percent of charges.  ; No services were performed during the 15 month look back period.,,73,,,,,0,Percent of total billed charges,73 percent of charges.  ; No services were performed during the 15 month look back period.,,73,,,,,0,Percent of total billed charges,73 percent of charges.  ; No services were performed during the 15 month look back period.,,73,,,,,0,Percent of total billed charges,73 percent of charges.  ; No services were performed during the 15 month look back period.,,73,,,,,0,Percent of total billed charges,73 percent of charges.  ; No services were performed during the 15 month look back period.,,73,,,,,0,Percent of total billed charges,73 percent of charges.  ; No services were performed during the 15 month look back period.,,73,,,,,0,Percent of total billed charges,73 percent of charges.  ; No services were performed during the 15 month look back period.,75289.2,,,,,,,Case Rate,"Medicare Base Rate times Standard Inpatient Weight. Add-on payment, and lesser of 100% of billed charges. Add-on payment, and lesser of 100% of billed charges.",75289.2,,,,,,,Case Rate,"Medicare Base Rate times Standard Inpatient Weight. Add-on payment, and lesser of 100% of billed charges. Add-on payment, and lesser of 100% of billed charges.",75289.2,,,,,,,Case Rate,"Medicare Base Rate times Standard Inpatient Weight. Add-on payment, and lesser of 100% of billed charges. Add-on payment, and lesser of 100% of billed charges.",75289.2,,,,,,,Case Rate,"Medicare Base Rate times Standard Inpatient Weight. Add-on payment, and lesser of 100% of billed charges. Add-on payment, and lesser of 100% of billed charges.",74781.98,,,,,,,Case Rate,"Medicare Base Rate times Standard Inpatient Weight. Add-on payment, and lesser of 100% of billed charges. Add-on payment, and lesser of 100% of billed charges.",74781.98,,,,,,,Case Rate,"Medicare Base Rate times Standard Inpatient Weight. Add-on payment, and lesser of 100% of billed charges. Add-on payment, and lesser of 100% of billed charges.",73567.19,,,,,,,Case Rate,"Medicare Base Rate times Standard Inpatient Weight. Outlier (25+) per Diem $7,671.00. Add-on payment, and lesser of 100% of billed charges. Outlier (25+) per Diem $7,671.00. Add-on payment, and lesser of 100% of billed charges.",104687.67,,,,,,,Case Rate,"Medicare Base Rate times Standard Inpatient Weight. GMLOS + 6 Outlier per Diem $9,081.00 Add-on payment, and lesser of 100% of billed charges. GMLOS + 6 Outlier per Diem $9,081.00 Add-on payment, and lesser of 100% of billed charges.",96879.02,,,,,,,Case Rate,"Medicare Base Rate times Standard Inpatient Weight. AMLOS + 5 Outlier per Diem $7,362.00. Add-on payment, and lesser of 100% of billed charges. AMLOS + 5 Outlier per Diem $7,362.00. Add-on payment, and lesser of 100% of billed charges.",103122.9,,,,,,,Case Rate,"Medicare Base Rate times Standard Inpatient Weight. GMLOS + 6 Outlier per Diem $9,081.00 Add-on payment, and lesser of 100% of billed charges. GMLOS + 6 Outlier per Diem $9,081.00 Add-on payment, and lesser of 100% of billed charges.",,73,,,,,0,Percent of total billed charges,73 percent of charges.  ; No services were performed during the 15 month look back period.,74781.98,,,,,,,Case Rate,"Medicare Base Rate times Standard Inpatient Weight. Add-on payment, and lesser of 100% of billed charges. Add-on payment, and lesser of 100% of billed charges.",104687.67,,,,,,,Case Rate,"Medicare Base Rate times Standard Inpatient Weight. GMLOS + 6 Outlier per Diem $9,081.00 Add-on payment, and lesser of 100% of billed charges. GMLOS + 6 Outlier per Diem $9,081.00 Add-on payment, and lesser of 100% of billed charges.",96879.02,,,,,,,Case Rate,"Medicare Base Rate times Standard Inpatient Weight. AMLOS + 5 Outlier per Diem $7,362.00. Add-on payment, and lesser of 100% of billed charges. AMLOS + 5 Outlier per Diem $7,362.00. Add-on payment, and lesser of 100% of billed charges.",73567.19,,,,,,,Case Rate,"Medicare Base Rate times Standard Inpatient Weight. Outlier (25+) per Diem $7,671.00. Add-on payment, and lesser of 100% of billed charges. Outlier (25+) per Diem $7,671.00. Add-on payment, and lesser of 100% of billed charges.",,,,,,,,," ",,73,,,,,0,Percent of total billed charges,73 percent of charges.  ; No services were performed during the 15 month look back period.,,,,,,,,," ",75289.2,,,,,,,Case Rate,"Medicare Base Rate times Standard Inpatient Weight. Add-on payment, and lesser of 100% of billed charges. Add-on payment, and lesser of 100% of billed charges.",,,,,,,,," ",25473.48,,,,,,,Case Rate,"Medicare Base Rate times Standard Inpatient Weight. 100 percent of Medicare DRG. Add-on payment, . 100 percent of Medicare DRG. Add-on payment, .",25473.48,,,,,,,Case Rate,"Medicare Base Rate times Standard Inpatient Weight. 100 percent of Medicare DRG. Add-on payment,  . 100 percent of Medicare DRG. Add-on payment,  .",110307.67,,,,,,,Case Rate,"Medicare Base Rate times Standard Inpatient Weight. GMLOS + 6 Outlier per Diem $11,932.00. Add-on payment, and lesser of 100% of billed charges. GMLOS + 6 Outlier per Diem $11,932.00. Add-on payment, and lesser of 100% of billed charges.",25473.48,,,,,,,Case Rate,"Medicare Base Rate times Standard Inpatient Weight. 100 percent of Medicare DRG. Add-on payment,  . 100 percent of Medicare DRG. Add-on payment,  .",25473.48,,,,,,,Case Rate,"Medicare Base Rate times Standard Inpatient Weight. 100 percent of Medicare DRG. Add-on payment,  . 100 percent of Medicare DRG. Add-on payment,  .",,,,,,,,," ",25473.48,,,,,,,Case Rate,"Medicare Base Rate times Standard Inpatient Weight. 100 percent of Medicare DRG. Add-on payment,  . 100 percent of Medicare DRG. Add-on payment,  .",25473.48,,,,,,,Case Rate,"Medicare Base Rate times Standard Inpatient Weight. 100 percent of Medicare DRG. Add-on payment,  . 100 percent of Medicare DRG. Add-on payment,  .",66151.63,,,,,,,Case Rate,"Medicare Base Rate times Standard Inpatient Weight. GMLOS + 8 Outlier per Diem $6,968.00. Add-on payment, and lesser of 100% of billed charges. GMLOS + 8 Outlier per Diem $6,968.00. Add-on payment, and lesser of 100% of billed charges.",66151.63,,,,,,,Case Rate,"Medicare Base Rate times Standard Inpatient Weight. GMLOS + 8 Outlier per Diem $6,968.00. Add-on payment, and lesser of 100% of billed charges. GMLOS + 8 Outlier per Diem $6,968.00. Add-on payment, and lesser of 100% of billed charges.",25473.48,,,,,,,Case Rate,"Medicare Base Rate times Standard Inpatient Weight. 100 percent of Medicare DRG. Add-on payment,  . 100 percent of Medicare DRG. Add-on payment,  .",73567.19,,,,,,,Case Rate,"Medicare Base Rate times Standard Inpatient Weight. Outlier (25+) per Diem $7,671.00. Add-on payment, and lesser of 100% of billed charges. Outlier (25+) per Diem $7,671.00. Add-on payment, and lesser of 100% of billed charges.",96879.02,,,,,,,Case Rate,"Medicare Base Rate times Standard Inpatient Weight. AMLOS + 5 Outlier per Diem $7,362.00. Add-on payment, and lesser of 100% of billed charges. AMLOS + 5 Outlier per Diem $7,362.00. Add-on payment, and lesser of 100% of billed charges.",96879.02,,,,,,,Case Rate,"Medicare Base Rate times Standard Inpatient Weight. AMLOS + 5 Outlier per Diem $7,362.00. Add-on payment, and lesser of 100% of billed charges. AMLOS + 5 Outlier per Diem $7,362.00. Add-on payment, and lesser of 100% of billed charges.",25473.48,,,,,,,Case Rate,"Medicare Base Rate times Standard Inpatient Weight. 100 percent of Medicare DRG. Add-on payment,  . 100 percent of Medicare DRG. Add-on payment,  .",73567.19,,,,,,,Case Rate,"Medicare Base Rate times Standard Inpatient Weight. Outlier (25+) per Diem $7,671.00. Add-on payment, and lesser of 100% of billed charges. Outlier (25+) per Diem $7,671.00. Add-on payment, and lesser of 100% of billed charges.",66151.63,,,,,,,Case Rate,"Medicare Base Rate times Standard Inpatient Weight. GMLOS + 8 Outlier per Diem $6,968.00. Add-on payment, and lesser of 100% of billed charges. GMLOS + 8 Outlier per Diem $6,968.00. Add-on payment, and lesser of 100% of billed charges.",66151.63,,,,,,,Case Rate,"Medicare Base Rate times Standard Inpatient Weight. GMLOS + 8 Outlier per Diem $6,968.00. Add-on payment, and lesser of 100% of billed charges. GMLOS + 8 Outlier per Diem $6,968.00. Add-on payment, and lesser of 100% of billed charges.",66151.63,,,,,,,Case Rate,"Medicare Base Rate times Standard Inpatient Weight. GMLOS + 8 Outlier per Diem $6,968.00. Add-on payment, and lesser of 100% of billed charges. GMLOS + 8 Outlier per Diem $6,968.00. Add-on payment, and lesser of 100% of billed charges.",,73,,,,,0,Percent of total billed charges,73 percent of charges.  ; No services were performed during the 15 month look back period.,,73,,,,,0,Percent of total billed charges,73 percent of charges.  ; No services were performed during the 15 month look back period.,,73,,,,,0,Percent of total billed charges,73 percent of charges.  ; No services were performed during the 15 month look back period.,,73,,,,,0,Percent of total billed charges,73 percent of charges.  ; No services were performed during the 15 month look back period.,,73,,,,,0,Percent of total billed charges,73 percent of charges.  ; No services were performed during the 15 month look back period.,,73,,,,,0,Percent of total billed charges,73 percent of charges.  ; No services were performed during the 15 month look back period.,,73,,,,,0,Percent of total billed charges,73 percent of charges.  ; No services were performed during the 15 month look back period.,,73,,,,,0,Percent of total billed charges,73 percent of charges.  ; No services were performed during the 15 month look back period.,,73,,,,,0,Percent of total billed charges,73 percent of charges.  ; No services were performed during the 15 month look back period.,,73,,1632,1632,1632,1 through 10,Percent of total billed charges,"73 percent of charges.  ",,73,,,,,0,Percent of total billed charges,73 percent of charges.  ; No services were performed during the 15 month look back period.,74781.98,,,,,,,Case Rate,"Medicare Base Rate times Standard Inpatient Weight. Add-on payment, and lesser of 100% of billed charges. Add-on payment, and lesser of 100% of billed charges.",104687.67,,,,,,,Case Rate,"Medicare Base Rate times Standard Inpatient Weight. GMLOS + 6 Outlier per Diem $9,081.00 Add-on payment, and lesser of 100% of billed charges. GMLOS + 6 Outlier per Diem $9,081.00 Add-on payment, and lesser of 100% of billed charges.",73567.19,,,,,,,Case Rate,"Medicare Base Rate times Standard Inpatient Weight. Outlier (25+) per Diem $7,671.00. Add-on payment, and lesser of 100% of billed charges. Outlier (25+) per Diem $7,671.00. Add-on payment, and lesser of 100% of billed charges.",25473.48,,,,,,,Case Rate,"Medicare Base Rate times Standard Inpatient Weight. 100 percent of Medicare DRG. Add-on payment,  . 100 percent of Medicare DRG. Add-on payment,  .",66151.63,,,,,,,Case Rate,"Medicare Base Rate times Standard Inpatient Weight. GMLOS + 8 Outlier per Diem $6,968.00. Add-on payment, and lesser of 100% of billed charges. GMLOS + 8 Outlier per Diem $6,968.00. Add-on payment, and lesser of 100% of billed charges.",73567.19,,,,,,,Case Rate,"Medicare Base Rate times Standard Inpatient Weight. Outlier (25+) per Diem $7,671.00. Add-on payment, and lesser of 100% of billed charges. Outlier (25+) per Diem $7,671.00. Add-on payment, and lesser of 100% of billed charges.",73567.19,,,,,,,Case Rate,"Medicare Base Rate times Standard Inpatient Weight. Outlier (25+) per Diem $7,671.00. Add-on payment, and lesser of 100% of billed charges. Outlier (25+) per Diem $7,671.00. Add-on payment, and lesser of 100% of billed charges.",,73,,,,,0,Percent of total billed charges,73 percent of charges.  ; No services were performed during the 15 month look back period.,,,,,,,,," ",73567.19,,,,,,,Case Rate,"Medicare Base Rate times Standard Inpatient Weight. Outlier (25+) per Diem $7,671.00. Add-on payment, and lesser of 100% of billed charges. Outlier (25+) per Diem $7,671.00. Add-on payment, and lesser of 100% of billed charges.",,,,,,,,," ",25473.48,,,,,,,Case Rate,"Medicare Base Rate times Standard Inpatient Weight. 100 percent of Medicare DRG. Add-on payment,  . 100 percent of Medicare DRG. Add-on payment,  .",25473.48,,,,,,,Case Rate,"Medicare Base Rate times Standard Inpatient Weight. 100 percent of Medicare DRG. Add-on payment,  . 100 percent of Medicare DRG. Add-on payment,  .",25473.48,,,,,,,Case Rate,"Medicare Base Rate times Standard Inpatient Weight. 100 percent of Medicare DRG. Add-on payment,  . 100 percent of Medicare DRG. Add-on payment,  .",25473.48,,,,,,,Case Rate,"Medicare Base Rate times Standard Inpatient Weight. 100 percent of Medicare DRG. Add-on payment,  . 100 percent of Medicare DRG. Add-on payment,  .",25473.48,,,,,,,Case Rate,"Medicare Base Rate times Standard Inpatient Weight. 100 percent of Medicare DRG. Add-on payment,  . 100 percent of Medicare DRG. Add-on payment,  .",25473.48,,,,,,,Case Rate,"Medicare Base Rate times Standard Inpatient Weight. 100 percent of Medicare DRG. Add-on payment,  . 100 percent of Medicare DRG. Add-on payment,  .",73567.19,,,,,,,Case Rate,"Medicare Base Rate times Standard Inpatient Weight. Outlier (25+) per Diem $7,671.00. Add-on payment, and lesser of 100% of billed charges. Outlier (25+) per Diem $7,671.00. Add-on payment, and lesser of 100% of billed charges.",110307.67,,,,,,,Case Rate,"Medicare Base Rate times Standard Inpatient Weight. GMLOS + 6 Outlier per Diem $11,932.00. Add-on payment, and lesser of 100% of billed charges. GMLOS + 6 Outlier per Diem $11,932.00. Add-on payment, and lesser of 100% of billed charges.",,,,,,,,," ",,,,,,,,," ",,,,,,,,," ",,,,,,,,," ",,,,,,,,," ",,,,,,,,," ",110307.67,,,,,,,Case Rate,"Medicare Base Rate times Standard Inpatient Weight. GMLOS + 6 Outlier per Diem $11,932.00. Add-on payment, and lesser of 100% of billed charges. GMLOS + 6 Outlier per Diem $11,932.00. Add-on payment, and lesser of 100% of billed charges.",66750.82,,,,,,,Case Rate,. 200 percent of Medicare 200 percent of Medicare,66750.82,,,,,,,Case Rate,. 200 percent of Medicare 200 percent of Medicare,66750.82,,,,,,,Case Rate,. 200 percent of Medicare 200 percent of Medicare,66750.82,,,,,,,Case Rate,. 200 percent of Medicare 200 percent of Medicare,66750.82,,,,,,,Case Rate,. 200 percent of Medicare 200 percent of Medicare,25473.48,,,,,,,Case Rate,"Medicare Base Rate times Standard Inpatient Weight. 100 percent of Medicare DRG. Add-on payment,  . 100 percent of Medicare DRG. Add-on payment,  .",74781.98,,,,,,,Case Rate,"Medicare Base Rate times Standard Inpatient Weight. Add-on payment, and lesser of 100% of billed charges. Add-on payment, and lesser of 100% of billed charges.",74781.98,,,,,,,Case Rate,"Medicare Base Rate times Standard Inpatient Weight. Add-on payment, and lesser of 100% of billed charges. Add-on payment, and lesser of 100% of billed charges.",74781.98,,,,,,,Case Rate,"Medicare Base Rate times Standard Inpatient Weight. Add-on payment, and lesser of 100% of billed charges. Add-on payment, and lesser of 100% of billed charges.",74781.98,,,,,,,Case Rate,"Medicare Base Rate times Standard Inpatient Weight. Add-on payment, and lesser of 100% of billed charges. Add-on payment, and lesser of 100% of billed charges.",66151.63,,,,,,,Case Rate,"Medicare Base Rate times Standard Inpatient Weight. GMLOS + 8 Outlier per Diem $6,968.00. Add-on payment, and lesser of 100% of billed charges. GMLOS + 8 Outlier per Diem $6,968.00. Add-on payment, and lesser of 100% of billed charges.",66151.63,,,,,,,Case Rate,"Medicare Base Rate times Standard Inpatient Weight. GMLOS + 8 Outlier per Diem $6,968.00. Add-on payment, and lesser of 100% of billed charges. GMLOS + 8 Outlier per Diem $6,968.00. Add-on payment, and lesser of 100% of billed charges.",66151.63,,,,,,,Case Rate,"Medicare Base Rate times Standard Inpatient Weight. GMLOS + 8 Outlier per Diem $6,968.00. Add-on payment, and lesser of 100% of billed charges. GMLOS + 8 Outlier per Diem $6,968.00. Add-on payment, and lesser of 100% of billed charges.",66151.63,,,,,,,Case Rate,"Medicare Base Rate times Standard Inpatient Weight. GMLOS + 8 Outlier per Diem $6,968.00. Add-on payment, and lesser of 100% of billed charges. GMLOS + 8 Outlier per Diem $6,968.00. Add-on payment, and lesser of 100% of billed charges.",110307.67,,,,,,,Case Rate,"Medicare Base Rate times Standard Inpatient Weight. GMLOS + 6 Outlier per Diem $11,932.00. Add-on payment, and lesser of 100% of billed charges. GMLOS + 6 Outlier per Diem $11,932.00. Add-on payment, and lesser of 100% of billed charges.",110307.67,,,,,,,Case Rate,"Medicare Base Rate times Standard Inpatient Weight. GMLOS + 6 Outlier per Diem $11,932.00. Add-on payment, and lesser of 100% of billed charges. GMLOS + 6 Outlier per Diem $11,932.00. Add-on payment, and lesser of 100% of billed charges.",25473.48,,,,,,,Case Rate,"Medicare Base Rate times Standard Inpatient Weight. 100 percent of Medicare DRG. Add-on payment,  . 100 percent of Medicare DRG. Add-on payment,  .",25473.48,,,,,,,Case Rate,"Medicare Base Rate times Standard Inpatient Weight. 100 percent of Medicare DRG. Add-on payment,  . 100 percent of Medicare DRG. Add-on payment,  .",25473.48,,,,,,,Case Rate,"Medicare Base Rate times Standard Inpatient Weight. 100 percent of Medicare DRG. Add-on payment,  . 100 percent of Medicare DRG. Add-on payment,  .",104687.67,,,,,,,Case Rate,"Medicare Base Rate times Standard Inpatient Weight. GMLOS + 6 Outlier per Diem $9,081.00 Add-on payment, and lesser of 100% of billed charges. GMLOS + 6 Outlier per Diem $9,081.00 Add-on payment, and lesser of 100% of billed charges.",104687.67,,,,,,,Case Rate,"Medicare Base Rate times Standard Inpatient Weight. GMLOS + 6 Outlier per Diem $9,081.00 Add-on payment, and lesser of 100% of billed charges. GMLOS + 6 Outlier per Diem $9,081.00 Add-on payment, and lesser of 100% of billed charges.",104687.67,,,,,,,Case Rate,"Medicare Base Rate times Standard Inpatient Weight. GMLOS + 6 Outlier per Diem $9,081.00 Add-on payment, and lesser of 100% of billed charges. GMLOS + 6 Outlier per Diem $9,081.00 Add-on payment, and lesser of 100% of billed charges.",110307.67,,,,,,,Case Rate,"Medicare Base Rate times Standard Inpatient Weight. GMLOS + 6 Outlier per Diem $11,932.00. Add-on payment, and lesser of 100% of billed charges. GMLOS + 6 Outlier per Diem $11,932.00. Add-on payment, and lesser of 100% of billed charges.",66151.63,,,,,,,Case Rate,"Medicare Base Rate times Standard Inpatient Weight. GMLOS + 8 Outlier per Diem $6,968.00. Add-on payment, and lesser of 100% of billed charges. GMLOS + 8 Outlier per Diem $6,968.00. Add-on payment, and lesser of 100% of billed charges.",25473.48,,,,,,,Case Rate,"Medicare Base Rate times Standard Inpatient Weight. 100 percent of Medicare DRG. Add-on payment,  . 100 percent of Medicare DRG. Add-on payment,  .",103122.9,,,,,,,Case Rate,"Medicare Base Rate times Standard Inpatient Weight. GMLOS + 6 Outlier per Diem $9,081.00 Add-on payment, and lesser of 100% of billed charges. GMLOS + 6 Outlier per Diem $9,081.00 Add-on payment, and lesser of 100% of billed charges.",,,,,,,,," ",25982.95,,,,,,,Case Rate,"Medicare Base Rate times Standard Inpatient Weight. 100 percent of Medicare DRG. Add-on payment, and lesser of 100% of billed charges. 100 percent of Medicare DRG. Add-on payment, and lesser of 100% of billed charges.",25982.95,,,,,,,Case Rate,"Medicare Base Rate times Standard Inpatient Weight. 100 percent of Medicare DRG. Add-on payment, and lesser of 100% of billed charges. 100 percent of Medicare DRG. Add-on payment, and lesser of 100% of billed charges.",25982.95,,,,,,,Case Rate,"Medicare Base Rate times Standard Inpatient Weight. 100 percent of Medicare DRG. Add-on payment, and lesser of 100% of billed charges. 100 percent of Medicare DRG. Add-on payment, and lesser of 100% of billed charges.",,,,,,,,," ",,,,,,,,," ",,,,,,,,," ",,,,,,,,," ",,,,,,,,," ",,,,,,,,," ",25982.95,,,,,,,Case Rate,"Medicare Base Rate times Standard Inpatient Weight. 100 percent of Medicare DRG. Add-on payment, and lesser of 100% of billed charges. 100 percent of Medicare DRG. Add-on payment, and lesser of 100% of billed charges.",,,,,,,,," ",,,,,,,,," ",,,,,,,,," ",,,,,,,,," ",,,,,,,,," ",,,,,,,,," ",,,,,,,,," ",25473.48,,,,,,,Case Rate,"Medicare Base Rate times Standard Inpatient Weight. 100 percent of Medicare DRG. Add-on payment,  . 100 percent of Medicare DRG. Add-on payment,  .",25473.48,,,,,,,Case Rate,"Medicare Base Rate times Standard Inpatient Weight. 100 percent of Medicare DRG. Add-on payment,  . 100 percent of Medicare DRG. Add-on payment,  .",66151.63,,,,,,,Case Rate,"Medicare Base Rate times Standard Inpatient Weight. GMLOS + 8 Outlier per Diem $6,968.00. Add-on payment, and lesser of 100% of billed charges. GMLOS + 8 Outlier per Diem $6,968.00. Add-on payment, and lesser of 100% of billed charges.",25473.48,,,,,,,Case Rate,"Medicare Base Rate times Standard Inpatient Weight. 100 percent of Medicare DRG. Add-on payment,  . 100 percent of Medicare DRG. Add-on payment,  .",,,,,,,,," ",,,,,,,,," ",,,,,,,,," ",,,,,,,,," ",,,,,,,,," ",,,,,,,,," ",,,,,,,,," ",,,,,,,,," ",,,,,,,,," ",,,,,,,,," ",,,,,,,,," ",110307.67,,,,,,,Case Rate,"Medicare Base Rate times Standard Inpatient Weight. GMLOS + 6 Outlier per Diem $11,932.00. Add-on payment, and lesser of 100% of billed charges. GMLOS + 6 Outlier per Diem $11,932.00. Add-on payment, and lesser of 100% of billed charges.",,,,,,,,," ",,,,,,,,," ",,,,,,,,," ",,,,,,,,," ",104687.67,,,,,,,Case Rate,"Medicare Base Rate times Standard Inpatient Weight. GMLOS + 6 Outlier per Diem $9,081.00 Add-on payment, and lesser of 100% of billed charges. GMLOS + 6 Outlier per Diem $9,081.00 Add-on payment, and lesser of 100% of billed charges.",103122.9,,,,,,,Case Rate,"Medicare Base Rate times Standard Inpatient Weight. GMLOS + 6 Outlier per Diem $9,081.00 Add-on payment, and lesser of 100% of billed charges. GMLOS + 6 Outlier per Diem $9,081.00 Add-on payment, and lesser of 100% of billed charges.",25473.48,,,,,,,Case Rate,"Medicare Base Rate times Standard Inpatient Weight. 100 percent of Medicare DRG. Add-on payment,  . 100 percent of Medicare DRG. Add-on payment,  .",103122.9,,,,,,,Case Rate,"Medicare Base Rate times Standard Inpatient Weight. GMLOS + 6 Outlier per Diem $9,081.00 Add-on payment, and lesser of 100% of billed charges. GMLOS + 6 Outlier per Diem $9,081.00 Add-on payment, and lesser of 100% of billed charges.",104687.67,,,,,,,Case Rate,"Medicare Base Rate times Standard Inpatient Weight. GMLOS + 6 Outlier per Diem $9,081.00 Add-on payment, and lesser of 100% of billed charges. GMLOS + 6 Outlier per Diem $9,081.00 Add-on payment, and lesser of 100% of billed charges.",104687.67,,,,,,,Case Rate,"Medicare Base Rate times Standard Inpatient Weight. GMLOS + 6 Outlier per Diem $9,081.00 Add-on payment, and lesser of 100% of billed charges. GMLOS + 6 Outlier per Diem $9,081.00 Add-on payment, and lesser of 100% of billed charges.",103122.9,,,,,,,Case Rate,"Medicare Base Rate times Standard Inpatient Weight. GMLOS + 6 Outlier per Diem $9,081.00 Add-on payment, and lesser of 100% of billed charges. GMLOS + 6 Outlier per Diem $9,081.00 Add-on payment, and lesser of 100% of billed charges.",25473.48,,,,,,,Case Rate,"Medicare Base Rate times Standard Inpatient Weight. 100 percent of Medicare DRG. Add-on payment,  . 100 percent of Medicare DRG. Add-on payment,  .",103122.9,,,,,,,Case Rate,"Medicare Base Rate times Standard Inpatient Weight. GMLOS + 6 Outlier per Diem $9,081.00 Add-on payment, and lesser of 100% of billed charges. GMLOS + 6 Outlier per Diem $9,081.00 Add-on payment, and lesser of 100% of billed charges.",104687.67,,,,,,,Case Rate,"Medicare Base Rate times Standard Inpatient Weight. GMLOS + 6 Outlier per Diem $9,081.00 Add-on payment, and lesser of 100% of billed charges. GMLOS + 6 Outlier per Diem $9,081.00 Add-on payment, and lesser of 100% of billed charges.",66151.63,,,,,,,Case Rate,"Medicare Base Rate times Standard Inpatient Weight. GMLOS + 8 Outlier per Diem $6,968.00. Add-on payment, and lesser of 100% of billed charges. GMLOS + 8 Outlier per Diem $6,968.00. Add-on payment, and lesser of 100% of billed charges.",,,,,,,,," ",,,,,,,,," ",,,,,,,,," ",,,,,,,,," ",,,,,,,,," ",,,,,,,,," ",,,,,,,,," ",,,,,,,,," ",,,,,,,,," ",,,,,,,,," ",,,,,,,,," ",,,,,,,,," ",,,,,,,,," ",,,,,,,,," ",73567.19,,,,,,,Case Rate,"Medicare Base Rate times Standard Inpatient Weight. Outlier (25+) per Diem $7,671.00. Add-on payment, and lesser of 100% of billed charges. Outlier (25+) per Diem $7,671.00. Add-on payment, and lesser of 100% of billed charges.",,,,,,,,," ",25473.48,,,,,,,Case Rate,"Medicare Base Rate times Standard Inpatient Weight. 100 percent of Medicare DRG. Add-on payment,  . 100 percent of Medicare DRG. Add-on payment,  .",81391.06,,,,,,,Case Rate,Medicare Base Rate times Standard Inpatient Weight. Local 1199 High/Low day Outlier Local 1199 High/Low day Outlier,25473.48,,,,,,,Case Rate,"Medicare Base Rate times Standard Inpatient Weight. 100 percent of Medicare DRG. Add-on payment,  . 100 percent of Medicare DRG. Add-on payment,  .",25473.48,,,,,,,Case Rate,"Medicare Base Rate times Standard Inpatient Weight. 100 percent of Medicare DRG. Add-on payment,  . 100 percent of Medicare DRG. Add-on payment,  .",,,,,,,,," ",,,,,,,,," ",,,,,,,,," ",,,,,,,,," ",,,,,,,,," ",63998.48,,,,,,,Case Rate,"Medicare Base Rate times Standard Inpatient Weight. GMLOS + 8 Outlier per Diem $4,623.00. Add-on payment, and lesser of 100% of billed charges. GMLOS + 8 Outlier per Diem $4,623.00. Add-on payment, and lesser of 100% of billed charges.",66151.63,,,,,,,Case Rate,"Medicare Base Rate times Standard Inpatient Weight. GMLOS + 8 Outlier per Diem $6,968.00. Add-on payment, and lesser of 100% of billed charges. GMLOS + 8 Outlier per Diem $6,968.00. Add-on payment, and lesser of 100% of billed charges.",75289.2,,,,,,,Case Rate,"Medicare Base Rate times Standard Inpatient Weight. Add-on payment, and lesser of 100% of billed charges. Add-on payment, and lesser of 100% of billed charges.",73567.19,,,,,,,Case Rate,"Medicare Base Rate times Standard Inpatient Weight. Outlier (25+) per Diem $7,671.00. Add-on payment, and lesser of 100% of billed charges. Outlier (25+) per Diem $7,671.00. Add-on payment, and lesser of 100% of billed charges.",25473.48,,,,,,,Case Rate,"Medicare Base Rate times Standard Inpatient Weight. 100 percent of Medicare DRG. Add-on payment, . 100 percent of Medicare DRG. Add-on payment, .",25473.48,,,,,,,Case Rate,"Medicare Base Rate times Standard Inpatient Weight. 100 percent of Medicare DRG. Add-on payment,  . 100 percent of Medicare DRG. Add-on payment,  .",25473.48,,,,,,,Case Rate,"Medicare Base Rate times Standard Inpatient Weight. 100 percent of Medicare DRG. Add-on payment,  . 100 percent of Medicare DRG. Add-on payment,  .",25473.48,,,,,,,Case Rate,"Medicare Base Rate times Standard Inpatient Weight. 100 percent of Medicare DRG. Add-on payment,  . 100 percent of Medicare DRG. Add-on payment,  .",25473.48,,,,,,,Case Rate,"Medicare Base Rate times Standard Inpatient Weight. 100 percent of Medicare DRG. Add-on payment, . 100 percent of Medicare DRG. Add-on payment, .",25473.48,,,,,,,Case Rate,"Medicare Base Rate times Standard Inpatient Weight. 100 percent of Medicare DRG. Add-on payment,  . 100 percent of Medicare DRG. Add-on payment,  .",,,,,,,,," ",,,,,,,,," ",,,,,,,,," ",104687.67,,,,,,,Case Rate,"Medicare Base Rate times Standard Inpatient Weight. GMLOS + 6 Outlier per Diem $9,081.00 Add-on payment, and lesser of 100% of billed charges. GMLOS + 6 Outlier per Diem $9,081.00 Add-on payment, and lesser of 100% of billed charges.",63998.48,,,,,,,Case Rate,"Medicare Base Rate times Standard Inpatient Weight. GMLOS + 8 Outlier per Diem $4,623.00. Add-on payment, and lesser of 100% of billed charges. GMLOS + 8 Outlier per Diem $4,623.00. Add-on payment, and lesser of 100% of billed charges.",63998.48,,,,,,,Case Rate,"Medicare Base Rate times Standard Inpatient Weight. GMLOS + 8 Outlier per Diem $4,623.00. Add-on payment, and lesser of 100% of billed charges. GMLOS + 8 Outlier per Diem $4,623.00. Add-on payment, and lesser of 100% of billed charges.",63998.48,,,,,,,Case Rate,"Medicare Base Rate times Standard Inpatient Weight. GMLOS + 8 Outlier per Diem $4,623.00. Add-on payment, and lesser of 100% of billed charges. GMLOS + 8 Outlier per Diem $4,623.00. Add-on payment, and lesser of 100% of billed charges.",63998.48,,,,,,,Case Rate,"Medicare Base Rate times Standard Inpatient Weight. GMLOS + 8 Outlier per Diem $4,623.00. Add-on payment, and lesser of 100% of billed charges. GMLOS + 8 Outlier per Diem $4,623.00. Add-on payment, and lesser of 100% of billed charges.",25473.48,,,,,,,Case Rate,"Medicare Base Rate times Standard Inpatient Weight. 100 percent of Medicare DRG. Add-on payment,  . 100 percent of Medicare DRG. Add-on payment,  .",,,,,,,,," ",104687.67,,,,,,,Case Rate,"Medicare Base Rate times Standard Inpatient Weight. GMLOS + 6 Outlier per Diem $9,081.00 Add-on payment, and lesser of 100% of billed charges. GMLOS + 6 Outlier per Diem $9,081.00 Add-on payment, and lesser of 100% of billed charges.",,,,,,,,," ",25473.48,,,,,,,Case Rate,"Medicare Base Rate times Standard Inpatient Weight. 100 percent of Medicare DRG. Add-on payment,  . 100 percent of Medicare DRG. Add-on payment,  .",,,,,,,,," ",25473.48,,,,,,,Case Rate,"Medicare Base Rate times Standard Inpatient Weight. 100 percent of Medicare DRG. Add-on payment,  . 100 percent of Medicare DRG. Add-on payment,  .",25473.48,,,,,,,Case Rate,"Medicare Base Rate times Standard Inpatient Weight. 100 percent of Medicare DRG. Add-on payment,  . 100 percent of Medicare DRG. Add-on payment,  .",,,,,,,,," ",,,,,,,,," ",63998.48,,,,,,,Case Rate,"Medicare Base Rate times Standard Inpatient Weight. GMLOS + 8 Outlier per Diem $4,623.00. Add-on payment, and lesser of 100% of billed charges. GMLOS + 8 Outlier per Diem $4,623.00. Add-on payment, and lesser of 100% of billed charges.",73567.19,,,,,,,Case Rate,"Medicare Base Rate times Standard Inpatient Weight. Outlier (25+) per Diem $7,671.00. Add-on payment, and lesser of 100% of billed charges. Outlier (25+) per Diem $7,671.00. Add-on payment, and lesser of 100% of billed charges.",,73,,,,,0,Percent of total billed charges,73 percent of charges.  ; No services were performed during the 15 month look back period.,96879.02,,,,,,,Case Rate,"Medicare Base Rate times Standard Inpatient Weight. AMLOS + 5 Outlier per Diem $7,362.00. Add-on payment, and lesser of 100% of billed charges. AMLOS + 5 Outlier per Diem $7,362.00. Add-on payment, and lesser of 100% of billed charges.",96879.02,,,,,,,Case Rate,"Medicare Base Rate times Standard Inpatient Weight. AMLOS + 5 Outlier per Diem $7,362.00. Add-on payment, and lesser of 100% of billed charges. AMLOS + 5 Outlier per Diem $7,362.00. Add-on payment, and lesser of 100% of billed charges.",66151.63,,,,,,,Case Rate,"Medicare Base Rate times Standard Inpatient Weight. GMLOS + 8 Outlier per Diem $6,968.00. Add-on payment, and lesser of 100% of billed charges. GMLOS + 8 Outlier per Diem $6,968.00. Add-on payment, and lesser of 100% of billed charges.",23690.34,,,,,,,Case Rate,"Medicare Base Rate times Standard Inpatient Weight. 93 percent of Medicare DRG. Add-on payment, and lesser of 100% of billed charges. 93 percent of Medicare DRG. Add-on payment, and lesser of 100% of billed charges.",74781.98,,,,,,,Case Rate,"Medicare Base Rate times Standard Inpatient Weight. Add-on payment, and lesser of 100% of billed charges. Add-on payment, and lesser of 100% of billed charges.",74781.98,,,,,,,Case Rate,"Medicare Base Rate times Standard Inpatient Weight. Add-on payment, and lesser of 100% of billed charges. Add-on payment, and lesser of 100% of billed charges.",82499.33,,,,,,,Case Rate,"Medicare Base Rate times Standard Inpatient Weight. GMLOS + 6 Outlier per Diem $7,265.00 Add-on payment, and lesser of 100% of billed charges. GMLOS + 6 Outlier per Diem $7,265.00 Add-on payment, and lesser of 100% of billed charges.",104687.67,,,,,,,Case Rate,"Medicare Base Rate times Standard Inpatient Weight. GMLOS + 6 Outlier per Diem $9,081.00 Add-on payment, and lesser of 100% of billed charges. GMLOS + 6 Outlier per Diem $9,081.00 Add-on payment, and lesser of 100% of billed charges.",25473.48,,,,,,,Case Rate,"Medicare Base Rate times Standard Inpatient Weight. 100 percent of Medicare DRG. Add-on payment,  . 100 percent of Medicare DRG. Add-on payment,  .",25473.48,,,,,,,Case Rate,"Medicare Base Rate times Standard Inpatient Weight. 100 percent of Medicare DRG. Add-on payment,  . 100 percent of Medicare DRG. Add-on payment,  .",25473.48,,,,,,,Case Rate,"Medicare Base Rate times Standard Inpatient Weight. 100 percent of Medicare DRG. Add-on payment,  . 100 percent of Medicare DRG. Add-on payment,  .",25473.48,,,,,,,Case Rate,"Medicare Base Rate times Standard Inpatient Weight. 100 percent of Medicare DRG. Add-on payment,  . 100 percent of Medicare DRG. Add-on payment,  .",96879.02,,,,,,,Case Rate,"Medicare Base Rate times Standard Inpatient Weight. AMLOS + 5 Outlier per Diem $7,362.00. Add-on payment, and lesser of 100% of billed charges. AMLOS + 5 Outlier per Diem $7,362.00. Add-on payment, and lesser of 100% of billed charges.",104687.67,,,,,,,Case Rate,"Medicare Base Rate times Standard Inpatient Weight. GMLOS + 6 Outlier per Diem $9,081.00 Add-on payment, and lesser of 100% of billed charges. GMLOS + 6 Outlier per Diem $9,081.00 Add-on payment, and lesser of 100% of billed charges.",104687.67,,,,,,,Case Rate,"Medicare Base Rate times Standard Inpatient Weight. GMLOS + 6 Outlier per Diem $9,081.00 Add-on payment, and lesser of 100% of billed charges. GMLOS + 6 Outlier per Diem $9,081.00 Add-on payment, and lesser of 100% of billed charges.",25473.48,,,,,,,Case Rate,"Medicare Base Rate times Standard Inpatient Weight. 100 percent of Medicare DRG. Add-on payment,  . 100 percent of Medicare DRG. Add-on payment,  .",82499.33,,,,,,,Case Rate,"Medicare Base Rate times Standard Inpatient Weight. GMLOS + 6 Outlier per Diem $7,265.00 Add-on payment, and lesser of 100% of billed charges. GMLOS + 6 Outlier per Diem $7,265.00 Add-on payment, and lesser of 100% of billed charges.",75289.2,,,,,,,Case Rate,"Medicare Base Rate times Standard Inpatient Weight. Add-on payment, and lesser of 100% of billed charges. Add-on payment, and lesser of 100% of billed charges.",,,,,,,,," ",,,,,,,,," ",63998.48,,,,,,,Case Rate,"Medicare Base Rate times Standard Inpatient Weight. GMLOS + 8 Outlier per Diem $4,623.00. Add-on payment, and lesser of 100% of billed charges. GMLOS + 8 Outlier per Diem $4,623.00. Add-on payment, and lesser of 100% of billed charges.",92811.12,,,,,,,Case Rate,"Medicare Base Rate times Standard Inpatient Weight. GMLOS + 6 Outlier per Diem $8,173.00 Add-on payment, and lesser of 100% of billed charges. GMLOS + 6 Outlier per Diem $8,173.00 Add-on payment, and lesser of 100% of billed charges.",104687.67,,,,,,,Case Rate,"Medicare Base Rate times Standard Inpatient Weight. GMLOS + 6 Outlier per Diem $9,081.00 Add-on payment, and lesser of 100% of billed charges. GMLOS + 6 Outlier per Diem $9,081.00 Add-on payment, and lesser of 100% of billed charges.",104687.67,,,,,,,Case Rate,"Medicare Base Rate times Standard Inpatient Weight. GMLOS + 6 Outlier per Diem $9,081.00 Add-on payment, and lesser of 100% of billed charges. GMLOS + 6 Outlier per Diem $9,081.00 Add-on payment, and lesser of 100% of billed charges.",76004.38,,,,,,,Case Rate,"Medicare Base Rate times Standard Inpatient Weight. GMLOS + 6 Outlier per Diem $8,221.00. Add-on payment, and lesser of 100% of billed charges. GMLOS + 6 Outlier per Diem $8,221.00. Add-on payment, and lesser of 100% of billed charges.",25473.48,,,,,,,Case Rate,"Medicare Base Rate times Standard Inpatient Weight. 100 percent of Medicare DRG. Add-on payment, . 100 percent of Medicare DRG. Add-on payment, .",,,,,,,,," ",,,,,,,,," ",,,,,,,,," ",,,,,,,,," ",96879.02,,,,,,,Case Rate,"Medicare Base Rate times Standard Inpatient Weight. AMLOS + 5 Outlier per Diem $7,362.00. Add-on payment, and lesser of 100% of billed charges. AMLOS + 5 Outlier per Diem $7,362.00. Add-on payment, and lesser of 100% of billed charges.",,,,,,,,," ",,,,,,,,," ",,,,,,,,," ",,,,,,,,," ",,,,,,,,," ",,,,,,,,," ",,,,,,,,," ",25473.48,,,,,,,Case Rate,"Medicare Base Rate times Standard Inpatient Weight. 100 percent of Medicare DRG. Add-on payment,  . 100 percent of Medicare DRG. Add-on payment,  .",96879.02,,,,,,,Case Rate,"Medicare Base Rate times Standard Inpatient Weight. AMLOS + 5 Outlier per Diem $7,362.00. Add-on payment, and lesser of 100% of billed charges. AMLOS + 5 Outlier per Diem $7,362.00. Add-on payment, and lesser of 100% of billed charges.",25473.48,,,,,,,Case Rate,"Medicare Base Rate times Standard Inpatient Weight. 100 percent of Medicare DRG. Add-on payment,  . 100 percent of Medicare DRG. Add-on payment,  .",,,,,,,,," ",104687.67,,,,,,,Case Rate,"Medicare Base Rate times Standard Inpatient Weight. GMLOS + 6 Outlier per Diem $9,081.00 Add-on payment, and lesser of 100% of billed charges. GMLOS + 6 Outlier per Diem $9,081.00 Add-on payment, and lesser of 100% of billed charges.",25473.48,,,,,,,Case Rate,"Medicare Base Rate times Standard Inpatient Weight. 100 percent of Medicare DRG. Add-on payment,  . 100 percent of Medicare DRG. Add-on payment,  .",104687.67,,,,,,,Case Rate,"Medicare Base Rate times Standard Inpatient Weight. GMLOS + 6 Outlier per Diem $9,081.00 Add-on payment, and lesser of 100% of billed charges. GMLOS + 6 Outlier per Diem $9,081.00 Add-on payment, and lesser of 100% of billed charges.",104687.67,,,,,,,Case Rate,"Medicare Base Rate times Standard Inpatient Weight. GMLOS + 6 Outlier per Diem $9,081.00 Add-on payment, and lesser of 100% of billed charges. GMLOS + 6 Outlier per Diem $9,081.00 Add-on payment, and lesser of 100% of billed charges.",104687.67,,,,,,,Case Rate,"Medicare Base Rate times Standard Inpatient Weight. GMLOS + 6 Outlier per Diem $9,081.00 Add-on payment, and lesser of 100% of billed charges. GMLOS + 6 Outlier per Diem $9,081.00 Add-on payment, and lesser of 100% of billed charges.",,,,,,,,," ",25473.48,,,,,,,Case Rate,"Medicare Base Rate times Standard Inpatient Weight. 100 percent of Medicare DRG. Add-on payment,  . 100 percent of Medicare DRG. Add-on payment,  .",104687.67,,,,,,,Case Rate,"Medicare Base Rate times Standard Inpatient Weight. GMLOS + 6 Outlier per Diem $9,081.00 Add-on payment, and lesser of 100% of billed charges. GMLOS + 6 Outlier per Diem $9,081.00 Add-on payment, and lesser of 100% of billed charges.",,,,,,,,," ",104687.67,,,,,,,Case Rate,"Medicare Base Rate times Standard Inpatient Weight. GMLOS + 6 Outlier per Diem $9,081.00 Add-on payment, and lesser of 100% of billed charges. GMLOS + 6 Outlier per Diem $9,081.00 Add-on payment, and lesser of 100% of billed charges.",26747.16,,,,,,,Case Rate,"105% of the Diagnostic Related Group fee schedule established by CMS for Medicare in force as of the date of payment.. Delay in Discharge per diem $4,007 Delay in Discharge per diem $4,007",25473.48,,,,,,,Case Rate,"Medicare Base Rate times Standard Inpatient Weight. 100 percent of Medicare DRG. Add-on payment, . 100 percent of Medicare DRG. Add-on payment, .",63998.48,,,,,,,Case Rate,"Medicare Base Rate times Standard Inpatient Weight. GMLOS + 8 Outlier per Diem $4,623.00. Add-on payment, and lesser of 100% of billed charges. GMLOS + 8 Outlier per Diem $4,623.00. Add-on payment, and lesser of 100% of billed charges.",63998.48,,,,,,,Case Rate,"Medicare Base Rate times Standard Inpatient Weight. GMLOS + 8 Outlier per Diem $4,623.00. Add-on payment, and lesser of 100% of billed charges. GMLOS + 8 Outlier per Diem $4,623.00. Add-on payment, and lesser of 100% of billed charges.",63998.48,,,,,,,Case Rate,"Medicare Base Rate times Standard Inpatient Weight. GMLOS + 8 Outlier per Diem $4,623.00. Add-on payment, and lesser of 100% of billed charges. GMLOS + 8 Outlier per Diem $4,623.00. Add-on payment, and lesser of 100% of billed charges.",63998.48,,,,,,,Case Rate,"Medicare Base Rate times Standard Inpatient Weight. GMLOS + 8 Outlier per Diem $4,623.00. Add-on payment, and lesser of 100% of billed charges. GMLOS + 8 Outlier per Diem $4,623.00. Add-on payment, and lesser of 100% of billed charges.",63998.48,,,,,,,Case Rate,"Medicare Base Rate times Standard Inpatient Weight. GMLOS + 8 Outlier per Diem $4,623.00. Add-on payment, and lesser of 100% of billed charges. GMLOS + 8 Outlier per Diem $4,623.00. Add-on payment, and lesser of 100% of billed charges.",75289.2,,,,,,,Case Rate,"Medicare Base Rate times Standard Inpatient Weight. Add-on payment, and lesser of 100% of billed charges. Add-on payment, and lesser of 100% of billed charges.",75289.2,,,,,,,Case Rate,"Medicare Base Rate times Standard Inpatient Weight. Add-on payment, and lesser of 100% of billed charges. Add-on payment, and lesser of 100% of billed charges.",63998.48,,,,,,,Case Rate,"Medicare Base Rate times Standard Inpatient Weight. GMLOS + 8 Outlier per Diem $4,623.00. Add-on payment, and lesser of 100% of billed charges. GMLOS + 8 Outlier per Diem $4,623.00. Add-on payment, and lesser of 100% of billed charges.",63998.48,,,,,,,Case Rate,"Medicare Base Rate times Standard Inpatient Weight. GMLOS + 8 Outlier per Diem $4,623.00. Add-on payment, and lesser of 100% of billed charges. GMLOS + 8 Outlier per Diem $4,623.00. Add-on payment, and lesser of 100% of billed charges.",63998.48,,,,,,,Case Rate,"Medicare Base Rate times Standard Inpatient Weight. GMLOS + 8 Outlier per Diem $4,623.00. Add-on payment, and lesser of 100% of billed charges. GMLOS + 8 Outlier per Diem $4,623.00. Add-on payment, and lesser of 100% of billed charges.",63998.48,,,,,,,Case Rate,"Medicare Base Rate times Standard Inpatient Weight. GMLOS + 8 Outlier per Diem $4,623.00. Add-on payment, and lesser of 100% of billed charges. GMLOS + 8 Outlier per Diem $4,623.00. Add-on payment, and lesser of 100% of billed charges.",63998.48,,,,,,,Case Rate,"Medicare Base Rate times Standard Inpatient Weight. GMLOS + 8 Outlier per Diem $4,623.00. Add-on payment, and lesser of 100% of billed charges. GMLOS + 8 Outlier per Diem $4,623.00. Add-on payment, and lesser of 100% of billed charges.",25473.48,,,,,,,Case Rate,"Medicare Base Rate times Standard Inpatient Weight. 100 percent of Medicare DRG. Add-on payment,  . 100 percent of Medicare DRG. Add-on payment,  .",75289.2,,,,,,,Case Rate,"Medicare Base Rate times Standard Inpatient Weight. Add-on payment, and lesser of 100% of billed charges. Add-on payment, and lesser of 100% of billed charges.",25473.48,,,,,,,Case Rate,"Medicare Base Rate times Standard Inpatient Weight. 100 percent of Medicare DRG. Add-on payment,  . 100 percent of Medicare DRG. Add-on payment,  .",,,,,,,,," ",,,,,,,,," ",96879.02,,,,,,,Case Rate,"Medicare Base Rate times Standard Inpatient Weight. AMLOS + 5 Outlier per Diem $7,362.00. Add-on payment, and lesser of 100% of billed charges. AMLOS + 5 Outlier per Diem $7,362.00. Add-on payment, and lesser of 100% of billed charges.",96879.02,,,,,,,Case Rate,"Medicare Base Rate times Standard Inpatient Weight. AMLOS + 5 Outlier per Diem $7,362.00. Add-on payment, and lesser of 100% of billed charges. AMLOS + 5 Outlier per Diem $7,362.00. Add-on payment, and lesser of 100% of billed charges.",25473.48,,,,,,,Case Rate,"Medicare Base Rate times Standard Inpatient Weight. 100 percent of Medicare DRG. Add-on payment,  . 100 percent of Medicare DRG. Add-on payment,  .",74781.98,,,,,,,Case Rate,"Medicare Base Rate times Standard Inpatient Weight. Add-on payment, and lesser of 100% of billed charges. Add-on payment, and lesser of 100% of billed charges.",25473.48,,,,,,,Case Rate,"Medicare Base Rate times Standard Inpatient Weight. 100 percent of Medicare DRG. Add-on payment,  . 100 percent of Medicare DRG. Add-on payment,  .",25473.48,,,,,,,Case Rate,"Medicare Base Rate times Standard Inpatient Weight. 100 percent of Medicare DRG. Add-on payment,  . 100 percent of Medicare DRG. Add-on payment,  .",66151.63,,,,,,,Case Rate,"Medicare Base Rate times Standard Inpatient Weight. GMLOS + 8 Outlier per Diem $6,968.00. Add-on payment, and lesser of 100% of billed charges. GMLOS + 8 Outlier per Diem $6,968.00. Add-on payment, and lesser of 100% of billed charges.",25473.48,,,,,,,Case Rate,"Medicare Base Rate times Standard Inpatient Weight. 100 percent of Medicare DRG. Add-on payment,  . 100 percent of Medicare DRG. Add-on payment,  .",73567.19,,,,,,,Case Rate,"Medicare Base Rate times Standard Inpatient Weight. Outlier (25+) per Diem $7,671.00. Add-on payment, and lesser of 100% of billed charges. Outlier (25+) per Diem $7,671.00. Add-on payment, and lesser of 100% of billed charges.",25473.48,,,,,,,Case Rate,"Medicare Base Rate times Standard Inpatient Weight. 100 percent of Medicare DRG. Add-on payment,  . 100 percent of Medicare DRG. Add-on payment,  .",73567.19,,,,,,,Case Rate,"Medicare Base Rate times Standard Inpatient Weight. Outlier (25+) per Diem $7,671.00. Add-on payment, and lesser of 100% of billed charges. Outlier (25+) per Diem $7,671.00. Add-on payment, and lesser of 100% of billed charges.",66151.63,,,,,,,Case Rate,"Medicare Base Rate times Standard Inpatient Weight. GMLOS + 8 Outlier per Diem $6,968.00. Add-on payment, and lesser of 100% of billed charges. GMLOS + 8 Outlier per Diem $6,968.00. Add-on payment, and lesser of 100% of billed charges.",73567.19,,,,,,,Case Rate,"Medicare Base Rate times Standard Inpatient Weight. Outlier (25+) per Diem $7,671.00. Add-on payment, and lesser of 100% of billed charges. Outlier (25+) per Diem $7,671.00. Add-on payment, and lesser of 100% of billed charges.",25473.48,,,,,,,Case Rate,"Medicare Base Rate times Standard Inpatient Weight. 100 percent of Medicare DRG. Add-on payment,  . 100 percent of Medicare DRG. Add-on payment,  .",,,,,,,,," ",25473.48,,,,,,,Case Rate,"Medicare Base Rate times Standard Inpatient Weight. 100 percent of Medicare DRG. Add-on payment,  . 100 percent of Medicare DRG. Add-on payment,  .",73567.19,,,,,,,Case Rate,"Medicare Base Rate times Standard Inpatient Weight. Outlier (25+) per Diem $7,671.00. Add-on payment, and lesser of 100% of billed charges. Outlier (25+) per Diem $7,671.00. Add-on payment, and lesser of 100% of billed charges.",96879.02,,,,,,,Case Rate,"Medicare Base Rate times Standard Inpatient Weight. AMLOS + 5 Outlier per Diem $7,362.00. Add-on payment, and lesser of 100% of billed charges. AMLOS + 5 Outlier per Diem $7,362.00. Add-on payment, and lesser of 100% of billed charges.",,,,,,,,," ",104687.67,,,,,,,Case Rate,"Medicare Base Rate times Standard Inpatient Weight. GMLOS + 6 Outlier per Diem $9,081.00 Add-on payment, and lesser of 100% of billed charges. GMLOS + 6 Outlier per Diem $9,081.00 Add-on payment, and lesser of 100% of billed charges.",,,,,,,,," ",,,,,,,,," ",103122.9,,,,,,,Case Rate,"Medicare Base Rate times Standard Inpatient Weight. GMLOS + 6 Outlier per Diem $9,081.00 Add-on payment, and lesser of 100% of billed charges. GMLOS + 6 Outlier per Diem $9,081.00 Add-on payment, and lesser of 100% of billed charges.",103122.9,,,,,,,Case Rate,"Medicare Base Rate times Standard Inpatient Weight. GMLOS + 6 Outlier per Diem $9,081.00 Add-on payment, and lesser of 100% of billed charges. GMLOS + 6 Outlier per Diem $9,081.00 Add-on payment, and lesser of 100% of billed charges.",104687.67,,,,,,,Case Rate,"Medicare Base Rate times Standard Inpatient Weight. GMLOS + 6 Outlier per Diem $9,081.00 Add-on payment, and lesser of 100% of billed charges. GMLOS + 6 Outlier per Diem $9,081.00 Add-on payment, and lesser of 100% of billed charges.",96879.02,,,,,,,Case Rate,"Medicare Base Rate times Standard Inpatient Weight. AMLOS + 5 Outlier per Diem $7,362.00. Add-on payment, and lesser of 100% of billed charges. AMLOS + 5 Outlier per Diem $7,362.00. Add-on payment, and lesser of 100% of billed charges.",104687.67,,,,,,,Case Rate,"Medicare Base Rate times Standard Inpatient Weight. GMLOS + 6 Outlier per Diem $9,081.00 Add-on payment, and lesser of 100% of billed charges. GMLOS + 6 Outlier per Diem $9,081.00 Add-on payment, and lesser of 100% of billed charges.",103122.9,,,,,,,Case Rate,"Medicare Base Rate times Standard Inpatient Weight. GMLOS + 6 Outlier per Diem $9,081.00 Add-on payment, and lesser of 100% of billed charges. GMLOS + 6 Outlier per Diem $9,081.00 Add-on payment, and lesser of 100% of billed charges.",104687.67,,,,,,,Case Rate,"Medicare Base Rate times Standard Inpatient Weight. GMLOS + 6 Outlier per Diem $9,081.00 Add-on payment, and lesser of 100% of billed charges. GMLOS + 6 Outlier per Diem $9,081.00 Add-on payment, and lesser of 100% of billed charges.",63998.48,,,,,,,Case Rate,"Medicare Base Rate times Standard Inpatient Weight. GMLOS + 8 Outlier per Diem $4,623.00. Add-on payment, and lesser of 100% of billed charges. GMLOS + 8 Outlier per Diem $4,623.00. Add-on payment, and lesser of 100% of billed charges.",63998.48,,,,,,,Case Rate,"Medicare Base Rate times Standard Inpatient Weight. GMLOS + 8 Outlier per Diem $4,623.00. Add-on payment, and lesser of 100% of billed charges. GMLOS + 8 Outlier per Diem $4,623.00. Add-on payment, and lesser of 100% of billed charges.",66750.82,,,,,,,Case Rate,. 200 percent of Medicare 200 percent of Medicare,,,,,,,,," ",96879.02,,,,,,,Case Rate,"Medicare Base Rate times Standard Inpatient Weight. AMLOS + 5 Outlier per Diem $7,362.00. Add-on payment, and lesser of 100% of billed charges. AMLOS + 5 Outlier per Diem $7,362.00. Add-on payment, and lesser of 100% of billed charges.",73567.19,,,,,,,Case Rate,"Medicare Base Rate times Standard Inpatient Weight. Outlier (25+) per Diem $7,671.00. Add-on payment, and lesser of 100% of billed charges. Outlier (25+) per Diem $7,671.00. Add-on payment, and lesser of 100% of billed charges.",66151.63,,,,,,,Case Rate,"Medicare Base Rate times Standard Inpatient Weight. GMLOS + 8 Outlier per Diem $6,968.00. Add-on payment, and lesser of 100% of billed charges. GMLOS + 8 Outlier per Diem $6,968.00. Add-on payment, and lesser of 100% of billed charges.",96879.02,,,,,,,Case Rate,"Medicare Base Rate times Standard Inpatient Weight. AMLOS + 5 Outlier per Diem $7,362.00. Add-on payment, and lesser of 100% of billed charges. AMLOS + 5 Outlier per Diem $7,362.00. Add-on payment, and lesser of 100% of billed charges.",66151.63,,,,,,,Case Rate,"Medicare Base Rate times Standard Inpatient Weight. GMLOS + 8 Outlier per Diem $6,968.00. Add-on payment, and lesser of 100% of billed charges. GMLOS + 8 Outlier per Diem $6,968.00. Add-on payment, and lesser of 100% of billed charges.",96879.02,,,,,,,Case Rate,"Medicare Base Rate times Standard Inpatient Weight. AMLOS + 5 Outlier per Diem $7,362.00. Add-on payment, and lesser of 100% of billed charges. AMLOS + 5 Outlier per Diem $7,362.00. Add-on payment, and lesser of 100% of billed charges.",104687.67,,,,,,,Case Rate,"Medicare Base Rate times Standard Inpatient Weight. GMLOS + 6 Outlier per Diem $9,081.00 Add-on payment, and lesser of 100% of billed charges. GMLOS + 6 Outlier per Diem $9,081.00 Add-on payment, and lesser of 100% of billed charges.",103122.9,,,,,,,Case Rate,"Medicare Base Rate times Standard Inpatient Weight. GMLOS + 6 Outlier per Diem $9,081.00 Add-on payment, and lesser of 100% of billed charges. GMLOS + 6 Outlier per Diem $9,081.00 Add-on payment, and lesser of 100% of billed charges.",103122.9,,,,,,,Case Rate,"Medicare Base Rate times Standard Inpatient Weight. GMLOS + 6 Outlier per Diem $9,081.00 Add-on payment, and lesser of 100% of billed charges. GMLOS + 6 Outlier per Diem $9,081.00 Add-on payment, and lesser of 100% of billed charges.",104687.67,,,,,,,Case Rate,"Medicare Base Rate times Standard Inpatient Weight. GMLOS + 6 Outlier per Diem $9,081.00 Add-on payment, and lesser of 100% of billed charges. GMLOS + 6 Outlier per Diem $9,081.00 Add-on payment, and lesser of 100% of billed charges.",25473.48,,,,,,,Case Rate,"Medicare Base Rate times Standard Inpatient Weight. 100 percent of Medicare DRG. Add-on payment,  . 100 percent of Medicare DRG. Add-on payment,  .",22417.09,115448.34,
MS558,DRG,,,,,"MS-DRG 558 TENDONITIS, MYOSITIS AND BURSITIS WITHOUT MCC",,,Inpatient,,,,28665.47,,,,,,,Case Rate,Medicare Base Rate times Standard Inpatient Weight. Local 1199 High/Low day Outlier Local 1199 High/Low day Outlier,28665.47,,,,,,,Case Rate,Medicare Base Rate times Standard Inpatient Weight. Local 1199 High/Low day Outlier Local 1199 High/Low day Outlier,23298.23,,,,,,,Case Rate,"Medicare Base Rate times Standard Inpatient Weight. GMLOS + 8 Outlier per Diem $6,968.00. Add-on payment, and lesser of 100% of billed charges. GMLOS + 8 Outlier per Diem $6,968.00. Add-on payment, and lesser of 100% of billed charges.",,100,,,,,0,Percent of total billed charges,100 percent of charges.  ; No services were performed during the 15 month look back period.,9327.79,,,,,,,Case Rate,"Medicare Base Rate times Standard Inpatient Weight. 100 percent of Medicare DRG. Add-on payment,  . 100 percent of Medicare DRG. Add-on payment,  .",23298.23,,,,,,,Case Rate,"Medicare Base Rate times Standard Inpatient Weight. GMLOS + 8 Outlier per Diem $6,968.00. Add-on payment, and lesser of 100% of billed charges. GMLOS + 8 Outlier per Diem $6,968.00. Add-on payment, and lesser of 100% of billed charges.",23298.23,,,,,,,Case Rate,"Medicare Base Rate times Standard Inpatient Weight. GMLOS + 8 Outlier per Diem $6,968.00. Add-on payment, and lesser of 100% of billed charges. GMLOS + 8 Outlier per Diem $6,968.00. Add-on payment, and lesser of 100% of billed charges.",23298.23,,,,,,,Case Rate,"Medicare Base Rate times Standard Inpatient Weight. GMLOS + 8 Outlier per Diem $6,968.00. Add-on payment, and lesser of 100% of billed charges. GMLOS + 8 Outlier per Diem $6,968.00. Add-on payment, and lesser of 100% of billed charges.",,,,,,,,," ",,,,,,,,," ",,73,,,,,0,Percent of total billed charges,73 percent of charges.  ; No services were performed during the 15 month look back period.,34120.24,,,,,,,Case Rate,"Medicare Base Rate times Standard Inpatient Weight. AMLOS + 5 Outlier per Diem $7,362.00. Add-on payment, and lesser of 100% of billed charges. AMLOS + 5 Outlier per Diem $7,362.00. Add-on payment, and lesser of 100% of billed charges.",,,,,,,,," ",9327.79,,,,,,,Case Rate,"Medicare Base Rate times Standard Inpatient Weight. 100 percent of Medicare DRG. Add-on payment,  . 100 percent of Medicare DRG. Add-on payment,  .",25909.95,,,,,,,Case Rate,"Medicare Base Rate times Standard Inpatient Weight. Outlier (25+) per Diem $7,671.00. Add-on payment, and lesser of 100% of billed charges. Outlier (25+) per Diem $7,671.00. Add-on payment, and lesser of 100% of billed charges.",25909.95,,,,,,,Case Rate,"Medicare Base Rate times Standard Inpatient Weight. Outlier (25+) per Diem $7,671.00. Add-on payment, and lesser of 100% of billed charges. Outlier (25+) per Diem $7,671.00. Add-on payment, and lesser of 100% of billed charges.",25909.95,,,,,,,Case Rate,"Medicare Base Rate times Standard Inpatient Weight. Outlier (25+) per Diem $7,671.00. Add-on payment, and lesser of 100% of billed charges. Outlier (25+) per Diem $7,671.00. Add-on payment, and lesser of 100% of billed charges.",25909.95,,,,,,,Case Rate,"Medicare Base Rate times Standard Inpatient Weight. Outlier (25+) per Diem $7,671.00. Add-on payment, and lesser of 100% of billed charges. Outlier (25+) per Diem $7,671.00. Add-on payment, and lesser of 100% of billed charges.",,,,,,,,," ",9327.79,,,,,,,Case Rate,"Medicare Base Rate times Standard Inpatient Weight. 100 percent of Medicare DRG. Add-on payment,  . 100 percent of Medicare DRG. Add-on payment,  .",,,,,,,,," ",,73,,,,,0,Percent of total billed charges,73 percent of charges.  ; No services were performed during the 15 month look back period.,23298.23,,,,,,,Case Rate,"Medicare Base Rate times Standard Inpatient Weight. GMLOS + 8 Outlier per Diem $6,968.00. Add-on payment, and lesser of 100% of billed charges. GMLOS + 8 Outlier per Diem $6,968.00. Add-on payment, and lesser of 100% of billed charges.",9327.79,,,,,,,Case Rate,"Medicare Base Rate times Standard Inpatient Weight. 100 percent of Medicare DRG. Add-on payment, and lesser of 100% of billed charges. 100 percent of Medicare DRG. Add-on payment, and lesser of 100% of billed charges.",26516.43,,,,,,,Case Rate,"Medicare Base Rate times Standard Inpatient Weight. Add-on payment, and lesser of 100% of billed charges. Add-on payment, and lesser of 100% of billed charges.",9327.79,,,,,,,Case Rate,"Medicare Base Rate times Standard Inpatient Weight. 100 percent of Medicare DRG. Add-on payment, and lesser of 100% of billed charges. 100 percent of Medicare DRG. Add-on payment, and lesser of 100% of billed charges.",9327.79,,,,,,,Case Rate,"Medicare Base Rate times Standard Inpatient Weight. 100 percent of Medicare DRG. Add-on payment, and lesser of 100% of billed charges. 100 percent of Medicare DRG. Add-on payment, and lesser of 100% of billed charges.",,73,,,,,0,Percent of total billed charges,73 percent of charges.  ; No services were performed during the 15 month look back period.,,,,,,,,," ",,,,,,,,," ",,,,,,,,," ",,,,,,,,," ",26516.43,,,,,,,Case Rate,"Medicare Base Rate times Standard Inpatient Weight. Add-on payment, and lesser of 100% of billed charges. Add-on payment, and lesser of 100% of billed charges.",26516.43,,,,,,,Case Rate,"Medicare Base Rate times Standard Inpatient Weight. Add-on payment, and lesser of 100% of billed charges. Add-on payment, and lesser of 100% of billed charges.",,,,,,,,," ",26516.43,,,,,,,Case Rate,"Medicare Base Rate times Standard Inpatient Weight. Add-on payment, and lesser of 100% of billed charges. Add-on payment, and lesser of 100% of billed charges.",,,,,,,,," ",9327.79,,,,,,,Case Rate,"Medicare Base Rate times Standard Inpatient Weight. 100 percent of Medicare DRG. Add-on payment, . 100 percent of Medicare DRG. Add-on payment, .",26516.43,,,,,,,Case Rate,"Medicare Base Rate times Standard Inpatient Weight. Add-on payment, and lesser of 100% of billed charges. Add-on payment, and lesser of 100% of billed charges.",,73,,,,,0,Percent of total billed charges,73 percent of charges.  ; No services were performed during the 15 month look back period.,,,,,,,,," ",,,,,,,,," ",,73,,,,,0,Percent of total billed charges,73 percent of charges.  ; No services were performed during the 15 month look back period.,25909.95,,,,,,,Case Rate,"Medicare Base Rate times Standard Inpatient Weight. Outlier (25+) per Diem $7,671.00. Add-on payment, and lesser of 100% of billed charges. Outlier (25+) per Diem $7,671.00. Add-on payment, and lesser of 100% of billed charges.",24820.24,,,,,,,Case Rate,"Medicare Base Rate times Standard Inpatient Weight. AMLOS + 5 Outlier per Diem $7,167.00. Add-on payment, and lesser of 100% of billed charges. AMLOS + 5 Outlier per Diem $7,167.00. Add-on payment, and lesser of 100% of billed charges.",24820.24,,,,,,,Case Rate,"Medicare Base Rate times Standard Inpatient Weight. AMLOS + 5 Outlier per Diem $7,167.00. Add-on payment, and lesser of 100% of billed charges. AMLOS + 5 Outlier per Diem $7,167.00. Add-on payment, and lesser of 100% of billed charges.",,73,,,,,0,Percent of total billed charges,73 percent of charges.  ; No services were performed during the 15 month look back period.,9327.79,,,,,,,Case Rate,"Medicare Base Rate times Standard Inpatient Weight. 100 percent of Medicare DRG. Add-on payment,  . 100 percent of Medicare DRG. Add-on payment,  .",34120.24,,,,,,,Case Rate,"Medicare Base Rate times Standard Inpatient Weight. AMLOS + 5 Outlier per Diem $7,362.00. Add-on payment, and lesser of 100% of billed charges. AMLOS + 5 Outlier per Diem $7,362.00. Add-on payment, and lesser of 100% of billed charges.",34120.24,,,,,,,Case Rate,"Medicare Base Rate times Standard Inpatient Weight. AMLOS + 5 Outlier per Diem $7,362.00. Add-on payment, and lesser of 100% of billed charges. AMLOS + 5 Outlier per Diem $7,362.00. Add-on payment, and lesser of 100% of billed charges.",34120.24,,,,,,,Case Rate,"Medicare Base Rate times Standard Inpatient Weight. AMLOS + 5 Outlier per Diem $7,362.00. Add-on payment, and lesser of 100% of billed charges. AMLOS + 5 Outlier per Diem $7,362.00. Add-on payment, and lesser of 100% of billed charges.",9327.79,,,,,,,Case Rate,"Medicare Base Rate times Standard Inpatient Weight. 100 percent of Medicare DRG. Add-on payment,  . 100 percent of Medicare DRG. Add-on payment,  .",34120.24,,,,,,,Case Rate,"Medicare Base Rate times Standard Inpatient Weight. AMLOS + 5 Outlier per Diem $7,362.00. Add-on payment, and lesser of 100% of billed charges. AMLOS + 5 Outlier per Diem $7,362.00. Add-on payment, and lesser of 100% of billed charges.",34120.24,,,,,,,Case Rate,"Medicare Base Rate times Standard Inpatient Weight. AMLOS + 5 Outlier per Diem $7,362.00. Add-on payment, and lesser of 100% of billed charges. AMLOS + 5 Outlier per Diem $7,362.00. Add-on payment, and lesser of 100% of billed charges.",9327.79,,,,,,,Case Rate,"Medicare Base Rate times Standard Inpatient Weight. 100 percent of Medicare DRG. Add-on payment, and lesser of 100% of billed charges. 100 percent of Medicare DRG. Add-on payment, and lesser of 100% of billed charges.",38849.73,,,,,,,Case Rate,"Medicare Base Rate times Standard Inpatient Weight. GMLOS + 6 Outlier per Diem $11,932.00. Add-on payment, and lesser of 100% of billed charges. GMLOS + 6 Outlier per Diem $11,932.00. Add-on payment, and lesser of 100% of billed charges.",36870.4,,,,,,,Case Rate,"Medicare Base Rate times Standard Inpatient Weight. GMLOS + 6 Outlier per Diem $9,081.00 Add-on payment, and lesser of 100% of billed charges. GMLOS + 6 Outlier per Diem $9,081.00 Add-on payment, and lesser of 100% of billed charges.",36870.4,,,,,,,Case Rate,"Medicare Base Rate times Standard Inpatient Weight. GMLOS + 6 Outlier per Diem $9,081.00 Add-on payment, and lesser of 100% of billed charges. GMLOS + 6 Outlier per Diem $9,081.00 Add-on payment, and lesser of 100% of billed charges.",36319.3,,,,,,,Case Rate,"Medicare Base Rate times Standard Inpatient Weight. GMLOS + 6 Outlier per Diem $9,081.00 Add-on payment, and lesser of 100% of billed charges. GMLOS + 6 Outlier per Diem $9,081.00 Add-on payment, and lesser of 100% of billed charges.",40660.25,,,,,,,Case Rate,"Medicare Base Rate times Standard Inpatient Weight. GMLOS + 6 Outlier per Diem $9,081.00 Add-on payment, and lesser of 100% of billed charges. GMLOS + 6 Outlier per Diem $9,081.00 Add-on payment, and lesser of 100% of billed charges.",36319.3,,,,,,,Case Rate,"Medicare Base Rate times Standard Inpatient Weight. GMLOS + 6 Outlier per Diem $9,081.00 Add-on payment, and lesser of 100% of billed charges. GMLOS + 6 Outlier per Diem $9,081.00 Add-on payment, and lesser of 100% of billed charges.",36870.4,,,,,,,Case Rate,"Medicare Base Rate times Standard Inpatient Weight. GMLOS + 6 Outlier per Diem $9,081.00 Add-on payment, and lesser of 100% of billed charges. GMLOS + 6 Outlier per Diem $9,081.00 Add-on payment, and lesser of 100% of billed charges.",9327.79,,,,,,,Case Rate,"Medicare Base Rate times Standard Inpatient Weight. 100 percent of Medicare DRG. Add-on payment,  . 100 percent of Medicare DRG. Add-on payment,  .",9327.79,,,,,,,Case Rate,"Medicare Base Rate times Standard Inpatient Weight. 100 percent of Medicare DRG. Add-on payment,  . 100 percent of Medicare DRG. Add-on payment,  .",40660.25,,,,,,,Case Rate,"Medicare Base Rate times Standard Inpatient Weight. GMLOS + 6 Outlier per Diem $9,081.00 Add-on payment, and lesser of 100% of billed charges. GMLOS + 6 Outlier per Diem $9,081.00 Add-on payment, and lesser of 100% of billed charges.",,73,,,,,0,Percent of total billed charges,73 percent of charges.  ; No services were performed during the 15 month look back period.,,73,,,,,0,Percent of total billed charges,73 percent of charges.  ; No services were performed during the 15 month look back period.,,73,,,,,0,Percent of total billed charges,73 percent of charges.  ; No services were performed during the 15 month look back period.,,73,,,,,0,Percent of total billed charges,73 percent of charges.  ; No services were performed during the 15 month look back period.,,73,,,,,0,Percent of total billed charges,73 percent of charges.  ; No services were performed during the 15 month look back period.,,73,,,,,0,Percent of total billed charges,73 percent of charges.  ; No services were performed during the 15 month look back period.,,73,,,,,0,Percent of total billed charges,73 percent of charges.  ; No services were performed during the 15 month look back period.,,73,,,,,0,Percent of total billed charges,73 percent of charges.  ; No services were performed during the 15 month look back period.,,73,,,,,0,Percent of total billed charges,73 percent of charges.  ; No services were performed during the 15 month look back period.,,73,,,,,0,Percent of total billed charges,73 percent of charges.  ; No services were performed during the 15 month look back period.,,73,,,,,0,Percent of total billed charges,73 percent of charges.  ; No services were performed during the 15 month look back period.,,73,,,,,0,Percent of total billed charges,73 percent of charges.  ; No services were performed during the 15 month look back period.,,73,,,,,0,Percent of total billed charges,73 percent of charges.  ; No services were performed during the 15 month look back period.,,73,,,,,0,Percent of total billed charges,73 percent of charges.  ; No services were performed during the 15 month look back period.,,73,,,,,0,Percent of total billed charges,73 percent of charges.  ; No services were performed during the 15 month look back period.,,73,,,,,0,Percent of total billed charges,73 percent of charges.  ; No services were performed during the 15 month look back period.,,73,,,,,0,Percent of total billed charges,73 percent of charges.  ; No services were performed during the 15 month look back period.,,73,,,,,0,Percent of total billed charges,73 percent of charges.  ; No services were performed during the 15 month look back period.,,73,,,,,0,Percent of total billed charges,73 percent of charges.  ; No services were performed during the 15 month look back period.,,73,,,,,0,Percent of total billed charges,73 percent of charges.  ; No services were performed during the 15 month look back period.,,73,,,,,0,Percent of total billed charges,73 percent of charges.  ; No services were performed during the 15 month look back period.,,73,,,,,0,Percent of total billed charges,73 percent of charges.  ; No services were performed during the 15 month look back period.,,73,,,,,0,Percent of total billed charges,73 percent of charges.  ; No services were performed during the 15 month look back period.,,73,,,,,0,Percent of total billed charges,73 percent of charges.  ; No services were performed during the 15 month look back period.,,73,,,,,0,Percent of total billed charges,73 percent of charges.  ; No services were performed during the 15 month look back period.,,73,,,,,0,Percent of total billed charges,73 percent of charges.  ; No services were performed during the 15 month look back period.,26516.43,,,,,,,Case Rate,"Medicare Base Rate times Standard Inpatient Weight. Add-on payment, and lesser of 100% of billed charges. Add-on payment, and lesser of 100% of billed charges.",26516.43,,,,,,,Case Rate,"Medicare Base Rate times Standard Inpatient Weight. Add-on payment, and lesser of 100% of billed charges. Add-on payment, and lesser of 100% of billed charges.",26516.43,,,,,,,Case Rate,"Medicare Base Rate times Standard Inpatient Weight. Add-on payment, and lesser of 100% of billed charges. Add-on payment, and lesser of 100% of billed charges.",26516.43,,,,,,,Case Rate,"Medicare Base Rate times Standard Inpatient Weight. Add-on payment, and lesser of 100% of billed charges. Add-on payment, and lesser of 100% of billed charges.",26337.79,,,,,,,Case Rate,"Medicare Base Rate times Standard Inpatient Weight. Add-on payment, and lesser of 100% of billed charges. Add-on payment, and lesser of 100% of billed charges.",26337.79,,,,,,,Case Rate,"Medicare Base Rate times Standard Inpatient Weight. Add-on payment, and lesser of 100% of billed charges. Add-on payment, and lesser of 100% of billed charges.",25909.95,,,,,,,Case Rate,"Medicare Base Rate times Standard Inpatient Weight. Outlier (25+) per Diem $7,671.00. Add-on payment, and lesser of 100% of billed charges. Outlier (25+) per Diem $7,671.00. Add-on payment, and lesser of 100% of billed charges.",36870.4,,,,,,,Case Rate,"Medicare Base Rate times Standard Inpatient Weight. GMLOS + 6 Outlier per Diem $9,081.00 Add-on payment, and lesser of 100% of billed charges. GMLOS + 6 Outlier per Diem $9,081.00 Add-on payment, and lesser of 100% of billed charges.",34120.24,,,,,,,Case Rate,"Medicare Base Rate times Standard Inpatient Weight. AMLOS + 5 Outlier per Diem $7,362.00. Add-on payment, and lesser of 100% of billed charges. AMLOS + 5 Outlier per Diem $7,362.00. Add-on payment, and lesser of 100% of billed charges.",36319.3,,,,,,,Case Rate,"Medicare Base Rate times Standard Inpatient Weight. GMLOS + 6 Outlier per Diem $9,081.00 Add-on payment, and lesser of 100% of billed charges. GMLOS + 6 Outlier per Diem $9,081.00 Add-on payment, and lesser of 100% of billed charges.",,73,,,,,0,Percent of total billed charges,73 percent of charges.  ; No services were performed during the 15 month look back period.,26337.79,,,,,,,Case Rate,"Medicare Base Rate times Standard Inpatient Weight. Add-on payment, and lesser of 100% of billed charges. Add-on payment, and lesser of 100% of billed charges.",36870.4,,,,,,,Case Rate,"Medicare Base Rate times Standard Inpatient Weight. GMLOS + 6 Outlier per Diem $9,081.00 Add-on payment, and lesser of 100% of billed charges. GMLOS + 6 Outlier per Diem $9,081.00 Add-on payment, and lesser of 100% of billed charges.",34120.24,,,,,,,Case Rate,"Medicare Base Rate times Standard Inpatient Weight. AMLOS + 5 Outlier per Diem $7,362.00. Add-on payment, and lesser of 100% of billed charges. AMLOS + 5 Outlier per Diem $7,362.00. Add-on payment, and lesser of 100% of billed charges.",25909.95,,,,,,,Case Rate,"Medicare Base Rate times Standard Inpatient Weight. Outlier (25+) per Diem $7,671.00. Add-on payment, and lesser of 100% of billed charges. Outlier (25+) per Diem $7,671.00. Add-on payment, and lesser of 100% of billed charges.",,,,,,,,," ",,73,,,,,0,Percent of total billed charges,73 percent of charges.  ; No services were performed during the 15 month look back period.,,,,,,,,," ",26516.43,,,,,,,Case Rate,"Medicare Base Rate times Standard Inpatient Weight. Add-on payment, and lesser of 100% of billed charges. Add-on payment, and lesser of 100% of billed charges.",,,,,,,,," ",9327.79,,,,,,,Case Rate,"Medicare Base Rate times Standard Inpatient Weight. 100 percent of Medicare DRG. Add-on payment, . 100 percent of Medicare DRG. Add-on payment, .",9327.79,,,,,,,Case Rate,"Medicare Base Rate times Standard Inpatient Weight. 100 percent of Medicare DRG. Add-on payment,  . 100 percent of Medicare DRG. Add-on payment,  .",38849.73,,,,,,,Case Rate,"Medicare Base Rate times Standard Inpatient Weight. GMLOS + 6 Outlier per Diem $11,932.00. Add-on payment, and lesser of 100% of billed charges. GMLOS + 6 Outlier per Diem $11,932.00. Add-on payment, and lesser of 100% of billed charges.",9327.79,,,,,,,Case Rate,"Medicare Base Rate times Standard Inpatient Weight. 100 percent of Medicare DRG. Add-on payment,  . 100 percent of Medicare DRG. Add-on payment,  .",9327.79,,,,,,,Case Rate,"Medicare Base Rate times Standard Inpatient Weight. 100 percent of Medicare DRG. Add-on payment,  . 100 percent of Medicare DRG. Add-on payment,  .",,,,,,,,," ",9327.79,,,,,,,Case Rate,"Medicare Base Rate times Standard Inpatient Weight. 100 percent of Medicare DRG. Add-on payment,  . 100 percent of Medicare DRG. Add-on payment,  .",9327.79,,,,,,,Case Rate,"Medicare Base Rate times Standard Inpatient Weight. 100 percent of Medicare DRG. Add-on payment,  . 100 percent of Medicare DRG. Add-on payment,  .",23298.23,,,,,,,Case Rate,"Medicare Base Rate times Standard Inpatient Weight. GMLOS + 8 Outlier per Diem $6,968.00. Add-on payment, and lesser of 100% of billed charges. GMLOS + 8 Outlier per Diem $6,968.00. Add-on payment, and lesser of 100% of billed charges.",23298.23,,,,,,,Case Rate,"Medicare Base Rate times Standard Inpatient Weight. GMLOS + 8 Outlier per Diem $6,968.00. Add-on payment, and lesser of 100% of billed charges. GMLOS + 8 Outlier per Diem $6,968.00. Add-on payment, and lesser of 100% of billed charges.",9327.79,,,,,,,Case Rate,"Medicare Base Rate times Standard Inpatient Weight. 100 percent of Medicare DRG. Add-on payment,  . 100 percent of Medicare DRG. Add-on payment,  .",25909.95,,,,,,,Case Rate,"Medicare Base Rate times Standard Inpatient Weight. Outlier (25+) per Diem $7,671.00. Add-on payment, and lesser of 100% of billed charges. Outlier (25+) per Diem $7,671.00. Add-on payment, and lesser of 100% of billed charges.",34120.24,,,,,,,Case Rate,"Medicare Base Rate times Standard Inpatient Weight. AMLOS + 5 Outlier per Diem $7,362.00. Add-on payment, and lesser of 100% of billed charges. AMLOS + 5 Outlier per Diem $7,362.00. Add-on payment, and lesser of 100% of billed charges.",34120.24,,,,,,,Case Rate,"Medicare Base Rate times Standard Inpatient Weight. AMLOS + 5 Outlier per Diem $7,362.00. Add-on payment, and lesser of 100% of billed charges. AMLOS + 5 Outlier per Diem $7,362.00. Add-on payment, and lesser of 100% of billed charges.",9327.79,,,,,,,Case Rate,"Medicare Base Rate times Standard Inpatient Weight. 100 percent of Medicare DRG. Add-on payment,  . 100 percent of Medicare DRG. Add-on payment,  .",25909.95,,,,,,,Case Rate,"Medicare Base Rate times Standard Inpatient Weight. Outlier (25+) per Diem $7,671.00. Add-on payment, and lesser of 100% of billed charges. Outlier (25+) per Diem $7,671.00. Add-on payment, and lesser of 100% of billed charges.",23298.23,,,,,,,Case Rate,"Medicare Base Rate times Standard Inpatient Weight. GMLOS + 8 Outlier per Diem $6,968.00. Add-on payment, and lesser of 100% of billed charges. GMLOS + 8 Outlier per Diem $6,968.00. Add-on payment, and lesser of 100% of billed charges.",23298.23,,,,,,,Case Rate,"Medicare Base Rate times Standard Inpatient Weight. GMLOS + 8 Outlier per Diem $6,968.00. Add-on payment, and lesser of 100% of billed charges. GMLOS + 8 Outlier per Diem $6,968.00. Add-on payment, and lesser of 100% of billed charges.",23298.23,,,,,,,Case Rate,"Medicare Base Rate times Standard Inpatient Weight. GMLOS + 8 Outlier per Diem $6,968.00. Add-on payment, and lesser of 100% of billed charges. GMLOS + 8 Outlier per Diem $6,968.00. Add-on payment, and lesser of 100% of billed charges.",,73,,,,,0,Percent of total billed charges,73 percent of charges.  ; No services were performed during the 15 month look back period.,,73,,,,,0,Percent of total billed charges,73 percent of charges.  ; No services were performed during the 15 month look back period.,,73,,,,,0,Percent of total billed charges,73 percent of charges.  ; No services were performed during the 15 month look back period.,,73,,,,,0,Percent of total billed charges,73 percent of charges.  ; No services were performed during the 15 month look back period.,,73,,,,,0,Percent of total billed charges,73 percent of charges.  ; No services were performed during the 15 month look back period.,,73,,,,,0,Percent of total billed charges,73 percent of charges.  ; No services were performed during the 15 month look back period.,,73,,,,,0,Percent of total billed charges,73 percent of charges.  ; No services were performed during the 15 month look back period.,,73,,,,,0,Percent of total billed charges,73 percent of charges.  ; No services were performed during the 15 month look back period.,,73,,,,,0,Percent of total billed charges,73 percent of charges.  ; No services were performed during the 15 month look back period.,,73,,,,,0,Percent of total billed charges,73 percent of charges.  ; No services were performed during the 15 month look back period.,,73,,,,,0,Percent of total billed charges,73 percent of charges.  ; No services were performed during the 15 month look back period.,26337.79,,,,,,,Case Rate,"Medicare Base Rate times Standard Inpatient Weight. Add-on payment, and lesser of 100% of billed charges. Add-on payment, and lesser of 100% of billed charges.",36870.4,,,,,,,Case Rate,"Medicare Base Rate times Standard Inpatient Weight. GMLOS + 6 Outlier per Diem $9,081.00 Add-on payment, and lesser of 100% of billed charges. GMLOS + 6 Outlier per Diem $9,081.00 Add-on payment, and lesser of 100% of billed charges.",25909.95,,,,,,,Case Rate,"Medicare Base Rate times Standard Inpatient Weight. Outlier (25+) per Diem $7,671.00. Add-on payment, and lesser of 100% of billed charges. Outlier (25+) per Diem $7,671.00. Add-on payment, and lesser of 100% of billed charges.",9327.79,,,,,,,Case Rate,"Medicare Base Rate times Standard Inpatient Weight. 100 percent of Medicare DRG. Add-on payment,  . 100 percent of Medicare DRG. Add-on payment,  .",23298.23,,,,,,,Case Rate,"Medicare Base Rate times Standard Inpatient Weight. GMLOS + 8 Outlier per Diem $6,968.00. Add-on payment, and lesser of 100% of billed charges. GMLOS + 8 Outlier per Diem $6,968.00. Add-on payment, and lesser of 100% of billed charges.",25909.95,,,,,,,Case Rate,"Medicare Base Rate times Standard Inpatient Weight. Outlier (25+) per Diem $7,671.00. Add-on payment, and lesser of 100% of billed charges. Outlier (25+) per Diem $7,671.00. Add-on payment, and lesser of 100% of billed charges.",25909.95,,,,,,,Case Rate,"Medicare Base Rate times Standard Inpatient Weight. Outlier (25+) per Diem $7,671.00. Add-on payment, and lesser of 100% of billed charges. Outlier (25+) per Diem $7,671.00. Add-on payment, and lesser of 100% of billed charges.",,73,,,,,0,Percent of total billed charges,73 percent of charges.  ; No services were performed during the 15 month look back period.,,,,,,,,," ",25909.95,,,,,,,Case Rate,"Medicare Base Rate times Standard Inpatient Weight. Outlier (25+) per Diem $7,671.00. Add-on payment, and lesser of 100% of billed charges. Outlier (25+) per Diem $7,671.00. Add-on payment, and lesser of 100% of billed charges.",,,,,,,,," ",9327.79,,,,,,,Case Rate,"Medicare Base Rate times Standard Inpatient Weight. 100 percent of Medicare DRG. Add-on payment,  . 100 percent of Medicare DRG. Add-on payment,  .",9327.79,,,,,,,Case Rate,"Medicare Base Rate times Standard Inpatient Weight. 100 percent of Medicare DRG. Add-on payment,  . 100 percent of Medicare DRG. Add-on payment,  .",9327.79,,,,,,,Case Rate,"Medicare Base Rate times Standard Inpatient Weight. 100 percent of Medicare DRG. Add-on payment,  . 100 percent of Medicare DRG. Add-on payment,  .",9327.79,,,,,,,Case Rate,"Medicare Base Rate times Standard Inpatient Weight. 100 percent of Medicare DRG. Add-on payment,  . 100 percent of Medicare DRG. Add-on payment,  .",9327.79,,,,,,,Case Rate,"Medicare Base Rate times Standard Inpatient Weight. 100 percent of Medicare DRG. Add-on payment,  . 100 percent of Medicare DRG. Add-on payment,  .",9327.79,,,,,,,Case Rate,"Medicare Base Rate times Standard Inpatient Weight. 100 percent of Medicare DRG. Add-on payment,  . 100 percent of Medicare DRG. Add-on payment,  .",25909.95,,,,,,,Case Rate,"Medicare Base Rate times Standard Inpatient Weight. Outlier (25+) per Diem $7,671.00. Add-on payment, and lesser of 100% of billed charges. Outlier (25+) per Diem $7,671.00. Add-on payment, and lesser of 100% of billed charges.",38849.73,,,,,,,Case Rate,"Medicare Base Rate times Standard Inpatient Weight. GMLOS + 6 Outlier per Diem $11,932.00. Add-on payment, and lesser of 100% of billed charges. GMLOS + 6 Outlier per Diem $11,932.00. Add-on payment, and lesser of 100% of billed charges.",,,,,,,,," ",,,,,,,,," ",,,,,,,,," ",,,,,,,,," ",,,,,,,,," ",,,,,,,,," ",38849.73,,,,,,,Case Rate,"Medicare Base Rate times Standard Inpatient Weight. GMLOS + 6 Outlier per Diem $11,932.00. Add-on payment, and lesser of 100% of billed charges. GMLOS + 6 Outlier per Diem $11,932.00. Add-on payment, and lesser of 100% of billed charges.",24221.61,,,,,,,Case Rate,. 200 percent of Medicare 200 percent of Medicare,24221.61,,,,,,,Case Rate,. 200 percent of Medicare 200 percent of Medicare,24221.61,,,,,,,Case Rate,. 200 percent of Medicare 200 percent of Medicare,24221.61,,,,,,,Case Rate,. 200 percent of Medicare 200 percent of Medicare,24221.61,,,,,,,Case Rate,. 200 percent of Medicare 200 percent of Medicare,9327.79,,,,,,,Case Rate,"Medicare Base Rate times Standard Inpatient Weight. 100 percent of Medicare DRG. Add-on payment,  . 100 percent of Medicare DRG. Add-on payment,  .",26337.79,,,,,,,Case Rate,"Medicare Base Rate times Standard Inpatient Weight. Add-on payment, and lesser of 100% of billed charges. Add-on payment, and lesser of 100% of billed charges.",26337.79,,,,,,,Case Rate,"Medicare Base Rate times Standard Inpatient Weight. Add-on payment, and lesser of 100% of billed charges. Add-on payment, and lesser of 100% of billed charges.",26337.79,,,,,,,Case Rate,"Medicare Base Rate times Standard Inpatient Weight. Add-on payment, and lesser of 100% of billed charges. Add-on payment, and lesser of 100% of billed charges.",26337.79,,,,,,,Case Rate,"Medicare Base Rate times Standard Inpatient Weight. Add-on payment, and lesser of 100% of billed charges. Add-on payment, and lesser of 100% of billed charges.",23298.23,,,,,,,Case Rate,"Medicare Base Rate times Standard Inpatient Weight. GMLOS + 8 Outlier per Diem $6,968.00. Add-on payment, and lesser of 100% of billed charges. GMLOS + 8 Outlier per Diem $6,968.00. Add-on payment, and lesser of 100% of billed charges.",23298.23,,,,,,,Case Rate,"Medicare Base Rate times Standard Inpatient Weight. GMLOS + 8 Outlier per Diem $6,968.00. Add-on payment, and lesser of 100% of billed charges. GMLOS + 8 Outlier per Diem $6,968.00. Add-on payment, and lesser of 100% of billed charges.",23298.23,,,,,,,Case Rate,"Medicare Base Rate times Standard Inpatient Weight. GMLOS + 8 Outlier per Diem $6,968.00. Add-on payment, and lesser of 100% of billed charges. GMLOS + 8 Outlier per Diem $6,968.00. Add-on payment, and lesser of 100% of billed charges.",23298.23,,,,,,,Case Rate,"Medicare Base Rate times Standard Inpatient Weight. GMLOS + 8 Outlier per Diem $6,968.00. Add-on payment, and lesser of 100% of billed charges. GMLOS + 8 Outlier per Diem $6,968.00. Add-on payment, and lesser of 100% of billed charges.",38849.73,,,,,,,Case Rate,"Medicare Base Rate times Standard Inpatient Weight. GMLOS + 6 Outlier per Diem $11,932.00. Add-on payment, and lesser of 100% of billed charges. GMLOS + 6 Outlier per Diem $11,932.00. Add-on payment, and lesser of 100% of billed charges.",38849.73,,,,,,,Case Rate,"Medicare Base Rate times Standard Inpatient Weight. GMLOS + 6 Outlier per Diem $11,932.00. Add-on payment, and lesser of 100% of billed charges. GMLOS + 6 Outlier per Diem $11,932.00. Add-on payment, and lesser of 100% of billed charges.",9327.79,,,,,,,Case Rate,"Medicare Base Rate times Standard Inpatient Weight. 100 percent of Medicare DRG. Add-on payment,  . 100 percent of Medicare DRG. Add-on payment,  .",9327.79,,,,,,,Case Rate,"Medicare Base Rate times Standard Inpatient Weight. 100 percent of Medicare DRG. Add-on payment,  . 100 percent of Medicare DRG. Add-on payment,  .",9327.79,,,,,,,Case Rate,"Medicare Base Rate times Standard Inpatient Weight. 100 percent of Medicare DRG. Add-on payment,  . 100 percent of Medicare DRG. Add-on payment,  .",36870.4,,,,,,,Case Rate,"Medicare Base Rate times Standard Inpatient Weight. GMLOS + 6 Outlier per Diem $9,081.00 Add-on payment, and lesser of 100% of billed charges. GMLOS + 6 Outlier per Diem $9,081.00 Add-on payment, and lesser of 100% of billed charges.",36870.4,,,,,,,Case Rate,"Medicare Base Rate times Standard Inpatient Weight. GMLOS + 6 Outlier per Diem $9,081.00 Add-on payment, and lesser of 100% of billed charges. GMLOS + 6 Outlier per Diem $9,081.00 Add-on payment, and lesser of 100% of billed charges.",36870.4,,,,,,,Case Rate,"Medicare Base Rate times Standard Inpatient Weight. GMLOS + 6 Outlier per Diem $9,081.00 Add-on payment, and lesser of 100% of billed charges. GMLOS + 6 Outlier per Diem $9,081.00 Add-on payment, and lesser of 100% of billed charges.",38849.73,,,,,,,Case Rate,"Medicare Base Rate times Standard Inpatient Weight. GMLOS + 6 Outlier per Diem $11,932.00. Add-on payment, and lesser of 100% of billed charges. GMLOS + 6 Outlier per Diem $11,932.00. Add-on payment, and lesser of 100% of billed charges.",23298.23,,,,,,,Case Rate,"Medicare Base Rate times Standard Inpatient Weight. GMLOS + 8 Outlier per Diem $6,968.00. Add-on payment, and lesser of 100% of billed charges. GMLOS + 8 Outlier per Diem $6,968.00. Add-on payment, and lesser of 100% of billed charges.",9327.79,,,,,,,Case Rate,"Medicare Base Rate times Standard Inpatient Weight. 100 percent of Medicare DRG. Add-on payment,  . 100 percent of Medicare DRG. Add-on payment,  .",36319.3,,,,,,,Case Rate,"Medicare Base Rate times Standard Inpatient Weight. GMLOS + 6 Outlier per Diem $9,081.00 Add-on payment, and lesser of 100% of billed charges. GMLOS + 6 Outlier per Diem $9,081.00 Add-on payment, and lesser of 100% of billed charges.",,,,,,,,," ",9514.35,,,,,,,Case Rate,"Medicare Base Rate times Standard Inpatient Weight. 100 percent of Medicare DRG. Add-on payment, and lesser of 100% of billed charges. 100 percent of Medicare DRG. Add-on payment, and lesser of 100% of billed charges.",9514.35,,,,,,,Case Rate,"Medicare Base Rate times Standard Inpatient Weight. 100 percent of Medicare DRG. Add-on payment, and lesser of 100% of billed charges. 100 percent of Medicare DRG. Add-on payment, and lesser of 100% of billed charges.",9514.35,,,,,,,Case Rate,"Medicare Base Rate times Standard Inpatient Weight. 100 percent of Medicare DRG. Add-on payment, and lesser of 100% of billed charges. 100 percent of Medicare DRG. Add-on payment, and lesser of 100% of billed charges.",,,,,,,,," ",,,,,,,,," ",,,,,,,,," ",,,,,,,,," ",,,,,,,,," ",,,,,,,,," ",9514.35,,,,,,,Case Rate,"Medicare Base Rate times Standard Inpatient Weight. 100 percent of Medicare DRG. Add-on payment, and lesser of 100% of billed charges. 100 percent of Medicare DRG. Add-on payment, and lesser of 100% of billed charges.",,,,,,,,," ",,,,,,,,," ",,,,,,,,," ",,,,,,,,," ",,,,,,,,," ",,,,,,,,," ",,,,,,,,," ",9327.79,,,,,,,Case Rate,"Medicare Base Rate times Standard Inpatient Weight. 100 percent of Medicare DRG. Add-on payment,  . 100 percent of Medicare DRG. Add-on payment,  .",9327.79,,,,,,,Case Rate,"Medicare Base Rate times Standard Inpatient Weight. 100 percent of Medicare DRG. Add-on payment,  . 100 percent of Medicare DRG. Add-on payment,  .",23298.23,,,,,,,Case Rate,"Medicare Base Rate times Standard Inpatient Weight. GMLOS + 8 Outlier per Diem $6,968.00. Add-on payment, and lesser of 100% of billed charges. GMLOS + 8 Outlier per Diem $6,968.00. Add-on payment, and lesser of 100% of billed charges.",9327.79,,,,,,,Case Rate,"Medicare Base Rate times Standard Inpatient Weight. 100 percent of Medicare DRG. Add-on payment,  . 100 percent of Medicare DRG. Add-on payment,  .",,,,,,,,," ",,,,,,,,," ",,,,,,,,," ",,,,,,,,," ",,,,,,,,," ",,,,,,,,," ",,,,,,,,," ",,,,,,,,," ",,,,,,,,," ",,,,,,,,," ",,,,,,,,," ",38849.73,,,,,,,Case Rate,"Medicare Base Rate times Standard Inpatient Weight. GMLOS + 6 Outlier per Diem $11,932.00. Add-on payment, and lesser of 100% of billed charges. GMLOS + 6 Outlier per Diem $11,932.00. Add-on payment, and lesser of 100% of billed charges.",,,,,,,,," ",,,,,,,,," ",,,,,,,,," ",,,,,,,,," ",36870.4,,,,,,,Case Rate,"Medicare Base Rate times Standard Inpatient Weight. GMLOS + 6 Outlier per Diem $9,081.00 Add-on payment, and lesser of 100% of billed charges. GMLOS + 6 Outlier per Diem $9,081.00 Add-on payment, and lesser of 100% of billed charges.",36319.3,,,,,,,Case Rate,"Medicare Base Rate times Standard Inpatient Weight. GMLOS + 6 Outlier per Diem $9,081.00 Add-on payment, and lesser of 100% of billed charges. GMLOS + 6 Outlier per Diem $9,081.00 Add-on payment, and lesser of 100% of billed charges.",9327.79,,,,,,,Case Rate,"Medicare Base Rate times Standard Inpatient Weight. 100 percent of Medicare DRG. Add-on payment,  . 100 percent of Medicare DRG. Add-on payment,  .",36319.3,,,,,,,Case Rate,"Medicare Base Rate times Standard Inpatient Weight. GMLOS + 6 Outlier per Diem $9,081.00 Add-on payment, and lesser of 100% of billed charges. GMLOS + 6 Outlier per Diem $9,081.00 Add-on payment, and lesser of 100% of billed charges.",36870.4,,,,,,,Case Rate,"Medicare Base Rate times Standard Inpatient Weight. GMLOS + 6 Outlier per Diem $9,081.00 Add-on payment, and lesser of 100% of billed charges. GMLOS + 6 Outlier per Diem $9,081.00 Add-on payment, and lesser of 100% of billed charges.",36870.4,,,,,,,Case Rate,"Medicare Base Rate times Standard Inpatient Weight. GMLOS + 6 Outlier per Diem $9,081.00 Add-on payment, and lesser of 100% of billed charges. GMLOS + 6 Outlier per Diem $9,081.00 Add-on payment, and lesser of 100% of billed charges.",36319.3,,,,,,,Case Rate,"Medicare Base Rate times Standard Inpatient Weight. GMLOS + 6 Outlier per Diem $9,081.00 Add-on payment, and lesser of 100% of billed charges. GMLOS + 6 Outlier per Diem $9,081.00 Add-on payment, and lesser of 100% of billed charges.",9327.79,,,,,,,Case Rate,"Medicare Base Rate times Standard Inpatient Weight. 100 percent of Medicare DRG. Add-on payment,  . 100 percent of Medicare DRG. Add-on payment,  .",36319.3,,,,,,,Case Rate,"Medicare Base Rate times Standard Inpatient Weight. GMLOS + 6 Outlier per Diem $9,081.00 Add-on payment, and lesser of 100% of billed charges. GMLOS + 6 Outlier per Diem $9,081.00 Add-on payment, and lesser of 100% of billed charges.",36870.4,,,,,,,Case Rate,"Medicare Base Rate times Standard Inpatient Weight. GMLOS + 6 Outlier per Diem $9,081.00 Add-on payment, and lesser of 100% of billed charges. GMLOS + 6 Outlier per Diem $9,081.00 Add-on payment, and lesser of 100% of billed charges.",23298.23,,,,,,,Case Rate,"Medicare Base Rate times Standard Inpatient Weight. GMLOS + 8 Outlier per Diem $6,968.00. Add-on payment, and lesser of 100% of billed charges. GMLOS + 8 Outlier per Diem $6,968.00. Add-on payment, and lesser of 100% of billed charges.",,,,,,,,," ",,,,,,,,," ",,,,,,,,," ",,,,,,,,," ",,,,,,,,," ",,,,,,,,," ",,,,,,,,," ",,,,,,,,," ",,,,,,,,," ",,,,,,,,," ",,,,,,,,," ",,,,,,,,," ",,,,,,,,," ",,,,,,,,," ",25909.95,,,,,,,Case Rate,"Medicare Base Rate times Standard Inpatient Weight. Outlier (25+) per Diem $7,671.00. Add-on payment, and lesser of 100% of billed charges. Outlier (25+) per Diem $7,671.00. Add-on payment, and lesser of 100% of billed charges.",,,,,,,,," ",9327.79,,,,,,,Case Rate,"Medicare Base Rate times Standard Inpatient Weight. 100 percent of Medicare DRG. Add-on payment,  . 100 percent of Medicare DRG. Add-on payment,  .",28665.47,,,,,,,Case Rate,Medicare Base Rate times Standard Inpatient Weight. Local 1199 High/Low day Outlier Local 1199 High/Low day Outlier,9327.79,,,,,,,Case Rate,"Medicare Base Rate times Standard Inpatient Weight. 100 percent of Medicare DRG. Add-on payment,  . 100 percent of Medicare DRG. Add-on payment,  .",9327.79,,,,,,,Case Rate,"Medicare Base Rate times Standard Inpatient Weight. 100 percent of Medicare DRG. Add-on payment,  . 100 percent of Medicare DRG. Add-on payment,  .",,,,,,,,," ",,,,,,,,," ",,,,,,,,," ",,,,,,,,," ",,,,,,,,," ",22539.9,,,,,,,Case Rate,"Medicare Base Rate times Standard Inpatient Weight. GMLOS + 8 Outlier per Diem $4,623.00. Add-on payment, and lesser of 100% of billed charges. GMLOS + 8 Outlier per Diem $4,623.00. Add-on payment, and lesser of 100% of billed charges.",23298.23,,,,,,,Case Rate,"Medicare Base Rate times Standard Inpatient Weight. GMLOS + 8 Outlier per Diem $6,968.00. Add-on payment, and lesser of 100% of billed charges. GMLOS + 8 Outlier per Diem $6,968.00. Add-on payment, and lesser of 100% of billed charges.",26516.43,,,,,,,Case Rate,"Medicare Base Rate times Standard Inpatient Weight. Add-on payment, and lesser of 100% of billed charges. Add-on payment, and lesser of 100% of billed charges.",25909.95,,,,,,,Case Rate,"Medicare Base Rate times Standard Inpatient Weight. Outlier (25+) per Diem $7,671.00. Add-on payment, and lesser of 100% of billed charges. Outlier (25+) per Diem $7,671.00. Add-on payment, and lesser of 100% of billed charges.",9327.79,,,,,,,Case Rate,"Medicare Base Rate times Standard Inpatient Weight. 100 percent of Medicare DRG. Add-on payment, . 100 percent of Medicare DRG. Add-on payment, .",9327.79,,,,,,,Case Rate,"Medicare Base Rate times Standard Inpatient Weight. 100 percent of Medicare DRG. Add-on payment,  . 100 percent of Medicare DRG. Add-on payment,  .",9327.79,,,,,,,Case Rate,"Medicare Base Rate times Standard Inpatient Weight. 100 percent of Medicare DRG. Add-on payment,  . 100 percent of Medicare DRG. Add-on payment,  .",9327.79,,,,,,,Case Rate,"Medicare Base Rate times Standard Inpatient Weight. 100 percent of Medicare DRG. Add-on payment,  . 100 percent of Medicare DRG. Add-on payment,  .",9327.79,,,,,,,Case Rate,"Medicare Base Rate times Standard Inpatient Weight. 100 percent of Medicare DRG. Add-on payment, . 100 percent of Medicare DRG. Add-on payment, .",9327.79,,,,,,,Case Rate,"Medicare Base Rate times Standard Inpatient Weight. 100 percent of Medicare DRG. Add-on payment,  . 100 percent of Medicare DRG. Add-on payment,  .",,,,,,,,," ",,,,,,,,," ",,,,,,,,," ",36870.4,,,,,,,Case Rate,"Medicare Base Rate times Standard Inpatient Weight. GMLOS + 6 Outlier per Diem $9,081.00 Add-on payment, and lesser of 100% of billed charges. GMLOS + 6 Outlier per Diem $9,081.00 Add-on payment, and lesser of 100% of billed charges.",22539.9,,,,,,,Case Rate,"Medicare Base Rate times Standard Inpatient Weight. GMLOS + 8 Outlier per Diem $4,623.00. Add-on payment, and lesser of 100% of billed charges. GMLOS + 8 Outlier per Diem $4,623.00. Add-on payment, and lesser of 100% of billed charges.",22539.9,,,,,,,Case Rate,"Medicare Base Rate times Standard Inpatient Weight. GMLOS + 8 Outlier per Diem $4,623.00. Add-on payment, and lesser of 100% of billed charges. GMLOS + 8 Outlier per Diem $4,623.00. Add-on payment, and lesser of 100% of billed charges.",22539.9,,,,,,,Case Rate,"Medicare Base Rate times Standard Inpatient Weight. GMLOS + 8 Outlier per Diem $4,623.00. Add-on payment, and lesser of 100% of billed charges. GMLOS + 8 Outlier per Diem $4,623.00. Add-on payment, and lesser of 100% of billed charges.",22539.9,,,,,,,Case Rate,"Medicare Base Rate times Standard Inpatient Weight. GMLOS + 8 Outlier per Diem $4,623.00. Add-on payment, and lesser of 100% of billed charges. GMLOS + 8 Outlier per Diem $4,623.00. Add-on payment, and lesser of 100% of billed charges.",9327.79,,,,,,,Case Rate,"Medicare Base Rate times Standard Inpatient Weight. 100 percent of Medicare DRG. Add-on payment,  . 100 percent of Medicare DRG. Add-on payment,  .",,,,,,,,," ",36870.4,,,,,,,Case Rate,"Medicare Base Rate times Standard Inpatient Weight. GMLOS + 6 Outlier per Diem $9,081.00 Add-on payment, and lesser of 100% of billed charges. GMLOS + 6 Outlier per Diem $9,081.00 Add-on payment, and lesser of 100% of billed charges.",,,,,,,,," ",9327.79,,,,,,,Case Rate,"Medicare Base Rate times Standard Inpatient Weight. 100 percent of Medicare DRG. Add-on payment,  . 100 percent of Medicare DRG. Add-on payment,  .",,,,,,,,," ",9327.79,,,,,,,Case Rate,"Medicare Base Rate times Standard Inpatient Weight. 100 percent of Medicare DRG. Add-on payment,  . 100 percent of Medicare DRG. Add-on payment,  .",9327.79,,,,,,,Case Rate,"Medicare Base Rate times Standard Inpatient Weight. 100 percent of Medicare DRG. Add-on payment,  . 100 percent of Medicare DRG. Add-on payment,  .",,,,,,,,," ",,,,,,,,," ",22539.9,,,,,,,Case Rate,"Medicare Base Rate times Standard Inpatient Weight. GMLOS + 8 Outlier per Diem $4,623.00. Add-on payment, and lesser of 100% of billed charges. GMLOS + 8 Outlier per Diem $4,623.00. Add-on payment, and lesser of 100% of billed charges.",25909.95,,,,,,,Case Rate,"Medicare Base Rate times Standard Inpatient Weight. Outlier (25+) per Diem $7,671.00. Add-on payment, and lesser of 100% of billed charges. Outlier (25+) per Diem $7,671.00. Add-on payment, and lesser of 100% of billed charges.",,73,,,,,0,Percent of total billed charges,73 percent of charges.  ; No services were performed during the 15 month look back period.,34120.24,,,,,,,Case Rate,"Medicare Base Rate times Standard Inpatient Weight. AMLOS + 5 Outlier per Diem $7,362.00. Add-on payment, and lesser of 100% of billed charges. AMLOS + 5 Outlier per Diem $7,362.00. Add-on payment, and lesser of 100% of billed charges.",34120.24,,,,,,,Case Rate,"Medicare Base Rate times Standard Inpatient Weight. AMLOS + 5 Outlier per Diem $7,362.00. Add-on payment, and lesser of 100% of billed charges. AMLOS + 5 Outlier per Diem $7,362.00. Add-on payment, and lesser of 100% of billed charges.",23298.23,,,,,,,Case Rate,"Medicare Base Rate times Standard Inpatient Weight. GMLOS + 8 Outlier per Diem $6,968.00. Add-on payment, and lesser of 100% of billed charges. GMLOS + 8 Outlier per Diem $6,968.00. Add-on payment, and lesser of 100% of billed charges.",8674.85,,,,,,,Case Rate,"Medicare Base Rate times Standard Inpatient Weight. 93 percent of Medicare DRG. Add-on payment, and lesser of 100% of billed charges. 93 percent of Medicare DRG. Add-on payment, and lesser of 100% of billed charges.",26337.79,,,,,,,Case Rate,"Medicare Base Rate times Standard Inpatient Weight. Add-on payment, and lesser of 100% of billed charges. Add-on payment, and lesser of 100% of billed charges.",26337.79,,,,,,,Case Rate,"Medicare Base Rate times Standard Inpatient Weight. Add-on payment, and lesser of 100% of billed charges. Add-on payment, and lesser of 100% of billed charges.",29055.8,,,,,,,Case Rate,"Medicare Base Rate times Standard Inpatient Weight. GMLOS + 6 Outlier per Diem $7,265.00 Add-on payment, and lesser of 100% of billed charges. GMLOS + 6 Outlier per Diem $7,265.00 Add-on payment, and lesser of 100% of billed charges.",36870.4,,,,,,,Case Rate,"Medicare Base Rate times Standard Inpatient Weight. GMLOS + 6 Outlier per Diem $9,081.00 Add-on payment, and lesser of 100% of billed charges. GMLOS + 6 Outlier per Diem $9,081.00 Add-on payment, and lesser of 100% of billed charges.",9327.79,,,,,,,Case Rate,"Medicare Base Rate times Standard Inpatient Weight. 100 percent of Medicare DRG. Add-on payment,  . 100 percent of Medicare DRG. Add-on payment,  .",9327.79,,,,,,,Case Rate,"Medicare Base Rate times Standard Inpatient Weight. 100 percent of Medicare DRG. Add-on payment,  . 100 percent of Medicare DRG. Add-on payment,  .",9327.79,,,,,,,Case Rate,"Medicare Base Rate times Standard Inpatient Weight. 100 percent of Medicare DRG. Add-on payment,  . 100 percent of Medicare DRG. Add-on payment,  .",9327.79,,,,,,,Case Rate,"Medicare Base Rate times Standard Inpatient Weight. 100 percent of Medicare DRG. Add-on payment,  . 100 percent of Medicare DRG. Add-on payment,  .",34120.24,,,,,,,Case Rate,"Medicare Base Rate times Standard Inpatient Weight. AMLOS + 5 Outlier per Diem $7,362.00. Add-on payment, and lesser of 100% of billed charges. AMLOS + 5 Outlier per Diem $7,362.00. Add-on payment, and lesser of 100% of billed charges.",36870.4,,,,,,,Case Rate,"Medicare Base Rate times Standard Inpatient Weight. GMLOS + 6 Outlier per Diem $9,081.00 Add-on payment, and lesser of 100% of billed charges. GMLOS + 6 Outlier per Diem $9,081.00 Add-on payment, and lesser of 100% of billed charges.",36870.4,,,,,,,Case Rate,"Medicare Base Rate times Standard Inpatient Weight. GMLOS + 6 Outlier per Diem $9,081.00 Add-on payment, and lesser of 100% of billed charges. GMLOS + 6 Outlier per Diem $9,081.00 Add-on payment, and lesser of 100% of billed charges.",9327.79,,,,,,,Case Rate,"Medicare Base Rate times Standard Inpatient Weight. 100 percent of Medicare DRG. Add-on payment,  . 100 percent of Medicare DRG. Add-on payment,  .",29055.8,,,,,,,Case Rate,"Medicare Base Rate times Standard Inpatient Weight. GMLOS + 6 Outlier per Diem $7,265.00 Add-on payment, and lesser of 100% of billed charges. GMLOS + 6 Outlier per Diem $7,265.00 Add-on payment, and lesser of 100% of billed charges.",26516.43,,,,,,,Case Rate,"Medicare Base Rate times Standard Inpatient Weight. Add-on payment, and lesser of 100% of billed charges. Add-on payment, and lesser of 100% of billed charges.",,,,,,,,," ",,,,,,,,," ",22539.9,,,,,,,Case Rate,"Medicare Base Rate times Standard Inpatient Weight. GMLOS + 8 Outlier per Diem $4,623.00. Add-on payment, and lesser of 100% of billed charges. GMLOS + 8 Outlier per Diem $4,623.00. Add-on payment, and lesser of 100% of billed charges.",32687.55,,,,,,,Case Rate,"Medicare Base Rate times Standard Inpatient Weight. GMLOS + 6 Outlier per Diem $8,173.00 Add-on payment, and lesser of 100% of billed charges. GMLOS + 6 Outlier per Diem $8,173.00 Add-on payment, and lesser of 100% of billed charges.",36870.4,,,,,,,Case Rate,"Medicare Base Rate times Standard Inpatient Weight. GMLOS + 6 Outlier per Diem $9,081.00 Add-on payment, and lesser of 100% of billed charges. GMLOS + 6 Outlier per Diem $9,081.00 Add-on payment, and lesser of 100% of billed charges.",36870.4,,,,,,,Case Rate,"Medicare Base Rate times Standard Inpatient Weight. GMLOS + 6 Outlier per Diem $9,081.00 Add-on payment, and lesser of 100% of billed charges. GMLOS + 6 Outlier per Diem $9,081.00 Add-on payment, and lesser of 100% of billed charges.",26768.31,,,,,,,Case Rate,"Medicare Base Rate times Standard Inpatient Weight. GMLOS + 6 Outlier per Diem $8,221.00. Add-on payment, and lesser of 100% of billed charges. GMLOS + 6 Outlier per Diem $8,221.00. Add-on payment, and lesser of 100% of billed charges.",9327.79,,,,,,,Case Rate,"Medicare Base Rate times Standard Inpatient Weight. 100 percent of Medicare DRG. Add-on payment, . 100 percent of Medicare DRG. Add-on payment, .",,,,,,,,," ",,,,,,,,," ",,,,,,,,," ",,,,,,,,," ",34120.24,,,,,,,Case Rate,"Medicare Base Rate times Standard Inpatient Weight. AMLOS + 5 Outlier per Diem $7,362.00. Add-on payment, and lesser of 100% of billed charges. AMLOS + 5 Outlier per Diem $7,362.00. Add-on payment, and lesser of 100% of billed charges.",,,,,,,,," ",,,,,,,,," ",,,,,,,,," ",,,,,,,,," ",,,,,,,,," ",,,,,,,,," ",,,,,,,,," ",9327.79,,,,,,,Case Rate,"Medicare Base Rate times Standard Inpatient Weight. 100 percent of Medicare DRG. Add-on payment,  . 100 percent of Medicare DRG. Add-on payment,  .",34120.24,,,,,,,Case Rate,"Medicare Base Rate times Standard Inpatient Weight. AMLOS + 5 Outlier per Diem $7,362.00. Add-on payment, and lesser of 100% of billed charges. AMLOS + 5 Outlier per Diem $7,362.00. Add-on payment, and lesser of 100% of billed charges.",9327.79,,,,,,,Case Rate,"Medicare Base Rate times Standard Inpatient Weight. 100 percent of Medicare DRG. Add-on payment,  . 100 percent of Medicare DRG. Add-on payment,  .",,,,,,,,," ",36870.4,,,,,,,Case Rate,"Medicare Base Rate times Standard Inpatient Weight. GMLOS + 6 Outlier per Diem $9,081.00 Add-on payment, and lesser of 100% of billed charges. GMLOS + 6 Outlier per Diem $9,081.00 Add-on payment, and lesser of 100% of billed charges.",9327.79,,,,,,,Case Rate,"Medicare Base Rate times Standard Inpatient Weight. 100 percent of Medicare DRG. Add-on payment,  . 100 percent of Medicare DRG. Add-on payment,  .",36870.4,,,,,,,Case Rate,"Medicare Base Rate times Standard Inpatient Weight. GMLOS + 6 Outlier per Diem $9,081.00 Add-on payment, and lesser of 100% of billed charges. GMLOS + 6 Outlier per Diem $9,081.00 Add-on payment, and lesser of 100% of billed charges.",36870.4,,,,,,,Case Rate,"Medicare Base Rate times Standard Inpatient Weight. GMLOS + 6 Outlier per Diem $9,081.00 Add-on payment, and lesser of 100% of billed charges. GMLOS + 6 Outlier per Diem $9,081.00 Add-on payment, and lesser of 100% of billed charges.",36870.4,,,,,,,Case Rate,"Medicare Base Rate times Standard Inpatient Weight. GMLOS + 6 Outlier per Diem $9,081.00 Add-on payment, and lesser of 100% of billed charges. GMLOS + 6 Outlier per Diem $9,081.00 Add-on payment, and lesser of 100% of billed charges.",,,,,,,,," ",9327.79,,,,,,,Case Rate,"Medicare Base Rate times Standard Inpatient Weight. 100 percent of Medicare DRG. Add-on payment,  . 100 percent of Medicare DRG. Add-on payment,  .",36870.4,,,,,,,Case Rate,"Medicare Base Rate times Standard Inpatient Weight. GMLOS + 6 Outlier per Diem $9,081.00 Add-on payment, and lesser of 100% of billed charges. GMLOS + 6 Outlier per Diem $9,081.00 Add-on payment, and lesser of 100% of billed charges.",,,,,,,,," ",36870.4,,,,,,,Case Rate,"Medicare Base Rate times Standard Inpatient Weight. GMLOS + 6 Outlier per Diem $9,081.00 Add-on payment, and lesser of 100% of billed charges. GMLOS + 6 Outlier per Diem $9,081.00 Add-on payment, and lesser of 100% of billed charges.",9794.18,,,,,,,Case Rate,"105% of the Diagnostic Related Group fee schedule established by CMS for Medicare in force as of the date of payment.. Delay in Discharge per diem $4,007 Delay in Discharge per diem $4,007",9327.79,,,,,,,Case Rate,"Medicare Base Rate times Standard Inpatient Weight. 100 percent of Medicare DRG. Add-on payment, . 100 percent of Medicare DRG. Add-on payment, .",22539.9,,,,,,,Case Rate,"Medicare Base Rate times Standard Inpatient Weight. GMLOS + 8 Outlier per Diem $4,623.00. Add-on payment, and lesser of 100% of billed charges. GMLOS + 8 Outlier per Diem $4,623.00. Add-on payment, and lesser of 100% of billed charges.",22539.9,,,,,,,Case Rate,"Medicare Base Rate times Standard Inpatient Weight. GMLOS + 8 Outlier per Diem $4,623.00. Add-on payment, and lesser of 100% of billed charges. GMLOS + 8 Outlier per Diem $4,623.00. Add-on payment, and lesser of 100% of billed charges.",22539.9,,,,,,,Case Rate,"Medicare Base Rate times Standard Inpatient Weight. GMLOS + 8 Outlier per Diem $4,623.00. Add-on payment, and lesser of 100% of billed charges. GMLOS + 8 Outlier per Diem $4,623.00. Add-on payment, and lesser of 100% of billed charges.",22539.9,,,,,,,Case Rate,"Medicare Base Rate times Standard Inpatient Weight. GMLOS + 8 Outlier per Diem $4,623.00. Add-on payment, and lesser of 100% of billed charges. GMLOS + 8 Outlier per Diem $4,623.00. Add-on payment, and lesser of 100% of billed charges.",22539.9,,,,,,,Case Rate,"Medicare Base Rate times Standard Inpatient Weight. GMLOS + 8 Outlier per Diem $4,623.00. Add-on payment, and lesser of 100% of billed charges. GMLOS + 8 Outlier per Diem $4,623.00. Add-on payment, and lesser of 100% of billed charges.",26516.43,,,,,,,Case Rate,"Medicare Base Rate times Standard Inpatient Weight. Add-on payment, and lesser of 100% of billed charges. Add-on payment, and lesser of 100% of billed charges.",26516.43,,,,,,,Case Rate,"Medicare Base Rate times Standard Inpatient Weight. Add-on payment, and lesser of 100% of billed charges. Add-on payment, and lesser of 100% of billed charges.",22539.9,,,,,,,Case Rate,"Medicare Base Rate times Standard Inpatient Weight. GMLOS + 8 Outlier per Diem $4,623.00. Add-on payment, and lesser of 100% of billed charges. GMLOS + 8 Outlier per Diem $4,623.00. Add-on payment, and lesser of 100% of billed charges.",22539.9,,,,,,,Case Rate,"Medicare Base Rate times Standard Inpatient Weight. GMLOS + 8 Outlier per Diem $4,623.00. Add-on payment, and lesser of 100% of billed charges. GMLOS + 8 Outlier per Diem $4,623.00. Add-on payment, and lesser of 100% of billed charges.",22539.9,,,,,,,Case Rate,"Medicare Base Rate times Standard Inpatient Weight. GMLOS + 8 Outlier per Diem $4,623.00. Add-on payment, and lesser of 100% of billed charges. GMLOS + 8 Outlier per Diem $4,623.00. Add-on payment, and lesser of 100% of billed charges.",22539.9,,,,,,,Case Rate,"Medicare Base Rate times Standard Inpatient Weight. GMLOS + 8 Outlier per Diem $4,623.00. Add-on payment, and lesser of 100% of billed charges. GMLOS + 8 Outlier per Diem $4,623.00. Add-on payment, and lesser of 100% of billed charges.",22539.9,,,,,,,Case Rate,"Medicare Base Rate times Standard Inpatient Weight. GMLOS + 8 Outlier per Diem $4,623.00. Add-on payment, and lesser of 100% of billed charges. GMLOS + 8 Outlier per Diem $4,623.00. Add-on payment, and lesser of 100% of billed charges.",9327.79,,,,,,,Case Rate,"Medicare Base Rate times Standard Inpatient Weight. 100 percent of Medicare DRG. Add-on payment,  . 100 percent of Medicare DRG. Add-on payment,  .",26516.43,,,,,,,Case Rate,"Medicare Base Rate times Standard Inpatient Weight. Add-on payment, and lesser of 100% of billed charges. Add-on payment, and lesser of 100% of billed charges.",9327.79,,,,,,,Case Rate,"Medicare Base Rate times Standard Inpatient Weight. 100 percent of Medicare DRG. Add-on payment,  . 100 percent of Medicare DRG. Add-on payment,  .",,,,,,,,," ",,,,,,,,," ",34120.24,,,,,,,Case Rate,"Medicare Base Rate times Standard Inpatient Weight. AMLOS + 5 Outlier per Diem $7,362.00. Add-on payment, and lesser of 100% of billed charges. AMLOS + 5 Outlier per Diem $7,362.00. Add-on payment, and lesser of 100% of billed charges.",34120.24,,,,,,,Case Rate,"Medicare Base Rate times Standard Inpatient Weight. AMLOS + 5 Outlier per Diem $7,362.00. Add-on payment, and lesser of 100% of billed charges. AMLOS + 5 Outlier per Diem $7,362.00. Add-on payment, and lesser of 100% of billed charges.",9327.79,,,,,,,Case Rate,"Medicare Base Rate times Standard Inpatient Weight. 100 percent of Medicare DRG. Add-on payment,  . 100 percent of Medicare DRG. Add-on payment,  .",26337.79,,,,,,,Case Rate,"Medicare Base Rate times Standard Inpatient Weight. Add-on payment, and lesser of 100% of billed charges. Add-on payment, and lesser of 100% of billed charges.",9327.79,,,,,,,Case Rate,"Medicare Base Rate times Standard Inpatient Weight. 100 percent of Medicare DRG. Add-on payment,  . 100 percent of Medicare DRG. Add-on payment,  .",9327.79,,,,,,,Case Rate,"Medicare Base Rate times Standard Inpatient Weight. 100 percent of Medicare DRG. Add-on payment,  . 100 percent of Medicare DRG. Add-on payment,  .",23298.23,,,,,,,Case Rate,"Medicare Base Rate times Standard Inpatient Weight. GMLOS + 8 Outlier per Diem $6,968.00. Add-on payment, and lesser of 100% of billed charges. GMLOS + 8 Outlier per Diem $6,968.00. Add-on payment, and lesser of 100% of billed charges.",9327.79,,,,,,,Case Rate,"Medicare Base Rate times Standard Inpatient Weight. 100 percent of Medicare DRG. Add-on payment,  . 100 percent of Medicare DRG. Add-on payment,  .",25909.95,,,,,,,Case Rate,"Medicare Base Rate times Standard Inpatient Weight. Outlier (25+) per Diem $7,671.00. Add-on payment, and lesser of 100% of billed charges. Outlier (25+) per Diem $7,671.00. Add-on payment, and lesser of 100% of billed charges.",9327.79,,,,,,,Case Rate,"Medicare Base Rate times Standard Inpatient Weight. 100 percent of Medicare DRG. Add-on payment,  . 100 percent of Medicare DRG. Add-on payment,  .",25909.95,,,,,,,Case Rate,"Medicare Base Rate times Standard Inpatient Weight. Outlier (25+) per Diem $7,671.00. Add-on payment, and lesser of 100% of billed charges. Outlier (25+) per Diem $7,671.00. Add-on payment, and lesser of 100% of billed charges.",23298.23,,,,,,,Case Rate,"Medicare Base Rate times Standard Inpatient Weight. GMLOS + 8 Outlier per Diem $6,968.00. Add-on payment, and lesser of 100% of billed charges. GMLOS + 8 Outlier per Diem $6,968.00. Add-on payment, and lesser of 100% of billed charges.",25909.95,,,,,,,Case Rate,"Medicare Base Rate times Standard Inpatient Weight. Outlier (25+) per Diem $7,671.00. Add-on payment, and lesser of 100% of billed charges. Outlier (25+) per Diem $7,671.00. Add-on payment, and lesser of 100% of billed charges.",9327.79,,,,,,,Case Rate,"Medicare Base Rate times Standard Inpatient Weight. 100 percent of Medicare DRG. Add-on payment,  . 100 percent of Medicare DRG. Add-on payment,  .",,,,,,,,," ",9327.79,,,,,,,Case Rate,"Medicare Base Rate times Standard Inpatient Weight. 100 percent of Medicare DRG. Add-on payment,  . 100 percent of Medicare DRG. Add-on payment,  .",25909.95,,,,,,,Case Rate,"Medicare Base Rate times Standard Inpatient Weight. Outlier (25+) per Diem $7,671.00. Add-on payment, and lesser of 100% of billed charges. Outlier (25+) per Diem $7,671.00. Add-on payment, and lesser of 100% of billed charges.",34120.24,,,,,,,Case Rate,"Medicare Base Rate times Standard Inpatient Weight. AMLOS + 5 Outlier per Diem $7,362.00. Add-on payment, and lesser of 100% of billed charges. AMLOS + 5 Outlier per Diem $7,362.00. Add-on payment, and lesser of 100% of billed charges.",,,,,,,,," ",36870.4,,,,,,,Case Rate,"Medicare Base Rate times Standard Inpatient Weight. GMLOS + 6 Outlier per Diem $9,081.00 Add-on payment, and lesser of 100% of billed charges. GMLOS + 6 Outlier per Diem $9,081.00 Add-on payment, and lesser of 100% of billed charges.",,,,,,,,," ",,,,,,,,," ",36319.3,,,,,,,Case Rate,"Medicare Base Rate times Standard Inpatient Weight. GMLOS + 6 Outlier per Diem $9,081.00 Add-on payment, and lesser of 100% of billed charges. GMLOS + 6 Outlier per Diem $9,081.00 Add-on payment, and lesser of 100% of billed charges.",36319.3,,,,,,,Case Rate,"Medicare Base Rate times Standard Inpatient Weight. GMLOS + 6 Outlier per Diem $9,081.00 Add-on payment, and lesser of 100% of billed charges. GMLOS + 6 Outlier per Diem $9,081.00 Add-on payment, and lesser of 100% of billed charges.",36870.4,,,,,,,Case Rate,"Medicare Base Rate times Standard Inpatient Weight. GMLOS + 6 Outlier per Diem $9,081.00 Add-on payment, and lesser of 100% of billed charges. GMLOS + 6 Outlier per Diem $9,081.00 Add-on payment, and lesser of 100% of billed charges.",34120.24,,,,,,,Case Rate,"Medicare Base Rate times Standard Inpatient Weight. AMLOS + 5 Outlier per Diem $7,362.00. Add-on payment, and lesser of 100% of billed charges. AMLOS + 5 Outlier per Diem $7,362.00. Add-on payment, and lesser of 100% of billed charges.",36870.4,,,,,,,Case Rate,"Medicare Base Rate times Standard Inpatient Weight. GMLOS + 6 Outlier per Diem $9,081.00 Add-on payment, and lesser of 100% of billed charges. GMLOS + 6 Outlier per Diem $9,081.00 Add-on payment, and lesser of 100% of billed charges.",36319.3,,,,,,,Case Rate,"Medicare Base Rate times Standard Inpatient Weight. GMLOS + 6 Outlier per Diem $9,081.00 Add-on payment, and lesser of 100% of billed charges. GMLOS + 6 Outlier per Diem $9,081.00 Add-on payment, and lesser of 100% of billed charges.",36870.4,,,,,,,Case Rate,"Medicare Base Rate times Standard Inpatient Weight. GMLOS + 6 Outlier per Diem $9,081.00 Add-on payment, and lesser of 100% of billed charges. GMLOS + 6 Outlier per Diem $9,081.00 Add-on payment, and lesser of 100% of billed charges.",22539.9,,,,,,,Case Rate,"Medicare Base Rate times Standard Inpatient Weight. GMLOS + 8 Outlier per Diem $4,623.00. Add-on payment, and lesser of 100% of billed charges. GMLOS + 8 Outlier per Diem $4,623.00. Add-on payment, and lesser of 100% of billed charges.",22539.9,,,,,,,Case Rate,"Medicare Base Rate times Standard Inpatient Weight. GMLOS + 8 Outlier per Diem $4,623.00. Add-on payment, and lesser of 100% of billed charges. GMLOS + 8 Outlier per Diem $4,623.00. Add-on payment, and lesser of 100% of billed charges.",24221.61,,,,,,,Case Rate,. 200 percent of Medicare 200 percent of Medicare,,,,,,,,," ",34120.24,,,,,,,Case Rate,"Medicare Base Rate times Standard Inpatient Weight. AMLOS + 5 Outlier per Diem $7,362.00. Add-on payment, and lesser of 100% of billed charges. AMLOS + 5 Outlier per Diem $7,362.00. Add-on payment, and lesser of 100% of billed charges.",25909.95,,,,,,,Case Rate,"Medicare Base Rate times Standard Inpatient Weight. Outlier (25+) per Diem $7,671.00. Add-on payment, and lesser of 100% of billed charges. Outlier (25+) per Diem $7,671.00. Add-on payment, and lesser of 100% of billed charges.",23298.23,,,,,,,Case Rate,"Medicare Base Rate times Standard Inpatient Weight. GMLOS + 8 Outlier per Diem $6,968.00. Add-on payment, and lesser of 100% of billed charges. GMLOS + 8 Outlier per Diem $6,968.00. Add-on payment, and lesser of 100% of billed charges.",34120.24,,,,,,,Case Rate,"Medicare Base Rate times Standard Inpatient Weight. AMLOS + 5 Outlier per Diem $7,362.00. Add-on payment, and lesser of 100% of billed charges. AMLOS + 5 Outlier per Diem $7,362.00. Add-on payment, and lesser of 100% of billed charges.",23298.23,,,,,,,Case Rate,"Medicare Base Rate times Standard Inpatient Weight. GMLOS + 8 Outlier per Diem $6,968.00. Add-on payment, and lesser of 100% of billed charges. GMLOS + 8 Outlier per Diem $6,968.00. Add-on payment, and lesser of 100% of billed charges.",34120.24,,,,,,,Case Rate,"Medicare Base Rate times Standard Inpatient Weight. AMLOS + 5 Outlier per Diem $7,362.00. Add-on payment, and lesser of 100% of billed charges. AMLOS + 5 Outlier per Diem $7,362.00. Add-on payment, and lesser of 100% of billed charges.",36870.4,,,,,,,Case Rate,"Medicare Base Rate times Standard Inpatient Weight. GMLOS + 6 Outlier per Diem $9,081.00 Add-on payment, and lesser of 100% of billed charges. GMLOS + 6 Outlier per Diem $9,081.00 Add-on payment, and lesser of 100% of billed charges.",36319.3,,,,,,,Case Rate,"Medicare Base Rate times Standard Inpatient Weight. GMLOS + 6 Outlier per Diem $9,081.00 Add-on payment, and lesser of 100% of billed charges. GMLOS + 6 Outlier per Diem $9,081.00 Add-on payment, and lesser of 100% of billed charges.",36319.3,,,,,,,Case Rate,"Medicare Base Rate times Standard Inpatient Weight. GMLOS + 6 Outlier per Diem $9,081.00 Add-on payment, and lesser of 100% of billed charges. GMLOS + 6 Outlier per Diem $9,081.00 Add-on payment, and lesser of 100% of billed charges.",36870.4,,,,,,,Case Rate,"Medicare Base Rate times Standard Inpatient Weight. GMLOS + 6 Outlier per Diem $9,081.00 Add-on payment, and lesser of 100% of billed charges. GMLOS + 6 Outlier per Diem $9,081.00 Add-on payment, and lesser of 100% of billed charges.",9327.79,,,,,,,Case Rate,"Medicare Base Rate times Standard Inpatient Weight. 100 percent of Medicare DRG. Add-on payment,  . 100 percent of Medicare DRG. Add-on payment,  .",8143.2,40660.25,
MS660,DRG,,,,,MS-DRG 660 KIDNEY AND URETER PROCEDURES FOR NON-NEOPLASM WITH CC,,,Inpatient,,,,42417.32,,,,,,,Case Rate,Medicare Base Rate times Standard Inpatient Weight. Local 1199 High/Low day Outlier Local 1199 High/Low day Outlier,42417.32,,,,,,,Case Rate,Medicare Base Rate times Standard Inpatient Weight. Local 1199 High/Low day Outlier Local 1199 High/Low day Outlier,34475.22,,,,,,,Case Rate,"Medicare Base Rate times Standard Inpatient Weight. GMLOS + 8 Outlier per Diem $6,968.00. Add-on payment, and lesser of 100% of billed charges. GMLOS + 8 Outlier per Diem $6,968.00. Add-on payment, and lesser of 100% of billed charges.",,100,,,,,0,Percent of total billed charges,100 percent of charges.  ; No services were performed during the 15 month look back period.,13538.9,,,,,,,Case Rate,"Medicare Base Rate times Standard Inpatient Weight. 100 percent of Medicare DRG. Add-on payment,  . 100 percent of Medicare DRG. Add-on payment,  .",34475.22,,,,,,,Case Rate,"Medicare Base Rate times Standard Inpatient Weight. GMLOS + 8 Outlier per Diem $6,968.00. Add-on payment, and lesser of 100% of billed charges. GMLOS + 8 Outlier per Diem $6,968.00. Add-on payment, and lesser of 100% of billed charges.",34475.22,,,,,,,Case Rate,"Medicare Base Rate times Standard Inpatient Weight. GMLOS + 8 Outlier per Diem $6,968.00. Add-on payment, and lesser of 100% of billed charges. GMLOS + 8 Outlier per Diem $6,968.00. Add-on payment, and lesser of 100% of billed charges.",34475.22,,,,,,,Case Rate,"Medicare Base Rate times Standard Inpatient Weight. GMLOS + 8 Outlier per Diem $6,968.00. Add-on payment, and lesser of 100% of billed charges. GMLOS + 8 Outlier per Diem $6,968.00. Add-on payment, and lesser of 100% of billed charges.",,,,,,,,," ",,,,,,,,," ",,73,,,,,0,Percent of total billed charges,73 percent of charges.  ; No services were performed during the 15 month look back period.,50488.94,,,,,,,Case Rate,"Medicare Base Rate times Standard Inpatient Weight. AMLOS + 5 Outlier per Diem $7,362.00. Add-on payment, and lesser of 100% of billed charges. AMLOS + 5 Outlier per Diem $7,362.00. Add-on payment, and lesser of 100% of billed charges.",,,,,,,,," ",13538.9,,,,,,,Case Rate,"Medicare Base Rate times Standard Inpatient Weight. 100 percent of Medicare DRG. Add-on payment,  . 100 percent of Medicare DRG. Add-on payment,  .",38339.87,,,,,,,Case Rate,"Medicare Base Rate times Standard Inpatient Weight. Outlier (25+) per Diem $7,671.00. Add-on payment, and lesser of 100% of billed charges. Outlier (25+) per Diem $7,671.00. Add-on payment, and lesser of 100% of billed charges.",38339.87,,,,,,,Case Rate,"Medicare Base Rate times Standard Inpatient Weight. Outlier (25+) per Diem $7,671.00. Add-on payment, and lesser of 100% of billed charges. Outlier (25+) per Diem $7,671.00. Add-on payment, and lesser of 100% of billed charges.",38339.87,,,,,,,Case Rate,"Medicare Base Rate times Standard Inpatient Weight. Outlier (25+) per Diem $7,671.00. Add-on payment, and lesser of 100% of billed charges. Outlier (25+) per Diem $7,671.00. Add-on payment, and lesser of 100% of billed charges.",38339.87,,,,,,,Case Rate,"Medicare Base Rate times Standard Inpatient Weight. Outlier (25+) per Diem $7,671.00. Add-on payment, and lesser of 100% of billed charges. Outlier (25+) per Diem $7,671.00. Add-on payment, and lesser of 100% of billed charges.",,,,,,,,," ",13538.9,,,,,,,Case Rate,"Medicare Base Rate times Standard Inpatient Weight. 100 percent of Medicare DRG. Add-on payment,  . 100 percent of Medicare DRG. Add-on payment,  .",,,,,,,,," ",,73,,,,,0,Percent of total billed charges,73 percent of charges.  ; No services were performed during the 15 month look back period.,34475.22,,,,,,,Case Rate,"Medicare Base Rate times Standard Inpatient Weight. GMLOS + 8 Outlier per Diem $6,968.00. Add-on payment, and lesser of 100% of billed charges. GMLOS + 8 Outlier per Diem $6,968.00. Add-on payment, and lesser of 100% of billed charges.",13538.9,,,,,,,Case Rate,"Medicare Base Rate times Standard Inpatient Weight. 100 percent of Medicare DRG. Add-on payment, and lesser of 100% of billed charges. 100 percent of Medicare DRG. Add-on payment, and lesser of 100% of billed charges.",39237.31,,,,,,,Case Rate,"Medicare Base Rate times Standard Inpatient Weight. Add-on payment, and lesser of 100% of billed charges. Add-on payment, and lesser of 100% of billed charges.",13538.9,,,,,,,Case Rate,"Medicare Base Rate times Standard Inpatient Weight. 100 percent of Medicare DRG. Add-on payment, and lesser of 100% of billed charges. 100 percent of Medicare DRG. Add-on payment, and lesser of 100% of billed charges.",13538.9,,,,,,,Case Rate,"Medicare Base Rate times Standard Inpatient Weight. 100 percent of Medicare DRG. Add-on payment, and lesser of 100% of billed charges. 100 percent of Medicare DRG. Add-on payment, and lesser of 100% of billed charges.",,73,,,,,0,Percent of total billed charges,73 percent of charges.  ; No services were performed during the 15 month look back period.,,,,,,,,," ",,,,,,,,," ",,,,,,,,," ",,,,,,,,," ",39237.31,,,,,,,Case Rate,"Medicare Base Rate times Standard Inpatient Weight. Add-on payment, and lesser of 100% of billed charges. Add-on payment, and lesser of 100% of billed charges.",39237.31,,,,,,,Case Rate,"Medicare Base Rate times Standard Inpatient Weight. Add-on payment, and lesser of 100% of billed charges. Add-on payment, and lesser of 100% of billed charges.",,,,,,,,," ",39237.31,,,,,,,Case Rate,"Medicare Base Rate times Standard Inpatient Weight. Add-on payment, and lesser of 100% of billed charges. Add-on payment, and lesser of 100% of billed charges.",,,,,,,,," ",13538.9,,,,,,,Case Rate,"Medicare Base Rate times Standard Inpatient Weight. 100 percent of Medicare DRG. Add-on payment, . 100 percent of Medicare DRG. Add-on payment, .",39237.31,,,,,,,Case Rate,"Medicare Base Rate times Standard Inpatient Weight. Add-on payment, and lesser of 100% of billed charges. Add-on payment, and lesser of 100% of billed charges.",,73,,,,,0,Percent of total billed charges,73 percent of charges.  ; No services were performed during the 15 month look back period.,,,,,,,,," ",,,,,,,,," ",,73,,,,,0,Percent of total billed charges,73 percent of charges.  ; No services were performed during the 15 month look back period.,38339.87,,,,,,,Case Rate,"Medicare Base Rate times Standard Inpatient Weight. Outlier (25+) per Diem $7,671.00. Add-on payment, and lesser of 100% of billed charges. Outlier (25+) per Diem $7,671.00. Add-on payment, and lesser of 100% of billed charges.",36727.4,,,,,,,Case Rate,"Medicare Base Rate times Standard Inpatient Weight. AMLOS + 5 Outlier per Diem $7,167.00. Add-on payment, and lesser of 100% of billed charges. AMLOS + 5 Outlier per Diem $7,167.00. Add-on payment, and lesser of 100% of billed charges.",36727.4,,,,,,,Case Rate,"Medicare Base Rate times Standard Inpatient Weight. AMLOS + 5 Outlier per Diem $7,167.00. Add-on payment, and lesser of 100% of billed charges. AMLOS + 5 Outlier per Diem $7,167.00. Add-on payment, and lesser of 100% of billed charges.",,73,,,,,0,Percent of total billed charges,73 percent of charges.  ; No services were performed during the 15 month look back period.,13538.9,,,,,,,Case Rate,"Medicare Base Rate times Standard Inpatient Weight. 100 percent of Medicare DRG. Add-on payment,  . 100 percent of Medicare DRG. Add-on payment,  .",50488.94,,,,,,,Case Rate,"Medicare Base Rate times Standard Inpatient Weight. AMLOS + 5 Outlier per Diem $7,362.00. Add-on payment, and lesser of 100% of billed charges. AMLOS + 5 Outlier per Diem $7,362.00. Add-on payment, and lesser of 100% of billed charges.",50488.94,,,,,,,Case Rate,"Medicare Base Rate times Standard Inpatient Weight. AMLOS + 5 Outlier per Diem $7,362.00. Add-on payment, and lesser of 100% of billed charges. AMLOS + 5 Outlier per Diem $7,362.00. Add-on payment, and lesser of 100% of billed charges.",50488.94,,,,,,,Case Rate,"Medicare Base Rate times Standard Inpatient Weight. AMLOS + 5 Outlier per Diem $7,362.00. Add-on payment, and lesser of 100% of billed charges. AMLOS + 5 Outlier per Diem $7,362.00. Add-on payment, and lesser of 100% of billed charges.",13538.9,,,,,,,Case Rate,"Medicare Base Rate times Standard Inpatient Weight. 100 percent of Medicare DRG. Add-on payment,  . 100 percent of Medicare DRG. Add-on payment,  .",50488.94,,,,,,,Case Rate,"Medicare Base Rate times Standard Inpatient Weight. AMLOS + 5 Outlier per Diem $7,362.00. Add-on payment, and lesser of 100% of billed charges. AMLOS + 5 Outlier per Diem $7,362.00. Add-on payment, and lesser of 100% of billed charges.",50488.94,,,,,,,Case Rate,"Medicare Base Rate times Standard Inpatient Weight. AMLOS + 5 Outlier per Diem $7,362.00. Add-on payment, and lesser of 100% of billed charges. AMLOS + 5 Outlier per Diem $7,362.00. Add-on payment, and lesser of 100% of billed charges.",13538.9,,,,,,,Case Rate,"Medicare Base Rate times Standard Inpatient Weight. 100 percent of Medicare DRG. Add-on payment, and lesser of 100% of billed charges. 100 percent of Medicare DRG. Add-on payment, and lesser of 100% of billed charges.",57487.34,,,,,,,Case Rate,"Medicare Base Rate times Standard Inpatient Weight. GMLOS + 6 Outlier per Diem $7727.00. Add-on payment, and lesser of 100% of billed charges. GMLOS + 6 Outlier per Diem $7727.00. Add-on payment, and lesser of 100% of billed charges.",99546.47,,,,,,,Case Rate,". Add-on payment, and lesser of 100% of billed charges. Add-on payment, and lesser of 100% of billed charges.",99546.47,,,,,,,Case Rate,". Add-on payment, and lesser of 100% of billed charges. Add-on payment, and lesser of 100% of billed charges.",98219.92,,,,,,,Case Rate,". Add-on payment, and lesser of 100% of billed charges. Add-on payment, and lesser of 100% of billed charges.",113977.6,,,,,,,Case Rate,". Add-on payment, and lesser of 100% of billed charges. Add-on payment, and lesser of 100% of billed charges.",98219.92,,,,,,,Case Rate,". Add-on payment, and lesser of 100% of billed charges. Add-on payment, and lesser of 100% of billed charges.",99546.47,,,,,,,Case Rate,". Add-on payment, and lesser of 100% of billed charges. Add-on payment, and lesser of 100% of billed charges.",13538.9,,,,,,,Case Rate,"Medicare Base Rate times Standard Inpatient Weight. 100 percent of Medicare DRG. Add-on payment,  . 100 percent of Medicare DRG. Add-on payment,  .",13538.9,,,,,,,Case Rate,"Medicare Base Rate times Standard Inpatient Weight. 100 percent of Medicare DRG. Add-on payment,  . 100 percent of Medicare DRG. Add-on payment,  .",113977.6,,,,,,,Case Rate,". Add-on payment, and lesser of 100% of billed charges. Add-on payment, and lesser of 100% of billed charges.",,73,,,,,0,Percent of total billed charges,73 percent of charges.  ; No services were performed during the 15 month look back period.,,73,,,,,0,Percent of total billed charges,73 percent of charges.  ; No services were performed during the 15 month look back period.,,73,,,,,0,Percent of total billed charges,73 percent of charges.  ; No services were performed during the 15 month look back period.,,73,,,,,0,Percent of total billed charges,73 percent of charges.  ; No services were performed during the 15 month look back period.,,73,,,,,0,Percent of total billed charges,73 percent of charges.  ; No services were performed during the 15 month look back period.,,73,,,,,0,Percent of total billed charges,73 percent of charges.  ; No services were performed during the 15 month look back period.,,73,,,,,0,Percent of total billed charges,73 percent of charges.  ; No services were performed during the 15 month look back period.,,73,,,,,0,Percent of total billed charges,73 percent of charges.  ; No services were performed during the 15 month look back period.,,73,,,,,0,Percent of total billed charges,73 percent of charges.  ; No services were performed during the 15 month look back period.,,73,,,,,0,Percent of total billed charges,73 percent of charges.  ; No services were performed during the 15 month look back period.,,73,,,,,0,Percent of total billed charges,73 percent of charges.  ; No services were performed during the 15 month look back period.,,73,,,,,0,Percent of total billed charges,73 percent of charges.  ; No services were performed during the 15 month look back period.,,73,,,,,0,Percent of total billed charges,73 percent of charges.  ; No services were performed during the 15 month look back period.,,73,,,,,0,Percent of total billed charges,73 percent of charges.  ; No services were performed during the 15 month look back period.,,73,,,,,0,Percent of total billed charges,73 percent of charges.  ; No services were performed during the 15 month look back period.,,73,,,,,0,Percent of total billed charges,73 percent of charges.  ; No services were performed during the 15 month look back period.,,73,,,,,0,Percent of total billed charges,73 percent of charges.  ; No services were performed during the 15 month look back period.,,73,,,,,0,Percent of total billed charges,73 percent of charges.  ; No services were performed during the 15 month look back period.,,73,,,,,0,Percent of total billed charges,73 percent of charges.  ; No services were performed during the 15 month look back period.,,73,,,,,0,Percent of total billed charges,73 percent of charges.  ; No services were performed during the 15 month look back period.,,73,,,,,0,Percent of total billed charges,73 percent of charges.  ; No services were performed during the 15 month look back period.,,73,,,,,0,Percent of total billed charges,73 percent of charges.  ; No services were performed during the 15 month look back period.,,73,,,,,0,Percent of total billed charges,73 percent of charges.  ; No services were performed during the 15 month look back period.,,73,,,,,0,Percent of total billed charges,73 percent of charges.  ; No services were performed during the 15 month look back period.,,73,,,,,0,Percent of total billed charges,73 percent of charges.  ; No services were performed during the 15 month look back period.,,73,,,,,0,Percent of total billed charges,73 percent of charges.  ; No services were performed during the 15 month look back period.,39237.31,,,,,,,Case Rate,"Medicare Base Rate times Standard Inpatient Weight. Add-on payment, and lesser of 100% of billed charges. Add-on payment, and lesser of 100% of billed charges.",39237.31,,,,,,,Case Rate,"Medicare Base Rate times Standard Inpatient Weight. Add-on payment, and lesser of 100% of billed charges. Add-on payment, and lesser of 100% of billed charges.",39237.31,,,,,,,Case Rate,"Medicare Base Rate times Standard Inpatient Weight. Add-on payment, and lesser of 100% of billed charges. Add-on payment, and lesser of 100% of billed charges.",39237.31,,,,,,,Case Rate,"Medicare Base Rate times Standard Inpatient Weight. Add-on payment, and lesser of 100% of billed charges. Add-on payment, and lesser of 100% of billed charges.",38972.97,,,,,,,Case Rate,"Medicare Base Rate times Standard Inpatient Weight. Add-on payment, and lesser of 100% of billed charges. Add-on payment, and lesser of 100% of billed charges.",38972.97,,,,,,,Case Rate,"Medicare Base Rate times Standard Inpatient Weight. Add-on payment, and lesser of 100% of billed charges. Add-on payment, and lesser of 100% of billed charges.",38339.87,,,,,,,Case Rate,"Medicare Base Rate times Standard Inpatient Weight. Outlier (25+) per Diem $7,671.00. Add-on payment, and lesser of 100% of billed charges. Outlier (25+) per Diem $7,671.00. Add-on payment, and lesser of 100% of billed charges.",99546.47,,,,,,,Case Rate,". Add-on payment, and lesser of 100% of billed charges. Add-on payment, and lesser of 100% of billed charges.",50488.94,,,,,,,Case Rate,"Medicare Base Rate times Standard Inpatient Weight. AMLOS + 5 Outlier per Diem $7,362.00. Add-on payment, and lesser of 100% of billed charges. AMLOS + 5 Outlier per Diem $7,362.00. Add-on payment, and lesser of 100% of billed charges.",98219.92,,,,,,,Case Rate,". Add-on payment, and lesser of 100% of billed charges. Add-on payment, and lesser of 100% of billed charges.",,73,,,,,0,Percent of total billed charges,73 percent of charges.  ; No services were performed during the 15 month look back period.,38972.97,,,,,,,Case Rate,"Medicare Base Rate times Standard Inpatient Weight. Add-on payment, and lesser of 100% of billed charges. Add-on payment, and lesser of 100% of billed charges.",99546.47,,,,,,,Case Rate,". Add-on payment, and lesser of 100% of billed charges. Add-on payment, and lesser of 100% of billed charges.",50488.94,,,,,,,Case Rate,"Medicare Base Rate times Standard Inpatient Weight. AMLOS + 5 Outlier per Diem $7,362.00. Add-on payment, and lesser of 100% of billed charges. AMLOS + 5 Outlier per Diem $7,362.00. Add-on payment, and lesser of 100% of billed charges.",38339.87,,,,,,,Case Rate,"Medicare Base Rate times Standard Inpatient Weight. Outlier (25+) per Diem $7,671.00. Add-on payment, and lesser of 100% of billed charges. Outlier (25+) per Diem $7,671.00. Add-on payment, and lesser of 100% of billed charges.",,,,,,,,," ",,73,,,,,0,Percent of total billed charges,73 percent of charges.  ; No services were performed during the 15 month look back period.,,,,,,,,," ",39237.31,,,,,,,Case Rate,"Medicare Base Rate times Standard Inpatient Weight. Add-on payment, and lesser of 100% of billed charges. Add-on payment, and lesser of 100% of billed charges.",,,,,,,,," ",13538.9,,,,,,,Case Rate,"Medicare Base Rate times Standard Inpatient Weight. 100 percent of Medicare DRG. Add-on payment, . 100 percent of Medicare DRG. Add-on payment, .",13538.9,,,,,,,Case Rate,"Medicare Base Rate times Standard Inpatient Weight. 100 percent of Medicare DRG. Add-on payment,  . 100 percent of Medicare DRG. Add-on payment,  .",57487.34,,,,,,,Case Rate,"Medicare Base Rate times Standard Inpatient Weight. GMLOS + 6 Outlier per Diem $7727.00. Add-on payment, and lesser of 100% of billed charges. GMLOS + 6 Outlier per Diem $7727.00. Add-on payment, and lesser of 100% of billed charges.",13538.9,,,,,,,Case Rate,"Medicare Base Rate times Standard Inpatient Weight. 100 percent of Medicare DRG. Add-on payment,  . 100 percent of Medicare DRG. Add-on payment,  .",13538.9,,,,,,,Case Rate,"Medicare Base Rate times Standard Inpatient Weight. 100 percent of Medicare DRG. Add-on payment,  . 100 percent of Medicare DRG. Add-on payment,  .",,,,,,,,," ",13538.9,,,,,,,Case Rate,"Medicare Base Rate times Standard Inpatient Weight. 100 percent of Medicare DRG. Add-on payment,  . 100 percent of Medicare DRG. Add-on payment,  .",13538.9,,,,,,,Case Rate,"Medicare Base Rate times Standard Inpatient Weight. 100 percent of Medicare DRG. Add-on payment,  . 100 percent of Medicare DRG. Add-on payment,  .",34475.22,,,,,,,Case Rate,"Medicare Base Rate times Standard Inpatient Weight. GMLOS + 8 Outlier per Diem $6,968.00. Add-on payment, and lesser of 100% of billed charges. GMLOS + 8 Outlier per Diem $6,968.00. Add-on payment, and lesser of 100% of billed charges.",34475.22,,,,,,,Case Rate,"Medicare Base Rate times Standard Inpatient Weight. GMLOS + 8 Outlier per Diem $6,968.00. Add-on payment, and lesser of 100% of billed charges. GMLOS + 8 Outlier per Diem $6,968.00. Add-on payment, and lesser of 100% of billed charges.",13538.9,,,,,,,Case Rate,"Medicare Base Rate times Standard Inpatient Weight. 100 percent of Medicare DRG. Add-on payment,  . 100 percent of Medicare DRG. Add-on payment,  .",38339.87,,,,,,,Case Rate,"Medicare Base Rate times Standard Inpatient Weight. Outlier (25+) per Diem $7,671.00. Add-on payment, and lesser of 100% of billed charges. Outlier (25+) per Diem $7,671.00. Add-on payment, and lesser of 100% of billed charges.",50488.94,,,,,,,Case Rate,"Medicare Base Rate times Standard Inpatient Weight. AMLOS + 5 Outlier per Diem $7,362.00. Add-on payment, and lesser of 100% of billed charges. AMLOS + 5 Outlier per Diem $7,362.00. Add-on payment, and lesser of 100% of billed charges.",50488.94,,,,,,,Case Rate,"Medicare Base Rate times Standard Inpatient Weight. AMLOS + 5 Outlier per Diem $7,362.00. Add-on payment, and lesser of 100% of billed charges. AMLOS + 5 Outlier per Diem $7,362.00. Add-on payment, and lesser of 100% of billed charges.",13538.9,,,,,,,Case Rate,"Medicare Base Rate times Standard Inpatient Weight. 100 percent of Medicare DRG. Add-on payment,  . 100 percent of Medicare DRG. Add-on payment,  .",38339.87,,,,,,,Case Rate,"Medicare Base Rate times Standard Inpatient Weight. Outlier (25+) per Diem $7,671.00. Add-on payment, and lesser of 100% of billed charges. Outlier (25+) per Diem $7,671.00. Add-on payment, and lesser of 100% of billed charges.",34475.22,,,,,,,Case Rate,"Medicare Base Rate times Standard Inpatient Weight. GMLOS + 8 Outlier per Diem $6,968.00. Add-on payment, and lesser of 100% of billed charges. GMLOS + 8 Outlier per Diem $6,968.00. Add-on payment, and lesser of 100% of billed charges.",34475.22,,,,,,,Case Rate,"Medicare Base Rate times Standard Inpatient Weight. GMLOS + 8 Outlier per Diem $6,968.00. Add-on payment, and lesser of 100% of billed charges. GMLOS + 8 Outlier per Diem $6,968.00. Add-on payment, and lesser of 100% of billed charges.",34475.22,,,,,,,Case Rate,"Medicare Base Rate times Standard Inpatient Weight. GMLOS + 8 Outlier per Diem $6,968.00. Add-on payment, and lesser of 100% of billed charges. GMLOS + 8 Outlier per Diem $6,968.00. Add-on payment, and lesser of 100% of billed charges.",,73,,,,,0,Percent of total billed charges,73 percent of charges.  ; No services were performed during the 15 month look back period.,,73,,,,,0,Percent of total billed charges,73 percent of charges.  ; No services were performed during the 15 month look back period.,,73,,,,,0,Percent of total billed charges,73 percent of charges.  ; No services were performed during the 15 month look back period.,,73,,,,,0,Percent of total billed charges,73 percent of charges.  ; No services were performed during the 15 month look back period.,,73,,,,,0,Percent of total billed charges,73 percent of charges.  ; No services were performed during the 15 month look back period.,,73,,,,,0,Percent of total billed charges,73 percent of charges.  ; No services were performed during the 15 month look back period.,,73,,,,,0,Percent of total billed charges,73 percent of charges.  ; No services were performed during the 15 month look back period.,,73,,,,,0,Percent of total billed charges,73 percent of charges.  ; No services were performed during the 15 month look back period.,,73,,,,,0,Percent of total billed charges,73 percent of charges.  ; No services were performed during the 15 month look back period.,,73,,,,,0,Percent of total billed charges,73 percent of charges.  ; No services were performed during the 15 month look back period.,,73,,,,,0,Percent of total billed charges,73 percent of charges.  ; No services were performed during the 15 month look back period.,38972.97,,,,,,,Case Rate,"Medicare Base Rate times Standard Inpatient Weight. Add-on payment, and lesser of 100% of billed charges. Add-on payment, and lesser of 100% of billed charges.",99546.47,,,,,,,Case Rate,". Add-on payment, and lesser of 100% of billed charges. Add-on payment, and lesser of 100% of billed charges.",38339.87,,,,,,,Case Rate,"Medicare Base Rate times Standard Inpatient Weight. Outlier (25+) per Diem $7,671.00. Add-on payment, and lesser of 100% of billed charges. Outlier (25+) per Diem $7,671.00. Add-on payment, and lesser of 100% of billed charges.",13538.9,,,,,,,Case Rate,"Medicare Base Rate times Standard Inpatient Weight. 100 percent of Medicare DRG. Add-on payment,  . 100 percent of Medicare DRG. Add-on payment,  .",34475.22,,,,,,,Case Rate,"Medicare Base Rate times Standard Inpatient Weight. GMLOS + 8 Outlier per Diem $6,968.00. Add-on payment, and lesser of 100% of billed charges. GMLOS + 8 Outlier per Diem $6,968.00. Add-on payment, and lesser of 100% of billed charges.",38339.87,,,,,,,Case Rate,"Medicare Base Rate times Standard Inpatient Weight. Outlier (25+) per Diem $7,671.00. Add-on payment, and lesser of 100% of billed charges. Outlier (25+) per Diem $7,671.00. Add-on payment, and lesser of 100% of billed charges.",38339.87,,,,,,,Case Rate,"Medicare Base Rate times Standard Inpatient Weight. Outlier (25+) per Diem $7,671.00. Add-on payment, and lesser of 100% of billed charges. Outlier (25+) per Diem $7,671.00. Add-on payment, and lesser of 100% of billed charges.",,73,,,,,0,Percent of total billed charges,73 percent of charges.  ; No services were performed during the 15 month look back period.,,,,,,,,," ",38339.87,,,,,,,Case Rate,"Medicare Base Rate times Standard Inpatient Weight. Outlier (25+) per Diem $7,671.00. Add-on payment, and lesser of 100% of billed charges. Outlier (25+) per Diem $7,671.00. Add-on payment, and lesser of 100% of billed charges.",,,,,,,,," ",13538.9,,,,,,,Case Rate,"Medicare Base Rate times Standard Inpatient Weight. 100 percent of Medicare DRG. Add-on payment,  . 100 percent of Medicare DRG. Add-on payment,  .",13538.9,,,,,,,Case Rate,"Medicare Base Rate times Standard Inpatient Weight. 100 percent of Medicare DRG. Add-on payment,  . 100 percent of Medicare DRG. Add-on payment,  .",13538.9,,,,,,,Case Rate,"Medicare Base Rate times Standard Inpatient Weight. 100 percent of Medicare DRG. Add-on payment,  . 100 percent of Medicare DRG. Add-on payment,  .",13538.9,,,,,,,Case Rate,"Medicare Base Rate times Standard Inpatient Weight. 100 percent of Medicare DRG. Add-on payment,  . 100 percent of Medicare DRG. Add-on payment,  .",13538.9,,,,,,,Case Rate,"Medicare Base Rate times Standard Inpatient Weight. 100 percent of Medicare DRG. Add-on payment,  . 100 percent of Medicare DRG. Add-on payment,  .",13538.9,,,,,,,Case Rate,"Medicare Base Rate times Standard Inpatient Weight. 100 percent of Medicare DRG. Add-on payment,  . 100 percent of Medicare DRG. Add-on payment,  .",38339.87,,,,,,,Case Rate,"Medicare Base Rate times Standard Inpatient Weight. Outlier (25+) per Diem $7,671.00. Add-on payment, and lesser of 100% of billed charges. Outlier (25+) per Diem $7,671.00. Add-on payment, and lesser of 100% of billed charges.",57487.34,,,,,,,Case Rate,"Medicare Base Rate times Standard Inpatient Weight. GMLOS + 6 Outlier per Diem $7727.00. Add-on payment, and lesser of 100% of billed charges. GMLOS + 6 Outlier per Diem $7727.00. Add-on payment, and lesser of 100% of billed charges.",,,,,,,,," ",,,,,,,,," ",,,,,,,,," ",,,,,,,,," ",,,,,,,,," ",,,,,,,,," ",57487.34,,,,,,,Case Rate,"Medicare Base Rate times Standard Inpatient Weight. GMLOS + 6 Outlier per Diem $7727.00. Add-on payment, and lesser of 100% of billed charges. GMLOS + 6 Outlier per Diem $7727.00. Add-on payment, and lesser of 100% of billed charges.",35314.05,,,,,,,Case Rate,. 200 percent of Medicare 200 percent of Medicare,35314.05,,,,,,,Case Rate,. 200 percent of Medicare 200 percent of Medicare,35314.05,,,,,,,Case Rate,. 200 percent of Medicare 200 percent of Medicare,35314.05,,,,,,,Case Rate,. 200 percent of Medicare 200 percent of Medicare,35314.05,,,,,,,Case Rate,. 200 percent of Medicare 200 percent of Medicare,13538.9,,,,,,,Case Rate,"Medicare Base Rate times Standard Inpatient Weight. 100 percent of Medicare DRG. Add-on payment,  . 100 percent of Medicare DRG. Add-on payment,  .",38972.97,,,,,,,Case Rate,"Medicare Base Rate times Standard Inpatient Weight. Add-on payment, and lesser of 100% of billed charges. Add-on payment, and lesser of 100% of billed charges.",38972.97,,,,,,,Case Rate,"Medicare Base Rate times Standard Inpatient Weight. Add-on payment, and lesser of 100% of billed charges. Add-on payment, and lesser of 100% of billed charges.",38972.97,,,,,,,Case Rate,"Medicare Base Rate times Standard Inpatient Weight. Add-on payment, and lesser of 100% of billed charges. Add-on payment, and lesser of 100% of billed charges.",38972.97,,,,,,,Case Rate,"Medicare Base Rate times Standard Inpatient Weight. Add-on payment, and lesser of 100% of billed charges. Add-on payment, and lesser of 100% of billed charges.",34475.22,,,,,,,Case Rate,"Medicare Base Rate times Standard Inpatient Weight. GMLOS + 8 Outlier per Diem $6,968.00. Add-on payment, and lesser of 100% of billed charges. GMLOS + 8 Outlier per Diem $6,968.00. Add-on payment, and lesser of 100% of billed charges.",34475.22,,,,,,,Case Rate,"Medicare Base Rate times Standard Inpatient Weight. GMLOS + 8 Outlier per Diem $6,968.00. Add-on payment, and lesser of 100% of billed charges. GMLOS + 8 Outlier per Diem $6,968.00. Add-on payment, and lesser of 100% of billed charges.",34475.22,,,,,,,Case Rate,"Medicare Base Rate times Standard Inpatient Weight. GMLOS + 8 Outlier per Diem $6,968.00. Add-on payment, and lesser of 100% of billed charges. GMLOS + 8 Outlier per Diem $6,968.00. Add-on payment, and lesser of 100% of billed charges.",34475.22,,,,,,,Case Rate,"Medicare Base Rate times Standard Inpatient Weight. GMLOS + 8 Outlier per Diem $6,968.00. Add-on payment, and lesser of 100% of billed charges. GMLOS + 8 Outlier per Diem $6,968.00. Add-on payment, and lesser of 100% of billed charges.",57487.34,,,,,,,Case Rate,"Medicare Base Rate times Standard Inpatient Weight. GMLOS + 6 Outlier per Diem $7727.00. Add-on payment, and lesser of 100% of billed charges. GMLOS + 6 Outlier per Diem $7727.00. Add-on payment, and lesser of 100% of billed charges.",57487.34,,,,,,,Case Rate,"Medicare Base Rate times Standard Inpatient Weight. GMLOS + 6 Outlier per Diem $7727.00. Add-on payment, and lesser of 100% of billed charges. GMLOS + 6 Outlier per Diem $7727.00. Add-on payment, and lesser of 100% of billed charges.",13538.9,,,,,,,Case Rate,"Medicare Base Rate times Standard Inpatient Weight. 100 percent of Medicare DRG. Add-on payment,  . 100 percent of Medicare DRG. Add-on payment,  .",13538.9,,,,,,,Case Rate,"Medicare Base Rate times Standard Inpatient Weight. 100 percent of Medicare DRG. Add-on payment,  . 100 percent of Medicare DRG. Add-on payment,  .",13538.9,,,,,,,Case Rate,"Medicare Base Rate times Standard Inpatient Weight. 100 percent of Medicare DRG. Add-on payment,  . 100 percent of Medicare DRG. Add-on payment,  .",99546.47,,,,,,,Case Rate,". Add-on payment, and lesser of 100% of billed charges. Add-on payment, and lesser of 100% of billed charges.",99546.47,,,,,,,Case Rate,". Add-on payment, and lesser of 100% of billed charges. Add-on payment, and lesser of 100% of billed charges.",99546.47,,,,,,,Case Rate,". Add-on payment, and lesser of 100% of billed charges. Add-on payment, and lesser of 100% of billed charges.",57487.34,,,,,,,Case Rate,"Medicare Base Rate times Standard Inpatient Weight. GMLOS + 6 Outlier per Diem $7727.00. Add-on payment, and lesser of 100% of billed charges. GMLOS + 6 Outlier per Diem $7727.00. Add-on payment, and lesser of 100% of billed charges.",34475.22,,,,,,,Case Rate,"Medicare Base Rate times Standard Inpatient Weight. GMLOS + 8 Outlier per Diem $6,968.00. Add-on payment, and lesser of 100% of billed charges. GMLOS + 8 Outlier per Diem $6,968.00. Add-on payment, and lesser of 100% of billed charges.",13538.9,,,,,,,Case Rate,"Medicare Base Rate times Standard Inpatient Weight. 100 percent of Medicare DRG. Add-on payment,  . 100 percent of Medicare DRG. Add-on payment,  .",98219.92,,,,,,,Case Rate,". Add-on payment, and lesser of 100% of billed charges. Add-on payment, and lesser of 100% of billed charges.",,,,,,,,," ",13809.68,,,,,,,Case Rate,"Medicare Base Rate times Standard Inpatient Weight. 100 percent of Medicare DRG. Add-on payment, and lesser of 100% of billed charges. 100 percent of Medicare DRG. Add-on payment, and lesser of 100% of billed charges.",13809.68,,,,,,,Case Rate,"Medicare Base Rate times Standard Inpatient Weight. 100 percent of Medicare DRG. Add-on payment, and lesser of 100% of billed charges. 100 percent of Medicare DRG. Add-on payment, and lesser of 100% of billed charges.",13809.68,,,,,,,Case Rate,"Medicare Base Rate times Standard Inpatient Weight. 100 percent of Medicare DRG. Add-on payment, and lesser of 100% of billed charges. 100 percent of Medicare DRG. Add-on payment, and lesser of 100% of billed charges.",,,,,,,,," ",,,,,,,,," ",,,,,,,,," ",,,,,,,,," ",,,,,,,,," ",,,,,,,,," ",13809.68,,,,,,,Case Rate,"Medicare Base Rate times Standard Inpatient Weight. 100 percent of Medicare DRG. Add-on payment, and lesser of 100% of billed charges. 100 percent of Medicare DRG. Add-on payment, and lesser of 100% of billed charges.",,,,,,,,," ",,,,,,,,," ",,,,,,,,," ",,,,,,,,," ",,,,,,,,," ",,,,,,,,," ",,,,,,,,," ",13538.9,,,,,,,Case Rate,"Medicare Base Rate times Standard Inpatient Weight. 100 percent of Medicare DRG. Add-on payment,  . 100 percent of Medicare DRG. Add-on payment,  .",13538.9,,,,,,,Case Rate,"Medicare Base Rate times Standard Inpatient Weight. 100 percent of Medicare DRG. Add-on payment,  . 100 percent of Medicare DRG. Add-on payment,  .",34475.22,,,,,,,Case Rate,"Medicare Base Rate times Standard Inpatient Weight. GMLOS + 8 Outlier per Diem $6,968.00. Add-on payment, and lesser of 100% of billed charges. GMLOS + 8 Outlier per Diem $6,968.00. Add-on payment, and lesser of 100% of billed charges.",13538.9,,,,,,,Case Rate,"Medicare Base Rate times Standard Inpatient Weight. 100 percent of Medicare DRG. Add-on payment,  . 100 percent of Medicare DRG. Add-on payment,  .",,,,,,,,," ",,,,,,,,," ",,,,,,,,," ",,,,,,,,," ",,,,,,,,," ",,,,,,,,," ",,,,,,,,," ",,,,,,,,," ",,,,,,,,," ",,,,,,,,," ",,,,,,,,," ",57487.34,,,,,,,Case Rate,"Medicare Base Rate times Standard Inpatient Weight. GMLOS + 6 Outlier per Diem $7727.00. Add-on payment, and lesser of 100% of billed charges. GMLOS + 6 Outlier per Diem $7727.00. Add-on payment, and lesser of 100% of billed charges.",,,,,,,,," ",,,,,,,,," ",,,,,,,,," ",,,,,,,,," ",99546.47,,,,,,,Case Rate,". Add-on payment, and lesser of 100% of billed charges. Add-on payment, and lesser of 100% of billed charges.",98219.92,,,,,,,Case Rate,". Add-on payment, and lesser of 100% of billed charges. Add-on payment, and lesser of 100% of billed charges.",13538.9,,,,,,,Case Rate,"Medicare Base Rate times Standard Inpatient Weight. 100 percent of Medicare DRG. Add-on payment,  . 100 percent of Medicare DRG. Add-on payment,  .",98219.92,,,,,,,Case Rate,". Add-on payment, and lesser of 100% of billed charges. Add-on payment, and lesser of 100% of billed charges.",99546.47,,,,,,,Case Rate,". Add-on payment, and lesser of 100% of billed charges. Add-on payment, and lesser of 100% of billed charges.",99546.47,,,,,,,Case Rate,". Add-on payment, and lesser of 100% of billed charges. Add-on payment, and lesser of 100% of billed charges.",98219.92,,,,,,,Case Rate,". Add-on payment, and lesser of 100% of billed charges. Add-on payment, and lesser of 100% of billed charges.",13538.9,,,,,,,Case Rate,"Medicare Base Rate times Standard Inpatient Weight. 100 percent of Medicare DRG. Add-on payment,  . 100 percent of Medicare DRG. Add-on payment,  .",98219.92,,,,,,,Case Rate,". Add-on payment, and lesser of 100% of billed charges. Add-on payment, and lesser of 100% of billed charges.",99546.47,,,,,,,Case Rate,". Add-on payment, and lesser of 100% of billed charges. Add-on payment, and lesser of 100% of billed charges.",34475.22,,,,,,,Case Rate,"Medicare Base Rate times Standard Inpatient Weight. GMLOS + 8 Outlier per Diem $6,968.00. Add-on payment, and lesser of 100% of billed charges. GMLOS + 8 Outlier per Diem $6,968.00. Add-on payment, and lesser of 100% of billed charges.",,,,,,,,," ",,,,,,,,," ",,,,,,,,," ",,,,,,,,," ",,,,,,,,," ",,,,,,,,," ",,,,,,,,," ",,,,,,,,," ",,,,,,,,," ",,,,,,,,," ",,,,,,,,," ",,,,,,,,," ",,,,,,,,," ",,,,,,,,," ",38339.87,,,,,,,Case Rate,"Medicare Base Rate times Standard Inpatient Weight. Outlier (25+) per Diem $7,671.00. Add-on payment, and lesser of 100% of billed charges. Outlier (25+) per Diem $7,671.00. Add-on payment, and lesser of 100% of billed charges.",,,,,,,,," ",13538.9,,,,,,,Case Rate,"Medicare Base Rate times Standard Inpatient Weight. 100 percent of Medicare DRG. Add-on payment,  . 100 percent of Medicare DRG. Add-on payment,  .",42417.32,,,,,,,Case Rate,Medicare Base Rate times Standard Inpatient Weight. Local 1199 High/Low day Outlier Local 1199 High/Low day Outlier,13538.9,,,,,,,Case Rate,"Medicare Base Rate times Standard Inpatient Weight. 100 percent of Medicare DRG. Add-on payment,  . 100 percent of Medicare DRG. Add-on payment,  .",13538.9,,,,,,,Case Rate,"Medicare Base Rate times Standard Inpatient Weight. 100 percent of Medicare DRG. Add-on payment,  . 100 percent of Medicare DRG. Add-on payment,  .",,,,,,,,," ",,,,,,,,," ",,,,,,,,," ",,,,,,,,," ",,,,,,,,," ",33353.1,,,,,,,Case Rate,"Medicare Base Rate times Standard Inpatient Weight. GMLOS + 8 Outlier per Diem $4,623.00. Add-on payment, and lesser of 100% of billed charges. GMLOS + 8 Outlier per Diem $4,623.00. Add-on payment, and lesser of 100% of billed charges.",34475.22,,,,,,,Case Rate,"Medicare Base Rate times Standard Inpatient Weight. GMLOS + 8 Outlier per Diem $6,968.00. Add-on payment, and lesser of 100% of billed charges. GMLOS + 8 Outlier per Diem $6,968.00. Add-on payment, and lesser of 100% of billed charges.",39237.31,,,,,,,Case Rate,"Medicare Base Rate times Standard Inpatient Weight. Add-on payment, and lesser of 100% of billed charges. Add-on payment, and lesser of 100% of billed charges.",38339.87,,,,,,,Case Rate,"Medicare Base Rate times Standard Inpatient Weight. Outlier (25+) per Diem $7,671.00. Add-on payment, and lesser of 100% of billed charges. Outlier (25+) per Diem $7,671.00. Add-on payment, and lesser of 100% of billed charges.",13538.9,,,,,,,Case Rate,"Medicare Base Rate times Standard Inpatient Weight. 100 percent of Medicare DRG. Add-on payment, . 100 percent of Medicare DRG. Add-on payment, .",13538.9,,,,,,,Case Rate,"Medicare Base Rate times Standard Inpatient Weight. 100 percent of Medicare DRG. Add-on payment,  . 100 percent of Medicare DRG. Add-on payment,  .",13538.9,,,,,,,Case Rate,"Medicare Base Rate times Standard Inpatient Weight. 100 percent of Medicare DRG. Add-on payment,  . 100 percent of Medicare DRG. Add-on payment,  .",13538.9,,,,,,,Case Rate,"Medicare Base Rate times Standard Inpatient Weight. 100 percent of Medicare DRG. Add-on payment,  . 100 percent of Medicare DRG. Add-on payment,  .",13538.9,,,,,,,Case Rate,"Medicare Base Rate times Standard Inpatient Weight. 100 percent of Medicare DRG. Add-on payment, . 100 percent of Medicare DRG. Add-on payment, .",13538.9,,,,,,,Case Rate,"Medicare Base Rate times Standard Inpatient Weight. 100 percent of Medicare DRG. Add-on payment,  . 100 percent of Medicare DRG. Add-on payment,  .",,,,,,,,," ",,,,,,,,," ",,,,,,,,," ",99546.47,,,,,,,Case Rate,". Add-on payment, and lesser of 100% of billed charges. Add-on payment, and lesser of 100% of billed charges.",33353.1,,,,,,,Case Rate,"Medicare Base Rate times Standard Inpatient Weight. GMLOS + 8 Outlier per Diem $4,623.00. Add-on payment, and lesser of 100% of billed charges. GMLOS + 8 Outlier per Diem $4,623.00. Add-on payment, and lesser of 100% of billed charges.",33353.1,,,,,,,Case Rate,"Medicare Base Rate times Standard Inpatient Weight. GMLOS + 8 Outlier per Diem $4,623.00. Add-on payment, and lesser of 100% of billed charges. GMLOS + 8 Outlier per Diem $4,623.00. Add-on payment, and lesser of 100% of billed charges.",33353.1,,,,,,,Case Rate,"Medicare Base Rate times Standard Inpatient Weight. GMLOS + 8 Outlier per Diem $4,623.00. Add-on payment, and lesser of 100% of billed charges. GMLOS + 8 Outlier per Diem $4,623.00. Add-on payment, and lesser of 100% of billed charges.",33353.1,,,,,,,Case Rate,"Medicare Base Rate times Standard Inpatient Weight. GMLOS + 8 Outlier per Diem $4,623.00. Add-on payment, and lesser of 100% of billed charges. GMLOS + 8 Outlier per Diem $4,623.00. Add-on payment, and lesser of 100% of billed charges.",13538.9,,,,,,,Case Rate,"Medicare Base Rate times Standard Inpatient Weight. 100 percent of Medicare DRG. Add-on payment,  . 100 percent of Medicare DRG. Add-on payment,  .",,,,,,,,," ",99546.47,,,,,,,Case Rate,". Add-on payment, and lesser of 100% of billed charges. Add-on payment, and lesser of 100% of billed charges.",,,,,,,,," ",13538.9,,,,,,,Case Rate,"Medicare Base Rate times Standard Inpatient Weight. 100 percent of Medicare DRG. Add-on payment,  . 100 percent of Medicare DRG. Add-on payment,  .",,,,,,,,," ",13538.9,,,,,,,Case Rate,"Medicare Base Rate times Standard Inpatient Weight. 100 percent of Medicare DRG. Add-on payment,  . 100 percent of Medicare DRG. Add-on payment,  .",13538.9,,,,,,,Case Rate,"Medicare Base Rate times Standard Inpatient Weight. 100 percent of Medicare DRG. Add-on payment,  . 100 percent of Medicare DRG. Add-on payment,  .",,,,,,,,," ",,,,,,,,," ",33353.1,,,,,,,Case Rate,"Medicare Base Rate times Standard Inpatient Weight. GMLOS + 8 Outlier per Diem $4,623.00. Add-on payment, and lesser of 100% of billed charges. GMLOS + 8 Outlier per Diem $4,623.00. Add-on payment, and lesser of 100% of billed charges.",38339.87,,,,,,,Case Rate,"Medicare Base Rate times Standard Inpatient Weight. Outlier (25+) per Diem $7,671.00. Add-on payment, and lesser of 100% of billed charges. Outlier (25+) per Diem $7,671.00. Add-on payment, and lesser of 100% of billed charges.",,73,,,,,0,Percent of total billed charges,73 percent of charges.  ; No services were performed during the 15 month look back period.,50488.94,,,,,,,Case Rate,"Medicare Base Rate times Standard Inpatient Weight. AMLOS + 5 Outlier per Diem $7,362.00. Add-on payment, and lesser of 100% of billed charges. AMLOS + 5 Outlier per Diem $7,362.00. Add-on payment, and lesser of 100% of billed charges.",50488.94,,,,,,,Case Rate,"Medicare Base Rate times Standard Inpatient Weight. AMLOS + 5 Outlier per Diem $7,362.00. Add-on payment, and lesser of 100% of billed charges. AMLOS + 5 Outlier per Diem $7,362.00. Add-on payment, and lesser of 100% of billed charges.",34475.22,,,,,,,Case Rate,"Medicare Base Rate times Standard Inpatient Weight. GMLOS + 8 Outlier per Diem $6,968.00. Add-on payment, and lesser of 100% of billed charges. GMLOS + 8 Outlier per Diem $6,968.00. Add-on payment, and lesser of 100% of billed charges.",12591.18,,,,,,,Case Rate,"Medicare Base Rate times Standard Inpatient Weight. 93 percent of Medicare DRG. Add-on payment, and lesser of 100% of billed charges. 93 percent of Medicare DRG. Add-on payment, and lesser of 100% of billed charges.",38972.97,,,,,,,Case Rate,"Medicare Base Rate times Standard Inpatient Weight. Add-on payment, and lesser of 100% of billed charges. Add-on payment, and lesser of 100% of billed charges.",38972.97,,,,,,,Case Rate,"Medicare Base Rate times Standard Inpatient Weight. Add-on payment, and lesser of 100% of billed charges. Add-on payment, and lesser of 100% of billed charges.",78576,,,,,,,Case Rate,". Add-on payment, and lesser of 100% of billed charges. Add-on payment, and lesser of 100% of billed charges.",99546.47,,,,,,,Case Rate,". Add-on payment, and lesser of 100% of billed charges. Add-on payment, and lesser of 100% of billed charges.",13538.9,,,,,,,Case Rate,"Medicare Base Rate times Standard Inpatient Weight. 100 percent of Medicare DRG. Add-on payment,  . 100 percent of Medicare DRG. Add-on payment,  .",13538.9,,,,,,,Case Rate,"Medicare Base Rate times Standard Inpatient Weight. 100 percent of Medicare DRG. Add-on payment,  . 100 percent of Medicare DRG. Add-on payment,  .",13538.9,,,,,,,Case Rate,"Medicare Base Rate times Standard Inpatient Weight. 100 percent of Medicare DRG. Add-on payment,  . 100 percent of Medicare DRG. Add-on payment,  .",13538.9,,,,,,,Case Rate,"Medicare Base Rate times Standard Inpatient Weight. 100 percent of Medicare DRG. Add-on payment,  . 100 percent of Medicare DRG. Add-on payment,  .",50488.94,,,,,,,Case Rate,"Medicare Base Rate times Standard Inpatient Weight. AMLOS + 5 Outlier per Diem $7,362.00. Add-on payment, and lesser of 100% of billed charges. AMLOS + 5 Outlier per Diem $7,362.00. Add-on payment, and lesser of 100% of billed charges.",99546.47,,,,,,,Case Rate,". Add-on payment, and lesser of 100% of billed charges. Add-on payment, and lesser of 100% of billed charges.",99546.47,,,,,,,Case Rate,". Add-on payment, and lesser of 100% of billed charges. Add-on payment, and lesser of 100% of billed charges.",13538.9,,,,,,,Case Rate,"Medicare Base Rate times Standard Inpatient Weight. 100 percent of Medicare DRG. Add-on payment,  . 100 percent of Medicare DRG. Add-on payment,  .",78576,,,,,,,Case Rate,". Add-on payment, and lesser of 100% of billed charges. Add-on payment, and lesser of 100% of billed charges.",39237.31,,,,,,,Case Rate,"Medicare Base Rate times Standard Inpatient Weight. Add-on payment, and lesser of 100% of billed charges. Add-on payment, and lesser of 100% of billed charges.",,,,,,,,," ",,,,,,,,," ",33353.1,,,,,,,Case Rate,"Medicare Base Rate times Standard Inpatient Weight. GMLOS + 8 Outlier per Diem $4,623.00. Add-on payment, and lesser of 100% of billed charges. GMLOS + 8 Outlier per Diem $4,623.00. Add-on payment, and lesser of 100% of billed charges.",88398,,,,,,,Case Rate,". Add-on payment, and lesser of 100% of billed charges. Add-on payment, and lesser of 100% of billed charges.",99546.47,,,,,,,Case Rate,". Add-on payment, and lesser of 100% of billed charges. Add-on payment, and lesser of 100% of billed charges.",99546.47,,,,,,,Case Rate,". Add-on payment, and lesser of 100% of billed charges. Add-on payment, and lesser of 100% of billed charges.",39610.03,,,,,,,Case Rate,"Medicare Base Rate times Standard Inpatient Weight. GMLOS + 6 Outlier per Diem $7727.00. Add-on payment, and lesser of 100% of billed charges. GMLOS + 6 Outlier per Diem $7727.00. Add-on payment, and lesser of 100% of billed charges.",13538.9,,,,,,,Case Rate,"Medicare Base Rate times Standard Inpatient Weight. 100 percent of Medicare DRG. Add-on payment, . 100 percent of Medicare DRG. Add-on payment, .",,,,,,,,," ",,,,,,,,," ",,,,,,,,," ",,,,,,,,," ",50488.94,,,,,,,Case Rate,"Medicare Base Rate times Standard Inpatient Weight. AMLOS + 5 Outlier per Diem $7,362.00. Add-on payment, and lesser of 100% of billed charges. AMLOS + 5 Outlier per Diem $7,362.00. Add-on payment, and lesser of 100% of billed charges.",,,,,,,,," ",,,,,,,,," ",,,,,,,,," ",,,,,,,,," ",,,,,,,,," ",,,,,,,,," ",,,,,,,,," ",13538.9,,,,,,,Case Rate,"Medicare Base Rate times Standard Inpatient Weight. 100 percent of Medicare DRG. Add-on payment,  . 100 percent of Medicare DRG. Add-on payment,  .",50488.94,,,,,,,Case Rate,"Medicare Base Rate times Standard Inpatient Weight. AMLOS + 5 Outlier per Diem $7,362.00. Add-on payment, and lesser of 100% of billed charges. AMLOS + 5 Outlier per Diem $7,362.00. Add-on payment, and lesser of 100% of billed charges.",13538.9,,,,,,,Case Rate,"Medicare Base Rate times Standard Inpatient Weight. 100 percent of Medicare DRG. Add-on payment,  . 100 percent of Medicare DRG. Add-on payment,  .",,,,,,,,," ",99546.47,,,,,,,Case Rate,". Add-on payment, and lesser of 100% of billed charges. Add-on payment, and lesser of 100% of billed charges.",13538.9,,,,,,,Case Rate,"Medicare Base Rate times Standard Inpatient Weight. 100 percent of Medicare DRG. Add-on payment,  . 100 percent of Medicare DRG. Add-on payment,  .",99546.47,,,,,,,Case Rate,". Add-on payment, and lesser of 100% of billed charges. Add-on payment, and lesser of 100% of billed charges.",99546.47,,,,,,,Case Rate,". Add-on payment, and lesser of 100% of billed charges. Add-on payment, and lesser of 100% of billed charges.",99546.47,,,,,,,Case Rate,". Add-on payment, and lesser of 100% of billed charges. Add-on payment, and lesser of 100% of billed charges.",,,,,,,,," ",13538.9,,,,,,,Case Rate,"Medicare Base Rate times Standard Inpatient Weight. 100 percent of Medicare DRG. Add-on payment,  . 100 percent of Medicare DRG. Add-on payment,  .",99546.47,,,,,,,Case Rate,". Add-on payment, and lesser of 100% of billed charges. Add-on payment, and lesser of 100% of billed charges.",,,,,,,,," ",99546.47,,,,,,,Case Rate,". Add-on payment, and lesser of 100% of billed charges. Add-on payment, and lesser of 100% of billed charges.",14215.84,,,,,,,Case Rate,"105% of the Diagnostic Related Group fee schedule established by CMS for Medicare in force as of the date of payment.. Delay in Discharge per diem $4,007 Delay in Discharge per diem $4,007",13538.9,,,,,,,Case Rate,"Medicare Base Rate times Standard Inpatient Weight. 100 percent of Medicare DRG. Add-on payment, . 100 percent of Medicare DRG. Add-on payment, .",33353.1,,,,,,,Case Rate,"Medicare Base Rate times Standard Inpatient Weight. GMLOS + 8 Outlier per Diem $4,623.00. Add-on payment, and lesser of 100% of billed charges. GMLOS + 8 Outlier per Diem $4,623.00. Add-on payment, and lesser of 100% of billed charges.",33353.1,,,,,,,Case Rate,"Medicare Base Rate times Standard Inpatient Weight. GMLOS + 8 Outlier per Diem $4,623.00. Add-on payment, and lesser of 100% of billed charges. GMLOS + 8 Outlier per Diem $4,623.00. Add-on payment, and lesser of 100% of billed charges.",33353.1,,,,,,,Case Rate,"Medicare Base Rate times Standard Inpatient Weight. GMLOS + 8 Outlier per Diem $4,623.00. Add-on payment, and lesser of 100% of billed charges. GMLOS + 8 Outlier per Diem $4,623.00. Add-on payment, and lesser of 100% of billed charges.",33353.1,,,,,,,Case Rate,"Medicare Base Rate times Standard Inpatient Weight. GMLOS + 8 Outlier per Diem $4,623.00. Add-on payment, and lesser of 100% of billed charges. GMLOS + 8 Outlier per Diem $4,623.00. Add-on payment, and lesser of 100% of billed charges.",33353.1,,,,,,,Case Rate,"Medicare Base Rate times Standard Inpatient Weight. GMLOS + 8 Outlier per Diem $4,623.00. Add-on payment, and lesser of 100% of billed charges. GMLOS + 8 Outlier per Diem $4,623.00. Add-on payment, and lesser of 100% of billed charges.",39237.31,,,,,,,Case Rate,"Medicare Base Rate times Standard Inpatient Weight. Add-on payment, and lesser of 100% of billed charges. Add-on payment, and lesser of 100% of billed charges.",39237.31,,,,,,,Case Rate,"Medicare Base Rate times Standard Inpatient Weight. Add-on payment, and lesser of 100% of billed charges. Add-on payment, and lesser of 100% of billed charges.",33353.1,,,,,,,Case Rate,"Medicare Base Rate times Standard Inpatient Weight. GMLOS + 8 Outlier per Diem $4,623.00. Add-on payment, and lesser of 100% of billed charges. GMLOS + 8 Outlier per Diem $4,623.00. Add-on payment, and lesser of 100% of billed charges.",33353.1,,,,,,,Case Rate,"Medicare Base Rate times Standard Inpatient Weight. GMLOS + 8 Outlier per Diem $4,623.00. Add-on payment, and lesser of 100% of billed charges. GMLOS + 8 Outlier per Diem $4,623.00. Add-on payment, and lesser of 100% of billed charges.",33353.1,,,,,,,Case Rate,"Medicare Base Rate times Standard Inpatient Weight. GMLOS + 8 Outlier per Diem $4,623.00. Add-on payment, and lesser of 100% of billed charges. GMLOS + 8 Outlier per Diem $4,623.00. Add-on payment, and lesser of 100% of billed charges.",33353.1,,,,,,,Case Rate,"Medicare Base Rate times Standard Inpatient Weight. GMLOS + 8 Outlier per Diem $4,623.00. Add-on payment, and lesser of 100% of billed charges. GMLOS + 8 Outlier per Diem $4,623.00. Add-on payment, and lesser of 100% of billed charges.",33353.1,,,,,,,Case Rate,"Medicare Base Rate times Standard Inpatient Weight. GMLOS + 8 Outlier per Diem $4,623.00. Add-on payment, and lesser of 100% of billed charges. GMLOS + 8 Outlier per Diem $4,623.00. Add-on payment, and lesser of 100% of billed charges.",13538.9,,,,,,,Case Rate,"Medicare Base Rate times Standard Inpatient Weight. 100 percent of Medicare DRG. Add-on payment,  . 100 percent of Medicare DRG. Add-on payment,  .",39237.31,,,,,,,Case Rate,"Medicare Base Rate times Standard Inpatient Weight. Add-on payment, and lesser of 100% of billed charges. Add-on payment, and lesser of 100% of billed charges.",13538.9,,,,,,,Case Rate,"Medicare Base Rate times Standard Inpatient Weight. 100 percent of Medicare DRG. Add-on payment,  . 100 percent of Medicare DRG. Add-on payment,  .",,,,,,,,," ",,,,,,,,," ",50488.94,,,,,,,Case Rate,"Medicare Base Rate times Standard Inpatient Weight. AMLOS + 5 Outlier per Diem $7,362.00. Add-on payment, and lesser of 100% of billed charges. AMLOS + 5 Outlier per Diem $7,362.00. Add-on payment, and lesser of 100% of billed charges.",50488.94,,,,,,,Case Rate,"Medicare Base Rate times Standard Inpatient Weight. AMLOS + 5 Outlier per Diem $7,362.00. Add-on payment, and lesser of 100% of billed charges. AMLOS + 5 Outlier per Diem $7,362.00. Add-on payment, and lesser of 100% of billed charges.",13538.9,,,,,,,Case Rate,"Medicare Base Rate times Standard Inpatient Weight. 100 percent of Medicare DRG. Add-on payment,  . 100 percent of Medicare DRG. Add-on payment,  .",38972.97,,,,,,,Case Rate,"Medicare Base Rate times Standard Inpatient Weight. Add-on payment, and lesser of 100% of billed charges. Add-on payment, and lesser of 100% of billed charges.",13538.9,,,,,,,Case Rate,"Medicare Base Rate times Standard Inpatient Weight. 100 percent of Medicare DRG. Add-on payment,  . 100 percent of Medicare DRG. Add-on payment,  .",13538.9,,,,,,,Case Rate,"Medicare Base Rate times Standard Inpatient Weight. 100 percent of Medicare DRG. Add-on payment,  . 100 percent of Medicare DRG. Add-on payment,  .",34475.22,,,,,,,Case Rate,"Medicare Base Rate times Standard Inpatient Weight. GMLOS + 8 Outlier per Diem $6,968.00. Add-on payment, and lesser of 100% of billed charges. GMLOS + 8 Outlier per Diem $6,968.00. Add-on payment, and lesser of 100% of billed charges.",13538.9,,,,,,,Case Rate,"Medicare Base Rate times Standard Inpatient Weight. 100 percent of Medicare DRG. Add-on payment,  . 100 percent of Medicare DRG. Add-on payment,  .",38339.87,,,,,,,Case Rate,"Medicare Base Rate times Standard Inpatient Weight. Outlier (25+) per Diem $7,671.00. Add-on payment, and lesser of 100% of billed charges. Outlier (25+) per Diem $7,671.00. Add-on payment, and lesser of 100% of billed charges.",13538.9,,,,,,,Case Rate,"Medicare Base Rate times Standard Inpatient Weight. 100 percent of Medicare DRG. Add-on payment,  . 100 percent of Medicare DRG. Add-on payment,  .",38339.87,,,,,,,Case Rate,"Medicare Base Rate times Standard Inpatient Weight. Outlier (25+) per Diem $7,671.00. Add-on payment, and lesser of 100% of billed charges. Outlier (25+) per Diem $7,671.00. Add-on payment, and lesser of 100% of billed charges.",34475.22,,,,,,,Case Rate,"Medicare Base Rate times Standard Inpatient Weight. GMLOS + 8 Outlier per Diem $6,968.00. Add-on payment, and lesser of 100% of billed charges. GMLOS + 8 Outlier per Diem $6,968.00. Add-on payment, and lesser of 100% of billed charges.",38339.87,,,,,,,Case Rate,"Medicare Base Rate times Standard Inpatient Weight. Outlier (25+) per Diem $7,671.00. Add-on payment, and lesser of 100% of billed charges. Outlier (25+) per Diem $7,671.00. Add-on payment, and lesser of 100% of billed charges.",13538.9,,,,,,,Case Rate,"Medicare Base Rate times Standard Inpatient Weight. 100 percent of Medicare DRG. Add-on payment,  . 100 percent of Medicare DRG. Add-on payment,  .",,,,,,,,," ",13538.9,,,,,,,Case Rate,"Medicare Base Rate times Standard Inpatient Weight. 100 percent of Medicare DRG. Add-on payment,  . 100 percent of Medicare DRG. Add-on payment,  .",38339.87,,,,,,,Case Rate,"Medicare Base Rate times Standard Inpatient Weight. Outlier (25+) per Diem $7,671.00. Add-on payment, and lesser of 100% of billed charges. Outlier (25+) per Diem $7,671.00. Add-on payment, and lesser of 100% of billed charges.",50488.94,,,,,,,Case Rate,"Medicare Base Rate times Standard Inpatient Weight. AMLOS + 5 Outlier per Diem $7,362.00. Add-on payment, and lesser of 100% of billed charges. AMLOS + 5 Outlier per Diem $7,362.00. Add-on payment, and lesser of 100% of billed charges.",,,,,,,,," ",99546.47,,,,,,,Case Rate,". Add-on payment, and lesser of 100% of billed charges. Add-on payment, and lesser of 100% of billed charges.",,,,,,,,," ",,,,,,,,," ",98219.92,,,,,,,Case Rate,". Add-on payment, and lesser of 100% of billed charges. Add-on payment, and lesser of 100% of billed charges.",98219.92,,,,,,,Case Rate,". Add-on payment, and lesser of 100% of billed charges. Add-on payment, and lesser of 100% of billed charges.",99546.47,,,,,,,Case Rate,". Add-on payment, and lesser of 100% of billed charges. Add-on payment, and lesser of 100% of billed charges.",50488.94,,,,,,,Case Rate,"Medicare Base Rate times Standard Inpatient Weight. AMLOS + 5 Outlier per Diem $7,362.00. Add-on payment, and lesser of 100% of billed charges. AMLOS + 5 Outlier per Diem $7,362.00. Add-on payment, and lesser of 100% of billed charges.",99546.47,,,,,,,Case Rate,". Add-on payment, and lesser of 100% of billed charges. Add-on payment, and lesser of 100% of billed charges.",98219.92,,,,,,,Case Rate,". Add-on payment, and lesser of 100% of billed charges. Add-on payment, and lesser of 100% of billed charges.",99546.47,,,,,,,Case Rate,". Add-on payment, and lesser of 100% of billed charges. Add-on payment, and lesser of 100% of billed charges.",33353.1,,,,,,,Case Rate,"Medicare Base Rate times Standard Inpatient Weight. GMLOS + 8 Outlier per Diem $4,623.00. Add-on payment, and lesser of 100% of billed charges. GMLOS + 8 Outlier per Diem $4,623.00. Add-on payment, and lesser of 100% of billed charges.",33353.1,,,,,,,Case Rate,"Medicare Base Rate times Standard Inpatient Weight. GMLOS + 8 Outlier per Diem $4,623.00. Add-on payment, and lesser of 100% of billed charges. GMLOS + 8 Outlier per Diem $4,623.00. Add-on payment, and lesser of 100% of billed charges.",35314.05,,,,,,,Case Rate,. 200 percent of Medicare 200 percent of Medicare,,,,,,,,," ",50488.94,,,,,,,Case Rate,"Medicare Base Rate times Standard Inpatient Weight. AMLOS + 5 Outlier per Diem $7,362.00. Add-on payment, and lesser of 100% of billed charges. AMLOS + 5 Outlier per Diem $7,362.00. Add-on payment, and lesser of 100% of billed charges.",38339.87,,,,,,,Case Rate,"Medicare Base Rate times Standard Inpatient Weight. Outlier (25+) per Diem $7,671.00. Add-on payment, and lesser of 100% of billed charges. Outlier (25+) per Diem $7,671.00. Add-on payment, and lesser of 100% of billed charges.",34475.22,,,,,,,Case Rate,"Medicare Base Rate times Standard Inpatient Weight. GMLOS + 8 Outlier per Diem $6,968.00. Add-on payment, and lesser of 100% of billed charges. GMLOS + 8 Outlier per Diem $6,968.00. Add-on payment, and lesser of 100% of billed charges.",50488.94,,,,,,,Case Rate,"Medicare Base Rate times Standard Inpatient Weight. AMLOS + 5 Outlier per Diem $7,362.00. Add-on payment, and lesser of 100% of billed charges. AMLOS + 5 Outlier per Diem $7,362.00. Add-on payment, and lesser of 100% of billed charges.",34475.22,,,,,,,Case Rate,"Medicare Base Rate times Standard Inpatient Weight. GMLOS + 8 Outlier per Diem $6,968.00. Add-on payment, and lesser of 100% of billed charges. GMLOS + 8 Outlier per Diem $6,968.00. Add-on payment, and lesser of 100% of billed charges.",50488.94,,,,,,,Case Rate,"Medicare Base Rate times Standard Inpatient Weight. AMLOS + 5 Outlier per Diem $7,362.00. Add-on payment, and lesser of 100% of billed charges. AMLOS + 5 Outlier per Diem $7,362.00. Add-on payment, and lesser of 100% of billed charges.",99546.47,,,,,,,Case Rate,". Add-on payment, and lesser of 100% of billed charges. Add-on payment, and lesser of 100% of billed charges.",98219.92,,,,,,,Case Rate,". Add-on payment, and lesser of 100% of billed charges. Add-on payment, and lesser of 100% of billed charges.",98219.92,,,,,,,Case Rate,". Add-on payment, and lesser of 100% of billed charges. Add-on payment, and lesser of 100% of billed charges.",99546.47,,,,,,,Case Rate,". Add-on payment, and lesser of 100% of billed charges. Add-on payment, and lesser of 100% of billed charges.",13538.9,,,,,,,Case Rate,"Medicare Base Rate times Standard Inpatient Weight. 100 percent of Medicare DRG. Add-on payment,  . 100 percent of Medicare DRG. Add-on payment,  .",11866.11,113977.6,
MS675,DRG,,,,,MS-DRG 675 OTHER KIDNEY AND URINARY TRACT PROCEDURES WITHOUT CC/MCC,,,Inpatient,,,,52677.45,,,,,,,Case Rate,Medicare Base Rate times Standard Inpatient Weight. Local 1199 High/Low day Outlier Local 1199 High/Low day Outlier,52677.45,,,,,,,Case Rate,Medicare Base Rate times Standard Inpatient Weight. Local 1199 High/Low day Outlier Local 1199 High/Low day Outlier,42814.28,,,,,,,Case Rate,"Medicare Base Rate times Standard Inpatient Weight. GMLOS + 8 Outlier per Diem $6,968.00. Add-on payment, and lesser of 100% of billed charges. GMLOS + 8 Outlier per Diem $6,968.00. Add-on payment, and lesser of 100% of billed charges.",,100,,,,,0,Percent of total billed charges,100 percent of charges.  ; No services were performed during the 15 month look back period.,16680.77,,,,,,,Case Rate,"Medicare Base Rate times Standard Inpatient Weight. 100 percent of Medicare DRG. Add-on payment,  . 100 percent of Medicare DRG. Add-on payment,  .",42814.28,,,,,,,Case Rate,"Medicare Base Rate times Standard Inpatient Weight. GMLOS + 8 Outlier per Diem $6,968.00. Add-on payment, and lesser of 100% of billed charges. GMLOS + 8 Outlier per Diem $6,968.00. Add-on payment, and lesser of 100% of billed charges.",42814.28,,,,,,,Case Rate,"Medicare Base Rate times Standard Inpatient Weight. GMLOS + 8 Outlier per Diem $6,968.00. Add-on payment, and lesser of 100% of billed charges. GMLOS + 8 Outlier per Diem $6,968.00. Add-on payment, and lesser of 100% of billed charges.",42814.28,,,,,,,Case Rate,"Medicare Base Rate times Standard Inpatient Weight. GMLOS + 8 Outlier per Diem $6,968.00. Add-on payment, and lesser of 100% of billed charges. GMLOS + 8 Outlier per Diem $6,968.00. Add-on payment, and lesser of 100% of billed charges.",,,,,,,,," ",,,,,,,,," ",,73,,,,,0,Percent of total billed charges,73 percent of charges.  ; No services were performed during the 15 month look back period.,62701.48,,,,,,,Case Rate,"Medicare Base Rate times Standard Inpatient Weight. AMLOS + 5 Outlier per Diem $7,362.00. Add-on payment, and lesser of 100% of billed charges. AMLOS + 5 Outlier per Diem $7,362.00. Add-on payment, and lesser of 100% of billed charges.",,,,,,,,," ",16680.77,,,,,,,Case Rate,"Medicare Base Rate times Standard Inpatient Weight. 100 percent of Medicare DRG. Add-on payment,  . 100 percent of Medicare DRG. Add-on payment,  .",47613.73,,,,,,,Case Rate,"Medicare Base Rate times Standard Inpatient Weight. Outlier (25+) per Diem $7,671.00. Add-on payment, and lesser of 100% of billed charges. Outlier (25+) per Diem $7,671.00. Add-on payment, and lesser of 100% of billed charges.",47613.73,,,,,,,Case Rate,"Medicare Base Rate times Standard Inpatient Weight. Outlier (25+) per Diem $7,671.00. Add-on payment, and lesser of 100% of billed charges. Outlier (25+) per Diem $7,671.00. Add-on payment, and lesser of 100% of billed charges.",47613.73,,,,,,,Case Rate,"Medicare Base Rate times Standard Inpatient Weight. Outlier (25+) per Diem $7,671.00. Add-on payment, and lesser of 100% of billed charges. Outlier (25+) per Diem $7,671.00. Add-on payment, and lesser of 100% of billed charges.",47613.73,,,,,,,Case Rate,"Medicare Base Rate times Standard Inpatient Weight. Outlier (25+) per Diem $7,671.00. Add-on payment, and lesser of 100% of billed charges. Outlier (25+) per Diem $7,671.00. Add-on payment, and lesser of 100% of billed charges.",,,,,,,,," ",16680.77,,,,,,,Case Rate,"Medicare Base Rate times Standard Inpatient Weight. 100 percent of Medicare DRG. Add-on payment,  . 100 percent of Medicare DRG. Add-on payment,  .",,,,,,,,," ",,73,,,,,0,Percent of total billed charges,73 percent of charges.  ; No services were performed during the 15 month look back period.,42814.28,,,,,,,Case Rate,"Medicare Base Rate times Standard Inpatient Weight. GMLOS + 8 Outlier per Diem $6,968.00. Add-on payment, and lesser of 100% of billed charges. GMLOS + 8 Outlier per Diem $6,968.00. Add-on payment, and lesser of 100% of billed charges.",16680.77,,,,,,,Case Rate,"Medicare Base Rate times Standard Inpatient Weight. 100 percent of Medicare DRG. Add-on payment, and lesser of 100% of billed charges. 100 percent of Medicare DRG. Add-on payment, and lesser of 100% of billed charges.",48728.24,,,,,,,Case Rate,"Medicare Base Rate times Standard Inpatient Weight. Add-on payment, and lesser of 100% of billed charges. Add-on payment, and lesser of 100% of billed charges.",16680.77,,,,,,,Case Rate,"Medicare Base Rate times Standard Inpatient Weight. 100 percent of Medicare DRG. Add-on payment, and lesser of 100% of billed charges. 100 percent of Medicare DRG. Add-on payment, and lesser of 100% of billed charges.",16680.77,,,,,,,Case Rate,"Medicare Base Rate times Standard Inpatient Weight. 100 percent of Medicare DRG. Add-on payment, and lesser of 100% of billed charges. 100 percent of Medicare DRG. Add-on payment, and lesser of 100% of billed charges.",,73,,,,,0,Percent of total billed charges,73 percent of charges.  ; No services were performed during the 15 month look back period.,,,,,,,,," ",,,,,,,,," ",,,,,,,,," ",,,,,,,,," ",48728.24,,,,,,,Case Rate,"Medicare Base Rate times Standard Inpatient Weight. Add-on payment, and lesser of 100% of billed charges. Add-on payment, and lesser of 100% of billed charges.",48728.24,,,,,,,Case Rate,"Medicare Base Rate times Standard Inpatient Weight. Add-on payment, and lesser of 100% of billed charges. Add-on payment, and lesser of 100% of billed charges.",,,,,,,,," ",48728.24,,,,,,,Case Rate,"Medicare Base Rate times Standard Inpatient Weight. Add-on payment, and lesser of 100% of billed charges. Add-on payment, and lesser of 100% of billed charges.",,,,,,,,," ",16680.77,,,,,,,Case Rate,"Medicare Base Rate times Standard Inpatient Weight. 100 percent of Medicare DRG. Add-on payment, . 100 percent of Medicare DRG. Add-on payment, .",48728.24,,,,,,,Case Rate,"Medicare Base Rate times Standard Inpatient Weight. Add-on payment, and lesser of 100% of billed charges. Add-on payment, and lesser of 100% of billed charges.",,73,,,,,0,Percent of total billed charges,73 percent of charges.  ; No services were performed during the 15 month look back period.,,,,,,,,," ",,,,,,,,," ",,73,,,,,0,Percent of total billed charges,73 percent of charges.  ; No services were performed during the 15 month look back period.,47613.73,,,,,,,Case Rate,"Medicare Base Rate times Standard Inpatient Weight. Outlier (25+) per Diem $7,671.00. Add-on payment, and lesser of 100% of billed charges. Outlier (25+) per Diem $7,671.00. Add-on payment, and lesser of 100% of billed charges.",45611.22,,,,,,,Case Rate,"Medicare Base Rate times Standard Inpatient Weight. AMLOS + 5 Outlier per Diem $7,167.00. Add-on payment, and lesser of 100% of billed charges. AMLOS + 5 Outlier per Diem $7,167.00. Add-on payment, and lesser of 100% of billed charges.",45611.22,,,,,,,Case Rate,"Medicare Base Rate times Standard Inpatient Weight. AMLOS + 5 Outlier per Diem $7,167.00. Add-on payment, and lesser of 100% of billed charges. AMLOS + 5 Outlier per Diem $7,167.00. Add-on payment, and lesser of 100% of billed charges.",,73,,,,,0,Percent of total billed charges,73 percent of charges.  ; No services were performed during the 15 month look back period.,16680.77,,,,,,,Case Rate,"Medicare Base Rate times Standard Inpatient Weight. 100 percent of Medicare DRG. Add-on payment,  . 100 percent of Medicare DRG. Add-on payment,  .",62701.48,,,,,,,Case Rate,"Medicare Base Rate times Standard Inpatient Weight. AMLOS + 5 Outlier per Diem $7,362.00. Add-on payment, and lesser of 100% of billed charges. AMLOS + 5 Outlier per Diem $7,362.00. Add-on payment, and lesser of 100% of billed charges.",62701.48,,,,,,,Case Rate,"Medicare Base Rate times Standard Inpatient Weight. AMLOS + 5 Outlier per Diem $7,362.00. Add-on payment, and lesser of 100% of billed charges. AMLOS + 5 Outlier per Diem $7,362.00. Add-on payment, and lesser of 100% of billed charges.",62701.48,,,,,,,Case Rate,"Medicare Base Rate times Standard Inpatient Weight. AMLOS + 5 Outlier per Diem $7,362.00. Add-on payment, and lesser of 100% of billed charges. AMLOS + 5 Outlier per Diem $7,362.00. Add-on payment, and lesser of 100% of billed charges.",16680.77,,,,,,,Case Rate,"Medicare Base Rate times Standard Inpatient Weight. 100 percent of Medicare DRG. Add-on payment,  . 100 percent of Medicare DRG. Add-on payment,  .",62701.48,,,,,,,Case Rate,"Medicare Base Rate times Standard Inpatient Weight. AMLOS + 5 Outlier per Diem $7,362.00. Add-on payment, and lesser of 100% of billed charges. AMLOS + 5 Outlier per Diem $7,362.00. Add-on payment, and lesser of 100% of billed charges.",62701.48,,,,,,,Case Rate,"Medicare Base Rate times Standard Inpatient Weight. AMLOS + 5 Outlier per Diem $7,362.00. Add-on payment, and lesser of 100% of billed charges. AMLOS + 5 Outlier per Diem $7,362.00. Add-on payment, and lesser of 100% of billed charges.",16680.77,,,,,,,Case Rate,"Medicare Base Rate times Standard Inpatient Weight. 100 percent of Medicare DRG. Add-on payment, and lesser of 100% of billed charges. 100 percent of Medicare DRG. Add-on payment, and lesser of 100% of billed charges.",71392.69,,,,,,,Case Rate,"Medicare Base Rate times Standard Inpatient Weight. GMLOS + 6 Outlier per Diem $11,932.00. Add-on payment, and lesser of 100% of billed charges. GMLOS + 6 Outlier per Diem $11,932.00. Add-on payment, and lesser of 100% of billed charges.",67755.35,,,,,,,Case Rate,"Medicare Base Rate times Standard Inpatient Weight. GMLOS + 6 Outlier per Diem $9,081.00 Add-on payment, and lesser of 100% of billed charges. GMLOS + 6 Outlier per Diem $9,081.00 Add-on payment, and lesser of 100% of billed charges.",67755.35,,,,,,,Case Rate,"Medicare Base Rate times Standard Inpatient Weight. GMLOS + 6 Outlier per Diem $9,081.00 Add-on payment, and lesser of 100% of billed charges. GMLOS + 6 Outlier per Diem $9,081.00 Add-on payment, and lesser of 100% of billed charges.",66742.61,,,,,,,Case Rate,"Medicare Base Rate times Standard Inpatient Weight. GMLOS + 6 Outlier per Diem $9,081.00 Add-on payment, and lesser of 100% of billed charges. GMLOS + 6 Outlier per Diem $9,081.00 Add-on payment, and lesser of 100% of billed charges.",74719.81,,,,,,,Case Rate,"Medicare Base Rate times Standard Inpatient Weight. GMLOS + 6 Outlier per Diem $9,081.00 Add-on payment, and lesser of 100% of billed charges. GMLOS + 6 Outlier per Diem $9,081.00 Add-on payment, and lesser of 100% of billed charges.",66742.61,,,,,,,Case Rate,"Medicare Base Rate times Standard Inpatient Weight. GMLOS + 6 Outlier per Diem $9,081.00 Add-on payment, and lesser of 100% of billed charges. GMLOS + 6 Outlier per Diem $9,081.00 Add-on payment, and lesser of 100% of billed charges.",67755.35,,,,,,,Case Rate,"Medicare Base Rate times Standard Inpatient Weight. GMLOS + 6 Outlier per Diem $9,081.00 Add-on payment, and lesser of 100% of billed charges. GMLOS + 6 Outlier per Diem $9,081.00 Add-on payment, and lesser of 100% of billed charges.",16680.77,,,,,,,Case Rate,"Medicare Base Rate times Standard Inpatient Weight. 100 percent of Medicare DRG. Add-on payment,  . 100 percent of Medicare DRG. Add-on payment,  .",16680.77,,,,,,,Case Rate,"Medicare Base Rate times Standard Inpatient Weight. 100 percent of Medicare DRG. Add-on payment,  . 100 percent of Medicare DRG. Add-on payment,  .",74719.81,,,,,,,Case Rate,"Medicare Base Rate times Standard Inpatient Weight. GMLOS + 6 Outlier per Diem $9,081.00 Add-on payment, and lesser of 100% of billed charges. GMLOS + 6 Outlier per Diem $9,081.00 Add-on payment, and lesser of 100% of billed charges.",,73,,,,,0,Percent of total billed charges,73 percent of charges.  ; No services were performed during the 15 month look back period.,,73,,,,,0,Percent of total billed charges,73 percent of charges.  ; No services were performed during the 15 month look back period.,,73,,,,,0,Percent of total billed charges,73 percent of charges.  ; No services were performed during the 15 month look back period.,,73,,,,,0,Percent of total billed charges,73 percent of charges.  ; No services were performed during the 15 month look back period.,,73,,,,,0,Percent of total billed charges,73 percent of charges.  ; No services were performed during the 15 month look back period.,,73,,,,,0,Percent of total billed charges,73 percent of charges.  ; No services were performed during the 15 month look back period.,,73,,,,,0,Percent of total billed charges,73 percent of charges.  ; No services were performed during the 15 month look back period.,,73,,,,,0,Percent of total billed charges,73 percent of charges.  ; No services were performed during the 15 month look back period.,,73,,,,,0,Percent of total billed charges,73 percent of charges.  ; No services were performed during the 15 month look back period.,,73,,,,,0,Percent of total billed charges,73 percent of charges.  ; No services were performed during the 15 month look back period.,,73,,,,,0,Percent of total billed charges,73 percent of charges.  ; No services were performed during the 15 month look back period.,,73,,,,,0,Percent of total billed charges,73 percent of charges.  ; No services were performed during the 15 month look back period.,,73,,,,,0,Percent of total billed charges,73 percent of charges.  ; No services were performed during the 15 month look back period.,,73,,,,,0,Percent of total billed charges,73 percent of charges.  ; No services were performed during the 15 month look back period.,,73,,,,,0,Percent of total billed charges,73 percent of charges.  ; No services were performed during the 15 month look back period.,,73,,,,,0,Percent of total billed charges,73 percent of charges.  ; No services were performed during the 15 month look back period.,,73,,,,,0,Percent of total billed charges,73 percent of charges.  ; No services were performed during the 15 month look back period.,,73,,,,,0,Percent of total billed charges,73 percent of charges.  ; No services were performed during the 15 month look back period.,,73,,,,,0,Percent of total billed charges,73 percent of charges.  ; No services were performed during the 15 month look back period.,,73,,,,,0,Percent of total billed charges,73 percent of charges.  ; No services were performed during the 15 month look back period.,,73,,,,,0,Percent of total billed charges,73 percent of charges.  ; No services were performed during the 15 month look back period.,,73,,,,,0,Percent of total billed charges,73 percent of charges.  ; No services were performed during the 15 month look back period.,,73,,,,,0,Percent of total billed charges,73 percent of charges.  ; No services were performed during the 15 month look back period.,,73,,,,,0,Percent of total billed charges,73 percent of charges.  ; No services were performed during the 15 month look back period.,,73,,,,,0,Percent of total billed charges,73 percent of charges.  ; No services were performed during the 15 month look back period.,,73,,,,,0,Percent of total billed charges,73 percent of charges.  ; No services were performed during the 15 month look back period.,48728.24,,,,,,,Case Rate,"Medicare Base Rate times Standard Inpatient Weight. Add-on payment, and lesser of 100% of billed charges. Add-on payment, and lesser of 100% of billed charges.",48728.24,,,,,,,Case Rate,"Medicare Base Rate times Standard Inpatient Weight. Add-on payment, and lesser of 100% of billed charges. Add-on payment, and lesser of 100% of billed charges.",48728.24,,,,,,,Case Rate,"Medicare Base Rate times Standard Inpatient Weight. Add-on payment, and lesser of 100% of billed charges. Add-on payment, and lesser of 100% of billed charges.",48728.24,,,,,,,Case Rate,"Medicare Base Rate times Standard Inpatient Weight. Add-on payment, and lesser of 100% of billed charges. Add-on payment, and lesser of 100% of billed charges.",48399.96,,,,,,,Case Rate,"Medicare Base Rate times Standard Inpatient Weight. Add-on payment, and lesser of 100% of billed charges. Add-on payment, and lesser of 100% of billed charges.",48399.96,,,,,,,Case Rate,"Medicare Base Rate times Standard Inpatient Weight. Add-on payment, and lesser of 100% of billed charges. Add-on payment, and lesser of 100% of billed charges.",47613.73,,,,,,,Case Rate,"Medicare Base Rate times Standard Inpatient Weight. Outlier (25+) per Diem $7,671.00. Add-on payment, and lesser of 100% of billed charges. Outlier (25+) per Diem $7,671.00. Add-on payment, and lesser of 100% of billed charges.",67755.35,,,,,,,Case Rate,"Medicare Base Rate times Standard Inpatient Weight. GMLOS + 6 Outlier per Diem $9,081.00 Add-on payment, and lesser of 100% of billed charges. GMLOS + 6 Outlier per Diem $9,081.00 Add-on payment, and lesser of 100% of billed charges.",62701.48,,,,,,,Case Rate,"Medicare Base Rate times Standard Inpatient Weight. AMLOS + 5 Outlier per Diem $7,362.00. Add-on payment, and lesser of 100% of billed charges. AMLOS + 5 Outlier per Diem $7,362.00. Add-on payment, and lesser of 100% of billed charges.",66742.61,,,,,,,Case Rate,"Medicare Base Rate times Standard Inpatient Weight. GMLOS + 6 Outlier per Diem $9,081.00 Add-on payment, and lesser of 100% of billed charges. GMLOS + 6 Outlier per Diem $9,081.00 Add-on payment, and lesser of 100% of billed charges.",,73,,,,,0,Percent of total billed charges,73 percent of charges.  ; No services were performed during the 15 month look back period.,48399.96,,,,,,,Case Rate,"Medicare Base Rate times Standard Inpatient Weight. Add-on payment, and lesser of 100% of billed charges. Add-on payment, and lesser of 100% of billed charges.",67755.35,,,,,,,Case Rate,"Medicare Base Rate times Standard Inpatient Weight. GMLOS + 6 Outlier per Diem $9,081.00 Add-on payment, and lesser of 100% of billed charges. GMLOS + 6 Outlier per Diem $9,081.00 Add-on payment, and lesser of 100% of billed charges.",62701.48,,,,,,,Case Rate,"Medicare Base Rate times Standard Inpatient Weight. AMLOS + 5 Outlier per Diem $7,362.00. Add-on payment, and lesser of 100% of billed charges. AMLOS + 5 Outlier per Diem $7,362.00. Add-on payment, and lesser of 100% of billed charges.",47613.73,,,,,,,Case Rate,"Medicare Base Rate times Standard Inpatient Weight. Outlier (25+) per Diem $7,671.00. Add-on payment, and lesser of 100% of billed charges. Outlier (25+) per Diem $7,671.00. Add-on payment, and lesser of 100% of billed charges.",,,,,,,,," ",,73,,,,,0,Percent of total billed charges,73 percent of charges.  ; No services were performed during the 15 month look back period.,,,,,,,,," ",48728.24,,,,,,,Case Rate,"Medicare Base Rate times Standard Inpatient Weight. Add-on payment, and lesser of 100% of billed charges. Add-on payment, and lesser of 100% of billed charges.",,,,,,,,," ",16680.77,,,,,,,Case Rate,"Medicare Base Rate times Standard Inpatient Weight. 100 percent of Medicare DRG. Add-on payment, . 100 percent of Medicare DRG. Add-on payment, .",16680.77,,,,,,,Case Rate,"Medicare Base Rate times Standard Inpatient Weight. 100 percent of Medicare DRG. Add-on payment,  . 100 percent of Medicare DRG. Add-on payment,  .",71392.69,,,,,,,Case Rate,"Medicare Base Rate times Standard Inpatient Weight. GMLOS + 6 Outlier per Diem $11,932.00. Add-on payment, and lesser of 100% of billed charges. GMLOS + 6 Outlier per Diem $11,932.00. Add-on payment, and lesser of 100% of billed charges.",16680.77,,,,,,,Case Rate,"Medicare Base Rate times Standard Inpatient Weight. 100 percent of Medicare DRG. Add-on payment,  . 100 percent of Medicare DRG. Add-on payment,  .",16680.77,,,,,,,Case Rate,"Medicare Base Rate times Standard Inpatient Weight. 100 percent of Medicare DRG. Add-on payment,  . 100 percent of Medicare DRG. Add-on payment,  .",,,,,,,,," ",16680.77,,,,,,,Case Rate,"Medicare Base Rate times Standard Inpatient Weight. 100 percent of Medicare DRG. Add-on payment,  . 100 percent of Medicare DRG. Add-on payment,  .",16680.77,,,,,,,Case Rate,"Medicare Base Rate times Standard Inpatient Weight. 100 percent of Medicare DRG. Add-on payment,  . 100 percent of Medicare DRG. Add-on payment,  .",42814.28,,,,,,,Case Rate,"Medicare Base Rate times Standard Inpatient Weight. GMLOS + 8 Outlier per Diem $6,968.00. Add-on payment, and lesser of 100% of billed charges. GMLOS + 8 Outlier per Diem $6,968.00. Add-on payment, and lesser of 100% of billed charges.",42814.28,,,,,,,Case Rate,"Medicare Base Rate times Standard Inpatient Weight. GMLOS + 8 Outlier per Diem $6,968.00. Add-on payment, and lesser of 100% of billed charges. GMLOS + 8 Outlier per Diem $6,968.00. Add-on payment, and lesser of 100% of billed charges.",16680.77,,,,,,,Case Rate,"Medicare Base Rate times Standard Inpatient Weight. 100 percent of Medicare DRG. Add-on payment,  . 100 percent of Medicare DRG. Add-on payment,  .",47613.73,,,,,,,Case Rate,"Medicare Base Rate times Standard Inpatient Weight. Outlier (25+) per Diem $7,671.00. Add-on payment, and lesser of 100% of billed charges. Outlier (25+) per Diem $7,671.00. Add-on payment, and lesser of 100% of billed charges.",62701.48,,,,,,,Case Rate,"Medicare Base Rate times Standard Inpatient Weight. AMLOS + 5 Outlier per Diem $7,362.00. Add-on payment, and lesser of 100% of billed charges. AMLOS + 5 Outlier per Diem $7,362.00. Add-on payment, and lesser of 100% of billed charges.",62701.48,,,,,,,Case Rate,"Medicare Base Rate times Standard Inpatient Weight. AMLOS + 5 Outlier per Diem $7,362.00. Add-on payment, and lesser of 100% of billed charges. AMLOS + 5 Outlier per Diem $7,362.00. Add-on payment, and lesser of 100% of billed charges.",16680.77,,,,,,,Case Rate,"Medicare Base Rate times Standard Inpatient Weight. 100 percent of Medicare DRG. Add-on payment,  . 100 percent of Medicare DRG. Add-on payment,  .",47613.73,,,,,,,Case Rate,"Medicare Base Rate times Standard Inpatient Weight. Outlier (25+) per Diem $7,671.00. Add-on payment, and lesser of 100% of billed charges. Outlier (25+) per Diem $7,671.00. Add-on payment, and lesser of 100% of billed charges.",42814.28,,,,,,,Case Rate,"Medicare Base Rate times Standard Inpatient Weight. GMLOS + 8 Outlier per Diem $6,968.00. Add-on payment, and lesser of 100% of billed charges. GMLOS + 8 Outlier per Diem $6,968.00. Add-on payment, and lesser of 100% of billed charges.",42814.28,,,,,,,Case Rate,"Medicare Base Rate times Standard Inpatient Weight. GMLOS + 8 Outlier per Diem $6,968.00. Add-on payment, and lesser of 100% of billed charges. GMLOS + 8 Outlier per Diem $6,968.00. Add-on payment, and lesser of 100% of billed charges.",42814.28,,,,,,,Case Rate,"Medicare Base Rate times Standard Inpatient Weight. GMLOS + 8 Outlier per Diem $6,968.00. Add-on payment, and lesser of 100% of billed charges. GMLOS + 8 Outlier per Diem $6,968.00. Add-on payment, and lesser of 100% of billed charges.",,73,,,,,0,Percent of total billed charges,73 percent of charges.  ; No services were performed during the 15 month look back period.,,73,,,,,0,Percent of total billed charges,73 percent of charges.  ; No services were performed during the 15 month look back period.,,73,,,,,0,Percent of total billed charges,73 percent of charges.  ; No services were performed during the 15 month look back period.,,73,,,,,0,Percent of total billed charges,73 percent of charges.  ; No services were performed during the 15 month look back period.,,73,,,,,0,Percent of total billed charges,73 percent of charges.  ; No services were performed during the 15 month look back period.,,73,,,,,0,Percent of total billed charges,73 percent of charges.  ; No services were performed during the 15 month look back period.,,73,,,,,0,Percent of total billed charges,73 percent of charges.  ; No services were performed during the 15 month look back period.,,73,,,,,0,Percent of total billed charges,73 percent of charges.  ; No services were performed during the 15 month look back period.,,73,,,,,0,Percent of total billed charges,73 percent of charges.  ; No services were performed during the 15 month look back period.,,73,,,,,0,Percent of total billed charges,73 percent of charges.  ; No services were performed during the 15 month look back period.,,73,,,,,0,Percent of total billed charges,73 percent of charges.  ; No services were performed during the 15 month look back period.,48399.96,,,,,,,Case Rate,"Medicare Base Rate times Standard Inpatient Weight. Add-on payment, and lesser of 100% of billed charges. Add-on payment, and lesser of 100% of billed charges.",67755.35,,,,,,,Case Rate,"Medicare Base Rate times Standard Inpatient Weight. GMLOS + 6 Outlier per Diem $9,081.00 Add-on payment, and lesser of 100% of billed charges. GMLOS + 6 Outlier per Diem $9,081.00 Add-on payment, and lesser of 100% of billed charges.",47613.73,,,,,,,Case Rate,"Medicare Base Rate times Standard Inpatient Weight. Outlier (25+) per Diem $7,671.00. Add-on payment, and lesser of 100% of billed charges. Outlier (25+) per Diem $7,671.00. Add-on payment, and lesser of 100% of billed charges.",16680.77,,,,,,,Case Rate,"Medicare Base Rate times Standard Inpatient Weight. 100 percent of Medicare DRG. Add-on payment,  . 100 percent of Medicare DRG. Add-on payment,  .",42814.28,,,,,,,Case Rate,"Medicare Base Rate times Standard Inpatient Weight. GMLOS + 8 Outlier per Diem $6,968.00. Add-on payment, and lesser of 100% of billed charges. GMLOS + 8 Outlier per Diem $6,968.00. Add-on payment, and lesser of 100% of billed charges.",47613.73,,,,,,,Case Rate,"Medicare Base Rate times Standard Inpatient Weight. Outlier (25+) per Diem $7,671.00. Add-on payment, and lesser of 100% of billed charges. Outlier (25+) per Diem $7,671.00. Add-on payment, and lesser of 100% of billed charges.",47613.73,,,,,,,Case Rate,"Medicare Base Rate times Standard Inpatient Weight. Outlier (25+) per Diem $7,671.00. Add-on payment, and lesser of 100% of billed charges. Outlier (25+) per Diem $7,671.00. Add-on payment, and lesser of 100% of billed charges.",,73,,,,,0,Percent of total billed charges,73 percent of charges.  ; No services were performed during the 15 month look back period.,,,,,,,,," ",47613.73,,,,,,,Case Rate,"Medicare Base Rate times Standard Inpatient Weight. Outlier (25+) per Diem $7,671.00. Add-on payment, and lesser of 100% of billed charges. Outlier (25+) per Diem $7,671.00. Add-on payment, and lesser of 100% of billed charges.",,,,,,,,," ",16680.77,,,,,,,Case Rate,"Medicare Base Rate times Standard Inpatient Weight. 100 percent of Medicare DRG. Add-on payment,  . 100 percent of Medicare DRG. Add-on payment,  .",16680.77,,,,,,,Case Rate,"Medicare Base Rate times Standard Inpatient Weight. 100 percent of Medicare DRG. Add-on payment,  . 100 percent of Medicare DRG. Add-on payment,  .",16680.77,,,,,,,Case Rate,"Medicare Base Rate times Standard Inpatient Weight. 100 percent of Medicare DRG. Add-on payment,  . 100 percent of Medicare DRG. Add-on payment,  .",16680.77,,,,,,,Case Rate,"Medicare Base Rate times Standard Inpatient Weight. 100 percent of Medicare DRG. Add-on payment,  . 100 percent of Medicare DRG. Add-on payment,  .",16680.77,,,,,,,Case Rate,"Medicare Base Rate times Standard Inpatient Weight. 100 percent of Medicare DRG. Add-on payment,  . 100 percent of Medicare DRG. Add-on payment,  .",16680.77,,,,,,,Case Rate,"Medicare Base Rate times Standard Inpatient Weight. 100 percent of Medicare DRG. Add-on payment,  . 100 percent of Medicare DRG. Add-on payment,  .",47613.73,,,,,,,Case Rate,"Medicare Base Rate times Standard Inpatient Weight. Outlier (25+) per Diem $7,671.00. Add-on payment, and lesser of 100% of billed charges. Outlier (25+) per Diem $7,671.00. Add-on payment, and lesser of 100% of billed charges.",71392.69,,,,,,,Case Rate,"Medicare Base Rate times Standard Inpatient Weight. GMLOS + 6 Outlier per Diem $11,932.00. Add-on payment, and lesser of 100% of billed charges. GMLOS + 6 Outlier per Diem $11,932.00. Add-on payment, and lesser of 100% of billed charges.",,,,,,,,," ",,,,,,,,," ",,,,,,,,," ",,,,,,,,," ",,,,,,,,," ",,,,,,,,," ",71392.69,,,,,,,Case Rate,"Medicare Base Rate times Standard Inpatient Weight. GMLOS + 6 Outlier per Diem $11,932.00. Add-on payment, and lesser of 100% of billed charges. GMLOS + 6 Outlier per Diem $11,932.00. Add-on payment, and lesser of 100% of billed charges.",43590.02,,,,,,,Case Rate,. 200 percent of Medicare 200 percent of Medicare,43590.02,,,,,,,Case Rate,. 200 percent of Medicare 200 percent of Medicare,43590.02,,,,,,,Case Rate,. 200 percent of Medicare 200 percent of Medicare,43590.02,,,,,,,Case Rate,. 200 percent of Medicare 200 percent of Medicare,43590.02,,,,,,,Case Rate,. 200 percent of Medicare 200 percent of Medicare,16680.77,,,,,,,Case Rate,"Medicare Base Rate times Standard Inpatient Weight. 100 percent of Medicare DRG. Add-on payment,  . 100 percent of Medicare DRG. Add-on payment,  .",48399.96,,,,,,,Case Rate,"Medicare Base Rate times Standard Inpatient Weight. Add-on payment, and lesser of 100% of billed charges. Add-on payment, and lesser of 100% of billed charges.",48399.96,,,,,,,Case Rate,"Medicare Base Rate times Standard Inpatient Weight. Add-on payment, and lesser of 100% of billed charges. Add-on payment, and lesser of 100% of billed charges.",48399.96,,,,,,,Case Rate,"Medicare Base Rate times Standard Inpatient Weight. Add-on payment, and lesser of 100% of billed charges. Add-on payment, and lesser of 100% of billed charges.",48399.96,,,,,,,Case Rate,"Medicare Base Rate times Standard Inpatient Weight. Add-on payment, and lesser of 100% of billed charges. Add-on payment, and lesser of 100% of billed charges.",42814.28,,,,,,,Case Rate,"Medicare Base Rate times Standard Inpatient Weight. GMLOS + 8 Outlier per Diem $6,968.00. Add-on payment, and lesser of 100% of billed charges. GMLOS + 8 Outlier per Diem $6,968.00. Add-on payment, and lesser of 100% of billed charges.",42814.28,,,,,,,Case Rate,"Medicare Base Rate times Standard Inpatient Weight. GMLOS + 8 Outlier per Diem $6,968.00. Add-on payment, and lesser of 100% of billed charges. GMLOS + 8 Outlier per Diem $6,968.00. Add-on payment, and lesser of 100% of billed charges.",42814.28,,,,,,,Case Rate,"Medicare Base Rate times Standard Inpatient Weight. GMLOS + 8 Outlier per Diem $6,968.00. Add-on payment, and lesser of 100% of billed charges. GMLOS + 8 Outlier per Diem $6,968.00. Add-on payment, and lesser of 100% of billed charges.",42814.28,,,,,,,Case Rate,"Medicare Base Rate times Standard Inpatient Weight. GMLOS + 8 Outlier per Diem $6,968.00. Add-on payment, and lesser of 100% of billed charges. GMLOS + 8 Outlier per Diem $6,968.00. Add-on payment, and lesser of 100% of billed charges.",71392.69,,,,,,,Case Rate,"Medicare Base Rate times Standard Inpatient Weight. GMLOS + 6 Outlier per Diem $11,932.00. Add-on payment, and lesser of 100% of billed charges. GMLOS + 6 Outlier per Diem $11,932.00. Add-on payment, and lesser of 100% of billed charges.",71392.69,,,,,,,Case Rate,"Medicare Base Rate times Standard Inpatient Weight. GMLOS + 6 Outlier per Diem $11,932.00. Add-on payment, and lesser of 100% of billed charges. GMLOS + 6 Outlier per Diem $11,932.00. Add-on payment, and lesser of 100% of billed charges.",16680.77,,,,,,,Case Rate,"Medicare Base Rate times Standard Inpatient Weight. 100 percent of Medicare DRG. Add-on payment,  . 100 percent of Medicare DRG. Add-on payment,  .",16680.77,,,,,,,Case Rate,"Medicare Base Rate times Standard Inpatient Weight. 100 percent of Medicare DRG. Add-on payment,  . 100 percent of Medicare DRG. Add-on payment,  .",16680.77,,,,,,,Case Rate,"Medicare Base Rate times Standard Inpatient Weight. 100 percent of Medicare DRG. Add-on payment,  . 100 percent of Medicare DRG. Add-on payment,  .",67755.35,,,,,,,Case Rate,"Medicare Base Rate times Standard Inpatient Weight. GMLOS + 6 Outlier per Diem $9,081.00 Add-on payment, and lesser of 100% of billed charges. GMLOS + 6 Outlier per Diem $9,081.00 Add-on payment, and lesser of 100% of billed charges.",67755.35,,,,,,,Case Rate,"Medicare Base Rate times Standard Inpatient Weight. GMLOS + 6 Outlier per Diem $9,081.00 Add-on payment, and lesser of 100% of billed charges. GMLOS + 6 Outlier per Diem $9,081.00 Add-on payment, and lesser of 100% of billed charges.",67755.35,,,,,,,Case Rate,"Medicare Base Rate times Standard Inpatient Weight. GMLOS + 6 Outlier per Diem $9,081.00 Add-on payment, and lesser of 100% of billed charges. GMLOS + 6 Outlier per Diem $9,081.00 Add-on payment, and lesser of 100% of billed charges.",71392.69,,,,,,,Case Rate,"Medicare Base Rate times Standard Inpatient Weight. GMLOS + 6 Outlier per Diem $11,932.00. Add-on payment, and lesser of 100% of billed charges. GMLOS + 6 Outlier per Diem $11,932.00. Add-on payment, and lesser of 100% of billed charges.",42814.28,,,,,,,Case Rate,"Medicare Base Rate times Standard Inpatient Weight. GMLOS + 8 Outlier per Diem $6,968.00. Add-on payment, and lesser of 100% of billed charges. GMLOS + 8 Outlier per Diem $6,968.00. Add-on payment, and lesser of 100% of billed charges.",16680.77,,,,,,,Case Rate,"Medicare Base Rate times Standard Inpatient Weight. 100 percent of Medicare DRG. Add-on payment,  . 100 percent of Medicare DRG. Add-on payment,  .",66742.61,,,,,,,Case Rate,"Medicare Base Rate times Standard Inpatient Weight. GMLOS + 6 Outlier per Diem $9,081.00 Add-on payment, and lesser of 100% of billed charges. GMLOS + 6 Outlier per Diem $9,081.00 Add-on payment, and lesser of 100% of billed charges.",,,,,,,,," ",17014.38,,,,,,,Case Rate,"Medicare Base Rate times Standard Inpatient Weight. 100 percent of Medicare DRG. Add-on payment, and lesser of 100% of billed charges. 100 percent of Medicare DRG. Add-on payment, and lesser of 100% of billed charges.",17014.38,,,,,,,Case Rate,"Medicare Base Rate times Standard Inpatient Weight. 100 percent of Medicare DRG. Add-on payment, and lesser of 100% of billed charges. 100 percent of Medicare DRG. Add-on payment, and lesser of 100% of billed charges.",17014.38,,,,,,,Case Rate,"Medicare Base Rate times Standard Inpatient Weight. 100 percent of Medicare DRG. Add-on payment, and lesser of 100% of billed charges. 100 percent of Medicare DRG. Add-on payment, and lesser of 100% of billed charges.",,,,,,,,," ",,,,,,,,," ",,,,,,,,," ",,,,,,,,," ",,,,,,,,," ",,,,,,,,," ",17014.38,,,,,,,Case Rate,"Medicare Base Rate times Standard Inpatient Weight. 100 percent of Medicare DRG. Add-on payment, and lesser of 100% of billed charges. 100 percent of Medicare DRG. Add-on payment, and lesser of 100% of billed charges.",,,,,,,,," ",,,,,,,,," ",,,,,,,,," ",,,,,,,,," ",,,,,,,,," ",,,,,,,,," ",,,,,,,,," ",16680.77,,,,,,,Case Rate,"Medicare Base Rate times Standard Inpatient Weight. 100 percent of Medicare DRG. Add-on payment,  . 100 percent of Medicare DRG. Add-on payment,  .",16680.77,,,,,,,Case Rate,"Medicare Base Rate times Standard Inpatient Weight. 100 percent of Medicare DRG. Add-on payment,  . 100 percent of Medicare DRG. Add-on payment,  .",42814.28,,,,,,,Case Rate,"Medicare Base Rate times Standard Inpatient Weight. GMLOS + 8 Outlier per Diem $6,968.00. Add-on payment, and lesser of 100% of billed charges. GMLOS + 8 Outlier per Diem $6,968.00. Add-on payment, and lesser of 100% of billed charges.",16680.77,,,,,,,Case Rate,"Medicare Base Rate times Standard Inpatient Weight. 100 percent of Medicare DRG. Add-on payment,  . 100 percent of Medicare DRG. Add-on payment,  .",,,,,,,,," ",,,,,,,,," ",,,,,,,,," ",,,,,,,,," ",,,,,,,,," ",,,,,,,,," ",,,,,,,,," ",,,,,,,,," ",,,,,,,,," ",,,,,,,,," ",,,,,,,,," ",71392.69,,,,,,,Case Rate,"Medicare Base Rate times Standard Inpatient Weight. GMLOS + 6 Outlier per Diem $11,932.00. Add-on payment, and lesser of 100% of billed charges. GMLOS + 6 Outlier per Diem $11,932.00. Add-on payment, and lesser of 100% of billed charges.",,,,,,,,," ",,,,,,,,," ",,,,,,,,," ",,,,,,,,," ",67755.35,,,,,,,Case Rate,"Medicare Base Rate times Standard Inpatient Weight. GMLOS + 6 Outlier per Diem $9,081.00 Add-on payment, and lesser of 100% of billed charges. GMLOS + 6 Outlier per Diem $9,081.00 Add-on payment, and lesser of 100% of billed charges.",66742.61,,,,,,,Case Rate,"Medicare Base Rate times Standard Inpatient Weight. GMLOS + 6 Outlier per Diem $9,081.00 Add-on payment, and lesser of 100% of billed charges. GMLOS + 6 Outlier per Diem $9,081.00 Add-on payment, and lesser of 100% of billed charges.",16680.77,,,,,,,Case Rate,"Medicare Base Rate times Standard Inpatient Weight. 100 percent of Medicare DRG. Add-on payment,  . 100 percent of Medicare DRG. Add-on payment,  .",66742.61,,,,,,,Case Rate,"Medicare Base Rate times Standard Inpatient Weight. GMLOS + 6 Outlier per Diem $9,081.00 Add-on payment, and lesser of 100% of billed charges. GMLOS + 6 Outlier per Diem $9,081.00 Add-on payment, and lesser of 100% of billed charges.",67755.35,,,,,,,Case Rate,"Medicare Base Rate times Standard Inpatient Weight. GMLOS + 6 Outlier per Diem $9,081.00 Add-on payment, and lesser of 100% of billed charges. GMLOS + 6 Outlier per Diem $9,081.00 Add-on payment, and lesser of 100% of billed charges.",67755.35,,,,,,,Case Rate,"Medicare Base Rate times Standard Inpatient Weight. GMLOS + 6 Outlier per Diem $9,081.00 Add-on payment, and lesser of 100% of billed charges. GMLOS + 6 Outlier per Diem $9,081.00 Add-on payment, and lesser of 100% of billed charges.",66742.61,,,,,,,Case Rate,"Medicare Base Rate times Standard Inpatient Weight. GMLOS + 6 Outlier per Diem $9,081.00 Add-on payment, and lesser of 100% of billed charges. GMLOS + 6 Outlier per Diem $9,081.00 Add-on payment, and lesser of 100% of billed charges.",16680.77,,,,,,,Case Rate,"Medicare Base Rate times Standard Inpatient Weight. 100 percent of Medicare DRG. Add-on payment,  . 100 percent of Medicare DRG. Add-on payment,  .",66742.61,,,,,,,Case Rate,"Medicare Base Rate times Standard Inpatient Weight. GMLOS + 6 Outlier per Diem $9,081.00 Add-on payment, and lesser of 100% of billed charges. GMLOS + 6 Outlier per Diem $9,081.00 Add-on payment, and lesser of 100% of billed charges.",67755.35,,,,,,,Case Rate,"Medicare Base Rate times Standard Inpatient Weight. GMLOS + 6 Outlier per Diem $9,081.00 Add-on payment, and lesser of 100% of billed charges. GMLOS + 6 Outlier per Diem $9,081.00 Add-on payment, and lesser of 100% of billed charges.",42814.28,,,,,,,Case Rate,"Medicare Base Rate times Standard Inpatient Weight. GMLOS + 8 Outlier per Diem $6,968.00. Add-on payment, and lesser of 100% of billed charges. GMLOS + 8 Outlier per Diem $6,968.00. Add-on payment, and lesser of 100% of billed charges.",,,,,,,,," ",,,,,,,,," ",,,,,,,,," ",,,,,,,,," ",,,,,,,,," ",,,,,,,,," ",,,,,,,,," ",,,,,,,,," ",,,,,,,,," ",,,,,,,,," ",,,,,,,,," ",,,,,,,,," ",,,,,,,,," ",,,,,,,,," ",47613.73,,,,,,,Case Rate,"Medicare Base Rate times Standard Inpatient Weight. Outlier (25+) per Diem $7,671.00. Add-on payment, and lesser of 100% of billed charges. Outlier (25+) per Diem $7,671.00. Add-on payment, and lesser of 100% of billed charges.",,,,,,,,," ",16680.77,,,,,,,Case Rate,"Medicare Base Rate times Standard Inpatient Weight. 100 percent of Medicare DRG. Add-on payment,  . 100 percent of Medicare DRG. Add-on payment,  .",52677.45,,,,,,,Case Rate,Medicare Base Rate times Standard Inpatient Weight. Local 1199 High/Low day Outlier Local 1199 High/Low day Outlier,16680.77,,,,,,,Case Rate,"Medicare Base Rate times Standard Inpatient Weight. 100 percent of Medicare DRG. Add-on payment,  . 100 percent of Medicare DRG. Add-on payment,  .",16680.77,,,,,,,Case Rate,"Medicare Base Rate times Standard Inpatient Weight. 100 percent of Medicare DRG. Add-on payment,  . 100 percent of Medicare DRG. Add-on payment,  .",,,,,,,,," ",,,,,,,,," ",,,,,,,,," ",,,,,,,,," ",,,,,,,,," ",41420.73,,,,,,,Case Rate,"Medicare Base Rate times Standard Inpatient Weight. GMLOS + 8 Outlier per Diem $4,623.00. Add-on payment, and lesser of 100% of billed charges. GMLOS + 8 Outlier per Diem $4,623.00. Add-on payment, and lesser of 100% of billed charges.",42814.28,,,,,,,Case Rate,"Medicare Base Rate times Standard Inpatient Weight. GMLOS + 8 Outlier per Diem $6,968.00. Add-on payment, and lesser of 100% of billed charges. GMLOS + 8 Outlier per Diem $6,968.00. Add-on payment, and lesser of 100% of billed charges.",48728.24,,,,,,,Case Rate,"Medicare Base Rate times Standard Inpatient Weight. Add-on payment, and lesser of 100% of billed charges. Add-on payment, and lesser of 100% of billed charges.",47613.73,,,,,,,Case Rate,"Medicare Base Rate times Standard Inpatient Weight. Outlier (25+) per Diem $7,671.00. Add-on payment, and lesser of 100% of billed charges. Outlier (25+) per Diem $7,671.00. Add-on payment, and lesser of 100% of billed charges.",16680.77,,,,,,,Case Rate,"Medicare Base Rate times Standard Inpatient Weight. 100 percent of Medicare DRG. Add-on payment, . 100 percent of Medicare DRG. Add-on payment, .",16680.77,,,,,,,Case Rate,"Medicare Base Rate times Standard Inpatient Weight. 100 percent of Medicare DRG. Add-on payment,  . 100 percent of Medicare DRG. Add-on payment,  .",16680.77,,,,,,,Case Rate,"Medicare Base Rate times Standard Inpatient Weight. 100 percent of Medicare DRG. Add-on payment,  . 100 percent of Medicare DRG. Add-on payment,  .",16680.77,,,,,,,Case Rate,"Medicare Base Rate times Standard Inpatient Weight. 100 percent of Medicare DRG. Add-on payment,  . 100 percent of Medicare DRG. Add-on payment,  .",16680.77,,,,,,,Case Rate,"Medicare Base Rate times Standard Inpatient Weight. 100 percent of Medicare DRG. Add-on payment, . 100 percent of Medicare DRG. Add-on payment, .",16680.77,,,,,,,Case Rate,"Medicare Base Rate times Standard Inpatient Weight. 100 percent of Medicare DRG. Add-on payment,  . 100 percent of Medicare DRG. Add-on payment,  .",,,,,,,,," ",,,,,,,,," ",,,,,,,,," ",67755.35,,,,,,,Case Rate,"Medicare Base Rate times Standard Inpatient Weight. GMLOS + 6 Outlier per Diem $9,081.00 Add-on payment, and lesser of 100% of billed charges. GMLOS + 6 Outlier per Diem $9,081.00 Add-on payment, and lesser of 100% of billed charges.",41420.73,,,,,,,Case Rate,"Medicare Base Rate times Standard Inpatient Weight. GMLOS + 8 Outlier per Diem $4,623.00. Add-on payment, and lesser of 100% of billed charges. GMLOS + 8 Outlier per Diem $4,623.00. Add-on payment, and lesser of 100% of billed charges.",41420.73,,,,,,,Case Rate,"Medicare Base Rate times Standard Inpatient Weight. GMLOS + 8 Outlier per Diem $4,623.00. Add-on payment, and lesser of 100% of billed charges. GMLOS + 8 Outlier per Diem $4,623.00. Add-on payment, and lesser of 100% of billed charges.",41420.73,,,,,,,Case Rate,"Medicare Base Rate times Standard Inpatient Weight. GMLOS + 8 Outlier per Diem $4,623.00. Add-on payment, and lesser of 100% of billed charges. GMLOS + 8 Outlier per Diem $4,623.00. Add-on payment, and lesser of 100% of billed charges.",41420.73,,,,,,,Case Rate,"Medicare Base Rate times Standard Inpatient Weight. GMLOS + 8 Outlier per Diem $4,623.00. Add-on payment, and lesser of 100% of billed charges. GMLOS + 8 Outlier per Diem $4,623.00. Add-on payment, and lesser of 100% of billed charges.",16680.77,,,,,,,Case Rate,"Medicare Base Rate times Standard Inpatient Weight. 100 percent of Medicare DRG. Add-on payment,  . 100 percent of Medicare DRG. Add-on payment,  .",,,,,,,,," ",67755.35,,,,,,,Case Rate,"Medicare Base Rate times Standard Inpatient Weight. GMLOS + 6 Outlier per Diem $9,081.00 Add-on payment, and lesser of 100% of billed charges. GMLOS + 6 Outlier per Diem $9,081.00 Add-on payment, and lesser of 100% of billed charges.",,,,,,,,," ",16680.77,,,,,,,Case Rate,"Medicare Base Rate times Standard Inpatient Weight. 100 percent of Medicare DRG. Add-on payment,  . 100 percent of Medicare DRG. Add-on payment,  .",,,,,,,,," ",16680.77,,,,,,,Case Rate,"Medicare Base Rate times Standard Inpatient Weight. 100 percent of Medicare DRG. Add-on payment,  . 100 percent of Medicare DRG. Add-on payment,  .",16680.77,,,,,,,Case Rate,"Medicare Base Rate times Standard Inpatient Weight. 100 percent of Medicare DRG. Add-on payment,  . 100 percent of Medicare DRG. Add-on payment,  .",,,,,,,,," ",,,,,,,,," ",41420.73,,,,,,,Case Rate,"Medicare Base Rate times Standard Inpatient Weight. GMLOS + 8 Outlier per Diem $4,623.00. Add-on payment, and lesser of 100% of billed charges. GMLOS + 8 Outlier per Diem $4,623.00. Add-on payment, and lesser of 100% of billed charges.",47613.73,,,,,,,Case Rate,"Medicare Base Rate times Standard Inpatient Weight. Outlier (25+) per Diem $7,671.00. Add-on payment, and lesser of 100% of billed charges. Outlier (25+) per Diem $7,671.00. Add-on payment, and lesser of 100% of billed charges.",,73,,,,,0,Percent of total billed charges,73 percent of charges.  ; No services were performed during the 15 month look back period.,62701.48,,,,,,,Case Rate,"Medicare Base Rate times Standard Inpatient Weight. AMLOS + 5 Outlier per Diem $7,362.00. Add-on payment, and lesser of 100% of billed charges. AMLOS + 5 Outlier per Diem $7,362.00. Add-on payment, and lesser of 100% of billed charges.",62701.48,,,,,,,Case Rate,"Medicare Base Rate times Standard Inpatient Weight. AMLOS + 5 Outlier per Diem $7,362.00. Add-on payment, and lesser of 100% of billed charges. AMLOS + 5 Outlier per Diem $7,362.00. Add-on payment, and lesser of 100% of billed charges.",42814.28,,,,,,,Case Rate,"Medicare Base Rate times Standard Inpatient Weight. GMLOS + 8 Outlier per Diem $6,968.00. Add-on payment, and lesser of 100% of billed charges. GMLOS + 8 Outlier per Diem $6,968.00. Add-on payment, and lesser of 100% of billed charges.",15513.11,,,,,,,Case Rate,"Medicare Base Rate times Standard Inpatient Weight. 93 percent of Medicare DRG. Add-on payment, and lesser of 100% of billed charges. 93 percent of Medicare DRG. Add-on payment, and lesser of 100% of billed charges.",48399.96,,,,,,,Case Rate,"Medicare Base Rate times Standard Inpatient Weight. Add-on payment, and lesser of 100% of billed charges. Add-on payment, and lesser of 100% of billed charges.",48399.96,,,,,,,Case Rate,"Medicare Base Rate times Standard Inpatient Weight. Add-on payment, and lesser of 100% of billed charges. Add-on payment, and lesser of 100% of billed charges.",53394.74,,,,,,,Case Rate,"Medicare Base Rate times Standard Inpatient Weight. GMLOS + 6 Outlier per Diem $7,265.00 Add-on payment, and lesser of 100% of billed charges. GMLOS + 6 Outlier per Diem $7,265.00 Add-on payment, and lesser of 100% of billed charges.",67755.35,,,,,,,Case Rate,"Medicare Base Rate times Standard Inpatient Weight. GMLOS + 6 Outlier per Diem $9,081.00 Add-on payment, and lesser of 100% of billed charges. GMLOS + 6 Outlier per Diem $9,081.00 Add-on payment, and lesser of 100% of billed charges.",16680.77,,,,,,,Case Rate,"Medicare Base Rate times Standard Inpatient Weight. 100 percent of Medicare DRG. Add-on payment,  . 100 percent of Medicare DRG. Add-on payment,  .",16680.77,,,,,,,Case Rate,"Medicare Base Rate times Standard Inpatient Weight. 100 percent of Medicare DRG. Add-on payment,  . 100 percent of Medicare DRG. Add-on payment,  .",16680.77,,,,,,,Case Rate,"Medicare Base Rate times Standard Inpatient Weight. 100 percent of Medicare DRG. Add-on payment,  . 100 percent of Medicare DRG. Add-on payment,  .",16680.77,,,,,,,Case Rate,"Medicare Base Rate times Standard Inpatient Weight. 100 percent of Medicare DRG. Add-on payment,  . 100 percent of Medicare DRG. Add-on payment,  .",62701.48,,,,,,,Case Rate,"Medicare Base Rate times Standard Inpatient Weight. AMLOS + 5 Outlier per Diem $7,362.00. Add-on payment, and lesser of 100% of billed charges. AMLOS + 5 Outlier per Diem $7,362.00. Add-on payment, and lesser of 100% of billed charges.",67755.35,,,,,,,Case Rate,"Medicare Base Rate times Standard Inpatient Weight. GMLOS + 6 Outlier per Diem $9,081.00 Add-on payment, and lesser of 100% of billed charges. GMLOS + 6 Outlier per Diem $9,081.00 Add-on payment, and lesser of 100% of billed charges.",67755.35,,,,,,,Case Rate,"Medicare Base Rate times Standard Inpatient Weight. GMLOS + 6 Outlier per Diem $9,081.00 Add-on payment, and lesser of 100% of billed charges. GMLOS + 6 Outlier per Diem $9,081.00 Add-on payment, and lesser of 100% of billed charges.",16680.77,,,,,,,Case Rate,"Medicare Base Rate times Standard Inpatient Weight. 100 percent of Medicare DRG. Add-on payment,  . 100 percent of Medicare DRG. Add-on payment,  .",53394.74,,,,,,,Case Rate,"Medicare Base Rate times Standard Inpatient Weight. GMLOS + 6 Outlier per Diem $7,265.00 Add-on payment, and lesser of 100% of billed charges. GMLOS + 6 Outlier per Diem $7,265.00 Add-on payment, and lesser of 100% of billed charges.",48728.24,,,,,,,Case Rate,"Medicare Base Rate times Standard Inpatient Weight. Add-on payment, and lesser of 100% of billed charges. Add-on payment, and lesser of 100% of billed charges.",,,,,,,,," ",,,,,,,,," ",41420.73,,,,,,,Case Rate,"Medicare Base Rate times Standard Inpatient Weight. GMLOS + 8 Outlier per Diem $4,623.00. Add-on payment, and lesser of 100% of billed charges. GMLOS + 8 Outlier per Diem $4,623.00. Add-on payment, and lesser of 100% of billed charges.",60068.67,,,,,,,Case Rate,"Medicare Base Rate times Standard Inpatient Weight. GMLOS + 6 Outlier per Diem $8,173.00 Add-on payment, and lesser of 100% of billed charges. GMLOS + 6 Outlier per Diem $8,173.00 Add-on payment, and lesser of 100% of billed charges.",67755.35,,,,,,,Case Rate,"Medicare Base Rate times Standard Inpatient Weight. GMLOS + 6 Outlier per Diem $9,081.00 Add-on payment, and lesser of 100% of billed charges. GMLOS + 6 Outlier per Diem $9,081.00 Add-on payment, and lesser of 100% of billed charges.",67755.35,,,,,,,Case Rate,"Medicare Base Rate times Standard Inpatient Weight. GMLOS + 6 Outlier per Diem $9,081.00 Add-on payment, and lesser of 100% of billed charges. GMLOS + 6 Outlier per Diem $9,081.00 Add-on payment, and lesser of 100% of billed charges.",49191.12,,,,,,,Case Rate,"Medicare Base Rate times Standard Inpatient Weight. GMLOS + 6 Outlier per Diem $8,221.00. Add-on payment, and lesser of 100% of billed charges. GMLOS + 6 Outlier per Diem $8,221.00. Add-on payment, and lesser of 100% of billed charges.",16680.77,,,,,,,Case Rate,"Medicare Base Rate times Standard Inpatient Weight. 100 percent of Medicare DRG. Add-on payment, . 100 percent of Medicare DRG. Add-on payment, .",,,,,,,,," ",,,,,,,,," ",,,,,,,,," ",,,,,,,,," ",62701.48,,,,,,,Case Rate,"Medicare Base Rate times Standard Inpatient Weight. AMLOS + 5 Outlier per Diem $7,362.00. Add-on payment, and lesser of 100% of billed charges. AMLOS + 5 Outlier per Diem $7,362.00. Add-on payment, and lesser of 100% of billed charges.",,,,,,,,," ",,,,,,,,," ",,,,,,,,," ",,,,,,,,," ",,,,,,,,," ",,,,,,,,," ",,,,,,,,," ",16680.77,,,,,,,Case Rate,"Medicare Base Rate times Standard Inpatient Weight. 100 percent of Medicare DRG. Add-on payment,  . 100 percent of Medicare DRG. Add-on payment,  .",62701.48,,,,,,,Case Rate,"Medicare Base Rate times Standard Inpatient Weight. AMLOS + 5 Outlier per Diem $7,362.00. Add-on payment, and lesser of 100% of billed charges. AMLOS + 5 Outlier per Diem $7,362.00. Add-on payment, and lesser of 100% of billed charges.",16680.77,,,,,,,Case Rate,"Medicare Base Rate times Standard Inpatient Weight. 100 percent of Medicare DRG. Add-on payment,  . 100 percent of Medicare DRG. Add-on payment,  .",,,,,,,,," ",67755.35,,,,,,,Case Rate,"Medicare Base Rate times Standard Inpatient Weight. GMLOS + 6 Outlier per Diem $9,081.00 Add-on payment, and lesser of 100% of billed charges. GMLOS + 6 Outlier per Diem $9,081.00 Add-on payment, and lesser of 100% of billed charges.",16680.77,,,,,,,Case Rate,"Medicare Base Rate times Standard Inpatient Weight. 100 percent of Medicare DRG. Add-on payment,  . 100 percent of Medicare DRG. Add-on payment,  .",67755.35,,,,,,,Case Rate,"Medicare Base Rate times Standard Inpatient Weight. GMLOS + 6 Outlier per Diem $9,081.00 Add-on payment, and lesser of 100% of billed charges. GMLOS + 6 Outlier per Diem $9,081.00 Add-on payment, and lesser of 100% of billed charges.",67755.35,,,,,,,Case Rate,"Medicare Base Rate times Standard Inpatient Weight. GMLOS + 6 Outlier per Diem $9,081.00 Add-on payment, and lesser of 100% of billed charges. GMLOS + 6 Outlier per Diem $9,081.00 Add-on payment, and lesser of 100% of billed charges.",67755.35,,,,,,,Case Rate,"Medicare Base Rate times Standard Inpatient Weight. GMLOS + 6 Outlier per Diem $9,081.00 Add-on payment, and lesser of 100% of billed charges. GMLOS + 6 Outlier per Diem $9,081.00 Add-on payment, and lesser of 100% of billed charges.",,,,,,,,," ",16680.77,,,,,,,Case Rate,"Medicare Base Rate times Standard Inpatient Weight. 100 percent of Medicare DRG. Add-on payment,  . 100 percent of Medicare DRG. Add-on payment,  .",67755.35,,,,,,,Case Rate,"Medicare Base Rate times Standard Inpatient Weight. GMLOS + 6 Outlier per Diem $9,081.00 Add-on payment, and lesser of 100% of billed charges. GMLOS + 6 Outlier per Diem $9,081.00 Add-on payment, and lesser of 100% of billed charges.",,,,,,,,," ",67755.35,,,,,,,Case Rate,"Medicare Base Rate times Standard Inpatient Weight. GMLOS + 6 Outlier per Diem $9,081.00 Add-on payment, and lesser of 100% of billed charges. GMLOS + 6 Outlier per Diem $9,081.00 Add-on payment, and lesser of 100% of billed charges.",17514.81,,,,,,,Case Rate,"105% of the Diagnostic Related Group fee schedule established by CMS for Medicare in force as of the date of payment.. Delay in Discharge per diem $4,007 Delay in Discharge per diem $4,007",16680.77,,,,,,,Case Rate,"Medicare Base Rate times Standard Inpatient Weight. 100 percent of Medicare DRG. Add-on payment, . 100 percent of Medicare DRG. Add-on payment, .",41420.73,,,,,,,Case Rate,"Medicare Base Rate times Standard Inpatient Weight. GMLOS + 8 Outlier per Diem $4,623.00. Add-on payment, and lesser of 100% of billed charges. GMLOS + 8 Outlier per Diem $4,623.00. Add-on payment, and lesser of 100% of billed charges.",41420.73,,,,,,,Case Rate,"Medicare Base Rate times Standard Inpatient Weight. GMLOS + 8 Outlier per Diem $4,623.00. Add-on payment, and lesser of 100% of billed charges. GMLOS + 8 Outlier per Diem $4,623.00. Add-on payment, and lesser of 100% of billed charges.",41420.73,,,,,,,Case Rate,"Medicare Base Rate times Standard Inpatient Weight. GMLOS + 8 Outlier per Diem $4,623.00. Add-on payment, and lesser of 100% of billed charges. GMLOS + 8 Outlier per Diem $4,623.00. Add-on payment, and lesser of 100% of billed charges.",41420.73,,,,,,,Case Rate,"Medicare Base Rate times Standard Inpatient Weight. GMLOS + 8 Outlier per Diem $4,623.00. Add-on payment, and lesser of 100% of billed charges. GMLOS + 8 Outlier per Diem $4,623.00. Add-on payment, and lesser of 100% of billed charges.",41420.73,,,,,,,Case Rate,"Medicare Base Rate times Standard Inpatient Weight. GMLOS + 8 Outlier per Diem $4,623.00. Add-on payment, and lesser of 100% of billed charges. GMLOS + 8 Outlier per Diem $4,623.00. Add-on payment, and lesser of 100% of billed charges.",48728.24,,,,,,,Case Rate,"Medicare Base Rate times Standard Inpatient Weight. Add-on payment, and lesser of 100% of billed charges. Add-on payment, and lesser of 100% of billed charges.",48728.24,,,,,,,Case Rate,"Medicare Base Rate times Standard Inpatient Weight. Add-on payment, and lesser of 100% of billed charges. Add-on payment, and lesser of 100% of billed charges.",41420.73,,,,,,,Case Rate,"Medicare Base Rate times Standard Inpatient Weight. GMLOS + 8 Outlier per Diem $4,623.00. Add-on payment, and lesser of 100% of billed charges. GMLOS + 8 Outlier per Diem $4,623.00. Add-on payment, and lesser of 100% of billed charges.",41420.73,,,,,,,Case Rate,"Medicare Base Rate times Standard Inpatient Weight. GMLOS + 8 Outlier per Diem $4,623.00. Add-on payment, and lesser of 100% of billed charges. GMLOS + 8 Outlier per Diem $4,623.00. Add-on payment, and lesser of 100% of billed charges.",41420.73,,,,,,,Case Rate,"Medicare Base Rate times Standard Inpatient Weight. GMLOS + 8 Outlier per Diem $4,623.00. Add-on payment, and lesser of 100% of billed charges. GMLOS + 8 Outlier per Diem $4,623.00. Add-on payment, and lesser of 100% of billed charges.",41420.73,,,,,,,Case Rate,"Medicare Base Rate times Standard Inpatient Weight. GMLOS + 8 Outlier per Diem $4,623.00. Add-on payment, and lesser of 100% of billed charges. GMLOS + 8 Outlier per Diem $4,623.00. Add-on payment, and lesser of 100% of billed charges.",41420.73,,,,,,,Case Rate,"Medicare Base Rate times Standard Inpatient Weight. GMLOS + 8 Outlier per Diem $4,623.00. Add-on payment, and lesser of 100% of billed charges. GMLOS + 8 Outlier per Diem $4,623.00. Add-on payment, and lesser of 100% of billed charges.",16680.77,,,,,,,Case Rate,"Medicare Base Rate times Standard Inpatient Weight. 100 percent of Medicare DRG. Add-on payment,  . 100 percent of Medicare DRG. Add-on payment,  .",48728.24,,,,,,,Case Rate,"Medicare Base Rate times Standard Inpatient Weight. Add-on payment, and lesser of 100% of billed charges. Add-on payment, and lesser of 100% of billed charges.",16680.77,,,,,,,Case Rate,"Medicare Base Rate times Standard Inpatient Weight. 100 percent of Medicare DRG. Add-on payment,  . 100 percent of Medicare DRG. Add-on payment,  .",,,,,,,,," ",,,,,,,,," ",62701.48,,,,,,,Case Rate,"Medicare Base Rate times Standard Inpatient Weight. AMLOS + 5 Outlier per Diem $7,362.00. Add-on payment, and lesser of 100% of billed charges. AMLOS + 5 Outlier per Diem $7,362.00. Add-on payment, and lesser of 100% of billed charges.",62701.48,,,,,,,Case Rate,"Medicare Base Rate times Standard Inpatient Weight. AMLOS + 5 Outlier per Diem $7,362.00. Add-on payment, and lesser of 100% of billed charges. AMLOS + 5 Outlier per Diem $7,362.00. Add-on payment, and lesser of 100% of billed charges.",16680.77,,,,,,,Case Rate,"Medicare Base Rate times Standard Inpatient Weight. 100 percent of Medicare DRG. Add-on payment,  . 100 percent of Medicare DRG. Add-on payment,  .",48399.96,,,,,,,Case Rate,"Medicare Base Rate times Standard Inpatient Weight. Add-on payment, and lesser of 100% of billed charges. Add-on payment, and lesser of 100% of billed charges.",16680.77,,,,,,,Case Rate,"Medicare Base Rate times Standard Inpatient Weight. 100 percent of Medicare DRG. Add-on payment,  . 100 percent of Medicare DRG. Add-on payment,  .",16680.77,,,,,,,Case Rate,"Medicare Base Rate times Standard Inpatient Weight. 100 percent of Medicare DRG. Add-on payment,  . 100 percent of Medicare DRG. Add-on payment,  .",42814.28,,,,,,,Case Rate,"Medicare Base Rate times Standard Inpatient Weight. GMLOS + 8 Outlier per Diem $6,968.00. Add-on payment, and lesser of 100% of billed charges. GMLOS + 8 Outlier per Diem $6,968.00. Add-on payment, and lesser of 100% of billed charges.",16680.77,,,,,,,Case Rate,"Medicare Base Rate times Standard Inpatient Weight. 100 percent of Medicare DRG. Add-on payment,  . 100 percent of Medicare DRG. Add-on payment,  .",47613.73,,,,,,,Case Rate,"Medicare Base Rate times Standard Inpatient Weight. Outlier (25+) per Diem $7,671.00. Add-on payment, and lesser of 100% of billed charges. Outlier (25+) per Diem $7,671.00. Add-on payment, and lesser of 100% of billed charges.",16680.77,,,,,,,Case Rate,"Medicare Base Rate times Standard Inpatient Weight. 100 percent of Medicare DRG. Add-on payment,  . 100 percent of Medicare DRG. Add-on payment,  .",47613.73,,,,,,,Case Rate,"Medicare Base Rate times Standard Inpatient Weight. Outlier (25+) per Diem $7,671.00. Add-on payment, and lesser of 100% of billed charges. Outlier (25+) per Diem $7,671.00. Add-on payment, and lesser of 100% of billed charges.",42814.28,,,,,,,Case Rate,"Medicare Base Rate times Standard Inpatient Weight. GMLOS + 8 Outlier per Diem $6,968.00. Add-on payment, and lesser of 100% of billed charges. GMLOS + 8 Outlier per Diem $6,968.00. Add-on payment, and lesser of 100% of billed charges.",47613.73,,,,,,,Case Rate,"Medicare Base Rate times Standard Inpatient Weight. Outlier (25+) per Diem $7,671.00. Add-on payment, and lesser of 100% of billed charges. Outlier (25+) per Diem $7,671.00. Add-on payment, and lesser of 100% of billed charges.",16680.77,,,,,,,Case Rate,"Medicare Base Rate times Standard Inpatient Weight. 100 percent of Medicare DRG. Add-on payment,  . 100 percent of Medicare DRG. Add-on payment,  .",,,,,,,,," ",16680.77,,,,,,,Case Rate,"Medicare Base Rate times Standard Inpatient Weight. 100 percent of Medicare DRG. Add-on payment,  . 100 percent of Medicare DRG. Add-on payment,  .",47613.73,,,,,,,Case Rate,"Medicare Base Rate times Standard Inpatient Weight. Outlier (25+) per Diem $7,671.00. Add-on payment, and lesser of 100% of billed charges. Outlier (25+) per Diem $7,671.00. Add-on payment, and lesser of 100% of billed charges.",62701.48,,,,,,,Case Rate,"Medicare Base Rate times Standard Inpatient Weight. AMLOS + 5 Outlier per Diem $7,362.00. Add-on payment, and lesser of 100% of billed charges. AMLOS + 5 Outlier per Diem $7,362.00. Add-on payment, and lesser of 100% of billed charges.",,,,,,,,," ",67755.35,,,,,,,Case Rate,"Medicare Base Rate times Standard Inpatient Weight. GMLOS + 6 Outlier per Diem $9,081.00 Add-on payment, and lesser of 100% of billed charges. GMLOS + 6 Outlier per Diem $9,081.00 Add-on payment, and lesser of 100% of billed charges.",,,,,,,,," ",,,,,,,,," ",66742.61,,,,,,,Case Rate,"Medicare Base Rate times Standard Inpatient Weight. GMLOS + 6 Outlier per Diem $9,081.00 Add-on payment, and lesser of 100% of billed charges. GMLOS + 6 Outlier per Diem $9,081.00 Add-on payment, and lesser of 100% of billed charges.",66742.61,,,,,,,Case Rate,"Medicare Base Rate times Standard Inpatient Weight. GMLOS + 6 Outlier per Diem $9,081.00 Add-on payment, and lesser of 100% of billed charges. GMLOS + 6 Outlier per Diem $9,081.00 Add-on payment, and lesser of 100% of billed charges.",67755.35,,,,,,,Case Rate,"Medicare Base Rate times Standard Inpatient Weight. GMLOS + 6 Outlier per Diem $9,081.00 Add-on payment, and lesser of 100% of billed charges. GMLOS + 6 Outlier per Diem $9,081.00 Add-on payment, and lesser of 100% of billed charges.",62701.48,,,,,,,Case Rate,"Medicare Base Rate times Standard Inpatient Weight. AMLOS + 5 Outlier per Diem $7,362.00. Add-on payment, and lesser of 100% of billed charges. AMLOS + 5 Outlier per Diem $7,362.00. Add-on payment, and lesser of 100% of billed charges.",67755.35,,,,,,,Case Rate,"Medicare Base Rate times Standard Inpatient Weight. GMLOS + 6 Outlier per Diem $9,081.00 Add-on payment, and lesser of 100% of billed charges. GMLOS + 6 Outlier per Diem $9,081.00 Add-on payment, and lesser of 100% of billed charges.",66742.61,,,,,,,Case Rate,"Medicare Base Rate times Standard Inpatient Weight. GMLOS + 6 Outlier per Diem $9,081.00 Add-on payment, and lesser of 100% of billed charges. GMLOS + 6 Outlier per Diem $9,081.00 Add-on payment, and lesser of 100% of billed charges.",67755.35,,,,,,,Case Rate,"Medicare Base Rate times Standard Inpatient Weight. GMLOS + 6 Outlier per Diem $9,081.00 Add-on payment, and lesser of 100% of billed charges. GMLOS + 6 Outlier per Diem $9,081.00 Add-on payment, and lesser of 100% of billed charges.",41420.73,,,,,,,Case Rate,"Medicare Base Rate times Standard Inpatient Weight. GMLOS + 8 Outlier per Diem $4,623.00. Add-on payment, and lesser of 100% of billed charges. GMLOS + 8 Outlier per Diem $4,623.00. Add-on payment, and lesser of 100% of billed charges.",41420.73,,,,,,,Case Rate,"Medicare Base Rate times Standard Inpatient Weight. GMLOS + 8 Outlier per Diem $4,623.00. Add-on payment, and lesser of 100% of billed charges. GMLOS + 8 Outlier per Diem $4,623.00. Add-on payment, and lesser of 100% of billed charges.",43590.02,,,,,,,Case Rate,. 200 percent of Medicare 200 percent of Medicare,,,,,,,,," ",62701.48,,,,,,,Case Rate,"Medicare Base Rate times Standard Inpatient Weight. AMLOS + 5 Outlier per Diem $7,362.00. Add-on payment, and lesser of 100% of billed charges. AMLOS + 5 Outlier per Diem $7,362.00. Add-on payment, and lesser of 100% of billed charges.",47613.73,,,,,,,Case Rate,"Medicare Base Rate times Standard Inpatient Weight. Outlier (25+) per Diem $7,671.00. Add-on payment, and lesser of 100% of billed charges. Outlier (25+) per Diem $7,671.00. Add-on payment, and lesser of 100% of billed charges.",42814.28,,,,,,,Case Rate,"Medicare Base Rate times Standard Inpatient Weight. GMLOS + 8 Outlier per Diem $6,968.00. Add-on payment, and lesser of 100% of billed charges. GMLOS + 8 Outlier per Diem $6,968.00. Add-on payment, and lesser of 100% of billed charges.",62701.48,,,,,,,Case Rate,"Medicare Base Rate times Standard Inpatient Weight. AMLOS + 5 Outlier per Diem $7,362.00. Add-on payment, and lesser of 100% of billed charges. AMLOS + 5 Outlier per Diem $7,362.00. Add-on payment, and lesser of 100% of billed charges.",42814.28,,,,,,,Case Rate,"Medicare Base Rate times Standard Inpatient Weight. GMLOS + 8 Outlier per Diem $6,968.00. Add-on payment, and lesser of 100% of billed charges. GMLOS + 8 Outlier per Diem $6,968.00. Add-on payment, and lesser of 100% of billed charges.",62701.48,,,,,,,Case Rate,"Medicare Base Rate times Standard Inpatient Weight. AMLOS + 5 Outlier per Diem $7,362.00. Add-on payment, and lesser of 100% of billed charges. AMLOS + 5 Outlier per Diem $7,362.00. Add-on payment, and lesser of 100% of billed charges.",67755.35,,,,,,,Case Rate,"Medicare Base Rate times Standard Inpatient Weight. GMLOS + 6 Outlier per Diem $9,081.00 Add-on payment, and lesser of 100% of billed charges. GMLOS + 6 Outlier per Diem $9,081.00 Add-on payment, and lesser of 100% of billed charges.",66742.61,,,,,,,Case Rate,"Medicare Base Rate times Standard Inpatient Weight. GMLOS + 6 Outlier per Diem $9,081.00 Add-on payment, and lesser of 100% of billed charges. GMLOS + 6 Outlier per Diem $9,081.00 Add-on payment, and lesser of 100% of billed charges.",66742.61,,,,,,,Case Rate,"Medicare Base Rate times Standard Inpatient Weight. GMLOS + 6 Outlier per Diem $9,081.00 Add-on payment, and lesser of 100% of billed charges. GMLOS + 6 Outlier per Diem $9,081.00 Add-on payment, and lesser of 100% of billed charges.",67755.35,,,,,,,Case Rate,"Medicare Base Rate times Standard Inpatient Weight. GMLOS + 6 Outlier per Diem $9,081.00 Add-on payment, and lesser of 100% of billed charges. GMLOS + 6 Outlier per Diem $9,081.00 Add-on payment, and lesser of 100% of billed charges.",16680.77,,,,,,,Case Rate,"Medicare Base Rate times Standard Inpatient Weight. 100 percent of Medicare DRG. Add-on payment,  . 100 percent of Medicare DRG. Add-on payment,  .",14643.74,74719.81,
MS724,DRG,,,,,"MS-DRG 724 MALIGNANCY, MALE REPRODUCTIVE SYSTEM WITHOUT CC/MCC",,,Inpatient,,,,21043.38,,,,,,,Case Rate,Medicare Base Rate times Standard Inpatient Weight. Local 1199 High/Low day Outlier Local 1199 High/Low day Outlier,21043.38,,,,,,,Case Rate,Medicare Base Rate times Standard Inpatient Weight. Local 1199 High/Low day Outlier Local 1199 High/Low day Outlier,17103.28,,,,,,,Case Rate,"Medicare Base Rate times Standard Inpatient Weight. GMLOS + 8 Outlier per Diem $6,968.00. Add-on payment, and lesser of 100% of billed charges. GMLOS + 8 Outlier per Diem $6,968.00. Add-on payment, and lesser of 100% of billed charges.",,100,,,,,0,Percent of total billed charges,100 percent of charges.  ; No services were performed during the 15 month look back period.,6993.75,,,,,,,Case Rate,"Medicare Base Rate times Standard Inpatient Weight. 100 percent of Medicare DRG. Add-on payment,  . 100 percent of Medicare DRG. Add-on payment,  .",17103.28,,,,,,,Case Rate,"Medicare Base Rate times Standard Inpatient Weight. GMLOS + 8 Outlier per Diem $6,968.00. Add-on payment, and lesser of 100% of billed charges. GMLOS + 8 Outlier per Diem $6,968.00. Add-on payment, and lesser of 100% of billed charges.",17103.28,,,,,,,Case Rate,"Medicare Base Rate times Standard Inpatient Weight. GMLOS + 8 Outlier per Diem $6,968.00. Add-on payment, and lesser of 100% of billed charges. GMLOS + 8 Outlier per Diem $6,968.00. Add-on payment, and lesser of 100% of billed charges.",17103.28,,,,,,,Case Rate,"Medicare Base Rate times Standard Inpatient Weight. GMLOS + 8 Outlier per Diem $6,968.00. Add-on payment, and lesser of 100% of billed charges. GMLOS + 8 Outlier per Diem $6,968.00. Add-on payment, and lesser of 100% of billed charges.",,,,,,,,," ",,,,,,,,," ",,73,,,,,0,Percent of total billed charges,73 percent of charges.  ; No services were performed during the 15 month look back period.,25047.74,,,,,,,Case Rate,"Medicare Base Rate times Standard Inpatient Weight. AMLOS + 5 Outlier per Diem $7,362.00. Add-on payment, and lesser of 100% of billed charges. AMLOS + 5 Outlier per Diem $7,362.00. Add-on payment, and lesser of 100% of billed charges.",,,,,,,,," ",6993.75,,,,,,,Case Rate,"Medicare Base Rate times Standard Inpatient Weight. 100 percent of Medicare DRG. Add-on payment,  . 100 percent of Medicare DRG. Add-on payment,  .",19020.55,,,,,,,Case Rate,"Medicare Base Rate times Standard Inpatient Weight. Outlier (25+) per Diem $7,671.00. Add-on payment, and lesser of 100% of billed charges. Outlier (25+) per Diem $7,671.00. Add-on payment, and lesser of 100% of billed charges.",19020.55,,,,,,,Case Rate,"Medicare Base Rate times Standard Inpatient Weight. Outlier (25+) per Diem $7,671.00. Add-on payment, and lesser of 100% of billed charges. Outlier (25+) per Diem $7,671.00. Add-on payment, and lesser of 100% of billed charges.",19020.55,,,,,,,Case Rate,"Medicare Base Rate times Standard Inpatient Weight. Outlier (25+) per Diem $7,671.00. Add-on payment, and lesser of 100% of billed charges. Outlier (25+) per Diem $7,671.00. Add-on payment, and lesser of 100% of billed charges.",19020.55,,,,,,,Case Rate,"Medicare Base Rate times Standard Inpatient Weight. Outlier (25+) per Diem $7,671.00. Add-on payment, and lesser of 100% of billed charges. Outlier (25+) per Diem $7,671.00. Add-on payment, and lesser of 100% of billed charges.",,,,,,,,," ",6993.75,,,,,,,Case Rate,"Medicare Base Rate times Standard Inpatient Weight. 100 percent of Medicare DRG. Add-on payment,  . 100 percent of Medicare DRG. Add-on payment,  .",,,,,,,,," ",,73,,,,,0,Percent of total billed charges,73 percent of charges.  ; No services were performed during the 15 month look back period.,17103.28,,,,,,,Case Rate,"Medicare Base Rate times Standard Inpatient Weight. GMLOS + 8 Outlier per Diem $6,968.00. Add-on payment, and lesser of 100% of billed charges. GMLOS + 8 Outlier per Diem $6,968.00. Add-on payment, and lesser of 100% of billed charges.",6993.75,,,,,,,Case Rate,"Medicare Base Rate times Standard Inpatient Weight. 100 percent of Medicare DRG. Add-on payment, and lesser of 100% of billed charges. 100 percent of Medicare DRG. Add-on payment, and lesser of 100% of billed charges.",19465.77,,,,,,,Case Rate,"Medicare Base Rate times Standard Inpatient Weight. Add-on payment, and lesser of 100% of billed charges. Add-on payment, and lesser of 100% of billed charges.",6993.75,,,,,,,Case Rate,"Medicare Base Rate times Standard Inpatient Weight. 100 percent of Medicare DRG. Add-on payment, and lesser of 100% of billed charges. 100 percent of Medicare DRG. Add-on payment, and lesser of 100% of billed charges.",6993.75,,,,,,,Case Rate,"Medicare Base Rate times Standard Inpatient Weight. 100 percent of Medicare DRG. Add-on payment, and lesser of 100% of billed charges. 100 percent of Medicare DRG. Add-on payment, and lesser of 100% of billed charges.",,73,,,,,0,Percent of total billed charges,73 percent of charges.  ; No services were performed during the 15 month look back period.,,,,,,,,," ",,,,,,,,," ",,,,,,,,," ",,,,,,,,," ",19465.77,,,,,,,Case Rate,"Medicare Base Rate times Standard Inpatient Weight. Add-on payment, and lesser of 100% of billed charges. Add-on payment, and lesser of 100% of billed charges.",19465.77,,,,,,,Case Rate,"Medicare Base Rate times Standard Inpatient Weight. Add-on payment, and lesser of 100% of billed charges. Add-on payment, and lesser of 100% of billed charges.",,,,,,,,," ",19465.77,,,,,,,Case Rate,"Medicare Base Rate times Standard Inpatient Weight. Add-on payment, and lesser of 100% of billed charges. Add-on payment, and lesser of 100% of billed charges.",,,,,,,,," ",6993.75,,,,,,,Case Rate,"Medicare Base Rate times Standard Inpatient Weight. 100 percent of Medicare DRG. Add-on payment, . 100 percent of Medicare DRG. Add-on payment, .",19465.77,,,,,,,Case Rate,"Medicare Base Rate times Standard Inpatient Weight. Add-on payment, and lesser of 100% of billed charges. Add-on payment, and lesser of 100% of billed charges.",,73,,,,,0,Percent of total billed charges,73 percent of charges.  ; No services were performed during the 15 month look back period.,,,,,,,,," ",,,,,,,,," ",,73,,,,,0,Percent of total billed charges,73 percent of charges.  ; No services were performed during the 15 month look back period.,19020.55,,,,,,,Case Rate,"Medicare Base Rate times Standard Inpatient Weight. Outlier (25+) per Diem $7,671.00. Add-on payment, and lesser of 100% of billed charges. Outlier (25+) per Diem $7,671.00. Add-on payment, and lesser of 100% of billed charges.",18220.59,,,,,,,Case Rate,"Medicare Base Rate times Standard Inpatient Weight. AMLOS + 5 Outlier per Diem $7,167.00. Add-on payment, and lesser of 100% of billed charges. AMLOS + 5 Outlier per Diem $7,167.00. Add-on payment, and lesser of 100% of billed charges.",18220.59,,,,,,,Case Rate,"Medicare Base Rate times Standard Inpatient Weight. AMLOS + 5 Outlier per Diem $7,167.00. Add-on payment, and lesser of 100% of billed charges. AMLOS + 5 Outlier per Diem $7,167.00. Add-on payment, and lesser of 100% of billed charges.",,73,,,,,0,Percent of total billed charges,73 percent of charges.  ; No services were performed during the 15 month look back period.,6993.75,,,,,,,Case Rate,"Medicare Base Rate times Standard Inpatient Weight. 100 percent of Medicare DRG. Add-on payment,  . 100 percent of Medicare DRG. Add-on payment,  .",25047.74,,,,,,,Case Rate,"Medicare Base Rate times Standard Inpatient Weight. AMLOS + 5 Outlier per Diem $7,362.00. Add-on payment, and lesser of 100% of billed charges. AMLOS + 5 Outlier per Diem $7,362.00. Add-on payment, and lesser of 100% of billed charges.",25047.74,,,,,,,Case Rate,"Medicare Base Rate times Standard Inpatient Weight. AMLOS + 5 Outlier per Diem $7,362.00. Add-on payment, and lesser of 100% of billed charges. AMLOS + 5 Outlier per Diem $7,362.00. Add-on payment, and lesser of 100% of billed charges.",25047.74,,,,,,,Case Rate,"Medicare Base Rate times Standard Inpatient Weight. AMLOS + 5 Outlier per Diem $7,362.00. Add-on payment, and lesser of 100% of billed charges. AMLOS + 5 Outlier per Diem $7,362.00. Add-on payment, and lesser of 100% of billed charges.",6993.75,,,,,,,Case Rate,"Medicare Base Rate times Standard Inpatient Weight. 100 percent of Medicare DRG. Add-on payment,  . 100 percent of Medicare DRG. Add-on payment,  .",25047.74,,,,,,,Case Rate,"Medicare Base Rate times Standard Inpatient Weight. AMLOS + 5 Outlier per Diem $7,362.00. Add-on payment, and lesser of 100% of billed charges. AMLOS + 5 Outlier per Diem $7,362.00. Add-on payment, and lesser of 100% of billed charges.",25047.74,,,,,,,Case Rate,"Medicare Base Rate times Standard Inpatient Weight. AMLOS + 5 Outlier per Diem $7,362.00. Add-on payment, and lesser of 100% of billed charges. AMLOS + 5 Outlier per Diem $7,362.00. Add-on payment, and lesser of 100% of billed charges.",6993.75,,,,,,,Case Rate,"Medicare Base Rate times Standard Inpatient Weight. 100 percent of Medicare DRG. Add-on payment, and lesser of 100% of billed charges. 100 percent of Medicare DRG. Add-on payment, and lesser of 100% of billed charges.",28519.67,,,,,,,Case Rate,"Medicare Base Rate times Standard Inpatient Weight. GMLOS + 6 Outlier per Diem $11,932.00. Add-on payment, and lesser of 100% of billed charges. GMLOS + 6 Outlier per Diem $11,932.00. Add-on payment, and lesser of 100% of billed charges.",27066.64,,,,,,,Case Rate,"Medicare Base Rate times Standard Inpatient Weight. GMLOS + 6 Outlier per Diem $9,081.00 Add-on payment, and lesser of 100% of billed charges. GMLOS + 6 Outlier per Diem $9,081.00 Add-on payment, and lesser of 100% of billed charges.",27066.64,,,,,,,Case Rate,"Medicare Base Rate times Standard Inpatient Weight. GMLOS + 6 Outlier per Diem $9,081.00 Add-on payment, and lesser of 100% of billed charges. GMLOS + 6 Outlier per Diem $9,081.00 Add-on payment, and lesser of 100% of billed charges.",26662.07,,,,,,,Case Rate,"Medicare Base Rate times Standard Inpatient Weight. GMLOS + 6 Outlier per Diem $9,081.00 Add-on payment, and lesser of 100% of billed charges. GMLOS + 6 Outlier per Diem $9,081.00 Add-on payment, and lesser of 100% of billed charges.",29848.78,,,,,,,Case Rate,"Medicare Base Rate times Standard Inpatient Weight. GMLOS + 6 Outlier per Diem $9,081.00 Add-on payment, and lesser of 100% of billed charges. GMLOS + 6 Outlier per Diem $9,081.00 Add-on payment, and lesser of 100% of billed charges.",26662.07,,,,,,,Case Rate,"Medicare Base Rate times Standard Inpatient Weight. GMLOS + 6 Outlier per Diem $9,081.00 Add-on payment, and lesser of 100% of billed charges. GMLOS + 6 Outlier per Diem $9,081.00 Add-on payment, and lesser of 100% of billed charges.",27066.64,,,,,,,Case Rate,"Medicare Base Rate times Standard Inpatient Weight. GMLOS + 6 Outlier per Diem $9,081.00 Add-on payment, and lesser of 100% of billed charges. GMLOS + 6 Outlier per Diem $9,081.00 Add-on payment, and lesser of 100% of billed charges.",6993.75,,,,,,,Case Rate,"Medicare Base Rate times Standard Inpatient Weight. 100 percent of Medicare DRG. Add-on payment,  . 100 percent of Medicare DRG. Add-on payment,  .",6993.75,,,,,,,Case Rate,"Medicare Base Rate times Standard Inpatient Weight. 100 percent of Medicare DRG. Add-on payment,  . 100 percent of Medicare DRG. Add-on payment,  .",29848.78,,,,,,,Case Rate,"Medicare Base Rate times Standard Inpatient Weight. GMLOS + 6 Outlier per Diem $9,081.00 Add-on payment, and lesser of 100% of billed charges. GMLOS + 6 Outlier per Diem $9,081.00 Add-on payment, and lesser of 100% of billed charges.",,73,,,,,0,Percent of total billed charges,73 percent of charges.  ; No services were performed during the 15 month look back period.,,73,,,,,0,Percent of total billed charges,73 percent of charges.  ; No services were performed during the 15 month look back period.,,73,,,,,0,Percent of total billed charges,73 percent of charges.  ; No services were performed during the 15 month look back period.,,73,,,,,0,Percent of total billed charges,73 percent of charges.  ; No services were performed during the 15 month look back period.,,73,,,,,0,Percent of total billed charges,73 percent of charges.  ; No services were performed during the 15 month look back period.,,73,,,,,0,Percent of total billed charges,73 percent of charges.  ; No services were performed during the 15 month look back period.,,73,,,,,0,Percent of total billed charges,73 percent of charges.  ; No services were performed during the 15 month look back period.,,73,,,,,0,Percent of total billed charges,73 percent of charges.  ; No services were performed during the 15 month look back period.,,73,,,,,0,Percent of total billed charges,73 percent of charges.  ; No services were performed during the 15 month look back period.,,73,,,,,0,Percent of total billed charges,73 percent of charges.  ; No services were performed during the 15 month look back period.,,73,,,,,0,Percent of total billed charges,73 percent of charges.  ; No services were performed during the 15 month look back period.,,73,,,,,0,Percent of total billed charges,73 percent of charges.  ; No services were performed during the 15 month look back period.,,73,,,,,0,Percent of total billed charges,73 percent of charges.  ; No services were performed during the 15 month look back period.,,73,,,,,0,Percent of total billed charges,73 percent of charges.  ; No services were performed during the 15 month look back period.,,73,,,,,0,Percent of total billed charges,73 percent of charges.  ; No services were performed during the 15 month look back period.,,73,,,,,0,Percent of total billed charges,73 percent of charges.  ; No services were performed during the 15 month look back period.,,73,,,,,0,Percent of total billed charges,73 percent of charges.  ; No services were performed during the 15 month look back period.,,73,,,,,0,Percent of total billed charges,73 percent of charges.  ; No services were performed during the 15 month look back period.,,73,,,,,0,Percent of total billed charges,73 percent of charges.  ; No services were performed during the 15 month look back period.,,73,,,,,0,Percent of total billed charges,73 percent of charges.  ; No services were performed during the 15 month look back period.,,73,,,,,0,Percent of total billed charges,73 percent of charges.  ; No services were performed during the 15 month look back period.,,73,,,,,0,Percent of total billed charges,73 percent of charges.  ; No services were performed during the 15 month look back period.,,73,,,,,0,Percent of total billed charges,73 percent of charges.  ; No services were performed during the 15 month look back period.,,73,,,,,0,Percent of total billed charges,73 percent of charges.  ; No services were performed during the 15 month look back period.,,73,,,,,0,Percent of total billed charges,73 percent of charges.  ; No services were performed during the 15 month look back period.,,73,,,,,0,Percent of total billed charges,73 percent of charges.  ; No services were performed during the 15 month look back period.,19465.77,,,,,,,Case Rate,"Medicare Base Rate times Standard Inpatient Weight. Add-on payment, and lesser of 100% of billed charges. Add-on payment, and lesser of 100% of billed charges.",19465.77,,,,,,,Case Rate,"Medicare Base Rate times Standard Inpatient Weight. Add-on payment, and lesser of 100% of billed charges. Add-on payment, and lesser of 100% of billed charges.",19465.77,,,,,,,Case Rate,"Medicare Base Rate times Standard Inpatient Weight. Add-on payment, and lesser of 100% of billed charges. Add-on payment, and lesser of 100% of billed charges.",19465.77,,,,,,,Case Rate,"Medicare Base Rate times Standard Inpatient Weight. Add-on payment, and lesser of 100% of billed charges. Add-on payment, and lesser of 100% of billed charges.",19334.63,,,,,,,Case Rate,"Medicare Base Rate times Standard Inpatient Weight. Add-on payment, and lesser of 100% of billed charges. Add-on payment, and lesser of 100% of billed charges.",19334.63,,,,,,,Case Rate,"Medicare Base Rate times Standard Inpatient Weight. Add-on payment, and lesser of 100% of billed charges. Add-on payment, and lesser of 100% of billed charges.",19020.55,,,,,,,Case Rate,"Medicare Base Rate times Standard Inpatient Weight. Outlier (25+) per Diem $7,671.00. Add-on payment, and lesser of 100% of billed charges. Outlier (25+) per Diem $7,671.00. Add-on payment, and lesser of 100% of billed charges.",27066.64,,,,,,,Case Rate,"Medicare Base Rate times Standard Inpatient Weight. GMLOS + 6 Outlier per Diem $9,081.00 Add-on payment, and lesser of 100% of billed charges. GMLOS + 6 Outlier per Diem $9,081.00 Add-on payment, and lesser of 100% of billed charges.",25047.74,,,,,,,Case Rate,"Medicare Base Rate times Standard Inpatient Weight. AMLOS + 5 Outlier per Diem $7,362.00. Add-on payment, and lesser of 100% of billed charges. AMLOS + 5 Outlier per Diem $7,362.00. Add-on payment, and lesser of 100% of billed charges.",26662.07,,,,,,,Case Rate,"Medicare Base Rate times Standard Inpatient Weight. GMLOS + 6 Outlier per Diem $9,081.00 Add-on payment, and lesser of 100% of billed charges. GMLOS + 6 Outlier per Diem $9,081.00 Add-on payment, and lesser of 100% of billed charges.",,73,,,,,0,Percent of total billed charges,73 percent of charges.  ; No services were performed during the 15 month look back period.,19334.63,,,,,,,Case Rate,"Medicare Base Rate times Standard Inpatient Weight. Add-on payment, and lesser of 100% of billed charges. Add-on payment, and lesser of 100% of billed charges.",27066.64,,,,,,,Case Rate,"Medicare Base Rate times Standard Inpatient Weight. GMLOS + 6 Outlier per Diem $9,081.00 Add-on payment, and lesser of 100% of billed charges. GMLOS + 6 Outlier per Diem $9,081.00 Add-on payment, and lesser of 100% of billed charges.",25047.74,,,,,,,Case Rate,"Medicare Base Rate times Standard Inpatient Weight. AMLOS + 5 Outlier per Diem $7,362.00. Add-on payment, and lesser of 100% of billed charges. AMLOS + 5 Outlier per Diem $7,362.00. Add-on payment, and lesser of 100% of billed charges.",19020.55,,,,,,,Case Rate,"Medicare Base Rate times Standard Inpatient Weight. Outlier (25+) per Diem $7,671.00. Add-on payment, and lesser of 100% of billed charges. Outlier (25+) per Diem $7,671.00. Add-on payment, and lesser of 100% of billed charges.",,,,,,,,," ",,73,,,,,0,Percent of total billed charges,73 percent of charges.  ; No services were performed during the 15 month look back period.,,,,,,,,," ",19465.77,,,,,,,Case Rate,"Medicare Base Rate times Standard Inpatient Weight. Add-on payment, and lesser of 100% of billed charges. Add-on payment, and lesser of 100% of billed charges.",,,,,,,,," ",6993.75,,,,,,,Case Rate,"Medicare Base Rate times Standard Inpatient Weight. 100 percent of Medicare DRG. Add-on payment, . 100 percent of Medicare DRG. Add-on payment, .",6993.75,,,,,,,Case Rate,"Medicare Base Rate times Standard Inpatient Weight. 100 percent of Medicare DRG. Add-on payment,  . 100 percent of Medicare DRG. Add-on payment,  .",28519.67,,,,,,,Case Rate,"Medicare Base Rate times Standard Inpatient Weight. GMLOS + 6 Outlier per Diem $11,932.00. Add-on payment, and lesser of 100% of billed charges. GMLOS + 6 Outlier per Diem $11,932.00. Add-on payment, and lesser of 100% of billed charges.",6993.75,,,,,,,Case Rate,"Medicare Base Rate times Standard Inpatient Weight. 100 percent of Medicare DRG. Add-on payment,  . 100 percent of Medicare DRG. Add-on payment,  .",6993.75,,,,,,,Case Rate,"Medicare Base Rate times Standard Inpatient Weight. 100 percent of Medicare DRG. Add-on payment,  . 100 percent of Medicare DRG. Add-on payment,  .",,,,,,,,," ",6993.75,,,,,,,Case Rate,"Medicare Base Rate times Standard Inpatient Weight. 100 percent of Medicare DRG. Add-on payment,  . 100 percent of Medicare DRG. Add-on payment,  .",6993.75,,,,,,,Case Rate,"Medicare Base Rate times Standard Inpatient Weight. 100 percent of Medicare DRG. Add-on payment,  . 100 percent of Medicare DRG. Add-on payment,  .",17103.28,,,,,,,Case Rate,"Medicare Base Rate times Standard Inpatient Weight. GMLOS + 8 Outlier per Diem $6,968.00. Add-on payment, and lesser of 100% of billed charges. GMLOS + 8 Outlier per Diem $6,968.00. Add-on payment, and lesser of 100% of billed charges.",17103.28,,,,,,,Case Rate,"Medicare Base Rate times Standard Inpatient Weight. GMLOS + 8 Outlier per Diem $6,968.00. Add-on payment, and lesser of 100% of billed charges. GMLOS + 8 Outlier per Diem $6,968.00. Add-on payment, and lesser of 100% of billed charges.",6993.75,,,,,,,Case Rate,"Medicare Base Rate times Standard Inpatient Weight. 100 percent of Medicare DRG. Add-on payment,  . 100 percent of Medicare DRG. Add-on payment,  .",19020.55,,,,,,,Case Rate,"Medicare Base Rate times Standard Inpatient Weight. Outlier (25+) per Diem $7,671.00. Add-on payment, and lesser of 100% of billed charges. Outlier (25+) per Diem $7,671.00. Add-on payment, and lesser of 100% of billed charges.",25047.74,,,,,,,Case Rate,"Medicare Base Rate times Standard Inpatient Weight. AMLOS + 5 Outlier per Diem $7,362.00. Add-on payment, and lesser of 100% of billed charges. AMLOS + 5 Outlier per Diem $7,362.00. Add-on payment, and lesser of 100% of billed charges.",25047.74,,,,,,,Case Rate,"Medicare Base Rate times Standard Inpatient Weight. AMLOS + 5 Outlier per Diem $7,362.00. Add-on payment, and lesser of 100% of billed charges. AMLOS + 5 Outlier per Diem $7,362.00. Add-on payment, and lesser of 100% of billed charges.",6993.75,,,,,,,Case Rate,"Medicare Base Rate times Standard Inpatient Weight. 100 percent of Medicare DRG. Add-on payment,  . 100 percent of Medicare DRG. Add-on payment,  .",19020.55,,,,,,,Case Rate,"Medicare Base Rate times Standard Inpatient Weight. Outlier (25+) per Diem $7,671.00. Add-on payment, and lesser of 100% of billed charges. Outlier (25+) per Diem $7,671.00. Add-on payment, and lesser of 100% of billed charges.",17103.28,,,,,,,Case Rate,"Medicare Base Rate times Standard Inpatient Weight. GMLOS + 8 Outlier per Diem $6,968.00. Add-on payment, and lesser of 100% of billed charges. GMLOS + 8 Outlier per Diem $6,968.00. Add-on payment, and lesser of 100% of billed charges.",17103.28,,,,,,,Case Rate,"Medicare Base Rate times Standard Inpatient Weight. GMLOS + 8 Outlier per Diem $6,968.00. Add-on payment, and lesser of 100% of billed charges. GMLOS + 8 Outlier per Diem $6,968.00. Add-on payment, and lesser of 100% of billed charges.",17103.28,,,,,,,Case Rate,"Medicare Base Rate times Standard Inpatient Weight. GMLOS + 8 Outlier per Diem $6,968.00. Add-on payment, and lesser of 100% of billed charges. GMLOS + 8 Outlier per Diem $6,968.00. Add-on payment, and lesser of 100% of billed charges.",,73,,,,,0,Percent of total billed charges,73 percent of charges.  ; No services were performed during the 15 month look back period.,,73,,,,,0,Percent of total billed charges,73 percent of charges.  ; No services were performed during the 15 month look back period.,,73,,,,,0,Percent of total billed charges,73 percent of charges.  ; No services were performed during the 15 month look back period.,,73,,,,,0,Percent of total billed charges,73 percent of charges.  ; No services were performed during the 15 month look back period.,,73,,,,,0,Percent of total billed charges,73 percent of charges.  ; No services were performed during the 15 month look back period.,,73,,,,,0,Percent of total billed charges,73 percent of charges.  ; No services were performed during the 15 month look back period.,,73,,,,,0,Percent of total billed charges,73 percent of charges.  ; No services were performed during the 15 month look back period.,,73,,,,,0,Percent of total billed charges,73 percent of charges.  ; No services were performed during the 15 month look back period.,,73,,,,,0,Percent of total billed charges,73 percent of charges.  ; No services were performed during the 15 month look back period.,,73,,,,,0,Percent of total billed charges,73 percent of charges.  ; No services were performed during the 15 month look back period.,,73,,,,,0,Percent of total billed charges,73 percent of charges.  ; No services were performed during the 15 month look back period.,19334.63,,,,,,,Case Rate,"Medicare Base Rate times Standard Inpatient Weight. Add-on payment, and lesser of 100% of billed charges. Add-on payment, and lesser of 100% of billed charges.",27066.64,,,,,,,Case Rate,"Medicare Base Rate times Standard Inpatient Weight. GMLOS + 6 Outlier per Diem $9,081.00 Add-on payment, and lesser of 100% of billed charges. GMLOS + 6 Outlier per Diem $9,081.00 Add-on payment, and lesser of 100% of billed charges.",19020.55,,,,,,,Case Rate,"Medicare Base Rate times Standard Inpatient Weight. Outlier (25+) per Diem $7,671.00. Add-on payment, and lesser of 100% of billed charges. Outlier (25+) per Diem $7,671.00. Add-on payment, and lesser of 100% of billed charges.",6993.75,,,,,,,Case Rate,"Medicare Base Rate times Standard Inpatient Weight. 100 percent of Medicare DRG. Add-on payment,  . 100 percent of Medicare DRG. Add-on payment,  .",17103.28,,,,,,,Case Rate,"Medicare Base Rate times Standard Inpatient Weight. GMLOS + 8 Outlier per Diem $6,968.00. Add-on payment, and lesser of 100% of billed charges. GMLOS + 8 Outlier per Diem $6,968.00. Add-on payment, and lesser of 100% of billed charges.",19020.55,,,,,,,Case Rate,"Medicare Base Rate times Standard Inpatient Weight. Outlier (25+) per Diem $7,671.00. Add-on payment, and lesser of 100% of billed charges. Outlier (25+) per Diem $7,671.00. Add-on payment, and lesser of 100% of billed charges.",19020.55,,,,,,,Case Rate,"Medicare Base Rate times Standard Inpatient Weight. Outlier (25+) per Diem $7,671.00. Add-on payment, and lesser of 100% of billed charges. Outlier (25+) per Diem $7,671.00. Add-on payment, and lesser of 100% of billed charges.",,73,,,,,0,Percent of total billed charges,73 percent of charges.  ; No services were performed during the 15 month look back period.,,,,,,,,," ",19020.55,,,,,,,Case Rate,"Medicare Base Rate times Standard Inpatient Weight. Outlier (25+) per Diem $7,671.00. Add-on payment, and lesser of 100% of billed charges. Outlier (25+) per Diem $7,671.00. Add-on payment, and lesser of 100% of billed charges.",,,,,,,,," ",6993.75,,,,,,,Case Rate,"Medicare Base Rate times Standard Inpatient Weight. 100 percent of Medicare DRG. Add-on payment,  . 100 percent of Medicare DRG. Add-on payment,  .",6993.75,,,,,,,Case Rate,"Medicare Base Rate times Standard Inpatient Weight. 100 percent of Medicare DRG. Add-on payment,  . 100 percent of Medicare DRG. Add-on payment,  .",6993.75,,,,,,,Case Rate,"Medicare Base Rate times Standard Inpatient Weight. 100 percent of Medicare DRG. Add-on payment,  . 100 percent of Medicare DRG. Add-on payment,  .",6993.75,,,,,,,Case Rate,"Medicare Base Rate times Standard Inpatient Weight. 100 percent of Medicare DRG. Add-on payment,  . 100 percent of Medicare DRG. Add-on payment,  .",6993.75,,,,,,,Case Rate,"Medicare Base Rate times Standard Inpatient Weight. 100 percent of Medicare DRG. Add-on payment,  . 100 percent of Medicare DRG. Add-on payment,  .",6993.75,,,,,,,Case Rate,"Medicare Base Rate times Standard Inpatient Weight. 100 percent of Medicare DRG. Add-on payment,  . 100 percent of Medicare DRG. Add-on payment,  .",19020.55,,,,,,,Case Rate,"Medicare Base Rate times Standard Inpatient Weight. Outlier (25+) per Diem $7,671.00. Add-on payment, and lesser of 100% of billed charges. Outlier (25+) per Diem $7,671.00. Add-on payment, and lesser of 100% of billed charges.",28519.67,,,,,,,Case Rate,"Medicare Base Rate times Standard Inpatient Weight. GMLOS + 6 Outlier per Diem $11,932.00. Add-on payment, and lesser of 100% of billed charges. GMLOS + 6 Outlier per Diem $11,932.00. Add-on payment, and lesser of 100% of billed charges.",,,,,,,,," ",,,,,,,,," ",,,,,,,,," ",,,,,,,,," ",,,,,,,,," ",,,,,,,,," ",28519.67,,,,,,,Case Rate,"Medicare Base Rate times Standard Inpatient Weight. GMLOS + 6 Outlier per Diem $11,932.00. Add-on payment, and lesser of 100% of billed charges. GMLOS + 6 Outlier per Diem $11,932.00. Add-on payment, and lesser of 100% of billed charges.",18073.53,,,,,,,Case Rate,. 200 percent of Medicare 200 percent of Medicare,18073.53,,,,,,,Case Rate,. 200 percent of Medicare 200 percent of Medicare,18073.53,,,,,,,Case Rate,. 200 percent of Medicare 200 percent of Medicare,18073.53,,,,,,,Case Rate,. 200 percent of Medicare 200 percent of Medicare,18073.53,,,,,,,Case Rate,. 200 percent of Medicare 200 percent of Medicare,6993.75,,,,,,,Case Rate,"Medicare Base Rate times Standard Inpatient Weight. 100 percent of Medicare DRG. Add-on payment,  . 100 percent of Medicare DRG. Add-on payment,  .",19334.63,,,,,,,Case Rate,"Medicare Base Rate times Standard Inpatient Weight. Add-on payment, and lesser of 100% of billed charges. Add-on payment, and lesser of 100% of billed charges.",19334.63,,,,,,,Case Rate,"Medicare Base Rate times Standard Inpatient Weight. Add-on payment, and lesser of 100% of billed charges. Add-on payment, and lesser of 100% of billed charges.",19334.63,,,,,,,Case Rate,"Medicare Base Rate times Standard Inpatient Weight. Add-on payment, and lesser of 100% of billed charges. Add-on payment, and lesser of 100% of billed charges.",19334.63,,,,,,,Case Rate,"Medicare Base Rate times Standard Inpatient Weight. Add-on payment, and lesser of 100% of billed charges. Add-on payment, and lesser of 100% of billed charges.",17103.28,,,,,,,Case Rate,"Medicare Base Rate times Standard Inpatient Weight. GMLOS + 8 Outlier per Diem $6,968.00. Add-on payment, and lesser of 100% of billed charges. GMLOS + 8 Outlier per Diem $6,968.00. Add-on payment, and lesser of 100% of billed charges.",17103.28,,,,,,,Case Rate,"Medicare Base Rate times Standard Inpatient Weight. GMLOS + 8 Outlier per Diem $6,968.00. Add-on payment, and lesser of 100% of billed charges. GMLOS + 8 Outlier per Diem $6,968.00. Add-on payment, and lesser of 100% of billed charges.",17103.28,,,,,,,Case Rate,"Medicare Base Rate times Standard Inpatient Weight. GMLOS + 8 Outlier per Diem $6,968.00. Add-on payment, and lesser of 100% of billed charges. GMLOS + 8 Outlier per Diem $6,968.00. Add-on payment, and lesser of 100% of billed charges.",17103.28,,,,,,,Case Rate,"Medicare Base Rate times Standard Inpatient Weight. GMLOS + 8 Outlier per Diem $6,968.00. Add-on payment, and lesser of 100% of billed charges. GMLOS + 8 Outlier per Diem $6,968.00. Add-on payment, and lesser of 100% of billed charges.",28519.67,,,,,,,Case Rate,"Medicare Base Rate times Standard Inpatient Weight. GMLOS + 6 Outlier per Diem $11,932.00. Add-on payment, and lesser of 100% of billed charges. GMLOS + 6 Outlier per Diem $11,932.00. Add-on payment, and lesser of 100% of billed charges.",28519.67,,,,,,,Case Rate,"Medicare Base Rate times Standard Inpatient Weight. GMLOS + 6 Outlier per Diem $11,932.00. Add-on payment, and lesser of 100% of billed charges. GMLOS + 6 Outlier per Diem $11,932.00. Add-on payment, and lesser of 100% of billed charges.",6993.75,,,,,,,Case Rate,"Medicare Base Rate times Standard Inpatient Weight. 100 percent of Medicare DRG. Add-on payment,  . 100 percent of Medicare DRG. Add-on payment,  .",6993.75,,,,,,,Case Rate,"Medicare Base Rate times Standard Inpatient Weight. 100 percent of Medicare DRG. Add-on payment,  . 100 percent of Medicare DRG. Add-on payment,  .",6993.75,,,,,,,Case Rate,"Medicare Base Rate times Standard Inpatient Weight. 100 percent of Medicare DRG. Add-on payment,  . 100 percent of Medicare DRG. Add-on payment,  .",27066.64,,,,,,,Case Rate,"Medicare Base Rate times Standard Inpatient Weight. GMLOS + 6 Outlier per Diem $9,081.00 Add-on payment, and lesser of 100% of billed charges. GMLOS + 6 Outlier per Diem $9,081.00 Add-on payment, and lesser of 100% of billed charges.",27066.64,,,,,,,Case Rate,"Medicare Base Rate times Standard Inpatient Weight. GMLOS + 6 Outlier per Diem $9,081.00 Add-on payment, and lesser of 100% of billed charges. GMLOS + 6 Outlier per Diem $9,081.00 Add-on payment, and lesser of 100% of billed charges.",27066.64,,,,,,,Case Rate,"Medicare Base Rate times Standard Inpatient Weight. GMLOS + 6 Outlier per Diem $9,081.00 Add-on payment, and lesser of 100% of billed charges. GMLOS + 6 Outlier per Diem $9,081.00 Add-on payment, and lesser of 100% of billed charges.",28519.67,,,,,,,Case Rate,"Medicare Base Rate times Standard Inpatient Weight. GMLOS + 6 Outlier per Diem $11,932.00. Add-on payment, and lesser of 100% of billed charges. GMLOS + 6 Outlier per Diem $11,932.00. Add-on payment, and lesser of 100% of billed charges.",17103.28,,,,,,,Case Rate,"Medicare Base Rate times Standard Inpatient Weight. GMLOS + 8 Outlier per Diem $6,968.00. Add-on payment, and lesser of 100% of billed charges. GMLOS + 8 Outlier per Diem $6,968.00. Add-on payment, and lesser of 100% of billed charges.",6993.75,,,,,,,Case Rate,"Medicare Base Rate times Standard Inpatient Weight. 100 percent of Medicare DRG. Add-on payment,  . 100 percent of Medicare DRG. Add-on payment,  .",26662.07,,,,,,,Case Rate,"Medicare Base Rate times Standard Inpatient Weight. GMLOS + 6 Outlier per Diem $9,081.00 Add-on payment, and lesser of 100% of billed charges. GMLOS + 6 Outlier per Diem $9,081.00 Add-on payment, and lesser of 100% of billed charges.",,,,,,,,," ",7133.62,,,,,,,Case Rate,"Medicare Base Rate times Standard Inpatient Weight. 100 percent of Medicare DRG. Add-on payment, and lesser of 100% of billed charges. 100 percent of Medicare DRG. Add-on payment, and lesser of 100% of billed charges.",7133.62,,,,,,,Case Rate,"Medicare Base Rate times Standard Inpatient Weight. 100 percent of Medicare DRG. Add-on payment, and lesser of 100% of billed charges. 100 percent of Medicare DRG. Add-on payment, and lesser of 100% of billed charges.",7133.62,,,,,,,Case Rate,"Medicare Base Rate times Standard Inpatient Weight. 100 percent of Medicare DRG. Add-on payment, and lesser of 100% of billed charges. 100 percent of Medicare DRG. Add-on payment, and lesser of 100% of billed charges.",,,,,,,,," ",,,,,,,,," ",,,,,,,,," ",,,,,,,,," ",,,,,,,,," ",,,,,,,,," ",7133.62,,,,,,,Case Rate,"Medicare Base Rate times Standard Inpatient Weight. 100 percent of Medicare DRG. Add-on payment, and lesser of 100% of billed charges. 100 percent of Medicare DRG. Add-on payment, and lesser of 100% of billed charges.",,,,,,,,," ",,,,,,,,," ",,,,,,,,," ",,,,,,,,," ",,,,,,,,," ",,,,,,,,," ",,,,,,,,," ",6993.75,,,,,,,Case Rate,"Medicare Base Rate times Standard Inpatient Weight. 100 percent of Medicare DRG. Add-on payment,  . 100 percent of Medicare DRG. Add-on payment,  .",6993.75,,,,,,,Case Rate,"Medicare Base Rate times Standard Inpatient Weight. 100 percent of Medicare DRG. Add-on payment,  . 100 percent of Medicare DRG. Add-on payment,  .",17103.28,,,,,,,Case Rate,"Medicare Base Rate times Standard Inpatient Weight. GMLOS + 8 Outlier per Diem $6,968.00. Add-on payment, and lesser of 100% of billed charges. GMLOS + 8 Outlier per Diem $6,968.00. Add-on payment, and lesser of 100% of billed charges.",6993.75,,,,,,,Case Rate,"Medicare Base Rate times Standard Inpatient Weight. 100 percent of Medicare DRG. Add-on payment,  . 100 percent of Medicare DRG. Add-on payment,  .",,,,,,,,," ",,,,,,,,," ",,,,,,,,," ",,,,,,,,," ",,,,,,,,," ",,,,,,,,," ",,,,,,,,," ",,,,,,,,," ",,,,,,,,," ",,,,,,,,," ",,,,,,,,," ",28519.67,,,,,,,Case Rate,"Medicare Base Rate times Standard Inpatient Weight. GMLOS + 6 Outlier per Diem $11,932.00. Add-on payment, and lesser of 100% of billed charges. GMLOS + 6 Outlier per Diem $11,932.00. Add-on payment, and lesser of 100% of billed charges.",,,,,,,,," ",,,,,,,,," ",,,,,,,,," ",,,,,,,,," ",27066.64,,,,,,,Case Rate,"Medicare Base Rate times Standard Inpatient Weight. GMLOS + 6 Outlier per Diem $9,081.00 Add-on payment, and lesser of 100% of billed charges. GMLOS + 6 Outlier per Diem $9,081.00 Add-on payment, and lesser of 100% of billed charges.",26662.07,,,,,,,Case Rate,"Medicare Base Rate times Standard Inpatient Weight. GMLOS + 6 Outlier per Diem $9,081.00 Add-on payment, and lesser of 100% of billed charges. GMLOS + 6 Outlier per Diem $9,081.00 Add-on payment, and lesser of 100% of billed charges.",6993.75,,,,,,,Case Rate,"Medicare Base Rate times Standard Inpatient Weight. 100 percent of Medicare DRG. Add-on payment,  . 100 percent of Medicare DRG. Add-on payment,  .",26662.07,,,,,,,Case Rate,"Medicare Base Rate times Standard Inpatient Weight. GMLOS + 6 Outlier per Diem $9,081.00 Add-on payment, and lesser of 100% of billed charges. GMLOS + 6 Outlier per Diem $9,081.00 Add-on payment, and lesser of 100% of billed charges.",27066.64,,,,,,,Case Rate,"Medicare Base Rate times Standard Inpatient Weight. GMLOS + 6 Outlier per Diem $9,081.00 Add-on payment, and lesser of 100% of billed charges. GMLOS + 6 Outlier per Diem $9,081.00 Add-on payment, and lesser of 100% of billed charges.",27066.64,,,,,,,Case Rate,"Medicare Base Rate times Standard Inpatient Weight. GMLOS + 6 Outlier per Diem $9,081.00 Add-on payment, and lesser of 100% of billed charges. GMLOS + 6 Outlier per Diem $9,081.00 Add-on payment, and lesser of 100% of billed charges.",26662.07,,,,,,,Case Rate,"Medicare Base Rate times Standard Inpatient Weight. GMLOS + 6 Outlier per Diem $9,081.00 Add-on payment, and lesser of 100% of billed charges. GMLOS + 6 Outlier per Diem $9,081.00 Add-on payment, and lesser of 100% of billed charges.",6993.75,,,,,,,Case Rate,"Medicare Base Rate times Standard Inpatient Weight. 100 percent of Medicare DRG. Add-on payment,  . 100 percent of Medicare DRG. Add-on payment,  .",26662.07,,,,,,,Case Rate,"Medicare Base Rate times Standard Inpatient Weight. GMLOS + 6 Outlier per Diem $9,081.00 Add-on payment, and lesser of 100% of billed charges. GMLOS + 6 Outlier per Diem $9,081.00 Add-on payment, and lesser of 100% of billed charges.",27066.64,,,,,,,Case Rate,"Medicare Base Rate times Standard Inpatient Weight. GMLOS + 6 Outlier per Diem $9,081.00 Add-on payment, and lesser of 100% of billed charges. GMLOS + 6 Outlier per Diem $9,081.00 Add-on payment, and lesser of 100% of billed charges.",17103.28,,,,,,,Case Rate,"Medicare Base Rate times Standard Inpatient Weight. GMLOS + 8 Outlier per Diem $6,968.00. Add-on payment, and lesser of 100% of billed charges. GMLOS + 8 Outlier per Diem $6,968.00. Add-on payment, and lesser of 100% of billed charges.",,,,,,,,," ",,,,,,,,," ",,,,,,,,," ",,,,,,,,," ",,,,,,,,," ",,,,,,,,," ",,,,,,,,," ",,,,,,,,," ",,,,,,,,," ",,,,,,,,," ",,,,,,,,," ",,,,,,,,," ",,,,,,,,," ",,,,,,,,," ",19020.55,,,,,,,Case Rate,"Medicare Base Rate times Standard Inpatient Weight. Outlier (25+) per Diem $7,671.00. Add-on payment, and lesser of 100% of billed charges. Outlier (25+) per Diem $7,671.00. Add-on payment, and lesser of 100% of billed charges.",,,,,,,,," ",6993.75,,,,,,,Case Rate,"Medicare Base Rate times Standard Inpatient Weight. 100 percent of Medicare DRG. Add-on payment,  . 100 percent of Medicare DRG. Add-on payment,  .",21043.38,,,,,,,Case Rate,Medicare Base Rate times Standard Inpatient Weight. Local 1199 High/Low day Outlier Local 1199 High/Low day Outlier,6993.75,,,,,,,Case Rate,"Medicare Base Rate times Standard Inpatient Weight. 100 percent of Medicare DRG. Add-on payment,  . 100 percent of Medicare DRG. Add-on payment,  .",6993.75,,,,,,,Case Rate,"Medicare Base Rate times Standard Inpatient Weight. 100 percent of Medicare DRG. Add-on payment,  . 100 percent of Medicare DRG. Add-on payment,  .",,,,,,,,," ",,,,,,,,," ",,,,,,,,," ",,,,,,,,," ",,,,,,,,," ",16546.59,,,,,,,Case Rate,"Medicare Base Rate times Standard Inpatient Weight. GMLOS + 8 Outlier per Diem $4,623.00. Add-on payment, and lesser of 100% of billed charges. GMLOS + 8 Outlier per Diem $4,623.00. Add-on payment, and lesser of 100% of billed charges.",17103.28,,,,,,,Case Rate,"Medicare Base Rate times Standard Inpatient Weight. GMLOS + 8 Outlier per Diem $6,968.00. Add-on payment, and lesser of 100% of billed charges. GMLOS + 8 Outlier per Diem $6,968.00. Add-on payment, and lesser of 100% of billed charges.",19465.77,,,,,,,Case Rate,"Medicare Base Rate times Standard Inpatient Weight. Add-on payment, and lesser of 100% of billed charges. Add-on payment, and lesser of 100% of billed charges.",19020.55,,,,,,,Case Rate,"Medicare Base Rate times Standard Inpatient Weight. Outlier (25+) per Diem $7,671.00. Add-on payment, and lesser of 100% of billed charges. Outlier (25+) per Diem $7,671.00. Add-on payment, and lesser of 100% of billed charges.",6993.75,,,,,,,Case Rate,"Medicare Base Rate times Standard Inpatient Weight. 100 percent of Medicare DRG. Add-on payment, . 100 percent of Medicare DRG. Add-on payment, .",6993.75,,,,,,,Case Rate,"Medicare Base Rate times Standard Inpatient Weight. 100 percent of Medicare DRG. Add-on payment,  . 100 percent of Medicare DRG. Add-on payment,  .",6993.75,,,,,,,Case Rate,"Medicare Base Rate times Standard Inpatient Weight. 100 percent of Medicare DRG. Add-on payment,  . 100 percent of Medicare DRG. Add-on payment,  .",6993.75,,,,,,,Case Rate,"Medicare Base Rate times Standard Inpatient Weight. 100 percent of Medicare DRG. Add-on payment,  . 100 percent of Medicare DRG. Add-on payment,  .",6993.75,,,,,,,Case Rate,"Medicare Base Rate times Standard Inpatient Weight. 100 percent of Medicare DRG. Add-on payment, . 100 percent of Medicare DRG. Add-on payment, .",6993.75,,,,,,,Case Rate,"Medicare Base Rate times Standard Inpatient Weight. 100 percent of Medicare DRG. Add-on payment,  . 100 percent of Medicare DRG. Add-on payment,  .",,,,,,,,," ",,,,,,,,," ",,,,,,,,," ",27066.64,,,,,,,Case Rate,"Medicare Base Rate times Standard Inpatient Weight. GMLOS + 6 Outlier per Diem $9,081.00 Add-on payment, and lesser of 100% of billed charges. GMLOS + 6 Outlier per Diem $9,081.00 Add-on payment, and lesser of 100% of billed charges.",16546.59,,,,,,,Case Rate,"Medicare Base Rate times Standard Inpatient Weight. GMLOS + 8 Outlier per Diem $4,623.00. Add-on payment, and lesser of 100% of billed charges. GMLOS + 8 Outlier per Diem $4,623.00. Add-on payment, and lesser of 100% of billed charges.",16546.59,,,,,,,Case Rate,"Medicare Base Rate times Standard Inpatient Weight. GMLOS + 8 Outlier per Diem $4,623.00. Add-on payment, and lesser of 100% of billed charges. GMLOS + 8 Outlier per Diem $4,623.00. Add-on payment, and lesser of 100% of billed charges.",16546.59,,,,,,,Case Rate,"Medicare Base Rate times Standard Inpatient Weight. GMLOS + 8 Outlier per Diem $4,623.00. Add-on payment, and lesser of 100% of billed charges. GMLOS + 8 Outlier per Diem $4,623.00. Add-on payment, and lesser of 100% of billed charges.",16546.59,,,,,,,Case Rate,"Medicare Base Rate times Standard Inpatient Weight. GMLOS + 8 Outlier per Diem $4,623.00. Add-on payment, and lesser of 100% of billed charges. GMLOS + 8 Outlier per Diem $4,623.00. Add-on payment, and lesser of 100% of billed charges.",6993.75,,,,,,,Case Rate,"Medicare Base Rate times Standard Inpatient Weight. 100 percent of Medicare DRG. Add-on payment,  . 100 percent of Medicare DRG. Add-on payment,  .",,,,,,,,," ",27066.64,,,,,,,Case Rate,"Medicare Base Rate times Standard Inpatient Weight. GMLOS + 6 Outlier per Diem $9,081.00 Add-on payment, and lesser of 100% of billed charges. GMLOS + 6 Outlier per Diem $9,081.00 Add-on payment, and lesser of 100% of billed charges.",,,,,,,,," ",6993.75,,,,,,,Case Rate,"Medicare Base Rate times Standard Inpatient Weight. 100 percent of Medicare DRG. Add-on payment,  . 100 percent of Medicare DRG. Add-on payment,  .",,,,,,,,," ",6993.75,,,,,,,Case Rate,"Medicare Base Rate times Standard Inpatient Weight. 100 percent of Medicare DRG. Add-on payment,  . 100 percent of Medicare DRG. Add-on payment,  .",6993.75,,,,,,,Case Rate,"Medicare Base Rate times Standard Inpatient Weight. 100 percent of Medicare DRG. Add-on payment,  . 100 percent of Medicare DRG. Add-on payment,  .",,,,,,,,," ",,,,,,,,," ",16546.59,,,,,,,Case Rate,"Medicare Base Rate times Standard Inpatient Weight. GMLOS + 8 Outlier per Diem $4,623.00. Add-on payment, and lesser of 100% of billed charges. GMLOS + 8 Outlier per Diem $4,623.00. Add-on payment, and lesser of 100% of billed charges.",19020.55,,,,,,,Case Rate,"Medicare Base Rate times Standard Inpatient Weight. Outlier (25+) per Diem $7,671.00. Add-on payment, and lesser of 100% of billed charges. Outlier (25+) per Diem $7,671.00. Add-on payment, and lesser of 100% of billed charges.",,73,,,,,0,Percent of total billed charges,73 percent of charges.  ; No services were performed during the 15 month look back period.,25047.74,,,,,,,Case Rate,"Medicare Base Rate times Standard Inpatient Weight. AMLOS + 5 Outlier per Diem $7,362.00. Add-on payment, and lesser of 100% of billed charges. AMLOS + 5 Outlier per Diem $7,362.00. Add-on payment, and lesser of 100% of billed charges.",25047.74,,,,,,,Case Rate,"Medicare Base Rate times Standard Inpatient Weight. AMLOS + 5 Outlier per Diem $7,362.00. Add-on payment, and lesser of 100% of billed charges. AMLOS + 5 Outlier per Diem $7,362.00. Add-on payment, and lesser of 100% of billed charges.",17103.28,,,,,,,Case Rate,"Medicare Base Rate times Standard Inpatient Weight. GMLOS + 8 Outlier per Diem $6,968.00. Add-on payment, and lesser of 100% of billed charges. GMLOS + 8 Outlier per Diem $6,968.00. Add-on payment, and lesser of 100% of billed charges.",6504.19,,,,,,,Case Rate,"Medicare Base Rate times Standard Inpatient Weight. 93 percent of Medicare DRG. Add-on payment, and lesser of 100% of billed charges. 93 percent of Medicare DRG. Add-on payment, and lesser of 100% of billed charges.",19334.63,,,,,,,Case Rate,"Medicare Base Rate times Standard Inpatient Weight. Add-on payment, and lesser of 100% of billed charges. Add-on payment, and lesser of 100% of billed charges.",19334.63,,,,,,,Case Rate,"Medicare Base Rate times Standard Inpatient Weight. Add-on payment, and lesser of 100% of billed charges. Add-on payment, and lesser of 100% of billed charges.",21329.92,,,,,,,Case Rate,"Medicare Base Rate times Standard Inpatient Weight. GMLOS + 6 Outlier per Diem $7,265.00 Add-on payment, and lesser of 100% of billed charges. GMLOS + 6 Outlier per Diem $7,265.00 Add-on payment, and lesser of 100% of billed charges.",27066.64,,,,,,,Case Rate,"Medicare Base Rate times Standard Inpatient Weight. GMLOS + 6 Outlier per Diem $9,081.00 Add-on payment, and lesser of 100% of billed charges. GMLOS + 6 Outlier per Diem $9,081.00 Add-on payment, and lesser of 100% of billed charges.",6993.75,,,,,,,Case Rate,"Medicare Base Rate times Standard Inpatient Weight. 100 percent of Medicare DRG. Add-on payment,  . 100 percent of Medicare DRG. Add-on payment,  .",6993.75,,,,,,,Case Rate,"Medicare Base Rate times Standard Inpatient Weight. 100 percent of Medicare DRG. Add-on payment,  . 100 percent of Medicare DRG. Add-on payment,  .",6993.75,,,,,,,Case Rate,"Medicare Base Rate times Standard Inpatient Weight. 100 percent of Medicare DRG. Add-on payment,  . 100 percent of Medicare DRG. Add-on payment,  .",6993.75,,,,,,,Case Rate,"Medicare Base Rate times Standard Inpatient Weight. 100 percent of Medicare DRG. Add-on payment,  . 100 percent of Medicare DRG. Add-on payment,  .",25047.74,,,,,,,Case Rate,"Medicare Base Rate times Standard Inpatient Weight. AMLOS + 5 Outlier per Diem $7,362.00. Add-on payment, and lesser of 100% of billed charges. AMLOS + 5 Outlier per Diem $7,362.00. Add-on payment, and lesser of 100% of billed charges.",27066.64,,,,,,,Case Rate,"Medicare Base Rate times Standard Inpatient Weight. GMLOS + 6 Outlier per Diem $9,081.00 Add-on payment, and lesser of 100% of billed charges. GMLOS + 6 Outlier per Diem $9,081.00 Add-on payment, and lesser of 100% of billed charges.",27066.64,,,,,,,Case Rate,"Medicare Base Rate times Standard Inpatient Weight. GMLOS + 6 Outlier per Diem $9,081.00 Add-on payment, and lesser of 100% of billed charges. GMLOS + 6 Outlier per Diem $9,081.00 Add-on payment, and lesser of 100% of billed charges.",6993.75,,,,,,,Case Rate,"Medicare Base Rate times Standard Inpatient Weight. 100 percent of Medicare DRG. Add-on payment,  . 100 percent of Medicare DRG. Add-on payment,  .",21329.92,,,,,,,Case Rate,"Medicare Base Rate times Standard Inpatient Weight. GMLOS + 6 Outlier per Diem $7,265.00 Add-on payment, and lesser of 100% of billed charges. GMLOS + 6 Outlier per Diem $7,265.00 Add-on payment, and lesser of 100% of billed charges.",19465.77,,,,,,,Case Rate,"Medicare Base Rate times Standard Inpatient Weight. Add-on payment, and lesser of 100% of billed charges. Add-on payment, and lesser of 100% of billed charges.",,,,,,,,," ",,,,,,,,," ",16546.59,,,,,,,Case Rate,"Medicare Base Rate times Standard Inpatient Weight. GMLOS + 8 Outlier per Diem $4,623.00. Add-on payment, and lesser of 100% of billed charges. GMLOS + 8 Outlier per Diem $4,623.00. Add-on payment, and lesser of 100% of billed charges.",23996,,,,,,,Case Rate,"Medicare Base Rate times Standard Inpatient Weight. GMLOS + 6 Outlier per Diem $8,173.00 Add-on payment, and lesser of 100% of billed charges. GMLOS + 6 Outlier per Diem $8,173.00 Add-on payment, and lesser of 100% of billed charges.",27066.64,,,,,,,Case Rate,"Medicare Base Rate times Standard Inpatient Weight. GMLOS + 6 Outlier per Diem $9,081.00 Add-on payment, and lesser of 100% of billed charges. GMLOS + 6 Outlier per Diem $9,081.00 Add-on payment, and lesser of 100% of billed charges.",27066.64,,,,,,,Case Rate,"Medicare Base Rate times Standard Inpatient Weight. GMLOS + 6 Outlier per Diem $9,081.00 Add-on payment, and lesser of 100% of billed charges. GMLOS + 6 Outlier per Diem $9,081.00 Add-on payment, and lesser of 100% of billed charges.",19650.67,,,,,,,Case Rate,"Medicare Base Rate times Standard Inpatient Weight. GMLOS + 6 Outlier per Diem $8,221.00. Add-on payment, and lesser of 100% of billed charges. GMLOS + 6 Outlier per Diem $8,221.00. Add-on payment, and lesser of 100% of billed charges.",6993.75,,,,,,,Case Rate,"Medicare Base Rate times Standard Inpatient Weight. 100 percent of Medicare DRG. Add-on payment, . 100 percent of Medicare DRG. Add-on payment, .",,,,,,,,," ",,,,,,,,," ",,,,,,,,," ",,,,,,,,," ",25047.74,,,,,,,Case Rate,"Medicare Base Rate times Standard Inpatient Weight. AMLOS + 5 Outlier per Diem $7,362.00. Add-on payment, and lesser of 100% of billed charges. AMLOS + 5 Outlier per Diem $7,362.00. Add-on payment, and lesser of 100% of billed charges.",,,,,,,,," ",,,,,,,,," ",,,,,,,,," ",,,,,,,,," ",,,,,,,,," ",,,,,,,,," ",,,,,,,,," ",6993.75,,,,,,,Case Rate,"Medicare Base Rate times Standard Inpatient Weight. 100 percent of Medicare DRG. Add-on payment,  . 100 percent of Medicare DRG. Add-on payment,  .",25047.74,,,,,,,Case Rate,"Medicare Base Rate times Standard Inpatient Weight. AMLOS + 5 Outlier per Diem $7,362.00. Add-on payment, and lesser of 100% of billed charges. AMLOS + 5 Outlier per Diem $7,362.00. Add-on payment, and lesser of 100% of billed charges.",6993.75,,,,,,,Case Rate,"Medicare Base Rate times Standard Inpatient Weight. 100 percent of Medicare DRG. Add-on payment,  . 100 percent of Medicare DRG. Add-on payment,  .",,,,,,,,," ",27066.64,,,,,,,Case Rate,"Medicare Base Rate times Standard Inpatient Weight. GMLOS + 6 Outlier per Diem $9,081.00 Add-on payment, and lesser of 100% of billed charges. GMLOS + 6 Outlier per Diem $9,081.00 Add-on payment, and lesser of 100% of billed charges.",6993.75,,,,,,,Case Rate,"Medicare Base Rate times Standard Inpatient Weight. 100 percent of Medicare DRG. Add-on payment,  . 100 percent of Medicare DRG. Add-on payment,  .",27066.64,,,,,,,Case Rate,"Medicare Base Rate times Standard Inpatient Weight. GMLOS + 6 Outlier per Diem $9,081.00 Add-on payment, and lesser of 100% of billed charges. GMLOS + 6 Outlier per Diem $9,081.00 Add-on payment, and lesser of 100% of billed charges.",27066.64,,,,,,,Case Rate,"Medicare Base Rate times Standard Inpatient Weight. GMLOS + 6 Outlier per Diem $9,081.00 Add-on payment, and lesser of 100% of billed charges. GMLOS + 6 Outlier per Diem $9,081.00 Add-on payment, and lesser of 100% of billed charges.",27066.64,,,,,,,Case Rate,"Medicare Base Rate times Standard Inpatient Weight. GMLOS + 6 Outlier per Diem $9,081.00 Add-on payment, and lesser of 100% of billed charges. GMLOS + 6 Outlier per Diem $9,081.00 Add-on payment, and lesser of 100% of billed charges.",,,,,,,,," ",6993.75,,,,,,,Case Rate,"Medicare Base Rate times Standard Inpatient Weight. 100 percent of Medicare DRG. Add-on payment,  . 100 percent of Medicare DRG. Add-on payment,  .",27066.64,,,,,,,Case Rate,"Medicare Base Rate times Standard Inpatient Weight. GMLOS + 6 Outlier per Diem $9,081.00 Add-on payment, and lesser of 100% of billed charges. GMLOS + 6 Outlier per Diem $9,081.00 Add-on payment, and lesser of 100% of billed charges.",,,,,,,,," ",27066.64,,,,,,,Case Rate,"Medicare Base Rate times Standard Inpatient Weight. GMLOS + 6 Outlier per Diem $9,081.00 Add-on payment, and lesser of 100% of billed charges. GMLOS + 6 Outlier per Diem $9,081.00 Add-on payment, and lesser of 100% of billed charges.",7343.44,,,,,,,Case Rate,"105% of the Diagnostic Related Group fee schedule established by CMS for Medicare in force as of the date of payment.. Delay in Discharge per diem $4,007 Delay in Discharge per diem $4,007",6993.75,,,,,,,Case Rate,"Medicare Base Rate times Standard Inpatient Weight. 100 percent of Medicare DRG. Add-on payment, . 100 percent of Medicare DRG. Add-on payment, .",16546.59,,,,,,,Case Rate,"Medicare Base Rate times Standard Inpatient Weight. GMLOS + 8 Outlier per Diem $4,623.00. Add-on payment, and lesser of 100% of billed charges. GMLOS + 8 Outlier per Diem $4,623.00. Add-on payment, and lesser of 100% of billed charges.",16546.59,,,,,,,Case Rate,"Medicare Base Rate times Standard Inpatient Weight. GMLOS + 8 Outlier per Diem $4,623.00. Add-on payment, and lesser of 100% of billed charges. GMLOS + 8 Outlier per Diem $4,623.00. Add-on payment, and lesser of 100% of billed charges.",16546.59,,,,,,,Case Rate,"Medicare Base Rate times Standard Inpatient Weight. GMLOS + 8 Outlier per Diem $4,623.00. Add-on payment, and lesser of 100% of billed charges. GMLOS + 8 Outlier per Diem $4,623.00. Add-on payment, and lesser of 100% of billed charges.",16546.59,,,,,,,Case Rate,"Medicare Base Rate times Standard Inpatient Weight. GMLOS + 8 Outlier per Diem $4,623.00. Add-on payment, and lesser of 100% of billed charges. GMLOS + 8 Outlier per Diem $4,623.00. Add-on payment, and lesser of 100% of billed charges.",16546.59,,,,,,,Case Rate,"Medicare Base Rate times Standard Inpatient Weight. GMLOS + 8 Outlier per Diem $4,623.00. Add-on payment, and lesser of 100% of billed charges. GMLOS + 8 Outlier per Diem $4,623.00. Add-on payment, and lesser of 100% of billed charges.",19465.77,,,,,,,Case Rate,"Medicare Base Rate times Standard Inpatient Weight. Add-on payment, and lesser of 100% of billed charges. Add-on payment, and lesser of 100% of billed charges.",19465.77,,,,,,,Case Rate,"Medicare Base Rate times Standard Inpatient Weight. Add-on payment, and lesser of 100% of billed charges. Add-on payment, and lesser of 100% of billed charges.",16546.59,,,,,,,Case Rate,"Medicare Base Rate times Standard Inpatient Weight. GMLOS + 8 Outlier per Diem $4,623.00. Add-on payment, and lesser of 100% of billed charges. GMLOS + 8 Outlier per Diem $4,623.00. Add-on payment, and lesser of 100% of billed charges.",16546.59,,,,,,,Case Rate,"Medicare Base Rate times Standard Inpatient Weight. GMLOS + 8 Outlier per Diem $4,623.00. Add-on payment, and lesser of 100% of billed charges. GMLOS + 8 Outlier per Diem $4,623.00. Add-on payment, and lesser of 100% of billed charges.",16546.59,,,,,,,Case Rate,"Medicare Base Rate times Standard Inpatient Weight. GMLOS + 8 Outlier per Diem $4,623.00. Add-on payment, and lesser of 100% of billed charges. GMLOS + 8 Outlier per Diem $4,623.00. Add-on payment, and lesser of 100% of billed charges.",16546.59,,,,,,,Case Rate,"Medicare Base Rate times Standard Inpatient Weight. GMLOS + 8 Outlier per Diem $4,623.00. Add-on payment, and lesser of 100% of billed charges. GMLOS + 8 Outlier per Diem $4,623.00. Add-on payment, and lesser of 100% of billed charges.",16546.59,,,,,,,Case Rate,"Medicare Base Rate times Standard Inpatient Weight. GMLOS + 8 Outlier per Diem $4,623.00. Add-on payment, and lesser of 100% of billed charges. GMLOS + 8 Outlier per Diem $4,623.00. Add-on payment, and lesser of 100% of billed charges.",6993.75,,,,,,,Case Rate,"Medicare Base Rate times Standard Inpatient Weight. 100 percent of Medicare DRG. Add-on payment,  . 100 percent of Medicare DRG. Add-on payment,  .",19465.77,,,,,,,Case Rate,"Medicare Base Rate times Standard Inpatient Weight. Add-on payment, and lesser of 100% of billed charges. Add-on payment, and lesser of 100% of billed charges.",6993.75,,,,,,,Case Rate,"Medicare Base Rate times Standard Inpatient Weight. 100 percent of Medicare DRG. Add-on payment,  . 100 percent of Medicare DRG. Add-on payment,  .",,,,,,,,," ",,,,,,,,," ",25047.74,,,,,,,Case Rate,"Medicare Base Rate times Standard Inpatient Weight. AMLOS + 5 Outlier per Diem $7,362.00. Add-on payment, and lesser of 100% of billed charges. AMLOS + 5 Outlier per Diem $7,362.00. Add-on payment, and lesser of 100% of billed charges.",25047.74,,,,,,,Case Rate,"Medicare Base Rate times Standard Inpatient Weight. AMLOS + 5 Outlier per Diem $7,362.00. Add-on payment, and lesser of 100% of billed charges. AMLOS + 5 Outlier per Diem $7,362.00. Add-on payment, and lesser of 100% of billed charges.",6993.75,,,,,,,Case Rate,"Medicare Base Rate times Standard Inpatient Weight. 100 percent of Medicare DRG. Add-on payment,  . 100 percent of Medicare DRG. Add-on payment,  .",19334.63,,,,,,,Case Rate,"Medicare Base Rate times Standard Inpatient Weight. Add-on payment, and lesser of 100% of billed charges. Add-on payment, and lesser of 100% of billed charges.",6993.75,,,,,,,Case Rate,"Medicare Base Rate times Standard Inpatient Weight. 100 percent of Medicare DRG. Add-on payment,  . 100 percent of Medicare DRG. Add-on payment,  .",6993.75,,,,,,,Case Rate,"Medicare Base Rate times Standard Inpatient Weight. 100 percent of Medicare DRG. Add-on payment,  . 100 percent of Medicare DRG. Add-on payment,  .",17103.28,,,,,,,Case Rate,"Medicare Base Rate times Standard Inpatient Weight. GMLOS + 8 Outlier per Diem $6,968.00. Add-on payment, and lesser of 100% of billed charges. GMLOS + 8 Outlier per Diem $6,968.00. Add-on payment, and lesser of 100% of billed charges.",6993.75,,,,,,,Case Rate,"Medicare Base Rate times Standard Inpatient Weight. 100 percent of Medicare DRG. Add-on payment,  . 100 percent of Medicare DRG. Add-on payment,  .",19020.55,,,,,,,Case Rate,"Medicare Base Rate times Standard Inpatient Weight. Outlier (25+) per Diem $7,671.00. Add-on payment, and lesser of 100% of billed charges. Outlier (25+) per Diem $7,671.00. Add-on payment, and lesser of 100% of billed charges.",6993.75,,,,,,,Case Rate,"Medicare Base Rate times Standard Inpatient Weight. 100 percent of Medicare DRG. Add-on payment,  . 100 percent of Medicare DRG. Add-on payment,  .",19020.55,,,,,,,Case Rate,"Medicare Base Rate times Standard Inpatient Weight. Outlier (25+) per Diem $7,671.00. Add-on payment, and lesser of 100% of billed charges. Outlier (25+) per Diem $7,671.00. Add-on payment, and lesser of 100% of billed charges.",17103.28,,,,,,,Case Rate,"Medicare Base Rate times Standard Inpatient Weight. GMLOS + 8 Outlier per Diem $6,968.00. Add-on payment, and lesser of 100% of billed charges. GMLOS + 8 Outlier per Diem $6,968.00. Add-on payment, and lesser of 100% of billed charges.",19020.55,,,,,,,Case Rate,"Medicare Base Rate times Standard Inpatient Weight. Outlier (25+) per Diem $7,671.00. Add-on payment, and lesser of 100% of billed charges. Outlier (25+) per Diem $7,671.00. Add-on payment, and lesser of 100% of billed charges.",6993.75,,,,,,,Case Rate,"Medicare Base Rate times Standard Inpatient Weight. 100 percent of Medicare DRG. Add-on payment,  . 100 percent of Medicare DRG. Add-on payment,  .",,,,,,,,," ",6993.75,,,,,,,Case Rate,"Medicare Base Rate times Standard Inpatient Weight. 100 percent of Medicare DRG. Add-on payment,  . 100 percent of Medicare DRG. Add-on payment,  .",19020.55,,,,,,,Case Rate,"Medicare Base Rate times Standard Inpatient Weight. Outlier (25+) per Diem $7,671.00. Add-on payment, and lesser of 100% of billed charges. Outlier (25+) per Diem $7,671.00. Add-on payment, and lesser of 100% of billed charges.",25047.74,,,,,,,Case Rate,"Medicare Base Rate times Standard Inpatient Weight. AMLOS + 5 Outlier per Diem $7,362.00. Add-on payment, and lesser of 100% of billed charges. AMLOS + 5 Outlier per Diem $7,362.00. Add-on payment, and lesser of 100% of billed charges.",,,,,,,,," ",27066.64,,,,,,,Case Rate,"Medicare Base Rate times Standard Inpatient Weight. GMLOS + 6 Outlier per Diem $9,081.00 Add-on payment, and lesser of 100% of billed charges. GMLOS + 6 Outlier per Diem $9,081.00 Add-on payment, and lesser of 100% of billed charges.",,,,,,,,," ",,,,,,,,," ",26662.07,,,,,,,Case Rate,"Medicare Base Rate times Standard Inpatient Weight. GMLOS + 6 Outlier per Diem $9,081.00 Add-on payment, and lesser of 100% of billed charges. GMLOS + 6 Outlier per Diem $9,081.00 Add-on payment, and lesser of 100% of billed charges.",26662.07,,,,,,,Case Rate,"Medicare Base Rate times Standard Inpatient Weight. GMLOS + 6 Outlier per Diem $9,081.00 Add-on payment, and lesser of 100% of billed charges. GMLOS + 6 Outlier per Diem $9,081.00 Add-on payment, and lesser of 100% of billed charges.",27066.64,,,,,,,Case Rate,"Medicare Base Rate times Standard Inpatient Weight. GMLOS + 6 Outlier per Diem $9,081.00 Add-on payment, and lesser of 100% of billed charges. GMLOS + 6 Outlier per Diem $9,081.00 Add-on payment, and lesser of 100% of billed charges.",25047.74,,,,,,,Case Rate,"Medicare Base Rate times Standard Inpatient Weight. AMLOS + 5 Outlier per Diem $7,362.00. Add-on payment, and lesser of 100% of billed charges. AMLOS + 5 Outlier per Diem $7,362.00. Add-on payment, and lesser of 100% of billed charges.",27066.64,,,,,,,Case Rate,"Medicare Base Rate times Standard Inpatient Weight. GMLOS + 6 Outlier per Diem $9,081.00 Add-on payment, and lesser of 100% of billed charges. GMLOS + 6 Outlier per Diem $9,081.00 Add-on payment, and lesser of 100% of billed charges.",26662.07,,,,,,,Case Rate,"Medicare Base Rate times Standard Inpatient Weight. GMLOS + 6 Outlier per Diem $9,081.00 Add-on payment, and lesser of 100% of billed charges. GMLOS + 6 Outlier per Diem $9,081.00 Add-on payment, and lesser of 100% of billed charges.",27066.64,,,,,,,Case Rate,"Medicare Base Rate times Standard Inpatient Weight. GMLOS + 6 Outlier per Diem $9,081.00 Add-on payment, and lesser of 100% of billed charges. GMLOS + 6 Outlier per Diem $9,081.00 Add-on payment, and lesser of 100% of billed charges.",16546.59,,,,,,,Case Rate,"Medicare Base Rate times Standard Inpatient Weight. GMLOS + 8 Outlier per Diem $4,623.00. Add-on payment, and lesser of 100% of billed charges. GMLOS + 8 Outlier per Diem $4,623.00. Add-on payment, and lesser of 100% of billed charges.",16546.59,,,,,,,Case Rate,"Medicare Base Rate times Standard Inpatient Weight. GMLOS + 8 Outlier per Diem $4,623.00. Add-on payment, and lesser of 100% of billed charges. GMLOS + 8 Outlier per Diem $4,623.00. Add-on payment, and lesser of 100% of billed charges.",18073.53,,,,,,,Case Rate,. 200 percent of Medicare 200 percent of Medicare,,,,,,,,," ",25047.74,,,,,,,Case Rate,"Medicare Base Rate times Standard Inpatient Weight. AMLOS + 5 Outlier per Diem $7,362.00. Add-on payment, and lesser of 100% of billed charges. AMLOS + 5 Outlier per Diem $7,362.00. Add-on payment, and lesser of 100% of billed charges.",19020.55,,,,,,,Case Rate,"Medicare Base Rate times Standard Inpatient Weight. Outlier (25+) per Diem $7,671.00. Add-on payment, and lesser of 100% of billed charges. Outlier (25+) per Diem $7,671.00. Add-on payment, and lesser of 100% of billed charges.",17103.28,,,,,,,Case Rate,"Medicare Base Rate times Standard Inpatient Weight. GMLOS + 8 Outlier per Diem $6,968.00. Add-on payment, and lesser of 100% of billed charges. GMLOS + 8 Outlier per Diem $6,968.00. Add-on payment, and lesser of 100% of billed charges.",25047.74,,,,,,,Case Rate,"Medicare Base Rate times Standard Inpatient Weight. AMLOS + 5 Outlier per Diem $7,362.00. Add-on payment, and lesser of 100% of billed charges. AMLOS + 5 Outlier per Diem $7,362.00. Add-on payment, and lesser of 100% of billed charges.",17103.28,,,,,,,Case Rate,"Medicare Base Rate times Standard Inpatient Weight. GMLOS + 8 Outlier per Diem $6,968.00. Add-on payment, and lesser of 100% of billed charges. GMLOS + 8 Outlier per Diem $6,968.00. Add-on payment, and lesser of 100% of billed charges.",25047.74,,,,,,,Case Rate,"Medicare Base Rate times Standard Inpatient Weight. AMLOS + 5 Outlier per Diem $7,362.00. Add-on payment, and lesser of 100% of billed charges. AMLOS + 5 Outlier per Diem $7,362.00. Add-on payment, and lesser of 100% of billed charges.",27066.64,,,,,,,Case Rate,"Medicare Base Rate times Standard Inpatient Weight. GMLOS + 6 Outlier per Diem $9,081.00 Add-on payment, and lesser of 100% of billed charges. GMLOS + 6 Outlier per Diem $9,081.00 Add-on payment, and lesser of 100% of billed charges.",26662.07,,,,,,,Case Rate,"Medicare Base Rate times Standard Inpatient Weight. GMLOS + 6 Outlier per Diem $9,081.00 Add-on payment, and lesser of 100% of billed charges. GMLOS + 6 Outlier per Diem $9,081.00 Add-on payment, and lesser of 100% of billed charges.",26662.07,,,,,,,Case Rate,"Medicare Base Rate times Standard Inpatient Weight. GMLOS + 6 Outlier per Diem $9,081.00 Add-on payment, and lesser of 100% of billed charges. GMLOS + 6 Outlier per Diem $9,081.00 Add-on payment, and lesser of 100% of billed charges.",27066.64,,,,,,,Case Rate,"Medicare Base Rate times Standard Inpatient Weight. GMLOS + 6 Outlier per Diem $9,081.00 Add-on payment, and lesser of 100% of billed charges. GMLOS + 6 Outlier per Diem $9,081.00 Add-on payment, and lesser of 100% of billed charges.",6993.75,,,,,,,Case Rate,"Medicare Base Rate times Standard Inpatient Weight. 100 percent of Medicare DRG. Add-on payment,  . 100 percent of Medicare DRG. Add-on payment,  .",6079.75,29848.78,
MS841,DRG,,,,,MS-DRG 841 LYMPHOMA AND NON-ACUTE LEUKEMIA WITH CC,,,Inpatient,,,,52356.52,,,,,,,Case Rate,Medicare Base Rate times Standard Inpatient Weight. Local 1199 High/Low day Outlier Local 1199 High/Low day Outlier,52356.52,,,,,,,Case Rate,Medicare Base Rate times Standard Inpatient Weight. Local 1199 High/Low day Outlier Local 1199 High/Low day Outlier,42553.44,,,,,,,Case Rate,"Medicare Base Rate times Standard Inpatient Weight. GMLOS + 8 Outlier per Diem $6,968.00. Add-on payment, and lesser of 100% of billed charges. GMLOS + 8 Outlier per Diem $6,968.00. Add-on payment, and lesser of 100% of billed charges.",,100,,,,,0,Percent of total billed charges,100 percent of charges.  ; No services were performed during the 15 month look back period.,16582.49,,,,,,,Case Rate,"Medicare Base Rate times Standard Inpatient Weight. 100 percent of Medicare DRG. Add-on payment,  . 100 percent of Medicare DRG. Add-on payment,  .",42553.44,,,,,,,Case Rate,"Medicare Base Rate times Standard Inpatient Weight. GMLOS + 8 Outlier per Diem $6,968.00. Add-on payment, and lesser of 100% of billed charges. GMLOS + 8 Outlier per Diem $6,968.00. Add-on payment, and lesser of 100% of billed charges.",42553.44,,,,,,,Case Rate,"Medicare Base Rate times Standard Inpatient Weight. GMLOS + 8 Outlier per Diem $6,968.00. Add-on payment, and lesser of 100% of billed charges. GMLOS + 8 Outlier per Diem $6,968.00. Add-on payment, and lesser of 100% of billed charges.",42553.44,,,,,,,Case Rate,"Medicare Base Rate times Standard Inpatient Weight. GMLOS + 8 Outlier per Diem $6,968.00. Add-on payment, and lesser of 100% of billed charges. GMLOS + 8 Outlier per Diem $6,968.00. Add-on payment, and lesser of 100% of billed charges.",,,,,,,,," ",,,,,,,,," ",,73,,,,,0,Percent of total billed charges,73 percent of charges.  ; No services were performed during the 15 month look back period.,62319.48,,,,,,,Case Rate,"Medicare Base Rate times Standard Inpatient Weight. AMLOS + 5 Outlier per Diem $7,362.00. Add-on payment, and lesser of 100% of billed charges. AMLOS + 5 Outlier per Diem $7,362.00. Add-on payment, and lesser of 100% of billed charges.",,,,,,,,," ",16582.49,,,,,,,Case Rate,"Medicare Base Rate times Standard Inpatient Weight. 100 percent of Medicare DRG. Add-on payment,  . 100 percent of Medicare DRG. Add-on payment,  .",47323.65,,,,,,,Case Rate,"Medicare Base Rate times Standard Inpatient Weight. Outlier (25+) per Diem $7,671.00. Add-on payment, and lesser of 100% of billed charges. Outlier (25+) per Diem $7,671.00. Add-on payment, and lesser of 100% of billed charges.",47323.65,,,,,,,Case Rate,"Medicare Base Rate times Standard Inpatient Weight. Outlier (25+) per Diem $7,671.00. Add-on payment, and lesser of 100% of billed charges. Outlier (25+) per Diem $7,671.00. Add-on payment, and lesser of 100% of billed charges.",47323.65,,,,,,,Case Rate,"Medicare Base Rate times Standard Inpatient Weight. Outlier (25+) per Diem $7,671.00. Add-on payment, and lesser of 100% of billed charges. Outlier (25+) per Diem $7,671.00. Add-on payment, and lesser of 100% of billed charges.",47323.65,,,,,,,Case Rate,"Medicare Base Rate times Standard Inpatient Weight. Outlier (25+) per Diem $7,671.00. Add-on payment, and lesser of 100% of billed charges. Outlier (25+) per Diem $7,671.00. Add-on payment, and lesser of 100% of billed charges.",,,,,,,,," ",16582.49,,,,,,,Case Rate,"Medicare Base Rate times Standard Inpatient Weight. 100 percent of Medicare DRG. Add-on payment,  . 100 percent of Medicare DRG. Add-on payment,  .",,,,,,,,," ",,73,,,,,0,Percent of total billed charges,73 percent of charges.  ; No services were performed during the 15 month look back period.,42553.44,,,,,,,Case Rate,"Medicare Base Rate times Standard Inpatient Weight. GMLOS + 8 Outlier per Diem $6,968.00. Add-on payment, and lesser of 100% of billed charges. GMLOS + 8 Outlier per Diem $6,968.00. Add-on payment, and lesser of 100% of billed charges.",16582.49,,,,,,,Case Rate,"Medicare Base Rate times Standard Inpatient Weight. 100 percent of Medicare DRG. Add-on payment, and lesser of 100% of billed charges. 100 percent of Medicare DRG. Add-on payment, and lesser of 100% of billed charges.",48431.37,,,,,,,Case Rate,"Medicare Base Rate times Standard Inpatient Weight. Add-on payment, and lesser of 100% of billed charges. Add-on payment, and lesser of 100% of billed charges.",16582.49,,,,,,,Case Rate,"Medicare Base Rate times Standard Inpatient Weight. 100 percent of Medicare DRG. Add-on payment, and lesser of 100% of billed charges. 100 percent of Medicare DRG. Add-on payment, and lesser of 100% of billed charges.",16582.49,,,,,,,Case Rate,"Medicare Base Rate times Standard Inpatient Weight. 100 percent of Medicare DRG. Add-on payment, and lesser of 100% of billed charges. 100 percent of Medicare DRG. Add-on payment, and lesser of 100% of billed charges.",,73,,,,,0,Percent of total billed charges,73 percent of charges.  ; No services were performed during the 15 month look back period.,,,,,,,,," ",,,,,,,,," ",,,,,,,,," ",,,,,,,,," ",48431.37,,,,,,,Case Rate,"Medicare Base Rate times Standard Inpatient Weight. Add-on payment, and lesser of 100% of billed charges. Add-on payment, and lesser of 100% of billed charges.",48431.37,,,,,,,Case Rate,"Medicare Base Rate times Standard Inpatient Weight. Add-on payment, and lesser of 100% of billed charges. Add-on payment, and lesser of 100% of billed charges.",,,,,,,,," ",48431.37,,,,,,,Case Rate,"Medicare Base Rate times Standard Inpatient Weight. Add-on payment, and lesser of 100% of billed charges. Add-on payment, and lesser of 100% of billed charges.",,,,,,,,," ",16582.49,,,,,,,Case Rate,"Medicare Base Rate times Standard Inpatient Weight. 100 percent of Medicare DRG. Add-on payment, . 100 percent of Medicare DRG. Add-on payment, .",48431.37,,,,,,,Case Rate,"Medicare Base Rate times Standard Inpatient Weight. Add-on payment, and lesser of 100% of billed charges. Add-on payment, and lesser of 100% of billed charges.",,73,,,,,0,Percent of total billed charges,73 percent of charges.  ; No services were performed during the 15 month look back period.,,,,,,,,," ",,,,,,,,," ",,73,,,,,0,Percent of total billed charges,73 percent of charges.  ; No services were performed during the 15 month look back period.,47323.65,,,,,,,Case Rate,"Medicare Base Rate times Standard Inpatient Weight. Outlier (25+) per Diem $7,671.00. Add-on payment, and lesser of 100% of billed charges. Outlier (25+) per Diem $7,671.00. Add-on payment, and lesser of 100% of billed charges.",45333.34,,,,,,,Case Rate,"Medicare Base Rate times Standard Inpatient Weight. AMLOS + 5 Outlier per Diem $7,167.00. Add-on payment, and lesser of 100% of billed charges. AMLOS + 5 Outlier per Diem $7,167.00. Add-on payment, and lesser of 100% of billed charges.",45333.34,,,,,,,Case Rate,"Medicare Base Rate times Standard Inpatient Weight. AMLOS + 5 Outlier per Diem $7,167.00. Add-on payment, and lesser of 100% of billed charges. AMLOS + 5 Outlier per Diem $7,167.00. Add-on payment, and lesser of 100% of billed charges.",,73,,,,,0,Percent of total billed charges,73 percent of charges.  ; No services were performed during the 15 month look back period.,16582.49,,,,,,,Case Rate,"Medicare Base Rate times Standard Inpatient Weight. 100 percent of Medicare DRG. Add-on payment,  . 100 percent of Medicare DRG. Add-on payment,  .",62319.48,,,,,,,Case Rate,"Medicare Base Rate times Standard Inpatient Weight. AMLOS + 5 Outlier per Diem $7,362.00. Add-on payment, and lesser of 100% of billed charges. AMLOS + 5 Outlier per Diem $7,362.00. Add-on payment, and lesser of 100% of billed charges.",62319.48,,,,,,,Case Rate,"Medicare Base Rate times Standard Inpatient Weight. AMLOS + 5 Outlier per Diem $7,362.00. Add-on payment, and lesser of 100% of billed charges. AMLOS + 5 Outlier per Diem $7,362.00. Add-on payment, and lesser of 100% of billed charges.",62319.48,,,,,,,Case Rate,"Medicare Base Rate times Standard Inpatient Weight. AMLOS + 5 Outlier per Diem $7,362.00. Add-on payment, and lesser of 100% of billed charges. AMLOS + 5 Outlier per Diem $7,362.00. Add-on payment, and lesser of 100% of billed charges.",16582.49,,,,,,,Case Rate,"Medicare Base Rate times Standard Inpatient Weight. 100 percent of Medicare DRG. Add-on payment,  . 100 percent of Medicare DRG. Add-on payment,  .",62319.48,,,,,,,Case Rate,"Medicare Base Rate times Standard Inpatient Weight. AMLOS + 5 Outlier per Diem $7,362.00. Add-on payment, and lesser of 100% of billed charges. AMLOS + 5 Outlier per Diem $7,362.00. Add-on payment, and lesser of 100% of billed charges.",62319.48,,,,,,,Case Rate,"Medicare Base Rate times Standard Inpatient Weight. AMLOS + 5 Outlier per Diem $7,362.00. Add-on payment, and lesser of 100% of billed charges. AMLOS + 5 Outlier per Diem $7,362.00. Add-on payment, and lesser of 100% of billed charges.",16582.49,,,,,,,Case Rate,"Medicare Base Rate times Standard Inpatient Weight. 100 percent of Medicare DRG. Add-on payment, and lesser of 100% of billed charges. 100 percent of Medicare DRG. Add-on payment, and lesser of 100% of billed charges.",70957.74,,,,,,,Case Rate,"Medicare Base Rate times Standard Inpatient Weight. GMLOS + 6 Outlier per Diem $11,932.00. Add-on payment, and lesser of 100% of billed charges. GMLOS + 6 Outlier per Diem $11,932.00. Add-on payment, and lesser of 100% of billed charges.",67342.56,,,,,,,Case Rate,"Medicare Base Rate times Standard Inpatient Weight. GMLOS + 6 Outlier per Diem $9,081.00 Add-on payment, and lesser of 100% of billed charges. GMLOS + 6 Outlier per Diem $9,081.00 Add-on payment, and lesser of 100% of billed charges.",67342.56,,,,,,,Case Rate,"Medicare Base Rate times Standard Inpatient Weight. GMLOS + 6 Outlier per Diem $9,081.00 Add-on payment, and lesser of 100% of billed charges. GMLOS + 6 Outlier per Diem $9,081.00 Add-on payment, and lesser of 100% of billed charges.",66335.99,,,,,,,Case Rate,"Medicare Base Rate times Standard Inpatient Weight. GMLOS + 6 Outlier per Diem $9,081.00 Add-on payment, and lesser of 100% of billed charges. GMLOS + 6 Outlier per Diem $9,081.00 Add-on payment, and lesser of 100% of billed charges.",74264.59,,,,,,,Case Rate,"Medicare Base Rate times Standard Inpatient Weight. GMLOS + 6 Outlier per Diem $9,081.00 Add-on payment, and lesser of 100% of billed charges. GMLOS + 6 Outlier per Diem $9,081.00 Add-on payment, and lesser of 100% of billed charges.",66335.99,,,,,,,Case Rate,"Medicare Base Rate times Standard Inpatient Weight. GMLOS + 6 Outlier per Diem $9,081.00 Add-on payment, and lesser of 100% of billed charges. GMLOS + 6 Outlier per Diem $9,081.00 Add-on payment, and lesser of 100% of billed charges.",67342.56,,,,,,,Case Rate,"Medicare Base Rate times Standard Inpatient Weight. GMLOS + 6 Outlier per Diem $9,081.00 Add-on payment, and lesser of 100% of billed charges. GMLOS + 6 Outlier per Diem $9,081.00 Add-on payment, and lesser of 100% of billed charges.",16582.49,,,,,,,Case Rate,"Medicare Base Rate times Standard Inpatient Weight. 100 percent of Medicare DRG. Add-on payment,  . 100 percent of Medicare DRG. Add-on payment,  .",16582.49,,,,,,,Case Rate,"Medicare Base Rate times Standard Inpatient Weight. 100 percent of Medicare DRG. Add-on payment,  . 100 percent of Medicare DRG. Add-on payment,  .",74264.59,,,,,,,Case Rate,"Medicare Base Rate times Standard Inpatient Weight. GMLOS + 6 Outlier per Diem $9,081.00 Add-on payment, and lesser of 100% of billed charges. GMLOS + 6 Outlier per Diem $9,081.00 Add-on payment, and lesser of 100% of billed charges.",,73,,,,,0,Percent of total billed charges,73 percent of charges.  ; No services were performed during the 15 month look back period.,,73,,,,,0,Percent of total billed charges,73 percent of charges.  ; No services were performed during the 15 month look back period.,,73,,,,,0,Percent of total billed charges,73 percent of charges.  ; No services were performed during the 15 month look back period.,,73,,,,,0,Percent of total billed charges,73 percent of charges.  ; No services were performed during the 15 month look back period.,,73,,,,,0,Percent of total billed charges,73 percent of charges.  ; No services were performed during the 15 month look back period.,,73,,,,,0,Percent of total billed charges,73 percent of charges.  ; No services were performed during the 15 month look back period.,,73,,,,,0,Percent of total billed charges,73 percent of charges.  ; No services were performed during the 15 month look back period.,,73,,,,,0,Percent of total billed charges,73 percent of charges.  ; No services were performed during the 15 month look back period.,,73,,,,,0,Percent of total billed charges,73 percent of charges.  ; No services were performed during the 15 month look back period.,,73,,,,,0,Percent of total billed charges,73 percent of charges.  ; No services were performed during the 15 month look back period.,,73,,,,,0,Percent of total billed charges,73 percent of charges.  ; No services were performed during the 15 month look back period.,,73,,,,,0,Percent of total billed charges,73 percent of charges.  ; No services were performed during the 15 month look back period.,,73,,,,,0,Percent of total billed charges,73 percent of charges.  ; No services were performed during the 15 month look back period.,,73,,,,,0,Percent of total billed charges,73 percent of charges.  ; No services were performed during the 15 month look back period.,,73,,,,,0,Percent of total billed charges,73 percent of charges.  ; No services were performed during the 15 month look back period.,,73,,,,,0,Percent of total billed charges,73 percent of charges.  ; No services were performed during the 15 month look back period.,,73,,,,,0,Percent of total billed charges,73 percent of charges.  ; No services were performed during the 15 month look back period.,,73,,,,,0,Percent of total billed charges,73 percent of charges.  ; No services were performed during the 15 month look back period.,,73,,,,,0,Percent of total billed charges,73 percent of charges.  ; No services were performed during the 15 month look back period.,,73,,,,,0,Percent of total billed charges,73 percent of charges.  ; No services were performed during the 15 month look back period.,,73,,,,,0,Percent of total billed charges,73 percent of charges.  ; No services were performed during the 15 month look back period.,,73,,,,,0,Percent of total billed charges,73 percent of charges.  ; No services were performed during the 15 month look back period.,,73,,,,,0,Percent of total billed charges,73 percent of charges.  ; No services were performed during the 15 month look back period.,,73,,,,,0,Percent of total billed charges,73 percent of charges.  ; No services were performed during the 15 month look back period.,,73,,,,,0,Percent of total billed charges,73 percent of charges.  ; No services were performed during the 15 month look back period.,,73,,,,,0,Percent of total billed charges,73 percent of charges.  ; No services were performed during the 15 month look back period.,48431.37,,,,,,,Case Rate,"Medicare Base Rate times Standard Inpatient Weight. Add-on payment, and lesser of 100% of billed charges. Add-on payment, and lesser of 100% of billed charges.",48431.37,,,,,,,Case Rate,"Medicare Base Rate times Standard Inpatient Weight. Add-on payment, and lesser of 100% of billed charges. Add-on payment, and lesser of 100% of billed charges.",48431.37,,,,,,,Case Rate,"Medicare Base Rate times Standard Inpatient Weight. Add-on payment, and lesser of 100% of billed charges. Add-on payment, and lesser of 100% of billed charges.",48431.37,,,,,,,Case Rate,"Medicare Base Rate times Standard Inpatient Weight. Add-on payment, and lesser of 100% of billed charges. Add-on payment, and lesser of 100% of billed charges.",48105.09,,,,,,,Case Rate,"Medicare Base Rate times Standard Inpatient Weight. Add-on payment, and lesser of 100% of billed charges. Add-on payment, and lesser of 100% of billed charges.",48105.09,,,,,,,Case Rate,"Medicare Base Rate times Standard Inpatient Weight. Add-on payment, and lesser of 100% of billed charges. Add-on payment, and lesser of 100% of billed charges.",47323.65,,,,,,,Case Rate,"Medicare Base Rate times Standard Inpatient Weight. Outlier (25+) per Diem $7,671.00. Add-on payment, and lesser of 100% of billed charges. Outlier (25+) per Diem $7,671.00. Add-on payment, and lesser of 100% of billed charges.",67342.56,,,,,,,Case Rate,"Medicare Base Rate times Standard Inpatient Weight. GMLOS + 6 Outlier per Diem $9,081.00 Add-on payment, and lesser of 100% of billed charges. GMLOS + 6 Outlier per Diem $9,081.00 Add-on payment, and lesser of 100% of billed charges.",62319.48,,,,,,,Case Rate,"Medicare Base Rate times Standard Inpatient Weight. AMLOS + 5 Outlier per Diem $7,362.00. Add-on payment, and lesser of 100% of billed charges. AMLOS + 5 Outlier per Diem $7,362.00. Add-on payment, and lesser of 100% of billed charges.",66335.99,,,,,,,Case Rate,"Medicare Base Rate times Standard Inpatient Weight. GMLOS + 6 Outlier per Diem $9,081.00 Add-on payment, and lesser of 100% of billed charges. GMLOS + 6 Outlier per Diem $9,081.00 Add-on payment, and lesser of 100% of billed charges.",,73,,,,,0,Percent of total billed charges,73 percent of charges.  ; No services were performed during the 15 month look back period.,48105.09,,,,,,,Case Rate,"Medicare Base Rate times Standard Inpatient Weight. Add-on payment, and lesser of 100% of billed charges. Add-on payment, and lesser of 100% of billed charges.",67342.56,,,,,,,Case Rate,"Medicare Base Rate times Standard Inpatient Weight. GMLOS + 6 Outlier per Diem $9,081.00 Add-on payment, and lesser of 100% of billed charges. GMLOS + 6 Outlier per Diem $9,081.00 Add-on payment, and lesser of 100% of billed charges.",62319.48,,,,,,,Case Rate,"Medicare Base Rate times Standard Inpatient Weight. AMLOS + 5 Outlier per Diem $7,362.00. Add-on payment, and lesser of 100% of billed charges. AMLOS + 5 Outlier per Diem $7,362.00. Add-on payment, and lesser of 100% of billed charges.",47323.65,,,,,,,Case Rate,"Medicare Base Rate times Standard Inpatient Weight. Outlier (25+) per Diem $7,671.00. Add-on payment, and lesser of 100% of billed charges. Outlier (25+) per Diem $7,671.00. Add-on payment, and lesser of 100% of billed charges.",,,,,,,,," ",,73,,,,,0,Percent of total billed charges,73 percent of charges.  ; No services were performed during the 15 month look back period.,,,,,,,,," ",48431.37,,,,,,,Case Rate,"Medicare Base Rate times Standard Inpatient Weight. Add-on payment, and lesser of 100% of billed charges. Add-on payment, and lesser of 100% of billed charges.",,,,,,,,," ",16582.49,,,,,,,Case Rate,"Medicare Base Rate times Standard Inpatient Weight. 100 percent of Medicare DRG. Add-on payment, . 100 percent of Medicare DRG. Add-on payment, .",16582.49,,,,,,,Case Rate,"Medicare Base Rate times Standard Inpatient Weight. 100 percent of Medicare DRG. Add-on payment,  . 100 percent of Medicare DRG. Add-on payment,  .",70957.74,,,,,,,Case Rate,"Medicare Base Rate times Standard Inpatient Weight. GMLOS + 6 Outlier per Diem $11,932.00. Add-on payment, and lesser of 100% of billed charges. GMLOS + 6 Outlier per Diem $11,932.00. Add-on payment, and lesser of 100% of billed charges.",16582.49,,,,,,,Case Rate,"Medicare Base Rate times Standard Inpatient Weight. 100 percent of Medicare DRG. Add-on payment,  . 100 percent of Medicare DRG. Add-on payment,  .",16582.49,,,,,,,Case Rate,"Medicare Base Rate times Standard Inpatient Weight. 100 percent of Medicare DRG. Add-on payment,  . 100 percent of Medicare DRG. Add-on payment,  .",,,,,,,,," ",16582.49,,,,,,,Case Rate,"Medicare Base Rate times Standard Inpatient Weight. 100 percent of Medicare DRG. Add-on payment,  . 100 percent of Medicare DRG. Add-on payment,  .",16582.49,,,,,,,Case Rate,"Medicare Base Rate times Standard Inpatient Weight. 100 percent of Medicare DRG. Add-on payment,  . 100 percent of Medicare DRG. Add-on payment,  .",42553.44,,,,,,,Case Rate,"Medicare Base Rate times Standard Inpatient Weight. GMLOS + 8 Outlier per Diem $6,968.00. Add-on payment, and lesser of 100% of billed charges. GMLOS + 8 Outlier per Diem $6,968.00. Add-on payment, and lesser of 100% of billed charges.",42553.44,,,,,,,Case Rate,"Medicare Base Rate times Standard Inpatient Weight. GMLOS + 8 Outlier per Diem $6,968.00. Add-on payment, and lesser of 100% of billed charges. GMLOS + 8 Outlier per Diem $6,968.00. Add-on payment, and lesser of 100% of billed charges.",16582.49,,,,,,,Case Rate,"Medicare Base Rate times Standard Inpatient Weight. 100 percent of Medicare DRG. Add-on payment,  . 100 percent of Medicare DRG. Add-on payment,  .",47323.65,,,,,,,Case Rate,"Medicare Base Rate times Standard Inpatient Weight. Outlier (25+) per Diem $7,671.00. Add-on payment, and lesser of 100% of billed charges. Outlier (25+) per Diem $7,671.00. Add-on payment, and lesser of 100% of billed charges.",62319.48,,,,,,,Case Rate,"Medicare Base Rate times Standard Inpatient Weight. AMLOS + 5 Outlier per Diem $7,362.00. Add-on payment, and lesser of 100% of billed charges. AMLOS + 5 Outlier per Diem $7,362.00. Add-on payment, and lesser of 100% of billed charges.",62319.48,,,,,,,Case Rate,"Medicare Base Rate times Standard Inpatient Weight. AMLOS + 5 Outlier per Diem $7,362.00. Add-on payment, and lesser of 100% of billed charges. AMLOS + 5 Outlier per Diem $7,362.00. Add-on payment, and lesser of 100% of billed charges.",16582.49,,,,,,,Case Rate,"Medicare Base Rate times Standard Inpatient Weight. 100 percent of Medicare DRG. Add-on payment,  . 100 percent of Medicare DRG. Add-on payment,  .",47323.65,,,,,,,Case Rate,"Medicare Base Rate times Standard Inpatient Weight. Outlier (25+) per Diem $7,671.00. Add-on payment, and lesser of 100% of billed charges. Outlier (25+) per Diem $7,671.00. Add-on payment, and lesser of 100% of billed charges.",42553.44,,,,,,,Case Rate,"Medicare Base Rate times Standard Inpatient Weight. GMLOS + 8 Outlier per Diem $6,968.00. Add-on payment, and lesser of 100% of billed charges. GMLOS + 8 Outlier per Diem $6,968.00. Add-on payment, and lesser of 100% of billed charges.",42553.44,,,,,,,Case Rate,"Medicare Base Rate times Standard Inpatient Weight. GMLOS + 8 Outlier per Diem $6,968.00. Add-on payment, and lesser of 100% of billed charges. GMLOS + 8 Outlier per Diem $6,968.00. Add-on payment, and lesser of 100% of billed charges.",42553.44,,,,,,,Case Rate,"Medicare Base Rate times Standard Inpatient Weight. GMLOS + 8 Outlier per Diem $6,968.00. Add-on payment, and lesser of 100% of billed charges. GMLOS + 8 Outlier per Diem $6,968.00. Add-on payment, and lesser of 100% of billed charges.",,73,,,,,0,Percent of total billed charges,73 percent of charges.  ; No services were performed during the 15 month look back period.,,73,,,,,0,Percent of total billed charges,73 percent of charges.  ; No services were performed during the 15 month look back period.,,73,,,,,0,Percent of total billed charges,73 percent of charges.  ; No services were performed during the 15 month look back period.,,73,,,,,0,Percent of total billed charges,73 percent of charges.  ; No services were performed during the 15 month look back period.,,73,,,,,0,Percent of total billed charges,73 percent of charges.  ; No services were performed during the 15 month look back period.,,73,,,,,0,Percent of total billed charges,73 percent of charges.  ; No services were performed during the 15 month look back period.,,73,,,,,0,Percent of total billed charges,73 percent of charges.  ; No services were performed during the 15 month look back period.,,73,,,,,0,Percent of total billed charges,73 percent of charges.  ; No services were performed during the 15 month look back period.,,73,,,,,0,Percent of total billed charges,73 percent of charges.  ; No services were performed during the 15 month look back period.,,73,,,,,0,Percent of total billed charges,73 percent of charges.  ; No services were performed during the 15 month look back period.,,73,,,,,0,Percent of total billed charges,73 percent of charges.  ; No services were performed during the 15 month look back period.,48105.09,,,,,,,Case Rate,"Medicare Base Rate times Standard Inpatient Weight. Add-on payment, and lesser of 100% of billed charges. Add-on payment, and lesser of 100% of billed charges.",67342.56,,,,,,,Case Rate,"Medicare Base Rate times Standard Inpatient Weight. GMLOS + 6 Outlier per Diem $9,081.00 Add-on payment, and lesser of 100% of billed charges. GMLOS + 6 Outlier per Diem $9,081.00 Add-on payment, and lesser of 100% of billed charges.",47323.65,,,,,,,Case Rate,"Medicare Base Rate times Standard Inpatient Weight. Outlier (25+) per Diem $7,671.00. Add-on payment, and lesser of 100% of billed charges. Outlier (25+) per Diem $7,671.00. Add-on payment, and lesser of 100% of billed charges.",16582.49,,,,,,,Case Rate,"Medicare Base Rate times Standard Inpatient Weight. 100 percent of Medicare DRG. Add-on payment,  . 100 percent of Medicare DRG. Add-on payment,  .",42553.44,,,,,,,Case Rate,"Medicare Base Rate times Standard Inpatient Weight. GMLOS + 8 Outlier per Diem $6,968.00. Add-on payment, and lesser of 100% of billed charges. GMLOS + 8 Outlier per Diem $6,968.00. Add-on payment, and lesser of 100% of billed charges.",47323.65,,,,,,,Case Rate,"Medicare Base Rate times Standard Inpatient Weight. Outlier (25+) per Diem $7,671.00. Add-on payment, and lesser of 100% of billed charges. Outlier (25+) per Diem $7,671.00. Add-on payment, and lesser of 100% of billed charges.",47323.65,,,,,,,Case Rate,"Medicare Base Rate times Standard Inpatient Weight. Outlier (25+) per Diem $7,671.00. Add-on payment, and lesser of 100% of billed charges. Outlier (25+) per Diem $7,671.00. Add-on payment, and lesser of 100% of billed charges.",,73,,,,,0,Percent of total billed charges,73 percent of charges.  ; No services were performed during the 15 month look back period.,,,,,,,,," ",47323.65,,,,,,,Case Rate,"Medicare Base Rate times Standard Inpatient Weight. Outlier (25+) per Diem $7,671.00. Add-on payment, and lesser of 100% of billed charges. Outlier (25+) per Diem $7,671.00. Add-on payment, and lesser of 100% of billed charges.",,,,,,,,," ",16582.49,,,,,,,Case Rate,"Medicare Base Rate times Standard Inpatient Weight. 100 percent of Medicare DRG. Add-on payment,  . 100 percent of Medicare DRG. Add-on payment,  .",16582.49,,,,,,,Case Rate,"Medicare Base Rate times Standard Inpatient Weight. 100 percent of Medicare DRG. Add-on payment,  . 100 percent of Medicare DRG. Add-on payment,  .",16582.49,,,,,,,Case Rate,"Medicare Base Rate times Standard Inpatient Weight. 100 percent of Medicare DRG. Add-on payment,  . 100 percent of Medicare DRG. Add-on payment,  .",16582.49,,,,,,,Case Rate,"Medicare Base Rate times Standard Inpatient Weight. 100 percent of Medicare DRG. Add-on payment,  . 100 percent of Medicare DRG. Add-on payment,  .",16582.49,,,,,,,Case Rate,"Medicare Base Rate times Standard Inpatient Weight. 100 percent of Medicare DRG. Add-on payment,  . 100 percent of Medicare DRG. Add-on payment,  .",16582.49,,,,,,,Case Rate,"Medicare Base Rate times Standard Inpatient Weight. 100 percent of Medicare DRG. Add-on payment,  . 100 percent of Medicare DRG. Add-on payment,  .",47323.65,,,,,,,Case Rate,"Medicare Base Rate times Standard Inpatient Weight. Outlier (25+) per Diem $7,671.00. Add-on payment, and lesser of 100% of billed charges. Outlier (25+) per Diem $7,671.00. Add-on payment, and lesser of 100% of billed charges.",70957.74,,,,,,,Case Rate,"Medicare Base Rate times Standard Inpatient Weight. GMLOS + 6 Outlier per Diem $11,932.00. Add-on payment, and lesser of 100% of billed charges. GMLOS + 6 Outlier per Diem $11,932.00. Add-on payment, and lesser of 100% of billed charges.",,,,,,,,," ",,,,,,,,," ",,,,,,,,," ",,,,,,,,," ",,,,,,,,," ",,,,,,,,," ",70957.74,,,,,,,Case Rate,"Medicare Base Rate times Standard Inpatient Weight. GMLOS + 6 Outlier per Diem $11,932.00. Add-on payment, and lesser of 100% of billed charges. GMLOS + 6 Outlier per Diem $11,932.00. Add-on payment, and lesser of 100% of billed charges.",43331.15,,,,,,,Case Rate,. 200 percent of Medicare 200 percent of Medicare,43331.15,,,,,,,Case Rate,. 200 percent of Medicare 200 percent of Medicare,43331.15,,,,,,,Case Rate,. 200 percent of Medicare 200 percent of Medicare,43331.15,,,,,,,Case Rate,. 200 percent of Medicare 200 percent of Medicare,43331.15,,,,,,,Case Rate,. 200 percent of Medicare 200 percent of Medicare,16582.49,,,,,,,Case Rate,"Medicare Base Rate times Standard Inpatient Weight. 100 percent of Medicare DRG. Add-on payment,  . 100 percent of Medicare DRG. Add-on payment,  .",48105.09,,,,,,,Case Rate,"Medicare Base Rate times Standard Inpatient Weight. Add-on payment, and lesser of 100% of billed charges. Add-on payment, and lesser of 100% of billed charges.",48105.09,,,,,,,Case Rate,"Medicare Base Rate times Standard Inpatient Weight. Add-on payment, and lesser of 100% of billed charges. Add-on payment, and lesser of 100% of billed charges.",48105.09,,,,,,,Case Rate,"Medicare Base Rate times Standard Inpatient Weight. Add-on payment, and lesser of 100% of billed charges. Add-on payment, and lesser of 100% of billed charges.",48105.09,,,,,,,Case Rate,"Medicare Base Rate times Standard Inpatient Weight. Add-on payment, and lesser of 100% of billed charges. Add-on payment, and lesser of 100% of billed charges.",42553.44,,,,,,,Case Rate,"Medicare Base Rate times Standard Inpatient Weight. GMLOS + 8 Outlier per Diem $6,968.00. Add-on payment, and lesser of 100% of billed charges. GMLOS + 8 Outlier per Diem $6,968.00. Add-on payment, and lesser of 100% of billed charges.",42553.44,,,,,,,Case Rate,"Medicare Base Rate times Standard Inpatient Weight. GMLOS + 8 Outlier per Diem $6,968.00. Add-on payment, and lesser of 100% of billed charges. GMLOS + 8 Outlier per Diem $6,968.00. Add-on payment, and lesser of 100% of billed charges.",42553.44,,,,,,,Case Rate,"Medicare Base Rate times Standard Inpatient Weight. GMLOS + 8 Outlier per Diem $6,968.00. Add-on payment, and lesser of 100% of billed charges. GMLOS + 8 Outlier per Diem $6,968.00. Add-on payment, and lesser of 100% of billed charges.",42553.44,,,,,,,Case Rate,"Medicare Base Rate times Standard Inpatient Weight. GMLOS + 8 Outlier per Diem $6,968.00. Add-on payment, and lesser of 100% of billed charges. GMLOS + 8 Outlier per Diem $6,968.00. Add-on payment, and lesser of 100% of billed charges.",70957.74,,,,,,,Case Rate,"Medicare Base Rate times Standard Inpatient Weight. GMLOS + 6 Outlier per Diem $11,932.00. Add-on payment, and lesser of 100% of billed charges. GMLOS + 6 Outlier per Diem $11,932.00. Add-on payment, and lesser of 100% of billed charges.",70957.74,,,,,,,Case Rate,"Medicare Base Rate times Standard Inpatient Weight. GMLOS + 6 Outlier per Diem $11,932.00. Add-on payment, and lesser of 100% of billed charges. GMLOS + 6 Outlier per Diem $11,932.00. Add-on payment, and lesser of 100% of billed charges.",16582.49,,,,,,,Case Rate,"Medicare Base Rate times Standard Inpatient Weight. 100 percent of Medicare DRG. Add-on payment,  . 100 percent of Medicare DRG. Add-on payment,  .",16582.49,,,,,,,Case Rate,"Medicare Base Rate times Standard Inpatient Weight. 100 percent of Medicare DRG. Add-on payment,  . 100 percent of Medicare DRG. Add-on payment,  .",16582.49,,,,,,,Case Rate,"Medicare Base Rate times Standard Inpatient Weight. 100 percent of Medicare DRG. Add-on payment,  . 100 percent of Medicare DRG. Add-on payment,  .",67342.56,,,,,,,Case Rate,"Medicare Base Rate times Standard Inpatient Weight. GMLOS + 6 Outlier per Diem $9,081.00 Add-on payment, and lesser of 100% of billed charges. GMLOS + 6 Outlier per Diem $9,081.00 Add-on payment, and lesser of 100% of billed charges.",67342.56,,,,,,,Case Rate,"Medicare Base Rate times Standard Inpatient Weight. GMLOS + 6 Outlier per Diem $9,081.00 Add-on payment, and lesser of 100% of billed charges. GMLOS + 6 Outlier per Diem $9,081.00 Add-on payment, and lesser of 100% of billed charges.",67342.56,,,,,,,Case Rate,"Medicare Base Rate times Standard Inpatient Weight. GMLOS + 6 Outlier per Diem $9,081.00 Add-on payment, and lesser of 100% of billed charges. GMLOS + 6 Outlier per Diem $9,081.00 Add-on payment, and lesser of 100% of billed charges.",70957.74,,,,,,,Case Rate,"Medicare Base Rate times Standard Inpatient Weight. GMLOS + 6 Outlier per Diem $11,932.00. Add-on payment, and lesser of 100% of billed charges. GMLOS + 6 Outlier per Diem $11,932.00. Add-on payment, and lesser of 100% of billed charges.",42553.44,,,,,,,Case Rate,"Medicare Base Rate times Standard Inpatient Weight. GMLOS + 8 Outlier per Diem $6,968.00. Add-on payment, and lesser of 100% of billed charges. GMLOS + 8 Outlier per Diem $6,968.00. Add-on payment, and lesser of 100% of billed charges.",16582.49,,,,,,,Case Rate,"Medicare Base Rate times Standard Inpatient Weight. 100 percent of Medicare DRG. Add-on payment,  . 100 percent of Medicare DRG. Add-on payment,  .",66335.99,,,,,,,Case Rate,"Medicare Base Rate times Standard Inpatient Weight. GMLOS + 6 Outlier per Diem $9,081.00 Add-on payment, and lesser of 100% of billed charges. GMLOS + 6 Outlier per Diem $9,081.00 Add-on payment, and lesser of 100% of billed charges.",,,,,,,,," ",16914.14,,,,,,,Case Rate,"Medicare Base Rate times Standard Inpatient Weight. 100 percent of Medicare DRG. Add-on payment, and lesser of 100% of billed charges. 100 percent of Medicare DRG. Add-on payment, and lesser of 100% of billed charges.",16914.14,,,,,,,Case Rate,"Medicare Base Rate times Standard Inpatient Weight. 100 percent of Medicare DRG. Add-on payment, and lesser of 100% of billed charges. 100 percent of Medicare DRG. Add-on payment, and lesser of 100% of billed charges.",16914.14,,,,,,,Case Rate,"Medicare Base Rate times Standard Inpatient Weight. 100 percent of Medicare DRG. Add-on payment, and lesser of 100% of billed charges. 100 percent of Medicare DRG. Add-on payment, and lesser of 100% of billed charges.",,,,,,,,," ",,,,,,,,," ",,,,,,,,," ",,,,,,,,," ",,,,,,,,," ",,,,,,,,," ",16914.14,,,,,,,Case Rate,"Medicare Base Rate times Standard Inpatient Weight. 100 percent of Medicare DRG. Add-on payment, and lesser of 100% of billed charges. 100 percent of Medicare DRG. Add-on payment, and lesser of 100% of billed charges.",,,,,,,,," ",,,,,,,,," ",,,,,,,,," ",,,,,,,,," ",,,,,,,,," ",,,,,,,,," ",,,,,,,,," ",16582.49,,,,,,,Case Rate,"Medicare Base Rate times Standard Inpatient Weight. 100 percent of Medicare DRG. Add-on payment,  . 100 percent of Medicare DRG. Add-on payment,  .",16582.49,,,,,,,Case Rate,"Medicare Base Rate times Standard Inpatient Weight. 100 percent of Medicare DRG. Add-on payment,  . 100 percent of Medicare DRG. Add-on payment,  .",42553.44,,,,,,,Case Rate,"Medicare Base Rate times Standard Inpatient Weight. GMLOS + 8 Outlier per Diem $6,968.00. Add-on payment, and lesser of 100% of billed charges. GMLOS + 8 Outlier per Diem $6,968.00. Add-on payment, and lesser of 100% of billed charges.",16582.49,,,,,,,Case Rate,"Medicare Base Rate times Standard Inpatient Weight. 100 percent of Medicare DRG. Add-on payment,  . 100 percent of Medicare DRG. Add-on payment,  .",,,,,,,,," ",,,,,,,,," ",,,,,,,,," ",,,,,,,,," ",,,,,,,,," ",,,,,,,,," ",,,,,,,,," ",,,,,,,,," ",,,,,,,,," ",,,,,,,,," ",,,,,,,,," ",70957.74,,,,,,,Case Rate,"Medicare Base Rate times Standard Inpatient Weight. GMLOS + 6 Outlier per Diem $11,932.00. Add-on payment, and lesser of 100% of billed charges. GMLOS + 6 Outlier per Diem $11,932.00. Add-on payment, and lesser of 100% of billed charges.",,,,,,,,," ",,,,,,,,," ",,,,,,,,," ",,,,,,,,," ",67342.56,,,,,,,Case Rate,"Medicare Base Rate times Standard Inpatient Weight. GMLOS + 6 Outlier per Diem $9,081.00 Add-on payment, and lesser of 100% of billed charges. GMLOS + 6 Outlier per Diem $9,081.00 Add-on payment, and lesser of 100% of billed charges.",66335.99,,,,,,,Case Rate,"Medicare Base Rate times Standard Inpatient Weight. GMLOS + 6 Outlier per Diem $9,081.00 Add-on payment, and lesser of 100% of billed charges. GMLOS + 6 Outlier per Diem $9,081.00 Add-on payment, and lesser of 100% of billed charges.",16582.49,,,,,,,Case Rate,"Medicare Base Rate times Standard Inpatient Weight. 100 percent of Medicare DRG. Add-on payment,  . 100 percent of Medicare DRG. Add-on payment,  .",66335.99,,,,,,,Case Rate,"Medicare Base Rate times Standard Inpatient Weight. GMLOS + 6 Outlier per Diem $9,081.00 Add-on payment, and lesser of 100% of billed charges. GMLOS + 6 Outlier per Diem $9,081.00 Add-on payment, and lesser of 100% of billed charges.",67342.56,,,,,,,Case Rate,"Medicare Base Rate times Standard Inpatient Weight. GMLOS + 6 Outlier per Diem $9,081.00 Add-on payment, and lesser of 100% of billed charges. GMLOS + 6 Outlier per Diem $9,081.00 Add-on payment, and lesser of 100% of billed charges.",67342.56,,,,,,,Case Rate,"Medicare Base Rate times Standard Inpatient Weight. GMLOS + 6 Outlier per Diem $9,081.00 Add-on payment, and lesser of 100% of billed charges. GMLOS + 6 Outlier per Diem $9,081.00 Add-on payment, and lesser of 100% of billed charges.",66335.99,,,,,,,Case Rate,"Medicare Base Rate times Standard Inpatient Weight. GMLOS + 6 Outlier per Diem $9,081.00 Add-on payment, and lesser of 100% of billed charges. GMLOS + 6 Outlier per Diem $9,081.00 Add-on payment, and lesser of 100% of billed charges.",16582.49,,,,,,,Case Rate,"Medicare Base Rate times Standard Inpatient Weight. 100 percent of Medicare DRG. Add-on payment,  . 100 percent of Medicare DRG. Add-on payment,  .",66335.99,,,,,,,Case Rate,"Medicare Base Rate times Standard Inpatient Weight. GMLOS + 6 Outlier per Diem $9,081.00 Add-on payment, and lesser of 100% of billed charges. GMLOS + 6 Outlier per Diem $9,081.00 Add-on payment, and lesser of 100% of billed charges.",67342.56,,,,,,,Case Rate,"Medicare Base Rate times Standard Inpatient Weight. GMLOS + 6 Outlier per Diem $9,081.00 Add-on payment, and lesser of 100% of billed charges. GMLOS + 6 Outlier per Diem $9,081.00 Add-on payment, and lesser of 100% of billed charges.",42553.44,,,,,,,Case Rate,"Medicare Base Rate times Standard Inpatient Weight. GMLOS + 8 Outlier per Diem $6,968.00. Add-on payment, and lesser of 100% of billed charges. GMLOS + 8 Outlier per Diem $6,968.00. Add-on payment, and lesser of 100% of billed charges.",,,,,,,,," ",,,,,,,,," ",,,,,,,,," ",,,,,,,,," ",,,,,,,,," ",,,,,,,,," ",,,,,,,,," ",,,,,,,,," ",,,,,,,,," ",,,,,,,,," ",,,,,,,,," ",,,,,,,,," ",,,,,,,,," ",,,,,,,,," ",47323.65,,,,,,,Case Rate,"Medicare Base Rate times Standard Inpatient Weight. Outlier (25+) per Diem $7,671.00. Add-on payment, and lesser of 100% of billed charges. Outlier (25+) per Diem $7,671.00. Add-on payment, and lesser of 100% of billed charges.",,,,,,,,," ",16582.49,,,,,,,Case Rate,"Medicare Base Rate times Standard Inpatient Weight. 100 percent of Medicare DRG. Add-on payment,  . 100 percent of Medicare DRG. Add-on payment,  .",52356.52,,,,,,,Case Rate,Medicare Base Rate times Standard Inpatient Weight. Local 1199 High/Low day Outlier Local 1199 High/Low day Outlier,16582.49,,,,,,,Case Rate,"Medicare Base Rate times Standard Inpatient Weight. 100 percent of Medicare DRG. Add-on payment,  . 100 percent of Medicare DRG. Add-on payment,  .",16582.49,,,,,,,Case Rate,"Medicare Base Rate times Standard Inpatient Weight. 100 percent of Medicare DRG. Add-on payment,  . 100 percent of Medicare DRG. Add-on payment,  .",,,,,,,,," ",,,,,,,,," ",,,,,,,,," ",,,,,,,,," ",,,,,,,,," ",41168.38,,,,,,,Case Rate,"Medicare Base Rate times Standard Inpatient Weight. GMLOS + 8 Outlier per Diem $4,623.00. Add-on payment, and lesser of 100% of billed charges. GMLOS + 8 Outlier per Diem $4,623.00. Add-on payment, and lesser of 100% of billed charges.",42553.44,,,,,,,Case Rate,"Medicare Base Rate times Standard Inpatient Weight. GMLOS + 8 Outlier per Diem $6,968.00. Add-on payment, and lesser of 100% of billed charges. GMLOS + 8 Outlier per Diem $6,968.00. Add-on payment, and lesser of 100% of billed charges.",48431.37,,,,,,,Case Rate,"Medicare Base Rate times Standard Inpatient Weight. Add-on payment, and lesser of 100% of billed charges. Add-on payment, and lesser of 100% of billed charges.",47323.65,,,,,,,Case Rate,"Medicare Base Rate times Standard Inpatient Weight. Outlier (25+) per Diem $7,671.00. Add-on payment, and lesser of 100% of billed charges. Outlier (25+) per Diem $7,671.00. Add-on payment, and lesser of 100% of billed charges.",16582.49,,,,,,,Case Rate,"Medicare Base Rate times Standard Inpatient Weight. 100 percent of Medicare DRG. Add-on payment, . 100 percent of Medicare DRG. Add-on payment, .",16582.49,,,,,,,Case Rate,"Medicare Base Rate times Standard Inpatient Weight. 100 percent of Medicare DRG. Add-on payment,  . 100 percent of Medicare DRG. Add-on payment,  .",16582.49,,,,,,,Case Rate,"Medicare Base Rate times Standard Inpatient Weight. 100 percent of Medicare DRG. Add-on payment,  . 100 percent of Medicare DRG. Add-on payment,  .",16582.49,,,,,,,Case Rate,"Medicare Base Rate times Standard Inpatient Weight. 100 percent of Medicare DRG. Add-on payment,  . 100 percent of Medicare DRG. Add-on payment,  .",16582.49,,,,,,,Case Rate,"Medicare Base Rate times Standard Inpatient Weight. 100 percent of Medicare DRG. Add-on payment, . 100 percent of Medicare DRG. Add-on payment, .",16582.49,,,,,,,Case Rate,"Medicare Base Rate times Standard Inpatient Weight. 100 percent of Medicare DRG. Add-on payment,  . 100 percent of Medicare DRG. Add-on payment,  .",,,,,,,,," ",,,,,,,,," ",,,,,,,,," ",67342.56,,,,,,,Case Rate,"Medicare Base Rate times Standard Inpatient Weight. GMLOS + 6 Outlier per Diem $9,081.00 Add-on payment, and lesser of 100% of billed charges. GMLOS + 6 Outlier per Diem $9,081.00 Add-on payment, and lesser of 100% of billed charges.",41168.38,,,,,,,Case Rate,"Medicare Base Rate times Standard Inpatient Weight. GMLOS + 8 Outlier per Diem $4,623.00. Add-on payment, and lesser of 100% of billed charges. GMLOS + 8 Outlier per Diem $4,623.00. Add-on payment, and lesser of 100% of billed charges.",41168.38,,,,,,,Case Rate,"Medicare Base Rate times Standard Inpatient Weight. GMLOS + 8 Outlier per Diem $4,623.00. Add-on payment, and lesser of 100% of billed charges. GMLOS + 8 Outlier per Diem $4,623.00. Add-on payment, and lesser of 100% of billed charges.",41168.38,,,,,,,Case Rate,"Medicare Base Rate times Standard Inpatient Weight. GMLOS + 8 Outlier per Diem $4,623.00. Add-on payment, and lesser of 100% of billed charges. GMLOS + 8 Outlier per Diem $4,623.00. Add-on payment, and lesser of 100% of billed charges.",41168.38,,,,,,,Case Rate,"Medicare Base Rate times Standard Inpatient Weight. GMLOS + 8 Outlier per Diem $4,623.00. Add-on payment, and lesser of 100% of billed charges. GMLOS + 8 Outlier per Diem $4,623.00. Add-on payment, and lesser of 100% of billed charges.",16582.49,,,,,,,Case Rate,"Medicare Base Rate times Standard Inpatient Weight. 100 percent of Medicare DRG. Add-on payment,  . 100 percent of Medicare DRG. Add-on payment,  .",,,,,,,,," ",67342.56,,,,,,,Case Rate,"Medicare Base Rate times Standard Inpatient Weight. GMLOS + 6 Outlier per Diem $9,081.00 Add-on payment, and lesser of 100% of billed charges. GMLOS + 6 Outlier per Diem $9,081.00 Add-on payment, and lesser of 100% of billed charges.",,,,,,,,," ",16582.49,,,,,,,Case Rate,"Medicare Base Rate times Standard Inpatient Weight. 100 percent of Medicare DRG. Add-on payment,  . 100 percent of Medicare DRG. Add-on payment,  .",,,,,,,,," ",16582.49,,,,,,,Case Rate,"Medicare Base Rate times Standard Inpatient Weight. 100 percent of Medicare DRG. Add-on payment,  . 100 percent of Medicare DRG. Add-on payment,  .",16582.49,,,,,,,Case Rate,"Medicare Base Rate times Standard Inpatient Weight. 100 percent of Medicare DRG. Add-on payment,  . 100 percent of Medicare DRG. Add-on payment,  .",,,,,,,,," ",,,,,,,,," ",41168.38,,,,,,,Case Rate,"Medicare Base Rate times Standard Inpatient Weight. GMLOS + 8 Outlier per Diem $4,623.00. Add-on payment, and lesser of 100% of billed charges. GMLOS + 8 Outlier per Diem $4,623.00. Add-on payment, and lesser of 100% of billed charges.",47323.65,,,,,,,Case Rate,"Medicare Base Rate times Standard Inpatient Weight. Outlier (25+) per Diem $7,671.00. Add-on payment, and lesser of 100% of billed charges. Outlier (25+) per Diem $7,671.00. Add-on payment, and lesser of 100% of billed charges.",,73,,,,,0,Percent of total billed charges,73 percent of charges.  ; No services were performed during the 15 month look back period.,62319.48,,,,,,,Case Rate,"Medicare Base Rate times Standard Inpatient Weight. AMLOS + 5 Outlier per Diem $7,362.00. Add-on payment, and lesser of 100% of billed charges. AMLOS + 5 Outlier per Diem $7,362.00. Add-on payment, and lesser of 100% of billed charges.",62319.48,,,,,,,Case Rate,"Medicare Base Rate times Standard Inpatient Weight. AMLOS + 5 Outlier per Diem $7,362.00. Add-on payment, and lesser of 100% of billed charges. AMLOS + 5 Outlier per Diem $7,362.00. Add-on payment, and lesser of 100% of billed charges.",42553.44,,,,,,,Case Rate,"Medicare Base Rate times Standard Inpatient Weight. GMLOS + 8 Outlier per Diem $6,968.00. Add-on payment, and lesser of 100% of billed charges. GMLOS + 8 Outlier per Diem $6,968.00. Add-on payment, and lesser of 100% of billed charges.",15421.72,,,,,,,Case Rate,"Medicare Base Rate times Standard Inpatient Weight. 93 percent of Medicare DRG. Add-on payment, and lesser of 100% of billed charges. 93 percent of Medicare DRG. Add-on payment, and lesser of 100% of billed charges.",48105.09,,,,,,,Case Rate,"Medicare Base Rate times Standard Inpatient Weight. Add-on payment, and lesser of 100% of billed charges. Add-on payment, and lesser of 100% of billed charges.",48105.09,,,,,,,Case Rate,"Medicare Base Rate times Standard Inpatient Weight. Add-on payment, and lesser of 100% of billed charges. Add-on payment, and lesser of 100% of billed charges.",53069.44,,,,,,,Case Rate,"Medicare Base Rate times Standard Inpatient Weight. GMLOS + 6 Outlier per Diem $7,265.00 Add-on payment, and lesser of 100% of billed charges. GMLOS + 6 Outlier per Diem $7,265.00 Add-on payment, and lesser of 100% of billed charges.",67342.56,,,,,,,Case Rate,"Medicare Base Rate times Standard Inpatient Weight. GMLOS + 6 Outlier per Diem $9,081.00 Add-on payment, and lesser of 100% of billed charges. GMLOS + 6 Outlier per Diem $9,081.00 Add-on payment, and lesser of 100% of billed charges.",16582.49,,,,,,,Case Rate,"Medicare Base Rate times Standard Inpatient Weight. 100 percent of Medicare DRG. Add-on payment,  . 100 percent of Medicare DRG. Add-on payment,  .",16582.49,,,,,,,Case Rate,"Medicare Base Rate times Standard Inpatient Weight. 100 percent of Medicare DRG. Add-on payment,  . 100 percent of Medicare DRG. Add-on payment,  .",16582.49,,,,,,,Case Rate,"Medicare Base Rate times Standard Inpatient Weight. 100 percent of Medicare DRG. Add-on payment,  . 100 percent of Medicare DRG. Add-on payment,  .",16582.49,,,,,,,Case Rate,"Medicare Base Rate times Standard Inpatient Weight. 100 percent of Medicare DRG. Add-on payment,  . 100 percent of Medicare DRG. Add-on payment,  .",62319.48,,,,,,,Case Rate,"Medicare Base Rate times Standard Inpatient Weight. AMLOS + 5 Outlier per Diem $7,362.00. Add-on payment, and lesser of 100% of billed charges. AMLOS + 5 Outlier per Diem $7,362.00. Add-on payment, and lesser of 100% of billed charges.",67342.56,,,,,,,Case Rate,"Medicare Base Rate times Standard Inpatient Weight. GMLOS + 6 Outlier per Diem $9,081.00 Add-on payment, and lesser of 100% of billed charges. GMLOS + 6 Outlier per Diem $9,081.00 Add-on payment, and lesser of 100% of billed charges.",67342.56,,,,,,,Case Rate,"Medicare Base Rate times Standard Inpatient Weight. GMLOS + 6 Outlier per Diem $9,081.00 Add-on payment, and lesser of 100% of billed charges. GMLOS + 6 Outlier per Diem $9,081.00 Add-on payment, and lesser of 100% of billed charges.",16582.49,,,,,,,Case Rate,"Medicare Base Rate times Standard Inpatient Weight. 100 percent of Medicare DRG. Add-on payment,  . 100 percent of Medicare DRG. Add-on payment,  .",53069.44,,,,,,,Case Rate,"Medicare Base Rate times Standard Inpatient Weight. GMLOS + 6 Outlier per Diem $7,265.00 Add-on payment, and lesser of 100% of billed charges. GMLOS + 6 Outlier per Diem $7,265.00 Add-on payment, and lesser of 100% of billed charges.",48431.37,,,,,,,Case Rate,"Medicare Base Rate times Standard Inpatient Weight. Add-on payment, and lesser of 100% of billed charges. Add-on payment, and lesser of 100% of billed charges.",,,,,,,,," ",,,,,,,,," ",41168.38,,,,,,,Case Rate,"Medicare Base Rate times Standard Inpatient Weight. GMLOS + 8 Outlier per Diem $4,623.00. Add-on payment, and lesser of 100% of billed charges. GMLOS + 8 Outlier per Diem $4,623.00. Add-on payment, and lesser of 100% of billed charges.",59702.71,,,,,,,Case Rate,"Medicare Base Rate times Standard Inpatient Weight. GMLOS + 6 Outlier per Diem $8,173.00 Add-on payment, and lesser of 100% of billed charges. GMLOS + 6 Outlier per Diem $8,173.00 Add-on payment, and lesser of 100% of billed charges.",67342.56,,,,,,,Case Rate,"Medicare Base Rate times Standard Inpatient Weight. GMLOS + 6 Outlier per Diem $9,081.00 Add-on payment, and lesser of 100% of billed charges. GMLOS + 6 Outlier per Diem $9,081.00 Add-on payment, and lesser of 100% of billed charges.",67342.56,,,,,,,Case Rate,"Medicare Base Rate times Standard Inpatient Weight. GMLOS + 6 Outlier per Diem $9,081.00 Add-on payment, and lesser of 100% of billed charges. GMLOS + 6 Outlier per Diem $9,081.00 Add-on payment, and lesser of 100% of billed charges.",48891.43,,,,,,,Case Rate,"Medicare Base Rate times Standard Inpatient Weight. GMLOS + 6 Outlier per Diem $8,221.00. Add-on payment, and lesser of 100% of billed charges. GMLOS + 6 Outlier per Diem $8,221.00. Add-on payment, and lesser of 100% of billed charges.",16582.49,,,,,,,Case Rate,"Medicare Base Rate times Standard Inpatient Weight. 100 percent of Medicare DRG. Add-on payment, . 100 percent of Medicare DRG. Add-on payment, .",,,,,,,,," ",,,,,,,,," ",,,,,,,,," ",,,,,,,,," ",62319.48,,,,,,,Case Rate,"Medicare Base Rate times Standard Inpatient Weight. AMLOS + 5 Outlier per Diem $7,362.00. Add-on payment, and lesser of 100% of billed charges. AMLOS + 5 Outlier per Diem $7,362.00. Add-on payment, and lesser of 100% of billed charges.",,,,,,,,," ",,,,,,,,," ",,,,,,,,," ",,,,,,,,," ",,,,,,,,," ",,,,,,,,," ",,,,,,,,," ",16582.49,,,,,,,Case Rate,"Medicare Base Rate times Standard Inpatient Weight. 100 percent of Medicare DRG. Add-on payment,  . 100 percent of Medicare DRG. Add-on payment,  .",62319.48,,,,,,,Case Rate,"Medicare Base Rate times Standard Inpatient Weight. AMLOS + 5 Outlier per Diem $7,362.00. Add-on payment, and lesser of 100% of billed charges. AMLOS + 5 Outlier per Diem $7,362.00. Add-on payment, and lesser of 100% of billed charges.",16582.49,,,,,,,Case Rate,"Medicare Base Rate times Standard Inpatient Weight. 100 percent of Medicare DRG. Add-on payment,  . 100 percent of Medicare DRG. Add-on payment,  .",,,,,,,,," ",67342.56,,,,,,,Case Rate,"Medicare Base Rate times Standard Inpatient Weight. GMLOS + 6 Outlier per Diem $9,081.00 Add-on payment, and lesser of 100% of billed charges. GMLOS + 6 Outlier per Diem $9,081.00 Add-on payment, and lesser of 100% of billed charges.",16582.49,,,,,,,Case Rate,"Medicare Base Rate times Standard Inpatient Weight. 100 percent of Medicare DRG. Add-on payment,  . 100 percent of Medicare DRG. Add-on payment,  .",67342.56,,,,,,,Case Rate,"Medicare Base Rate times Standard Inpatient Weight. GMLOS + 6 Outlier per Diem $9,081.00 Add-on payment, and lesser of 100% of billed charges. GMLOS + 6 Outlier per Diem $9,081.00 Add-on payment, and lesser of 100% of billed charges.",67342.56,,,,,,,Case Rate,"Medicare Base Rate times Standard Inpatient Weight. GMLOS + 6 Outlier per Diem $9,081.00 Add-on payment, and lesser of 100% of billed charges. GMLOS + 6 Outlier per Diem $9,081.00 Add-on payment, and lesser of 100% of billed charges.",67342.56,,,,,,,Case Rate,"Medicare Base Rate times Standard Inpatient Weight. GMLOS + 6 Outlier per Diem $9,081.00 Add-on payment, and lesser of 100% of billed charges. GMLOS + 6 Outlier per Diem $9,081.00 Add-on payment, and lesser of 100% of billed charges.",,,,,,,,," ",16582.49,,,,,,,Case Rate,"Medicare Base Rate times Standard Inpatient Weight. 100 percent of Medicare DRG. Add-on payment,  . 100 percent of Medicare DRG. Add-on payment,  .",67342.56,,,,,,,Case Rate,"Medicare Base Rate times Standard Inpatient Weight. GMLOS + 6 Outlier per Diem $9,081.00 Add-on payment, and lesser of 100% of billed charges. GMLOS + 6 Outlier per Diem $9,081.00 Add-on payment, and lesser of 100% of billed charges.",,,,,,,,," ",67342.56,,,,,,,Case Rate,"Medicare Base Rate times Standard Inpatient Weight. GMLOS + 6 Outlier per Diem $9,081.00 Add-on payment, and lesser of 100% of billed charges. GMLOS + 6 Outlier per Diem $9,081.00 Add-on payment, and lesser of 100% of billed charges.",17411.62,,,,,,,Case Rate,"105% of the Diagnostic Related Group fee schedule established by CMS for Medicare in force as of the date of payment.. Delay in Discharge per diem $4,007 Delay in Discharge per diem $4,007",16582.49,,,,,,,Case Rate,"Medicare Base Rate times Standard Inpatient Weight. 100 percent of Medicare DRG. Add-on payment, . 100 percent of Medicare DRG. Add-on payment, .",41168.38,,,,,,,Case Rate,"Medicare Base Rate times Standard Inpatient Weight. GMLOS + 8 Outlier per Diem $4,623.00. Add-on payment, and lesser of 100% of billed charges. GMLOS + 8 Outlier per Diem $4,623.00. Add-on payment, and lesser of 100% of billed charges.",41168.38,,,,,,,Case Rate,"Medicare Base Rate times Standard Inpatient Weight. GMLOS + 8 Outlier per Diem $4,623.00. Add-on payment, and lesser of 100% of billed charges. GMLOS + 8 Outlier per Diem $4,623.00. Add-on payment, and lesser of 100% of billed charges.",41168.38,,,,,,,Case Rate,"Medicare Base Rate times Standard Inpatient Weight. GMLOS + 8 Outlier per Diem $4,623.00. Add-on payment, and lesser of 100% of billed charges. GMLOS + 8 Outlier per Diem $4,623.00. Add-on payment, and lesser of 100% of billed charges.",41168.38,,,,,,,Case Rate,"Medicare Base Rate times Standard Inpatient Weight. GMLOS + 8 Outlier per Diem $4,623.00. Add-on payment, and lesser of 100% of billed charges. GMLOS + 8 Outlier per Diem $4,623.00. Add-on payment, and lesser of 100% of billed charges.",41168.38,,,,,,,Case Rate,"Medicare Base Rate times Standard Inpatient Weight. GMLOS + 8 Outlier per Diem $4,623.00. Add-on payment, and lesser of 100% of billed charges. GMLOS + 8 Outlier per Diem $4,623.00. Add-on payment, and lesser of 100% of billed charges.",48431.37,,,,,,,Case Rate,"Medicare Base Rate times Standard Inpatient Weight. Add-on payment, and lesser of 100% of billed charges. Add-on payment, and lesser of 100% of billed charges.",48431.37,,,,,,,Case Rate,"Medicare Base Rate times Standard Inpatient Weight. Add-on payment, and lesser of 100% of billed charges. Add-on payment, and lesser of 100% of billed charges.",41168.38,,,,,,,Case Rate,"Medicare Base Rate times Standard Inpatient Weight. GMLOS + 8 Outlier per Diem $4,623.00. Add-on payment, and lesser of 100% of billed charges. GMLOS + 8 Outlier per Diem $4,623.00. Add-on payment, and lesser of 100% of billed charges.",41168.38,,,,,,,Case Rate,"Medicare Base Rate times Standard Inpatient Weight. GMLOS + 8 Outlier per Diem $4,623.00. Add-on payment, and lesser of 100% of billed charges. GMLOS + 8 Outlier per Diem $4,623.00. Add-on payment, and lesser of 100% of billed charges.",41168.38,,,,,,,Case Rate,"Medicare Base Rate times Standard Inpatient Weight. GMLOS + 8 Outlier per Diem $4,623.00. Add-on payment, and lesser of 100% of billed charges. GMLOS + 8 Outlier per Diem $4,623.00. Add-on payment, and lesser of 100% of billed charges.",41168.38,,,,,,,Case Rate,"Medicare Base Rate times Standard Inpatient Weight. GMLOS + 8 Outlier per Diem $4,623.00. Add-on payment, and lesser of 100% of billed charges. GMLOS + 8 Outlier per Diem $4,623.00. Add-on payment, and lesser of 100% of billed charges.",41168.38,,,,,,,Case Rate,"Medicare Base Rate times Standard Inpatient Weight. GMLOS + 8 Outlier per Diem $4,623.00. Add-on payment, and lesser of 100% of billed charges. GMLOS + 8 Outlier per Diem $4,623.00. Add-on payment, and lesser of 100% of billed charges.",16582.49,,,,,,,Case Rate,"Medicare Base Rate times Standard Inpatient Weight. 100 percent of Medicare DRG. Add-on payment,  . 100 percent of Medicare DRG. Add-on payment,  .",48431.37,,,,,,,Case Rate,"Medicare Base Rate times Standard Inpatient Weight. Add-on payment, and lesser of 100% of billed charges. Add-on payment, and lesser of 100% of billed charges.",16582.49,,,,,,,Case Rate,"Medicare Base Rate times Standard Inpatient Weight. 100 percent of Medicare DRG. Add-on payment,  . 100 percent of Medicare DRG. Add-on payment,  .",,,,,,,,," ",,,,,,,,," ",62319.48,,,,,,,Case Rate,"Medicare Base Rate times Standard Inpatient Weight. AMLOS + 5 Outlier per Diem $7,362.00. Add-on payment, and lesser of 100% of billed charges. AMLOS + 5 Outlier per Diem $7,362.00. Add-on payment, and lesser of 100% of billed charges.",62319.48,,,,,,,Case Rate,"Medicare Base Rate times Standard Inpatient Weight. AMLOS + 5 Outlier per Diem $7,362.00. Add-on payment, and lesser of 100% of billed charges. AMLOS + 5 Outlier per Diem $7,362.00. Add-on payment, and lesser of 100% of billed charges.",16582.49,,,,,,,Case Rate,"Medicare Base Rate times Standard Inpatient Weight. 100 percent of Medicare DRG. Add-on payment,  . 100 percent of Medicare DRG. Add-on payment,  .",48105.09,,,,,,,Case Rate,"Medicare Base Rate times Standard Inpatient Weight. Add-on payment, and lesser of 100% of billed charges. Add-on payment, and lesser of 100% of billed charges.",16582.49,,,,,,,Case Rate,"Medicare Base Rate times Standard Inpatient Weight. 100 percent of Medicare DRG. Add-on payment,  . 100 percent of Medicare DRG. Add-on payment,  .",16582.49,,,,,,,Case Rate,"Medicare Base Rate times Standard Inpatient Weight. 100 percent of Medicare DRG. Add-on payment,  . 100 percent of Medicare DRG. Add-on payment,  .",42553.44,,,,,,,Case Rate,"Medicare Base Rate times Standard Inpatient Weight. GMLOS + 8 Outlier per Diem $6,968.00. Add-on payment, and lesser of 100% of billed charges. GMLOS + 8 Outlier per Diem $6,968.00. Add-on payment, and lesser of 100% of billed charges.",16582.49,,,,,,,Case Rate,"Medicare Base Rate times Standard Inpatient Weight. 100 percent of Medicare DRG. Add-on payment,  . 100 percent of Medicare DRG. Add-on payment,  .",47323.65,,,,,,,Case Rate,"Medicare Base Rate times Standard Inpatient Weight. Outlier (25+) per Diem $7,671.00. Add-on payment, and lesser of 100% of billed charges. Outlier (25+) per Diem $7,671.00. Add-on payment, and lesser of 100% of billed charges.",16582.49,,,,,,,Case Rate,"Medicare Base Rate times Standard Inpatient Weight. 100 percent of Medicare DRG. Add-on payment,  . 100 percent of Medicare DRG. Add-on payment,  .",47323.65,,,,,,,Case Rate,"Medicare Base Rate times Standard Inpatient Weight. Outlier (25+) per Diem $7,671.00. Add-on payment, and lesser of 100% of billed charges. Outlier (25+) per Diem $7,671.00. Add-on payment, and lesser of 100% of billed charges.",42553.44,,,,,,,Case Rate,"Medicare Base Rate times Standard Inpatient Weight. GMLOS + 8 Outlier per Diem $6,968.00. Add-on payment, and lesser of 100% of billed charges. GMLOS + 8 Outlier per Diem $6,968.00. Add-on payment, and lesser of 100% of billed charges.",47323.65,,,,,,,Case Rate,"Medicare Base Rate times Standard Inpatient Weight. Outlier (25+) per Diem $7,671.00. Add-on payment, and lesser of 100% of billed charges. Outlier (25+) per Diem $7,671.00. Add-on payment, and lesser of 100% of billed charges.",16582.49,,,,,,,Case Rate,"Medicare Base Rate times Standard Inpatient Weight. 100 percent of Medicare DRG. Add-on payment,  . 100 percent of Medicare DRG. Add-on payment,  .",,,,,,,,," ",16582.49,,,,,,,Case Rate,"Medicare Base Rate times Standard Inpatient Weight. 100 percent of Medicare DRG. Add-on payment,  . 100 percent of Medicare DRG. Add-on payment,  .",47323.65,,,,,,,Case Rate,"Medicare Base Rate times Standard Inpatient Weight. Outlier (25+) per Diem $7,671.00. Add-on payment, and lesser of 100% of billed charges. Outlier (25+) per Diem $7,671.00. Add-on payment, and lesser of 100% of billed charges.",62319.48,,,,,,,Case Rate,"Medicare Base Rate times Standard Inpatient Weight. AMLOS + 5 Outlier per Diem $7,362.00. Add-on payment, and lesser of 100% of billed charges. AMLOS + 5 Outlier per Diem $7,362.00. Add-on payment, and lesser of 100% of billed charges.",,,,,,,,," ",67342.56,,,,,,,Case Rate,"Medicare Base Rate times Standard Inpatient Weight. GMLOS + 6 Outlier per Diem $9,081.00 Add-on payment, and lesser of 100% of billed charges. GMLOS + 6 Outlier per Diem $9,081.00 Add-on payment, and lesser of 100% of billed charges.",,,,,,,,," ",,,,,,,,," ",66335.99,,,,,,,Case Rate,"Medicare Base Rate times Standard Inpatient Weight. GMLOS + 6 Outlier per Diem $9,081.00 Add-on payment, and lesser of 100% of billed charges. GMLOS + 6 Outlier per Diem $9,081.00 Add-on payment, and lesser of 100% of billed charges.",66335.99,,,,,,,Case Rate,"Medicare Base Rate times Standard Inpatient Weight. GMLOS + 6 Outlier per Diem $9,081.00 Add-on payment, and lesser of 100% of billed charges. GMLOS + 6 Outlier per Diem $9,081.00 Add-on payment, and lesser of 100% of billed charges.",67342.56,,,,,,,Case Rate,"Medicare Base Rate times Standard Inpatient Weight. GMLOS + 6 Outlier per Diem $9,081.00 Add-on payment, and lesser of 100% of billed charges. GMLOS + 6 Outlier per Diem $9,081.00 Add-on payment, and lesser of 100% of billed charges.",62319.48,,,,,,,Case Rate,"Medicare Base Rate times Standard Inpatient Weight. AMLOS + 5 Outlier per Diem $7,362.00. Add-on payment, and lesser of 100% of billed charges. AMLOS + 5 Outlier per Diem $7,362.00. Add-on payment, and lesser of 100% of billed charges.",67342.56,,,,,,,Case Rate,"Medicare Base Rate times Standard Inpatient Weight. GMLOS + 6 Outlier per Diem $9,081.00 Add-on payment, and lesser of 100% of billed charges. GMLOS + 6 Outlier per Diem $9,081.00 Add-on payment, and lesser of 100% of billed charges.",66335.99,,,,,,,Case Rate,"Medicare Base Rate times Standard Inpatient Weight. GMLOS + 6 Outlier per Diem $9,081.00 Add-on payment, and lesser of 100% of billed charges. GMLOS + 6 Outlier per Diem $9,081.00 Add-on payment, and lesser of 100% of billed charges.",67342.56,,,,,,,Case Rate,"Medicare Base Rate times Standard Inpatient Weight. GMLOS + 6 Outlier per Diem $9,081.00 Add-on payment, and lesser of 100% of billed charges. GMLOS + 6 Outlier per Diem $9,081.00 Add-on payment, and lesser of 100% of billed charges.",41168.38,,,,,,,Case Rate,"Medicare Base Rate times Standard Inpatient Weight. GMLOS + 8 Outlier per Diem $4,623.00. Add-on payment, and lesser of 100% of billed charges. GMLOS + 8 Outlier per Diem $4,623.00. Add-on payment, and lesser of 100% of billed charges.",41168.38,,,,,,,Case Rate,"Medicare Base Rate times Standard Inpatient Weight. GMLOS + 8 Outlier per Diem $4,623.00. Add-on payment, and lesser of 100% of billed charges. GMLOS + 8 Outlier per Diem $4,623.00. Add-on payment, and lesser of 100% of billed charges.",43331.15,,,,,,,Case Rate,. 200 percent of Medicare 200 percent of Medicare,,,,,,,,," ",62319.48,,,,,,,Case Rate,"Medicare Base Rate times Standard Inpatient Weight. AMLOS + 5 Outlier per Diem $7,362.00. Add-on payment, and lesser of 100% of billed charges. AMLOS + 5 Outlier per Diem $7,362.00. Add-on payment, and lesser of 100% of billed charges.",47323.65,,,,,,,Case Rate,"Medicare Base Rate times Standard Inpatient Weight. Outlier (25+) per Diem $7,671.00. Add-on payment, and lesser of 100% of billed charges. Outlier (25+) per Diem $7,671.00. Add-on payment, and lesser of 100% of billed charges.",42553.44,,,,,,,Case Rate,"Medicare Base Rate times Standard Inpatient Weight. GMLOS + 8 Outlier per Diem $6,968.00. Add-on payment, and lesser of 100% of billed charges. GMLOS + 8 Outlier per Diem $6,968.00. Add-on payment, and lesser of 100% of billed charges.",62319.48,,,,,,,Case Rate,"Medicare Base Rate times Standard Inpatient Weight. AMLOS + 5 Outlier per Diem $7,362.00. Add-on payment, and lesser of 100% of billed charges. AMLOS + 5 Outlier per Diem $7,362.00. Add-on payment, and lesser of 100% of billed charges.",42553.44,,,,,,,Case Rate,"Medicare Base Rate times Standard Inpatient Weight. GMLOS + 8 Outlier per Diem $6,968.00. Add-on payment, and lesser of 100% of billed charges. GMLOS + 8 Outlier per Diem $6,968.00. Add-on payment, and lesser of 100% of billed charges.",62319.48,,,,,,,Case Rate,"Medicare Base Rate times Standard Inpatient Weight. AMLOS + 5 Outlier per Diem $7,362.00. Add-on payment, and lesser of 100% of billed charges. AMLOS + 5 Outlier per Diem $7,362.00. Add-on payment, and lesser of 100% of billed charges.",67342.56,,,,,,,Case Rate,"Medicare Base Rate times Standard Inpatient Weight. GMLOS + 6 Outlier per Diem $9,081.00 Add-on payment, and lesser of 100% of billed charges. GMLOS + 6 Outlier per Diem $9,081.00 Add-on payment, and lesser of 100% of billed charges.",66335.99,,,,,,,Case Rate,"Medicare Base Rate times Standard Inpatient Weight. GMLOS + 6 Outlier per Diem $9,081.00 Add-on payment, and lesser of 100% of billed charges. GMLOS + 6 Outlier per Diem $9,081.00 Add-on payment, and lesser of 100% of billed charges.",66335.99,,,,,,,Case Rate,"Medicare Base Rate times Standard Inpatient Weight. GMLOS + 6 Outlier per Diem $9,081.00 Add-on payment, and lesser of 100% of billed charges. GMLOS + 6 Outlier per Diem $9,081.00 Add-on payment, and lesser of 100% of billed charges.",67342.56,,,,,,,Case Rate,"Medicare Base Rate times Standard Inpatient Weight. GMLOS + 6 Outlier per Diem $9,081.00 Add-on payment, and lesser of 100% of billed charges. GMLOS + 6 Outlier per Diem $9,081.00 Add-on payment, and lesser of 100% of billed charges.",16582.49,,,,,,,Case Rate,"Medicare Base Rate times Standard Inpatient Weight. 100 percent of Medicare DRG. Add-on payment,  . 100 percent of Medicare DRG. Add-on payment,  .",14556.85,74264.59,
MS887,DRG,,,,,MS-DRG 887 OTHER MENTAL DISORDER DIAGNOSES,,,Inpatient,,,,1846,,,,,,,Per diem,Paid once per date of service. Multiplier of 1.2 per diem for patients in CARE brain rehab units Multiplier of 1.2 per diem for patients in CARE brain rehab units,1846,,,,,,,Per diem,Paid once per date of service. Multiplier of 1.2 per diem for patients in CARE brain rehab units Multiplier of 1.2 per diem for patients in CARE brain rehab units,27933.36,,,,,,,Case Rate,"Medicare Base Rate times Standard Inpatient Weight. GMLOS + 8 Outlier per Diem $6,968.00. Add-on payment, and lesser of 100% of billed charges. GMLOS + 8 Outlier per Diem $6,968.00. Add-on payment, and lesser of 100% of billed charges.",,100,,,,,0,Percent of total billed charges,100 percent of charges.  ; No services were performed during the 15 month look back period.,11074.15,,,,,,,Case Rate,"Medicare Base Rate times Standard Inpatient Weight. 100 percent of Medicare DRG. Add-on payment,  . 100 percent of Medicare DRG. Add-on payment,  .",27933.36,,,,,,,Case Rate,"Medicare Base Rate times Standard Inpatient Weight. GMLOS + 8 Outlier per Diem $6,968.00. Add-on payment, and lesser of 100% of billed charges. GMLOS + 8 Outlier per Diem $6,968.00. Add-on payment, and lesser of 100% of billed charges.",27933.36,,,,,,,Case Rate,"Medicare Base Rate times Standard Inpatient Weight. GMLOS + 8 Outlier per Diem $6,968.00. Add-on payment, and lesser of 100% of billed charges. GMLOS + 8 Outlier per Diem $6,968.00. Add-on payment, and lesser of 100% of billed charges.",27933.36,,,,,,,Case Rate,"Medicare Base Rate times Standard Inpatient Weight. GMLOS + 8 Outlier per Diem $6,968.00. Add-on payment, and lesser of 100% of billed charges. GMLOS + 8 Outlier per Diem $6,968.00. Add-on payment, and lesser of 100% of billed charges.",,,,,,,,," ",,,,,,,,," ",,73,,,,,0,Percent of total billed charges,73 percent of charges.  ; No services were performed during the 15 month look back period.,40908.38,,,,,,,Case Rate,"Medicare Base Rate times Standard Inpatient Weight. AMLOS + 5 Outlier per Diem $7,362.00. Add-on payment, and lesser of 100% of billed charges. AMLOS + 5 Outlier per Diem $7,362.00. Add-on payment, and lesser of 100% of billed charges.",,,,,,,,," ",11074.15,,,,,,,Case Rate,"Medicare Base Rate times Standard Inpatient Weight. 100 percent of Medicare DRG. Add-on payment,  . 100 percent of Medicare DRG. Add-on payment,  .",31064.67,,,,,,,Case Rate,"Medicare Base Rate times Standard Inpatient Weight. Outlier (25+) per Diem $7,671.00. Add-on payment, and lesser of 100% of billed charges. Outlier (25+) per Diem $7,671.00. Add-on payment, and lesser of 100% of billed charges.",31064.67,,,,,,,Case Rate,"Medicare Base Rate times Standard Inpatient Weight. Outlier (25+) per Diem $7,671.00. Add-on payment, and lesser of 100% of billed charges. Outlier (25+) per Diem $7,671.00. Add-on payment, and lesser of 100% of billed charges.",31064.67,,,,,,,Case Rate,"Medicare Base Rate times Standard Inpatient Weight. Outlier (25+) per Diem $7,671.00. Add-on payment, and lesser of 100% of billed charges. Outlier (25+) per Diem $7,671.00. Add-on payment, and lesser of 100% of billed charges.",31064.67,,,,,,,Case Rate,"Medicare Base Rate times Standard Inpatient Weight. Outlier (25+) per Diem $7,671.00. Add-on payment, and lesser of 100% of billed charges. Outlier (25+) per Diem $7,671.00. Add-on payment, and lesser of 100% of billed charges.",,,,,,,,," ",11074.15,,,,,,,Case Rate,"Medicare Base Rate times Standard Inpatient Weight. 100 percent of Medicare DRG. Add-on payment,  . 100 percent of Medicare DRG. Add-on payment,  .",,,,,,,,," ",,73,,,,,0,Percent of total billed charges,73 percent of charges.  ; No services were performed during the 15 month look back period.,27933.36,,,,,,,Case Rate,"Medicare Base Rate times Standard Inpatient Weight. GMLOS + 8 Outlier per Diem $6,968.00. Add-on payment, and lesser of 100% of billed charges. GMLOS + 8 Outlier per Diem $6,968.00. Add-on payment, and lesser of 100% of billed charges.",11074.15,,,,,,,Case Rate,"Medicare Base Rate times Standard Inpatient Weight. 100 percent of Medicare DRG. Add-on payment, and lesser of 100% of billed charges. 100 percent of Medicare DRG. Add-on payment, and lesser of 100% of billed charges.",3985,,,,,,,Per diem,". Add-on payment, and lesser of 100% of billed charges. Add-on payment, and lesser of 100% of billed charges.",11074.15,,,,,,,Case Rate,"Medicare Base Rate times Standard Inpatient Weight. 100 percent of Medicare DRG. Add-on payment, and lesser of 100% of billed charges. 100 percent of Medicare DRG. Add-on payment, and lesser of 100% of billed charges.",11074.15,,,,,,,Case Rate,"Medicare Base Rate times Standard Inpatient Weight. 100 percent of Medicare DRG. Add-on payment, and lesser of 100% of billed charges. 100 percent of Medicare DRG. Add-on payment, and lesser of 100% of billed charges.",,73,,,,,0,Percent of total billed charges,73 percent of charges.  ; No services were performed during the 15 month look back period.,,,,,,,,," ",,,,,,,,," ",,,,,,,,," ",,,,,,,,," ",3985,,,,,,,Per diem,". Add-on payment, and lesser of 100% of billed charges. Add-on payment, and lesser of 100% of billed charges.",3985,,,,,,,Per diem,". Add-on payment, and lesser of 100% of billed charges. Add-on payment, and lesser of 100% of billed charges.",,,,,,,,," ",3985,,,,,,,Per diem,". Add-on payment, and lesser of 100% of billed charges. Add-on payment, and lesser of 100% of billed charges.",,,,,,,,," ",11074.15,,,,,,,Case Rate,"Medicare Base Rate times Standard Inpatient Weight. 100 percent of Medicare DRG. Add-on payment, . 100 percent of Medicare DRG. Add-on payment, .",3985,,,,,,,Per diem,". Add-on payment, and lesser of 100% of billed charges. Add-on payment, and lesser of 100% of billed charges.",,73,,,,,0,Percent of total billed charges,73 percent of charges.  ; No services were performed during the 15 month look back period.,,,,,,,,," ",,,,,,,,," ",,73,,,,,0,Percent of total billed charges,73 percent of charges.  ; No services were performed during the 15 month look back period.,31064.67,,,,,,,Case Rate,"Medicare Base Rate times Standard Inpatient Weight. Outlier (25+) per Diem $7,671.00. Add-on payment, and lesser of 100% of billed charges. Outlier (25+) per Diem $7,671.00. Add-on payment, and lesser of 100% of billed charges.",29758.17,,,,,,,Case Rate,"Medicare Base Rate times Standard Inpatient Weight. AMLOS + 5 Outlier per Diem $7,167.00. Add-on payment, and lesser of 100% of billed charges. AMLOS + 5 Outlier per Diem $7,167.00. Add-on payment, and lesser of 100% of billed charges.",29758.17,,,,,,,Case Rate,"Medicare Base Rate times Standard Inpatient Weight. AMLOS + 5 Outlier per Diem $7,167.00. Add-on payment, and lesser of 100% of billed charges. AMLOS + 5 Outlier per Diem $7,167.00. Add-on payment, and lesser of 100% of billed charges.",,73,,,,,0,Percent of total billed charges,73 percent of charges.  ; No services were performed during the 15 month look back period.,11074.15,,,,,,,Case Rate,"Medicare Base Rate times Standard Inpatient Weight. 100 percent of Medicare DRG. Add-on payment,  . 100 percent of Medicare DRG. Add-on payment,  .",40908.38,,,,,,,Case Rate,"Medicare Base Rate times Standard Inpatient Weight. AMLOS + 5 Outlier per Diem $7,362.00. Add-on payment, and lesser of 100% of billed charges. AMLOS + 5 Outlier per Diem $7,362.00. Add-on payment, and lesser of 100% of billed charges.",40908.38,,,,,,,Case Rate,"Medicare Base Rate times Standard Inpatient Weight. AMLOS + 5 Outlier per Diem $7,362.00. Add-on payment, and lesser of 100% of billed charges. AMLOS + 5 Outlier per Diem $7,362.00. Add-on payment, and lesser of 100% of billed charges.",40908.38,,,,,,,Case Rate,"Medicare Base Rate times Standard Inpatient Weight. AMLOS + 5 Outlier per Diem $7,362.00. Add-on payment, and lesser of 100% of billed charges. AMLOS + 5 Outlier per Diem $7,362.00. Add-on payment, and lesser of 100% of billed charges.",11074.15,,,,,,,Case Rate,"Medicare Base Rate times Standard Inpatient Weight. 100 percent of Medicare DRG. Add-on payment,  . 100 percent of Medicare DRG. Add-on payment,  .",40908.38,,,,,,,Case Rate,"Medicare Base Rate times Standard Inpatient Weight. AMLOS + 5 Outlier per Diem $7,362.00. Add-on payment, and lesser of 100% of billed charges. AMLOS + 5 Outlier per Diem $7,362.00. Add-on payment, and lesser of 100% of billed charges.",40908.38,,,,,,,Case Rate,"Medicare Base Rate times Standard Inpatient Weight. AMLOS + 5 Outlier per Diem $7,362.00. Add-on payment, and lesser of 100% of billed charges. AMLOS + 5 Outlier per Diem $7,362.00. Add-on payment, and lesser of 100% of billed charges.",11074.15,,,,,,,Case Rate,"Medicare Base Rate times Standard Inpatient Weight. 100 percent of Medicare DRG. Add-on payment, and lesser of 100% of billed charges. 100 percent of Medicare DRG. Add-on payment, and lesser of 100% of billed charges.",7701,,,,,,,Per diem,"Paid once per date of service. Add-on payment, and lesser of 100% of billed charges. Add-on payment, and lesser of 100% of billed charges.",44205.68,,,,,,,Case Rate,"Medicare Base Rate times Standard Inpatient Weight. GMLOS + 6 Outlier per Diem $9,081.00 Add-on payment, and lesser of 100% of billed charges. GMLOS + 6 Outlier per Diem $9,081.00 Add-on payment, and lesser of 100% of billed charges.",44205.68,,,,,,,Case Rate,"Medicare Base Rate times Standard Inpatient Weight. GMLOS + 6 Outlier per Diem $9,081.00 Add-on payment, and lesser of 100% of billed charges. GMLOS + 6 Outlier per Diem $9,081.00 Add-on payment, and lesser of 100% of billed charges.",43544.94,,,,,,,Case Rate,"Medicare Base Rate times Standard Inpatient Weight. GMLOS + 6 Outlier per Diem $9,081.00 Add-on payment, and lesser of 100% of billed charges. GMLOS + 6 Outlier per Diem $9,081.00 Add-on payment, and lesser of 100% of billed charges.",48749.51,,,,,,,Case Rate,"Medicare Base Rate times Standard Inpatient Weight. GMLOS + 6 Outlier per Diem $9,081.00 Add-on payment, and lesser of 100% of billed charges. GMLOS + 6 Outlier per Diem $9,081.00 Add-on payment, and lesser of 100% of billed charges.",43544.94,,,,,,,Case Rate,"Medicare Base Rate times Standard Inpatient Weight. GMLOS + 6 Outlier per Diem $9,081.00 Add-on payment, and lesser of 100% of billed charges. GMLOS + 6 Outlier per Diem $9,081.00 Add-on payment, and lesser of 100% of billed charges.",44205.68,,,,,,,Case Rate,"Medicare Base Rate times Standard Inpatient Weight. GMLOS + 6 Outlier per Diem $9,081.00 Add-on payment, and lesser of 100% of billed charges. GMLOS + 6 Outlier per Diem $9,081.00 Add-on payment, and lesser of 100% of billed charges.",11074.15,,,,,,,Case Rate,"Medicare Base Rate times Standard Inpatient Weight. 100 percent of Medicare DRG. Add-on payment,  . 100 percent of Medicare DRG. Add-on payment,  .",11074.15,,,,,,,Case Rate,"Medicare Base Rate times Standard Inpatient Weight. 100 percent of Medicare DRG. Add-on payment,  . 100 percent of Medicare DRG. Add-on payment,  .",48749.51,,,,,,,Case Rate,"Medicare Base Rate times Standard Inpatient Weight. GMLOS + 6 Outlier per Diem $9,081.00 Add-on payment, and lesser of 100% of billed charges. GMLOS + 6 Outlier per Diem $9,081.00 Add-on payment, and lesser of 100% of billed charges.",,73,,,,,0,Percent of total billed charges,73 percent of charges.  ; No services were performed during the 15 month look back period.,,73,,,,,0,Percent of total billed charges,73 percent of charges.  ; No services were performed during the 15 month look back period.,,73,,,,,0,Percent of total billed charges,73 percent of charges.  ; No services were performed during the 15 month look back period.,,73,,,,,0,Percent of total billed charges,73 percent of charges.  ; No services were performed during the 15 month look back period.,,73,,,,,0,Percent of total billed charges,73 percent of charges.  ; No services were performed during the 15 month look back period.,,73,,,,,0,Percent of total billed charges,73 percent of charges.  ; No services were performed during the 15 month look back period.,,73,,,,,0,Percent of total billed charges,73 percent of charges.  ; No services were performed during the 15 month look back period.,,73,,,,,0,Percent of total billed charges,73 percent of charges.  ; No services were performed during the 15 month look back period.,,73,,,,,0,Percent of total billed charges,73 percent of charges.  ; No services were performed during the 15 month look back period.,,73,,,,,0,Percent of total billed charges,73 percent of charges.  ; No services were performed during the 15 month look back period.,,73,,,,,0,Percent of total billed charges,73 percent of charges.  ; No services were performed during the 15 month look back period.,,73,,,,,0,Percent of total billed charges,73 percent of charges.  ; No services were performed during the 15 month look back period.,,73,,,,,0,Percent of total billed charges,73 percent of charges.  ; No services were performed during the 15 month look back period.,,73,,,,,0,Percent of total billed charges,73 percent of charges.  ; No services were performed during the 15 month look back period.,,73,,,,,0,Percent of total billed charges,73 percent of charges.  ; No services were performed during the 15 month look back period.,,73,,,,,0,Percent of total billed charges,73 percent of charges.  ; No services were performed during the 15 month look back period.,,73,,,,,0,Percent of total billed charges,73 percent of charges.  ; No services were performed during the 15 month look back period.,,73,,,,,0,Percent of total billed charges,73 percent of charges.  ; No services were performed during the 15 month look back period.,,73,,,,,0,Percent of total billed charges,73 percent of charges.  ; No services were performed during the 15 month look back period.,,73,,,,,0,Percent of total billed charges,73 percent of charges.  ; No services were performed during the 15 month look back period.,,73,,,,,0,Percent of total billed charges,73 percent of charges.  ; No services were performed during the 15 month look back period.,,73,,,,,0,Percent of total billed charges,73 percent of charges.  ; No services were performed during the 15 month look back period.,,73,,,,,0,Percent of total billed charges,73 percent of charges.  ; No services were performed during the 15 month look back period.,,73,,,,,0,Percent of total billed charges,73 percent of charges.  ; No services were performed during the 15 month look back period.,,73,,,,,0,Percent of total billed charges,73 percent of charges.  ; No services were performed during the 15 month look back period.,,73,,,,,0,Percent of total billed charges,73 percent of charges.  ; No services were performed during the 15 month look back period.,3985,,,,,,,Per diem,". Add-on payment, and lesser of 100% of billed charges. Add-on payment, and lesser of 100% of billed charges.",3985,,,,,,,Per diem,". Add-on payment, and lesser of 100% of billed charges. Add-on payment, and lesser of 100% of billed charges.",3985,,,,,,,Per diem,". Add-on payment, and lesser of 100% of billed charges. Add-on payment, and lesser of 100% of billed charges.",3985,,,,,,,Per diem,". Add-on payment, and lesser of 100% of billed charges. Add-on payment, and lesser of 100% of billed charges.",31577.63,,,,,,,Case Rate,"Medicare Base Rate times Standard Inpatient Weight. Add-on payment, and lesser of 100% of billed charges. Add-on payment, and lesser of 100% of billed charges.",31577.63,,,,,,,Case Rate,"Medicare Base Rate times Standard Inpatient Weight. Add-on payment, and lesser of 100% of billed charges. Add-on payment, and lesser of 100% of billed charges.",31064.67,,,,,,,Case Rate,"Medicare Base Rate times Standard Inpatient Weight. Outlier (25+) per Diem $7,671.00. Add-on payment, and lesser of 100% of billed charges. Outlier (25+) per Diem $7,671.00. Add-on payment, and lesser of 100% of billed charges.",44205.68,,,,,,,Case Rate,"Medicare Base Rate times Standard Inpatient Weight. GMLOS + 6 Outlier per Diem $9,081.00 Add-on payment, and lesser of 100% of billed charges. GMLOS + 6 Outlier per Diem $9,081.00 Add-on payment, and lesser of 100% of billed charges.",40908.38,,,,,,,Case Rate,"Medicare Base Rate times Standard Inpatient Weight. AMLOS + 5 Outlier per Diem $7,362.00. Add-on payment, and lesser of 100% of billed charges. AMLOS + 5 Outlier per Diem $7,362.00. Add-on payment, and lesser of 100% of billed charges.",43544.94,,,,,,,Case Rate,"Medicare Base Rate times Standard Inpatient Weight. GMLOS + 6 Outlier per Diem $9,081.00 Add-on payment, and lesser of 100% of billed charges. GMLOS + 6 Outlier per Diem $9,081.00 Add-on payment, and lesser of 100% of billed charges.",,73,,,,,0,Percent of total billed charges,73 percent of charges.  ; No services were performed during the 15 month look back period.,31577.63,,,,,,,Case Rate,"Medicare Base Rate times Standard Inpatient Weight. Add-on payment, and lesser of 100% of billed charges. Add-on payment, and lesser of 100% of billed charges.",44205.68,,,,,,,Case Rate,"Medicare Base Rate times Standard Inpatient Weight. GMLOS + 6 Outlier per Diem $9,081.00 Add-on payment, and lesser of 100% of billed charges. GMLOS + 6 Outlier per Diem $9,081.00 Add-on payment, and lesser of 100% of billed charges.",40908.38,,,,,,,Case Rate,"Medicare Base Rate times Standard Inpatient Weight. AMLOS + 5 Outlier per Diem $7,362.00. Add-on payment, and lesser of 100% of billed charges. AMLOS + 5 Outlier per Diem $7,362.00. Add-on payment, and lesser of 100% of billed charges.",31064.67,,,,,,,Case Rate,"Medicare Base Rate times Standard Inpatient Weight. Outlier (25+) per Diem $7,671.00. Add-on payment, and lesser of 100% of billed charges. Outlier (25+) per Diem $7,671.00. Add-on payment, and lesser of 100% of billed charges.",,,,,,,,," ",,73,,,,,0,Percent of total billed charges,73 percent of charges.  ; No services were performed during the 15 month look back period.,,,,,,,,," ",3985,,,,,,,Per diem,". Add-on payment, and lesser of 100% of billed charges. Add-on payment, and lesser of 100% of billed charges.",,,,,,,,," ",11074.15,,,,,,,Case Rate,"Medicare Base Rate times Standard Inpatient Weight. 100 percent of Medicare DRG. Add-on payment, . 100 percent of Medicare DRG. Add-on payment, .",11074.15,,,,,,,Case Rate,"Medicare Base Rate times Standard Inpatient Weight. 100 percent of Medicare DRG. Add-on payment,  . 100 percent of Medicare DRG. Add-on payment,  .",7701,,,,,,,Per diem,"Paid once per date of service. Add-on payment, and lesser of 100% of billed charges. Add-on payment, and lesser of 100% of billed charges.",11074.15,,,,,,,Case Rate,"Medicare Base Rate times Standard Inpatient Weight. 100 percent of Medicare DRG. Add-on payment,  . 100 percent of Medicare DRG. Add-on payment,  .",11074.15,,,,,,,Case Rate,"Medicare Base Rate times Standard Inpatient Weight. 100 percent of Medicare DRG. Add-on payment,  . 100 percent of Medicare DRG. Add-on payment,  .",,,,,,,,," ",11074.15,,,,,,,Case Rate,"Medicare Base Rate times Standard Inpatient Weight. 100 percent of Medicare DRG. Add-on payment,  . 100 percent of Medicare DRG. Add-on payment,  .",11074.15,,,,,,,Case Rate,"Medicare Base Rate times Standard Inpatient Weight. 100 percent of Medicare DRG. Add-on payment,  . 100 percent of Medicare DRG. Add-on payment,  .",27933.36,,,,,,,Case Rate,"Medicare Base Rate times Standard Inpatient Weight. GMLOS + 8 Outlier per Diem $6,968.00. Add-on payment, and lesser of 100% of billed charges. GMLOS + 8 Outlier per Diem $6,968.00. Add-on payment, and lesser of 100% of billed charges.",27933.36,,,,,,,Case Rate,"Medicare Base Rate times Standard Inpatient Weight. GMLOS + 8 Outlier per Diem $6,968.00. Add-on payment, and lesser of 100% of billed charges. GMLOS + 8 Outlier per Diem $6,968.00. Add-on payment, and lesser of 100% of billed charges.",11074.15,,,,,,,Case Rate,"Medicare Base Rate times Standard Inpatient Weight. 100 percent of Medicare DRG. Add-on payment,  . 100 percent of Medicare DRG. Add-on payment,  .",31064.67,,,,,,,Case Rate,"Medicare Base Rate times Standard Inpatient Weight. Outlier (25+) per Diem $7,671.00. Add-on payment, and lesser of 100% of billed charges. Outlier (25+) per Diem $7,671.00. Add-on payment, and lesser of 100% of billed charges.",40908.38,,,,,,,Case Rate,"Medicare Base Rate times Standard Inpatient Weight. AMLOS + 5 Outlier per Diem $7,362.00. Add-on payment, and lesser of 100% of billed charges. AMLOS + 5 Outlier per Diem $7,362.00. Add-on payment, and lesser of 100% of billed charges.",40908.38,,,,,,,Case Rate,"Medicare Base Rate times Standard Inpatient Weight. AMLOS + 5 Outlier per Diem $7,362.00. Add-on payment, and lesser of 100% of billed charges. AMLOS + 5 Outlier per Diem $7,362.00. Add-on payment, and lesser of 100% of billed charges.",11074.15,,,,,,,Case Rate,"Medicare Base Rate times Standard Inpatient Weight. 100 percent of Medicare DRG. Add-on payment,  . 100 percent of Medicare DRG. Add-on payment,  .",31064.67,,,,,,,Case Rate,"Medicare Base Rate times Standard Inpatient Weight. Outlier (25+) per Diem $7,671.00. Add-on payment, and lesser of 100% of billed charges. Outlier (25+) per Diem $7,671.00. Add-on payment, and lesser of 100% of billed charges.",27933.36,,,,,,,Case Rate,"Medicare Base Rate times Standard Inpatient Weight. GMLOS + 8 Outlier per Diem $6,968.00. Add-on payment, and lesser of 100% of billed charges. GMLOS + 8 Outlier per Diem $6,968.00. Add-on payment, and lesser of 100% of billed charges.",27933.36,,,,,,,Case Rate,"Medicare Base Rate times Standard Inpatient Weight. GMLOS + 8 Outlier per Diem $6,968.00. Add-on payment, and lesser of 100% of billed charges. GMLOS + 8 Outlier per Diem $6,968.00. Add-on payment, and lesser of 100% of billed charges.",27933.36,,,,,,,Case Rate,"Medicare Base Rate times Standard Inpatient Weight. GMLOS + 8 Outlier per Diem $6,968.00. Add-on payment, and lesser of 100% of billed charges. GMLOS + 8 Outlier per Diem $6,968.00. Add-on payment, and lesser of 100% of billed charges.",,73,,,,,0,Percent of total billed charges,73 percent of charges.  ; No services were performed during the 15 month look back period.,,73,,,,,0,Percent of total billed charges,73 percent of charges.  ; No services were performed during the 15 month look back period.,,73,,,,,0,Percent of total billed charges,73 percent of charges.  ; No services were performed during the 15 month look back period.,,73,,,,,0,Percent of total billed charges,73 percent of charges.  ; No services were performed during the 15 month look back period.,,73,,,,,0,Percent of total billed charges,73 percent of charges.  ; No services were performed during the 15 month look back period.,,73,,,,,0,Percent of total billed charges,73 percent of charges.  ; No services were performed during the 15 month look back period.,,73,,,,,0,Percent of total billed charges,73 percent of charges.  ; No services were performed during the 15 month look back period.,,73,,,,,0,Percent of total billed charges,73 percent of charges.  ; No services were performed during the 15 month look back period.,,73,,,,,0,Percent of total billed charges,73 percent of charges.  ; No services were performed during the 15 month look back period.,,73,,,,,0,Percent of total billed charges,73 percent of charges.  ; No services were performed during the 15 month look back period.,,73,,,,,0,Percent of total billed charges,73 percent of charges.  ; No services were performed during the 15 month look back period.,31577.63,,,,,,,Case Rate,"Medicare Base Rate times Standard Inpatient Weight. Add-on payment, and lesser of 100% of billed charges. Add-on payment, and lesser of 100% of billed charges.",44205.68,,,,,,,Case Rate,"Medicare Base Rate times Standard Inpatient Weight. GMLOS + 6 Outlier per Diem $9,081.00 Add-on payment, and lesser of 100% of billed charges. GMLOS + 6 Outlier per Diem $9,081.00 Add-on payment, and lesser of 100% of billed charges.",31064.67,,,,,,,Case Rate,"Medicare Base Rate times Standard Inpatient Weight. Outlier (25+) per Diem $7,671.00. Add-on payment, and lesser of 100% of billed charges. Outlier (25+) per Diem $7,671.00. Add-on payment, and lesser of 100% of billed charges.",11074.15,,,,,,,Case Rate,"Medicare Base Rate times Standard Inpatient Weight. 100 percent of Medicare DRG. Add-on payment,  . 100 percent of Medicare DRG. Add-on payment,  .",27933.36,,,,,,,Case Rate,"Medicare Base Rate times Standard Inpatient Weight. GMLOS + 8 Outlier per Diem $6,968.00. Add-on payment, and lesser of 100% of billed charges. GMLOS + 8 Outlier per Diem $6,968.00. Add-on payment, and lesser of 100% of billed charges.",31064.67,,,,,,,Case Rate,"Medicare Base Rate times Standard Inpatient Weight. Outlier (25+) per Diem $7,671.00. Add-on payment, and lesser of 100% of billed charges. Outlier (25+) per Diem $7,671.00. Add-on payment, and lesser of 100% of billed charges.",31064.67,,,,,,,Case Rate,"Medicare Base Rate times Standard Inpatient Weight. Outlier (25+) per Diem $7,671.00. Add-on payment, and lesser of 100% of billed charges. Outlier (25+) per Diem $7,671.00. Add-on payment, and lesser of 100% of billed charges.",,73,,,,,0,Percent of total billed charges,73 percent of charges.  ; No services were performed during the 15 month look back period.,,,,,,,,," ",31064.67,,,,,,,Case Rate,"Medicare Base Rate times Standard Inpatient Weight. Outlier (25+) per Diem $7,671.00. Add-on payment, and lesser of 100% of billed charges. Outlier (25+) per Diem $7,671.00. Add-on payment, and lesser of 100% of billed charges.",,,,,,,,," ",11074.15,,,,,,,Case Rate,"Medicare Base Rate times Standard Inpatient Weight. 100 percent of Medicare DRG. Add-on payment,  . 100 percent of Medicare DRG. Add-on payment,  .",11074.15,,,,,,,Case Rate,"Medicare Base Rate times Standard Inpatient Weight. 100 percent of Medicare DRG. Add-on payment,  . 100 percent of Medicare DRG. Add-on payment,  .",11074.15,,,,,,,Case Rate,"Medicare Base Rate times Standard Inpatient Weight. 100 percent of Medicare DRG. Add-on payment,  . 100 percent of Medicare DRG. Add-on payment,  .",11074.15,,,,,,,Case Rate,"Medicare Base Rate times Standard Inpatient Weight. 100 percent of Medicare DRG. Add-on payment,  . 100 percent of Medicare DRG. Add-on payment,  .",11074.15,,,,,,,Case Rate,"Medicare Base Rate times Standard Inpatient Weight. 100 percent of Medicare DRG. Add-on payment,  . 100 percent of Medicare DRG. Add-on payment,  .",11074.15,,,,,,,Case Rate,"Medicare Base Rate times Standard Inpatient Weight. 100 percent of Medicare DRG. Add-on payment,  . 100 percent of Medicare DRG. Add-on payment,  .",31064.67,,,,,,,Case Rate,"Medicare Base Rate times Standard Inpatient Weight. Outlier (25+) per Diem $7,671.00. Add-on payment, and lesser of 100% of billed charges. Outlier (25+) per Diem $7,671.00. Add-on payment, and lesser of 100% of billed charges.",7701,,,,,,,Per diem,"Paid once per date of service. Add-on payment, and lesser of 100% of billed charges. Add-on payment, and lesser of 100% of billed charges.",,,,,,,,," ",,,,,,,,," ",,,,,,,,," ",,,,,,,,," ",,,,,,,,," ",,,,,,,,," ",7701,,,,,,,Per diem,"Paid once per date of service. Add-on payment, and lesser of 100% of billed charges. Add-on payment, and lesser of 100% of billed charges.",28821.67,,,,,,,Case Rate,. 200 percent of Medicare 200 percent of Medicare,28821.67,,,,,,,Case Rate,. 200 percent of Medicare 200 percent of Medicare,28821.67,,,,,,,Case Rate,. 200 percent of Medicare 200 percent of Medicare,28821.67,,,,,,,Case Rate,. 200 percent of Medicare 200 percent of Medicare,28821.67,,,,,,,Case Rate,. 200 percent of Medicare 200 percent of Medicare,11074.15,,,,,,,Case Rate,"Medicare Base Rate times Standard Inpatient Weight. 100 percent of Medicare DRG. Add-on payment,  . 100 percent of Medicare DRG. Add-on payment,  .",31577.63,,,,,,,Case Rate,"Medicare Base Rate times Standard Inpatient Weight. Add-on payment, and lesser of 100% of billed charges. Add-on payment, and lesser of 100% of billed charges.",31577.63,,,,,,,Case Rate,"Medicare Base Rate times Standard Inpatient Weight. Add-on payment, and lesser of 100% of billed charges. Add-on payment, and lesser of 100% of billed charges.",31577.63,,,,,,,Case Rate,"Medicare Base Rate times Standard Inpatient Weight. Add-on payment, and lesser of 100% of billed charges. Add-on payment, and lesser of 100% of billed charges.",31577.63,,,,,,,Case Rate,"Medicare Base Rate times Standard Inpatient Weight. Add-on payment, and lesser of 100% of billed charges. Add-on payment, and lesser of 100% of billed charges.",27933.36,,,,,,,Case Rate,"Medicare Base Rate times Standard Inpatient Weight. GMLOS + 8 Outlier per Diem $6,968.00. Add-on payment, and lesser of 100% of billed charges. GMLOS + 8 Outlier per Diem $6,968.00. Add-on payment, and lesser of 100% of billed charges.",27933.36,,,,,,,Case Rate,"Medicare Base Rate times Standard Inpatient Weight. GMLOS + 8 Outlier per Diem $6,968.00. Add-on payment, and lesser of 100% of billed charges. GMLOS + 8 Outlier per Diem $6,968.00. Add-on payment, and lesser of 100% of billed charges.",27933.36,,,,,,,Case Rate,"Medicare Base Rate times Standard Inpatient Weight. GMLOS + 8 Outlier per Diem $6,968.00. Add-on payment, and lesser of 100% of billed charges. GMLOS + 8 Outlier per Diem $6,968.00. Add-on payment, and lesser of 100% of billed charges.",27933.36,,,,,,,Case Rate,"Medicare Base Rate times Standard Inpatient Weight. GMLOS + 8 Outlier per Diem $6,968.00. Add-on payment, and lesser of 100% of billed charges. GMLOS + 8 Outlier per Diem $6,968.00. Add-on payment, and lesser of 100% of billed charges.",7701,,,,,,,Per diem,"Paid once per date of service. Add-on payment, and lesser of 100% of billed charges. Add-on payment, and lesser of 100% of billed charges.",7701,,,,,,,Per diem,"Paid once per date of service. Add-on payment, and lesser of 100% of billed charges. Add-on payment, and lesser of 100% of billed charges.",11074.15,,,,,,,Case Rate,"Medicare Base Rate times Standard Inpatient Weight. 100 percent of Medicare DRG. Add-on payment,  . 100 percent of Medicare DRG. Add-on payment,  .",11074.15,,,,,,,Case Rate,"Medicare Base Rate times Standard Inpatient Weight. 100 percent of Medicare DRG. Add-on payment,  . 100 percent of Medicare DRG. Add-on payment,  .",11074.15,,,,,,,Case Rate,"Medicare Base Rate times Standard Inpatient Weight. 100 percent of Medicare DRG. Add-on payment,  . 100 percent of Medicare DRG. Add-on payment,  .",44205.68,,,,,,,Case Rate,"Medicare Base Rate times Standard Inpatient Weight. GMLOS + 6 Outlier per Diem $9,081.00 Add-on payment, and lesser of 100% of billed charges. GMLOS + 6 Outlier per Diem $9,081.00 Add-on payment, and lesser of 100% of billed charges.",44205.68,,,,,,,Case Rate,"Medicare Base Rate times Standard Inpatient Weight. GMLOS + 6 Outlier per Diem $9,081.00 Add-on payment, and lesser of 100% of billed charges. GMLOS + 6 Outlier per Diem $9,081.00 Add-on payment, and lesser of 100% of billed charges.",44205.68,,,,,,,Case Rate,"Medicare Base Rate times Standard Inpatient Weight. GMLOS + 6 Outlier per Diem $9,081.00 Add-on payment, and lesser of 100% of billed charges. GMLOS + 6 Outlier per Diem $9,081.00 Add-on payment, and lesser of 100% of billed charges.",7701,,,,,,,Per diem,"Paid once per date of service. Add-on payment, and lesser of 100% of billed charges. Add-on payment, and lesser of 100% of billed charges.",27933.36,,,,,,,Case Rate,"Medicare Base Rate times Standard Inpatient Weight. GMLOS + 8 Outlier per Diem $6,968.00. Add-on payment, and lesser of 100% of billed charges. GMLOS + 8 Outlier per Diem $6,968.00. Add-on payment, and lesser of 100% of billed charges.",11074.15,,,,,,,Case Rate,"Medicare Base Rate times Standard Inpatient Weight. 100 percent of Medicare DRG. Add-on payment,  . 100 percent of Medicare DRG. Add-on payment,  .",43544.94,,,,,,,Case Rate,"Medicare Base Rate times Standard Inpatient Weight. GMLOS + 6 Outlier per Diem $9,081.00 Add-on payment, and lesser of 100% of billed charges. GMLOS + 6 Outlier per Diem $9,081.00 Add-on payment, and lesser of 100% of billed charges.",,,,,,,,," ",11295.63,,,,,,,Case Rate,"Medicare Base Rate times Standard Inpatient Weight. 100 percent of Medicare DRG. Add-on payment, and lesser of 100% of billed charges. 100 percent of Medicare DRG. Add-on payment, and lesser of 100% of billed charges.",11295.63,,,,,,,Case Rate,"Medicare Base Rate times Standard Inpatient Weight. 100 percent of Medicare DRG. Add-on payment, and lesser of 100% of billed charges. 100 percent of Medicare DRG. Add-on payment, and lesser of 100% of billed charges.",11295.63,,,,,,,Case Rate,"Medicare Base Rate times Standard Inpatient Weight. 100 percent of Medicare DRG. Add-on payment, and lesser of 100% of billed charges. 100 percent of Medicare DRG. Add-on payment, and lesser of 100% of billed charges.",,,,,,,,," ",,,,,,,,," ",,,,,,,,," ",,,,,,,,," ",,,,,,,,," ",,,,,,,,," ",11295.63,,,,,,,Case Rate,"Medicare Base Rate times Standard Inpatient Weight. 100 percent of Medicare DRG. Add-on payment, and lesser of 100% of billed charges. 100 percent of Medicare DRG. Add-on payment, and lesser of 100% of billed charges.",,,,,,,,," ",,,,,,,,," ",,,,,,,,," ",,,,,,,,," ",,,,,,,,," ",,,,,,,,," ",,,,,,,,," ",11074.15,,,,,,,Case Rate,"Medicare Base Rate times Standard Inpatient Weight. 100 percent of Medicare DRG. Add-on payment,  . 100 percent of Medicare DRG. Add-on payment,  .",11074.15,,,,,,,Case Rate,"Medicare Base Rate times Standard Inpatient Weight. 100 percent of Medicare DRG. Add-on payment,  . 100 percent of Medicare DRG. Add-on payment,  .",27933.36,,,,,,,Case Rate,"Medicare Base Rate times Standard Inpatient Weight. GMLOS + 8 Outlier per Diem $6,968.00. Add-on payment, and lesser of 100% of billed charges. GMLOS + 8 Outlier per Diem $6,968.00. Add-on payment, and lesser of 100% of billed charges.",11074.15,,,,,,,Case Rate,"Medicare Base Rate times Standard Inpatient Weight. 100 percent of Medicare DRG. Add-on payment,  . 100 percent of Medicare DRG. Add-on payment,  .",,,,,,,,," ",,,,,,,,," ",,,,,,,,," ",,,,,,,,," ",,,,,,,,," ",,,,,,,,," ",,,,,,,,," ",,,,,,,,," ",,,,,,,,," ",,,,,,,,," ",,,,,,,,," ",7701,,,,,,,Per diem,"Paid once per date of service. Add-on payment, and lesser of 100% of billed charges. Add-on payment, and lesser of 100% of billed charges.",,,,,,,,," ",,,,,,,,," ",,,,,,,,," ",,,,,,,,," ",44205.68,,,,,,,Case Rate,"Medicare Base Rate times Standard Inpatient Weight. GMLOS + 6 Outlier per Diem $9,081.00 Add-on payment, and lesser of 100% of billed charges. GMLOS + 6 Outlier per Diem $9,081.00 Add-on payment, and lesser of 100% of billed charges.",43544.94,,,,,,,Case Rate,"Medicare Base Rate times Standard Inpatient Weight. GMLOS + 6 Outlier per Diem $9,081.00 Add-on payment, and lesser of 100% of billed charges. GMLOS + 6 Outlier per Diem $9,081.00 Add-on payment, and lesser of 100% of billed charges.",11074.15,,,,,,,Case Rate,"Medicare Base Rate times Standard Inpatient Weight. 100 percent of Medicare DRG. Add-on payment,  . 100 percent of Medicare DRG. Add-on payment,  .",43544.94,,,,,,,Case Rate,"Medicare Base Rate times Standard Inpatient Weight. GMLOS + 6 Outlier per Diem $9,081.00 Add-on payment, and lesser of 100% of billed charges. GMLOS + 6 Outlier per Diem $9,081.00 Add-on payment, and lesser of 100% of billed charges.",44205.68,,,,,,,Case Rate,"Medicare Base Rate times Standard Inpatient Weight. GMLOS + 6 Outlier per Diem $9,081.00 Add-on payment, and lesser of 100% of billed charges. GMLOS + 6 Outlier per Diem $9,081.00 Add-on payment, and lesser of 100% of billed charges.",44205.68,,,,,,,Case Rate,"Medicare Base Rate times Standard Inpatient Weight. GMLOS + 6 Outlier per Diem $9,081.00 Add-on payment, and lesser of 100% of billed charges. GMLOS + 6 Outlier per Diem $9,081.00 Add-on payment, and lesser of 100% of billed charges.",43544.94,,,,,,,Case Rate,"Medicare Base Rate times Standard Inpatient Weight. GMLOS + 6 Outlier per Diem $9,081.00 Add-on payment, and lesser of 100% of billed charges. GMLOS + 6 Outlier per Diem $9,081.00 Add-on payment, and lesser of 100% of billed charges.",11074.15,,,,,,,Case Rate,"Medicare Base Rate times Standard Inpatient Weight. 100 percent of Medicare DRG. Add-on payment,  . 100 percent of Medicare DRG. Add-on payment,  .",43544.94,,,,,,,Case Rate,"Medicare Base Rate times Standard Inpatient Weight. GMLOS + 6 Outlier per Diem $9,081.00 Add-on payment, and lesser of 100% of billed charges. GMLOS + 6 Outlier per Diem $9,081.00 Add-on payment, and lesser of 100% of billed charges.",44205.68,,,,,,,Case Rate,"Medicare Base Rate times Standard Inpatient Weight. GMLOS + 6 Outlier per Diem $9,081.00 Add-on payment, and lesser of 100% of billed charges. GMLOS + 6 Outlier per Diem $9,081.00 Add-on payment, and lesser of 100% of billed charges.",27933.36,,,,,,,Case Rate,"Medicare Base Rate times Standard Inpatient Weight. GMLOS + 8 Outlier per Diem $6,968.00. Add-on payment, and lesser of 100% of billed charges. GMLOS + 8 Outlier per Diem $6,968.00. Add-on payment, and lesser of 100% of billed charges.",,,,,,,,," ",,,,,,,,," ",,,,,,,,," ",,,,,,,,," ",,,,,,,,," ",,,,,,,,," ",,,,,,,,," ",,,,,,,,," ",,,,,,,,," ",,,,,,,,," ",,,,,,,,," ",,,,,,,,," ",,,,,,,,," ",,,,,,,,," ",31064.67,,,,,,,Case Rate,"Medicare Base Rate times Standard Inpatient Weight. Outlier (25+) per Diem $7,671.00. Add-on payment, and lesser of 100% of billed charges. Outlier (25+) per Diem $7,671.00. Add-on payment, and lesser of 100% of billed charges.",,,,,,,,," ",11074.15,,,,,,,Case Rate,"Medicare Base Rate times Standard Inpatient Weight. 100 percent of Medicare DRG. Add-on payment,  . 100 percent of Medicare DRG. Add-on payment,  .",1846,,,,,,,Per diem,Paid once per date of service. Multiplier of 1.2 per diem for patients in CARE brain rehab units Multiplier of 1.2 per diem for patients in CARE brain rehab units,11074.15,,,,,,,Case Rate,"Medicare Base Rate times Standard Inpatient Weight. 100 percent of Medicare DRG. Add-on payment,  . 100 percent of Medicare DRG. Add-on payment,  .",11074.15,,,,,,,Case Rate,"Medicare Base Rate times Standard Inpatient Weight. 100 percent of Medicare DRG. Add-on payment,  . 100 percent of Medicare DRG. Add-on payment,  .",,,,,,,,," ",,,,,,,,," ",,,,,,,,," ",,,,,,,,," ",,,,,,,,," ",3388,,,,,,,Per diem,". Add-on payment, and lesser of 100% of billed charges. Add-on payment, and lesser of 100% of billed charges.",27933.36,,,,,,,Case Rate,"Medicare Base Rate times Standard Inpatient Weight. GMLOS + 8 Outlier per Diem $6,968.00. Add-on payment, and lesser of 100% of billed charges. GMLOS + 8 Outlier per Diem $6,968.00. Add-on payment, and lesser of 100% of billed charges.",3985,,,,,,,Per diem,". Add-on payment, and lesser of 100% of billed charges. Add-on payment, and lesser of 100% of billed charges.",31064.67,,,,,,,Case Rate,"Medicare Base Rate times Standard Inpatient Weight. Outlier (25+) per Diem $7,671.00. Add-on payment, and lesser of 100% of billed charges. Outlier (25+) per Diem $7,671.00. Add-on payment, and lesser of 100% of billed charges.",11074.15,,,,,,,Case Rate,"Medicare Base Rate times Standard Inpatient Weight. 100 percent of Medicare DRG. Add-on payment, . 100 percent of Medicare DRG. Add-on payment, .",11074.15,,,,,,,Case Rate,"Medicare Base Rate times Standard Inpatient Weight. 100 percent of Medicare DRG. Add-on payment,  . 100 percent of Medicare DRG. Add-on payment,  .",11074.15,,,,,,,Case Rate,"Medicare Base Rate times Standard Inpatient Weight. 100 percent of Medicare DRG. Add-on payment,  . 100 percent of Medicare DRG. Add-on payment,  .",11074.15,,,,,,,Case Rate,"Medicare Base Rate times Standard Inpatient Weight. 100 percent of Medicare DRG. Add-on payment,  . 100 percent of Medicare DRG. Add-on payment,  .",11074.15,,,,,,,Case Rate,"Medicare Base Rate times Standard Inpatient Weight. 100 percent of Medicare DRG. Add-on payment, . 100 percent of Medicare DRG. Add-on payment, .",11074.15,,,,,,,Case Rate,"Medicare Base Rate times Standard Inpatient Weight. 100 percent of Medicare DRG. Add-on payment,  . 100 percent of Medicare DRG. Add-on payment,  .",,,,,,,,," ",,,,,,,,," ",,,,,,,,," ",44205.68,,,,,,,Case Rate,"Medicare Base Rate times Standard Inpatient Weight. GMLOS + 6 Outlier per Diem $9,081.00 Add-on payment, and lesser of 100% of billed charges. GMLOS + 6 Outlier per Diem $9,081.00 Add-on payment, and lesser of 100% of billed charges.",3388,,,,,,,Per diem,". Add-on payment, and lesser of 100% of billed charges. Add-on payment, and lesser of 100% of billed charges.",3388,,,,,,,Per diem,". Add-on payment, and lesser of 100% of billed charges. Add-on payment, and lesser of 100% of billed charges.",3388,,,,,,,Per diem,". Add-on payment, and lesser of 100% of billed charges. Add-on payment, and lesser of 100% of billed charges.",3388,,,,,,,Per diem,". Add-on payment, and lesser of 100% of billed charges. Add-on payment, and lesser of 100% of billed charges.",11074.15,,,,,,,Case Rate,"Medicare Base Rate times Standard Inpatient Weight. 100 percent of Medicare DRG. Add-on payment,  . 100 percent of Medicare DRG. Add-on payment,  .",,,,,,,,," ",44205.68,,,,,,,Case Rate,"Medicare Base Rate times Standard Inpatient Weight. GMLOS + 6 Outlier per Diem $9,081.00 Add-on payment, and lesser of 100% of billed charges. GMLOS + 6 Outlier per Diem $9,081.00 Add-on payment, and lesser of 100% of billed charges.",,,,,,,,," ",11074.15,,,,,,,Case Rate,"Medicare Base Rate times Standard Inpatient Weight. 100 percent of Medicare DRG. Add-on payment,  . 100 percent of Medicare DRG. Add-on payment,  .",,,,,,,,," ",11074.15,,,,,,,Case Rate,"Medicare Base Rate times Standard Inpatient Weight. 100 percent of Medicare DRG. Add-on payment,  . 100 percent of Medicare DRG. Add-on payment,  .",11074.15,,,,,,,Case Rate,"Medicare Base Rate times Standard Inpatient Weight. 100 percent of Medicare DRG. Add-on payment,  . 100 percent of Medicare DRG. Add-on payment,  .",,,,,,,,," ",,,,,,,,," ",3388,,,,,,,Per diem,". Add-on payment, and lesser of 100% of billed charges. Add-on payment, and lesser of 100% of billed charges.",31064.67,,,,,,,Case Rate,"Medicare Base Rate times Standard Inpatient Weight. Outlier (25+) per Diem $7,671.00. Add-on payment, and lesser of 100% of billed charges. Outlier (25+) per Diem $7,671.00. Add-on payment, and lesser of 100% of billed charges.",,73,,,,,0,Percent of total billed charges,73 percent of charges.  ; No services were performed during the 15 month look back period.,40908.38,,,,,,,Case Rate,"Medicare Base Rate times Standard Inpatient Weight. AMLOS + 5 Outlier per Diem $7,362.00. Add-on payment, and lesser of 100% of billed charges. AMLOS + 5 Outlier per Diem $7,362.00. Add-on payment, and lesser of 100% of billed charges.",40908.38,,,,,,,Case Rate,"Medicare Base Rate times Standard Inpatient Weight. AMLOS + 5 Outlier per Diem $7,362.00. Add-on payment, and lesser of 100% of billed charges. AMLOS + 5 Outlier per Diem $7,362.00. Add-on payment, and lesser of 100% of billed charges.",27933.36,,,,,,,Case Rate,"Medicare Base Rate times Standard Inpatient Weight. GMLOS + 8 Outlier per Diem $6,968.00. Add-on payment, and lesser of 100% of billed charges. GMLOS + 8 Outlier per Diem $6,968.00. Add-on payment, and lesser of 100% of billed charges.",10298.96,,,,,,,Case Rate,"Medicare Base Rate times Standard Inpatient Weight. 93 percent of Medicare DRG. Add-on payment, and lesser of 100% of billed charges. 93 percent of Medicare DRG. Add-on payment, and lesser of 100% of billed charges.",31577.63,,,,,,,Case Rate,"Medicare Base Rate times Standard Inpatient Weight. Add-on payment, and lesser of 100% of billed charges. Add-on payment, and lesser of 100% of billed charges.",31577.63,,,,,,,Case Rate,"Medicare Base Rate times Standard Inpatient Weight. Add-on payment, and lesser of 100% of billed charges. Add-on payment, and lesser of 100% of billed charges.",34836.38,,,,,,,Case Rate,"Medicare Base Rate times Standard Inpatient Weight. GMLOS + 6 Outlier per Diem $7,265.00 Add-on payment, and lesser of 100% of billed charges. GMLOS + 6 Outlier per Diem $7,265.00 Add-on payment, and lesser of 100% of billed charges.",44205.68,,,,,,,Case Rate,"Medicare Base Rate times Standard Inpatient Weight. GMLOS + 6 Outlier per Diem $9,081.00 Add-on payment, and lesser of 100% of billed charges. GMLOS + 6 Outlier per Diem $9,081.00 Add-on payment, and lesser of 100% of billed charges.",11074.15,,,,,,,Case Rate,"Medicare Base Rate times Standard Inpatient Weight. 100 percent of Medicare DRG. Add-on payment,  . 100 percent of Medicare DRG. Add-on payment,  .",11074.15,,,,,,,Case Rate,"Medicare Base Rate times Standard Inpatient Weight. 100 percent of Medicare DRG. Add-on payment,  . 100 percent of Medicare DRG. Add-on payment,  .",11074.15,,,,,,,Case Rate,"Medicare Base Rate times Standard Inpatient Weight. 100 percent of Medicare DRG. Add-on payment,  . 100 percent of Medicare DRG. Add-on payment,  .",11074.15,,,,,,,Case Rate,"Medicare Base Rate times Standard Inpatient Weight. 100 percent of Medicare DRG. Add-on payment,  . 100 percent of Medicare DRG. Add-on payment,  .",40908.38,,,,,,,Case Rate,"Medicare Base Rate times Standard Inpatient Weight. AMLOS + 5 Outlier per Diem $7,362.00. Add-on payment, and lesser of 100% of billed charges. AMLOS + 5 Outlier per Diem $7,362.00. Add-on payment, and lesser of 100% of billed charges.",44205.68,,,,,,,Case Rate,"Medicare Base Rate times Standard Inpatient Weight. GMLOS + 6 Outlier per Diem $9,081.00 Add-on payment, and lesser of 100% of billed charges. GMLOS + 6 Outlier per Diem $9,081.00 Add-on payment, and lesser of 100% of billed charges.",44205.68,,,,,,,Case Rate,"Medicare Base Rate times Standard Inpatient Weight. GMLOS + 6 Outlier per Diem $9,081.00 Add-on payment, and lesser of 100% of billed charges. GMLOS + 6 Outlier per Diem $9,081.00 Add-on payment, and lesser of 100% of billed charges.",11074.15,,,,,,,Case Rate,"Medicare Base Rate times Standard Inpatient Weight. 100 percent of Medicare DRG. Add-on payment,  . 100 percent of Medicare DRG. Add-on payment,  .",34836.38,,,,,,,Case Rate,"Medicare Base Rate times Standard Inpatient Weight. GMLOS + 6 Outlier per Diem $7,265.00 Add-on payment, and lesser of 100% of billed charges. GMLOS + 6 Outlier per Diem $7,265.00 Add-on payment, and lesser of 100% of billed charges.",3985,,,,,,,Per diem,". Add-on payment, and lesser of 100% of billed charges. Add-on payment, and lesser of 100% of billed charges.",,,,,,,,," ",,,,,,,,," ",3388,,,,,,,Per diem,". Add-on payment, and lesser of 100% of billed charges. Add-on payment, and lesser of 100% of billed charges.",39190.66,,,,,,,Case Rate,"Medicare Base Rate times Standard Inpatient Weight. GMLOS + 6 Outlier per Diem $8,173.00 Add-on payment, and lesser of 100% of billed charges. GMLOS + 6 Outlier per Diem $8,173.00 Add-on payment, and lesser of 100% of billed charges.",44205.68,,,,,,,Case Rate,"Medicare Base Rate times Standard Inpatient Weight. GMLOS + 6 Outlier per Diem $9,081.00 Add-on payment, and lesser of 100% of billed charges. GMLOS + 6 Outlier per Diem $9,081.00 Add-on payment, and lesser of 100% of billed charges.",44205.68,,,,,,,Case Rate,"Medicare Base Rate times Standard Inpatient Weight. GMLOS + 6 Outlier per Diem $9,081.00 Add-on payment, and lesser of 100% of billed charges. GMLOS + 6 Outlier per Diem $9,081.00 Add-on payment, and lesser of 100% of billed charges.",5306,,,,,,,Per diem,"Paid once per date of service. Add-on payment, and lesser of 100% of billed charges. Add-on payment, and lesser of 100% of billed charges.",11074.15,,,,,,,Case Rate,"Medicare Base Rate times Standard Inpatient Weight. 100 percent of Medicare DRG. Add-on payment, . 100 percent of Medicare DRG. Add-on payment, .",,,,,,,,," ",,,,,,,,," ",,,,,,,,," ",,,,,,,,," ",40908.38,,,,,,,Case Rate,"Medicare Base Rate times Standard Inpatient Weight. AMLOS + 5 Outlier per Diem $7,362.00. Add-on payment, and lesser of 100% of billed charges. AMLOS + 5 Outlier per Diem $7,362.00. Add-on payment, and lesser of 100% of billed charges.",,,,,,,,," ",,,,,,,,," ",,,,,,,,," ",,,,,,,,," ",,,,,,,,," ",,,,,,,,," ",,,,,,,,," ",11074.15,,,,,,,Case Rate,"Medicare Base Rate times Standard Inpatient Weight. 100 percent of Medicare DRG. Add-on payment,  . 100 percent of Medicare DRG. Add-on payment,  .",40908.38,,,,,,,Case Rate,"Medicare Base Rate times Standard Inpatient Weight. AMLOS + 5 Outlier per Diem $7,362.00. Add-on payment, and lesser of 100% of billed charges. AMLOS + 5 Outlier per Diem $7,362.00. Add-on payment, and lesser of 100% of billed charges.",11074.15,,,,,,,Case Rate,"Medicare Base Rate times Standard Inpatient Weight. 100 percent of Medicare DRG. Add-on payment,  . 100 percent of Medicare DRG. Add-on payment,  .",,,,,,,,," ",44205.68,,,,,,,Case Rate,"Medicare Base Rate times Standard Inpatient Weight. GMLOS + 6 Outlier per Diem $9,081.00 Add-on payment, and lesser of 100% of billed charges. GMLOS + 6 Outlier per Diem $9,081.00 Add-on payment, and lesser of 100% of billed charges.",11074.15,,,,,,,Case Rate,"Medicare Base Rate times Standard Inpatient Weight. 100 percent of Medicare DRG. Add-on payment,  . 100 percent of Medicare DRG. Add-on payment,  .",44205.68,,,,,,,Case Rate,"Medicare Base Rate times Standard Inpatient Weight. GMLOS + 6 Outlier per Diem $9,081.00 Add-on payment, and lesser of 100% of billed charges. GMLOS + 6 Outlier per Diem $9,081.00 Add-on payment, and lesser of 100% of billed charges.",44205.68,,,,,,,Case Rate,"Medicare Base Rate times Standard Inpatient Weight. GMLOS + 6 Outlier per Diem $9,081.00 Add-on payment, and lesser of 100% of billed charges. GMLOS + 6 Outlier per Diem $9,081.00 Add-on payment, and lesser of 100% of billed charges.",44205.68,,,,,,,Case Rate,"Medicare Base Rate times Standard Inpatient Weight. GMLOS + 6 Outlier per Diem $9,081.00 Add-on payment, and lesser of 100% of billed charges. GMLOS + 6 Outlier per Diem $9,081.00 Add-on payment, and lesser of 100% of billed charges.",,,,,,,,," ",11074.15,,,,,,,Case Rate,"Medicare Base Rate times Standard Inpatient Weight. 100 percent of Medicare DRG. Add-on payment,  . 100 percent of Medicare DRG. Add-on payment,  .",44205.68,,,,,,,Case Rate,"Medicare Base Rate times Standard Inpatient Weight. GMLOS + 6 Outlier per Diem $9,081.00 Add-on payment, and lesser of 100% of billed charges. GMLOS + 6 Outlier per Diem $9,081.00 Add-on payment, and lesser of 100% of billed charges.",,,,,,,,," ",44205.68,,,,,,,Case Rate,"Medicare Base Rate times Standard Inpatient Weight. GMLOS + 6 Outlier per Diem $9,081.00 Add-on payment, and lesser of 100% of billed charges. GMLOS + 6 Outlier per Diem $9,081.00 Add-on payment, and lesser of 100% of billed charges.",11627.86,,,,,,,Case Rate,"105% of the Diagnostic Related Group fee schedule established by CMS for Medicare in force as of the date of payment.. Delay in Discharge per diem $4,007 Delay in Discharge per diem $4,007",11074.15,,,,,,,Case Rate,"Medicare Base Rate times Standard Inpatient Weight. 100 percent of Medicare DRG. Add-on payment, . 100 percent of Medicare DRG. Add-on payment, .",3388,,,,,,,Per diem,". Add-on payment, and lesser of 100% of billed charges. Add-on payment, and lesser of 100% of billed charges.",3388,,,,,,,Per diem,". Add-on payment, and lesser of 100% of billed charges. Add-on payment, and lesser of 100% of billed charges.",3388,,,,,,,Per diem,". Add-on payment, and lesser of 100% of billed charges. Add-on payment, and lesser of 100% of billed charges.",3388,,,,,,,Per diem,". Add-on payment, and lesser of 100% of billed charges. Add-on payment, and lesser of 100% of billed charges.",3388,,,,,,,Per diem,". Add-on payment, and lesser of 100% of billed charges. Add-on payment, and lesser of 100% of billed charges.",3985,,,,,,,Per diem,". Add-on payment, and lesser of 100% of billed charges. Add-on payment, and lesser of 100% of billed charges.",3985,,,,,,,Per diem,". Add-on payment, and lesser of 100% of billed charges. Add-on payment, and lesser of 100% of billed charges.",3388,,,,,,,Per diem,". Add-on payment, and lesser of 100% of billed charges. Add-on payment, and lesser of 100% of billed charges.",3388,,,,,,,Per diem,". Add-on payment, and lesser of 100% of billed charges. Add-on payment, and lesser of 100% of billed charges.",3388,,,,,,,Per diem,". Add-on payment, and lesser of 100% of billed charges. Add-on payment, and lesser of 100% of billed charges.",3388,,,,,,,Per diem,". Add-on payment, and lesser of 100% of billed charges. Add-on payment, and lesser of 100% of billed charges.",3388,,,,,,,Per diem,". Add-on payment, and lesser of 100% of billed charges. Add-on payment, and lesser of 100% of billed charges.",11074.15,,,,,,,Case Rate,"Medicare Base Rate times Standard Inpatient Weight. 100 percent of Medicare DRG. Add-on payment,  . 100 percent of Medicare DRG. Add-on payment,  .",3985,,,,,,,Per diem,". Add-on payment, and lesser of 100% of billed charges. Add-on payment, and lesser of 100% of billed charges.",11074.15,,,,,,,Case Rate,"Medicare Base Rate times Standard Inpatient Weight. 100 percent of Medicare DRG. Add-on payment,  . 100 percent of Medicare DRG. Add-on payment,  .",,,,,,,,," ",,,,,,,,," ",40908.38,,,,,,,Case Rate,"Medicare Base Rate times Standard Inpatient Weight. AMLOS + 5 Outlier per Diem $7,362.00. Add-on payment, and lesser of 100% of billed charges. AMLOS + 5 Outlier per Diem $7,362.00. Add-on payment, and lesser of 100% of billed charges.",40908.38,,,,,,,Case Rate,"Medicare Base Rate times Standard Inpatient Weight. AMLOS + 5 Outlier per Diem $7,362.00. Add-on payment, and lesser of 100% of billed charges. AMLOS + 5 Outlier per Diem $7,362.00. Add-on payment, and lesser of 100% of billed charges.",11074.15,,,,,,,Case Rate,"Medicare Base Rate times Standard Inpatient Weight. 100 percent of Medicare DRG. Add-on payment,  . 100 percent of Medicare DRG. Add-on payment,  .",31577.63,,,,,,,Case Rate,"Medicare Base Rate times Standard Inpatient Weight. Add-on payment, and lesser of 100% of billed charges. Add-on payment, and lesser of 100% of billed charges.",11074.15,,,,,,,Case Rate,"Medicare Base Rate times Standard Inpatient Weight. 100 percent of Medicare DRG. Add-on payment,  . 100 percent of Medicare DRG. Add-on payment,  .",11074.15,,,,,,,Case Rate,"Medicare Base Rate times Standard Inpatient Weight. 100 percent of Medicare DRG. Add-on payment,  . 100 percent of Medicare DRG. Add-on payment,  .",27933.36,,,,,,,Case Rate,"Medicare Base Rate times Standard Inpatient Weight. GMLOS + 8 Outlier per Diem $6,968.00. Add-on payment, and lesser of 100% of billed charges. GMLOS + 8 Outlier per Diem $6,968.00. Add-on payment, and lesser of 100% of billed charges.",11074.15,,,,,,,Case Rate,"Medicare Base Rate times Standard Inpatient Weight. 100 percent of Medicare DRG. Add-on payment,  . 100 percent of Medicare DRG. Add-on payment,  .",31064.67,,,,,,,Case Rate,"Medicare Base Rate times Standard Inpatient Weight. Outlier (25+) per Diem $7,671.00. Add-on payment, and lesser of 100% of billed charges. Outlier (25+) per Diem $7,671.00. Add-on payment, and lesser of 100% of billed charges.",11074.15,,,,,,,Case Rate,"Medicare Base Rate times Standard Inpatient Weight. 100 percent of Medicare DRG. Add-on payment,  . 100 percent of Medicare DRG. Add-on payment,  .",31064.67,,,,,,,Case Rate,"Medicare Base Rate times Standard Inpatient Weight. Outlier (25+) per Diem $7,671.00. Add-on payment, and lesser of 100% of billed charges. Outlier (25+) per Diem $7,671.00. Add-on payment, and lesser of 100% of billed charges.",27933.36,,,,,,,Case Rate,"Medicare Base Rate times Standard Inpatient Weight. GMLOS + 8 Outlier per Diem $6,968.00. Add-on payment, and lesser of 100% of billed charges. GMLOS + 8 Outlier per Diem $6,968.00. Add-on payment, and lesser of 100% of billed charges.",31064.67,,,,,,,Case Rate,"Medicare Base Rate times Standard Inpatient Weight. Outlier (25+) per Diem $7,671.00. Add-on payment, and lesser of 100% of billed charges. Outlier (25+) per Diem $7,671.00. Add-on payment, and lesser of 100% of billed charges.",11074.15,,,,,,,Case Rate,"Medicare Base Rate times Standard Inpatient Weight. 100 percent of Medicare DRG. Add-on payment,  . 100 percent of Medicare DRG. Add-on payment,  .",,,,,,,,," ",11074.15,,,,,,,Case Rate,"Medicare Base Rate times Standard Inpatient Weight. 100 percent of Medicare DRG. Add-on payment,  . 100 percent of Medicare DRG. Add-on payment,  .",31064.67,,,,,,,Case Rate,"Medicare Base Rate times Standard Inpatient Weight. Outlier (25+) per Diem $7,671.00. Add-on payment, and lesser of 100% of billed charges. Outlier (25+) per Diem $7,671.00. Add-on payment, and lesser of 100% of billed charges.",40908.38,,,,,,,Case Rate,"Medicare Base Rate times Standard Inpatient Weight. AMLOS + 5 Outlier per Diem $7,362.00. Add-on payment, and lesser of 100% of billed charges. AMLOS + 5 Outlier per Diem $7,362.00. Add-on payment, and lesser of 100% of billed charges.",,,,,,,,," ",44205.68,,,,,,,Case Rate,"Medicare Base Rate times Standard Inpatient Weight. GMLOS + 6 Outlier per Diem $9,081.00 Add-on payment, and lesser of 100% of billed charges. GMLOS + 6 Outlier per Diem $9,081.00 Add-on payment, and lesser of 100% of billed charges.",,,,,,,,," ",,,,,,,,," ",43544.94,,,,,,,Case Rate,"Medicare Base Rate times Standard Inpatient Weight. GMLOS + 6 Outlier per Diem $9,081.00 Add-on payment, and lesser of 100% of billed charges. GMLOS + 6 Outlier per Diem $9,081.00 Add-on payment, and lesser of 100% of billed charges.",43544.94,,,,,,,Case Rate,"Medicare Base Rate times Standard Inpatient Weight. GMLOS + 6 Outlier per Diem $9,081.00 Add-on payment, and lesser of 100% of billed charges. GMLOS + 6 Outlier per Diem $9,081.00 Add-on payment, and lesser of 100% of billed charges.",44205.68,,,,,,,Case Rate,"Medicare Base Rate times Standard Inpatient Weight. GMLOS + 6 Outlier per Diem $9,081.00 Add-on payment, and lesser of 100% of billed charges. GMLOS + 6 Outlier per Diem $9,081.00 Add-on payment, and lesser of 100% of billed charges.",40908.38,,,,,,,Case Rate,"Medicare Base Rate times Standard Inpatient Weight. AMLOS + 5 Outlier per Diem $7,362.00. Add-on payment, and lesser of 100% of billed charges. AMLOS + 5 Outlier per Diem $7,362.00. Add-on payment, and lesser of 100% of billed charges.",44205.68,,,,,,,Case Rate,"Medicare Base Rate times Standard Inpatient Weight. GMLOS + 6 Outlier per Diem $9,081.00 Add-on payment, and lesser of 100% of billed charges. GMLOS + 6 Outlier per Diem $9,081.00 Add-on payment, and lesser of 100% of billed charges.",43544.94,,,,,,,Case Rate,"Medicare Base Rate times Standard Inpatient Weight. GMLOS + 6 Outlier per Diem $9,081.00 Add-on payment, and lesser of 100% of billed charges. GMLOS + 6 Outlier per Diem $9,081.00 Add-on payment, and lesser of 100% of billed charges.",44205.68,,,,,,,Case Rate,"Medicare Base Rate times Standard Inpatient Weight. GMLOS + 6 Outlier per Diem $9,081.00 Add-on payment, and lesser of 100% of billed charges. GMLOS + 6 Outlier per Diem $9,081.00 Add-on payment, and lesser of 100% of billed charges.",3388,,,,,,,Per diem,". Add-on payment, and lesser of 100% of billed charges. Add-on payment, and lesser of 100% of billed charges.",3388,,,,,,,Per diem,". Add-on payment, and lesser of 100% of billed charges. Add-on payment, and lesser of 100% of billed charges.",28821.67,,,,,,,Case Rate,. 200 percent of Medicare 200 percent of Medicare,,,,,,,,," ",40908.38,,,,,,,Case Rate,"Medicare Base Rate times Standard Inpatient Weight. AMLOS + 5 Outlier per Diem $7,362.00. Add-on payment, and lesser of 100% of billed charges. AMLOS + 5 Outlier per Diem $7,362.00. Add-on payment, and lesser of 100% of billed charges.",31064.67,,,,,,,Case Rate,"Medicare Base Rate times Standard Inpatient Weight. Outlier (25+) per Diem $7,671.00. Add-on payment, and lesser of 100% of billed charges. Outlier (25+) per Diem $7,671.00. Add-on payment, and lesser of 100% of billed charges.",27933.36,,,,,,,Case Rate,"Medicare Base Rate times Standard Inpatient Weight. GMLOS + 8 Outlier per Diem $6,968.00. Add-on payment, and lesser of 100% of billed charges. GMLOS + 8 Outlier per Diem $6,968.00. Add-on payment, and lesser of 100% of billed charges.",40908.38,,,,,,,Case Rate,"Medicare Base Rate times Standard Inpatient Weight. AMLOS + 5 Outlier per Diem $7,362.00. Add-on payment, and lesser of 100% of billed charges. AMLOS + 5 Outlier per Diem $7,362.00. Add-on payment, and lesser of 100% of billed charges.",27933.36,,,,,,,Case Rate,"Medicare Base Rate times Standard Inpatient Weight. GMLOS + 8 Outlier per Diem $6,968.00. Add-on payment, and lesser of 100% of billed charges. GMLOS + 8 Outlier per Diem $6,968.00. Add-on payment, and lesser of 100% of billed charges.",40908.38,,,,,,,Case Rate,"Medicare Base Rate times Standard Inpatient Weight. AMLOS + 5 Outlier per Diem $7,362.00. Add-on payment, and lesser of 100% of billed charges. AMLOS + 5 Outlier per Diem $7,362.00. Add-on payment, and lesser of 100% of billed charges.",44205.68,,,,,,,Case Rate,"Medicare Base Rate times Standard Inpatient Weight. GMLOS + 6 Outlier per Diem $9,081.00 Add-on payment, and lesser of 100% of billed charges. GMLOS + 6 Outlier per Diem $9,081.00 Add-on payment, and lesser of 100% of billed charges.",43544.94,,,,,,,Case Rate,"Medicare Base Rate times Standard Inpatient Weight. GMLOS + 6 Outlier per Diem $9,081.00 Add-on payment, and lesser of 100% of billed charges. GMLOS + 6 Outlier per Diem $9,081.00 Add-on payment, and lesser of 100% of billed charges.",43544.94,,,,,,,Case Rate,"Medicare Base Rate times Standard Inpatient Weight. GMLOS + 6 Outlier per Diem $9,081.00 Add-on payment, and lesser of 100% of billed charges. GMLOS + 6 Outlier per Diem $9,081.00 Add-on payment, and lesser of 100% of billed charges.",44205.68,,,,,,,Case Rate,"Medicare Base Rate times Standard Inpatient Weight. GMLOS + 6 Outlier per Diem $9,081.00 Add-on payment, and lesser of 100% of billed charges. GMLOS + 6 Outlier per Diem $9,081.00 Add-on payment, and lesser of 100% of billed charges.",11074.15,,,,,,,Case Rate,"Medicare Base Rate times Standard Inpatient Weight. 100 percent of Medicare DRG. Add-on payment,  . 100 percent of Medicare DRG. Add-on payment,  .",1846,48749.51,
MS895,DRG,,,,,"MS-DRG 895 ALCOHOL, DRUG ABUSE OR DEPENDENCE WITH REHABILITATION THERAPY",,,Inpatient,,,,1846,,,,,,,Per diem,Paid once per date of service. Multiplier of 1.2 per diem for patients in CARE brain rehab units Multiplier of 1.2 per diem for patients in CARE brain rehab units,1846,,,,,,,Per diem,Paid once per date of service. Multiplier of 1.2 per diem for patients in CARE brain rehab units Multiplier of 1.2 per diem for patients in CARE brain rehab units,36924.51,,,,,,,Case Rate,"Medicare Base Rate times Standard Inpatient Weight. GMLOS + 8 Outlier per Diem $6,968.00. Add-on payment, and lesser of 100% of billed charges. GMLOS + 8 Outlier per Diem $6,968.00. Add-on payment, and lesser of 100% of billed charges.",,100,,,,,0,Percent of total billed charges,100 percent of charges.  ; No services were performed during the 15 month look back period.,14461.71,,,,,,,Case Rate,"Medicare Base Rate times Standard Inpatient Weight. 100 percent of Medicare DRG. Add-on payment,  . 100 percent of Medicare DRG. Add-on payment,  .",36924.51,,,,,,,Case Rate,"Medicare Base Rate times Standard Inpatient Weight. GMLOS + 8 Outlier per Diem $6,968.00. Add-on payment, and lesser of 100% of billed charges. GMLOS + 8 Outlier per Diem $6,968.00. Add-on payment, and lesser of 100% of billed charges.",36924.51,,,,,,,Case Rate,"Medicare Base Rate times Standard Inpatient Weight. GMLOS + 8 Outlier per Diem $6,968.00. Add-on payment, and lesser of 100% of billed charges. GMLOS + 8 Outlier per Diem $6,968.00. Add-on payment, and lesser of 100% of billed charges.",36924.51,,,,,,,Case Rate,"Medicare Base Rate times Standard Inpatient Weight. GMLOS + 8 Outlier per Diem $6,968.00. Add-on payment, and lesser of 100% of billed charges. GMLOS + 8 Outlier per Diem $6,968.00. Add-on payment, and lesser of 100% of billed charges.",,,,,,,,," ",,,,,,,,," ",,73,,,,,0,Percent of total billed charges,73 percent of charges.  ; No services were performed during the 15 month look back period.,54075.92,,,,,,,Case Rate,"Medicare Base Rate times Standard Inpatient Weight. AMLOS + 5 Outlier per Diem $7,362.00. Add-on payment, and lesser of 100% of billed charges. AMLOS + 5 Outlier per Diem $7,362.00. Add-on payment, and lesser of 100% of billed charges.",,,,,,,,," ",14461.71,,,,,,,Case Rate,"Medicare Base Rate times Standard Inpatient Weight. 100 percent of Medicare DRG. Add-on payment,  . 100 percent of Medicare DRG. Add-on payment,  .",41063.72,,,,,,,Case Rate,"Medicare Base Rate times Standard Inpatient Weight. Outlier (25+) per Diem $7,671.00. Add-on payment, and lesser of 100% of billed charges. Outlier (25+) per Diem $7,671.00. Add-on payment, and lesser of 100% of billed charges.",41063.72,,,,,,,Case Rate,"Medicare Base Rate times Standard Inpatient Weight. Outlier (25+) per Diem $7,671.00. Add-on payment, and lesser of 100% of billed charges. Outlier (25+) per Diem $7,671.00. Add-on payment, and lesser of 100% of billed charges.",41063.72,,,,,,,Case Rate,"Medicare Base Rate times Standard Inpatient Weight. Outlier (25+) per Diem $7,671.00. Add-on payment, and lesser of 100% of billed charges. Outlier (25+) per Diem $7,671.00. Add-on payment, and lesser of 100% of billed charges.",41063.72,,,,,,,Case Rate,"Medicare Base Rate times Standard Inpatient Weight. Outlier (25+) per Diem $7,671.00. Add-on payment, and lesser of 100% of billed charges. Outlier (25+) per Diem $7,671.00. Add-on payment, and lesser of 100% of billed charges.",,,,,,,,," ",14461.71,,,,,,,Case Rate,"Medicare Base Rate times Standard Inpatient Weight. 100 percent of Medicare DRG. Add-on payment,  . 100 percent of Medicare DRG. Add-on payment,  .",,,,,,,,," ",,73,,,,,0,Percent of total billed charges,73 percent of charges.  ; No services were performed during the 15 month look back period.,36924.51,,,,,,,Case Rate,"Medicare Base Rate times Standard Inpatient Weight. GMLOS + 8 Outlier per Diem $6,968.00. Add-on payment, and lesser of 100% of billed charges. GMLOS + 8 Outlier per Diem $6,968.00. Add-on payment, and lesser of 100% of billed charges.",14461.71,,,,,,,Case Rate,"Medicare Base Rate times Standard Inpatient Weight. 100 percent of Medicare DRG. Add-on payment, and lesser of 100% of billed charges. 100 percent of Medicare DRG. Add-on payment, and lesser of 100% of billed charges.",3985,,,,,,,Per diem,". Add-on payment, and lesser of 100% of billed charges. Add-on payment, and lesser of 100% of billed charges.",14461.71,,,,,,,Case Rate,"Medicare Base Rate times Standard Inpatient Weight. 100 percent of Medicare DRG. Add-on payment, and lesser of 100% of billed charges. 100 percent of Medicare DRG. Add-on payment, and lesser of 100% of billed charges.",14461.71,,,,,,,Case Rate,"Medicare Base Rate times Standard Inpatient Weight. 100 percent of Medicare DRG. Add-on payment, and lesser of 100% of billed charges. 100 percent of Medicare DRG. Add-on payment, and lesser of 100% of billed charges.",,73,,,,,0,Percent of total billed charges,73 percent of charges.  ; No services were performed during the 15 month look back period.,,,,,,,,," ",,,,,,,,," ",,,,,,,,," ",,,,,,,,," ",3985,,,,,,,Per diem,". Add-on payment, and lesser of 100% of billed charges. Add-on payment, and lesser of 100% of billed charges.",3985,,,,,,,Per diem,". Add-on payment, and lesser of 100% of billed charges. Add-on payment, and lesser of 100% of billed charges.",,,,,,,,," ",3985,,,,,,,Per diem,". Add-on payment, and lesser of 100% of billed charges. Add-on payment, and lesser of 100% of billed charges.",,,,,,,,," ",14461.71,,,,,,,Case Rate,"Medicare Base Rate times Standard Inpatient Weight. 100 percent of Medicare DRG. Add-on payment, . 100 percent of Medicare DRG. Add-on payment, .",3985,,,,,,,Per diem,". Add-on payment, and lesser of 100% of billed charges. Add-on payment, and lesser of 100% of billed charges.",,73,,,,,0,Percent of total billed charges,73 percent of charges.  ; No services were performed during the 15 month look back period.,,,,,,,,," ",,,,,,,,," ",,73,,,,,0,Percent of total billed charges,73 percent of charges.  ; No services were performed during the 15 month look back period.,41063.72,,,,,,,Case Rate,"Medicare Base Rate times Standard Inpatient Weight. Outlier (25+) per Diem $7,671.00. Add-on payment, and lesser of 100% of billed charges. Outlier (25+) per Diem $7,671.00. Add-on payment, and lesser of 100% of billed charges.",39336.69,,,,,,,Case Rate,"Medicare Base Rate times Standard Inpatient Weight. AMLOS + 5 Outlier per Diem $7,167.00. Add-on payment, and lesser of 100% of billed charges. AMLOS + 5 Outlier per Diem $7,167.00. Add-on payment, and lesser of 100% of billed charges.",39336.69,,,,,,,Case Rate,"Medicare Base Rate times Standard Inpatient Weight. AMLOS + 5 Outlier per Diem $7,167.00. Add-on payment, and lesser of 100% of billed charges. AMLOS + 5 Outlier per Diem $7,167.00. Add-on payment, and lesser of 100% of billed charges.",,73,,,,,0,Percent of total billed charges,73 percent of charges.  ; No services were performed during the 15 month look back period.,14461.71,,,,,,,Case Rate,"Medicare Base Rate times Standard Inpatient Weight. 100 percent of Medicare DRG. Add-on payment,  . 100 percent of Medicare DRG. Add-on payment,  .",54075.92,,,,,,,Case Rate,"Medicare Base Rate times Standard Inpatient Weight. AMLOS + 5 Outlier per Diem $7,362.00. Add-on payment, and lesser of 100% of billed charges. AMLOS + 5 Outlier per Diem $7,362.00. Add-on payment, and lesser of 100% of billed charges.",54075.92,,,,,,,Case Rate,"Medicare Base Rate times Standard Inpatient Weight. AMLOS + 5 Outlier per Diem $7,362.00. Add-on payment, and lesser of 100% of billed charges. AMLOS + 5 Outlier per Diem $7,362.00. Add-on payment, and lesser of 100% of billed charges.",54075.92,,,,,,,Case Rate,"Medicare Base Rate times Standard Inpatient Weight. AMLOS + 5 Outlier per Diem $7,362.00. Add-on payment, and lesser of 100% of billed charges. AMLOS + 5 Outlier per Diem $7,362.00. Add-on payment, and lesser of 100% of billed charges.",14461.71,,,,,,,Case Rate,"Medicare Base Rate times Standard Inpatient Weight. 100 percent of Medicare DRG. Add-on payment,  . 100 percent of Medicare DRG. Add-on payment,  .",54075.92,,,,,,,Case Rate,"Medicare Base Rate times Standard Inpatient Weight. AMLOS + 5 Outlier per Diem $7,362.00. Add-on payment, and lesser of 100% of billed charges. AMLOS + 5 Outlier per Diem $7,362.00. Add-on payment, and lesser of 100% of billed charges.",54075.92,,,,,,,Case Rate,"Medicare Base Rate times Standard Inpatient Weight. AMLOS + 5 Outlier per Diem $7,362.00. Add-on payment, and lesser of 100% of billed charges. AMLOS + 5 Outlier per Diem $7,362.00. Add-on payment, and lesser of 100% of billed charges.",14461.71,,,,,,,Case Rate,"Medicare Base Rate times Standard Inpatient Weight. 100 percent of Medicare DRG. Add-on payment, and lesser of 100% of billed charges. 100 percent of Medicare DRG. Add-on payment, and lesser of 100% of billed charges.",7701,,,,,,,Per diem,"Paid once per date of service. Add-on payment, and lesser of 100% of billed charges. Add-on payment, and lesser of 100% of billed charges.",58434.55,,,,,,,Case Rate,"Medicare Base Rate times Standard Inpatient Weight. GMLOS + 6 Outlier per Diem $9,081.00 Add-on payment, and lesser of 100% of billed charges. GMLOS + 6 Outlier per Diem $9,081.00 Add-on payment, and lesser of 100% of billed charges.",58434.55,,,,,,,Case Rate,"Medicare Base Rate times Standard Inpatient Weight. GMLOS + 6 Outlier per Diem $9,081.00 Add-on payment, and lesser of 100% of billed charges. GMLOS + 6 Outlier per Diem $9,081.00 Add-on payment, and lesser of 100% of billed charges.",57561.13,,,,,,,Case Rate,"Medicare Base Rate times Standard Inpatient Weight. GMLOS + 6 Outlier per Diem $9,081.00 Add-on payment, and lesser of 100% of billed charges. GMLOS + 6 Outlier per Diem $9,081.00 Add-on payment, and lesser of 100% of billed charges.",64440.94,,,,,,,Case Rate,"Medicare Base Rate times Standard Inpatient Weight. GMLOS + 6 Outlier per Diem $9,081.00 Add-on payment, and lesser of 100% of billed charges. GMLOS + 6 Outlier per Diem $9,081.00 Add-on payment, and lesser of 100% of billed charges.",57561.13,,,,,,,Case Rate,"Medicare Base Rate times Standard Inpatient Weight. GMLOS + 6 Outlier per Diem $9,081.00 Add-on payment, and lesser of 100% of billed charges. GMLOS + 6 Outlier per Diem $9,081.00 Add-on payment, and lesser of 100% of billed charges.",58434.55,,,,,,,Case Rate,"Medicare Base Rate times Standard Inpatient Weight. GMLOS + 6 Outlier per Diem $9,081.00 Add-on payment, and lesser of 100% of billed charges. GMLOS + 6 Outlier per Diem $9,081.00 Add-on payment, and lesser of 100% of billed charges.",14461.71,,,,,,,Case Rate,"Medicare Base Rate times Standard Inpatient Weight. 100 percent of Medicare DRG. Add-on payment,  . 100 percent of Medicare DRG. Add-on payment,  .",14461.71,,,,,,,Case Rate,"Medicare Base Rate times Standard Inpatient Weight. 100 percent of Medicare DRG. Add-on payment,  . 100 percent of Medicare DRG. Add-on payment,  .",64440.94,,,,,,,Case Rate,"Medicare Base Rate times Standard Inpatient Weight. GMLOS + 6 Outlier per Diem $9,081.00 Add-on payment, and lesser of 100% of billed charges. GMLOS + 6 Outlier per Diem $9,081.00 Add-on payment, and lesser of 100% of billed charges.",,73,,,,,0,Percent of total billed charges,73 percent of charges.  ; No services were performed during the 15 month look back period.,,73,,,,,0,Percent of total billed charges,73 percent of charges.  ; No services were performed during the 15 month look back period.,,73,,,,,0,Percent of total billed charges,73 percent of charges.  ; No services were performed during the 15 month look back period.,,73,,,,,0,Percent of total billed charges,73 percent of charges.  ; No services were performed during the 15 month look back period.,,73,,,,,0,Percent of total billed charges,73 percent of charges.  ; No services were performed during the 15 month look back period.,,73,,,,,0,Percent of total billed charges,73 percent of charges.  ; No services were performed during the 15 month look back period.,,73,,,,,0,Percent of total billed charges,73 percent of charges.  ; No services were performed during the 15 month look back period.,,73,,,,,0,Percent of total billed charges,73 percent of charges.  ; No services were performed during the 15 month look back period.,,73,,,,,0,Percent of total billed charges,73 percent of charges.  ; No services were performed during the 15 month look back period.,,73,,,,,0,Percent of total billed charges,73 percent of charges.  ; No services were performed during the 15 month look back period.,,73,,,,,0,Percent of total billed charges,73 percent of charges.  ; No services were performed during the 15 month look back period.,,73,,,,,0,Percent of total billed charges,73 percent of charges.  ; No services were performed during the 15 month look back period.,,73,,,,,0,Percent of total billed charges,73 percent of charges.  ; No services were performed during the 15 month look back period.,,73,,,,,0,Percent of total billed charges,73 percent of charges.  ; No services were performed during the 15 month look back period.,,73,,,,,0,Percent of total billed charges,73 percent of charges.  ; No services were performed during the 15 month look back period.,,73,,,,,0,Percent of total billed charges,73 percent of charges.  ; No services were performed during the 15 month look back period.,,73,,,,,0,Percent of total billed charges,73 percent of charges.  ; No services were performed during the 15 month look back period.,,73,,,,,0,Percent of total billed charges,73 percent of charges.  ; No services were performed during the 15 month look back period.,,73,,,,,0,Percent of total billed charges,73 percent of charges.  ; No services were performed during the 15 month look back period.,,73,,,,,0,Percent of total billed charges,73 percent of charges.  ; No services were performed during the 15 month look back period.,,73,,,,,0,Percent of total billed charges,73 percent of charges.  ; No services were performed during the 15 month look back period.,,73,,,,,0,Percent of total billed charges,73 percent of charges.  ; No services were performed during the 15 month look back period.,,73,,,,,0,Percent of total billed charges,73 percent of charges.  ; No services were performed during the 15 month look back period.,,73,,,,,0,Percent of total billed charges,73 percent of charges.  ; No services were performed during the 15 month look back period.,,73,,,,,0,Percent of total billed charges,73 percent of charges.  ; No services were performed during the 15 month look back period.,,73,,,,,0,Percent of total billed charges,73 percent of charges.  ; No services were performed during the 15 month look back period.,3985,,,,,,,Per diem,". Add-on payment, and lesser of 100% of billed charges. Add-on payment, and lesser of 100% of billed charges.",3985,,,,,,,Per diem,". Add-on payment, and lesser of 100% of billed charges. Add-on payment, and lesser of 100% of billed charges.",3985,,,,,,,Per diem,". Add-on payment, and lesser of 100% of billed charges. Add-on payment, and lesser of 100% of billed charges.",3985,,,,,,,Per diem,". Add-on payment, and lesser of 100% of billed charges. Add-on payment, and lesser of 100% of billed charges.",41741.8,,,,,,,Case Rate,"Medicare Base Rate times Standard Inpatient Weight. Add-on payment, and lesser of 100% of billed charges. Add-on payment, and lesser of 100% of billed charges.",41741.8,,,,,,,Case Rate,"Medicare Base Rate times Standard Inpatient Weight. Add-on payment, and lesser of 100% of billed charges. Add-on payment, and lesser of 100% of billed charges.",41063.72,,,,,,,Case Rate,"Medicare Base Rate times Standard Inpatient Weight. Outlier (25+) per Diem $7,671.00. Add-on payment, and lesser of 100% of billed charges. Outlier (25+) per Diem $7,671.00. Add-on payment, and lesser of 100% of billed charges.",58434.55,,,,,,,Case Rate,"Medicare Base Rate times Standard Inpatient Weight. GMLOS + 6 Outlier per Diem $9,081.00 Add-on payment, and lesser of 100% of billed charges. GMLOS + 6 Outlier per Diem $9,081.00 Add-on payment, and lesser of 100% of billed charges.",54075.92,,,,,,,Case Rate,"Medicare Base Rate times Standard Inpatient Weight. AMLOS + 5 Outlier per Diem $7,362.00. Add-on payment, and lesser of 100% of billed charges. AMLOS + 5 Outlier per Diem $7,362.00. Add-on payment, and lesser of 100% of billed charges.",57561.13,,,,,,,Case Rate,"Medicare Base Rate times Standard Inpatient Weight. GMLOS + 6 Outlier per Diem $9,081.00 Add-on payment, and lesser of 100% of billed charges. GMLOS + 6 Outlier per Diem $9,081.00 Add-on payment, and lesser of 100% of billed charges.",,73,,,,,0,Percent of total billed charges,73 percent of charges.  ; No services were performed during the 15 month look back period.,41741.8,,,,,,,Case Rate,"Medicare Base Rate times Standard Inpatient Weight. Add-on payment, and lesser of 100% of billed charges. Add-on payment, and lesser of 100% of billed charges.",58434.55,,,,,,,Case Rate,"Medicare Base Rate times Standard Inpatient Weight. GMLOS + 6 Outlier per Diem $9,081.00 Add-on payment, and lesser of 100% of billed charges. GMLOS + 6 Outlier per Diem $9,081.00 Add-on payment, and lesser of 100% of billed charges.",54075.92,,,,,,,Case Rate,"Medicare Base Rate times Standard Inpatient Weight. AMLOS + 5 Outlier per Diem $7,362.00. Add-on payment, and lesser of 100% of billed charges. AMLOS + 5 Outlier per Diem $7,362.00. Add-on payment, and lesser of 100% of billed charges.",41063.72,,,,,,,Case Rate,"Medicare Base Rate times Standard Inpatient Weight. Outlier (25+) per Diem $7,671.00. Add-on payment, and lesser of 100% of billed charges. Outlier (25+) per Diem $7,671.00. Add-on payment, and lesser of 100% of billed charges.",,,,,,,,," ",,73,,,,,0,Percent of total billed charges,73 percent of charges.  ; No services were performed during the 15 month look back period.,,,,,,,,," ",3985,,,,,,,Per diem,". Add-on payment, and lesser of 100% of billed charges. Add-on payment, and lesser of 100% of billed charges.",,,,,,,,," ",14461.71,,,,,,,Case Rate,"Medicare Base Rate times Standard Inpatient Weight. 100 percent of Medicare DRG. Add-on payment, . 100 percent of Medicare DRG. Add-on payment, .",14461.71,,,,,,,Case Rate,"Medicare Base Rate times Standard Inpatient Weight. 100 percent of Medicare DRG. Add-on payment,  . 100 percent of Medicare DRG. Add-on payment,  .",7701,,,,,,,Per diem,"Paid once per date of service. Add-on payment, and lesser of 100% of billed charges. Add-on payment, and lesser of 100% of billed charges.",14461.71,,,,,,,Case Rate,"Medicare Base Rate times Standard Inpatient Weight. 100 percent of Medicare DRG. Add-on payment,  . 100 percent of Medicare DRG. Add-on payment,  .",14461.71,,,,,,,Case Rate,"Medicare Base Rate times Standard Inpatient Weight. 100 percent of Medicare DRG. Add-on payment,  . 100 percent of Medicare DRG. Add-on payment,  .",,,,,,,,," ",14461.71,,,,,,,Case Rate,"Medicare Base Rate times Standard Inpatient Weight. 100 percent of Medicare DRG. Add-on payment,  . 100 percent of Medicare DRG. Add-on payment,  .",14461.71,,,,,,,Case Rate,"Medicare Base Rate times Standard Inpatient Weight. 100 percent of Medicare DRG. Add-on payment,  . 100 percent of Medicare DRG. Add-on payment,  .",36924.51,,,,,,,Case Rate,"Medicare Base Rate times Standard Inpatient Weight. GMLOS + 8 Outlier per Diem $6,968.00. Add-on payment, and lesser of 100% of billed charges. GMLOS + 8 Outlier per Diem $6,968.00. Add-on payment, and lesser of 100% of billed charges.",36924.51,,,,,,,Case Rate,"Medicare Base Rate times Standard Inpatient Weight. GMLOS + 8 Outlier per Diem $6,968.00. Add-on payment, and lesser of 100% of billed charges. GMLOS + 8 Outlier per Diem $6,968.00. Add-on payment, and lesser of 100% of billed charges.",14461.71,,,,,,,Case Rate,"Medicare Base Rate times Standard Inpatient Weight. 100 percent of Medicare DRG. Add-on payment,  . 100 percent of Medicare DRG. Add-on payment,  .",41063.72,,,,,,,Case Rate,"Medicare Base Rate times Standard Inpatient Weight. Outlier (25+) per Diem $7,671.00. Add-on payment, and lesser of 100% of billed charges. Outlier (25+) per Diem $7,671.00. Add-on payment, and lesser of 100% of billed charges.",54075.92,,,,,,,Case Rate,"Medicare Base Rate times Standard Inpatient Weight. AMLOS + 5 Outlier per Diem $7,362.00. Add-on payment, and lesser of 100% of billed charges. AMLOS + 5 Outlier per Diem $7,362.00. Add-on payment, and lesser of 100% of billed charges.",54075.92,,,,,,,Case Rate,"Medicare Base Rate times Standard Inpatient Weight. AMLOS + 5 Outlier per Diem $7,362.00. Add-on payment, and lesser of 100% of billed charges. AMLOS + 5 Outlier per Diem $7,362.00. Add-on payment, and lesser of 100% of billed charges.",14461.71,,,,,,,Case Rate,"Medicare Base Rate times Standard Inpatient Weight. 100 percent of Medicare DRG. Add-on payment,  . 100 percent of Medicare DRG. Add-on payment,  .",41063.72,,,,,,,Case Rate,"Medicare Base Rate times Standard Inpatient Weight. Outlier (25+) per Diem $7,671.00. Add-on payment, and lesser of 100% of billed charges. Outlier (25+) per Diem $7,671.00. Add-on payment, and lesser of 100% of billed charges.",36924.51,,,,,,,Case Rate,"Medicare Base Rate times Standard Inpatient Weight. GMLOS + 8 Outlier per Diem $6,968.00. Add-on payment, and lesser of 100% of billed charges. GMLOS + 8 Outlier per Diem $6,968.00. Add-on payment, and lesser of 100% of billed charges.",36924.51,,,,,,,Case Rate,"Medicare Base Rate times Standard Inpatient Weight. GMLOS + 8 Outlier per Diem $6,968.00. Add-on payment, and lesser of 100% of billed charges. GMLOS + 8 Outlier per Diem $6,968.00. Add-on payment, and lesser of 100% of billed charges.",36924.51,,,,,,,Case Rate,"Medicare Base Rate times Standard Inpatient Weight. GMLOS + 8 Outlier per Diem $6,968.00. Add-on payment, and lesser of 100% of billed charges. GMLOS + 8 Outlier per Diem $6,968.00. Add-on payment, and lesser of 100% of billed charges.",,73,,,,,0,Percent of total billed charges,73 percent of charges.  ; No services were performed during the 15 month look back period.,,73,,,,,0,Percent of total billed charges,73 percent of charges.  ; No services were performed during the 15 month look back period.,,73,,,,,0,Percent of total billed charges,73 percent of charges.  ; No services were performed during the 15 month look back period.,,73,,,,,0,Percent of total billed charges,73 percent of charges.  ; No services were performed during the 15 month look back period.,,73,,,,,0,Percent of total billed charges,73 percent of charges.  ; No services were performed during the 15 month look back period.,,73,,,,,0,Percent of total billed charges,73 percent of charges.  ; No services were performed during the 15 month look back period.,,73,,,,,0,Percent of total billed charges,73 percent of charges.  ; No services were performed during the 15 month look back period.,,73,,,,,0,Percent of total billed charges,73 percent of charges.  ; No services were performed during the 15 month look back period.,,73,,,,,0,Percent of total billed charges,73 percent of charges.  ; No services were performed during the 15 month look back period.,,73,,,,,0,Percent of total billed charges,73 percent of charges.  ; No services were performed during the 15 month look back period.,,73,,,,,0,Percent of total billed charges,73 percent of charges.  ; No services were performed during the 15 month look back period.,41741.8,,,,,,,Case Rate,"Medicare Base Rate times Standard Inpatient Weight. Add-on payment, and lesser of 100% of billed charges. Add-on payment, and lesser of 100% of billed charges.",58434.55,,,,,,,Case Rate,"Medicare Base Rate times Standard Inpatient Weight. GMLOS + 6 Outlier per Diem $9,081.00 Add-on payment, and lesser of 100% of billed charges. GMLOS + 6 Outlier per Diem $9,081.00 Add-on payment, and lesser of 100% of billed charges.",41063.72,,,,,,,Case Rate,"Medicare Base Rate times Standard Inpatient Weight. Outlier (25+) per Diem $7,671.00. Add-on payment, and lesser of 100% of billed charges. Outlier (25+) per Diem $7,671.00. Add-on payment, and lesser of 100% of billed charges.",14461.71,,,,,,,Case Rate,"Medicare Base Rate times Standard Inpatient Weight. 100 percent of Medicare DRG. Add-on payment,  . 100 percent of Medicare DRG. Add-on payment,  .",36924.51,,,,,,,Case Rate,"Medicare Base Rate times Standard Inpatient Weight. GMLOS + 8 Outlier per Diem $6,968.00. Add-on payment, and lesser of 100% of billed charges. GMLOS + 8 Outlier per Diem $6,968.00. Add-on payment, and lesser of 100% of billed charges.",41063.72,,,,,,,Case Rate,"Medicare Base Rate times Standard Inpatient Weight. Outlier (25+) per Diem $7,671.00. Add-on payment, and lesser of 100% of billed charges. Outlier (25+) per Diem $7,671.00. Add-on payment, and lesser of 100% of billed charges.",41063.72,,,,,,,Case Rate,"Medicare Base Rate times Standard Inpatient Weight. Outlier (25+) per Diem $7,671.00. Add-on payment, and lesser of 100% of billed charges. Outlier (25+) per Diem $7,671.00. Add-on payment, and lesser of 100% of billed charges.",,73,,,,,0,Percent of total billed charges,73 percent of charges.  ; No services were performed during the 15 month look back period.,,,,,,,,," ",41063.72,,,,,,,Case Rate,"Medicare Base Rate times Standard Inpatient Weight. Outlier (25+) per Diem $7,671.00. Add-on payment, and lesser of 100% of billed charges. Outlier (25+) per Diem $7,671.00. Add-on payment, and lesser of 100% of billed charges.",,,,,,,,," ",14461.71,,,,,,,Case Rate,"Medicare Base Rate times Standard Inpatient Weight. 100 percent of Medicare DRG. Add-on payment,  . 100 percent of Medicare DRG. Add-on payment,  .",14461.71,,,,,,,Case Rate,"Medicare Base Rate times Standard Inpatient Weight. 100 percent of Medicare DRG. Add-on payment,  . 100 percent of Medicare DRG. Add-on payment,  .",14461.71,,,,,,,Case Rate,"Medicare Base Rate times Standard Inpatient Weight. 100 percent of Medicare DRG. Add-on payment,  . 100 percent of Medicare DRG. Add-on payment,  .",14461.71,,,,,,,Case Rate,"Medicare Base Rate times Standard Inpatient Weight. 100 percent of Medicare DRG. Add-on payment,  . 100 percent of Medicare DRG. Add-on payment,  .",14461.71,,,,,,,Case Rate,"Medicare Base Rate times Standard Inpatient Weight. 100 percent of Medicare DRG. Add-on payment,  . 100 percent of Medicare DRG. Add-on payment,  .",14461.71,,,,,,,Case Rate,"Medicare Base Rate times Standard Inpatient Weight. 100 percent of Medicare DRG. Add-on payment,  . 100 percent of Medicare DRG. Add-on payment,  .",41063.72,,,,,,,Case Rate,"Medicare Base Rate times Standard Inpatient Weight. Outlier (25+) per Diem $7,671.00. Add-on payment, and lesser of 100% of billed charges. Outlier (25+) per Diem $7,671.00. Add-on payment, and lesser of 100% of billed charges.",7701,,,,,,,Per diem,"Paid once per date of service. Add-on payment, and lesser of 100% of billed charges. Add-on payment, and lesser of 100% of billed charges.",,,,,,,,," ",,,,,,,,," ",,,,,,,,," ",,,,,,,,," ",,,,,,,,," ",,,,,,,,," ",7701,,,,,,,Per diem,"Paid once per date of service. Add-on payment, and lesser of 100% of billed charges. Add-on payment, and lesser of 100% of billed charges.",37744.81,,,,,,,Case Rate,. 200 percent of Medicare 200 percent of Medicare,37744.81,,,,,,,Case Rate,. 200 percent of Medicare 200 percent of Medicare,37744.81,,,,,,,Case Rate,. 200 percent of Medicare 200 percent of Medicare,37744.81,,,,,,,Case Rate,. 200 percent of Medicare 200 percent of Medicare,37744.81,,,,,,,Case Rate,. 200 percent of Medicare 200 percent of Medicare,14461.71,,,,,,,Case Rate,"Medicare Base Rate times Standard Inpatient Weight. 100 percent of Medicare DRG. Add-on payment,  . 100 percent of Medicare DRG. Add-on payment,  .",41741.8,,,,,,,Case Rate,"Medicare Base Rate times Standard Inpatient Weight. Add-on payment, and lesser of 100% of billed charges. Add-on payment, and lesser of 100% of billed charges.",41741.8,,,,,,,Case Rate,"Medicare Base Rate times Standard Inpatient Weight. Add-on payment, and lesser of 100% of billed charges. Add-on payment, and lesser of 100% of billed charges.",41741.8,,,,,,,Case Rate,"Medicare Base Rate times Standard Inpatient Weight. Add-on payment, and lesser of 100% of billed charges. Add-on payment, and lesser of 100% of billed charges.",41741.8,,,,,,,Case Rate,"Medicare Base Rate times Standard Inpatient Weight. Add-on payment, and lesser of 100% of billed charges. Add-on payment, and lesser of 100% of billed charges.",36924.51,,,,,,,Case Rate,"Medicare Base Rate times Standard Inpatient Weight. GMLOS + 8 Outlier per Diem $6,968.00. Add-on payment, and lesser of 100% of billed charges. GMLOS + 8 Outlier per Diem $6,968.00. Add-on payment, and lesser of 100% of billed charges.",36924.51,,,,,,,Case Rate,"Medicare Base Rate times Standard Inpatient Weight. GMLOS + 8 Outlier per Diem $6,968.00. Add-on payment, and lesser of 100% of billed charges. GMLOS + 8 Outlier per Diem $6,968.00. Add-on payment, and lesser of 100% of billed charges.",36924.51,,,,,,,Case Rate,"Medicare Base Rate times Standard Inpatient Weight. GMLOS + 8 Outlier per Diem $6,968.00. Add-on payment, and lesser of 100% of billed charges. GMLOS + 8 Outlier per Diem $6,968.00. Add-on payment, and lesser of 100% of billed charges.",36924.51,,,,,,,Case Rate,"Medicare Base Rate times Standard Inpatient Weight. GMLOS + 8 Outlier per Diem $6,968.00. Add-on payment, and lesser of 100% of billed charges. GMLOS + 8 Outlier per Diem $6,968.00. Add-on payment, and lesser of 100% of billed charges.",7701,,,,,,,Per diem,"Paid once per date of service. Add-on payment, and lesser of 100% of billed charges. Add-on payment, and lesser of 100% of billed charges.",7701,,,,,,,Per diem,"Paid once per date of service. Add-on payment, and lesser of 100% of billed charges. Add-on payment, and lesser of 100% of billed charges.",14461.71,,,,,,,Case Rate,"Medicare Base Rate times Standard Inpatient Weight. 100 percent of Medicare DRG. Add-on payment,  . 100 percent of Medicare DRG. Add-on payment,  .",14461.71,,,,,,,Case Rate,"Medicare Base Rate times Standard Inpatient Weight. 100 percent of Medicare DRG. Add-on payment,  . 100 percent of Medicare DRG. Add-on payment,  .",14461.71,,,,,,,Case Rate,"Medicare Base Rate times Standard Inpatient Weight. 100 percent of Medicare DRG. Add-on payment,  . 100 percent of Medicare DRG. Add-on payment,  .",58434.55,,,,,,,Case Rate,"Medicare Base Rate times Standard Inpatient Weight. GMLOS + 6 Outlier per Diem $9,081.00 Add-on payment, and lesser of 100% of billed charges. GMLOS + 6 Outlier per Diem $9,081.00 Add-on payment, and lesser of 100% of billed charges.",58434.55,,,,,,,Case Rate,"Medicare Base Rate times Standard Inpatient Weight. GMLOS + 6 Outlier per Diem $9,081.00 Add-on payment, and lesser of 100% of billed charges. GMLOS + 6 Outlier per Diem $9,081.00 Add-on payment, and lesser of 100% of billed charges.",58434.55,,,,,,,Case Rate,"Medicare Base Rate times Standard Inpatient Weight. GMLOS + 6 Outlier per Diem $9,081.00 Add-on payment, and lesser of 100% of billed charges. GMLOS + 6 Outlier per Diem $9,081.00 Add-on payment, and lesser of 100% of billed charges.",7701,,,,,,,Per diem,"Paid once per date of service. Add-on payment, and lesser of 100% of billed charges. Add-on payment, and lesser of 100% of billed charges.",36924.51,,,,,,,Case Rate,"Medicare Base Rate times Standard Inpatient Weight. GMLOS + 8 Outlier per Diem $6,968.00. Add-on payment, and lesser of 100% of billed charges. GMLOS + 8 Outlier per Diem $6,968.00. Add-on payment, and lesser of 100% of billed charges.",14461.71,,,,,,,Case Rate,"Medicare Base Rate times Standard Inpatient Weight. 100 percent of Medicare DRG. Add-on payment,  . 100 percent of Medicare DRG. Add-on payment,  .",57561.13,,,,,,,Case Rate,"Medicare Base Rate times Standard Inpatient Weight. GMLOS + 6 Outlier per Diem $9,081.00 Add-on payment, and lesser of 100% of billed charges. GMLOS + 6 Outlier per Diem $9,081.00 Add-on payment, and lesser of 100% of billed charges.",,,,,,,,," ",14750.94,,,,,,,Case Rate,"Medicare Base Rate times Standard Inpatient Weight. 100 percent of Medicare DRG. Add-on payment, and lesser of 100% of billed charges. 100 percent of Medicare DRG. Add-on payment, and lesser of 100% of billed charges.",14750.94,,,,,,,Case Rate,"Medicare Base Rate times Standard Inpatient Weight. 100 percent of Medicare DRG. Add-on payment, and lesser of 100% of billed charges. 100 percent of Medicare DRG. Add-on payment, and lesser of 100% of billed charges.",14750.94,,,,,,,Case Rate,"Medicare Base Rate times Standard Inpatient Weight. 100 percent of Medicare DRG. Add-on payment, and lesser of 100% of billed charges. 100 percent of Medicare DRG. Add-on payment, and lesser of 100% of billed charges.",,,,,,,,," ",,,,,,,,," ",,,,,,,,," ",,,,,,,,," ",,,,,,,,," ",,,,,,,,," ",14750.94,,,,,,,Case Rate,"Medicare Base Rate times Standard Inpatient Weight. 100 percent of Medicare DRG. Add-on payment, and lesser of 100% of billed charges. 100 percent of Medicare DRG. Add-on payment, and lesser of 100% of billed charges.",,,,,,,,," ",,,,,,,,," ",,,,,,,,," ",,,,,,,,," ",,,,,,,,," ",,,,,,,,," ",,,,,,,,," ",14461.71,,,,,,,Case Rate,"Medicare Base Rate times Standard Inpatient Weight. 100 percent of Medicare DRG. Add-on payment,  . 100 percent of Medicare DRG. Add-on payment,  .",14461.71,,,,,,,Case Rate,"Medicare Base Rate times Standard Inpatient Weight. 100 percent of Medicare DRG. Add-on payment,  . 100 percent of Medicare DRG. Add-on payment,  .",36924.51,,,,,,,Case Rate,"Medicare Base Rate times Standard Inpatient Weight. GMLOS + 8 Outlier per Diem $6,968.00. Add-on payment, and lesser of 100% of billed charges. GMLOS + 8 Outlier per Diem $6,968.00. Add-on payment, and lesser of 100% of billed charges.",14461.71,,,,,,,Case Rate,"Medicare Base Rate times Standard Inpatient Weight. 100 percent of Medicare DRG. Add-on payment,  . 100 percent of Medicare DRG. Add-on payment,  .",,,,,,,,," ",,,,,,,,," ",,,,,,,,," ",,,,,,,,," ",,,,,,,,," ",,,,,,,,," ",,,,,,,,," ",,,,,,,,," ",,,,,,,,," ",,,,,,,,," ",,,,,,,,," ",7701,,,,,,,Per diem,"Paid once per date of service. Add-on payment, and lesser of 100% of billed charges. Add-on payment, and lesser of 100% of billed charges.",,,,,,,,," ",,,,,,,,," ",,,,,,,,," ",,,,,,,,," ",58434.55,,,,,,,Case Rate,"Medicare Base Rate times Standard Inpatient Weight. GMLOS + 6 Outlier per Diem $9,081.00 Add-on payment, and lesser of 100% of billed charges. GMLOS + 6 Outlier per Diem $9,081.00 Add-on payment, and lesser of 100% of billed charges.",57561.13,,,,,,,Case Rate,"Medicare Base Rate times Standard Inpatient Weight. GMLOS + 6 Outlier per Diem $9,081.00 Add-on payment, and lesser of 100% of billed charges. GMLOS + 6 Outlier per Diem $9,081.00 Add-on payment, and lesser of 100% of billed charges.",14461.71,,,,,,,Case Rate,"Medicare Base Rate times Standard Inpatient Weight. 100 percent of Medicare DRG. Add-on payment,  . 100 percent of Medicare DRG. Add-on payment,  .",57561.13,,,,,,,Case Rate,"Medicare Base Rate times Standard Inpatient Weight. GMLOS + 6 Outlier per Diem $9,081.00 Add-on payment, and lesser of 100% of billed charges. GMLOS + 6 Outlier per Diem $9,081.00 Add-on payment, and lesser of 100% of billed charges.",58434.55,,,,,,,Case Rate,"Medicare Base Rate times Standard Inpatient Weight. GMLOS + 6 Outlier per Diem $9,081.00 Add-on payment, and lesser of 100% of billed charges. GMLOS + 6 Outlier per Diem $9,081.00 Add-on payment, and lesser of 100% of billed charges.",58434.55,,,,,,,Case Rate,"Medicare Base Rate times Standard Inpatient Weight. GMLOS + 6 Outlier per Diem $9,081.00 Add-on payment, and lesser of 100% of billed charges. GMLOS + 6 Outlier per Diem $9,081.00 Add-on payment, and lesser of 100% of billed charges.",57561.13,,,,,,,Case Rate,"Medicare Base Rate times Standard Inpatient Weight. GMLOS + 6 Outlier per Diem $9,081.00 Add-on payment, and lesser of 100% of billed charges. GMLOS + 6 Outlier per Diem $9,081.00 Add-on payment, and lesser of 100% of billed charges.",14461.71,,,,,,,Case Rate,"Medicare Base Rate times Standard Inpatient Weight. 100 percent of Medicare DRG. Add-on payment,  . 100 percent of Medicare DRG. Add-on payment,  .",57561.13,,,,,,,Case Rate,"Medicare Base Rate times Standard Inpatient Weight. GMLOS + 6 Outlier per Diem $9,081.00 Add-on payment, and lesser of 100% of billed charges. GMLOS + 6 Outlier per Diem $9,081.00 Add-on payment, and lesser of 100% of billed charges.",58434.55,,,,,,,Case Rate,"Medicare Base Rate times Standard Inpatient Weight. GMLOS + 6 Outlier per Diem $9,081.00 Add-on payment, and lesser of 100% of billed charges. GMLOS + 6 Outlier per Diem $9,081.00 Add-on payment, and lesser of 100% of billed charges.",36924.51,,,,,,,Case Rate,"Medicare Base Rate times Standard Inpatient Weight. GMLOS + 8 Outlier per Diem $6,968.00. Add-on payment, and lesser of 100% of billed charges. GMLOS + 8 Outlier per Diem $6,968.00. Add-on payment, and lesser of 100% of billed charges.",,,,,,,,," ",,,,,,,,," ",,,,,,,,," ",,,,,,,,," ",,,,,,,,," ",,,,,,,,," ",,,,,,,,," ",,,,,,,,," ",,,,,,,,," ",,,,,,,,," ",,,,,,,,," ",,,,,,,,," ",,,,,,,,," ",,,,,,,,," ",41063.72,,,,,,,Case Rate,"Medicare Base Rate times Standard Inpatient Weight. Outlier (25+) per Diem $7,671.00. Add-on payment, and lesser of 100% of billed charges. Outlier (25+) per Diem $7,671.00. Add-on payment, and lesser of 100% of billed charges.",,,,,,,,," ",14461.71,,,,,,,Case Rate,"Medicare Base Rate times Standard Inpatient Weight. 100 percent of Medicare DRG. Add-on payment,  . 100 percent of Medicare DRG. Add-on payment,  .",1846,,,,,,,Per diem,Paid once per date of service. Multiplier of 1.2 per diem for patients in CARE brain rehab units Multiplier of 1.2 per diem for patients in CARE brain rehab units,14461.71,,,,,,,Case Rate,"Medicare Base Rate times Standard Inpatient Weight. 100 percent of Medicare DRG. Add-on payment,  . 100 percent of Medicare DRG. Add-on payment,  .",14461.71,,,,,,,Case Rate,"Medicare Base Rate times Standard Inpatient Weight. 100 percent of Medicare DRG. Add-on payment,  . 100 percent of Medicare DRG. Add-on payment,  .",,,,,,,,," ",,,,,,,,," ",,,,,,,,," ",,,,,,,,," ",,,,,,,,," ",3388,,,,,,,Per diem,". Add-on payment, and lesser of 100% of billed charges. Add-on payment, and lesser of 100% of billed charges.",36924.51,,,,,,,Case Rate,"Medicare Base Rate times Standard Inpatient Weight. GMLOS + 8 Outlier per Diem $6,968.00. Add-on payment, and lesser of 100% of billed charges. GMLOS + 8 Outlier per Diem $6,968.00. Add-on payment, and lesser of 100% of billed charges.",3985,,,,,,,Per diem,". Add-on payment, and lesser of 100% of billed charges. Add-on payment, and lesser of 100% of billed charges.",41063.72,,,,,,,Case Rate,"Medicare Base Rate times Standard Inpatient Weight. Outlier (25+) per Diem $7,671.00. Add-on payment, and lesser of 100% of billed charges. Outlier (25+) per Diem $7,671.00. Add-on payment, and lesser of 100% of billed charges.",14461.71,,,,,,,Case Rate,"Medicare Base Rate times Standard Inpatient Weight. 100 percent of Medicare DRG. Add-on payment, . 100 percent of Medicare DRG. Add-on payment, .",14461.71,,,,,,,Case Rate,"Medicare Base Rate times Standard Inpatient Weight. 100 percent of Medicare DRG. Add-on payment,  . 100 percent of Medicare DRG. Add-on payment,  .",14461.71,,,,,,,Case Rate,"Medicare Base Rate times Standard Inpatient Weight. 100 percent of Medicare DRG. Add-on payment,  . 100 percent of Medicare DRG. Add-on payment,  .",14461.71,,,,,,,Case Rate,"Medicare Base Rate times Standard Inpatient Weight. 100 percent of Medicare DRG. Add-on payment,  . 100 percent of Medicare DRG. Add-on payment,  .",14461.71,,,,,,,Case Rate,"Medicare Base Rate times Standard Inpatient Weight. 100 percent of Medicare DRG. Add-on payment, . 100 percent of Medicare DRG. Add-on payment, .",14461.71,,,,,,,Case Rate,"Medicare Base Rate times Standard Inpatient Weight. 100 percent of Medicare DRG. Add-on payment,  . 100 percent of Medicare DRG. Add-on payment,  .",,,,,,,,," ",,,,,,,,," ",,,,,,,,," ",58434.55,,,,,,,Case Rate,"Medicare Base Rate times Standard Inpatient Weight. GMLOS + 6 Outlier per Diem $9,081.00 Add-on payment, and lesser of 100% of billed charges. GMLOS + 6 Outlier per Diem $9,081.00 Add-on payment, and lesser of 100% of billed charges.",3388,,,,,,,Per diem,". Add-on payment, and lesser of 100% of billed charges. Add-on payment, and lesser of 100% of billed charges.",3388,,,,,,,Per diem,". Add-on payment, and lesser of 100% of billed charges. Add-on payment, and lesser of 100% of billed charges.",3388,,,,,,,Per diem,". Add-on payment, and lesser of 100% of billed charges. Add-on payment, and lesser of 100% of billed charges.",3388,,,,,,,Per diem,". Add-on payment, and lesser of 100% of billed charges. Add-on payment, and lesser of 100% of billed charges.",14461.71,,,,,,,Case Rate,"Medicare Base Rate times Standard Inpatient Weight. 100 percent of Medicare DRG. Add-on payment,  . 100 percent of Medicare DRG. Add-on payment,  .",,,,,,,,," ",58434.55,,,,,,,Case Rate,"Medicare Base Rate times Standard Inpatient Weight. GMLOS + 6 Outlier per Diem $9,081.00 Add-on payment, and lesser of 100% of billed charges. GMLOS + 6 Outlier per Diem $9,081.00 Add-on payment, and lesser of 100% of billed charges.",,,,,,,,," ",14461.71,,,,,,,Case Rate,"Medicare Base Rate times Standard Inpatient Weight. 100 percent of Medicare DRG. Add-on payment,  . 100 percent of Medicare DRG. Add-on payment,  .",,,,,,,,," ",14461.71,,,,,,,Case Rate,"Medicare Base Rate times Standard Inpatient Weight. 100 percent of Medicare DRG. Add-on payment,  . 100 percent of Medicare DRG. Add-on payment,  .",14461.71,,,,,,,Case Rate,"Medicare Base Rate times Standard Inpatient Weight. 100 percent of Medicare DRG. Add-on payment,  . 100 percent of Medicare DRG. Add-on payment,  .",,,,,,,,," ",,,,,,,,," ",3388,,,,,,,Per diem,". Add-on payment, and lesser of 100% of billed charges. Add-on payment, and lesser of 100% of billed charges.",41063.72,,,,,,,Case Rate,"Medicare Base Rate times Standard Inpatient Weight. Outlier (25+) per Diem $7,671.00. Add-on payment, and lesser of 100% of billed charges. Outlier (25+) per Diem $7,671.00. Add-on payment, and lesser of 100% of billed charges.",,73,,,,,0,Percent of total billed charges,73 percent of charges.  ; No services were performed during the 15 month look back period.,54075.92,,,,,,,Case Rate,"Medicare Base Rate times Standard Inpatient Weight. AMLOS + 5 Outlier per Diem $7,362.00. Add-on payment, and lesser of 100% of billed charges. AMLOS + 5 Outlier per Diem $7,362.00. Add-on payment, and lesser of 100% of billed charges.",54075.92,,,,,,,Case Rate,"Medicare Base Rate times Standard Inpatient Weight. AMLOS + 5 Outlier per Diem $7,362.00. Add-on payment, and lesser of 100% of billed charges. AMLOS + 5 Outlier per Diem $7,362.00. Add-on payment, and lesser of 100% of billed charges.",36924.51,,,,,,,Case Rate,"Medicare Base Rate times Standard Inpatient Weight. GMLOS + 8 Outlier per Diem $6,968.00. Add-on payment, and lesser of 100% of billed charges. GMLOS + 8 Outlier per Diem $6,968.00. Add-on payment, and lesser of 100% of billed charges.",13449.39,,,,,,,Case Rate,"Medicare Base Rate times Standard Inpatient Weight. 93 percent of Medicare DRG. Add-on payment, and lesser of 100% of billed charges. 93 percent of Medicare DRG. Add-on payment, and lesser of 100% of billed charges.",41741.8,,,,,,,Case Rate,"Medicare Base Rate times Standard Inpatient Weight. Add-on payment, and lesser of 100% of billed charges. Add-on payment, and lesser of 100% of billed charges.",41741.8,,,,,,,Case Rate,"Medicare Base Rate times Standard Inpatient Weight. Add-on payment, and lesser of 100% of billed charges. Add-on payment, and lesser of 100% of billed charges.",46049.47,,,,,,,Case Rate,"Medicare Base Rate times Standard Inpatient Weight. GMLOS + 6 Outlier per Diem $7,265.00 Add-on payment, and lesser of 100% of billed charges. GMLOS + 6 Outlier per Diem $7,265.00 Add-on payment, and lesser of 100% of billed charges.",58434.55,,,,,,,Case Rate,"Medicare Base Rate times Standard Inpatient Weight. GMLOS + 6 Outlier per Diem $9,081.00 Add-on payment, and lesser of 100% of billed charges. GMLOS + 6 Outlier per Diem $9,081.00 Add-on payment, and lesser of 100% of billed charges.",14461.71,,,,,,,Case Rate,"Medicare Base Rate times Standard Inpatient Weight. 100 percent of Medicare DRG. Add-on payment,  . 100 percent of Medicare DRG. Add-on payment,  .",14461.71,,,,,,,Case Rate,"Medicare Base Rate times Standard Inpatient Weight. 100 percent of Medicare DRG. Add-on payment,  . 100 percent of Medicare DRG. Add-on payment,  .",14461.71,,,,,,,Case Rate,"Medicare Base Rate times Standard Inpatient Weight. 100 percent of Medicare DRG. Add-on payment,  . 100 percent of Medicare DRG. Add-on payment,  .",14461.71,,,,,,,Case Rate,"Medicare Base Rate times Standard Inpatient Weight. 100 percent of Medicare DRG. Add-on payment,  . 100 percent of Medicare DRG. Add-on payment,  .",54075.92,,,,,,,Case Rate,"Medicare Base Rate times Standard Inpatient Weight. AMLOS + 5 Outlier per Diem $7,362.00. Add-on payment, and lesser of 100% of billed charges. AMLOS + 5 Outlier per Diem $7,362.00. Add-on payment, and lesser of 100% of billed charges.",58434.55,,,,,,,Case Rate,"Medicare Base Rate times Standard Inpatient Weight. GMLOS + 6 Outlier per Diem $9,081.00 Add-on payment, and lesser of 100% of billed charges. GMLOS + 6 Outlier per Diem $9,081.00 Add-on payment, and lesser of 100% of billed charges.",58434.55,,,,,,,Case Rate,"Medicare Base Rate times Standard Inpatient Weight. GMLOS + 6 Outlier per Diem $9,081.00 Add-on payment, and lesser of 100% of billed charges. GMLOS + 6 Outlier per Diem $9,081.00 Add-on payment, and lesser of 100% of billed charges.",14461.71,,,,,,,Case Rate,"Medicare Base Rate times Standard Inpatient Weight. 100 percent of Medicare DRG. Add-on payment,  . 100 percent of Medicare DRG. Add-on payment,  .",46049.47,,,,,,,Case Rate,"Medicare Base Rate times Standard Inpatient Weight. GMLOS + 6 Outlier per Diem $7,265.00 Add-on payment, and lesser of 100% of billed charges. GMLOS + 6 Outlier per Diem $7,265.00 Add-on payment, and lesser of 100% of billed charges.",3985,,,,,,,Per diem,". Add-on payment, and lesser of 100% of billed charges. Add-on payment, and lesser of 100% of billed charges.",,,,,,,,," ",,,,,,,,," ",3388,,,,,,,Per diem,". Add-on payment, and lesser of 100% of billed charges. Add-on payment, and lesser of 100% of billed charges.",51805.3,,,,,,,Case Rate,"Medicare Base Rate times Standard Inpatient Weight. GMLOS + 6 Outlier per Diem $8,173.00 Add-on payment, and lesser of 100% of billed charges. GMLOS + 6 Outlier per Diem $8,173.00 Add-on payment, and lesser of 100% of billed charges.",58434.55,,,,,,,Case Rate,"Medicare Base Rate times Standard Inpatient Weight. GMLOS + 6 Outlier per Diem $9,081.00 Add-on payment, and lesser of 100% of billed charges. GMLOS + 6 Outlier per Diem $9,081.00 Add-on payment, and lesser of 100% of billed charges.",58434.55,,,,,,,Case Rate,"Medicare Base Rate times Standard Inpatient Weight. GMLOS + 6 Outlier per Diem $9,081.00 Add-on payment, and lesser of 100% of billed charges. GMLOS + 6 Outlier per Diem $9,081.00 Add-on payment, and lesser of 100% of billed charges.",5306,,,,,,,Per diem,"Paid once per date of service. Add-on payment, and lesser of 100% of billed charges. Add-on payment, and lesser of 100% of billed charges.",14461.71,,,,,,,Case Rate,"Medicare Base Rate times Standard Inpatient Weight. 100 percent of Medicare DRG. Add-on payment, . 100 percent of Medicare DRG. Add-on payment, .",,,,,,,,," ",,,,,,,,," ",,,,,,,,," ",,,,,,,,," ",54075.92,,,,,,,Case Rate,"Medicare Base Rate times Standard Inpatient Weight. AMLOS + 5 Outlier per Diem $7,362.00. Add-on payment, and lesser of 100% of billed charges. AMLOS + 5 Outlier per Diem $7,362.00. Add-on payment, and lesser of 100% of billed charges.",,,,,,,,," ",,,,,,,,," ",,,,,,,,," ",,,,,,,,," ",,,,,,,,," ",,,,,,,,," ",,,,,,,,," ",14461.71,,,,,,,Case Rate,"Medicare Base Rate times Standard Inpatient Weight. 100 percent of Medicare DRG. Add-on payment,  . 100 percent of Medicare DRG. Add-on payment,  .",54075.92,,,,,,,Case Rate,"Medicare Base Rate times Standard Inpatient Weight. AMLOS + 5 Outlier per Diem $7,362.00. Add-on payment, and lesser of 100% of billed charges. AMLOS + 5 Outlier per Diem $7,362.00. Add-on payment, and lesser of 100% of billed charges.",14461.71,,,,,,,Case Rate,"Medicare Base Rate times Standard Inpatient Weight. 100 percent of Medicare DRG. Add-on payment,  . 100 percent of Medicare DRG. Add-on payment,  .",,,,,,,,," ",58434.55,,,,,,,Case Rate,"Medicare Base Rate times Standard Inpatient Weight. GMLOS + 6 Outlier per Diem $9,081.00 Add-on payment, and lesser of 100% of billed charges. GMLOS + 6 Outlier per Diem $9,081.00 Add-on payment, and lesser of 100% of billed charges.",14461.71,,,,,,,Case Rate,"Medicare Base Rate times Standard Inpatient Weight. 100 percent of Medicare DRG. Add-on payment,  . 100 percent of Medicare DRG. Add-on payment,  .",58434.55,,,,,,,Case Rate,"Medicare Base Rate times Standard Inpatient Weight. GMLOS + 6 Outlier per Diem $9,081.00 Add-on payment, and lesser of 100% of billed charges. GMLOS + 6 Outlier per Diem $9,081.00 Add-on payment, and lesser of 100% of billed charges.",58434.55,,,,,,,Case Rate,"Medicare Base Rate times Standard Inpatient Weight. GMLOS + 6 Outlier per Diem $9,081.00 Add-on payment, and lesser of 100% of billed charges. GMLOS + 6 Outlier per Diem $9,081.00 Add-on payment, and lesser of 100% of billed charges.",58434.55,,,,,,,Case Rate,"Medicare Base Rate times Standard Inpatient Weight. GMLOS + 6 Outlier per Diem $9,081.00 Add-on payment, and lesser of 100% of billed charges. GMLOS + 6 Outlier per Diem $9,081.00 Add-on payment, and lesser of 100% of billed charges.",,,,,,,,," ",14461.71,,,,,,,Case Rate,"Medicare Base Rate times Standard Inpatient Weight. 100 percent of Medicare DRG. Add-on payment,  . 100 percent of Medicare DRG. Add-on payment,  .",58434.55,,,,,,,Case Rate,"Medicare Base Rate times Standard Inpatient Weight. GMLOS + 6 Outlier per Diem $9,081.00 Add-on payment, and lesser of 100% of billed charges. GMLOS + 6 Outlier per Diem $9,081.00 Add-on payment, and lesser of 100% of billed charges.",,,,,,,,," ",58434.55,,,,,,,Case Rate,"Medicare Base Rate times Standard Inpatient Weight. GMLOS + 6 Outlier per Diem $9,081.00 Add-on payment, and lesser of 100% of billed charges. GMLOS + 6 Outlier per Diem $9,081.00 Add-on payment, and lesser of 100% of billed charges.",15184.79,,,,,,,Case Rate,"105% of the Diagnostic Related Group fee schedule established by CMS for Medicare in force as of the date of payment.. Delay in Discharge per diem $4,007 Delay in Discharge per diem $4,007",14461.71,,,,,,,Case Rate,"Medicare Base Rate times Standard Inpatient Weight. 100 percent of Medicare DRG. Add-on payment, . 100 percent of Medicare DRG. Add-on payment, .",3388,,,,,,,Per diem,". Add-on payment, and lesser of 100% of billed charges. Add-on payment, and lesser of 100% of billed charges.",3388,,,,,,,Per diem,". Add-on payment, and lesser of 100% of billed charges. Add-on payment, and lesser of 100% of billed charges.",3388,,,,,,,Per diem,". Add-on payment, and lesser of 100% of billed charges. Add-on payment, and lesser of 100% of billed charges.",3388,,,,,,,Per diem,". Add-on payment, and lesser of 100% of billed charges. Add-on payment, and lesser of 100% of billed charges.",3388,,,,,,,Per diem,". Add-on payment, and lesser of 100% of billed charges. Add-on payment, and lesser of 100% of billed charges.",3985,,,,,,,Per diem,". Add-on payment, and lesser of 100% of billed charges. Add-on payment, and lesser of 100% of billed charges.",3985,,,,,,,Per diem,". Add-on payment, and lesser of 100% of billed charges. Add-on payment, and lesser of 100% of billed charges.",3388,,,,,,,Per diem,". Add-on payment, and lesser of 100% of billed charges. Add-on payment, and lesser of 100% of billed charges.",3388,,,,,,,Per diem,". Add-on payment, and lesser of 100% of billed charges. Add-on payment, and lesser of 100% of billed charges.",3388,,,,,,,Per diem,". Add-on payment, and lesser of 100% of billed charges. Add-on payment, and lesser of 100% of billed charges.",3388,,,,,,,Per diem,". Add-on payment, and lesser of 100% of billed charges. Add-on payment, and lesser of 100% of billed charges.",3388,,,,,,,Per diem,". Add-on payment, and lesser of 100% of billed charges. Add-on payment, and lesser of 100% of billed charges.",14461.71,,,,,,,Case Rate,"Medicare Base Rate times Standard Inpatient Weight. 100 percent of Medicare DRG. Add-on payment,  . 100 percent of Medicare DRG. Add-on payment,  .",3985,,,,,,,Per diem,". Add-on payment, and lesser of 100% of billed charges. Add-on payment, and lesser of 100% of billed charges.",14461.71,,,,,,,Case Rate,"Medicare Base Rate times Standard Inpatient Weight. 100 percent of Medicare DRG. Add-on payment,  . 100 percent of Medicare DRG. Add-on payment,  .",,,,,,,,," ",,,,,,,,," ",54075.92,,,,,,,Case Rate,"Medicare Base Rate times Standard Inpatient Weight. AMLOS + 5 Outlier per Diem $7,362.00. Add-on payment, and lesser of 100% of billed charges. AMLOS + 5 Outlier per Diem $7,362.00. Add-on payment, and lesser of 100% of billed charges.",54075.92,,,,,,,Case Rate,"Medicare Base Rate times Standard Inpatient Weight. AMLOS + 5 Outlier per Diem $7,362.00. Add-on payment, and lesser of 100% of billed charges. AMLOS + 5 Outlier per Diem $7,362.00. Add-on payment, and lesser of 100% of billed charges.",14461.71,,,,,,,Case Rate,"Medicare Base Rate times Standard Inpatient Weight. 100 percent of Medicare DRG. Add-on payment,  . 100 percent of Medicare DRG. Add-on payment,  .",41741.8,,,,,,,Case Rate,"Medicare Base Rate times Standard Inpatient Weight. Add-on payment, and lesser of 100% of billed charges. Add-on payment, and lesser of 100% of billed charges.",14461.71,,,,,,,Case Rate,"Medicare Base Rate times Standard Inpatient Weight. 100 percent of Medicare DRG. Add-on payment,  . 100 percent of Medicare DRG. Add-on payment,  .",14461.71,,,,,,,Case Rate,"Medicare Base Rate times Standard Inpatient Weight. 100 percent of Medicare DRG. Add-on payment,  . 100 percent of Medicare DRG. Add-on payment,  .",36924.51,,,,,,,Case Rate,"Medicare Base Rate times Standard Inpatient Weight. GMLOS + 8 Outlier per Diem $6,968.00. Add-on payment, and lesser of 100% of billed charges. GMLOS + 8 Outlier per Diem $6,968.00. Add-on payment, and lesser of 100% of billed charges.",14461.71,,,,,,,Case Rate,"Medicare Base Rate times Standard Inpatient Weight. 100 percent of Medicare DRG. Add-on payment,  . 100 percent of Medicare DRG. Add-on payment,  .",41063.72,,,,,,,Case Rate,"Medicare Base Rate times Standard Inpatient Weight. Outlier (25+) per Diem $7,671.00. Add-on payment, and lesser of 100% of billed charges. Outlier (25+) per Diem $7,671.00. Add-on payment, and lesser of 100% of billed charges.",14461.71,,,,,,,Case Rate,"Medicare Base Rate times Standard Inpatient Weight. 100 percent of Medicare DRG. Add-on payment,  . 100 percent of Medicare DRG. Add-on payment,  .",41063.72,,,,,,,Case Rate,"Medicare Base Rate times Standard Inpatient Weight. Outlier (25+) per Diem $7,671.00. Add-on payment, and lesser of 100% of billed charges. Outlier (25+) per Diem $7,671.00. Add-on payment, and lesser of 100% of billed charges.",36924.51,,,,,,,Case Rate,"Medicare Base Rate times Standard Inpatient Weight. GMLOS + 8 Outlier per Diem $6,968.00. Add-on payment, and lesser of 100% of billed charges. GMLOS + 8 Outlier per Diem $6,968.00. Add-on payment, and lesser of 100% of billed charges.",41063.72,,,,,,,Case Rate,"Medicare Base Rate times Standard Inpatient Weight. Outlier (25+) per Diem $7,671.00. Add-on payment, and lesser of 100% of billed charges. Outlier (25+) per Diem $7,671.00. Add-on payment, and lesser of 100% of billed charges.",14461.71,,,,,,,Case Rate,"Medicare Base Rate times Standard Inpatient Weight. 100 percent of Medicare DRG. Add-on payment,  . 100 percent of Medicare DRG. Add-on payment,  .",,,,,,,,," ",14461.71,,,,,,,Case Rate,"Medicare Base Rate times Standard Inpatient Weight. 100 percent of Medicare DRG. Add-on payment,  . 100 percent of Medicare DRG. Add-on payment,  .",41063.72,,,,,,,Case Rate,"Medicare Base Rate times Standard Inpatient Weight. Outlier (25+) per Diem $7,671.00. Add-on payment, and lesser of 100% of billed charges. Outlier (25+) per Diem $7,671.00. Add-on payment, and lesser of 100% of billed charges.",54075.92,,,,,,,Case Rate,"Medicare Base Rate times Standard Inpatient Weight. AMLOS + 5 Outlier per Diem $7,362.00. Add-on payment, and lesser of 100% of billed charges. AMLOS + 5 Outlier per Diem $7,362.00. Add-on payment, and lesser of 100% of billed charges.",,,,,,,,," ",58434.55,,,,,,,Case Rate,"Medicare Base Rate times Standard Inpatient Weight. GMLOS + 6 Outlier per Diem $9,081.00 Add-on payment, and lesser of 100% of billed charges. GMLOS + 6 Outlier per Diem $9,081.00 Add-on payment, and lesser of 100% of billed charges.",,,,,,,,," ",,,,,,,,," ",57561.13,,,,,,,Case Rate,"Medicare Base Rate times Standard Inpatient Weight. GMLOS + 6 Outlier per Diem $9,081.00 Add-on payment, and lesser of 100% of billed charges. GMLOS + 6 Outlier per Diem $9,081.00 Add-on payment, and lesser of 100% of billed charges.",57561.13,,,,,,,Case Rate,"Medicare Base Rate times Standard Inpatient Weight. GMLOS + 6 Outlier per Diem $9,081.00 Add-on payment, and lesser of 100% of billed charges. GMLOS + 6 Outlier per Diem $9,081.00 Add-on payment, and lesser of 100% of billed charges.",58434.55,,,,,,,Case Rate,"Medicare Base Rate times Standard Inpatient Weight. GMLOS + 6 Outlier per Diem $9,081.00 Add-on payment, and lesser of 100% of billed charges. GMLOS + 6 Outlier per Diem $9,081.00 Add-on payment, and lesser of 100% of billed charges.",54075.92,,,,,,,Case Rate,"Medicare Base Rate times Standard Inpatient Weight. AMLOS + 5 Outlier per Diem $7,362.00. Add-on payment, and lesser of 100% of billed charges. AMLOS + 5 Outlier per Diem $7,362.00. Add-on payment, and lesser of 100% of billed charges.",58434.55,,,,,,,Case Rate,"Medicare Base Rate times Standard Inpatient Weight. GMLOS + 6 Outlier per Diem $9,081.00 Add-on payment, and lesser of 100% of billed charges. GMLOS + 6 Outlier per Diem $9,081.00 Add-on payment, and lesser of 100% of billed charges.",57561.13,,,,,,,Case Rate,"Medicare Base Rate times Standard Inpatient Weight. GMLOS + 6 Outlier per Diem $9,081.00 Add-on payment, and lesser of 100% of billed charges. GMLOS + 6 Outlier per Diem $9,081.00 Add-on payment, and lesser of 100% of billed charges.",58434.55,,,,,,,Case Rate,"Medicare Base Rate times Standard Inpatient Weight. GMLOS + 6 Outlier per Diem $9,081.00 Add-on payment, and lesser of 100% of billed charges. GMLOS + 6 Outlier per Diem $9,081.00 Add-on payment, and lesser of 100% of billed charges.",3388,,,,,,,Per diem,". Add-on payment, and lesser of 100% of billed charges. Add-on payment, and lesser of 100% of billed charges.",3388,,,,,,,Per diem,". Add-on payment, and lesser of 100% of billed charges. Add-on payment, and lesser of 100% of billed charges.",37744.81,,,,,,,Case Rate,. 200 percent of Medicare 200 percent of Medicare,,,,,,,,," ",54075.92,,,,,,,Case Rate,"Medicare Base Rate times Standard Inpatient Weight. AMLOS + 5 Outlier per Diem $7,362.00. Add-on payment, and lesser of 100% of billed charges. AMLOS + 5 Outlier per Diem $7,362.00. Add-on payment, and lesser of 100% of billed charges.",41063.72,,,,,,,Case Rate,"Medicare Base Rate times Standard Inpatient Weight. Outlier (25+) per Diem $7,671.00. Add-on payment, and lesser of 100% of billed charges. Outlier (25+) per Diem $7,671.00. Add-on payment, and lesser of 100% of billed charges.",36924.51,,,,,,,Case Rate,"Medicare Base Rate times Standard Inpatient Weight. GMLOS + 8 Outlier per Diem $6,968.00. Add-on payment, and lesser of 100% of billed charges. GMLOS + 8 Outlier per Diem $6,968.00. Add-on payment, and lesser of 100% of billed charges.",54075.92,,,,,,,Case Rate,"Medicare Base Rate times Standard Inpatient Weight. AMLOS + 5 Outlier per Diem $7,362.00. Add-on payment, and lesser of 100% of billed charges. AMLOS + 5 Outlier per Diem $7,362.00. Add-on payment, and lesser of 100% of billed charges.",36924.51,,,,,,,Case Rate,"Medicare Base Rate times Standard Inpatient Weight. GMLOS + 8 Outlier per Diem $6,968.00. Add-on payment, and lesser of 100% of billed charges. GMLOS + 8 Outlier per Diem $6,968.00. Add-on payment, and lesser of 100% of billed charges.",54075.92,,,,,,,Case Rate,"Medicare Base Rate times Standard Inpatient Weight. AMLOS + 5 Outlier per Diem $7,362.00. Add-on payment, and lesser of 100% of billed charges. AMLOS + 5 Outlier per Diem $7,362.00. Add-on payment, and lesser of 100% of billed charges.",58434.55,,,,,,,Case Rate,"Medicare Base Rate times Standard Inpatient Weight. GMLOS + 6 Outlier per Diem $9,081.00 Add-on payment, and lesser of 100% of billed charges. GMLOS + 6 Outlier per Diem $9,081.00 Add-on payment, and lesser of 100% of billed charges.",57561.13,,,,,,,Case Rate,"Medicare Base Rate times Standard Inpatient Weight. GMLOS + 6 Outlier per Diem $9,081.00 Add-on payment, and lesser of 100% of billed charges. GMLOS + 6 Outlier per Diem $9,081.00 Add-on payment, and lesser of 100% of billed charges.",57561.13,,,,,,,Case Rate,"Medicare Base Rate times Standard Inpatient Weight. GMLOS + 6 Outlier per Diem $9,081.00 Add-on payment, and lesser of 100% of billed charges. GMLOS + 6 Outlier per Diem $9,081.00 Add-on payment, and lesser of 100% of billed charges.",58434.55,,,,,,,Case Rate,"Medicare Base Rate times Standard Inpatient Weight. GMLOS + 6 Outlier per Diem $9,081.00 Add-on payment, and lesser of 100% of billed charges. GMLOS + 6 Outlier per Diem $9,081.00 Add-on payment, and lesser of 100% of billed charges.",14461.71,,,,,,,Case Rate,"Medicare Base Rate times Standard Inpatient Weight. 100 percent of Medicare DRG. Add-on payment,  . 100 percent of Medicare DRG. Add-on payment,  .",1846,64440.94,
MS913,DRG,,,,,MS-DRG 913 TRAUMATIC INJURY WITH MCC,,,Inpatient,,,,52459.22,,,,,,,Case Rate,Medicare Base Rate times Standard Inpatient Weight. Local 1199 High/Low day Outlier Local 1199 High/Low day Outlier,52459.22,,,,,,,Case Rate,Medicare Base Rate times Standard Inpatient Weight. Local 1199 High/Low day Outlier Local 1199 High/Low day Outlier,42636.91,,,,,,,Case Rate,"Medicare Base Rate times Standard Inpatient Weight. GMLOS + 8 Outlier per Diem $6,968.00. Add-on payment, and lesser of 100% of billed charges. GMLOS + 8 Outlier per Diem $6,968.00. Add-on payment, and lesser of 100% of billed charges.",,100,,,,,0,Percent of total billed charges,100 percent of charges.  ; No services were performed during the 15 month look back period.,16613.94,,,,,,,Case Rate,"Medicare Base Rate times Standard Inpatient Weight. 100 percent of Medicare DRG. Add-on payment,  . 100 percent of Medicare DRG. Add-on payment,  .",42636.91,,,,,,,Case Rate,"Medicare Base Rate times Standard Inpatient Weight. GMLOS + 8 Outlier per Diem $6,968.00. Add-on payment, and lesser of 100% of billed charges. GMLOS + 8 Outlier per Diem $6,968.00. Add-on payment, and lesser of 100% of billed charges.",42636.91,,,,,,,Case Rate,"Medicare Base Rate times Standard Inpatient Weight. GMLOS + 8 Outlier per Diem $6,968.00. Add-on payment, and lesser of 100% of billed charges. GMLOS + 8 Outlier per Diem $6,968.00. Add-on payment, and lesser of 100% of billed charges.",42636.91,,,,,,,Case Rate,"Medicare Base Rate times Standard Inpatient Weight. GMLOS + 8 Outlier per Diem $6,968.00. Add-on payment, and lesser of 100% of billed charges. GMLOS + 8 Outlier per Diem $6,968.00. Add-on payment, and lesser of 100% of billed charges.",,,,,,,,," ",,,,,,,,," ",,73,,,,,0,Percent of total billed charges,73 percent of charges.  ; No services were performed during the 15 month look back period.,62441.72,,,,,,,Case Rate,"Medicare Base Rate times Standard Inpatient Weight. AMLOS + 5 Outlier per Diem $7,362.00. Add-on payment, and lesser of 100% of billed charges. AMLOS + 5 Outlier per Diem $7,362.00. Add-on payment, and lesser of 100% of billed charges.",,,,,,,,," ",16613.94,,,,,,,Case Rate,"Medicare Base Rate times Standard Inpatient Weight. 100 percent of Medicare DRG. Add-on payment,  . 100 percent of Medicare DRG. Add-on payment,  .",47416.48,,,,,,,Case Rate,"Medicare Base Rate times Standard Inpatient Weight. Outlier (25+) per Diem $7,671.00. Add-on payment, and lesser of 100% of billed charges. Outlier (25+) per Diem $7,671.00. Add-on payment, and lesser of 100% of billed charges.",47416.48,,,,,,,Case Rate,"Medicare Base Rate times Standard Inpatient Weight. Outlier (25+) per Diem $7,671.00. Add-on payment, and lesser of 100% of billed charges. Outlier (25+) per Diem $7,671.00. Add-on payment, and lesser of 100% of billed charges.",47416.48,,,,,,,Case Rate,"Medicare Base Rate times Standard Inpatient Weight. Outlier (25+) per Diem $7,671.00. Add-on payment, and lesser of 100% of billed charges. Outlier (25+) per Diem $7,671.00. Add-on payment, and lesser of 100% of billed charges.",47416.48,,,,,,,Case Rate,"Medicare Base Rate times Standard Inpatient Weight. Outlier (25+) per Diem $7,671.00. Add-on payment, and lesser of 100% of billed charges. Outlier (25+) per Diem $7,671.00. Add-on payment, and lesser of 100% of billed charges.",,,,,,,,," ",16613.94,,,,,,,Case Rate,"Medicare Base Rate times Standard Inpatient Weight. 100 percent of Medicare DRG. Add-on payment,  . 100 percent of Medicare DRG. Add-on payment,  .",,,,,,,,," ",,73,,,,,0,Percent of total billed charges,73 percent of charges.  ; No services were performed during the 15 month look back period.,42636.91,,,,,,,Case Rate,"Medicare Base Rate times Standard Inpatient Weight. GMLOS + 8 Outlier per Diem $6,968.00. Add-on payment, and lesser of 100% of billed charges. GMLOS + 8 Outlier per Diem $6,968.00. Add-on payment, and lesser of 100% of billed charges.",16613.94,,,,,,,Case Rate,"Medicare Base Rate times Standard Inpatient Weight. 100 percent of Medicare DRG. Add-on payment, and lesser of 100% of billed charges. 100 percent of Medicare DRG. Add-on payment, and lesser of 100% of billed charges.",48526.37,,,,,,,Case Rate,"Medicare Base Rate times Standard Inpatient Weight. Add-on payment, and lesser of 100% of billed charges. Add-on payment, and lesser of 100% of billed charges.",16613.94,,,,,,,Case Rate,"Medicare Base Rate times Standard Inpatient Weight. 100 percent of Medicare DRG. Add-on payment, and lesser of 100% of billed charges. 100 percent of Medicare DRG. Add-on payment, and lesser of 100% of billed charges.",16613.94,,,,,,,Case Rate,"Medicare Base Rate times Standard Inpatient Weight. 100 percent of Medicare DRG. Add-on payment, and lesser of 100% of billed charges. 100 percent of Medicare DRG. Add-on payment, and lesser of 100% of billed charges.",,73,,,,,0,Percent of total billed charges,73 percent of charges.  ; No services were performed during the 15 month look back period.,,,,,,,,," ",,,,,,,,," ",,,,,,,,," ",,,,,,,,," ",48526.37,,,,,,,Case Rate,"Medicare Base Rate times Standard Inpatient Weight. Add-on payment, and lesser of 100% of billed charges. Add-on payment, and lesser of 100% of billed charges.",48526.37,,,,,,,Case Rate,"Medicare Base Rate times Standard Inpatient Weight. Add-on payment, and lesser of 100% of billed charges. Add-on payment, and lesser of 100% of billed charges.",,,,,,,,," ",48526.37,,,,,,,Case Rate,"Medicare Base Rate times Standard Inpatient Weight. Add-on payment, and lesser of 100% of billed charges. Add-on payment, and lesser of 100% of billed charges.",,,,,,,,," ",16613.94,,,,,,,Case Rate,"Medicare Base Rate times Standard Inpatient Weight. 100 percent of Medicare DRG. Add-on payment, . 100 percent of Medicare DRG. Add-on payment, .",48526.37,,,,,,,Case Rate,"Medicare Base Rate times Standard Inpatient Weight. Add-on payment, and lesser of 100% of billed charges. Add-on payment, and lesser of 100% of billed charges.",,73,,,,,0,Percent of total billed charges,73 percent of charges.  ; No services were performed during the 15 month look back period.,,,,,,,,," ",,,,,,,,," ",,73,,,,,0,Percent of total billed charges,73 percent of charges.  ; No services were performed during the 15 month look back period.,47416.48,,,,,,,Case Rate,"Medicare Base Rate times Standard Inpatient Weight. Outlier (25+) per Diem $7,671.00. Add-on payment, and lesser of 100% of billed charges. Outlier (25+) per Diem $7,671.00. Add-on payment, and lesser of 100% of billed charges.",45422.26,,,,,,,Case Rate,"Medicare Base Rate times Standard Inpatient Weight. AMLOS + 5 Outlier per Diem $7,167.00. Add-on payment, and lesser of 100% of billed charges. AMLOS + 5 Outlier per Diem $7,167.00. Add-on payment, and lesser of 100% of billed charges.",45422.26,,,,,,,Case Rate,"Medicare Base Rate times Standard Inpatient Weight. AMLOS + 5 Outlier per Diem $7,167.00. Add-on payment, and lesser of 100% of billed charges. AMLOS + 5 Outlier per Diem $7,167.00. Add-on payment, and lesser of 100% of billed charges.",,73,,,,,0,Percent of total billed charges,73 percent of charges.  ; No services were performed during the 15 month look back period.,16613.94,,,,,,,Case Rate,"Medicare Base Rate times Standard Inpatient Weight. 100 percent of Medicare DRG. Add-on payment,  . 100 percent of Medicare DRG. Add-on payment,  .",62441.72,,,,,,,Case Rate,"Medicare Base Rate times Standard Inpatient Weight. AMLOS + 5 Outlier per Diem $7,362.00. Add-on payment, and lesser of 100% of billed charges. AMLOS + 5 Outlier per Diem $7,362.00. Add-on payment, and lesser of 100% of billed charges.",62441.72,,,,,,,Case Rate,"Medicare Base Rate times Standard Inpatient Weight. AMLOS + 5 Outlier per Diem $7,362.00. Add-on payment, and lesser of 100% of billed charges. AMLOS + 5 Outlier per Diem $7,362.00. Add-on payment, and lesser of 100% of billed charges.",62441.72,,,,,,,Case Rate,"Medicare Base Rate times Standard Inpatient Weight. AMLOS + 5 Outlier per Diem $7,362.00. Add-on payment, and lesser of 100% of billed charges. AMLOS + 5 Outlier per Diem $7,362.00. Add-on payment, and lesser of 100% of billed charges.",16613.94,,,,,,,Case Rate,"Medicare Base Rate times Standard Inpatient Weight. 100 percent of Medicare DRG. Add-on payment,  . 100 percent of Medicare DRG. Add-on payment,  .",62441.72,,,,,,,Case Rate,"Medicare Base Rate times Standard Inpatient Weight. AMLOS + 5 Outlier per Diem $7,362.00. Add-on payment, and lesser of 100% of billed charges. AMLOS + 5 Outlier per Diem $7,362.00. Add-on payment, and lesser of 100% of billed charges.",62441.72,,,,,,,Case Rate,"Medicare Base Rate times Standard Inpatient Weight. AMLOS + 5 Outlier per Diem $7,362.00. Add-on payment, and lesser of 100% of billed charges. AMLOS + 5 Outlier per Diem $7,362.00. Add-on payment, and lesser of 100% of billed charges.",16613.94,,,,,,,Case Rate,"Medicare Base Rate times Standard Inpatient Weight. 100 percent of Medicare DRG. Add-on payment, and lesser of 100% of billed charges. 100 percent of Medicare DRG. Add-on payment, and lesser of 100% of billed charges.",71096.93,,,,,,,Case Rate,"Medicare Base Rate times Standard Inpatient Weight. GMLOS + 6 Outlier per Diem $11,932.00. Add-on payment, and lesser of 100% of billed charges. GMLOS + 6 Outlier per Diem $11,932.00. Add-on payment, and lesser of 100% of billed charges.",67474.65,,,,,,,Case Rate,"Medicare Base Rate times Standard Inpatient Weight. GMLOS + 6 Outlier per Diem $9,081.00 Add-on payment, and lesser of 100% of billed charges. GMLOS + 6 Outlier per Diem $9,081.00 Add-on payment, and lesser of 100% of billed charges.",67474.65,,,,,,,Case Rate,"Medicare Base Rate times Standard Inpatient Weight. GMLOS + 6 Outlier per Diem $9,081.00 Add-on payment, and lesser of 100% of billed charges. GMLOS + 6 Outlier per Diem $9,081.00 Add-on payment, and lesser of 100% of billed charges.",66466.11,,,,,,,Case Rate,"Medicare Base Rate times Standard Inpatient Weight. GMLOS + 6 Outlier per Diem $9,081.00 Add-on payment, and lesser of 100% of billed charges. GMLOS + 6 Outlier per Diem $9,081.00 Add-on payment, and lesser of 100% of billed charges.",74410.26,,,,,,,Case Rate,"Medicare Base Rate times Standard Inpatient Weight. GMLOS + 6 Outlier per Diem $9,081.00 Add-on payment, and lesser of 100% of billed charges. GMLOS + 6 Outlier per Diem $9,081.00 Add-on payment, and lesser of 100% of billed charges.",66466.11,,,,,,,Case Rate,"Medicare Base Rate times Standard Inpatient Weight. GMLOS + 6 Outlier per Diem $9,081.00 Add-on payment, and lesser of 100% of billed charges. GMLOS + 6 Outlier per Diem $9,081.00 Add-on payment, and lesser of 100% of billed charges.",67474.65,,,,,,,Case Rate,"Medicare Base Rate times Standard Inpatient Weight. GMLOS + 6 Outlier per Diem $9,081.00 Add-on payment, and lesser of 100% of billed charges. GMLOS + 6 Outlier per Diem $9,081.00 Add-on payment, and lesser of 100% of billed charges.",16613.94,,,,,,,Case Rate,"Medicare Base Rate times Standard Inpatient Weight. 100 percent of Medicare DRG. Add-on payment,  . 100 percent of Medicare DRG. Add-on payment,  .",16613.94,,,,,,,Case Rate,"Medicare Base Rate times Standard Inpatient Weight. 100 percent of Medicare DRG. Add-on payment,  . 100 percent of Medicare DRG. Add-on payment,  .",74410.26,,,,,,,Case Rate,"Medicare Base Rate times Standard Inpatient Weight. GMLOS + 6 Outlier per Diem $9,081.00 Add-on payment, and lesser of 100% of billed charges. GMLOS + 6 Outlier per Diem $9,081.00 Add-on payment, and lesser of 100% of billed charges.",,73,,,,,0,Percent of total billed charges,73 percent of charges.  ; No services were performed during the 15 month look back period.,,73,,,,,0,Percent of total billed charges,73 percent of charges.  ; No services were performed during the 15 month look back period.,,73,,,,,0,Percent of total billed charges,73 percent of charges.  ; No services were performed during the 15 month look back period.,,73,,,,,0,Percent of total billed charges,73 percent of charges.  ; No services were performed during the 15 month look back period.,,73,,,,,0,Percent of total billed charges,73 percent of charges.  ; No services were performed during the 15 month look back period.,,73,,,,,0,Percent of total billed charges,73 percent of charges.  ; No services were performed during the 15 month look back period.,,73,,,,,0,Percent of total billed charges,73 percent of charges.  ; No services were performed during the 15 month look back period.,,73,,,,,0,Percent of total billed charges,73 percent of charges.  ; No services were performed during the 15 month look back period.,,73,,,,,0,Percent of total billed charges,73 percent of charges.  ; No services were performed during the 15 month look back period.,,73,,,,,0,Percent of total billed charges,73 percent of charges.  ; No services were performed during the 15 month look back period.,,73,,,,,0,Percent of total billed charges,73 percent of charges.  ; No services were performed during the 15 month look back period.,,73,,,,,0,Percent of total billed charges,73 percent of charges.  ; No services were performed during the 15 month look back period.,,73,,,,,0,Percent of total billed charges,73 percent of charges.  ; No services were performed during the 15 month look back period.,,73,,,,,0,Percent of total billed charges,73 percent of charges.  ; No services were performed during the 15 month look back period.,,73,,,,,0,Percent of total billed charges,73 percent of charges.  ; No services were performed during the 15 month look back period.,,73,,,,,0,Percent of total billed charges,73 percent of charges.  ; No services were performed during the 15 month look back period.,,73,,,,,0,Percent of total billed charges,73 percent of charges.  ; No services were performed during the 15 month look back period.,,73,,,,,0,Percent of total billed charges,73 percent of charges.  ; No services were performed during the 15 month look back period.,,73,,,,,0,Percent of total billed charges,73 percent of charges.  ; No services were performed during the 15 month look back period.,,73,,,,,0,Percent of total billed charges,73 percent of charges.  ; No services were performed during the 15 month look back period.,,73,,,,,0,Percent of total billed charges,73 percent of charges.  ; No services were performed during the 15 month look back period.,,73,,,,,0,Percent of total billed charges,73 percent of charges.  ; No services were performed during the 15 month look back period.,,73,,,,,0,Percent of total billed charges,73 percent of charges.  ; No services were performed during the 15 month look back period.,,73,,,,,0,Percent of total billed charges,73 percent of charges.  ; No services were performed during the 15 month look back period.,,73,,,,,0,Percent of total billed charges,73 percent of charges.  ; No services were performed during the 15 month look back period.,,73,,,,,0,Percent of total billed charges,73 percent of charges.  ; No services were performed during the 15 month look back period.,48526.37,,,,,,,Case Rate,"Medicare Base Rate times Standard Inpatient Weight. Add-on payment, and lesser of 100% of billed charges. Add-on payment, and lesser of 100% of billed charges.",48526.37,,,,,,,Case Rate,"Medicare Base Rate times Standard Inpatient Weight. Add-on payment, and lesser of 100% of billed charges. Add-on payment, and lesser of 100% of billed charges.",48526.37,,,,,,,Case Rate,"Medicare Base Rate times Standard Inpatient Weight. Add-on payment, and lesser of 100% of billed charges. Add-on payment, and lesser of 100% of billed charges.",48526.37,,,,,,,Case Rate,"Medicare Base Rate times Standard Inpatient Weight. Add-on payment, and lesser of 100% of billed charges. Add-on payment, and lesser of 100% of billed charges.",48199.45,,,,,,,Case Rate,"Medicare Base Rate times Standard Inpatient Weight. Add-on payment, and lesser of 100% of billed charges. Add-on payment, and lesser of 100% of billed charges.",48199.45,,,,,,,Case Rate,"Medicare Base Rate times Standard Inpatient Weight. Add-on payment, and lesser of 100% of billed charges. Add-on payment, and lesser of 100% of billed charges.",47416.48,,,,,,,Case Rate,"Medicare Base Rate times Standard Inpatient Weight. Outlier (25+) per Diem $7,671.00. Add-on payment, and lesser of 100% of billed charges. Outlier (25+) per Diem $7,671.00. Add-on payment, and lesser of 100% of billed charges.",67474.65,,,,,,,Case Rate,"Medicare Base Rate times Standard Inpatient Weight. GMLOS + 6 Outlier per Diem $9,081.00 Add-on payment, and lesser of 100% of billed charges. GMLOS + 6 Outlier per Diem $9,081.00 Add-on payment, and lesser of 100% of billed charges.",62441.72,,,,,,,Case Rate,"Medicare Base Rate times Standard Inpatient Weight. AMLOS + 5 Outlier per Diem $7,362.00. Add-on payment, and lesser of 100% of billed charges. AMLOS + 5 Outlier per Diem $7,362.00. Add-on payment, and lesser of 100% of billed charges.",66466.11,,,,,,,Case Rate,"Medicare Base Rate times Standard Inpatient Weight. GMLOS + 6 Outlier per Diem $9,081.00 Add-on payment, and lesser of 100% of billed charges. GMLOS + 6 Outlier per Diem $9,081.00 Add-on payment, and lesser of 100% of billed charges.",,73,,,,,0,Percent of total billed charges,73 percent of charges.  ; No services were performed during the 15 month look back period.,48199.45,,,,,,,Case Rate,"Medicare Base Rate times Standard Inpatient Weight. Add-on payment, and lesser of 100% of billed charges. Add-on payment, and lesser of 100% of billed charges.",67474.65,,,,,,,Case Rate,"Medicare Base Rate times Standard Inpatient Weight. GMLOS + 6 Outlier per Diem $9,081.00 Add-on payment, and lesser of 100% of billed charges. GMLOS + 6 Outlier per Diem $9,081.00 Add-on payment, and lesser of 100% of billed charges.",62441.72,,,,,,,Case Rate,"Medicare Base Rate times Standard Inpatient Weight. AMLOS + 5 Outlier per Diem $7,362.00. Add-on payment, and lesser of 100% of billed charges. AMLOS + 5 Outlier per Diem $7,362.00. Add-on payment, and lesser of 100% of billed charges.",47416.48,,,,,,,Case Rate,"Medicare Base Rate times Standard Inpatient Weight. Outlier (25+) per Diem $7,671.00. Add-on payment, and lesser of 100% of billed charges. Outlier (25+) per Diem $7,671.00. Add-on payment, and lesser of 100% of billed charges.",,,,,,,,," ",,73,,,,,0,Percent of total billed charges,73 percent of charges.  ; No services were performed during the 15 month look back period.,,,,,,,,," ",48526.37,,,,,,,Case Rate,"Medicare Base Rate times Standard Inpatient Weight. Add-on payment, and lesser of 100% of billed charges. Add-on payment, and lesser of 100% of billed charges.",,,,,,,,," ",16613.94,,,,,,,Case Rate,"Medicare Base Rate times Standard Inpatient Weight. 100 percent of Medicare DRG. Add-on payment, . 100 percent of Medicare DRG. Add-on payment, .",16613.94,,,,,,,Case Rate,"Medicare Base Rate times Standard Inpatient Weight. 100 percent of Medicare DRG. Add-on payment,  . 100 percent of Medicare DRG. Add-on payment,  .",71096.93,,,,,,,Case Rate,"Medicare Base Rate times Standard Inpatient Weight. GMLOS + 6 Outlier per Diem $11,932.00. Add-on payment, and lesser of 100% of billed charges. GMLOS + 6 Outlier per Diem $11,932.00. Add-on payment, and lesser of 100% of billed charges.",16613.94,,,,,,,Case Rate,"Medicare Base Rate times Standard Inpatient Weight. 100 percent of Medicare DRG. Add-on payment,  . 100 percent of Medicare DRG. Add-on payment,  .",16613.94,,,,,,,Case Rate,"Medicare Base Rate times Standard Inpatient Weight. 100 percent of Medicare DRG. Add-on payment,  . 100 percent of Medicare DRG. Add-on payment,  .",,,,,,,,," ",16613.94,,,,,,,Case Rate,"Medicare Base Rate times Standard Inpatient Weight. 100 percent of Medicare DRG. Add-on payment,  . 100 percent of Medicare DRG. Add-on payment,  .",16613.94,,,,,,,Case Rate,"Medicare Base Rate times Standard Inpatient Weight. 100 percent of Medicare DRG. Add-on payment,  . 100 percent of Medicare DRG. Add-on payment,  .",42636.91,,,,,,,Case Rate,"Medicare Base Rate times Standard Inpatient Weight. GMLOS + 8 Outlier per Diem $6,968.00. Add-on payment, and lesser of 100% of billed charges. GMLOS + 8 Outlier per Diem $6,968.00. Add-on payment, and lesser of 100% of billed charges.",42636.91,,,,,,,Case Rate,"Medicare Base Rate times Standard Inpatient Weight. GMLOS + 8 Outlier per Diem $6,968.00. Add-on payment, and lesser of 100% of billed charges. GMLOS + 8 Outlier per Diem $6,968.00. Add-on payment, and lesser of 100% of billed charges.",16613.94,,,,,,,Case Rate,"Medicare Base Rate times Standard Inpatient Weight. 100 percent of Medicare DRG. Add-on payment,  . 100 percent of Medicare DRG. Add-on payment,  .",47416.48,,,,,,,Case Rate,"Medicare Base Rate times Standard Inpatient Weight. Outlier (25+) per Diem $7,671.00. Add-on payment, and lesser of 100% of billed charges. Outlier (25+) per Diem $7,671.00. Add-on payment, and lesser of 100% of billed charges.",62441.72,,,,,,,Case Rate,"Medicare Base Rate times Standard Inpatient Weight. AMLOS + 5 Outlier per Diem $7,362.00. Add-on payment, and lesser of 100% of billed charges. AMLOS + 5 Outlier per Diem $7,362.00. Add-on payment, and lesser of 100% of billed charges.",62441.72,,,,,,,Case Rate,"Medicare Base Rate times Standard Inpatient Weight. AMLOS + 5 Outlier per Diem $7,362.00. Add-on payment, and lesser of 100% of billed charges. AMLOS + 5 Outlier per Diem $7,362.00. Add-on payment, and lesser of 100% of billed charges.",16613.94,,,,,,,Case Rate,"Medicare Base Rate times Standard Inpatient Weight. 100 percent of Medicare DRG. Add-on payment,  . 100 percent of Medicare DRG. Add-on payment,  .",47416.48,,,,,,,Case Rate,"Medicare Base Rate times Standard Inpatient Weight. Outlier (25+) per Diem $7,671.00. Add-on payment, and lesser of 100% of billed charges. Outlier (25+) per Diem $7,671.00. Add-on payment, and lesser of 100% of billed charges.",42636.91,,,,,,,Case Rate,"Medicare Base Rate times Standard Inpatient Weight. GMLOS + 8 Outlier per Diem $6,968.00. Add-on payment, and lesser of 100% of billed charges. GMLOS + 8 Outlier per Diem $6,968.00. Add-on payment, and lesser of 100% of billed charges.",42636.91,,,,,,,Case Rate,"Medicare Base Rate times Standard Inpatient Weight. GMLOS + 8 Outlier per Diem $6,968.00. Add-on payment, and lesser of 100% of billed charges. GMLOS + 8 Outlier per Diem $6,968.00. Add-on payment, and lesser of 100% of billed charges.",42636.91,,,,,,,Case Rate,"Medicare Base Rate times Standard Inpatient Weight. GMLOS + 8 Outlier per Diem $6,968.00. Add-on payment, and lesser of 100% of billed charges. GMLOS + 8 Outlier per Diem $6,968.00. Add-on payment, and lesser of 100% of billed charges.",,73,,,,,0,Percent of total billed charges,73 percent of charges.  ; No services were performed during the 15 month look back period.,,73,,,,,0,Percent of total billed charges,73 percent of charges.  ; No services were performed during the 15 month look back period.,,73,,,,,0,Percent of total billed charges,73 percent of charges.  ; No services were performed during the 15 month look back period.,,73,,,,,0,Percent of total billed charges,73 percent of charges.  ; No services were performed during the 15 month look back period.,,73,,,,,0,Percent of total billed charges,73 percent of charges.  ; No services were performed during the 15 month look back period.,,73,,,,,0,Percent of total billed charges,73 percent of charges.  ; No services were performed during the 15 month look back period.,,73,,,,,0,Percent of total billed charges,73 percent of charges.  ; No services were performed during the 15 month look back period.,,73,,,,,0,Percent of total billed charges,73 percent of charges.  ; No services were performed during the 15 month look back period.,,73,,,,,0,Percent of total billed charges,73 percent of charges.  ; No services were performed during the 15 month look back period.,,73,,,,,0,Percent of total billed charges,73 percent of charges.  ; No services were performed during the 15 month look back period.,,73,,,,,0,Percent of total billed charges,73 percent of charges.  ; No services were performed during the 15 month look back period.,48199.45,,,,,,,Case Rate,"Medicare Base Rate times Standard Inpatient Weight. Add-on payment, and lesser of 100% of billed charges. Add-on payment, and lesser of 100% of billed charges.",67474.65,,,,,,,Case Rate,"Medicare Base Rate times Standard Inpatient Weight. GMLOS + 6 Outlier per Diem $9,081.00 Add-on payment, and lesser of 100% of billed charges. GMLOS + 6 Outlier per Diem $9,081.00 Add-on payment, and lesser of 100% of billed charges.",47416.48,,,,,,,Case Rate,"Medicare Base Rate times Standard Inpatient Weight. Outlier (25+) per Diem $7,671.00. Add-on payment, and lesser of 100% of billed charges. Outlier (25+) per Diem $7,671.00. Add-on payment, and lesser of 100% of billed charges.",16613.94,,,,,,,Case Rate,"Medicare Base Rate times Standard Inpatient Weight. 100 percent of Medicare DRG. Add-on payment,  . 100 percent of Medicare DRG. Add-on payment,  .",42636.91,,,,,,,Case Rate,"Medicare Base Rate times Standard Inpatient Weight. GMLOS + 8 Outlier per Diem $6,968.00. Add-on payment, and lesser of 100% of billed charges. GMLOS + 8 Outlier per Diem $6,968.00. Add-on payment, and lesser of 100% of billed charges.",47416.48,,,,,,,Case Rate,"Medicare Base Rate times Standard Inpatient Weight. Outlier (25+) per Diem $7,671.00. Add-on payment, and lesser of 100% of billed charges. Outlier (25+) per Diem $7,671.00. Add-on payment, and lesser of 100% of billed charges.",47416.48,,,,,,,Case Rate,"Medicare Base Rate times Standard Inpatient Weight. Outlier (25+) per Diem $7,671.00. Add-on payment, and lesser of 100% of billed charges. Outlier (25+) per Diem $7,671.00. Add-on payment, and lesser of 100% of billed charges.",,73,,,,,0,Percent of total billed charges,73 percent of charges.  ; No services were performed during the 15 month look back period.,,,,,,,,," ",47416.48,,,,,,,Case Rate,"Medicare Base Rate times Standard Inpatient Weight. Outlier (25+) per Diem $7,671.00. Add-on payment, and lesser of 100% of billed charges. Outlier (25+) per Diem $7,671.00. Add-on payment, and lesser of 100% of billed charges.",,,,,,,,," ",16613.94,,,,,,,Case Rate,"Medicare Base Rate times Standard Inpatient Weight. 100 percent of Medicare DRG. Add-on payment,  . 100 percent of Medicare DRG. Add-on payment,  .",16613.94,,,,,,,Case Rate,"Medicare Base Rate times Standard Inpatient Weight. 100 percent of Medicare DRG. Add-on payment,  . 100 percent of Medicare DRG. Add-on payment,  .",16613.94,,,,,,,Case Rate,"Medicare Base Rate times Standard Inpatient Weight. 100 percent of Medicare DRG. Add-on payment,  . 100 percent of Medicare DRG. Add-on payment,  .",16613.94,,,,,,,Case Rate,"Medicare Base Rate times Standard Inpatient Weight. 100 percent of Medicare DRG. Add-on payment,  . 100 percent of Medicare DRG. Add-on payment,  .",16613.94,,,,,,,Case Rate,"Medicare Base Rate times Standard Inpatient Weight. 100 percent of Medicare DRG. Add-on payment,  . 100 percent of Medicare DRG. Add-on payment,  .",16613.94,,,,,,,Case Rate,"Medicare Base Rate times Standard Inpatient Weight. 100 percent of Medicare DRG. Add-on payment,  . 100 percent of Medicare DRG. Add-on payment,  .",47416.48,,,,,,,Case Rate,"Medicare Base Rate times Standard Inpatient Weight. Outlier (25+) per Diem $7,671.00. Add-on payment, and lesser of 100% of billed charges. Outlier (25+) per Diem $7,671.00. Add-on payment, and lesser of 100% of billed charges.",71096.93,,,,,,,Case Rate,"Medicare Base Rate times Standard Inpatient Weight. GMLOS + 6 Outlier per Diem $11,932.00. Add-on payment, and lesser of 100% of billed charges. GMLOS + 6 Outlier per Diem $11,932.00. Add-on payment, and lesser of 100% of billed charges.",,,,,,,,," ",,,,,,,,," ",,,,,,,,," ",,,,,,,,," ",,,,,,,,," ",,,,,,,,," ",71096.93,,,,,,,Case Rate,"Medicare Base Rate times Standard Inpatient Weight. GMLOS + 6 Outlier per Diem $11,932.00. Add-on payment, and lesser of 100% of billed charges. GMLOS + 6 Outlier per Diem $11,932.00. Add-on payment, and lesser of 100% of billed charges.",43413.99,,,,,,,Case Rate,. 200 percent of Medicare 200 percent of Medicare,43413.99,,,,,,,Case Rate,. 200 percent of Medicare 200 percent of Medicare,43413.99,,,,,,,Case Rate,. 200 percent of Medicare 200 percent of Medicare,43413.99,,,,,,,Case Rate,. 200 percent of Medicare 200 percent of Medicare,43413.99,,,,,,,Case Rate,. 200 percent of Medicare 200 percent of Medicare,16613.94,,,,,,,Case Rate,"Medicare Base Rate times Standard Inpatient Weight. 100 percent of Medicare DRG. Add-on payment,  . 100 percent of Medicare DRG. Add-on payment,  .",48199.45,,,,,,,Case Rate,"Medicare Base Rate times Standard Inpatient Weight. Add-on payment, and lesser of 100% of billed charges. Add-on payment, and lesser of 100% of billed charges.",48199.45,,,,,,,Case Rate,"Medicare Base Rate times Standard Inpatient Weight. Add-on payment, and lesser of 100% of billed charges. Add-on payment, and lesser of 100% of billed charges.",48199.45,,,,,,,Case Rate,"Medicare Base Rate times Standard Inpatient Weight. Add-on payment, and lesser of 100% of billed charges. Add-on payment, and lesser of 100% of billed charges.",48199.45,,,,,,,Case Rate,"Medicare Base Rate times Standard Inpatient Weight. Add-on payment, and lesser of 100% of billed charges. Add-on payment, and lesser of 100% of billed charges.",42636.91,,,,,,,Case Rate,"Medicare Base Rate times Standard Inpatient Weight. GMLOS + 8 Outlier per Diem $6,968.00. Add-on payment, and lesser of 100% of billed charges. GMLOS + 8 Outlier per Diem $6,968.00. Add-on payment, and lesser of 100% of billed charges.",42636.91,,,,,,,Case Rate,"Medicare Base Rate times Standard Inpatient Weight. GMLOS + 8 Outlier per Diem $6,968.00. Add-on payment, and lesser of 100% of billed charges. GMLOS + 8 Outlier per Diem $6,968.00. Add-on payment, and lesser of 100% of billed charges.",42636.91,,,,,,,Case Rate,"Medicare Base Rate times Standard Inpatient Weight. GMLOS + 8 Outlier per Diem $6,968.00. Add-on payment, and lesser of 100% of billed charges. GMLOS + 8 Outlier per Diem $6,968.00. Add-on payment, and lesser of 100% of billed charges.",42636.91,,,,,,,Case Rate,"Medicare Base Rate times Standard Inpatient Weight. GMLOS + 8 Outlier per Diem $6,968.00. Add-on payment, and lesser of 100% of billed charges. GMLOS + 8 Outlier per Diem $6,968.00. Add-on payment, and lesser of 100% of billed charges.",71096.93,,,,,,,Case Rate,"Medicare Base Rate times Standard Inpatient Weight. GMLOS + 6 Outlier per Diem $11,932.00. Add-on payment, and lesser of 100% of billed charges. GMLOS + 6 Outlier per Diem $11,932.00. Add-on payment, and lesser of 100% of billed charges.",71096.93,,,,,,,Case Rate,"Medicare Base Rate times Standard Inpatient Weight. GMLOS + 6 Outlier per Diem $11,932.00. Add-on payment, and lesser of 100% of billed charges. GMLOS + 6 Outlier per Diem $11,932.00. Add-on payment, and lesser of 100% of billed charges.",16613.94,,,,,,,Case Rate,"Medicare Base Rate times Standard Inpatient Weight. 100 percent of Medicare DRG. Add-on payment,  . 100 percent of Medicare DRG. Add-on payment,  .",16613.94,,,,,,,Case Rate,"Medicare Base Rate times Standard Inpatient Weight. 100 percent of Medicare DRG. Add-on payment,  . 100 percent of Medicare DRG. Add-on payment,  .",16613.94,,,,,,,Case Rate,"Medicare Base Rate times Standard Inpatient Weight. 100 percent of Medicare DRG. Add-on payment,  . 100 percent of Medicare DRG. Add-on payment,  .",67474.65,,,,,,,Case Rate,"Medicare Base Rate times Standard Inpatient Weight. GMLOS + 6 Outlier per Diem $9,081.00 Add-on payment, and lesser of 100% of billed charges. GMLOS + 6 Outlier per Diem $9,081.00 Add-on payment, and lesser of 100% of billed charges.",67474.65,,,,,,,Case Rate,"Medicare Base Rate times Standard Inpatient Weight. GMLOS + 6 Outlier per Diem $9,081.00 Add-on payment, and lesser of 100% of billed charges. GMLOS + 6 Outlier per Diem $9,081.00 Add-on payment, and lesser of 100% of billed charges.",67474.65,,,,,,,Case Rate,"Medicare Base Rate times Standard Inpatient Weight. GMLOS + 6 Outlier per Diem $9,081.00 Add-on payment, and lesser of 100% of billed charges. GMLOS + 6 Outlier per Diem $9,081.00 Add-on payment, and lesser of 100% of billed charges.",71096.93,,,,,,,Case Rate,"Medicare Base Rate times Standard Inpatient Weight. GMLOS + 6 Outlier per Diem $11,932.00. Add-on payment, and lesser of 100% of billed charges. GMLOS + 6 Outlier per Diem $11,932.00. Add-on payment, and lesser of 100% of billed charges.",42636.91,,,,,,,Case Rate,"Medicare Base Rate times Standard Inpatient Weight. GMLOS + 8 Outlier per Diem $6,968.00. Add-on payment, and lesser of 100% of billed charges. GMLOS + 8 Outlier per Diem $6,968.00. Add-on payment, and lesser of 100% of billed charges.",16613.94,,,,,,,Case Rate,"Medicare Base Rate times Standard Inpatient Weight. 100 percent of Medicare DRG. Add-on payment,  . 100 percent of Medicare DRG. Add-on payment,  .",66466.11,,,,,,,Case Rate,"Medicare Base Rate times Standard Inpatient Weight. GMLOS + 6 Outlier per Diem $9,081.00 Add-on payment, and lesser of 100% of billed charges. GMLOS + 6 Outlier per Diem $9,081.00 Add-on payment, and lesser of 100% of billed charges.",,,,,,,,," ",16946.22,,,,,,,Case Rate,"Medicare Base Rate times Standard Inpatient Weight. 100 percent of Medicare DRG. Add-on payment, and lesser of 100% of billed charges. 100 percent of Medicare DRG. Add-on payment, and lesser of 100% of billed charges.",16946.22,,,,,,,Case Rate,"Medicare Base Rate times Standard Inpatient Weight. 100 percent of Medicare DRG. Add-on payment, and lesser of 100% of billed charges. 100 percent of Medicare DRG. Add-on payment, and lesser of 100% of billed charges.",16946.22,,,,,,,Case Rate,"Medicare Base Rate times Standard Inpatient Weight. 100 percent of Medicare DRG. Add-on payment, and lesser of 100% of billed charges. 100 percent of Medicare DRG. Add-on payment, and lesser of 100% of billed charges.",,,,,,,,," ",,,,,,,,," ",,,,,,,,," ",,,,,,,,," ",,,,,,,,," ",,,,,,,,," ",16946.22,,,,,,,Case Rate,"Medicare Base Rate times Standard Inpatient Weight. 100 percent of Medicare DRG. Add-on payment, and lesser of 100% of billed charges. 100 percent of Medicare DRG. Add-on payment, and lesser of 100% of billed charges.",,,,,,,,," ",,,,,,,,," ",,,,,,,,," ",,,,,,,,," ",,,,,,,,," ",,,,,,,,," ",,,,,,,,," ",16613.94,,,,,,,Case Rate,"Medicare Base Rate times Standard Inpatient Weight. 100 percent of Medicare DRG. Add-on payment,  . 100 percent of Medicare DRG. Add-on payment,  .",16613.94,,,,,,,Case Rate,"Medicare Base Rate times Standard Inpatient Weight. 100 percent of Medicare DRG. Add-on payment,  . 100 percent of Medicare DRG. Add-on payment,  .",42636.91,,,,,,,Case Rate,"Medicare Base Rate times Standard Inpatient Weight. GMLOS + 8 Outlier per Diem $6,968.00. Add-on payment, and lesser of 100% of billed charges. GMLOS + 8 Outlier per Diem $6,968.00. Add-on payment, and lesser of 100% of billed charges.",16613.94,,,,,,,Case Rate,"Medicare Base Rate times Standard Inpatient Weight. 100 percent of Medicare DRG. Add-on payment,  . 100 percent of Medicare DRG. Add-on payment,  .",,,,,,,,," ",,,,,,,,," ",,,,,,,,," ",,,,,,,,," ",,,,,,,,," ",,,,,,,,," ",,,,,,,,," ",,,,,,,,," ",,,,,,,,," ",,,,,,,,," ",,,,,,,,," ",71096.93,,,,,,,Case Rate,"Medicare Base Rate times Standard Inpatient Weight. GMLOS + 6 Outlier per Diem $11,932.00. Add-on payment, and lesser of 100% of billed charges. GMLOS + 6 Outlier per Diem $11,932.00. Add-on payment, and lesser of 100% of billed charges.",,,,,,,,," ",,,,,,,,," ",,,,,,,,," ",,,,,,,,," ",67474.65,,,,,,,Case Rate,"Medicare Base Rate times Standard Inpatient Weight. GMLOS + 6 Outlier per Diem $9,081.00 Add-on payment, and lesser of 100% of billed charges. GMLOS + 6 Outlier per Diem $9,081.00 Add-on payment, and lesser of 100% of billed charges.",66466.11,,,,,,,Case Rate,"Medicare Base Rate times Standard Inpatient Weight. GMLOS + 6 Outlier per Diem $9,081.00 Add-on payment, and lesser of 100% of billed charges. GMLOS + 6 Outlier per Diem $9,081.00 Add-on payment, and lesser of 100% of billed charges.",16613.94,,,,,,,Case Rate,"Medicare Base Rate times Standard Inpatient Weight. 100 percent of Medicare DRG. Add-on payment,  . 100 percent of Medicare DRG. Add-on payment,  .",66466.11,,,,,,,Case Rate,"Medicare Base Rate times Standard Inpatient Weight. GMLOS + 6 Outlier per Diem $9,081.00 Add-on payment, and lesser of 100% of billed charges. GMLOS + 6 Outlier per Diem $9,081.00 Add-on payment, and lesser of 100% of billed charges.",67474.65,,,,,,,Case Rate,"Medicare Base Rate times Standard Inpatient Weight. GMLOS + 6 Outlier per Diem $9,081.00 Add-on payment, and lesser of 100% of billed charges. GMLOS + 6 Outlier per Diem $9,081.00 Add-on payment, and lesser of 100% of billed charges.",67474.65,,,,,,,Case Rate,"Medicare Base Rate times Standard Inpatient Weight. GMLOS + 6 Outlier per Diem $9,081.00 Add-on payment, and lesser of 100% of billed charges. GMLOS + 6 Outlier per Diem $9,081.00 Add-on payment, and lesser of 100% of billed charges.",66466.11,,,,,,,Case Rate,"Medicare Base Rate times Standard Inpatient Weight. GMLOS + 6 Outlier per Diem $9,081.00 Add-on payment, and lesser of 100% of billed charges. GMLOS + 6 Outlier per Diem $9,081.00 Add-on payment, and lesser of 100% of billed charges.",16613.94,,,,,,,Case Rate,"Medicare Base Rate times Standard Inpatient Weight. 100 percent of Medicare DRG. Add-on payment,  . 100 percent of Medicare DRG. Add-on payment,  .",66466.11,,,,,,,Case Rate,"Medicare Base Rate times Standard Inpatient Weight. GMLOS + 6 Outlier per Diem $9,081.00 Add-on payment, and lesser of 100% of billed charges. GMLOS + 6 Outlier per Diem $9,081.00 Add-on payment, and lesser of 100% of billed charges.",67474.65,,,,,,,Case Rate,"Medicare Base Rate times Standard Inpatient Weight. GMLOS + 6 Outlier per Diem $9,081.00 Add-on payment, and lesser of 100% of billed charges. GMLOS + 6 Outlier per Diem $9,081.00 Add-on payment, and lesser of 100% of billed charges.",42636.91,,,,,,,Case Rate,"Medicare Base Rate times Standard Inpatient Weight. GMLOS + 8 Outlier per Diem $6,968.00. Add-on payment, and lesser of 100% of billed charges. GMLOS + 8 Outlier per Diem $6,968.00. Add-on payment, and lesser of 100% of billed charges.",,,,,,,,," ",,,,,,,,," ",,,,,,,,," ",,,,,,,,," ",,,,,,,,," ",,,,,,,,," ",,,,,,,,," ",,,,,,,,," ",,,,,,,,," ",,,,,,,,," ",,,,,,,,," ",,,,,,,,," ",,,,,,,,," ",,,,,,,,," ",47416.48,,,,,,,Case Rate,"Medicare Base Rate times Standard Inpatient Weight. Outlier (25+) per Diem $7,671.00. Add-on payment, and lesser of 100% of billed charges. Outlier (25+) per Diem $7,671.00. Add-on payment, and lesser of 100% of billed charges.",,,,,,,,," ",16613.94,,,,,,,Case Rate,"Medicare Base Rate times Standard Inpatient Weight. 100 percent of Medicare DRG. Add-on payment,  . 100 percent of Medicare DRG. Add-on payment,  .",52459.22,,,,,,,Case Rate,Medicare Base Rate times Standard Inpatient Weight. Local 1199 High/Low day Outlier Local 1199 High/Low day Outlier,16613.94,,,,,,,Case Rate,"Medicare Base Rate times Standard Inpatient Weight. 100 percent of Medicare DRG. Add-on payment,  . 100 percent of Medicare DRG. Add-on payment,  .",16613.94,,,,,,,Case Rate,"Medicare Base Rate times Standard Inpatient Weight. 100 percent of Medicare DRG. Add-on payment,  . 100 percent of Medicare DRG. Add-on payment,  .",,,,,,,,," ",,,,,,,,," ",,,,,,,,," ",,,,,,,,," ",,,,,,,,," ",41249.13,,,,,,,Case Rate,"Medicare Base Rate times Standard Inpatient Weight. GMLOS + 8 Outlier per Diem $4,623.00. Add-on payment, and lesser of 100% of billed charges. GMLOS + 8 Outlier per Diem $4,623.00. Add-on payment, and lesser of 100% of billed charges.",42636.91,,,,,,,Case Rate,"Medicare Base Rate times Standard Inpatient Weight. GMLOS + 8 Outlier per Diem $6,968.00. Add-on payment, and lesser of 100% of billed charges. GMLOS + 8 Outlier per Diem $6,968.00. Add-on payment, and lesser of 100% of billed charges.",48526.37,,,,,,,Case Rate,"Medicare Base Rate times Standard Inpatient Weight. Add-on payment, and lesser of 100% of billed charges. Add-on payment, and lesser of 100% of billed charges.",47416.48,,,,,,,Case Rate,"Medicare Base Rate times Standard Inpatient Weight. Outlier (25+) per Diem $7,671.00. Add-on payment, and lesser of 100% of billed charges. Outlier (25+) per Diem $7,671.00. Add-on payment, and lesser of 100% of billed charges.",16613.94,,,,,,,Case Rate,"Medicare Base Rate times Standard Inpatient Weight. 100 percent of Medicare DRG. Add-on payment, . 100 percent of Medicare DRG. Add-on payment, .",16613.94,,,,,,,Case Rate,"Medicare Base Rate times Standard Inpatient Weight. 100 percent of Medicare DRG. Add-on payment,  . 100 percent of Medicare DRG. Add-on payment,  .",16613.94,,,,,,,Case Rate,"Medicare Base Rate times Standard Inpatient Weight. 100 percent of Medicare DRG. Add-on payment,  . 100 percent of Medicare DRG. Add-on payment,  .",16613.94,,,,,,,Case Rate,"Medicare Base Rate times Standard Inpatient Weight. 100 percent of Medicare DRG. Add-on payment,  . 100 percent of Medicare DRG. Add-on payment,  .",16613.94,,,,,,,Case Rate,"Medicare Base Rate times Standard Inpatient Weight. 100 percent of Medicare DRG. Add-on payment, . 100 percent of Medicare DRG. Add-on payment, .",16613.94,,,,,,,Case Rate,"Medicare Base Rate times Standard Inpatient Weight. 100 percent of Medicare DRG. Add-on payment,  . 100 percent of Medicare DRG. Add-on payment,  .",,,,,,,,," ",,,,,,,,," ",,,,,,,,," ",67474.65,,,,,,,Case Rate,"Medicare Base Rate times Standard Inpatient Weight. GMLOS + 6 Outlier per Diem $9,081.00 Add-on payment, and lesser of 100% of billed charges. GMLOS + 6 Outlier per Diem $9,081.00 Add-on payment, and lesser of 100% of billed charges.",41249.13,,,,,,,Case Rate,"Medicare Base Rate times Standard Inpatient Weight. GMLOS + 8 Outlier per Diem $4,623.00. Add-on payment, and lesser of 100% of billed charges. GMLOS + 8 Outlier per Diem $4,623.00. Add-on payment, and lesser of 100% of billed charges.",41249.13,,,,,,,Case Rate,"Medicare Base Rate times Standard Inpatient Weight. GMLOS + 8 Outlier per Diem $4,623.00. Add-on payment, and lesser of 100% of billed charges. GMLOS + 8 Outlier per Diem $4,623.00. Add-on payment, and lesser of 100% of billed charges.",41249.13,,,,,,,Case Rate,"Medicare Base Rate times Standard Inpatient Weight. GMLOS + 8 Outlier per Diem $4,623.00. Add-on payment, and lesser of 100% of billed charges. GMLOS + 8 Outlier per Diem $4,623.00. Add-on payment, and lesser of 100% of billed charges.",41249.13,,,,,,,Case Rate,"Medicare Base Rate times Standard Inpatient Weight. GMLOS + 8 Outlier per Diem $4,623.00. Add-on payment, and lesser of 100% of billed charges. GMLOS + 8 Outlier per Diem $4,623.00. Add-on payment, and lesser of 100% of billed charges.",16613.94,,,,,,,Case Rate,"Medicare Base Rate times Standard Inpatient Weight. 100 percent of Medicare DRG. Add-on payment,  . 100 percent of Medicare DRG. Add-on payment,  .",,,,,,,,," ",67474.65,,,,,,,Case Rate,"Medicare Base Rate times Standard Inpatient Weight. GMLOS + 6 Outlier per Diem $9,081.00 Add-on payment, and lesser of 100% of billed charges. GMLOS + 6 Outlier per Diem $9,081.00 Add-on payment, and lesser of 100% of billed charges.",,,,,,,,," ",16613.94,,,,,,,Case Rate,"Medicare Base Rate times Standard Inpatient Weight. 100 percent of Medicare DRG. Add-on payment,  . 100 percent of Medicare DRG. Add-on payment,  .",,,,,,,,," ",16613.94,,,,,,,Case Rate,"Medicare Base Rate times Standard Inpatient Weight. 100 percent of Medicare DRG. Add-on payment,  . 100 percent of Medicare DRG. Add-on payment,  .",16613.94,,,,,,,Case Rate,"Medicare Base Rate times Standard Inpatient Weight. 100 percent of Medicare DRG. Add-on payment,  . 100 percent of Medicare DRG. Add-on payment,  .",,,,,,,,," ",,,,,,,,," ",41249.13,,,,,,,Case Rate,"Medicare Base Rate times Standard Inpatient Weight. GMLOS + 8 Outlier per Diem $4,623.00. Add-on payment, and lesser of 100% of billed charges. GMLOS + 8 Outlier per Diem $4,623.00. Add-on payment, and lesser of 100% of billed charges.",47416.48,,,,,,,Case Rate,"Medicare Base Rate times Standard Inpatient Weight. Outlier (25+) per Diem $7,671.00. Add-on payment, and lesser of 100% of billed charges. Outlier (25+) per Diem $7,671.00. Add-on payment, and lesser of 100% of billed charges.",,73,,,,,0,Percent of total billed charges,73 percent of charges.  ; No services were performed during the 15 month look back period.,62441.72,,,,,,,Case Rate,"Medicare Base Rate times Standard Inpatient Weight. AMLOS + 5 Outlier per Diem $7,362.00. Add-on payment, and lesser of 100% of billed charges. AMLOS + 5 Outlier per Diem $7,362.00. Add-on payment, and lesser of 100% of billed charges.",62441.72,,,,,,,Case Rate,"Medicare Base Rate times Standard Inpatient Weight. AMLOS + 5 Outlier per Diem $7,362.00. Add-on payment, and lesser of 100% of billed charges. AMLOS + 5 Outlier per Diem $7,362.00. Add-on payment, and lesser of 100% of billed charges.",42636.91,,,,,,,Case Rate,"Medicare Base Rate times Standard Inpatient Weight. GMLOS + 8 Outlier per Diem $6,968.00. Add-on payment, and lesser of 100% of billed charges. GMLOS + 8 Outlier per Diem $6,968.00. Add-on payment, and lesser of 100% of billed charges.",15450.97,,,,,,,Case Rate,"Medicare Base Rate times Standard Inpatient Weight. 93 percent of Medicare DRG. Add-on payment, and lesser of 100% of billed charges. 93 percent of Medicare DRG. Add-on payment, and lesser of 100% of billed charges.",48199.45,,,,,,,Case Rate,"Medicare Base Rate times Standard Inpatient Weight. Add-on payment, and lesser of 100% of billed charges. Add-on payment, and lesser of 100% of billed charges.",48199.45,,,,,,,Case Rate,"Medicare Base Rate times Standard Inpatient Weight. Add-on payment, and lesser of 100% of billed charges. Add-on payment, and lesser of 100% of billed charges.",53173.54,,,,,,,Case Rate,"Medicare Base Rate times Standard Inpatient Weight. GMLOS + 6 Outlier per Diem $7,265.00 Add-on payment, and lesser of 100% of billed charges. GMLOS + 6 Outlier per Diem $7,265.00 Add-on payment, and lesser of 100% of billed charges.",67474.65,,,,,,,Case Rate,"Medicare Base Rate times Standard Inpatient Weight. GMLOS + 6 Outlier per Diem $9,081.00 Add-on payment, and lesser of 100% of billed charges. GMLOS + 6 Outlier per Diem $9,081.00 Add-on payment, and lesser of 100% of billed charges.",16613.94,,,,,,,Case Rate,"Medicare Base Rate times Standard Inpatient Weight. 100 percent of Medicare DRG. Add-on payment,  . 100 percent of Medicare DRG. Add-on payment,  .",16613.94,,,,,,,Case Rate,"Medicare Base Rate times Standard Inpatient Weight. 100 percent of Medicare DRG. Add-on payment,  . 100 percent of Medicare DRG. Add-on payment,  .",16613.94,,,,,,,Case Rate,"Medicare Base Rate times Standard Inpatient Weight. 100 percent of Medicare DRG. Add-on payment,  . 100 percent of Medicare DRG. Add-on payment,  .",16613.94,,,,,,,Case Rate,"Medicare Base Rate times Standard Inpatient Weight. 100 percent of Medicare DRG. Add-on payment,  . 100 percent of Medicare DRG. Add-on payment,  .",62441.72,,,,,,,Case Rate,"Medicare Base Rate times Standard Inpatient Weight. AMLOS + 5 Outlier per Diem $7,362.00. Add-on payment, and lesser of 100% of billed charges. AMLOS + 5 Outlier per Diem $7,362.00. Add-on payment, and lesser of 100% of billed charges.",67474.65,,,,,,,Case Rate,"Medicare Base Rate times Standard Inpatient Weight. GMLOS + 6 Outlier per Diem $9,081.00 Add-on payment, and lesser of 100% of billed charges. GMLOS + 6 Outlier per Diem $9,081.00 Add-on payment, and lesser of 100% of billed charges.",67474.65,,,,,,,Case Rate,"Medicare Base Rate times Standard Inpatient Weight. GMLOS + 6 Outlier per Diem $9,081.00 Add-on payment, and lesser of 100% of billed charges. GMLOS + 6 Outlier per Diem $9,081.00 Add-on payment, and lesser of 100% of billed charges.",16613.94,,,,,,,Case Rate,"Medicare Base Rate times Standard Inpatient Weight. 100 percent of Medicare DRG. Add-on payment,  . 100 percent of Medicare DRG. Add-on payment,  .",53173.54,,,,,,,Case Rate,"Medicare Base Rate times Standard Inpatient Weight. GMLOS + 6 Outlier per Diem $7,265.00 Add-on payment, and lesser of 100% of billed charges. GMLOS + 6 Outlier per Diem $7,265.00 Add-on payment, and lesser of 100% of billed charges.",48526.37,,,,,,,Case Rate,"Medicare Base Rate times Standard Inpatient Weight. Add-on payment, and lesser of 100% of billed charges. Add-on payment, and lesser of 100% of billed charges.",,,,,,,,," ",,,,,,,,," ",41249.13,,,,,,,Case Rate,"Medicare Base Rate times Standard Inpatient Weight. GMLOS + 8 Outlier per Diem $4,623.00. Add-on payment, and lesser of 100% of billed charges. GMLOS + 8 Outlier per Diem $4,623.00. Add-on payment, and lesser of 100% of billed charges.",59819.82,,,,,,,Case Rate,"Medicare Base Rate times Standard Inpatient Weight. GMLOS + 6 Outlier per Diem $8,173.00 Add-on payment, and lesser of 100% of billed charges. GMLOS + 6 Outlier per Diem $8,173.00 Add-on payment, and lesser of 100% of billed charges.",67474.65,,,,,,,Case Rate,"Medicare Base Rate times Standard Inpatient Weight. GMLOS + 6 Outlier per Diem $9,081.00 Add-on payment, and lesser of 100% of billed charges. GMLOS + 6 Outlier per Diem $9,081.00 Add-on payment, and lesser of 100% of billed charges.",67474.65,,,,,,,Case Rate,"Medicare Base Rate times Standard Inpatient Weight. GMLOS + 6 Outlier per Diem $9,081.00 Add-on payment, and lesser of 100% of billed charges. GMLOS + 6 Outlier per Diem $9,081.00 Add-on payment, and lesser of 100% of billed charges.",48987.33,,,,,,,Case Rate,"Medicare Base Rate times Standard Inpatient Weight. GMLOS + 6 Outlier per Diem $8,221.00. Add-on payment, and lesser of 100% of billed charges. GMLOS + 6 Outlier per Diem $8,221.00. Add-on payment, and lesser of 100% of billed charges.",16613.94,,,,,,,Case Rate,"Medicare Base Rate times Standard Inpatient Weight. 100 percent of Medicare DRG. Add-on payment, . 100 percent of Medicare DRG. Add-on payment, .",,,,,,,,," ",,,,,,,,," ",,,,,,,,," ",,,,,,,,," ",62441.72,,,,,,,Case Rate,"Medicare Base Rate times Standard Inpatient Weight. AMLOS + 5 Outlier per Diem $7,362.00. Add-on payment, and lesser of 100% of billed charges. AMLOS + 5 Outlier per Diem $7,362.00. Add-on payment, and lesser of 100% of billed charges.",,,,,,,,," ",,,,,,,,," ",,,,,,,,," ",,,,,,,,," ",,,,,,,,," ",,,,,,,,," ",,,,,,,,," ",16613.94,,,,,,,Case Rate,"Medicare Base Rate times Standard Inpatient Weight. 100 percent of Medicare DRG. Add-on payment,  . 100 percent of Medicare DRG. Add-on payment,  .",62441.72,,,,,,,Case Rate,"Medicare Base Rate times Standard Inpatient Weight. AMLOS + 5 Outlier per Diem $7,362.00. Add-on payment, and lesser of 100% of billed charges. AMLOS + 5 Outlier per Diem $7,362.00. Add-on payment, and lesser of 100% of billed charges.",16613.94,,,,,,,Case Rate,"Medicare Base Rate times Standard Inpatient Weight. 100 percent of Medicare DRG. Add-on payment,  . 100 percent of Medicare DRG. Add-on payment,  .",,,,,,,,," ",67474.65,,,,,,,Case Rate,"Medicare Base Rate times Standard Inpatient Weight. GMLOS + 6 Outlier per Diem $9,081.00 Add-on payment, and lesser of 100% of billed charges. GMLOS + 6 Outlier per Diem $9,081.00 Add-on payment, and lesser of 100% of billed charges.",16613.94,,,,,,,Case Rate,"Medicare Base Rate times Standard Inpatient Weight. 100 percent of Medicare DRG. Add-on payment,  . 100 percent of Medicare DRG. Add-on payment,  .",67474.65,,,,,,,Case Rate,"Medicare Base Rate times Standard Inpatient Weight. GMLOS + 6 Outlier per Diem $9,081.00 Add-on payment, and lesser of 100% of billed charges. GMLOS + 6 Outlier per Diem $9,081.00 Add-on payment, and lesser of 100% of billed charges.",67474.65,,,,,,,Case Rate,"Medicare Base Rate times Standard Inpatient Weight. GMLOS + 6 Outlier per Diem $9,081.00 Add-on payment, and lesser of 100% of billed charges. GMLOS + 6 Outlier per Diem $9,081.00 Add-on payment, and lesser of 100% of billed charges.",67474.65,,,,,,,Case Rate,"Medicare Base Rate times Standard Inpatient Weight. GMLOS + 6 Outlier per Diem $9,081.00 Add-on payment, and lesser of 100% of billed charges. GMLOS + 6 Outlier per Diem $9,081.00 Add-on payment, and lesser of 100% of billed charges.",,,,,,,,," ",16613.94,,,,,,,Case Rate,"Medicare Base Rate times Standard Inpatient Weight. 100 percent of Medicare DRG. Add-on payment,  . 100 percent of Medicare DRG. Add-on payment,  .",67474.65,,,,,,,Case Rate,"Medicare Base Rate times Standard Inpatient Weight. GMLOS + 6 Outlier per Diem $9,081.00 Add-on payment, and lesser of 100% of billed charges. GMLOS + 6 Outlier per Diem $9,081.00 Add-on payment, and lesser of 100% of billed charges.",,,,,,,,," ",67474.65,,,,,,,Case Rate,"Medicare Base Rate times Standard Inpatient Weight. GMLOS + 6 Outlier per Diem $9,081.00 Add-on payment, and lesser of 100% of billed charges. GMLOS + 6 Outlier per Diem $9,081.00 Add-on payment, and lesser of 100% of billed charges.",17444.64,,,,,,,Case Rate,"105% of the Diagnostic Related Group fee schedule established by CMS for Medicare in force as of the date of payment.. Delay in Discharge per diem $4,007 Delay in Discharge per diem $4,007",16613.94,,,,,,,Case Rate,"Medicare Base Rate times Standard Inpatient Weight. 100 percent of Medicare DRG. Add-on payment, . 100 percent of Medicare DRG. Add-on payment, .",41249.13,,,,,,,Case Rate,"Medicare Base Rate times Standard Inpatient Weight. GMLOS + 8 Outlier per Diem $4,623.00. Add-on payment, and lesser of 100% of billed charges. GMLOS + 8 Outlier per Diem $4,623.00. Add-on payment, and lesser of 100% of billed charges.",41249.13,,,,,,,Case Rate,"Medicare Base Rate times Standard Inpatient Weight. GMLOS + 8 Outlier per Diem $4,623.00. Add-on payment, and lesser of 100% of billed charges. GMLOS + 8 Outlier per Diem $4,623.00. Add-on payment, and lesser of 100% of billed charges.",41249.13,,,,,,,Case Rate,"Medicare Base Rate times Standard Inpatient Weight. GMLOS + 8 Outlier per Diem $4,623.00. Add-on payment, and lesser of 100% of billed charges. GMLOS + 8 Outlier per Diem $4,623.00. Add-on payment, and lesser of 100% of billed charges.",41249.13,,,,,,,Case Rate,"Medicare Base Rate times Standard Inpatient Weight. GMLOS + 8 Outlier per Diem $4,623.00. Add-on payment, and lesser of 100% of billed charges. GMLOS + 8 Outlier per Diem $4,623.00. Add-on payment, and lesser of 100% of billed charges.",41249.13,,,,,,,Case Rate,"Medicare Base Rate times Standard Inpatient Weight. GMLOS + 8 Outlier per Diem $4,623.00. Add-on payment, and lesser of 100% of billed charges. GMLOS + 8 Outlier per Diem $4,623.00. Add-on payment, and lesser of 100% of billed charges.",48526.37,,,,,,,Case Rate,"Medicare Base Rate times Standard Inpatient Weight. Add-on payment, and lesser of 100% of billed charges. Add-on payment, and lesser of 100% of billed charges.",48526.37,,,,,,,Case Rate,"Medicare Base Rate times Standard Inpatient Weight. Add-on payment, and lesser of 100% of billed charges. Add-on payment, and lesser of 100% of billed charges.",41249.13,,,,,,,Case Rate,"Medicare Base Rate times Standard Inpatient Weight. GMLOS + 8 Outlier per Diem $4,623.00. Add-on payment, and lesser of 100% of billed charges. GMLOS + 8 Outlier per Diem $4,623.00. Add-on payment, and lesser of 100% of billed charges.",41249.13,,,,,,,Case Rate,"Medicare Base Rate times Standard Inpatient Weight. GMLOS + 8 Outlier per Diem $4,623.00. Add-on payment, and lesser of 100% of billed charges. GMLOS + 8 Outlier per Diem $4,623.00. Add-on payment, and lesser of 100% of billed charges.",41249.13,,,,,,,Case Rate,"Medicare Base Rate times Standard Inpatient Weight. GMLOS + 8 Outlier per Diem $4,623.00. Add-on payment, and lesser of 100% of billed charges. GMLOS + 8 Outlier per Diem $4,623.00. Add-on payment, and lesser of 100% of billed charges.",41249.13,,,,,,,Case Rate,"Medicare Base Rate times Standard Inpatient Weight. GMLOS + 8 Outlier per Diem $4,623.00. Add-on payment, and lesser of 100% of billed charges. GMLOS + 8 Outlier per Diem $4,623.00. Add-on payment, and lesser of 100% of billed charges.",41249.13,,,,,,,Case Rate,"Medicare Base Rate times Standard Inpatient Weight. GMLOS + 8 Outlier per Diem $4,623.00. Add-on payment, and lesser of 100% of billed charges. GMLOS + 8 Outlier per Diem $4,623.00. Add-on payment, and lesser of 100% of billed charges.",16613.94,,,,,,,Case Rate,"Medicare Base Rate times Standard Inpatient Weight. 100 percent of Medicare DRG. Add-on payment,  . 100 percent of Medicare DRG. Add-on payment,  .",48526.37,,,,,,,Case Rate,"Medicare Base Rate times Standard Inpatient Weight. Add-on payment, and lesser of 100% of billed charges. Add-on payment, and lesser of 100% of billed charges.",16613.94,,,,,,,Case Rate,"Medicare Base Rate times Standard Inpatient Weight. 100 percent of Medicare DRG. Add-on payment,  . 100 percent of Medicare DRG. Add-on payment,  .",,,,,,,,," ",,,,,,,,," ",62441.72,,,,,,,Case Rate,"Medicare Base Rate times Standard Inpatient Weight. AMLOS + 5 Outlier per Diem $7,362.00. Add-on payment, and lesser of 100% of billed charges. AMLOS + 5 Outlier per Diem $7,362.00. Add-on payment, and lesser of 100% of billed charges.",62441.72,,,,,,,Case Rate,"Medicare Base Rate times Standard Inpatient Weight. AMLOS + 5 Outlier per Diem $7,362.00. Add-on payment, and lesser of 100% of billed charges. AMLOS + 5 Outlier per Diem $7,362.00. Add-on payment, and lesser of 100% of billed charges.",16613.94,,,,,,,Case Rate,"Medicare Base Rate times Standard Inpatient Weight. 100 percent of Medicare DRG. Add-on payment,  . 100 percent of Medicare DRG. Add-on payment,  .",48199.45,,,,,,,Case Rate,"Medicare Base Rate times Standard Inpatient Weight. Add-on payment, and lesser of 100% of billed charges. Add-on payment, and lesser of 100% of billed charges.",16613.94,,,,,,,Case Rate,"Medicare Base Rate times Standard Inpatient Weight. 100 percent of Medicare DRG. Add-on payment,  . 100 percent of Medicare DRG. Add-on payment,  .",16613.94,,,,,,,Case Rate,"Medicare Base Rate times Standard Inpatient Weight. 100 percent of Medicare DRG. Add-on payment,  . 100 percent of Medicare DRG. Add-on payment,  .",42636.91,,,,,,,Case Rate,"Medicare Base Rate times Standard Inpatient Weight. GMLOS + 8 Outlier per Diem $6,968.00. Add-on payment, and lesser of 100% of billed charges. GMLOS + 8 Outlier per Diem $6,968.00. Add-on payment, and lesser of 100% of billed charges.",16613.94,,,,,,,Case Rate,"Medicare Base Rate times Standard Inpatient Weight. 100 percent of Medicare DRG. Add-on payment,  . 100 percent of Medicare DRG. Add-on payment,  .",47416.48,,,,,,,Case Rate,"Medicare Base Rate times Standard Inpatient Weight. Outlier (25+) per Diem $7,671.00. Add-on payment, and lesser of 100% of billed charges. Outlier (25+) per Diem $7,671.00. Add-on payment, and lesser of 100% of billed charges.",16613.94,,,,,,,Case Rate,"Medicare Base Rate times Standard Inpatient Weight. 100 percent of Medicare DRG. Add-on payment,  . 100 percent of Medicare DRG. Add-on payment,  .",47416.48,,,,,,,Case Rate,"Medicare Base Rate times Standard Inpatient Weight. Outlier (25+) per Diem $7,671.00. Add-on payment, and lesser of 100% of billed charges. Outlier (25+) per Diem $7,671.00. Add-on payment, and lesser of 100% of billed charges.",42636.91,,,,,,,Case Rate,"Medicare Base Rate times Standard Inpatient Weight. GMLOS + 8 Outlier per Diem $6,968.00. Add-on payment, and lesser of 100% of billed charges. GMLOS + 8 Outlier per Diem $6,968.00. Add-on payment, and lesser of 100% of billed charges.",47416.48,,,,,,,Case Rate,"Medicare Base Rate times Standard Inpatient Weight. Outlier (25+) per Diem $7,671.00. Add-on payment, and lesser of 100% of billed charges. Outlier (25+) per Diem $7,671.00. Add-on payment, and lesser of 100% of billed charges.",16613.94,,,,,,,Case Rate,"Medicare Base Rate times Standard Inpatient Weight. 100 percent of Medicare DRG. Add-on payment,  . 100 percent of Medicare DRG. Add-on payment,  .",,,,,,,,," ",16613.94,,,,,,,Case Rate,"Medicare Base Rate times Standard Inpatient Weight. 100 percent of Medicare DRG. Add-on payment,  . 100 percent of Medicare DRG. Add-on payment,  .",47416.48,,,,,,,Case Rate,"Medicare Base Rate times Standard Inpatient Weight. Outlier (25+) per Diem $7,671.00. Add-on payment, and lesser of 100% of billed charges. Outlier (25+) per Diem $7,671.00. Add-on payment, and lesser of 100% of billed charges.",62441.72,,,,,,,Case Rate,"Medicare Base Rate times Standard Inpatient Weight. AMLOS + 5 Outlier per Diem $7,362.00. Add-on payment, and lesser of 100% of billed charges. AMLOS + 5 Outlier per Diem $7,362.00. Add-on payment, and lesser of 100% of billed charges.",,,,,,,,," ",67474.65,,,,,,,Case Rate,"Medicare Base Rate times Standard Inpatient Weight. GMLOS + 6 Outlier per Diem $9,081.00 Add-on payment, and lesser of 100% of billed charges. GMLOS + 6 Outlier per Diem $9,081.00 Add-on payment, and lesser of 100% of billed charges.",,,,,,,,," ",,,,,,,,," ",66466.11,,,,,,,Case Rate,"Medicare Base Rate times Standard Inpatient Weight. GMLOS + 6 Outlier per Diem $9,081.00 Add-on payment, and lesser of 100% of billed charges. GMLOS + 6 Outlier per Diem $9,081.00 Add-on payment, and lesser of 100% of billed charges.",66466.11,,,,,,,Case Rate,"Medicare Base Rate times Standard Inpatient Weight. GMLOS + 6 Outlier per Diem $9,081.00 Add-on payment, and lesser of 100% of billed charges. GMLOS + 6 Outlier per Diem $9,081.00 Add-on payment, and lesser of 100% of billed charges.",67474.65,,,,,,,Case Rate,"Medicare Base Rate times Standard Inpatient Weight. GMLOS + 6 Outlier per Diem $9,081.00 Add-on payment, and lesser of 100% of billed charges. GMLOS + 6 Outlier per Diem $9,081.00 Add-on payment, and lesser of 100% of billed charges.",62441.72,,,,,,,Case Rate,"Medicare Base Rate times Standard Inpatient Weight. AMLOS + 5 Outlier per Diem $7,362.00. Add-on payment, and lesser of 100% of billed charges. AMLOS + 5 Outlier per Diem $7,362.00. Add-on payment, and lesser of 100% of billed charges.",67474.65,,,,,,,Case Rate,"Medicare Base Rate times Standard Inpatient Weight. GMLOS + 6 Outlier per Diem $9,081.00 Add-on payment, and lesser of 100% of billed charges. GMLOS + 6 Outlier per Diem $9,081.00 Add-on payment, and lesser of 100% of billed charges.",66466.11,,,,,,,Case Rate,"Medicare Base Rate times Standard Inpatient Weight. GMLOS + 6 Outlier per Diem $9,081.00 Add-on payment, and lesser of 100% of billed charges. GMLOS + 6 Outlier per Diem $9,081.00 Add-on payment, and lesser of 100% of billed charges.",67474.65,,,,,,,Case Rate,"Medicare Base Rate times Standard Inpatient Weight. GMLOS + 6 Outlier per Diem $9,081.00 Add-on payment, and lesser of 100% of billed charges. GMLOS + 6 Outlier per Diem $9,081.00 Add-on payment, and lesser of 100% of billed charges.",41249.13,,,,,,,Case Rate,"Medicare Base Rate times Standard Inpatient Weight. GMLOS + 8 Outlier per Diem $4,623.00. Add-on payment, and lesser of 100% of billed charges. GMLOS + 8 Outlier per Diem $4,623.00. Add-on payment, and lesser of 100% of billed charges.",41249.13,,,,,,,Case Rate,"Medicare Base Rate times Standard Inpatient Weight. GMLOS + 8 Outlier per Diem $4,623.00. Add-on payment, and lesser of 100% of billed charges. GMLOS + 8 Outlier per Diem $4,623.00. Add-on payment, and lesser of 100% of billed charges.",43413.99,,,,,,,Case Rate,. 200 percent of Medicare 200 percent of Medicare,,,,,,,,," ",62441.72,,,,,,,Case Rate,"Medicare Base Rate times Standard Inpatient Weight. AMLOS + 5 Outlier per Diem $7,362.00. Add-on payment, and lesser of 100% of billed charges. AMLOS + 5 Outlier per Diem $7,362.00. Add-on payment, and lesser of 100% of billed charges.",47416.48,,,,,,,Case Rate,"Medicare Base Rate times Standard Inpatient Weight. Outlier (25+) per Diem $7,671.00. Add-on payment, and lesser of 100% of billed charges. Outlier (25+) per Diem $7,671.00. Add-on payment, and lesser of 100% of billed charges.",42636.91,,,,,,,Case Rate,"Medicare Base Rate times Standard Inpatient Weight. GMLOS + 8 Outlier per Diem $6,968.00. Add-on payment, and lesser of 100% of billed charges. GMLOS + 8 Outlier per Diem $6,968.00. Add-on payment, and lesser of 100% of billed charges.",62441.72,,,,,,,Case Rate,"Medicare Base Rate times Standard Inpatient Weight. AMLOS + 5 Outlier per Diem $7,362.00. Add-on payment, and lesser of 100% of billed charges. AMLOS + 5 Outlier per Diem $7,362.00. Add-on payment, and lesser of 100% of billed charges.",42636.91,,,,,,,Case Rate,"Medicare Base Rate times Standard Inpatient Weight. GMLOS + 8 Outlier per Diem $6,968.00. Add-on payment, and lesser of 100% of billed charges. GMLOS + 8 Outlier per Diem $6,968.00. Add-on payment, and lesser of 100% of billed charges.",62441.72,,,,,,,Case Rate,"Medicare Base Rate times Standard Inpatient Weight. AMLOS + 5 Outlier per Diem $7,362.00. Add-on payment, and lesser of 100% of billed charges. AMLOS + 5 Outlier per Diem $7,362.00. Add-on payment, and lesser of 100% of billed charges.",67474.65,,,,,,,Case Rate,"Medicare Base Rate times Standard Inpatient Weight. GMLOS + 6 Outlier per Diem $9,081.00 Add-on payment, and lesser of 100% of billed charges. GMLOS + 6 Outlier per Diem $9,081.00 Add-on payment, and lesser of 100% of billed charges.",66466.11,,,,,,,Case Rate,"Medicare Base Rate times Standard Inpatient Weight. GMLOS + 6 Outlier per Diem $9,081.00 Add-on payment, and lesser of 100% of billed charges. GMLOS + 6 Outlier per Diem $9,081.00 Add-on payment, and lesser of 100% of billed charges.",66466.11,,,,,,,Case Rate,"Medicare Base Rate times Standard Inpatient Weight. GMLOS + 6 Outlier per Diem $9,081.00 Add-on payment, and lesser of 100% of billed charges. GMLOS + 6 Outlier per Diem $9,081.00 Add-on payment, and lesser of 100% of billed charges.",67474.65,,,,,,,Case Rate,"Medicare Base Rate times Standard Inpatient Weight. GMLOS + 6 Outlier per Diem $9,081.00 Add-on payment, and lesser of 100% of billed charges. GMLOS + 6 Outlier per Diem $9,081.00 Add-on payment, and lesser of 100% of billed charges.",16613.94,,,,,,,Case Rate,"Medicare Base Rate times Standard Inpatient Weight. 100 percent of Medicare DRG. Add-on payment,  . 100 percent of Medicare DRG. Add-on payment,  .",14584.66,74410.26,
P9016,HCPCS,,,490,RC,RBC LEUKOCYTES REDUCED,,,both,,,,185.82,,,,,,,Fee Schedule,"100 % 1199 Fee Schedule. ",185.82,,,,,,,Fee Schedule,"100 % 1199 Fee Schedule. ",,60,,,,,0,percent of total billed charges,60 percent of billed charges. Line level lesser of applies.; No services were performed during the 15 month look back period.,,100,,,,,0,percent of total billed charges,100 percent of billed charges. ; No services were performed during the 15 month look back period.,182,,,,,,,Case Rate,"100% Medicare OPPS FS. ",,60,,,,,0,percent of total billed charges,60 percent of billed charges. Line level lesser of applies.; No services were performed during the 15 month look back period.,,60,,,,,0,percent of total billed charges,60 percent of billed charges. Line level lesser of applies.; No services were performed during the 15 month look back period.,,60,,,,,0,percent of total billed charges,60 percent of billed charges. Line level lesser of applies.; No services were performed during the 15 month look back period.,848.78,,,,,,,Case Rate,"100 Percent of Medicaid APG. ",707.32,,,,,,,Case Rate,"100 Percent of Medicaid APG. ",,78,,,,,0,percent of total billed charges,78% of Billed Charges. Lesser of 100% of billed charges applies.; No services were performed during the 15 month look back period.,,,,,,,,Fee Schedule,". ",707.32,,,,,,,Case Rate,"100 Percent of Medicaid APG. ",182,,,,,,,Case Rate,"100% Medicare OPPS FS. ",6487,,,,,,,Case Rate,". MPL 100/50/25% maxmium of 3 procedures. All add ons apply, and lesser of 100% of billed charges",6487,,,,,,,Case Rate,". MPL 100/50/25% maxmium of 3 procedures. All add ons apply, and lesser of 100% of billed charges",6487,,,,,,,Case Rate,". MPL 100/50/25% maxmium of 3 procedures. All add ons apply, and lesser of 100% of billed charges",6487,,,,,,,Case Rate,". MPL 100/50/25% maxmium of 3 procedures. All add ons apply, and lesser of 100% of billed charges",,1,,,,,0,percent of total billed charges,NA. Covered services not payable under Medicaid Fee Schedules default to a payment of 50 percent of charges.; No services were performed during the 15 month look back period.,182,,,,,,,Case Rate,"100% Medicare OPPS FS. ",,1,,,,,0,percent of total billed charges,NA. Covered services not payable under Medicaid Fee Schedules default to a payment of 50 percent of charges.; No services were performed during the 15 month look back period.,,78,,,,,0,percent of total billed charges,78% of Billed Charges. Lesser of 100% of billed charges applies.; No services were performed during the 15 month look back period.,,60,,,,,0,percent of total billed charges,60 percent of billed charges. Line level lesser of applies.; No services were performed during the 15 month look back period.,182,,,,,,,Case Rate,"100%Medicare OPPS FS. ",8427,,,,,,,Case Rate,". Primary procedure pays at 100%, all subsequent at 50%.",182,,,,,,,Case Rate,"100%Medicare OPPS FS. ",182,,,,,,,Case Rate,"100%Medicare OPPS FS. ",,78,,,,,0,percent of total billed charges,78% of Billed Charges. Lesser of 100% of billed charges applies.; No services were performed during the 15 month look back period.,,,,,,,,Fee Schedule,"Not payable. ",,,,,,,,Fee Schedule,"Not payable. ",,,,,,,,Fee schedule,"90 Percent of Medicare RBRVS. ",,,,,,,,Fee schedule,"90 Percent of Medicare RBRVS. ",8427,,,,,,,Case Rate,". Primary procedure pays at 100%, all subsequent at 50%.",8427,,,,,,,Case Rate,". Primary procedure pays at 100%, all subsequent at 50%.",707.32,,,,,,,Case Rate,"100 Percent of Medicaid APG. Not APG payable, or payable under another fee schedule like ASP/AWP pays at 30% of charges",8427,,,,,,,Case Rate,". Primary procedure pays at 100%, all subsequent at 50%.",707.32,,,,,,,Case Rate,"100 Percent of Medicaid APG. Not APG payable, or payable under another fee schedule like ASP/AWP pays at 30% of charges",182,,,,,,,Case Rate,"100%Medicare OPPS FS. ",8427,,,,,,,Case Rate,". Primary procedure pays at 100%, all subsequent at 50%.",,78,,,,,0,percent of total billed charges,78% of Billed Charges. Lesser of 100% of billed charges applies.; No services were performed during the 15 month look back period.,707.32,,,,,,,Case Rate,"106 percent of Average Sales Price.. Drugs not priced under APG, billed with revenue code 636 and not priced by Medicare ASP FeeSched will be reimbursed at 20% of charges.",707.32,,,,,,,Case Rate,"106 percent of Average Sales Price.. Drugs not priced under APG, billed with revenue code 636 and not priced by Medicare ASP FeeSched will be reimbursed at 20% of charges.",,78,,,,,0,percent of total billed charges,78% of Billed Charges. Lesser of 100% of billed charges applies.; No services were performed during the 15 month look back period.,6487,,,,,,,Case Rate,". MPL 100/50/25% maxmium of 3 procedures. All add ons apply, and lesser of 100% of billed charges",,,,,,,,Fee Schedule,". ",,,,,,,,Fee Schedule,". ",,78,,,,,0,percent of total billed charges,78% of Billed Charges. Lesser of 100% of billed charges applies.; No services were performed during the 15 month look back period.,182,,,,,,,Case Rate,"100% Medicare OPPS FS. ",,,,,,,,Fee Schedule,". ",,,,,,,,Fee Schedule,". ",,,,,,,,Fee Schedule,". ",182,,,,,,,Case Rate,"100% Medicare OPPS FS. ",,,,,,,,Fee Schedule,". ",,,,,,,,Fee Schedule,". ",182,,,,,,,Case Rate,"100% of Medicare OPPS. ",25798,,,,,,,Case Rate,". MPL 100/75/50% all add ons apply, and lesser of 100% of billed charges",,50,,,,,0,percent of total billed charges,50% of Billed Charges. Lesser of 100% of billed charges applies.; No services were performed during the 15 month look back period.,,50,,,,,0,percent of total billed charges,50% of Billed Charges. Lesser of 100% of billed charges applies.; No services were performed during the 15 month look back period.,,50,,,,,0,percent of total billed charges,50% of Billed Charges. Lesser of 100% of billed charges applies.; No services were performed during the 15 month look back period.,,50,,,,,0,percent of total billed charges,50% of Billed Charges. Lesser of 100% of billed charges applies.; No services were performed during the 15 month look back period.,,50,,,,,0,percent of total billed charges,50% of Billed Charges. Lesser of 100% of billed charges applies.; No services were performed during the 15 month look back period.,,50,,,,,0,percent of total billed charges,50% of Billed Charges. Lesser of 100% of billed charges applies.; No services were performed during the 15 month look back period.,182,,,,,,,Case Rate,"100% Medicare OPPS FS. ",182,,,,,,,Case Rate,"100% Medicare OPPS FS. ",,50,,,,,0,percent of total billed charges,50% of Billed Charges. Lesser of 100% of billed charges applies.; No services were performed during the 15 month look back period.,,78,,,,,0,percent of total billed charges,78% of Billed Charges. Lesser of 100% of billed charges applies.; No services were performed during the 15 month look back period.,,78,,,,,0,percent of total billed charges,78% of Billed Charges. Lesser of 100% of billed charges applies.; No services were performed during the 15 month look back period.,,78,,,,,0,percent of total billed charges,78% of Billed Charges. Lesser of 100% of billed charges applies.; No services were performed during the 15 month look back period.,,78,,,,,0,percent of total billed charges,78% of Billed Charges. Lesser of 100% of billed charges applies.; No services were performed during the 15 month look back period.,,78,,,,,0,percent of total billed charges,78% of Billed Charges. Lesser of 100% of billed charges applies.; No services were performed during the 15 month look back period.,,78,,,,,0,percent of total billed charges,78% of Billed Charges. Lesser of 100% of billed charges applies.; No services were performed during the 15 month look back period.,,78,,,,,0,percent of total billed charges,78% of Billed Charges. Lesser of 100% of billed charges applies.; No services were performed during the 15 month look back period.,,78,,,,,0,percent of total billed charges,78% of Billed Charges. Lesser of 100% of billed charges applies.; No services were performed during the 15 month look back period.,,78,,,,,0,percent of total billed charges,78% of Billed Charges. Lesser of 100% of billed charges applies.; No services were performed during the 15 month look back period.,,78,,,,,0,percent of total billed charges,78% of Billed Charges. Lesser of 100% of billed charges applies.; No services were performed during the 15 month look back period.,,78,,,,,0,percent of total billed charges,78% of Billed Charges. Lesser of 100% of billed charges applies.; No services were performed during the 15 month look back period.,,78,,,,,0,percent of total billed charges,78% of Billed Charges. Lesser of 100% of billed charges applies.; No services were performed during the 15 month look back period.,,78,,,,,0,percent of total billed charges,78% of Billed Charges. Lesser of 100% of billed charges applies.; No services were performed during the 15 month look back period.,,78,,,,,0,percent of total billed charges,78% of Billed Charges. Lesser of 100% of billed charges applies.; No services were performed during the 15 month look back period.,,78,,,,,0,percent of total billed charges,78% of Billed Charges. Lesser of 100% of billed charges applies.; No services were performed during the 15 month look back period.,,78,,,,,0,percent of total billed charges,78% of Billed Charges. Lesser of 100% of billed charges applies.; No services were performed during the 15 month look back period.,,78,,,,,0,percent of total billed charges,78% of Billed Charges. Lesser of 100% of billed charges applies.; No services were performed during the 15 month look back period.,,78,,,,,0,percent of total billed charges,78% of Billed Charges. Lesser of 100% of billed charges applies.; No services were performed during the 15 month look back period.,,78,,,,,0,percent of total billed charges,78% of Billed Charges. Lesser of 100% of billed charges applies.; No services were performed during the 15 month look back period.,,78,,,,,0,percent of total billed charges,78% of Billed Charges. Lesser of 100% of billed charges applies.; No services were performed during the 15 month look back period.,,78,,,,,0,percent of total billed charges,78% of Billed Charges. Lesser of 100% of billed charges applies.; No services were performed during the 15 month look back period.,,78,,,,,0,percent of total billed charges,78% of Billed Charges. Lesser of 100% of billed charges applies.; No services were performed during the 15 month look back period.,,78,,,,,0,percent of total billed charges,78% of Billed Charges. Lesser of 100% of billed charges applies.; No services were performed during the 15 month look back period.,,78,,,,,0,percent of total billed charges,78% of Billed Charges. Lesser of 100% of billed charges applies.; No services were performed during the 15 month look back period.,,78,,,,,0,percent of total billed charges,78% of Billed Charges. Lesser of 100% of billed charges applies.; No services were performed during the 15 month look back period.,,78,,,,,0,percent of total billed charges,78% of Billed Charges. Lesser of 100% of billed charges applies.; No services were performed during the 15 month look back period.,8427,,,,,,,Case Rate,". Primary procedure pays at 100%, all subsequent at 50%.",8427,,,,,,,Case Rate,". Primary procedure pays at 100%, all subsequent at 50%.",8427,,,,,,,Case Rate,". Primary procedure pays at 100%, all subsequent at 50%.",8427,,,,,,,Case Rate,". Primary procedure pays at 100%, all subsequent at 50%.",,40,,,,,0,percent of total billed charges,40 percent of billed charges. ; No services were performed during the 15 month look back period.,,40,,,,,0,percent of total billed charges,40 percent of billed charges. ; No services were performed during the 15 month look back period.,6487,,,,,,,Case Rate,". MPL 100/50/25% maxmium of 3 procedures. All add ons apply, and lesser of 100% of billed charges",,50,,,,,0,percent of total billed charges,50% of Billed Charges. Lesser of 100% of billed charges applies.; No services were performed during the 15 month look back period.,,,,,,,,Fee Schedule,". ",,50,,,,,0,percent of total billed charges,50% of Billed Charges. Lesser of 100% of billed charges applies.; No services were performed during the 15 month look back period.,,78,,,,,0,percent of total billed charges,78% of Billed Charges. Lesser of 100% of billed charges applies.; No services were performed during the 15 month look back period.,,40,,,,,0,percent of total billed charges,40 percent of billed charges. ; No services were performed during the 15 month look back period.,,50,,,,,0,percent of total billed charges,50% of Billed Charges. Lesser of 100% of billed charges applies.; No services were performed during the 15 month look back period.,,,,,,,,Fee Schedule,". ",6487,,,,,,,Case Rate,". MPL 100/50/25% maxmium of 3 procedures. All add ons apply, and lesser of 100% of billed charges",,,,,,,,,"NA. ",,78,,,,,0,percent of total billed charges,78% of Billed Charges. Lesser of 100% of billed charges applies.; No services were performed during the 15 month look back period.,707.32,,,,,,,Case Rate,"100 Percent of Medicaid APG. ",8427,,,,,,,Case Rate,". Primary procedure pays at 100%, all subsequent at 50%.",707.32,,,,,,,Case Rate,"100 Percent of Medicaid APG. Not APG payable, or payable under another fee schedule like ASP/AWP pays at 30% of charges",182,,,,,,,Case Rate,"100%Medicare OPPS FS. ",182,,,,,,,Case Rate,"100% Medicare OPPS FS. ",25798,,,,,,,Case Rate,". MPL 100/75/50% all add ons apply, and lesser of 100% of billed charges",182,,,,,,,Case Rate,"100% Medicare OPPS FS. ",182,,,,,,,Case Rate,"100% Medicare OPPS FS. ",707.32,,,,,,,Case Rate,"100 Percent of Medicaid APG. ",182,,,,,,,Case Rate,"100% Medicare OPPS FS. ",182,,,,,,,Case Rate,"100% Medicare OPPS FS. ",,60,,,,,0,percent of total billed charges,60 percent of billed charges. Line level lesser of applies.; No services were performed during the 15 month look back period.,,60,,,,,0,percent of total billed charges,60 percent of billed charges. Line level lesser of applies.; No services were performed during the 15 month look back period.,182,,,,,,,Case Rate,"100% Medicare OPPS FS. ",6487,,,,,,,Case Rate,". MPL 100/50/25% maxmium of 3 procedures. All add ons apply, and lesser of 100% of billed charges",,,,,,,,Fee Schedule,". ",,,,,,,,Fee Schedule,". ",182,,,,,,,Case Rate,"100% Medicare OPPS FS. ",6487,,,,,,,Case Rate,". MPL 100/50/25% maxmium of 3 procedures. All add ons apply, and lesser of 100% of billed charges",,60,,,,,0,percent of total billed charges,60 percent of billed charges. Line level lesser of applies.; No services were performed during the 15 month look back period.,,60,,,,,0,percent of total billed charges,60 percent of billed charges. Line level lesser of applies.; No services were performed during the 15 month look back period.,,60,,,,,0,percent of total billed charges,60 percent of billed charges. Line level lesser of applies.; No services were performed during the 15 month look back period.,,78,,,,,0,percent of total billed charges,78% of Billed Charges. Lesser of 100% of billed charges applies.; No services were performed during the 15 month look back period.,,78,,,,,0,percent of total billed charges,78% of Billed Charges. Lesser of 100% of billed charges applies.; No services were performed during the 15 month look back period.,,78,,,,,0,percent of total billed charges,78% of Billed Charges. Lesser of 100% of billed charges applies.; No services were performed during the 15 month look back period.,,78,,,,,0,percent of total billed charges,78% of Billed Charges. Lesser of 100% of billed charges applies.; No services were performed during the 15 month look back period.,,78,,,,,0,percent of total billed charges,78% of Billed Charges. Lesser of 100% of billed charges applies.; No services were performed during the 15 month look back period.,,78,,,,,0,percent of total billed charges,78% of Billed Charges. Lesser of 100% of billed charges applies.; No services were performed during the 15 month look back period.,,78,,,,,0,percent of total billed charges,78% of Billed Charges. Lesser of 100% of billed charges applies.; No services were performed during the 15 month look back period.,,78,,,,,0,percent of total billed charges,78% of Billed Charges. Lesser of 100% of billed charges applies.; No services were performed during the 15 month look back period.,,78,,,,,0,percent of total billed charges,78% of Billed Charges. Lesser of 100% of billed charges applies.; No services were performed during the 15 month look back period.,,78,,,,,0,percent of total billed charges,78% of Billed Charges. Lesser of 100% of billed charges applies.; No services were performed during the 15 month look back period.,,78,,,,,0,percent of total billed charges,78% of Billed Charges. Lesser of 100% of billed charges applies.; No services were performed during the 15 month look back period.,,40,,,,,0,percent of total billed charges,40 percent of billed charges. ; No services were performed during the 15 month look back period.,,50,,,,,0,percent of total billed charges,50% of Billed Charges. Lesser of 100% of billed charges applies.; No services were performed during the 15 month look back period.,6487,,,,,,,Case Rate,". MPL 100/50/25% maxmium of 3 procedures. All add ons apply, and lesser of 100% of billed charges",182,,,,,,,Case Rate,"100% Medicare OPPS FS. ",,60,,,,,0,percent of total billed charges,60 percent of billed charges. Line level lesser of applies.; No services were performed during the 15 month look back period.,6487,,,,,,,Case Rate,". MPL 100/50/25% maxmium of 3 procedures. All add ons apply, and lesser of 100% of billed charges",6487,,,,,,,Case Rate,". MPL 100/50/25% maxmium of 3 procedures. All add ons apply, and lesser of 100% of billed charges",,78,,,,,0,percent of total billed charges,78% of Billed Charges. Lesser of 100% of billed charges applies.; No services were performed during the 15 month look back period.,1513.66,,,,,,,Case Rate,"214 Percent of Medicaid APG. Drugs not priced under APG, billed with revenue code 636 and not priced by Medicare ASP FeeSched will be reimbursed at 20% of charges.",6487,,,,,,,Case Rate,". MPL 100/50/25% maxmium of 3 procedures. All add ons apply, and lesser of 100% of billed charges",707.32,,,,,,,Case Rate,"100 Percent of Medicaid APG. ",182,,,,,,,Case Rate,"100% Medicare OPPS FS. ",182,,,,,,,Case Rate,"100% Medicare OPPS FS. ",182,,,,,,,Case Rate,"100% Medicare OPPS FS. ",182,,,,,,,Case Rate,"100% Medicare OPPS FS. ",182,,,,,,,Case Rate,"100% Medicare OPPS FS. ",182,,,,,,,Case Rate,"100% Medicare OPPS FS. ",6487,,,,,,,Case Rate,". MPL 100/50/25% maxmium of 3 procedures. All add ons apply, and lesser of 100% of billed charges",25798,,,,,,,Case Rate,". MPL 100/75/50% all add ons apply, and lesser of 100% of billed charges",,1,,,,,0,percent of total billed charges,NA. ; No services were performed during the 15 month look back period.,,1,,,,,0,percent of total billed charges,NA. ; No services were performed during the 15 month look back period.,,1,,,,,0,percent of total billed charges,NA. ; No services were performed during the 15 month look back period.,,1,,,,,0,percent of total billed charges,NA. ; No services were performed during the 15 month look back period.,,1,,,,,0,percent of total billed charges,NA. ; No services were performed during the 15 month look back period.,,,,,,,,,"NA. ",25798,,,,,,,Case Rate,". MPL 100/75/50% all add ons apply, and lesser of 100% of billed charges",360.36,,,,,,,Case Rate,198 Percent of Medicare OPPS. Metroplus will reimburse unlisted codes and described codes with no Medicare rate at 50 percent of charges.,360.36,,,,,,,Case Rate,198 Percent of Medicare OPPS. Metroplus will reimburse unlisted codes and described codes with no Medicare rate at 50 percent of charges.,360.36,,,,,,,Case Rate,198 Percent of Medicare OPPS. Metroplus will reimburse unlisted codes and described codes with no Medicare rate at 50 percent of charges.,360.36,,,,,,,Case Rate,198 Percent of Medicare OPPS. Metroplus will reimburse unlisted codes and described codes with no Medicare rate at 50 percent of charges.,360.36,,,,,,,Case Rate,198 Percent of Medicare OPPS. Metroplus will reimburse unlisted codes and described codes with no Medicare rate at 50 percent of charges.,182,,,,,,,Case Rate,"100% Medicare OPPS FS. ",,40,,,,,0,percent of total billed charges,40 percent of billed charges. ; No services were performed during the 15 month look back period.,,40,,,,,0,percent of total billed charges,40 percent of billed charges. ; No services were performed during the 15 month look back period.,,40,,,,,0,percent of total billed charges,40 percent of billed charges. ; No services were performed during the 15 month look back period.,,40,,,,,0,percent of total billed charges,40 percent of billed charges. ; No services were performed during the 15 month look back period.,,60,,,,,0,percent of total billed charges,60 percent of billed charges. Line level lesser of applies.; No services were performed during the 15 month look back period.,,60,,,,,0,percent of total billed charges,60 percent of billed charges. Line level lesser of applies.; No services were performed during the 15 month look back period.,,60,,,,,0,percent of total billed charges,60 percent of billed charges. Line level lesser of applies.; No services were performed during the 15 month look back period.,,60,,,,,0,percent of total billed charges,60 percent of billed charges. Line level lesser of applies.; No services were performed during the 15 month look back period.,25798,,,,,,,Case Rate,". MPL 100/75/50% all add ons apply, and lesser of 100% of billed charges",25798,,,,,,,Case Rate,". MPL 100/75/50% all add ons apply, and lesser of 100% of billed charges",182,,,,,,,Case Rate,"100% Medicare OPPS FS. ",182,,,,,,,Case Rate,"100% Medicare OPPS FS. ",182,,,,,,,Case Rate,"100% Medicare OPPS FS. ",,50,,,,,0,percent of total billed charges,50% of Billed Charges. Lesser of 100% of billed charges applies.; No services were performed during the 15 month look back period.,,50,,,,,0,percent of total billed charges,50% of Billed Charges. Lesser of 100% of billed charges applies.; No services were performed during the 15 month look back period.,,50,,,,,0,percent of total billed charges,50% of Billed Charges. Lesser of 100% of billed charges applies.; No services were performed during the 15 month look back period.,25798,,,,,,,Case Rate,". MPL 100/75/50% all add ons apply, and lesser of 100% of billed charges",,60,,,,,0,percent of total billed charges,60 percent of billed charges. Line level lesser of applies.; No services were performed during the 15 month look back period.,182,,,,,,,Case Rate,"100% Medicare OPPS FS. ",,50,,,,,0,percent of total billed charges,50% of Billed Charges. Lesser of 100% of billed charges applies.; No services were performed during the 15 month look back period.,707.32,,,,,,,Case Rate,"100 Percent of Medicaid APG. ",185.64,,,,,,,Case Rate,"102% of Medicare OPPS. ",185.64,,,,,,,Case Rate,"102% of Medicare OPPS. ",185.64,,,,,,,Case Rate,"102% of Medicare OPPS. ",,,,,,,,Fee schedule,"90 Percent of Medicare RBRVS. ",1591.46,,,,,,,Fee Schedule,225% of NYS APG. Lesser of 100% of billed charges applies.,1591.46,,,,,,,Fee Schedule,225% of NYS APG. Lesser of 100% of billed charges applies.,1591.46,,,,,,,Fee Schedule,225% of NYS APG. Lesser of 100% of billed charges applies.,1591.46,,,,,,,Fee Schedule,225% of NYS APG. Lesser of 100% of billed charges applies.,1591.46,,,,,,,Fee Schedule,225% of NYS APG. Lesser of 100% of billed charges applies.,185.64,,,,,,,Case Rate,"102% of Medicare OPPS. ",707.32,,,,,,,Case Rate,"100 Percent of Medicaid APG. ",,,,,,,,Fee Schedule,"Not payable. ",1591.46,,,,,,,Fee Schedule,225% of NYS APG. Lesser of 100% of billed charges applies.,1591.46,,,,,,,Fee Schedule,225% of NYS APG. Lesser of 100% of billed charges applies.,,,,,,,,Fee Schedule,"Not payable. ",,,,,,,,Fee Schedule,"Not payable. ",,1,,,,,0,percent of total billed charges,NA. ; No services were performed during the 15 month look back period.,182,,,,,,,Case Rate,"100% Medicare OPPS FS. ",182,,,,,,,Case Rate,"100% Medicare OPPS FS. ",,60,,,,,0,percent of total billed charges,60 percent of billed charges. Line level lesser of applies.; No services were performed during the 15 month look back period.,182,,,,,,,Case Rate,"100% Medicare OPPS FS. ",1591.46,,,,,,,Fee Schedule,"225 Percent of Medicaid APG. ",1591.46,,,,,,,Fee Schedule,"225 Percent of Medicaid APG. ",,,,,,,,Fee schedule,"90 Percent of Medicare RBRVS. ",,,,,,,,Fee schedule,"90 Percent of Medicare RBRVS. ",1591.46,,,,,,,Case Rate,225 Percent of Medicaid APG. Covered services not payable under Medicaid Fee Schedules default to a payment of 87.5 percent of charges.,,1,,,,,0,percent of total billed charges,NA. Covered services not payable under Medicaid Fee Schedules default to a payment of 50 percent of charges.; No services were performed during the 15 month look back period.,1591.46,,,,,,,Case Rate,"100 Percent of Medicaid APG. ",1591.46,,,,,,,Case Rate,"100 Percent of Medicaid APG. ",1591.46,,,,,,,Case Rate,"100 Percent of Medicaid APG. ",1591.46,,,,,,,Case Rate,"100 Percent of Medicaid APG. ",13453,,,,,,,Case Rate,". MPL 100/75/50% all add ons apply, and lesser of 100% of billed charges",25798,,,,,,,Case Rate,". MPL 100/75/50% all add ons apply, and lesser of 100% of billed charges",848.78,,,,,,,Case Rate,"120 Percent of Medicaid APG. Not APG payable, or payable under another fee schedule like ASP/AWP pays at 30% of charges",848.78,,,,,,,Case Rate,"120 Percent of Medicaid APG. Not APG payable, or payable under another fee schedule like ASP/AWP pays at 30% of charges",707.32,,,,,,,Case Rate,"100 Percent of Medicaid APG. Not APG payable, or payable under another fee schedule like ASP/AWP pays at 30% of charges",707.32,,,,,,,Case Rate,"100 Percent of Medicaid APG. Not APG payable, or payable under another fee schedule like ASP/AWP pays at 30% of charges",,50,,,,,0,percent of total billed charges,50% of Billed Charges. Lesser of 100% of billed charges applies.; No services were performed during the 15 month look back period.,,50,,,,,0,percent of total billed charges,50% of Billed Charges. Lesser of 100% of billed charges applies.; No services were performed during the 15 month look back period.,182,,,,,,,Case Rate,"100% Medicare OPPS FS. ",,50,,,,,0,percent of total billed charges,50% of Billed Charges. Lesser of 100% of billed charges applies.; No services were performed during the 15 month look back period.,,50,,,,,0,percent of total billed charges,50% of Billed Charges. Lesser of 100% of billed charges applies.; No services were performed during the 15 month look back period.,,50,,,,,0,percent of total billed charges,50% of Billed Charges. Lesser of 100% of billed charges applies.; No services were performed during the 15 month look back period.,,50,,,,,0,percent of total billed charges,50% of Billed Charges. Lesser of 100% of billed charges applies.; No services were performed during the 15 month look back period.,182,,,,,,,Case Rate,"100% Medicare OPPS FS. ",,50,,,,,0,percent of total billed charges,50% of Billed Charges. Lesser of 100% of billed charges applies.; No services were performed during the 15 month look back period.,,50,,,,,0,percent of total billed charges,50% of Billed Charges. Lesser of 100% of billed charges applies.; No services were performed during the 15 month look back period.,,60,,,,,0,percent of total billed charges,60 percent of billed charges. Line level lesser of applies.; No services were performed during the 15 month look back period.,707.32,,,,,,,Fee Schedule,100% APG. Lesser of 100% of billed charges applies.,,1,,,,,0,percent of total billed charges,NA. Covered services not payable under Medicaid Fee Schedules default to a payment of 50 percent of charges.; No services were performed during the 15 month look back period.,1591.46,,,,,,,Fee Schedule,225% of NYS APG. Lesser of 100% of billed charges applies.,1591.46,,,,,,,Case Rate,225 Percent of Medicaid APG. Covered services not payable under Medicaid Fee Schedules default to a payment of 87.5 percent of charges.,,1,,,,,0,percent of total billed charges,NA. Covered services not payable under Medicaid Fee Schedules default to a payment of 50 percent of charges.; No services were performed during the 15 month look back period.,1591.46,,,,,,,Fee Schedule,225% of NYS APG. Lesser of 100% of billed charges applies.,1591.46,,,,,,,Fee Schedule,225% of NYS APG. Lesser of 100% of billed charges applies.,1591.46,,,,,,,Fee Schedule,225% of NYS APG. Lesser of 100% of billed charges applies.,1591.46,,,,,,,Fee Schedule,225% of NYS APG. Lesser of 100% of billed charges applies.,1591.46,,,,,,,Fee Schedule,225% of NYS APG. Lesser of 100% of billed charges applies.,1591.46,,,,,,,Fee Schedule,225% of NYS APG. Lesser of 100% of billed charges applies.,,,,,,,,,"NA. ",,,,,,,,,"NA. ",,,,,,,,,"NA. ",6487,,,,,,,Case Rate,". MPL 100/50/25% maxmium of 3 procedures. All add ons apply, and lesser of 100% of billed charges",,,,,,,,,"NA. ",182,,,,,,,Case Rate,"100% Medicare OPPS FS. ",185.82,,,,,,,Fee Schedule,"100 % 1199 Fee Schedule. ",182,,,,,,,Case Rate,"100% Medicare OPPS FS. ",182,,,,,,,Case Rate,"100% Medicare OPPS FS. ",848.78,,,,,,,Case Rate,"120 Percent of Medicaid APG. Not APG payable, or payable under another fee schedule like ASP/AWP pays at 30% of charges",848.78,,,,,,,Case Rate,"120 Percent of Medicaid APG. Not APG payable, or payable under another fee schedule like ASP/AWP pays at 30% of charges",707.32,,,,,,,Case Rate,"100 Percent of Medicaid APG. Not APG payable, or payable under another fee schedule like ASP/AWP pays at 30% of charges",707.32,,,,,,,Case Rate,"100 Percent of Medicaid APG. Not APG payable, or payable under another fee schedule like ASP/AWP pays at 30% of charges",707.32,,,,,,,Case Rate,"100 Percent of Medicaid APG. ",7163,,,,,,,Case Rate,". ",,60,,,,,0,percent of total billed charges,60 percent of billed charges. Line level lesser of applies.; No services were performed during the 15 month look back period.,8427,,,,,,,Case Rate,". Primary procedure pays at 100%, all subsequent at 50%.",6487,,,,,,,Case Rate,". MPL 100/50/25% maxmium of 3 procedures. All add ons apply, and lesser of 100% of billed charges",182,,,,,,,Case Rate,"100%Medicare OPPS FS. ",182,,,,,,,Case Rate,"100% Medicare OPPS FS. ",182,,,,,,,Case Rate,"100% Medicare OPPS FS. ",182,,,,,,,Case Rate,"100% Medicare OPPS FS. ",182,,,,,,,Case Rate,"100%Medicare OPPS FS. ",182,,,,,,,Case Rate,"100% Medicare OPPS FS. ",,,,,,,,,"NA. ",1591.46,,,,,,,Fee Schedule,225% of NYS APG. Lesser of 100% of billed charges applies.,,,,,,,,Fee Schedule,"Not payable. ",,50,,,,,0,percent of total billed charges,50% of Billed Charges. Lesser of 100% of billed charges applies.; No services were performed during the 15 month look back period.,7163,,,,,,,Case Rate,". ",7163,,,,,,,Case Rate,". ",7163,,,,,,,Case Rate,". ",7163,,,,,,,Case Rate,". ",182,,,,,,,Case Rate,"100% Medicare OPPS FS. ",707.32,,,,,,,Case Rate,"100 Percent of Medicaid APG. ",,50,,,,,0,percent of total billed charges,50% of Billed Charges. Lesser of 100% of billed charges applies.; No services were performed during the 15 month look back period.,707.32,,,,,,,Case Rate,"100 Percent of Medicaid APG. ",182,,,,,,,Case Rate,"100% Medicare OPPS FS. ",707.32,,,,,,,Case Rate,"100 Percent of Medicaid APG. ",182,,,,,,,Case Rate,"100% Medicare OPPS FS. ",182,,,,,,,Case Rate,"100% Medicare OPPS FS. ",707.32,,,,,,,Case Rate,"100 Percent of Medicaid APG. ",707.32,,,,,,,Case Rate,"100 Percent of Medicaid APG. ",7163,,,,,,,Case Rate,". ",6487,,,,,,,Case Rate,". MPL 100/50/25% maxmium of 3 procedures. All add ons apply, and lesser of 100% of billed charges",,78,,,,,0,percent of total billed charges,78% of Billed Charges. Lesser of 100% of billed charges applies.; No services were performed during the 15 month look back period.,,,,,,,,Fee Schedule,". ",,,,,,,,Fee Schedule,". ",,60,,,,,0,percent of total billed charges,60 percent of billed charges. Line level lesser of applies.; No services were performed during the 15 month look back period.,178.36,,,,,,,Case Rate,"98% of RBRVS. ",,40,,,,,0,percent of total billed charges,40 percent of billed charges. ; No services were performed during the 15 month look back period.,,40,,,,,0,percent of total billed charges,40 percent of billed charges. ; No services were performed during the 15 month look back period.,,40,,,,,0,percent of total billed charges,40% of Billed Charges. ; No services were performed during the 15 month look back period.,,40,,,,,0,percent of total billed charges,40% of Billed Charges. ; No services were performed during the 15 month look back period.,182,,,,,,,Case Rate,"100% Medicare OPPS FS. ",182,,,,,,,Case Rate,"100% Medicare OPPS FS. ",182,,,,,,,Case Rate,"100% Medicare OPPS FS. ",182,,,,,,,Case Rate,"100% Medicare OPPS FS. ",,,,,,,,Fee Schedule,". ",,50,,,,,0,percent of total billed charges,50% of Billed Charges. Lesser of 100% of billed charges applies.; No services were performed during the 15 month look back period.,,50,,,,,0,percent of total billed charges,50% of Billed Charges. Lesser of 100% of billed charges applies.; No services were performed during the 15 month look back period.,182,,,,,,,Case Rate,"100% Medicare OPPS FS. ",,40,,,,,0,percent of total billed charges,40% of Billed Charges. ; No services were performed during the 15 month look back period.,8427,,,,,,,Case Rate,". Primary procedure pays at 100%, all subsequent at 50%.",848.78,,,,,,,Fee Schedule,"120 Percent of Medicaid APG. ",707.32,,,,,,,Case Rate,"100 Percent of Medicaid APG. ",7163,,,,,,,Case Rate,". ",,45,,,,,0,percent of total billed charges,45% of Billed Charges. ; No services were performed during the 15 month look back period.,,45,,,,,0,percent of total billed charges,45% of Billed Charges. ; No services were performed during the 15 month look back period.,,50,,,,,0,percent of total billed charges,50% of Billed Charges. Lesser of 100% of billed charges applies.; No services were performed during the 15 month look back period.,14948,,,,,,,Case Rate,". MPL 100/75/50% all add ons apply, and lesser of 100% of billed charges",182,,,,,,,Case Rate,"100%Medicare OPPS FS. ",742.68,,,,,,,Fee Schedule,105 percent of Medicaid APG. otherwise 105% of Ordered NYS MCD FS or 105% of ASP+6%,742.68,,,,,,,Fee Schedule,105 percent of Medicaid APG. otherwise 105% of Ordered NYS MCD FS or 105% of ASP+6%,742.68,,,,,,,Fee Schedule,105 percent of Medicaid APG. otherwise 105% of Ordered NYS MCD FS or 105% of ASP+6%,954.88,,,,,,,Fee Schedule,135 percent of Medicaid APG. otherwise 135% of Ordered NYS MCD FS or 135% of ASP+6%,,,,,,,,Fee Schedule,". ",742.68,,,,,,,Fee Schedule,105 percent of Medicaid APG. otherwise 105% of Ordered NYS MCD FS or 105% of ASP+6%,742.68,,,,,,,Fee Schedule,105 percent of Medicaid APG. otherwise 105% of Ordered NYS MCD FS or 105% of ASP+6%,742.68,,,,,,,Fee Schedule,105 percent of Medicaid APG. otherwise 105% of Ordered NYS MCD FS or 105% of ASP+6%,742.68,,,,,,,Fee Schedule,105 percent of Medicaid APG. otherwise 105% of Ordered NYS MCD FS or 105% of ASP+6%,742.68,,,,,,,Fee Schedule,105 percent of Medicaid APG. otherwise 105% of Ordered NYS MCD FS or 105% of ASP+6%,954.88,,,,,,,Fee Schedule,135 percent of Medicaid APG. otherwise 135% of Ordered NYS MCD FS or 135% of ASP+6%,954.88,,,,,,,Fee Schedule,135 percent of Medicaid APG. otherwise 135% of Ordered NYS MCD FS or 135% of ASP+6%,182,,,,,,,Case Rate,"100% Medicare OPPS FS. ",,,,,,,,Fee Schedule,". ",182,,,,,,,Case Rate,"100% Medicare OPPS FS. ",742.68,,,,,,,Fee Schedule,105 percent of Medicaid APG. otherwise 105% of Ordered NYS MCD FS or 105% of ASP+6%,,50,,,,,0,percent of total billed charges,50% of Billed Charges. Lesser of 100% of billed charges applies.; No services were performed during the 15 month look back period.,182,,,,,,,Case Rate,"100% Medicare OPPS FS. ",,50,,,,,0,percent of total billed charges,50% of Billed Charges. Lesser of 100% of billed charges applies.; No services were performed during the 15 month look back period.,,50,,,,,0,percent of total billed charges,50% of Billed Charges. Lesser of 100% of billed charges applies.; No services were performed during the 15 month look back period.,,50,,,,,0,percent of total billed charges,50% of Billed Charges. Lesser of 100% of billed charges applies.; No services were performed during the 15 month look back period.,742.68,,,,,,,Fee Schedule,105 percent of Medicaid APG. otherwise 105% of Ordered NYS MCD FS or 105% of ASP+6%,182,,,,,,,Case Rate,"100% Medicare OPPS FS. ",,50,,,,,0,percent of total billed charges,50% of Billed Charges. Lesser of 100% of billed charges applies.; No services were performed during the 15 month look back period.,954.88,,,,,,,Fee Schedule,135 percent of Medicaid APG. otherwise 135% of Ordered NYS MCD FS or 135% of ASP+6%,,50,,,,,0,percent of total billed charges,50% of Billed Charges. Lesser of 100% of billed charges applies.; No services were performed during the 15 month look back period.,273,,,,,,,Case Rate,"150% of Medicare OPPS. ",182,,,,,,,Case Rate,"100%Medicare OPPS FS. ",7163,,,,,,,Case Rate,". ",7163,,,,,,,Case Rate,". ",7163,,,,,,,Case Rate,". ",7163,,,,,,,Case Rate,". ",7163,,,,,,,Case Rate,". ",8427,,,,,,,Case Rate,". Primary procedure pays at 100%, all subsequent at 50%.",8427,,,,,,,Case Rate,". Primary procedure pays at 100%, all subsequent at 50%.",7163,,,,,,,Case Rate,". ",7163,,,,,,,Case Rate,". ",7163,,,,,,,Case Rate,". ",7163,,,,,,,Case Rate,". ",7163,,,,,,,Case Rate,". ",182,,,,,,,Case Rate,"100% Medicare OPPS FS. ",8427,,,,,,,Case Rate,". Primary procedure pays at 100%, all subsequent at 50%.",182,,,,,,,Case Rate,"100% Medicare OPPS FS. ",1591.46,,,,,,,Case Rate,"106 percent of Average Sales Price.. Drugs not priced under APG, billed with revenue code 636 and not priced by Medicare ASP FeeSched will be reimbursed at 20% of charges.",707.32,,,,,,,Case Rate,"106 percent of Average Sales Price.. Drugs not priced under APG, billed with revenue code 636 and not priced by Medicare ASP FeeSched will be reimbursed at 20% of charges.",,,,,,,,Fee Schedule,". ",,,,,,,,Fee Schedule,". ",182,,,,,,,Case Rate,"100% Medicare OPPS FS. ",,40,,,,,0,percent of total billed charges,40 percent of billed charges. ; No services were performed during the 15 month look back period.,182,,,,,,,Case Rate,"100% Medicare OPPS FS. ",182,,,,,,,Case Rate,"100% Medicare OPPS FS. ",,60,,,,,0,percent of total billed charges,60 percent of billed charges. Line level lesser of applies.; No services were performed during the 15 month look back period.,182,,,,,,,Case Rate,"100% Medicare OPPS FS. ",6487,,,,,,,Case Rate,". MPL 100/50/25% maxmium of 3 procedures. All add ons apply, and lesser of 100% of billed charges",182,,,,,,,Case Rate,"100% Medicare OPPS FS. ",6487,,,,,,,Case Rate,". MPL 100/50/25% maxmium of 3 procedures. All add ons apply, and lesser of 100% of billed charges",,60,,,,,0,percent of total billed charges,60 percent of billed charges. Line level lesser of applies.; No services were performed during the 15 month look back period.,6487,,,,,,,Case Rate,". MPL 100/50/25% maxmium of 3 procedures. All add ons apply, and lesser of 100% of billed charges",182,,,,,,,Case Rate,"100% Medicare OPPS FS. ",707.32,,,,,,,Case Rate,"100 Percent of Medicaid APG. ",182,,,,,,,Case Rate,"100% Medicare OPPS FS. ",6487,,,,,,,Case Rate,". MPL 100/50/25% maxmium of 3 procedures. All add ons apply, and lesser of 100% of billed charges",,,,,,,,Fee Schedule,". ",707.32,,,,,,,Case Rate,"100 Percent of Medicaid APG. ",,50,,,,,0,percent of total billed charges,50% of Billed Charges. Lesser of 100% of billed charges applies.; No services were performed during the 15 month look back period.,848.78,,,,,,,Fee Schedule,"120 Percent of Medicaid APG. ",848.78,,,,,,,Fee Schedule,"120 Percent of Medicaid APG. ",,50,,,,,0,percent of total billed charges,50% of Billed Charges. Lesser of 100% of billed charges applies.; No services were performed during the 15 month look back period.,,50,,,,,0,percent of total billed charges,50% of Billed Charges. Lesser of 100% of billed charges applies.; No services were performed during the 15 month look back period.,,50,,,,,0,percent of total billed charges,50% of Billed Charges. Lesser of 100% of billed charges applies.; No services were performed during the 15 month look back period.,,,,,,,,Fee Schedule,". ",,50,,,,,0,percent of total billed charges,50% of Billed Charges. Lesser of 100% of billed charges applies.; No services were performed during the 15 month look back period.,,50,,,,,0,percent of total billed charges,50% of Billed Charges. Lesser of 100% of billed charges applies.; No services were performed during the 15 month look back period.,,50,,,,,0,percent of total billed charges,50% of Billed Charges. Lesser of 100% of billed charges applies.; No services were performed during the 15 month look back period.,7163,,,,,,,Case Rate,". ",7163,,,,,,,Case Rate,". ",360.36,,,,,,,Case Rate,198 Percent of Medicare OPPS. Metroplus will reimburse unlisted codes and described codes with no Medicare rate at 50 percent of charges.,707.32,,,,,,,Case Rate,"100 Percent of Medicaid APG. ",,,,,,,,Fee Schedule,". ",6487,,,,,,,Case Rate,". MPL 100/50/25% maxmium of 3 procedures. All add ons apply, and lesser of 100% of billed charges",,60,,,,,0,percent of total billed charges,60 percent of billed charges. Line level lesser of applies.; No services were performed during the 15 month look back period.,,,,,,,,Fee Schedule,". ",,60,,,,,0,percent of total billed charges,60 percent of billed charges. Line level lesser of applies.; No services were performed during the 15 month look back period.,,,,,,,,Fee Schedule,". ",,50,,,,,0,percent of total billed charges,50% of Billed Charges. Lesser of 100% of billed charges applies.; No services were performed during the 15 month look back period.,,50,,,,,0,percent of total billed charges,50% of Billed Charges. Lesser of 100% of billed charges applies.; No services were performed during the 15 month look back period.,,50,,,,,0,percent of total billed charges,50% of Billed Charges. Lesser of 100% of billed charges applies.; No services were performed during the 15 month look back period.,,50,,,,,0,percent of total billed charges,50% of Billed Charges. Lesser of 100% of billed charges applies.; No services were performed during the 15 month look back period.,182,,,,,,,Case Rate,"100% Medicare OPPS FS. ",178.36,25798,
Q0167,HCPCS,5010003,LOCAL,636,RC,DRONABINOL 2.5MG ORAL,13.97844,2.655904,Outpatient,ME,2.5,,1.48,,,,,,,Fee Schedule,"100 % 1199 Fee Schedule. ",1.48,,,,,,,Fee Schedule,"100 % 1199 Fee Schedule. ",8.387064,60,,,,,0,percent of total billed charges,60 percent of billed charges; No services were performed during the 15 month look back period.,13.97844,100,,,,,0,percent of total billed charges,100 percent of billed charges; No services were performed during the 15 month look back period.,,,,,,,,Other,"Not Payable. ",8.387064,60,,,,,0,percent of total billed charges,60 percent of billed charges; No services were performed during the 15 month look back period.,8.387064,60,,,,,0,percent of total billed charges,60 percent of billed charges; No services were performed during the 15 month look back period.,8.387064,60,,,,,0,percent of total billed charges,60 percent of billed charges; No services were performed during the 15 month look back period.,,,,,,,,Other,"100 Percent of Medicaid APG. ",,,,,,,,Other,"100 Percent of Medicaid APG. ",10.903183,78,,,,,0,percent of total billed charges,78% of Billed Charges. Lesser of 100% of billed charges applies.; No services were performed during the 15 month look back period.,,,,,,,,Fee Schedule,"100 % Zero Pay Code. ",,,,,,,,Other,"100 Percent of Medicaid APG. ",,,,,,,,Other,"Not Payable. ",4.193532,30,,,,,0,percent of total billed charges,30 percent of billed charges; No services were performed during the 15 month look back period.,4.193532,30,,,,,0,percent of total billed charges,30 percent of billed charges; No services were performed during the 15 month look back period.,4.193532,30,,,,,0,percent of total billed charges,30 percent of billed charges; No services were performed during the 15 month look back period.,4.193532,30,,,,,0,percent of total billed charges,30 percent of billed charges; No services were performed during the 15 month look back period.,0.139784,1,,,,,0,percent of total billed charges,NA. Covered services not payable under Medicaid Fee Schedules default to a payment of 50 percent of charges.; No services were performed during the 15 month look back period.,,,,,,,,Other,"Not Payable. ",0.139784,1,,,,,0,percent of total billed charges,NA. Covered services not payable under Medicaid Fee Schedules default to a payment of 50 percent of charges.; No services were performed during the 15 month look back period.,10.903183,78,,,,,0,percent of total billed charges,78% of Billed Charges. Lesser of 100% of billed charges applies.; No services were performed during the 15 month look back period.,8.387064,60,,,,,0,percent of total billed charges,60 percent of billed charges; No services were performed during the 15 month look back period.,,,,,,,,Other,"Not Payable. ",10.204261,73,,,,,0,percent of total billed charges,73 percent of billed charges; No services were performed during the 15 month look back period.,,,,,,,,Other,"Not Payable. ",,,,,,,,Other,"Not Payable. ",10.903183,78,,,,,0,percent of total billed charges,78% of Billed Charges. Lesser of 100% of billed charges applies.; No services were performed during the 15 month look back period.,,,,,,,,Fee Schedule,"Not payable. ",,,,,,,,Fee Schedule,"Not payable. ",,,,,,,,Fee schedule,"90 Percent of Medicare RBRVS. ",,,,,,,,Fee schedule,"90 Percent of Medicare RBRVS. ",10.204261,73,,,,,0,percent of total billed charges,73 percent of billed charges; No services were performed during the 15 month look back period.,10.204261,73,,,,,0,percent of total billed charges,73 percent of billed charges; No services were performed during the 15 month look back period.,,,,,,,,Other,"100 Percent of Medicaid APG. Not APG payable, or payable under another fee schedule like ASP/AWP pays at 30% of charges",10.204261,73,,,,,0,percent of total billed charges,73 percent of billed charges; No services were performed during the 15 month look back period.,,,,,,,,Other,"100 Percent of Medicaid APG. Not APG payable, or payable under another fee schedule like ASP/AWP pays at 30% of charges",,,,,,,,Other,"Not Payable. ",10.204261,73,,,,,0,percent of total billed charges,73 percent of billed charges; No services were performed during the 15 month look back period.,10.903183,78,,,,,0,percent of total billed charges,78% of Billed Charges. Lesser of 100% of billed charges applies.; No services were performed during the 15 month look back period.,,,,,,,,Other,"106 percent of Average Sales Price.. Drugs not priced under APG, billed with revenue code 636 and not priced by Medicare ASP FeeSched will be reimbursed at 20% of charges.",,,,,,,,Other,"106 percent of Average Sales Price.. Drugs not priced under APG, billed with revenue code 636 and not priced by Medicare ASP FeeSched will be reimbursed at 20% of charges.",10.903183,78,,,,,0,percent of total billed charges,78% of Billed Charges. Lesser of 100% of billed charges applies.; No services were performed during the 15 month look back period.,4.193532,30,,,,,0,percent of total billed charges,30 percent of billed charges; No services were performed during the 15 month look back period.,,,,,,,,Fee Schedule,"100 % Zero Pay Code. ",,,,,,,,Fee Schedule,"100 % Zero Pay Code. ",10.903183,78,,,,,0,percent of total billed charges,78% of Billed Charges. Lesser of 100% of billed charges applies.; No services were performed during the 15 month look back period.,,,,,,,,Other,"Not Payable. ",,,,,,,,Fee Schedule,"100 % Zero Pay Code. ",,,,,,,,Fee Schedule,"100 % Zero Pay Code. ",,,,,,,,Fee Schedule,"100 % Zero Pay Code. ",,,,,,,,Other,"Not Payable. ",,,,,,,,Fee Schedule,"100 % Zero Pay Code. ",,,,,,,,Fee Schedule,"100 % Zero Pay Code. ",,,,,,,,Other,"Not Payable. ",6.98922,50,,,,,0,percent of total billed charges,50 percent of billed charges; No services were performed during the 15 month look back period.,6.290298,45,,,,,0,percent of total billed charges,45 percent of billed charges; No services were performed during the 15 month look back period.,6.290298,45,,,,,0,percent of total billed charges,45 percent of billed charges; No services were performed during the 15 month look back period.,6.290298,45,,,,,0,percent of total billed charges,45 percent of billed charges; No services were performed during the 15 month look back period.,6.290298,45,,,,,0,percent of total billed charges,45 percent of billed charges; No services were performed during the 15 month look back period.,6.290298,45,,,,,0,percent of total billed charges,45 percent of billed charges; No services were performed during the 15 month look back period.,6.290298,45,,,,,0,percent of total billed charges,45 percent of billed charges; No services were performed during the 15 month look back period.,,,,,,,,Other,"Not Payable. ",,,,,,,,Other,"Not Payable. ",6.290298,45,,,,,0,percent of total billed charges,45 percent of billed charges; No services were performed during the 15 month look back period.,10.903183,78,,,,,0,percent of total billed charges,78% of Billed Charges. Lesser of 100% of billed charges applies.; No services were performed during the 15 month look back period.,10.903183,78,,,,,0,percent of total billed charges,78% of Billed Charges. Lesser of 100% of billed charges applies.; No services were performed during the 15 month look back period.,10.903183,78,,,,,0,percent of total billed charges,78% of Billed Charges. Lesser of 100% of billed charges applies.; No services were performed during the 15 month look back period.,10.903183,78,,,,,0,percent of total billed charges,78% of Billed Charges. Lesser of 100% of billed charges applies.; No services were performed during the 15 month look back period.,10.903183,78,,,,,0,percent of total billed charges,78% of Billed Charges. Lesser of 100% of billed charges applies.; No services were performed during the 15 month look back period.,10.903183,78,,,,,0,percent of total billed charges,78% of Billed Charges. Lesser of 100% of billed charges applies.; No services were performed during the 15 month look back period.,10.903183,78,,,,,0,percent of total billed charges,78% of Billed Charges. Lesser of 100% of billed charges applies.; No services were performed during the 15 month look back period.,10.903183,78,,,,,0,percent of total billed charges,78% of Billed Charges. Lesser of 100% of billed charges applies.; No services were performed during the 15 month look back period.,10.903183,78,,,,,0,percent of total billed charges,78% of Billed Charges. Lesser of 100% of billed charges applies.; No services were performed during the 15 month look back period.,10.903183,78,,,,,0,percent of total billed charges,78% of Billed Charges. Lesser of 100% of billed charges applies.; No services were performed during the 15 month look back period.,10.903183,78,,,,,0,percent of total billed charges,78% of Billed Charges. Lesser of 100% of billed charges applies.; No services were performed during the 15 month look back period.,10.903183,78,,,,,0,percent of total billed charges,78% of Billed Charges. Lesser of 100% of billed charges applies.; No services were performed during the 15 month look back period.,10.903183,78,,,,,0,percent of total billed charges,78% of Billed Charges. Lesser of 100% of billed charges applies.; No services were performed during the 15 month look back period.,10.903183,78,,,,,0,percent of total billed charges,78% of Billed Charges. Lesser of 100% of billed charges applies.; No services were performed during the 15 month look back period.,10.903183,78,,,,,0,percent of total billed charges,78% of Billed Charges. Lesser of 100% of billed charges applies.; No services were performed during the 15 month look back period.,10.903183,78,,,,,0,percent of total billed charges,78% of Billed Charges. Lesser of 100% of billed charges applies.; No services were performed during the 15 month look back period.,10.903183,78,,,,,0,percent of total billed charges,78% of Billed Charges. Lesser of 100% of billed charges applies.; No services were performed during the 15 month look back period.,10.903183,78,,,,,0,percent of total billed charges,78% of Billed Charges. Lesser of 100% of billed charges applies.; No services were performed during the 15 month look back period.,10.903183,78,,,,,0,percent of total billed charges,78% of Billed Charges. Lesser of 100% of billed charges applies.; No services were performed during the 15 month look back period.,10.903183,78,,,,,0,percent of total billed charges,78% of Billed Charges. Lesser of 100% of billed charges applies.; No services were performed during the 15 month look back period.,10.903183,78,,,,,0,percent of total billed charges,78% of Billed Charges. Lesser of 100% of billed charges applies.; No services were performed during the 15 month look back period.,10.903183,78,,,,,0,percent of total billed charges,78% of Billed Charges. Lesser of 100% of billed charges applies.; No services were performed during the 15 month look back period.,10.903183,78,,,,,0,percent of total billed charges,78% of Billed Charges. Lesser of 100% of billed charges applies.; No services were performed during the 15 month look back period.,10.903183,78,,,,,0,percent of total billed charges,78% of Billed Charges. Lesser of 100% of billed charges applies.; No services were performed during the 15 month look back period.,10.903183,78,,,,,0,percent of total billed charges,78% of Billed Charges. Lesser of 100% of billed charges applies.; No services were performed during the 15 month look back period.,10.903183,78,,,,,0,percent of total billed charges,78% of Billed Charges. Lesser of 100% of billed charges applies.; No services were performed during the 15 month look back period.,10.204261,73,,,,,0,percent of total billed charges,73 percent of billed charges; No services were performed during the 15 month look back period.,10.204261,73,,,,,0,percent of total billed charges,73 percent of billed charges; No services were performed during the 15 month look back period.,10.204261,73,,,,,0,percent of total billed charges,73 percent of billed charges; No services were performed during the 15 month look back period.,10.204261,73,,,,,0,percent of total billed charges,73 percent of billed charges; No services were performed during the 15 month look back period.,11.182752,80,,,,,0,percent of total billed charges,80 percent of billed charges; No services were performed during the 15 month look back period.,11.182752,80,,,,,0,percent of total billed charges,80 percent of billed charges; No services were performed during the 15 month look back period.,4.193532,30,,,,,0,percent of total billed charges,30 percent of billed charges; No services were performed during the 15 month look back period.,6.290298,45,,,,,0,percent of total billed charges,45 percent of billed charges; No services were performed during the 15 month look back period.,,,,,,,,Fee Schedule,"100 % Zero Pay Code. ",6.290298,45,,,,,0,percent of total billed charges,45 percent of billed charges; No services were performed during the 15 month look back period.,10.903183,78,,,,,0,percent of total billed charges,78% of Billed Charges. Lesser of 100% of billed charges applies.; No services were performed during the 15 month look back period.,11.182752,80,,,,,0,percent of total billed charges,80 percent of billed charges; No services were performed during the 15 month look back period.,6.290298,45,,,,,0,percent of total billed charges,45 percent of billed charges; No services were performed during the 15 month look back period.,,,,,,,,Fee Schedule,"100 % Zero Pay Code. ",4.193532,30,,,,,0,percent of total billed charges,30 percent of billed charges; No services were performed during the 15 month look back period.,,,,,,,,,"NA. ",10.903183,78,,,,,0,percent of total billed charges,78% of Billed Charges. Lesser of 100% of billed charges applies.; No services were performed during the 15 month look back period.,,,,,,,,Other,"100 Percent of Medicaid APG. ",10.204261,73,,,,,0,percent of total billed charges,73 percent of billed charges; No services were performed during the 15 month look back period.,,,,,,,,Other,"100 Percent of Medicaid APG. Not APG payable, or payable under another fee schedule like ASP/AWP pays at 30% of charges",,,,,,,,Other,"Not Payable. ",,,,,,,,Other,"Not Payable. ",6.98922,50,,,,,0,percent of total billed charges,50 percent of billed charges; No services were performed during the 15 month look back period.,,,,,,,,Other,"Not Payable. ",,,,,,,,Other,"Not Payable. ",,,,,,,,Other,"100 Percent of Medicaid APG. ",,,,,,,,Other,"Not Payable. ",,,,,,,,Other,"Not Payable. ",8.387064,60,,,,,0,percent of total billed charges,60 percent of billed charges; No services were performed during the 15 month look back period.,8.387064,60,,,,,0,percent of total billed charges,60 percent of billed charges; No services were performed during the 15 month look back period.,,,,,,,,Other,"Not Payable. ",4.193532,30,,,,,0,percent of total billed charges,30 percent of billed charges; No services were performed during the 15 month look back period.,,,,,,,,Fee Schedule,"100 % Zero Pay Code. ",,,,,,,,Fee Schedule,"100 % Zero Pay Code. ",,,,,,,,Other,"Not Payable. ",4.193532,30,,,,,0,percent of total billed charges,30 percent of billed charges; No services were performed during the 15 month look back period.,8.387064,60,,,,,0,percent of total billed charges,60 percent of billed charges; No services were performed during the 15 month look back period.,8.387064,60,,,,,0,percent of total billed charges,60 percent of billed charges; No services were performed during the 15 month look back period.,8.387064,60,,,,,0,percent of total billed charges,60 percent of billed charges; No services were performed during the 15 month look back period.,10.903183,78,,,,,0,percent of total billed charges,78% of Billed Charges. Lesser of 100% of billed charges applies.; No services were performed during the 15 month look back period.,10.903183,78,,,,,0,percent of total billed charges,78% of Billed Charges. Lesser of 100% of billed charges applies.; No services were performed during the 15 month look back period.,10.903183,78,,,,,0,percent of total billed charges,78% of Billed Charges. Lesser of 100% of billed charges applies.; No services were performed during the 15 month look back period.,10.903183,78,,,,,0,percent of total billed charges,78% of Billed Charges. Lesser of 100% of billed charges applies.; No services were performed during the 15 month look back period.,10.903183,78,,,,,0,percent of total billed charges,78% of Billed Charges. Lesser of 100% of billed charges applies.; No services were performed during the 15 month look back period.,10.903183,78,,,,,0,percent of total billed charges,78% of Billed Charges. Lesser of 100% of billed charges applies.; No services were performed during the 15 month look back period.,10.903183,78,,,,,0,percent of total billed charges,78% of Billed Charges. Lesser of 100% of billed charges applies.; No services were performed during the 15 month look back period.,10.903183,78,,,,,0,percent of total billed charges,78% of Billed Charges. Lesser of 100% of billed charges applies.; No services were performed during the 15 month look back period.,10.903183,78,,,,,0,percent of total billed charges,78% of Billed Charges. Lesser of 100% of billed charges applies.; No services were performed during the 15 month look back period.,10.903183,78,,,,,0,percent of total billed charges,78% of Billed Charges. Lesser of 100% of billed charges applies.; No services were performed during the 15 month look back period.,10.903183,78,,,,,0,percent of total billed charges,78% of Billed Charges. Lesser of 100% of billed charges applies.; No services were performed during the 15 month look back period.,11.182752,80,,,,,0,percent of total billed charges,80 percent of billed charges; No services were performed during the 15 month look back period.,6.290298,45,,,,,0,percent of total billed charges,45 percent of billed charges; No services were performed during the 15 month look back period.,4.193532,30,,,,,0,percent of total billed charges,30 percent of billed charges; No services were performed during the 15 month look back period.,,,,,,,,Other,"Not Payable. ",8.387064,60,,,,,0,percent of total billed charges,60 percent of billed charges; No services were performed during the 15 month look back period.,4.193532,30,,,,,0,percent of total billed charges,30 percent of billed charges; No services were performed during the 15 month look back period.,4.193532,30,,,,,0,percent of total billed charges,30 percent of billed charges; No services were performed during the 15 month look back period.,10.903183,78,,,,,0,percent of total billed charges,78% of Billed Charges. Lesser of 100% of billed charges applies.; No services were performed during the 15 month look back period.,,,,,,,,Other,"141 percent of Average Sales Price.. Drugs not priced under APG, billed with revenue code 636 and not priced by Medicare ASP FeeSched will be reimbursed at 20% of charges.",4.193532,30,,,,,0,percent of total billed charges,30 percent of billed charges; No services were performed during the 15 month look back period.,,,,,,,,Other,"100 Percent of Medicaid APG. ",,,,,,,,Other,"Not Payable. ",,,,,,,,Other,"Not Payable. ",,,,,,,,Other,"Not Payable. ",,,,,,,,Other,"Not Payable. ",,,,,,,,Other,"Not Payable. ",,,,,,,,Other,"Not Payable. ",4.193532,30,,,,,0,percent of total billed charges,30 percent of billed charges; No services were performed during the 15 month look back period.,6.98922,50,,,,,0,percent of total billed charges,50 percent of billed charges; No services were performed during the 15 month look back period.,0.139784,1,,,,,0,percent of total billed charges,NA. ; No services were performed during the 15 month look back period.,0.139784,1,,,,,0,percent of total billed charges,NA. ; No services were performed during the 15 month look back period.,0.139784,1,,,,,0,percent of total billed charges,NA. ; No services were performed during the 15 month look back period.,0.139784,1,,,,,0,percent of total billed charges,NA. ; No services were performed during the 15 month look back period.,0.139784,1,,,,,0,percent of total billed charges,NA. ; No services were performed during the 15 month look back period.,,,,,,,,,"NA. ",6.98922,50,,,,,0,percent of total billed charges,50 percent of billed charges; No services were performed during the 15 month look back period.,,,,,,,,Fee Schedule,"Not Payable. ",,,,,,,,Fee Schedule,"Not Payable. ",,,,,,,,Fee Schedule,"Not Payable. ",,,,,,,,Fee Schedule,"Not Payable. ",,,,,,,,Fee Schedule,"Not Payable. ",,,,,,,,Other,"Not Payable. ",11.182752,80,,,,,0,percent of total billed charges,80 percent of billed charges; No services were performed during the 15 month look back period.,11.182752,80,,,,,0,percent of total billed charges,80 percent of billed charges; No services were performed during the 15 month look back period.,11.182752,80,,,,,0,percent of total billed charges,80 percent of billed charges; No services were performed during the 15 month look back period.,11.182752,80,,,,,0,percent of total billed charges,80 percent of billed charges; No services were performed during the 15 month look back period.,8.387064,60,,,,,0,percent of total billed charges,60 percent of billed charges; No services were performed during the 15 month look back period.,8.387064,60,,,,,0,percent of total billed charges,60 percent of billed charges; No services were performed during the 15 month look back period.,8.387064,60,,,,,0,percent of total billed charges,60 percent of billed charges; No services were performed during the 15 month look back period.,8.387064,60,,,,,0,percent of total billed charges,60 percent of billed charges; No services were performed during the 15 month look back period.,6.98922,50,,,,,0,percent of total billed charges,50 percent of billed charges; No services were performed during the 15 month look back period.,6.98922,50,,,,,0,percent of total billed charges,50 percent of billed charges; No services were performed during the 15 month look back period.,,,,,,,,Other,"Not Payable. ",,,,,,,,Other,"Not Payable. ",,,,,,,,Other,"Not Payable. ",6.290298,45,,,,,0,percent of total billed charges,45 percent of billed charges; No services were performed during the 15 month look back period.,6.290298,45,,,,,0,percent of total billed charges,45 percent of billed charges; No services were performed during the 15 month look back period.,6.290298,45,,,,,0,percent of total billed charges,45 percent of billed charges; No services were performed during the 15 month look back period.,6.98922,50,,,,,0,percent of total billed charges,50 percent of billed charges; No services were performed during the 15 month look back period.,8.387064,60,,,,,0,percent of total billed charges,60 percent of billed charges; No services were performed during the 15 month look back period.,,,,,,,,Other,"Not Payable. ",6.290298,45,,,,,0,percent of total billed charges,45 percent of billed charges; No services were performed during the 15 month look back period.,,,,,,,,Other,"100 Percent of Medicaid APG. ",,,,,,,,Other,"Not Payable. ",,,,,,,,Other,"Not Payable. ",,,,,,,,Other,"Not Payable. ",,,,,,,,Fee schedule,"90 Percent of Medicare RBRVS. ",,,,,,,,Fee Schedule,225% of NYS APG. Lesser of 100% of billed charges applies.,,,,,,,,Fee Schedule,225% of NYS APG. Lesser of 100% of billed charges applies.,,,,,,,,Fee Schedule,225% of NYS APG. Lesser of 100% of billed charges applies.,,,,,,,,Fee Schedule,225% of NYS APG. Lesser of 100% of billed charges applies.,,,,,,,,Fee Schedule,225% of NYS APG. Lesser of 100% of billed charges applies.,,,,,,,,Other,"Not Payable. ",,,,,,,,Other,"100 Percent of Medicaid APG. ",,,,,,,,Fee Schedule,"Not payable. ",,,,,,,,Fee Schedule,225% of NYS APG. Lesser of 100% of billed charges applies.,,,,,,,,Fee Schedule,225% of NYS APG. Lesser of 100% of billed charges applies.,,,,,,,,Fee Schedule,"Not payable. ",,,,,,,,Fee Schedule,"Not payable. ",0.139784,1,,,,,0,percent of total billed charges,NA. ; No services were performed during the 15 month look back period.,,,,,,,,Other,"Not Payable. ",,,,,,,,Other,"Not Payable. ",8.387064,60,,,,,0,percent of total billed charges,60 percent of billed charges; No services were performed during the 15 month look back period.,,,,,,,,Other,"Not Payable. ",,,,,,,,Fee Schedule,"225 Percent of Medicaid APG. ",,,,,,,,Fee Schedule,"225 Percent of Medicaid APG. ",,,,,,,,Fee schedule,"90 Percent of Medicare RBRVS. ",,,,,,,,Fee schedule,"90 Percent of Medicare RBRVS. ",,,,,,,,Case Rate,Not Payable. Covered services not payable under Medicaid Fee Schedules default to a payment of 87.5 percent of charges.,0.139784,1,,,,,0,percent of total billed charges,NA. Covered services not payable under Medicaid Fee Schedules default to a payment of 50 percent of charges.; No services were performed during the 15 month look back period.,,,,,,,,Other,"100 Percent of Medicaid APG. ",,,,,,,,Other,"100 Percent of Medicaid APG. ",,,,,,,,Other,"100 Percent of Medicaid APG. ",,,,,,,,Other,"100 Percent of Medicaid APG. ",6.290298,45,,,,,0,percent of total billed charges,45 percent of billed charges; No services were performed during the 15 month look back period.,6.98922,50,,,,,0,percent of total billed charges,50 percent of billed charges; No services were performed during the 15 month look back period.,,,,,,,,Other,"120 Percent of Medicaid APG. Not APG payable, or payable under another fee schedule like ASP/AWP pays at 30% of charges",,,,,,,,Other,"120 Percent of Medicaid APG. Not APG payable, or payable under another fee schedule like ASP/AWP pays at 30% of charges",,,,,,,,Other,"100 Percent of Medicaid APG. Not APG payable, or payable under another fee schedule like ASP/AWP pays at 30% of charges",,,,,,,,Other,"100 Percent of Medicaid APG. Not APG payable, or payable under another fee schedule like ASP/AWP pays at 30% of charges",6.290298,45,,,,,0,percent of total billed charges,45 percent of billed charges; No services were performed during the 15 month look back period.,6.290298,45,,,,,0,percent of total billed charges,45 percent of billed charges; No services were performed during the 15 month look back period.,,,,,,,,Other,"Not Payable. ",6.290298,45,,,,,0,percent of total billed charges,45 percent of billed charges; No services were performed during the 15 month look back period.,6.290298,45,,,,,0,percent of total billed charges,45 percent of billed charges; No services were performed during the 15 month look back period.,6.290298,45,,,,,0,percent of total billed charges,45 percent of billed charges; No services were performed during the 15 month look back period.,6.290298,45,,,,,0,percent of total billed charges,45 percent of billed charges; No services were performed during the 15 month look back period.,,,,,,,,Other,"Not Payable. ",6.290298,45,,,,,0,percent of total billed charges,45 percent of billed charges; No services were performed during the 15 month look back period.,6.290298,45,,,,,0,percent of total billed charges,45 percent of billed charges; No services were performed during the 15 month look back period.,8.387064,60,,,,,0,percent of total billed charges,60 percent of billed charges; No services were performed during the 15 month look back period.,1.75875,,,,,,,Fee Schedule,105% of ASP. Lesser of 100% of billed charges applies.,0.139784,1,,,,,0,percent of total billed charges,NA. Covered services not payable under Medicaid Fee Schedules default to a payment of 50 percent of charges.; No services were performed during the 15 month look back period.,,,,,,,,Fee Schedule,225% of NYS APG. Lesser of 100% of billed charges applies.,,,,,,,,Case Rate,Not Payable. Covered services not payable under Medicaid Fee Schedules default to a payment of 87.5 percent of charges.,0.139784,1,,,,,0,percent of total billed charges,NA. Covered services not payable under Medicaid Fee Schedules default to a payment of 50 percent of charges.; No services were performed during the 15 month look back period.,,,,,,,,Fee Schedule,225% of NYS APG. Lesser of 100% of billed charges applies.,,,,,,,,Fee Schedule,225% of NYS APG. Lesser of 100% of billed charges applies.,,,,,,,,Fee Schedule,225% of NYS APG. Lesser of 100% of billed charges applies.,,,,,,,,Fee Schedule,225% of NYS APG. Lesser of 100% of billed charges applies.,,,,,,,,Fee Schedule,225% of NYS APG. Lesser of 100% of billed charges applies.,,,,,,,,Fee Schedule,225% of NYS APG. Lesser of 100% of billed charges applies.,,,,,,,,,"NA. ",,,,,,,,,"NA. ",,,,,,,,,"NA. ",4.193532,30,,,,,0,percent of total billed charges,30 percent of billed charges; No services were performed during the 15 month look back period.,,,,,,,,,"NA. ",,,,,,,,Other,"Not Payable. ",1.48,,,,,,,Fee Schedule,"100 % 1199 Fee Schedule. ",,,,,,,,Other,"Not Payable. ",,,,,,,,Other,"Not Payable. ",,,,,,,,Other,"120 Percent of Medicaid APG. Not APG payable, or payable under another fee schedule like ASP/AWP pays at 30% of charges",,,,,,,,Other,"120 Percent of Medicaid APG. Not APG payable, or payable under another fee schedule like ASP/AWP pays at 30% of charges",,,,,,,,Other,"100 Percent of Medicaid APG. Not APG payable, or payable under another fee schedule like ASP/AWP pays at 30% of charges",,,,,,,,Other,"100 Percent of Medicaid APG. Not APG payable, or payable under another fee schedule like ASP/AWP pays at 30% of charges",,,,,,,,Other,"100 Percent of Medicaid APG. ",10.204261,73,,,,,0,percent of total billed charges,73 percent of billed charges; No services were performed during the 15 month look back period.,8.387064,60,,,,,0,percent of total billed charges,60 percent of billed charges; No services were performed during the 15 month look back period.,10.204261,73,,,,,0,percent of total billed charges,73 percent of billed charges; No services were performed during the 15 month look back period.,4.193532,30,,,,,0,percent of total billed charges,30 percent of billed charges; No services were performed during the 15 month look back period.,,,,,,,,Other,"Not Payable. ",,,,,,,,Other,"Not Payable. ",,,,,,,,Other,"Not Payable. ",,,,,,,,Other,"Not Payable. ",,,,,,,,Other,"Not Payable. ",,,,,,,,Other,"Not Payable. ",,,,,,,,,"NA. ",,,,,,,,Fee Schedule,225% of NYS APG. Lesser of 100% of billed charges applies.,,,,,,,,Fee Schedule,"Not payable. ",6.290298,45,,,,,0,percent of total billed charges,45 percent of billed charges; No services were performed during the 15 month look back period.,10.204261,73,,,,,0,percent of total billed charges,73 percent of billed charges; No services were performed during the 15 month look back period.,10.204261,73,,,,,0,percent of total billed charges,73 percent of billed charges; No services were performed during the 15 month look back period.,10.204261,73,,,,,0,percent of total billed charges,73 percent of billed charges; No services were performed during the 15 month look back period.,10.204261,73,,,,,0,percent of total billed charges,73 percent of billed charges; No services were performed during the 15 month look back period.,,,,,,,,Other,"Not Payable. ",,,,,,,,Other,"100 Percent of Medicaid APG. ",6.290298,45,,,,,0,percent of total billed charges,45 percent of billed charges; No services were performed during the 15 month look back period.,,,,,,,,Other,"100 Percent of Medicaid APG. ",,,,,,,,Other,"Not Payable. ",,,,,,,,Other,"100 Percent of Medicaid APG. ",,,,,,,,Other,"Not Payable. ",,,,,,,,Other,"Not Payable. ",,,,,,,,Other,"100 Percent of Medicaid APG. ",,,,,,,,Other,"100 Percent of Medicaid APG. ",10.204261,73,,,,,0,percent of total billed charges,73 percent of billed charges; No services were performed during the 15 month look back period.,4.193532,30,,,,,0,percent of total billed charges,30 percent of billed charges; No services were performed during the 15 month look back period.,10.903183,78,,,,,0,percent of total billed charges,78% of Billed Charges. Lesser of 100% of billed charges applies.; No services were performed during the 15 month look back period.,,,,,,,,Fee Schedule,"100 % Zero Pay Code. ",,,,,,,,Fee Schedule,"100 % Zero Pay Code. ",8.387064,60,,,,,0,percent of total billed charges,60 percent of billed charges; No services were performed during the 15 month look back period.,,,,,,,,Other,"Not Payable. ",11.182752,80,,,,,0,percent of total billed charges,80 percent of billed charges; No services were performed during the 15 month look back period.,11.182752,80,,,,,0,percent of total billed charges,80 percent of billed charges; No services were performed during the 15 month look back period.,5.032238,36,,,,,0,percent of total billed charges,36 percent of billed charges; No services were performed during the 15 month look back period.,5.032238,36,,,,,0,percent of total billed charges,36 percent of billed charges; No services were performed during the 15 month look back period.,,,,,,,,Other,"Not Payable. ",,,,,,,,Other,"Not Payable. ",,,,,,,,Other,"Not Payable. ",,,,,,,,Other,"Not Payable. ",,,,,,,,Fee Schedule,"100 % Zero Pay Code. ",6.290298,45,,,,,0,percent of total billed charges,45 percent of billed charges; No services were performed during the 15 month look back period.,6.290298,45,,,,,0,percent of total billed charges,45 percent of billed charges; No services were performed during the 15 month look back period.,,,,,,,,Other,"Not Payable. ",5.032238,36,,,,,0,percent of total billed charges,36 percent of billed charges; No services were performed during the 15 month look back period.,10.204261,73,,,,,0,percent of total billed charges,73 percent of billed charges; No services were performed during the 15 month look back period.,,,,,,,,Fee Schedule,"120 Percent of Medicaid APG. ",,,,,,,,Other,"100 Percent of Medicaid APG. ",10.204261,73,,,,,0,percent of total billed charges,73 percent of billed charges; No services were performed during the 15 month look back period.,5.661268,40.5,,,,,0,percent of total billed charges,40.5 percent of billed charges; No services were performed during the 15 month look back period.,5.661268,40.5,,,,,0,percent of total billed charges,40.5 percent of billed charges; No services were performed during the 15 month look back period.,6.290298,45,,,,,0,percent of total billed charges,45 percent of billed charges; No services were performed during the 15 month look back period.,6.98922,50,,,,,0,percent of total billed charges,50 percent of billed charges; No services were performed during the 15 month look back period.,,,,,,,,Other,"Not Payable. ",,,,,,,,Fee Schedule,"Not payable. ",,,,,,,,Fee Schedule,"Not payable. ",,,,,,,,Fee Schedule,"Not payable. ",,,,,,,,Fee Schedule,"Not payable. ",,,,,,,,Fee Schedule,"100 % Zero Pay Code. ",,,,,,,,Fee Schedule,"Not payable. ",,,,,,,,Fee Schedule,"Not payable. ",,,,,,,,Fee Schedule,"Not payable. ",,,,,,,,Fee Schedule,"Not payable. ",,,,,,,,Fee Schedule,"Not payable. ",,,,,,,,Fee Schedule,"Not payable. ",,,,,,,,Fee Schedule,"Not payable. ",,,,,,,,Other,"Not Payable. ",,,,,,,,Fee Schedule,"100 % Zero Pay Code. ",,,,,,,,Other,"Not Payable. ",,,,,,,,Fee Schedule,"Not payable. ",6.290298,45,,,,,0,percent of total billed charges,45 percent of billed charges; No services were performed during the 15 month look back period.,,,,,,,,Other,"Not Payable. ",6.290298,45,,,,,0,percent of total billed charges,45 percent of billed charges; No services were performed during the 15 month look back period.,6.290298,45,,,,,0,percent of total billed charges,45 percent of billed charges; No services were performed during the 15 month look back period.,6.290298,45,,,,,0,percent of total billed charges,45 percent of billed charges; No services were performed during the 15 month look back period.,,,,,,,,Fee Schedule,"Not payable. ",,,,,,,,Other,"Not Payable. ",6.290298,45,,,,,0,percent of total billed charges,45 percent of billed charges; No services were performed during the 15 month look back period.,,,,,,,,Fee Schedule,"Not payable. ",6.290298,45,,,,,0,percent of total billed charges,45 percent of billed charges; No services were performed during the 15 month look back period.,,,,,,,,Other,"Not Payable. ",,,,,,,,Other,"Not Payable. ",10.204261,73,,,,,0,percent of total billed charges,73 percent of billed charges; No services were performed during the 15 month look back period.,10.204261,73,,,,,0,percent of total billed charges,73 percent of billed charges; No services were performed during the 15 month look back period.,10.204261,73,,,,,0,percent of total billed charges,73 percent of billed charges; No services were performed during the 15 month look back period.,10.204261,73,,,,,0,percent of total billed charges,73 percent of billed charges; No services were performed during the 15 month look back period.,10.204261,73,,,,,0,percent of total billed charges,73 percent of billed charges; No services were performed during the 15 month look back period.,10.204261,73,,,,,0,percent of total billed charges,73 percent of billed charges; No services were performed during the 15 month look back period.,10.204261,73,,,,,0,percent of total billed charges,73 percent of billed charges; No services were performed during the 15 month look back period.,10.204261,73,,,,,0,percent of total billed charges,73 percent of billed charges; No services were performed during the 15 month look back period.,10.204261,73,,,,,0,percent of total billed charges,73 percent of billed charges; No services were performed during the 15 month look back period.,10.204261,73,,,,,0,percent of total billed charges,73 percent of billed charges; No services were performed during the 15 month look back period.,10.204261,73,,,,,0,percent of total billed charges,73 percent of billed charges; No services were performed during the 15 month look back period.,10.204261,73,,,,,0,percent of total billed charges,73 percent of billed charges; No services were performed during the 15 month look back period.,,,,,,,,Other,"Not Payable. ",10.204261,73,,,,,0,percent of total billed charges,73 percent of billed charges; No services were performed during the 15 month look back period.,,,,,,,,Other,"Not Payable. ",,,,,,,,Other,"106 percent of Average Sales Price.. Drugs not priced under APG, billed with revenue code 636 and not priced by Medicare ASP FeeSched will be reimbursed at 20% of charges.",,,,,,,,Other,"106 percent of Average Sales Price.. Drugs not priced under APG, billed with revenue code 636 and not priced by Medicare ASP FeeSched will be reimbursed at 20% of charges.",,,,,,,,Fee Schedule,"100 % Zero Pay Code. ",,,,,,,,Fee Schedule,"100 % Zero Pay Code. ",,,,,,,,Other,"Not Payable. ",11.182752,80,,,,,0,percent of total billed charges,80 percent of billed charges; No services were performed during the 15 month look back period.,,,,,,,,Other,"Not Payable. ",,,,,,,,Other,"Not Payable. ",8.387064,60,,,,,0,percent of total billed charges,60 percent of billed charges; No services were performed during the 15 month look back period.,,,,,,,,Other,"Not Payable. ",4.193532,30,,,,,0,percent of total billed charges,30 percent of billed charges; No services were performed during the 15 month look back period.,,,,,,,,Other,"Not Payable. ",4.193532,30,,,,,0,percent of total billed charges,30 percent of billed charges; No services were performed during the 15 month look back period.,8.387064,60,,,,,0,percent of total billed charges,60 percent of billed charges; No services were performed during the 15 month look back period.,4.193532,30,,,,,0,percent of total billed charges,30 percent of billed charges; No services were performed during the 15 month look back period.,,,,,,,,Other,"Not Payable. ",,,,,,,,Other,"100 Percent of Medicaid APG. ",,,,,,,,Other,"Not Payable. ",4.193532,30,,,,,0,percent of total billed charges,30 percent of billed charges; No services were performed during the 15 month look back period.,,,,,,,,Fee Schedule,"100 % Zero Pay Code. ",,,,,,,,Other,"100 Percent of Medicaid APG. ",6.290298,45,,,,,0,percent of total billed charges,45 percent of billed charges; No services were performed during the 15 month look back period.,,,,,,,,Fee Schedule,"120 Percent of Medicaid APG. ",,,,,,,,Fee Schedule,"120 Percent of Medicaid APG. ",6.290298,45,,,,,0,percent of total billed charges,45 percent of billed charges; No services were performed during the 15 month look back period.,6.290298,45,,,,,0,percent of total billed charges,45 percent of billed charges; No services were performed during the 15 month look back period.,6.290298,45,,,,,0,percent of total billed charges,45 percent of billed charges; No services were performed during the 15 month look back period.,,,,,,,,Fee Schedule,"100 % Zero Pay Code. ",6.290298,45,,,,,0,percent of total billed charges,45 percent of billed charges; No services were performed during the 15 month look back period.,6.290298,45,,,,,0,percent of total billed charges,45 percent of billed charges; No services were performed during the 15 month look back period.,6.290298,45,,,,,0,percent of total billed charges,45 percent of billed charges; No services were performed during the 15 month look back period.,10.204261,73,,,,,0,percent of total billed charges,73 percent of billed charges; No services were performed during the 15 month look back period.,10.204261,73,,,,,0,percent of total billed charges,73 percent of billed charges; No services were performed during the 15 month look back period.,,,,,,,,Fee Schedule,"Not Payable. ",,,,,,,,Other,"100 Percent of Medicaid APG. ",,,,,,,,Fee Schedule,"100 % Zero Pay Code. ",4.193532,30,,,,,0,percent of total billed charges,30 percent of billed charges; No services were performed during the 15 month look back period.,8.387064,60,,,,,0,percent of total billed charges,60 percent of billed charges; No services were performed during the 15 month look back period.,,,,,,,,Fee Schedule,"100 % Zero Pay Code. ",8.387064,60,,,,,0,percent of total billed charges,60 percent of billed charges; No services were performed during the 15 month look back period.,,,,,,,,Fee Schedule,"100 % Zero Pay Code. ",6.290298,45,,,,,0,percent of total billed charges,45 percent of billed charges; No services were performed during the 15 month look back period.,6.290298,45,,,,,0,percent of total billed charges,45 percent of billed charges; No services were performed during the 15 month look back period.,6.290298,45,,,,,0,percent of total billed charges,45 percent of billed charges; No services were performed during the 15 month look back period.,6.290298,45,,,,,0,percent of total billed charges,45 percent of billed charges; No services were performed during the 15 month look back period.,,,,,,,,Other,"Not Payable. ",0.139784,27.95688,
Q2058,HCPCS,5010014,LOCAL,636,RC,OBECBTGE AUTOL UP TO 400 MIL,2135962.5,405832.875,Outpatient,UN,1,,1067981.25,50,,,,,0,percent of total billed charges,50 percent of billed charges; No services were performed during the 15 month look back period.,1067981.25,50,,,,,0,percent of total billed charges,50 percent of billed charges; No services were performed during the 15 month look back period.,1281577.5,60,,,,,0,percent of total billed charges,60 percent of billed charges; No services were performed during the 15 month look back period.,2135962.5,100,,,,,0,percent of total billed charges,100 percent of billed charges; No services were performed during the 15 month look back period.,,,,,,,,,,1281577.5,60,,,,,0,percent of total billed charges,60 percent of billed charges; No services were performed during the 15 month look back period.,1281577.5,60,,,,,0,percent of total billed charges,60 percent of billed charges; No services were performed during the 15 month look back period.,1281577.5,60,,,,,0,percent of total billed charges,60 percent of billed charges; No services were performed during the 15 month look back period.,747586.875,35,,,,,0,percent of total billed charges,35 percent of billed charges; No services were performed during the 15 month look back period.,747586.875,35,,,,,0,percent of total billed charges,35 percent of billed charges; No services were performed during the 15 month look back period.,1666050.75,78,,,,,0,percent of total billed charges,78 percent of billed charges; No services were performed during the 15 month look back period.,1067981.25,50,,,,,0,percent of total billed charges,50 percent of billed charges; No services were performed during the 15 month look back period.,,,,,,,,,,,,,,,,,,,640788.75,30,,,,,0,percent of total billed charges,30 percent of billed charges; No services were performed during the 15 month look back period.,640788.75,30,,,,,0,percent of total billed charges,30 percent of billed charges; No services were performed during the 15 month look back period.,640788.75,30,,,,,0,percent of total billed charges,30 percent of billed charges; No services were performed during the 15 month look back period.,640788.75,30,,,,,0,percent of total billed charges,30 percent of billed charges; No services were performed during the 15 month look back period.,1868967.1875,87.5,,,,,0,percent of total billed charges,87.5 percent of billed charges; No services were performed during the 15 month look back period.,,,,,,,,,,1868967.1875,87.5,,,,,0,percent of total billed charges,87.5 percent of billed charges; No services were performed during the 15 month look back period.,1666050.75,78,,,,,0,percent of total billed charges,78 percent of billed charges; No services were performed during the 15 month look back period.,1281577.5,60,,,,,0,percent of total billed charges,60 percent of billed charges; No services were performed during the 15 month look back period.,854385,40,,,,,0,percent of total billed charges,40 percent of billed charges; No services were performed during the 15 month look back period.,1559252.625,73,,,,,0,percent of total billed charges,73 percent of billed charges; No services were performed during the 15 month look back period.,854385,40,,,,,0,percent of total billed charges,40 percent of billed charges; No services were performed during the 15 month look back period.,854385,40,,,,,0,percent of total billed charges,40 percent of billed charges; No services were performed during the 15 month look back period.,1666050.75,78,,,,,0,percent of total billed charges,78 percent of billed charges; No services were performed during the 15 month look back period.,,,,,,,,,,,,,,,,,,,747586.875,35,,,,,0,percent of total billed charges,35 percent of billed charges; No services were performed during the 15 month look back period.,747586.875,35,,,,,0,percent of total billed charges,35 percent of billed charges; No services were performed during the 15 month look back period.,1559252.625,73,,,,,0,percent of total billed charges,73 percent of billed charges; No services were performed during the 15 month look back period.,1559252.625,73,,,,,0,percent of total billed charges,73 percent of billed charges; No services were performed during the 15 month look back period.,640788.75,30,,,,,0,percent of total billed charges,30 percent of billed charges; No services were performed during the 15 month look back period.,1559252.625,73,,,,,0,percent of total billed charges,73 percent of billed charges; No services were performed during the 15 month look back period.,640788.75,30,,,,,0,percent of total billed charges,30 percent of billed charges; No services were performed during the 15 month look back period.,854385,40,,,,,0,percent of total billed charges,40 percent of billed charges; No services were performed during the 15 month look back period.,1559252.625,73,,,,,0,percent of total billed charges,73 percent of billed charges; No services were performed during the 15 month look back period.,1666050.75,78,,,,,0,percent of total billed charges,78 percent of billed charges; No services were performed during the 15 month look back period.,427192.5,20,,,,,0,percent of total billed charges,20 percent of billed charges; No services were performed during the 15 month look back period.,427192.5,20,,,,,0,percent of total billed charges,20 percent of billed charges; No services were performed during the 15 month look back period.,1666050.75,78,,,,,0,percent of total billed charges,78 percent of billed charges; No services were performed during the 15 month look back period.,640788.75,30,,,,,0,percent of total billed charges,30 percent of billed charges; No services were performed during the 15 month look back period.,1067981.25,50,,,,,0,percent of total billed charges,50 percent of billed charges; No services were performed during the 15 month look back period.,1067981.25,50,,,,,0,percent of total billed charges,50 percent of billed charges; No services were performed during the 15 month look back period.,1666050.75,78,,,,,0,percent of total billed charges,78 percent of billed charges; No services were performed during the 15 month look back period.,,,,,,,,,,1067981.25,50,,,,,0,percent of total billed charges,50 percent of billed charges; No services were performed during the 15 month look back period.,1067981.25,50,,,,,0,percent of total billed charges,50 percent of billed charges; No services were performed during the 15 month look back period.,1067981.25,50,,,,,0,percent of total billed charges,50 percent of billed charges; No services were performed during the 15 month look back period.,,,,,,,,,,1067981.25,50,,,,,0,percent of total billed charges,50 percent of billed charges; No services were performed during the 15 month look back period.,1067981.25,50,,,,,0,percent of total billed charges,50 percent of billed charges; No services were performed during the 15 month look back period.,,,,,,,,,,1067981.25,50,,,,,0,percent of total billed charges,50 percent of billed charges; No services were performed during the 15 month look back period.,961183.125,45,,,,,0,percent of total billed charges,45 percent of billed charges; No services were performed during the 15 month look back period.,961183.125,45,,,,,0,percent of total billed charges,45 percent of billed charges; No services were performed during the 15 month look back period.,961183.125,45,,,,,0,percent of total billed charges,45 percent of billed charges; No services were performed during the 15 month look back period.,961183.125,45,,,,,0,percent of total billed charges,45 percent of billed charges; No services were performed during the 15 month look back period.,961183.125,45,,,,,0,percent of total billed charges,45 percent of billed charges; No services were performed during the 15 month look back period.,961183.125,45,,,,,0,percent of total billed charges,45 percent of billed charges; No services were performed during the 15 month look back period.,,,,,,,,,,,,,,,,,,,961183.125,45,,,,,0,percent of total billed charges,45 percent of billed charges; No services were performed during the 15 month look back period.,1666050.75,78,,,,,0,percent of total billed charges,78 percent of billed charges; No services were performed during the 15 month look back period.,1666050.75,78,,,,,0,percent of total billed charges,78 percent of billed charges; No services were performed during the 15 month look back period.,1666050.75,78,,,,,0,percent of total billed charges,78 percent of billed charges; No services were performed during the 15 month look back period.,1666050.75,78,,,,,0,percent of total billed charges,78 percent of billed charges; No services were performed during the 15 month look back period.,1666050.75,78,,,,,0,percent of total billed charges,78 percent of billed charges; No services were performed during the 15 month look back period.,1666050.75,78,,,,,0,percent of total billed charges,78 percent of billed charges; No services were performed during the 15 month look back period.,1666050.75,78,,,,,0,percent of total billed charges,78 percent of billed charges; No services were performed during the 15 month look back period.,1666050.75,78,,,,,0,percent of total billed charges,78 percent of billed charges; No services were performed during the 15 month look back period.,1666050.75,78,,,,,0,percent of total billed charges,78 percent of billed charges; No services were performed during the 15 month look back period.,1666050.75,78,,,,,0,percent of total billed charges,78 percent of billed charges; No services were performed during the 15 month look back period.,1666050.75,78,,,,,0,percent of total billed charges,78 percent of billed charges; No services were performed during the 15 month look back period.,1666050.75,78,,,,,0,percent of total billed charges,78 percent of billed charges; No services were performed during the 15 month look back period.,1666050.75,78,,,,,0,percent of total billed charges,78 percent of billed charges; No services were performed during the 15 month look back period.,1666050.75,78,,,,,0,percent of total billed charges,78 percent of billed charges; No services were performed during the 15 month look back period.,1666050.75,78,,,,,0,percent of total billed charges,78 percent of billed charges; No services were performed during the 15 month look back period.,1666050.75,78,,,,,0,percent of total billed charges,78 percent of billed charges; No services were performed during the 15 month look back period.,1666050.75,78,,,,,0,percent of total billed charges,78 percent of billed charges; No services were performed during the 15 month look back period.,1666050.75,78,,,,,0,percent of total billed charges,78 percent of billed charges; No services were performed during the 15 month look back period.,1666050.75,78,,,,,0,percent of total billed charges,78 percent of billed charges; No services were performed during the 15 month look back period.,1666050.75,78,,,,,0,percent of total billed charges,78 percent of billed charges; No services were performed during the 15 month look back period.,1666050.75,78,,,,,0,percent of total billed charges,78 percent of billed charges; No services were performed during the 15 month look back period.,1666050.75,78,,,,,0,percent of total billed charges,78 percent of billed charges; No services were performed during the 15 month look back period.,1666050.75,78,,,,,0,percent of total billed charges,78 percent of billed charges; No services were performed during the 15 month look back period.,1666050.75,78,,,,,0,percent of total billed charges,78 percent of billed charges; No services were performed during the 15 month look back period.,1666050.75,78,,,,,0,percent of total billed charges,78 percent of billed charges; No services were performed during the 15 month look back period.,1666050.75,78,,,,,0,percent of total billed charges,78 percent of billed charges; No services were performed during the 15 month look back period.,1559252.625,73,,,,,0,percent of total billed charges,73 percent of billed charges; No services were performed during the 15 month look back period.,1559252.625,73,,,,,0,percent of total billed charges,73 percent of billed charges; No services were performed during the 15 month look back period.,1559252.625,73,,,,,0,percent of total billed charges,73 percent of billed charges; No services were performed during the 15 month look back period.,1559252.625,73,,,,,0,percent of total billed charges,73 percent of billed charges; No services were performed during the 15 month look back period.,1708770,80,,,,,0,percent of total billed charges,80 percent of billed charges; No services were performed during the 15 month look back period.,1708770,80,,,,,0,percent of total billed charges,80 percent of billed charges; No services were performed during the 15 month look back period.,640788.75,30,,,,,0,percent of total billed charges,30 percent of billed charges; No services were performed during the 15 month look back period.,961183.125,45,,,,,0,percent of total billed charges,45 percent of billed charges; No services were performed during the 15 month look back period.,1067981.25,50,,,,,0,percent of total billed charges,50 percent of billed charges; No services were performed during the 15 month look back period.,961183.125,45,,,,,0,percent of total billed charges,45 percent of billed charges; No services were performed during the 15 month look back period.,1666050.75,78,,,,,0,percent of total billed charges,78 percent of billed charges; No services were performed during the 15 month look back period.,1708770,80,,,,,0,percent of total billed charges,80 percent of billed charges; No services were performed during the 15 month look back period.,961183.125,45,,,,,0,percent of total billed charges,45 percent of billed charges; No services were performed during the 15 month look back period.,1067981.25,50,,,,,0,percent of total billed charges,50 percent of billed charges; No services were performed during the 15 month look back period.,640788.75,30,,,,,0,percent of total billed charges,30 percent of billed charges; No services were performed during the 15 month look back period.,,,,,,,,,,1666050.75,78,,,,,0,percent of total billed charges,78 percent of billed charges; No services were performed during the 15 month look back period.,,,,,,,,,,1559252.625,73,,,,,0,percent of total billed charges,73 percent of billed charges; No services were performed during the 15 month look back period.,640788.75,30,,,,,0,percent of total billed charges,30 percent of billed charges; No services were performed during the 15 month look back period.,854385,40,,,,,0,percent of total billed charges,40 percent of billed charges; No services were performed during the 15 month look back period.,,,,,,,,,,1067981.25,50,,,,,0,percent of total billed charges,50 percent of billed charges; No services were performed during the 15 month look back period.,,,,,,,,,,,,,,,,,,,,,,,,,,,,,,,,,,,,,,,,,,,,,,1281577.5,60,,,,,0,percent of total billed charges,60 percent of billed charges; No services were performed during the 15 month look back period.,1281577.5,60,,,,,0,percent of total billed charges,60 percent of billed charges; No services were performed during the 15 month look back period.,,,,,,,,,,640788.75,30,,,,,0,percent of total billed charges,30 percent of billed charges; No services were performed during the 15 month look back period.,1067981.25,50,,,,,0,percent of total billed charges,50 percent of billed charges; No services were performed during the 15 month look back period.,1067981.25,50,,,,,0,percent of total billed charges,50 percent of billed charges; No services were performed during the 15 month look back period.,,,,,,,,,,640788.75,30,,,,,0,percent of total billed charges,30 percent of billed charges; No services were performed during the 15 month look back period.,1281577.5,60,,,,,0,percent of total billed charges,60 percent of billed charges; No services were performed during the 15 month look back period.,1281577.5,60,,,,,0,percent of total billed charges,60 percent of billed charges; No services were performed during the 15 month look back period.,1281577.5,60,,,,,0,percent of total billed charges,60 percent of billed charges; No services were performed during the 15 month look back period.,1666050.75,78,,,,,0,percent of total billed charges,78 percent of billed charges; No services were performed during the 15 month look back period.,1666050.75,78,,,,,0,percent of total billed charges,78 percent of billed charges; No services were performed during the 15 month look back period.,1666050.75,78,,,,,0,percent of total billed charges,78 percent of billed charges; No services were performed during the 15 month look back period.,1666050.75,78,,,,,0,percent of total billed charges,78 percent of billed charges; No services were performed during the 15 month look back period.,1666050.75,78,,,,,0,percent of total billed charges,78 percent of billed charges; No services were performed during the 15 month look back period.,1666050.75,78,,,,,0,percent of total billed charges,78 percent of billed charges; No services were performed during the 15 month look back period.,1666050.75,78,,,,,0,percent of total billed charges,78 percent of billed charges; No services were performed during the 15 month look back period.,1666050.75,78,,,,,0,percent of total billed charges,78 percent of billed charges; No services were performed during the 15 month look back period.,1666050.75,78,,,,,0,percent of total billed charges,78 percent of billed charges; No services were performed during the 15 month look back period.,1666050.75,78,,,,,0,percent of total billed charges,78 percent of billed charges; No services were performed during the 15 month look back period.,1666050.75,78,,,,,0,percent of total billed charges,78 percent of billed charges; No services were performed during the 15 month look back period.,1708770,80,,,,,0,percent of total billed charges,80 percent of billed charges; No services were performed during the 15 month look back period.,961183.125,45,,,,,0,percent of total billed charges,45 percent of billed charges; No services were performed during the 15 month look back period.,640788.75,30,,,,,0,percent of total billed charges,30 percent of billed charges; No services were performed during the 15 month look back period.,,,,,,,,,,1281577.5,60,,,,,0,percent of total billed charges,60 percent of billed charges; No services were performed during the 15 month look back period.,640788.75,30,,,,,0,percent of total billed charges,30 percent of billed charges; No services were performed during the 15 month look back period.,640788.75,30,,,,,0,percent of total billed charges,30 percent of billed charges; No services were performed during the 15 month look back period.,1666050.75,78,,,,,0,percent of total billed charges,78 percent of billed charges; No services were performed during the 15 month look back period.,427192.5,20,,,,,0,percent of total billed charges,20 percent of billed charges; No services were performed during the 15 month look back period.,640788.75,30,,,,,0,percent of total billed charges,30 percent of billed charges; No services were performed during the 15 month look back period.,,,,,,,,,,,,,,,,,,,,,,,,,,,,,,,,,,,,,,,,,,,,,,,,,,,,,,,,,,,,,,,,640788.75,30,,,,,0,percent of total billed charges,30 percent of billed charges; No services were performed during the 15 month look back period.,1067981.25,50,,,,,0,percent of total billed charges,50 percent of billed charges; No services were performed during the 15 month look back period.,,,,,,,,,,,,,,,,,,,,,,,,,,,,,,,,,,,,,,,,,,,,,,,,,,,,,,,1067981.25,50,,,,,0,percent of total billed charges,50 percent of billed charges; No services were performed during the 15 month look back period.,427192.5,20,,,,,0,percent of total billed charges,20 percent of billed charges; No services were performed during the 15 month look back period.,427192.5,20,,,,,0,percent of total billed charges,20 percent of billed charges; No services were performed during the 15 month look back period.,427192.5,20,,,,,0,percent of total billed charges,20 percent of billed charges; No services were performed during the 15 month look back period.,427192.5,20,,,,,0,percent of total billed charges,20 percent of billed charges; No services were performed during the 15 month look back period.,427192.5,20,,,,,0,percent of total billed charges,20 percent of billed charges; No services were performed during the 15 month look back period.,,,,,,,,,,1708770,80,,,,,0,percent of total billed charges,80 percent of billed charges; No services were performed during the 15 month look back period.,1708770,80,,,,,0,percent of total billed charges,80 percent of billed charges; No services were performed during the 15 month look back period.,1708770,80,,,,,0,percent of total billed charges,80 percent of billed charges; No services were performed during the 15 month look back period.,1708770,80,,,,,0,percent of total billed charges,80 percent of billed charges; No services were performed during the 15 month look back period.,1281577.5,60,,,,,0,percent of total billed charges,60 percent of billed charges; No services were performed during the 15 month look back period.,1281577.5,60,,,,,0,percent of total billed charges,60 percent of billed charges; No services were performed during the 15 month look back period.,1281577.5,60,,,,,0,percent of total billed charges,60 percent of billed charges; No services were performed during the 15 month look back period.,1281577.5,60,,,,,0,percent of total billed charges,60 percent of billed charges; No services were performed during the 15 month look back period.,1067981.25,50,,,,,0,percent of total billed charges,50 percent of billed charges; No services were performed during the 15 month look back period.,1067981.25,50,,,,,0,percent of total billed charges,50 percent of billed charges; No services were performed during the 15 month look back period.,,,,,,,,,,,,,,,,,,,,,,,,,,,,961183.125,45,,,,,0,percent of total billed charges,45 percent of billed charges; No services were performed during the 15 month look back period.,961183.125,45,,,,,0,percent of total billed charges,45 percent of billed charges; No services were performed during the 15 month look back period.,961183.125,45,,,,,0,percent of total billed charges,45 percent of billed charges; No services were performed during the 15 month look back period.,1067981.25,50,,,,,0,percent of total billed charges,50 percent of billed charges; No services were performed during the 15 month look back period.,1281577.5,60,,,,,0,percent of total billed charges,60 percent of billed charges; No services were performed during the 15 month look back period.,,,,,,,,,,961183.125,45,,,,,0,percent of total billed charges,45 percent of billed charges; No services were performed during the 15 month look back period.,,,,,,,,,,,,,,,,,,,,,,,,,,,,,,,,,,,,,747586.875,35,,,,,0,percent of total billed charges,35 percent of billed charges; No services were performed during the 15 month look back period.,,,,,,,,,,,,,,,,,,,,,,,,,,,,,,,,,,,,,,,,,,,,,,,,,,,,,,,,,,,,,,,,,,,,,,,,,,,,,,,,,,,,,,,,,,,,,,,,,,,,,,,,,,,,,,,,,,,,,,,,,,,,,,,,,,,,,,,,1281577.5,60,,,,,0,percent of total billed charges,60 percent of billed charges; No services were performed during the 15 month look back period.,,,,,,,,,,,,,,,,,,,,,,,,,,,,747586.875,35,,,,,0,percent of total billed charges,35 percent of billed charges; No services were performed during the 15 month look back period.,747586.875,35,,,,,0,percent of total billed charges,35 percent of billed charges; No services were performed during the 15 month look back period.,1868967.1875,87.5,,,,,0,percent of total billed charges,87.5 percent of billed charges; No services were performed during the 15 month look back period.,1868967.1875,87.5,,,,,0,percent of total billed charges,87.5 percent of billed charges; No services were performed during the 15 month look back period.,747586.875,35,,,,,0,percent of total billed charges,35 percent of billed charges; No services were performed during the 15 month look back period.,747586.875,35,,,,,0,percent of total billed charges,35 percent of billed charges; No services were performed during the 15 month look back period.,747586.875,35,,,,,0,percent of total billed charges,35 percent of billed charges; No services were performed during the 15 month look back period.,747586.875,35,,,,,0,percent of total billed charges,35 percent of billed charges; No services were performed during the 15 month look back period.,961183.125,45,,,,,0,percent of total billed charges,45 percent of billed charges; No services were performed during the 15 month look back period.,1067981.25,50,,,,,0,percent of total billed charges,50 percent of billed charges; No services were performed during the 15 month look back period.,640788.75,30,,,,,0,percent of total billed charges,30 percent of billed charges; No services were performed during the 15 month look back period.,640788.75,30,,,,,0,percent of total billed charges,30 percent of billed charges; No services were performed during the 15 month look back period.,640788.75,30,,,,,0,percent of total billed charges,30 percent of billed charges; No services were performed during the 15 month look back period.,640788.75,30,,,,,0,percent of total billed charges,30 percent of billed charges; No services were performed during the 15 month look back period.,961183.125,45,,,,,0,percent of total billed charges,45 percent of billed charges; No services were performed during the 15 month look back period.,961183.125,45,,,,,0,percent of total billed charges,45 percent of billed charges; No services were performed during the 15 month look back period.,,,,,,,,,,961183.125,45,,,,,0,percent of total billed charges,45 percent of billed charges; No services were performed during the 15 month look back period.,961183.125,45,,,,,0,percent of total billed charges,45 percent of billed charges; No services were performed during the 15 month look back period.,961183.125,45,,,,,0,percent of total billed charges,45 percent of billed charges; No services were performed during the 15 month look back period.,961183.125,45,,,,,0,percent of total billed charges,45 percent of billed charges; No services were performed during the 15 month look back period.,,,,,,,,,,961183.125,45,,,,,0,percent of total billed charges,45 percent of billed charges; No services were performed during the 15 month look back period.,961183.125,45,,,,,0,percent of total billed charges,45 percent of billed charges; No services were performed during the 15 month look back period.,1281577.5,60,,,,,0,percent of total billed charges,60 percent of billed charges; No services were performed during the 15 month look back period.,,,,,,,,,,1868967.1875,87.5,,,,,0,percent of total billed charges,87.5 percent of billed charges; No services were performed during the 15 month look back period.,,,,,,,,,,1868967.1875,87.5,,,,,0,percent of total billed charges,87.5 percent of billed charges; No services were performed during the 15 month look back period.,1868967.1875,87.5,,,,,0,percent of total billed charges,87.5 percent of billed charges; No services were performed during the 15 month look back period.,,,,,,,,,,,,,,,,,,,,,,,,,,,,,,,,,,,,,,,,,,,,,,,,,,,,,,,,,,,,,,,,,,,,,,,,,,,,,,,,,,640788.75,30,,,,,0,percent of total billed charges,30 percent of billed charges; No services were performed during the 15 month look back period.,,,,,,,,,,,,,,,,,,,1067981.25,50,,,,,0,percent of total billed charges,50 percent of billed charges; No services were performed during the 15 month look back period.,,,,,,,,,,,,,,,,,,,640788.75,30,,,,,0,percent of total billed charges,30 percent of billed charges; No services were performed during the 15 month look back period.,640788.75,30,,,,,0,percent of total billed charges,30 percent of billed charges; No services were performed during the 15 month look back period.,640788.75,30,,,,,0,percent of total billed charges,30 percent of billed charges; No services were performed during the 15 month look back period.,640788.75,30,,,,,0,percent of total billed charges,30 percent of billed charges; No services were performed during the 15 month look back period.,,,,,,,,,,1559252.625,73,,,,,0,percent of total billed charges,73 percent of billed charges; No services were performed during the 15 month look back period.,1281577.5,60,,,,,0,percent of total billed charges,60 percent of billed charges; No services were performed during the 15 month look back period.,1559252.625,73,,,,,0,percent of total billed charges,73 percent of billed charges; No services were performed during the 15 month look back period.,640788.75,30,,,,,0,percent of total billed charges,30 percent of billed charges; No services were performed during the 15 month look back period.,854385,40,,,,,0,percent of total billed charges,40 percent of billed charges; No services were performed during the 15 month look back period.,,,,,,,,,,,,,,,,,,,,,,,,,,,,854385,40,,,,,0,percent of total billed charges,40 percent of billed charges; No services were performed during the 15 month look back period.,,,,,,,,,,,,,,,,,,,,,,,,,,,,,,,,,,,,,961183.125,45,,,,,0,percent of total billed charges,45 percent of billed charges; No services were performed during the 15 month look back period.,1559252.625,73,,,,,0,percent of total billed charges,73 percent of billed charges; No services were performed during the 15 month look back period.,1559252.625,73,,,,,0,percent of total billed charges,73 percent of billed charges; No services were performed during the 15 month look back period.,1559252.625,73,,,,,0,percent of total billed charges,73 percent of billed charges; No services were performed during the 15 month look back period.,1559252.625,73,,,,,0,percent of total billed charges,73 percent of billed charges; No services were performed during the 15 month look back period.,,,,,,,,,,,,,,,,,,,961183.125,45,,,,,0,percent of total billed charges,45 percent of billed charges; No services were performed during the 15 month look back period.,,,,,,,,,,,,,,,,,,,,,,,,,,,,,,,,,,,,,,,,,,,,,,,,,,,,,,,,,,,,,,,,1559252.625,73,,,,,0,percent of total billed charges,73 percent of billed charges; No services were performed during the 15 month look back period.,640788.75,30,,,,,0,percent of total billed charges,30 percent of billed charges; No services were performed during the 15 month look back period.,1666050.75,78,,,,,0,percent of total billed charges,78 percent of billed charges; No services were performed during the 15 month look back period.,1067981.25,50,,,,,0,percent of total billed charges,50 percent of billed charges; No services were performed during the 15 month look back period.,1067981.25,50,,,,,0,percent of total billed charges,50 percent of billed charges; No services were performed during the 15 month look back period.,1281577.5,60,,,,,0,percent of total billed charges,60 percent of billed charges; No services were performed during the 15 month look back period.,,,,,,,,,,1708770,80,,,,,0,percent of total billed charges,80 percent of billed charges; No services were performed during the 15 month look back period.,1708770,80,,,,,0,percent of total billed charges,80 percent of billed charges; No services were performed during the 15 month look back period.,768946.5,36,,,,,0,percent of total billed charges,36 percent of billed charges; No services were performed during the 15 month look back period.,768946.5,36,,,,,0,percent of total billed charges,36 percent of billed charges; No services were performed during the 15 month look back period.,,,,,,,,,,,,,,,,,,,,,,,,,,,,,,,,,,,,,1067981.25,50,,,,,0,percent of total billed charges,50 percent of billed charges; No services were performed during the 15 month look back period.,961183.125,45,,,,,0,percent of total billed charges,45 percent of billed charges; No services were performed during the 15 month look back period.,961183.125,45,,,,,0,percent of total billed charges,45 percent of billed charges; No services were performed during the 15 month look back period.,,,,,,,,,,768946.5,36,,,,,0,percent of total billed charges,36 percent of billed charges; No services were performed during the 15 month look back period.,1559252.625,73,,,,,0,percent of total billed charges,73 percent of billed charges; No services were performed during the 15 month look back period.,,,,,,,,,,,,,,,,,,,1559252.625,73,,,,,0,percent of total billed charges,73 percent of billed charges; No services were performed during the 15 month look back period.,865064.8125,40.5,,,,,0,percent of total billed charges,40.5 percent of billed charges; No services were performed during the 15 month look back period.,865064.8125,40.5,,,,,0,percent of total billed charges,40.5 percent of billed charges; No services were performed during the 15 month look back period.,961183.125,45,,,,,0,percent of total billed charges,45 percent of billed charges; No services were performed during the 15 month look back period.,1067981.25,50,,,,,0,percent of total billed charges,50 percent of billed charges; No services were performed during the 15 month look back period.,854385,40,,,,,0,percent of total billed charges,40 percent of billed charges; No services were performed during the 15 month look back period.,,,,,,,,,,,,,,,,,,,,,,,,,,,,,,,,,,,,,1067981.25,50,,,,,0,percent of total billed charges,50 percent of billed charges; No services were performed during the 15 month look back period.,,,,,,,,,,,,,,,,,,,,,,,,,,,,,,,,,,,,,,,,,,,,,,,,,,,,,,,,,,,,,,,,,,,,,,,,,1067981.25,50,,,,,0,percent of total billed charges,50 percent of billed charges; No services were performed during the 15 month look back period.,,,,,,,,,,,,,,,,,,,961183.125,45,,,,,0,percent of total billed charges,45 percent of billed charges; No services were performed during the 15 month look back period.,,,,,,,,,,961183.125,45,,,,,0,percent of total billed charges,45 percent of billed charges; No services were performed during the 15 month look back period.,961183.125,45,,,,,0,percent of total billed charges,45 percent of billed charges; No services were performed during the 15 month look back period.,961183.125,45,,,,,0,percent of total billed charges,45 percent of billed charges; No services were performed during the 15 month look back period.,,,,,,,,,,,,,,,,,,,961183.125,45,,,,,0,percent of total billed charges,45 percent of billed charges; No services were performed during the 15 month look back period.,,,,,,,,,,961183.125,45,,,,,0,percent of total billed charges,45 percent of billed charges; No services were performed during the 15 month look back period.,640788.75,30,,,,,0,percent of total billed charges,30 percent of billed charges; No services were performed during the 15 month look back period.,854385,40,,,,,0,percent of total billed charges,40 percent of billed charges; No services were performed during the 15 month look back period.,1559252.625,73,,,,,0,percent of total billed charges,73 percent of billed charges; No services were performed during the 15 month look back period.,1559252.625,73,,,,,0,percent of total billed charges,73 percent of billed charges; No services were performed during the 15 month look back period.,1559252.625,73,,,,,0,percent of total billed charges,73 percent of billed charges; No services were performed during the 15 month look back period.,1559252.625,73,,,,,0,percent of total billed charges,73 percent of billed charges; No services were performed during the 15 month look back period.,1559252.625,73,,,,,0,percent of total billed charges,73 percent of billed charges; No services were performed during the 15 month look back period.,1559252.625,73,,,,,0,percent of total billed charges,73 percent of billed charges; No services were performed during the 15 month look back period.,1559252.625,73,,,,,0,percent of total billed charges,73 percent of billed charges; No services were performed during the 15 month look back period.,1559252.625,73,,,,,0,percent of total billed charges,73 percent of billed charges; No services were performed during the 15 month look back period.,1559252.625,73,,,,,0,percent of total billed charges,73 percent of billed charges; No services were performed during the 15 month look back period.,1559252.625,73,,,,,0,percent of total billed charges,73 percent of billed charges; No services were performed during the 15 month look back period.,1559252.625,73,,,,,0,percent of total billed charges,73 percent of billed charges; No services were performed during the 15 month look back period.,1559252.625,73,,,,,0,percent of total billed charges,73 percent of billed charges; No services were performed during the 15 month look back period.,,,,,,,,,,1559252.625,73,,,,,0,percent of total billed charges,73 percent of billed charges; No services were performed during the 15 month look back period.,,,,,,,,,,427192.5,20,,,,,0,percent of total billed charges,20 percent of billed charges; No services were performed during the 15 month look back period.,427192.5,20,,,,,0,percent of total billed charges,20 percent of billed charges; No services were performed during the 15 month look back period.,1067981.25,50,,,,,0,percent of total billed charges,50 percent of billed charges; No services were performed during the 15 month look back period.,1067981.25,50,,,,,0,percent of total billed charges,50 percent of billed charges; No services were performed during the 15 month look back period.,,,,,,,,,,1708770,80,,,,,0,percent of total billed charges,80 percent of billed charges; No services were performed during the 15 month look back period.,,,,,,,,,,,,,,,,,,,1281577.5,60,,,,,0,percent of total billed charges,60 percent of billed charges; No services were performed during the 15 month look back period.,,,,,,,,,,640788.75,30,,,,,0,percent of total billed charges,30 percent of billed charges; No services were performed during the 15 month look back period.,,,,,,,,,,640788.75,30,,,,,0,percent of total billed charges,30 percent of billed charges; No services were performed during the 15 month look back period.,1281577.5,60,,,,,0,percent of total billed charges,60 percent of billed charges; No services were performed during the 15 month look back period.,640788.75,30,,,,,0,percent of total billed charges,30 percent of billed charges; No services were performed during the 15 month look back period.,,,,,,,,,,,,,,,,,,,,,,,,,,,,640788.75,30,,,,,0,percent of total billed charges,30 percent of billed charges; No services were performed during the 15 month look back period.,1067981.25,50,,,,,0,percent of total billed charges,50 percent of billed charges; No services were performed during the 15 month look back period.,,,,,,,,,,961183.125,45,,,,,0,percent of total billed charges,45 percent of billed charges; No services were performed during the 15 month look back period.,,,,,,,,,,,,,,,,,,,961183.125,45,,,,,0,percent of total billed charges,45 percent of billed charges; No services were performed during the 15 month look back period.,961183.125,45,,,,,0,percent of total billed charges,45 percent of billed charges; No services were performed during the 15 month look back period.,961183.125,45,,,,,0,percent of total billed charges,45 percent of billed charges; No services were performed during the 15 month look back period.,1067981.25,50,,,,,0,percent of total billed charges,50 percent of billed charges; No services were performed during the 15 month look back period.,961183.125,45,,,,,0,percent of total billed charges,45 percent of billed charges; No services were performed during the 15 month look back period.,961183.125,45,,,,,0,percent of total billed charges,45 percent of billed charges; No services were performed during the 15 month look back period.,961183.125,45,,,,,0,percent of total billed charges,45 percent of billed charges; No services were performed during the 15 month look back period.,1559252.625,73,,,,,0,percent of total billed charges,73 percent of billed charges; No services were performed during the 15 month look back period.,1559252.625,73,,,,,0,percent of total billed charges,73 percent of billed charges; No services were performed during the 15 month look back period.,427192.5,20,,,,,0,percent of total billed charges,20 percent of billed charges; No services were performed during the 15 month look back period.,747586.875,35,,,,,0,percent of total billed charges,35 percent of billed charges; No services were performed during the 15 month look back period.,1067981.25,50,,,,,0,percent of total billed charges,50 percent of billed charges; No services were performed during the 15 month look back period.,640788.75,30,,,,,0,percent of total billed charges,30 percent of billed charges; No services were performed during the 15 month look back period.,1281577.5,60,,,,,0,percent of total billed charges,60 percent of billed charges; No services were performed during the 15 month look back period.,1067981.25,50,,,,,0,percent of total billed charges,50 percent of billed charges; No services were performed during the 15 month look back period.,1281577.5,60,,,,,0,percent of total billed charges,60 percent of billed charges; No services were performed during the 15 month look back period.,1067981.25,50,,,,,0,percent of total billed charges,50 percent of billed charges; No services were performed during the 15 month look back period.,961183.125,45,,,,,0,percent of total billed charges,45 percent of billed charges; No services were performed during the 15 month look back period.,961183.125,45,,,,,0,percent of total billed charges,45 percent of billed charges; No services were performed during the 15 month look back period.,961183.125,45,,,,,0,percent of total billed charges,45 percent of billed charges; No services were performed during the 15 month look back period.,961183.125,45,,,,,0,percent of total billed charges,45 percent of billed charges; No services were performed during the 15 month look back period.,,,,,,,,,,213596.25,2135962.5,
Q3028,HCPCS,5010015,LOCAL,636,RC,INJ BETA INTERFERON SQ 1 MCG,496.254553,94.288365,Inpatient,ME,0.001,,,,,,,,,,,,,,,,,,,,148.876366,30,,,,,0,percent of total billed charges,30 Percent of charges; No services were performed during the 15 month look back period.,496.254553,100,,,,,0,percent of total billed charges,100 percent of charges; No services were performed during the 15 month look back period.,,,,,,,,,,148.876366,30,,,,,0,percent of total billed charges,30 Percent of charges; No services were performed during the 15 month look back period.,148.876366,30,,,,,0,percent of total billed charges,30 Percent of charges; No services were performed during the 15 month look back period.,148.876366,30,,,,,0,percent of total billed charges,30 Percent of charges; No services were performed during the 15 month look back period.,49.625455,10,,,,,0,percent of total billed charges,10 percent of charges; No services were performed during the 15 month look back period.,,,,,,,,,,362.265824,73,,,,,0,percent of total billed charges,73 percent of charges; No services were performed during the 15 month look back period.,49.625455,10,,,,,0,percent of total billed charges,10 percent of charges; No services were performed during the 15 month look back period.,,,,,,,,,,,,,,,,,,,158.801457,32,,,,,0,percent of total billed charges,32 pecent of charges; No services were performed during the 15 month look back period.,158.801457,32,,,,,0,percent of total billed charges,32 pecent of charges; No services were performed during the 15 month look back period.,158.801457,32,,,,,0,percent of total billed charges,32 pecent of charges; No services were performed during the 15 month look back period.,158.801457,32,,,,,0,percent of total billed charges,32 pecent of charges; No services were performed during the 15 month look back period.,,,,,,,,,,,,,,,,,,,,,,,,,,,,362.265824,73,,,,,0,percent of total billed charges,73 percent of charges; No services were performed during the 15 month look back period.,148.876366,30,,,,,0,percent of total billed charges,30 Percent of charges; No services were performed during the 15 month look back period.,198.501821,40,,,,,0,percent of total billed charges,40 percent of charges; No services were performed during the 15 month look back period.,143.91382,29,,,,,0,percent of total billed charges,29 percent of charges; No services were performed during the 15 month look back period.,198.501821,40,,,,,0,percent of total billed charges,40 percent of charges; No services were performed during the 15 month look back period.,198.501821,40,,,,,0,percent of total billed charges,40 percent of charges; No services were performed during the 15 month look back period.,362.265824,73,,,,,0,percent of total billed charges,73 percent of charges; No services were performed during the 15 month look back period.,,,,,,,,,,,,,,,,,,,,,,,,,,,,,,,,,,,,,143.91382,29,,,,,0,percent of total billed charges,29 percent of charges; No services were performed during the 15 month look back period.,143.91382,29,,,,,0,percent of total billed charges,29 percent of charges; No services were performed during the 15 month look back period.,143.91382,29,,,,,0,percent of total billed charges,29 percent of charges; No services were performed during the 15 month look back period.,143.91382,29,,,,,0,percent of total billed charges,29 percent of charges; No services were performed during the 15 month look back period.,143.91382,29,,,,,0,percent of total billed charges,29 percent of charges; No services were performed during the 15 month look back period.,143.91382,29,,,,,0,percent of total billed charges,29 percent of charges; No services were performed during the 15 month look back period.,143.91382,29,,,,,0,percent of total billed charges,29 percent of charges; No services were performed during the 15 month look back period.,362.265824,73,,,,,0,percent of total billed charges,73 percent of charges; No services were performed during the 15 month look back period.,64.513092,13,,,,,0,percent of total billed charges,13 percent of charges; No services were performed during the 15 month look back period.,64.513092,13,,,,,0,percent of total billed charges,13 percent of charges; No services were performed during the 15 month look back period.,362.265824,73,,,,,0,percent of total billed charges,73 percent of charges; No services were performed during the 15 month look back period.,158.801457,32,,,,,0,percent of total billed charges,32 pecent of charges; No services were performed during the 15 month look back period.,49.625455,10,,,,,0,percent of total billed charges,10 percent of charges; No services were performed during the 15 month look back period.,49.625455,10,,,,,0,percent of total billed charges,10 percent of charges; No services were performed during the 15 month look back period.,362.265824,73,,,,,0,percent of total billed charges,73 percent of charges; No services were performed during the 15 month look back period.,,,,,,,,,,49.625455,10,,,,,0,percent of total billed charges,10 percent of charges; No services were performed during the 15 month look back period.,49.625455,10,,,,,0,percent of total billed charges,10 percent of charges; No services were performed during the 15 month look back period.,49.625455,10,,,,,0,percent of total billed charges,10 percent of charges; No services were performed during the 15 month look back period.,,,,,,,,,,49.625455,10,,,,,0,percent of total billed charges,10 percent of charges; No services were performed during the 15 month look back period.,49.625455,10,,,,,0,percent of total billed charges,10 percent of charges; No services were performed during the 15 month look back period.,,,,,,,,,,119.101093,24,,,,,0,percent of total billed charges,24 percent of charges; No services were performed during the 15 month look back period.,,,,,,,,,,,,,,,,,,,,,,,,,,,,,,,,,,,,,,,,,,,,,,,,,,,,,,,,,,,,,,,,,,,,,,,,,,,,,,,,,,362.265824,73,,,,,0,percent of total billed charges,73 percent of charges; No services were performed during the 15 month look back period.,362.265824,73,,,,,0,percent of total billed charges,73 percent of charges; No services were performed during the 15 month look back period.,362.265824,73,,,,,0,percent of total billed charges,73 percent of charges; No services were performed during the 15 month look back period.,362.265824,73,,,,,0,percent of total billed charges,73 percent of charges; No services were performed during the 15 month look back period.,362.265824,73,,,,,0,percent of total billed charges,73 percent of charges; No services were performed during the 15 month look back period.,362.265824,73,,,,,0,percent of total billed charges,73 percent of charges; No services were performed during the 15 month look back period.,362.265824,73,,,,,0,percent of total billed charges,73 percent of charges; No services were performed during the 15 month look back period.,362.265824,73,,,,,0,percent of total billed charges,73 percent of charges; No services were performed during the 15 month look back period.,362.265824,73,,,,,0,percent of total billed charges,73 percent of charges; No services were performed during the 15 month look back period.,362.265824,73,,,,,0,percent of total billed charges,73 percent of charges; No services were performed during the 15 month look back period.,362.265824,73,,,,,0,percent of total billed charges,73 percent of charges; No services were performed during the 15 month look back period.,362.265824,73,,,,,0,percent of total billed charges,73 percent of charges; No services were performed during the 15 month look back period.,362.265824,73,,,,,0,percent of total billed charges,73 percent of charges; No services were performed during the 15 month look back period.,362.265824,73,,,,,0,percent of total billed charges,73 percent of charges; No services were performed during the 15 month look back period.,362.265824,73,,,,,0,percent of total billed charges,73 percent of charges; No services were performed during the 15 month look back period.,362.265824,73,,,,,0,percent of total billed charges,73 percent of charges; No services were performed during the 15 month look back period.,362.265824,73,,,,,0,percent of total billed charges,73 percent of charges; No services were performed during the 15 month look back period.,362.265824,73,,,,,0,percent of total billed charges,73 percent of charges; No services were performed during the 15 month look back period.,362.265824,73,,,,,0,percent of total billed charges,73 percent of charges; No services were performed during the 15 month look back period.,362.265824,73,,,,,0,percent of total billed charges,73 percent of charges; No services were performed during the 15 month look back period.,362.265824,73,,,,,0,percent of total billed charges,73 percent of charges; No services were performed during the 15 month look back period.,362.265824,73,,,,,0,percent of total billed charges,73 percent of charges; No services were performed during the 15 month look back period.,362.265824,73,,,,,0,percent of total billed charges,73 percent of charges; No services were performed during the 15 month look back period.,362.265824,73,,,,,0,percent of total billed charges,73 percent of charges; No services were performed during the 15 month look back period.,362.265824,73,,,,,0,percent of total billed charges,73 percent of charges; No services were performed during the 15 month look back period.,362.265824,73,,,,,0,percent of total billed charges,73 percent of charges; No services were performed during the 15 month look back period.,143.91382,29,,,,,0,percent of total billed charges,29 percent of charges; No services were performed during the 15 month look back period.,143.91382,29,,,,,0,percent of total billed charges,29 percent of charges; No services were performed during the 15 month look back period.,143.91382,29,,,,,0,percent of total billed charges,29 percent of charges; No services were performed during the 15 month look back period.,143.91382,29,,,,,0,percent of total billed charges,29 percent of charges; No services were performed during the 15 month look back period.,198.501821,40,,,,,0,percent of total billed charges,40 percent of charges; No services were performed during the 15 month look back period.,198.501821,40,,,,,0,percent of total billed charges,40 percent of charges; No services were performed during the 15 month look back period.,158.801457,32,,,,,0,percent of total billed charges,32 pecent of charges; No services were performed during the 15 month look back period.,,,,,,,,,,49.625455,10,,,,,0,percent of total billed charges,10 percent of charges; No services were performed during the 15 month look back period.,,,,,,,,,,362.265824,73,,,,,0,percent of total billed charges,73 percent of charges; No services were performed during the 15 month look back period.,198.501821,40,,,,,0,percent of total billed charges,40 percent of charges; No services were performed during the 15 month look back period.,,,,,,,,,,49.625455,10,,,,,0,percent of total billed charges,10 percent of charges; No services were performed during the 15 month look back period.,158.801457,32,,,,,0,percent of total billed charges,32 pecent of charges; No services were performed during the 15 month look back period.,,,,,,,,,,362.265824,73,,,,,0,percent of total billed charges,73 percent of charges; No services were performed during the 15 month look back period.,,,,,,,,,,143.91382,29,,,,,0,percent of total billed charges,29 percent of charges; No services were performed during the 15 month look back period.,143.91382,29,,,,,0,percent of total billed charges,29 percent of charges; No services were performed during the 15 month look back period.,143.91382,29,,,,,0,percent of total billed charges,29 percent of charges; No services were performed during the 15 month look back period.,,,,,,,,,,119.101093,24,,,,,0,percent of total billed charges,24 percent of charges; No services were performed during the 15 month look back period.,,,,,,,,,,,,,,,,,,,,,,,,,,,,,,,,,,,,,,,,,,,,,,148.876366,30,,,,,0,percent of total billed charges,30 Percent of charges; No services were performed during the 15 month look back period.,148.876366,30,,,,,0,percent of total billed charges,30 Percent of charges; No services were performed during the 15 month look back period.,,,,,,,,,,158.801457,32,,,,,0,percent of total billed charges,32 pecent of charges; No services were performed during the 15 month look back period.,49.625455,10,,,,,0,percent of total billed charges,10 percent of charges; No services were performed during the 15 month look back period.,49.625455,10,,,,,0,percent of total billed charges,10 percent of charges; No services were performed during the 15 month look back period.,,,,,,,,,,158.801457,32,,,,,0,percent of total billed charges,32 pecent of charges; No services were performed during the 15 month look back period.,148.876366,30,,,,,0,percent of total billed charges,30 Percent of charges; No services were performed during the 15 month look back period.,148.876366,30,,,,,0,percent of total billed charges,30 Percent of charges; No services were performed during the 15 month look back period.,148.876366,30,,,,,0,percent of total billed charges,30 Percent of charges; No services were performed during the 15 month look back period.,362.265824,73,,,,,0,percent of total billed charges,73 percent of charges; No services were performed during the 15 month look back period.,362.265824,73,,,,,0,percent of total billed charges,73 percent of charges; No services were performed during the 15 month look back period.,362.265824,73,,,,,0,percent of total billed charges,73 percent of charges; No services were performed during the 15 month look back period.,362.265824,73,,,,,0,percent of total billed charges,73 percent of charges; No services were performed during the 15 month look back period.,362.265824,73,,,,,0,percent of total billed charges,73 percent of charges; No services were performed during the 15 month look back period.,362.265824,73,,,,,0,percent of total billed charges,73 percent of charges; No services were performed during the 15 month look back period.,362.265824,73,,,,,0,percent of total billed charges,73 percent of charges; No services were performed during the 15 month look back period.,362.265824,73,,,,,0,percent of total billed charges,73 percent of charges; No services were performed during the 15 month look back period.,362.265824,73,,,,,0,percent of total billed charges,73 percent of charges; No services were performed during the 15 month look back period.,362.265824,73,,,,,0,percent of total billed charges,73 percent of charges; No services were performed during the 15 month look back period.,362.265824,73,,,,,0,percent of total billed charges,73 percent of charges; No services were performed during the 15 month look back period.,198.501821,40,,,,,0,percent of total billed charges,40 percent of charges; No services were performed during the 15 month look back period.,,,,,,,,,,158.801457,32,,,,,0,percent of total billed charges,32 pecent of charges; No services were performed during the 15 month look back period.,,,,,,,,,,148.876366,30,,,,,0,percent of total billed charges,30 Percent of charges; No services were performed during the 15 month look back period.,158.801457,32,,,,,0,percent of total billed charges,32 pecent of charges; No services were performed during the 15 month look back period.,158.801457,32,,,,,0,percent of total billed charges,32 pecent of charges; No services were performed during the 15 month look back period.,362.265824,73,,,,,0,percent of total billed charges,73 percent of charges; No services were performed during the 15 month look back period.,99.250911,20,,,,,0,percent of total billed charges,20 percent of charges; No services were performed during the 15 month look back period.,158.801457,32,,,,,0,percent of total billed charges,32 pecent of charges; No services were performed during the 15 month look back period.,,,,,,,,,,,,,,,,,,,,,,,,,,,,,,,,,,,,,,,,,,,,,,,,,,,,,,,,,,,,,,,,158.801457,32,,,,,0,percent of total billed charges,32 pecent of charges; No services were performed during the 15 month look back period.,119.101093,24,,,,,0,percent of total billed charges,24 percent of charges; No services were performed during the 15 month look back period.,,,,,,,,,,,,,,,,,,,,,,,,,,,,,,,,,,,,,,,,,,,,,,,,,,,,,,,119.101093,24,,,,,0,percent of total billed charges,24 percent of charges; No services were performed during the 15 month look back period.,153.838911,31,,,,,0,percent of total billed charges,31 percent of charges; No services were performed during the 15 month look back period.,153.838911,31,,,,,0,percent of total billed charges,31 percent of charges; No services were performed during the 15 month look back period.,153.838911,31,,,,,0,percent of total billed charges,31 percent of charges; No services were performed during the 15 month look back period.,153.838911,31,,,,,0,percent of total billed charges,31 percent of charges; No services were performed during the 15 month look back period.,153.838911,31,,,,,0,percent of total billed charges,31 percent of charges; No services were performed during the 15 month look back period.,,,,,,,,,,198.501821,40,,,,,0,percent of total billed charges,40 percent of charges; No services were performed during the 15 month look back period.,198.501821,40,,,,,0,percent of total billed charges,40 percent of charges; No services were performed during the 15 month look back period.,198.501821,40,,,,,0,percent of total billed charges,40 percent of charges; No services were performed during the 15 month look back period.,198.501821,40,,,,,0,percent of total billed charges,40 percent of charges; No services were performed during the 15 month look back period.,148.876366,30,,,,,0,percent of total billed charges,30 Percent of charges; No services were performed during the 15 month look back period.,148.876366,30,,,,,0,percent of total billed charges,30 Percent of charges; No services were performed during the 15 month look back period.,148.876366,30,,,,,0,percent of total billed charges,30 Percent of charges; No services were performed during the 15 month look back period.,148.876366,30,,,,,0,percent of total billed charges,30 Percent of charges; No services were performed during the 15 month look back period.,119.101093,24,,,,,0,percent of total billed charges,24 percent of charges; No services were performed during the 15 month look back period.,119.101093,24,,,,,0,percent of total billed charges,24 percent of charges; No services were performed during the 15 month look back period.,,,,,,,,,,,,,,,,,,,,,,,,,,,,,,,,,,,,,,,,,,,,,,,,,,,,,,,119.101093,24,,,,,0,percent of total billed charges,24 percent of charges; No services were performed during the 15 month look back period.,148.876366,30,,,,,0,percent of total billed charges,30 Percent of charges; No services were performed during the 15 month look back period.,,,,,,,,,,,,,,,,,,,,,,,,,,,,,,,,,,,,,,,,,,,,,,,,,,,,,,,,,,,,,,,,,,,,,,,,,,,,,,,,,,,,,,,,,,,,,,,,,,,,,,,,,,,,,,,,,,,,,,,,,,,,,,,,,,,,,,,,,,,,,,,,,,,,,,,,,,,,,,,,,,,,,,,,,,,,,,,,,,,,,,,,,,,,,,,,,,,,,,,148.876366,30,,,,,0,percent of total billed charges,30 Percent of charges; No services were performed during the 15 month look back period.,,,,,,,,,,,,,,,,,,,,,,,,,,,,,,,,,,,,,,,,,,,,,,,,,,,,,,,,,,,,,,,,49.625455,10,,,,,0,percent of total billed charges,10 percent of charges; No services were performed during the 15 month look back period.,49.625455,10,,,,,0,percent of total billed charges,10 percent of charges; No services were performed during the 15 month look back period.,49.625455,10,,,,,0,percent of total billed charges,10 percent of charges; No services were performed during the 15 month look back period.,49.625455,10,,,,,0,percent of total billed charges,10 percent of charges; No services were performed during the 15 month look back period.,,,,,,,,,,119.101093,24,,,,,0,percent of total billed charges,24 percent of charges; No services were performed during the 15 month look back period.,143.91382,29,,,,,0,percent of total billed charges,29 percent of charges; No services were performed during the 15 month look back period.,143.91382,29,,,,,0,percent of total billed charges,29 percent of charges; No services were performed during the 15 month look back period.,143.91382,29,,,,,0,percent of total billed charges,29 percent of charges; No services were performed during the 15 month look back period.,143.91382,29,,,,,0,percent of total billed charges,29 percent of charges; No services were performed during the 15 month look back period.,,,,,,,,,,,,,,,,,,,,,,,,,,,,,,,,,,,,,,,,,,,,,,,,,,,,,,,,,,,,,,,,,,,,,,,,,,,,,,,,,,,,,,,,,,,148.876366,30,,,,,0,percent of total billed charges,30 Percent of charges; No services were performed during the 15 month look back period.,,,,,,,,,,,,,,,,,,,,,,,,,,,,,,,,,,,,,,,,,,,,,,,,,,,,,,,,,,,,,,,,,,,,,,,,,,,,,,,,,,,,,,,,,,,,,,,,,,,,,,,,,,,,,,,,,,,,,,,,,,,,,,,158.801457,32,,,,,0,percent of total billed charges,32 pecent of charges; No services were performed during the 15 month look back period.,,,,,,,,,,,,,,,,,,,,,,,,,,,,,,,,,,,,,,,,,,,,,,143.91382,29,,,,,0,percent of total billed charges,29 percent of charges; No services were performed during the 15 month look back period.,143.91382,29,,,,,0,percent of total billed charges,29 percent of charges; No services were performed during the 15 month look back period.,143.91382,29,,,,,0,percent of total billed charges,29 percent of charges; No services were performed during the 15 month look back period.,143.91382,29,,,,,0,percent of total billed charges,29 percent of charges; No services were performed during the 15 month look back period.,,,,,,,,,,143.91382,29,,,,,0,percent of total billed charges,29 percent of charges; No services were performed during the 15 month look back period.,148.876366,30,,,,,0,percent of total billed charges,30 Percent of charges; No services were performed during the 15 month look back period.,143.91382,29,,,,,0,percent of total billed charges,29 percent of charges; No services were performed during the 15 month look back period.,158.801457,32,,,,,0,percent of total billed charges,32 pecent of charges; No services were performed during the 15 month look back period.,143.91382,29,,,,,0,percent of total billed charges,29 percent of charges; No services were performed during the 15 month look back period.,,,,,,,,,,,,,,,,,,,,,,,,,,,,143.91382,29,,,,,0,percent of total billed charges,29 percent of charges; No services were performed during the 15 month look back period.,,,,,,,,,,,,,,,,,,,,,,,,,,,,,,,,,,,,,,,,,,,,,,143.91382,29,,,,,0,percent of total billed charges,29 percent of charges; No services were performed during the 15 month look back period.,143.91382,29,,,,,0,percent of total billed charges,29 percent of charges; No services were performed during the 15 month look back period.,143.91382,29,,,,,0,percent of total billed charges,29 percent of charges; No services were performed during the 15 month look back period.,143.91382,29,,,,,0,percent of total billed charges,29 percent of charges; No services were performed during the 15 month look back period.,,,,,,,,,,,,,,,,,,,,,,,,,,,,,,,,,,,,,,,,,,,,,,,,,,,,,,,,,,,,,,,,,,,,,,,,,,,,,,,,,,,,,,,,,,,143.91382,29,,,,,0,percent of total billed charges,29 percent of charges; No services were performed during the 15 month look back period.,158.801457,32,,,,,0,percent of total billed charges,32 pecent of charges; No services were performed during the 15 month look back period.,362.265824,73,,,,,0,percent of total billed charges,73 percent of charges; No services were performed during the 15 month look back period.,49.625455,10,,,,,0,percent of total billed charges,10 percent of charges; No services were performed during the 15 month look back period.,49.625455,10,,,,,0,percent of total billed charges,10 percent of charges; No services were performed during the 15 month look back period.,148.876366,30,,,,,0,percent of total billed charges,30 Percent of charges; No services were performed during the 15 month look back period.,,,,,,,,,,198.501821,40,,,,,0,percent of total billed charges,40 percent of charges; No services were performed during the 15 month look back period.,198.501821,40,,,,,0,percent of total billed charges,40 percent of charges; No services were performed during the 15 month look back period.,,,,,,,,,,,,,,,,,,,,,,,,,,,,,,,,,,,,,,,,,,,,,,,,,,,,,,,49.625455,10,,,,,0,percent of total billed charges,10 percent of charges; No services were performed during the 15 month look back period.,,,,,,,,,,,,,,,,,,,,,,,,,,,,,,,,,,,,,143.91382,29,,,,,0,percent of total billed charges,29 percent of charges; No services were performed during the 15 month look back period.,,,,,,,,,,,,,,,,,,,143.91382,29,,,,,0,percent of total billed charges,29 percent of charges; No services were performed during the 15 month look back period.,,,,,,,,,,,,,,,,,,,,,,,,,,,,119.101093,24,,,,,0,percent of total billed charges,24 percent of charges; No services were performed during the 15 month look back period.,143.91382,29,,,,,0,percent of total billed charges,29 percent of charges; No services were performed during the 15 month look back period.,,,,,,,,,,,,,,,,,,,,,,,,,,,,,,,,,,,,,49.625455,10,,,,,0,percent of total billed charges,10 percent of charges; No services were performed during the 15 month look back period.,,,,,,,,,,,,,,,,,,,,,,,,,,,,,,,,,,,,,,,,,,,,,,,,,,,,,,,,,,,,,,,,,,,,,,,,,49.625455,10,,,,,0,percent of total billed charges,10 percent of charges; No services were performed during the 15 month look back period.,,,,,,,,,,,,,,,,,,,,,,,,,,,,,,,,,,,,,,,,,,,,,,,,,,,,,,,,,,,,,,,,,,,,,,,,,,,,,,,,,,,,,,,,,,,,,,,,,,,,,,,,,,,,,,,,,,,,,,143.91382,29,,,,,0,percent of total billed charges,29 percent of charges; No services were performed during the 15 month look back period.,143.91382,29,,,,,0,percent of total billed charges,29 percent of charges; No services were performed during the 15 month look back period.,143.91382,29,,,,,0,percent of total billed charges,29 percent of charges; No services were performed during the 15 month look back period.,143.91382,29,,,,,0,percent of total billed charges,29 percent of charges; No services were performed during the 15 month look back period.,143.91382,29,,,,,0,percent of total billed charges,29 percent of charges; No services were performed during the 15 month look back period.,143.91382,29,,,,,0,percent of total billed charges,29 percent of charges; No services were performed during the 15 month look back period.,143.91382,29,,,,,0,percent of total billed charges,29 percent of charges; No services were performed during the 15 month look back period.,143.91382,29,,,,,0,percent of total billed charges,29 percent of charges; No services were performed during the 15 month look back period.,143.91382,29,,,,,0,percent of total billed charges,29 percent of charges; No services were performed during the 15 month look back period.,143.91382,29,,,,,0,percent of total billed charges,29 percent of charges; No services were performed during the 15 month look back period.,143.91382,29,,,,,0,percent of total billed charges,29 percent of charges; No services were performed during the 15 month look back period.,143.91382,29,,,,,0,percent of total billed charges,29 percent of charges; No services were performed during the 15 month look back period.,143.91382,29,,,,,0,percent of total billed charges,29 percent of charges; No services were performed during the 15 month look back period.,,,,,,,,,,143.91382,29,,,,,0,percent of total billed charges,29 percent of charges; No services were performed during the 15 month look back period.,,,,,,,,,,94.288365,19,,,,,0,percent of total billed charges,19 percent of charges; No services were performed during the 15 month look back period.,64.513092,13,,,,,0,percent of total billed charges,13 percent of charges; No services were performed during the 15 month look back period.,49.625455,10,,,,,0,percent of total billed charges,10 percent of charges; No services were performed during the 15 month look back period.,49.625455,10,,,,,0,percent of total billed charges,10 percent of charges; No services were performed during the 15 month look back period.,,,,,,,,,,198.501821,40,,,,,0,percent of total billed charges,40 percent of charges; No services were performed during the 15 month look back period.,,,,,,,,,,,,,,,,,,,148.876366,30,,,,,0,percent of total billed charges,30 Percent of charges; No services were performed during the 15 month look back period.,,,,,,,,,,158.801457,32,,,,,0,percent of total billed charges,32 pecent of charges; No services were performed during the 15 month look back period.,,,,,,,,,,158.801457,32,,,,,0,percent of total billed charges,32 pecent of charges; No services were performed during the 15 month look back period.,148.876366,30,,,,,0,percent of total billed charges,30 Percent of charges; No services were performed during the 15 month look back period.,158.801457,32,,,,,0,percent of total billed charges,32 pecent of charges; No services were performed during the 15 month look back period.,,,,,,,,,,,,,,,,,,,,,,,,,,,,158.801457,32,,,,,0,percent of total billed charges,32 pecent of charges; No services were performed during the 15 month look back period.,49.625455,10,,,,,0,percent of total billed charges,10 percent of charges; No services were performed during the 15 month look back period.,,,,,,,,,,,,,,,,,,,,,,,,,,,,,,,,,,,,,,,,,,,,,,,,,,,,,,,,,,,,,,,,49.625455,10,,,,,0,percent of total billed charges,10 percent of charges; No services were performed during the 15 month look back period.,,,,,,,,,,,,,,,,,,,,,,,,,,,,143.91382,29,,,,,0,percent of total billed charges,29 percent of charges; No services were performed during the 15 month look back period.,143.91382,29,,,,,0,percent of total billed charges,29 percent of charges; No services were performed during the 15 month look back period.,153.838911,31,,,,,0,percent of total billed charges,31 percent of charges; No services were performed during the 15 month look back period.,,,,,,,,,,49.625455,10,,,,,0,percent of total billed charges,10 percent of charges; No services were performed during the 15 month look back period.,158.801457,32,,,,,0,percent of total billed charges,32 pecent of charges; No services were performed during the 15 month look back period.,148.876366,30,,,,,0,percent of total billed charges,30 Percent of charges; No services were performed during the 15 month look back period.,49.625455,10,,,,,0,percent of total billed charges,10 percent of charges; No services were performed during the 15 month look back period.,148.876366,30,,,,,0,percent of total billed charges,30 Percent of charges; No services were performed during the 15 month look back period.,49.625455,10,,,,,0,percent of total billed charges,10 percent of charges; No services were performed during the 15 month look back period.,,,,,,,,,,,,,,,,,,,,,,,,,,,,,,,,,,,,,,,,,,,,,,4.962546,1143.507273,
Q4122,HCPCS,6010345,LOCAL,636,RC,"HC DERMACELL, AWM, POROUS SQ CM",44417.1959,8439.267221,both,,,,8572.518809,19.3,,,,,0,percent of total billed charges,19.3 percent of billed charges. Add on payment; No services were performed during the 15 month look back period.,8572.518809,19.3,,,,,0,percent of total billed charges,19.3 percent of billed charges. Add on payment; No services were performed during the 15 month look back period.,9327.611139,21,,,,,0,percent of total billed charges,21 percent of billed charges. Add on payment.; No services were performed during the 15 month look back period.,9327.611139,21,,,,,0,percent of total billed charges,21 percent of billed charges. Add on payment.; No services were performed during the 15 month look back period.,,,,,,,,,Not separately priced,9327.611139,21,,,,,0,percent of total billed charges,21 percent of billed charges. Add on payment.; No services were performed during the 15 month look back period.,9327.611139,21,,,,,0,percent of total billed charges,21 percent of billed charges. Add on payment.; No services were performed during the 15 month look back period.,9327.611139,21,,,,,0,percent of total billed charges,21 percent of billed charges. Add on payment.; No services were performed during the 15 month look back period.,,,,,,,,,Not separately priced,,,,,,,,,Not separately priced,34645.412802,78,,,,,0,percent of total billed charges,78 percent of billed charges. Add on payment; No services were performed during the 15 month look back period.,,,,,,,,,Not payable.,,,,,,,,,Not separately priced,,,,,,,,,Not separately priced,13902.582317,31.3,,,,,0,percent of total billed charges,31.3 percent of billed charges. Add on payment; No services were performed during the 15 month look back period.,13902.582317,31.3,,,,,0,percent of total billed charges,31.3 percent of billed charges. Add on payment; No services were performed during the 15 month look back period.,13902.582317,31.3,,,,,0,percent of total billed charges,31.3 percent of billed charges. Add on payment; No services were performed during the 15 month look back period.,13902.582317,31.3,,,,,0,percent of total billed charges,31.3 percent of billed charges. Add on payment; No services were performed during the 15 month look back period.,4885.891549,11,,,,,0,percent of total billed charges,11 percent of billed charges. Add on payment.; No services were performed during the 15 month look back period.,,,,,,,,,Not separately priced,4885.891549,11,,,,,0,percent of total billed charges,11 percent of billed charges. Add on payment.; No services were performed during the 15 month look back period.,34645.412802,78,,,,,0,percent of total billed charges,78 percent of billed charges. Add on payment; No services were performed during the 15 month look back period.,9327.611139,21,,,,,0,percent of total billed charges,21 percent of billed charges. Add on payment.; No services were performed during the 15 month look back period.,,,,,,,,,Not separately priced,18655.222278,42,,,,,0,percent of total billed charges,42 percent of billed charges. Add on payment.; No services were performed during the 15 month look back period.,,,,,,,,,Not separately priced,,,,,,,,,Not separately priced,34645.412802,78,,,,,0,percent of total billed charges,78 percent of billed charges. Add on payment; No services were performed during the 15 month look back period.,,,,,,,,,Not separately priced,,,,,,,,,Not separately priced,,,,,,,,,Not separately priced,,,,,,,,,Not separately priced,18655.222278,42,,,,,0,percent of total billed charges,42 percent of billed charges. Add on payment.; No services were performed during the 15 month look back period.,18655.222278,42,,,,,0,percent of total billed charges,42 percent of billed charges. Add on payment.; No services were performed during the 15 month look back period.,,,,,,,,,Not separately priced,18655.222278,42,,,,,0,percent of total billed charges,42 percent of billed charges. Add on payment.; No services were performed during the 15 month look back period.,,,,,,,,,Not separately priced,,,,,,,,,Not separately priced,18655.222278,42,,,,,0,percent of total billed charges,42 percent of billed charges. Add on payment.; No services were performed during the 15 month look back period.,34645.412802,78,,,,,0,percent of total billed charges,78 percent of billed charges. Add on payment; No services were performed during the 15 month look back period.,5774.235467,13,,,,,0,percent of total billed charges,13 percent of billed charges. Add on payment.; No services were performed during the 15 month look back period.,5774.235467,13,,,,,0,percent of total billed charges,13 percent of billed charges. Add on payment.; No services were performed during the 15 month look back period.,34645.412802,78,,,,,0,percent of total billed charges,78 percent of billed charges. Add on payment; No services were performed during the 15 month look back period.,13902.582317,31.3,,,,,0,percent of total billed charges,31.3 percent of billed charges. Add on payment; No services were performed during the 15 month look back period.,,,,,,,,,Not payable.,,,,,,,,,Not payable.,34645.412802,78,,,,,0,percent of total billed charges,78 percent of billed charges. Add on payment; No services were performed during the 15 month look back period.,,,,,,,,,Not separately priced,,,,,,,,,Not payable.,,,,,,,,,Not payable.,,,,,,,,,Not payable.,,,,,,,,,Not separately priced,,,,,,,,,Not payable.,,,,,,,,,Not payable.,4885.891549,11,,,,,0,percent of total billed charges,11 percent of billed charges. Add on payment.; No services were performed during the 15 month look back period.,7995.095262,18,,,,,0,percent of total billed charges,18 percent of billed charges. Add on payment; 15% when billed with CAS; No services were performed during the 15 month look back period.,3153.620909,7.1,,,,,0,percent of total billed charges,7.1 percent of billed charges. Add on payment; No services were performed during the 15 month look back period.,3153.620909,7.1,,,,,0,percent of total billed charges,7.1 percent of billed charges. Add on payment; No services were performed during the 15 month look back period.,3153.620909,7.1,,,,,0,percent of total billed charges,7.1 percent of billed charges. Add on payment; No services were performed during the 15 month look back period.,3153.620909,7.1,,,,,0,percent of total billed charges,7.1 percent of billed charges. Add on payment; No services were performed during the 15 month look back period.,3153.620909,7.1,,,,,0,percent of total billed charges,7.1 percent of billed charges. Add on payment; No services were performed during the 15 month look back period.,3153.620909,7.1,,,,,0,percent of total billed charges,7.1 percent of billed charges. Add on payment; No services were performed during the 15 month look back period.,,,,,,,,,Not separately priced,,,,,,,,,Not separately priced,3153.620909,7.1,,,,,0,percent of total billed charges,7.1 percent of billed charges. Add on payment; No services were performed during the 15 month look back period.,34645.412802,78,,,,,0,percent of total billed charges,78 percent of billed charges. Add on payment; No services were performed during the 15 month look back period.,34645.412802,78,,,,,0,percent of total billed charges,78 percent of billed charges. Add on payment; No services were performed during the 15 month look back period.,34645.412802,78,,,,,0,percent of total billed charges,78 percent of billed charges. Add on payment; No services were performed during the 15 month look back period.,34645.412802,78,,,,,0,percent of total billed charges,78 percent of billed charges. Add on payment; No services were performed during the 15 month look back period.,34645.412802,78,,,,,0,percent of total billed charges,78 percent of billed charges. Add on payment; No services were performed during the 15 month look back period.,34645.412802,78,,,,,0,percent of total billed charges,78 percent of billed charges. Add on payment; No services were performed during the 15 month look back period.,34645.412802,78,,,,,0,percent of total billed charges,78 percent of billed charges. Add on payment; No services were performed during the 15 month look back period.,34645.412802,78,,,,,0,percent of total billed charges,78 percent of billed charges. Add on payment; No services were performed during the 15 month look back period.,34645.412802,78,,,,,0,percent of total billed charges,78 percent of billed charges. Add on payment; No services were performed during the 15 month look back period.,34645.412802,78,,,,,0,percent of total billed charges,78 percent of billed charges. Add on payment; No services were performed during the 15 month look back period.,34645.412802,78,,,,,0,percent of total billed charges,78 percent of billed charges. Add on payment; No services were performed during the 15 month look back period.,34645.412802,78,,,,,0,percent of total billed charges,78 percent of billed charges. Add on payment; No services were performed during the 15 month look back period.,34645.412802,78,,,,,0,percent of total billed charges,78 percent of billed charges. Add on payment; No services were performed during the 15 month look back period.,34645.412802,78,,,,,0,percent of total billed charges,78 percent of billed charges. Add on payment; No services were performed during the 15 month look back period.,34645.412802,78,,,,,0,percent of total billed charges,78 percent of billed charges. Add on payment; No services were performed during the 15 month look back period.,34645.412802,78,,,,,0,percent of total billed charges,78 percent of billed charges. Add on payment; No services were performed during the 15 month look back period.,34645.412802,78,,,,,0,percent of total billed charges,78 percent of billed charges. Add on payment; No services were performed during the 15 month look back period.,34645.412802,78,,,,,0,percent of total billed charges,78 percent of billed charges. Add on payment; No services were performed during the 15 month look back period.,34645.412802,78,,,,,0,percent of total billed charges,78 percent of billed charges. Add on payment; No services were performed during the 15 month look back period.,34645.412802,78,,,,,0,percent of total billed charges,78 percent of billed charges. Add on payment; No services were performed during the 15 month look back period.,34645.412802,78,,,,,0,percent of total billed charges,78 percent of billed charges. Add on payment; No services were performed during the 15 month look back period.,34645.412802,78,,,,,0,percent of total billed charges,78 percent of billed charges. Add on payment; No services were performed during the 15 month look back period.,34645.412802,78,,,,,0,percent of total billed charges,78 percent of billed charges. Add on payment; No services were performed during the 15 month look back period.,34645.412802,78,,,,,0,percent of total billed charges,78 percent of billed charges. Add on payment; No services were performed during the 15 month look back period.,34645.412802,78,,,,,0,percent of total billed charges,78 percent of billed charges. Add on payment; No services were performed during the 15 month look back period.,34645.412802,78,,,,,0,percent of total billed charges,78 percent of billed charges. Add on payment; No services were performed during the 15 month look back period.,18655.222278,42,,,,,0,percent of total billed charges,42 percent of billed charges. Add on payment.; No services were performed during the 15 month look back period.,18655.222278,42,,,,,0,percent of total billed charges,42 percent of billed charges. Add on payment.; No services were performed during the 15 month look back period.,18655.222278,42,,,,,0,percent of total billed charges,42 percent of billed charges. Add on payment.; No services were performed during the 15 month look back period.,18655.222278,42,,,,,0,percent of total billed charges,42 percent of billed charges. Add on payment.; No services were performed during the 15 month look back period.,19987.738155,45,,,,,0,percent of total billed charges,45 percent of billed charges. Add on payment; No services were performed during the 15 month look back period.,19987.738155,45,,,,,0,percent of total billed charges,45 percent of billed charges. Add on payment; No services were performed during the 15 month look back period.,13902.582317,31.3,,,,,0,percent of total billed charges,31.3 percent of billed charges. Add on payment; No services were performed during the 15 month look back period.,3153.620909,7.1,,,,,0,percent of total billed charges,7.1 percent of billed charges. Add on payment; No services were performed during the 15 month look back period.,,,,,,,,,Not payable.,3153.620909,7.1,,,,,0,percent of total billed charges,7.1 percent of billed charges. Add on payment; No services were performed during the 15 month look back period.,34645.412802,78,,,,,0,percent of total billed charges,78 percent of billed charges. Add on payment; No services were performed during the 15 month look back period.,19987.738155,45,,,,,0,percent of total billed charges,45 percent of billed charges. Add on payment; No services were performed during the 15 month look back period.,3153.620909,7.1,,,,,0,percent of total billed charges,7.1 percent of billed charges. Add on payment; No services were performed during the 15 month look back period.,,,,,,,,,Not payable.,13902.582317,31.3,,,,,0,percent of total billed charges,31.3 percent of billed charges. Add on payment; No services were performed during the 15 month look back period.,,,,,,,,,,34645.412802,78,,,,,0,percent of total billed charges,78 percent of billed charges. Add on payment; No services were performed during the 15 month look back period.,,,,,,,,,Not separately priced,18655.222278,42,,,,,0,percent of total billed charges,42 percent of billed charges. Add on payment.; No services were performed during the 15 month look back period.,,,,,,,,,Not separately priced,,,,,,,,,Not separately priced,,,,,,,,,Not separately priced,7995.095262,18,,,,,0,percent of total billed charges,18 percent of billed charges. Add on payment; 15% when billed with CAS; No services were performed during the 15 month look back period.,,,,,,,,,Not separately priced,,,,,,,,,Not separately priced,,,,,,,,,Not separately priced,,,,,,,,,Not separately priced,,,,,,,,,Not separately priced,9327.611139,21,,,,,0,percent of total billed charges,21 percent of billed charges. Add on payment.; No services were performed during the 15 month look back period.,9327.611139,21,,,,,0,percent of total billed charges,21 percent of billed charges. Add on payment.; No services were performed during the 15 month look back period.,,,,,,,,,Not separately priced,13902.582317,31.3,,,,,0,percent of total billed charges,31.3 percent of billed charges. Add on payment; No services were performed during the 15 month look back period.,,,,,,,,,Not payable.,,,,,,,,,Not payable.,,,,,,,,,Not separately priced,13902.582317,31.3,,,,,0,percent of total billed charges,31.3 percent of billed charges. Add on payment; No services were performed during the 15 month look back period.,9327.611139,21,,,,,0,percent of total billed charges,21 percent of billed charges. Add on payment.; No services were performed during the 15 month look back period.,9327.611139,21,,,,,0,percent of total billed charges,21 percent of billed charges. Add on payment.; No services were performed during the 15 month look back period.,9327.611139,21,,,,,0,percent of total billed charges,21 percent of billed charges. Add on payment.; No services were performed during the 15 month look back period.,34645.412802,78,,,,,0,percent of total billed charges,78 percent of billed charges. Add on payment; No services were performed during the 15 month look back period.,34645.412802,78,,,,,0,percent of total billed charges,78 percent of billed charges. Add on payment; No services were performed during the 15 month look back period.,34645.412802,78,,,,,0,percent of total billed charges,78 percent of billed charges. Add on payment; No services were performed during the 15 month look back period.,34645.412802,78,,,,,0,percent of total billed charges,78 percent of billed charges. Add on payment; No services were performed during the 15 month look back period.,34645.412802,78,,,,,0,percent of total billed charges,78 percent of billed charges. Add on payment; No services were performed during the 15 month look back period.,34645.412802,78,,,,,0,percent of total billed charges,78 percent of billed charges. Add on payment; No services were performed during the 15 month look back period.,34645.412802,78,,,,,0,percent of total billed charges,78 percent of billed charges. Add on payment; No services were performed during the 15 month look back period.,34645.412802,78,,,,,0,percent of total billed charges,78 percent of billed charges. Add on payment; No services were performed during the 15 month look back period.,34645.412802,78,,,,,0,percent of total billed charges,78 percent of billed charges. Add on payment; No services were performed during the 15 month look back period.,34645.412802,78,,,,,0,percent of total billed charges,78 percent of billed charges. Add on payment; No services were performed during the 15 month look back period.,34645.412802,78,,,,,0,percent of total billed charges,78 percent of billed charges. Add on payment; No services were performed during the 15 month look back period.,19987.738155,45,,,,,0,percent of total billed charges,45 percent of billed charges. Add on payment; No services were performed during the 15 month look back period.,3153.620909,7.1,,,,,0,percent of total billed charges,7.1 percent of billed charges. Add on payment; No services were performed during the 15 month look back period.,13902.582317,31.3,,,,,0,percent of total billed charges,31.3 percent of billed charges. Add on payment; No services were performed during the 15 month look back period.,,,,,,,,,Not separately priced,9327.611139,21,,,,,0,percent of total billed charges,21 percent of billed charges. Add on payment.; No services were performed during the 15 month look back period.,13902.582317,31.3,,,,,0,percent of total billed charges,31.3 percent of billed charges. Add on payment; No services were performed during the 15 month look back period.,13902.582317,31.3,,,,,0,percent of total billed charges,31.3 percent of billed charges. Add on payment; No services were performed during the 15 month look back period.,34645.412802,78,,,,,0,percent of total billed charges,78 percent of billed charges. Add on payment; No services were performed during the 15 month look back period.,8883.43918,20,,,,,0,percent of total billed charges,20 percent of billed charges. Add on payment.; No services were performed during the 15 month look back period.,13902.582317,31.3,,,,,0,percent of total billed charges,31.3 percent of billed charges. Add on payment; No services were performed during the 15 month look back period.,,,,,,,,,Not separately priced,,,,,,,,,Not separately priced,,,,,,,,,Not separately priced,,,,,,,,,Not separately priced,,,,,,,,,Not separately priced,,,,,,,,,Not separately priced,,,,,,,,,Not separately priced,13902.582317,31.3,,,,,0,percent of total billed charges,31.3 percent of billed charges. Add on payment; No services were performed during the 15 month look back period.,7995.095262,18,,,,,0,percent of total billed charges,18 percent of billed charges. Add on payment; 15% when billed with CAS; No services were performed during the 15 month look back period.,12361.305619,27.83,,,,,0,percent of total billed charges,27.83 percent of billed charges. Add on payment.; No services were performed during the 15 month look back period.,12361.305619,27.83,,,,,0,percent of total billed charges,27.83 percent of billed charges. Add on payment.; No services were performed during the 15 month look back period.,12361.305619,27.83,,,,,0,percent of total billed charges,27.83 percent of billed charges. Add on payment.; No services were performed during the 15 month look back period.,12361.305619,27.83,,,,,0,percent of total billed charges,27.83 percent of billed charges. Add on payment.; No services were performed during the 15 month look back period.,12361.305619,27.83,,,,,0,percent of total billed charges,27.83 percent of billed charges. Add on payment.; No services were performed during the 15 month look back period.,,,,,,,,,,7995.095262,18,,,,,0,percent of total billed charges,18 percent of billed charges. Add on payment; 15% when billed with CAS; No services were performed during the 15 month look back period.,14657.674647,33,,,,,0,percent of total billed charges,33 percent of billed charges. Add on payment.; No services were performed during the 15 month look back period.,14657.674647,33,,,,,0,percent of total billed charges,33 percent of billed charges. Add on payment.; No services were performed during the 15 month look back period.,14657.674647,33,,,,,0,percent of total billed charges,33 percent of billed charges. Add on payment.; No services were performed during the 15 month look back period.,14657.674647,33,,,,,0,percent of total billed charges,33 percent of billed charges. Add on payment.; No services were performed during the 15 month look back period.,14657.674647,33,,,,,0,percent of total billed charges,33 percent of billed charges. Add on payment.; No services were performed during the 15 month look back period.,,,,,,,,,Not separately priced,19987.738155,45,,,,,0,percent of total billed charges,45 percent of billed charges. Add on payment; No services were performed during the 15 month look back period.,19987.738155,45,,,,,0,percent of total billed charges,45 percent of billed charges. Add on payment; No services were performed during the 15 month look back period.,19987.738155,45,,,,,0,percent of total billed charges,45 percent of billed charges. Add on payment; No services were performed during the 15 month look back period.,19987.738155,45,,,,,0,percent of total billed charges,45 percent of billed charges. Add on payment; No services were performed during the 15 month look back period.,9327.611139,21,,,,,0,percent of total billed charges,21 percent of billed charges. Add on payment.; No services were performed during the 15 month look back period.,9327.611139,21,,,,,0,percent of total billed charges,21 percent of billed charges. Add on payment.; No services were performed during the 15 month look back period.,9327.611139,21,,,,,0,percent of total billed charges,21 percent of billed charges. Add on payment.; No services were performed during the 15 month look back period.,9327.611139,21,,,,,0,percent of total billed charges,21 percent of billed charges. Add on payment.; No services were performed during the 15 month look back period.,7995.095262,18,,,,,0,percent of total billed charges,18 percent of billed charges. Add on payment; 15% when billed with CAS; No services were performed during the 15 month look back period.,7995.095262,18,,,,,0,percent of total billed charges,18 percent of billed charges. Add on payment; 15% when billed with CAS; No services were performed during the 15 month look back period.,,,,,,,,,Not separately priced,,,,,,,,,Not separately priced,,,,,,,,,Not separately priced,3153.620909,7.1,,,,,0,percent of total billed charges,7.1 percent of billed charges. Add on payment; No services were performed during the 15 month look back period.,3153.620909,7.1,,,,,0,percent of total billed charges,7.1 percent of billed charges. Add on payment; No services were performed during the 15 month look back period.,3153.620909,7.1,,,,,0,percent of total billed charges,7.1 percent of billed charges. Add on payment; No services were performed during the 15 month look back period.,7995.095262,18,,,,,0,percent of total billed charges,18 percent of billed charges. Add on payment; 15% when billed with CAS; No services were performed during the 15 month look back period.,9327.611139,21,,,,,0,percent of total billed charges,21 percent of billed charges. Add on payment.; No services were performed during the 15 month look back period.,,,,,,,,,Not separately priced,3153.620909,7.1,,,,,0,percent of total billed charges,7.1 percent of billed charges. Add on payment; No services were performed during the 15 month look back period.,,,,,,,,,Not separately priced,11104.298975,25,,,,,0,percent of total billed charges,25 percent of billed charges. Add on payment; No services were performed during the 15 month look back period.,11104.298975,25,,,,,0,percent of total billed charges,25 percent of billed charges. Add on payment; No services were performed during the 15 month look back period.,11104.298975,25,,,,,0,percent of total billed charges,25 percent of billed charges. Add on payment; No services were performed during the 15 month look back period.,,,,,,,,,Not separately priced,,,,,,,,,Not separately priced,,,,,,,,,Not separately priced,,,,,,,,,Not separately priced,,,,,,,,,Not separately priced,,,,,,,,,Not separately priced,11104.298975,25,,,,,0,percent of total billed charges,25 percent of billed charges. Add on payment; No services were performed during the 15 month look back period.,,,,,,,,,Not separately priced,,,,,,,,,Not separately priced,,,,,,,,,Not separately priced,,,,,,,,,Not separately priced,,,,,,,,,Not separately priced,,,,,,,,,Not separately priced,12361.305619,27.83,,,,,0,percent of total billed charges,27.83 percent of billed charges. Add on payment.; No services were performed during the 15 month look back period.,,,,,,,,,Not separately priced,,,,,,,,,Not separately priced,9327.611139,21,,,,,0,percent of total billed charges,21 percent of billed charges. Add on payment.; No services were performed during the 15 month look back period.,,,,,,,,,Not separately priced,,,,,,,,,Not separately priced,,,,,,,,,Not separately priced,,,,,,,,,Not separately priced,,,,,,,,,Not separately priced,12361.305619,27.83,,,,,0,percent of total billed charges,27.83 percent of billed charges. Add on payment.; No services were performed during the 15 month look back period.,4885.891549,11,,,,,0,percent of total billed charges,11 percent of billed charges. Add on payment.; No services were performed during the 15 month look back period.,,,,,,,,,Not separately priced,,,,,,,,,Not separately priced,,,,,,,,,Not separately priced,,,,,,,,,Not separately priced,7995.095262,18,,,,,0,percent of total billed charges,18 percent of billed charges. Add on payment; 15% when billed with CAS; No services were performed during the 15 month look back period.,7995.095262,18,,,,,0,percent of total billed charges,18 percent of billed charges. Add on payment; 15% when billed with CAS; No services were performed during the 15 month look back period.,,,,,,,,,Not separately priced,,,,,,,,,Not separately priced,,,,,,,,,Not separately priced,,,,,,,,,Not separately priced,3153.620909,7.1,,,,,0,percent of total billed charges,7.1 percent of billed charges. Add on payment; No services were performed during the 15 month look back period.,3153.620909,7.1,,,,,0,percent of total billed charges,7.1 percent of billed charges. Add on payment; No services were performed during the 15 month look back period.,,,,,,,,,Not separately priced,3153.620909,7.1,,,,,0,percent of total billed charges,7.1 percent of billed charges. Add on payment; No services were performed during the 15 month look back period.,3153.620909,7.1,,,,,0,percent of total billed charges,7.1 percent of billed charges. Add on payment; No services were performed during the 15 month look back period.,3153.620909,7.1,,,,,0,percent of total billed charges,7.1 percent of billed charges. Add on payment; No services were performed during the 15 month look back period.,3153.620909,7.1,,,,,0,percent of total billed charges,7.1 percent of billed charges. Add on payment; No services were performed during the 15 month look back period.,,,,,,,,,Not separately priced,3153.620909,7.1,,,,,0,percent of total billed charges,7.1 percent of billed charges. Add on payment; No services were performed during the 15 month look back period.,3153.620909,7.1,,,,,0,percent of total billed charges,7.1 percent of billed charges. Add on payment; No services were performed during the 15 month look back period.,9327.611139,21,,,,,0,percent of total billed charges,21 percent of billed charges. Add on payment.; No services were performed during the 15 month look back period.,,,,,,,,,Not separately priced,4885.891549,11,,,,,0,percent of total billed charges,11 percent of billed charges. Add on payment.; No services were performed during the 15 month look back period.,,,,,,,,,Not separately priced,12361.305619,27.83,,,,,0,percent of total billed charges,27.83 percent of billed charges. Add on payment.; No services were performed during the 15 month look back period.,4885.891549,11,,,,,0,percent of total billed charges,11 percent of billed charges. Add on payment.; No services were performed during the 15 month look back period.,,,,,,,,,Not separately priced,,,,,,,,,Not separately priced,,,,,,,,,Not separately priced,,,,,,,,,Not separately priced,,,,,,,,,Not separately priced,,,,,,,,,Not separately priced,,,,,,,,,,,,,,,,,,,,,,,,,,,,13902.582317,31.3,,,,,0,percent of total billed charges,31.3 percent of billed charges. Add on payment; No services were performed during the 15 month look back period.,,,,,,,,,,,,,,,,,,Not separately priced,8572.518809,19.3,,,,,0,percent of total billed charges,19.3 percent of billed charges. Add on payment; No services were performed during the 15 month look back period.,,,,,,,,,Not separately priced,,,,,,,,,Not separately priced,,,,,,,,,Not separately priced,,,,,,,,,Not separately priced,,,,,,,,,Not separately priced,,,,,,,,,Not separately priced,,,,,,,,,Not separately priced,18655.222278,42,,,,,0,percent of total billed charges,42 percent of billed charges. Add on payment.; No services were performed during the 15 month look back period.,9327.611139,21,,,,,0,percent of total billed charges,21 percent of billed charges. Add on payment.; No services were performed during the 15 month look back period.,18655.222278,42,,,,,0,percent of total billed charges,42 percent of billed charges. Add on payment.; No services were performed during the 15 month look back period.,13902.582317,31.3,,,,,0,percent of total billed charges,31.3 percent of billed charges. Add on payment; No services were performed during the 15 month look back period.,,,,,,,,,Not separately priced,,,,,,,,,Not separately priced,,,,,,,,,Not separately priced,,,,,,,,,Not separately priced,,,,,,,,,Not separately priced,,,,,,,,,Not separately priced,,,,,,,,,,,,,,,,,,Not separately priced,,,,,,,,,Not separately priced,3153.620909,7.1,,,,,0,percent of total billed charges,7.1 percent of billed charges. Add on payment; No services were performed during the 15 month look back period.,18655.222278,42,,,,,0,percent of total billed charges,42 percent of billed charges. Add on payment.; No services were performed during the 15 month look back period.,18655.222278,42,,,,,0,percent of total billed charges,42 percent of billed charges. Add on payment.; No services were performed during the 15 month look back period.,18655.222278,42,,,,,0,percent of total billed charges,42 percent of billed charges. Add on payment.; No services were performed during the 15 month look back period.,18655.222278,42,,,,,0,percent of total billed charges,42 percent of billed charges. Add on payment.; No services were performed during the 15 month look back period.,,,,,,,,,Not separately priced,,,,,,,,,Not separately priced,3153.620909,7.1,,,,,0,percent of total billed charges,7.1 percent of billed charges. Add on payment; No services were performed during the 15 month look back period.,,,,,,,,,Not separately priced,,,,,,,,,Not separately priced,,,,,,,,,Not separately priced,,,,,,,,,Not separately priced,,,,,,,,,Not separately priced,,,,,,,,,Not separately priced,,,,,,,,,Not separately priced,18655.222278,42,,,,,0,percent of total billed charges,42 percent of billed charges. Add on payment.; No services were performed during the 15 month look back period.,13902.582317,31.3,,,,,0,percent of total billed charges,31.3 percent of billed charges. Add on payment; No services were performed during the 15 month look back period.,34645.412802,78,,,,,0,percent of total billed charges,78 percent of billed charges. Add on payment; No services were performed during the 15 month look back period.,,,,,,,,,Not payable.,,,,,,,,,Not payable.,9327.611139,21,,,,,0,percent of total billed charges,21 percent of billed charges. Add on payment.; No services were performed during the 15 month look back period.,,,,,,,,,Not separately priced,19987.738155,45,,,,,0,percent of total billed charges,45 percent of billed charges. Add on payment; No services were performed during the 15 month look back period.,19987.738155,45,,,,,0,percent of total billed charges,45 percent of billed charges. Add on payment; No services were performed during the 15 month look back period.,3153.620909,7.1,,,,,0,percent of total billed charges,7.1 percent of billed charges. Add on payment; No services were performed during the 15 month look back period.,3153.620909,7.1,,,,,0,percent of total billed charges,7.1 percent of billed charges. Add on payment; No services were performed during the 15 month look back period.,,,,,,,,,Not separately priced,,,,,,,,,Not separately priced,,,,,,,,,Not separately priced,,,,,,,,,Not separately priced,,,,,,,,,Not payable.,3153.620909,7.1,,,,,0,percent of total billed charges,7.1 percent of billed charges. Add on payment; No services were performed during the 15 month look back period.,3153.620909,7.1,,,,,0,percent of total billed charges,7.1 percent of billed charges. Add on payment; No services were performed during the 15 month look back period.,,,,,,,,,Not separately priced,3153.620909,7.1,,,,,0,percent of total billed charges,7.1 percent of billed charges. Add on payment; No services were performed during the 15 month look back period.,18655.222278,42,,,,,0,percent of total billed charges,42 percent of billed charges. Add on payment.; No services were performed during the 15 month look back period.,,,,,,,,,Not separately priced,,,,,,,,,Not separately priced,18655.222278,42,,,,,0,percent of total billed charges,42 percent of billed charges. Add on payment.; No services were performed during the 15 month look back period.,3153.620909,7.1,,,,,0,percent of total billed charges,7.1 percent of billed charges. Add on payment; No services were performed during the 15 month look back period.,3153.620909,7.1,,,,,0,percent of total billed charges,7.1 percent of billed charges. Add on payment; No services were performed during the 15 month look back period.,3153.620909,7.1,,,,,0,percent of total billed charges,7.1 percent of billed charges. Add on payment; No services were performed during the 15 month look back period.,7995.095262,18,,,,,0,percent of total billed charges,18 percent of billed charges. Add on payment; 15% when billed with CAS; No services were performed during the 15 month look back period.,,,,,,,,,Not separately priced,,,,,,,,,Not separately priced,,,,,,,,,Not separately priced,,,,,,,,,Not separately priced,,,,,,,,,Not separately priced,,,,,,,,,Not payable.,,,,,,,,,Not separately priced,,,,,,,,,Not separately priced,,,,,,,,,Not separately priced,,,,,,,,,Not separately priced,,,,,,,,,Not separately priced,,,,,,,,,Not separately priced,,,,,,,,,Not separately priced,,,,,,,,,Not separately priced,,,,,,,,,Not payable.,,,,,,,,,Not separately priced,,,,,,,,,Not separately priced,3153.620909,7.1,,,,,0,percent of total billed charges,7.1 percent of billed charges. Add on payment; No services were performed during the 15 month look back period.,,,,,,,,,Not separately priced,3153.620909,7.1,,,,,0,percent of total billed charges,7.1 percent of billed charges. Add on payment; No services were performed during the 15 month look back period.,3153.620909,7.1,,,,,0,percent of total billed charges,7.1 percent of billed charges. Add on payment; No services were performed during the 15 month look back period.,3153.620909,7.1,,,,,0,percent of total billed charges,7.1 percent of billed charges. Add on payment; No services were performed during the 15 month look back period.,,,,,,,,,Not separately priced,,,,,,,,,Not separately priced,3153.620909,7.1,,,,,0,percent of total billed charges,7.1 percent of billed charges. Add on payment; No services were performed during the 15 month look back period.,,,,,,,,,Not separately priced,3153.620909,7.1,,,,,0,percent of total billed charges,7.1 percent of billed charges. Add on payment; No services were performed during the 15 month look back period.,,,,,,,,,Not separately priced,,,,,,,,,Not separately priced,18655.222278,42,,,,,0,percent of total billed charges,42 percent of billed charges. Add on payment.; No services were performed during the 15 month look back period.,18655.222278,42,,,,,0,percent of total billed charges,42 percent of billed charges. Add on payment.; No services were performed during the 15 month look back period.,18655.222278,42,,,,,0,percent of total billed charges,42 percent of billed charges. Add on payment.; No services were performed during the 15 month look back period.,18655.222278,42,,,,,0,percent of total billed charges,42 percent of billed charges. Add on payment.; No services were performed during the 15 month look back period.,18655.222278,42,,,,,0,percent of total billed charges,42 percent of billed charges. Add on payment.; No services were performed during the 15 month look back period.,18655.222278,42,,,,,0,percent of total billed charges,42 percent of billed charges. Add on payment.; No services were performed during the 15 month look back period.,18655.222278,42,,,,,0,percent of total billed charges,42 percent of billed charges. Add on payment.; No services were performed during the 15 month look back period.,18655.222278,42,,,,,0,percent of total billed charges,42 percent of billed charges. Add on payment.; No services were performed during the 15 month look back period.,18655.222278,42,,,,,0,percent of total billed charges,42 percent of billed charges. Add on payment.; No services were performed during the 15 month look back period.,18655.222278,42,,,,,0,percent of total billed charges,42 percent of billed charges. Add on payment.; No services were performed during the 15 month look back period.,18655.222278,42,,,,,0,percent of total billed charges,42 percent of billed charges. Add on payment.; No services were performed during the 15 month look back period.,18655.222278,42,,,,,0,percent of total billed charges,42 percent of billed charges. Add on payment.; No services were performed during the 15 month look back period.,,,,,,,,,Not separately priced,18655.222278,42,,,,,0,percent of total billed charges,42 percent of billed charges. Add on payment.; No services were performed during the 15 month look back period.,,,,,,,,,Not separately priced,9327.611139,21,,,,,0,percent of total billed charges,21 percent of billed charges. Add on payment.; No services were performed during the 15 month look back period.,5774.235467,13,,,,,0,percent of total billed charges,13 percent of billed charges. Add on payment.; No services were performed during the 15 month look back period.,,,,,,,,,Not payable.,,,,,,,,,Not payable.,,,,,,,,,Not separately priced,19987.738155,45,,,,,0,percent of total billed charges,45 percent of billed charges. Add on payment; No services were performed during the 15 month look back period.,,,,,,,,,Not separately priced,,,,,,,,,Not separately priced,9327.611139,21,,,,,0,percent of total billed charges,21 percent of billed charges. Add on payment.; No services were performed during the 15 month look back period.,,,,,,,,,Not separately priced,13902.582317,31.3,,,,,0,percent of total billed charges,31.3 percent of billed charges. Add on payment; No services were performed during the 15 month look back period.,,,,,,,,,Not separately priced,13902.582317,31.3,,,,,0,percent of total billed charges,31.3 percent of billed charges. Add on payment; No services were performed during the 15 month look back period.,9327.611139,21,,,,,0,percent of total billed charges,21 percent of billed charges. Add on payment.; No services were performed during the 15 month look back period.,13902.582317,31.3,,,,,0,percent of total billed charges,31.3 percent of billed charges. Add on payment; No services were performed during the 15 month look back period.,,,,,,,,,Not separately priced,,,,,,,,,Not separately priced,,,,,,,,,Not separately priced,13902.582317,31.3,,,,,0,percent of total billed charges,31.3 percent of billed charges. Add on payment; No services were performed during the 15 month look back period.,,,,,,,,,Not payable.,,,,,,,,,Not separately priced,3153.620909,7.1,,,,,0,percent of total billed charges,7.1 percent of billed charges. Add on payment; No services were performed during the 15 month look back period.,,,,,,,,,Not separately priced,,,,,,,,,Not separately priced,3153.620909,7.1,,,,,0,percent of total billed charges,7.1 percent of billed charges. Add on payment; No services were performed during the 15 month look back period.,3153.620909,7.1,,,,,0,percent of total billed charges,7.1 percent of billed charges. Add on payment; No services were performed during the 15 month look back period.,3153.620909,7.1,,,,,0,percent of total billed charges,7.1 percent of billed charges. Add on payment; No services were performed during the 15 month look back period.,,,,,,,,,Not payable.,3153.620909,7.1,,,,,0,percent of total billed charges,7.1 percent of billed charges. Add on payment; No services were performed during the 15 month look back period.,3153.620909,7.1,,,,,0,percent of total billed charges,7.1 percent of billed charges. Add on payment; No services were performed during the 15 month look back period.,3153.620909,7.1,,,,,0,percent of total billed charges,7.1 percent of billed charges. Add on payment; No services were performed during the 15 month look back period.,18655.222278,42,,,,,0,percent of total billed charges,42 percent of billed charges. Add on payment.; No services were performed during the 15 month look back period.,18655.222278,42,,,,,0,percent of total billed charges,42 percent of billed charges. Add on payment.; No services were performed during the 15 month look back period.,14657.674647,33,,,,,0,percent of total billed charges,33 percent of billed charges. Add on payment.; No services were performed during the 15 month look back period.,,,,,,,,,Not separately priced,,,,,,,,,Not payable.,13902.582317,31.3,,,,,0,percent of total billed charges,31.3 percent of billed charges. Add on payment; No services were performed during the 15 month look back period.,9327.611139,21,,,,,0,percent of total billed charges,21 percent of billed charges. Add on payment.; No services were performed during the 15 month look back period.,,,,,,,,,Not payable.,9327.611139,21,,,,,0,percent of total billed charges,21 percent of billed charges. Add on payment.; No services were performed during the 15 month look back period.,,,,,,,,,Not payable.,3153.620909,7.1,,,,,0,percent of total billed charges,7.1 percent of billed charges. Add on payment; No services were performed during the 15 month look back period.,3153.620909,7.1,,,,,0,percent of total billed charges,7.1 percent of billed charges. Add on payment; No services were performed during the 15 month look back period.,3153.620909,7.1,,,,,0,percent of total billed charges,7.1 percent of billed charges. Add on payment; No services were performed during the 15 month look back period.,3153.620909,7.1,,,,,0,percent of total billed charges,7.1 percent of billed charges. Add on payment; No services were performed during the 15 month look back period.,,,,,,,,,Not separately priced,3153.620909,34645.412802,
Q5103,HCPCS,5010003,LOCAL,636,RC,"INJECTION, INFLECTRA",174.636,33.18084,Inpatient,ME,10,,,,,,,,,,,,,,,,,,,,52.3908,30,,,,,0,percent of total billed charges,30 Percent of charges; No services were performed during the 15 month look back period.,174.636,100,,,,,0,percent of total billed charges,100 percent of charges; No services were performed during the 15 month look back period.,,,,,,,,,,52.3908,30,,,,,0,percent of total billed charges,30 Percent of charges; No services were performed during the 15 month look back period.,52.3908,30,,,,,0,percent of total billed charges,30 Percent of charges; No services were performed during the 15 month look back period.,52.3908,30,,,,,0,percent of total billed charges,30 Percent of charges; No services were performed during the 15 month look back period.,17.4636,10,,,,,0,percent of total billed charges,10 percent of charges; No services were performed during the 15 month look back period.,,,,,,,,,,127.48428,73,,,,,0,percent of total billed charges,73 percent of charges; No services were performed during the 15 month look back period.,17.4636,10,,,,,0,percent of total billed charges,10 percent of charges; No services were performed during the 15 month look back period.,,,,,,,,,,,,,,,,,,,55.88352,32,,,,,0,percent of total billed charges,32 pecent of charges; No services were performed during the 15 month look back period.,55.88352,32,,,,,0,percent of total billed charges,32 pecent of charges; No services were performed during the 15 month look back period.,55.88352,32,,,,,0,percent of total billed charges,32 pecent of charges; No services were performed during the 15 month look back period.,55.88352,32,,,,,0,percent of total billed charges,32 pecent of charges; No services were performed during the 15 month look back period.,,,,,,,,,,,,,,,,,,,,,,,,,,,,127.48428,73,,,,,0,percent of total billed charges,73 percent of charges; No services were performed during the 15 month look back period.,52.3908,30,,,,,0,percent of total billed charges,30 Percent of charges; No services were performed during the 15 month look back period.,69.8544,40,,,,,0,percent of total billed charges,40 percent of charges; No services were performed during the 15 month look back period.,50.64444,29,,,,,0,percent of total billed charges,29 percent of charges; No services were performed during the 15 month look back period.,69.8544,40,,,,,0,percent of total billed charges,40 percent of charges; No services were performed during the 15 month look back period.,69.8544,40,,,,,0,percent of total billed charges,40 percent of charges; No services were performed during the 15 month look back period.,127.48428,73,,,,,0,percent of total billed charges,73 percent of charges; No services were performed during the 15 month look back period.,,,,,,,,,,,,,,,,,,,,,,,,,,,,,,,,,,,,,50.64444,29,,,,,0,percent of total billed charges,29 percent of charges; No services were performed during the 15 month look back period.,50.64444,29,,,,,0,percent of total billed charges,29 percent of charges; No services were performed during the 15 month look back period.,50.64444,29,,,,,0,percent of total billed charges,29 percent of charges; No services were performed during the 15 month look back period.,50.64444,29,,,,,0,percent of total billed charges,29 percent of charges; No services were performed during the 15 month look back period.,50.64444,29,,,,,0,percent of total billed charges,29 percent of charges; No services were performed during the 15 month look back period.,50.64444,29,,,,,0,percent of total billed charges,29 percent of charges; No services were performed during the 15 month look back period.,50.64444,29,,,,,0,percent of total billed charges,29 percent of charges; No services were performed during the 15 month look back period.,127.48428,73,,,,,0,percent of total billed charges,73 percent of charges; No services were performed during the 15 month look back period.,22.70268,13,,,,,0,percent of total billed charges,13 percent of charges; No services were performed during the 15 month look back period.,22.70268,13,,,,,0,percent of total billed charges,13 percent of charges; No services were performed during the 15 month look back period.,127.48428,73,,,,,0,percent of total billed charges,73 percent of charges; No services were performed during the 15 month look back period.,55.88352,32,,,,,0,percent of total billed charges,32 pecent of charges; No services were performed during the 15 month look back period.,17.4636,10,,,,,0,percent of total billed charges,10 percent of charges; No services were performed during the 15 month look back period.,17.4636,10,,,,,0,percent of total billed charges,10 percent of charges; No services were performed during the 15 month look back period.,127.48428,73,,,,,0,percent of total billed charges,73 percent of charges; No services were performed during the 15 month look back period.,,,,,,,,,,17.4636,10,,,,,0,percent of total billed charges,10 percent of charges; No services were performed during the 15 month look back period.,17.4636,10,,,,,0,percent of total billed charges,10 percent of charges; No services were performed during the 15 month look back period.,17.4636,10,,,,,0,percent of total billed charges,10 percent of charges; No services were performed during the 15 month look back period.,,,,,,,,,,17.4636,10,,,,,0,percent of total billed charges,10 percent of charges; No services were performed during the 15 month look back period.,17.4636,10,,,,,0,percent of total billed charges,10 percent of charges; No services were performed during the 15 month look back period.,,,,,,,,,,41.91264,24,,,,,0,percent of total billed charges,24 percent of charges; No services were performed during the 15 month look back period.,,,,,,,,,,,,,,,,,,,,,,,,,,,,,,,,,,,,,,,,,,,,,,,,,,,,,,,,,,,,,,,,,,,,,,,,,,,,,,,,,,127.48428,73,,,,,0,percent of total billed charges,73 percent of charges; No services were performed during the 15 month look back period.,127.48428,73,,,,,0,percent of total billed charges,73 percent of charges; No services were performed during the 15 month look back period.,127.48428,73,,,,,0,percent of total billed charges,73 percent of charges; No services were performed during the 15 month look back period.,127.48428,73,,,,,0,percent of total billed charges,73 percent of charges; No services were performed during the 15 month look back period.,127.48428,73,,,,,0,percent of total billed charges,73 percent of charges; No services were performed during the 15 month look back period.,127.48428,73,,,,,0,percent of total billed charges,73 percent of charges; No services were performed during the 15 month look back period.,127.48428,73,,,,,0,percent of total billed charges,73 percent of charges; No services were performed during the 15 month look back period.,127.48428,73,,,,,0,percent of total billed charges,73 percent of charges; No services were performed during the 15 month look back period.,127.48428,73,,,,,0,percent of total billed charges,73 percent of charges; No services were performed during the 15 month look back period.,127.48428,73,,,,,0,percent of total billed charges,73 percent of charges; No services were performed during the 15 month look back period.,127.48428,73,,,,,0,percent of total billed charges,73 percent of charges; No services were performed during the 15 month look back period.,127.48428,73,,,,,0,percent of total billed charges,73 percent of charges; No services were performed during the 15 month look back period.,127.48428,73,,,,,0,percent of total billed charges,73 percent of charges; No services were performed during the 15 month look back period.,127.48428,73,,,,,0,percent of total billed charges,73 percent of charges; No services were performed during the 15 month look back period.,127.48428,73,,,,,0,percent of total billed charges,73 percent of charges; No services were performed during the 15 month look back period.,127.48428,73,,,,,0,percent of total billed charges,73 percent of charges; No services were performed during the 15 month look back period.,127.48428,73,,,,,0,percent of total billed charges,73 percent of charges; No services were performed during the 15 month look back period.,127.48428,73,,,,,0,percent of total billed charges,73 percent of charges; No services were performed during the 15 month look back period.,127.48428,73,,,,,0,percent of total billed charges,73 percent of charges; No services were performed during the 15 month look back period.,127.48428,73,,,,,0,percent of total billed charges,73 percent of charges; No services were performed during the 15 month look back period.,127.48428,73,,,,,0,percent of total billed charges,73 percent of charges; No services were performed during the 15 month look back period.,127.48428,73,,,,,0,percent of total billed charges,73 percent of charges; No services were performed during the 15 month look back period.,127.48428,73,,,,,0,percent of total billed charges,73 percent of charges; No services were performed during the 15 month look back period.,127.48428,73,,,,,0,percent of total billed charges,73 percent of charges; No services were performed during the 15 month look back period.,127.48428,73,,,,,0,percent of total billed charges,73 percent of charges; No services were performed during the 15 month look back period.,127.48428,73,,,,,0,percent of total billed charges,73 percent of charges; No services were performed during the 15 month look back period.,50.64444,29,,,,,0,percent of total billed charges,29 percent of charges; No services were performed during the 15 month look back period.,50.64444,29,,,,,0,percent of total billed charges,29 percent of charges; No services were performed during the 15 month look back period.,50.64444,29,,,,,0,percent of total billed charges,29 percent of charges; No services were performed during the 15 month look back period.,50.64444,29,,,,,0,percent of total billed charges,29 percent of charges; No services were performed during the 15 month look back period.,69.8544,40,,,,,0,percent of total billed charges,40 percent of charges; No services were performed during the 15 month look back period.,69.8544,40,,,,,0,percent of total billed charges,40 percent of charges; No services were performed during the 15 month look back period.,55.88352,32,,,,,0,percent of total billed charges,32 pecent of charges; No services were performed during the 15 month look back period.,,,,,,,,,,17.4636,10,,,,,0,percent of total billed charges,10 percent of charges; No services were performed during the 15 month look back period.,,,,,,,,,,127.48428,73,,,,,0,percent of total billed charges,73 percent of charges; No services were performed during the 15 month look back period.,69.8544,40,,,,,0,percent of total billed charges,40 percent of charges; No services were performed during the 15 month look back period.,,,,,,,,,,17.4636,10,,,,,0,percent of total billed charges,10 percent of charges; No services were performed during the 15 month look back period.,55.88352,32,,,,,0,percent of total billed charges,32 pecent of charges; No services were performed during the 15 month look back period.,,,,,,,,,,127.48428,73,,,,,0,percent of total billed charges,73 percent of charges; No services were performed during the 15 month look back period.,,,,,,,,,,50.64444,29,,,,,0,percent of total billed charges,29 percent of charges; No services were performed during the 15 month look back period.,50.64444,29,,,,,0,percent of total billed charges,29 percent of charges; No services were performed during the 15 month look back period.,50.64444,29,,,,,0,percent of total billed charges,29 percent of charges; No services were performed during the 15 month look back period.,,,,,,,,,,41.91264,24,,,,,0,percent of total billed charges,24 percent of charges; No services were performed during the 15 month look back period.,,,,,,,,,,,,,,,,,,,,,,,,,,,,,,,,,,,,,,,,,,,,,,52.3908,30,,,,,0,percent of total billed charges,30 Percent of charges; No services were performed during the 15 month look back period.,52.3908,30,,,,,0,percent of total billed charges,30 Percent of charges; No services were performed during the 15 month look back period.,,,,,,,,,,55.88352,32,,,,,0,percent of total billed charges,32 pecent of charges; No services were performed during the 15 month look back period.,17.4636,10,,,,,0,percent of total billed charges,10 percent of charges; No services were performed during the 15 month look back period.,17.4636,10,,,,,0,percent of total billed charges,10 percent of charges; No services were performed during the 15 month look back period.,,,,,,,,,,55.88352,32,,,,,0,percent of total billed charges,32 pecent of charges; No services were performed during the 15 month look back period.,52.3908,30,,,,,0,percent of total billed charges,30 Percent of charges; No services were performed during the 15 month look back period.,52.3908,30,,,,,0,percent of total billed charges,30 Percent of charges; No services were performed during the 15 month look back period.,52.3908,30,,,,,0,percent of total billed charges,30 Percent of charges; No services were performed during the 15 month look back period.,127.48428,73,,,,,0,percent of total billed charges,73 percent of charges; No services were performed during the 15 month look back period.,127.48428,73,,,,,0,percent of total billed charges,73 percent of charges; No services were performed during the 15 month look back period.,127.48428,73,,,,,0,percent of total billed charges,73 percent of charges; No services were performed during the 15 month look back period.,127.48428,73,,,,,0,percent of total billed charges,73 percent of charges; No services were performed during the 15 month look back period.,127.48428,73,,,,,0,percent of total billed charges,73 percent of charges; No services were performed during the 15 month look back period.,127.48428,73,,,,,0,percent of total billed charges,73 percent of charges; No services were performed during the 15 month look back period.,127.48428,73,,,,,0,percent of total billed charges,73 percent of charges; No services were performed during the 15 month look back period.,127.48428,73,,,,,0,percent of total billed charges,73 percent of charges; No services were performed during the 15 month look back period.,127.48428,73,,,,,0,percent of total billed charges,73 percent of charges; No services were performed during the 15 month look back period.,127.48428,73,,,,,0,percent of total billed charges,73 percent of charges; No services were performed during the 15 month look back period.,127.48428,73,,,,,0,percent of total billed charges,73 percent of charges; No services were performed during the 15 month look back period.,69.8544,40,,,,,0,percent of total billed charges,40 percent of charges; No services were performed during the 15 month look back period.,,,,,,,,,,55.88352,32,,,,,0,percent of total billed charges,32 pecent of charges; No services were performed during the 15 month look back period.,,,,,,,,,,52.3908,30,,,,,0,percent of total billed charges,30 Percent of charges; No services were performed during the 15 month look back period.,55.88352,32,,,,,0,percent of total billed charges,32 pecent of charges; No services were performed during the 15 month look back period.,55.88352,32,,,,,0,percent of total billed charges,32 pecent of charges; No services were performed during the 15 month look back period.,127.48428,73,,,,,0,percent of total billed charges,73 percent of charges; No services were performed during the 15 month look back period.,34.9272,20,,,,,0,percent of total billed charges,20 percent of charges; No services were performed during the 15 month look back period.,55.88352,32,,,,,0,percent of total billed charges,32 pecent of charges; No services were performed during the 15 month look back period.,,,,,,,,,,,,,,,,,,,,,,,,,,,,,,,,,,,,,,,,,,,,,,,,,,,,,,,,,,,,,,,,55.88352,32,,,,,0,percent of total billed charges,32 pecent of charges; No services were performed during the 15 month look back period.,41.91264,24,,,,,0,percent of total billed charges,24 percent of charges; No services were performed during the 15 month look back period.,,,,,,,,,,,,,,,,,,,,,,,,,,,,,,,,,,,,,,,,,,,,,,,,,,,,,,,41.91264,24,,,,,0,percent of total billed charges,24 percent of charges; No services were performed during the 15 month look back period.,54.13716,31,,,,,0,percent of total billed charges,31 percent of charges; No services were performed during the 15 month look back period.,54.13716,31,,,,,0,percent of total billed charges,31 percent of charges; No services were performed during the 15 month look back period.,54.13716,31,,,,,0,percent of total billed charges,31 percent of charges; No services were performed during the 15 month look back period.,54.13716,31,,,,,0,percent of total billed charges,31 percent of charges; No services were performed during the 15 month look back period.,54.13716,31,,,,,0,percent of total billed charges,31 percent of charges; No services were performed during the 15 month look back period.,,,,,,,,,,69.8544,40,,,,,0,percent of total billed charges,40 percent of charges; No services were performed during the 15 month look back period.,69.8544,40,,,,,0,percent of total billed charges,40 percent of charges; No services were performed during the 15 month look back period.,69.8544,40,,,,,0,percent of total billed charges,40 percent of charges; No services were performed during the 15 month look back period.,69.8544,40,,,,,0,percent of total billed charges,40 percent of charges; No services were performed during the 15 month look back period.,52.3908,30,,,,,0,percent of total billed charges,30 Percent of charges; No services were performed during the 15 month look back period.,52.3908,30,,,,,0,percent of total billed charges,30 Percent of charges; No services were performed during the 15 month look back period.,52.3908,30,,,,,0,percent of total billed charges,30 Percent of charges; No services were performed during the 15 month look back period.,52.3908,30,,,,,0,percent of total billed charges,30 Percent of charges; No services were performed during the 15 month look back period.,41.91264,24,,,,,0,percent of total billed charges,24 percent of charges; No services were performed during the 15 month look back period.,41.91264,24,,,,,0,percent of total billed charges,24 percent of charges; No services were performed during the 15 month look back period.,,,,,,,,,,,,,,,,,,,,,,,,,,,,,,,,,,,,,,,,,,,,,,,,,,,,,,,41.91264,24,,,,,0,percent of total billed charges,24 percent of charges; No services were performed during the 15 month look back period.,52.3908,30,,,,,0,percent of total billed charges,30 Percent of charges; No services were performed during the 15 month look back period.,,,,,,,,,,,,,,,,,,,,,,,,,,,,,,,,,,,,,,,,,,,,,,,,,,,,,,,,,,,,,,,,,,,,,,,,,,,,,,,,,,,,,,,,,,,,,,,,,,,,,,,,,,,,,,,,,,,,,,,,,,,,,,,,,,,,,,,,,,,,,,,,,,,,,,,,,,,,,,,,,,,,,,,,,,,,,,,,,,,,,,,,,,,,,,,,,,,,,,,52.3908,30,,,,,0,percent of total billed charges,30 Percent of charges; No services were performed during the 15 month look back period.,,,,,,,,,,,,,,,,,,,,,,,,,,,,,,,,,,,,,,,,,,,,,,,,,,,,,,,,,,,,,,,,17.4636,10,,,,,0,percent of total billed charges,10 percent of charges; No services were performed during the 15 month look back period.,17.4636,10,,,,,0,percent of total billed charges,10 percent of charges; No services were performed during the 15 month look back period.,17.4636,10,,,,,0,percent of total billed charges,10 percent of charges; No services were performed during the 15 month look back period.,17.4636,10,,,,,0,percent of total billed charges,10 percent of charges; No services were performed during the 15 month look back period.,,,,,,,,,,41.91264,24,,,,,0,percent of total billed charges,24 percent of charges; No services were performed during the 15 month look back period.,50.64444,29,,,,,0,percent of total billed charges,29 percent of charges; No services were performed during the 15 month look back period.,50.64444,29,,,,,0,percent of total billed charges,29 percent of charges; No services were performed during the 15 month look back period.,50.64444,29,,,,,0,percent of total billed charges,29 percent of charges; No services were performed during the 15 month look back period.,50.64444,29,,,,,0,percent of total billed charges,29 percent of charges; No services were performed during the 15 month look back period.,,,,,,,,,,,,,,,,,,,,,,,,,,,,,,,,,,,,,,,,,,,,,,,,,,,,,,,,,,,,,,,,,,,,,,,,,,,,,,,,,,,,,,,,,,,52.3908,30,,,,,0,percent of total billed charges,30 Percent of charges; No services were performed during the 15 month look back period.,,,,,,,,,,,,,,,,,,,,,,,,,,,,,,,,,,,,,,,,,,,,,,,,,,,,,,,,,,,,,,,,,,,,,,,,,,,,,,,,,,,,,,,,,,,,,,,,,,,,,,,,,,,,,,,,,,,,,,,,,,,,,,,55.88352,32,,,,,0,percent of total billed charges,32 pecent of charges; No services were performed during the 15 month look back period.,,,,,,,,,,,,,,,,,,,,,,,,,,,,,,,,,,,,,,,,,,,,,,50.64444,29,,,,,0,percent of total billed charges,29 percent of charges; No services were performed during the 15 month look back period.,50.64444,29,,,,,0,percent of total billed charges,29 percent of charges; No services were performed during the 15 month look back period.,50.64444,29,,,,,0,percent of total billed charges,29 percent of charges; No services were performed during the 15 month look back period.,50.64444,29,,,,,0,percent of total billed charges,29 percent of charges; No services were performed during the 15 month look back period.,,,,,,,,,,50.64444,29,,,,,0,percent of total billed charges,29 percent of charges; No services were performed during the 15 month look back period.,52.3908,30,,,,,0,percent of total billed charges,30 Percent of charges; No services were performed during the 15 month look back period.,50.64444,29,,,,,0,percent of total billed charges,29 percent of charges; No services were performed during the 15 month look back period.,55.88352,32,,,,,0,percent of total billed charges,32 pecent of charges; No services were performed during the 15 month look back period.,50.64444,29,,,,,0,percent of total billed charges,29 percent of charges; No services were performed during the 15 month look back period.,,,,,,,,,,,,,,,,,,,,,,,,,,,,50.64444,29,,,,,0,percent of total billed charges,29 percent of charges; No services were performed during the 15 month look back period.,,,,,,,,,,,,,,,,,,,,,,,,,,,,,,,,,,,,,,,,,,,,,,50.64444,29,,,,,0,percent of total billed charges,29 percent of charges; No services were performed during the 15 month look back period.,50.64444,29,,,,,0,percent of total billed charges,29 percent of charges; No services were performed during the 15 month look back period.,50.64444,29,,,,,0,percent of total billed charges,29 percent of charges; No services were performed during the 15 month look back period.,50.64444,29,,,,,0,percent of total billed charges,29 percent of charges; No services were performed during the 15 month look back period.,,,,,,,,,,,,,,,,,,,,,,,,,,,,,,,,,,,,,,,,,,,,,,,,,,,,,,,,,,,,,,,,,,,,,,,,,,,,,,,,,,,,,,,,,,,50.64444,29,,,,,0,percent of total billed charges,29 percent of charges; No services were performed during the 15 month look back period.,55.88352,32,,,,,0,percent of total billed charges,32 pecent of charges; No services were performed during the 15 month look back period.,127.48428,73,,,,,0,percent of total billed charges,73 percent of charges; No services were performed during the 15 month look back period.,17.4636,10,,,,,0,percent of total billed charges,10 percent of charges; No services were performed during the 15 month look back period.,17.4636,10,,,,,0,percent of total billed charges,10 percent of charges; No services were performed during the 15 month look back period.,52.3908,30,,,,,0,percent of total billed charges,30 Percent of charges; No services were performed during the 15 month look back period.,,,,,,,,,,69.8544,40,,,,,0,percent of total billed charges,40 percent of charges; No services were performed during the 15 month look back period.,69.8544,40,,,,,0,percent of total billed charges,40 percent of charges; No services were performed during the 15 month look back period.,,,,,,,,,,,,,,,,,,,,,,,,,,,,,,,,,,,,,,,,,,,,,,,,,,,,,,,17.4636,10,,,,,0,percent of total billed charges,10 percent of charges; No services were performed during the 15 month look back period.,,,,,,,,,,,,,,,,,,,,,,,,,,,,,,,,,,,,,50.64444,29,,,,,0,percent of total billed charges,29 percent of charges; No services were performed during the 15 month look back period.,,,,,,,,,,,,,,,,,,,50.64444,29,,,,,0,percent of total billed charges,29 percent of charges; No services were performed during the 15 month look back period.,,,,,,,,,,,,,,,,,,,,,,,,,,,,41.91264,24,,,,,0,percent of total billed charges,24 percent of charges; No services were performed during the 15 month look back period.,50.64444,29,,,,,0,percent of total billed charges,29 percent of charges; No services were performed during the 15 month look back period.,,,,,,,,,,,,,,,,,,,,,,,,,,,,,,,,,,,,,17.4636,10,,,,,0,percent of total billed charges,10 percent of charges; No services were performed during the 15 month look back period.,,,,,,,,,,,,,,,,,,,,,,,,,,,,,,,,,,,,,,,,,,,,,,,,,,,,,,,,,,,,,,,,,,,,,,,,,17.4636,10,,,,,0,percent of total billed charges,10 percent of charges; No services were performed during the 15 month look back period.,,,,,,,,,,,,,,,,,,,,,,,,,,,,,,,,,,,,,,,,,,,,,,,,,,,,,,,,,,,,,,,,,,,,,,,,,,,,,,,,,,,,,,,,,,,,,,,,,,,,,,,,,,,,,,,,,,,,,,50.64444,29,,,,,0,percent of total billed charges,29 percent of charges; No services were performed during the 15 month look back period.,50.64444,29,,,,,0,percent of total billed charges,29 percent of charges; No services were performed during the 15 month look back period.,50.64444,29,,,,,0,percent of total billed charges,29 percent of charges; No services were performed during the 15 month look back period.,50.64444,29,,,,,0,percent of total billed charges,29 percent of charges; No services were performed during the 15 month look back period.,50.64444,29,,,,,0,percent of total billed charges,29 percent of charges; No services were performed during the 15 month look back period.,50.64444,29,,,,,0,percent of total billed charges,29 percent of charges; No services were performed during the 15 month look back period.,50.64444,29,,,,,0,percent of total billed charges,29 percent of charges; No services were performed during the 15 month look back period.,50.64444,29,,,,,0,percent of total billed charges,29 percent of charges; No services were performed during the 15 month look back period.,50.64444,29,,,,,0,percent of total billed charges,29 percent of charges; No services were performed during the 15 month look back period.,50.64444,29,,,,,0,percent of total billed charges,29 percent of charges; No services were performed during the 15 month look back period.,50.64444,29,,,,,0,percent of total billed charges,29 percent of charges; No services were performed during the 15 month look back period.,50.64444,29,,,,,0,percent of total billed charges,29 percent of charges; No services were performed during the 15 month look back period.,50.64444,29,,,,,0,percent of total billed charges,29 percent of charges; No services were performed during the 15 month look back period.,,,,,,,,,,50.64444,29,,,,,0,percent of total billed charges,29 percent of charges; No services were performed during the 15 month look back period.,,,,,,,,,,33.18084,19,,,,,0,percent of total billed charges,19 percent of charges; No services were performed during the 15 month look back period.,22.70268,13,,,,,0,percent of total billed charges,13 percent of charges; No services were performed during the 15 month look back period.,17.4636,10,,,,,0,percent of total billed charges,10 percent of charges; No services were performed during the 15 month look back period.,17.4636,10,,,,,0,percent of total billed charges,10 percent of charges; No services were performed during the 15 month look back period.,,,,,,,,,,69.8544,40,,,,,0,percent of total billed charges,40 percent of charges; No services were performed during the 15 month look back period.,,,,,,,,,,,,,,,,,,,52.3908,30,,,,,0,percent of total billed charges,30 Percent of charges; No services were performed during the 15 month look back period.,,,,,,,,,,55.88352,32,,,,,0,percent of total billed charges,32 pecent of charges; No services were performed during the 15 month look back period.,,,,,,,,,,55.88352,32,,,,,0,percent of total billed charges,32 pecent of charges; No services were performed during the 15 month look back period.,52.3908,30,,,,,0,percent of total billed charges,30 Percent of charges; No services were performed during the 15 month look back period.,55.88352,32,,,,,0,percent of total billed charges,32 pecent of charges; No services were performed during the 15 month look back period.,,,,,,,,,,,,,,,,,,,,,,,,,,,,55.88352,32,,,,,0,percent of total billed charges,32 pecent of charges; No services were performed during the 15 month look back period.,17.4636,10,,,,,0,percent of total billed charges,10 percent of charges; No services were performed during the 15 month look back period.,,,,,,,,,,,,,,,,,,,,,,,,,,,,,,,,,,,,,,,,,,,,,,,,,,,,,,,,,,,,,,,,17.4636,10,,,,,0,percent of total billed charges,10 percent of charges; No services were performed during the 15 month look back period.,,,,,,,,,,,,,,,,,,,,,,,,,,,,50.64444,29,,,,,0,percent of total billed charges,29 percent of charges; No services were performed during the 15 month look back period.,50.64444,29,,,,,0,percent of total billed charges,29 percent of charges; No services were performed during the 15 month look back period.,54.13716,31,,,,,0,percent of total billed charges,31 percent of charges; No services were performed during the 15 month look back period.,,,,,,,,,,17.4636,10,,,,,0,percent of total billed charges,10 percent of charges; No services were performed during the 15 month look back period.,55.88352,32,,,,,0,percent of total billed charges,32 pecent of charges; No services were performed during the 15 month look back period.,52.3908,30,,,,,0,percent of total billed charges,30 Percent of charges; No services were performed during the 15 month look back period.,17.4636,10,,,,,0,percent of total billed charges,10 percent of charges; No services were performed during the 15 month look back period.,52.3908,30,,,,,0,percent of total billed charges,30 Percent of charges; No services were performed during the 15 month look back period.,17.4636,10,,,,,0,percent of total billed charges,10 percent of charges; No services were performed during the 15 month look back period.,,,,,,,,,,,,,,,,,,,,,,,,,,,,,,,,,,,,,,,,,,,,,,0.87318,2474.503636,
Q5113,HCPCS,5010003,LOCAL,636,RC,INJ HERZUMA 10 MG,544.15362,103.389188,Outpatient,ME,10,,73.91,,,,,,,Fee Schedule,"100 % 1199 Fee Schedule. ",73.91,,,,,,,Fee Schedule,"100 % 1199 Fee Schedule. ",326.492172,60,,,,,0,percent of total billed charges,60 percent of billed charges; No services were performed during the 15 month look back period.,544.15362,100,,,,,0,percent of total billed charges,100 percent of billed charges; No services were performed during the 15 month look back period.,73.905,,,,,,,Fee Schedule,"100% ASP Fee Schedule. ",326.492172,60,,,,,0,percent of total billed charges,60 percent of billed charges; No services were performed during the 15 month look back period.,326.492172,60,,7815.98,6319.31,9441.47,33,percent of total billed charges,60 percent of billed charges,326.492172,60,,,,,0,percent of total billed charges,60 percent of billed charges; No services were performed during the 15 month look back period.,2543.194182,,,,,,,Case Rate,"100 Percent of Medicaid APG. ",2119.328485,,,,,,,Case Rate,"100 Percent of Medicaid APG. ",424.439823,78,,,,,0,percent of total billed charges,78% of Billed Charges. Lesser of 100% of billed charges applies.; No services were performed during the 15 month look back period.,,,,,,,,Fee Schedule,"100 % Zero Pay Code. ",2119.328485,,,,,,,Case Rate,"100 Percent of Medicaid APG. ",73.905,,,,,,,Fee Schedule,"100% ASP Fee Schedule. ",163.246086,30,,,,,0,percent of total billed charges,30 percent of billed charges; No services were performed during the 15 month look back period.,163.246086,30,,,,,0,percent of total billed charges,30 percent of billed charges; No services were performed during the 15 month look back period.,163.246086,30,,,,,0,percent of total billed charges,30 percent of billed charges; No services were performed during the 15 month look back period.,163.246086,30,,,,,0,percent of total billed charges,30 percent of billed charges; No services were performed during the 15 month look back period.,5.441536,1,,,,,0,percent of total billed charges,NA. Covered services not payable under Medicaid Fee Schedules default to a payment of 50 percent of charges.; No services were performed during the 15 month look back period.,73.905,,,,,,,Fee Schedule,"100% ASP Fee Schedule. ",5.441536,1,,,,,0,percent of total billed charges,NA. Covered services not payable under Medicaid Fee Schedules default to a payment of 50 percent of charges.; No services were performed during the 15 month look back period.,424.439823,78,,,,,0,percent of total billed charges,78% of Billed Charges. Lesser of 100% of billed charges applies.; No services were performed during the 15 month look back period.,326.492172,60,,,,,0,percent of total billed charges,60 percent of billed charges; No services were performed during the 15 month look back period.,73.905,,,,,,,Fee Schedule,"100% ASP Fee Schedule. ",397.232142,73,,,,,0,percent of total billed charges,73 percent of billed charges; No services were performed during the 15 month look back period.,73.905,,,,,,,Fee Schedule,"100% ASP Fee Schedule. ",73.905,,,,,,,Fee Schedule,"100% ASP Fee Schedule. ",424.439823,78,,,,,0,percent of total billed charges,78% of Billed Charges. Lesser of 100% of billed charges applies.; No services were performed during the 15 month look back period.,,,,,,,,Fee Schedule,"Not payable. ",,,,,,,,Fee Schedule,"Not payable. ",,,,,,,,Fee schedule,"90 Percent of Medicare RBRVS. ",,,,,,,,Fee schedule,"90 Percent of Medicare RBRVS. ",397.232142,73,,,,,0,percent of total billed charges,73 percent of billed charges; No services were performed during the 15 month look back period.,397.232142,73,,,,,0,percent of total billed charges,73 percent of billed charges; No services were performed during the 15 month look back period.,2119.328485,,,,,,,Case Rate,"100 Percent of Medicaid APG. Not APG payable, or payable under another fee schedule like ASP/AWP pays at 30% of charges",397.232142,73,,,,,0,percent of total billed charges,73 percent of billed charges; No services were performed during the 15 month look back period.,2119.328485,,,,,,,Case Rate,"100 Percent of Medicaid APG. Not APG payable, or payable under another fee schedule like ASP/AWP pays at 30% of charges",73.905,,,,,,,Fee Schedule,"100% ASP Fee Schedule. ",397.232142,73,,,,,0,percent of total billed charges,73 percent of billed charges; No services were performed during the 15 month look back period.,424.439823,78,,,,,0,percent of total billed charges,78% of Billed Charges. Lesser of 100% of billed charges applies.; No services were performed during the 15 month look back period.,2119.328485,,,,,,,Case Rate,"106 percent of Average Sales Price.. Drugs not priced under APG, billed with revenue code 636 and not priced by Medicare ASP FeeSched will be reimbursed at 20% of charges.",2119.328485,,,,,,,Case Rate,"106 percent of Average Sales Price.. Drugs not priced under APG, billed with revenue code 636 and not priced by Medicare ASP FeeSched will be reimbursed at 20% of charges.",424.439823,78,,,,,0,percent of total billed charges,78% of Billed Charges. Lesser of 100% of billed charges applies.; No services were performed during the 15 month look back period.,163.246086,30,,,,,0,percent of total billed charges,30 percent of billed charges; No services were performed during the 15 month look back period.,,,,,,,,Fee Schedule,"100 % Zero Pay Code. ",,,,,,,,Fee Schedule,"100 % Zero Pay Code. ",424.439823,78,,,,,0,percent of total billed charges,78% of Billed Charges. Lesser of 100% of billed charges applies.; No services were performed during the 15 month look back period.,73.905,,,,,,,Fee Schedule,"100% ASP Fee Schedule. ",,,,,,,,Fee Schedule,"100 % Zero Pay Code. ",,,,,,,,Fee Schedule,"100 % Zero Pay Code. ",,,,,,,,Fee Schedule,"100 % Zero Pay Code. ",73.905,,,,,,,Fee Schedule,"100% ASP Fee Schedule. ",,,,,,,,Fee Schedule,"100 % Zero Pay Code. ",,,,,,,,Fee Schedule,"100 % Zero Pay Code. ",73.905,,,,,,,Fee Schedule,"100% of AWP Fee Schedule. ",272.07681,50,,,,,0,percent of total billed charges,50 percent of billed charges; No services were performed during the 15 month look back period.,244.869129,45,,,,,0,percent of total billed charges,45 percent of billed charges; No services were performed during the 15 month look back period.,244.869129,45,,,,,0,percent of total billed charges,45 percent of billed charges; No services were performed during the 15 month look back period.,244.869129,45,,,,,0,percent of total billed charges,45 percent of billed charges; No services were performed during the 15 month look back period.,244.869129,45,,,,,0,percent of total billed charges,45 percent of billed charges; No services were performed during the 15 month look back period.,244.869129,45,,,,,0,percent of total billed charges,45 percent of billed charges; No services were performed during the 15 month look back period.,244.869129,45,,,,,0,percent of total billed charges,45 percent of billed charges; No services were performed during the 15 month look back period.,73.905,,,,,,,Fee Schedule,"100% ASP Fee Schedule. ",73.905,,,,,,,Fee Schedule,"100% ASP Fee Schedule. ",244.869129,45,,,,,0,percent of total billed charges,45 percent of billed charges; No services were performed during the 15 month look back period.,424.439823,78,,,,,0,percent of total billed charges,78% of Billed Charges. Lesser of 100% of billed charges applies.; No services were performed during the 15 month look back period.,424.439823,78,,,,,0,percent of total billed charges,78% of Billed Charges. Lesser of 100% of billed charges applies.; No services were performed during the 15 month look back period.,424.439823,78,,,,,0,percent of total billed charges,78% of Billed Charges. Lesser of 100% of billed charges applies.; No services were performed during the 15 month look back period.,424.439823,78,,,,,0,percent of total billed charges,78% of Billed Charges. Lesser of 100% of billed charges applies.; No services were performed during the 15 month look back period.,424.439823,78,,,,,0,percent of total billed charges,78% of Billed Charges. Lesser of 100% of billed charges applies.; No services were performed during the 15 month look back period.,424.439823,78,,,,,0,percent of total billed charges,78% of Billed Charges. Lesser of 100% of billed charges applies.; No services were performed during the 15 month look back period.,424.439823,78,,,,,0,percent of total billed charges,78% of Billed Charges. Lesser of 100% of billed charges applies.; No services were performed during the 15 month look back period.,424.439823,78,,,,,0,percent of total billed charges,78% of Billed Charges. Lesser of 100% of billed charges applies.; No services were performed during the 15 month look back period.,424.439823,78,,,,,0,percent of total billed charges,78% of Billed Charges. Lesser of 100% of billed charges applies.; No services were performed during the 15 month look back period.,424.439823,78,,,,,0,percent of total billed charges,78% of Billed Charges. Lesser of 100% of billed charges applies.; No services were performed during the 15 month look back period.,424.439823,78,,,,,0,percent of total billed charges,78% of Billed Charges. Lesser of 100% of billed charges applies.; No services were performed during the 15 month look back period.,424.439823,78,,,,,0,percent of total billed charges,78% of Billed Charges. Lesser of 100% of billed charges applies.; No services were performed during the 15 month look back period.,424.439823,78,,,,,0,percent of total billed charges,78% of Billed Charges. Lesser of 100% of billed charges applies.; No services were performed during the 15 month look back period.,424.439823,78,,,,,0,percent of total billed charges,78% of Billed Charges. Lesser of 100% of billed charges applies.; No services were performed during the 15 month look back period.,424.439823,78,,,,,0,percent of total billed charges,78% of Billed Charges. Lesser of 100% of billed charges applies.; No services were performed during the 15 month look back period.,424.439823,78,,,,,0,percent of total billed charges,78% of Billed Charges. Lesser of 100% of billed charges applies.; No services were performed during the 15 month look back period.,424.439823,78,,,,,0,percent of total billed charges,78% of Billed Charges. Lesser of 100% of billed charges applies.; No services were performed during the 15 month look back period.,424.439823,78,,,,,0,percent of total billed charges,78% of Billed Charges. Lesser of 100% of billed charges applies.; No services were performed during the 15 month look back period.,424.439823,78,,,,,0,percent of total billed charges,78% of Billed Charges. Lesser of 100% of billed charges applies.; No services were performed during the 15 month look back period.,424.439823,78,,,,,0,percent of total billed charges,78% of Billed Charges. Lesser of 100% of billed charges applies.; No services were performed during the 15 month look back period.,424.439823,78,,,,,0,percent of total billed charges,78% of Billed Charges. Lesser of 100% of billed charges applies.; No services were performed during the 15 month look back period.,424.439823,78,,,,,0,percent of total billed charges,78% of Billed Charges. Lesser of 100% of billed charges applies.; No services were performed during the 15 month look back period.,424.439823,78,,,,,0,percent of total billed charges,78% of Billed Charges. Lesser of 100% of billed charges applies.; No services were performed during the 15 month look back period.,424.439823,78,,,,,0,percent of total billed charges,78% of Billed Charges. Lesser of 100% of billed charges applies.; No services were performed during the 15 month look back period.,424.439823,78,,,,,0,percent of total billed charges,78% of Billed Charges. Lesser of 100% of billed charges applies.; No services were performed during the 15 month look back period.,424.439823,78,,,,,0,percent of total billed charges,78% of Billed Charges. Lesser of 100% of billed charges applies.; No services were performed during the 15 month look back period.,397.232142,73,,,,,0,percent of total billed charges,73 percent of billed charges; No services were performed during the 15 month look back period.,397.232142,73,,,,,0,percent of total billed charges,73 percent of billed charges; No services were performed during the 15 month look back period.,397.232142,73,,,,,0,percent of total billed charges,73 percent of billed charges; No services were performed during the 15 month look back period.,397.232142,73,,,,,0,percent of total billed charges,73 percent of billed charges; No services were performed during the 15 month look back period.,435.322896,80,,,,,0,percent of total billed charges,80 percent of billed charges; No services were performed during the 15 month look back period.,435.322896,80,,,,,0,percent of total billed charges,80 percent of billed charges; No services were performed during the 15 month look back period.,163.246086,30,,,,,0,percent of total billed charges,30 percent of billed charges; No services were performed during the 15 month look back period.,244.869129,45,,,,,0,percent of total billed charges,45 percent of billed charges; No services were performed during the 15 month look back period.,,,,,,,,Fee Schedule,"100 % Zero Pay Code. ",244.869129,45,,,,,0,percent of total billed charges,45 percent of billed charges; No services were performed during the 15 month look back period.,424.439823,78,,,,,0,percent of total billed charges,78% of Billed Charges. Lesser of 100% of billed charges applies.; No services were performed during the 15 month look back period.,435.322896,80,,,,,0,percent of total billed charges,80 percent of billed charges; No services were performed during the 15 month look back period.,244.869129,45,,,,,0,percent of total billed charges,45 percent of billed charges; No services were performed during the 15 month look back period.,,,,,,,,Fee Schedule,"100 % Zero Pay Code. ",163.246086,30,,,,,0,percent of total billed charges,30 percent of billed charges; No services were performed during the 15 month look back period.,,,,,,,,,"NA. ",424.439823,78,,,,,0,percent of total billed charges,78% of Billed Charges. Lesser of 100% of billed charges applies.; No services were performed during the 15 month look back period.,2119.328485,,,,,,,Case Rate,"100 Percent of Medicaid APG. ",397.232142,73,,,,,0,percent of total billed charges,73 percent of billed charges; No services were performed during the 15 month look back period.,2119.328485,,,,,,,Case Rate,"100 Percent of Medicaid APG. Not APG payable, or payable under another fee schedule like ASP/AWP pays at 30% of charges",73.905,,,,,,,Fee Schedule,"100% ASP Fee Schedule. ",73.905,,,,,,,Fee Schedule,"100% ASP Fee Schedule. ",272.07681,50,,,,,0,percent of total billed charges,50 percent of billed charges; No services were performed during the 15 month look back period.,73.905,,,,,,,Fee Schedule,"100% ASP Fee Schedule. ",73.905,,,,,,,Fee Schedule,"100% ASP Fee Schedule. ",2119.328485,,,,,,,Case Rate,"100 Percent of Medicaid APG. ",73.905,,,,,,,Fee Schedule,"100% ASP Fee Schedule. ",73.905,,,,,,,Fee Schedule,"100% ASP Fee Schedule. ",326.492172,60,,,,,0,percent of total billed charges,60 percent of billed charges; No services were performed during the 15 month look back period.,326.492172,60,,,,,0,percent of total billed charges,60 percent of billed charges; No services were performed during the 15 month look back period.,73.905,,,,,,,Fee Schedule,"100% ASP Fee Schedule. ",163.246086,30,,,,,0,percent of total billed charges,30 percent of billed charges; No services were performed during the 15 month look back period.,,,,,,,,Fee Schedule,"100 % Zero Pay Code. ",,,,,,,,Fee Schedule,"100 % Zero Pay Code. ",73.905,,,,,,,Fee Schedule,"100% ASP Fee Schedule. ",163.246086,30,,5626.93,5626.93,5626.93,1 through 10,percent of total billed charges,30 percent of billed charges,326.492172,60,,,,,0,percent of total billed charges,60 percent of billed charges; No services were performed during the 15 month look back period.,326.492172,60,,,,,0,percent of total billed charges,60 percent of billed charges; No services were performed during the 15 month look back period.,326.492172,60,,,,,0,percent of total billed charges,60 percent of billed charges; No services were performed during the 15 month look back period.,424.439823,78,,,,,0,percent of total billed charges,78% of Billed Charges. Lesser of 100% of billed charges applies.; No services were performed during the 15 month look back period.,424.439823,78,,,,,0,percent of total billed charges,78% of Billed Charges. Lesser of 100% of billed charges applies.; No services were performed during the 15 month look back period.,424.439823,78,,,,,0,percent of total billed charges,78% of Billed Charges. Lesser of 100% of billed charges applies.; No services were performed during the 15 month look back period.,424.439823,78,,,,,0,percent of total billed charges,78% of Billed Charges. Lesser of 100% of billed charges applies.; No services were performed during the 15 month look back period.,424.439823,78,,,,,0,percent of total billed charges,78% of Billed Charges. Lesser of 100% of billed charges applies.; No services were performed during the 15 month look back period.,424.439823,78,,,,,0,percent of total billed charges,78% of Billed Charges. Lesser of 100% of billed charges applies.; No services were performed during the 15 month look back period.,424.439823,78,,,,,0,percent of total billed charges,78% of Billed Charges. Lesser of 100% of billed charges applies.; No services were performed during the 15 month look back period.,424.439823,78,,,,,0,percent of total billed charges,78% of Billed Charges. Lesser of 100% of billed charges applies.; No services were performed during the 15 month look back period.,424.439823,78,,,,,0,percent of total billed charges,78% of Billed Charges. Lesser of 100% of billed charges applies.; No services were performed during the 15 month look back period.,424.439823,78,,,,,0,percent of total billed charges,78% of Billed Charges. Lesser of 100% of billed charges applies.; No services were performed during the 15 month look back period.,424.439823,78,,,,,0,percent of total billed charges,78% of Billed Charges. Lesser of 100% of billed charges applies.; No services were performed during the 15 month look back period.,435.322896,80,,,,,0,percent of total billed charges,80 percent of billed charges; No services were performed during the 15 month look back period.,244.869129,45,,,,,0,percent of total billed charges,45 percent of billed charges; No services were performed during the 15 month look back period.,163.246086,30,,,,,0,percent of total billed charges,30 percent of billed charges; No services were performed during the 15 month look back period.,73.905,,,,,,,Fee Schedule,"100% ASP Fee Schedule. ",326.492172,60,,,,,0,percent of total billed charges,60 percent of billed charges; No services were performed during the 15 month look back period.,163.246086,30,,,,,0,percent of total billed charges,30 percent of billed charges; No services were performed during the 15 month look back period.,163.246086,30,,,,,0,percent of total billed charges,30 percent of billed charges; No services were performed during the 15 month look back period.,424.439823,78,,,,,0,percent of total billed charges,78% of Billed Charges. Lesser of 100% of billed charges applies.; No services were performed during the 15 month look back period.,4535.362958,,,,,,,Case Rate,"141 percent of Average Sales Price.. Drugs not priced under APG, billed with revenue code 636 and not priced by Medicare ASP FeeSched will be reimbursed at 20% of charges.",163.246086,30,,,,,0,percent of total billed charges,30 percent of billed charges; No services were performed during the 15 month look back period.,2119.328485,,,,,,,Case Rate,"100 Percent of Medicaid APG. ",73.905,,,,,,,Fee Schedule,"100% ASP Fee Schedule. ",73.905,,,,,,,Fee Schedule,"100% ASP Fee Schedule. ",73.905,,,,,,,Fee Schedule,"100% ASP Fee Schedule. ",73.905,,,,,,,Fee Schedule,"100% ASP Fee Schedule. ",73.905,,,,,,,Fee Schedule,"100% ASP Fee Schedule. ",73.905,,,,,,,Fee Schedule,"100% ASP Fee Schedule. ",163.246086,30,,,,,0,percent of total billed charges,30 percent of billed charges; No services were performed during the 15 month look back period.,272.07681,50,,,,,0,percent of total billed charges,50 percent of billed charges; No services were performed during the 15 month look back period.,5.441536,1,,,,,0,percent of total billed charges,NA. ; No services were performed during the 15 month look back period.,5.441536,1,,,,,0,percent of total billed charges,NA. ; No services were performed during the 15 month look back period.,5.441536,1,,,,,0,percent of total billed charges,NA. ; No services were performed during the 15 month look back period.,5.441536,1,,,,,0,percent of total billed charges,NA. ; No services were performed during the 15 month look back period.,5.441536,1,,,,,0,percent of total billed charges,NA. ; No services were performed during the 15 month look back period.,,,,,,,,,"NA. ",272.07681,50,,,,,0,percent of total billed charges,50 percent of billed charges; No services were performed during the 15 month look back period.,104.20605,,,,,,,Fee Schedule,141 Percent of of ASP. Drugs billed with revenue code 636 and not priced by Medicare ASP fee schedule will be reimburse at 20 percent of charges,104.20605,,,,,,,Fee Schedule,141 Percent of of ASP. Drugs billed with revenue code 636 and not priced by Medicare ASP fee schedule will be reimburse at 20 percent of charges,104.20605,,,,,,,Fee Schedule,141 Percent of of ASP. Drugs billed with revenue code 636 and not priced by Medicare ASP fee schedule will be reimburse at 20 percent of charges,104.20605,,,,,,,Fee Schedule,141 Percent of of ASP. Drugs billed with revenue code 636 and not priced by Medicare ASP fee schedule will be reimburse at 20 percent of charges,104.20605,,,,,,,Fee Schedule,141 Percent of of ASP. Drugs billed with revenue code 636 and not priced by Medicare ASP fee schedule will be reimburse at 20 percent of charges,73.905,,,,,,,Fee Schedule,"100% ASP Fee Schedule. ",435.322896,80,,,,,0,percent of total billed charges,80 percent of billed charges; No services were performed during the 15 month look back period.,435.322896,80,,,,,0,percent of total billed charges,80 percent of billed charges; No services were performed during the 15 month look back period.,435.322896,80,,,,,0,percent of total billed charges,80 percent of billed charges; No services were performed during the 15 month look back period.,435.322896,80,,,,,0,percent of total billed charges,80 percent of billed charges; No services were performed during the 15 month look back period.,326.492172,60,,,,,0,percent of total billed charges,60 percent of billed charges; No services were performed during the 15 month look back period.,326.492172,60,,,,,0,percent of total billed charges,60 percent of billed charges; No services were performed during the 15 month look back period.,326.492172,60,,,,,0,percent of total billed charges,60 percent of billed charges; No services were performed during the 15 month look back period.,326.492172,60,,,,,0,percent of total billed charges,60 percent of billed charges; No services were performed during the 15 month look back period.,272.07681,50,,,,,0,percent of total billed charges,50 percent of billed charges; No services were performed during the 15 month look back period.,272.07681,50,,,,,0,percent of total billed charges,50 percent of billed charges; No services were performed during the 15 month look back period.,73.905,,,,,,,Fee Schedule,"100% ASP Fee Schedule. ",73.905,,,,,,,Fee Schedule,"100% ASP Fee Schedule. ",73.905,,,,,,,Fee Schedule,"100% ASP Fee Schedule. ",244.869129,45,,,,,0,percent of total billed charges,45 percent of billed charges; No services were performed during the 15 month look back period.,244.869129,45,,,,,0,percent of total billed charges,45 percent of billed charges; No services were performed during the 15 month look back period.,244.869129,45,,,,,0,percent of total billed charges,45 percent of billed charges; No services were performed during the 15 month look back period.,272.07681,50,,,,,0,percent of total billed charges,50 percent of billed charges; No services were performed during the 15 month look back period.,326.492172,60,,,,,0,percent of total billed charges,60 percent of billed charges; No services were performed during the 15 month look back period.,73.905,,,,,,,Fee Schedule,"100% ASP Fee Schedule. ",244.869129,45,,,,,0,percent of total billed charges,45 percent of billed charges; No services were performed during the 15 month look back period.,2119.328485,,,,,,,Case Rate,"100 Percent of Medicaid APG. ",75.3831,,,,,,,Fee Schedule,"100% of ASP Fee Schedule. ",75.3831,,,,,,,Fee Schedule,"100% of ASP Fee Schedule. ",75.3831,,,,,,,Fee Schedule,"100% of ASP Fee Schedule. ",,,,,,,,Fee schedule,"90 Percent of Medicare RBRVS. ",4768.489091,,,,,,,Fee Schedule,225% of NYS APG. Lesser of 100% of billed charges applies.,4768.489091,,,,,,,Fee Schedule,225% of NYS APG. Lesser of 100% of billed charges applies.,4768.489091,,,,,,,Fee Schedule,225% of NYS APG. Lesser of 100% of billed charges applies.,4768.489091,,,,,,,Fee Schedule,225% of NYS APG. Lesser of 100% of billed charges applies.,4768.489091,,,,,,,Fee Schedule,225% of NYS APG. Lesser of 100% of billed charges applies.,75.3831,,,,,,,Fee Schedule,"100% of ASP Fee Schedule. ",2119.328485,,,,,,,Case Rate,"100 Percent of Medicaid APG. ",,,,,,,,Fee Schedule,"Not payable. ",4768.489091,,,,,,,Fee Schedule,225% of NYS APG. Lesser of 100% of billed charges applies.,4768.489091,,,,,,,Fee Schedule,225% of NYS APG. Lesser of 100% of billed charges applies.,,,,,,,,Fee Schedule,"Not payable. ",,,,,,,,Fee Schedule,"Not payable. ",5.441536,1,,,,,0,percent of total billed charges,NA. ; No services were performed during the 15 month look back period.,73.905,,,,,,,Fee Schedule,"100% ASP Fee Schedule. ",73.905,,,,,,,Fee Schedule,"100% ASP Fee Schedule. ",326.492172,60,,,,,0,percent of total billed charges,60 percent of billed charges; No services were performed during the 15 month look back period.,73.905,,,,,,,Fee Schedule,"100% ASP Fee Schedule. ",4768.489091,,,,,,,Fee Schedule,"225 Percent of Medicaid APG. ",4768.489091,,,,,,,Fee Schedule,"225 Percent of Medicaid APG. ",,,,,,,,Fee schedule,"90 Percent of Medicare RBRVS. ",,,,,,,,Fee schedule,"90 Percent of Medicare RBRVS. ",,,,,,,,Case Rate,Not Payable. Covered services not payable under Medicaid Fee Schedules default to a payment of 87.5 percent of charges.,5.441536,1,,,,,0,percent of total billed charges,NA. Covered services not payable under Medicaid Fee Schedules default to a payment of 50 percent of charges.; No services were performed during the 15 month look back period.,4768.489091,,,,,,,Case Rate,"100 Percent of Medicaid APG. ",4768.489091,,,,,,,Case Rate,"100 Percent of Medicaid APG. ",4768.489091,,,,,,,Case Rate,"100 Percent of Medicaid APG. ",4768.489091,,,,,,,Case Rate,"100 Percent of Medicaid APG. ",244.869129,45,,,,,0,percent of total billed charges,45 percent of billed charges; No services were performed during the 15 month look back period.,272.07681,50,,,,,0,percent of total billed charges,50 percent of billed charges; No services were performed during the 15 month look back period.,2543.194182,,,,,,,Case Rate,"120 Percent of Medicaid APG. Not APG payable, or payable under another fee schedule like ASP/AWP pays at 30% of charges",2543.194182,,,,,,,Case Rate,"120 Percent of Medicaid APG. Not APG payable, or payable under another fee schedule like ASP/AWP pays at 30% of charges",2119.328485,,,,,,,Case Rate,"100 Percent of Medicaid APG. Not APG payable, or payable under another fee schedule like ASP/AWP pays at 30% of charges",2119.328485,,,,,,,Case Rate,"100 Percent of Medicaid APG. Not APG payable, or payable under another fee schedule like ASP/AWP pays at 30% of charges",244.869129,45,,,,,0,percent of total billed charges,45 percent of billed charges; No services were performed during the 15 month look back period.,244.869129,45,,,,,0,percent of total billed charges,45 percent of billed charges; No services were performed during the 15 month look back period.,73.905,,,,,,,Fee Schedule,"100% ASP Fee Schedule. ",244.869129,45,,,,,0,percent of total billed charges,45 percent of billed charges; No services were performed during the 15 month look back period.,244.869129,45,,,,,0,percent of total billed charges,45 percent of billed charges; No services were performed during the 15 month look back period.,244.869129,45,,,,,0,percent of total billed charges,45 percent of billed charges; No services were performed during the 15 month look back period.,244.869129,45,,,,,0,percent of total billed charges,45 percent of billed charges; No services were performed during the 15 month look back period.,73.905,,,,,,,Fee Schedule,"100% ASP Fee Schedule. ",244.869129,45,,,,,0,percent of total billed charges,45 percent of billed charges; No services were performed during the 15 month look back period.,244.869129,45,,,,,0,percent of total billed charges,45 percent of billed charges; No services were performed during the 15 month look back period.,326.492172,60,,,,,0,percent of total billed charges,60 percent of billed charges; No services were performed during the 15 month look back period.,81.3666,,,,,,,Fee Schedule,105% of ASP. Lesser of 100% of billed charges applies.,5.441536,1,,,,,0,percent of total billed charges,NA. Covered services not payable under Medicaid Fee Schedules default to a payment of 50 percent of charges.; No services were performed during the 15 month look back period.,4768.489091,,,,,,,Fee Schedule,225% of NYS APG. Lesser of 100% of billed charges applies.,,,,,,,,Case Rate,Not Payable. Covered services not payable under Medicaid Fee Schedules default to a payment of 87.5 percent of charges.,5.441536,1,,,,,0,percent of total billed charges,NA. Covered services not payable under Medicaid Fee Schedules default to a payment of 50 percent of charges.; No services were performed during the 15 month look back period.,4768.489091,,,,,,,Fee Schedule,225% of NYS APG. Lesser of 100% of billed charges applies.,4768.489091,,,,,,,Fee Schedule,225% of NYS APG. Lesser of 100% of billed charges applies.,4768.489091,,,,,,,Fee Schedule,225% of NYS APG. Lesser of 100% of billed charges applies.,4768.489091,,,,,,,Fee Schedule,225% of NYS APG. Lesser of 100% of billed charges applies.,4768.489091,,,,,,,Fee Schedule,225% of NYS APG. Lesser of 100% of billed charges applies.,4768.489091,,,,,,,Fee Schedule,225% of NYS APG. Lesser of 100% of billed charges applies.,,,,,,,,,"NA. ",,,,,,,,,"NA. ",,,,,,,,,"NA. ",163.246086,30,,,,,0,percent of total billed charges,30 percent of billed charges; No services were performed during the 15 month look back period.,,,,,,,,,"NA. ",73.905,,,,,,,Fee Schedule,"100% ASP Fee Schedule. ",73.91,,,,,,,Fee Schedule,"100 % 1199 Fee Schedule. ",73.905,,,,,,,Fee Schedule,"100% ASP Fee Schedule. ",73.905,,,,,,,Fee Schedule,"100% ASP Fee Schedule. ",2543.194182,,,,,,,Case Rate,"120 Percent of Medicaid APG. Not APG payable, or payable under another fee schedule like ASP/AWP pays at 30% of charges",2543.194182,,,,,,,Case Rate,"120 Percent of Medicaid APG. Not APG payable, or payable under another fee schedule like ASP/AWP pays at 30% of charges",2119.328485,,,,,,,Case Rate,"100 Percent of Medicaid APG. Not APG payable, or payable under another fee schedule like ASP/AWP pays at 30% of charges",2119.328485,,,,,,,Case Rate,"100 Percent of Medicaid APG. Not APG payable, or payable under another fee schedule like ASP/AWP pays at 30% of charges",2119.328485,,,,,,,Case Rate,"100 Percent of Medicaid APG. ",397.232142,73,,,,,0,percent of total billed charges,73 percent of billed charges; No services were performed during the 15 month look back period.,326.492172,60,,,,,0,percent of total billed charges,60 percent of billed charges; No services were performed during the 15 month look back period.,397.232142,73,,,,,0,percent of total billed charges,73 percent of billed charges; No services were performed during the 15 month look back period.,163.246086,30,,,,,0,percent of total billed charges,30 percent of billed charges; No services were performed during the 15 month look back period.,73.905,,,,,,,Fee Schedule,"100% ASP Fee Schedule. ",73.905,,,,,,,Fee Schedule,"100% ASP Fee Schedule. ",73.905,,,,,,,Fee Schedule,"100% ASP Fee Schedule. ",73.905,,,,,,,Fee Schedule,"100% ASP Fee Schedule. ",73.905,,,,,,,Fee Schedule,"100% ASP Fee Schedule. ",73.905,,,,,,,Fee Schedule,"100% ASP Fee Schedule. ",,,,,,,,,"NA. ",4768.489091,,,,,,,Fee Schedule,225% of NYS APG. Lesser of 100% of billed charges applies.,,,,,,,,Fee Schedule,"Not payable. ",244.869129,45,,,,,0,percent of total billed charges,45 percent of billed charges; No services were performed during the 15 month look back period.,397.232142,73,,,,,0,percent of total billed charges,73 percent of billed charges; No services were performed during the 15 month look back period.,397.232142,73,,,,,0,percent of total billed charges,73 percent of billed charges; No services were performed during the 15 month look back period.,397.232142,73,,,,,0,percent of total billed charges,73 percent of billed charges; No services were performed during the 15 month look back period.,397.232142,73,,,,,0,percent of total billed charges,73 percent of billed charges; No services were performed during the 15 month look back period.,73.905,,,,,,,Fee Schedule,"100% ASP Fee Schedule. ",2119.328485,,,,,,,Case Rate,"100 Percent of Medicaid APG. ",244.869129,45,,,,,0,percent of total billed charges,45 percent of billed charges; No services were performed during the 15 month look back period.,2119.328485,,,,,,,Case Rate,"100 Percent of Medicaid APG. ",73.905,,,,,,,Fee Schedule,"100% ASP Fee Schedule. ",2119.328485,,,,,,,Case Rate,"100 Percent of Medicaid APG. ",73.905,,,,,,,Fee Schedule,"100% ASP Fee Schedule. ",73.905,,,,,,,Fee Schedule,"100% ASP Fee Schedule. ",2119.328485,,,,,,,Case Rate,"100 Percent of Medicaid APG. ",2119.328485,,,,,,,Case Rate,"100 Percent of Medicaid APG. ",397.232142,73,,,,,0,percent of total billed charges,73 percent of billed charges; No services were performed during the 15 month look back period.,163.246086,30,,,,,0,percent of total billed charges,30 percent of billed charges; No services were performed during the 15 month look back period.,424.439823,78,,,,,0,percent of total billed charges,78% of Billed Charges. Lesser of 100% of billed charges applies.; No services were performed during the 15 month look back period.,,,,,,,,Fee Schedule,"100 % Zero Pay Code. ",,,,,,,,Fee Schedule,"100 % Zero Pay Code. ",326.492172,60,,,,,0,percent of total billed charges,60 percent of billed charges; No services were performed during the 15 month look back period.,73.905,,,,,,,Fee Schedule,"100% of AWP Fee Schedule. ",435.322896,80,,,,,0,percent of total billed charges,80 percent of billed charges; No services were performed during the 15 month look back period.,435.322896,80,,,,,0,percent of total billed charges,80 percent of billed charges; No services were performed during the 15 month look back period.,195.895303,36,,,,,0,percent of total billed charges,36 percent of billed charges; No services were performed during the 15 month look back period.,195.895303,36,,,,,0,percent of total billed charges,36 percent of billed charges; No services were performed during the 15 month look back period.,73.905,,,,,,,Fee Schedule,"100% ASP Fee Schedule. ",73.905,,,,,,,Fee Schedule,"100% ASP Fee Schedule. ",73.905,,,,,,,Fee Schedule,"100% ASP Fee Schedule. ",73.905,,,,,,,Fee Schedule,"100% ASP Fee Schedule. ",,,,,,,,Fee Schedule,"100 % Zero Pay Code. ",244.869129,45,,,,,0,percent of total billed charges,45 percent of billed charges; No services were performed during the 15 month look back period.,244.869129,45,,,,,0,percent of total billed charges,45 percent of billed charges; No services were performed during the 15 month look back period.,73.905,,,,,,,Fee Schedule,"100% ASP Fee Schedule. ",195.895303,36,,,,,0,percent of total billed charges,36 percent of billed charges; No services were performed during the 15 month look back period.,397.232142,73,,,,,0,percent of total billed charges,73 percent of billed charges; No services were performed during the 15 month look back period.,2543.194182,,,,,,,Fee Schedule,"120 Percent of Medicaid APG. ",2119.328485,,,,,,,Case Rate,"100 Percent of Medicaid APG. ",397.232142,73,,,,,0,percent of total billed charges,73 percent of billed charges; No services were performed during the 15 month look back period.,220.382216,40.5,,,,,0,percent of total billed charges,40.5 percent of billed charges; No services were performed during the 15 month look back period.,220.382216,40.5,,,,,0,percent of total billed charges,40.5 percent of billed charges; No services were performed during the 15 month look back period.,244.869129,45,,,,,0,percent of total billed charges,45 percent of billed charges; No services were performed during the 15 month look back period.,272.07681,50,,,,,0,percent of total billed charges,50 percent of billed charges; No services were performed during the 15 month look back period.,73.905,,,,,,,Fee Schedule,"100% ASP Fee Schedule. ",2225.294909,,,,,,,Fee Schedule,105 percent of Medicaid APG. otherwise 105% of Ordered NYS MCD FS or 105% of ASP+6%,2225.294909,,,,,,,Fee Schedule,105 percent of Medicaid APG. otherwise 105% of Ordered NYS MCD FS or 105% of ASP+6%,2225.294909,,,,,,,Fee Schedule,105 percent of Medicaid APG. otherwise 105% of Ordered NYS MCD FS or 105% of ASP+6%,2861.093455,,,,,,,Fee Schedule,135 percent of Medicaid APG. otherwise 135% of Ordered NYS MCD FS or 135% of ASP+6%,,,,,,,,Fee Schedule,"100 % Zero Pay Code. ",2225.294909,,,,,,,Fee Schedule,105 percent of Medicaid APG. otherwise 105% of Ordered NYS MCD FS or 105% of ASP+6%,2225.294909,,,,,,,Fee Schedule,105 percent of Medicaid APG. otherwise 105% of Ordered NYS MCD FS or 105% of ASP+6%,2225.294909,,,,,,,Fee Schedule,105 percent of Medicaid APG. otherwise 105% of Ordered NYS MCD FS or 105% of ASP+6%,2225.294909,,,,,,,Fee Schedule,105 percent of Medicaid APG. otherwise 105% of Ordered NYS MCD FS or 105% of ASP+6%,2225.294909,,,,,,,Fee Schedule,105 percent of Medicaid APG. otherwise 105% of Ordered NYS MCD FS or 105% of ASP+6%,2861.093455,,,,,,,Fee Schedule,135 percent of Medicaid APG. otherwise 135% of Ordered NYS MCD FS or 135% of ASP+6%,2861.093455,,,,,,,Fee Schedule,135 percent of Medicaid APG. otherwise 135% of Ordered NYS MCD FS or 135% of ASP+6%,73.905,,,,,,,Fee Schedule,"100% ASP Fee Schedule. ",,,,,,,,Fee Schedule,"100 % Zero Pay Code. ",73.905,,,,,,,Fee Schedule,"100% ASP Fee Schedule. ",2225.294909,,,,,,,Fee Schedule,105 percent of Medicaid APG. otherwise 105% of Ordered NYS MCD FS or 105% of ASP+6%,244.869129,45,,,,,0,percent of total billed charges,45 percent of billed charges; No services were performed during the 15 month look back period.,73.905,,,,,,,Fee Schedule,"100% ASP Fee Schedule. ",244.869129,45,,,,,0,percent of total billed charges,45 percent of billed charges; No services were performed during the 15 month look back period.,244.869129,45,,,,,0,percent of total billed charges,45 percent of billed charges; No services were performed during the 15 month look back period.,244.869129,45,,,,,0,percent of total billed charges,45 percent of billed charges; No services were performed during the 15 month look back period.,2225.294909,,,,,,,Fee Schedule,105 percent of Medicaid APG. otherwise 105% of Ordered NYS MCD FS or 105% of ASP+6%,73.905,,,,,,,Fee Schedule,"100% ASP Fee Schedule. ",244.869129,45,,,,,0,percent of total billed charges,45 percent of billed charges; No services were performed during the 15 month look back period.,2861.093455,,,,,,,Fee Schedule,135 percent of Medicaid APG. otherwise 135% of Ordered NYS MCD FS or 135% of ASP+6%,244.869129,45,,,,,0,percent of total billed charges,45 percent of billed charges; No services were performed during the 15 month look back period.,110.8575,,,,,,,Fee Schedule,"150% of ASP Fee Schedule. ",73.905,,,,,,,Fee Schedule,"100% ASP Fee Schedule. ",397.232142,73,,,,,0,percent of total billed charges,73 percent of billed charges; No services were performed during the 15 month look back period.,397.232142,73,,,,,0,percent of total billed charges,73 percent of billed charges; No services were performed during the 15 month look back period.,397.232142,73,,,,,0,percent of total billed charges,73 percent of billed charges; No services were performed during the 15 month look back period.,397.232142,73,,,,,0,percent of total billed charges,73 percent of billed charges; No services were performed during the 15 month look back period.,397.232142,73,,,,,0,percent of total billed charges,73 percent of billed charges; No services were performed during the 15 month look back period.,397.232142,73,,,,,0,percent of total billed charges,73 percent of billed charges; No services were performed during the 15 month look back period.,397.232142,73,,,,,0,percent of total billed charges,73 percent of billed charges; No services were performed during the 15 month look back period.,397.232142,73,,,,,0,percent of total billed charges,73 percent of billed charges; No services were performed during the 15 month look back period.,397.232142,73,,,,,0,percent of total billed charges,73 percent of billed charges; No services were performed during the 15 month look back period.,397.232142,73,,,,,0,percent of total billed charges,73 percent of billed charges; No services were performed during the 15 month look back period.,397.232142,73,,,,,0,percent of total billed charges,73 percent of billed charges; No services were performed during the 15 month look back period.,397.232142,73,,,,,0,percent of total billed charges,73 percent of billed charges; No services were performed during the 15 month look back period.,73.905,,,,,,,Fee Schedule,"100% ASP Fee Schedule. ",397.232142,73,,,,,0,percent of total billed charges,73 percent of billed charges; No services were performed during the 15 month look back period.,73.905,,,,,,,Fee Schedule,"100% ASP Fee Schedule. ",4768.489091,,,,,,,Case Rate,"106 percent of Average Sales Price.. Drugs not priced under APG, billed with revenue code 636 and not priced by Medicare ASP FeeSched will be reimbursed at 20% of charges.",2119.328485,,,,,,,Case Rate,"106 percent of Average Sales Price.. Drugs not priced under APG, billed with revenue code 636 and not priced by Medicare ASP FeeSched will be reimbursed at 20% of charges.",,,,,,,,Fee Schedule,"100 % Zero Pay Code. ",,,,,,,,Fee Schedule,"100 % Zero Pay Code. ",73.905,,,,,,,Fee Schedule,"100% ASP Fee Schedule. ",435.322896,80,,,,,0,percent of total billed charges,80 percent of billed charges; No services were performed during the 15 month look back period.,73.905,,,,,,,Fee Schedule,"100% ASP Fee Schedule. ",73.905,,,,,,,Fee Schedule,"100% ASP Fee Schedule. ",326.492172,60,,,,,0,percent of total billed charges,60 percent of billed charges; No services were performed during the 15 month look back period.,73.905,,,,,,,Fee Schedule,"100% ASP Fee Schedule. ",163.246086,30,,,,,0,percent of total billed charges,30 percent of billed charges; No services were performed during the 15 month look back period.,73.905,,,,,,,Fee Schedule,"100% ASP Fee Schedule. ",163.246086,30,,,,,0,percent of total billed charges,30 percent of billed charges; No services were performed during the 15 month look back period.,326.492172,60,,,,,0,percent of total billed charges,60 percent of billed charges; No services were performed during the 15 month look back period.,163.246086,30,,,,,0,percent of total billed charges,30 percent of billed charges; No services were performed during the 15 month look back period.,73.905,,,,,,,Fee Schedule,"100% ASP Fee Schedule. ",2119.328485,,,,,,,Case Rate,"100 Percent of Medicaid APG. ",73.905,,,,,,,Fee Schedule,"100% ASP Fee Schedule. ",163.246086,30,,,,,0,percent of total billed charges,30 percent of billed charges; No services were performed during the 15 month look back period.,,,,,,,,Fee Schedule,"100 % Zero Pay Code. ",2119.328485,,,,,,,Case Rate,"100 Percent of Medicaid APG. ",244.869129,45,,,,,0,percent of total billed charges,45 percent of billed charges; No services were performed during the 15 month look back period.,2543.194182,,,,,,,Fee Schedule,"120 Percent of Medicaid APG. ",2543.194182,,,,,,,Fee Schedule,"120 Percent of Medicaid APG. ",244.869129,45,,,,,0,percent of total billed charges,45 percent of billed charges; No services were performed during the 15 month look back period.,244.869129,45,,,,,0,percent of total billed charges,45 percent of billed charges; No services were performed during the 15 month look back period.,244.869129,45,,,,,0,percent of total billed charges,45 percent of billed charges; No services were performed during the 15 month look back period.,,,,,,,,Fee Schedule,"100 % Zero Pay Code. ",244.869129,45,,,,,0,percent of total billed charges,45 percent of billed charges; No services were performed during the 15 month look back period.,244.869129,45,,,,,0,percent of total billed charges,45 percent of billed charges; No services were performed during the 15 month look back period.,244.869129,45,,,,,0,percent of total billed charges,45 percent of billed charges; No services were performed during the 15 month look back period.,397.232142,73,,,,,0,percent of total billed charges,73 percent of billed charges; No services were performed during the 15 month look back period.,397.232142,73,,,,,0,percent of total billed charges,73 percent of billed charges; No services were performed during the 15 month look back period.,104.20605,,,,,,,Fee Schedule,141 Percent of of ASP. Drugs billed with revenue code 636 and not priced by Medicare ASP fee schedule will be reimburse at 20 percent of charges,2119.328485,,,,,,,Case Rate,"100 Percent of Medicaid APG. ",,,,,,,,Fee Schedule,"100 % Zero Pay Code. ",163.246086,30,,,,,0,percent of total billed charges,30 percent of billed charges; No services were performed during the 15 month look back period.,326.492172,60,,,,,0,percent of total billed charges,60 percent of billed charges; No services were performed during the 15 month look back period.,,,,,,,,Fee Schedule,"100 % Zero Pay Code. ",326.492172,60,,,,,0,percent of total billed charges,60 percent of billed charges; No services were performed during the 15 month look back period.,,,,,,,,Fee Schedule,"100 % Zero Pay Code. ",244.869129,45,,,,,0,percent of total billed charges,45 percent of billed charges; No services were performed during the 15 month look back period.,244.869129,45,,,,,0,percent of total billed charges,45 percent of billed charges; No services were performed during the 15 month look back period.,244.869129,45,,,,,0,percent of total billed charges,45 percent of billed charges; No services were performed during the 15 month look back period.,244.869129,45,,,,,0,percent of total billed charges,45 percent of billed charges; No services were performed during the 15 month look back period.,73.905,,,,,,,Fee Schedule,"100% ASP Fee Schedule. ",5.441536,4768.489091,
Q5130,HCPCS,5010003,LOCAL,636,RC,"INJ, FYLNETRA, 0.5 MG",2774.77704,527.207638,Inpatient,ME,0.5,,,,,,,,,,,,,,,,,,,,832.433112,30,,,,,0,percent of total billed charges,30 Percent of charges; No services were performed during the 15 month look back period.,2774.77704,100,,,,,0,percent of total billed charges,100 percent of charges; No services were performed during the 15 month look back period.,,,,,,,,,,832.433112,30,,,,,0,percent of total billed charges,30 Percent of charges; No services were performed during the 15 month look back period.,832.433112,30,,,,,0,percent of total billed charges,30 Percent of charges; No services were performed during the 15 month look back period.,832.433112,30,,,,,0,percent of total billed charges,30 Percent of charges; No services were performed during the 15 month look back period.,277.477704,10,,,,,0,percent of total billed charges,10 percent of charges; No services were performed during the 15 month look back period.,,,,,,,,,,2025.587239,73,,,,,0,percent of total billed charges,73 percent of charges; No services were performed during the 15 month look back period.,277.477704,10,,,,,0,percent of total billed charges,10 percent of charges; No services were performed during the 15 month look back period.,,,,,,,,,,,,,,,,,,,887.928653,32,,,,,0,percent of total billed charges,32 pecent of charges; No services were performed during the 15 month look back period.,887.928653,32,,,,,0,percent of total billed charges,32 pecent of charges; No services were performed during the 15 month look back period.,887.928653,32,,,,,0,percent of total billed charges,32 pecent of charges; No services were performed during the 15 month look back period.,887.928653,32,,,,,0,percent of total billed charges,32 pecent of charges; No services were performed during the 15 month look back period.,,,,,,,,,,,,,,,,,,,,,,,,,,,,2025.587239,73,,,,,0,percent of total billed charges,73 percent of charges; No services were performed during the 15 month look back period.,832.433112,30,,,,,0,percent of total billed charges,30 Percent of charges; No services were performed during the 15 month look back period.,1109.910816,40,,,,,0,percent of total billed charges,40 percent of charges; No services were performed during the 15 month look back period.,804.685342,29,,,,,0,percent of total billed charges,29 percent of charges; No services were performed during the 15 month look back period.,1109.910816,40,,,,,0,percent of total billed charges,40 percent of charges; No services were performed during the 15 month look back period.,1109.910816,40,,,,,0,percent of total billed charges,40 percent of charges; No services were performed during the 15 month look back period.,2025.587239,73,,,,,0,percent of total billed charges,73 percent of charges; No services were performed during the 15 month look back period.,,,,,,,,,,,,,,,,,,,,,,,,,,,,,,,,,,,,,804.685342,29,,,,,0,percent of total billed charges,29 percent of charges; No services were performed during the 15 month look back period.,804.685342,29,,,,,0,percent of total billed charges,29 percent of charges; No services were performed during the 15 month look back period.,804.685342,29,,,,,0,percent of total billed charges,29 percent of charges; No services were performed during the 15 month look back period.,804.685342,29,,,,,0,percent of total billed charges,29 percent of charges; No services were performed during the 15 month look back period.,804.685342,29,,,,,0,percent of total billed charges,29 percent of charges; No services were performed during the 15 month look back period.,804.685342,29,,,,,0,percent of total billed charges,29 percent of charges; No services were performed during the 15 month look back period.,804.685342,29,,,,,0,percent of total billed charges,29 percent of charges; No services were performed during the 15 month look back period.,2025.587239,73,,,,,0,percent of total billed charges,73 percent of charges; No services were performed during the 15 month look back period.,360.721015,13,,,,,0,percent of total billed charges,13 percent of charges; No services were performed during the 15 month look back period.,360.721015,13,,,,,0,percent of total billed charges,13 percent of charges; No services were performed during the 15 month look back period.,2025.587239,73,,,,,0,percent of total billed charges,73 percent of charges; No services were performed during the 15 month look back period.,887.928653,32,,,,,0,percent of total billed charges,32 pecent of charges; No services were performed during the 15 month look back period.,277.477704,10,,,,,0,percent of total billed charges,10 percent of charges; No services were performed during the 15 month look back period.,277.477704,10,,,,,0,percent of total billed charges,10 percent of charges; No services were performed during the 15 month look back period.,2025.587239,73,,,,,0,percent of total billed charges,73 percent of charges; No services were performed during the 15 month look back period.,,,,,,,,,,277.477704,10,,,,,0,percent of total billed charges,10 percent of charges; No services were performed during the 15 month look back period.,277.477704,10,,,,,0,percent of total billed charges,10 percent of charges; No services were performed during the 15 month look back period.,277.477704,10,,,,,0,percent of total billed charges,10 percent of charges; No services were performed during the 15 month look back period.,,,,,,,,,,277.477704,10,,,,,0,percent of total billed charges,10 percent of charges; No services were performed during the 15 month look back period.,277.477704,10,,,,,0,percent of total billed charges,10 percent of charges; No services were performed during the 15 month look back period.,,,,,,,,,,665.94649,24,,,,,0,percent of total billed charges,24 percent of charges; No services were performed during the 15 month look back period.,,,,,,,,,,,,,,,,,,,,,,,,,,,,,,,,,,,,,,,,,,,,,,,,,,,,,,,,,,,,,,,,,,,,,,,,,,,,,,,,,,2025.587239,73,,,,,0,percent of total billed charges,73 percent of charges; No services were performed during the 15 month look back period.,2025.587239,73,,,,,0,percent of total billed charges,73 percent of charges; No services were performed during the 15 month look back period.,2025.587239,73,,,,,0,percent of total billed charges,73 percent of charges; No services were performed during the 15 month look back period.,2025.587239,73,,,,,0,percent of total billed charges,73 percent of charges; No services were performed during the 15 month look back period.,2025.587239,73,,,,,0,percent of total billed charges,73 percent of charges; No services were performed during the 15 month look back period.,2025.587239,73,,,,,0,percent of total billed charges,73 percent of charges; No services were performed during the 15 month look back period.,2025.587239,73,,,,,0,percent of total billed charges,73 percent of charges; No services were performed during the 15 month look back period.,2025.587239,73,,,,,0,percent of total billed charges,73 percent of charges; No services were performed during the 15 month look back period.,2025.587239,73,,,,,0,percent of total billed charges,73 percent of charges; No services were performed during the 15 month look back period.,2025.587239,73,,,,,0,percent of total billed charges,73 percent of charges; No services were performed during the 15 month look back period.,2025.587239,73,,,,,0,percent of total billed charges,73 percent of charges; No services were performed during the 15 month look back period.,2025.587239,73,,,,,0,percent of total billed charges,73 percent of charges; No services were performed during the 15 month look back period.,2025.587239,73,,,,,0,percent of total billed charges,73 percent of charges; No services were performed during the 15 month look back period.,2025.587239,73,,,,,0,percent of total billed charges,73 percent of charges; No services were performed during the 15 month look back period.,2025.587239,73,,,,,0,percent of total billed charges,73 percent of charges; No services were performed during the 15 month look back period.,2025.587239,73,,,,,0,percent of total billed charges,73 percent of charges; No services were performed during the 15 month look back period.,2025.587239,73,,,,,0,percent of total billed charges,73 percent of charges; No services were performed during the 15 month look back period.,2025.587239,73,,,,,0,percent of total billed charges,73 percent of charges; No services were performed during the 15 month look back period.,2025.587239,73,,,,,0,percent of total billed charges,73 percent of charges; No services were performed during the 15 month look back period.,2025.587239,73,,,,,0,percent of total billed charges,73 percent of charges; No services were performed during the 15 month look back period.,2025.587239,73,,,,,0,percent of total billed charges,73 percent of charges; No services were performed during the 15 month look back period.,2025.587239,73,,,,,0,percent of total billed charges,73 percent of charges; No services were performed during the 15 month look back period.,2025.587239,73,,,,,0,percent of total billed charges,73 percent of charges; No services were performed during the 15 month look back period.,2025.587239,73,,,,,0,percent of total billed charges,73 percent of charges; No services were performed during the 15 month look back period.,2025.587239,73,,,,,0,percent of total billed charges,73 percent of charges; No services were performed during the 15 month look back period.,2025.587239,73,,,,,0,percent of total billed charges,73 percent of charges; No services were performed during the 15 month look back period.,804.685342,29,,,,,0,percent of total billed charges,29 percent of charges; No services were performed during the 15 month look back period.,804.685342,29,,,,,0,percent of total billed charges,29 percent of charges; No services were performed during the 15 month look back period.,804.685342,29,,,,,0,percent of total billed charges,29 percent of charges; No services were performed during the 15 month look back period.,804.685342,29,,,,,0,percent of total billed charges,29 percent of charges; No services were performed during the 15 month look back period.,1109.910816,40,,,,,0,percent of total billed charges,40 percent of charges; No services were performed during the 15 month look back period.,1109.910816,40,,,,,0,percent of total billed charges,40 percent of charges; No services were performed during the 15 month look back period.,887.928653,32,,,,,0,percent of total billed charges,32 pecent of charges; No services were performed during the 15 month look back period.,,,,,,,,,,277.477704,10,,,,,0,percent of total billed charges,10 percent of charges; No services were performed during the 15 month look back period.,,,,,,,,,,2025.587239,73,,,,,0,percent of total billed charges,73 percent of charges; No services were performed during the 15 month look back period.,1109.910816,40,,,,,0,percent of total billed charges,40 percent of charges; No services were performed during the 15 month look back period.,,,,,,,,,,277.477704,10,,,,,0,percent of total billed charges,10 percent of charges; No services were performed during the 15 month look back period.,887.928653,32,,,,,0,percent of total billed charges,32 pecent of charges; No services were performed during the 15 month look back period.,,,,,,,,,,2025.587239,73,,,,,0,percent of total billed charges,73 percent of charges; No services were performed during the 15 month look back period.,,,,,,,,,,804.685342,29,,,,,0,percent of total billed charges,29 percent of charges; No services were performed during the 15 month look back period.,804.685342,29,,,,,0,percent of total billed charges,29 percent of charges; No services were performed during the 15 month look back period.,804.685342,29,,,,,0,percent of total billed charges,29 percent of charges; No services were performed during the 15 month look back period.,,,,,,,,,,665.94649,24,,,,,0,percent of total billed charges,24 percent of charges; No services were performed during the 15 month look back period.,,,,,,,,,,,,,,,,,,,,,,,,,,,,,,,,,,,,,,,,,,,,,,832.433112,30,,,,,0,percent of total billed charges,30 Percent of charges; No services were performed during the 15 month look back period.,832.433112,30,,,,,0,percent of total billed charges,30 Percent of charges; No services were performed during the 15 month look back period.,,,,,,,,,,887.928653,32,,,,,0,percent of total billed charges,32 pecent of charges; No services were performed during the 15 month look back period.,277.477704,10,,,,,0,percent of total billed charges,10 percent of charges; No services were performed during the 15 month look back period.,277.477704,10,,,,,0,percent of total billed charges,10 percent of charges; No services were performed during the 15 month look back period.,,,,,,,,,,887.928653,32,,,,,0,percent of total billed charges,32 pecent of charges; No services were performed during the 15 month look back period.,832.433112,30,,,,,0,percent of total billed charges,30 Percent of charges; No services were performed during the 15 month look back period.,832.433112,30,,,,,0,percent of total billed charges,30 Percent of charges; No services were performed during the 15 month look back period.,832.433112,30,,,,,0,percent of total billed charges,30 Percent of charges; No services were performed during the 15 month look back period.,2025.587239,73,,,,,0,percent of total billed charges,73 percent of charges; No services were performed during the 15 month look back period.,2025.587239,73,,,,,0,percent of total billed charges,73 percent of charges; No services were performed during the 15 month look back period.,2025.587239,73,,,,,0,percent of total billed charges,73 percent of charges; No services were performed during the 15 month look back period.,2025.587239,73,,,,,0,percent of total billed charges,73 percent of charges; No services were performed during the 15 month look back period.,2025.587239,73,,,,,0,percent of total billed charges,73 percent of charges; No services were performed during the 15 month look back period.,2025.587239,73,,,,,0,percent of total billed charges,73 percent of charges; No services were performed during the 15 month look back period.,2025.587239,73,,,,,0,percent of total billed charges,73 percent of charges; No services were performed during the 15 month look back period.,2025.587239,73,,,,,0,percent of total billed charges,73 percent of charges; No services were performed during the 15 month look back period.,2025.587239,73,,,,,0,percent of total billed charges,73 percent of charges; No services were performed during the 15 month look back period.,2025.587239,73,,,,,0,percent of total billed charges,73 percent of charges; No services were performed during the 15 month look back period.,2025.587239,73,,,,,0,percent of total billed charges,73 percent of charges; No services were performed during the 15 month look back period.,1109.910816,40,,,,,0,percent of total billed charges,40 percent of charges; No services were performed during the 15 month look back period.,,,,,,,,,,887.928653,32,,,,,0,percent of total billed charges,32 pecent of charges; No services were performed during the 15 month look back period.,,,,,,,,,,832.433112,30,,,,,0,percent of total billed charges,30 Percent of charges; No services were performed during the 15 month look back period.,887.928653,32,,,,,0,percent of total billed charges,32 pecent of charges; No services were performed during the 15 month look back period.,887.928653,32,,,,,0,percent of total billed charges,32 pecent of charges; No services were performed during the 15 month look back period.,2025.587239,73,,,,,0,percent of total billed charges,73 percent of charges; No services were performed during the 15 month look back period.,554.955408,20,,,,,0,percent of total billed charges,20 percent of charges; No services were performed during the 15 month look back period.,887.928653,32,,,,,0,percent of total billed charges,32 pecent of charges; No services were performed during the 15 month look back period.,,,,,,,,,,,,,,,,,,,,,,,,,,,,,,,,,,,,,,,,,,,,,,,,,,,,,,,,,,,,,,,,887.928653,32,,,,,0,percent of total billed charges,32 pecent of charges; No services were performed during the 15 month look back period.,665.94649,24,,,,,0,percent of total billed charges,24 percent of charges; No services were performed during the 15 month look back period.,,,,,,,,,,,,,,,,,,,,,,,,,,,,,,,,,,,,,,,,,,,,,,,,,,,,,,,665.94649,24,,,,,0,percent of total billed charges,24 percent of charges; No services were performed during the 15 month look back period.,860.180882,31,,,,,0,percent of total billed charges,31 percent of charges; No services were performed during the 15 month look back period.,860.180882,31,,,,,0,percent of total billed charges,31 percent of charges; No services were performed during the 15 month look back period.,860.180882,31,,,,,0,percent of total billed charges,31 percent of charges; No services were performed during the 15 month look back period.,860.180882,31,,,,,0,percent of total billed charges,31 percent of charges; No services were performed during the 15 month look back period.,860.180882,31,,,,,0,percent of total billed charges,31 percent of charges; No services were performed during the 15 month look back period.,,,,,,,,,,1109.910816,40,,,,,0,percent of total billed charges,40 percent of charges; No services were performed during the 15 month look back period.,1109.910816,40,,,,,0,percent of total billed charges,40 percent of charges; No services were performed during the 15 month look back period.,1109.910816,40,,,,,0,percent of total billed charges,40 percent of charges; No services were performed during the 15 month look back period.,1109.910816,40,,,,,0,percent of total billed charges,40 percent of charges; No services were performed during the 15 month look back period.,832.433112,30,,,,,0,percent of total billed charges,30 Percent of charges; No services were performed during the 15 month look back period.,832.433112,30,,,,,0,percent of total billed charges,30 Percent of charges; No services were performed during the 15 month look back period.,832.433112,30,,,,,0,percent of total billed charges,30 Percent of charges; No services were performed during the 15 month look back period.,832.433112,30,,,,,0,percent of total billed charges,30 Percent of charges; No services were performed during the 15 month look back period.,665.94649,24,,,,,0,percent of total billed charges,24 percent of charges; No services were performed during the 15 month look back period.,665.94649,24,,,,,0,percent of total billed charges,24 percent of charges; No services were performed during the 15 month look back period.,,,,,,,,,,,,,,,,,,,,,,,,,,,,,,,,,,,,,,,,,,,,,,,,,,,,,,,665.94649,24,,,,,0,percent of total billed charges,24 percent of charges; No services were performed during the 15 month look back period.,832.433112,30,,,,,0,percent of total billed charges,30 Percent of charges; No services were performed during the 15 month look back period.,,,,,,,,,,,,,,,,,,,,,,,,,,,,,,,,,,,,,,,,,,,,,,,,,,,,,,,,,,,,,,,,,,,,,,,,,,,,,,,,,,,,,,,,,,,,,,,,,,,,,,,,,,,,,,,,,,,,,,,,,,,,,,,,,,,,,,,,,,,,,,,,,,,,,,,,,,,,,,,,,,,,,,,,,,,,,,,,,,,,,,,,,,,,,,,,,,,,,,,832.433112,30,,,,,0,percent of total billed charges,30 Percent of charges; No services were performed during the 15 month look back period.,,,,,,,,,,,,,,,,,,,,,,,,,,,,,,,,,,,,,,,,,,,,,,,,,,,,,,,,,,,,,,,,277.477704,10,,,,,0,percent of total billed charges,10 percent of charges; No services were performed during the 15 month look back period.,277.477704,10,,,,,0,percent of total billed charges,10 percent of charges; No services were performed during the 15 month look back period.,277.477704,10,,,,,0,percent of total billed charges,10 percent of charges; No services were performed during the 15 month look back period.,277.477704,10,,,,,0,percent of total billed charges,10 percent of charges; No services were performed during the 15 month look back period.,,,,,,,,,,665.94649,24,,,,,0,percent of total billed charges,24 percent of charges; No services were performed during the 15 month look back period.,804.685342,29,,,,,0,percent of total billed charges,29 percent of charges; No services were performed during the 15 month look back period.,804.685342,29,,,,,0,percent of total billed charges,29 percent of charges; No services were performed during the 15 month look back period.,804.685342,29,,,,,0,percent of total billed charges,29 percent of charges; No services were performed during the 15 month look back period.,804.685342,29,,,,,0,percent of total billed charges,29 percent of charges; No services were performed during the 15 month look back period.,,,,,,,,,,,,,,,,,,,,,,,,,,,,,,,,,,,,,,,,,,,,,,,,,,,,,,,,,,,,,,,,,,,,,,,,,,,,,,,,,,,,,,,,,,,832.433112,30,,,,,0,percent of total billed charges,30 Percent of charges; No services were performed during the 15 month look back period.,,,,,,,,,,,,,,,,,,,,,,,,,,,,,,,,,,,,,,,,,,,,,,,,,,,,,,,,,,,,,,,,,,,,,,,,,,,,,,,,,,,,,,,,,,,,,,,,,,,,,,,,,,,,,,,,,,,,,,,,,,,,,,,887.928653,32,,,,,0,percent of total billed charges,32 pecent of charges; No services were performed during the 15 month look back period.,,,,,,,,,,,,,,,,,,,,,,,,,,,,,,,,,,,,,,,,,,,,,,804.685342,29,,,,,0,percent of total billed charges,29 percent of charges; No services were performed during the 15 month look back period.,804.685342,29,,,,,0,percent of total billed charges,29 percent of charges; No services were performed during the 15 month look back period.,804.685342,29,,,,,0,percent of total billed charges,29 percent of charges; No services were performed during the 15 month look back period.,804.685342,29,,,,,0,percent of total billed charges,29 percent of charges; No services were performed during the 15 month look back period.,,,,,,,,,,804.685342,29,,,,,0,percent of total billed charges,29 percent of charges; No services were performed during the 15 month look back period.,832.433112,30,,,,,0,percent of total billed charges,30 Percent of charges; No services were performed during the 15 month look back period.,804.685342,29,,,,,0,percent of total billed charges,29 percent of charges; No services were performed during the 15 month look back period.,887.928653,32,,,,,0,percent of total billed charges,32 pecent of charges; No services were performed during the 15 month look back period.,804.685342,29,,,,,0,percent of total billed charges,29 percent of charges; No services were performed during the 15 month look back period.,,,,,,,,,,,,,,,,,,,,,,,,,,,,804.685342,29,,,,,0,percent of total billed charges,29 percent of charges; No services were performed during the 15 month look back period.,,,,,,,,,,,,,,,,,,,,,,,,,,,,,,,,,,,,,,,,,,,,,,804.685342,29,,,,,0,percent of total billed charges,29 percent of charges; No services were performed during the 15 month look back period.,804.685342,29,,,,,0,percent of total billed charges,29 percent of charges; No services were performed during the 15 month look back period.,804.685342,29,,,,,0,percent of total billed charges,29 percent of charges; No services were performed during the 15 month look back period.,804.685342,29,,,,,0,percent of total billed charges,29 percent of charges; No services were performed during the 15 month look back period.,,,,,,,,,,,,,,,,,,,,,,,,,,,,,,,,,,,,,,,,,,,,,,,,,,,,,,,,,,,,,,,,,,,,,,,,,,,,,,,,,,,,,,,,,,,804.685342,29,,,,,0,percent of total billed charges,29 percent of charges; No services were performed during the 15 month look back period.,887.928653,32,,,,,0,percent of total billed charges,32 pecent of charges; No services were performed during the 15 month look back period.,2025.587239,73,,,,,0,percent of total billed charges,73 percent of charges; No services were performed during the 15 month look back period.,277.477704,10,,,,,0,percent of total billed charges,10 percent of charges; No services were performed during the 15 month look back period.,277.477704,10,,,,,0,percent of total billed charges,10 percent of charges; No services were performed during the 15 month look back period.,832.433112,30,,,,,0,percent of total billed charges,30 Percent of charges; No services were performed during the 15 month look back period.,,,,,,,,,,1109.910816,40,,,,,0,percent of total billed charges,40 percent of charges; No services were performed during the 15 month look back period.,1109.910816,40,,,,,0,percent of total billed charges,40 percent of charges; No services were performed during the 15 month look back period.,,,,,,,,,,,,,,,,,,,,,,,,,,,,,,,,,,,,,,,,,,,,,,,,,,,,,,,277.477704,10,,,,,0,percent of total billed charges,10 percent of charges; No services were performed during the 15 month look back period.,,,,,,,,,,,,,,,,,,,,,,,,,,,,,,,,,,,,,804.685342,29,,,,,0,percent of total billed charges,29 percent of charges; No services were performed during the 15 month look back period.,,,,,,,,,,,,,,,,,,,804.685342,29,,,,,0,percent of total billed charges,29 percent of charges; No services were performed during the 15 month look back period.,,,,,,,,,,,,,,,,,,,,,,,,,,,,665.94649,24,,,,,0,percent of total billed charges,24 percent of charges; No services were performed during the 15 month look back period.,804.685342,29,,,,,0,percent of total billed charges,29 percent of charges; No services were performed during the 15 month look back period.,,,,,,,,,,,,,,,,,,,,,,,,,,,,,,,,,,,,,277.477704,10,,,,,0,percent of total billed charges,10 percent of charges; No services were performed during the 15 month look back period.,,,,,,,,,,,,,,,,,,,,,,,,,,,,,,,,,,,,,,,,,,,,,,,,,,,,,,,,,,,,,,,,,,,,,,,,,277.477704,10,,,,,0,percent of total billed charges,10 percent of charges; No services were performed during the 15 month look back period.,,,,,,,,,,,,,,,,,,,,,,,,,,,,,,,,,,,,,,,,,,,,,,,,,,,,,,,,,,,,,,,,,,,,,,,,,,,,,,,,,,,,,,,,,,,,,,,,,,,,,,,,,,,,,,,,,,,,,,804.685342,29,,,,,0,percent of total billed charges,29 percent of charges; No services were performed during the 15 month look back period.,804.685342,29,,,,,0,percent of total billed charges,29 percent of charges; No services were performed during the 15 month look back period.,804.685342,29,,,,,0,percent of total billed charges,29 percent of charges; No services were performed during the 15 month look back period.,804.685342,29,,,,,0,percent of total billed charges,29 percent of charges; No services were performed during the 15 month look back period.,804.685342,29,,,,,0,percent of total billed charges,29 percent of charges; No services were performed during the 15 month look back period.,804.685342,29,,,,,0,percent of total billed charges,29 percent of charges; No services were performed during the 15 month look back period.,804.685342,29,,,,,0,percent of total billed charges,29 percent of charges; No services were performed during the 15 month look back period.,804.685342,29,,,,,0,percent of total billed charges,29 percent of charges; No services were performed during the 15 month look back period.,804.685342,29,,,,,0,percent of total billed charges,29 percent of charges; No services were performed during the 15 month look back period.,804.685342,29,,,,,0,percent of total billed charges,29 percent of charges; No services were performed during the 15 month look back period.,804.685342,29,,,,,0,percent of total billed charges,29 percent of charges; No services were performed during the 15 month look back period.,804.685342,29,,,,,0,percent of total billed charges,29 percent of charges; No services were performed during the 15 month look back period.,804.685342,29,,,,,0,percent of total billed charges,29 percent of charges; No services were performed during the 15 month look back period.,,,,,,,,,,804.685342,29,,,,,0,percent of total billed charges,29 percent of charges; No services were performed during the 15 month look back period.,,,,,,,,,,527.207638,19,,,,,0,percent of total billed charges,19 percent of charges; No services were performed during the 15 month look back period.,360.721015,13,,,,,0,percent of total billed charges,13 percent of charges; No services were performed during the 15 month look back period.,277.477704,10,,,,,0,percent of total billed charges,10 percent of charges; No services were performed during the 15 month look back period.,277.477704,10,,,,,0,percent of total billed charges,10 percent of charges; No services were performed during the 15 month look back period.,,,,,,,,,,1109.910816,40,,,,,0,percent of total billed charges,40 percent of charges; No services were performed during the 15 month look back period.,,,,,,,,,,,,,,,,,,,832.433112,30,,,,,0,percent of total billed charges,30 Percent of charges; No services were performed during the 15 month look back period.,,,,,,,,,,887.928653,32,,,,,0,percent of total billed charges,32 pecent of charges; No services were performed during the 15 month look back period.,,,,,,,,,,887.928653,32,,,,,0,percent of total billed charges,32 pecent of charges; No services were performed during the 15 month look back period.,832.433112,30,,,,,0,percent of total billed charges,30 Percent of charges; No services were performed during the 15 month look back period.,887.928653,32,,,,,0,percent of total billed charges,32 pecent of charges; No services were performed during the 15 month look back period.,,,,,,,,,,,,,,,,,,,,,,,,,,,,887.928653,32,,,,,0,percent of total billed charges,32 pecent of charges; No services were performed during the 15 month look back period.,277.477704,10,,,,,0,percent of total billed charges,10 percent of charges; No services were performed during the 15 month look back period.,,,,,,,,,,,,,,,,,,,,,,,,,,,,,,,,,,,,,,,,,,,,,,,,,,,,,,,,,,,,,,,,277.477704,10,,,,,0,percent of total billed charges,10 percent of charges; No services were performed during the 15 month look back period.,,,,,,,,,,,,,,,,,,,,,,,,,,,,804.685342,29,,,,,0,percent of total billed charges,29 percent of charges; No services were performed during the 15 month look back period.,804.685342,29,,,,,0,percent of total billed charges,29 percent of charges; No services were performed during the 15 month look back period.,860.180882,31,,,,,0,percent of total billed charges,31 percent of charges; No services were performed during the 15 month look back period.,,,,,,,,,,277.477704,10,,,,,0,percent of total billed charges,10 percent of charges; No services were performed during the 15 month look back period.,887.928653,32,,,,,0,percent of total billed charges,32 pecent of charges; No services were performed during the 15 month look back period.,832.433112,30,,,,,0,percent of total billed charges,30 Percent of charges; No services were performed during the 15 month look back period.,277.477704,10,,,,,0,percent of total billed charges,10 percent of charges; No services were performed during the 15 month look back period.,832.433112,30,,,,,0,percent of total billed charges,30 Percent of charges; No services were performed during the 15 month look back period.,277.477704,10,,,,,0,percent of total billed charges,10 percent of charges; No services were performed during the 15 month look back period.,,,,,,,,,,,,,,,,,,,,,,,,,,,,,,,,,,,,,,,,,,,,,,27.74777,3496.990909,
Q9965,HCPCS,5010003,LOCAL,636,RC,"LOCM 100-199MG/ML IODINE,1ML",18.20448,3.458851,Inpatient,ML,1,,,,,,,,,,,,,,,,,,,,5.461344,30,,,,,0,percent of total billed charges,30 Percent of charges; No services were performed during the 15 month look back period.,18.20448,100,,,,,0,percent of total billed charges,100 percent of charges; No services were performed during the 15 month look back period.,,,,,,,,,,5.461344,30,,,,,0,percent of total billed charges,30 Percent of charges; No services were performed during the 15 month look back period.,5.461344,30,,,,,0,percent of total billed charges,30 Percent of charges; No services were performed during the 15 month look back period.,5.461344,30,,,,,0,percent of total billed charges,30 Percent of charges; No services were performed during the 15 month look back period.,1.820448,10,,,,,0,percent of total billed charges,10 percent of charges; No services were performed during the 15 month look back period.,,,,,,,,,,13.28927,73,,,,,0,percent of total billed charges,73 percent of charges; No services were performed during the 15 month look back period.,1.820448,10,,,,,0,percent of total billed charges,10 percent of charges; No services were performed during the 15 month look back period.,,,,,,,,,,,,,,,,,,,5.825434,32,,,,,0,percent of total billed charges,32 pecent of charges; No services were performed during the 15 month look back period.,5.825434,32,,,,,0,percent of total billed charges,32 pecent of charges; No services were performed during the 15 month look back period.,5.825434,32,,,,,0,percent of total billed charges,32 pecent of charges; No services were performed during the 15 month look back period.,5.825434,32,,,,,0,percent of total billed charges,32 pecent of charges; No services were performed during the 15 month look back period.,,,,,,,,,,,,,,,,,,,,,,,,,,,,13.28927,73,,,,,0,percent of total billed charges,73 percent of charges; No services were performed during the 15 month look back period.,5.461344,30,,,,,0,percent of total billed charges,30 Percent of charges; No services were performed during the 15 month look back period.,7.281792,40,,,,,0,percent of total billed charges,40 percent of charges; No services were performed during the 15 month look back period.,5.279299,29,,,,,0,percent of total billed charges,29 percent of charges; No services were performed during the 15 month look back period.,7.281792,40,,,,,0,percent of total billed charges,40 percent of charges; No services were performed during the 15 month look back period.,7.281792,40,,,,,0,percent of total billed charges,40 percent of charges; No services were performed during the 15 month look back period.,13.28927,73,,,,,0,percent of total billed charges,73 percent of charges; No services were performed during the 15 month look back period.,,,,,,,,,,,,,,,,,,,,,,,,,,,,,,,,,,,,,5.279299,29,,,,,0,percent of total billed charges,29 percent of charges; No services were performed during the 15 month look back period.,5.279299,29,,,,,0,percent of total billed charges,29 percent of charges; No services were performed during the 15 month look back period.,5.279299,29,,,,,0,percent of total billed charges,29 percent of charges; No services were performed during the 15 month look back period.,5.279299,29,,,,,0,percent of total billed charges,29 percent of charges; No services were performed during the 15 month look back period.,5.279299,29,,,,,0,percent of total billed charges,29 percent of charges; No services were performed during the 15 month look back period.,5.279299,29,,,,,0,percent of total billed charges,29 percent of charges; No services were performed during the 15 month look back period.,5.279299,29,,,,,0,percent of total billed charges,29 percent of charges; No services were performed during the 15 month look back period.,13.28927,73,,,,,0,percent of total billed charges,73 percent of charges; No services were performed during the 15 month look back period.,2.366582,13,,,,,0,percent of total billed charges,13 percent of charges; No services were performed during the 15 month look back period.,2.366582,13,,,,,0,percent of total billed charges,13 percent of charges; No services were performed during the 15 month look back period.,13.28927,73,,,,,0,percent of total billed charges,73 percent of charges; No services were performed during the 15 month look back period.,5.825434,32,,,,,0,percent of total billed charges,32 pecent of charges; No services were performed during the 15 month look back period.,1.820448,10,,,,,0,percent of total billed charges,10 percent of charges; No services were performed during the 15 month look back period.,1.820448,10,,,,,0,percent of total billed charges,10 percent of charges; No services were performed during the 15 month look back period.,13.28927,73,,,,,0,percent of total billed charges,73 percent of charges; No services were performed during the 15 month look back period.,,,,,,,,,,1.820448,10,,,,,0,percent of total billed charges,10 percent of charges; No services were performed during the 15 month look back period.,1.820448,10,,,,,0,percent of total billed charges,10 percent of charges; No services were performed during the 15 month look back period.,1.820448,10,,,,,0,percent of total billed charges,10 percent of charges; No services were performed during the 15 month look back period.,,,,,,,,,,1.820448,10,,,,,0,percent of total billed charges,10 percent of charges; No services were performed during the 15 month look back period.,1.820448,10,,,,,0,percent of total billed charges,10 percent of charges; No services were performed during the 15 month look back period.,,,,,,,,,,4.369075,24,,,,,0,percent of total billed charges,24 percent of charges; No services were performed during the 15 month look back period.,,,,,,,,,,,,,,,,,,,,,,,,,,,,,,,,,,,,,,,,,,,,,,,,,,,,,,,,,,,,,,,,,,,,,,,,,,,,,,,,,,13.28927,73,,,,,0,percent of total billed charges,73 percent of charges; No services were performed during the 15 month look back period.,13.28927,73,,,,,0,percent of total billed charges,73 percent of charges; No services were performed during the 15 month look back period.,13.28927,73,,,,,0,percent of total billed charges,73 percent of charges; No services were performed during the 15 month look back period.,13.28927,73,,,,,0,percent of total billed charges,73 percent of charges; No services were performed during the 15 month look back period.,13.28927,73,,,,,0,percent of total billed charges,73 percent of charges; No services were performed during the 15 month look back period.,13.28927,73,,,,,0,percent of total billed charges,73 percent of charges; No services were performed during the 15 month look back period.,13.28927,73,,,,,0,percent of total billed charges,73 percent of charges; No services were performed during the 15 month look back period.,13.28927,73,,,,,0,percent of total billed charges,73 percent of charges; No services were performed during the 15 month look back period.,13.28927,73,,,,,0,percent of total billed charges,73 percent of charges; No services were performed during the 15 month look back period.,13.28927,73,,,,,0,percent of total billed charges,73 percent of charges; No services were performed during the 15 month look back period.,13.28927,73,,,,,0,percent of total billed charges,73 percent of charges; No services were performed during the 15 month look back period.,13.28927,73,,,,,0,percent of total billed charges,73 percent of charges; No services were performed during the 15 month look back period.,13.28927,73,,,,,0,percent of total billed charges,73 percent of charges; No services were performed during the 15 month look back period.,13.28927,73,,,,,0,percent of total billed charges,73 percent of charges; No services were performed during the 15 month look back period.,13.28927,73,,,,,0,percent of total billed charges,73 percent of charges; No services were performed during the 15 month look back period.,13.28927,73,,,,,0,percent of total billed charges,73 percent of charges; No services were performed during the 15 month look back period.,13.28927,73,,,,,0,percent of total billed charges,73 percent of charges; No services were performed during the 15 month look back period.,13.28927,73,,,,,0,percent of total billed charges,73 percent of charges; No services were performed during the 15 month look back period.,13.28927,73,,,,,0,percent of total billed charges,73 percent of charges; No services were performed during the 15 month look back period.,13.28927,73,,,,,0,percent of total billed charges,73 percent of charges; No services were performed during the 15 month look back period.,13.28927,73,,,,,0,percent of total billed charges,73 percent of charges; No services were performed during the 15 month look back period.,13.28927,73,,,,,0,percent of total billed charges,73 percent of charges; No services were performed during the 15 month look back period.,13.28927,73,,,,,0,percent of total billed charges,73 percent of charges; No services were performed during the 15 month look back period.,13.28927,73,,,,,0,percent of total billed charges,73 percent of charges; No services were performed during the 15 month look back period.,13.28927,73,,,,,0,percent of total billed charges,73 percent of charges; No services were performed during the 15 month look back period.,13.28927,73,,,,,0,percent of total billed charges,73 percent of charges; No services were performed during the 15 month look back period.,5.279299,29,,,,,0,percent of total billed charges,29 percent of charges; No services were performed during the 15 month look back period.,5.279299,29,,,,,0,percent of total billed charges,29 percent of charges; No services were performed during the 15 month look back period.,5.279299,29,,,,,0,percent of total billed charges,29 percent of charges; No services were performed during the 15 month look back period.,5.279299,29,,,,,0,percent of total billed charges,29 percent of charges; No services were performed during the 15 month look back period.,7.281792,40,,,,,0,percent of total billed charges,40 percent of charges; No services were performed during the 15 month look back period.,7.281792,40,,,,,0,percent of total billed charges,40 percent of charges; No services were performed during the 15 month look back period.,5.825434,32,,,,,0,percent of total billed charges,32 pecent of charges; No services were performed during the 15 month look back period.,,,,,,,,,,1.820448,10,,,,,0,percent of total billed charges,10 percent of charges; No services were performed during the 15 month look back period.,,,,,,,,,,13.28927,73,,,,,0,percent of total billed charges,73 percent of charges; No services were performed during the 15 month look back period.,7.281792,40,,,,,0,percent of total billed charges,40 percent of charges; No services were performed during the 15 month look back period.,,,,,,,,,,1.820448,10,,,,,0,percent of total billed charges,10 percent of charges; No services were performed during the 15 month look back period.,5.825434,32,,,,,0,percent of total billed charges,32 pecent of charges; No services were performed during the 15 month look back period.,,,,,,,,,,13.28927,73,,,,,0,percent of total billed charges,73 percent of charges; No services were performed during the 15 month look back period.,,,,,,,,,,5.279299,29,,,,,0,percent of total billed charges,29 percent of charges; No services were performed during the 15 month look back period.,5.279299,29,,,,,0,percent of total billed charges,29 percent of charges; No services were performed during the 15 month look back period.,5.279299,29,,,,,0,percent of total billed charges,29 percent of charges; No services were performed during the 15 month look back period.,,,,,,,,,,4.369075,24,,,,,0,percent of total billed charges,24 percent of charges; No services were performed during the 15 month look back period.,,,,,,,,,,,,,,,,,,,,,,,,,,,,,,,,,,,,,,,,,,,,,,5.461344,30,,,,,0,percent of total billed charges,30 Percent of charges; No services were performed during the 15 month look back period.,5.461344,30,,,,,0,percent of total billed charges,30 Percent of charges; No services were performed during the 15 month look back period.,,,,,,,,,,5.825434,32,,,,,0,percent of total billed charges,32 pecent of charges; No services were performed during the 15 month look back period.,1.820448,10,,,,,0,percent of total billed charges,10 percent of charges; No services were performed during the 15 month look back period.,1.820448,10,,,,,0,percent of total billed charges,10 percent of charges; No services were performed during the 15 month look back period.,,,,,,,,,,5.825434,32,,,,,0,percent of total billed charges,32 pecent of charges; No services were performed during the 15 month look back period.,5.461344,30,,,,,0,percent of total billed charges,30 Percent of charges; No services were performed during the 15 month look back period.,5.461344,30,,,,,0,percent of total billed charges,30 Percent of charges; No services were performed during the 15 month look back period.,5.461344,30,,,,,0,percent of total billed charges,30 Percent of charges; No services were performed during the 15 month look back period.,13.28927,73,,,,,0,percent of total billed charges,73 percent of charges; No services were performed during the 15 month look back period.,13.28927,73,,,,,0,percent of total billed charges,73 percent of charges; No services were performed during the 15 month look back period.,13.28927,73,,,,,0,percent of total billed charges,73 percent of charges; No services were performed during the 15 month look back period.,13.28927,73,,,,,0,percent of total billed charges,73 percent of charges; No services were performed during the 15 month look back period.,13.28927,73,,,,,0,percent of total billed charges,73 percent of charges; No services were performed during the 15 month look back period.,13.28927,73,,,,,0,percent of total billed charges,73 percent of charges; No services were performed during the 15 month look back period.,13.28927,73,,,,,0,percent of total billed charges,73 percent of charges; No services were performed during the 15 month look back period.,13.28927,73,,,,,0,percent of total billed charges,73 percent of charges; No services were performed during the 15 month look back period.,13.28927,73,,,,,0,percent of total billed charges,73 percent of charges; No services were performed during the 15 month look back period.,13.28927,73,,,,,0,percent of total billed charges,73 percent of charges; No services were performed during the 15 month look back period.,13.28927,73,,,,,0,percent of total billed charges,73 percent of charges; No services were performed during the 15 month look back period.,7.281792,40,,,,,0,percent of total billed charges,40 percent of charges; No services were performed during the 15 month look back period.,,,,,,,,,,5.825434,32,,,,,0,percent of total billed charges,32 pecent of charges; No services were performed during the 15 month look back period.,,,,,,,,,,5.461344,30,,,,,0,percent of total billed charges,30 Percent of charges; No services were performed during the 15 month look back period.,5.825434,32,,,,,0,percent of total billed charges,32 pecent of charges; No services were performed during the 15 month look back period.,5.825434,32,,,,,0,percent of total billed charges,32 pecent of charges; No services were performed during the 15 month look back period.,13.28927,73,,,,,0,percent of total billed charges,73 percent of charges; No services were performed during the 15 month look back period.,3.640896,20,,,,,0,percent of total billed charges,20 percent of charges; No services were performed during the 15 month look back period.,5.825434,32,,,,,0,percent of total billed charges,32 pecent of charges; No services were performed during the 15 month look back period.,,,,,,,,,,,,,,,,,,,,,,,,,,,,,,,,,,,,,,,,,,,,,,,,,,,,,,,,,,,,,,,,5.825434,32,,,,,0,percent of total billed charges,32 pecent of charges; No services were performed during the 15 month look back period.,4.369075,24,,,,,0,percent of total billed charges,24 percent of charges; No services were performed during the 15 month look back period.,,,,,,,,,,,,,,,,,,,,,,,,,,,,,,,,,,,,,,,,,,,,,,,,,,,,,,,4.369075,24,,,,,0,percent of total billed charges,24 percent of charges; No services were performed during the 15 month look back period.,5.643389,31,,,,,0,percent of total billed charges,31 percent of charges; No services were performed during the 15 month look back period.,5.643389,31,,,,,0,percent of total billed charges,31 percent of charges; No services were performed during the 15 month look back period.,5.643389,31,,,,,0,percent of total billed charges,31 percent of charges; No services were performed during the 15 month look back period.,5.643389,31,,,,,0,percent of total billed charges,31 percent of charges; No services were performed during the 15 month look back period.,5.643389,31,,,,,0,percent of total billed charges,31 percent of charges; No services were performed during the 15 month look back period.,,,,,,,,,,7.281792,40,,,,,0,percent of total billed charges,40 percent of charges; No services were performed during the 15 month look back period.,7.281792,40,,,,,0,percent of total billed charges,40 percent of charges; No services were performed during the 15 month look back period.,7.281792,40,,,,,0,percent of total billed charges,40 percent of charges; No services were performed during the 15 month look back period.,7.281792,40,,,,,0,percent of total billed charges,40 percent of charges; No services were performed during the 15 month look back period.,5.461344,30,,,,,0,percent of total billed charges,30 Percent of charges; No services were performed during the 15 month look back period.,5.461344,30,,,,,0,percent of total billed charges,30 Percent of charges; No services were performed during the 15 month look back period.,5.461344,30,,,,,0,percent of total billed charges,30 Percent of charges; No services were performed during the 15 month look back period.,5.461344,30,,,,,0,percent of total billed charges,30 Percent of charges; No services were performed during the 15 month look back period.,4.369075,24,,,,,0,percent of total billed charges,24 percent of charges; No services were performed during the 15 month look back period.,4.369075,24,,,,,0,percent of total billed charges,24 percent of charges; No services were performed during the 15 month look back period.,,,,,,,,,,,,,,,,,,,,,,,,,,,,,,,,,,,,,,,,,,,,,,,,,,,,,,,4.369075,24,,,,,0,percent of total billed charges,24 percent of charges; No services were performed during the 15 month look back period.,5.461344,30,,,,,0,percent of total billed charges,30 Percent of charges; No services were performed during the 15 month look back period.,,,,,,,,,,,,,,,,,,,,,,,,,,,,,,,,,,,,,,,,,,,,,,,,,,,,,,,,,,,,,,,,,,,,,,,,,,,,,,,,,,,,,,,,,,,,,,,,,,,,,,,,,,,,,,,,,,,,,,,,,,,,,,,,,,,,,,,,,,,,,,,,,,,,,,,,,,,,,,,,,,,,,,,,,,,,,,,,,,,,,,,,,,,,,,,,,,,,,,,5.461344,30,,,,,0,percent of total billed charges,30 Percent of charges; No services were performed during the 15 month look back period.,,,,,,,,,,,,,,,,,,,,,,,,,,,,,,,,,,,,,,,,,,,,,,,,,,,,,,,,,,,,,,,,1.820448,10,,,,,0,percent of total billed charges,10 percent of charges; No services were performed during the 15 month look back period.,1.820448,10,,,,,0,percent of total billed charges,10 percent of charges; No services were performed during the 15 month look back period.,1.820448,10,,,,,0,percent of total billed charges,10 percent of charges; No services were performed during the 15 month look back period.,1.820448,10,,,,,0,percent of total billed charges,10 percent of charges; No services were performed during the 15 month look back period.,,,,,,,,,,4.369075,24,,,,,0,percent of total billed charges,24 percent of charges; No services were performed during the 15 month look back period.,5.279299,29,,,,,0,percent of total billed charges,29 percent of charges; No services were performed during the 15 month look back period.,5.279299,29,,,,,0,percent of total billed charges,29 percent of charges; No services were performed during the 15 month look back period.,5.279299,29,,,,,0,percent of total billed charges,29 percent of charges; No services were performed during the 15 month look back period.,5.279299,29,,,,,0,percent of total billed charges,29 percent of charges; No services were performed during the 15 month look back period.,,,,,,,,,,,,,,,,,,,,,,,,,,,,,,,,,,,,,,,,,,,,,,,,,,,,,,,,,,,,,,,,,,,,,,,,,,,,,,,,,,,,,,,,,,,5.461344,30,,,,,0,percent of total billed charges,30 Percent of charges; No services were performed during the 15 month look back period.,,,,,,,,,,,,,,,,,,,,,,,,,,,,,,,,,,,,,,,,,,,,,,,,,,,,,,,,,,,,,,,,,,,,,,,,,,,,,,,,,,,,,,,,,,,,,,,,,,,,,,,,,,,,,,,,,,,,,,,,,,,,,,,5.825434,32,,,,,0,percent of total billed charges,32 pecent of charges; No services were performed during the 15 month look back period.,,,,,,,,,,,,,,,,,,,,,,,,,,,,,,,,,,,,,,,,,,,,,,5.279299,29,,,,,0,percent of total billed charges,29 percent of charges; No services were performed during the 15 month look back period.,5.279299,29,,,,,0,percent of total billed charges,29 percent of charges; No services were performed during the 15 month look back period.,5.279299,29,,,,,0,percent of total billed charges,29 percent of charges; No services were performed during the 15 month look back period.,5.279299,29,,,,,0,percent of total billed charges,29 percent of charges; No services were performed during the 15 month look back period.,,,,,,,,,,5.279299,29,,,,,0,percent of total billed charges,29 percent of charges; No services were performed during the 15 month look back period.,5.461344,30,,,,,0,percent of total billed charges,30 Percent of charges; No services were performed during the 15 month look back period.,5.279299,29,,,,,0,percent of total billed charges,29 percent of charges; No services were performed during the 15 month look back period.,5.825434,32,,,,,0,percent of total billed charges,32 pecent of charges; No services were performed during the 15 month look back period.,5.279299,29,,,,,0,percent of total billed charges,29 percent of charges; No services were performed during the 15 month look back period.,,,,,,,,,,,,,,,,,,,,,,,,,,,,5.279299,29,,,,,0,percent of total billed charges,29 percent of charges; No services were performed during the 15 month look back period.,,,,,,,,,,,,,,,,,,,,,,,,,,,,,,,,,,,,,,,,,,,,,,5.279299,29,,,,,0,percent of total billed charges,29 percent of charges; No services were performed during the 15 month look back period.,5.279299,29,,,,,0,percent of total billed charges,29 percent of charges; No services were performed during the 15 month look back period.,5.279299,29,,,,,0,percent of total billed charges,29 percent of charges; No services were performed during the 15 month look back period.,5.279299,29,,,,,0,percent of total billed charges,29 percent of charges; No services were performed during the 15 month look back period.,,,,,,,,,,,,,,,,,,,,,,,,,,,,,,,,,,,,,,,,,,,,,,,,,,,,,,,,,,,,,,,,,,,,,,,,,,,,,,,,,,,,,,,,,,,5.279299,29,,,,,0,percent of total billed charges,29 percent of charges; No services were performed during the 15 month look back period.,5.825434,32,,,,,0,percent of total billed charges,32 pecent of charges; No services were performed during the 15 month look back period.,13.28927,73,,,,,0,percent of total billed charges,73 percent of charges; No services were performed during the 15 month look back period.,1.820448,10,,,,,0,percent of total billed charges,10 percent of charges; No services were performed during the 15 month look back period.,1.820448,10,,,,,0,percent of total billed charges,10 percent of charges; No services were performed during the 15 month look back period.,5.461344,30,,,,,0,percent of total billed charges,30 Percent of charges; No services were performed during the 15 month look back period.,,,,,,,,,,7.281792,40,,,,,0,percent of total billed charges,40 percent of charges; No services were performed during the 15 month look back period.,7.281792,40,,,,,0,percent of total billed charges,40 percent of charges; No services were performed during the 15 month look back period.,,,,,,,,,,,,,,,,,,,,,,,,,,,,,,,,,,,,,,,,,,,,,,,,,,,,,,,1.820448,10,,,,,0,percent of total billed charges,10 percent of charges; No services were performed during the 15 month look back period.,,,,,,,,,,,,,,,,,,,,,,,,,,,,,,,,,,,,,5.279299,29,,,,,0,percent of total billed charges,29 percent of charges; No services were performed during the 15 month look back period.,,,,,,,,,,,,,,,,,,,5.279299,29,,,,,0,percent of total billed charges,29 percent of charges; No services were performed during the 15 month look back period.,,,,,,,,,,,,,,,,,,,,,,,,,,,,4.369075,24,,,,,0,percent of total billed charges,24 percent of charges; No services were performed during the 15 month look back period.,5.279299,29,,,,,0,percent of total billed charges,29 percent of charges; No services were performed during the 15 month look back period.,,,,,,,,,,,,,,,,,,,,,,,,,,,,,,,,,,,,,1.820448,10,,,,,0,percent of total billed charges,10 percent of charges; No services were performed during the 15 month look back period.,,,,,,,,,,,,,,,,,,,,,,,,,,,,,,,,,,,,,,,,,,,,,,,,,,,,,,,,,,,,,,,,,,,,,,,,,1.820448,10,,,,,0,percent of total billed charges,10 percent of charges; No services were performed during the 15 month look back period.,,,,,,,,,,,,,,,,,,,,,,,,,,,,,,,,,,,,,,,,,,,,,,,,,,,,,,,,,,,,,,,,,,,,,,,,,,,,,,,,,,,,,,,,,,,,,,,,,,,,,,,,,,,,,,,,,,,,,,5.279299,29,,,,,0,percent of total billed charges,29 percent of charges; No services were performed during the 15 month look back period.,5.279299,29,,,,,0,percent of total billed charges,29 percent of charges; No services were performed during the 15 month look back period.,5.279299,29,,,,,0,percent of total billed charges,29 percent of charges; No services were performed during the 15 month look back period.,5.279299,29,,,,,0,percent of total billed charges,29 percent of charges; No services were performed during the 15 month look back period.,5.279299,29,,,,,0,percent of total billed charges,29 percent of charges; No services were performed during the 15 month look back period.,5.279299,29,,,,,0,percent of total billed charges,29 percent of charges; No services were performed during the 15 month look back period.,5.279299,29,,,,,0,percent of total billed charges,29 percent of charges; No services were performed during the 15 month look back period.,5.279299,29,,,,,0,percent of total billed charges,29 percent of charges; No services were performed during the 15 month look back period.,5.279299,29,,,,,0,percent of total billed charges,29 percent of charges; No services were performed during the 15 month look back period.,5.279299,29,,,,,0,percent of total billed charges,29 percent of charges; No services were performed during the 15 month look back period.,5.279299,29,,,,,0,percent of total billed charges,29 percent of charges; No services were performed during the 15 month look back period.,5.279299,29,,,,,0,percent of total billed charges,29 percent of charges; No services were performed during the 15 month look back period.,5.279299,29,,,,,0,percent of total billed charges,29 percent of charges; No services were performed during the 15 month look back period.,,,,,,,,,,5.279299,29,,,,,0,percent of total billed charges,29 percent of charges; No services were performed during the 15 month look back period.,,,,,,,,,,3.458851,19,,,,,0,percent of total billed charges,19 percent of charges; No services were performed during the 15 month look back period.,2.366582,13,,,,,0,percent of total billed charges,13 percent of charges; No services were performed during the 15 month look back period.,1.820448,10,,,,,0,percent of total billed charges,10 percent of charges; No services were performed during the 15 month look back period.,1.820448,10,,,,,0,percent of total billed charges,10 percent of charges; No services were performed during the 15 month look back period.,,,,,,,,,,7.281792,40,,,,,0,percent of total billed charges,40 percent of charges; No services were performed during the 15 month look back period.,,,,,,,,,,,,,,,,,,,5.461344,30,,,,,0,percent of total billed charges,30 Percent of charges; No services were performed during the 15 month look back period.,,,,,,,,,,5.825434,32,,,,,0,percent of total billed charges,32 pecent of charges; No services were performed during the 15 month look back period.,,,,,,,,,,5.825434,32,,,,,0,percent of total billed charges,32 pecent of charges; No services were performed during the 15 month look back period.,5.461344,30,,,,,0,percent of total billed charges,30 Percent of charges; No services were performed during the 15 month look back period.,5.825434,32,,,,,0,percent of total billed charges,32 pecent of charges; No services were performed during the 15 month look back period.,,,,,,,,,,,,,,,,,,,,,,,,,,,,5.825434,32,,,,,0,percent of total billed charges,32 pecent of charges; No services were performed during the 15 month look back period.,1.820448,10,,,,,0,percent of total billed charges,10 percent of charges; No services were performed during the 15 month look back period.,,,,,,,,,,,,,,,,,,,,,,,,,,,,,,,,,,,,,,,,,,,,,,,,,,,,,,,,,,,,,,,,1.820448,10,,,,,0,percent of total billed charges,10 percent of charges; No services were performed during the 15 month look back period.,,,,,,,,,,,,,,,,,,,,,,,,,,,,5.279299,29,,,,,0,percent of total billed charges,29 percent of charges; No services were performed during the 15 month look back period.,5.279299,29,,,,,0,percent of total billed charges,29 percent of charges; No services were performed during the 15 month look back period.,5.643389,31,,,,,0,percent of total billed charges,31 percent of charges; No services were performed during the 15 month look back period.,,,,,,,,,,1.820448,10,,,,,0,percent of total billed charges,10 percent of charges; No services were performed during the 15 month look back period.,5.825434,32,,,,,0,percent of total billed charges,32 pecent of charges; No services were performed during the 15 month look back period.,5.461344,30,,,,,0,percent of total billed charges,30 Percent of charges; No services were performed during the 15 month look back period.,1.820448,10,,,,,0,percent of total billed charges,10 percent of charges; No services were performed during the 15 month look back period.,5.461344,30,,,,,0,percent of total billed charges,30 Percent of charges; No services were performed during the 15 month look back period.,1.820448,10,,,,,0,percent of total billed charges,10 percent of charges; No services were performed during the 15 month look back period.,,,,,,,,,,,,,,,,,,,,,,,,,,,,,,,,,,,,,,,,,,,,,,0.091022,18.20448,
V5014,HCPCS,2022998,LOCAL,471,RC,HC HEARING AID REPAIR/MODIF,700.21,133.0399,both,,,,350.105,50,,,,,0,percent of total billed charges,50% of Billed Charges. Lesser of 100% of billed charges applies.; No services were performed during the 15 month look back period.,350.105,50,,,,,0,percent of total billed charges,50% of Billed Charges. Lesser of 100% of billed charges applies.; No services were performed during the 15 month look back period.,420.126,60,,,,,0,percent of total billed charges,60 percent of billed charges; No services were performed during the 15 month look back period.,700.21,100,,,,,0,percent of total billed charges,100 percent of billed charges. ; No services were performed during the 15 month look back period.,,,,,,,,Other,"Not Payable. ",420.126,60,,,,,0,percent of total billed charges,60 percent of billed charges; No services were performed during the 15 month look back period.,420.126,60,,,,,0,percent of total billed charges,60 percent of billed charges; No services were performed during the 15 month look back period.,420.126,60,,,,,0,percent of total billed charges,60 percent of billed charges; No services were performed during the 15 month look back period.,,,,,,,,Other,"100 Percent of Medicaid APG. ",,,,,,,,Other,"100 Percent of Medicaid APG. ",546.1638,78,,,,,0,percent of total billed charges,78% of Billed Charges. Lesser of 100% of billed charges applies.; No services were performed during the 15 month look back period.,809.77,,,,,,,Fee Schedule,". ",,,,,,,,Other,"100 Percent of Medicaid APG. ",,,,,,,,Other,"Not Payable. ",420.126,60,,,,,0,percent of total billed charges,60 percent of billed charges; No services were performed during the 15 month look back period.,420.126,60,,,,,0,percent of total billed charges,60 percent of billed charges; No services were performed during the 15 month look back period.,420.126,60,,,,,0,percent of total billed charges,60 percent of billed charges; No services were performed during the 15 month look back period.,420.126,60,,,,,0,percent of total billed charges,60 percent of billed charges; No services were performed during the 15 month look back period.,7.0021,1,,,,,0,percent of total billed charges,NA. Covered services not payable under Medicaid Fee Schedules default to a payment of 50 percent of charges.; No services were performed during the 15 month look back period.,,,,,,,,Other,"Not Payable. ",7.0021,1,,,,,0,percent of total billed charges,NA. Covered services not payable under Medicaid Fee Schedules default to a payment of 50 percent of charges.; No services were performed during the 15 month look back period.,546.1638,78,,,,,0,percent of total billed charges,78% of Billed Charges. Lesser of 100% of billed charges applies.; No services were performed during the 15 month look back period.,420.126,60,,,,,0,percent of total billed charges,60 percent of billed charges; No services were performed during the 15 month look back period.,,,,,,,,Other,"Not Payable. ",511.1533,73,,,,,0,percent of total billed charges,73 percent of billed charges; No services were performed during the 15 month look back period.,,,,,,,,Other,"Not Payable. ",,,,,,,,Other,"Not Payable. ",546.1638,78,,,,,0,percent of total billed charges,78% of Billed Charges. Lesser of 100% of billed charges applies.; No services were performed during the 15 month look back period.,,,,,,,,Fee Schedule,"Not payable. ",,,,,,,,Fee Schedule,"Not payable. ",,,,,,,,Fee schedule,"90 Percent of Medicare RBRVS. ",,,,,,,,Fee schedule,"90 Percent of Medicare RBRVS. ",511.1533,73,,,,,0,percent of total billed charges,73 percent of billed charges; No services were performed during the 15 month look back period.,511.1533,73,,,,,0,percent of total billed charges,73 percent of billed charges; No services were performed during the 15 month look back period.,,,,,,,,Other,"100 Percent of Medicaid APG. Not APG payable, or payable under another fee schedule like ASP/AWP pays at 30% of charges",511.1533,73,,,,,0,percent of total billed charges,73 percent of billed charges; No services were performed during the 15 month look back period.,,,,,,,,Other,"100 Percent of Medicaid APG. Not APG payable, or payable under another fee schedule like ASP/AWP pays at 30% of charges",,,,,,,,Other,"Not Payable. ",511.1533,73,,,,,0,percent of total billed charges,73 percent of billed charges; No services were performed during the 15 month look back period.,546.1638,78,,,,,0,percent of total billed charges,78% of Billed Charges. Lesser of 100% of billed charges applies.; No services were performed during the 15 month look back period.,,,,,,,,Other,"100 Percent of Medicaid APG. If not priced under APG, then Metroplus FeeSched",,,,,,,,Other,"100 Percent of Medicaid APG. If not priced under APG, then Metroplus FeeSched",546.1638,78,,,,,0,percent of total billed charges,78% of Billed Charges. Lesser of 100% of billed charges applies.; No services were performed during the 15 month look back period.,420.126,60,,,,,0,percent of total billed charges,60 percent of billed charges; No services were performed during the 15 month look back period.,823.73,,,,,,,Fee Schedule,". ",823.73,,,,,,,Fee Schedule,". ",546.1638,78,,,,,0,percent of total billed charges,78% of Billed Charges. Lesser of 100% of billed charges applies.; No services were performed during the 15 month look back period.,,,,,,,,Other,"Not Payable. ",809.77,,,,,,,Fee Schedule,". ",809.77,,,,,,,Fee Schedule,". ",809.77,,,,,,,Fee Schedule,". ",,,,,,,,Other,"Not Payable. ",809.77,,,,,,,Fee Schedule,". ",809.77,,,,,,,Fee Schedule,". ",,,,,,,,Other,"Not Payable. ",350.105,50,,,,,0,percent of total billed charges,50 percent of billed charges; No services were performed during the 15 month look back period.,455.1365,65,,,,,0,percent of total billed charges,65% of Billed Charges. Lesser of 100% of billed charges applies.; No services were performed during the 15 month look back period.,455.1365,65,,,,,0,percent of total billed charges,65% of Billed Charges. Lesser of 100% of billed charges applies.; No services were performed during the 15 month look back period.,455.1365,65,,,,,0,percent of total billed charges,65% of Billed Charges. Lesser of 100% of billed charges applies.; No services were performed during the 15 month look back period.,455.1365,65,,,,,0,percent of total billed charges,65% of Billed Charges. Lesser of 100% of billed charges applies.; No services were performed during the 15 month look back period.,455.1365,65,,,,,0,percent of total billed charges,65% of Billed Charges. Lesser of 100% of billed charges applies.; No services were performed during the 15 month look back period.,455.1365,65,,,,,0,percent of total billed charges,65% of Billed Charges. Lesser of 100% of billed charges applies.; No services were performed during the 15 month look back period.,,,,,,,,Other,"Not Payable. ",,,,,,,,Other,"Not Payable. ",455.1365,65,,,,,0,percent of total billed charges,65% of Billed Charges. Lesser of 100% of billed charges applies.; No services were performed during the 15 month look back period.,546.1638,78,,,,,0,percent of total billed charges,78% of Billed Charges. Lesser of 100% of billed charges applies.; No services were performed during the 15 month look back period.,546.1638,78,,,,,0,percent of total billed charges,78% of Billed Charges. Lesser of 100% of billed charges applies.; No services were performed during the 15 month look back period.,546.1638,78,,,,,0,percent of total billed charges,78% of Billed Charges. Lesser of 100% of billed charges applies.; No services were performed during the 15 month look back period.,546.1638,78,,,,,0,percent of total billed charges,78% of Billed Charges. Lesser of 100% of billed charges applies.; No services were performed during the 15 month look back period.,546.1638,78,,,,,0,percent of total billed charges,78% of Billed Charges. Lesser of 100% of billed charges applies.; No services were performed during the 15 month look back period.,546.1638,78,,,,,0,percent of total billed charges,78% of Billed Charges. Lesser of 100% of billed charges applies.; No services were performed during the 15 month look back period.,546.1638,78,,,,,0,percent of total billed charges,78% of Billed Charges. Lesser of 100% of billed charges applies.; No services were performed during the 15 month look back period.,546.1638,78,,,,,0,percent of total billed charges,78% of Billed Charges. Lesser of 100% of billed charges applies.; No services were performed during the 15 month look back period.,546.1638,78,,,,,0,percent of total billed charges,78% of Billed Charges. Lesser of 100% of billed charges applies.; No services were performed during the 15 month look back period.,546.1638,78,,,,,0,percent of total billed charges,78% of Billed Charges. Lesser of 100% of billed charges applies.; No services were performed during the 15 month look back period.,546.1638,78,,,,,0,percent of total billed charges,78% of Billed Charges. Lesser of 100% of billed charges applies.; No services were performed during the 15 month look back period.,546.1638,78,,,,,0,percent of total billed charges,78% of Billed Charges. Lesser of 100% of billed charges applies.; No services were performed during the 15 month look back period.,546.1638,78,,,,,0,percent of total billed charges,78% of Billed Charges. Lesser of 100% of billed charges applies.; No services were performed during the 15 month look back period.,546.1638,78,,,,,0,percent of total billed charges,78% of Billed Charges. Lesser of 100% of billed charges applies.; No services were performed during the 15 month look back period.,546.1638,78,,,,,0,percent of total billed charges,78% of Billed Charges. Lesser of 100% of billed charges applies.; No services were performed during the 15 month look back period.,546.1638,78,,,,,0,percent of total billed charges,78% of Billed Charges. Lesser of 100% of billed charges applies.; No services were performed during the 15 month look back period.,546.1638,78,,,,,0,percent of total billed charges,78% of Billed Charges. Lesser of 100% of billed charges applies.; No services were performed during the 15 month look back period.,546.1638,78,,,,,0,percent of total billed charges,78% of Billed Charges. Lesser of 100% of billed charges applies.; No services were performed during the 15 month look back period.,546.1638,78,,,,,0,percent of total billed charges,78% of Billed Charges. Lesser of 100% of billed charges applies.; No services were performed during the 15 month look back period.,546.1638,78,,,,,0,percent of total billed charges,78% of Billed Charges. Lesser of 100% of billed charges applies.; No services were performed during the 15 month look back period.,546.1638,78,,,,,0,percent of total billed charges,78% of Billed Charges. Lesser of 100% of billed charges applies.; No services were performed during the 15 month look back period.,546.1638,78,,,,,0,percent of total billed charges,78% of Billed Charges. Lesser of 100% of billed charges applies.; No services were performed during the 15 month look back period.,546.1638,78,,,,,0,percent of total billed charges,78% of Billed Charges. Lesser of 100% of billed charges applies.; No services were performed during the 15 month look back period.,546.1638,78,,,,,0,percent of total billed charges,78% of Billed Charges. Lesser of 100% of billed charges applies.; No services were performed during the 15 month look back period.,546.1638,78,,,,,0,percent of total billed charges,78% of Billed Charges. Lesser of 100% of billed charges applies.; No services were performed during the 15 month look back period.,546.1638,78,,,,,0,percent of total billed charges,78% of Billed Charges. Lesser of 100% of billed charges applies.; No services were performed during the 15 month look back period.,511.1533,73,,,,,0,percent of total billed charges,73 percent of billed charges; No services were performed during the 15 month look back period.,511.1533,73,,,,,0,percent of total billed charges,73 percent of billed charges; No services were performed during the 15 month look back period.,511.1533,73,,,,,0,percent of total billed charges,73 percent of billed charges; No services were performed during the 15 month look back period.,511.1533,73,,,,,0,percent of total billed charges,73 percent of billed charges; No services were performed during the 15 month look back period.,560.168,80,,,,,0,percent of total billed charges,80 percent of billed charges; No services were performed during the 15 month look back period.,560.168,80,,,,,0,percent of total billed charges,80 percent of billed charges; No services were performed during the 15 month look back period.,420.126,60,,,,,0,percent of total billed charges,60 percent of billed charges; No services were performed during the 15 month look back period.,455.1365,65,,,,,0,percent of total billed charges,65% of Billed Charges. Lesser of 100% of billed charges applies.; No services were performed during the 15 month look back period.,809.77,,,,,,,Fee Schedule,". ",455.1365,65,,,,,0,percent of total billed charges,65% of Billed Charges. Lesser of 100% of billed charges applies.; No services were performed during the 15 month look back period.,546.1638,78,,,,,0,percent of total billed charges,78% of Billed Charges. Lesser of 100% of billed charges applies.; No services were performed during the 15 month look back period.,560.168,80,,,,,0,percent of total billed charges,80 percent of billed charges; No services were performed during the 15 month look back period.,455.1365,65,,,,,0,percent of total billed charges,65% of Billed Charges. Lesser of 100% of billed charges applies.; No services were performed during the 15 month look back period.,809.77,,,,,,,Fee Schedule,". ",420.126,60,,,,,0,percent of total billed charges,60 percent of billed charges; No services were performed during the 15 month look back period.,,,,,,,,,"NA. ",546.1638,78,,,,,0,percent of total billed charges,78% of Billed Charges. Lesser of 100% of billed charges applies.; No services were performed during the 15 month look back period.,,,,,,,,Other,"100 Percent of Medicaid APG. ",511.1533,73,,,,,0,percent of total billed charges,73 percent of billed charges; No services were performed during the 15 month look back period.,,,,,,,,Other,"100 Percent of Medicaid APG. Not APG payable, or payable under another fee schedule like ASP/AWP pays at 30% of charges",,,,,,,,Other,"Not Payable. ",,,,,,,,Other,"Not Payable. ",350.105,50,,,,,0,percent of total billed charges,50 percent of billed charges; No services were performed during the 15 month look back period.,,,,,,,,Other,"Not Payable. ",,,,,,,,Other,"Not Payable. ",,,,,,,,Other,"100 Percent of Medicaid APG. ",,,,,,,,Other,"Not Payable. ",,,,,,,,Other,"Not Payable. ",420.126,60,,,,,0,percent of total billed charges,60 percent of billed charges; No services were performed during the 15 month look back period.,420.126,60,,,,,0,percent of total billed charges,60 percent of billed charges; No services were performed during the 15 month look back period.,,,,,,,,Other,"Not Payable. ",420.126,60,,,,,0,percent of total billed charges,60 percent of billed charges; No services were performed during the 15 month look back period.,809.77,,,,,,,Fee Schedule,". ",809.77,,,,,,,Fee Schedule,". ",,,,,,,,Other,"Not Payable. ",420.126,60,,,,,0,percent of total billed charges,60 percent of billed charges; No services were performed during the 15 month look back period.,420.126,60,,,,,0,percent of total billed charges,60 percent of billed charges; No services were performed during the 15 month look back period.,420.126,60,,,,,0,percent of total billed charges,60 percent of billed charges; No services were performed during the 15 month look back period.,420.126,60,,,,,0,percent of total billed charges,60 percent of billed charges; No services were performed during the 15 month look back period.,546.1638,78,,,,,0,percent of total billed charges,78% of Billed Charges. Lesser of 100% of billed charges applies.; No services were performed during the 15 month look back period.,546.1638,78,,,,,0,percent of total billed charges,78% of Billed Charges. Lesser of 100% of billed charges applies.; No services were performed during the 15 month look back period.,546.1638,78,,,,,0,percent of total billed charges,78% of Billed Charges. Lesser of 100% of billed charges applies.; No services were performed during the 15 month look back period.,546.1638,78,,,,,0,percent of total billed charges,78% of Billed Charges. Lesser of 100% of billed charges applies.; No services were performed during the 15 month look back period.,546.1638,78,,,,,0,percent of total billed charges,78% of Billed Charges. Lesser of 100% of billed charges applies.; No services were performed during the 15 month look back period.,546.1638,78,,,,,0,percent of total billed charges,78% of Billed Charges. Lesser of 100% of billed charges applies.; No services were performed during the 15 month look back period.,546.1638,78,,,,,0,percent of total billed charges,78% of Billed Charges. Lesser of 100% of billed charges applies.; No services were performed during the 15 month look back period.,546.1638,78,,,,,0,percent of total billed charges,78% of Billed Charges. Lesser of 100% of billed charges applies.; No services were performed during the 15 month look back period.,546.1638,78,,,,,0,percent of total billed charges,78% of Billed Charges. Lesser of 100% of billed charges applies.; No services were performed during the 15 month look back period.,546.1638,78,,,,,0,percent of total billed charges,78% of Billed Charges. Lesser of 100% of billed charges applies.; No services were performed during the 15 month look back period.,546.1638,78,,,,,0,percent of total billed charges,78% of Billed Charges. Lesser of 100% of billed charges applies.; No services were performed during the 15 month look back period.,560.168,80,,,,,0,percent of total billed charges,80 percent of billed charges; No services were performed during the 15 month look back period.,455.1365,65,,,,,0,percent of total billed charges,65% of Billed Charges. Lesser of 100% of billed charges applies.; No services were performed during the 15 month look back period.,420.126,60,,,,,0,percent of total billed charges,60 percent of billed charges; No services were performed during the 15 month look back period.,,,,,,,,Other,"Not Payable. ",420.126,60,,,,,0,percent of total billed charges,60 percent of billed charges; No services were performed during the 15 month look back period.,420.126,60,,,,,0,percent of total billed charges,60 percent of billed charges; No services were performed during the 15 month look back period.,420.126,60,,,,,0,percent of total billed charges,60 percent of billed charges; No services were performed during the 15 month look back period.,546.1638,78,,,,,0,percent of total billed charges,78% of Billed Charges. Lesser of 100% of billed charges applies.; No services were performed during the 15 month look back period.,,,,,,,,Other,"Not payable. ",420.126,60,,,,,0,percent of total billed charges,60 percent of billed charges; No services were performed during the 15 month look back period.,,,,,,,,Other,"100 Percent of Medicaid APG. ",,,,,,,,Other,"Not Payable. ",,,,,,,,Other,"Not Payable. ",,,,,,,,Other,"Not Payable. ",,,,,,,,Other,"Not Payable. ",,,,,,,,Other,"Not Payable. ",,,,,,,,Other,"Not Payable. ",420.126,60,,,,,0,percent of total billed charges,60 percent of billed charges; No services were performed during the 15 month look back period.,350.105,50,,,,,0,percent of total billed charges,50 percent of billed charges; No services were performed during the 15 month look back period.,7.0021,1,,,,,0,percent of total billed charges,NA. ; No services were performed during the 15 month look back period.,7.0021,1,,,,,0,percent of total billed charges,NA. ; No services were performed during the 15 month look back period.,7.0021,1,,,,,0,percent of total billed charges,NA. ; No services were performed during the 15 month look back period.,7.0021,1,,,,,0,percent of total billed charges,NA. ; No services were performed during the 15 month look back period.,7.0021,1,,,,,0,percent of total billed charges,NA. ; No services were performed during the 15 month look back period.,,,,,,,,,"NA. ",350.105,50,,,,,0,percent of total billed charges,50 percent of billed charges; No services were performed during the 15 month look back period.,,,,,,,,Fee Schedule,"Not Payable. ",,,,,,,,Fee Schedule,"Not Payable. ",,,,,,,,Fee Schedule,"Not Payable. ",,,,,,,,Fee Schedule,"Not Payable. ",,,,,,,,Fee Schedule,"Not Payable. ",,,,,,,,Other,"Not Payable. ",560.168,80,,,,,0,percent of total billed charges,80 percent of billed charges; No services were performed during the 15 month look back period.,560.168,80,,,,,0,percent of total billed charges,80 percent of billed charges; No services were performed during the 15 month look back period.,560.168,80,,,,,0,percent of total billed charges,80 percent of billed charges; No services were performed during the 15 month look back period.,560.168,80,,,,,0,percent of total billed charges,80 percent of billed charges; No services were performed during the 15 month look back period.,420.126,60,,,,,0,percent of total billed charges,60 percent of billed charges; No services were performed during the 15 month look back period.,420.126,60,,,,,0,percent of total billed charges,60 percent of billed charges; No services were performed during the 15 month look back period.,420.126,60,,,,,0,percent of total billed charges,60 percent of billed charges; No services were performed during the 15 month look back period.,420.126,60,,,,,0,percent of total billed charges,60 percent of billed charges; No services were performed during the 15 month look back period.,350.105,50,,,,,0,percent of total billed charges,50 percent of billed charges; No services were performed during the 15 month look back period.,350.105,50,,,,,0,percent of total billed charges,50 percent of billed charges; No services were performed during the 15 month look back period.,,,,,,,,Other,"Not Payable. ",,,,,,,,Other,"Not Payable. ",,,,,,,,Other,"Not Payable. ",455.1365,65,,,,,0,percent of total billed charges,65% of Billed Charges. Lesser of 100% of billed charges applies.; No services were performed during the 15 month look back period.,455.1365,65,,,,,0,percent of total billed charges,65% of Billed Charges. Lesser of 100% of billed charges applies.; No services were performed during the 15 month look back period.,455.1365,65,,,,,0,percent of total billed charges,65% of Billed Charges. Lesser of 100% of billed charges applies.; No services were performed during the 15 month look back period.,350.105,50,,,,,0,percent of total billed charges,50 percent of billed charges; No services were performed during the 15 month look back period.,420.126,60,,,,,0,percent of total billed charges,60 percent of billed charges; No services were performed during the 15 month look back period.,,,,,,,,Other,"Not Payable. ",455.1365,65,,,,,0,percent of total billed charges,65% of Billed Charges. Lesser of 100% of billed charges applies.; No services were performed during the 15 month look back period.,,,,,,,,Other,"100 Percent of Medicaid APG. ",,,,,,,,Other,"Not Payable. ",,,,,,,,Other,"Not Payable. ",,,,,,,,Other,"Not Payable. ",,,,,,,,Fee schedule,"90 Percent of Medicare RBRVS. ",,,,,,,,Fee Schedule,225% of NYS APG. Lesser of 100% of billed charges applies.,,,,,,,,Fee Schedule,225% of NYS APG. Lesser of 100% of billed charges applies.,,,,,,,,Fee Schedule,225% of NYS APG. Lesser of 100% of billed charges applies.,,,,,,,,Fee Schedule,225% of NYS APG. Lesser of 100% of billed charges applies.,,,,,,,,Fee Schedule,225% of NYS APG. Lesser of 100% of billed charges applies.,,,,,,,,Other,"Not Payable. ",,,,,,,,Other,"100 Percent of Medicaid APG. ",,,,,,,,Fee Schedule,"Not payable. ",,,,,,,,Fee Schedule,225% of NYS APG. Lesser of 100% of billed charges applies.,,,,,,,,Fee Schedule,225% of NYS APG. Lesser of 100% of billed charges applies.,,,,,,,,Fee Schedule,"Not payable. ",,,,,,,,Fee Schedule,"Not payable. ",7.0021,1,,,,,0,percent of total billed charges,NA. ; No services were performed during the 15 month look back period.,,,,,,,,Other,"Not Payable. ",,,,,,,,Other,"Not Payable. ",420.126,60,,,,,0,percent of total billed charges,60 percent of billed charges; No services were performed during the 15 month look back period.,,,,,,,,Other,"Not Payable. ",,,,,,,,Fee Schedule,"225 Percent of Medicaid APG. ",,,,,,,,Fee Schedule,"225 Percent of Medicaid APG. ",,,,,,,,Fee schedule,"90 Percent of Medicare RBRVS. ",,,,,,,,Fee schedule,"90 Percent of Medicare RBRVS. ",,,,,,,,Case Rate,225 Percent of Medicaid APG. Covered services not payable under Medicaid Fee Schedules default to a payment of 87.5 percent of charges.,7.0021,1,,,,,0,percent of total billed charges,NA. Covered services not payable under Medicaid Fee Schedules default to a payment of 50 percent of charges.; No services were performed during the 15 month look back period.,,,,,,,,Other,"100 Percent of Medicaid APG. ",,,,,,,,Other,"100 Percent of Medicaid APG. ",,,,,,,,Other,"100 Percent of Medicaid APG. ",,,,,,,,Other,"100 Percent of Medicaid APG. ",,,,,,,,,,350.105,50,,,,,0,percent of total billed charges,50 percent of billed charges; No services were performed during the 15 month look back period.,,,,,,,,Other,"120 Percent of Medicaid APG. Not APG payable, or payable under another fee schedule like ASP/AWP pays at 30% of charges",,,,,,,,Other,"120 Percent of Medicaid APG. Not APG payable, or payable under another fee schedule like ASP/AWP pays at 30% of charges",,,,,,,,Other,"100 Percent of Medicaid APG. Not APG payable, or payable under another fee schedule like ASP/AWP pays at 30% of charges",,,,,,,,Other,"100 Percent of Medicaid APG. Not APG payable, or payable under another fee schedule like ASP/AWP pays at 30% of charges",455.1365,65,,,,,0,percent of total billed charges,65% of Billed Charges. Lesser of 100% of billed charges applies.; No services were performed during the 15 month look back period.,455.1365,65,,,,,0,percent of total billed charges,65% of Billed Charges. Lesser of 100% of billed charges applies.; No services were performed during the 15 month look back period.,,,,,,,,Other,"Not Payable. ",455.1365,65,,,,,0,percent of total billed charges,65% of Billed Charges. Lesser of 100% of billed charges applies.; No services were performed during the 15 month look back period.,455.1365,65,,,,,0,percent of total billed charges,65% of Billed Charges. Lesser of 100% of billed charges applies.; No services were performed during the 15 month look back period.,455.1365,65,,,,,0,percent of total billed charges,65% of Billed Charges. Lesser of 100% of billed charges applies.; No services were performed during the 15 month look back period.,455.1365,65,,,,,0,percent of total billed charges,65% of Billed Charges. Lesser of 100% of billed charges applies.; No services were performed during the 15 month look back period.,,,,,,,,Other,"Not Payable. ",455.1365,65,,,,,0,percent of total billed charges,65% of Billed Charges. Lesser of 100% of billed charges applies.; No services were performed during the 15 month look back period.,455.1365,65,,,,,0,percent of total billed charges,65% of Billed Charges. Lesser of 100% of billed charges applies.; No services were performed during the 15 month look back period.,420.126,60,,,,,0,percent of total billed charges,60 percent of billed charges; No services were performed during the 15 month look back period.,,,,,,,,Fee Schedule,"No payment on code. ",7.0021,1,,,,,0,percent of total billed charges,NA. Covered services not payable under Medicaid Fee Schedules default to a payment of 50 percent of charges.; No services were performed during the 15 month look back period.,,,,,,,,Fee Schedule,225% of NYS APG. Lesser of 100% of billed charges applies.,,,,,,,,Case Rate,225 Percent of Medicaid APG. Covered services not payable under Medicaid Fee Schedules default to a payment of 87.5 percent of charges.,7.0021,1,,,,,0,percent of total billed charges,NA. Covered services not payable under Medicaid Fee Schedules default to a payment of 50 percent of charges.; No services were performed during the 15 month look back period.,,,,,,,,Fee Schedule,225% of NYS APG. Lesser of 100% of billed charges applies.,,,,,,,,Fee Schedule,225% of NYS APG. Lesser of 100% of billed charges applies.,,,,,,,,Fee Schedule,225% of NYS APG. Lesser of 100% of billed charges applies.,,,,,,,,Fee Schedule,225% of NYS APG. Lesser of 100% of billed charges applies.,,,,,,,,Fee Schedule,225% of NYS APG. Lesser of 100% of billed charges applies.,,,,,,,,Fee Schedule,225% of NYS APG. Lesser of 100% of billed charges applies.,,,,,,,,,"NA. ",,,,,,,,,"NA. ",,,,,,,,,"NA. ",420.126,60,,,,,0,percent of total billed charges,60 percent of billed charges; No services were performed during the 15 month look back period.,,,,,,,,,"NA. ",,,,,,,,Other,"Not Payable. ",350.105,50,,,,,0,percent of total billed charges,50% of Billed Charges. Lesser of 100% of billed charges applies.; No services were performed during the 15 month look back period.,,,,,,,,Other,"Not Payable. ",,,,,,,,Other,"Not Payable. ",,,,,,,,Other,"120 Percent of Medicaid APG. Not APG payable, or payable under another fee schedule like ASP/AWP pays at 30% of charges",,,,,,,,Other,"120 Percent of Medicaid APG. Not APG payable, or payable under another fee schedule like ASP/AWP pays at 30% of charges",,,,,,,,Other,"100 Percent of Medicaid APG. Not APG payable, or payable under another fee schedule like ASP/AWP pays at 30% of charges",,,,,,,,Other,"100 Percent of Medicaid APG. Not APG payable, or payable under another fee schedule like ASP/AWP pays at 30% of charges",,,,,,,,Other,"100 Percent of Medicaid APG. ",511.1533,73,,,,,0,percent of total billed charges,73 percent of billed charges; No services were performed during the 15 month look back period.,420.126,60,,,,,0,percent of total billed charges,60 percent of billed charges; No services were performed during the 15 month look back period.,511.1533,73,,,,,0,percent of total billed charges,73 percent of billed charges; No services were performed during the 15 month look back period.,420.126,60,,,,,0,percent of total billed charges,60 percent of billed charges; No services were performed during the 15 month look back period.,,,,,,,,Other,"Not Payable. ",,,,,,,,Other,"Not Payable. ",,,,,,,,Other,"Not Payable. ",,,,,,,,Other,"Not Payable. ",,,,,,,,Other,"Not Payable. ",,,,,,,,Other,"Not Payable. ",,,,,,,,,"NA. ",,,,,,,,Fee Schedule,225% of NYS APG. Lesser of 100% of billed charges applies.,,,,,,,,Fee Schedule,"Not payable. ",455.1365,65,,,,,0,percent of total billed charges,65% of Billed Charges. Lesser of 100% of billed charges applies.; No services were performed during the 15 month look back period.,511.1533,73,,,,,0,percent of total billed charges,73 percent of billed charges; No services were performed during the 15 month look back period.,511.1533,73,,,,,0,percent of total billed charges,73 percent of billed charges; No services were performed during the 15 month look back period.,511.1533,73,,,,,0,percent of total billed charges,73 percent of billed charges; No services were performed during the 15 month look back period.,511.1533,73,,,,,0,percent of total billed charges,73 percent of billed charges; No services were performed during the 15 month look back period.,,,,,,,,Other,"Not Payable. ",,,,,,,,Other,"100 Percent of Medicaid APG. ",455.1365,65,,,,,0,percent of total billed charges,65% of Billed Charges. Lesser of 100% of billed charges applies.; No services were performed during the 15 month look back period.,,,,,,,,Other,"100 Percent of Medicaid APG. ",,,,,,,,Other,"Not Payable. ",,,,,,,,Other,"100 Percent of Medicaid APG. ",,,,,,,,Other,"Not Payable. ",,,,,,,,Other,"Not Payable. ",,,,,,,,Other,"100 Percent of Medicaid APG. ",,,,,,,,Other,"100 Percent of Medicaid APG. ",511.1533,73,,,,,0,percent of total billed charges,73 percent of billed charges; No services were performed during the 15 month look back period.,420.126,60,,,,,0,percent of total billed charges,60 percent of billed charges; No services were performed during the 15 month look back period.,546.1638,78,,,,,0,percent of total billed charges,78% of Billed Charges. Lesser of 100% of billed charges applies.; No services were performed during the 15 month look back period.,809.77,,,,,,,Fee Schedule,". ",809.77,,,,,,,Fee Schedule,". ",420.126,60,,,,,0,percent of total billed charges,60 percent of billed charges; No services were performed during the 15 month look back period.,,,,,,,,Other,"Not Payable. ",560.168,80,,,,,0,percent of total billed charges,80 percent of billed charges; No services were performed during the 15 month look back period.,560.168,80,,,,,0,percent of total billed charges,80 percent of billed charges; No services were performed during the 15 month look back period.,364.1092,52,,,,,0,percent of total billed charges,52% of Billed Charges. Lesser of 100% of billed charges applies.; No services were performed during the 15 month look back period.,364.1092,52,,,,,0,percent of total billed charges,52% of Billed Charges. Lesser of 100% of billed charges applies.; No services were performed during the 15 month look back period.,,,,,,,,Other,"Not Payable. ",,,,,,,,Other,"Not Payable. ",,,,,,,,Other,"Not Payable. ",,,,,,,,Other,"Not Payable. ",809.77,,,,,,,Fee Schedule,". ",455.1365,65,,,,,0,percent of total billed charges,65% of Billed Charges. Lesser of 100% of billed charges applies.; No services were performed during the 15 month look back period.,455.1365,65,,,,,0,percent of total billed charges,65% of Billed Charges. Lesser of 100% of billed charges applies.; No services were performed during the 15 month look back period.,,,,,,,,Other,"Not Payable. ",364.1092,52,,,,,0,percent of total billed charges,52% of Billed Charges. Lesser of 100% of billed charges applies.; No services were performed during the 15 month look back period.,511.1533,73,,,,,0,percent of total billed charges,73 percent of billed charges; No services were performed during the 15 month look back period.,,,,,,,,Fee Schedule,"120 Percent of Medicaid APG. ",,,,,,,,Other,"100 Percent of Medicaid APG. ",511.1533,73,,,,,0,percent of total billed charges,73 percent of billed charges; No services were performed during the 15 month look back period.,413.1239,59,,,,,0,percent of total billed charges,59% of Billed Charges. Lesser of 100% of billed charges applies.; No services were performed during the 15 month look back period.,413.1239,59,,,,,0,percent of total billed charges,59% of Billed Charges. Lesser of 100% of billed charges applies.; No services were performed during the 15 month look back period.,455.1365,65,,,,,0,percent of total billed charges,65% of Billed Charges. Lesser of 100% of billed charges applies.; No services were performed during the 15 month look back period.,350.105,50,,,,,0,percent of total billed charges,50 percent of billed charges; No services were performed during the 15 month look back period.,,,,,,,,Other,"Not Payable. ",,,,,,,,Fee Schedule,"Not payable. ",,,,,,,,Fee Schedule,"Not payable. ",,,,,,,,Fee Schedule,"Not payable. ",,,,,,,,Fee Schedule,"Not payable. ",809.77,,,,,,,Fee Schedule,". ",,,,,,,,Fee Schedule,"Not payable. ",,,,,,,,Fee Schedule,"Not payable. ",,,,,,,,Fee Schedule,"Not payable. ",,,,,,,,Fee Schedule,"Not payable. ",,,,,,,,Fee Schedule,"Not payable. ",,,,,,,,Fee Schedule,"Not payable. ",,,,,,,,Fee Schedule,"Not payable. ",,,,,,,,Other,"Not Payable. ",809.77,,,,,,,Fee Schedule,". ",,,,,,,,Other,"Not Payable. ",,,,,,,,Fee Schedule,"Not payable. ",455.1365,65,,,,,0,percent of total billed charges,65% of Billed Charges. Lesser of 100% of billed charges applies.; No services were performed during the 15 month look back period.,,,,,,,,Other,"Not Payable. ",455.1365,65,,,,,0,percent of total billed charges,65% of Billed Charges. Lesser of 100% of billed charges applies.; No services were performed during the 15 month look back period.,455.1365,65,,,,,0,percent of total billed charges,65% of Billed Charges. Lesser of 100% of billed charges applies.; No services were performed during the 15 month look back period.,455.1365,65,,,,,0,percent of total billed charges,65% of Billed Charges. Lesser of 100% of billed charges applies.; No services were performed during the 15 month look back period.,,,,,,,,Fee Schedule,"Not payable. ",,,,,,,,Other,"Not Payable. ",455.1365,65,,,,,0,percent of total billed charges,65% of Billed Charges. Lesser of 100% of billed charges applies.; No services were performed during the 15 month look back period.,,,,,,,,Fee Schedule,"Not payable. ",455.1365,65,,,,,0,percent of total billed charges,65% of Billed Charges. Lesser of 100% of billed charges applies.; No services were performed during the 15 month look back period.,,,,,,,,Other,"Not Payable. ",,,,,,,,Other,"Not Payable. ",511.1533,73,,,,,0,percent of total billed charges,73 percent of billed charges; No services were performed during the 15 month look back period.,511.1533,73,,,,,0,percent of total billed charges,73 percent of billed charges; No services were performed during the 15 month look back period.,511.1533,73,,,,,0,percent of total billed charges,73 percent of billed charges; No services were performed during the 15 month look back period.,511.1533,73,,,,,0,percent of total billed charges,73 percent of billed charges; No services were performed during the 15 month look back period.,511.1533,73,,,,,0,percent of total billed charges,73 percent of billed charges; No services were performed during the 15 month look back period.,511.1533,73,,,,,0,percent of total billed charges,73 percent of billed charges; No services were performed during the 15 month look back period.,511.1533,73,,,,,0,percent of total billed charges,73 percent of billed charges; No services were performed during the 15 month look back period.,511.1533,73,,,,,0,percent of total billed charges,73 percent of billed charges; No services were performed during the 15 month look back period.,511.1533,73,,,,,0,percent of total billed charges,73 percent of billed charges; No services were performed during the 15 month look back period.,511.1533,73,,,,,0,percent of total billed charges,73 percent of billed charges; No services were performed during the 15 month look back period.,511.1533,73,,,,,0,percent of total billed charges,73 percent of billed charges; No services were performed during the 15 month look back period.,511.1533,73,,,,,0,percent of total billed charges,73 percent of billed charges; No services were performed during the 15 month look back period.,,,,,,,,Other,"Not Payable. ",511.1533,73,,,,,0,percent of total billed charges,73 percent of billed charges; No services were performed during the 15 month look back period.,,,,,,,,Other,"Not Payable. ",,,,,,,,Other,"225 Percent of Medicaid APG. ",,,,,,,,Other,"100 Percent of Medicaid APG. If not priced under APG, then Metroplus FeeSched",809.77,,,,,,,Fee Schedule,". ",809.77,,,,,,,Fee Schedule,". ",,,,,,,,Other,"Not Payable. ",560.168,80,,,,,0,percent of total billed charges,80 percent of billed charges; No services were performed during the 15 month look back period.,,,,,,,,Other,"Not Payable. ",,,,,,,,Other,"Not Payable. ",420.126,60,,,,,0,percent of total billed charges,60 percent of billed charges; No services were performed during the 15 month look back period.,,,,,,,,Other,"Not Payable. ",420.126,60,,,,,0,percent of total billed charges,60 percent of billed charges; No services were performed during the 15 month look back period.,,,,,,,,Other,"Not Payable. ",420.126,60,,,,,0,percent of total billed charges,60 percent of billed charges; No services were performed during the 15 month look back period.,420.126,60,,,,,0,percent of total billed charges,60 percent of billed charges; No services were performed during the 15 month look back period.,420.126,60,,,,,0,percent of total billed charges,60 percent of billed charges; No services were performed during the 15 month look back period.,,,,,,,,Other,"Not Payable. ",,,,,,,,Other,"100 Percent of Medicaid APG. ",,,,,,,,Other,"Not Payable. ",420.126,60,,,,,0,percent of total billed charges,60 percent of billed charges; No services were performed during the 15 month look back period.,809.77,,,,,,,Fee Schedule,". ",,,,,,,,Other,"100 Percent of Medicaid APG. ",455.1365,65,,,,,0,percent of total billed charges,65% of Billed Charges. Lesser of 100% of billed charges applies.; No services were performed during the 15 month look back period.,,,,,,,,Fee Schedule,"120 Percent of Medicaid APG. ",,,,,,,,Fee Schedule,"120 Percent of Medicaid APG. ",455.1365,65,,,,,0,percent of total billed charges,65% of Billed Charges. Lesser of 100% of billed charges applies.; No services were performed during the 15 month look back period.,455.1365,65,,,,,0,percent of total billed charges,65% of Billed Charges. Lesser of 100% of billed charges applies.; No services were performed during the 15 month look back period.,455.1365,65,,,,,0,percent of total billed charges,65% of Billed Charges. Lesser of 100% of billed charges applies.; No services were performed during the 15 month look back period.,809.77,,,,,,,Fee Schedule,". ",455.1365,65,,,,,0,percent of total billed charges,65% of Billed Charges. Lesser of 100% of billed charges applies.; No services were performed during the 15 month look back period.,455.1365,65,,,,,0,percent of total billed charges,65% of Billed Charges. Lesser of 100% of billed charges applies.; No services were performed during the 15 month look back period.,455.1365,65,,,,,0,percent of total billed charges,65% of Billed Charges. Lesser of 100% of billed charges applies.; No services were performed during the 15 month look back period.,511.1533,73,,,,,0,percent of total billed charges,73 percent of billed charges; No services were performed during the 15 month look back period.,511.1533,73,,,,,0,percent of total billed charges,73 percent of billed charges; No services were performed during the 15 month look back period.,,,,,,,,Fee Schedule,"Not Payable. ",,,,,,,,Other,"100 Percent of Medicaid APG. ",809.77,,,,,,,Fee Schedule,". ",420.126,60,,,,,0,percent of total billed charges,60 percent of billed charges; No services were performed during the 15 month look back period.,420.126,60,,,,,0,percent of total billed charges,60 percent of billed charges; No services were performed during the 15 month look back period.,809.77,,,,,,,Fee Schedule,". ",420.126,60,,,,,0,percent of total billed charges,60 percent of billed charges; No services were performed during the 15 month look back period.,809.77,,,,,,,Fee Schedule,". ",455.1365,65,,,,,0,percent of total billed charges,65% of Billed Charges. Lesser of 100% of billed charges applies.; No services were performed during the 15 month look back period.,455.1365,65,,,,,0,percent of total billed charges,65% of Billed Charges. Lesser of 100% of billed charges applies.; No services were performed during the 15 month look back period.,455.1365,65,,,,,0,percent of total billed charges,65% of Billed Charges. Lesser of 100% of billed charges applies.; No services were performed during the 15 month look back period.,455.1365,65,,,,,0,percent of total billed charges,65% of Billed Charges. Lesser of 100% of billed charges applies.; No services were performed during the 15 month look back period.,,,,,,,,Other,"Not Payable. ",7.0021,827.05,
